01/01/2000,SAC,CA,AWP,WE,Federal Contract Tower,0,0,28,0,28,0,0,56,0,56,0,0,84,0,84,20,0,20,104
01/02/2000,SAC,CA,AWP,WE,Federal Contract Tower,0,7,44,0,51,0,3,94,0,97,0,10,138,0,148,80,0,80,228
01/03/2000,SAC,CA,AWP,WE,Federal Contract Tower,0,6,39,0,45,0,12,82,0,94,0,18,121,0,139,89,0,89,228
01/04/2000,SAC,CA,AWP,WE,Federal Contract Tower,0,11,62,0,73,0,7,85,0,92,0,18,147,0,165,124,0,124,289
01/05/2000,SAC,CA,AWP,WE,Federal Contract Tower,0,7,43,0,50,0,5,138,0,143,0,12,181,0,193,82,0,82,275
01/06/2000,SAC,CA,AWP,WE,Federal Contract Tower,0,5,34,0,39,0,10,135,0,145,0,15,169,0,184,150,0,150,334
01/07/2000,SAC,CA,AWP,WE,Federal Contract Tower,0,8,52,0,60,0,11,173,0,184,0,19,225,0,244,126,0,126,370
01/08/2000,SAC,CA,AWP,WE,Federal Contract Tower,0,7,91,1,99,0,0,0,0,0,0,7,91,1,99,81,0,81,180
01/09/2000,SAC,CA,AWP,WE,Federal Contract Tower,0,6,59,4,69,0,0,0,0,0,0,6,59,4,69,102,0,102,171
01/10/2000,SAC,CA,AWP,WE,Federal Contract Tower,0,17,101,0,118,0,1,0,0,1,0,18,101,0,119,142,0,142,261
01/11/2000,SAC,CA,AWP,WE,Federal Contract Tower,0,12,66,0,78,0,0,0,0,0,0,12,66,0,78,68,0,68,146
01/12/2000,SAC,CA,AWP,WE,Federal Contract Tower,0,13,67,0,80,0,9,111,0,120,0,22,178,0,200,190,0,190,390
01/13/2000,SAC,CA,AWP,WE,Federal Contract Tower,0,11,58,0,69,0,9,109,0,118,0,20,167,0,187,174,0,174,361
01/14/2000,SAC,CA,AWP,WE,Federal Contract Tower,0,8,43,0,51,0,7,95,0,102,0,15,138,0,153,106,0,106,259
01/15/2000,SAC,CA,AWP,WE,Federal Contract Tower,0,3,53,0,56,0,0,25,0,25,0,3,78,0,81,116,0,116,197
01/16/2000,SAC,CA,AWP,WE,Federal Contract Tower,0,5,41,0,46,0,0,82,0,82,0,5,123,0,128,124,0,124,252
01/17/2000,SAC,CA,AWP,WE,Federal Contract Tower,0,5,84,0,89,0,0,0,0,0,0,5,84,0,89,102,0,102,191
01/18/2000,SAC,CA,AWP,WE,Federal Contract Tower,0,9,100,0,109,0,0,0,0,0,0,9,100,0,109,74,0,74,183
01/19/2000,SAC,CA,AWP,WE,Federal Contract Tower,0,17,82,0,99,0,0,0,0,0,0,17,82,0,99,80,0,80,179
01/20/2000,SAC,CA,AWP,WE,Federal Contract Tower,0,13,71,0,84,0,10,69,0,79,0,23,140,0,163,76,0,76,239
01/21/2000,SAC,CA,AWP,WE,Federal Contract Tower,0,12,62,0,74,0,13,69,0,82,0,25,131,0,156,112,2,114,270
01/22/2000,SAC,CA,AWP,WE,Federal Contract Tower,0,3,64,1,68,0,0,0,0,0,0,3,64,1,68,48,0,48,116
01/23/2000,SAC,CA,AWP,WE,Federal Contract Tower,0,6,15,0,21,0,0,0,0,0,0,6,15,0,21,10,0,10,31
01/24/2000,SAC,CA,AWP,WE,Federal Contract Tower,0,20,43,0,63,0,0,0,0,0,0,20,43,0,63,39,0,39,102
01/25/2000,SAC,CA,AWP,WE,Federal Contract Tower,0,14,77,0,91,0,16,31,0,47,0,30,108,0,138,102,0,102,240
01/26/2000,SAC,CA,AWP,WE,Federal Contract Tower,0,16,88,1,105,0,2,89,0,91,0,18,177,1,196,148,0,148,344
01/27/2000,SAC,CA,AWP,WE,Federal Contract Tower,0,17,99,0,116,0,8,140,0,148,0,25,239,0,264,153,0,153,417
01/28/2000,SAC,CA,AWP,WE,Federal Contract Tower,0,12,62,0,74,0,3,123,0,126,0,15,185,0,200,144,0,144,344
01/29/2000,SAC,CA,AWP,WE,Federal Contract Tower,0,11,60,0,71,0,6,196,0,202,0,17,256,0,273,247,0,247,520
01/30/2000,SAC,CA,AWP,WE,Federal Contract Tower,0,4,20,0,24,0,2,2,0,4,0,6,22,0,28,10,0,10,38
01/31/2000,SAC,CA,AWP,WE,Federal Contract Tower,0,5,102,0,107,0,0,1,0,1,0,5,103,0,108,107,0,107,215
02/01/2000,SAC,CA,AWP,WE,Federal Contract Tower,0,10,63,0,73,0,0,112,0,112,0,10,175,0,185,165,2,167,352
02/02/2000,SAC,CA,AWP,WE,Federal Contract Tower,0,15,70,0,85,0,0,154,0,154,0,15,224,0,239,140,0,140,379
02/03/2000,SAC,CA,AWP,WE,Federal Contract Tower,0,21,99,4,124,0,0,19,0,19,0,21,118,4,143,0,2,2,145
02/04/2000,SAC,CA,AWP,WE,Federal Contract Tower,0,18,92,4,114,0,0,13,2,15,0,18,105,6,129,71,0,71,200
02/05/2000,SAC,CA,AWP,WE,Federal Contract Tower,0,9,51,2,62,0,0,70,0,70,0,9,121,2,132,106,0,106,238
02/06/2000,SAC,CA,AWP,WE,Federal Contract Tower,0,10,47,0,57,0,3,106,0,109,0,13,153,0,166,193,0,193,359
02/07/2000,SAC,CA,AWP,WE,Federal Contract Tower,0,10,45,0,55,0,8,116,0,124,0,18,161,0,179,60,0,60,239
02/08/2000,SAC,CA,AWP,WE,Federal Contract Tower,0,15,77,0,92,0,0,82,0,82,0,15,159,0,174,164,0,164,338
02/09/2000,SAC,CA,AWP,WE,Federal Contract Tower,0,21,93,0,114,0,2,10,0,12,0,23,103,0,126,118,0,118,244
02/10/2000,SAC,CA,AWP,WE,Federal Contract Tower,0,14,73,0,87,0,0,0,0,0,0,14,73,0,87,102,0,102,189
02/11/2000,SAC,CA,AWP,WE,Federal Contract Tower,0,15,66,0,81,0,5,4,0,9,0,20,70,0,90,51,2,53,143
02/12/2000,SAC,CA,AWP,WE,Federal Contract Tower,0,8,46,0,54,0,0,1,0,1,0,8,47,0,55,123,0,123,178
02/13/2000,SAC,CA,AWP,WE,Federal Contract Tower,0,5,22,0,27,0,0,0,0,0,0,5,22,0,27,16,0,16,43
02/14/2000,SAC,CA,AWP,WE,Federal Contract Tower,0,10,40,0,50,0,8,36,0,44,0,18,76,0,94,26,0,26,120
02/15/2000,SAC,CA,AWP,WE,Federal Contract Tower,0,13,65,0,78,0,0,159,0,159,0,13,224,0,237,112,0,112,349
02/16/2000,SAC,CA,AWP,WE,Federal Contract Tower,0,14,55,0,69,0,0,18,0,18,0,14,73,0,87,85,0,85,172
02/17/2000,SAC,CA,AWP,WE,Federal Contract Tower,0,18,118,0,136,0,0,61,0,61,0,18,179,0,197,133,0,133,330
02/18/2000,SAC,CA,AWP,WE,Federal Contract Tower,0,8,64,0,72,0,0,178,0,178,0,8,242,0,250,136,0,136,386
02/19/2000,SAC,CA,AWP,WE,Federal Contract Tower,0,6,49,0,55,0,0,143,0,143,0,6,192,0,198,217,2,219,417
02/20/2000,SAC,CA,AWP,WE,Federal Contract Tower,0,4,16,0,20,0,2,28,0,30,0,6,44,0,50,69,0,69,119
02/21/2000,SAC,CA,AWP,WE,Federal Contract Tower,0,0,0,0,0,0,6,182,0,188,0,6,182,0,188,142,0,142,330
02/22/2000,SAC,CA,AWP,WE,Federal Contract Tower,0,13,69,0,82,0,0,29,0,29,0,13,98,0,111,55,0,55,166
02/23/2000,SAC,CA,AWP,WE,Federal Contract Tower,0,10,65,0,75,0,0,77,0,77,0,10,142,0,152,153,0,153,305
02/24/2000,SAC,CA,AWP,WE,Federal Contract Tower,0,10,82,2,94,0,0,41,0,41,0,10,123,2,135,100,4,104,239
02/25/2000,SAC,CA,AWP,WE,Federal Contract Tower,0,14,55,0,69,0,4,147,0,151,0,18,202,0,220,158,0,158,378
02/26/2000,SAC,CA,AWP,WE,Federal Contract Tower,0,16,67,2,85,0,0,16,0,16,0,16,83,2,101,138,0,138,239
02/27/2000,SAC,CA,AWP,WE,Federal Contract Tower,0,5,31,0,36,0,0,37,0,37,0,5,68,0,73,82,0,82,155
02/28/2000,SAC,CA,AWP,WE,Federal Contract Tower,0,15,73,0,88,0,0,92,0,92,0,15,165,0,180,107,0,107,287
02/29/2000,SAC,CA,AWP,WE,Federal Contract Tower,0,13,52,0,65,0,10,51,0,61,0,23,103,0,126,105,0,105,231
03/01/2000,SAC,CA,AWP,WE,Federal Contract Tower,0,10,55,0,65,0,4,161,0,165,0,14,216,0,230,154,0,154,384
03/02/2000,SAC,CA,AWP,WE,Federal Contract Tower,0,12,91,0,103,0,0,38,0,38,0,12,129,0,141,187,2,189,330
03/03/2000,SAC,CA,AWP,WE,Federal Contract Tower,0,17,93,0,110,0,1,95,0,96,0,18,188,0,206,102,0,102,308
03/04/2000,SAC,CA,AWP,WE,Federal Contract Tower,0,8,55,0,63,0,0,128,0,128,0,8,183,0,191,204,2,206,397
03/05/2000,SAC,CA,AWP,WE,Federal Contract Tower,0,0,30,0,30,0,0,4,0,4,0,0,34,0,34,101,0,101,135
03/06/2000,SAC,CA,AWP,WE,Federal Contract Tower,0,15,89,0,104,0,0,49,0,49,0,15,138,0,153,124,0,124,277
03/07/2000,SAC,CA,AWP,WE,Federal Contract Tower,0,13,73,0,86,0,1,69,0,70,0,14,142,0,156,97,3,100,256
03/08/2000,SAC,CA,AWP,WE,Federal Contract Tower,0,15,80,0,95,0,0,8,0,8,0,15,88,0,103,102,0,102,205
03/09/2000,SAC,CA,AWP,WE,Federal Contract Tower,0,17,94,0,111,0,1,29,0,30,0,18,123,0,141,76,0,76,217
03/10/2000,SAC,CA,AWP,WE,Federal Contract Tower,0,16,88,1,105,0,2,153,0,155,0,18,241,1,260,138,0,138,398
03/11/2000,SAC,CA,AWP,WE,Federal Contract Tower,0,3,136,0,139,0,0,26,0,26,0,3,162,0,165,165,0,165,330
03/12/2000,SAC,CA,AWP,WE,Federal Contract Tower,0,9,71,0,80,0,0,103,0,103,0,9,174,0,183,206,0,206,389
03/13/2000,SAC,CA,AWP,WE,Federal Contract Tower,0,9,51,0,60,0,14,140,0,154,0,23,191,0,214,144,0,144,358
03/14/2000,SAC,CA,AWP,WE,Federal Contract Tower,0,14,89,0,103,0,0,94,0,94,0,14,183,0,197,138,0,138,335
03/15/2000,SAC,CA,AWP,WE,Federal Contract Tower,0,20,105,0,125,0,5,124,0,129,0,25,229,0,254,118,0,118,372
03/16/2000,SAC,CA,AWP,WE,Federal Contract Tower,0,20,104,0,124,0,5,98,0,103,0,25,202,0,227,124,0,124,351
03/17/2000,SAC,CA,AWP,WE,Federal Contract Tower,0,14,73,0,87,0,4,117,0,121,0,18,190,0,208,88,0,88,296
03/18/2000,SAC,CA,AWP,WE,Federal Contract Tower,0,10,62,0,72,0,0,103,0,103,0,10,165,0,175,122,4,126,301
03/19/2000,SAC,CA,AWP,WE,Federal Contract Tower,0,8,56,0,64,0,0,81,0,81,0,8,137,0,145,102,0,102,247
03/20/2000,SAC,CA,AWP,WE,Federal Contract Tower,0,9,42,0,51,0,5,30,0,35,0,14,72,0,86,37,0,37,123
03/21/2000,SAC,CA,AWP,WE,Federal Contract Tower,0,18,90,0,108,0,13,65,0,78,0,31,155,0,186,101,0,101,287
03/22/2000,SAC,CA,AWP,WE,Federal Contract Tower,0,15,76,0,91,0,1,163,0,164,0,16,239,0,255,111,0,111,366
03/23/2000,SAC,CA,AWP,WE,Federal Contract Tower,0,17,88,2,107,0,8,109,0,117,0,25,197,2,224,100,0,100,324
03/24/2000,SAC,CA,AWP,WE,Federal Contract Tower,0,12,87,0,99,0,0,123,0,123,0,12,210,0,222,99,0,99,321
03/25/2000,SAC,CA,AWP,WE,Federal Contract Tower,0,16,81,0,97,0,3,82,0,85,0,19,163,0,182,218,0,218,400
03/26/2000,SAC,CA,AWP,WE,Federal Contract Tower,0,9,85,0,94,0,0,116,0,116,0,9,201,0,210,139,0,139,349
03/27/2000,SAC,CA,AWP,WE,Federal Contract Tower,0,22,129,0,151,0,0,38,0,38,0,22,167,0,189,96,0,96,285
03/28/2000,SAC,CA,AWP,WE,Federal Contract Tower,0,18,99,0,117,0,4,109,0,113,0,22,208,0,230,93,0,93,323
03/29/2000,SAC,CA,AWP,WE,Federal Contract Tower,0,17,90,0,107,0,9,167,0,176,0,26,257,0,283,123,0,123,406
03/30/2000,SAC,CA,AWP,WE,Federal Contract Tower,0,17,85,0,102,0,6,161,0,167,0,23,246,0,269,118,0,118,387
03/31/2000,SAC,CA,AWP,WE,Federal Contract Tower,0,14,88,0,102,0,0,97,0,97,0,14,185,0,199,121,0,121,320
04/01/2000,SAC,CA,AWP,WE,Federal Contract Tower,0,3,62,0,65,0,0,133,0,133,0,3,195,0,198,79,0,79,277
04/02/2000,SAC,CA,AWP,WE,Federal Contract Tower,0,6,91,0,97,0,0,93,0,93,0,6,184,0,190,132,0,132,322
04/03/2000,SAC,CA,AWP,WE,Federal Contract Tower,0,10,92,0,102,0,26,113,0,139,0,36,205,0,241,92,2,94,335
04/04/2000,SAC,CA,AWP,WE,Federal Contract Tower,0,11,97,0,108,0,11,142,0,153,0,22,239,0,261,191,4,195,456
04/05/2000,SAC,CA,AWP,WE,Federal Contract Tower,0,17,159,0,176,0,0,40,0,40,0,17,199,0,216,119,0,119,335
04/06/2000,SAC,CA,AWP,WE,Federal Contract Tower,0,16,132,0,148,0,3,110,0,113,0,19,242,0,261,105,0,105,366
04/07/2000,SAC,CA,AWP,WE,Federal Contract Tower,0,14,133,2,149,0,0,138,0,138,0,14,271,2,287,94,0,94,381
04/08/2000,SAC,CA,AWP,WE,Federal Contract Tower,0,11,98,0,109,0,1,57,0,58,0,12,155,0,167,110,0,110,277
04/09/2000,SAC,CA,AWP,WE,Federal Contract Tower,0,8,66,1,75,0,3,144,0,147,0,11,210,1,222,131,0,131,353
04/10/2000,SAC,CA,AWP,WE,Federal Contract Tower,0,12,107,0,119,0,13,105,0,118,0,25,212,0,237,131,0,131,368
04/11/2000,SAC,CA,AWP,WE,Federal Contract Tower,0,13,112,1,126,0,7,83,0,90,0,20,195,1,216,134,0,134,350
04/12/2000,SAC,CA,AWP,WE,Federal Contract Tower,0,15,126,0,141,0,1,48,0,49,0,16,174,0,190,76,0,76,266
04/13/2000,SAC,CA,AWP,WE,Federal Contract Tower,0,13,181,0,194,0,0,28,0,28,0,13,209,0,222,101,2,103,325
04/14/2000,SAC,CA,AWP,WE,Federal Contract Tower,0,11,135,0,146,0,0,85,0,85,0,11,220,0,231,107,0,107,338
04/15/2000,SAC,CA,AWP,WE,Federal Contract Tower,0,10,129,0,139,0,0,18,0,18,0,10,147,0,157,138,0,138,295
04/16/2000,SAC,CA,AWP,WE,Federal Contract Tower,0,8,89,0,97,0,0,14,0,14,0,8,103,0,111,92,0,92,203
04/17/2000,SAC,CA,AWP,WE,Federal Contract Tower,0,24,84,0,108,0,0,0,0,0,0,24,84,0,108,99,0,99,207
04/18/2000,SAC,CA,AWP,WE,Federal Contract Tower,0,19,169,2,190,0,0,30,0,30,0,19,199,2,220,202,0,202,422
04/19/2000,SAC,CA,AWP,WE,Federal Contract Tower,0,16,148,0,164,0,0,60,0,60,0,16,208,0,224,166,0,166,390
04/20/2000,SAC,CA,AWP,WE,Federal Contract Tower,0,14,126,0,140,0,0,104,0,104,0,14,230,0,244,126,0,126,370
04/21/2000,SAC,CA,AWP,WE,Federal Contract Tower,0,19,150,0,169,0,2,109,0,111,0,21,259,0,280,139,0,139,419
04/22/2000,SAC,CA,AWP,WE,Federal Contract Tower,0,10,75,0,85,0,1,96,0,97,0,11,171,0,182,154,0,154,336
04/23/2000,SAC,CA,AWP,WE,Federal Contract Tower,0,5,44,0,49,0,3,93,0,96,0,8,137,0,145,36,0,36,181
04/24/2000,SAC,CA,AWP,WE,Federal Contract Tower,0,16,130,0,146,0,4,80,0,84,0,20,210,0,230,120,0,120,350
04/25/2000,SAC,CA,AWP,WE,Federal Contract Tower,0,17,136,0,153,0,3,120,0,123,0,20,256,0,276,142,0,142,418
04/26/2000,SAC,CA,AWP,WE,Federal Contract Tower,0,16,125,0,141,0,6,146,0,152,0,22,271,0,293,148,0,148,441
04/27/2000,SAC,CA,AWP,WE,Federal Contract Tower,0,11,98,0,109,0,0,97,0,97,0,11,195,0,206,97,2,99,305
04/28/2000,SAC,CA,AWP,WE,Federal Contract Tower,0,12,96,2,110,0,13,126,0,139,0,25,222,2,249,158,0,158,407
04/29/2000,SAC,CA,AWP,WE,Federal Contract Tower,0,8,64,0,72,0,8,146,0,154,0,16,210,0,226,124,0,124,350
04/30/2000,SAC,CA,AWP,WE,Federal Contract Tower,0,13,104,0,117,0,0,93,0,93,0,13,197,0,210,175,0,175,385
05/01/2000,SAC,CA,AWP,WE,Federal Contract Tower,0,14,98,0,112,0,3,109,0,112,0,17,207,0,224,86,0,86,310
05/02/2000,SAC,CA,AWP,WE,Federal Contract Tower,0,14,111,0,125,0,0,150,0,150,0,14,261,0,275,123,0,123,398
05/03/2000,SAC,CA,AWP,WE,Federal Contract Tower,0,16,117,0,133,0,12,129,0,141,0,28,246,0,274,170,0,170,444
05/04/2000,SAC,CA,AWP,WE,Federal Contract Tower,0,19,135,0,154,0,7,70,0,77,0,26,205,0,231,188,0,188,419
05/05/2000,SAC,CA,AWP,WE,Federal Contract Tower,0,12,85,0,97,0,7,164,0,171,0,19,249,0,268,163,0,163,431
05/06/2000,SAC,CA,AWP,WE,Federal Contract Tower,0,10,104,0,114,0,0,67,0,67,0,10,171,0,181,87,0,87,268
05/07/2000,SAC,CA,AWP,WE,Federal Contract Tower,0,10,92,0,102,0,0,0,0,0,0,10,92,0,102,102,0,102,204
05/08/2000,SAC,CA,AWP,WE,Federal Contract Tower,0,16,115,0,131,0,0,43,0,43,0,16,158,0,174,106,0,106,280
05/09/2000,SAC,CA,AWP,WE,Federal Contract Tower,0,18,149,0,167,0,0,20,0,20,0,18,169,0,187,160,0,160,347
05/10/2000,SAC,CA,AWP,WE,Federal Contract Tower,0,20,141,0,161,0,11,50,0,61,0,31,191,0,222,138,0,138,360
05/11/2000,SAC,CA,AWP,WE,Federal Contract Tower,0,14,101,0,115,0,11,113,0,124,0,25,214,0,239,181,0,181,420
05/12/2000,SAC,CA,AWP,WE,Federal Contract Tower,0,13,96,0,109,0,10,151,0,161,0,23,247,0,270,141,0,141,411
05/13/2000,SAC,CA,AWP,WE,Federal Contract Tower,0,6,62,1,69,0,0,133,1,134,0,6,195,2,203,124,0,124,327
05/14/2000,SAC,CA,AWP,WE,Federal Contract Tower,0,8,59,0,67,0,0,67,0,67,0,8,126,0,134,82,0,82,216
05/15/2000,SAC,CA,AWP,WE,Federal Contract Tower,0,7,119,0,126,0,0,0,0,0,0,7,119,0,126,99,0,99,225
05/16/2000,SAC,CA,AWP,WE,Federal Contract Tower,0,22,206,0,228,0,0,0,0,0,0,22,206,0,228,153,0,153,381
05/17/2000,SAC,CA,AWP,WE,Federal Contract Tower,0,19,133,0,152,0,6,86,0,92,0,25,219,0,244,122,0,122,366
05/18/2000,SAC,CA,AWP,WE,Federal Contract Tower,0,17,129,0,146,0,0,146,0,146,0,17,275,0,292,161,0,161,453
05/19/2000,SAC,CA,AWP,WE,Federal Contract Tower,0,11,77,2,90,0,14,194,0,208,0,25,271,2,298,161,0,161,459
05/20/2000,SAC,CA,AWP,WE,Federal Contract Tower,0,9,61,0,70,0,3,152,0,155,0,12,213,0,225,182,0,182,407
05/21/2000,SAC,CA,AWP,WE,Federal Contract Tower,0,9,59,0,68,0,1,149,0,150,0,10,208,0,218,120,0,120,338
05/22/2000,SAC,CA,AWP,WE,Federal Contract Tower,0,13,85,0,98,0,18,154,0,172,0,31,239,0,270,125,0,125,395
05/23/2000,SAC,CA,AWP,WE,Federal Contract Tower,0,20,135,0,155,0,8,96,0,104,0,28,231,0,259,142,0,142,401
05/24/2000,SAC,CA,AWP,WE,Federal Contract Tower,0,21,143,4,168,0,0,98,4,102,0,21,241,8,270,108,0,108,378
05/25/2000,SAC,CA,AWP,WE,Federal Contract Tower,0,19,129,4,152,0,5,111,0,116,0,24,240,4,268,135,4,139,407
05/26/2000,SAC,CA,AWP,WE,Federal Contract Tower,0,13,95,3,111,0,0,155,1,156,0,13,250,4,267,152,0,152,419
05/27/2000,SAC,CA,AWP,WE,Federal Contract Tower,0,7,49,0,56,0,0,154,0,154,0,7,203,0,210,80,0,80,290
05/28/2000,SAC,CA,AWP,WE,Federal Contract Tower,0,4,28,0,32,0,8,115,0,123,0,12,143,0,155,68,0,68,223
05/29/2000,SAC,CA,AWP,WE,Federal Contract Tower,0,5,32,0,37,0,5,153,4,162,0,10,185,4,199,88,0,88,287
05/30/2000,SAC,CA,AWP,WE,Federal Contract Tower,0,11,70,0,81,0,7,125,0,132,0,18,195,0,213,140,0,140,353
05/31/2000,SAC,CA,AWP,WE,Federal Contract Tower,0,9,58,0,67,0,7,133,0,140,0,16,191,0,207,78,0,78,285
06/01/2000,SAC,CA,AWP,WE,Federal Contract Tower,0,8,50,0,58,0,13,223,0,236,0,21,273,0,294,174,0,174,468
06/02/2000,SAC,CA,AWP,WE,Federal Contract Tower,0,9,62,0,71,0,15,163,0,178,0,24,225,0,249,110,0,110,359
06/03/2000,SAC,CA,AWP,WE,Federal Contract Tower,0,3,18,0,21,0,8,170,0,178,0,11,188,0,199,122,2,124,323
06/04/2000,SAC,CA,AWP,WE,Federal Contract Tower,0,3,20,0,23,0,4,148,0,152,0,7,168,0,175,129,0,129,304
06/05/2000,SAC,CA,AWP,WE,Federal Contract Tower,0,5,30,0,35,0,19,171,0,190,0,24,201,0,225,106,0,106,331
06/06/2000,SAC,CA,AWP,WE,Federal Contract Tower,0,7,46,0,53,0,23,146,0,169,0,30,192,0,222,138,4,142,364
06/07/2000,SAC,CA,AWP,WE,Federal Contract Tower,0,5,32,0,37,0,14,150,0,164,0,19,182,0,201,72,0,72,273
06/08/2000,SAC,CA,AWP,WE,Federal Contract Tower,0,13,88,0,101,0,6,88,3,97,0,19,176,3,198,135,3,138,336
06/09/2000,SAC,CA,AWP,WE,Federal Contract Tower,0,6,41,0,47,0,8,220,0,228,0,14,261,0,275,122,0,122,397
06/10/2000,SAC,CA,AWP,WE,Federal Contract Tower,0,3,18,0,21,0,3,249,0,252,0,6,267,0,273,80,0,80,353
06/11/2000,SAC,CA,AWP,WE,Federal Contract Tower,0,3,20,0,23,0,14,196,0,210,0,17,216,0,233,68,0,68,301
06/12/2000,SAC,CA,AWP,WE,Federal Contract Tower,0,6,40,0,46,0,12,155,0,167,0,18,195,0,213,125,0,125,338
06/13/2000,SAC,CA,AWP,WE,Federal Contract Tower,0,5,33,0,38,0,10,137,0,147,0,15,170,0,185,82,0,82,267
06/14/2000,SAC,CA,AWP,WE,Federal Contract Tower,0,2,20,0,22,0,16,173,0,189,0,18,193,0,211,70,0,70,281
06/15/2000,SAC,CA,AWP,WE,Federal Contract Tower,0,5,38,0,43,0,17,156,0,173,0,22,194,0,216,108,0,108,324
06/16/2000,SAC,CA,AWP,WE,Federal Contract Tower,0,3,29,0,32,0,28,209,0,237,0,31,238,0,269,121,0,121,390
06/17/2000,SAC,CA,AWP,WE,Federal Contract Tower,0,2,16,0,18,0,17,175,2,194,0,19,191,2,212,72,2,74,286
06/18/2000,SAC,CA,AWP,WE,Federal Contract Tower,0,2,20,0,22,0,8,124,0,132,0,10,144,0,154,55,0,55,209
06/19/2000,SAC,CA,AWP,WE,Federal Contract Tower,0,2,19,0,21,0,22,179,0,201,0,24,198,0,222,129,0,129,351
06/20/2000,SAC,CA,AWP,WE,Federal Contract Tower,0,5,37,0,42,0,18,160,0,178,0,23,197,0,220,87,0,87,307
06/21/2000,SAC,CA,AWP,WE,Federal Contract Tower,0,6,45,0,51,0,25,194,1,220,0,31,239,1,271,116,0,116,387
06/22/2000,SAC,CA,AWP,WE,Federal Contract Tower,0,3,27,0,30,0,19,196,1,216,0,22,223,1,246,118,0,118,364
06/23/2000,SAC,CA,AWP,WE,Federal Contract Tower,0,6,44,0,50,0,13,223,0,236,0,19,267,0,286,146,0,146,432
06/24/2000,SAC,CA,AWP,WE,Federal Contract Tower,0,2,18,0,20,0,13,195,0,208,0,15,213,0,228,142,0,142,370
06/25/2000,SAC,CA,AWP,WE,Federal Contract Tower,0,4,35,0,39,0,5,206,0,211,0,9,241,0,250,81,0,81,331
06/26/2000,SAC,CA,AWP,WE,Federal Contract Tower,0,2,20,0,22,0,16,176,0,192,0,18,196,0,214,60,0,60,274
06/27/2000,SAC,CA,AWP,WE,Federal Contract Tower,0,4,33,0,37,0,15,184,0,199,0,19,217,0,236,62,1,63,299
06/28/2000,SAC,CA,AWP,WE,Federal Contract Tower,0,5,40,0,45,0,8,190,0,198,0,13,230,0,243,82,0,82,325
06/29/2000,SAC,CA,AWP,WE,Federal Contract Tower,0,5,37,0,42,0,22,206,0,228,0,27,243,0,270,166,0,166,436
06/30/2000,SAC,CA,AWP,WE,Federal Contract Tower,0,2,19,0,21,0,26,214,0,240,0,28,233,0,261,126,0,126,387
07/01/2000,SAC,CA,AWP,WE,Federal Contract Tower,0,7,32,0,39,0,12,126,0,138,0,19,158,0,177,145,2,147,324
07/02/2000,SAC,CA,AWP,WE,Federal Contract Tower,0,8,32,0,40,0,3,128,0,131,0,11,160,0,171,127,0,127,298
07/03/2000,SAC,CA,AWP,WE,Federal Contract Tower,0,8,34,0,42,0,9,151,0,160,0,17,185,0,202,82,0,82,284
07/04/2000,SAC,CA,AWP,WE,Federal Contract Tower,0,4,17,0,21,0,2,116,2,120,0,6,133,2,141,179,0,179,320
07/05/2000,SAC,CA,AWP,WE,Federal Contract Tower,0,12,50,0,62,0,1,115,0,116,0,13,165,0,178,123,0,123,301
07/06/2000,SAC,CA,AWP,WE,Federal Contract Tower,0,11,48,0,59,0,18,165,0,183,0,29,213,0,242,160,0,160,402
07/07/2000,SAC,CA,AWP,WE,Federal Contract Tower,0,14,63,2,79,0,8,164,0,172,0,22,227,2,251,150,0,150,401
07/08/2000,SAC,CA,AWP,WE,Federal Contract Tower,0,5,25,0,30,0,4,157,0,161,0,9,182,0,191,125,0,125,316
07/09/2000,SAC,CA,AWP,WE,Federal Contract Tower,0,3,15,0,18,0,0,151,0,151,0,3,166,0,169,52,0,52,221
07/10/2000,SAC,CA,AWP,WE,Federal Contract Tower,0,7,29,0,36,0,16,179,0,195,0,23,208,0,231,126,0,126,357
07/11/2000,SAC,CA,AWP,WE,Federal Contract Tower,0,7,31,0,38,0,7,157,0,164,0,14,188,0,202,100,0,100,302
07/12/2000,SAC,CA,AWP,WE,Federal Contract Tower,0,19,76,0,95,0,1,122,0,123,0,20,198,0,218,174,0,174,392
07/13/2000,SAC,CA,AWP,WE,Federal Contract Tower,0,14,63,0,77,0,6,146,0,152,0,20,209,0,229,130,0,130,359
07/14/2000,SAC,CA,AWP,WE,Federal Contract Tower,0,14,52,2,68,0,12,150,0,162,0,26,202,2,230,85,0,85,315
07/15/2000,SAC,CA,AWP,WE,Federal Contract Tower,0,14,63,0,77,0,0,172,0,172,0,14,235,0,249,177,0,177,426
07/16/2000,SAC,CA,AWP,WE,Federal Contract Tower,0,11,40,0,51,0,1,122,0,123,0,12,162,0,174,72,0,72,246
07/17/2000,SAC,CA,AWP,WE,Federal Contract Tower,0,13,49,2,64,0,9,86,0,95,0,22,135,2,159,73,4,77,236
07/18/2000,SAC,CA,AWP,WE,Federal Contract Tower,0,10,37,0,47,0,9,191,0,200,0,19,228,0,247,128,0,128,375
07/19/2000,SAC,CA,AWP,WE,Federal Contract Tower,0,15,55,0,70,0,6,174,0,180,0,21,229,0,250,115,0,115,365
07/20/2000,SAC,CA,AWP,WE,Federal Contract Tower,0,16,60,0,76,0,8,175,0,183,0,24,235,0,259,213,0,213,472
07/21/2000,SAC,CA,AWP,WE,Federal Contract Tower,0,13,50,0,63,0,3,189,0,192,0,16,239,0,255,105,0,105,360
07/22/2000,SAC,CA,AWP,WE,Federal Contract Tower,0,10,41,0,51,0,0,197,0,197,0,10,238,0,248,155,0,155,403
07/23/2000,SAC,CA,AWP,WE,Federal Contract Tower,0,8,30,0,38,0,9,129,0,138,0,17,159,0,176,126,0,126,302
07/24/2000,SAC,CA,AWP,WE,Federal Contract Tower,0,10,37,0,47,0,16,120,0,136,0,26,157,0,183,117,0,117,300
07/25/2000,SAC,CA,AWP,WE,Federal Contract Tower,0,16,61,0,77,0,8,165,0,173,0,24,226,0,250,104,0,104,354
07/26/2000,SAC,CA,AWP,WE,Federal Contract Tower,0,12,55,0,67,0,0,145,0,145,0,12,200,0,212,129,0,129,341
07/27/2000,SAC,CA,AWP,WE,Federal Contract Tower,0,16,64,0,80,0,9,204,0,213,0,25,268,0,293,156,0,156,449
07/28/2000,SAC,CA,AWP,WE,Federal Contract Tower,0,16,60,0,76,0,4,125,0,129,0,20,185,0,205,172,0,172,377
07/29/2000,SAC,CA,AWP,WE,Federal Contract Tower,0,11,42,0,53,0,0,133,0,133,0,11,175,0,186,101,0,101,287
07/30/2000,SAC,CA,AWP,WE,Federal Contract Tower,0,7,29,0,36,0,0,127,0,127,0,7,156,0,163,118,0,118,281
07/31/2000,SAC,CA,AWP,WE,Federal Contract Tower,0,10,36,0,46,0,14,122,0,136,0,24,158,0,182,161,0,161,343
08/01/2000,SAC,CA,AWP,WE,Federal Contract Tower,0,6,27,0,33,0,6,169,0,175,0,12,196,0,208,122,0,122,330
08/02/2000,SAC,CA,AWP,WE,Federal Contract Tower,0,8,33,0,41,0,9,150,0,159,0,17,183,0,200,100,0,100,300
08/03/2000,SAC,CA,AWP,WE,Federal Contract Tower,0,11,49,0,60,0,11,152,0,163,0,22,201,0,223,92,0,92,315
08/04/2000,SAC,CA,AWP,WE,Federal Contract Tower,0,13,55,0,68,0,3,188,0,191,0,16,243,0,259,102,0,102,361
08/05/2000,SAC,CA,AWP,WE,Federal Contract Tower,0,9,50,0,59,0,0,184,0,184,0,9,234,0,243,94,0,94,337
08/06/2000,SAC,CA,AWP,WE,Federal Contract Tower,0,7,32,0,39,0,3,189,0,192,0,10,221,0,231,109,0,109,340
08/07/2000,SAC,CA,AWP,WE,Federal Contract Tower,0,11,46,0,57,0,7,132,0,139,0,18,178,0,196,109,0,109,305
08/08/2000,SAC,CA,AWP,WE,Federal Contract Tower,0,13,53,0,66,0,8,157,0,165,0,21,210,0,231,128,0,128,359
08/09/2000,SAC,CA,AWP,WE,Federal Contract Tower,0,17,71,0,88,0,7,167,0,174,0,24,238,0,262,188,0,188,450
08/10/2000,SAC,CA,AWP,WE,Federal Contract Tower,0,19,80,0,99,0,2,157,0,159,0,21,237,0,258,206,0,206,464
08/11/2000,SAC,CA,AWP,WE,Federal Contract Tower,0,12,50,0,62,0,14,208,0,222,0,26,258,0,284,142,0,142,426
08/12/2000,SAC,CA,AWP,WE,Federal Contract Tower,0,6,28,1,35,0,0,135,1,136,0,6,163,2,171,140,0,140,311
08/13/2000,SAC,CA,AWP,WE,Federal Contract Tower,0,5,22,1,28,0,7,155,0,162,0,12,177,1,190,117,0,117,307
08/14/2000,SAC,CA,AWP,WE,Federal Contract Tower,0,11,42,2,55,0,9,120,1,130,0,20,162,3,185,108,0,108,293
08/15/2000,SAC,CA,AWP,WE,Federal Contract Tower,0,14,54,0,68,0,8,137,0,145,0,22,191,0,213,159,0,159,372
08/16/2000,SAC,CA,AWP,WE,Federal Contract Tower,0,13,53,0,66,0,0,144,0,144,0,13,197,0,210,179,0,179,389
08/17/2000,SAC,CA,AWP,WE,Federal Contract Tower,0,13,49,0,62,0,12,217,0,229,0,25,266,0,291,139,0,139,430
08/18/2000,SAC,CA,AWP,WE,Federal Contract Tower,0,13,55,0,68,0,0,119,0,119,0,13,174,0,187,144,0,144,331
08/19/2000,SAC,CA,AWP,WE,Federal Contract Tower,0,12,56,0,68,0,0,147,0,147,0,12,203,0,215,132,0,132,347
08/20/2000,SAC,CA,AWP,WE,Federal Contract Tower,0,8,31,0,39,0,9,171,0,180,0,17,202,0,219,183,0,183,402
08/21/2000,SAC,CA,AWP,WE,Federal Contract Tower,0,6,23,2,31,0,14,154,0,168,0,20,177,2,199,143,0,143,342
08/22/2000,SAC,CA,AWP,WE,Federal Contract Tower,0,1,4,0,5,0,30,217,0,247,0,31,221,0,252,177,0,177,429
08/23/2000,SAC,CA,AWP,WE,Federal Contract Tower,0,15,59,0,74,0,15,163,0,178,0,30,222,0,252,160,0,160,412
08/24/2000,SAC,CA,AWP,WE,Federal Contract Tower,0,14,54,0,68,0,11,240,0,251,0,25,294,0,319,192,0,192,511
08/25/2000,SAC,CA,AWP,WE,Federal Contract Tower,0,15,61,0,76,0,2,114,0,116,0,17,175,0,192,155,2,157,349
08/26/2000,SAC,CA,AWP,WE,Federal Contract Tower,0,11,43,0,54,0,4,168,0,172,0,15,211,0,226,151,0,151,377
08/27/2000,SAC,CA,AWP,WE,Federal Contract Tower,0,8,30,1,39,0,7,151,1,159,0,15,181,2,198,96,0,96,294
08/28/2000,SAC,CA,AWP,WE,Federal Contract Tower,0,13,49,0,62,0,5,126,0,131,0,18,175,0,193,144,0,144,337
08/29/2000,SAC,CA,AWP,WE,Federal Contract Tower,0,15,58,0,73,0,4,63,0,67,0,19,121,0,140,123,0,123,263
08/30/2000,SAC,CA,AWP,WE,Federal Contract Tower,0,20,88,4,112,0,0,92,4,96,0,20,180,8,208,122,0,122,330
08/31/2000,SAC,CA,AWP,WE,Federal Contract Tower,0,16,67,0,83,0,11,138,0,149,0,27,205,0,232,165,0,165,397
09/01/2000,SAC,CA,AWP,WE,Federal Contract Tower,0,17,108,0,125,0,0,0,0,0,0,17,108,0,125,101,0,101,226
09/02/2000,SAC,CA,AWP,WE,Federal Contract Tower,0,6,100,0,106,0,0,72,0,72,0,6,172,0,178,145,0,145,323
09/03/2000,SAC,CA,AWP,WE,Federal Contract Tower,0,5,28,0,33,0,6,137,0,143,0,11,165,0,176,117,0,117,293
09/04/2000,SAC,CA,AWP,WE,Federal Contract Tower,0,5,28,0,33,0,2,137,0,139,0,7,165,0,172,80,0,80,252
09/05/2000,SAC,CA,AWP,WE,Federal Contract Tower,0,8,39,1,48,0,12,157,1,170,0,20,196,2,218,104,4,108,326
09/06/2000,SAC,CA,AWP,WE,Federal Contract Tower,0,13,60,0,73,0,17,226,0,243,0,30,286,0,316,136,0,136,452
09/07/2000,SAC,CA,AWP,WE,Federal Contract Tower,0,13,62,0,75,0,18,220,0,238,0,31,282,0,313,161,0,161,474
09/08/2000,SAC,CA,AWP,WE,Federal Contract Tower,0,8,37,1,46,0,4,461,9,474,0,12,498,10,520,42,0,42,562
09/09/2000,SAC,CA,AWP,WE,Federal Contract Tower,0,8,36,1,45,0,4,806,2,812,0,12,842,3,857,149,0,149,1006
09/10/2000,SAC,CA,AWP,WE,Federal Contract Tower,0,5,49,1,55,0,0,486,0,486,0,5,535,1,541,127,0,127,668
09/11/2000,SAC,CA,AWP,WE,Federal Contract Tower,0,11,51,0,62,0,9,160,0,169,0,20,211,0,231,107,0,107,338
09/12/2000,SAC,CA,AWP,WE,Federal Contract Tower,0,12,51,0,63,0,11,157,0,168,0,23,208,0,231,186,0,186,417
09/13/2000,SAC,CA,AWP,WE,Federal Contract Tower,0,10,40,0,50,0,15,178,0,193,0,25,218,0,243,178,2,180,423
09/14/2000,SAC,CA,AWP,WE,Federal Contract Tower,0,21,91,2,114,0,2,179,0,181,0,23,270,2,295,155,0,155,450
09/15/2000,SAC,CA,AWP,WE,Federal Contract Tower,0,10,41,0,51,0,12,187,0,199,0,22,228,0,250,120,0,120,370
09/16/2000,SAC,CA,AWP,WE,Federal Contract Tower,0,9,35,0,44,0,10,180,0,190,0,19,215,0,234,157,0,157,391
09/17/2000,SAC,CA,AWP,WE,Federal Contract Tower,0,6,24,0,30,0,5,140,0,145,0,11,164,0,175,122,0,122,297
09/18/2000,SAC,CA,AWP,WE,Federal Contract Tower,0,10,44,0,54,0,5,103,0,108,0,15,147,0,162,113,0,113,275
09/19/2000,SAC,CA,AWP,WE,Federal Contract Tower,0,10,39,0,49,0,5,94,0,99,0,15,133,0,148,120,0,120,268
09/20/2000,SAC,CA,AWP,WE,Federal Contract Tower,0,15,63,0,78,0,6,137,0,143,0,21,200,0,221,168,0,168,389
09/21/2000,SAC,CA,AWP,WE,Federal Contract Tower,0,15,64,0,79,0,8,108,0,116,0,23,172,0,195,151,0,151,346
09/22/2000,SAC,CA,AWP,WE,Federal Contract Tower,0,27,117,0,144,0,0,90,0,90,0,27,207,0,234,108,0,108,342
09/23/2000,SAC,CA,AWP,WE,Federal Contract Tower,0,7,28,0,35,0,4,194,0,198,0,11,222,0,233,122,0,122,355
09/24/2000,SAC,CA,AWP,WE,Federal Contract Tower,0,10,39,0,49,0,0,143,0,143,0,10,182,0,192,101,0,101,293
09/25/2000,SAC,CA,AWP,WE,Federal Contract Tower,0,12,50,0,62,0,5,151,0,156,0,17,201,0,218,162,0,162,380
09/26/2000,SAC,CA,AWP,WE,Federal Contract Tower,0,17,72,0,89,0,2,179,0,181,0,19,251,0,270,252,0,252,522
09/27/2000,SAC,CA,AWP,WE,Federal Contract Tower,0,13,55,0,68,0,2,197,0,199,0,15,252,0,267,191,0,191,458
09/28/2000,SAC,CA,AWP,WE,Federal Contract Tower,0,14,62,2,78,0,13,171,0,184,0,27,233,2,262,244,0,244,506
09/29/2000,SAC,CA,AWP,WE,Federal Contract Tower,0,12,61,0,73,0,0,149,0,149,0,12,210,0,222,150,0,150,372
09/30/2000,SAC,CA,AWP,WE,Federal Contract Tower,0,5,24,0,29,0,10,194,0,204,0,15,218,0,233,188,0,188,421
10/01/2000,SAC,CA,AWP,WE,Federal Contract Tower,0,3,15,0,18,0,7,143,0,150,0,10,158,0,168,150,0,150,318
10/02/2000,SAC,CA,AWP,WE,Federal Contract Tower,0,11,54,0,65,0,7,111,0,118,0,18,165,0,183,116,0,116,299
10/03/2000,SAC,CA,AWP,WE,Federal Contract Tower,0,15,70,0,85,0,14,177,0,191,0,29,247,0,276,194,0,194,470
10/04/2000,SAC,CA,AWP,WE,Federal Contract Tower,0,19,87,0,106,0,0,95,0,95,0,19,182,0,201,157,0,157,358
10/05/2000,SAC,CA,AWP,WE,Federal Contract Tower,0,13,60,0,73,0,5,166,0,171,0,18,226,0,244,175,0,175,419
10/06/2000,SAC,CA,AWP,WE,Federal Contract Tower,0,12,56,1,69,0,16,133,0,149,0,28,189,1,218,110,0,110,328
10/07/2000,SAC,CA,AWP,WE,Federal Contract Tower,0,10,50,0,60,0,2,122,0,124,0,12,172,0,184,152,0,152,336
10/08/2000,SAC,CA,AWP,WE,Federal Contract Tower,0,3,28,0,31,0,0,146,0,146,0,3,174,0,177,70,0,70,247
10/09/2000,SAC,CA,AWP,WE,Federal Contract Tower,0,12,69,0,81,0,0,49,0,49,0,12,118,0,130,193,0,193,323
10/10/2000,SAC,CA,AWP,WE,Federal Contract Tower,0,22,72,2,96,0,0,0,0,0,0,22,72,2,96,129,0,129,225
10/11/2000,SAC,CA,AWP,WE,Federal Contract Tower,0,14,91,2,107,0,0,0,0,0,0,14,91,2,107,84,0,84,191
10/12/2000,SAC,CA,AWP,WE,Federal Contract Tower,0,19,114,0,133,0,0,53,0,53,0,19,167,0,186,164,0,164,350
10/13/2000,SAC,CA,AWP,WE,Federal Contract Tower,0,11,50,0,61,0,9,160,0,169,0,20,210,0,230,131,0,131,361
10/14/2000,SAC,CA,AWP,WE,Federal Contract Tower,0,8,33,0,41,0,3,145,0,148,0,11,178,0,189,121,0,121,310
10/15/2000,SAC,CA,AWP,WE,Federal Contract Tower,0,7,38,0,45,0,0,127,0,127,0,7,165,0,172,101,0,101,273
10/16/2000,SAC,CA,AWP,WE,Federal Contract Tower,0,12,49,0,61,0,15,94,0,109,0,27,143,0,170,103,0,103,273
10/17/2000,SAC,CA,AWP,WE,Federal Contract Tower,0,12,51,0,63,0,9,138,0,147,0,21,189,0,210,124,0,124,334
10/18/2000,SAC,CA,AWP,WE,Federal Contract Tower,0,17,75,0,92,0,10,102,0,112,0,27,177,0,204,173,0,173,377
10/19/2000,SAC,CA,AWP,WE,Federal Contract Tower,0,20,107,0,127,0,0,90,0,90,0,20,197,0,217,125,0,125,342
10/20/2000,SAC,CA,AWP,WE,Federal Contract Tower,0,14,62,0,76,0,8,80,0,88,0,22,142,0,164,122,0,122,286
10/21/2000,SAC,CA,AWP,WE,Federal Contract Tower,0,5,21,0,26,0,2,43,0,45,0,7,64,0,71,58,0,58,129
10/22/2000,SAC,CA,AWP,WE,Federal Contract Tower,0,4,18,0,22,0,0,28,0,28,0,4,46,0,50,12,0,12,62
10/23/2000,SAC,CA,AWP,WE,Federal Contract Tower,0,11,48,3,62,0,4,117,1,122,0,15,165,4,184,146,0,146,330
10/24/2000,SAC,CA,AWP,WE,Federal Contract Tower,0,15,79,0,94,0,0,165,0,165,0,15,244,0,259,129,0,129,388
10/25/2000,SAC,CA,AWP,WE,Federal Contract Tower,0,15,118,0,133,0,0,40,0,40,0,15,158,0,173,160,0,160,333
10/26/2000,SAC,CA,AWP,WE,Federal Contract Tower,0,17,92,0,109,0,0,0,0,0,0,17,92,0,109,148,0,148,257
10/27/2000,SAC,CA,AWP,WE,Federal Contract Tower,0,9,85,0,94,0,0,92,0,92,0,9,177,0,186,129,0,129,315
10/28/2000,SAC,CA,AWP,WE,Federal Contract Tower,0,9,68,0,77,0,0,0,0,0,0,9,68,0,77,72,0,72,149
10/29/2000,SAC,CA,AWP,WE,Federal Contract Tower,0,5,51,0,56,0,0,43,0,43,0,5,94,0,99,102,0,102,201
10/30/2000,SAC,CA,AWP,WE,Federal Contract Tower,0,17,79,0,96,0,0,0,0,0,0,17,79,0,96,89,0,89,185
10/31/2000,SAC,CA,AWP,WE,Federal Contract Tower,0,17,73,3,93,0,0,164,0,164,0,17,237,3,257,219,0,219,476
11/01/2000,SAC,CA,AWP,WE,Federal Contract Tower,0,23,74,0,97,0,0,110,0,110,0,23,184,0,207,121,0,121,328
11/02/2000,SAC,CA,AWP,WE,Federal Contract Tower,0,13,80,0,93,0,0,158,0,158,0,13,238,0,251,191,0,191,442
11/03/2000,SAC,CA,AWP,WE,Federal Contract Tower,0,9,70,0,79,0,0,127,0,127,0,9,197,0,206,209,0,209,415
11/04/2000,SAC,CA,AWP,WE,Federal Contract Tower,0,5,57,2,64,0,0,127,0,127,0,5,184,2,191,169,4,173,364
11/05/2000,SAC,CA,AWP,WE,Federal Contract Tower,0,5,57,0,62,0,0,62,0,62,0,5,119,0,124,152,0,152,276
11/06/2000,SAC,CA,AWP,WE,Federal Contract Tower,0,21,68,0,89,0,0,38,0,38,0,21,106,0,127,98,0,98,225
11/07/2000,SAC,CA,AWP,WE,Federal Contract Tower,0,30,78,0,108,0,0,123,0,123,0,30,201,0,231,253,0,253,484
11/08/2000,SAC,CA,AWP,WE,Federal Contract Tower,0,12,76,0,88,0,0,110,0,110,0,12,186,0,198,103,0,103,301
11/09/2000,SAC,CA,AWP,WE,Federal Contract Tower,0,7,70,0,77,0,0,118,0,118,0,7,188,0,195,198,0,198,393
11/10/2000,SAC,CA,AWP,WE,Federal Contract Tower,0,10,66,0,76,0,0,52,0,52,0,10,118,0,128,147,0,147,275
11/11/2000,SAC,CA,AWP,WE,Federal Contract Tower,0,11,59,0,70,0,0,52,0,52,0,11,111,0,122,128,0,128,250
11/12/2000,SAC,CA,AWP,WE,Federal Contract Tower,0,8,53,0,61,0,0,133,0,133,0,8,186,0,194,162,0,162,356
11/13/2000,SAC,CA,AWP,WE,Federal Contract Tower,0,18,72,0,90,0,0,58,0,58,0,18,130,0,148,119,0,119,267
11/14/2000,SAC,CA,AWP,WE,Federal Contract Tower,0,14,78,0,92,0,0,45,0,45,0,14,123,0,137,125,0,125,262
11/15/2000,SAC,CA,AWP,WE,Federal Contract Tower,0,17,90,2,109,0,0,55,0,55,0,17,145,2,164,147,2,149,313
11/16/2000,SAC,CA,AWP,WE,Federal Contract Tower,0,27,86,0,113,0,0,149,0,149,0,27,235,0,262,221,0,221,483
11/17/2000,SAC,CA,AWP,WE,Federal Contract Tower,0,20,81,0,101,0,0,123,0,123,0,20,204,0,224,208,0,208,432
11/18/2000,SAC,CA,AWP,WE,Federal Contract Tower,0,10,66,0,76,0,0,135,0,135,0,10,201,0,211,261,0,261,472
11/19/2000,SAC,CA,AWP,WE,Federal Contract Tower,0,8,55,0,63,0,0,125,0,125,0,8,180,0,188,156,0,156,344
11/20/2000,SAC,CA,AWP,WE,Federal Contract Tower,0,31,70,0,101,0,0,148,0,148,0,31,218,0,249,138,0,138,387
11/21/2000,SAC,CA,AWP,WE,Federal Contract Tower,0,20,95,0,115,0,0,20,0,20,0,20,115,0,135,102,0,102,237
11/22/2000,SAC,CA,AWP,WE,Federal Contract Tower,0,15,85,0,100,0,0,21,0,21,0,15,106,0,121,62,0,62,183
11/23/2000,SAC,CA,AWP,WE,Federal Contract Tower,0,3,41,0,44,0,0,0,0,0,0,3,41,0,44,48,0,48,92
11/24/2000,SAC,CA,AWP,WE,Federal Contract Tower,0,7,58,0,65,0,0,61,0,61,0,7,119,0,126,151,0,151,277
11/25/2000,SAC,CA,AWP,WE,Federal Contract Tower,0,4,66,0,70,0,0,3,0,3,0,4,69,0,73,20,0,20,93
11/26/2000,SAC,CA,AWP,WE,Federal Contract Tower,0,3,75,0,78,0,0,30,0,30,0,3,105,0,108,71,0,71,179
11/27/2000,SAC,CA,AWP,WE,Federal Contract Tower,0,21,74,0,95,0,0,0,0,0,0,21,74,0,95,8,0,8,103
11/28/2000,SAC,CA,AWP,WE,Federal Contract Tower,0,30,101,2,133,0,0,3,0,3,0,30,104,2,136,83,2,85,221
11/29/2000,SAC,CA,AWP,WE,Federal Contract Tower,0,20,80,0,100,0,0,47,0,47,0,20,127,0,147,121,1,122,269
11/30/2000,SAC,CA,AWP,WE,Federal Contract Tower,0,21,83,0,104,0,0,143,0,143,0,21,226,0,247,193,2,195,442
12/01/2000,SAC,CA,AWP,WE,Federal Contract Tower,0,11,60,0,71,0,1,127,0,128,0,12,187,0,199,170,0,170,369
12/02/2000,SAC,CA,AWP,WE,Federal Contract Tower,0,6,90,1,97,0,0,94,0,94,0,6,184,1,191,163,1,164,355
12/03/2000,SAC,CA,AWP,WE,Federal Contract Tower,0,7,88,4,99,0,0,0,0,0,0,7,88,4,99,62,0,62,161
12/04/2000,SAC,CA,AWP,WE,Federal Contract Tower,0,17,57,0,74,0,0,0,0,0,0,17,57,0,74,56,0,56,130
12/05/2000,SAC,CA,AWP,WE,Federal Contract Tower,0,15,84,0,99,0,0,0,0,0,0,15,84,0,99,51,0,51,150
12/06/2000,SAC,CA,AWP,WE,Federal Contract Tower,0,15,101,1,117,0,0,0,0,0,0,15,101,1,117,77,1,78,195
12/07/2000,SAC,CA,AWP,WE,Federal Contract Tower,0,23,124,0,147,0,1,69,0,70,0,24,193,0,217,131,0,131,348
12/08/2000,SAC,CA,AWP,WE,Federal Contract Tower,0,5,81,0,86,0,0,137,0,137,0,5,218,0,223,181,0,181,404
12/09/2000,SAC,CA,AWP,WE,Federal Contract Tower,0,6,95,0,101,0,0,0,0,0,0,6,95,0,101,118,0,118,219
12/10/2000,SAC,CA,AWP,WE,Federal Contract Tower,0,10,83,2,95,0,0,0,0,0,0,10,83,2,95,122,0,122,217
12/11/2000,SAC,CA,AWP,WE,Federal Contract Tower,0,18,110,2,130,0,0,0,0,0,0,18,110,2,130,133,0,133,263
12/12/2000,SAC,CA,AWP,WE,Federal Contract Tower,0,20,130,0,150,0,0,4,0,4,0,20,134,0,154,134,0,134,288
12/13/2000,SAC,CA,AWP,WE,Federal Contract Tower,0,17,86,0,103,0,4,23,0,27,0,21,109,0,130,100,0,100,230
12/14/2000,SAC,CA,AWP,WE,Federal Contract Tower,0,20,140,0,160,0,0,0,0,0,0,20,140,0,160,176,0,176,336
12/15/2000,SAC,CA,AWP,WE,Federal Contract Tower,0,20,166,0,186,0,0,0,0,0,0,20,166,0,186,212,0,212,398
12/16/2000,SAC,CA,AWP,WE,Federal Contract Tower,0,13,99,0,112,0,0,39,0,39,0,13,138,0,151,172,0,172,323
12/17/2000,SAC,CA,AWP,WE,Federal Contract Tower,0,9,45,0,54,0,1,47,0,48,0,10,92,0,102,112,0,112,214
12/18/2000,SAC,CA,AWP,WE,Federal Contract Tower,0,11,59,0,70,0,11,123,0,134,0,22,182,0,204,142,0,142,346
12/19/2000,SAC,CA,AWP,WE,Federal Contract Tower,0,13,68,3,84,0,5,169,3,177,0,18,237,6,261,141,10,151,412
12/20/2000,SAC,CA,AWP,WE,Federal Contract Tower,0,9,45,0,54,0,12,128,0,140,0,21,173,0,194,209,0,209,403
12/21/2000,SAC,CA,AWP,WE,Federal Contract Tower,0,16,84,0,100,0,6,24,0,30,0,22,108,0,130,159,0,159,289
12/22/2000,SAC,CA,AWP,WE,Federal Contract Tower,0,11,91,0,102,0,0,39,0,39,0,11,130,0,141,125,0,125,266
12/23/2000,SAC,CA,AWP,WE,Federal Contract Tower,0,10,71,0,81,0,0,44,0,44,0,10,115,0,125,138,0,138,263
12/24/2000,SAC,CA,AWP,WE,Federal Contract Tower,0,5,28,0,33,0,1,35,0,36,0,6,63,0,69,48,0,48,117
12/25/2000,SAC,CA,AWP,WE,Federal Contract Tower,0,2,12,0,14,0,0,14,0,14,0,2,26,0,28,28,0,28,56
12/26/2000,SAC,CA,AWP,WE,Federal Contract Tower,0,12,61,0,73,0,9,90,0,99,0,21,151,0,172,141,0,141,313
12/27/2000,SAC,CA,AWP,WE,Federal Contract Tower,0,13,65,0,78,0,7,103,0,110,0,20,168,0,188,157,2,159,347
12/28/2000,SAC,CA,AWP,WE,Federal Contract Tower,0,21,120,0,141,0,0,17,0,17,0,21,137,0,158,123,0,123,281
12/29/2000,SAC,CA,AWP,WE,Federal Contract Tower,0,19,98,0,117,0,5,61,0,66,0,24,159,0,183,165,0,165,348
12/30/2000,SAC,CA,AWP,WE,Federal Contract Tower,0,10,76,0,86,0,0,44,0,44,0,10,120,0,130,174,0,174,304
12/31/2000,SAC,CA,AWP,WE,Federal Contract Tower,0,5,32,0,37,0,0,19,0,19,0,5,51,0,56,108,0,108,164
01/01/2001,SAC,CA,AWP,WE,Federal Contract Tower,0,6,44,0,50,0,9,59,0,68,0,15,103,0,118,168,0,168,286
01/02/2001,SAC,CA,AWP,WE,Federal Contract Tower,0,15,83,0,98,0,0,0,0,0,0,15,83,0,98,79,0,79,177
01/03/2001,SAC,CA,AWP,WE,Federal Contract Tower,0,7,48,0,55,0,1,77,0,78,0,8,125,0,133,158,0,158,291
01/04/2001,SAC,CA,AWP,WE,Federal Contract Tower,0,9,64,0,73,0,9,110,0,119,0,18,174,0,192,152,4,156,348
01/05/2001,SAC,CA,AWP,WE,Federal Contract Tower,0,9,104,0,113,0,0,47,0,47,0,9,151,0,160,221,4,225,385
01/06/2001,SAC,CA,AWP,WE,Federal Contract Tower,0,12,89,0,101,0,0,80,0,80,0,12,169,0,181,218,4,222,403
01/07/2001,SAC,CA,AWP,WE,Federal Contract Tower,0,6,88,0,94,0,0,0,0,0,0,6,88,0,94,76,0,76,170
01/08/2001,SAC,CA,AWP,WE,Federal Contract Tower,0,18,84,0,102,0,0,0,0,0,0,18,84,0,102,52,0,52,154
01/09/2001,SAC,CA,AWP,WE,Federal Contract Tower,0,13,118,0,131,0,0,0,0,0,0,13,118,0,131,129,0,129,260
01/10/2001,SAC,CA,AWP,WE,Federal Contract Tower,0,11,62,0,73,0,2,0,0,2,0,13,62,0,75,29,0,29,104
01/11/2001,SAC,CA,AWP,WE,Federal Contract Tower,0,13,89,0,102,0,0,19,0,19,0,13,108,0,121,35,0,35,156
01/12/2001,SAC,CA,AWP,WE,Federal Contract Tower,0,10,82,0,92,0,0,94,0,94,0,10,176,0,186,214,0,214,400
01/13/2001,SAC,CA,AWP,WE,Federal Contract Tower,0,10,71,1,82,0,5,121,0,126,0,15,192,1,208,272,2,274,482
01/14/2001,SAC,CA,AWP,WE,Federal Contract Tower,0,10,65,0,75,0,0,60,0,60,0,10,125,0,135,128,0,128,263
01/15/2001,SAC,CA,AWP,WE,Federal Contract Tower,0,5,27,0,32,0,4,137,0,141,0,9,164,0,173,128,0,128,301
01/16/2001,SAC,CA,AWP,WE,Federal Contract Tower,0,11,66,0,77,0,12,157,0,169,0,23,223,0,246,171,0,171,417
01/17/2001,SAC,CA,AWP,WE,Federal Contract Tower,0,4,45,0,49,0,0,152,0,152,0,4,197,0,201,168,0,168,369
01/18/2001,SAC,CA,AWP,WE,Federal Contract Tower,0,4,62,4,70,0,0,112,0,112,0,4,174,4,182,133,2,135,317
01/19/2001,SAC,CA,AWP,WE,Federal Contract Tower,0,5,67,0,72,0,0,55,0,55,0,5,122,0,127,175,0,175,302
01/20/2001,SAC,CA,AWP,WE,Federal Contract Tower,0,7,55,0,62,0,0,46,0,46,0,7,101,0,108,222,0,222,330
01/21/2001,SAC,CA,AWP,WE,Federal Contract Tower,0,3,32,0,35,0,0,99,0,99,0,3,131,0,134,124,0,124,258
01/22/2001,SAC,CA,AWP,WE,Federal Contract Tower,0,7,44,0,51,0,8,104,0,112,0,15,148,0,163,121,0,121,284
01/23/2001,SAC,CA,AWP,WE,Federal Contract Tower,0,24,85,0,109,0,0,0,0,0,0,24,85,0,109,68,0,68,177
01/24/2001,SAC,CA,AWP,WE,Federal Contract Tower,0,16,127,0,143,0,0,54,0,54,0,16,181,0,197,189,0,189,386
01/25/2001,SAC,CA,AWP,WE,Federal Contract Tower,0,9,77,0,86,0,0,0,0,0,0,9,77,0,86,52,0,52,138
01/26/2001,SAC,CA,AWP,WE,Federal Contract Tower,0,14,92,0,106,0,0,0,0,0,0,14,92,0,106,204,0,204,310
01/27/2001,SAC,CA,AWP,WE,Federal Contract Tower,0,8,72,0,80,0,0,81,0,81,0,8,153,0,161,208,0,208,369
01/28/2001,SAC,CA,AWP,WE,Federal Contract Tower,0,6,66,0,72,0,0,105,0,105,0,6,171,0,177,210,0,210,387
01/29/2001,SAC,CA,AWP,WE,Federal Contract Tower,0,11,89,0,100,0,0,0,0,0,0,11,89,0,100,140,0,140,240
01/30/2001,SAC,CA,AWP,WE,Federal Contract Tower,0,13,80,0,93,0,3,57,0,60,0,16,137,0,153,255,0,255,408
01/31/2001,SAC,CA,AWP,WE,Federal Contract Tower,0,10,62,3,75,0,0,116,0,116,0,10,178,3,191,205,1,206,397
02/01/2001,SAC,CA,AWP,WE,Federal Contract Tower,0,7,85,2,94,0,0,71,0,71,0,7,156,2,165,212,1,213,378
02/02/2001,SAC,CA,AWP,WE,Federal Contract Tower,0,14,80,1,95,0,0,77,0,77,0,14,157,1,172,238,1,239,411
02/03/2001,SAC,CA,AWP,WE,Federal Contract Tower,0,2,72,0,74,0,0,134,0,134,0,2,206,0,208,242,0,242,450
02/04/2001,SAC,CA,AWP,WE,Federal Contract Tower,0,6,57,0,63,0,0,134,0,134,0,6,191,0,197,206,0,206,403
02/05/2001,SAC,CA,AWP,WE,Federal Contract Tower,0,14,81,3,98,0,5,80,1,86,0,19,161,4,184,222,0,222,406
02/06/2001,SAC,CA,AWP,WE,Federal Contract Tower,0,12,71,0,83,0,2,64,0,66,0,14,135,0,149,192,0,192,341
02/07/2001,SAC,CA,AWP,WE,Federal Contract Tower,0,6,68,1,75,0,0,61,0,61,0,6,129,1,136,57,1,58,194
02/08/2001,SAC,CA,AWP,WE,Federal Contract Tower,0,10,88,0,98,0,0,181,0,181,0,10,269,0,279,159,0,159,438
02/09/2001,SAC,CA,AWP,WE,Federal Contract Tower,0,14,88,0,102,0,0,0,0,0,0,14,88,0,102,118,0,118,220
02/10/2001,SAC,CA,AWP,WE,Federal Contract Tower,0,3,61,0,64,0,0,13,0,13,0,3,74,0,77,159,0,159,236
02/11/2001,SAC,CA,AWP,WE,Federal Contract Tower,0,7,45,0,52,0,0,13,0,13,0,7,58,0,65,103,0,103,168
02/12/2001,SAC,CA,AWP,WE,Federal Contract Tower,0,13,65,0,78,0,5,0,0,5,0,18,65,0,83,142,0,142,225
02/13/2001,SAC,CA,AWP,WE,Federal Contract Tower,0,11,66,3,80,0,8,46,3,57,0,19,112,6,137,153,8,161,298
02/14/2001,SAC,CA,AWP,WE,Federal Contract Tower,0,10,58,0,68,0,0,161,0,161,0,10,219,0,229,222,0,222,451
02/15/2001,SAC,CA,AWP,WE,Federal Contract Tower,0,8,77,0,85,0,0,113,0,113,0,8,190,0,198,249,0,249,447
02/16/2001,SAC,CA,AWP,WE,Federal Contract Tower,0,15,88,0,103,0,0,50,0,50,0,15,138,0,153,189,0,189,342
02/17/2001,SAC,CA,AWP,WE,Federal Contract Tower,0,9,78,0,87,0,0,0,0,0,0,9,78,0,87,259,2,261,348
02/18/2001,SAC,CA,AWP,WE,Federal Contract Tower,0,11,101,0,112,0,0,0,0,0,0,11,101,0,112,98,0,98,210
02/19/2001,SAC,CA,AWP,WE,Federal Contract Tower,0,18,88,0,106,0,0,0,0,0,0,18,88,0,106,153,0,153,259
02/20/2001,SAC,CA,AWP,WE,Federal Contract Tower,0,19,102,0,121,0,13,15,0,28,0,32,117,0,149,203,0,203,352
02/21/2001,SAC,CA,AWP,WE,Federal Contract Tower,0,12,90,0,102,0,0,0,0,0,0,12,90,0,102,154,0,154,256
02/22/2001,SAC,CA,AWP,WE,Federal Contract Tower,0,18,102,0,120,0,0,23,0,23,0,18,125,0,143,149,0,149,292
02/23/2001,SAC,CA,AWP,WE,Federal Contract Tower,0,14,140,0,154,0,0,14,0,14,0,14,154,0,168,246,0,246,414
02/24/2001,SAC,CA,AWP,WE,Federal Contract Tower,0,5,29,0,34,0,0,0,0,0,0,5,29,0,34,43,0,43,77
02/25/2001,SAC,CA,AWP,WE,Federal Contract Tower,0,12,70,1,83,0,0,90,0,90,0,12,160,1,173,158,0,158,331
02/26/2001,SAC,CA,AWP,WE,Federal Contract Tower,0,16,89,0,105,0,3,94,0,97,0,19,183,0,202,201,0,201,403
02/27/2001,SAC,CA,AWP,WE,Federal Contract Tower,0,16,85,3,104,0,1,139,0,140,0,17,224,3,244,227,0,227,471
02/28/2001,SAC,CA,AWP,WE,Federal Contract Tower,0,2,87,0,89,0,0,153,0,153,0,2,240,0,242,168,0,168,410
03/01/2001,SAC,CA,AWP,WE,Federal Contract Tower,0,16,86,2,104,0,1,136,0,137,0,17,222,2,241,188,0,188,429
03/02/2001,SAC,CA,AWP,WE,Federal Contract Tower,0,21,82,1,104,0,0,0,0,0,0,21,82,1,104,108,2,110,214
03/03/2001,SAC,CA,AWP,WE,Federal Contract Tower,0,8,139,0,147,0,0,8,0,8,0,8,147,0,155,273,0,273,428
03/04/2001,SAC,CA,AWP,WE,Federal Contract Tower,0,7,25,1,33,0,1,0,0,1,0,8,25,1,34,16,0,16,50
03/05/2001,SAC,CA,AWP,WE,Federal Contract Tower,0,15,99,0,114,0,0,19,0,19,0,15,118,0,133,150,0,150,283
03/06/2001,SAC,CA,AWP,WE,Federal Contract Tower,0,15,96,4,115,0,0,78,1,79,0,15,174,5,194,211,0,211,405
03/07/2001,SAC,CA,AWP,WE,Federal Contract Tower,0,11,70,1,82,0,0,183,0,183,0,11,253,1,265,239,0,239,504
03/08/2001,SAC,CA,AWP,WE,Federal Contract Tower,0,19,127,0,146,0,0,66,0,66,0,19,193,0,212,78,0,78,290
03/09/2001,SAC,CA,AWP,WE,Federal Contract Tower,0,14,84,0,98,0,0,57,0,57,0,14,141,0,155,156,0,156,311
03/10/2001,SAC,CA,AWP,WE,Federal Contract Tower,0,9,52,0,61,0,2,146,0,148,0,11,198,0,209,166,0,166,375
03/11/2001,SAC,CA,AWP,WE,Federal Contract Tower,0,8,63,0,71,0,0,152,0,152,0,8,215,0,223,294,0,294,517
03/12/2001,SAC,CA,AWP,WE,Federal Contract Tower,0,10,56,0,66,0,7,125,0,132,0,17,181,0,198,245,0,245,443
03/13/2001,SAC,CA,AWP,WE,Federal Contract Tower,0,13,70,2,85,0,5,156,0,161,0,18,226,2,246,163,2,165,411
03/14/2001,SAC,CA,AWP,WE,Federal Contract Tower,0,7,66,0,73,0,0,121,0,121,0,7,187,0,194,198,0,198,392
03/15/2001,SAC,CA,AWP,WE,Federal Contract Tower,0,12,70,0,82,0,0,119,0,119,0,12,189,0,201,174,3,177,378
03/16/2001,SAC,CA,AWP,WE,Federal Contract Tower,0,13,66,0,79,0,0,89,0,89,0,13,155,0,168,210,2,212,380
03/17/2001,SAC,CA,AWP,WE,Federal Contract Tower,0,9,44,0,53,0,0,203,0,203,0,9,247,0,256,168,4,172,428
03/18/2001,SAC,CA,AWP,WE,Federal Contract Tower,0,8,40,1,49,0,3,199,1,203,0,11,239,2,252,147,2,149,401
03/19/2001,SAC,CA,AWP,WE,Federal Contract Tower,0,9,48,0,57,0,7,134,0,141,0,16,182,0,198,184,0,184,382
03/20/2001,SAC,CA,AWP,WE,Federal Contract Tower,0,15,77,0,92,0,5,160,0,165,0,20,237,0,257,197,0,197,454
03/21/2001,SAC,CA,AWP,WE,Federal Contract Tower,0,8,72,0,80,0,0,149,0,149,0,8,221,0,229,160,0,160,389
03/22/2001,SAC,CA,AWP,WE,Federal Contract Tower,0,16,90,0,106,0,0,156,0,156,0,16,246,0,262,162,0,162,424
03/23/2001,SAC,CA,AWP,WE,Federal Contract Tower,0,12,70,0,82,0,0,150,0,150,0,12,220,0,232,133,0,133,365
03/24/2001,SAC,CA,AWP,WE,Federal Contract Tower,0,6,53,0,59,0,0,145,0,145,0,6,198,0,204,142,0,142,346
03/25/2001,SAC,CA,AWP,WE,Federal Contract Tower,0,8,37,0,45,0,1,164,0,165,0,9,201,0,210,170,0,170,380
03/26/2001,SAC,CA,AWP,WE,Federal Contract Tower,0,9,44,0,53,0,10,139,0,149,0,19,183,0,202,236,0,236,438
03/27/2001,SAC,CA,AWP,WE,Federal Contract Tower,0,11,54,0,65,0,19,157,0,176,0,30,211,0,241,174,0,174,415
03/28/2001,SAC,CA,AWP,WE,Federal Contract Tower,0,9,45,0,54,0,4,164,0,168,0,13,209,0,222,82,0,82,304
03/29/2001,SAC,CA,AWP,WE,Federal Contract Tower,0,8,69,2,79,0,0,190,4,194,0,8,259,6,273,104,4,108,381
03/30/2001,SAC,CA,AWP,WE,Federal Contract Tower,0,11,58,0,69,0,0,143,0,143,0,11,201,0,212,218,0,218,430
03/31/2001,SAC,CA,AWP,WE,Federal Contract Tower,0,9,50,1,60,0,11,204,0,215,0,20,254,1,275,94,0,94,369
04/01/2001,SAC,CA,AWP,WE,Federal Contract Tower,0,2,22,0,24,0,3,149,0,152,0,5,171,0,176,65,0,65,241
04/02/2001,SAC,CA,AWP,WE,Federal Contract Tower,0,5,50,0,55,0,14,105,0,119,0,19,155,0,174,126,0,126,300
04/03/2001,SAC,CA,AWP,WE,Federal Contract Tower,0,5,69,0,74,0,0,124,0,124,0,5,193,0,198,112,0,112,310
04/04/2001,SAC,CA,AWP,WE,Federal Contract Tower,0,7,70,0,77,0,7,150,0,157,0,14,220,0,234,141,0,141,375
04/05/2001,SAC,CA,AWP,WE,Federal Contract Tower,0,6,61,2,69,0,11,174,0,185,0,17,235,2,254,149,0,149,403
04/06/2001,SAC,CA,AWP,WE,Federal Contract Tower,0,9,75,0,84,0,0,0,0,0,0,9,75,0,84,79,0,79,163
04/07/2001,SAC,CA,AWP,WE,Federal Contract Tower,0,1,70,1,72,0,0,15,0,15,0,1,85,1,87,102,0,102,189
04/08/2001,SAC,CA,AWP,WE,Federal Contract Tower,0,6,86,0,92,0,0,79,0,79,0,6,165,0,171,181,0,181,352
04/09/2001,SAC,CA,AWP,WE,Federal Contract Tower,0,5,51,0,56,0,14,104,0,118,0,19,155,0,174,129,0,129,303
04/10/2001,SAC,CA,AWP,WE,Federal Contract Tower,0,7,61,0,68,0,4,130,0,134,0,11,191,0,202,188,0,188,390
04/11/2001,SAC,CA,AWP,WE,Federal Contract Tower,0,0,16,3,19,0,0,0,148,148,0,0,16,151,167,169,0,169,336
04/12/2001,SAC,CA,AWP,WE,Federal Contract Tower,0,8,67,0,75,0,12,202,0,214,0,20,269,0,289,159,0,159,448
04/13/2001,SAC,CA,AWP,WE,Federal Contract Tower,0,8,63,0,71,0,3,119,0,122,0,11,182,0,193,205,0,205,398
04/14/2001,SAC,CA,AWP,WE,Federal Contract Tower,0,6,50,0,56,0,0,208,0,208,0,6,258,0,264,152,0,152,416
04/15/2001,SAC,CA,AWP,WE,Federal Contract Tower,0,4,33,0,37,0,7,109,0,116,0,11,142,0,153,150,0,150,303
04/16/2001,SAC,CA,AWP,WE,Federal Contract Tower,0,5,37,0,42,0,16,143,0,159,0,21,180,0,201,122,0,122,323
04/17/2001,SAC,CA,AWP,WE,Federal Contract Tower,0,6,50,1,57,0,1,159,0,160,0,7,209,1,217,160,0,160,377
04/18/2001,SAC,CA,AWP,WE,Federal Contract Tower,0,8,77,1,86,0,0,98,0,98,0,8,175,1,184,114,0,114,298
04/19/2001,SAC,CA,AWP,WE,Federal Contract Tower,0,6,134,0,140,0,0,74,0,74,0,6,208,0,214,110,1,111,325
04/20/2001,SAC,CA,AWP,WE,Federal Contract Tower,0,6,98,0,104,0,0,0,0,0,0,6,98,0,104,101,0,101,205
04/21/2001,SAC,CA,AWP,WE,Federal Contract Tower,0,8,91,0,99,0,0,114,0,114,0,8,205,0,213,248,0,248,461
04/22/2001,SAC,CA,AWP,WE,Federal Contract Tower,0,5,41,2,48,0,3,190,1,194,0,8,231,3,242,238,2,240,482
04/23/2001,SAC,CA,AWP,WE,Federal Contract Tower,0,6,44,0,50,0,12,188,0,200,0,18,232,0,250,151,0,151,401
04/24/2001,SAC,CA,AWP,WE,Federal Contract Tower,0,9,71,0,80,0,6,214,0,220,0,15,285,0,300,161,0,161,461
04/25/2001,SAC,CA,AWP,WE,Federal Contract Tower,0,11,95,0,106,0,10,234,0,244,0,21,329,0,350,109,0,109,459
04/26/2001,SAC,CA,AWP,WE,Federal Contract Tower,0,10,85,0,95,0,3,202,0,205,0,13,287,0,300,178,0,178,478
04/27/2001,SAC,CA,AWP,WE,Federal Contract Tower,0,7,61,0,68,0,1,179,0,180,0,8,240,0,248,225,0,225,473
04/28/2001,SAC,CA,AWP,WE,Federal Contract Tower,0,6,49,0,55,0,1,161,0,162,0,7,210,0,217,180,0,180,397
04/29/2001,SAC,CA,AWP,WE,Federal Contract Tower,0,5,40,0,45,0,3,170,0,173,0,8,210,0,218,98,0,98,316
04/30/2001,SAC,CA,AWP,WE,Federal Contract Tower,0,7,57,0,64,0,14,153,0,167,0,21,210,0,231,115,0,115,346
05/01/2001,SAC,CA,AWP,WE,Federal Contract Tower,0,5,94,0,99,0,9,161,0,170,0,14,255,0,269,167,0,167,436
05/02/2001,SAC,CA,AWP,WE,Federal Contract Tower,0,3,47,0,50,0,7,60,0,67,0,10,107,0,117,12,0,12,129
05/03/2001,SAC,CA,AWP,WE,Federal Contract Tower,0,3,55,0,58,0,15,122,0,137,0,18,177,0,195,139,0,139,334
05/04/2001,SAC,CA,AWP,WE,Federal Contract Tower,0,3,56,0,59,0,8,250,0,258,0,11,306,0,317,211,0,211,528
05/05/2001,SAC,CA,AWP,WE,Federal Contract Tower,0,2,42,0,44,0,12,155,0,167,0,14,197,0,211,165,0,165,376
05/06/2001,SAC,CA,AWP,WE,Federal Contract Tower,0,3,45,0,48,0,4,143,0,147,0,7,188,0,195,138,0,138,333
05/07/2001,SAC,CA,AWP,WE,Federal Contract Tower,0,5,83,1,89,0,13,131,0,144,0,18,214,1,233,201,1,202,435
05/08/2001,SAC,CA,AWP,WE,Federal Contract Tower,0,5,75,0,80,0,17,229,0,246,0,22,304,0,326,168,0,168,494
05/09/2001,SAC,CA,AWP,WE,Federal Contract Tower,0,5,81,0,86,0,12,214,0,226,0,17,295,0,312,254,0,254,566
05/10/2001,SAC,CA,AWP,WE,Federal Contract Tower,0,7,104,4,115,0,15,217,0,232,0,22,321,4,347,140,0,140,487
05/11/2001,SAC,CA,AWP,WE,Federal Contract Tower,0,5,73,0,78,0,10,174,0,184,0,15,247,0,262,180,0,180,442
05/12/2001,SAC,CA,AWP,WE,Federal Contract Tower,0,3,44,0,47,0,4,122,0,126,0,7,166,0,173,131,0,131,304
05/13/2001,SAC,CA,AWP,WE,Federal Contract Tower,0,3,39,0,42,0,1,131,0,132,0,4,170,0,174,174,0,174,348
05/14/2001,SAC,CA,AWP,WE,Federal Contract Tower,0,6,76,0,82,0,22,76,0,98,0,28,152,0,180,168,0,168,348
05/15/2001,SAC,CA,AWP,WE,Federal Contract Tower,0,7,92,1,100,0,5,170,0,175,0,12,262,1,275,167,1,168,443
05/16/2001,SAC,CA,AWP,WE,Federal Contract Tower,0,6,80,2,88,0,8,237,0,245,0,14,317,2,333,226,2,228,561
05/17/2001,SAC,CA,AWP,WE,Federal Contract Tower,0,4,55,0,59,0,10,237,0,247,0,14,292,0,306,245,0,245,551
05/18/2001,SAC,CA,AWP,WE,Federal Contract Tower,0,4,56,0,60,0,10,175,0,185,0,14,231,0,245,199,0,199,444
05/19/2001,SAC,CA,AWP,WE,Federal Contract Tower,0,3,42,0,45,0,1,189,0,190,0,4,231,0,235,141,0,141,376
05/20/2001,SAC,CA,AWP,WE,Federal Contract Tower,0,5,58,0,63,0,5,111,0,116,0,10,169,0,179,107,0,107,286
05/21/2001,SAC,CA,AWP,WE,Federal Contract Tower,0,5,66,0,71,0,13,164,0,177,0,18,230,0,248,143,0,143,391
05/22/2001,SAC,CA,AWP,WE,Federal Contract Tower,0,6,88,0,94,0,14,168,0,182,0,20,256,0,276,178,0,178,454
05/23/2001,SAC,CA,AWP,WE,Federal Contract Tower,0,5,67,0,72,0,16,202,0,218,0,21,269,0,290,197,0,197,487
05/24/2001,SAC,CA,AWP,WE,Federal Contract Tower,0,5,60,0,65,0,4,206,0,210,0,9,266,0,275,193,0,193,468
05/25/2001,SAC,CA,AWP,WE,Federal Contract Tower,0,3,34,0,37,0,13,261,0,274,0,16,295,0,311,220,0,220,531
05/26/2001,SAC,CA,AWP,WE,Federal Contract Tower,0,4,45,0,49,0,7,178,0,185,0,11,223,0,234,129,0,129,363
05/27/2001,SAC,CA,AWP,WE,Federal Contract Tower,0,4,53,0,57,0,6,65,0,71,0,10,118,0,128,166,0,166,294
05/28/2001,SAC,CA,AWP,WE,Federal Contract Tower,0,4,52,0,56,0,4,158,0,162,0,8,210,0,218,100,0,100,318
05/29/2001,SAC,CA,AWP,WE,Federal Contract Tower,0,3,44,0,47,0,18,186,0,204,0,21,230,0,251,123,0,123,374
05/30/2001,SAC,CA,AWP,WE,Federal Contract Tower,0,4,53,2,59,0,19,251,0,270,0,23,304,2,329,176,0,176,505
05/31/2001,SAC,CA,AWP,WE,Federal Contract Tower,0,4,49,0,53,0,11,226,0,237,0,15,275,0,290,113,0,113,403
06/01/2001,SAC,CA,AWP,WE,Federal Contract Tower,0,4,52,0,56,0,9,194,0,203,0,13,246,0,259,105,0,105,364
06/02/2001,SAC,CA,AWP,WE,Federal Contract Tower,0,1,29,0,30,0,7,197,0,204,0,8,226,0,234,103,0,103,337
06/03/2001,SAC,CA,AWP,WE,Federal Contract Tower,0,3,51,0,54,0,0,80,0,80,0,3,131,0,134,107,4,111,245
06/04/2001,SAC,CA,AWP,WE,Federal Contract Tower,0,5,65,0,70,0,13,179,0,192,0,18,244,0,262,181,0,181,443
06/05/2001,SAC,CA,AWP,WE,Federal Contract Tower,0,4,51,0,55,0,12,174,0,186,0,16,225,0,241,162,0,162,403
06/06/2001,SAC,CA,AWP,WE,Federal Contract Tower,0,3,42,0,45,0,9,228,0,237,0,12,270,0,282,230,0,230,512
06/07/2001,SAC,CA,AWP,WE,Federal Contract Tower,0,4,58,0,62,0,8,206,0,214,0,12,264,0,276,136,0,136,412
06/08/2001,SAC,CA,AWP,WE,Federal Contract Tower,0,2,35,0,37,0,13,222,0,235,0,15,257,0,272,114,0,114,386
06/09/2001,SAC,CA,AWP,WE,Federal Contract Tower,0,2,30,0,32,0,8,156,0,164,0,10,186,0,196,91,0,91,287
06/10/2001,SAC,CA,AWP,WE,Federal Contract Tower,0,1,20,0,21,0,7,152,0,159,0,8,172,0,180,56,0,56,236
06/11/2001,SAC,CA,AWP,WE,Federal Contract Tower,0,4,59,2,65,0,9,128,0,137,0,13,187,2,202,108,0,108,310
06/12/2001,SAC,CA,AWP,WE,Federal Contract Tower,0,5,79,0,84,0,11,140,0,151,0,16,219,0,235,150,0,150,385
06/13/2001,SAC,CA,AWP,WE,Federal Contract Tower,0,4,50,0,54,0,9,92,0,101,0,13,142,0,155,78,0,78,233
06/14/2001,SAC,CA,AWP,WE,Federal Contract Tower,0,5,65,0,70,0,16,186,0,202,0,21,251,0,272,142,0,142,414
06/15/2001,SAC,CA,AWP,WE,Federal Contract Tower,0,4,48,2,54,0,16,206,0,222,0,20,254,2,276,132,0,132,408
06/16/2001,SAC,CA,AWP,WE,Federal Contract Tower,0,3,33,0,36,0,10,185,0,195,0,13,218,0,231,169,0,169,400
06/17/2001,SAC,CA,AWP,WE,Federal Contract Tower,0,5,57,0,62,0,4,82,0,86,0,9,139,0,148,122,0,122,270
06/18/2001,SAC,CA,AWP,WE,Federal Contract Tower,0,4,45,0,49,0,14,146,0,160,0,18,191,0,209,102,0,102,311
06/19/2001,SAC,CA,AWP,WE,Federal Contract Tower,0,3,35,0,38,0,13,194,0,207,0,16,229,0,245,156,0,156,401
06/20/2001,SAC,CA,AWP,WE,Federal Contract Tower,0,2,19,0,21,0,18,207,0,225,0,20,226,0,246,218,0,218,464
06/21/2001,SAC,CA,AWP,WE,Federal Contract Tower,0,5,50,2,57,0,13,213,0,226,0,18,263,2,283,149,0,149,432
06/22/2001,SAC,CA,AWP,WE,Federal Contract Tower,0,3,35,0,38,0,7,200,0,207,0,10,235,0,245,120,0,120,365
06/23/2001,SAC,CA,AWP,WE,Federal Contract Tower,0,2,14,0,16,0,9,177,0,186,0,11,191,0,202,88,0,88,290
06/24/2001,SAC,CA,AWP,WE,Federal Contract Tower,0,5,55,0,60,0,11,74,0,85,0,16,129,0,145,135,0,135,280
06/25/2001,SAC,CA,AWP,WE,Federal Contract Tower,0,5,56,0,61,0,17,82,0,99,0,22,138,0,160,107,0,107,267
06/26/2001,SAC,CA,AWP,WE,Federal Contract Tower,0,8,94,0,102,0,10,186,0,196,0,18,280,0,298,273,0,273,571
06/27/2001,SAC,CA,AWP,WE,Federal Contract Tower,0,12,143,0,155,0,6,119,0,125,0,18,262,0,280,202,0,202,482
06/28/2001,SAC,CA,AWP,WE,Federal Contract Tower,0,6,64,0,70,0,5,209,0,214,0,11,273,0,284,125,0,125,409
06/29/2001,SAC,CA,AWP,WE,Federal Contract Tower,0,5,58,0,63,0,8,266,0,274,0,13,324,0,337,102,0,102,439
06/30/2001,SAC,CA,AWP,WE,Federal Contract Tower,0,4,41,1,46,0,2,160,2,164,0,6,201,3,210,88,2,90,300
07/01/2001,SAC,CA,AWP,WE,Federal Contract Tower,0,1,31,0,32,0,1,143,0,144,0,2,174,0,176,123,0,123,299
07/02/2001,SAC,CA,AWP,WE,Federal Contract Tower,0,0,40,0,40,0,21,139,0,160,0,21,179,0,200,152,0,152,352
07/03/2001,SAC,CA,AWP,WE,Federal Contract Tower,0,2,65,1,68,0,13,141,3,157,0,15,206,4,225,91,0,91,316
07/04/2001,SAC,CA,AWP,WE,Federal Contract Tower,0,2,57,0,59,0,3,109,0,112,0,5,166,0,171,151,0,151,322
07/05/2001,SAC,CA,AWP,WE,Federal Contract Tower,0,1,55,0,56,0,13,201,0,214,0,14,256,0,270,129,0,129,399
07/06/2001,SAC,CA,AWP,WE,Federal Contract Tower,0,2,74,0,76,0,12,167,0,179,0,14,241,0,255,138,0,138,393
07/07/2001,SAC,CA,AWP,WE,Federal Contract Tower,0,2,57,0,59,0,6,125,0,131,0,8,182,0,190,104,0,104,294
07/08/2001,SAC,CA,AWP,WE,Federal Contract Tower,0,1,53,0,54,0,12,83,0,95,0,13,136,0,149,140,0,140,289
07/09/2001,SAC,CA,AWP,WE,Federal Contract Tower,0,3,88,0,91,0,9,93,0,102,0,12,181,0,193,148,0,148,341
07/10/2001,SAC,CA,AWP,WE,Federal Contract Tower,0,3,93,0,96,0,11,169,0,180,0,14,262,0,276,111,0,111,387
07/11/2001,SAC,CA,AWP,WE,Federal Contract Tower,0,2,85,0,87,0,15,219,0,234,0,17,304,0,321,137,0,137,458
07/12/2001,SAC,CA,AWP,WE,Federal Contract Tower,0,3,112,0,115,0,18,190,0,208,0,21,302,0,323,162,0,162,485
07/13/2001,SAC,CA,AWP,WE,Federal Contract Tower,0,2,51,0,53,0,10,174,0,184,0,12,225,0,237,128,0,128,365
07/14/2001,SAC,CA,AWP,WE,Federal Contract Tower,0,3,71,0,74,0,0,141,0,141,0,3,212,0,215,182,0,182,397
07/15/2001,SAC,CA,AWP,WE,Federal Contract Tower,0,3,72,0,75,0,5,165,0,170,0,8,237,0,245,207,0,207,452
07/16/2001,SAC,CA,AWP,WE,Federal Contract Tower,0,3,67,0,70,0,13,80,0,93,0,16,147,0,163,123,0,123,286
07/17/2001,SAC,CA,AWP,WE,Federal Contract Tower,0,5,138,0,143,0,7,115,0,122,0,12,253,0,265,142,0,142,407
07/18/2001,SAC,CA,AWP,WE,Federal Contract Tower,0,3,74,1,78,0,20,237,0,257,0,23,311,1,335,134,1,135,470
07/19/2001,SAC,CA,AWP,WE,Federal Contract Tower,0,4,113,0,117,0,15,153,0,168,0,19,266,0,285,97,0,97,382
07/20/2001,SAC,CA,AWP,WE,Federal Contract Tower,0,3,82,0,85,0,17,196,0,213,0,20,278,0,298,148,0,148,446
07/21/2001,SAC,CA,AWP,WE,Federal Contract Tower,0,3,62,0,65,0,1,161,0,162,0,4,223,0,227,139,0,139,366
07/22/2001,SAC,CA,AWP,WE,Federal Contract Tower,0,1,41,2,44,0,9,188,0,197,0,10,229,2,241,91,0,91,332
07/23/2001,SAC,CA,AWP,WE,Federal Contract Tower,0,3,81,0,84,0,9,110,0,119,0,12,191,0,203,81,0,81,284
07/24/2001,SAC,CA,AWP,WE,Federal Contract Tower,0,3,71,0,74,0,19,161,0,180,0,22,232,0,254,137,0,137,391
07/25/2001,SAC,CA,AWP,WE,Federal Contract Tower,0,4,94,0,98,0,11,241,0,252,0,15,335,0,350,181,0,181,531
07/26/2001,SAC,CA,AWP,WE,Federal Contract Tower,0,3,83,0,86,0,10,180,0,190,0,13,263,0,276,153,0,153,429
07/27/2001,SAC,CA,AWP,WE,Federal Contract Tower,0,3,83,0,86,0,9,197,0,206,0,12,280,0,292,146,0,146,438
07/28/2001,SAC,CA,AWP,WE,Federal Contract Tower,0,1,57,0,58,0,0,164,0,164,0,1,221,0,222,121,0,121,343
07/29/2001,SAC,CA,AWP,WE,Federal Contract Tower,0,2,46,0,48,0,8,171,0,179,0,10,217,0,227,79,0,79,306
07/30/2001,SAC,CA,AWP,WE,Federal Contract Tower,0,3,74,0,77,0,2,147,0,149,0,5,221,0,226,67,0,67,293
07/31/2001,SAC,CA,AWP,WE,Federal Contract Tower,0,4,100,0,104,0,12,127,0,139,0,16,227,0,243,143,0,143,386
08/01/2001,SAC,CA,AWP,WE,Federal Contract Tower,0,2,101,0,103,0,14,161,0,175,0,16,262,0,278,175,0,175,453
08/02/2001,SAC,CA,AWP,WE,Federal Contract Tower,0,2,91,0,93,0,13,211,0,224,0,15,302,0,317,162,0,162,479
08/03/2001,SAC,CA,AWP,WE,Federal Contract Tower,0,3,90,0,93,0,14,307,0,321,0,17,397,0,414,220,0,220,634
08/04/2001,SAC,CA,AWP,WE,Federal Contract Tower,0,0,36,0,36,0,11,157,0,168,0,11,193,0,204,64,0,64,268
08/05/2001,SAC,CA,AWP,WE,Federal Contract Tower,0,2,66,0,68,0,7,222,0,229,0,9,288,0,297,123,0,123,420
08/06/2001,SAC,CA,AWP,WE,Federal Contract Tower,0,2,64,0,66,0,5,183,0,188,0,7,247,0,254,142,0,142,396
08/07/2001,SAC,CA,AWP,WE,Federal Contract Tower,0,3,102,0,105,0,15,163,0,178,0,18,265,0,283,159,0,159,442
08/08/2001,SAC,CA,AWP,WE,Federal Contract Tower,0,3,107,2,112,0,14,151,1,166,0,17,258,3,278,105,2,107,385
08/09/2001,SAC,CA,AWP,WE,Federal Contract Tower,0,4,121,2,127,0,7,161,0,168,0,11,282,2,295,175,4,179,474
08/10/2001,SAC,CA,AWP,WE,Federal Contract Tower,0,2,58,1,61,0,10,206,1,217,0,12,264,2,278,160,1,161,439
08/11/2001,SAC,CA,AWP,WE,Federal Contract Tower,0,2,57,0,59,0,10,172,0,182,0,12,229,0,241,96,10,106,347
08/12/2001,SAC,CA,AWP,WE,Federal Contract Tower,0,3,103,0,106,0,7,140,0,147,0,10,243,0,253,166,0,166,419
08/13/2001,SAC,CA,AWP,WE,Federal Contract Tower,0,2,91,0,93,0,5,141,0,146,0,7,232,0,239,144,0,144,383
08/14/2001,SAC,CA,AWP,WE,Federal Contract Tower,0,3,82,0,85,0,14,209,0,223,0,17,291,0,308,156,0,156,464
08/15/2001,SAC,CA,AWP,WE,Federal Contract Tower,0,3,109,0,112,0,13,204,0,217,0,16,313,0,329,194,0,194,523
08/16/2001,SAC,CA,AWP,WE,Federal Contract Tower,0,2,49,0,51,0,14,256,0,270,0,16,305,0,321,144,0,144,465
08/17/2001,SAC,CA,AWP,WE,Federal Contract Tower,0,0,34,0,34,0,7,174,0,181,0,7,208,0,215,140,0,140,355
08/18/2001,SAC,CA,AWP,WE,Federal Contract Tower,0,0,25,0,25,0,7,180,0,187,0,7,205,0,212,81,0,81,293
08/19/2001,SAC,CA,AWP,WE,Federal Contract Tower,0,2,55,0,57,0,4,145,0,149,0,6,200,0,206,77,0,77,283
08/20/2001,SAC,CA,AWP,WE,Federal Contract Tower,0,2,93,3,98,0,0,182,1,183,0,2,275,4,281,139,0,139,420
08/21/2001,SAC,CA,AWP,WE,Federal Contract Tower,0,3,84,3,90,0,13,171,2,186,0,16,255,5,276,157,0,157,433
08/22/2001,SAC,CA,AWP,WE,Federal Contract Tower,0,3,107,2,112,0,12,170,0,182,0,15,277,2,294,98,2,100,394
08/23/2001,SAC,CA,AWP,WE,Federal Contract Tower,0,3,83,0,86,0,9,176,0,185,0,12,259,0,271,150,0,150,421
08/24/2001,SAC,CA,AWP,WE,Federal Contract Tower,0,3,77,0,80,0,4,157,0,161,0,7,234,0,241,195,0,195,436
08/25/2001,SAC,CA,AWP,WE,Federal Contract Tower,0,0,17,0,17,0,8,347,0,355,0,8,364,0,372,186,0,186,558
08/26/2001,SAC,CA,AWP,WE,Federal Contract Tower,0,2,36,0,38,0,8,166,1,175,0,10,202,1,213,175,0,175,388
08/27/2001,SAC,CA,AWP,WE,Federal Contract Tower,0,2,68,0,70,0,10,147,0,157,0,12,215,0,227,113,0,113,340
08/28/2001,SAC,CA,AWP,WE,Federal Contract Tower,0,3,98,0,101,0,22,157,0,179,0,25,255,0,280,127,0,127,407
08/29/2001,SAC,CA,AWP,WE,Federal Contract Tower,0,3,83,0,86,0,6,233,0,239,0,9,316,0,325,170,0,170,495
08/30/2001,SAC,CA,AWP,WE,Federal Contract Tower,0,1,48,0,49,0,13,294,0,307,0,14,342,0,356,122,0,122,478
08/31/2001,SAC,CA,AWP,WE,Federal Contract Tower,0,0,28,0,28,0,10,320,0,330,0,10,348,0,358,117,0,117,475
09/01/2001,SAC,CA,AWP,WE,Federal Contract Tower,0,4,78,0,82,0,4,173,0,177,0,8,251,0,259,106,0,106,365
09/02/2001,SAC,CA,AWP,WE,Federal Contract Tower,0,1,62,0,63,0,0,134,0,134,0,1,196,0,197,103,0,103,300
09/03/2001,SAC,CA,AWP,WE,Federal Contract Tower,0,4,82,0,86,0,3,130,0,133,0,7,212,0,219,135,0,135,354
09/04/2001,SAC,CA,AWP,WE,Federal Contract Tower,0,3,69,0,72,0,10,138,0,148,0,13,207,0,220,170,0,170,390
09/05/2001,SAC,CA,AWP,WE,Federal Contract Tower,0,4,76,0,80,0,4,212,0,216,0,8,288,0,296,118,0,118,414
09/06/2001,SAC,CA,AWP,WE,Federal Contract Tower,0,5,85,0,90,0,2,199,0,201,0,7,284,0,291,122,0,122,413
09/07/2001,SAC,CA,AWP,WE,Federal Contract Tower,0,3,64,0,67,0,7,142,0,149,0,10,206,0,216,64,0,64,280
09/08/2001,SAC,CA,AWP,WE,Federal Contract Tower,0,2,25,0,27,0,2,135,0,137,0,4,160,0,164,50,0,50,214
09/09/2001,SAC,CA,AWP,WE,Federal Contract Tower,0,3,48,0,51,0,1,133,0,134,0,4,181,0,185,92,0,92,277
09/10/2001,SAC,CA,AWP,WE,Federal Contract Tower,0,4,70,0,74,0,7,155,0,162,0,11,225,0,236,131,0,131,367
09/11/2001,SAC,CA,AWP,WE,Federal Contract Tower,0,0,3,0,3,0,4,3,0,7,0,4,6,0,10,2,0,2,12
09/12/2001,SAC,CA,AWP,WE,Federal Contract Tower,0,0,1,0,1,0,3,17,0,20,0,3,18,0,21,0,0,0,21
09/13/2001,SAC,CA,AWP,WE,Federal Contract Tower,0,0,16,0,16,0,26,12,0,38,0,26,28,0,54,0,0,0,54
09/14/2001,SAC,CA,AWP,WE,Federal Contract Tower,0,4,44,0,48,0,6,0,0,6,0,10,44,0,54,0,0,0,54
09/15/2001,SAC,CA,AWP,WE,Federal Contract Tower,0,7,65,0,72,0,19,0,0,19,0,26,65,0,91,5,0,5,96
09/16/2001,SAC,CA,AWP,WE,Federal Contract Tower,0,4,46,0,50,0,2,0,0,2,0,6,46,0,52,12,0,12,64
09/17/2001,SAC,CA,AWP,WE,Federal Contract Tower,0,8,89,0,97,0,0,0,0,0,0,8,89,0,97,1,0,1,98
09/18/2001,SAC,CA,AWP,WE,Federal Contract Tower,0,5,94,0,99,0,0,0,0,0,0,5,94,0,99,1,0,1,100
09/19/2001,SAC,CA,AWP,WE,Federal Contract Tower,0,14,132,0,146,0,20,0,0,20,0,34,132,0,166,3,0,3,169
09/20/2001,SAC,CA,AWP,WE,Federal Contract Tower,0,12,199,0,211,0,2,81,0,83,0,14,280,0,294,41,0,41,335
09/21/2001,SAC,CA,AWP,WE,Federal Contract Tower,0,6,98,0,104,0,0,0,0,0,0,6,98,0,104,43,0,43,147
09/22/2001,SAC,CA,AWP,WE,Federal Contract Tower,0,6,95,0,101,0,9,71,0,80,0,15,166,0,181,91,0,91,272
09/23/2001,SAC,CA,AWP,WE,Federal Contract Tower,0,7,141,0,148,0,0,63,0,63,0,7,204,0,211,123,0,123,334
09/24/2001,SAC,CA,AWP,WE,Federal Contract Tower,0,5,72,0,77,0,6,62,0,68,0,11,134,0,145,106,0,106,251
09/25/2001,SAC,CA,AWP,WE,Federal Contract Tower,0,7,106,0,113,0,4,142,0,146,0,11,248,0,259,95,0,95,354
09/26/2001,SAC,CA,AWP,WE,Federal Contract Tower,0,7,112,0,119,0,13,208,0,221,0,20,320,0,340,160,0,160,500
09/27/2001,SAC,CA,AWP,WE,Federal Contract Tower,0,10,164,0,174,0,2,106,0,108,0,12,270,0,282,187,0,187,469
09/28/2001,SAC,CA,AWP,WE,Federal Contract Tower,0,8,120,0,128,0,5,135,0,140,0,13,255,0,268,125,0,125,393
09/29/2001,SAC,CA,AWP,WE,Federal Contract Tower,0,8,131,0,139,0,13,173,0,186,0,21,304,0,325,131,0,131,456
09/30/2001,SAC,CA,AWP,WE,Federal Contract Tower,0,3,81,0,84,0,0,143,0,143,0,3,224,0,227,111,0,111,338
10/01/2001,SAC,CA,AWP,WE,Federal Contract Tower,0,4,87,0,91,0,10,78,0,88,0,14,165,0,179,109,0,109,288
10/02/2001,SAC,CA,AWP,WE,Federal Contract Tower,0,7,151,4,162,0,10,100,0,110,0,17,251,4,272,165,4,169,441
10/03/2001,SAC,CA,AWP,WE,Federal Contract Tower,0,8,162,0,170,0,7,88,0,95,0,15,250,0,265,120,0,120,385
10/04/2001,SAC,CA,AWP,WE,Federal Contract Tower,0,7,142,0,149,0,5,147,0,152,0,12,289,0,301,163,0,163,464
10/05/2001,SAC,CA,AWP,WE,Federal Contract Tower,0,6,116,0,122,0,4,75,0,79,0,10,191,0,201,140,0,140,341
10/06/2001,SAC,CA,AWP,WE,Federal Contract Tower,0,3,71,0,74,0,3,122,0,125,0,6,193,0,199,141,0,141,340
10/07/2001,SAC,CA,AWP,WE,Federal Contract Tower,0,3,75,0,78,0,5,142,0,147,0,8,217,0,225,142,0,142,367
10/08/2001,SAC,CA,AWP,WE,Federal Contract Tower,0,4,89,0,93,0,2,58,0,60,0,6,147,0,153,113,0,113,266
10/09/2001,SAC,CA,AWP,WE,Federal Contract Tower,0,4,92,0,96,0,4,83,0,87,0,8,175,0,183,130,0,130,313
10/10/2001,SAC,CA,AWP,WE,Federal Contract Tower,0,5,96,0,101,0,1,131,0,132,0,6,227,0,233,130,2,132,365
10/11/2001,SAC,CA,AWP,WE,Federal Contract Tower,0,6,131,1,138,0,0,142,0,142,0,6,273,1,280,147,0,147,427
10/12/2001,SAC,CA,AWP,WE,Federal Contract Tower,0,4,81,2,87,0,12,93,0,105,0,16,174,2,192,64,4,68,260
10/13/2001,SAC,CA,AWP,WE,Federal Contract Tower,0,4,80,0,84,0,5,118,0,123,0,9,198,0,207,156,0,156,363
10/14/2001,SAC,CA,AWP,WE,Federal Contract Tower,0,3,85,0,88,0,0,113,0,113,0,3,198,0,201,130,0,130,331
10/15/2001,SAC,CA,AWP,WE,Federal Contract Tower,0,6,97,0,103,0,8,52,0,60,0,14,149,0,163,132,0,132,295
10/16/2001,SAC,CA,AWP,WE,Federal Contract Tower,0,5,77,0,82,0,5,173,0,178,0,10,250,0,260,76,0,76,336
10/17/2001,SAC,CA,AWP,WE,Federal Contract Tower,0,7,113,1,121,0,3,124,0,127,0,10,237,1,248,123,0,123,371
10/18/2001,SAC,CA,AWP,WE,Federal Contract Tower,0,7,117,0,124,0,4,159,0,163,0,11,276,0,287,111,0,111,398
10/19/2001,SAC,CA,AWP,WE,Federal Contract Tower,0,6,107,0,113,0,4,194,0,198,0,10,301,0,311,194,0,194,505
10/20/2001,SAC,CA,AWP,WE,Federal Contract Tower,0,4,103,2,109,0,0,176,0,176,0,4,279,2,285,189,6,195,480
10/21/2001,SAC,CA,AWP,WE,Federal Contract Tower,0,5,86,3,94,0,4,106,0,110,0,9,192,3,204,213,2,215,419
10/22/2001,SAC,CA,AWP,WE,Federal Contract Tower,0,6,102,1,109,0,14,124,0,138,0,20,226,1,247,102,1,103,350
10/23/2001,SAC,CA,AWP,WE,Federal Contract Tower,0,6,97,0,103,0,7,65,0,72,0,13,162,0,175,94,0,94,269
10/24/2001,SAC,CA,AWP,WE,Federal Contract Tower,0,5,85,0,90,0,3,205,0,208,0,8,290,0,298,110,0,110,408
10/25/2001,SAC,CA,AWP,WE,Federal Contract Tower,0,5,84,0,89,0,7,196,0,203,0,12,280,0,292,101,0,101,393
10/26/2001,SAC,CA,AWP,WE,Federal Contract Tower,0,6,100,0,106,0,1,119,0,120,0,7,219,0,226,122,0,122,348
10/27/2001,SAC,CA,AWP,WE,Federal Contract Tower,0,4,105,0,109,0,0,153,0,153,0,4,258,0,262,179,0,179,441
10/28/2001,SAC,CA,AWP,WE,Federal Contract Tower,0,4,62,0,66,0,4,80,0,84,0,8,142,0,150,88,0,88,238
10/29/2001,SAC,CA,AWP,WE,Federal Contract Tower,0,5,91,0,96,0,11,34,0,45,0,16,125,0,141,112,0,112,253
10/30/2001,SAC,CA,AWP,WE,Federal Contract Tower,0,3,110,0,113,0,0,0,0,0,0,3,110,0,113,34,0,34,147
10/31/2001,SAC,CA,AWP,WE,Federal Contract Tower,0,6,96,2,104,0,9,97,0,106,0,15,193,2,210,109,2,111,321
11/01/2001,SAC,CA,AWP,WE,Federal Contract Tower,0,6,126,0,132,0,1,103,0,104,0,7,229,0,236,84,0,84,320
11/02/2001,SAC,CA,AWP,WE,Federal Contract Tower,0,5,120,1,126,0,2,128,0,130,0,7,248,1,256,138,0,138,394
11/03/2001,SAC,CA,AWP,WE,Federal Contract Tower,0,1,35,0,36,0,3,232,0,235,0,4,267,0,271,155,0,155,426
11/04/2001,SAC,CA,AWP,WE,Federal Contract Tower,0,2,98,0,100,0,0,153,0,153,0,2,251,0,253,150,0,150,403
11/05/2001,SAC,CA,AWP,WE,Federal Contract Tower,0,4,106,2,112,0,8,94,0,102,0,12,200,2,214,113,0,113,327
11/06/2001,SAC,CA,AWP,WE,Federal Contract Tower,0,3,83,0,86,0,8,106,0,114,0,11,189,0,200,132,0,132,332
11/07/2001,SAC,CA,AWP,WE,Federal Contract Tower,0,6,143,1,150,0,2,168,0,170,0,8,311,1,320,100,0,100,420
11/08/2001,SAC,CA,AWP,WE,Federal Contract Tower,0,5,90,3,98,0,0,173,1,174,0,5,263,4,272,152,2,154,426
11/09/2001,SAC,CA,AWP,WE,Federal Contract Tower,0,7,132,2,141,0,2,151,0,153,0,9,283,2,294,170,4,174,468
11/10/2001,SAC,CA,AWP,WE,Federal Contract Tower,0,4,79,0,83,0,0,213,0,213,0,4,292,0,296,130,0,130,426
11/11/2001,SAC,CA,AWP,WE,Federal Contract Tower,0,3,69,0,72,0,0,0,0,0,0,3,69,0,72,93,0,93,165
11/12/2001,SAC,CA,AWP,WE,Federal Contract Tower,0,2,94,0,96,0,0,0,0,0,0,2,94,0,96,45,0,45,141
11/13/2001,SAC,CA,AWP,WE,Federal Contract Tower,0,4,132,0,136,0,0,3,0,3,0,4,135,0,139,74,0,74,213
11/14/2001,SAC,CA,AWP,WE,Federal Contract Tower,0,9,187,0,196,0,0,25,0,25,0,9,212,0,221,120,0,120,341
11/15/2001,SAC,CA,AWP,WE,Federal Contract Tower,0,9,176,0,185,0,0,35,0,35,0,9,211,0,220,80,0,80,300
11/16/2001,SAC,CA,AWP,WE,Federal Contract Tower,0,7,174,1,182,0,0,20,0,20,0,7,194,1,202,120,2,122,324
11/17/2001,SAC,CA,AWP,WE,Federal Contract Tower,0,5,140,0,145,0,0,78,0,78,0,5,218,0,223,147,0,147,370
11/18/2001,SAC,CA,AWP,WE,Federal Contract Tower,0,5,104,0,109,0,2,164,0,166,0,7,268,0,275,123,0,123,398
11/19/2001,SAC,CA,AWP,WE,Federal Contract Tower,0,7,143,0,150,0,6,13,0,19,0,13,156,0,169,57,0,57,226
11/20/2001,SAC,CA,AWP,WE,Federal Contract Tower,0,2,97,0,99,0,0,103,0,103,0,2,200,0,202,58,0,58,260
11/21/2001,SAC,CA,AWP,WE,Federal Contract Tower,0,0,69,0,69,0,0,0,0,0,0,0,69,0,69,13,0,13,82
11/22/2001,SAC,CA,AWP,WE,Federal Contract Tower,0,1,32,0,33,0,5,6,0,11,0,6,38,0,44,18,0,18,62
11/23/2001,SAC,CA,AWP,WE,Federal Contract Tower,0,1,75,0,76,0,0,93,0,93,0,1,168,0,169,18,0,18,187
11/24/2001,SAC,CA,AWP,WE,Federal Contract Tower,0,0,15,0,15,0,2,0,0,2,0,2,15,0,17,6,0,6,23
11/25/2001,SAC,CA,AWP,WE,Federal Contract Tower,0,5,93,0,98,0,1,82,0,83,0,6,175,0,181,94,0,94,275
11/26/2001,SAC,CA,AWP,WE,Federal Contract Tower,0,0,31,0,31,0,9,152,0,161,0,9,183,0,192,52,0,52,244
11/27/2001,SAC,CA,AWP,WE,Federal Contract Tower,0,7,131,0,138,0,10,139,0,149,0,17,270,0,287,122,0,122,409
11/28/2001,SAC,CA,AWP,WE,Federal Contract Tower,0,5,101,0,106,0,5,16,0,21,0,10,117,0,127,16,0,16,143
11/29/2001,SAC,CA,AWP,WE,Federal Contract Tower,0,6,113,0,119,0,2,1,0,3,0,8,114,0,122,94,0,94,216
11/30/2001,SAC,CA,AWP,WE,Federal Contract Tower,0,7,144,0,151,0,0,50,0,50,0,7,194,0,201,101,0,101,302
12/01/2001,SAC,CA,AWP,WE,Federal Contract Tower,0,1,16,1,18,0,3,0,0,3,0,4,16,1,21,12,0,12,33
12/02/2001,SAC,CA,AWP,WE,Federal Contract Tower,0,1,18,0,19,0,2,0,0,2,0,3,18,0,21,17,0,17,38
12/03/2001,SAC,CA,AWP,WE,Federal Contract Tower,0,5,88,1,94,0,1,26,0,27,0,6,114,1,121,64,1,65,186
12/04/2001,SAC,CA,AWP,WE,Federal Contract Tower,0,10,146,0,156,0,5,114,0,119,0,15,260,0,275,70,0,70,345
12/05/2001,SAC,CA,AWP,WE,Federal Contract Tower,0,10,100,0,110,0,0,0,0,0,0,10,100,0,110,30,2,32,142
12/06/2001,SAC,CA,AWP,WE,Federal Contract Tower,0,6,168,0,174,0,0,38,0,38,0,6,206,0,212,72,0,72,284
12/07/2001,SAC,CA,AWP,WE,Federal Contract Tower,0,8,127,0,135,0,0,232,0,232,0,8,359,0,367,150,0,150,517
12/08/2001,SAC,CA,AWP,WE,Federal Contract Tower,0,1,27,0,28,0,3,173,0,176,0,4,200,0,204,136,0,136,340
12/09/2001,SAC,CA,AWP,WE,Federal Contract Tower,0,5,61,0,66,0,0,47,0,47,0,5,108,0,113,80,0,80,193
12/10/2001,SAC,CA,AWP,WE,Federal Contract Tower,0,7,94,0,101,0,11,128,0,139,0,18,222,0,240,72,0,72,312
12/11/2001,SAC,CA,AWP,WE,Federal Contract Tower,0,8,111,0,119,0,12,139,0,151,0,20,250,0,270,60,0,60,330
12/12/2001,SAC,CA,AWP,WE,Federal Contract Tower,0,6,84,0,90,0,4,86,0,90,0,10,170,0,180,70,0,70,250
12/13/2001,SAC,CA,AWP,WE,Federal Contract Tower,0,7,131,1,139,0,0,0,0,0,0,7,131,1,139,49,0,49,188
12/14/2001,SAC,CA,AWP,WE,Federal Contract Tower,0,4,47,2,53,0,4,61,4,69,0,8,108,6,122,28,2,30,152
12/15/2001,SAC,CA,AWP,WE,Federal Contract Tower,0,3,42,0,45,0,1,143,0,144,0,4,185,0,189,120,0,120,309
12/16/2001,SAC,CA,AWP,WE,Federal Contract Tower,0,5,64,0,69,0,8,73,0,81,0,13,137,0,150,88,0,88,238
12/17/2001,SAC,CA,AWP,WE,Federal Contract Tower,0,11,89,0,100,0,0,0,0,0,0,11,89,0,100,20,0,20,120
12/18/2001,SAC,CA,AWP,WE,Federal Contract Tower,0,7,111,2,120,0,0,65,0,65,0,7,176,2,185,94,4,98,283
12/19/2001,SAC,CA,AWP,WE,Federal Contract Tower,0,7,103,0,110,0,0,0,0,0,0,7,103,0,110,0,0,0,110
12/20/2001,SAC,CA,AWP,WE,Federal Contract Tower,0,3,95,0,98,0,0,0,0,0,0,3,95,0,98,14,0,14,112
12/21/2001,SAC,CA,AWP,WE,Federal Contract Tower,0,7,92,0,99,0,8,127,0,135,0,15,219,0,234,97,0,97,331
12/22/2001,SAC,CA,AWP,WE,Federal Contract Tower,0,3,44,0,47,0,1,0,0,1,0,4,44,0,48,6,0,6,54
12/23/2001,SAC,CA,AWP,WE,Federal Contract Tower,0,5,75,1,81,0,0,60,0,60,0,5,135,1,141,87,0,87,228
12/24/2001,SAC,CA,AWP,WE,Federal Contract Tower,0,4,51,0,55,0,4,13,0,17,0,8,64,0,72,22,0,22,94
12/25/2001,SAC,CA,AWP,WE,Federal Contract Tower,0,0,16,0,16,0,0,19,2,21,0,0,35,2,37,12,0,12,49
12/26/2001,SAC,CA,AWP,WE,Federal Contract Tower,0,7,98,0,105,0,4,7,0,11,0,11,105,0,116,36,0,36,152
12/27/2001,SAC,CA,AWP,WE,Federal Contract Tower,0,0,83,0,83,3,0,0,0,3,3,0,83,0,86,16,0,16,102
12/28/2001,SAC,CA,AWP,WE,Federal Contract Tower,0,8,59,0,67,0,0,0,0,0,0,8,59,0,67,8,0,8,75
12/29/2001,SAC,CA,AWP,WE,Federal Contract Tower,0,4,57,0,61,0,0,0,0,0,0,4,57,0,61,2,0,2,63
12/30/2001,SAC,CA,AWP,WE,Federal Contract Tower,0,0,27,0,27,0,0,0,0,0,0,0,27,0,27,6,0,6,33
12/31/2001,SAC,CA,AWP,WE,Federal Contract Tower,0,8,79,0,87,0,0,0,0,0,0,8,79,0,87,38,0,38,125
01/01/2002,SAC,CA,AWP,WE,Federal Contract Tower,0,2,53,0,55,0,5,0,0,5,0,7,53,0,60,0,0,0,60
01/02/2002,SAC,CA,AWP,WE,Federal Contract Tower,0,5,72,0,77,0,0,0,0,0,0,5,72,0,77,12,0,12,89
01/03/2002,SAC,CA,AWP,WE,Federal Contract Tower,0,5,149,0,154,0,1,1,0,2,0,6,150,0,156,98,0,98,254
01/04/2002,SAC,CA,AWP,WE,Federal Contract Tower,0,7,123,0,130,0,0,0,0,0,0,7,123,0,130,70,0,70,200
01/05/2002,SAC,CA,AWP,WE,Federal Contract Tower,0,3,45,0,48,0,0,0,0,0,0,3,45,0,48,5,0,5,53
01/06/2002,SAC,CA,AWP,WE,Federal Contract Tower,0,2,100,0,102,0,0,16,0,16,0,2,116,0,118,34,0,34,152
01/07/2002,SAC,CA,AWP,WE,Federal Contract Tower,0,5,66,0,71,0,3,0,0,3,0,8,66,0,74,10,0,10,84
01/08/2002,SAC,CA,AWP,WE,Federal Contract Tower,0,7,102,4,113,0,0,0,0,0,0,7,102,4,113,0,0,0,113
01/09/2002,SAC,CA,AWP,WE,Federal Contract Tower,0,5,119,0,124,0,6,48,0,54,0,11,167,0,178,126,0,126,304
01/10/2002,SAC,CA,AWP,WE,Federal Contract Tower,0,4,102,0,106,0,0,101,0,101,0,4,203,0,207,60,0,60,267
01/11/2002,SAC,CA,AWP,WE,Federal Contract Tower,0,2,116,0,118,0,0,0,0,0,0,2,116,0,118,0,0,0,118
01/12/2002,SAC,CA,AWP,WE,Federal Contract Tower,0,4,97,0,101,0,0,0,0,0,0,4,97,0,101,17,0,17,118
01/13/2002,SAC,CA,AWP,WE,Federal Contract Tower,0,3,70,0,73,0,3,113,0,116,0,6,183,0,189,132,0,132,321
01/14/2002,SAC,CA,AWP,WE,Federal Contract Tower,0,5,112,0,117,0,3,29,0,32,0,8,141,0,149,106,0,106,255
01/15/2002,SAC,CA,AWP,WE,Federal Contract Tower,0,3,67,0,70,0,4,186,0,190,0,7,253,0,260,110,0,110,370
01/16/2002,SAC,CA,AWP,WE,Federal Contract Tower,0,4,87,0,91,0,6,135,0,141,0,10,222,0,232,126,0,126,358
01/17/2002,SAC,CA,AWP,WE,Federal Contract Tower,0,6,144,0,150,0,9,124,0,133,0,15,268,0,283,56,0,56,339
01/18/2002,SAC,CA,AWP,WE,Federal Contract Tower,0,4,83,1,88,0,0,247,0,247,0,4,330,1,335,124,0,124,459
01/19/2002,SAC,CA,AWP,WE,Federal Contract Tower,0,4,127,0,131,0,0,57,0,57,0,4,184,0,188,52,0,52,240
01/20/2002,SAC,CA,AWP,WE,Federal Contract Tower,0,2,56,0,58,0,0,169,0,169,0,2,225,0,227,88,0,88,315
01/21/2002,SAC,CA,AWP,WE,Federal Contract Tower,0,2,61,0,63,0,0,10,0,10,0,2,71,0,73,56,0,56,129
01/22/2002,SAC,CA,AWP,WE,Federal Contract Tower,0,3,73,0,76,0,7,144,0,151,0,10,217,0,227,90,0,90,317
01/23/2002,SAC,CA,AWP,WE,Federal Contract Tower,0,5,117,0,122,0,10,192,0,202,0,15,309,0,324,89,0,89,413
01/24/2002,SAC,CA,AWP,WE,Federal Contract Tower,0,3,64,0,67,0,7,115,0,122,0,10,179,0,189,60,0,60,249
01/25/2002,SAC,CA,AWP,WE,Federal Contract Tower,0,3,73,0,76,0,7,127,0,134,0,10,200,0,210,60,0,60,270
01/26/2002,SAC,CA,AWP,WE,Federal Contract Tower,0,5,74,0,79,0,4,0,0,4,0,9,74,0,83,18,0,18,101
01/27/2002,SAC,CA,AWP,WE,Federal Contract Tower,0,4,0,0,4,0,162,0,0,162,0,166,0,0,166,120,0,120,286
01/28/2002,SAC,CA,AWP,WE,Federal Contract Tower,0,0,35,0,35,0,8,68,0,76,0,8,103,0,111,82,0,82,193
01/29/2002,SAC,CA,AWP,WE,Federal Contract Tower,0,6,137,0,143,0,7,48,0,55,0,13,185,0,198,23,0,23,221
01/30/2002,SAC,CA,AWP,WE,Federal Contract Tower,0,4,90,2,96,0,9,266,0,275,0,13,356,2,371,52,0,52,423
01/31/2002,SAC,CA,AWP,WE,Federal Contract Tower,0,3,58,2,63,0,7,172,0,179,0,10,230,2,242,80,0,80,322
02/01/2002,SAC,CA,AWP,WE,Federal Contract Tower,0,4,98,0,102,0,1,102,0,103,0,5,200,0,205,80,0,80,285
02/02/2002,SAC,CA,AWP,WE,Federal Contract Tower,0,2,68,0,70,0,5,235,0,240,0,7,303,0,310,118,0,118,428
02/03/2002,SAC,CA,AWP,WE,Federal Contract Tower,0,2,41,0,43,0,2,121,0,123,0,4,162,0,166,108,0,108,274
02/04/2002,SAC,CA,AWP,WE,Federal Contract Tower,0,2,56,0,58,0,8,108,0,116,0,10,164,0,174,72,0,72,246
02/05/2002,SAC,CA,AWP,WE,Federal Contract Tower,0,4,100,0,104,0,5,87,0,92,0,9,187,0,196,35,0,35,231
02/06/2002,SAC,CA,AWP,WE,Federal Contract Tower,0,6,128,1,135,0,0,0,0,0,0,6,128,1,135,2,0,2,137
02/07/2002,SAC,CA,AWP,WE,Federal Contract Tower,0,4,70,0,74,0,1,0,0,1,0,5,70,0,75,10,0,10,85
02/08/2002,SAC,CA,AWP,WE,Federal Contract Tower,0,5,104,0,109,0,5,116,0,121,0,10,220,0,230,20,0,20,250
02/09/2002,SAC,CA,AWP,WE,Federal Contract Tower,0,4,83,0,87,0,1,255,0,256,0,5,338,0,343,116,0,116,459
02/10/2002,SAC,CA,AWP,WE,Federal Contract Tower,0,3,89,0,92,0,1,202,0,203,0,4,291,0,295,88,2,90,385
02/11/2002,SAC,CA,AWP,WE,Federal Contract Tower,0,5,104,2,111,0,5,148,0,153,0,10,252,2,264,126,2,128,392
02/12/2002,SAC,CA,AWP,WE,Federal Contract Tower,0,4,98,0,102,0,13,127,0,140,0,17,225,0,242,91,0,91,333
02/13/2002,SAC,CA,AWP,WE,Federal Contract Tower,0,4,144,0,148,0,0,20,0,20,0,4,164,0,168,62,0,62,230
02/14/2002,SAC,CA,AWP,WE,Federal Contract Tower,0,3,87,0,90,0,12,113,0,125,0,15,200,0,215,70,0,70,285
02/15/2002,SAC,CA,AWP,WE,Federal Contract Tower,0,7,160,0,167,0,3,0,0,3,0,10,160,0,170,60,0,60,230
02/16/2002,SAC,CA,AWP,WE,Federal Contract Tower,0,3,105,0,108,0,0,96,0,96,0,3,201,0,204,97,0,97,301
02/17/2002,SAC,CA,AWP,WE,Federal Contract Tower,0,0,60,0,60,0,0,29,0,29,0,0,89,0,89,52,0,52,141
02/18/2002,SAC,CA,AWP,WE,Federal Contract Tower,0,4,89,0,93,0,0,125,0,125,0,4,214,0,218,82,0,82,300
02/19/2002,SAC,CA,AWP,WE,Federal Contract Tower,0,5,79,0,84,0,0,0,0,0,0,5,79,0,84,10,0,10,94
02/20/2002,SAC,CA,AWP,WE,Federal Contract Tower,0,7,163,0,170,0,0,47,0,47,0,7,210,0,217,34,0,34,251
02/21/2002,SAC,CA,AWP,WE,Federal Contract Tower,0,5,109,0,114,0,5,71,0,76,0,10,180,0,190,40,0,40,230
02/22/2002,SAC,CA,AWP,WE,Federal Contract Tower,0,6,133,0,139,0,4,17,0,21,0,10,150,0,160,20,0,20,180
02/23/2002,SAC,CA,AWP,WE,Federal Contract Tower,0,6,105,2,113,0,2,87,0,89,0,8,192,2,202,102,2,104,306
02/24/2002,SAC,CA,AWP,WE,Federal Contract Tower,0,3,57,2,62,0,7,160,0,167,0,10,217,2,229,92,0,92,321
02/25/2002,SAC,CA,AWP,WE,Federal Contract Tower,0,3,80,0,83,0,7,157,0,164,0,10,237,0,247,104,0,104,351
02/26/2002,SAC,CA,AWP,WE,Federal Contract Tower,0,4,109,0,113,0,10,143,0,153,0,14,252,0,266,57,0,57,323
02/27/2002,SAC,CA,AWP,WE,Federal Contract Tower,0,4,84,0,88,0,7,125,0,132,0,11,209,0,220,64,0,64,284
02/28/2002,SAC,CA,AWP,WE,Federal Contract Tower,0,6,147,0,153,0,9,133,0,142,0,15,280,0,295,80,0,80,375
03/01/2002,SAC,CA,AWP,WE,Federal Contract Tower,0,2,65,1,68,0,4,65,2,71,0,6,130,3,139,30,0,30,169
03/02/2002,SAC,CA,AWP,WE,Federal Contract Tower,0,2,82,0,84,0,6,182,0,188,0,8,264,0,272,89,0,89,361
03/03/2002,SAC,CA,AWP,WE,Federal Contract Tower,0,2,59,0,61,0,6,181,0,187,0,8,240,0,248,54,0,54,302
03/04/2002,SAC,CA,AWP,WE,Federal Contract Tower,0,4,123,0,127,0,4,144,0,148,0,8,267,0,275,110,0,110,385
03/05/2002,SAC,CA,AWP,WE,Federal Contract Tower,0,2,86,0,88,0,11,110,0,121,0,13,196,0,209,95,0,95,304
03/06/2002,SAC,CA,AWP,WE,Federal Contract Tower,0,7,112,0,119,0,5,0,0,5,0,12,112,0,124,27,0,27,151
03/07/2002,SAC,CA,AWP,WE,Federal Contract Tower,0,2,60,0,62,0,10,0,0,10,0,12,60,0,72,2,0,2,74
03/08/2002,SAC,CA,AWP,WE,Federal Contract Tower,0,4,124,0,128,0,16,236,0,252,0,20,360,0,380,40,0,40,420
03/09/2002,SAC,CA,AWP,WE,Federal Contract Tower,0,3,88,0,91,0,1,130,0,131,0,4,218,0,222,107,0,107,329
03/10/2002,SAC,CA,AWP,WE,Federal Contract Tower,0,4,114,0,118,0,0,0,0,0,0,4,114,0,118,60,0,60,178
03/11/2002,SAC,CA,AWP,WE,Federal Contract Tower,0,4,122,0,126,0,4,82,0,86,0,8,204,0,212,130,0,130,342
03/12/2002,SAC,CA,AWP,WE,Federal Contract Tower,0,5,113,0,118,0,1,101,0,102,0,6,214,0,220,96,0,96,316
03/13/2002,SAC,CA,AWP,WE,Federal Contract Tower,0,5,122,0,127,0,7,110,0,117,0,12,232,0,244,82,0,82,326
03/14/2002,SAC,CA,AWP,WE,Federal Contract Tower,0,4,93,0,97,0,0,49,0,49,0,4,142,0,146,50,0,50,196
03/15/2002,SAC,CA,AWP,WE,Federal Contract Tower,0,3,78,0,81,0,2,72,0,74,0,5,150,0,155,90,0,90,245
03/16/2002,SAC,CA,AWP,WE,Federal Contract Tower,0,0,84,2,86,0,0,27,0,27,0,0,111,2,113,128,2,130,243
03/17/2002,SAC,CA,AWP,WE,Federal Contract Tower,0,2,54,0,56,0,0,21,0,21,0,2,75,0,77,80,0,80,157
03/18/2002,SAC,CA,AWP,WE,Federal Contract Tower,0,5,108,0,113,0,1,121,0,122,0,6,229,0,235,82,0,82,317
03/19/2002,SAC,CA,AWP,WE,Federal Contract Tower,0,7,179,0,186,0,7,69,0,76,0,14,248,0,262,146,0,146,408
03/20/2002,SAC,CA,AWP,WE,Federal Contract Tower,0,6,151,0,157,0,9,120,0,129,0,15,271,0,286,109,0,109,395
03/21/2002,SAC,CA,AWP,WE,Federal Contract Tower,0,6,161,0,167,0,5,188,0,193,0,11,349,0,360,100,0,100,460
03/22/2002,SAC,CA,AWP,WE,Federal Contract Tower,0,5,120,0,125,0,0,0,0,0,0,5,120,0,125,80,0,80,205
03/23/2002,SAC,CA,AWP,WE,Federal Contract Tower,0,3,73,0,76,0,0,0,0,0,0,3,73,0,76,60,0,60,136
03/24/2002,SAC,CA,AWP,WE,Federal Contract Tower,0,4,104,0,108,0,0,82,0,82,0,4,186,0,190,92,0,92,282
03/25/2002,SAC,CA,AWP,WE,Federal Contract Tower,0,5,106,0,111,0,5,111,0,116,0,10,217,0,227,128,0,128,355
03/26/2002,SAC,CA,AWP,WE,Federal Contract Tower,0,6,134,0,140,0,4,98,0,102,0,10,232,0,242,104,0,104,346
03/27/2002,SAC,CA,AWP,WE,Federal Contract Tower,0,6,147,0,153,0,4,142,0,146,0,10,289,0,299,83,0,83,382
03/28/2002,SAC,CA,AWP,WE,Federal Contract Tower,0,4,94,0,98,0,7,106,0,113,0,11,200,0,211,50,0,50,261
03/29/2002,SAC,CA,AWP,WE,Federal Contract Tower,0,5,124,0,129,0,5,96,0,101,0,10,220,0,230,80,0,80,310
03/30/2002,SAC,CA,AWP,WE,Federal Contract Tower,0,3,85,0,88,0,17,189,0,206,0,20,274,0,294,114,0,114,408
03/31/2002,SAC,CA,AWP,WE,Federal Contract Tower,0,3,63,0,66,0,3,64,0,67,0,6,127,0,133,130,0,130,263
04/01/2002,SAC,CA,AWP,WE,Federal Contract Tower,0,3,98,2,103,0,9,76,0,85,0,12,174,2,188,108,0,108,296
04/02/2002,SAC,CA,AWP,WE,Federal Contract Tower,0,3,102,2,107,0,16,147,2,165,0,19,249,4,272,80,4,84,356
04/03/2002,SAC,CA,AWP,WE,Federal Contract Tower,0,2,87,2,91,0,9,138,1,148,0,11,225,3,239,119,0,119,358
04/04/2002,SAC,CA,AWP,WE,Federal Contract Tower,2,0,169,0,171,8,0,31,0,39,10,0,200,0,210,90,0,90,300
04/05/2002,SAC,CA,AWP,WE,Federal Contract Tower,0,3,108,0,111,0,7,62,0,69,0,10,170,0,180,70,0,70,250
04/06/2002,SAC,CA,AWP,WE,Federal Contract Tower,0,5,197,1,203,0,0,39,0,39,0,5,236,1,242,135,1,136,378
04/07/2002,SAC,CA,AWP,WE,Federal Contract Tower,0,4,139,0,143,0,2,1,0,3,0,6,140,0,146,126,0,126,272
04/08/2002,SAC,CA,AWP,WE,Federal Contract Tower,0,5,123,0,128,0,6,64,0,70,0,11,187,0,198,124,0,124,322
04/09/2002,SAC,CA,AWP,WE,Federal Contract Tower,0,5,140,0,145,0,7,0,0,7,0,12,140,0,152,77,0,77,229
04/10/2002,SAC,CA,AWP,WE,Federal Contract Tower,0,6,170,0,176,0,8,48,0,56,0,14,218,0,232,112,0,112,344
04/11/2002,SAC,CA,AWP,WE,Federal Contract Tower,0,5,131,0,136,0,10,79,0,89,0,15,210,0,225,75,0,75,300
04/12/2002,SAC,CA,AWP,WE,Federal Contract Tower,0,6,167,0,173,0,4,73,0,77,0,10,240,0,250,100,0,100,350
04/13/2002,SAC,CA,AWP,WE,Federal Contract Tower,0,5,154,0,159,0,9,94,0,103,0,14,248,0,262,168,0,168,430
04/14/2002,SAC,CA,AWP,WE,Federal Contract Tower,0,4,113,0,117,0,4,98,0,102,0,8,211,0,219,86,0,86,305
04/15/2002,SAC,CA,AWP,WE,Federal Contract Tower,0,3,85,0,88,0,9,24,0,33,0,12,109,0,121,32,0,32,153
04/16/2002,SAC,CA,AWP,WE,Federal Contract Tower,0,4,101,0,105,0,10,15,0,25,0,14,116,0,130,38,0,38,168
04/17/2002,SAC,CA,AWP,WE,Federal Contract Tower,0,7,186,4,197,0,10,0,0,10,0,17,186,4,207,106,2,108,315
04/18/2002,SAC,CA,AWP,WE,Federal Contract Tower,0,6,171,0,177,0,5,99,0,104,0,11,270,0,281,160,0,160,441
04/19/2002,SAC,CA,AWP,WE,Federal Contract Tower,0,6,184,2,192,0,4,36,0,40,0,10,220,2,232,100,0,100,332
04/20/2002,SAC,CA,AWP,WE,Federal Contract Tower,0,4,105,2,111,0,5,134,0,139,0,9,239,2,250,76,0,76,326
04/21/2002,SAC,CA,AWP,WE,Federal Contract Tower,0,4,112,0,116,0,5,115,0,120,0,9,227,0,236,135,0,135,371
04/22/2002,SAC,CA,AWP,WE,Federal Contract Tower,0,4,124,0,128,0,8,106,0,114,0,12,230,0,242,148,0,148,390
04/23/2002,SAC,CA,AWP,WE,Federal Contract Tower,0,5,148,0,153,0,10,156,0,166,0,15,304,0,319,93,0,93,412
04/24/2002,SAC,CA,AWP,WE,Federal Contract Tower,0,6,166,0,172,0,8,95,0,103,0,14,261,0,275,141,0,141,416
04/25/2002,SAC,CA,AWP,WE,Federal Contract Tower,0,3,76,0,79,0,17,104,0,121,0,20,180,0,200,60,0,60,260
04/26/2002,SAC,CA,AWP,WE,Federal Contract Tower,0,6,150,0,156,0,4,0,0,4,0,10,150,0,160,60,0,60,220
04/27/2002,SAC,CA,AWP,WE,Federal Contract Tower,0,3,92,0,95,0,9,23,0,32,0,12,115,0,127,88,0,88,215
04/28/2002,SAC,CA,AWP,WE,Federal Contract Tower,0,4,100,0,104,0,6,93,0,99,0,10,193,0,203,72,0,72,275
04/29/2002,SAC,CA,AWP,WE,Federal Contract Tower,0,3,79,0,82,0,5,48,0,53,0,8,127,0,135,62,0,62,197
04/30/2002,SAC,CA,AWP,WE,Federal Contract Tower,0,4,136,1,141,0,17,47,0,64,0,21,183,1,205,75,2,77,282
05/01/2002,SAC,CA,AWP,WE,Federal Contract Tower,0,4,120,0,124,0,13,119,0,132,0,17,239,0,256,66,0,66,322
05/02/2002,SAC,CA,AWP,WE,Federal Contract Tower,0,3,107,0,110,0,7,113,0,120,0,10,220,0,230,80,0,80,310
05/03/2002,SAC,CA,AWP,WE,Federal Contract Tower,0,5,171,0,176,0,5,59,0,64,0,10,230,0,240,90,0,90,330
05/04/2002,SAC,CA,AWP,WE,Federal Contract Tower,0,2,82,0,84,0,8,180,0,188,0,10,262,0,272,97,0,97,369
05/05/2002,SAC,CA,AWP,WE,Federal Contract Tower,0,3,101,0,104,0,3,113,0,116,0,6,214,0,220,136,0,136,356
05/06/2002,SAC,CA,AWP,WE,Federal Contract Tower,0,4,137,0,141,0,10,114,0,124,0,14,251,0,265,126,0,126,391
05/07/2002,SAC,CA,AWP,WE,Federal Contract Tower,0,2,73,0,75,0,5,116,0,121,0,7,189,0,196,64,0,64,260
05/08/2002,SAC,CA,AWP,WE,Federal Contract Tower,0,3,93,0,96,0,15,174,0,189,0,18,267,0,285,52,0,52,337
05/09/2002,SAC,CA,AWP,WE,Federal Contract Tower,0,3,95,0,98,0,7,125,0,132,0,10,220,0,230,40,0,40,270
05/10/2002,SAC,CA,AWP,WE,Federal Contract Tower,0,4,136,0,140,0,6,184,0,190,0,10,320,0,330,120,0,120,450
05/11/2002,SAC,CA,AWP,WE,Federal Contract Tower,0,2,80,0,82,0,13,104,0,117,0,15,184,0,199,116,2,118,317
05/12/2002,SAC,CA,AWP,WE,Federal Contract Tower,0,1,47,0,48,0,11,140,0,151,0,12,187,0,199,102,0,102,301
05/13/2002,SAC,CA,AWP,WE,Federal Contract Tower,0,4,110,0,114,0,8,146,0,154,0,12,256,0,268,106,0,106,374
05/14/2002,SAC,CA,AWP,WE,Federal Contract Tower,0,4,99,0,103,0,9,197,0,206,0,13,296,0,309,107,0,107,416
05/15/2002,SAC,CA,AWP,WE,Federal Contract Tower,0,4,110,0,114,0,13,149,0,162,0,17,259,0,276,84,0,84,360
05/16/2002,SAC,CA,AWP,WE,Federal Contract Tower,0,4,102,0,106,0,11,198,0,209,0,15,300,0,315,60,0,60,375
05/17/2002,SAC,CA,AWP,WE,Federal Contract Tower,0,3,86,0,89,0,2,174,0,176,0,5,260,0,265,60,0,60,325
05/18/2002,SAC,CA,AWP,WE,Federal Contract Tower,0,4,107,0,111,0,1,209,0,210,0,5,316,0,321,121,0,121,442
05/19/2002,SAC,CA,AWP,WE,Federal Contract Tower,0,5,173,0,178,0,0,0,0,0,0,5,173,0,178,118,0,118,296
05/20/2002,SAC,CA,AWP,WE,Federal Contract Tower,0,4,87,0,91,0,8,0,0,8,0,12,87,0,99,20,0,20,119
05/21/2002,SAC,CA,AWP,WE,Federal Contract Tower,0,5,122,0,127,0,5,0,0,5,0,10,122,0,132,88,0,88,220
05/22/2002,SAC,CA,AWP,WE,Federal Contract Tower,0,5,128,0,133,0,15,185,0,200,0,20,313,0,333,77,0,77,410
05/23/2002,SAC,CA,AWP,WE,Federal Contract Tower,0,5,119,0,124,0,15,181,0,196,0,20,300,0,320,100,0,100,420
05/24/2002,SAC,CA,AWP,WE,Federal Contract Tower,0,4,101,0,105,0,6,199,0,205,0,10,300,0,310,70,0,70,380
05/25/2002,SAC,CA,AWP,WE,Federal Contract Tower,0,0,53,0,53,0,5,160,0,165,0,5,213,0,218,91,0,91,309
05/26/2002,SAC,CA,AWP,WE,Federal Contract Tower,0,2,52,0,54,0,4,147,0,151,0,6,199,0,205,56,0,56,261
05/27/2002,SAC,CA,AWP,WE,Federal Contract Tower,0,2,65,0,67,0,2,176,0,178,0,4,241,0,245,82,0,82,327
05/28/2002,SAC,CA,AWP,WE,Federal Contract Tower,0,5,140,4,149,0,20,132,5,157,0,25,272,9,306,90,8,98,404
05/29/2002,SAC,CA,AWP,WE,Federal Contract Tower,0,4,114,0,118,0,16,188,0,204,0,20,302,0,322,77,0,77,399
05/30/2002,SAC,CA,AWP,WE,Federal Contract Tower,0,3,75,0,78,0,7,175,0,182,0,10,250,0,260,50,0,50,310
05/31/2002,SAC,CA,AWP,WE,Federal Contract Tower,0,3,81,0,84,0,7,89,0,96,0,10,170,0,180,60,0,60,240
06/01/2002,SAC,CA,AWP,WE,Federal Contract Tower,0,3,100,0,103,0,3,105,0,108,0,6,205,0,211,145,0,145,356
06/02/2002,SAC,CA,AWP,WE,Federal Contract Tower,0,2,77,0,79,0,18,137,0,155,0,20,214,0,234,86,0,86,320
06/03/2002,SAC,CA,AWP,WE,Federal Contract Tower,0,3,71,0,74,0,9,114,0,123,0,12,185,0,197,122,0,122,319
06/04/2002,SAC,CA,AWP,WE,Federal Contract Tower,0,4,129,0,133,0,14,131,0,145,0,18,260,0,278,132,0,132,410
06/05/2002,SAC,CA,AWP,WE,Federal Contract Tower,0,3,88,0,91,0,19,160,0,179,0,22,248,0,270,147,0,147,417
06/06/2002,SAC,CA,AWP,WE,Federal Contract Tower,0,3,98,0,101,0,17,162,0,179,0,20,260,0,280,120,0,120,400
06/07/2002,SAC,CA,AWP,WE,Federal Contract Tower,0,3,91,0,94,0,7,209,0,216,0,10,300,0,310,90,0,90,400
06/08/2002,SAC,CA,AWP,WE,Federal Contract Tower,0,1,42,0,43,0,9,58,0,67,0,10,100,0,110,20,0,20,130
06/09/2002,SAC,CA,AWP,WE,Federal Contract Tower,0,0,22,0,22,0,5,84,0,89,0,5,106,0,111,36,0,36,147
06/10/2002,SAC,CA,AWP,WE,Federal Contract Tower,0,3,97,4,104,0,9,83,0,92,0,12,180,4,196,92,0,92,288
06/11/2002,SAC,CA,AWP,WE,Federal Contract Tower,0,3,96,0,99,0,18,169,0,187,0,21,265,0,286,124,0,124,410
06/12/2002,SAC,CA,AWP,WE,Federal Contract Tower,0,4,129,2,135,0,7,184,0,191,0,11,313,2,326,120,0,120,446
06/13/2002,SAC,CA,AWP,WE,Federal Contract Tower,0,3,80,4,87,0,17,140,1,158,0,20,220,5,245,80,4,84,329
06/14/2002,SAC,CA,AWP,WE,Federal Contract Tower,0,3,97,0,100,0,7,193,0,200,0,10,290,0,300,90,0,90,390
06/15/2002,SAC,CA,AWP,WE,Federal Contract Tower,0,2,79,0,81,0,16,223,0,239,0,18,302,0,320,156,0,156,476
06/16/2002,SAC,CA,AWP,WE,Federal Contract Tower,0,2,61,3,66,0,5,196,0,201,0,7,257,3,267,114,2,116,383
06/17/2002,SAC,CA,AWP,WE,Federal Contract Tower,0,4,103,2,109,0,13,113,0,126,0,17,216,2,235,108,2,110,345
06/18/2002,SAC,CA,AWP,WE,Federal Contract Tower,0,5,109,0,114,0,11,195,0,206,0,16,304,0,320,116,0,116,436
06/19/2002,SAC,CA,AWP,WE,Federal Contract Tower,0,3,69,0,72,0,17,162,0,179,0,20,231,0,251,88,0,88,339
06/20/2002,SAC,CA,AWP,WE,Federal Contract Tower,0,4,92,0,96,0,6,172,0,178,0,10,264,0,274,66,0,66,340
06/21/2002,SAC,CA,AWP,WE,Federal Contract Tower,0,4,85,0,89,0,6,145,0,151,0,10,230,0,240,50,0,50,290
06/22/2002,SAC,CA,AWP,WE,Federal Contract Tower,0,5,127,0,132,0,8,88,0,96,0,13,215,0,228,118,0,118,346
06/23/2002,SAC,CA,AWP,WE,Federal Contract Tower,0,2,54,0,56,0,4,191,0,195,0,6,245,0,251,52,0,52,303
06/24/2002,SAC,CA,AWP,WE,Federal Contract Tower,0,3,75,0,78,0,7,129,0,136,0,10,204,0,214,60,0,60,274
06/25/2002,SAC,CA,AWP,WE,Federal Contract Tower,0,2,30,0,32,0,18,267,0,285,0,20,297,0,317,85,0,85,402
06/26/2002,SAC,CA,AWP,WE,Federal Contract Tower,0,5,112,0,117,0,21,205,0,226,0,26,317,0,343,67,0,67,410
06/27/2002,SAC,CA,AWP,WE,Federal Contract Tower,0,5,127,0,132,0,15,113,0,128,0,20,240,0,260,120,0,120,380
06/28/2002,SAC,CA,AWP,WE,Federal Contract Tower,0,5,109,0,114,0,15,141,0,156,0,20,250,0,270,80,0,80,350
06/29/2002,SAC,CA,AWP,WE,Federal Contract Tower,0,0,22,0,22,0,12,159,0,171,0,12,181,0,193,38,6,44,237
06/30/2002,SAC,CA,AWP,WE,Federal Contract Tower,0,4,71,0,75,0,2,107,0,109,0,6,178,0,184,76,0,76,260
07/01/2002,SAC,CA,AWP,WE,Federal Contract Tower,0,2,74,0,76,0,10,147,0,157,0,12,221,0,233,152,0,152,385
07/02/2002,SAC,CA,AWP,WE,Federal Contract Tower,0,2,107,0,109,0,16,120,0,136,0,18,227,0,245,79,0,79,324
07/03/2002,SAC,CA,AWP,WE,Federal Contract Tower,0,1,71,0,72,0,14,134,0,148,0,15,205,0,220,42,0,42,262
07/04/2002,SAC,CA,AWP,WE,Federal Contract Tower,0,1,51,0,52,0,19,69,0,88,0,20,120,0,140,50,0,50,190
07/05/2002,SAC,CA,AWP,WE,Federal Contract Tower,0,2,95,0,97,0,8,105,0,113,0,10,200,0,210,70,0,70,280
07/06/2002,SAC,CA,AWP,WE,Federal Contract Tower,0,1,55,0,56,0,17,174,0,191,0,18,229,0,247,100,0,100,347
07/07/2002,SAC,CA,AWP,WE,Federal Contract Tower,0,1,65,0,66,0,5,71,0,76,0,6,136,0,142,80,0,80,222
07/08/2002,SAC,CA,AWP,WE,Federal Contract Tower,0,1,62,0,63,0,11,151,0,162,0,12,213,0,225,108,0,108,333
07/09/2002,SAC,CA,AWP,WE,Federal Contract Tower,0,2,110,2,114,0,23,156,0,179,0,25,266,2,293,111,2,113,406
07/10/2002,SAC,CA,AWP,WE,Federal Contract Tower,0,0,42,0,42,0,17,143,0,160,0,17,185,0,202,72,0,72,274
07/11/2002,SAC,CA,AWP,WE,Federal Contract Tower,0,1,70,0,71,0,19,200,0,219,0,20,270,0,290,50,0,50,340
07/12/2002,SAC,CA,AWP,WE,Federal Contract Tower,0,1,70,0,71,0,9,180,0,189,0,10,250,0,260,70,0,70,330
07/13/2002,SAC,CA,AWP,WE,Federal Contract Tower,0,1,48,0,49,0,10,183,0,193,0,11,231,0,242,70,0,70,312
07/14/2002,SAC,CA,AWP,WE,Federal Contract Tower,0,0,40,0,40,0,13,124,0,137,0,13,164,0,177,75,0,75,252
07/15/2002,SAC,CA,AWP,WE,Federal Contract Tower,0,0,41,0,41,0,18,161,0,179,0,18,202,0,220,79,0,79,299
07/16/2002,SAC,CA,AWP,WE,Federal Contract Tower,0,2,104,0,106,0,14,199,0,213,0,16,303,0,319,84,0,84,403
07/17/2002,SAC,CA,AWP,WE,Federal Contract Tower,0,3,114,0,117,0,14,176,0,190,0,17,290,0,307,105,0,105,412
07/18/2002,SAC,CA,AWP,WE,Federal Contract Tower,0,3,79,0,82,0,17,141,0,158,0,20,220,0,240,70,0,70,310
07/19/2002,SAC,CA,AWP,WE,Federal Contract Tower,0,3,80,0,83,0,17,140,0,157,0,20,220,0,240,80,0,80,320
07/20/2002,SAC,CA,AWP,WE,Federal Contract Tower,0,1,41,0,42,0,10,145,0,155,0,11,186,0,197,37,0,37,234
07/21/2002,SAC,CA,AWP,WE,Federal Contract Tower,0,1,43,0,44,0,7,133,0,140,0,8,176,0,184,82,0,82,266
07/22/2002,SAC,CA,AWP,WE,Federal Contract Tower,0,3,91,0,94,0,17,204,0,221,0,20,295,0,315,108,2,110,425
07/23/2002,SAC,CA,AWP,WE,Federal Contract Tower,0,3,114,0,117,0,14,102,0,116,0,17,216,0,233,92,0,92,325
07/24/2002,SAC,CA,AWP,WE,Federal Contract Tower,0,1,40,0,41,0,23,241,0,264,0,24,281,0,305,66,0,66,371
07/25/2002,SAC,CA,AWP,WE,Federal Contract Tower,0,3,100,0,103,0,11,171,0,182,0,14,271,0,285,126,0,126,411
07/26/2002,SAC,CA,AWP,WE,Federal Contract Tower,0,3,90,2,95,0,23,136,0,159,0,26,226,2,254,86,2,88,342
07/27/2002,SAC,CA,AWP,WE,Federal Contract Tower,0,1,70,0,71,0,8,146,0,154,0,9,216,0,225,85,0,85,310
07/28/2002,SAC,CA,AWP,WE,Federal Contract Tower,0,0,45,0,45,0,10,131,0,141,0,10,176,0,186,42,0,42,228
07/29/2002,SAC,CA,AWP,WE,Federal Contract Tower,0,1,63,2,66,0,13,125,0,138,0,14,188,2,204,61,4,65,269
07/30/2002,SAC,CA,AWP,WE,Federal Contract Tower,0,3,148,2,153,0,11,92,0,103,0,14,240,2,256,123,1,124,380
07/31/2002,SAC,CA,AWP,WE,Federal Contract Tower,0,0,47,0,47,0,24,158,0,182,0,24,205,0,229,58,0,58,287
08/01/2002,SAC,CA,AWP,WE,Federal Contract Tower,0,0,68,1,69,0,20,172,1,193,0,20,240,2,262,90,2,92,354
08/02/2002,SAC,CA,AWP,WE,Federal Contract Tower,0,1,104,0,105,0,14,196,0,210,0,15,300,0,315,100,0,100,415
08/03/2002,SAC,CA,AWP,WE,Federal Contract Tower,0,1,101,0,102,0,8,103,0,111,0,9,204,0,213,75,0,75,288
08/04/2002,SAC,CA,AWP,WE,Federal Contract Tower,0,1,63,0,64,0,5,99,0,104,0,6,162,0,168,104,0,104,272
08/05/2002,SAC,CA,AWP,WE,Federal Contract Tower,0,0,73,0,73,0,14,148,0,162,0,14,221,0,235,78,0,78,313
08/06/2002,SAC,CA,AWP,WE,Federal Contract Tower,0,3,186,0,189,0,13,24,0,37,0,16,210,0,226,139,0,139,365
08/07/2002,SAC,CA,AWP,WE,Federal Contract Tower,0,3,179,0,182,0,23,57,0,80,0,26,236,0,262,154,0,154,416
08/08/2002,SAC,CA,AWP,WE,Federal Contract Tower,0,2,116,0,118,0,18,174,0,192,0,20,290,0,310,120,0,120,430
08/09/2002,SAC,CA,AWP,WE,Federal Contract Tower,0,1,63,0,64,0,9,197,0,206,0,10,260,0,270,100,0,100,370
08/10/2002,SAC,CA,AWP,WE,Federal Contract Tower,0,1,87,0,88,0,15,105,0,120,0,16,192,0,208,75,0,75,283
08/11/2002,SAC,CA,AWP,WE,Federal Contract Tower,0,1,80,0,81,0,9,123,0,132,0,10,203,0,213,94,0,94,307
08/12/2002,SAC,CA,AWP,WE,Federal Contract Tower,0,1,78,0,79,0,13,143,0,156,0,14,221,0,235,90,0,90,325
08/13/2002,SAC,CA,AWP,WE,Federal Contract Tower,0,2,131,0,133,0,18,59,0,77,0,20,190,0,210,110,0,110,320
08/14/2002,SAC,CA,AWP,WE,Federal Contract Tower,0,1,104,2,107,0,21,156,0,177,0,22,260,2,284,155,2,157,441
08/15/2002,SAC,CA,AWP,WE,Federal Contract Tower,0,2,141,0,143,0,9,98,0,107,0,11,239,0,250,144,0,144,394
08/16/2002,SAC,CA,AWP,WE,Federal Contract Tower,0,2,119,0,121,0,13,181,0,194,0,15,300,0,315,100,0,100,415
08/17/2002,SAC,CA,AWP,WE,Federal Contract Tower,0,3,141,0,144,0,7,59,0,66,0,10,200,0,210,140,0,140,350
08/18/2002,SAC,CA,AWP,WE,Federal Contract Tower,0,2,76,0,78,0,2,123,0,125,0,4,199,0,203,102,0,102,305
08/19/2002,SAC,CA,AWP,WE,Federal Contract Tower,0,2,99,1,102,0,18,87,1,106,0,20,186,2,208,126,2,128,336
08/20/2002,SAC,CA,AWP,WE,Federal Contract Tower,0,4,173,2,179,0,15,100,0,115,0,19,273,2,294,144,0,144,438
08/21/2002,SAC,CA,AWP,WE,Federal Contract Tower,0,1,71,2,74,0,12,167,2,181,0,13,238,4,255,87,0,87,342
08/22/2002,SAC,CA,AWP,WE,Federal Contract Tower,0,3,132,2,137,0,22,100,0,122,0,25,232,2,259,110,0,110,369
08/23/2002,SAC,CA,AWP,WE,Federal Contract Tower,0,3,159,0,162,0,17,241,0,258,0,20,400,0,420,162,0,162,582
08/24/2002,SAC,CA,AWP,WE,Federal Contract Tower,0,3,130,0,133,0,16,170,0,186,0,19,300,0,319,120,0,120,439
08/25/2002,SAC,CA,AWP,WE,Federal Contract Tower,0,2,96,0,98,0,13,169,0,182,0,15,265,0,280,100,0,100,380
08/26/2002,SAC,CA,AWP,WE,Federal Contract Tower,0,3,125,0,128,0,13,87,0,100,0,16,212,0,228,134,0,134,362
08/27/2002,SAC,CA,AWP,WE,Federal Contract Tower,0,4,180,4,188,0,23,121,0,144,0,27,301,4,332,154,2,156,488
08/28/2002,SAC,CA,AWP,WE,Federal Contract Tower,0,3,116,0,119,0,17,182,0,199,0,20,298,0,318,146,0,146,464
08/29/2002,SAC,CA,AWP,WE,Federal Contract Tower,0,3,145,3,151,0,18,145,3,166,0,21,290,6,317,137,0,137,454
08/30/2002,SAC,CA,AWP,WE,Federal Contract Tower,0,3,126,0,129,0,17,184,0,201,0,20,310,0,330,142,0,142,472
08/31/2002,SAC,CA,AWP,WE,Federal Contract Tower,0,3,148,0,151,0,27,172,0,199,0,30,320,0,350,152,0,152,502
09/01/2002,SAC,CA,AWP,WE,Federal Contract Tower,0,3,116,0,119,0,7,24,0,31,0,10,140,0,150,70,0,70,220
09/02/2002,SAC,CA,AWP,WE,Federal Contract Tower,0,2,98,0,100,0,8,82,0,90,0,10,180,0,190,60,0,60,250
09/03/2002,SAC,CA,AWP,WE,Federal Contract Tower,0,3,130,2,135,0,12,82,0,94,0,15,212,2,229,104,0,104,333
09/04/2002,SAC,CA,AWP,WE,Federal Contract Tower,0,2,105,0,107,0,13,92,0,105,0,15,197,0,212,111,0,111,323
09/05/2002,SAC,CA,AWP,WE,Federal Contract Tower,0,2,90,2,94,0,25,145,0,170,0,27,235,2,264,106,2,108,372
09/06/2002,SAC,CA,AWP,WE,Federal Contract Tower,0,3,118,0,121,0,17,132,0,149,0,20,250,0,270,90,0,90,360
09/07/2002,SAC,CA,AWP,WE,Federal Contract Tower,0,4,157,0,161,0,16,103,0,119,0,20,260,0,280,150,0,150,430
09/08/2002,SAC,CA,AWP,WE,Federal Contract Tower,0,2,75,0,77,0,6,72,0,78,0,8,147,0,155,44,0,44,199
09/09/2002,SAC,CA,AWP,WE,Federal Contract Tower,0,2,103,0,105,0,12,179,0,191,0,14,282,0,296,132,0,132,428
09/10/2002,SAC,CA,AWP,WE,Federal Contract Tower,0,2,81,1,84,0,18,195,0,213,0,20,276,1,297,102,0,102,399
09/11/2002,SAC,CA,AWP,WE,Federal Contract Tower,0,2,76,0,78,0,8,101,0,109,0,10,177,0,187,80,0,80,267
09/12/2002,SAC,CA,AWP,WE,Federal Contract Tower,0,2,103,4,109,0,16,187,0,203,0,18,290,4,312,140,0,140,452
09/13/2002,SAC,CA,AWP,WE,Federal Contract Tower,0,3,128,0,131,0,12,232,0,244,0,15,360,0,375,120,0,120,495
09/14/2002,SAC,CA,AWP,WE,Federal Contract Tower,0,2,109,0,111,0,8,111,0,119,0,10,220,0,230,130,0,130,360
09/15/2002,SAC,CA,AWP,WE,Federal Contract Tower,0,2,86,2,90,0,6,76,0,82,0,8,162,2,172,62,0,62,234
09/16/2002,SAC,CA,AWP,WE,Federal Contract Tower,0,2,90,0,92,0,13,87,0,100,0,15,177,0,192,74,0,74,266
09/17/2002,SAC,CA,AWP,WE,Federal Contract Tower,0,2,85,2,89,0,18,221,0,239,0,20,306,2,328,106,0,106,434
09/18/2002,SAC,CA,AWP,WE,Federal Contract Tower,0,3,124,4,131,0,18,77,0,95,0,21,201,4,226,102,0,102,328
09/19/2002,SAC,CA,AWP,WE,Federal Contract Tower,0,3,143,0,146,0,17,89,0,106,0,20,232,0,252,86,8,94,346
09/20/2002,SAC,CA,AWP,WE,Federal Contract Tower,0,4,136,0,140,0,6,84,0,90,0,10,220,0,230,70,0,70,300
09/21/2002,SAC,CA,AWP,WE,Federal Contract Tower,0,2,79,0,81,0,18,121,0,139,0,20,200,0,220,80,0,80,300
09/22/2002,SAC,CA,AWP,WE,Federal Contract Tower,0,2,63,0,65,0,3,128,0,131,0,5,191,0,196,36,0,36,232
09/23/2002,SAC,CA,AWP,WE,Federal Contract Tower,0,4,0,5,9,0,14,0,217,231,0,18,0,222,240,52,0,52,292
09/24/2002,SAC,CA,AWP,WE,Federal Contract Tower,0,2,63,2,67,0,14,84,0,98,0,16,147,2,165,54,0,54,219
09/25/2002,SAC,CA,AWP,WE,Federal Contract Tower,0,3,109,0,112,0,26,136,0,162,0,29,245,0,274,89,0,89,363
09/26/2002,SAC,CA,AWP,WE,Federal Contract Tower,0,3,101,0,104,0,17,102,0,119,0,20,203,0,223,69,0,69,292
09/27/2002,SAC,CA,AWP,WE,Federal Contract Tower,0,4,127,1,132,0,15,110,0,125,0,19,237,1,257,150,0,150,407
09/28/2002,SAC,CA,AWP,WE,Federal Contract Tower,0,3,101,1,105,0,5,117,0,122,0,8,218,1,227,98,0,98,325
09/29/2002,SAC,CA,AWP,WE,Federal Contract Tower,0,1,67,0,68,0,13,156,0,169,0,14,223,0,237,66,0,66,303
09/30/2002,SAC,CA,AWP,WE,Federal Contract Tower,0,1,45,0,46,0,15,169,0,184,0,16,214,0,230,92,0,92,322
10/01/2002,SAC,CA,AWP,WE,Federal Contract Tower,0,1,85,0,86,0,6,2,0,8,0,7,87,0,94,44,0,44,138
10/02/2002,SAC,CA,AWP,WE,Federal Contract Tower,0,1,104,2,107,0,13,33,0,46,0,14,137,2,153,43,2,45,198
10/03/2002,SAC,CA,AWP,WE,Federal Contract Tower,0,1,103,0,104,0,24,137,0,161,0,25,240,0,265,108,0,108,373
10/04/2002,SAC,CA,AWP,WE,Federal Contract Tower,0,2,149,0,151,0,8,101,0,109,0,10,250,0,260,110,0,110,370
10/05/2002,SAC,CA,AWP,WE,Federal Contract Tower,0,1,88,0,89,0,14,82,0,96,0,15,170,0,185,80,0,80,265
10/06/2002,SAC,CA,AWP,WE,Federal Contract Tower,0,1,81,0,82,0,9,102,0,111,0,10,183,0,193,40,0,40,233
10/07/2002,SAC,CA,AWP,WE,Federal Contract Tower,0,0,72,0,72,0,14,106,0,120,0,14,178,0,192,58,0,58,250
10/08/2002,SAC,CA,AWP,WE,Federal Contract Tower,0,2,79,0,81,0,19,155,0,174,0,21,234,0,255,68,0,68,323
10/09/2002,SAC,CA,AWP,WE,Federal Contract Tower,0,3,211,5,219,0,25,25,1,51,0,28,236,6,270,153,0,153,423
10/10/2002,SAC,CA,AWP,WE,Federal Contract Tower,0,2,133,2,137,0,17,126,0,143,0,19,259,2,280,102,2,104,384
10/11/2002,SAC,CA,AWP,WE,Federal Contract Tower,0,2,139,0,141,0,14,123,0,137,0,16,262,0,278,75,0,75,353
10/12/2002,SAC,CA,AWP,WE,Federal Contract Tower,0,2,83,0,85,0,13,117,0,130,0,15,200,0,215,60,0,60,275
10/13/2002,SAC,CA,AWP,WE,Federal Contract Tower,0,1,65,0,66,0,10,129,0,139,0,11,194,0,205,74,0,74,279
10/14/2002,SAC,CA,AWP,WE,Federal Contract Tower,0,1,42,0,43,0,7,169,0,176,0,8,211,0,219,62,0,62,281
10/15/2002,SAC,CA,AWP,WE,Federal Contract Tower,0,2,115,0,117,0,12,128,0,140,0,14,243,0,257,96,0,96,353
10/16/2002,SAC,CA,AWP,WE,Federal Contract Tower,0,2,76,0,78,0,12,132,0,144,0,14,208,0,222,52,0,52,274
10/17/2002,SAC,CA,AWP,WE,Federal Contract Tower,0,2,122,0,124,0,15,152,0,167,0,17,274,0,291,84,0,84,375
10/18/2002,SAC,CA,AWP,WE,Federal Contract Tower,0,2,128,1,131,0,12,98,0,110,0,14,226,1,241,94,0,94,335
10/19/2002,SAC,CA,AWP,WE,Federal Contract Tower,0,1,71,2,74,0,7,153,0,160,0,8,224,2,234,56,0,56,290
10/20/2002,SAC,CA,AWP,WE,Federal Contract Tower,0,1,45,0,46,0,8,143,0,151,0,9,188,0,197,68,0,68,265
10/21/2002,SAC,CA,AWP,WE,Federal Contract Tower,0,2,76,0,78,0,16,166,0,182,0,18,242,0,260,48,0,48,308
10/22/2002,SAC,CA,AWP,WE,Federal Contract Tower,0,2,97,0,99,0,16,167,0,183,0,18,264,0,282,110,0,110,392
10/23/2002,SAC,CA,AWP,WE,Federal Contract Tower,0,2,133,2,137,0,16,0,0,16,0,18,133,2,153,116,2,118,271
10/24/2002,SAC,CA,AWP,WE,Federal Contract Tower,0,1,140,0,141,0,21,150,0,171,0,22,290,0,312,139,0,139,451
10/25/2002,SAC,CA,AWP,WE,Federal Contract Tower,0,1,108,0,109,0,13,116,0,129,0,14,224,0,238,64,0,64,302
10/26/2002,SAC,CA,AWP,WE,Federal Contract Tower,0,1,101,0,102,0,18,189,0,207,0,19,290,0,309,110,0,110,419
10/27/2002,SAC,CA,AWP,WE,Federal Contract Tower,0,0,49,0,49,0,9,133,0,142,0,9,182,0,191,48,0,48,239
10/28/2002,SAC,CA,AWP,WE,Federal Contract Tower,0,0,49,0,49,0,18,181,6,205,0,18,230,6,254,114,6,120,374
10/29/2002,SAC,CA,AWP,WE,Federal Contract Tower,0,1,105,2,108,0,15,131,4,150,0,16,236,6,258,86,6,92,350
10/30/2002,SAC,CA,AWP,WE,Federal Contract Tower,0,1,123,0,124,0,17,141,0,158,0,18,264,0,282,148,0,148,430
10/31/2002,SAC,CA,AWP,WE,Federal Contract Tower,0,2,141,0,143,0,22,126,0,148,0,24,267,0,291,102,0,102,393
11/01/2002,SAC,CA,AWP,WE,Federal Contract Tower,0,2,154,0,156,0,14,97,0,111,0,16,251,0,267,145,0,145,412
11/02/2002,SAC,CA,AWP,WE,Federal Contract Tower,0,1,136,0,137,0,7,120,4,131,0,8,256,4,268,98,0,98,366
11/03/2002,SAC,CA,AWP,WE,Federal Contract Tower,0,0,88,0,88,0,9,124,2,135,0,9,212,2,223,64,0,64,287
11/04/2002,SAC,CA,AWP,WE,Federal Contract Tower,0,2,133,0,135,0,14,65,0,79,0,16,198,0,214,118,0,118,332
11/05/2002,SAC,CA,AWP,WE,Federal Contract Tower,0,2,103,0,105,0,20,50,1,71,0,22,153,1,176,84,0,84,260
11/06/2002,SAC,CA,AWP,WE,Federal Contract Tower,0,3,152,0,155,0,25,78,2,105,0,28,230,2,260,104,2,106,366
11/07/2002,SAC,CA,AWP,WE,Federal Contract Tower,0,1,70,0,71,0,8,0,0,8,0,9,70,0,79,9,0,9,88
11/08/2002,SAC,CA,AWP,WE,Federal Contract Tower,0,2,61,0,63,0,14,0,0,14,0,16,61,0,77,63,4,67,144
11/09/2002,SAC,CA,AWP,WE,Federal Contract Tower,0,2,95,0,97,0,9,0,0,9,0,11,95,0,106,20,0,20,126
11/10/2002,SAC,CA,AWP,WE,Federal Contract Tower,0,2,74,0,76,0,2,0,0,2,0,4,74,0,78,72,0,72,150
11/11/2002,SAC,CA,AWP,WE,Federal Contract Tower,0,3,144,0,147,0,8,22,0,30,0,11,166,0,177,100,0,100,277
11/12/2002,SAC,CA,AWP,WE,Federal Contract Tower,0,2,94,0,96,0,12,81,2,95,0,14,175,2,191,70,0,70,261
11/13/2002,SAC,CA,AWP,WE,Federal Contract Tower,0,2,135,0,137,0,16,61,0,77,0,18,196,0,214,64,0,64,278
11/14/2002,SAC,CA,AWP,WE,Federal Contract Tower,0,4,188,1,193,0,16,77,0,93,0,20,265,1,286,129,1,130,416
11/15/2002,SAC,CA,AWP,WE,Federal Contract Tower,0,2,210,0,212,0,0,0,0,0,0,2,210,0,212,55,0,55,267
11/16/2002,SAC,CA,AWP,WE,Federal Contract Tower,0,3,98,0,101,0,2,0,0,2,0,5,98,0,103,46,0,46,149
11/17/2002,SAC,CA,AWP,WE,Federal Contract Tower,0,2,114,0,116,0,3,55,0,58,0,5,169,0,174,88,0,88,262
11/18/2002,SAC,CA,AWP,WE,Federal Contract Tower,0,2,102,0,104,0,10,29,0,39,0,12,131,0,143,50,0,50,193
11/19/2002,SAC,CA,AWP,WE,Federal Contract Tower,0,2,109,0,111,0,15,0,0,15,0,17,109,0,126,66,0,66,192
11/20/2002,SAC,CA,AWP,WE,Federal Contract Tower,0,4,140,0,144,0,16,0,2,18,0,20,140,2,162,69,0,69,231
11/21/2002,SAC,CA,AWP,WE,Federal Contract Tower,0,5,170,0,175,0,9,0,0,9,0,14,170,0,184,101,0,101,285
11/22/2002,SAC,CA,AWP,WE,Federal Contract Tower,0,3,155,0,158,0,13,34,0,47,0,16,189,0,205,144,0,144,349
11/23/2002,SAC,CA,AWP,WE,Federal Contract Tower,0,1,56,0,57,0,1,0,0,1,0,2,56,0,58,0,0,0,58
11/24/2002,SAC,CA,AWP,WE,Federal Contract Tower,0,3,81,0,84,0,4,0,1,5,0,7,81,1,89,62,0,62,151
11/25/2002,SAC,CA,AWP,WE,Federal Contract Tower,0,3,122,0,125,0,11,0,0,11,0,14,122,0,136,74,0,74,210
11/26/2002,SAC,CA,AWP,WE,Federal Contract Tower,0,1,93,0,94,0,15,81,0,96,0,16,174,0,190,86,0,86,276
11/27/2002,SAC,CA,AWP,WE,Federal Contract Tower,0,1,71,0,72,0,14,18,0,32,0,15,89,0,104,64,0,64,168
11/28/2002,SAC,CA,AWP,WE,Federal Contract Tower,0,0,20,0,20,0,4,27,0,31,0,4,47,0,51,6,0,6,57
11/29/2002,SAC,CA,AWP,WE,Federal Contract Tower,0,4,110,0,114,0,14,0,0,14,0,18,110,0,128,50,0,50,178
11/30/2002,SAC,CA,AWP,WE,Federal Contract Tower,0,4,135,0,139,0,6,0,0,6,0,10,135,0,145,65,0,65,210
12/01/2002,SAC,CA,AWP,WE,Federal Contract Tower,0,0,82,0,82,0,5,175,0,180,0,5,257,0,262,40,0,40,302
12/02/2002,SAC,CA,AWP,WE,Federal Contract Tower,0,0,86,0,86,0,12,149,0,161,0,12,235,0,247,42,0,42,289
12/03/2002,SAC,CA,AWP,WE,Federal Contract Tower,0,0,85,0,85,0,15,122,0,137,0,15,207,0,222,94,0,94,316
12/04/2002,SAC,CA,AWP,WE,Federal Contract Tower,0,0,68,0,68,0,22,145,0,167,0,22,213,0,235,104,0,104,339
12/05/2002,SAC,CA,AWP,WE,Federal Contract Tower,0,0,59,0,59,0,16,87,0,103,0,16,146,0,162,82,0,82,244
12/06/2002,SAC,CA,AWP,WE,Federal Contract Tower,0,6,91,3,100,0,17,52,1,70,0,23,143,4,170,120,0,120,290
12/07/2002,SAC,CA,AWP,WE,Federal Contract Tower,0,0,119,6,125,0,14,134,0,148,0,14,253,6,273,132,0,132,405
12/08/2002,SAC,CA,AWP,WE,Federal Contract Tower,0,0,38,0,38,0,9,90,0,99,0,9,128,0,137,48,0,48,185
12/09/2002,SAC,CA,AWP,WE,Federal Contract Tower,0,8,61,0,69,0,6,23,0,29,0,14,84,0,98,0,0,0,98
12/10/2002,SAC,CA,AWP,WE,Federal Contract Tower,0,0,52,0,52,0,13,39,0,52,0,13,91,0,104,44,0,44,148
12/11/2002,SAC,CA,AWP,WE,Federal Contract Tower,0,0,60,0,60,0,6,12,0,18,0,6,72,0,78,38,0,38,116
12/12/2002,SAC,CA,AWP,WE,Federal Contract Tower,0,5,79,0,84,0,3,0,0,3,0,8,79,0,87,59,0,59,146
12/13/2002,SAC,CA,AWP,WE,Federal Contract Tower,0,4,76,0,80,0,0,10,0,10,0,4,86,0,90,8,0,8,98
12/14/2002,SAC,CA,AWP,WE,Federal Contract Tower,0,0,17,0,17,0,1,1,0,2,0,1,18,0,19,4,0,4,23
12/15/2002,SAC,CA,AWP,WE,Federal Contract Tower,0,0,27,0,27,0,2,16,0,18,0,2,43,0,45,24,0,24,69
12/16/2002,SAC,CA,AWP,WE,Federal Contract Tower,0,8,50,0,58,0,10,0,0,10,0,18,50,0,68,38,0,38,106
12/17/2002,SAC,CA,AWP,WE,Federal Contract Tower,0,0,90,0,90,0,11,115,2,128,0,11,205,2,218,78,0,78,296
12/18/2002,SAC,CA,AWP,WE,Federal Contract Tower,0,2,101,1,104,0,18,258,1,277,0,20,359,2,381,140,0,140,521
12/19/2002,SAC,CA,AWP,WE,Federal Contract Tower,0,3,85,0,88,0,14,0,0,14,0,17,85,0,102,78,0,78,180
12/20/2002,SAC,CA,AWP,WE,Federal Contract Tower,0,2,32,0,34,0,7,18,0,25,0,9,50,0,59,14,0,14,73
12/21/2002,SAC,CA,AWP,WE,Federal Contract Tower,0,0,51,0,51,0,1,50,0,51,0,1,101,0,102,43,0,43,145
12/22/2002,SAC,CA,AWP,WE,Federal Contract Tower,0,0,62,0,62,0,6,89,0,95,0,6,151,0,157,42,0,42,199
12/23/2002,SAC,CA,AWP,WE,Federal Contract Tower,0,0,82,3,85,0,12,293,3,308,0,12,375,6,393,136,0,136,529
12/24/2002,SAC,CA,AWP,WE,Federal Contract Tower,0,0,12,0,12,0,10,47,0,57,0,10,59,0,69,10,0,10,79
12/25/2002,SAC,CA,AWP,WE,Federal Contract Tower,0,0,6,0,6,0,4,4,0,8,0,4,10,0,14,0,0,0,14
12/26/2002,SAC,CA,AWP,WE,Federal Contract Tower,0,0,19,0,19,0,14,32,0,46,0,14,51,0,65,22,0,22,87
12/27/2002,SAC,CA,AWP,WE,Federal Contract Tower,0,0,64,8,72,0,32,34,0,66,0,32,98,8,138,44,0,44,182
12/28/2002,SAC,CA,AWP,WE,Federal Contract Tower,0,2,14,0,16,0,5,20,0,25,0,7,34,0,41,33,0,33,74
12/29/2002,SAC,CA,AWP,WE,Federal Contract Tower,0,0,73,0,73,0,4,108,0,112,0,4,181,0,185,98,0,98,283
12/30/2002,SAC,CA,AWP,WE,Federal Contract Tower,0,1,46,0,47,0,10,45,0,55,0,11,91,0,102,28,0,28,130
12/31/2002,SAC,CA,AWP,WE,Federal Contract Tower,0,4,29,0,33,0,14,48,0,62,0,18,77,0,95,46,0,46,141
01/01/2003,SAC,CA,AWP,WE,Federal Contract Tower,0,1,33,0,34,0,7,153,0,160,0,8,186,0,194,30,0,30,224
01/02/2003,SAC,CA,AWP,WE,Federal Contract Tower,0,1,51,0,52,0,17,113,0,130,0,18,164,0,182,92,0,92,274
01/03/2003,SAC,CA,AWP,WE,Federal Contract Tower,0,1,114,1,116,0,11,151,2,164,0,12,265,3,280,58,0,58,338
01/04/2003,SAC,CA,AWP,WE,Federal Contract Tower,0,1,89,0,90,0,11,68,0,79,0,12,157,0,169,34,0,34,203
01/05/2003,SAC,CA,AWP,WE,Federal Contract Tower,0,1,63,0,64,0,11,143,0,154,0,12,206,0,218,62,0,62,280
01/06/2003,SAC,CA,AWP,WE,Federal Contract Tower,0,1,55,0,56,0,13,142,0,155,0,14,197,0,211,52,0,52,263
01/07/2003,SAC,CA,AWP,WE,Federal Contract Tower,0,1,42,0,43,0,10,72,0,82,0,11,114,0,125,70,0,70,195
01/08/2003,SAC,CA,AWP,WE,Federal Contract Tower,0,1,97,0,98,0,13,58,0,71,0,14,155,0,169,56,0,56,225
01/09/2003,SAC,CA,AWP,WE,Federal Contract Tower,0,7,82,1,90,0,5,51,1,57,0,12,133,2,147,26,0,26,173
01/10/2003,SAC,CA,AWP,WE,Federal Contract Tower,0,7,64,0,71,0,11,37,0,48,0,18,101,0,119,4,0,4,123
01/11/2003,SAC,CA,AWP,WE,Federal Contract Tower,0,4,85,2,91,0,12,71,0,83,0,16,156,2,174,79,0,79,253
01/12/2003,SAC,CA,AWP,WE,Federal Contract Tower,0,1,44,0,45,0,3,60,0,63,0,4,104,0,108,38,0,38,146
01/13/2003,SAC,CA,AWP,WE,Federal Contract Tower,0,1,55,1,57,0,21,136,1,158,0,22,191,2,215,58,10,68,283
01/14/2003,SAC,CA,AWP,WE,Federal Contract Tower,0,4,65,2,71,0,12,211,0,223,0,16,276,2,294,60,0,60,354
01/15/2003,SAC,CA,AWP,WE,Federal Contract Tower,0,4,91,1,96,0,31,222,0,253,0,35,313,1,349,116,0,116,465
01/16/2003,SAC,CA,AWP,WE,Federal Contract Tower,0,4,77,2,83,0,16,180,0,196,0,20,257,2,279,97,0,97,376
01/17/2003,SAC,CA,AWP,WE,Federal Contract Tower,0,0,18,0,18,0,0,12,2,14,0,0,30,2,32,6,0,6,38
01/18/2003,SAC,CA,AWP,WE,Federal Contract Tower,0,3,37,0,40,0,3,24,0,27,0,6,61,0,67,10,0,10,77
01/19/2003,SAC,CA,AWP,WE,Federal Contract Tower,0,3,57,0,60,0,5,26,0,31,0,8,83,0,91,0,0,0,91
01/20/2003,SAC,CA,AWP,WE,Federal Contract Tower,0,1,23,0,24,0,7,36,0,43,0,8,59,0,67,0,0,0,67
01/21/2003,SAC,CA,AWP,WE,Federal Contract Tower,0,2,42,0,44,0,12,43,0,55,0,14,85,0,99,24,0,24,123
01/22/2003,SAC,CA,AWP,WE,Federal Contract Tower,0,2,40,0,42,0,9,67,0,76,0,11,107,0,118,3,0,3,121
01/23/2003,SAC,CA,AWP,WE,Federal Contract Tower,0,3,87,5,95,0,9,60,2,71,0,12,147,7,166,23,0,23,189
01/24/2003,SAC,CA,AWP,WE,Federal Contract Tower,0,3,92,0,95,0,7,137,0,144,0,10,229,0,239,103,0,103,342
01/25/2003,SAC,CA,AWP,WE,Federal Contract Tower,0,2,61,0,63,0,6,119,0,125,0,8,180,0,188,112,0,112,300
01/26/2003,SAC,CA,AWP,WE,Federal Contract Tower,0,2,58,0,60,0,3,93,0,96,0,5,151,0,156,48,0,48,204
01/27/2003,SAC,CA,AWP,WE,Federal Contract Tower,0,3,55,0,58,0,15,90,0,105,0,18,145,0,163,42,0,42,205
01/28/2003,SAC,CA,AWP,WE,Federal Contract Tower,0,5,106,0,111,0,15,153,0,168,0,20,259,0,279,132,0,132,411
01/29/2003,SAC,CA,AWP,WE,Federal Contract Tower,0,2,29,0,31,0,11,111,0,122,0,13,140,0,153,64,0,64,217
01/30/2003,SAC,CA,AWP,WE,Federal Contract Tower,0,4,85,0,89,0,15,85,0,100,0,19,170,0,189,62,0,62,251
01/31/2003,SAC,CA,AWP,WE,Federal Contract Tower,0,7,141,1,149,0,10,0,0,10,0,17,141,1,159,14,0,14,173
02/01/2003,SAC,CA,AWP,WE,Federal Contract Tower,0,2,94,0,96,0,4,88,0,92,0,6,182,0,188,68,0,68,256
02/02/2003,SAC,CA,AWP,WE,Federal Contract Tower,0,0,41,0,41,0,12,143,0,155,0,12,184,0,196,78,0,78,274
02/03/2003,SAC,CA,AWP,WE,Federal Contract Tower,0,0,42,0,42,0,17,194,0,211,0,17,236,0,253,72,0,72,325
02/04/2003,SAC,CA,AWP,WE,Federal Contract Tower,0,0,104,0,104,0,21,160,0,181,0,21,264,0,285,110,0,110,395
02/05/2003,SAC,CA,AWP,WE,Federal Contract Tower,0,0,53,0,53,0,23,169,0,192,0,23,222,0,245,120,0,120,365
02/06/2003,SAC,CA,AWP,WE,Federal Contract Tower,0,12,74,0,86,0,30,208,0,238,0,42,282,0,324,62,0,62,386
02/07/2003,SAC,CA,AWP,WE,Federal Contract Tower,0,4,82,0,86,0,10,116,0,126,0,14,198,0,212,84,0,84,296
02/08/2003,SAC,CA,AWP,WE,Federal Contract Tower,0,2,76,0,78,0,10,150,0,160,0,12,226,0,238,88,0,88,326
02/09/2003,SAC,CA,AWP,WE,Federal Contract Tower,0,0,56,0,56,0,11,172,0,183,0,11,228,0,239,110,0,110,349
02/10/2003,SAC,CA,AWP,WE,Federal Contract Tower,0,3,81,0,84,0,11,92,0,103,0,14,173,0,187,84,0,84,271
02/11/2003,SAC,CA,AWP,WE,Federal Contract Tower,0,2,92,0,94,0,19,96,0,115,0,21,188,0,209,122,0,122,331
02/12/2003,SAC,CA,AWP,WE,Federal Contract Tower,0,2,33,0,35,0,23,127,0,150,0,25,160,0,185,21,0,21,206
02/13/2003,SAC,CA,AWP,WE,Federal Contract Tower,0,0,34,4,38,0,17,81,4,102,0,17,115,8,140,29,0,29,169
02/14/2003,SAC,CA,AWP,WE,Federal Contract Tower,0,5,83,1,89,0,7,88,1,96,0,12,171,2,185,66,0,66,251
02/15/2003,SAC,CA,AWP,WE,Federal Contract Tower,0,4,79,0,83,0,4,85,0,89,0,8,164,0,172,77,0,77,249
02/16/2003,SAC,CA,AWP,WE,Federal Contract Tower,0,2,59,0,61,0,10,68,0,78,0,12,127,0,139,44,0,44,183
02/17/2003,SAC,CA,AWP,WE,Federal Contract Tower,0,0,75,0,75,0,12,131,0,143,0,12,206,0,218,80,0,80,298
02/18/2003,SAC,CA,AWP,WE,Federal Contract Tower,0,0,60,0,60,0,26,166,2,194,0,26,226,2,254,90,0,90,344
02/19/2003,SAC,CA,AWP,WE,Federal Contract Tower,0,7,51,0,58,0,14,129,3,146,0,21,180,3,204,57,0,57,261
02/20/2003,SAC,CA,AWP,WE,Federal Contract Tower,0,0,51,0,51,0,23,152,0,175,0,23,203,0,226,71,0,71,297
02/21/2003,SAC,CA,AWP,WE,Federal Contract Tower,0,5,93,0,98,0,8,273,0,281,0,13,366,0,379,115,0,115,494
02/22/2003,SAC,CA,AWP,WE,Federal Contract Tower,0,8,84,0,92,0,2,300,0,302,0,10,384,0,394,96,0,96,490
02/23/2003,SAC,CA,AWP,WE,Federal Contract Tower,0,0,52,0,52,0,9,236,0,245,0,9,288,0,297,110,0,110,407
02/24/2003,SAC,CA,AWP,WE,Federal Contract Tower,0,2,43,0,45,0,15,104,0,119,0,17,147,0,164,64,0,64,228
02/25/2003,SAC,CA,AWP,WE,Federal Contract Tower,0,2,60,0,62,0,26,144,4,174,0,28,204,4,236,28,0,28,264
02/26/2003,SAC,CA,AWP,WE,Federal Contract Tower,0,1,45,0,46,0,22,130,2,154,0,23,175,2,200,80,0,80,280
02/27/2003,SAC,CA,AWP,WE,Federal Contract Tower,0,0,73,0,73,0,14,175,2,191,0,14,248,2,264,67,0,67,331
02/28/2003,SAC,CA,AWP,WE,Federal Contract Tower,0,2,64,0,66,0,14,210,0,224,0,16,274,0,290,72,0,72,362
03/01/2003,SAC,CA,AWP,WE,Federal Contract Tower,0,2,94,0,96,0,4,217,4,225,0,6,311,4,321,134,4,138,459
03/02/2003,SAC,CA,AWP,WE,Federal Contract Tower,0,0,38,0,38,0,10,190,0,200,0,10,228,0,238,98,0,98,336
03/03/2003,SAC,CA,AWP,WE,Federal Contract Tower,0,0,54,0,54,0,14,103,0,117,0,14,157,0,171,68,0,68,239
03/04/2003,SAC,CA,AWP,WE,Federal Contract Tower,0,0,76,0,76,0,25,220,2,247,0,25,296,2,323,76,0,76,399
03/05/2003,SAC,CA,AWP,WE,Federal Contract Tower,0,0,73,0,73,0,21,188,0,209,0,21,261,0,282,99,0,99,381
03/06/2003,SAC,CA,AWP,WE,Federal Contract Tower,0,0,111,0,111,0,15,236,0,251,0,15,347,0,362,82,0,82,444
03/07/2003,SAC,CA,AWP,WE,Federal Contract Tower,0,2,85,0,87,0,14,258,0,272,0,16,343,0,359,124,0,124,483
03/08/2003,SAC,CA,AWP,WE,Federal Contract Tower,0,0,62,0,62,0,22,236,0,258,0,22,298,0,320,94,0,94,414
03/09/2003,SAC,CA,AWP,WE,Federal Contract Tower,0,0,31,0,31,0,13,146,0,159,0,13,177,0,190,42,0,42,232
03/10/2003,SAC,CA,AWP,WE,Federal Contract Tower,0,0,27,0,27,0,18,126,0,144,0,18,153,0,171,50,0,50,221
03/11/2003,SAC,CA,AWP,WE,Federal Contract Tower,0,0,54,0,54,0,27,196,3,226,0,27,250,3,280,92,0,92,372
03/12/2003,SAC,CA,AWP,WE,Federal Contract Tower,0,2,71,3,76,0,18,214,3,235,0,20,285,6,311,70,0,70,381
03/13/2003,SAC,CA,AWP,WE,Federal Contract Tower,0,0,27,0,27,0,27,143,0,170,0,27,170,0,197,40,0,40,237
03/14/2003,SAC,CA,AWP,WE,Federal Contract Tower,0,4,63,0,67,0,8,132,0,140,0,12,195,0,207,66,0,66,273
03/15/2003,SAC,CA,AWP,WE,Federal Contract Tower,0,2,94,0,96,0,8,138,0,146,0,10,232,0,242,99,0,99,341
03/16/2003,SAC,CA,AWP,WE,Federal Contract Tower,0,1,45,0,46,0,5,44,0,49,0,6,89,0,95,24,0,24,119
03/17/2003,SAC,CA,AWP,WE,Federal Contract Tower,0,0,61,0,61,0,20,130,0,150,0,20,191,0,211,44,0,44,255
03/18/2003,SAC,CA,AWP,WE,Federal Contract Tower,0,0,76,0,76,0,23,182,1,206,0,23,258,1,282,112,0,112,394
03/19/2003,SAC,CA,AWP,WE,Federal Contract Tower,0,0,71,0,71,0,20,228,0,248,0,20,299,0,319,106,0,106,425
03/20/2003,SAC,CA,AWP,WE,Federal Contract Tower,0,0,55,2,57,0,25,176,0,201,0,25,231,2,258,114,0,114,372
03/21/2003,SAC,CA,AWP,WE,Federal Contract Tower,0,0,82,0,82,0,12,266,0,278,0,12,348,0,360,126,2,128,488
03/22/2003,SAC,CA,AWP,WE,Federal Contract Tower,0,0,78,0,78,0,18,234,0,252,0,18,312,0,330,119,0,119,449
03/23/2003,SAC,CA,AWP,WE,Federal Contract Tower,0,0,33,0,33,0,12,48,0,60,0,12,81,0,93,44,0,44,137
03/24/2003,SAC,CA,AWP,WE,Federal Contract Tower,0,0,52,0,52,0,14,174,0,188,0,14,226,0,240,70,0,70,310
03/25/2003,SAC,CA,AWP,WE,Federal Contract Tower,0,0,0,0,0,0,16,206,0,222,0,16,206,0,222,124,0,124,346
03/26/2003,SAC,CA,AWP,WE,Federal Contract Tower,0,5,60,0,65,0,13,133,1,147,0,18,193,1,212,88,1,89,301
03/27/2003,SAC,CA,AWP,WE,Federal Contract Tower,0,0,86,2,88,0,23,155,1,179,0,23,241,3,267,85,0,85,352
03/28/2003,SAC,CA,AWP,WE,Federal Contract Tower,0,0,68,0,68,0,8,155,0,163,0,8,223,0,231,72,0,72,303
03/29/2003,SAC,CA,AWP,WE,Federal Contract Tower,0,10,98,0,108,0,10,268,2,280,0,20,366,2,388,143,0,143,531
03/30/2003,SAC,CA,AWP,WE,Federal Contract Tower,0,0,51,0,51,0,10,185,0,195,0,10,236,0,246,89,0,89,335
03/31/2003,SAC,CA,AWP,WE,Federal Contract Tower,0,0,0,0,0,0,21,161,0,182,0,21,161,0,182,124,0,124,306
04/01/2003,SAC,CA,AWP,WE,Federal Contract Tower,0,7,87,0,94,0,5,154,3,162,0,12,241,3,256,128,0,128,384
04/02/2003,SAC,CA,AWP,WE,Federal Contract Tower,0,4,97,0,101,0,15,89,1,105,0,19,186,1,206,115,0,115,321
04/03/2003,SAC,CA,AWP,WE,Federal Contract Tower,0,0,67,4,71,0,25,181,0,206,0,25,248,4,277,99,0,99,376
04/04/2003,SAC,CA,AWP,WE,Federal Contract Tower,0,3,77,0,80,0,5,159,0,164,0,8,236,0,244,74,0,74,318
04/05/2003,SAC,CA,AWP,WE,Federal Contract Tower,0,5,83,0,88,0,7,223,0,230,0,12,306,0,318,97,0,97,415
04/06/2003,SAC,CA,AWP,WE,Federal Contract Tower,0,0,82,0,82,0,15,159,0,174,0,15,241,0,256,102,0,102,358
04/07/2003,SAC,CA,AWP,WE,Federal Contract Tower,0,0,93,0,93,0,18,270,0,288,0,18,363,0,381,134,0,134,515
04/08/2003,SAC,CA,AWP,WE,Federal Contract Tower,0,10,87,2,99,0,0,286,0,286,0,10,373,2,385,122,0,122,507
04/09/2003,SAC,CA,AWP,WE,Federal Contract Tower,0,1,38,0,39,0,25,229,2,256,0,26,267,2,295,98,2,100,395
04/10/2003,SAC,CA,AWP,WE,Federal Contract Tower,0,3,74,3,80,0,21,270,1,292,0,24,344,4,372,89,0,89,461
04/11/2003,SAC,CA,AWP,WE,Federal Contract Tower,0,0,104,0,104,0,18,304,0,322,0,18,408,0,426,118,0,118,544
04/12/2003,SAC,CA,AWP,WE,Federal Contract Tower,0,6,79,0,85,0,0,199,0,199,0,6,278,0,284,84,0,84,368
04/13/2003,SAC,CA,AWP,WE,Federal Contract Tower,0,3,97,0,100,0,1,0,0,1,0,4,97,0,101,70,0,70,171
04/14/2003,SAC,CA,AWP,WE,Federal Contract Tower,0,0,48,0,48,0,10,118,0,128,0,10,166,0,176,84,0,84,260
04/15/2003,SAC,CA,AWP,WE,Federal Contract Tower,0,6,73,0,79,0,7,133,0,140,0,13,206,0,219,116,0,116,335
04/16/2003,SAC,CA,AWP,WE,Federal Contract Tower,0,0,91,0,91,0,21,144,0,165,0,21,235,0,256,79,1,80,336
04/17/2003,SAC,CA,AWP,WE,Federal Contract Tower,0,0,65,0,65,0,20,184,0,204,0,20,249,0,269,97,0,97,366
04/18/2003,SAC,CA,AWP,WE,Federal Contract Tower,0,8,106,0,114,0,4,327,2,333,0,12,433,2,447,137,0,137,584
04/19/2003,SAC,CA,AWP,WE,Federal Contract Tower,0,0,88,0,88,0,14,288,2,304,0,14,376,2,392,122,0,122,514
04/20/2003,SAC,CA,AWP,WE,Federal Contract Tower,0,0,26,0,26,0,4,114,0,118,0,4,140,0,144,50,0,50,194
04/21/2003,SAC,CA,AWP,WE,Federal Contract Tower,0,0,108,0,108,0,16,66,0,82,0,16,174,0,190,128,0,128,318
04/22/2003,SAC,CA,AWP,WE,Federal Contract Tower,0,8,56,0,64,0,6,150,4,160,0,14,206,4,224,98,4,102,326
04/23/2003,SAC,CA,AWP,WE,Federal Contract Tower,0,0,105,0,105,0,19,226,0,245,0,19,331,0,350,149,0,149,499
04/24/2003,SAC,CA,AWP,WE,Federal Contract Tower,0,2,51,0,53,0,13,203,0,216,0,15,254,0,269,24,0,24,293
04/25/2003,SAC,CA,AWP,WE,Federal Contract Tower,0,4,77,0,81,0,1,138,4,143,0,5,215,4,224,72,0,72,296
04/26/2003,SAC,CA,AWP,WE,Federal Contract Tower,0,0,106,0,106,0,4,267,0,271,0,4,373,0,377,126,0,126,503
04/27/2003,SAC,CA,AWP,WE,Federal Contract Tower,0,0,87,0,87,0,16,250,1,267,0,16,337,1,354,115,0,115,469
04/28/2003,SAC,CA,AWP,WE,Federal Contract Tower,0,0,32,0,32,0,12,110,0,122,0,12,142,0,154,67,0,67,221
04/29/2003,SAC,CA,AWP,WE,Federal Contract Tower,0,9,86,0,95,0,8,92,0,100,0,17,178,0,195,88,0,88,283
04/30/2003,SAC,CA,AWP,WE,Federal Contract Tower,0,3,90,0,93,0,12,368,1,381,0,15,458,1,474,98,0,98,572
05/01/2003,SAC,CA,AWP,WE,Federal Contract Tower,0,0,54,0,54,0,17,327,4,348,0,17,381,4,402,118,0,118,520
05/02/2003,SAC,CA,AWP,WE,Federal Contract Tower,0,7,68,0,75,0,1,159,0,160,0,8,227,0,235,68,0,68,303
05/03/2003,SAC,CA,AWP,WE,Federal Contract Tower,0,5,59,0,64,0,5,185,0,190,0,10,244,0,254,72,0,72,326
05/04/2003,SAC,CA,AWP,WE,Federal Contract Tower,0,0,92,0,92,0,8,168,0,176,0,8,260,0,268,106,0,106,374
05/05/2003,SAC,CA,AWP,WE,Federal Contract Tower,0,0,64,2,66,0,18,180,0,198,0,18,244,2,264,110,0,110,374
05/06/2003,SAC,CA,AWP,WE,Federal Contract Tower,0,11,78,0,89,0,5,190,0,195,0,16,268,0,284,119,0,119,403
05/07/2003,SAC,CA,AWP,WE,Federal Contract Tower,0,4,109,0,113,0,15,302,0,317,0,19,411,0,430,114,0,114,544
05/08/2003,SAC,CA,AWP,WE,Federal Contract Tower,0,0,27,1,28,0,12,129,0,141,0,12,156,1,169,46,0,46,215
05/09/2003,SAC,CA,AWP,WE,Federal Contract Tower,0,5,59,0,64,0,9,337,0,346,0,14,396,0,410,68,0,68,478
05/10/2003,SAC,CA,AWP,WE,Federal Contract Tower,0,0,93,0,93,0,22,310,0,332,0,22,403,0,425,110,0,110,535
05/11/2003,SAC,CA,AWP,WE,Federal Contract Tower,0,0,47,0,47,0,9,229,0,238,0,9,276,0,285,73,0,73,358
05/12/2003,SAC,CA,AWP,WE,Federal Contract Tower,0,0,96,0,96,0,15,235,0,250,0,15,331,0,346,118,0,118,464
05/13/2003,SAC,CA,AWP,WE,Federal Contract Tower,0,15,109,0,124,0,6,262,2,270,0,21,371,2,394,176,2,178,572
05/14/2003,SAC,CA,AWP,WE,Federal Contract Tower,0,3,68,0,71,0,11,214,2,227,0,14,282,2,298,122,2,124,422
05/15/2003,SAC,CA,AWP,WE,Federal Contract Tower,0,3,72,4,79,0,31,377,6,414,0,34,449,10,493,94,6,100,593
05/16/2003,SAC,CA,AWP,WE,Federal Contract Tower,0,5,73,1,79,0,11,363,1,375,0,16,436,2,454,64,0,64,518
05/17/2003,SAC,CA,AWP,WE,Federal Contract Tower,0,1,66,0,67,0,5,361,0,366,0,6,427,0,433,75,0,75,508
05/18/2003,SAC,CA,AWP,WE,Federal Contract Tower,0,0,59,0,59,0,15,178,2,195,0,15,237,2,254,94,0,94,348
05/19/2003,SAC,CA,AWP,WE,Federal Contract Tower,0,0,75,0,75,0,24,274,2,300,0,24,349,2,375,114,0,114,489
05/20/2003,SAC,CA,AWP,WE,Federal Contract Tower,0,1,65,0,66,0,9,315,0,324,0,10,380,0,390,120,0,120,510
05/21/2003,SAC,CA,AWP,WE,Federal Contract Tower,0,0,42,0,42,0,12,358,0,370,0,12,400,0,412,81,1,82,494
05/22/2003,SAC,CA,AWP,WE,Federal Contract Tower,0,3,94,0,97,0,6,323,0,329,0,9,417,0,426,107,2,109,535
05/23/2003,SAC,CA,AWP,WE,Federal Contract Tower,0,2,84,0,86,0,10,299,0,309,0,12,383,0,395,108,0,108,503
05/24/2003,SAC,CA,AWP,WE,Federal Contract Tower,0,2,67,0,69,0,9,349,0,358,0,11,416,0,427,87,0,87,514
05/25/2003,SAC,CA,AWP,WE,Federal Contract Tower,0,1,53,0,54,0,11,170,0,181,0,12,223,0,235,80,0,80,315
05/26/2003,SAC,CA,AWP,WE,Federal Contract Tower,0,2,60,0,62,0,14,333,0,347,0,16,393,0,409,80,0,80,489
05/27/2003,SAC,CA,AWP,WE,Federal Contract Tower,0,2,64,0,66,0,14,242,2,258,0,16,306,2,324,144,0,144,468
05/28/2003,SAC,CA,AWP,WE,Federal Contract Tower,0,4,89,0,93,0,8,342,0,350,0,12,431,0,443,112,0,112,555
05/29/2003,SAC,CA,AWP,WE,Federal Contract Tower,0,3,82,0,85,0,15,330,0,345,0,18,412,0,430,97,0,97,527
05/30/2003,SAC,CA,AWP,WE,Federal Contract Tower,0,4,100,0,104,0,6,313,8,327,0,10,413,8,431,80,0,80,511
05/31/2003,SAC,CA,AWP,WE,Federal Contract Tower,0,4,78,0,82,0,10,341,0,351,0,14,419,0,433,96,0,96,529
06/01/2003,SAC,CA,AWP,WE,Federal Contract Tower,0,0,62,0,62,0,12,214,0,226,0,12,276,0,288,113,0,113,401
06/02/2003,SAC,CA,AWP,WE,Federal Contract Tower,0,0,82,0,82,0,15,239,0,254,0,15,321,0,336,116,0,116,452
06/03/2003,SAC,CA,AWP,WE,Federal Contract Tower,0,0,73,0,73,0,20,203,1,224,0,20,276,1,297,128,0,128,425
06/04/2003,SAC,CA,AWP,WE,Federal Contract Tower,0,0,35,0,35,0,13,255,2,270,0,13,290,2,305,75,0,75,380
06/05/2003,SAC,CA,AWP,WE,Federal Contract Tower,0,0,48,0,48,0,6,280,0,286,0,6,328,0,334,103,0,103,437
06/06/2003,SAC,CA,AWP,WE,Federal Contract Tower,0,0,93,0,93,0,10,301,2,313,0,10,394,2,406,106,0,106,512
06/07/2003,SAC,CA,AWP,WE,Federal Contract Tower,0,0,158,0,158,0,18,185,0,203,0,18,343,0,361,152,0,152,513
06/08/2003,SAC,CA,AWP,WE,Federal Contract Tower,0,0,106,0,106,0,10,166,0,176,0,10,272,0,282,97,0,97,379
06/09/2003,SAC,CA,AWP,WE,Federal Contract Tower,0,0,72,0,72,0,15,230,0,245,0,15,302,0,317,94,0,94,411
06/10/2003,SAC,CA,AWP,WE,Federal Contract Tower,0,4,96,0,100,0,26,162,0,188,0,30,258,0,288,108,0,108,396
06/11/2003,SAC,CA,AWP,WE,Federal Contract Tower,0,1,73,0,74,0,11,238,0,249,0,12,311,0,323,87,0,87,410
06/12/2003,SAC,CA,AWP,WE,Federal Contract Tower,0,7,144,0,151,0,16,164,4,184,0,23,308,4,335,128,0,128,463
06/13/2003,SAC,CA,AWP,WE,Federal Contract Tower,0,0,114,0,114,0,12,181,0,193,0,12,295,0,307,134,0,134,441
06/14/2003,SAC,CA,AWP,WE,Federal Contract Tower,0,0,103,0,103,0,10,195,0,205,0,10,298,0,308,110,0,110,418
06/15/2003,SAC,CA,AWP,WE,Federal Contract Tower,0,0,65,0,65,0,18,242,0,260,0,18,307,0,325,101,0,101,426
06/16/2003,SAC,CA,AWP,WE,Federal Contract Tower,0,0,32,0,32,0,18,240,0,258,0,18,272,0,290,102,0,102,392
06/17/2003,SAC,CA,AWP,WE,Federal Contract Tower,0,6,58,0,64,0,7,209,0,216,0,13,267,0,280,122,0,122,402
06/18/2003,SAC,CA,AWP,WE,Federal Contract Tower,0,0,75,0,75,0,19,284,1,304,0,19,359,1,379,119,0,119,498
06/19/2003,SAC,CA,AWP,WE,Federal Contract Tower,0,0,88,0,88,0,24,261,0,285,0,24,349,0,373,112,0,112,485
06/20/2003,SAC,CA,AWP,WE,Federal Contract Tower,0,0,71,0,71,0,12,293,2,307,0,12,364,2,378,86,0,86,464
06/21/2003,SAC,CA,AWP,WE,Federal Contract Tower,0,0,61,0,61,0,14,262,4,280,0,14,323,4,341,92,0,92,433
06/22/2003,SAC,CA,AWP,WE,Federal Contract Tower,0,0,76,0,76,0,20,264,0,284,0,20,340,0,360,110,0,110,470
06/23/2003,SAC,CA,AWP,WE,Federal Contract Tower,0,0,108,0,108,0,22,208,0,230,0,22,316,0,338,134,0,134,472
06/24/2003,SAC,CA,AWP,WE,Federal Contract Tower,0,0,79,0,79,0,10,232,0,242,0,10,311,0,321,111,0,111,432
06/25/2003,SAC,CA,AWP,WE,Federal Contract Tower,0,3,77,0,80,0,19,311,10,340,0,22,388,10,420,133,7,140,560
06/26/2003,SAC,CA,AWP,WE,Federal Contract Tower,0,0,82,0,82,0,14,260,0,274,0,14,342,0,356,122,0,122,478
06/27/2003,SAC,CA,AWP,WE,Federal Contract Tower,0,0,76,0,76,0,4,302,0,306,0,4,378,0,382,141,0,141,523
06/28/2003,SAC,CA,AWP,WE,Federal Contract Tower,0,0,68,0,68,0,23,198,2,223,0,23,266,2,291,128,0,128,419
06/29/2003,SAC,CA,AWP,WE,Federal Contract Tower,0,0,91,0,91,0,21,222,0,243,0,21,313,0,334,92,0,92,426
06/30/2003,SAC,CA,AWP,WE,Federal Contract Tower,0,0,87,0,87,0,19,217,0,236,0,19,304,0,323,93,0,93,416
07/01/2003,SAC,CA,AWP,WE,Federal Contract Tower,0,3,68,0,71,0,16,104,2,122,0,19,172,2,193,120,0,120,313
07/02/2003,SAC,CA,AWP,WE,Federal Contract Tower,0,1,100,0,101,0,18,281,0,299,0,19,381,0,400,77,0,77,477
07/03/2003,SAC,CA,AWP,WE,Federal Contract Tower,0,1,61,0,62,0,22,294,0,316,0,23,355,0,378,104,0,104,482
07/04/2003,SAC,CA,AWP,WE,Federal Contract Tower,0,1,75,0,76,0,21,99,2,122,0,22,174,2,198,22,4,26,224
07/05/2003,SAC,CA,AWP,WE,Federal Contract Tower,0,1,41,0,42,0,15,325,0,340,0,16,366,0,382,74,0,74,456
07/06/2003,SAC,CA,AWP,WE,Federal Contract Tower,0,1,51,0,52,0,7,227,0,234,0,8,278,0,286,83,0,83,369
07/07/2003,SAC,CA,AWP,WE,Federal Contract Tower,0,2,94,0,96,0,7,180,2,189,0,9,274,2,285,118,0,118,403
07/08/2003,SAC,CA,AWP,WE,Federal Contract Tower,0,5,93,0,98,0,2,193,4,199,0,7,286,4,297,102,0,102,399
07/09/2003,SAC,CA,AWP,WE,Federal Contract Tower,0,1,95,0,96,0,25,259,0,284,0,26,354,0,380,134,0,134,514
07/10/2003,SAC,CA,AWP,WE,Federal Contract Tower,0,2,37,0,39,0,10,239,0,249,0,12,276,0,288,112,0,112,400
07/11/2003,SAC,CA,AWP,WE,Federal Contract Tower,0,2,82,0,84,0,10,301,0,311,0,12,383,0,395,175,0,175,570
07/12/2003,SAC,CA,AWP,WE,Federal Contract Tower,0,0,77,0,77,0,11,210,0,221,0,11,287,0,298,96,0,96,394
07/13/2003,SAC,CA,AWP,WE,Federal Contract Tower,0,0,61,0,61,0,12,196,0,208,0,12,257,0,269,76,0,76,345
07/14/2003,SAC,CA,AWP,WE,Federal Contract Tower,0,3,80,0,83,0,9,110,4,123,0,12,190,4,206,97,0,97,303
07/15/2003,SAC,CA,AWP,WE,Federal Contract Tower,0,0,46,0,46,0,16,257,3,276,0,16,303,3,322,90,0,90,412
07/16/2003,SAC,CA,AWP,WE,Federal Contract Tower,0,0,105,0,105,0,24,199,0,223,0,24,304,0,328,138,0,138,466
07/17/2003,SAC,CA,AWP,WE,Federal Contract Tower,0,0,98,0,98,0,22,228,0,250,0,22,326,0,348,106,0,106,454
07/18/2003,SAC,CA,AWP,WE,Federal Contract Tower,0,1,74,0,75,0,17,222,0,239,0,18,296,0,314,132,0,132,446
07/19/2003,SAC,CA,AWP,WE,Federal Contract Tower,0,0,68,0,68,0,23,264,0,287,0,23,332,0,355,84,0,84,439
07/20/2003,SAC,CA,AWP,WE,Federal Contract Tower,0,0,76,0,76,0,14,271,0,285,0,14,347,0,361,58,0,58,419
07/21/2003,SAC,CA,AWP,WE,Federal Contract Tower,0,0,60,0,60,0,25,258,2,285,0,25,318,2,345,78,2,80,425
07/22/2003,SAC,CA,AWP,WE,Federal Contract Tower,0,3,96,0,99,0,19,259,2,280,0,22,355,2,379,126,2,128,507
07/23/2003,SAC,CA,AWP,WE,Federal Contract Tower,0,0,63,0,63,0,16,256,0,272,0,16,319,0,335,72,0,72,407
07/24/2003,SAC,CA,AWP,WE,Federal Contract Tower,0,0,80,4,84,0,18,225,0,243,0,18,305,4,327,92,2,94,421
07/25/2003,SAC,CA,AWP,WE,Federal Contract Tower,0,0,126,0,126,0,16,271,3,290,0,16,397,3,416,132,0,132,548
07/26/2003,SAC,CA,AWP,WE,Federal Contract Tower,0,0,104,0,104,0,20,308,0,328,0,20,412,0,432,145,0,145,577
07/27/2003,SAC,CA,AWP,WE,Federal Contract Tower,0,0,37,0,37,0,16,228,0,244,0,16,265,0,281,64,0,64,345
07/28/2003,SAC,CA,AWP,WE,Federal Contract Tower,0,0,27,0,27,0,14,238,1,253,0,14,265,1,280,148,0,148,428
07/29/2003,SAC,CA,AWP,WE,Federal Contract Tower,0,0,52,1,53,0,18,233,0,251,0,18,285,1,304,108,0,108,412
07/30/2003,SAC,CA,AWP,WE,Federal Contract Tower,0,0,64,0,64,0,16,229,0,245,0,16,293,0,309,118,0,118,427
07/31/2003,SAC,CA,AWP,WE,Federal Contract Tower,0,0,102,0,102,0,24,221,4,249,0,24,323,4,351,128,0,128,479
08/01/2003,SAC,CA,AWP,WE,Federal Contract Tower,0,5,97,0,102,0,13,195,0,208,0,18,292,0,310,112,0,112,422
08/02/2003,SAC,CA,AWP,WE,Federal Contract Tower,0,1,123,0,124,0,21,153,6,180,0,22,276,6,304,138,0,138,442
08/03/2003,SAC,CA,AWP,WE,Federal Contract Tower,0,1,43,0,44,0,11,223,15,249,0,12,266,15,293,105,0,105,398
08/04/2003,SAC,CA,AWP,WE,Federal Contract Tower,0,1,77,0,78,0,10,162,0,172,0,11,239,0,250,60,0,60,310
08/05/2003,SAC,CA,AWP,WE,Federal Contract Tower,0,0,67,0,67,0,23,188,0,211,0,23,255,0,278,134,0,134,412
08/06/2003,SAC,CA,AWP,WE,Federal Contract Tower,0,0,79,0,79,0,16,207,0,223,0,16,286,0,302,84,0,84,386
08/07/2003,SAC,CA,AWP,WE,Federal Contract Tower,0,0,50,0,50,0,15,172,0,187,0,15,222,0,237,79,0,79,316
08/08/2003,SAC,CA,AWP,WE,Federal Contract Tower,0,0,64,0,64,0,18,198,2,218,0,18,262,2,282,82,0,82,364
08/09/2003,SAC,CA,AWP,WE,Federal Contract Tower,0,0,56,0,56,0,14,184,2,200,0,14,240,2,256,78,0,78,334
08/10/2003,SAC,CA,AWP,WE,Federal Contract Tower,0,0,35,0,35,0,4,168,1,173,0,4,203,1,208,76,0,76,284
08/11/2003,SAC,CA,AWP,WE,Federal Contract Tower,0,6,48,0,54,0,6,174,1,181,0,12,222,1,235,88,0,88,323
08/12/2003,SAC,CA,AWP,WE,Federal Contract Tower,0,0,60,0,60,0,14,186,0,200,0,14,246,0,260,110,0,110,370
08/13/2003,SAC,CA,AWP,WE,Federal Contract Tower,0,0,71,0,71,0,17,163,0,180,0,17,234,0,251,94,0,94,345
08/14/2003,SAC,CA,AWP,WE,Federal Contract Tower,0,0,52,0,52,0,19,205,4,228,0,19,257,4,280,66,0,66,346
08/15/2003,SAC,CA,AWP,WE,Federal Contract Tower,0,0,86,0,86,0,24,208,0,232,0,24,294,0,318,106,2,108,426
08/16/2003,SAC,CA,AWP,WE,Federal Contract Tower,0,0,90,0,90,0,22,212,0,234,0,22,302,0,324,96,0,96,420
08/17/2003,SAC,CA,AWP,WE,Federal Contract Tower,0,0,67,0,67,0,4,267,4,275,0,4,334,4,342,79,0,79,421
08/18/2003,SAC,CA,AWP,WE,Federal Contract Tower,0,0,46,0,46,0,18,226,1,245,0,18,272,1,291,114,0,114,405
08/19/2003,SAC,CA,AWP,WE,Federal Contract Tower,0,0,58,0,58,0,19,213,0,232,0,19,271,0,290,128,0,128,418
08/20/2003,SAC,CA,AWP,WE,Federal Contract Tower,0,0,63,0,63,0,21,204,4,229,0,21,267,4,292,89,0,89,381
08/21/2003,SAC,CA,AWP,WE,Federal Contract Tower,0,0,43,0,43,0,16,216,0,232,0,16,259,0,275,56,0,56,331
08/22/2003,SAC,CA,AWP,WE,Federal Contract Tower,0,0,61,0,61,0,23,182,2,207,0,23,243,2,268,93,0,93,361
08/23/2003,SAC,CA,AWP,WE,Federal Contract Tower,0,0,86,0,86,0,18,162,0,180,0,18,248,0,266,122,0,122,388
08/24/2003,SAC,CA,AWP,WE,Federal Contract Tower,0,0,69,0,69,0,11,243,0,254,0,11,312,0,323,106,0,106,429
08/25/2003,SAC,CA,AWP,WE,Federal Contract Tower,0,8,36,0,44,0,0,232,2,234,0,8,268,2,278,124,0,124,402
08/26/2003,SAC,CA,AWP,WE,Federal Contract Tower,0,0,56,0,56,0,24,268,0,292,0,24,324,0,348,160,0,160,508
08/27/2003,SAC,CA,AWP,WE,Federal Contract Tower,0,0,68,0,68,0,16,193,6,215,0,16,261,6,283,224,0,224,507
08/28/2003,SAC,CA,AWP,WE,Federal Contract Tower,0,0,78,0,78,0,23,189,2,214,0,23,267,2,292,107,0,107,399
08/29/2003,SAC,CA,AWP,WE,Federal Contract Tower,0,0,84,0,84,0,14,222,4,240,0,14,306,4,324,130,0,130,454
08/30/2003,SAC,CA,AWP,WE,Federal Contract Tower,0,0,70,0,70,0,12,182,0,194,0,12,252,0,264,104,0,104,368
08/31/2003,SAC,CA,AWP,WE,Federal Contract Tower,0,0,44,0,44,0,21,196,0,217,0,21,240,0,261,66,0,66,327
09/01/2003,SAC,CA,AWP,WE,Federal Contract Tower,0,8,42,0,50,0,3,214,0,217,0,11,256,0,267,116,0,116,383
09/02/2003,SAC,CA,AWP,WE,Federal Contract Tower,0,0,49,0,49,0,21,270,2,293,0,21,319,2,342,74,0,74,416
09/03/2003,SAC,CA,AWP,WE,Federal Contract Tower,0,0,43,0,43,0,16,219,0,235,0,16,262,0,278,28,0,28,306
09/04/2003,SAC,CA,AWP,WE,Federal Contract Tower,0,0,76,0,76,0,19,167,2,188,0,19,243,2,264,94,0,94,358
09/05/2003,SAC,CA,AWP,WE,Federal Contract Tower,0,2,108,0,110,0,14,190,2,206,0,16,298,2,316,162,0,162,478
09/06/2003,SAC,CA,AWP,WE,Federal Contract Tower,0,0,72,0,72,0,12,168,0,180,0,12,240,0,252,98,0,98,350
09/07/2003,SAC,CA,AWP,WE,Federal Contract Tower,0,0,94,0,94,0,12,199,2,213,0,12,293,2,307,106,0,106,413
09/08/2003,SAC,CA,AWP,WE,Federal Contract Tower,0,0,78,0,78,0,16,222,3,241,0,16,300,3,319,88,0,88,407
09/09/2003,SAC,CA,AWP,WE,Federal Contract Tower,0,0,74,0,74,0,24,190,2,216,0,24,264,2,290,114,0,114,404
09/10/2003,SAC,CA,AWP,WE,Federal Contract Tower,0,0,75,0,75,0,17,223,0,240,0,17,298,0,315,87,0,87,402
09/11/2003,SAC,CA,AWP,WE,Federal Contract Tower,0,0,67,0,67,0,19,228,2,249,0,19,295,2,316,71,0,71,387
09/12/2003,SAC,CA,AWP,WE,Federal Contract Tower,0,0,88,0,88,0,16,144,4,164,0,16,232,4,252,136,0,136,388
09/13/2003,SAC,CA,AWP,WE,Federal Contract Tower,0,0,66,0,66,0,10,170,2,182,0,10,236,2,248,74,0,74,322
09/14/2003,SAC,CA,AWP,WE,Federal Contract Tower,0,0,35,0,35,0,3,173,1,177,0,3,208,1,212,58,0,58,270
09/15/2003,SAC,CA,AWP,WE,Federal Contract Tower,0,0,54,0,54,0,13,283,4,300,0,13,337,4,354,103,0,103,457
09/16/2003,SAC,CA,AWP,WE,Federal Contract Tower,0,0,48,0,48,0,19,184,2,205,0,19,232,2,253,116,0,116,369
09/17/2003,SAC,CA,AWP,WE,Federal Contract Tower,0,0,73,0,73,0,21,215,4,240,0,21,288,4,313,66,0,66,379
09/18/2003,SAC,CA,AWP,WE,Federal Contract Tower,0,0,93,0,93,0,9,276,0,285,0,9,369,0,378,161,0,161,539
09/19/2003,SAC,CA,AWP,WE,Federal Contract Tower,0,0,96,0,96,0,24,238,3,265,0,24,334,3,361,164,0,164,525
09/20/2003,SAC,CA,AWP,WE,Federal Contract Tower,0,0,104,0,104,0,16,182,1,199,0,16,286,1,303,142,0,142,445
09/21/2003,SAC,CA,AWP,WE,Federal Contract Tower,0,0,95,0,95,0,9,213,0,222,0,9,308,0,317,155,0,155,472
09/22/2003,SAC,CA,AWP,WE,Federal Contract Tower,0,5,67,0,72,0,14,149,0,163,0,19,216,0,235,146,0,146,381
09/23/2003,SAC,CA,AWP,WE,Federal Contract Tower,0,1,84,0,85,0,17,182,1,200,0,18,266,1,285,154,0,154,439
09/24/2003,SAC,CA,AWP,WE,Federal Contract Tower,0,0,69,0,69,0,17,214,4,235,0,17,283,4,304,112,0,112,416
09/25/2003,SAC,CA,AWP,WE,Federal Contract Tower,0,0,89,0,89,0,25,185,0,210,0,25,274,0,299,113,0,113,412
09/26/2003,SAC,CA,AWP,WE,Federal Contract Tower,0,2,102,0,104,0,20,188,0,208,0,22,290,0,312,124,0,124,436
09/27/2003,SAC,CA,AWP,WE,Federal Contract Tower,0,0,81,0,81,0,14,203,0,217,0,14,284,0,298,88,0,88,386
09/28/2003,SAC,CA,AWP,WE,Federal Contract Tower,0,0,37,0,37,0,6,224,0,230,0,6,261,0,267,77,0,77,344
09/29/2003,SAC,CA,AWP,WE,Federal Contract Tower,0,4,65,0,69,0,23,176,0,199,0,27,241,0,268,82,0,82,350
09/30/2003,SAC,CA,AWP,WE,Federal Contract Tower,0,0,80,0,80,0,23,232,0,255,0,23,312,0,335,102,0,102,437
10/01/2003,SAC,CA,AWP,WE,Federal Contract Tower,0,1,86,0,87,0,15,221,6,242,0,16,307,6,329,84,0,84,413
10/02/2003,SAC,CA,AWP,WE,Federal Contract Tower,0,1,80,0,81,0,14,217,2,233,0,15,297,2,314,87,0,87,401
10/03/2003,SAC,CA,AWP,WE,Federal Contract Tower,0,1,75,0,76,0,17,183,0,200,0,18,258,0,276,134,0,134,410
10/04/2003,SAC,CA,AWP,WE,Federal Contract Tower,0,1,89,0,90,0,11,185,0,196,0,12,274,0,286,142,0,142,428
10/05/2003,SAC,CA,AWP,WE,Federal Contract Tower,0,1,67,0,68,0,13,259,0,272,0,14,326,0,340,102,0,102,442
10/06/2003,SAC,CA,AWP,WE,Federal Contract Tower,0,1,69,0,70,0,14,180,0,194,0,15,249,0,264,85,0,85,349
10/07/2003,SAC,CA,AWP,WE,Federal Contract Tower,0,1,115,0,116,0,26,179,0,205,0,27,294,0,321,137,0,137,458
10/08/2003,SAC,CA,AWP,WE,Federal Contract Tower,0,1,59,0,60,0,20,191,0,211,0,21,250,0,271,115,0,115,386
10/09/2003,SAC,CA,AWP,WE,Federal Contract Tower,0,1,60,0,61,0,5,127,2,134,0,6,187,2,195,130,0,130,325
10/10/2003,SAC,CA,AWP,WE,Federal Contract Tower,0,1,52,0,53,0,13,158,0,171,0,14,210,0,224,30,0,30,254
10/11/2003,SAC,CA,AWP,WE,Federal Contract Tower,0,1,83,0,84,0,7,135,0,142,0,8,218,0,226,126,0,126,352
10/12/2003,SAC,CA,AWP,WE,Federal Contract Tower,0,1,55,0,56,0,11,207,0,218,0,12,262,0,274,80,0,80,354
10/13/2003,SAC,CA,AWP,WE,Federal Contract Tower,0,1,70,0,71,0,19,162,0,181,0,20,232,0,252,90,0,90,342
10/14/2003,SAC,CA,AWP,WE,Federal Contract Tower,0,1,42,0,43,0,12,180,0,192,0,13,222,0,235,68,0,68,303
10/15/2003,SAC,CA,AWP,WE,Federal Contract Tower,0,0,67,0,67,0,10,263,0,273,0,10,330,0,340,81,0,81,421
10/16/2003,SAC,CA,AWP,WE,Federal Contract Tower,0,0,71,0,71,0,18,226,0,244,0,18,297,0,315,69,0,69,384
10/17/2003,SAC,CA,AWP,WE,Federal Contract Tower,0,0,74,0,74,0,4,198,0,202,0,4,272,0,276,132,0,132,408
10/18/2003,SAC,CA,AWP,WE,Federal Contract Tower,0,0,96,0,96,0,8,138,0,146,0,8,234,0,242,162,0,162,404
10/19/2003,SAC,CA,AWP,WE,Federal Contract Tower,0,0,37,0,37,0,4,218,0,222,0,4,255,0,259,68,0,68,327
10/20/2003,SAC,CA,AWP,WE,Federal Contract Tower,0,0,63,0,63,0,11,238,0,249,0,11,301,0,312,72,0,72,384
10/21/2003,SAC,CA,AWP,WE,Federal Contract Tower,0,0,88,0,88,0,12,184,0,196,0,12,272,0,284,94,0,94,378
10/22/2003,SAC,CA,AWP,WE,Federal Contract Tower,0,0,92,0,92,0,2,153,0,155,0,2,245,0,247,105,0,105,352
10/23/2003,SAC,CA,AWP,WE,Federal Contract Tower,0,0,72,0,72,0,8,248,2,258,0,8,320,2,330,120,0,120,450
10/24/2003,SAC,CA,AWP,WE,Federal Contract Tower,0,0,83,0,83,0,17,201,1,219,0,17,284,1,302,89,0,89,391
10/25/2003,SAC,CA,AWP,WE,Federal Contract Tower,0,0,36,0,36,0,4,247,0,251,0,4,283,0,287,94,0,94,381
10/26/2003,SAC,CA,AWP,WE,Federal Contract Tower,0,0,59,0,59,0,13,226,0,239,0,13,285,0,298,139,0,139,437
10/27/2003,SAC,CA,AWP,WE,Federal Contract Tower,0,0,55,0,55,0,6,91,0,97,0,6,146,0,152,80,2,82,234
10/28/2003,SAC,CA,AWP,WE,Federal Contract Tower,0,0,83,0,83,0,20,188,0,208,0,20,271,0,291,127,0,127,418
10/29/2003,SAC,CA,AWP,WE,Federal Contract Tower,0,0,61,0,61,0,9,178,6,193,0,9,239,6,254,75,4,79,333
10/30/2003,SAC,CA,AWP,WE,Federal Contract Tower,0,0,125,0,125,0,14,183,0,197,0,14,308,0,322,119,0,119,441
10/31/2003,SAC,CA,AWP,WE,Federal Contract Tower,0,0,77,0,77,0,6,128,0,134,0,6,205,0,211,101,0,101,312
11/01/2003,SAC,CA,AWP,WE,Federal Contract Tower,0,5,76,0,81,0,13,221,0,234,0,18,297,0,315,71,0,71,386
11/02/2003,SAC,CA,AWP,WE,Federal Contract Tower,0,3,68,0,71,0,0,171,0,171,0,3,239,0,242,29,1,30,272
11/03/2003,SAC,CA,AWP,WE,Federal Contract Tower,0,4,70,0,74,0,9,94,0,103,0,13,164,0,177,68,0,68,245
11/04/2003,SAC,CA,AWP,WE,Federal Contract Tower,0,4,60,0,64,0,9,182,4,195,0,13,242,4,259,95,1,96,355
11/05/2003,SAC,CA,AWP,WE,Federal Contract Tower,0,3,51,0,54,0,12,194,0,206,0,15,245,0,260,78,0,78,338
11/06/2003,SAC,CA,AWP,WE,Federal Contract Tower,0,5,81,0,86,0,4,143,0,147,0,9,224,0,233,80,0,80,313
11/07/2003,SAC,CA,AWP,WE,Federal Contract Tower,0,4,57,0,61,0,2,74,0,76,0,6,131,0,137,93,0,93,230
11/08/2003,SAC,CA,AWP,WE,Federal Contract Tower,0,3,53,0,56,0,9,179,0,188,0,12,232,0,244,58,0,58,302
11/09/2003,SAC,CA,AWP,WE,Federal Contract Tower,0,0,48,0,48,0,0,62,0,62,0,0,110,0,110,47,0,47,157
11/10/2003,SAC,CA,AWP,WE,Federal Contract Tower,0,5,86,0,91,0,9,88,0,97,0,14,174,0,188,72,0,72,260
11/11/2003,SAC,CA,AWP,WE,Federal Contract Tower,0,2,52,1,55,0,6,249,4,259,0,8,301,5,314,246,4,250,564
11/12/2003,SAC,CA,AWP,WE,Federal Contract Tower,0,3,60,0,63,0,14,201,0,215,0,17,261,0,278,168,0,168,446
11/13/2003,SAC,CA,AWP,WE,Federal Contract Tower,0,7,140,1,148,0,16,355,2,373,0,23,495,3,521,239,0,239,760
11/14/2003,SAC,CA,AWP,WE,Federal Contract Tower,0,1,44,0,45,0,0,132,0,132,0,1,176,0,177,37,0,37,214
11/15/2003,SAC,CA,AWP,WE,Federal Contract Tower,0,4,88,0,92,0,8,167,0,175,0,12,255,0,267,28,0,28,295
11/16/2003,SAC,CA,AWP,WE,Federal Contract Tower,0,4,80,1,85,0,1,222,0,223,0,5,302,1,308,120,0,120,428
11/17/2003,SAC,CA,AWP,WE,Federal Contract Tower,0,13,255,0,268,0,44,25,6,75,0,57,280,6,343,88,0,88,431
11/18/2003,SAC,CA,AWP,WE,Federal Contract Tower,0,2,49,0,51,0,18,221,1,240,0,20,270,1,291,120,1,121,412
11/19/2003,SAC,CA,AWP,WE,Federal Contract Tower,0,5,94,0,99,0,14,245,0,259,0,19,339,0,358,175,2,177,535
11/20/2003,SAC,CA,AWP,WE,Federal Contract Tower,0,4,99,0,103,0,0,130,0,130,0,4,229,0,233,103,0,103,336
11/21/2003,SAC,CA,AWP,WE,Federal Contract Tower,0,10,198,0,208,0,4,46,0,50,0,14,244,0,258,136,0,136,394
11/22/2003,SAC,CA,AWP,WE,Federal Contract Tower,0,1,36,0,37,0,14,211,6,231,0,15,247,6,268,79,0,79,347
11/23/2003,SAC,CA,AWP,WE,Federal Contract Tower,0,1,37,0,38,0,3,270,0,273,0,4,307,0,311,77,0,77,388
11/24/2003,SAC,CA,AWP,WE,Federal Contract Tower,0,1,35,0,36,0,9,171,1,181,0,10,206,1,217,96,0,96,313
11/25/2003,SAC,CA,AWP,WE,Federal Contract Tower,0,3,60,0,63,0,11,150,0,161,0,14,210,0,224,86,0,86,310
11/26/2003,SAC,CA,AWP,WE,Federal Contract Tower,0,3,67,0,70,0,12,204,0,216,0,15,271,0,286,113,0,113,399
11/27/2003,SAC,CA,AWP,WE,Federal Contract Tower,0,0,10,0,10,0,0,95,0,95,0,0,105,0,105,21,0,21,126
11/28/2003,SAC,CA,AWP,WE,Federal Contract Tower,0,2,80,0,82,0,0,131,4,135,0,2,211,4,217,103,0,103,320
11/29/2003,SAC,CA,AWP,WE,Federal Contract Tower,0,4,88,0,92,0,4,115,0,119,0,8,203,0,211,43,0,43,254
11/30/2003,SAC,CA,AWP,WE,Federal Contract Tower,0,3,72,0,75,0,1,128,0,129,0,4,200,0,204,54,0,54,258
12/01/2003,SAC,CA,AWP,WE,Federal Contract Tower,0,4,93,0,97,0,4,13,0,17,0,8,106,0,114,56,0,56,170
12/02/2003,SAC,CA,AWP,WE,Federal Contract Tower,0,2,47,0,49,0,18,104,4,126,0,20,151,4,175,84,0,84,259
12/03/2003,SAC,CA,AWP,WE,Federal Contract Tower,0,4,79,0,83,0,13,138,2,153,0,17,217,2,236,69,0,69,305
12/04/2003,SAC,CA,AWP,WE,Federal Contract Tower,0,4,100,0,104,0,15,43,1,59,0,19,143,1,163,28,0,28,191
12/05/2003,SAC,CA,AWP,WE,Federal Contract Tower,0,4,96,0,100,0,2,73,4,79,0,6,169,4,179,49,0,49,228
12/06/2003,SAC,CA,AWP,WE,Federal Contract Tower,0,3,58,0,61,0,7,79,6,92,0,10,137,6,153,42,0,42,195
12/07/2003,SAC,CA,AWP,WE,Federal Contract Tower,0,4,91,0,95,0,8,171,0,179,0,12,262,0,274,84,0,84,358
12/08/2003,SAC,CA,AWP,WE,Federal Contract Tower,0,3,93,0,96,0,10,262,0,272,0,13,355,0,368,104,0,104,472
12/09/2003,SAC,CA,AWP,WE,Federal Contract Tower,0,2,65,0,67,0,11,95,0,106,0,13,160,0,173,146,0,146,319
12/10/2003,SAC,CA,AWP,WE,Federal Contract Tower,0,2,70,0,72,0,33,91,0,124,0,35,161,0,196,87,0,87,283
12/11/2003,SAC,CA,AWP,WE,Federal Contract Tower,0,4,111,0,115,0,6,199,0,205,0,10,310,0,320,181,0,181,501
12/12/2003,SAC,CA,AWP,WE,Federal Contract Tower,0,4,126,1,131,0,12,140,3,155,0,16,266,4,286,69,0,69,355
12/13/2003,SAC,CA,AWP,WE,Federal Contract Tower,0,2,69,1,72,0,6,167,3,176,0,8,236,4,248,94,0,94,342
12/14/2003,SAC,CA,AWP,WE,Federal Contract Tower,0,3,89,0,92,0,9,188,0,197,0,12,277,0,289,104,0,104,393
12/15/2003,SAC,CA,AWP,WE,Federal Contract Tower,0,2,73,0,75,0,15,139,0,154,0,17,212,0,229,128,0,128,357
12/16/2003,SAC,CA,AWP,WE,Federal Contract Tower,0,3,90,0,93,0,13,167,0,180,0,16,257,0,273,114,0,114,387
12/17/2003,SAC,CA,AWP,WE,Federal Contract Tower,0,3,102,1,106,0,11,259,0,270,0,14,361,1,376,134,0,134,510
12/18/2003,SAC,CA,AWP,WE,Federal Contract Tower,0,5,145,0,150,0,4,226,0,230,0,9,371,0,380,101,0,101,481
12/19/2003,SAC,CA,AWP,WE,Federal Contract Tower,0,5,156,0,161,0,15,133,3,151,0,20,289,3,312,117,3,120,432
12/20/2003,SAC,CA,AWP,WE,Federal Contract Tower,0,3,86,0,89,0,5,57,0,62,0,8,143,0,151,0,0,0,151
12/21/2003,SAC,CA,AWP,WE,Federal Contract Tower,0,3,93,0,96,0,9,168,0,177,0,12,261,0,273,58,0,58,331
12/22/2003,SAC,CA,AWP,WE,Federal Contract Tower,0,4,112,0,116,0,12,46,2,60,0,16,158,2,176,141,0,141,317
12/23/2003,SAC,CA,AWP,WE,Federal Contract Tower,0,2,53,0,55,0,15,40,1,56,0,17,93,1,111,52,0,52,163
12/24/2003,SAC,CA,AWP,WE,Federal Contract Tower,0,0,20,0,20,0,12,5,3,20,0,12,25,3,40,12,3,15,55
12/25/2003,SAC,CA,AWP,WE,Federal Contract Tower,0,0,4,0,4,0,0,9,0,9,0,0,13,0,13,13,0,13,26
12/26/2003,SAC,CA,AWP,WE,Federal Contract Tower,0,7,196,0,203,0,1,265,1,267,0,8,461,1,470,127,0,127,597
12/27/2003,SAC,CA,AWP,WE,Federal Contract Tower,0,4,110,0,114,0,19,209,4,232,0,23,319,4,346,157,0,157,503
12/28/2003,SAC,CA,AWP,WE,Federal Contract Tower,0,2,63,0,65,0,10,78,0,88,0,12,141,0,153,63,0,63,216
12/29/2003,SAC,CA,AWP,WE,Federal Contract Tower,0,0,22,0,22,0,8,6,0,14,0,8,28,0,36,0,0,0,36
12/30/2003,SAC,CA,AWP,WE,Federal Contract Tower,0,2,71,0,73,0,7,105,2,114,0,9,176,2,187,130,0,130,317
12/31/2003,SAC,CA,AWP,WE,Federal Contract Tower,0,0,26,0,26,0,13,41,1,55,0,13,67,1,81,77,0,77,158
01/01/2004,SAC,CA,AWP,WE,Federal Contract Tower,0,0,4,0,4,0,0,0,0,0,0,0,4,0,4,0,0,0,4
01/02/2004,SAC,CA,AWP,WE,Federal Contract Tower,0,3,129,0,132,0,1,116,0,117,0,4,245,0,249,107,0,107,356
01/03/2004,SAC,CA,AWP,WE,Federal Contract Tower,0,3,110,1,114,0,13,195,1,209,0,16,305,2,323,135,0,135,458
01/04/2004,SAC,CA,AWP,WE,Federal Contract Tower,0,3,125,0,128,0,10,190,0,200,0,13,315,0,328,92,0,92,420
01/05/2004,SAC,CA,AWP,WE,Federal Contract Tower,0,2,62,1,65,0,9,174,1,184,0,11,236,2,249,86,0,86,335
01/06/2004,SAC,CA,AWP,WE,Federal Contract Tower,0,1,47,0,48,0,11,139,0,150,0,12,186,0,198,44,0,44,242
01/07/2004,SAC,CA,AWP,WE,Federal Contract Tower,0,2,73,1,76,0,9,239,0,248,0,11,312,1,324,64,4,68,392
01/08/2004,SAC,CA,AWP,WE,Federal Contract Tower,0,2,94,0,96,0,11,199,0,210,0,13,293,0,306,134,0,134,440
01/09/2004,SAC,CA,AWP,WE,Federal Contract Tower,0,2,78,1,81,0,1,138,0,139,0,3,216,1,220,86,0,86,306
01/10/2004,SAC,CA,AWP,WE,Federal Contract Tower,0,4,152,1,157,0,6,235,1,242,0,10,387,2,399,138,0,138,537
01/11/2004,SAC,CA,AWP,WE,Federal Contract Tower,0,2,94,0,96,0,12,149,0,161,0,14,243,0,257,125,0,125,382
01/12/2004,SAC,CA,AWP,WE,Federal Contract Tower,0,3,63,0,66,0,6,0,0,6,0,9,63,0,72,28,0,28,100
01/13/2004,SAC,CA,AWP,WE,Federal Contract Tower,0,2,83,0,85,0,8,105,0,113,0,10,188,0,198,49,0,49,247
01/14/2004,SAC,CA,AWP,WE,Federal Contract Tower,0,4,135,0,139,0,14,31,0,45,0,18,166,0,184,39,0,39,223
01/15/2004,SAC,CA,AWP,WE,Federal Contract Tower,0,5,205,2,212,0,2,15,0,17,0,7,220,2,229,134,2,136,365
01/16/2004,SAC,CA,AWP,WE,Federal Contract Tower,0,4,129,0,133,0,1,25,0,26,0,5,154,0,159,34,0,34,193
01/17/2004,SAC,CA,AWP,WE,Federal Contract Tower,0,4,145,0,149,0,7,65,0,72,0,11,210,0,221,104,0,104,325
01/18/2004,SAC,CA,AWP,WE,Federal Contract Tower,0,4,147,0,151,0,10,89,0,99,0,14,236,0,250,141,0,141,391
01/19/2004,SAC,CA,AWP,WE,Federal Contract Tower,0,2,84,0,86,0,8,12,2,22,0,10,96,2,108,24,2,26,134
01/20/2004,SAC,CA,AWP,WE,Federal Contract Tower,0,2,73,0,75,0,14,121,2,137,0,16,194,2,212,44,0,44,256
01/21/2004,SAC,CA,AWP,WE,Federal Contract Tower,0,1,52,0,53,0,20,352,0,372,0,21,404,0,425,95,0,95,520
01/22/2004,SAC,CA,AWP,WE,Federal Contract Tower,0,5,182,0,187,0,13,185,0,198,0,18,367,0,385,191,1,192,577
01/23/2004,SAC,CA,AWP,WE,Federal Contract Tower,0,0,124,0,124,0,0,138,0,138,0,0,262,0,262,108,0,108,370
01/24/2004,SAC,CA,AWP,WE,Federal Contract Tower,0,0,169,0,169,0,0,107,0,107,0,0,276,0,276,164,0,164,440
01/25/2004,SAC,CA,AWP,WE,Federal Contract Tower,0,5,172,0,177,0,21,225,0,246,0,26,397,0,423,151,0,151,574
01/26/2004,SAC,CA,AWP,WE,Federal Contract Tower,0,3,98,0,101,0,10,70,0,80,0,13,168,0,181,110,0,110,291
01/27/2004,SAC,CA,AWP,WE,Federal Contract Tower,0,3,103,0,106,0,35,59,0,94,0,38,162,0,200,43,8,51,251
01/28/2004,SAC,CA,AWP,WE,Federal Contract Tower,0,2,90,0,92,0,18,180,5,203,0,20,270,5,295,125,4,129,424
01/29/2004,SAC,CA,AWP,WE,Federal Contract Tower,0,4,128,0,132,0,16,93,0,109,0,20,221,0,241,133,0,133,374
01/30/2004,SAC,CA,AWP,WE,Federal Contract Tower,0,5,165,0,170,0,0,71,0,71,0,5,236,0,241,183,0,183,424
01/31/2004,SAC,CA,AWP,WE,Federal Contract Tower,0,2,71,0,73,0,20,302,0,322,0,22,373,0,395,131,0,131,526
02/01/2004,SAC,CA,AWP,WE,Federal Contract Tower,0,3,55,0,58,0,14,89,0,103,0,17,144,0,161,64,0,64,225
02/02/2004,SAC,CA,AWP,WE,Federal Contract Tower,0,4,59,0,63,0,9,89,0,98,0,13,148,0,161,42,0,42,203
02/03/2004,SAC,CA,AWP,WE,Federal Contract Tower,0,4,76,0,80,0,8,70,0,78,0,12,146,0,158,62,0,62,220
02/04/2004,SAC,CA,AWP,WE,Federal Contract Tower,0,10,181,0,191,0,15,97,0,112,0,25,278,0,303,344,0,344,647
02/05/2004,SAC,CA,AWP,WE,Federal Contract Tower,0,7,146,1,154,0,25,207,0,232,0,32,353,1,386,415,2,417,803
02/06/2004,SAC,CA,AWP,WE,Federal Contract Tower,0,7,140,0,147,0,13,44,0,57,0,20,184,0,204,180,4,184,388
02/07/2004,SAC,CA,AWP,WE,Federal Contract Tower,0,6,134,0,140,0,12,171,0,183,0,18,305,0,323,208,0,208,531
02/08/2004,SAC,CA,AWP,WE,Federal Contract Tower,0,6,130,0,136,0,16,213,0,229,0,22,343,0,365,160,0,160,525
02/09/2004,SAC,CA,AWP,WE,Federal Contract Tower,0,5,103,0,108,0,16,159,0,175,0,21,262,0,283,140,0,140,423
02/10/2004,SAC,CA,AWP,WE,Federal Contract Tower,0,7,142,0,149,0,5,230,0,235,0,12,372,0,384,314,0,314,698
02/11/2004,SAC,CA,AWP,WE,Federal Contract Tower,0,4,78,1,83,0,14,211,1,226,0,18,289,2,309,216,0,216,525
02/12/2004,SAC,CA,AWP,WE,Federal Contract Tower,0,5,99,1,105,0,13,189,3,205,0,18,288,4,310,246,0,246,556
02/13/2004,SAC,CA,AWP,WE,Federal Contract Tower,0,5,108,0,113,0,22,149,0,171,0,27,257,0,284,173,0,173,457
02/14/2004,SAC,CA,AWP,WE,Federal Contract Tower,0,4,91,0,95,0,6,201,0,207,0,10,292,0,302,179,0,179,481
02/15/2004,SAC,CA,AWP,WE,Federal Contract Tower,0,2,43,0,45,0,11,195,0,206,0,13,238,0,251,76,0,76,327
02/16/2004,SAC,CA,AWP,WE,Federal Contract Tower,0,1,36,0,37,0,7,46,0,53,0,8,82,0,90,26,0,26,116
02/17/2004,SAC,CA,AWP,WE,Federal Contract Tower,0,2,45,0,47,0,6,34,0,40,0,8,79,0,87,36,0,36,123
02/18/2004,SAC,CA,AWP,WE,Federal Contract Tower,0,4,90,0,94,0,18,34,0,52,0,22,124,0,146,80,0,80,226
02/19/2004,SAC,CA,AWP,WE,Federal Contract Tower,0,5,106,0,111,0,27,188,0,215,0,32,294,0,326,292,0,292,618
02/20/2004,SAC,CA,AWP,WE,Federal Contract Tower,0,4,89,0,93,0,14,77,0,91,0,18,166,0,184,190,0,190,374
02/21/2004,SAC,CA,AWP,WE,Federal Contract Tower,0,6,126,0,132,0,2,0,0,2,0,8,126,0,134,132,0,132,266
02/22/2004,SAC,CA,AWP,WE,Federal Contract Tower,0,2,57,0,59,0,10,110,0,120,0,12,167,0,179,172,0,172,351
02/23/2004,SAC,CA,AWP,WE,Federal Contract Tower,0,8,161,0,169,0,8,79,10,97,0,16,240,10,266,212,6,218,484
02/24/2004,SAC,CA,AWP,WE,Federal Contract Tower,0,5,99,0,104,0,17,69,4,90,0,22,168,4,194,174,2,176,370
02/25/2004,SAC,CA,AWP,WE,Federal Contract Tower,0,1,34,0,35,0,1,11,1,13,0,2,45,1,48,56,0,56,104
02/26/2004,SAC,CA,AWP,WE,Federal Contract Tower,0,2,50,0,52,0,9,42,0,51,0,11,92,0,103,62,0,62,165
02/27/2004,SAC,CA,AWP,WE,Federal Contract Tower,0,11,232,0,243,0,18,136,4,158,0,29,368,4,401,333,0,333,734
02/28/2004,SAC,CA,AWP,WE,Federal Contract Tower,0,8,170,0,178,0,2,258,0,260,0,10,428,0,438,437,0,437,875
02/29/2004,SAC,CA,AWP,WE,Federal Contract Tower,0,3,78,0,81,0,11,204,0,215,0,14,282,0,296,117,0,117,413
03/01/2004,SAC,CA,AWP,WE,Federal Contract Tower,0,4,71,0,75,0,4,57,0,61,0,8,128,0,136,46,0,46,182
03/02/2004,SAC,CA,AWP,WE,Federal Contract Tower,0,6,107,0,113,0,6,68,0,74,0,12,175,0,187,127,2,129,316
03/03/2004,SAC,CA,AWP,WE,Federal Contract Tower,0,6,105,0,111,0,7,114,0,121,0,13,219,0,232,230,0,230,462
03/04/2004,SAC,CA,AWP,WE,Federal Contract Tower,0,4,95,1,100,0,23,139,4,166,0,27,234,5,266,289,4,293,559
03/05/2004,SAC,CA,AWP,WE,Federal Contract Tower,0,5,109,1,115,0,1,147,1,149,0,6,256,2,264,251,0,251,515
03/06/2004,SAC,CA,AWP,WE,Federal Contract Tower,0,1,78,0,79,0,0,189,0,189,0,1,267,0,268,302,0,302,570
03/07/2004,SAC,CA,AWP,WE,Federal Contract Tower,0,2,85,0,87,0,0,196,0,196,0,2,281,0,283,165,0,165,448
03/08/2004,SAC,CA,AWP,WE,Federal Contract Tower,0,4,96,1,101,0,15,197,0,212,0,19,293,1,313,168,1,169,482
03/09/2004,SAC,CA,AWP,WE,Federal Contract Tower,0,5,110,1,116,0,18,199,1,218,0,23,309,2,334,266,0,266,600
03/10/2004,SAC,CA,AWP,WE,Federal Contract Tower,0,5,113,1,119,0,13,145,3,161,0,18,258,4,280,272,1,273,553
03/11/2004,SAC,CA,AWP,WE,Federal Contract Tower,0,8,166,0,174,0,17,118,0,135,0,25,284,0,309,287,0,287,596
03/12/2004,SAC,CA,AWP,WE,Federal Contract Tower,0,4,91,0,95,0,6,190,0,196,0,10,281,0,291,233,0,233,524
03/13/2004,SAC,CA,AWP,WE,Federal Contract Tower,0,4,98,1,103,0,8,248,1,257,0,12,346,2,360,398,0,398,758
03/14/2004,SAC,CA,AWP,WE,Federal Contract Tower,0,3,67,0,70,0,15,190,0,205,0,18,257,0,275,172,0,172,447
03/15/2004,SAC,CA,AWP,WE,Federal Contract Tower,0,3,73,0,76,0,10,110,1,121,0,13,183,1,197,88,0,88,285
03/16/2004,SAC,CA,AWP,WE,Federal Contract Tower,0,3,81,0,84,0,15,193,4,212,0,18,274,4,296,253,0,253,549
03/17/2004,SAC,CA,AWP,WE,Federal Contract Tower,0,5,108,0,113,0,25,140,0,165,0,30,248,0,278,280,0,280,558
03/18/2004,SAC,CA,AWP,WE,Federal Contract Tower,0,7,143,0,150,0,17,132,0,149,0,24,275,0,299,304,0,304,603
03/19/2004,SAC,CA,AWP,WE,Federal Contract Tower,0,7,146,0,153,0,21,156,0,177,0,28,302,0,330,357,0,357,687
03/20/2004,SAC,CA,AWP,WE,Federal Contract Tower,0,6,140,0,146,0,5,169,7,181,0,11,309,7,327,407,0,407,734
03/21/2004,SAC,CA,AWP,WE,Federal Contract Tower,0,4,90,0,94,0,13,208,0,221,0,17,298,0,315,184,0,184,499
03/22/2004,SAC,CA,AWP,WE,Federal Contract Tower,0,4,97,0,101,0,5,161,0,166,0,9,258,0,267,129,0,129,396
03/23/2004,SAC,CA,AWP,WE,Federal Contract Tower,0,6,126,0,132,0,19,123,0,142,0,25,249,0,274,276,0,276,550
03/24/2004,SAC,CA,AWP,WE,Federal Contract Tower,0,5,108,0,113,0,14,76,0,90,0,19,184,0,203,289,0,289,492
03/25/2004,SAC,CA,AWP,WE,Federal Contract Tower,0,4,90,0,94,0,11,46,8,65,0,15,136,8,159,154,4,158,317
03/26/2004,SAC,CA,AWP,WE,Federal Contract Tower,0,8,169,0,177,0,10,0,0,10,0,18,169,0,187,276,0,276,463
03/27/2004,SAC,CA,AWP,WE,Federal Contract Tower,0,5,114,0,119,0,5,95,0,100,0,10,209,0,219,309,0,309,528
03/28/2004,SAC,CA,AWP,WE,Federal Contract Tower,0,7,145,0,152,0,11,142,0,153,0,18,287,0,305,150,0,150,455
03/29/2004,SAC,CA,AWP,WE,Federal Contract Tower,0,4,85,0,89,0,17,103,6,126,0,21,188,6,215,126,0,126,341
03/30/2004,SAC,CA,AWP,WE,Federal Contract Tower,0,5,115,0,120,0,7,131,4,142,0,12,246,4,262,162,0,162,424
03/31/2004,SAC,CA,AWP,WE,Federal Contract Tower,0,6,130,0,136,0,5,135,3,143,0,11,265,3,279,304,0,304,583
04/01/2004,SAC,CA,AWP,WE,Federal Contract Tower,0,5,83,0,88,0,18,45,0,63,0,23,128,0,151,159,0,159,310
04/02/2004,SAC,CA,AWP,WE,Federal Contract Tower,0,7,126,0,133,0,17,120,0,137,0,24,246,0,270,294,0,294,564
04/03/2004,SAC,CA,AWP,WE,Federal Contract Tower,0,4,107,0,111,0,0,120,0,120,0,4,227,0,231,278,0,278,509
04/04/2004,SAC,CA,AWP,WE,Federal Contract Tower,0,4,62,0,66,0,15,175,0,190,0,19,237,0,256,92,0,92,348
04/05/2004,SAC,CA,AWP,WE,Federal Contract Tower,0,4,67,0,71,0,10,136,0,146,0,14,203,0,217,74,0,74,291
04/06/2004,SAC,CA,AWP,WE,Federal Contract Tower,0,3,61,0,64,0,2,90,2,94,0,5,151,2,158,116,0,116,274
04/07/2004,SAC,CA,AWP,WE,Federal Contract Tower,0,4,81,0,85,0,8,106,0,114,0,12,187,0,199,202,0,202,401
04/08/2004,SAC,CA,AWP,WE,Federal Contract Tower,0,8,147,0,155,0,23,115,0,138,0,31,262,0,293,307,0,307,600
04/09/2004,SAC,CA,AWP,WE,Federal Contract Tower,0,5,101,0,106,0,0,171,0,171,0,5,272,0,277,246,6,252,529
04/10/2004,SAC,CA,AWP,WE,Federal Contract Tower,0,0,61,0,61,0,0,244,0,244,0,0,305,0,305,294,0,294,599
04/11/2004,SAC,CA,AWP,WE,Federal Contract Tower,0,2,20,0,22,0,14,151,0,165,0,16,171,0,187,67,0,67,254
04/12/2004,SAC,CA,AWP,WE,Federal Contract Tower,0,4,80,0,84,0,17,121,0,138,0,21,201,0,222,307,0,307,529
04/13/2004,SAC,CA,AWP,WE,Federal Contract Tower,0,5,89,0,94,0,2,121,0,123,0,7,210,0,217,147,0,147,364
04/14/2004,SAC,CA,AWP,WE,Federal Contract Tower,0,3,67,1,71,0,13,49,0,62,0,16,116,1,133,142,0,142,275
04/15/2004,SAC,CA,AWP,WE,Federal Contract Tower,0,4,91,0,95,0,3,72,4,79,0,7,163,4,174,225,0,225,399
04/16/2004,SAC,CA,AWP,WE,Federal Contract Tower,0,3,76,0,79,0,6,74,2,82,0,9,150,2,161,294,0,294,455
04/17/2004,SAC,CA,AWP,WE,Federal Contract Tower,0,2,49,0,51,0,2,112,0,114,0,4,161,0,165,164,0,164,329
04/18/2004,SAC,CA,AWP,WE,Federal Contract Tower,0,3,65,0,68,0,9,158,0,167,0,12,223,0,235,87,0,87,322
04/19/2004,SAC,CA,AWP,WE,Federal Contract Tower,0,2,61,0,63,0,8,141,0,149,0,10,202,0,212,68,0,68,280
04/20/2004,SAC,CA,AWP,WE,Federal Contract Tower,0,4,89,0,93,0,16,84,4,104,0,20,173,4,197,108,0,108,305
04/21/2004,SAC,CA,AWP,WE,Federal Contract Tower,0,4,92,0,96,0,6,0,0,6,0,10,92,0,102,207,0,207,309
04/22/2004,SAC,CA,AWP,WE,Federal Contract Tower,0,5,106,0,111,0,6,45,0,51,0,11,151,0,162,217,0,217,379
04/23/2004,SAC,CA,AWP,WE,Federal Contract Tower,0,8,168,0,176,0,13,104,6,123,0,21,272,6,299,337,0,337,636
04/24/2004,SAC,CA,AWP,WE,Federal Contract Tower,0,2,41,0,43,0,2,254,0,256,0,4,295,0,299,198,0,198,497
04/25/2004,SAC,CA,AWP,WE,Federal Contract Tower,0,4,87,0,91,0,14,220,0,234,0,18,307,0,325,136,0,136,461
04/26/2004,SAC,CA,AWP,WE,Federal Contract Tower,0,3,70,0,73,0,5,103,0,108,0,8,173,0,181,68,0,68,249
04/27/2004,SAC,CA,AWP,WE,Federal Contract Tower,0,6,126,0,132,0,9,164,4,177,0,15,290,4,309,174,0,174,483
04/28/2004,SAC,CA,AWP,WE,Federal Contract Tower,0,2,62,0,64,0,10,69,0,79,0,12,131,0,143,123,0,123,266
04/29/2004,SAC,CA,AWP,WE,Federal Contract Tower,0,5,113,0,118,0,11,44,1,56,0,16,157,1,174,203,0,203,377
04/30/2004,SAC,CA,AWP,WE,Federal Contract Tower,0,2,69,0,71,0,0,97,0,97,0,2,166,0,168,227,0,227,395
05/01/2004,SAC,CA,AWP,WE,Federal Contract Tower,0,3,61,0,64,0,11,115,0,126,0,14,176,0,190,190,0,190,380
05/02/2004,SAC,CA,AWP,WE,Federal Contract Tower,0,0,27,0,27,0,0,157,0,157,0,0,184,0,184,123,0,123,307
05/03/2004,SAC,CA,AWP,WE,Federal Contract Tower,0,3,64,0,67,0,11,167,0,178,0,14,231,0,245,94,0,94,339
05/04/2004,SAC,CA,AWP,WE,Federal Contract Tower,0,4,69,0,73,0,1,147,1,149,0,5,216,1,222,226,1,227,449
05/05/2004,SAC,CA,AWP,WE,Federal Contract Tower,0,5,101,0,106,0,12,89,0,101,0,17,190,0,207,212,0,212,419
05/06/2004,SAC,CA,AWP,WE,Federal Contract Tower,0,5,88,0,93,0,20,88,0,108,0,25,176,0,201,235,0,235,436
05/07/2004,SAC,CA,AWP,WE,Federal Contract Tower,0,5,86,0,91,0,3,110,2,115,0,8,196,2,206,280,0,280,486
05/08/2004,SAC,CA,AWP,WE,Federal Contract Tower,0,2,97,0,99,0,0,175,0,175,0,2,272,0,274,294,0,294,568
05/09/2004,SAC,CA,AWP,WE,Federal Contract Tower,0,2,43,0,45,0,3,137,0,140,0,5,180,0,185,144,0,144,329
05/10/2004,SAC,CA,AWP,WE,Federal Contract Tower,0,2,54,0,56,0,7,114,0,121,0,9,168,0,177,62,0,62,239
05/11/2004,SAC,CA,AWP,WE,Federal Contract Tower,0,4,108,0,112,0,0,119,0,119,0,4,227,0,231,159,2,161,392
05/12/2004,SAC,CA,AWP,WE,Federal Contract Tower,0,2,56,1,59,0,18,206,2,226,0,20,262,3,285,284,0,284,569
05/13/2004,SAC,CA,AWP,WE,Federal Contract Tower,0,5,114,0,119,0,2,113,0,115,0,7,227,0,234,310,0,310,544
05/14/2004,SAC,CA,AWP,WE,Federal Contract Tower,0,3,73,0,76,0,15,169,0,184,0,18,242,0,260,285,0,285,545
05/15/2004,SAC,CA,AWP,WE,Federal Contract Tower,0,2,60,1,63,0,14,184,1,199,0,16,244,2,262,81,0,81,343
05/16/2004,SAC,CA,AWP,WE,Federal Contract Tower,0,2,49,0,51,0,10,208,0,218,0,12,257,0,269,38,0,38,307
05/17/2004,SAC,CA,AWP,WE,Federal Contract Tower,0,1,37,0,38,0,16,166,1,183,0,17,203,1,221,50,0,50,271
05/18/2004,SAC,CA,AWP,WE,Federal Contract Tower,0,3,75,0,78,0,17,179,1,197,0,20,254,1,275,235,2,237,512
05/19/2004,SAC,CA,AWP,WE,Federal Contract Tower,0,4,87,0,91,0,16,76,2,94,0,20,163,2,185,184,0,184,369
05/20/2004,SAC,CA,AWP,WE,Federal Contract Tower,0,6,136,0,142,0,12,54,0,66,0,18,190,0,208,194,0,194,402
05/21/2004,SAC,CA,AWP,WE,Federal Contract Tower,0,3,81,0,84,0,4,44,2,50,0,7,125,2,134,208,0,208,342
05/22/2004,SAC,CA,AWP,WE,Federal Contract Tower,0,3,66,0,69,0,11,157,2,170,0,14,223,2,239,72,0,72,311
05/23/2004,SAC,CA,AWP,WE,Federal Contract Tower,0,3,84,0,87,0,15,161,0,176,0,18,245,0,263,71,0,71,334
05/24/2004,SAC,CA,AWP,WE,Federal Contract Tower,0,2,55,0,57,0,10,194,4,208,0,12,249,4,265,95,0,95,360
05/25/2004,SAC,CA,AWP,WE,Federal Contract Tower,0,1,36,0,37,0,18,74,0,92,0,19,110,0,129,138,0,138,267
05/26/2004,SAC,CA,AWP,WE,Federal Contract Tower,0,2,58,0,60,0,5,101,2,108,0,7,159,2,168,147,0,147,315
05/27/2004,SAC,CA,AWP,WE,Federal Contract Tower,0,2,64,0,66,0,12,145,2,159,0,14,209,2,225,138,0,138,363
05/28/2004,SAC,CA,AWP,WE,Federal Contract Tower,0,1,35,0,36,0,1,176,0,177,0,2,211,0,213,125,0,125,338
05/29/2004,SAC,CA,AWP,WE,Federal Contract Tower,0,0,38,0,38,0,0,154,0,154,0,0,192,0,192,111,0,111,303
05/30/2004,SAC,CA,AWP,WE,Federal Contract Tower,0,1,33,0,34,0,15,138,0,153,0,16,171,0,187,60,0,60,247
05/31/2004,SAC,CA,AWP,WE,Federal Contract Tower,0,1,28,0,29,0,1,177,9,187,0,2,205,9,216,66,0,66,282
06/01/2004,SAC,CA,AWP,WE,Federal Contract Tower,0,3,37,0,40,0,2,108,13,123,0,5,145,13,163,111,0,111,274
06/02/2004,SAC,CA,AWP,WE,Federal Contract Tower,0,3,42,0,45,0,7,180,0,187,0,10,222,0,232,95,0,95,327
06/03/2004,SAC,CA,AWP,WE,Federal Contract Tower,0,4,53,0,57,0,2,143,0,145,0,6,196,0,202,127,0,127,329
06/04/2004,SAC,CA,AWP,WE,Federal Contract Tower,0,4,55,0,59,0,1,146,0,147,0,5,201,0,206,160,0,160,366
06/05/2004,SAC,CA,AWP,WE,Federal Contract Tower,0,2,26,0,28,0,0,205,0,205,0,2,231,0,233,77,0,77,310
06/06/2004,SAC,CA,AWP,WE,Federal Contract Tower,0,2,45,0,47,0,12,192,0,204,0,14,237,0,251,53,0,53,304
06/07/2004,SAC,CA,AWP,WE,Federal Contract Tower,0,2,32,1,35,0,18,108,4,130,0,20,140,5,165,107,0,107,272
06/08/2004,SAC,CA,AWP,WE,Federal Contract Tower,0,5,85,0,90,0,11,46,0,57,0,16,131,0,147,128,0,128,275
06/09/2004,SAC,CA,AWP,WE,Federal Contract Tower,0,3,50,0,53,0,14,197,0,211,0,17,247,0,264,197,0,197,461
06/10/2004,SAC,CA,AWP,WE,Federal Contract Tower,0,2,39,0,41,0,2,176,0,178,0,4,215,0,219,22,0,22,241
06/11/2004,SAC,CA,AWP,WE,Federal Contract Tower,0,2,44,0,46,0,17,155,0,172,0,19,199,0,218,85,0,85,303
06/12/2004,SAC,CA,AWP,WE,Federal Contract Tower,0,0,42,0,42,0,0,195,0,195,0,0,237,0,237,131,0,131,368
06/13/2004,SAC,CA,AWP,WE,Federal Contract Tower,0,2,44,0,46,0,14,219,0,233,0,16,263,0,279,28,0,28,307
06/14/2004,SAC,CA,AWP,WE,Federal Contract Tower,0,3,58,1,62,0,7,130,2,139,0,10,188,3,201,80,0,80,281
06/15/2004,SAC,CA,AWP,WE,Federal Contract Tower,0,2,38,1,41,0,11,181,3,195,0,13,219,4,236,58,0,58,294
06/16/2004,SAC,CA,AWP,WE,Federal Contract Tower,0,4,77,0,81,0,11,157,0,168,0,15,234,0,249,108,0,108,357
06/17/2004,SAC,CA,AWP,WE,Federal Contract Tower,0,3,54,0,57,0,0,166,6,172,0,3,220,6,229,96,4,100,329
06/18/2004,SAC,CA,AWP,WE,Federal Contract Tower,0,3,61,0,64,0,1,167,2,170,0,4,228,2,234,100,0,100,334
06/19/2004,SAC,CA,AWP,WE,Federal Contract Tower,0,2,44,0,46,0,1,142,2,145,0,3,186,2,191,190,0,190,381
06/20/2004,SAC,CA,AWP,WE,Federal Contract Tower,0,2,36,0,38,0,6,211,0,217,0,8,247,0,255,57,0,57,312
06/21/2004,SAC,CA,AWP,WE,Federal Contract Tower,0,4,78,0,82,0,9,177,12,198,0,13,255,12,280,89,2,91,371
06/22/2004,SAC,CA,AWP,WE,Federal Contract Tower,0,4,70,0,74,0,13,233,0,246,0,17,303,0,320,83,0,83,403
06/23/2004,SAC,CA,AWP,WE,Federal Contract Tower,0,5,97,0,102,0,18,134,0,152,0,23,231,0,254,143,0,143,397
06/24/2004,SAC,CA,AWP,WE,Federal Contract Tower,0,2,38,0,40,0,6,186,0,192,0,8,224,0,232,61,2,63,295
06/25/2004,SAC,CA,AWP,WE,Federal Contract Tower,0,2,45,0,47,0,11,162,0,173,0,13,207,0,220,72,0,72,292
06/26/2004,SAC,CA,AWP,WE,Federal Contract Tower,0,2,39,0,41,0,1,187,0,188,0,3,226,0,229,144,0,144,373
06/27/2004,SAC,CA,AWP,WE,Federal Contract Tower,0,2,41,0,43,0,6,198,0,204,0,8,239,0,247,54,0,54,301
06/28/2004,SAC,CA,AWP,WE,Federal Contract Tower,0,3,64,0,67,0,7,212,2,221,0,10,276,2,288,123,2,125,413
06/29/2004,SAC,CA,AWP,WE,Federal Contract Tower,0,4,74,0,78,0,8,173,0,181,0,12,247,0,259,77,0,77,336
06/30/2004,SAC,CA,AWP,WE,Federal Contract Tower,0,2,34,0,36,0,0,157,2,159,0,2,191,2,195,99,0,99,294
07/01/2004,SAC,CA,AWP,WE,Federal Contract Tower,0,5,79,0,84,0,7,132,0,139,0,12,211,0,223,91,0,91,314
07/02/2004,SAC,CA,AWP,WE,Federal Contract Tower,0,3,35,0,38,0,7,217,0,224,0,10,252,0,262,101,0,101,363
07/03/2004,SAC,CA,AWP,WE,Federal Contract Tower,0,0,17,0,17,0,0,225,0,225,0,0,242,0,242,80,0,80,322
07/04/2004,SAC,CA,AWP,WE,Federal Contract Tower,0,2,19,0,21,0,10,96,0,106,0,12,115,0,127,42,0,42,169
07/05/2004,SAC,CA,AWP,WE,Federal Contract Tower,0,3,35,0,38,0,5,171,0,176,0,8,206,0,214,46,0,46,260
07/06/2004,SAC,CA,AWP,WE,Federal Contract Tower,0,3,44,0,47,0,7,195,0,202,0,10,239,0,249,56,0,56,305
07/07/2004,SAC,CA,AWP,WE,Federal Contract Tower,0,5,74,0,79,0,18,144,4,166,0,23,218,4,245,82,2,84,329
07/08/2004,SAC,CA,AWP,WE,Federal Contract Tower,0,5,78,0,83,0,13,124,1,138,0,18,202,1,221,132,0,132,353
07/09/2004,SAC,CA,AWP,WE,Federal Contract Tower,0,4,51,0,55,0,17,160,2,179,0,21,211,2,234,160,0,160,394
07/10/2004,SAC,CA,AWP,WE,Federal Contract Tower,0,0,22,0,22,0,0,275,0,275,0,0,297,0,297,74,0,74,371
07/11/2004,SAC,CA,AWP,WE,Federal Contract Tower,0,0,29,0,29,0,0,147,0,147,0,0,176,0,176,180,0,180,356
07/12/2004,SAC,CA,AWP,WE,Federal Contract Tower,0,2,36,0,38,0,10,199,0,209,0,12,235,0,247,68,0,68,315
07/13/2004,SAC,CA,AWP,WE,Federal Contract Tower,0,3,59,0,62,0,21,198,0,219,0,24,257,0,281,65,0,65,346
07/14/2004,SAC,CA,AWP,WE,Federal Contract Tower,0,5,85,0,90,0,17,156,0,173,0,22,241,0,263,149,0,149,412
07/15/2004,SAC,CA,AWP,WE,Federal Contract Tower,0,3,56,0,59,0,12,182,0,194,0,15,238,0,253,86,0,86,339
07/16/2004,SAC,CA,AWP,WE,Federal Contract Tower,0,4,78,1,83,0,7,129,1,137,0,11,207,2,220,158,0,158,378
07/17/2004,SAC,CA,AWP,WE,Federal Contract Tower,0,2,43,1,46,0,0,176,1,177,0,2,219,2,223,117,0,117,340
07/18/2004,SAC,CA,AWP,WE,Federal Contract Tower,0,1,30,0,31,0,11,201,0,212,0,12,231,0,243,34,0,34,277
07/19/2004,SAC,CA,AWP,WE,Federal Contract Tower,0,2,42,0,44,0,15,230,0,245,0,17,272,0,289,112,0,112,401
07/20/2004,SAC,CA,AWP,WE,Federal Contract Tower,0,3,53,0,56,0,23,181,0,204,0,26,234,0,260,103,0,103,363
07/21/2004,SAC,CA,AWP,WE,Federal Contract Tower,0,3,53,0,56,0,15,169,0,184,0,18,222,0,240,55,0,55,295
07/22/2004,SAC,CA,AWP,WE,Federal Contract Tower,0,2,35,0,37,0,21,232,0,253,0,23,267,0,290,81,0,81,371
07/23/2004,SAC,CA,AWP,WE,Federal Contract Tower,0,2,37,0,39,0,29,233,0,262,0,31,270,0,301,147,0,147,448
07/24/2004,SAC,CA,AWP,WE,Federal Contract Tower,0,2,44,0,46,0,13,159,0,172,0,15,203,0,218,84,0,84,302
07/25/2004,SAC,CA,AWP,WE,Federal Contract Tower,0,2,48,0,50,0,23,190,0,213,0,25,238,0,263,106,0,106,369
07/26/2004,SAC,CA,AWP,WE,Federal Contract Tower,0,2,45,0,47,0,17,199,2,218,0,19,244,2,265,67,0,67,332
07/27/2004,SAC,CA,AWP,WE,Federal Contract Tower,0,2,42,0,44,0,15,173,0,188,0,17,215,0,232,81,0,81,313
07/28/2004,SAC,CA,AWP,WE,Federal Contract Tower,0,2,48,0,50,0,15,196,2,213,0,17,244,2,263,68,0,68,331
07/29/2004,SAC,CA,AWP,WE,Federal Contract Tower,0,2,34,0,36,0,17,187,0,204,0,19,221,0,240,53,0,53,293
07/30/2004,SAC,CA,AWP,WE,Federal Contract Tower,0,2,35,0,37,0,15,212,4,231,0,17,247,4,268,32,0,32,300
07/31/2004,SAC,CA,AWP,WE,Federal Contract Tower,0,0,12,0,12,0,0,123,0,123,0,0,135,0,135,33,0,33,168
08/01/2004,SAC,CA,AWP,WE,Federal Contract Tower,0,3,43,0,46,0,13,160,0,173,0,16,203,0,219,32,0,32,251
08/02/2004,SAC,CA,AWP,WE,Federal Contract Tower,0,3,56,0,59,0,9,122,0,131,0,12,178,0,190,72,0,72,262
08/03/2004,SAC,CA,AWP,WE,Federal Contract Tower,0,4,62,0,66,0,15,205,0,220,0,19,267,0,286,76,0,76,362
08/04/2004,SAC,CA,AWP,WE,Federal Contract Tower,0,5,85,0,90,0,13,120,2,135,0,18,205,2,225,84,0,84,309
08/05/2004,SAC,CA,AWP,WE,Federal Contract Tower,0,2,39,0,41,0,1,171,0,172,0,3,210,0,213,35,0,35,248
08/06/2004,SAC,CA,AWP,WE,Federal Contract Tower,0,2,35,0,37,0,12,232,0,244,0,14,267,0,281,36,0,36,317
08/07/2004,SAC,CA,AWP,WE,Federal Contract Tower,0,1,31,0,32,0,14,134,0,148,0,15,165,0,180,38,0,38,218
08/08/2004,SAC,CA,AWP,WE,Federal Contract Tower,0,1,22,0,23,0,11,172,0,183,0,12,194,0,206,17,0,17,223
08/09/2004,SAC,CA,AWP,WE,Federal Contract Tower,0,1,29,0,30,0,26,177,0,203,0,27,206,0,233,68,0,68,301
08/10/2004,SAC,CA,AWP,WE,Federal Contract Tower,0,3,75,0,78,0,25,211,0,236,0,28,286,0,314,92,0,92,406
08/11/2004,SAC,CA,AWP,WE,Federal Contract Tower,0,5,105,0,110,0,12,113,0,125,0,17,218,0,235,168,7,175,410
08/12/2004,SAC,CA,AWP,WE,Federal Contract Tower,0,2,47,0,49,0,12,180,0,192,0,14,227,0,241,52,0,52,293
08/13/2004,SAC,CA,AWP,WE,Federal Contract Tower,0,2,49,0,51,0,20,201,0,221,0,22,250,0,272,117,0,117,389
08/14/2004,SAC,CA,AWP,WE,Federal Contract Tower,0,1,27,0,28,0,17,143,0,160,0,18,170,0,188,59,0,59,247
08/15/2004,SAC,CA,AWP,WE,Federal Contract Tower,0,2,48,0,50,0,10,191,0,201,0,12,239,0,251,86,0,86,337
08/16/2004,SAC,CA,AWP,WE,Federal Contract Tower,0,2,44,1,47,0,27,142,0,169,0,29,186,1,216,66,0,66,282
08/17/2004,SAC,CA,AWP,WE,Federal Contract Tower,0,3,73,0,76,0,11,169,0,180,0,14,242,0,256,96,0,96,352
08/18/2004,SAC,CA,AWP,WE,Federal Contract Tower,0,4,86,0,90,0,5,143,0,148,0,9,229,0,238,196,2,198,436
08/19/2004,SAC,CA,AWP,WE,Federal Contract Tower,0,2,59,0,61,0,34,199,0,233,0,36,258,0,294,138,0,138,432
08/20/2004,SAC,CA,AWP,WE,Federal Contract Tower,0,1,30,0,31,0,27,254,4,285,0,28,284,4,316,52,0,52,368
08/21/2004,SAC,CA,AWP,WE,Federal Contract Tower,0,1,33,0,34,0,5,197,2,204,0,6,230,2,238,77,0,77,315
08/22/2004,SAC,CA,AWP,WE,Federal Contract Tower,0,2,44,0,46,0,27,189,0,216,0,29,233,0,262,78,0,78,340
08/23/2004,SAC,CA,AWP,WE,Federal Contract Tower,0,3,60,0,63,0,7,198,2,207,0,10,258,2,270,136,2,138,408
08/24/2004,SAC,CA,AWP,WE,Federal Contract Tower,0,2,51,0,53,0,12,187,0,199,0,14,238,0,252,67,0,67,319
08/25/2004,SAC,CA,AWP,WE,Federal Contract Tower,0,3,71,0,74,0,21,202,4,227,0,24,273,4,301,68,0,68,369
08/26/2004,SAC,CA,AWP,WE,Federal Contract Tower,0,2,48,0,50,0,32,174,4,210,0,34,222,4,260,55,2,57,317
08/27/2004,SAC,CA,AWP,WE,Federal Contract Tower,0,2,59,0,61,0,29,211,0,240,0,31,270,0,301,142,0,142,443
08/28/2004,SAC,CA,AWP,WE,Federal Contract Tower,0,1,40,0,41,0,21,213,0,234,0,22,253,0,275,53,0,53,328
08/29/2004,SAC,CA,AWP,WE,Federal Contract Tower,0,2,42,0,44,0,16,195,0,211,0,18,237,0,255,78,0,78,333
08/30/2004,SAC,CA,AWP,WE,Federal Contract Tower,0,2,60,0,62,0,14,243,2,259,0,16,303,2,321,118,3,121,442
08/31/2004,SAC,CA,AWP,WE,Federal Contract Tower,0,3,79,0,82,0,8,253,9,270,0,11,332,9,352,114,4,118,470
09/01/2004,SAC,CA,AWP,WE,Federal Contract Tower,0,3,68,0,71,0,13,233,0,246,0,16,301,0,317,154,0,154,471
09/02/2004,SAC,CA,AWP,WE,Federal Contract Tower,0,4,91,0,95,0,27,151,0,178,0,31,242,0,273,101,0,101,374
09/03/2004,SAC,CA,AWP,WE,Federal Contract Tower,0,1,34,0,35,0,22,95,0,117,0,23,129,0,152,48,0,48,200
09/04/2004,SAC,CA,AWP,WE,Federal Contract Tower,0,1,31,0,32,0,28,298,0,326,0,29,329,0,358,191,0,191,549
09/05/2004,SAC,CA,AWP,WE,Federal Contract Tower,0,2,44,0,46,0,10,204,0,214,0,12,248,0,260,42,0,42,302
09/06/2004,SAC,CA,AWP,WE,Federal Contract Tower,0,3,48,1,52,0,8,188,1,197,0,11,236,2,249,83,0,83,332
09/07/2004,SAC,CA,AWP,WE,Federal Contract Tower,0,3,42,0,45,0,18,251,0,269,0,21,293,0,314,70,0,70,384
09/08/2004,SAC,CA,AWP,WE,Federal Contract Tower,0,2,28,0,30,0,11,280,0,291,0,13,308,0,321,90,2,92,413
09/09/2004,SAC,CA,AWP,WE,Federal Contract Tower,0,3,48,1,52,0,45,183,1,229,0,48,231,2,281,54,2,56,337
09/10/2004,SAC,CA,AWP,WE,Federal Contract Tower,0,4,63,1,68,0,48,186,1,235,0,52,249,2,303,115,2,117,420
09/11/2004,SAC,CA,AWP,WE,Federal Contract Tower,0,2,38,0,40,0,14,225,0,239,0,16,263,0,279,72,0,72,351
09/12/2004,SAC,CA,AWP,WE,Federal Contract Tower,0,3,48,0,51,0,21,198,0,219,0,24,246,0,270,76,0,76,346
09/13/2004,SAC,CA,AWP,WE,Federal Contract Tower,0,3,50,1,54,0,11,235,1,247,0,14,285,2,301,68,0,68,369
09/14/2004,SAC,CA,AWP,WE,Federal Contract Tower,0,4,59,0,63,0,11,209,0,220,0,15,268,0,283,47,0,47,330
09/15/2004,SAC,CA,AWP,WE,Federal Contract Tower,0,4,56,1,61,0,6,228,1,235,0,10,284,2,296,96,0,96,392
09/16/2004,SAC,CA,AWP,WE,Federal Contract Tower,0,3,44,0,47,0,42,215,0,257,0,45,259,0,304,64,2,66,370
09/17/2004,SAC,CA,AWP,WE,Federal Contract Tower,0,1,28,0,29,0,30,215,0,245,0,31,243,0,274,72,0,72,346
09/18/2004,SAC,CA,AWP,WE,Federal Contract Tower,0,3,45,0,48,0,11,210,0,221,0,14,255,0,269,52,0,52,321
09/19/2004,SAC,CA,AWP,WE,Federal Contract Tower,0,2,37,0,39,0,10,197,0,207,0,12,234,0,246,77,0,77,323
09/20/2004,SAC,CA,AWP,WE,Federal Contract Tower,0,5,77,0,82,0,3,179,2,184,0,8,256,2,266,92,0,92,358
09/21/2004,SAC,CA,AWP,WE,Federal Contract Tower,0,4,60,0,64,0,10,267,4,281,0,14,327,4,345,57,0,57,402
09/22/2004,SAC,CA,AWP,WE,Federal Contract Tower,0,3,43,0,46,0,10,187,0,197,0,13,230,0,243,62,2,64,307
09/23/2004,SAC,CA,AWP,WE,Federal Contract Tower,0,4,64,0,68,0,46,232,4,282,0,50,296,4,350,108,2,110,460
09/24/2004,SAC,CA,AWP,WE,Federal Contract Tower,0,3,53,0,56,0,39,205,4,248,0,42,258,4,304,63,6,69,373
09/25/2004,SAC,CA,AWP,WE,Federal Contract Tower,0,5,78,0,83,0,7,187,0,194,0,12,265,0,277,109,0,109,386
09/26/2004,SAC,CA,AWP,WE,Federal Contract Tower,0,4,59,0,63,0,12,235,0,247,0,16,294,0,310,96,0,96,406
09/27/2004,SAC,CA,AWP,WE,Federal Contract Tower,0,3,56,0,59,0,12,211,2,225,0,15,267,2,284,72,0,72,356
09/28/2004,SAC,CA,AWP,WE,Federal Contract Tower,0,4,65,0,69,0,17,217,4,238,0,21,282,4,307,77,0,77,384
09/29/2004,SAC,CA,AWP,WE,Federal Contract Tower,0,4,60,0,64,0,39,171,2,212,0,43,231,2,276,92,0,92,368
09/30/2004,SAC,CA,AWP,WE,Federal Contract Tower,0,4,64,0,68,0,36,145,0,181,0,40,209,0,249,103,0,103,352
10/01/2004,SAC,CA,AWP,WE,Federal Contract Tower,0,0,33,0,33,0,44,292,0,336,0,44,325,0,369,69,0,69,438
10/02/2004,SAC,CA,AWP,WE,Federal Contract Tower,0,0,22,0,22,0,5,203,1,209,0,5,225,1,231,111,0,111,342
10/03/2004,SAC,CA,AWP,WE,Federal Contract Tower,0,0,43,0,43,0,12,204,6,222,0,12,247,6,265,68,0,68,333
10/04/2004,SAC,CA,AWP,WE,Federal Contract Tower,0,9,42,0,51,0,0,161,0,161,0,9,203,0,212,76,0,76,288
10/05/2004,SAC,CA,AWP,WE,Federal Contract Tower,0,0,76,2,78,0,19,262,4,285,0,19,338,6,363,92,0,92,455
10/06/2004,SAC,CA,AWP,WE,Federal Contract Tower,0,11,53,2,66,0,13,171,0,184,0,24,224,2,250,71,6,77,327
10/07/2004,SAC,CA,AWP,WE,Federal Contract Tower,0,12,42,0,54,0,22,186,1,209,0,34,228,1,263,55,1,56,319
10/08/2004,SAC,CA,AWP,WE,Federal Contract Tower,0,8,47,0,55,0,29,224,0,253,0,37,271,0,308,148,0,148,456
10/09/2004,SAC,CA,AWP,WE,Federal Contract Tower,0,0,47,0,47,0,8,172,4,184,0,8,219,4,231,118,0,118,349
10/10/2004,SAC,CA,AWP,WE,Federal Contract Tower,0,0,54,0,54,0,6,160,0,166,0,6,214,0,220,52,0,52,272
10/11/2004,SAC,CA,AWP,WE,Federal Contract Tower,0,8,60,0,68,0,2,152,0,154,0,10,212,0,222,106,0,106,328
10/12/2004,SAC,CA,AWP,WE,Federal Contract Tower,0,0,68,1,69,0,16,279,1,296,0,16,347,2,365,92,0,92,457
10/13/2004,SAC,CA,AWP,WE,Federal Contract Tower,0,9,124,0,133,0,11,93,0,104,0,20,217,0,237,204,0,204,441
10/14/2004,SAC,CA,AWP,WE,Federal Contract Tower,0,12,96,0,108,0,12,59,0,71,0,24,155,0,179,168,2,170,349
10/15/2004,SAC,CA,AWP,WE,Federal Contract Tower,0,8,49,2,59,0,21,91,0,112,0,29,140,2,171,53,0,53,224
10/16/2004,SAC,CA,AWP,WE,Federal Contract Tower,0,0,65,0,65,0,0,161,0,161,0,0,226,0,226,108,0,108,334
10/17/2004,SAC,CA,AWP,WE,Federal Contract Tower,0,0,39,0,39,0,4,172,0,176,0,4,211,0,215,24,0,24,239
10/18/2004,SAC,CA,AWP,WE,Federal Contract Tower,0,9,88,0,97,0,4,138,2,144,0,13,226,2,241,62,0,62,303
10/19/2004,SAC,CA,AWP,WE,Federal Contract Tower,0,0,24,0,24,0,2,89,0,91,0,2,113,0,115,0,0,0,115
10/20/2004,SAC,CA,AWP,WE,Federal Contract Tower,0,9,38,0,47,0,11,80,0,91,0,20,118,0,138,52,0,52,190
10/21/2004,SAC,CA,AWP,WE,Federal Contract Tower,0,14,57,0,71,0,15,129,3,147,0,29,186,3,218,120,0,120,338
10/22/2004,SAC,CA,AWP,WE,Federal Contract Tower,0,7,86,8,101,0,16,131,2,149,0,23,217,10,250,130,5,135,385
10/23/2004,SAC,CA,AWP,WE,Federal Contract Tower,0,0,110,0,110,0,0,14,0,14,0,0,124,0,124,58,0,58,182
10/24/2004,SAC,CA,AWP,WE,Federal Contract Tower,0,0,56,0,56,0,8,181,0,189,0,8,237,0,245,72,0,72,317
10/25/2004,SAC,CA,AWP,WE,Federal Contract Tower,0,13,93,0,106,0,1,153,0,154,0,14,246,0,260,150,0,150,410
10/26/2004,SAC,CA,AWP,WE,Federal Contract Tower,0,0,73,0,73,0,6,188,4,198,0,6,261,4,271,84,0,84,355
10/27/2004,SAC,CA,AWP,WE,Federal Contract Tower,0,13,64,0,77,0,7,95,2,104,0,20,159,2,181,83,2,85,266
10/28/2004,SAC,CA,AWP,WE,Federal Contract Tower,0,8,96,0,104,0,5,140,0,145,0,13,236,0,249,100,0,100,349
10/29/2004,SAC,CA,AWP,WE,Federal Contract Tower,0,12,79,0,91,0,0,160,2,162,0,12,239,2,253,128,0,128,381
10/30/2004,SAC,CA,AWP,WE,Federal Contract Tower,0,0,77,0,77,0,13,171,2,186,0,13,248,2,263,76,0,76,339
10/31/2004,SAC,CA,AWP,WE,Federal Contract Tower,0,0,57,0,57,0,6,172,0,178,0,6,229,0,235,73,0,73,308
11/01/2004,SAC,CA,AWP,WE,Federal Contract Tower,0,0,53,0,53,0,24,157,2,183,0,24,210,2,236,58,0,58,294
11/02/2004,SAC,CA,AWP,WE,Federal Contract Tower,0,0,62,0,62,0,8,176,4,188,0,8,238,4,250,131,0,131,381
11/03/2004,SAC,CA,AWP,WE,Federal Contract Tower,0,12,50,0,62,0,0,0,0,0,0,12,50,0,62,62,0,62,124
11/04/2004,SAC,CA,AWP,WE,Federal Contract Tower,0,6,58,0,64,0,13,56,0,69,0,19,114,0,133,78,2,80,213
11/05/2004,SAC,CA,AWP,WE,Federal Contract Tower,0,0,47,2,49,0,14,244,0,258,0,14,291,2,307,49,2,51,358
11/06/2004,SAC,CA,AWP,WE,Federal Contract Tower,0,0,60,0,60,0,2,206,0,208,0,2,266,0,268,146,0,146,414
11/07/2004,SAC,CA,AWP,WE,Federal Contract Tower,0,0,73,0,73,0,12,165,0,177,0,12,238,0,250,96,0,96,346
11/08/2004,SAC,CA,AWP,WE,Federal Contract Tower,0,0,47,0,47,0,16,170,2,188,0,16,217,2,235,69,0,69,304
11/09/2004,SAC,CA,AWP,WE,Federal Contract Tower,0,0,74,0,74,0,14,183,2,199,0,14,257,2,273,104,0,104,377
11/10/2004,SAC,CA,AWP,WE,Federal Contract Tower,0,20,105,0,125,0,0,9,0,9,0,20,114,0,134,30,0,30,164
11/11/2004,SAC,CA,AWP,WE,Federal Contract Tower,0,0,74,0,74,0,4,0,0,4,0,4,74,0,78,26,0,26,104
11/12/2004,SAC,CA,AWP,WE,Federal Contract Tower,0,7,65,0,72,0,6,107,0,113,0,13,172,0,185,68,0,68,253
11/13/2004,SAC,CA,AWP,WE,Federal Contract Tower,0,0,76,0,76,0,9,167,0,176,0,9,243,0,252,74,0,74,326
11/14/2004,SAC,CA,AWP,WE,Federal Contract Tower,0,0,65,0,65,0,8,166,0,174,0,8,231,0,239,115,0,115,354
11/15/2004,SAC,CA,AWP,WE,Federal Contract Tower,0,0,66,0,66,0,13,96,0,109,0,13,162,0,175,94,0,94,269
11/16/2004,SAC,CA,AWP,WE,Federal Contract Tower,0,1,63,0,64,0,17,82,0,99,0,18,145,0,163,79,0,79,242
11/17/2004,SAC,CA,AWP,WE,Federal Contract Tower,0,11,52,0,63,0,0,0,0,0,0,11,52,0,63,41,0,41,104
11/18/2004,SAC,CA,AWP,WE,Federal Contract Tower,0,0,94,0,94,0,0,0,0,0,0,0,94,0,94,38,0,38,132
11/19/2004,SAC,CA,AWP,WE,Federal Contract Tower,0,11,83,0,94,0,4,116,0,120,0,15,199,0,214,103,1,104,318
11/20/2004,SAC,CA,AWP,WE,Federal Contract Tower,0,0,74,0,74,0,16,181,0,197,0,16,255,0,271,143,0,143,414
11/21/2004,SAC,CA,AWP,WE,Federal Contract Tower,0,0,62,0,62,0,4,195,0,199,0,4,257,0,261,66,0,66,327
11/22/2004,SAC,CA,AWP,WE,Federal Contract Tower,0,0,65,0,65,0,14,204,0,218,0,14,269,0,283,76,0,76,359
11/23/2004,SAC,CA,AWP,WE,Federal Contract Tower,0,0,78,0,78,0,6,223,2,231,0,6,301,2,309,80,0,80,389
11/24/2004,SAC,CA,AWP,WE,Federal Contract Tower,0,5,54,0,59,0,7,138,0,145,0,12,192,0,204,97,2,99,303
11/25/2004,SAC,CA,AWP,WE,Federal Contract Tower,0,0,12,0,12,0,0,25,0,25,0,0,37,0,37,10,1,11,48
11/26/2004,SAC,CA,AWP,WE,Federal Contract Tower,0,0,32,0,32,0,6,119,0,125,0,6,151,0,157,30,0,30,187
11/27/2004,SAC,CA,AWP,WE,Federal Contract Tower,0,0,14,0,14,0,0,58,0,58,0,0,72,0,72,28,0,28,100
11/28/2004,SAC,CA,AWP,WE,Federal Contract Tower,0,0,59,0,59,0,6,117,0,123,0,6,176,0,182,35,0,35,217
11/29/2004,SAC,CA,AWP,WE,Federal Contract Tower,0,0,60,0,60,0,8,167,2,177,0,8,227,2,237,76,0,76,313
11/30/2004,SAC,CA,AWP,WE,Federal Contract Tower,0,0,85,0,85,0,8,210,2,220,0,8,295,2,305,96,0,96,401
12/01/2004,SAC,CA,AWP,WE,Federal Contract Tower,0,6,64,0,70,0,8,157,0,165,0,14,221,0,235,125,0,125,360
12/02/2004,SAC,CA,AWP,WE,Federal Contract Tower,0,0,63,0,63,0,13,174,0,187,0,13,237,0,250,58,2,60,310
12/03/2004,SAC,CA,AWP,WE,Federal Contract Tower,0,2,41,0,43,0,4,177,0,181,0,6,218,0,224,92,4,96,320
12/04/2004,SAC,CA,AWP,WE,Federal Contract Tower,0,0,64,0,64,0,2,73,0,75,0,2,137,0,139,70,0,70,209
12/05/2004,SAC,CA,AWP,WE,Federal Contract Tower,0,0,58,0,58,0,10,185,0,195,0,10,243,0,253,66,0,66,319
12/06/2004,SAC,CA,AWP,WE,Federal Contract Tower,0,0,23,0,23,0,6,86,0,92,0,6,109,0,115,31,0,31,146
12/07/2004,SAC,CA,AWP,WE,Federal Contract Tower,0,0,57,0,57,0,4,174,0,178,0,4,231,0,235,12,0,12,247
12/08/2004,SAC,CA,AWP,WE,Federal Contract Tower,0,6,21,0,27,0,0,7,0,7,0,6,28,0,34,8,0,8,42
12/09/2004,SAC,CA,AWP,WE,Federal Contract Tower,0,2,70,0,72,0,12,136,2,150,0,14,206,2,222,90,0,90,312
12/10/2004,SAC,CA,AWP,WE,Federal Contract Tower,0,0,63,0,63,0,6,124,2,132,0,6,187,2,195,128,0,128,323
12/11/2004,SAC,CA,AWP,WE,Federal Contract Tower,0,0,68,0,68,0,4,10,0,14,0,4,78,0,82,54,0,54,136
12/12/2004,SAC,CA,AWP,WE,Federal Contract Tower,0,0,78,0,78,0,2,0,0,2,0,2,78,0,80,44,0,44,124
12/13/2004,SAC,CA,AWP,WE,Federal Contract Tower,0,0,38,0,38,0,11,75,0,86,0,11,113,0,124,88,0,88,212
12/14/2004,SAC,CA,AWP,WE,Federal Contract Tower,0,12,81,0,93,0,5,40,0,45,0,17,121,0,138,100,0,100,238
12/15/2004,SAC,CA,AWP,WE,Federal Contract Tower,0,9,78,0,87,0,3,107,2,112,0,12,185,2,199,80,2,82,281
12/16/2004,SAC,CA,AWP,WE,Federal Contract Tower,0,3,49,0,52,0,7,137,1,145,0,10,186,1,197,122,6,128,325
12/17/2004,SAC,CA,AWP,WE,Federal Contract Tower,0,0,29,0,29,0,8,149,0,157,0,8,178,0,186,24,0,24,210
12/18/2004,SAC,CA,AWP,WE,Federal Contract Tower,0,0,39,0,39,0,0,8,0,8,0,0,47,0,47,16,0,16,63
12/19/2004,SAC,CA,AWP,WE,Federal Contract Tower,0,0,16,0,16,0,0,0,0,0,0,0,16,0,16,24,0,24,40
12/20/2004,SAC,CA,AWP,WE,Federal Contract Tower,0,6,50,0,56,0,0,36,0,36,0,6,86,0,92,26,0,26,118
12/21/2004,SAC,CA,AWP,WE,Federal Contract Tower,0,0,74,0,74,0,4,161,0,165,0,4,235,0,239,84,0,84,323
12/22/2004,SAC,CA,AWP,WE,Federal Contract Tower,0,0,47,0,47,0,15,149,0,164,0,15,196,0,211,69,2,71,282
12/23/2004,SAC,CA,AWP,WE,Federal Contract Tower,0,0,39,2,41,0,10,199,0,209,0,10,238,2,250,90,0,90,340
12/24/2004,SAC,CA,AWP,WE,Federal Contract Tower,0,0,31,0,31,0,0,11,0,11,0,0,42,0,42,34,0,34,76
12/25/2004,SAC,CA,AWP,WE,Federal Contract Tower,0,0,22,0,22,0,0,8,0,8,0,0,30,0,30,4,0,4,34
12/26/2004,SAC,CA,AWP,WE,Federal Contract Tower,0,0,53,0,53,0,4,144,0,148,0,4,197,0,201,64,0,64,265
12/27/2004,SAC,CA,AWP,WE,Federal Contract Tower,0,0,25,0,25,0,11,53,0,64,0,11,78,0,89,13,0,13,102
12/28/2004,SAC,CA,AWP,WE,Federal Contract Tower,0,0,46,0,46,0,13,37,0,50,0,13,83,0,96,58,0,58,154
12/29/2004,SAC,CA,AWP,WE,Federal Contract Tower,0,0,41,0,41,0,14,89,0,103,0,14,130,0,144,56,0,56,200
12/30/2004,SAC,CA,AWP,WE,Federal Contract Tower,0,3,20,0,23,0,5,24,0,29,0,8,44,0,52,44,0,44,96
12/31/2004,SAC,CA,AWP,WE,Federal Contract Tower,0,0,50,0,50,0,8,105,2,115,0,8,155,2,165,57,0,57,222
01/01/2005,SAC,CA,AWP,WE,Federal Contract Tower,0,0,26,0,26,0,2,48,0,50,0,2,74,0,76,30,0,30,106
01/02/2005,SAC,CA,AWP,WE,Federal Contract Tower,0,0,34,0,34,0,0,45,0,45,0,0,79,0,79,33,0,33,112
01/03/2005,SAC,CA,AWP,WE,Federal Contract Tower,0,0,52,0,52,0,4,135,0,139,0,4,187,0,191,34,0,34,225
01/04/2005,SAC,CA,AWP,WE,Federal Contract Tower,0,0,24,2,26,0,10,57,0,67,0,10,81,2,93,20,0,20,113
01/05/2005,SAC,CA,AWP,WE,Federal Contract Tower,0,0,42,2,44,0,15,154,0,169,0,15,196,2,213,84,2,86,299
01/06/2005,SAC,CA,AWP,WE,Federal Contract Tower,0,6,43,0,49,0,3,101,0,104,0,9,144,0,153,42,2,44,197
01/07/2005,SAC,CA,AWP,WE,Federal Contract Tower,0,0,7,0,7,0,4,23,0,27,0,4,30,0,34,0,0,0,34
01/08/2005,SAC,CA,AWP,WE,Federal Contract Tower,0,0,14,0,14,0,0,64,0,64,0,0,78,0,78,54,0,54,132
01/09/2005,SAC,CA,AWP,WE,Federal Contract Tower,0,0,59,0,59,0,8,147,0,155,0,8,206,0,214,68,0,68,282
01/10/2005,SAC,CA,AWP,WE,Federal Contract Tower,0,0,26,0,26,0,12,95,0,107,0,12,121,0,133,28,0,28,161
01/11/2005,SAC,CA,AWP,WE,Federal Contract Tower,0,0,35,0,35,0,7,50,0,57,0,7,85,0,92,12,0,12,104
01/12/2005,SAC,CA,AWP,WE,Federal Contract Tower,0,6,84,0,90,0,5,131,0,136,0,11,215,0,226,88,0,88,314
01/13/2005,SAC,CA,AWP,WE,Federal Contract Tower,0,9,117,0,126,0,0,64,0,64,0,9,181,0,190,63,0,63,253
01/14/2005,SAC,CA,AWP,WE,Federal Contract Tower,0,4,70,0,74,0,5,106,0,111,0,9,176,0,185,83,0,83,268
01/15/2005,SAC,CA,AWP,WE,Federal Contract Tower,0,4,88,0,92,0,2,40,0,42,0,6,128,0,134,68,0,68,202
01/16/2005,SAC,CA,AWP,WE,Federal Contract Tower,0,0,79,0,79,0,10,148,0,158,0,10,227,0,237,78,0,78,315
01/17/2005,SAC,CA,AWP,WE,Federal Contract Tower,0,0,45,0,45,0,6,29,0,35,0,6,74,0,80,36,0,36,116
01/18/2005,SAC,CA,AWP,WE,Federal Contract Tower,0,4,62,0,66,0,5,46,0,51,0,9,108,0,117,42,0,42,159
01/19/2005,SAC,CA,AWP,WE,Federal Contract Tower,0,0,79,0,79,0,8,29,0,37,0,8,108,0,116,40,0,40,156
01/20/2005,SAC,CA,AWP,WE,Federal Contract Tower,0,0,81,0,81,0,2,41,0,43,0,2,122,0,124,34,0,34,158
01/21/2005,SAC,CA,AWP,WE,Federal Contract Tower,0,4,78,0,82,0,4,6,0,10,0,8,84,0,92,37,0,37,129
01/22/2005,SAC,CA,AWP,WE,Federal Contract Tower,0,0,118,0,118,0,0,10,0,10,0,0,128,0,128,84,0,84,212
01/23/2005,SAC,CA,AWP,WE,Federal Contract Tower,0,0,65,0,65,0,2,110,0,112,0,2,175,0,177,82,0,82,259
01/24/2005,SAC,CA,AWP,WE,Federal Contract Tower,0,5,52,0,57,0,4,24,0,28,0,9,76,0,85,14,0,14,99
01/25/2005,SAC,CA,AWP,WE,Federal Contract Tower,0,6,56,0,62,0,8,76,0,84,0,14,132,0,146,48,0,48,194
01/26/2005,SAC,CA,AWP,WE,Federal Contract Tower,0,6,60,0,66,0,3,113,0,116,0,9,173,0,182,22,0,22,204
01/27/2005,SAC,CA,AWP,WE,Federal Contract Tower,0,4,74,0,78,0,3,138,0,141,0,7,212,0,219,91,0,91,310
01/28/2005,SAC,CA,AWP,WE,Federal Contract Tower,0,3,51,1,55,0,4,66,0,70,0,7,117,1,125,68,0,68,193
01/29/2005,SAC,CA,AWP,WE,Federal Contract Tower,0,0,57,0,57,0,6,220,0,226,0,6,277,0,283,102,0,102,385
01/30/2005,SAC,CA,AWP,WE,Federal Contract Tower,0,0,72,0,72,0,5,215,0,220,0,5,287,0,292,118,0,118,410
01/31/2005,SAC,CA,AWP,WE,Federal Contract Tower,0,2,44,0,46,0,12,130,2,144,0,14,174,2,190,88,0,88,278
02/01/2005,SAC,CA,AWP,WE,Federal Contract Tower,0,6,42,0,48,0,3,230,3,236,0,9,272,3,284,110,0,110,394
02/02/2005,SAC,CA,AWP,WE,Federal Contract Tower,0,0,50,0,50,0,8,175,0,183,0,8,225,0,233,126,0,126,359
02/03/2005,SAC,CA,AWP,WE,Federal Contract Tower,0,2,46,1,49,0,2,143,2,147,0,4,189,3,196,55,1,56,252
02/04/2005,SAC,CA,AWP,WE,Federal Contract Tower,0,2,90,0,92,0,3,121,0,124,0,5,211,0,216,63,0,63,279
02/05/2005,SAC,CA,AWP,WE,Federal Contract Tower,0,0,84,0,84,0,6,172,0,178,0,6,256,0,262,126,0,126,388
02/06/2005,SAC,CA,AWP,WE,Federal Contract Tower,0,0,76,0,76,0,4,199,0,203,0,4,275,0,279,84,0,84,363
02/07/2005,SAC,CA,AWP,WE,Federal Contract Tower,0,0,48,0,48,0,8,129,6,143,0,8,177,6,191,38,8,46,237
02/08/2005,SAC,CA,AWP,WE,Federal Contract Tower,0,0,58,0,58,0,9,170,6,185,0,9,228,6,243,152,0,152,395
02/09/2005,SAC,CA,AWP,WE,Federal Contract Tower,0,0,48,0,48,0,6,175,0,181,0,6,223,0,229,106,0,106,335
02/10/2005,SAC,CA,AWP,WE,Federal Contract Tower,0,0,75,0,75,0,8,219,10,237,0,8,294,10,312,60,0,60,372
02/11/2005,SAC,CA,AWP,WE,Federal Contract Tower,0,0,71,0,71,0,2,158,0,160,0,2,229,0,231,50,0,50,281
02/12/2005,SAC,CA,AWP,WE,Federal Contract Tower,0,0,61,0,61,0,8,260,0,268,0,8,321,0,329,84,0,84,413
02/13/2005,SAC,CA,AWP,WE,Federal Contract Tower,0,0,53,0,53,0,4,184,0,188,0,4,237,0,241,64,0,64,305
02/14/2005,SAC,CA,AWP,WE,Federal Contract Tower,0,3,52,0,55,0,7,108,0,115,0,10,160,0,170,50,0,50,220
02/15/2005,SAC,CA,AWP,WE,Federal Contract Tower,0,3,27,0,30,0,2,37,0,39,0,5,64,0,69,10,0,10,79
02/16/2005,SAC,CA,AWP,WE,Federal Contract Tower,0,3,78,0,81,0,1,32,0,33,0,4,110,0,114,29,0,29,143
02/17/2005,SAC,CA,AWP,WE,Federal Contract Tower,0,2,59,0,61,0,7,167,2,176,0,9,226,2,237,48,0,48,285
02/18/2005,SAC,CA,AWP,WE,Federal Contract Tower,0,2,50,0,52,0,4,89,0,93,0,6,139,0,145,40,0,40,185
02/19/2005,SAC,CA,AWP,WE,Federal Contract Tower,0,0,48,0,48,0,4,77,0,81,0,4,125,0,129,28,0,28,157
02/20/2005,SAC,CA,AWP,WE,Federal Contract Tower,0,0,65,0,65,0,0,79,0,79,0,0,144,0,144,34,0,34,178
02/21/2005,SAC,CA,AWP,WE,Federal Contract Tower,0,0,28,0,28,0,3,59,1,63,0,3,87,1,91,22,0,22,113
02/22/2005,SAC,CA,AWP,WE,Federal Contract Tower,0,1,36,0,37,0,4,119,6,129,0,5,155,6,166,28,0,28,194
02/23/2005,SAC,CA,AWP,WE,Federal Contract Tower,0,2,72,0,74,0,3,172,6,181,0,5,244,6,255,45,0,45,300
02/24/2005,SAC,CA,AWP,WE,Federal Contract Tower,0,0,85,0,85,0,2,104,2,108,0,2,189,2,193,86,0,86,279
02/25/2005,SAC,CA,AWP,WE,Federal Contract Tower,0,2,57,0,59,0,4,132,0,136,0,6,189,0,195,42,0,42,237
02/26/2005,SAC,CA,AWP,WE,Federal Contract Tower,0,0,80,0,80,0,6,147,0,153,0,6,227,0,233,58,0,58,291
02/27/2005,SAC,CA,AWP,WE,Federal Contract Tower,0,0,51,0,51,0,2,153,0,155,0,2,204,0,206,46,0,46,252
02/28/2005,SAC,CA,AWP,WE,Federal Contract Tower,0,0,38,0,38,0,6,184,2,192,0,6,222,2,230,38,0,38,268
03/01/2005,SAC,CA,AWP,WE,Federal Contract Tower,0,0,64,0,64,0,10,167,0,177,0,10,231,0,241,36,0,36,277
03/02/2005,SAC,CA,AWP,WE,Federal Contract Tower,0,0,79,0,79,0,8,92,0,100,0,8,171,0,179,69,0,69,248
03/03/2005,SAC,CA,AWP,WE,Federal Contract Tower,0,1,81,0,82,0,4,142,2,148,0,5,223,2,230,56,0,56,286
03/04/2005,SAC,CA,AWP,WE,Federal Contract Tower,0,2,71,0,73,0,5,89,0,94,0,7,160,0,167,46,0,46,213
03/05/2005,SAC,CA,AWP,WE,Federal Contract Tower,0,2,84,0,86,0,4,215,0,219,0,6,299,0,305,96,0,96,401
03/06/2005,SAC,CA,AWP,WE,Federal Contract Tower,0,0,96,0,96,0,10,275,0,285,0,10,371,0,381,130,0,130,511
03/07/2005,SAC,CA,AWP,WE,Federal Contract Tower,0,0,66,0,66,0,10,162,0,172,0,10,228,0,238,44,1,45,283
03/08/2005,SAC,CA,AWP,WE,Federal Contract Tower,0,0,62,0,62,0,14,167,0,181,0,14,229,0,243,84,0,84,327
03/09/2005,SAC,CA,AWP,WE,Federal Contract Tower,0,2,79,0,81,0,3,139,2,144,0,5,218,2,225,74,0,74,299
03/10/2005,SAC,CA,AWP,WE,Federal Contract Tower,0,2,61,0,63,0,5,151,0,156,0,7,212,0,219,49,0,49,268
03/11/2005,SAC,CA,AWP,WE,Federal Contract Tower,0,2,51,0,53,0,5,195,0,200,0,7,246,0,253,84,0,84,337
03/12/2005,SAC,CA,AWP,WE,Federal Contract Tower,0,0,59,0,59,0,8,253,0,261,0,8,312,0,320,102,0,102,422
03/13/2005,SAC,CA,AWP,WE,Federal Contract Tower,0,0,54,0,54,0,4,219,0,223,0,4,273,0,277,86,0,86,363
03/14/2005,SAC,CA,AWP,WE,Federal Contract Tower,0,0,28,0,28,0,4,69,0,73,0,4,97,0,101,26,0,26,127
03/15/2005,SAC,CA,AWP,WE,Federal Contract Tower,0,1,42,1,44,0,5,192,1,198,0,6,234,2,242,56,0,56,298
03/16/2005,SAC,CA,AWP,WE,Federal Contract Tower,0,1,58,0,59,0,4,168,0,172,0,5,226,0,231,57,0,57,288
03/17/2005,SAC,CA,AWP,WE,Federal Contract Tower,0,1,65,0,66,0,4,166,0,170,0,5,231,0,236,44,0,44,280
03/18/2005,SAC,CA,AWP,WE,Federal Contract Tower,0,0,47,1,48,0,8,120,0,128,0,8,167,1,176,41,0,41,217
03/19/2005,SAC,CA,AWP,WE,Federal Contract Tower,0,0,30,0,30,0,8,11,0,19,0,8,41,0,49,10,0,10,59
03/20/2005,SAC,CA,AWP,WE,Federal Contract Tower,0,0,27,0,27,0,0,62,0,62,0,0,89,0,89,12,0,12,101
03/21/2005,SAC,CA,AWP,WE,Federal Contract Tower,0,0,51,0,51,0,4,128,0,132,0,4,179,0,183,40,0,40,223
03/22/2005,SAC,CA,AWP,WE,Federal Contract Tower,0,0,17,0,17,0,1,28,0,29,0,1,45,0,46,12,0,12,58
03/23/2005,SAC,CA,AWP,WE,Federal Contract Tower,0,2,37,0,39,0,4,74,0,78,0,6,111,0,117,43,0,43,160
03/24/2005,SAC,CA,AWP,WE,Federal Contract Tower,0,0,92,0,92,0,14,163,0,177,0,14,255,0,269,46,0,46,315
03/25/2005,SAC,CA,AWP,WE,Federal Contract Tower,0,1,43,0,44,0,4,214,2,220,0,5,257,2,264,54,0,54,318
03/26/2005,SAC,CA,AWP,WE,Federal Contract Tower,0,0,72,0,72,0,8,262,0,270,0,8,334,0,342,70,0,70,412
03/27/2005,SAC,CA,AWP,WE,Federal Contract Tower,0,0,25,0,25,0,8,32,0,40,0,8,57,0,65,21,0,21,86
03/28/2005,SAC,CA,AWP,WE,Federal Contract Tower,0,0,38,0,38,0,8,132,0,140,0,8,170,0,178,22,0,22,200
03/29/2005,SAC,CA,AWP,WE,Federal Contract Tower,0,0,34,0,34,0,6,145,0,151,0,6,179,0,185,18,6,24,209
03/30/2005,SAC,CA,AWP,WE,Federal Contract Tower,0,1,34,0,35,0,4,195,0,199,0,5,229,0,234,24,0,24,258
03/31/2005,SAC,CA,AWP,WE,Federal Contract Tower,0,0,79,0,79,0,2,151,0,153,0,2,230,0,232,48,0,48,280
04/01/2005,SAC,CA,AWP,WE,Federal Contract Tower,0,0,57,0,57,0,4,197,0,201,0,4,254,0,258,72,0,72,330
04/02/2005,SAC,CA,AWP,WE,Federal Contract Tower,0,0,71,0,71,0,4,193,0,197,0,4,264,0,268,56,0,56,324
04/03/2005,SAC,CA,AWP,WE,Federal Contract Tower,0,0,76,0,76,0,4,147,0,151,0,4,223,0,227,64,0,64,291
04/04/2005,SAC,CA,AWP,WE,Federal Contract Tower,0,0,42,0,42,0,8,167,0,175,0,8,209,0,217,50,0,50,267
04/05/2005,SAC,CA,AWP,WE,Federal Contract Tower,0,0,53,0,53,0,8,184,2,194,0,8,237,2,247,56,0,56,303
04/06/2005,SAC,CA,AWP,WE,Federal Contract Tower,0,1,64,0,65,0,3,200,4,207,0,4,264,4,272,59,0,59,331
04/07/2005,SAC,CA,AWP,WE,Federal Contract Tower,0,0,65,2,67,0,9,134,2,145,0,9,199,4,212,68,2,70,282
04/08/2005,SAC,CA,AWP,WE,Federal Contract Tower,0,2,27,0,29,0,2,76,0,78,0,4,103,0,107,32,0,32,139
04/09/2005,SAC,CA,AWP,WE,Federal Contract Tower,0,0,0,0,0,0,6,197,0,203,0,6,197,0,203,32,0,32,235
04/10/2005,SAC,CA,AWP,WE,Federal Contract Tower,0,2,0,0,2,0,0,256,2,258,0,2,256,2,260,22,0,22,282
04/11/2005,SAC,CA,AWP,WE,Federal Contract Tower,0,0,39,0,39,0,9,198,0,207,0,9,237,0,246,38,0,38,284
04/12/2005,SAC,CA,AWP,WE,Federal Contract Tower,0,0,51,0,51,0,6,216,0,222,0,6,267,0,273,62,0,62,335
04/13/2005,SAC,CA,AWP,WE,Federal Contract Tower,0,0,47,0,47,0,10,233,2,245,0,10,280,2,292,68,0,68,360
04/14/2005,SAC,CA,AWP,WE,Federal Contract Tower,0,0,23,0,23,0,14,246,0,260,0,14,269,0,283,22,0,22,305
04/15/2005,SAC,CA,AWP,WE,Federal Contract Tower,0,0,45,0,45,0,10,242,0,252,0,10,287,0,297,48,0,48,345
04/16/2005,SAC,CA,AWP,WE,Federal Contract Tower,0,0,53,0,53,0,12,243,2,257,0,12,296,2,310,68,0,68,378
04/17/2005,SAC,CA,AWP,WE,Federal Contract Tower,0,0,30,0,30,0,7,102,0,109,0,7,132,0,139,18,0,18,157
04/18/2005,SAC,CA,AWP,WE,Federal Contract Tower,0,1,33,0,34,0,7,161,0,168,0,8,194,0,202,18,0,18,220
04/19/2005,SAC,CA,AWP,WE,Federal Contract Tower,0,0,33,0,33,0,6,190,0,196,0,6,223,0,229,12,0,12,241
04/20/2005,SAC,CA,AWP,WE,Federal Contract Tower,0,0,92,0,92,0,16,258,0,274,0,16,350,0,366,67,0,67,433
04/21/2005,SAC,CA,AWP,WE,Federal Contract Tower,0,0,68,0,68,0,6,167,2,175,0,6,235,2,243,96,0,96,339
04/22/2005,SAC,CA,AWP,WE,Federal Contract Tower,0,0,64,0,64,0,2,214,4,220,0,2,278,4,284,63,0,63,347
04/23/2005,SAC,CA,AWP,WE,Federal Contract Tower,0,0,19,0,19,0,2,49,0,51,0,2,68,0,70,24,0,24,94
04/24/2005,SAC,CA,AWP,WE,Federal Contract Tower,0,0,33,0,33,0,0,92,0,92,0,0,125,0,125,44,0,44,169
04/25/2005,SAC,CA,AWP,WE,Federal Contract Tower,0,0,0,0,0,204,8,0,0,212,204,8,0,0,212,6,0,6,218
04/26/2005,SAC,CA,AWP,WE,Federal Contract Tower,0,0,44,0,44,0,8,230,0,238,0,8,274,0,282,22,0,22,304
04/27/2005,SAC,CA,AWP,WE,Federal Contract Tower,0,0,42,0,42,0,14,169,5,188,0,14,211,5,230,34,4,38,268
04/28/2005,SAC,CA,AWP,WE,Federal Contract Tower,0,1,44,1,46,0,3,126,0,129,0,4,170,1,175,53,0,53,228
04/29/2005,SAC,CA,AWP,WE,Federal Contract Tower,0,0,62,0,62,0,6,225,2,233,0,6,287,2,295,77,0,77,372
04/30/2005,SAC,CA,AWP,WE,Federal Contract Tower,0,0,56,0,56,0,2,186,2,190,0,2,242,2,246,44,0,44,290
05/01/2005,SAC,CA,AWP,WE,Federal Contract Tower,0,0,33,0,33,0,8,259,0,267,0,8,292,0,300,52,0,52,352
05/02/2005,SAC,CA,AWP,WE,Federal Contract Tower,0,0,45,0,45,0,8,212,2,222,0,8,257,2,267,42,0,42,309
05/03/2005,SAC,CA,AWP,WE,Federal Contract Tower,0,0,59,0,59,0,6,230,2,238,0,6,289,2,297,38,0,38,335
05/04/2005,SAC,CA,AWP,WE,Federal Contract Tower,0,0,49,0,49,0,7,151,2,160,0,7,200,2,209,85,0,85,294
05/05/2005,SAC,CA,AWP,WE,Federal Contract Tower,0,0,49,1,50,0,3,119,0,122,0,3,168,1,172,86,2,88,260
05/06/2005,SAC,CA,AWP,WE,Federal Contract Tower,0,0,94,0,94,0,1,127,0,128,0,1,221,0,222,98,0,98,320
05/07/2005,SAC,CA,AWP,WE,Federal Contract Tower,0,0,52,0,52,0,4,232,0,236,0,4,284,0,288,64,0,64,352
05/08/2005,SAC,CA,AWP,WE,Federal Contract Tower,0,2,61,0,63,0,2,51,0,53,0,4,112,0,116,30,0,30,146
05/09/2005,SAC,CA,AWP,WE,Federal Contract Tower,0,0,40,0,40,0,8,112,4,124,0,8,152,4,164,32,0,32,196
05/10/2005,SAC,CA,AWP,WE,Federal Contract Tower,0,2,56,0,58,0,7,253,2,262,0,9,309,2,320,68,0,68,388
05/11/2005,SAC,CA,AWP,WE,Federal Contract Tower,0,0,58,0,58,0,4,241,2,247,0,4,299,2,305,43,0,43,348
05/12/2005,SAC,CA,AWP,WE,Federal Contract Tower,0,0,42,0,42,0,1,270,2,273,0,1,312,2,315,71,0,71,386
05/13/2005,SAC,CA,AWP,WE,Federal Contract Tower,0,0,64,0,64,0,1,266,0,267,0,1,330,0,331,55,0,55,386
05/14/2005,SAC,CA,AWP,WE,Federal Contract Tower,0,0,42,0,42,0,6,254,2,262,0,6,296,2,304,55,0,55,359
05/15/2005,SAC,CA,AWP,WE,Federal Contract Tower,0,0,52,0,52,0,6,124,6,136,0,6,176,6,188,76,0,76,264
05/16/2005,SAC,CA,AWP,WE,Federal Contract Tower,0,1,0,0,1,219,5,0,0,224,219,6,0,0,225,42,0,42,267
05/17/2005,SAC,CA,AWP,WE,Federal Contract Tower,0,2,42,0,44,0,9,232,0,241,0,11,274,0,285,96,0,96,381
05/18/2005,SAC,CA,AWP,WE,Federal Contract Tower,0,0,53,6,59,0,7,151,0,158,0,7,204,6,217,66,6,72,289
05/19/2005,SAC,CA,AWP,WE,Federal Contract Tower,0,2,89,0,91,0,4,130,0,134,0,6,219,0,225,60,0,60,285
05/20/2005,SAC,CA,AWP,WE,Federal Contract Tower,0,0,61,0,61,0,9,394,2,405,0,9,455,2,466,41,0,41,507
05/21/2005,SAC,CA,AWP,WE,Federal Contract Tower,0,0,70,0,70,0,8,256,0,264,0,8,326,0,334,110,0,110,444
05/22/2005,SAC,CA,AWP,WE,Federal Contract Tower,0,0,32,0,32,0,6,270,0,276,0,6,302,0,308,66,0,66,374
05/23/2005,SAC,CA,AWP,WE,Federal Contract Tower,0,1,47,0,48,0,7,245,1,253,0,8,292,1,301,58,0,58,359
05/24/2005,SAC,CA,AWP,WE,Federal Contract Tower,0,0,61,0,61,0,8,327,8,343,0,8,388,8,404,102,0,102,506
05/25/2005,SAC,CA,AWP,WE,Federal Contract Tower,0,0,77,0,77,0,10,272,4,286,0,10,349,4,363,73,0,73,436
05/26/2005,SAC,CA,AWP,WE,Federal Contract Tower,0,1,64,0,65,0,2,240,1,243,0,3,304,1,308,106,0,106,414
05/27/2005,SAC,CA,AWP,WE,Federal Contract Tower,0,0,63,0,63,0,4,267,0,271,0,4,330,0,334,96,0,96,430
05/28/2005,SAC,CA,AWP,WE,Federal Contract Tower,0,0,47,0,47,0,6,255,2,263,0,6,302,2,310,110,0,110,420
05/29/2005,SAC,CA,AWP,WE,Federal Contract Tower,0,0,52,0,52,0,8,260,0,268,0,8,312,0,320,98,0,98,418
05/30/2005,SAC,CA,AWP,WE,Federal Contract Tower,0,0,42,0,42,0,4,287,0,291,0,4,329,0,333,96,0,96,429
05/31/2005,SAC,CA,AWP,WE,Federal Contract Tower,0,5,63,0,68,0,5,257,2,264,0,10,320,2,332,80,4,84,416
06/01/2005,SAC,CA,AWP,WE,Federal Contract Tower,0,0,68,0,68,0,7,149,0,156,0,7,217,0,224,79,0,79,303
06/02/2005,SAC,CA,AWP,WE,Federal Contract Tower,0,3,76,0,79,0,0,219,4,223,0,3,295,4,302,79,4,83,385
06/03/2005,SAC,CA,AWP,WE,Federal Contract Tower,0,0,36,0,36,0,0,234,4,238,0,0,270,4,274,45,2,47,321
06/04/2005,SAC,CA,AWP,WE,Federal Contract Tower,0,0,69,0,69,0,6,274,0,280,0,6,343,0,349,103,0,103,452
06/05/2005,SAC,CA,AWP,WE,Federal Contract Tower,0,1,52,0,53,0,4,260,2,266,0,5,312,2,319,112,0,112,431
06/06/2005,SAC,CA,AWP,WE,Federal Contract Tower,0,1,39,0,40,0,7,304,0,311,0,8,343,0,351,78,0,78,429
06/07/2005,SAC,CA,AWP,WE,Federal Contract Tower,0,1,53,0,54,0,7,256,6,269,0,8,309,6,323,54,0,54,377
06/08/2005,SAC,CA,AWP,WE,Federal Contract Tower,0,2,107,0,109,0,0,36,0,36,0,2,143,0,145,36,0,36,181
06/09/2005,SAC,CA,AWP,WE,Federal Contract Tower,0,2,52,0,54,0,0,160,2,162,0,2,212,2,216,63,0,63,279
06/10/2005,SAC,CA,AWP,WE,Federal Contract Tower,0,0,44,0,44,0,9,247,0,256,0,9,291,0,300,112,0,112,412
06/11/2005,SAC,CA,AWP,WE,Federal Contract Tower,0,0,43,0,43,0,9,289,2,300,0,9,332,2,343,92,0,92,435
06/12/2005,SAC,CA,AWP,WE,Federal Contract Tower,0,1,44,0,45,0,1,286,0,287,0,2,330,0,332,104,0,104,436
06/13/2005,SAC,CA,AWP,WE,Federal Contract Tower,0,0,66,0,66,0,8,267,0,275,0,8,333,0,341,94,0,94,435
06/14/2005,SAC,CA,AWP,WE,Federal Contract Tower,0,0,63,0,63,0,6,226,2,234,0,6,289,2,297,81,0,81,378
06/15/2005,SAC,CA,AWP,WE,Federal Contract Tower,0,0,50,2,52,0,4,235,0,239,0,4,285,2,291,62,2,64,355
06/16/2005,SAC,CA,AWP,WE,Federal Contract Tower,0,2,74,0,76,0,3,162,2,167,0,5,236,2,243,88,0,88,331
06/17/2005,SAC,CA,AWP,WE,Federal Contract Tower,0,0,30,0,30,0,4,180,0,184,0,4,210,0,214,76,0,76,290
06/18/2005,SAC,CA,AWP,WE,Federal Contract Tower,0,1,53,0,54,0,3,459,6,468,0,4,512,6,522,42,0,42,564
06/19/2005,SAC,CA,AWP,WE,Federal Contract Tower,0,0,55,0,55,0,4,255,0,259,0,4,310,0,314,66,0,66,380
06/20/2005,SAC,CA,AWP,WE,Federal Contract Tower,0,0,91,0,91,0,6,184,0,190,0,6,275,0,281,76,0,76,357
06/21/2005,SAC,CA,AWP,WE,Federal Contract Tower,0,0,73,0,73,0,0,285,0,285,0,0,358,0,358,96,0,96,454
06/22/2005,SAC,CA,AWP,WE,Federal Contract Tower,0,0,29,0,29,0,7,311,0,318,0,7,340,0,347,49,0,49,396
06/23/2005,SAC,CA,AWP,WE,Federal Contract Tower,0,0,26,0,26,0,15,281,0,296,0,15,307,0,322,55,0,55,377
06/24/2005,SAC,CA,AWP,WE,Federal Contract Tower,0,0,51,0,51,0,4,254,4,262,0,4,305,4,313,55,0,55,368
06/25/2005,SAC,CA,AWP,WE,Federal Contract Tower,0,0,52,0,52,0,7,254,2,263,0,7,306,2,315,44,0,44,359
06/26/2005,SAC,CA,AWP,WE,Federal Contract Tower,0,0,39,0,39,0,11,304,2,317,0,11,343,2,356,72,0,72,428
06/27/2005,SAC,CA,AWP,WE,Federal Contract Tower,0,1,56,0,57,0,7,306,0,313,0,8,362,0,370,104,0,104,474
06/28/2005,SAC,CA,AWP,WE,Federal Contract Tower,0,0,68,0,68,0,4,297,0,301,0,4,365,0,369,78,0,78,447
06/29/2005,SAC,CA,AWP,WE,Federal Contract Tower,0,0,46,0,46,0,7,247,0,254,0,7,293,0,300,76,0,76,376
06/30/2005,SAC,CA,AWP,WE,Federal Contract Tower,0,1,33,0,34,0,2,289,0,291,0,3,322,0,325,102,2,104,429
07/01/2005,SAC,CA,AWP,WE,Federal Contract Tower,0,2,62,0,64,0,17,295,4,316,0,19,357,4,380,77,0,77,457
07/02/2005,SAC,CA,AWP,WE,Federal Contract Tower,0,0,32,0,32,0,4,260,2,266,0,4,292,2,298,78,0,78,376
07/03/2005,SAC,CA,AWP,WE,Federal Contract Tower,0,0,61,0,61,0,4,264,2,270,0,4,325,2,331,82,0,82,413
07/04/2005,SAC,CA,AWP,WE,Federal Contract Tower,0,0,48,0,48,0,4,156,1,161,0,4,204,1,209,36,0,36,245
07/05/2005,SAC,CA,AWP,WE,Federal Contract Tower,0,0,73,0,73,0,6,298,2,306,0,6,371,2,379,86,0,86,465
07/06/2005,SAC,CA,AWP,WE,Federal Contract Tower,0,0,64,0,64,0,5,240,2,247,0,5,304,2,311,91,0,91,402
07/07/2005,SAC,CA,AWP,WE,Federal Contract Tower,0,0,78,0,78,0,6,252,6,264,0,6,330,6,342,66,0,66,408
07/08/2005,SAC,CA,AWP,WE,Federal Contract Tower,0,0,63,0,63,0,14,225,0,239,0,14,288,0,302,68,0,68,370
07/09/2005,SAC,CA,AWP,WE,Federal Contract Tower,0,2,42,0,44,0,4,280,2,286,0,6,322,2,330,70,0,70,400
07/10/2005,SAC,CA,AWP,WE,Federal Contract Tower,0,0,56,0,56,0,4,234,0,238,0,4,290,0,294,46,0,46,340
07/11/2005,SAC,CA,AWP,WE,Federal Contract Tower,0,0,72,0,72,0,10,269,1,280,0,10,341,1,352,92,0,92,444
07/12/2005,SAC,CA,AWP,WE,Federal Contract Tower,0,0,38,0,38,0,6,204,2,212,0,6,242,2,250,30,0,30,280
07/13/2005,SAC,CA,AWP,WE,Federal Contract Tower,0,0,47,0,47,0,6,280,4,290,0,6,327,4,337,43,0,43,380
07/14/2005,SAC,CA,AWP,WE,Federal Contract Tower,0,0,38,5,43,0,7,193,0,200,0,7,231,5,243,41,0,41,284
07/15/2005,SAC,CA,AWP,WE,Federal Contract Tower,0,0,47,0,47,0,3,261,0,264,0,3,308,0,311,55,0,55,366
07/16/2005,SAC,CA,AWP,WE,Federal Contract Tower,0,0,84,0,84,0,8,239,0,247,0,8,323,0,331,69,0,69,400
07/17/2005,SAC,CA,AWP,WE,Federal Contract Tower,0,0,62,0,62,0,6,259,0,265,0,6,321,0,327,36,0,36,363
07/18/2005,SAC,CA,AWP,WE,Federal Contract Tower,0,1,62,0,63,0,23,269,2,294,0,24,331,2,357,47,0,47,404
07/19/2005,SAC,CA,AWP,WE,Federal Contract Tower,0,2,33,2,37,0,8,283,4,295,0,10,316,6,332,64,0,64,396
07/20/2005,SAC,CA,AWP,WE,Federal Contract Tower,0,0,58,0,58,0,10,264,2,276,0,10,322,2,334,90,0,90,424
07/21/2005,SAC,CA,AWP,WE,Federal Contract Tower,0,1,51,0,52,0,1,315,0,316,0,2,366,0,368,62,0,62,430
07/22/2005,SAC,CA,AWP,WE,Federal Contract Tower,0,0,59,0,59,0,6,313,7,326,0,6,372,7,385,102,0,102,487
07/23/2005,SAC,CA,AWP,WE,Federal Contract Tower,0,0,63,0,63,0,6,254,0,260,0,6,317,0,323,81,0,81,404
07/24/2005,SAC,CA,AWP,WE,Federal Contract Tower,0,0,64,0,64,0,12,258,0,270,0,12,322,0,334,63,0,63,397
07/25/2005,SAC,CA,AWP,WE,Federal Contract Tower,0,0,52,0,52,0,10,208,2,220,0,10,260,2,272,72,0,72,344
07/26/2005,SAC,CA,AWP,WE,Federal Contract Tower,0,0,75,0,75,0,11,273,6,290,0,11,348,6,365,86,0,86,451
07/27/2005,SAC,CA,AWP,WE,Federal Contract Tower,0,0,48,0,48,0,5,309,4,318,0,5,357,4,366,41,0,41,407
07/28/2005,SAC,CA,AWP,WE,Federal Contract Tower,0,0,38,0,38,0,6,327,2,335,0,6,365,2,373,104,0,104,477
07/29/2005,SAC,CA,AWP,WE,Federal Contract Tower,0,0,60,0,60,0,5,257,4,266,0,5,317,4,326,98,0,98,424
07/30/2005,SAC,CA,AWP,WE,Federal Contract Tower,0,0,39,0,39,0,6,265,0,271,0,6,304,0,310,86,0,86,396
07/31/2005,SAC,CA,AWP,WE,Federal Contract Tower,0,0,46,0,46,0,0,246,4,250,0,0,292,4,296,45,0,45,341
08/01/2005,SAC,CA,AWP,WE,Federal Contract Tower,0,0,56,0,56,0,10,159,2,171,0,10,215,2,227,56,0,56,283
08/02/2005,SAC,CA,AWP,WE,Federal Contract Tower,0,0,50,0,50,0,10,282,4,296,0,10,332,4,346,46,0,46,392
08/03/2005,SAC,CA,AWP,WE,Federal Contract Tower,0,0,67,0,67,0,14,317,0,331,0,14,384,0,398,99,0,99,497
08/04/2005,SAC,CA,AWP,WE,Federal Contract Tower,0,2,53,0,55,0,8,349,0,357,0,10,402,0,412,53,0,53,465
08/05/2005,SAC,CA,AWP,WE,Federal Contract Tower,0,0,56,0,56,0,11,299,4,314,0,11,355,4,370,97,0,97,467
08/06/2005,SAC,CA,AWP,WE,Federal Contract Tower,0,0,58,0,58,0,10,252,0,262,0,10,310,0,320,75,0,75,395
08/07/2005,SAC,CA,AWP,WE,Federal Contract Tower,0,0,71,0,71,0,8,255,2,265,0,8,326,2,336,113,0,113,449
08/08/2005,SAC,CA,AWP,WE,Federal Contract Tower,0,0,78,0,78,0,8,229,1,238,0,8,307,1,316,106,0,106,422
08/09/2005,SAC,CA,AWP,WE,Federal Contract Tower,0,4,57,0,61,0,6,330,2,338,0,10,387,2,399,68,0,68,467
08/10/2005,SAC,CA,AWP,WE,Federal Contract Tower,0,0,58,0,58,0,4,354,0,358,0,4,412,0,416,28,0,28,444
08/11/2005,SAC,CA,AWP,WE,Federal Contract Tower,0,0,72,0,72,0,4,293,0,297,0,4,365,0,369,59,1,60,429
08/12/2005,SAC,CA,AWP,WE,Federal Contract Tower,0,0,55,0,55,0,6,267,5,278,0,6,322,5,333,75,0,75,408
08/13/2005,SAC,CA,AWP,WE,Federal Contract Tower,0,0,46,0,46,0,7,256,2,265,0,7,302,2,311,80,0,80,391
08/14/2005,SAC,CA,AWP,WE,Federal Contract Tower,0,0,59,0,59,0,12,274,0,286,0,12,333,0,345,74,0,74,419
08/15/2005,SAC,CA,AWP,WE,Federal Contract Tower,0,9,42,0,51,0,3,254,0,257,0,12,296,0,308,62,0,62,370
08/16/2005,SAC,CA,AWP,WE,Federal Contract Tower,0,1,60,0,61,0,8,277,2,287,0,9,337,2,348,58,0,58,406
08/17/2005,SAC,CA,AWP,WE,Federal Contract Tower,0,0,78,0,78,0,6,257,6,269,0,6,335,6,347,112,0,112,459
08/18/2005,SAC,CA,AWP,WE,Federal Contract Tower,0,0,63,0,63,0,2,276,0,278,0,2,339,0,341,85,0,85,426
08/19/2005,SAC,CA,AWP,WE,Federal Contract Tower,0,0,65,0,65,0,4,337,6,347,0,4,402,6,412,83,0,83,495
08/20/2005,SAC,CA,AWP,WE,Federal Contract Tower,0,0,69,0,69,0,5,273,2,280,0,5,342,2,349,95,0,95,444
08/21/2005,SAC,CA,AWP,WE,Federal Contract Tower,0,0,59,0,59,0,6,295,2,303,0,6,354,2,362,72,0,72,434
08/22/2005,SAC,CA,AWP,WE,Federal Contract Tower,0,0,47,0,47,0,10,265,2,277,0,10,312,2,324,24,0,24,348
08/23/2005,SAC,CA,AWP,WE,Federal Contract Tower,0,2,77,0,79,0,8,270,0,278,0,10,347,0,357,88,0,88,445
08/24/2005,SAC,CA,AWP,WE,Federal Contract Tower,0,0,72,0,72,0,4,334,0,338,0,4,406,0,410,102,0,102,512
08/25/2005,SAC,CA,AWP,WE,Federal Contract Tower,0,0,77,0,77,0,4,327,0,331,0,4,404,0,408,90,0,90,498
08/26/2005,SAC,CA,AWP,WE,Federal Contract Tower,0,0,92,0,92,0,6,310,0,316,0,6,402,0,408,110,0,110,518
08/27/2005,SAC,CA,AWP,WE,Federal Contract Tower,0,0,61,0,61,0,6,287,0,293,0,6,348,0,354,64,0,64,418
08/28/2005,SAC,CA,AWP,WE,Federal Contract Tower,0,0,68,0,68,8,0,296,0,304,8,0,364,0,372,45,0,45,417
08/29/2005,SAC,CA,AWP,WE,Federal Contract Tower,0,3,48,0,51,0,5,218,0,223,0,8,266,0,274,52,0,52,326
08/30/2005,SAC,CA,AWP,WE,Federal Contract Tower,0,0,42,0,42,0,7,218,2,227,0,7,260,2,269,26,0,26,295
08/31/2005,SAC,CA,AWP,WE,Federal Contract Tower,0,0,46,0,46,0,13,318,0,331,0,13,364,0,377,86,0,86,463
09/01/2005,SAC,CA,AWP,WE,Federal Contract Tower,0,0,37,0,37,0,5,350,0,355,0,5,387,0,392,52,0,52,444
09/02/2005,SAC,CA,AWP,WE,Federal Contract Tower,0,0,64,0,64,0,15,296,0,311,0,15,360,0,375,80,0,80,455
09/03/2005,SAC,CA,AWP,WE,Federal Contract Tower,0,0,47,0,47,0,3,252,0,255,0,3,299,0,302,41,0,41,343
09/04/2005,SAC,CA,AWP,WE,Federal Contract Tower,0,0,32,0,32,0,16,230,0,246,0,16,262,0,278,64,0,64,342
09/05/2005,SAC,CA,AWP,WE,Federal Contract Tower,0,0,17,0,17,0,6,245,0,251,0,6,262,0,268,40,0,40,308
09/06/2005,SAC,CA,AWP,WE,Federal Contract Tower,0,0,15,0,15,0,14,195,2,211,0,14,210,2,226,21,0,21,247
09/07/2005,SAC,CA,AWP,WE,Federal Contract Tower,0,0,64,0,64,0,5,258,0,263,0,5,322,0,327,76,0,76,403
09/08/2005,SAC,CA,AWP,WE,Federal Contract Tower,0,0,77,0,77,0,4,253,0,257,0,4,330,0,334,106,0,106,440
09/09/2005,SAC,CA,AWP,WE,Federal Contract Tower,0,0,61,0,61,0,6,256,0,262,0,6,317,0,323,92,0,92,415
09/10/2005,SAC,CA,AWP,WE,Federal Contract Tower,0,0,66,0,66,0,0,232,2,234,0,0,298,2,300,85,0,85,385
09/11/2005,SAC,CA,AWP,WE,Federal Contract Tower,0,0,68,0,68,8,0,253,2,263,8,0,321,2,331,82,0,82,413
09/12/2005,SAC,CA,AWP,WE,Federal Contract Tower,0,0,72,0,72,0,12,207,6,225,0,12,279,6,297,72,0,72,369
09/13/2005,SAC,CA,AWP,WE,Federal Contract Tower,0,2,43,0,45,0,7,215,0,222,0,9,258,0,267,52,0,52,319
09/14/2005,SAC,CA,AWP,WE,Federal Contract Tower,0,2,69,0,71,0,10,305,0,315,0,12,374,0,386,118,0,118,504
09/15/2005,SAC,CA,AWP,WE,Federal Contract Tower,0,4,109,0,113,0,0,283,0,283,0,4,392,0,396,118,0,118,514
09/16/2005,SAC,CA,AWP,WE,Federal Contract Tower,0,4,117,0,121,0,2,265,2,269,0,6,382,2,390,106,0,106,496
09/17/2005,SAC,CA,AWP,WE,Federal Contract Tower,0,0,62,0,62,0,2,242,0,244,0,2,304,0,306,54,0,54,360
09/18/2005,SAC,CA,AWP,WE,Federal Contract Tower,0,0,53,0,53,0,2,262,0,264,0,2,315,0,317,98,0,98,415
09/19/2005,SAC,CA,AWP,WE,Federal Contract Tower,0,1,51,1,53,0,7,255,3,265,0,8,306,4,318,78,0,78,396
09/20/2005,SAC,CA,AWP,WE,Federal Contract Tower,0,5,41,0,46,0,3,238,4,245,0,8,279,4,291,68,0,68,359
09/21/2005,SAC,CA,AWP,WE,Federal Contract Tower,0,2,75,0,77,0,7,321,3,331,0,9,396,3,408,94,0,94,502
09/22/2005,SAC,CA,AWP,WE,Federal Contract Tower,0,4,90,0,94,0,7,264,0,271,0,11,354,0,365,130,0,130,495
09/23/2005,SAC,CA,AWP,WE,Federal Contract Tower,0,0,52,0,52,0,6,229,0,235,0,6,281,0,287,55,0,55,342
09/24/2005,SAC,CA,AWP,WE,Federal Contract Tower,0,0,48,0,48,0,0,244,0,244,0,0,292,0,292,51,0,51,343
09/25/2005,SAC,CA,AWP,WE,Federal Contract Tower,0,0,55,0,55,0,8,274,0,282,0,8,329,0,337,106,0,106,443
09/26/2005,SAC,CA,AWP,WE,Federal Contract Tower,0,4,44,0,48,0,4,200,0,204,0,8,244,0,252,36,0,36,288
09/27/2005,SAC,CA,AWP,WE,Federal Contract Tower,0,2,26,0,28,0,6,250,0,256,0,8,276,0,284,28,0,28,312
09/28/2005,SAC,CA,AWP,WE,Federal Contract Tower,0,0,65,0,65,0,6,362,0,368,0,6,427,0,433,61,0,61,494
09/29/2005,SAC,CA,AWP,WE,Federal Contract Tower,0,0,86,0,86,0,7,217,0,224,0,7,303,0,310,107,0,107,417
09/30/2005,SAC,CA,AWP,WE,Federal Contract Tower,0,0,77,0,77,0,7,243,0,250,0,7,320,0,327,99,0,99,426
10/01/2005,SAC,CA,AWP,WE,Federal Contract Tower,0,0,47,0,47,0,3,247,0,250,0,3,294,0,297,24,0,24,321
10/02/2005,SAC,CA,AWP,WE,Federal Contract Tower,0,0,63,0,63,0,6,283,0,289,0,6,346,0,352,69,0,69,421
10/03/2005,SAC,CA,AWP,WE,Federal Contract Tower,0,2,22,0,24,0,6,181,0,187,0,8,203,0,211,42,0,42,253
10/04/2005,SAC,CA,AWP,WE,Federal Contract Tower,0,3,72,0,75,0,8,207,0,215,0,11,279,0,290,42,0,42,332
10/05/2005,SAC,CA,AWP,WE,Federal Contract Tower,0,0,52,0,52,0,7,330,0,337,0,7,382,0,389,72,0,72,461
10/06/2005,SAC,CA,AWP,WE,Federal Contract Tower,0,2,89,0,91,0,14,324,0,338,0,16,413,0,429,0,91,91,520
10/07/2005,SAC,CA,AWP,WE,Federal Contract Tower,0,0,88,0,88,0,5,265,0,270,0,5,353,0,358,82,0,82,440
10/08/2005,SAC,CA,AWP,WE,Federal Contract Tower,0,0,86,0,86,0,5,215,0,220,0,5,301,0,306,81,0,81,387
10/09/2005,SAC,CA,AWP,WE,Federal Contract Tower,0,0,62,0,62,0,6,254,2,262,0,6,316,2,324,0,94,94,418
10/10/2005,SAC,CA,AWP,WE,Federal Contract Tower,0,0,31,0,31,0,5,200,0,205,0,5,231,0,236,50,0,50,286
10/11/2005,SAC,CA,AWP,WE,Federal Contract Tower,0,2,55,0,57,0,6,197,0,203,0,8,252,0,260,88,0,88,348
10/12/2005,SAC,CA,AWP,WE,Federal Contract Tower,0,2,63,0,65,0,4,274,0,278,0,6,337,0,343,77,0,77,420
10/13/2005,SAC,CA,AWP,WE,Federal Contract Tower,0,0,42,0,42,0,2,195,0,197,0,2,237,0,239,58,0,58,297
10/14/2005,SAC,CA,AWP,WE,Federal Contract Tower,0,0,40,0,40,0,6,262,0,268,0,6,302,0,308,60,0,60,368
10/15/2005,SAC,CA,AWP,WE,Federal Contract Tower,0,0,56,0,56,0,7,154,0,161,0,7,210,0,217,74,0,74,291
10/16/2005,SAC,CA,AWP,WE,Federal Contract Tower,0,0,51,0,51,0,8,264,0,272,0,8,315,0,323,78,0,78,401
10/17/2005,SAC,CA,AWP,WE,Federal Contract Tower,0,2,38,0,40,0,6,214,4,224,0,8,252,4,264,74,0,74,338
10/18/2005,SAC,CA,AWP,WE,Federal Contract Tower,0,4,43,0,47,0,6,264,0,270,0,10,307,0,317,66,0,66,383
10/19/2005,SAC,CA,AWP,WE,Federal Contract Tower,0,6,0,0,6,0,0,382,6,388,0,6,382,6,394,79,0,79,473
10/20/2005,SAC,CA,AWP,WE,Federal Contract Tower,0,0,85,0,85,0,4,218,0,222,0,4,303,0,307,94,0,94,401
10/21/2005,SAC,CA,AWP,WE,Federal Contract Tower,0,0,64,2,66,0,10,260,0,270,0,10,324,2,336,67,0,67,403
10/22/2005,SAC,CA,AWP,WE,Federal Contract Tower,0,0,60,0,60,0,4,294,0,298,0,4,354,0,358,102,0,102,460
10/23/2005,SAC,CA,AWP,WE,Federal Contract Tower,0,0,53,0,53,0,2,284,0,286,0,2,337,0,339,72,0,72,411
10/24/2005,SAC,CA,AWP,WE,Federal Contract Tower,0,5,49,0,54,0,5,263,0,268,0,10,312,0,322,28,0,28,350
10/25/2005,SAC,CA,AWP,WE,Federal Contract Tower,0,4,49,0,53,0,6,275,6,287,0,10,324,6,340,48,0,48,388
10/26/2005,SAC,CA,AWP,WE,Federal Contract Tower,0,8,77,0,85,0,2,204,0,206,0,10,281,0,291,15,0,15,306
10/27/2005,SAC,CA,AWP,WE,Federal Contract Tower,0,0,65,0,65,0,0,242,2,244,0,0,307,2,309,32,0,32,341
10/28/2005,SAC,CA,AWP,WE,Federal Contract Tower,0,0,70,0,70,0,6,304,0,310,0,6,374,0,380,0,50,50,430
10/29/2005,SAC,CA,AWP,WE,Federal Contract Tower,0,0,61,0,61,0,2,147,0,149,0,2,208,0,210,18,0,18,228
10/30/2005,SAC,CA,AWP,WE,Federal Contract Tower,0,0,67,0,67,0,12,245,2,259,0,12,312,2,326,94,0,94,420
10/31/2005,SAC,CA,AWP,WE,Federal Contract Tower,0,2,45,0,47,0,8,260,2,270,0,10,305,2,317,48,0,48,365
11/01/2005,SAC,CA,AWP,WE,Federal Contract Tower,0,2,44,1,47,0,6,245,1,252,0,8,289,2,299,50,0,50,349
11/02/2005,SAC,CA,AWP,WE,Federal Contract Tower,0,0,68,0,68,0,6,203,0,209,0,6,271,0,277,582,0,582,859
11/03/2005,SAC,CA,AWP,WE,Federal Contract Tower,0,0,39,0,39,0,2,265,0,267,0,2,304,0,306,27,0,27,333
11/04/2005,SAC,CA,AWP,WE,Federal Contract Tower,0,0,55,0,55,0,7,251,0,258,0,7,306,0,313,48,0,48,361
11/05/2005,SAC,CA,AWP,WE,Federal Contract Tower,0,0,57,0,57,0,4,292,0,296,0,4,349,0,353,33,0,33,386
11/06/2005,SAC,CA,AWP,WE,Federal Contract Tower,0,0,63,0,63,0,2,247,0,249,0,2,310,0,312,68,0,68,380
11/07/2005,SAC,CA,AWP,WE,Federal Contract Tower,0,8,36,0,44,0,0,130,0,130,0,8,166,0,174,20,0,20,194
11/08/2005,SAC,CA,AWP,WE,Federal Contract Tower,0,7,40,0,47,0,4,107,0,111,0,11,147,0,158,16,0,16,174
11/09/2005,SAC,CA,AWP,WE,Federal Contract Tower,0,0,47,0,47,0,10,201,5,216,0,10,248,5,263,28,0,28,291
11/10/2005,SAC,CA,AWP,WE,Federal Contract Tower,0,0,56,0,56,0,7,249,0,256,0,7,305,0,312,51,0,51,363
11/11/2005,SAC,CA,AWP,WE,Federal Contract Tower,0,0,42,0,42,0,11,283,0,294,0,11,325,0,336,40,0,40,376
11/12/2005,SAC,CA,AWP,WE,Federal Contract Tower,0,0,47,0,47,0,4,264,0,268,0,4,311,0,315,51,0,51,366
11/13/2005,SAC,CA,AWP,WE,Federal Contract Tower,0,0,53,0,53,0,2,254,4,260,0,2,307,4,313,88,0,88,401
11/14/2005,SAC,CA,AWP,WE,Federal Contract Tower,0,5,51,0,56,0,5,147,0,152,0,10,198,0,208,18,0,18,226
11/15/2005,SAC,CA,AWP,WE,Federal Contract Tower,0,4,43,6,53,0,7,228,1,236,0,11,271,7,289,62,0,62,351
11/16/2005,SAC,CA,AWP,WE,Federal Contract Tower,0,0,85,0,85,0,8,306,0,314,0,8,391,0,399,47,0,47,446
11/17/2005,SAC,CA,AWP,WE,Federal Contract Tower,0,0,88,0,88,0,10,284,2,296,0,10,372,2,384,78,0,78,462
11/18/2005,SAC,CA,AWP,WE,Federal Contract Tower,0,2,62,0,64,0,1,260,4,265,0,3,322,4,329,70,0,70,399
11/19/2005,SAC,CA,AWP,WE,Federal Contract Tower,0,0,60,0,60,0,3,337,0,340,0,3,397,0,400,58,0,58,458
11/20/2005,SAC,CA,AWP,WE,Federal Contract Tower,0,0,44,0,44,0,1,262,0,263,0,1,306,0,307,60,0,60,367
11/21/2005,SAC,CA,AWP,WE,Federal Contract Tower,0,6,26,0,32,0,4,245,0,249,0,10,271,0,281,54,0,54,335
11/22/2005,SAC,CA,AWP,WE,Federal Contract Tower,0,11,47,0,58,0,3,240,0,243,0,14,287,0,301,46,0,46,347
11/23/2005,SAC,CA,AWP,WE,Federal Contract Tower,0,0,56,0,56,0,6,162,0,168,0,6,218,0,224,38,0,38,262
11/24/2005,SAC,CA,AWP,WE,Federal Contract Tower,0,0,10,0,10,0,2,62,0,64,0,2,72,0,74,8,0,8,82
11/25/2005,SAC,CA,AWP,WE,Federal Contract Tower,0,0,59,0,59,0,3,63,0,66,0,3,122,0,125,29,0,29,154
11/26/2005,SAC,CA,AWP,WE,Federal Contract Tower,0,0,49,0,49,0,3,250,0,253,0,3,299,0,302,18,0,18,320
11/27/2005,SAC,CA,AWP,WE,Federal Contract Tower,0,0,58,0,58,0,6,269,0,275,0,6,327,0,333,54,0,54,387
11/28/2005,SAC,CA,AWP,WE,Federal Contract Tower,0,0,47,0,47,0,0,75,0,75,0,0,122,0,122,58,0,58,180
11/29/2005,SAC,CA,AWP,WE,Federal Contract Tower,0,6,55,0,61,0,4,108,0,112,0,10,163,0,173,34,0,34,207
11/30/2005,SAC,CA,AWP,WE,Federal Contract Tower,0,2,83,0,85,0,8,57,0,65,0,10,140,0,150,2,0,2,152
12/01/2005,SAC,CA,AWP,WE,Federal Contract Tower,0,5,37,0,42,0,0,11,0,11,0,5,48,0,53,2,0,2,55
12/02/2005,SAC,CA,AWP,WE,Federal Contract Tower,0,4,58,0,62,0,6,231,0,237,0,10,289,0,299,32,0,32,331
12/03/2005,SAC,CA,AWP,WE,Federal Contract Tower,0,0,36,0,36,0,0,228,0,228,0,0,264,0,264,37,0,37,301
12/04/2005,SAC,CA,AWP,WE,Federal Contract Tower,0,0,45,0,45,0,8,228,0,236,0,8,273,0,281,42,0,42,323
12/05/2005,SAC,CA,AWP,WE,Federal Contract Tower,0,4,54,0,58,0,6,170,0,176,0,10,224,0,234,62,0,62,296
12/06/2005,SAC,CA,AWP,WE,Federal Contract Tower,0,2,37,0,39,0,6,207,2,215,0,8,244,2,254,48,0,48,302
12/07/2005,SAC,CA,AWP,WE,Federal Contract Tower,0,2,65,0,67,0,10,72,0,82,0,12,137,0,149,12,0,12,161
12/08/2005,SAC,CA,AWP,WE,Federal Contract Tower,0,2,77,0,79,0,4,168,4,176,0,6,245,4,255,36,0,36,291
12/09/2005,SAC,CA,AWP,WE,Federal Contract Tower,0,0,48,0,48,0,8,210,2,220,0,8,258,2,268,67,0,67,335
12/10/2005,SAC,CA,AWP,WE,Federal Contract Tower,0,0,42,0,42,1,0,190,0,191,1,0,232,0,233,60,0,60,293
12/11/2005,SAC,CA,AWP,WE,Federal Contract Tower,0,0,37,0,37,0,8,167,0,175,0,8,204,0,212,22,0,22,234
12/12/2005,SAC,CA,AWP,WE,Federal Contract Tower,0,4,57,0,61,0,4,90,0,94,0,8,147,0,155,32,0,32,187
12/13/2005,SAC,CA,AWP,WE,Federal Contract Tower,0,5,37,0,42,0,5,102,0,107,0,10,139,0,149,38,0,38,187
12/14/2005,SAC,CA,AWP,WE,Federal Contract Tower,0,0,49,0,49,0,6,111,0,117,0,6,160,0,166,8,0,8,174
12/15/2005,SAC,CA,AWP,WE,Federal Contract Tower,0,1,63,0,64,0,1,27,0,28,0,2,90,0,92,12,0,12,104
12/16/2005,SAC,CA,AWP,WE,Federal Contract Tower,0,0,104,0,104,0,3,32,0,35,0,3,136,0,139,0,0,0,139
12/17/2005,SAC,CA,AWP,WE,Federal Contract Tower,0,0,50,0,50,0,0,34,0,34,0,0,84,0,84,0,0,0,84
12/18/2005,SAC,CA,AWP,WE,Federal Contract Tower,0,0,7,0,7,0,0,10,0,10,0,0,17,0,17,0,0,0,17
12/19/2005,SAC,CA,AWP,WE,Federal Contract Tower,0,5,26,0,31,0,3,152,0,155,0,8,178,0,186,62,0,62,248
12/20/2005,SAC,CA,AWP,WE,Federal Contract Tower,0,6,32,0,38,0,8,182,0,190,0,14,214,0,228,38,0,38,266
12/21/2005,SAC,CA,AWP,WE,Federal Contract Tower,0,3,46,2,51,0,2,67,0,69,0,5,113,2,120,34,0,34,154
12/22/2005,SAC,CA,AWP,WE,Federal Contract Tower,0,2,52,2,56,0,1,18,2,21,0,3,70,4,77,8,0,8,85
12/23/2005,SAC,CA,AWP,WE,Federal Contract Tower,0,1,40,0,41,0,0,44,0,44,0,1,84,0,85,12,0,12,97
12/24/2005,SAC,CA,AWP,WE,Federal Contract Tower,0,0,27,0,27,0,1,15,0,16,0,1,42,0,43,2,0,2,45
12/25/2005,SAC,CA,AWP,WE,Federal Contract Tower,0,0,12,0,12,0,0,8,0,8,0,0,20,0,20,0,0,0,20
12/26/2005,SAC,CA,AWP,WE,Federal Contract Tower,0,1,20,0,21,0,0,154,0,154,0,1,174,0,175,96,0,96,271
12/27/2005,SAC,CA,AWP,WE,Federal Contract Tower,0,6,48,0,54,0,0,63,0,63,0,6,111,0,117,30,0,30,147
12/28/2005,SAC,CA,AWP,WE,Federal Contract Tower,0,2,13,0,15,0,6,62,0,68,0,8,75,0,83,3,0,3,86
12/29/2005,SAC,CA,AWP,WE,Federal Contract Tower,0,1,77,0,78,0,2,59,0,61,0,3,136,0,139,46,0,46,185
12/30/2005,SAC,CA,AWP,WE,Federal Contract Tower,0,0,25,0,25,0,0,22,0,22,0,0,47,0,47,12,0,12,59
12/31/2005,SAC,CA,AWP,WE,Federal Contract Tower,0,0,3,0,3,0,0,53,0,53,0,0,56,0,56,8,0,8,64
01/01/2006,SAC,CA,AWP,WE,Federal Contract Tower,0,0,16,0,16,0,0,6,0,6,0,0,22,0,22,2,0,2,24
01/02/2006,SAC,CA,AWP,WE,Federal Contract Tower,0,1,29,0,30,0,1,16,0,17,0,2,45,0,47,0,0,0,47
01/03/2006,SAC,CA,AWP,WE,Federal Contract Tower,0,2,40,0,42,0,2,193,4,199,0,4,233,4,241,60,0,60,301
01/04/2006,SAC,CA,AWP,WE,Federal Contract Tower,0,4,52,0,56,0,2,192,0,194,0,6,244,0,250,34,0,34,284
01/05/2006,SAC,CA,AWP,WE,Federal Contract Tower,0,0,61,0,61,0,3,231,0,234,0,3,292,0,295,78,0,78,373
01/06/2006,SAC,CA,AWP,WE,Federal Contract Tower,0,0,54,0,54,0,2,103,0,105,0,2,157,0,159,19,0,19,178
01/07/2006,SAC,CA,AWP,WE,Federal Contract Tower,0,0,58,0,58,0,0,209,0,209,0,0,267,0,267,102,0,102,369
01/08/2006,SAC,CA,AWP,WE,Federal Contract Tower,0,0,53,0,53,0,6,244,0,250,0,6,297,0,303,34,0,34,337
01/09/2006,SAC,CA,AWP,WE,Federal Contract Tower,0,6,55,0,61,0,5,267,4,276,0,11,322,4,337,168,0,168,505
01/10/2006,SAC,CA,AWP,WE,Federal Contract Tower,0,5,34,0,39,0,5,178,0,183,0,10,212,0,222,26,0,26,248
01/11/2006,SAC,CA,AWP,WE,Federal Contract Tower,0,3,31,0,34,0,7,34,0,41,0,10,65,0,75,0,0,0,75
01/12/2006,SAC,CA,AWP,WE,Federal Contract Tower,0,0,71,0,71,0,0,131,0,131,0,0,202,0,202,48,0,48,250
01/13/2006,SAC,CA,AWP,WE,Federal Contract Tower,0,4,56,0,60,0,0,46,0,46,0,4,102,0,106,6,0,6,112
01/14/2006,SAC,CA,AWP,WE,Federal Contract Tower,0,0,8,0,8,0,2,62,0,64,0,2,70,0,72,17,0,17,89
01/15/2006,SAC,CA,AWP,WE,Federal Contract Tower,0,0,63,0,63,0,2,264,0,266,0,2,327,0,329,47,0,47,376
01/16/2006,SAC,CA,AWP,WE,Federal Contract Tower,0,4,52,0,56,0,0,246,0,246,0,4,298,0,302,66,0,66,368
01/17/2006,SAC,CA,AWP,WE,Federal Contract Tower,0,6,33,2,41,0,4,199,2,205,0,10,232,4,246,46,0,46,292
01/18/2006,SAC,CA,AWP,WE,Federal Contract Tower,0,1,35,0,36,0,5,125,2,132,0,6,160,2,168,32,0,32,200
01/19/2006,SAC,CA,AWP,WE,Federal Contract Tower,0,5,62,0,67,0,0,139,0,139,0,5,201,0,206,53,0,53,259
01/20/2006,SAC,CA,AWP,WE,Federal Contract Tower,0,0,66,0,66,0,1,183,0,184,0,1,249,0,250,56,0,56,306
01/21/2006,SAC,CA,AWP,WE,Federal Contract Tower,0,3,79,0,82,0,0,140,0,140,0,3,219,0,222,6,0,6,228
01/22/2006,SAC,CA,AWP,WE,Federal Contract Tower,0,0,54,0,54,0,4,309,2,315,0,4,363,2,369,63,0,63,432
01/23/2006,SAC,CA,AWP,WE,Federal Contract Tower,0,7,22,0,29,0,5,266,0,271,0,12,288,0,300,42,0,42,342
01/24/2006,SAC,CA,AWP,WE,Federal Contract Tower,0,9,44,0,53,0,5,266,0,271,0,14,310,0,324,22,0,22,346
01/25/2006,SAC,CA,AWP,WE,Federal Contract Tower,0,6,69,0,75,0,5,215,0,220,0,11,284,0,295,20,0,20,315
01/26/2006,SAC,CA,AWP,WE,Federal Contract Tower,0,0,72,0,72,0,1,230,0,231,0,1,302,0,303,20,0,20,323
01/27/2006,SAC,CA,AWP,WE,Federal Contract Tower,0,0,51,0,51,0,4,81,0,85,0,4,132,0,136,60,0,60,196
01/28/2006,SAC,CA,AWP,WE,Federal Contract Tower,0,0,65,0,65,0,0,78,1,79,0,0,143,1,144,50,0,50,194
01/29/2006,SAC,CA,AWP,WE,Federal Contract Tower,0,0,48,0,48,0,8,199,0,207,0,8,247,0,255,63,0,63,318
01/30/2006,SAC,CA,AWP,WE,Federal Contract Tower,0,8,50,0,58,0,3,91,0,94,0,11,141,0,152,26,0,26,178
01/31/2006,SAC,CA,AWP,WE,Federal Contract Tower,0,6,38,0,44,0,3,243,2,248,0,9,281,2,292,26,0,26,318
02/01/2006,SAC,CA,AWP,WE,Federal Contract Tower,0,4,47,0,51,0,1,69,0,70,0,5,116,0,121,22,0,22,143
02/02/2006,SAC,CA,AWP,WE,Federal Contract Tower,0,0,64,0,64,0,3,79,0,82,0,3,143,0,146,24,0,24,170
02/03/2006,SAC,CA,AWP,WE,Federal Contract Tower,0,3,82,0,85,0,7,198,0,205,0,10,280,0,290,57,0,57,347
02/04/2006,SAC,CA,AWP,WE,Federal Contract Tower,0,0,58,0,58,0,0,169,0,169,0,0,227,0,227,46,0,46,273
02/05/2006,SAC,CA,AWP,WE,Federal Contract Tower,0,0,63,0,63,0,10,252,0,262,0,10,315,0,325,32,0,32,357
02/06/2006,SAC,CA,AWP,WE,Federal Contract Tower,0,8,40,0,48,0,3,208,0,211,0,11,248,0,259,18,0,18,277
02/07/2006,SAC,CA,AWP,WE,Federal Contract Tower,0,6,45,4,55,0,3,274,4,281,0,9,319,8,336,42,0,42,378
02/08/2006,SAC,CA,AWP,WE,Federal Contract Tower,0,0,28,0,28,0,8,282,2,292,0,8,310,2,320,25,0,25,345
02/09/2006,SAC,CA,AWP,WE,Federal Contract Tower,0,0,55,0,55,0,5,225,0,230,0,5,280,0,285,44,0,44,329
02/10/2006,SAC,CA,AWP,WE,Federal Contract Tower,0,0,52,0,52,0,4,255,30,289,0,4,307,30,341,35,0,35,376
02/11/2006,SAC,CA,AWP,WE,Federal Contract Tower,0,0,75,0,75,0,0,229,0,229,0,0,304,0,304,50,0,50,354
02/12/2006,SAC,CA,AWP,WE,Federal Contract Tower,0,0,53,0,53,0,6,260,0,266,0,6,313,0,319,40,0,40,359
02/13/2006,SAC,CA,AWP,WE,Federal Contract Tower,0,5,58,0,63,0,5,213,0,218,0,10,271,0,281,66,0,66,347
02/14/2006,SAC,CA,AWP,WE,Federal Contract Tower,0,6,29,0,35,0,2,226,0,228,0,8,255,0,263,36,0,36,299
02/15/2006,SAC,CA,AWP,WE,Federal Contract Tower,0,2,38,0,40,0,8,253,2,263,0,10,291,2,303,11,0,11,314
02/16/2006,SAC,CA,AWP,WE,Federal Contract Tower,0,0,43,0,43,0,14,211,0,225,0,14,254,0,268,46,0,46,314
02/17/2006,SAC,CA,AWP,WE,Federal Contract Tower,0,0,15,0,15,0,3,186,0,189,0,3,201,0,204,14,0,14,218
02/18/2006,SAC,CA,AWP,WE,Federal Contract Tower,0,0,46,0,46,0,1,137,0,138,0,1,183,0,184,84,0,84,268
02/19/2006,SAC,CA,AWP,WE,Federal Contract Tower,0,0,47,0,47,0,4,207,0,211,0,4,254,0,258,52,0,52,310
02/20/2006,SAC,CA,AWP,WE,Federal Contract Tower,0,2,41,0,43,0,2,255,0,257,0,4,296,0,300,58,0,58,358
02/21/2006,SAC,CA,AWP,WE,Federal Contract Tower,0,4,41,2,47,0,4,250,6,260,0,8,291,8,307,45,6,51,358
02/22/2006,SAC,CA,AWP,WE,Federal Contract Tower,0,0,23,0,23,0,9,182,6,197,0,9,205,6,220,78,0,78,298
02/23/2006,SAC,CA,AWP,WE,Federal Contract Tower,0,6,72,0,78,0,9,233,0,242,0,15,305,0,320,38,0,38,358
02/24/2006,SAC,CA,AWP,WE,Federal Contract Tower,0,2,70,0,72,0,1,195,0,196,0,3,265,0,268,29,0,29,297
02/25/2006,SAC,CA,AWP,WE,Federal Contract Tower,0,0,71,0,71,0,0,299,4,303,0,0,370,4,374,70,0,70,444
02/26/2006,SAC,CA,AWP,WE,Federal Contract Tower,0,0,31,0,31,0,10,106,0,116,0,10,137,0,147,0,0,0,147
02/27/2006,SAC,CA,AWP,WE,Federal Contract Tower,0,4,17,0,21,0,3,31,0,34,0,7,48,0,55,0,0,0,55
02/28/2006,SAC,CA,AWP,WE,Federal Contract Tower,0,9,19,0,28,0,3,110,0,113,0,12,129,0,141,26,0,26,167
03/01/2006,SAC,CA,AWP,WE,Federal Contract Tower,0,6,69,0,75,0,6,201,0,207,0,12,270,0,282,52,0,52,334
03/02/2006,SAC,CA,AWP,WE,Federal Contract Tower,0,0,48,0,48,0,2,118,0,120,0,2,166,0,168,65,0,65,233
03/03/2006,SAC,CA,AWP,WE,Federal Contract Tower,0,1,23,1,25,0,3,130,0,133,0,4,153,1,158,51,0,51,209
03/04/2006,SAC,CA,AWP,WE,Federal Contract Tower,0,0,40,0,40,0,3,243,0,246,0,3,283,0,286,54,0,54,340
03/05/2006,SAC,CA,AWP,WE,Federal Contract Tower,0,0,13,0,13,0,0,36,0,36,0,0,49,0,49,0,3,3,52
03/06/2006,SAC,CA,AWP,WE,Federal Contract Tower,0,5,22,0,27,0,4,139,3,146,0,9,161,3,173,4,0,4,177
03/07/2006,SAC,CA,AWP,WE,Federal Contract Tower,0,6,17,0,23,0,4,129,0,133,0,10,146,0,156,22,0,22,178
03/08/2006,SAC,CA,AWP,WE,Federal Contract Tower,0,0,45,0,45,0,11,254,0,265,0,11,299,0,310,30,0,30,340
03/09/2006,SAC,CA,AWP,WE,Federal Contract Tower,0,0,30,0,30,0,0,137,0,137,0,0,167,0,167,30,0,30,197
03/10/2006,SAC,CA,AWP,WE,Federal Contract Tower,0,0,33,0,33,0,4,60,0,64,0,4,93,0,97,38,0,38,135
03/11/2006,SAC,CA,AWP,WE,Federal Contract Tower,0,0,12,0,12,0,0,127,0,127,0,0,139,0,139,84,0,84,223
03/12/2006,SAC,CA,AWP,WE,Federal Contract Tower,0,0,22,0,22,0,2,49,0,51,0,2,71,0,73,26,0,26,99
03/13/2006,SAC,CA,AWP,WE,Federal Contract Tower,0,5,39,0,44,0,4,179,0,183,0,9,218,0,227,34,0,34,261
03/14/2006,SAC,CA,AWP,WE,Federal Contract Tower,0,8,44,0,52,0,3,133,0,136,0,11,177,0,188,14,0,14,202
03/15/2006,SAC,CA,AWP,WE,Federal Contract Tower,0,2,37,0,39,0,6,295,0,301,0,8,332,0,340,56,0,56,396
03/16/2006,SAC,CA,AWP,WE,Federal Contract Tower,0,1,30,0,31,0,1,161,0,162,0,2,191,0,193,27,0,27,220
03/17/2006,SAC,CA,AWP,WE,Federal Contract Tower,0,0,73,0,73,0,3,113,15,131,0,3,186,15,204,70,0,70,274
03/18/2006,SAC,CA,AWP,WE,Federal Contract Tower,0,0,52,0,52,0,0,216,0,216,0,0,268,0,268,62,0,62,330
03/19/2006,SAC,CA,AWP,WE,Federal Contract Tower,0,0,43,0,43,0,4,243,0,247,0,4,286,0,290,57,0,57,347
03/20/2006,SAC,CA,AWP,WE,Federal Contract Tower,0,6,44,0,50,0,2,128,8,138,0,8,172,8,188,20,0,20,208
03/21/2006,SAC,CA,AWP,WE,Federal Contract Tower,0,8,57,0,65,0,3,272,6,281,0,11,329,6,346,60,0,60,406
03/22/2006,SAC,CA,AWP,WE,Federal Contract Tower,0,7,30,1,38,0,11,260,0,271,0,18,290,1,309,37,2,39,348
03/23/2006,SAC,CA,AWP,WE,Federal Contract Tower,0,0,52,0,52,0,15,256,0,271,0,15,308,0,323,40,0,40,363
03/24/2006,SAC,CA,AWP,WE,Federal Contract Tower,0,5,74,0,79,0,6,139,0,145,0,11,213,0,224,50,0,50,274
03/25/2006,SAC,CA,AWP,WE,Federal Contract Tower,0,0,36,0,36,0,0,136,0,136,0,0,172,0,172,23,0,23,195
03/26/2006,SAC,CA,AWP,WE,Federal Contract Tower,0,0,87,0,87,0,0,389,0,389,0,0,476,0,476,62,0,62,538
03/27/2006,SAC,CA,AWP,WE,Federal Contract Tower,0,6,45,0,51,0,4,183,1,188,0,10,228,1,239,44,0,44,283
03/28/2006,SAC,CA,AWP,WE,Federal Contract Tower,0,7,29,0,36,0,2,83,0,85,0,9,112,0,121,24,0,24,145
03/29/2006,SAC,CA,AWP,WE,Federal Contract Tower,0,0,34,0,34,0,12,96,0,108,0,12,130,0,142,16,0,16,158
03/30/2006,SAC,CA,AWP,WE,Federal Contract Tower,0,0,55,0,55,0,5,273,0,278,0,5,328,0,333,47,0,47,380
03/31/2006,SAC,CA,AWP,WE,Federal Contract Tower,0,2,15,0,17,0,2,187,4,193,0,4,202,4,210,7,0,7,217
04/01/2006,SAC,CA,AWP,WE,Federal Contract Tower,0,0,36,0,36,0,1,209,0,210,0,1,245,0,246,26,0,26,272
04/02/2006,SAC,CA,AWP,WE,Federal Contract Tower,0,0,37,0,37,0,2,114,0,116,0,2,151,0,153,2,0,2,155
04/03/2006,SAC,CA,AWP,WE,Federal Contract Tower,0,7,35,0,42,0,2,59,0,61,0,9,94,0,103,8,0,8,111
04/04/2006,SAC,CA,AWP,WE,Federal Contract Tower,0,7,17,0,24,0,3,55,0,58,0,10,72,0,82,0,0,0,82
04/05/2006,SAC,CA,AWP,WE,Federal Contract Tower,0,6,29,0,35,0,11,177,0,188,0,17,206,0,223,42,0,42,265
04/06/2006,SAC,CA,AWP,WE,Federal Contract Tower,0,0,57,0,57,0,7,267,0,274,0,7,324,0,331,43,0,43,374
04/07/2006,SAC,CA,AWP,WE,Federal Contract Tower,0,0,47,0,47,0,11,191,0,202,0,11,238,0,249,55,0,55,304
04/08/2006,SAC,CA,AWP,WE,Federal Contract Tower,0,0,41,0,41,0,2,232,0,234,0,2,273,0,275,34,0,34,309
04/09/2006,SAC,CA,AWP,WE,Federal Contract Tower,0,0,43,0,43,0,4,226,0,230,0,4,269,0,273,48,0,48,321
04/10/2006,SAC,CA,AWP,WE,Federal Contract Tower,0,6,27,0,33,0,3,118,2,123,0,9,145,2,156,0,0,0,156
04/11/2006,SAC,CA,AWP,WE,Federal Contract Tower,0,8,14,0,22,0,0,55,0,55,0,8,69,0,77,2,0,2,79
04/12/2006,SAC,CA,AWP,WE,Federal Contract Tower,0,3,34,0,37,0,6,142,6,154,0,9,176,6,191,0,0,0,191
04/13/2006,SAC,CA,AWP,WE,Federal Contract Tower,0,2,55,0,57,0,8,317,1,326,0,10,372,1,383,54,0,54,437
04/14/2006,SAC,CA,AWP,WE,Federal Contract Tower,0,0,68,0,68,0,0,241,0,241,0,0,309,0,309,45,0,45,354
04/15/2006,SAC,CA,AWP,WE,Federal Contract Tower,0,0,50,0,50,0,0,162,0,162,0,0,212,0,212,36,0,36,248
04/16/2006,SAC,CA,AWP,WE,Federal Contract Tower,0,0,27,0,27,0,6,70,2,78,0,6,97,2,105,10,0,10,115
04/17/2006,SAC,CA,AWP,WE,Federal Contract Tower,0,7,32,0,39,0,2,214,0,216,0,9,246,0,255,14,0,14,269
04/18/2006,SAC,CA,AWP,WE,Federal Contract Tower,0,8,54,0,62,0,7,282,4,293,0,15,336,4,355,92,6,98,453
04/19/2006,SAC,CA,AWP,WE,Federal Contract Tower,0,0,46,0,46,0,17,310,6,333,0,17,356,6,379,15,0,15,394
04/20/2006,SAC,CA,AWP,WE,Federal Contract Tower,0,1,56,0,57,0,6,255,0,261,0,7,311,0,318,20,0,20,338
04/21/2006,SAC,CA,AWP,WE,Federal Contract Tower,0,0,52,0,52,0,5,154,3,162,0,5,206,3,214,27,0,27,241
04/22/2006,SAC,CA,AWP,WE,Federal Contract Tower,0,2,10,0,12,0,3,110,0,113,0,5,120,0,125,10,0,10,135
04/23/2006,SAC,CA,AWP,WE,Federal Contract Tower,0,0,47,0,47,0,6,230,6,242,0,6,277,6,289,54,0,54,343
04/24/2006,SAC,CA,AWP,WE,Federal Contract Tower,0,10,37,0,47,0,1,147,0,148,0,11,184,0,195,36,0,36,231
04/25/2006,SAC,CA,AWP,WE,Federal Contract Tower,0,6,56,0,62,0,2,206,2,210,0,8,262,2,272,28,0,28,300
04/26/2006,SAC,CA,AWP,WE,Federal Contract Tower,0,1,60,0,61,0,11,329,4,344,0,12,389,4,405,34,0,34,439
04/27/2006,SAC,CA,AWP,WE,Federal Contract Tower,0,1,54,0,55,0,9,261,2,272,0,10,315,2,327,68,16,84,411
04/28/2006,SAC,CA,AWP,WE,Federal Contract Tower,0,0,42,1,43,0,4,280,6,290,0,4,322,7,333,52,0,52,385
04/29/2006,SAC,CA,AWP,WE,Federal Contract Tower,0,3,51,0,54,0,6,222,2,230,0,9,273,2,284,47,0,47,331
04/30/2006,SAC,CA,AWP,WE,Federal Contract Tower,0,0,41,0,41,0,10,276,0,286,0,10,317,0,327,48,0,48,375
05/01/2006,SAC,CA,AWP,WE,Federal Contract Tower,0,5,41,0,46,0,12,176,0,188,0,17,217,0,234,40,0,40,274
05/02/2006,SAC,CA,AWP,WE,Federal Contract Tower,0,5,62,1,68,0,12,252,3,267,0,17,314,4,335,44,4,48,383
05/03/2006,SAC,CA,AWP,WE,Federal Contract Tower,0,3,62,0,65,0,8,237,0,245,0,11,299,0,310,35,0,35,345
05/04/2006,SAC,CA,AWP,WE,Federal Contract Tower,0,2,52,0,54,0,3,207,0,210,0,5,259,0,264,30,0,30,294
05/05/2006,SAC,CA,AWP,WE,Federal Contract Tower,0,0,58,0,58,0,6,244,0,250,0,6,302,0,308,34,0,34,342
05/06/2006,SAC,CA,AWP,WE,Federal Contract Tower,0,7,55,0,62,0,9,284,1,294,0,16,339,1,356,48,0,48,404
05/07/2006,SAC,CA,AWP,WE,Federal Contract Tower,0,0,43,0,43,0,8,270,0,278,0,8,313,0,321,57,0,57,378
05/08/2006,SAC,CA,AWP,WE,Federal Contract Tower,0,4,42,0,46,0,4,168,4,176,0,8,210,4,222,21,0,21,243
05/09/2006,SAC,CA,AWP,WE,Federal Contract Tower,0,2,37,1,40,0,8,285,9,302,0,10,322,10,342,32,0,32,374
05/10/2006,SAC,CA,AWP,WE,Federal Contract Tower,0,0,37,0,37,0,12,242,4,258,0,12,279,4,295,45,0,45,340
05/11/2006,SAC,CA,AWP,WE,Federal Contract Tower,0,0,30,0,30,0,9,301,4,314,0,9,331,4,344,27,0,27,371
05/12/2006,SAC,CA,AWP,WE,Federal Contract Tower,0,0,51,0,51,0,12,273,0,285,0,12,324,0,336,51,0,51,387
05/13/2006,SAC,CA,AWP,WE,Federal Contract Tower,0,0,63,0,63,0,8,283,0,291,0,8,346,0,354,45,0,45,399
05/14/2006,SAC,CA,AWP,WE,Federal Contract Tower,0,0,39,0,39,0,6,272,0,278,0,6,311,0,317,46,0,46,363
05/15/2006,SAC,CA,AWP,WE,Federal Contract Tower,0,2,44,0,46,0,8,228,0,236,0,10,272,0,282,38,0,38,320
05/16/2006,SAC,CA,AWP,WE,Federal Contract Tower,0,1,24,0,25,0,10,315,0,325,0,11,339,0,350,36,0,36,386
05/17/2006,SAC,CA,AWP,WE,Federal Contract Tower,0,2,33,0,35,0,10,271,0,281,0,12,304,0,316,16,0,16,332
05/18/2006,SAC,CA,AWP,WE,Federal Contract Tower,0,2,54,0,56,0,8,257,0,265,0,10,311,0,321,26,0,26,347
05/19/2006,SAC,CA,AWP,WE,Federal Contract Tower,0,1,38,0,39,0,3,217,0,220,0,4,255,0,259,15,0,15,274
05/20/2006,SAC,CA,AWP,WE,Federal Contract Tower,0,0,50,0,50,0,6,174,0,180,0,6,224,0,230,69,0,69,299
05/21/2006,SAC,CA,AWP,WE,Federal Contract Tower,0,0,17,0,17,0,3,85,0,88,0,3,102,0,105,26,0,26,131
05/22/2006,SAC,CA,AWP,WE,Federal Contract Tower,0,5,21,0,26,0,3,162,0,165,0,8,183,0,191,22,0,22,213
05/23/2006,SAC,CA,AWP,WE,Federal Contract Tower,0,2,28,0,30,0,8,317,2,327,0,10,345,2,357,40,0,40,397
05/24/2006,SAC,CA,AWP,WE,Federal Contract Tower,0,4,62,0,66,0,10,266,6,282,0,14,328,6,348,34,0,34,382
05/25/2006,SAC,CA,AWP,WE,Federal Contract Tower,0,0,46,0,46,0,5,328,2,335,0,5,374,2,381,29,0,29,410
05/26/2006,SAC,CA,AWP,WE,Federal Contract Tower,0,0,59,0,59,0,12,324,2,338,0,12,383,2,397,39,0,39,436
05/27/2006,SAC,CA,AWP,WE,Federal Contract Tower,0,4,47,0,51,0,8,235,0,243,0,12,282,0,294,43,0,43,337
05/28/2006,SAC,CA,AWP,WE,Federal Contract Tower,0,0,64,0,64,0,10,266,0,276,0,10,330,0,340,45,0,45,385
05/29/2006,SAC,CA,AWP,WE,Federal Contract Tower,0,3,31,0,34,0,6,292,0,298,0,9,323,0,332,18,0,18,350
05/30/2006,SAC,CA,AWP,WE,Federal Contract Tower,0,2,40,0,42,0,10,252,0,262,0,12,292,0,304,36,0,36,340
05/31/2006,SAC,CA,AWP,WE,Federal Contract Tower,0,1,40,0,41,0,3,262,2,267,0,4,302,2,308,20,0,20,328
06/01/2006,SAC,CA,AWP,WE,Federal Contract Tower,0,1,25,0,26,0,12,277,8,297,0,13,302,8,323,22,0,22,345
06/02/2006,SAC,CA,AWP,WE,Federal Contract Tower,0,1,33,0,34,0,5,258,4,267,0,6,291,4,301,49,0,49,350
06/03/2006,SAC,CA,AWP,WE,Federal Contract Tower,0,0,38,0,38,0,11,197,0,208,0,11,235,0,246,41,0,41,287
06/04/2006,SAC,CA,AWP,WE,Federal Contract Tower,0,4,32,0,36,0,2,287,0,289,0,6,319,0,325,33,0,33,358
06/05/2006,SAC,CA,AWP,WE,Federal Contract Tower,0,0,41,0,41,0,12,266,4,282,0,12,307,4,323,44,0,44,367
06/06/2006,SAC,CA,AWP,WE,Federal Contract Tower,0,4,67,0,71,0,7,336,0,343,0,11,403,0,414,30,0,30,444
06/07/2006,SAC,CA,AWP,WE,Federal Contract Tower,0,0,62,0,62,0,22,335,4,361,0,22,397,4,423,28,0,28,451
06/08/2006,SAC,CA,AWP,WE,Federal Contract Tower,0,1,38,0,39,0,11,308,0,319,0,12,346,0,358,77,0,77,435
06/09/2006,SAC,CA,AWP,WE,Federal Contract Tower,0,0,21,0,21,0,6,281,0,287,0,6,302,0,308,26,0,26,334
06/10/2006,SAC,CA,AWP,WE,Federal Contract Tower,0,3,50,0,53,0,9,261,0,270,0,12,311,0,323,37,0,37,360
06/11/2006,SAC,CA,AWP,WE,Federal Contract Tower,0,0,47,0,47,0,10,279,2,291,0,10,326,2,338,25,0,25,363
06/12/2006,SAC,CA,AWP,WE,Federal Contract Tower,0,3,25,0,28,0,9,186,2,197,0,12,211,2,225,66,0,66,291
06/13/2006,SAC,CA,AWP,WE,Federal Contract Tower,0,1,33,0,34,0,9,238,0,247,0,10,271,0,281,36,0,36,317
06/14/2006,SAC,CA,AWP,WE,Federal Contract Tower,0,6,52,0,58,0,10,289,3,302,0,16,341,3,360,52,0,52,412
06/15/2006,SAC,CA,AWP,WE,Federal Contract Tower,0,1,65,0,66,0,6,198,0,204,0,7,263,0,270,67,0,67,337
06/16/2006,SAC,CA,AWP,WE,Federal Contract Tower,0,0,27,0,27,0,17,276,0,293,0,17,303,0,320,38,0,38,358
06/17/2006,SAC,CA,AWP,WE,Federal Contract Tower,0,3,35,0,38,0,16,279,0,295,0,19,314,0,333,56,0,56,389
06/18/2006,SAC,CA,AWP,WE,Federal Contract Tower,0,0,17,0,17,0,8,280,0,288,0,8,297,0,305,35,0,35,340
06/19/2006,SAC,CA,AWP,WE,Federal Contract Tower,0,4,18,0,22,0,10,220,0,230,0,14,238,0,252,38,0,38,290
06/20/2006,SAC,CA,AWP,WE,Federal Contract Tower,0,9,17,0,26,0,0,291,0,291,0,9,308,0,317,14,0,14,331
06/21/2006,SAC,CA,AWP,WE,Federal Contract Tower,0,1,37,0,38,0,15,243,0,258,0,16,280,0,296,44,0,44,340
06/22/2006,SAC,CA,AWP,WE,Federal Contract Tower,0,0,26,0,26,0,4,243,0,247,0,4,269,0,273,28,0,28,301
06/23/2006,SAC,CA,AWP,WE,Federal Contract Tower,0,11,0,1,12,0,14,306,0,320,0,25,306,1,332,40,0,40,372
06/24/2006,SAC,CA,AWP,WE,Federal Contract Tower,0,5,45,0,50,0,9,237,0,246,0,14,282,0,296,48,0,48,344
06/25/2006,SAC,CA,AWP,WE,Federal Contract Tower,0,0,33,0,33,0,6,284,0,290,0,6,317,0,323,37,0,37,360
06/26/2006,SAC,CA,AWP,WE,Federal Contract Tower,0,4,30,0,34,0,13,294,4,311,0,17,324,4,345,44,0,44,389
06/27/2006,SAC,CA,AWP,WE,Federal Contract Tower,0,4,22,0,26,0,8,239,2,249,0,12,261,2,275,48,0,48,323
06/28/2006,SAC,CA,AWP,WE,Federal Contract Tower,0,2,30,0,32,0,9,313,8,330,0,11,343,8,362,100,0,100,462
06/29/2006,SAC,CA,AWP,WE,Federal Contract Tower,0,1,36,0,37,0,14,367,3,384,0,15,403,3,421,46,0,46,467
06/30/2006,SAC,CA,AWP,WE,Federal Contract Tower,0,0,45,0,45,0,11,411,0,422,0,11,456,0,467,54,0,54,521
07/01/2006,SAC,CA,AWP,WE,Federal Contract Tower,0,0,20,0,20,0,9,285,0,294,0,9,305,0,314,74,0,74,388
07/02/2006,SAC,CA,AWP,WE,Federal Contract Tower,0,1,17,0,18,0,17,198,0,215,0,18,215,0,233,38,0,38,271
07/03/2006,SAC,CA,AWP,WE,Federal Contract Tower,0,0,35,0,35,0,10,204,0,214,0,10,239,0,249,60,0,60,309
07/04/2006,SAC,CA,AWP,WE,Federal Contract Tower,0,0,16,0,16,0,3,129,0,132,0,3,145,0,148,8,0,8,156
07/05/2006,SAC,CA,AWP,WE,Federal Contract Tower,0,2,19,0,21,0,12,250,0,262,0,14,269,0,283,33,0,33,316
07/06/2006,SAC,CA,AWP,WE,Federal Contract Tower,0,0,41,3,44,0,15,330,6,351,0,15,371,9,395,55,0,55,450
07/07/2006,SAC,CA,AWP,WE,Federal Contract Tower,0,2,26,5,33,0,9,348,2,359,0,11,374,7,392,41,2,43,435
07/08/2006,SAC,CA,AWP,WE,Federal Contract Tower,0,0,32,0,32,0,12,302,0,314,0,12,334,0,346,48,0,48,394
07/09/2006,SAC,CA,AWP,WE,Federal Contract Tower,0,10,0,0,10,0,0,307,2,309,0,10,307,2,319,41,0,41,360
07/10/2006,SAC,CA,AWP,WE,Federal Contract Tower,0,1,18,0,19,0,11,229,4,244,0,12,247,4,263,10,0,10,273
07/11/2006,SAC,CA,AWP,WE,Federal Contract Tower,0,3,20,0,23,0,11,239,0,250,0,14,259,0,273,38,0,38,311
07/12/2006,SAC,CA,AWP,WE,Federal Contract Tower,0,0,36,0,36,0,9,366,0,375,0,9,402,0,411,64,0,64,475
07/13/2006,SAC,CA,AWP,WE,Federal Contract Tower,0,0,24,0,24,0,12,341,0,353,0,12,365,0,377,50,0,50,427
07/14/2006,SAC,CA,AWP,WE,Federal Contract Tower,0,0,37,0,37,0,18,259,4,281,0,18,296,4,318,37,0,37,355
07/15/2006,SAC,CA,AWP,WE,Federal Contract Tower,0,2,18,0,20,0,1,279,0,280,0,3,297,0,300,67,0,67,367
07/16/2006,SAC,CA,AWP,WE,Federal Contract Tower,0,0,33,0,33,0,8,250,0,258,0,8,283,0,291,44,0,44,335
07/17/2006,SAC,CA,AWP,WE,Federal Contract Tower,0,1,29,0,30,0,9,254,0,263,0,10,283,0,293,44,0,44,337
07/18/2006,SAC,CA,AWP,WE,Federal Contract Tower,0,1,37,0,38,0,9,217,0,226,0,10,254,0,264,85,0,85,349
07/19/2006,SAC,CA,AWP,WE,Federal Contract Tower,0,2,29,0,31,0,13,307,2,322,0,15,336,2,353,73,0,73,426
07/20/2006,SAC,CA,AWP,WE,Federal Contract Tower,0,0,49,0,49,0,9,253,0,262,0,9,302,0,311,54,0,54,365
07/21/2006,SAC,CA,AWP,WE,Federal Contract Tower,0,0,37,0,37,0,9,261,0,270,0,9,298,0,307,16,0,16,323
07/22/2006,SAC,CA,AWP,WE,Federal Contract Tower,0,0,12,0,12,0,5,218,0,223,0,5,230,0,235,35,0,35,270
07/23/2006,SAC,CA,AWP,WE,Federal Contract Tower,0,0,16,0,16,0,6,211,0,217,0,6,227,0,233,22,0,22,255
07/24/2006,SAC,CA,AWP,WE,Federal Contract Tower,0,0,18,0,18,0,11,116,0,127,0,11,134,0,145,14,0,14,159
07/25/2006,SAC,CA,AWP,WE,Federal Contract Tower,0,3,39,0,42,0,6,259,2,267,0,9,298,2,309,52,0,52,361
07/26/2006,SAC,CA,AWP,WE,Federal Contract Tower,0,0,25,0,25,0,6,192,0,198,0,6,217,0,223,4,0,4,227
07/27/2006,SAC,CA,AWP,WE,Federal Contract Tower,0,1,46,0,47,0,3,279,0,282,0,4,325,0,329,103,0,103,432
07/28/2006,SAC,CA,AWP,WE,Federal Contract Tower,0,1,51,0,52,0,6,373,0,379,0,7,424,0,431,105,0,105,536
07/29/2006,SAC,CA,AWP,WE,Federal Contract Tower,0,2,63,0,65,0,8,297,0,305,0,10,360,0,370,68,0,68,438
07/30/2006,SAC,CA,AWP,WE,Federal Contract Tower,0,0,47,0,47,0,6,255,0,261,0,6,302,0,308,56,0,56,364
07/31/2006,SAC,CA,AWP,WE,Federal Contract Tower,0,2,21,0,23,0,8,209,0,217,0,10,230,0,240,38,0,38,278
08/01/2006,SAC,CA,AWP,WE,Federal Contract Tower,0,3,42,0,45,0,12,181,0,193,0,15,223,0,238,42,0,42,280
08/02/2006,SAC,CA,AWP,WE,Federal Contract Tower,0,1,31,0,32,0,11,230,0,241,0,12,261,0,273,39,0,39,312
08/03/2006,SAC,CA,AWP,WE,Federal Contract Tower,0,2,62,0,64,0,9,268,4,281,0,11,330,4,345,33,0,33,378
08/04/2006,SAC,CA,AWP,WE,Federal Contract Tower,0,0,42,0,42,0,5,268,4,277,0,5,310,4,319,36,0,36,355
08/05/2006,SAC,CA,AWP,WE,Federal Contract Tower,0,2,32,0,34,0,10,279,0,289,0,12,311,0,323,35,0,35,358
08/06/2006,SAC,CA,AWP,WE,Federal Contract Tower,0,0,41,0,41,0,8,268,0,276,0,8,309,0,317,43,0,43,360
08/07/2006,SAC,CA,AWP,WE,Federal Contract Tower,0,7,66,0,73,0,7,196,0,203,0,14,262,0,276,88,0,88,364
08/08/2006,SAC,CA,AWP,WE,Federal Contract Tower,0,1,41,0,42,0,8,199,6,213,0,9,240,6,255,72,1,73,328
08/09/2006,SAC,CA,AWP,WE,Federal Contract Tower,0,3,40,0,43,0,8,261,2,271,0,11,301,2,314,77,0,77,391
08/10/2006,SAC,CA,AWP,WE,Federal Contract Tower,0,0,44,0,44,0,6,362,0,368,0,6,406,0,412,54,0,54,466
08/11/2006,SAC,CA,AWP,WE,Federal Contract Tower,0,1,39,0,40,0,7,281,3,291,0,8,320,3,331,45,0,45,376
08/12/2006,SAC,CA,AWP,WE,Federal Contract Tower,0,4,27,0,31,0,4,200,4,208,0,8,227,4,239,60,0,60,299
08/13/2006,SAC,CA,AWP,WE,Federal Contract Tower,0,0,29,0,29,0,10,294,0,304,0,10,323,0,333,48,0,48,381
08/14/2006,SAC,CA,AWP,WE,Federal Contract Tower,0,7,21,0,28,0,2,233,2,237,0,9,254,2,265,45,0,45,310
08/15/2006,SAC,CA,AWP,WE,Federal Contract Tower,0,4,32,0,36,0,8,248,0,256,0,12,280,0,292,44,0,44,336
08/16/2006,SAC,CA,AWP,WE,Federal Contract Tower,0,3,37,0,40,0,11,277,2,290,0,14,314,2,330,44,0,44,374
08/17/2006,SAC,CA,AWP,WE,Federal Contract Tower,0,1,48,0,49,0,4,355,0,359,0,5,403,0,408,32,0,32,440
08/18/2006,SAC,CA,AWP,WE,Federal Contract Tower,0,1,46,0,47,0,7,346,2,355,0,8,392,2,402,52,1,53,455
08/19/2006,SAC,CA,AWP,WE,Federal Contract Tower,0,6,52,0,58,0,1,269,0,270,0,7,321,0,328,92,0,92,420
08/20/2006,SAC,CA,AWP,WE,Federal Contract Tower,0,0,34,0,34,0,6,283,0,289,0,6,317,0,323,49,0,49,372
08/21/2006,SAC,CA,AWP,WE,Federal Contract Tower,0,2,25,0,27,0,9,206,2,217,0,11,231,2,244,64,0,64,308
08/22/2006,SAC,CA,AWP,WE,Federal Contract Tower,0,3,30,0,33,0,7,213,4,224,0,10,243,4,257,46,0,46,303
08/23/2006,SAC,CA,AWP,WE,Federal Contract Tower,0,0,53,0,53,0,12,217,6,235,0,12,270,6,288,51,0,51,339
08/24/2006,SAC,CA,AWP,WE,Federal Contract Tower,0,0,38,0,38,0,3,264,0,267,0,3,302,0,305,41,0,41,346
08/25/2006,SAC,CA,AWP,WE,Federal Contract Tower,0,1,56,0,57,0,6,252,0,258,0,7,308,0,315,62,0,62,377
08/26/2006,SAC,CA,AWP,WE,Federal Contract Tower,0,0,41,0,41,0,1,270,0,271,0,1,311,0,312,48,0,48,360
08/27/2006,SAC,CA,AWP,WE,Federal Contract Tower,0,0,43,0,43,0,6,264,0,270,0,6,307,0,313,54,0,54,367
08/28/2006,SAC,CA,AWP,WE,Federal Contract Tower,0,8,40,0,48,0,7,161,4,172,0,15,201,4,220,20,0,20,240
08/29/2006,SAC,CA,AWP,WE,Federal Contract Tower,0,2,42,0,44,0,8,199,2,209,0,10,241,2,253,50,0,50,303
08/30/2006,SAC,CA,AWP,WE,Federal Contract Tower,0,0,45,0,45,0,7,289,0,296,0,7,334,0,341,44,0,44,385
08/31/2006,SAC,CA,AWP,WE,Federal Contract Tower,0,6,62,0,68,0,2,246,0,248,0,8,308,0,316,52,1,53,369
09/01/2006,SAC,CA,AWP,WE,Federal Contract Tower,0,2,35,0,37,0,7,278,0,285,0,9,313,0,322,40,0,40,362
09/02/2006,SAC,CA,AWP,WE,Federal Contract Tower,0,0,23,0,23,0,1,227,0,228,0,1,250,0,251,24,0,24,275
09/03/2006,SAC,CA,AWP,WE,Federal Contract Tower,0,0,31,0,31,0,6,274,0,280,0,6,305,0,311,36,0,36,347
09/04/2006,SAC,CA,AWP,WE,Federal Contract Tower,0,1,57,0,58,0,6,187,1,194,0,7,244,1,252,14,0,14,266
09/05/2006,SAC,CA,AWP,WE,Federal Contract Tower,0,2,29,0,31,0,10,193,2,205,0,12,222,2,236,26,0,26,262
09/06/2006,SAC,CA,AWP,WE,Federal Contract Tower,0,0,35,0,35,0,6,267,0,273,0,6,302,0,308,57,0,57,365
09/07/2006,SAC,CA,AWP,WE,Federal Contract Tower,0,0,32,0,32,0,4,272,0,276,0,4,304,0,308,24,0,24,332
09/08/2006,SAC,CA,AWP,WE,Federal Contract Tower,0,2,55,0,57,0,3,257,2,262,0,5,312,2,319,29,0,29,348
09/09/2006,SAC,CA,AWP,WE,Federal Contract Tower,0,0,86,0,86,0,0,95,0,95,0,0,181,0,181,27,0,27,208
09/10/2006,SAC,CA,AWP,WE,Federal Contract Tower,0,2,63,0,65,0,6,248,1,255,0,8,311,1,320,113,0,113,433
09/11/2006,SAC,CA,AWP,WE,Federal Contract Tower,0,4,42,0,46,0,7,231,2,240,0,11,273,2,286,46,0,46,332
09/12/2006,SAC,CA,AWP,WE,Federal Contract Tower,0,4,45,0,49,0,10,241,0,251,0,14,286,0,300,26,0,26,326
09/13/2006,SAC,CA,AWP,WE,Federal Contract Tower,0,1,52,0,53,0,0,247,0,247,0,1,299,0,300,53,0,53,353
09/14/2006,SAC,CA,AWP,WE,Federal Contract Tower,0,0,46,0,46,0,4,263,2,269,0,4,309,2,315,38,0,38,353
09/15/2006,SAC,CA,AWP,WE,Federal Contract Tower,0,3,41,0,44,0,5,183,0,188,0,8,224,0,232,36,0,36,268
09/16/2006,SAC,CA,AWP,WE,Federal Contract Tower,0,4,63,0,67,0,1,228,0,229,0,5,291,0,296,49,0,49,345
09/17/2006,SAC,CA,AWP,WE,Federal Contract Tower,0,0,39,0,39,0,10,278,0,288,0,10,317,0,327,54,0,54,381
09/18/2006,SAC,CA,AWP,WE,Federal Contract Tower,0,4,41,0,45,0,10,184,2,196,0,14,225,2,241,48,0,48,289
09/19/2006,SAC,CA,AWP,WE,Federal Contract Tower,0,8,52,0,60,0,7,215,0,222,0,15,267,0,282,42,0,42,324
09/20/2006,SAC,CA,AWP,WE,Federal Contract Tower,0,3,54,0,57,0,8,249,2,259,0,11,303,2,316,40,2,42,358
09/21/2006,SAC,CA,AWP,WE,Federal Contract Tower,0,2,61,0,63,0,4,286,2,292,0,6,347,2,355,65,0,65,420
09/22/2006,SAC,CA,AWP,WE,Federal Contract Tower,0,2,35,0,37,0,8,120,1,129,0,10,155,1,166,10,0,10,176
09/23/2006,SAC,CA,AWP,WE,Federal Contract Tower,0,0,52,0,52,0,2,277,0,279,0,2,329,0,331,62,0,62,393
09/24/2006,SAC,CA,AWP,WE,Federal Contract Tower,0,0,53,0,53,0,6,271,0,277,0,6,324,0,330,48,0,48,378
09/25/2006,SAC,CA,AWP,WE,Federal Contract Tower,0,5,28,0,33,0,7,219,0,226,0,12,247,0,259,56,0,56,315
09/26/2006,SAC,CA,AWP,WE,Federal Contract Tower,0,4,46,0,50,0,10,232,2,244,0,14,278,2,294,72,0,72,366
09/27/2006,SAC,CA,AWP,WE,Federal Contract Tower,0,2,50,0,52,0,6,221,4,231,0,8,271,4,283,32,0,32,315
09/28/2006,SAC,CA,AWP,WE,Federal Contract Tower,0,0,34,0,34,0,1,233,0,234,0,1,267,0,268,24,0,24,292
09/29/2006,SAC,CA,AWP,WE,Federal Contract Tower,0,3,52,0,55,0,4,260,2,266,0,7,312,2,321,43,0,43,364
09/30/2006,SAC,CA,AWP,WE,Federal Contract Tower,0,0,40,0,40,0,0,218,0,218,0,0,258,0,258,56,0,56,314
10/01/2006,SAC,CA,AWP,WE,Federal Contract Tower,0,0,44,0,44,0,10,243,0,253,0,10,287,0,297,48,0,48,345
10/02/2006,SAC,CA,AWP,WE,Federal Contract Tower,0,4,19,0,23,0,8,231,0,239,0,12,250,0,262,18,0,18,280
10/03/2006,SAC,CA,AWP,WE,Federal Contract Tower,0,6,14,0,20,0,2,57,2,61,0,8,71,2,81,12,0,12,93
10/04/2006,SAC,CA,AWP,WE,Federal Contract Tower,0,9,36,0,45,0,3,146,0,149,0,12,182,0,194,22,0,22,216
10/05/2006,SAC,CA,AWP,WE,Federal Contract Tower,0,4,73,0,77,0,7,138,0,145,0,11,211,0,222,42,0,42,264
10/06/2006,SAC,CA,AWP,WE,Federal Contract Tower,0,0,60,2,62,0,5,245,1,251,0,5,305,3,313,34,0,34,347
10/07/2006,SAC,CA,AWP,WE,Federal Contract Tower,0,4,60,0,64,0,7,265,0,272,0,11,325,0,336,79,0,79,415
10/08/2006,SAC,CA,AWP,WE,Federal Contract Tower,0,1,49,0,50,0,4,236,0,240,0,5,285,0,290,45,0,45,335
10/09/2006,SAC,CA,AWP,WE,Federal Contract Tower,0,2,39,0,41,0,6,259,0,265,0,8,298,0,306,46,0,46,352
10/10/2006,SAC,CA,AWP,WE,Federal Contract Tower,0,2,34,0,36,0,9,235,9,253,0,11,269,9,289,102,0,102,391
10/11/2006,SAC,CA,AWP,WE,Federal Contract Tower,0,5,41,0,46,0,3,216,0,219,0,8,257,0,265,62,0,62,327
10/12/2006,SAC,CA,AWP,WE,Federal Contract Tower,0,0,53,0,53,0,6,258,6,270,0,6,311,6,323,48,0,48,371
10/13/2006,SAC,CA,AWP,WE,Federal Contract Tower,0,0,45,0,45,0,2,231,0,233,0,2,276,0,278,18,0,18,296
10/14/2006,SAC,CA,AWP,WE,Federal Contract Tower,0,0,62,0,62,0,2,335,0,337,0,2,397,0,399,64,0,64,463
10/15/2006,SAC,CA,AWP,WE,Federal Contract Tower,0,0,47,0,47,0,10,75,0,85,0,10,122,0,132,52,0,52,184
10/16/2006,SAC,CA,AWP,WE,Federal Contract Tower,0,2,58,0,60,0,4,175,0,179,0,6,233,0,239,56,0,56,295
10/17/2006,SAC,CA,AWP,WE,Federal Contract Tower,0,2,42,0,44,0,4,297,0,301,0,6,339,0,345,46,0,46,391
10/18/2006,SAC,CA,AWP,WE,Federal Contract Tower,0,0,57,0,57,0,6,245,0,251,0,6,302,0,308,63,0,63,371
10/19/2006,SAC,CA,AWP,WE,Federal Contract Tower,0,4,0,0,4,0,0,232,0,232,0,4,232,0,236,33,0,33,269
10/20/2006,SAC,CA,AWP,WE,Federal Contract Tower,0,0,44,1,45,0,11,267,0,278,0,11,311,1,323,19,0,19,342
10/21/2006,SAC,CA,AWP,WE,Federal Contract Tower,0,0,56,0,56,0,2,191,0,193,0,2,247,0,249,48,0,48,297
10/22/2006,SAC,CA,AWP,WE,Federal Contract Tower,0,0,34,0,34,0,0,218,0,218,0,0,252,0,252,30,0,30,282
10/23/2006,SAC,CA,AWP,WE,Federal Contract Tower,0,1,74,0,75,0,7,232,4,243,0,8,306,4,318,67,0,67,385
10/24/2006,SAC,CA,AWP,WE,Federal Contract Tower,0,10,65,0,75,0,4,288,0,292,0,14,353,0,367,60,0,60,427
10/25/2006,SAC,CA,AWP,WE,Federal Contract Tower,0,2,11,0,13,0,8,91,0,99,0,10,102,0,112,4,0,4,116
10/26/2006,SAC,CA,AWP,WE,Federal Contract Tower,0,4,62,0,66,0,9,286,1,296,0,13,348,1,362,58,0,58,420
10/27/2006,SAC,CA,AWP,WE,Federal Contract Tower,0,0,59,0,59,0,8,281,0,289,0,8,340,0,348,46,0,46,394
10/28/2006,SAC,CA,AWP,WE,Federal Contract Tower,0,0,45,0,45,0,8,189,0,197,0,8,234,0,242,69,0,69,311
10/29/2006,SAC,CA,AWP,WE,Federal Contract Tower,0,1,28,0,29,0,2,246,0,248,0,3,274,0,277,72,0,72,349
10/30/2006,SAC,CA,AWP,WE,Federal Contract Tower,0,5,55,0,60,0,7,239,2,248,0,12,294,2,308,38,0,38,346
10/31/2006,SAC,CA,AWP,WE,Federal Contract Tower,0,0,46,0,46,0,8,259,0,267,0,8,305,0,313,42,0,42,355
11/01/2006,SAC,CA,AWP,WE,Federal Contract Tower,0,0,54,0,54,0,6,283,0,289,0,6,337,0,343,49,0,49,392
11/02/2006,SAC,CA,AWP,WE,Federal Contract Tower,0,2,32,0,34,0,0,98,0,98,0,2,130,0,132,0,0,0,132
11/03/2006,SAC,CA,AWP,WE,Federal Contract Tower,0,0,41,0,41,0,1,135,2,138,0,1,176,2,179,80,0,80,259
11/04/2006,SAC,CA,AWP,WE,Federal Contract Tower,0,0,29,0,29,0,0,108,0,108,0,0,137,0,137,27,0,27,164
11/05/2006,SAC,CA,AWP,WE,Federal Contract Tower,0,2,71,0,73,0,0,145,0,145,0,2,216,0,218,63,0,63,281
11/06/2006,SAC,CA,AWP,WE,Federal Contract Tower,0,7,56,1,64,0,4,189,1,194,0,11,245,2,258,36,0,36,294
11/07/2006,SAC,CA,AWP,WE,Federal Contract Tower,0,0,73,0,73,0,9,284,0,293,0,9,357,0,366,66,0,66,432
11/08/2006,SAC,CA,AWP,WE,Federal Contract Tower,0,0,57,0,57,0,8,269,2,279,0,8,326,2,336,47,0,47,383
11/09/2006,SAC,CA,AWP,WE,Federal Contract Tower,0,0,59,0,59,0,9,258,0,267,0,9,317,0,326,38,0,38,364
11/10/2006,SAC,CA,AWP,WE,Federal Contract Tower,0,0,63,0,63,0,14,261,0,275,0,14,324,0,338,85,0,85,423
11/11/2006,SAC,CA,AWP,WE,Federal Contract Tower,0,0,99,0,99,0,0,33,0,33,0,0,132,0,132,14,0,14,146
11/12/2006,SAC,CA,AWP,WE,Federal Contract Tower,0,0,47,0,47,0,2,125,0,127,0,2,172,0,174,32,0,32,206
11/13/2006,SAC,CA,AWP,WE,Federal Contract Tower,0,8,20,0,28,0,1,49,0,50,0,9,69,0,78,0,0,0,78
11/14/2006,SAC,CA,AWP,WE,Federal Contract Tower,0,10,82,0,92,0,4,159,0,163,0,14,241,0,255,86,0,86,341
11/15/2006,SAC,CA,AWP,WE,Federal Contract Tower,0,0,64,0,64,0,12,243,2,257,0,12,307,2,321,27,0,27,348
11/16/2006,SAC,CA,AWP,WE,Federal Contract Tower,0,0,67,0,67,0,14,238,0,252,0,14,305,0,319,62,0,62,381
11/17/2006,SAC,CA,AWP,WE,Federal Contract Tower,0,0,47,0,47,0,7,75,0,82,0,7,122,0,129,21,0,21,150
11/18/2006,SAC,CA,AWP,WE,Federal Contract Tower,0,1,51,1,53,0,1,213,1,215,0,2,264,2,268,49,0,49,317
11/19/2006,SAC,CA,AWP,WE,Federal Contract Tower,0,1,77,0,78,0,1,72,0,73,0,2,149,0,151,20,0,20,171
11/20/2006,SAC,CA,AWP,WE,Federal Contract Tower,0,14,46,0,60,0,0,10,0,10,0,14,56,0,70,0,0,0,70
11/21/2006,SAC,CA,AWP,WE,Federal Contract Tower,0,3,24,0,27,0,7,70,0,77,0,10,94,0,104,2,0,2,106
11/22/2006,SAC,CA,AWP,WE,Federal Contract Tower,0,5,49,0,54,0,4,150,0,154,0,9,199,0,208,6,0,6,214
11/23/2006,SAC,CA,AWP,WE,Federal Contract Tower,0,0,6,0,6,0,6,47,0,53,0,6,53,0,59,0,0,0,59
11/24/2006,SAC,CA,AWP,WE,Federal Contract Tower,0,0,77,0,77,0,12,258,0,270,0,12,335,0,347,83,0,83,430
11/25/2006,SAC,CA,AWP,WE,Federal Contract Tower,0,0,57,0,57,0,8,240,0,248,0,8,297,0,305,62,0,62,367
11/26/2006,SAC,CA,AWP,WE,Federal Contract Tower,0,4,0,0,4,0,0,89,0,89,0,4,89,0,93,0,0,0,93
11/27/2006,SAC,CA,AWP,WE,Federal Contract Tower,0,0,25,0,25,0,8,120,0,128,0,8,145,0,153,6,0,6,159
11/28/2006,SAC,CA,AWP,WE,Federal Contract Tower,0,4,65,0,69,0,10,226,0,236,0,14,291,0,305,64,0,64,369
11/29/2006,SAC,CA,AWP,WE,Federal Contract Tower,0,0,37,0,37,0,10,221,0,231,0,10,258,0,268,71,0,71,339
11/30/2006,SAC,CA,AWP,WE,Federal Contract Tower,0,5,55,0,60,0,5,304,0,309,0,10,359,0,369,44,0,44,413
12/01/2006,SAC,CA,AWP,WE,Federal Contract Tower,0,0,42,0,42,0,5,296,0,301,0,5,338,0,343,71,0,71,414
12/02/2006,SAC,CA,AWP,WE,Federal Contract Tower,0,0,53,0,53,0,8,243,0,251,0,8,296,0,304,85,0,85,389
12/03/2006,SAC,CA,AWP,WE,Federal Contract Tower,0,0,47,0,47,0,10,205,2,217,0,10,252,2,264,53,0,53,317
12/04/2006,SAC,CA,AWP,WE,Federal Contract Tower,0,3,53,0,56,0,9,221,2,232,0,12,274,2,288,75,0,75,363
12/05/2006,SAC,CA,AWP,WE,Federal Contract Tower,0,5,37,0,42,0,9,277,0,286,0,14,314,0,328,54,0,54,382
12/06/2006,SAC,CA,AWP,WE,Federal Contract Tower,0,3,54,0,57,0,7,242,0,249,0,10,296,0,306,58,0,58,364
12/07/2006,SAC,CA,AWP,WE,Federal Contract Tower,0,5,49,0,54,0,7,375,0,382,0,12,424,0,436,45,0,45,481
12/08/2006,SAC,CA,AWP,WE,Federal Contract Tower,0,4,19,0,23,0,0,127,0,127,0,4,146,0,150,16,0,16,166
12/09/2006,SAC,CA,AWP,WE,Federal Contract Tower,0,0,37,0,37,0,2,80,0,82,0,2,117,0,119,48,0,48,167
12/10/2006,SAC,CA,AWP,WE,Federal Contract Tower,0,0,43,0,43,0,0,63,0,63,0,0,106,0,106,31,0,31,137
12/11/2006,SAC,CA,AWP,WE,Federal Contract Tower,0,2,35,0,37,0,5,120,0,125,0,7,155,0,162,33,0,33,195
12/12/2006,SAC,CA,AWP,WE,Federal Contract Tower,0,9,47,0,56,0,0,29,0,29,0,9,76,0,85,14,0,14,99
12/13/2006,SAC,CA,AWP,WE,Federal Contract Tower,0,10,31,0,41,0,1,81,0,82,0,11,112,0,123,48,0,48,171
12/14/2006,SAC,CA,AWP,WE,Federal Contract Tower,0,4,59,0,63,0,5,90,0,95,0,9,149,0,158,82,0,82,240
12/15/2006,SAC,CA,AWP,WE,Federal Contract Tower,0,0,48,0,48,0,5,88,0,93,0,5,136,0,141,0,0,0,141
12/16/2006,SAC,CA,AWP,WE,Federal Contract Tower,0,0,59,0,59,0,6,117,0,123,0,6,176,0,182,55,0,55,237
12/17/2006,SAC,CA,AWP,WE,Federal Contract Tower,0,1,61,0,62,0,6,242,0,248,0,7,303,0,310,41,0,41,351
12/18/2006,SAC,CA,AWP,WE,Federal Contract Tower,0,1,48,0,49,0,5,179,2,186,0,6,227,2,235,30,0,30,265
12/19/2006,SAC,CA,AWP,WE,Federal Contract Tower,0,3,49,0,52,0,7,248,0,255,0,10,297,0,307,52,0,52,359
12/20/2006,SAC,CA,AWP,WE,Federal Contract Tower,0,4,48,0,52,0,2,196,2,200,0,6,244,2,252,50,0,50,302
12/21/2006,SAC,CA,AWP,WE,Federal Contract Tower,0,6,36,0,42,0,1,41,3,45,0,7,77,3,87,61,0,61,148
12/22/2006,SAC,CA,AWP,WE,Federal Contract Tower,0,5,30,1,36,0,0,197,3,200,0,5,227,4,236,48,0,48,284
12/23/2006,SAC,CA,AWP,WE,Federal Contract Tower,0,0,37,0,37,0,0,102,2,104,0,0,139,2,141,19,0,19,160
12/24/2006,SAC,CA,AWP,WE,Federal Contract Tower,0,1,15,0,16,0,0,25,0,25,0,1,40,0,41,0,0,0,41
12/25/2006,SAC,CA,AWP,WE,Federal Contract Tower,0,1,10,0,11,0,7,10,0,17,0,8,20,0,28,5,0,5,33
12/26/2006,SAC,CA,AWP,WE,Federal Contract Tower,0,8,6,0,14,0,1,8,0,9,0,9,14,0,23,2,0,2,25
12/27/2006,SAC,CA,AWP,WE,Federal Contract Tower,0,4,19,0,23,0,4,28,0,32,0,8,47,0,55,0,0,0,55
12/28/2006,SAC,CA,AWP,WE,Federal Contract Tower,0,3,18,0,21,0,8,70,0,78,0,11,88,0,99,16,0,16,115
12/29/2006,SAC,CA,AWP,WE,Federal Contract Tower,0,0,35,0,35,0,3,208,0,211,0,3,243,0,246,30,0,30,276
12/30/2006,SAC,CA,AWP,WE,Federal Contract Tower,0,0,56,0,56,0,8,220,0,228,0,8,276,0,284,54,0,54,338
12/31/2006,SAC,CA,AWP,WE,Federal Contract Tower,0,2,23,0,25,0,1,58,0,59,0,3,81,0,84,36,0,36,120
01/01/2007,SAC,CA,AWP,WE,Federal Contract Tower,0,0,15,0,15,0,1,108,3,112,0,1,123,3,127,16,0,16,143
01/02/2007,SAC,CA,AWP,WE,Federal Contract Tower,0,6,19,0,25,0,6,62,0,68,0,12,81,0,93,12,1,13,106
01/03/2007,SAC,CA,AWP,WE,Federal Contract Tower,0,6,24,0,30,0,5,107,0,112,0,11,131,0,142,16,0,16,158
01/04/2007,SAC,CA,AWP,WE,Federal Contract Tower,0,3,34,0,37,0,7,67,0,74,0,10,101,0,111,15,0,15,126
01/05/2007,SAC,CA,AWP,WE,Federal Contract Tower,0,9,36,1,46,0,6,149,0,155,0,15,185,1,201,15,0,15,216
01/06/2007,SAC,CA,AWP,WE,Federal Contract Tower,0,0,44,0,44,0,10,224,0,234,0,10,268,0,278,56,0,56,334
01/07/2007,SAC,CA,AWP,WE,Federal Contract Tower,0,0,54,0,54,0,6,196,0,202,0,6,250,0,256,72,0,72,328
01/08/2007,SAC,CA,AWP,WE,Federal Contract Tower,0,0,40,0,40,0,3,189,0,192,0,3,229,0,232,36,0,36,268
01/09/2007,SAC,CA,AWP,WE,Federal Contract Tower,0,4,54,0,58,0,7,272,0,279,0,11,326,0,337,82,0,82,419
01/10/2007,SAC,CA,AWP,WE,Federal Contract Tower,0,4,36,0,40,0,10,159,0,169,0,14,195,0,209,32,0,32,241
01/11/2007,SAC,CA,AWP,WE,Federal Contract Tower,0,1,35,0,36,0,0,150,2,152,0,1,185,2,188,20,0,20,208
01/12/2007,SAC,CA,AWP,WE,Federal Contract Tower,0,1,16,1,18,0,4,87,0,91,0,5,103,1,109,5,0,5,114
01/13/2007,SAC,CA,AWP,WE,Federal Contract Tower,0,0,53,0,53,0,8,242,0,250,0,8,295,0,303,56,0,56,359
01/14/2007,SAC,CA,AWP,WE,Federal Contract Tower,0,0,38,0,38,0,0,160,0,160,0,0,198,0,198,34,0,34,232
01/15/2007,SAC,CA,AWP,WE,Federal Contract Tower,0,0,49,0,49,0,0,174,0,174,0,0,223,0,223,33,0,33,256
01/16/2007,SAC,CA,AWP,WE,Federal Contract Tower,0,6,56,0,62,0,11,209,1,221,0,17,265,1,283,28,0,28,311
01/17/2007,SAC,CA,AWP,WE,Federal Contract Tower,0,4,28,0,32,0,10,197,0,207,0,14,225,0,239,22,0,22,261
01/18/2007,SAC,CA,AWP,WE,Federal Contract Tower,0,4,43,0,47,0,2,214,4,220,0,6,257,4,267,32,0,32,299
01/19/2007,SAC,CA,AWP,WE,Federal Contract Tower,0,0,32,1,33,0,2,158,0,160,0,2,190,1,193,3,0,3,196
01/20/2007,SAC,CA,AWP,WE,Federal Contract Tower,0,0,41,0,41,0,4,222,4,230,0,4,263,4,271,52,0,52,323
01/21/2007,SAC,CA,AWP,WE,Federal Contract Tower,0,1,11,0,12,0,3,74,0,77,0,4,85,0,89,6,0,6,95
01/22/2007,SAC,CA,AWP,WE,Federal Contract Tower,0,0,63,0,63,0,10,171,2,183,0,10,234,2,246,53,0,53,299
01/23/2007,SAC,CA,AWP,WE,Federal Contract Tower,0,0,54,0,54,0,4,266,2,272,0,4,320,2,326,69,0,69,395
01/24/2007,SAC,CA,AWP,WE,Federal Contract Tower,0,2,52,0,54,0,9,267,0,276,0,11,319,0,330,44,0,44,374
01/25/2007,SAC,CA,AWP,WE,Federal Contract Tower,0,3,36,0,39,0,9,191,0,200,0,12,227,0,239,24,0,24,263
01/26/2007,SAC,CA,AWP,WE,Federal Contract Tower,0,4,25,0,29,0,8,136,0,144,0,12,161,0,173,30,0,30,203
01/27/2007,SAC,CA,AWP,WE,Federal Contract Tower,0,0,48,0,48,0,10,189,0,199,0,10,237,0,247,61,0,61,308
01/28/2007,SAC,CA,AWP,WE,Federal Contract Tower,0,0,39,0,39,0,0,92,0,92,0,0,131,0,131,42,0,42,173
01/29/2007,SAC,CA,AWP,WE,Federal Contract Tower,0,0,15,0,15,0,14,180,1,195,0,14,195,1,210,57,0,57,267
01/30/2007,SAC,CA,AWP,WE,Federal Contract Tower,0,6,42,1,49,0,10,201,0,211,0,16,243,1,260,46,10,56,316
01/31/2007,SAC,CA,AWP,WE,Federal Contract Tower,0,7,35,0,42,0,5,59,0,64,0,12,94,0,106,14,0,14,120
02/01/2007,SAC,CA,AWP,WE,Federal Contract Tower,0,8,94,0,102,0,0,48,0,48,0,8,142,0,150,10,0,10,160
02/02/2007,SAC,CA,AWP,WE,Federal Contract Tower,0,3,51,0,54,0,3,141,0,144,0,6,192,0,198,34,0,34,232
02/03/2007,SAC,CA,AWP,WE,Federal Contract Tower,0,0,46,0,46,0,10,251,0,261,0,10,297,0,307,62,0,62,369
02/04/2007,SAC,CA,AWP,WE,Federal Contract Tower,0,1,34,0,35,0,9,149,0,158,0,10,183,0,193,44,0,44,237
02/05/2007,SAC,CA,AWP,WE,Federal Contract Tower,0,0,32,0,32,0,14,170,3,187,0,14,202,3,219,70,0,70,289
02/06/2007,SAC,CA,AWP,WE,Federal Contract Tower,0,4,48,0,52,0,6,220,0,226,0,10,268,0,278,36,0,36,314
02/07/2007,SAC,CA,AWP,WE,Federal Contract Tower,0,11,26,0,37,0,0,99,0,99,0,11,125,0,136,30,0,30,166
02/08/2007,SAC,CA,AWP,WE,Federal Contract Tower,0,5,50,0,55,0,0,13,0,13,0,5,63,0,68,0,0,0,68
02/09/2007,SAC,CA,AWP,WE,Federal Contract Tower,0,9,50,0,59,0,0,9,0,9,0,9,59,0,68,0,0,0,68
02/10/2007,SAC,CA,AWP,WE,Federal Contract Tower,0,0,43,0,43,0,2,67,0,69,0,2,110,0,112,5,0,5,117
02/11/2007,SAC,CA,AWP,WE,Federal Contract Tower,0,1,26,0,27,0,2,102,0,104,0,3,128,0,131,33,0,33,164
02/12/2007,SAC,CA,AWP,WE,Federal Contract Tower,0,0,28,0,28,0,4,126,0,130,0,4,154,0,158,65,0,65,223
02/13/2007,SAC,CA,AWP,WE,Federal Contract Tower,0,0,47,0,47,0,5,138,0,143,0,5,185,0,190,17,0,17,207
02/14/2007,SAC,CA,AWP,WE,Federal Contract Tower,0,3,31,1,35,0,9,166,1,176,0,12,197,2,211,40,0,40,251
02/15/2007,SAC,CA,AWP,WE,Federal Contract Tower,0,6,40,2,48,0,12,199,2,213,0,18,239,4,261,30,0,30,291
02/16/2007,SAC,CA,AWP,WE,Federal Contract Tower,0,5,32,0,37,0,8,226,2,236,0,13,258,2,273,38,0,38,311
02/17/2007,SAC,CA,AWP,WE,Federal Contract Tower,0,0,42,0,42,0,6,220,0,226,0,6,262,0,268,51,0,51,319
02/18/2007,SAC,CA,AWP,WE,Federal Contract Tower,0,0,35,0,35,0,0,81,0,81,0,0,116,0,116,27,0,27,143
02/19/2007,SAC,CA,AWP,WE,Federal Contract Tower,0,0,35,0,35,0,1,77,0,78,0,1,112,0,113,6,0,6,119
02/20/2007,SAC,CA,AWP,WE,Federal Contract Tower,0,1,36,0,37,0,8,169,2,179,0,9,205,2,216,37,0,37,253
02/21/2007,SAC,CA,AWP,WE,Federal Contract Tower,0,2,33,0,35,0,6,123,0,129,0,8,156,0,164,46,0,46,210
02/22/2007,SAC,CA,AWP,WE,Federal Contract Tower,0,10,36,3,49,0,0,42,9,51,0,10,78,12,100,19,0,19,119
02/23/2007,SAC,CA,AWP,WE,Federal Contract Tower,0,3,21,0,24,0,2,211,0,213,0,5,232,0,237,32,0,32,269
02/24/2007,SAC,CA,AWP,WE,Federal Contract Tower,0,0,39,0,39,0,4,126,0,130,0,4,165,0,169,34,0,34,203
02/25/2007,SAC,CA,AWP,WE,Federal Contract Tower,0,1,28,0,29,0,9,62,0,71,0,10,90,0,100,0,0,0,100
02/26/2007,SAC,CA,AWP,WE,Federal Contract Tower,0,0,27,0,27,0,1,50,0,51,0,1,77,0,78,0,0,0,78
02/27/2007,SAC,CA,AWP,WE,Federal Contract Tower,0,1,32,0,33,0,5,82,0,87,0,6,114,0,120,19,0,19,139
02/28/2007,SAC,CA,AWP,WE,Federal Contract Tower,0,4,30,1,35,0,8,161,1,170,0,12,191,2,205,31,0,31,236
03/01/2007,SAC,CA,AWP,WE,Federal Contract Tower,0,8,35,2,45,0,4,183,2,189,0,12,218,4,234,69,0,69,303
03/02/2007,SAC,CA,AWP,WE,Federal Contract Tower,0,3,30,0,33,0,4,157,2,163,0,7,187,2,196,31,0,31,227
03/03/2007,SAC,CA,AWP,WE,Federal Contract Tower,0,0,39,0,39,0,8,254,0,262,0,8,293,0,301,74,0,74,375
03/04/2007,SAC,CA,AWP,WE,Federal Contract Tower,0,5,0,0,5,0,0,217,0,217,0,5,217,0,222,52,0,52,274
03/05/2007,SAC,CA,AWP,WE,Federal Contract Tower,0,0,42,0,42,0,11,213,1,225,0,11,255,1,267,89,0,89,356
03/06/2007,SAC,CA,AWP,WE,Federal Contract Tower,0,0,50,0,50,0,13,254,0,267,0,13,304,0,317,76,0,76,393
03/07/2007,SAC,CA,AWP,WE,Federal Contract Tower,0,5,21,0,26,0,3,138,0,141,0,8,159,0,167,16,0,16,183
03/08/2007,SAC,CA,AWP,WE,Federal Contract Tower,0,5,30,2,37,0,4,163,1,168,0,9,193,3,205,35,0,35,240
03/09/2007,SAC,CA,AWP,WE,Federal Contract Tower,0,2,30,0,32,0,2,183,2,187,0,4,213,2,219,27,0,27,246
03/10/2007,SAC,CA,AWP,WE,Federal Contract Tower,0,0,36,0,36,0,6,237,0,243,0,6,273,0,279,52,0,52,331
03/11/2007,SAC,CA,AWP,WE,Federal Contract Tower,0,1,40,0,41,0,10,98,0,108,0,11,138,0,149,31,0,31,180
03/12/2007,SAC,CA,AWP,WE,Federal Contract Tower,0,0,31,0,31,0,3,193,2,198,0,3,224,2,229,35,0,35,264
03/13/2007,SAC,CA,AWP,WE,Federal Contract Tower,0,0,36,0,36,0,11,259,4,274,0,11,295,4,310,34,0,34,344
03/14/2007,SAC,CA,AWP,WE,Federal Contract Tower,0,3,18,0,21,0,6,245,2,253,0,9,263,2,274,70,0,70,344
03/15/2007,SAC,CA,AWP,WE,Federal Contract Tower,0,3,31,0,34,0,9,213,0,222,0,12,244,0,256,77,0,77,333
03/16/2007,SAC,CA,AWP,WE,Federal Contract Tower,0,0,28,0,28,0,5,225,0,230,0,5,253,0,258,38,0,38,296
03/17/2007,SAC,CA,AWP,WE,Federal Contract Tower,0,0,43,0,43,0,4,225,0,229,0,4,268,0,272,48,0,48,320
03/18/2007,SAC,CA,AWP,WE,Federal Contract Tower,0,0,39,0,39,0,7,114,2,123,0,7,153,2,162,34,0,34,196
03/19/2007,SAC,CA,AWP,WE,Federal Contract Tower,0,0,33,0,33,0,10,172,0,182,0,10,205,0,215,46,0,46,261
03/20/2007,SAC,CA,AWP,WE,Federal Contract Tower,0,2,23,0,25,0,8,88,0,96,0,10,111,0,121,22,0,22,143
03/21/2007,SAC,CA,AWP,WE,Federal Contract Tower,0,3,37,2,42,0,7,155,2,164,0,10,192,4,206,40,0,40,246
03/22/2007,SAC,CA,AWP,WE,Federal Contract Tower,0,4,32,0,36,0,10,226,0,236,0,14,258,0,272,52,0,52,324
03/23/2007,SAC,CA,AWP,WE,Federal Contract Tower,0,2,44,0,46,0,8,202,4,214,0,10,246,4,260,28,0,28,288
03/24/2007,SAC,CA,AWP,WE,Federal Contract Tower,0,0,39,0,39,0,6,252,0,258,0,6,291,0,297,32,0,32,329
03/25/2007,SAC,CA,AWP,WE,Federal Contract Tower,0,0,30,0,30,0,6,139,5,150,0,6,169,5,180,53,0,53,233
03/26/2007,SAC,CA,AWP,WE,Federal Contract Tower,0,0,32,0,32,0,7,69,0,76,0,7,101,0,108,32,0,32,140
03/27/2007,SAC,CA,AWP,WE,Federal Contract Tower,0,1,33,1,35,0,11,169,0,180,0,12,202,1,215,59,0,59,274
03/28/2007,SAC,CA,AWP,WE,Federal Contract Tower,0,3,21,0,24,0,8,149,0,157,0,11,170,0,181,18,0,18,199
03/29/2007,SAC,CA,AWP,WE,Federal Contract Tower,0,5,33,1,39,0,5,209,0,214,0,10,242,1,253,13,0,13,266
03/30/2007,SAC,CA,AWP,WE,Federal Contract Tower,0,2,17,0,19,0,1,193,5,199,0,3,210,5,218,44,2,46,264
03/31/2007,SAC,CA,AWP,WE,Federal Contract Tower,0,0,28,0,28,0,6,206,0,212,0,6,234,0,240,43,0,43,283
04/01/2007,SAC,CA,AWP,WE,Federal Contract Tower,0,0,30,0,30,0,12,191,1,204,0,12,221,1,234,28,0,28,262
04/02/2007,SAC,CA,AWP,WE,Federal Contract Tower,0,0,44,0,44,0,8,159,0,167,0,8,203,0,211,33,0,33,244
04/03/2007,SAC,CA,AWP,WE,Federal Contract Tower,0,0,32,0,32,0,10,194,1,205,0,10,226,1,237,55,0,55,292
04/04/2007,SAC,CA,AWP,WE,Federal Contract Tower,0,4,45,5,54,0,10,243,7,260,0,14,288,12,314,48,0,48,362
04/05/2007,SAC,CA,AWP,WE,Federal Contract Tower,0,2,33,0,35,0,7,134,2,143,0,9,167,2,178,23,0,23,201
04/06/2007,SAC,CA,AWP,WE,Federal Contract Tower,0,2,32,0,34,0,1,174,0,175,0,3,206,0,209,12,0,12,221
04/07/2007,SAC,CA,AWP,WE,Federal Contract Tower,0,0,38,0,38,0,6,150,0,156,0,6,188,0,194,43,0,43,237
04/08/2007,SAC,CA,AWP,WE,Federal Contract Tower,0,0,14,0,14,0,0,112,0,112,0,0,126,0,126,22,0,22,148
04/09/2007,SAC,CA,AWP,WE,Federal Contract Tower,0,0,29,0,29,0,11,202,1,214,0,11,231,1,243,42,0,42,285
04/10/2007,SAC,CA,AWP,WE,Federal Contract Tower,0,0,58,0,58,0,12,226,9,247,0,12,284,9,305,34,0,34,339
04/11/2007,SAC,CA,AWP,WE,Federal Contract Tower,0,2,51,0,53,0,6,42,0,48,0,8,93,0,101,15,0,15,116
04/12/2007,SAC,CA,AWP,WE,Federal Contract Tower,0,2,26,0,28,0,7,123,4,134,0,9,149,4,162,19,0,19,181
04/13/2007,SAC,CA,AWP,WE,Federal Contract Tower,0,1,28,0,29,0,10,190,0,200,0,11,218,0,229,52,0,52,281
04/14/2007,SAC,CA,AWP,WE,Federal Contract Tower,0,0,41,0,41,0,4,82,0,86,0,4,123,0,127,26,0,26,153
04/15/2007,SAC,CA,AWP,WE,Federal Contract Tower,0,0,29,0,29,0,8,127,0,135,0,8,156,0,164,12,0,12,176
04/16/2007,SAC,CA,AWP,WE,Federal Contract Tower,0,0,25,0,25,0,6,206,0,212,0,6,231,0,237,60,0,60,297
04/17/2007,SAC,CA,AWP,WE,Federal Contract Tower,0,0,35,0,35,0,11,157,3,171,0,11,192,3,206,6,0,6,212
04/18/2007,SAC,CA,AWP,WE,Federal Contract Tower,0,3,47,0,50,0,8,181,2,191,0,11,228,2,241,48,0,48,289
04/19/2007,SAC,CA,AWP,WE,Federal Contract Tower,0,7,34,4,45,0,7,197,0,204,0,14,231,4,249,31,0,31,280
04/20/2007,SAC,CA,AWP,WE,Federal Contract Tower,0,0,18,0,18,0,8,194,0,202,0,8,212,0,220,44,0,44,264
04/21/2007,SAC,CA,AWP,WE,Federal Contract Tower,0,0,43,0,43,0,4,172,0,176,0,4,215,0,219,58,0,58,277
04/22/2007,SAC,CA,AWP,WE,Federal Contract Tower,0,0,40,0,40,0,10,165,0,175,0,10,205,0,215,75,0,75,290
04/23/2007,SAC,CA,AWP,WE,Federal Contract Tower,0,0,52,0,52,0,10,195,4,209,0,10,247,4,261,33,0,33,294
04/24/2007,SAC,CA,AWP,WE,Federal Contract Tower,0,0,44,1,45,0,5,226,1,232,0,5,270,2,277,38,0,38,315
04/25/2007,SAC,CA,AWP,WE,Federal Contract Tower,0,3,35,0,38,0,8,175,0,183,0,11,210,0,221,72,0,72,293
04/26/2007,SAC,CA,AWP,WE,Federal Contract Tower,0,2,44,0,46,0,10,211,0,221,0,12,255,0,267,40,0,40,307
04/27/2007,SAC,CA,AWP,WE,Federal Contract Tower,0,7,35,0,42,0,9,221,2,232,0,16,256,2,274,36,0,36,310
04/28/2007,SAC,CA,AWP,WE,Federal Contract Tower,0,0,55,0,55,0,8,268,2,278,0,8,323,2,333,44,0,44,377
04/29/2007,SAC,CA,AWP,WE,Federal Contract Tower,0,5,0,0,5,0,0,256,0,256,0,5,256,0,261,46,0,46,307
04/30/2007,SAC,CA,AWP,WE,Federal Contract Tower,0,0,57,0,57,0,12,235,8,255,0,12,292,8,312,76,0,76,388
05/01/2007,SAC,CA,AWP,WE,Federal Contract Tower,0,0,49,0,49,0,12,245,1,258,0,12,294,1,307,35,1,36,343
05/02/2007,SAC,CA,AWP,WE,Federal Contract Tower,0,2,43,0,45,0,12,103,0,115,0,14,146,0,160,24,0,24,184
05/03/2007,SAC,CA,AWP,WE,Federal Contract Tower,0,9,36,0,45,0,4,195,4,203,0,13,231,4,248,25,0,25,273
05/04/2007,SAC,CA,AWP,WE,Federal Contract Tower,0,2,52,0,54,0,0,39,0,39,0,2,91,0,93,14,0,14,107
05/05/2007,SAC,CA,AWP,WE,Federal Contract Tower,0,0,0,0,0,0,4,0,171,175,0,4,0,171,175,32,0,32,207
05/06/2007,SAC,CA,AWP,WE,Federal Contract Tower,0,0,27,0,27,0,8,139,0,147,0,8,166,0,174,28,0,28,202
05/07/2007,SAC,CA,AWP,WE,Federal Contract Tower,0,0,47,0,47,0,18,260,4,282,0,18,307,4,329,38,0,38,367
05/08/2007,SAC,CA,AWP,WE,Federal Contract Tower,0,0,27,0,27,0,3,288,4,295,0,3,315,4,322,49,0,49,371
05/09/2007,SAC,CA,AWP,WE,Federal Contract Tower,0,0,54,0,54,0,6,230,0,236,0,6,284,0,290,70,0,70,360
05/10/2007,SAC,CA,AWP,WE,Federal Contract Tower,0,0,27,0,27,0,9,203,0,212,0,9,230,0,239,33,0,33,272
05/11/2007,SAC,CA,AWP,WE,Federal Contract Tower,0,2,35,0,37,0,5,247,0,252,0,7,282,0,289,26,0,26,315
05/12/2007,SAC,CA,AWP,WE,Federal Contract Tower,0,0,16,0,16,0,12,226,0,238,0,12,242,0,254,32,0,32,286
05/13/2007,SAC,CA,AWP,WE,Federal Contract Tower,0,0,24,0,24,0,6,221,0,227,0,6,245,0,251,39,0,39,290
05/14/2007,SAC,CA,AWP,WE,Federal Contract Tower,0,2,36,0,38,0,14,250,0,264,0,16,286,0,302,65,0,65,367
05/15/2007,SAC,CA,AWP,WE,Federal Contract Tower,0,0,59,0,59,0,22,295,10,327,0,22,354,10,386,120,0,120,506
05/16/2007,SAC,CA,AWP,WE,Federal Contract Tower,0,0,44,0,44,0,15,259,0,274,0,15,303,0,318,42,0,42,360
05/17/2007,SAC,CA,AWP,WE,Federal Contract Tower,0,2,19,0,21,0,10,276,5,291,0,12,295,5,312,74,0,74,386
05/18/2007,SAC,CA,AWP,WE,Federal Contract Tower,0,1,36,0,37,0,4,247,0,251,0,5,283,0,288,41,0,41,329
05/19/2007,SAC,CA,AWP,WE,Federal Contract Tower,0,0,35,0,35,0,1,312,2,315,0,1,347,2,350,103,0,103,453
05/20/2007,SAC,CA,AWP,WE,Federal Contract Tower,0,0,42,0,42,0,11,185,0,196,0,11,227,0,238,49,0,49,287
05/21/2007,SAC,CA,AWP,WE,Federal Contract Tower,0,0,27,0,27,0,5,216,4,225,0,5,243,4,252,60,0,60,312
05/22/2007,SAC,CA,AWP,WE,Federal Contract Tower,0,0,45,0,45,0,10,262,0,272,0,10,307,0,317,50,0,50,367
05/23/2007,SAC,CA,AWP,WE,Federal Contract Tower,0,0,43,0,43,0,10,291,0,301,0,10,334,0,344,50,0,50,394
05/24/2007,SAC,CA,AWP,WE,Federal Contract Tower,0,0,38,0,38,0,7,257,2,266,0,7,295,2,304,71,0,71,375
05/25/2007,SAC,CA,AWP,WE,Federal Contract Tower,0,2,44,0,46,0,2,298,2,302,0,4,342,2,348,60,0,60,408
05/26/2007,SAC,CA,AWP,WE,Federal Contract Tower,0,0,41,0,41,0,7,222,0,229,0,7,263,0,270,110,0,110,380
05/27/2007,SAC,CA,AWP,WE,Federal Contract Tower,0,0,36,0,36,0,5,86,0,91,0,5,122,0,127,52,0,52,179
05/28/2007,SAC,CA,AWP,WE,Federal Contract Tower,0,0,49,0,49,0,10,232,0,242,0,10,281,0,291,46,0,46,337
05/29/2007,SAC,CA,AWP,WE,Federal Contract Tower,0,1,36,0,37,0,4,166,6,176,0,5,202,6,213,40,0,40,253
05/30/2007,SAC,CA,AWP,WE,Federal Contract Tower,0,6,38,0,44,0,6,234,0,240,0,12,272,0,284,85,0,85,369
05/31/2007,SAC,CA,AWP,WE,Federal Contract Tower,0,5,54,0,59,0,5,200,0,205,0,10,254,0,264,56,0,56,320
06/01/2007,SAC,CA,AWP,WE,Federal Contract Tower,0,0,24,0,24,0,8,203,4,215,0,8,227,4,239,84,0,84,323
06/02/2007,SAC,CA,AWP,WE,Federal Contract Tower,0,0,51,0,51,0,5,170,1,176,0,5,221,1,227,47,0,47,274
06/03/2007,SAC,CA,AWP,WE,Federal Contract Tower,0,0,14,0,14,0,10,190,2,202,0,10,204,2,216,66,0,66,282
06/04/2007,SAC,CA,AWP,WE,Federal Contract Tower,0,0,42,0,42,0,6,259,6,271,0,6,301,6,313,57,0,57,370
06/05/2007,SAC,CA,AWP,WE,Federal Contract Tower,0,2,34,0,36,0,5,118,0,123,0,7,152,0,159,38,0,38,197
06/06/2007,SAC,CA,AWP,WE,Federal Contract Tower,0,6,35,0,41,0,9,153,0,162,0,15,188,0,203,44,0,44,247
06/07/2007,SAC,CA,AWP,WE,Federal Contract Tower,0,7,62,0,69,0,7,309,0,316,0,14,371,0,385,98,0,98,483
06/08/2007,SAC,CA,AWP,WE,Federal Contract Tower,0,5,44,0,49,0,10,211,1,222,0,15,255,1,271,68,0,68,339
06/09/2007,SAC,CA,AWP,WE,Federal Contract Tower,0,2,49,1,52,0,14,235,0,249,0,16,284,1,301,98,0,98,399
06/10/2007,SAC,CA,AWP,WE,Federal Contract Tower,0,0,37,0,37,0,8,164,0,172,0,8,201,0,209,42,0,42,251
06/11/2007,SAC,CA,AWP,WE,Federal Contract Tower,0,0,55,0,55,0,12,253,6,271,0,12,308,6,326,92,0,92,418
06/12/2007,SAC,CA,AWP,WE,Federal Contract Tower,0,2,47,0,49,0,10,234,0,244,0,12,281,0,293,36,0,36,329
06/13/2007,SAC,CA,AWP,WE,Federal Contract Tower,0,1,39,0,40,0,9,212,0,221,0,10,251,0,261,61,0,61,322
06/14/2007,SAC,CA,AWP,WE,Federal Contract Tower,0,2,29,0,31,0,8,151,2,161,0,10,180,2,192,26,0,26,218
06/15/2007,SAC,CA,AWP,WE,Federal Contract Tower,0,2,34,0,36,0,8,210,0,218,0,10,244,0,254,68,0,68,322
06/16/2007,SAC,CA,AWP,WE,Federal Contract Tower,0,0,33,0,33,0,12,224,0,236,0,12,257,0,269,54,0,54,323
06/17/2007,SAC,CA,AWP,WE,Federal Contract Tower,0,1,28,0,29,0,2,209,0,211,0,3,237,0,240,34,0,34,274
06/18/2007,SAC,CA,AWP,WE,Federal Contract Tower,0,0,36,0,36,0,5,258,2,265,0,5,294,2,301,36,0,36,337
06/19/2007,SAC,CA,AWP,WE,Federal Contract Tower,0,0,41,0,41,0,17,261,6,284,0,17,302,6,325,69,4,73,398
06/20/2007,SAC,CA,AWP,WE,Federal Contract Tower,0,0,37,0,37,0,15,281,0,296,0,15,318,0,333,45,0,45,378
06/21/2007,SAC,CA,AWP,WE,Federal Contract Tower,0,3,50,0,53,0,8,252,4,264,0,11,302,4,317,38,0,38,355
06/22/2007,SAC,CA,AWP,WE,Federal Contract Tower,0,0,31,0,31,0,7,204,0,211,0,7,235,0,242,37,0,37,279
06/23/2007,SAC,CA,AWP,WE,Federal Contract Tower,0,1,34,0,35,0,3,169,0,172,0,4,203,0,207,27,0,27,234
06/24/2007,SAC,CA,AWP,WE,Federal Contract Tower,0,1,30,0,31,0,14,204,0,218,0,15,234,0,249,60,0,60,309
06/25/2007,SAC,CA,AWP,WE,Federal Contract Tower,0,0,32,0,32,0,16,230,4,250,0,16,262,4,282,34,0,34,316
06/26/2007,SAC,CA,AWP,WE,Federal Contract Tower,0,0,29,0,29,0,18,282,7,307,0,18,311,7,336,60,0,60,396
06/27/2007,SAC,CA,AWP,WE,Federal Contract Tower,0,12,52,0,64,0,3,272,0,275,0,15,324,0,339,94,0,94,433
06/28/2007,SAC,CA,AWP,WE,Federal Contract Tower,0,7,48,0,55,0,9,211,2,222,0,16,259,2,277,85,0,85,362
06/29/2007,SAC,CA,AWP,WE,Federal Contract Tower,0,0,35,0,35,0,6,128,0,134,0,6,163,0,169,22,0,22,191
06/30/2007,SAC,CA,AWP,WE,Federal Contract Tower,0,0,34,0,34,0,12,247,0,259,0,12,281,0,293,46,0,46,339
07/01/2007,SAC,CA,AWP,WE,Federal Contract Tower,0,0,23,0,23,0,8,250,0,258,0,8,273,0,281,64,0,64,345
07/02/2007,SAC,CA,AWP,WE,Federal Contract Tower,0,1,32,0,33,0,13,181,2,196,0,14,213,2,229,101,0,101,330
07/03/2007,SAC,CA,AWP,WE,Federal Contract Tower,0,2,29,0,31,0,7,213,6,226,0,9,242,6,257,38,2,40,297
07/04/2007,SAC,CA,AWP,WE,Federal Contract Tower,0,0,14,0,14,0,1,74,0,75,0,1,88,0,89,4,0,4,93
07/05/2007,SAC,CA,AWP,WE,Federal Contract Tower,0,0,40,0,40,0,6,155,0,161,0,6,195,0,201,9,0,9,210
07/06/2007,SAC,CA,AWP,WE,Federal Contract Tower,0,1,29,0,30,0,5,144,0,149,0,6,173,0,179,34,0,34,213
07/07/2007,SAC,CA,AWP,WE,Federal Contract Tower,0,1,34,0,35,0,4,282,0,286,0,5,316,0,321,57,0,57,378
07/08/2007,SAC,CA,AWP,WE,Federal Contract Tower,0,0,20,0,20,0,6,180,0,186,0,6,200,0,206,66,0,66,272
07/09/2007,SAC,CA,AWP,WE,Federal Contract Tower,0,0,34,0,34,0,12,211,6,229,0,12,245,6,263,26,0,26,289
07/10/2007,SAC,CA,AWP,WE,Federal Contract Tower,0,0,39,0,39,0,10,222,0,232,0,10,261,0,271,54,0,54,325
07/11/2007,SAC,CA,AWP,WE,Federal Contract Tower,0,4,32,0,36,0,7,232,4,243,0,11,264,4,279,46,0,46,325
07/12/2007,SAC,CA,AWP,WE,Federal Contract Tower,0,6,48,0,54,0,4,209,2,215,0,10,257,2,269,24,0,24,293
07/13/2007,SAC,CA,AWP,WE,Federal Contract Tower,0,2,40,0,42,0,3,177,2,182,0,5,217,2,224,20,0,20,244
07/14/2007,SAC,CA,AWP,WE,Federal Contract Tower,0,0,28,0,28,0,0,131,2,133,0,0,159,2,161,26,0,26,187
07/15/2007,SAC,CA,AWP,WE,Federal Contract Tower,0,1,26,0,27,0,3,215,0,218,0,4,241,0,245,52,0,52,297
07/16/2007,SAC,CA,AWP,WE,Federal Contract Tower,0,3,34,0,37,0,3,188,1,192,0,6,222,1,229,28,0,28,257
07/17/2007,SAC,CA,AWP,WE,Federal Contract Tower,0,0,38,0,38,0,8,197,0,205,0,8,235,0,243,30,0,30,273
07/18/2007,SAC,CA,AWP,WE,Federal Contract Tower,0,4,72,0,76,0,7,167,0,174,0,11,239,0,250,32,0,32,282
07/19/2007,SAC,CA,AWP,WE,Federal Contract Tower,0,3,23,1,27,0,9,255,1,265,0,12,278,2,292,36,0,36,328
07/20/2007,SAC,CA,AWP,WE,Federal Contract Tower,0,3,30,0,33,0,5,188,0,193,0,8,218,0,226,38,0,38,264
07/21/2007,SAC,CA,AWP,WE,Federal Contract Tower,0,0,26,0,26,0,4,206,0,210,0,4,232,0,236,24,0,24,260
07/22/2007,SAC,CA,AWP,WE,Federal Contract Tower,0,0,14,0,14,0,1,119,0,120,0,1,133,0,134,34,0,34,168
07/23/2007,SAC,CA,AWP,WE,Federal Contract Tower,0,3,21,0,24,0,11,168,0,179,0,14,189,0,203,26,0,26,229
07/24/2007,SAC,CA,AWP,WE,Federal Contract Tower,0,2,25,0,27,0,4,133,2,139,0,6,158,2,166,22,0,22,188
07/25/2007,SAC,CA,AWP,WE,Federal Contract Tower,0,0,44,2,46,0,14,190,4,208,0,14,234,6,254,34,0,34,288
07/26/2007,SAC,CA,AWP,WE,Federal Contract Tower,0,1,38,0,39,0,5,229,0,234,0,6,267,0,273,25,0,25,298
07/27/2007,SAC,CA,AWP,WE,Federal Contract Tower,0,0,38,0,38,0,9,176,0,185,0,9,214,0,223,108,0,108,331
07/28/2007,SAC,CA,AWP,WE,Federal Contract Tower,0,1,17,0,18,0,1,103,0,104,0,2,120,0,122,41,0,41,163
07/29/2007,SAC,CA,AWP,WE,Federal Contract Tower,0,2,19,0,21,0,2,141,0,143,0,4,160,0,164,87,0,87,251
07/30/2007,SAC,CA,AWP,WE,Federal Contract Tower,0,0,31,0,31,0,12,195,0,207,0,12,226,0,238,68,0,68,306
07/31/2007,SAC,CA,AWP,WE,Federal Contract Tower,0,4,21,0,25,0,10,165,0,175,0,14,186,0,200,48,0,48,248
08/01/2007,SAC,CA,AWP,WE,Federal Contract Tower,0,0,30,0,30,0,6,210,2,218,0,6,240,2,248,24,0,24,272
08/02/2007,SAC,CA,AWP,WE,Federal Contract Tower,0,1,34,0,35,0,7,177,0,184,0,8,211,0,219,12,0,12,231
08/03/2007,SAC,CA,AWP,WE,Federal Contract Tower,0,0,42,0,42,0,5,223,0,228,0,5,265,0,270,28,0,28,298
08/04/2007,SAC,CA,AWP,WE,Federal Contract Tower,0,0,30,0,30,0,4,156,2,162,0,4,186,2,192,42,0,42,234
08/05/2007,SAC,CA,AWP,WE,Federal Contract Tower,0,0,16,0,16,0,2,84,0,86,0,2,100,0,102,62,0,62,164
08/06/2007,SAC,CA,AWP,WE,Federal Contract Tower,0,1,77,0,78,0,13,120,2,135,0,14,197,2,213,36,0,36,249
08/07/2007,SAC,CA,AWP,WE,Federal Contract Tower,0,1,43,0,44,0,7,189,0,196,0,8,232,0,240,32,0,32,272
08/08/2007,SAC,CA,AWP,WE,Federal Contract Tower,0,9,33,4,46,0,3,124,4,131,0,12,157,8,177,32,0,32,209
08/09/2007,SAC,CA,AWP,WE,Federal Contract Tower,0,4,37,0,41,0,12,145,2,159,0,16,182,2,200,30,0,30,230
08/10/2007,SAC,CA,AWP,WE,Federal Contract Tower,0,0,34,0,34,0,7,198,1,206,0,7,232,1,240,41,0,41,281
08/11/2007,SAC,CA,AWP,WE,Federal Contract Tower,0,0,48,0,48,0,2,208,0,210,0,2,256,0,258,51,0,51,309
08/12/2007,SAC,CA,AWP,WE,Federal Contract Tower,0,0,45,0,45,0,3,311,0,314,0,3,356,0,359,119,0,119,478
08/13/2007,SAC,CA,AWP,WE,Federal Contract Tower,0,1,28,0,29,0,9,248,0,257,0,10,276,0,286,50,0,50,336
08/14/2007,SAC,CA,AWP,WE,Federal Contract Tower,0,0,53,0,53,0,10,264,0,274,0,10,317,0,327,39,0,39,366
08/15/2007,SAC,CA,AWP,WE,Federal Contract Tower,0,0,0,0,0,0,19,314,0,333,0,19,314,0,333,36,0,36,369
08/16/2007,SAC,CA,AWP,WE,Federal Contract Tower,0,1,36,0,37,0,9,322,0,331,0,10,358,0,368,69,0,69,437
08/17/2007,SAC,CA,AWP,WE,Federal Contract Tower,0,1,49,0,50,0,4,303,0,307,0,5,352,0,357,69,0,69,426
08/18/2007,SAC,CA,AWP,WE,Federal Contract Tower,0,2,46,0,48,0,8,272,0,280,0,10,318,0,328,101,0,101,429
08/19/2007,SAC,CA,AWP,WE,Federal Contract Tower,0,0,31,0,31,0,2,252,2,256,0,2,283,2,287,31,0,31,318
08/20/2007,SAC,CA,AWP,WE,Federal Contract Tower,0,0,28,0,28,0,12,246,0,258,0,12,274,0,286,47,0,47,333
08/21/2007,SAC,CA,AWP,WE,Federal Contract Tower,0,0,32,0,32,0,15,271,0,286,0,15,303,0,318,58,0,58,376
08/22/2007,SAC,CA,AWP,WE,Federal Contract Tower,0,2,44,2,48,0,11,243,2,256,0,13,287,4,304,53,2,55,359
08/23/2007,SAC,CA,AWP,WE,Federal Contract Tower,0,8,31,0,39,0,14,313,0,327,0,22,344,0,366,56,0,56,422
08/24/2007,SAC,CA,AWP,WE,Federal Contract Tower,0,4,35,0,39,0,8,263,0,271,0,12,298,0,310,61,0,61,371
08/25/2007,SAC,CA,AWP,WE,Federal Contract Tower,0,1,25,0,26,0,4,179,0,183,0,5,204,0,209,51,0,51,260
08/26/2007,SAC,CA,AWP,WE,Federal Contract Tower,0,0,21,0,21,0,3,197,0,200,0,3,218,0,221,71,0,71,292
08/27/2007,SAC,CA,AWP,WE,Federal Contract Tower,0,0,20,0,20,0,12,239,0,251,0,12,259,0,271,51,0,51,322
08/28/2007,SAC,CA,AWP,WE,Federal Contract Tower,0,2,30,0,32,0,14,237,0,251,0,16,267,0,283,54,0,54,337
08/29/2007,SAC,CA,AWP,WE,Federal Contract Tower,0,2,50,0,52,0,19,244,0,263,0,21,294,0,315,39,0,39,354
08/30/2007,SAC,CA,AWP,WE,Federal Contract Tower,0,2,43,2,47,0,9,288,4,301,0,11,331,6,348,49,0,49,397
08/31/2007,SAC,CA,AWP,WE,Federal Contract Tower,0,3,38,0,41,0,9,232,0,241,0,12,270,0,282,27,0,27,309
09/01/2007,SAC,CA,AWP,WE,Federal Contract Tower,0,0,29,0,29,0,2,181,2,185,0,2,210,2,214,30,0,30,244
09/02/2007,SAC,CA,AWP,WE,Federal Contract Tower,0,1,27,0,28,0,7,158,0,165,0,8,185,0,193,93,0,93,286
09/03/2007,SAC,CA,AWP,WE,Federal Contract Tower,0,1,25,0,26,0,7,163,0,170,0,8,188,0,196,24,0,24,220
09/04/2007,SAC,CA,AWP,WE,Federal Contract Tower,0,1,32,1,34,0,17,285,3,305,0,18,317,4,339,30,0,30,369
09/05/2007,SAC,CA,AWP,WE,Federal Contract Tower,0,0,33,2,35,0,11,188,2,201,0,11,221,4,236,26,0,26,262
09/06/2007,SAC,CA,AWP,WE,Federal Contract Tower,0,0,39,0,39,0,20,239,2,261,0,20,278,2,300,52,0,52,352
09/07/2007,SAC,CA,AWP,WE,Federal Contract Tower,0,3,45,0,48,0,10,241,0,251,0,13,286,0,299,12,0,12,311
09/08/2007,SAC,CA,AWP,WE,Federal Contract Tower,0,0,27,0,27,0,4,178,1,183,0,4,205,1,210,13,0,13,223
09/09/2007,SAC,CA,AWP,WE,Federal Contract Tower,0,0,42,0,42,0,7,203,0,210,0,7,245,0,252,54,0,54,306
09/10/2007,SAC,CA,AWP,WE,Federal Contract Tower,0,0,26,0,26,0,17,170,0,187,0,17,196,0,213,31,0,31,244
09/11/2007,SAC,CA,AWP,WE,Federal Contract Tower,0,1,34,0,35,0,13,222,2,237,0,14,256,2,272,46,0,46,318
09/12/2007,SAC,CA,AWP,WE,Federal Contract Tower,0,3,60,0,63,0,12,245,0,257,0,15,305,0,320,32,0,32,352
09/13/2007,SAC,CA,AWP,WE,Federal Contract Tower,0,0,54,1,55,0,9,314,5,328,0,9,368,6,383,45,0,45,428
09/14/2007,SAC,CA,AWP,WE,Federal Contract Tower,0,1,56,0,57,0,6,299,4,309,0,7,355,4,366,13,0,13,379
09/16/2007,SAC,CA,AWP,WE,Federal Contract Tower,0,0,27,0,27,0,2,209,0,211,0,2,236,0,238,50,0,50,288
09/17/2007,SAC,CA,AWP,WE,Federal Contract Tower,0,2,41,0,43,0,16,230,0,246,0,18,271,0,289,66,0,66,355
09/18/2007,SAC,CA,AWP,WE,Federal Contract Tower,0,1,39,0,40,0,16,274,0,290,0,17,313,0,330,74,0,74,404
09/19/2007,SAC,CA,AWP,WE,Federal Contract Tower,0,2,34,0,36,0,14,169,0,183,0,16,203,0,219,52,0,52,271
09/20/2007,SAC,CA,AWP,WE,Federal Contract Tower,0,0,31,0,31,0,11,143,1,155,0,11,174,1,186,24,0,24,210
09/21/2007,SAC,CA,AWP,WE,Federal Contract Tower,0,0,41,0,41,0,9,237,0,246,0,9,278,0,287,45,0,45,332
09/22/2007,SAC,CA,AWP,WE,Federal Contract Tower,0,0,20,0,20,0,2,95,0,97,0,2,115,0,117,40,0,40,157
09/23/2007,SAC,CA,AWP,WE,Federal Contract Tower,0,0,32,0,32,0,4,169,0,173,0,4,201,0,205,56,0,56,261
09/24/2007,SAC,CA,AWP,WE,Federal Contract Tower,0,2,36,0,38,0,13,209,5,227,0,15,245,5,265,26,0,26,291
09/25/2007,SAC,CA,AWP,WE,Federal Contract Tower,0,4,43,0,47,0,13,223,0,236,0,17,266,0,283,56,0,56,339
09/26/2007,SAC,CA,AWP,WE,Federal Contract Tower,0,1,23,0,24,0,11,240,0,251,0,12,263,0,275,71,0,71,346
09/27/2007,SAC,CA,AWP,WE,Federal Contract Tower,0,1,39,0,40,0,7,265,0,272,0,8,304,0,312,76,0,76,388
09/28/2007,SAC,CA,AWP,WE,Federal Contract Tower,0,1,26,0,27,0,10,152,0,162,0,11,178,0,189,4,0,4,193
09/29/2007,SAC,CA,AWP,WE,Federal Contract Tower,0,0,30,0,30,0,8,186,1,195,0,8,216,1,225,62,0,62,287
09/30/2007,SAC,CA,AWP,WE,Federal Contract Tower,0,0,17,0,17,0,6,204,0,210,0,6,221,0,227,47,0,47,274
10/01/2007,SAC,CA,AWP,WE,Federal Contract Tower,0,2,34,0,36,0,13,147,0,160,0,15,181,0,196,57,0,57,253
10/02/2007,SAC,CA,AWP,WE,Federal Contract Tower,0,0,40,2,42,0,16,261,2,279,0,16,301,4,321,55,0,55,376
10/03/2007,SAC,CA,AWP,WE,Federal Contract Tower,0,2,38,2,42,0,21,257,4,282,0,23,295,6,324,30,0,30,354
10/04/2007,SAC,CA,AWP,WE,Federal Contract Tower,0,0,27,0,27,0,14,198,6,218,0,14,225,6,245,15,0,15,260
10/05/2007,SAC,CA,AWP,WE,Federal Contract Tower,0,1,29,0,30,0,3,197,0,200,0,4,226,0,230,43,0,43,273
10/06/2007,SAC,CA,AWP,WE,Federal Contract Tower,0,0,42,0,42,0,13,248,0,261,0,13,290,0,303,70,0,70,373
10/07/2007,SAC,CA,AWP,WE,Federal Contract Tower,0,0,18,0,18,0,10,237,0,247,0,10,255,0,265,70,0,70,335
10/08/2007,SAC,CA,AWP,WE,Federal Contract Tower,0,2,21,0,23,0,9,225,0,234,0,11,246,0,257,54,0,54,311
10/09/2007,SAC,CA,AWP,WE,Federal Contract Tower,0,1,33,1,35,0,12,191,2,205,0,13,224,3,240,74,0,74,314
10/10/2007,SAC,CA,AWP,WE,Federal Contract Tower,0,0,41,0,41,0,21,212,6,239,0,21,253,6,280,120,0,120,400
10/11/2007,SAC,CA,AWP,WE,Federal Contract Tower,0,0,32,0,32,0,23,277,0,300,0,23,309,0,332,51,0,51,383
10/12/2007,SAC,CA,AWP,WE,Federal Contract Tower,0,0,36,0,36,0,13,147,0,160,0,13,183,0,196,53,0,53,249
10/13/2007,SAC,CA,AWP,WE,Federal Contract Tower,0,0,42,0,42,0,5,257,2,264,0,5,299,2,306,76,0,76,382
10/14/2007,SAC,CA,AWP,WE,Federal Contract Tower,0,1,29,0,30,0,11,225,1,237,0,12,254,1,267,40,0,40,307
10/15/2007,SAC,CA,AWP,WE,Federal Contract Tower,0,5,34,0,39,0,11,190,0,201,0,16,224,0,240,34,0,34,274
10/16/2007,SAC,CA,AWP,WE,Federal Contract Tower,0,2,37,0,39,0,20,132,0,152,0,22,169,0,191,34,0,34,225
10/17/2007,SAC,CA,AWP,WE,Federal Contract Tower,0,3,43,0,46,0,14,172,2,188,0,17,215,2,234,67,0,67,301
10/18/2007,SAC,CA,AWP,WE,Federal Contract Tower,0,0,35,2,37,0,17,283,8,308,0,17,318,10,345,27,0,27,372
10/19/2007,SAC,CA,AWP,WE,Federal Contract Tower,0,1,17,0,18,0,11,186,7,204,0,12,203,7,222,60,0,60,282
10/20/2007,SAC,CA,AWP,WE,Federal Contract Tower,0,0,17,0,17,0,1,166,6,173,0,1,183,6,190,63,0,63,253
10/21/2007,SAC,CA,AWP,WE,Federal Contract Tower,0,3,15,0,18,0,3,118,0,121,0,6,133,0,139,8,0,8,147
10/22/2007,SAC,CA,AWP,WE,Federal Contract Tower,0,0,25,0,25,0,23,251,0,274,0,23,276,0,299,60,0,60,359
10/23/2007,SAC,CA,AWP,WE,Federal Contract Tower,0,2,26,0,28,0,21,238,2,261,0,23,264,2,289,46,0,46,335
10/24/2007,SAC,CA,AWP,WE,Federal Contract Tower,0,0,16,0,16,0,12,197,0,209,0,12,213,0,225,12,0,12,237
10/25/2007,SAC,CA,AWP,WE,Federal Contract Tower,0,0,46,0,46,0,16,253,2,271,0,16,299,2,317,49,0,49,366
10/26/2007,SAC,CA,AWP,WE,Federal Contract Tower,0,1,21,0,22,0,12,214,0,226,0,13,235,0,248,17,0,17,265
10/27/2007,SAC,CA,AWP,WE,Federal Contract Tower,0,0,29,0,29,0,5,243,0,248,0,5,272,0,277,54,0,54,331
10/28/2007,SAC,CA,AWP,WE,Federal Contract Tower,0,0,25,0,25,0,7,205,1,213,0,7,230,1,238,27,0,27,265
10/29/2007,SAC,CA,AWP,WE,Federal Contract Tower,0,3,25,0,28,0,15,136,0,151,0,18,161,0,179,22,0,22,201
10/30/2007,SAC,CA,AWP,WE,Federal Contract Tower,0,1,38,0,39,0,14,163,0,177,0,15,201,0,216,54,0,54,270
10/31/2007,SAC,CA,AWP,WE,Federal Contract Tower,0,1,30,0,31,0,19,125,0,144,0,20,155,0,175,16,0,16,191
11/01/2007,SAC,CA,AWP,WE,Federal Contract Tower,0,1,27,3,31,0,20,153,1,174,0,21,180,4,205,98,0,98,303
11/02/2007,SAC,CA,AWP,WE,Federal Contract Tower,0,1,32,0,33,0,11,236,2,249,0,12,268,2,282,62,0,62,344
11/03/2007,SAC,CA,AWP,WE,Federal Contract Tower,0,0,23,0,23,0,2,233,0,235,0,2,256,0,258,80,0,80,338
11/04/2007,SAC,CA,AWP,WE,Federal Contract Tower,0,0,20,0,20,0,3,186,0,189,0,3,206,0,209,34,0,34,243
11/05/2007,SAC,CA,AWP,WE,Federal Contract Tower,0,0,28,0,28,0,12,231,0,243,0,12,259,0,271,38,0,38,309
11/06/2007,SAC,CA,AWP,WE,Federal Contract Tower,0,1,36,0,37,0,16,219,4,239,0,17,255,4,276,49,0,49,325
11/07/2007,SAC,CA,AWP,WE,Federal Contract Tower,0,0,35,0,35,0,8,191,2,201,0,8,226,2,236,21,0,21,257
11/08/2007,SAC,CA,AWP,WE,Federal Contract Tower,0,1,30,0,31,0,10,205,2,217,0,11,235,2,248,77,0,77,325
11/09/2007,SAC,CA,AWP,WE,Federal Contract Tower,0,0,34,0,34,0,13,190,0,203,0,13,224,0,237,40,0,40,277
11/10/2007,SAC,CA,AWP,WE,Federal Contract Tower,0,1,47,0,48,0,1,118,2,121,0,2,165,2,169,64,1,65,234
11/11/2007,SAC,CA,AWP,WE,Federal Contract Tower,0,0,30,0,30,0,8,124,0,132,0,8,154,0,162,98,0,98,260
11/12/2007,SAC,CA,AWP,WE,Federal Contract Tower,0,0,31,0,31,0,7,179,0,186,0,7,210,0,217,50,0,50,267
11/13/2007,SAC,CA,AWP,WE,Federal Contract Tower,0,0,32,0,32,0,14,226,0,240,0,14,258,0,272,36,0,36,308
11/14/2007,SAC,CA,AWP,WE,Federal Contract Tower,0,0,36,0,36,0,14,257,0,271,0,14,293,0,307,100,0,100,407
11/15/2007,SAC,CA,AWP,WE,Federal Contract Tower,0,0,27,0,27,0,8,201,0,209,0,8,228,0,236,57,0,57,293
11/16/2007,SAC,CA,AWP,WE,Federal Contract Tower,0,0,48,0,48,0,15,213,0,228,0,15,261,0,276,43,0,43,319
11/17/2007,SAC,CA,AWP,WE,Federal Contract Tower,0,0,23,0,23,0,3,130,0,133,0,3,153,0,156,60,0,60,216
11/18/2007,SAC,CA,AWP,WE,Federal Contract Tower,0,2,28,0,30,0,4,71,0,75,0,6,99,0,105,36,0,36,141
11/19/2007,SAC,CA,AWP,WE,Federal Contract Tower,0,2,26,0,28,0,15,124,0,139,0,17,150,0,167,39,0,39,206
11/20/2007,SAC,CA,AWP,WE,Federal Contract Tower,0,2,33,0,35,0,11,226,1,238,0,13,259,1,273,73,2,75,348
11/21/2007,SAC,CA,AWP,WE,Federal Contract Tower,0,1,49,0,50,0,7,171,0,178,0,8,220,0,228,69,0,69,297
11/22/2007,SAC,CA,AWP,WE,Federal Contract Tower,0,0,1,0,1,0,1,34,0,35,0,1,35,0,36,0,0,0,36
11/23/2007,SAC,CA,AWP,WE,Federal Contract Tower,0,5,24,0,29,0,15,118,0,133,0,20,142,0,162,47,0,47,209
11/24/2007,SAC,CA,AWP,WE,Federal Contract Tower,0,0,42,0,42,0,1,223,0,224,0,1,265,0,266,47,0,47,313
11/25/2007,SAC,CA,AWP,WE,Federal Contract Tower,0,0,35,0,35,0,2,135,0,137,0,2,170,0,172,126,0,126,298
11/26/2007,SAC,CA,AWP,WE,Federal Contract Tower,0,4,16,0,20,0,11,117,0,128,0,15,133,0,148,26,0,26,174
11/27/2007,SAC,CA,AWP,WE,Federal Contract Tower,0,1,38,0,39,0,11,135,0,146,0,12,173,0,185,18,0,18,203
11/28/2007,SAC,CA,AWP,WE,Federal Contract Tower,0,5,47,0,52,0,13,152,0,165,0,18,199,0,217,63,0,63,280
11/29/2007,SAC,CA,AWP,WE,Federal Contract Tower,0,3,24,0,27,0,11,185,0,196,0,14,209,0,223,77,2,79,302
11/30/2007,SAC,CA,AWP,WE,Federal Contract Tower,0,0,25,0,25,0,9,191,0,200,0,9,216,0,225,22,0,22,247
12/01/2007,SAC,CA,AWP,WE,Federal Contract Tower,0,0,29,0,29,0,2,134,0,136,0,2,163,0,165,19,0,19,184
12/02/2007,SAC,CA,AWP,WE,Federal Contract Tower,0,0,14,0,14,0,7,65,0,72,0,7,79,0,86,19,0,19,105
12/03/2007,SAC,CA,AWP,WE,Federal Contract Tower,0,0,15,3,18,0,15,134,2,151,0,15,149,5,169,32,0,32,201
12/04/2007,SAC,CA,AWP,WE,Federal Contract Tower,0,8,38,0,46,0,0,5,0,5,0,8,43,0,51,0,0,0,51
12/05/2007,SAC,CA,AWP,WE,Federal Contract Tower,0,14,67,2,83,0,12,114,4,130,0,26,181,6,213,83,4,87,300
12/06/2007,SAC,CA,AWP,WE,Federal Contract Tower,0,14,59,0,73,0,1,4,0,5,0,15,63,0,78,9,0,9,87
12/07/2007,SAC,CA,AWP,WE,Federal Contract Tower,0,7,30,0,37,0,5,96,0,101,0,12,126,0,138,80,0,80,218
12/08/2007,SAC,CA,AWP,WE,Federal Contract Tower,0,1,32,0,33,0,3,143,0,146,0,4,175,0,179,93,0,93,272
12/09/2007,SAC,CA,AWP,WE,Federal Contract Tower,0,0,23,0,23,0,2,131,0,133,0,2,154,0,156,49,0,49,205
12/10/2007,SAC,CA,AWP,WE,Federal Contract Tower,0,4,27,0,31,0,18,188,0,206,0,22,215,0,237,25,0,25,262
12/11/2007,SAC,CA,AWP,WE,Federal Contract Tower,0,2,40,0,42,0,15,162,0,177,0,17,202,0,219,30,0,30,249
12/12/2007,SAC,CA,AWP,WE,Federal Contract Tower,0,5,36,0,41,0,8,153,0,161,0,13,189,0,202,65,0,65,267
12/13/2007,SAC,CA,AWP,WE,Federal Contract Tower,0,6,37,0,43,0,11,200,0,211,0,17,237,0,254,62,0,62,316
12/14/2007,SAC,CA,AWP,WE,Federal Contract Tower,0,6,33,0,39,0,0,181,0,181,0,6,214,0,220,96,0,96,316
12/15/2007,SAC,CA,AWP,WE,Federal Contract Tower,0,2,43,0,45,0,1,106,0,107,0,3,149,0,152,54,4,58,210
12/16/2007,SAC,CA,AWP,WE,Federal Contract Tower,1,6,39,0,46,0,0,66,0,66,1,6,105,0,112,137,0,137,249
12/17/2007,SAC,CA,AWP,WE,Federal Contract Tower,0,8,68,0,76,0,6,22,0,28,0,14,90,0,104,60,0,60,164
12/18/2007,SAC,CA,AWP,WE,Federal Contract Tower,0,12,30,0,42,0,1,10,2,13,0,13,40,2,55,1,0,1,56
12/19/2007,SAC,CA,AWP,WE,Federal Contract Tower,0,9,55,1,65,0,6,94,0,100,0,15,149,1,165,91,0,91,256
12/20/2007,SAC,CA,AWP,WE,Federal Contract Tower,0,3,31,0,34,0,9,143,0,152,0,12,174,0,186,111,1,112,298
12/21/2007,SAC,CA,AWP,WE,Federal Contract Tower,0,7,42,0,49,0,12,186,0,198,0,19,228,0,247,86,0,86,333
12/22/2007,SAC,CA,AWP,WE,Federal Contract Tower,0,0,31,0,31,0,3,189,0,192,0,3,220,0,223,56,0,56,279
12/23/2007,SAC,CA,AWP,WE,Federal Contract Tower,0,4,11,0,15,0,1,131,0,132,0,5,142,0,147,72,0,72,219
12/24/2007,SAC,CA,AWP,WE,Federal Contract Tower,0,6,7,0,13,0,8,58,0,66,0,14,65,0,79,2,0,2,81
12/25/2007,SAC,CA,AWP,WE,Federal Contract Tower,0,1,10,0,11,0,0,33,0,33,0,1,43,0,44,10,0,10,54
12/26/2007,SAC,CA,AWP,WE,Federal Contract Tower,0,6,30,0,36,0,10,93,0,103,0,16,123,0,139,41,0,41,180
12/27/2007,SAC,CA,AWP,WE,Federal Contract Tower,0,5,38,0,43,0,8,118,0,126,0,13,156,0,169,32,0,32,201
12/28/2007,SAC,CA,AWP,WE,Federal Contract Tower,0,7,24,0,31,0,1,7,0,8,0,8,31,0,39,27,0,27,66
12/29/2007,SAC,CA,AWP,WE,Federal Contract Tower,0,0,36,0,36,0,0,23,0,23,0,0,59,0,59,32,0,32,91
12/30/2007,SAC,CA,AWP,WE,Federal Contract Tower,0,2,50,0,52,0,1,66,0,67,0,3,116,0,119,13,0,13,132
12/31/2007,SAC,CA,AWP,WE,Federal Contract Tower,0,5,36,0,41,0,12,169,0,181,0,17,205,0,222,40,0,40,262
01/01/2008,SAC,CA,AWP,WE,Federal Contract Tower,0,1,15,0,16,0,12,103,0,115,0,13,118,0,131,16,0,16,147
01/02/2008,SAC,CA,AWP,WE,Federal Contract Tower,0,12,39,1,52,0,7,165,0,172,0,19,204,1,224,66,3,69,293
01/03/2008,SAC,CA,AWP,WE,Federal Contract Tower,0,14,27,0,41,0,2,43,0,45,0,16,70,0,86,70,0,70,156
01/04/2008,SAC,CA,AWP,WE,Federal Contract Tower,0,5,4,0,9,0,0,0,0,0,0,5,4,0,9,0,0,0,9
01/05/2008,SAC,CA,AWP,WE,Federal Contract Tower,0,4,10,0,14,0,0,16,0,16,0,4,26,0,30,0,0,0,30
01/06/2008,SAC,CA,AWP,WE,Federal Contract Tower,0,1,24,0,25,0,6,45,0,51,0,7,69,0,76,47,0,47,123
01/07/2008,SAC,CA,AWP,WE,Federal Contract Tower,0,1,41,0,42,0,13,119,0,132,0,14,160,0,174,33,0,33,207
01/08/2008,SAC,CA,AWP,WE,Federal Contract Tower,0,12,25,0,37,0,3,9,0,12,0,15,34,0,49,16,0,16,65
01/09/2008,SAC,CA,AWP,WE,Federal Contract Tower,0,12,67,1,80,0,0,8,3,11,0,12,75,4,91,20,0,20,111
01/10/2008,SAC,CA,AWP,WE,Federal Contract Tower,0,14,79,0,93,0,0,6,0,6,0,14,85,0,99,74,0,74,173
01/11/2008,SAC,CA,AWP,WE,Federal Contract Tower,0,10,72,4,86,0,2,50,0,52,0,12,122,4,138,16,4,20,158
01/12/2008,SAC,CA,AWP,WE,Federal Contract Tower,0,3,0,0,3,0,0,108,0,108,0,3,108,0,111,69,0,69,180
01/13/2008,SAC,CA,AWP,WE,Federal Contract Tower,0,1,49,0,50,0,0,89,0,89,0,1,138,0,139,59,0,59,198
01/14/2008,SAC,CA,AWP,WE,Federal Contract Tower,0,2,52,0,54,0,8,169,0,177,0,10,221,0,231,32,0,32,263
01/15/2008,SAC,CA,AWP,WE,Federal Contract Tower,0,3,42,0,45,0,11,110,0,121,0,14,152,0,166,37,0,37,203
01/16/2008,SAC,CA,AWP,WE,Federal Contract Tower,0,4,29,2,35,0,7,142,0,149,0,11,171,2,184,33,0,33,217
01/17/2008,SAC,CA,AWP,WE,Federal Contract Tower,0,7,41,0,48,0,7,181,0,188,0,14,222,0,236,32,0,32,268
01/18/2008,SAC,CA,AWP,WE,Federal Contract Tower,0,2,38,0,40,0,7,178,0,185,0,9,216,0,225,38,0,38,263
01/19/2008,SAC,CA,AWP,WE,Federal Contract Tower,0,2,33,0,35,0,7,192,0,199,0,9,225,0,234,84,0,84,318
01/20/2008,SAC,CA,AWP,WE,Federal Contract Tower,0,1,36,0,37,0,0,137,0,137,0,1,173,0,174,96,0,96,270
01/21/2008,SAC,CA,AWP,WE,Federal Contract Tower,0,0,37,0,37,0,2,98,1,101,0,2,135,1,138,45,0,45,183
01/22/2008,SAC,CA,AWP,WE,Federal Contract Tower,0,13,43,0,56,0,3,4,0,7,0,16,47,0,63,0,0,0,63
01/23/2008,SAC,CA,AWP,WE,Federal Contract Tower,0,22,49,0,71,0,0,0,0,0,0,22,49,0,71,0,0,0,71
01/24/2008,SAC,CA,AWP,WE,Federal Contract Tower,0,17,32,0,49,0,4,26,0,30,0,21,58,0,79,78,0,78,157
01/25/2008,SAC,CA,AWP,WE,Federal Contract Tower,0,3,23,0,26,0,8,22,0,30,0,11,45,0,56,6,0,6,62
01/26/2008,SAC,CA,AWP,WE,Federal Contract Tower,0,2,26,4,32,0,2,155,4,161,0,4,181,8,193,40,0,40,233
01/27/2008,SAC,CA,AWP,WE,Federal Contract Tower,0,0,10,0,10,0,2,34,0,36,0,2,44,0,46,28,0,28,74
01/28/2008,SAC,CA,AWP,WE,Federal Contract Tower,0,7,46,0,53,0,24,187,0,211,0,31,233,0,264,41,0,41,305
01/29/2008,SAC,CA,AWP,WE,Federal Contract Tower,0,9,33,0,42,0,1,42,0,43,0,10,75,0,85,70,0,70,155
01/30/2008,SAC,CA,AWP,WE,Federal Contract Tower,0,12,36,0,48,0,9,146,0,155,0,21,182,0,203,35,0,35,238
01/31/2008,SAC,CA,AWP,WE,Federal Contract Tower,0,19,43,0,62,0,7,39,0,46,0,26,82,0,108,48,0,48,156
02/01/2008,SAC,CA,AWP,WE,Federal Contract Tower,0,17,34,0,51,0,1,191,0,192,0,18,225,0,243,58,0,58,301
02/02/2008,SAC,CA,AWP,WE,Federal Contract Tower,0,2,10,0,12,0,1,46,0,47,0,3,56,0,59,61,0,61,120
02/03/2008,SAC,CA,AWP,WE,Federal Contract Tower,0,0,25,0,25,0,2,99,0,101,0,2,124,0,126,30,0,30,156
02/04/2008,SAC,CA,AWP,WE,Federal Contract Tower,0,4,43,0,47,0,15,161,0,176,0,19,204,0,223,42,0,42,265
02/05/2008,SAC,CA,AWP,WE,Federal Contract Tower,0,5,36,0,41,0,8,189,0,197,0,13,225,0,238,79,0,79,317
02/06/2008,SAC,CA,AWP,WE,Federal Contract Tower,0,4,30,0,34,0,14,162,0,176,0,18,192,0,210,73,0,73,283
02/07/2008,SAC,CA,AWP,WE,Federal Contract Tower,0,9,45,0,54,0,9,212,4,225,0,18,257,4,279,98,2,100,379
02/08/2008,SAC,CA,AWP,WE,Federal Contract Tower,0,3,32,0,35,0,15,222,0,237,0,18,254,0,272,30,0,30,302
02/09/2008,SAC,CA,AWP,WE,Federal Contract Tower,0,0,39,0,39,0,7,236,0,243,0,7,275,0,282,67,0,67,349
02/10/2008,SAC,CA,AWP,WE,Federal Contract Tower,0,11,51,0,62,0,6,204,9,219,0,17,255,9,281,48,0,48,329
02/11/2008,SAC,CA,AWP,WE,Federal Contract Tower,0,6,43,2,51,0,16,162,0,178,0,22,205,2,229,68,0,68,297
02/12/2008,SAC,CA,AWP,WE,Federal Contract Tower,0,5,42,1,48,0,12,237,1,250,0,17,279,2,298,46,0,46,344
02/13/2008,SAC,CA,AWP,WE,Federal Contract Tower,0,7,37,0,44,0,12,117,1,130,0,19,154,1,174,0,0,0,174
02/14/2008,SAC,CA,AWP,WE,Federal Contract Tower,0,7,17,1,25,0,13,152,2,167,0,20,169,3,192,40,0,40,232
02/15/2008,SAC,CA,AWP,WE,Federal Contract Tower,0,3,40,0,43,0,13,248,0,261,0,16,288,0,304,53,0,53,357
02/16/2008,SAC,CA,AWP,WE,Federal Contract Tower,0,0,25,0,25,0,4,216,0,220,0,4,241,0,245,44,0,44,289
02/17/2008,SAC,CA,AWP,WE,Federal Contract Tower,0,2,45,0,47,0,4,194,0,198,0,6,239,0,245,43,0,43,288
02/18/2008,SAC,CA,AWP,WE,Federal Contract Tower,0,7,37,0,44,0,12,117,1,130,0,19,154,1,174,0,0,0,174
02/19/2008,SAC,CA,AWP,WE,Federal Contract Tower,0,9,64,3,76,0,0,107,1,108,0,9,171,4,184,114,0,114,298
02/20/2008,SAC,CA,AWP,WE,Federal Contract Tower,0,8,39,0,47,0,11,90,0,101,0,19,129,0,148,24,0,24,172
02/21/2008,SAC,CA,AWP,WE,Federal Contract Tower,0,5,48,1,54,0,11,69,1,81,0,16,117,2,135,62,0,62,197
02/22/2008,SAC,CA,AWP,WE,Federal Contract Tower,0,6,30,0,36,0,6,60,0,66,0,12,90,0,102,62,0,62,164
02/23/2008,SAC,CA,AWP,WE,Federal Contract Tower,0,1,18,0,19,0,0,26,0,26,0,1,44,0,45,46,0,46,91
02/24/2008,SAC,CA,AWP,WE,Federal Contract Tower,0,3,12,0,15,0,0,0,0,0,0,3,12,0,15,0,0,0,15
02/25/2008,SAC,CA,AWP,WE,Federal Contract Tower,0,6,68,0,74,0,7,147,9,163,0,13,215,9,237,20,0,20,257
02/26/2008,SAC,CA,AWP,WE,Federal Contract Tower,0,2,49,1,52,0,23,269,0,292,0,25,318,1,344,75,0,75,419
02/27/2008,SAC,CA,AWP,WE,Federal Contract Tower,0,5,39,0,44,0,13,188,0,201,0,18,227,0,245,40,0,40,285
02/28/2008,SAC,CA,AWP,WE,Federal Contract Tower,0,4,33,0,37,0,11,231,16,258,0,15,264,16,295,39,0,39,334
02/29/2008,SAC,CA,AWP,WE,Federal Contract Tower,0,9,30,0,39,0,8,204,0,212,0,17,234,0,251,83,0,83,334
03/01/2008,SAC,CA,AWP,WE,Federal Contract Tower,0,0,25,0,25,0,1,167,0,168,0,1,192,0,193,38,0,38,231
03/02/2008,SAC,CA,AWP,WE,Federal Contract Tower,0,1,25,0,26,0,0,167,0,167,0,1,192,0,193,38,0,38,231
03/03/2008,SAC,CA,AWP,WE,Federal Contract Tower,0,2,40,0,42,0,18,204,0,222,0,20,244,0,264,68,0,68,332
03/04/2008,SAC,CA,AWP,WE,Federal Contract Tower,0,6,43,1,50,0,15,209,0,224,0,21,252,1,274,82,0,82,356
03/05/2008,SAC,CA,AWP,WE,Federal Contract Tower,0,6,34,0,40,0,7,208,10,225,0,13,242,10,265,71,0,71,336
03/06/2008,SAC,CA,AWP,WE,Federal Contract Tower,0,1,56,0,57,0,18,233,0,251,0,19,289,0,308,120,0,120,428
03/07/2008,SAC,CA,AWP,WE,Federal Contract Tower,0,2,27,0,29,0,10,264,0,274,0,12,291,0,303,44,0,44,347
03/08/2008,SAC,CA,AWP,WE,Federal Contract Tower,0,1,31,0,32,0,1,225,0,226,0,2,256,0,258,54,0,54,312
03/09/2008,SAC,CA,AWP,WE,Federal Contract Tower,0,0,51,0,51,0,4,225,0,229,0,4,276,0,280,87,0,87,367
03/10/2008,SAC,CA,AWP,WE,Federal Contract Tower,0,1,29,0,30,0,20,200,0,220,0,21,229,0,250,21,0,21,271
03/11/2008,SAC,CA,AWP,WE,Federal Contract Tower,0,0,41,0,41,0,12,219,1,232,0,12,260,1,273,74,0,74,347
03/12/2008,SAC,CA,AWP,WE,Federal Contract Tower,0,5,59,0,64,0,8,185,0,193,0,13,244,0,257,18,0,18,275
03/13/2008,SAC,CA,AWP,WE,Federal Contract Tower,0,7,47,0,54,0,3,80,0,83,0,10,127,0,137,0,0,0,137
03/14/2008,SAC,CA,AWP,WE,Federal Contract Tower,0,2,50,0,52,0,9,145,3,157,0,11,195,3,209,113,2,115,324
03/15/2008,SAC,CA,AWP,WE,Federal Contract Tower,0,1,36,0,37,0,0,134,0,134,0,1,170,0,171,55,0,55,226
03/16/2008,SAC,CA,AWP,WE,Federal Contract Tower,0,0,16,0,16,0,6,149,0,155,0,6,165,0,171,14,0,14,185
03/17/2008,SAC,CA,AWP,WE,Federal Contract Tower,0,4,54,0,58,0,14,201,0,215,0,18,255,0,273,72,0,72,345
03/18/2008,SAC,CA,AWP,WE,Federal Contract Tower,0,5,39,1,45,0,16,230,1,247,0,21,269,2,292,33,0,33,325
03/19/2008,SAC,CA,AWP,WE,Federal Contract Tower,0,8,30,0,38,0,7,138,0,145,0,15,168,0,183,22,0,22,205
03/20/2008,SAC,CA,AWP,WE,Federal Contract Tower,0,4,35,0,39,0,12,270,0,282,0,16,305,0,321,53,0,53,374
03/21/2008,SAC,CA,AWP,WE,Federal Contract Tower,0,6,50,0,56,0,7,238,0,245,0,13,288,0,301,51,0,51,352
03/22/2008,SAC,CA,AWP,WE,Federal Contract Tower,0,1,34,0,35,0,0,263,0,263,0,1,297,0,298,82,0,82,380
03/23/2008,SAC,CA,AWP,WE,Federal Contract Tower,0,2,17,0,19,0,1,215,0,216,0,3,232,0,235,60,0,60,295
03/24/2008,SAC,CA,AWP,WE,Federal Contract Tower,0,1,39,0,40,0,19,209,2,230,0,20,248,2,270,67,0,67,337
03/25/2008,SAC,CA,AWP,WE,Federal Contract Tower,0,2,31,0,33,0,7,210,0,217,0,9,241,0,250,60,0,60,310
03/26/2008,SAC,CA,AWP,WE,Federal Contract Tower,0,4,53,0,57,0,13,218,2,233,0,17,271,2,290,70,0,70,360
03/27/2008,SAC,CA,AWP,WE,Federal Contract Tower,0,5,53,0,58,0,10,186,0,196,0,15,239,0,254,82,0,82,336
03/28/2008,SAC,CA,AWP,WE,Federal Contract Tower,0,6,47,0,53,0,2,192,0,194,0,8,239,0,247,86,0,86,333
03/29/2008,SAC,CA,AWP,WE,Federal Contract Tower,0,0,35,0,35,0,0,107,0,107,0,0,142,0,142,39,0,39,181
03/30/2008,SAC,CA,AWP,WE,Federal Contract Tower,0,3,35,0,38,0,3,221,1,225,0,6,256,1,263,58,0,58,321
03/31/2008,SAC,CA,AWP,WE,Federal Contract Tower,0,4,31,1,36,0,17,176,0,193,0,21,207,1,229,63,0,63,292
04/01/2008,SAC,CA,AWP,WE,Federal Contract Tower,0,1,31,0,32,0,10,195,0,205,0,11,226,0,237,78,0,78,315
04/02/2008,SAC,CA,AWP,WE,Federal Contract Tower,0,3,50,0,53,0,12,128,0,140,0,15,178,0,193,14,0,14,207
04/03/2008,SAC,CA,AWP,WE,Federal Contract Tower,0,2,37,0,39,0,10,221,0,231,0,12,258,0,270,64,0,64,334
04/04/2008,SAC,CA,AWP,WE,Federal Contract Tower,0,3,35,0,38,0,9,227,0,236,0,12,262,0,274,12,0,12,286
04/05/2008,SAC,CA,AWP,WE,Federal Contract Tower,0,1,0,0,1,0,0,243,0,243,0,1,243,0,244,84,0,84,328
04/06/2008,SAC,CA,AWP,WE,Federal Contract Tower,0,3,22,0,25,0,0,179,0,179,0,3,201,0,204,30,0,30,234
04/07/2008,SAC,CA,AWP,WE,Federal Contract Tower,0,2,34,0,36,0,15,197,0,212,0,17,231,0,248,30,0,30,278
04/08/2008,SAC,CA,AWP,WE,Federal Contract Tower,0,4,39,0,43,0,3,173,0,176,0,7,212,0,219,94,0,94,313
04/09/2008,SAC,CA,AWP,WE,Federal Contract Tower,0,3,39,0,42,0,8,187,0,195,0,11,226,0,237,25,0,25,262
04/10/2008,SAC,CA,AWP,WE,Federal Contract Tower,0,0,35,0,35,0,11,183,0,194,0,11,218,0,229,16,0,16,245
04/11/2008,SAC,CA,AWP,WE,Federal Contract Tower,0,1,26,0,27,0,11,190,0,201,0,12,216,0,228,28,0,28,256
04/12/2008,SAC,CA,AWP,WE,Federal Contract Tower,0,1,22,0,23,0,4,200,0,204,0,5,222,0,227,59,0,59,286
04/13/2008,SAC,CA,AWP,WE,Federal Contract Tower,0,1,23,0,24,0,4,203,0,207,0,5,226,0,231,62,0,62,293
04/14/2008,SAC,CA,AWP,WE,Federal Contract Tower,0,7,13,0,20,0,10,125,0,135,0,17,138,0,155,8,0,8,163
04/15/2008,SAC,CA,AWP,WE,Federal Contract Tower,0,9,32,0,41,0,8,196,0,204,0,17,228,0,245,23,0,23,268
04/16/2008,SAC,CA,AWP,WE,Federal Contract Tower,0,4,28,0,32,0,10,147,0,157,0,14,175,0,189,8,0,8,197
04/17/2008,SAC,CA,AWP,WE,Federal Contract Tower,0,5,58,0,63,0,13,238,0,251,0,18,296,0,314,54,0,54,368
04/18/2008,SAC,CA,AWP,WE,Federal Contract Tower,0,6,49,0,55,0,8,218,0,226,0,14,267,0,281,99,0,99,380
04/19/2008,SAC,CA,AWP,WE,Federal Contract Tower,0,1,22,0,23,0,4,158,1,163,0,5,180,1,186,58,0,58,244
04/20/2008,SAC,CA,AWP,WE,Federal Contract Tower,0,0,37,0,37,0,1,197,0,198,0,1,234,0,235,30,0,30,265
04/21/2008,SAC,CA,AWP,WE,Federal Contract Tower,0,0,36,0,36,0,15,199,0,214,0,15,235,0,250,71,0,71,321
04/22/2008,SAC,CA,AWP,WE,Federal Contract Tower,0,3,35,0,38,0,9,136,0,145,0,12,171,0,183,24,0,24,207
04/23/2008,SAC,CA,AWP,WE,Federal Contract Tower,0,9,45,0,54,0,8,135,1,144,0,17,180,1,198,33,0,33,231
04/24/2008,SAC,CA,AWP,WE,Federal Contract Tower,0,4,46,0,50,0,7,262,0,269,0,11,308,0,319,52,0,52,371
04/25/2008,SAC,CA,AWP,WE,Federal Contract Tower,0,1,25,0,26,0,8,207,0,215,0,9,232,0,241,88,0,88,329
04/26/2008,SAC,CA,AWP,WE,Federal Contract Tower,0,1,40,0,41,0,3,232,0,235,0,4,272,0,276,32,0,32,308
04/27/2008,SAC,CA,AWP,WE,Federal Contract Tower,0,0,17,0,17,0,3,201,0,204,0,3,218,0,221,74,0,74,295
04/28/2008,SAC,CA,AWP,WE,Federal Contract Tower,0,0,32,0,32,0,14,196,0,210,0,14,228,0,242,61,0,61,303
04/29/2008,SAC,CA,AWP,WE,Federal Contract Tower,0,4,38,2,44,0,10,179,0,189,0,14,217,2,233,28,0,28,261
04/30/2008,SAC,CA,AWP,WE,Federal Contract Tower,0,8,47,0,55,0,8,166,0,174,0,16,213,0,229,8,0,8,237
05/01/2008,SAC,CA,AWP,WE,Federal Contract Tower,0,4,24,0,28,0,11,158,0,169,0,15,182,0,197,91,0,91,288
05/02/2008,SAC,CA,AWP,WE,Federal Contract Tower,0,0,38,0,38,0,10,193,0,203,0,10,231,0,241,74,0,74,315
05/03/2008,SAC,CA,AWP,WE,Federal Contract Tower,0,3,27,0,30,0,0,182,0,182,0,3,209,0,212,80,0,80,292
05/04/2008,SAC,CA,AWP,WE,Federal Contract Tower,0,2,31,0,33,0,0,201,0,201,0,2,232,0,234,50,0,50,284
05/05/2008,SAC,CA,AWP,WE,Federal Contract Tower,0,3,24,0,27,0,14,171,0,185,0,17,195,0,212,12,0,12,224
05/06/2008,SAC,CA,AWP,WE,Federal Contract Tower,0,3,42,0,45,0,11,193,0,204,0,14,235,0,249,18,0,18,267
05/07/2008,SAC,CA,AWP,WE,Federal Contract Tower,0,6,27,0,33,0,4,189,2,195,0,10,216,2,228,37,0,37,265
05/08/2008,SAC,CA,AWP,WE,Federal Contract Tower,0,6,33,0,39,0,16,210,0,226,0,22,243,0,265,132,0,132,397
05/09/2008,SAC,CA,AWP,WE,Federal Contract Tower,0,1,32,0,33,0,9,204,0,213,0,10,236,0,246,56,0,56,302
05/10/2008,SAC,CA,AWP,WE,Federal Contract Tower,0,1,39,0,40,0,1,186,0,187,0,2,225,0,227,0,74,74,301
05/11/2008,SAC,CA,AWP,WE,Federal Contract Tower,0,3,16,0,19,0,1,157,0,158,0,4,173,0,177,24,0,24,201
05/12/2008,SAC,CA,AWP,WE,Federal Contract Tower,0,4,28,0,32,0,12,134,0,146,0,16,162,0,178,15,0,15,193
05/13/2008,SAC,CA,AWP,WE,Federal Contract Tower,0,3,35,0,38,0,11,172,2,185,0,14,207,2,223,84,0,84,307
05/14/2008,SAC,CA,AWP,WE,Federal Contract Tower,0,0,20,2,22,0,9,149,2,160,0,9,169,4,182,27,0,27,209
05/15/2008,SAC,CA,AWP,WE,Federal Contract Tower,0,4,40,0,44,0,9,176,0,185,0,13,216,0,229,45,0,45,274
05/16/2008,SAC,CA,AWP,WE,Federal Contract Tower,0,1,44,0,45,0,14,221,1,236,0,15,265,1,281,28,0,28,309
05/17/2008,SAC,CA,AWP,WE,Federal Contract Tower,0,1,20,0,21,0,0,282,4,286,0,1,302,4,307,136,0,136,443
05/18/2008,SAC,CA,AWP,WE,Federal Contract Tower,0,2,26,0,28,0,6,178,0,184,0,8,204,0,212,61,0,61,273
05/19/2008,SAC,CA,AWP,WE,Federal Contract Tower,0,1,33,0,34,0,20,174,0,194,0,21,207,0,228,2,0,2,230
05/20/2008,SAC,CA,AWP,WE,Federal Contract Tower,0,4,29,0,33,0,10,151,3,164,0,14,180,3,197,19,0,19,216
05/21/2008,SAC,CA,AWP,WE,Federal Contract Tower,0,5,17,0,22,0,13,125,0,138,0,18,142,0,160,6,0,6,166
05/22/2008,SAC,CA,AWP,WE,Federal Contract Tower,0,3,14,0,17,0,17,78,0,95,0,20,92,0,112,27,0,27,139
05/23/2008,SAC,CA,AWP,WE,Federal Contract Tower,0,4,41,0,45,0,10,149,0,159,0,14,190,0,204,39,0,39,243
05/24/2008,SAC,CA,AWP,WE,Federal Contract Tower,0,4,36,0,40,0,2,94,0,96,0,6,130,0,136,104,0,104,240
05/25/2008,SAC,CA,AWP,WE,Federal Contract Tower,0,2,18,0,20,0,7,177,0,184,0,9,195,0,204,58,0,58,262
05/26/2008,SAC,CA,AWP,WE,Federal Contract Tower,0,4,30,0,34,0,11,168,0,179,0,15,198,0,213,10,0,10,223
05/27/2008,SAC,CA,AWP,WE,Federal Contract Tower,0,2,50,0,52,0,11,167,0,178,0,13,217,0,230,90,0,90,320
05/28/2008,SAC,CA,AWP,WE,Federal Contract Tower,0,0,27,3,30,0,10,214,0,224,0,10,241,3,254,55,0,55,309
05/29/2008,SAC,CA,AWP,WE,Federal Contract Tower,0,7,40,0,47,0,11,205,0,216,0,18,245,0,263,28,0,28,291
05/30/2008,SAC,CA,AWP,WE,Federal Contract Tower,0,3,43,2,48,0,5,173,2,180,0,8,216,4,228,66,0,66,294
05/31/2008,SAC,CA,AWP,WE,Federal Contract Tower,0,1,28,1,30,0,4,163,0,167,0,5,191,1,197,48,0,48,245
06/01/2008,SAC,CA,AWP,WE,Federal Contract Tower,0,0,41,0,41,0,3,209,0,212,0,3,250,0,253,20,0,20,273
06/02/2008,SAC,CA,AWP,WE,Federal Contract Tower,0,0,36,0,36,0,18,192,4,214,0,18,228,4,250,76,0,76,326
06/03/2008,SAC,CA,AWP,WE,Federal Contract Tower,0,13,26,0,39,0,9,145,0,154,0,22,171,0,193,68,0,68,261
06/04/2008,SAC,CA,AWP,WE,Federal Contract Tower,0,6,25,1,32,0,9,138,0,147,0,15,163,1,179,21,0,21,200
06/05/2008,SAC,CA,AWP,WE,Federal Contract Tower,0,3,40,0,43,0,11,230,0,241,0,14,270,0,284,76,0,76,360
06/06/2008,SAC,CA,AWP,WE,Federal Contract Tower,0,3,27,0,30,0,6,191,0,197,0,9,218,0,227,56,0,56,283
06/07/2008,SAC,CA,AWP,WE,Federal Contract Tower,0,1,14,0,15,0,4,159,0,163,0,5,173,0,178,30,0,30,208
06/08/2008,SAC,CA,AWP,WE,Federal Contract Tower,0,0,32,0,32,0,10,164,0,174,0,10,196,0,206,46,0,46,252
06/09/2008,SAC,CA,AWP,WE,Federal Contract Tower,0,3,22,0,25,0,16,238,0,254,0,19,260,0,279,26,0,26,305
06/10/2008,SAC,CA,AWP,WE,Federal Contract Tower,0,0,27,0,27,0,17,153,0,170,0,17,180,0,197,18,0,18,215
06/11/2008,SAC,CA,AWP,WE,Federal Contract Tower,0,11,34,0,45,0,20,150,0,170,0,31,184,0,215,11,0,11,226
06/12/2008,SAC,CA,AWP,WE,Federal Contract Tower,0,8,21,0,29,0,30,209,0,239,0,38,230,0,268,60,0,60,328
06/13/2008,SAC,CA,AWP,WE,Federal Contract Tower,0,1,21,0,22,0,11,239,0,250,0,12,260,0,272,93,0,93,365
06/14/2008,SAC,CA,AWP,WE,Federal Contract Tower,0,0,38,0,38,0,3,231,0,234,0,3,269,0,272,53,0,53,325
06/15/2008,SAC,CA,AWP,WE,Federal Contract Tower,0,2,20,1,23,0,3,209,1,213,0,5,229,2,236,44,0,44,280
06/16/2008,SAC,CA,AWP,WE,Federal Contract Tower,0,2,41,0,43,0,19,194,0,213,0,21,235,0,256,80,0,80,336
06/17/2008,SAC,CA,AWP,WE,Federal Contract Tower,0,11,37,0,48,0,9,205,2,216,0,20,242,2,264,43,0,43,307
06/18/2008,SAC,CA,AWP,WE,Federal Contract Tower,0,5,39,0,44,0,14,213,0,227,0,19,252,0,271,66,0,66,337
06/19/2008,SAC,CA,AWP,WE,Federal Contract Tower,0,4,36,0,40,0,9,205,1,215,0,13,241,1,255,48,0,48,303
06/20/2008,SAC,CA,AWP,WE,Federal Contract Tower,0,2,40,0,42,0,20,209,0,229,0,22,249,0,271,57,0,57,328
06/21/2008,SAC,CA,AWP,WE,Federal Contract Tower,0,1,16,0,17,0,5,167,0,172,0,6,183,0,189,72,0,72,261
06/22/2008,SAC,CA,AWP,WE,Federal Contract Tower,0,1,23,0,24,0,9,213,0,222,0,10,236,0,246,28,0,28,274
06/23/2008,SAC,CA,AWP,WE,Federal Contract Tower,0,11,34,0,45,0,8,144,0,152,0,19,178,0,197,48,0,48,245
06/24/2008,SAC,CA,AWP,WE,Federal Contract Tower,0,13,44,0,57,0,8,142,0,150,0,21,186,0,207,50,0,50,257
06/25/2008,SAC,CA,AWP,WE,Federal Contract Tower,0,19,43,0,62,0,6,99,2,107,0,25,142,2,169,33,0,33,202
06/26/2008,SAC,CA,AWP,WE,Federal Contract Tower,0,24,64,0,88,0,1,63,1,65,0,25,127,1,153,8,0,8,161
06/27/2008,SAC,CA,AWP,WE,Federal Contract Tower,0,12,72,0,84,0,3,59,2,64,0,15,131,2,148,28,0,28,176
06/28/2008,SAC,CA,AWP,WE,Federal Contract Tower,0,3,29,0,32,0,1,95,3,99,0,4,124,3,131,98,0,98,229
06/29/2008,SAC,CA,AWP,WE,Federal Contract Tower,0,4,28,0,32,0,3,174,0,177,0,7,202,0,209,30,0,30,239
06/30/2008,SAC,CA,AWP,WE,Federal Contract Tower,0,5,48,0,53,0,20,218,1,239,0,25,266,1,292,18,0,18,310
07/01/2008,SAC,CA,AWP,WE,Federal Contract Tower,0,5,30,0,35,0,14,204,1,219,0,19,234,1,254,49,0,49,303
07/02/2008,SAC,CA,AWP,WE,Federal Contract Tower,0,8,33,4,45,0,24,239,1,264,0,32,272,5,309,69,0,69,378
07/03/2008,SAC,CA,AWP,WE,Federal Contract Tower,0,2,16,0,18,0,14,170,1,185,0,16,186,1,203,6,0,6,209
07/04/2008,SAC,CA,AWP,WE,Federal Contract Tower,0,1,8,0,9,0,4,106,0,110,0,5,114,0,119,42,0,42,161
07/05/2008,SAC,CA,AWP,WE,Federal Contract Tower,0,0,21,0,21,0,1,141,0,142,0,1,162,0,163,6,0,6,169
07/06/2008,SAC,CA,AWP,WE,Federal Contract Tower,0,2,15,0,17,0,7,130,0,137,0,9,145,0,154,44,0,44,198
07/07/2008,SAC,CA,AWP,WE,Federal Contract Tower,0,3,21,1,25,0,13,147,1,161,0,16,168,2,186,70,0,70,256
07/08/2008,SAC,CA,AWP,WE,Federal Contract Tower,0,0,52,0,52,0,9,207,0,216,0,9,259,0,268,41,0,41,309
07/09/2008,SAC,CA,AWP,WE,Federal Contract Tower,0,8,49,0,57,0,18,225,4,247,0,26,274,4,304,38,1,39,343
07/10/2008,SAC,CA,AWP,WE,Federal Contract Tower,0,13,69,0,82,0,17,180,0,197,0,30,249,0,279,3,0,3,282
07/11/2008,SAC,CA,AWP,WE,Federal Contract Tower,0,5,34,0,39,0,21,132,0,153,0,26,166,0,192,56,0,56,248
07/12/2008,SAC,CA,AWP,WE,Federal Contract Tower,0,2,37,0,39,0,3,201,0,204,0,5,238,0,243,34,0,34,277
07/13/2008,SAC,CA,AWP,WE,Federal Contract Tower,0,2,36,0,38,0,8,189,0,197,0,10,225,0,235,40,0,40,275
07/14/2008,SAC,CA,AWP,WE,Federal Contract Tower,0,9,38,0,47,0,24,222,0,246,0,33,260,0,293,82,0,82,375
07/15/2008,SAC,CA,AWP,WE,Federal Contract Tower,0,2,27,0,29,0,15,199,1,215,0,17,226,1,244,54,0,54,298
07/16/2008,SAC,CA,AWP,WE,Federal Contract Tower,0,2,33,0,35,0,13,252,0,265,0,15,285,0,300,9,0,9,309
07/17/2008,SAC,CA,AWP,WE,Federal Contract Tower,0,7,37,0,44,0,20,202,2,224,0,27,239,2,268,43,0,43,311
07/18/2008,SAC,CA,AWP,WE,Federal Contract Tower,0,8,44,0,52,0,16,243,0,259,0,24,287,0,311,26,0,26,337
07/19/2008,SAC,CA,AWP,WE,Federal Contract Tower,0,2,20,0,22,0,3,193,0,196,0,5,213,0,218,53,0,53,271
07/20/2008,SAC,CA,AWP,WE,Federal Contract Tower,0,8,30,0,38,0,10,190,0,200,0,18,220,0,238,30,0,30,268
07/21/2008,SAC,CA,AWP,WE,Federal Contract Tower,0,4,28,0,32,0,19,219,0,238,0,23,247,0,270,58,0,58,328
07/22/2008,SAC,CA,AWP,WE,Federal Contract Tower,0,3,33,3,39,0,11,226,0,237,0,14,259,3,276,82,0,82,358
07/23/2008,SAC,CA,AWP,WE,Federal Contract Tower,0,3,25,0,28,0,14,183,0,197,0,17,208,0,225,24,0,24,249
07/24/2008,SAC,CA,AWP,WE,Federal Contract Tower,0,1,31,0,32,0,12,204,0,216,0,13,235,0,248,45,0,45,293
07/25/2008,SAC,CA,AWP,WE,Federal Contract Tower,0,1,32,0,33,0,9,151,0,160,0,10,183,0,193,65,0,65,258
07/26/2008,SAC,CA,AWP,WE,Federal Contract Tower,0,1,26,0,27,0,3,199,0,202,0,4,225,0,229,43,0,43,272
07/27/2008,SAC,CA,AWP,WE,Federal Contract Tower,0,4,33,0,37,0,6,188,0,194,0,10,221,0,231,48,0,48,279
07/28/2008,SAC,CA,AWP,WE,Federal Contract Tower,0,16,29,0,45,0,22,210,0,232,0,38,239,0,277,79,0,79,356
07/29/2008,SAC,CA,AWP,WE,Federal Contract Tower,0,2,33,1,36,0,10,226,2,238,0,12,259,3,274,41,0,41,315
07/30/2008,SAC,CA,AWP,WE,Federal Contract Tower,0,6,43,0,49,0,16,224,0,240,0,22,267,0,289,32,0,32,321
07/31/2008,SAC,CA,AWP,WE,Federal Contract Tower,0,2,22,0,24,0,15,189,0,204,0,17,211,0,228,77,0,77,305
08/01/2008,SAC,CA,AWP,WE,Federal Contract Tower,0,3,25,0,28,0,8,159,0,167,0,11,184,0,195,99,0,99,294
08/02/2008,SAC,CA,AWP,WE,Federal Contract Tower,0,1,25,0,26,0,3,201,0,204,0,4,226,0,230,22,0,22,252
08/03/2008,SAC,CA,AWP,WE,Federal Contract Tower,0,4,35,0,39,0,9,234,0,243,0,13,269,0,282,38,0,38,320
08/04/2008,SAC,CA,AWP,WE,Federal Contract Tower,0,4,55,0,59,0,16,199,0,215,0,20,254,0,274,39,0,39,313
08/05/2008,SAC,CA,AWP,WE,Federal Contract Tower,0,3,46,0,49,0,10,199,0,209,0,13,245,0,258,18,0,18,276
08/06/2008,SAC,CA,AWP,WE,Federal Contract Tower,0,6,59,0,65,0,16,177,0,193,0,22,236,0,258,110,0,110,368
08/07/2008,SAC,CA,AWP,WE,Federal Contract Tower,0,5,41,0,46,0,17,225,0,242,0,22,266,0,288,17,0,17,305
08/08/2008,SAC,CA,AWP,WE,Federal Contract Tower,0,12,45,0,57,0,20,179,0,199,0,32,224,0,256,7,0,7,263
08/09/2008,SAC,CA,AWP,WE,Federal Contract Tower,0,2,38,0,40,0,7,184,0,191,0,9,222,0,231,54,0,54,285
08/10/2008,SAC,CA,AWP,WE,Federal Contract Tower,0,3,31,0,34,0,9,200,0,209,0,12,231,0,243,12,0,12,255
08/11/2008,SAC,CA,AWP,WE,Federal Contract Tower,0,3,22,1,26,0,12,222,0,234,0,15,244,1,260,23,0,23,283
08/12/2008,SAC,CA,AWP,WE,Federal Contract Tower,0,4,56,0,60,0,10,200,0,210,0,14,256,0,270,124,0,124,394
08/13/2008,SAC,CA,AWP,WE,Federal Contract Tower,0,2,40,2,44,0,12,211,4,227,0,14,251,6,271,55,0,55,326
08/14/2008,SAC,CA,AWP,WE,Federal Contract Tower,0,3,29,0,32,0,19,173,2,194,0,22,202,2,226,72,0,72,298
08/15/2008,SAC,CA,AWP,WE,Federal Contract Tower,0,1,41,0,42,0,13,238,0,251,0,14,279,0,293,52,0,52,345
08/16/2008,SAC,CA,AWP,WE,Federal Contract Tower,0,4,37,0,41,0,7,201,0,208,0,11,238,0,249,22,0,22,271
08/17/2008,SAC,CA,AWP,WE,Federal Contract Tower,0,0,44,0,44,0,0,166,0,166,0,0,210,0,210,16,0,16,226
08/18/2008,SAC,CA,AWP,WE,Federal Contract Tower,0,12,37,0,49,0,16,179,0,195,0,28,216,0,244,53,0,53,297
08/19/2008,SAC,CA,AWP,WE,Federal Contract Tower,0,20,40,3,63,0,44,168,2,214,0,64,208,5,277,52,0,52,329
08/20/2008,SAC,CA,AWP,WE,Federal Contract Tower,0,4,59,0,63,0,15,221,0,236,0,19,280,0,299,98,0,98,397
08/21/2008,SAC,CA,AWP,WE,Federal Contract Tower,0,6,58,0,64,0,11,246,0,257,0,17,304,0,321,59,0,59,380
08/22/2008,SAC,CA,AWP,WE,Federal Contract Tower,0,1,40,0,41,0,11,230,0,241,0,12,270,0,282,20,0,20,302
08/23/2008,SAC,CA,AWP,WE,Federal Contract Tower,0,1,24,0,25,0,2,208,0,210,0,3,232,0,235,62,0,62,297
08/24/2008,SAC,CA,AWP,WE,Federal Contract Tower,0,5,31,0,36,0,10,153,0,163,0,15,184,0,199,48,0,48,247
08/25/2008,SAC,CA,AWP,WE,Federal Contract Tower,0,3,17,0,20,0,14,175,0,189,0,17,192,0,209,54,0,54,263
08/26/2008,SAC,CA,AWP,WE,Federal Contract Tower,0,8,39,0,47,0,14,182,0,196,0,22,221,0,243,88,0,88,331
08/27/2008,SAC,CA,AWP,WE,Federal Contract Tower,0,3,49,2,54,0,17,235,2,254,0,20,284,4,308,83,0,83,391
08/28/2008,SAC,CA,AWP,WE,Federal Contract Tower,0,0,33,0,33,0,10,193,0,203,0,10,226,0,236,47,0,47,283
08/29/2008,SAC,CA,AWP,WE,Federal Contract Tower,0,4,31,0,35,0,15,193,0,208,0,19,224,0,243,62,0,62,305
08/30/2008,SAC,CA,AWP,WE,Federal Contract Tower,0,0,26,0,26,0,0,183,0,183,0,0,209,0,209,30,0,30,239
08/31/2008,SAC,CA,AWP,WE,Federal Contract Tower,0,0,26,0,26,0,1,149,5,155,0,1,175,5,181,2,0,2,183
09/01/2008,SAC,CA,AWP,WE,Federal Contract Tower,0,5,7,0,12,0,7,121,0,128,0,12,128,0,140,26,0,26,166
09/02/2008,SAC,CA,AWP,WE,Federal Contract Tower,0,0,41,0,41,0,10,258,0,268,0,10,299,0,309,36,0,36,345
09/03/2008,SAC,CA,AWP,WE,Federal Contract Tower,0,3,41,0,44,0,11,227,1,239,0,14,268,1,283,61,0,61,344
09/04/2008,SAC,CA,AWP,WE,Federal Contract Tower,0,8,39,0,47,0,18,253,0,271,0,26,292,0,318,52,0,52,370
09/05/2008,SAC,CA,AWP,WE,Federal Contract Tower,0,4,34,0,38,0,14,220,2,236,0,18,254,2,274,100,0,100,374
09/06/2008,SAC,CA,AWP,WE,Federal Contract Tower,0,2,32,0,34,0,4,203,0,207,0,6,235,0,241,68,0,68,309
09/07/2008,SAC,CA,AWP,WE,Federal Contract Tower,0,3,34,0,37,0,8,199,0,207,0,11,233,0,244,74,0,74,318
09/08/2008,SAC,CA,AWP,WE,Federal Contract Tower,0,4,18,0,22,0,19,184,0,203,0,23,202,0,225,65,0,65,290
09/09/2008,SAC,CA,AWP,WE,Federal Contract Tower,0,11,22,0,33,0,15,195,0,210,0,26,217,0,243,58,0,58,301
09/10/2008,SAC,CA,AWP,WE,Federal Contract Tower,0,8,28,0,36,0,22,186,0,208,0,30,214,0,244,48,0,48,292
09/11/2008,SAC,CA,AWP,WE,Federal Contract Tower,0,3,42,2,47,0,19,203,4,226,0,22,245,6,273,16,0,16,289
09/12/2008,SAC,CA,AWP,WE,Federal Contract Tower,0,2,38,0,40,0,11,206,0,217,0,13,244,0,257,91,0,91,348
09/13/2008,SAC,CA,AWP,WE,Federal Contract Tower,0,5,41,0,46,0,4,226,0,230,0,9,267,0,276,11,0,11,287
09/14/2008,SAC,CA,AWP,WE,Federal Contract Tower,0,4,25,0,29,0,4,183,2,189,0,8,208,2,218,61,0,61,279
09/15/2008,SAC,CA,AWP,WE,Federal Contract Tower,0,6,35,2,43,0,16,174,2,192,0,22,209,4,235,87,0,87,322
09/16/2008,SAC,CA,AWP,WE,Federal Contract Tower,0,7,43,0,50,0,19,240,0,259,0,26,283,0,309,40,0,40,349
09/17/2008,SAC,CA,AWP,WE,Federal Contract Tower,0,5,42,0,47,0,13,148,1,162,0,18,190,1,209,17,0,17,226
09/18/2008,SAC,CA,AWP,WE,Federal Contract Tower,0,3,36,0,39,0,16,210,0,226,0,19,246,0,265,53,0,53,318
09/19/2008,SAC,CA,AWP,WE,Federal Contract Tower,0,5,28,0,33,0,7,230,8,245,0,12,258,8,278,42,0,42,320
09/20/2008,SAC,CA,AWP,WE,Federal Contract Tower,0,2,30,0,32,0,4,186,0,190,0,6,216,0,222,38,2,40,262
09/21/2008,SAC,CA,AWP,WE,Federal Contract Tower,0,2,38,0,40,0,4,220,0,224,0,6,258,0,264,84,0,84,348
09/22/2008,SAC,CA,AWP,WE,Federal Contract Tower,0,3,29,0,32,0,16,156,0,172,0,19,185,0,204,41,0,41,245
09/23/2008,SAC,CA,AWP,WE,Federal Contract Tower,0,9,40,0,49,0,20,205,0,225,0,29,245,0,274,37,0,37,311
09/24/2008,SAC,CA,AWP,WE,Federal Contract Tower,0,3,55,0,58,0,17,237,0,254,0,20,292,0,312,67,0,67,379
09/25/2008,SAC,CA,AWP,WE,Federal Contract Tower,0,5,70,1,76,0,16,264,0,280,0,21,334,1,356,28,0,28,384
09/26/2008,SAC,CA,AWP,WE,Federal Contract Tower,0,4,53,0,57,0,22,245,0,267,0,26,298,0,324,78,0,78,402
09/27/2008,SAC,CA,AWP,WE,Federal Contract Tower,0,2,43,1,46,0,6,210,0,216,0,8,253,1,262,24,0,24,286
09/28/2008,SAC,CA,AWP,WE,Federal Contract Tower,0,2,15,0,17,0,5,183,0,188,0,7,198,0,205,66,0,66,271
09/29/2008,SAC,CA,AWP,WE,Federal Contract Tower,0,6,37,0,43,0,19,187,0,206,0,25,224,0,249,23,0,23,272
09/30/2008,SAC,CA,AWP,WE,Federal Contract Tower,0,3,40,0,43,0,12,186,0,198,0,15,226,0,241,76,0,76,317
10/01/2008,SAC,CA,AWP,WE,Federal Contract Tower,0,5,52,0,57,0,15,220,0,235,0,20,272,0,292,61,0,61,353
10/02/2008,SAC,CA,AWP,WE,Federal Contract Tower,0,13,32,0,45,0,18,179,0,197,0,31,211,0,242,68,0,68,310
10/03/2008,SAC,CA,AWP,WE,Federal Contract Tower,0,8,54,0,62,0,15,156,0,171,0,23,210,0,233,28,0,28,261
10/04/2008,SAC,CA,AWP,WE,Federal Contract Tower,0,2,59,0,61,0,3,119,0,122,0,5,178,0,183,29,0,29,212
10/05/2008,SAC,CA,AWP,WE,Federal Contract Tower,0,1,32,0,33,0,1,168,0,169,0,2,200,0,202,30,0,30,232
10/06/2008,SAC,CA,AWP,WE,Federal Contract Tower,0,1,24,0,25,0,18,151,0,169,0,19,175,0,194,65,0,65,259
10/07/2008,SAC,CA,AWP,WE,Federal Contract Tower,0,10,42,0,52,0,14,205,0,219,0,24,247,0,271,30,0,30,301
10/08/2008,SAC,CA,AWP,WE,Federal Contract Tower,0,4,39,0,43,0,12,178,0,190,0,16,217,0,233,40,0,40,273
10/09/2008,SAC,CA,AWP,WE,Federal Contract Tower,0,3,19,0,22,0,13,117,0,130,0,16,136,0,152,2,0,2,154
10/10/2008,SAC,CA,AWP,WE,Federal Contract Tower,0,4,25,0,29,0,15,107,0,122,0,19,132,0,151,22,0,22,173
10/11/2008,SAC,CA,AWP,WE,Federal Contract Tower,0,0,24,0,24,0,4,122,0,126,0,4,146,0,150,6,0,6,156
10/12/2008,SAC,CA,AWP,WE,Federal Contract Tower,0,12,34,0,46,0,6,150,0,156,0,18,184,0,202,30,0,30,232
10/13/2008,SAC,CA,AWP,WE,Federal Contract Tower,0,4,29,2,35,0,9,188,2,199,0,13,217,4,234,86,0,86,320
10/14/2008,SAC,CA,AWP,WE,Federal Contract Tower,0,2,59,0,61,0,7,227,0,234,0,9,286,0,295,34,0,34,329
10/15/2008,SAC,CA,AWP,WE,Federal Contract Tower,0,6,37,0,43,0,10,229,0,239,0,16,266,0,282,96,0,96,378
10/16/2008,SAC,CA,AWP,WE,Federal Contract Tower,0,5,64,0,69,0,16,202,0,218,0,21,266,0,287,107,0,107,394
10/17/2008,SAC,CA,AWP,WE,Federal Contract Tower,0,4,65,0,69,0,10,271,1,282,0,14,336,1,351,126,0,126,477
10/18/2008,SAC,CA,AWP,WE,Federal Contract Tower,0,1,32,0,33,0,2,190,0,192,0,3,222,0,225,38,0,38,263
10/19/2008,SAC,CA,AWP,WE,Federal Contract Tower,0,4,20,0,24,0,5,169,0,174,0,9,189,0,198,12,0,12,210
10/20/2008,SAC,CA,AWP,WE,Federal Contract Tower,0,1,26,0,27,0,16,148,0,164,0,17,174,0,191,74,0,74,265
10/21/2008,SAC,CA,AWP,WE,Federal Contract Tower,0,9,34,0,43,0,16,186,0,202,0,25,220,0,245,29,0,29,274
10/22/2008,SAC,CA,AWP,WE,Federal Contract Tower,0,2,31,0,33,0,16,203,0,219,0,18,234,0,252,95,0,95,347
10/23/2008,SAC,CA,AWP,WE,Federal Contract Tower,0,17,30,0,47,0,23,191,0,214,0,40,221,0,261,182,2,184,445
10/24/2008,SAC,CA,AWP,WE,Federal Contract Tower,0,4,66,0,70,0,13,232,0,245,0,17,298,0,315,28,0,28,343
10/25/2008,SAC,CA,AWP,WE,Federal Contract Tower,0,1,13,0,14,0,3,168,0,171,0,4,181,0,185,52,0,52,237
10/26/2008,SAC,CA,AWP,WE,Federal Contract Tower,0,3,31,0,34,0,5,192,0,197,0,8,223,0,231,58,0,58,289
10/27/2008,SAC,CA,AWP,WE,Federal Contract Tower,0,8,51,0,59,0,14,202,0,216,0,22,253,0,275,134,0,134,409
10/28/2008,SAC,CA,AWP,WE,Federal Contract Tower,0,11,54,0,65,0,18,224,0,242,0,29,278,0,307,96,0,96,403
10/29/2008,SAC,CA,AWP,WE,Federal Contract Tower,0,5,39,0,44,0,16,274,0,290,0,21,313,0,334,138,0,138,472
10/30/2008,SAC,CA,AWP,WE,Federal Contract Tower,0,10,53,0,63,0,15,164,0,179,0,25,217,0,242,64,0,64,306
10/31/2008,SAC,CA,AWP,WE,Federal Contract Tower,0,2,48,0,50,0,9,115,0,124,0,11,163,0,174,14,0,14,188
11/01/2008,SAC,CA,AWP,WE,Federal Contract Tower,0,2,35,0,37,0,5,50,0,55,0,7,85,0,92,0,0,0,92
11/02/2008,SAC,CA,AWP,WE,Federal Contract Tower,0,2,26,0,28,0,3,101,0,104,0,5,127,0,132,47,0,47,179
11/03/2008,SAC,CA,AWP,WE,Federal Contract Tower,0,20,35,0,55,0,18,79,0,97,0,38,114,0,152,6,0,6,158
11/04/2008,SAC,CA,AWP,WE,Federal Contract Tower,0,6,48,0,54,0,10,168,0,178,0,16,216,0,232,74,0,74,306
11/05/2008,SAC,CA,AWP,WE,Federal Contract Tower,0,9,39,0,48,0,14,164,0,178,0,23,203,0,226,116,0,116,342
11/06/2008,SAC,CA,AWP,WE,Federal Contract Tower,0,8,49,0,57,0,9,264,0,273,0,17,313,0,330,144,0,144,474
11/07/2008,SAC,CA,AWP,WE,Federal Contract Tower,0,1,46,0,47,0,6,203,0,209,0,7,249,0,256,68,0,68,324
11/08/2008,SAC,CA,AWP,WE,Federal Contract Tower,0,2,45,0,47,0,5,145,0,150,0,7,190,0,197,82,0,82,279
11/09/2008,SAC,CA,AWP,WE,Federal Contract Tower,0,2,25,0,27,0,3,203,0,206,0,5,228,0,233,28,0,28,261
11/10/2008,SAC,CA,AWP,WE,Federal Contract Tower,0,2,27,0,29,0,11,152,2,165,0,13,179,2,194,37,0,37,231
11/11/2008,SAC,CA,AWP,WE,Federal Contract Tower,0,4,65,0,69,0,7,164,0,171,0,11,229,0,240,86,0,86,326
11/12/2008,SAC,CA,AWP,WE,Federal Contract Tower,0,6,26,0,32,0,13,139,1,153,0,19,165,1,185,110,0,110,295
11/13/2008,SAC,CA,AWP,WE,Federal Contract Tower,0,5,35,0,40,0,11,185,0,196,0,16,220,0,236,67,0,67,303
11/14/2008,SAC,CA,AWP,WE,Federal Contract Tower,0,7,48,0,55,0,8,269,0,277,0,15,317,0,332,46,0,46,378
11/15/2008,SAC,CA,AWP,WE,Federal Contract Tower,0,1,34,0,35,0,1,214,0,215,0,2,248,0,250,26,0,26,276
11/16/2008,SAC,CA,AWP,WE,Federal Contract Tower,0,0,35,0,35,0,0,215,2,217,0,0,250,2,252,51,0,51,303
11/17/2008,SAC,CA,AWP,WE,Federal Contract Tower,0,3,17,0,20,0,14,162,0,176,0,17,179,0,196,39,0,39,235
11/18/2008,SAC,CA,AWP,WE,Federal Contract Tower,0,7,36,0,43,0,11,155,0,166,0,18,191,0,209,52,0,52,261
11/19/2008,SAC,CA,AWP,WE,Federal Contract Tower,0,9,22,0,31,0,9,138,0,147,0,18,160,0,178,64,0,64,242
11/20/2008,SAC,CA,AWP,WE,Federal Contract Tower,0,5,71,2,78,0,13,157,0,170,0,18,228,2,248,78,0,78,326
11/21/2008,SAC,CA,AWP,WE,Federal Contract Tower,0,3,61,0,64,0,9,241,0,250,0,12,302,0,314,63,0,63,377
11/22/2008,SAC,CA,AWP,WE,Federal Contract Tower,0,1,89,0,90,0,2,201,0,203,0,3,290,0,293,46,0,46,339
11/23/2008,SAC,CA,AWP,WE,Federal Contract Tower,0,4,63,0,67,0,5,206,0,211,0,9,269,0,278,24,0,24,302
11/24/2008,SAC,CA,AWP,WE,Federal Contract Tower,0,5,47,0,52,0,6,156,0,162,0,11,203,0,214,36,0,36,250
11/25/2008,SAC,CA,AWP,WE,Federal Contract Tower,0,6,47,0,53,0,12,152,0,164,0,18,199,0,217,114,0,114,331
11/26/2008,SAC,CA,AWP,WE,Federal Contract Tower,0,9,49,0,58,0,12,82,0,94,0,21,131,0,152,28,0,28,180
11/27/2008,SAC,CA,AWP,WE,Federal Contract Tower,0,0,33,0,33,0,0,36,0,36,0,0,69,0,69,8,0,8,77
11/28/2008,SAC,CA,AWP,WE,Federal Contract Tower,0,6,53,0,59,0,7,77,0,84,0,13,130,0,143,48,0,48,191
11/29/2008,SAC,CA,AWP,WE,Federal Contract Tower,0,3,33,0,36,0,5,106,0,111,0,8,139,0,147,20,0,20,167
11/30/2008,SAC,CA,AWP,WE,Federal Contract Tower,0,5,54,0,59,0,6,199,0,205,0,11,253,0,264,51,0,51,315
12/01/2008,SAC,CA,AWP,WE,Federal Contract Tower,0,5,60,0,65,0,5,58,0,63,0,10,118,0,128,0,0,0,128
12/02/2008,SAC,CA,AWP,WE,Federal Contract Tower,0,14,103,0,117,0,5,56,0,61,0,19,159,0,178,0,0,0,178
12/03/2008,SAC,CA,AWP,WE,Federal Contract Tower,0,10,64,0,74,0,2,38,0,40,0,12,102,0,114,67,0,67,181
12/04/2008,SAC,CA,AWP,WE,Federal Contract Tower,0,9,81,0,90,0,1,88,0,89,0,10,169,0,179,49,0,49,228
12/05/2008,SAC,CA,AWP,WE,Federal Contract Tower,0,3,61,0,64,0,3,52,0,55,0,6,113,0,119,12,0,12,131
12/06/2008,SAC,CA,AWP,WE,Federal Contract Tower,0,1,42,0,43,0,0,11,0,11,0,1,53,0,54,0,0,0,54
12/07/2008,SAC,CA,AWP,WE,Federal Contract Tower,0,0,107,0,107,0,0,0,0,0,0,0,107,0,107,0,0,0,107
12/08/2008,SAC,CA,AWP,WE,Federal Contract Tower,0,8,70,0,78,0,11,18,0,29,0,19,88,0,107,32,0,32,139
12/09/2008,SAC,CA,AWP,WE,Federal Contract Tower,0,4,29,0,33,0,7,99,0,106,0,11,128,0,139,14,0,14,153
12/10/2008,SAC,CA,AWP,WE,Federal Contract Tower,0,5,47,0,52,0,2,181,0,183,0,7,228,0,235,66,0,66,301
12/11/2008,SAC,CA,AWP,WE,Federal Contract Tower,0,6,84,0,90,0,13,259,0,272,0,19,343,0,362,135,0,135,497
12/12/2008,SAC,CA,AWP,WE,Federal Contract Tower,0,5,36,0,41,0,4,66,0,70,0,9,102,0,111,0,0,0,111
12/13/2008,SAC,CA,AWP,WE,Federal Contract Tower,0,3,53,0,56,0,2,205,0,207,0,5,258,0,263,36,0,36,299
12/14/2008,SAC,CA,AWP,WE,Federal Contract Tower,0,1,33,0,34,0,1,72,1,74,0,2,105,1,108,48,0,48,156
12/15/2008,SAC,CA,AWP,WE,Federal Contract Tower,0,7,14,0,21,0,10,47,0,57,0,17,61,0,78,9,0,9,87
12/16/2008,SAC,CA,AWP,WE,Federal Contract Tower,0,7,44,0,51,0,1,46,0,47,0,8,90,0,98,0,0,0,98
12/17/2008,SAC,CA,AWP,WE,Federal Contract Tower,0,6,51,0,57,0,5,208,0,213,0,11,259,0,270,53,0,53,323
12/18/2008,SAC,CA,AWP,WE,Federal Contract Tower,0,11,50,6,67,0,12,104,16,132,0,23,154,22,199,102,1,103,302
12/19/2008,SAC,CA,AWP,WE,Federal Contract Tower,0,11,41,0,52,0,12,86,0,98,0,23,127,0,150,24,0,24,174
12/20/2008,SAC,CA,AWP,WE,Federal Contract Tower,0,0,69,0,69,0,1,196,0,197,0,1,265,0,266,66,0,66,332
12/21/2008,SAC,CA,AWP,WE,Federal Contract Tower,0,0,33,0,33,0,2,52,0,54,0,2,85,0,87,18,0,18,105
12/22/2008,SAC,CA,AWP,WE,Federal Contract Tower,0,13,46,4,63,0,9,142,0,151,0,22,188,4,214,23,0,23,237
12/23/2008,SAC,CA,AWP,WE,Federal Contract Tower,0,6,34,0,40,0,10,120,0,130,0,16,154,0,170,91,0,91,261
12/24/2008,SAC,CA,AWP,WE,Federal Contract Tower,0,8,10,0,18,0,2,39,0,41,0,10,49,0,59,14,0,14,73
12/25/2008,SAC,CA,AWP,WE,Federal Contract Tower,0,2,1,0,3,0,1,3,0,4,0,3,4,0,7,0,0,0,7
12/26/2008,SAC,CA,AWP,WE,Federal Contract Tower,0,4,49,0,53,0,7,148,0,155,0,11,197,0,208,25,0,25,233
12/27/2008,SAC,CA,AWP,WE,Federal Contract Tower,0,0,27,0,27,0,1,134,0,135,0,1,161,0,162,22,0,22,184
12/28/2008,SAC,CA,AWP,WE,Federal Contract Tower,0,1,20,0,21,0,4,128,0,132,0,5,148,0,153,44,0,44,197
12/29/2008,SAC,CA,AWP,WE,Federal Contract Tower,0,9,15,0,24,0,7,134,0,141,0,16,149,0,165,56,0,56,221
12/30/2008,SAC,CA,AWP,WE,Federal Contract Tower,0,8,28,0,36,0,3,49,0,52,0,11,77,0,88,14,0,14,102
12/31/2008,SAC,CA,AWP,WE,Federal Contract Tower,0,6,18,0,24,0,0,0,0,0,0,6,18,0,24,0,0,0,24
01/01/2009,SAC,CA,AWP,WE,Federal Contract Tower,0,10,37,0,47,0,0,0,0,0,0,10,37,0,47,0,0,0,47
01/02/2009,SAC,CA,AWP,WE,Federal Contract Tower,0,8,45,0,53,0,0,0,0,0,0,8,45,0,53,0,0,0,53
01/03/2009,SAC,CA,AWP,WE,Federal Contract Tower,0,3,39,0,42,0,4,150,0,154,0,7,189,0,196,26,0,26,222
01/04/2009,SAC,CA,AWP,WE,Federal Contract Tower,0,3,62,0,65,0,3,210,0,213,0,6,272,0,278,84,0,84,362
01/05/2009,SAC,CA,AWP,WE,Federal Contract Tower,0,11,26,0,37,0,1,28,0,29,0,12,54,0,66,16,0,16,82
01/06/2009,SAC,CA,AWP,WE,Federal Contract Tower,0,6,58,0,64,0,3,114,0,117,0,9,172,0,181,95,0,95,276
01/07/2009,SAC,CA,AWP,WE,Federal Contract Tower,0,12,83,0,95,0,0,0,0,0,0,12,83,0,95,0,0,0,95
01/08/2009,SAC,CA,AWP,WE,Federal Contract Tower,0,5,78,0,83,0,8,13,0,21,0,13,91,0,104,0,0,0,104
01/09/2009,SAC,CA,AWP,WE,Federal Contract Tower,0,0,0,0,0,0,6,213,0,219,0,6,213,0,219,56,0,56,275
01/10/2009,SAC,CA,AWP,WE,Federal Contract Tower,0,1,39,2,42,0,3,255,3,261,0,4,294,5,303,106,0,106,409
01/11/2009,SAC,CA,AWP,WE,Federal Contract Tower,0,1,35,0,36,0,1,90,0,91,0,2,125,0,127,50,0,50,177
01/12/2009,SAC,CA,AWP,WE,Federal Contract Tower,0,6,31,0,37,0,8,102,0,110,0,14,133,0,147,64,0,64,211
01/13/2009,SAC,CA,AWP,WE,Federal Contract Tower,0,7,46,0,53,0,6,177,0,183,0,13,223,0,236,82,0,82,318
01/14/2009,SAC,CA,AWP,WE,Federal Contract Tower,0,4,46,2,52,0,8,216,2,226,0,12,262,4,278,75,0,75,353
01/15/2009,SAC,CA,AWP,WE,Federal Contract Tower,0,4,49,0,53,0,9,217,0,226,0,13,266,0,279,48,0,48,327
01/16/2009,SAC,CA,AWP,WE,Federal Contract Tower,0,8,37,1,46,0,10,187,1,198,0,18,224,2,244,64,0,64,308
01/17/2009,SAC,CA,AWP,WE,Federal Contract Tower,0,1,23,0,24,0,5,206,0,211,0,6,229,0,235,86,0,86,321
01/18/2009,SAC,CA,AWP,WE,Federal Contract Tower,0,1,38,0,39,0,3,165,0,168,0,4,203,0,207,54,0,54,261
01/19/2009,SAC,CA,AWP,WE,Federal Contract Tower,0,0,32,0,32,0,4,197,0,201,0,4,229,0,233,59,0,59,292
01/20/2009,SAC,CA,AWP,WE,Federal Contract Tower,0,5,44,0,49,0,11,200,5,216,0,16,244,5,265,21,0,21,286
01/21/2009,SAC,CA,AWP,WE,Federal Contract Tower,0,5,62,1,68,0,6,146,0,152,0,11,208,1,220,58,0,58,278
01/22/2009,SAC,CA,AWP,WE,Federal Contract Tower,0,24,82,0,106,0,0,0,0,0,0,24,82,0,106,0,0,0,106
01/23/2009,SAC,CA,AWP,WE,Federal Contract Tower,0,5,57,0,62,0,0,0,0,0,0,5,57,0,62,0,0,0,62
01/24/2009,SAC,CA,AWP,WE,Federal Contract Tower,0,2,52,0,54,0,3,58,0,61,0,5,110,0,115,2,0,2,117
01/25/2009,SAC,CA,AWP,WE,Federal Contract Tower,0,2,55,0,57,0,0,132,0,132,0,2,187,0,189,30,0,30,219
01/26/2009,SAC,CA,AWP,WE,Federal Contract Tower,0,7,35,1,43,0,6,186,2,194,0,13,221,3,237,115,0,115,352
01/27/2009,SAC,CA,AWP,WE,Federal Contract Tower,0,9,68,0,77,0,7,209,0,216,0,16,277,0,293,50,0,50,343
01/28/2009,SAC,CA,AWP,WE,Federal Contract Tower,0,5,42,0,47,0,8,218,0,226,0,13,260,0,273,33,0,33,306
01/29/2009,SAC,CA,AWP,WE,Federal Contract Tower,0,12,44,0,56,0,11,199,0,210,0,23,243,0,266,62,0,62,328
01/30/2009,SAC,CA,AWP,WE,Federal Contract Tower,0,2,57,1,60,0,6,282,0,288,0,8,339,1,348,90,0,90,438
01/31/2009,SAC,CA,AWP,WE,Federal Contract Tower,0,2,52,0,54,0,8,235,1,244,0,10,287,1,298,14,0,14,312
02/01/2009,SAC,CA,AWP,WE,Federal Contract Tower,0,1,27,0,28,0,0,150,0,150,0,1,177,0,178,22,0,22,200
02/02/2009,SAC,CA,AWP,WE,Federal Contract Tower,0,7,29,0,36,0,9,143,0,152,0,16,172,0,188,38,0,38,226
02/03/2009,SAC,CA,AWP,WE,Federal Contract Tower,0,9,48,0,57,0,10,224,0,234,0,19,272,0,291,121,0,121,412
02/04/2009,SAC,CA,AWP,WE,Federal Contract Tower,0,12,31,0,43,0,4,197,0,201,0,16,228,0,244,14,0,14,258
02/05/2009,SAC,CA,AWP,WE,Federal Contract Tower,0,12,37,0,49,0,13,0,49,62,0,25,37,49,111,8,0,8,119
02/06/2009,SAC,CA,AWP,WE,Federal Contract Tower,6,34,0,0,40,0,7,75,0,82,6,41,75,0,122,43,0,43,165
02/07/2009,SAC,CA,AWP,WE,Federal Contract Tower,0,0,39,0,39,0,3,150,0,153,0,3,189,0,192,62,0,62,254
02/08/2009,SAC,CA,AWP,WE,Federal Contract Tower,0,2,58,0,60,0,3,91,0,94,0,5,149,0,154,25,0,25,179
02/09/2009,SAC,CA,AWP,WE,Federal Contract Tower,0,10,18,0,28,0,8,83,0,91,0,18,101,0,119,61,0,61,180
02/10/2009,SAC,CA,AWP,WE,Federal Contract Tower,0,8,49,0,57,0,9,168,0,177,0,17,217,0,234,49,0,49,283
02/11/2009,SAC,CA,AWP,WE,Federal Contract Tower,0,10,30,0,40,0,11,77,0,88,0,21,107,0,128,14,0,14,142
02/12/2009,SAC,CA,AWP,WE,Federal Contract Tower,0,7,48,0,55,0,13,52,0,65,0,20,100,0,120,77,0,77,197
02/13/2009,SAC,CA,AWP,WE,Federal Contract Tower,0,7,34,0,41,0,7,67,0,74,0,14,101,0,115,20,0,20,135
02/14/2009,SAC,CA,AWP,WE,Federal Contract Tower,0,1,14,0,15,0,2,71,0,73,0,3,85,0,88,0,0,0,88
02/15/2009,SAC,CA,AWP,WE,Federal Contract Tower,0,1,6,0,7,0,2,16,0,18,0,3,22,0,25,0,0,0,25
02/16/2009,SAC,CA,AWP,WE,Federal Contract Tower,0,5,30,0,35,0,3,30,0,33,0,8,60,0,68,26,0,26,94
02/17/2009,SAC,CA,AWP,WE,Federal Contract Tower,0,14,20,0,34,0,3,14,0,17,0,17,34,0,51,0,0,0,51
02/18/2009,SAC,CA,AWP,WE,Federal Contract Tower,0,8,46,0,54,0,3,153,0,156,0,11,199,0,210,65,0,65,275
02/19/2009,SAC,CA,AWP,WE,Federal Contract Tower,0,4,44,0,48,0,4,214,0,218,0,8,258,0,266,86,0,86,352
02/20/2009,SAC,CA,AWP,WE,Federal Contract Tower,0,5,43,0,48,0,7,238,0,245,0,12,281,0,293,90,0,90,383
02/21/2009,SAC,CA,AWP,WE,Federal Contract Tower,0,2,52,0,54,0,7,202,0,209,0,9,254,0,263,34,0,34,297
02/22/2009,SAC,CA,AWP,WE,Federal Contract Tower,0,4,8,0,12,0,0,0,0,0,0,4,8,0,12,0,0,0,12
02/23/2009,SAC,CA,AWP,WE,Federal Contract Tower,0,10,27,0,37,0,3,29,0,32,0,13,56,0,69,7,0,7,76
02/24/2009,SAC,CA,AWP,WE,Federal Contract Tower,0,6,36,4,46,0,8,150,0,158,0,14,186,4,204,41,0,41,245
02/25/2009,SAC,CA,AWP,WE,Federal Contract Tower,0,7,52,0,59,0,3,115,0,118,0,10,167,0,177,46,0,46,223
02/26/2009,SAC,CA,AWP,WE,Federal Contract Tower,0,5,31,0,36,0,11,93,0,104,0,16,124,0,140,74,0,74,214
02/27/2009,SAC,CA,AWP,WE,Federal Contract Tower,0,6,60,0,66,0,8,246,0,254,0,14,306,0,320,26,0,26,346
02/28/2009,SAC,CA,AWP,WE,Federal Contract Tower,0,3,65,0,68,0,8,217,0,225,0,11,282,0,293,60,0,60,353
03/01/2009,SAC,CA,AWP,WE,Federal Contract Tower,0,4,23,0,27,0,0,7,0,7,0,4,30,0,34,0,0,0,34
03/02/2009,SAC,CA,AWP,WE,Federal Contract Tower,0,6,16,0,22,0,9,24,0,33,0,15,40,0,55,4,0,4,59
03/03/2009,SAC,CA,AWP,WE,Federal Contract Tower,0,10,16,2,28,0,10,14,2,26,0,20,30,4,54,6,0,6,60
03/04/2009,SAC,CA,AWP,WE,Federal Contract Tower,0,13,49,0,62,0,2,66,0,68,0,15,115,0,130,18,0,18,148
03/05/2009,SAC,CA,AWP,WE,Federal Contract Tower,0,5,56,0,61,0,9,186,2,197,0,14,242,2,258,54,0,54,312
03/06/2009,SAC,CA,AWP,WE,Federal Contract Tower,0,8,47,0,55,0,6,226,0,232,0,14,273,0,287,22,0,22,309
03/07/2009,SAC,CA,AWP,WE,Federal Contract Tower,0,0,49,0,49,0,0,217,0,217,0,0,266,0,266,78,0,78,344
03/08/2009,SAC,CA,AWP,WE,Federal Contract Tower,0,0,36,0,36,0,2,156,0,158,0,2,192,0,194,38,0,38,232
03/09/2009,SAC,CA,AWP,WE,Federal Contract Tower,0,6,28,0,34,0,9,118,0,127,0,15,146,0,161,14,0,14,175
03/10/2009,SAC,CA,AWP,WE,Federal Contract Tower,0,7,57,0,64,0,7,181,0,188,0,14,238,0,252,19,0,19,271
03/11/2009,SAC,CA,AWP,WE,Federal Contract Tower,0,4,43,0,47,0,15,197,0,212,0,19,240,0,259,44,0,44,303
03/12/2009,SAC,CA,AWP,WE,Federal Contract Tower,0,5,66,0,71,0,9,236,0,245,0,14,302,0,316,74,0,74,390
03/13/2009,SAC,CA,AWP,WE,Federal Contract Tower,0,3,53,0,56,0,3,177,0,180,0,6,230,0,236,56,0,56,292
03/14/2009,SAC,CA,AWP,WE,Federal Contract Tower,0,2,50,0,52,0,0,136,0,136,0,2,186,0,188,10,0,10,198
03/15/2009,SAC,CA,AWP,WE,Federal Contract Tower,0,2,54,0,56,0,2,76,0,78,0,4,130,0,134,2,0,2,136
03/16/2009,SAC,CA,AWP,WE,Federal Contract Tower,0,6,26,0,32,0,12,83,0,95,0,18,109,0,127,44,0,44,171
03/17/2009,SAC,CA,AWP,WE,Federal Contract Tower,0,7,47,0,54,0,7,144,0,151,0,14,191,0,205,21,0,21,226
03/18/2009,SAC,CA,AWP,WE,Federal Contract Tower,0,4,54,0,58,0,12,169,0,181,0,16,223,0,239,19,0,19,258
03/19/2009,SAC,CA,AWP,WE,Federal Contract Tower,0,2,62,0,64,0,12,223,0,235,0,14,285,0,299,64,0,64,363
03/20/2009,SAC,CA,AWP,WE,Federal Contract Tower,0,5,35,0,40,0,4,222,0,226,0,9,257,0,266,50,0,50,316
03/21/2009,SAC,CA,AWP,WE,Federal Contract Tower,0,3,19,0,22,0,10,88,0,98,0,13,107,0,120,24,0,24,144
03/22/2009,SAC,CA,AWP,WE,Federal Contract Tower,0,1,21,0,22,0,0,65,0,65,0,1,86,0,87,16,0,16,103
03/23/2009,SAC,CA,AWP,WE,Federal Contract Tower,0,3,20,0,23,0,13,109,0,122,0,16,129,0,145,19,0,19,164
03/24/2009,SAC,CA,AWP,WE,Federal Contract Tower,0,5,30,0,35,0,11,168,0,179,0,16,198,0,214,19,0,19,233
03/25/2009,SAC,CA,AWP,WE,Federal Contract Tower,0,8,49,0,57,0,7,212,1,220,0,15,261,1,277,60,0,60,337
03/26/2009,SAC,CA,AWP,WE,Federal Contract Tower,0,9,38,0,47,0,13,149,0,162,0,22,187,0,209,43,0,43,252
03/27/2009,SAC,CA,AWP,WE,Federal Contract Tower,0,7,25,0,32,0,16,194,0,210,0,23,219,0,242,86,0,86,328
03/28/2009,SAC,CA,AWP,WE,Federal Contract Tower,0,2,21,0,23,0,3,181,0,184,0,5,202,0,207,46,0,46,253
03/29/2009,SAC,CA,AWP,WE,Federal Contract Tower,0,1,35,0,36,0,1,102,0,103,0,2,137,0,139,6,0,6,145
03/30/2009,SAC,CA,AWP,WE,Federal Contract Tower,0,2,36,0,38,0,12,95,0,107,0,14,131,0,145,12,0,12,157
03/31/2009,SAC,CA,AWP,WE,Federal Contract Tower,0,3,33,0,36,0,11,191,0,202,0,14,224,0,238,76,0,76,314
04/01/2009,SAC,CA,AWP,WE,Federal Contract Tower,0,4,49,0,53,0,7,115,0,122,0,11,164,0,175,26,0,26,201
04/02/2009,SAC,CA,AWP,WE,Federal Contract Tower,0,5,23,0,28,0,13,157,0,170,0,18,180,0,198,38,0,38,236
04/03/2009,SAC,CA,AWP,WE,Federal Contract Tower,0,3,16,0,19,0,14,86,0,100,0,17,102,0,119,36,0,36,155
04/04/2009,SAC,CA,AWP,WE,Federal Contract Tower,0,0,23,0,23,0,3,186,0,189,0,3,209,0,212,74,0,74,286
04/05/2009,SAC,CA,AWP,WE,Federal Contract Tower,0,0,64,0,64,0,0,191,0,191,0,0,255,0,255,43,0,43,298
04/06/2009,SAC,CA,AWP,WE,Federal Contract Tower,0,3,26,0,29,0,12,141,0,153,0,15,167,0,182,25,0,25,207
04/07/2009,SAC,CA,AWP,WE,Federal Contract Tower,0,6,48,0,54,0,4,80,0,84,0,10,128,0,138,0,0,0,138
04/08/2009,SAC,CA,AWP,WE,Federal Contract Tower,0,4,40,0,44,0,6,91,0,97,0,10,131,0,141,84,0,84,225
04/09/2009,SAC,CA,AWP,WE,Federal Contract Tower,0,10,50,0,60,0,0,35,0,35,0,10,85,0,95,18,0,18,113
04/10/2009,SAC,CA,AWP,WE,Federal Contract Tower,0,2,44,0,46,0,7,89,0,96,0,9,133,0,142,12,0,12,154
04/11/2009,SAC,CA,AWP,WE,Federal Contract Tower,0,0,49,0,49,0,1,196,0,197,0,1,245,0,246,44,0,44,290
04/12/2009,SAC,CA,AWP,WE,Federal Contract Tower,0,0,32,0,32,0,2,100,0,102,0,2,132,0,134,31,0,31,165
04/13/2009,SAC,CA,AWP,WE,Federal Contract Tower,0,1,27,0,28,0,11,139,0,150,0,12,166,0,178,56,0,56,234
04/14/2009,SAC,CA,AWP,WE,Federal Contract Tower,0,6,24,6,36,0,1,58,6,65,0,7,82,12,101,35,0,35,136
04/15/2009,SAC,CA,AWP,WE,Federal Contract Tower,0,3,26,0,29,0,11,126,0,137,0,14,152,0,166,64,0,64,230
04/16/2009,SAC,CA,AWP,WE,Federal Contract Tower,0,2,68,13,83,9,18,221,4,252,9,20,289,17,335,65,0,65,400
04/17/2009,SAC,CA,AWP,WE,Federal Contract Tower,0,5,42,0,47,0,12,209,0,221,0,17,251,0,268,18,0,18,286
04/18/2009,SAC,CA,AWP,WE,Federal Contract Tower,0,1,46,0,47,0,1,221,0,222,0,2,267,0,269,80,0,80,349
04/19/2009,SAC,CA,AWP,WE,Federal Contract Tower,0,3,48,0,51,0,5,156,0,161,0,8,204,0,212,51,0,51,263
04/20/2009,SAC,CA,AWP,WE,Federal Contract Tower,0,4,36,0,40,0,13,179,0,192,0,17,215,0,232,71,0,71,303
04/21/2009,SAC,CA,AWP,WE,Federal Contract Tower,0,1,51,0,52,0,9,195,0,204,0,10,246,0,256,25,0,25,281
04/22/2009,SAC,CA,AWP,WE,Federal Contract Tower,0,2,41,0,43,0,8,175,0,183,0,10,216,0,226,6,0,6,232
04/23/2009,SAC,CA,AWP,WE,Federal Contract Tower,0,4,37,0,41,0,10,166,0,176,0,14,203,0,217,30,0,30,247
04/24/2009,SAC,CA,AWP,WE,Federal Contract Tower,0,4,36,0,40,0,9,140,0,149,0,13,176,0,189,43,0,43,232
04/25/2009,SAC,CA,AWP,WE,Federal Contract Tower,0,0,30,0,30,0,4,181,0,185,0,4,211,0,215,48,0,48,263
04/26/2009,SAC,CA,AWP,WE,Federal Contract Tower,0,2,28,0,30,0,5,161,0,166,0,7,189,0,196,84,0,84,280
04/27/2009,SAC,CA,AWP,WE,Federal Contract Tower,0,5,25,0,30,0,13,115,0,128,0,18,140,0,158,16,0,16,174
04/28/2009,SAC,CA,AWP,WE,Federal Contract Tower,0,1,73,0,74,0,9,156,0,165,0,10,229,0,239,36,0,36,275
04/29/2009,SAC,CA,AWP,WE,Federal Contract Tower,0,6,61,0,67,0,4,196,0,200,0,10,257,0,267,41,0,41,308
04/30/2009,SAC,CA,AWP,WE,Federal Contract Tower,0,5,65,0,70,0,8,224,0,232,0,13,289,0,302,67,0,67,369
05/01/2009,SAC,CA,AWP,WE,Federal Contract Tower,0,5,51,0,56,0,5,112,0,117,0,10,163,0,173,86,0,86,259
05/02/2009,SAC,CA,AWP,WE,Federal Contract Tower,0,1,46,0,47,0,3,86,0,89,0,4,132,0,136,44,0,44,180
05/03/2009,SAC,CA,AWP,WE,Federal Contract Tower,0,2,29,0,31,0,0,27,0,27,0,2,56,0,58,18,0,18,76
05/04/2009,SAC,CA,AWP,WE,Federal Contract Tower,0,12,48,0,60,0,13,99,0,112,0,25,147,0,172,43,0,43,215
05/05/2009,SAC,CA,AWP,WE,Federal Contract Tower,0,4,51,0,55,0,5,128,0,133,0,9,179,0,188,25,0,25,213
05/06/2009,SAC,CA,AWP,WE,Federal Contract Tower,0,6,44,0,50,0,12,185,0,197,0,18,229,0,247,72,0,72,319
05/07/2009,SAC,CA,AWP,WE,Federal Contract Tower,0,5,55,0,60,0,6,180,0,186,0,11,235,0,246,43,0,43,289
05/08/2009,SAC,CA,AWP,WE,Federal Contract Tower,0,4,48,0,52,0,4,183,0,187,0,8,231,0,239,76,0,76,315
05/09/2009,SAC,CA,AWP,WE,Federal Contract Tower,0,1,57,0,58,0,2,240,0,242,0,3,297,0,300,56,0,56,356
05/10/2009,SAC,CA,AWP,WE,Federal Contract Tower,0,1,26,0,27,0,3,113,0,116,0,4,139,0,143,35,0,35,178
05/11/2009,SAC,CA,AWP,WE,Federal Contract Tower,0,2,39,0,41,0,11,143,0,154,0,13,182,0,195,28,0,28,223
05/12/2009,SAC,CA,AWP,WE,Federal Contract Tower,0,1,38,0,39,0,13,172,0,185,0,14,210,0,224,33,0,33,257
05/13/2009,SAC,CA,AWP,WE,Federal Contract Tower,0,3,43,0,46,0,8,148,15,171,0,11,191,15,217,34,0,34,251
05/14/2009,SAC,CA,AWP,WE,Federal Contract Tower,0,2,29,0,31,0,15,171,0,186,0,17,200,0,217,34,0,34,251
05/15/2009,SAC,CA,AWP,WE,Federal Contract Tower,0,3,49,0,52,0,7,236,0,243,0,10,285,0,295,64,0,64,359
05/16/2009,SAC,CA,AWP,WE,Federal Contract Tower,0,7,26,0,33,0,2,157,0,159,0,9,183,0,192,49,0,49,241
05/17/2009,SAC,CA,AWP,WE,Federal Contract Tower,0,0,11,0,11,0,2,131,0,133,0,2,142,0,144,14,0,14,158
05/18/2009,SAC,CA,AWP,WE,Federal Contract Tower,0,0,42,0,42,0,12,161,0,173,0,12,203,0,215,58,0,58,273
05/19/2009,SAC,CA,AWP,WE,Federal Contract Tower,0,3,39,2,44,0,9,168,0,177,0,12,207,2,221,36,0,36,257
05/20/2009,SAC,CA,AWP,WE,Federal Contract Tower,0,1,63,0,64,0,11,218,0,229,0,12,281,0,293,55,0,55,348
05/21/2009,SAC,CA,AWP,WE,Federal Contract Tower,0,7,42,0,49,0,11,210,0,221,0,18,252,0,270,18,0,18,288
05/22/2009,SAC,CA,AWP,WE,Federal Contract Tower,0,7,60,0,67,0,16,223,0,239,0,23,283,0,306,72,0,72,378
05/23/2009,SAC,CA,AWP,WE,Federal Contract Tower,0,2,20,0,22,0,2,168,0,170,0,4,188,0,192,44,0,44,236
05/24/2009,SAC,CA,AWP,WE,Federal Contract Tower,0,2,18,0,20,0,3,92,0,95,0,5,110,0,115,51,0,51,166
05/25/2009,SAC,CA,AWP,WE,Federal Contract Tower,0,0,28,0,28,0,7,187,0,194,0,7,215,0,222,59,0,59,281
05/26/2009,SAC,CA,AWP,WE,Federal Contract Tower,0,1,35,0,36,0,14,166,0,180,0,15,201,0,216,38,0,38,254
05/27/2009,SAC,CA,AWP,WE,Federal Contract Tower,0,2,70,2,74,0,9,226,0,235,0,11,296,2,309,46,0,46,355
05/28/2009,SAC,CA,AWP,WE,Federal Contract Tower,0,4,50,0,54,0,16,197,0,213,0,20,247,0,267,36,0,36,303
05/29/2009,SAC,CA,AWP,WE,Federal Contract Tower,0,3,47,0,50,0,7,197,0,204,0,10,244,0,254,54,0,54,308
05/30/2009,SAC,CA,AWP,WE,Federal Contract Tower,0,1,63,0,64,0,6,178,0,184,0,7,241,0,248,10,0,10,258
05/31/2009,SAC,CA,AWP,WE,Federal Contract Tower,0,0,62,0,62,0,3,167,0,170,0,3,229,0,232,18,0,18,250
06/01/2009,SAC,CA,AWP,WE,Federal Contract Tower,0,2,19,0,21,0,12,121,0,133,0,14,140,0,154,16,0,16,170
06/02/2009,SAC,CA,AWP,WE,Federal Contract Tower,0,1,61,0,62,0,9,140,0,149,0,10,201,0,211,20,0,20,231
06/03/2009,SAC,CA,AWP,WE,Federal Contract Tower,0,5,74,0,79,0,6,175,0,181,0,11,249,0,260,58,0,58,318
06/04/2009,SAC,CA,AWP,WE,Federal Contract Tower,0,3,58,3,64,0,9,115,0,124,0,12,173,3,188,62,0,62,250
06/05/2009,SAC,CA,AWP,WE,Federal Contract Tower,0,1,59,0,60,0,11,106,0,117,0,12,165,0,177,46,0,46,223
06/06/2009,SAC,CA,AWP,WE,Federal Contract Tower,0,0,33,1,34,0,3,149,1,153,0,3,182,2,187,40,0,40,227
06/07/2009,SAC,CA,AWP,WE,Federal Contract Tower,0,0,31,0,31,0,1,173,0,174,0,1,204,0,205,12,0,12,217
06/08/2009,SAC,CA,AWP,WE,Federal Contract Tower,0,5,56,3,64,0,8,170,11,189,0,13,226,14,253,34,0,34,287
06/09/2009,SAC,CA,AWP,WE,Federal Contract Tower,0,3,59,0,62,0,12,177,3,192,0,15,236,3,254,99,0,99,353
06/10/2009,SAC,CA,AWP,WE,Federal Contract Tower,0,1,42,0,43,0,9,158,0,167,0,10,200,0,210,60,0,60,270
06/11/2009,SAC,CA,AWP,WE,Federal Contract Tower,0,4,41,0,45,0,10,162,0,172,0,14,203,0,217,22,0,22,239
06/12/2009,SAC,CA,AWP,WE,Federal Contract Tower,0,4,60,0,64,0,8,189,0,197,0,12,249,0,261,26,0,26,287
06/13/2009,SAC,CA,AWP,WE,Federal Contract Tower,0,3,38,0,41,0,4,148,0,152,0,7,186,0,193,34,0,34,227
06/14/2009,SAC,CA,AWP,WE,Federal Contract Tower,0,2,21,0,23,0,1,128,0,129,0,3,149,0,152,32,0,32,184
06/15/2009,SAC,CA,AWP,WE,Federal Contract Tower,0,5,23,0,28,0,20,136,0,156,0,25,159,0,184,10,0,10,194
06/16/2009,SAC,CA,AWP,WE,Federal Contract Tower,0,4,40,0,44,0,3,186,0,189,0,7,226,0,233,50,0,50,283
06/17/2009,SAC,CA,AWP,WE,Federal Contract Tower,0,2,44,0,46,0,6,188,0,194,0,8,232,0,240,58,0,58,298
06/18/2009,SAC,CA,AWP,WE,Federal Contract Tower,0,4,39,0,43,0,10,197,0,207,0,14,236,0,250,34,0,34,284
06/19/2009,SAC,CA,AWP,WE,Federal Contract Tower,0,2,46,0,48,0,15,180,0,195,0,17,226,0,243,104,0,104,347
06/20/2009,SAC,CA,AWP,WE,Federal Contract Tower,0,1,47,0,48,0,1,181,0,182,0,2,228,0,230,68,0,68,298
06/21/2009,SAC,CA,AWP,WE,Federal Contract Tower,0,1,20,0,21,0,8,128,0,136,0,9,148,0,157,36,0,36,193
06/22/2009,SAC,CA,AWP,WE,Federal Contract Tower,0,0,42,0,42,0,12,187,0,199,0,12,229,0,241,87,0,87,328
06/23/2009,SAC,CA,AWP,WE,Federal Contract Tower,0,1,51,4,56,0,17,180,4,201,0,18,231,8,257,31,0,31,288
06/24/2009,SAC,CA,AWP,WE,Federal Contract Tower,0,3,38,0,41,0,14,176,0,190,0,17,214,0,231,116,0,116,347
06/25/2009,SAC,CA,AWP,WE,Federal Contract Tower,0,9,58,0,67,0,10,213,0,223,0,19,271,0,290,54,0,54,344
06/26/2009,SAC,CA,AWP,WE,Federal Contract Tower,0,1,61,12,74,0,8,225,4,237,0,9,286,16,311,86,0,86,397
06/27/2009,SAC,CA,AWP,WE,Federal Contract Tower,0,1,44,0,45,0,9,158,0,167,0,10,202,0,212,46,0,46,258
06/28/2009,SAC,CA,AWP,WE,Federal Contract Tower,0,1,37,0,38,0,6,138,0,144,0,7,175,0,182,36,0,36,218
06/29/2009,SAC,CA,AWP,WE,Federal Contract Tower,0,0,49,0,49,0,14,169,0,183,0,14,218,0,232,51,0,51,283
06/30/2009,SAC,CA,AWP,WE,Federal Contract Tower,0,0,38,0,38,0,12,146,0,158,0,12,184,0,196,26,0,26,222
07/01/2009,SAC,CA,AWP,WE,Federal Contract Tower,0,2,47,1,50,0,10,165,0,175,0,12,212,1,225,56,0,56,281
07/02/2009,SAC,CA,AWP,WE,Federal Contract Tower,0,0,39,0,39,0,9,199,0,208,0,9,238,0,247,54,0,54,301
07/03/2009,SAC,CA,AWP,WE,Federal Contract Tower,0,2,23,0,25,0,6,166,0,172,0,8,189,0,197,61,0,61,258
07/04/2009,SAC,CA,AWP,WE,Federal Contract Tower,0,0,17,0,17,0,3,107,0,110,0,3,124,0,127,18,0,18,145
07/05/2009,SAC,CA,AWP,WE,Federal Contract Tower,0,0,7,0,7,0,6,85,0,91,0,6,92,0,98,24,0,24,122
07/06/2009,SAC,CA,AWP,WE,Federal Contract Tower,0,0,28,0,28,0,14,165,0,179,0,14,193,0,207,16,0,16,223
07/07/2009,SAC,CA,AWP,WE,Federal Contract Tower,0,2,34,0,36,0,11,151,0,162,0,13,185,0,198,15,0,15,213
07/08/2009,SAC,CA,AWP,WE,Federal Contract Tower,0,3,26,0,29,0,14,168,0,182,0,17,194,0,211,29,0,29,240
07/09/2009,SAC,CA,AWP,WE,Federal Contract Tower,0,3,22,0,25,0,14,145,0,159,0,17,167,0,184,58,0,58,242
07/10/2009,SAC,CA,AWP,WE,Federal Contract Tower,0,1,29,10,40,0,18,199,11,228,0,19,228,21,268,38,0,38,306
07/11/2009,SAC,CA,AWP,WE,Federal Contract Tower,0,1,34,0,35,0,6,160,0,166,0,7,194,0,201,40,0,40,241
07/12/2009,SAC,CA,AWP,WE,Federal Contract Tower,0,0,42,2,44,4,145,1,0,150,4,145,43,2,194,34,0,34,228
07/13/2009,SAC,CA,AWP,WE,Federal Contract Tower,0,2,16,0,18,0,15,145,1,161,0,17,161,1,179,34,0,34,213
07/14/2009,SAC,CA,AWP,WE,Federal Contract Tower,0,0,32,0,32,0,17,157,2,176,0,17,189,2,208,37,2,39,247
07/15/2009,SAC,CA,AWP,WE,Federal Contract Tower,0,3,36,0,39,0,13,186,0,199,0,16,222,0,238,36,0,36,274
07/16/2009,SAC,CA,AWP,WE,Federal Contract Tower,0,0,61,2,63,0,10,176,2,188,0,10,237,4,251,35,0,35,286
07/17/2009,SAC,CA,AWP,WE,Federal Contract Tower,0,1,28,0,29,0,7,174,0,181,0,8,202,0,210,50,0,50,260
07/18/2009,SAC,CA,AWP,WE,Federal Contract Tower,0,0,40,0,40,0,10,173,0,183,0,10,213,0,223,44,0,44,267
07/19/2009,SAC,CA,AWP,WE,Federal Contract Tower,0,1,20,0,21,0,3,107,0,110,0,4,127,0,131,68,0,68,199
07/20/2009,SAC,CA,AWP,WE,Federal Contract Tower,0,3,46,0,49,0,16,155,0,171,0,19,201,0,220,24,0,24,244
07/21/2009,SAC,CA,AWP,WE,Federal Contract Tower,0,1,34,0,35,0,11,151,0,162,0,12,185,0,197,24,0,24,221
07/22/2009,SAC,CA,AWP,WE,Federal Contract Tower,0,6,27,0,33,0,13,182,0,195,0,19,209,0,228,46,0,46,274
07/23/2009,SAC,CA,AWP,WE,Federal Contract Tower,0,6,42,0,48,0,15,199,0,214,0,21,241,0,262,62,0,62,324
07/24/2009,SAC,CA,AWP,WE,Federal Contract Tower,0,6,46,0,52,0,9,194,0,203,0,15,240,0,255,70,0,70,325
07/25/2009,SAC,CA,AWP,WE,Federal Contract Tower,0,0,31,0,31,0,6,149,0,155,0,6,180,0,186,54,0,54,240
07/26/2009,SAC,CA,AWP,WE,Federal Contract Tower,0,0,23,0,23,0,1,111,0,112,0,1,134,0,135,46,0,46,181
07/27/2009,SAC,CA,AWP,WE,Federal Contract Tower,0,1,22,0,23,0,9,129,0,138,0,10,151,0,161,54,0,54,215
07/28/2009,SAC,CA,AWP,WE,Federal Contract Tower,0,4,37,0,41,0,7,161,0,168,0,11,198,0,209,17,0,17,226
07/29/2009,SAC,CA,AWP,WE,Federal Contract Tower,0,4,48,0,52,0,5,188,0,193,0,9,236,0,245,68,0,68,313
07/30/2009,SAC,CA,AWP,WE,Federal Contract Tower,0,6,44,0,50,0,14,144,0,158,0,20,188,0,208,61,0,61,269
07/31/2009,SAC,CA,AWP,WE,Federal Contract Tower,0,3,57,0,60,0,5,204,0,209,0,8,261,0,269,16,0,16,285
08/01/2009,SAC,CA,AWP,WE,Federal Contract Tower,0,2,28,0,30,0,4,162,3,169,0,6,190,3,199,60,0,60,259
08/02/2009,SAC,CA,AWP,WE,Federal Contract Tower,0,2,42,0,44,0,3,167,0,170,0,5,209,0,214,28,0,28,242
08/03/2009,SAC,CA,AWP,WE,Federal Contract Tower,0,4,41,0,45,9,16,136,0,161,9,20,177,0,206,50,0,50,256
08/04/2009,SAC,CA,AWP,WE,Federal Contract Tower,0,1,27,0,28,0,8,121,0,129,0,9,148,0,157,50,0,50,207
08/05/2009,SAC,CA,AWP,WE,Federal Contract Tower,0,4,31,0,35,0,15,197,0,212,0,19,228,0,247,34,0,34,281
08/06/2009,SAC,CA,AWP,WE,Federal Contract Tower,0,6,29,0,35,0,15,115,4,134,0,21,144,4,169,38,0,38,207
08/07/2009,SAC,CA,AWP,WE,Federal Contract Tower,0,0,33,0,33,0,9,187,0,196,0,9,220,0,229,28,0,28,257
08/08/2009,SAC,CA,AWP,WE,Federal Contract Tower,0,0,28,0,28,0,6,170,0,176,0,6,198,0,204,34,0,34,238
08/09/2009,SAC,CA,AWP,WE,Federal Contract Tower,0,1,16,0,17,0,0,164,0,164,0,1,180,0,181,38,0,38,219
08/10/2009,SAC,CA,AWP,WE,Federal Contract Tower,0,2,41,0,43,0,19,129,0,148,0,21,170,0,191,40,0,40,231
08/11/2009,SAC,CA,AWP,WE,Federal Contract Tower,0,3,13,7,23,0,10,134,8,152,0,13,147,15,175,50,0,50,225
08/12/2009,SAC,CA,AWP,WE,Federal Contract Tower,0,3,21,0,24,0,8,156,0,164,0,11,177,0,188,69,0,69,257
08/13/2009,SAC,CA,AWP,WE,Federal Contract Tower,0,2,38,0,40,0,7,151,0,158,0,9,189,0,198,14,0,14,212
08/14/2009,SAC,CA,AWP,WE,Federal Contract Tower,0,0,56,0,56,0,5,211,0,216,0,5,267,0,272,61,0,61,333
08/15/2009,SAC,CA,AWP,WE,Federal Contract Tower,0,3,15,0,18,0,3,163,0,166,0,6,178,0,184,94,0,94,278
08/16/2009,SAC,CA,AWP,WE,Federal Contract Tower,0,0,32,0,32,0,0,175,0,175,0,0,207,0,207,1,0,1,208
08/17/2009,SAC,CA,AWP,WE,Federal Contract Tower,0,3,24,0,27,0,15,147,0,162,0,18,171,0,189,55,0,55,244
08/18/2009,SAC,CA,AWP,WE,Federal Contract Tower,0,3,34,0,37,0,7,188,0,195,0,10,222,0,232,73,0,73,305
08/19/2009,SAC,CA,AWP,WE,Federal Contract Tower,0,8,52,0,60,0,8,179,0,187,0,16,231,0,247,64,0,64,311
08/20/2009,SAC,CA,AWP,WE,Federal Contract Tower,0,6,26,0,32,0,13,178,0,191,0,19,204,0,223,63,0,63,286
08/21/2009,SAC,CA,AWP,WE,Federal Contract Tower,0,4,63,0,67,0,10,198,0,208,0,14,261,0,275,43,0,43,318
08/22/2009,SAC,CA,AWP,WE,Federal Contract Tower,0,2,48,0,50,0,2,188,0,190,0,4,236,0,240,60,0,60,300
08/23/2009,SAC,CA,AWP,WE,Federal Contract Tower,0,2,47,0,49,0,4,209,0,213,0,6,256,0,262,86,0,86,348
08/24/2009,SAC,CA,AWP,WE,Federal Contract Tower,0,1,36,0,37,0,16,185,0,201,0,17,221,0,238,52,0,52,290
08/25/2009,SAC,CA,AWP,WE,Federal Contract Tower,0,2,49,0,51,0,8,205,0,213,0,10,254,0,264,74,0,74,338
08/26/2009,SAC,CA,AWP,WE,Federal Contract Tower,0,5,76,2,83,0,15,206,2,223,0,20,282,4,306,92,0,92,398
08/27/2009,SAC,CA,AWP,WE,Federal Contract Tower,0,4,29,0,33,0,12,209,0,221,0,16,238,0,254,46,0,46,300
08/28/2009,SAC,CA,AWP,WE,Federal Contract Tower,0,3,46,0,49,0,3,258,0,261,0,6,304,0,310,31,0,31,341
08/29/2009,SAC,CA,AWP,WE,Federal Contract Tower,0,0,26,0,26,0,4,179,0,183,0,4,205,0,209,78,0,78,287
08/30/2009,SAC,CA,AWP,WE,Federal Contract Tower,0,0,30,0,30,0,6,178,0,184,0,6,208,0,214,66,0,66,280
08/31/2009,SAC,CA,AWP,WE,Federal Contract Tower,0,1,24,0,25,0,15,151,0,166,0,16,175,0,191,61,0,61,252
09/01/2009,SAC,CA,AWP,WE,Federal Contract Tower,0,1,21,0,22,0,8,174,0,182,0,9,195,0,204,50,0,50,254
09/02/2009,SAC,CA,AWP,WE,Federal Contract Tower,0,3,41,0,44,0,8,192,7,207,0,11,233,7,251,102,0,102,353
09/03/2009,SAC,CA,AWP,WE,Federal Contract Tower,0,10,68,0,78,0,22,213,13,248,0,32,281,13,326,80,0,80,406
09/04/2009,SAC,CA,AWP,WE,Federal Contract Tower,0,4,46,0,50,0,9,194,8,211,0,13,240,8,261,50,0,50,311
09/05/2009,SAC,CA,AWP,WE,Federal Contract Tower,0,0,47,0,47,0,2,191,0,193,0,2,238,0,240,56,0,56,296
09/06/2009,SAC,CA,AWP,WE,Federal Contract Tower,0,1,45,0,46,0,7,138,5,150,0,8,183,5,196,68,0,68,264
09/07/2009,SAC,CA,AWP,WE,Federal Contract Tower,0,2,38,0,40,0,2,210,1,213,0,4,248,1,253,55,0,55,308
09/08/2009,SAC,CA,AWP,WE,Federal Contract Tower,0,3,40,0,43,0,15,154,0,169,0,18,194,0,212,87,0,87,299
09/09/2009,SAC,CA,AWP,WE,Federal Contract Tower,0,3,44,0,47,0,11,221,0,232,0,14,265,0,279,27,0,27,306
09/10/2009,SAC,CA,AWP,WE,Federal Contract Tower,0,3,54,0,57,0,6,227,0,233,0,9,281,0,290,51,0,51,341
09/11/2009,SAC,CA,AWP,WE,Federal Contract Tower,0,1,42,0,43,0,14,193,2,209,0,15,235,2,252,96,0,96,348
09/12/2009,SAC,CA,AWP,WE,Federal Contract Tower,0,1,23,0,24,0,3,125,0,128,0,4,148,0,152,34,0,34,186
09/13/2009,SAC,CA,AWP,WE,Federal Contract Tower,0,1,29,2,32,0,3,128,2,133,0,4,157,4,165,17,0,17,182
09/14/2009,SAC,CA,AWP,WE,Federal Contract Tower,0,3,61,0,64,0,14,192,1,207,0,17,253,1,271,54,0,54,325
09/15/2009,SAC,CA,AWP,WE,Federal Contract Tower,0,4,59,0,63,0,6,216,2,224,0,10,275,2,287,14,0,14,301
09/16/2009,SAC,CA,AWP,WE,Federal Contract Tower,0,3,42,2,47,0,12,174,2,188,0,15,216,4,235,72,0,72,307
09/17/2009,SAC,CA,AWP,WE,Federal Contract Tower,0,7,42,0,49,0,12,165,0,177,0,19,207,0,226,28,0,28,254
09/18/2009,SAC,CA,AWP,WE,Federal Contract Tower,0,3,51,0,54,0,4,208,0,212,0,7,259,0,266,35,0,35,301
09/19/2009,SAC,CA,AWP,WE,Federal Contract Tower,0,0,17,0,17,0,2,146,0,148,0,2,163,0,165,14,0,14,179
09/20/2009,SAC,CA,AWP,WE,Federal Contract Tower,0,2,22,0,24,0,2,145,0,147,0,4,167,0,171,19,0,19,190
09/21/2009,SAC,CA,AWP,WE,Federal Contract Tower,0,3,34,0,37,0,12,141,0,153,0,15,175,0,190,24,0,24,214
09/22/2009,SAC,CA,AWP,WE,Federal Contract Tower,0,5,39,2,46,0,10,157,0,167,0,15,196,2,213,20,0,20,233
09/23/2009,SAC,CA,AWP,WE,Federal Contract Tower,0,11,40,0,51,0,8,180,0,188,0,19,220,0,239,37,0,37,276
09/24/2009,SAC,CA,AWP,WE,Federal Contract Tower,0,9,25,0,34,0,16,177,0,193,0,25,202,0,227,46,0,46,273
09/25/2009,SAC,CA,AWP,WE,Federal Contract Tower,0,3,34,0,37,0,10,168,0,178,0,13,202,0,215,85,0,85,300
09/26/2009,SAC,CA,AWP,WE,Federal Contract Tower,0,0,34,1,35,0,3,172,0,175,0,3,206,1,210,96,2,98,308
09/27/2009,SAC,CA,AWP,WE,Federal Contract Tower,0,2,17,0,19,0,2,167,0,169,0,4,184,0,188,66,0,66,254
09/28/2009,SAC,CA,AWP,WE,Federal Contract Tower,0,5,27,0,32,0,10,162,16,188,0,15,189,16,220,60,0,60,280
09/29/2009,SAC,CA,AWP,WE,Federal Contract Tower,0,8,26,0,34,0,9,165,28,202,0,17,191,28,236,55,0,55,291
09/30/2009,SAC,CA,AWP,WE,Federal Contract Tower,0,5,51,0,56,0,8,173,8,189,0,13,224,8,245,58,0,58,303
10/01/2009,SAC,CA,AWP,WE,Federal Contract Tower,0,6,35,0,41,4,0,200,0,204,4,6,235,0,245,94,0,94,339
10/02/2009,SAC,CA,AWP,WE,Federal Contract Tower,0,5,50,0,55,0,9,218,0,227,0,14,268,0,282,60,0,60,342
10/03/2009,SAC,CA,AWP,WE,Federal Contract Tower,0,0,37,0,37,0,3,177,0,180,0,3,214,0,217,42,0,42,259
10/04/2009,SAC,CA,AWP,WE,Federal Contract Tower,0,4,14,0,18,0,7,137,0,144,0,11,151,0,162,59,0,59,221
10/05/2009,SAC,CA,AWP,WE,Federal Contract Tower,0,2,16,0,18,0,10,127,0,137,0,12,143,0,155,52,0,52,207
10/06/2009,SAC,CA,AWP,WE,Federal Contract Tower,0,8,37,0,45,0,10,171,0,181,0,18,208,0,226,31,0,31,257
10/07/2009,SAC,CA,AWP,WE,Federal Contract Tower,0,5,29,0,34,0,8,225,0,233,0,13,254,0,267,48,0,48,315
10/08/2009,SAC,CA,AWP,WE,Federal Contract Tower,0,4,35,0,39,0,5,147,0,152,0,9,182,0,191,30,0,30,221
10/09/2009,SAC,CA,AWP,WE,Federal Contract Tower,0,2,30,0,32,0,7,170,0,177,0,9,200,0,209,35,0,35,244
10/10/2009,SAC,CA,AWP,WE,Federal Contract Tower,0,3,32,0,35,0,8,150,0,158,0,11,182,0,193,82,0,82,275
10/11/2009,SAC,CA,AWP,WE,Federal Contract Tower,0,5,30,0,35,0,5,134,0,139,0,10,164,0,174,18,0,18,192
10/12/2009,SAC,CA,AWP,WE,Federal Contract Tower,0,5,51,0,56,0,6,126,0,132,0,11,177,0,188,56,0,56,244
10/13/2009,SAC,CA,AWP,WE,Federal Contract Tower,0,9,7,0,16,0,7,3,0,10,0,16,10,0,26,0,0,0,26
10/14/2009,SAC,CA,AWP,WE,Federal Contract Tower,0,13,51,1,65,0,8,80,1,89,0,21,131,2,154,18,0,18,172
10/15/2009,SAC,CA,AWP,WE,Federal Contract Tower,0,9,64,0,73,0,11,158,0,169,0,20,222,0,242,52,0,52,294
10/16/2009,SAC,CA,AWP,WE,Federal Contract Tower,0,5,69,0,74,0,5,127,0,132,0,10,196,0,206,39,0,39,245
10/17/2009,SAC,CA,AWP,WE,Federal Contract Tower,0,9,47,0,56,0,9,188,0,197,0,18,235,0,253,32,0,32,285
10/18/2009,SAC,CA,AWP,WE,Federal Contract Tower,0,7,45,0,52,0,11,183,0,194,0,18,228,0,246,52,0,52,298
10/19/2009,SAC,CA,AWP,WE,Federal Contract Tower,0,7,49,0,56,0,5,74,0,79,0,12,123,0,135,0,0,0,135
10/20/2009,SAC,CA,AWP,WE,Federal Contract Tower,0,5,48,2,55,0,13,194,2,209,0,18,242,4,264,24,0,24,288
10/21/2009,SAC,CA,AWP,WE,Federal Contract Tower,0,5,49,4,58,0,6,116,2,124,0,11,165,6,182,18,0,18,200
10/22/2009,SAC,CA,AWP,WE,Federal Contract Tower,0,7,68,2,77,0,11,182,0,193,0,18,250,2,270,22,0,22,292
10/23/2009,SAC,CA,AWP,WE,Federal Contract Tower,0,11,53,0,64,0,9,192,0,201,0,20,245,0,265,14,0,14,279
10/24/2009,SAC,CA,AWP,WE,Federal Contract Tower,0,3,31,0,34,0,2,184,3,189,0,5,215,3,223,44,0,44,267
10/25/2009,SAC,CA,AWP,WE,Federal Contract Tower,0,1,42,0,43,0,0,210,0,210,0,1,252,0,253,35,0,35,288
10/26/2009,SAC,CA,AWP,WE,Federal Contract Tower,0,5,27,0,32,0,11,149,0,160,0,16,176,0,192,49,0,49,241
10/27/2009,SAC,CA,AWP,WE,Federal Contract Tower,0,5,9,2,16,0,12,32,0,44,0,17,41,2,60,0,0,0,60
10/28/2009,SAC,CA,AWP,WE,Federal Contract Tower,0,5,28,0,33,0,9,111,0,120,0,14,139,0,153,23,0,23,176
10/29/2009,SAC,CA,AWP,WE,Federal Contract Tower,0,12,45,0,57,0,16,174,0,190,0,28,219,0,247,50,0,50,297
10/30/2009,SAC,CA,AWP,WE,Federal Contract Tower,0,4,42,0,46,0,7,187,0,194,0,11,229,0,240,16,0,16,256
10/31/2009,SAC,CA,AWP,WE,Federal Contract Tower,0,2,27,0,29,0,3,161,0,164,0,5,188,0,193,74,0,74,267
11/01/2009,SAC,CA,AWP,WE,Federal Contract Tower,0,1,33,0,34,0,1,202,0,203,0,2,235,0,237,40,0,40,277
11/02/2009,SAC,CA,AWP,WE,Federal Contract Tower,0,4,28,0,32,0,9,154,0,163,0,13,182,0,195,45,0,45,240
11/03/2009,SAC,CA,AWP,WE,Federal Contract Tower,0,7,40,0,47,0,7,177,0,184,0,14,217,0,231,22,0,22,253
11/04/2009,SAC,CA,AWP,WE,Federal Contract Tower,0,8,62,0,70,0,5,202,0,207,0,13,264,0,277,45,0,45,322
11/05/2009,SAC,CA,AWP,WE,Federal Contract Tower,0,15,49,0,64,0,12,167,0,179,0,27,216,0,243,63,0,63,306
11/06/2009,SAC,CA,AWP,WE,Federal Contract Tower,0,8,63,0,71,0,9,145,4,158,0,17,208,4,229,30,1,31,260
11/07/2009,SAC,CA,AWP,WE,Federal Contract Tower,0,2,26,0,28,0,2,167,0,169,0,4,193,0,197,41,0,41,238
11/08/2009,SAC,CA,AWP,WE,Federal Contract Tower,0,0,25,0,25,0,3,175,2,180,0,3,200,2,205,51,0,51,256
11/09/2009,SAC,CA,AWP,WE,Federal Contract Tower,0,7,14,0,21,0,12,96,0,108,0,19,110,0,129,21,0,21,150
11/10/2009,SAC,CA,AWP,WE,Federal Contract Tower,0,6,51,0,57,0,19,193,0,212,0,25,244,0,269,39,0,39,308
11/11/2009,SAC,CA,AWP,WE,Federal Contract Tower,0,1,42,0,43,0,1,185,0,186,0,2,227,0,229,40,0,40,269
11/12/2009,SAC,CA,AWP,WE,Federal Contract Tower,0,14,30,0,44,0,17,141,0,158,0,31,171,0,202,35,0,35,237
11/13/2009,SAC,CA,AWP,WE,Federal Contract Tower,0,8,38,0,46,0,10,189,0,199,0,18,227,0,245,34,0,34,279
11/14/2009,SAC,CA,AWP,WE,Federal Contract Tower,0,3,45,0,48,0,9,171,0,180,0,12,216,0,228,36,0,36,264
11/15/2009,SAC,CA,AWP,WE,Federal Contract Tower,0,0,48,0,48,0,5,204,0,209,0,5,252,0,257,48,0,48,305
11/16/2009,SAC,CA,AWP,WE,Federal Contract Tower,0,4,28,0,32,0,7,180,0,187,0,11,208,0,219,68,0,68,287
11/17/2009,SAC,CA,AWP,WE,Federal Contract Tower,0,4,32,0,36,0,5,167,0,172,0,9,199,0,208,29,0,29,237
11/18/2009,SAC,CA,AWP,WE,Federal Contract Tower,0,6,43,1,50,0,2,158,0,160,0,8,201,1,210,50,0,50,260
11/19/2009,SAC,CA,AWP,WE,Federal Contract Tower,0,11,62,0,73,0,10,178,0,188,0,21,240,0,261,34,0,34,295
11/20/2009,SAC,CA,AWP,WE,Federal Contract Tower,0,8,35,0,43,0,6,60,0,66,0,14,95,0,109,0,0,0,109
11/21/2009,SAC,CA,AWP,WE,Federal Contract Tower,0,0,38,0,38,0,1,119,0,120,0,1,157,0,158,40,0,40,198
11/22/2009,SAC,CA,AWP,WE,Federal Contract Tower,4,0,21,0,25,0,3,94,0,97,4,3,115,0,122,118,0,118,240
11/23/2009,SAC,CA,AWP,WE,Federal Contract Tower,0,6,65,0,71,0,16,216,21,253,0,22,281,21,324,47,0,47,371
11/24/2009,SAC,CA,AWP,WE,Federal Contract Tower,0,8,62,1,71,0,5,203,1,209,0,13,265,2,280,35,0,35,315
11/25/2009,SAC,CA,AWP,WE,Federal Contract Tower,0,8,58,0,66,0,1,171,0,172,0,9,229,0,238,26,0,26,264
11/26/2009,SAC,CA,AWP,WE,Federal Contract Tower,0,0,30,0,30,0,3,76,0,79,0,3,106,0,109,38,0,38,147
11/27/2009,SAC,CA,AWP,WE,Federal Contract Tower,0,12,34,0,46,0,6,92,0,98,0,18,126,0,144,85,0,85,229
11/28/2009,SAC,CA,AWP,WE,Federal Contract Tower,0,2,13,0,15,0,0,12,0,12,0,2,25,0,27,0,0,0,27
11/29/2009,SAC,CA,AWP,WE,Federal Contract Tower,0,2,38,0,40,0,2,180,0,182,0,4,218,0,222,34,0,34,256
11/30/2009,SAC,CA,AWP,WE,Federal Contract Tower,0,5,54,0,59,0,7,171,1,179,0,12,225,1,238,51,0,51,289
12/01/2009,SAC,CA,AWP,WE,Federal Contract Tower,0,9,37,6,52,0,14,147,4,165,0,23,184,10,217,38,0,38,255
12/02/2009,SAC,CA,AWP,WE,Federal Contract Tower,0,11,51,0,62,0,10,169,0,179,0,21,220,0,241,42,0,42,283
12/03/2009,SAC,CA,AWP,WE,Federal Contract Tower,0,9,44,0,53,0,10,88,0,98,0,19,132,0,151,55,0,55,206
12/04/2009,SAC,CA,AWP,WE,Federal Contract Tower,0,6,55,0,61,0,10,177,0,187,0,16,232,0,248,99,0,99,347
12/05/2009,SAC,CA,AWP,WE,Federal Contract Tower,0,2,81,0,83,0,1,116,0,117,0,3,197,0,200,46,0,46,246
12/06/2009,SAC,CA,AWP,WE,Federal Contract Tower,0,1,23,0,24,0,3,58,0,61,0,4,81,0,85,26,0,26,111
12/07/2009,SAC,CA,AWP,WE,Federal Contract Tower,0,8,15,0,23,0,10,47,0,57,0,18,62,0,80,26,0,26,106
12/08/2009,SAC,CA,AWP,WE,Federal Contract Tower,0,7,25,2,34,0,6,134,2,142,0,13,159,4,176,28,0,28,204
12/09/2009,SAC,CA,AWP,WE,Federal Contract Tower,0,6,51,0,57,0,2,131,0,133,0,8,182,0,190,38,0,38,228
12/10/2009,SAC,CA,AWP,WE,Federal Contract Tower,0,10,52,0,62,0,9,124,0,133,0,19,176,0,195,43,0,43,238
12/11/2009,SAC,CA,AWP,WE,Federal Contract Tower,0,6,28,0,34,0,0,0,0,0,0,6,28,0,34,0,0,0,34
12/12/2009,SAC,CA,AWP,WE,Federal Contract Tower,0,2,52,0,54,0,0,4,0,4,0,2,56,0,58,0,0,0,58
12/13/2009,SAC,CA,AWP,WE,Federal Contract Tower,0,1,38,0,39,0,0,0,0,0,0,1,38,0,39,0,0,0,39
12/14/2009,SAC,CA,AWP,WE,Federal Contract Tower,0,9,55,0,64,0,13,99,0,112,0,22,154,0,176,64,0,64,240
12/15/2009,SAC,CA,AWP,WE,Federal Contract Tower,0,5,30,0,35,0,4,80,0,84,0,9,110,0,119,12,0,12,131
12/16/2009,SAC,CA,AWP,WE,Federal Contract Tower,0,7,49,0,56,0,0,109,0,109,0,7,158,0,165,64,0,64,229
12/17/2009,SAC,CA,AWP,WE,Federal Contract Tower,0,14,80,2,96,0,11,160,2,173,0,25,240,4,269,66,0,66,335
12/18/2009,SAC,CA,AWP,WE,Federal Contract Tower,0,6,89,0,95,0,0,1,0,1,0,6,90,0,96,0,0,0,96
12/19/2009,SAC,CA,AWP,WE,Federal Contract Tower,0,3,127,0,130,0,0,59,0,59,0,3,186,0,189,44,0,44,233
12/20/2009,SAC,CA,AWP,WE,Federal Contract Tower,0,5,69,0,74,0,0,13,0,13,0,5,82,0,87,34,0,34,121
12/21/2009,SAC,CA,AWP,WE,Federal Contract Tower,0,11,57,0,68,0,8,30,0,38,0,19,87,0,106,20,0,20,126
12/22/2009,SAC,CA,AWP,WE,Federal Contract Tower,0,4,36,0,40,0,7,141,0,148,0,11,177,0,188,11,0,11,199
12/23/2009,SAC,CA,AWP,WE,Federal Contract Tower,0,7,71,0,78,0,2,168,0,170,0,9,239,0,248,97,0,97,345
12/24/2009,SAC,CA,AWP,WE,Federal Contract Tower,0,5,10,0,15,0,7,91,0,98,0,12,101,0,113,38,0,38,151
12/25/2009,SAC,CA,AWP,WE,Federal Contract Tower,0,1,0,0,1,0,1,47,0,48,0,2,47,0,49,24,0,24,73
12/26/2009,SAC,CA,AWP,WE,Federal Contract Tower,0,2,30,0,32,0,3,106,0,109,0,5,136,0,141,28,0,28,169
12/27/2009,SAC,CA,AWP,WE,Federal Contract Tower,0,3,51,0,54,0,1,51,0,52,0,4,102,0,106,47,0,47,153
12/28/2009,SAC,CA,AWP,WE,Federal Contract Tower,0,12,28,0,40,0,2,42,0,44,0,14,70,0,84,22,0,22,106
12/29/2009,SAC,CA,AWP,WE,Federal Contract Tower,0,5,45,0,50,0,1,53,0,54,0,6,98,0,104,24,0,24,128
12/30/2009,SAC,CA,AWP,WE,Federal Contract Tower,0,7,35,1,43,0,2,69,1,72,0,9,104,2,115,81,0,81,196
12/31/2009,SAC,CA,AWP,WE,Federal Contract Tower,0,6,43,0,49,0,8,85,0,93,0,14,128,0,142,66,0,66,208
01/01/2010,SAC,CA,AWP,WE,Federal Contract Tower,0,2,29,0,31,0,3,59,0,62,0,5,88,0,93,12,0,12,105
01/02/2010,SAC,CA,AWP,WE,Federal Contract Tower,0,0,69,0,69,0,0,57,0,57,0,0,126,0,126,18,0,18,144
01/03/2010,SAC,CA,AWP,WE,Federal Contract Tower,0,0,21,0,21,0,0,0,0,0,0,0,21,0,21,0,0,0,21
01/04/2010,SAC,CA,AWP,WE,Federal Contract Tower,0,4,54,0,58,0,9,74,0,83,0,13,128,0,141,74,0,74,215
01/05/2010,SAC,CA,AWP,WE,Federal Contract Tower,0,7,67,0,74,0,1,3,0,4,0,8,70,0,78,0,0,0,78
01/06/2010,SAC,CA,AWP,WE,Federal Contract Tower,0,16,100,0,116,0,1,21,0,22,0,17,121,0,138,28,0,28,166
01/07/2010,SAC,CA,AWP,WE,Federal Contract Tower,0,21,86,2,109,0,0,0,0,0,0,21,86,2,109,0,0,0,109
01/08/2010,SAC,CA,AWP,WE,Federal Contract Tower,0,8,87,0,95,0,0,18,0,18,0,8,105,0,113,0,0,0,113
01/09/2010,SAC,CA,AWP,WE,Federal Contract Tower,0,0,77,0,77,0,0,5,0,5,0,0,82,0,82,0,0,0,82
01/10/2010,SAC,CA,AWP,WE,Federal Contract Tower,0,2,78,0,80,0,0,0,0,0,0,2,78,0,80,0,0,0,80
01/11/2010,SAC,CA,AWP,WE,Federal Contract Tower,0,10,48,0,58,0,0,0,0,0,0,10,48,0,58,0,0,0,58
01/12/2010,SAC,CA,AWP,WE,Federal Contract Tower,0,9,67,0,76,0,9,107,0,116,0,18,174,0,192,44,0,44,236
01/13/2010,SAC,CA,AWP,WE,Federal Contract Tower,0,24,51,0,75,0,6,142,2,150,0,30,193,2,225,36,0,36,261
01/14/2010,SAC,CA,AWP,WE,Federal Contract Tower,0,13,48,0,61,0,0,198,0,198,0,13,246,0,259,97,0,97,356
01/15/2010,SAC,CA,AWP,WE,Federal Contract Tower,0,10,78,0,88,0,2,203,0,205,0,12,281,0,293,40,0,40,333
01/16/2010,SAC,CA,AWP,WE,Federal Contract Tower,0,2,37,0,39,0,0,26,0,26,0,2,63,0,65,2,0,2,67
01/17/2010,SAC,CA,AWP,WE,Federal Contract Tower,0,4,38,2,44,0,1,22,0,23,0,5,60,2,67,38,0,38,105
01/18/2010,SAC,CA,AWP,WE,Federal Contract Tower,0,0,4,0,4,0,0,7,0,7,0,0,11,0,11,8,0,8,19
01/19/2010,SAC,CA,AWP,WE,Federal Contract Tower,0,8,13,0,21,0,6,9,0,15,0,14,22,0,36,0,0,0,36
01/20/2010,SAC,CA,AWP,WE,Federal Contract Tower,0,8,3,0,11,0,3,0,0,3,0,11,3,0,14,0,0,0,14
01/21/2010,SAC,CA,AWP,WE,Federal Contract Tower,0,9,26,0,35,0,1,18,0,19,0,10,44,0,54,4,0,4,58
01/22/2010,SAC,CA,AWP,WE,Federal Contract Tower,0,14,35,0,49,0,7,61,0,68,0,21,96,0,117,46,0,46,163
01/23/2010,SAC,CA,AWP,WE,Federal Contract Tower,0,5,65,0,70,0,1,160,0,161,0,6,225,0,231,80,0,80,311
01/24/2010,SAC,CA,AWP,WE,Federal Contract Tower,0,0,30,0,30,0,1,95,0,96,0,1,125,0,126,29,0,29,155
01/25/2010,SAC,CA,AWP,WE,Federal Contract Tower,0,6,21,0,27,0,11,39,0,50,0,17,60,0,77,30,0,30,107
01/26/2010,SAC,CA,AWP,WE,Federal Contract Tower,0,12,72,0,84,0,4,11,0,15,0,16,83,0,99,12,0,12,111
01/27/2010,SAC,CA,AWP,WE,Federal Contract Tower,0,10,73,0,83,0,4,205,0,209,0,14,278,0,292,16,0,16,308
01/28/2010,SAC,CA,AWP,WE,Federal Contract Tower,0,11,75,0,86,0,12,159,0,171,0,23,234,0,257,90,0,90,347
01/29/2010,SAC,CA,AWP,WE,Federal Contract Tower,0,3,66,0,69,0,7,108,0,115,0,10,174,0,184,30,0,30,214
01/30/2010,SAC,CA,AWP,WE,Federal Contract Tower,0,6,80,0,86,0,3,161,0,164,0,9,241,0,250,100,0,100,350
01/31/2010,SAC,CA,AWP,WE,Federal Contract Tower,0,1,100,0,101,0,2,225,0,227,0,3,325,0,328,87,0,87,415
02/01/2010,SAC,CA,AWP,WE,Federal Contract Tower,0,8,52,0,60,0,15,130,0,145,0,23,182,0,205,60,0,60,265
02/02/2010,SAC,CA,AWP,WE,Federal Contract Tower,0,20,57,0,77,0,5,93,0,98,0,25,150,0,175,24,0,24,199
02/03/2010,SAC,CA,AWP,WE,Federal Contract Tower,0,16,69,0,85,0,5,152,0,157,0,21,221,0,242,72,0,72,314
02/04/2010,SAC,CA,AWP,WE,Federal Contract Tower,0,9,35,0,44,0,0,30,0,30,0,9,65,0,74,16,0,16,90
02/05/2010,SAC,CA,AWP,WE,Federal Contract Tower,0,16,60,0,76,0,14,61,2,77,0,30,121,2,153,75,0,75,228
02/06/2010,SAC,CA,AWP,WE,Federal Contract Tower,0,1,47,0,48,0,1,94,0,95,0,2,141,0,143,0,46,46,189
02/07/2010,SAC,CA,AWP,WE,Federal Contract Tower,0,0,56,0,56,0,4,140,0,144,0,4,196,0,200,70,0,70,270
02/08/2010,SAC,CA,AWP,WE,Federal Contract Tower,0,20,57,6,83,0,20,143,6,169,0,40,200,12,252,33,0,33,285
02/09/2010,SAC,CA,AWP,WE,Federal Contract Tower,0,10,33,0,43,0,13,61,0,74,0,23,94,0,117,22,0,22,139
02/10/2010,SAC,CA,AWP,WE,Federal Contract Tower,0,9,54,0,63,0,1,107,0,108,0,10,161,0,171,15,0,15,186
02/11/2010,SAC,CA,AWP,WE,Federal Contract Tower,0,17,53,2,72,0,13,145,2,160,0,30,198,4,232,49,0,49,281
02/12/2010,SAC,CA,AWP,WE,Federal Contract Tower,0,9,63,0,72,0,11,131,0,142,0,20,194,0,214,26,0,26,240
02/13/2010,SAC,CA,AWP,WE,Federal Contract Tower,0,1,88,0,89,0,1,192,0,193,0,2,280,0,282,26,0,26,308
02/14/2010,SAC,CA,AWP,WE,Federal Contract Tower,0,1,33,0,34,0,4,113,0,117,0,5,146,0,151,68,0,68,219
02/15/2010,SAC,CA,AWP,WE,Federal Contract Tower,0,6,71,0,77,0,12,218,0,230,0,18,289,0,307,36,0,36,343
02/16/2010,SAC,CA,AWP,WE,Federal Contract Tower,0,9,82,0,91,0,3,192,0,195,0,12,274,0,286,64,0,64,350
02/17/2010,SAC,CA,AWP,WE,Federal Contract Tower,0,7,85,0,92,0,13,195,0,208,0,20,280,0,300,52,0,52,352
02/18/2010,SAC,CA,AWP,WE,Federal Contract Tower,0,18,88,2,108,0,15,116,2,133,0,33,204,4,241,38,0,38,279
02/19/2010,SAC,CA,AWP,WE,Federal Contract Tower,0,12,72,0,84,0,0,121,0,121,0,12,193,0,205,85,0,85,290
02/20/2010,SAC,CA,AWP,WE,Federal Contract Tower,0,3,54,0,57,0,1,129,0,130,0,4,183,0,187,86,0,86,273
02/21/2010,SAC,CA,AWP,WE,Federal Contract Tower,0,7,59,2,68,0,10,94,2,106,0,17,153,4,174,28,0,28,202
02/22/2010,SAC,CA,AWP,WE,Federal Contract Tower,0,6,78,0,84,0,17,163,0,180,0,23,241,0,264,78,0,78,342
02/23/2010,SAC,CA,AWP,WE,Federal Contract Tower,0,5,37,2,44,0,2,59,2,63,0,7,96,4,107,36,0,36,143
02/24/2010,SAC,CA,AWP,WE,Federal Contract Tower,0,10,41,0,51,0,1,46,0,47,0,11,87,0,98,26,0,26,124
02/25/2010,SAC,CA,AWP,WE,Federal Contract Tower,0,6,70,2,78,0,10,148,2,160,0,16,218,4,238,36,0,36,274
02/26/2010,SAC,CA,AWP,WE,Federal Contract Tower,0,8,19,0,27,0,0,13,0,13,0,8,32,0,40,4,0,4,44
02/27/2010,SAC,CA,AWP,WE,Federal Contract Tower,0,3,58,0,61,0,0,80,0,80,0,3,138,0,141,116,0,116,257
02/28/2010,SAC,CA,AWP,WE,Federal Contract Tower,0,1,62,0,63,0,0,255,0,255,0,1,317,0,318,63,0,63,381
03/01/2010,SAC,CA,AWP,WE,Federal Contract Tower,0,8,59,6,73,0,12,163,6,181,0,20,222,12,254,36,0,36,290
03/02/2010,SAC,CA,AWP,WE,Federal Contract Tower,0,11,48,0,59,0,8,69,0,77,0,19,117,0,136,21,0,21,157
03/03/2010,SAC,CA,AWP,WE,Federal Contract Tower,0,14,35,0,49,0,4,26,0,30,0,18,61,0,79,72,0,72,151
03/04/2010,SAC,CA,AWP,WE,Federal Contract Tower,0,12,69,0,81,0,11,141,0,152,0,23,210,0,233,129,0,129,362
03/05/2010,SAC,CA,AWP,WE,Federal Contract Tower,0,14,57,0,71,0,8,153,0,161,0,22,210,0,232,2,0,2,234
03/06/2010,SAC,CA,AWP,WE,Federal Contract Tower,0,0,70,0,70,0,0,168,0,168,0,0,238,0,238,28,0,28,266
03/07/2010,SAC,CA,AWP,WE,Federal Contract Tower,0,0,47,0,47,0,2,182,0,184,0,2,229,0,231,24,0,24,255
03/08/2010,SAC,CA,AWP,WE,Federal Contract Tower,0,6,52,0,58,0,8,92,0,100,0,14,144,0,158,18,0,18,176
03/09/2010,SAC,CA,AWP,WE,Federal Contract Tower,0,11,51,0,62,0,7,130,0,137,0,18,181,0,199,46,0,46,245
03/10/2010,SAC,CA,AWP,WE,Federal Contract Tower,0,26,75,0,101,0,8,132,0,140,0,34,207,0,241,18,0,18,259
03/11/2010,SAC,CA,AWP,WE,Federal Contract Tower,0,7,43,4,54,0,10,194,4,208,0,17,237,8,262,50,0,50,312
03/12/2010,SAC,CA,AWP,WE,Federal Contract Tower,0,4,15,0,19,0,4,17,0,21,0,8,32,0,40,8,0,8,48
03/13/2010,SAC,CA,AWP,WE,Federal Contract Tower,0,2,43,0,45,0,8,164,0,172,0,10,207,0,217,16,0,16,233
03/14/2010,SAC,CA,AWP,WE,Federal Contract Tower,0,1,45,0,46,0,1,226,0,227,0,2,271,0,273,95,0,95,368
03/15/2010,SAC,CA,AWP,WE,Federal Contract Tower,0,12,32,0,44,0,11,193,2,206,0,23,225,2,250,50,2,52,302
03/16/2010,SAC,CA,AWP,WE,Federal Contract Tower,0,15,40,2,57,0,7,159,0,166,0,22,199,2,223,52,0,52,275
03/17/2010,SAC,CA,AWP,WE,Federal Contract Tower,0,13,50,2,65,0,12,179,4,195,0,25,229,6,260,61,0,61,321
03/18/2010,SAC,CA,AWP,WE,Federal Contract Tower,0,4,64,0,68,0,4,158,0,162,0,8,222,0,230,16,0,16,246
03/19/2010,SAC,CA,AWP,WE,Federal Contract Tower,0,5,58,0,63,0,11,214,0,225,0,16,272,0,288,64,0,64,352
03/20/2010,SAC,CA,AWP,WE,Federal Contract Tower,0,1,68,0,69,0,2,195,0,197,0,3,263,0,266,121,0,121,387
03/21/2010,SAC,CA,AWP,WE,Federal Contract Tower,0,2,41,0,43,0,3,151,0,154,0,5,192,0,197,56,0,56,253
03/22/2010,SAC,CA,AWP,WE,Federal Contract Tower,0,9,52,0,61,0,6,110,0,116,0,15,162,0,177,36,0,36,213
03/23/2010,SAC,CA,AWP,WE,Federal Contract Tower,0,7,58,0,65,0,13,159,0,172,0,20,217,0,237,36,0,36,273
03/24/2010,SAC,CA,AWP,WE,Federal Contract Tower,0,21,44,0,65,0,13,185,0,198,0,34,229,0,263,12,0,12,275
03/25/2010,SAC,CA,AWP,WE,Federal Contract Tower,0,13,65,0,78,0,12,130,0,142,0,25,195,0,220,24,0,24,244
03/26/2010,SAC,CA,AWP,WE,Federal Contract Tower,0,4,67,0,71,0,4,217,0,221,0,8,284,0,292,62,0,62,354
03/27/2010,SAC,CA,AWP,WE,Federal Contract Tower,0,0,56,0,56,0,1,242,0,243,0,1,298,0,299,48,0,48,347
03/28/2010,SAC,CA,AWP,WE,Federal Contract Tower,0,0,38,0,38,0,1,189,0,190,0,1,227,0,228,82,0,82,310
03/29/2010,SAC,CA,AWP,WE,Federal Contract Tower,0,11,57,0,68,0,4,84,0,88,0,15,141,0,156,11,0,11,167
03/30/2010,SAC,CA,AWP,WE,Federal Contract Tower,0,7,22,0,29,0,4,33,7,44,0,11,55,7,73,21,0,21,94
03/31/2010,SAC,CA,AWP,WE,Federal Contract Tower,0,6,28,0,34,0,9,82,0,91,0,15,110,0,125,0,0,0,125
04/01/2010,SAC,CA,AWP,WE,Federal Contract Tower,0,6,49,0,55,0,0,161,0,161,0,6,210,0,216,39,0,39,255
04/02/2010,SAC,CA,AWP,WE,Federal Contract Tower,0,8,24,0,32,0,29,0,0,29,0,37,24,0,61,0,0,0,61
04/03/2010,SAC,CA,AWP,WE,Federal Contract Tower,0,1,65,0,66,0,2,144,0,146,0,3,209,0,212,52,0,52,264
04/04/2010,SAC,CA,AWP,WE,Federal Contract Tower,0,3,22,0,25,0,4,41,0,45,0,7,63,0,70,26,0,26,96
04/05/2010,SAC,CA,AWP,WE,Federal Contract Tower,0,7,41,0,48,0,10,83,0,93,0,17,124,0,141,61,0,61,202
04/06/2010,SAC,CA,AWP,WE,Federal Contract Tower,0,7,45,1,53,0,2,232,1,235,0,9,277,2,288,78,0,78,366
04/07/2010,SAC,CA,AWP,WE,Federal Contract Tower,0,7,70,0,77,0,12,265,2,279,0,19,335,2,356,32,0,32,388
04/08/2010,SAC,CA,AWP,WE,Federal Contract Tower,0,6,63,0,69,0,8,209,0,217,0,14,272,0,286,94,0,94,380
04/09/2010,SAC,CA,AWP,WE,Federal Contract Tower,0,6,41,0,47,0,13,182,0,195,0,19,223,0,242,10,0,10,252
04/10/2010,SAC,CA,AWP,WE,Federal Contract Tower,0,1,42,0,43,0,6,119,0,125,0,7,161,0,168,93,0,93,261
04/11/2010,SAC,CA,AWP,WE,Federal Contract Tower,0,4,15,0,19,0,3,24,0,27,0,7,39,0,46,23,0,23,69
04/12/2010,SAC,CA,AWP,WE,Federal Contract Tower,0,8,21,0,29,0,3,33,0,36,0,11,54,0,65,10,0,10,75
04/13/2010,SAC,CA,AWP,WE,Federal Contract Tower,0,14,66,4,84,0,18,120,5,143,0,32,186,9,227,68,0,68,295
04/14/2010,SAC,CA,AWP,WE,Federal Contract Tower,0,12,73,2,87,0,6,143,2,151,0,18,216,4,238,107,0,107,345
04/15/2010,SAC,CA,AWP,WE,Federal Contract Tower,0,13,68,0,81,0,15,213,0,228,0,28,281,0,309,68,0,68,377
04/16/2010,SAC,CA,AWP,WE,Federal Contract Tower,0,1,70,0,71,0,6,218,0,224,0,7,288,0,295,66,0,66,361
04/17/2010,SAC,CA,AWP,WE,Federal Contract Tower,0,1,50,0,51,0,3,213,0,216,0,4,263,0,267,92,0,92,359
04/18/2010,SAC,CA,AWP,WE,Federal Contract Tower,0,2,43,0,45,0,1,167,0,168,0,3,210,0,213,68,0,68,281
04/19/2010,SAC,CA,AWP,WE,Federal Contract Tower,0,7,59,3,69,0,10,153,0,163,0,17,212,3,232,53,0,53,285
04/20/2010,SAC,CA,AWP,WE,Federal Contract Tower,0,5,20,0,25,0,7,23,0,30,0,12,43,0,55,41,0,41,96
04/21/2010,SAC,CA,AWP,WE,Federal Contract Tower,0,12,62,0,74,9,23,65,0,97,9,35,127,0,171,50,0,50,221
04/22/2010,SAC,CA,AWP,WE,Federal Contract Tower,0,6,78,2,86,0,10,181,1,192,0,16,259,3,278,66,0,66,344
04/23/2010,SAC,CA,AWP,WE,Federal Contract Tower,0,11,64,0,75,0,10,207,0,217,0,21,271,0,292,49,0,49,341
04/24/2010,SAC,CA,AWP,WE,Federal Contract Tower,0,1,45,0,46,0,1,224,0,225,0,2,269,0,271,80,0,80,351
04/25/2010,SAC,CA,AWP,WE,Federal Contract Tower,0,0,44,0,44,0,0,214,0,214,0,0,258,0,258,27,0,27,285
04/26/2010,SAC,CA,AWP,WE,Federal Contract Tower,0,6,57,0,63,0,11,176,0,187,0,17,233,0,250,30,0,30,280
04/27/2010,SAC,CA,AWP,WE,Federal Contract Tower,0,10,39,0,49,0,10,45,0,55,0,20,84,0,104,36,0,36,140
04/28/2010,SAC,CA,AWP,WE,Federal Contract Tower,0,4,24,1,29,0,4,50,0,54,0,8,74,1,83,16,0,16,99
04/29/2010,SAC,CA,AWP,WE,Federal Contract Tower,0,16,51,2,69,0,19,184,0,203,0,35,235,2,272,40,0,40,312
04/30/2010,SAC,CA,AWP,WE,Federal Contract Tower,0,4,30,0,34,0,6,123,0,129,0,10,153,0,163,10,0,10,173
05/01/2010,SAC,CA,AWP,WE,Federal Contract Tower,0,1,46,0,47,0,1,213,0,214,0,2,259,0,261,130,0,130,391
05/02/2010,SAC,CA,AWP,WE,Federal Contract Tower,0,0,30,0,30,0,2,118,0,120,0,2,148,0,150,24,0,24,174
05/03/2010,SAC,CA,AWP,WE,Federal Contract Tower,0,4,33,0,37,0,11,165,1,177,0,15,198,1,214,6,0,6,220
05/04/2010,SAC,CA,AWP,WE,Federal Contract Tower,0,11,52,0,63,0,12,147,0,159,0,23,199,0,222,0,0,0,222
05/05/2010,SAC,CA,AWP,WE,Federal Contract Tower,0,17,35,4,56,0,0,114,0,114,0,17,149,4,170,12,0,12,182
05/06/2010,SAC,CA,AWP,WE,Federal Contract Tower,0,6,47,0,53,0,6,162,0,168,0,12,209,0,221,32,0,32,253
05/07/2010,SAC,CA,AWP,WE,Federal Contract Tower,0,5,47,0,52,0,4,196,0,200,0,9,243,0,252,53,0,53,305
05/08/2010,SAC,CA,AWP,WE,Federal Contract Tower,0,9,50,0,59,9,197,0,0,206,9,206,50,0,265,43,0,43,308
05/09/2010,SAC,CA,AWP,WE,Federal Contract Tower,0,1,30,0,31,0,3,95,0,98,0,4,125,0,129,56,0,56,185
05/10/2010,SAC,CA,AWP,WE,Federal Contract Tower,0,4,15,0,19,0,9,40,0,49,0,13,55,0,68,0,0,0,68
05/11/2010,SAC,CA,AWP,WE,Federal Contract Tower,0,8,68,2,78,0,4,176,0,180,0,12,244,2,258,13,0,13,271
05/12/2010,SAC,CA,AWP,WE,Federal Contract Tower,0,6,27,0,33,0,8,165,0,173,0,14,192,0,206,14,0,14,220
05/13/2010,SAC,CA,AWP,WE,Federal Contract Tower,0,8,62,0,70,0,11,198,0,209,0,19,260,0,279,55,0,55,334
05/14/2010,SAC,CA,AWP,WE,Federal Contract Tower,0,4,49,0,53,0,0,196,0,196,0,4,245,0,249,64,0,64,313
05/15/2010,SAC,CA,AWP,WE,Federal Contract Tower,0,1,33,0,34,0,1,194,0,195,0,2,227,0,229,54,0,54,283
05/16/2010,SAC,CA,AWP,WE,Federal Contract Tower,0,5,26,0,31,0,5,146,0,151,0,10,172,0,182,66,0,66,248
05/17/2010,SAC,CA,AWP,WE,Federal Contract Tower,0,6,47,0,53,0,9,63,0,72,0,15,110,0,125,18,0,18,143
05/18/2010,SAC,CA,AWP,WE,Federal Contract Tower,0,14,60,0,74,0,9,149,0,158,0,23,209,0,232,28,0,28,260
05/19/2010,SAC,CA,AWP,WE,Federal Contract Tower,0,13,68,0,81,0,11,140,0,151,0,24,208,0,232,55,0,55,287
05/20/2010,SAC,CA,AWP,WE,Federal Contract Tower,0,9,52,0,61,0,5,183,0,188,0,14,235,0,249,69,0,69,318
05/21/2010,SAC,CA,AWP,WE,Federal Contract Tower,0,6,36,0,42,0,4,181,0,185,0,10,217,0,227,48,0,48,275
05/22/2010,SAC,CA,AWP,WE,Federal Contract Tower,0,4,46,0,50,0,3,180,0,183,0,7,226,0,233,41,0,41,274
05/23/2010,SAC,CA,AWP,WE,Federal Contract Tower,0,5,34,0,39,0,7,126,0,133,0,12,160,0,172,26,0,26,198
05/24/2010,SAC,CA,AWP,WE,Federal Contract Tower,0,3,41,0,44,0,13,113,0,126,0,16,154,0,170,16,0,16,186
05/25/2010,SAC,CA,AWP,WE,Federal Contract Tower,0,6,25,0,31,0,67,0,0,67,0,73,25,0,98,50,0,50,148
05/26/2010,SAC,CA,AWP,WE,Federal Contract Tower,0,0,75,0,75,0,7,151,0,158,0,7,226,0,233,54,0,54,287
05/27/2010,SAC,CA,AWP,WE,Federal Contract Tower,0,5,61,0,66,0,2,109,0,111,0,7,170,0,177,30,0,30,207
05/28/2010,SAC,CA,AWP,WE,Federal Contract Tower,0,1,47,0,48,0,4,200,17,221,0,5,247,17,269,138,0,138,407
05/29/2010,SAC,CA,AWP,WE,Federal Contract Tower,0,0,44,0,44,0,1,212,14,227,0,1,256,14,271,42,0,42,313
05/30/2010,SAC,CA,AWP,WE,Federal Contract Tower,0,0,40,0,40,0,1,184,0,185,0,1,224,0,225,124,0,124,349
05/31/2010,SAC,CA,AWP,WE,Federal Contract Tower,0,0,55,0,55,0,1,199,0,200,0,1,254,0,255,48,0,48,303
06/01/2010,SAC,CA,AWP,WE,Federal Contract Tower,0,3,56,0,59,0,9,173,0,182,0,12,229,0,241,97,0,97,338
06/02/2010,SAC,CA,AWP,WE,Federal Contract Tower,0,2,64,0,66,0,5,166,0,171,0,7,230,0,237,52,0,52,289
06/03/2010,SAC,CA,AWP,WE,Federal Contract Tower,0,8,43,1,52,0,7,162,2,171,0,15,205,3,223,66,0,66,289
06/04/2010,SAC,CA,AWP,WE,Federal Contract Tower,0,1,36,0,37,0,8,138,0,146,0,9,174,0,183,143,0,143,326
06/05/2010,SAC,CA,AWP,WE,Federal Contract Tower,0,2,41,0,43,0,2,195,0,197,0,4,236,0,240,64,0,64,304
06/06/2010,SAC,CA,AWP,WE,Federal Contract Tower,0,0,57,0,57,0,3,238,1,242,0,3,295,1,299,94,0,94,393
06/07/2010,SAC,CA,AWP,WE,Federal Contract Tower,0,1,38,3,42,0,11,159,3,173,0,12,197,6,215,10,0,10,225
06/08/2010,SAC,CA,AWP,WE,Federal Contract Tower,0,4,48,0,52,0,10,165,0,175,0,14,213,0,227,34,0,34,261
06/09/2010,SAC,CA,AWP,WE,Federal Contract Tower,0,3,105,0,108,0,7,209,0,216,0,10,314,0,324,18,0,18,342
06/10/2010,SAC,CA,AWP,WE,Federal Contract Tower,0,5,52,0,57,0,9,188,0,197,0,14,240,0,254,60,0,60,314
06/11/2010,SAC,CA,AWP,WE,Federal Contract Tower,0,2,29,0,31,0,3,138,0,141,0,5,167,0,172,0,0,0,172
06/12/2010,SAC,CA,AWP,WE,Federal Contract Tower,0,0,12,0,12,0,4,95,0,99,0,4,107,0,111,21,0,21,132
06/13/2010,SAC,CA,AWP,WE,Federal Contract Tower,0,0,60,0,60,0,5,215,0,220,0,5,275,0,280,26,0,26,306
06/14/2010,SAC,CA,AWP,WE,Federal Contract Tower,0,1,38,0,39,0,12,172,0,184,0,13,210,0,223,12,0,12,235
06/15/2010,SAC,CA,AWP,WE,Federal Contract Tower,0,1,51,0,52,0,10,224,0,234,0,11,275,0,286,120,0,120,406
06/16/2010,SAC,CA,AWP,WE,Federal Contract Tower,0,5,54,0,59,0,14,189,0,203,0,19,243,0,262,16,0,16,278
06/17/2010,SAC,CA,AWP,WE,Federal Contract Tower,0,2,51,0,53,0,12,185,0,197,0,14,236,0,250,44,0,44,294
06/18/2010,SAC,CA,AWP,WE,Federal Contract Tower,0,2,36,0,38,0,12,166,0,178,0,14,202,0,216,74,0,74,290
06/19/2010,SAC,CA,AWP,WE,Federal Contract Tower,0,0,45,0,45,0,3,214,1,218,0,3,259,1,263,74,0,74,337
06/20/2010,SAC,CA,AWP,WE,Federal Contract Tower,0,3,21,1,25,0,2,180,2,184,0,5,201,3,209,72,0,72,281
06/21/2010,SAC,CA,AWP,WE,Federal Contract Tower,0,1,31,0,32,0,9,176,0,185,0,10,207,0,217,34,0,34,251
06/22/2010,SAC,CA,AWP,WE,Federal Contract Tower,0,3,50,0,53,0,9,204,1,214,0,12,254,1,267,60,0,60,327
06/23/2010,SAC,CA,AWP,WE,Federal Contract Tower,0,8,52,0,60,0,8,221,0,229,0,16,273,0,289,62,0,62,351
06/24/2010,SAC,CA,AWP,WE,Federal Contract Tower,0,7,64,0,71,0,11,141,0,152,0,18,205,0,223,67,0,67,290
06/25/2010,SAC,CA,AWP,WE,Federal Contract Tower,0,7,59,2,68,0,5,202,0,207,0,12,261,2,275,45,0,45,320
06/26/2010,SAC,CA,AWP,WE,Federal Contract Tower,0,0,53,0,53,0,3,199,0,202,0,3,252,0,255,108,0,108,363
06/27/2010,SAC,CA,AWP,WE,Federal Contract Tower,0,2,20,0,22,0,7,187,0,194,0,9,207,0,216,54,0,54,270
06/28/2010,SAC,CA,AWP,WE,Federal Contract Tower,0,2,33,0,35,0,9,125,0,134,0,11,158,0,169,23,0,23,192
06/29/2010,SAC,CA,AWP,WE,Federal Contract Tower,0,2,46,0,48,0,6,188,0,194,0,8,234,0,242,65,0,65,307
06/30/2010,SAC,CA,AWP,WE,Federal Contract Tower,0,4,38,0,42,0,8,147,0,155,0,12,185,0,197,55,0,55,252
07/01/2010,SAC,CA,AWP,WE,Federal Contract Tower,0,4,47,0,51,0,15,176,0,191,0,19,223,0,242,39,0,39,281
07/02/2010,SAC,CA,AWP,WE,Federal Contract Tower,0,1,34,0,35,0,7,207,0,214,0,8,241,0,249,34,0,34,283
07/03/2010,SAC,CA,AWP,WE,Federal Contract Tower,0,0,41,0,41,0,3,159,0,162,0,3,200,0,203,54,0,54,257
07/04/2010,SAC,CA,AWP,WE,Federal Contract Tower,0,0,9,0,9,0,5,80,0,85,0,5,89,0,94,6,0,6,100
07/05/2010,SAC,CA,AWP,WE,Federal Contract Tower,0,0,28,0,28,0,0,196,0,196,0,0,224,0,224,29,0,29,253
07/06/2010,SAC,CA,AWP,WE,Federal Contract Tower,0,2,58,0,60,0,20,138,0,158,0,22,196,0,218,78,0,78,296
07/07/2010,SAC,CA,AWP,WE,Federal Contract Tower,0,4,32,0,36,0,7,130,1,138,0,11,162,1,174,108,0,108,282
07/08/2010,SAC,CA,AWP,WE,Federal Contract Tower,0,2,41,0,43,0,7,191,0,198,0,9,232,0,241,90,0,90,331
07/09/2010,SAC,CA,AWP,WE,Federal Contract Tower,0,1,42,0,43,0,6,161,0,167,0,7,203,0,210,30,0,30,240
07/10/2010,SAC,CA,AWP,WE,Federal Contract Tower,0,2,26,0,28,0,10,172,0,182,0,12,198,0,210,68,0,68,278
07/11/2010,SAC,CA,AWP,WE,Federal Contract Tower,0,2,24,0,26,0,2,228,1,231,0,4,252,1,257,59,0,59,316
07/12/2010,SAC,CA,AWP,WE,Federal Contract Tower,0,3,33,0,36,0,12,149,0,161,0,15,182,0,197,22,0,22,219
07/13/2010,SAC,CA,AWP,WE,Federal Contract Tower,0,15,42,0,57,0,14,152,0,166,0,29,194,0,223,74,0,74,297
07/14/2010,SAC,CA,AWP,WE,Federal Contract Tower,0,10,52,0,62,0,5,187,0,192,0,15,239,0,254,75,0,75,329
07/15/2010,SAC,CA,AWP,WE,Federal Contract Tower,0,7,40,0,47,0,15,166,0,181,0,22,206,0,228,90,0,90,318
07/16/2010,SAC,CA,AWP,WE,Federal Contract Tower,0,3,24,0,27,0,6,146,0,152,0,9,170,0,179,71,0,71,250
07/17/2010,SAC,CA,AWP,WE,Federal Contract Tower,0,3,48,0,51,0,7,191,0,198,0,10,239,0,249,64,0,64,313
07/18/2010,SAC,CA,AWP,WE,Federal Contract Tower,0,4,39,0,43,0,3,157,0,160,0,7,196,0,203,60,0,60,263
07/19/2010,SAC,CA,AWP,WE,Federal Contract Tower,0,5,43,2,50,0,10,137,0,147,0,15,180,2,197,6,0,6,203
07/20/2010,SAC,CA,AWP,WE,Federal Contract Tower,0,3,44,0,47,0,10,175,0,185,0,13,219,0,232,114,0,114,346
07/21/2010,SAC,CA,AWP,WE,Federal Contract Tower,0,2,26,0,28,0,7,148,0,155,0,9,174,0,183,12,0,12,195
07/22/2010,SAC,CA,AWP,WE,Federal Contract Tower,0,5,63,0,68,0,6,167,0,173,0,11,230,0,241,63,0,63,304
07/23/2010,SAC,CA,AWP,WE,Federal Contract Tower,0,5,27,0,32,0,4,141,0,145,0,9,168,0,177,0,0,0,177
07/24/2010,SAC,CA,AWP,WE,Federal Contract Tower,0,2,55,0,57,0,1,196,0,197,0,3,251,0,254,71,0,71,325
07/25/2010,SAC,CA,AWP,WE,Federal Contract Tower,0,0,38,0,38,0,6,143,0,149,0,6,181,0,187,50,0,50,237
07/26/2010,SAC,CA,AWP,WE,Federal Contract Tower,0,3,30,0,33,0,12,136,0,148,0,15,166,0,181,33,0,33,214
07/27/2010,SAC,CA,AWP,WE,Federal Contract Tower,0,3,23,0,26,0,9,128,0,137,0,12,151,0,163,28,0,28,191
07/28/2010,SAC,CA,AWP,WE,Federal Contract Tower,0,11,34,0,45,0,9,162,0,171,0,20,196,0,216,62,0,62,278
07/29/2010,SAC,CA,AWP,WE,Federal Contract Tower,0,2,41,0,43,0,8,174,0,182,0,10,215,0,225,28,0,28,253
07/30/2010,SAC,CA,AWP,WE,Federal Contract Tower,0,3,23,0,26,0,7,165,0,172,0,10,188,0,198,83,0,83,281
07/31/2010,SAC,CA,AWP,WE,Federal Contract Tower,0,5,54,0,59,0,4,209,0,213,0,9,263,0,272,66,0,66,338
08/01/2010,SAC,CA,AWP,WE,Federal Contract Tower,0,6,63,0,69,0,4,182,1,187,0,10,245,1,256,60,0,60,316
08/02/2010,SAC,CA,AWP,WE,Federal Contract Tower,0,6,52,0,58,0,12,140,0,152,0,18,192,0,210,50,0,50,260
08/03/2010,SAC,CA,AWP,WE,Federal Contract Tower,0,0,48,0,48,0,14,164,0,178,0,14,212,0,226,114,0,114,340
08/04/2010,SAC,CA,AWP,WE,Federal Contract Tower,0,7,22,0,29,0,2,135,0,137,0,9,157,0,166,134,0,134,300
08/05/2010,SAC,CA,AWP,WE,Federal Contract Tower,7,26,0,0,33,0,18,140,0,158,7,44,140,0,191,60,0,60,251
08/06/2010,SAC,CA,AWP,WE,Federal Contract Tower,0,1,40,0,41,0,3,166,0,169,0,4,206,0,210,128,0,128,338
08/07/2010,SAC,CA,AWP,WE,Federal Contract Tower,0,0,35,0,35,0,1,179,0,180,0,1,214,0,215,133,0,133,348
08/08/2010,SAC,CA,AWP,WE,Federal Contract Tower,0,3,45,0,48,0,1,185,0,186,0,4,230,0,234,74,0,74,308
08/09/2010,SAC,CA,AWP,WE,Federal Contract Tower,0,3,60,0,63,0,5,149,0,154,0,8,209,0,217,96,0,96,313
08/10/2010,SAC,CA,AWP,WE,Federal Contract Tower,0,4,50,0,54,0,15,180,0,195,0,19,230,0,249,66,0,66,315
08/11/2010,SAC,CA,AWP,WE,Federal Contract Tower,0,9,71,0,80,0,10,97,0,107,0,19,168,0,187,52,0,52,239
08/12/2010,SAC,CA,AWP,WE,Federal Contract Tower,0,4,48,0,52,0,13,219,0,232,0,17,267,0,284,36,0,36,320
08/13/2010,SAC,CA,AWP,WE,Federal Contract Tower,0,3,19,0,22,0,2,161,0,163,0,5,180,0,185,144,0,144,329
08/14/2010,SAC,CA,AWP,WE,Federal Contract Tower,0,0,55,0,55,0,4,223,2,229,0,4,278,2,284,116,0,116,400
08/15/2010,SAC,CA,AWP,WE,Federal Contract Tower,0,2,29,0,31,0,1,169,1,171,0,3,198,1,202,56,0,56,258
08/16/2010,SAC,CA,AWP,WE,Federal Contract Tower,0,7,40,0,47,0,14,132,0,146,0,21,172,0,193,77,0,77,270
08/17/2010,SAC,CA,AWP,WE,Federal Contract Tower,0,4,54,0,58,0,15,155,0,170,0,19,209,0,228,66,0,66,294
08/18/2010,SAC,CA,AWP,WE,Federal Contract Tower,0,4,58,0,62,0,5,165,0,170,0,9,223,0,232,88,0,88,320
08/19/2010,SAC,CA,AWP,WE,Federal Contract Tower,0,5,51,0,56,0,13,214,0,227,0,18,265,0,283,68,0,68,351
08/20/2010,SAC,CA,AWP,WE,Federal Contract Tower,0,3,41,0,44,0,5,181,0,186,0,8,222,0,230,34,0,34,264
08/21/2010,SAC,CA,AWP,WE,Federal Contract Tower,0,0,32,0,32,0,2,153,0,155,0,2,185,0,187,110,0,110,297
08/22/2010,SAC,CA,AWP,WE,Federal Contract Tower,0,1,31,0,32,0,1,160,0,161,0,2,191,0,193,92,0,92,285
08/23/2010,SAC,CA,AWP,WE,Federal Contract Tower,0,1,27,0,28,0,16,143,0,159,0,17,170,0,187,93,4,97,284
08/24/2010,SAC,CA,AWP,WE,Federal Contract Tower,0,8,40,0,48,0,9,124,0,133,0,17,164,0,181,26,0,26,207
08/25/2010,SAC,CA,AWP,WE,Federal Contract Tower,0,5,30,0,35,0,2,119,0,121,0,7,149,0,156,62,0,62,218
08/26/2010,SAC,CA,AWP,WE,Federal Contract Tower,0,4,55,0,59,0,15,181,0,196,0,19,236,0,255,120,0,120,375
08/27/2010,SAC,CA,AWP,WE,Federal Contract Tower,0,6,26,0,32,0,8,148,0,156,0,14,174,0,188,40,0,40,228
08/28/2010,SAC,CA,AWP,WE,Federal Contract Tower,0,2,32,0,34,0,7,175,0,182,0,9,207,0,216,62,0,62,278
08/29/2010,SAC,CA,AWP,WE,Federal Contract Tower,0,2,18,0,20,0,7,158,0,165,0,9,176,0,185,93,0,93,278
08/30/2010,SAC,CA,AWP,WE,Federal Contract Tower,0,6,32,0,38,0,12,152,0,164,0,18,184,0,202,88,0,88,290
08/31/2010,SAC,CA,AWP,WE,Federal Contract Tower,0,4,28,0,32,0,15,134,0,149,0,19,162,0,181,56,0,56,237
09/01/2010,SAC,CA,AWP,WE,Federal Contract Tower,0,1,24,0,25,0,8,129,0,137,0,9,153,0,162,80,0,80,242
09/02/2010,SAC,CA,AWP,WE,Federal Contract Tower,0,0,29,0,29,0,6,147,0,153,0,6,176,0,182,107,0,107,289
09/03/2010,SAC,CA,AWP,WE,Federal Contract Tower,0,4,27,0,31,0,8,170,0,178,0,12,197,0,209,74,0,74,283
09/04/2010,SAC,CA,AWP,WE,Federal Contract Tower,0,3,29,0,32,0,5,178,0,183,0,8,207,0,215,85,0,85,300
09/05/2010,SAC,CA,AWP,WE,Federal Contract Tower,0,1,24,0,25,0,6,150,0,156,0,7,174,0,181,64,0,64,245
09/06/2010,SAC,CA,AWP,WE,Federal Contract Tower,0,7,31,0,38,0,6,146,0,152,0,13,177,0,190,69,0,69,259
09/07/2010,SAC,CA,AWP,WE,Federal Contract Tower,0,3,18,0,21,0,13,133,0,146,0,16,151,0,167,64,0,64,231
09/08/2010,SAC,CA,AWP,WE,Federal Contract Tower,0,10,32,0,42,0,6,116,1,123,0,16,148,1,165,75,0,75,240
09/09/2010,SAC,CA,AWP,WE,Federal Contract Tower,0,18,51,0,69,0,22,177,0,199,0,40,228,0,268,88,0,88,356
09/10/2010,SAC,CA,AWP,WE,Federal Contract Tower,0,3,49,0,52,0,6,249,0,255,0,9,298,0,307,90,0,90,397
09/11/2010,SAC,CA,AWP,WE,Federal Contract Tower,0,0,48,0,48,0,0,175,0,175,0,0,223,0,223,110,0,110,333
09/12/2010,SAC,CA,AWP,WE,Federal Contract Tower,0,2,9,0,11,0,8,186,0,194,0,10,195,0,205,86,0,86,291
09/13/2010,SAC,CA,AWP,WE,Federal Contract Tower,0,9,18,0,27,0,12,147,0,159,0,21,165,0,186,76,0,76,262
09/14/2010,SAC,CA,AWP,WE,Federal Contract Tower,0,4,48,0,52,0,23,163,0,186,0,27,211,0,238,100,0,100,338
09/15/2010,SAC,CA,AWP,WE,Federal Contract Tower,0,7,40,0,47,0,9,173,1,183,0,16,213,1,230,104,0,104,334
09/16/2010,SAC,CA,AWP,WE,Federal Contract Tower,0,6,38,0,44,0,11,166,0,177,0,17,204,0,221,82,0,82,303
09/17/2010,SAC,CA,AWP,WE,Federal Contract Tower,0,3,49,0,52,0,6,148,0,154,0,9,197,0,206,76,0,76,282
09/18/2010,SAC,CA,AWP,WE,Federal Contract Tower,0,4,22,0,26,0,11,136,0,147,0,15,158,0,173,86,0,86,259
09/19/2010,SAC,CA,AWP,WE,Federal Contract Tower,0,5,39,0,44,0,9,67,0,76,0,14,106,0,120,18,0,18,138
09/20/2010,SAC,CA,AWP,WE,Federal Contract Tower,0,11,57,0,68,0,14,122,0,136,0,25,179,0,204,62,0,62,266
09/21/2010,SAC,CA,AWP,WE,Federal Contract Tower,0,5,29,0,34,0,8,127,0,135,0,13,156,0,169,106,0,106,275
09/22/2010,SAC,CA,AWP,WE,Federal Contract Tower,0,5,33,0,38,0,7,148,0,155,0,12,181,0,193,63,0,63,256
09/23/2010,SAC,CA,AWP,WE,Federal Contract Tower,0,6,36,0,42,0,5,166,0,171,0,11,202,0,213,45,0,45,258
09/24/2010,SAC,CA,AWP,WE,Federal Contract Tower,0,4,57,0,61,0,9,231,0,240,0,13,288,0,301,93,0,93,394
09/25/2010,SAC,CA,AWP,WE,Federal Contract Tower,0,1,34,0,35,0,6,182,0,188,0,7,216,0,223,134,0,134,357
09/26/2010,SAC,CA,AWP,WE,Federal Contract Tower,0,6,27,0,33,0,6,148,0,154,0,12,175,0,187,65,0,65,252
09/27/2010,SAC,CA,AWP,WE,Federal Contract Tower,0,2,27,0,29,0,8,136,0,144,0,10,163,0,173,16,0,16,189
09/28/2010,SAC,CA,AWP,WE,Federal Contract Tower,0,2,28,0,30,0,11,149,0,160,0,13,177,0,190,41,0,41,231
09/29/2010,SAC,CA,AWP,WE,Federal Contract Tower,0,3,26,0,29,0,7,110,0,117,0,10,136,0,146,68,0,68,214
09/30/2010,SAC,CA,AWP,WE,Federal Contract Tower,0,2,48,2,52,0,6,189,2,197,0,8,237,4,249,124,0,124,373
10/01/2010,SAC,CA,AWP,WE,Federal Contract Tower,0,3,34,0,37,0,10,164,0,174,0,13,198,0,211,132,0,132,343
10/02/2010,SAC,CA,AWP,WE,Federal Contract Tower,0,0,42,0,42,0,2,217,0,219,0,2,259,0,261,66,0,66,327
10/03/2010,SAC,CA,AWP,WE,Federal Contract Tower,0,0,46,2,48,0,2,150,2,154,0,2,196,4,202,100,0,100,302
10/04/2010,SAC,CA,AWP,WE,Federal Contract Tower,0,2,56,0,58,0,10,131,0,141,0,12,187,0,199,118,0,118,317
10/05/2010,SAC,CA,AWP,WE,Federal Contract Tower,0,3,50,0,53,0,13,138,0,151,0,16,188,0,204,134,0,134,338
10/06/2010,SAC,CA,AWP,WE,Federal Contract Tower,0,4,34,0,38,0,4,109,0,113,0,8,143,0,151,148,0,148,299
10/07/2010,SAC,CA,AWP,WE,Federal Contract Tower,0,3,59,0,62,0,6,151,0,157,0,9,210,0,219,131,0,131,350
10/08/2010,SAC,CA,AWP,WE,Federal Contract Tower,0,6,60,0,66,0,10,225,0,235,0,16,285,0,301,114,0,114,415
10/09/2010,SAC,CA,AWP,WE,Federal Contract Tower,0,2,48,0,50,0,5,198,0,203,0,7,246,0,253,148,0,148,401
10/10/2010,SAC,CA,AWP,WE,Federal Contract Tower,0,0,54,0,54,0,2,185,0,187,0,2,239,0,241,92,0,92,333
10/11/2010,SAC,CA,AWP,WE,Federal Contract Tower,0,8,19,0,27,0,10,111,0,121,0,18,130,0,148,70,0,70,218
10/12/2010,SAC,CA,AWP,WE,Federal Contract Tower,0,2,38,0,40,0,12,147,0,159,0,14,185,0,199,94,0,94,293
10/13/2010,SAC,CA,AWP,WE,Federal Contract Tower,0,7,32,0,39,0,7,140,0,147,0,14,172,0,186,133,0,133,319
10/14/2010,SAC,CA,AWP,WE,Federal Contract Tower,0,16,54,0,70,0,21,181,0,202,0,37,235,0,272,52,0,52,324
10/15/2010,SAC,CA,AWP,WE,Federal Contract Tower,0,7,43,0,50,0,7,202,0,209,0,14,245,0,259,49,0,49,308
10/16/2010,SAC,CA,AWP,WE,Federal Contract Tower,0,0,28,0,28,0,2,204,0,206,0,2,232,0,234,60,0,60,294
10/17/2010,SAC,CA,AWP,WE,Federal Contract Tower,0,8,41,0,49,0,1,130,0,131,0,9,171,0,180,58,0,58,238
10/18/2010,SAC,CA,AWP,WE,Federal Contract Tower,0,3,31,0,34,0,8,101,0,109,0,11,132,0,143,90,0,90,233
10/19/2010,SAC,CA,AWP,WE,Federal Contract Tower,0,5,54,0,59,0,9,175,0,184,0,14,229,0,243,105,0,105,348
10/20/2010,SAC,CA,AWP,WE,Federal Contract Tower,0,11,28,0,39,0,6,153,0,159,0,17,181,0,198,28,0,28,226
10/21/2010,SAC,CA,AWP,WE,Federal Contract Tower,0,10,49,0,59,0,12,144,0,156,0,22,193,0,215,25,0,25,240
10/22/2010,SAC,CA,AWP,WE,Federal Contract Tower,0,4,60,0,64,0,6,118,0,124,0,10,178,0,188,54,0,54,242
10/23/2010,SAC,CA,AWP,WE,Federal Contract Tower,0,1,60,0,61,0,0,118,0,118,0,1,178,0,179,42,0,42,221
10/24/2010,SAC,CA,AWP,WE,Federal Contract Tower,0,2,17,1,20,0,0,0,0,0,0,2,17,1,20,0,0,0,20
10/25/2010,SAC,CA,AWP,WE,Federal Contract Tower,0,18,45,0,63,0,28,150,0,178,0,46,195,0,241,60,0,60,301
10/26/2010,SAC,CA,AWP,WE,Federal Contract Tower,0,4,28,0,32,0,11,183,0,194,0,15,211,0,226,32,0,32,258
10/27/2010,SAC,CA,AWP,WE,Federal Contract Tower,0,13,39,0,52,0,11,151,0,162,0,24,190,0,214,76,0,76,290
10/28/2010,SAC,CA,AWP,WE,Federal Contract Tower,0,4,39,0,43,0,4,125,0,129,0,8,164,0,172,114,0,114,286
10/29/2010,SAC,CA,AWP,WE,Federal Contract Tower,0,7,35,0,42,0,3,137,0,140,0,10,172,0,182,41,0,41,223
10/30/2010,SAC,CA,AWP,WE,Federal Contract Tower,0,3,44,0,47,0,4,78,0,82,0,7,122,0,129,30,0,30,159
10/31/2010,SAC,CA,AWP,WE,Federal Contract Tower,0,1,38,0,39,0,2,225,0,227,0,3,263,0,266,76,0,76,342
11/01/2010,SAC,CA,AWP,WE,Federal Contract Tower,0,3,31,0,34,0,8,150,0,158,0,11,181,0,192,48,0,48,240
11/02/2010,SAC,CA,AWP,WE,Federal Contract Tower,0,2,30,0,32,0,7,134,0,141,0,9,164,0,173,20,0,20,193
11/03/2010,SAC,CA,AWP,WE,Federal Contract Tower,0,9,32,0,41,0,3,146,0,149,0,12,178,0,190,52,0,52,242
11/04/2010,SAC,CA,AWP,WE,Federal Contract Tower,0,7,56,0,63,0,5,190,0,195,0,12,246,0,258,87,0,87,345
11/05/2010,SAC,CA,AWP,WE,Federal Contract Tower,0,0,41,0,41,0,4,192,0,196,0,4,233,0,237,58,0,58,295
11/06/2010,SAC,CA,AWP,WE,Federal Contract Tower,0,0,79,0,79,0,4,241,0,245,0,4,320,0,324,28,0,28,352
11/07/2010,SAC,CA,AWP,WE,Federal Contract Tower,0,2,69,0,71,0,0,14,0,14,0,2,83,0,85,0,0,0,85
11/08/2010,SAC,CA,AWP,WE,Federal Contract Tower,0,6,60,0,66,0,9,167,2,178,0,15,227,2,244,86,2,88,332
11/09/2010,SAC,CA,AWP,WE,Federal Contract Tower,0,3,57,0,60,0,5,126,0,131,0,8,183,0,191,40,0,40,231
11/10/2010,SAC,CA,AWP,WE,Federal Contract Tower,0,13,76,0,89,0,7,154,0,161,0,20,230,0,250,58,0,58,308
11/11/2010,SAC,CA,AWP,WE,Federal Contract Tower,0,0,52,0,52,0,4,140,0,144,0,4,192,0,196,50,0,50,246
11/12/2010,SAC,CA,AWP,WE,Federal Contract Tower,0,1,47,0,48,0,2,177,0,179,0,3,224,0,227,77,0,77,304
11/13/2010,SAC,CA,AWP,WE,Federal Contract Tower,0,6,35,0,41,0,8,246,0,254,0,14,281,0,295,72,0,72,367
11/14/2010,SAC,CA,AWP,WE,Federal Contract Tower,0,2,38,0,40,0,1,168,0,169,0,3,206,0,209,38,0,38,247
11/15/2010,SAC,CA,AWP,WE,Federal Contract Tower,0,2,39,0,41,0,4,147,0,151,0,6,186,0,192,36,0,36,228
11/16/2010,SAC,CA,AWP,WE,Federal Contract Tower,0,4,52,0,56,0,6,139,0,145,0,10,191,0,201,70,0,70,271
11/17/2010,SAC,CA,AWP,WE,Federal Contract Tower,0,10,50,0,60,0,6,168,0,174,0,16,218,0,234,64,0,64,298
11/18/2010,SAC,CA,AWP,WE,Federal Contract Tower,0,5,51,0,56,0,7,139,0,146,0,12,190,0,202,116,0,116,318
11/19/2010,SAC,CA,AWP,WE,Federal Contract Tower,0,5,73,0,78,0,4,43,0,47,0,9,116,0,125,0,0,0,125
11/20/2010,SAC,CA,AWP,WE,Federal Contract Tower,0,2,30,0,32,0,0,48,0,48,0,2,78,0,80,22,0,22,102
11/21/2010,SAC,CA,AWP,WE,Federal Contract Tower,0,0,6,0,6,0,0,50,0,50,0,0,56,0,56,8,0,8,64
11/22/2010,SAC,CA,AWP,WE,Federal Contract Tower,0,5,51,0,56,0,5,70,0,75,0,10,121,0,131,55,0,55,186
11/23/2010,SAC,CA,AWP,WE,Federal Contract Tower,0,11,20,0,31,0,14,63,0,77,0,25,83,0,108,12,0,12,120
11/24/2010,SAC,CA,AWP,WE,Federal Contract Tower,0,11,51,0,62,0,9,112,0,121,0,20,163,0,183,34,0,34,217
11/25/2010,SAC,CA,AWP,WE,Federal Contract Tower,0,1,1,0,2,0,0,58,0,58,0,1,59,0,60,4,0,4,64
11/26/2010,SAC,CA,AWP,WE,Federal Contract Tower,0,5,22,0,27,0,4,131,0,135,0,9,153,0,162,40,0,40,202
11/27/2010,SAC,CA,AWP,WE,Federal Contract Tower,0,4,35,0,39,0,1,25,0,26,0,5,60,0,65,0,0,0,65
11/28/2010,SAC,CA,AWP,WE,Federal Contract Tower,0,0,68,0,68,0,1,120,0,121,0,1,188,0,189,132,0,132,321
11/29/2010,SAC,CA,AWP,WE,Federal Contract Tower,0,4,49,0,53,0,6,149,0,155,0,10,198,0,208,116,0,116,324
11/30/2010,SAC,CA,AWP,WE,Federal Contract Tower,0,5,47,0,52,0,8,156,0,164,0,13,203,0,216,138,0,138,354
12/01/2010,SAC,CA,AWP,WE,Federal Contract Tower,0,8,60,2,70,0,2,165,2,169,0,10,225,4,239,106,0,106,345
12/02/2010,SAC,CA,AWP,WE,Federal Contract Tower,0,7,66,0,73,0,2,139,0,141,0,9,205,0,214,82,0,82,296
12/03/2010,SAC,CA,AWP,WE,Federal Contract Tower,0,17,86,2,105,0,1,7,0,8,0,18,93,2,113,0,0,0,113
12/04/2010,SAC,CA,AWP,WE,Federal Contract Tower,0,3,57,0,60,0,4,61,0,65,0,7,118,0,125,40,0,40,165
12/05/2010,SAC,CA,AWP,WE,Federal Contract Tower,0,2,25,0,27,0,3,56,1,60,0,5,81,1,87,121,0,121,208
12/06/2010,SAC,CA,AWP,WE,Federal Contract Tower,0,7,39,0,46,0,12,95,0,107,0,19,134,0,153,87,0,87,240
12/07/2010,SAC,CA,AWP,WE,Federal Contract Tower,0,14,60,0,74,0,12,160,0,172,0,26,220,0,246,112,0,112,358
12/08/2010,SAC,CA,AWP,WE,Federal Contract Tower,0,9,39,0,48,0,3,54,0,57,0,12,93,0,105,36,6,42,147
12/09/2010,SAC,CA,AWP,WE,Federal Contract Tower,0,6,41,0,47,0,9,121,0,130,0,15,162,0,177,90,0,90,267
12/10/2010,SAC,CA,AWP,WE,Federal Contract Tower,0,7,59,0,66,0,8,88,0,96,0,15,147,0,162,68,0,68,230
12/11/2010,SAC,CA,AWP,WE,Federal Contract Tower,0,3,67,0,70,0,0,0,0,0,0,3,67,0,70,0,0,0,70
12/12/2010,SAC,CA,AWP,WE,Federal Contract Tower,0,7,100,0,107,0,0,101,0,101,0,7,201,0,208,112,0,112,320
12/13/2010,SAC,CA,AWP,WE,Federal Contract Tower,0,13,73,0,86,0,1,71,0,72,0,14,144,0,158,73,0,73,231
12/14/2010,SAC,CA,AWP,WE,Federal Contract Tower,0,13,64,0,77,0,5,25,1,31,0,18,89,1,108,24,0,24,132
12/15/2010,SAC,CA,AWP,WE,Federal Contract Tower,0,8,55,0,63,0,3,173,0,176,0,11,228,0,239,93,0,93,332
12/16/2010,SAC,CA,AWP,WE,Federal Contract Tower,0,9,64,0,73,0,3,61,0,64,0,12,125,0,137,42,0,42,179
12/17/2010,SAC,CA,AWP,WE,Federal Contract Tower,0,2,45,0,47,0,0,0,0,0,0,2,45,0,47,0,0,0,47
12/18/2010,SAC,CA,AWP,WE,Federal Contract Tower,0,2,33,0,35,0,0,8,0,8,0,2,41,0,43,8,0,8,51
12/19/2010,SAC,CA,AWP,WE,Federal Contract Tower,0,0,10,0,10,0,0,0,0,0,0,0,10,0,10,10,0,10,20
12/20/2010,SAC,CA,AWP,WE,Federal Contract Tower,0,11,24,0,35,0,11,24,0,35,0,22,48,0,70,18,0,18,88
12/21/2010,SAC,CA,AWP,WE,Federal Contract Tower,0,8,47,1,56,0,11,47,1,59,0,19,94,2,115,14,0,14,129
12/22/2010,SAC,CA,AWP,WE,Federal Contract Tower,0,7,36,0,43,0,3,43,0,46,0,10,79,0,89,66,0,66,155
12/23/2010,SAC,CA,AWP,WE,Federal Contract Tower,0,6,79,0,85,10,128,0,0,138,10,134,79,0,223,42,0,42,265
12/24/2010,SAC,CA,AWP,WE,Federal Contract Tower,0,9,40,0,49,0,1,38,0,39,0,10,78,0,88,39,0,39,127
12/25/2010,SAC,CA,AWP,WE,Federal Contract Tower,0,1,2,0,3,0,0,0,0,0,0,1,2,0,3,0,0,0,3
12/26/2010,SAC,CA,AWP,WE,Federal Contract Tower,0,2,20,0,22,0,0,50,0,50,0,2,70,0,72,24,0,24,96
12/27/2010,SAC,CA,AWP,WE,Federal Contract Tower,0,5,59,0,64,0,0,86,0,86,0,5,145,0,150,56,0,56,206
12/28/2010,SAC,CA,AWP,WE,Federal Contract Tower,0,5,29,0,34,0,6,26,0,32,0,11,55,0,66,14,0,14,80
12/29/2010,SAC,CA,AWP,WE,Federal Contract Tower,0,8,31,0,39,0,3,86,0,89,0,11,117,0,128,28,0,28,156
12/30/2010,SAC,CA,AWP,WE,Federal Contract Tower,0,7,51,0,58,0,6,203,0,209,0,13,254,0,267,94,0,94,361
12/31/2010,SAC,CA,AWP,WE,Federal Contract Tower,0,8,67,0,75,0,12,175,0,187,0,20,242,0,262,62,0,62,324
01/01/2011,SAC,CA,AWP,WE,Federal Contract Tower,0,2,8,0,10,0,0,9,0,9,0,2,17,0,19,2,0,2,21
01/02/2011,SAC,CA,AWP,WE,Federal Contract Tower,0,1,15,0,16,0,0,4,0,4,0,1,19,0,20,0,0,0,20
01/03/2011,SAC,CA,AWP,WE,Federal Contract Tower,0,11,61,0,72,0,10,95,0,105,0,21,156,0,177,110,0,110,287
01/04/2011,SAC,CA,AWP,WE,Federal Contract Tower,0,7,60,0,67,0,6,109,0,115,0,13,169,0,182,34,0,34,216
01/05/2011,SAC,CA,AWP,WE,Federal Contract Tower,0,9,52,0,61,0,5,129,0,134,0,14,181,0,195,136,0,136,331
01/06/2011,SAC,CA,AWP,WE,Federal Contract Tower,0,8,57,0,65,0,0,6,0,6,0,8,63,0,71,20,0,20,91
01/07/2011,SAC,CA,AWP,WE,Federal Contract Tower,0,4,55,0,59,0,0,0,0,0,0,4,55,0,59,0,0,0,59
01/08/2011,SAC,CA,AWP,WE,Federal Contract Tower,0,5,90,0,95,0,0,0,0,0,0,5,90,0,95,0,0,0,95
01/09/2011,SAC,CA,AWP,WE,Federal Contract Tower,0,3,72,0,75,0,2,159,0,161,0,5,231,0,236,166,0,166,402
01/10/2011,SAC,CA,AWP,WE,Federal Contract Tower,0,10,94,0,104,4,183,0,0,187,4,193,94,0,291,0,0,0,291
01/11/2011,SAC,CA,AWP,WE,Federal Contract Tower,0,11,51,0,62,0,0,91,0,91,0,11,142,0,153,44,0,44,197
01/12/2011,SAC,CA,AWP,WE,Federal Contract Tower,0,9,59,0,68,0,0,95,0,95,0,9,154,0,163,42,0,42,205
01/13/2011,SAC,CA,AWP,WE,Federal Contract Tower,0,10,62,1,73,0,5,54,0,59,0,15,116,1,132,88,0,88,220
01/14/2011,SAC,CA,AWP,WE,Federal Contract Tower,0,7,62,0,69,0,7,150,0,157,0,14,212,0,226,50,0,50,276
01/15/2011,SAC,CA,AWP,WE,Federal Contract Tower,0,1,59,0,60,0,0,7,0,7,0,1,66,0,67,0,0,0,67
01/16/2011,SAC,CA,AWP,WE,Federal Contract Tower,0,0,52,0,52,0,0,0,0,0,0,0,52,0,52,4,0,4,56
01/17/2011,SAC,CA,AWP,WE,Federal Contract Tower,0,3,36,0,39,0,0,0,0,0,0,3,36,0,39,0,0,0,39
01/18/2011,SAC,CA,AWP,WE,Federal Contract Tower,0,9,65,0,74,0,2,116,0,118,0,11,181,0,192,38,0,38,230
01/19/2011,SAC,CA,AWP,WE,Federal Contract Tower,1,10,113,0,124,0,4,62,0,66,1,14,175,0,190,4,0,4,194
01/20/2011,SAC,CA,AWP,WE,Federal Contract Tower,0,4,51,2,57,0,10,198,2,210,0,14,249,4,267,86,0,86,353
01/21/2011,SAC,CA,AWP,WE,Federal Contract Tower,0,4,52,2,58,0,24,165,2,191,0,28,217,4,249,50,0,50,299
01/22/2011,SAC,CA,AWP,WE,Federal Contract Tower,0,2,65,0,67,0,2,205,0,207,0,4,270,0,274,57,0,57,331
01/23/2011,SAC,CA,AWP,WE,Federal Contract Tower,0,2,64,0,66,0,0,87,0,87,0,2,151,0,153,56,0,56,209
01/24/2011,SAC,CA,AWP,WE,Federal Contract Tower,0,7,71,0,78,0,1,129,0,130,0,8,200,0,208,128,0,128,336
01/25/2011,SAC,CA,AWP,WE,Federal Contract Tower,0,12,45,0,57,0,0,104,0,104,0,12,149,0,161,0,0,0,161
01/26/2011,SAC,CA,AWP,WE,Federal Contract Tower,0,19,54,0,73,0,0,42,0,42,0,19,96,0,115,0,0,0,115
01/27/2011,SAC,CA,AWP,WE,Federal Contract Tower,0,3,52,0,55,0,0,8,0,8,0,3,60,0,63,10,0,10,73
01/28/2011,SAC,CA,AWP,WE,Federal Contract Tower,0,2,50,0,52,0,0,0,0,0,0,2,50,0,52,0,0,0,52
01/29/2011,SAC,CA,AWP,WE,Federal Contract Tower,0,0,46,0,46,0,0,0,0,0,0,0,46,0,46,0,0,0,46
01/30/2011,SAC,CA,AWP,WE,Federal Contract Tower,0,1,16,0,17,0,5,3,0,8,0,6,19,0,25,2,0,2,27
01/31/2011,SAC,CA,AWP,WE,Federal Contract Tower,0,8,54,0,62,0,0,138,0,138,0,8,192,0,200,99,0,99,299
02/01/2011,SAC,CA,AWP,WE,Federal Contract Tower,0,7,67,0,74,0,1,135,0,136,0,8,202,0,210,26,0,26,236
02/02/2011,SAC,CA,AWP,WE,Federal Contract Tower,0,16,73,0,89,0,1,180,0,181,0,17,253,0,270,54,0,54,324
02/03/2011,SAC,CA,AWP,WE,Federal Contract Tower,0,8,76,0,84,0,13,195,0,208,0,21,271,0,292,68,0,68,360
02/04/2011,SAC,CA,AWP,WE,Federal Contract Tower,0,17,47,0,64,0,19,183,1,203,0,36,230,1,267,62,0,62,329
02/05/2011,SAC,CA,AWP,WE,Federal Contract Tower,0,0,52,0,52,0,7,173,0,180,0,7,225,0,232,8,0,8,240
02/06/2011,SAC,CA,AWP,WE,Federal Contract Tower,0,3,26,0,29,0,8,100,0,108,0,11,126,0,137,42,0,42,179
02/07/2011,SAC,CA,AWP,WE,Federal Contract Tower,0,4,49,0,53,0,6,131,0,137,0,10,180,0,190,84,0,84,274
02/08/2011,SAC,CA,AWP,WE,Federal Contract Tower,0,14,19,0,33,0,5,50,3,58,0,19,69,3,91,4,0,4,95
02/09/2011,SAC,CA,AWP,WE,Federal Contract Tower,0,11,35,0,46,0,5,226,0,231,0,16,261,0,277,112,0,112,389
02/10/2011,SAC,CA,AWP,WE,Federal Contract Tower,0,17,59,0,76,0,20,188,0,208,0,37,247,0,284,18,0,18,302
02/11/2011,SAC,CA,AWP,WE,Federal Contract Tower,0,15,46,0,61,0,20,177,0,197,0,35,223,0,258,68,0,68,326
02/12/2011,SAC,CA,AWP,WE,Federal Contract Tower,0,0,57,0,57,0,1,194,0,195,0,1,251,0,252,66,0,66,318
02/13/2011,SAC,CA,AWP,WE,Federal Contract Tower,0,0,50,0,50,0,8,211,0,219,0,8,261,0,269,52,0,52,321
02/14/2011,SAC,CA,AWP,WE,Federal Contract Tower,0,11,10,0,21,0,7,17,0,24,0,18,27,0,45,20,0,20,65
02/15/2011,SAC,CA,AWP,WE,Federal Contract Tower,0,11,16,0,27,0,1,47,0,48,0,12,63,0,75,4,0,4,79
02/16/2011,SAC,CA,AWP,WE,Federal Contract Tower,0,7,23,0,30,0,2,51,0,53,0,9,74,0,83,6,0,6,89
02/17/2011,SAC,CA,AWP,WE,Federal Contract Tower,0,8,27,0,35,0,3,5,0,8,0,11,32,0,43,0,0,0,43
02/18/2011,SAC,CA,AWP,WE,Federal Contract Tower,0,5,18,0,23,0,0,17,0,17,0,5,35,0,40,26,0,26,66
02/19/2011,SAC,CA,AWP,WE,Federal Contract Tower,0,1,18,0,19,0,3,43,0,46,0,4,61,0,65,88,0,88,153
02/20/2011,SAC,CA,AWP,WE,Federal Contract Tower,0,1,34,0,35,0,0,222,0,222,0,1,256,0,257,74,0,74,331
02/21/2011,SAC,CA,AWP,WE,Federal Contract Tower,0,17,59,0,76,0,5,137,0,142,0,22,196,0,218,40,0,40,258
02/22/2011,SAC,CA,AWP,WE,Federal Contract Tower,0,9,77,0,86,0,3,202,0,205,0,12,279,0,291,44,0,44,335
02/23/2011,SAC,CA,AWP,WE,Federal Contract Tower,0,8,55,0,63,0,1,143,0,144,0,9,198,0,207,44,0,44,251
02/24/2011,SAC,CA,AWP,WE,Federal Contract Tower,0,6,33,0,39,0,7,64,2,73,0,13,97,2,112,22,0,22,134
02/25/2011,SAC,CA,AWP,WE,Federal Contract Tower,0,9,14,0,23,0,7,24,0,31,0,16,38,0,54,8,0,8,62
02/26/2011,SAC,CA,AWP,WE,Federal Contract Tower,0,5,54,0,59,0,2,136,0,138,0,7,190,0,197,22,0,22,219
02/27/2011,SAC,CA,AWP,WE,Federal Contract Tower,0,2,44,0,46,0,1,161,0,162,0,3,205,0,208,58,0,58,266
02/28/2011,SAC,CA,AWP,WE,Federal Contract Tower,0,10,66,0,76,0,9,160,9,178,0,19,226,9,254,86,0,86,340
03/01/2011,SAC,CA,AWP,WE,Federal Contract Tower,0,13,61,0,74,0,12,141,0,153,0,25,202,0,227,42,0,42,269
03/02/2011,SAC,CA,AWP,WE,Federal Contract Tower,0,10,32,0,42,0,1,22,0,23,0,11,54,0,65,6,0,6,71
03/03/2011,SAC,CA,AWP,WE,Federal Contract Tower,0,12,69,2,83,0,7,137,2,146,0,19,206,4,229,118,0,118,347
03/04/2011,SAC,CA,AWP,WE,Federal Contract Tower,0,7,38,0,45,0,4,170,0,174,0,11,208,0,219,86,0,86,305
03/05/2011,SAC,CA,AWP,WE,Federal Contract Tower,0,0,67,0,67,0,1,189,1,191,0,1,256,1,258,36,0,36,294
03/06/2011,SAC,CA,AWP,WE,Federal Contract Tower,0,4,19,0,23,0,1,9,0,10,0,5,28,0,33,8,0,8,41
03/07/2011,SAC,CA,AWP,WE,Federal Contract Tower,0,8,69,0,77,0,5,126,0,131,0,13,195,0,208,120,0,120,328
03/08/2011,SAC,CA,AWP,WE,Federal Contract Tower,0,12,67,0,79,0,0,111,0,111,0,12,178,0,190,41,0,41,231
03/09/2011,SAC,CA,AWP,WE,Federal Contract Tower,0,12,72,0,84,0,1,154,0,155,0,13,226,0,239,126,0,126,365
03/10/2011,SAC,CA,AWP,WE,Federal Contract Tower,0,11,48,0,59,0,12,85,0,97,0,23,133,0,156,26,0,26,182
03/11/2011,SAC,CA,AWP,WE,Federal Contract Tower,0,3,28,0,31,0,6,171,0,177,0,9,199,0,208,88,0,88,296
03/12/2011,SAC,CA,AWP,WE,Federal Contract Tower,0,1,55,0,56,0,1,198,0,199,0,2,253,0,255,98,0,98,353
03/13/2011,SAC,CA,AWP,WE,Federal Contract Tower,0,0,18,0,18,0,0,60,0,60,0,0,78,0,78,4,0,4,82
03/14/2011,SAC,CA,AWP,WE,Federal Contract Tower,0,9,66,0,75,0,1,47,0,48,0,10,113,0,123,102,0,102,225
03/15/2011,SAC,CA,AWP,WE,Federal Contract Tower,0,23,36,3,62,0,3,19,0,22,0,26,55,3,84,26,0,26,110
03/16/2011,SAC,CA,AWP,WE,Federal Contract Tower,0,12,41,0,53,0,1,95,0,96,0,13,136,0,149,98,0,98,247
03/17/2011,SAC,CA,AWP,WE,Federal Contract Tower,0,11,63,0,74,0,12,173,0,185,0,23,236,0,259,116,0,116,375
03/18/2011,SAC,CA,AWP,WE,Federal Contract Tower,0,4,25,0,29,0,4,26,0,30,0,8,51,0,59,2,0,2,61
03/19/2011,SAC,CA,AWP,WE,Federal Contract Tower,0,1,34,0,35,0,1,36,0,37,0,2,70,0,72,26,0,26,98
03/20/2011,SAC,CA,AWP,WE,Federal Contract Tower,0,2,27,0,29,0,2,5,0,7,0,4,32,0,36,0,0,0,36
03/21/2011,SAC,CA,AWP,WE,Federal Contract Tower,0,16,60,0,76,0,14,86,0,100,0,30,146,0,176,26,0,26,202
03/22/2011,SAC,CA,AWP,WE,Federal Contract Tower,0,6,57,0,63,0,2,150,0,152,0,8,207,0,215,88,0,88,303
03/23/2011,SAC,CA,AWP,WE,Federal Contract Tower,0,8,29,0,37,0,0,14,0,14,0,8,43,0,51,24,0,24,75
03/24/2011,SAC,CA,AWP,WE,Federal Contract Tower,0,3,13,0,16,0,5,8,0,13,0,8,21,0,29,2,0,2,31
03/25/2011,SAC,CA,AWP,WE,Federal Contract Tower,0,3,27,0,30,0,4,59,0,63,0,7,86,0,93,14,0,14,107
03/26/2011,SAC,CA,AWP,WE,Federal Contract Tower,0,0,28,0,28,0,0,14,0,14,0,0,42,0,42,14,0,14,56
03/27/2011,SAC,CA,AWP,WE,Federal Contract Tower,0,3,24,0,27,0,3,96,0,99,0,6,120,0,126,60,0,60,186
03/28/2011,SAC,CA,AWP,WE,Federal Contract Tower,0,6,74,0,80,0,8,127,0,135,0,14,201,0,215,42,0,42,257
03/29/2011,SAC,CA,AWP,WE,Federal Contract Tower,0,9,43,0,52,0,0,159,0,159,0,9,202,0,211,50,0,50,261
03/30/2011,SAC,CA,AWP,WE,Federal Contract Tower,0,9,37,0,46,0,1,140,0,141,0,10,177,0,187,66,0,66,253
03/31/2011,SAC,CA,AWP,WE,Federal Contract Tower,0,6,53,0,59,0,12,210,0,222,0,18,263,0,281,52,0,52,333
04/01/2011,SAC,CA,AWP,WE,Federal Contract Tower,0,2,25,0,27,0,4,158,0,162,0,6,183,0,189,76,0,76,265
04/02/2011,SAC,CA,AWP,WE,Federal Contract Tower,0,2,36,0,38,0,9,154,0,163,0,11,190,0,201,24,0,24,225
04/03/2011,SAC,CA,AWP,WE,Federal Contract Tower,0,2,48,0,50,0,1,140,0,141,0,3,188,0,191,44,0,44,235
04/04/2011,SAC,CA,AWP,WE,Federal Contract Tower,0,7,49,0,56,0,5,137,0,142,0,12,186,0,198,42,0,42,240
04/05/2011,SAC,CA,AWP,WE,Federal Contract Tower,0,10,54,2,66,0,4,178,2,184,0,14,232,4,250,80,0,80,330
04/06/2011,SAC,CA,AWP,WE,Federal Contract Tower,0,13,34,1,48,0,2,174,0,176,0,15,208,1,224,50,0,50,274
04/07/2011,SAC,CA,AWP,WE,Federal Contract Tower,0,5,23,0,28,0,8,83,0,91,0,13,106,0,119,43,0,43,162
04/08/2011,SAC,CA,AWP,WE,Federal Contract Tower,0,4,44,0,48,0,7,132,0,139,0,11,176,0,187,88,0,88,275
04/09/2011,SAC,CA,AWP,WE,Federal Contract Tower,0,6,33,0,39,0,16,193,0,209,0,22,226,0,248,72,0,72,320
04/10/2011,SAC,CA,AWP,WE,Federal Contract Tower,0,2,35,0,37,0,2,179,0,181,0,4,214,0,218,48,0,48,266
04/11/2011,SAC,CA,AWP,WE,Federal Contract Tower,0,10,52,0,62,0,11,133,0,144,0,21,185,0,206,61,0,61,267
04/12/2011,SAC,CA,AWP,WE,Federal Contract Tower,0,9,42,0,51,0,6,145,0,151,0,15,187,0,202,72,0,72,274
04/13/2011,SAC,CA,AWP,WE,Federal Contract Tower,0,12,42,0,54,0,1,99,0,100,0,13,141,0,154,103,0,103,257
04/14/2011,SAC,CA,AWP,WE,Federal Contract Tower,0,3,29,0,32,0,7,154,0,161,0,10,183,0,193,60,0,60,253
04/15/2011,SAC,CA,AWP,WE,Federal Contract Tower,0,5,31,0,36,0,5,143,0,148,0,10,174,0,184,40,0,40,224
04/16/2011,SAC,CA,AWP,WE,Federal Contract Tower,0,3,42,0,45,0,2,206,0,208,0,5,248,0,253,66,0,66,319
04/17/2011,SAC,CA,AWP,WE,Federal Contract Tower,0,0,23,0,23,0,2,155,0,157,0,2,178,0,180,104,0,104,284
04/18/2011,SAC,CA,AWP,WE,Federal Contract Tower,0,7,45,0,52,0,3,101,0,104,0,10,146,0,156,26,0,26,182
04/19/2011,SAC,CA,AWP,WE,Federal Contract Tower,0,0,28,0,28,0,17,100,0,117,0,17,128,0,145,89,0,89,234
04/20/2011,SAC,CA,AWP,WE,Federal Contract Tower,0,11,39,0,50,0,0,130,0,130,0,11,169,0,180,134,0,134,314
04/21/2011,SAC,CA,AWP,WE,Federal Contract Tower,0,3,33,0,36,0,8,118,0,126,0,11,151,0,162,32,0,32,194
04/22/2011,SAC,CA,AWP,WE,Federal Contract Tower,0,2,42,0,44,0,8,151,0,159,0,10,193,0,203,102,0,102,305
04/23/2011,SAC,CA,AWP,WE,Federal Contract Tower,0,3,20,0,23,0,4,161,0,165,0,7,181,0,188,148,0,148,336
04/24/2011,SAC,CA,AWP,WE,Federal Contract Tower,0,0,19,0,19,0,0,44,0,44,0,0,63,0,63,32,0,32,95
04/25/2011,SAC,CA,AWP,WE,Federal Contract Tower,0,5,29,0,34,0,7,68,0,75,0,12,97,0,109,40,0,40,149
04/26/2011,SAC,CA,AWP,WE,Federal Contract Tower,0,7,28,0,35,0,3,166,0,169,0,10,194,0,204,76,0,76,280
04/27/2011,SAC,CA,AWP,WE,Federal Contract Tower,0,3,59,0,62,0,6,235,0,241,0,9,294,0,303,140,0,140,443
04/28/2011,SAC,CA,AWP,WE,Federal Contract Tower,0,3,22,0,25,0,6,143,0,149,0,9,165,0,174,74,0,74,248
04/29/2011,SAC,CA,AWP,WE,Federal Contract Tower,0,7,41,0,48,0,7,102,0,109,0,14,143,0,157,10,0,10,167
04/30/2011,SAC,CA,AWP,WE,Federal Contract Tower,0,4,53,0,57,0,5,150,0,155,0,9,203,0,212,32,0,32,244
05/01/2011,SAC,CA,AWP,WE,Federal Contract Tower,0,1,55,0,56,0,2,270,0,272,0,3,325,0,328,96,0,96,424
05/02/2011,SAC,CA,AWP,WE,Federal Contract Tower,0,3,42,0,45,0,16,162,0,178,0,19,204,0,223,64,2,66,289
05/03/2011,SAC,CA,AWP,WE,Federal Contract Tower,0,3,42,0,45,0,7,140,0,147,0,10,182,0,192,152,0,152,344
05/04/2011,SAC,CA,AWP,WE,Federal Contract Tower,0,5,46,0,51,0,7,142,0,149,0,12,188,0,200,80,0,80,280
05/05/2011,SAC,CA,AWP,WE,Federal Contract Tower,0,1,45,0,46,0,22,152,0,174,0,23,197,0,220,224,0,224,444
05/06/2011,SAC,CA,AWP,WE,Federal Contract Tower,0,2,49,0,51,0,1,160,0,161,0,3,209,0,212,100,0,100,312
05/07/2011,SAC,CA,AWP,WE,Federal Contract Tower,0,1,38,0,39,0,0,144,0,144,0,1,182,0,183,76,0,76,259
05/08/2011,SAC,CA,AWP,WE,Federal Contract Tower,0,0,27,0,27,0,0,80,0,80,0,0,107,0,107,34,0,34,141
05/09/2011,SAC,CA,AWP,WE,Federal Contract Tower,0,11,43,0,54,0,13,118,1,132,0,24,161,1,186,44,0,44,230
05/10/2011,SAC,CA,AWP,WE,Federal Contract Tower,0,11,36,0,47,0,5,163,2,170,0,16,199,2,217,76,0,76,293
05/11/2011,SAC,CA,AWP,WE,Federal Contract Tower,0,1,40,6,47,0,7,166,0,173,0,8,206,6,220,146,0,146,366
05/12/2011,SAC,CA,AWP,WE,Federal Contract Tower,0,5,53,4,62,0,8,180,4,192,0,13,233,8,254,80,0,80,334
05/13/2011,SAC,CA,AWP,WE,Federal Contract Tower,0,9,33,0,42,0,12,179,0,191,0,21,212,0,233,42,0,42,275
05/14/2011,SAC,CA,AWP,WE,Federal Contract Tower,0,1,43,0,44,0,1,173,0,174,0,2,216,0,218,111,0,111,329
05/15/2011,SAC,CA,AWP,WE,Federal Contract Tower,0,7,19,0,26,0,2,33,0,35,0,9,52,0,61,14,0,14,75
05/16/2011,SAC,CA,AWP,WE,Federal Contract Tower,0,15,34,0,49,0,6,76,0,82,0,21,110,0,131,34,0,34,165
05/17/2011,SAC,CA,AWP,WE,Federal Contract Tower,0,8,37,0,45,0,1,34,0,35,0,9,71,0,80,36,0,36,116
05/18/2011,SAC,CA,AWP,WE,Federal Contract Tower,0,16,66,0,82,0,8,101,0,109,0,24,167,0,191,92,0,92,283
05/19/2011,SAC,CA,AWP,WE,Federal Contract Tower,0,2,67,1,70,0,10,208,0,218,0,12,275,1,288,135,0,135,423
05/20/2011,SAC,CA,AWP,WE,Federal Contract Tower,0,1,47,0,48,0,5,186,0,191,0,6,233,0,239,118,0,118,357
05/21/2011,SAC,CA,AWP,WE,Federal Contract Tower,0,8,49,0,57,0,7,204,0,211,0,15,253,0,268,58,0,58,326
05/22/2011,SAC,CA,AWP,WE,Federal Contract Tower,0,0,59,0,59,0,4,309,0,313,0,4,368,0,372,50,0,50,422
05/23/2011,SAC,CA,AWP,WE,Federal Contract Tower,0,3,31,0,34,0,12,125,0,137,0,15,156,0,171,110,0,110,281
05/24/2011,SAC,CA,AWP,WE,Federal Contract Tower,0,3,29,0,32,0,7,145,0,152,0,10,174,0,184,98,0,98,282
05/25/2011,SAC,CA,AWP,WE,Federal Contract Tower,0,6,55,0,61,0,1,51,0,52,0,7,106,0,113,6,0,6,119
05/26/2011,SAC,CA,AWP,WE,Federal Contract Tower,0,0,55,0,55,0,10,152,0,162,0,10,207,0,217,104,0,104,321
05/27/2011,SAC,CA,AWP,WE,Federal Contract Tower,0,3,41,0,44,0,6,144,0,150,0,9,185,0,194,70,0,70,264
05/28/2011,SAC,CA,AWP,WE,Federal Contract Tower,0,0,41,0,41,0,5,133,0,138,0,5,174,0,179,44,0,44,223
05/29/2011,SAC,CA,AWP,WE,Federal Contract Tower,0,0,31,0,31,0,6,133,0,139,0,6,164,0,170,28,0,28,198
05/30/2011,SAC,CA,AWP,WE,Federal Contract Tower,0,4,24,0,28,0,5,128,0,133,0,9,152,0,161,38,0,38,199
05/31/2011,SAC,CA,AWP,WE,Federal Contract Tower,0,2,42,0,44,0,9,95,0,104,0,11,137,0,148,54,0,54,202
06/01/2011,SAC,CA,AWP,WE,Federal Contract Tower,0,5,35,0,40,0,5,73,0,78,0,10,108,0,118,34,0,34,152
06/02/2011,SAC,CA,AWP,WE,Federal Contract Tower,0,4,59,0,63,0,16,187,0,203,0,20,246,0,266,94,0,94,360
06/03/2011,SAC,CA,AWP,WE,Federal Contract Tower,0,3,47,0,50,0,4,157,0,161,0,7,204,0,211,72,0,72,283
06/04/2011,SAC,CA,AWP,WE,Federal Contract Tower,0,1,15,0,16,0,5,13,0,18,0,6,28,0,34,18,0,18,52
06/05/2011,SAC,CA,AWP,WE,Federal Contract Tower,0,1,35,0,36,0,3,61,0,64,0,4,96,0,100,46,0,46,146
06/06/2011,SAC,CA,AWP,WE,Federal Contract Tower,0,4,47,0,51,0,5,34,0,39,0,9,81,0,90,42,0,42,132
06/07/2011,SAC,CA,AWP,WE,Federal Contract Tower,0,1,76,0,77,0,8,138,0,146,0,9,214,0,223,12,0,12,235
06/08/2011,SAC,CA,AWP,WE,Federal Contract Tower,0,5,54,0,59,0,5,234,0,239,0,10,288,0,298,118,0,118,416
06/09/2011,SAC,CA,AWP,WE,Federal Contract Tower,0,2,47,0,49,0,5,184,0,189,0,7,231,0,238,32,0,32,270
06/10/2011,SAC,CA,AWP,WE,Federal Contract Tower,0,7,51,0,58,0,8,198,0,206,0,15,249,0,264,60,0,60,324
06/11/2011,SAC,CA,AWP,WE,Federal Contract Tower,0,2,34,0,36,0,8,167,0,175,0,10,201,0,211,54,0,54,265
06/12/2011,SAC,CA,AWP,WE,Federal Contract Tower,0,4,19,0,23,0,7,161,0,168,0,11,180,0,191,30,0,30,221
06/13/2011,SAC,CA,AWP,WE,Federal Contract Tower,0,2,20,0,22,0,18,107,0,125,0,20,127,0,147,14,0,14,161
06/14/2011,SAC,CA,AWP,WE,Federal Contract Tower,0,5,53,0,58,0,13,194,0,207,0,18,247,0,265,42,0,42,307
06/15/2011,SAC,CA,AWP,WE,Federal Contract Tower,0,2,36,0,38,0,5,173,0,178,0,7,209,0,216,90,0,90,306
06/16/2011,SAC,CA,AWP,WE,Federal Contract Tower,0,1,26,0,27,0,5,167,0,172,0,6,193,0,199,64,0,64,263
06/17/2011,SAC,CA,AWP,WE,Federal Contract Tower,0,8,44,1,53,0,9,180,1,190,0,17,224,2,243,68,0,68,311
06/18/2011,SAC,CA,AWP,WE,Federal Contract Tower,0,2,33,0,35,0,6,181,0,187,0,8,214,0,222,78,0,78,300
06/19/2011,SAC,CA,AWP,WE,Federal Contract Tower,0,1,56,0,57,0,3,148,0,151,0,4,204,0,208,10,0,10,218
06/20/2011,SAC,CA,AWP,WE,Federal Contract Tower,0,1,44,0,45,0,6,130,0,136,0,7,174,0,181,106,0,106,287
06/21/2011,SAC,CA,AWP,WE,Federal Contract Tower,0,1,39,0,40,0,5,138,0,143,0,6,177,0,183,68,0,68,251
06/22/2011,SAC,CA,AWP,WE,Federal Contract Tower,0,6,37,0,43,0,8,158,0,166,0,14,195,0,209,78,0,78,287
06/23/2011,SAC,CA,AWP,WE,Federal Contract Tower,0,11,35,0,46,0,8,131,0,139,0,19,166,0,185,122,0,122,307
06/24/2011,SAC,CA,AWP,WE,Federal Contract Tower,0,9,64,1,74,0,6,184,1,191,0,15,248,2,265,70,0,70,335
06/25/2011,SAC,CA,AWP,WE,Federal Contract Tower,0,1,35,0,36,0,10,209,7,226,0,11,244,7,262,92,0,92,354
06/26/2011,SAC,CA,AWP,WE,Federal Contract Tower,0,0,22,0,22,0,0,175,6,181,0,0,197,6,203,66,0,66,269
06/27/2011,SAC,CA,AWP,WE,Federal Contract Tower,0,6,36,0,42,0,14,157,0,171,0,20,193,0,213,70,0,70,283
06/28/2011,SAC,CA,AWP,WE,Federal Contract Tower,0,10,20,0,30,0,1,46,0,47,0,11,66,0,77,24,0,24,101
06/29/2011,SAC,CA,AWP,WE,Federal Contract Tower,0,5,49,0,54,0,8,130,0,138,0,13,179,0,192,56,0,56,248
06/30/2011,SAC,CA,AWP,WE,Federal Contract Tower,0,1,24,0,25,0,7,193,0,200,0,8,217,0,225,54,0,54,279
07/01/2011,SAC,CA,AWP,WE,Federal Contract Tower,0,0,43,0,43,0,4,167,0,171,0,4,210,0,214,46,0,46,260
07/02/2011,SAC,CA,AWP,WE,Federal Contract Tower,0,0,20,0,20,0,5,131,0,136,0,5,151,0,156,46,0,46,202
07/03/2011,SAC,CA,AWP,WE,Federal Contract Tower,0,2,16,0,18,0,7,113,0,120,0,9,129,0,138,40,0,40,178
07/04/2011,SAC,CA,AWP,WE,Federal Contract Tower,0,0,15,0,15,0,2,115,0,117,0,2,130,0,132,4,0,4,136
07/05/2011,SAC,CA,AWP,WE,Federal Contract Tower,0,0,60,0,60,0,7,165,0,172,0,7,225,0,232,36,0,36,268
07/06/2011,SAC,CA,AWP,WE,Federal Contract Tower,0,5,33,0,38,0,9,185,0,194,0,14,218,0,232,54,0,54,286
07/07/2011,SAC,CA,AWP,WE,Federal Contract Tower,0,3,34,0,37,0,10,190,0,200,0,13,224,0,237,80,0,80,317
07/08/2011,SAC,CA,AWP,WE,Federal Contract Tower,0,4,34,0,38,0,16,215,0,231,0,20,249,0,269,106,0,106,375
07/09/2011,SAC,CA,AWP,WE,Federal Contract Tower,0,0,31,0,31,0,7,167,0,174,0,7,198,0,205,160,0,160,365
07/10/2011,SAC,CA,AWP,WE,Federal Contract Tower,0,0,31,0,31,0,4,186,0,190,0,4,217,0,221,38,0,38,259
07/11/2011,SAC,CA,AWP,WE,Federal Contract Tower,0,6,42,0,48,0,15,161,0,176,0,21,203,0,224,72,0,72,296
07/12/2011,SAC,CA,AWP,WE,Federal Contract Tower,0,8,55,0,63,0,0,182,0,182,0,8,237,0,245,88,0,88,333
07/13/2011,SAC,CA,AWP,WE,Federal Contract Tower,0,4,45,0,49,0,7,129,0,136,0,11,174,0,185,40,0,40,225
07/14/2011,SAC,CA,AWP,WE,Federal Contract Tower,0,1,57,0,58,0,9,189,0,198,0,10,246,0,256,108,0,108,364
07/15/2011,SAC,CA,AWP,WE,Federal Contract Tower,0,6,43,0,49,0,8,196,0,204,0,14,239,0,253,32,0,32,285
07/16/2011,SAC,CA,AWP,WE,Federal Contract Tower,0,4,27,0,31,0,8,142,5,155,0,12,169,5,186,86,0,86,272
07/17/2011,SAC,CA,AWP,WE,Federal Contract Tower,0,1,34,0,35,0,8,138,6,152,0,9,172,6,187,112,0,112,299
07/18/2011,SAC,CA,AWP,WE,Federal Contract Tower,0,1,30,0,31,0,12,149,0,161,0,13,179,0,192,60,0,60,252
07/19/2011,SAC,CA,AWP,WE,Federal Contract Tower,0,1,33,0,34,0,11,185,0,196,0,12,218,0,230,50,0,50,280
07/20/2011,SAC,CA,AWP,WE,Federal Contract Tower,0,0,55,0,55,0,10,188,0,198,0,10,243,0,253,106,0,106,359
07/21/2011,SAC,CA,AWP,WE,Federal Contract Tower,0,0,39,0,39,0,11,190,0,201,0,11,229,0,240,88,0,88,328
07/22/2011,SAC,CA,AWP,WE,Federal Contract Tower,0,0,50,0,50,0,2,228,0,230,0,2,278,0,280,72,0,72,352
07/23/2011,SAC,CA,AWP,WE,Federal Contract Tower,0,0,32,0,32,0,0,146,0,146,0,0,178,0,178,46,0,46,224
07/24/2011,SAC,CA,AWP,WE,Federal Contract Tower,0,2,51,0,53,0,7,155,0,162,0,9,206,0,215,56,0,56,271
07/25/2011,SAC,CA,AWP,WE,Federal Contract Tower,0,6,40,0,46,0,14,177,0,191,0,20,217,0,237,114,0,114,351
07/26/2011,SAC,CA,AWP,WE,Federal Contract Tower,0,10,64,2,76,0,14,192,2,208,0,24,256,4,284,126,0,126,410
07/27/2011,SAC,CA,AWP,WE,Federal Contract Tower,0,3,76,0,79,0,9,216,1,226,0,12,292,1,305,72,0,72,377
07/28/2011,SAC,CA,AWP,WE,Federal Contract Tower,0,7,45,0,52,0,8,191,0,199,0,15,236,0,251,96,0,96,347
07/29/2011,SAC,CA,AWP,WE,Federal Contract Tower,0,16,37,0,53,0,14,177,0,191,0,30,214,0,244,76,0,76,320
07/30/2011,SAC,CA,AWP,WE,Federal Contract Tower,0,1,41,0,42,0,0,163,0,163,0,1,204,0,205,132,0,132,337
07/31/2011,SAC,CA,AWP,WE,Federal Contract Tower,0,0,32,0,32,0,5,175,0,180,0,5,207,0,212,74,0,74,286
08/01/2011,SAC,CA,AWP,WE,Federal Contract Tower,0,2,23,0,25,0,6,188,0,194,0,8,211,0,219,94,0,94,313
08/02/2011,SAC,CA,AWP,WE,Federal Contract Tower,0,6,53,0,59,0,7,156,0,163,0,13,209,0,222,90,0,90,312
08/03/2011,SAC,CA,AWP,WE,Federal Contract Tower,0,4,49,0,53,0,6,137,0,143,0,10,186,0,196,84,0,84,280
08/04/2011,SAC,CA,AWP,WE,Federal Contract Tower,0,8,45,2,55,0,8,158,2,168,0,16,203,4,223,26,0,26,249
08/05/2011,SAC,CA,AWP,WE,Federal Contract Tower,0,3,68,0,71,0,7,207,0,214,0,10,275,0,285,66,0,66,351
08/06/2011,SAC,CA,AWP,WE,Federal Contract Tower,0,2,17,0,19,0,3,157,0,160,0,5,174,0,179,148,0,148,327
08/07/2011,SAC,CA,AWP,WE,Federal Contract Tower,0,2,59,0,61,0,6,172,0,178,0,8,231,0,239,20,0,20,259
08/08/2011,SAC,CA,AWP,WE,Federal Contract Tower,0,1,62,0,63,0,13,142,0,155,0,14,204,0,218,74,0,74,292
08/09/2011,SAC,CA,AWP,WE,Federal Contract Tower,0,6,73,2,81,0,5,191,2,198,0,11,264,4,279,66,0,66,345
08/10/2011,SAC,CA,AWP,WE,Federal Contract Tower,0,6,64,0,70,0,5,164,0,169,0,11,228,0,239,38,0,38,277
08/11/2011,SAC,CA,AWP,WE,Federal Contract Tower,0,5,56,0,61,0,17,164,1,182,0,22,220,1,243,44,0,44,287
08/12/2011,SAC,CA,AWP,WE,Federal Contract Tower,0,1,35,0,36,0,6,185,1,192,0,7,220,1,228,86,0,86,314
08/13/2011,SAC,CA,AWP,WE,Federal Contract Tower,0,1,47,0,48,0,7,203,0,210,0,8,250,0,258,74,0,74,332
08/14/2011,SAC,CA,AWP,WE,Federal Contract Tower,0,3,34,0,37,0,3,174,0,177,0,6,208,0,214,32,0,32,246
08/15/2011,SAC,CA,AWP,WE,Federal Contract Tower,0,2,51,0,53,0,11,139,0,150,0,13,190,0,203,98,0,98,301
08/16/2011,SAC,CA,AWP,WE,Federal Contract Tower,0,6,47,0,53,0,9,166,0,175,0,15,213,0,228,130,0,130,358
08/17/2011,SAC,CA,AWP,WE,Federal Contract Tower,0,6,46,0,52,0,6,152,0,158,0,12,198,0,210,112,0,112,322
08/18/2011,SAC,CA,AWP,WE,Federal Contract Tower,0,10,73,0,83,0,11,228,0,239,0,21,301,0,322,56,0,56,378
08/19/2011,SAC,CA,AWP,WE,Federal Contract Tower,0,1,50,0,51,0,11,191,0,202,0,12,241,0,253,78,0,78,331
08/20/2011,SAC,CA,AWP,WE,Federal Contract Tower,0,3,49,0,52,0,3,173,0,176,0,6,222,0,228,102,0,102,330
08/21/2011,SAC,CA,AWP,WE,Federal Contract Tower,0,6,39,0,45,0,6,186,1,193,0,12,225,1,238,48,0,48,286
08/22/2011,SAC,CA,AWP,WE,Federal Contract Tower,0,6,37,0,43,0,9,137,1,147,0,15,174,1,190,68,0,68,258
08/23/2011,SAC,CA,AWP,WE,Federal Contract Tower,0,3,32,0,35,0,9,186,0,195,0,12,218,0,230,28,0,28,258
08/24/2011,SAC,CA,AWP,WE,Federal Contract Tower,0,6,58,0,64,0,10,161,0,171,0,16,219,0,235,54,0,54,289
08/25/2011,SAC,CA,AWP,WE,Federal Contract Tower,0,1,52,0,53,0,5,176,0,181,0,6,228,0,234,142,0,142,376
08/26/2011,SAC,CA,AWP,WE,Federal Contract Tower,0,6,39,0,45,0,14,156,0,170,0,20,195,0,215,38,0,38,253
08/27/2011,SAC,CA,AWP,WE,Federal Contract Tower,0,0,21,0,21,0,1,167,0,168,0,1,188,0,189,54,0,54,243
08/28/2011,SAC,CA,AWP,WE,Federal Contract Tower,0,1,57,0,58,0,5,254,0,259,0,6,311,0,317,100,0,100,417
08/29/2011,SAC,CA,AWP,WE,Federal Contract Tower,0,3,69,0,72,0,10,194,0,204,0,13,263,0,276,68,0,68,344
08/30/2011,SAC,CA,AWP,WE,Federal Contract Tower,0,1,54,0,55,0,7,171,0,178,0,8,225,0,233,78,2,80,313
08/31/2011,SAC,CA,AWP,WE,Federal Contract Tower,0,7,52,0,59,0,8,191,0,199,0,15,243,0,258,158,0,158,416
09/01/2011,SAC,CA,AWP,WE,Federal Contract Tower,0,2,36,0,38,0,11,130,1,142,0,13,166,1,180,59,0,59,239
09/02/2011,SAC,CA,AWP,WE,Federal Contract Tower,0,4,81,0,85,0,3,165,0,168,0,7,246,0,253,48,0,48,301
09/03/2011,SAC,CA,AWP,WE,Federal Contract Tower,0,0,10,0,10,0,2,166,0,168,0,2,176,0,178,95,0,95,273
09/04/2011,SAC,CA,AWP,WE,Federal Contract Tower,0,1,10,0,11,0,0,132,0,132,0,1,142,0,143,25,0,25,168
09/05/2011,SAC,CA,AWP,WE,Federal Contract Tower,0,8,22,0,30,0,5,180,0,185,0,13,202,0,215,76,0,76,291
09/06/2011,SAC,CA,AWP,WE,Federal Contract Tower,0,2,28,0,30,0,11,181,0,192,0,13,209,0,222,67,0,67,289
09/07/2011,SAC,CA,AWP,WE,Federal Contract Tower,0,2,25,0,27,0,12,167,0,179,0,14,192,0,206,64,0,64,270
09/08/2011,SAC,CA,AWP,WE,Federal Contract Tower,0,6,41,0,47,8,13,170,0,191,8,19,211,0,238,78,0,78,316
09/09/2011,SAC,CA,AWP,WE,Federal Contract Tower,0,5,30,0,35,0,8,177,0,185,0,13,207,0,220,47,0,47,267
09/10/2011,SAC,CA,AWP,WE,Federal Contract Tower,0,1,26,0,27,0,3,137,6,146,0,4,163,6,173,108,0,108,281
09/11/2011,SAC,CA,AWP,WE,Federal Contract Tower,0,1,22,0,23,0,2,126,0,128,0,3,148,0,151,32,0,32,183
09/12/2011,SAC,CA,AWP,WE,Federal Contract Tower,0,5,20,0,25,0,6,165,0,171,0,11,185,0,196,48,0,48,244
09/13/2011,SAC,CA,AWP,WE,Federal Contract Tower,0,8,36,4,48,0,8,133,5,146,0,16,169,9,194,58,2,60,254
09/14/2011,SAC,CA,AWP,WE,Federal Contract Tower,0,4,65,0,69,0,6,169,0,175,0,10,234,0,244,48,0,48,292
09/15/2011,SAC,CA,AWP,WE,Federal Contract Tower,0,2,58,2,62,0,7,167,2,176,0,9,225,4,238,32,0,32,270
09/16/2011,SAC,CA,AWP,WE,Federal Contract Tower,0,1,51,0,52,0,5,122,0,127,0,6,173,0,179,101,0,101,280
09/17/2011,SAC,CA,AWP,WE,Federal Contract Tower,0,2,21,0,23,0,9,199,0,208,0,11,220,0,231,112,0,112,343
09/18/2011,SAC,CA,AWP,WE,Federal Contract Tower,0,0,39,0,39,0,4,178,0,182,0,4,217,0,221,92,0,92,313
09/19/2011,SAC,CA,AWP,WE,Federal Contract Tower,0,7,40,0,47,0,4,160,0,164,0,11,200,0,211,104,0,104,315
09/20/2011,SAC,CA,AWP,WE,Federal Contract Tower,0,10,32,0,42,0,10,155,0,165,0,20,187,0,207,74,0,74,281
09/21/2011,SAC,CA,AWP,WE,Federal Contract Tower,0,9,53,2,64,0,8,171,2,181,0,17,224,4,245,144,0,144,389
09/22/2011,SAC,CA,AWP,WE,Federal Contract Tower,0,9,36,0,45,0,9,148,1,158,0,18,184,1,203,46,0,46,249
09/23/2011,SAC,CA,AWP,WE,Federal Contract Tower,0,2,60,0,62,0,5,182,0,187,0,7,242,0,249,91,0,91,340
09/24/2011,SAC,CA,AWP,WE,Federal Contract Tower,0,0,24,0,24,0,1,162,0,163,0,1,186,0,187,136,0,136,323
09/25/2011,SAC,CA,AWP,WE,Federal Contract Tower,0,3,37,0,40,0,8,114,0,122,0,11,151,0,162,66,0,66,228
09/26/2011,SAC,CA,AWP,WE,Federal Contract Tower,0,3,49,0,52,0,6,155,0,161,0,9,204,0,213,91,0,91,304
09/27/2011,SAC,CA,AWP,WE,Federal Contract Tower,0,4,27,2,33,0,6,143,2,151,0,10,170,4,184,26,0,26,210
09/28/2011,SAC,CA,AWP,WE,Federal Contract Tower,0,8,29,0,37,0,8,148,0,156,0,16,177,0,193,116,0,116,309
09/29/2011,SAC,CA,AWP,WE,Federal Contract Tower,0,5,46,0,51,0,10,158,0,168,0,15,204,0,219,82,0,82,301
09/30/2011,SAC,CA,AWP,WE,Federal Contract Tower,0,0,48,0,48,0,2,144,0,146,0,2,192,0,194,42,0,42,236
10/01/2011,SAC,CA,AWP,WE,Federal Contract Tower,0,2,40,0,42,0,2,152,0,154,0,4,192,0,196,114,0,114,310
10/02/2011,SAC,CA,AWP,WE,Federal Contract Tower,0,3,40,2,45,0,3,190,0,193,0,6,230,2,238,82,0,82,320
10/03/2011,SAC,CA,AWP,WE,Federal Contract Tower,0,10,31,0,41,0,3,100,0,103,0,13,131,0,144,40,0,40,184
10/04/2011,SAC,CA,AWP,WE,Federal Contract Tower,0,16,55,0,71,0,2,78,0,80,0,18,133,0,151,116,0,116,267
10/05/2011,SAC,CA,AWP,WE,Federal Contract Tower,0,6,20,2,28,0,7,65,0,72,0,13,85,2,100,26,0,26,126
10/06/2011,SAC,CA,AWP,WE,Federal Contract Tower,0,4,33,2,39,0,5,50,0,55,0,9,83,2,94,84,0,84,178
10/07/2011,SAC,CA,AWP,WE,Federal Contract Tower,0,4,33,0,37,0,10,166,0,176,0,14,199,0,213,112,0,112,325
10/08/2011,SAC,CA,AWP,WE,Federal Contract Tower,0,0,45,0,45,0,1,208,0,209,0,1,253,0,254,68,0,68,322
10/09/2011,SAC,CA,AWP,WE,Federal Contract Tower,0,0,40,0,40,0,0,139,0,139,0,0,179,0,179,38,0,38,217
10/10/2011,SAC,CA,AWP,WE,Federal Contract Tower,0,9,54,0,63,0,2,26,0,28,0,11,80,0,91,10,0,10,101
10/11/2011,SAC,CA,AWP,WE,Federal Contract Tower,0,3,41,0,44,0,9,115,0,124,0,12,156,0,168,46,0,46,214
10/12/2011,SAC,CA,AWP,WE,Federal Contract Tower,0,6,61,0,67,0,5,212,0,217,0,11,273,0,284,136,0,136,420
10/13/2011,SAC,CA,AWP,WE,Federal Contract Tower,0,3,39,0,42,0,9,158,0,167,0,12,197,0,209,170,0,170,379
10/14/2011,SAC,CA,AWP,WE,Federal Contract Tower,0,2,38,0,40,0,4,163,0,167,0,6,201,0,207,78,0,78,285
10/15/2011,SAC,CA,AWP,WE,Federal Contract Tower,0,0,56,0,56,0,4,181,0,185,0,4,237,0,241,28,0,28,269
10/16/2011,SAC,CA,AWP,WE,Federal Contract Tower,0,1,27,0,28,0,5,164,0,169,0,6,191,0,197,94,0,94,291
10/17/2011,SAC,CA,AWP,WE,Federal Contract Tower,0,4,40,0,44,0,3,152,0,155,0,7,192,0,199,70,0,70,269
10/18/2011,SAC,CA,AWP,WE,Federal Contract Tower,0,7,51,0,58,0,8,148,0,156,0,15,199,0,214,76,0,76,290
10/19/2011,SAC,CA,AWP,WE,Federal Contract Tower,0,11,41,0,52,0,18,177,0,195,0,29,218,0,247,80,0,80,327
10/20/2011,SAC,CA,AWP,WE,Federal Contract Tower,0,6,54,0,60,0,2,155,0,157,0,8,209,0,217,115,0,115,332
10/21/2011,SAC,CA,AWP,WE,Federal Contract Tower,0,5,42,0,47,0,6,153,0,159,0,11,195,0,206,46,0,46,252
10/22/2011,SAC,CA,AWP,WE,Federal Contract Tower,0,4,8,0,12,0,3,226,1,230,0,7,234,1,242,141,0,141,383
10/23/2011,SAC,CA,AWP,WE,Federal Contract Tower,0,0,34,0,34,0,0,164,0,164,0,0,198,0,198,110,0,110,308
10/24/2011,SAC,CA,AWP,WE,Federal Contract Tower,0,9,34,0,43,0,4,137,1,142,0,13,171,1,185,88,0,88,273
10/25/2011,SAC,CA,AWP,WE,Federal Contract Tower,0,5,38,0,43,0,7,81,0,88,0,12,119,0,131,30,0,30,161
10/26/2011,SAC,CA,AWP,WE,Federal Contract Tower,0,9,57,0,66,0,10,155,0,165,0,19,212,0,231,120,0,120,351
10/27/2011,SAC,CA,AWP,WE,Federal Contract Tower,0,6,37,0,43,0,8,162,0,170,0,14,199,0,213,112,0,112,325
10/28/2011,SAC,CA,AWP,WE,Federal Contract Tower,0,5,49,0,54,0,7,186,0,193,0,12,235,0,247,72,0,72,319
10/29/2011,SAC,CA,AWP,WE,Federal Contract Tower,0,3,29,0,32,0,5,185,0,190,0,8,214,0,222,92,0,92,314
10/30/2011,SAC,CA,AWP,WE,Federal Contract Tower,0,0,21,0,21,0,4,168,0,172,0,4,189,0,193,98,0,98,291
10/31/2011,SAC,CA,AWP,WE,Federal Contract Tower,0,3,39,0,42,0,7,165,0,172,0,10,204,0,214,34,0,34,248
11/01/2011,SAC,CA,AWP,WE,Federal Contract Tower,0,6,9,0,15,0,9,45,0,54,0,15,54,0,69,6,0,6,75
11/02/2011,SAC,CA,AWP,WE,Federal Contract Tower,0,11,45,0,56,0,14,170,0,184,0,25,215,0,240,56,0,56,296
11/03/2011,SAC,CA,AWP,WE,Federal Contract Tower,0,4,29,0,33,0,4,55,0,59,0,8,84,0,92,48,0,48,140
11/04/2011,SAC,CA,AWP,WE,Federal Contract Tower,0,7,18,0,25,0,4,131,0,135,0,11,149,0,160,90,0,90,250
11/05/2011,SAC,CA,AWP,WE,Federal Contract Tower,0,2,32,0,34,0,4,104,0,108,0,6,136,0,142,64,0,64,206
11/06/2011,SAC,CA,AWP,WE,Federal Contract Tower,0,5,30,0,35,0,4,65,0,69,0,9,95,0,104,82,0,82,186
11/07/2011,SAC,CA,AWP,WE,Federal Contract Tower,0,3,33,0,36,0,4,85,0,89,0,7,118,0,125,126,0,126,251
11/08/2011,SAC,CA,AWP,WE,Federal Contract Tower,0,5,59,0,64,0,4,160,0,164,0,9,219,0,228,50,0,50,278
11/09/2011,SAC,CA,AWP,WE,Federal Contract Tower,0,7,30,0,37,0,7,159,0,166,0,14,189,0,203,112,0,112,315
11/10/2011,SAC,CA,AWP,WE,Federal Contract Tower,0,6,52,0,58,0,6,151,0,157,0,12,203,0,215,70,0,70,285
11/11/2011,SAC,CA,AWP,WE,Federal Contract Tower,0,3,15,0,18,0,5,101,0,106,0,8,116,0,124,102,0,102,226
11/12/2011,SAC,CA,AWP,WE,Federal Contract Tower,0,0,54,0,54,0,6,170,0,176,0,6,224,0,230,104,0,104,334
11/13/2011,SAC,CA,AWP,WE,Federal Contract Tower,0,4,45,0,49,0,5,260,0,265,0,9,305,0,314,36,0,36,350
11/14/2011,SAC,CA,AWP,WE,Federal Contract Tower,0,9,41,0,50,0,4,76,0,80,0,13,117,0,130,44,0,44,174
11/15/2011,SAC,CA,AWP,WE,Federal Contract Tower,0,0,31,2,33,0,9,114,0,123,0,9,145,2,156,74,0,74,230
11/16/2011,SAC,CA,AWP,WE,Federal Contract Tower,0,7,38,0,45,0,7,135,0,142,0,14,173,0,187,138,0,138,325
11/17/2011,SAC,CA,AWP,WE,Federal Contract Tower,0,7,40,0,47,0,4,137,0,141,0,11,177,0,188,64,0,64,252
11/18/2011,SAC,CA,AWP,WE,Federal Contract Tower,0,4,49,0,53,0,5,103,0,108,0,9,152,0,161,72,0,72,233
11/19/2011,SAC,CA,AWP,WE,Federal Contract Tower,0,0,43,0,43,0,2,166,0,168,0,2,209,0,211,80,0,80,291
11/20/2011,SAC,CA,AWP,WE,Federal Contract Tower,0,1,38,0,39,0,2,37,0,39,0,3,75,0,78,36,0,36,114
11/21/2011,SAC,CA,AWP,WE,Federal Contract Tower,0,5,56,0,61,0,7,126,0,133,0,12,182,0,194,72,0,72,266
11/22/2011,SAC,CA,AWP,WE,Federal Contract Tower,0,5,45,0,50,0,0,118,0,118,0,5,163,0,168,126,0,126,294
11/23/2011,SAC,CA,AWP,WE,Federal Contract Tower,0,6,45,0,51,0,10,92,0,102,0,16,137,0,153,94,0,94,247
11/24/2011,SAC,CA,AWP,WE,Federal Contract Tower,0,6,8,0,14,0,0,1,0,1,0,6,9,0,15,0,0,0,15
11/25/2011,SAC,CA,AWP,WE,Federal Contract Tower,0,3,38,0,41,0,4,126,0,130,0,7,164,0,171,40,0,40,211
11/26/2011,SAC,CA,AWP,WE,Federal Contract Tower,0,4,22,0,26,0,0,19,0,19,0,4,41,0,45,0,0,0,45
11/27/2011,SAC,CA,AWP,WE,Federal Contract Tower,0,2,50,0,52,0,0,72,0,72,0,2,122,0,124,56,0,56,180
11/28/2011,SAC,CA,AWP,WE,Federal Contract Tower,0,6,27,2,35,0,6,41,0,47,0,12,68,2,82,68,0,68,150
11/29/2011,SAC,CA,AWP,WE,Federal Contract Tower,0,12,26,0,38,0,0,0,0,0,0,12,26,0,38,0,0,0,38
11/30/2011,SAC,CA,AWP,WE,Federal Contract Tower,0,7,14,0,21,0,6,54,0,60,0,13,68,0,81,56,0,56,137
12/01/2011,SAC,CA,AWP,WE,Federal Contract Tower,0,8,17,0,25,0,7,39,0,46,0,15,56,0,71,14,0,14,85
12/02/2011,SAC,CA,AWP,WE,Federal Contract Tower,0,2,38,0,40,0,3,165,0,168,0,5,203,0,208,96,0,96,304
12/03/2011,SAC,CA,AWP,WE,Federal Contract Tower,0,1,33,0,34,0,0,116,0,116,0,1,149,0,150,10,0,10,160
12/04/2011,SAC,CA,AWP,WE,Federal Contract Tower,0,0,56,0,56,0,2,216,0,218,0,2,272,0,274,52,0,52,326
12/05/2011,SAC,CA,AWP,WE,Federal Contract Tower,0,4,33,0,37,0,2,112,0,114,0,6,145,0,151,70,0,70,221
12/06/2011,SAC,CA,AWP,WE,Federal Contract Tower,0,12,45,0,57,0,1,134,0,135,0,13,179,0,192,58,0,58,250
12/07/2011,SAC,CA,AWP,WE,Federal Contract Tower,0,12,33,2,47,0,11,150,2,163,0,23,183,4,210,148,0,148,358
12/08/2011,SAC,CA,AWP,WE,Federal Contract Tower,0,15,76,0,91,0,6,177,0,183,0,21,253,0,274,108,0,108,382
12/09/2011,SAC,CA,AWP,WE,Federal Contract Tower,0,5,69,0,74,0,3,151,0,154,0,8,220,0,228,16,0,16,244
12/10/2011,SAC,CA,AWP,WE,Federal Contract Tower,0,1,66,0,67,0,2,164,0,166,0,3,230,0,233,52,0,52,285
12/11/2011,SAC,CA,AWP,WE,Federal Contract Tower,0,2,25,0,27,0,5,65,0,70,0,7,90,0,97,52,0,52,149
12/12/2011,SAC,CA,AWP,WE,Federal Contract Tower,0,8,68,4,80,0,5,136,0,141,0,13,204,4,221,68,0,68,289
12/13/2011,SAC,CA,AWP,WE,Federal Contract Tower,0,9,26,0,35,0,2,126,0,128,0,11,152,0,163,88,0,88,251
12/14/2011,SAC,CA,AWP,WE,Federal Contract Tower,0,11,46,0,57,0,3,147,0,150,0,14,193,0,207,40,16,56,263
12/15/2011,SAC,CA,AWP,WE,Federal Contract Tower,0,11,50,0,61,0,8,75,0,83,0,19,125,0,144,26,0,26,170
12/16/2011,SAC,CA,AWP,WE,Federal Contract Tower,0,11,41,0,52,0,13,157,0,170,0,24,198,0,222,64,0,64,286
12/17/2011,SAC,CA,AWP,WE,Federal Contract Tower,0,0,38,0,38,0,1,152,0,153,0,1,190,0,191,40,0,40,231
12/18/2011,SAC,CA,AWP,WE,Federal Contract Tower,0,4,47,0,51,0,0,85,0,85,0,4,132,0,136,44,0,44,180
12/19/2011,SAC,CA,AWP,WE,Federal Contract Tower,0,9,43,0,52,0,4,89,0,93,0,13,132,0,145,42,0,42,187
12/20/2011,SAC,CA,AWP,WE,Federal Contract Tower,0,14,54,0,68,0,8,50,0,58,0,22,104,0,126,82,0,82,208
12/21/2011,SAC,CA,AWP,WE,Federal Contract Tower,0,13,32,0,45,0,8,57,0,65,0,21,89,0,110,114,0,114,224
12/22/2011,SAC,CA,AWP,WE,Federal Contract Tower,0,7,36,0,43,0,7,89,0,96,0,14,125,0,139,12,0,12,151
12/23/2011,SAC,CA,AWP,WE,Federal Contract Tower,0,3,62,0,65,0,5,176,0,181,0,8,238,0,246,76,0,76,322
12/24/2011,SAC,CA,AWP,WE,Federal Contract Tower,0,1,49,0,50,0,1,104,0,105,0,2,153,0,155,8,0,8,163
12/25/2011,SAC,CA,AWP,WE,Federal Contract Tower,0,0,7,0,7,0,1,38,0,39,0,1,45,0,46,14,0,14,60
12/26/2011,SAC,CA,AWP,WE,Federal Contract Tower,0,1,27,0,28,0,1,138,0,139,0,2,165,0,167,72,0,72,239
12/27/2011,SAC,CA,AWP,WE,Federal Contract Tower,0,5,30,0,35,0,8,120,0,128,0,13,150,0,163,68,0,68,231
12/28/2011,SAC,CA,AWP,WE,Federal Contract Tower,1,1,51,4,57,0,4,132,0,136,1,5,183,4,193,102,0,102,295
12/29/2011,SAC,CA,AWP,WE,Federal Contract Tower,0,6,29,4,39,0,13,94,0,107,0,19,123,4,146,141,0,141,287
12/30/2011,SAC,CA,AWP,WE,Federal Contract Tower,0,5,48,0,53,0,3,49,0,52,0,8,97,0,105,60,0,60,165
12/31/2011,SAC,CA,AWP,WE,Federal Contract Tower,0,0,22,0,22,0,1,130,0,131,0,1,152,0,153,124,0,124,277
01/01/2012,SAC,CA,AWP,WE,Federal Contract Tower,0,1,17,0,18,0,0,50,0,50,0,1,67,0,68,36,0,36,104
01/02/2012,SAC,CA,AWP,WE,Federal Contract Tower,0,0,63,0,63,0,0,116,0,116,0,0,179,0,179,92,0,92,271
01/03/2012,SAC,CA,AWP,WE,Federal Contract Tower,0,3,52,0,55,0,1,93,0,94,0,4,145,0,149,78,0,78,227
01/04/2012,SAC,CA,AWP,WE,Federal Contract Tower,0,10,48,0,58,0,8,136,0,144,0,18,184,0,202,107,0,107,309
01/05/2012,SAC,CA,AWP,WE,Federal Contract Tower,0,9,70,4,83,0,11,127,2,140,0,20,197,6,223,104,0,104,327
01/06/2012,SAC,CA,AWP,WE,Federal Contract Tower,0,3,36,0,39,0,4,120,0,124,0,7,156,0,163,29,0,29,192
01/07/2012,SAC,CA,AWP,WE,Federal Contract Tower,0,3,19,0,22,0,1,113,0,114,0,4,132,0,136,54,0,54,190
01/08/2012,SAC,CA,AWP,WE,Federal Contract Tower,0,3,26,0,29,0,1,185,0,186,0,4,211,0,215,34,0,34,249
01/09/2012,SAC,CA,AWP,WE,Federal Contract Tower,0,4,30,0,34,0,7,82,0,89,0,11,112,0,123,62,0,62,185
01/10/2012,SAC,CA,AWP,WE,Federal Contract Tower,0,7,36,0,43,0,3,137,0,140,0,10,173,0,183,105,0,105,288
01/11/2012,SAC,CA,AWP,WE,Federal Contract Tower,0,2,65,0,67,0,5,157,0,162,0,7,222,0,229,150,0,150,379
01/12/2012,SAC,CA,AWP,WE,Federal Contract Tower,0,5,62,0,67,0,7,138,0,145,0,12,200,0,212,64,0,64,276
01/13/2012,SAC,CA,AWP,WE,Federal Contract Tower,2,1,48,0,51,0,0,138,0,138,2,1,186,0,189,125,0,125,314
01/14/2012,SAC,CA,AWP,WE,Federal Contract Tower,0,3,51,4,58,0,0,190,4,194,0,3,241,8,252,52,0,52,304
01/15/2012,SAC,CA,AWP,WE,Federal Contract Tower,0,1,21,0,22,0,2,80,0,82,0,3,101,0,104,6,0,6,110
01/16/2012,SAC,CA,AWP,WE,Federal Contract Tower,0,3,48,0,51,0,0,178,0,178,0,3,226,0,229,102,0,102,331
01/17/2012,SAC,CA,AWP,WE,Federal Contract Tower,0,4,42,0,46,0,2,147,0,149,0,6,189,0,195,55,0,55,250
01/18/2012,SAC,CA,AWP,WE,Federal Contract Tower,0,4,52,2,58,0,7,104,2,113,0,11,156,4,171,56,0,56,227
01/19/2012,SAC,CA,AWP,WE,Federal Contract Tower,0,4,45,0,49,0,1,57,0,58,0,5,102,0,107,42,0,42,149
01/20/2012,SAC,CA,AWP,WE,Federal Contract Tower,0,5,39,0,44,0,0,0,0,0,0,5,39,0,44,0,0,0,44
01/21/2012,SAC,CA,AWP,WE,Federal Contract Tower,0,8,20,0,28,0,2,63,0,65,0,10,83,0,93,34,0,34,127
01/22/2012,SAC,CA,AWP,WE,Federal Contract Tower,0,0,29,0,29,0,1,18,0,19,0,1,47,0,48,40,0,40,88
01/23/2012,SAC,CA,AWP,WE,Federal Contract Tower,0,8,19,0,27,0,1,11,0,12,0,9,30,0,39,2,0,2,41
01/24/2012,SAC,CA,AWP,WE,Federal Contract Tower,0,4,61,0,65,0,0,66,0,66,0,4,127,0,131,54,0,54,185
01/25/2012,SAC,CA,AWP,WE,Federal Contract Tower,0,11,60,0,71,0,11,167,0,178,0,22,227,0,249,140,0,140,389
01/26/2012,SAC,CA,AWP,WE,Federal Contract Tower,0,8,109,0,117,0,0,30,0,30,0,8,139,0,147,8,0,8,155
01/27/2012,SAC,CA,AWP,WE,Federal Contract Tower,0,9,41,0,50,0,2,154,0,156,0,11,195,0,206,24,0,24,230
01/28/2012,SAC,CA,AWP,WE,Federal Contract Tower,0,4,28,0,32,0,1,166,0,167,0,5,194,0,199,36,0,36,235
01/29/2012,SAC,CA,AWP,WE,Federal Contract Tower,0,1,48,0,49,0,2,210,0,212,0,3,258,0,261,34,0,34,295
01/30/2012,SAC,CA,AWP,WE,Federal Contract Tower,0,5,42,0,47,0,3,122,0,125,0,8,164,0,172,87,0,87,259
01/31/2012,SAC,CA,AWP,WE,Federal Contract Tower,0,10,33,0,43,0,2,96,0,98,0,12,129,0,141,108,0,108,249
02/01/2012,SAC,CA,AWP,WE,Federal Contract Tower,0,7,55,0,62,0,6,58,0,64,0,13,113,0,126,17,0,17,143
02/02/2012,SAC,CA,AWP,WE,Federal Contract Tower,0,8,40,0,48,0,6,143,0,149,0,14,183,0,197,41,0,41,238
02/03/2012,SAC,CA,AWP,WE,Federal Contract Tower,0,6,41,0,47,0,2,131,0,133,0,8,172,0,180,44,0,44,224
02/04/2012,SAC,CA,AWP,WE,Federal Contract Tower,0,2,59,0,61,0,2,223,0,225,0,4,282,0,286,66,0,66,352
02/05/2012,SAC,CA,AWP,WE,Federal Contract Tower,0,1,18,0,19,0,5,133,0,138,0,6,151,0,157,28,0,28,185
02/06/2012,SAC,CA,AWP,WE,Federal Contract Tower,0,5,16,0,21,0,9,97,0,106,0,14,113,0,127,58,0,58,185
02/07/2012,SAC,CA,AWP,WE,Federal Contract Tower,0,3,52,0,55,0,1,57,0,58,0,4,109,0,113,48,0,48,161
02/08/2012,SAC,CA,AWP,WE,Federal Contract Tower,0,7,49,2,58,0,4,116,2,122,0,11,165,4,180,45,0,45,225
02/09/2012,SAC,CA,AWP,WE,Federal Contract Tower,0,4,70,0,74,0,5,192,0,197,0,9,262,0,271,53,0,53,324
02/10/2012,SAC,CA,AWP,WE,Federal Contract Tower,0,7,33,0,40,0,5,133,0,138,0,12,166,0,178,36,0,36,214
02/11/2012,SAC,CA,AWP,WE,Federal Contract Tower,0,4,64,0,68,0,4,120,0,124,0,8,184,0,192,54,0,54,246
02/12/2012,SAC,CA,AWP,WE,Federal Contract Tower,0,2,43,0,45,0,2,88,0,90,0,4,131,0,135,69,0,69,204
02/13/2012,SAC,CA,AWP,WE,Federal Contract Tower,0,7,41,0,48,0,3,37,0,40,0,10,78,0,88,30,0,30,118
02/14/2012,SAC,CA,AWP,WE,Federal Contract Tower,0,4,31,0,35,0,5,122,0,127,0,9,153,0,162,114,0,114,276
02/15/2012,SAC,CA,AWP,WE,Federal Contract Tower,0,7,55,0,62,0,5,92,0,97,0,12,147,0,159,7,0,7,166
02/16/2012,SAC,CA,AWP,WE,Federal Contract Tower,0,0,42,0,42,0,1,149,0,150,0,1,191,0,192,30,0,30,222
02/17/2012,SAC,CA,AWP,WE,Federal Contract Tower,0,5,60,0,65,0,0,170,0,170,0,5,230,0,235,90,0,90,325
02/18/2012,SAC,CA,AWP,WE,Federal Contract Tower,0,3,53,0,56,0,1,96,0,97,0,4,149,0,153,75,0,75,228
02/19/2012,SAC,CA,AWP,WE,Federal Contract Tower,0,5,36,0,41,0,2,159,0,161,0,7,195,0,202,39,0,39,241
02/20/2012,SAC,CA,AWP,WE,Federal Contract Tower,0,8,25,0,33,0,2,111,0,113,0,10,136,0,146,54,0,54,200
02/21/2012,SAC,CA,AWP,WE,Federal Contract Tower,0,3,67,0,70,0,3,128,0,131,0,6,195,0,201,72,0,72,273
02/22/2012,SAC,CA,AWP,WE,Federal Contract Tower,0,3,64,0,67,0,2,202,0,204,0,5,266,0,271,152,0,152,423
02/23/2012,SAC,CA,AWP,WE,Federal Contract Tower,0,9,42,0,51,0,9,83,0,92,0,18,125,0,143,16,0,16,159
02/24/2012,SAC,CA,AWP,WE,Federal Contract Tower,0,13,50,0,63,0,7,167,0,174,0,20,217,0,237,72,0,72,309
02/25/2012,SAC,CA,AWP,WE,Federal Contract Tower,0,4,20,0,24,0,13,92,0,105,0,17,112,0,129,51,0,51,180
02/26/2012,SAC,CA,AWP,WE,Federal Contract Tower,0,4,37,0,41,0,0,141,0,141,0,4,178,0,182,120,0,120,302
02/27/2012,SAC,CA,AWP,WE,Federal Contract Tower,0,13,41,0,54,0,9,118,0,127,0,22,159,0,181,124,0,124,305
02/28/2012,SAC,CA,AWP,WE,Federal Contract Tower,0,4,55,4,63,0,4,110,4,118,0,8,165,8,181,26,0,26,207
02/29/2012,SAC,CA,AWP,WE,Federal Contract Tower,0,8,32,0,40,0,5,23,0,28,0,13,55,0,68,0,0,0,68
03/01/2012,SAC,CA,AWP,WE,Federal Contract Tower,0,8,54,0,62,0,8,40,0,48,0,16,94,0,110,44,0,44,154
03/02/2012,SAC,CA,AWP,WE,Federal Contract Tower,0,5,44,0,49,0,0,144,0,144,0,5,188,0,193,58,0,58,251
03/03/2012,SAC,CA,AWP,WE,Federal Contract Tower,0,0,46,0,46,0,1,219,0,220,0,1,265,0,266,160,0,160,426
03/04/2012,SAC,CA,AWP,WE,Federal Contract Tower,0,0,58,0,58,0,1,212,0,213,0,1,270,0,271,80,0,80,351
03/05/2012,SAC,CA,AWP,WE,Federal Contract Tower,0,7,61,0,68,0,7,169,0,176,0,14,230,0,244,88,0,88,332
03/06/2012,SAC,CA,AWP,WE,Federal Contract Tower,0,1,14,4,19,0,7,35,0,42,0,8,49,4,61,9,0,9,70
03/07/2012,SAC,CA,AWP,WE,Federal Contract Tower,0,6,50,2,58,0,9,129,0,138,0,15,179,2,196,60,0,60,256
03/08/2012,SAC,CA,AWP,WE,Federal Contract Tower,0,7,52,0,59,0,9,181,0,190,0,16,233,0,249,132,0,132,381
03/09/2012,SAC,CA,AWP,WE,Federal Contract Tower,0,8,31,0,39,0,4,164,0,168,0,12,195,0,207,118,0,118,325
03/10/2012,SAC,CA,AWP,WE,Federal Contract Tower,0,3,26,0,29,0,4,173,0,177,0,7,199,0,206,108,0,108,314
03/11/2012,SAC,CA,AWP,WE,Federal Contract Tower,0,0,49,0,49,0,3,106,0,109,0,3,155,0,158,56,0,56,214
03/12/2012,SAC,CA,AWP,WE,Federal Contract Tower,0,0,44,0,44,0,5,135,0,140,0,5,179,0,184,109,0,109,293
03/13/2012,SAC,CA,AWP,WE,Federal Contract Tower,0,13,35,0,48,0,14,24,0,38,0,27,59,0,86,0,0,0,86
03/14/2012,SAC,CA,AWP,WE,Federal Contract Tower,0,1,50,0,51,0,1,16,0,17,0,2,66,0,68,8,0,8,76
03/15/2012,SAC,CA,AWP,WE,Federal Contract Tower,0,0,61,2,63,0,1,50,0,51,0,1,111,2,114,14,0,14,128
03/16/2012,SAC,CA,AWP,WE,Federal Contract Tower,0,2,37,0,39,0,2,6,0,8,0,4,43,0,47,0,0,0,47
03/17/2012,SAC,CA,AWP,WE,Federal Contract Tower,0,1,21,0,22,0,0,75,0,75,0,1,96,0,97,54,0,54,151
03/18/2012,SAC,CA,AWP,WE,Federal Contract Tower,0,0,17,0,17,0,0,117,0,117,0,0,134,0,134,88,0,88,222
03/19/2012,SAC,CA,AWP,WE,Federal Contract Tower,0,7,44,0,51,0,11,116,0,127,0,18,160,0,178,82,0,82,260
03/20/2012,SAC,CA,AWP,WE,Federal Contract Tower,0,16,51,0,67,0,4,136,0,140,0,20,187,0,207,32,0,32,239
03/21/2012,SAC,CA,AWP,WE,Federal Contract Tower,0,1,82,0,83,0,4,151,0,155,0,5,233,0,238,68,0,68,306
03/22/2012,SAC,CA,AWP,WE,Federal Contract Tower,0,0,70,0,70,0,1,107,0,108,0,1,177,0,178,20,0,20,198
03/23/2012,SAC,CA,AWP,WE,Federal Contract Tower,0,3,35,0,38,0,2,181,0,183,0,5,216,0,221,79,0,79,300
03/24/2012,SAC,CA,AWP,WE,Federal Contract Tower,0,1,41,0,42,0,0,76,0,76,0,1,117,0,118,80,0,80,198
03/25/2012,SAC,CA,AWP,WE,Federal Contract Tower,0,0,46,0,46,0,0,68,0,68,0,0,114,0,114,48,0,48,162
03/26/2012,SAC,CA,AWP,WE,Federal Contract Tower,0,12,57,0,69,0,8,131,0,139,0,20,188,0,208,50,0,50,258
03/27/2012,SAC,CA,AWP,WE,Federal Contract Tower,0,3,83,4,90,3,79,0,0,82,3,82,83,4,172,52,0,52,224
03/28/2012,SAC,CA,AWP,WE,Federal Contract Tower,0,0,58,0,58,0,4,102,0,106,0,4,160,0,164,98,0,98,262
03/29/2012,SAC,CA,AWP,WE,Federal Contract Tower,0,0,62,0,62,0,2,135,0,137,0,2,197,0,199,96,0,96,295
03/30/2012,SAC,CA,AWP,WE,Federal Contract Tower,0,4,37,0,41,0,9,136,0,145,0,13,173,0,186,42,0,42,228
03/31/2012,SAC,CA,AWP,WE,Federal Contract Tower,0,0,7,0,7,0,1,0,0,1,0,1,7,0,8,4,0,4,12
04/01/2012,SAC,CA,AWP,WE,Federal Contract Tower,0,1,54,0,55,0,0,173,0,173,0,1,227,0,228,63,0,63,291
04/02/2012,SAC,CA,AWP,WE,Federal Contract Tower,0,3,28,0,31,0,11,129,0,140,0,14,157,0,171,28,0,28,199
04/03/2012,SAC,CA,AWP,WE,Federal Contract Tower,0,2,50,0,52,0,1,151,0,152,0,3,201,0,204,66,0,66,270
04/04/2012,SAC,CA,AWP,WE,Federal Contract Tower,0,7,51,0,58,0,10,117,0,127,0,17,168,0,185,48,0,48,233
04/05/2012,SAC,CA,AWP,WE,Federal Contract Tower,0,0,27,0,27,0,4,116,0,120,0,4,143,0,147,86,0,86,233
04/06/2012,SAC,CA,AWP,WE,Federal Contract Tower,0,3,40,0,43,0,2,151,0,153,0,5,191,0,196,46,0,46,242
04/07/2012,SAC,CA,AWP,WE,Federal Contract Tower,0,1,35,0,36,0,3,200,0,203,0,4,235,0,239,40,0,40,279
04/08/2012,SAC,CA,AWP,WE,Federal Contract Tower,0,0,32,0,32,0,2,120,0,122,0,2,152,0,154,44,0,44,198
04/09/2012,SAC,CA,AWP,WE,Federal Contract Tower,0,4,40,0,44,0,12,168,0,180,0,16,208,0,224,96,0,96,320
04/10/2012,SAC,CA,AWP,WE,Federal Contract Tower,0,4,68,0,72,0,3,42,0,45,0,7,110,0,117,22,0,22,139
04/11/2012,SAC,CA,AWP,WE,Federal Contract Tower,0,1,54,0,55,0,2,51,0,53,0,3,105,0,108,80,0,80,188
04/12/2012,SAC,CA,AWP,WE,Federal Contract Tower,0,1,36,0,37,0,0,33,0,33,0,1,69,0,70,22,0,22,92
04/13/2012,SAC,CA,AWP,WE,Federal Contract Tower,0,2,42,0,44,0,2,58,0,60,0,4,100,0,104,56,0,56,160
04/14/2012,SAC,CA,AWP,WE,Federal Contract Tower,0,1,56,3,60,0,1,238,0,239,0,2,294,3,299,88,0,88,387
04/15/2012,SAC,CA,AWP,WE,Federal Contract Tower,0,0,58,0,58,0,2,166,0,168,0,2,224,0,226,38,0,38,264
04/16/2012,SAC,CA,AWP,WE,Federal Contract Tower,0,3,47,0,50,0,10,150,0,160,0,13,197,0,210,76,0,76,286
04/17/2012,SAC,CA,AWP,WE,Federal Contract Tower,0,1,63,0,64,0,0,149,0,149,0,1,212,0,213,42,0,42,255
04/18/2012,SAC,CA,AWP,WE,Federal Contract Tower,0,0,62,0,62,0,0,126,0,126,0,0,188,0,188,106,0,106,294
04/19/2012,SAC,CA,AWP,WE,Federal Contract Tower,0,2,71,2,75,0,7,152,2,161,0,9,223,4,236,64,0,64,300
04/20/2012,SAC,CA,AWP,WE,Federal Contract Tower,0,6,68,0,74,0,3,209,0,212,0,9,277,0,286,54,0,54,340
04/21/2012,SAC,CA,AWP,WE,Federal Contract Tower,0,0,21,0,21,0,0,169,0,169,0,0,190,0,190,102,0,102,292
04/22/2012,SAC,CA,AWP,WE,Federal Contract Tower,0,0,50,0,50,0,2,171,0,173,0,2,221,0,223,38,0,38,261
04/23/2012,SAC,CA,AWP,WE,Federal Contract Tower,0,6,56,0,62,0,12,115,0,127,0,18,171,0,189,70,0,70,259
04/24/2012,SAC,CA,AWP,WE,Federal Contract Tower,0,0,81,2,83,0,0,189,2,191,0,0,270,4,274,50,0,50,324
04/25/2012,SAC,CA,AWP,WE,Federal Contract Tower,0,2,79,0,81,0,1,67,0,68,0,3,146,0,149,62,2,64,213
04/26/2012,SAC,CA,AWP,WE,Federal Contract Tower,0,0,80,0,80,0,2,108,0,110,0,2,188,0,190,16,0,16,206
04/27/2012,SAC,CA,AWP,WE,Federal Contract Tower,0,3,63,0,66,0,1,123,0,124,0,4,186,0,190,16,0,16,206
04/28/2012,SAC,CA,AWP,WE,Federal Contract Tower,0,0,46,0,46,0,0,234,0,234,0,0,280,0,280,75,0,75,355
04/29/2012,SAC,CA,AWP,WE,Federal Contract Tower,0,1,36,0,37,0,3,216,0,219,0,4,252,0,256,55,0,55,311
04/30/2012,SAC,CA,AWP,WE,Federal Contract Tower,0,4,28,0,32,0,11,133,0,144,0,15,161,0,176,40,0,40,216
05/01/2012,SAC,CA,AWP,WE,Federal Contract Tower,0,4,54,0,58,0,2,144,0,146,0,6,198,0,204,8,0,8,212
05/02/2012,SAC,CA,AWP,WE,Federal Contract Tower,0,0,55,0,55,0,0,138,0,138,0,0,193,0,193,36,0,36,229
05/03/2012,SAC,CA,AWP,WE,Federal Contract Tower,0,0,71,2,73,0,3,89,0,92,0,3,160,2,165,52,0,52,217
05/04/2012,SAC,CA,AWP,WE,Federal Contract Tower,0,1,42,0,43,0,5,143,0,148,0,6,185,0,191,58,0,58,249
05/05/2012,SAC,CA,AWP,WE,Federal Contract Tower,0,0,48,0,48,0,0,109,0,109,0,0,157,0,157,42,0,42,199
05/06/2012,SAC,CA,AWP,WE,Federal Contract Tower,0,0,58,0,58,0,1,150,0,151,0,1,208,0,209,72,0,72,281
05/07/2012,SAC,CA,AWP,WE,Federal Contract Tower,0,2,38,0,40,0,13,152,0,165,0,15,190,0,205,46,0,46,251
05/08/2012,SAC,CA,AWP,WE,Federal Contract Tower,0,2,33,4,39,0,10,132,2,144,0,12,165,6,183,8,0,8,191
05/09/2012,SAC,CA,AWP,WE,Federal Contract Tower,0,3,21,1,25,0,12,148,0,160,0,15,169,1,185,86,0,86,271
05/10/2012,SAC,CA,AWP,WE,Federal Contract Tower,0,2,18,0,20,0,9,136,0,145,0,11,154,0,165,68,0,68,233
05/11/2012,SAC,CA,AWP,WE,Federal Contract Tower,1,5,22,0,28,0,3,147,0,150,1,8,169,0,178,72,0,72,250
05/12/2012,SAC,CA,AWP,WE,Federal Contract Tower,0,1,23,0,24,0,0,191,0,191,0,1,214,0,215,64,0,64,279
05/13/2012,SAC,CA,AWP,WE,Federal Contract Tower,0,0,14,0,14,0,0,94,0,94,0,0,108,0,108,30,0,30,138
05/14/2012,SAC,CA,AWP,WE,Federal Contract Tower,0,5,11,0,16,0,23,114,0,137,0,28,125,0,153,48,0,48,201
05/15/2012,SAC,CA,AWP,WE,Federal Contract Tower,0,5,24,0,29,0,6,140,0,146,0,11,164,0,175,50,0,50,225
05/16/2012,SAC,CA,AWP,WE,Federal Contract Tower,0,0,38,0,38,0,2,126,0,128,0,2,164,0,166,42,0,42,208
05/17/2012,SAC,CA,AWP,WE,Federal Contract Tower,0,0,34,0,34,0,4,112,0,116,0,4,146,0,150,50,0,50,200
05/18/2012,SAC,CA,AWP,WE,Federal Contract Tower,0,3,28,0,31,0,1,134,0,135,0,4,162,0,166,27,0,27,193
05/19/2012,SAC,CA,AWP,WE,Federal Contract Tower,0,0,33,0,33,0,2,142,1,145,0,2,175,1,178,62,0,62,240
05/20/2012,SAC,CA,AWP,WE,Federal Contract Tower,0,1,13,0,14,0,7,160,0,167,0,8,173,0,181,8,0,8,189
05/21/2012,SAC,CA,AWP,WE,Federal Contract Tower,0,4,35,0,39,0,12,136,0,148,0,16,171,0,187,52,0,52,239
05/22/2012,SAC,CA,AWP,WE,Federal Contract Tower,0,3,32,0,35,0,4,114,0,118,0,7,146,0,153,76,0,76,229
05/23/2012,SAC,CA,AWP,WE,Federal Contract Tower,0,0,32,0,32,0,0,125,0,125,0,0,157,0,157,48,0,48,205
05/24/2012,SAC,CA,AWP,WE,Federal Contract Tower,0,0,24,0,24,0,7,122,0,129,0,7,146,0,153,56,0,56,209
05/25/2012,SAC,CA,AWP,WE,Federal Contract Tower,0,4,41,1,46,0,4,110,0,114,0,8,151,1,160,168,0,168,328
05/26/2012,SAC,CA,AWP,WE,Federal Contract Tower,0,0,32,0,32,0,0,142,0,142,0,0,174,0,174,76,0,76,250
05/27/2012,SAC,CA,AWP,WE,Federal Contract Tower,0,0,51,0,51,0,2,146,0,148,0,2,197,0,199,18,0,18,217
05/28/2012,SAC,CA,AWP,WE,Federal Contract Tower,0,2,32,0,34,0,4,126,0,130,0,6,158,0,164,72,0,72,236
05/29/2012,SAC,CA,AWP,WE,Federal Contract Tower,0,4,40,0,44,0,6,110,0,116,0,10,150,0,160,100,0,100,260
05/30/2012,SAC,CA,AWP,WE,Federal Contract Tower,0,1,42,0,43,0,3,159,0,162,0,4,201,0,205,83,0,83,288
05/31/2012,SAC,CA,AWP,WE,Federal Contract Tower,0,0,48,0,48,0,1,129,0,130,0,1,177,0,178,42,0,42,220
06/01/2012,SAC,CA,AWP,WE,Federal Contract Tower,0,1,56,0,57,0,4,157,0,161,0,5,213,0,218,68,0,68,286
06/02/2012,SAC,CA,AWP,WE,Federal Contract Tower,0,1,31,0,32,0,0,150,0,150,0,1,181,0,182,82,0,82,264
06/03/2012,SAC,CA,AWP,WE,Federal Contract Tower,0,0,35,0,35,0,0,201,0,201,0,0,236,0,236,48,0,48,284
06/04/2012,SAC,CA,AWP,WE,Federal Contract Tower,0,8,43,0,51,0,8,77,0,85,0,16,120,0,136,10,0,10,146
06/05/2012,SAC,CA,AWP,WE,Federal Contract Tower,0,9,34,0,43,0,11,124,0,135,0,20,158,0,178,96,0,96,274
06/06/2012,SAC,CA,AWP,WE,Federal Contract Tower,0,2,34,0,36,0,6,139,0,145,0,8,173,0,181,95,0,95,276
06/07/2012,SAC,CA,AWP,WE,Federal Contract Tower,0,0,47,0,47,0,2,154,0,156,0,2,201,0,203,52,0,52,255
06/08/2012,SAC,CA,AWP,WE,Federal Contract Tower,0,4,47,0,51,0,3,195,0,198,0,7,242,0,249,30,0,30,279
06/09/2012,SAC,CA,AWP,WE,Federal Contract Tower,0,1,30,0,31,0,2,83,0,85,0,3,113,0,116,14,0,14,130
06/10/2012,SAC,CA,AWP,WE,Federal Contract Tower,0,0,23,0,23,0,8,97,0,105,0,8,120,0,128,12,0,12,140
06/11/2012,SAC,CA,AWP,WE,Federal Contract Tower,0,4,27,0,31,0,10,150,1,161,0,14,177,1,192,54,0,54,246
06/12/2012,SAC,CA,AWP,WE,Federal Contract Tower,0,0,53,0,53,0,1,171,0,172,0,1,224,0,225,72,0,72,297
06/13/2012,SAC,CA,AWP,WE,Federal Contract Tower,0,0,36,1,37,0,3,148,0,151,0,3,184,1,188,38,0,38,226
06/14/2012,SAC,CA,AWP,WE,Federal Contract Tower,0,0,53,0,53,0,13,176,0,189,0,13,229,0,242,41,0,41,283
06/15/2012,SAC,CA,AWP,WE,Federal Contract Tower,0,0,22,0,22,0,5,183,1,189,0,5,205,1,211,84,0,84,295
06/16/2012,SAC,CA,AWP,WE,Federal Contract Tower,0,0,21,0,21,0,0,116,0,116,0,0,137,0,137,32,0,32,169
06/17/2012,SAC,CA,AWP,WE,Federal Contract Tower,0,1,20,0,21,0,4,153,0,157,0,5,173,0,178,6,0,6,184
06/18/2012,SAC,CA,AWP,WE,Federal Contract Tower,0,5,37,0,42,0,10,102,0,112,0,15,139,0,154,26,0,26,180
06/19/2012,SAC,CA,AWP,WE,Federal Contract Tower,0,3,33,0,36,0,4,113,0,117,0,7,146,0,153,38,0,38,191
06/20/2012,SAC,CA,AWP,WE,Federal Contract Tower,0,2,39,0,41,0,4,107,0,111,0,6,146,0,152,22,0,22,174
06/21/2012,SAC,CA,AWP,WE,Federal Contract Tower,0,0,51,0,51,0,2,128,0,130,0,2,179,0,181,34,0,34,215
06/22/2012,SAC,CA,AWP,WE,Federal Contract Tower,0,0,33,0,33,0,2,108,0,110,0,2,141,0,143,94,0,94,237
06/23/2012,SAC,CA,AWP,WE,Federal Contract Tower,0,0,24,0,24,0,0,145,0,145,0,0,169,0,169,52,0,52,221
06/24/2012,SAC,CA,AWP,WE,Federal Contract Tower,0,5,50,0,55,0,4,181,4,189,0,9,231,4,244,42,0,42,286
06/25/2012,SAC,CA,AWP,WE,Federal Contract Tower,0,3,27,0,30,0,11,130,0,141,0,14,157,0,171,20,0,20,191
06/26/2012,SAC,CA,AWP,WE,Federal Contract Tower,0,0,42,0,42,0,2,143,0,145,0,2,185,0,187,58,0,58,245
06/27/2012,SAC,CA,AWP,WE,Federal Contract Tower,0,0,44,0,44,0,0,128,0,128,0,0,172,0,172,58,0,58,230
06/28/2012,SAC,CA,AWP,WE,Federal Contract Tower,0,0,34,0,34,0,2,137,0,139,0,2,171,0,173,94,0,94,267
06/29/2012,SAC,CA,AWP,WE,Federal Contract Tower,1,1,57,0,59,0,3,190,0,193,1,4,247,0,252,24,0,24,276
06/30/2012,SAC,CA,AWP,WE,Federal Contract Tower,0,5,55,0,60,0,0,174,0,174,0,5,229,0,234,82,0,82,316
07/01/2012,SAC,CA,AWP,WE,Federal Contract Tower,0,2,35,0,37,0,7,134,0,141,0,9,169,0,178,48,0,48,226
07/02/2012,SAC,CA,AWP,WE,Federal Contract Tower,0,1,42,0,43,0,12,137,0,149,0,13,179,0,192,76,0,76,268
07/03/2012,SAC,CA,AWP,WE,Federal Contract Tower,0,0,37,0,37,0,1,169,0,170,0,1,206,0,207,88,0,88,295
07/04/2012,SAC,CA,AWP,WE,Federal Contract Tower,0,0,21,0,21,0,0,110,0,110,0,0,131,0,131,52,0,52,183
07/05/2012,SAC,CA,AWP,WE,Federal Contract Tower,0,2,22,0,24,0,0,97,0,97,0,2,119,0,121,40,0,40,161
07/06/2012,SAC,CA,AWP,WE,Federal Contract Tower,0,0,47,0,47,0,3,134,0,137,0,3,181,0,184,28,0,28,212
07/07/2012,SAC,CA,AWP,WE,Federal Contract Tower,0,0,22,0,22,0,1,162,0,163,0,1,184,0,185,44,0,44,229
07/08/2012,SAC,CA,AWP,WE,Federal Contract Tower,0,3,31,0,34,0,1,174,0,175,0,4,205,0,209,56,0,56,265
07/09/2012,SAC,CA,AWP,WE,Federal Contract Tower,0,1,35,0,36,0,12,145,0,157,0,13,180,0,193,84,0,84,277
07/10/2012,SAC,CA,AWP,WE,Federal Contract Tower,0,2,48,0,50,0,2,139,0,141,0,4,187,0,191,42,0,42,233
07/11/2012,SAC,CA,AWP,WE,Federal Contract Tower,0,2,63,0,65,0,2,140,0,142,0,4,203,0,207,76,0,76,283
07/12/2012,SAC,CA,AWP,WE,Federal Contract Tower,0,1,31,0,32,0,4,158,0,162,0,5,189,0,194,62,0,62,256
07/13/2012,SAC,CA,AWP,WE,Federal Contract Tower,0,2,52,0,54,0,1,142,0,143,0,3,194,0,197,94,0,94,291
07/14/2012,SAC,CA,AWP,WE,Federal Contract Tower,0,0,21,0,21,0,0,146,0,146,0,0,167,0,167,211,0,211,378
07/15/2012,SAC,CA,AWP,WE,Federal Contract Tower,0,1,11,0,12,0,1,121,0,122,0,2,132,0,134,31,0,31,165
07/16/2012,SAC,CA,AWP,WE,Federal Contract Tower,0,9,38,0,47,0,11,105,0,116,0,20,143,0,163,40,0,40,203
07/17/2012,SAC,CA,AWP,WE,Federal Contract Tower,0,5,37,0,42,0,8,109,0,117,0,13,146,0,159,156,0,156,315
07/18/2012,SAC,CA,AWP,WE,Federal Contract Tower,0,0,60,0,60,0,5140,0,0,5140,0,5140,60,0,5200,142,0,142,5342
07/19/2012,SAC,CA,AWP,WE,Federal Contract Tower,0,0,72,0,72,0,1,148,0,149,0,1,220,0,221,96,0,96,317
07/20/2012,SAC,CA,AWP,WE,Federal Contract Tower,0,1,53,0,54,0,1,178,0,179,0,2,231,0,233,146,0,146,379
07/21/2012,SAC,CA,AWP,WE,Federal Contract Tower,0,0,22,0,22,0,0,119,0,119,0,0,141,0,141,114,0,114,255
07/22/2012,SAC,CA,AWP,WE,Federal Contract Tower,0,0,22,0,22,0,1,117,0,118,0,1,139,0,140,82,0,82,222
07/23/2012,SAC,CA,AWP,WE,Federal Contract Tower,0,5,34,2,41,0,9,118,2,129,0,14,152,4,170,32,0,32,202
07/24/2012,SAC,CA,AWP,WE,Federal Contract Tower,0,0,36,0,36,0,2,149,0,151,0,2,185,0,187,134,0,134,321
07/25/2012,SAC,CA,AWP,WE,Federal Contract Tower,0,0,49,0,49,0,2,128,0,130,0,2,177,0,179,108,0,108,287
07/26/2012,SAC,CA,AWP,WE,Federal Contract Tower,0,0,34,0,34,0,1,144,0,145,0,1,178,0,179,79,0,79,258
07/27/2012,SAC,CA,AWP,WE,Federal Contract Tower,0,2,44,0,46,0,4,114,0,118,0,6,158,0,164,48,0,48,212
07/28/2012,SAC,CA,AWP,WE,Federal Contract Tower,0,1,34,0,35,0,0,130,0,130,0,1,164,0,165,98,0,98,263
07/29/2012,SAC,CA,AWP,WE,Federal Contract Tower,0,0,42,0,42,0,2,153,0,155,0,2,195,0,197,20,0,20,217
07/30/2012,SAC,CA,AWP,WE,Federal Contract Tower,0,1,32,0,33,0,10,132,0,142,0,11,164,0,175,90,0,90,265
07/31/2012,SAC,CA,AWP,WE,Federal Contract Tower,0,7,46,0,53,0,7,144,0,151,0,14,190,0,204,18,0,18,222
08/01/2012,SAC,CA,AWP,WE,Federal Contract Tower,0,1,45,0,46,0,3,129,0,132,0,4,174,0,178,38,0,38,216
08/02/2012,SAC,CA,AWP,WE,Federal Contract Tower,0,0,64,0,64,0,2,163,0,165,0,2,227,0,229,48,0,48,277
08/03/2012,SAC,CA,AWP,WE,Federal Contract Tower,0,1,35,0,36,0,6,127,0,133,0,7,162,0,169,66,0,66,235
08/04/2012,SAC,CA,AWP,WE,Federal Contract Tower,0,0,38,0,38,0,1,135,0,136,0,1,173,0,174,122,0,122,296
08/05/2012,SAC,CA,AWP,WE,Federal Contract Tower,0,1,25,0,26,0,2,156,0,158,0,3,181,0,184,14,0,14,198
08/06/2012,SAC,CA,AWP,WE,Federal Contract Tower,0,4,42,0,46,0,12,139,0,151,0,16,181,0,197,114,0,114,311
08/07/2012,SAC,CA,AWP,WE,Federal Contract Tower,0,0,42,0,42,0,3,141,0,144,0,3,183,0,186,56,0,56,242
08/08/2012,SAC,CA,AWP,WE,Federal Contract Tower,0,0,50,0,50,0,1,102,0,103,0,1,152,0,153,30,0,30,183
08/09/2012,SAC,CA,AWP,WE,Federal Contract Tower,0,1,55,0,56,0,1,106,0,107,0,2,161,0,163,28,0,28,191
08/10/2012,SAC,CA,AWP,WE,Federal Contract Tower,0,1,47,0,48,0,1,116,0,117,0,2,163,0,165,30,0,30,195
08/11/2012,SAC,CA,AWP,WE,Federal Contract Tower,0,1,22,0,23,0,0,146,0,146,0,1,168,0,169,38,0,38,207
08/12/2012,SAC,CA,AWP,WE,Federal Contract Tower,0,2,53,0,55,0,5,187,0,192,0,7,240,0,247,24,0,24,271
08/13/2012,SAC,CA,AWP,WE,Federal Contract Tower,0,2,46,0,48,0,11,126,0,137,0,13,172,0,185,8,0,8,193
08/14/2012,SAC,CA,AWP,WE,Federal Contract Tower,0,0,60,0,60,0,1,141,0,142,0,1,201,0,202,12,0,12,214
08/15/2012,SAC,CA,AWP,WE,Federal Contract Tower,0,1,75,0,76,0,1,143,0,144,0,2,218,0,220,52,0,52,272
08/16/2012,SAC,CA,AWP,WE,Federal Contract Tower,0,7,32,0,39,0,1,123,0,124,0,8,155,0,163,66,0,66,229
08/17/2012,SAC,CA,AWP,WE,Federal Contract Tower,0,1,41,0,42,0,3,176,0,179,0,4,217,0,221,42,0,42,263
08/18/2012,SAC,CA,AWP,WE,Federal Contract Tower,0,0,30,0,30,0,0,175,0,175,0,0,205,0,205,42,0,42,247
08/19/2012,SAC,CA,AWP,WE,Federal Contract Tower,0,0,41,0,41,0,7,164,0,171,0,7,205,0,212,30,0,30,242
08/20/2012,SAC,CA,AWP,WE,Federal Contract Tower,0,2,40,0,42,0,10,150,0,160,0,12,190,0,202,32,0,32,234
08/21/2012,SAC,CA,AWP,WE,Federal Contract Tower,0,0,67,0,67,0,7,150,0,157,0,7,217,0,224,110,0,110,334
08/22/2012,SAC,CA,AWP,WE,Federal Contract Tower,0,1,59,0,60,0,3,129,0,132,0,4,188,0,192,70,0,70,262
08/23/2012,SAC,CA,AWP,WE,Federal Contract Tower,0,2,46,0,48,0,3,117,0,120,0,5,163,0,168,32,0,32,200
08/24/2012,SAC,CA,AWP,WE,Federal Contract Tower,0,0,29,0,29,0,2,112,0,114,0,2,141,0,143,34,0,34,177
08/25/2012,SAC,CA,AWP,WE,Federal Contract Tower,0,5,41,0,46,0,13,155,0,168,0,18,196,0,214,132,0,132,346
08/26/2012,SAC,CA,AWP,WE,Federal Contract Tower,0,1,22,0,23,0,6,125,0,131,0,7,147,0,154,32,0,32,186
08/27/2012,SAC,CA,AWP,WE,Federal Contract Tower,0,0,39,1,40,0,7,155,0,162,0,7,194,1,202,26,0,26,228
08/28/2012,SAC,CA,AWP,WE,Federal Contract Tower,0,4,45,0,49,0,1,91,0,92,0,5,136,0,141,24,0,24,165
08/29/2012,SAC,CA,AWP,WE,Federal Contract Tower,0,3,53,0,56,0,2,116,0,118,0,5,169,0,174,27,0,27,201
08/30/2012,SAC,CA,AWP,WE,Federal Contract Tower,0,1,59,0,60,0,1,126,0,127,0,2,185,0,187,14,0,14,201
08/31/2012,SAC,CA,AWP,WE,Federal Contract Tower,0,1,43,0,44,0,3,156,0,159,0,4,199,0,203,102,0,102,305
09/01/2012,SAC,CA,AWP,WE,Federal Contract Tower,0,4,19,0,23,0,1,103,0,104,0,5,122,0,127,56,0,56,183
09/02/2012,SAC,CA,AWP,WE,Federal Contract Tower,0,0,25,0,25,0,0,118,0,118,0,0,143,0,143,24,0,24,167
09/03/2012,SAC,CA,AWP,WE,Federal Contract Tower,0,0,29,0,29,0,5,117,0,122,0,5,146,0,151,26,0,26,177
09/04/2012,SAC,CA,AWP,WE,Federal Contract Tower,0,0,57,0,57,0,3,129,0,132,0,3,186,0,189,46,0,46,235
09/05/2012,SAC,CA,AWP,WE,Federal Contract Tower,0,0,62,0,62,0,2,132,0,134,0,2,194,0,196,20,0,20,216
09/06/2012,SAC,CA,AWP,WE,Federal Contract Tower,0,1,30,0,31,0,4,157,0,161,0,5,187,0,192,72,0,72,264
09/07/2012,SAC,CA,AWP,WE,Federal Contract Tower,0,2,19,0,21,0,1,150,0,151,0,3,169,0,172,60,0,60,232
09/08/2012,SAC,CA,AWP,WE,Federal Contract Tower,0,1,26,0,27,0,0,105,4,109,0,1,131,4,136,112,0,112,248
09/09/2012,SAC,CA,AWP,WE,Federal Contract Tower,0,0,42,0,42,0,1,145,0,146,0,1,187,0,188,64,0,64,252
09/10/2012,SAC,CA,AWP,WE,Federal Contract Tower,0,3,41,0,44,0,7,127,0,134,0,10,168,0,178,116,0,116,294
09/11/2012,SAC,CA,AWP,WE,Federal Contract Tower,0,3,49,0,52,0,8,151,0,159,0,11,200,0,211,100,0,100,311
09/12/2012,SAC,CA,AWP,WE,Federal Contract Tower,0,1,70,0,71,0,2,148,0,150,0,3,218,0,221,143,0,143,364
09/13/2012,SAC,CA,AWP,WE,Federal Contract Tower,0,0,29,0,29,0,3,152,0,155,0,3,181,0,184,113,0,113,297
09/14/2012,SAC,CA,AWP,WE,Federal Contract Tower,0,1,41,2,44,0,0,144,0,144,0,1,185,2,188,112,0,112,300
09/15/2012,SAC,CA,AWP,WE,Federal Contract Tower,0,0,12,0,12,0,5,118,0,123,0,5,130,0,135,68,0,68,203
09/16/2012,SAC,CA,AWP,WE,Federal Contract Tower,0,0,30,0,30,0,1,161,0,162,0,1,191,0,192,64,0,64,256
09/17/2012,SAC,CA,AWP,WE,Federal Contract Tower,0,3,15,0,18,0,11,140,0,151,0,14,155,0,169,90,0,90,259
09/18/2012,SAC,CA,AWP,WE,Federal Contract Tower,0,0,46,0,46,0,1,115,0,116,0,1,161,0,162,88,0,88,250
09/19/2012,SAC,CA,AWP,WE,Federal Contract Tower,0,0,32,0,32,0,0,167,0,167,0,0,199,0,199,105,0,105,304
09/20/2012,SAC,CA,AWP,WE,Federal Contract Tower,0,1,33,0,34,0,1,159,0,160,0,2,192,0,194,110,0,110,304
09/21/2012,SAC,CA,AWP,WE,Federal Contract Tower,0,6,36,0,42,0,0,120,0,120,0,6,156,0,162,78,0,78,240
09/22/2012,SAC,CA,AWP,WE,Federal Contract Tower,0,1,49,2,52,0,1,157,0,158,0,2,206,2,210,144,0,144,354
09/23/2012,SAC,CA,AWP,WE,Federal Contract Tower,0,3,38,0,41,0,10,168,0,178,0,13,206,0,219,105,0,105,324
09/24/2012,SAC,CA,AWP,WE,Federal Contract Tower,0,5,40,0,45,0,14,136,0,150,0,19,176,0,195,28,0,28,223
09/25/2012,SAC,CA,AWP,WE,Federal Contract Tower,0,2,54,4,60,0,2,161,0,163,0,4,215,4,223,88,0,88,311
09/26/2012,SAC,CA,AWP,WE,Federal Contract Tower,0,5,45,0,50,0,11,125,0,136,0,16,170,0,186,58,0,58,244
09/27/2012,SAC,CA,AWP,WE,Federal Contract Tower,0,2,45,1,48,0,6,172,0,178,0,8,217,1,226,110,0,110,336
09/28/2012,SAC,CA,AWP,WE,Federal Contract Tower,0,1,38,0,39,0,1,158,0,159,0,2,196,0,198,42,0,42,240
09/29/2012,SAC,CA,AWP,WE,Federal Contract Tower,0,1,33,0,34,0,0,183,0,183,0,1,216,0,217,28,0,28,245
09/30/2012,SAC,CA,AWP,WE,Federal Contract Tower,0,0,18,0,18,0,2,167,0,169,0,2,185,0,187,96,0,96,283
10/01/2012,SAC,CA,AWP,WE,Federal Contract Tower,0,8,36,0,44,0,15,139,0,154,0,23,175,0,198,66,0,66,264
10/02/2012,SAC,CA,AWP,WE,Federal Contract Tower,0,1,28,0,29,0,3,161,0,164,0,4,189,0,193,102,0,102,295
10/03/2012,SAC,CA,AWP,WE,Federal Contract Tower,0,0,44,0,44,0,1,128,0,129,0,1,172,0,173,44,0,44,217
10/04/2012,SAC,CA,AWP,WE,Federal Contract Tower,0,1,35,0,36,0,3,112,0,115,0,4,147,0,151,40,0,40,191
10/05/2012,SAC,CA,AWP,WE,Federal Contract Tower,0,1,16,0,17,0,0,143,0,143,0,1,159,0,160,78,0,78,238
10/06/2012,SAC,CA,AWP,WE,Federal Contract Tower,0,2,41,0,43,0,1,174,0,175,0,3,215,0,218,48,0,48,266
10/07/2012,SAC,CA,AWP,WE,Federal Contract Tower,0,0,39,0,39,0,2,174,0,176,0,2,213,0,215,24,0,24,239
10/08/2012,SAC,CA,AWP,WE,Federal Contract Tower,0,4,42,0,46,0,7,145,0,152,0,11,187,0,198,54,0,54,252
10/09/2012,SAC,CA,AWP,WE,Federal Contract Tower,0,4,39,2,45,0,7,175,2,184,0,11,214,4,229,116,0,116,345
10/10/2012,SAC,CA,AWP,WE,Federal Contract Tower,0,1,29,0,30,0,1,158,0,159,0,2,187,0,189,80,0,80,269
10/11/2012,SAC,CA,AWP,WE,Federal Contract Tower,0,7,43,2,52,0,8,109,0,117,0,15,152,2,169,16,0,16,185
10/12/2012,SAC,CA,AWP,WE,Federal Contract Tower,0,1,51,2,54,0,0,120,0,120,0,1,171,2,174,26,0,26,200
10/13/2012,SAC,CA,AWP,WE,Federal Contract Tower,0,0,59,0,59,0,1,139,0,140,0,1,198,0,199,20,0,20,219
10/14/2012,SAC,CA,AWP,WE,Federal Contract Tower,0,1,52,0,53,0,1,206,0,207,0,2,258,0,260,38,0,38,298
10/15/2012,SAC,CA,AWP,WE,Federal Contract Tower,0,4,44,0,48,0,6,145,0,151,0,10,189,0,199,24,0,24,223
10/16/2012,SAC,CA,AWP,WE,Federal Contract Tower,0,1,68,0,69,0,4,134,0,138,0,5,202,0,207,50,0,50,257
10/17/2012,SAC,CA,AWP,WE,Federal Contract Tower,0,0,58,0,58,0,2,124,0,126,0,2,182,0,184,20,0,20,204
10/18/2012,SAC,CA,AWP,WE,Federal Contract Tower,0,1,28,0,29,0,1,157,0,158,0,2,185,0,187,20,0,20,207
10/19/2012,SAC,CA,AWP,WE,Federal Contract Tower,0,4,46,0,50,0,6,154,0,160,0,10,200,0,210,56,0,56,266
10/20/2012,SAC,CA,AWP,WE,Federal Contract Tower,0,1,31,0,32,0,1,163,0,164,0,2,194,0,196,62,0,62,258
10/21/2012,SAC,CA,AWP,WE,Federal Contract Tower,0,1,22,0,23,0,2,165,0,167,0,3,187,0,190,55,0,55,245
10/22/2012,SAC,CA,AWP,WE,Federal Contract Tower,0,10,29,0,39,0,13,18,0,31,0,23,47,0,70,18,0,18,88
10/23/2012,SAC,CA,AWP,WE,Federal Contract Tower,0,0,49,0,49,0,4,100,0,104,0,4,149,0,153,28,0,28,181
10/24/2012,SAC,CA,AWP,WE,Federal Contract Tower,0,3,52,0,55,0,4,62,2,68,0,7,114,2,123,52,0,52,175
10/25/2012,SAC,CA,AWP,WE,Federal Contract Tower,0,1,57,0,58,0,7,124,0,131,0,8,181,0,189,14,0,14,203
10/26/2012,SAC,CA,AWP,WE,Federal Contract Tower,0,3,65,0,68,0,0,194,0,194,0,3,259,0,262,79,0,79,341
10/27/2012,SAC,CA,AWP,WE,Federal Contract Tower,0,4,31,0,35,0,4,190,0,194,0,8,221,0,229,58,0,58,287
10/28/2012,SAC,CA,AWP,WE,Federal Contract Tower,0,4,33,0,37,0,4,159,0,163,0,8,192,0,200,40,0,40,240
10/29/2012,SAC,CA,AWP,WE,Federal Contract Tower,0,4,17,0,21,0,9,120,0,129,0,13,137,0,150,38,0,38,188
10/30/2012,SAC,CA,AWP,WE,Federal Contract Tower,0,4,45,0,49,0,5,126,0,131,0,9,171,0,180,24,0,24,204
10/31/2012,SAC,CA,AWP,WE,Federal Contract Tower,0,0,41,0,41,0,1,80,0,81,0,1,121,0,122,110,0,110,232
11/01/2012,SAC,CA,AWP,WE,Federal Contract Tower,0,4,50,0,54,0,2,49,0,51,0,6,99,0,105,30,0,30,135
11/02/2012,SAC,CA,AWP,WE,Federal Contract Tower,0,3,66,0,69,0,0,186,0,186,0,3,252,0,255,56,0,56,311
11/03/2012,SAC,CA,AWP,WE,Federal Contract Tower,0,0,44,0,44,0,0,220,0,220,0,0,264,0,264,48,0,48,312
11/04/2012,SAC,CA,AWP,WE,Federal Contract Tower,0,4,63,0,67,0,5,252,0,257,0,9,315,0,324,86,0,86,410
11/05/2012,SAC,CA,AWP,WE,Federal Contract Tower,0,5,33,0,38,0,6,125,0,131,0,11,158,0,169,38,0,38,207
11/06/2012,SAC,CA,AWP,WE,Federal Contract Tower,0,0,44,0,44,0,0,104,0,104,0,0,148,0,148,26,0,26,174
11/07/2012,SAC,CA,AWP,WE,Federal Contract Tower,0,0,48,0,48,0,4,109,0,113,0,4,157,0,161,42,0,42,203
11/08/2012,SAC,CA,AWP,WE,Federal Contract Tower,0,3,52,0,55,0,0,65,0,65,0,3,117,0,120,14,0,14,134
11/09/2012,SAC,CA,AWP,WE,Federal Contract Tower,0,2,34,0,36,0,0,75,0,75,0,2,109,0,111,42,0,42,153
11/10/2012,SAC,CA,AWP,WE,Federal Contract Tower,0,1,48,0,49,0,0,170,1,171,0,1,218,1,220,87,0,87,307
11/11/2012,SAC,CA,AWP,WE,Federal Contract Tower,0,0,71,0,71,0,3,226,0,229,0,3,297,0,300,18,0,18,318
11/12/2012,SAC,CA,AWP,WE,Federal Contract Tower,0,2,47,0,49,0,14,161,1,176,0,16,208,1,225,52,0,52,277
11/13/2012,SAC,CA,AWP,WE,Federal Contract Tower,0,0,65,0,65,0,3,135,0,138,0,3,200,0,203,50,0,50,253
11/14/2012,SAC,CA,AWP,WE,Federal Contract Tower,0,3,33,0,36,0,3,126,0,129,0,6,159,0,165,90,0,90,255
11/15/2012,SAC,CA,AWP,WE,Federal Contract Tower,0,2,63,0,65,0,14,133,0,147,0,16,196,0,212,46,0,46,258
11/16/2012,SAC,CA,AWP,WE,Federal Contract Tower,0,9,32,0,41,0,6,34,0,40,0,15,66,0,81,20,0,20,101
11/17/2012,SAC,CA,AWP,WE,Federal Contract Tower,0,0,21,0,21,0,0,7,1,8,0,0,28,1,29,0,0,0,29
11/18/2012,SAC,CA,AWP,WE,Federal Contract Tower,0,0,37,0,37,0,1,141,0,142,0,1,178,0,179,28,0,28,207
11/19/2012,SAC,CA,AWP,WE,Federal Contract Tower,0,5,35,0,40,0,15,124,0,139,0,20,159,0,179,42,0,42,221
11/20/2012,SAC,CA,AWP,WE,Federal Contract Tower,0,1,40,0,41,0,1,68,2,71,0,2,108,2,112,14,0,14,126
11/21/2012,SAC,CA,AWP,WE,Federal Contract Tower,0,1,37,0,38,0,4,38,0,42,0,5,75,0,80,10,0,10,90
11/22/2012,SAC,CA,AWP,WE,Federal Contract Tower,0,0,15,0,15,0,0,36,0,36,0,0,51,0,51,0,0,0,51
11/23/2012,SAC,CA,AWP,WE,Federal Contract Tower,0,3,48,0,51,0,3,156,0,159,0,6,204,0,210,8,0,8,218
11/24/2012,SAC,CA,AWP,WE,Federal Contract Tower,0,6,45,0,51,0,6,122,0,128,0,12,167,0,179,28,0,28,207
11/25/2012,SAC,CA,AWP,WE,Federal Contract Tower,0,0,50,0,50,0,5,139,0,144,0,5,189,0,194,18,0,18,212
11/26/2012,SAC,CA,AWP,WE,Federal Contract Tower,0,6,39,0,45,0,8,148,0,156,0,14,187,0,201,8,0,8,209
11/27/2012,SAC,CA,AWP,WE,Federal Contract Tower,0,1,69,2,72,0,2,55,0,57,0,3,124,2,129,30,0,30,159
11/28/2012,SAC,CA,AWP,WE,Federal Contract Tower,0,0,28,0,28,0,1,13,0,14,0,1,41,0,42,2,0,2,44
11/29/2012,SAC,CA,AWP,WE,Federal Contract Tower,0,0,33,0,33,0,1,52,0,53,0,1,85,0,86,2,0,2,88
11/30/2012,SAC,CA,AWP,WE,Federal Contract Tower,0,5,16,2,23,0,0,4,0,4,0,5,20,2,27,4,0,4,31
12/01/2012,SAC,CA,AWP,WE,Federal Contract Tower,0,2,27,0,29,0,0,12,0,12,0,2,39,0,41,0,0,0,41
12/02/2012,SAC,CA,AWP,WE,Federal Contract Tower,0,1,45,0,46,0,2,57,0,59,0,3,102,0,105,6,0,6,111
12/03/2012,SAC,CA,AWP,WE,Federal Contract Tower,0,6,61,0,67,0,12,158,0,170,0,18,219,0,237,50,0,50,287
12/04/2012,SAC,CA,AWP,WE,Federal Contract Tower,0,2,46,0,48,0,0,82,0,82,0,2,128,0,130,32,0,32,162
12/05/2012,SAC,CA,AWP,WE,Federal Contract Tower,0,1,31,0,32,0,0,8,0,8,0,1,39,0,40,0,0,0,40
12/06/2012,SAC,CA,AWP,WE,Federal Contract Tower,0,0,65,4,69,0,1,54,1,56,0,1,119,5,125,44,0,44,169
12/07/2012,SAC,CA,AWP,WE,Federal Contract Tower,0,8,59,0,67,0,0,147,2,149,0,8,206,2,216,34,0,34,250
12/08/2012,SAC,CA,AWP,WE,Federal Contract Tower,0,0,39,0,39,0,0,110,0,110,0,0,149,0,149,42,0,42,191
12/09/2012,SAC,CA,AWP,WE,Federal Contract Tower,0,1,31,0,32,0,2,175,0,177,0,3,206,0,209,54,0,54,263
12/10/2012,SAC,CA,AWP,WE,Federal Contract Tower,0,2,46,0,48,0,5,139,0,144,0,7,185,0,192,16,0,16,208
12/11/2012,SAC,CA,AWP,WE,Federal Contract Tower,0,2,50,0,52,0,6,108,0,114,0,8,158,0,166,38,0,38,204
12/12/2012,SAC,CA,AWP,WE,Federal Contract Tower,0,0,38,2,40,0,0,53,0,53,0,0,91,2,93,48,0,48,141
12/13/2012,SAC,CA,AWP,WE,Federal Contract Tower,0,3,56,0,59,0,1,133,0,134,0,4,189,0,193,24,0,24,217
12/14/2012,SAC,CA,AWP,WE,Federal Contract Tower,0,2,92,0,94,0,2,96,0,98,0,4,188,0,192,48,0,48,240
12/15/2012,SAC,CA,AWP,WE,Federal Contract Tower,0,0,15,0,15,0,1,31,0,32,0,1,46,0,47,30,0,30,77
12/16/2012,SAC,CA,AWP,WE,Federal Contract Tower,0,0,24,0,24,0,1,43,0,44,0,1,67,0,68,52,0,52,120
12/17/2012,SAC,CA,AWP,WE,Federal Contract Tower,0,7,22,0,29,0,7,41,0,48,0,14,63,0,77,12,0,12,89
12/18/2012,SAC,CA,AWP,WE,Federal Contract Tower,0,1,49,2,52,0,4,128,2,134,0,5,177,4,186,16,0,16,202
12/19/2012,SAC,CA,AWP,WE,Federal Contract Tower,0,14,54,4,72,0,3,144,0,147,0,17,198,4,219,50,0,50,269
12/20/2012,SAC,CA,AWP,WE,Federal Contract Tower,0,1,46,5,52,0,7,72,3,82,0,8,118,8,134,48,0,48,182
12/21/2012,SAC,CA,AWP,WE,Federal Contract Tower,0,8,52,4,64,0,4,27,0,31,0,12,79,4,95,6,0,6,101
12/22/2012,SAC,CA,AWP,WE,Federal Contract Tower,0,3,47,0,50,0,0,28,0,28,0,3,75,0,78,26,0,26,104
12/23/2012,SAC,CA,AWP,WE,Federal Contract Tower,0,2,9,0,11,0,0,2,0,2,0,2,11,0,13,0,0,0,13
12/24/2012,SAC,CA,AWP,WE,Federal Contract Tower,0,4,43,0,47,0,1,3,0,4,0,5,46,0,51,12,0,12,63
12/25/2012,SAC,CA,AWP,WE,Federal Contract Tower,0,2,2,0,4,0,0,0,0,0,0,2,2,0,4,0,0,0,4
12/26/2012,SAC,CA,AWP,WE,Federal Contract Tower,0,0,33,2,35,0,0,62,0,62,0,0,95,2,97,22,0,22,119
12/27/2012,SAC,CA,AWP,WE,Federal Contract Tower,0,0,35,4,39,0,0,108,4,112,0,0,143,8,151,90,0,90,241
12/28/2012,SAC,CA,AWP,WE,Federal Contract Tower,0,0,19,2,21,0,0,86,0,86,0,0,105,2,107,68,0,68,175
12/29/2012,SAC,CA,AWP,WE,Federal Contract Tower,0,0,42,0,42,0,3,116,0,119,0,3,158,0,161,16,0,16,177
12/30/2012,SAC,CA,AWP,WE,Federal Contract Tower,0,2,53,0,55,0,1,149,0,150,0,3,202,0,205,32,0,32,237
12/31/2012,SAC,CA,AWP,WE,Federal Contract Tower,0,4,40,0,44,0,10,118,0,128,0,14,158,0,172,20,0,20,192
01/01/2013,SAC,CA,AWP,WE,Federal Contract Tower,0,1,30,0,31,0,1,100,0,101,0,2,130,0,132,48,0,48,180
01/02/2013,SAC,CA,AWP,WE,Federal Contract Tower,0,0,56,0,56,0,5,124,0,129,0,5,180,0,185,56,0,56,241
01/03/2013,SAC,CA,AWP,WE,Federal Contract Tower,0,0,36,0,36,0,6,122,0,128,0,6,158,0,164,42,0,42,206
01/04/2013,SAC,CA,AWP,WE,Federal Contract Tower,0,0,74,0,74,0,0,164,0,164,0,0,238,0,238,26,0,26,264
01/05/2013,SAC,CA,AWP,WE,Federal Contract Tower,0,1,34,0,35,0,5,135,0,140,0,6,169,0,175,134,0,134,309
01/06/2013,SAC,CA,AWP,WE,Federal Contract Tower,0,0,16,2,18,0,2,54,2,58,0,2,70,4,76,14,0,14,90
01/07/2013,SAC,CA,AWP,WE,Federal Contract Tower,0,6,26,2,34,0,16,84,0,100,0,22,110,2,134,38,0,38,172
01/08/2013,SAC,CA,AWP,WE,Federal Contract Tower,0,2,47,0,49,0,3,167,0,170,0,5,214,0,219,66,0,66,285
01/09/2013,SAC,CA,AWP,WE,Federal Contract Tower,0,3,41,0,44,0,2,23,0,25,0,5,64,0,69,34,0,34,103
01/10/2013,SAC,CA,AWP,WE,Federal Contract Tower,0,2,32,0,34,0,10,112,0,122,0,12,144,0,156,36,0,36,192
01/11/2013,SAC,CA,AWP,WE,Federal Contract Tower,0,3,50,6,59,0,10,150,0,160,0,13,200,6,219,60,0,60,279
01/12/2013,SAC,CA,AWP,WE,Federal Contract Tower,0,2,34,3,39,0,5,159,3,167,0,7,193,6,206,66,0,66,272
01/13/2013,SAC,CA,AWP,WE,Federal Contract Tower,0,0,20,0,20,0,2,114,0,116,0,2,134,0,136,32,0,32,168
01/14/2013,SAC,CA,AWP,WE,Federal Contract Tower,0,4,44,2,50,0,7,127,2,136,0,11,171,4,186,50,0,50,236
01/15/2013,SAC,CA,AWP,WE,Federal Contract Tower,0,3,33,0,36,0,3,125,0,128,0,6,158,0,164,62,0,62,226
01/16/2013,SAC,CA,AWP,WE,Federal Contract Tower,0,5,40,0,45,0,3,123,0,126,0,8,163,0,171,92,0,92,263
01/17/2013,SAC,CA,AWP,WE,Federal Contract Tower,0,3,42,0,45,0,5,135,0,140,0,8,177,0,185,54,0,54,239
01/18/2013,SAC,CA,AWP,WE,Federal Contract Tower,0,0,36,0,36,0,1,160,0,161,0,1,196,0,197,58,0,58,255
01/19/2013,SAC,CA,AWP,WE,Federal Contract Tower,0,5,27,3,35,0,12,152,4,168,0,17,179,7,203,46,0,46,249
01/20/2013,SAC,CA,AWP,WE,Federal Contract Tower,0,1,41,0,42,0,4,111,0,115,0,5,152,0,157,62,0,62,219
01/21/2013,SAC,CA,AWP,WE,Federal Contract Tower,0,10,29,0,39,0,10,155,0,165,0,20,184,0,204,76,0,76,280
01/22/2013,SAC,CA,AWP,WE,Federal Contract Tower,0,4,40,0,44,0,7,143,0,150,0,11,183,0,194,40,0,40,234
01/23/2013,SAC,CA,AWP,WE,Federal Contract Tower,0,7,64,0,71,0,2,86,0,88,0,9,150,0,159,60,0,60,219
01/24/2013,SAC,CA,AWP,WE,Federal Contract Tower,0,9,66,0,75,0,2,92,0,94,0,11,158,0,169,86,0,86,255
01/25/2013,SAC,CA,AWP,WE,Federal Contract Tower,0,9,11,0,20,0,7,60,0,67,0,16,71,0,87,60,0,60,147
01/26/2013,SAC,CA,AWP,WE,Federal Contract Tower,0,2,27,0,29,0,2,143,0,145,0,4,170,0,174,44,0,44,218
01/27/2013,SAC,CA,AWP,WE,Federal Contract Tower,0,2,44,0,46,0,5,166,0,171,0,7,210,0,217,52,0,52,269
01/28/2013,SAC,CA,AWP,WE,Federal Contract Tower,0,6,52,0,58,0,7,149,0,156,0,13,201,0,214,40,0,40,254
01/29/2013,SAC,CA,AWP,WE,Federal Contract Tower,0,7,53,0,60,0,2,157,0,159,0,9,210,0,219,18,0,18,237
01/30/2013,SAC,CA,AWP,WE,Federal Contract Tower,0,10,47,0,57,0,10,162,0,172,0,20,209,0,229,86,0,86,315
01/31/2013,SAC,CA,AWP,WE,Federal Contract Tower,0,1,41,0,42,0,6,176,0,182,0,7,217,0,224,32,0,32,256
02/01/2013,SAC,CA,AWP,WE,Federal Contract Tower,0,6,39,0,45,0,6,174,0,180,0,12,213,0,225,130,0,130,355
02/02/2013,SAC,CA,AWP,WE,Federal Contract Tower,0,1,33,0,34,0,0,183,0,183,0,1,216,0,217,56,0,56,273
02/03/2013,SAC,CA,AWP,WE,Federal Contract Tower,0,0,33,0,33,0,1,90,0,91,0,1,123,0,124,24,0,24,148
02/04/2013,SAC,CA,AWP,WE,Federal Contract Tower,0,3,11,0,14,0,4,74,3,81,0,7,85,3,95,50,0,50,145
02/05/2013,SAC,CA,AWP,WE,Federal Contract Tower,0,9,45,0,54,0,4,122,0,126,0,13,167,0,180,94,0,94,274
02/06/2013,SAC,CA,AWP,WE,Federal Contract Tower,0,8,37,0,45,0,10,111,0,121,0,18,148,0,166,48,0,48,214
02/07/2013,SAC,CA,AWP,WE,Federal Contract Tower,0,0,28,0,28,0,0,85,0,85,0,0,113,0,113,34,0,34,147
02/08/2013,SAC,CA,AWP,WE,Federal Contract Tower,0,3,60,0,63,0,5,159,0,164,0,8,219,0,227,8,0,8,235
02/09/2013,SAC,CA,AWP,WE,Federal Contract Tower,0,0,25,0,25,0,3,128,0,131,0,3,153,0,156,47,0,47,203
02/10/2013,SAC,CA,AWP,WE,Federal Contract Tower,0,0,59,0,59,0,0,161,0,161,0,0,220,0,220,20,0,20,240
02/11/2013,SAC,CA,AWP,WE,Federal Contract Tower,0,5,51,0,56,0,10,158,0,168,0,15,209,0,224,76,0,76,300
02/12/2013,SAC,CA,AWP,WE,Federal Contract Tower,0,7,46,0,53,0,9,185,0,194,0,16,231,0,247,91,0,91,338
02/13/2013,SAC,CA,AWP,WE,Federal Contract Tower,0,1,45,0,46,0,2,144,0,146,0,3,189,0,192,50,0,50,242
02/14/2013,SAC,CA,AWP,WE,Federal Contract Tower,0,0,48,0,48,0,3,151,0,154,0,3,199,0,202,38,0,38,240
02/15/2013,SAC,CA,AWP,WE,Federal Contract Tower,0,4,27,0,31,0,3,114,0,117,0,7,141,0,148,100,0,100,248
02/16/2013,SAC,CA,AWP,WE,Federal Contract Tower,0,2,30,0,32,0,2,138,0,140,0,4,168,0,172,102,0,102,274
02/17/2013,SAC,CA,AWP,WE,Federal Contract Tower,0,0,34,0,34,0,2,175,0,177,0,2,209,0,211,92,0,92,303
02/18/2013,SAC,CA,AWP,WE,Federal Contract Tower,0,8,38,0,46,0,3,156,0,159,0,11,194,0,205,98,0,98,303
02/19/2013,SAC,CA,AWP,WE,Federal Contract Tower,0,7,23,0,30,0,1,27,0,28,0,8,50,0,58,0,0,0,58
02/20/2013,SAC,CA,AWP,WE,Federal Contract Tower,0,2,47,2,51,0,1,118,0,119,0,3,165,2,170,48,0,48,218
02/21/2013,SAC,CA,AWP,WE,Federal Contract Tower,0,17,73,0,90,0,4,170,0,174,0,21,243,0,264,72,0,72,336
02/22/2013,SAC,CA,AWP,WE,Federal Contract Tower,0,5,60,0,65,0,10,161,0,171,0,15,221,0,236,126,0,126,362
02/23/2013,SAC,CA,AWP,WE,Federal Contract Tower,0,2,29,0,31,0,6,85,0,91,0,8,114,0,122,60,0,60,182
02/24/2013,SAC,CA,AWP,WE,Federal Contract Tower,0,1,25,0,26,0,5,124,0,129,0,6,149,0,155,30,0,30,185
02/25/2013,SAC,CA,AWP,WE,Federal Contract Tower,0,4,38,0,42,0,6,141,0,147,0,10,179,0,189,66,0,66,255
02/26/2013,SAC,CA,AWP,WE,Federal Contract Tower,0,10,37,0,47,0,12,131,0,143,0,22,168,0,190,16,0,16,206
02/27/2013,SAC,CA,AWP,WE,Federal Contract Tower,0,0,69,6,75,0,4,169,4,177,0,4,238,10,252,34,0,34,286
02/28/2013,SAC,CA,AWP,WE,Federal Contract Tower,0,1,61,0,62,0,8,175,0,183,0,9,236,0,245,20,0,20,265
03/01/2013,SAC,CA,AWP,WE,Federal Contract Tower,0,3,41,1,45,0,7,156,0,163,0,10,197,1,208,20,0,20,228
03/02/2013,SAC,CA,AWP,WE,Federal Contract Tower,0,0,29,0,29,0,4,171,0,175,0,4,200,0,204,52,0,52,256
03/03/2013,SAC,CA,AWP,WE,Federal Contract Tower,0,0,49,10,59,0,3,162,0,165,0,3,211,10,224,60,0,60,284
03/04/2013,SAC,CA,AWP,WE,Federal Contract Tower,0,3,35,0,38,0,5,137,0,142,0,8,172,0,180,50,0,50,230
03/05/2013,SAC,CA,AWP,WE,Federal Contract Tower,0,10,27,0,37,0,10,107,0,117,0,20,134,0,154,30,0,30,184
03/06/2013,SAC,CA,AWP,WE,Federal Contract Tower,0,1,43,0,44,0,1,58,0,59,0,2,101,0,103,0,0,0,103
03/07/2013,SAC,CA,AWP,WE,Federal Contract Tower,0,7,67,0,74,0,13,124,0,137,0,20,191,0,211,18,0,18,229
03/08/2013,SAC,CA,AWP,WE,Federal Contract Tower,0,6,65,4,75,0,25,158,0,183,0,31,223,4,258,40,0,40,298
03/09/2013,SAC,CA,AWP,WE,Federal Contract Tower,0,3,56,0,59,0,2,195,0,197,0,5,251,0,256,98,0,98,354
03/10/2013,SAC,CA,AWP,WE,Federal Contract Tower,0,1,25,0,26,0,4,173,0,177,0,5,198,0,203,48,0,48,251
03/11/2013,SAC,CA,AWP,WE,Federal Contract Tower,0,5,74,0,79,0,14,202,0,216,0,19,276,0,295,42,0,42,337
03/12/2013,SAC,CA,AWP,WE,Federal Contract Tower,0,4,46,2,52,0,11,185,2,198,0,15,231,4,250,32,0,32,282
03/13/2013,SAC,CA,AWP,WE,Federal Contract Tower,0,12,45,0,57,0,10,141,0,151,0,22,186,0,208,80,0,80,288
03/14/2013,SAC,CA,AWP,WE,Federal Contract Tower,0,6,64,3,73,0,10,161,0,171,0,16,225,3,244,38,0,38,282
03/15/2013,SAC,CA,AWP,WE,Federal Contract Tower,0,5,41,2,48,0,8,139,0,147,0,13,180,2,195,76,0,76,271
03/16/2013,SAC,CA,AWP,WE,Federal Contract Tower,0,1,51,0,52,0,1,167,0,168,0,2,218,0,220,40,0,40,260
03/17/2013,SAC,CA,AWP,WE,Federal Contract Tower,0,0,42,0,42,0,2,148,0,150,0,2,190,0,192,70,0,70,262
03/18/2013,SAC,CA,AWP,WE,Federal Contract Tower,0,2,48,0,50,0,13,151,3,167,0,15,199,3,217,66,0,66,283
03/19/2013,SAC,CA,AWP,WE,Federal Contract Tower,0,5,57,2,64,0,12,138,2,152,0,17,195,4,216,70,0,70,286
03/20/2013,SAC,CA,AWP,WE,Federal Contract Tower,0,9,94,0,103,0,6,98,0,104,0,15,192,0,207,24,0,24,231
03/21/2013,SAC,CA,AWP,WE,Federal Contract Tower,0,5,51,0,56,0,3,143,0,146,0,8,194,0,202,50,0,50,252
03/22/2013,SAC,CA,AWP,WE,Federal Contract Tower,2,0,10,0,12,0,5,56,0,61,2,5,66,0,73,6,0,6,79
03/23/2013,SAC,CA,AWP,WE,Federal Contract Tower,0,4,43,0,47,0,4,200,0,204,0,8,243,0,251,82,0,82,333
03/24/2013,SAC,CA,AWP,WE,Federal Contract Tower,0,1,38,0,39,0,0,224,0,224,0,1,262,0,263,92,0,92,355
03/25/2013,SAC,CA,AWP,WE,Federal Contract Tower,0,8,44,0,52,0,9,150,0,159,0,17,194,0,211,84,0,84,295
03/26/2013,SAC,CA,AWP,WE,Federal Contract Tower,0,5,57,1,63,0,13,180,2,195,0,18,237,3,258,68,0,68,326
03/27/2013,SAC,CA,AWP,WE,Federal Contract Tower,0,7,68,0,75,0,3,131,0,134,0,10,199,0,209,28,0,28,237
03/28/2013,SAC,CA,AWP,WE,Federal Contract Tower,0,5,49,2,56,0,17,131,2,150,0,22,180,4,206,40,0,40,246
03/29/2013,SAC,CA,AWP,WE,Federal Contract Tower,0,0,41,0,41,0,3,212,0,215,0,3,253,0,256,90,0,90,346
03/30/2013,SAC,CA,AWP,WE,Federal Contract Tower,0,1,27,0,28,0,3,131,0,134,0,4,158,0,162,80,0,80,242
03/31/2013,SAC,CA,AWP,WE,Federal Contract Tower,0,0,16,0,16,0,1,47,0,48,0,1,63,0,64,48,0,48,112
04/01/2013,SAC,CA,AWP,WE,Federal Contract Tower,0,7,21,0,28,0,8,71,0,79,0,15,92,0,107,16,0,16,123
04/02/2013,SAC,CA,AWP,WE,Federal Contract Tower,0,5,41,0,46,0,15,148,0,163,0,20,189,0,209,30,0,30,239
04/03/2013,SAC,CA,AWP,WE,Federal Contract Tower,0,10,43,0,53,2,13,147,0,162,2,23,190,0,215,48,0,48,263
04/04/2013,SAC,CA,AWP,WE,Federal Contract Tower,0,6,49,2,57,0,7,61,2,70,0,13,110,4,127,8,0,8,135
04/05/2013,SAC,CA,AWP,WE,Federal Contract Tower,0,5,63,0,68,0,6,157,0,163,0,11,220,0,231,61,0,61,292
04/06/2013,SAC,CA,AWP,WE,Federal Contract Tower,0,0,17,0,17,0,1,130,2,133,0,1,147,2,150,120,0,120,270
04/07/2013,SAC,CA,AWP,WE,Federal Contract Tower,0,1,59,0,60,0,1,119,0,120,0,2,178,0,180,12,0,12,192
04/08/2013,SAC,CA,AWP,WE,Federal Contract Tower,0,6,17,0,23,0,7,47,0,54,0,13,64,0,77,0,0,0,77
04/09/2013,SAC,CA,AWP,WE,Federal Contract Tower,0,6,18,0,24,0,10,46,0,56,0,16,64,0,80,2,0,2,82
04/10/2013,SAC,CA,AWP,WE,Federal Contract Tower,0,7,74,0,81,0,12,203,0,215,0,19,277,0,296,20,0,20,316
04/11/2013,SAC,CA,AWP,WE,Federal Contract Tower,0,3,42,0,45,0,6,169,0,175,0,9,211,0,220,38,0,38,258
04/12/2013,SAC,CA,AWP,WE,Federal Contract Tower,0,1,37,0,38,0,5,158,0,163,0,6,195,0,201,24,0,24,225
04/13/2013,SAC,CA,AWP,WE,Federal Contract Tower,0,0,57,0,57,0,1,173,0,174,0,1,230,0,231,38,0,38,269
04/14/2013,SAC,CA,AWP,WE,Federal Contract Tower,0,0,29,0,29,0,3,125,0,128,0,3,154,0,157,62,0,62,219
04/15/2013,SAC,CA,AWP,WE,Federal Contract Tower,0,10,41,0,51,0,6,87,0,93,0,16,128,0,144,30,0,30,174
04/16/2013,SAC,CA,AWP,WE,Federal Contract Tower,0,4,34,2,40,0,8,89,4,101,0,12,123,6,141,4,0,4,145
04/17/2013,SAC,CA,AWP,WE,Federal Contract Tower,0,2,40,2,44,0,5,89,2,96,0,7,129,4,140,6,0,6,146
04/18/2013,SAC,CA,AWP,WE,Federal Contract Tower,0,0,67,0,67,0,8,199,0,207,0,8,266,0,274,32,0,32,306
04/19/2013,SAC,CA,AWP,WE,Federal Contract Tower,0,1,48,0,49,0,7,202,0,209,0,8,250,0,258,78,0,78,336
04/20/2013,SAC,CA,AWP,WE,Federal Contract Tower,0,1,51,0,52,0,6,213,0,219,0,7,264,0,271,64,0,64,335
04/21/2013,SAC,CA,AWP,WE,Federal Contract Tower,0,1,37,0,38,0,3,152,0,155,0,4,189,0,193,18,0,18,211
04/22/2013,SAC,CA,AWP,WE,Federal Contract Tower,0,4,18,0,22,0,4,117,0,121,0,8,135,0,143,8,0,8,151
04/23/2013,SAC,CA,AWP,WE,Federal Contract Tower,0,4,31,0,35,0,11,120,0,131,0,15,151,0,166,4,0,4,170
04/24/2013,SAC,CA,AWP,WE,Federal Contract Tower,0,1,73,0,74,0,4,188,0,192,0,5,261,0,266,14,0,14,280
04/25/2013,SAC,CA,AWP,WE,Federal Contract Tower,0,0,61,0,61,0,5,184,0,189,0,5,245,0,250,70,0,70,320
04/26/2013,SAC,CA,AWP,WE,Federal Contract Tower,0,0,35,0,35,0,1,158,0,159,0,1,193,0,194,66,0,66,260
04/27/2013,SAC,CA,AWP,WE,Federal Contract Tower,0,2,47,0,49,0,9,181,1,191,0,11,228,1,240,52,0,52,292
04/28/2013,SAC,CA,AWP,WE,Federal Contract Tower,0,1,17,0,18,0,17,138,0,155,0,18,155,0,173,50,0,50,223
04/29/2013,SAC,CA,AWP,WE,Federal Contract Tower,0,4,13,0,17,0,13,135,0,148,0,17,148,0,165,46,0,46,211
04/30/2013,SAC,CA,AWP,WE,Federal Contract Tower,0,4,35,0,39,0,14,72,0,86,0,18,107,0,125,0,0,0,125
05/01/2013,SAC,CA,AWP,WE,Federal Contract Tower,0,7,39,4,50,0,8,116,4,128,0,15,155,8,178,16,0,16,194
05/02/2013,SAC,CA,AWP,WE,Federal Contract Tower,0,0,40,0,40,0,2,143,0,145,0,2,183,0,185,44,0,44,229
05/03/2013,SAC,CA,AWP,WE,Federal Contract Tower,0,2,61,0,63,0,5,171,0,176,0,7,232,0,239,42,0,42,281
05/04/2013,SAC,CA,AWP,WE,Federal Contract Tower,0,0,42,0,42,0,1,146,0,147,0,1,188,0,189,10,0,10,199
05/05/2013,SAC,CA,AWP,WE,Federal Contract Tower,0,0,34,0,34,0,0,119,0,119,0,0,153,0,153,50,0,50,203
05/06/2013,SAC,CA,AWP,WE,Federal Contract Tower,0,3,28,0,31,0,10,84,0,94,0,13,112,0,125,52,0,52,177
05/07/2013,SAC,CA,AWP,WE,Federal Contract Tower,0,10,44,0,54,0,9,124,0,133,0,19,168,0,187,58,0,58,245
05/08/2013,SAC,CA,AWP,WE,Federal Contract Tower,0,9,68,0,77,0,11,152,0,163,0,20,220,0,240,36,0,36,276
05/09/2013,SAC,CA,AWP,WE,Federal Contract Tower,0,3,66,0,69,0,9,156,0,165,0,12,222,0,234,28,0,28,262
05/10/2013,SAC,CA,AWP,WE,Federal Contract Tower,0,2,38,0,40,0,4,171,0,175,0,6,209,0,215,66,0,66,281
05/11/2013,SAC,CA,AWP,WE,Federal Contract Tower,0,1,46,0,47,0,6,154,0,160,0,7,200,0,207,44,0,44,251
05/12/2013,SAC,CA,AWP,WE,Federal Contract Tower,0,0,25,0,25,0,5,130,0,135,0,5,155,0,160,26,0,26,186
05/13/2013,SAC,CA,AWP,WE,Federal Contract Tower,0,1,40,0,41,0,10,128,0,138,0,11,168,0,179,20,0,20,199
05/14/2013,SAC,CA,AWP,WE,Federal Contract Tower,0,5,33,0,38,0,11,131,0,142,0,16,164,0,180,46,0,46,226
05/15/2013,SAC,CA,AWP,WE,Federal Contract Tower,0,2,56,0,58,0,5,164,0,169,0,7,220,0,227,50,0,50,277
05/16/2013,SAC,CA,AWP,WE,Federal Contract Tower,0,0,42,0,42,0,5,110,0,115,0,5,152,0,157,74,0,74,231
05/17/2013,SAC,CA,AWP,WE,Federal Contract Tower,0,4,56,0,60,0,12,168,0,180,0,16,224,0,240,54,0,54,294
05/18/2013,SAC,CA,AWP,WE,Federal Contract Tower,0,2,20,0,22,0,5,138,0,143,0,7,158,0,165,118,0,118,283
05/19/2013,SAC,CA,AWP,WE,Federal Contract Tower,0,1,30,0,31,0,9,167,0,176,0,10,197,0,207,10,0,10,217
05/20/2013,SAC,CA,AWP,WE,Federal Contract Tower,0,8,49,0,57,0,4,139,0,143,0,12,188,0,200,26,0,26,226
05/21/2013,SAC,CA,AWP,WE,Federal Contract Tower,0,3,26,0,29,0,13,109,0,122,0,16,135,0,151,18,0,18,169
05/22/2013,SAC,CA,AWP,WE,Federal Contract Tower,0,1,44,0,45,0,3,142,0,145,0,4,186,0,190,10,0,10,200
05/23/2013,SAC,CA,AWP,WE,Federal Contract Tower,0,6,53,0,59,0,6,143,0,149,0,12,196,0,208,24,0,24,232
05/24/2013,SAC,CA,AWP,WE,Federal Contract Tower,0,2,49,0,51,0,8,153,0,161,0,10,202,0,212,32,0,32,244
05/25/2013,SAC,CA,AWP,WE,Federal Contract Tower,0,0,35,0,35,0,5,165,0,170,0,5,200,0,205,32,0,32,237
05/26/2013,SAC,CA,AWP,WE,Federal Contract Tower,0,0,14,0,14,0,1,103,0,104,0,1,117,0,118,48,0,48,166
05/27/2013,SAC,CA,AWP,WE,Federal Contract Tower,0,3,39,0,42,0,12,80,0,92,0,15,119,0,134,40,0,40,174
05/28/2013,SAC,CA,AWP,WE,Federal Contract Tower,0,2,24,0,26,0,6,87,0,93,0,8,111,0,119,12,0,12,131
05/29/2013,SAC,CA,AWP,WE,Federal Contract Tower,0,5,33,0,38,0,16,131,0,147,0,21,164,0,185,54,0,54,239
05/30/2013,SAC,CA,AWP,WE,Federal Contract Tower,0,10,34,0,44,0,31,130,0,161,0,41,164,0,205,94,0,94,299
05/31/2013,SAC,CA,AWP,WE,Federal Contract Tower,0,3,27,0,30,0,6,134,0,140,0,9,161,0,170,24,0,24,194
06/01/2013,SAC,CA,AWP,WE,Federal Contract Tower,0,2,46,0,48,0,4,163,0,167,0,6,209,0,215,52,0,52,267
06/02/2013,SAC,CA,AWP,WE,Federal Contract Tower,0,0,30,0,30,0,4,154,0,158,0,4,184,0,188,56,0,56,244
06/03/2013,SAC,CA,AWP,WE,Federal Contract Tower,0,2,26,0,28,0,12,94,0,106,0,14,120,0,134,42,0,42,176
06/04/2013,SAC,CA,AWP,WE,Federal Contract Tower,0,9,30,0,39,0,8,117,0,125,0,17,147,0,164,58,2,60,224
06/05/2013,SAC,CA,AWP,WE,Federal Contract Tower,0,7,43,0,50,0,6,144,0,150,0,13,187,0,200,68,0,68,268
06/06/2013,SAC,CA,AWP,WE,Federal Contract Tower,0,6,29,0,35,0,5,110,0,115,0,11,139,0,150,20,0,20,170
06/07/2013,SAC,CA,AWP,WE,Federal Contract Tower,0,6,40,2,48,0,6,134,2,142,0,12,174,4,190,20,0,20,210
06/08/2013,SAC,CA,AWP,WE,Federal Contract Tower,0,3,27,0,30,0,15,103,0,118,0,18,130,0,148,56,0,56,204
06/09/2013,SAC,CA,AWP,WE,Federal Contract Tower,0,2,32,0,34,0,2,101,0,103,0,4,133,0,137,0,0,0,137
06/10/2013,SAC,CA,AWP,WE,Federal Contract Tower,0,4,32,0,36,0,9,98,0,107,0,13,130,0,143,8,0,8,151
06/11/2013,SAC,CA,AWP,WE,Federal Contract Tower,0,11,38,0,49,0,22,156,0,178,0,33,194,0,227,114,0,114,341
06/12/2013,SAC,CA,AWP,WE,Federal Contract Tower,0,4,29,5,38,0,6,151,8,165,0,10,180,13,203,16,0,16,219
06/13/2013,SAC,CA,AWP,WE,Federal Contract Tower,0,5,35,0,40,0,11,130,0,141,0,16,165,0,181,54,0,54,235
06/14/2013,SAC,CA,AWP,WE,Federal Contract Tower,0,2,41,0,43,0,13,142,0,155,0,15,183,0,198,56,0,56,254
06/15/2013,SAC,CA,AWP,WE,Federal Contract Tower,0,33,0,0,33,0,4,211,0,215,0,37,211,0,248,10,0,10,258
06/16/2013,SAC,CA,AWP,WE,Federal Contract Tower,0,3,64,0,67,0,4,167,0,171,0,7,231,0,238,8,0,8,246
06/17/2013,SAC,CA,AWP,WE,Federal Contract Tower,0,4,19,0,23,0,18,106,0,124,0,22,125,0,147,44,0,44,191
06/18/2013,SAC,CA,AWP,WE,Federal Contract Tower,0,6,35,0,41,0,11,111,0,122,0,17,146,0,163,43,0,43,206
06/19/2013,SAC,CA,AWP,WE,Federal Contract Tower,0,2,50,0,52,0,12,171,0,183,0,14,221,0,235,68,0,68,303
06/20/2013,SAC,CA,AWP,WE,Federal Contract Tower,0,10,39,0,49,0,10,159,0,169,0,20,198,0,218,86,0,86,304
06/21/2013,SAC,CA,AWP,WE,Federal Contract Tower,0,4,32,0,36,0,9,152,0,161,0,13,184,0,197,62,0,62,259
06/22/2013,SAC,CA,AWP,WE,Federal Contract Tower,0,7,33,2,42,0,8,194,2,204,0,15,227,4,246,48,0,48,294
06/23/2013,SAC,CA,AWP,WE,Federal Contract Tower,0,4,32,0,36,0,14,102,0,116,0,18,134,0,152,26,0,26,178
06/24/2013,SAC,CA,AWP,WE,Federal Contract Tower,0,9,58,0,67,0,5,72,0,77,0,14,130,0,144,16,0,16,160
06/25/2013,SAC,CA,AWP,WE,Federal Contract Tower,0,7,60,2,69,0,9,70,2,81,0,16,130,4,150,10,0,10,160
06/26/2013,SAC,CA,AWP,WE,Federal Contract Tower,0,4,49,0,53,0,9,188,0,197,0,13,237,0,250,70,0,70,320
06/27/2013,SAC,CA,AWP,WE,Federal Contract Tower,0,2,37,0,39,0,13,177,0,190,0,15,214,0,229,100,0,100,329
06/28/2013,SAC,CA,AWP,WE,Federal Contract Tower,0,2,41,0,43,0,9,162,0,171,0,11,203,0,214,64,0,64,278
06/29/2013,SAC,CA,AWP,WE,Federal Contract Tower,0,2,31,0,33,0,6,144,0,150,0,8,175,0,183,8,0,8,191
06/30/2013,SAC,CA,AWP,WE,Federal Contract Tower,0,2,37,0,39,0,1,155,0,156,0,3,192,0,195,46,0,46,241
07/01/2013,SAC,CA,AWP,WE,Federal Contract Tower,0,4,24,2,30,0,12,117,2,131,0,16,141,4,161,66,0,66,227
07/02/2013,SAC,CA,AWP,WE,Federal Contract Tower,0,0,25,0,25,0,10,95,0,105,0,10,120,0,130,24,0,24,154
07/03/2013,SAC,CA,AWP,WE,Federal Contract Tower,0,2,29,0,31,0,13,134,0,147,0,15,163,0,178,56,0,56,234
07/04/2013,SAC,CA,AWP,WE,Federal Contract Tower,0,1,10,0,11,0,6,65,0,71,0,7,75,0,82,32,0,32,114
07/05/2013,SAC,CA,AWP,WE,Federal Contract Tower,0,2,16,0,18,0,9,115,0,124,0,11,131,0,142,56,0,56,198
07/06/2013,SAC,CA,AWP,WE,Federal Contract Tower,0,2,31,0,33,0,3,193,0,196,0,5,224,0,229,68,0,68,297
07/07/2013,SAC,CA,AWP,WE,Federal Contract Tower,0,0,37,0,37,0,4,150,0,154,0,4,187,0,191,38,0,38,229
07/08/2013,SAC,CA,AWP,WE,Federal Contract Tower,0,3,14,2,19,0,10,123,0,133,0,13,137,2,152,32,0,32,184
07/09/2013,SAC,CA,AWP,WE,Federal Contract Tower,0,1,40,0,41,0,12,138,0,150,0,13,178,0,191,32,0,32,223
07/10/2013,SAC,CA,AWP,WE,Federal Contract Tower,10,7,41,1,59,0,10,180,0,190,10,17,221,1,249,30,0,30,279
07/11/2013,SAC,CA,AWP,WE,Federal Contract Tower,0,3,35,0,38,0,12,143,0,155,0,15,178,0,193,6,0,6,199
07/12/2013,SAC,CA,AWP,WE,Federal Contract Tower,0,4,45,0,49,0,28,196,0,224,0,32,241,0,273,12,0,12,285
07/13/2013,SAC,CA,AWP,WE,Federal Contract Tower,0,4,38,0,42,0,3,175,0,178,0,7,213,0,220,20,0,20,240
07/14/2013,SAC,CA,AWP,WE,Federal Contract Tower,0,6,32,0,38,0,3,228,0,231,0,9,260,0,269,20,0,20,289
07/15/2013,SAC,CA,AWP,WE,Federal Contract Tower,0,1,29,0,30,0,15,119,0,134,0,16,148,0,164,46,0,46,210
07/16/2013,SAC,CA,AWP,WE,Federal Contract Tower,0,6,51,0,57,0,9,147,2,158,0,15,198,2,215,58,2,60,275
07/17/2013,SAC,CA,AWP,WE,Federal Contract Tower,0,11,66,0,77,0,13,179,0,192,0,24,245,0,269,112,0,112,381
07/18/2013,SAC,CA,AWP,WE,Federal Contract Tower,0,0,54,0,54,0,13,149,0,162,0,13,203,0,216,64,0,64,280
07/19/2013,SAC,CA,AWP,WE,Federal Contract Tower,0,6,46,0,52,0,12,151,0,163,0,18,197,0,215,72,0,72,287
07/20/2013,SAC,CA,AWP,WE,Federal Contract Tower,0,0,29,0,29,0,10,147,0,157,0,10,176,0,186,80,0,80,266
07/21/2013,SAC,CA,AWP,WE,Federal Contract Tower,0,0,22,0,22,0,11,143,0,154,0,11,165,0,176,48,0,48,224
07/22/2013,SAC,CA,AWP,WE,Federal Contract Tower,0,0,52,0,52,0,8,163,0,171,0,8,215,0,223,82,0,82,305
07/23/2013,SAC,CA,AWP,WE,Federal Contract Tower,0,3,32,0,35,0,9,137,0,146,0,12,169,0,181,42,0,42,223
07/24/2013,SAC,CA,AWP,WE,Federal Contract Tower,0,0,44,0,44,0,10,161,0,171,0,10,205,0,215,20,0,20,235
07/25/2013,SAC,CA,AWP,WE,Federal Contract Tower,0,2,51,0,53,0,17,149,0,166,0,19,200,0,219,68,0,68,287
07/26/2013,SAC,CA,AWP,WE,Federal Contract Tower,0,2,14,2,18,0,16,129,0,145,0,18,143,2,163,40,0,40,203
07/27/2013,SAC,CA,AWP,WE,Federal Contract Tower,0,1,30,0,31,0,1,157,0,158,0,2,187,0,189,62,0,62,251
07/28/2013,SAC,CA,AWP,WE,Federal Contract Tower,0,0,33,0,33,0,2,136,0,138,0,2,169,0,171,56,0,56,227
07/29/2013,SAC,CA,AWP,WE,Federal Contract Tower,0,4,39,0,43,0,10,116,0,126,0,14,155,0,169,54,0,54,223
07/30/2013,SAC,CA,AWP,WE,Federal Contract Tower,0,1,50,0,51,0,13,152,0,165,0,14,202,0,216,58,0,58,274
07/31/2013,SAC,CA,AWP,WE,Federal Contract Tower,0,7,38,0,45,0,15,142,0,157,0,22,180,0,202,30,0,30,232
08/01/2013,SAC,CA,AWP,WE,Federal Contract Tower,0,2,46,0,48,0,12,160,1,173,0,14,206,1,221,40,0,40,261
08/02/2013,SAC,CA,AWP,WE,Federal Contract Tower,0,0,22,0,22,0,10,105,0,115,0,10,127,0,137,24,0,24,161
08/03/2013,SAC,CA,AWP,WE,Federal Contract Tower,0,1,32,0,33,0,4,115,0,119,0,5,147,0,152,24,0,24,176
08/04/2013,SAC,CA,AWP,WE,Federal Contract Tower,0,1,24,0,25,0,7,116,0,123,0,8,140,0,148,8,0,8,156
08/05/2013,SAC,CA,AWP,WE,Federal Contract Tower,0,0,23,0,23,0,8,134,0,142,0,8,157,0,165,22,0,22,187
08/06/2013,SAC,CA,AWP,WE,Federal Contract Tower,0,3,35,0,38,0,12,129,0,141,0,15,164,0,179,58,0,58,237
08/07/2013,SAC,CA,AWP,WE,Federal Contract Tower,0,9,44,0,53,0,18,109,0,127,0,27,153,0,180,46,0,46,226
08/08/2013,SAC,CA,AWP,WE,Federal Contract Tower,0,7,52,0,59,0,11,165,1,177,0,18,217,1,236,108,0,108,344
08/09/2013,SAC,CA,AWP,WE,Federal Contract Tower,0,1,39,0,40,0,11,142,3,156,0,12,181,3,196,56,0,56,252
08/10/2013,SAC,CA,AWP,WE,Federal Contract Tower,0,2,31,0,33,0,3,158,0,161,0,5,189,0,194,70,0,70,264
08/11/2013,SAC,CA,AWP,WE,Federal Contract Tower,0,3,25,0,28,0,10,152,0,162,0,13,177,0,190,12,0,12,202
08/12/2013,SAC,CA,AWP,WE,Federal Contract Tower,0,3,28,0,31,0,16,126,4,146,0,19,154,4,177,80,0,80,257
08/13/2013,SAC,CA,AWP,WE,Federal Contract Tower,0,4,47,0,51,0,13,188,0,201,0,17,235,0,252,72,0,72,324
08/14/2013,SAC,CA,AWP,WE,Federal Contract Tower,0,18,45,1,64,0,15,153,2,170,0,33,198,3,234,68,0,68,302
08/15/2013,SAC,CA,AWP,WE,Federal Contract Tower,0,4,40,1,45,0,5,154,1,160,0,9,194,2,205,106,0,106,311
08/16/2013,SAC,CA,AWP,WE,Federal Contract Tower,0,9,13,0,22,0,17,93,0,110,0,26,106,0,132,86,0,86,218
08/17/2013,SAC,CA,AWP,WE,Federal Contract Tower,0,2,53,0,55,0,5,189,0,194,0,7,242,0,249,44,0,44,293
08/18/2013,SAC,CA,AWP,WE,Federal Contract Tower,0,5,29,2,36,0,1,138,2,141,0,6,167,4,177,26,0,26,203
08/19/2013,SAC,CA,AWP,WE,Federal Contract Tower,0,4,46,0,50,0,10,101,0,111,0,14,147,0,161,72,0,72,233
08/20/2013,SAC,CA,AWP,WE,Federal Contract Tower,0,3,26,0,29,0,11,113,0,124,0,14,139,0,153,50,0,50,203
08/21/2013,SAC,CA,AWP,WE,Federal Contract Tower,0,10,72,0,82,0,17,178,0,195,0,27,250,0,277,70,0,70,347
08/22/2013,SAC,CA,AWP,WE,Federal Contract Tower,0,4,75,0,79,0,8,200,0,208,0,12,275,0,287,104,0,104,391
08/23/2013,SAC,CA,AWP,WE,Federal Contract Tower,0,2,44,1,47,0,4,171,4,179,0,6,215,5,226,50,0,50,276
08/24/2013,SAC,CA,AWP,WE,Federal Contract Tower,0,1,33,0,34,0,9,142,0,151,0,10,175,0,185,78,0,78,263
08/25/2013,SAC,CA,AWP,WE,Federal Contract Tower,0,1,47,0,48,0,3,147,0,150,0,4,194,0,198,46,0,46,244
08/26/2013,SAC,CA,AWP,WE,Federal Contract Tower,0,2,48,0,50,0,12,116,0,128,0,14,164,0,178,82,0,82,260
08/27/2013,SAC,CA,AWP,WE,Federal Contract Tower,0,4,60,0,64,0,15,165,0,180,0,19,225,0,244,80,0,80,324
08/28/2013,SAC,CA,AWP,WE,Federal Contract Tower,0,1,111,0,112,0,5,217,0,222,0,6,328,0,334,50,0,50,384
08/29/2013,SAC,CA,AWP,WE,Federal Contract Tower,0,7,71,0,78,0,10,175,0,185,0,17,246,0,263,68,0,68,331
08/30/2013,SAC,CA,AWP,WE,Federal Contract Tower,0,4,36,0,40,0,6,150,1,157,0,10,186,1,197,52,0,52,249
08/31/2013,SAC,CA,AWP,WE,Federal Contract Tower,0,0,34,0,34,0,10,132,3,145,0,10,166,3,179,68,0,68,247
09/01/2013,SAC,CA,AWP,WE,Federal Contract Tower,0,3,16,0,19,0,6,126,0,132,0,9,142,0,151,32,0,32,183
09/02/2013,SAC,CA,AWP,WE,Federal Contract Tower,0,1,35,0,36,0,3,133,0,136,0,4,168,0,172,80,0,80,252
09/03/2013,SAC,CA,AWP,WE,Federal Contract Tower,0,1,40,0,41,0,7,126,0,133,0,8,166,0,174,81,0,81,255
09/04/2013,SAC,CA,AWP,WE,Federal Contract Tower,0,1,51,0,52,0,2,158,0,160,0,3,209,0,212,52,0,52,264
09/05/2013,SAC,CA,AWP,WE,Federal Contract Tower,0,3,48,0,51,0,9,171,0,180,0,12,219,0,231,72,0,72,303
09/06/2013,SAC,CA,AWP,WE,Federal Contract Tower,0,1,58,0,59,0,11,147,0,158,0,12,205,0,217,62,0,62,279
09/07/2013,SAC,CA,AWP,WE,Federal Contract Tower,0,8,11,0,19,0,9,144,0,153,0,17,155,0,172,96,0,96,268
09/08/2013,SAC,CA,AWP,WE,Federal Contract Tower,0,3,27,0,30,0,3,123,0,126,0,6,150,0,156,22,0,22,178
09/09/2013,SAC,CA,AWP,WE,Federal Contract Tower,0,4,27,0,31,0,12,130,0,142,0,16,157,0,173,34,0,34,207
09/10/2013,SAC,CA,AWP,WE,Federal Contract Tower,0,1,54,0,55,0,9,142,0,151,0,10,196,0,206,64,0,64,270
09/11/2013,SAC,CA,AWP,WE,Federal Contract Tower,0,8,48,0,56,0,11,157,0,168,0,19,205,0,224,73,0,73,297
09/12/2013,SAC,CA,AWP,WE,Federal Contract Tower,0,7,45,0,52,0,11,150,0,161,0,18,195,0,213,74,0,74,287
09/13/2013,SAC,CA,AWP,WE,Federal Contract Tower,0,5,39,0,44,0,4,158,1,163,0,9,197,1,207,70,0,70,277
09/14/2013,SAC,CA,AWP,WE,Federal Contract Tower,0,0,61,0,61,0,0,180,0,180,0,0,241,0,241,18,0,18,259
09/15/2013,SAC,CA,AWP,WE,Federal Contract Tower,0,6,24,0,30,0,10,108,0,118,0,16,132,0,148,8,0,8,156
09/16/2013,SAC,CA,AWP,WE,Federal Contract Tower,0,4,59,0,63,0,6,166,0,172,0,10,225,0,235,34,0,34,269
09/17/2013,SAC,CA,AWP,WE,Federal Contract Tower,0,2,41,0,43,0,7,141,0,148,0,9,182,0,191,68,0,68,259
09/18/2013,SAC,CA,AWP,WE,Federal Contract Tower,0,3,39,0,42,0,12,129,0,141,0,15,168,0,183,80,0,80,263
09/19/2013,SAC,CA,AWP,WE,Federal Contract Tower,0,1,44,0,45,0,9,141,0,150,0,10,185,0,195,18,0,18,213
09/20/2013,SAC,CA,AWP,WE,Federal Contract Tower,0,1,24,0,25,0,9,95,0,104,0,10,119,0,129,50,0,50,179
09/21/2013,SAC,CA,AWP,WE,Federal Contract Tower,0,0,9,0,9,0,0,41,0,41,0,0,50,0,50,44,0,44,94
09/22/2013,SAC,CA,AWP,WE,Federal Contract Tower,0,9,42,0,51,0,7,171,0,178,0,16,213,0,229,25,0,25,254
09/23/2013,SAC,CA,AWP,WE,Federal Contract Tower,0,9,40,0,49,0,22,169,0,191,0,31,209,0,240,86,0,86,326
09/24/2013,SAC,CA,AWP,WE,Federal Contract Tower,0,4,44,0,48,0,14,112,0,126,0,18,156,0,174,68,0,68,242
09/25/2013,SAC,CA,AWP,WE,Federal Contract Tower,0,5,74,0,79,0,5,167,0,172,0,10,241,0,251,78,0,78,329
09/26/2013,SAC,CA,AWP,WE,Federal Contract Tower,0,6,47,2,55,0,8,119,3,130,0,14,166,5,185,44,0,44,229
09/27/2013,SAC,CA,AWP,WE,Federal Contract Tower,0,6,60,0,66,0,4,139,0,143,0,10,199,0,209,96,0,96,305
09/28/2013,SAC,CA,AWP,WE,Federal Contract Tower,0,0,41,0,41,0,4,183,0,187,0,4,224,0,228,82,0,82,310
09/29/2013,SAC,CA,AWP,WE,Federal Contract Tower,0,0,21,0,21,0,4,204,0,208,0,4,225,0,229,66,0,66,295
09/30/2013,SAC,CA,AWP,WE,Federal Contract Tower,0,9,67,0,76,0,18,129,0,147,0,27,196,0,223,100,0,100,323
10/01/2013,SAC,CA,AWP,WE,Federal Contract Tower,0,2,35,0,37,0,11,129,0,140,0,13,164,0,177,104,0,104,281
10/02/2013,SAC,CA,AWP,WE,Federal Contract Tower,0,4,80,0,84,0,11,174,0,185,0,15,254,0,269,84,0,84,353
10/03/2013,SAC,CA,AWP,WE,Federal Contract Tower,0,4,28,0,32,0,12,88,0,100,0,16,116,0,132,16,0,16,148
10/04/2013,SAC,CA,AWP,WE,Federal Contract Tower,0,5,11,0,16,0,8,72,0,80,0,13,83,0,96,38,0,38,134
10/05/2013,SAC,CA,AWP,WE,Federal Contract Tower,0,3,21,0,24,0,1,78,0,79,0,4,99,0,103,48,0,48,151
10/06/2013,SAC,CA,AWP,WE,Federal Contract Tower,0,4,15,0,19,0,5,104,0,109,0,9,119,0,128,82,0,82,210
10/07/2013,SAC,CA,AWP,WE,Federal Contract Tower,0,5,22,0,27,0,12,113,0,125,0,17,135,0,152,92,0,92,244
10/08/2013,SAC,CA,AWP,WE,Federal Contract Tower,0,3,47,0,50,0,6,136,0,142,0,9,183,0,192,42,0,42,234
10/09/2013,SAC,CA,AWP,WE,Federal Contract Tower,0,7,34,0,41,0,10,106,0,116,0,17,140,0,157,70,0,70,227
10/10/2013,SAC,CA,AWP,WE,Federal Contract Tower,0,8,77,0,85,0,17,161,0,178,0,25,238,0,263,64,0,64,327
10/11/2013,SAC,CA,AWP,WE,Federal Contract Tower,0,7,66,0,73,0,8,10,0,18,0,15,76,0,91,98,0,98,189
10/12/2013,SAC,CA,AWP,WE,Federal Contract Tower,0,3,50,0,53,0,5,182,0,187,0,8,232,0,240,94,0,94,334
10/13/2013,SAC,CA,AWP,WE,Federal Contract Tower,0,4,36,0,40,0,13,133,0,146,0,17,169,0,186,44,0,44,230
10/14/2013,SAC,CA,AWP,WE,Federal Contract Tower,0,1,42,0,43,0,10,149,0,159,0,11,191,0,202,38,0,38,240
10/15/2013,SAC,CA,AWP,WE,Federal Contract Tower,0,4,46,0,50,0,17,109,0,126,0,21,155,0,176,50,0,50,226
10/16/2013,SAC,CA,AWP,WE,Federal Contract Tower,0,21,30,0,51,0,13,135,0,148,0,34,165,0,199,76,0,76,275
10/17/2013,SAC,CA,AWP,WE,Federal Contract Tower,0,9,27,0,36,0,11,130,0,141,0,20,157,0,177,76,0,76,253
10/18/2013,SAC,CA,AWP,WE,Federal Contract Tower,0,4,34,0,38,0,23,144,0,167,0,27,178,0,205,32,0,32,237
10/19/2013,SAC,CA,AWP,WE,Federal Contract Tower,0,1,43,0,44,0,1,169,0,170,0,2,212,0,214,44,0,44,258
10/20/2013,SAC,CA,AWP,WE,Federal Contract Tower,0,1,33,0,34,0,3,118,0,121,0,4,151,0,155,30,0,30,185
10/21/2013,SAC,CA,AWP,WE,Federal Contract Tower,0,4,21,0,25,0,13,110,0,123,0,17,131,0,148,36,0,36,184
10/22/2013,SAC,CA,AWP,WE,Federal Contract Tower,0,8,17,0,25,0,14,108,0,122,0,22,125,0,147,62,0,62,209
10/23/2013,SAC,CA,AWP,WE,Federal Contract Tower,0,4,44,0,48,0,17,146,0,163,0,21,190,0,211,42,0,42,253
10/24/2013,SAC,CA,AWP,WE,Federal Contract Tower,0,3,40,0,43,0,12,122,2,136,0,15,162,2,179,6,0,6,185
10/25/2013,SAC,CA,AWP,WE,Federal Contract Tower,0,4,26,0,30,0,17,134,0,151,0,21,160,0,181,82,0,82,263
10/26/2013,SAC,CA,AWP,WE,Federal Contract Tower,0,2,38,0,40,0,3,166,0,169,0,5,204,0,209,2,0,2,211
10/27/2013,SAC,CA,AWP,WE,Federal Contract Tower,0,3,20,0,23,0,7,87,0,94,0,10,107,0,117,34,0,34,151
10/28/2013,SAC,CA,AWP,WE,Federal Contract Tower,0,8,20,0,28,0,5,98,0,103,0,13,118,0,131,56,0,56,187
10/29/2013,SAC,CA,AWP,WE,Federal Contract Tower,0,7,52,0,59,0,11,129,0,140,0,18,181,0,199,18,0,18,217
10/30/2013,SAC,CA,AWP,WE,Federal Contract Tower,0,5,49,0,54,0,15,151,0,166,0,20,200,0,220,8,0,8,228
10/31/2013,SAC,CA,AWP,WE,Federal Contract Tower,0,3,39,0,42,0,11,125,0,136,0,14,164,0,178,12,0,12,190
11/01/2013,SAC,CA,AWP,WE,Federal Contract Tower,0,4,60,0,64,0,7,156,0,163,0,11,216,0,227,32,0,32,259
11/02/2013,SAC,CA,AWP,WE,Federal Contract Tower,0,3,48,0,51,0,9,190,0,199,0,12,238,0,250,34,0,34,284
11/03/2013,SAC,CA,AWP,WE,Federal Contract Tower,0,4,20,0,24,0,25,69,0,94,0,29,89,0,118,50,0,50,168
11/04/2013,SAC,CA,AWP,WE,Federal Contract Tower,0,12,22,0,34,0,18,64,0,82,0,30,86,0,116,40,0,40,156
11/05/2013,SAC,CA,AWP,WE,Federal Contract Tower,0,14,38,6,58,0,18,135,5,158,0,32,173,11,216,66,0,66,282
11/06/2013,SAC,CA,AWP,WE,Federal Contract Tower,0,8,49,0,57,0,12,134,0,146,0,20,183,0,203,32,0,32,235
11/07/2013,SAC,CA,AWP,WE,Federal Contract Tower,0,6,26,4,36,0,9,125,4,138,0,15,151,8,174,56,0,56,230
11/08/2013,SAC,CA,AWP,WE,Federal Contract Tower,0,8,35,0,43,0,9,160,1,170,0,17,195,1,213,34,0,34,247
11/09/2013,SAC,CA,AWP,WE,Federal Contract Tower,0,5,31,0,36,0,10,171,4,185,0,15,202,4,221,56,0,56,277
11/10/2013,SAC,CA,AWP,WE,Federal Contract Tower,0,0,34,0,34,0,2,219,0,221,0,2,253,0,255,38,0,38,293
11/11/2013,SAC,CA,AWP,WE,Federal Contract Tower,0,0,27,0,27,0,5,131,0,136,0,5,158,0,163,38,0,38,201
11/12/2013,SAC,CA,AWP,WE,Federal Contract Tower,0,6,29,0,35,0,12,107,0,119,0,18,136,0,154,17,0,17,171
11/13/2013,SAC,CA,AWP,WE,Federal Contract Tower,0,8,50,1,59,0,13,143,2,158,0,21,193,3,217,40,0,40,257
11/14/2013,SAC,CA,AWP,WE,Federal Contract Tower,0,5,36,0,41,0,7,143,2,152,0,12,179,2,193,22,0,22,215
11/15/2013,SAC,CA,AWP,WE,Federal Contract Tower,0,2,30,4,36,0,12,106,1,119,0,14,136,5,155,50,0,50,205
11/16/2013,SAC,CA,AWP,WE,Federal Contract Tower,0,16,46,0,62,0,16,182,0,198,0,32,228,0,260,44,0,44,304
11/17/2013,SAC,CA,AWP,WE,Federal Contract Tower,0,2,27,0,29,0,0,134,0,134,0,2,161,0,163,68,0,68,231
11/18/2013,SAC,CA,AWP,WE,Federal Contract Tower,0,14,42,0,56,0,24,148,0,172,0,38,190,0,228,50,0,50,278
11/19/2013,SAC,CA,AWP,WE,Federal Contract Tower,0,12,32,0,44,0,16,66,0,82,0,28,98,0,126,12,0,12,138
11/20/2013,SAC,CA,AWP,WE,Federal Contract Tower,0,13,39,0,52,0,5,18,0,23,0,18,57,0,75,10,0,10,85
11/21/2013,SAC,CA,AWP,WE,Federal Contract Tower,0,7,20,0,27,0,10,56,0,66,0,17,76,0,93,6,0,6,99
11/22/2013,SAC,CA,AWP,WE,Federal Contract Tower,0,3,24,0,27,0,24,75,0,99,0,27,99,0,126,10,0,10,136
11/23/2013,SAC,CA,AWP,WE,Federal Contract Tower,0,6,60,1,67,0,8,184,1,193,0,14,244,2,260,76,4,80,340
11/24/2013,SAC,CA,AWP,WE,Federal Contract Tower,0,2,52,0,54,0,7,192,1,200,0,9,244,1,254,64,0,64,318
11/25/2013,SAC,CA,AWP,WE,Federal Contract Tower,0,20,51,0,71,0,31,137,0,168,0,51,188,0,239,40,0,40,279
11/26/2013,SAC,CA,AWP,WE,Federal Contract Tower,0,15,37,0,52,0,26,122,0,148,0,41,159,0,200,58,0,58,258
11/27/2013,SAC,CA,AWP,WE,Federal Contract Tower,0,14,21,0,35,0,12,113,0,125,0,26,134,0,160,16,0,16,176
11/28/2013,SAC,CA,AWP,WE,Federal Contract Tower,0,3,8,0,11,0,4,40,0,44,0,7,48,0,55,22,0,22,77
11/29/2013,SAC,CA,AWP,WE,Federal Contract Tower,0,2,45,1,48,0,8,151,3,162,0,10,196,4,210,52,0,52,262
11/30/2013,SAC,CA,AWP,WE,Federal Contract Tower,0,1,26,0,27,0,9,150,0,159,0,10,176,0,186,42,0,42,228
12/01/2013,SAC,CA,AWP,WE,Federal Contract Tower,0,0,34,0,34,0,3,115,0,118,0,3,149,0,152,101,0,101,253
12/02/2013,SAC,CA,AWP,WE,Federal Contract Tower,0,15,29,0,44,0,13,118,0,131,0,28,147,0,175,48,0,48,223
12/03/2013,SAC,CA,AWP,WE,Federal Contract Tower,0,10,19,0,29,0,10,61,0,71,0,20,80,0,100,38,0,38,138
12/04/2013,SAC,CA,AWP,WE,Federal Contract Tower,0,13,39,4,56,0,14,128,4,146,0,27,167,8,202,10,0,10,212
12/05/2013,SAC,CA,AWP,WE,Federal Contract Tower,0,18,45,4,67,0,25,145,5,175,0,43,190,9,242,40,0,40,282
12/06/2013,SAC,CA,AWP,WE,Federal Contract Tower,0,16,49,0,65,0,14,103,0,117,0,30,152,0,182,14,0,14,196
12/07/2013,SAC,CA,AWP,WE,Federal Contract Tower,0,5,38,5,48,0,3,84,0,87,0,8,122,5,135,52,0,52,187
12/08/2013,SAC,CA,AWP,WE,Federal Contract Tower,0,2,54,0,56,0,6,155,2,163,0,8,209,2,219,20,0,20,239
12/09/2013,SAC,CA,AWP,WE,Federal Contract Tower,0,3,37,0,40,0,10,102,0,112,0,13,139,0,152,44,0,44,196
12/10/2013,SAC,CA,AWP,WE,Federal Contract Tower,0,6,23,0,29,0,7,112,1,120,0,13,135,1,149,32,0,32,181
12/11/2013,SAC,CA,AWP,WE,Federal Contract Tower,0,6,72,2,80,0,6,121,2,129,0,12,193,4,209,40,0,40,249
12/12/2013,SAC,CA,AWP,WE,Federal Contract Tower,0,6,51,0,57,0,4,147,0,151,0,10,198,0,208,48,0,48,256
12/13/2013,SAC,CA,AWP,WE,Federal Contract Tower,0,7,36,0,43,0,8,169,0,177,0,15,205,0,220,96,0,96,316
12/14/2013,SAC,CA,AWP,WE,Federal Contract Tower,0,1,40,0,41,0,11,159,0,170,0,12,199,0,211,44,0,44,255
12/15/2013,SAC,CA,AWP,WE,Federal Contract Tower,0,0,23,0,23,0,0,141,0,141,0,0,164,0,164,32,0,32,196
12/16/2013,SAC,CA,AWP,WE,Federal Contract Tower,0,11,28,0,39,0,20,130,0,150,0,31,158,0,189,56,0,56,245
12/17/2013,SAC,CA,AWP,WE,Federal Contract Tower,0,14,41,0,55,0,24,157,0,181,0,38,198,0,236,70,0,70,306
12/18/2013,SAC,CA,AWP,WE,Federal Contract Tower,0,4,40,0,44,0,10,148,0,158,0,14,188,0,202,58,0,58,260
12/19/2013,SAC,CA,AWP,WE,Federal Contract Tower,0,9,23,2,34,0,14,69,2,85,0,23,92,4,119,12,0,12,131
12/20/2013,SAC,CA,AWP,WE,Federal Contract Tower,0,15,40,0,55,0,26,123,0,149,0,41,163,0,204,70,0,70,274
12/21/2013,SAC,CA,AWP,WE,Federal Contract Tower,0,4,63,0,67,0,6,171,0,177,0,10,234,0,244,56,0,56,300
12/22/2013,SAC,CA,AWP,WE,Federal Contract Tower,0,2,36,0,38,0,12,119,0,131,0,14,155,0,169,70,0,70,239
12/23/2013,SAC,CA,AWP,WE,Federal Contract Tower,0,8,42,0,50,0,16,172,0,188,0,24,214,0,238,42,0,42,280
12/24/2013,SAC,CA,AWP,WE,Federal Contract Tower,0,4,13,0,17,0,9,72,0,81,0,13,85,0,98,18,0,18,116
12/25/2013,SAC,CA,AWP,WE,Federal Contract Tower,0,0,1,0,1,0,2,25,0,27,0,2,26,0,28,28,0,28,56
12/26/2013,SAC,CA,AWP,WE,Federal Contract Tower,0,4,24,0,28,0,15,126,0,141,0,19,150,0,169,40,0,40,209
12/27/2013,SAC,CA,AWP,WE,Federal Contract Tower,0,7,69,0,76,0,6,168,0,174,0,13,237,0,250,42,0,42,292
12/28/2013,SAC,CA,AWP,WE,Federal Contract Tower,0,9,44,0,53,0,11,182,0,193,0,20,226,0,246,30,0,30,276
12/29/2013,SAC,CA,AWP,WE,Federal Contract Tower,0,5,33,0,38,0,7,115,0,122,0,12,148,0,160,69,0,69,229
12/30/2013,SAC,CA,AWP,WE,Federal Contract Tower,0,8,20,0,28,0,14,109,0,123,0,22,129,0,151,18,0,18,169
12/31/2013,SAC,CA,AWP,WE,Federal Contract Tower,0,5,18,0,23,0,10,96,0,106,0,15,114,0,129,6,0,6,135
01/01/2014,SAC,CA,AWP,WE,Federal Contract Tower,0,2,14,0,16,0,7,69,0,76,0,9,83,0,92,18,0,18,110
01/02/2014,SAC,CA,AWP,WE,Federal Contract Tower,0,2,31,0,33,0,2,121,0,123,0,4,152,0,156,44,0,44,200
01/03/2014,SAC,CA,AWP,WE,Federal Contract Tower,0,7,21,4,32,0,9,135,6,150,0,16,156,10,182,16,0,16,198
01/04/2014,SAC,CA,AWP,WE,Federal Contract Tower,0,0,54,0,54,0,7,147,0,154,0,7,201,0,208,12,0,12,220
01/05/2014,SAC,CA,AWP,WE,Federal Contract Tower,0,3,15,0,18,0,15,117,0,132,0,18,132,0,150,46,0,46,196
01/06/2014,SAC,CA,AWP,WE,Federal Contract Tower,0,0,17,0,17,0,14,83,0,97,0,14,100,0,114,6,0,6,120
01/07/2014,SAC,CA,AWP,WE,Federal Contract Tower,0,5,32,0,37,0,10,139,2,151,0,15,171,2,188,34,0,34,222
01/08/2014,SAC,CA,AWP,WE,Federal Contract Tower,0,6,36,2,44,0,16,84,2,102,0,22,120,4,146,26,0,26,172
01/09/2014,SAC,CA,AWP,WE,Federal Contract Tower,0,8,41,2,51,0,10,97,2,109,0,18,138,4,160,16,0,16,176
01/10/2014,SAC,CA,AWP,WE,Federal Contract Tower,0,3,23,2,28,0,5,159,1,165,0,8,182,3,193,90,0,90,283
01/11/2014,SAC,CA,AWP,WE,Federal Contract Tower,0,3,34,0,37,0,2,82,0,84,0,5,116,0,121,76,0,76,197
01/12/2014,SAC,CA,AWP,WE,Federal Contract Tower,0,1,20,0,21,0,0,108,0,108,0,1,128,0,129,60,0,60,189
01/13/2014,SAC,CA,AWP,WE,Federal Contract Tower,0,13,26,0,39,0,11,113,0,124,0,24,139,0,163,52,0,52,215
01/14/2014,SAC,CA,AWP,WE,Federal Contract Tower,0,7,43,0,50,0,9,140,0,149,0,16,183,0,199,28,0,28,227
01/15/2014,SAC,CA,AWP,WE,Federal Contract Tower,0,8,61,0,69,0,10,151,0,161,0,18,212,0,230,10,0,10,240
01/16/2014,SAC,CA,AWP,WE,Federal Contract Tower,0,2,29,0,31,0,7,136,0,143,0,9,165,0,174,36,0,36,210
01/17/2014,SAC,CA,AWP,WE,Federal Contract Tower,0,6,34,0,40,0,6,114,0,120,0,12,148,0,160,54,0,54,214
01/18/2014,SAC,CA,AWP,WE,Federal Contract Tower,0,3,39,0,42,0,7,182,0,189,0,10,221,0,231,24,0,24,255
01/19/2014,SAC,CA,AWP,WE,Federal Contract Tower,0,2,31,0,33,0,7,124,0,131,0,9,155,0,164,36,0,36,200
01/20/2014,SAC,CA,AWP,WE,Federal Contract Tower,0,4,29,0,33,0,8,181,0,189,0,12,210,0,222,68,0,68,290
01/21/2014,SAC,CA,AWP,WE,Federal Contract Tower,0,5,33,0,38,0,12,131,0,143,0,17,164,0,181,20,0,20,201
01/22/2014,SAC,CA,AWP,WE,Federal Contract Tower,0,3,42,0,45,0,7,135,0,142,0,10,177,0,187,30,0,30,217
01/23/2014,SAC,CA,AWP,WE,Federal Contract Tower,0,4,35,2,41,0,15,143,2,160,0,19,178,4,201,24,0,24,225
01/24/2014,SAC,CA,AWP,WE,Federal Contract Tower,0,4,30,0,34,0,7,141,0,148,0,11,171,0,182,29,0,29,211
01/25/2014,SAC,CA,AWP,WE,Federal Contract Tower,0,2,38,0,40,0,1,195,0,196,0,3,233,0,236,30,0,30,266
01/26/2014,SAC,CA,AWP,WE,Federal Contract Tower,0,0,50,0,50,0,6,159,0,165,0,6,209,0,215,34,0,34,249
01/27/2014,SAC,CA,AWP,WE,Federal Contract Tower,0,5,48,0,53,0,8,136,0,144,0,13,184,0,197,26,0,26,223
01/28/2014,SAC,CA,AWP,WE,Federal Contract Tower,0,6,50,0,56,0,15,115,0,130,0,21,165,0,186,22,0,22,208
01/29/2014,SAC,CA,AWP,WE,Federal Contract Tower,0,16,73,0,89,0,7,55,0,62,0,23,128,0,151,50,0,50,201
01/30/2014,SAC,CA,AWP,WE,Federal Contract Tower,0,10,53,0,63,0,9,100,0,109,0,19,153,0,172,36,0,36,208
01/31/2014,SAC,CA,AWP,WE,Federal Contract Tower,0,2,22,0,24,0,2,126,0,128,0,4,148,0,152,47,0,47,199
02/01/2014,SAC,CA,AWP,WE,Federal Contract Tower,0,1,49,0,50,0,5,170,0,175,0,6,219,0,225,40,0,40,265
02/02/2014,SAC,CA,AWP,WE,Federal Contract Tower,0,6,13,0,19,0,8,54,0,62,0,14,67,0,81,6,0,6,87
02/03/2014,SAC,CA,AWP,WE,Federal Contract Tower,0,3,17,0,20,0,10,78,0,88,0,13,95,0,108,68,0,68,176
02/04/2014,SAC,CA,AWP,WE,Federal Contract Tower,0,9,27,0,36,0,10,118,0,128,0,19,145,0,164,28,0,28,192
02/05/2014,SAC,CA,AWP,WE,Federal Contract Tower,0,6,18,0,24,0,6,119,2,127,0,12,137,2,151,88,0,88,239
02/06/2014,SAC,CA,AWP,WE,Federal Contract Tower,0,10,58,0,68,0,9,58,0,67,0,19,116,0,135,62,0,62,197
02/07/2014,SAC,CA,AWP,WE,Federal Contract Tower,0,2,50,0,52,0,0,27,0,27,0,2,77,0,79,32,0,32,111
02/08/2014,SAC,CA,AWP,WE,Federal Contract Tower,0,0,25,0,25,0,0,1,0,1,0,0,26,0,26,0,0,0,26
02/09/2014,SAC,CA,AWP,WE,Federal Contract Tower,0,4,19,0,23,0,1,4,0,5,0,5,23,0,28,0,0,0,28
02/10/2014,SAC,CA,AWP,WE,Federal Contract Tower,0,10,63,0,73,0,9,61,0,70,0,19,124,0,143,80,0,80,223
02/11/2014,SAC,CA,AWP,WE,Federal Contract Tower,0,12,71,0,83,0,17,126,0,143,0,29,197,0,226,66,0,66,292
02/12/2014,SAC,CA,AWP,WE,Federal Contract Tower,0,9,50,3,62,0,11,130,4,145,0,20,180,7,207,100,0,100,307
02/13/2014,SAC,CA,AWP,WE,Federal Contract Tower,0,6,58,0,64,0,8,134,0,142,0,14,192,0,206,78,0,78,284
02/14/2014,SAC,CA,AWP,WE,Federal Contract Tower,0,7,63,0,70,0,4,84,0,88,0,11,147,0,158,56,0,56,214
02/15/2014,SAC,CA,AWP,WE,Federal Contract Tower,0,2,61,0,63,0,2,116,0,118,0,4,177,0,181,22,0,22,203
02/16/2014,SAC,CA,AWP,WE,Federal Contract Tower,0,0,55,0,55,0,6,146,0,152,0,6,201,0,207,48,0,48,255
02/17/2014,SAC,CA,AWP,WE,Federal Contract Tower,0,3,37,0,40,0,5,194,0,199,0,8,231,0,239,90,0,90,329
02/18/2014,SAC,CA,AWP,WE,Federal Contract Tower,0,3,31,1,35,0,6,99,2,107,0,9,130,3,142,26,6,32,174
02/19/2014,SAC,CA,AWP,WE,Federal Contract Tower,0,3,47,2,52,0,10,118,2,130,0,13,165,4,182,66,0,66,248
02/20/2014,SAC,CA,AWP,WE,Federal Contract Tower,0,4,36,0,40,0,13,163,1,177,0,17,199,1,217,36,0,36,253
02/21/2014,SAC,CA,AWP,WE,Federal Contract Tower,0,3,47,0,50,0,2,201,1,204,0,5,248,1,254,46,0,46,300
02/22/2014,SAC,CA,AWP,WE,Federal Contract Tower,0,3,45,0,48,0,0,202,0,202,0,3,247,0,250,28,0,28,278
02/23/2014,SAC,CA,AWP,WE,Federal Contract Tower,0,1,31,0,32,0,9,175,0,184,0,10,206,0,216,68,0,68,284
02/24/2014,SAC,CA,AWP,WE,Federal Contract Tower,0,2,29,0,31,0,6,148,0,154,0,8,177,0,185,66,0,66,251
02/25/2014,SAC,CA,AWP,WE,Federal Contract Tower,0,4,28,0,32,0,11,146,0,157,0,15,174,0,189,92,0,92,281
02/26/2014,SAC,CA,AWP,WE,Federal Contract Tower,0,4,32,0,36,0,7,38,0,45,0,11,70,0,81,4,0,4,85
02/27/2014,SAC,CA,AWP,WE,Federal Contract Tower,0,10,50,0,60,0,6,85,2,93,0,16,135,2,153,18,0,18,171
02/28/2014,SAC,CA,AWP,WE,Federal Contract Tower,0,7,39,2,48,0,4,37,2,43,0,11,76,4,91,0,0,0,91
03/01/2014,SAC,CA,AWP,WE,Federal Contract Tower,0,3,20,0,23,0,0,0,0,0,0,3,20,0,23,10,0,10,33
03/02/2014,SAC,CA,AWP,WE,Federal Contract Tower,0,4,32,0,36,0,3,64,0,67,0,7,96,0,103,16,0,16,119
03/03/2014,SAC,CA,AWP,WE,Federal Contract Tower,0,7,29,0,36,0,6,53,0,59,0,13,82,0,95,32,0,32,127
03/04/2014,SAC,CA,AWP,WE,Federal Contract Tower,0,7,61,0,68,0,10,72,0,82,0,17,133,0,150,34,0,34,184
03/05/2014,SAC,CA,AWP,WE,Federal Contract Tower,0,6,52,0,58,0,4,100,0,104,0,10,152,0,162,40,0,40,202
03/06/2014,SAC,CA,AWP,WE,Federal Contract Tower,0,3,55,0,58,0,10,145,0,155,0,13,200,0,213,54,0,54,267
03/07/2014,SAC,CA,AWP,WE,Federal Contract Tower,0,5,58,2,65,0,3,223,2,228,0,8,281,4,293,88,0,88,381
03/08/2014,SAC,CA,AWP,WE,Federal Contract Tower,0,2,73,2,77,0,7,266,2,275,0,9,339,4,352,88,0,88,440
03/09/2014,SAC,CA,AWP,WE,Federal Contract Tower,0,1,55,0,56,0,4,144,0,148,0,5,199,0,204,54,0,54,258
03/10/2014,SAC,CA,AWP,WE,Federal Contract Tower,0,3,38,0,41,0,7,102,0,109,0,10,140,0,150,20,0,20,170
03/11/2014,SAC,CA,AWP,WE,Federal Contract Tower,0,3,22,0,25,0,5,74,3,82,0,8,96,3,107,2,0,2,109
03/12/2014,SAC,CA,AWP,WE,Federal Contract Tower,0,3,31,0,34,0,14,123,0,137,0,17,154,0,171,32,0,32,203
03/13/2014,SAC,CA,AWP,WE,Federal Contract Tower,0,1,34,0,35,0,5,177,0,182,0,6,211,0,217,12,0,12,229
03/14/2014,SAC,CA,AWP,WE,Federal Contract Tower,0,6,45,0,51,0,9,181,0,190,0,15,226,0,241,36,0,36,277
03/15/2014,SAC,CA,AWP,WE,Federal Contract Tower,0,3,41,0,44,0,9,197,0,206,0,12,238,0,250,48,0,48,298
03/16/2014,SAC,CA,AWP,WE,Federal Contract Tower,0,1,32,0,33,0,4,203,0,207,0,5,235,0,240,66,0,66,306
03/17/2014,SAC,CA,AWP,WE,Federal Contract Tower,0,3,26,0,29,0,10,90,0,100,0,13,116,0,129,12,0,12,141
03/18/2014,SAC,CA,AWP,WE,Federal Contract Tower,0,2,45,0,47,0,4,135,0,139,0,6,180,0,186,28,0,28,214
03/19/2014,SAC,CA,AWP,WE,Federal Contract Tower,0,2,53,0,55,0,13,171,0,184,0,15,224,0,239,66,0,66,305
03/20/2014,SAC,CA,AWP,WE,Federal Contract Tower,0,7,32,0,39,0,15,152,6,173,0,22,184,6,212,48,0,48,260
03/21/2014,SAC,CA,AWP,WE,Federal Contract Tower,0,6,30,0,36,0,3,122,0,125,0,9,152,0,161,54,0,54,215
03/22/2014,SAC,CA,AWP,WE,Federal Contract Tower,0,3,39,0,42,0,9,186,5,200,0,12,225,5,242,28,0,28,270
03/23/2014,SAC,CA,AWP,WE,Federal Contract Tower,0,0,15,0,15,0,5,196,0,201,0,5,211,0,216,56,0,56,272
03/24/2014,SAC,CA,AWP,WE,Federal Contract Tower,0,3,34,2,39,0,6,138,2,146,0,9,172,4,185,24,0,24,209
03/25/2014,SAC,CA,AWP,WE,Federal Contract Tower,0,7,31,0,38,0,7,85,0,92,0,14,116,0,130,68,0,68,198
03/26/2014,SAC,CA,AWP,WE,Federal Contract Tower,0,7,29,4,40,0,8,42,4,54,0,15,71,8,94,8,0,8,102
03/27/2014,SAC,CA,AWP,WE,Federal Contract Tower,0,4,40,0,44,0,7,121,0,128,0,11,161,0,172,12,0,12,184
03/28/2014,SAC,CA,AWP,WE,Federal Contract Tower,0,4,41,0,45,0,13,151,2,166,0,17,192,2,211,44,0,44,255
03/29/2014,SAC,CA,AWP,WE,Federal Contract Tower,0,5,12,0,17,0,1,20,0,21,0,6,32,0,38,16,0,16,54
03/30/2014,SAC,CA,AWP,WE,Federal Contract Tower,0,2,44,0,46,0,4,136,0,140,0,6,180,0,186,90,0,90,276
03/31/2014,SAC,CA,AWP,WE,Federal Contract Tower,0,8,12,0,20,0,7,35,0,42,0,15,47,0,62,40,0,40,102
04/01/2014,SAC,CA,AWP,WE,Federal Contract Tower,0,9,14,4,27,0,8,34,4,46,0,17,48,8,73,10,0,10,83
04/02/2014,SAC,CA,AWP,WE,Federal Contract Tower,0,3,62,0,65,0,8,182,0,190,0,11,244,0,255,68,0,68,323
04/03/2014,SAC,CA,AWP,WE,Federal Contract Tower,0,8,47,0,55,0,14,169,0,183,0,22,216,0,238,76,0,76,314
04/04/2014,SAC,CA,AWP,WE,Federal Contract Tower,0,4,32,0,36,0,2,65,1,68,0,6,97,1,104,122,0,122,226
04/05/2014,SAC,CA,AWP,WE,Federal Contract Tower,0,2,36,0,38,0,6,160,1,167,0,8,196,1,205,56,0,56,261
04/06/2014,SAC,CA,AWP,WE,Federal Contract Tower,0,0,37,0,37,0,8,144,0,152,0,8,181,0,189,10,0,10,199
04/07/2014,SAC,CA,AWP,WE,Federal Contract Tower,0,6,41,0,47,0,8,165,0,173,0,14,206,0,220,28,0,28,248
04/08/2014,SAC,CA,AWP,WE,Federal Contract Tower,0,7,44,2,53,0,7,174,2,183,0,14,218,4,236,68,0,68,304
04/09/2014,SAC,CA,AWP,WE,Federal Contract Tower,0,8,38,0,46,0,15,178,0,193,0,23,216,0,239,98,0,98,337
04/10/2014,SAC,CA,AWP,WE,Federal Contract Tower,0,4,33,0,37,0,13,152,2,167,0,17,185,2,204,28,0,28,232
04/11/2014,SAC,CA,AWP,WE,Federal Contract Tower,0,3,51,0,54,0,13,196,0,209,0,16,247,0,263,46,0,46,309
04/12/2014,SAC,CA,AWP,WE,Federal Contract Tower,0,0,34,0,34,0,5,172,1,178,0,5,206,1,212,68,0,68,280
04/13/2014,SAC,CA,AWP,WE,Federal Contract Tower,0,1,55,0,56,0,13,170,0,183,0,14,225,0,239,68,0,68,307
04/14/2014,SAC,CA,AWP,WE,Federal Contract Tower,0,3,17,0,20,0,8,96,0,104,0,11,113,0,124,62,0,62,186
04/15/2014,SAC,CA,AWP,WE,Federal Contract Tower,0,4,49,8,61,0,10,184,8,202,0,14,233,16,263,124,0,124,387
04/16/2014,SAC,CA,AWP,WE,Federal Contract Tower,0,8,58,0,66,0,7,201,0,208,0,15,259,0,274,22,0,22,296
04/17/2014,SAC,CA,AWP,WE,Federal Contract Tower,0,4,42,2,48,0,8,167,3,178,0,12,209,5,226,74,0,74,300
04/18/2014,SAC,CA,AWP,WE,Federal Contract Tower,0,3,35,2,40,0,7,203,2,212,0,10,238,4,252,54,0,54,306
04/19/2014,SAC,CA,AWP,WE,Federal Contract Tower,0,1,34,0,35,0,2,172,2,176,0,3,206,2,211,90,0,90,301
04/20/2014,SAC,CA,AWP,WE,Federal Contract Tower,0,0,12,0,12,0,5,103,0,108,0,5,115,0,120,8,0,8,128
04/21/2014,SAC,CA,AWP,WE,Federal Contract Tower,0,7,27,1,35,0,9,127,0,136,0,16,154,1,171,74,0,74,245
04/22/2014,SAC,CA,AWP,WE,Federal Contract Tower,0,7,31,3,41,0,10,131,4,145,0,17,162,7,186,88,0,88,274
04/23/2014,SAC,CA,AWP,WE,Federal Contract Tower,0,4,48,0,52,0,9,193,3,205,0,13,241,3,257,50,0,50,307
04/24/2014,SAC,CA,AWP,WE,Federal Contract Tower,0,3,52,0,55,0,13,56,0,69,0,16,108,0,124,56,0,56,180
04/25/2014,SAC,CA,AWP,WE,Federal Contract Tower,0,7,17,1,25,0,1,24,1,26,0,8,41,2,51,20,0,20,71
04/26/2014,SAC,CA,AWP,WE,Federal Contract Tower,0,3,49,0,52,0,135,0,0,135,0,138,49,0,187,12,0,12,199
04/27/2014,SAC,CA,AWP,WE,Federal Contract Tower,0,1,34,0,35,0,9,107,0,116,0,10,141,0,151,34,0,34,185
04/28/2014,SAC,CA,AWP,WE,Federal Contract Tower,0,4,34,0,38,0,16,134,0,150,0,20,168,0,188,72,0,72,260
04/29/2014,SAC,CA,AWP,WE,Federal Contract Tower,0,3,38,4,45,0,4,172,2,178,0,7,210,6,223,14,0,14,237
04/30/2014,SAC,CA,AWP,WE,Federal Contract Tower,0,8,30,4,42,0,10,151,4,165,0,18,181,8,207,60,0,60,267
05/01/2014,SAC,CA,AWP,WE,Federal Contract Tower,0,12,40,0,52,0,19,190,0,209,0,31,230,0,261,54,0,54,315
05/02/2014,SAC,CA,AWP,WE,Federal Contract Tower,0,4,42,0,46,0,7,213,0,220,0,11,255,0,266,82,0,82,348
05/03/2014,SAC,CA,AWP,WE,Federal Contract Tower,0,0,27,0,27,0,10,161,0,171,0,10,188,0,198,60,0,60,258
05/04/2014,SAC,CA,AWP,WE,Federal Contract Tower,0,1,23,0,24,0,6,125,0,131,0,7,148,0,155,24,0,24,179
05/05/2014,SAC,CA,AWP,WE,Federal Contract Tower,0,5,28,2,35,0,11,118,0,129,0,16,146,2,164,116,0,116,280
05/06/2014,SAC,CA,AWP,WE,Federal Contract Tower,0,1,41,0,42,0,2,152,0,154,0,3,193,0,196,52,0,52,248
05/07/2014,SAC,CA,AWP,WE,Federal Contract Tower,0,3,43,2,48,0,8,163,2,173,0,11,206,4,221,104,0,104,325
05/08/2014,SAC,CA,AWP,WE,Federal Contract Tower,0,4,50,2,56,0,7,117,2,126,0,11,167,4,182,58,0,58,240
05/09/2014,SAC,CA,AWP,WE,Federal Contract Tower,0,25,12,0,37,0,4,156,0,160,0,29,168,0,197,134,0,134,331
05/10/2014,SAC,CA,AWP,WE,Federal Contract Tower,0,0,48,0,48,0,10,156,0,166,0,10,204,0,214,2,0,2,216
05/11/2014,SAC,CA,AWP,WE,Federal Contract Tower,0,1,13,0,14,0,3,64,0,67,0,4,77,0,81,0,0,0,81
05/12/2014,SAC,CA,AWP,WE,Federal Contract Tower,0,3,41,0,44,0,9,161,0,170,0,12,202,0,214,26,0,26,240
05/13/2014,SAC,CA,AWP,WE,Federal Contract Tower,0,8,74,0,82,0,3,199,0,202,0,11,273,0,284,46,0,46,330
05/14/2014,SAC,CA,AWP,WE,Federal Contract Tower,0,1,59,2,62,0,6,199,2,207,0,7,258,4,269,144,0,144,413
05/15/2014,SAC,CA,AWP,WE,Federal Contract Tower,0,10,60,0,70,0,15,215,0,230,0,25,275,0,300,94,0,94,394
05/16/2014,SAC,CA,AWP,WE,Federal Contract Tower,0,13,24,1,38,0,17,124,0,141,0,30,148,1,179,56,0,56,235
05/17/2014,SAC,CA,AWP,WE,Federal Contract Tower,0,3,45,0,48,0,10,180,1,191,0,13,225,1,239,72,0,72,311
05/18/2014,SAC,CA,AWP,WE,Federal Contract Tower,0,5,50,0,55,0,13,155,0,168,0,18,205,0,223,78,0,78,301
05/19/2014,SAC,CA,AWP,WE,Federal Contract Tower,0,1,31,0,32,0,10,116,0,126,0,11,147,0,158,86,0,86,244
05/20/2014,SAC,CA,AWP,WE,Federal Contract Tower,0,15,45,0,60,0,24,147,0,171,0,39,192,0,231,70,0,70,301
05/21/2014,SAC,CA,AWP,WE,Federal Contract Tower,0,16,47,0,63,0,21,186,0,207,0,37,233,0,270,70,0,70,340
05/22/2014,SAC,CA,AWP,WE,Federal Contract Tower,0,4,45,0,49,0,13,192,0,205,0,17,237,0,254,90,6,96,350
05/23/2014,SAC,CA,AWP,WE,Federal Contract Tower,0,9,46,0,55,0,19,211,0,230,0,28,257,0,285,88,0,88,373
05/24/2014,SAC,CA,AWP,WE,Federal Contract Tower,0,0,59,1,60,0,13,196,7,216,0,13,255,8,276,50,4,54,330
05/25/2014,SAC,CA,AWP,WE,Federal Contract Tower,0,0,15,2,17,0,2,117,2,121,0,2,132,4,138,14,0,14,152
05/26/2014,SAC,CA,AWP,WE,Federal Contract Tower,0,1,23,0,24,0,8,125,0,133,0,9,148,0,157,26,0,26,183
05/27/2014,SAC,CA,AWP,WE,Federal Contract Tower,0,2,29,2,33,0,10,157,0,167,0,12,186,2,200,24,0,24,224
05/28/2014,SAC,CA,AWP,WE,Federal Contract Tower,0,6,27,0,33,0,9,133,0,142,0,15,160,0,175,70,0,70,245
05/29/2014,SAC,CA,AWP,WE,Federal Contract Tower,0,6,25,6,37,0,10,153,6,169,0,16,178,12,206,46,0,46,252
05/30/2014,SAC,CA,AWP,WE,Federal Contract Tower,0,3,22,0,25,0,0,1,0,1,0,3,23,0,26,56,0,56,82
05/31/2014,SAC,CA,AWP,WE,Federal Contract Tower,0,0,33,0,33,0,9,181,1,191,0,9,214,1,224,80,0,80,304
06/01/2014,SAC,CA,AWP,WE,Federal Contract Tower,0,0,31,0,31,0,6,130,4,140,0,6,161,4,171,16,4,20,191
06/02/2014,SAC,CA,AWP,WE,Federal Contract Tower,0,6,50,0,56,0,19,135,1,155,0,25,185,1,211,24,0,24,235
06/03/2014,SAC,CA,AWP,WE,Federal Contract Tower,0,1,61,0,62,0,5,179,0,184,0,6,240,0,246,50,0,50,296
06/04/2014,SAC,CA,AWP,WE,Federal Contract Tower,0,2,61,0,63,0,6,211,0,217,0,8,272,0,280,28,0,28,308
06/05/2014,SAC,CA,AWP,WE,Federal Contract Tower,0,0,47,0,47,0,2,205,1,208,0,2,252,1,255,44,0,44,299
06/06/2014,SAC,CA,AWP,WE,Federal Contract Tower,0,0,29,0,29,0,4,216,1,221,0,4,245,1,250,66,0,66,316
06/07/2014,SAC,CA,AWP,WE,Federal Contract Tower,0,1,27,0,28,0,9,168,2,179,0,10,195,2,207,52,0,52,259
06/08/2014,SAC,CA,AWP,WE,Federal Contract Tower,0,0,31,0,31,0,3,123,0,126,0,3,154,0,157,42,0,42,199
06/09/2014,SAC,CA,AWP,WE,Federal Contract Tower,0,2,38,0,40,0,11,114,0,125,0,13,152,0,165,34,0,34,199
06/10/2014,SAC,CA,AWP,WE,Federal Contract Tower,0,1,31,0,32,0,5,141,0,146,0,6,172,0,178,56,0,56,234
06/11/2014,SAC,CA,AWP,WE,Federal Contract Tower,0,0,24,0,24,0,6,185,0,191,0,6,209,0,215,38,0,38,253
06/12/2014,SAC,CA,AWP,WE,Federal Contract Tower,0,0,31,0,31,0,5,149,0,154,0,5,180,0,185,40,0,40,225
06/13/2014,SAC,CA,AWP,WE,Federal Contract Tower,0,3,56,0,59,0,6,197,0,203,0,9,253,0,262,52,0,52,314
06/14/2014,SAC,CA,AWP,WE,Federal Contract Tower,0,3,41,0,44,0,4,157,2,163,0,7,198,2,207,54,0,54,261
06/15/2014,SAC,CA,AWP,WE,Federal Contract Tower,0,0,23,0,23,0,2,153,0,155,0,2,176,0,178,58,0,58,236
06/16/2014,SAC,CA,AWP,WE,Federal Contract Tower,0,7,67,0,74,0,10,194,0,204,0,17,261,0,278,42,0,42,320
06/17/2014,SAC,CA,AWP,WE,Federal Contract Tower,0,5,19,0,24,0,10,142,1,153,0,15,161,1,177,50,0,50,227
06/18/2014,SAC,CA,AWP,WE,Federal Contract Tower,0,2,40,1,43,0,8,197,2,207,0,10,237,3,250,94,0,94,344
06/19/2014,SAC,CA,AWP,WE,Federal Contract Tower,0,1,40,0,41,0,13,173,1,187,0,14,213,1,228,74,0,74,302
06/20/2014,SAC,CA,AWP,WE,Federal Contract Tower,0,4,21,0,25,0,9,132,0,141,0,13,153,0,166,78,0,78,244
06/21/2014,SAC,CA,AWP,WE,Federal Contract Tower,0,0,24,0,24,0,2,194,0,196,0,2,218,0,220,36,0,36,256
06/22/2014,SAC,CA,AWP,WE,Federal Contract Tower,0,1,16,0,17,0,4,144,0,148,0,5,160,0,165,22,0,22,187
06/23/2014,SAC,CA,AWP,WE,Federal Contract Tower,0,11,33,0,44,0,12,157,0,169,0,23,190,0,213,60,0,60,273
06/24/2014,SAC,CA,AWP,WE,Federal Contract Tower,0,0,30,0,30,0,5,184,1,190,0,5,214,1,220,62,0,62,282
06/25/2014,SAC,CA,AWP,WE,Federal Contract Tower,0,8,40,0,48,0,9,170,0,179,0,17,210,0,227,56,0,56,283
06/26/2014,SAC,CA,AWP,WE,Federal Contract Tower,0,6,40,0,46,0,16,191,0,207,0,22,231,0,253,78,0,78,331
06/27/2014,SAC,CA,AWP,WE,Federal Contract Tower,0,3,51,0,54,0,11,209,0,220,0,14,260,0,274,30,0,30,304
06/28/2014,SAC,CA,AWP,WE,Federal Contract Tower,0,0,32,2,34,0,2,213,4,219,0,2,245,6,253,104,0,104,357
06/29/2014,SAC,CA,AWP,WE,Federal Contract Tower,0,0,29,0,29,0,0,257,0,257,0,0,286,0,286,10,0,10,296
06/30/2014,SAC,CA,AWP,WE,Federal Contract Tower,0,3,24,0,27,0,12,134,0,146,0,15,158,0,173,40,0,40,213
07/01/2014,SAC,CA,AWP,WE,Federal Contract Tower,0,2,48,4,54,0,9,194,4,207,0,11,242,8,261,128,0,128,389
07/02/2014,SAC,CA,AWP,WE,Federal Contract Tower,0,1,29,0,30,0,9,154,2,165,0,10,183,2,195,56,0,56,251
07/03/2014,SAC,CA,AWP,WE,Federal Contract Tower,0,2,46,0,48,0,7,166,1,174,0,9,212,1,222,14,0,14,236
07/04/2014,SAC,CA,AWP,WE,Federal Contract Tower,0,0,19,0,19,0,1,83,0,84,0,1,102,0,103,24,0,24,127
07/05/2014,SAC,CA,AWP,WE,Federal Contract Tower,0,4,22,1,27,0,4,137,2,143,0,8,159,3,170,20,0,20,190
07/06/2014,SAC,CA,AWP,WE,Federal Contract Tower,0,3,26,0,29,0,9,114,0,123,0,12,140,0,152,72,2,74,226
07/07/2014,SAC,CA,AWP,WE,Federal Contract Tower,0,1,26,0,27,0,5,127,0,132,0,6,153,0,159,56,0,56,215
07/08/2014,SAC,CA,AWP,WE,Federal Contract Tower,0,6,37,1,44,0,9,163,1,173,0,15,200,2,217,84,0,84,301
07/09/2014,SAC,CA,AWP,WE,Federal Contract Tower,0,6,49,0,55,0,11,207,0,218,0,17,256,0,273,94,0,94,367
07/10/2014,SAC,CA,AWP,WE,Federal Contract Tower,0,2,29,0,31,0,12,184,0,196,0,14,213,0,227,68,0,68,295
07/11/2014,SAC,CA,AWP,WE,Federal Contract Tower,0,5,40,0,45,0,5,221,0,226,0,10,261,0,271,42,0,42,313
07/12/2014,SAC,CA,AWP,WE,Federal Contract Tower,0,0,32,1,33,0,9,174,1,184,0,9,206,2,217,28,10,38,255
07/13/2014,SAC,CA,AWP,WE,Federal Contract Tower,0,3,20,0,23,0,2,145,0,147,0,5,165,0,170,34,0,34,204
07/14/2014,SAC,CA,AWP,WE,Federal Contract Tower,0,1,37,0,38,0,8,124,1,133,0,9,161,1,171,26,0,26,197
07/15/2014,SAC,CA,AWP,WE,Federal Contract Tower,0,3,41,0,44,0,5,137,0,142,0,8,178,0,186,48,0,48,234
07/16/2014,SAC,CA,AWP,WE,Federal Contract Tower,0,0,60,0,60,0,8,182,1,191,0,8,242,1,251,38,0,38,289
07/17/2014,SAC,CA,AWP,WE,Federal Contract Tower,0,16,32,2,50,0,13,158,0,171,0,29,190,2,221,72,2,74,295
07/18/2014,SAC,CA,AWP,WE,Federal Contract Tower,0,7,38,2,47,0,4,180,4,188,0,11,218,6,235,88,0,88,323
07/19/2014,SAC,CA,AWP,WE,Federal Contract Tower,0,0,30,0,30,0,2,183,2,187,0,2,213,2,217,18,0,18,235
07/20/2014,SAC,CA,AWP,WE,Federal Contract Tower,0,2,45,0,47,0,3,122,0,125,0,5,167,0,172,46,0,46,218
07/21/2014,SAC,CA,AWP,WE,Federal Contract Tower,0,2,48,0,50,0,3,150,0,153,0,5,198,0,203,80,0,80,283
07/22/2014,SAC,CA,AWP,WE,Federal Contract Tower,0,7,34,0,41,0,8,139,0,147,0,15,173,0,188,18,0,18,206
07/23/2014,SAC,CA,AWP,WE,Federal Contract Tower,0,2,33,0,35,0,6,182,0,188,0,8,215,0,223,78,0,78,301
07/24/2014,SAC,CA,AWP,WE,Federal Contract Tower,0,5,38,0,43,0,9,169,4,182,0,14,207,4,225,46,0,46,271
07/25/2014,SAC,CA,AWP,WE,Federal Contract Tower,0,0,41,0,41,0,8,151,2,161,0,8,192,2,202,36,0,36,238
07/26/2014,SAC,CA,AWP,WE,Federal Contract Tower,0,2,16,0,18,0,3,147,0,150,0,5,163,0,168,28,0,28,196
07/27/2014,SAC,CA,AWP,WE,Federal Contract Tower,0,0,29,0,29,0,0,151,0,151,0,0,180,0,180,34,0,34,214
07/28/2014,SAC,CA,AWP,WE,Federal Contract Tower,0,3,33,0,36,0,10,156,0,166,0,13,189,0,202,36,0,36,238
07/29/2014,SAC,CA,AWP,WE,Federal Contract Tower,0,2,31,0,33,0,10,147,0,157,0,12,178,0,190,54,0,54,244
07/30/2014,SAC,CA,AWP,WE,Federal Contract Tower,0,0,32,0,32,0,8,188,0,196,0,8,220,0,228,56,0,56,284
07/31/2014,SAC,CA,AWP,WE,Federal Contract Tower,0,1,47,0,48,0,5,183,1,189,0,6,230,1,237,58,0,58,295
08/01/2014,SAC,CA,AWP,WE,Federal Contract Tower,0,2,32,5,39,0,9,135,7,151,0,11,167,12,190,26,2,28,218
08/02/2014,SAC,CA,AWP,WE,Federal Contract Tower,0,1,22,0,23,0,2,135,1,138,0,3,157,1,161,18,0,18,179
08/03/2014,SAC,CA,AWP,WE,Federal Contract Tower,0,5,41,0,46,0,5,133,1,139,0,10,174,1,185,26,0,26,211
08/04/2014,SAC,CA,AWP,WE,Federal Contract Tower,0,4,55,0,59,0,9,148,0,157,0,13,203,0,216,24,0,24,240
08/05/2014,SAC,CA,AWP,WE,Federal Contract Tower,0,9,26,1,36,0,15,124,2,141,0,24,150,3,177,64,0,64,241
08/06/2014,SAC,CA,AWP,WE,Federal Contract Tower,0,1,36,1,38,0,20,190,2,212,0,21,226,3,250,32,0,32,282
08/07/2014,SAC,CA,AWP,WE,Federal Contract Tower,0,10,29,1,40,0,11,171,2,184,0,21,200,3,224,48,0,48,272
08/08/2014,SAC,CA,AWP,WE,Federal Contract Tower,0,4,21,0,25,0,9,167,0,176,0,13,188,0,201,48,0,48,249
08/09/2014,SAC,CA,AWP,WE,Federal Contract Tower,0,0,43,0,43,0,1,201,2,204,0,1,244,2,247,82,0,82,329
08/10/2014,SAC,CA,AWP,WE,Federal Contract Tower,0,2,21,0,23,0,1,132,1,134,0,3,153,1,157,64,0,64,221
08/11/2014,SAC,CA,AWP,WE,Federal Contract Tower,0,5,43,0,48,0,6,165,0,171,0,11,208,0,219,74,0,74,293
08/12/2014,SAC,CA,AWP,WE,Federal Contract Tower,0,18,28,0,46,0,14,131,0,145,0,32,159,0,191,26,0,26,217
08/13/2014,SAC,CA,AWP,WE,Federal Contract Tower,0,6,37,0,43,0,7,151,2,160,0,13,188,2,203,62,0,62,265
08/14/2014,SAC,CA,AWP,WE,Federal Contract Tower,0,3,20,1,24,0,5,174,2,181,0,8,194,3,205,46,0,46,251
08/15/2014,SAC,CA,AWP,WE,Federal Contract Tower,0,6,43,0,49,0,6,186,0,192,0,12,229,0,241,70,0,70,311
08/16/2014,SAC,CA,AWP,WE,Federal Contract Tower,0,1,44,0,45,0,3,201,1,205,0,4,245,1,250,78,0,78,328
08/17/2014,SAC,CA,AWP,WE,Federal Contract Tower,0,1,16,0,17,0,2,140,0,142,0,3,156,0,159,22,0,22,181
08/18/2014,SAC,CA,AWP,WE,Federal Contract Tower,0,6,44,0,50,0,4,168,0,172,0,10,212,0,222,36,0,36,258
08/19/2014,SAC,CA,AWP,WE,Federal Contract Tower,0,6,47,0,53,0,3,186,0,189,0,9,233,0,242,66,0,66,308
08/20/2014,SAC,CA,AWP,WE,Federal Contract Tower,0,7,42,0,49,0,7,160,1,168,0,14,202,1,217,74,0,74,291
08/21/2014,SAC,CA,AWP,WE,Federal Contract Tower,0,2,39,3,44,0,5,199,2,206,0,7,238,5,250,66,0,66,316
08/22/2014,SAC,CA,AWP,WE,Federal Contract Tower,0,0,65,0,65,0,5,175,0,180,0,5,240,0,245,38,0,38,283
08/23/2014,SAC,CA,AWP,WE,Federal Contract Tower,0,1,67,0,68,0,1,207,2,210,0,2,274,2,278,70,0,70,348
08/24/2014,SAC,CA,AWP,WE,Federal Contract Tower,0,5,37,0,42,0,8,195,2,205,0,13,232,2,247,40,0,40,287
08/25/2014,SAC,CA,AWP,WE,Federal Contract Tower,0,3,44,0,47,0,7,151,0,158,0,10,195,0,205,52,0,52,257
08/26/2014,SAC,CA,AWP,WE,Federal Contract Tower,0,15,43,4,62,0,9,195,8,212,0,24,238,12,274,76,0,76,350
08/27/2014,SAC,CA,AWP,WE,Federal Contract Tower,0,6,65,3,74,0,5,199,4,208,0,11,264,7,282,66,4,70,352
08/28/2014,SAC,CA,AWP,WE,Federal Contract Tower,0,5,62,2,69,0,6,188,6,200,0,11,250,8,269,32,8,40,309
08/29/2014,SAC,CA,AWP,WE,Federal Contract Tower,0,6,58,0,64,0,6,206,2,214,0,12,264,2,278,118,0,118,396
08/30/2014,SAC,CA,AWP,WE,Federal Contract Tower,0,2,52,0,54,0,3,222,1,226,0,5,274,1,280,52,0,52,332
08/31/2014,SAC,CA,AWP,WE,Federal Contract Tower,0,3,25,0,28,0,6,138,0,144,0,9,163,0,172,74,0,74,246
09/01/2014,SAC,CA,AWP,WE,Federal Contract Tower,0,1,47,0,48,0,3,181,0,184,0,4,228,0,232,24,0,24,256
09/02/2014,SAC,CA,AWP,WE,Federal Contract Tower,0,5,59,0,64,0,9,175,0,184,0,14,234,0,248,36,0,36,284
09/03/2014,SAC,CA,AWP,WE,Federal Contract Tower,0,2,50,0,52,0,6,141,0,147,0,8,191,0,199,54,0,54,253
09/04/2014,SAC,CA,AWP,WE,Federal Contract Tower,0,2,28,0,30,0,4,196,0,200,0,6,224,0,230,80,0,80,310
09/05/2014,SAC,CA,AWP,WE,Federal Contract Tower,0,2,55,0,57,0,1,176,1,178,0,3,231,1,235,82,0,82,317
09/06/2014,SAC,CA,AWP,WE,Federal Contract Tower,0,0,36,0,36,0,2,174,0,176,0,2,210,0,212,82,0,82,294
09/07/2014,SAC,CA,AWP,WE,Federal Contract Tower,0,2,24,0,26,0,6,163,0,169,0,8,187,0,195,34,0,34,229
09/08/2014,SAC,CA,AWP,WE,Federal Contract Tower,0,5,43,0,48,0,12,161,0,173,0,17,204,0,221,32,0,32,253
09/09/2014,SAC,CA,AWP,WE,Federal Contract Tower,0,3,53,0,56,0,9,155,0,164,0,12,208,0,220,52,0,52,272
09/10/2014,SAC,CA,AWP,WE,Federal Contract Tower,0,8,24,0,32,0,14,141,0,155,0,22,165,0,187,36,0,36,223
09/11/2014,SAC,CA,AWP,WE,Federal Contract Tower,0,4,41,0,45,0,8,168,0,176,0,12,209,0,221,44,0,44,265
09/12/2014,SAC,CA,AWP,WE,Federal Contract Tower,0,8,46,3,57,0,4,168,5,177,0,12,214,8,234,56,0,56,290
09/13/2014,SAC,CA,AWP,WE,Federal Contract Tower,0,2,31,0,33,0,1,179,1,181,0,3,210,1,214,74,0,74,288
09/14/2014,SAC,CA,AWP,WE,Federal Contract Tower,0,0,50,0,50,0,0,165,1,166,0,0,215,1,216,16,0,16,232
09/15/2014,SAC,CA,AWP,WE,Federal Contract Tower,0,10,36,0,46,0,10,162,0,172,0,20,198,0,218,20,0,20,238
09/16/2014,SAC,CA,AWP,WE,Federal Contract Tower,0,5,77,0,82,0,6,181,0,187,0,11,258,0,269,34,0,34,303
09/17/2014,SAC,CA,AWP,WE,Federal Contract Tower,0,4,54,2,60,0,7,181,2,190,0,11,235,4,250,88,0,88,338
09/18/2014,SAC,CA,AWP,WE,Federal Contract Tower,0,7,54,0,61,0,4,142,0,146,0,11,196,0,207,50,0,50,257
09/19/2014,SAC,CA,AWP,WE,Federal Contract Tower,0,3,60,0,63,0,2,200,3,205,0,5,260,3,268,106,0,106,374
09/20/2014,SAC,CA,AWP,WE,Federal Contract Tower,0,2,38,0,40,0,3,254,0,257,0,5,292,0,297,62,0,62,359
09/21/2014,SAC,CA,AWP,WE,Federal Contract Tower,0,0,23,0,23,0,1,190,1,192,0,1,213,1,215,14,0,14,229
09/22/2014,SAC,CA,AWP,WE,Federal Contract Tower,0,1,26,0,27,0,8,154,0,162,0,9,180,0,189,58,0,58,247
09/23/2014,SAC,CA,AWP,WE,Federal Contract Tower,0,5,40,0,45,0,7,158,0,165,0,12,198,0,210,36,0,36,246
09/24/2014,SAC,CA,AWP,WE,Federal Contract Tower,0,4,38,0,42,0,13,178,1,192,0,17,216,1,234,52,0,52,286
09/25/2014,SAC,CA,AWP,WE,Federal Contract Tower,0,2,49,0,51,0,4,94,0,98,0,6,143,0,149,26,0,26,175
09/26/2014,SAC,CA,AWP,WE,Federal Contract Tower,0,2,46,0,48,0,2,170,0,172,0,4,216,0,220,90,0,90,310
09/27/2014,SAC,CA,AWP,WE,Federal Contract Tower,0,0,32,0,32,0,4,214,0,218,0,4,246,0,250,42,0,42,292
09/28/2014,SAC,CA,AWP,WE,Federal Contract Tower,0,3,25,0,28,0,3,155,1,159,0,6,180,1,187,50,0,50,237
09/29/2014,SAC,CA,AWP,WE,Federal Contract Tower,0,2,23,0,25,0,10,127,0,137,0,12,150,0,162,72,0,72,234
09/30/2014,SAC,CA,AWP,WE,Federal Contract Tower,0,7,33,0,40,0,11,142,0,153,0,18,175,0,193,24,0,24,217
10/01/2014,SAC,CA,AWP,WE,Federal Contract Tower,0,6,68,0,74,0,10,168,0,178,0,16,236,0,252,40,0,40,292
10/02/2014,SAC,CA,AWP,WE,Federal Contract Tower,0,1,37,2,40,0,8,181,2,191,0,9,218,4,231,50,0,50,281
10/03/2014,SAC,CA,AWP,WE,Federal Contract Tower,0,1,29,2,32,0,12,152,2,166,0,13,181,4,198,80,0,80,278
10/04/2014,SAC,CA,AWP,WE,Federal Contract Tower,0,0,19,0,19,0,3,207,3,213,0,3,226,3,232,30,0,30,262
10/05/2014,SAC,CA,AWP,WE,Federal Contract Tower,0,2,8,0,10,0,1,142,0,143,0,3,150,0,153,32,0,32,185
10/06/2014,SAC,CA,AWP,WE,Federal Contract Tower,0,5,37,0,42,0,10,142,0,152,0,15,179,0,194,56,0,56,250
10/07/2014,SAC,CA,AWP,WE,Federal Contract Tower,0,3,29,0,32,0,5,132,0,137,0,8,161,0,169,50,0,50,219
10/08/2014,SAC,CA,AWP,WE,Federal Contract Tower,0,3,25,0,28,0,3,148,0,151,0,6,173,0,179,36,0,36,215
10/09/2014,SAC,CA,AWP,WE,Federal Contract Tower,0,4,40,0,44,0,3,190,0,193,0,7,230,0,237,64,0,64,301
10/10/2014,SAC,CA,AWP,WE,Federal Contract Tower,0,6,40,0,46,0,5,171,0,176,0,11,211,0,222,36,0,36,258
10/11/2014,SAC,CA,AWP,WE,Federal Contract Tower,0,1,42,0,43,0,4,193,0,197,0,5,235,0,240,74,0,74,314
10/12/2014,SAC,CA,AWP,WE,Federal Contract Tower,0,2,21,0,23,0,3,117,2,122,0,5,138,2,145,0,0,0,145
10/13/2014,SAC,CA,AWP,WE,Federal Contract Tower,0,5,25,0,30,0,5,139,0,144,0,10,164,0,174,44,0,44,218
10/14/2014,SAC,CA,AWP,WE,Federal Contract Tower,0,7,38,2,47,0,5,113,2,120,0,12,151,4,167,42,0,42,209
10/15/2014,SAC,CA,AWP,WE,Federal Contract Tower,0,6,42,0,48,0,1,93,0,94,0,7,135,0,142,46,0,46,188
10/16/2014,SAC,CA,AWP,WE,Federal Contract Tower,0,3,51,0,54,0,0,185,2,187,0,3,236,2,241,52,0,52,293
10/17/2014,SAC,CA,AWP,WE,Federal Contract Tower,0,4,18,0,22,0,2,139,0,141,0,6,157,0,163,46,0,46,209
10/18/2014,SAC,CA,AWP,WE,Federal Contract Tower,0,0,41,0,41,0,0,192,0,192,0,0,233,0,233,50,0,50,283
10/19/2014,SAC,CA,AWP,WE,Federal Contract Tower,0,2,34,0,36,0,0,157,0,157,0,2,191,0,193,32,0,32,225
10/20/2014,SAC,CA,AWP,WE,Federal Contract Tower,0,7,30,0,37,0,2,95,0,97,0,9,125,0,134,40,0,40,174
10/21/2014,SAC,CA,AWP,WE,Federal Contract Tower,0,5,34,2,41,0,5,131,2,138,0,10,165,4,179,42,0,42,221
10/22/2014,SAC,CA,AWP,WE,Federal Contract Tower,0,3,27,2,32,0,5,145,3,153,0,8,172,5,185,12,0,12,197
10/23/2014,SAC,CA,AWP,WE,Federal Contract Tower,0,3,40,2,45,0,4,144,0,148,0,7,184,2,193,24,0,24,217
10/24/2014,SAC,CA,AWP,WE,Federal Contract Tower,0,2,58,0,60,0,2,146,2,150,0,4,204,2,210,40,0,40,250
10/25/2014,SAC,CA,AWP,WE,Federal Contract Tower,0,1,33,0,34,0,2,102,0,104,0,3,135,0,138,34,0,34,172
10/26/2014,SAC,CA,AWP,WE,Federal Contract Tower,0,1,21,0,22,0,0,139,0,139,0,1,160,0,161,34,0,34,195
10/27/2014,SAC,CA,AWP,WE,Federal Contract Tower,0,14,12,0,26,0,8,125,0,133,0,22,137,0,159,56,0,56,215
10/28/2014,SAC,CA,AWP,WE,Federal Contract Tower,0,12,38,2,52,0,13,173,2,188,0,25,211,4,240,52,0,52,292
10/29/2014,SAC,CA,AWP,WE,Federal Contract Tower,0,10,36,4,50,0,11,168,4,183,0,21,204,8,233,38,2,40,273
10/30/2014,SAC,CA,AWP,WE,Federal Contract Tower,0,8,23,0,31,0,7,161,0,168,0,15,184,0,199,26,0,26,225
10/31/2014,SAC,CA,AWP,WE,Federal Contract Tower,0,4,37,0,41,0,5,63,0,68,0,9,100,0,109,6,0,6,115
11/01/2014,SAC,CA,AWP,WE,Federal Contract Tower,0,2,40,0,42,0,1,123,0,124,0,3,163,0,166,20,0,20,186
11/02/2014,SAC,CA,AWP,WE,Federal Contract Tower,0,3,17,0,20,0,8,138,0,146,0,11,155,0,166,30,0,30,196
11/03/2014,SAC,CA,AWP,WE,Federal Contract Tower,0,4,21,4,29,0,10,128,0,138,0,14,149,4,167,40,0,40,207
11/04/2014,SAC,CA,AWP,WE,Federal Contract Tower,0,3,57,0,60,0,5,164,0,169,0,8,221,0,229,70,0,70,299
11/05/2014,SAC,CA,AWP,WE,Federal Contract Tower,0,5,37,0,42,0,4,183,1,188,0,9,220,1,230,68,0,68,298
11/06/2014,SAC,CA,AWP,WE,Federal Contract Tower,0,4,41,0,45,0,13,166,0,179,0,17,207,0,224,26,0,26,250
11/07/2014,SAC,CA,AWP,WE,Federal Contract Tower,0,1,34,0,35,0,4,170,0,174,0,5,204,0,209,54,0,54,263
11/08/2014,SAC,CA,AWP,WE,Federal Contract Tower,0,2,41,0,43,0,1,219,4,224,0,3,260,4,267,55,0,55,322
11/09/2014,SAC,CA,AWP,WE,Federal Contract Tower,0,2,27,0,29,0,2,296,0,298,0,4,323,0,327,26,0,26,353
11/10/2014,SAC,CA,AWP,WE,Federal Contract Tower,0,7,35,0,42,0,9,138,0,147,0,16,173,0,189,56,0,56,245
11/11/2014,SAC,CA,AWP,WE,Federal Contract Tower,0,5,44,0,49,0,4,133,1,138,0,9,177,1,187,64,0,64,251
11/12/2014,SAC,CA,AWP,WE,Federal Contract Tower,0,5,41,0,46,0,9,155,0,164,0,14,196,0,210,66,0,66,276
11/13/2014,SAC,CA,AWP,WE,Federal Contract Tower,0,9,70,2,81,0,1,63,2,66,0,10,133,4,147,20,0,20,167
11/14/2014,SAC,CA,AWP,WE,Federal Contract Tower,0,7,34,0,41,0,7,86,0,93,0,14,120,0,134,70,0,70,204
11/15/2014,SAC,CA,AWP,WE,Federal Contract Tower,0,2,18,1,21,0,2,105,0,107,0,4,123,1,128,36,0,36,164
11/16/2014,SAC,CA,AWP,WE,Federal Contract Tower,0,0,26,0,26,0,1,118,0,119,0,1,144,0,145,24,0,24,169
11/17/2014,SAC,CA,AWP,WE,Federal Contract Tower,0,7,35,0,42,0,6,164,0,170,0,13,199,0,212,40,0,40,252
11/18/2014,SAC,CA,AWP,WE,Federal Contract Tower,0,4,44,0,48,0,6,140,0,146,0,10,184,0,194,44,0,44,238
11/19/2014,SAC,CA,AWP,WE,Federal Contract Tower,0,9,65,0,74,0,5,83,0,88,0,14,148,0,162,18,0,18,180
11/20/2014,SAC,CA,AWP,WE,Federal Contract Tower,0,7,35,0,42,0,2,33,0,35,0,9,68,0,77,8,0,8,85
11/21/2014,SAC,CA,AWP,WE,Federal Contract Tower,0,5,52,2,59,0,4,74,2,80,0,9,126,4,139,34,0,34,173
11/22/2014,SAC,CA,AWP,WE,Federal Contract Tower,0,2,47,0,49,0,0,35,0,35,0,2,82,0,84,2,0,2,86
11/23/2014,SAC,CA,AWP,WE,Federal Contract Tower,0,1,27,0,28,0,5,111,6,122,0,6,138,6,150,40,0,40,190
11/24/2014,SAC,CA,AWP,WE,Federal Contract Tower,0,5,51,1,57,0,6,178,3,187,0,11,229,4,244,28,0,28,272
11/25/2014,SAC,CA,AWP,WE,Federal Contract Tower,0,4,43,0,47,0,6,156,0,162,0,10,199,0,209,72,0,72,281
11/26/2014,SAC,CA,AWP,WE,Federal Contract Tower,0,6,32,0,38,0,5,198,0,203,0,11,230,0,241,90,0,90,331
11/27/2014,SAC,CA,AWP,WE,Federal Contract Tower,0,1,7,0,8,0,7,59,0,66,0,8,66,0,74,4,0,4,78
11/28/2014,SAC,CA,AWP,WE,Federal Contract Tower,0,3,16,0,19,0,2,109,0,111,0,5,125,0,130,50,0,50,180
11/29/2014,SAC,CA,AWP,WE,Federal Contract Tower,0,6,49,0,55,0,4,45,0,49,0,10,94,0,104,0,0,0,104
11/30/2014,SAC,CA,AWP,WE,Federal Contract Tower,0,3,43,0,46,0,0,39,0,39,0,3,82,0,85,22,0,22,107
12/01/2014,SAC,CA,AWP,WE,Federal Contract Tower,0,4,34,1,39,0,3,76,3,82,0,7,110,4,121,50,6,56,177
12/02/2014,SAC,CA,AWP,WE,Federal Contract Tower,0,10,16,0,26,0,4,8,0,12,0,14,24,0,38,2,0,2,40
12/03/2014,SAC,CA,AWP,WE,Federal Contract Tower,0,3,21,2,26,0,3,8,0,11,0,6,29,2,37,0,0,0,37
12/04/2014,SAC,CA,AWP,WE,Federal Contract Tower,0,9,49,0,58,0,4,91,0,95,0,13,140,0,153,44,0,44,197
12/05/2014,SAC,CA,AWP,WE,Federal Contract Tower,0,4,37,0,41,0,4,103,0,107,0,8,140,0,148,36,0,36,184
12/06/2014,SAC,CA,AWP,WE,Federal Contract Tower,0,4,51,0,55,0,3,121,0,124,0,7,172,0,179,28,0,28,207
12/07/2014,SAC,CA,AWP,WE,Federal Contract Tower,0,1,37,0,38,0,2,90,0,92,0,3,127,0,130,80,0,80,210
12/08/2014,SAC,CA,AWP,WE,Federal Contract Tower,0,10,42,0,52,0,1,111,0,112,0,11,153,0,164,38,0,38,202
12/09/2014,SAC,CA,AWP,WE,Federal Contract Tower,0,5,33,0,38,0,3,71,0,74,0,8,104,0,112,30,0,30,142
12/10/2014,SAC,CA,AWP,WE,Federal Contract Tower,0,6,30,1,37,0,12,22,0,34,0,18,52,1,71,14,0,14,85
12/11/2014,SAC,CA,AWP,WE,Federal Contract Tower,0,0,2,0,2,0,0,0,0,0,0,0,2,0,2,0,0,0,2
12/12/2014,SAC,CA,AWP,WE,Federal Contract Tower,0,6,29,0,35,0,5,67,0,72,0,11,96,0,107,42,0,42,149
12/13/2014,SAC,CA,AWP,WE,Federal Contract Tower,0,5,36,0,41,0,2,99,0,101,0,7,135,0,142,106,0,106,248
12/14/2014,SAC,CA,AWP,WE,Federal Contract Tower,0,4,48,0,52,0,4,58,0,62,0,8,106,0,114,44,0,44,158
12/15/2014,SAC,CA,AWP,WE,Federal Contract Tower,0,5,19,0,24,0,4,20,0,24,0,9,39,0,48,18,0,18,66
12/16/2014,SAC,CA,AWP,WE,Federal Contract Tower,0,5,21,0,26,2,2,82,0,86,2,7,103,0,112,8,0,8,120
12/17/2014,SAC,CA,AWP,WE,Federal Contract Tower,0,1,39,0,40,0,0,67,0,67,0,1,106,0,107,54,0,54,161
12/18/2014,SAC,CA,AWP,WE,Federal Contract Tower,0,9,36,0,45,0,5,104,0,109,0,14,140,0,154,54,0,54,208
12/19/2014,SAC,CA,AWP,WE,Federal Contract Tower,0,3,43,0,46,0,1,30,0,31,0,4,73,0,77,0,0,0,77
12/20/2014,SAC,CA,AWP,WE,Federal Contract Tower,0,4,51,0,55,0,1,65,0,66,0,5,116,0,121,0,0,0,121
12/21/2014,SAC,CA,AWP,WE,Federal Contract Tower,0,1,41,0,42,0,2,71,0,73,0,3,112,0,115,34,0,34,149
12/22/2014,SAC,CA,AWP,WE,Federal Contract Tower,0,8,48,0,56,0,3,92,0,95,0,11,140,0,151,44,0,44,195
12/23/2014,SAC,CA,AWP,WE,Federal Contract Tower,0,2,49,0,51,0,3,132,2,137,0,5,181,2,188,74,0,74,262
12/24/2014,SAC,CA,AWP,WE,Federal Contract Tower,0,6,17,0,23,0,0,20,0,20,0,6,37,0,43,6,0,6,49
12/25/2014,SAC,CA,AWP,WE,Federal Contract Tower,0,0,3,0,3,0,0,26,0,26,0,0,29,0,29,0,0,0,29
12/26/2014,SAC,CA,AWP,WE,Federal Contract Tower,0,3,20,0,23,0,2,122,0,124,0,5,142,0,147,16,0,16,163
12/27/2014,SAC,CA,AWP,WE,Federal Contract Tower,0,0,43,0,43,0,8,182,0,190,0,8,225,0,233,22,0,22,255
12/28/2014,SAC,CA,AWP,WE,Federal Contract Tower,0,3,31,0,34,0,0,138,0,138,0,3,169,0,172,32,0,32,204
12/29/2014,SAC,CA,AWP,WE,Federal Contract Tower,0,8,39,0,47,0,1,94,0,95,0,9,133,0,142,82,0,82,224
12/30/2014,SAC,CA,AWP,WE,Federal Contract Tower,0,5,6,0,11,0,3,25,0,28,0,8,31,0,39,0,0,0,39
12/31/2014,SAC,CA,AWP,WE,Federal Contract Tower,0,8,17,0,25,0,5,73,0,78,0,13,90,0,103,4,0,4,107
01/01/2015,SAC,CA,AWP,WE,Federal Contract Tower,0,4,19,0,23,0,0,76,1,77,0,4,95,1,100,8,0,8,108
01/02/2015,SAC,CA,AWP,WE,Federal Contract Tower,0,3,33,0,36,0,5,178,0,183,0,8,211,0,219,78,0,78,297
01/03/2015,SAC,CA,AWP,WE,Federal Contract Tower,0,1,57,0,58,0,2,202,0,204,0,3,259,0,262,66,0,66,328
01/04/2015,SAC,CA,AWP,WE,Federal Contract Tower,0,6,35,0,41,0,7,105,0,112,0,13,140,0,153,62,0,62,215
01/05/2015,SAC,CA,AWP,WE,Federal Contract Tower,0,5,23,0,28,0,2,111,0,113,0,7,134,0,141,24,0,24,165
01/06/2015,SAC,CA,AWP,WE,Federal Contract Tower,0,6,30,0,36,0,3,141,0,144,0,9,171,0,180,52,0,52,232
01/07/2015,SAC,CA,AWP,WE,Federal Contract Tower,0,4,32,4,40,0,1,174,0,175,0,5,206,4,215,36,6,42,257
01/08/2015,SAC,CA,AWP,WE,Federal Contract Tower,0,6,47,1,54,0,12,167,1,180,0,18,214,2,234,122,0,122,356
01/09/2015,SAC,CA,AWP,WE,Federal Contract Tower,0,9,34,2,45,0,0,96,2,98,0,9,130,4,143,34,0,34,177
01/10/2015,SAC,CA,AWP,WE,Federal Contract Tower,0,3,41,0,44,0,4,158,1,163,0,7,199,1,207,54,0,54,261
01/11/2015,SAC,CA,AWP,WE,Federal Contract Tower,0,1,15,0,16,0,3,75,0,78,0,4,90,0,94,84,0,84,178
01/12/2015,SAC,CA,AWP,WE,Federal Contract Tower,0,8,51,0,59,0,2,102,0,104,0,10,153,0,163,34,0,34,197
01/13/2015,SAC,CA,AWP,WE,Federal Contract Tower,0,1,46,2,49,0,4,96,2,102,0,5,142,4,151,24,0,24,175
01/14/2015,SAC,CA,AWP,WE,Federal Contract Tower,0,6,79,0,85,0,0,123,0,123,0,6,202,0,208,22,0,22,230
01/15/2015,SAC,CA,AWP,WE,Federal Contract Tower,0,14,38,0,52,0,4,91,0,95,0,18,129,0,147,48,0,48,195
01/16/2015,SAC,CA,AWP,WE,Federal Contract Tower,0,2,72,0,74,0,0,56,0,56,0,2,128,0,130,0,0,0,130
01/17/2015,SAC,CA,AWP,WE,Federal Contract Tower,0,3,50,0,53,0,0,31,0,31,0,3,81,0,84,0,0,0,84
01/18/2015,SAC,CA,AWP,WE,Federal Contract Tower,0,6,19,0,25,0,0,4,0,4,0,6,23,0,29,0,0,0,29
01/19/2015,SAC,CA,AWP,WE,Federal Contract Tower,0,2,55,0,57,0,4,43,0,47,0,6,98,0,104,8,0,8,112
01/20/2015,SAC,CA,AWP,WE,Federal Contract Tower,0,7,47,0,54,0,7,80,2,89,0,14,127,2,143,28,0,28,171
01/21/2015,SAC,CA,AWP,WE,Federal Contract Tower,0,15,22,0,37,0,1,95,0,96,0,16,117,0,133,14,0,14,147
01/22/2015,SAC,CA,AWP,WE,Federal Contract Tower,0,11,44,2,57,0,5,112,2,119,0,16,156,4,176,42,0,42,218
01/23/2015,SAC,CA,AWP,WE,Federal Contract Tower,0,4,30,0,34,0,0,141,0,141,0,4,171,0,175,42,0,42,217
01/24/2015,SAC,CA,AWP,WE,Federal Contract Tower,0,2,58,6,66,0,0,93,6,99,0,2,151,12,165,20,0,20,185
01/25/2015,SAC,CA,AWP,WE,Federal Contract Tower,0,3,29,0,32,0,4,109,2,115,0,7,138,2,147,94,4,98,245
01/26/2015,SAC,CA,AWP,WE,Federal Contract Tower,0,7,37,0,44,0,2,99,0,101,0,9,136,0,145,46,0,46,191
01/27/2015,SAC,CA,AWP,WE,Federal Contract Tower,0,5,61,0,66,0,12,112,0,124,0,17,173,0,190,44,0,44,234
01/28/2015,SAC,CA,AWP,WE,Federal Contract Tower,0,6,31,0,37,0,5,159,3,167,0,11,190,3,204,42,0,42,246
01/29/2015,SAC,CA,AWP,WE,Federal Contract Tower,0,14,54,0,68,0,8,189,3,200,0,22,243,3,268,38,0,38,306
01/30/2015,SAC,CA,AWP,WE,Federal Contract Tower,0,6,41,1,48,0,1,184,2,187,0,7,225,3,235,54,0,54,289
01/31/2015,SAC,CA,AWP,WE,Federal Contract Tower,0,2,30,0,32,0,6,205,0,211,0,8,235,0,243,74,0,74,317
02/01/2015,SAC,CA,AWP,WE,Federal Contract Tower,0,1,21,0,22,0,13,91,0,104,0,14,112,0,126,40,0,40,166
02/02/2015,SAC,CA,AWP,WE,Federal Contract Tower,0,5,18,0,23,0,5,93,0,98,0,10,111,0,121,48,0,48,169
02/03/2015,SAC,CA,AWP,WE,Federal Contract Tower,0,7,53,0,60,0,7,144,2,153,0,14,197,2,213,42,0,42,255
02/04/2015,SAC,CA,AWP,WE,Federal Contract Tower,0,6,33,0,39,0,3,114,0,117,0,9,147,0,156,78,0,78,234
02/05/2015,SAC,CA,AWP,WE,Federal Contract Tower,0,7,51,2,60,0,5,146,3,154,0,12,197,5,214,24,0,24,238
02/06/2015,SAC,CA,AWP,WE,Federal Contract Tower,0,4,8,0,12,0,2,12,0,14,0,6,20,0,26,0,0,0,26
02/07/2015,SAC,CA,AWP,WE,Federal Contract Tower,0,1,33,0,34,0,0,49,0,49,0,1,82,0,83,4,0,4,87
02/08/2015,SAC,CA,AWP,WE,Federal Contract Tower,0,3,7,0,10,0,0,7,0,7,0,3,14,0,17,0,0,0,17
02/09/2015,SAC,CA,AWP,WE,Federal Contract Tower,0,4,27,0,31,0,14,83,0,97,0,18,110,0,128,60,0,60,188
02/10/2015,SAC,CA,AWP,WE,Federal Contract Tower,0,5,59,0,64,0,1,175,0,176,0,6,234,0,240,102,0,102,342
02/11/2015,SAC,CA,AWP,WE,Federal Contract Tower,0,8,37,0,45,0,7,196,0,203,0,15,233,0,248,58,0,58,306
02/12/2015,SAC,CA,AWP,WE,Federal Contract Tower,0,5,42,2,49,0,4,165,2,171,0,9,207,4,220,86,0,86,306
02/13/2015,SAC,CA,AWP,WE,Federal Contract Tower,0,8,43,0,51,0,3,168,1,172,0,11,211,1,223,68,0,68,291
02/14/2015,SAC,CA,AWP,WE,Federal Contract Tower,0,1,27,0,28,0,5,215,0,220,0,6,242,0,248,58,2,60,308
02/15/2015,SAC,CA,AWP,WE,Federal Contract Tower,0,2,12,0,14,0,5,170,0,175,0,7,182,0,189,24,0,24,213
02/16/2015,SAC,CA,AWP,WE,Federal Contract Tower,0,5,36,0,41,0,3,163,1,167,0,8,199,1,208,58,0,58,266
02/17/2015,SAC,CA,AWP,WE,Federal Contract Tower,0,5,61,1,67,0,7,135,2,144,0,12,196,3,211,60,0,60,271
02/18/2015,SAC,CA,AWP,WE,Federal Contract Tower,0,6,46,0,52,0,2,46,0,48,0,8,92,0,100,14,0,14,114
02/19/2015,SAC,CA,AWP,WE,Federal Contract Tower,0,10,58,8,76,0,1,42,6,49,0,11,100,14,125,24,0,24,149
02/20/2015,SAC,CA,AWP,WE,Federal Contract Tower,0,6,44,0,50,0,1,135,1,137,0,7,179,1,187,84,0,84,271
02/21/2015,SAC,CA,AWP,WE,Federal Contract Tower,0,1,40,0,41,0,1,140,0,141,0,2,180,0,182,14,0,14,196
02/22/2015,SAC,CA,AWP,WE,Federal Contract Tower,0,2,30,0,32,0,6,84,1,91,0,8,114,1,123,16,0,16,139
02/23/2015,SAC,CA,AWP,WE,Federal Contract Tower,0,8,26,0,34,0,2,91,0,93,0,10,117,0,127,30,0,30,157
02/24/2015,SAC,CA,AWP,WE,Federal Contract Tower,0,7,33,2,42,0,9,184,2,195,0,16,217,4,237,48,0,48,285
02/25/2015,SAC,CA,AWP,WE,Federal Contract Tower,0,8,36,0,44,0,7,187,0,194,0,15,223,0,238,46,0,46,284
02/26/2015,SAC,CA,AWP,WE,Federal Contract Tower,0,9,41,0,50,0,5,186,3,194,0,14,227,3,244,32,0,32,276
02/27/2015,SAC,CA,AWP,WE,Federal Contract Tower,0,5,33,0,38,0,1,142,0,143,0,6,175,0,181,46,0,46,227
02/28/2015,SAC,CA,AWP,WE,Federal Contract Tower,0,3,14,0,17,0,4,93,0,97,0,7,107,0,114,64,0,64,178
03/01/2015,SAC,CA,AWP,WE,Federal Contract Tower,0,2,28,0,30,0,2,169,0,171,0,4,197,0,201,40,0,40,241
03/02/2015,SAC,CA,AWP,WE,Federal Contract Tower,0,10,26,0,36,0,15,102,0,117,0,25,128,0,153,36,0,36,189
03/03/2015,SAC,CA,AWP,WE,Federal Contract Tower,0,9,33,0,42,0,7,143,0,150,0,16,176,0,192,34,0,34,226
03/04/2015,SAC,CA,AWP,WE,Federal Contract Tower,0,6,65,2,73,0,6,187,0,193,0,12,252,2,266,48,0,48,314
03/05/2015,SAC,CA,AWP,WE,Federal Contract Tower,0,10,35,0,45,0,8,197,0,205,0,18,232,0,250,44,0,44,294
03/06/2015,SAC,CA,AWP,WE,Federal Contract Tower,0,3,17,0,20,0,7,199,0,206,0,10,216,0,226,114,0,114,340
03/07/2015,SAC,CA,AWP,WE,Federal Contract Tower,0,2,25,0,27,0,0,224,0,224,0,2,249,0,251,106,0,106,357
03/08/2015,SAC,CA,AWP,WE,Federal Contract Tower,0,5,31,1,37,0,0,148,0,148,0,5,179,1,185,84,0,84,269
03/09/2015,SAC,CA,AWP,WE,Federal Contract Tower,0,7,47,0,54,0,2,158,0,160,0,9,205,0,214,56,0,56,270
03/10/2015,SAC,CA,AWP,WE,Federal Contract Tower,0,4,28,2,34,0,5,145,0,150,0,9,173,2,184,38,0,38,222
03/11/2015,SAC,CA,AWP,WE,Federal Contract Tower,0,3,56,4,63,0,0,130,5,135,0,3,186,9,198,90,0,90,288
03/12/2015,SAC,CA,AWP,WE,Federal Contract Tower,0,7,56,0,63,0,2,214,0,216,0,9,270,0,279,40,0,40,319
03/13/2015,SAC,CA,AWP,WE,Federal Contract Tower,0,6,43,0,49,0,4,215,1,220,0,10,258,1,269,70,0,70,339
03/14/2015,SAC,CA,AWP,WE,Federal Contract Tower,0,4,34,0,38,0,8,263,1,272,0,12,297,1,310,66,0,66,376
03/15/2015,SAC,CA,AWP,WE,Federal Contract Tower,0,0,34,0,34,0,7,142,0,149,0,7,176,0,183,54,0,54,237
03/16/2015,SAC,CA,AWP,WE,Federal Contract Tower,0,11,53,2,66,0,6,130,2,138,0,17,183,4,204,46,0,46,250
03/17/2015,SAC,CA,AWP,WE,Federal Contract Tower,0,3,27,0,30,0,9,145,0,154,0,12,172,0,184,54,0,54,238
03/18/2015,SAC,CA,AWP,WE,Federal Contract Tower,0,13,59,0,72,0,14,162,2,178,0,27,221,2,250,40,0,40,290
03/19/2015,SAC,CA,AWP,WE,Federal Contract Tower,0,20,49,0,69,0,17,164,0,181,0,37,213,0,250,44,0,44,294
03/20/2015,SAC,CA,AWP,WE,Federal Contract Tower,0,10,63,2,75,0,9,241,3,253,0,19,304,5,328,62,0,62,390
03/21/2015,SAC,CA,AWP,WE,Federal Contract Tower,0,1,57,0,58,0,1,237,1,239,0,2,294,1,297,84,0,84,381
03/22/2015,SAC,CA,AWP,WE,Federal Contract Tower,0,0,54,0,54,0,2,156,0,158,0,2,210,0,212,60,0,60,272
03/23/2015,SAC,CA,AWP,WE,Federal Contract Tower,0,3,30,0,33,0,3,105,0,108,0,6,135,0,141,38,0,38,179
03/24/2015,SAC,CA,AWP,WE,Federal Contract Tower,0,6,55,0,61,0,13,146,0,159,0,19,201,0,220,42,0,42,262
03/25/2015,SAC,CA,AWP,WE,Federal Contract Tower,0,8,55,0,63,0,9,207,0,216,0,17,262,0,279,106,0,106,385
03/26/2015,SAC,CA,AWP,WE,Federal Contract Tower,0,2,26,0,28,0,9,220,2,231,0,11,246,2,259,48,0,48,307
03/27/2015,SAC,CA,AWP,WE,Federal Contract Tower,0,3,26,0,29,0,3,202,2,207,0,6,228,2,236,58,0,58,294
03/28/2015,SAC,CA,AWP,WE,Federal Contract Tower,0,0,11,0,11,0,1,205,1,207,0,1,216,1,218,76,0,76,294
03/29/2015,SAC,CA,AWP,WE,Federal Contract Tower,0,0,47,0,47,0,7,213,0,220,0,7,260,0,267,92,0,92,359
03/30/2015,SAC,CA,AWP,WE,Federal Contract Tower,0,1,31,0,32,0,3,136,0,139,0,4,167,0,171,42,0,42,213
03/31/2015,SAC,CA,AWP,WE,Federal Contract Tower,0,0,30,0,30,0,10,129,0,139,0,10,159,0,169,42,4,46,215
04/01/2015,SAC,CA,AWP,WE,Federal Contract Tower,0,2,41,0,43,0,3,158,0,161,0,5,199,0,204,50,2,52,256
04/02/2015,SAC,CA,AWP,WE,Federal Contract Tower,0,3,37,1,41,0,2,151,1,154,0,5,188,2,195,72,0,72,267
04/03/2015,SAC,CA,AWP,WE,Federal Contract Tower,0,3,30,0,33,0,1,191,0,192,0,4,221,0,225,74,0,74,299
04/04/2015,SAC,CA,AWP,WE,Federal Contract Tower,0,0,43,0,43,0,1,194,0,195,0,1,237,0,238,38,0,38,276
04/05/2015,SAC,CA,AWP,WE,Federal Contract Tower,0,1,25,0,26,0,1,42,0,43,0,2,67,0,69,62,0,62,131
04/06/2015,SAC,CA,AWP,WE,Federal Contract Tower,0,2,28,0,30,0,2,100,0,102,0,4,128,0,132,18,0,18,150
04/07/2015,SAC,CA,AWP,WE,Federal Contract Tower,0,1,9,0,10,0,0,14,0,14,0,1,23,0,24,0,0,0,24
04/08/2015,SAC,CA,AWP,WE,Federal Contract Tower,0,2,48,0,50,0,3,179,0,182,0,5,227,0,232,82,0,82,314
04/09/2015,SAC,CA,AWP,WE,Federal Contract Tower,0,1,41,0,42,0,5,214,0,219,0,6,255,0,261,80,0,80,341
04/10/2015,SAC,CA,AWP,WE,Federal Contract Tower,0,3,21,0,24,0,6,201,1,208,0,9,222,1,232,46,0,46,278
04/11/2015,SAC,CA,AWP,WE,Federal Contract Tower,0,2,45,0,47,0,5,268,0,273,0,7,313,0,320,58,0,58,378
04/12/2015,SAC,CA,AWP,WE,Federal Contract Tower,0,0,40,0,40,0,2,175,0,177,0,2,215,0,217,64,0,64,281
04/13/2015,SAC,CA,AWP,WE,Federal Contract Tower,0,2,33,0,35,0,12,104,0,116,0,14,137,0,151,36,0,36,187
04/14/2015,SAC,CA,AWP,WE,Federal Contract Tower,0,5,42,0,47,0,7,100,0,107,0,12,142,0,154,22,0,22,176
04/15/2015,SAC,CA,AWP,WE,Federal Contract Tower,0,4,29,0,33,0,0,97,0,97,0,4,126,0,130,10,0,10,140
04/16/2015,SAC,CA,AWP,WE,Federal Contract Tower,0,4,61,2,67,0,4,193,5,202,0,8,254,7,269,104,0,104,373
04/17/2015,SAC,CA,AWP,WE,Federal Contract Tower,0,1,63,0,64,0,8,267,1,276,0,9,330,1,340,74,0,74,414
04/18/2015,SAC,CA,AWP,WE,Federal Contract Tower,0,3,49,0,52,0,5,244,5,254,0,8,293,5,306,80,0,80,386
04/19/2015,SAC,CA,AWP,WE,Federal Contract Tower,0,3,20,0,23,0,3,173,0,176,0,6,193,0,199,104,0,104,303
04/20/2015,SAC,CA,AWP,WE,Federal Contract Tower,0,1,25,0,26,0,0,133,2,135,0,1,158,2,161,66,0,66,227
04/21/2015,SAC,CA,AWP,WE,Federal Contract Tower,0,10,77,0,87,0,13,124,0,137,0,23,201,0,224,54,0,54,278
04/22/2015,SAC,CA,AWP,WE,Federal Contract Tower,0,12,55,0,67,0,11,182,0,193,0,23,237,0,260,132,0,132,392
04/23/2015,SAC,CA,AWP,WE,Federal Contract Tower,0,7,40,0,47,0,11,178,0,189,0,18,218,0,236,44,0,44,280
04/24/2015,SAC,CA,AWP,WE,Federal Contract Tower,0,3,39,1,43,0,3,158,1,162,0,6,197,2,205,100,0,100,305
04/25/2015,SAC,CA,AWP,WE,Federal Contract Tower,0,2,18,0,20,0,0,82,1,83,0,2,100,1,103,54,0,54,157
04/26/2015,SAC,CA,AWP,WE,Federal Contract Tower,0,2,31,0,33,0,1,152,1,154,0,3,183,1,187,76,0,76,263
04/27/2015,SAC,CA,AWP,WE,Federal Contract Tower,0,11,50,0,61,0,18,191,0,209,0,29,241,0,270,108,0,108,378
04/28/2015,SAC,CA,AWP,WE,Federal Contract Tower,0,13,53,0,66,0,19,211,0,230,0,32,264,0,296,54,0,54,350
04/29/2015,SAC,CA,AWP,WE,Federal Contract Tower,0,4,51,2,57,0,10,185,2,197,0,14,236,4,254,70,0,70,324
04/30/2015,SAC,CA,AWP,WE,Federal Contract Tower,0,3,36,0,39,0,3,140,0,143,0,6,176,0,182,64,0,64,246
05/01/2015,SAC,CA,AWP,WE,Federal Contract Tower,0,3,49,0,52,0,4,192,0,196,0,7,241,0,248,90,0,90,338
05/02/2015,SAC,CA,AWP,WE,Federal Contract Tower,0,4,35,0,39,0,1,174,0,175,0,5,209,0,214,116,0,116,330
05/03/2015,SAC,CA,AWP,WE,Federal Contract Tower,0,3,14,0,17,0,4,140,0,144,0,7,154,0,161,70,0,70,231
05/04/2015,SAC,CA,AWP,WE,Federal Contract Tower,0,4,42,0,46,0,7,140,0,147,0,11,182,0,193,88,0,88,281
05/05/2015,SAC,CA,AWP,WE,Federal Contract Tower,0,5,66,2,73,0,9,190,2,201,0,14,256,4,274,48,0,48,322
05/06/2015,SAC,CA,AWP,WE,Federal Contract Tower,0,15,77,3,95,0,16,194,3,213,0,31,271,6,308,46,0,46,354
05/07/2015,SAC,CA,AWP,WE,Federal Contract Tower,0,14,50,1,65,0,15,121,1,137,0,29,171,2,202,94,0,94,296
05/08/2015,SAC,CA,AWP,WE,Federal Contract Tower,0,3,60,0,63,0,11,184,0,195,0,14,244,0,258,68,0,68,326
05/09/2015,SAC,CA,AWP,WE,Federal Contract Tower,0,1,48,1,50,0,2,252,1,255,0,3,300,2,305,40,0,40,345
05/10/2015,SAC,CA,AWP,WE,Federal Contract Tower,0,2,25,0,27,0,14,175,1,190,0,16,200,1,217,58,0,58,275
05/11/2015,SAC,CA,AWP,WE,Federal Contract Tower,0,3,39,0,42,0,3,109,0,112,0,6,148,0,154,10,0,10,164
05/12/2015,SAC,CA,AWP,WE,Federal Contract Tower,0,4,40,0,44,0,2,140,0,142,0,6,180,0,186,20,0,20,206
05/13/2015,SAC,CA,AWP,WE,Federal Contract Tower,0,6,52,0,58,0,3,176,0,179,0,9,228,0,237,14,2,16,253
05/14/2015,SAC,CA,AWP,WE,Federal Contract Tower,0,9,29,1,39,0,9,134,1,144,0,18,163,2,183,40,0,40,223
05/15/2015,SAC,CA,AWP,WE,Federal Contract Tower,0,4,44,0,48,0,2,152,0,154,0,6,196,0,202,66,0,66,268
05/16/2015,SAC,CA,AWP,WE,Federal Contract Tower,0,0,21,0,21,0,5,193,3,201,0,5,214,3,222,52,0,52,274
05/17/2015,SAC,CA,AWP,WE,Federal Contract Tower,0,6,36,0,42,0,6,126,0,132,0,12,162,0,174,82,0,82,256
05/18/2015,SAC,CA,AWP,WE,Federal Contract Tower,0,0,29,0,29,0,4,115,0,119,0,4,144,0,148,82,0,82,230
05/19/2015,SAC,CA,AWP,WE,Federal Contract Tower,0,3,61,0,64,0,6,148,0,154,0,9,209,0,218,16,0,16,234
05/20/2015,SAC,CA,AWP,WE,Federal Contract Tower,0,0,72,0,72,0,2,173,0,175,0,2,245,0,247,62,0,62,309
05/21/2015,SAC,CA,AWP,WE,Federal Contract Tower,0,6,70,2,78,0,5,184,4,193,0,11,254,6,271,44,0,44,315
05/22/2015,SAC,CA,AWP,WE,Federal Contract Tower,0,0,54,0,54,0,3,178,0,181,0,3,232,0,235,56,0,56,291
05/23/2015,SAC,CA,AWP,WE,Federal Contract Tower,0,3,33,0,36,0,1,126,1,128,0,4,159,1,164,78,0,78,242
05/24/2015,SAC,CA,AWP,WE,Federal Contract Tower,0,1,10,0,11,0,2,105,0,107,0,3,115,0,118,62,0,62,180
05/25/2015,SAC,CA,AWP,WE,Federal Contract Tower,0,0,43,0,43,0,1,123,0,124,0,1,166,0,167,34,0,34,201
05/26/2015,SAC,CA,AWP,WE,Federal Contract Tower,0,9,40,2,51,0,14,109,2,125,0,23,149,4,176,76,0,76,252
05/27/2015,SAC,CA,AWP,WE,Federal Contract Tower,0,5,75,0,80,0,10,215,0,225,0,15,290,0,305,132,0,132,437
05/28/2015,SAC,CA,AWP,WE,Federal Contract Tower,0,4,50,0,54,0,6,190,1,197,0,10,240,1,251,90,0,90,341
05/29/2015,SAC,CA,AWP,WE,Federal Contract Tower,0,0,65,0,65,0,0,208,0,208,0,0,273,0,273,46,0,46,319
05/30/2015,SAC,CA,AWP,WE,Federal Contract Tower,0,0,37,0,37,0,0,202,0,202,0,0,239,0,239,48,0,48,287
05/31/2015,SAC,CA,AWP,WE,Federal Contract Tower,0,4,36,0,40,0,4,151,0,155,0,8,187,0,195,28,0,28,223
06/01/2015,SAC,CA,AWP,WE,Federal Contract Tower,0,1,30,0,31,0,9,113,0,122,0,10,143,0,153,20,0,20,173
06/02/2015,SAC,CA,AWP,WE,Federal Contract Tower,0,1,44,4,49,0,3,152,4,159,0,4,196,8,208,34,0,34,242
06/03/2015,SAC,CA,AWP,WE,Federal Contract Tower,0,8,50,0,58,0,7,168,0,175,0,15,218,0,233,48,0,48,281
06/04/2015,SAC,CA,AWP,WE,Federal Contract Tower,0,8,73,0,81,0,9,209,0,218,0,17,282,0,299,56,0,56,355
06/05/2015,SAC,CA,AWP,WE,Federal Contract Tower,0,4,44,0,48,0,8,178,0,186,0,12,222,0,234,54,0,54,288
06/06/2015,SAC,CA,AWP,WE,Federal Contract Tower,0,0,34,0,34,0,1,249,1,251,0,1,283,1,285,52,0,52,337
06/07/2015,SAC,CA,AWP,WE,Federal Contract Tower,0,0,31,0,31,0,8,189,0,197,0,8,220,0,228,78,0,78,306
06/08/2015,SAC,CA,AWP,WE,Federal Contract Tower,0,1,43,0,44,0,1,108,0,109,0,2,151,0,153,38,0,38,191
06/09/2015,SAC,CA,AWP,WE,Federal Contract Tower,0,6,42,2,50,0,11,113,2,126,0,17,155,4,176,20,0,20,196
06/10/2015,SAC,CA,AWP,WE,Federal Contract Tower,0,4,70,0,74,0,4,118,0,122,0,8,188,0,196,16,0,16,212
06/11/2015,SAC,CA,AWP,WE,Federal Contract Tower,0,0,51,0,51,0,5,190,2,197,0,5,241,2,248,38,0,38,286
06/12/2015,SAC,CA,AWP,WE,Federal Contract Tower,0,0,65,0,65,0,1,205,0,206,0,1,270,0,271,70,0,70,341
06/13/2015,SAC,CA,AWP,WE,Federal Contract Tower,0,1,24,0,25,0,2,177,10,189,0,3,201,10,214,84,0,84,298
06/14/2015,SAC,CA,AWP,WE,Federal Contract Tower,0,0,33,0,33,0,1,159,0,160,0,1,192,0,193,74,0,74,267
06/15/2015,SAC,CA,AWP,WE,Federal Contract Tower,0,0,60,0,60,0,2,135,0,137,0,2,195,0,197,82,0,82,279
06/16/2015,SAC,CA,AWP,WE,Federal Contract Tower,0,3,74,0,77,0,4,200,0,204,0,7,274,0,281,84,0,84,365
06/17/2015,SAC,CA,AWP,WE,Federal Contract Tower,0,0,41,0,41,0,1,194,0,195,0,1,235,0,236,28,0,28,264
06/18/2015,SAC,CA,AWP,WE,Federal Contract Tower,0,1,61,0,62,0,3,223,0,226,0,4,284,0,288,142,0,142,430
06/19/2015,SAC,CA,AWP,WE,Federal Contract Tower,0,4,72,2,78,0,11,212,4,227,0,15,284,6,305,64,0,64,369
06/20/2015,SAC,CA,AWP,WE,Federal Contract Tower,0,0,57,0,57,0,1,217,22,240,0,1,274,22,297,78,0,78,375
06/21/2015,SAC,CA,AWP,WE,Federal Contract Tower,0,0,16,0,16,0,3,106,8,117,0,3,122,8,133,50,0,50,183
06/22/2015,SAC,CA,AWP,WE,Federal Contract Tower,0,2,31,0,33,0,5,126,0,131,0,7,157,0,164,62,0,62,226
06/23/2015,SAC,CA,AWP,WE,Federal Contract Tower,0,2,68,1,71,0,2,202,2,206,0,4,270,3,277,54,0,54,331
06/24/2015,SAC,CA,AWP,WE,Federal Contract Tower,0,0,50,3,53,0,0,186,4,190,0,0,236,7,243,84,0,84,327
06/25/2015,SAC,CA,AWP,WE,Federal Contract Tower,0,2,75,0,77,0,2,176,0,178,0,4,251,0,255,82,0,82,337
06/26/2015,SAC,CA,AWP,WE,Federal Contract Tower,0,0,59,0,59,0,9,199,0,208,0,9,258,0,267,50,0,50,317
06/27/2015,SAC,CA,AWP,WE,Federal Contract Tower,0,1,45,0,46,0,5,195,2,202,0,6,240,2,248,71,0,71,319
06/28/2015,SAC,CA,AWP,WE,Federal Contract Tower,0,2,42,0,44,0,9,153,0,162,0,11,195,0,206,72,0,72,278
06/29/2015,SAC,CA,AWP,WE,Federal Contract Tower,0,3,39,0,42,0,9,117,0,126,0,12,156,0,168,94,0,94,262
06/30/2015,SAC,CA,AWP,WE,Federal Contract Tower,0,0,54,0,54,0,7,147,0,154,0,7,201,0,208,52,0,52,260
07/01/2015,SAC,CA,AWP,WE,Federal Contract Tower,0,0,37,0,37,0,3,177,0,180,0,3,214,0,217,70,0,70,287
07/02/2015,SAC,CA,AWP,WE,Federal Contract Tower,0,0,59,0,59,0,2,181,0,183,0,2,240,0,242,54,0,54,296
07/03/2015,SAC,CA,AWP,WE,Federal Contract Tower,0,0,55,0,55,0,0,178,2,180,0,0,233,2,235,106,0,106,341
07/04/2015,SAC,CA,AWP,WE,Federal Contract Tower,0,0,14,0,14,0,0,98,0,98,0,0,112,0,112,60,0,60,172
07/05/2015,SAC,CA,AWP,WE,Federal Contract Tower,0,0,37,0,37,0,2,126,0,128,0,2,163,0,165,28,0,28,193
07/06/2015,SAC,CA,AWP,WE,Federal Contract Tower,0,2,62,0,64,0,6,175,0,181,0,8,237,0,245,32,0,32,277
07/07/2015,SAC,CA,AWP,WE,Federal Contract Tower,0,0,68,0,68,0,2,177,0,179,0,2,245,0,247,70,0,70,317
07/08/2015,SAC,CA,AWP,WE,Federal Contract Tower,0,0,53,2,55,0,2,157,2,161,0,2,210,4,216,24,0,24,240
07/09/2015,SAC,CA,AWP,WE,Federal Contract Tower,0,0,53,0,53,0,0,132,0,132,0,0,185,0,185,106,0,106,291
07/10/2015,SAC,CA,AWP,WE,Federal Contract Tower,0,1,58,0,59,0,1,181,0,182,0,2,239,0,241,136,0,136,377
07/11/2015,SAC,CA,AWP,WE,Federal Contract Tower,0,0,23,0,23,0,2,217,0,219,0,2,240,0,242,66,0,66,308
07/12/2015,SAC,CA,AWP,WE,Federal Contract Tower,0,0,46,0,46,0,4,170,0,174,0,4,216,0,220,90,0,90,310
07/13/2015,SAC,CA,AWP,WE,Federal Contract Tower,0,4,68,0,72,0,4,189,0,193,0,8,257,0,265,140,0,140,405
07/14/2015,SAC,CA,AWP,WE,Federal Contract Tower,0,3,52,0,55,0,5,160,0,165,0,8,212,0,220,54,0,54,274
07/15/2015,SAC,CA,AWP,WE,Federal Contract Tower,0,2,56,1,59,0,2,162,2,166,0,4,218,3,225,90,0,90,315
07/16/2015,SAC,CA,AWP,WE,Federal Contract Tower,0,2,40,0,42,0,2,160,0,162,0,4,200,0,204,50,0,50,254
07/17/2015,SAC,CA,AWP,WE,Federal Contract Tower,0,1,40,1,42,0,3,190,1,194,0,4,230,2,236,90,0,90,326
07/18/2015,SAC,CA,AWP,WE,Federal Contract Tower,0,1,38,0,39,0,4,171,2,177,0,5,209,2,216,24,0,24,240
07/19/2015,SAC,CA,AWP,WE,Federal Contract Tower,0,0,21,0,21,0,2,145,0,147,0,2,166,0,168,12,0,12,180
07/20/2015,SAC,CA,AWP,WE,Federal Contract Tower,0,1,25,0,26,0,0,97,0,97,0,1,122,0,123,44,0,44,167
07/21/2015,SAC,CA,AWP,WE,Federal Contract Tower,0,1,49,0,50,0,3,135,0,138,0,4,184,0,188,38,0,38,226
07/22/2015,SAC,CA,AWP,WE,Federal Contract Tower,0,0,59,1,60,0,1,174,2,177,0,1,233,3,237,50,0,50,287
07/23/2015,SAC,CA,AWP,WE,Federal Contract Tower,0,1,39,0,40,0,4,156,0,160,0,5,195,0,200,62,0,62,262
07/24/2015,SAC,CA,AWP,WE,Federal Contract Tower,0,2,52,0,54,0,0,173,1,174,0,2,225,1,228,52,0,52,280
07/25/2015,SAC,CA,AWP,WE,Federal Contract Tower,0,1,23,0,24,0,0,195,0,195,0,1,218,0,219,124,0,124,343
07/26/2015,SAC,CA,AWP,WE,Federal Contract Tower,0,1,37,0,38,0,14,163,0,177,0,15,200,0,215,2,0,2,217
07/27/2015,SAC,CA,AWP,WE,Federal Contract Tower,0,4,39,0,43,0,4,122,0,126,0,8,161,0,169,82,0,82,251
07/28/2015,SAC,CA,AWP,WE,Federal Contract Tower,0,2,47,0,49,0,0,146,0,146,0,2,193,0,195,60,0,60,255
07/29/2015,SAC,CA,AWP,WE,Federal Contract Tower,0,2,43,0,45,0,9,136,2,147,0,11,179,2,192,42,0,42,234
07/30/2015,SAC,CA,AWP,WE,Federal Contract Tower,0,2,45,0,47,0,1,158,0,159,0,3,203,0,206,70,0,70,276
07/31/2015,SAC,CA,AWP,WE,Federal Contract Tower,0,0,43,0,43,0,0,183,0,183,0,0,226,0,226,78,0,78,304
08/01/2015,SAC,CA,AWP,WE,Federal Contract Tower,0,0,29,0,29,0,0,137,2,139,0,0,166,2,168,34,0,34,202
08/02/2015,SAC,CA,AWP,WE,Federal Contract Tower,0,0,22,0,22,0,0,116,0,116,0,0,138,0,138,86,0,86,224
08/03/2015,SAC,CA,AWP,WE,Federal Contract Tower,0,0,33,0,33,0,6,139,0,145,0,6,172,0,178,106,0,106,284
08/04/2015,SAC,CA,AWP,WE,Federal Contract Tower,0,0,32,0,32,0,4,129,3,136,0,4,161,3,168,46,0,46,214
08/05/2015,SAC,CA,AWP,WE,Federal Contract Tower,0,2,35,0,37,0,4,157,0,161,0,6,192,0,198,56,0,56,254
08/06/2015,SAC,CA,AWP,WE,Federal Contract Tower,0,0,28,2,30,0,3,142,4,149,0,3,170,6,179,36,0,36,215
08/07/2015,SAC,CA,AWP,WE,Federal Contract Tower,0,0,40,2,42,0,1,161,3,165,0,1,201,5,207,56,0,56,263
08/08/2015,SAC,CA,AWP,WE,Federal Contract Tower,0,0,19,0,19,0,3,123,0,126,0,3,142,0,145,36,0,36,181
08/09/2015,SAC,CA,AWP,WE,Federal Contract Tower,0,1,27,0,28,0,7,117,4,128,0,8,144,4,156,32,0,32,188
08/10/2015,SAC,CA,AWP,WE,Federal Contract Tower,0,1,34,0,35,0,7,139,0,146,0,8,173,0,181,68,0,68,249
08/11/2015,SAC,CA,AWP,WE,Federal Contract Tower,0,0,57,0,57,0,5,149,0,154,0,5,206,0,211,106,0,106,317
08/12/2015,SAC,CA,AWP,WE,Federal Contract Tower,0,0,78,0,78,0,6,217,0,223,0,6,295,0,301,108,0,108,409
08/13/2015,SAC,CA,AWP,WE,Federal Contract Tower,0,0,58,0,58,0,5,202,4,211,0,5,260,4,269,50,0,50,319
08/14/2015,SAC,CA,AWP,WE,Federal Contract Tower,0,0,45,0,45,0,0,190,0,190,0,0,235,0,235,124,0,124,359
08/15/2015,SAC,CA,AWP,WE,Federal Contract Tower,0,0,39,0,39,0,6,193,0,199,0,6,232,0,238,100,0,100,338
08/16/2015,SAC,CA,AWP,WE,Federal Contract Tower,0,0,16,0,16,0,4,148,0,152,0,4,164,0,168,52,0,52,220
08/17/2015,SAC,CA,AWP,WE,Federal Contract Tower,0,0,43,0,43,0,3,128,0,131,0,3,171,0,174,84,0,84,258
08/18/2015,SAC,CA,AWP,WE,Federal Contract Tower,0,2,32,0,34,0,2,124,0,126,0,4,156,0,160,84,0,84,244
08/19/2015,SAC,CA,AWP,WE,Federal Contract Tower,0,0,51,0,51,0,5,225,0,230,0,5,276,0,281,100,0,100,381
08/20/2015,SAC,CA,AWP,WE,Federal Contract Tower,0,2,59,0,61,0,1,180,0,181,0,3,239,0,242,106,0,106,348
08/21/2015,SAC,CA,AWP,WE,Federal Contract Tower,0,4,84,0,88,0,6,213,0,219,0,10,297,0,307,100,0,100,407
08/22/2015,SAC,CA,AWP,WE,Federal Contract Tower,0,0,30,6,36,0,3,230,0,233,0,3,260,6,269,98,0,98,367
08/23/2015,SAC,CA,AWP,WE,Federal Contract Tower,0,1,37,0,38,0,3,175,0,178,0,4,212,0,216,68,0,68,284
08/24/2015,SAC,CA,AWP,WE,Federal Contract Tower,0,0,36,0,36,0,8,116,0,124,0,8,152,0,160,74,0,74,234
08/25/2015,SAC,CA,AWP,WE,Federal Contract Tower,0,4,52,0,56,0,2,151,0,153,0,6,203,0,209,58,0,58,267
08/26/2015,SAC,CA,AWP,WE,Federal Contract Tower,0,3,43,0,46,0,1,156,0,157,0,4,199,0,203,76,0,76,279
08/27/2015,SAC,CA,AWP,WE,Federal Contract Tower,0,1,34,0,35,0,4,175,0,179,0,5,209,0,214,122,0,122,336
08/28/2015,SAC,CA,AWP,WE,Federal Contract Tower,0,0,37,0,37,0,0,192,0,192,0,0,229,0,229,66,0,66,295
08/29/2015,SAC,CA,AWP,WE,Federal Contract Tower,0,0,28,0,28,0,0,238,1,239,0,0,266,1,267,78,0,78,345
08/30/2015,SAC,CA,AWP,WE,Federal Contract Tower,0,0,32,0,32,0,3,207,0,210,0,3,239,0,242,56,0,56,298
08/31/2015,SAC,CA,AWP,WE,Federal Contract Tower,0,1,38,0,39,0,6,137,0,143,0,7,175,0,182,28,0,28,210
09/01/2015,SAC,CA,AWP,WE,Federal Contract Tower,0,3,38,0,41,0,2,162,0,164,0,5,200,0,205,68,0,68,273
09/02/2015,SAC,CA,AWP,WE,Federal Contract Tower,0,0,70,1,71,0,0,194,1,195,0,0,264,2,266,62,0,62,328
09/03/2015,SAC,CA,AWP,WE,Federal Contract Tower,0,0,55,0,55,0,0,185,0,185,0,0,240,0,240,27,0,27,267
09/04/2015,SAC,CA,AWP,WE,Federal Contract Tower,0,1,28,0,29,0,2,181,0,183,0,3,209,0,212,74,0,74,286
09/05/2015,SAC,CA,AWP,WE,Federal Contract Tower,0,0,35,0,35,0,1,192,0,193,0,1,227,0,228,66,0,66,294
09/06/2015,SAC,CA,AWP,WE,Federal Contract Tower,0,1,24,0,25,0,2,127,0,129,0,3,151,0,154,70,0,70,224
09/07/2015,SAC,CA,AWP,WE,Federal Contract Tower,0,1,31,0,32,0,7,134,0,141,0,8,165,0,173,12,0,12,185
09/08/2015,SAC,CA,AWP,WE,Federal Contract Tower,0,4,29,2,35,0,6,142,0,148,0,10,171,2,183,92,0,92,275
09/09/2015,SAC,CA,AWP,WE,Federal Contract Tower,0,2,26,0,28,0,3,142,0,145,0,5,168,0,173,76,0,76,249
09/10/2015,SAC,CA,AWP,WE,Federal Contract Tower,0,0,30,2,32,0,2,144,2,148,0,2,174,4,180,94,0,94,274
09/11/2015,SAC,CA,AWP,WE,Federal Contract Tower,0,0,27,4,31,0,1,156,5,162,0,1,183,9,193,40,0,40,233
09/12/2015,SAC,CA,AWP,WE,Federal Contract Tower,0,0,19,0,19,0,9,175,5,189,0,9,194,5,208,44,0,44,252
09/13/2015,SAC,CA,AWP,WE,Federal Contract Tower,0,0,26,0,26,0,0,201,1,202,0,0,227,1,228,16,0,16,244
09/14/2015,SAC,CA,AWP,WE,Federal Contract Tower,0,6,25,0,31,0,8,89,0,97,0,14,114,0,128,28,0,28,156
09/15/2015,SAC,CA,AWP,WE,Federal Contract Tower,0,5,54,0,59,0,2,137,0,139,0,7,191,0,198,96,0,96,294
09/16/2015,SAC,CA,AWP,WE,Federal Contract Tower,0,2,64,0,66,0,1,170,1,172,0,3,234,1,238,120,0,120,358
09/17/2015,SAC,CA,AWP,WE,Federal Contract Tower,0,1,68,0,69,0,2,157,0,159,0,3,225,0,228,72,0,72,300
09/18/2015,SAC,CA,AWP,WE,Federal Contract Tower,0,0,49,0,49,0,0,167,2,169,0,0,216,2,218,80,0,80,298
09/19/2015,SAC,CA,AWP,WE,Federal Contract Tower,0,0,50,0,50,0,1,196,0,197,0,1,246,0,247,42,0,42,289
09/20/2015,SAC,CA,AWP,WE,Federal Contract Tower,0,1,34,0,35,0,2,156,0,158,0,3,190,0,193,38,0,38,231
09/21/2015,SAC,CA,AWP,WE,Federal Contract Tower,0,1,46,0,47,0,3,143,1,147,0,4,189,1,194,20,0,20,214
09/22/2015,SAC,CA,AWP,WE,Federal Contract Tower,0,1,70,0,71,0,1,163,0,164,0,2,233,0,235,44,0,44,279
09/23/2015,SAC,CA,AWP,WE,Federal Contract Tower,0,0,45,0,45,0,0,173,0,173,0,0,218,0,218,100,0,100,318
09/24/2015,SAC,CA,AWP,WE,Federal Contract Tower,0,4,28,0,32,0,8,119,0,127,0,12,147,0,159,98,0,98,257
09/25/2015,SAC,CA,AWP,WE,Federal Contract Tower,0,3,21,0,24,0,4,166,0,170,0,7,187,0,194,148,0,148,342
09/26/2015,SAC,CA,AWP,WE,Federal Contract Tower,0,2,28,0,30,0,3,186,1,190,0,5,214,1,220,82,0,82,302
09/27/2015,SAC,CA,AWP,WE,Federal Contract Tower,0,0,28,0,28,0,7,185,0,192,0,7,213,0,220,120,0,120,340
09/28/2015,SAC,CA,AWP,WE,Federal Contract Tower,0,0,9,0,9,0,7,127,0,134,0,7,136,0,143,72,0,72,215
09/29/2015,SAC,CA,AWP,WE,Federal Contract Tower,0,0,34,0,34,0,0,159,6,165,0,0,193,6,199,34,0,34,233
09/30/2015,SAC,CA,AWP,WE,Federal Contract Tower,0,0,39,0,39,0,1,142,8,151,0,1,181,8,190,48,0,48,238
10/01/2015,SAC,CA,AWP,WE,Federal Contract Tower,0,1,52,0,53,0,1,200,0,201,0,2,252,0,254,128,0,128,382
10/02/2015,SAC,CA,AWP,WE,Federal Contract Tower,0,2,49,0,51,0,2,161,0,163,0,4,210,0,214,70,0,70,284
10/03/2015,SAC,CA,AWP,WE,Federal Contract Tower,0,2,17,0,19,0,1,156,2,159,0,3,173,2,178,56,0,56,234
10/04/2015,SAC,CA,AWP,WE,Federal Contract Tower,0,0,17,0,17,0,2,93,2,97,0,2,110,2,114,34,0,34,148
10/05/2015,SAC,CA,AWP,WE,Federal Contract Tower,0,1,37,0,38,0,13,144,0,157,0,14,181,0,195,110,0,110,305
10/06/2015,SAC,CA,AWP,WE,Federal Contract Tower,0,2,53,0,55,0,4,176,1,181,0,6,229,1,236,64,0,64,300
10/07/2015,SAC,CA,AWP,WE,Federal Contract Tower,0,2,56,3,61,0,3,206,6,215,0,5,262,9,276,68,0,68,344
10/08/2015,SAC,CA,AWP,WE,Federal Contract Tower,0,0,41,4,45,0,0,171,16,187,0,0,212,20,232,32,2,34,266
10/09/2015,SAC,CA,AWP,WE,Federal Contract Tower,0,1,40,0,41,0,2,202,14,218,0,3,242,14,259,92,0,92,351
10/10/2015,SAC,CA,AWP,WE,Federal Contract Tower,0,0,44,0,44,0,6,235,8,249,0,6,279,8,293,80,2,82,375
10/11/2015,SAC,CA,AWP,WE,Federal Contract Tower,0,0,39,0,39,0,2,145,2,149,0,2,184,2,188,20,0,20,208
10/12/2015,SAC,CA,AWP,WE,Federal Contract Tower,0,1,37,0,38,0,4,164,0,168,0,5,201,0,206,72,0,72,278
10/13/2015,SAC,CA,AWP,WE,Federal Contract Tower,0,3,39,0,42,0,1,116,4,121,0,4,155,4,163,54,0,54,217
10/14/2015,SAC,CA,AWP,WE,Federal Contract Tower,0,0,54,0,54,0,3,166,0,169,0,3,220,0,223,48,0,48,271
10/15/2015,SAC,CA,AWP,WE,Federal Contract Tower,0,1,30,4,35,0,6,151,7,164,0,7,181,11,199,4,0,4,203
10/16/2015,SAC,CA,AWP,WE,Federal Contract Tower,0,1,63,0,64,0,1,174,0,175,0,2,237,0,239,96,0,96,335
10/17/2015,SAC,CA,AWP,WE,Federal Contract Tower,0,1,27,0,28,0,2,165,0,167,0,3,192,0,195,54,0,54,249
10/18/2015,SAC,CA,AWP,WE,Federal Contract Tower,0,1,33,0,34,0,10,134,2,146,0,11,167,2,180,64,0,64,244
10/19/2015,SAC,CA,AWP,WE,Federal Contract Tower,0,0,54,0,54,0,4,153,0,157,0,4,207,0,211,84,12,96,307
10/20/2015,SAC,CA,AWP,WE,Federal Contract Tower,0,1,47,0,48,0,1,137,0,138,0,2,184,0,186,26,0,26,212
10/21/2015,SAC,CA,AWP,WE,Federal Contract Tower,0,0,40,0,40,0,1,155,0,156,0,1,195,0,196,66,0,66,262
10/22/2015,SAC,CA,AWP,WE,Federal Contract Tower,0,2,46,2,50,0,2,183,3,188,0,4,229,5,238,20,0,20,258
10/23/2015,SAC,CA,AWP,WE,Federal Contract Tower,0,3,29,0,32,0,5,194,0,199,0,8,223,0,231,136,0,136,367
10/24/2015,SAC,CA,AWP,WE,Federal Contract Tower,0,0,54,0,54,0,1,298,2,301,0,1,352,2,355,44,0,44,399
10/25/2015,SAC,CA,AWP,WE,Federal Contract Tower,0,1,42,0,43,0,3,168,0,171,0,4,210,0,214,88,0,88,302
10/26/2015,SAC,CA,AWP,WE,Federal Contract Tower,0,0,38,0,38,0,12,145,0,157,0,12,183,0,195,24,0,24,219
10/27/2015,SAC,CA,AWP,WE,Federal Contract Tower,0,4,19,0,23,0,8,97,0,105,0,12,116,0,128,2,0,2,130
10/28/2015,SAC,CA,AWP,WE,Federal Contract Tower,0,1,32,0,33,0,3,147,0,150,0,4,179,0,183,34,0,34,217
10/29/2015,SAC,CA,AWP,WE,Federal Contract Tower,0,0,32,2,34,0,3,131,0,134,0,3,163,2,168,90,0,90,258
10/30/2015,SAC,CA,AWP,WE,Federal Contract Tower,0,0,34,0,34,0,2,196,0,198,0,2,230,0,232,92,0,92,324
10/31/2015,SAC,CA,AWP,WE,Federal Contract Tower,0,0,37,0,37,0,1,215,0,216,0,1,252,0,253,54,0,54,307
11/01/2015,SAC,CA,AWP,WE,Federal Contract Tower,0,0,21,0,21,0,0,59,0,59,0,0,80,0,80,32,0,32,112
11/02/2015,SAC,CA,AWP,WE,Federal Contract Tower,0,0,20,0,20,0,2,14,0,16,0,2,34,0,36,0,0,0,36
11/03/2015,SAC,CA,AWP,WE,Federal Contract Tower,0,3,45,0,48,0,11,125,0,136,0,14,170,0,184,58,0,58,242
11/04/2015,SAC,CA,AWP,WE,Federal Contract Tower,0,0,25,0,25,0,1,136,0,137,0,1,161,0,162,92,0,92,254
11/05/2015,SAC,CA,AWP,WE,Federal Contract Tower,0,2,37,0,39,0,1,155,0,156,0,3,192,0,195,58,0,58,253
11/06/2015,SAC,CA,AWP,WE,Federal Contract Tower,0,0,36,0,36,0,3,218,0,221,0,3,254,0,257,82,0,82,339
11/07/2015,SAC,CA,AWP,WE,Federal Contract Tower,0,0,37,0,37,0,0,232,4,236,0,0,269,4,273,102,0,102,375
11/08/2015,SAC,CA,AWP,WE,Federal Contract Tower,0,2,47,0,49,0,0,45,0,45,0,2,92,0,94,2,0,2,96
11/09/2015,SAC,CA,AWP,WE,Federal Contract Tower,0,3,24,0,27,0,4,18,0,22,0,7,42,0,49,22,0,22,71
11/10/2015,SAC,CA,AWP,WE,Federal Contract Tower,0,5,45,4,54,0,5,147,4,156,0,10,192,8,210,74,0,74,284
11/11/2015,SAC,CA,AWP,WE,Federal Contract Tower,0,2,42,0,44,0,1,199,0,200,0,3,241,0,244,76,0,76,320
11/12/2015,SAC,CA,AWP,WE,Federal Contract Tower,0,2,50,2,54,0,2,183,4,189,0,4,233,6,243,118,0,118,361
11/13/2015,SAC,CA,AWP,WE,Federal Contract Tower,0,2,27,1,30,0,1,199,1,201,0,3,226,2,231,78,0,78,309
11/14/2015,SAC,CA,AWP,WE,Federal Contract Tower,0,4,23,0,27,0,2,222,2,226,0,6,245,2,253,89,0,89,342
11/15/2015,SAC,CA,AWP,WE,Federal Contract Tower,0,7,16,0,23,0,2,44,0,46,0,9,60,0,69,30,0,30,99
11/16/2015,SAC,CA,AWP,WE,Federal Contract Tower,0,4,31,0,35,0,8,95,1,104,0,12,126,1,139,22,0,22,161
11/17/2015,SAC,CA,AWP,WE,Federal Contract Tower,0,3,23,1,27,0,2,132,0,134,0,5,155,1,161,92,0,92,253
11/18/2015,SAC,CA,AWP,WE,Federal Contract Tower,0,1,46,0,47,0,3,164,0,167,0,4,210,0,214,42,0,42,256
11/19/2015,SAC,CA,AWP,WE,Federal Contract Tower,0,4,24,0,28,0,2,178,0,180,0,6,202,0,208,70,0,70,278
11/20/2015,SAC,CA,AWP,WE,Federal Contract Tower,0,1,35,0,36,0,1,184,2,187,0,2,219,2,223,40,0,40,263
11/21/2015,SAC,CA,AWP,WE,Federal Contract Tower,0,6,30,0,36,0,8,230,3,241,0,14,260,3,277,40,0,40,317
11/22/2015,SAC,CA,AWP,WE,Federal Contract Tower,0,4,29,0,33,0,8,157,0,165,0,12,186,0,198,100,0,100,298
11/23/2015,SAC,CA,AWP,WE,Federal Contract Tower,0,1,35,0,36,0,2,140,0,142,0,3,175,0,178,24,0,24,202
11/24/2015,SAC,CA,AWP,WE,Federal Contract Tower,0,0,35,0,35,0,0,48,0,48,0,0,83,0,83,24,0,24,107
11/25/2015,SAC,CA,AWP,WE,Federal Contract Tower,0,1,29,0,30,0,2,137,0,139,0,3,166,0,169,56,0,56,225
11/26/2015,SAC,CA,AWP,WE,Federal Contract Tower,0,1,7,0,8,0,2,38,0,40,0,3,45,0,48,2,0,2,50
11/27/2015,SAC,CA,AWP,WE,Federal Contract Tower,0,0,14,1,15,0,2,92,0,94,0,2,106,1,109,44,0,44,153
11/28/2015,SAC,CA,AWP,WE,Federal Contract Tower,0,6,12,0,18,0,3,135,0,138,0,9,147,0,156,22,0,22,178
11/29/2015,SAC,CA,AWP,WE,Federal Contract Tower,0,2,22,0,24,0,2,146,0,148,0,4,168,0,172,78,0,78,250
11/30/2015,SAC,CA,AWP,WE,Federal Contract Tower,0,1,34,0,35,0,6,112,2,120,0,7,146,2,155,46,0,46,201
12/01/2015,SAC,CA,AWP,WE,Federal Contract Tower,0,4,47,0,51,0,6,159,0,165,0,10,206,0,216,76,0,76,292
12/02/2015,SAC,CA,AWP,WE,Federal Contract Tower,0,5,25,4,34,0,2,138,1,141,0,7,163,5,175,40,0,40,215
12/03/2015,SAC,CA,AWP,WE,Federal Contract Tower,0,3,6,0,9,0,0,27,0,27,0,3,33,0,36,18,0,18,54
12/04/2015,SAC,CA,AWP,WE,Federal Contract Tower,0,0,27,0,27,0,0,171,0,171,0,0,198,0,198,42,0,42,240
12/05/2015,SAC,CA,AWP,WE,Federal Contract Tower,0,2,45,2,49,0,11,163,5,179,0,13,208,7,228,108,4,112,340
12/06/2015,SAC,CA,AWP,WE,Federal Contract Tower,0,1,37,0,38,0,2,79,0,81,0,3,116,0,119,70,0,70,189
12/07/2015,SAC,CA,AWP,WE,Federal Contract Tower,0,2,55,3,60,0,0,43,3,46,0,2,98,6,106,14,0,14,120
12/08/2015,SAC,CA,AWP,WE,Federal Contract Tower,0,1,33,0,34,0,0,0,0,0,0,1,33,0,34,0,0,0,34
12/09/2015,SAC,CA,AWP,WE,Federal Contract Tower,0,0,40,0,40,0,2,63,0,65,0,2,103,0,105,74,0,74,179
12/10/2015,SAC,CA,AWP,WE,Federal Contract Tower,0,2,27,2,31,0,0,64,0,64,0,2,91,2,95,134,0,134,229
12/11/2015,SAC,CA,AWP,WE,Federal Contract Tower,0,2,41,2,45,0,1,152,2,155,0,3,193,4,200,74,8,82,282
12/12/2015,SAC,CA,AWP,WE,Federal Contract Tower,0,1,38,0,39,0,0,169,4,173,0,1,207,4,212,36,0,36,248
12/13/2015,SAC,CA,AWP,WE,Federal Contract Tower,0,0,9,0,9,0,2,18,0,20,0,2,27,0,29,6,0,6,35
12/14/2015,SAC,CA,AWP,WE,Federal Contract Tower,0,0,24,0,24,0,5,84,0,89,0,5,108,0,113,12,0,12,125
12/15/2015,SAC,CA,AWP,WE,Federal Contract Tower,0,1,43,0,44,0,7,160,0,167,0,8,203,0,211,10,6,16,227
12/16/2015,SAC,CA,AWP,WE,Federal Contract Tower,0,2,55,0,57,0,1,228,0,229,0,3,283,0,286,110,0,110,396
12/17/2015,SAC,CA,AWP,WE,Federal Contract Tower,0,0,42,0,42,0,0,158,0,158,0,0,200,0,200,38,0,38,238
12/18/2015,SAC,CA,AWP,WE,Federal Contract Tower,0,0,45,0,45,0,0,102,0,102,0,0,147,0,147,62,0,62,209
12/19/2015,SAC,CA,AWP,WE,Federal Contract Tower,0,7,38,0,45,0,0,66,0,66,0,7,104,0,111,35,0,35,146
12/20/2015,SAC,CA,AWP,WE,Federal Contract Tower,0,2,33,0,35,0,0,77,0,77,0,2,110,0,112,58,0,58,170
12/21/2015,SAC,CA,AWP,WE,Federal Contract Tower,0,1,14,0,15,0,3,0,0,3,0,4,14,0,18,0,0,0,18
12/22/2015,SAC,CA,AWP,WE,Federal Contract Tower,0,2,36,0,38,0,5,75,0,80,0,7,111,0,118,16,0,16,134
12/23/2015,SAC,CA,AWP,WE,Federal Contract Tower,0,4,41,0,45,0,8,150,0,158,0,12,191,0,203,108,1,109,312
12/24/2015,SAC,CA,AWP,WE,Federal Contract Tower,0,0,8,0,8,0,0,8,0,8,0,0,16,0,16,0,0,0,16
12/25/2015,SAC,CA,AWP,WE,Federal Contract Tower,0,1,10,0,11,0,1,30,0,31,0,2,40,0,42,6,0,6,48
12/26/2015,SAC,CA,AWP,WE,Federal Contract Tower,0,3,19,0,22,0,2,132,0,134,0,5,151,0,156,32,0,32,188
12/27/2015,SAC,CA,AWP,WE,Federal Contract Tower,0,1,20,0,21,0,4,105,0,109,0,5,125,0,130,30,0,30,160
12/28/2015,SAC,CA,AWP,WE,Federal Contract Tower,0,1,47,0,48,0,0,103,0,103,0,1,150,0,151,68,0,68,219
12/29/2015,SAC,CA,AWP,WE,Federal Contract Tower,0,4,33,0,37,0,6,123,0,129,0,10,156,0,166,18,0,18,184
12/30/2015,SAC,CA,AWP,WE,Federal Contract Tower,0,7,31,0,38,0,6,106,0,112,0,13,137,0,150,42,0,42,192
12/31/2015,SAC,CA,AWP,WE,Federal Contract Tower,0,2,11,0,13,0,2,108,1,111,0,4,119,1,124,44,0,44,168
01/01/2016,SAC,CA,AWP,WE,Federal Contract Tower,0,1,29,0,30,0,2,95,1,98,0,3,124,1,128,38,0,38,166
01/02/2016,SAC,CA,AWP,WE,Federal Contract Tower,0,0,31,0,31,0,1,168,2,171,0,1,199,2,202,46,2,48,250
01/03/2016,SAC,CA,AWP,WE,Federal Contract Tower,0,1,35,0,36,0,8,116,0,124,0,9,151,0,160,70,0,70,230
01/04/2016,SAC,CA,AWP,WE,Federal Contract Tower,0,2,31,0,33,0,1,30,0,31,0,3,61,0,64,32,0,32,96
01/05/2016,SAC,CA,AWP,WE,Federal Contract Tower,0,0,15,0,15,0,0,15,0,15,0,0,30,0,30,0,0,0,30
01/06/2016,SAC,CA,AWP,WE,Federal Contract Tower,0,0,9,2,11,0,2,10,2,14,0,2,19,4,25,44,0,44,69
01/07/2016,SAC,CA,AWP,WE,Federal Contract Tower,0,1,44,0,45,0,1,64,0,65,0,2,108,0,110,38,0,38,148
01/08/2016,SAC,CA,AWP,WE,Federal Contract Tower,0,0,27,0,27,0,2,124,0,126,0,2,151,0,153,88,0,88,241
01/09/2016,SAC,CA,AWP,WE,Federal Contract Tower,0,1,31,0,32,0,0,93,0,93,0,1,124,0,125,70,0,70,195
01/10/2016,SAC,CA,AWP,WE,Federal Contract Tower,0,4,30,0,34,0,5,70,0,75,0,9,100,0,109,70,0,70,179
01/11/2016,SAC,CA,AWP,WE,Federal Contract Tower,0,1,57,0,58,0,0,149,1,150,0,1,206,1,208,72,0,72,280
01/12/2016,SAC,CA,AWP,WE,Federal Contract Tower,0,2,50,0,52,0,2,179,0,181,0,4,229,0,233,82,0,82,315
01/13/2016,SAC,CA,AWP,WE,Federal Contract Tower,0,4,40,2,46,0,5,57,2,64,0,9,97,4,110,22,2,24,134
01/14/2016,SAC,CA,AWP,WE,Federal Contract Tower,0,0,47,1,48,0,0,95,1,96,0,0,142,2,144,44,0,44,188
01/15/2016,SAC,CA,AWP,WE,Federal Contract Tower,0,2,45,4,51,0,0,107,2,109,0,2,152,6,160,50,4,54,214
01/16/2016,SAC,CA,AWP,WE,Federal Contract Tower,0,1,31,0,32,0,0,48,1,49,0,1,79,1,81,22,0,22,103
01/17/2016,SAC,CA,AWP,WE,Federal Contract Tower,0,0,31,0,31,0,0,29,0,29,0,0,60,0,60,2,0,2,62
01/18/2016,SAC,CA,AWP,WE,Federal Contract Tower,0,3,53,0,56,0,3,127,0,130,0,6,180,0,186,64,0,64,250
01/19/2016,SAC,CA,AWP,WE,Federal Contract Tower,0,1,22,0,23,0,1,10,0,11,0,2,32,0,34,0,0,0,34
01/20/2016,SAC,CA,AWP,WE,Federal Contract Tower,0,3,77,2,82,0,3,167,2,172,0,6,244,4,254,46,0,46,300
01/21/2016,SAC,CA,AWP,WE,Federal Contract Tower,0,7,60,1,68,0,7,170,2,179,0,14,230,3,247,88,0,88,335
01/22/2016,SAC,CA,AWP,WE,Federal Contract Tower,0,0,44,0,44,0,0,40,0,40,0,0,84,0,84,30,0,30,114
01/23/2016,SAC,CA,AWP,WE,Federal Contract Tower,0,0,26,0,26,0,0,46,0,46,0,0,72,0,72,32,0,32,104
01/24/2016,SAC,CA,AWP,WE,Federal Contract Tower,0,0,30,0,30,0,2,160,3,165,0,2,190,3,195,80,0,80,275
01/25/2016,SAC,CA,AWP,WE,Federal Contract Tower,0,2,53,0,55,0,3,123,0,126,0,5,176,0,181,90,0,90,271
01/26/2016,SAC,CA,AWP,WE,Federal Contract Tower,0,1,44,0,45,0,1,86,0,87,0,2,130,0,132,30,0,30,162
01/27/2016,SAC,CA,AWP,WE,Federal Contract Tower,0,3,65,0,68,0,1,187,2,190,0,4,252,2,258,118,0,118,376
01/28/2016,SAC,CA,AWP,WE,Federal Contract Tower,0,0,76,0,76,0,1,127,1,129,0,1,203,1,205,14,0,14,219
01/29/2016,SAC,CA,AWP,WE,Federal Contract Tower,0,0,35,2,37,0,0,22,0,22,0,0,57,2,59,0,0,0,59
01/30/2016,SAC,CA,AWP,WE,Federal Contract Tower,0,0,42,0,42,0,2,155,0,157,0,2,197,0,199,58,0,58,257
01/31/2016,SAC,CA,AWP,WE,Federal Contract Tower,0,0,19,0,19,0,8,82,0,90,0,8,101,0,109,56,0,56,165
02/01/2016,SAC,CA,AWP,WE,Federal Contract Tower,0,3,22,0,25,0,4,93,0,97,0,7,115,0,122,38,0,38,160
02/02/2016,SAC,CA,AWP,WE,Federal Contract Tower,0,4,22,0,26,0,3,56,0,59,0,7,78,0,85,20,0,20,105
02/03/2016,SAC,CA,AWP,WE,Federal Contract Tower,0,0,58,0,58,0,0,183,0,183,0,0,241,0,241,92,0,92,333
02/04/2016,SAC,CA,AWP,WE,Federal Contract Tower,0,2,72,0,74,0,2,177,0,179,0,4,249,0,253,36,0,36,289
02/05/2016,SAC,CA,AWP,WE,Federal Contract Tower,0,0,36,0,36,0,0,209,0,209,0,0,245,0,245,104,0,104,349
02/06/2016,SAC,CA,AWP,WE,Federal Contract Tower,0,0,50,0,50,0,2,216,1,219,0,2,266,1,269,84,0,84,353
02/07/2016,SAC,CA,AWP,WE,Federal Contract Tower,0,4,4,0,8,0,3,134,0,137,0,7,138,0,145,114,0,114,259
02/08/2016,SAC,CA,AWP,WE,Federal Contract Tower,0,2,38,0,40,0,5,153,0,158,0,7,191,0,198,76,0,76,274
02/09/2016,SAC,CA,AWP,WE,Federal Contract Tower,0,0,31,4,35,0,0,157,4,161,0,0,188,8,196,52,0,52,248
02/10/2016,SAC,CA,AWP,WE,Federal Contract Tower,0,8,52,0,60,0,7,180,2,189,0,15,232,2,249,52,0,52,301
02/11/2016,SAC,CA,AWP,WE,Federal Contract Tower,0,5,23,0,28,0,4,174,2,180,0,9,197,2,208,84,0,84,292
02/12/2016,SAC,CA,AWP,WE,Federal Contract Tower,0,0,26,0,26,0,1,192,1,194,0,1,218,1,220,46,0,46,266
02/13/2016,SAC,CA,AWP,WE,Federal Contract Tower,0,0,73,0,73,0,0,241,2,243,0,0,314,2,316,66,0,66,382
02/14/2016,SAC,CA,AWP,WE,Federal Contract Tower,0,0,28,0,28,0,5,115,2,122,0,5,143,2,150,14,0,14,164
02/15/2016,SAC,CA,AWP,WE,Federal Contract Tower,0,1,59,0,60,0,0,230,0,230,0,1,289,0,290,58,0,58,348
02/16/2016,SAC,CA,AWP,WE,Federal Contract Tower,0,2,49,0,51,0,1,191,0,192,0,3,240,0,243,110,0,110,353
02/17/2016,SAC,CA,AWP,WE,Federal Contract Tower,0,2,29,0,31,0,1,75,0,76,0,3,104,0,107,22,0,22,129
02/18/2016,SAC,CA,AWP,WE,Federal Contract Tower,0,0,24,0,24,0,0,51,3,54,0,0,75,3,78,48,0,48,126
02/19/2016,SAC,CA,AWP,WE,Federal Contract Tower,0,0,25,0,25,0,1,96,0,97,0,1,121,0,122,108,0,108,230
02/20/2016,SAC,CA,AWP,WE,Federal Contract Tower,0,5,14,0,19,0,5,135,4,144,0,10,149,4,163,84,0,84,247
02/21/2016,SAC,CA,AWP,WE,Federal Contract Tower,0,1,27,0,28,0,8,143,1,152,0,9,170,1,180,138,0,138,318
02/22/2016,SAC,CA,AWP,WE,Federal Contract Tower,0,2,39,0,41,0,0,148,0,148,0,2,187,0,189,46,0,46,235
02/23/2016,SAC,CA,AWP,WE,Federal Contract Tower,0,1,33,0,34,0,3,155,1,159,0,4,188,1,193,74,0,74,267
02/24/2016,SAC,CA,AWP,WE,Federal Contract Tower,0,0,50,0,50,0,0,184,0,184,0,0,234,0,234,70,8,78,312
02/25/2016,SAC,CA,AWP,WE,Federal Contract Tower,0,3,57,3,63,0,3,194,3,200,0,6,251,6,263,62,0,62,325
02/26/2016,SAC,CA,AWP,WE,Federal Contract Tower,0,4,37,0,41,0,2,164,0,166,0,6,201,0,207,120,0,120,327
02/27/2016,SAC,CA,AWP,WE,Federal Contract Tower,0,0,53,0,53,0,0,178,4,182,0,0,231,4,235,70,0,70,305
02/28/2016,SAC,CA,AWP,WE,Federal Contract Tower,0,0,33,0,33,0,5,144,0,149,0,5,177,0,182,90,0,90,272
02/29/2016,SAC,CA,AWP,WE,Federal Contract Tower,0,11,54,0,65,0,10,156,0,166,0,21,210,0,231,80,0,80,311
03/01/2016,SAC,CA,AWP,WE,Federal Contract Tower,0,10,32,0,42,0,9,133,0,142,0,19,165,0,184,10,0,10,194
03/02/2016,SAC,CA,AWP,WE,Federal Contract Tower,0,2,47,0,49,0,3,140,0,143,0,5,187,0,192,126,0,126,318
03/03/2016,SAC,CA,AWP,WE,Federal Contract Tower,0,0,34,0,34,0,1,78,0,79,0,1,112,0,113,22,0,22,135
03/04/2016,SAC,CA,AWP,WE,Federal Contract Tower,0,4,32,0,36,0,3,72,0,75,0,7,104,0,111,92,0,92,203
03/05/2016,SAC,CA,AWP,WE,Federal Contract Tower,0,9,6,0,15,0,0,13,0,13,0,9,19,0,28,14,0,14,42
03/06/2016,SAC,CA,AWP,WE,Federal Contract Tower,0,0,13,0,13,0,0,70,0,70,0,0,83,0,83,66,0,66,149
03/07/2016,SAC,CA,AWP,WE,Federal Contract Tower,0,3,54,0,57,0,5,25,0,30,0,8,79,0,87,24,0,24,111
03/08/2016,SAC,CA,AWP,WE,Federal Contract Tower,0,0,51,0,51,0,0,145,0,145,0,0,196,0,196,84,0,84,280
03/09/2016,SAC,CA,AWP,WE,Federal Contract Tower,0,0,59,2,61,0,0,71,2,73,0,0,130,4,134,68,0,68,202
03/10/2016,SAC,CA,AWP,WE,Federal Contract Tower,0,0,19,0,19,0,0,52,0,52,0,0,71,0,71,44,0,44,115
03/11/2016,SAC,CA,AWP,WE,Federal Contract Tower,0,2,16,0,18,0,1,12,0,13,0,3,28,0,31,0,0,0,31
03/12/2016,SAC,CA,AWP,WE,Federal Contract Tower,0,0,26,1,27,0,0,41,1,42,0,0,67,2,69,46,0,46,115
03/13/2016,SAC,CA,AWP,WE,Federal Contract Tower,0,0,15,0,15,0,0,1,0,1,0,0,16,0,16,0,0,0,16
03/14/2016,SAC,CA,AWP,WE,Federal Contract Tower,0,0,50,0,50,0,1,129,0,130,0,1,179,0,180,80,0,80,260
03/15/2016,SAC,CA,AWP,WE,Federal Contract Tower,0,3,37,2,42,0,9,149,2,160,0,12,186,4,202,74,0,74,276
03/16/2016,SAC,CA,AWP,WE,Federal Contract Tower,0,1,45,2,48,0,2,216,2,220,0,3,261,4,268,52,0,52,320
03/17/2016,SAC,CA,AWP,WE,Federal Contract Tower,0,5,40,0,45,0,7,189,0,196,0,12,229,0,241,134,0,134,375
03/18/2016,SAC,CA,AWP,WE,Federal Contract Tower,0,0,54,0,54,0,0,263,0,263,0,0,317,0,317,62,0,62,379
03/19/2016,SAC,CA,AWP,WE,Federal Contract Tower,0,1,41,0,42,0,2,166,3,171,0,3,207,3,213,40,0,40,253
03/20/2016,SAC,CA,AWP,WE,Federal Contract Tower,0,0,52,0,52,0,1,96,0,97,0,1,148,0,149,74,0,74,223
03/21/2016,SAC,CA,AWP,WE,Federal Contract Tower,0,0,50,0,50,0,2,86,0,88,0,2,136,0,138,24,0,24,162
03/22/2016,SAC,CA,AWP,WE,Federal Contract Tower,0,0,40,0,40,0,1,135,1,137,0,1,175,1,177,80,2,82,259
03/23/2016,SAC,CA,AWP,WE,Federal Contract Tower,0,0,55,0,55,0,5,200,12,217,0,5,255,12,272,92,0,92,364
03/24/2016,SAC,CA,AWP,WE,Federal Contract Tower,0,2,61,0,63,0,8,167,0,175,0,10,228,0,238,70,0,70,308
03/25/2016,SAC,CA,AWP,WE,Federal Contract Tower,0,0,49,0,49,0,3,181,0,184,0,3,230,0,233,76,0,76,309
03/26/2016,SAC,CA,AWP,WE,Federal Contract Tower,0,1,37,0,38,0,3,245,0,248,0,4,282,0,286,138,0,138,424
03/27/2016,SAC,CA,AWP,WE,Federal Contract Tower,0,0,25,0,25,0,7,82,0,89,0,7,107,0,114,24,0,24,138
03/28/2016,SAC,CA,AWP,WE,Federal Contract Tower,0,1,22,2,25,0,2,72,0,74,0,3,94,2,99,70,0,70,169
03/29/2016,SAC,CA,AWP,WE,Federal Contract Tower,0,1,50,0,51,0,8,158,1,167,0,9,208,1,218,52,0,52,270
03/30/2016,SAC,CA,AWP,WE,Federal Contract Tower,0,4,60,0,64,0,5,216,0,221,0,9,276,0,285,72,0,72,357
03/31/2016,SAC,CA,AWP,WE,Federal Contract Tower,0,8,47,0,55,0,2,206,0,208,0,10,253,0,263,92,0,92,355
04/01/2016,SAC,CA,AWP,WE,Federal Contract Tower,0,0,51,0,51,0,0,212,0,212,0,0,263,0,263,58,0,58,321
04/02/2016,SAC,CA,AWP,WE,Federal Contract Tower,0,2,47,1,50,0,3,260,4,267,0,5,307,5,317,92,0,92,409
04/03/2016,SAC,CA,AWP,WE,Federal Contract Tower,0,0,39,0,39,0,8,176,1,185,0,8,215,1,224,28,0,28,252
04/04/2016,SAC,CA,AWP,WE,Federal Contract Tower,0,0,23,2,25,0,5,117,2,124,0,5,140,4,149,120,0,120,269
04/05/2016,SAC,CA,AWP,WE,Federal Contract Tower,0,3,39,0,42,0,2,143,1,146,0,5,182,1,188,46,0,46,234
04/06/2016,SAC,CA,AWP,WE,Federal Contract Tower,0,0,38,0,38,0,0,187,0,187,0,0,225,0,225,80,0,80,305
04/07/2016,SAC,CA,AWP,WE,Federal Contract Tower,0,1,39,0,40,0,2,167,0,169,0,3,206,0,209,68,0,68,277
04/08/2016,SAC,CA,AWP,WE,Federal Contract Tower,0,10,48,0,58,0,9,161,0,170,0,19,209,0,228,86,0,86,314
04/09/2016,SAC,CA,AWP,WE,Federal Contract Tower,0,0,34,0,34,0,0,38,0,38,0,0,72,0,72,32,0,32,104
04/10/2016,SAC,CA,AWP,WE,Federal Contract Tower,0,0,43,0,43,0,7,48,0,55,0,7,91,0,98,50,0,50,148
04/11/2016,SAC,CA,AWP,WE,Federal Contract Tower,0,0,31,0,31,0,2,123,0,125,0,2,154,0,156,140,0,140,296
04/12/2016,SAC,CA,AWP,WE,Federal Contract Tower,0,4,43,2,49,0,4,114,2,120,0,8,157,4,169,54,0,54,223
04/13/2016,SAC,CA,AWP,WE,Federal Contract Tower,0,3,28,0,31,0,10,169,0,179,0,13,197,0,210,88,0,88,298
04/14/2016,SAC,CA,AWP,WE,Federal Contract Tower,0,0,34,6,40,0,6,144,2,152,0,6,178,8,192,158,0,158,350
04/15/2016,SAC,CA,AWP,WE,Federal Contract Tower,0,0,33,0,33,0,0,132,2,134,0,0,165,2,167,32,0,32,199
04/16/2016,SAC,CA,AWP,WE,Federal Contract Tower,0,0,30,2,32,0,5,200,6,211,0,5,230,8,243,20,6,26,269
04/17/2016,SAC,CA,AWP,WE,Federal Contract Tower,0,1,24,0,25,0,4,197,0,201,0,5,221,0,226,86,0,86,312
04/18/2016,SAC,CA,AWP,WE,Federal Contract Tower,0,0,43,0,43,0,4,163,0,167,0,4,206,0,210,34,0,34,244
04/19/2016,SAC,CA,AWP,WE,Federal Contract Tower,0,4,49,0,53,0,6,192,0,198,0,10,241,0,251,76,0,76,327
04/20/2016,SAC,CA,AWP,WE,Federal Contract Tower,0,8,35,0,43,0,5,191,0,196,0,13,226,0,239,108,0,108,347
04/21/2016,SAC,CA,AWP,WE,Federal Contract Tower,0,2,51,2,55,0,4,146,0,150,0,6,197,2,205,82,0,82,287
04/22/2016,SAC,CA,AWP,WE,Federal Contract Tower,0,1,6,0,7,0,0,58,0,58,0,1,64,0,65,20,0,20,85
04/23/2016,SAC,CA,AWP,WE,Federal Contract Tower,0,1,63,0,64,0,0,207,5,212,0,1,270,5,276,70,0,70,346
04/24/2016,SAC,CA,AWP,WE,Federal Contract Tower,0,21,34,0,55,0,5,134,0,139,0,26,168,0,194,72,0,72,266
04/25/2016,SAC,CA,AWP,WE,Federal Contract Tower,0,2,28,0,30,0,3,110,0,113,0,5,138,0,143,26,0,26,169
04/26/2016,SAC,CA,AWP,WE,Federal Contract Tower,0,1,51,2,54,0,1,209,2,212,0,2,260,4,266,76,0,76,342
04/27/2016,SAC,CA,AWP,WE,Federal Contract Tower,0,6,35,0,41,0,4,117,0,121,0,10,152,0,162,64,0,64,226
04/28/2016,SAC,CA,AWP,WE,Federal Contract Tower,0,1,69,0,70,0,1,156,0,157,0,2,225,0,227,46,0,46,273
04/29/2016,SAC,CA,AWP,WE,Federal Contract Tower,0,0,70,1,71,0,4,218,12,234,0,4,288,13,305,50,0,50,355
04/30/2016,SAC,CA,AWP,WE,Federal Contract Tower,0,0,4,0,4,0,5,51,2,58,0,5,55,2,62,16,0,16,78
05/01/2016,SAC,CA,AWP,WE,Federal Contract Tower,0,2,52,0,54,0,7,194,11,212,0,9,246,11,266,68,0,68,334
05/02/2016,SAC,CA,AWP,WE,Federal Contract Tower,0,7,58,0,65,0,5,188,0,193,0,12,246,0,258,112,0,112,370
05/03/2016,SAC,CA,AWP,WE,Federal Contract Tower,0,5,61,0,66,0,2,173,0,175,0,7,234,0,241,124,0,124,365
05/04/2016,SAC,CA,AWP,WE,Federal Contract Tower,0,4,78,2,84,0,0,172,1,173,0,4,250,3,257,138,0,138,395
05/05/2016,SAC,CA,AWP,WE,Federal Contract Tower,0,5,46,0,51,0,0,86,0,86,0,5,132,0,137,68,0,68,205
05/06/2016,SAC,CA,AWP,WE,Federal Contract Tower,0,0,61,4,65,0,0,94,8,102,0,0,155,12,167,144,0,144,311
05/08/2016,SAC,CA,AWP,WE,Federal Contract Tower,0,2,47,0,49,0,4,88,0,92,0,6,135,0,141,26,0,26,167
05/09/2016,SAC,CA,AWP,WE,Federal Contract Tower,0,2,69,0,71,0,6,174,0,180,0,8,243,0,251,58,0,58,309
05/10/2016,SAC,CA,AWP,WE,Federal Contract Tower,0,2,55,0,57,0,2,173,0,175,0,4,228,0,232,94,0,94,326
05/11/2016,SAC,CA,AWP,WE,Federal Contract Tower,0,2,58,0,60,0,7,207,2,216,0,9,265,2,276,90,0,90,366
05/12/2016,SAC,CA,AWP,WE,Federal Contract Tower,0,4,48,2,54,0,0,182,2,184,0,4,230,4,238,94,0,94,332
05/13/2016,SAC,CA,AWP,WE,Federal Contract Tower,0,6,61,5,72,0,3,193,5,201,0,9,254,10,273,98,0,98,371
05/14/2016,SAC,CA,AWP,WE,Federal Contract Tower,0,0,34,0,34,0,2,150,0,152,0,2,184,0,186,148,0,148,334
05/15/2016,SAC,CA,AWP,WE,Federal Contract Tower,0,2,34,0,36,0,16,234,1,251,0,18,268,1,287,50,0,50,337
05/16/2016,SAC,CA,AWP,WE,Federal Contract Tower,0,0,37,0,37,0,4,146,0,150,0,4,183,0,187,80,0,80,267
05/17/2016,SAC,CA,AWP,WE,Federal Contract Tower,0,6,62,0,68,0,1,167,0,168,0,7,229,0,236,28,0,28,264
05/18/2016,SAC,CA,AWP,WE,Federal Contract Tower,0,5,73,2,80,0,8,240,0,248,0,13,313,2,328,122,0,122,450
05/19/2016,SAC,CA,AWP,WE,Federal Contract Tower,0,3,48,4,55,0,1,154,4,159,0,4,202,8,214,108,4,112,326
05/20/2016,SAC,CA,AWP,WE,Federal Contract Tower,0,1,29,1,31,0,0,101,1,102,0,1,130,2,133,75,0,75,208
05/21/2016,SAC,CA,AWP,WE,Federal Contract Tower,0,11,48,0,59,0,10,105,0,115,0,21,153,0,174,60,0,60,234
05/22/2016,SAC,CA,AWP,WE,Federal Contract Tower,0,4,51,0,55,0,3,184,0,187,0,7,235,0,242,46,0,46,288
05/23/2016,SAC,CA,AWP,WE,Federal Contract Tower,0,4,42,0,46,0,7,152,0,159,0,11,194,0,205,72,0,72,277
05/24/2016,SAC,CA,AWP,WE,Federal Contract Tower,0,5,48,2,55,0,5,155,2,162,0,10,203,4,217,62,0,62,279
05/25/2016,SAC,CA,AWP,WE,Federal Contract Tower,0,6,78,2,86,0,4,216,10,230,0,10,294,12,316,62,0,62,378
05/26/2016,SAC,CA,AWP,WE,Federal Contract Tower,0,3,48,0,51,0,4,218,0,222,0,7,266,0,273,44,0,44,317
05/27/2016,SAC,CA,AWP,WE,Federal Contract Tower,0,0,51,0,51,0,0,214,9,223,0,0,265,9,274,78,4,82,356
05/28/2016,SAC,CA,AWP,WE,Federal Contract Tower,0,2,40,0,42,0,0,196,2,198,0,2,236,2,240,114,0,114,354
05/29/2016,SAC,CA,AWP,WE,Federal Contract Tower,0,0,29,0,29,0,8,153,1,162,0,8,182,1,191,70,0,70,261
05/30/2016,SAC,CA,AWP,WE,Federal Contract Tower,0,0,29,0,29,0,0,161,1,162,0,0,190,1,191,94,0,94,285
05/31/2016,SAC,CA,AWP,WE,Federal Contract Tower,0,9,71,2,82,0,9,173,2,184,0,18,244,4,266,80,0,80,346
06/01/2016,SAC,CA,AWP,WE,Federal Contract Tower,0,0,63,0,63,0,3,194,0,197,0,3,257,0,260,84,0,84,344
06/02/2016,SAC,CA,AWP,WE,Federal Contract Tower,0,4,45,0,49,0,6,145,0,151,0,10,190,0,200,116,0,116,316
06/03/2016,SAC,CA,AWP,WE,Federal Contract Tower,0,0,42,0,42,0,0,182,0,182,0,0,224,0,224,78,0,78,302
06/04/2016,SAC,CA,AWP,WE,Federal Contract Tower,0,0,48,0,48,0,0,147,2,149,0,0,195,2,197,96,0,96,293
06/05/2016,SAC,CA,AWP,WE,Federal Contract Tower,0,4,46,0,50,0,9,148,0,157,0,13,194,0,207,34,0,34,241
06/06/2016,SAC,CA,AWP,WE,Federal Contract Tower,0,5,38,0,43,0,6,105,0,111,0,11,143,0,154,88,0,88,242
06/08/2016,SAC,CA,AWP,WE,Federal Contract Tower,0,1,33,0,34,0,1,132,0,133,0,2,165,0,167,62,0,62,229
06/09/2016,SAC,CA,AWP,WE,Federal Contract Tower,0,0,52,0,52,0,1,160,0,161,0,1,212,0,213,40,0,40,253
06/10/2016,SAC,CA,AWP,WE,Federal Contract Tower,0,0,29,0,29,0,1,166,0,167,0,1,195,0,196,28,0,28,224
06/11/2016,SAC,CA,AWP,WE,Federal Contract Tower,0,3,36,0,39,0,6,188,0,194,0,9,224,0,233,32,0,32,265
06/12/2016,SAC,CA,AWP,WE,Federal Contract Tower,0,0,41,3,44,0,1,173,3,177,0,1,214,6,221,84,0,84,305
06/13/2016,SAC,CA,AWP,WE,Federal Contract Tower,0,0,17,0,17,0,7,136,0,143,0,7,153,0,160,82,0,82,242
06/14/2016,SAC,CA,AWP,WE,Federal Contract Tower,0,0,22,0,22,0,0,128,0,128,0,0,150,0,150,94,0,94,244
06/15/2016,SAC,CA,AWP,WE,Federal Contract Tower,0,1,63,0,64,0,0,146,0,146,0,1,209,0,210,72,0,72,282
06/16/2016,SAC,CA,AWP,WE,Federal Contract Tower,0,2,37,0,39,0,1,186,0,187,0,3,223,0,226,64,0,64,290
06/17/2016,SAC,CA,AWP,WE,Federal Contract Tower,0,10,50,0,60,0,12,191,1,204,0,22,241,1,264,34,0,34,298
06/18/2016,SAC,CA,AWP,WE,Federal Contract Tower,0,0,34,0,34,0,2,182,1,185,0,2,216,1,219,100,0,100,319
06/19/2016,SAC,CA,AWP,WE,Federal Contract Tower,0,0,36,0,36,0,3,172,0,175,0,3,208,0,211,62,0,62,273
06/20/2016,SAC,CA,AWP,WE,Federal Contract Tower,0,1,36,0,37,0,8,180,0,188,0,9,216,0,225,118,0,118,343
06/21/2016,SAC,CA,AWP,WE,Federal Contract Tower,0,8,41,5,54,0,15,158,5,178,0,23,199,10,232,28,0,28,260
06/22/2016,SAC,CA,AWP,WE,Federal Contract Tower,0,2,49,0,51,0,0,191,0,191,0,2,240,0,242,96,0,96,338
06/23/2016,SAC,CA,AWP,WE,Federal Contract Tower,0,3,67,0,70,0,4,196,0,200,0,7,263,0,270,48,0,48,318
06/24/2016,SAC,CA,AWP,WE,Federal Contract Tower,0,0,51,0,51,0,0,205,0,205,0,0,256,0,256,46,0,46,302
06/25/2016,SAC,CA,AWP,WE,Federal Contract Tower,0,2,23,0,25,0,2,133,0,135,0,4,156,0,160,30,0,30,190
06/26/2016,SAC,CA,AWP,WE,Federal Contract Tower,0,2,34,0,36,0,6,159,0,165,0,8,193,0,201,66,0,66,267
06/27/2016,SAC,CA,AWP,WE,Federal Contract Tower,0,5,55,0,60,0,2,148,0,150,0,7,203,0,210,32,0,32,242
06/28/2016,SAC,CA,AWP,WE,Federal Contract Tower,0,6,45,0,51,0,5,136,0,141,0,11,181,0,192,32,0,32,224
06/29/2016,SAC,CA,AWP,WE,Federal Contract Tower,0,0,68,0,68,0,0,187,2,189,0,0,255,2,257,40,2,42,299
06/30/2016,SAC,CA,AWP,WE,Federal Contract Tower,0,3,65,0,68,0,2,177,0,179,0,5,242,0,247,92,0,92,339
07/01/2016,SAC,CA,AWP,WE,Federal Contract Tower,0,0,55,1,56,0,0,191,1,192,0,0,246,2,248,44,0,44,292
07/02/2016,SAC,CA,AWP,WE,Federal Contract Tower,0,2,34,0,36,0,4,149,0,153,0,6,183,0,189,56,2,58,247
07/03/2016,SAC,CA,AWP,WE,Federal Contract Tower,0,0,15,0,15,0,9,122,0,131,0,9,137,0,146,56,0,56,202
07/04/2016,SAC,CA,AWP,WE,Federal Contract Tower,0,2,15,0,17,0,9,83,0,92,0,11,98,0,109,10,0,10,119
07/05/2016,SAC,CA,AWP,WE,Federal Contract Tower,0,2,46,0,48,0,6,143,0,149,0,8,189,0,197,64,0,64,261
07/06/2016,SAC,CA,AWP,WE,Federal Contract Tower,0,4,52,2,58,0,3,225,0,228,0,7,277,2,286,106,0,106,392
07/07/2016,SAC,CA,AWP,WE,Federal Contract Tower,0,0,64,2,66,0,2,209,2,213,0,2,273,4,279,82,2,84,363
07/08/2016,SAC,CA,AWP,WE,Federal Contract Tower,0,3,27,0,30,0,2,178,2,182,0,5,205,2,212,78,0,78,290
07/09/2016,SAC,CA,AWP,WE,Federal Contract Tower,0,0,36,0,36,0,0,153,8,161,0,0,189,8,197,50,0,50,247
07/10/2016,SAC,CA,AWP,WE,Federal Contract Tower,0,0,37,0,37,0,1,177,0,178,0,1,214,0,215,82,0,82,297
07/11/2016,SAC,CA,AWP,WE,Federal Contract Tower,0,1,54,0,55,0,6,164,0,170,0,7,218,0,225,52,0,52,277
07/12/2016,SAC,CA,AWP,WE,Federal Contract Tower,0,1,58,0,59,0,4,169,0,173,0,5,227,0,232,96,0,96,328
07/13/2016,SAC,CA,AWP,WE,Federal Contract Tower,0,6,46,0,52,0,2,162,0,164,0,8,208,0,216,82,0,82,298
07/14/2016,SAC,CA,AWP,WE,Federal Contract Tower,0,3,37,2,42,0,1,137,2,140,0,4,174,4,182,52,0,52,234
07/15/2016,SAC,CA,AWP,WE,Federal Contract Tower,0,2,41,2,45,0,8,144,0,152,0,10,185,2,197,60,0,60,257
07/16/2016,SAC,CA,AWP,WE,Federal Contract Tower,0,0,23,0,23,0,0,185,1,186,0,0,208,1,209,54,0,54,263
07/17/2016,SAC,CA,AWP,WE,Federal Contract Tower,0,0,74,0,74,0,2,203,1,206,0,2,277,1,280,44,0,44,324
07/18/2016,SAC,CA,AWP,WE,Federal Contract Tower,0,4,64,0,68,0,6,153,0,159,0,10,217,0,227,28,0,28,255
07/19/2016,SAC,CA,AWP,WE,Federal Contract Tower,0,7,74,0,81,0,7,168,0,175,0,14,242,0,256,58,0,58,314
07/20/2016,SAC,CA,AWP,WE,Federal Contract Tower,0,8,60,0,68,0,6,235,0,241,0,14,295,0,309,118,0,118,427
07/21/2016,SAC,CA,AWP,WE,Federal Contract Tower,0,7,78,6,91,0,8,204,7,219,0,15,282,13,310,106,4,110,420
07/22/2016,SAC,CA,AWP,WE,Federal Contract Tower,0,0,39,0,39,0,0,181,1,182,0,0,220,1,221,74,0,74,295
07/23/2016,SAC,CA,AWP,WE,Federal Contract Tower,0,0,34,0,34,0,3,148,0,151,0,3,182,0,185,56,0,56,241
07/24/2016,SAC,CA,AWP,WE,Federal Contract Tower,0,2,29,0,31,0,8,146,0,154,0,10,175,0,185,56,0,56,241
07/25/2016,SAC,CA,AWP,WE,Federal Contract Tower,0,5,34,0,39,0,19,136,0,155,0,24,170,0,194,28,0,28,222
07/26/2016,SAC,CA,AWP,WE,Federal Contract Tower,0,1,43,0,44,0,0,139,1,140,0,1,182,1,184,68,0,68,252
07/27/2016,SAC,CA,AWP,WE,Federal Contract Tower,0,0,33,3,36,0,8,170,3,181,0,8,203,6,217,68,0,68,285
07/28/2016,SAC,CA,AWP,WE,Federal Contract Tower,0,0,28,0,28,0,2,145,0,147,0,2,173,0,175,130,0,130,305
07/29/2016,SAC,CA,AWP,WE,Federal Contract Tower,0,0,27,1,28,0,3,133,1,137,0,3,160,2,165,74,0,74,239
07/30/2016,SAC,CA,AWP,WE,Federal Contract Tower,0,3,39,0,42,0,2,158,2,162,0,5,197,2,204,80,0,80,284
07/31/2016,SAC,CA,AWP,WE,Federal Contract Tower,0,3,30,0,33,0,2,129,0,131,0,5,159,0,164,96,0,96,260
08/01/2016,SAC,CA,AWP,WE,Federal Contract Tower,0,4,22,0,26,0,10,129,0,139,0,14,151,0,165,48,0,48,213
08/02/2016,SAC,CA,AWP,WE,Federal Contract Tower,0,1,28,2,31,0,2,121,2,125,0,3,149,4,156,56,0,56,212
08/03/2016,SAC,CA,AWP,WE,Federal Contract Tower,0,0,43,0,43,0,1,195,0,196,0,1,238,0,239,108,0,108,347
08/04/2016,SAC,CA,AWP,WE,Federal Contract Tower,0,2,40,3,45,0,1,160,1,162,0,3,200,4,207,74,0,74,281
08/05/2016,SAC,CA,AWP,WE,Federal Contract Tower,0,0,36,0,36,0,0,205,1,206,0,0,241,1,242,196,0,196,438
08/06/2016,SAC,CA,AWP,WE,Federal Contract Tower,0,0,52,0,52,0,2,198,0,200,0,2,250,0,252,62,0,62,314
08/07/2016,SAC,CA,AWP,WE,Federal Contract Tower,0,1,19,0,20,0,5,119,0,124,0,6,138,0,144,96,0,96,240
08/08/2016,SAC,CA,AWP,WE,Federal Contract Tower,0,2,62,0,64,0,12,174,0,186,0,14,236,0,250,52,8,60,310
08/09/2016,SAC,CA,AWP,WE,Federal Contract Tower,0,4,54,0,58,0,4,164,0,168,0,8,218,0,226,82,0,82,308
08/10/2016,SAC,CA,AWP,WE,Federal Contract Tower,0,0,74,2,76,0,4,214,2,220,0,4,288,4,296,74,2,76,372
08/11/2016,SAC,CA,AWP,WE,Federal Contract Tower,0,3,54,0,57,0,1,183,0,184,0,4,237,0,241,116,0,116,357
08/12/2016,SAC,CA,AWP,WE,Federal Contract Tower,0,0,50,0,50,0,4,162,0,166,0,4,212,0,216,58,0,58,274
08/13/2016,SAC,CA,AWP,WE,Federal Contract Tower,0,2,31,0,33,0,5,167,0,172,0,7,198,0,205,34,0,34,239
08/14/2016,SAC,CA,AWP,WE,Federal Contract Tower,0,2,47,0,49,0,2,156,0,158,0,4,203,0,207,36,0,36,243
08/15/2016,SAC,CA,AWP,WE,Federal Contract Tower,0,2,36,0,38,0,22,128,0,150,0,24,164,0,188,50,0,50,238
08/16/2016,SAC,CA,AWP,WE,Federal Contract Tower,0,1,41,0,42,0,16,163,0,179,0,17,204,0,221,168,0,168,389
08/17/2016,SAC,CA,AWP,WE,Federal Contract Tower,0,2,55,2,59,0,5,205,0,210,0,7,260,2,269,136,0,136,405
08/18/2016,SAC,CA,AWP,WE,Federal Contract Tower,0,0,35,1,36,0,2,148,3,153,0,2,183,4,189,190,0,190,379
08/19/2016,SAC,CA,AWP,WE,Federal Contract Tower,0,0,53,0,53,0,3,189,1,193,0,3,242,1,246,108,0,108,354
08/20/2016,SAC,CA,AWP,WE,Federal Contract Tower,0,0,36,0,36,0,7,189,0,196,0,7,225,0,232,72,0,72,304
08/21/2016,SAC,CA,AWP,WE,Federal Contract Tower,0,1,28,0,29,0,9,200,0,209,0,10,228,0,238,98,0,98,336
08/22/2016,SAC,CA,AWP,WE,Federal Contract Tower,0,2,34,2,38,0,17,142,0,159,0,19,176,2,197,60,0,60,257
08/23/2016,SAC,CA,AWP,WE,Federal Contract Tower,0,0,57,0,57,0,3,185,0,188,0,3,242,0,245,160,0,160,405
08/24/2016,SAC,CA,AWP,WE,Federal Contract Tower,0,3,60,3,66,0,0,176,3,179,0,3,236,6,245,150,0,150,395
08/25/2016,SAC,CA,AWP,WE,Federal Contract Tower,0,0,44,0,44,0,1,197,0,198,0,1,241,0,242,126,0,126,368
08/26/2016,SAC,CA,AWP,WE,Federal Contract Tower,0,2,52,1,55,0,2,183,3,188,0,4,235,4,243,74,0,74,317
08/27/2016,SAC,CA,AWP,WE,Federal Contract Tower,0,0,32,0,32,0,6,208,0,214,0,6,240,0,246,82,0,82,328
08/28/2016,SAC,CA,AWP,WE,Federal Contract Tower,0,1,49,0,50,0,6,176,0,182,0,7,225,0,232,76,0,76,308
08/29/2016,SAC,CA,AWP,WE,Federal Contract Tower,0,8,49,0,57,0,13,156,0,169,0,21,205,0,226,56,0,56,282
08/30/2016,SAC,CA,AWP,WE,Federal Contract Tower,0,3,47,0,50,0,5,153,0,158,0,8,200,0,208,56,0,56,264
08/31/2016,SAC,CA,AWP,WE,Federal Contract Tower,0,3,37,3,43,0,0,179,1,180,0,3,216,4,223,66,2,68,291
09/01/2016,SAC,CA,AWP,WE,Federal Contract Tower,0,0,28,4,32,0,0,180,4,184,0,0,208,8,216,84,0,84,300
09/02/2016,SAC,CA,AWP,WE,Federal Contract Tower,0,0,25,0,25,0,1,129,0,130,0,1,154,0,155,28,0,28,183
09/03/2016,SAC,CA,AWP,WE,Federal Contract Tower,0,0,17,1,18,0,5,172,1,178,0,5,189,2,196,48,0,48,244
09/04/2016,SAC,CA,AWP,WE,Federal Contract Tower,0,3,45,0,48,0,12,142,0,154,0,15,187,0,202,20,0,20,222
09/05/2016,SAC,CA,AWP,WE,Federal Contract Tower,0,1,34,0,35,0,12,146,0,158,0,13,180,0,193,78,0,78,271
09/06/2016,SAC,CA,AWP,WE,Federal Contract Tower,0,1,40,0,41,0,2,155,0,157,0,3,195,0,198,54,0,54,252
09/07/2016,SAC,CA,AWP,WE,Federal Contract Tower,0,0,69,1,70,0,0,246,0,246,0,0,315,1,316,74,4,78,394
09/08/2016,SAC,CA,AWP,WE,Federal Contract Tower,0,0,47,6,53,0,1,169,7,177,0,1,216,13,230,124,0,124,354
09/09/2016,SAC,CA,AWP,WE,Federal Contract Tower,0,2,58,0,60,0,0,160,0,160,0,2,218,0,220,58,0,58,278
09/10/2016,SAC,CA,AWP,WE,Federal Contract Tower,0,1,28,0,29,0,6,204,0,210,0,7,232,0,239,106,0,106,345
09/11/2016,SAC,CA,AWP,WE,Federal Contract Tower,0,0,43,0,43,0,2,155,0,157,0,2,198,0,200,68,0,68,268
09/12/2016,SAC,CA,AWP,WE,Federal Contract Tower,0,2,31,0,33,0,20,136,0,156,0,22,167,0,189,178,0,178,367
09/13/2016,SAC,CA,AWP,WE,Federal Contract Tower,0,0,46,4,50,0,2,161,4,167,0,2,207,8,217,138,0,138,355
09/14/2016,SAC,CA,AWP,WE,Federal Contract Tower,0,1,38,0,39,0,1,161,3,165,0,2,199,3,204,198,0,198,402
09/15/2016,SAC,CA,AWP,WE,Federal Contract Tower,0,3,56,3,62,0,0,217,2,219,0,3,273,5,281,148,0,148,429
09/16/2016,SAC,CA,AWP,WE,Federal Contract Tower,0,2,47,0,49,0,3,173,1,177,0,5,220,1,226,234,0,234,460
09/17/2016,SAC,CA,AWP,WE,Federal Contract Tower,0,2,46,0,48,0,5,176,0,181,0,7,222,0,229,42,0,42,271
09/18/2016,SAC,CA,AWP,WE,Federal Contract Tower,0,2,23,0,25,0,4,180,0,184,0,6,203,0,209,64,0,64,273
09/19/2016,SAC,CA,AWP,WE,Federal Contract Tower,0,2,49,2,53,0,10,170,2,182,0,12,219,4,235,184,0,184,419
09/20/2016,SAC,CA,AWP,WE,Federal Contract Tower,0,2,44,0,46,0,7,147,0,154,0,9,191,0,200,98,0,98,298
09/21/2016,SAC,CA,AWP,WE,Federal Contract Tower,0,2,33,0,35,0,0,146,0,146,0,2,179,0,181,186,0,186,367
09/22/2016,SAC,CA,AWP,WE,Federal Contract Tower,0,3,39,0,42,0,0,140,0,140,0,3,179,0,182,90,0,90,272
09/23/2016,SAC,CA,AWP,WE,Federal Contract Tower,0,0,35,8,43,0,0,143,9,152,0,0,178,17,195,86,0,86,281
09/24/2016,SAC,CA,AWP,WE,Federal Contract Tower,0,1,58,0,59,0,1,234,0,235,0,2,292,0,294,72,0,72,366
09/25/2016,SAC,CA,AWP,WE,Federal Contract Tower,0,4,32,0,36,0,10,176,0,186,0,14,208,0,222,108,0,108,330
09/26/2016,SAC,CA,AWP,WE,Federal Contract Tower,0,3,30,0,33,0,10,137,0,147,0,13,167,0,180,44,0,44,224
09/27/2016,SAC,CA,AWP,WE,Federal Contract Tower,0,0,25,0,25,0,0,135,0,135,0,0,160,0,160,72,0,72,232
09/28/2016,SAC,CA,AWP,WE,Federal Contract Tower,0,5,42,0,47,0,11,161,0,172,0,16,203,0,219,96,0,96,315
09/29/2016,SAC,CA,AWP,WE,Federal Contract Tower,0,6,66,0,72,0,8,179,0,187,0,14,245,0,259,92,0,92,351
09/30/2016,SAC,CA,AWP,WE,Federal Contract Tower,0,0,28,0,28,0,7,126,0,133,0,7,154,0,161,46,0,46,207
10/01/2016,SAC,CA,AWP,WE,Federal Contract Tower,0,0,49,4,53,0,4,195,1,200,0,4,244,5,253,44,0,44,297
10/02/2016,SAC,CA,AWP,WE,Federal Contract Tower,0,0,17,0,17,0,4,110,0,114,0,4,127,0,131,68,0,68,199
10/03/2016,SAC,CA,AWP,WE,Federal Contract Tower,0,8,53,0,61,0,4,123,0,127,0,12,176,0,188,64,0,64,252
10/04/2016,SAC,CA,AWP,WE,Federal Contract Tower,0,3,40,0,43,0,0,127,0,127,0,3,167,0,170,70,0,70,240
10/05/2016,SAC,CA,AWP,WE,Federal Contract Tower,0,8,43,0,51,0,5,195,0,200,0,13,238,0,251,146,0,146,397
10/06/2016,SAC,CA,AWP,WE,Federal Contract Tower,0,0,46,4,50,0,2,195,6,203,0,2,241,10,253,136,0,136,389
10/07/2016,SAC,CA,AWP,WE,Federal Contract Tower,0,0,42,2,44,0,0,218,0,218,0,0,260,2,262,124,0,124,386
10/08/2016,SAC,CA,AWP,WE,Federal Contract Tower,0,0,32,0,32,0,4,214,0,218,0,4,246,0,250,104,0,104,354
10/09/2016,SAC,CA,AWP,WE,Federal Contract Tower,0,0,38,0,38,0,11,154,0,165,0,11,192,0,203,154,0,154,357
10/10/2016,SAC,CA,AWP,WE,Federal Contract Tower,0,2,73,0,75,0,10,161,0,171,0,12,234,0,246,20,0,20,266
10/11/2016,SAC,CA,AWP,WE,Federal Contract Tower,0,1,43,0,44,0,1,134,0,135,0,2,177,0,179,92,0,92,271
10/12/2016,SAC,CA,AWP,WE,Federal Contract Tower,0,0,70,0,70,0,1,215,0,216,0,1,285,0,286,102,0,102,388
10/13/2016,SAC,CA,AWP,WE,Federal Contract Tower,0,0,35,0,35,0,1,145,2,148,0,1,180,2,183,184,2,186,369
10/14/2016,SAC,CA,AWP,WE,Federal Contract Tower,0,0,47,0,47,0,0,5,0,5,0,0,52,0,52,2,0,2,54
10/15/2016,SAC,CA,AWP,WE,Federal Contract Tower,0,0,33,0,33,0,4,56,0,60,0,4,89,0,93,52,0,52,145
10/16/2016,SAC,CA,AWP,WE,Federal Contract Tower,0,4,23,0,27,0,2,9,0,11,0,6,32,0,38,0,0,0,38
10/17/2016,SAC,CA,AWP,WE,Federal Contract Tower,0,0,24,0,24,0,2,112,0,114,0,2,136,0,138,128,0,128,266
10/18/2016,SAC,CA,AWP,WE,Federal Contract Tower,0,7,59,0,66,0,7,182,7,196,0,14,241,7,262,80,0,80,342
10/19/2016,SAC,CA,AWP,WE,Federal Contract Tower,0,2,47,2,51,0,5,178,4,187,0,7,225,6,238,76,0,76,314
10/20/2016,SAC,CA,AWP,WE,Federal Contract Tower,0,4,58,4,66,0,0,219,13,232,0,4,277,17,298,110,10,120,418
10/21/2016,SAC,CA,AWP,WE,Federal Contract Tower,0,2,38,0,40,0,0,179,0,179,0,2,217,0,219,64,0,64,283
10/22/2016,SAC,CA,AWP,WE,Federal Contract Tower,0,0,36,0,36,0,2,248,0,250,0,2,284,0,286,128,0,128,414
10/23/2016,SAC,CA,AWP,WE,Federal Contract Tower,0,0,19,0,19,0,0,301,0,301,0,0,320,0,320,60,0,60,380
10/24/2016,SAC,CA,AWP,WE,Federal Contract Tower,0,0,45,0,45,0,1,117,0,118,0,1,162,0,163,150,0,150,313
10/25/2016,SAC,CA,AWP,WE,Federal Contract Tower,0,3,40,0,43,0,3,76,2,81,0,6,116,2,124,104,2,106,230
10/26/2016,SAC,CA,AWP,WE,Federal Contract Tower,0,3,50,0,53,0,10,232,1,243,0,13,282,1,296,180,2,182,478
10/27/2016,SAC,CA,AWP,WE,Federal Contract Tower,0,4,47,6,57,0,2,62,0,64,0,6,109,6,121,112,0,112,233
10/28/2016,SAC,CA,AWP,WE,Federal Contract Tower,0,1,53,0,54,0,0,43,0,43,0,1,96,0,97,10,0,10,107
10/29/2016,SAC,CA,AWP,WE,Federal Contract Tower,0,0,66,0,66,0,1,149,0,150,0,1,215,0,216,110,0,110,326
10/30/2016,SAC,CA,AWP,WE,Federal Contract Tower,0,0,20,0,20,0,2,18,0,20,0,2,38,0,40,74,0,74,114
10/31/2016,SAC,CA,AWP,WE,Federal Contract Tower,0,3,41,0,44,0,4,123,0,127,0,7,164,0,171,80,0,80,251
11/01/2016,SAC,CA,AWP,WE,Federal Contract Tower,0,1,62,0,63,0,0,144,0,144,0,1,206,0,207,124,0,124,331
11/02/2016,SAC,CA,AWP,WE,Federal Contract Tower,0,2,44,0,46,0,2,150,0,152,0,4,194,0,198,46,0,46,244
11/03/2016,SAC,CA,AWP,WE,Federal Contract Tower,0,6,67,2,75,0,2,205,6,213,0,8,272,8,288,184,4,188,476
11/04/2016,SAC,CA,AWP,WE,Federal Contract Tower,0,1,47,0,48,0,0,179,0,179,0,1,226,0,227,128,0,128,355
11/05/2016,SAC,CA,AWP,WE,Federal Contract Tower,0,0,45,0,45,0,3,197,1,201,0,3,242,1,246,64,0,64,310
11/06/2016,SAC,CA,AWP,WE,Federal Contract Tower,0,1,53,0,54,0,4,131,0,135,0,5,184,0,189,116,0,116,305
11/07/2016,SAC,CA,AWP,WE,Federal Contract Tower,0,2,34,0,36,0,4,136,0,140,0,6,170,0,176,64,0,64,240
11/08/2016,SAC,CA,AWP,WE,Federal Contract Tower,0,6,36,2,44,0,8,156,2,166,0,14,192,4,210,134,0,134,344
11/09/2016,SAC,CA,AWP,WE,Federal Contract Tower,0,15,31,0,46,0,8,177,0,185,0,23,208,0,231,82,0,82,313
11/10/2016,SAC,CA,AWP,WE,Federal Contract Tower,0,8,49,0,57,0,4,185,0,189,0,12,234,0,246,88,0,88,334
11/11/2016,SAC,CA,AWP,WE,Federal Contract Tower,0,4,84,0,88,0,1,282,0,283,0,5,366,0,371,146,0,146,517
11/12/2016,SAC,CA,AWP,WE,Federal Contract Tower,0,3,32,0,35,0,3,186,0,189,0,6,218,0,224,84,0,84,308
11/13/2016,SAC,CA,AWP,WE,Federal Contract Tower,0,0,54,0,54,0,2,170,0,172,0,2,224,0,226,44,0,44,270
11/14/2016,SAC,CA,AWP,WE,Federal Contract Tower,0,2,33,0,35,0,0,157,0,157,0,2,190,0,192,66,0,66,258
11/15/2016,SAC,CA,AWP,WE,Federal Contract Tower,0,0,47,0,47,0,3,74,0,77,0,3,121,0,124,68,0,68,192
11/16/2016,SAC,CA,AWP,WE,Federal Contract Tower,0,1,41,0,42,0,8,162,0,170,0,9,203,0,212,48,0,48,260
11/17/2016,SAC,CA,AWP,WE,Federal Contract Tower,0,3,40,0,43,0,0,183,0,183,0,3,223,0,226,94,0,94,320
11/18/2016,SAC,CA,AWP,WE,Federal Contract Tower,0,5,24,1,30,0,2,164,4,170,0,7,188,5,200,86,0,86,286
11/19/2016,SAC,CA,AWP,WE,Federal Contract Tower,0,2,19,0,21,0,0,35,0,35,0,2,54,0,56,14,0,14,70
11/20/2016,SAC,CA,AWP,WE,Federal Contract Tower,0,6,33,0,39,0,0,24,0,24,0,6,57,0,63,14,0,14,77
11/21/2016,SAC,CA,AWP,WE,Federal Contract Tower,0,0,59,0,59,0,0,83,0,83,0,0,142,0,142,34,0,34,176
11/22/2016,SAC,CA,AWP,WE,Federal Contract Tower,0,4,79,2,85,0,5,117,2,124,0,9,196,4,209,40,2,42,251
11/23/2016,SAC,CA,AWP,WE,Federal Contract Tower,0,4,37,4,45,0,4,148,4,156,0,8,185,8,201,70,0,70,271
11/24/2016,SAC,CA,AWP,WE,Federal Contract Tower,0,0,9,0,9,0,4,32,0,36,0,4,41,0,45,32,0,32,77
11/25/2016,SAC,CA,AWP,WE,Federal Contract Tower,0,1,15,0,16,0,0,91,0,91,0,1,106,0,107,60,0,60,167
11/26/2016,SAC,CA,AWP,WE,Federal Contract Tower,0,1,38,0,39,0,0,23,0,23,0,1,61,0,62,22,0,22,84
11/27/2016,SAC,CA,AWP,WE,Federal Contract Tower,0,9,30,0,39,0,2,143,0,145,0,11,173,0,184,44,0,44,228
11/28/2016,SAC,CA,AWP,WE,Federal Contract Tower,0,1,67,0,68,0,0,56,0,56,0,1,123,0,124,22,0,22,146
11/29/2016,SAC,CA,AWP,WE,Federal Contract Tower,0,6,55,0,61,0,2,112,0,114,0,8,167,0,175,64,0,64,239
11/30/2016,SAC,CA,AWP,WE,Federal Contract Tower,0,1,71,0,72,0,3,162,0,165,0,4,233,0,237,116,0,116,353
12/01/2016,SAC,CA,AWP,WE,Federal Contract Tower,0,3,62,2,67,0,0,180,2,182,0,3,242,4,249,84,0,84,333
12/02/2016,SAC,CA,AWP,WE,Federal Contract Tower,0,3,30,2,35,0,4,136,4,144,0,7,166,6,179,14,0,14,193
12/03/2016,SAC,CA,AWP,WE,Federal Contract Tower,0,3,61,0,64,0,0,217,1,218,0,3,278,1,282,30,0,30,312
12/04/2016,SAC,CA,AWP,WE,Federal Contract Tower,0,2,31,0,33,0,3,118,0,121,0,5,149,0,154,46,0,46,200
12/05/2016,SAC,CA,AWP,WE,Federal Contract Tower,0,4,41,0,45,0,5,90,0,95,0,9,131,0,140,46,0,46,186
12/06/2016,SAC,CA,AWP,WE,Federal Contract Tower,0,1,45,0,46,0,0,213,0,213,0,1,258,0,259,110,0,110,369
12/07/2016,SAC,CA,AWP,WE,Federal Contract Tower,0,0,54,0,54,0,0,141,2,143,0,0,195,2,197,60,0,60,257
12/08/2016,SAC,CA,AWP,WE,Federal Contract Tower,0,0,25,0,25,0,0,0,0,0,0,0,25,0,25,0,0,0,25
12/09/2016,SAC,CA,AWP,WE,Federal Contract Tower,0,0,52,2,54,0,0,22,0,22,0,0,74,2,76,20,0,20,96
12/10/2016,SAC,CA,AWP,WE,Federal Contract Tower,0,0,44,0,44,0,0,0,0,0,0,0,44,0,44,0,0,0,44
12/11/2016,SAC,CA,AWP,WE,Federal Contract Tower,0,1,77,0,78,0,4,102,0,106,0,5,179,0,184,42,0,42,226
12/12/2016,SAC,CA,AWP,WE,Federal Contract Tower,0,1,54,2,57,0,9,115,0,124,0,10,169,2,181,68,0,68,249
12/13/2016,SAC,CA,AWP,WE,Federal Contract Tower,0,3,59,2,64,0,2,89,0,91,0,5,148,2,155,90,0,90,245
12/14/2016,SAC,CA,AWP,WE,Federal Contract Tower,0,1,54,0,55,0,0,62,0,62,0,1,116,0,117,64,0,64,181
12/15/2016,SAC,CA,AWP,WE,Federal Contract Tower,0,0,12,0,12,0,0,4,0,4,0,0,16,0,16,2,0,2,18
12/16/2016,SAC,CA,AWP,WE,Federal Contract Tower,0,2,65,0,67,0,0,205,0,205,0,2,270,0,272,62,0,62,334
12/17/2016,SAC,CA,AWP,WE,Federal Contract Tower,0,2,67,0,69,0,1,235,0,236,0,3,302,0,305,54,0,54,359
12/18/2016,SAC,CA,AWP,WE,Federal Contract Tower,0,1,35,0,36,0,6,154,1,161,0,7,189,1,197,62,0,62,259
12/19/2016,SAC,CA,AWP,WE,Federal Contract Tower,0,0,88,0,88,0,1,172,0,173,0,1,260,0,261,56,0,56,317
12/20/2016,SAC,CA,AWP,WE,Federal Contract Tower,0,1,67,0,68,0,7,169,0,176,0,8,236,0,244,48,0,48,292
12/21/2016,SAC,CA,AWP,WE,Federal Contract Tower,0,5,61,1,67,0,0,187,1,188,0,5,248,2,255,62,6,68,323
12/22/2016,SAC,CA,AWP,WE,Federal Contract Tower,0,1,48,0,49,0,1,180,0,181,0,2,228,0,230,50,0,50,280
12/23/2016,SAC,CA,AWP,WE,Federal Contract Tower,0,4,18,0,22,0,0,14,0,14,0,4,32,0,36,2,0,2,38
12/24/2016,SAC,CA,AWP,WE,Federal Contract Tower,0,0,5,0,5,0,2,88,0,90,0,2,93,0,95,22,0,22,117
12/25/2016,SAC,CA,AWP,WE,Federal Contract Tower,0,2,7,0,9,0,2,19,0,21,0,4,26,0,30,0,0,0,30
12/26/2016,SAC,CA,AWP,WE,Federal Contract Tower,0,1,59,0,60,0,0,161,0,161,0,1,220,0,221,34,0,34,255
12/27/2016,SAC,CA,AWP,WE,Federal Contract Tower,0,5,35,0,40,0,8,119,0,127,0,13,154,0,167,32,0,32,199
12/28/2016,SAC,CA,AWP,WE,Federal Contract Tower,0,1,45,0,46,0,4,160,0,164,0,5,205,0,210,70,0,70,280
12/29/2016,SAC,CA,AWP,WE,Federal Contract Tower,0,0,24,4,28,0,2,155,0,157,0,2,179,4,185,36,2,38,223
12/30/2016,SAC,CA,AWP,WE,Federal Contract Tower,0,3,26,0,29,0,2,138,1,141,0,5,164,1,170,36,0,36,206
12/31/2016,SAC,CA,AWP,WE,Federal Contract Tower,0,6,27,0,33,0,1,73,0,74,0,7,100,0,107,52,0,52,159
01/01/2017,SAC,CA,AWP,WE,Federal Contract Tower,0,2,3,1,6,0,0,13,0,13,0,2,16,1,19,12,0,12,31
01/02/2017,SAC,CA,AWP,WE,Federal Contract Tower,0,1,15,0,16,0,2,30,0,32,0,3,45,0,48,52,0,52,100
01/03/2017,SAC,CA,AWP,WE,Federal Contract Tower,0,0,22,0,22,0,0,3,0,3,0,0,25,0,25,32,0,32,57
01/04/2017,SAC,CA,AWP,WE,Federal Contract Tower,0,8,42,0,50,0,1,43,0,44,0,9,85,0,94,0,0,0,94
01/05/2017,SAC,CA,AWP,WE,Federal Contract Tower,0,5,63,3,71,0,0,188,4,192,0,5,251,7,263,70,0,70,333
01/06/2017,SAC,CA,AWP,WE,Federal Contract Tower,0,2,31,0,33,0,0,163,0,163,0,2,194,0,196,82,0,82,278
01/07/2017,SAC,CA,AWP,WE,Federal Contract Tower,0,0,2,0,2,0,0,1,0,1,0,0,3,0,3,0,0,0,3
01/08/2017,SAC,CA,AWP,WE,Federal Contract Tower,0,1,0,0,1,0,1,0,0,1,0,2,0,0,2,0,0,0,2
01/09/2017,SAC,CA,AWP,WE,Federal Contract Tower,0,4,30,2,36,0,4,75,2,81,0,8,105,4,117,70,0,70,187
01/10/2017,SAC,CA,AWP,WE,Federal Contract Tower,0,0,12,0,12,0,0,2,0,2,0,0,14,0,14,2,0,2,16
01/11/2017,SAC,CA,AWP,WE,Federal Contract Tower,0,2,29,0,31,0,1,95,0,96,0,3,124,0,127,96,0,96,223
01/12/2017,SAC,CA,AWP,WE,Federal Contract Tower,0,1,45,0,46,0,0,34,0,34,0,1,79,0,80,36,0,36,116
01/13/2017,SAC,CA,AWP,WE,Federal Contract Tower,0,7,86,0,93,0,7,256,0,263,0,14,342,0,356,68,0,68,424
01/14/2017,SAC,CA,AWP,WE,Federal Contract Tower,0,2,59,0,61,0,0,90,0,90,0,2,149,0,151,30,0,30,181
01/15/2017,SAC,CA,AWP,WE,Federal Contract Tower,0,10,49,0,59,0,8,56,0,64,0,18,105,0,123,32,0,32,155
01/16/2017,SAC,CA,AWP,WE,Federal Contract Tower,0,7,60,0,67,0,9,141,0,150,0,16,201,0,217,18,0,18,235
01/17/2017,SAC,CA,AWP,WE,Federal Contract Tower,0,4,47,0,51,0,0,15,0,15,0,4,62,0,66,14,0,14,80
01/18/2017,SAC,CA,AWP,WE,Federal Contract Tower,0,0,12,0,12,0,0,1,0,1,0,0,13,0,13,0,0,0,13
01/19/2017,SAC,CA,AWP,WE,Federal Contract Tower,0,11,38,5,54,0,3,64,6,73,0,14,102,11,127,62,0,62,189
01/20/2017,SAC,CA,AWP,WE,Federal Contract Tower,0,1,14,0,15,0,0,18,0,18,0,1,32,0,33,42,0,42,75
01/21/2017,SAC,CA,AWP,WE,Federal Contract Tower,0,1,35,0,36,0,0,58,1,59,0,1,93,1,95,32,0,32,127
01/22/2017,SAC,CA,AWP,WE,Federal Contract Tower,0,2,22,0,24,0,2,21,0,23,0,4,43,0,47,4,0,4,51
01/23/2017,SAC,CA,AWP,WE,Federal Contract Tower,0,0,24,0,24,0,0,68,0,68,0,0,92,0,92,36,0,36,128
01/24/2017,SAC,CA,AWP,WE,Federal Contract Tower,0,9,48,2,59,0,8,148,0,156,0,17,196,2,215,90,0,90,305
01/25/2017,SAC,CA,AWP,WE,Federal Contract Tower,0,9,77,0,86,0,5,199,0,204,0,14,276,0,290,20,0,20,310
01/26/2017,SAC,CA,AWP,WE,Federal Contract Tower,0,14,73,0,87,0,11,218,0,229,0,25,291,0,316,108,0,108,424
01/27/2017,SAC,CA,AWP,WE,Federal Contract Tower,0,0,56,0,56,0,4,240,0,244,0,4,296,0,300,96,0,96,396
01/28/2017,SAC,CA,AWP,WE,Federal Contract Tower,0,2,52,2,56,0,4,280,2,286,0,6,332,4,342,80,2,82,424
01/29/2017,SAC,CA,AWP,WE,Federal Contract Tower,0,0,38,0,38,0,0,183,1,184,0,0,221,1,222,54,0,54,276
01/30/2017,SAC,CA,AWP,WE,Federal Contract Tower,0,2,43,2,47,0,6,177,2,185,0,8,220,4,232,116,0,116,348
01/31/2017,SAC,CA,AWP,WE,Federal Contract Tower,0,12,66,2,80,0,15,192,2,209,0,27,258,4,289,166,0,166,455
02/01/2017,SAC,CA,AWP,WE,Federal Contract Tower,0,14,39,0,53,0,12,134,0,146,0,26,173,0,199,116,0,116,315
02/02/2017,SAC,CA,AWP,WE,Federal Contract Tower,0,5,21,4,30,0,5,51,2,58,0,10,72,6,88,4,2,6,94
02/03/2017,SAC,CA,AWP,WE,Federal Contract Tower,0,5,37,0,42,0,2,22,0,24,0,7,59,0,66,2,0,2,68
02/04/2017,SAC,CA,AWP,WE,Federal Contract Tower,0,0,42,0,42,0,8,84,0,92,0,8,126,0,134,22,0,22,156
02/05/2017,SAC,CA,AWP,WE,Federal Contract Tower,0,0,28,0,28,0,2,82,0,84,0,2,110,0,112,94,0,94,206
02/06/2017,SAC,CA,AWP,WE,Federal Contract Tower,0,3,20,0,23,0,0,0,0,0,0,3,20,0,23,0,0,0,23
02/07/2017,SAC,CA,AWP,WE,Federal Contract Tower,0,0,17,0,17,0,0,19,0,19,0,0,36,0,36,4,0,4,40
02/08/2017,SAC,CA,AWP,WE,Federal Contract Tower,0,4,26,0,30,0,0,41,0,41,0,4,67,0,71,20,0,20,91
02/09/2017,SAC,CA,AWP,WE,Federal Contract Tower,0,3,11,0,14,0,1,5,0,6,0,4,16,0,20,0,0,0,20
02/10/2017,SAC,CA,AWP,WE,Federal Contract Tower,0,0,52,0,52,0,0,152,0,152,0,0,204,0,204,150,0,150,354
02/11/2017,SAC,CA,AWP,WE,Federal Contract Tower,0,0,24,1,25,0,2,248,2,252,0,2,272,3,277,110,0,110,387
02/12/2017,SAC,CA,AWP,WE,Federal Contract Tower,0,1,23,0,24,0,3,201,4,208,0,4,224,4,232,78,2,80,312
02/13/2017,SAC,CA,AWP,WE,Federal Contract Tower,0,0,41,0,41,0,0,178,0,178,0,0,219,0,219,130,0,130,349
02/14/2017,SAC,CA,AWP,WE,Federal Contract Tower,0,2,42,0,44,0,10,165,0,175,0,12,207,0,219,72,0,72,291
02/15/2017,SAC,CA,AWP,WE,Federal Contract Tower,0,4,57,0,61,0,3,171,0,174,0,7,228,0,235,156,0,156,391
02/16/2017,SAC,CA,AWP,WE,Federal Contract Tower,0,0,32,2,34,0,0,66,2,68,0,0,98,4,102,50,2,52,154
02/17/2017,SAC,CA,AWP,WE,Federal Contract Tower,0,0,16,0,16,0,0,4,0,4,0,0,20,0,20,0,0,0,20
02/18/2017,SAC,CA,AWP,WE,Federal Contract Tower,0,0,32,0,32,0,7,132,0,139,0,7,164,0,171,168,0,168,339
02/19/2017,SAC,CA,AWP,WE,Federal Contract Tower,0,0,13,0,13,0,0,25,0,25,0,0,38,0,38,68,0,68,106
02/20/2017,SAC,CA,AWP,WE,Federal Contract Tower,0,0,5,0,5,0,0,3,0,3,0,0,8,0,8,4,0,4,12
02/21/2017,SAC,CA,AWP,WE,Federal Contract Tower,0,0,35,2,37,0,4,64,0,68,0,4,99,2,105,148,0,148,253
02/22/2017,SAC,CA,AWP,WE,Federal Contract Tower,0,1,29,0,30,0,1,153,0,154,0,2,182,0,184,52,0,52,236
02/23/2017,SAC,CA,AWP,WE,Federal Contract Tower,0,1,33,4,38,0,0,199,5,204,0,1,232,9,242,102,0,102,344
02/24/2017,SAC,CA,AWP,WE,Federal Contract Tower,0,2,50,2,54,0,0,231,3,234,0,2,281,5,288,174,0,174,462
02/25/2017,SAC,CA,AWP,WE,Federal Contract Tower,0,0,36,0,36,0,0,213,0,213,0,0,249,0,249,138,0,138,387
02/26/2017,SAC,CA,AWP,WE,Federal Contract Tower,0,1,47,0,48,0,4,168,0,172,0,5,215,0,220,42,0,42,262
02/27/2017,SAC,CA,AWP,WE,Federal Contract Tower,0,2,37,0,39,0,3,129,0,132,0,5,166,0,171,52,0,52,223
02/28/2017,SAC,CA,AWP,WE,Federal Contract Tower,0,6,48,0,54,0,2,191,0,193,0,8,239,0,247,54,0,54,301
03/01/2017,SAC,CA,AWP,WE,Federal Contract Tower,0,0,33,2,35,0,5,190,0,195,0,5,223,2,230,63,0,63,293
03/02/2017,SAC,CA,AWP,WE,Federal Contract Tower,0,0,52,2,54,0,2,176,1,179,0,2,228,3,233,140,0,140,373
03/03/2017,SAC,CA,AWP,WE,Federal Contract Tower,0,4,62,0,66,0,0,232,3,235,0,4,294,3,301,64,0,64,365
03/04/2017,SAC,CA,AWP,WE,Federal Contract Tower,0,2,30,0,32,0,3,115,0,118,0,5,145,0,150,30,0,30,180
03/05/2017,SAC,CA,AWP,WE,Federal Contract Tower,0,6,7,0,13,0,4,35,0,39,0,10,42,0,52,30,0,30,82
03/06/2017,SAC,CA,AWP,WE,Federal Contract Tower,0,4,49,0,53,0,4,118,0,122,0,8,167,0,175,76,0,76,251
03/07/2017,SAC,CA,AWP,WE,Federal Contract Tower,0,0,72,0,72,0,0,183,0,183,0,0,255,0,255,82,0,82,337
03/08/2017,SAC,CA,AWP,WE,Federal Contract Tower,0,4,69,15,88,0,7,226,8,241,0,11,295,23,329,68,0,68,397
03/09/2017,SAC,CA,AWP,WE,Federal Contract Tower,0,0,37,0,37,0,2,207,0,209,0,2,244,0,246,98,0,98,344
03/10/2017,SAC,CA,AWP,WE,Federal Contract Tower,0,0,53,1,54,0,0,251,0,251,0,0,304,1,305,172,0,172,477
03/11/2017,SAC,CA,AWP,WE,Federal Contract Tower,0,0,31,0,31,0,0,223,3,226,0,0,254,3,257,76,0,76,333
03/12/2017,SAC,CA,AWP,WE,Federal Contract Tower,0,2,43,0,45,0,0,187,0,187,0,2,230,0,232,20,0,20,252
03/13/2017,SAC,CA,AWP,WE,Federal Contract Tower,0,8,59,2,69,0,14,167,0,181,0,22,226,2,250,96,0,96,346
03/14/2017,SAC,CA,AWP,WE,Federal Contract Tower,0,5,66,0,71,0,10,214,0,224,0,15,280,0,295,84,0,84,379
03/15/2017,SAC,CA,AWP,WE,Federal Contract Tower,0,7,56,0,63,0,2,165,0,167,0,9,221,0,230,120,0,120,350
03/16/2017,SAC,CA,AWP,WE,Federal Contract Tower,0,14,55,2,71,0,11,216,3,230,0,25,271,5,301,166,0,166,467
03/17/2017,SAC,CA,AWP,WE,Federal Contract Tower,0,11,81,0,92,0,2,279,1,282,0,13,360,1,374,136,0,136,510
03/18/2017,SAC,CA,AWP,WE,Federal Contract Tower,0,5,37,0,42,0,4,177,5,186,0,9,214,5,228,138,0,138,366
03/19/2017,SAC,CA,AWP,WE,Federal Contract Tower,0,5,54,0,59,0,7,144,0,151,0,12,198,0,210,108,0,108,318
03/20/2017,SAC,CA,AWP,WE,Federal Contract Tower,0,3,61,0,64,0,0,181,0,181,0,3,242,0,245,160,0,160,405
03/21/2017,SAC,CA,AWP,WE,Federal Contract Tower,0,2,26,0,28,0,1,62,0,63,0,3,88,0,91,36,0,36,127
03/22/2017,SAC,CA,AWP,WE,Federal Contract Tower,0,19,41,0,60,0,13,86,0,99,0,32,127,0,159,56,0,56,215
03/23/2017,SAC,CA,AWP,WE,Federal Contract Tower,0,14,80,2,96,0,14,134,9,157,0,28,214,11,253,104,6,110,363
03/24/2017,SAC,CA,AWP,WE,Federal Contract Tower,0,0,21,0,21,0,2,44,0,46,0,2,65,0,67,114,0,114,181
03/25/2017,SAC,CA,AWP,WE,Federal Contract Tower,0,0,53,0,53,0,7,123,0,130,0,7,176,0,183,134,0,134,317
03/26/2017,SAC,CA,AWP,WE,Federal Contract Tower,0,4,19,0,23,0,15,109,0,124,0,19,128,0,147,80,14,94,241
03/27/2017,SAC,CA,AWP,WE,Federal Contract Tower,0,2,34,0,36,0,17,122,0,139,0,19,156,0,175,78,0,78,253
03/28/2017,SAC,CA,AWP,WE,Federal Contract Tower,0,11,38,2,51,0,15,135,0,150,0,26,173,2,201,38,0,38,239
03/29/2017,SAC,CA,AWP,WE,Federal Contract Tower,0,19,70,0,89,0,15,250,0,265,0,34,320,0,354,266,0,266,620
03/30/2017,SAC,CA,AWP,WE,Federal Contract Tower,0,12,26,0,38,0,13,64,0,77,0,25,90,0,115,8,0,8,123
03/31/2017,SAC,CA,AWP,WE,Federal Contract Tower,0,0,33,0,33,0,0,59,0,59,0,0,92,0,92,8,0,8,100
04/01/2017,SAC,CA,AWP,WE,Federal Contract Tower,0,9,55,0,64,0,8,243,0,251,0,17,298,0,315,180,0,180,495
04/02/2017,SAC,CA,AWP,WE,Federal Contract Tower,0,2,70,1,73,0,2,219,0,221,0,4,289,1,294,120,0,120,414
04/03/2017,SAC,CA,AWP,WE,Federal Contract Tower,0,4,40,0,44,0,6,130,0,136,0,10,170,0,180,6,0,6,186
04/04/2017,SAC,CA,AWP,WE,Federal Contract Tower,0,1,38,0,39,0,2,179,0,181,0,3,217,0,220,178,0,178,398
04/05/2017,SAC,CA,AWP,WE,Federal Contract Tower,0,3,70,0,73,0,2,246,0,248,0,5,316,0,321,142,0,142,463
04/06/2017,SAC,CA,AWP,WE,Federal Contract Tower,0,2,60,2,64,0,0,88,2,90,0,2,148,4,154,88,0,88,242
04/07/2017,SAC,CA,AWP,WE,Federal Contract Tower,0,4,21,0,25,0,1,20,0,21,0,5,41,0,46,22,0,22,68
04/08/2017,SAC,CA,AWP,WE,Federal Contract Tower,0,2,20,0,22,0,0,35,0,35,0,2,55,0,57,36,0,36,93
04/09/2017,SAC,CA,AWP,WE,Federal Contract Tower,0,0,44,0,44,0,23,176,0,199,0,23,220,0,243,112,0,112,355
04/10/2017,SAC,CA,AWP,WE,Federal Contract Tower,0,4,77,0,81,0,9,216,0,225,0,13,293,0,306,170,0,170,476
04/11/2017,SAC,CA,AWP,WE,Federal Contract Tower,0,2,37,0,39,0,0,128,0,128,0,2,165,0,167,88,0,88,255
04/12/2017,SAC,CA,AWP,WE,Federal Contract Tower,0,0,35,0,35,0,1,25,0,26,0,1,60,0,61,30,0,30,91
04/13/2017,SAC,CA,AWP,WE,Federal Contract Tower,0,2,38,3,43,0,0,58,5,63,0,2,96,8,106,42,10,52,158
04/14/2017,SAC,CA,AWP,WE,Federal Contract Tower,0,0,55,0,55,0,0,238,0,238,0,0,293,0,293,94,0,94,387
04/15/2017,SAC,CA,AWP,WE,Federal Contract Tower,0,0,46,0,46,0,0,159,1,160,0,0,205,1,206,98,0,98,304
04/16/2017,SAC,CA,AWP,WE,Federal Contract Tower,0,3,26,0,29,0,12,16,0,28,0,15,42,0,57,18,0,18,75
04/17/2017,SAC,CA,AWP,WE,Federal Contract Tower,0,2,56,0,58,0,1,23,0,24,0,3,79,0,82,18,0,18,100
04/18/2017,SAC,CA,AWP,WE,Federal Contract Tower,0,4,48,0,52,0,6,67,0,73,0,10,115,0,125,56,0,56,181
04/19/2017,SAC,CA,AWP,WE,Federal Contract Tower,0,8,65,0,73,0,8,204,6,218,0,16,269,6,291,78,0,78,369
04/20/2017,SAC,CA,AWP,WE,Federal Contract Tower,0,14,44,4,62,0,12,153,8,173,0,26,197,12,235,98,0,98,333
04/21/2017,SAC,CA,AWP,WE,Federal Contract Tower,0,0,59,0,59,0,0,218,5,223,0,0,277,5,282,32,0,32,314
04/22/2017,SAC,CA,AWP,WE,Federal Contract Tower,0,10,47,0,57,0,1,218,18,237,0,11,265,18,294,108,0,108,402
04/23/2017,SAC,CA,AWP,WE,Federal Contract Tower,0,0,40,0,40,0,2,167,4,173,0,2,207,4,213,32,0,32,245
04/24/2017,SAC,CA,AWP,WE,Federal Contract Tower,0,0,53,0,53,0,0,124,0,124,0,0,177,0,177,64,0,64,241
04/25/2017,SAC,CA,AWP,WE,Federal Contract Tower,0,5,52,0,57,0,0,142,0,142,0,5,194,0,199,76,0,76,275
04/26/2017,SAC,CA,AWP,WE,Federal Contract Tower,0,7,77,0,84,0,0,64,0,64,0,7,141,0,148,22,0,22,170
04/27/2017,SAC,CA,AWP,WE,Federal Contract Tower,0,0,100,0,100,0,1,178,0,179,0,1,278,0,279,50,0,50,329
04/28/2017,SAC,CA,AWP,WE,Federal Contract Tower,0,4,12,0,16,0,5,65,0,70,0,9,77,0,86,6,0,6,92
04/29/2017,SAC,CA,AWP,WE,Federal Contract Tower,0,1,40,1,42,0,12,179,3,194,0,13,219,4,236,42,0,42,278
04/30/2017,SAC,CA,AWP,WE,Federal Contract Tower,0,0,63,0,63,0,3,199,0,202,0,3,262,0,265,90,0,90,355
05/01/2017,SAC,CA,AWP,WE,Federal Contract Tower,0,13,79,0,92,0,8,172,0,180,0,21,251,0,272,54,0,54,326
05/02/2017,SAC,CA,AWP,WE,Federal Contract Tower,0,0,72,0,72,0,4,181,0,185,0,4,253,0,257,12,0,12,269
05/03/2017,SAC,CA,AWP,WE,Federal Contract Tower,0,2,44,1,47,0,0,192,1,193,0,2,236,2,240,80,0,80,320
05/04/2017,SAC,CA,AWP,WE,Federal Contract Tower,0,4,49,1,54,0,3,208,1,212,0,7,257,2,266,114,0,114,380
05/05/2017,SAC,CA,AWP,WE,Federal Contract Tower,0,10,86,0,96,0,8,210,0,218,0,18,296,0,314,32,0,32,346
05/06/2017,SAC,CA,AWP,WE,Federal Contract Tower,0,2,48,1,51,0,8,177,0,185,0,10,225,1,236,66,0,66,302
05/07/2017,SAC,CA,AWP,WE,Federal Contract Tower,0,0,25,0,25,0,3,233,0,236,0,3,258,0,261,54,0,54,315
05/08/2017,SAC,CA,AWP,WE,Federal Contract Tower,0,0,55,1,56,0,8,195,0,203,0,8,250,1,259,100,0,100,359
05/09/2017,SAC,CA,AWP,WE,Federal Contract Tower,0,3,80,1,84,0,2,220,1,223,0,5,300,2,307,84,0,84,391
05/10/2017,SAC,CA,AWP,WE,Federal Contract Tower,0,7,44,2,53,0,4,105,0,109,0,11,149,2,162,0,0,0,162
05/11/2017,SAC,CA,AWP,WE,Federal Contract Tower,0,4,58,0,62,0,1,154,0,155,0,5,212,0,217,48,0,48,265
05/12/2017,SAC,CA,AWP,WE,Federal Contract Tower,0,0,50,0,50,0,0,212,0,212,0,0,262,0,262,100,0,100,362
05/13/2017,SAC,CA,AWP,WE,Federal Contract Tower,0,0,29,0,29,0,8,186,1,195,0,8,215,1,224,32,0,32,256
05/14/2017,SAC,CA,AWP,WE,Federal Contract Tower,0,0,41,0,41,0,4,146,0,150,0,4,187,0,191,50,0,50,241
05/15/2017,SAC,CA,AWP,WE,Federal Contract Tower,0,4,52,0,56,0,4,210,0,214,0,8,262,0,270,60,0,60,330
05/16/2017,SAC,CA,AWP,WE,Federal Contract Tower,0,5,52,0,57,0,4,111,0,115,0,9,163,0,172,84,0,84,256
05/17/2017,SAC,CA,AWP,WE,Federal Contract Tower,0,8,99,0,107,0,7,202,0,209,0,15,301,0,316,104,0,104,420
05/18/2017,SAC,CA,AWP,WE,Federal Contract Tower,0,1,72,2,75,0,3,226,2,231,0,4,298,4,306,90,0,90,396
05/19/2017,SAC,CA,AWP,WE,Federal Contract Tower,0,3,44,0,47,0,2,211,3,216,0,5,255,3,263,98,0,98,361
05/20/2017,SAC,CA,AWP,WE,Federal Contract Tower,0,0,47,0,47,0,0,219,1,220,0,0,266,1,267,66,6,72,339
05/21/2017,SAC,CA,AWP,WE,Federal Contract Tower,0,1,41,0,42,0,11,154,0,165,0,12,195,0,207,48,0,48,255
05/22/2017,SAC,CA,AWP,WE,Federal Contract Tower,0,0,38,0,38,0,5,139,0,144,0,5,177,0,182,82,0,82,264
05/23/2017,SAC,CA,AWP,WE,Federal Contract Tower,0,4,64,0,68,0,2,182,2,186,0,6,246,2,254,124,0,124,378
05/24/2017,SAC,CA,AWP,WE,Federal Contract Tower,0,0,61,2,63,0,1,182,6,189,0,1,243,8,252,54,4,58,310
05/25/2017,SAC,CA,AWP,WE,Federal Contract Tower,0,6,72,0,78,0,2,158,0,160,0,8,230,0,238,84,0,84,322
05/26/2017,SAC,CA,AWP,WE,Federal Contract Tower,0,1,53,0,54,0,0,163,0,163,0,1,216,0,217,180,0,180,397
05/27/2017,SAC,CA,AWP,WE,Federal Contract Tower,0,0,35,1,36,0,0,167,3,170,0,0,202,4,206,48,0,48,254
05/28/2017,SAC,CA,AWP,WE,Federal Contract Tower,0,3,24,0,27,0,4,112,0,116,0,7,136,0,143,26,0,26,169
05/29/2017,SAC,CA,AWP,WE,Federal Contract Tower,0,9,31,0,40,0,8,164,0,172,0,17,195,0,212,60,0,60,272
05/30/2017,SAC,CA,AWP,WE,Federal Contract Tower,0,2,55,0,57,0,2,142,0,144,0,4,197,0,201,100,0,100,301
05/31/2017,SAC,CA,AWP,WE,Federal Contract Tower,0,8,70,0,78,0,8,183,0,191,0,16,253,0,269,164,0,164,433
06/01/2017,SAC,CA,AWP,WE,Federal Contract Tower,0,1,77,1,79,0,2,197,4,203,0,3,274,5,282,112,6,118,400
06/02/2017,SAC,CA,AWP,WE,Federal Contract Tower,0,0,59,0,59,0,1,216,0,217,0,1,275,0,276,106,0,106,382
06/03/2017,SAC,CA,AWP,WE,Federal Contract Tower,0,0,44,0,44,0,7,153,0,160,0,7,197,0,204,48,0,48,252
06/04/2017,SAC,CA,AWP,WE,Federal Contract Tower,0,0,51,0,51,0,5,201,1,207,0,5,252,1,258,88,0,88,346
06/05/2017,SAC,CA,AWP,WE,Federal Contract Tower,0,1,43,0,44,0,4,182,0,186,0,5,225,0,230,100,0,100,330
06/06/2017,SAC,CA,AWP,WE,Federal Contract Tower,0,1,61,0,62,0,4,176,3,183,0,5,237,3,245,116,0,116,361
06/07/2017,SAC,CA,AWP,WE,Federal Contract Tower,0,0,57,0,57,0,3,188,0,191,0,3,245,0,248,94,0,94,342
06/08/2017,SAC,CA,AWP,WE,Federal Contract Tower,0,2,62,0,64,0,5,118,0,123,0,7,180,0,187,86,0,86,273
06/09/2017,SAC,CA,AWP,WE,Federal Contract Tower,0,0,98,0,98,0,0,196,1,197,0,0,294,1,295,80,0,80,375
06/10/2017,SAC,CA,AWP,WE,Federal Contract Tower,0,1,34,0,35,0,0,165,0,165,0,1,199,0,200,96,0,96,296
06/11/2017,SAC,CA,AWP,WE,Federal Contract Tower,0,0,24,0,24,0,0,104,0,104,0,0,128,0,128,30,0,30,158
06/12/2017,SAC,CA,AWP,WE,Federal Contract Tower,0,1,63,0,64,0,6,164,0,170,0,7,227,0,234,86,0,86,320
06/13/2017,SAC,CA,AWP,WE,Federal Contract Tower,0,0,46,1,47,0,2,139,6,147,0,2,185,7,194,45,0,45,239
06/14/2017,SAC,CA,AWP,WE,Federal Contract Tower,0,8,70,0,78,0,11,243,4,258,0,19,313,4,336,48,0,48,384
06/15/2017,SAC,CA,AWP,WE,Federal Contract Tower,0,9,57,0,66,0,8,197,3,208,0,17,254,3,274,40,0,40,314
06/16/2017,SAC,CA,AWP,WE,Federal Contract Tower,0,0,49,0,49,0,1,231,0,232,0,1,280,0,281,62,0,62,343
06/17/2017,SAC,CA,AWP,WE,Federal Contract Tower,0,0,43,0,43,0,0,152,0,152,0,0,195,0,195,20,0,20,215
06/18/2017,SAC,CA,AWP,WE,Federal Contract Tower,0,2,66,0,68,0,3,136,0,139,0,5,202,0,207,34,0,34,241
06/19/2017,SAC,CA,AWP,WE,Federal Contract Tower,0,3,37,0,40,0,2,148,0,150,0,5,185,0,190,130,0,130,320
06/20/2017,SAC,CA,AWP,WE,Federal Contract Tower,0,4,57,2,63,0,11,144,2,157,0,15,201,4,220,122,0,122,342
06/21/2017,SAC,CA,AWP,WE,Federal Contract Tower,0,9,56,2,67,0,5,155,0,160,0,14,211,2,227,50,2,52,279
06/22/2017,SAC,CA,AWP,WE,Federal Contract Tower,0,6,56,0,62,0,4,163,0,167,0,10,219,0,229,118,0,118,347
06/23/2017,SAC,CA,AWP,WE,Federal Contract Tower,0,4,53,0,57,0,2,159,0,161,0,6,212,0,218,90,0,90,308
06/24/2017,SAC,CA,AWP,WE,Federal Contract Tower,0,2,36,0,38,0,15,162,0,177,0,17,198,0,215,74,0,74,289
06/25/2017,SAC,CA,AWP,WE,Federal Contract Tower,0,3,47,0,50,0,7,151,1,159,0,10,198,1,209,72,0,72,281
06/26/2017,SAC,CA,AWP,WE,Federal Contract Tower,0,16,66,0,82,0,18,189,0,207,0,34,255,0,289,72,0,72,361
06/27/2017,SAC,CA,AWP,WE,Federal Contract Tower,0,1,52,0,53,0,2,175,0,177,0,3,227,0,230,126,0,126,356
06/28/2017,SAC,CA,AWP,WE,Federal Contract Tower,0,0,32,0,32,0,11,169,0,180,0,11,201,0,212,116,0,116,328
06/29/2017,SAC,CA,AWP,WE,Federal Contract Tower,0,0,51,0,51,0,7,191,0,198,0,7,242,0,249,152,0,152,401
06/30/2017,SAC,CA,AWP,WE,Federal Contract Tower,0,0,50,0,50,0,0,181,0,181,0,0,231,0,231,107,0,107,338
07/01/2017,SAC,CA,AWP,WE,Federal Contract Tower,0,1,31,0,32,0,0,173,3,176,0,1,204,3,208,30,0,30,238
07/02/2017,SAC,CA,AWP,WE,Federal Contract Tower,0,0,23,0,23,0,2,133,0,135,0,2,156,0,158,72,0,72,230
07/03/2017,SAC,CA,AWP,WE,Federal Contract Tower,0,1,41,0,42,0,7,162,0,169,0,8,203,0,211,160,0,160,371
07/04/2017,SAC,CA,AWP,WE,Federal Contract Tower,0,0,10,0,10,0,4,69,0,73,0,4,79,0,83,42,0,42,125
07/05/2017,SAC,CA,AWP,WE,Federal Contract Tower,0,0,34,0,34,0,0,169,0,169,0,0,203,0,203,56,0,56,259
07/06/2017,SAC,CA,AWP,WE,Federal Contract Tower,0,2,37,2,41,0,8,168,1,177,0,10,205,3,218,118,0,118,336
07/07/2017,SAC,CA,AWP,WE,Federal Contract Tower,0,0,30,0,30,0,0,183,0,183,0,0,213,0,213,84,0,84,297
07/08/2017,SAC,CA,AWP,WE,Federal Contract Tower,0,0,28,0,28,0,0,150,0,150,0,0,178,0,178,100,0,100,278
07/09/2017,SAC,CA,AWP,WE,Federal Contract Tower,0,0,26,0,26,0,5,116,0,121,0,5,142,0,147,84,0,84,231
07/10/2017,SAC,CA,AWP,WE,Federal Contract Tower,0,6,54,0,60,0,0,156,0,156,0,6,210,0,216,110,0,110,326
07/11/2017,SAC,CA,AWP,WE,Federal Contract Tower,0,0,35,0,35,0,3,162,0,165,0,3,197,0,200,46,0,46,246
07/12/2017,SAC,CA,AWP,WE,Federal Contract Tower,0,0,39,2,41,0,2,171,4,177,0,2,210,6,218,150,0,150,368
07/13/2017,SAC,CA,AWP,WE,Federal Contract Tower,0,4,32,0,36,0,4,204,0,208,0,8,236,0,244,76,0,76,320
07/14/2017,SAC,CA,AWP,WE,Federal Contract Tower,0,0,33,2,35,0,0,171,3,174,0,0,204,5,209,82,6,88,297
07/15/2017,SAC,CA,AWP,WE,Federal Contract Tower,0,0,18,0,18,0,0,130,0,130,0,0,148,0,148,28,0,28,176
07/16/2017,SAC,CA,AWP,WE,Federal Contract Tower,0,0,17,0,17,0,6,138,0,144,0,6,155,0,161,38,0,38,199
07/17/2017,SAC,CA,AWP,WE,Federal Contract Tower,0,4,60,2,66,0,7,166,2,175,0,11,226,4,241,119,0,119,360
07/18/2017,SAC,CA,AWP,WE,Federal Contract Tower,0,5,45,0,50,0,3,156,0,159,0,8,201,0,209,120,0,120,329
07/19/2017,SAC,CA,AWP,WE,Federal Contract Tower,0,3,46,2,51,0,0,166,1,167,0,3,212,3,218,120,0,120,338
07/20/2017,SAC,CA,AWP,WE,Federal Contract Tower,0,10,69,0,79,0,14,207,3,224,0,24,276,3,303,102,4,106,409
07/21/2017,SAC,CA,AWP,WE,Federal Contract Tower,0,20,25,0,45,0,13,179,1,193,0,33,204,1,238,138,0,138,376
07/22/2017,SAC,CA,AWP,WE,Federal Contract Tower,0,0,15,0,15,0,0,159,0,159,0,0,174,0,174,78,0,78,252
07/23/2017,SAC,CA,AWP,WE,Federal Contract Tower,0,0,16,0,16,0,4,103,0,107,0,4,119,0,123,58,0,58,181
07/24/2017,SAC,CA,AWP,WE,Federal Contract Tower,0,3,48,0,51,0,19,146,0,165,0,22,194,0,216,82,0,82,298
07/25/2017,SAC,CA,AWP,WE,Federal Contract Tower,0,1,43,0,44,0,2,142,0,144,0,3,185,0,188,102,0,102,290
07/26/2017,SAC,CA,AWP,WE,Federal Contract Tower,0,5,40,1,46,0,7,183,2,192,0,12,223,3,238,78,0,78,316
07/27/2017,SAC,CA,AWP,WE,Federal Contract Tower,0,8,49,0,57,0,2,152,4,158,0,10,201,4,215,40,0,40,255
07/28/2017,SAC,CA,AWP,WE,Federal Contract Tower,0,2,44,1,47,0,15,194,1,210,0,17,238,2,257,70,0,70,327
07/29/2017,SAC,CA,AWP,WE,Federal Contract Tower,0,7,34,0,41,0,20,177,1,198,0,27,211,1,239,34,0,34,273
07/30/2017,SAC,CA,AWP,WE,Federal Contract Tower,0,2,31,0,33,0,3,157,0,160,0,5,188,0,193,22,0,22,215
07/31/2017,SAC,CA,AWP,WE,Federal Contract Tower,0,7,69,0,76,0,4,218,0,222,0,11,287,0,298,204,0,204,502
08/01/2017,SAC,CA,AWP,WE,Federal Contract Tower,0,0,36,0,36,0,3,145,0,148,0,3,181,0,184,86,0,86,270
08/02/2017,SAC,CA,AWP,WE,Federal Contract Tower,0,1,54,0,55,0,1,159,2,162,0,2,213,2,217,90,0,90,307
08/03/2017,SAC,CA,AWP,WE,Federal Contract Tower,0,5,42,0,47,0,5,163,1,169,0,10,205,1,216,86,0,86,302
08/04/2017,SAC,CA,AWP,WE,Federal Contract Tower,0,4,38,0,42,0,5,151,0,156,0,9,189,0,198,68,0,68,266
08/05/2017,SAC,CA,AWP,WE,Federal Contract Tower,0,0,33,0,33,0,1,168,0,169,0,1,201,0,202,54,0,54,256
08/06/2017,SAC,CA,AWP,WE,Federal Contract Tower,0,3,47,0,50,0,1,174,0,175,0,4,221,0,225,94,0,94,319
08/07/2017,SAC,CA,AWP,WE,Federal Contract Tower,0,3,40,0,43,0,5,161,0,166,0,8,201,0,209,108,0,108,317
08/08/2017,SAC,CA,AWP,WE,Federal Contract Tower,0,4,40,0,44,0,2,173,0,175,0,6,213,0,219,76,0,76,295
08/09/2017,SAC,CA,AWP,WE,Federal Contract Tower,0,1,47,0,48,0,0,186,0,186,0,1,233,0,234,96,0,96,330
08/10/2017,SAC,CA,AWP,WE,Federal Contract Tower,0,2,50,0,52,0,2,145,0,147,0,4,195,0,199,118,0,118,317
08/11/2017,SAC,CA,AWP,WE,Federal Contract Tower,0,2,35,0,37,0,3,190,0,193,0,5,225,0,230,78,0,78,308
08/12/2017,SAC,CA,AWP,WE,Federal Contract Tower,0,11,12,0,23,0,6,158,0,164,0,17,170,0,187,24,0,24,211
08/13/2017,SAC,CA,AWP,WE,Federal Contract Tower,0,1,27,0,28,0,4,164,0,168,0,5,191,0,196,94,0,94,290
08/14/2017,SAC,CA,AWP,WE,Federal Contract Tower,0,0,40,0,40,0,11,118,0,129,0,11,158,0,169,110,0,110,279
08/15/2017,SAC,CA,AWP,WE,Federal Contract Tower,0,3,46,0,49,0,6,170,0,176,0,9,216,0,225,158,0,158,383
08/16/2017,SAC,CA,AWP,WE,Federal Contract Tower,0,1,50,0,51,0,1,179,0,180,0,2,229,0,231,76,0,76,307
08/17/2017,SAC,CA,AWP,WE,Federal Contract Tower,0,7,43,1,51,0,2,144,1,147,0,9,187,2,198,120,0,120,318
08/18/2017,SAC,CA,AWP,WE,Federal Contract Tower,0,0,77,0,77,0,2,179,1,182,0,2,256,1,259,86,0,86,345
08/19/2017,SAC,CA,AWP,WE,Federal Contract Tower,0,6,48,0,54,0,0,179,0,179,0,6,227,0,233,68,0,68,301
08/20/2017,SAC,CA,AWP,WE,Federal Contract Tower,0,7,62,0,69,0,4,182,0,186,0,11,244,0,255,36,8,44,299
08/21/2017,SAC,CA,AWP,WE,Federal Contract Tower,0,12,39,0,51,0,11,144,0,155,0,23,183,0,206,64,0,64,270
08/22/2017,SAC,CA,AWP,WE,Federal Contract Tower,0,5,60,0,65,0,1,170,2,173,0,6,230,2,238,36,2,38,276
08/23/2017,SAC,CA,AWP,WE,Federal Contract Tower,0,3,50,0,53,0,5,187,0,192,0,8,237,0,245,82,0,82,327
08/24/2017,SAC,CA,AWP,WE,Federal Contract Tower,0,4,53,2,59,0,0,199,2,201,0,4,252,4,260,126,0,126,386
08/25/2017,SAC,CA,AWP,WE,Federal Contract Tower,0,5,54,0,59,0,2,207,0,209,0,7,261,0,268,156,0,156,424
08/26/2017,SAC,CA,AWP,WE,Federal Contract Tower,0,1,48,0,49,0,14,184,0,198,0,15,232,0,247,84,0,84,331
08/27/2017,SAC,CA,AWP,WE,Federal Contract Tower,0,0,27,0,27,0,3,98,0,101,0,3,125,0,128,110,0,110,238
08/28/2017,SAC,CA,AWP,WE,Federal Contract Tower,0,5,59,0,64,0,1,135,0,136,0,6,194,0,200,88,0,88,288
08/29/2017,SAC,CA,AWP,WE,Federal Contract Tower,0,3,39,0,42,0,7,148,0,155,0,10,187,0,197,102,0,102,299
08/30/2017,SAC,CA,AWP,WE,Federal Contract Tower,0,9,77,0,86,0,1,194,0,195,0,10,271,0,281,116,0,116,397
08/31/2017,SAC,CA,AWP,WE,Federal Contract Tower,0,4,32,0,36,0,5,144,2,151,0,9,176,2,187,194,0,194,381
09/01/2017,SAC,CA,AWP,WE,Federal Contract Tower,0,3,35,0,38,0,6,133,0,139,0,9,168,0,177,206,0,206,383
09/02/2017,SAC,CA,AWP,WE,Federal Contract Tower,0,0,28,0,28,0,3,108,0,111,0,3,136,0,139,20,0,20,159
09/03/2017,SAC,CA,AWP,WE,Federal Contract Tower,0,8,25,0,33,0,19,91,0,110,0,27,116,0,143,30,0,30,173
09/04/2017,SAC,CA,AWP,WE,Federal Contract Tower,0,3,19,0,22,0,16,78,0,94,0,19,97,0,116,52,0,52,168
09/05/2017,SAC,CA,AWP,WE,Federal Contract Tower,0,2,53,0,55,0,1,185,0,186,0,3,238,0,241,138,0,138,379
09/06/2017,SAC,CA,AWP,WE,Federal Contract Tower,0,8,57,0,65,0,13,168,0,181,0,21,225,0,246,164,0,164,410
09/07/2017,SAC,CA,AWP,WE,Federal Contract Tower,0,4,72,2,78,0,1,167,0,168,0,5,239,2,246,104,0,104,350
09/08/2017,SAC,CA,AWP,WE,Federal Contract Tower,0,0,107,0,107,0,0,250,0,250,0,0,357,0,357,142,0,142,499
09/09/2017,SAC,CA,AWP,WE,Federal Contract Tower,0,0,33,0,33,0,0,175,3,178,0,0,208,3,211,154,0,154,365
09/10/2017,SAC,CA,AWP,WE,Federal Contract Tower,0,1,28,0,29,0,0,131,0,131,0,1,159,0,160,50,0,50,210
09/11/2017,SAC,CA,AWP,WE,Federal Contract Tower,0,2,61,0,63,0,7,172,0,179,0,9,233,0,242,98,0,98,340
09/12/2017,SAC,CA,AWP,WE,Federal Contract Tower,0,5,42,0,47,0,4,155,0,159,0,9,197,0,206,92,0,92,298
09/13/2017,SAC,CA,AWP,WE,Federal Contract Tower,0,3,62,0,65,0,2,149,0,151,0,5,211,0,216,44,0,44,260
09/14/2017,SAC,CA,AWP,WE,Federal Contract Tower,0,2,80,0,82,0,3,177,0,180,0,5,257,0,262,200,0,200,462
09/15/2017,SAC,CA,AWP,WE,Federal Contract Tower,0,8,58,0,66,0,5,205,0,210,0,13,263,0,276,148,0,148,424
09/16/2017,SAC,CA,AWP,WE,Federal Contract Tower,0,2,74,0,76,0,0,222,1,223,0,2,296,1,299,78,0,78,377
09/17/2017,SAC,CA,AWP,WE,Federal Contract Tower,0,0,38,0,38,0,0,177,0,177,0,0,215,0,215,32,0,32,247
09/18/2017,SAC,CA,AWP,WE,Federal Contract Tower,0,1,50,0,51,0,7,124,0,131,0,8,174,0,182,114,0,114,296
09/19/2017,SAC,CA,AWP,WE,Federal Contract Tower,0,0,35,0,35,0,4,152,0,156,0,4,187,0,191,116,2,118,309
09/20/2017,SAC,CA,AWP,WE,Federal Contract Tower,0,1,59,0,60,0,3,154,0,157,0,4,213,0,217,104,0,104,321
09/21/2017,SAC,CA,AWP,WE,Federal Contract Tower,0,1,71,0,72,0,0,198,0,198,0,1,269,0,270,156,0,156,426
09/22/2017,SAC,CA,AWP,WE,Federal Contract Tower,0,0,55,0,55,0,0,209,0,209,0,0,264,0,264,134,0,134,398
09/23/2017,SAC,CA,AWP,WE,Federal Contract Tower,0,2,32,1,35,0,2,162,0,164,0,4,194,1,199,28,0,28,227
09/24/2017,SAC,CA,AWP,WE,Federal Contract Tower,0,0,43,0,43,0,7,277,0,284,0,7,320,0,327,28,0,28,355
09/25/2017,SAC,CA,AWP,WE,Federal Contract Tower,0,3,33,0,36,0,4,148,0,152,0,7,181,0,188,168,0,168,356
09/26/2017,SAC,CA,AWP,WE,Federal Contract Tower,0,2,37,0,39,0,3,156,0,159,0,5,193,0,198,174,0,174,372
09/27/2017,SAC,CA,AWP,WE,Federal Contract Tower,0,13,72,2,87,0,15,190,3,208,0,28,262,5,295,168,0,168,463
09/28/2017,SAC,CA,AWP,WE,Federal Contract Tower,0,12,56,0,68,0,10,209,2,221,0,22,265,2,289,84,0,84,373
09/29/2017,SAC,CA,AWP,WE,Federal Contract Tower,0,6,76,0,82,0,5,226,0,231,0,11,302,0,313,60,0,60,373
09/30/2017,SAC,CA,AWP,WE,Federal Contract Tower,0,0,53,0,53,0,0,241,0,241,0,0,294,0,294,26,0,26,320
10/01/2017,SAC,CA,AWP,WE,Federal Contract Tower,0,0,13,0,13,0,0,91,0,91,0,0,104,0,104,12,0,12,116
10/02/2017,SAC,CA,AWP,WE,Federal Contract Tower,0,0,21,0,21,0,11,92,0,103,0,11,113,0,124,30,0,30,154
10/03/2017,SAC,CA,AWP,WE,Federal Contract Tower,0,4,76,0,80,0,5,181,0,186,0,9,257,0,266,148,0,148,414
10/04/2017,SAC,CA,AWP,WE,Federal Contract Tower,0,8,61,0,69,0,4,231,0,235,0,12,292,0,304,114,0,114,418
10/05/2017,SAC,CA,AWP,WE,Federal Contract Tower,0,12,40,0,52,0,5,167,0,172,0,17,207,0,224,94,0,94,318
10/06/2017,SAC,CA,AWP,WE,Federal Contract Tower,0,2,51,0,53,0,4,231,0,235,0,6,282,0,288,190,0,190,478
10/07/2017,SAC,CA,AWP,WE,Federal Contract Tower,0,1,33,0,34,0,1,192,1,194,0,2,225,1,228,42,0,42,270
10/08/2017,SAC,CA,AWP,WE,Federal Contract Tower,0,0,10,0,10,0,2,59,0,61,0,2,69,0,71,14,0,14,85
10/09/2017,SAC,CA,AWP,WE,Federal Contract Tower,0,2,50,0,52,0,10,140,0,150,0,12,190,0,202,48,0,48,250
10/10/2017,SAC,CA,AWP,WE,Federal Contract Tower,0,0,2,53,55,0,0,166,0,166,0,0,168,53,221,268,0,268,489
10/11/2017,SAC,CA,AWP,WE,Federal Contract Tower,0,3,43,0,46,0,3,86,0,89,0,6,129,0,135,94,0,94,229
10/12/2017,SAC,CA,AWP,WE,Federal Contract Tower,0,2,37,0,39,0,0,147,0,147,0,2,184,0,186,128,0,128,314
10/13/2017,SAC,CA,AWP,WE,Federal Contract Tower,0,2,30,0,32,0,2,189,0,191,0,4,219,0,223,274,0,274,497
10/14/2017,SAC,CA,AWP,WE,Federal Contract Tower,0,14,31,0,45,0,15,94,0,109,0,29,125,0,154,94,0,94,248
10/15/2017,SAC,CA,AWP,WE,Federal Contract Tower,0,0,29,0,29,0,2,126,0,128,0,2,155,0,157,90,0,90,247
10/16/2017,SAC,CA,AWP,WE,Federal Contract Tower,0,8,45,0,53,0,9,144,0,153,0,17,189,0,206,238,0,238,444
10/17/2017,SAC,CA,AWP,WE,Federal Contract Tower,0,2,42,0,44,0,0,144,0,144,0,2,186,0,188,150,0,150,338
10/18/2017,SAC,CA,AWP,WE,Federal Contract Tower,0,10,43,0,53,0,14,179,0,193,0,24,222,0,246,272,0,272,518
10/19/2017,SAC,CA,AWP,WE,Federal Contract Tower,0,0,58,7,65,0,0,121,2,123,0,0,179,9,188,90,0,90,278
10/20/2017,SAC,CA,AWP,WE,Federal Contract Tower,0,3,46,0,49,0,0,137,1,138,0,3,183,1,187,338,0,338,525
10/21/2017,SAC,CA,AWP,WE,Federal Contract Tower,0,0,36,0,36,0,0,192,1,193,0,0,228,1,229,154,0,154,383
10/22/2017,SAC,CA,AWP,WE,Federal Contract Tower,0,0,49,0,49,0,1,240,0,241,0,1,289,0,290,100,0,100,390
10/23/2017,SAC,CA,AWP,WE,Federal Contract Tower,0,0,58,0,58,0,4,175,0,179,0,4,233,0,237,206,0,206,443
10/24/2017,SAC,CA,AWP,WE,Federal Contract Tower,0,11,55,0,66,0,8,181,0,189,0,19,236,0,255,246,0,246,501
10/25/2017,SAC,CA,AWP,WE,Federal Contract Tower,0,13,47,0,60,0,13,210,2,225,0,26,257,2,285,142,0,142,427
10/26/2017,SAC,CA,AWP,WE,Federal Contract Tower,0,6,72,0,78,0,8,259,0,267,0,14,331,0,345,240,0,240,585
10/27/2017,SAC,CA,AWP,WE,Federal Contract Tower,0,7,63,0,70,0,4,202,0,206,0,11,265,0,276,142,0,142,418
10/28/2017,SAC,CA,AWP,WE,Federal Contract Tower,0,2,31,0,33,0,6,261,0,267,0,8,292,0,300,188,0,188,488
10/29/2017,SAC,CA,AWP,WE,Federal Contract Tower,0,1,75,0,76,0,0,176,0,176,0,1,251,0,252,172,0,172,424
10/30/2017,SAC,CA,AWP,WE,Federal Contract Tower,0,1,11,0,12,0,11,95,0,106,0,12,106,0,118,156,0,156,274
10/31/2017,SAC,CA,AWP,WE,Federal Contract Tower,0,2,40,0,42,0,2,153,0,155,0,4,193,0,197,190,0,190,387
11/01/2017,SAC,CA,AWP,WE,Federal Contract Tower,0,0,34,0,34,0,2,165,0,167,0,2,199,0,201,80,0,80,281
11/02/2017,SAC,CA,AWP,WE,Federal Contract Tower,0,1,70,0,71,0,2,157,0,159,0,3,227,0,230,142,0,142,372
11/03/2017,SAC,CA,AWP,WE,Federal Contract Tower,0,4,42,0,46,0,4,112,0,116,0,8,154,0,162,100,0,100,262
11/04/2017,SAC,CA,AWP,WE,Federal Contract Tower,0,0,48,0,48,0,0,61,0,61,0,0,109,0,109,18,0,18,127
11/05/2017,SAC,CA,AWP,WE,Federal Contract Tower,0,0,36,0,36,0,0,162,0,162,0,0,198,0,198,120,0,120,318
11/06/2017,SAC,CA,AWP,WE,Federal Contract Tower,0,0,47,0,47,0,4,142,0,146,0,4,189,0,193,88,0,88,281
11/07/2017,SAC,CA,AWP,WE,Federal Contract Tower,0,0,49,0,49,0,2,166,1,169,0,2,215,1,218,92,0,92,310
11/08/2017,SAC,CA,AWP,WE,Federal Contract Tower,0,3,39,2,44,0,6,148,2,156,0,9,187,4,200,188,0,188,388
11/09/2017,SAC,CA,AWP,WE,Federal Contract Tower,0,4,44,0,48,0,1,88,0,89,0,5,132,0,137,64,0,64,201
11/10/2017,SAC,CA,AWP,WE,Federal Contract Tower,0,0,60,0,60,0,0,113,0,113,0,0,173,0,173,152,0,152,325
11/11/2017,SAC,CA,AWP,WE,Federal Contract Tower,0,0,50,0,50,0,0,155,1,156,0,0,205,1,206,58,0,58,264
11/12/2017,SAC,CA,AWP,WE,Federal Contract Tower,0,0,35,0,35,0,4,143,0,147,0,4,178,0,182,150,0,150,332
11/13/2017,SAC,CA,AWP,WE,Federal Contract Tower,0,0,35,0,35,0,0,77,0,77,0,0,112,0,112,30,0,30,142
11/14/2017,SAC,CA,AWP,WE,Federal Contract Tower,0,0,56,0,56,0,5,185,2,192,0,5,241,2,248,198,4,202,450
11/15/2017,SAC,CA,AWP,WE,Federal Contract Tower,0,4,42,0,46,0,0,96,0,96,0,4,138,0,142,80,0,80,222
11/16/2017,SAC,CA,AWP,WE,Federal Contract Tower,0,7,38,0,45,0,7,10,0,17,0,14,48,0,62,0,0,0,62
11/17/2017,SAC,CA,AWP,WE,Federal Contract Tower,0,1,80,0,81,0,2,220,3,225,0,3,300,3,306,188,0,188,494
11/18/2017,SAC,CA,AWP,WE,Federal Contract Tower,0,0,48,0,48,0,3,207,3,213,0,3,255,3,261,194,0,194,455
11/19/2017,SAC,CA,AWP,WE,Federal Contract Tower,0,0,55,0,55,0,0,198,0,198,0,0,253,0,253,206,0,206,459
11/20/2017,SAC,CA,AWP,WE,Federal Contract Tower,0,2,69,0,71,0,2,130,0,132,0,4,199,0,203,20,0,20,223
11/21/2017,SAC,CA,AWP,WE,Federal Contract Tower,0,0,66,0,66,0,0,152,0,152,0,0,218,0,218,132,0,132,350
11/22/2017,SAC,CA,AWP,WE,Federal Contract Tower,0,2,61,0,63,0,0,165,0,165,0,2,226,0,228,76,0,76,304
11/23/2017,SAC,CA,AWP,WE,Federal Contract Tower,0,0,21,0,21,0,0,31,0,31,0,0,52,0,52,16,0,16,68
11/24/2017,SAC,CA,AWP,WE,Federal Contract Tower,0,1,32,0,33,0,0,113,0,113,0,1,145,0,146,36,0,36,182
11/26/2017,SAC,CA,AWP,WE,Federal Contract Tower,0,0,22,0,22,0,0,7,0,7,0,0,29,0,29,0,0,0,29
11/27/2017,SAC,CA,AWP,WE,Federal Contract Tower,0,8,53,0,61,0,6,123,0,129,0,14,176,0,190,224,0,224,414
11/28/2017,SAC,CA,AWP,WE,Federal Contract Tower,0,2,67,0,69,0,0,203,1,204,0,2,270,1,273,210,0,210,483
11/29/2017,SAC,CA,AWP,WE,Federal Contract Tower,0,2,51,0,53,0,2,197,0,199,0,4,248,0,252,122,0,122,374
11/30/2017,SAC,CA,AWP,WE,Federal Contract Tower,0,2,37,0,39,0,0,149,6,155,0,2,186,6,194,232,0,232,426
12/01/2017,SAC,CA,AWP,WE,Federal Contract Tower,0,2,36,0,38,0,0,132,0,132,0,2,168,0,170,68,0,68,238
12/02/2017,SAC,CA,AWP,WE,Federal Contract Tower,0,4,41,0,45,0,1,152,0,153,0,5,193,0,198,120,0,120,318
12/03/2017,SAC,CA,AWP,WE,Federal Contract Tower,0,3,57,0,60,0,6,187,0,193,0,9,244,0,253,68,0,68,321
12/04/2017,SAC,CA,AWP,WE,Federal Contract Tower,0,2,23,0,25,0,4,44,0,48,0,6,67,0,73,0,0,0,73
12/05/2017,SAC,CA,AWP,WE,Federal Contract Tower,0,0,36,0,36,1,2,152,0,155,1,2,188,0,191,172,0,172,363
12/06/2017,SAC,CA,AWP,WE,Federal Contract Tower,0,0,39,0,39,0,0,175,0,175,0,0,214,0,214,220,0,220,434
12/07/2017,SAC,CA,AWP,WE,Federal Contract Tower,0,1,84,0,85,0,0,214,0,214,0,1,298,0,299,122,0,122,421
12/08/2017,SAC,CA,AWP,WE,Federal Contract Tower,0,2,32,0,34,0,7,175,0,182,0,9,207,0,216,126,0,126,342
12/09/2017,SAC,CA,AWP,WE,Federal Contract Tower,0,2,39,0,41,0,0,179,0,179,0,2,218,0,220,46,0,46,266
12/10/2017,SAC,CA,AWP,WE,Federal Contract Tower,0,2,44,0,46,0,5,156,0,161,0,7,200,0,207,0,0,0,207
12/11/2017,SAC,CA,AWP,WE,Federal Contract Tower,0,3,68,0,71,0,0,166,0,166,0,3,234,0,237,58,0,58,295
12/12/2017,SAC,CA,AWP,WE,Federal Contract Tower,0,2,30,0,32,0,0,146,0,146,0,2,176,0,178,164,0,164,342
12/13/2017,SAC,CA,AWP,WE,Federal Contract Tower,0,1,54,4,59,0,0,183,0,183,0,1,237,4,242,116,0,116,358
12/14/2017,SAC,CA,AWP,WE,Federal Contract Tower,0,3,46,0,49,0,1,172,0,173,0,4,218,0,222,72,0,72,294
12/15/2017,SAC,CA,AWP,WE,Federal Contract Tower,0,0,38,0,38,0,0,152,0,152,0,0,190,0,190,142,0,142,332
12/16/2017,SAC,CA,AWP,WE,Federal Contract Tower,0,2,11,0,13,0,1,29,0,30,0,3,40,0,43,0,0,0,43
12/17/2017,SAC,CA,AWP,WE,Federal Contract Tower,0,0,46,0,46,0,3,151,0,154,0,3,197,0,200,48,0,48,248
12/18/2017,SAC,CA,AWP,WE,Federal Contract Tower,0,0,36,0,36,0,0,158,0,158,0,0,194,0,194,44,0,44,238
12/19/2017,SAC,CA,AWP,WE,Federal Contract Tower,0,6,35,0,41,0,6,133,0,139,0,12,168,0,180,114,0,114,294
12/20/2017,SAC,CA,AWP,WE,Federal Contract Tower,0,6,39,1,46,0,6,163,1,170,0,12,202,2,216,84,0,84,300
12/21/2017,SAC,CA,AWP,WE,Federal Contract Tower,0,6,15,0,21,0,6,102,1,109,0,12,117,1,130,82,0,82,212
12/22/2017,SAC,CA,AWP,WE,Federal Contract Tower,0,1,40,0,41,0,0,194,0,194,0,1,234,0,235,42,0,42,277
12/23/2017,SAC,CA,AWP,WE,Federal Contract Tower,0,0,29,0,29,0,0,167,0,167,0,0,196,0,196,74,0,74,270
12/24/2017,SAC,CA,AWP,WE,Federal Contract Tower,0,0,6,0,6,0,4,31,0,35,0,4,37,0,41,4,0,4,45
12/25/2017,SAC,CA,AWP,WE,Federal Contract Tower,0,1,3,0,4,0,0,51,0,51,0,1,54,0,55,6,0,6,61
12/26/2017,SAC,CA,AWP,WE,Federal Contract Tower,0,0,33,0,33,0,10,106,0,116,0,10,139,0,149,54,4,58,207
12/27/2017,SAC,CA,AWP,WE,Federal Contract Tower,0,4,53,0,57,0,5,166,0,171,0,9,219,0,228,24,0,24,252
12/28/2017,SAC,CA,AWP,WE,Federal Contract Tower,0,1,35,0,36,0,1,139,0,140,0,2,174,0,176,62,0,62,238
12/29/2017,SAC,CA,AWP,WE,Federal Contract Tower,0,2,23,3,28,0,6,164,0,170,0,8,187,3,198,78,0,78,276
12/30/2017,SAC,CA,AWP,WE,Federal Contract Tower,0,3,8,0,11,0,7,111,1,119,0,10,119,1,130,62,0,62,192
12/31/2017,SAC,CA,AWP,WE,Federal Contract Tower,0,0,15,0,15,0,2,95,0,97,0,2,110,0,112,58,0,58,170
01/01/2018,SAC,CA,AWP,WE,Federal Contract Tower,0,2,15,0,17,0,0,72,0,72,0,2,87,0,89,12,0,12,101
01/02/2018,SAC,CA,AWP,WE,Federal Contract Tower,0,1,61,0,62,0,0,151,0,151,0,1,212,0,213,66,0,66,279
01/03/2018,SAC,CA,AWP,WE,Federal Contract Tower,0,3,46,0,49,0,2,128,0,130,0,5,174,0,179,108,0,108,287
01/04/2018,SAC,CA,AWP,WE,Federal Contract Tower,0,1,24,0,25,0,2,77,0,79,0,3,101,0,104,128,0,128,232
01/05/2018,SAC,CA,AWP,WE,Federal Contract Tower,0,0,41,0,41,0,0,25,0,25,0,0,66,0,66,54,0,54,120
01/06/2018,SAC,CA,AWP,WE,Federal Contract Tower,0,3,44,0,47,0,0,168,0,168,0,3,212,0,215,78,0,78,293
01/07/2018,SAC,CA,AWP,WE,Federal Contract Tower,0,7,8,0,15,0,2,36,0,38,0,9,44,0,53,4,0,4,57
01/08/2018,SAC,CA,AWP,WE,Federal Contract Tower,0,0,18,0,18,0,0,0,0,0,0,0,18,0,18,0,0,0,18
01/09/2018,SAC,CA,AWP,WE,Federal Contract Tower,0,2,63,0,65,0,0,0,0,0,0,2,63,0,65,0,0,0,65
01/10/2018,SAC,CA,AWP,WE,Federal Contract Tower,0,5,62,0,67,0,0,87,0,87,0,5,149,0,154,80,0,80,234
01/11/2018,SAC,CA,AWP,WE,Federal Contract Tower,0,9,48,2,59,0,4,166,2,172,0,13,214,4,231,142,0,142,373
01/12/2018,SAC,CA,AWP,WE,Federal Contract Tower,0,3,20,0,23,0,2,36,0,38,0,5,56,0,61,0,0,0,61
01/13/2018,SAC,CA,AWP,WE,Federal Contract Tower,0,1,35,0,36,0,0,16,0,16,0,1,51,0,52,2,0,2,54
01/14/2018,SAC,CA,AWP,WE,Federal Contract Tower,0,1,51,0,52,0,1,28,0,29,0,2,79,0,81,6,0,6,87
01/15/2018,SAC,CA,AWP,WE,Federal Contract Tower,0,1,54,0,55,0,0,0,0,0,0,1,54,0,55,0,0,0,55
01/16/2018,SAC,CA,AWP,WE,Federal Contract Tower,0,2,29,1,32,0,2,37,1,40,0,4,66,2,72,26,0,26,98
01/17/2018,SAC,CA,AWP,WE,Federal Contract Tower,0,4,48,0,52,0,0,0,0,0,0,4,48,0,52,0,0,0,52
01/18/2018,SAC,CA,AWP,WE,Federal Contract Tower,0,0,42,0,42,0,0,23,0,23,0,0,65,0,65,4,0,4,69
01/19/2018,SAC,CA,AWP,WE,Federal Contract Tower,0,1,70,0,71,0,0,231,0,231,0,1,301,0,302,118,0,118,420
01/20/2018,SAC,CA,AWP,WE,Federal Contract Tower,0,1,63,0,64,0,0,289,0,289,0,1,352,0,353,122,0,122,475
01/21/2018,SAC,CA,AWP,WE,Federal Contract Tower,0,1,31,0,32,0,5,131,0,136,0,6,162,0,168,88,0,88,256
01/22/2018,SAC,CA,AWP,WE,Federal Contract Tower,0,3,48,0,51,0,0,2,0,2,0,3,50,0,53,2,0,2,55
01/23/2018,SAC,CA,AWP,WE,Federal Contract Tower,0,1,63,0,64,0,10,84,0,94,0,11,147,0,158,74,0,74,232
01/24/2018,SAC,CA,AWP,WE,Federal Contract Tower,0,2,34,0,36,0,0,18,0,18,0,2,52,0,54,8,0,8,62
01/25/2018,SAC,CA,AWP,WE,Federal Contract Tower,0,10,50,0,60,0,4,123,0,127,0,14,173,0,187,26,0,26,213
01/26/2018,SAC,CA,AWP,WE,Federal Contract Tower,0,2,50,0,52,0,1,125,0,126,0,3,175,0,178,52,0,52,230
01/27/2018,SAC,CA,AWP,WE,Federal Contract Tower,0,1,52,0,53,0,0,193,1,194,0,1,245,1,247,86,0,86,333
01/28/2018,SAC,CA,AWP,WE,Federal Contract Tower,0,0,41,0,41,0,3,172,0,175,0,3,213,0,216,56,0,56,272
01/29/2018,SAC,CA,AWP,WE,Federal Contract Tower,0,1,77,0,78,0,7,176,0,183,0,8,253,0,261,162,0,162,423
01/30/2018,SAC,CA,AWP,WE,Federal Contract Tower,0,2,40,0,42,0,2,131,0,133,0,4,171,0,175,98,0,98,273
01/31/2018,SAC,CA,AWP,WE,Federal Contract Tower,0,9,64,0,73,0,0,191,0,191,0,9,255,0,264,145,0,145,409
02/01/2018,SAC,CA,AWP,WE,Federal Contract Tower,0,0,51,0,51,0,0,217,0,217,0,0,268,0,268,102,0,102,370
02/02/2018,SAC,CA,AWP,WE,Federal Contract Tower,0,3,61,0,64,0,4,233,0,237,0,7,294,0,301,78,0,78,379
02/03/2018,SAC,CA,AWP,WE,Federal Contract Tower,0,2,34,0,36,0,0,180,0,180,0,2,214,0,216,110,0,110,326
02/04/2018,SAC,CA,AWP,WE,Federal Contract Tower,0,1,18,0,19,0,2,122,0,124,0,3,140,0,143,28,0,28,171
02/05/2018,SAC,CA,AWP,WE,Federal Contract Tower,0,0,54,0,54,0,10,128,0,138,0,10,182,0,192,62,0,62,254
02/06/2018,SAC,CA,AWP,WE,Federal Contract Tower,0,2,63,0,65,0,2,153,0,155,0,4,216,0,220,60,0,60,280
02/07/2018,SAC,CA,AWP,WE,Federal Contract Tower,0,3,81,2,86,0,5,222,0,227,0,8,303,2,313,139,0,139,452
02/08/2018,SAC,CA,AWP,WE,Federal Contract Tower,0,2,65,0,67,0,8,208,0,216,0,10,273,0,283,138,0,138,421
02/09/2018,SAC,CA,AWP,WE,Federal Contract Tower,0,3,44,0,47,0,0,178,0,178,0,3,222,0,225,110,0,110,335
02/10/2018,SAC,CA,AWP,WE,Federal Contract Tower,0,3,13,0,16,0,1,115,2,118,0,4,128,2,134,42,0,42,176
02/11/2018,SAC,CA,AWP,WE,Federal Contract Tower,0,4,58,0,62,0,10,180,0,190,0,14,238,0,252,50,0,50,302
02/12/2018,SAC,CA,AWP,WE,Federal Contract Tower,0,0,44,0,44,0,4,139,0,143,0,4,183,0,187,82,0,82,269
02/13/2018,SAC,CA,AWP,WE,Federal Contract Tower,0,3,43,0,46,0,9,195,0,204,0,12,238,0,250,126,0,126,376
02/14/2018,SAC,CA,AWP,WE,Federal Contract Tower,0,2,44,0,46,0,4,174,2,180,0,6,218,2,226,98,0,98,324
02/15/2018,SAC,CA,AWP,WE,Federal Contract Tower,0,1,46,2,49,0,2,123,2,127,0,3,169,4,176,10,0,10,186
02/16/2018,SAC,CA,AWP,WE,Federal Contract Tower,0,0,63,0,63,0,0,248,0,248,0,0,311,0,311,94,0,94,405
02/17/2018,SAC,CA,AWP,WE,Federal Contract Tower,0,0,36,0,36,0,0,193,0,193,0,0,229,0,229,64,0,64,293
02/18/2018,SAC,CA,AWP,WE,Federal Contract Tower,0,4,14,0,18,0,7,97,0,104,0,11,111,0,122,84,0,84,206
02/19/2018,SAC,CA,AWP,WE,Federal Contract Tower,0,4,72,0,76,0,4,170,0,174,0,8,242,0,250,80,0,80,330
02/20/2018,SAC,CA,AWP,WE,Federal Contract Tower,0,3,56,0,59,0,0,183,0,183,0,3,239,0,242,158,0,158,400
02/21/2018,SAC,CA,AWP,WE,Federal Contract Tower,0,5,53,0,58,0,3,175,0,178,0,8,228,0,236,66,0,66,302
02/22/2018,SAC,CA,AWP,WE,Federal Contract Tower,0,2,43,0,45,0,4,112,0,116,0,6,155,0,161,74,0,74,235
02/23/2018,SAC,CA,AWP,WE,Federal Contract Tower,0,0,70,0,70,0,0,175,0,175,0,0,245,0,245,68,0,68,313
02/24/2018,SAC,CA,AWP,WE,Federal Contract Tower,0,0,39,0,39,0,0,179,2,181,0,0,218,2,220,30,0,30,250
02/25/2018,SAC,CA,AWP,WE,Federal Contract Tower,0,0,44,0,44,0,2,214,0,216,0,2,258,0,260,78,0,78,338
02/26/2018,SAC,CA,AWP,WE,Federal Contract Tower,0,1,24,0,25,0,1,25,0,26,0,2,49,0,51,2,0,2,53
02/27/2018,SAC,CA,AWP,WE,Federal Contract Tower,0,1,34,0,35,0,5,1123,0,1128,0,6,1157,0,1163,80,0,80,1243
02/28/2018,SAC,CA,AWP,WE,Federal Contract Tower,0,7,61,0,68,0,5,142,0,147,0,12,203,0,215,134,0,134,349
03/01/2018,SAC,CA,AWP,WE,Federal Contract Tower,0,0,5,0,5,0,0,2,0,2,0,0,7,0,7,0,0,0,7
03/02/2018,SAC,CA,AWP,WE,Federal Contract Tower,0,0,24,0,24,0,1,69,0,70,0,1,93,0,94,128,10,138,232
03/03/2018,SAC,CA,AWP,WE,Federal Contract Tower,0,3,13,0,16,0,1,81,0,82,0,4,94,0,98,32,0,32,130
03/04/2018,SAC,CA,AWP,WE,Federal Contract Tower,0,1,52,0,53,0,3,150,0,153,0,4,202,0,206,140,0,140,346
03/05/2018,SAC,CA,AWP,WE,Federal Contract Tower,0,1,58,0,59,0,2,205,0,207,0,3,263,0,266,172,2,174,440
03/06/2018,SAC,CA,AWP,WE,Federal Contract Tower,0,3,62,0,65,0,4,213,0,217,0,7,275,0,282,140,0,140,422
03/07/2018,SAC,CA,AWP,WE,Federal Contract Tower,0,2,70,1,73,0,1,237,2,240,0,3,307,3,313,202,2,204,517
03/08/2018,SAC,CA,AWP,WE,Federal Contract Tower,0,0,53,0,53,0,1,156,0,157,0,1,209,0,210,158,0,158,368
03/09/2018,SAC,CA,AWP,WE,Federal Contract Tower,0,0,51,1,52,0,1,246,2,249,0,1,297,3,301,116,0,116,417
03/10/2018,SAC,CA,AWP,WE,Federal Contract Tower,0,0,37,0,37,0,0,119,0,119,0,0,156,0,156,72,0,72,228
03/11/2018,SAC,CA,AWP,WE,Federal Contract Tower,0,0,25,0,25,0,4,150,0,154,0,4,175,0,179,60,0,60,239
03/12/2018,SAC,CA,AWP,WE,Federal Contract Tower,0,2,68,0,70,0,11,166,0,177,0,13,234,0,247,60,0,60,307
03/13/2018,SAC,CA,AWP,WE,Federal Contract Tower,0,2,19,0,21,0,3,12,0,15,0,5,31,0,36,30,0,30,66
03/14/2018,SAC,CA,AWP,WE,Federal Contract Tower,0,2,39,0,41,0,0,70,0,70,0,2,109,0,111,80,0,80,191
03/15/2018,SAC,CA,AWP,WE,Federal Contract Tower,0,1,20,0,21,0,0,29,0,29,0,1,49,0,50,48,0,48,98
03/16/2018,SAC,CA,AWP,WE,Federal Contract Tower,0,0,35,8,43,0,1,76,8,85,0,1,111,16,128,70,0,70,198
03/17/2018,SAC,CA,AWP,WE,Federal Contract Tower,0,2,36,0,38,0,4,139,4,147,0,6,175,4,185,116,0,116,301
03/18/2018,SAC,CA,AWP,WE,Federal Contract Tower,0,1,61,2,64,0,5,204,2,211,0,6,265,4,275,84,0,84,359
03/19/2018,SAC,CA,AWP,WE,Federal Contract Tower,0,0,83,0,83,0,2,245,0,247,0,2,328,0,330,96,0,96,426
03/20/2018,SAC,CA,AWP,WE,Federal Contract Tower,0,1,50,0,51,0,0,68,0,68,0,1,118,0,119,64,0,64,183
03/21/2018,SAC,CA,AWP,WE,Federal Contract Tower,0,4,19,0,23,0,1,8,0,9,0,5,27,0,32,0,0,0,32
03/22/2018,SAC,CA,AWP,WE,Federal Contract Tower,0,1,19,0,20,0,0,24,0,24,0,1,43,0,44,38,0,38,82
03/23/2018,SAC,CA,AWP,WE,Federal Contract Tower,0,1,64,0,65,0,2,194,1,197,0,3,258,1,262,124,0,124,386
03/24/2018,SAC,CA,AWP,WE,Federal Contract Tower,0,3,45,0,48,0,2,89,0,91,0,5,134,0,139,48,0,48,187
03/25/2018,SAC,CA,AWP,WE,Federal Contract Tower,0,0,85,0,85,0,4,210,0,214,0,4,295,0,299,98,0,98,397
03/26/2018,SAC,CA,AWP,WE,Federal Contract Tower,0,2,58,0,60,0,7,153,0,160,0,9,211,0,220,46,0,46,266
03/27/2018,SAC,CA,AWP,WE,Federal Contract Tower,0,2,46,0,48,0,0,190,0,190,0,2,236,0,238,108,0,108,346
03/28/2018,SAC,CA,AWP,WE,Federal Contract Tower,0,1,84,0,85,0,3,237,0,240,0,4,321,0,325,200,0,200,525
03/29/2018,SAC,CA,AWP,WE,Federal Contract Tower,0,0,51,0,51,0,7,221,0,228,0,7,272,0,279,124,0,124,403
03/30/2018,SAC,CA,AWP,WE,Federal Contract Tower,0,1,101,0,102,0,2,261,0,263,0,3,362,0,365,60,0,60,425
03/31/2018,SAC,CA,AWP,WE,Federal Contract Tower,0,2,46,0,48,0,0,216,0,216,0,2,262,0,264,122,0,122,386
04/01/2018,SAC,CA,AWP,WE,Federal Contract Tower,0,1,28,0,29,0,0,141,0,141,0,1,169,0,170,84,0,84,254
04/02/2018,SAC,CA,AWP,WE,Federal Contract Tower,0,1,53,0,54,0,2,194,0,196,0,3,247,0,250,124,8,132,382
04/03/2018,SAC,CA,AWP,WE,Federal Contract Tower,0,3,26,0,29,0,4,194,0,198,0,7,220,0,227,108,0,108,335
04/04/2018,SAC,CA,AWP,WE,Federal Contract Tower,0,1,69,0,70,0,4,234,0,238,0,5,303,0,308,144,0,144,452
04/05/2018,SAC,CA,AWP,WE,Federal Contract Tower,0,2,32,0,34,0,1,190,3,194,0,3,222,3,228,122,0,122,350
04/06/2018,SAC,CA,AWP,WE,Federal Contract Tower,0,2,36,0,38,0,0,4,0,4,0,2,40,0,42,0,0,0,42
04/07/2018,SAC,CA,AWP,WE,Federal Contract Tower,0,2,48,0,50,0,4,103,0,107,0,6,151,0,157,12,0,12,169
04/08/2018,SAC,CA,AWP,WE,Federal Contract Tower,0,2,64,0,66,0,4,209,0,213,0,6,273,0,279,80,0,80,359
04/09/2018,SAC,CA,AWP,WE,Federal Contract Tower,0,0,26,0,26,0,0,136,0,136,0,0,162,0,162,84,8,92,254
04/10/2018,SAC,CA,AWP,WE,Federal Contract Tower,0,0,34,0,34,0,0,132,0,132,0,0,166,0,166,67,0,67,233
04/11/2018,SAC,CA,AWP,WE,Federal Contract Tower,0,3,35,0,38,0,0,116,0,116,0,3,151,0,154,152,0,152,306
04/12/2018,SAC,CA,AWP,WE,Federal Contract Tower,0,0,71,0,71,0,3,191,0,194,0,3,262,0,265,100,8,108,373
04/13/2018,SAC,CA,AWP,WE,Federal Contract Tower,0,3,73,0,76,0,8,215,0,223,0,11,288,0,299,152,0,152,451
04/14/2018,SAC,CA,AWP,WE,Federal Contract Tower,0,5,50,0,55,0,8,244,0,252,0,13,294,0,307,94,0,94,401
04/15/2018,SAC,CA,AWP,WE,Federal Contract Tower,0,8,24,0,32,0,15,107,0,122,0,23,131,0,154,52,0,52,206
04/16/2018,SAC,CA,AWP,WE,Federal Contract Tower,0,1,8,0,9,0,2,22,0,24,0,3,30,0,33,40,0,40,73
04/17/2018,SAC,CA,AWP,WE,Federal Contract Tower,0,2,80,2,84,0,0,213,0,213,0,2,293,2,297,124,0,124,421
04/18/2018,SAC,CA,AWP,WE,Federal Contract Tower,0,0,56,0,56,0,2,210,2,214,0,2,266,2,270,166,0,166,436
04/19/2018,SAC,CA,AWP,WE,Federal Contract Tower,0,2,85,0,87,0,0,202,4,206,0,2,287,4,293,68,0,68,361
04/20/2018,SAC,CA,AWP,WE,Federal Contract Tower,0,3,65,0,68,0,2,216,0,218,0,5,281,0,286,144,0,144,430
04/21/2018,SAC,CA,AWP,WE,Federal Contract Tower,0,6,44,1,51,0,2,201,2,205,0,8,245,3,256,118,0,118,374
04/22/2018,SAC,CA,AWP,WE,Federal Contract Tower,0,2,46,0,48,0,3,206,0,209,0,5,252,0,257,175,0,175,432
04/23/2018,SAC,CA,AWP,WE,Federal Contract Tower,0,2,52,0,54,0,12,157,0,169,0,14,209,0,223,172,0,172,395
04/24/2018,SAC,CA,AWP,WE,Federal Contract Tower,0,2,51,0,53,0,4,175,0,179,0,6,226,0,232,184,0,184,416
04/25/2018,SAC,CA,AWP,WE,Federal Contract Tower,0,13,57,0,70,0,12,196,0,208,0,25,253,0,278,142,0,142,420
04/26/2018,SAC,CA,AWP,WE,Federal Contract Tower,0,3,56,0,59,0,2,176,6,184,0,5,232,6,243,194,18,212,455
04/27/2018,SAC,CA,AWP,WE,Federal Contract Tower,0,4,56,0,60,0,13,174,1,188,0,17,230,1,248,134,0,134,382
04/28/2018,SAC,CA,AWP,WE,Federal Contract Tower,0,1,46,0,47,0,0,130,0,130,0,1,176,0,177,98,0,98,275
04/29/2018,SAC,CA,AWP,WE,Federal Contract Tower,0,0,47,0,47,0,2,180,0,182,0,2,227,0,229,92,0,92,321
04/30/2018,SAC,CA,AWP,WE,Federal Contract Tower,0,1,45,0,46,0,16,148,0,164,0,17,193,0,210,122,0,122,332
05/01/2018,SAC,CA,AWP,WE,Federal Contract Tower,0,3,47,0,50,0,3,131,0,134,0,6,178,0,184,28,0,28,212
05/02/2018,SAC,CA,AWP,WE,Federal Contract Tower,0,3,38,0,41,0,3,166,0,169,0,6,204,0,210,88,0,88,298
05/03/2018,SAC,CA,AWP,WE,Federal Contract Tower,0,3,66,2,71,0,2,163,1,166,0,5,229,3,237,84,0,84,321
05/04/2018,SAC,CA,AWP,WE,Federal Contract Tower,0,2,60,0,62,0,2,208,1,211,0,4,268,1,273,76,0,76,349
05/05/2018,SAC,CA,AWP,WE,Federal Contract Tower,0,4,32,0,36,0,2,173,0,175,0,6,205,0,211,64,0,64,275
05/06/2018,SAC,CA,AWP,WE,Federal Contract Tower,0,0,46,0,46,0,0,148,0,148,0,0,194,0,194,72,0,72,266
05/07/2018,SAC,CA,AWP,WE,Federal Contract Tower,0,1,43,0,44,0,6,118,0,124,0,7,161,0,168,48,0,48,216
05/08/2018,SAC,CA,AWP,WE,Federal Contract Tower,0,4,47,0,51,0,0,135,0,135,0,4,182,0,186,70,0,70,256
05/10/2018,SAC,CA,AWP,WE,Federal Contract Tower,0,0,75,0,75,0,4,222,0,226,0,4,297,0,301,120,0,120,421
05/11/2018,SAC,CA,AWP,WE,Federal Contract Tower,0,1,24,0,25,0,1,55,0,56,0,2,79,0,81,20,0,20,101
05/12/2018,SAC,CA,AWP,WE,Federal Contract Tower,0,0,42,0,42,0,0,148,0,148,0,0,190,0,190,52,0,52,242
05/13/2018,SAC,CA,AWP,WE,Federal Contract Tower,0,4,27,0,31,0,6,124,0,130,0,10,151,0,161,14,0,14,175
05/14/2018,SAC,CA,AWP,WE,Federal Contract Tower,0,0,59,0,59,0,8,194,0,202,0,8,253,0,261,150,0,150,411
05/15/2018,SAC,CA,AWP,WE,Federal Contract Tower,0,1,48,0,49,0,8,172,0,180,0,9,220,0,229,186,0,186,415
05/16/2018,SAC,CA,AWP,WE,Federal Contract Tower,0,5,51,0,56,0,4,116,0,120,0,9,167,0,176,50,0,50,226
05/17/2018,SAC,CA,AWP,WE,Federal Contract Tower,0,3,44,0,47,0,2,187,1,190,0,5,231,1,237,142,0,142,379
05/18/2018,SAC,CA,AWP,WE,Federal Contract Tower,0,0,44,0,44,0,11,220,0,231,0,11,264,0,275,136,0,136,411
05/19/2018,SAC,CA,AWP,WE,Federal Contract Tower,0,0,32,0,32,0,4,205,2,211,0,4,237,2,243,102,0,102,345
05/20/2018,SAC,CA,AWP,WE,Federal Contract Tower,0,0,38,0,38,0,0,241,0,241,0,0,279,0,279,70,0,70,349
05/21/2018,SAC,CA,AWP,WE,Federal Contract Tower,0,4,43,0,47,0,9,138,0,147,0,13,181,0,194,52,0,52,246
05/22/2018,SAC,CA,AWP,WE,Federal Contract Tower,0,5,53,2,60,0,6,132,2,140,0,11,185,4,200,180,0,180,380
05/23/2018,SAC,CA,AWP,WE,Federal Contract Tower,0,2,53,5,60,0,0,152,9,161,0,2,205,14,221,56,0,56,277
05/24/2018,SAC,CA,AWP,WE,Federal Contract Tower,0,1,92,2,95,0,3,229,2,234,0,4,321,4,329,202,0,202,531
05/25/2018,SAC,CA,AWP,WE,Federal Contract Tower,0,1,54,0,55,0,4,113,0,117,0,5,167,0,172,98,0,98,270
05/26/2018,SAC,CA,AWP,WE,Federal Contract Tower,0,0,51,1,52,0,0,158,0,158,0,0,209,1,210,98,0,98,308
05/27/2018,SAC,CA,AWP,WE,Federal Contract Tower,0,0,39,0,39,0,4,179,1,184,0,4,218,1,223,128,0,128,351
05/28/2018,SAC,CA,AWP,WE,Federal Contract Tower,0,0,44,0,44,0,2,190,0,192,0,2,234,0,236,116,0,116,352
05/29/2018,SAC,CA,AWP,WE,Federal Contract Tower,0,0,66,0,66,0,4,145,0,149,0,4,211,0,215,108,0,108,323
05/30/2018,SAC,CA,AWP,WE,Federal Contract Tower,0,4,25,0,29,0,1,75,0,76,0,5,100,0,105,0,0,0,105
05/31/2018,SAC,CA,AWP,WE,Federal Contract Tower,0,5,85,0,90,0,7,246,0,253,0,12,331,0,343,122,0,122,465
06/01/2018,SAC,CA,AWP,WE,Federal Contract Tower,0,0,61,0,61,0,3,232,0,235,0,3,293,0,296,150,0,150,446
06/02/2018,SAC,CA,AWP,WE,Federal Contract Tower,0,0,45,0,45,0,4,200,0,204,0,4,245,0,249,90,0,90,339
06/03/2018,SAC,CA,AWP,WE,Federal Contract Tower,0,1,41,0,42,0,4,190,0,194,0,5,231,0,236,52,0,52,288
06/04/2018,SAC,CA,AWP,WE,Federal Contract Tower,0,0,77,0,77,0,2,227,0,229,0,2,304,0,306,152,0,152,458
06/05/2018,SAC,CA,AWP,WE,Federal Contract Tower,0,4,50,0,54,0,8,173,0,181,0,12,223,0,235,110,0,110,345
06/06/2018,SAC,CA,AWP,WE,Federal Contract Tower,0,6,61,0,67,0,9,184,2,195,0,15,245,2,262,164,0,164,426
06/07/2018,SAC,CA,AWP,WE,Federal Contract Tower,0,0,79,0,79,0,6,223,0,229,0,6,302,0,308,196,0,196,504
06/08/2018,SAC,CA,AWP,WE,Federal Contract Tower,0,6,72,0,78,0,9,238,0,247,0,15,310,0,325,124,0,124,449
06/09/2018,SAC,CA,AWP,WE,Federal Contract Tower,0,1,26,0,27,0,3,140,0,143,0,4,166,0,170,72,0,72,242
06/10/2018,SAC,CA,AWP,WE,Federal Contract Tower,0,1,46,0,47,0,4,168,0,172,0,5,214,0,219,92,0,92,311
06/11/2018,SAC,CA,AWP,WE,Federal Contract Tower,0,0,50,0,50,0,4,161,0,165,0,4,211,0,215,54,0,54,269
06/12/2018,SAC,CA,AWP,WE,Federal Contract Tower,0,0,58,0,58,0,0,186,2,188,0,0,244,2,246,170,18,188,434
06/13/2018,SAC,CA,AWP,WE,Federal Contract Tower,0,2,77,5,84,0,0,226,11,237,0,2,303,16,321,120,4,124,445
06/14/2018,SAC,CA,AWP,WE,Federal Contract Tower,0,4,70,1,75,0,7,210,1,218,0,11,280,2,293,176,0,176,469
06/15/2018,SAC,CA,AWP,WE,Federal Contract Tower,0,0,40,0,40,0,6,165,0,171,0,6,205,0,211,126,12,138,349
06/16/2018,SAC,CA,AWP,WE,Federal Contract Tower,0,4,35,0,39,0,3,155,0,158,0,7,190,0,197,100,0,100,297
06/17/2018,SAC,CA,AWP,WE,Federal Contract Tower,0,2,48,0,50,0,7,162,0,169,0,9,210,0,219,101,0,101,320
06/18/2018,SAC,CA,AWP,WE,Federal Contract Tower,0,8,39,0,47,0,9,172,0,181,0,17,211,0,228,184,0,184,412
06/19/2018,SAC,CA,AWP,WE,Federal Contract Tower,0,4,72,0,76,0,6,177,0,183,0,10,249,0,259,154,0,154,413
06/20/2018,SAC,CA,AWP,WE,Federal Contract Tower,0,4,48,0,52,0,4,162,0,166,0,8,210,0,218,169,0,169,387
06/21/2018,SAC,CA,AWP,WE,Federal Contract Tower,0,0,60,1,61,0,3,236,0,239,0,3,296,1,300,192,0,192,492
06/22/2018,SAC,CA,AWP,WE,Federal Contract Tower,0,5,70,0,75,0,8,194,0,202,0,13,264,0,277,132,0,132,409
06/23/2018,SAC,CA,AWP,WE,Federal Contract Tower,0,1,32,0,33,0,0,124,0,124,0,1,156,0,157,80,0,80,237
06/24/2018,SAC,CA,AWP,WE,Federal Contract Tower,0,0,26,0,26,0,0,149,0,149,0,0,175,0,175,44,0,44,219
06/25/2018,SAC,CA,AWP,WE,Federal Contract Tower,0,0,49,0,49,0,0,145,0,145,0,0,194,0,194,144,0,144,338
06/26/2018,SAC,CA,AWP,WE,Federal Contract Tower,0,8,42,0,50,0,10,144,0,154,0,18,186,0,204,158,0,158,362
06/27/2018,SAC,CA,AWP,WE,Federal Contract Tower,0,2,60,0,62,0,3,206,0,209,0,5,266,0,271,274,0,274,545
06/28/2018,SAC,CA,AWP,WE,Federal Contract Tower,0,0,56,0,56,0,12,232,0,244,0,12,288,0,300,202,0,202,502
06/29/2018,SAC,CA,AWP,WE,Federal Contract Tower,0,4,49,0,53,0,2,166,0,168,0,6,215,0,221,114,0,114,335
06/30/2018,SAC,CA,AWP,WE,Federal Contract Tower,0,0,45,0,45,0,1,157,0,158,0,1,202,0,203,100,0,100,303
07/01/2018,SAC,CA,AWP,WE,Federal Contract Tower,0,0,25,0,25,0,4,130,0,134,0,4,155,0,159,92,0,92,251
07/02/2018,SAC,CA,AWP,WE,Federal Contract Tower,0,2,93,0,95,0,7,156,0,163,0,9,249,0,258,144,0,144,402
07/03/2018,SAC,CA,AWP,WE,Federal Contract Tower,0,4,98,1,103,0,10,192,1,203,0,14,290,2,306,90,0,90,396
07/04/2018,SAC,CA,AWP,WE,Federal Contract Tower,0,0,20,0,20,0,0,100,0,100,0,0,120,0,120,114,0,114,234
07/05/2018,SAC,CA,AWP,WE,Federal Contract Tower,0,8,68,0,76,0,17,185,0,202,0,25,253,0,278,102,0,102,380
07/06/2018,SAC,CA,AWP,WE,Federal Contract Tower,0,6,50,0,56,0,6,182,0,188,0,12,232,0,244,152,0,152,396
07/07/2018,SAC,CA,AWP,WE,Federal Contract Tower,0,0,44,1,45,0,3,180,0,183,0,3,224,1,228,32,0,32,260
07/08/2018,SAC,CA,AWP,WE,Federal Contract Tower,0,0,36,0,36,0,5,143,0,148,0,5,179,0,184,78,0,78,262
07/09/2018,SAC,CA,AWP,WE,Federal Contract Tower,0,14,39,0,53,0,17,127,0,144,0,31,166,0,197,104,0,104,301
07/10/2018,SAC,CA,AWP,WE,Federal Contract Tower,0,0,37,0,37,0,8,142,0,150,0,8,179,0,187,138,0,138,325
07/11/2018,SAC,CA,AWP,WE,Federal Contract Tower,0,2,38,0,40,0,2,153,0,155,0,4,191,0,195,160,0,160,355
07/12/2018,SAC,CA,AWP,WE,Federal Contract Tower,0,6,46,0,52,0,8,191,2,201,0,14,237,2,253,38,0,38,291
07/13/2018,SAC,CA,AWP,WE,Federal Contract Tower,0,0,34,0,34,0,8,161,0,169,0,8,195,0,203,146,0,146,349
07/14/2018,SAC,CA,AWP,WE,Federal Contract Tower,0,3,34,1,38,0,3,151,2,156,0,6,185,3,194,42,0,42,236
07/15/2018,SAC,CA,AWP,WE,Federal Contract Tower,0,1,49,0,50,0,8,148,2,158,0,9,197,2,208,60,0,60,268
07/16/2018,SAC,CA,AWP,WE,Federal Contract Tower,0,1,52,2,55,0,6,166,2,174,0,7,218,4,229,110,0,110,339
07/17/2018,SAC,CA,AWP,WE,Federal Contract Tower,0,10,54,4,68,0,10,136,0,146,0,20,190,4,214,108,0,108,322
07/18/2018,SAC,CA,AWP,WE,Federal Contract Tower,0,16,62,2,80,0,13,175,4,192,0,29,237,6,272,98,0,98,370
07/19/2018,SAC,CA,AWP,WE,Federal Contract Tower,0,6,64,0,70,0,8,191,0,199,0,14,255,0,269,144,0,144,413
07/20/2018,SAC,CA,AWP,WE,Federal Contract Tower,0,5,42,0,47,0,12,189,0,201,0,17,231,0,248,132,0,132,380
07/21/2018,SAC,CA,AWP,WE,Federal Contract Tower,0,1,33,0,34,0,0,151,0,151,0,1,184,0,185,30,0,30,215
07/22/2018,SAC,CA,AWP,WE,Federal Contract Tower,0,9,49,0,58,0,11,152,0,163,0,20,201,0,221,78,0,78,299
07/23/2018,SAC,CA,AWP,WE,Federal Contract Tower,0,8,56,0,64,0,4,128,0,132,0,12,184,0,196,76,0,76,272
07/24/2018,SAC,CA,AWP,WE,Federal Contract Tower,0,2,40,2,44,0,11,132,0,143,0,13,172,2,187,98,0,98,285
07/25/2018,SAC,CA,AWP,WE,Federal Contract Tower,0,1,58,0,59,0,2,166,0,168,0,3,224,0,227,142,0,142,369
07/26/2018,SAC,CA,AWP,WE,Federal Contract Tower,0,3,39,0,42,0,10,148,0,158,0,13,187,0,200,98,0,98,298
07/27/2018,SAC,CA,AWP,WE,Federal Contract Tower,0,2,40,0,42,0,8,165,0,173,0,10,205,0,215,126,0,126,341
07/28/2018,SAC,CA,AWP,WE,Federal Contract Tower,0,0,10,0,10,0,8,130,0,138,0,8,140,0,148,36,0,36,184
07/29/2018,SAC,CA,AWP,WE,Federal Contract Tower,0,0,47,0,47,0,0,106,0,106,0,0,153,0,153,44,0,44,197
07/30/2018,SAC,CA,AWP,WE,Federal Contract Tower,0,1,42,0,43,0,2,123,0,125,0,3,165,0,168,110,0,110,278
07/31/2018,SAC,CA,AWP,WE,Federal Contract Tower,0,4,77,0,81,0,7,168,0,175,0,11,245,0,256,154,0,154,410
08/01/2018,SAC,CA,AWP,WE,Federal Contract Tower,0,0,66,0,66,0,0,163,0,163,0,0,229,0,229,74,0,74,303
08/02/2018,SAC,CA,AWP,WE,Federal Contract Tower,0,2,49,0,51,0,3,142,0,145,0,5,191,0,196,86,0,86,282
08/03/2018,SAC,CA,AWP,WE,Federal Contract Tower,0,7,49,0,56,0,6,137,0,143,0,13,186,0,199,92,0,92,291
08/04/2018,SAC,CA,AWP,WE,Federal Contract Tower,0,1,34,0,35,0,1,106,0,107,0,2,140,0,142,134,0,134,276
08/05/2018,SAC,CA,AWP,WE,Federal Contract Tower,0,2,35,0,37,0,1,70,0,71,0,3,105,0,108,82,0,82,190
08/06/2018,SAC,CA,AWP,WE,Federal Contract Tower,0,0,38,0,38,0,4,135,0,139,0,4,173,0,177,130,0,130,307
08/07/2018,SAC,CA,AWP,WE,Federal Contract Tower,0,3,52,1,56,0,2,123,2,127,0,5,175,3,183,130,0,130,313
08/08/2018,SAC,CA,AWP,WE,Federal Contract Tower,0,6,62,0,68,0,0,161,0,161,0,6,223,0,229,126,0,126,355
08/09/2018,SAC,CA,AWP,WE,Federal Contract Tower,0,2,41,0,43,0,2,129,0,131,0,4,170,0,174,100,0,100,274
08/10/2018,SAC,CA,AWP,WE,Federal Contract Tower,0,0,32,2,34,0,2,152,0,154,0,2,184,2,188,63,0,63,251
08/11/2018,SAC,CA,AWP,WE,Federal Contract Tower,0,0,35,0,35,0,2,159,0,161,0,2,194,0,196,62,0,62,258
08/12/2018,SAC,CA,AWP,WE,Federal Contract Tower,0,3,39,0,42,0,8,131,1,140,0,11,170,1,182,60,0,60,242
08/13/2018,SAC,CA,AWP,WE,Federal Contract Tower,0,0,36,0,36,0,2,135,0,137,0,2,171,0,173,22,0,22,195
08/14/2018,SAC,CA,AWP,WE,Federal Contract Tower,0,6,59,0,65,0,14,152,0,166,0,20,211,0,231,40,0,40,271
08/15/2018,SAC,CA,AWP,WE,Federal Contract Tower,0,2,58,1,61,0,0,178,0,178,0,2,236,1,239,92,0,92,331
08/16/2018,SAC,CA,AWP,WE,Federal Contract Tower,0,3,74,0,77,0,3,196,0,199,0,6,270,0,276,138,0,138,414
08/17/2018,SAC,CA,AWP,WE,Federal Contract Tower,0,0,53,0,53,0,10,204,0,214,0,10,257,0,267,88,0,88,355
08/19/2018,SAC,CA,AWP,WE,Federal Contract Tower,0,8,64,1,73,0,13,156,0,169,0,21,220,1,242,60,0,60,302
08/20/2018,SAC,CA,AWP,WE,Federal Contract Tower,0,1,54,0,55,0,7,141,0,148,0,8,195,0,203,48,0,48,251
08/21/2018,SAC,CA,AWP,WE,Federal Contract Tower,0,0,48,0,48,0,0,152,0,152,0,0,200,0,200,38,0,38,238
08/22/2018,SAC,CA,AWP,WE,Federal Contract Tower,0,3,61,0,64,0,2,149,0,151,0,5,210,0,215,132,0,132,347
08/23/2018,SAC,CA,AWP,WE,Federal Contract Tower,0,2,62,0,64,0,4,191,0,195,0,6,253,0,259,176,0,176,435
08/24/2018,SAC,CA,AWP,WE,Federal Contract Tower,0,3,53,0,56,0,7,163,0,170,0,10,216,0,226,38,0,38,264
08/25/2018,SAC,CA,AWP,WE,Federal Contract Tower,0,1,42,0,43,0,5,124,3,132,0,6,166,3,175,76,0,76,251
08/26/2018,SAC,CA,AWP,WE,Federal Contract Tower,0,0,57,0,57,0,5,157,0,162,0,5,214,0,219,68,0,68,287
08/27/2018,SAC,CA,AWP,WE,Federal Contract Tower,0,2,77,0,79,0,3,163,0,166,0,5,240,0,245,132,0,132,377
08/28/2018,SAC,CA,AWP,WE,Federal Contract Tower,0,1,39,0,40,0,5,142,0,147,0,6,181,0,187,138,0,138,325
08/29/2018,SAC,CA,AWP,WE,Federal Contract Tower,0,0,48,0,48,0,0,167,0,167,0,0,215,0,215,210,0,210,425
08/30/2018,SAC,CA,AWP,WE,Federal Contract Tower,0,1,59,0,60,0,1,180,0,181,0,2,239,0,241,152,0,152,393
08/31/2018,SAC,CA,AWP,WE,Federal Contract Tower,0,3,52,0,55,0,13,184,3,200,0,16,236,3,255,106,0,106,361
09/01/2018,SAC,CA,AWP,WE,Federal Contract Tower,0,1,38,0,39,0,2,178,6,186,0,3,216,6,225,80,0,80,305
09/02/2018,SAC,CA,AWP,WE,Federal Contract Tower,0,0,42,0,42,0,8,141,0,149,0,8,183,0,191,60,0,60,251
09/03/2018,SAC,CA,AWP,WE,Federal Contract Tower,0,0,32,0,32,0,8,151,0,159,0,8,183,0,191,98,0,98,289
09/04/2018,SAC,CA,AWP,WE,Federal Contract Tower,0,1,63,0,64,0,0,158,0,158,0,1,221,0,222,102,0,102,324
09/05/2018,SAC,CA,AWP,WE,Federal Contract Tower,0,1,66,0,67,0,0,152,0,152,0,1,218,0,219,56,0,56,275
09/06/2018,SAC,CA,AWP,WE,Federal Contract Tower,0,0,54,0,54,0,4,204,0,208,0,4,258,0,262,152,0,152,414
09/07/2018,SAC,CA,AWP,WE,Federal Contract Tower,0,5,64,0,69,0,13,212,0,225,0,18,276,0,294,190,0,190,484
09/08/2018,SAC,CA,AWP,WE,Federal Contract Tower,0,0,48,0,48,0,2,188,0,190,0,2,236,0,238,96,0,96,334
09/09/2018,SAC,CA,AWP,WE,Federal Contract Tower,0,0,55,0,55,0,2,171,0,173,0,2,226,0,228,14,0,14,242
09/10/2018,SAC,CA,AWP,WE,Federal Contract Tower,0,1,53,0,54,0,5,161,0,166,0,6,214,0,220,66,0,66,286
09/11/2018,SAC,CA,AWP,WE,Federal Contract Tower,0,0,39,2,41,0,3,144,0,147,0,3,183,2,188,66,0,66,254
09/12/2018,SAC,CA,AWP,WE,Federal Contract Tower,0,0,47,0,47,0,1,189,0,190,0,1,236,0,237,154,0,154,391
09/13/2018,SAC,CA,AWP,WE,Federal Contract Tower,0,2,46,2,50,0,5,232,2,239,0,7,278,4,289,196,0,196,485
09/14/2018,SAC,CA,AWP,WE,Federal Contract Tower,0,2,58,0,60,0,5,215,0,220,0,7,273,0,280,74,0,74,354
09/15/2018,SAC,CA,AWP,WE,Federal Contract Tower,0,1,45,0,46,0,0,153,0,153,0,1,198,0,199,24,0,24,223
09/16/2018,SAC,CA,AWP,WE,Federal Contract Tower,0,0,31,0,31,0,3,169,0,172,0,3,200,0,203,116,0,116,319
09/17/2018,SAC,CA,AWP,WE,Federal Contract Tower,0,0,25,0,25,0,3,151,0,154,0,3,176,0,179,158,0,158,337
09/18/2018,SAC,CA,AWP,WE,Federal Contract Tower,0,2,23,0,25,0,3,170,0,173,0,5,193,0,198,206,0,206,404
09/19/2018,SAC,CA,AWP,WE,Federal Contract Tower,0,1,41,2,44,0,0,217,0,217,0,1,258,2,261,210,0,210,471
09/20/2018,SAC,CA,AWP,WE,Federal Contract Tower,0,0,45,0,45,0,6,171,0,177,0,6,216,0,222,62,0,62,284
09/21/2018,SAC,CA,AWP,WE,Federal Contract Tower,0,0,37,2,39,0,3,197,2,202,0,3,234,4,241,100,0,100,341
09/22/2018,SAC,CA,AWP,WE,Federal Contract Tower,0,0,72,0,72,0,2,242,0,244,0,2,314,0,316,48,4,52,368
09/23/2018,SAC,CA,AWP,WE,Federal Contract Tower,0,0,23,0,23,0,2,183,0,185,0,2,206,0,208,78,0,78,286
09/24/2018,SAC,CA,AWP,WE,Federal Contract Tower,0,1,65,4,70,0,17,224,4,245,0,18,289,8,315,202,0,202,517
09/25/2018,SAC,CA,AWP,WE,Federal Contract Tower,0,0,37,0,37,0,5,162,0,167,0,5,199,0,204,200,0,200,404
09/26/2018,SAC,CA,AWP,WE,Federal Contract Tower,0,3,45,3,51,0,1,195,3,199,0,4,240,6,250,136,0,136,386
09/27/2018,SAC,CA,AWP,WE,Federal Contract Tower,0,0,40,0,40,0,3,192,0,195,0,3,232,0,235,152,0,152,387
09/28/2018,SAC,CA,AWP,WE,Federal Contract Tower,0,3,54,1,58,0,2,197,3,202,0,5,251,4,260,124,0,124,384
09/29/2018,SAC,CA,AWP,WE,Federal Contract Tower,0,0,38,0,38,0,0,155,0,155,0,0,193,0,193,74,0,74,267
09/30/2018,SAC,CA,AWP,WE,Federal Contract Tower,0,4,25,0,29,0,5,273,0,278,0,9,298,0,307,30,0,30,337
10/01/2018,SAC,CA,AWP,WE,Federal Contract Tower,0,0,32,0,32,0,4,111,0,115,0,4,143,0,147,98,0,98,245
10/02/2018,SAC,CA,AWP,WE,Federal Contract Tower,0,0,48,0,48,0,2,131,0,133,0,2,179,0,181,164,0,164,345
10/03/2018,SAC,CA,AWP,WE,Federal Contract Tower,0,0,29,0,29,0,2,110,0,112,0,2,139,0,141,104,0,104,245
10/04/2018,SAC,CA,AWP,WE,Federal Contract Tower,0,3,51,0,54,0,4,137,0,141,0,7,188,0,195,84,0,84,279
10/05/2018,SAC,CA,AWP,WE,Federal Contract Tower,0,1,58,0,59,0,9,243,0,252,0,10,301,0,311,142,0,142,453
10/06/2018,SAC,CA,AWP,WE,Federal Contract Tower,0,6,35,0,41,0,7,174,0,181,0,13,209,0,222,50,0,50,272
10/07/2018,SAC,CA,AWP,WE,Federal Contract Tower,0,0,34,0,34,0,1,88,0,89,0,1,122,0,123,6,0,6,129
10/08/2018,SAC,CA,AWP,WE,Federal Contract Tower,0,0,39,0,39,0,5,164,0,169,0,5,203,0,208,124,0,124,332
10/09/2018,SAC,CA,AWP,WE,Federal Contract Tower,0,1,59,0,60,0,8,199,0,207,0,9,258,0,267,164,0,164,431
10/10/2018,SAC,CA,AWP,WE,Federal Contract Tower,0,1,57,0,58,0,6,232,0,238,0,7,289,0,296,178,2,180,476
10/11/2018,SAC,CA,AWP,WE,Federal Contract Tower,0,2,57,0,59,0,3,208,1,212,0,5,265,1,271,198,0,198,469
10/12/2018,SAC,CA,AWP,WE,Federal Contract Tower,0,10,72,0,82,0,12,221,0,233,0,22,293,0,315,220,0,220,535
10/13/2018,SAC,CA,AWP,WE,Federal Contract Tower,0,2,20,0,22,0,7,197,0,204,0,9,217,0,226,72,0,72,298
10/14/2018,SAC,CA,AWP,WE,Federal Contract Tower,0,2,29,0,31,0,4,109,0,113,0,6,138,0,144,36,0,36,180
10/15/2018,SAC,CA,AWP,WE,Federal Contract Tower,0,18,47,0,65,0,27,140,0,167,0,45,187,0,232,98,0,98,330
10/16/2018,SAC,CA,AWP,WE,Federal Contract Tower,0,6,45,0,51,0,10,163,0,173,0,16,208,0,224,124,0,124,348
10/17/2018,SAC,CA,AWP,WE,Federal Contract Tower,0,6,52,0,58,0,4,213,0,217,0,10,265,0,275,124,0,124,399
10/18/2018,SAC,CA,AWP,WE,Federal Contract Tower,0,3,69,0,72,0,6,227,0,233,0,9,296,0,305,148,0,148,453
10/19/2018,SAC,CA,AWP,WE,Federal Contract Tower,0,0,73,0,73,0,10,215,0,225,0,10,288,0,298,186,0,186,484
10/20/2018,SAC,CA,AWP,WE,Federal Contract Tower,0,2,33,0,35,0,4,208,0,212,0,6,241,0,247,104,0,104,351
10/21/2018,SAC,CA,AWP,WE,Federal Contract Tower,0,0,28,0,28,0,7,211,0,218,0,7,239,0,246,142,0,142,388
10/22/2018,SAC,CA,AWP,WE,Federal Contract Tower,0,1,60,0,61,0,0,192,0,192,0,1,252,0,253,182,0,182,435
10/23/2018,SAC,CA,AWP,WE,Federal Contract Tower,0,2,70,0,72,0,1,162,0,163,0,3,232,0,235,142,0,142,377
10/24/2018,SAC,CA,AWP,WE,Federal Contract Tower,0,6,53,0,59,0,7,194,0,201,0,13,247,0,260,108,0,108,368
10/25/2018,SAC,CA,AWP,WE,Federal Contract Tower,0,0,68,0,68,0,6,265,0,271,0,6,333,0,339,148,0,148,487
10/26/2018,SAC,CA,AWP,WE,Federal Contract Tower,0,7,82,0,89,0,18,243,1,262,0,25,325,1,351,234,0,234,585
10/27/2018,SAC,CA,AWP,WE,Federal Contract Tower,0,3,34,0,37,0,7,197,0,204,0,10,231,0,241,94,0,94,335
10/28/2018,SAC,CA,AWP,WE,Federal Contract Tower,0,1,31,0,32,0,3,128,0,131,0,4,159,0,163,14,0,14,177
10/29/2018,SAC,CA,AWP,WE,Federal Contract Tower,0,0,46,0,46,0,11,114,0,125,0,11,160,0,171,50,0,50,221
10/30/2018,SAC,CA,AWP,WE,Federal Contract Tower,0,2,23,0,25,0,0,99,0,99,0,2,122,0,124,26,0,26,150
10/31/2018,SAC,CA,AWP,WE,Federal Contract Tower,0,0,40,0,40,0,1,173,0,174,0,1,213,0,214,180,0,180,394
11/01/2018,SAC,CA,AWP,WE,Federal Contract Tower,0,3,32,0,35,0,2,178,0,180,0,5,210,0,215,202,0,202,417
11/02/2018,SAC,CA,AWP,WE,Federal Contract Tower,0,2,45,0,47,0,10,218,0,228,0,12,263,0,275,262,0,262,537
11/03/2018,SAC,CA,AWP,WE,Federal Contract Tower,0,0,73,0,73,0,3,221,1,225,0,3,294,1,298,64,0,64,362
11/04/2018,SAC,CA,AWP,WE,Federal Contract Tower,0,0,53,0,53,0,2,177,0,179,0,2,230,0,232,116,0,116,348
11/05/2018,SAC,CA,AWP,WE,Federal Contract Tower,0,2,56,0,58,0,4,137,0,141,0,6,193,0,199,114,0,114,313
11/06/2018,SAC,CA,AWP,WE,Federal Contract Tower,0,0,34,0,34,0,2,147,0,149,0,2,181,0,183,174,0,174,357
11/07/2018,SAC,CA,AWP,WE,Federal Contract Tower,0,0,66,0,66,0,1,240,0,241,0,1,306,0,307,188,0,188,495
11/08/2018,SAC,CA,AWP,WE,Federal Contract Tower,0,3,48,0,51,0,0,111,0,111,0,3,159,0,162,16,0,16,178
11/09/2018,SAC,CA,AWP,WE,Federal Contract Tower,0,2,43,0,45,0,18,191,2,211,0,20,234,2,256,154,0,154,410
11/10/2018,SAC,CA,AWP,WE,Federal Contract Tower,0,1,30,0,31,0,1,19,0,20,0,2,49,0,51,0,0,0,51
11/11/2018,SAC,CA,AWP,WE,Federal Contract Tower,0,7,37,0,44,0,5,30,0,35,0,12,67,0,79,12,0,12,91
11/12/2018,SAC,CA,AWP,WE,Federal Contract Tower,0,8,35,0,43,0,0,5,0,5,0,8,40,0,48,0,0,0,48
11/13/2018,SAC,CA,AWP,WE,Federal Contract Tower,0,5,73,0,78,0,0,0,0,0,0,5,73,0,78,0,0,0,78
11/14/2018,SAC,CA,AWP,WE,Federal Contract Tower,0,11,75,1,87,0,0,2,0,2,0,11,77,1,89,0,0,0,89
11/15/2018,SAC,CA,AWP,WE,Federal Contract Tower,0,8,29,0,37,0,0,0,0,0,0,8,29,0,37,0,0,0,37
11/16/2018,SAC,CA,AWP,WE,Federal Contract Tower,0,7,64,0,71,0,0,0,0,0,0,7,64,0,71,0,0,0,71
11/17/2018,SAC,CA,AWP,WE,Federal Contract Tower,0,0,38,2,40,0,0,0,0,0,0,0,38,2,40,0,0,0,40
11/18/2018,SAC,CA,AWP,WE,Federal Contract Tower,0,0,25,1,26,0,0,0,0,0,0,0,25,1,26,0,0,0,26
11/19/2018,SAC,CA,AWP,WE,Federal Contract Tower,0,8,48,0,56,0,0,0,0,0,0,8,48,0,56,0,0,0,56
11/20/2018,SAC,CA,AWP,WE,Federal Contract Tower,0,2,69,0,71,0,0,29,0,29,0,2,98,0,100,18,0,18,118
11/21/2018,SAC,CA,AWP,WE,Federal Contract Tower,0,2,45,0,47,0,0,0,0,0,0,2,45,0,47,26,0,26,73
11/22/2018,SAC,CA,AWP,WE,Federal Contract Tower,0,0,3,0,3,0,2,20,0,22,0,2,23,0,25,34,0,34,59
11/23/2018,SAC,CA,AWP,WE,Federal Contract Tower,0,2,14,0,16,0,0,4,0,4,0,2,18,0,20,0,0,0,20
11/24/2018,SAC,CA,AWP,WE,Federal Contract Tower,0,0,57,0,57,0,0,53,0,53,0,0,110,0,110,58,0,58,168
11/25/2018,SAC,CA,AWP,WE,Federal Contract Tower,0,0,61,0,61,0,1,186,0,187,0,1,247,0,248,144,0,144,392
11/26/2018,SAC,CA,AWP,WE,Federal Contract Tower,0,9,53,0,62,0,7,198,0,205,0,16,251,0,267,96,0,96,363
11/27/2018,SAC,CA,AWP,WE,Federal Contract Tower,0,4,70,0,74,0,0,0,0,0,0,4,70,0,74,0,0,0,74
11/28/2018,SAC,CA,AWP,WE,Federal Contract Tower,0,1,64,0,65,0,0,64,0,64,0,1,128,0,129,108,0,108,237
11/29/2018,SAC,CA,AWP,WE,Federal Contract Tower,0,1,6,0,7,0,0,13,0,13,0,1,19,0,20,24,0,24,44
11/30/2018,SAC,CA,AWP,WE,Federal Contract Tower,0,5,69,6,80,0,0,224,0,224,0,5,293,6,304,180,0,180,484
12/01/2018,SAC,CA,AWP,WE,Federal Contract Tower,0,4,16,0,20,0,1,87,0,88,0,5,103,0,108,120,0,120,228
12/02/2018,SAC,CA,AWP,WE,Federal Contract Tower,0,0,75,2,77,0,1,245,3,249,0,1,320,5,326,284,0,284,610
12/03/2018,SAC,CA,AWP,WE,Federal Contract Tower,0,0,95,0,95,0,11,207,0,218,0,11,302,0,313,204,0,204,517
12/04/2018,SAC,CA,AWP,WE,Federal Contract Tower,0,0,45,0,45,0,2,143,0,145,0,2,188,0,190,288,0,288,478
12/05/2018,SAC,CA,AWP,WE,Federal Contract Tower,0,3,63,0,66,0,1,136,0,137,0,4,199,0,203,230,0,230,433
12/06/2018,SAC,CA,AWP,WE,Federal Contract Tower,0,0,67,2,69,0,1,197,3,201,0,1,264,5,270,156,0,156,426
12/07/2018,SAC,CA,AWP,WE,Federal Contract Tower,0,5,59,0,64,0,3,195,0,198,0,8,254,0,262,178,0,178,440
12/08/2018,SAC,CA,AWP,WE,Federal Contract Tower,0,0,40,0,40,0,3,194,0,197,0,3,234,0,237,144,0,144,381
12/09/2018,SAC,CA,AWP,WE,Federal Contract Tower,0,5,29,0,34,0,0,15,0,15,0,5,44,0,49,60,0,60,109
12/10/2018,SAC,CA,AWP,WE,Federal Contract Tower,0,2,73,0,75,0,3,149,0,152,0,5,222,0,227,150,0,150,377
12/11/2018,SAC,CA,AWP,WE,Federal Contract Tower,0,1,77,0,78,0,0,114,0,114,0,1,191,0,192,112,0,112,304
12/12/2018,SAC,CA,AWP,WE,Federal Contract Tower,0,5,68,0,73,0,1,207,0,208,0,6,275,0,281,130,0,130,411
12/13/2018,SAC,CA,AWP,WE,Federal Contract Tower,0,5,60,0,65,0,3,209,0,212,0,8,269,0,277,152,0,152,429
12/14/2018,SAC,CA,AWP,WE,Federal Contract Tower,0,7,26,0,33,0,0,66,0,66,0,7,92,0,99,200,0,200,299
12/15/2018,SAC,CA,AWP,WE,Federal Contract Tower,0,1,45,0,46,0,0,238,0,238,0,1,283,0,284,122,0,122,406
12/16/2018,SAC,CA,AWP,WE,Federal Contract Tower,0,0,23,0,23,0,1,59,0,60,0,1,82,0,83,42,0,42,125
12/17/2018,SAC,CA,AWP,WE,Federal Contract Tower,0,5,56,0,61,0,6,172,0,178,0,11,228,0,239,250,0,250,489
12/18/2018,SAC,CA,AWP,WE,Federal Contract Tower,0,2,64,0,66,0,0,180,0,180,0,2,244,0,246,196,0,196,442
12/19/2018,SAC,CA,AWP,WE,Federal Contract Tower,0,1,65,2,68,0,5,160,0,165,0,6,225,2,233,86,0,86,319
12/20/2018,SAC,CA,AWP,WE,Federal Contract Tower,0,8,47,4,59,0,2,37,0,39,0,10,84,4,98,52,0,52,150
12/21/2018,SAC,CA,AWP,WE,Federal Contract Tower,0,3,62,0,65,0,0,31,0,31,0,3,93,0,96,2,0,2,98
12/22/2018,SAC,CA,AWP,WE,Federal Contract Tower,0,7,68,0,75,0,8,208,9,225,0,15,276,9,300,60,0,60,360
12/23/2018,SAC,CA,AWP,WE,Federal Contract Tower,0,6,48,0,54,0,4,129,0,133,0,10,177,0,187,110,0,110,297
12/24/2018,SAC,CA,AWP,WE,Federal Contract Tower,0,0,11,0,11,0,0,6,0,6,0,0,17,0,17,0,0,0,17
12/25/2018,SAC,CA,AWP,WE,Federal Contract Tower,0,2,18,0,20,0,2,31,0,33,0,4,49,0,53,0,0,0,53
12/26/2018,SAC,CA,AWP,WE,Federal Contract Tower,0,3,26,0,29,0,4,135,0,139,0,7,161,0,168,132,0,132,300
12/27/2018,SAC,CA,AWP,WE,Federal Contract Tower,0,2,42,0,44,0,6,93,0,99,0,8,135,0,143,82,0,82,225
12/28/2018,SAC,CA,AWP,WE,Federal Contract Tower,0,2,65,0,67,0,6,151,0,157,0,8,216,0,224,80,0,80,304
12/29/2018,SAC,CA,AWP,WE,Federal Contract Tower,0,0,56,0,56,0,2,243,0,245,0,2,299,0,301,146,0,146,447
12/30/2018,SAC,CA,AWP,WE,Federal Contract Tower,0,0,51,0,51,0,4,146,0,150,0,4,197,0,201,184,0,184,385
12/31/2018,SAC,CA,AWP,WE,Federal Contract Tower,0,0,4,0,4,0,0,31,0,31,0,0,35,0,35,16,0,16,51
01/01/2019,SAC,CA,AWP,WE,Federal Contract Tower,0,0,44,0,44,0,4,94,0,98,0,4,138,0,142,32,0,32,174
01/02/2019,SAC,CA,AWP,WE,Federal Contract Tower,0,6,52,0,58,0,10,177,0,187,0,16,229,0,245,164,0,164,409
01/03/2019,SAC,CA,AWP,WE,Federal Contract Tower,0,5,59,0,64,0,5,173,1,179,0,10,232,1,243,192,0,192,435
01/04/2019,SAC,CA,AWP,WE,Federal Contract Tower,0,0,35,0,35,0,2,154,0,156,0,2,189,0,191,202,0,202,393
01/05/2019,SAC,CA,AWP,WE,Federal Contract Tower,0,0,2,0,2,0,0,6,0,6,0,0,8,0,8,4,0,4,12
01/06/2019,SAC,CA,AWP,WE,Federal Contract Tower,0,2,4,0,6,0,0,0,0,0,0,2,4,0,6,0,0,0,6
01/07/2019,SAC,CA,AWP,WE,Federal Contract Tower,0,8,76,0,84,0,2,121,2,125,0,10,197,2,209,144,0,144,353
01/08/2019,SAC,CA,AWP,WE,Federal Contract Tower,0,2,34,0,36,0,2,39,0,41,0,4,73,0,77,6,0,6,83
01/09/2019,SAC,CA,AWP,WE,Federal Contract Tower,0,6,56,0,62,0,6,93,0,99,0,12,149,0,161,58,0,58,219
01/10/2019,SAC,CA,AWP,WE,Federal Contract Tower,0,2,24,0,26,0,0,0,0,0,0,2,24,0,26,0,0,0,26
01/11/2019,SAC,CA,AWP,WE,Federal Contract Tower,0,9,59,0,68,0,2,170,0,172,0,11,229,0,240,244,0,244,484
01/12/2019,SAC,CA,AWP,WE,Federal Contract Tower,0,8,51,0,59,0,9,223,0,232,0,17,274,0,291,110,0,110,401
01/13/2019,SAC,CA,AWP,WE,Federal Contract Tower,0,0,49,0,49,0,2,192,0,194,0,2,241,0,243,194,0,194,437
01/14/2019,SAC,CA,AWP,WE,Federal Contract Tower,0,2,28,0,30,0,2,136,0,138,0,4,164,0,168,168,0,168,336
01/15/2019,SAC,CA,AWP,WE,Federal Contract Tower,0,4,30,0,34,0,2,20,0,22,0,6,50,0,56,14,0,14,70
01/16/2019,SAC,CA,AWP,WE,Federal Contract Tower,0,3,13,0,16,0,0,12,0,12,0,3,25,0,28,22,0,22,50
01/17/2019,SAC,CA,AWP,WE,Federal Contract Tower,0,2,29,0,31,0,0,61,0,61,0,2,90,0,92,82,0,82,174
01/18/2019,SAC,CA,AWP,WE,Federal Contract Tower,0,2,59,4,65,0,0,198,6,204,0,2,257,10,269,220,2,222,491
01/19/2019,SAC,CA,AWP,WE,Federal Contract Tower,0,2,50,0,52,0,0,239,0,239,0,2,289,0,291,171,0,171,462
01/20/2019,SAC,CA,AWP,WE,Federal Contract Tower,0,0,24,0,24,0,0,8,0,8,0,0,32,0,32,4,0,4,36
01/21/2019,SAC,CA,AWP,WE,Federal Contract Tower,0,0,70,0,70,0,2,240,0,242,0,2,310,0,312,168,0,168,480
01/22/2019,SAC,CA,AWP,WE,Federal Contract Tower,0,2,47,0,49,0,3,198,0,201,0,5,245,0,250,182,0,182,432
01/23/2019,SAC,CA,AWP,WE,Federal Contract Tower,0,4,39,0,43,0,0,242,1,243,0,4,281,1,286,182,0,182,468
01/24/2019,SAC,CA,AWP,WE,Federal Contract Tower,0,3,56,0,59,0,1,223,0,224,0,4,279,0,283,250,0,250,533
01/25/2019,SAC,CA,AWP,WE,Federal Contract Tower,0,2,47,0,49,0,1,228,0,229,0,3,275,0,278,218,0,218,496
01/26/2019,SAC,CA,AWP,WE,Federal Contract Tower,0,1,45,2,48,0,0,224,8,232,0,1,269,10,280,124,0,124,404
01/27/2019,SAC,CA,AWP,WE,Federal Contract Tower,0,0,54,0,54,0,0,193,0,193,0,0,247,0,247,91,0,91,338
01/28/2019,SAC,CA,AWP,WE,Federal Contract Tower,0,2,41,0,43,0,6,173,0,179,0,8,214,0,222,262,0,262,484
01/29/2019,SAC,CA,AWP,WE,Federal Contract Tower,0,0,41,0,41,0,2,114,0,116,0,2,155,0,157,104,0,104,261
01/30/2019,SAC,CA,AWP,WE,Federal Contract Tower,0,6,52,0,58,0,4,113,0,117,0,10,165,0,175,208,0,208,383
01/31/2019,SAC,CA,AWP,WE,Federal Contract Tower,0,3,43,2,48,0,0,127,2,129,0,3,170,4,177,126,0,126,303
02/01/2019,SAC,CA,AWP,WE,Federal Contract Tower,0,3,23,0,26,0,0,103,0,103,0,3,126,0,129,236,0,236,365
02/02/2019,SAC,CA,AWP,WE,Federal Contract Tower,0,0,10,0,10,0,1,23,0,24,0,1,33,0,34,20,0,20,54
02/03/2019,SAC,CA,AWP,WE,Federal Contract Tower,0,0,24,0,24,0,0,1,0,1,0,0,25,0,25,0,0,0,25
02/04/2019,SAC,CA,AWP,WE,Federal Contract Tower,0,1,21,0,22,0,2,15,0,17,0,3,36,0,39,66,0,66,105
02/05/2019,SAC,CA,AWP,WE,Federal Contract Tower,0,2,40,0,42,0,1,120,0,121,0,3,160,0,163,204,0,204,367
02/06/2019,SAC,CA,AWP,WE,Federal Contract Tower,0,3,70,0,73,0,5,253,0,258,0,8,323,0,331,184,0,184,515
02/07/2019,SAC,CA,AWP,WE,Federal Contract Tower,0,4,62,0,66,0,1,231,0,232,0,5,293,0,298,186,0,186,484
02/08/2019,SAC,CA,AWP,WE,Federal Contract Tower,0,11,19,2,32,0,1,131,2,134,0,12,150,4,166,94,0,94,260
02/09/2019,SAC,CA,AWP,WE,Federal Contract Tower,0,0,17,4,21,0,0,4,0,4,0,0,21,4,25,0,4,4,29
02/10/2019,SAC,CA,AWP,WE,Federal Contract Tower,0,2,68,0,70,0,3,170,0,173,0,5,238,0,243,108,0,108,351
02/11/2019,SAC,CA,AWP,WE,Federal Contract Tower,0,2,58,0,60,0,1,197,0,198,0,3,255,0,258,180,0,180,438
02/12/2019,SAC,CA,AWP,WE,Federal Contract Tower,0,1,33,0,34,0,3,138,0,141,0,4,171,0,175,164,0,164,339
02/13/2019,SAC,CA,AWP,WE,Federal Contract Tower,0,4,13,0,17,0,0,0,0,0,0,4,13,0,17,0,0,0,17
02/14/2019,SAC,CA,AWP,WE,Federal Contract Tower,0,4,14,0,18,0,0,15,2,17,0,4,29,2,35,2,0,2,37
02/15/2019,SAC,CA,AWP,WE,Federal Contract Tower,0,3,24,0,27,0,2,36,0,38,0,5,60,0,65,34,0,34,99
02/16/2019,SAC,CA,AWP,WE,Federal Contract Tower,0,4,53,0,57,0,1,111,0,112,0,5,164,0,169,92,0,92,261
02/17/2019,SAC,CA,AWP,WE,Federal Contract Tower,0,1,29,0,30,0,0,113,4,117,0,1,142,4,147,112,0,112,259
02/18/2019,SAC,CA,AWP,WE,Federal Contract Tower,0,2,71,0,73,0,1,228,0,229,0,3,299,0,302,34,0,34,336
02/19/2019,SAC,CA,AWP,WE,Federal Contract Tower,0,2,49,0,51,0,2,211,0,213,0,4,260,0,264,176,0,176,440
02/20/2019,SAC,CA,AWP,WE,Federal Contract Tower,0,10,43,0,53,0,2,213,0,215,0,12,256,0,268,192,0,192,460
02/21/2019,SAC,CA,AWP,WE,Federal Contract Tower,0,1,44,0,45,0,1,139,0,140,0,2,183,0,185,62,0,62,247
02/22/2019,SAC,CA,AWP,WE,Federal Contract Tower,0,5,57,0,62,0,0,296,0,296,0,5,353,0,358,160,0,160,518
02/23/2019,SAC,CA,AWP,WE,Federal Contract Tower,0,6,26,0,32,0,0,230,0,230,0,6,256,0,262,196,0,196,458
02/24/2019,SAC,CA,AWP,WE,Federal Contract Tower,0,3,51,0,54,0,4,185,0,189,0,7,236,0,243,140,0,140,383
02/25/2019,SAC,CA,AWP,WE,Federal Contract Tower,0,0,32,0,32,0,0,49,0,49,0,0,81,0,81,8,0,8,89
02/26/2019,SAC,CA,AWP,WE,Federal Contract Tower,0,0,34,0,34,0,1,11,0,12,0,1,45,0,46,0,0,0,46
02/27/2019,SAC,CA,AWP,WE,Federal Contract Tower,0,9,22,2,33,0,0,22,2,24,0,9,44,4,57,14,0,14,71
02/28/2019,SAC,CA,AWP,WE,Federal Contract Tower,0,6,57,0,63,0,1,178,0,179,0,7,235,0,242,300,0,300,542
03/01/2019,SAC,CA,AWP,WE,Federal Contract Tower,0,3,76,0,79,0,2,218,0,220,0,5,294,0,299,214,0,214,513
03/02/2019,SAC,CA,AWP,WE,Federal Contract Tower,0,4,12,0,16,0,0,0,0,0,0,4,12,0,16,2,0,2,18
03/03/2019,SAC,CA,AWP,WE,Federal Contract Tower,0,1,37,0,38,0,2,54,0,56,0,3,91,0,94,42,0,42,136
03/04/2019,SAC,CA,AWP,WE,Federal Contract Tower,0,1,81,0,82,0,2,220,0,222,0,3,301,0,304,237,0,237,541
03/05/2019,SAC,CA,AWP,WE,Federal Contract Tower,0,3,40,0,43,0,2,46,0,48,0,5,86,0,91,62,0,62,153
03/06/2019,SAC,CA,AWP,WE,Federal Contract Tower,0,0,26,0,26,0,0,47,0,47,0,0,73,0,73,34,0,34,107
03/07/2019,SAC,CA,AWP,WE,Federal Contract Tower,0,7,70,2,79,0,2,179,9,190,0,9,249,11,269,206,0,206,475
03/08/2019,SAC,CA,AWP,WE,Federal Contract Tower,0,15,37,0,52,0,2,248,0,250,0,17,285,0,302,178,0,178,480
03/09/2019,SAC,CA,AWP,WE,Federal Contract Tower,0,4,16,0,20,0,0,66,0,66,0,4,82,0,86,54,0,54,140
03/10/2019,SAC,CA,AWP,WE,Federal Contract Tower,0,1,50,2,53,0,4,209,2,215,0,5,259,4,268,96,0,96,364
03/11/2019,SAC,CA,AWP,WE,Federal Contract Tower,0,5,76,0,81,0,17,210,0,227,0,22,286,0,308,104,0,104,412
03/12/2019,SAC,CA,AWP,WE,Federal Contract Tower,0,3,59,0,62,0,2,177,0,179,0,5,236,0,241,68,0,68,309
03/13/2019,SAC,CA,AWP,WE,Federal Contract Tower,0,0,49,3,52,0,1,121,0,122,0,1,170,3,174,20,0,20,194
03/14/2019,SAC,CA,AWP,WE,Federal Contract Tower,0,5,86,0,91,0,5,299,0,304,0,10,385,0,395,134,0,134,529
03/15/2019,SAC,CA,AWP,WE,Federal Contract Tower,0,3,44,0,47,0,0,246,1,247,0,3,290,1,294,92,0,92,386
03/16/2019,SAC,CA,AWP,WE,Federal Contract Tower,0,0,59,0,59,0,1,286,5,292,0,1,345,5,351,128,0,128,479
03/17/2019,SAC,CA,AWP,WE,Federal Contract Tower,0,0,72,0,72,0,14,209,0,223,0,14,281,0,295,130,0,130,425
03/18/2019,SAC,CA,AWP,WE,Federal Contract Tower,0,2,72,0,74,0,14,267,0,281,0,16,339,0,355,256,0,256,611
03/19/2019,SAC,CA,AWP,WE,Federal Contract Tower,0,3,64,0,67,0,1,242,0,243,0,4,306,0,310,212,0,212,522
03/20/2019,SAC,CA,AWP,WE,Federal Contract Tower,0,3,27,0,30,0,0,57,0,57,0,3,84,0,87,132,0,132,219
03/21/2019,SAC,CA,AWP,WE,Federal Contract Tower,0,0,97,0,97,0,8,318,0,326,0,8,415,0,423,192,0,192,615
03/22/2019,SAC,CA,AWP,WE,Federal Contract Tower,0,3,58,0,61,0,0,178,0,178,0,3,236,0,239,152,0,152,391
03/23/2019,SAC,CA,AWP,WE,Federal Contract Tower,0,0,70,0,70,0,0,192,0,192,0,0,262,0,262,60,0,60,322
03/24/2019,SAC,CA,AWP,WE,Federal Contract Tower,0,3,44,0,47,0,0,239,0,239,0,3,283,0,286,144,0,144,430
03/25/2019,SAC,CA,AWP,WE,Federal Contract Tower,0,1,47,0,48,0,2,85,0,87,0,3,132,0,135,70,0,70,205
03/26/2019,SAC,CA,AWP,WE,Federal Contract Tower,0,2,80,2,84,0,2,166,0,168,0,4,246,2,252,230,0,230,482
03/27/2019,SAC,CA,AWP,WE,Federal Contract Tower,0,7,29,0,36,0,0,64,0,64,0,7,93,0,100,88,0,88,188
03/28/2019,SAC,CA,AWP,WE,Federal Contract Tower,0,0,54,0,54,0,1,149,0,150,0,1,203,0,204,156,0,156,360
03/29/2019,SAC,CA,AWP,WE,Federal Contract Tower,0,3,75,0,78,0,0,305,0,305,0,3,380,0,383,198,0,198,581
03/30/2019,SAC,CA,AWP,WE,Federal Contract Tower,0,7,63,1,71,0,8,301,0,309,0,15,364,1,380,102,0,102,482
03/31/2019,SAC,CA,AWP,WE,Federal Contract Tower,0,2,72,0,74,0,4,280,0,284,0,6,352,0,358,202,0,202,560
04/01/2019,SAC,CA,AWP,WE,Federal Contract Tower,0,3,47,0,50,0,6,157,0,163,0,9,204,0,213,262,0,262,475
04/02/2019,SAC,CA,AWP,WE,Federal Contract Tower,0,2,58,0,60,0,1,71,0,72,0,3,129,0,132,174,0,174,306
04/03/2019,SAC,CA,AWP,WE,Federal Contract Tower,0,1,91,0,92,0,0,177,0,177,0,1,268,0,269,286,0,286,555
04/04/2019,SAC,CA,AWP,WE,Federal Contract Tower,0,4,46,4,54,0,0,129,0,129,0,4,175,4,183,162,0,162,345
04/05/2019,SAC,CA,AWP,WE,Federal Contract Tower,0,0,32,0,32,0,0,83,0,83,0,0,115,0,115,142,0,142,257
04/06/2019,SAC,CA,AWP,WE,Federal Contract Tower,0,0,41,0,41,0,0,174,0,174,0,0,215,0,215,80,0,80,295
04/07/2019,SAC,CA,AWP,WE,Federal Contract Tower,0,4,50,0,54,0,12,216,0,228,0,16,266,0,282,178,0,178,460
04/08/2019,SAC,CA,AWP,WE,Federal Contract Tower,0,12,65,0,77,0,14,151,0,165,0,26,216,0,242,116,0,116,358
04/09/2019,SAC,CA,AWP,WE,Federal Contract Tower,0,4,66,0,70,0,0,175,0,175,0,4,241,0,245,94,0,94,339
04/10/2019,SAC,CA,AWP,WE,Federal Contract Tower,0,3,63,0,66,0,9,193,0,202,0,12,256,0,268,70,0,70,338
04/11/2019,SAC,CA,AWP,WE,Federal Contract Tower,0,2,66,4,72,0,3,166,4,173,0,5,232,8,245,132,2,134,379
04/12/2019,SAC,CA,AWP,WE,Federal Contract Tower,0,0,60,2,62,0,1,198,0,199,0,1,258,2,261,92,0,92,353
04/13/2019,SAC,CA,AWP,WE,Federal Contract Tower,0,2,26,1,29,0,2,234,8,244,0,4,260,9,273,36,0,36,309
04/14/2019,SAC,CA,AWP,WE,Federal Contract Tower,0,1,35,0,36,0,0,163,0,163,0,1,198,0,199,32,0,32,231
04/15/2019,SAC,CA,AWP,WE,Federal Contract Tower,0,0,61,4,65,0,3,174,4,181,0,3,235,8,246,144,2,146,392
04/16/2019,SAC,CA,AWP,WE,Federal Contract Tower,0,0,57,0,57,0,0,132,0,132,0,0,189,0,189,132,0,132,321
04/17/2019,SAC,CA,AWP,WE,Federal Contract Tower,0,4,79,0,83,0,5,232,0,237,0,9,311,0,320,118,0,118,438
04/18/2019,SAC,CA,AWP,WE,Federal Contract Tower,0,3,62,0,65,0,2,243,0,245,0,5,305,0,310,216,0,216,526
04/19/2019,SAC,CA,AWP,WE,Federal Contract Tower,0,1,76,4,81,0,0,285,4,289,0,1,361,8,370,203,0,203,573
04/20/2019,SAC,CA,AWP,WE,Federal Contract Tower,0,0,34,0,34,0,1,69,0,70,0,1,103,0,104,12,0,12,116
04/21/2019,SAC,CA,AWP,WE,Federal Contract Tower,0,1,36,0,37,0,13,160,0,173,0,14,196,0,210,62,0,62,272
04/22/2019,SAC,CA,AWP,WE,Federal Contract Tower,0,0,30,0,30,0,8,124,0,132,0,8,154,0,162,46,0,46,208
04/23/2019,SAC,CA,AWP,WE,Federal Contract Tower,0,10,72,0,82,0,12,177,0,189,0,22,249,0,271,152,0,152,423
04/24/2019,SAC,CA,AWP,WE,Federal Contract Tower,0,13,57,0,70,0,7,243,0,250,0,20,300,0,320,186,0,186,506
04/25/2019,SAC,CA,AWP,WE,Federal Contract Tower,0,4,99,4,107,0,6,259,4,269,0,10,358,8,376,144,2,146,522
04/26/2019,SAC,CA,AWP,WE,Federal Contract Tower,0,2,49,0,51,0,1,198,0,199,0,3,247,0,250,160,0,160,410
04/27/2019,SAC,CA,AWP,WE,Federal Contract Tower,0,4,46,0,50,0,8,197,0,205,0,12,243,0,255,98,0,98,353
04/28/2019,SAC,CA,AWP,WE,Federal Contract Tower,0,5,31,0,36,0,6,151,0,157,0,11,182,0,193,164,0,164,357
04/29/2019,SAC,CA,AWP,WE,Federal Contract Tower,0,11,79,0,90,0,10,214,0,224,0,21,293,0,314,142,0,142,456
04/30/2019,SAC,CA,AWP,WE,Federal Contract Tower,0,5,50,0,55,0,2,123,0,125,0,7,173,0,180,60,0,60,240
05/01/2019,SAC,CA,AWP,WE,Federal Contract Tower,0,3,50,0,53,0,1,234,0,235,0,4,284,0,288,166,0,166,454
05/02/2019,SAC,CA,AWP,WE,Federal Contract Tower,0,4,61,0,65,0,5,195,0,200,0,9,256,0,265,80,0,80,345
05/03/2019,SAC,CA,AWP,WE,Federal Contract Tower,0,2,45,0,47,0,3,206,0,209,0,5,251,0,256,178,0,178,434
05/04/2019,SAC,CA,AWP,WE,Federal Contract Tower,0,1,26,0,27,0,2,177,0,179,0,3,203,0,206,90,0,90,296
05/05/2019,SAC,CA,AWP,WE,Federal Contract Tower,0,1,48,0,49,0,1,148,0,149,0,2,196,0,198,56,0,56,254
05/06/2019,SAC,CA,AWP,WE,Federal Contract Tower,0,0,62,0,62,0,11,133,0,144,0,11,195,0,206,72,0,72,278
05/07/2019,SAC,CA,AWP,WE,Federal Contract Tower,0,1,76,0,77,0,1,210,0,211,0,2,286,0,288,114,0,114,402
05/08/2019,SAC,CA,AWP,WE,Federal Contract Tower,0,2,62,0,64,0,3,148,0,151,0,5,210,0,215,200,0,200,415
05/09/2019,SAC,CA,AWP,WE,Federal Contract Tower,0,2,67,0,69,0,2,163,10,175,0,4,230,10,244,84,0,84,328
05/10/2019,SAC,CA,AWP,WE,Federal Contract Tower,0,6,75,0,81,0,0,242,0,242,0,6,317,0,323,126,0,126,449
05/11/2019,SAC,CA,AWP,WE,Federal Contract Tower,0,0,43,0,43,0,1,212,4,217,0,1,255,4,260,138,0,138,398
05/12/2019,SAC,CA,AWP,WE,Federal Contract Tower,0,1,77,0,78,0,0,160,0,160,0,1,237,0,238,46,0,46,284
05/13/2019,SAC,CA,AWP,WE,Federal Contract Tower,0,0,70,0,70,0,6,145,0,151,0,6,215,0,221,136,0,136,357
05/14/2019,SAC,CA,AWP,WE,Federal Contract Tower,0,0,59,0,59,0,5,165,0,170,0,5,224,0,229,156,0,156,385
05/15/2019,SAC,CA,AWP,WE,Federal Contract Tower,0,5,60,0,65,0,3,59,0,62,0,8,119,0,127,74,0,74,201
05/16/2019,SAC,CA,AWP,WE,Federal Contract Tower,0,0,10,0,10,0,0,27,0,27,0,0,37,0,37,82,0,82,119
05/17/2019,SAC,CA,AWP,WE,Federal Contract Tower,0,1,86,0,87,0,0,206,0,206,0,1,292,0,293,232,4,236,529
05/18/2019,SAC,CA,AWP,WE,Federal Contract Tower,0,0,33,0,33,0,2,84,0,86,0,2,117,0,119,28,0,28,147
05/19/2019,SAC,CA,AWP,WE,Federal Contract Tower,0,0,23,0,23,0,0,26,0,26,0,0,49,0,49,28,0,28,77
05/20/2019,SAC,CA,AWP,WE,Federal Contract Tower,0,1,93,0,94,0,8,177,0,185,0,9,270,0,279,142,0,142,421
05/21/2019,SAC,CA,AWP,WE,Federal Contract Tower,0,5,54,1,60,0,0,70,1,71,0,5,124,2,131,74,0,74,205
05/22/2019,SAC,CA,AWP,WE,Federal Contract Tower,0,1,92,1,94,0,0,173,0,173,0,1,265,1,267,144,0,144,411
05/23/2019,SAC,CA,AWP,WE,Federal Contract Tower,0,0,70,0,70,0,3,222,0,225,0,3,292,0,295,106,0,106,401
05/24/2019,SAC,CA,AWP,WE,Federal Contract Tower,0,1,64,0,65,0,0,198,0,198,0,1,262,0,263,156,0,156,419
05/25/2019,SAC,CA,AWP,WE,Federal Contract Tower,0,3,54,3,60,0,2,58,2,62,0,5,112,5,122,32,2,34,156
05/26/2019,SAC,CA,AWP,WE,Federal Contract Tower,0,1,6,0,7,0,2,21,0,23,0,3,27,0,30,22,0,22,52
05/27/2019,SAC,CA,AWP,WE,Federal Contract Tower,0,0,49,0,49,0,5,135,0,140,0,5,184,0,189,142,0,142,331
05/28/2019,SAC,CA,AWP,WE,Federal Contract Tower,0,0,78,0,78,0,3,227,0,230,0,3,305,0,308,124,0,124,432
05/29/2019,SAC,CA,AWP,WE,Federal Contract Tower,0,2,69,0,71,0,4,219,2,225,0,6,288,2,296,172,0,172,468
05/30/2019,SAC,CA,AWP,WE,Federal Contract Tower,0,3,69,2,74,0,0,214,2,216,0,3,283,4,290,158,0,158,448
05/31/2019,SAC,CA,AWP,WE,Federal Contract Tower,0,4,61,0,65,0,1,261,1,263,0,5,322,1,328,176,0,176,504
06/01/2019,SAC,CA,AWP,WE,Federal Contract Tower,0,1,47,2,50,0,5,193,2,200,0,6,240,4,250,142,2,144,394
06/02/2019,SAC,CA,AWP,WE,Federal Contract Tower,0,1,47,0,48,0,5,217,0,222,0,6,264,0,270,18,0,18,288
06/03/2019,SAC,CA,AWP,WE,Federal Contract Tower,0,0,54,0,54,0,3,182,0,185,0,3,236,0,239,204,0,204,443
06/04/2019,SAC,CA,AWP,WE,Federal Contract Tower,0,1,73,0,74,0,6,192,0,198,0,7,265,0,272,48,0,48,320
06/05/2019,SAC,CA,AWP,WE,Federal Contract Tower,0,6,42,2,50,0,0,191,0,191,0,6,233,2,241,98,0,98,339
06/06/2019,SAC,CA,AWP,WE,Federal Contract Tower,0,4,59,2,65,0,5,200,0,205,0,9,259,2,270,96,0,96,366
06/07/2019,SAC,CA,AWP,WE,Federal Contract Tower,0,2,63,0,65,0,9,215,0,224,0,11,278,0,289,72,0,72,361
06/08/2019,SAC,CA,AWP,WE,Federal Contract Tower,0,0,24,0,24,0,0,58,0,58,0,0,82,0,82,6,0,6,88
06/09/2019,SAC,CA,AWP,WE,Federal Contract Tower,0,1,58,0,59,0,5,156,0,161,0,6,214,0,220,20,0,20,240
06/10/2019,SAC,CA,AWP,WE,Federal Contract Tower,0,2,51,0,53,0,13,148,0,161,0,15,199,0,214,182,0,182,396
06/11/2019,SAC,CA,AWP,WE,Federal Contract Tower,0,3,62,0,65,0,0,167,0,167,0,3,229,0,232,52,0,52,284
06/12/2019,SAC,CA,AWP,WE,Federal Contract Tower,0,3,61,0,64,0,0,193,1,194,0,3,254,1,258,130,0,130,388
06/13/2019,SAC,CA,AWP,WE,Federal Contract Tower,0,5,56,0,61,0,0,248,0,248,0,5,304,0,309,120,0,120,429
06/14/2019,SAC,CA,AWP,WE,Federal Contract Tower,0,0,42,0,42,0,1,210,0,211,0,1,252,0,253,122,0,122,375
06/15/2019,SAC,CA,AWP,WE,Federal Contract Tower,0,1,48,0,49,0,1,193,0,194,0,2,241,0,243,90,0,90,333
06/16/2019,SAC,CA,AWP,WE,Federal Contract Tower,0,1,36,0,37,0,5,134,0,139,0,6,170,0,176,60,0,60,236
06/17/2019,SAC,CA,AWP,WE,Federal Contract Tower,0,2,77,0,79,0,7,241,0,248,0,9,318,0,327,134,0,134,461
06/18/2019,SAC,CA,AWP,WE,Federal Contract Tower,0,4,53,0,57,0,4,196,0,200,0,8,249,0,257,114,0,114,371
06/19/2019,SAC,CA,AWP,WE,Federal Contract Tower,0,3,50,2,55,0,0,198,5,203,0,3,248,7,258,134,2,136,394
06/20/2019,SAC,CA,AWP,WE,Federal Contract Tower,0,2,45,0,47,0,0,187,0,187,0,2,232,0,234,166,0,166,400
06/21/2019,SAC,CA,AWP,WE,Federal Contract Tower,0,2,43,2,47,0,0,189,1,190,0,2,232,3,237,118,0,118,355
06/22/2019,SAC,CA,AWP,WE,Federal Contract Tower,0,0,50,0,50,0,2,128,0,130,0,2,178,0,180,24,0,24,204
06/23/2019,SAC,CA,AWP,WE,Federal Contract Tower,0,1,33,0,34,0,1,167,0,168,0,2,200,0,202,52,0,52,254
06/24/2019,SAC,CA,AWP,WE,Federal Contract Tower,0,3,54,0,57,0,7,223,0,230,0,10,277,0,287,106,0,106,393
06/25/2019,SAC,CA,AWP,WE,Federal Contract Tower,0,2,56,0,58,0,3,211,0,214,0,5,267,0,272,98,0,98,370
06/26/2019,SAC,CA,AWP,WE,Federal Contract Tower,0,2,63,2,67,0,4,185,2,191,0,6,248,4,258,114,0,114,372
06/27/2019,SAC,CA,AWP,WE,Federal Contract Tower,0,3,63,0,66,0,10,289,0,299,0,13,352,0,365,240,0,240,605
06/28/2019,SAC,CA,AWP,WE,Federal Contract Tower,0,0,84,0,84,0,5,313,0,318,0,5,397,0,402,176,0,176,578
06/29/2019,SAC,CA,AWP,WE,Federal Contract Tower,0,0,43,2,45,0,0,182,2,184,0,0,225,4,229,60,0,60,289
06/30/2019,SAC,CA,AWP,WE,Federal Contract Tower,0,1,45,0,46,0,2,154,1,157,0,3,199,1,203,64,0,64,267
07/01/2019,SAC,CA,AWP,WE,Federal Contract Tower,0,0,55,0,55,0,4,199,0,203,0,4,254,0,258,168,0,168,426
07/02/2019,SAC,CA,AWP,WE,Federal Contract Tower,0,3,57,0,60,0,2,232,0,234,0,5,289,0,294,182,0,182,476
07/03/2019,SAC,CA,AWP,WE,Federal Contract Tower,0,0,37,0,37,0,0,165,0,165,0,0,202,0,202,174,0,174,376
07/04/2019,SAC,CA,AWP,WE,Federal Contract Tower,0,1,15,0,16,0,2,116,0,118,0,3,131,0,134,136,0,136,270
07/05/2019,SAC,CA,AWP,WE,Federal Contract Tower,0,0,50,0,50,0,1,160,0,161,0,1,210,0,211,140,0,140,351
07/06/2019,SAC,CA,AWP,WE,Federal Contract Tower,0,1,31,0,32,0,0,161,0,161,0,1,192,0,193,112,0,112,305
07/07/2019,SAC,CA,AWP,WE,Federal Contract Tower,0,0,21,0,21,0,1,131,0,132,0,1,152,0,153,58,0,58,211
07/08/2019,SAC,CA,AWP,WE,Federal Contract Tower,0,4,68,0,72,0,4,187,0,191,0,8,255,0,263,58,0,58,321
07/09/2019,SAC,CA,AWP,WE,Federal Contract Tower,0,1,100,0,101,0,4,274,0,278,0,5,374,0,379,122,0,122,501
07/10/2019,SAC,CA,AWP,WE,Federal Contract Tower,0,0,34,0,34,0,1,208,0,209,0,1,242,0,243,246,0,246,489
07/11/2019,SAC,CA,AWP,WE,Federal Contract Tower,0,2,43,0,45,0,4,198,0,202,0,6,241,0,247,208,0,208,455
07/12/2019,SAC,CA,AWP,WE,Federal Contract Tower,0,0,24,0,24,0,0,199,0,199,0,0,223,0,223,126,0,126,349
07/13/2019,SAC,CA,AWP,WE,Federal Contract Tower,0,0,52,0,52,0,4,242,0,246,0,4,294,0,298,122,0,122,420
07/14/2019,SAC,CA,AWP,WE,Federal Contract Tower,0,0,28,0,28,0,1,114,0,115,0,1,142,0,143,88,0,88,231
07/15/2019,SAC,CA,AWP,WE,Federal Contract Tower,0,6,45,0,51,0,5,185,1,191,0,11,230,1,242,148,0,148,390
07/16/2019,SAC,CA,AWP,WE,Federal Contract Tower,0,4,64,0,68,0,8,210,0,218,0,12,274,0,286,128,0,128,414
07/17/2019,SAC,CA,AWP,WE,Federal Contract Tower,0,3,57,1,61,0,5,189,0,194,0,8,246,1,255,198,0,198,453
07/18/2019,SAC,CA,AWP,WE,Federal Contract Tower,0,1,47,3,51,0,2,222,4,228,0,3,269,7,279,186,0,186,465
07/19/2019,SAC,CA,AWP,WE,Federal Contract Tower,0,0,48,0,48,0,0,267,0,267,0,0,315,0,315,212,0,212,527
07/20/2019,SAC,CA,AWP,WE,Federal Contract Tower,0,0,52,0,52,0,3,234,0,237,0,3,286,0,289,112,0,112,401
07/21/2019,SAC,CA,AWP,WE,Federal Contract Tower,0,1,50,0,51,0,0,124,0,124,0,1,174,0,175,22,0,22,197
07/22/2019,SAC,CA,AWP,WE,Federal Contract Tower,0,2,33,0,35,0,7,173,3,183,0,9,206,3,218,260,0,260,478
07/23/2019,SAC,CA,AWP,WE,Federal Contract Tower,0,3,74,0,77,0,0,195,0,195,0,3,269,0,272,119,0,119,391
07/24/2019,SAC,CA,AWP,WE,Federal Contract Tower,0,3,63,1,67,0,0,217,0,217,0,3,280,1,284,100,0,100,384
07/25/2019,SAC,CA,AWP,WE,Federal Contract Tower,0,13,37,0,50,0,3,182,0,185,0,16,219,0,235,102,0,102,337
07/26/2019,SAC,CA,AWP,WE,Federal Contract Tower,0,2,53,0,55,0,4,206,0,210,0,6,259,0,265,156,0,156,421
07/27/2019,SAC,CA,AWP,WE,Federal Contract Tower,0,0,23,0,23,0,0,128,0,128,0,0,151,0,151,42,0,42,193
07/28/2019,SAC,CA,AWP,WE,Federal Contract Tower,0,2,38,0,40,0,3,106,0,109,0,5,144,0,149,44,0,44,193
07/29/2019,SAC,CA,AWP,WE,Federal Contract Tower,0,0,42,2,44,0,3,160,2,165,0,3,202,4,209,176,0,176,385
07/30/2019,SAC,CA,AWP,WE,Federal Contract Tower,0,3,51,0,54,0,2,204,0,206,0,5,255,0,260,156,0,156,416
07/31/2019,SAC,CA,AWP,WE,Federal Contract Tower,0,2,79,0,81,0,3,271,0,274,0,5,350,0,355,156,0,156,511
08/01/2019,SAC,CA,AWP,WE,Federal Contract Tower,0,2,52,0,54,0,5,236,0,241,0,7,288,0,295,218,0,218,513
08/02/2019,SAC,CA,AWP,WE,Federal Contract Tower,0,5,31,0,36,0,2,216,0,218,0,7,247,0,254,174,0,174,428
08/03/2019,SAC,CA,AWP,WE,Federal Contract Tower,0,0,17,0,17,0,0,164,0,164,0,0,181,0,181,66,0,66,247
08/04/2019,SAC,CA,AWP,WE,Federal Contract Tower,0,1,40,0,41,0,2,129,0,131,0,3,169,0,172,36,0,36,208
08/05/2019,SAC,CA,AWP,WE,Federal Contract Tower,0,1,42,0,43,0,4,158,0,162,0,5,200,0,205,198,0,198,403
08/06/2019,SAC,CA,AWP,WE,Federal Contract Tower,0,0,47,0,47,0,1,150,0,151,0,1,197,0,198,214,0,214,412
08/07/2019,SAC,CA,AWP,WE,Federal Contract Tower,0,3,76,0,79,0,0,214,2,216,0,3,290,2,295,192,0,192,487
08/08/2019,SAC,CA,AWP,WE,Federal Contract Tower,0,5,69,2,76,0,1,254,20,275,0,6,323,22,351,228,0,228,579
08/09/2019,SAC,CA,AWP,WE,Federal Contract Tower,0,3,51,0,54,0,0,228,2,230,0,3,279,2,284,124,0,124,408
08/10/2019,SAC,CA,AWP,WE,Federal Contract Tower,0,0,27,0,27,0,6,173,0,179,0,6,200,0,206,118,0,118,324
08/11/2019,SAC,CA,AWP,WE,Federal Contract Tower,0,0,39,0,39,0,0,131,0,131,0,0,170,0,170,76,0,76,246
08/12/2019,SAC,CA,AWP,WE,Federal Contract Tower,0,1,43,0,44,0,1,179,0,180,0,2,222,0,224,114,0,114,338
08/13/2019,SAC,CA,AWP,WE,Federal Contract Tower,0,9,53,0,62,0,4,194,0,198,0,13,247,0,260,176,0,176,436
08/14/2019,SAC,CA,AWP,WE,Federal Contract Tower,0,2,65,0,67,0,11,217,3,231,0,13,282,3,298,214,2,216,514
08/15/2019,SAC,CA,AWP,WE,Federal Contract Tower,0,6,54,0,60,0,4,201,0,205,0,10,255,0,265,258,0,258,523
08/16/2019,SAC,CA,AWP,WE,Federal Contract Tower,0,1,73,0,74,0,1,237,0,238,0,2,310,0,312,88,0,88,400
08/17/2019,SAC,CA,AWP,WE,Federal Contract Tower,0,0,35,0,35,0,1,157,0,158,0,1,192,0,193,42,0,42,235
08/18/2019,SAC,CA,AWP,WE,Federal Contract Tower,0,0,47,0,47,0,4,113,0,117,0,4,160,0,164,52,0,52,216
08/19/2019,SAC,CA,AWP,WE,Federal Contract Tower,0,2,33,0,35,0,8,161,0,169,0,10,194,0,204,92,0,92,296
08/20/2019,SAC,CA,AWP,WE,Federal Contract Tower,0,1,64,1,66,0,1,176,2,179,0,2,240,3,245,130,0,130,375
08/21/2019,SAC,CA,AWP,WE,Federal Contract Tower,0,6,55,0,61,0,3,197,1,201,0,9,252,1,262,150,0,150,412
08/22/2019,SAC,CA,AWP,WE,Federal Contract Tower,0,0,45,0,45,0,7,187,0,194,0,7,232,0,239,106,0,106,345
08/23/2019,SAC,CA,AWP,WE,Federal Contract Tower,0,0,46,0,46,0,2,162,0,164,0,2,208,0,210,94,0,94,304
08/24/2019,SAC,CA,AWP,WE,Federal Contract Tower,0,0,19,0,19,0,1,143,0,144,0,1,162,0,163,68,0,68,231
08/25/2019,SAC,CA,AWP,WE,Federal Contract Tower,0,0,28,0,28,0,6,142,0,148,0,6,170,0,176,54,0,54,230
08/26/2019,SAC,CA,AWP,WE,Federal Contract Tower,0,0,38,0,38,0,4,169,0,173,0,4,207,0,211,72,0,72,283
08/27/2019,SAC,CA,AWP,WE,Federal Contract Tower,0,0,44,0,44,0,2,181,0,183,0,2,225,0,227,120,0,120,347
08/28/2019,SAC,CA,AWP,WE,Federal Contract Tower,0,0,45,6,51,0,0,185,7,192,0,0,230,13,243,132,2,134,377
08/29/2019,SAC,CA,AWP,WE,Federal Contract Tower,0,4,55,0,59,0,2,210,1,213,0,6,265,1,272,190,0,190,462
08/30/2019,SAC,CA,AWP,WE,Federal Contract Tower,0,0,56,0,56,0,1,257,3,261,0,1,313,3,317,154,8,162,479
08/31/2019,SAC,CA,AWP,WE,Federal Contract Tower,0,2,45,0,47,0,5,184,2,191,0,7,229,2,238,64,0,64,302
09/01/2019,SAC,CA,AWP,WE,Federal Contract Tower,0,2,31,0,33,0,9,109,0,118,0,11,140,0,151,42,0,42,193
09/02/2019,SAC,CA,AWP,WE,Federal Contract Tower,0,0,28,0,28,0,3,154,0,157,0,3,182,0,185,114,0,114,299
09/03/2019,SAC,CA,AWP,WE,Federal Contract Tower,0,1,52,0,53,0,2,206,0,208,0,3,258,0,261,259,0,259,520
09/04/2019,SAC,CA,AWP,WE,Federal Contract Tower,0,0,48,2,50,0,0,173,4,177,0,0,221,6,227,96,0,96,323
09/05/2019,SAC,CA,AWP,WE,Federal Contract Tower,0,0,24,0,24,0,2,163,0,165,0,2,187,0,189,154,0,154,343
09/06/2019,SAC,CA,AWP,WE,Federal Contract Tower,0,0,53,0,53,0,0,216,0,216,0,0,269,0,269,102,0,102,371
09/07/2019,SAC,CA,AWP,WE,Federal Contract Tower,0,1,41,0,42,0,0,125,0,125,0,1,166,0,167,50,0,50,217
09/08/2019,SAC,CA,AWP,WE,Federal Contract Tower,0,0,33,0,33,0,1,151,0,152,0,1,184,0,185,74,0,74,259
09/09/2019,SAC,CA,AWP,WE,Federal Contract Tower,0,1,26,0,27,0,11,146,0,157,0,12,172,0,184,136,0,136,320
09/10/2019,SAC,CA,AWP,WE,Federal Contract Tower,0,0,57,0,57,0,2,204,0,206,0,2,261,0,263,118,0,118,381
09/11/2019,SAC,CA,AWP,WE,Federal Contract Tower,0,2,61,0,63,0,5,206,4,215,0,7,267,4,278,188,0,188,466
09/12/2019,SAC,CA,AWP,WE,Federal Contract Tower,0,3,53,0,56,0,0,190,1,191,0,3,243,1,247,128,0,128,375
09/13/2019,SAC,CA,AWP,WE,Federal Contract Tower,0,3,62,0,65,0,0,199,0,199,0,3,261,0,264,154,2,156,420
09/14/2019,SAC,CA,AWP,WE,Federal Contract Tower,0,0,39,0,39,0,2,182,2,186,0,2,221,2,225,106,0,106,331
09/15/2019,SAC,CA,AWP,WE,Federal Contract Tower,0,0,26,0,26,0,4,96,0,100,0,4,122,0,126,94,0,94,220
09/16/2019,SAC,CA,AWP,WE,Federal Contract Tower,0,1,55,0,56,0,4,117,0,121,0,5,172,0,177,198,0,198,375
09/17/2019,SAC,CA,AWP,WE,Federal Contract Tower,0,0,26,0,26,0,0,173,0,173,0,0,199,0,199,162,0,162,361
09/18/2019,SAC,CA,AWP,WE,Federal Contract Tower,0,3,73,0,76,0,2,130,0,132,0,5,203,0,208,164,0,164,372
09/19/2019,SAC,CA,AWP,WE,Federal Contract Tower,0,3,48,1,52,0,0,199,2,201,0,3,247,3,253,184,0,184,437
09/20/2019,SAC,CA,AWP,WE,Federal Contract Tower,0,0,55,6,61,0,0,245,8,253,0,0,300,14,314,104,0,104,418
09/21/2019,SAC,CA,AWP,WE,Federal Contract Tower,0,0,46,0,46,0,0,204,0,204,0,0,250,0,250,94,0,94,344
09/22/2019,SAC,CA,AWP,WE,Federal Contract Tower,0,0,36,0,36,0,5,161,0,166,0,5,197,0,202,54,0,54,256
09/23/2019,SAC,CA,AWP,WE,Federal Contract Tower,0,1,34,0,35,0,3,149,0,152,0,4,183,0,187,148,0,148,335
09/24/2019,SAC,CA,AWP,WE,Federal Contract Tower,0,0,61,0,61,0,3,197,0,200,0,3,258,0,261,174,0,174,435
09/25/2019,SAC,CA,AWP,WE,Federal Contract Tower,0,0,65,2,67,0,0,0,0,0,0,0,65,2,67,192,0,192,259
09/26/2019,SAC,CA,AWP,WE,Federal Contract Tower,0,7,44,0,51,0,6,191,1,198,0,13,235,1,249,144,0,144,393
09/27/2019,SAC,CA,AWP,WE,Federal Contract Tower,0,5,54,0,59,0,1,166,0,167,0,6,220,0,226,164,0,164,390
09/28/2019,SAC,CA,AWP,WE,Federal Contract Tower,0,1,36,0,37,0,0,149,0,149,0,1,185,0,186,162,0,162,348
09/29/2019,SAC,CA,AWP,WE,Federal Contract Tower,0,5,55,0,60,0,0,244,0,244,0,5,299,0,304,90,0,90,394
09/30/2019,SAC,CA,AWP,WE,Federal Contract Tower,0,1,29,0,30,0,4,167,0,171,0,5,196,0,201,198,0,198,399
10/01/2019,SAC,CA,AWP,WE,Federal Contract Tower,0,0,47,0,47,0,5,197,0,202,0,5,244,0,249,206,0,206,455
10/02/2019,SAC,CA,AWP,WE,Federal Contract Tower,0,0,56,0,56,0,1,199,0,200,0,1,255,0,256,158,0,158,414
10/03/2019,SAC,CA,AWP,WE,Federal Contract Tower,0,1,48,1,50,0,0,198,0,198,0,1,246,1,248,168,0,168,416
10/04/2019,SAC,CA,AWP,WE,Federal Contract Tower,0,0,47,0,47,0,0,248,0,248,0,0,295,0,295,132,0,132,427
10/05/2019,SAC,CA,AWP,WE,Federal Contract Tower,0,1,40,0,41,0,2,175,2,179,0,3,215,2,220,96,0,96,316
10/06/2019,SAC,CA,AWP,WE,Federal Contract Tower,0,1,23,0,24,0,2,161,0,163,0,3,184,0,187,152,0,152,339
10/07/2019,SAC,CA,AWP,WE,Federal Contract Tower,0,0,48,0,48,0,0,156,0,156,0,0,204,0,204,224,0,224,428
10/08/2019,SAC,CA,AWP,WE,Federal Contract Tower,0,3,36,4,43,0,6,186,4,196,0,9,222,8,239,150,0,150,389
10/09/2019,SAC,CA,AWP,WE,Federal Contract Tower,0,1,21,4,26,0,0,73,0,73,0,1,94,4,99,16,0,16,115
10/10/2019,SAC,CA,AWP,WE,Federal Contract Tower,0,1,24,4,29,0,3,142,4,149,0,4,166,8,178,38,0,38,216
10/11/2019,SAC,CA,AWP,WE,Federal Contract Tower,0,0,52,0,52,0,0,198,0,198,0,0,250,0,250,150,0,150,400
10/12/2019,SAC,CA,AWP,WE,Federal Contract Tower,0,1,35,0,36,0,0,228,0,228,0,1,263,0,264,90,0,90,354
10/13/2019,SAC,CA,AWP,WE,Federal Contract Tower,0,0,42,0,42,0,5,189,0,194,0,5,231,0,236,198,0,198,434
10/14/2019,SAC,CA,AWP,WE,Federal Contract Tower,0,2,77,0,79,0,8,231,0,239,0,10,308,0,318,162,0,162,480
10/15/2019,SAC,CA,AWP,WE,Federal Contract Tower,0,3,36,0,39,0,1,191,0,192,0,4,227,0,231,136,0,136,367
10/16/2019,SAC,CA,AWP,WE,Federal Contract Tower,0,2,69,0,71,0,3,239,2,244,0,5,308,2,315,136,0,136,451
10/17/2019,SAC,CA,AWP,WE,Federal Contract Tower,0,4,34,0,38,0,0,188,0,188,0,4,222,0,226,94,0,94,320
10/18/2019,SAC,CA,AWP,WE,Federal Contract Tower,0,2,47,0,49,0,0,252,0,252,0,2,299,0,301,144,0,144,445
10/19/2019,SAC,CA,AWP,WE,Federal Contract Tower,0,3,57,0,60,0,3,188,0,191,0,6,245,0,251,124,0,124,375
10/20/2019,SAC,CA,AWP,WE,Federal Contract Tower,0,6,11,0,17,0,9,250,0,259,0,15,261,0,276,24,0,24,300
10/21/2019,SAC,CA,AWP,WE,Federal Contract Tower,0,3,49,0,52,0,22,145,0,167,0,25,194,0,219,42,0,42,261
10/22/2019,SAC,CA,AWP,WE,Federal Contract Tower,0,0,69,3,72,0,0,245,3,248,0,0,314,6,320,138,0,138,458
10/23/2019,SAC,CA,AWP,WE,Federal Contract Tower,0,0,44,0,44,0,2,161,0,163,0,2,205,0,207,114,0,114,321
10/24/2019,SAC,CA,AWP,WE,Federal Contract Tower,0,3,28,2,33,0,8,215,2,225,0,11,243,4,258,196,0,196,454
10/25/2019,SAC,CA,AWP,WE,Federal Contract Tower,0,1,37,0,38,0,0,248,0,248,0,1,285,0,286,182,0,182,468
10/26/2019,SAC,CA,AWP,WE,Federal Contract Tower,0,3,42,4,49,0,3,196,5,204,0,6,238,9,253,76,0,76,329
10/27/2019,SAC,CA,AWP,WE,Federal Contract Tower,0,2,15,0,17,0,11,31,0,42,0,13,46,0,59,2,0,2,61
10/28/2019,SAC,CA,AWP,WE,Federal Contract Tower,0,3,42,0,45,0,10,183,0,193,0,13,225,0,238,154,0,154,392
10/29/2019,SAC,CA,AWP,WE,Federal Contract Tower,0,2,30,4,36,0,3,119,4,126,0,5,149,8,162,102,2,104,266
10/30/2019,SAC,CA,AWP,WE,Federal Contract Tower,0,4,71,4,79,0,7,223,2,232,0,11,294,6,311,194,0,194,505
10/31/2019,SAC,CA,AWP,WE,Federal Contract Tower,0,2,50,0,52,0,4,223,0,227,0,6,273,0,279,244,0,244,523
11/01/2019,SAC,CA,AWP,WE,Federal Contract Tower,0,2,31,0,33,0,0,228,0,228,0,2,259,0,261,140,0,140,401
11/02/2019,SAC,CA,AWP,WE,Federal Contract Tower,0,0,54,0,54,0,0,259,1,260,0,0,313,1,314,158,0,158,472
11/03/2019,SAC,CA,AWP,WE,Federal Contract Tower,0,0,29,0,29,0,2,138,0,140,0,2,167,0,169,54,0,54,223
11/04/2019,SAC,CA,AWP,WE,Federal Contract Tower,0,3,53,0,56,0,10,208,0,218,0,13,261,0,274,150,0,150,424
11/05/2019,SAC,CA,AWP,WE,Federal Contract Tower,0,0,59,0,59,0,4,272,0,276,0,4,331,0,335,206,0,206,541
11/06/2019,SAC,CA,AWP,WE,Federal Contract Tower,0,1,67,1,69,0,4,250,2,256,0,5,317,3,325,256,0,256,581
11/07/2019,SAC,CA,AWP,WE,Federal Contract Tower,0,4,36,0,40,0,4,239,0,243,0,8,275,0,283,160,0,160,443
11/08/2019,SAC,CA,AWP,WE,Federal Contract Tower,0,1,27,0,28,0,1,185,0,186,0,2,212,0,214,252,0,252,466
11/09/2019,SAC,CA,AWP,WE,Federal Contract Tower,0,3,51,1,55,0,0,176,1,177,0,3,227,2,232,98,0,98,330
11/10/2019,SAC,CA,AWP,WE,Federal Contract Tower,0,2,39,0,41,0,7,134,0,141,0,9,173,0,182,20,0,20,202
11/11/2019,SAC,CA,AWP,WE,Federal Contract Tower,0,2,39,0,41,0,8,247,0,255,0,10,286,0,296,156,0,156,452
11/12/2019,SAC,CA,AWP,WE,Federal Contract Tower,0,4,52,0,56,0,9,188,0,197,0,13,240,0,253,202,0,202,455
11/13/2019,SAC,CA,AWP,WE,Federal Contract Tower,0,1,51,0,52,0,1,242,0,243,0,2,293,0,295,210,0,210,505
11/14/2019,SAC,CA,AWP,WE,Federal Contract Tower,0,1,31,0,32,0,3,227,0,230,0,4,258,0,262,122,0,122,384
11/15/2019,SAC,CA,AWP,WE,Federal Contract Tower,0,0,71,0,71,0,0,348,0,348,0,0,419,0,419,214,0,214,633
11/16/2019,SAC,CA,AWP,WE,Federal Contract Tower,0,0,31,0,31,0,1,98,0,99,0,1,129,0,130,44,0,44,174
11/17/2019,SAC,CA,AWP,WE,Federal Contract Tower,0,2,28,0,30,0,2,175,4,181,0,4,203,4,211,206,0,206,417
11/18/2019,SAC,CA,AWP,WE,Federal Contract Tower,0,1,54,0,55,0,10,223,0,233,0,11,277,0,288,160,0,160,448
11/19/2019,SAC,CA,AWP,WE,Federal Contract Tower,0,3,73,2,78,0,5,219,2,226,0,8,292,4,304,176,0,176,480
11/20/2019,SAC,CA,AWP,WE,Federal Contract Tower,0,0,17,0,17,0,1,28,0,29,0,1,45,0,46,2,0,2,48
11/21/2019,SAC,CA,AWP,WE,Federal Contract Tower,0,3,31,0,34,0,4,207,0,211,0,7,238,0,245,174,0,174,419
11/22/2019,SAC,CA,AWP,WE,Federal Contract Tower,0,1,57,0,58,0,4,353,0,357,0,5,410,0,415,154,0,154,569
11/23/2019,SAC,CA,AWP,WE,Federal Contract Tower,0,3,57,0,60,0,0,242,2,244,0,3,299,2,304,110,0,110,414
11/24/2019,SAC,CA,AWP,WE,Federal Contract Tower,0,2,45,0,47,0,2,190,0,192,0,4,235,0,239,72,0,72,311
11/25/2019,SAC,CA,AWP,WE,Federal Contract Tower,0,3,33,0,36,0,3,109,0,112,0,6,142,0,148,50,0,50,198
11/26/2019,SAC,CA,AWP,WE,Federal Contract Tower,0,5,32,0,37,0,3,98,0,101,0,8,130,0,138,68,0,68,206
11/27/2019,SAC,CA,AWP,WE,Federal Contract Tower,0,0,20,0,20,2,1,34,0,37,2,1,54,0,57,32,0,32,89
11/28/2019,SAC,CA,AWP,WE,Federal Contract Tower,0,1,3,0,4,0,0,11,0,11,0,1,14,0,15,16,0,16,31
11/29/2019,SAC,CA,AWP,WE,Federal Contract Tower,0,2,35,0,37,0,1,146,0,147,0,3,181,0,184,166,0,166,350
11/30/2019,SAC,CA,AWP,WE,Federal Contract Tower,0,3,34,0,37,0,0,83,0,83,0,3,117,0,120,94,0,94,214
12/01/2019,SAC,CA,AWP,WE,Federal Contract Tower,0,2,3,0,5,0,1,0,0,1,0,3,3,0,6,0,0,0,6
12/02/2019,SAC,CA,AWP,WE,Federal Contract Tower,0,2,14,0,16,0,0,2,0,2,0,2,16,0,18,0,0,0,18
12/03/2019,SAC,CA,AWP,WE,Federal Contract Tower,0,4,78,4,86,0,3,76,6,85,0,7,154,10,171,80,0,80,251
12/04/2019,SAC,CA,AWP,WE,Federal Contract Tower,0,2,25,2,29,0,0,0,0,0,0,2,25,2,29,0,0,0,29
12/05/2019,SAC,CA,AWP,WE,Federal Contract Tower,0,2,56,6,64,0,2,118,4,124,0,4,174,10,188,70,2,72,260
12/06/2019,SAC,CA,AWP,WE,Federal Contract Tower,0,4,33,0,37,0,2,128,0,130,0,6,161,0,167,130,0,130,297
12/07/2019,SAC,CA,AWP,WE,Federal Contract Tower,0,6,21,0,27,0,4,23,0,27,0,10,44,0,54,2,0,2,56
12/08/2019,SAC,CA,AWP,WE,Federal Contract Tower,0,11,26,0,37,0,10,56,0,66,0,21,82,0,103,50,0,50,153
12/09/2019,SAC,CA,AWP,WE,Federal Contract Tower,0,1,73,0,74,0,8,114,0,122,0,9,187,0,196,134,0,134,330
12/10/2019,SAC,CA,AWP,WE,Federal Contract Tower,0,2,81,0,83,0,2,41,0,43,0,4,122,0,126,28,0,28,154
12/11/2019,SAC,CA,AWP,WE,Federal Contract Tower,0,3,85,0,88,0,0,59,0,59,0,3,144,0,147,70,0,70,217
12/12/2019,SAC,CA,AWP,WE,Federal Contract Tower,0,5,88,0,93,0,3,107,0,110,0,8,195,0,203,170,0,170,373
12/13/2019,SAC,CA,AWP,WE,Federal Contract Tower,0,0,38,0,38,0,0,15,0,15,0,0,53,0,53,0,0,0,53
12/14/2019,SAC,CA,AWP,WE,Federal Contract Tower,0,0,81,0,81,0,5,201,0,206,0,5,282,0,287,170,0,170,457
12/15/2019,SAC,CA,AWP,WE,Federal Contract Tower,0,2,100,0,102,0,2,272,0,274,0,4,372,0,376,150,0,150,526
12/16/2019,SAC,CA,AWP,WE,Federal Contract Tower,0,1,89,0,90,0,4,243,0,247,0,5,332,0,337,104,0,104,441
12/17/2019,SAC,CA,AWP,WE,Federal Contract Tower,0,4,87,2,93,0,1,231,2,234,0,5,318,4,327,142,0,142,469
12/18/2019,SAC,CA,AWP,WE,Federal Contract Tower,0,7,55,0,62,0,0,102,2,104,0,7,157,2,166,168,0,168,334
12/19/2019,SAC,CA,AWP,WE,Federal Contract Tower,0,1,73,11,85,0,0,97,4,101,0,1,170,15,186,68,0,68,254
12/20/2019,SAC,CA,AWP,WE,Federal Contract Tower,0,2,52,0,54,0,2,214,0,216,0,4,266,0,270,156,0,156,426
12/21/2019,SAC,CA,AWP,WE,Federal Contract Tower,0,1,25,0,26,0,1,124,2,127,0,2,149,2,153,134,0,134,287
12/22/2019,SAC,CA,AWP,WE,Federal Contract Tower,0,1,6,0,7,0,0,2,0,2,0,1,8,0,9,0,0,0,9
12/23/2019,SAC,CA,AWP,WE,Federal Contract Tower,0,2,49,4,55,0,9,118,4,131,0,11,167,8,186,52,0,52,238
12/24/2019,SAC,CA,AWP,WE,Federal Contract Tower,0,6,5,0,11,0,12,39,0,51,0,18,44,0,62,74,0,74,136
12/25/2019,SAC,CA,AWP,WE,Federal Contract Tower,0,5,10,0,15,0,5,12,0,17,0,10,22,0,32,8,0,8,40
12/26/2019,SAC,CA,AWP,WE,Federal Contract Tower,0,1,47,0,48,0,2,121,0,123,0,3,168,0,171,120,0,120,291
12/27/2019,SAC,CA,AWP,WE,Federal Contract Tower,0,5,42,0,47,0,8,258,0,266,0,13,300,0,313,80,0,80,393
12/28/2019,SAC,CA,AWP,WE,Federal Contract Tower,0,0,36,0,36,0,0,189,0,189,0,0,225,0,225,114,0,114,339
12/29/2019,SAC,CA,AWP,WE,Federal Contract Tower,0,0,29,0,29,0,0,58,1,59,0,0,87,1,88,12,0,12,100
12/30/2019,SAC,CA,AWP,WE,Federal Contract Tower,0,1,33,0,34,0,1,168,0,169,0,2,201,0,203,60,0,60,263
12/31/2019,SAC,CA,AWP,WE,Federal Contract Tower,0,2,75,0,77,0,5,181,0,186,0,7,256,0,263,86,0,86,349
01/01/2020,SAC,CA,AWP,WE,Federal Contract Tower,0,0,18,0,18,0,0,70,0,70,0,0,88,0,88,24,0,24,112
01/02/2020,SAC,CA,AWP,WE,Federal Contract Tower,0,0,45,0,45,0,1,148,0,149,0,1,193,0,194,94,0,94,288
01/03/2020,SAC,CA,AWP,WE,Federal Contract Tower,0,3,55,0,58,0,0,233,0,233,0,3,288,0,291,229,0,229,520
01/04/2020,SAC,CA,AWP,WE,Federal Contract Tower,0,1,88,0,89,0,1,134,0,135,0,2,222,0,224,68,0,68,292
01/05/2020,SAC,CA,AWP,WE,Federal Contract Tower,0,0,42,0,42,0,2,184,0,186,0,2,226,0,228,236,0,236,464
01/06/2020,SAC,CA,AWP,WE,Federal Contract Tower,0,0,61,0,61,0,8,238,0,246,0,8,299,0,307,194,0,194,501
01/07/2020,SAC,CA,AWP,WE,Federal Contract Tower,0,0,15,2,17,0,0,0,0,0,0,0,15,2,17,0,0,0,17
01/08/2020,SAC,CA,AWP,WE,Federal Contract Tower,0,0,20,0,20,0,0,15,0,15,0,0,35,0,35,8,0,8,43
01/09/2020,SAC,CA,AWP,WE,Federal Contract Tower,0,0,33,0,33,0,0,83,0,83,0,0,116,0,116,118,0,118,234
01/10/2020,SAC,CA,AWP,WE,Federal Contract Tower,0,2,42,2,46,0,0,241,3,244,0,2,283,5,290,126,0,126,416
01/11/2020,SAC,CA,AWP,WE,Federal Contract Tower,0,0,38,0,38,0,1,171,0,172,0,1,209,0,210,226,0,226,436
01/12/2020,SAC,CA,AWP,WE,Federal Contract Tower,0,0,44,0,44,0,2,118,0,120,0,2,162,0,164,110,0,110,274
01/13/2020,SAC,CA,AWP,WE,Federal Contract Tower,0,8,61,0,69,0,4,172,0,176,0,12,233,0,245,176,0,176,421
01/14/2020,SAC,CA,AWP,WE,Federal Contract Tower,0,3,45,2,50,0,2,202,2,206,0,5,247,4,256,230,0,230,486
01/15/2020,SAC,CA,AWP,WE,Federal Contract Tower,0,5,48,0,53,0,1,193,2,196,0,6,241,2,249,108,0,108,357
01/16/2020,SAC,CA,AWP,WE,Federal Contract Tower,0,12,0,0,12,0,0,50,0,50,0,12,50,0,62,54,0,54,116
01/17/2020,SAC,CA,AWP,WE,Federal Contract Tower,0,0,30,0,30,0,0,48,0,48,0,0,78,0,78,20,0,20,98
01/18/2020,SAC,CA,AWP,WE,Federal Contract Tower,0,0,23,0,23,0,1,202,0,203,0,1,225,0,226,138,0,138,364
01/19/2020,SAC,CA,AWP,WE,Federal Contract Tower,0,1,42,0,43,0,3,12,0,15,0,4,54,0,58,0,0,0,58
01/20/2020,SAC,CA,AWP,WE,Federal Contract Tower,0,9,84,0,93,0,11,135,0,146,0,20,219,0,239,104,0,104,343
01/21/2020,SAC,CA,AWP,WE,Federal Contract Tower,0,5,70,0,75,0,3,96,0,99,0,8,166,0,174,136,0,136,310
01/22/2020,SAC,CA,AWP,WE,Federal Contract Tower,0,1,55,0,56,0,0,133,0,133,0,1,188,0,189,62,0,62,251
01/23/2020,SAC,CA,AWP,WE,Federal Contract Tower,0,1,65,0,66,0,1,171,1,173,0,2,236,1,239,132,0,132,371
01/24/2020,SAC,CA,AWP,WE,Federal Contract Tower,0,1,35,0,36,0,0,227,0,227,0,1,262,0,263,164,0,164,427
01/25/2020,SAC,CA,AWP,WE,Federal Contract Tower,0,0,42,0,42,0,2,90,0,92,0,2,132,0,134,90,0,90,224
01/26/2020,SAC,CA,AWP,WE,Federal Contract Tower,0,0,39,0,39,0,4,108,0,112,0,4,147,0,151,116,0,116,267
01/27/2020,SAC,CA,AWP,WE,Federal Contract Tower,0,1,47,0,48,0,2,190,0,192,0,3,237,0,240,180,0,180,420
01/28/2020,SAC,CA,AWP,WE,Federal Contract Tower,0,5,86,0,91,0,6,176,0,182,0,11,262,0,273,282,0,282,555
01/29/2020,SAC,CA,AWP,WE,Federal Contract Tower,0,0,46,4,50,0,2,174,4,180,0,2,220,8,230,134,0,134,364
01/30/2020,SAC,CA,AWP,WE,Federal Contract Tower,0,4,46,0,50,0,0,199,1,200,0,4,245,1,250,132,0,132,382
01/31/2020,SAC,CA,AWP,WE,Federal Contract Tower,0,0,43,0,43,0,0,296,0,296,0,0,339,0,339,144,0,144,483
02/01/2020,SAC,CA,AWP,WE,Federal Contract Tower,0,2,33,0,35,0,0,174,0,174,0,2,207,0,209,174,0,174,383
02/02/2020,SAC,CA,AWP,WE,Federal Contract Tower,0,2,19,0,21,0,1,50,1,52,0,3,69,1,73,12,0,12,85
02/03/2020,SAC,CA,AWP,WE,Federal Contract Tower,0,1,26,0,27,0,6,93,0,99,0,7,119,0,126,22,0,22,148
02/04/2020,SAC,CA,AWP,WE,Federal Contract Tower,0,1,35,0,36,0,2,142,1,145,0,3,177,1,181,74,0,74,255
02/05/2020,SAC,CA,AWP,WE,Federal Contract Tower,0,0,43,0,43,0,1,272,0,273,0,1,315,0,316,238,0,238,554
02/06/2020,SAC,CA,AWP,WE,Federal Contract Tower,0,6,47,0,53,0,2,273,0,275,0,8,320,0,328,168,0,168,496
02/07/2020,SAC,CA,AWP,WE,Federal Contract Tower,0,1,62,0,63,0,1,336,6,343,0,2,398,6,406,118,0,118,524
02/08/2020,SAC,CA,AWP,WE,Federal Contract Tower,0,0,51,0,51,0,1,179,0,180,0,1,230,0,231,40,0,40,271
02/09/2020,SAC,CA,AWP,WE,Federal Contract Tower,0,0,4,0,4,0,1,18,0,19,0,1,22,0,23,0,0,0,23
02/10/2020,SAC,CA,AWP,WE,Federal Contract Tower,0,2,27,0,29,0,5,108,0,113,0,7,135,0,142,6,0,6,148
02/11/2020,SAC,CA,AWP,WE,Federal Contract Tower,0,10,45,7,62,0,1,177,6,184,0,11,222,13,246,108,0,108,354
02/12/2020,SAC,CA,AWP,WE,Federal Contract Tower,0,3,58,0,61,0,4,272,0,276,0,7,330,0,337,112,0,112,449
02/13/2020,SAC,CA,AWP,WE,Federal Contract Tower,0,0,48,2,50,0,0,246,2,248,0,0,294,4,298,138,0,138,436
02/14/2020,SAC,CA,AWP,WE,Federal Contract Tower,0,0,42,0,42,0,2,233,0,235,0,2,275,0,277,80,0,80,357
02/15/2020,SAC,CA,AWP,WE,Federal Contract Tower,0,0,32,0,32,0,7,285,0,292,0,7,317,0,324,104,0,104,428
02/16/2020,SAC,CA,AWP,WE,Federal Contract Tower,0,1,37,0,38,0,4,136,0,140,0,5,173,0,178,68,0,68,246
02/17/2020,SAC,CA,AWP,WE,Federal Contract Tower,0,2,46,0,48,0,8,169,0,177,0,10,215,0,225,44,0,44,269
02/18/2020,SAC,CA,AWP,WE,Federal Contract Tower,0,3,36,0,39,0,2,193,0,195,0,5,229,0,234,170,0,170,404
02/19/2020,SAC,CA,AWP,WE,Federal Contract Tower,0,0,72,0,72,0,0,240,0,240,0,0,312,0,312,180,0,180,492
02/20/2020,SAC,CA,AWP,WE,Federal Contract Tower,0,7,44,0,51,0,3,240,0,243,0,10,284,0,294,246,0,246,540
02/21/2020,SAC,CA,AWP,WE,Federal Contract Tower,0,2,50,0,52,0,2,297,0,299,0,4,347,0,351,98,0,98,449
02/22/2020,SAC,CA,AWP,WE,Federal Contract Tower,0,2,32,0,34,0,0,218,0,218,0,2,250,0,252,116,0,116,368
02/23/2020,SAC,CA,AWP,WE,Federal Contract Tower,0,7,37,0,44,0,6,160,0,166,0,13,197,0,210,106,0,106,316
02/24/2020,SAC,CA,AWP,WE,Federal Contract Tower,0,2,23,0,25,0,5,140,0,145,0,7,163,0,170,46,0,46,216
02/25/2020,SAC,CA,AWP,WE,Federal Contract Tower,0,4,39,2,45,0,9,146,2,157,0,13,185,4,202,122,0,122,324
02/26/2020,SAC,CA,AWP,WE,Federal Contract Tower,0,4,74,0,78,0,12,263,0,275,0,16,337,0,353,178,0,178,531
02/27/2020,SAC,CA,AWP,WE,Federal Contract Tower,0,2,45,0,47,0,1,243,0,244,0,3,288,0,291,234,0,234,525
02/28/2020,SAC,CA,AWP,WE,Federal Contract Tower,0,0,67,0,67,0,2,265,0,267,0,2,332,0,334,104,0,104,438
02/29/2020,SAC,CA,AWP,WE,Federal Contract Tower,0,0,55,0,55,0,0,175,0,175,0,0,230,0,230,58,0,58,288
03/01/2020,SAC,CA,AWP,WE,Federal Contract Tower,0,2,17,0,19,0,0,65,0,65,0,2,82,0,84,16,0,16,100
03/02/2020,SAC,CA,AWP,WE,Federal Contract Tower,0,8,17,0,25,0,4,64,0,68,0,12,81,0,93,4,0,4,97
03/03/2020,SAC,CA,AWP,WE,Federal Contract Tower,0,4,58,0,62,0,5,196,0,201,0,9,254,0,263,190,0,190,453
03/04/2020,SAC,CA,AWP,WE,Federal Contract Tower,0,3,74,0,77,0,1,273,0,274,0,4,347,0,351,156,0,156,507
03/05/2020,SAC,CA,AWP,WE,Federal Contract Tower,0,8,47,0,55,0,7,246,0,253,0,15,293,0,308,56,16,72,380
03/06/2020,SAC,CA,AWP,WE,Federal Contract Tower,0,3,62,0,65,0,2,223,0,225,0,5,285,0,290,44,0,44,334
03/07/2020,SAC,CA,AWP,WE,Federal Contract Tower,0,4,21,0,25,0,0,58,0,58,0,4,79,0,83,16,0,16,99
03/08/2020,SAC,CA,AWP,WE,Federal Contract Tower,0,6,38,0,44,0,4,94,0,98,0,10,132,0,142,46,0,46,188
03/09/2020,SAC,CA,AWP,WE,Federal Contract Tower,0,2,58,0,60,0,2,189,0,191,0,4,247,0,251,144,0,144,395
03/10/2020,SAC,CA,AWP,WE,Federal Contract Tower,0,2,60,4,66,0,11,180,4,195,0,13,240,8,261,80,0,80,341
03/11/2020,SAC,CA,AWP,WE,Federal Contract Tower,0,7,54,0,61,0,7,264,0,271,0,14,318,0,332,160,0,160,492
03/12/2020,SAC,CA,AWP,WE,Federal Contract Tower,0,2,51,0,53,0,1,221,0,222,0,3,272,0,275,142,0,142,417
03/13/2020,SAC,CA,AWP,WE,Federal Contract Tower,0,0,57,1,58,0,1,181,1,183,0,1,238,2,241,26,0,26,267
03/14/2020,SAC,CA,AWP,WE,Federal Contract Tower,0,0,23,0,23,0,0,33,0,33,0,0,56,0,56,30,0,30,86
03/15/2020,SAC,CA,AWP,WE,Federal Contract Tower,0,0,14,0,14,0,1,19,0,20,0,1,33,0,34,16,0,16,50
03/16/2020,SAC,CA,AWP,WE,Federal Contract Tower,0,1,19,0,20,0,2,13,0,15,0,3,32,0,35,18,0,18,53
03/17/2020,SAC,CA,AWP,WE,Federal Contract Tower,0,1,30,1,32,0,5,80,0,85,0,6,110,1,117,162,0,162,279
03/18/2020,SAC,CA,AWP,WE,Federal Contract Tower,0,3,38,1,42,0,3,92,0,95,0,6,130,1,137,0,0,0,137
03/19/2020,SAC,CA,AWP,WE,Federal Contract Tower,0,5,30,0,35,0,6,132,0,138,0,11,162,0,173,2,0,2,175
03/20/2020,SAC,CA,AWP,WE,Federal Contract Tower,0,1,13,0,14,0,0,53,0,53,0,1,66,0,67,4,0,4,71
03/21/2020,SAC,CA,AWP,WE,Federal Contract Tower,0,0,24,0,24,0,3,61,0,64,0,3,85,0,88,8,0,8,96
03/22/2020,SAC,CA,AWP,WE,Federal Contract Tower,0,2,18,0,20,0,6,53,0,59,0,8,71,0,79,6,0,6,85
03/23/2020,SAC,CA,AWP,WE,Federal Contract Tower,0,2,1,0,3,0,0,17,0,17,0,2,18,0,20,0,0,0,20
03/24/2020,SAC,CA,AWP,WE,Federal Contract Tower,0,0,4,0,4,0,1,17,0,18,0,1,21,0,22,0,0,0,22
03/25/2020,SAC,CA,AWP,WE,Federal Contract Tower,0,1,9,0,10,0,0,32,0,32,0,1,41,0,42,2,0,2,44
03/26/2020,SAC,CA,AWP,WE,Federal Contract Tower,0,5,9,0,14,0,7,80,0,87,0,12,89,0,101,2,0,2,103
03/27/2020,SAC,CA,AWP,WE,Federal Contract Tower,0,0,10,0,10,0,1,48,1,50,0,1,58,1,60,0,0,0,60
03/28/2020,SAC,CA,AWP,WE,Federal Contract Tower,0,0,25,0,25,0,2,37,0,39,0,2,62,0,64,0,0,0,64
03/29/2020,SAC,CA,AWP,WE,Federal Contract Tower,0,2,13,0,15,0,2,21,0,23,0,4,34,0,38,0,0,0,38
03/30/2020,SAC,CA,AWP,WE,Federal Contract Tower,0,0,18,1,19,0,6,34,0,40,0,6,52,1,59,0,0,0,59
03/31/2020,SAC,CA,AWP,WE,Federal Contract Tower,0,0,4,2,6,0,0,49,2,51,0,0,53,4,57,0,0,0,57
04/01/2020,SAC,CA,AWP,WE,Federal Contract Tower,0,1,17,2,20,0,0,59,2,61,0,1,76,4,81,0,0,0,81
04/02/2020,SAC,CA,AWP,WE,Federal Contract Tower,0,0,13,0,13,0,5,49,0,54,0,5,62,0,67,0,0,0,67
04/03/2020,SAC,CA,AWP,WE,Federal Contract Tower,0,0,24,0,24,0,0,88,0,88,0,0,112,0,112,4,0,4,116
04/04/2020,SAC,CA,AWP,WE,Federal Contract Tower,0,0,9,2,11,0,0,6,1,7,0,0,15,3,18,0,0,0,18
04/05/2020,SAC,CA,AWP,WE,Federal Contract Tower,0,0,4,0,4,0,0,2,0,2,0,0,6,0,6,0,0,0,6
04/06/2020,SAC,CA,AWP,WE,Federal Contract Tower,0,0,6,0,6,0,8,18,0,26,0,8,24,0,32,0,0,0,32
04/07/2020,SAC,CA,AWP,WE,Federal Contract Tower,0,0,12,0,12,0,4,58,0,62,0,4,70,0,74,6,0,6,80
04/08/2020,SAC,CA,AWP,WE,Federal Contract Tower,0,0,17,4,21,0,4,62,4,70,0,4,79,8,91,2,0,2,93
04/09/2020,SAC,CA,AWP,WE,Federal Contract Tower,0,1,12,0,13,0,2,31,0,33,0,3,43,0,46,8,0,8,54
04/10/2020,SAC,CA,AWP,WE,Federal Contract Tower,0,3,17,0,20,0,5,64,0,69,0,8,81,0,89,10,0,10,99
04/11/2020,SAC,CA,AWP,WE,Federal Contract Tower,0,0,22,0,22,0,0,51,0,51,0,0,73,0,73,8,0,8,81
04/12/2020,SAC,CA,AWP,WE,Federal Contract Tower,0,0,20,0,20,0,0,42,0,42,0,0,62,0,62,4,0,4,66
04/13/2020,SAC,CA,AWP,WE,Federal Contract Tower,0,0,24,0,24,0,6,79,0,85,0,6,103,0,109,0,0,0,109
04/14/2020,SAC,CA,AWP,WE,Federal Contract Tower,0,4,13,0,17,0,12,82,0,94,0,16,95,0,111,0,0,0,111
04/15/2020,SAC,CA,AWP,WE,Federal Contract Tower,0,2,7,0,9,0,0,75,2,77,0,2,82,2,86,0,0,0,86
04/16/2020,SAC,CA,AWP,WE,Federal Contract Tower,0,0,20,2,22,0,2,84,2,88,0,2,104,4,110,8,0,8,118
04/17/2020,SAC,CA,AWP,WE,Federal Contract Tower,0,0,26,0,26,0,1,85,0,86,0,1,111,0,112,10,8,18,130
04/18/2020,SAC,CA,AWP,WE,Federal Contract Tower,0,0,18,0,18,0,3,86,0,89,0,3,104,0,107,16,0,16,123
04/19/2020,SAC,CA,AWP,WE,Federal Contract Tower,0,0,21,0,21,0,0,57,0,57,0,0,78,0,78,0,0,0,78
04/20/2020,SAC,CA,AWP,WE,Federal Contract Tower,0,2,12,0,14,0,6,73,0,79,0,8,85,0,93,0,0,0,93
04/21/2020,SAC,CA,AWP,WE,Federal Contract Tower,0,6,18,0,24,0,4,95,0,99,0,10,113,0,123,0,0,0,123
04/22/2020,SAC,CA,AWP,WE,Federal Contract Tower,0,2,12,0,14,0,6,121,0,127,0,8,133,0,141,94,0,94,235
04/23/2020,SAC,CA,AWP,WE,Federal Contract Tower,0,2,30,0,32,0,4,113,0,117,0,6,143,0,149,12,0,12,161
04/24/2020,SAC,CA,AWP,WE,Federal Contract Tower,0,0,14,0,14,0,1,112,3,116,0,1,126,3,130,20,8,28,158
04/25/2020,SAC,CA,AWP,WE,Federal Contract Tower,0,1,26,0,27,0,7,88,0,95,0,8,114,0,122,32,0,32,154
04/26/2020,SAC,CA,AWP,WE,Federal Contract Tower,0,1,18,0,19,0,7,96,0,103,0,8,114,0,122,30,0,30,152
04/27/2020,SAC,CA,AWP,WE,Federal Contract Tower,0,0,21,0,21,0,5,102,0,107,0,5,123,0,128,20,12,32,160
04/28/2020,SAC,CA,AWP,WE,Federal Contract Tower,0,0,29,0,29,0,2,122,0,124,0,2,151,0,153,10,0,10,163
04/29/2020,SAC,CA,AWP,WE,Federal Contract Tower,0,2,43,0,45,0,5,110,0,115,0,7,153,0,160,66,33,99,259
04/30/2020,SAC,CA,AWP,WE,Federal Contract Tower,0,0,12,0,12,0,4,106,0,110,0,4,118,0,122,88,2,90,212
05/01/2020,SAC,CA,AWP,WE,Federal Contract Tower,0,0,19,0,19,0,4,160,2,166,0,4,179,2,185,74,0,74,259
05/02/2020,SAC,CA,AWP,WE,Federal Contract Tower,0,0,8,0,8,0,0,102,0,102,0,0,110,0,110,58,0,58,168
05/03/2020,SAC,CA,AWP,WE,Federal Contract Tower,0,1,39,0,40,0,2,129,0,131,0,3,168,0,171,20,0,20,191
05/04/2020,SAC,CA,AWP,WE,Federal Contract Tower,0,0,22,0,22,0,4,118,0,122,0,4,140,0,144,88,18,106,250
05/05/2020,SAC,CA,AWP,WE,Federal Contract Tower,0,0,35,2,37,0,4,135,0,139,0,4,170,2,176,64,0,64,240
05/06/2020,SAC,CA,AWP,WE,Federal Contract Tower,0,3,25,4,32,0,2,102,4,108,0,5,127,8,140,92,0,92,232
05/07/2020,SAC,CA,AWP,WE,Federal Contract Tower,0,1,16,0,17,0,3,148,0,151,0,4,164,0,168,125,0,125,293
05/08/2020,SAC,CA,AWP,WE,Federal Contract Tower,0,0,52,0,52,0,2,173,0,175,0,2,225,0,227,27,0,27,254
05/09/2020,SAC,CA,AWP,WE,Federal Contract Tower,0,0,10,0,10,0,0,102,2,104,0,0,112,2,114,4,0,4,118
05/10/2020,SAC,CA,AWP,WE,Federal Contract Tower,0,4,12,0,16,0,4,47,0,51,0,8,59,0,67,12,0,12,79
05/11/2020,SAC,CA,AWP,WE,Federal Contract Tower,0,0,25,0,25,0,5,102,0,107,0,5,127,0,132,78,0,78,210
05/12/2020,SAC,CA,AWP,WE,Federal Contract Tower,0,5,25,2,32,0,8,80,0,88,0,13,105,2,120,154,0,154,274
05/13/2020,SAC,CA,AWP,WE,Federal Contract Tower,0,0,16,0,16,0,3,131,0,134,0,3,147,0,150,106,8,114,264
05/14/2020,SAC,CA,AWP,WE,Federal Contract Tower,0,0,6,1,7,0,2,120,0,122,0,2,126,1,129,126,0,126,255
05/15/2020,SAC,CA,AWP,WE,Federal Contract Tower,0,0,36,2,38,0,5,180,3,188,0,5,216,5,226,112,0,112,338
05/16/2020,SAC,CA,AWP,WE,Federal Contract Tower,0,0,15,0,15,0,2,126,0,128,0,2,141,0,143,42,0,42,185
05/17/2020,SAC,CA,AWP,WE,Federal Contract Tower,0,0,26,0,26,0,0,13,0,13,0,0,39,0,39,12,0,12,51
05/18/2020,SAC,CA,AWP,WE,Federal Contract Tower,0,2,29,0,31,0,0,73,0,73,0,2,102,0,104,102,0,102,206
05/19/2020,SAC,CA,AWP,WE,Federal Contract Tower,0,0,49,0,49,0,2,153,0,155,0,2,202,0,204,154,0,154,358
05/20/2020,SAC,CA,AWP,WE,Federal Contract Tower,0,2,39,0,41,0,2,203,0,205,0,4,242,0,246,66,0,66,312
05/21/2020,SAC,CA,AWP,WE,Federal Contract Tower,0,0,30,2,32,0,3,203,2,208,0,3,233,4,240,22,0,22,262
05/22/2020,SAC,CA,AWP,WE,Federal Contract Tower,0,3,46,0,49,0,6,192,0,198,0,9,238,0,247,22,0,22,269
05/23/2020,SAC,CA,AWP,WE,Federal Contract Tower,0,4,39,0,43,0,5,133,0,138,0,9,172,0,181,36,0,36,217
05/24/2020,SAC,CA,AWP,WE,Federal Contract Tower,0,4,22,0,26,0,7,113,0,120,0,11,135,0,146,48,0,48,194
05/25/2020,SAC,CA,AWP,WE,Federal Contract Tower,0,2,22,0,24,0,11,153,0,164,0,13,175,0,188,70,0,70,258
05/26/2020,SAC,CA,AWP,WE,Federal Contract Tower,0,0,26,0,26,0,0,138,0,138,0,0,164,0,164,74,0,74,238
05/27/2020,SAC,CA,AWP,WE,Federal Contract Tower,0,1,32,2,35,0,2,148,2,152,0,3,180,4,187,104,0,104,291
05/28/2020,SAC,CA,AWP,WE,Federal Contract Tower,0,0,41,0,41,0,0,170,0,170,0,0,211,0,211,100,0,100,311
05/29/2020,SAC,CA,AWP,WE,Federal Contract Tower,0,0,39,0,39,0,2,171,0,173,0,2,210,0,212,70,0,70,282
05/30/2020,SAC,CA,AWP,WE,Federal Contract Tower,0,6,15,0,21,0,1,60,0,61,0,7,75,0,82,36,0,36,118
05/31/2020,SAC,CA,AWP,WE,Federal Contract Tower,0,0,29,0,29,0,1,135,0,136,0,1,164,0,165,84,0,84,249
06/01/2020,SAC,CA,AWP,WE,Federal Contract Tower,0,1,33,0,34,0,0,146,0,146,0,1,179,0,180,118,0,118,298
06/02/2020,SAC,CA,AWP,WE,Federal Contract Tower,0,6,36,0,42,0,8,162,0,170,0,14,198,0,212,140,0,140,352
06/03/2020,SAC,CA,AWP,WE,Federal Contract Tower,0,4,33,0,37,0,6,175,0,181,0,10,208,0,218,91,0,91,309
06/04/2020,SAC,CA,AWP,WE,Federal Contract Tower,0,0,30,0,30,0,3,163,0,166,0,3,193,0,196,120,0,120,316
06/05/2020,SAC,CA,AWP,WE,Federal Contract Tower,0,3,36,0,39,0,4,133,0,137,0,7,169,0,176,17,0,17,193
06/07/2020,SAC,CA,AWP,WE,Federal Contract Tower,0,1,23,2,26,0,5,121,0,126,0,6,144,2,152,110,0,110,262
06/08/2020,SAC,CA,AWP,WE,Federal Contract Tower,0,1,45,0,46,0,0,156,0,156,0,1,201,0,202,64,0,64,266
06/09/2020,SAC,CA,AWP,WE,Federal Contract Tower,0,1,45,0,46,0,1,219,0,220,0,2,264,0,266,142,0,142,408
06/10/2020,SAC,CA,AWP,WE,Federal Contract Tower,0,0,42,0,42,0,2,204,0,206,0,2,246,0,248,134,0,134,382
06/11/2020,SAC,CA,AWP,WE,Federal Contract Tower,0,0,53,0,53,0,0,205,0,205,0,0,258,0,258,126,0,126,384
06/12/2020,SAC,CA,AWP,WE,Federal Contract Tower,0,2,24,0,26,0,2,138,0,140,0,4,162,0,166,106,0,106,272
06/13/2020,SAC,CA,AWP,WE,Federal Contract Tower,0,0,28,0,28,0,0,180,0,180,0,0,208,0,208,144,0,144,352
06/14/2020,SAC,CA,AWP,WE,Federal Contract Tower,0,0,18,0,18,0,2,136,0,138,0,2,154,0,156,103,0,103,259
06/15/2020,SAC,CA,AWP,WE,Federal Contract Tower,0,0,19,0,19,0,0,155,0,155,0,0,174,0,174,164,0,164,338
06/16/2020,SAC,CA,AWP,WE,Federal Contract Tower,0,4,44,2,50,0,10,190,2,202,0,14,234,4,252,126,0,126,378
06/17/2020,SAC,CA,AWP,WE,Federal Contract Tower,0,2,37,0,39,0,5,118,0,123,0,7,155,0,162,32,0,32,194
06/18/2020,SAC,CA,AWP,WE,Federal Contract Tower,0,2,63,0,65,0,1,191,0,192,0,3,254,0,257,146,0,146,403
06/19/2020,SAC,CA,AWP,WE,Federal Contract Tower,0,0,35,0,35,0,0,170,0,170,0,0,205,0,205,106,0,106,311
06/20/2020,SAC,CA,AWP,WE,Federal Contract Tower,0,0,28,1,29,0,0,179,2,181,0,0,207,3,210,82,0,82,292
06/21/2020,SAC,CA,AWP,WE,Federal Contract Tower,0,0,17,0,17,0,4,103,0,107,0,4,120,0,124,82,0,82,206
06/22/2020,SAC,CA,AWP,WE,Federal Contract Tower,0,0,28,0,28,0,1,155,0,156,0,1,183,0,184,86,0,86,270
06/23/2020,SAC,CA,AWP,WE,Federal Contract Tower,0,0,38,0,38,0,0,125,0,125,0,0,163,0,163,120,0,120,283
06/24/2020,SAC,CA,AWP,WE,Federal Contract Tower,0,0,54,0,54,0,0,190,2,192,0,0,244,2,246,146,0,146,392
06/25/2020,SAC,CA,AWP,WE,Federal Contract Tower,0,1,50,0,51,0,0,180,0,180,0,1,230,0,231,124,0,124,355
06/26/2020,SAC,CA,AWP,WE,Federal Contract Tower,0,0,36,0,36,0,0,196,0,196,0,0,232,0,232,88,0,88,320
06/27/2020,SAC,CA,AWP,WE,Federal Contract Tower,0,1,33,0,34,0,1,162,0,163,0,2,195,0,197,54,0,54,251
06/28/2020,SAC,CA,AWP,WE,Federal Contract Tower,0,1,9,0,10,0,0,80,0,80,0,1,89,0,90,54,0,54,144
06/29/2020,SAC,CA,AWP,WE,Federal Contract Tower,0,0,31,0,31,0,4,140,0,144,0,4,171,0,175,112,0,112,287
06/30/2020,SAC,CA,AWP,WE,Federal Contract Tower,0,0,39,0,39,0,7,215,0,222,0,7,254,0,261,166,0,166,427
07/01/2020,SAC,CA,AWP,WE,Federal Contract Tower,0,0,20,2,22,0,0,200,0,200,0,0,220,2,222,142,0,142,364
07/02/2020,SAC,CA,AWP,WE,Federal Contract Tower,0,0,28,0,28,0,1,169,0,170,0,1,197,0,198,136,0,136,334
07/03/2020,SAC,CA,AWP,WE,Federal Contract Tower,0,0,30,6,36,0,0,165,9,174,0,0,195,15,210,114,0,114,324
07/04/2020,SAC,CA,AWP,WE,Federal Contract Tower,0,0,16,0,16,0,0,125,0,125,0,0,141,0,141,24,0,24,165
07/05/2020,SAC,CA,AWP,WE,Federal Contract Tower,0,0,33,0,33,0,2,104,0,106,0,2,137,0,139,10,0,10,149
07/06/2020,SAC,CA,AWP,WE,Federal Contract Tower,0,2,15,0,17,0,6,122,0,128,0,8,137,0,145,110,0,110,255
07/07/2020,SAC,CA,AWP,WE,Federal Contract Tower,0,1,27,0,28,0,0,152,0,152,0,1,179,0,180,90,0,90,270
07/08/2020,SAC,CA,AWP,WE,Federal Contract Tower,0,1,23,0,24,0,1,151,1,153,0,2,174,1,177,112,0,112,289
07/09/2020,SAC,CA,AWP,WE,Federal Contract Tower,0,3,43,0,46,0,1,191,0,192,0,4,234,0,238,96,0,96,334
07/10/2020,SAC,CA,AWP,WE,Federal Contract Tower,0,0,18,0,18,0,0,182,0,182,0,0,200,0,200,168,0,168,368
07/11/2020,SAC,CA,AWP,WE,Federal Contract Tower,0,1,23,0,24,0,0,122,3,125,0,1,145,3,149,34,4,38,187
07/12/2020,SAC,CA,AWP,WE,Federal Contract Tower,0,2,35,0,37,0,3,127,0,130,0,5,162,0,167,28,0,28,195
07/13/2020,SAC,CA,AWP,WE,Federal Contract Tower,0,2,21,0,23,0,3,136,0,139,0,5,157,0,162,110,0,110,272
07/14/2020,SAC,CA,AWP,WE,Federal Contract Tower,0,0,38,0,38,0,1,156,0,157,0,1,194,0,195,78,0,78,273
07/15/2020,SAC,CA,AWP,WE,Federal Contract Tower,0,0,47,0,47,0,3,205,0,208,0,3,252,0,255,158,0,158,413
07/16/2020,SAC,CA,AWP,WE,Federal Contract Tower,0,2,29,0,31,0,2,186,1,189,0,4,215,1,220,178,0,178,398
07/17/2020,SAC,CA,AWP,WE,Federal Contract Tower,0,3,30,0,33,0,0,186,0,186,0,3,216,0,219,159,0,159,378
07/18/2020,SAC,CA,AWP,WE,Federal Contract Tower,0,0,36,0,36,0,0,163,0,163,0,0,199,0,199,86,0,86,285
07/19/2020,SAC,CA,AWP,WE,Federal Contract Tower,0,0,23,0,23,0,2,121,0,123,0,2,144,0,146,72,0,72,218
07/20/2020,SAC,CA,AWP,WE,Federal Contract Tower,0,0,18,0,18,0,5,156,0,161,0,5,174,0,179,110,0,110,289
07/21/2020,SAC,CA,AWP,WE,Federal Contract Tower,0,0,45,2,47,0,6,168,2,176,0,6,213,4,223,176,0,176,399
07/22/2020,SAC,CA,AWP,WE,Federal Contract Tower,0,2,29,0,31,0,0,188,0,188,0,2,217,0,219,124,0,124,343
07/23/2020,SAC,CA,AWP,WE,Federal Contract Tower,0,0,40,0,40,0,5,185,0,190,0,5,225,0,230,96,0,96,326
07/24/2020,SAC,CA,AWP,WE,Federal Contract Tower,0,0,44,0,44,0,0,211,0,211,0,0,255,0,255,132,0,132,387
07/25/2020,SAC,CA,AWP,WE,Federal Contract Tower,0,0,23,0,23,0,3,165,0,168,0,3,188,0,191,76,0,76,267
07/26/2020,SAC,CA,AWP,WE,Federal Contract Tower,0,1,32,0,33,0,1,144,0,145,0,2,176,0,178,42,0,42,220
07/27/2020,SAC,CA,AWP,WE,Federal Contract Tower,0,1,24,0,25,0,6,156,0,162,0,7,180,0,187,76,0,76,263
07/28/2020,SAC,CA,AWP,WE,Federal Contract Tower,0,1,27,0,28,0,1,156,0,157,0,2,183,0,185,144,0,144,329
07/29/2020,SAC,CA,AWP,WE,Federal Contract Tower,0,3,42,0,45,0,4,164,0,168,0,7,206,0,213,72,0,72,285
07/30/2020,SAC,CA,AWP,WE,Federal Contract Tower,0,1,46,0,47,0,0,167,0,167,0,1,213,0,214,58,0,58,272
07/31/2020,SAC,CA,AWP,WE,Federal Contract Tower,0,0,32,0,32,0,1,195,2,198,0,1,227,2,230,97,0,97,327
08/02/2020,SAC,CA,AWP,WE,Federal Contract Tower,0,0,14,0,14,0,9,88,0,97,0,9,102,0,111,14,0,14,125
08/03/2020,SAC,CA,AWP,WE,Federal Contract Tower,0,0,39,0,39,0,3,165,0,168,0,3,204,0,207,116,0,116,323
08/04/2020,SAC,CA,AWP,WE,Federal Contract Tower,0,0,29,0,29,0,0,132,0,132,0,0,161,0,161,108,0,108,269
08/05/2020,SAC,CA,AWP,WE,Federal Contract Tower,0,0,14,2,16,0,4,109,0,113,0,4,123,2,129,42,0,42,171
08/06/2020,SAC,CA,AWP,WE,Federal Contract Tower,0,0,59,0,59,0,0,163,2,165,0,0,222,2,224,114,0,114,338
08/07/2020,SAC,CA,AWP,WE,Federal Contract Tower,0,0,34,0,34,0,26,18,0,44,0,26,52,0,78,230,0,230,308
08/08/2020,SAC,CA,AWP,WE,Federal Contract Tower,0,3,28,0,31,0,17,134,0,151,0,20,162,0,182,112,0,112,294
08/09/2020,SAC,CA,AWP,WE,Federal Contract Tower,0,1,50,0,51,0,3,156,0,159,0,4,206,0,210,70,0,70,280
08/10/2020,SAC,CA,AWP,WE,Federal Contract Tower,0,0,29,0,29,0,5,129,0,134,0,5,158,0,163,140,0,140,303
08/11/2020,SAC,CA,AWP,WE,Federal Contract Tower,0,0,44,0,44,0,1,160,0,161,0,1,204,0,205,134,0,134,339
08/12/2020,SAC,CA,AWP,WE,Federal Contract Tower,0,0,44,0,44,0,0,170,0,170,0,0,214,0,214,156,0,156,370
08/13/2020,SAC,CA,AWP,WE,Federal Contract Tower,0,0,48,1,49,0,2,184,1,187,0,2,232,2,236,160,6,166,402
08/14/2020,SAC,CA,AWP,WE,Federal Contract Tower,0,0,38,0,38,0,0,132,0,132,0,0,170,0,170,116,0,116,286
08/15/2020,SAC,CA,AWP,WE,Federal Contract Tower,0,1,19,0,20,0,2,116,0,118,0,3,135,0,138,54,0,54,192
08/16/2020,SAC,CA,AWP,WE,Federal Contract Tower,0,0,13,0,13,0,3,68,0,71,0,3,81,0,84,44,0,44,128
08/17/2020,SAC,CA,AWP,WE,Federal Contract Tower,0,9,27,0,36,0,12,113,0,125,0,21,140,0,161,84,2,86,247
08/18/2020,SAC,CA,AWP,WE,Federal Contract Tower,0,4,34,0,38,0,1,123,0,124,0,5,157,0,162,90,0,90,252
08/19/2020,SAC,CA,AWP,WE,Federal Contract Tower,0,6,23,0,29,0,3,99,0,102,0,9,122,0,131,104,0,104,235
08/20/2020,SAC,CA,AWP,WE,Federal Contract Tower,0,1,23,2,26,0,0,14,0,14,0,1,37,2,40,0,0,0,40
08/21/2020,SAC,CA,AWP,WE,Federal Contract Tower,0,0,41,0,41,0,0,36,0,36,0,0,77,0,77,36,0,36,113
08/22/2020,SAC,CA,AWP,WE,Federal Contract Tower,0,1,24,0,25,0,0,47,0,47,0,1,71,0,72,82,0,82,154
08/23/2020,SAC,CA,AWP,WE,Federal Contract Tower,0,0,33,0,33,0,1,22,0,23,0,1,55,0,56,52,0,52,108
08/24/2020,SAC,CA,AWP,WE,Federal Contract Tower,0,0,17,0,17,0,0,8,0,8,0,0,25,0,25,4,0,4,29
08/25/2020,SAC,CA,AWP,WE,Federal Contract Tower,0,0,31,0,31,0,0,72,0,72,0,0,103,0,103,144,0,144,247
08/26/2020,SAC,CA,AWP,WE,Federal Contract Tower,0,0,50,0,50,0,3,156,0,159,0,3,206,0,209,188,0,188,397
08/27/2020,SAC,CA,AWP,WE,Federal Contract Tower,0,6,67,0,73,0,2,205,0,207,0,8,272,0,280,126,0,126,406
08/28/2020,SAC,CA,AWP,WE,Federal Contract Tower,0,2,62,0,64,0,1,212,0,213,0,3,274,0,277,0,142,142,419
08/29/2020,SAC,CA,AWP,WE,Federal Contract Tower,0,0,55,1,56,0,0,134,0,134,0,0,189,1,190,112,0,112,302
08/30/2020,SAC,CA,AWP,WE,Federal Contract Tower,0,0,42,0,42,0,0,5,0,5,0,0,47,0,47,0,0,0,47
08/31/2020,SAC,CA,AWP,WE,Federal Contract Tower,0,0,68,0,68,0,4,44,0,48,0,4,112,0,116,10,0,10,126
09/01/2020,SAC,CA,AWP,WE,Federal Contract Tower,0,3,66,0,69,0,0,90,0,90,0,3,156,0,159,90,0,90,249
09/02/2020,SAC,CA,AWP,WE,Federal Contract Tower,0,0,58,0,58,0,0,208,0,208,0,0,266,0,266,178,0,178,444
09/03/2020,SAC,CA,AWP,WE,Federal Contract Tower,0,0,48,4,52,0,0,243,4,247,0,0,291,8,299,126,2,128,427
09/04/2020,SAC,CA,AWP,WE,Federal Contract Tower,0,0,59,0,59,0,0,189,0,189,0,0,248,0,248,112,0,112,360
09/05/2020,SAC,CA,AWP,WE,Federal Contract Tower,0,0,41,0,41,0,0,172,0,172,0,0,213,0,213,42,0,42,255
09/06/2020,SAC,CA,AWP,WE,Federal Contract Tower,0,1,34,0,35,0,0,14,0,14,0,1,48,0,49,4,0,4,53
09/07/2020,SAC,CA,AWP,WE,Federal Contract Tower,0,1,21,0,22,0,6,70,0,76,0,7,91,0,98,46,0,46,144
09/08/2020,SAC,CA,AWP,WE,Federal Contract Tower,0,0,21,0,21,0,0,1,0,1,0,0,22,0,22,0,0,0,22
09/09/2020,SAC,CA,AWP,WE,Federal Contract Tower,0,1,24,1,26,0,4,86,2,92,0,5,110,3,118,71,0,71,189
09/10/2020,SAC,CA,AWP,WE,Federal Contract Tower,0,2,42,0,44,0,0,65,0,65,0,2,107,0,109,66,0,66,175
09/11/2020,SAC,CA,AWP,WE,Federal Contract Tower,0,2,35,0,37,0,0,3,0,3,0,2,38,0,40,0,0,0,40
09/12/2020,SAC,CA,AWP,WE,Federal Contract Tower,0,1,36,0,37,0,0,0,0,0,0,1,36,0,37,0,0,0,37
09/13/2020,SAC,CA,AWP,WE,Federal Contract Tower,0,0,25,0,25,0,0,0,0,0,0,0,25,0,25,0,0,0,25
09/14/2020,SAC,CA,AWP,WE,Federal Contract Tower,0,4,16,0,20,0,0,8,0,8,0,4,24,0,28,0,0,0,28
09/15/2020,SAC,CA,AWP,WE,Federal Contract Tower,0,2,45,0,47,0,0,107,0,107,0,2,152,0,154,220,0,220,374
09/16/2020,SAC,CA,AWP,WE,Federal Contract Tower,0,2,51,0,53,0,0,0,0,0,0,2,51,0,53,100,18,118,171
09/17/2020,SAC,CA,AWP,WE,Federal Contract Tower,0,0,54,0,54,0,2,158,1,161,0,2,212,1,215,80,0,80,295
09/18/2020,SAC,CA,AWP,WE,Federal Contract Tower,0,0,31,0,31,0,3,188,0,191,0,3,219,0,222,76,0,76,298
09/19/2020,SAC,CA,AWP,WE,Federal Contract Tower,0,0,36,1,37,0,0,163,1,164,0,0,199,2,201,70,0,70,271
09/20/2020,SAC,CA,AWP,WE,Federal Contract Tower,0,2,32,0,34,0,0,126,0,126,0,2,158,0,160,78,0,78,238
09/21/2020,SAC,CA,AWP,WE,Federal Contract Tower,0,1,46,0,47,0,4,168,0,172,0,5,214,0,219,154,0,154,373
09/22/2020,SAC,CA,AWP,WE,Federal Contract Tower,0,0,33,0,33,0,0,166,2,168,0,0,199,2,201,64,14,78,279
09/23/2020,SAC,CA,AWP,WE,Federal Contract Tower,0,3,35,2,40,0,4,223,2,229,0,7,258,4,269,130,0,130,399
09/24/2020,SAC,CA,AWP,WE,Federal Contract Tower,0,2,54,2,58,0,4,225,3,232,0,6,279,5,290,192,0,192,482
09/25/2020,SAC,CA,AWP,WE,Federal Contract Tower,0,0,51,0,51,0,2,215,0,217,0,2,266,0,268,112,0,112,380
09/26/2020,SAC,CA,AWP,WE,Federal Contract Tower,0,0,21,0,21,0,0,167,0,167,0,0,188,0,188,102,0,102,290
09/27/2020,SAC,CA,AWP,WE,Federal Contract Tower,0,0,51,0,51,0,6,109,0,115,0,6,160,0,166,10,0,10,176
09/28/2020,SAC,CA,AWP,WE,Federal Contract Tower,0,0,33,0,33,0,1,130,0,131,0,1,163,0,164,78,0,78,242
09/29/2020,SAC,CA,AWP,WE,Federal Contract Tower,0,1,58,0,59,0,0,168,1,169,0,1,226,1,228,172,12,184,412
09/30/2020,SAC,CA,AWP,WE,Federal Contract Tower,0,1,49,0,50,0,0,60,2,62,0,1,109,2,112,28,0,28,140
10/01/2020,SAC,CA,AWP,WE,Federal Contract Tower,0,3,56,0,59,0,0,63,0,63,0,3,119,0,122,118,0,118,240
10/02/2020,SAC,CA,AWP,WE,Federal Contract Tower,0,0,66,1,67,0,0,69,0,69,0,0,135,1,136,70,0,70,206
10/03/2020,SAC,CA,AWP,WE,Federal Contract Tower,0,0,57,0,57,0,0,25,0,25,0,0,82,0,82,0,0,0,82
10/04/2020,SAC,CA,AWP,WE,Federal Contract Tower,0,2,37,0,39,0,3,93,0,96,0,5,130,0,135,68,0,68,203
10/05/2020,SAC,CA,AWP,WE,Federal Contract Tower,0,0,49,0,49,0,8,164,0,172,0,8,213,0,221,198,0,198,419
10/06/2020,SAC,CA,AWP,WE,Federal Contract Tower,0,2,45,0,47,0,5,193,0,198,0,7,238,0,245,160,0,160,405
10/07/2020,SAC,CA,AWP,WE,Federal Contract Tower,0,3,63,0,66,0,2,233,0,235,0,5,296,0,301,178,0,178,479
10/08/2020,SAC,CA,AWP,WE,Federal Contract Tower,0,0,59,0,59,0,1,189,0,190,0,1,248,0,249,218,0,218,467
10/09/2020,SAC,CA,AWP,WE,Federal Contract Tower,0,0,31,0,31,0,0,160,0,160,0,0,191,0,191,148,0,148,339
10/10/2020,SAC,CA,AWP,WE,Federal Contract Tower,0,1,37,0,38,0,1,132,0,133,0,2,169,0,171,40,0,40,211
10/11/2020,SAC,CA,AWP,WE,Federal Contract Tower,0,1,10,0,11,0,0,68,0,68,0,1,78,0,79,0,0,0,79
10/12/2020,SAC,CA,AWP,WE,Federal Contract Tower,0,1,40,0,41,0,6,207,0,213,0,7,247,0,254,18,0,18,272
10/13/2020,SAC,CA,AWP,WE,Federal Contract Tower,0,0,31,0,31,0,7,152,0,159,0,7,183,0,190,182,0,182,372
10/14/2020,SAC,CA,AWP,WE,Federal Contract Tower,0,0,59,0,59,0,0,138,0,138,0,0,197,0,197,124,0,124,321
10/15/2020,SAC,CA,AWP,WE,Federal Contract Tower,0,0,47,0,47,0,0,178,0,178,0,0,225,0,225,146,0,146,371
10/16/2020,SAC,CA,AWP,WE,Federal Contract Tower,0,0,49,0,49,0,1,264,0,265,0,1,313,0,314,144,0,144,458
10/17/2020,SAC,CA,AWP,WE,Federal Contract Tower,0,0,60,0,60,0,0,259,0,259,0,0,319,0,319,90,0,90,409
10/18/2020,SAC,CA,AWP,WE,Federal Contract Tower,0,0,45,0,45,0,6,171,1,178,0,6,216,1,223,50,0,50,273
10/19/2020,SAC,CA,AWP,WE,Federal Contract Tower,0,0,73,0,73,0,8,213,0,221,0,8,286,0,294,114,0,114,408
10/20/2020,SAC,CA,AWP,WE,Federal Contract Tower,0,4,49,0,53,0,7,182,0,189,0,11,231,0,242,124,0,124,366
10/21/2020,SAC,CA,AWP,WE,Federal Contract Tower,0,0,73,0,73,0,4,257,0,261,0,4,330,0,334,124,0,124,458
10/22/2020,SAC,CA,AWP,WE,Federal Contract Tower,0,0,47,0,47,0,0,125,0,125,0,0,172,0,172,120,0,120,292
10/23/2020,SAC,CA,AWP,WE,Federal Contract Tower,0,7,53,0,60,0,0,271,1,272,0,7,324,1,332,210,0,210,542
10/24/2020,SAC,CA,AWP,WE,Federal Contract Tower,0,0,35,0,35,0,0,184,0,184,0,0,219,0,219,80,0,80,299
10/25/2020,SAC,CA,AWP,WE,Federal Contract Tower,0,3,29,0,32,0,1,51,0,52,0,4,80,0,84,16,0,16,100
10/26/2020,SAC,CA,AWP,WE,Federal Contract Tower,0,0,18,0,18,0,12,42,0,54,0,12,60,0,72,10,0,10,82
10/27/2020,SAC,CA,AWP,WE,Federal Contract Tower,0,0,62,0,62,0,4,214,1,219,0,4,276,1,281,136,0,136,417
10/28/2020,SAC,CA,AWP,WE,Federal Contract Tower,0,0,48,0,48,0,1,272,0,273,0,1,320,0,321,202,0,202,523
10/29/2020,SAC,CA,AWP,WE,Federal Contract Tower,0,0,75,0,75,0,0,274,0,274,0,0,349,0,349,134,0,134,483
10/30/2020,SAC,CA,AWP,WE,Federal Contract Tower,0,0,64,0,64,0,0,220,0,220,0,0,284,0,284,202,0,202,486
10/31/2020,SAC,CA,AWP,WE,Federal Contract Tower,0,0,54,1,55,0,0,196,1,197,0,0,250,2,252,80,0,80,332
11/01/2020,SAC,CA,AWP,WE,Federal Contract Tower,0,0,76,0,76,0,3,164,1,168,0,3,240,1,244,42,0,42,286
11/02/2020,SAC,CA,AWP,WE,Federal Contract Tower,0,0,32,0,32,0,0,154,0,154,0,0,186,0,186,168,0,168,354
11/03/2020,SAC,CA,AWP,WE,Federal Contract Tower,0,0,45,0,45,0,4,186,0,190,0,4,231,0,235,150,0,150,385
11/04/2020,SAC,CA,AWP,WE,Federal Contract Tower,0,0,71,0,71,0,1,212,0,213,0,1,283,0,284,166,0,166,450
11/05/2020,SAC,CA,AWP,WE,Federal Contract Tower,0,0,49,0,49,0,2,205,0,207,0,2,254,0,256,168,0,168,424
11/06/2020,SAC,CA,AWP,WE,Federal Contract Tower,0,1,56,0,57,0,4,211,0,215,0,5,267,0,272,110,0,110,382
11/07/2020,SAC,CA,AWP,WE,Federal Contract Tower,0,0,57,0,57,0,0,231,0,231,0,0,288,0,288,120,0,120,408
11/08/2020,SAC,CA,AWP,WE,Federal Contract Tower,0,0,31,0,31,0,4,90,0,94,0,4,121,0,125,56,0,56,181
11/09/2020,SAC,CA,AWP,WE,Federal Contract Tower,0,5,43,0,48,14,148,0,0,162,14,153,43,0,210,180,0,180,390
11/10/2020,SAC,CA,AWP,WE,Federal Contract Tower,0,0,66,0,66,0,0,228,0,228,0,0,294,0,294,160,0,160,454
11/11/2020,SAC,CA,AWP,WE,Federal Contract Tower,0,2,53,1,56,0,1,185,5,191,0,3,238,6,247,160,0,160,407
11/12/2020,SAC,CA,AWP,WE,Federal Contract Tower,0,1,38,4,43,0,0,221,4,225,0,1,259,8,268,212,0,212,480
11/13/2020,SAC,CA,AWP,WE,Federal Contract Tower,0,0,33,0,33,0,4,74,0,78,0,4,107,0,111,112,0,112,223
11/14/2020,SAC,CA,AWP,WE,Federal Contract Tower,0,0,42,0,42,0,0,118,0,118,0,0,160,0,160,12,0,12,172
11/15/2020,SAC,CA,AWP,WE,Federal Contract Tower,0,5,39,0,44,0,4,186,0,190,0,9,225,0,234,107,0,107,341
11/16/2020,SAC,CA,AWP,WE,Federal Contract Tower,0,2,53,0,55,0,4,226,0,230,0,6,279,0,285,140,0,140,425
11/17/2020,SAC,CA,AWP,WE,Federal Contract Tower,0,0,26,0,26,0,0,60,0,60,0,0,86,0,86,84,0,84,170
11/18/2020,SAC,CA,AWP,WE,Federal Contract Tower,0,2,35,0,37,0,0,59,0,59,0,2,94,0,96,124,0,124,220
11/19/2020,SAC,CA,AWP,WE,Federal Contract Tower,0,0,55,0,55,0,0,205,1,206,0,0,260,1,261,104,0,104,365
11/20/2020,SAC,CA,AWP,WE,Federal Contract Tower,0,0,45,0,45,0,0,260,0,260,0,0,305,0,305,154,0,154,459
11/21/2020,SAC,CA,AWP,WE,Federal Contract Tower,0,1,44,0,45,0,0,225,0,225,0,1,269,0,270,80,0,80,350
11/22/2020,SAC,CA,AWP,WE,Federal Contract Tower,0,1,33,0,34,0,2,170,0,172,0,3,203,0,206,84,0,84,290
11/23/2020,SAC,CA,AWP,WE,Federal Contract Tower,0,8,49,0,57,0,11,157,0,168,0,19,206,0,225,176,0,176,401
11/24/2020,SAC,CA,AWP,WE,Federal Contract Tower,0,0,45,0,45,0,4,187,0,191,0,4,232,0,236,122,0,122,358
11/25/2020,SAC,CA,AWP,WE,Federal Contract Tower,0,4,39,0,43,0,4,134,0,138,0,8,173,0,181,146,0,146,327
11/26/2020,SAC,CA,AWP,WE,Federal Contract Tower,0,1,6,0,7,0,3,14,0,17,0,4,20,0,24,24,0,24,48
11/27/2020,SAC,CA,AWP,WE,Federal Contract Tower,0,1,52,0,53,0,1,169,0,170,0,2,221,0,223,98,0,98,321
11/28/2020,SAC,CA,AWP,WE,Federal Contract Tower,0,1,35,0,36,0,4,186,2,192,0,5,221,2,228,50,0,50,278
11/29/2020,SAC,CA,AWP,WE,Federal Contract Tower,0,1,17,0,18,0,0,91,0,91,0,1,108,0,109,36,0,36,145
11/30/2020,SAC,CA,AWP,WE,Federal Contract Tower,0,2,31,0,33,0,9,168,0,177,0,11,199,0,210,106,0,106,316
12/01/2020,SAC,CA,AWP,WE,Federal Contract Tower,0,1,47,0,48,0,3,170,0,173,0,4,217,0,221,120,0,120,341
12/02/2020,SAC,CA,AWP,WE,Federal Contract Tower,0,3,60,6,69,0,0,179,2,181,0,3,239,8,250,128,0,128,378
12/03/2020,SAC,CA,AWP,WE,Federal Contract Tower,0,4,62,0,66,0,0,213,0,213,0,4,275,0,279,138,0,138,417
12/04/2020,SAC,CA,AWP,WE,Federal Contract Tower,0,3,50,0,53,0,0,201,0,201,0,3,251,0,254,156,0,156,410
12/05/2020,SAC,CA,AWP,WE,Federal Contract Tower,0,0,35,0,35,0,0,191,0,191,0,0,226,0,226,84,0,84,310
12/06/2020,SAC,CA,AWP,WE,Federal Contract Tower,0,3,34,0,37,0,5,141,1,147,0,8,175,1,184,104,0,104,288
12/07/2020,SAC,CA,AWP,WE,Federal Contract Tower,0,2,23,0,25,0,4,93,0,97,0,6,116,0,122,18,0,18,140
12/08/2020,SAC,CA,AWP,WE,Federal Contract Tower,0,1,40,0,41,0,1,194,0,195,0,2,234,0,236,200,0,200,436
12/09/2020,SAC,CA,AWP,WE,Federal Contract Tower,0,2,31,2,35,0,2,194,2,198,0,4,225,4,233,132,0,132,365
12/10/2020,SAC,CA,AWP,WE,Federal Contract Tower,0,0,43,0,43,0,0,196,0,196,0,0,239,0,239,132,0,132,371
12/11/2020,SAC,CA,AWP,WE,Federal Contract Tower,0,0,37,0,37,0,0,151,0,151,0,0,188,0,188,120,0,120,308
12/12/2020,SAC,CA,AWP,WE,Federal Contract Tower,0,2,69,0,71,0,0,56,0,56,0,2,125,0,127,32,0,32,159
12/13/2020,SAC,CA,AWP,WE,Federal Contract Tower,0,0,25,0,25,0,0,2,0,2,0,0,27,0,27,0,0,0,27
12/14/2020,SAC,CA,AWP,WE,Federal Contract Tower,0,1,47,0,48,0,4,92,0,96,0,5,139,0,144,106,0,106,250
12/15/2020,SAC,CA,AWP,WE,Federal Contract Tower,0,0,72,4,76,0,5,197,3,205,0,5,269,7,281,92,0,92,373
12/16/2020,SAC,CA,AWP,WE,Federal Contract Tower,0,1,34,0,35,0,0,117,0,117,0,1,151,0,152,84,0,84,236
12/17/2020,SAC,CA,AWP,WE,Federal Contract Tower,0,1,42,4,47,0,0,86,4,90,0,1,128,8,137,124,0,124,261
12/18/2020,SAC,CA,AWP,WE,Federal Contract Tower,0,0,60,0,60,0,0,261,0,261,0,0,321,0,321,174,0,174,495
12/19/2020,SAC,CA,AWP,WE,Federal Contract Tower,0,0,37,0,37,0,0,165,0,165,0,0,202,0,202,111,0,111,313
12/20/2020,SAC,CA,AWP,WE,Federal Contract Tower,0,0,27,0,27,0,2,62,0,64,0,2,89,0,91,44,0,44,135
12/21/2020,SAC,CA,AWP,WE,Federal Contract Tower,0,0,10,0,10,0,0,31,0,31,0,0,41,0,41,72,0,72,113
12/22/2020,SAC,CA,AWP,WE,Federal Contract Tower,0,1,31,0,32,0,3,118,0,121,0,4,149,0,153,98,0,98,251
12/23/2020,SAC,CA,AWP,WE,Federal Contract Tower,0,0,47,0,47,0,0,181,2,183,0,0,228,2,230,116,4,120,350
12/24/2020,SAC,CA,AWP,WE,Federal Contract Tower,0,2,7,0,9,0,0,50,0,50,0,2,57,0,59,22,0,22,81
12/25/2020,SAC,CA,AWP,WE,Federal Contract Tower,0,0,2,0,2,0,2,3,0,5,0,2,5,0,7,0,0,0,7
12/26/2020,SAC,CA,AWP,WE,Federal Contract Tower,0,0,26,0,26,0,0,74,0,74,0,0,100,0,100,10,0,10,110
12/27/2020,SAC,CA,AWP,WE,Federal Contract Tower,0,1,33,0,34,0,2,91,0,93,0,3,124,0,127,48,0,48,175
12/28/2020,SAC,CA,AWP,WE,Federal Contract Tower,0,0,38,0,38,0,6,106,0,112,0,6,144,0,150,110,0,110,260
12/29/2020,SAC,CA,AWP,WE,Federal Contract Tower,0,5,22,0,27,0,1,147,0,148,0,6,169,0,175,144,0,144,319
12/30/2020,SAC,CA,AWP,WE,Federal Contract Tower,0,2,74,0,76,0,4,186,1,191,0,6,260,1,267,120,0,120,387
12/31/2020,SAC,CA,AWP,WE,Federal Contract Tower,0,2,36,0,38,0,2,81,0,83,0,4,117,0,121,30,0,30,151
01/01/2021,SAC,CA,AWP,WE,Federal Contract Tower,0,0,14,0,14,0,0,70,0,70,0,0,84,0,84,62,0,62,146
01/02/2021,SAC,CA,AWP,WE,Federal Contract Tower,0,0,39,0,39,0,0,26,0,26,0,0,65,0,65,20,0,20,85
01/03/2021,SAC,CA,AWP,WE,Federal Contract Tower,0,1,39,0,40,0,1,40,0,41,0,2,79,0,81,42,0,42,123
01/04/2021,SAC,CA,AWP,WE,Federal Contract Tower,0,3,4,3,10,0,0,12,0,12,0,3,16,3,22,32,0,32,54
01/05/2021,SAC,CA,AWP,WE,Federal Contract Tower,0,3,25,2,30,0,3,113,2,118,0,6,138,4,148,158,0,158,306
01/06/2021,SAC,CA,AWP,WE,Federal Contract Tower,0,4,13,2,19,0,1,66,2,69,0,5,79,4,88,124,0,124,212
01/07/2021,SAC,CA,AWP,WE,Federal Contract Tower,0,3,32,2,37,0,0,177,0,177,0,3,209,2,214,178,0,178,392
01/08/2021,SAC,CA,AWP,WE,Federal Contract Tower,0,0,29,2,31,0,0,103,0,103,0,0,132,2,134,97,0,97,231
01/09/2021,SAC,CA,AWP,WE,Federal Contract Tower,0,1,48,0,49,0,0,237,0,237,0,1,285,0,286,82,0,82,368
01/10/2021,SAC,CA,AWP,WE,Federal Contract Tower,0,1,36,0,37,0,0,50,0,50,0,1,86,0,87,10,0,10,97
01/11/2021,SAC,CA,AWP,WE,Federal Contract Tower,0,4,38,0,42,0,7,135,0,142,0,11,173,0,184,122,0,122,306
01/12/2021,SAC,CA,AWP,WE,Federal Contract Tower,0,2,64,2,68,0,0,71,0,71,0,2,135,2,139,112,0,112,251
01/13/2021,SAC,CA,AWP,WE,Federal Contract Tower,0,1,59,0,60,0,1,197,0,198,0,2,256,0,258,170,0,170,428
01/14/2021,SAC,CA,AWP,WE,Federal Contract Tower,0,3,29,0,32,0,0,47,0,47,0,3,76,0,79,102,0,102,181
01/15/2021,SAC,CA,AWP,WE,Federal Contract Tower,0,2,25,0,27,0,0,158,0,158,0,2,183,0,185,104,0,104,289
01/16/2021,SAC,CA,AWP,WE,Federal Contract Tower,0,1,55,0,56,0,0,243,0,243,0,1,298,0,299,58,0,58,357
01/17/2021,SAC,CA,AWP,WE,Federal Contract Tower,0,1,28,0,29,0,7,162,0,169,0,8,190,0,198,100,0,100,298
01/18/2021,SAC,CA,AWP,WE,Federal Contract Tower,0,2,17,0,19,0,12,33,0,45,0,14,50,0,64,0,0,0,64
01/19/2021,SAC,CA,AWP,WE,Federal Contract Tower,0,3,4,0,7,0,5,18,0,23,0,8,22,0,30,0,0,0,30
01/20/2021,SAC,CA,AWP,WE,Federal Contract Tower,0,5,34,0,39,0,3,263,0,266,0,8,297,0,305,146,0,146,451
01/21/2021,SAC,CA,AWP,WE,Federal Contract Tower,0,0,42,0,42,0,1,231,1,233,0,1,273,1,275,174,4,178,453
01/22/2021,SAC,CA,AWP,WE,Federal Contract Tower,0,3,35,0,38,0,0,109,0,109,0,3,144,0,147,150,0,150,297
01/23/2021,SAC,CA,AWP,WE,Federal Contract Tower,0,0,55,0,55,0,0,183,0,183,0,0,238,0,238,94,0,94,332
01/24/2021,SAC,CA,AWP,WE,Federal Contract Tower,0,0,21,0,21,0,0,48,0,48,0,0,69,0,69,8,0,8,77
01/25/2021,SAC,CA,AWP,WE,Federal Contract Tower,0,2,30,0,32,0,7,116,0,123,0,9,146,0,155,120,0,120,275
01/26/2021,SAC,CA,AWP,WE,Federal Contract Tower,0,3,27,0,30,0,1,72,0,73,0,4,99,0,103,92,0,92,195
01/27/2021,SAC,CA,AWP,WE,Federal Contract Tower,0,2,0,0,2,0,1,9,0,10,0,3,9,0,12,0,0,0,12
01/28/2021,SAC,CA,AWP,WE,Federal Contract Tower,0,2,11,0,13,0,0,23,0,23,0,2,34,0,36,30,0,30,66
01/29/2021,SAC,CA,AWP,WE,Federal Contract Tower,0,0,36,0,36,0,0,127,0,127,0,0,163,0,163,80,0,80,243
01/30/2021,SAC,CA,AWP,WE,Federal Contract Tower,0,0,24,0,24,0,0,196,0,196,0,0,220,0,220,148,0,148,368
01/31/2021,SAC,CA,AWP,WE,Federal Contract Tower,0,0,29,0,29,0,0,90,0,90,0,0,119,0,119,60,0,60,179
02/01/2021,SAC,CA,AWP,WE,Federal Contract Tower,0,4,29,0,33,0,0,108,0,108,0,4,137,0,141,142,0,142,283
02/03/2021,SAC,CA,AWP,WE,Federal Contract Tower,0,2,56,6,64,0,2,171,4,177,0,4,227,10,241,120,2,122,363
02/04/2021,SAC,CA,AWP,WE,Federal Contract Tower,0,2,85,2,89,0,3,251,2,256,0,5,336,4,345,180,2,182,527
02/05/2021,SAC,CA,AWP,WE,Federal Contract Tower,0,0,41,0,41,0,2,220,0,222,0,2,261,0,263,120,0,120,383
02/06/2021,SAC,CA,AWP,WE,Federal Contract Tower,0,1,60,0,61,0,1,248,0,249,0,2,308,0,310,94,0,94,404
02/07/2021,SAC,CA,AWP,WE,Federal Contract Tower,0,0,17,0,17,0,0,111,0,111,0,0,128,0,128,46,0,46,174
02/08/2021,SAC,CA,AWP,WE,Federal Contract Tower,0,2,33,0,35,0,4,141,0,145,0,6,174,0,180,158,0,158,338
02/09/2021,SAC,CA,AWP,WE,Federal Contract Tower,0,2,36,0,38,0,1,177,0,178,0,3,213,0,216,210,0,210,426
02/10/2021,SAC,CA,AWP,WE,Federal Contract Tower,0,2,55,0,57,0,0,211,1,212,0,2,266,1,269,90,0,90,359
02/11/2021,SAC,CA,AWP,WE,Federal Contract Tower,0,1,35,0,36,0,3,86,0,89,0,4,121,0,125,158,0,158,283
02/12/2021,SAC,CA,AWP,WE,Federal Contract Tower,0,2,41,0,43,0,1,203,0,204,0,3,244,0,247,86,0,86,333
02/13/2021,SAC,CA,AWP,WE,Federal Contract Tower,0,1,22,0,23,0,0,108,0,108,0,1,130,0,131,80,0,80,211
02/14/2021,SAC,CA,AWP,WE,Federal Contract Tower,0,0,20,0,20,0,2,120,1,123,0,2,140,1,143,46,0,46,189
02/15/2021,SAC,CA,AWP,WE,Federal Contract Tower,0,4,50,0,54,0,0,26,0,26,0,4,76,0,80,52,0,52,132
02/16/2021,SAC,CA,AWP,WE,Federal Contract Tower,0,2,55,0,57,0,2,230,0,232,0,4,285,0,289,180,0,180,469
02/17/2021,SAC,CA,AWP,WE,Federal Contract Tower,0,3,38,2,43,0,0,151,0,151,0,3,189,2,194,36,0,36,230
02/18/2021,SAC,CA,AWP,WE,Federal Contract Tower,0,1,67,0,68,0,10,224,0,234,0,11,291,0,302,148,0,148,450
02/19/2021,SAC,CA,AWP,WE,Federal Contract Tower,0,0,26,1,27,0,0,33,1,34,0,0,59,2,61,54,0,54,115
02/20/2021,SAC,CA,AWP,WE,Federal Contract Tower,0,0,40,0,40,0,0,208,3,211,0,0,248,3,251,166,0,166,417
02/21/2021,SAC,CA,AWP,WE,Federal Contract Tower,0,1,32,0,33,0,0,208,2,210,0,1,240,2,243,56,0,56,299
02/22/2021,SAC,CA,AWP,WE,Federal Contract Tower,0,2,53,6,61,0,7,197,2,206,0,9,250,8,267,140,0,140,407
02/23/2021,SAC,CA,AWP,WE,Federal Contract Tower,0,4,34,2,40,0,6,71,2,79,0,10,105,4,119,30,0,30,149
02/24/2021,SAC,CA,AWP,WE,Federal Contract Tower,0,0,14,4,18,0,0,61,4,65,0,0,75,8,83,4,2,6,89
02/25/2021,SAC,CA,AWP,WE,Federal Contract Tower,0,2,64,1,67,0,6,238,2,246,0,8,302,3,313,76,0,76,389
02/26/2021,SAC,CA,AWP,WE,Federal Contract Tower,0,0,65,0,65,0,4,297,1,302,0,4,362,1,367,114,0,114,481
02/27/2021,SAC,CA,AWP,WE,Federal Contract Tower,0,1,30,0,31,0,0,122,0,122,0,1,152,0,153,24,0,24,177
02/28/2021,SAC,CA,AWP,WE,Federal Contract Tower,0,0,48,0,48,0,8,208,0,216,0,8,256,0,264,100,0,100,364
03/01/2021,SAC,CA,AWP,WE,Federal Contract Tower,0,1,50,0,51,0,4,204,0,208,0,5,254,0,259,174,0,174,433
03/02/2021,SAC,CA,AWP,WE,Federal Contract Tower,0,4,60,0,64,0,3,207,0,210,0,7,267,0,274,118,0,118,392
03/03/2021,SAC,CA,AWP,WE,Federal Contract Tower,0,3,49,0,52,0,2,220,3,225,0,5,269,3,277,126,0,126,403
03/04/2021,SAC,CA,AWP,WE,Federal Contract Tower,0,0,44,3,47,0,1,207,3,211,0,1,251,6,258,128,0,128,386
03/05/2021,SAC,CA,AWP,WE,Federal Contract Tower,0,0,66,0,66,0,1,260,0,261,0,1,326,0,327,104,0,104,431
03/06/2021,SAC,CA,AWP,WE,Federal Contract Tower,0,0,39,0,39,0,0,191,0,191,0,0,230,0,230,88,0,88,318
03/07/2021,SAC,CA,AWP,WE,Federal Contract Tower,0,3,37,0,40,0,20,181,0,201,0,23,218,0,241,106,0,106,347
03/08/2021,SAC,CA,AWP,WE,Federal Contract Tower,0,4,22,0,26,0,2,71,0,73,0,6,93,0,99,52,0,52,151
03/09/2021,SAC,CA,AWP,WE,Federal Contract Tower,0,2,12,0,14,0,1,97,0,98,0,3,109,0,112,108,0,108,220
03/10/2021,SAC,CA,AWP,WE,Federal Contract Tower,0,4,21,0,25,0,0,25,0,25,0,4,46,0,50,22,0,22,72
03/11/2021,SAC,CA,AWP,WE,Federal Contract Tower,0,1,40,0,41,0,1,198,0,199,0,2,238,0,240,136,0,136,376
03/12/2021,SAC,CA,AWP,WE,Federal Contract Tower,0,0,45,0,45,0,0,227,0,227,0,0,272,0,272,116,0,116,388
03/13/2021,SAC,CA,AWP,WE,Federal Contract Tower,0,0,53,1,54,0,0,243,2,245,0,0,296,3,299,126,0,126,425
03/14/2021,SAC,CA,AWP,WE,Federal Contract Tower,0,1,33,0,34,0,0,119,0,119,0,1,152,0,153,82,0,82,235
03/15/2021,SAC,CA,AWP,WE,Federal Contract Tower,0,1,38,0,39,0,3,133,0,136,0,4,171,0,175,198,0,198,373
03/16/2021,SAC,CA,AWP,WE,Federal Contract Tower,0,3,66,4,73,0,7,232,4,243,0,10,298,8,316,84,0,84,400
03/17/2021,SAC,CA,AWP,WE,Federal Contract Tower,0,3,61,0,64,0,1,240,0,241,0,4,301,0,305,130,0,130,435
03/18/2021,SAC,CA,AWP,WE,Federal Contract Tower,0,3,24,0,27,0,2,47,0,49,0,5,71,0,76,80,0,80,156
03/19/2021,SAC,CA,AWP,WE,Federal Contract Tower,0,2,67,0,69,0,0,165,0,165,0,2,232,0,234,90,0,90,324
03/20/2021,SAC,CA,AWP,WE,Federal Contract Tower,0,3,50,0,53,0,2,265,0,267,0,5,315,0,320,64,0,64,384
03/21/2021,SAC,CA,AWP,WE,Federal Contract Tower,0,4,42,0,46,0,1,157,0,158,0,5,199,0,204,28,0,28,232
03/22/2021,SAC,CA,AWP,WE,Federal Contract Tower,0,2,69,0,71,0,3,232,0,235,0,5,301,0,306,150,0,150,456
03/23/2021,SAC,CA,AWP,WE,Federal Contract Tower,0,5,1,2,8,0,3,20,2,25,0,8,21,4,33,0,0,0,33
03/24/2021,SAC,CA,AWP,WE,Federal Contract Tower,0,1,70,2,73,0,3,222,2,227,0,4,292,4,300,52,2,54,354
03/25/2021,SAC,CA,AWP,WE,Federal Contract Tower,0,2,49,2,53,0,2,158,2,162,0,4,207,4,215,108,0,108,323
03/26/2021,SAC,CA,AWP,WE,Federal Contract Tower,0,4,61,0,65,0,9,176,0,185,0,13,237,0,250,24,0,24,274
03/27/2021,SAC,CA,AWP,WE,Federal Contract Tower,0,1,28,0,29,0,1,222,4,227,0,2,250,4,256,118,0,118,374
03/28/2021,SAC,CA,AWP,WE,Federal Contract Tower,0,1,29,0,30,0,3,175,0,178,0,4,204,0,208,60,0,60,268
03/29/2021,SAC,CA,AWP,WE,Federal Contract Tower,0,7,37,0,44,0,11,127,0,138,0,18,164,0,182,70,0,70,252
03/30/2021,SAC,CA,AWP,WE,Federal Contract Tower,0,4,29,0,33,0,3,45,0,48,0,7,74,0,81,2,0,2,83
03/31/2021,SAC,CA,AWP,WE,Federal Contract Tower,0,1,53,0,54,0,2,258,0,260,0,3,311,0,314,184,0,184,498
04/01/2021,SAC,CA,AWP,WE,Federal Contract Tower,0,0,73,1,74,0,3,232,2,237,0,3,305,3,311,108,0,108,419
04/02/2021,SAC,CA,AWP,WE,Federal Contract Tower,0,0,33,0,33,0,0,205,0,205,0,0,238,0,238,148,0,148,386
04/03/2021,SAC,CA,AWP,WE,Federal Contract Tower,0,5,52,0,57,0,3,154,0,157,0,8,206,0,214,24,0,24,238
04/04/2021,SAC,CA,AWP,WE,Federal Contract Tower,0,1,10,0,11,0,1,90,0,91,0,2,100,0,102,62,0,62,164
04/05/2021,SAC,CA,AWP,WE,Federal Contract Tower,0,0,36,2,38,0,6,132,0,138,0,6,168,2,176,42,0,42,218
04/06/2021,SAC,CA,AWP,WE,Federal Contract Tower,0,1,42,0,43,0,3,135,0,138,0,4,177,0,181,108,0,108,289
04/07/2021,SAC,CA,AWP,WE,Federal Contract Tower,0,4,51,0,55,0,2,208,0,210,0,6,259,0,265,92,0,92,357
04/08/2021,SAC,CA,AWP,WE,Federal Contract Tower,0,0,91,0,91,0,0,220,0,220,0,0,311,0,311,134,0,134,445
04/09/2021,SAC,CA,AWP,WE,Federal Contract Tower,0,0,45,0,45,0,0,251,0,251,0,0,296,0,296,150,0,150,446
04/10/2021,SAC,CA,AWP,WE,Federal Contract Tower,0,4,72,0,76,0,2,253,2,257,0,6,325,2,333,140,0,140,473
04/11/2021,SAC,CA,AWP,WE,Federal Contract Tower,0,3,28,0,31,0,4,150,0,154,0,7,178,0,185,38,0,38,223
04/12/2021,SAC,CA,AWP,WE,Federal Contract Tower,0,0,58,0,58,0,11,194,0,205,0,11,252,0,263,188,0,188,451
04/13/2021,SAC,CA,AWP,WE,Federal Contract Tower,0,4,43,0,47,0,11,106,0,117,0,15,149,0,164,28,0,28,192
04/14/2021,SAC,CA,AWP,WE,Federal Contract Tower,0,8,68,0,76,0,1,196,1,198,0,9,264,1,274,78,0,78,352
04/15/2021,SAC,CA,AWP,WE,Federal Contract Tower,0,2,64,0,66,0,1,207,2,210,0,3,271,2,276,100,0,100,376
04/16/2021,SAC,CA,AWP,WE,Federal Contract Tower,0,1,45,0,46,0,0,218,0,218,0,1,263,0,264,104,0,104,368
04/17/2021,SAC,CA,AWP,WE,Federal Contract Tower,0,2,15,0,17,0,2,158,1,161,0,4,173,1,178,83,0,83,261
04/18/2021,SAC,CA,AWP,WE,Federal Contract Tower,0,4,56,0,60,0,10,202,0,212,0,14,258,0,272,84,0,84,356
04/19/2021,SAC,CA,AWP,WE,Federal Contract Tower,0,4,27,0,31,0,12,188,0,200,0,16,215,0,231,140,0,140,371
04/20/2021,SAC,CA,AWP,WE,Federal Contract Tower,0,3,24,0,27,0,4,126,0,130,0,7,150,0,157,76,0,76,233
04/21/2021,SAC,CA,AWP,WE,Federal Contract Tower,0,4,29,5,38,0,3,159,1,163,0,7,188,6,201,106,0,106,307
04/22/2021,SAC,CA,AWP,WE,Federal Contract Tower,0,0,78,2,80,0,0,191,2,193,0,0,269,4,273,68,0,68,341
04/23/2021,SAC,CA,AWP,WE,Federal Contract Tower,0,1,46,0,47,0,0,231,0,231,0,1,277,0,278,172,0,172,450
04/24/2021,SAC,CA,AWP,WE,Federal Contract Tower,0,0,40,0,40,0,3,153,0,156,0,3,193,0,196,84,0,84,280
04/25/2021,SAC,CA,AWP,WE,Federal Contract Tower,0,4,27,0,31,0,5,56,0,61,0,9,83,0,92,62,0,62,154
04/26/2021,SAC,CA,AWP,WE,Federal Contract Tower,0,1,21,0,22,0,13,155,0,168,0,14,176,0,190,138,0,138,328
04/27/2021,SAC,CA,AWP,WE,Federal Contract Tower,0,1,31,0,32,0,3,134,0,137,0,4,165,0,169,75,0,75,244
04/28/2021,SAC,CA,AWP,WE,Federal Contract Tower,0,11,51,0,62,0,1,247,0,248,0,12,298,0,310,180,0,180,490
04/29/2021,SAC,CA,AWP,WE,Federal Contract Tower,0,1,58,0,59,0,2,202,4,208,0,3,260,4,267,168,2,170,437
04/30/2021,SAC,CA,AWP,WE,Federal Contract Tower,0,0,54,0,54,0,0,231,1,232,0,0,285,1,286,144,0,144,430
05/01/2021,SAC,CA,AWP,WE,Federal Contract Tower,0,0,28,0,28,0,2,179,1,182,0,2,207,1,210,118,0,118,328
05/02/2021,SAC,CA,AWP,WE,Federal Contract Tower,0,3,12,0,15,0,8,48,0,56,0,11,60,0,71,18,0,18,89
05/03/2021,SAC,CA,AWP,WE,Federal Contract Tower,0,1,6,0,7,0,6,60,0,66,0,7,66,0,73,0,0,0,73
05/04/2021,SAC,CA,AWP,WE,Federal Contract Tower,0,1,53,0,54,0,7,182,0,189,0,8,235,0,243,170,0,170,413
05/05/2021,SAC,CA,AWP,WE,Federal Contract Tower,0,2,66,0,68,0,1,241,1,243,0,3,307,1,311,216,0,216,527
05/06/2021,SAC,CA,AWP,WE,Federal Contract Tower,0,4,40,0,44,0,1,201,0,202,0,5,241,0,246,126,0,126,372
05/07/2021,SAC,CA,AWP,WE,Federal Contract Tower,0,0,33,0,33,0,1,218,0,219,0,1,251,0,252,176,0,176,428
05/08/2021,SAC,CA,AWP,WE,Federal Contract Tower,0,0,13,0,13,0,0,45,0,45,0,0,58,0,58,2,0,2,60
05/09/2021,SAC,CA,AWP,WE,Federal Contract Tower,0,1,18,0,19,0,2,69,0,71,0,3,87,0,90,26,0,26,116
05/10/2021,SAC,CA,AWP,WE,Federal Contract Tower,0,1,48,0,49,0,6,84,0,90,0,7,132,0,139,14,0,14,153
05/11/2021,SAC,CA,AWP,WE,Federal Contract Tower,0,2,60,0,62,0,3,235,0,238,0,5,295,0,300,222,0,222,522
05/12/2021,SAC,CA,AWP,WE,Federal Contract Tower,0,0,42,1,43,0,5,190,3,198,0,5,232,4,241,158,0,158,399
05/13/2021,SAC,CA,AWP,WE,Federal Contract Tower,0,0,49,0,49,0,3,235,0,238,0,3,284,0,287,144,0,144,431
05/14/2021,SAC,CA,AWP,WE,Federal Contract Tower,0,0,34,0,34,0,0,226,1,227,0,0,260,1,261,148,0,148,409
05/15/2021,SAC,CA,AWP,WE,Federal Contract Tower,0,6,26,0,32,0,6,178,0,184,0,12,204,0,216,89,0,89,305
05/16/2021,SAC,CA,AWP,WE,Federal Contract Tower,0,1,41,0,42,0,18,117,0,135,0,19,158,0,177,12,0,12,189
05/17/2021,SAC,CA,AWP,WE,Federal Contract Tower,0,6,52,0,58,0,8,158,0,166,0,14,210,0,224,66,0,66,290
05/18/2021,SAC,CA,AWP,WE,Federal Contract Tower,0,1,37,0,38,0,7,169,0,176,0,8,206,0,214,124,0,124,338
05/19/2021,SAC,CA,AWP,WE,Federal Contract Tower,0,0,33,0,33,0,3,173,2,178,0,3,206,2,211,112,2,114,325
05/20/2021,SAC,CA,AWP,WE,Federal Contract Tower,0,2,35,0,37,0,2,137,0,139,0,4,172,0,176,36,0,36,212
05/21/2021,SAC,CA,AWP,WE,Federal Contract Tower,0,2,36,0,38,0,0,101,0,101,0,2,137,0,139,10,0,10,149
05/22/2021,SAC,CA,AWP,WE,Federal Contract Tower,0,1,50,0,51,0,0,209,0,209,0,1,259,0,260,88,0,88,348
05/23/2021,SAC,CA,AWP,WE,Federal Contract Tower,0,2,40,0,42,0,6,138,0,144,0,8,178,0,186,88,0,88,274
05/24/2021,SAC,CA,AWP,WE,Federal Contract Tower,0,2,33,0,35,0,11,165,0,176,0,13,198,0,211,76,0,76,287
05/25/2021,SAC,CA,AWP,WE,Federal Contract Tower,0,0,57,0,57,0,2,187,0,189,0,2,244,0,246,166,0,166,412
05/26/2021,SAC,CA,AWP,WE,Federal Contract Tower,0,2,66,1,69,0,3,229,1,233,0,5,295,2,302,190,0,190,492
05/27/2021,SAC,CA,AWP,WE,Federal Contract Tower,0,1,68,0,69,0,4,210,2,216,0,5,278,2,285,148,0,148,433
05/28/2021,SAC,CA,AWP,WE,Federal Contract Tower,0,1,36,0,37,0,1,224,2,227,0,2,260,2,264,154,0,154,418
05/29/2021,SAC,CA,AWP,WE,Federal Contract Tower,0,5,18,0,23,0,2,174,0,176,0,7,192,0,199,92,0,92,291
05/30/2021,SAC,CA,AWP,WE,Federal Contract Tower,0,1,31,0,32,0,10,138,0,148,0,11,169,0,180,96,0,96,276
05/31/2021,SAC,CA,AWP,WE,Federal Contract Tower,0,3,36,0,39,0,14,155,0,169,0,17,191,0,208,226,0,226,434
06/01/2021,SAC,CA,AWP,WE,Federal Contract Tower,0,0,33,0,33,0,4,159,0,163,0,4,192,0,196,130,0,130,326
06/02/2021,SAC,CA,AWP,WE,Federal Contract Tower,0,7,23,0,30,0,4,171,0,175,0,11,194,0,205,132,0,132,337
06/03/2021,SAC,CA,AWP,WE,Federal Contract Tower,0,3,37,1,41,0,0,188,0,188,0,3,225,1,229,194,0,194,423
06/04/2021,SAC,CA,AWP,WE,Federal Contract Tower,0,7,38,0,45,0,0,276,0,276,0,7,314,0,321,148,0,148,469
06/05/2021,SAC,CA,AWP,WE,Federal Contract Tower,0,1,19,0,20,0,0,163,0,163,0,1,182,0,183,123,0,123,306
06/06/2021,SAC,CA,AWP,WE,Federal Contract Tower,0,3,33,0,36,0,4,153,0,157,0,7,186,0,193,48,0,48,241
06/07/2021,SAC,CA,AWP,WE,Federal Contract Tower,0,5,25,0,30,0,5,136,0,141,0,10,161,0,171,148,0,148,319
06/08/2021,SAC,CA,AWP,WE,Federal Contract Tower,0,3,50,0,53,0,2,157,0,159,0,5,207,0,212,88,0,88,300
06/09/2021,SAC,CA,AWP,WE,Federal Contract Tower,0,2,86,0,88,0,2,251,0,253,0,4,337,0,341,194,0,194,535
06/10/2021,SAC,CA,AWP,WE,Federal Contract Tower,0,0,38,0,38,0,1,256,0,257,0,1,294,0,295,184,0,184,479
06/11/2021,SAC,CA,AWP,WE,Federal Contract Tower,0,0,51,0,51,0,0,246,0,246,0,0,297,0,297,148,0,148,445
06/12/2021,SAC,CA,AWP,WE,Federal Contract Tower,0,0,52,0,52,0,0,201,0,201,0,0,253,0,253,88,0,88,341
06/13/2021,SAC,CA,AWP,WE,Federal Contract Tower,0,2,28,0,30,0,4,131,0,135,0,6,159,0,165,12,0,12,177
06/14/2021,SAC,CA,AWP,WE,Federal Contract Tower,0,1,48,0,49,0,8,178,0,186,0,9,226,0,235,130,0,130,365
06/15/2021,SAC,CA,AWP,WE,Federal Contract Tower,0,2,59,0,61,0,1,220,0,221,0,3,279,0,282,96,0,96,378
06/16/2021,SAC,CA,AWP,WE,Federal Contract Tower,0,5,56,0,61,0,2,196,0,198,0,7,252,0,259,136,0,136,395
06/17/2021,SAC,CA,AWP,WE,Federal Contract Tower,0,5,42,0,47,0,0,171,4,175,0,5,213,4,222,98,4,102,324
06/18/2021,SAC,CA,AWP,WE,Federal Contract Tower,0,1,48,0,49,0,0,197,0,197,0,1,245,0,246,132,0,132,378
06/19/2021,SAC,CA,AWP,WE,Federal Contract Tower,0,9,21,0,30,0,2,160,0,162,0,11,181,0,192,78,0,78,270
06/20/2021,SAC,CA,AWP,WE,Federal Contract Tower,0,2,19,0,21,0,10,101,0,111,0,12,120,0,132,22,0,22,154
06/21/2021,SAC,CA,AWP,WE,Federal Contract Tower,0,3,44,0,47,0,8,184,0,192,0,11,228,0,239,100,0,100,339
06/22/2021,SAC,CA,AWP,WE,Federal Contract Tower,0,3,44,0,47,0,13,181,0,194,0,16,225,0,241,92,0,92,333
06/23/2021,SAC,CA,AWP,WE,Federal Contract Tower,0,7,51,1,59,0,15,206,2,223,0,22,257,3,282,114,0,114,396
06/24/2021,SAC,CA,AWP,WE,Federal Contract Tower,0,1,29,3,33,0,0,153,4,157,0,1,182,7,190,108,0,108,298
06/26/2021,SAC,CA,AWP,WE,Federal Contract Tower,0,0,48,1,49,0,0,187,4,191,0,0,235,5,240,94,0,94,334
06/27/2021,SAC,CA,AWP,WE,Federal Contract Tower,0,3,16,0,19,0,4,259,0,263,0,7,275,0,282,16,0,16,298
06/28/2021,SAC,CA,AWP,WE,Federal Contract Tower,0,5,27,0,32,0,15,149,0,164,0,20,176,0,196,116,0,116,312
06/29/2021,SAC,CA,AWP,WE,Federal Contract Tower,0,6,37,2,45,0,5,165,2,172,0,11,202,4,217,160,0,160,377
06/30/2021,SAC,CA,AWP,WE,Federal Contract Tower,0,2,37,0,39,0,12,190,0,202,0,14,227,0,241,90,0,90,331
07/01/2021,SAC,CA,AWP,WE,Federal Contract Tower,0,0,47,0,47,0,0,219,0,219,0,0,266,0,266,100,0,100,366
07/02/2021,SAC,CA,AWP,WE,Federal Contract Tower,0,1,31,0,32,0,0,161,0,161,0,1,192,0,193,79,0,79,272
07/03/2021,SAC,CA,AWP,WE,Federal Contract Tower,0,0,21,0,21,0,1,136,0,137,0,1,157,0,158,60,0,60,218
07/04/2021,SAC,CA,AWP,WE,Federal Contract Tower,0,2,4,0,6,0,3,70,0,73,0,5,74,0,79,12,0,12,91
07/05/2021,SAC,CA,AWP,WE,Federal Contract Tower,0,3,21,0,24,0,5,131,0,136,0,8,152,0,160,56,0,56,216
07/06/2021,SAC,CA,AWP,WE,Federal Contract Tower,0,3,28,0,31,0,3,154,0,157,0,6,182,0,188,70,0,70,258
07/07/2021,SAC,CA,AWP,WE,Federal Contract Tower,0,1,35,0,36,0,3,197,0,200,0,4,232,0,236,92,0,92,328
07/08/2021,SAC,CA,AWP,WE,Federal Contract Tower,0,1,36,0,37,0,0,207,0,207,0,1,243,0,244,96,0,96,340
07/09/2021,SAC,CA,AWP,WE,Federal Contract Tower,0,2,39,0,41,0,2,161,0,163,0,4,200,0,204,150,0,150,354
07/10/2021,SAC,CA,AWP,WE,Federal Contract Tower,0,4,13,0,17,0,4,159,0,163,0,8,172,0,180,54,0,54,234
07/11/2021,SAC,CA,AWP,WE,Federal Contract Tower,0,0,25,0,25,0,0,102,0,102,0,0,127,0,127,26,0,26,153
07/12/2021,SAC,CA,AWP,WE,Federal Contract Tower,0,4,40,4,48,0,14,158,4,176,0,18,198,8,224,166,0,166,390
07/13/2021,SAC,CA,AWP,WE,Federal Contract Tower,0,7,43,0,50,0,6,167,0,173,0,13,210,0,223,166,0,166,389
07/14/2021,SAC,CA,AWP,WE,Federal Contract Tower,0,6,52,0,58,0,3,210,0,213,0,9,262,0,271,202,0,202,473
07/15/2021,SAC,CA,AWP,WE,Federal Contract Tower,0,2,59,0,61,0,1,209,0,210,0,3,268,0,271,78,0,78,349
07/17/2021,SAC,CA,AWP,WE,Federal Contract Tower,0,0,39,0,39,0,1,224,0,225,0,1,263,0,264,108,0,108,372
07/18/2021,SAC,CA,AWP,WE,Federal Contract Tower,0,2,15,0,17,0,2,118,0,120,0,4,133,0,137,98,0,98,235
07/19/2021,SAC,CA,AWP,WE,Federal Contract Tower,0,4,52,0,56,0,9,195,0,204,0,13,247,0,260,143,0,143,403
07/20/2021,SAC,CA,AWP,WE,Federal Contract Tower,0,3,48,0,51,0,11,160,0,171,0,14,208,0,222,76,0,76,298
07/21/2021,SAC,CA,AWP,WE,Federal Contract Tower,0,8,31,0,39,0,7,223,0,230,0,15,254,0,269,230,0,230,499
07/22/2021,SAC,CA,AWP,WE,Federal Contract Tower,0,5,47,0,52,0,3,184,0,187,0,8,231,0,239,166,0,166,405
07/23/2021,SAC,CA,AWP,WE,Federal Contract Tower,0,3,44,0,47,0,1,224,0,225,0,4,268,0,272,134,0,134,406
07/24/2021,SAC,CA,AWP,WE,Federal Contract Tower,0,2,38,0,40,0,2,199,0,201,0,4,237,0,241,100,0,100,341
07/25/2021,SAC,CA,AWP,WE,Federal Contract Tower,0,0,26,0,26,0,8,99,1,108,0,8,125,1,134,38,0,38,172
07/26/2021,SAC,CA,AWP,WE,Federal Contract Tower,0,13,31,0,44,0,16,129,0,145,0,29,160,0,189,64,0,64,253
07/27/2021,SAC,CA,AWP,WE,Federal Contract Tower,0,0,28,2,30,0,10,139,2,151,0,10,167,4,181,136,0,136,317
07/28/2021,SAC,CA,AWP,WE,Federal Contract Tower,0,7,28,0,35,0,1,52,0,53,0,8,80,0,88,88,0,88,176
07/29/2021,SAC,CA,AWP,WE,Federal Contract Tower,0,3,39,6,48,0,4,193,9,206,0,7,232,15,254,168,2,170,424
07/30/2021,SAC,CA,AWP,WE,Federal Contract Tower,0,0,31,0,31,0,2,150,5,157,0,2,181,5,188,168,0,168,356
07/31/2021,SAC,CA,AWP,WE,Federal Contract Tower,0,0,33,0,33,0,0,166,9,175,0,0,199,9,208,6,0,6,214
08/01/2021,SAC,CA,AWP,WE,Federal Contract Tower,0,2,29,0,31,0,0,145,6,151,0,2,174,6,182,94,0,94,276
08/02/2021,SAC,CA,AWP,WE,Federal Contract Tower,0,3,51,0,54,0,13,172,0,185,0,16,223,0,239,156,0,156,395
08/03/2021,SAC,CA,AWP,WE,Federal Contract Tower,0,8,25,0,33,0,2,124,0,126,0,10,149,0,159,96,0,96,255
08/04/2021,SAC,CA,AWP,WE,Federal Contract Tower,0,3,46,0,49,0,5,178,0,183,0,8,224,0,232,108,0,108,340
08/05/2021,SAC,CA,AWP,WE,Federal Contract Tower,0,3,40,0,43,0,0,122,0,122,0,3,162,0,165,22,0,22,187
08/06/2021,SAC,CA,AWP,WE,Federal Contract Tower,0,1,31,0,32,0,0,85,0,85,0,1,116,0,117,62,0,62,179
08/07/2021,SAC,CA,AWP,WE,Federal Contract Tower,0,1,57,0,58,0,1,126,0,127,0,2,183,0,185,102,0,102,287
08/08/2021,SAC,CA,AWP,WE,Federal Contract Tower,0,2,57,0,59,0,3,144,0,147,0,5,201,0,206,54,0,54,260
08/09/2021,SAC,CA,AWP,WE,Federal Contract Tower,0,3,42,0,45,0,15,160,0,175,0,18,202,0,220,208,0,208,428
08/10/2021,SAC,CA,AWP,WE,Federal Contract Tower,0,2,57,0,59,0,9,147,0,156,0,11,204,0,215,138,0,138,353
08/11/2021,SAC,CA,AWP,WE,Federal Contract Tower,0,7,30,0,37,0,9,169,0,178,0,16,199,0,215,102,0,102,317
08/12/2021,SAC,CA,AWP,WE,Federal Contract Tower,0,4,43,0,47,0,6,172,1,179,0,10,215,1,226,122,0,122,348
08/13/2021,SAC,CA,AWP,WE,Federal Contract Tower,0,5,31,0,36,0,2,176,2,180,0,7,207,2,216,104,0,104,320
08/14/2021,SAC,CA,AWP,WE,Federal Contract Tower,0,1,24,0,25,0,2,185,0,187,0,3,209,0,212,124,0,124,336
08/15/2021,SAC,CA,AWP,WE,Federal Contract Tower,0,1,35,0,36,0,0,124,0,124,0,1,159,0,160,86,0,86,246
08/16/2021,SAC,CA,AWP,WE,Federal Contract Tower,0,4,49,0,53,0,5,116,0,121,0,9,165,0,174,90,0,90,264
08/17/2021,SAC,CA,AWP,WE,Federal Contract Tower,0,10,57,0,67,0,16,172,0,188,0,26,229,0,255,184,0,184,439
08/18/2021,SAC,CA,AWP,WE,Federal Contract Tower,0,9,60,0,69,0,1,8,0,9,0,10,68,0,78,6,0,6,84
08/19/2021,SAC,CA,AWP,WE,Federal Contract Tower,0,3,37,0,40,0,5,106,0,111,0,8,143,0,151,80,0,80,231
08/20/2021,SAC,CA,AWP,WE,Federal Contract Tower,0,1,58,1,60,0,0,177,1,178,0,1,235,2,238,132,0,132,370
08/21/2021,SAC,CA,AWP,WE,Federal Contract Tower,0,2,31,0,33,0,0,108,3,111,0,2,139,3,144,104,4,108,252
08/22/2021,SAC,CA,AWP,WE,Federal Contract Tower,0,0,62,0,62,0,5,148,1,154,0,5,210,1,216,84,2,86,302
08/23/2021,SAC,CA,AWP,WE,Federal Contract Tower,0,0,24,0,24,0,7,154,0,161,0,7,178,0,185,202,0,202,387
08/24/2021,SAC,CA,AWP,WE,Federal Contract Tower,0,1,51,0,52,0,0,177,0,177,0,1,228,0,229,146,0,146,375
08/25/2021,SAC,CA,AWP,WE,Federal Contract Tower,0,4,38,7,49,0,0,202,21,223,0,4,240,28,272,108,2,110,382
08/26/2021,SAC,CA,AWP,WE,Federal Contract Tower,0,4,48,0,52,0,3,150,2,155,0,7,198,2,207,112,0,112,319
08/27/2021,SAC,CA,AWP,WE,Federal Contract Tower,0,1,81,0,82,0,0,95,1,96,0,1,176,1,178,38,0,38,216
08/28/2021,SAC,CA,AWP,WE,Federal Contract Tower,0,3,18,0,21,0,0,0,0,0,0,3,18,0,21,0,0,0,21
08/29/2021,SAC,CA,AWP,WE,Federal Contract Tower,0,5,37,0,42,0,2,88,2,92,0,7,125,2,134,46,0,46,180
08/30/2021,SAC,CA,AWP,WE,Federal Contract Tower,0,5,28,0,33,0,6,110,0,116,0,11,138,0,149,114,0,114,263
08/31/2021,SAC,CA,AWP,WE,Federal Contract Tower,0,9,70,0,79,0,11,220,2,233,0,20,290,2,312,126,0,126,438
09/01/2021,SAC,CA,AWP,WE,Federal Contract Tower,0,3,41,0,44,0,1,185,0,186,0,4,226,0,230,74,0,74,304
09/02/2021,SAC,CA,AWP,WE,Federal Contract Tower,0,3,52,0,55,0,0,191,0,191,0,3,243,0,246,136,0,136,382
09/03/2021,SAC,CA,AWP,WE,Federal Contract Tower,0,7,59,1,67,0,0,212,2,214,0,7,271,3,281,160,0,160,441
09/04/2021,SAC,CA,AWP,WE,Federal Contract Tower,0,3,42,0,45,0,0,193,0,193,0,3,235,0,238,66,0,66,304
09/05/2021,SAC,CA,AWP,WE,Federal Contract Tower,0,3,34,0,37,0,8,133,0,141,0,11,167,0,178,46,0,46,224
09/06/2021,SAC,CA,AWP,WE,Federal Contract Tower,0,1,23,0,24,0,10,150,0,160,0,11,173,0,184,144,0,144,328
09/07/2021,SAC,CA,AWP,WE,Federal Contract Tower,0,4,40,0,44,0,8,128,2,138,0,12,168,2,182,142,0,142,324
09/08/2021,SAC,CA,AWP,WE,Federal Contract Tower,0,4,49,0,53,0,4,163,0,167,0,8,212,0,220,152,0,152,372
09/09/2021,SAC,CA,AWP,WE,Federal Contract Tower,0,0,40,2,42,0,1,191,3,195,0,1,231,5,237,142,0,142,379
09/10/2021,SAC,CA,AWP,WE,Federal Contract Tower,0,1,31,2,34,0,10,186,6,202,0,11,217,8,236,98,4,102,338
09/11/2021,SAC,CA,AWP,WE,Federal Contract Tower,0,3,43,0,46,0,0,247,0,247,0,3,290,0,293,74,0,74,367
09/12/2021,SAC,CA,AWP,WE,Federal Contract Tower,0,3,36,0,39,0,1,154,0,155,0,4,190,0,194,68,0,68,262
09/13/2021,SAC,CA,AWP,WE,Federal Contract Tower,0,3,17,0,20,0,11,76,0,87,0,14,93,0,107,30,0,30,137
09/14/2021,SAC,CA,AWP,WE,Federal Contract Tower,0,3,72,3,78,0,9,186,3,198,0,12,258,6,276,64,0,64,340
09/15/2021,SAC,CA,AWP,WE,Federal Contract Tower,0,4,42,1,47,0,10,144,3,157,0,14,186,4,204,58,0,58,262
09/16/2021,SAC,CA,AWP,WE,Federal Contract Tower,0,2,46,0,48,0,5,179,0,184,0,7,225,0,232,86,0,86,318
09/17/2021,SAC,CA,AWP,WE,Federal Contract Tower,0,2,22,0,24,0,0,166,0,166,0,2,188,0,190,86,0,86,276
09/18/2021,SAC,CA,AWP,WE,Federal Contract Tower,0,1,30,0,31,0,2,187,0,189,0,3,217,0,220,104,0,104,324
09/19/2021,SAC,CA,AWP,WE,Federal Contract Tower,0,2,41,0,43,0,3,121,0,124,0,5,162,0,167,102,0,102,269
09/20/2021,SAC,CA,AWP,WE,Federal Contract Tower,0,5,36,4,45,0,7,152,2,161,0,12,188,6,206,120,0,120,326
09/21/2021,SAC,CA,AWP,WE,Federal Contract Tower,0,1,90,4,95,0,3,250,0,253,0,4,340,4,348,102,0,102,450
09/22/2021,SAC,CA,AWP,WE,Federal Contract Tower,0,6,92,0,98,0,7,292,0,299,0,13,384,0,397,112,0,112,509
09/23/2021,SAC,CA,AWP,WE,Federal Contract Tower,0,2,45,0,47,0,0,213,0,213,0,2,258,0,260,82,0,82,342
09/24/2021,SAC,CA,AWP,WE,Federal Contract Tower,0,5,49,0,54,0,2,186,1,189,0,7,235,1,243,0,106,106,349
09/25/2021,SAC,CA,AWP,WE,Federal Contract Tower,0,5,19,0,24,0,1,145,0,146,0,6,164,0,170,22,0,22,192
09/26/2021,SAC,CA,AWP,WE,Federal Contract Tower,0,7,35,0,42,0,11,127,0,138,0,18,162,0,180,46,0,46,226
09/27/2021,SAC,CA,AWP,WE,Federal Contract Tower,0,6,37,0,43,0,4,113,0,117,0,10,150,0,160,138,0,138,298
09/28/2021,SAC,CA,AWP,WE,Federal Contract Tower,0,11,18,0,29,0,8,88,0,96,0,19,106,0,125,56,0,56,181
09/29/2021,SAC,CA,AWP,WE,Federal Contract Tower,0,2,42,4,48,0,5,177,1,183,0,7,219,5,231,192,0,192,423
09/30/2021,SAC,CA,AWP,WE,Federal Contract Tower,0,3,37,0,40,0,3,220,1,224,0,6,257,1,264,104,0,104,368
10/01/2021,SAC,CA,AWP,WE,Federal Contract Tower,0,0,53,0,53,0,0,245,0,245,0,0,298,0,298,116,0,116,414
10/02/2021,SAC,CA,AWP,WE,Federal Contract Tower,0,3,36,0,39,0,5,228,0,233,0,8,264,0,272,102,0,102,374
10/03/2021,SAC,CA,AWP,WE,Federal Contract Tower,2,2,21,0,25,2,8,115,0,125,4,10,136,0,150,60,0,60,210
10/04/2021,SAC,CA,AWP,WE,Federal Contract Tower,0,2,23,0,25,0,9,155,0,164,0,11,178,0,189,94,0,94,283
10/05/2021,SAC,CA,AWP,WE,Federal Contract Tower,0,4,44,2,50,0,4,187,2,193,0,8,231,4,243,50,0,50,293
10/06/2021,SAC,CA,AWP,WE,Federal Contract Tower,0,5,56,0,61,0,1,224,0,225,0,6,280,0,286,128,0,128,414
10/07/2021,SAC,CA,AWP,WE,Federal Contract Tower,0,0,55,0,55,0,0,186,1,187,0,0,241,1,242,92,0,92,334
10/08/2021,SAC,CA,AWP,WE,Federal Contract Tower,0,1,57,0,58,0,0,144,0,144,0,1,201,0,202,100,0,100,302
10/09/2021,SAC,CA,AWP,WE,Federal Contract Tower,0,3,35,0,38,0,1,177,0,178,0,4,212,0,216,52,0,52,268
10/10/2021,SAC,CA,AWP,WE,Federal Contract Tower,0,8,31,0,39,0,4,136,0,140,0,12,167,0,179,86,0,86,265
10/11/2021,SAC,CA,AWP,WE,Federal Contract Tower,0,0,1,0,1,0,10,14,0,24,0,10,15,0,25,0,0,0,25
10/12/2021,SAC,CA,AWP,WE,Federal Contract Tower,0,1,16,0,17,0,3,55,0,58,0,4,71,0,75,24,0,24,99
10/13/2021,SAC,CA,AWP,WE,Federal Contract Tower,0,1,73,0,74,0,3,238,0,241,0,4,311,0,315,122,0,122,437
10/14/2021,SAC,CA,AWP,WE,Federal Contract Tower,0,1,67,2,70,0,1,227,3,231,0,2,294,5,301,126,0,126,427
10/15/2021,SAC,CA,AWP,WE,Federal Contract Tower,0,8,50,0,58,0,2,260,0,262,0,10,310,0,320,138,0,138,458
10/16/2021,SAC,CA,AWP,WE,Federal Contract Tower,0,3,49,0,52,0,0,215,4,219,0,3,264,4,271,130,0,130,401
10/17/2021,SAC,CA,AWP,WE,Federal Contract Tower,0,4,16,0,20,0,6,93,0,99,0,10,109,0,119,50,0,50,169
10/18/2021,SAC,CA,AWP,WE,Federal Contract Tower,0,5,33,4,42,0,9,129,4,142,0,14,162,8,184,136,0,136,320
10/19/2021,SAC,CA,AWP,WE,Federal Contract Tower,0,15,67,0,82,0,5,203,0,208,0,20,270,0,290,80,0,80,370
10/20/2021,SAC,CA,AWP,WE,Federal Contract Tower,0,5,23,0,28,0,10,70,0,80,0,15,93,0,108,106,0,106,214
10/21/2021,SAC,CA,AWP,WE,Federal Contract Tower,0,0,31,4,35,0,4,80,2,86,0,4,111,6,121,36,0,36,157
10/22/2021,SAC,CA,AWP,WE,Federal Contract Tower,0,1,48,0,49,0,1,118,0,119,0,2,166,0,168,98,0,98,266
10/23/2021,SAC,CA,AWP,WE,Federal Contract Tower,0,5,22,0,27,0,0,108,0,108,0,5,130,0,135,94,0,94,229
10/24/2021,SAC,CA,AWP,WE,Federal Contract Tower,0,3,5,0,8,0,0,0,0,0,0,3,5,0,8,0,0,0,8
10/25/2021,SAC,CA,AWP,WE,Federal Contract Tower,0,6,56,0,62,0,11,96,0,107,0,17,152,0,169,76,0,76,245
10/26/2021,SAC,CA,AWP,WE,Federal Contract Tower,0,5,47,0,52,0,2,160,0,162,0,7,207,0,214,188,0,188,402
10/27/2021,SAC,CA,AWP,WE,Federal Contract Tower,0,0,72,0,72,0,8,245,0,253,0,8,317,0,325,214,0,214,539
10/28/2021,SAC,CA,AWP,WE,Federal Contract Tower,0,2,63,2,67,0,1,148,2,151,0,3,211,4,218,106,0,106,324
10/29/2021,SAC,CA,AWP,WE,Federal Contract Tower,0,4,61,2,67,0,3,265,2,270,0,7,326,4,337,118,0,118,455
10/30/2021,SAC,CA,AWP,WE,Federal Contract Tower,0,2,50,0,52,0,0,164,0,164,0,2,214,0,216,98,0,98,314
10/31/2021,SAC,CA,AWP,WE,Federal Contract Tower,0,0,18,1,19,0,6,242,1,249,0,6,260,2,268,16,0,16,284
11/01/2021,SAC,CA,AWP,WE,Federal Contract Tower,0,2,14,0,16,0,3,37,0,40,0,5,51,0,56,120,0,120,176
11/02/2021,SAC,CA,AWP,WE,Federal Contract Tower,0,1,55,0,56,0,6,84,0,90,0,7,139,0,146,110,0,110,256
11/03/2021,SAC,CA,AWP,WE,Federal Contract Tower,0,5,75,1,81,0,5,268,1,274,0,10,343,2,355,196,0,196,551
11/04/2021,SAC,CA,AWP,WE,Federal Contract Tower,0,0,52,0,52,0,3,219,1,223,0,3,271,1,275,138,0,138,413
11/05/2021,SAC,CA,AWP,WE,Federal Contract Tower,0,2,40,0,42,0,1,226,0,227,0,3,266,0,269,168,0,168,437
11/06/2021,SAC,CA,AWP,WE,Federal Contract Tower,0,0,24,0,24,0,0,120,0,120,0,0,144,0,144,68,0,68,212
11/07/2021,SAC,CA,AWP,WE,Federal Contract Tower,0,4,44,0,48,0,1,152,0,153,0,5,196,0,201,110,0,110,311
11/08/2021,SAC,CA,AWP,WE,Federal Contract Tower,0,8,33,0,41,0,17,118,4,139,0,25,151,4,180,58,0,58,238
11/09/2021,SAC,CA,AWP,WE,Federal Contract Tower,0,0,13,8,21,0,0,18,4,22,0,0,31,12,43,32,0,32,75
11/10/2021,SAC,CA,AWP,WE,Federal Contract Tower,0,0,56,8,64,0,0,83,2,85,0,0,139,10,149,26,0,26,175
11/11/2021,SAC,CA,AWP,WE,Federal Contract Tower,0,1,51,0,52,0,3,200,0,203,0,4,251,0,255,120,0,120,375
11/12/2021,SAC,CA,AWP,WE,Federal Contract Tower,0,3,64,0,67,0,0,0,0,0,0,3,64,0,67,0,0,0,67
11/13/2021,SAC,CA,AWP,WE,Federal Contract Tower,0,3,30,0,33,0,2,25,0,27,0,5,55,0,60,28,0,28,88
11/14/2021,SAC,CA,AWP,WE,Federal Contract Tower,0,0,21,0,21,0,0,0,0,0,0,0,21,0,21,0,0,0,21
11/15/2021,SAC,CA,AWP,WE,Federal Contract Tower,0,15,30,0,45,0,0,0,0,0,0,15,30,0,45,0,0,0,45
11/16/2021,SAC,CA,AWP,WE,Federal Contract Tower,0,3,30,0,33,0,0,79,0,79,0,3,109,0,112,54,0,54,166
11/17/2021,SAC,CA,AWP,WE,Federal Contract Tower,0,3,66,3,72,0,0,99,1,100,0,3,165,4,172,156,0,156,328
11/18/2021,SAC,CA,AWP,WE,Federal Contract Tower,0,8,30,0,38,0,0,89,0,89,0,8,119,0,127,78,0,78,205
11/19/2021,SAC,CA,AWP,WE,Federal Contract Tower,0,5,60,0,65,0,0,75,0,75,0,5,135,0,140,56,0,56,196
11/20/2021,SAC,CA,AWP,WE,Federal Contract Tower,0,3,56,0,59,0,0,220,0,220,0,3,276,0,279,98,0,98,377
11/21/2021,SAC,CA,AWP,WE,Federal Contract Tower,0,2,35,0,37,0,1,163,0,164,0,3,198,0,201,68,0,68,269
11/22/2021,SAC,CA,AWP,WE,Federal Contract Tower,0,2,28,0,30,0,10,133,0,143,0,12,161,0,173,84,0,84,257
11/23/2021,SAC,CA,AWP,WE,Federal Contract Tower,0,3,29,2,34,0,1,59,0,60,0,4,88,2,94,52,0,52,146
11/24/2021,SAC,CA,AWP,WE,Federal Contract Tower,0,2,52,0,54,0,2,179,0,181,0,4,231,0,235,52,0,52,287
11/25/2021,SAC,CA,AWP,WE,Federal Contract Tower,0,0,16,0,16,0,1,49,0,50,0,1,65,0,66,6,0,6,72
11/26/2021,SAC,CA,AWP,WE,Federal Contract Tower,0,3,22,0,25,0,1,120,0,121,0,4,142,0,146,108,0,108,254
11/27/2021,SAC,CA,AWP,WE,Federal Contract Tower,0,2,34,0,36,0,0,164,0,164,0,2,198,0,200,66,0,66,266
11/28/2021,SAC,CA,AWP,WE,Federal Contract Tower,0,4,45,0,49,0,5,202,0,207,0,9,247,0,256,102,0,102,358
11/29/2021,SAC,CA,AWP,WE,Federal Contract Tower,0,10,41,0,51,0,21,161,0,182,0,31,202,0,233,112,0,112,345
11/30/2021,SAC,CA,AWP,WE,Federal Contract Tower,0,7,39,2,48,0,8,155,2,165,0,15,194,4,213,48,0,48,261
12/01/2021,SAC,CA,AWP,WE,Federal Contract Tower,0,2,44,0,46,0,1,149,0,150,0,3,193,0,196,120,0,120,316
12/02/2021,SAC,CA,AWP,WE,Federal Contract Tower,0,4,40,0,44,0,6,139,0,145,0,10,179,0,189,86,0,86,275
12/03/2021,SAC,CA,AWP,WE,Federal Contract Tower,0,6,43,1,50,0,0,32,1,33,0,6,75,2,83,42,0,42,125
12/04/2021,SAC,CA,AWP,WE,Federal Contract Tower,0,1,24,0,25,0,0,0,0,0,0,1,24,0,25,0,0,0,25
12/05/2021,SAC,CA,AWP,WE,Federal Contract Tower,0,0,37,4,41,0,0,37,0,37,0,0,74,4,78,32,0,32,110
12/06/2021,SAC,CA,AWP,WE,Federal Contract Tower,0,8,45,0,53,0,0,0,0,0,0,8,45,0,53,0,0,0,53
12/07/2021,SAC,CA,AWP,WE,Federal Contract Tower,0,17,44,1,62,0,1,21,0,22,0,18,65,1,84,0,0,0,84
12/08/2021,SAC,CA,AWP,WE,Federal Contract Tower,0,17,12,1,30,0,0,0,0,0,0,17,12,1,30,0,0,0,30
12/09/2021,SAC,CA,AWP,WE,Federal Contract Tower,0,10,38,0,48,0,7,104,0,111,0,17,142,0,159,126,0,126,285
12/10/2021,SAC,CA,AWP,WE,Federal Contract Tower,0,1,52,0,53,0,7,230,0,237,0,8,282,0,290,16,0,16,306
12/11/2021,SAC,CA,AWP,WE,Federal Contract Tower,0,1,52,0,53,0,3,238,0,241,0,4,290,0,294,2,0,2,296
12/12/2021,SAC,CA,AWP,WE,Federal Contract Tower,0,0,5,0,5,0,2,4,0,6,0,2,9,0,11,0,0,0,11
12/13/2021,SAC,CA,AWP,WE,Federal Contract Tower,0,9,4,0,13,0,0,0,0,0,0,9,4,0,13,0,0,0,13
12/14/2021,SAC,CA,AWP,WE,Federal Contract Tower,0,4,40,0,44,0,15,85,0,100,0,19,125,0,144,0,0,0,144
12/15/2021,SAC,CA,AWP,WE,Federal Contract Tower,0,0,10,0,10,0,6,22,0,28,0,6,32,0,38,0,0,0,38
12/16/2021,SAC,CA,AWP,WE,Federal Contract Tower,0,5,29,0,34,0,5,70,0,75,0,10,99,0,109,114,0,114,223
12/17/2021,SAC,CA,AWP,WE,Federal Contract Tower,0,6,67,0,73,0,1,139,0,140,0,7,206,0,213,2,0,2,215
12/18/2021,SAC,CA,AWP,WE,Federal Contract Tower,0,4,26,0,30,0,0,1,0,1,0,4,27,0,31,0,0,0,31
12/19/2021,SAC,CA,AWP,WE,Federal Contract Tower,0,0,51,0,51,0,0,9,0,9,0,0,60,0,60,0,0,0,60
12/20/2021,SAC,CA,AWP,WE,Federal Contract Tower,0,5,45,0,50,0,3,21,0,24,0,8,66,0,74,4,0,4,78
12/21/2021,SAC,CA,AWP,WE,Federal Contract Tower,0,4,28,0,32,0,1,15,0,16,0,5,43,0,48,0,0,0,48
12/22/2021,SAC,CA,AWP,WE,Federal Contract Tower,0,6,11,0,17,0,0,0,0,0,0,6,11,0,17,0,0,0,17
12/23/2021,SAC,CA,AWP,WE,Federal Contract Tower,0,1,20,0,21,0,3,7,0,10,0,4,27,0,31,0,0,0,31
12/24/2021,SAC,CA,AWP,WE,Federal Contract Tower,0,3,18,0,21,0,0,49,0,49,0,3,67,0,70,4,0,4,74
12/25/2021,SAC,CA,AWP,WE,Federal Contract Tower,0,0,0,0,0,0,0,0,0,0,0,0,0,0,0,0,0,0,0
12/26/2021,SAC,CA,AWP,WE,Federal Contract Tower,0,1,13,0,14,0,1,17,0,18,0,2,30,0,32,0,0,0,32
12/27/2021,SAC,CA,AWP,WE,Federal Contract Tower,0,15,19,0,34,0,17,58,0,75,0,32,77,0,109,78,0,78,187
12/28/2021,SAC,CA,AWP,WE,Federal Contract Tower,0,7,23,0,30,0,8,73,0,81,0,15,96,0,111,0,0,0,111
12/29/2021,SAC,CA,AWP,WE,Federal Contract Tower,0,3,4,0,7,0,0,0,0,0,0,3,4,0,7,0,0,0,7
12/30/2021,SAC,CA,AWP,WE,Federal Contract Tower,0,9,59,1,69,0,9,174,2,185,0,18,233,3,254,76,0,76,330
12/31/2021,SAC,CA,AWP,WE,Federal Contract Tower,0,6,70,0,76,0,12,159,4,175,0,18,229,4,251,0,0,0,251
01/01/2022,SAC,CA,AWP,WE,Federal Contract Tower,0,1,46,0,47,0,2,169,0,171,0,3,215,0,218,4,0,4,222
01/02/2022,SAC,CA,AWP,WE,Federal Contract Tower,0,2,26,1,29,0,0,163,1,164,0,2,189,2,193,2,0,2,195
01/03/2022,SAC,CA,AWP,WE,Federal Contract Tower,0,1,25,0,26,0,2,79,0,81,0,3,104,0,107,78,0,78,185
01/04/2022,SAC,CA,AWP,WE,Federal Contract Tower,0,19,40,0,59,0,14,75,0,89,0,33,115,0,148,0,0,0,148
01/05/2022,SAC,CA,AWP,WE,Federal Contract Tower,0,5,31,0,36,0,7,40,0,47,0,12,71,0,83,0,0,0,83
01/06/2022,SAC,CA,AWP,WE,Federal Contract Tower,0,4,42,0,46,0,1,5,0,6,0,5,47,0,52,6,0,6,58
01/07/2022,SAC,CA,AWP,WE,Federal Contract Tower,0,6,49,0,55,0,2,29,0,31,0,8,78,0,86,0,0,0,86
01/08/2022,SAC,CA,AWP,WE,Federal Contract Tower,0,2,20,0,22,0,1,98,2,101,0,3,118,2,123,4,0,4,127
01/09/2022,SAC,CA,AWP,WE,Federal Contract Tower,0,3,28,0,31,0,2,126,0,128,0,5,154,0,159,0,0,0,159
01/10/2022,SAC,CA,AWP,WE,Federal Contract Tower,0,4,44,0,48,0,4,162,0,166,0,8,206,0,214,2,0,2,216
01/11/2022,SAC,CA,AWP,WE,Federal Contract Tower,0,4,45,0,49,0,15,164,0,179,0,19,209,0,228,0,0,0,228
01/12/2022,SAC,CA,AWP,WE,Federal Contract Tower,0,5,31,0,36,0,7,136,0,143,0,12,167,0,179,0,0,0,179
01/13/2022,SAC,CA,AWP,WE,Federal Contract Tower,0,4,48,2,54,0,8,147,2,157,0,12,195,4,211,4,0,4,215
01/14/2022,SAC,CA,AWP,WE,Federal Contract Tower,0,1,47,0,48,0,7,165,0,172,0,8,212,0,220,22,0,22,242
01/15/2022,SAC,CA,AWP,WE,Federal Contract Tower,0,0,35,0,35,0,2,52,0,54,0,2,87,0,89,0,0,0,89
01/16/2022,SAC,CA,AWP,WE,Federal Contract Tower,0,1,19,0,20,0,4,102,0,106,0,5,121,0,126,2,0,2,128
01/17/2022,SAC,CA,AWP,WE,Federal Contract Tower,0,3,56,0,59,0,3,186,0,189,0,6,242,0,248,140,0,140,388
01/18/2022,SAC,CA,AWP,WE,Federal Contract Tower,0,2,53,0,55,0,11,166,0,177,0,13,219,0,232,0,0,0,232
01/19/2022,SAC,CA,AWP,WE,Federal Contract Tower,0,6,29,0,35,0,6,143,0,149,0,12,172,0,184,0,0,0,184
01/20/2022,SAC,CA,AWP,WE,Federal Contract Tower,0,3,60,0,63,0,1,211,0,212,0,4,271,0,275,116,0,116,391
01/21/2022,SAC,CA,AWP,WE,Federal Contract Tower,0,5,7,0,12,0,20,28,0,48,0,25,35,0,60,0,0,0,60
01/22/2022,SAC,CA,AWP,WE,Federal Contract Tower,0,3,18,0,21,0,0,75,0,75,0,3,93,0,96,0,0,0,96
01/23/2022,SAC,CA,AWP,WE,Federal Contract Tower,0,0,14,0,14,0,5,109,0,114,0,5,123,0,128,0,0,0,128
01/24/2022,SAC,CA,AWP,WE,Federal Contract Tower,0,3,64,0,67,0,8,188,0,196,0,11,252,0,263,2,0,2,265
01/25/2022,SAC,CA,AWP,WE,Federal Contract Tower,0,6,39,0,45,0,13,131,0,144,0,19,170,0,189,0,0,0,189
01/26/2022,SAC,CA,AWP,WE,Federal Contract Tower,0,3,26,0,29,0,9,232,0,241,0,12,258,0,270,4,0,4,274
01/27/2022,SAC,CA,AWP,WE,Federal Contract Tower,0,6,14,0,20,0,14,204,0,218,0,20,218,0,238,0,0,0,238
01/28/2022,SAC,CA,AWP,WE,Federal Contract Tower,0,4,19,0,23,0,13,218,0,231,0,17,237,0,254,0,0,0,254
01/29/2022,SAC,CA,AWP,WE,Federal Contract Tower,0,6,12,0,18,0,4,237,0,241,0,10,249,0,259,0,0,0,259
01/30/2022,SAC,CA,AWP,WE,Federal Contract Tower,0,2,8,0,10,0,3,124,0,127,0,5,132,0,137,2,0,2,139
01/31/2022,SAC,CA,AWP,WE,Federal Contract Tower,0,1,18,2,21,0,16,140,2,158,0,17,158,4,179,0,0,0,179
02/01/2022,SAC,CA,AWP,WE,Federal Contract Tower,0,4,8,0,12,0,8,42,0,50,0,12,50,0,62,0,0,0,62
02/02/2022,SAC,CA,AWP,WE,Federal Contract Tower,0,1,10,0,11,0,3,40,0,43,0,4,50,0,54,0,0,0,54
02/03/2022,SAC,CA,AWP,WE,Federal Contract Tower,0,0,20,0,20,0,5,167,0,172,0,5,187,0,192,0,0,0,192
02/04/2022,SAC,CA,AWP,WE,Federal Contract Tower,0,2,28,0,30,0,0,166,0,166,0,2,194,0,196,0,0,0,196
02/05/2022,SAC,CA,AWP,WE,Federal Contract Tower,0,2,16,0,18,0,10,169,0,179,0,12,185,0,197,0,0,0,197
02/06/2022,SAC,CA,AWP,WE,Federal Contract Tower,0,0,12,0,12,0,4,129,0,133,0,4,141,0,145,0,0,0,145
02/07/2022,SAC,CA,AWP,WE,Federal Contract Tower,0,0,18,0,18,0,6,109,0,115,0,6,127,0,133,0,0,0,133
02/08/2022,SAC,CA,AWP,WE,Federal Contract Tower,0,2,26,0,28,0,10,150,0,160,0,12,176,0,188,0,0,0,188
02/09/2022,SAC,CA,AWP,WE,Federal Contract Tower,0,1,35,0,36,0,5,147,0,152,0,6,182,0,188,2,0,2,190
02/10/2022,SAC,CA,AWP,WE,Federal Contract Tower,0,6,36,0,42,0,4,148,0,152,0,10,184,0,194,0,0,0,194
02/11/2022,SAC,CA,AWP,WE,Federal Contract Tower,0,2,18,0,20,0,12,166,0,178,0,14,184,0,198,0,0,0,198
02/12/2022,SAC,CA,AWP,WE,Federal Contract Tower,0,1,6,0,7,0,11,199,0,210,0,12,205,0,217,2,0,2,219
02/13/2022,SAC,CA,AWP,WE,Federal Contract Tower,0,1,7,0,8,0,2,107,0,109,0,3,114,0,117,0,0,0,117
02/14/2022,SAC,CA,AWP,WE,Federal Contract Tower,0,5,11,0,16,0,2,66,0,68,0,7,77,0,84,0,0,0,84
02/15/2022,SAC,CA,AWP,WE,Federal Contract Tower,0,4,9,2,15,0,6,21,0,27,0,10,30,2,42,0,0,0,42
02/16/2022,SAC,CA,AWP,WE,Federal Contract Tower,0,3,27,0,30,0,8,150,0,158,0,11,177,0,188,0,0,0,188
02/17/2022,SAC,CA,AWP,WE,Federal Contract Tower,0,3,25,0,28,0,18,204,0,222,0,21,229,0,250,0,0,0,250
02/18/2022,SAC,CA,AWP,WE,Federal Contract Tower,0,4,23,0,27,0,22,198,0,220,0,26,221,0,247,0,0,0,247
02/19/2022,SAC,CA,AWP,WE,Federal Contract Tower,0,7,26,0,33,0,23,241,0,264,0,30,267,0,297,0,0,0,297
02/20/2022,SAC,CA,AWP,WE,Federal Contract Tower,0,0,14,0,14,0,10,107,0,117,0,10,121,0,131,4,0,4,135
02/21/2022,SAC,CA,AWP,WE,Federal Contract Tower,0,0,16,0,16,0,10,86,0,96,0,10,102,0,112,2,0,2,114
02/22/2022,SAC,CA,AWP,WE,Federal Contract Tower,0,6,4,0,10,0,12,82,0,94,0,18,86,0,104,0,0,0,104
02/23/2022,SAC,CA,AWP,WE,Federal Contract Tower,0,9,22,0,31,0,16,112,0,128,0,25,134,0,159,0,0,0,159
02/24/2022,SAC,CA,AWP,WE,Federal Contract Tower,0,7,38,0,45,0,28,189,0,217,0,35,227,0,262,0,0,0,262
02/25/2022,SAC,CA,AWP,WE,Federal Contract Tower,0,8,32,0,40,0,40,175,0,215,0,48,207,0,255,2,0,2,257
02/26/2022,SAC,CA,AWP,WE,Federal Contract Tower,0,2,42,0,44,0,17,226,0,243,0,19,268,0,287,6,0,6,293
02/27/2022,SAC,CA,AWP,WE,Federal Contract Tower,0,0,12,0,12,0,7,122,0,129,0,7,134,0,141,0,0,0,141
02/28/2022,SAC,CA,AWP,WE,Federal Contract Tower,0,1,23,0,24,0,11,154,0,165,0,12,177,0,189,0,0,0,189
03/01/2022,SAC,CA,AWP,WE,Federal Contract Tower,0,5,28,0,33,0,6,153,0,159,0,11,181,0,192,0,0,0,192
03/02/2022,SAC,CA,AWP,WE,Federal Contract Tower,0,3,44,0,47,0,13,187,0,200,0,16,231,0,247,2,0,2,249
03/03/2022,SAC,CA,AWP,WE,Federal Contract Tower,0,4,17,0,21,0,12,145,1,158,0,16,162,1,179,2,0,2,181
03/04/2022,SAC,CA,AWP,WE,Federal Contract Tower,0,6,25,0,31,0,11,88,0,99,0,17,113,0,130,0,0,0,130
03/05/2022,SAC,CA,AWP,WE,Federal Contract Tower,0,3,15,0,18,0,11,96,0,107,0,14,111,0,125,0,0,0,125
03/06/2022,SAC,CA,AWP,WE,Federal Contract Tower,0,0,28,0,28,0,11,141,0,152,0,11,169,0,180,2,0,2,182
03/07/2022,SAC,CA,AWP,WE,Federal Contract Tower,0,1,13,0,14,0,5,51,0,56,0,6,64,0,70,2,0,2,72
03/08/2022,SAC,CA,AWP,WE,Federal Contract Tower,0,1,51,0,52,0,23,216,0,239,0,24,267,0,291,2,0,2,293
03/09/2022,SAC,CA,AWP,WE,Federal Contract Tower,0,1,70,0,71,0,15,230,0,245,0,16,300,0,316,2,0,2,318
03/10/2022,SAC,CA,AWP,WE,Federal Contract Tower,0,0,7,0,7,0,2,38,0,40,0,2,45,0,47,0,0,0,47
03/11/2022,SAC,CA,AWP,WE,Federal Contract Tower,0,3,26,0,29,0,10,196,1,207,0,13,222,1,236,2,0,2,238
03/12/2022,SAC,CA,AWP,WE,Federal Contract Tower,0,2,21,0,23,0,17,219,0,236,0,19,240,0,259,0,0,0,259
03/13/2022,SAC,CA,AWP,WE,Federal Contract Tower,0,1,15,0,16,0,5,112,0,117,0,6,127,0,133,0,0,0,133
03/14/2022,SAC,CA,AWP,WE,Federal Contract Tower,0,0,22,0,22,0,2,163,0,165,0,2,185,0,187,0,0,0,187
03/15/2022,SAC,CA,AWP,WE,Federal Contract Tower,0,5,38,0,43,0,3,58,1,62,0,8,96,1,105,0,0,0,105
03/16/2022,SAC,CA,AWP,WE,Federal Contract Tower,0,8,32,0,40,0,17,193,0,210,0,25,225,0,250,2,0,2,252
03/17/2022,SAC,CA,AWP,WE,Federal Contract Tower,0,4,14,0,18,0,7,175,0,182,0,11,189,0,200,0,0,0,200
03/18/2022,SAC,CA,AWP,WE,Federal Contract Tower,0,6,21,0,27,0,18,220,0,238,0,24,241,0,265,0,0,0,265
03/19/2022,SAC,CA,AWP,WE,Federal Contract Tower,0,2,5,0,7,0,3,32,0,35,0,5,37,0,42,0,0,0,42
03/20/2022,SAC,CA,AWP,WE,Federal Contract Tower,0,1,7,0,8,0,8,71,0,79,0,9,78,0,87,0,0,0,87
03/21/2022,SAC,CA,AWP,WE,Federal Contract Tower,0,0,11,0,11,0,5,92,0,97,0,5,103,0,108,0,0,0,108
03/22/2022,SAC,CA,AWP,WE,Federal Contract Tower,0,1,24,2,27,0,9,188,2,199,0,10,212,4,226,0,0,0,226
03/23/2022,SAC,CA,AWP,WE,Federal Contract Tower,0,4,25,0,29,0,14,165,0,179,0,18,190,0,208,2,0,2,210
03/24/2022,SAC,CA,AWP,WE,Federal Contract Tower,0,3,21,0,24,0,22,223,0,245,0,25,244,0,269,0,0,0,269
03/25/2022,SAC,CA,AWP,WE,Federal Contract Tower,0,3,32,0,35,0,7,218,0,225,0,10,250,0,260,4,0,4,264
03/26/2022,SAC,CA,AWP,WE,Federal Contract Tower,0,2,26,0,28,0,4,214,0,218,0,6,240,0,246,0,0,0,246
03/27/2022,SAC,CA,AWP,WE,Federal Contract Tower,0,0,9,0,9,0,4,88,0,92,0,4,97,0,101,0,0,0,101
03/28/2022,SAC,CA,AWP,WE,Federal Contract Tower,0,0,6,0,6,0,1,36,0,37,0,1,42,0,43,0,0,0,43
03/29/2022,SAC,CA,AWP,WE,Federal Contract Tower,0,0,30,2,32,0,7,98,1,106,0,7,128,3,138,2,0,2,140
03/30/2022,SAC,CA,AWP,WE,Federal Contract Tower,0,6,22,0,28,0,12,24,0,36,0,18,46,0,64,0,0,0,64
03/31/2022,SAC,CA,AWP,WE,Federal Contract Tower,0,3,27,0,30,0,11,150,0,161,0,14,177,0,191,0,0,0,191
04/01/2022,SAC,CA,AWP,WE,Federal Contract Tower,0,3,29,0,32,0,20,176,0,196,0,23,205,0,228,0,0,0,228
04/02/2022,SAC,CA,AWP,WE,Federal Contract Tower,0,2,20,0,22,0,16,205,0,221,0,18,225,0,243,4,0,4,247
04/03/2022,SAC,CA,AWP,WE,Federal Contract Tower,0,0,12,0,12,0,9,102,0,111,0,9,114,0,123,0,0,0,123
04/04/2022,SAC,CA,AWP,WE,Federal Contract Tower,0,3,21,0,24,0,6,126,0,132,0,9,147,0,156,0,0,0,156
04/05/2022,SAC,CA,AWP,WE,Federal Contract Tower,0,14,20,0,34,0,24,110,0,134,0,38,130,0,168,2,0,2,170
04/06/2022,SAC,CA,AWP,WE,Federal Contract Tower,0,3,19,0,22,0,26,223,0,249,0,29,242,0,271,2,0,2,273
04/07/2022,SAC,CA,AWP,WE,Federal Contract Tower,0,10,49,2,61,0,24,302,0,326,0,34,351,2,387,2,0,2,389
04/08/2022,SAC,CA,AWP,WE,Federal Contract Tower,0,7,32,0,39,0,34,239,0,273,0,41,271,0,312,0,0,0,312
04/09/2022,SAC,CA,AWP,WE,Federal Contract Tower,0,0,0,0,0,0,0,0,0,0,0,0,0,0,0,0,0,0,0
04/10/2022,SAC,CA,AWP,WE,Federal Contract Tower,0,0,0,0,0,0,0,0,0,0,0,0,0,0,0,0,0,0,0
04/11/2022,SAC,CA,AWP,WE,Federal Contract Tower,0,1,4,0,5,0,2,11,0,13,0,3,15,0,18,0,0,0,18
04/12/2022,SAC,CA,AWP,WE,Federal Contract Tower,0,0,43,0,43,0,25,249,0,274,0,25,292,0,317,0,0,0,317
04/13/2022,SAC,CA,AWP,WE,Federal Contract Tower,0,5,36,0,41,0,19,184,0,203,0,24,220,0,244,0,0,0,244
04/14/2022,SAC,CA,AWP,WE,Federal Contract Tower,0,1,17,0,18,0,6,14,0,20,0,7,31,0,38,0,0,0,38
04/15/2022,SAC,CA,AWP,WE,Federal Contract Tower,0,5,28,0,33,0,22,224,0,246,0,27,252,0,279,0,0,0,279
04/16/2022,SAC,CA,AWP,WE,Federal Contract Tower,0,2,17,0,19,0,0,41,0,41,0,2,58,0,60,0,0,0,60
04/17/2022,SAC,CA,AWP,WE,Federal Contract Tower,0,2,4,0,6,0,4,104,0,108,0,6,108,0,114,0,0,0,114
04/18/2022,SAC,CA,AWP,WE,Federal Contract Tower,0,3,17,0,20,0,10,166,0,176,0,13,183,0,196,0,0,0,196
04/19/2022,SAC,CA,AWP,WE,Federal Contract Tower,0,4,23,0,27,0,6,139,0,145,0,10,162,0,172,0,0,0,172
04/20/2022,SAC,CA,AWP,WE,Federal Contract Tower,0,6,27,0,33,0,22,179,0,201,0,28,206,0,234,0,0,0,234
04/21/2022,SAC,CA,AWP,WE,Federal Contract Tower,0,5,21,0,26,0,1,22,0,23,0,6,43,0,49,0,0,0,49
04/22/2022,SAC,CA,AWP,WE,Federal Contract Tower,0,4,33,0,37,0,24,250,0,274,0,28,283,0,311,0,0,0,311
04/23/2022,SAC,CA,AWP,WE,Federal Contract Tower,0,0,0,0,0,0,0,0,0,0,0,0,0,0,0,0,0,0,0
04/24/2022,SAC,CA,AWP,WE,Federal Contract Tower,0,1,10,0,11,0,2,140,0,142,0,3,150,0,153,0,0,0,153
04/25/2022,SAC,CA,AWP,WE,Federal Contract Tower,0,5,8,0,13,0,10,185,0,195,0,15,193,0,208,0,0,0,208
04/26/2022,SAC,CA,AWP,WE,Federal Contract Tower,0,5,33,0,38,0,12,191,0,203,0,17,224,0,241,0,0,0,241
04/27/2022,SAC,CA,AWP,WE,Federal Contract Tower,0,9,19,0,28,0,17,172,0,189,0,26,191,0,217,0,0,0,217
04/28/2022,SAC,CA,AWP,WE,Federal Contract Tower,0,0,18,0,18,0,16,163,0,179,0,16,181,0,197,0,0,0,197
04/29/2022,SAC,CA,AWP,WE,Federal Contract Tower,0,5,16,0,21,0,18,148,0,166,0,23,164,0,187,0,0,0,187
04/30/2022,SAC,CA,AWP,WE,Federal Contract Tower,0,5,25,0,30,0,6,196,0,202,0,11,221,0,232,2,0,2,234
05/01/2022,SAC,CA,AWP,WE,Federal Contract Tower,0,0,7,0,7,0,2,71,0,73,0,2,78,0,80,0,0,0,80
05/02/2022,SAC,CA,AWP,WE,Federal Contract Tower,0,5,10,0,15,0,7,141,0,148,0,12,151,0,163,0,0,0,163
05/03/2022,SAC,CA,AWP,WE,Federal Contract Tower,0,5,5,0,10,0,12,67,0,79,0,17,72,0,89,0,0,0,89
05/04/2022,SAC,CA,AWP,WE,Federal Contract Tower,0,2,23,0,25,0,17,234,0,251,0,19,257,0,276,0,0,0,276
05/05/2022,SAC,CA,AWP,WE,Federal Contract Tower,0,4,21,0,25,0,32,203,0,235,0,36,224,0,260,0,0,0,260
05/06/2022,SAC,CA,AWP,WE,Federal Contract Tower,0,2,22,0,24,0,7,113,0,120,0,9,135,0,144,0,0,0,144
05/07/2022,SAC,CA,AWP,WE,Federal Contract Tower,0,2,21,0,23,0,11,257,0,268,0,13,278,0,291,0,0,0,291
05/08/2022,SAC,CA,AWP,WE,Federal Contract Tower,0,0,0,0,0,0,0,0,0,0,0,0,0,0,0,0,0,0,0
05/09/2022,SAC,CA,AWP,WE,Federal Contract Tower,0,4,10,0,14,0,43,135,0,178,0,47,145,0,192,0,0,0,192
05/10/2022,SAC,CA,AWP,WE,Federal Contract Tower,0,7,8,0,15,0,26,114,0,140,0,33,122,0,155,0,0,0,155
05/11/2022,SAC,CA,AWP,WE,Federal Contract Tower,0,8,16,0,24,0,45,255,0,300,0,53,271,0,324,2,0,2,326
05/12/2022,SAC,CA,AWP,WE,Federal Contract Tower,0,15,26,0,41,0,31,279,0,310,0,46,305,0,351,0,0,0,351
05/13/2022,SAC,CA,AWP,WE,Federal Contract Tower,0,10,36,0,46,0,39,314,0,353,0,49,350,0,399,0,0,0,399
05/14/2022,SAC,CA,AWP,WE,Federal Contract Tower,0,0,0,0,0,0,0,0,0,0,0,0,0,0,0,0,0,0,0
05/15/2022,SAC,CA,AWP,WE,Federal Contract Tower,0,0,0,0,0,0,0,0,0,0,0,0,0,0,0,0,0,0,0
05/16/2022,SAC,CA,AWP,WE,Federal Contract Tower,0,10,11,0,21,0,24,210,0,234,0,34,221,0,255,0,0,0,255
05/17/2022,SAC,CA,AWP,WE,Federal Contract Tower,0,3,14,0,17,0,18,184,0,202,0,21,198,0,219,2,0,2,221
05/18/2022,SAC,CA,AWP,WE,Federal Contract Tower,0,4,26,0,30,0,33,177,0,210,0,37,203,0,240,0,0,0,240
05/19/2022,SAC,CA,AWP,WE,Federal Contract Tower,0,4,18,0,22,0,43,75,0,118,0,47,93,0,140,0,0,0,140
05/20/2022,SAC,CA,AWP,WE,Federal Contract Tower,0,3,1,0,4,0,11,32,0,43,0,14,33,0,47,0,0,0,47
05/21/2022,SAC,CA,AWP,WE,Federal Contract Tower,0,0,0,0,0,0,0,0,0,0,0,0,0,0,0,0,0,0,0
05/22/2022,SAC,CA,AWP,WE,Federal Contract Tower,0,2,11,0,13,0,13,123,0,136,0,15,134,0,149,0,0,0,149
05/23/2022,SAC,CA,AWP,WE,Federal Contract Tower,0,1,3,0,4,0,4,91,0,95,0,5,94,0,99,0,0,0,99
05/24/2022,SAC,CA,AWP,WE,Federal Contract Tower,0,4,9,0,13,0,8,122,0,130,0,12,131,0,143,0,0,0,143
05/25/2022,SAC,CA,AWP,WE,Federal Contract Tower,0,3,9,0,12,0,0,91,0,91,0,3,100,0,103,0,0,0,103
05/26/2022,SAC,CA,AWP,WE,Federal Contract Tower,0,0,0,0,0,0,0,0,0,0,0,0,0,0,0,0,0,0,0
05/27/2022,SAC,CA,AWP,WE,Federal Contract Tower,0,0,12,0,12,0,2,117,0,119,0,2,129,0,131,0,0,0,131
05/28/2022,SAC,CA,AWP,WE,Federal Contract Tower,0,0,0,0,0,0,0,0,0,0,0,0,0,0,0,0,0,0,0
05/29/2022,SAC,CA,AWP,WE,Federal Contract Tower,0,0,0,0,0,0,0,0,0,0,0,0,0,0,0,0,0,0,0
05/30/2022,SAC,CA,AWP,WE,Federal Contract Tower,0,0,10,0,10,0,3,90,0,93,0,3,100,0,103,0,0,0,103
05/31/2022,SAC,CA,AWP,WE,Federal Contract Tower,0,0,6,0,6,0,4,74,0,78,0,4,80,0,84,0,0,0,84
06/01/2022,SAC,CA,AWP,WE,Federal Contract Tower,0,0,11,0,11,0,1,135,0,136,0,1,146,0,147,0,0,0,147
06/02/2022,SAC,CA,AWP,WE,Federal Contract Tower,0,0,8,0,8,0,14,121,0,135,0,14,129,0,143,64,0,64,207
06/03/2022,SAC,CA,AWP,WE,Federal Contract Tower,0,2,14,0,16,0,3,137,0,140,0,5,151,0,156,94,0,94,250
06/04/2022,SAC,CA,AWP,WE,Federal Contract Tower,0,0,0,0,0,0,0,0,0,0,0,0,0,0,0,0,0,0,0
06/05/2022,SAC,CA,AWP,WE,Federal Contract Tower,0,0,8,0,8,0,0,82,0,82,0,0,90,0,90,0,0,0,90
06/06/2022,SAC,CA,AWP,WE,Federal Contract Tower,0,0,0,0,0,0,0,0,0,0,0,0,0,0,0,0,0,0,0
06/07/2022,SAC,CA,AWP,WE,Federal Contract Tower,0,0,0,0,0,0,0,0,0,0,0,0,0,0,0,0,0,0,0
06/08/2022,SAC,CA,AWP,WE,Federal Contract Tower,0,0,0,0,0,0,0,0,0,0,0,0,0,0,0,0,0,0,0
06/09/2022,SAC,CA,AWP,WE,Federal Contract Tower,0,0,0,0,0,0,0,0,0,0,0,0,0,0,0,0,0,0,0
06/10/2022,SAC,CA,AWP,WE,Federal Contract Tower,0,0,0,0,0,0,0,0,0,0,0,0,0,0,0,0,0,0,0
06/11/2022,SAC,CA,AWP,WE,Federal Contract Tower,0,0,0,0,0,0,0,0,0,0,0,0,0,0,0,0,0,0,0
06/12/2022,SAC,CA,AWP,WE,Federal Contract Tower,0,0,0,0,0,0,0,0,0,0,0,0,0,0,0,0,0,0,0
06/13/2022,SAC,CA,AWP,WE,Federal Contract Tower,0,0,0,0,0,0,0,0,0,0,0,0,0,0,0,0,0,0,0
06/14/2022,SAC,CA,AWP,WE,Federal Contract Tower,0,0,0,0,0,0,0,0,0,0,0,0,0,0,0,0,0,0,0
06/15/2022,SAC,CA,AWP,WE,Federal Contract Tower,0,2,11,0,13,0,3,86,0,89,0,5,97,0,102,0,0,0,102
06/16/2022,SAC,CA,AWP,WE,Federal Contract Tower,0,3,9,0,12,0,10,128,0,138,0,13,137,0,150,0,0,0,150
06/17/2022,SAC,CA,AWP,WE,Federal Contract Tower,0,2,6,2,10,0,2,100,0,102,0,4,106,2,112,0,0,0,112
06/18/2022,SAC,CA,AWP,WE,Federal Contract Tower,0,0,0,0,0,0,0,0,0,0,0,0,0,0,0,0,0,0,0
06/19/2022,SAC,CA,AWP,WE,Federal Contract Tower,0,0,9,0,9,0,9,76,0,85,0,9,85,0,94,10,0,10,104
06/20/2022,SAC,CA,AWP,WE,Federal Contract Tower,0,0,8,0,8,0,2,97,0,99,0,2,105,0,107,10,0,10,117
06/21/2022,SAC,CA,AWP,WE,Federal Contract Tower,0,2,11,0,13,0,3,104,0,107,0,5,115,0,120,24,0,24,144
06/22/2022,SAC,CA,AWP,WE,Federal Contract Tower,0,1,10,0,11,0,7,85,0,92,0,8,95,0,103,10,0,10,113
06/23/2022,SAC,CA,AWP,WE,Federal Contract Tower,0,2,4,0,6,0,13,104,0,117,0,15,108,0,123,50,0,50,173
06/24/2022,SAC,CA,AWP,WE,Federal Contract Tower,0,0,0,0,0,0,0,0,0,0,0,0,0,0,0,0,0,0,0
06/25/2022,SAC,CA,AWP,WE,Federal Contract Tower,0,0,0,0,0,0,0,0,0,0,0,0,0,0,0,0,0,0,0
06/26/2022,SAC,CA,AWP,WE,Federal Contract Tower,0,0,20,0,20,0,8,95,0,103,0,8,115,0,123,52,0,52,175
06/27/2022,SAC,CA,AWP,WE,Federal Contract Tower,0,4,10,0,14,0,6,90,0,96,0,10,100,0,110,76,0,76,186
06/28/2022,SAC,CA,AWP,WE,Federal Contract Tower,0,2,16,0,18,0,7,106,0,113,0,9,122,0,131,104,0,104,235
06/29/2022,SAC,CA,AWP,WE,Federal Contract Tower,0,0,15,0,15,0,2,133,0,135,0,2,148,0,150,132,0,132,282
06/30/2022,SAC,CA,AWP,WE,Federal Contract Tower,0,2,13,0,15,0,9,102,0,111,0,11,115,0,126,28,0,28,154
07/01/2022,SAC,CA,AWP,WE,Federal Contract Tower,0,0,11,0,11,0,12,105,0,117,0,12,116,0,128,48,0,48,176
07/02/2022,SAC,CA,AWP,WE,Federal Contract Tower,0,0,0,0,0,0,0,0,0,0,0,0,0,0,0,0,0,0,0
07/03/2022,SAC,CA,AWP,WE,Federal Contract Tower,0,3,10,0,13,0,10,61,0,71,0,13,71,0,84,10,0,10,94
07/04/2022,SAC,CA,AWP,WE,Federal Contract Tower,0,0,4,0,4,0,5,99,0,104,0,5,103,0,108,64,0,64,172
07/05/2022,SAC,CA,AWP,WE,Federal Contract Tower,0,0,11,0,11,0,9,101,0,110,0,9,112,0,121,38,0,38,159
07/06/2022,SAC,CA,AWP,WE,Federal Contract Tower,0,1,3,0,4,0,13,74,0,87,0,14,77,0,91,62,0,62,153
07/07/2022,SAC,CA,AWP,WE,Federal Contract Tower,0,5,17,0,22,0,8,10,0,18,0,13,27,0,40,118,0,118,158
07/08/2022,SAC,CA,AWP,WE,Federal Contract Tower,0,2,0,0,2,0,12,90,0,102,0,14,90,0,104,56,0,56,160
07/09/2022,SAC,CA,AWP,WE,Federal Contract Tower,0,0,0,0,0,0,0,0,0,0,0,0,0,0,0,0,0,0,0
07/10/2022,SAC,CA,AWP,WE,Federal Contract Tower,0,0,11,0,11,0,19,94,0,113,0,19,105,0,124,64,0,64,188
07/11/2022,SAC,CA,AWP,WE,Federal Contract Tower,0,5,13,0,18,0,8,138,0,146,0,13,151,0,164,108,0,108,272
07/12/2022,SAC,CA,AWP,WE,Federal Contract Tower,0,0,18,0,18,0,11,140,0,151,0,11,158,0,169,105,0,105,274
07/13/2022,SAC,CA,AWP,WE,Federal Contract Tower,0,2,8,0,10,0,15,114,0,129,0,17,122,0,139,115,0,115,254
07/14/2022,SAC,CA,AWP,WE,Federal Contract Tower,0,1,16,0,17,0,14,119,0,133,0,15,135,0,150,185,0,185,335
07/15/2022,SAC,CA,AWP,WE,Federal Contract Tower,0,1,18,0,19,0,28,157,0,185,0,29,175,0,204,170,0,170,374
07/16/2022,SAC,CA,AWP,WE,Federal Contract Tower,0,0,10,0,10,0,13,193,0,206,0,13,203,0,216,110,0,110,326
07/17/2022,SAC,CA,AWP,WE,Federal Contract Tower,0,1,10,0,11,0,25,113,0,138,0,26,123,0,149,58,0,58,207
07/18/2022,SAC,CA,AWP,WE,Federal Contract Tower,0,3,7,0,10,0,9,134,0,143,0,12,141,0,153,182,0,182,335
07/19/2022,SAC,CA,AWP,WE,Federal Contract Tower,0,3,25,0,28,0,18,151,0,169,0,21,176,0,197,156,0,156,353
07/20/2022,SAC,CA,AWP,WE,Federal Contract Tower,0,2,13,0,15,0,11,156,1,168,0,13,169,1,183,120,0,120,303
07/21/2022,SAC,CA,AWP,WE,Federal Contract Tower,0,1,10,2,13,0,10,141,0,151,0,11,151,2,164,172,0,172,336
07/22/2022,SAC,CA,AWP,WE,Federal Contract Tower,0,0,14,0,14,0,5,158,0,163,0,5,172,0,177,164,0,164,341
07/23/2022,SAC,CA,AWP,WE,Federal Contract Tower,0,2,7,0,9,0,23,188,0,211,0,25,195,0,220,132,0,132,352
07/24/2022,SAC,CA,AWP,WE,Federal Contract Tower,0,2,13,0,15,0,8,149,0,157,0,10,162,0,172,102,0,102,274
07/25/2022,SAC,CA,AWP,WE,Federal Contract Tower,0,6,15,0,21,0,10,147,0,157,0,16,162,0,178,172,0,172,350
07/26/2022,SAC,CA,AWP,WE,Federal Contract Tower,0,2,9,0,11,0,18,145,0,163,0,20,154,0,174,188,0,188,362
07/27/2022,SAC,CA,AWP,WE,Federal Contract Tower,0,0,7,0,7,0,27,162,0,189,0,27,169,0,196,176,0,176,372
07/28/2022,SAC,CA,AWP,WE,Federal Contract Tower,0,17,28,0,45,0,26,177,0,203,0,43,205,0,248,120,0,120,368
07/29/2022,SAC,CA,AWP,WE,Federal Contract Tower,0,4,8,0,12,0,11,149,0,160,0,15,157,0,172,44,0,44,216
07/30/2022,SAC,CA,AWP,WE,Federal Contract Tower,0,6,10,0,16,0,36,185,0,221,0,42,195,0,237,134,0,134,371
07/31/2022,SAC,CA,AWP,WE,Federal Contract Tower,0,3,17,0,20,0,17,128,0,145,0,20,145,0,165,62,0,62,227
08/01/2022,SAC,CA,AWP,WE,Federal Contract Tower,0,1,12,0,13,0,12,133,0,145,0,13,145,0,158,96,0,96,254
08/02/2022,SAC,CA,AWP,WE,Federal Contract Tower,0,3,13,0,16,0,16,151,0,167,0,19,164,0,183,118,0,118,301
08/03/2022,SAC,CA,AWP,WE,Federal Contract Tower,0,2,14,0,16,0,6,156,0,162,0,8,170,0,178,120,0,120,298
08/04/2022,SAC,CA,AWP,WE,Federal Contract Tower,0,1,20,0,21,0,19,119,0,138,0,20,139,0,159,40,0,40,199
08/05/2022,SAC,CA,AWP,WE,Federal Contract Tower,0,0,20,0,20,0,17,143,0,160,0,17,163,0,180,118,0,118,298
08/06/2022,SAC,CA,AWP,WE,Federal Contract Tower,0,5,17,0,22,0,5,180,0,185,0,10,197,0,207,160,0,160,367
08/07/2022,SAC,CA,AWP,WE,Federal Contract Tower,0,0,7,0,7,0,6,113,1,120,0,6,120,1,127,168,0,168,295
08/08/2022,SAC,CA,AWP,WE,Federal Contract Tower,0,3,24,0,27,0,10,169,0,179,0,13,193,0,206,164,0,164,370
08/09/2022,SAC,CA,AWP,WE,Federal Contract Tower,0,3,24,0,27,0,43,127,0,170,0,46,151,0,197,60,0,60,257
08/10/2022,SAC,CA,AWP,WE,Federal Contract Tower,0,3,14,0,17,0,6,168,1,175,0,9,182,1,192,188,0,188,380
08/11/2022,SAC,CA,AWP,WE,Federal Contract Tower,0,1,22,0,23,0,18,127,0,145,0,19,149,0,168,122,0,122,290
08/12/2022,SAC,CA,AWP,WE,Federal Contract Tower,0,0,39,0,39,0,1,172,0,173,0,1,211,0,212,156,0,156,368
08/13/2022,SAC,CA,AWP,WE,Federal Contract Tower,0,0,9,0,9,0,12,150,0,162,0,12,159,0,171,114,0,114,285
08/14/2022,SAC,CA,AWP,WE,Federal Contract Tower,0,4,9,0,13,0,15,142,0,157,0,19,151,0,170,118,0,118,288
08/15/2022,SAC,CA,AWP,WE,Federal Contract Tower,0,3,23,0,26,0,6,137,1,144,0,9,160,1,170,120,0,120,290
08/16/2022,SAC,CA,AWP,WE,Federal Contract Tower,0,1,18,0,19,0,13,128,0,141,0,14,146,0,160,64,0,64,224
08/17/2022,SAC,CA,AWP,WE,Federal Contract Tower,0,3,35,0,38,0,12,117,0,129,0,15,152,0,167,134,0,134,301
08/18/2022,SAC,CA,AWP,WE,Federal Contract Tower,0,5,22,0,27,0,6,108,0,114,0,11,130,0,141,146,0,146,287
08/19/2022,SAC,CA,AWP,WE,Federal Contract Tower,0,1,26,0,27,0,11,151,1,163,0,12,177,1,190,176,0,176,366
08/20/2022,SAC,CA,AWP,WE,Federal Contract Tower,0,5,18,0,23,0,17,150,0,167,0,22,168,0,190,95,0,95,285
08/24/2022,SAC,CA,AWP,WE,Federal Contract Tower,0,1,13,0,14,0,25,142,0,167,0,26,155,0,181,98,0,98,279
08/25/2022,SAC,CA,AWP,WE,Federal Contract Tower,0,7,4,0,11,0,19,136,0,155,0,26,140,0,166,144,0,144,310
08/26/2022,SAC,CA,AWP,WE,Federal Contract Tower,0,0,12,0,12,0,7,155,0,162,0,7,167,0,174,146,0,146,320
08/27/2022,SAC,CA,AWP,WE,Federal Contract Tower,0,7,34,0,41,0,30,135,0,165,0,37,169,0,206,104,0,104,310
08/28/2022,SAC,CA,AWP,WE,Federal Contract Tower,0,0,7,0,7,0,9,126,0,135,0,9,133,0,142,82,0,82,224
08/29/2022,SAC,CA,AWP,WE,Federal Contract Tower,0,3,21,1,25,0,16,154,1,171,0,19,175,2,196,146,0,146,342
08/30/2022,SAC,CA,AWP,WE,Federal Contract Tower,0,5,21,1,27,0,4,136,0,140,0,9,157,1,167,134,0,134,301
08/31/2022,SAC,CA,AWP,WE,Federal Contract Tower,0,5,22,0,27,0,19,147,0,166,0,24,169,0,193,72,0,72,265
09/01/2022,SAC,CA,AWP,WE,Federal Contract Tower,0,7,30,0,37,0,10,138,1,149,0,17,168,1,186,98,0,98,284
09/02/2022,SAC,CA,AWP,WE,Federal Contract Tower,0,5,14,0,19,0,10,162,0,172,0,15,176,0,191,128,0,128,319
09/03/2022,SAC,CA,AWP,WE,Federal Contract Tower,0,0,12,0,12,0,6,172,0,178,0,6,184,0,190,34,0,34,224
09/04/2022,SAC,CA,AWP,WE,Federal Contract Tower,0,0,10,0,10,0,9,118,0,127,0,9,128,0,137,70,0,70,207
09/05/2022,SAC,CA,AWP,WE,Federal Contract Tower,0,1,6,0,7,0,13,93,0,106,0,14,99,0,113,100,0,100,213
09/06/2022,SAC,CA,AWP,WE,Federal Contract Tower,0,2,10,0,12,0,2,77,0,79,0,4,87,0,91,40,0,40,131
09/07/2022,SAC,CA,AWP,WE,Federal Contract Tower,0,1,17,0,18,0,4,85,0,89,0,5,102,0,107,80,0,80,187
09/08/2022,SAC,CA,AWP,WE,Federal Contract Tower,0,0,25,0,25,0,1,95,0,96,0,1,120,0,121,60,0,60,181
09/09/2022,SAC,CA,AWP,WE,Federal Contract Tower,0,14,26,0,40,0,13,12,0,25,0,27,38,0,65,112,0,112,177
09/10/2022,SAC,CA,AWP,WE,Federal Contract Tower,0,1,18,0,19,0,9,132,1,142,0,10,150,1,161,54,2,56,217
09/11/2022,SAC,CA,AWP,WE,Federal Contract Tower,0,0,34,0,34,0,5,123,0,128,0,5,157,0,162,94,0,94,256
09/12/2022,SAC,CA,AWP,WE,Federal Contract Tower,0,2,26,0,28,0,6,150,0,156,0,8,176,0,184,92,0,92,276
09/13/2022,SAC,CA,AWP,WE,Federal Contract Tower,0,0,6,0,6,0,3,119,0,122,0,3,125,0,128,54,0,54,182
09/14/2022,SAC,CA,AWP,WE,Federal Contract Tower,0,2,22,0,24,0,7,142,0,149,0,9,164,0,173,116,0,116,289
09/15/2022,SAC,CA,AWP,WE,Federal Contract Tower,0,0,14,0,14,0,5,169,0,174,0,5,183,0,188,72,0,72,260
09/16/2022,SAC,CA,AWP,WE,Federal Contract Tower,0,2,32,0,34,0,7,205,2,214,0,9,237,2,248,154,0,154,402
09/17/2022,SAC,CA,AWP,WE,Federal Contract Tower,0,0,27,0,27,0,6,123,0,129,0,6,150,0,156,108,0,108,264
09/18/2022,SAC,CA,AWP,WE,Federal Contract Tower,0,1,18,0,19,0,8,45,0,53,0,9,63,0,72,0,0,0,72
09/20/2022,SAC,CA,AWP,WE,Federal Contract Tower,0,1,39,0,40,0,3,66,0,69,0,4,105,0,109,202,0,202,311
09/21/2022,SAC,CA,AWP,WE,Federal Contract Tower,0,1,17,0,18,0,2,124,0,126,0,3,141,0,144,94,0,94,238
09/22/2022,SAC,CA,AWP,WE,Federal Contract Tower,0,2,16,0,18,0,10,178,1,189,0,12,194,1,207,104,0,104,311
09/23/2022,SAC,CA,AWP,WE,Federal Contract Tower,0,1,15,2,18,0,3,196,2,201,0,4,211,4,219,140,0,140,359
09/24/2022,SAC,CA,AWP,WE,Federal Contract Tower,0,4,2,0,6,0,0,133,0,133,0,4,135,0,139,58,0,58,197
09/25/2022,SAC,CA,AWP,WE,Federal Contract Tower,0,0,8,0,8,0,0,76,0,76,0,0,84,0,84,30,0,30,114
09/26/2022,SAC,CA,AWP,WE,Federal Contract Tower,0,0,20,0,20,0,4,147,0,151,0,4,167,0,171,188,0,188,359
09/27/2022,SAC,CA,AWP,WE,Federal Contract Tower,0,2,14,2,18,0,10,141,0,151,0,12,155,2,169,156,0,156,325
09/28/2022,SAC,CA,AWP,WE,Federal Contract Tower,0,4,22,4,30,0,9,157,4,170,0,13,179,8,200,124,0,124,324
09/29/2022,SAC,CA,AWP,WE,Federal Contract Tower,0,9,24,2,35,0,5,135,2,142,0,14,159,4,177,66,0,66,243
09/30/2022,SAC,CA,AWP,WE,Federal Contract Tower,0,4,15,0,19,0,3,226,0,229,0,7,241,0,248,88,0,88,336
10/01/2022,SAC,CA,AWP,WE,Federal Contract Tower,0,0,18,0,18,0,5,151,0,156,0,5,169,0,174,10,0,10,184
10/02/2022,SAC,CA,AWP,WE,Federal Contract Tower,0,4,22,0,26,0,4,122,0,126,0,8,144,0,152,80,0,80,232
10/03/2022,SAC,CA,AWP,WE,Federal Contract Tower,0,4,12,0,16,0,4,159,0,163,0,8,171,0,179,180,0,180,359
10/04/2022,SAC,CA,AWP,WE,Federal Contract Tower,0,3,13,0,16,0,3,161,0,164,0,6,174,0,180,162,0,162,342
10/05/2022,SAC,CA,AWP,WE,Federal Contract Tower,0,0,8,0,8,0,3,147,0,150,0,3,155,0,158,250,0,250,408
10/06/2022,SAC,CA,AWP,WE,Federal Contract Tower,0,3,24,0,27,0,2,152,0,154,0,5,176,0,181,120,0,120,301
10/07/2022,SAC,CA,AWP,WE,Federal Contract Tower,0,1,14,0,15,0,0,163,0,163,0,1,177,0,178,164,0,164,342
10/08/2022,SAC,CA,AWP,WE,Federal Contract Tower,0,1,22,0,23,0,1,149,1,151,0,2,171,1,174,126,0,126,300
10/09/2022,SAC,CA,AWP,WE,Federal Contract Tower,0,1,36,0,37,0,7,117,0,124,0,8,153,0,161,88,0,88,249
10/10/2022,SAC,CA,AWP,WE,Federal Contract Tower,0,3,16,0,19,0,6,149,0,155,0,9,165,0,174,164,0,164,338
10/11/2022,SAC,CA,AWP,WE,Federal Contract Tower,0,1,16,0,17,0,7,122,0,129,0,8,138,0,146,140,0,140,286
10/12/2022,SAC,CA,AWP,WE,Federal Contract Tower,0,1,31,0,32,0,3,159,0,162,0,4,190,0,194,190,0,190,384
10/13/2022,SAC,CA,AWP,WE,Federal Contract Tower,0,0,14,2,16,0,10,143,0,153,0,10,157,2,169,166,0,166,335
10/14/2022,SAC,CA,AWP,WE,Federal Contract Tower,0,3,29,0,32,0,0,142,0,142,0,3,171,0,174,142,0,142,316
10/15/2022,SAC,CA,AWP,WE,Federal Contract Tower,0,0,5,0,5,0,5,130,0,135,0,5,135,0,140,134,0,134,274
10/16/2022,SAC,CA,AWP,WE,Federal Contract Tower,0,2,16,0,18,0,5,113,3,121,0,7,129,3,139,76,4,80,219
10/17/2022,SAC,CA,AWP,WE,Federal Contract Tower,0,2,13,0,15,0,3,128,0,131,0,5,141,0,146,86,0,86,232
10/18/2022,SAC,CA,AWP,WE,Federal Contract Tower,0,0,8,0,8,0,3,64,0,67,0,3,72,0,75,54,0,54,129
10/19/2022,SAC,CA,AWP,WE,Federal Contract Tower,0,1,21,0,22,0,2,144,0,146,0,3,165,0,168,100,0,100,268
10/20/2022,SAC,CA,AWP,WE,Federal Contract Tower,0,0,28,0,28,0,2,146,0,148,0,2,174,0,176,210,0,210,386
10/21/2022,SAC,CA,AWP,WE,Federal Contract Tower,0,4,23,0,27,0,5,152,1,158,0,9,175,1,185,112,0,112,297
10/22/2022,SAC,CA,AWP,WE,Federal Contract Tower,0,2,14,0,16,0,3,91,0,94,0,5,105,0,110,40,0,40,150
10/23/2022,SAC,CA,AWP,WE,Federal Contract Tower,0,4,15,0,19,0,7,59,0,66,0,11,74,0,85,22,0,22,107
10/24/2022,SAC,CA,AWP,WE,Federal Contract Tower,0,4,22,2,28,0,7,123,0,130,0,11,145,2,158,132,0,132,290
10/25/2022,SAC,CA,AWP,WE,Federal Contract Tower,0,6,30,0,36,0,6,149,0,155,0,12,179,0,191,134,0,134,325
10/26/2022,SAC,CA,AWP,WE,Federal Contract Tower,0,6,18,0,24,0,0,110,0,110,0,6,128,0,134,86,0,86,220
10/27/2022,SAC,CA,AWP,WE,Federal Contract Tower,0,0,37,0,37,0,4,153,0,157,0,4,190,0,194,112,0,112,306
10/28/2022,SAC,CA,AWP,WE,Federal Contract Tower,0,1,28,0,29,0,2,149,2,153,0,3,177,2,182,134,0,134,316
10/29/2022,SAC,CA,AWP,WE,Federal Contract Tower,0,1,3,0,4,0,7,54,0,61,0,8,57,0,65,90,0,90,155
10/30/2022,SAC,CA,AWP,WE,Federal Contract Tower,0,2,12,0,14,0,10,132,0,142,0,12,144,0,156,2,0,2,158
10/31/2022,SAC,CA,AWP,WE,Federal Contract Tower,0,0,13,0,13,0,2,125,0,127,0,2,138,0,140,56,0,56,196
11/01/2022,SAC,CA,AWP,WE,Federal Contract Tower,0,2,36,0,38,0,2,21,0,23,0,4,57,0,61,6,0,6,67
11/02/2022,SAC,CA,AWP,WE,Federal Contract Tower,0,1,23,0,24,0,9,73,0,82,0,10,96,0,106,140,0,140,246
11/03/2022,SAC,CA,AWP,WE,Federal Contract Tower,0,2,15,0,17,0,7,136,0,143,0,9,151,0,160,84,0,84,244
11/04/2022,SAC,CA,AWP,WE,Federal Contract Tower,0,0,25,0,25,0,1,173,0,174,0,1,198,0,199,245,0,245,444
11/05/2022,SAC,CA,AWP,WE,Federal Contract Tower,0,1,34,0,35,0,2,43,0,45,0,3,77,0,80,40,0,40,120
11/06/2022,SAC,CA,AWP,WE,Federal Contract Tower,0,0,31,0,31,0,8,140,0,148,0,8,171,0,179,0,0,0,179
11/07/2022,SAC,CA,AWP,WE,Federal Contract Tower,0,1,16,1,18,0,3,91,0,94,0,4,107,1,112,210,0,210,322
11/08/2022,SAC,CA,AWP,WE,Federal Contract Tower,0,1,14,0,15,0,4,13,0,17,0,5,27,0,32,20,0,20,52
11/09/2022,SAC,CA,AWP,WE,Federal Contract Tower,0,2,35,0,37,0,4,109,0,113,0,6,144,0,150,158,0,158,308
11/10/2022,SAC,CA,AWP,WE,Federal Contract Tower,0,0,22,2,24,0,6,172,0,178,0,6,194,2,202,134,0,134,336
11/11/2022,SAC,CA,AWP,WE,Federal Contract Tower,0,0,17,1,18,0,2,133,1,136,0,2,150,2,154,106,4,110,264
11/12/2022,SAC,CA,AWP,WE,Federal Contract Tower,0,0,16,0,16,0,3,96,2,101,0,3,112,2,117,88,0,88,205
11/13/2022,SAC,CA,AWP,WE,Federal Contract Tower,0,0,29,0,29,0,7,138,0,145,0,7,167,0,174,104,0,104,278
11/14/2022,SAC,CA,AWP,WE,Federal Contract Tower,0,4,28,0,32,0,4,160,0,164,0,8,188,0,196,150,0,150,346
11/15/2022,SAC,CA,AWP,WE,Federal Contract Tower,0,0,21,0,21,0,2,162,0,164,0,2,183,0,185,78,0,78,263
11/16/2022,SAC,CA,AWP,WE,Federal Contract Tower,0,1,24,0,25,0,2,164,0,166,0,3,188,0,191,110,0,110,301
11/17/2022,SAC,CA,AWP,WE,Federal Contract Tower,0,4,16,2,22,0,6,167,2,175,0,10,183,4,197,140,0,140,337
11/18/2022,SAC,CA,AWP,WE,Federal Contract Tower,0,1,16,0,17,0,5,159,1,165,0,6,175,1,182,130,0,130,312
11/19/2022,SAC,CA,AWP,WE,Federal Contract Tower,0,2,12,0,14,0,8,159,0,167,0,10,171,0,181,86,0,86,267
11/20/2022,SAC,CA,AWP,WE,Federal Contract Tower,0,5,16,0,21,0,5,151,5,161,0,10,167,5,182,68,0,68,250
11/21/2022,SAC,CA,AWP,WE,Federal Contract Tower,0,0,19,1,20,0,9,130,0,139,0,9,149,1,159,123,0,123,282
11/22/2022,SAC,CA,AWP,WE,Federal Contract Tower,0,2,20,3,25,0,1,139,2,142,0,3,159,5,167,108,0,108,275
11/23/2022,SAC,CA,AWP,WE,Federal Contract Tower,0,1,14,0,15,0,13,135,0,148,0,14,149,0,163,132,0,132,295
11/24/2022,SAC,CA,AWP,WE,Federal Contract Tower,0,0,1,0,1,0,10,27,0,37,0,10,28,0,38,60,0,60,98
11/25/2022,SAC,CA,AWP,WE,Federal Contract Tower,0,5,16,0,21,0,4,86,2,92,0,9,102,2,113,138,0,138,251
11/26/2022,SAC,CA,AWP,WE,Federal Contract Tower,0,1,18,0,19,0,3,101,0,104,0,4,119,0,123,32,0,32,155
11/27/2022,SAC,CA,AWP,WE,Federal Contract Tower,0,3,18,0,21,0,7,117,0,124,0,10,135,0,145,138,0,138,283
11/28/2022,SAC,CA,AWP,WE,Federal Contract Tower,0,5,22,0,27,0,0,120,0,120,0,5,142,0,147,132,0,132,279
11/29/2022,SAC,CA,AWP,WE,Federal Contract Tower,0,2,20,0,22,0,14,158,0,172,0,16,178,0,194,120,0,120,314
11/30/2022,SAC,CA,AWP,WE,Federal Contract Tower,0,2,31,0,33,0,10,161,0,171,0,12,192,0,204,214,0,214,418
12/01/2022,SAC,CA,AWP,WE,Federal Contract Tower,0,3,16,0,19,0,2,4,0,6,0,5,20,0,25,14,0,14,39
12/02/2022,SAC,CA,AWP,WE,Federal Contract Tower,0,0,10,0,10,0,1,118,0,119,0,1,128,0,129,90,0,90,219
12/03/2022,SAC,CA,AWP,WE,Federal Contract Tower,0,0,14,0,14,0,0,0,0,0,0,0,14,0,14,2,0,2,16
12/04/2022,SAC,CA,AWP,WE,Federal Contract Tower,0,2,13,0,15,0,2,35,0,37,0,4,48,0,52,62,0,62,114
12/05/2022,SAC,CA,AWP,WE,Federal Contract Tower,0,3,23,0,26,0,8,78,0,86,0,11,101,0,112,142,0,142,254
12/06/2022,SAC,CA,AWP,WE,Federal Contract Tower,0,8,53,0,61,0,4,141,0,145,0,12,194,0,206,101,0,101,307
12/07/2022,SAC,CA,AWP,WE,Federal Contract Tower,0,3,25,0,28,0,3,171,0,174,0,6,196,0,202,140,0,140,342
12/08/2022,SAC,CA,AWP,WE,Federal Contract Tower,0,4,31,0,35,0,4,93,0,97,0,8,124,0,132,132,0,132,264
12/09/2022,SAC,CA,AWP,WE,Federal Contract Tower,0,1,43,0,44,0,0,80,0,80,0,1,123,0,124,154,0,154,278
12/10/2022,SAC,CA,AWP,WE,Federal Contract Tower,0,1,3,0,4,0,0,0,0,0,0,1,3,0,4,0,0,0,4
12/11/2022,SAC,CA,AWP,WE,Federal Contract Tower,0,6,4,0,10,0,2,29,0,31,0,8,33,0,41,38,0,38,79
12/12/2022,SAC,CA,AWP,WE,Federal Contract Tower,0,2,41,0,43,0,2,152,1,155,0,4,193,1,198,78,0,78,276
12/13/2022,SAC,CA,AWP,WE,Federal Contract Tower,0,2,31,0,33,0,7,151,1,159,0,9,182,1,192,134,0,134,326
12/14/2022,SAC,CA,AWP,WE,Federal Contract Tower,0,0,18,0,18,0,1,150,0,151,0,1,168,0,169,48,0,48,217
12/15/2022,SAC,CA,AWP,WE,Federal Contract Tower,0,0,27,0,27,0,10,164,0,174,0,10,191,0,201,62,0,62,263
12/16/2022,SAC,CA,AWP,WE,Federal Contract Tower,0,1,21,0,22,0,5,161,2,168,0,6,182,2,190,135,0,135,325
12/17/2022,SAC,CA,AWP,WE,Federal Contract Tower,0,1,22,0,23,0,1,159,0,160,0,2,181,0,183,76,0,76,259
12/18/2022,SAC,CA,AWP,WE,Federal Contract Tower,0,1,18,0,19,0,0,0,0,0,0,1,18,0,19,0,0,0,19
12/19/2022,SAC,CA,AWP,WE,Federal Contract Tower,0,2,25,0,27,0,0,1,0,1,0,2,26,0,28,0,0,0,28
12/20/2022,SAC,CA,AWP,WE,Federal Contract Tower,0,2,22,2,26,0,5,68,0,73,0,7,90,2,99,0,0,0,99
12/21/2022,SAC,CA,AWP,WE,Federal Contract Tower,0,4,12,0,16,0,0,0,0,0,0,4,12,0,16,0,0,0,16
12/22/2022,SAC,CA,AWP,WE,Federal Contract Tower,0,7,41,0,48,0,0,5,0,5,0,7,46,0,53,4,0,4,57
12/23/2022,SAC,CA,AWP,WE,Federal Contract Tower,0,2,29,0,31,0,4,67,0,71,0,6,96,0,102,60,0,60,162
12/24/2022,SAC,CA,AWP,WE,Federal Contract Tower,0,1,2,0,3,0,0,49,0,49,0,1,51,0,52,34,0,34,86
12/25/2022,SAC,CA,AWP,WE,Federal Contract Tower,0,2,4,0,6,0,0,0,0,0,0,2,4,0,6,0,0,0,6
12/26/2022,SAC,CA,AWP,WE,Federal Contract Tower,0,3,13,0,16,0,0,1,0,1,0,3,14,0,17,0,0,0,17
12/27/2022,SAC,CA,AWP,WE,Federal Contract Tower,0,7,14,0,21,0,1,4,0,5,0,8,18,0,26,0,0,0,26
12/28/2022,SAC,CA,AWP,WE,Federal Contract Tower,0,6,25,0,31,0,4,138,2,144,0,10,163,2,175,72,0,72,247
12/29/2022,SAC,CA,AWP,WE,Federal Contract Tower,0,4,27,0,31,0,0,3,0,3,0,4,30,0,34,0,0,0,34
12/30/2022,SAC,CA,AWP,WE,Federal Contract Tower,0,2,10,0,12,0,0,0,0,0,0,2,10,0,12,0,0,0,12
12/31/2022,SAC,CA,AWP,WE,Federal Contract Tower,0,2,3,0,5,0,0,0,0,0,0,2,3,0,5,0,0,0,5
01/01/2023,SAC,CA,AWP,WE,Federal Contract Tower,0,1,4,0,5,0,5,47,0,52,0,6,51,0,57,8,0,8,65
01/02/2023,SAC,CA,AWP,WE,Federal Contract Tower,0,2,17,0,19,0,0,77,0,77,0,2,94,0,96,110,0,110,206
01/03/2023,SAC,CA,AWP,WE,Federal Contract Tower,0,2,38,0,40,0,0,1,0,1,0,2,39,0,41,0,0,0,41
01/04/2023,SAC,CA,AWP,WE,Federal Contract Tower,0,2,0,0,2,0,0,13,0,13,0,2,13,0,15,0,0,0,15
01/05/2023,SAC,CA,AWP,WE,Federal Contract Tower,0,1,5,0,6,0,0,8,0,8,0,1,13,0,14,6,0,6,20
01/06/2023,SAC,CA,AWP,WE,Federal Contract Tower,0,3,36,0,39,0,5,133,0,138,0,8,169,0,177,174,0,174,351
01/07/2023,SAC,CA,AWP,WE,Federal Contract Tower,0,0,3,0,3,0,0,14,0,14,0,0,17,0,17,24,0,24,41
01/08/2023,SAC,CA,AWP,WE,Federal Contract Tower,0,1,9,0,10,0,4,39,0,43,0,5,48,0,53,6,0,6,59
01/09/2023,SAC,CA,AWP,WE,Federal Contract Tower,0,1,11,0,12,0,0,59,2,61,0,1,70,2,73,62,0,62,135
01/10/2023,SAC,CA,AWP,WE,Federal Contract Tower,0,2,5,0,7,0,4,7,0,11,0,6,12,0,18,76,0,76,94
01/11/2023,SAC,CA,AWP,WE,Federal Contract Tower,0,3,15,0,18,0,0,26,0,26,0,3,41,0,44,4,0,4,48
01/12/2023,SAC,CA,AWP,WE,Federal Contract Tower,0,1,31,0,32,0,0,229,0,229,0,1,260,0,261,110,0,110,371
01/13/2023,SAC,CA,AWP,WE,Federal Contract Tower,0,0,9,0,9,0,0,32,0,32,0,0,41,0,41,116,0,116,157
01/14/2023,SAC,CA,AWP,WE,Federal Contract Tower,0,0,10,0,10,0,0,11,0,11,0,0,21,0,21,34,0,34,55
01/15/2023,SAC,CA,AWP,WE,Federal Contract Tower,0,1,11,0,12,0,0,11,0,11,0,1,22,0,23,32,0,32,55
01/16/2023,SAC,CA,AWP,WE,Federal Contract Tower,0,3,25,0,28,0,8,99,0,107,0,11,124,0,135,194,0,194,329
01/17/2023,SAC,CA,AWP,WE,Federal Contract Tower,0,5,41,0,46,0,3,178,0,181,0,8,219,0,227,44,0,44,271
01/18/2023,SAC,CA,AWP,WE,Federal Contract Tower,0,2,14,0,16,0,8,119,0,127,0,10,133,0,143,78,0,78,221
01/19/2023,SAC,CA,AWP,WE,Federal Contract Tower,0,3,30,0,33,0,4,131,0,135,0,7,161,0,168,64,0,64,232
01/20/2023,SAC,CA,AWP,WE,Federal Contract Tower,0,0,18,3,21,0,2,231,2,235,0,2,249,5,256,136,0,136,392
01/21/2023,SAC,CA,AWP,WE,Federal Contract Tower,0,0,18,0,18,0,3,229,2,234,0,3,247,2,252,190,0,190,442
01/22/2023,SAC,CA,AWP,WE,Federal Contract Tower,0,2,16,0,18,0,9,83,0,92,0,11,99,0,110,56,0,56,166
01/23/2023,SAC,CA,AWP,WE,Federal Contract Tower,0,4,23,1,28,0,6,104,0,110,0,10,127,1,138,36,0,36,174
01/24/2023,SAC,CA,AWP,WE,Federal Contract Tower,0,4,20,0,24,0,6,236,0,242,0,10,256,0,266,104,0,104,370
01/25/2023,SAC,CA,AWP,WE,Federal Contract Tower,0,3,28,0,31,0,2,210,2,214,0,5,238,2,245,0,0,0,245
01/26/2023,SAC,CA,AWP,WE,Federal Contract Tower,0,1,32,0,33,0,1,200,2,203,0,2,232,2,236,158,0,158,394
01/27/2023,SAC,CA,AWP,WE,Federal Contract Tower,0,3,16,0,19,0,11,210,1,222,0,14,226,1,241,134,0,134,375
01/28/2023,SAC,CA,AWP,WE,Federal Contract Tower,0,2,17,0,19,0,3,166,0,169,0,5,183,0,188,104,0,104,292
01/29/2023,SAC,CA,AWP,WE,Federal Contract Tower,0,0,15,0,15,0,4,17,0,21,0,4,32,0,36,60,0,60,96
01/30/2023,SAC,CA,AWP,WE,Federal Contract Tower,0,0,8,0,8,0,9,96,0,105,0,9,104,0,113,72,0,72,185
01/31/2023,SAC,CA,AWP,WE,Federal Contract Tower,0,0,22,0,22,0,2,222,0,224,0,2,244,0,246,174,0,174,420
02/01/2023,SAC,CA,AWP,WE,Federal Contract Tower,0,2,22,2,26,0,4,180,2,186,0,6,202,4,212,74,0,74,286
02/02/2023,SAC,CA,AWP,WE,Federal Contract Tower,0,8,33,0,41,0,6,180,0,186,0,14,213,0,227,102,0,102,329
02/03/2023,SAC,CA,AWP,WE,Federal Contract Tower,0,1,22,0,23,0,4,80,0,84,0,5,102,0,107,126,0,126,233
02/04/2023,SAC,CA,AWP,WE,Federal Contract Tower,0,0,23,0,23,0,0,65,0,65,0,0,88,0,88,62,0,62,150
02/05/2023,SAC,CA,AWP,WE,Federal Contract Tower,0,0,9,0,9,0,0,21,0,21,0,0,30,0,30,96,0,96,126
02/06/2023,SAC,CA,AWP,WE,Federal Contract Tower,0,0,35,0,35,0,11,159,0,170,0,11,194,0,205,38,0,38,243
02/07/2023,SAC,CA,AWP,WE,Federal Contract Tower,0,7,30,0,37,0,10,187,0,197,0,17,217,0,234,46,0,46,280
02/08/2023,SAC,CA,AWP,WE,Federal Contract Tower,0,14,30,0,44,0,4,143,0,147,0,18,173,0,191,18,0,18,209
02/09/2023,SAC,CA,AWP,WE,Federal Contract Tower,0,11,53,0,64,0,1,232,0,233,0,12,285,0,297,96,0,96,393
02/10/2023,SAC,CA,AWP,WE,Federal Contract Tower,0,0,27,0,27,0,1,194,1,196,0,1,221,1,223,88,0,88,311
02/11/2023,SAC,CA,AWP,WE,Federal Contract Tower,0,1,13,0,14,0,5,140,4,149,0,6,153,4,163,164,0,164,327
02/12/2023,SAC,CA,AWP,WE,Federal Contract Tower,0,3,15,0,18,0,4,145,0,149,0,7,160,0,167,80,0,80,247
02/13/2023,SAC,CA,AWP,WE,Federal Contract Tower,0,4,20,0,24,0,8,178,0,186,0,12,198,0,210,42,0,42,252
02/14/2023,SAC,CA,AWP,WE,Federal Contract Tower,0,8,11,0,19,0,6,75,0,81,0,14,86,0,100,12,0,12,112
02/15/2023,SAC,CA,AWP,WE,Federal Contract Tower,0,0,23,0,23,0,9,157,0,166,0,9,180,0,189,34,0,34,223
02/16/2023,SAC,CA,AWP,WE,Federal Contract Tower,0,0,15,1,16,0,9,178,3,190,0,9,193,4,206,114,0,114,320
02/17/2023,SAC,CA,AWP,WE,Federal Contract Tower,0,0,25,1,26,0,4,174,2,180,0,4,199,3,206,104,0,104,310
02/18/2023,SAC,CA,AWP,WE,Federal Contract Tower,0,2,9,0,11,0,6,196,0,202,0,8,205,0,213,58,0,58,271
02/19/2023,SAC,CA,AWP,WE,Federal Contract Tower,0,1,38,0,39,0,6,139,0,145,0,7,177,0,184,74,0,74,258
02/20/2023,SAC,CA,AWP,WE,Federal Contract Tower,0,5,33,2,40,0,2,191,2,195,0,7,224,4,235,66,0,66,301
02/21/2023,SAC,CA,AWP,WE,Federal Contract Tower,0,2,7,0,9,0,11,100,3,114,0,13,107,3,123,102,0,102,225
02/22/2023,SAC,CA,AWP,WE,Federal Contract Tower,0,6,18,0,24,0,2,141,0,143,0,8,159,0,167,52,0,52,219
02/23/2023,SAC,CA,AWP,WE,Federal Contract Tower,0,0,13,0,13,0,1,35,0,36,0,1,48,0,49,78,0,78,127
02/24/2023,SAC,CA,AWP,WE,Federal Contract Tower,0,1,7,0,8,0,0,17,2,19,0,1,24,2,27,38,0,38,65
02/25/2023,SAC,CA,AWP,WE,Federal Contract Tower,0,2,23,0,25,0,3,22,0,25,0,5,45,0,50,56,0,56,106
02/26/2023,SAC,CA,AWP,WE,Federal Contract Tower,0,5,14,0,19,0,0,11,0,11,0,5,25,0,30,6,0,6,36
02/27/2023,SAC,CA,AWP,WE,Federal Contract Tower,0,0,2,0,2,0,0,4,0,4,0,0,6,0,6,14,0,14,20
02/28/2023,SAC,CA,AWP,WE,Federal Contract Tower,0,2,5,0,7,0,0,1,0,1,0,2,6,0,8,28,0,28,36
03/01/2023,SAC,CA,AWP,WE,Federal Contract Tower,0,2,8,0,10,0,5,107,2,114,0,7,115,2,124,2,0,2,126
03/02/2023,SAC,CA,AWP,WE,Federal Contract Tower,0,1,17,0,18,0,7,229,2,238,0,8,246,2,256,138,0,138,394
03/03/2023,SAC,CA,AWP,WE,Federal Contract Tower,0,2,22,0,24,0,4,204,2,210,0,6,226,2,234,103,0,103,337
03/04/2023,SAC,CA,AWP,WE,Federal Contract Tower,0,3,3,0,6,0,2,23,0,25,0,5,26,0,31,28,0,28,59
03/05/2023,SAC,CA,AWP,WE,Federal Contract Tower,0,2,6,0,8,0,2,48,0,50,0,4,54,0,58,86,0,86,144
03/06/2023,SAC,CA,AWP,WE,Federal Contract Tower,0,6,4,0,10,0,0,44,0,44,0,6,48,0,54,110,0,110,164
03/07/2023,SAC,CA,AWP,WE,Federal Contract Tower,0,4,21,0,25,0,2,124,0,126,0,6,145,0,151,94,0,94,245
03/08/2023,SAC,CA,AWP,WE,Federal Contract Tower,0,6,21,0,27,0,0,168,0,168,0,6,189,0,195,116,0,116,311
03/09/2023,SAC,CA,AWP,WE,Federal Contract Tower,0,1,13,0,14,0,0,38,0,38,0,1,51,0,52,80,0,80,132
03/10/2023,SAC,CA,AWP,WE,Federal Contract Tower,0,1,12,0,13,0,0,99,0,99,0,1,111,0,112,92,0,92,204
03/11/2023,SAC,CA,AWP,WE,Federal Contract Tower,0,2,9,0,11,0,0,12,0,12,0,2,21,0,23,18,0,18,41
03/12/2023,SAC,CA,AWP,WE,Federal Contract Tower,0,1,6,0,7,0,0,18,0,18,0,1,24,0,25,0,0,0,25
03/13/2023,SAC,CA,AWP,WE,Federal Contract Tower,0,2,13,0,15,0,4,57,0,61,0,6,70,0,76,140,0,140,216
03/14/2023,SAC,CA,AWP,WE,Federal Contract Tower,0,0,3,0,3,0,0,0,0,0,0,0,3,0,3,0,0,0,3
03/15/2023,SAC,CA,AWP,WE,Federal Contract Tower,0,0,38,0,38,0,7,152,0,159,0,7,190,0,197,54,0,54,251
03/16/2023,SAC,CA,AWP,WE,Federal Contract Tower,0,15,24,0,39,0,9,247,0,256,0,24,271,0,295,114,0,114,409
03/17/2023,SAC,CA,AWP,WE,Federal Contract Tower,0,8,16,0,24,0,7,191,0,198,0,15,207,0,222,206,0,206,428
03/18/2023,SAC,CA,AWP,WE,Federal Contract Tower,0,3,11,0,14,0,8,205,0,213,0,11,216,0,227,88,0,88,315
03/19/2023,SAC,CA,AWP,WE,Federal Contract Tower,0,5,7,0,12,0,0,4,0,4,0,5,11,0,16,0,0,0,16
03/20/2023,SAC,CA,AWP,WE,Federal Contract Tower,0,5,19,0,24,0,9,143,0,152,0,14,162,0,176,72,0,72,248
03/21/2023,SAC,CA,AWP,WE,Federal Contract Tower,0,3,0,0,3,0,0,8,0,8,0,3,8,0,11,18,0,18,29
03/22/2023,SAC,CA,AWP,WE,Federal Contract Tower,0,5,9,0,14,0,0,40,2,42,0,5,49,2,56,44,0,44,100
03/23/2023,SAC,CA,AWP,WE,Federal Contract Tower,0,3,19,0,22,0,7,177,0,184,0,10,196,0,206,92,0,92,298
03/24/2023,SAC,CA,AWP,WE,Federal Contract Tower,0,0,15,0,15,0,8,186,0,194,0,8,201,0,209,168,0,168,377
03/25/2023,SAC,CA,AWP,WE,Federal Contract Tower,0,0,30,0,30,0,11,107,3,121,0,11,137,3,151,44,0,44,195
03/26/2023,SAC,CA,AWP,WE,Federal Contract Tower,0,0,23,0,23,0,7,167,0,174,0,7,190,0,197,50,0,50,247
03/27/2023,SAC,CA,AWP,WE,Federal Contract Tower,0,4,14,0,18,0,2,153,0,155,0,6,167,0,173,92,0,92,265
03/28/2023,SAC,CA,AWP,WE,Federal Contract Tower,0,5,2,0,7,0,4,4,0,8,0,9,6,0,15,0,0,0,15
03/29/2023,SAC,CA,AWP,WE,Federal Contract Tower,0,3,3,0,6,0,0,6,0,6,0,3,9,0,12,0,0,0,12
03/30/2023,SAC,CA,AWP,WE,Federal Contract Tower,0,3,22,0,25,0,8,146,3,157,0,11,168,3,182,96,2,98,280
03/31/2023,SAC,CA,AWP,WE,Federal Contract Tower,0,1,17,0,18,0,0,202,0,202,0,1,219,0,220,116,0,116,336
04/01/2023,SAC,CA,AWP,WE,Federal Contract Tower,0,0,16,0,16,0,2,172,0,174,0,2,188,0,190,176,0,176,366
04/02/2023,SAC,CA,AWP,WE,Federal Contract Tower,0,0,18,0,18,0,15,87,0,102,0,15,105,0,120,90,0,90,210
04/03/2023,SAC,CA,AWP,WE,Federal Contract Tower,0,2,27,0,29,0,4,94,0,98,0,6,121,0,127,70,0,70,197
04/04/2023,SAC,CA,AWP,WE,Federal Contract Tower,0,3,19,0,22,0,0,190,0,190,0,3,209,0,212,66,0,66,278
04/05/2023,SAC,CA,AWP,WE,Federal Contract Tower,0,3,10,0,13,0,6,248,1,255,0,9,258,1,268,142,0,142,410
04/06/2023,SAC,CA,AWP,WE,Federal Contract Tower,0,0,12,0,12,0,1,246,2,249,0,1,258,2,261,148,0,148,409
04/07/2023,SAC,CA,AWP,WE,Federal Contract Tower,0,3,23,0,26,0,5,70,0,75,0,8,93,0,101,98,0,98,199
04/08/2023,SAC,CA,AWP,WE,Federal Contract Tower,0,1,17,0,18,0,3,175,0,178,0,4,192,0,196,104,0,104,300
04/09/2023,SAC,CA,AWP,WE,Federal Contract Tower,0,1,10,0,11,0,7,102,0,109,0,8,112,0,120,46,0,46,166
04/10/2023,SAC,CA,AWP,WE,Federal Contract Tower,0,2,21,0,23,0,9,159,0,168,0,11,180,0,191,76,0,76,267
04/11/2023,SAC,CA,AWP,WE,Federal Contract Tower,0,2,21,2,25,0,4,134,2,140,0,6,155,4,165,10,0,10,175
04/12/2023,SAC,CA,AWP,WE,Federal Contract Tower,0,3,26,0,29,0,6,178,0,184,0,9,204,0,213,62,0,62,275
04/13/2023,SAC,CA,AWP,WE,Federal Contract Tower,0,6,18,2,26,0,4,129,3,136,0,10,147,5,162,26,0,26,188
04/14/2023,SAC,CA,AWP,WE,Federal Contract Tower,0,3,10,0,13,0,0,177,0,177,0,3,187,0,190,128,0,128,318
04/15/2023,SAC,CA,AWP,WE,Federal Contract Tower,0,3,11,0,14,0,0,197,2,199,0,3,208,2,213,110,0,110,323
04/16/2023,SAC,CA,AWP,WE,Federal Contract Tower,0,0,6,0,6,0,0,78,0,78,0,0,84,0,84,22,0,22,106
04/17/2023,SAC,CA,AWP,WE,Federal Contract Tower,0,3,12,0,15,0,8,144,0,152,0,11,156,0,167,62,0,62,229
04/18/2023,SAC,CA,AWP,WE,Federal Contract Tower,0,6,14,0,20,0,2,179,0,181,0,8,193,0,201,58,0,58,259
04/19/2023,SAC,CA,AWP,WE,Federal Contract Tower,0,2,12,0,14,0,2,115,0,117,0,4,127,0,131,102,0,102,233
04/20/2023,SAC,CA,AWP,WE,Federal Contract Tower,0,0,32,0,32,0,1,181,1,183,0,1,213,1,215,140,0,140,355
04/21/2023,SAC,CA,AWP,WE,Federal Contract Tower,0,7,12,0,19,0,5,172,0,177,0,12,184,0,196,82,0,82,278
04/22/2023,SAC,CA,AWP,WE,Federal Contract Tower,0,2,7,2,11,0,1,180,3,184,0,3,187,5,195,32,8,40,235
04/23/2023,SAC,CA,AWP,WE,Federal Contract Tower,0,1,11,0,12,0,0,97,0,97,0,1,108,0,109,34,0,34,143
04/24/2023,SAC,CA,AWP,WE,Federal Contract Tower,0,0,14,0,14,0,6,161,0,167,0,6,175,0,181,130,0,130,311
04/25/2023,SAC,CA,AWP,WE,Federal Contract Tower,0,1,12,0,13,0,8,102,0,110,0,9,114,0,123,72,0,72,195
04/26/2023,SAC,CA,AWP,WE,Federal Contract Tower,0,2,6,0,8,0,4,121,0,125,0,6,127,0,133,101,0,101,234
04/27/2023,SAC,CA,AWP,WE,Federal Contract Tower,0,2,15,0,17,0,3,177,0,180,0,5,192,0,197,114,0,114,311
04/28/2023,SAC,CA,AWP,WE,Federal Contract Tower,0,4,13,0,17,0,0,219,0,219,0,4,232,0,236,124,0,124,360
04/29/2023,SAC,CA,AWP,WE,Federal Contract Tower,0,3,9,0,12,0,0,170,0,170,0,3,179,0,182,82,0,82,264
04/30/2023,SAC,CA,AWP,WE,Federal Contract Tower,0,5,16,0,21,0,0,103,0,103,0,5,119,0,124,60,0,60,184
05/01/2023,SAC,CA,AWP,WE,Federal Contract Tower,0,4,32,0,36,0,4,64,0,68,0,8,96,0,104,128,0,128,232
05/02/2023,SAC,CA,AWP,WE,Federal Contract Tower,0,1,13,0,14,0,0,24,0,24,0,1,37,0,38,14,0,14,52
05/03/2023,SAC,CA,AWP,WE,Federal Contract Tower,0,6,15,0,21,0,3,102,0,105,0,9,117,0,126,90,0,90,216
05/04/2023,SAC,CA,AWP,WE,Federal Contract Tower,0,1,22,0,23,0,1,75,1,77,0,2,97,1,100,108,0,108,208
05/05/2023,SAC,CA,AWP,WE,Federal Contract Tower,0,1,23,0,24,0,1,96,0,97,0,2,119,0,121,76,0,76,197
05/06/2023,SAC,CA,AWP,WE,Federal Contract Tower,0,2,14,1,17,0,0,15,0,15,0,2,29,1,32,42,0,42,74
05/07/2023,SAC,CA,AWP,WE,Federal Contract Tower,0,1,12,0,13,0,0,127,0,127,0,1,139,0,140,36,0,36,176
05/08/2023,SAC,CA,AWP,WE,Federal Contract Tower,0,1,19,0,20,0,2,100,0,102,0,3,119,0,122,106,0,106,228
05/09/2023,SAC,CA,AWP,WE,Federal Contract Tower,0,3,13,0,16,0,0,120,0,120,0,3,133,0,136,50,0,50,186
05/10/2023,SAC,CA,AWP,WE,Federal Contract Tower,0,0,7,0,7,0,1,96,0,97,0,1,103,0,104,56,0,56,160
05/11/2023,SAC,CA,AWP,WE,Federal Contract Tower,0,0,2,0,2,0,0,154,0,154,0,0,156,0,156,140,0,140,296
05/12/2023,SAC,CA,AWP,WE,Federal Contract Tower,0,0,11,0,11,0,1,170,0,171,0,1,181,0,182,98,0,98,280
05/13/2023,SAC,CA,AWP,WE,Federal Contract Tower,0,0,18,0,18,0,1,157,4,162,0,1,175,4,180,68,0,68,248
05/14/2023,SAC,CA,AWP,WE,Federal Contract Tower,0,0,8,0,8,0,0,54,0,54,0,0,62,0,62,34,0,34,96
05/15/2023,SAC,CA,AWP,WE,Federal Contract Tower,0,0,8,0,8,0,2,177,0,179,0,2,185,0,187,122,0,122,309
05/16/2023,SAC,CA,AWP,WE,Federal Contract Tower,0,0,7,0,7,0,3,120,2,125,0,3,127,2,132,54,0,54,186
05/17/2023,SAC,CA,AWP,WE,Federal Contract Tower,0,2,5,0,7,0,0,123,0,123,0,2,128,0,130,96,0,96,226
05/18/2023,SAC,CA,AWP,WE,Federal Contract Tower,0,0,18,0,18,0,0,181,3,184,0,0,199,3,202,112,0,112,314
05/19/2023,SAC,CA,AWP,WE,Federal Contract Tower,0,0,30,0,30,0,1,187,0,188,0,1,217,0,218,198,0,198,416
05/20/2023,SAC,CA,AWP,WE,Federal Contract Tower,0,1,19,0,20,0,2,181,0,183,0,3,200,0,203,110,0,110,313
05/21/2023,SAC,CA,AWP,WE,Federal Contract Tower,0,0,10,0,10,0,0,141,0,141,0,0,151,0,151,64,0,64,215
05/22/2023,SAC,CA,AWP,WE,Federal Contract Tower,0,5,13,2,20,0,2,193,0,195,0,7,206,2,215,202,0,202,417
05/23/2023,SAC,CA,AWP,WE,Federal Contract Tower,0,3,9,0,12,0,0,142,0,142,0,3,151,0,154,138,0,138,292
05/24/2023,SAC,CA,AWP,WE,Federal Contract Tower,0,2,18,0,20,0,3,199,0,202,0,5,217,0,222,162,0,162,384
05/25/2023,SAC,CA,AWP,WE,Federal Contract Tower,0,3,11,0,14,0,0,177,0,177,0,3,188,0,191,118,0,118,309
05/26/2023,SAC,CA,AWP,WE,Federal Contract Tower,0,5,14,0,19,0,5,160,0,165,0,10,174,0,184,100,0,100,284
05/27/2023,SAC,CA,AWP,WE,Federal Contract Tower,0,2,9,0,11,0,0,108,0,108,0,2,117,0,119,86,0,86,205
05/28/2023,SAC,CA,AWP,WE,Federal Contract Tower,0,0,12,0,12,0,5,100,0,105,0,5,112,0,117,118,0,118,235
05/29/2023,SAC,CA,AWP,WE,Federal Contract Tower,0,1,19,0,20,0,1,143,0,144,0,2,162,0,164,56,0,56,220
05/30/2023,SAC,CA,AWP,WE,Federal Contract Tower,0,2,8,0,10,0,0,147,0,147,0,2,155,0,157,138,0,138,295
05/31/2023,SAC,CA,AWP,WE,Federal Contract Tower,0,1,17,0,18,0,0,152,0,152,0,1,169,0,170,150,0,150,320
06/01/2023,SAC,CA,AWP,WE,Federal Contract Tower,0,1,19,0,20,0,1,138,0,139,0,2,157,0,159,98,0,98,257
06/02/2023,SAC,CA,AWP,WE,Federal Contract Tower,0,0,13,0,13,0,0,176,0,176,0,0,189,0,189,166,0,166,355
06/03/2023,SAC,CA,AWP,WE,Federal Contract Tower,0,0,9,0,9,0,0,163,0,163,0,0,172,0,172,124,0,124,296
06/04/2023,SAC,CA,AWP,WE,Federal Contract Tower,0,2,6,0,8,0,0,112,0,112,0,2,118,0,120,54,0,54,174
06/05/2023,SAC,CA,AWP,WE,Federal Contract Tower,0,2,19,0,21,0,3,149,0,152,0,5,168,0,173,208,0,208,381
06/06/2023,SAC,CA,AWP,WE,Federal Contract Tower,0,15,12,0,27,0,0,88,0,88,0,15,100,0,115,144,0,144,259
06/07/2023,SAC,CA,AWP,WE,Federal Contract Tower,0,0,15,0,15,0,2,135,0,137,0,2,150,0,152,142,0,142,294
06/08/2023,SAC,CA,AWP,WE,Federal Contract Tower,0,0,11,0,11,0,0,166,0,166,0,0,177,0,177,260,0,260,437
06/09/2023,SAC,CA,AWP,WE,Federal Contract Tower,0,2,6,0,8,0,0,119,0,119,0,2,125,0,127,24,0,24,151
06/10/2023,SAC,CA,AWP,WE,Federal Contract Tower,0,0,7,0,7,0,0,153,0,153,0,0,160,0,160,48,0,48,208
06/11/2023,SAC,CA,AWP,WE,Federal Contract Tower,0,4,14,0,18,0,0,141,0,141,0,4,155,0,159,68,0,68,227
06/12/2023,SAC,CA,AWP,WE,Federal Contract Tower,0,1,7,0,8,0,0,111,0,111,0,1,118,0,119,76,0,76,195
06/13/2023,SAC,CA,AWP,WE,Federal Contract Tower,0,3,13,0,16,0,0,146,0,146,0,3,159,0,162,187,0,187,349
06/14/2023,SAC,CA,AWP,WE,Federal Contract Tower,0,6,27,0,33,0,0,183,0,183,0,6,210,0,216,190,0,190,406
06/15/2023,SAC,CA,AWP,WE,Federal Contract Tower,0,2,19,0,21,0,0,133,0,133,0,2,152,0,154,158,0,158,312
06/16/2023,SAC,CA,AWP,WE,Federal Contract Tower,0,1,18,0,19,0,0,130,0,130,0,1,148,0,149,132,2,134,283
06/17/2023,SAC,CA,AWP,WE,Federal Contract Tower,0,2,7,0,9,0,0,170,0,170,0,2,177,0,179,114,0,114,293
06/18/2023,SAC,CA,AWP,WE,Federal Contract Tower,0,0,4,0,4,0,0,101,0,101,0,0,105,0,105,34,0,34,139
06/19/2023,SAC,CA,AWP,WE,Federal Contract Tower,0,1,19,0,20,0,4,123,0,127,0,5,142,0,147,162,0,162,309
06/20/2023,SAC,CA,AWP,WE,Federal Contract Tower,0,2,11,0,13,0,1,133,0,134,0,3,144,0,147,206,0,206,353
06/21/2023,SAC,CA,AWP,WE,Federal Contract Tower,0,6,23,0,29,0,0,184,0,184,0,6,207,0,213,152,0,152,365
06/22/2023,SAC,CA,AWP,WE,Federal Contract Tower,0,5,12,0,17,0,0,133,0,133,0,5,145,0,150,183,0,183,333
06/23/2023,SAC,CA,AWP,WE,Federal Contract Tower,0,1,28,0,29,0,0,176,0,176,0,1,204,0,205,130,0,130,335
06/24/2023,SAC,CA,AWP,WE,Federal Contract Tower,0,3,7,0,10,0,0,128,0,128,0,3,135,0,138,130,0,130,268
06/25/2023,SAC,CA,AWP,WE,Federal Contract Tower,0,1,10,0,11,0,0,127,0,127,0,1,137,0,138,92,0,92,230
06/26/2023,SAC,CA,AWP,WE,Federal Contract Tower,0,1,22,0,23,0,2,122,0,124,0,3,144,0,147,214,0,214,361
06/27/2023,SAC,CA,AWP,WE,Federal Contract Tower,0,0,17,0,17,0,1,172,1,174,0,1,189,1,191,134,0,134,325
06/28/2023,SAC,CA,AWP,WE,Federal Contract Tower,0,3,10,0,13,0,1,152,0,153,0,4,162,0,166,206,0,206,372
06/29/2023,SAC,CA,AWP,WE,Federal Contract Tower,0,1,23,0,24,0,1,140,0,141,0,2,163,0,165,132,0,132,297
06/30/2023,SAC,CA,AWP,WE,Federal Contract Tower,0,0,7,0,7,0,3,168,0,171,0,3,175,0,178,164,0,164,342
07/01/2023,SAC,CA,AWP,WE,Federal Contract Tower,0,1,14,0,15,0,0,117,0,117,0,1,131,0,132,94,0,94,226
07/02/2023,SAC,CA,AWP,WE,Federal Contract Tower,0,2,3,0,5,0,1,80,2,83,0,3,83,2,88,102,0,102,190
07/03/2023,SAC,CA,AWP,WE,Federal Contract Tower,0,1,4,0,5,0,1,128,0,129,0,2,132,0,134,102,0,102,236
07/04/2023,SAC,CA,AWP,WE,Federal Contract Tower,0,0,11,0,11,0,0,142,0,142,0,0,153,0,153,146,0,146,299
07/05/2023,SAC,CA,AWP,WE,Federal Contract Tower,0,1,9,0,10,0,1,163,0,164,0,2,172,0,174,166,0,166,340
07/06/2023,SAC,CA,AWP,WE,Federal Contract Tower,0,2,15,0,17,0,4,197,0,201,0,6,212,0,218,152,0,152,370
07/07/2023,SAC,CA,AWP,WE,Federal Contract Tower,0,0,19,0,19,0,1,162,0,163,0,1,181,0,182,128,0,128,310
07/08/2023,SAC,CA,AWP,WE,Federal Contract Tower,0,0,13,0,13,0,0,157,0,157,0,0,170,0,170,154,0,154,324
07/09/2023,SAC,CA,AWP,WE,Federal Contract Tower,0,2,9,0,11,0,0,139,0,139,0,2,148,0,150,126,0,126,276
07/10/2023,SAC,CA,AWP,WE,Federal Contract Tower,0,2,6,0,8,0,0,164,0,164,0,2,170,0,172,214,0,214,386
07/11/2023,SAC,CA,AWP,WE,Federal Contract Tower,0,4,17,0,21,0,4,186,2,192,0,8,203,2,213,198,8,206,419
07/12/2023,SAC,CA,AWP,WE,Federal Contract Tower,0,3,9,0,12,0,2,193,0,195,0,5,202,0,207,248,0,248,455
07/13/2023,SAC,CA,AWP,WE,Federal Contract Tower,0,0,21,0,21,0,1,172,0,173,0,1,193,0,194,104,0,104,298
07/14/2023,SAC,CA,AWP,WE,Federal Contract Tower,0,2,6,0,8,0,4,165,0,169,0,6,171,0,177,152,0,152,329
07/15/2023,SAC,CA,AWP,WE,Federal Contract Tower,0,2,10,0,12,0,2,132,0,134,0,4,142,0,146,90,0,90,236
07/16/2023,SAC,CA,AWP,WE,Federal Contract Tower,0,2,4,0,6,0,11,75,0,86,0,13,79,0,92,89,0,89,181
07/17/2023,SAC,CA,AWP,WE,Federal Contract Tower,0,1,8,0,9,0,4,153,0,157,0,5,161,0,166,160,0,160,326
07/18/2023,SAC,CA,AWP,WE,Federal Contract Tower,0,1,12,0,13,0,0,136,0,136,0,1,148,0,149,150,0,150,299
07/19/2023,SAC,CA,AWP,WE,Federal Contract Tower,0,0,11,0,11,0,4,162,0,166,0,4,173,0,177,172,0,172,349
07/20/2023,SAC,CA,AWP,WE,Federal Contract Tower,0,6,15,0,21,0,3,147,0,150,0,9,162,0,171,100,0,100,271
07/21/2023,SAC,CA,AWP,WE,Federal Contract Tower,0,0,12,0,12,0,1,173,0,174,0,1,185,0,186,136,0,136,322
07/22/2023,SAC,CA,AWP,WE,Federal Contract Tower,0,2,4,0,6,0,1,126,0,127,0,3,130,0,133,102,0,102,235
07/23/2023,SAC,CA,AWP,WE,Federal Contract Tower,0,2,5,0,7,0,6,96,0,102,0,8,101,0,109,100,0,100,209
07/24/2023,SAC,CA,AWP,WE,Federal Contract Tower,0,0,0,0,0,0,1,129,0,130,0,1,129,0,130,152,0,152,282
07/25/2023,SAC,CA,AWP,WE,Federal Contract Tower,0,4,14,0,18,0,7,140,2,149,0,11,154,2,167,180,0,180,347
07/26/2023,SAC,CA,AWP,WE,Federal Contract Tower,0,1,7,0,8,0,1,134,0,135,0,2,141,0,143,240,0,240,383
07/27/2023,SAC,CA,AWP,WE,Federal Contract Tower,0,1,11,0,12,0,0,192,0,192,0,1,203,0,204,188,0,188,392
07/28/2023,SAC,CA,AWP,WE,Federal Contract Tower,0,3,4,0,7,0,0,155,0,155,0,3,159,0,162,142,0,142,304
07/29/2023,SAC,CA,AWP,WE,Federal Contract Tower,0,2,6,0,8,0,0,160,0,160,0,2,166,0,168,154,0,154,322
07/30/2023,SAC,CA,AWP,WE,Federal Contract Tower,0,0,12,0,12,0,3,127,0,130,0,3,139,0,142,110,0,110,252
07/31/2023,SAC,CA,AWP,WE,Federal Contract Tower,0,4,4,0,8,0,6,157,0,163,0,10,161,0,171,204,0,204,375
08/01/2023,SAC,CA,AWP,WE,Federal Contract Tower,0,5,10,0,15,0,2,145,0,147,0,7,155,0,162,200,0,200,362
08/02/2023,SAC,CA,AWP,WE,Federal Contract Tower,0,2,3,0,5,0,0,169,0,169,0,2,172,0,174,134,0,134,308
08/03/2023,SAC,CA,AWP,WE,Federal Contract Tower,0,1,5,0,6,0,0,120,0,120,0,1,125,0,126,202,0,202,328
08/04/2023,SAC,CA,AWP,WE,Federal Contract Tower,0,0,10,0,10,0,0,174,0,174,0,0,184,0,184,170,0,170,354
08/05/2023,SAC,CA,AWP,WE,Federal Contract Tower,0,1,3,0,4,0,0,135,0,135,0,1,138,0,139,115,0,115,254
08/06/2023,SAC,CA,AWP,WE,Federal Contract Tower,0,2,8,0,10,0,8,109,0,117,0,10,117,0,127,82,0,82,209
08/07/2023,SAC,CA,AWP,WE,Federal Contract Tower,0,0,15,0,15,0,3,153,0,156,0,3,168,0,171,184,0,184,355
08/08/2023,SAC,CA,AWP,WE,Federal Contract Tower,0,0,8,0,8,0,1,183,0,184,0,1,191,0,192,210,0,210,402
08/09/2023,SAC,CA,AWP,WE,Federal Contract Tower,0,0,8,0,8,0,0,171,0,171,0,0,179,0,179,180,0,180,359
08/10/2023,SAC,CA,AWP,WE,Federal Contract Tower,0,2,10,0,12,0,0,151,0,151,0,2,161,0,163,172,0,172,335
08/11/2023,SAC,CA,AWP,WE,Federal Contract Tower,0,0,14,0,14,0,0,173,0,173,0,0,187,0,187,160,0,160,347
08/12/2023,SAC,CA,AWP,WE,Federal Contract Tower,0,1,8,0,9,0,4,164,7,175,0,5,172,7,184,108,0,108,292
08/13/2023,SAC,CA,AWP,WE,Federal Contract Tower,0,3,8,0,11,0,0,142,11,153,0,3,150,11,164,108,0,108,272
08/14/2023,SAC,CA,AWP,WE,Federal Contract Tower,0,0,5,1,6,0,3,143,2,148,0,3,148,3,154,176,0,176,330
08/15/2023,SAC,CA,AWP,WE,Federal Contract Tower,0,4,9,0,13,0,0,105,0,105,0,4,114,0,118,132,0,132,250
08/16/2023,SAC,CA,AWP,WE,Federal Contract Tower,0,3,20,0,23,0,2,117,0,119,0,5,137,0,142,110,0,110,252
08/17/2023,SAC,CA,AWP,WE,Federal Contract Tower,0,0,8,0,8,0,0,141,0,141,0,0,149,0,149,148,0,148,297
08/18/2023,SAC,CA,AWP,WE,Federal Contract Tower,0,1,15,0,16,0,2,132,0,134,0,3,147,0,150,164,0,164,314
08/19/2023,SAC,CA,AWP,WE,Federal Contract Tower,0,11,6,0,17,0,0,157,0,157,0,11,163,0,174,108,0,108,282
08/20/2023,SAC,CA,AWP,WE,Federal Contract Tower,0,1,6,0,7,0,4,152,0,156,0,5,158,0,163,108,0,108,271
08/21/2023,SAC,CA,AWP,WE,Federal Contract Tower,0,0,17,0,17,0,0,83,0,83,0,0,100,0,100,66,0,66,166
08/22/2023,SAC,CA,AWP,WE,Federal Contract Tower,0,1,16,0,17,0,1,190,0,191,0,2,206,0,208,214,0,214,422
08/23/2023,SAC,CA,AWP,WE,Federal Contract Tower,0,2,10,0,12,0,2,140,0,142,0,4,150,0,154,156,0,156,310
08/24/2023,SAC,CA,AWP,WE,Federal Contract Tower,0,2,12,0,14,0,0,185,3,188,0,2,197,3,202,178,0,178,380
08/25/2023,SAC,CA,AWP,WE,Federal Contract Tower,0,1,13,0,14,0,0,153,0,153,0,1,166,0,167,198,0,198,365
08/26/2023,SAC,CA,AWP,WE,Federal Contract Tower,0,1,2,0,3,0,0,161,0,161,0,1,163,0,164,114,0,114,278
08/27/2023,SAC,CA,AWP,WE,Federal Contract Tower,0,1,2,0,3,0,0,103,1,104,0,1,105,1,107,100,0,100,207
08/28/2023,SAC,CA,AWP,WE,Federal Contract Tower,0,1,6,0,7,0,0,148,0,148,0,1,154,0,155,120,0,120,275
08/29/2023,SAC,CA,AWP,WE,Federal Contract Tower,0,3,12,0,15,0,0,158,0,158,0,3,170,0,173,120,0,120,293
08/30/2023,SAC,CA,AWP,WE,Federal Contract Tower,0,2,23,0,25,0,0,109,0,109,0,2,132,0,134,144,0,144,278
08/31/2023,SAC,CA,AWP,WE,Federal Contract Tower,0,1,6,0,7,0,1,147,1,149,0,2,153,1,156,134,0,134,290
