01/01/2000,SAF,NM,ASW,WE,Federal Contract Tower,0,8,9,0,17,0,3,8,0,11,0,11,17,0,28,12,0,12,40
01/02/2000,SAF,NM,ASW,WE,Federal Contract Tower,0,17,24,0,41,0,0,58,0,58,0,17,82,0,99,90,0,90,189
01/03/2000,SAF,NM,ASW,WE,Federal Contract Tower,0,14,23,1,38,0,0,34,0,34,0,14,57,1,72,34,0,34,106
01/04/2000,SAF,NM,ASW,WE,Federal Contract Tower,0,11,15,2,28,0,1,66,14,81,0,12,81,16,109,162,22,184,293
01/05/2000,SAF,NM,ASW,WE,Federal Contract Tower,0,11,16,2,29,0,0,67,13,80,0,11,83,15,109,186,2,188,297
01/06/2000,SAF,NM,ASW,WE,Federal Contract Tower,0,11,17,2,30,0,0,83,12,95,0,11,100,14,125,152,4,156,281
01/07/2000,SAF,NM,ASW,WE,Federal Contract Tower,0,14,21,2,37,0,0,108,10,118,0,14,129,12,155,150,24,174,329
01/08/2000,SAF,NM,ASW,WE,Federal Contract Tower,0,12,16,2,30,0,8,104,7,119,0,20,120,9,149,266,0,266,415
01/09/2000,SAF,NM,ASW,WE,Federal Contract Tower,0,14,18,2,34,0,0,76,4,80,0,14,94,6,114,112,14,126,240
01/10/2000,SAF,NM,ASW,WE,Federal Contract Tower,0,8,18,0,26,0,0,54,0,54,0,8,72,0,80,64,0,64,144
01/11/2000,SAF,NM,ASW,WE,Federal Contract Tower,0,9,13,0,22,0,0,59,0,59,0,9,72,0,81,160,0,160,241
01/12/2000,SAF,NM,ASW,WE,Federal Contract Tower,0,13,17,2,32,0,1,50,8,59,0,14,67,10,91,166,28,194,285
01/13/2000,SAF,NM,ASW,WE,Federal Contract Tower,0,9,16,2,27,0,0,88,13,101,0,9,104,15,128,140,26,166,294
01/14/2000,SAF,NM,ASW,WE,Federal Contract Tower,0,13,20,2,35,0,0,95,1,96,0,13,115,3,131,98,0,98,229
01/15/2000,SAF,NM,ASW,WE,Federal Contract Tower,0,17,21,0,38,0,3,80,0,83,0,20,101,0,121,204,0,204,325
01/16/2000,SAF,NM,ASW,WE,Federal Contract Tower,0,13,18,0,31,0,1,80,0,81,0,14,98,0,112,166,0,166,278
01/17/2000,SAF,NM,ASW,WE,Federal Contract Tower,0,14,23,0,37,0,0,75,0,75,0,14,98,0,112,218,0,218,330
01/18/2000,SAF,NM,ASW,WE,Federal Contract Tower,0,14,20,1,35,0,1,74,3,78,0,15,94,4,113,120,12,132,245
01/19/2000,SAF,NM,ASW,WE,Federal Contract Tower,0,11,20,1,32,0,0,60,3,63,0,11,80,4,95,120,4,124,219
01/20/2000,SAF,NM,ASW,WE,Federal Contract Tower,0,13,17,1,31,0,2,63,8,73,0,15,80,9,104,164,22,186,290
01/21/2000,SAF,NM,ASW,WE,Federal Contract Tower,0,11,19,1,31,0,0,55,9,64,0,11,74,10,95,162,0,162,257
01/22/2000,SAF,NM,ASW,WE,Federal Contract Tower,0,11,15,1,27,0,6,37,3,46,0,17,52,4,73,126,12,138,211
01/23/2000,SAF,NM,ASW,WE,Federal Contract Tower,0,15,20,0,35,0,4,72,0,76,0,19,92,0,111,78,0,78,189
01/24/2000,SAF,NM,ASW,WE,Federal Contract Tower,0,10,15,1,26,0,0,52,0,52,0,10,67,1,78,80,0,80,158
01/25/2000,SAF,NM,ASW,WE,Federal Contract Tower,0,14,19,1,34,0,1,38,2,41,0,15,57,3,75,130,4,134,209
01/26/2000,SAF,NM,ASW,WE,Federal Contract Tower,0,12,22,1,35,0,0,14,4,18,0,12,36,5,53,28,0,28,81
01/27/2000,SAF,NM,ASW,WE,Federal Contract Tower,0,12,19,1,32,0,0,51,7,58,0,12,70,8,90,84,12,96,186
01/28/2000,SAF,NM,ASW,WE,Federal Contract Tower,0,10,14,0,24,0,5,67,6,78,0,15,81,6,102,58,12,70,172
01/29/2000,SAF,NM,ASW,WE,Federal Contract Tower,0,10,14,0,24,0,5,73,0,78,0,15,87,0,102,186,0,186,288
01/30/2000,SAF,NM,ASW,WE,Federal Contract Tower,0,12,17,0,29,0,8,59,0,67,0,20,76,0,96,116,0,116,212
01/31/2000,SAF,NM,ASW,WE,Federal Contract Tower,0,10,15,1,26,0,0,26,1,27,0,10,41,2,53,20,0,20,73
02/01/2000,SAF,NM,ASW,WE,Federal Contract Tower,0,12,13,0,25,0,3,38,2,43,0,15,51,2,68,104,0,104,172
02/02/2000,SAF,NM,ASW,WE,Federal Contract Tower,0,12,14,1,27,0,3,54,6,63,0,15,68,7,90,182,2,184,274
02/03/2000,SAF,NM,ASW,WE,Federal Contract Tower,0,10,13,1,24,0,4,89,5,98,0,14,102,6,122,128,14,142,264
02/04/2000,SAF,NM,ASW,WE,Federal Contract Tower,0,10,21,2,33,0,0,68,0,68,0,10,89,2,101,120,18,138,239
02/05/2000,SAF,NM,ASW,WE,Federal Contract Tower,0,15,18,2,35,0,2,71,15,88,0,17,89,17,123,108,68,176,299
02/06/2000,SAF,NM,ASW,WE,Federal Contract Tower,0,19,24,2,45,0,4,89,5,98,0,23,113,7,143,130,38,168,311
02/07/2000,SAF,NM,ASW,WE,Federal Contract Tower,0,12,14,1,27,0,1,71,1,73,0,13,85,2,100,108,6,114,214
02/08/2000,SAF,NM,ASW,WE,Federal Contract Tower,0,12,14,1,27,0,0,81,5,86,0,12,95,6,113,62,2,64,177
02/09/2000,SAF,NM,ASW,WE,Federal Contract Tower,0,17,26,2,45,0,0,60,4,64,0,17,86,6,109,106,20,126,235
02/10/2000,SAF,NM,ASW,WE,Federal Contract Tower,0,11,18,2,31,0,0,48,9,57,0,11,66,11,88,56,12,68,156
02/11/2000,SAF,NM,ASW,WE,Federal Contract Tower,0,13,22,2,37,0,0,77,4,81,0,13,99,6,118,96,4,100,218
02/12/2000,SAF,NM,ASW,WE,Federal Contract Tower,0,19,23,1,43,0,1,62,0,63,0,20,85,1,106,134,0,134,240
02/13/2000,SAF,NM,ASW,WE,Federal Contract Tower,0,21,26,2,49,0,2,60,3,65,0,23,86,5,114,80,0,80,194
02/14/2000,SAF,NM,ASW,WE,Federal Contract Tower,0,11,14,0,25,0,4,43,0,47,0,15,57,0,72,96,0,96,168
02/15/2000,SAF,NM,ASW,WE,Federal Contract Tower,0,12,16,0,28,0,2,60,8,70,0,14,76,8,98,72,10,82,180
02/16/2000,SAF,NM,ASW,WE,Federal Contract Tower,0,18,24,1,43,0,0,73,2,75,0,18,97,3,118,120,14,134,252
02/17/2000,SAF,NM,ASW,WE,Federal Contract Tower,0,10,13,0,23,0,0,11,4,15,0,10,24,4,38,12,0,12,50
02/18/2000,SAF,NM,ASW,WE,Federal Contract Tower,0,18,25,1,44,0,0,87,1,88,0,18,112,2,132,128,0,128,260
02/19/2000,SAF,NM,ASW,WE,Federal Contract Tower,0,19,25,1,45,0,3,77,0,80,0,22,102,1,125,114,0,114,239
02/20/2000,SAF,NM,ASW,WE,Federal Contract Tower,0,20,27,0,47,0,2,59,0,61,0,22,86,0,108,146,0,146,254
02/21/2000,SAF,NM,ASW,WE,Federal Contract Tower,0,17,32,1,50,0,0,63,2,65,0,17,95,3,115,118,8,126,241
02/22/2000,SAF,NM,ASW,WE,Federal Contract Tower,0,16,21,1,38,0,6,13,2,21,0,22,34,3,59,0,6,6,65
02/23/2000,SAF,NM,ASW,WE,Federal Contract Tower,0,14,20,1,35,0,0,69,6,75,0,14,89,7,110,214,20,234,344
02/24/2000,SAF,NM,ASW,WE,Federal Contract Tower,0,10,16,0,26,0,0,35,8,43,0,10,51,8,69,64,0,64,133
02/25/2000,SAF,NM,ASW,WE,Federal Contract Tower,0,12,21,1,34,0,0,39,7,46,0,12,60,8,80,42,0,42,122
02/26/2000,SAF,NM,ASW,WE,Federal Contract Tower,0,15,20,0,35,0,3,86,0,89,0,18,106,0,124,158,0,158,282
02/27/2000,SAF,NM,ASW,WE,Federal Contract Tower,0,13,16,0,29,0,4,119,0,123,0,17,135,0,152,174,0,174,326
02/28/2000,SAF,NM,ASW,WE,Federal Contract Tower,0,9,12,0,21,0,1,43,0,44,0,10,55,0,65,74,0,74,139
02/29/2000,SAF,NM,ASW,WE,Federal Contract Tower,0,12,16,0,28,0,0,63,3,66,0,12,79,3,94,126,4,130,224
03/01/2000,SAF,NM,ASW,WE,Federal Contract Tower,0,11,16,0,27,0,0,42,4,46,0,11,58,4,73,92,2,94,167
03/02/2000,SAF,NM,ASW,WE,Federal Contract Tower,0,14,21,0,35,0,0,42,0,42,0,14,63,0,77,88,0,88,165
03/03/2000,SAF,NM,ASW,WE,Federal Contract Tower,0,13,19,2,34,0,1,111,3,115,0,14,130,5,149,254,0,254,403
03/04/2000,SAF,NM,ASW,WE,Federal Contract Tower,0,11,17,2,30,0,8,93,0,101,0,19,110,2,131,170,0,170,301
03/05/2000,SAF,NM,ASW,WE,Federal Contract Tower,0,18,26,2,46,0,4,16,0,20,0,22,42,2,66,14,0,14,80
03/06/2000,SAF,NM,ASW,WE,Federal Contract Tower,0,9,13,0,22,0,3,38,0,41,0,12,51,0,63,114,0,114,177
03/07/2000,SAF,NM,ASW,WE,Federal Contract Tower,0,8,10,1,19,0,4,2,0,6,0,12,12,1,25,6,6,12,37
03/08/2000,SAF,NM,ASW,WE,Federal Contract Tower,0,9,13,0,22,0,3,77,0,80,0,12,90,0,102,122,0,122,224
03/09/2000,SAF,NM,ASW,WE,Federal Contract Tower,0,17,24,1,42,0,0,51,0,51,0,17,75,1,93,44,0,44,137
03/10/2000,SAF,NM,ASW,WE,Federal Contract Tower,0,10,18,2,30,0,0,41,3,44,0,10,59,5,74,72,10,82,156
03/11/2000,SAF,NM,ASW,WE,Federal Contract Tower,0,14,21,0,35,0,10,132,0,142,0,24,153,0,177,152,0,152,329
03/12/2000,SAF,NM,ASW,WE,Federal Contract Tower,0,17,24,2,43,0,3,89,2,94,0,20,113,4,137,134,0,134,271
03/13/2000,SAF,NM,ASW,WE,Federal Contract Tower,0,11,21,2,34,0,0,65,10,75,0,11,86,12,109,88,10,98,207
03/14/2000,SAF,NM,ASW,WE,Federal Contract Tower,0,11,15,1,27,0,0,57,3,60,0,11,72,4,87,70,0,70,157
03/15/2000,SAF,NM,ASW,WE,Federal Contract Tower,0,10,22,2,34,0,0,59,2,61,0,10,81,4,95,112,0,112,207
03/16/2000,SAF,NM,ASW,WE,Federal Contract Tower,0,12,21,2,35,0,0,51,3,54,0,12,72,5,89,24,12,36,125
03/17/2000,SAF,NM,ASW,WE,Federal Contract Tower,0,12,24,2,38,0,0,76,0,76,0,12,100,2,114,122,0,122,236
03/18/2000,SAF,NM,ASW,WE,Federal Contract Tower,0,16,22,1,39,0,0,43,0,43,0,16,65,1,82,30,2,32,114
03/19/2000,SAF,NM,ASW,WE,Federal Contract Tower,0,22,32,1,55,0,3,101,2,106,0,25,133,3,161,94,4,98,259
03/20/2000,SAF,NM,ASW,WE,Federal Contract Tower,0,12,17,0,29,0,2,24,1,27,0,14,41,1,56,108,0,108,164
03/21/2000,SAF,NM,ASW,WE,Federal Contract Tower,0,11,15,0,26,0,3,6,0,9,0,14,21,0,35,22,0,22,57
03/22/2000,SAF,NM,ASW,WE,Federal Contract Tower,0,9,19,1,29,0,0,9,1,10,0,9,28,2,39,32,6,38,77
03/23/2000,SAF,NM,ASW,WE,Federal Contract Tower,0,10,17,0,27,0,0,22,2,24,0,10,39,2,51,42,8,50,101
03/24/2000,SAF,NM,ASW,WE,Federal Contract Tower,0,10,23,1,34,0,0,83,6,89,0,10,106,7,123,188,8,196,319
03/25/2000,SAF,NM,ASW,WE,Federal Contract Tower,0,13,19,0,32,0,7,103,0,110,0,20,122,0,142,174,0,174,316
03/26/2000,SAF,NM,ASW,WE,Federal Contract Tower,0,18,26,0,44,0,4,97,0,101,0,22,123,0,145,100,0,100,245
03/27/2000,SAF,NM,ASW,WE,Federal Contract Tower,0,13,22,1,36,0,0,73,14,87,0,13,95,15,123,64,2,66,189
03/28/2000,SAF,NM,ASW,WE,Federal Contract Tower,0,11,17,0,28,0,1,30,4,35,0,12,47,4,63,84,6,90,153
03/29/2000,SAF,NM,ASW,WE,Federal Contract Tower,0,17,31,1,49,0,0,72,4,76,0,17,103,5,125,134,6,140,265
03/30/2000,SAF,NM,ASW,WE,Federal Contract Tower,0,10,17,0,27,0,0,34,4,38,0,10,51,4,65,40,10,50,115
03/31/2000,SAF,NM,ASW,WE,Federal Contract Tower,0,15,29,0,44,0,0,19,0,19,0,15,48,0,63,42,0,42,105
04/01/2000,SAF,NM,ASW,WE,Federal Contract Tower,0,13,6,0,19,0,10,0,0,10,0,23,6,0,29,4,0,4,33
04/02/2000,SAF,NM,ASW,WE,Federal Contract Tower,0,18,20,2,40,0,0,59,0,59,0,18,79,2,99,136,0,136,235
04/03/2000,SAF,NM,ASW,WE,Federal Contract Tower,0,16,15,1,32,0,8,36,0,44,0,24,51,1,76,42,0,42,118
04/04/2000,SAF,NM,ASW,WE,Federal Contract Tower,0,18,18,2,38,0,2,84,0,86,0,20,102,2,124,134,0,134,258
04/05/2000,SAF,NM,ASW,WE,Federal Contract Tower,0,18,18,1,37,0,3,81,0,84,0,21,99,1,121,138,0,138,259
04/06/2000,SAF,NM,ASW,WE,Federal Contract Tower,0,17,18,2,37,0,0,65,0,65,0,17,83,2,102,98,0,98,200
04/07/2000,SAF,NM,ASW,WE,Federal Contract Tower,0,20,25,2,47,0,0,67,7,74,0,20,92,9,121,114,12,126,247
04/08/2000,SAF,NM,ASW,WE,Federal Contract Tower,0,21,21,2,44,0,2,79,0,81,0,23,100,2,125,202,10,212,337
04/09/2000,SAF,NM,ASW,WE,Federal Contract Tower,0,20,17,2,39,0,0,85,0,85,0,20,102,2,124,100,6,106,230
04/10/2000,SAF,NM,ASW,WE,Federal Contract Tower,0,18,16,2,36,0,0,68,2,70,0,18,84,4,106,64,0,64,170
04/11/2000,SAF,NM,ASW,WE,Federal Contract Tower,0,20,17,2,39,0,0,36,4,40,0,20,53,6,79,48,0,48,127
04/12/2000,SAF,NM,ASW,WE,Federal Contract Tower,0,20,17,0,37,0,2,73,0,75,0,22,90,0,112,132,0,132,244
04/13/2000,SAF,NM,ASW,WE,Federal Contract Tower,0,27,25,1,53,0,0,103,0,103,0,27,128,1,156,206,0,206,362
04/14/2000,SAF,NM,ASW,WE,Federal Contract Tower,0,21,28,1,50,0,0,81,9,90,0,21,109,10,140,134,12,146,286
04/15/2000,SAF,NM,ASW,WE,Federal Contract Tower,0,19,17,1,37,0,3,41,3,47,0,22,58,4,84,56,28,84,168
04/16/2000,SAF,NM,ASW,WE,Federal Contract Tower,0,24,23,1,48,0,0,110,7,117,0,24,133,8,165,208,8,216,381
04/17/2000,SAF,NM,ASW,WE,Federal Contract Tower,0,20,18,1,39,0,2,58,0,60,0,22,76,1,99,80,0,80,179
04/18/2000,SAF,NM,ASW,WE,Federal Contract Tower,0,21,20,1,42,0,0,36,2,38,0,21,56,3,80,62,2,64,144
04/19/2000,SAF,NM,ASW,WE,Federal Contract Tower,0,20,18,1,39,0,1,53,0,54,0,21,71,1,93,58,2,60,153
04/20/2000,SAF,NM,ASW,WE,Federal Contract Tower,0,21,24,1,46,0,0,88,5,93,0,21,112,6,139,164,0,164,303
04/21/2000,SAF,NM,ASW,WE,Federal Contract Tower,0,23,26,1,50,0,0,109,7,116,0,23,135,8,166,196,32,228,394
04/22/2000,SAF,NM,ASW,WE,Federal Contract Tower,0,13,13,0,26,0,3,33,0,36,0,16,46,0,62,44,0,44,106
04/23/2000,SAF,NM,ASW,WE,Federal Contract Tower,0,19,21,0,40,0,0,50,0,50,0,19,71,0,90,26,0,26,116
04/24/2000,SAF,NM,ASW,WE,Federal Contract Tower,0,22,25,1,48,0,0,84,5,89,0,22,109,6,137,110,12,122,259
04/25/2000,SAF,NM,ASW,WE,Federal Contract Tower,0,18,17,1,36,0,5,71,6,82,0,23,88,7,118,154,4,158,276
04/26/2000,SAF,NM,ASW,WE,Federal Contract Tower,0,22,20,1,43,0,4,77,1,82,0,26,97,2,125,182,0,182,307
04/27/2000,SAF,NM,ASW,WE,Federal Contract Tower,0,23,23,1,47,0,0,70,2,72,0,23,93,3,119,90,10,100,219
04/28/2000,SAF,NM,ASW,WE,Federal Contract Tower,0,22,22,1,45,0,0,87,6,93,0,22,109,7,138,92,16,108,246
04/29/2000,SAF,NM,ASW,WE,Federal Contract Tower,0,18,16,0,34,0,3,102,0,105,0,21,118,0,139,146,0,146,285
04/30/2000,SAF,NM,ASW,WE,Federal Contract Tower,0,21,20,1,42,0,1,64,0,65,0,22,84,1,107,84,0,84,191
05/01/2000,SAF,NM,ASW,WE,Federal Contract Tower,0,18,17,1,36,0,6,65,0,71,0,24,82,1,107,76,10,86,193
05/02/2000,SAF,NM,ASW,WE,Federal Contract Tower,0,17,17,1,35,0,8,59,1,68,0,25,76,2,103,88,2,90,193
05/03/2000,SAF,NM,ASW,WE,Federal Contract Tower,0,19,19,2,40,0,3,73,3,79,0,22,92,5,119,88,2,90,209
05/04/2000,SAF,NM,ASW,WE,Federal Contract Tower,0,29,30,2,61,0,0,72,1,73,0,29,102,3,134,118,16,134,268
05/05/2000,SAF,NM,ASW,WE,Federal Contract Tower,0,21,21,2,44,0,5,90,3,98,0,26,111,5,142,144,0,144,286
05/06/2000,SAF,NM,ASW,WE,Federal Contract Tower,0,17,17,1,35,0,2,78,15,95,0,19,95,16,130,180,14,194,324
05/07/2000,SAF,NM,ASW,WE,Federal Contract Tower,0,28,27,2,57,0,6,118,14,138,0,34,145,16,195,92,18,110,305
05/08/2000,SAF,NM,ASW,WE,Federal Contract Tower,0,22,24,2,48,0,0,90,11,101,0,22,114,13,149,46,6,52,201
05/09/2000,SAF,NM,ASW,WE,Federal Contract Tower,0,20,19,2,41,0,2,140,3,145,0,22,159,5,186,172,0,172,358
05/10/2000,SAF,NM,ASW,WE,Federal Contract Tower,0,24,23,2,49,0,6,70,16,92,0,30,93,18,141,120,2,122,263
05/11/2000,SAF,NM,ASW,WE,Federal Contract Tower,0,17,21,2,40,0,0,107,14,121,0,17,128,16,161,16,0,16,177
05/12/2000,SAF,NM,ASW,WE,Federal Contract Tower,0,24,21,2,47,0,0,160,31,191,0,24,181,33,238,28,8,36,274
05/13/2000,SAF,NM,ASW,WE,Federal Contract Tower,0,17,16,1,34,0,5,145,15,165,0,22,161,16,199,30,2,32,231
05/14/2000,SAF,NM,ASW,WE,Federal Contract Tower,0,28,25,2,55,0,1,140,24,165,0,29,165,26,220,108,6,114,334
05/15/2000,SAF,NM,ASW,WE,Federal Contract Tower,0,17,17,0,34,0,4,151,18,173,0,21,168,18,207,98,0,98,305
05/16/2000,SAF,NM,ASW,WE,Federal Contract Tower,0,20,23,1,44,0,0,108,10,118,0,20,131,11,162,98,10,108,270
05/17/2000,SAF,NM,ASW,WE,Federal Contract Tower,0,13,18,1,32,0,0,39,16,55,0,13,57,17,87,42,18,60,147
05/18/2000,SAF,NM,ASW,WE,Federal Contract Tower,0,22,26,1,49,0,0,166,10,176,0,22,192,11,225,112,14,126,351
05/19/2000,SAF,NM,ASW,WE,Federal Contract Tower,0,23,23,1,47,0,0,148,15,163,0,23,171,16,210,126,22,148,358
05/20/2000,SAF,NM,ASW,WE,Federal Contract Tower,0,18,18,1,37,0,0,177,8,185,0,18,195,9,222,152,26,178,400
05/21/2000,SAF,NM,ASW,WE,Federal Contract Tower,0,28,29,1,58,0,0,147,9,156,0,28,176,10,214,88,8,96,310
05/22/2000,SAF,NM,ASW,WE,Federal Contract Tower,0,22,21,1,44,0,3,132,6,141,0,25,153,7,185,144,8,152,337
05/23/2000,SAF,NM,ASW,WE,Federal Contract Tower,0,24,23,1,48,0,3,120,7,130,0,27,143,8,178,128,18,146,324
05/24/2000,SAF,NM,ASW,WE,Federal Contract Tower,0,19,18,1,38,0,6,129,0,135,0,25,147,1,173,130,0,130,303
05/25/2000,SAF,NM,ASW,WE,Federal Contract Tower,0,26,25,1,52,0,1,76,4,81,0,27,101,5,133,48,4,52,185
05/26/2000,SAF,NM,ASW,WE,Federal Contract Tower,0,23,30,1,54,0,0,137,4,141,0,23,167,5,195,80,0,80,275
05/27/2000,SAF,NM,ASW,WE,Federal Contract Tower,0,17,17,0,34,0,4,134,0,138,0,21,151,0,172,90,0,90,262
05/28/2000,SAF,NM,ASW,WE,Federal Contract Tower,0,19,18,0,37,0,2,118,0,120,0,21,136,0,157,148,0,148,305
05/29/2000,SAF,NM,ASW,WE,Federal Contract Tower,0,16,31,1,48,0,0,173,6,179,0,16,204,7,227,96,8,104,331
05/30/2000,SAF,NM,ASW,WE,Federal Contract Tower,0,23,23,1,47,0,0,168,1,169,0,23,191,2,216,84,0,84,300
05/31/2000,SAF,NM,ASW,WE,Federal Contract Tower,0,22,20,1,43,0,2,96,11,109,0,24,116,12,152,86,14,100,252
06/01/2000,SAF,NM,ASW,WE,Federal Contract Tower,0,23,21,1,45,0,1,98,4,103,0,24,119,5,148,56,0,56,204
06/02/2000,SAF,NM,ASW,WE,Federal Contract Tower,0,25,23,1,49,0,0,75,1,76,0,25,98,2,125,90,0,90,215
06/03/2000,SAF,NM,ASW,WE,Federal Contract Tower,0,14,15,0,29,0,5,117,10,132,0,19,132,10,161,150,0,150,311
06/04/2000,SAF,NM,ASW,WE,Federal Contract Tower,0,23,23,1,47,0,0,70,2,72,0,23,93,3,119,28,0,28,147
06/05/2000,SAF,NM,ASW,WE,Federal Contract Tower,0,28,26,1,55,0,2,66,6,74,0,30,92,7,129,66,10,76,205
06/06/2000,SAF,NM,ASW,WE,Federal Contract Tower,0,20,19,0,39,0,2,101,8,111,0,22,120,8,150,156,14,170,320
06/07/2000,SAF,NM,ASW,WE,Federal Contract Tower,0,22,23,1,46,0,0,96,0,96,0,22,119,1,142,68,2,70,212
06/08/2000,SAF,NM,ASW,WE,Federal Contract Tower,0,24,21,2,47,0,1,129,4,134,0,25,150,6,181,144,4,148,329
06/09/2000,SAF,NM,ASW,WE,Federal Contract Tower,0,21,21,2,44,0,0,86,6,92,0,21,107,8,136,146,18,164,300
06/10/2000,SAF,NM,ASW,WE,Federal Contract Tower,0,16,15,1,32,0,7,99,0,106,0,23,114,1,138,130,0,130,268
06/11/2000,SAF,NM,ASW,WE,Federal Contract Tower,0,23,23,2,48,0,0,108,3,111,0,23,131,5,159,60,0,60,219
06/12/2000,SAF,NM,ASW,WE,Federal Contract Tower,0,23,21,2,46,0,1,112,2,115,0,24,133,4,161,126,0,126,287
06/13/2000,SAF,NM,ASW,WE,Federal Contract Tower,0,23,20,2,45,0,2,87,2,91,0,25,107,4,136,70,0,70,206
06/14/2000,SAF,NM,ASW,WE,Federal Contract Tower,0,18,17,1,36,0,4,72,7,83,0,22,89,8,119,82,4,86,205
06/15/2000,SAF,NM,ASW,WE,Federal Contract Tower,0,26,23,2,51,0,1,93,0,94,0,27,116,2,145,68,2,70,215
06/16/2000,SAF,NM,ASW,WE,Federal Contract Tower,0,22,22,2,46,0,0,151,6,157,0,22,173,8,203,126,22,148,351
06/17/2000,SAF,NM,ASW,WE,Federal Contract Tower,0,19,17,1,37,0,8,140,1,149,0,27,157,2,186,128,0,128,314
06/18/2000,SAF,NM,ASW,WE,Federal Contract Tower,0,25,22,2,49,0,1,137,0,138,0,26,159,2,187,70,0,70,257
06/19/2000,SAF,NM,ASW,WE,Federal Contract Tower,0,20,24,2,46,0,0,100,17,117,0,20,124,19,163,30,0,30,193
06/20/2000,SAF,NM,ASW,WE,Federal Contract Tower,0,19,17,0,36,0,3,102,10,115,0,22,119,10,151,62,18,80,231
06/21/2000,SAF,NM,ASW,WE,Federal Contract Tower,0,25,23,0,48,0,0,135,0,135,0,25,158,0,183,126,0,126,309
06/22/2000,SAF,NM,ASW,WE,Federal Contract Tower,0,24,23,1,48,0,0,106,4,110,0,24,129,5,158,102,12,114,272
06/23/2000,SAF,NM,ASW,WE,Federal Contract Tower,0,25,21,1,47,0,1,118,10,129,0,26,139,11,176,182,4,186,362
06/24/2000,SAF,NM,ASW,WE,Federal Contract Tower,0,19,16,0,35,0,6,141,3,150,0,25,157,3,185,118,2,120,305
06/25/2000,SAF,NM,ASW,WE,Federal Contract Tower,0,21,18,0,39,0,7,100,0,107,0,28,118,0,146,70,0,70,216
06/26/2000,SAF,NM,ASW,WE,Federal Contract Tower,0,19,18,0,37,0,0,51,2,53,0,19,69,2,90,52,0,52,142
06/27/2000,SAF,NM,ASW,WE,Federal Contract Tower,0,21,18,0,39,0,9,31,5,45,0,30,49,5,84,48,0,48,132
06/28/2000,SAF,NM,ASW,WE,Federal Contract Tower,0,24,22,1,47,0,0,88,3,91,0,24,110,4,138,124,0,124,262
06/29/2000,SAF,NM,ASW,WE,Federal Contract Tower,0,25,28,1,54,0,0,76,5,81,0,25,104,6,135,86,2,88,223
06/30/2000,SAF,NM,ASW,WE,Federal Contract Tower,0,23,29,1,53,0,0,135,1,136,0,23,164,2,189,118,0,118,307
07/01/2000,SAF,NM,ASW,WE,Federal Contract Tower,0,20,19,0,39,0,8,105,0,113,0,28,124,0,152,118,0,118,270
07/02/2000,SAF,NM,ASW,WE,Federal Contract Tower,0,25,25,1,51,0,2,86,1,89,0,27,111,2,140,86,0,86,226
07/03/2000,SAF,NM,ASW,WE,Federal Contract Tower,0,17,17,0,34,0,0,97,0,97,0,17,114,0,131,84,0,84,215
07/04/2000,SAF,NM,ASW,WE,Federal Contract Tower,0,25,23,2,50,0,1,94,5,100,0,26,117,7,150,82,0,82,232
07/05/2000,SAF,NM,ASW,WE,Federal Contract Tower,0,24,22,2,48,0,1,45,3,49,0,25,67,5,97,58,0,58,155
07/06/2000,SAF,NM,ASW,WE,Federal Contract Tower,0,25,24,2,51,0,0,87,5,92,0,25,111,7,143,114,14,128,271
07/07/2000,SAF,NM,ASW,WE,Federal Contract Tower,0,19,23,2,44,0,0,77,8,85,0,19,100,10,129,182,70,252,381
07/08/2000,SAF,NM,ASW,WE,Federal Contract Tower,0,17,15,2,34,0,2,132,11,145,0,19,147,13,179,144,32,176,355
07/09/2000,SAF,NM,ASW,WE,Federal Contract Tower,0,25,23,2,50,0,5,84,10,99,0,30,107,12,149,68,26,94,243
07/10/2000,SAF,NM,ASW,WE,Federal Contract Tower,0,18,17,2,37,0,1,63,3,67,0,19,80,5,104,88,2,90,194
07/11/2000,SAF,NM,ASW,WE,Federal Contract Tower,0,19,18,2,39,0,4,60,0,64,0,23,78,2,103,78,0,78,181
07/12/2000,SAF,NM,ASW,WE,Federal Contract Tower,0,24,22,2,48,0,4,63,1,68,0,28,85,3,116,70,4,74,190
07/13/2000,SAF,NM,ASW,WE,Federal Contract Tower,0,26,25,2,53,0,4,74,7,85,0,30,99,9,138,78,0,78,216
07/14/2000,SAF,NM,ASW,WE,Federal Contract Tower,0,23,22,2,47,0,0,87,3,90,0,23,109,5,137,146,0,146,283
07/15/2000,SAF,NM,ASW,WE,Federal Contract Tower,0,21,19,0,40,0,8,89,0,97,0,29,108,0,137,150,0,150,287
07/16/2000,SAF,NM,ASW,WE,Federal Contract Tower,0,30,28,1,59,0,0,112,0,112,0,30,140,1,171,124,2,126,297
07/17/2000,SAF,NM,ASW,WE,Federal Contract Tower,0,21,20,2,43,0,1,85,4,90,0,22,105,6,133,98,18,116,249
07/18/2000,SAF,NM,ASW,WE,Federal Contract Tower,0,21,20,0,41,0,4,53,0,57,0,25,73,0,98,66,22,88,186
07/19/2000,SAF,NM,ASW,WE,Federal Contract Tower,0,22,23,2,47,0,0,69,2,71,0,22,92,4,118,112,0,112,230
07/20/2000,SAF,NM,ASW,WE,Federal Contract Tower,0,26,25,1,52,1,2,84,0,87,1,28,109,1,139,92,0,92,231
07/21/2000,SAF,NM,ASW,WE,Federal Contract Tower,0,21,21,2,44,0,0,115,9,124,0,21,136,11,168,156,4,160,328
07/22/2000,SAF,NM,ASW,WE,Federal Contract Tower,0,26,24,1,51,0,1,120,2,123,0,27,144,3,174,142,6,148,322
07/23/2000,SAF,NM,ASW,WE,Federal Contract Tower,0,29,27,2,58,0,0,117,2,119,0,29,144,4,177,166,0,166,343
07/24/2000,SAF,NM,ASW,WE,Federal Contract Tower,0,17,14,1,32,0,3,90,9,102,0,20,104,10,134,154,6,160,294
07/25/2000,SAF,NM,ASW,WE,Federal Contract Tower,0,19,17,1,37,0,0,64,6,70,0,19,81,7,107,74,0,74,181
07/26/2000,SAF,NM,ASW,WE,Federal Contract Tower,0,22,22,1,45,0,0,73,7,80,0,22,95,8,125,146,8,154,279
07/27/2000,SAF,NM,ASW,WE,Federal Contract Tower,0,25,22,1,48,0,0,64,5,69,0,25,86,6,117,96,4,100,217
07/28/2000,SAF,NM,ASW,WE,Federal Contract Tower,0,27,26,2,55,0,0,82,13,95,0,27,108,15,150,96,0,96,246
07/29/2000,SAF,NM,ASW,WE,Federal Contract Tower,0,26,25,0,51,0,0,100,0,100,0,26,125,0,151,144,0,144,295
07/30/2000,SAF,NM,ASW,WE,Federal Contract Tower,0,26,24,1,51,0,1,87,1,89,0,27,111,2,140,136,0,136,276
07/31/2000,SAF,NM,ASW,WE,Federal Contract Tower,0,24,22,1,47,0,0,63,4,67,0,24,85,5,114,132,4,136,250
08/01/2000,SAF,NM,ASW,WE,Federal Contract Tower,0,18,20,0,38,0,2,57,2,61,0,20,77,2,99,92,0,92,191
08/02/2000,SAF,NM,ASW,WE,Federal Contract Tower,0,21,21,2,44,0,4,55,0,59,0,25,76,2,103,42,0,42,145
08/03/2000,SAF,NM,ASW,WE,Federal Contract Tower,0,17,21,1,39,0,0,75,8,83,0,17,96,9,122,118,8,126,248
08/04/2000,SAF,NM,ASW,WE,Federal Contract Tower,0,28,29,2,59,0,0,113,8,121,0,28,142,10,180,176,2,178,358
08/05/2000,SAF,NM,ASW,WE,Federal Contract Tower,0,18,18,1,37,0,10,98,13,121,0,28,116,14,158,164,26,190,348
08/06/2000,SAF,NM,ASW,WE,Federal Contract Tower,0,28,27,2,57,0,0,85,9,94,0,28,112,11,151,86,4,90,241
08/07/2000,SAF,NM,ASW,WE,Federal Contract Tower,0,19,19,1,39,0,4,58,0,62,0,23,77,1,101,140,0,140,241
08/08/2000,SAF,NM,ASW,WE,Federal Contract Tower,0,16,17,1,34,0,5,78,3,86,0,21,95,4,120,82,0,82,202
08/09/2000,SAF,NM,ASW,WE,Federal Contract Tower,0,26,27,0,53,0,0,76,0,76,0,26,103,0,129,112,0,112,241
08/10/2000,SAF,NM,ASW,WE,Federal Contract Tower,0,31,31,2,64,0,4,72,3,79,0,35,103,5,143,98,0,98,241
08/11/2000,SAF,NM,ASW,WE,Federal Contract Tower,0,27,35,2,64,0,0,103,6,109,0,27,138,8,173,94,0,94,267
08/12/2000,SAF,NM,ASW,WE,Federal Contract Tower,0,19,20,1,40,0,9,86,0,95,0,28,106,1,135,160,0,160,295
08/13/2000,SAF,NM,ASW,WE,Federal Contract Tower,0,34,33,2,69,0,4,82,2,88,0,38,115,4,157,56,12,68,225
08/14/2000,SAF,NM,ASW,WE,Federal Contract Tower,0,24,24,2,50,0,1,73,2,76,0,25,97,4,126,118,0,118,244
08/15/2000,SAF,NM,ASW,WE,Federal Contract Tower,0,25,24,2,51,0,9,76,0,85,0,34,100,2,136,74,4,78,214
08/16/2000,SAF,NM,ASW,WE,Federal Contract Tower,0,23,28,2,53,0,0,93,3,96,0,23,121,5,149,104,22,126,275
08/17/2000,SAF,NM,ASW,WE,Federal Contract Tower,0,24,29,2,55,0,0,79,0,79,0,24,108,2,134,116,0,116,250
08/18/2000,SAF,NM,ASW,WE,Federal Contract Tower,0,25,36,1,62,0,0,42,8,50,0,25,78,9,112,94,6,100,212
08/19/2000,SAF,NM,ASW,WE,Federal Contract Tower,0,22,21,1,44,0,4,69,9,82,0,26,90,10,126,92,8,100,226
08/20/2000,SAF,NM,ASW,WE,Federal Contract Tower,0,36,35,1,72,0,1,124,15,140,0,37,159,16,212,134,4,138,350
08/21/2000,SAF,NM,ASW,WE,Federal Contract Tower,0,22,25,0,47,0,0,89,0,89,0,22,114,0,136,116,0,116,252
08/22/2000,SAF,NM,ASW,WE,Federal Contract Tower,0,21,20,0,41,0,2,67,1,70,0,23,87,1,111,130,0,130,241
08/23/2000,SAF,NM,ASW,WE,Federal Contract Tower,0,20,23,1,44,0,0,91,1,92,0,20,114,2,136,100,0,100,236
08/24/2000,SAF,NM,ASW,WE,Federal Contract Tower,0,27,31,1,59,0,0,72,5,77,0,27,103,6,136,128,6,134,270
08/25/2000,SAF,NM,ASW,WE,Federal Contract Tower,0,29,28,1,58,0,0,98,5,103,0,29,126,6,161,164,0,164,325
08/26/2000,SAF,NM,ASW,WE,Federal Contract Tower,0,21,20,0,41,0,5,101,2,108,0,26,121,2,149,144,0,144,293
08/27/2000,SAF,NM,ASW,WE,Federal Contract Tower,0,27,25,1,53,0,7,80,2,89,0,34,105,3,142,158,0,158,300
08/28/2000,SAF,NM,ASW,WE,Federal Contract Tower,0,25,23,0,48,0,0,58,0,58,0,25,81,0,106,66,0,66,172
08/29/2000,SAF,NM,ASW,WE,Federal Contract Tower,0,18,17,0,35,0,4,81,7,92,0,22,98,7,127,156,6,162,289
08/30/2000,SAF,NM,ASW,WE,Federal Contract Tower,0,22,23,1,46,0,0,77,2,79,0,22,100,3,125,92,0,92,217
08/31/2000,SAF,NM,ASW,WE,Federal Contract Tower,0,20,19,0,39,0,1,85,3,89,0,21,104,3,128,122,8,130,258
09/01/2000,SAF,NM,ASW,WE,Federal Contract Tower,0,31,27,0,58,0,0,133,0,133,0,31,160,0,191,154,0,154,345
09/02/2000,SAF,NM,ASW,WE,Federal Contract Tower,0,21,15,2,38,0,1,98,2,101,0,22,113,4,139,180,0,180,319
09/03/2000,SAF,NM,ASW,WE,Federal Contract Tower,0,19,14,0,33,0,6,92,0,98,0,25,106,0,131,92,0,92,223
09/04/2000,SAF,NM,ASW,WE,Federal Contract Tower,0,28,21,2,51,0,1,117,0,118,0,29,138,2,169,108,0,108,277
09/05/2000,SAF,NM,ASW,WE,Federal Contract Tower,0,20,16,2,38,0,0,84,3,87,0,20,100,5,125,164,2,166,291
09/06/2000,SAF,NM,ASW,WE,Federal Contract Tower,0,19,14,2,35,0,5,83,1,89,0,24,97,3,124,146,0,146,270
09/07/2000,SAF,NM,ASW,WE,Federal Contract Tower,0,35,27,3,65,0,0,88,5,93,0,35,115,8,158,84,0,84,242
09/08/2000,SAF,NM,ASW,WE,Federal Contract Tower,0,36,28,3,67,0,0,92,8,100,0,36,120,11,167,102,22,124,291
09/09/2000,SAF,NM,ASW,WE,Federal Contract Tower,0,33,24,3,60,0,9,82,10,101,0,42,106,13,161,110,0,110,271
09/10/2000,SAF,NM,ASW,WE,Federal Contract Tower,0,35,25,3,63,0,3,86,7,96,0,38,111,10,159,96,22,118,277
09/11/2000,SAF,NM,ASW,WE,Federal Contract Tower,0,25,19,1,45,0,6,51,0,57,0,31,70,1,102,54,2,56,158
09/12/2000,SAF,NM,ASW,WE,Federal Contract Tower,0,30,22,2,54,0,0,78,3,81,0,30,100,5,135,190,4,194,329
09/13/2000,SAF,NM,ASW,WE,Federal Contract Tower,0,32,25,3,60,0,0,87,1,88,0,32,112,4,148,70,0,70,218
09/14/2000,SAF,NM,ASW,WE,Federal Contract Tower,0,33,23,3,59,0,0,77,5,82,0,33,100,8,141,114,4,118,259
09/15/2000,SAF,NM,ASW,WE,Federal Contract Tower,0,35,28,3,66,0,0,152,4,156,0,35,180,7,222,160,0,160,382
09/16/2000,SAF,NM,ASW,WE,Federal Contract Tower,0,25,18,1,44,0,5,78,4,87,0,30,96,5,131,64,12,76,207
09/17/2000,SAF,NM,ASW,WE,Federal Contract Tower,0,29,21,0,50,0,0,113,0,113,0,29,134,0,163,202,0,202,365
09/18/2000,SAF,NM,ASW,WE,Federal Contract Tower,0,32,23,1,56,0,0,66,4,70,0,32,89,5,126,72,4,76,202
09/19/2000,SAF,NM,ASW,WE,Federal Contract Tower,0,25,18,1,44,0,4,69,9,82,0,29,87,10,126,222,16,238,364
09/20/2000,SAF,NM,ASW,WE,Federal Contract Tower,0,29,22,1,52,0,0,69,4,73,0,29,91,5,125,92,0,92,217
09/21/2000,SAF,NM,ASW,WE,Federal Contract Tower,0,32,23,2,57,0,0,67,1,68,0,32,90,3,125,92,0,92,217
09/22/2000,SAF,NM,ASW,WE,Federal Contract Tower,0,35,26,2,63,0,0,90,7,97,0,35,116,9,160,96,0,96,256
09/23/2000,SAF,NM,ASW,WE,Federal Contract Tower,0,26,19,1,46,0,0,151,2,153,0,26,170,3,199,134,18,152,351
09/24/2000,SAF,NM,ASW,WE,Federal Contract Tower,0,33,24,2,59,0,0,94,2,96,0,33,118,4,155,90,0,90,245
09/25/2000,SAF,NM,ASW,WE,Federal Contract Tower,0,37,26,2,65,0,0,90,5,95,0,37,116,7,160,74,0,74,234
09/26/2000,SAF,NM,ASW,WE,Federal Contract Tower,0,34,24,2,60,0,0,99,0,99,0,34,123,2,159,122,0,122,281
09/27/2000,SAF,NM,ASW,WE,Federal Contract Tower,0,30,21,1,52,0,0,88,7,95,0,30,109,8,147,132,4,136,283
09/28/2000,SAF,NM,ASW,WE,Federal Contract Tower,0,32,22,1,55,0,1,67,1,69,0,33,89,2,124,180,0,180,304
09/29/2000,SAF,NM,ASW,WE,Federal Contract Tower,0,32,22,1,55,0,3,92,0,95,0,35,114,1,150,118,0,118,268
09/30/2000,SAF,NM,ASW,WE,Federal Contract Tower,0,25,17,1,43,0,6,98,2,106,0,31,115,3,149,156,0,156,305
10/01/2000,SAF,NM,ASW,WE,Federal Contract Tower,0,39,31,0,70,0,0,88,0,88,0,39,119,0,158,108,0,108,266
10/02/2000,SAF,NM,ASW,WE,Federal Contract Tower,0,26,22,0,48,0,5,56,2,63,0,31,78,2,111,90,0,90,201
10/03/2000,SAF,NM,ASW,WE,Federal Contract Tower,0,25,22,0,47,0,6,81,1,88,0,31,103,1,135,82,0,82,217
10/04/2000,SAF,NM,ASW,WE,Federal Contract Tower,0,30,25,1,56,0,1,68,5,74,0,31,93,6,130,58,2,60,190
10/05/2000,SAF,NM,ASW,WE,Federal Contract Tower,0,34,26,2,62,0,1,91,3,95,0,35,117,5,157,126,0,126,283
10/06/2000,SAF,NM,ASW,WE,Federal Contract Tower,0,33,30,2,65,0,0,78,2,80,0,33,108,4,145,26,4,30,175
10/07/2000,SAF,NM,ASW,WE,Federal Contract Tower,0,29,22,1,52,0,5,8,0,13,0,34,30,1,65,44,0,44,109
10/08/2000,SAF,NM,ASW,WE,Federal Contract Tower,0,42,37,1,80,0,0,17,0,17,0,42,54,1,97,12,0,12,109
10/09/2000,SAF,NM,ASW,WE,Federal Contract Tower,0,35,33,1,69,0,0,33,0,33,0,35,66,1,102,30,0,30,132
10/10/2000,SAF,NM,ASW,WE,Federal Contract Tower,0,30,32,2,64,0,0,25,5,30,0,30,57,7,94,20,0,20,114
10/11/2000,SAF,NM,ASW,WE,Federal Contract Tower,0,33,26,2,61,0,1,45,3,49,0,34,71,5,110,76,0,76,186
10/12/2000,SAF,NM,ASW,WE,Federal Contract Tower,0,29,26,2,57,0,0,24,0,24,0,29,50,2,81,20,0,20,101
10/13/2000,SAF,NM,ASW,WE,Federal Contract Tower,0,30,23,2,55,0,10,102,7,119,0,40,125,9,174,144,8,152,326
10/14/2000,SAF,NM,ASW,WE,Federal Contract Tower,0,30,23,2,55,0,3,121,9,133,0,33,144,11,188,160,4,164,352
10/15/2000,SAF,NM,ASW,WE,Federal Contract Tower,0,30,24,2,56,0,4,92,10,106,0,34,116,12,162,96,0,96,258
10/16/2000,SAF,NM,ASW,WE,Federal Contract Tower,0,30,26,2,58,0,0,71,3,74,0,30,97,5,132,92,10,102,234
10/17/2000,SAF,NM,ASW,WE,Federal Contract Tower,0,26,21,1,48,0,5,59,2,66,0,31,80,3,114,104,6,110,224
10/18/2000,SAF,NM,ASW,WE,Federal Contract Tower,0,25,20,1,46,0,6,64,7,77,0,31,84,8,123,60,0,60,183
10/19/2000,SAF,NM,ASW,WE,Federal Contract Tower,0,30,27,1,58,0,0,84,2,86,0,30,111,3,144,88,0,88,232
10/20/2000,SAF,NM,ASW,WE,Federal Contract Tower,0,30,26,1,57,0,0,92,5,97,0,30,118,6,154,102,4,106,260
10/21/2000,SAF,NM,ASW,WE,Federal Contract Tower,0,23,18,0,41,0,7,74,1,82,0,30,92,1,123,164,0,164,287
10/22/2000,SAF,NM,ASW,WE,Federal Contract Tower,0,36,30,1,67,0,0,34,1,35,0,36,64,2,102,24,0,24,126
10/23/2000,SAF,NM,ASW,WE,Federal Contract Tower,0,29,21,0,50,0,2,1,0,3,0,31,22,0,53,0,0,0,53
10/24/2000,SAF,NM,ASW,WE,Federal Contract Tower,0,21,20,0,41,0,0,31,0,31,0,21,51,0,72,28,0,28,100
10/25/2000,SAF,NM,ASW,WE,Federal Contract Tower,0,28,22,1,51,0,0,47,0,47,0,28,69,1,98,50,0,50,148
10/26/2000,SAF,NM,ASW,WE,Federal Contract Tower,0,29,22,1,52,0,0,93,7,100,0,29,115,8,152,188,8,196,348
10/27/2000,SAF,NM,ASW,WE,Federal Contract Tower,0,29,21,1,51,0,5,54,0,59,0,34,75,1,110,70,0,70,180
10/28/2000,SAF,NM,ASW,WE,Federal Contract Tower,0,20,16,0,36,0,8,11,0,19,0,28,27,0,55,48,0,48,103
10/29/2000,SAF,NM,ASW,WE,Federal Contract Tower,0,34,26,0,60,0,0,104,0,104,0,34,130,0,164,130,0,130,294
10/30/2000,SAF,NM,ASW,WE,Federal Contract Tower,0,24,19,0,43,0,7,47,2,56,0,31,66,2,99,86,0,86,185
10/31/2000,SAF,NM,ASW,WE,Federal Contract Tower,0,19,15,0,34,0,7,14,3,24,0,26,29,3,58,60,12,72,130
11/01/2000,SAF,NM,ASW,WE,Federal Contract Tower,0,24,18,1,43,0,1,45,0,46,0,25,63,1,89,72,0,72,161
11/02/2000,SAF,NM,ASW,WE,Federal Contract Tower,0,32,22,2,56,0,3,65,3,71,0,35,87,5,127,152,0,152,279
11/03/2000,SAF,NM,ASW,WE,Federal Contract Tower,0,41,30,2,73,0,1,8,7,16,0,42,38,9,89,28,16,44,133
11/04/2000,SAF,NM,ASW,WE,Federal Contract Tower,0,23,20,2,45,0,0,11,5,16,0,23,31,7,61,0,12,12,73
11/05/2000,SAF,NM,ASW,WE,Federal Contract Tower,0,33,27,2,62,0,0,8,0,8,0,33,35,2,70,0,0,0,70
11/06/2000,SAF,NM,ASW,WE,Federal Contract Tower,0,24,18,1,43,0,6,54,10,70,0,30,72,11,113,100,4,104,217
11/07/2000,SAF,NM,ASW,WE,Federal Contract Tower,0,19,6,1,26,0,6,0,2,8,0,25,6,3,34,0,0,0,34
11/08/2000,SAF,NM,ASW,WE,Federal Contract Tower,0,22,17,1,40,0,3,39,12,54,0,25,56,13,94,88,8,96,190
11/09/2000,SAF,NM,ASW,WE,Federal Contract Tower,0,24,19,1,44,0,0,85,2,87,0,24,104,3,131,180,12,192,323
11/10/2000,SAF,NM,ASW,WE,Federal Contract Tower,0,31,22,2,55,0,0,86,5,91,0,31,108,7,146,222,16,238,384
11/11/2000,SAF,NM,ASW,WE,Federal Contract Tower,0,17,12,1,30,0,3,17,1,21,0,20,29,2,51,52,0,52,103
11/12/2000,SAF,NM,ASW,WE,Federal Contract Tower,0,36,26,2,64,0,1,40,1,42,0,37,66,3,106,88,0,88,194
11/13/2000,SAF,NM,ASW,WE,Federal Contract Tower,0,22,17,1,40,0,0,69,1,70,0,22,86,2,110,190,2,192,302
11/14/2000,SAF,NM,ASW,WE,Federal Contract Tower,0,22,17,1,40,0,3,58,0,61,0,25,75,1,101,134,0,134,235
11/15/2000,SAF,NM,ASW,WE,Federal Contract Tower,0,30,21,0,51,0,0,48,0,48,0,30,69,0,99,72,0,72,171
11/16/2000,SAF,NM,ASW,WE,Federal Contract Tower,0,32,20,2,54,0,3,44,13,60,0,35,64,15,114,34,12,46,160
11/17/2000,SAF,NM,ASW,WE,Federal Contract Tower,0,36,27,1,64,0,0,100,3,103,0,36,127,4,167,106,6,112,279
11/18/2000,SAF,NM,ASW,WE,Federal Contract Tower,0,26,18,0,44,0,2,41,9,52,0,28,59,9,96,70,4,74,170
11/19/2000,SAF,NM,ASW,WE,Federal Contract Tower,0,34,24,1,59,0,5,88,2,95,0,39,112,3,154,150,8,158,312
11/20/2000,SAF,NM,ASW,WE,Federal Contract Tower,0,24,18,0,42,0,0,53,2,55,0,24,71,2,97,68,0,68,165
11/21/2000,SAF,NM,ASW,WE,Federal Contract Tower,0,28,29,1,58,0,0,88,9,97,0,28,117,10,155,78,12,90,245
11/22/2000,SAF,NM,ASW,WE,Federal Contract Tower,0,33,27,1,61,0,0,76,0,76,0,33,103,1,137,116,0,116,253
11/23/2000,SAF,NM,ASW,WE,Federal Contract Tower,0,2,2,0,4,0,0,2,0,2,0,2,4,0,6,0,0,0,6
11/24/2000,SAF,NM,ASW,WE,Federal Contract Tower,0,19,13,0,32,0,0,34,0,34,0,19,47,0,66,74,0,74,140
11/25/2000,SAF,NM,ASW,WE,Federal Contract Tower,0,20,14,0,34,0,5,45,0,50,0,25,59,0,84,88,0,88,172
11/26/2000,SAF,NM,ASW,WE,Federal Contract Tower,0,43,34,1,78,0,0,108,1,109,0,43,142,2,187,100,4,104,291
11/27/2000,SAF,NM,ASW,WE,Federal Contract Tower,0,27,19,1,47,0,7,35,4,46,0,34,54,5,93,80,0,80,173
11/28/2000,SAF,NM,ASW,WE,Federal Contract Tower,0,28,20,1,49,0,0,56,7,63,0,28,76,8,112,84,8,92,204
11/29/2000,SAF,NM,ASW,WE,Federal Contract Tower,0,25,17,0,42,0,2,74,8,84,0,27,91,8,126,132,8,140,266
11/30/2000,SAF,NM,ASW,WE,Federal Contract Tower,0,27,19,1,47,0,4,64,1,69,0,31,83,2,116,108,0,108,224
12/01/2000,SAF,NM,ASW,WE,Federal Contract Tower,0,22,15,1,38,0,3,51,6,60,0,25,66,7,98,74,0,74,172
12/02/2000,SAF,NM,ASW,WE,Federal Contract Tower,0,25,17,1,43,0,1,74,18,93,0,26,91,19,136,218,30,248,384
12/03/2000,SAF,NM,ASW,WE,Federal Contract Tower,0,29,20,1,50,0,5,71,6,82,0,34,91,7,132,48,0,48,180
12/04/2000,SAF,NM,ASW,WE,Federal Contract Tower,0,24,18,1,43,0,0,65,7,72,0,24,83,8,115,102,2,104,219
12/05/2000,SAF,NM,ASW,WE,Federal Contract Tower,0,28,21,1,50,0,0,57,4,61,0,28,78,5,111,124,0,124,235
12/06/2000,SAF,NM,ASW,WE,Federal Contract Tower,0,23,15,1,39,0,3,78,8,89,0,26,93,9,128,130,8,138,266
12/07/2000,SAF,NM,ASW,WE,Federal Contract Tower,0,31,23,2,56,0,0,72,4,76,0,31,95,6,132,104,2,106,238
12/08/2000,SAF,NM,ASW,WE,Federal Contract Tower,0,26,17,1,44,0,5,51,3,59,0,31,68,4,103,158,20,178,281
12/09/2000,SAF,NM,ASW,WE,Federal Contract Tower,0,21,14,1,36,0,2,52,2,56,0,23,66,3,92,182,0,182,274
12/10/2000,SAF,NM,ASW,WE,Federal Contract Tower,0,28,19,1,48,0,0,39,7,46,0,28,58,8,94,146,0,146,240
12/11/2000,SAF,NM,ASW,WE,Federal Contract Tower,0,27,19,1,47,0,4,28,1,33,0,31,47,2,80,36,0,36,116
12/12/2000,SAF,NM,ASW,WE,Federal Contract Tower,0,16,11,0,27,0,5,21,0,26,0,21,32,0,53,52,0,52,105
12/13/2000,SAF,NM,ASW,WE,Federal Contract Tower,0,25,17,1,43,0,6,33,7,46,0,31,50,8,89,62,0,62,151
12/14/2000,SAF,NM,ASW,WE,Federal Contract Tower,0,24,16,1,41,0,4,64,0,68,0,28,80,1,109,154,0,154,263
12/15/2000,SAF,NM,ASW,WE,Federal Contract Tower,0,27,18,1,46,0,3,41,2,46,0,30,59,3,92,64,0,64,156
12/16/2000,SAF,NM,ASW,WE,Federal Contract Tower,0,21,17,1,39,0,0,68,1,69,0,21,85,2,108,126,0,126,234
12/17/2000,SAF,NM,ASW,WE,Federal Contract Tower,0,30,19,0,49,0,0,61,0,61,0,30,80,0,110,104,0,104,214
12/18/2000,SAF,NM,ASW,WE,Federal Contract Tower,0,25,15,1,41,0,5,43,1,49,0,30,58,2,90,106,0,106,196
12/19/2000,SAF,NM,ASW,WE,Federal Contract Tower,0,27,18,1,46,0,0,70,2,72,0,27,88,3,118,130,0,130,248
12/20/2000,SAF,NM,ASW,WE,Federal Contract Tower,0,22,14,1,37,0,1,42,4,47,0,23,56,5,84,64,28,92,176
12/21/2000,SAF,NM,ASW,WE,Federal Contract Tower,0,30,18,1,49,0,4,70,6,80,0,34,88,7,129,128,8,136,265
12/22/2000,SAF,NM,ASW,WE,Federal Contract Tower,0,26,20,0,46,0,0,82,0,82,0,26,102,0,128,112,0,112,240
12/23/2000,SAF,NM,ASW,WE,Federal Contract Tower,0,24,17,0,41,0,0,94,0,94,0,24,111,0,135,152,0,152,287
12/24/2000,SAF,NM,ASW,WE,Federal Contract Tower,0,20,13,0,33,0,7,44,0,51,0,27,57,0,84,76,0,76,160
12/25/2000,SAF,NM,ASW,WE,Federal Contract Tower,0,15,7,0,22,0,4,0,0,4,0,19,7,0,26,6,0,6,32
12/26/2000,SAF,NM,ASW,WE,Federal Contract Tower,0,17,14,0,31,0,0,5,0,5,0,17,19,0,36,0,0,0,36
12/27/2000,SAF,NM,ASW,WE,Federal Contract Tower,0,13,11,0,24,0,0,19,0,19,0,13,30,0,43,4,0,4,47
12/28/2000,SAF,NM,ASW,WE,Federal Contract Tower,0,26,22,1,49,0,0,73,4,77,0,26,95,5,126,78,0,78,204
12/29/2000,SAF,NM,ASW,WE,Federal Contract Tower,0,30,19,0,49,0,2,79,2,83,0,32,98,2,132,114,0,114,246
12/30/2000,SAF,NM,ASW,WE,Federal Contract Tower,0,29,21,0,50,0,0,77,2,79,0,29,98,2,129,80,0,80,209
12/31/2000,SAF,NM,ASW,WE,Federal Contract Tower,0,28,21,0,49,0,0,70,0,70,0,28,91,0,119,102,0,102,221
01/01/2001,SAF,NM,ASW,WE,Federal Contract Tower,0,21,22,0,43,0,0,54,0,54,0,21,76,0,97,42,0,42,139
01/02/2001,SAF,NM,ASW,WE,Federal Contract Tower,0,36,26,2,64,0,0,56,1,57,0,36,82,3,121,118,6,124,245
01/03/2001,SAF,NM,ASW,WE,Federal Contract Tower,0,23,17,2,42,0,0,49,13,62,0,23,66,15,104,80,4,84,188
01/04/2001,SAF,NM,ASW,WE,Federal Contract Tower,0,25,18,2,45,0,5,60,1,66,0,30,78,3,111,130,0,130,241
01/05/2001,SAF,NM,ASW,WE,Federal Contract Tower,0,24,17,2,43,0,1,86,8,95,0,25,103,10,138,134,12,146,284
01/06/2001,SAF,NM,ASW,WE,Federal Contract Tower,0,21,15,2,38,0,2,107,9,118,0,23,122,11,156,144,16,160,316
01/07/2001,SAF,NM,ASW,WE,Federal Contract Tower,0,34,23,3,60,0,1,54,25,80,0,35,77,28,140,100,34,134,274
01/08/2001,SAF,NM,ASW,WE,Federal Contract Tower,0,23,16,2,41,0,2,44,10,56,0,25,60,12,97,78,8,86,183
01/09/2001,SAF,NM,ASW,WE,Federal Contract Tower,0,17,12,2,31,0,5,10,3,18,0,22,22,5,49,54,4,58,107
01/10/2001,SAF,NM,ASW,WE,Federal Contract Tower,0,27,19,2,48,0,4,41,17,62,0,31,60,19,110,98,14,112,222
01/11/2001,SAF,NM,ASW,WE,Federal Contract Tower,0,21,14,2,37,0,3,81,14,98,0,24,95,16,135,162,46,208,343
01/12/2001,SAF,NM,ASW,WE,Federal Contract Tower,0,28,20,2,50,0,0,40,3,43,0,28,60,5,93,38,0,38,131
01/13/2001,SAF,NM,ASW,WE,Federal Contract Tower,0,11,9,1,21,0,0,6,1,7,0,11,15,2,28,22,0,22,50
01/14/2001,SAF,NM,ASW,WE,Federal Contract Tower,0,20,14,1,35,0,6,67,0,73,0,26,81,1,108,122,2,124,232
01/15/2001,SAF,NM,ASW,WE,Federal Contract Tower,0,32,24,1,57,0,0,55,0,55,0,32,79,1,112,80,0,80,192
01/16/2001,SAF,NM,ASW,WE,Federal Contract Tower,0,21,14,2,37,0,0,2,0,2,0,21,16,2,39,0,0,0,39
01/17/2001,SAF,NM,ASW,WE,Federal Contract Tower,0,31,21,0,52,0,0,8,0,8,0,31,29,0,60,2,0,2,62
01/18/2001,SAF,NM,ASW,WE,Federal Contract Tower,0,20,17,1,38,0,0,35,3,38,0,20,52,4,76,66,38,104,180
01/19/2001,SAF,NM,ASW,WE,Federal Contract Tower,0,32,22,2,56,0,0,65,9,74,0,32,87,11,130,118,2,120,250
01/20/2001,SAF,NM,ASW,WE,Federal Contract Tower,0,28,19,1,48,0,0,71,7,78,0,28,90,8,126,136,2,138,264
01/21/2001,SAF,NM,ASW,WE,Federal Contract Tower,0,29,20,1,50,0,5,90,5,100,0,34,110,6,150,148,6,154,304
01/22/2001,SAF,NM,ASW,WE,Federal Contract Tower,0,27,18,1,46,0,5,47,0,52,0,32,65,1,98,72,0,72,170
01/23/2001,SAF,NM,ASW,WE,Federal Contract Tower,0,24,17,0,41,0,0,16,0,16,0,24,33,0,57,16,4,20,77
01/24/2001,SAF,NM,ASW,WE,Federal Contract Tower,0,26,17,1,44,0,3,61,0,64,0,29,78,1,108,158,0,158,266
01/25/2001,SAF,NM,ASW,WE,Federal Contract Tower,0,18,11,1,30,0,2,17,0,19,0,20,28,1,49,12,0,12,61
01/26/2001,SAF,NM,ASW,WE,Federal Contract Tower,0,32,22,2,56,0,3,76,15,94,0,35,98,17,150,142,8,150,300
01/27/2001,SAF,NM,ASW,WE,Federal Contract Tower,0,5,5,0,10,0,0,2,0,2,0,5,7,0,12,0,0,0,12
01/28/2001,SAF,NM,ASW,WE,Federal Contract Tower,0,15,12,0,27,0,0,4,0,4,0,15,16,0,31,0,0,0,31
01/29/2001,SAF,NM,ASW,WE,Federal Contract Tower,0,21,15,1,37,0,0,18,7,25,0,21,33,8,62,8,0,8,70
01/30/2001,SAF,NM,ASW,WE,Federal Contract Tower,0,32,25,2,59,0,0,48,0,48,0,32,73,2,107,70,0,70,177
01/31/2001,SAF,NM,ASW,WE,Federal Contract Tower,0,26,17,1,44,0,2,31,7,40,0,28,48,8,84,68,18,86,170
02/01/2001,SAF,NM,ASW,WE,Federal Contract Tower,0,27,20,3,50,0,6,64,1,71,0,33,84,4,121,106,30,136,257
02/02/2001,SAF,NM,ASW,WE,Federal Contract Tower,0,31,23,3,57,0,1,79,7,87,0,32,102,10,144,134,6,140,284
02/03/2001,SAF,NM,ASW,WE,Federal Contract Tower,0,20,16,2,38,0,5,55,6,66,0,25,71,8,104,176,2,178,282
02/04/2001,SAF,NM,ASW,WE,Federal Contract Tower,0,32,24,3,59,0,0,117,8,125,0,32,141,11,184,142,0,142,326
02/05/2001,SAF,NM,ASW,WE,Federal Contract Tower,0,24,17,3,44,0,3,58,7,68,0,27,75,10,112,98,0,98,210
02/06/2001,SAF,NM,ASW,WE,Federal Contract Tower,0,20,15,2,37,0,2,66,7,75,0,22,81,9,112,110,0,110,222
02/07/2001,SAF,NM,ASW,WE,Federal Contract Tower,0,13,14,2,29,0,0,30,27,57,0,13,44,29,86,42,2,44,130
02/08/2001,SAF,NM,ASW,WE,Federal Contract Tower,0,26,19,3,48,0,2,8,3,13,0,28,27,6,61,22,0,22,83
02/09/2001,SAF,NM,ASW,WE,Federal Contract Tower,0,22,18,3,43,0,0,51,12,63,0,22,69,15,106,138,12,150,256
02/10/2001,SAF,NM,ASW,WE,Federal Contract Tower,0,14,11,2,27,0,3,83,0,86,0,17,94,2,113,170,0,170,283
02/11/2001,SAF,NM,ASW,WE,Federal Contract Tower,0,31,23,3,57,0,0,87,6,93,0,31,110,9,150,122,0,122,272
02/12/2001,SAF,NM,ASW,WE,Federal Contract Tower,0,18,14,2,34,0,5,49,4,58,0,23,63,6,92,78,4,82,174
02/13/2001,SAF,NM,ASW,WE,Federal Contract Tower,0,24,17,3,44,0,1,41,20,62,0,25,58,23,106,80,44,124,230
02/14/2001,SAF,NM,ASW,WE,Federal Contract Tower,0,20,16,2,38,0,5,14,4,23,0,25,30,6,61,84,6,90,151
02/15/2001,SAF,NM,ASW,WE,Federal Contract Tower,0,35,24,4,63,0,3,58,2,63,0,38,82,6,126,92,10,102,228
02/16/2001,SAF,NM,ASW,WE,Federal Contract Tower,0,27,23,3,53,0,0,98,6,104,0,27,121,9,157,184,2,186,343
02/17/2001,SAF,NM,ASW,WE,Federal Contract Tower,0,18,17,1,36,0,0,103,0,103,0,18,120,1,139,218,0,218,357
02/18/2001,SAF,NM,ASW,WE,Federal Contract Tower,0,30,22,0,52,0,5,88,0,93,0,35,110,0,145,38,0,38,183
02/19/2001,SAF,NM,ASW,WE,Federal Contract Tower,0,28,20,2,50,0,0,81,3,84,0,28,101,5,134,174,0,174,308
02/20/2001,SAF,NM,ASW,WE,Federal Contract Tower,0,19,13,1,33,0,2,62,2,66,0,21,75,3,99,110,0,110,209
02/21/2001,SAF,NM,ASW,WE,Federal Contract Tower,0,30,24,3,57,0,0,91,11,102,0,30,115,14,159,138,4,142,301
02/22/2001,SAF,NM,ASW,WE,Federal Contract Tower,0,35,24,3,62,0,1,82,6,89,0,36,106,9,151,154,2,156,307
02/23/2001,SAF,NM,ASW,WE,Federal Contract Tower,0,25,22,2,49,0,0,47,8,55,0,25,69,10,104,104,8,112,216
02/24/2001,SAF,NM,ASW,WE,Federal Contract Tower,0,18,13,1,32,0,4,16,2,22,0,22,29,3,54,64,0,64,118
02/25/2001,SAF,NM,ASW,WE,Federal Contract Tower,0,32,24,2,58,0,2,61,8,71,0,34,85,10,129,148,22,170,299
02/26/2001,SAF,NM,ASW,WE,Federal Contract Tower,0,20,15,1,36,0,4,9,5,18,0,24,24,6,54,38,0,38,92
02/27/2001,SAF,NM,ASW,WE,Federal Contract Tower,0,23,19,2,44,0,0,31,4,35,0,23,50,6,79,56,0,56,135
02/28/2001,SAF,NM,ASW,WE,Federal Contract Tower,0,20,16,0,36,0,0,10,0,10,0,20,26,0,46,34,0,34,80
03/01/2001,SAF,NM,ASW,WE,Federal Contract Tower,0,31,24,2,57,0,0,40,13,53,0,31,64,15,110,32,16,48,158
03/02/2001,SAF,NM,ASW,WE,Federal Contract Tower,0,28,25,3,56,0,0,73,6,79,0,28,98,9,135,136,16,152,287
03/03/2001,SAF,NM,ASW,WE,Federal Contract Tower,0,19,14,2,35,0,7,62,2,71,0,26,76,4,106,156,0,156,262
03/04/2001,SAF,NM,ASW,WE,Federal Contract Tower,0,22,17,2,41,0,5,101,7,113,0,27,118,9,154,186,10,196,350
03/05/2001,SAF,NM,ASW,WE,Federal Contract Tower,0,25,19,2,46,0,3,65,4,72,0,28,84,6,118,50,0,50,168
03/06/2001,SAF,NM,ASW,WE,Federal Contract Tower,0,25,21,2,48,0,0,41,4,45,0,25,62,6,93,40,4,44,137
03/07/2001,SAF,NM,ASW,WE,Federal Contract Tower,0,26,24,2,52,0,0,14,4,18,0,26,38,6,70,62,12,74,144
03/08/2001,SAF,NM,ASW,WE,Federal Contract Tower,0,31,27,3,61,0,0,35,6,41,0,31,62,9,102,46,4,50,152
03/09/2001,SAF,NM,ASW,WE,Federal Contract Tower,0,29,28,3,60,0,0,70,2,72,0,29,98,5,132,82,4,86,218
03/10/2001,SAF,NM,ASW,WE,Federal Contract Tower,0,25,20,0,45,0,1,33,0,34,0,26,53,0,79,26,0,26,105
03/11/2001,SAF,NM,ASW,WE,Federal Contract Tower,0,28,22,1,51,0,2,12,0,14,0,30,34,1,65,2,0,2,67
03/12/2001,SAF,NM,ASW,WE,Federal Contract Tower,0,24,19,2,45,0,8,40,9,57,0,32,59,11,102,64,12,76,178
03/13/2001,SAF,NM,ASW,WE,Federal Contract Tower,0,23,19,2,44,0,2,87,2,91,0,25,106,4,135,88,0,88,223
03/14/2001,SAF,NM,ASW,WE,Federal Contract Tower,0,28,22,2,52,0,7,52,4,63,0,35,74,6,115,102,10,112,227
03/15/2001,SAF,NM,ASW,WE,Federal Contract Tower,0,33,25,2,60,0,3,59,0,62,0,36,84,2,122,58,4,62,184
03/16/2001,SAF,NM,ASW,WE,Federal Contract Tower,0,25,22,2,49,0,0,61,0,61,0,25,83,2,110,78,22,100,210
03/17/2001,SAF,NM,ASW,WE,Federal Contract Tower,0,23,19,0,42,0,2,8,0,10,0,25,27,0,52,0,0,0,52
03/18/2001,SAF,NM,ASW,WE,Federal Contract Tower,0,30,24,1,55,0,4,70,2,76,0,34,94,3,131,134,0,134,265
03/19/2001,SAF,NM,ASW,WE,Federal Contract Tower,0,23,19,1,43,0,0,79,1,80,0,23,98,2,123,108,2,110,233
03/20/2001,SAF,NM,ASW,WE,Federal Contract Tower,0,20,20,1,41,0,0,84,4,88,0,20,104,5,129,134,0,134,263
03/21/2001,SAF,NM,ASW,WE,Federal Contract Tower,0,21,15,1,37,0,2,104,2,108,0,23,119,3,145,86,0,86,231
03/22/2001,SAF,NM,ASW,WE,Federal Contract Tower,0,21,19,1,41,0,0,71,15,86,0,21,90,16,127,144,24,168,295
03/23/2001,SAF,NM,ASW,WE,Federal Contract Tower,0,22,21,1,44,0,0,96,3,99,0,22,117,4,143,100,0,100,243
03/24/2001,SAF,NM,ASW,WE,Federal Contract Tower,0,23,18,1,42,0,3,54,0,57,0,26,72,1,99,154,0,154,253
03/25/2001,SAF,NM,ASW,WE,Federal Contract Tower,0,31,24,0,55,0,0,95,0,95,0,31,119,0,150,104,0,104,254
03/26/2001,SAF,NM,ASW,WE,Federal Contract Tower,0,23,17,1,41,0,0,37,1,38,0,23,54,2,79,44,0,44,123
03/27/2001,SAF,NM,ASW,WE,Federal Contract Tower,0,22,17,1,40,0,0,57,5,62,0,22,74,6,102,90,10,100,202
03/28/2001,SAF,NM,ASW,WE,Federal Contract Tower,0,25,19,0,44,0,5,49,0,54,0,30,68,0,98,90,0,90,188
03/29/2001,SAF,NM,ASW,WE,Federal Contract Tower,0,25,19,1,45,0,3,40,2,45,0,28,59,3,90,88,14,102,192
03/30/2001,SAF,NM,ASW,WE,Federal Contract Tower,0,24,21,1,46,0,0,81,5,86,0,24,102,6,132,108,0,108,240
03/31/2001,SAF,NM,ASW,WE,Federal Contract Tower,0,24,19,1,44,0,0,79,4,83,0,24,98,5,127,110,2,112,239
04/01/2001,SAF,NM,ASW,WE,Federal Contract Tower,0,27,27,1,55,0,1,80,6,87,0,28,107,7,142,72,0,72,214
04/02/2001,SAF,NM,ASW,WE,Federal Contract Tower,0,27,25,1,53,0,0,40,1,41,0,27,65,2,94,102,0,102,196
04/03/2001,SAF,NM,ASW,WE,Federal Contract Tower,0,22,16,3,41,0,0,74,4,78,0,22,90,7,119,142,2,144,263
04/04/2001,SAF,NM,ASW,WE,Federal Contract Tower,0,34,27,0,61,0,0,85,1,86,0,34,112,1,147,106,0,106,253
04/05/2001,SAF,NM,ASW,WE,Federal Contract Tower,0,22,24,2,48,0,0,36,3,39,0,22,60,5,87,64,0,64,151
04/06/2001,SAF,NM,ASW,WE,Federal Contract Tower,0,26,16,0,42,0,0,7,2,9,0,26,23,2,51,38,0,38,89
04/07/2001,SAF,NM,ASW,WE,Federal Contract Tower,0,29,21,3,53,0,0,77,4,81,0,29,98,7,134,178,0,178,312
04/08/2001,SAF,NM,ASW,WE,Federal Contract Tower,0,30,19,0,49,0,0,44,7,51,0,30,63,7,100,98,4,102,202
04/09/2001,SAF,NM,ASW,WE,Federal Contract Tower,0,25,16,0,41,0,0,66,10,76,0,25,82,10,117,90,0,90,207
04/10/2001,SAF,NM,ASW,WE,Federal Contract Tower,0,24,8,3,35,0,0,26,1,27,0,24,34,4,62,10,0,10,72
04/11/2001,SAF,NM,ASW,WE,Federal Contract Tower,0,8,13,5,26,0,0,24,5,29,0,8,37,10,55,40,0,40,95
04/12/2001,SAF,NM,ASW,WE,Federal Contract Tower,0,26,20,2,48,0,0,42,4,46,0,26,62,6,94,50,2,52,146
04/13/2001,SAF,NM,ASW,WE,Federal Contract Tower,0,24,19,3,46,0,0,82,0,82,0,24,101,3,128,138,10,148,276
04/14/2001,SAF,NM,ASW,WE,Federal Contract Tower,0,25,16,0,41,0,0,65,0,65,0,25,81,0,106,132,0,132,238
04/15/2001,SAF,NM,ASW,WE,Federal Contract Tower,0,39,18,1,58,0,0,73,1,74,0,39,91,2,132,108,0,108,240
04/16/2001,SAF,NM,ASW,WE,Federal Contract Tower,0,31,25,6,62,0,0,60,0,60,0,31,85,6,122,74,0,74,196
04/17/2001,SAF,NM,ASW,WE,Federal Contract Tower,0,31,19,0,50,0,0,33,14,47,0,31,52,14,97,80,2,82,179
04/18/2001,SAF,NM,ASW,WE,Federal Contract Tower,0,25,30,0,55,0,0,80,5,85,0,25,110,5,140,112,8,120,260
04/19/2001,SAF,NM,ASW,WE,Federal Contract Tower,0,24,23,3,50,0,0,62,1,63,0,24,85,4,113,68,0,68,181
04/20/2001,SAF,NM,ASW,WE,Federal Contract Tower,0,25,19,0,44,0,0,59,4,63,0,25,78,4,107,30,0,30,137
04/21/2001,SAF,NM,ASW,WE,Federal Contract Tower,0,26,10,1,37,0,0,90,0,90,0,26,100,1,127,84,8,92,219
04/22/2001,SAF,NM,ASW,WE,Federal Contract Tower,0,15,27,0,42,0,1,3,0,4,0,16,30,0,46,4,0,4,50
04/23/2001,SAF,NM,ASW,WE,Federal Contract Tower,0,28,28,4,60,0,0,63,0,63,0,28,91,4,123,102,8,110,233
04/24/2001,SAF,NM,ASW,WE,Federal Contract Tower,0,25,14,0,39,0,1,86,1,88,0,26,100,1,127,84,8,92,219
04/25/2001,SAF,NM,ASW,WE,Federal Contract Tower,0,30,19,0,49,0,0,109,10,119,0,30,128,10,168,140,10,150,318
04/26/2001,SAF,NM,ASW,WE,Federal Contract Tower,0,24,20,3,47,0,0,101,3,104,0,24,121,6,151,118,16,134,285
04/27/2001,SAF,NM,ASW,WE,Federal Contract Tower,0,25,24,3,52,0,0,94,3,97,0,25,118,6,149,84,0,84,233
04/28/2001,SAF,NM,ASW,WE,Federal Contract Tower,0,23,19,0,42,0,0,99,0,99,0,23,118,0,141,198,0,198,339
04/29/2001,SAF,NM,ASW,WE,Federal Contract Tower,0,28,28,2,58,0,0,87,0,87,0,28,115,2,145,118,0,118,263
04/30/2001,SAF,NM,ASW,WE,Federal Contract Tower,0,30,23,0,53,0,0,71,2,73,0,30,94,2,126,110,0,110,236
05/01/2001,SAF,NM,ASW,WE,Federal Contract Tower,0,26,20,2,48,0,0,73,0,73,0,26,93,2,121,106,0,106,227
05/02/2001,SAF,NM,ASW,WE,Federal Contract Tower,0,25,18,3,46,0,0,71,2,73,0,25,89,5,119,110,6,116,235
05/03/2001,SAF,NM,ASW,WE,Federal Contract Tower,0,23,31,0,54,0,0,15,3,18,0,23,46,3,72,36,2,38,110
05/04/2001,SAF,NM,ASW,WE,Federal Contract Tower,0,34,26,1,61,0,2,9,11,22,0,36,35,12,83,34,34,68,151
05/05/2001,SAF,NM,ASW,WE,Federal Contract Tower,0,25,16,0,41,0,0,60,20,80,0,25,76,20,121,132,8,140,261
05/06/2001,SAF,NM,ASW,WE,Federal Contract Tower,0,31,37,2,70,0,0,84,7,91,0,31,121,9,161,256,0,256,417
05/07/2001,SAF,NM,ASW,WE,Federal Contract Tower,0,28,18,3,49,0,0,84,5,89,0,28,102,8,138,164,18,182,320
05/08/2001,SAF,NM,ASW,WE,Federal Contract Tower,0,24,10,3,37,0,0,111,7,118,0,24,121,10,155,180,28,208,363
05/09/2001,SAF,NM,ASW,WE,Federal Contract Tower,0,26,25,2,53,0,0,67,7,74,0,26,92,9,127,140,22,162,289
05/10/2001,SAF,NM,ASW,WE,Federal Contract Tower,0,28,18,4,50,0,1,66,9,76,0,29,84,13,126,128,12,140,266
05/11/2001,SAF,NM,ASW,WE,Federal Contract Tower,0,23,16,2,41,0,0,75,2,77,0,23,91,4,118,132,0,132,250
05/12/2001,SAF,NM,ASW,WE,Federal Contract Tower,0,21,25,2,48,0,0,105,0,105,0,21,130,2,153,204,0,204,357
05/13/2001,SAF,NM,ASW,WE,Federal Contract Tower,0,31,26,2,59,0,1,69,0,70,0,32,95,2,129,98,0,98,227
05/14/2001,SAF,NM,ASW,WE,Federal Contract Tower,0,25,19,1,45,0,0,52,1,53,0,25,71,2,98,110,0,110,208
05/15/2001,SAF,NM,ASW,WE,Federal Contract Tower,0,24,16,0,40,0,0,66,9,75,0,24,82,9,115,66,12,78,193
05/16/2001,SAF,NM,ASW,WE,Federal Contract Tower,0,29,18,1,48,0,0,76,2,78,0,29,94,3,126,112,0,112,238
05/17/2001,SAF,NM,ASW,WE,Federal Contract Tower,0,29,29,2,60,0,3,91,5,99,0,32,120,7,159,142,0,142,301
05/18/2001,SAF,NM,ASW,WE,Federal Contract Tower,0,26,17,0,43,0,0,103,2,105,0,26,120,2,148,194,2,196,344
05/19/2001,SAF,NM,ASW,WE,Federal Contract Tower,0,32,14,0,46,0,0,43,0,43,0,32,57,0,89,56,0,56,145
05/20/2001,SAF,NM,ASW,WE,Federal Contract Tower,0,28,26,0,54,0,3,61,2,66,0,31,87,2,120,66,0,66,186
05/21/2001,SAF,NM,ASW,WE,Federal Contract Tower,0,28,26,2,56,0,4,45,0,49,0,32,71,2,105,96,0,96,201
05/22/2001,SAF,NM,ASW,WE,Federal Contract Tower,0,24,14,2,40,0,1,102,5,108,0,25,116,7,148,144,14,158,306
05/23/2001,SAF,NM,ASW,WE,Federal Contract Tower,0,34,21,0,55,0,0,80,1,81,0,34,101,1,136,110,0,110,246
05/24/2001,SAF,NM,ASW,WE,Federal Contract Tower,0,29,16,0,45,0,0,77,2,79,0,29,93,2,124,80,2,82,206
05/25/2001,SAF,NM,ASW,WE,Federal Contract Tower,0,33,31,4,68,0,0,112,2,114,0,33,143,6,182,128,4,132,314
05/26/2001,SAF,NM,ASW,WE,Federal Contract Tower,0,25,15,0,40,0,1,91,0,92,0,26,106,0,132,80,0,80,212
05/27/2001,SAF,NM,ASW,WE,Federal Contract Tower,0,27,21,0,48,0,0,88,0,88,0,27,109,0,136,122,0,122,258
05/28/2001,SAF,NM,ASW,WE,Federal Contract Tower,0,32,32,4,68,0,0,70,5,75,0,32,102,9,143,46,12,58,201
05/29/2001,SAF,NM,ASW,WE,Federal Contract Tower,0,28,22,0,50,0,0,80,2,82,0,28,102,2,132,262,0,262,394
05/30/2001,SAF,NM,ASW,WE,Federal Contract Tower,0,25,8,3,36,0,2,80,9,91,0,27,88,12,127,118,8,126,253
05/31/2001,SAF,NM,ASW,WE,Federal Contract Tower,0,0,0,0,0,0,29,108,6,143,0,29,108,6,143,138,16,154,297
06/01/2001,SAF,NM,ASW,WE,Federal Contract Tower,0,28,26,3,57,0,1,78,3,82,0,29,104,6,139,110,12,122,261
06/02/2001,SAF,NM,ASW,WE,Federal Contract Tower,0,27,11,2,40,0,1,83,16,100,0,28,94,18,140,70,16,86,226
06/03/2001,SAF,NM,ASW,WE,Federal Contract Tower,0,34,14,1,49,0,3,56,12,71,0,37,70,13,120,106,10,116,236
06/04/2001,SAF,NM,ASW,WE,Federal Contract Tower,0,30,31,1,62,0,0,54,4,58,0,30,85,5,120,62,78,140,260
06/05/2001,SAF,NM,ASW,WE,Federal Contract Tower,0,28,19,3,50,0,0,77,4,81,0,28,96,7,131,114,32,146,277
06/06/2001,SAF,NM,ASW,WE,Federal Contract Tower,0,26,28,2,56,0,0,80,9,89,0,26,108,11,145,126,18,144,289
06/07/2001,SAF,NM,ASW,WE,Federal Contract Tower,0,28,15,4,47,0,3,67,3,73,0,31,82,7,120,114,12,126,246
06/08/2001,SAF,NM,ASW,WE,Federal Contract Tower,0,26,18,0,44,0,0,103,0,103,0,26,121,0,147,88,0,88,235
06/09/2001,SAF,NM,ASW,WE,Federal Contract Tower,0,32,18,0,50,0,0,96,0,96,0,32,114,0,146,24,0,24,170
06/10/2001,SAF,NM,ASW,WE,Federal Contract Tower,0,28,25,0,53,0,0,90,0,90,0,28,115,0,143,92,0,92,235
06/11/2001,SAF,NM,ASW,WE,Federal Contract Tower,0,35,14,1,50,0,1,72,2,75,0,36,86,3,125,52,0,52,177
06/12/2001,SAF,NM,ASW,WE,Federal Contract Tower,0,23,11,2,36,0,2,75,2,79,0,25,86,4,115,92,0,92,207
06/13/2001,SAF,NM,ASW,WE,Federal Contract Tower,0,26,18,1,45,0,2,40,0,42,0,28,58,1,87,40,0,40,127
06/14/2001,SAF,NM,ASW,WE,Federal Contract Tower,0,27,31,2,60,0,3,68,1,72,0,30,99,3,132,52,0,52,184
06/15/2001,SAF,NM,ASW,WE,Federal Contract Tower,0,39,27,6,72,0,5,88,5,98,0,44,115,11,170,116,2,118,288
06/16/2001,SAF,NM,ASW,WE,Federal Contract Tower,0,27,11,0,38,0,0,80,1,81,0,27,91,1,119,152,2,154,273
06/17/2001,SAF,NM,ASW,WE,Federal Contract Tower,0,37,26,2,65,0,0,48,2,50,0,37,74,4,115,66,0,66,181
06/18/2001,SAF,NM,ASW,WE,Federal Contract Tower,0,30,22,4,56,0,2,50,8,60,0,32,72,12,116,78,4,82,198
06/19/2001,SAF,NM,ASW,WE,Federal Contract Tower,0,26,18,1,45,0,0,51,10,61,0,26,69,11,106,56,10,66,172
06/20/2001,SAF,NM,ASW,WE,Federal Contract Tower,0,34,14,2,50,0,0,65,14,79,0,34,79,16,129,94,6,100,229
06/21/2001,SAF,NM,ASW,WE,Federal Contract Tower,0,21,13,0,34,0,0,59,6,65,0,21,72,6,99,162,4,166,265
06/22/2001,SAF,NM,ASW,WE,Federal Contract Tower,0,26,13,4,43,0,2,67,1,70,0,28,80,5,113,128,0,128,241
06/23/2001,SAF,NM,ASW,WE,Federal Contract Tower,0,26,17,0,43,0,0,64,0,64,0,26,81,0,107,114,0,114,221
06/24/2001,SAF,NM,ASW,WE,Federal Contract Tower,0,28,14,0,42,0,0,100,1,101,0,28,114,1,143,108,0,108,251
06/25/2001,SAF,NM,ASW,WE,Federal Contract Tower,0,24,16,0,40,0,0,54,0,54,0,24,70,0,94,66,0,66,160
06/26/2001,SAF,NM,ASW,WE,Federal Contract Tower,0,26,18,0,44,0,0,55,7,62,0,26,73,7,106,96,0,96,202
06/27/2001,SAF,NM,ASW,WE,Federal Contract Tower,0,25,23,2,50,0,0,57,8,65,0,25,80,10,115,66,4,70,185
06/28/2001,SAF,NM,ASW,WE,Federal Contract Tower,0,30,8,0,38,0,1,74,2,77,0,31,82,2,115,90,0,90,205
06/29/2001,SAF,NM,ASW,WE,Federal Contract Tower,0,32,37,0,69,0,0,80,5,85,0,32,117,5,154,106,2,108,262
06/30/2001,SAF,NM,ASW,WE,Federal Contract Tower,0,25,29,0,54,0,0,102,0,102,0,25,131,0,156,132,0,132,288
07/01/2001,SAF,NM,ASW,WE,Federal Contract Tower,0,37,31,0,68,0,0,113,0,113,0,37,144,0,181,104,0,104,285
07/02/2001,SAF,NM,ASW,WE,Federal Contract Tower,0,22,23,2,47,0,0,83,0,83,0,22,106,2,130,66,0,66,196
07/03/2001,SAF,NM,ASW,WE,Federal Contract Tower,0,27,19,0,46,0,0,68,3,71,0,27,87,3,117,68,10,78,195
07/04/2001,SAF,NM,ASW,WE,Federal Contract Tower,0,21,15,0,36,0,3,88,0,91,0,24,103,0,127,116,0,116,243
07/05/2001,SAF,NM,ASW,WE,Federal Contract Tower,0,25,26,0,51,0,2,114,4,120,0,27,140,4,171,122,8,130,301
07/06/2001,SAF,NM,ASW,WE,Federal Contract Tower,0,25,28,4,57,0,1,87,2,90,0,26,115,6,147,116,0,116,263
07/07/2001,SAF,NM,ASW,WE,Federal Contract Tower,0,31,21,1,53,0,2,108,2,112,0,33,129,3,165,102,0,102,267
07/08/2001,SAF,NM,ASW,WE,Federal Contract Tower,0,35,39,1,75,0,0,115,1,116,0,35,154,2,191,62,0,62,253
07/09/2001,SAF,NM,ASW,WE,Federal Contract Tower,0,26,13,1,40,0,7,75,0,82,0,33,88,1,122,52,0,52,174
07/10/2001,SAF,NM,ASW,WE,Federal Contract Tower,0,37,17,0,54,0,5,66,3,74,0,42,83,3,128,86,0,86,214
07/11/2001,SAF,NM,ASW,WE,Federal Contract Tower,0,31,29,0,60,0,0,84,10,94,0,31,113,10,154,104,0,104,258
07/12/2001,SAF,NM,ASW,WE,Federal Contract Tower,0,31,38,0,69,0,4,86,14,104,0,35,124,14,173,86,6,92,265
07/13/2001,SAF,NM,ASW,WE,Federal Contract Tower,0,32,37,1,70,0,2,97,1,100,0,34,134,2,170,76,0,76,246
07/14/2001,SAF,NM,ASW,WE,Federal Contract Tower,0,26,27,3,56,0,3,81,2,86,0,29,108,5,142,70,4,74,216
07/15/2001,SAF,NM,ASW,WE,Federal Contract Tower,0,29,36,0,65,0,0,78,2,80,0,29,114,2,145,92,0,92,237
07/16/2001,SAF,NM,ASW,WE,Federal Contract Tower,0,29,30,1,60,0,4,73,0,77,0,33,103,1,137,82,0,82,219
07/17/2001,SAF,NM,ASW,WE,Federal Contract Tower,0,30,21,0,51,0,6,54,10,70,0,36,75,10,121,42,2,44,165
07/18/2001,SAF,NM,ASW,WE,Federal Contract Tower,0,30,10,0,40,0,1,56,6,63,0,31,66,6,103,46,4,50,153
07/19/2001,SAF,NM,ASW,WE,Federal Contract Tower,0,30,32,0,62,0,1,86,3,90,0,31,118,3,152,122,6,128,280
07/20/2001,SAF,NM,ASW,WE,Federal Contract Tower,0,33,26,4,63,0,3,100,4,107,0,36,126,8,170,90,6,96,266
07/21/2001,SAF,NM,ASW,WE,Federal Contract Tower,0,30,16,0,46,0,3,94,0,97,0,33,110,0,143,120,0,120,263
07/22/2001,SAF,NM,ASW,WE,Federal Contract Tower,0,45,32,1,78,0,0,84,2,86,0,45,116,3,164,92,0,92,256
07/23/2001,SAF,NM,ASW,WE,Federal Contract Tower,0,28,24,1,53,0,1,57,0,58,0,29,81,1,111,114,0,114,225
07/24/2001,SAF,NM,ASW,WE,Federal Contract Tower,0,28,16,0,44,0,3,75,6,84,0,31,91,6,128,116,0,116,244
07/25/2001,SAF,NM,ASW,WE,Federal Contract Tower,0,33,27,0,60,0,0,70,7,77,0,33,97,7,137,90,0,90,227
07/26/2001,SAF,NM,ASW,WE,Federal Contract Tower,0,29,23,0,52,0,1,82,12,95,0,30,105,12,147,78,8,86,233
07/27/2001,SAF,NM,ASW,WE,Federal Contract Tower,0,37,28,0,65,0,8,93,3,104,0,45,121,3,169,130,0,130,299
07/28/2001,SAF,NM,ASW,WE,Federal Contract Tower,0,29,26,0,55,0,4,94,0,98,0,33,120,0,153,98,0,98,251
07/29/2001,SAF,NM,ASW,WE,Federal Contract Tower,0,41,42,0,83,0,1,99,1,101,0,42,141,1,184,90,0,90,274
07/30/2001,SAF,NM,ASW,WE,Federal Contract Tower,0,30,20,0,50,0,3,72,5,80,0,33,92,5,130,60,0,60,190
07/31/2001,SAF,NM,ASW,WE,Federal Contract Tower,0,30,20,0,50,0,5,88,8,101,0,35,108,8,151,92,32,124,275
08/01/2001,SAF,NM,ASW,WE,Federal Contract Tower,0,32,16,4,52,0,1,53,2,56,0,33,69,6,108,74,4,78,186
08/02/2001,SAF,NM,ASW,WE,Federal Contract Tower,0,23,26,2,51,0,6,72,5,83,0,29,98,7,134,96,10,106,240
08/03/2001,SAF,NM,ASW,WE,Federal Contract Tower,0,30,27,5,62,0,1,89,1,91,0,31,116,6,153,122,4,126,279
08/04/2001,SAF,NM,ASW,WE,Federal Contract Tower,0,32,17,0,49,0,3,105,7,115,0,35,122,7,164,146,2,148,312
08/05/2001,SAF,NM,ASW,WE,Federal Contract Tower,0,30,29,1,60,0,0,84,9,93,0,30,113,10,153,28,6,34,187
08/06/2001,SAF,NM,ASW,WE,Federal Contract Tower,0,25,26,4,55,0,3,77,0,80,0,28,103,4,135,82,0,82,217
08/07/2001,SAF,NM,ASW,WE,Federal Contract Tower,0,27,22,0,49,0,0,57,2,59,0,27,79,2,108,76,6,82,190
08/08/2001,SAF,NM,ASW,WE,Federal Contract Tower,0,31,35,0,66,0,4,77,2,83,0,35,112,2,149,90,0,90,239
08/09/2001,SAF,NM,ASW,WE,Federal Contract Tower,0,25,24,0,49,0,0,64,2,66,0,25,88,2,115,100,2,102,217
08/10/2001,SAF,NM,ASW,WE,Federal Contract Tower,0,32,34,2,68,0,3,71,1,75,0,35,105,3,143,36,0,36,179
08/11/2001,SAF,NM,ASW,WE,Federal Contract Tower,0,32,23,0,55,0,1,77,1,79,0,33,100,1,134,140,0,140,274
08/12/2001,SAF,NM,ASW,WE,Federal Contract Tower,0,37,42,2,81,0,1,75,0,76,0,38,117,2,157,100,0,100,257
08/13/2001,SAF,NM,ASW,WE,Federal Contract Tower,0,20,23,2,45,0,0,37,4,41,0,20,60,6,86,58,0,58,144
08/14/2001,SAF,NM,ASW,WE,Federal Contract Tower,0,31,27,1,59,0,4,56,7,67,0,35,83,8,126,76,4,80,206
08/15/2001,SAF,NM,ASW,WE,Federal Contract Tower,0,32,26,2,60,0,3,69,2,74,0,35,95,4,134,42,6,48,182
08/16/2001,SAF,NM,ASW,WE,Federal Contract Tower,0,35,25,0,60,0,0,86,8,94,0,35,111,8,154,56,12,68,222
08/17/2001,SAF,NM,ASW,WE,Federal Contract Tower,0,35,36,1,72,0,0,87,4,91,0,35,123,5,163,98,0,98,261
08/18/2001,SAF,NM,ASW,WE,Federal Contract Tower,0,31,21,1,53,0,4,86,4,94,0,35,107,5,147,114,0,114,261
08/19/2001,SAF,NM,ASW,WE,Federal Contract Tower,0,40,35,2,77,0,5,93,0,98,0,45,128,2,175,122,0,122,297
08/20/2001,SAF,NM,ASW,WE,Federal Contract Tower,0,32,32,1,65,0,2,89,2,93,0,34,121,3,158,116,0,116,274
08/21/2001,SAF,NM,ASW,WE,Federal Contract Tower,0,37,20,0,57,0,3,74,11,88,0,40,94,11,145,106,6,112,257
08/22/2001,SAF,NM,ASW,WE,Federal Contract Tower,0,24,27,4,55,0,5,84,7,96,0,29,111,11,151,94,0,94,245
08/23/2001,SAF,NM,ASW,WE,Federal Contract Tower,0,35,39,0,74,0,3,101,4,108,0,38,140,4,182,102,2,104,286
08/24/2001,SAF,NM,ASW,WE,Federal Contract Tower,0,37,30,3,70,0,3,102,2,107,0,40,132,5,177,116,2,118,295
08/25/2001,SAF,NM,ASW,WE,Federal Contract Tower,0,26,25,0,51,0,9,110,1,120,0,35,135,1,171,86,0,86,257
08/26/2001,SAF,NM,ASW,WE,Federal Contract Tower,0,30,26,1,57,0,5,109,0,114,0,35,135,1,171,86,0,86,257
08/27/2001,SAF,NM,ASW,WE,Federal Contract Tower,0,24,24,2,50,0,0,77,4,81,0,24,101,6,131,86,0,86,217
08/28/2001,SAF,NM,ASW,WE,Federal Contract Tower,0,16,16,1,33,0,0,69,4,73,0,16,85,5,106,122,0,122,228
08/29/2001,SAF,NM,ASW,WE,Federal Contract Tower,0,16,19,1,36,0,1,90,5,96,0,17,109,6,132,102,2,104,236
08/30/2001,SAF,NM,ASW,WE,Federal Contract Tower,0,28,24,2,54,0,0,79,8,87,0,28,103,10,141,120,12,132,273
08/31/2001,SAF,NM,ASW,WE,Federal Contract Tower,0,30,31,8,69,0,2,78,7,87,0,32,109,15,156,100,4,104,260
09/01/2001,SAF,NM,ASW,WE,Federal Contract Tower,0,24,22,1,47,0,3,123,2,128,0,27,145,3,175,148,0,148,323
09/02/2001,SAF,NM,ASW,WE,Federal Contract Tower,0,22,21,4,47,0,0,106,6,112,0,22,127,10,159,60,0,60,219
09/03/2001,SAF,NM,ASW,WE,Federal Contract Tower,0,26,44,3,73,0,2,98,32,132,0,28,142,35,205,130,18,148,353
09/04/2001,SAF,NM,ASW,WE,Federal Contract Tower,0,23,22,1,46,0,0,65,37,102,0,23,87,38,148,64,2,66,214
09/05/2001,SAF,NM,ASW,WE,Federal Contract Tower,0,22,24,6,52,0,2,88,28,118,0,24,112,34,170,118,0,118,288
09/06/2001,SAF,NM,ASW,WE,Federal Contract Tower,0,20,22,3,45,0,4,62,25,91,0,24,84,28,136,94,8,102,238
09/07/2001,SAF,NM,ASW,WE,Federal Contract Tower,0,31,21,3,55,0,6,55,1,62,0,37,76,4,117,78,12,90,207
09/08/2001,SAF,NM,ASW,WE,Federal Contract Tower,0,25,11,2,38,0,0,88,7,95,0,25,99,9,133,122,0,122,255
09/09/2001,SAF,NM,ASW,WE,Federal Contract Tower,0,31,28,6,65,0,0,114,7,121,0,31,142,13,186,154,4,158,344
09/10/2001,SAF,NM,ASW,WE,Federal Contract Tower,0,20,12,0,32,0,0,66,0,66,0,20,78,0,98,104,0,104,202
09/11/2001,SAF,NM,ASW,WE,Federal Contract Tower,0,1,0,0,1,0,0,7,0,7,0,1,7,0,8,0,0,0,8
09/12/2001,SAF,NM,ASW,WE,Federal Contract Tower,0,0,0,0,0,0,0,0,0,0,0,0,0,0,0,0,0,0,0
09/13/2001,SAF,NM,ASW,WE,Federal Contract Tower,0,4,0,1,5,0,0,1,0,1,0,4,1,1,6,0,0,0,6
09/14/2001,SAF,NM,ASW,WE,Federal Contract Tower,0,25,3,0,28,0,0,0,0,0,0,25,3,0,28,0,0,0,28
09/15/2001,SAF,NM,ASW,WE,Federal Contract Tower,0,14,40,0,54,0,0,0,0,0,0,14,40,0,54,0,0,0,54
09/16/2001,SAF,NM,ASW,WE,Federal Contract Tower,0,29,34,0,63,0,0,0,0,0,0,29,34,0,63,0,0,0,63
09/17/2001,SAF,NM,ASW,WE,Federal Contract Tower,0,9,44,0,53,0,0,1,0,1,0,9,45,0,54,0,0,0,54
09/18/2001,SAF,NM,ASW,WE,Federal Contract Tower,0,9,43,2,54,0,2,2,0,4,0,11,45,2,58,0,0,0,58
09/19/2001,SAF,NM,ASW,WE,Federal Contract Tower,0,16,46,6,68,0,2,4,8,14,0,18,50,14,82,2,6,8,90
09/20/2001,SAF,NM,ASW,WE,Federal Contract Tower,0,16,39,0,55,0,1,48,1,50,0,17,87,1,105,4,2,6,111
09/21/2001,SAF,NM,ASW,WE,Federal Contract Tower,0,24,24,4,52,0,3,53,0,56,0,27,77,4,108,16,0,16,124
09/22/2001,SAF,NM,ASW,WE,Federal Contract Tower,0,20,38,7,65,0,0,55,1,56,0,20,93,8,121,70,42,112,233
09/23/2001,SAF,NM,ASW,WE,Federal Contract Tower,0,30,43,6,79,0,0,56,0,56,0,30,99,6,135,84,0,84,219
09/24/2001,SAF,NM,ASW,WE,Federal Contract Tower,0,20,34,3,57,0,1,43,1,45,0,21,77,4,102,48,4,52,154
09/25/2001,SAF,NM,ASW,WE,Federal Contract Tower,0,11,31,0,42,0,3,60,0,63,0,14,91,0,105,138,0,138,243
09/26/2001,SAF,NM,ASW,WE,Federal Contract Tower,0,14,23,2,39,0,0,81,2,83,0,14,104,4,122,172,0,172,294
09/27/2001,SAF,NM,ASW,WE,Federal Contract Tower,0,15,30,4,49,0,1,96,2,99,0,16,126,6,148,152,2,154,302
09/28/2001,SAF,NM,ASW,WE,Federal Contract Tower,0,26,31,4,61,0,3,73,0,76,0,29,104,4,137,122,0,122,259
09/29/2001,SAF,NM,ASW,WE,Federal Contract Tower,0,14,27,0,41,0,4,153,2,159,0,18,180,2,200,126,8,134,334
09/30/2001,SAF,NM,ASW,WE,Federal Contract Tower,0,33,39,0,72,0,1,100,1,102,0,34,139,1,174,126,0,126,300
10/01/2001,SAF,NM,ASW,WE,Federal Contract Tower,0,26,30,3,59,0,0,60,1,61,0,26,90,4,120,110,24,134,254
10/02/2001,SAF,NM,ASW,WE,Federal Contract Tower,0,23,6,0,29,0,2,78,1,81,0,25,84,1,110,100,0,100,210
10/03/2001,SAF,NM,ASW,WE,Federal Contract Tower,0,27,29,0,56,0,0,56,7,63,0,27,85,7,119,84,18,102,221
10/04/2001,SAF,NM,ASW,WE,Federal Contract Tower,0,26,42,1,69,0,8,81,1,90,0,34,123,2,159,150,20,170,329
10/05/2001,SAF,NM,ASW,WE,Federal Contract Tower,0,21,31,1,53,0,1,52,1,54,0,22,83,2,107,92,2,94,201
10/06/2001,SAF,NM,ASW,WE,Federal Contract Tower,0,22,18,2,42,0,1,71,1,73,0,23,89,3,115,154,4,158,273
10/07/2001,SAF,NM,ASW,WE,Federal Contract Tower,0,24,28,2,54,0,0,61,0,61,0,24,89,2,115,54,2,56,171
10/08/2001,SAF,NM,ASW,WE,Federal Contract Tower,0,27,27,0,54,0,0,54,1,55,0,27,81,1,109,108,0,108,217
10/09/2001,SAF,NM,ASW,WE,Federal Contract Tower,0,19,34,0,53,0,0,41,2,43,0,19,75,2,96,72,30,102,198
10/10/2001,SAF,NM,ASW,WE,Federal Contract Tower,0,12,29,0,41,0,0,65,0,65,0,12,94,0,106,68,0,68,174
10/11/2001,SAF,NM,ASW,WE,Federal Contract Tower,0,23,27,5,55,0,1,74,1,76,0,24,101,6,131,92,0,92,223
10/12/2001,SAF,NM,ASW,WE,Federal Contract Tower,0,18,30,8,56,0,6,40,7,53,0,24,70,15,109,84,30,114,223
10/13/2001,SAF,NM,ASW,WE,Federal Contract Tower,0,17,17,2,36,0,3,78,0,81,0,20,95,2,117,100,0,100,217
10/14/2001,SAF,NM,ASW,WE,Federal Contract Tower,0,25,14,2,41,0,0,99,0,99,0,25,113,2,140,110,0,110,250
10/15/2001,SAF,NM,ASW,WE,Federal Contract Tower,0,15,32,0,47,0,0,53,2,55,0,15,85,2,102,108,0,108,210
10/16/2001,SAF,NM,ASW,WE,Federal Contract Tower,0,20,20,0,40,0,3,54,2,59,0,23,74,2,99,118,0,118,217
10/17/2001,SAF,NM,ASW,WE,Federal Contract Tower,0,19,25,0,44,0,1,53,0,54,0,20,78,0,98,86,0,86,184
10/18/2001,SAF,NM,ASW,WE,Federal Contract Tower,0,17,24,1,42,0,2,72,0,74,0,19,96,1,116,50,0,50,166
10/19/2001,SAF,NM,ASW,WE,Federal Contract Tower,0,26,24,1,51,0,1,74,0,75,0,27,98,1,126,74,0,74,200
10/20/2001,SAF,NM,ASW,WE,Federal Contract Tower,0,16,23,0,39,0,1,107,0,108,0,17,130,0,147,124,0,124,271
10/21/2001,SAF,NM,ASW,WE,Federal Contract Tower,0,25,37,2,64,0,0,102,0,102,0,25,139,2,166,82,0,82,248
10/22/2001,SAF,NM,ASW,WE,Federal Contract Tower,0,17,18,2,37,0,1,35,0,36,0,18,53,2,73,38,0,38,111
10/23/2001,SAF,NM,ASW,WE,Federal Contract Tower,0,10,22,1,33,0,0,57,4,61,0,10,79,5,94,94,4,98,192
10/24/2001,SAF,NM,ASW,WE,Federal Contract Tower,0,12,28,2,42,0,6,69,4,79,0,18,97,6,121,82,6,88,209
10/25/2001,SAF,NM,ASW,WE,Federal Contract Tower,0,15,29,0,44,0,3,72,1,76,0,18,101,1,120,126,0,126,246
10/26/2001,SAF,NM,ASW,WE,Federal Contract Tower,0,20,28,1,49,0,1,79,2,82,0,21,107,3,131,130,8,138,269
10/27/2001,SAF,NM,ASW,WE,Federal Contract Tower,0,15,18,2,35,0,1,64,0,65,0,16,82,2,100,102,0,102,202
10/28/2001,SAF,NM,ASW,WE,Federal Contract Tower,0,21,24,0,45,0,0,45,0,45,0,21,69,0,90,62,0,62,152
10/29/2001,SAF,NM,ASW,WE,Federal Contract Tower,0,22,32,0,54,0,0,57,2,59,0,22,89,2,113,176,0,176,289
10/30/2001,SAF,NM,ASW,WE,Federal Contract Tower,0,17,28,0,45,0,1,69,6,76,0,18,97,6,121,138,10,148,269
10/31/2001,SAF,NM,ASW,WE,Federal Contract Tower,0,14,24,2,40,0,1,52,3,56,0,15,76,5,96,56,22,78,174
11/01/2001,SAF,NM,ASW,WE,Federal Contract Tower,0,21,24,1,46,0,2,55,5,62,0,23,79,6,108,86,8,94,202
11/02/2001,SAF,NM,ASW,WE,Federal Contract Tower,0,17,29,1,47,0,3,69,3,75,0,20,98,4,122,112,0,112,234
11/03/2001,SAF,NM,ASW,WE,Federal Contract Tower,0,18,32,0,50,0,0,75,10,85,0,18,107,10,135,80,48,128,263
11/04/2001,SAF,NM,ASW,WE,Federal Contract Tower,0,20,43,1,64,0,0,55,3,58,0,20,98,4,122,78,0,78,200
11/05/2001,SAF,NM,ASW,WE,Federal Contract Tower,0,18,30,3,51,0,0,42,1,43,0,18,72,4,94,48,0,48,142
11/06/2001,SAF,NM,ASW,WE,Federal Contract Tower,0,13,27,2,42,0,0,69,2,71,0,13,96,4,113,130,0,130,243
11/07/2001,SAF,NM,ASW,WE,Federal Contract Tower,0,17,25,1,43,0,0,53,9,62,0,17,78,10,105,106,10,116,221
11/08/2001,SAF,NM,ASW,WE,Federal Contract Tower,0,27,19,0,46,0,1,43,0,44,0,28,62,0,90,54,0,54,144
11/09/2001,SAF,NM,ASW,WE,Federal Contract Tower,0,22,31,1,54,0,0,87,1,88,0,22,118,2,142,128,4,132,274
11/10/2001,SAF,NM,ASW,WE,Federal Contract Tower,0,16,27,0,43,0,0,71,0,71,0,16,98,0,114,216,0,216,330
11/11/2001,SAF,NM,ASW,WE,Federal Contract Tower,0,31,36,10,77,0,2,114,1,117,0,33,150,11,194,160,10,170,364
11/12/2001,SAF,NM,ASW,WE,Federal Contract Tower,0,16,25,0,41,0,0,65,0,65,0,16,90,0,106,128,0,128,234
11/13/2001,SAF,NM,ASW,WE,Federal Contract Tower,0,12,26,0,38,0,5,48,8,61,0,17,74,8,99,150,34,184,283
11/14/2001,SAF,NM,ASW,WE,Federal Contract Tower,0,15,36,1,52,0,2,36,4,42,0,17,72,5,94,88,0,88,182
11/15/2001,SAF,NM,ASW,WE,Federal Contract Tower,0,19,22,1,42,0,1,28,16,45,0,20,50,17,87,68,54,122,209
11/16/2001,SAF,NM,ASW,WE,Federal Contract Tower,0,19,21,0,40,0,0,35,3,38,0,19,56,3,78,46,6,52,130
11/17/2001,SAF,NM,ASW,WE,Federal Contract Tower,0,15,21,0,36,0,2,60,0,62,0,17,81,0,98,168,0,168,266
11/18/2001,SAF,NM,ASW,WE,Federal Contract Tower,0,33,27,0,60,0,1,49,0,50,0,34,76,0,110,64,0,64,174
11/19/2001,SAF,NM,ASW,WE,Federal Contract Tower,0,19,28,4,51,0,3,31,3,37,0,22,59,7,88,54,8,62,150
11/20/2001,SAF,NM,ASW,WE,Federal Contract Tower,0,20,19,2,41,0,3,59,1,63,0,23,78,3,104,42,18,60,164
11/21/2001,SAF,NM,ASW,WE,Federal Contract Tower,0,27,27,2,56,0,0,106,3,109,0,27,133,5,165,132,0,132,297
11/22/2001,SAF,NM,ASW,WE,Federal Contract Tower,0,11,5,0,16,0,0,38,0,38,0,11,43,0,54,34,0,34,88
11/23/2001,SAF,NM,ASW,WE,Federal Contract Tower,0,14,20,0,34,0,0,12,0,12,0,14,32,0,46,32,0,32,78
11/24/2001,SAF,NM,ASW,WE,Federal Contract Tower,0,19,24,0,43,0,0,90,0,90,0,19,114,0,133,110,0,110,243
11/25/2001,SAF,NM,ASW,WE,Federal Contract Tower,0,32,34,2,68,0,0,15,0,15,0,32,49,2,83,0,0,0,83
11/26/2001,SAF,NM,ASW,WE,Federal Contract Tower,0,18,11,0,29,0,3,55,2,60,0,21,66,2,89,64,0,64,153
11/27/2001,SAF,NM,ASW,WE,Federal Contract Tower,0,13,12,0,25,0,0,4,0,4,0,13,16,0,29,6,0,6,35
11/28/2001,SAF,NM,ASW,WE,Federal Contract Tower,0,11,16,0,27,0,0,43,0,43,0,11,59,0,70,46,0,46,116
11/29/2001,SAF,NM,ASW,WE,Federal Contract Tower,0,16,21,0,37,0,4,40,6,50,0,20,61,6,87,120,2,122,209
11/30/2001,SAF,NM,ASW,WE,Federal Contract Tower,0,16,19,0,35,0,3,46,2,51,0,19,65,2,86,90,0,90,176
12/01/2001,SAF,NM,ASW,WE,Federal Contract Tower,0,16,9,1,26,0,0,91,7,98,0,16,100,8,124,158,16,174,298
12/02/2001,SAF,NM,ASW,WE,Federal Contract Tower,0,31,21,1,53,0,0,71,1,72,0,31,92,2,125,70,2,72,197
12/03/2001,SAF,NM,ASW,WE,Federal Contract Tower,0,17,19,2,38,0,0,43,0,43,0,17,62,2,81,124,0,124,205
12/04/2001,SAF,NM,ASW,WE,Federal Contract Tower,0,21,17,2,40,0,3,48,0,51,0,24,65,2,91,112,0,112,203
12/05/2001,SAF,NM,ASW,WE,Federal Contract Tower,0,15,28,0,43,0,1,41,2,44,0,16,69,2,87,164,8,172,259
12/06/2001,SAF,NM,ASW,WE,Federal Contract Tower,0,17,20,2,39,0,1,54,1,56,0,18,74,3,95,120,4,124,219
12/07/2001,SAF,NM,ASW,WE,Federal Contract Tower,0,14,21,10,45,0,2,48,1,51,0,16,69,11,96,108,10,118,214
12/08/2001,SAF,NM,ASW,WE,Federal Contract Tower,0,17,16,4,37,0,0,69,7,76,0,17,85,11,113,188,8,196,309
12/09/2001,SAF,NM,ASW,WE,Federal Contract Tower,0,27,23,2,52,0,0,68,0,68,0,27,91,2,120,74,0,74,194
12/10/2001,SAF,NM,ASW,WE,Federal Contract Tower,0,12,13,4,29,0,0,40,2,42,0,12,53,6,71,122,0,122,193
12/11/2001,SAF,NM,ASW,WE,Federal Contract Tower,0,19,13,1,33,0,0,5,0,5,0,19,18,1,38,0,0,0,38
12/12/2001,SAF,NM,ASW,WE,Federal Contract Tower,0,17,7,2,26,0,0,8,1,9,0,17,15,3,35,2,0,2,37
12/13/2001,SAF,NM,ASW,WE,Federal Contract Tower,0,21,32,4,57,0,0,46,6,52,0,21,78,10,109,156,20,176,285
12/14/2001,SAF,NM,ASW,WE,Federal Contract Tower,0,15,26,6,47,0,1,79,0,80,0,16,105,6,127,146,10,156,283
12/15/2001,SAF,NM,ASW,WE,Federal Contract Tower,0,16,11,1,28,0,1,31,0,32,0,17,42,1,60,98,0,98,158
12/16/2001,SAF,NM,ASW,WE,Federal Contract Tower,0,29,8,0,37,0,0,70,0,70,0,29,78,0,107,90,0,90,197
12/17/2001,SAF,NM,ASW,WE,Federal Contract Tower,0,15,10,1,26,0,0,46,3,49,0,15,56,4,75,130,12,142,217
12/18/2001,SAF,NM,ASW,WE,Federal Contract Tower,0,15,11,5,31,0,1,47,1,49,0,16,58,6,80,120,6,126,206
12/19/2001,SAF,NM,ASW,WE,Federal Contract Tower,0,18,23,1,42,0,2,66,16,84,0,20,89,17,126,120,44,164,290
12/20/2001,SAF,NM,ASW,WE,Federal Contract Tower,0,20,35,2,57,0,0,74,8,82,0,20,109,10,139,108,16,124,263
12/21/2001,SAF,NM,ASW,WE,Federal Contract Tower,0,20,20,2,42,0,2,30,4,36,0,22,50,6,78,18,0,18,96
12/22/2001,SAF,NM,ASW,WE,Federal Contract Tower,0,23,11,0,34,0,0,62,1,63,0,23,73,1,97,80,0,80,177
12/23/2001,SAF,NM,ASW,WE,Federal Contract Tower,0,21,11,2,34,0,0,68,3,71,0,21,79,5,105,88,0,88,193
12/24/2001,SAF,NM,ASW,WE,Federal Contract Tower,0,15,11,0,26,0,0,52,0,52,0,15,63,0,78,74,0,74,152
12/25/2001,SAF,NM,ASW,WE,Federal Contract Tower,0,6,6,0,12,0,0,32,0,32,0,6,38,0,44,42,0,42,86
12/26/2001,SAF,NM,ASW,WE,Federal Contract Tower,0,18,34,0,52,0,2,83,0,85,0,20,117,0,137,114,0,114,251
12/27/2001,SAF,NM,ASW,WE,Federal Contract Tower,0,27,38,2,67,0,0,72,0,72,0,27,110,2,139,100,0,100,239
12/28/2001,SAF,NM,ASW,WE,Federal Contract Tower,0,25,30,0,55,0,3,79,0,82,0,28,109,0,137,94,0,94,231
12/29/2001,SAF,NM,ASW,WE,Federal Contract Tower,0,23,23,0,46,0,1,42,0,43,0,24,65,0,89,16,0,16,105
12/30/2001,SAF,NM,ASW,WE,Federal Contract Tower,0,30,14,0,44,0,0,0,0,0,0,30,14,0,44,4,0,4,48
12/31/2001,SAF,NM,ASW,WE,Federal Contract Tower,0,23,20,0,43,0,1,45,0,46,0,24,65,0,89,92,0,92,181
01/01/2002,SAF,NM,ASW,WE,Federal Contract Tower,0,15,17,0,32,0,0,44,0,44,0,15,61,0,76,36,0,36,112
01/02/2002,SAF,NM,ASW,WE,Federal Contract Tower,0,19,30,2,51,0,0,58,0,58,0,19,88,2,109,146,0,146,255
01/03/2002,SAF,NM,ASW,WE,Federal Contract Tower,0,18,20,3,41,0,3,66,8,77,0,21,86,11,118,120,10,130,248
01/04/2002,SAF,NM,ASW,WE,Federal Contract Tower,0,15,27,3,45,0,1,43,3,47,0,16,70,6,92,182,2,184,276
01/05/2002,SAF,NM,ASW,WE,Federal Contract Tower,0,27,12,1,40,0,3,85,13,101,0,30,97,14,141,120,12,132,273
01/06/2002,SAF,NM,ASW,WE,Federal Contract Tower,0,25,31,1,57,0,0,64,6,70,0,25,95,7,127,110,0,110,237
01/07/2002,SAF,NM,ASW,WE,Federal Contract Tower,0,16,31,0,47,0,0,56,2,58,0,16,87,2,105,168,8,176,281
01/08/2002,SAF,NM,ASW,WE,Federal Contract Tower,0,11,24,0,35,0,0,79,6,85,0,11,103,6,120,162,18,180,300
01/09/2002,SAF,NM,ASW,WE,Federal Contract Tower,0,19,21,4,44,0,0,48,1,49,0,19,69,5,93,210,4,214,307
01/10/2002,SAF,NM,ASW,WE,Federal Contract Tower,0,11,16,1,28,0,0,8,0,8,0,11,24,1,36,6,0,6,42
01/11/2002,SAF,NM,ASW,WE,Federal Contract Tower,0,27,18,4,49,0,4,78,5,87,0,31,96,9,136,146,14,160,296
01/12/2002,SAF,NM,ASW,WE,Federal Contract Tower,0,17,15,0,32,0,2,133,3,138,0,19,148,3,170,218,0,218,388
01/13/2002,SAF,NM,ASW,WE,Federal Contract Tower,0,28,31,2,61,0,0,47,0,47,0,28,78,2,108,88,4,92,200
01/14/2002,SAF,NM,ASW,WE,Federal Contract Tower,0,11,32,0,43,0,0,39,1,40,0,11,71,1,83,38,0,38,121
01/15/2002,SAF,NM,ASW,WE,Federal Contract Tower,0,15,25,1,41,0,0,64,1,65,0,15,89,2,106,100,0,100,206
01/16/2002,SAF,NM,ASW,WE,Federal Contract Tower,0,27,36,3,66,0,1,14,5,20,0,28,50,8,86,32,6,38,124
01/17/2002,SAF,NM,ASW,WE,Federal Contract Tower,0,14,20,2,36,0,0,65,2,67,0,14,85,4,103,98,0,98,201
01/18/2002,SAF,NM,ASW,WE,Federal Contract Tower,0,20,32,1,53,0,0,51,0,51,0,20,83,1,104,68,0,68,172
01/19/2002,SAF,NM,ASW,WE,Federal Contract Tower,0,14,13,0,27,0,0,50,1,51,0,14,63,1,78,126,0,126,204
01/20/2002,SAF,NM,ASW,WE,Federal Contract Tower,0,24,17,0,41,0,0,48,2,50,0,24,65,2,91,54,0,54,145
01/21/2002,SAF,NM,ASW,WE,Federal Contract Tower,0,21,24,4,49,0,1,91,0,92,0,22,115,4,141,158,0,158,299
01/22/2002,SAF,NM,ASW,WE,Federal Contract Tower,0,15,18,6,39,0,0,49,1,50,0,15,67,7,89,116,0,116,205
01/23/2002,SAF,NM,ASW,WE,Federal Contract Tower,0,14,18,2,34,0,0,28,4,32,0,14,46,6,66,92,32,124,190
01/24/2002,SAF,NM,ASW,WE,Federal Contract Tower,0,14,24,0,38,0,0,56,2,58,0,14,80,2,96,108,0,108,204
01/25/2002,SAF,NM,ASW,WE,Federal Contract Tower,0,16,22,7,45,0,0,95,2,97,0,16,117,9,142,158,0,158,300
01/26/2002,SAF,NM,ASW,WE,Federal Contract Tower,0,18,20,0,38,0,0,116,0,116,0,18,136,0,154,194,0,194,348
01/27/2002,SAF,NM,ASW,WE,Federal Contract Tower,0,18,31,0,49,0,0,76,0,76,0,18,107,0,125,134,0,134,259
01/28/2002,SAF,NM,ASW,WE,Federal Contract Tower,0,11,18,1,30,0,2,36,0,38,0,13,54,1,68,64,2,66,134
01/29/2002,SAF,NM,ASW,WE,Federal Contract Tower,0,10,11,1,22,0,0,28,0,28,0,10,39,1,50,122,0,122,172
01/30/2002,SAF,NM,ASW,WE,Federal Contract Tower,0,12,22,0,34,0,0,1,0,1,0,12,23,0,35,40,0,40,75
01/31/2002,SAF,NM,ASW,WE,Federal Contract Tower,0,15,19,0,34,0,0,22,7,29,0,15,41,7,63,24,0,24,87
02/01/2002,SAF,NM,ASW,WE,Federal Contract Tower,0,13,31,1,45,0,0,69,8,77,0,13,100,9,122,118,20,138,260
02/02/2002,SAF,NM,ASW,WE,Federal Contract Tower,0,15,10,0,25,0,0,81,8,89,0,15,91,8,114,132,16,148,262
02/03/2002,SAF,NM,ASW,WE,Federal Contract Tower,0,16,17,0,33,0,0,49,2,51,0,16,66,2,84,72,0,72,156
02/04/2002,SAF,NM,ASW,WE,Federal Contract Tower,0,20,21,0,41,0,0,43,2,45,0,20,64,2,86,76,0,76,162
02/05/2002,SAF,NM,ASW,WE,Federal Contract Tower,0,13,16,3,32,0,0,19,1,20,0,13,35,4,52,114,0,114,166
02/06/2002,SAF,NM,ASW,WE,Federal Contract Tower,0,13,18,3,34,0,0,62,5,67,0,13,80,8,101,70,26,96,197
02/07/2002,SAF,NM,ASW,WE,Federal Contract Tower,0,17,26,2,45,0,0,91,8,99,0,17,117,10,144,108,64,172,316
02/08/2002,SAF,NM,ASW,WE,Federal Contract Tower,0,14,30,3,47,0,0,54,6,60,0,14,84,9,107,42,48,90,197
02/09/2002,SAF,NM,ASW,WE,Federal Contract Tower,0,19,21,0,40,0,2,25,0,27,0,21,46,0,67,66,0,66,133
02/10/2002,SAF,NM,ASW,WE,Federal Contract Tower,0,15,38,5,58,0,0,65,2,67,0,15,103,7,125,102,2,104,229
02/11/2002,SAF,NM,ASW,WE,Federal Contract Tower,0,14,27,4,45,0,2,36,0,38,0,16,63,4,83,88,0,88,171
02/12/2002,SAF,NM,ASW,WE,Federal Contract Tower,0,15,14,0,29,0,1,46,6,53,0,16,60,6,82,32,8,40,122
02/13/2002,SAF,NM,ASW,WE,Federal Contract Tower,0,15,20,2,37,0,0,45,16,61,0,15,65,18,98,104,14,118,216
02/14/2002,SAF,NM,ASW,WE,Federal Contract Tower,0,17,23,0,40,0,0,55,8,63,0,17,78,8,103,84,0,84,187
02/15/2002,SAF,NM,ASW,WE,Federal Contract Tower,0,24,30,2,56,0,0,77,0,77,0,24,107,2,133,106,0,106,239
02/16/2002,SAF,NM,ASW,WE,Federal Contract Tower,0,15,18,0,33,0,1,153,0,154,0,16,171,0,187,214,0,214,401
02/17/2002,SAF,NM,ASW,WE,Federal Contract Tower,0,20,26,8,54,0,0,139,0,139,0,20,165,8,193,162,4,166,359
02/18/2002,SAF,NM,ASW,WE,Federal Contract Tower,0,18,31,0,49,0,0,22,0,22,0,18,53,0,71,96,0,96,167
02/19/2002,SAF,NM,ASW,WE,Federal Contract Tower,0,14,14,2,30,0,0,39,2,41,0,14,53,4,71,90,6,96,167
02/20/2002,SAF,NM,ASW,WE,Federal Contract Tower,0,17,26,0,43,0,1,50,9,60,0,18,76,9,103,78,14,92,195
02/21/2002,SAF,NM,ASW,WE,Federal Contract Tower,0,17,23,1,41,0,2,64,8,74,0,19,87,9,115,154,4,158,273
02/22/2002,SAF,NM,ASW,WE,Federal Contract Tower,0,21,20,2,43,0,0,120,13,133,0,21,140,15,176,154,26,180,356
02/23/2002,SAF,NM,ASW,WE,Federal Contract Tower,0,19,17,1,37,0,0,111,4,115,0,19,128,5,152,202,8,210,362
02/24/2002,SAF,NM,ASW,WE,Federal Contract Tower,0,18,16,0,34,0,0,58,0,58,0,18,74,0,92,114,0,114,206
02/25/2002,SAF,NM,ASW,WE,Federal Contract Tower,0,14,12,2,28,0,1,22,0,23,0,15,34,2,51,18,0,18,69
02/26/2002,SAF,NM,ASW,WE,Federal Contract Tower,0,14,18,0,32,0,0,67,6,73,0,14,85,6,105,164,0,164,269
02/27/2002,SAF,NM,ASW,WE,Federal Contract Tower,0,17,14,0,31,0,0,56,7,63,0,17,70,7,94,168,14,182,276
02/28/2002,SAF,NM,ASW,WE,Federal Contract Tower,0,16,17,1,34,0,0,102,14,116,0,16,119,15,150,196,8,204,354
03/01/2002,SAF,NM,ASW,WE,Federal Contract Tower,0,13,19,1,33,0,1,27,1,29,0,14,46,2,62,44,0,44,106
03/02/2002,SAF,NM,ASW,WE,Federal Contract Tower,0,10,15,1,26,0,1,70,16,87,0,11,85,17,113,244,6,250,363
03/03/2002,SAF,NM,ASW,WE,Federal Contract Tower,0,15,28,1,44,0,2,85,4,91,0,17,113,5,135,230,12,242,377
03/04/2002,SAF,NM,ASW,WE,Federal Contract Tower,0,13,10,2,25,0,0,73,0,73,0,13,83,2,98,130,0,130,228
03/05/2002,SAF,NM,ASW,WE,Federal Contract Tower,0,11,21,3,35,0,1,76,1,78,0,12,97,4,113,94,0,94,207
03/06/2002,SAF,NM,ASW,WE,Federal Contract Tower,0,11,18,2,31,0,4,56,0,60,0,15,74,2,91,98,22,120,211
03/07/2002,SAF,NM,ASW,WE,Federal Contract Tower,0,15,17,3,35,0,2,41,7,50,0,17,58,10,85,12,8,20,105
03/08/2002,SAF,NM,ASW,WE,Federal Contract Tower,0,7,28,3,38,0,4,18,5,27,0,11,46,8,65,24,0,24,89
03/09/2002,SAF,NM,ASW,WE,Federal Contract Tower,0,13,12,3,28,0,1,118,7,126,0,14,130,10,154,186,0,186,340
03/10/2002,SAF,NM,ASW,WE,Federal Contract Tower,0,19,26,6,51,0,1,95,0,96,0,20,121,6,147,212,0,212,359
03/11/2002,SAF,NM,ASW,WE,Federal Contract Tower,0,12,21,0,33,0,2,50,0,52,0,14,71,0,85,98,0,98,183
03/12/2002,SAF,NM,ASW,WE,Federal Contract Tower,0,18,16,2,36,0,1,67,0,68,0,19,83,2,104,124,4,128,232
03/13/2002,SAF,NM,ASW,WE,Federal Contract Tower,0,13,15,2,30,0,2,80,1,83,0,15,95,3,113,196,0,196,309
03/14/2002,SAF,NM,ASW,WE,Federal Contract Tower,0,17,32,2,51,0,1,44,4,49,0,18,76,6,100,22,0,22,122
03/15/2002,SAF,NM,ASW,WE,Federal Contract Tower,0,11,37,4,52,0,1,77,1,79,0,12,114,5,131,146,6,152,283
03/16/2002,SAF,NM,ASW,WE,Federal Contract Tower,0,20,22,0,42,0,0,51,0,51,0,20,73,0,93,108,0,108,201
03/17/2002,SAF,NM,ASW,WE,Federal Contract Tower,0,18,29,1,48,0,0,74,0,74,0,18,103,1,122,154,0,154,276
03/18/2002,SAF,NM,ASW,WE,Federal Contract Tower,0,17,22,0,39,0,0,52,0,52,0,17,74,0,91,90,0,90,181
03/19/2002,SAF,NM,ASW,WE,Federal Contract Tower,0,16,20,3,39,0,0,64,0,64,0,16,84,3,103,68,0,68,171
03/20/2002,SAF,NM,ASW,WE,Federal Contract Tower,0,20,29,1,50,0,3,63,4,70,0,23,92,5,120,78,10,88,208
03/21/2002,SAF,NM,ASW,WE,Federal Contract Tower,0,11,15,5,31,0,0,95,4,99,0,11,110,9,130,102,2,104,234
03/22/2002,SAF,NM,ASW,WE,Federal Contract Tower,0,20,27,3,50,0,1,105,1,107,0,21,132,4,157,102,14,116,273
03/23/2002,SAF,NM,ASW,WE,Federal Contract Tower,0,13,21,3,37,0,1,50,3,54,0,14,71,6,91,62,0,62,153
03/24/2002,SAF,NM,ASW,WE,Federal Contract Tower,0,24,26,3,53,0,0,52,7,59,0,24,78,10,112,90,14,104,216
03/25/2002,SAF,NM,ASW,WE,Federal Contract Tower,0,11,21,2,34,0,1,23,4,28,0,12,44,6,62,24,36,60,122
03/26/2002,SAF,NM,ASW,WE,Federal Contract Tower,0,12,20,2,34,0,1,93,3,97,0,13,113,5,131,114,0,114,245
03/27/2002,SAF,NM,ASW,WE,Federal Contract Tower,0,15,27,2,44,0,1,56,2,59,0,16,83,4,103,54,6,60,163
03/28/2002,SAF,NM,ASW,WE,Federal Contract Tower,0,16,25,2,43,0,1,83,4,88,0,17,108,6,131,78,0,78,209
03/29/2002,SAF,NM,ASW,WE,Federal Contract Tower,0,14,8,2,24,0,0,80,0,80,0,14,88,2,104,144,4,148,252
03/30/2002,SAF,NM,ASW,WE,Federal Contract Tower,0,11,18,0,29,0,0,81,0,81,0,11,99,0,110,164,0,164,274
03/31/2002,SAF,NM,ASW,WE,Federal Contract Tower,0,19,24,0,43,0,0,109,0,109,0,19,133,0,152,74,0,74,226
04/01/2002,SAF,NM,ASW,WE,Federal Contract Tower,0,14,31,0,45,0,0,56,0,56,0,14,87,0,101,54,0,54,155
04/02/2002,SAF,NM,ASW,WE,Federal Contract Tower,0,13,7,4,24,0,0,68,0,68,0,13,75,4,92,90,0,90,182
04/03/2002,SAF,NM,ASW,WE,Federal Contract Tower,0,16,25,4,45,0,2,66,0,68,0,18,91,4,113,160,0,160,273
04/04/2002,SAF,NM,ASW,WE,Federal Contract Tower,0,19,18,4,41,0,1,91,9,101,0,20,109,13,142,152,10,162,304
04/05/2002,SAF,NM,ASW,WE,Federal Contract Tower,0,20,16,2,38,0,5,98,6,109,0,25,114,8,147,148,12,160,307
04/06/2002,SAF,NM,ASW,WE,Federal Contract Tower,0,12,15,0,27,0,0,60,4,64,0,12,75,4,91,140,14,154,245
04/07/2002,SAF,NM,ASW,WE,Federal Contract Tower,0,24,30,0,54,0,0,21,8,29,0,24,51,8,83,8,2,10,93
04/08/2002,SAF,NM,ASW,WE,Federal Contract Tower,0,15,21,2,38,0,0,65,1,66,0,15,86,3,104,162,0,162,266
04/09/2002,SAF,NM,ASW,WE,Federal Contract Tower,0,16,8,0,24,0,1,79,1,81,0,17,87,1,105,154,2,156,261
04/10/2002,SAF,NM,ASW,WE,Federal Contract Tower,0,18,5,4,27,0,4,68,4,76,0,22,73,8,103,42,6,48,151
04/11/2002,SAF,NM,ASW,WE,Federal Contract Tower,0,13,25,6,44,0,1,66,7,74,0,14,91,13,118,78,4,82,200
04/12/2002,SAF,NM,ASW,WE,Federal Contract Tower,0,12,30,2,44,0,0,69,6,75,0,12,99,8,119,156,0,156,275
04/13/2002,SAF,NM,ASW,WE,Federal Contract Tower,0,12,17,2,31,0,0,89,1,90,0,12,106,3,121,110,0,110,231
04/14/2002,SAF,NM,ASW,WE,Federal Contract Tower,0,18,25,4,47,0,0,93,2,95,0,18,118,6,142,120,2,122,264
04/15/2002,SAF,NM,ASW,WE,Federal Contract Tower,0,21,20,0,41,0,0,56,1,57,0,21,76,1,98,109,0,109,207
04/16/2002,SAF,NM,ASW,WE,Federal Contract Tower,0,15,15,1,31,0,1,30,3,34,0,16,45,4,65,8,12,20,85
04/17/2002,SAF,NM,ASW,WE,Federal Contract Tower,0,19,20,1,40,0,0,42,2,44,0,19,62,3,84,104,0,104,188
04/18/2002,SAF,NM,ASW,WE,Federal Contract Tower,0,24,26,1,51,0,4,77,2,83,0,28,103,3,134,110,0,110,244
04/19/2002,SAF,NM,ASW,WE,Federal Contract Tower,0,14,21,5,40,0,3,56,4,63,0,17,77,9,103,168,0,168,271
04/20/2002,SAF,NM,ASW,WE,Federal Contract Tower,0,6,13,0,19,0,0,25,1,26,0,6,38,1,45,70,2,72,117
04/21/2002,SAF,NM,ASW,WE,Federal Contract Tower,0,22,29,0,51,0,0,104,2,106,0,22,133,2,157,146,0,146,303
04/22/2002,SAF,NM,ASW,WE,Federal Contract Tower,0,11,12,0,23,0,0,52,2,54,0,11,64,2,77,102,2,104,181
04/23/2002,SAF,NM,ASW,WE,Federal Contract Tower,0,12,15,4,31,0,0,69,0,69,0,12,84,4,100,92,0,92,192
04/24/2002,SAF,NM,ASW,WE,Federal Contract Tower,0,13,39,0,52,0,0,72,3,75,0,13,111,3,127,102,10,112,239
04/25/2002,SAF,NM,ASW,WE,Federal Contract Tower,0,12,30,3,45,0,1,58,3,62,0,13,88,6,107,188,12,200,307
04/26/2002,SAF,NM,ASW,WE,Federal Contract Tower,0,18,26,0,44,0,1,71,2,74,0,19,97,2,118,144,6,150,268
04/27/2002,SAF,NM,ASW,WE,Federal Contract Tower,0,10,10,0,20,0,4,45,0,49,0,14,55,0,69,138,0,138,207
04/28/2002,SAF,NM,ASW,WE,Federal Contract Tower,0,16,27,0,43,0,0,101,0,101,0,16,128,0,144,160,0,160,304
04/29/2002,SAF,NM,ASW,WE,Federal Contract Tower,0,13,18,3,34,0,1,68,0,69,0,14,86,3,103,140,0,140,243
04/30/2002,SAF,NM,ASW,WE,Federal Contract Tower,0,17,8,1,26,0,1,7,1,9,0,18,15,2,35,70,0,70,105
05/01/2002,SAF,NM,ASW,WE,Federal Contract Tower,0,16,23,0,39,0,0,56,0,56,0,16,79,0,95,100,0,100,195
05/02/2002,SAF,NM,ASW,WE,Federal Contract Tower,0,21,20,2,43,0,0,43,1,44,0,21,63,3,87,120,2,122,209
05/03/2002,SAF,NM,ASW,WE,Federal Contract Tower,0,18,28,6,52,0,1,90,4,95,0,19,118,10,147,192,0,192,339
05/04/2002,SAF,NM,ASW,WE,Federal Contract Tower,0,11,17,2,30,0,0,118,0,118,0,11,135,2,148,188,0,188,336
05/05/2002,SAF,NM,ASW,WE,Federal Contract Tower,0,25,18,2,45,0,1,117,2,120,0,26,135,4,165,212,0,212,377
05/06/2002,SAF,NM,ASW,WE,Federal Contract Tower,0,18,25,0,43,0,2,81,0,83,0,20,106,0,126,112,0,112,238
05/07/2002,SAF,NM,ASW,WE,Federal Contract Tower,0,15,8,0,23,0,0,132,0,132,0,15,140,0,155,108,0,108,263
05/08/2002,SAF,NM,ASW,WE,Federal Contract Tower,0,17,13,0,30,0,0,92,1,93,0,17,105,1,123,156,2,158,281
05/09/2002,SAF,NM,ASW,WE,Federal Contract Tower,0,13,17,2,32,0,0,101,6,107,0,13,118,8,139,148,10,158,297
05/10/2002,SAF,NM,ASW,WE,Federal Contract Tower,0,15,40,0,55,0,0,84,2,86,0,15,124,2,141,188,0,188,329
05/11/2002,SAF,NM,ASW,WE,Federal Contract Tower,0,10,13,0,23,0,3,94,2,99,0,13,107,2,122,144,8,152,274
05/12/2002,SAF,NM,ASW,WE,Federal Contract Tower,0,19,24,2,45,0,0,68,2,70,0,19,92,4,115,116,2,118,233
05/13/2002,SAF,NM,ASW,WE,Federal Contract Tower,0,16,18,1,35,0,0,57,3,60,0,16,75,4,95,156,0,156,251
05/14/2002,SAF,NM,ASW,WE,Federal Contract Tower,0,13,23,2,38,0,0,103,0,103,0,13,126,2,141,130,0,130,271
05/15/2002,SAF,NM,ASW,WE,Federal Contract Tower,0,18,23,0,41,0,0,114,4,118,0,18,137,4,159,170,4,174,333
05/16/2002,SAF,NM,ASW,WE,Federal Contract Tower,0,19,18,2,39,0,1,100,8,109,0,20,118,10,148,140,16,156,304
05/17/2002,SAF,NM,ASW,WE,Federal Contract Tower,0,13,40,2,55,0,0,79,2,81,0,13,119,4,136,152,0,152,288
05/18/2002,SAF,NM,ASW,WE,Federal Contract Tower,0,13,17,2,32,0,1,97,2,100,0,14,114,4,132,141,0,141,273
05/19/2002,SAF,NM,ASW,WE,Federal Contract Tower,0,24,33,0,57,0,0,79,0,79,0,24,112,0,136,166,0,166,302
05/20/2002,SAF,NM,ASW,WE,Federal Contract Tower,0,16,15,3,34,0,1,80,0,81,0,17,95,3,115,210,0,210,325
05/21/2002,SAF,NM,ASW,WE,Federal Contract Tower,0,16,14,0,30,0,0,36,5,41,0,16,50,5,71,14,2,16,87
05/22/2002,SAF,NM,ASW,WE,Federal Contract Tower,0,19,20,0,39,0,0,103,4,107,0,19,123,4,146,138,6,144,290
05/23/2002,SAF,NM,ASW,WE,Federal Contract Tower,0,19,32,0,51,0,1,151,10,162,0,20,183,10,213,178,8,186,399
05/24/2002,SAF,NM,ASW,WE,Federal Contract Tower,0,17,29,0,46,0,2,159,2,163,0,19,188,2,209,202,12,214,423
05/25/2002,SAF,NM,ASW,WE,Federal Contract Tower,0,11,22,0,33,0,1,111,0,112,0,12,133,0,145,182,0,182,327
05/26/2002,SAF,NM,ASW,WE,Federal Contract Tower,0,11,20,0,31,0,1,95,0,96,0,12,115,0,127,142,0,142,269
05/27/2002,SAF,NM,ASW,WE,Federal Contract Tower,0,17,35,2,54,0,0,78,2,80,0,17,113,4,134,162,2,164,298
05/28/2002,SAF,NM,ASW,WE,Federal Contract Tower,0,16,21,0,37,0,0,84,5,89,0,16,105,5,126,116,2,118,244
05/29/2002,SAF,NM,ASW,WE,Federal Contract Tower,0,16,21,0,37,0,0,92,0,92,0,16,113,0,129,116,0,116,245
05/30/2002,SAF,NM,ASW,WE,Federal Contract Tower,0,16,22,0,38,0,0,101,11,112,0,16,123,11,150,144,6,150,300
05/31/2002,SAF,NM,ASW,WE,Federal Contract Tower,0,12,27,0,39,0,0,128,7,135,0,12,155,7,174,184,0,184,358
06/01/2002,SAF,NM,ASW,WE,Federal Contract Tower,0,12,26,0,38,0,0,94,3,97,0,12,120,3,135,136,2,138,273
06/02/2002,SAF,NM,ASW,WE,Federal Contract Tower,0,21,30,0,51,0,0,129,10,139,0,21,159,10,190,102,24,126,316
06/03/2002,SAF,NM,ASW,WE,Federal Contract Tower,0,8,13,2,23,0,1,118,4,123,0,9,131,6,146,96,4,100,246
06/04/2002,SAF,NM,ASW,WE,Federal Contract Tower,0,14,15,2,31,0,0,58,1,59,0,14,73,3,90,88,0,88,178
06/05/2002,SAF,NM,ASW,WE,Federal Contract Tower,0,16,30,0,46,0,1,83,3,87,0,17,113,3,133,100,0,100,233
06/06/2002,SAF,NM,ASW,WE,Federal Contract Tower,0,18,25,0,43,0,0,102,11,113,0,18,127,11,156,182,4,186,342
06/07/2002,SAF,NM,ASW,WE,Federal Contract Tower,0,19,12,2,33,0,2,125,6,133,0,21,137,8,166,186,0,186,352
06/08/2002,SAF,NM,ASW,WE,Federal Contract Tower,0,18,24,0,42,0,3,121,2,126,0,21,145,2,168,204,0,204,372
06/09/2002,SAF,NM,ASW,WE,Federal Contract Tower,0,26,23,0,49,0,2,70,1,73,0,28,93,1,122,48,0,48,170
06/10/2002,SAF,NM,ASW,WE,Federal Contract Tower,0,15,21,2,38,0,1,105,0,106,0,16,126,2,144,132,0,132,276
06/11/2002,SAF,NM,ASW,WE,Federal Contract Tower,0,13,20,0,33,0,1,128,2,131,0,14,148,2,164,160,0,160,324
06/12/2002,SAF,NM,ASW,WE,Federal Contract Tower,0,17,24,4,45,0,0,108,8,116,0,17,132,12,161,124,58,182,343
06/13/2002,SAF,NM,ASW,WE,Federal Contract Tower,0,17,23,1,41,0,0,122,23,145,0,17,145,24,186,128,46,174,360
06/14/2002,SAF,NM,ASW,WE,Federal Contract Tower,0,17,30,0,47,0,0,113,5,118,0,17,143,5,165,198,14,212,377
06/15/2002,SAF,NM,ASW,WE,Federal Contract Tower,0,15,22,2,39,0,0,123,1,124,0,15,145,3,163,168,12,180,343
06/16/2002,SAF,NM,ASW,WE,Federal Contract Tower,0,19,25,0,44,0,0,155,0,155,0,19,180,0,199,190,0,190,389
06/17/2002,SAF,NM,ASW,WE,Federal Contract Tower,0,17,17,2,36,0,0,117,6,123,0,17,134,8,159,150,14,164,323
06/18/2002,SAF,NM,ASW,WE,Federal Contract Tower,0,16,22,2,40,0,0,144,5,149,0,16,166,7,189,124,0,124,313
06/19/2002,SAF,NM,ASW,WE,Federal Contract Tower,0,19,22,2,43,0,1,127,0,128,0,20,149,2,171,54,0,54,225
06/20/2002,SAF,NM,ASW,WE,Federal Contract Tower,0,16,20,0,36,0,1,112,2,115,0,17,132,2,151,160,0,160,311
06/21/2002,SAF,NM,ASW,WE,Federal Contract Tower,0,25,29,1,55,0,2,134,8,144,0,27,163,9,199,150,0,150,349
06/22/2002,SAF,NM,ASW,WE,Federal Contract Tower,0,12,19,0,31,0,1,100,1,102,0,13,119,1,133,160,0,160,293
06/23/2002,SAF,NM,ASW,WE,Federal Contract Tower,0,26,33,0,59,0,0,114,4,118,0,26,147,4,177,96,8,104,281
06/24/2002,SAF,NM,ASW,WE,Federal Contract Tower,0,16,30,0,46,0,0,78,2,80,0,16,108,2,126,106,0,106,232
06/25/2002,SAF,NM,ASW,WE,Federal Contract Tower,0,10,31,0,41,0,2,112,2,116,0,12,143,2,157,102,0,102,259
06/26/2002,SAF,NM,ASW,WE,Federal Contract Tower,0,19,35,0,54,0,1,96,3,100,0,20,131,3,154,172,0,172,326
06/27/2002,SAF,NM,ASW,WE,Federal Contract Tower,0,27,37,1,65,0,2,99,2,103,0,29,136,3,168,182,0,182,350
06/28/2002,SAF,NM,ASW,WE,Federal Contract Tower,0,20,28,0,48,0,0,96,2,98,0,20,124,2,146,110,0,110,256
06/29/2002,SAF,NM,ASW,WE,Federal Contract Tower,0,0,16,0,16,0,0,0,147,147,0,0,16,147,163,170,0,170,333
06/30/2002,SAF,NM,ASW,WE,Federal Contract Tower,0,31,26,2,59,0,0,98,0,98,0,31,124,2,157,120,0,120,277
07/01/2002,SAF,NM,ASW,WE,Federal Contract Tower,0,23,20,2,45,0,2,100,6,108,0,25,120,8,153,102,4,106,259
07/02/2002,SAF,NM,ASW,WE,Federal Contract Tower,0,17,24,0,41,0,0,102,5,107,0,17,126,5,148,92,6,98,246
07/03/2002,SAF,NM,ASW,WE,Federal Contract Tower,0,14,30,2,46,0,2,79,2,83,0,16,109,4,129,164,0,164,293
07/04/2002,SAF,NM,ASW,WE,Federal Contract Tower,0,13,14,0,27,0,2,95,2,99,0,15,109,2,126,138,0,138,264
07/05/2002,SAF,NM,ASW,WE,Federal Contract Tower,0,16,23,2,41,0,1,79,1,81,0,17,102,3,122,148,0,148,270
07/06/2002,SAF,NM,ASW,WE,Federal Contract Tower,0,22,23,0,45,0,2,83,0,85,0,24,106,0,130,176,0,176,306
07/07/2002,SAF,NM,ASW,WE,Federal Contract Tower,0,27,50,1,78,0,4,70,0,74,0,31,120,1,152,138,0,138,290
07/08/2002,SAF,NM,ASW,WE,Federal Contract Tower,0,10,23,0,33,0,0,71,0,71,0,10,94,0,104,120,0,120,224
07/09/2002,SAF,NM,ASW,WE,Federal Contract Tower,0,13,16,0,29,0,3,78,1,82,0,16,94,1,111,80,0,80,191
07/10/2002,SAF,NM,ASW,WE,Federal Contract Tower,0,18,27,3,48,0,1,49,4,54,0,19,76,7,102,58,10,68,170
07/11/2002,SAF,NM,ASW,WE,Federal Contract Tower,0,13,20,1,34,0,0,63,16,79,0,13,83,17,113,82,20,102,215
07/12/2002,SAF,NM,ASW,WE,Federal Contract Tower,0,15,20,5,40,0,1,94,13,108,0,16,114,18,148,150,4,154,302
07/13/2002,SAF,NM,ASW,WE,Federal Contract Tower,0,13,17,1,31,0,2,110,18,130,0,15,127,19,161,174,0,174,335
07/14/2002,SAF,NM,ASW,WE,Federal Contract Tower,0,30,26,1,57,0,2,64,4,70,0,32,90,5,127,74,2,76,203
07/15/2002,SAF,NM,ASW,WE,Federal Contract Tower,0,20,25,0,45,0,0,65,2,67,0,20,90,2,112,150,0,150,262
07/16/2002,SAF,NM,ASW,WE,Federal Contract Tower,0,15,15,2,32,0,0,75,1,76,0,15,90,3,108,128,0,128,236
07/17/2002,SAF,NM,ASW,WE,Federal Contract Tower,0,24,16,2,42,0,0,76,5,81,0,24,92,7,123,134,12,146,269
07/18/2002,SAF,NM,ASW,WE,Federal Contract Tower,0,20,34,3,57,0,2,77,14,93,0,22,111,17,150,130,12,142,292
07/19/2002,SAF,NM,ASW,WE,Federal Contract Tower,0,17,21,2,40,0,0,96,6,102,0,17,117,8,142,148,0,148,290
07/20/2002,SAF,NM,ASW,WE,Federal Contract Tower,0,13,13,0,26,0,0,87,0,87,0,13,100,0,113,194,0,194,307
07/21/2002,SAF,NM,ASW,WE,Federal Contract Tower,0,24,35,0,59,0,0,88,2,90,0,24,123,2,149,52,0,52,201
07/22/2002,SAF,NM,ASW,WE,Federal Contract Tower,0,17,27,0,44,0,0,34,0,34,0,17,61,0,78,100,0,100,178
07/23/2002,SAF,NM,ASW,WE,Federal Contract Tower,0,17,14,0,31,0,0,60,4,64,0,17,74,4,95,98,20,118,213
07/24/2002,SAF,NM,ASW,WE,Federal Contract Tower,0,26,29,0,55,0,2,71,6,79,0,28,100,6,134,120,36,156,290
07/25/2002,SAF,NM,ASW,WE,Federal Contract Tower,0,21,39,4,64,0,2,70,13,85,0,23,109,17,149,108,6,114,263
07/26/2002,SAF,NM,ASW,WE,Federal Contract Tower,0,23,26,1,50,0,3,61,1,65,0,26,87,2,115,116,0,116,231
07/27/2002,SAF,NM,ASW,WE,Federal Contract Tower,0,14,27,0,41,0,0,93,2,95,0,14,120,2,136,186,0,186,322
07/28/2002,SAF,NM,ASW,WE,Federal Contract Tower,0,31,35,0,66,0,2,107,0,109,0,33,142,0,175,120,0,120,295
07/29/2002,SAF,NM,ASW,WE,Federal Contract Tower,0,17,19,2,38,0,3,70,3,76,0,20,89,5,114,100,8,108,222
07/30/2002,SAF,NM,ASW,WE,Federal Contract Tower,0,19,12,0,31,0,0,65,1,66,0,19,77,1,97,72,0,72,169
07/31/2002,SAF,NM,ASW,WE,Federal Contract Tower,0,18,34,2,54,0,1,56,3,60,0,19,90,5,114,98,4,102,216
08/01/2002,SAF,NM,ASW,WE,Federal Contract Tower,0,19,32,0,51,0,3,68,14,85,0,22,100,14,136,112,6,118,254
08/02/2002,SAF,NM,ASW,WE,Federal Contract Tower,0,27,26,2,55,0,0,94,7,101,0,27,120,9,156,164,2,166,322
08/03/2002,SAF,NM,ASW,WE,Federal Contract Tower,0,17,40,2,59,0,1,46,9,56,0,18,86,11,115,124,4,128,243
08/04/2002,SAF,NM,ASW,WE,Federal Contract Tower,0,24,33,0,57,0,1,85,9,95,0,25,118,9,152,48,0,48,200
08/05/2002,SAF,NM,ASW,WE,Federal Contract Tower,0,16,30,2,48,0,1,82,0,83,0,17,112,2,131,144,0,144,275
08/06/2002,SAF,NM,ASW,WE,Federal Contract Tower,0,23,34,0,57,0,1,80,13,94,0,24,114,13,151,68,4,72,223
08/07/2002,SAF,NM,ASW,WE,Federal Contract Tower,0,28,33,4,65,0,2,64,6,72,0,30,97,10,137,126,0,126,263
08/08/2002,SAF,NM,ASW,WE,Federal Contract Tower,0,16,34,2,52,0,1,88,6,95,0,17,122,8,147,162,0,162,309
08/09/2002,SAF,NM,ASW,WE,Federal Contract Tower,0,19,32,0,51,0,4,81,4,89,0,23,113,4,140,160,0,160,300
08/10/2002,SAF,NM,ASW,WE,Federal Contract Tower,0,20,23,1,44,0,3,75,1,79,0,23,98,2,123,104,0,104,227
08/11/2002,SAF,NM,ASW,WE,Federal Contract Tower,0,27,51,0,78,0,1,93,0,94,0,28,144,0,172,84,0,84,256
08/12/2002,SAF,NM,ASW,WE,Federal Contract Tower,0,22,31,2,55,0,1,81,2,84,0,23,112,4,139,138,2,140,279
08/13/2002,SAF,NM,ASW,WE,Federal Contract Tower,0,28,17,0,45,0,1,90,3,94,0,29,107,3,139,144,0,144,283
08/14/2002,SAF,NM,ASW,WE,Federal Contract Tower,0,13,28,5,46,0,2,77,5,84,0,15,105,10,130,98,6,104,234
08/15/2002,SAF,NM,ASW,WE,Federal Contract Tower,0,15,35,4,54,0,1,101,4,106,0,16,136,8,160,182,20,202,362
08/16/2002,SAF,NM,ASW,WE,Federal Contract Tower,0,20,25,2,47,0,2,103,5,110,0,22,128,7,157,196,2,198,355
08/17/2002,SAF,NM,ASW,WE,Federal Contract Tower,0,21,29,0,50,0,1,106,0,107,0,22,135,0,157,154,0,154,311
08/18/2002,SAF,NM,ASW,WE,Federal Contract Tower,0,23,46,1,70,0,0,76,4,80,0,23,122,5,150,52,0,52,202
08/19/2002,SAF,NM,ASW,WE,Federal Contract Tower,0,14,36,4,54,0,0,63,0,63,0,14,99,4,117,96,0,96,213
08/20/2002,SAF,NM,ASW,WE,Federal Contract Tower,0,18,22,0,40,0,0,73,4,77,0,18,95,4,117,98,0,98,215
08/21/2002,SAF,NM,ASW,WE,Federal Contract Tower,0,16,18,1,35,0,1,83,12,96,0,17,101,13,131,134,2,136,267
08/22/2002,SAF,NM,ASW,WE,Federal Contract Tower,0,22,31,3,56,0,2,78,13,93,0,24,109,16,149,100,0,100,249
08/23/2002,SAF,NM,ASW,WE,Federal Contract Tower,0,18,24,3,45,0,4,109,2,115,0,22,133,5,160,106,0,106,266
08/24/2002,SAF,NM,ASW,WE,Federal Contract Tower,0,22,19,0,41,0,1,113,1,115,0,23,132,1,156,218,2,220,376
08/25/2002,SAF,NM,ASW,WE,Federal Contract Tower,0,28,32,0,60,0,0,119,0,119,0,28,151,0,179,200,0,200,379
08/26/2002,SAF,NM,ASW,WE,Federal Contract Tower,0,14,19,2,35,0,0,48,11,59,0,14,67,13,94,62,14,76,170
08/27/2002,SAF,NM,ASW,WE,Federal Contract Tower,0,10,13,3,26,0,1,80,7,88,0,11,93,10,114,130,6,136,250
08/28/2002,SAF,NM,ASW,WE,Federal Contract Tower,0,23,24,1,48,0,0,58,7,65,0,23,82,8,113,62,10,72,185
08/29/2002,SAF,NM,ASW,WE,Federal Contract Tower,0,14,31,1,46,0,3,75,6,84,0,17,106,7,130,134,14,148,278
08/30/2002,SAF,NM,ASW,WE,Federal Contract Tower,0,14,29,5,48,0,1,125,4,130,0,15,154,9,178,104,2,106,284
08/31/2002,SAF,NM,ASW,WE,Federal Contract Tower,0,18,22,0,40,0,0,119,0,119,0,18,141,0,159,70,0,70,229
09/01/2002,SAF,NM,ASW,WE,Federal Contract Tower,0,18,21,1,40,0,0,102,1,103,0,18,123,2,143,122,0,122,265
09/02/2002,SAF,NM,ASW,WE,Federal Contract Tower,0,27,44,0,71,0,0,106,0,106,0,27,150,0,177,100,0,100,277
09/03/2002,SAF,NM,ASW,WE,Federal Contract Tower,2,22,12,2,38,0,0,62,0,62,2,22,74,2,100,50,0,50,150
09/04/2002,SAF,NM,ASW,WE,Federal Contract Tower,0,13,22,2,37,0,0,64,3,67,0,13,86,5,104,30,4,34,138
09/05/2002,SAF,NM,ASW,WE,Federal Contract Tower,0,12,22,2,36,0,1,109,9,119,0,13,131,11,155,186,8,194,349
09/06/2002,SAF,NM,ASW,WE,Federal Contract Tower,0,19,24,12,55,0,0,107,10,117,0,19,131,22,172,100,56,156,328
09/07/2002,SAF,NM,ASW,WE,Federal Contract Tower,0,12,13,1,26,0,0,89,27,116,0,12,102,28,142,130,68,198,340
09/08/2002,SAF,NM,ASW,WE,Federal Contract Tower,0,13,31,3,47,0,2,81,2,85,0,15,112,5,132,112,2,114,246
09/09/2002,SAF,NM,ASW,WE,Federal Contract Tower,0,11,30,1,42,0,0,72,3,75,0,11,102,4,117,136,2,138,255
09/10/2002,SAF,NM,ASW,WE,Federal Contract Tower,0,16,24,2,42,0,0,15,4,19,0,16,39,6,61,4,24,28,89
09/11/2002,SAF,NM,ASW,WE,Federal Contract Tower,0,23,33,0,56,0,2,15,11,28,0,25,48,11,84,22,28,50,134
09/12/2002,SAF,NM,ASW,WE,Federal Contract Tower,0,13,30,4,47,0,1,56,3,60,0,14,86,7,107,108,4,112,219
09/13/2002,SAF,NM,ASW,WE,Federal Contract Tower,0,20,29,4,53,0,2,81,4,87,0,22,110,8,140,164,18,182,322
09/14/2002,SAF,NM,ASW,WE,Federal Contract Tower,0,19,17,0,36,0,1,87,4,92,0,20,104,4,128,102,0,102,230
09/15/2002,SAF,NM,ASW,WE,Federal Contract Tower,0,21,23,0,44,0,0,96,0,96,0,21,119,0,140,130,0,130,270
09/16/2002,SAF,NM,ASW,WE,Federal Contract Tower,0,19,20,2,41,0,0,64,0,64,0,19,84,2,105,130,0,130,235
09/17/2002,SAF,NM,ASW,WE,Federal Contract Tower,0,12,18,3,33,0,0,45,4,49,0,12,63,7,82,44,12,56,138
09/18/2002,SAF,NM,ASW,WE,Federal Contract Tower,0,20,29,0,49,0,4,26,0,30,0,24,55,0,79,6,0,6,85
09/19/2002,SAF,NM,ASW,WE,Federal Contract Tower,0,14,33,2,49,0,0,84,7,91,0,14,117,9,140,92,4,96,236
09/20/2002,SAF,NM,ASW,WE,Federal Contract Tower,0,27,31,1,59,0,0,101,9,110,0,27,132,10,169,116,20,136,305
09/21/2002,SAF,NM,ASW,WE,Federal Contract Tower,0,24,14,2,40,0,1,203,3,207,0,25,217,5,247,158,0,158,405
09/22/2002,SAF,NM,ASW,WE,Federal Contract Tower,0,20,25,2,47,0,0,81,4,85,0,20,106,6,132,172,6,178,310
09/23/2002,SAF,NM,ASW,WE,Federal Contract Tower,0,18,23,2,43,0,2,72,4,78,0,20,95,6,121,86,24,110,231
09/24/2002,SAF,NM,ASW,WE,Federal Contract Tower,0,16,25,0,41,0,0,62,1,63,0,16,87,1,104,104,0,104,208
09/25/2002,SAF,NM,ASW,WE,Federal Contract Tower,0,19,27,3,49,0,0,72,2,74,0,19,99,5,123,126,0,126,249
09/26/2002,SAF,NM,ASW,WE,Federal Contract Tower,0,20,37,1,58,0,0,62,1,63,0,20,99,2,121,122,0,122,243
09/27/2002,SAF,NM,ASW,WE,Federal Contract Tower,0,24,23,4,51,0,0,91,4,95,0,24,114,8,146,88,6,94,240
09/28/2002,SAF,NM,ASW,WE,Federal Contract Tower,0,17,17,0,34,0,0,81,0,81,0,17,98,0,115,136,0,136,251
09/29/2002,SAF,NM,ASW,WE,Federal Contract Tower,0,39,36,5,80,0,1,79,3,83,0,40,115,8,163,92,0,92,255
09/30/2002,SAF,NM,ASW,WE,Federal Contract Tower,0,14,13,0,27,0,0,71,2,73,0,14,84,2,100,134,0,134,234
10/01/2002,SAF,NM,ASW,WE,Federal Contract Tower,0,18,20,6,44,0,0,53,0,53,0,18,73,6,97,78,0,78,175
10/02/2002,SAF,NM,ASW,WE,Federal Contract Tower,0,26,20,3,49,0,1,42,3,46,0,27,62,6,95,62,0,62,157
10/03/2002,SAF,NM,ASW,WE,Federal Contract Tower,0,18,21,7,46,0,5,35,13,53,0,23,56,20,99,58,4,62,161
10/04/2002,SAF,NM,ASW,WE,Federal Contract Tower,0,21,27,2,50,0,0,123,16,139,0,21,150,18,189,116,32,148,337
10/05/2002,SAF,NM,ASW,WE,Federal Contract Tower,0,17,29,0,46,0,4,88,23,115,0,21,117,23,161,188,26,214,375
10/06/2002,SAF,NM,ASW,WE,Federal Contract Tower,0,22,28,2,52,0,1,118,17,136,0,23,146,19,188,168,16,184,372
10/07/2002,SAF,NM,ASW,WE,Federal Contract Tower,0,13,27,1,41,0,0,64,4,68,0,13,91,5,109,88,4,92,201
10/08/2002,SAF,NM,ASW,WE,Federal Contract Tower,0,13,20,0,33,0,0,77,1,78,0,13,97,1,111,40,0,40,151
10/09/2002,SAF,NM,ASW,WE,Federal Contract Tower,0,14,34,1,49,0,0,61,0,61,0,14,95,1,110,124,0,124,234
10/10/2002,SAF,NM,ASW,WE,Federal Contract Tower,0,13,33,2,48,0,1,101,10,112,0,14,134,12,160,258,4,262,422
10/11/2002,SAF,NM,ASW,WE,Federal Contract Tower,0,14,39,6,59,0,1,92,2,95,0,15,131,8,154,84,2,86,240
10/12/2002,SAF,NM,ASW,WE,Federal Contract Tower,0,19,13,0,32,0,2,102,1,105,0,21,115,1,137,160,0,160,297
10/13/2002,SAF,NM,ASW,WE,Federal Contract Tower,0,15,30,0,45,0,1,74,1,76,0,16,104,1,121,132,0,132,253
10/14/2002,SAF,NM,ASW,WE,Federal Contract Tower,0,19,23,2,44,0,2,72,2,76,0,21,95,4,120,102,0,102,222
10/15/2002,SAF,NM,ASW,WE,Federal Contract Tower,0,20,24,1,45,0,0,67,1,68,0,20,91,2,113,76,0,76,189
10/16/2002,SAF,NM,ASW,WE,Federal Contract Tower,0,12,18,0,30,0,1,67,8,76,0,13,85,8,106,124,34,158,264
10/17/2002,SAF,NM,ASW,WE,Federal Contract Tower,0,15,38,0,53,0,0,52,2,54,0,15,90,2,107,124,0,124,231
10/18/2002,SAF,NM,ASW,WE,Federal Contract Tower,0,22,36,2,60,0,0,27,2,29,0,22,63,4,89,88,0,88,177
10/19/2002,SAF,NM,ASW,WE,Federal Contract Tower,0,15,12,4,31,0,1,96,1,98,0,16,108,5,129,153,4,157,286
10/20/2002,SAF,NM,ASW,WE,Federal Contract Tower,0,25,26,1,52,0,0,85,0,85,0,25,111,1,137,132,0,132,269
10/21/2002,SAF,NM,ASW,WE,Federal Contract Tower,0,14,27,3,44,0,2,58,3,63,0,16,85,6,107,146,14,160,267
10/22/2002,SAF,NM,ASW,WE,Federal Contract Tower,0,9,20,1,30,0,1,68,3,72,0,10,88,4,102,108,4,112,214
10/23/2002,SAF,NM,ASW,WE,Federal Contract Tower,0,17,16,4,37,0,1,33,4,38,0,18,49,8,75,38,20,58,133
10/24/2002,SAF,NM,ASW,WE,Federal Contract Tower,0,20,21,1,42,0,0,36,11,47,0,20,57,12,89,52,28,80,169
10/25/2002,SAF,NM,ASW,WE,Federal Contract Tower,0,21,28,5,54,0,0,108,5,113,0,21,136,10,167,188,12,200,367
10/26/2002,SAF,NM,ASW,WE,Federal Contract Tower,0,13,20,0,33,0,3,39,2,44,0,16,59,2,77,90,0,90,167
10/27/2002,SAF,NM,ASW,WE,Federal Contract Tower,0,20,26,2,48,0,0,28,0,28,0,20,54,2,76,62,0,62,138
10/28/2002,SAF,NM,ASW,WE,Federal Contract Tower,0,16,34,0,50,0,0,45,4,49,0,16,79,4,99,58,0,58,157
10/29/2002,SAF,NM,ASW,WE,Federal Contract Tower,0,14,24,1,39,0,0,23,7,30,0,14,47,8,69,58,24,82,151
10/30/2002,SAF,NM,ASW,WE,Federal Contract Tower,0,24,27,2,53,0,1,52,2,55,0,25,79,4,108,76,2,78,186
10/31/2002,SAF,NM,ASW,WE,Federal Contract Tower,0,18,15,2,35,0,0,58,0,58,0,18,73,2,93,128,4,132,225
11/01/2002,SAF,NM,ASW,WE,Federal Contract Tower,0,20,29,2,51,0,0,34,1,35,0,20,63,3,86,96,6,102,188
11/02/2002,SAF,NM,ASW,WE,Federal Contract Tower,0,14,26,1,41,0,0,33,5,38,0,14,59,6,79,144,6,150,229
11/03/2002,SAF,NM,ASW,WE,Federal Contract Tower,0,24,26,2,52,0,2,94,3,99,0,26,120,5,151,106,8,114,265
11/04/2002,SAF,NM,ASW,WE,Federal Contract Tower,0,21,24,4,49,0,0,4,0,4,0,21,28,4,53,0,0,0,53
11/05/2002,SAF,NM,ASW,WE,Federal Contract Tower,0,18,17,2,37,0,0,70,1,71,0,18,87,3,108,156,0,156,264
11/06/2002,SAF,NM,ASW,WE,Federal Contract Tower,0,12,8,4,24,0,0,27,3,30,0,12,35,7,54,36,4,40,94
11/07/2002,SAF,NM,ASW,WE,Federal Contract Tower,0,21,9,0,30,0,1,69,3,73,0,22,78,3,103,72,6,78,181
11/08/2002,SAF,NM,ASW,WE,Federal Contract Tower,0,15,29,3,47,0,0,74,3,77,0,15,103,6,124,156,0,156,280
11/09/2002,SAF,NM,ASW,WE,Federal Contract Tower,0,19,5,1,25,0,0,15,0,15,0,19,20,1,40,64,0,64,104
11/10/2002,SAF,NM,ASW,WE,Federal Contract Tower,0,25,20,0,45,0,2,45,0,47,0,27,65,0,92,58,0,58,150
11/11/2002,SAF,NM,ASW,WE,Federal Contract Tower,0,9,15,0,24,0,0,46,6,52,0,9,61,6,76,108,0,108,184
11/12/2002,SAF,NM,ASW,WE,Federal Contract Tower,0,12,26,0,38,0,1,100,10,111,0,13,126,10,149,176,12,188,337
11/13/2002,SAF,NM,ASW,WE,Federal Contract Tower,0,15,17,1,33,0,0,91,2,93,0,15,108,3,126,92,6,98,224
11/14/2002,SAF,NM,ASW,WE,Federal Contract Tower,0,11,17,2,30,0,2,70,7,79,0,13,87,9,109,92,2,94,203
11/15/2002,SAF,NM,ASW,WE,Federal Contract Tower,0,15,21,2,38,0,1,45,18,64,0,16,66,20,102,70,28,98,200
11/16/2002,SAF,NM,ASW,WE,Federal Contract Tower,0,13,9,0,22,0,0,121,12,133,0,13,130,12,155,274,4,278,433
11/17/2002,SAF,NM,ASW,WE,Federal Contract Tower,0,16,20,2,38,0,0,104,8,112,0,16,124,10,150,232,24,256,406
11/18/2002,SAF,NM,ASW,WE,Federal Contract Tower,0,10,12,0,22,0,0,55,3,58,0,10,67,3,80,186,0,186,266
11/19/2002,SAF,NM,ASW,WE,Federal Contract Tower,0,10,12,2,24,0,0,61,16,77,0,10,73,18,101,32,10,42,143
11/20/2002,SAF,NM,ASW,WE,Federal Contract Tower,0,10,19,2,31,0,0,61,2,63,0,10,80,4,94,74,0,74,168
11/21/2002,SAF,NM,ASW,WE,Federal Contract Tower,0,15,25,2,42,0,2,66,5,73,0,17,91,7,115,80,0,80,195
11/22/2002,SAF,NM,ASW,WE,Federal Contract Tower,0,16,30,6,52,0,0,87,7,94,0,16,117,13,146,186,4,190,336
11/23/2002,SAF,NM,ASW,WE,Federal Contract Tower,0,12,10,0,22,0,0,96,12,108,0,12,106,12,130,198,0,198,328
11/24/2002,SAF,NM,ASW,WE,Federal Contract Tower,0,15,31,8,54,0,0,69,0,69,0,15,100,8,123,128,0,128,251
11/25/2002,SAF,NM,ASW,WE,Federal Contract Tower,0,11,12,0,23,0,1,26,1,28,0,12,38,1,51,40,0,40,91
11/26/2002,SAF,NM,ASW,WE,Federal Contract Tower,0,18,34,0,52,0,0,29,6,35,0,18,63,6,87,26,22,48,135
11/27/2002,SAF,NM,ASW,WE,Federal Contract Tower,0,13,21,0,34,0,1,70,6,77,0,14,91,6,111,56,4,60,171
11/28/2002,SAF,NM,ASW,WE,Federal Contract Tower,0,9,7,0,16,0,0,44,0,44,0,9,51,0,60,64,0,64,124
11/29/2002,SAF,NM,ASW,WE,Federal Contract Tower,0,12,7,0,19,0,0,77,0,77,0,12,84,0,96,138,0,138,234
11/30/2002,SAF,NM,ASW,WE,Federal Contract Tower,0,13,21,0,34,0,0,80,0,80,0,13,101,0,114,116,0,116,230
12/01/2002,SAF,NM,ASW,WE,Federal Contract Tower,0,26,39,0,65,0,0,74,0,74,0,26,113,0,139,106,0,106,245
12/02/2002,SAF,NM,ASW,WE,Federal Contract Tower,0,13,12,4,29,0,0,57,3,60,0,13,69,7,89,94,2,96,185
12/03/2002,SAF,NM,ASW,WE,Federal Contract Tower,0,13,11,0,24,0,0,0,1,1,0,13,11,1,25,0,0,0,25
12/04/2002,SAF,NM,ASW,WE,Federal Contract Tower,0,9,21,2,32,0,0,14,5,19,0,9,35,7,51,2,2,4,55
12/05/2002,SAF,NM,ASW,WE,Federal Contract Tower,0,16,26,3,45,0,0,55,3,58,0,16,81,6,103,72,0,72,175
12/06/2002,SAF,NM,ASW,WE,Federal Contract Tower,0,15,26,1,42,0,1,65,12,78,0,16,91,13,120,150,0,150,270
12/07/2002,SAF,NM,ASW,WE,Federal Contract Tower,0,9,10,0,19,0,2,87,1,90,0,11,97,1,109,210,0,210,319
12/08/2002,SAF,NM,ASW,WE,Federal Contract Tower,0,17,16,1,34,0,0,43,12,55,0,17,59,13,89,166,10,176,265
12/09/2002,SAF,NM,ASW,WE,Federal Contract Tower,0,13,15,2,30,0,0,39,1,40,0,13,54,3,70,104,0,104,174
12/10/2002,SAF,NM,ASW,WE,Federal Contract Tower,0,10,16,2,28,0,0,64,3,67,0,10,80,5,95,104,10,114,209
12/11/2002,SAF,NM,ASW,WE,Federal Contract Tower,0,15,18,1,34,0,0,48,3,51,0,15,66,4,85,84,4,88,173
12/12/2002,SAF,NM,ASW,WE,Federal Contract Tower,0,15,17,9,41,0,0,74,11,85,0,15,91,20,126,90,34,124,250
12/13/2002,SAF,NM,ASW,WE,Federal Contract Tower,0,12,17,2,31,0,0,70,4,74,0,12,87,6,105,172,14,186,291
12/14/2002,SAF,NM,ASW,WE,Federal Contract Tower,0,9,6,0,15,0,0,79,0,79,0,9,85,0,94,140,0,140,234
12/15/2002,SAF,NM,ASW,WE,Federal Contract Tower,0,14,8,0,22,0,0,51,0,51,0,14,59,0,73,126,0,126,199
12/16/2002,SAF,NM,ASW,WE,Federal Contract Tower,0,13,13,1,27,0,0,57,1,58,0,13,70,2,85,70,10,80,165
12/17/2002,SAF,NM,ASW,WE,Federal Contract Tower,0,15,8,0,23,0,0,5,4,9,0,15,13,4,32,2,36,38,70
12/18/2002,SAF,NM,ASW,WE,Federal Contract Tower,0,13,20,2,35,0,1,23,1,25,0,14,43,3,60,36,8,44,104
12/19/2002,SAF,NM,ASW,WE,Federal Contract Tower,0,18,27,2,47,0,0,45,3,48,0,18,72,5,95,118,0,118,213
12/20/2002,SAF,NM,ASW,WE,Federal Contract Tower,0,15,24,3,42,0,0,67,10,77,0,15,91,13,119,82,16,98,217
12/21/2002,SAF,NM,ASW,WE,Federal Contract Tower,0,10,19,0,29,0,0,59,2,61,0,10,78,2,90,122,0,122,212
12/22/2002,SAF,NM,ASW,WE,Federal Contract Tower,0,18,18,0,36,0,0,32,0,32,0,18,50,0,68,92,0,92,160
12/23/2002,SAF,NM,ASW,WE,Federal Contract Tower,0,15,18,0,33,0,1,3,0,4,0,16,21,0,37,60,0,60,97
12/24/2002,SAF,NM,ASW,WE,Federal Contract Tower,0,6,6,2,14,0,0,19,0,19,0,6,25,2,33,36,0,36,69
12/25/2002,SAF,NM,ASW,WE,Federal Contract Tower,0,12,4,0,16,0,0,21,0,21,0,12,25,0,37,32,0,32,69
12/26/2002,SAF,NM,ASW,WE,Federal Contract Tower,0,17,25,0,42,0,0,66,2,68,0,17,91,2,110,34,10,44,154
12/27/2002,SAF,NM,ASW,WE,Federal Contract Tower,0,22,27,0,49,0,0,82,2,84,0,22,109,2,133,156,4,160,293
12/28/2002,SAF,NM,ASW,WE,Federal Contract Tower,0,19,21,0,40,0,0,104,0,104,0,19,125,0,144,256,0,256,400
12/29/2002,SAF,NM,ASW,WE,Federal Contract Tower,0,15,20,0,35,0,4,52,0,56,0,19,72,0,91,90,0,90,181
12/30/2002,SAF,NM,ASW,WE,Federal Contract Tower,0,11,27,1,39,0,1,38,1,40,0,12,65,2,79,88,4,92,171
12/31/2002,SAF,NM,ASW,WE,Federal Contract Tower,0,14,18,0,32,0,0,54,4,58,0,14,72,4,90,70,0,70,160
01/01/2003,SAF,NM,ASW,WE,Federal Contract Tower,0,18,18,0,36,0,0,38,0,38,0,18,56,0,74,52,0,52,126
01/02/2003,SAF,NM,ASW,WE,Federal Contract Tower,0,13,29,1,43,0,0,81,16,97,0,13,110,17,140,168,38,206,346
01/03/2003,SAF,NM,ASW,WE,Federal Contract Tower,0,15,18,4,37,0,1,63,4,68,0,16,81,8,105,90,12,102,207
01/04/2003,SAF,NM,ASW,WE,Federal Contract Tower,0,12,6,7,25,0,0,112,7,119,0,12,118,14,144,244,56,300,444
01/05/2003,SAF,NM,ASW,WE,Federal Contract Tower,0,23,16,3,42,0,0,79,10,89,0,23,95,13,131,146,16,162,293
01/06/2003,SAF,NM,ASW,WE,Federal Contract Tower,0,18,7,0,25,0,1,28,0,29,0,19,35,0,54,100,0,100,154
01/07/2003,SAF,NM,ASW,WE,Federal Contract Tower,0,14,11,0,25,0,0,59,1,60,0,14,70,1,85,100,0,100,185
01/08/2003,SAF,NM,ASW,WE,Federal Contract Tower,0,18,13,4,35,0,0,41,6,47,0,18,54,10,82,78,8,86,168
01/09/2003,SAF,NM,ASW,WE,Federal Contract Tower,0,13,11,2,26,0,0,75,3,78,0,13,86,5,104,128,10,138,242
01/10/2003,SAF,NM,ASW,WE,Federal Contract Tower,0,12,19,2,33,0,1,93,5,99,0,13,112,7,132,186,4,190,322
01/11/2003,SAF,NM,ASW,WE,Federal Contract Tower,0,10,18,2,30,0,0,70,3,73,0,10,88,5,103,204,6,210,313
01/12/2003,SAF,NM,ASW,WE,Federal Contract Tower,0,20,15,0,35,0,0,70,5,75,0,20,85,5,110,174,8,182,292
01/13/2003,SAF,NM,ASW,WE,Federal Contract Tower,0,18,26,1,45,0,0,57,3,60,0,18,83,4,105,50,16,66,171
01/14/2003,SAF,NM,ASW,WE,Federal Contract Tower,0,13,14,0,27,0,0,55,10,65,0,13,69,10,92,100,6,106,198
01/15/2003,SAF,NM,ASW,WE,Federal Contract Tower,0,11,13,4,28,0,0,30,6,36,0,11,43,10,64,82,6,88,152
01/16/2003,SAF,NM,ASW,WE,Federal Contract Tower,0,14,19,5,38,0,0,83,9,92,0,14,102,14,130,194,20,214,344
01/17/2003,SAF,NM,ASW,WE,Federal Contract Tower,0,14,25,3,42,0,0,92,6,98,0,14,117,9,140,214,0,214,354
01/18/2003,SAF,NM,ASW,WE,Federal Contract Tower,0,17,9,0,26,0,0,103,1,104,0,17,112,1,130,114,0,114,244
01/19/2003,SAF,NM,ASW,WE,Federal Contract Tower,0,24,7,0,31,0,0,81,0,81,0,24,88,0,112,94,0,94,206
01/20/2003,SAF,NM,ASW,WE,Federal Contract Tower,0,14,21,1,36,0,0,73,4,77,0,14,94,5,113,132,0,132,245
01/21/2003,SAF,NM,ASW,WE,Federal Contract Tower,0,10,13,6,29,0,0,44,16,60,0,10,57,22,89,86,10,96,185
01/22/2003,SAF,NM,ASW,WE,Federal Contract Tower,0,18,8,5,31,0,0,44,14,58,0,18,52,19,89,80,18,98,187
01/23/2003,SAF,NM,ASW,WE,Federal Contract Tower,0,11,14,1,26,0,0,47,7,54,0,11,61,8,80,156,10,166,246
01/24/2003,SAF,NM,ASW,WE,Federal Contract Tower,0,16,22,0,38,0,0,80,2,82,0,16,102,2,120,188,6,194,314
01/25/2003,SAF,NM,ASW,WE,Federal Contract Tower,0,15,12,0,27,0,0,98,0,98,0,15,110,0,125,206,2,208,333
01/26/2003,SAF,NM,ASW,WE,Federal Contract Tower,0,15,13,2,30,0,0,80,0,80,0,15,93,2,110,152,0,152,262
01/27/2003,SAF,NM,ASW,WE,Federal Contract Tower,0,12,22,0,34,0,0,47,0,47,0,12,69,0,81,46,0,46,127
01/28/2003,SAF,NM,ASW,WE,Federal Contract Tower,0,11,15,0,26,0,1,77,2,80,0,12,92,2,106,104,2,106,212
01/29/2003,SAF,NM,ASW,WE,Federal Contract Tower,0,11,15,2,28,0,0,60,5,65,0,11,75,7,93,118,4,122,215
01/30/2003,SAF,NM,ASW,WE,Federal Contract Tower,0,17,18,2,37,0,2,68,5,75,0,19,86,7,112,164,0,164,276
01/31/2003,SAF,NM,ASW,WE,Federal Contract Tower,0,18,32,0,50,0,0,92,9,101,0,18,124,9,151,212,12,224,375
02/01/2003,SAF,NM,ASW,WE,Federal Contract Tower,0,16,11,2,29,0,0,108,5,113,0,16,119,7,142,250,0,250,392
02/02/2003,SAF,NM,ASW,WE,Federal Contract Tower,0,20,12,7,39,0,0,43,7,50,0,20,55,14,89,66,22,88,177
02/03/2003,SAF,NM,ASW,WE,Federal Contract Tower,0,15,14,1,30,0,0,40,11,51,0,15,54,12,81,56,6,62,143
02/04/2003,SAF,NM,ASW,WE,Federal Contract Tower,0,17,18,0,35,0,0,63,19,82,0,17,81,19,117,104,42,146,263
02/05/2003,SAF,NM,ASW,WE,Federal Contract Tower,0,16,11,2,29,0,0,44,5,49,0,16,55,7,78,66,16,82,160
02/06/2003,SAF,NM,ASW,WE,Federal Contract Tower,0,15,14,9,38,0,0,32,9,41,0,15,46,18,79,90,58,148,227
02/07/2003,SAF,NM,ASW,WE,Federal Contract Tower,0,14,23,1,38,0,1,60,8,69,0,15,83,9,107,186,2,188,295
02/08/2003,SAF,NM,ASW,WE,Federal Contract Tower,0,15,12,1,28,0,0,63,0,63,0,15,75,1,91,314,0,314,405
02/09/2003,SAF,NM,ASW,WE,Federal Contract Tower,0,23,15,2,40,0,0,26,0,26,0,23,41,2,66,60,12,72,138
02/10/2003,SAF,NM,ASW,WE,Federal Contract Tower,0,15,14,0,29,0,0,38,3,41,0,15,52,3,70,38,0,38,108
02/11/2003,SAF,NM,ASW,WE,Federal Contract Tower,0,19,19,2,40,0,0,70,13,83,0,19,89,15,123,164,10,174,297
02/12/2003,SAF,NM,ASW,WE,Federal Contract Tower,0,11,17,1,29,0,0,54,10,64,0,11,71,11,93,114,2,116,209
02/13/2003,SAF,NM,ASW,WE,Federal Contract Tower,0,16,23,0,39,0,0,5,2,7,0,16,28,2,46,14,0,14,60
02/14/2003,SAF,NM,ASW,WE,Federal Contract Tower,0,11,32,2,45,0,1,40,2,43,0,12,72,4,88,74,2,76,164
02/15/2003,SAF,NM,ASW,WE,Federal Contract Tower,0,20,19,2,41,0,0,29,0,29,0,20,48,2,70,38,0,38,108
02/16/2003,SAF,NM,ASW,WE,Federal Contract Tower,0,18,22,1,41,0,0,72,0,72,0,18,94,1,113,116,0,116,229
02/17/2003,SAF,NM,ASW,WE,Federal Contract Tower,0,12,34,1,47,0,0,80,0,80,0,12,114,1,127,158,0,158,285
02/18/2003,SAF,NM,ASW,WE,Federal Contract Tower,0,12,24,3,39,0,0,22,0,22,0,12,46,3,61,22,0,22,83
02/19/2003,SAF,NM,ASW,WE,Federal Contract Tower,0,15,18,3,36,0,0,59,6,65,0,15,77,9,101,154,2,156,257
02/20/2003,SAF,NM,ASW,WE,Federal Contract Tower,0,12,15,2,29,0,0,4,2,6,0,12,19,4,35,16,4,20,55
02/21/2003,SAF,NM,ASW,WE,Federal Contract Tower,0,19,22,0,41,0,1,62,6,69,0,20,84,6,110,84,24,108,218
02/22/2003,SAF,NM,ASW,WE,Federal Contract Tower,0,9,12,0,21,0,0,107,1,108,0,9,119,1,129,130,0,130,259
02/23/2003,SAF,NM,ASW,WE,Federal Contract Tower,0,17,24,3,44,0,0,83,0,83,0,17,107,3,127,110,0,110,237
02/24/2003,SAF,NM,ASW,WE,Federal Contract Tower,0,18,17,0,35,0,0,21,0,21,0,18,38,0,56,52,0,52,108
02/25/2003,SAF,NM,ASW,WE,Federal Contract Tower,0,11,15,2,28,0,0,39,2,41,0,11,54,4,69,42,2,44,113
02/26/2003,SAF,NM,ASW,WE,Federal Contract Tower,0,13,16,1,30,0,0,0,3,3,0,13,16,4,33,0,4,4,37
02/27/2003,SAF,NM,ASW,WE,Federal Contract Tower,0,13,13,2,28,0,0,27,9,36,0,13,40,11,64,100,54,154,218
02/28/2003,SAF,NM,ASW,WE,Federal Contract Tower,0,21,18,3,42,0,2,51,11,64,0,23,69,14,106,126,38,164,270
03/01/2003,SAF,NM,ASW,WE,Federal Contract Tower,0,12,22,2,36,0,1,59,20,80,0,13,81,22,116,168,28,196,312
03/02/2003,SAF,NM,ASW,WE,Federal Contract Tower,0,11,16,2,29,0,1,41,6,48,0,12,57,8,77,38,24,62,139
03/03/2003,SAF,NM,ASW,WE,Federal Contract Tower,0,22,16,4,42,0,1,62,0,63,0,23,78,4,105,92,0,92,197
03/04/2003,SAF,NM,ASW,WE,Federal Contract Tower,0,7,19,3,29,0,1,23,8,32,0,8,42,11,61,74,8,82,143
03/05/2003,SAF,NM,ASW,WE,Federal Contract Tower,0,18,15,8,41,0,1,41,5,47,0,19,56,13,88,116,2,118,206
03/06/2003,SAF,NM,ASW,WE,Federal Contract Tower,0,18,14,1,33,0,2,70,8,80,0,20,84,9,113,142,0,142,255
03/07/2003,SAF,NM,ASW,WE,Federal Contract Tower,0,10,25,3,38,0,2,125,6,133,0,12,150,9,171,292,2,294,465
03/08/2003,SAF,NM,ASW,WE,Federal Contract Tower,0,11,20,0,31,0,0,142,0,142,0,11,162,0,173,216,0,216,389
03/09/2003,SAF,NM,ASW,WE,Federal Contract Tower,0,24,22,0,46,0,0,87,2,89,0,24,109,2,135,152,0,152,287
03/10/2003,SAF,NM,ASW,WE,Federal Contract Tower,0,12,18,0,30,0,0,89,2,91,0,12,107,2,121,200,0,200,321
03/11/2003,SAF,NM,ASW,WE,Federal Contract Tower,0,14,16,3,33,0,0,75,1,76,0,14,91,4,109,110,0,110,219
03/12/2003,SAF,NM,ASW,WE,Federal Contract Tower,0,16,25,0,41,0,0,76,3,79,0,16,101,3,120,128,20,148,268
03/13/2003,SAF,NM,ASW,WE,Federal Contract Tower,0,19,23,2,44,0,0,78,2,80,0,19,101,4,124,84,0,84,208
03/14/2003,SAF,NM,ASW,WE,Federal Contract Tower,0,22,25,1,48,0,1,96,4,101,0,23,121,5,149,84,2,86,235
03/15/2003,SAF,NM,ASW,WE,Federal Contract Tower,0,20,19,1,40,0,1,90,3,94,0,21,109,4,134,176,14,190,324
03/16/2003,SAF,NM,ASW,WE,Federal Contract Tower,0,17,13,0,30,0,0,37,2,39,0,17,50,2,69,88,2,90,159
03/17/2003,SAF,NM,ASW,WE,Federal Contract Tower,0,13,19,0,32,0,0,13,0,13,0,13,32,0,45,48,0,48,93
03/18/2003,SAF,NM,ASW,WE,Federal Contract Tower,0,9,22,2,33,0,0,8,3,11,0,9,30,5,44,26,14,40,84
03/19/2003,SAF,NM,ASW,WE,Federal Contract Tower,0,17,22,0,39,0,0,9,0,9,0,17,31,0,48,0,0,0,48
03/20/2003,SAF,NM,ASW,WE,Federal Contract Tower,0,15,23,0,38,0,0,4,0,4,0,15,27,0,42,0,0,0,42
03/21/2003,SAF,NM,ASW,WE,Federal Contract Tower,0,21,31,8,60,0,0,10,1,11,0,21,41,9,71,4,8,12,83
03/22/2003,SAF,NM,ASW,WE,Federal Contract Tower,0,13,21,0,34,0,0,85,1,86,0,13,106,1,120,140,0,140,260
03/23/2003,SAF,NM,ASW,WE,Federal Contract Tower,0,21,23,0,44,0,0,81,1,82,0,21,104,1,126,116,0,116,242
03/24/2003,SAF,NM,ASW,WE,Federal Contract Tower,0,15,30,2,47,0,0,41,0,41,0,15,71,2,88,117,0,117,205
03/25/2003,SAF,NM,ASW,WE,Federal Contract Tower,0,13,10,3,26,0,0,54,0,54,0,13,64,3,80,66,0,66,146
03/26/2003,SAF,NM,ASW,WE,Federal Contract Tower,0,20,17,1,38,0,0,55,2,57,0,20,72,3,95,154,0,154,249
03/27/2003,SAF,NM,ASW,WE,Federal Contract Tower,0,14,18,1,33,0,0,25,10,35,0,14,43,11,68,42,0,42,110
03/28/2003,SAF,NM,ASW,WE,Federal Contract Tower,0,18,22,1,41,0,0,18,0,18,0,18,40,1,59,12,0,12,71
03/29/2003,SAF,NM,ASW,WE,Federal Contract Tower,0,16,17,0,33,0,0,63,3,66,0,16,80,3,99,78,2,80,179
03/30/2003,SAF,NM,ASW,WE,Federal Contract Tower,0,20,16,0,36,0,0,83,2,85,0,20,99,2,121,64,0,64,185
03/31/2003,SAF,NM,ASW,WE,Federal Contract Tower,0,16,16,3,35,0,0,57,4,61,0,16,73,7,96,90,2,92,188
04/01/2003,SAF,NM,ASW,WE,Federal Contract Tower,0,12,12,0,24,0,0,56,0,56,0,12,68,0,80,72,0,72,152
04/02/2003,SAF,NM,ASW,WE,Federal Contract Tower,0,18,19,2,39,0,0,21,3,24,0,18,40,5,63,40,16,56,119
04/03/2003,SAF,NM,ASW,WE,Federal Contract Tower,0,21,17,1,39,0,0,56,2,58,0,21,73,3,97,134,0,134,231
04/04/2003,SAF,NM,ASW,WE,Federal Contract Tower,0,23,12,6,41,0,0,76,0,76,0,23,88,6,117,152,6,158,275
04/05/2003,SAF,NM,ASW,WE,Federal Contract Tower,0,11,10,0,21,0,1,60,5,66,0,12,70,5,87,134,4,138,225
04/06/2003,SAF,NM,ASW,WE,Federal Contract Tower,0,28,18,1,47,0,0,38,5,43,0,28,56,6,90,44,0,44,134
04/07/2003,SAF,NM,ASW,WE,Federal Contract Tower,0,20,19,2,41,0,2,36,0,38,0,22,55,2,79,56,0,56,135
04/08/2003,SAF,NM,ASW,WE,Federal Contract Tower,0,18,17,1,36,0,0,62,1,63,0,18,79,2,99,168,0,168,267
04/09/2003,SAF,NM,ASW,WE,Federal Contract Tower,0,24,20,1,45,0,0,87,6,93,0,24,107,7,138,130,0,130,268
04/10/2003,SAF,NM,ASW,WE,Federal Contract Tower,0,15,20,2,37,0,0,69,0,69,0,15,89,2,106,132,0,132,238
04/11/2003,SAF,NM,ASW,WE,Federal Contract Tower,0,22,34,6,62,0,0,74,4,78,0,22,108,10,140,110,6,116,256
04/12/2003,SAF,NM,ASW,WE,Federal Contract Tower,0,16,19,0,35,0,0,128,1,129,0,16,147,1,164,210,0,210,374
04/13/2003,SAF,NM,ASW,WE,Federal Contract Tower,0,23,27,2,52,0,0,121,0,121,0,23,148,2,173,134,4,138,311
04/14/2003,SAF,NM,ASW,WE,Federal Contract Tower,0,17,20,2,39,0,0,35,0,35,0,17,55,2,74,40,0,40,114
04/15/2003,SAF,NM,ASW,WE,Federal Contract Tower,0,11,22,0,33,0,0,10,3,13,0,11,32,3,46,24,0,24,70
04/16/2003,SAF,NM,ASW,WE,Federal Contract Tower,0,11,22,1,34,0,0,57,3,60,0,11,79,4,94,112,0,112,206
04/17/2003,SAF,NM,ASW,WE,Federal Contract Tower,0,17,28,0,45,0,0,35,2,37,0,17,63,2,82,62,0,62,144
04/18/2003,SAF,NM,ASW,WE,Federal Contract Tower,0,15,21,6,42,0,0,74,0,74,0,15,95,6,116,144,0,144,260
04/19/2003,SAF,NM,ASW,WE,Federal Contract Tower,0,9,12,0,21,0,0,26,0,26,0,9,38,0,47,72,0,72,119
04/20/2003,SAF,NM,ASW,WE,Federal Contract Tower,0,20,26,0,46,0,0,76,0,76,0,20,102,0,122,184,0,184,306
04/21/2003,SAF,NM,ASW,WE,Federal Contract Tower,0,18,28,2,48,0,0,41,8,49,0,18,69,10,97,44,10,54,151
04/22/2003,SAF,NM,ASW,WE,Federal Contract Tower,0,17,25,1,43,0,0,32,8,40,0,17,57,9,83,34,2,36,119
04/23/2003,SAF,NM,ASW,WE,Federal Contract Tower,0,16,20,1,37,0,0,12,7,19,0,16,32,8,56,40,8,48,104
04/24/2003,SAF,NM,ASW,WE,Federal Contract Tower,0,19,11,0,30,0,1,57,6,64,0,20,68,6,94,78,0,78,172
04/25/2003,SAF,NM,ASW,WE,Federal Contract Tower,0,18,28,3,49,0,1,88,7,96,0,19,116,10,145,156,16,172,317
04/26/2003,SAF,NM,ASW,WE,Federal Contract Tower,0,14,18,0,32,0,0,78,0,78,0,14,96,0,110,108,0,108,218
04/27/2003,SAF,NM,ASW,WE,Federal Contract Tower,0,20,15,4,39,0,0,101,0,101,0,20,116,4,140,120,2,122,262
04/28/2003,SAF,NM,ASW,WE,Federal Contract Tower,0,18,19,2,39,0,1,71,1,73,0,19,90,3,112,114,10,124,236
04/29/2003,SAF,NM,ASW,WE,Federal Contract Tower,0,17,12,1,30,0,0,57,0,57,0,17,69,1,87,100,0,100,187
04/30/2003,SAF,NM,ASW,WE,Federal Contract Tower,0,14,22,4,40,0,0,68,3,71,0,14,90,7,111,102,0,102,213
05/01/2003,SAF,NM,ASW,WE,Federal Contract Tower,0,17,18,0,35,0,2,92,5,99,0,19,110,5,134,210,4,214,348
05/02/2003,SAF,NM,ASW,WE,Federal Contract Tower,0,21,30,1,52,0,2,110,0,112,0,23,140,1,164,162,6,168,332
05/03/2003,SAF,NM,ASW,WE,Federal Contract Tower,0,16,9,0,25,0,0,103,0,103,0,16,112,0,128,228,0,228,356
05/04/2003,SAF,NM,ASW,WE,Federal Contract Tower,0,23,31,0,54,0,0,56,0,56,0,23,87,0,110,24,0,24,134
05/05/2003,SAF,NM,ASW,WE,Federal Contract Tower,0,22,35,2,59,0,0,55,5,60,0,22,90,7,119,78,2,80,199
05/06/2003,SAF,NM,ASW,WE,Federal Contract Tower,0,18,12,0,30,0,1,81,9,91,0,19,93,9,121,116,12,128,249
05/07/2003,SAF,NM,ASW,WE,Federal Contract Tower,0,17,24,2,43,0,1,42,6,49,0,18,66,8,92,68,4,72,164
05/08/2003,SAF,NM,ASW,WE,Federal Contract Tower,0,17,29,2,48,0,0,53,8,61,0,17,82,10,109,54,10,64,173
05/09/2003,SAF,NM,ASW,WE,Federal Contract Tower,0,18,15,7,40,0,0,56,3,59,0,18,71,10,99,62,0,62,161
05/10/2003,SAF,NM,ASW,WE,Federal Contract Tower,0,12,14,1,27,0,1,50,2,53,0,13,64,3,80,36,2,38,118
05/11/2003,SAF,NM,ASW,WE,Federal Contract Tower,0,22,27,2,51,0,0,47,7,54,0,22,74,9,105,30,2,32,137
05/12/2003,SAF,NM,ASW,WE,Federal Contract Tower,0,18,19,2,39,0,0,59,3,62,0,18,78,5,101,74,0,74,175
05/13/2003,SAF,NM,ASW,WE,Federal Contract Tower,0,17,22,1,40,0,0,80,4,84,0,17,102,5,124,156,0,156,280
05/14/2003,SAF,NM,ASW,WE,Federal Contract Tower,0,16,34,3,53,0,0,65,13,78,0,16,99,16,131,136,32,168,299
05/15/2003,SAF,NM,ASW,WE,Federal Contract Tower,0,17,26,4,47,0,0,38,2,40,0,17,64,6,87,20,2,22,109
05/16/2003,SAF,NM,ASW,WE,Federal Contract Tower,0,24,29,5,58,0,0,111,10,121,0,24,140,15,179,280,6,286,465
05/17/2003,SAF,NM,ASW,WE,Federal Contract Tower,0,13,25,1,39,0,0,82,10,92,0,13,107,11,131,200,4,204,335
05/18/2003,SAF,NM,ASW,WE,Federal Contract Tower,0,21,16,1,38,0,0,87,19,106,0,21,103,20,144,106,28,134,278
05/19/2003,SAF,NM,ASW,WE,Federal Contract Tower,0,21,18,1,40,0,0,58,1,59,0,21,76,2,99,86,0,86,185
05/20/2003,SAF,NM,ASW,WE,Federal Contract Tower,0,24,21,0,45,0,0,51,3,54,0,24,72,3,99,116,14,130,229
05/21/2003,SAF,NM,ASW,WE,Federal Contract Tower,0,18,17,0,35,0,0,87,9,96,0,18,104,9,131,108,24,132,263
05/22/2003,SAF,NM,ASW,WE,Federal Contract Tower,0,16,27,3,46,0,0,100,11,111,0,16,127,14,157,126,22,148,305
05/23/2003,SAF,NM,ASW,WE,Federal Contract Tower,0,27,34,5,66,0,0,112,0,112,0,27,146,5,178,206,0,206,384
05/24/2003,SAF,NM,ASW,WE,Federal Contract Tower,0,14,25,0,39,0,1,88,0,89,0,15,113,0,128,90,0,90,218
05/25/2003,SAF,NM,ASW,WE,Federal Contract Tower,0,21,28,0,49,0,0,61,0,61,0,21,89,0,110,132,0,132,242
05/26/2003,SAF,NM,ASW,WE,Federal Contract Tower,0,23,40,2,65,0,1,74,6,81,0,24,114,8,146,94,6,100,246
05/27/2003,SAF,NM,ASW,WE,Federal Contract Tower,0,20,26,2,48,0,1,62,5,68,0,21,88,7,116,116,6,122,238
05/28/2003,SAF,NM,ASW,WE,Federal Contract Tower,0,15,29,2,46,0,2,60,8,70,0,17,89,10,116,72,10,82,198
05/29/2003,SAF,NM,ASW,WE,Federal Contract Tower,0,26,17,0,43,0,0,81,2,83,0,26,98,2,126,116,0,116,242
05/30/2003,SAF,NM,ASW,WE,Federal Contract Tower,0,18,29,0,47,0,0,75,10,85,0,18,104,10,132,90,32,122,254
05/31/2003,SAF,NM,ASW,WE,Federal Contract Tower,0,22,19,0,41,0,0,98,0,98,0,22,117,0,139,114,0,114,253
06/01/2003,SAF,NM,ASW,WE,Federal Contract Tower,0,18,22,1,41,0,0,70,1,71,0,18,92,2,112,130,10,140,252
06/02/2003,SAF,NM,ASW,WE,Federal Contract Tower,0,12,18,4,34,0,0,51,3,54,0,12,69,7,88,108,0,108,196
06/03/2003,SAF,NM,ASW,WE,Federal Contract Tower,0,21,21,3,45,0,0,52,7,59,0,21,73,10,104,68,6,74,178
06/04/2003,SAF,NM,ASW,WE,Federal Contract Tower,0,17,24,3,44,0,1,63,5,69,0,18,87,8,113,96,6,102,215
06/05/2003,SAF,NM,ASW,WE,Federal Contract Tower,0,21,26,3,50,0,0,68,2,70,0,21,94,5,120,98,16,114,234
06/06/2003,SAF,NM,ASW,WE,Federal Contract Tower,0,17,36,8,61,0,0,93,17,110,0,17,129,25,171,214,10,224,395
06/07/2003,SAF,NM,ASW,WE,Federal Contract Tower,0,15,28,3,46,0,0,84,13,97,0,15,112,16,143,72,0,72,215
06/08/2003,SAF,NM,ASW,WE,Federal Contract Tower,0,24,26,4,54,0,0,59,21,80,0,24,85,25,134,70,6,76,210
06/09/2003,SAF,NM,ASW,WE,Federal Contract Tower,0,17,17,4,38,0,2,70,0,72,0,19,87,4,110,76,2,78,188
06/10/2003,SAF,NM,ASW,WE,Federal Contract Tower,0,15,17,2,34,0,0,73,0,73,0,15,90,2,107,76,0,76,183
06/11/2003,SAF,NM,ASW,WE,Federal Contract Tower,0,12,16,5,33,0,0,75,4,79,0,12,91,9,112,98,0,98,210
06/12/2003,SAF,NM,ASW,WE,Federal Contract Tower,0,26,22,3,51,0,1,100,0,101,0,27,122,3,152,116,0,116,268
06/13/2003,SAF,NM,ASW,WE,Federal Contract Tower,0,17,26,2,45,0,0,63,1,64,0,17,89,3,109,92,0,92,201
06/14/2003,SAF,NM,ASW,WE,Federal Contract Tower,0,14,19,3,36,0,2,88,4,94,0,16,107,7,130,164,0,164,294
06/15/2003,SAF,NM,ASW,WE,Federal Contract Tower,0,19,20,2,41,0,0,98,0,98,0,19,118,2,139,190,0,190,329
06/16/2003,SAF,NM,ASW,WE,Federal Contract Tower,0,20,30,0,50,0,0,77,0,77,0,20,107,0,127,120,0,120,247
06/17/2003,SAF,NM,ASW,WE,Federal Contract Tower,0,17,24,4,45,0,1,87,4,92,0,18,111,8,137,70,4,74,211
06/18/2003,SAF,NM,ASW,WE,Federal Contract Tower,0,19,27,5,51,0,1,60,4,65,0,20,87,9,116,78,10,88,204
06/19/2003,SAF,NM,ASW,WE,Federal Contract Tower,0,17,29,0,46,0,1,55,5,61,0,18,84,5,107,64,2,66,173
06/20/2003,SAF,NM,ASW,WE,Federal Contract Tower,0,23,25,7,55,0,1,76,6,83,0,24,101,13,138,108,16,124,262
06/21/2003,SAF,NM,ASW,WE,Federal Contract Tower,0,14,23,0,37,0,0,116,0,116,0,14,139,0,153,106,0,106,259
06/22/2003,SAF,NM,ASW,WE,Federal Contract Tower,0,24,35,4,63,0,0,90,1,91,0,24,125,5,154,82,14,96,250
06/23/2003,SAF,NM,ASW,WE,Federal Contract Tower,0,20,30,1,51,0,1,78,9,88,0,21,108,10,139,90,2,92,231
06/24/2003,SAF,NM,ASW,WE,Federal Contract Tower,0,23,24,1,48,0,0,62,3,65,0,23,86,4,113,70,0,70,183
06/25/2003,SAF,NM,ASW,WE,Federal Contract Tower,0,22,27,0,49,0,3,76,12,91,0,25,103,12,140,96,0,96,236
06/26/2003,SAF,NM,ASW,WE,Federal Contract Tower,0,23,38,1,62,0,2,86,7,95,0,25,124,8,157,94,8,102,259
06/27/2003,SAF,NM,ASW,WE,Federal Contract Tower,0,16,37,1,54,0,0,105,8,113,0,16,142,9,167,202,8,210,377
06/28/2003,SAF,NM,ASW,WE,Federal Contract Tower,0,17,22,0,39,0,0,100,0,100,0,17,122,0,139,186,0,186,325
06/29/2003,SAF,NM,ASW,WE,Federal Contract Tower,0,25,32,1,58,0,0,100,7,107,0,25,132,8,165,110,20,130,295
06/30/2003,SAF,NM,ASW,WE,Federal Contract Tower,0,23,37,0,60,0,0,59,0,59,0,23,96,0,119,72,0,72,191
07/01/2003,SAF,NM,ASW,WE,Federal Contract Tower,0,19,18,0,37,0,0,78,2,80,0,19,96,2,117,44,16,60,177
07/02/2003,SAF,NM,ASW,WE,Federal Contract Tower,0,22,20,3,45,0,0,97,6,103,0,22,117,9,148,142,4,146,294
07/03/2003,SAF,NM,ASW,WE,Federal Contract Tower,0,23,25,3,51,0,0,95,6,101,0,23,120,9,152,116,22,138,290
07/04/2003,SAF,NM,ASW,WE,Federal Contract Tower,0,15,12,1,28,0,0,94,0,94,0,15,106,1,122,96,0,96,218
07/05/2003,SAF,NM,ASW,WE,Federal Contract Tower,0,20,11,2,33,0,0,115,0,115,0,20,126,2,148,128,0,128,276
07/06/2003,SAF,NM,ASW,WE,Federal Contract Tower,0,29,21,0,50,0,1,125,0,126,0,30,146,0,176,58,0,58,234
07/07/2003,SAF,NM,ASW,WE,Federal Contract Tower,0,18,18,0,36,0,0,71,2,73,0,18,89,2,109,102,0,102,211
07/08/2003,SAF,NM,ASW,WE,Federal Contract Tower,0,20,13,3,36,0,0,80,5,85,0,20,93,8,121,40,0,40,161
07/09/2003,SAF,NM,ASW,WE,Federal Contract Tower,0,19,20,0,39,0,0,70,3,73,0,19,90,3,112,40,10,50,162
07/10/2003,SAF,NM,ASW,WE,Federal Contract Tower,0,27,25,3,55,0,0,81,9,90,0,27,106,12,145,98,4,102,247
07/11/2003,SAF,NM,ASW,WE,Federal Contract Tower,0,27,30,3,60,0,0,103,0,103,0,27,133,3,163,88,0,88,251
07/12/2003,SAF,NM,ASW,WE,Federal Contract Tower,0,24,15,3,42,0,0,127,0,127,0,24,142,3,169,130,0,130,299
07/13/2003,SAF,NM,ASW,WE,Federal Contract Tower,0,26,31,9,66,0,2,96,1,99,0,28,127,10,165,78,16,94,259
07/14/2003,SAF,NM,ASW,WE,Federal Contract Tower,0,21,28,5,54,0,2,76,0,78,0,23,104,5,132,66,0,66,198
07/15/2003,SAF,NM,ASW,WE,Federal Contract Tower,0,17,16,1,34,0,0,101,1,102,0,17,117,2,136,94,0,94,230
07/16/2003,SAF,NM,ASW,WE,Federal Contract Tower,0,24,30,0,54,0,0,91,2,93,0,24,121,2,147,64,0,64,211
07/17/2003,SAF,NM,ASW,WE,Federal Contract Tower,0,23,36,1,60,0,0,79,2,81,0,23,115,3,141,84,0,84,225
07/18/2003,SAF,NM,ASW,WE,Federal Contract Tower,0,24,21,0,45,0,0,101,5,106,0,24,122,5,151,42,18,60,211
07/19/2003,SAF,NM,ASW,WE,Federal Contract Tower,0,22,16,0,38,0,4,100,4,108,0,26,116,4,146,100,0,100,246
07/20/2003,SAF,NM,ASW,WE,Federal Contract Tower,0,25,34,0,59,0,0,101,1,102,0,25,135,1,161,66,0,66,227
07/21/2003,SAF,NM,ASW,WE,Federal Contract Tower,0,16,25,2,43,0,2,82,0,84,0,18,107,2,127,60,0,60,187
07/22/2003,SAF,NM,ASW,WE,Federal Contract Tower,0,23,18,2,43,0,0,89,2,91,0,23,107,4,134,90,0,90,224
07/23/2003,SAF,NM,ASW,WE,Federal Contract Tower,0,19,33,2,54,0,0,88,0,88,0,19,121,2,142,74,0,74,216
07/24/2003,SAF,NM,ASW,WE,Federal Contract Tower,0,18,29,0,47,0,0,111,3,114,0,18,140,3,161,110,0,110,271
07/25/2003,SAF,NM,ASW,WE,Federal Contract Tower,0,32,37,0,69,0,2,118,2,122,0,34,155,2,191,110,0,110,301
07/26/2003,SAF,NM,ASW,WE,Federal Contract Tower,0,19,31,0,50,0,0,132,0,132,0,19,163,0,182,132,0,132,314
07/27/2003,SAF,NM,ASW,WE,Federal Contract Tower,0,27,34,7,68,0,1,97,0,98,0,28,131,7,166,108,2,110,276
07/28/2003,SAF,NM,ASW,WE,Federal Contract Tower,0,18,28,0,46,0,0,83,0,83,0,18,111,0,129,84,0,84,213
07/29/2003,SAF,NM,ASW,WE,Federal Contract Tower,0,27,30,0,57,0,0,75,1,76,0,27,105,1,133,62,0,62,195
07/30/2003,SAF,NM,ASW,WE,Federal Contract Tower,0,23,35,0,58,0,0,61,1,62,0,23,96,1,120,50,4,54,174
07/31/2003,SAF,NM,ASW,WE,Federal Contract Tower,0,27,21,4,52,0,0,66,3,69,0,27,87,7,121,102,16,118,239
08/01/2003,SAF,NM,ASW,WE,Federal Contract Tower,0,21,19,2,42,0,4,78,6,88,0,25,97,8,130,62,10,72,202
08/02/2003,SAF,NM,ASW,WE,Federal Contract Tower,0,16,28,0,44,0,2,81,6,89,0,18,109,6,133,70,4,74,207
08/03/2003,SAF,NM,ASW,WE,Federal Contract Tower,0,23,17,0,40,0,0,96,2,98,0,23,113,2,138,58,0,58,196
08/04/2003,SAF,NM,ASW,WE,Federal Contract Tower,0,19,26,0,45,0,0,86,1,87,0,19,112,1,132,78,0,78,210
08/05/2003,SAF,NM,ASW,WE,Federal Contract Tower,0,20,15,2,37,0,0,79,0,79,0,20,94,2,116,82,0,82,198
08/06/2003,SAF,NM,ASW,WE,Federal Contract Tower,0,21,23,0,44,0,0,75,4,79,0,21,98,4,123,72,12,84,207
08/07/2003,SAF,NM,ASW,WE,Federal Contract Tower,0,31,30,0,61,0,1,101,2,104,0,32,131,2,165,38,0,38,203
08/08/2003,SAF,NM,ASW,WE,Federal Contract Tower,0,22,30,0,52,0,0,77,8,85,0,22,107,8,137,108,16,124,261
08/09/2003,SAF,NM,ASW,WE,Federal Contract Tower,0,21,29,0,50,0,0,103,2,105,0,21,132,2,155,124,0,124,279
08/10/2003,SAF,NM,ASW,WE,Federal Contract Tower,0,30,30,4,64,0,1,96,0,97,0,31,126,4,161,34,0,34,195
08/11/2003,SAF,NM,ASW,WE,Federal Contract Tower,0,21,23,1,45,0,1,57,10,68,0,22,80,11,113,62,0,62,175
08/12/2003,SAF,NM,ASW,WE,Federal Contract Tower,0,18,26,1,45,0,0,83,2,85,0,18,109,3,130,92,12,104,234
08/13/2003,SAF,NM,ASW,WE,Federal Contract Tower,0,26,20,2,48,0,0,69,1,70,0,26,89,3,118,124,2,126,244
08/14/2003,SAF,NM,ASW,WE,Federal Contract Tower,0,34,32,2,68,0,0,71,8,79,0,34,103,10,147,72,14,86,233
08/15/2003,SAF,NM,ASW,WE,Federal Contract Tower,0,33,33,2,68,0,0,78,3,81,0,33,111,5,149,84,14,98,247
08/16/2003,SAF,NM,ASW,WE,Federal Contract Tower,0,23,21,0,44,0,1,78,0,79,0,24,99,0,123,90,0,90,213
08/17/2003,SAF,NM,ASW,WE,Federal Contract Tower,0,25,44,0,69,0,0,85,2,87,0,25,129,2,156,64,0,64,220
08/18/2003,SAF,NM,ASW,WE,Federal Contract Tower,0,18,20,0,38,0,0,93,3,96,0,18,113,3,134,138,12,150,284
08/19/2003,SAF,NM,ASW,WE,Federal Contract Tower,0,20,29,1,50,0,0,76,0,76,0,20,105,1,126,138,0,138,264
08/20/2003,SAF,NM,ASW,WE,Federal Contract Tower,0,31,26,1,58,0,0,56,4,60,0,31,82,5,118,80,0,80,198
08/21/2003,SAF,NM,ASW,WE,Federal Contract Tower,0,39,38,2,79,0,3,106,6,115,0,42,144,8,194,148,4,152,346
08/22/2003,SAF,NM,ASW,WE,Federal Contract Tower,0,27,32,2,61,0,2,97,0,99,0,29,129,2,160,108,2,110,270
08/23/2003,SAF,NM,ASW,WE,Federal Contract Tower,0,17,15,0,32,0,0,80,6,86,0,17,95,6,118,104,16,120,238
08/24/2003,SAF,NM,ASW,WE,Federal Contract Tower,0,33,31,2,66,0,0,78,5,83,0,33,109,7,149,60,0,60,209
08/25/2003,SAF,NM,ASW,WE,Federal Contract Tower,0,22,25,2,49,0,0,61,2,63,0,22,86,4,112,52,0,52,164
08/26/2003,SAF,NM,ASW,WE,Federal Contract Tower,0,19,23,0,42,0,0,55,1,56,0,19,78,1,98,46,0,46,144
08/27/2003,SAF,NM,ASW,WE,Federal Contract Tower,0,19,32,5,56,0,0,68,0,68,0,19,100,5,124,78,10,88,212
08/28/2003,SAF,NM,ASW,WE,Federal Contract Tower,0,15,24,0,39,0,2,85,1,88,0,17,109,1,127,166,0,166,293
08/29/2003,SAF,NM,ASW,WE,Federal Contract Tower,0,24,38,0,62,0,0,72,2,74,0,24,110,2,136,80,6,86,222
08/30/2003,SAF,NM,ASW,WE,Federal Contract Tower,0,12,25,0,37,0,1,71,0,72,0,13,96,0,109,58,0,58,167
08/31/2003,SAF,NM,ASW,WE,Federal Contract Tower,0,16,22,5,43,0,0,78,0,78,0,16,100,5,121,46,4,50,171
09/01/2003,SAF,NM,ASW,WE,Federal Contract Tower,0,22,31,2,55,0,2,106,1,109,0,24,137,3,164,104,0,104,268
09/02/2003,SAF,NM,ASW,WE,Federal Contract Tower,0,19,21,0,40,0,0,60,0,60,0,19,81,0,100,70,0,70,170
09/03/2003,SAF,NM,ASW,WE,Federal Contract Tower,0,16,14,0,30,0,0,66,0,66,0,16,80,0,96,66,0,66,162
09/04/2003,SAF,NM,ASW,WE,Federal Contract Tower,0,18,25,0,43,0,1,80,0,81,0,19,105,0,124,148,0,148,272
09/05/2003,SAF,NM,ASW,WE,Federal Contract Tower,0,22,20,3,45,0,0,81,4,85,0,22,101,7,130,88,0,88,218
09/06/2003,SAF,NM,ASW,WE,Federal Contract Tower,0,20,14,0,34,0,0,82,3,85,0,20,96,3,119,142,0,142,261
09/07/2003,SAF,NM,ASW,WE,Federal Contract Tower,0,22,26,3,51,0,2,90,4,96,0,24,116,7,147,122,8,130,277
09/08/2003,SAF,NM,ASW,WE,Federal Contract Tower,0,16,35,0,51,0,0,82,7,89,0,16,117,7,140,80,22,102,242
09/09/2003,SAF,NM,ASW,WE,Federal Contract Tower,0,16,23,0,39,0,0,68,4,72,0,16,91,4,111,94,2,96,207
09/10/2003,SAF,NM,ASW,WE,Federal Contract Tower,0,15,27,2,44,0,0,44,0,44,0,15,71,2,88,10,0,10,98
09/11/2003,SAF,NM,ASW,WE,Federal Contract Tower,0,21,33,0,54,0,0,91,3,94,0,21,124,3,148,100,2,102,250
09/12/2003,SAF,NM,ASW,WE,Federal Contract Tower,0,12,22,2,36,0,0,92,1,93,0,12,114,3,129,146,4,150,279
09/13/2003,SAF,NM,ASW,WE,Federal Contract Tower,0,19,19,0,38,0,0,67,0,67,0,19,86,0,105,122,0,122,227
09/14/2003,SAF,NM,ASW,WE,Federal Contract Tower,0,19,32,0,51,0,4,77,2,83,0,23,109,2,134,104,0,104,238
09/15/2003,SAF,NM,ASW,WE,Federal Contract Tower,0,17,21,4,42,0,0,62,0,62,0,17,83,4,104,32,0,32,136
09/16/2003,SAF,NM,ASW,WE,Federal Contract Tower,0,13,22,6,41,0,0,73,1,74,0,13,95,7,115,90,0,90,205
09/17/2003,SAF,NM,ASW,WE,Federal Contract Tower,0,15,29,0,44,0,2,60,0,62,0,17,89,0,106,74,0,74,180
09/18/2003,SAF,NM,ASW,WE,Federal Contract Tower,0,17,26,2,45,0,4,59,0,63,0,21,85,2,108,104,2,106,214
09/19/2003,SAF,NM,ASW,WE,Federal Contract Tower,0,14,31,7,52,0,1,128,3,132,0,15,159,10,184,128,32,160,344
09/20/2003,SAF,NM,ASW,WE,Federal Contract Tower,0,19,21,3,43,0,0,97,4,101,0,19,118,7,144,108,38,146,290
09/21/2003,SAF,NM,ASW,WE,Federal Contract Tower,0,25,24,5,54,0,1,78,1,80,0,26,102,6,134,62,0,62,196
09/22/2003,SAF,NM,ASW,WE,Federal Contract Tower,0,18,28,1,47,0,0,72,3,75,0,18,100,4,122,76,18,94,216
09/23/2003,SAF,NM,ASW,WE,Federal Contract Tower,0,15,28,2,45,0,0,91,6,97,0,15,119,8,142,80,6,86,228
09/24/2003,SAF,NM,ASW,WE,Federal Contract Tower,0,15,37,1,53,0,3,64,3,70,0,18,101,4,123,98,8,106,229
09/25/2003,SAF,NM,ASW,WE,Federal Contract Tower,0,26,38,0,64,0,2,90,0,92,0,28,128,0,156,146,0,146,302
09/26/2003,SAF,NM,ASW,WE,Federal Contract Tower,0,28,26,3,57,0,0,95,0,95,0,28,121,3,152,118,0,118,270
09/27/2003,SAF,NM,ASW,WE,Federal Contract Tower,0,17,23,0,40,0,0,106,0,106,0,17,129,0,146,120,0,120,266
09/28/2003,SAF,NM,ASW,WE,Federal Contract Tower,0,37,54,2,93,0,0,95,0,95,0,37,149,2,188,84,0,84,272
09/29/2003,SAF,NM,ASW,WE,Federal Contract Tower,0,20,31,1,52,0,0,68,1,69,0,20,99,2,121,66,0,66,187
09/30/2003,SAF,NM,ASW,WE,Federal Contract Tower,0,12,16,0,28,0,2,70,4,76,0,14,86,4,104,60,14,74,178
10/01/2003,SAF,NM,ASW,WE,Federal Contract Tower,0,23,32,1,56,0,0,65,1,66,0,23,97,2,122,118,0,118,240
10/02/2003,SAF,NM,ASW,WE,Federal Contract Tower,0,25,20,2,47,0,1,70,0,71,0,26,90,2,118,28,2,30,148
10/03/2003,SAF,NM,ASW,WE,Federal Contract Tower,0,24,36,0,60,0,0,39,5,44,0,24,75,5,104,26,26,52,156
10/04/2003,SAF,NM,ASW,WE,Federal Contract Tower,0,18,36,0,54,0,0,45,4,49,0,18,81,4,103,82,12,94,197
10/05/2003,SAF,NM,ASW,WE,Federal Contract Tower,0,21,31,0,52,0,0,78,2,80,0,21,109,2,132,60,0,60,192
10/06/2003,SAF,NM,ASW,WE,Federal Contract Tower,0,25,29,0,54,0,0,69,0,69,0,25,98,0,123,22,0,22,145
10/07/2003,SAF,NM,ASW,WE,Federal Contract Tower,0,18,37,0,55,0,0,41,1,42,0,18,78,1,97,62,0,62,159
10/08/2003,SAF,NM,ASW,WE,Federal Contract Tower,0,14,18,3,35,0,1,57,5,63,0,15,75,8,98,76,14,90,188
10/09/2003,SAF,NM,ASW,WE,Federal Contract Tower,0,17,36,0,53,0,2,67,0,69,0,19,103,0,122,86,0,86,208
10/10/2003,SAF,NM,ASW,WE,Federal Contract Tower,0,19,31,9,59,0,0,86,3,89,0,19,117,12,148,122,8,130,278
10/11/2003,SAF,NM,ASW,WE,Federal Contract Tower,0,11,23,0,34,0,0,64,0,64,0,11,87,0,98,48,0,48,146
10/12/2003,SAF,NM,ASW,WE,Federal Contract Tower,0,17,21,0,38,0,0,69,0,69,0,17,90,0,107,74,0,74,181
10/13/2003,SAF,NM,ASW,WE,Federal Contract Tower,0,22,16,4,42,0,0,85,0,85,0,22,101,4,127,82,0,82,209
10/14/2003,SAF,NM,ASW,WE,Federal Contract Tower,0,15,16,2,33,0,0,45,4,49,0,15,61,6,82,64,8,72,154
10/15/2003,SAF,NM,ASW,WE,Federal Contract Tower,0,25,13,3,41,0,1,76,1,78,0,26,89,4,119,58,0,58,177
10/16/2003,SAF,NM,ASW,WE,Federal Contract Tower,0,26,30,4,60,0,0,83,9,92,0,26,113,13,152,90,16,106,258
10/17/2003,SAF,NM,ASW,WE,Federal Contract Tower,0,21,20,0,41,0,3,95,3,101,0,24,115,3,142,124,0,124,266
10/18/2003,SAF,NM,ASW,WE,Federal Contract Tower,0,11,20,1,32,0,1,115,0,116,0,12,135,1,148,158,0,158,306
10/19/2003,SAF,NM,ASW,WE,Federal Contract Tower,0,27,21,0,48,0,3,103,0,106,0,30,124,0,154,74,0,74,228
10/20/2003,SAF,NM,ASW,WE,Federal Contract Tower,0,26,24,0,50,0,0,74,5,79,0,26,98,5,129,44,0,44,173
10/21/2003,SAF,NM,ASW,WE,Federal Contract Tower,0,20,15,2,37,0,0,59,7,66,0,20,74,9,103,106,4,110,213
10/22/2003,SAF,NM,ASW,WE,Federal Contract Tower,0,22,16,0,38,0,1,85,3,89,0,23,101,3,127,88,2,90,217
10/23/2003,SAF,NM,ASW,WE,Federal Contract Tower,0,36,26,0,62,0,0,86,2,88,0,36,112,2,150,148,0,148,298
10/24/2003,SAF,NM,ASW,WE,Federal Contract Tower,0,21,20,10,51,0,2,100,4,106,0,23,120,14,157,222,42,264,421
10/25/2003,SAF,NM,ASW,WE,Federal Contract Tower,0,16,23,0,39,0,0,74,0,74,0,16,97,0,113,70,0,70,183
10/26/2003,SAF,NM,ASW,WE,Federal Contract Tower,0,32,30,2,64,0,0,84,2,86,0,32,114,4,150,60,6,66,216
10/27/2003,SAF,NM,ASW,WE,Federal Contract Tower,0,20,24,6,50,0,0,70,5,75,0,20,94,11,125,132,0,132,257
10/28/2003,SAF,NM,ASW,WE,Federal Contract Tower,0,14,31,0,45,0,0,46,0,46,0,14,77,0,91,92,0,92,183
10/29/2003,SAF,NM,ASW,WE,Federal Contract Tower,0,14,19,1,34,0,1,73,6,80,0,15,92,7,114,64,4,68,182
10/30/2003,SAF,NM,ASW,WE,Federal Contract Tower,0,7,22,4,33,0,0,65,5,70,0,7,87,9,103,102,16,118,221
10/31/2003,SAF,NM,ASW,WE,Federal Contract Tower,0,11,29,1,41,0,0,64,0,64,0,11,93,1,105,130,0,130,235
11/01/2003,SAF,NM,ASW,WE,Federal Contract Tower,0,12,21,0,33,0,0,43,2,45,0,12,64,2,78,96,2,98,176
11/02/2003,SAF,NM,ASW,WE,Federal Contract Tower,0,19,32,0,51,0,0,51,4,55,0,19,83,4,106,100,12,112,218
11/03/2003,SAF,NM,ASW,WE,Federal Contract Tower,0,21,34,5,60,0,0,30,0,30,0,21,64,5,90,34,0,34,124
11/04/2003,SAF,NM,ASW,WE,Federal Contract Tower,0,12,21,2,35,0,0,45,9,54,0,12,66,11,89,92,10,102,191
11/05/2003,SAF,NM,ASW,WE,Federal Contract Tower,0,15,27,1,43,0,0,65,2,67,0,15,92,3,110,154,0,154,264
11/06/2003,SAF,NM,ASW,WE,Federal Contract Tower,0,18,23,2,43,0,0,82,4,86,0,18,105,6,129,184,4,188,317
11/07/2003,SAF,NM,ASW,WE,Federal Contract Tower,0,18,30,4,52,0,3,62,3,68,0,21,92,7,120,158,12,170,290
11/08/2003,SAF,NM,ASW,WE,Federal Contract Tower,0,16,21,0,37,0,0,75,5,80,0,16,96,5,117,182,2,184,301
11/09/2003,SAF,NM,ASW,WE,Federal Contract Tower,0,28,34,2,64,0,0,93,17,110,0,28,127,19,174,156,10,166,340
11/10/2003,SAF,NM,ASW,WE,Federal Contract Tower,0,18,28,2,48,0,1,60,1,62,0,19,88,3,110,40,0,40,150
11/11/2003,SAF,NM,ASW,WE,Federal Contract Tower,0,15,25,0,40,0,1,46,7,54,0,16,71,7,94,188,8,196,290
11/12/2003,SAF,NM,ASW,WE,Federal Contract Tower,0,18,24,0,42,0,1,32,0,33,0,19,56,0,75,84,0,84,159
11/13/2003,SAF,NM,ASW,WE,Federal Contract Tower,0,16,12,0,28,0,0,2,0,2,0,16,14,0,30,2,0,2,32
11/14/2003,SAF,NM,ASW,WE,Federal Contract Tower,0,22,24,0,46,0,2,40,0,42,0,24,64,0,88,98,0,98,186
11/15/2003,SAF,NM,ASW,WE,Federal Contract Tower,0,16,24,0,40,0,1,73,1,75,0,17,97,1,115,168,0,168,283
11/16/2003,SAF,NM,ASW,WE,Federal Contract Tower,0,24,19,0,43,0,0,87,0,87,0,24,106,0,130,168,0,168,298
11/17/2003,SAF,NM,ASW,WE,Federal Contract Tower,0,17,23,5,45,0,0,46,3,49,0,17,69,8,94,122,4,126,220
11/18/2003,SAF,NM,ASW,WE,Federal Contract Tower,0,19,20,5,44,0,0,79,1,80,0,19,99,6,124,184,2,186,310
11/19/2003,SAF,NM,ASW,WE,Federal Contract Tower,0,12,22,1,35,0,3,96,2,101,0,15,118,3,136,228,0,228,364
11/20/2003,SAF,NM,ASW,WE,Federal Contract Tower,0,15,15,2,32,0,2,67,8,77,0,17,82,10,109,156,4,160,269
11/21/2003,SAF,NM,ASW,WE,Federal Contract Tower,0,18,20,0,38,0,4,94,2,100,0,22,114,2,138,246,0,246,384
11/22/2003,SAF,NM,ASW,WE,Federal Contract Tower,0,15,12,0,27,0,0,15,0,15,0,15,27,0,42,14,0,14,56
11/23/2003,SAF,NM,ASW,WE,Federal Contract Tower,0,20,16,0,36,0,0,27,0,27,0,20,43,0,63,58,0,58,121
11/24/2003,SAF,NM,ASW,WE,Federal Contract Tower,0,16,14,2,32,0,0,66,0,66,0,16,80,2,98,66,2,68,166
11/25/2003,SAF,NM,ASW,WE,Federal Contract Tower,0,25,27,2,54,0,2,71,6,79,0,27,98,8,133,140,14,154,287
11/26/2003,SAF,NM,ASW,WE,Federal Contract Tower,0,19,29,0,48,0,0,67,0,67,0,19,96,0,115,26,0,26,141
11/27/2003,SAF,NM,ASW,WE,Federal Contract Tower,0,9,5,0,14,0,0,27,0,27,0,9,32,0,41,12,0,12,53
11/28/2003,SAF,NM,ASW,WE,Federal Contract Tower,0,12,12,0,24,0,1,71,0,72,0,13,83,0,96,42,0,42,138
11/29/2003,SAF,NM,ASW,WE,Federal Contract Tower,0,13,16,0,29,0,1,102,0,103,0,14,118,0,132,128,0,128,260
11/30/2003,SAF,NM,ASW,WE,Federal Contract Tower,0,22,47,2,71,0,1,83,0,84,0,23,130,2,155,66,0,66,221
12/01/2003,SAF,NM,ASW,WE,Federal Contract Tower,0,16,13,0,29,0,0,63,0,63,0,16,76,0,92,48,0,48,140
12/02/2003,SAF,NM,ASW,WE,Federal Contract Tower,0,21,20,0,41,0,1,48,4,53,0,22,68,4,94,52,0,52,146
12/03/2003,SAF,NM,ASW,WE,Federal Contract Tower,0,19,14,2,35,0,0,77,1,78,0,19,91,3,113,154,0,154,267
12/04/2003,SAF,NM,ASW,WE,Federal Contract Tower,0,18,24,0,42,0,0,71,2,73,0,18,95,2,115,100,4,104,219
12/05/2003,SAF,NM,ASW,WE,Federal Contract Tower,0,24,29,3,56,0,0,49,3,52,0,24,78,6,108,60,2,62,170
12/06/2003,SAF,NM,ASW,WE,Federal Contract Tower,0,15,6,2,23,0,0,75,4,79,0,15,81,6,102,158,2,160,262
12/07/2003,SAF,NM,ASW,WE,Federal Contract Tower,0,23,23,2,48,0,0,55,3,58,0,23,78,5,106,80,4,84,190
12/08/2003,SAF,NM,ASW,WE,Federal Contract Tower,0,16,19,0,35,0,0,3,3,6,0,16,22,3,41,18,0,18,59
12/09/2003,SAF,NM,ASW,WE,Federal Contract Tower,0,25,12,0,37,0,0,62,11,73,0,25,74,11,110,98,0,98,208
12/10/2003,SAF,NM,ASW,WE,Federal Contract Tower,0,17,16,0,33,0,0,53,1,54,0,17,69,1,87,90,0,90,177
12/11/2003,SAF,NM,ASW,WE,Federal Contract Tower,0,18,13,0,31,0,1,59,2,62,0,19,72,2,93,112,0,112,205
12/12/2003,SAF,NM,ASW,WE,Federal Contract Tower,0,17,19,1,37,0,1,15,1,17,0,18,34,2,54,42,0,42,96
12/13/2003,SAF,NM,ASW,WE,Federal Contract Tower,0,12,16,0,28,0,0,66,0,66,0,12,82,0,94,202,0,202,296
12/14/2003,SAF,NM,ASW,WE,Federal Contract Tower,0,14,17,0,31,0,0,80,0,80,0,14,97,0,111,142,0,142,253
12/15/2003,SAF,NM,ASW,WE,Federal Contract Tower,0,15,23,1,39,0,1,1,1,3,0,16,24,2,42,0,0,0,42
12/16/2003,SAF,NM,ASW,WE,Federal Contract Tower,0,14,21,2,37,0,0,60,10,70,0,14,81,12,107,78,12,90,197
12/17/2003,SAF,NM,ASW,WE,Federal Contract Tower,0,15,21,0,36,0,0,61,3,64,0,15,82,3,100,148,0,148,248
12/18/2003,SAF,NM,ASW,WE,Federal Contract Tower,0,14,24,0,38,0,0,87,2,89,0,14,111,2,127,116,0,116,243
12/19/2003,SAF,NM,ASW,WE,Federal Contract Tower,0,18,26,0,44,0,0,72,3,75,0,18,98,3,119,102,0,102,221
12/20/2003,SAF,NM,ASW,WE,Federal Contract Tower,0,17,17,0,34,0,0,106,0,106,0,17,123,0,140,190,0,190,330
12/21/2003,SAF,NM,ASW,WE,Federal Contract Tower,0,20,28,3,51,0,1,56,0,57,0,21,84,3,108,82,4,86,194
12/22/2003,SAF,NM,ASW,WE,Federal Contract Tower,0,15,29,0,44,0,1,22,0,23,0,16,51,0,67,56,4,60,127
12/23/2003,SAF,NM,ASW,WE,Federal Contract Tower,0,23,15,0,38,0,0,75,2,77,0,23,90,2,115,82,2,84,199
12/24/2003,SAF,NM,ASW,WE,Federal Contract Tower,0,11,13,0,24,0,0,62,0,62,0,11,75,0,86,26,0,26,112
12/25/2003,SAF,NM,ASW,WE,Federal Contract Tower,0,11,7,0,18,0,0,34,0,34,0,11,41,0,52,26,0,26,78
12/26/2003,SAF,NM,ASW,WE,Federal Contract Tower,0,22,36,0,58,0,0,36,0,36,0,22,72,0,94,32,0,32,126
12/27/2003,SAF,NM,ASW,WE,Federal Contract Tower,0,17,34,0,51,0,0,33,0,33,0,17,67,0,84,26,0,26,110
12/28/2003,SAF,NM,ASW,WE,Federal Contract Tower,0,28,15,0,43,0,0,55,0,55,0,28,70,0,98,60,0,60,158
12/29/2003,SAF,NM,ASW,WE,Federal Contract Tower,0,16,26,0,42,0,0,76,0,76,0,16,102,0,118,84,0,84,202
12/30/2003,SAF,NM,ASW,WE,Federal Contract Tower,0,19,21,1,41,0,0,85,0,85,0,19,106,1,126,100,0,100,226
12/31/2003,SAF,NM,ASW,WE,Federal Contract Tower,0,14,15,0,29,0,4,41,2,47,0,18,56,2,76,104,0,104,180
01/01/2004,SAF,NM,ASW,WE,Federal Contract Tower,0,9,25,0,34,0,0,57,0,57,0,9,82,0,91,60,0,60,151
01/02/2004,SAF,NM,ASW,WE,Federal Contract Tower,0,11,30,0,41,0,0,46,0,46,0,11,76,0,87,32,0,32,119
01/03/2004,SAF,NM,ASW,WE,Federal Contract Tower,0,13,15,0,28,0,0,23,0,23,0,13,38,0,51,76,0,76,127
01/04/2004,SAF,NM,ASW,WE,Federal Contract Tower,0,16,29,0,45,0,0,52,0,52,0,16,81,0,97,76,0,76,173
01/05/2004,SAF,NM,ASW,WE,Federal Contract Tower,0,18,11,0,29,0,0,49,3,52,0,18,60,3,81,52,2,54,135
01/06/2004,SAF,NM,ASW,WE,Federal Contract Tower,0,18,12,1,31,0,1,62,6,69,0,19,74,7,100,96,2,98,198
01/07/2004,SAF,NM,ASW,WE,Federal Contract Tower,0,13,17,5,35,0,0,62,3,65,0,13,79,8,100,102,14,116,216
01/08/2004,SAF,NM,ASW,WE,Federal Contract Tower,0,13,13,1,27,0,0,54,0,54,0,13,67,1,81,54,0,54,135
01/09/2004,SAF,NM,ASW,WE,Federal Contract Tower,0,18,12,0,30,0,0,58,2,60,0,18,70,2,90,116,0,116,206
01/10/2004,SAF,NM,ASW,WE,Federal Contract Tower,0,15,15,0,30,0,1,98,2,101,0,16,113,2,131,128,0,128,259
01/11/2004,SAF,NM,ASW,WE,Federal Contract Tower,0,21,17,0,38,0,0,83,0,83,0,21,100,0,121,114,0,114,235
01/12/2004,SAF,NM,ASW,WE,Federal Contract Tower,0,12,17,0,29,0,0,56,4,60,0,12,73,4,89,72,0,72,161
01/13/2004,SAF,NM,ASW,WE,Federal Contract Tower,0,17,16,2,35,0,0,67,2,69,0,17,83,4,104,84,0,84,188
01/14/2004,SAF,NM,ASW,WE,Federal Contract Tower,0,16,9,0,25,0,0,44,11,55,0,16,53,11,80,124,26,150,230
01/15/2004,SAF,NM,ASW,WE,Federal Contract Tower,0,16,22,2,40,0,0,2,1,3,0,16,24,3,43,0,0,0,43
01/16/2004,SAF,NM,ASW,WE,Federal Contract Tower,0,22,44,0,66,0,0,37,0,37,0,22,81,0,103,18,0,18,121
01/17/2004,SAF,NM,ASW,WE,Federal Contract Tower,0,14,23,0,37,0,1,25,0,26,0,15,48,0,63,42,0,42,105
01/18/2004,SAF,NM,ASW,WE,Federal Contract Tower,0,15,14,0,29,0,0,109,0,109,0,15,123,0,138,184,0,184,322
01/19/2004,SAF,NM,ASW,WE,Federal Contract Tower,0,20,23,0,43,0,0,65,0,65,0,20,88,0,108,94,0,94,202
01/20/2004,SAF,NM,ASW,WE,Federal Contract Tower,0,14,28,0,42,0,0,0,0,0,0,14,28,0,42,6,0,6,48
01/21/2004,SAF,NM,ASW,WE,Federal Contract Tower,0,16,21,0,37,0,0,13,6,19,0,16,34,6,56,18,18,36,92
01/22/2004,SAF,NM,ASW,WE,Federal Contract Tower,0,18,26,2,46,0,0,75,6,81,0,18,101,8,127,98,2,100,227
01/23/2004,SAF,NM,ASW,WE,Federal Contract Tower,0,17,23,4,44,0,0,71,3,74,0,17,94,7,118,116,14,130,248
01/24/2004,SAF,NM,ASW,WE,Federal Contract Tower,0,19,10,0,29,0,0,97,9,106,0,19,107,9,135,248,4,252,387
01/25/2004,SAF,NM,ASW,WE,Federal Contract Tower,0,22,19,1,42,0,1,19,0,20,0,23,38,1,62,52,0,52,114
01/26/2004,SAF,NM,ASW,WE,Federal Contract Tower,0,21,16,5,42,0,1,31,2,34,0,22,47,7,76,30,0,30,106
01/27/2004,SAF,NM,ASW,WE,Federal Contract Tower,0,13,17,0,30,0,1,65,0,66,0,14,82,0,96,54,0,54,150
01/28/2004,SAF,NM,ASW,WE,Federal Contract Tower,0,14,23,0,37,0,0,43,8,51,0,14,66,8,88,36,6,42,130
01/29/2004,SAF,NM,ASW,WE,Federal Contract Tower,0,15,17,1,33,0,0,84,5,89,0,15,101,6,122,140,0,140,262
01/30/2004,SAF,NM,ASW,WE,Federal Contract Tower,0,20,24,3,47,0,0,94,6,100,0,20,118,9,147,158,2,160,307
01/31/2004,SAF,NM,ASW,WE,Federal Contract Tower,0,12,22,2,36,0,0,62,0,62,0,12,84,2,98,130,0,130,228
02/01/2004,SAF,NM,ASW,WE,Federal Contract Tower,0,18,14,0,32,0,0,8,0,8,0,18,22,0,40,4,0,4,44
02/02/2004,SAF,NM,ASW,WE,Federal Contract Tower,0,14,25,5,44,0,0,62,2,64,0,14,87,7,108,84,10,94,202
02/03/2004,SAF,NM,ASW,WE,Federal Contract Tower,0,17,30,0,47,0,1,23,2,26,0,18,53,2,73,44,0,44,117
02/04/2004,SAF,NM,ASW,WE,Federal Contract Tower,0,12,15,0,27,0,0,11,3,14,0,12,26,3,41,26,0,26,67
02/05/2004,SAF,NM,ASW,WE,Federal Contract Tower,0,16,14,1,31,0,0,25,8,33,0,16,39,9,64,40,26,66,130
02/06/2004,SAF,NM,ASW,WE,Federal Contract Tower,0,20,26,9,55,0,0,71,1,72,0,20,97,10,127,66,18,84,211
02/07/2004,SAF,NM,ASW,WE,Federal Contract Tower,0,11,18,0,29,0,0,109,8,117,0,11,127,8,146,292,18,310,456
02/08/2004,SAF,NM,ASW,WE,Federal Contract Tower,0,20,25,9,54,0,0,62,9,71,0,20,87,18,125,128,18,146,271
02/09/2004,SAF,NM,ASW,WE,Federal Contract Tower,0,16,27,2,45,0,0,49,0,49,0,16,76,2,94,42,14,56,150
02/10/2004,SAF,NM,ASW,WE,Federal Contract Tower,0,18,20,0,38,0,3,55,3,61,0,21,75,3,99,84,2,86,185
02/11/2004,SAF,NM,ASW,WE,Federal Contract Tower,0,25,25,0,50,0,2,42,2,46,0,27,67,2,96,72,0,72,168
02/12/2004,SAF,NM,ASW,WE,Federal Contract Tower,0,21,21,0,42,0,0,8,0,8,0,21,29,0,50,0,0,0,50
02/13/2004,SAF,NM,ASW,WE,Federal Contract Tower,0,25,21,19,65,0,4,48,0,52,0,29,69,19,117,80,22,102,219
02/14/2004,SAF,NM,ASW,WE,Federal Contract Tower,0,16,9,5,30,0,0,65,6,71,0,16,74,11,101,162,4,166,267
02/15/2004,SAF,NM,ASW,WE,Federal Contract Tower,0,22,18,3,43,0,0,50,23,73,0,22,68,26,116,24,142,166,282
02/16/2004,SAF,NM,ASW,WE,Federal Contract Tower,0,24,16,11,51,0,0,95,8,103,0,24,111,19,154,114,10,124,278
02/17/2004,SAF,NM,ASW,WE,Federal Contract Tower,0,17,25,0,42,0,0,80,1,81,0,17,105,1,123,136,0,136,259
02/18/2004,SAF,NM,ASW,WE,Federal Contract Tower,0,18,24,2,44,0,0,99,0,99,0,18,123,2,143,142,4,146,289
02/19/2004,SAF,NM,ASW,WE,Federal Contract Tower,0,19,22,0,41,0,0,33,1,34,0,19,55,1,75,54,0,54,129
02/20/2004,SAF,NM,ASW,WE,Federal Contract Tower,0,24,30,2,56,0,0,72,3,75,0,24,102,5,131,162,4,166,297
02/21/2004,SAF,NM,ASW,WE,Federal Contract Tower,0,15,17,0,32,0,0,23,0,23,0,15,40,0,55,20,0,20,75
02/22/2004,SAF,NM,ASW,WE,Federal Contract Tower,0,20,19,0,39,0,0,61,0,61,0,20,80,0,100,84,0,84,184
02/23/2004,SAF,NM,ASW,WE,Federal Contract Tower,0,16,20,0,36,0,0,32,0,32,0,16,52,0,68,116,0,116,184
02/24/2004,SAF,NM,ASW,WE,Federal Contract Tower,0,13,10,0,23,0,0,0,0,0,0,13,10,0,23,2,0,2,25
02/25/2004,SAF,NM,ASW,WE,Federal Contract Tower,0,15,21,2,38,0,0,63,4,67,0,15,84,6,105,104,0,104,209
02/26/2004,SAF,NM,ASW,WE,Federal Contract Tower,0,18,26,0,44,0,0,78,1,79,0,18,104,1,123,60,0,60,183
02/27/2004,SAF,NM,ASW,WE,Federal Contract Tower,0,29,12,7,48,0,0,74,0,74,0,29,86,7,122,140,18,158,280
02/28/2004,SAF,NM,ASW,WE,Federal Contract Tower,0,17,11,2,30,0,1,12,7,20,0,18,23,9,50,18,12,30,80
02/29/2004,SAF,NM,ASW,WE,Federal Contract Tower,0,28,16,2,46,0,0,40,0,40,0,28,56,2,86,84,6,90,176
03/01/2004,SAF,NM,ASW,WE,Federal Contract Tower,0,19,21,0,40,0,1,66,0,67,0,20,87,0,107,84,0,84,191
03/02/2004,SAF,NM,ASW,WE,Federal Contract Tower,0,14,20,0,34,0,0,0,2,2,0,14,20,2,36,0,0,0,36
03/03/2004,SAF,NM,ASW,WE,Federal Contract Tower,0,18,21,0,39,0,0,14,2,16,0,18,35,2,55,48,2,50,105
03/04/2004,SAF,NM,ASW,WE,Federal Contract Tower,0,21,22,0,43,0,0,3,0,3,0,21,25,0,46,4,0,4,50
03/05/2004,SAF,NM,ASW,WE,Federal Contract Tower,0,23,19,4,46,0,0,26,0,26,0,23,45,4,72,24,6,30,102
03/06/2004,SAF,NM,ASW,WE,Federal Contract Tower,0,16,19,1,36,0,3,103,3,109,0,19,122,4,145,256,6,262,407
03/07/2004,SAF,NM,ASW,WE,Federal Contract Tower,0,31,16,0,47,0,0,150,6,156,0,31,166,6,203,192,2,194,397
03/08/2004,SAF,NM,ASW,WE,Federal Contract Tower,0,14,22,0,36,0,1,68,0,69,0,15,90,0,105,184,0,184,289
03/09/2004,SAF,NM,ASW,WE,Federal Contract Tower,0,16,24,2,42,0,0,78,1,79,0,16,102,3,121,96,0,96,217
03/10/2004,SAF,NM,ASW,WE,Federal Contract Tower,0,13,22,0,35,0,2,85,1,88,0,15,107,1,123,150,0,150,273
03/11/2004,SAF,NM,ASW,WE,Federal Contract Tower,0,18,25,0,43,0,1,48,5,54,0,19,73,5,97,108,4,112,209
03/12/2004,SAF,NM,ASW,WE,Federal Contract Tower,0,22,27,2,51,0,0,65,4,69,0,22,92,6,120,154,12,166,286
03/13/2004,SAF,NM,ASW,WE,Federal Contract Tower,0,16,27,0,43,0,1,91,0,92,0,17,118,0,135,124,0,124,259
03/14/2004,SAF,NM,ASW,WE,Federal Contract Tower,0,14,18,0,32,0,0,89,0,89,0,14,107,0,121,116,0,116,237
03/15/2004,SAF,NM,ASW,WE,Federal Contract Tower,0,21,19,0,40,0,0,58,0,58,0,21,77,0,98,56,0,56,154
03/16/2004,SAF,NM,ASW,WE,Federal Contract Tower,0,17,17,0,34,0,0,71,1,72,0,17,88,1,106,46,0,46,152
03/17/2004,SAF,NM,ASW,WE,Federal Contract Tower,0,22,12,0,34,0,0,60,1,61,0,22,72,1,95,74,0,74,169
03/18/2004,SAF,NM,ASW,WE,Federal Contract Tower,0,17,18,0,35,0,0,123,6,129,0,17,141,6,164,142,26,168,332
03/19/2004,SAF,NM,ASW,WE,Federal Contract Tower,0,20,26,2,48,0,2,109,1,112,0,22,135,3,160,150,0,150,310
03/20/2004,SAF,NM,ASW,WE,Federal Contract Tower,0,18,33,0,51,0,2,111,1,114,0,20,144,1,165,210,0,210,375
03/21/2004,SAF,NM,ASW,WE,Federal Contract Tower,0,21,23,0,44,0,0,100,3,103,0,21,123,3,147,166,0,166,313
03/22/2004,SAF,NM,ASW,WE,Federal Contract Tower,0,13,31,0,44,0,3,69,0,72,0,16,100,0,116,96,0,96,212
03/23/2004,SAF,NM,ASW,WE,Federal Contract Tower,0,16,16,0,32,0,0,38,5,43,0,16,54,5,75,48,12,60,135
03/24/2004,SAF,NM,ASW,WE,Federal Contract Tower,0,18,27,1,46,0,0,57,1,58,0,18,84,2,104,70,4,74,178
03/25/2004,SAF,NM,ASW,WE,Federal Contract Tower,0,18,25,1,44,0,0,53,6,59,0,18,78,7,103,94,4,98,201
03/26/2004,SAF,NM,ASW,WE,Federal Contract Tower,0,15,24,1,40,0,1,82,1,84,0,16,106,2,124,100,12,112,236
03/27/2004,SAF,NM,ASW,WE,Federal Contract Tower,0,22,14,0,36,0,0,29,0,29,0,22,43,0,65,26,0,26,91
03/28/2004,SAF,NM,ASW,WE,Federal Contract Tower,0,34,22,2,58,0,0,103,0,103,0,34,125,2,161,156,0,156,317
03/29/2004,SAF,NM,ASW,WE,Federal Contract Tower,0,23,23,4,50,0,1,64,0,65,0,24,87,4,115,24,0,24,139
03/30/2004,SAF,NM,ASW,WE,Federal Contract Tower,0,18,29,0,47,0,0,58,5,63,0,18,87,5,110,76,0,76,186
03/31/2004,SAF,NM,ASW,WE,Federal Contract Tower,0,20,16,0,36,0,0,56,4,60,0,20,72,4,96,126,0,126,222
04/01/2004,SAF,NM,ASW,WE,Federal Contract Tower,0,17,21,0,38,0,2,56,0,58,0,19,77,0,96,68,0,68,164
04/02/2004,SAF,NM,ASW,WE,Federal Contract Tower,0,19,21,6,46,0,5,4,0,9,0,24,25,6,55,16,0,16,71
04/03/2004,SAF,NM,ASW,WE,Federal Contract Tower,0,13,11,3,27,0,0,9,2,11,0,13,20,5,38,44,0,44,82
04/04/2004,SAF,NM,ASW,WE,Federal Contract Tower,0,18,15,0,33,0,0,0,0,0,0,18,15,0,33,20,0,20,53
04/05/2004,SAF,NM,ASW,WE,Federal Contract Tower,0,13,15,0,28,0,0,44,2,46,0,13,59,2,74,52,14,66,140
04/06/2004,SAF,NM,ASW,WE,Federal Contract Tower,0,23,9,1,33,0,0,47,2,49,0,23,56,3,82,78,0,78,160
04/07/2004,SAF,NM,ASW,WE,Federal Contract Tower,0,23,13,0,36,0,2,64,4,70,0,25,77,4,106,80,0,80,186
04/08/2004,SAF,NM,ASW,WE,Federal Contract Tower,0,21,21,0,42,0,0,23,4,27,0,21,44,4,69,40,2,42,111
04/09/2004,SAF,NM,ASW,WE,Federal Contract Tower,0,20,13,0,33,0,2,71,0,73,0,22,84,0,106,164,0,164,270
04/10/2004,SAF,NM,ASW,WE,Federal Contract Tower,0,14,15,0,29,0,1,20,0,21,0,15,35,0,50,122,0,122,172
04/11/2004,SAF,NM,ASW,WE,Federal Contract Tower,0,28,12,0,40,0,1,3,0,4,0,29,15,0,44,16,0,16,60
04/12/2004,SAF,NM,ASW,WE,Federal Contract Tower,0,26,20,0,46,0,1,64,3,68,0,27,84,3,114,122,0,122,236
04/13/2004,SAF,NM,ASW,WE,Federal Contract Tower,0,18,9,0,27,0,4,87,9,100,0,22,96,9,127,122,4,126,253
04/14/2004,SAF,NM,ASW,WE,Federal Contract Tower,0,20,21,1,42,0,5,80,5,90,0,25,101,6,132,150,12,162,294
04/15/2004,SAF,NM,ASW,WE,Federal Contract Tower,0,20,17,0,37,0,0,73,2,75,0,20,90,2,112,104,2,106,218
04/16/2004,SAF,NM,ASW,WE,Federal Contract Tower,0,17,14,0,31,0,1,115,1,117,0,18,129,1,148,166,0,166,314
04/17/2004,SAF,NM,ASW,WE,Federal Contract Tower,0,17,10,0,27,0,0,66,4,70,0,17,76,4,97,118,4,122,219
04/18/2004,SAF,NM,ASW,WE,Federal Contract Tower,0,22,22,0,44,0,0,38,2,40,0,22,60,2,84,40,12,52,136
04/19/2004,SAF,NM,ASW,WE,Federal Contract Tower,0,13,17,2,32,0,0,62,3,65,0,13,79,5,97,88,4,92,189
04/20/2004,SAF,NM,ASW,WE,Federal Contract Tower,0,16,24,0,40,0,2,44,5,51,0,18,68,5,91,38,8,46,137
04/21/2004,SAF,NM,ASW,WE,Federal Contract Tower,0,17,26,3,46,0,1,69,3,73,0,18,95,6,119,56,8,64,183
04/22/2004,SAF,NM,ASW,WE,Federal Contract Tower,0,26,23,2,51,0,2,45,5,52,0,28,68,7,103,8,4,12,115
04/23/2004,SAF,NM,ASW,WE,Federal Contract Tower,0,25,25,5,55,0,0,47,5,52,0,25,72,10,107,130,8,138,245
04/24/2004,SAF,NM,ASW,WE,Federal Contract Tower,0,12,16,1,29,0,1,56,1,58,0,13,72,2,87,116,0,116,203
04/25/2004,SAF,NM,ASW,WE,Federal Contract Tower,0,25,37,0,62,0,0,71,1,72,0,25,108,1,134,114,0,114,248
04/26/2004,SAF,NM,ASW,WE,Federal Contract Tower,0,19,20,0,39,0,0,82,1,83,0,19,102,1,122,114,0,114,236
04/27/2004,SAF,NM,ASW,WE,Federal Contract Tower,0,17,14,2,33,0,3,58,1,62,0,20,72,3,95,66,2,68,163
04/28/2004,SAF,NM,ASW,WE,Federal Contract Tower,0,14,22,0,36,0,1,59,0,60,0,15,81,0,96,118,0,118,214
04/29/2004,SAF,NM,ASW,WE,Federal Contract Tower,0,27,10,0,37,0,0,34,2,36,0,27,44,2,73,28,2,30,103
04/30/2004,SAF,NM,ASW,WE,Federal Contract Tower,0,18,28,0,46,0,0,57,4,61,0,18,85,4,107,106,6,112,219
05/01/2004,SAF,NM,ASW,WE,Federal Contract Tower,0,11,16,0,27,0,0,106,9,115,0,11,122,9,142,152,0,152,294
05/02/2004,SAF,NM,ASW,WE,Federal Contract Tower,0,27,21,0,48,0,0,69,12,81,0,27,90,12,129,168,0,168,297
05/03/2004,SAF,NM,ASW,WE,Federal Contract Tower,0,21,7,0,28,0,0,72,2,74,0,21,79,2,102,42,2,44,146
05/04/2004,SAF,NM,ASW,WE,Federal Contract Tower,0,23,21,0,44,0,0,60,1,61,0,23,81,1,105,46,2,48,153
05/05/2004,SAF,NM,ASW,WE,Federal Contract Tower,0,15,25,0,40,0,0,56,7,63,0,15,81,7,103,26,6,32,135
05/06/2004,SAF,NM,ASW,WE,Federal Contract Tower,0,24,25,0,49,0,0,85,5,90,0,24,110,5,139,116,6,122,261
05/07/2004,SAF,NM,ASW,WE,Federal Contract Tower,0,37,28,2,67,0,6,69,1,76,0,43,97,3,143,76,0,76,219
05/08/2004,SAF,NM,ASW,WE,Federal Contract Tower,0,22,19,0,41,0,0,82,0,82,0,22,101,0,123,126,0,126,249
05/09/2004,SAF,NM,ASW,WE,Federal Contract Tower,0,27,20,0,47,0,0,73,0,73,0,27,93,0,120,104,0,104,224
05/10/2004,SAF,NM,ASW,WE,Federal Contract Tower,0,21,25,0,46,0,1,78,2,81,0,22,103,2,127,154,0,154,281
05/11/2004,SAF,NM,ASW,WE,Federal Contract Tower,0,19,15,4,38,0,2,42,0,44,0,21,57,4,82,62,0,62,144
05/12/2004,SAF,NM,ASW,WE,Federal Contract Tower,0,23,17,2,42,0,1,49,2,52,0,24,66,4,94,66,0,66,160
05/13/2004,SAF,NM,ASW,WE,Federal Contract Tower,0,26,28,2,56,0,4,87,6,97,0,30,115,8,153,124,0,124,277
05/14/2004,SAF,NM,ASW,WE,Federal Contract Tower,0,23,34,5,62,0,0,101,2,103,0,23,135,7,165,172,6,178,343
05/15/2004,SAF,NM,ASW,WE,Federal Contract Tower,0,19,21,1,41,0,2,96,1,99,0,21,117,2,140,180,2,182,322
05/16/2004,SAF,NM,ASW,WE,Federal Contract Tower,0,19,25,0,44,0,0,104,0,104,0,19,129,0,148,138,0,138,286
05/17/2004,SAF,NM,ASW,WE,Federal Contract Tower,0,19,22,3,44,0,0,54,5,59,0,19,76,8,103,52,16,68,171
05/18/2004,SAF,NM,ASW,WE,Federal Contract Tower,0,17,18,2,37,0,0,68,2,70,0,17,86,4,107,68,16,84,191
05/19/2004,SAF,NM,ASW,WE,Federal Contract Tower,0,23,30,2,55,0,1,69,1,71,0,24,99,3,126,64,0,64,190
05/20/2004,SAF,NM,ASW,WE,Federal Contract Tower,0,20,22,3,45,0,0,67,9,76,0,20,89,12,121,60,2,62,183
05/21/2004,SAF,NM,ASW,WE,Federal Contract Tower,0,30,17,0,47,0,1,84,3,88,0,31,101,3,135,88,0,88,223
05/22/2004,SAF,NM,ASW,WE,Federal Contract Tower,0,15,12,0,27,0,0,70,0,70,0,15,82,0,97,54,0,54,151
05/23/2004,SAF,NM,ASW,WE,Federal Contract Tower,0,21,26,0,47,0,0,83,0,83,0,21,109,0,130,96,0,96,226
05/24/2004,SAF,NM,ASW,WE,Federal Contract Tower,0,14,24,2,40,0,6,75,2,83,0,20,99,4,123,100,0,100,223
05/25/2004,SAF,NM,ASW,WE,Federal Contract Tower,0,15,12,1,28,0,1,59,7,67,0,16,71,8,95,46,10,56,151
05/26/2004,SAF,NM,ASW,WE,Federal Contract Tower,0,20,32,1,53,0,0,54,4,58,0,20,86,5,111,44,6,50,161
05/27/2004,SAF,NM,ASW,WE,Federal Contract Tower,0,19,20,0,39,0,0,61,6,67,0,19,81,6,106,142,0,142,248
05/28/2004,SAF,NM,ASW,WE,Federal Contract Tower,0,26,38,0,64,0,0,102,0,102,0,26,140,0,166,166,0,166,332
05/29/2004,SAF,NM,ASW,WE,Federal Contract Tower,0,16,12,0,28,0,1,64,0,65,0,17,76,0,93,40,0,40,133
05/30/2004,SAF,NM,ASW,WE,Federal Contract Tower,0,19,11,0,30,0,0,43,0,43,0,19,54,0,73,54,0,54,127
05/31/2004,SAF,NM,ASW,WE,Federal Contract Tower,0,24,23,0,47,0,0,96,3,99,0,24,119,3,146,104,0,104,250
06/01/2004,SAF,NM,ASW,WE,Federal Contract Tower,0,19,20,1,40,0,1,58,1,60,0,20,78,2,100,114,2,116,216
06/02/2004,SAF,NM,ASW,WE,Federal Contract Tower,0,23,24,1,48,0,3,67,1,71,0,26,91,2,119,84,0,84,203
06/03/2004,SAF,NM,ASW,WE,Federal Contract Tower,0,21,21,1,43,0,2,66,6,74,0,23,87,7,117,92,22,114,231
06/04/2004,SAF,NM,ASW,WE,Federal Contract Tower,0,18,17,0,35,0,3,85,8,96,0,21,102,8,131,156,8,164,295
06/05/2004,SAF,NM,ASW,WE,Federal Contract Tower,0,18,18,0,36,0,10,88,9,107,0,28,106,9,143,86,12,98,241
06/06/2004,SAF,NM,ASW,WE,Federal Contract Tower,0,22,22,1,45,0,4,85,12,101,0,26,107,13,146,76,12,88,234
06/07/2004,SAF,NM,ASW,WE,Federal Contract Tower,0,21,22,1,44,0,5,62,7,74,0,26,84,8,118,104,0,104,222
06/08/2004,SAF,NM,ASW,WE,Federal Contract Tower,0,22,22,1,45,0,3,62,4,69,0,25,84,5,114,58,4,62,176
06/09/2004,SAF,NM,ASW,WE,Federal Contract Tower,0,19,19,1,39,0,2,60,11,73,0,21,79,12,112,90,0,90,202
06/10/2004,SAF,NM,ASW,WE,Federal Contract Tower,0,25,26,1,52,0,3,66,8,77,0,28,92,9,129,92,4,96,225
06/11/2004,SAF,NM,ASW,WE,Federal Contract Tower,0,24,25,2,51,0,0,113,0,113,0,24,138,2,164,106,0,106,270
06/12/2004,SAF,NM,ASW,WE,Federal Contract Tower,0,17,18,1,36,0,0,97,3,100,0,17,115,4,136,108,6,114,250
06/13/2004,SAF,NM,ASW,WE,Federal Contract Tower,0,21,22,2,45,0,4,129,1,134,0,25,151,3,179,136,8,144,323
06/14/2004,SAF,NM,ASW,WE,Federal Contract Tower,0,18,18,1,37,0,5,96,9,110,0,23,114,10,147,176,14,190,337
06/15/2004,SAF,NM,ASW,WE,Federal Contract Tower,0,18,20,2,40,0,1,85,6,92,0,19,105,8,132,94,2,96,228
06/16/2004,SAF,NM,ASW,WE,Federal Contract Tower,0,18,20,2,40,0,0,104,10,114,0,18,124,12,154,112,34,146,300
06/17/2004,SAF,NM,ASW,WE,Federal Contract Tower,0,24,27,2,53,0,0,75,10,85,0,24,102,12,138,84,12,96,234
06/18/2004,SAF,NM,ASW,WE,Federal Contract Tower,0,16,17,1,34,0,1,79,3,83,0,17,96,4,117,126,8,134,251
06/19/2004,SAF,NM,ASW,WE,Federal Contract Tower,0,17,23,2,42,0,0,52,3,55,0,17,75,5,97,42,2,44,141
06/20/2004,SAF,NM,ASW,WE,Federal Contract Tower,0,27,31,2,60,0,0,90,2,92,0,27,121,4,152,54,8,62,214
06/21/2004,SAF,NM,ASW,WE,Federal Contract Tower,0,22,28,2,52,0,0,78,0,78,0,22,106,2,130,76,0,76,206
06/22/2004,SAF,NM,ASW,WE,Federal Contract Tower,0,20,22,2,44,0,1,77,2,80,0,21,99,4,124,100,0,100,224
06/23/2004,SAF,NM,ASW,WE,Federal Contract Tower,0,22,25,1,48,0,4,95,2,101,0,26,120,3,149,120,2,122,271
06/24/2004,SAF,NM,ASW,WE,Federal Contract Tower,0,23,25,1,49,0,3,101,4,108,0,26,126,5,157,112,10,122,279
06/25/2004,SAF,NM,ASW,WE,Federal Contract Tower,0,24,27,1,52,0,0,89,5,94,0,24,116,6,146,90,0,90,236
06/26/2004,SAF,NM,ASW,WE,Federal Contract Tower,0,22,24,0,46,0,2,86,0,88,0,24,110,0,134,108,0,108,242
06/27/2004,SAF,NM,ASW,WE,Federal Contract Tower,0,27,36,1,64,0,0,82,13,95,0,27,118,14,159,84,0,84,243
06/28/2004,SAF,NM,ASW,WE,Federal Contract Tower,0,21,24,1,46,0,4,86,5,95,0,25,110,6,141,148,10,158,299
06/29/2004,SAF,NM,ASW,WE,Federal Contract Tower,0,19,25,1,45,0,0,77,3,80,0,19,102,4,125,88,10,98,223
06/30/2004,SAF,NM,ASW,WE,Federal Contract Tower,0,26,28,1,55,0,2,87,5,94,0,28,115,6,149,114,12,126,275
07/01/2004,SAF,NM,ASW,WE,Federal Contract Tower,0,26,28,1,55,0,4,120,8,132,0,30,148,9,187,164,8,172,359
07/02/2004,SAF,NM,ASW,WE,Federal Contract Tower,0,27,30,1,58,0,0,104,5,109,0,27,134,6,167,130,0,130,297
07/03/2004,SAF,NM,ASW,WE,Federal Contract Tower,0,15,18,0,33,0,0,91,2,93,0,15,109,2,126,64,0,64,190
07/04/2004,SAF,NM,ASW,WE,Federal Contract Tower,0,15,17,0,32,0,0,56,2,58,0,15,73,2,90,48,2,50,140
07/05/2004,SAF,NM,ASW,WE,Federal Contract Tower,0,25,31,1,57,0,0,118,0,118,0,25,149,1,175,176,0,176,351
07/06/2004,SAF,NM,ASW,WE,Federal Contract Tower,0,23,25,2,50,0,0,82,4,86,0,23,107,6,136,70,0,70,206
07/07/2004,SAF,NM,ASW,WE,Federal Contract Tower,0,21,24,2,47,0,0,101,6,107,0,21,125,8,154,128,4,132,286
07/08/2004,SAF,NM,ASW,WE,Federal Contract Tower,0,21,23,2,46,0,5,84,2,91,0,26,107,4,137,90,2,92,229
07/09/2004,SAF,NM,ASW,WE,Federal Contract Tower,0,20,26,2,48,0,0,81,19,100,0,20,107,21,148,116,18,134,282
07/10/2004,SAF,NM,ASW,WE,Federal Contract Tower,0,18,25,2,45,0,0,81,5,86,0,18,106,7,131,120,6,126,257
07/11/2004,SAF,NM,ASW,WE,Federal Contract Tower,0,19,22,2,43,0,0,77,6,83,0,19,99,8,126,178,4,182,308
07/12/2004,SAF,NM,ASW,WE,Federal Contract Tower,0,19,21,2,42,0,0,65,0,65,0,19,86,2,107,80,0,80,187
07/13/2004,SAF,NM,ASW,WE,Federal Contract Tower,0,16,18,1,35,0,2,72,5,79,0,18,90,6,114,120,8,128,242
07/14/2004,SAF,NM,ASW,WE,Federal Contract Tower,0,21,23,2,46,0,3,65,6,74,0,24,88,8,120,74,4,78,198
07/15/2004,SAF,NM,ASW,WE,Federal Contract Tower,0,25,29,2,56,0,0,86,5,91,0,25,115,7,147,120,4,124,271
07/16/2004,SAF,NM,ASW,WE,Federal Contract Tower,0,29,32,2,63,0,7,78,2,87,0,36,110,4,150,112,0,112,262
07/17/2004,SAF,NM,ASW,WE,Federal Contract Tower,0,17,19,2,38,0,9,86,2,97,0,26,105,4,135,140,6,146,281
07/18/2004,SAF,NM,ASW,WE,Federal Contract Tower,0,33,36,2,71,0,3,76,1,80,0,36,112,3,151,108,0,108,259
07/19/2004,SAF,NM,ASW,WE,Federal Contract Tower,0,21,24,1,46,0,2,70,1,73,0,23,94,2,119,90,0,90,209
07/20/2004,SAF,NM,ASW,WE,Federal Contract Tower,0,14,17,0,31,0,5,58,5,68,0,19,75,5,99,122,0,122,221
07/21/2004,SAF,NM,ASW,WE,Federal Contract Tower,0,27,31,1,59,0,5,65,6,76,0,32,96,7,135,52,0,52,187
07/22/2004,SAF,NM,ASW,WE,Federal Contract Tower,0,18,22,1,41,0,1,54,10,65,0,19,76,11,106,70,2,72,178
07/23/2004,SAF,NM,ASW,WE,Federal Contract Tower,0,25,30,1,56,0,0,67,5,72,0,25,97,6,128,130,4,134,262
07/24/2004,SAF,NM,ASW,WE,Federal Contract Tower,0,18,22,1,41,0,0,99,1,100,0,18,121,2,141,162,0,162,303
07/25/2004,SAF,NM,ASW,WE,Federal Contract Tower,0,30,35,1,66,0,0,83,1,84,0,30,118,2,150,160,14,174,324
07/26/2004,SAF,NM,ASW,WE,Federal Contract Tower,0,19,23,1,43,0,3,63,2,68,0,22,86,3,111,98,0,98,209
07/27/2004,SAF,NM,ASW,WE,Federal Contract Tower,0,21,25,1,47,0,3,57,5,65,0,24,82,6,112,72,0,72,184
07/28/2004,SAF,NM,ASW,WE,Federal Contract Tower,0,21,30,1,52,0,0,67,4,71,0,21,97,5,123,60,0,60,183
07/29/2004,SAF,NM,ASW,WE,Federal Contract Tower,0,18,22,1,41,0,0,67,1,68,0,18,89,2,109,116,0,116,225
07/30/2004,SAF,NM,ASW,WE,Federal Contract Tower,0,22,31,1,54,0,0,93,6,99,0,22,124,7,153,98,10,108,261
07/31/2004,SAF,NM,ASW,WE,Federal Contract Tower,0,17,22,1,40,0,0,114,2,116,0,17,136,3,156,214,10,224,380
08/01/2004,SAF,NM,ASW,WE,Federal Contract Tower,0,23,26,2,51,0,1,107,0,108,0,24,133,2,159,148,0,148,307
08/02/2004,SAF,NM,ASW,WE,Federal Contract Tower,0,22,25,2,49,0,2,63,12,77,0,24,88,14,126,58,8,66,192
08/03/2004,SAF,NM,ASW,WE,Federal Contract Tower,0,18,25,2,45,0,0,90,6,96,0,18,115,8,141,104,4,108,249
08/04/2004,SAF,NM,ASW,WE,Federal Contract Tower,0,26,33,3,62,0,0,59,2,61,0,26,92,5,123,138,0,138,261
08/05/2004,SAF,NM,ASW,WE,Federal Contract Tower,0,27,31,4,62,0,2,95,3,100,0,29,126,7,162,168,8,176,338
08/06/2004,SAF,NM,ASW,WE,Federal Contract Tower,0,29,34,4,67,0,1,122,5,128,0,30,156,9,195,136,16,152,347
08/07/2004,SAF,NM,ASW,WE,Federal Contract Tower,0,16,17,2,35,0,3,94,17,114,0,19,111,19,149,266,4,270,419
08/08/2004,SAF,NM,ASW,WE,Federal Contract Tower,0,31,37,4,72,0,0,98,6,104,0,31,135,10,176,154,2,156,332
08/09/2004,SAF,NM,ASW,WE,Federal Contract Tower,0,28,35,4,67,0,0,91,3,94,0,28,126,7,161,158,10,168,329
08/10/2004,SAF,NM,ASW,WE,Federal Contract Tower,0,24,32,4,60,0,0,100,8,108,0,24,132,12,168,68,18,86,254
08/11/2004,SAF,NM,ASW,WE,Federal Contract Tower,0,28,33,4,65,0,3,76,13,92,0,31,109,17,157,122,16,138,295
08/12/2004,SAF,NM,ASW,WE,Federal Contract Tower,0,35,41,4,80,0,12,77,2,91,0,47,118,6,171,128,4,132,303
08/13/2004,SAF,NM,ASW,WE,Federal Contract Tower,0,28,32,4,64,0,3,63,5,71,0,31,95,9,135,66,0,66,201
08/14/2004,SAF,NM,ASW,WE,Federal Contract Tower,0,14,16,2,32,0,2,72,3,77,0,16,88,5,109,208,0,208,317
08/15/2004,SAF,NM,ASW,WE,Federal Contract Tower,0,33,39,1,73,0,5,72,0,77,0,38,111,1,150,94,0,94,244
08/16/2004,SAF,NM,ASW,WE,Federal Contract Tower,0,17,19,2,38,0,2,57,5,64,0,19,76,7,102,52,0,52,154
08/17/2004,SAF,NM,ASW,WE,Federal Contract Tower,0,15,26,3,44,0,0,92,2,94,0,15,118,5,138,82,2,84,222
08/18/2004,SAF,NM,ASW,WE,Federal Contract Tower,0,27,30,3,60,0,4,54,3,61,0,31,84,6,121,130,16,146,267
08/19/2004,SAF,NM,ASW,WE,Federal Contract Tower,0,20,25,2,47,0,3,70,6,79,0,23,95,8,126,130,0,130,256
08/20/2004,SAF,NM,ASW,WE,Federal Contract Tower,0,22,32,3,57,0,0,93,3,96,0,22,125,6,153,100,0,100,253
08/21/2004,SAF,NM,ASW,WE,Federal Contract Tower,0,20,26,2,48,0,0,68,0,68,0,20,94,2,116,62,0,62,178
08/22/2004,SAF,NM,ASW,WE,Federal Contract Tower,0,27,42,3,72,0,0,108,12,120,0,27,150,15,192,140,10,150,342
08/23/2004,SAF,NM,ASW,WE,Federal Contract Tower,0,18,23,2,43,0,5,58,5,68,0,23,81,7,111,94,0,94,205
08/24/2004,SAF,NM,ASW,WE,Federal Contract Tower,0,23,30,2,55,0,0,57,5,62,0,23,87,7,117,122,0,122,239
08/25/2004,SAF,NM,ASW,WE,Federal Contract Tower,0,22,27,2,51,0,3,93,0,96,0,25,120,2,147,88,0,88,235
08/26/2004,SAF,NM,ASW,WE,Federal Contract Tower,0,22,26,2,50,0,5,79,15,99,0,27,105,17,149,196,40,236,385
08/27/2004,SAF,NM,ASW,WE,Federal Contract Tower,0,26,32,3,61,0,4,108,9,121,0,30,140,12,182,190,4,194,376
08/28/2004,SAF,NM,ASW,WE,Federal Contract Tower,0,20,24,2,46,0,0,93,2,95,0,20,117,4,141,188,4,192,333
08/29/2004,SAF,NM,ASW,WE,Federal Contract Tower,0,23,27,2,52,0,0,89,1,90,0,23,116,3,142,110,0,110,252
08/30/2004,SAF,NM,ASW,WE,Federal Contract Tower,0,18,23,2,43,0,9,36,5,50,0,27,59,7,93,82,0,82,175
08/31/2004,SAF,NM,ASW,WE,Federal Contract Tower,0,15,18,1,34,0,4,58,6,68,0,19,76,7,102,140,2,142,244
09/01/2004,SAF,NM,ASW,WE,Federal Contract Tower,0,17,25,1,43,0,0,62,9,71,0,17,87,10,114,118,6,124,238
09/02/2004,SAF,NM,ASW,WE,Federal Contract Tower,0,29,37,1,67,0,4,101,1,106,0,33,138,2,173,142,0,142,315
09/03/2004,SAF,NM,ASW,WE,Federal Contract Tower,0,24,32,2,58,0,0,132,10,142,0,24,164,12,200,124,10,134,334
09/04/2004,SAF,NM,ASW,WE,Federal Contract Tower,0,22,30,2,54,0,4,51,0,55,0,26,81,2,109,100,0,100,209
09/05/2004,SAF,NM,ASW,WE,Federal Contract Tower,0,19,28,2,49,0,0,86,3,89,0,19,114,5,138,112,4,116,254
09/06/2004,SAF,NM,ASW,WE,Federal Contract Tower,0,22,29,2,53,0,4,108,1,113,0,26,137,3,166,94,0,94,260
09/07/2004,SAF,NM,ASW,WE,Federal Contract Tower,0,14,19,1,34,0,6,66,0,72,0,20,85,1,106,142,2,144,250
09/08/2004,SAF,NM,ASW,WE,Federal Contract Tower,0,20,28,2,50,0,15,76,3,94,0,35,104,5,144,222,6,228,372
09/09/2004,SAF,NM,ASW,WE,Federal Contract Tower,0,21,28,2,51,0,4,92,11,107,0,25,120,13,158,206,10,216,374
09/10/2004,SAF,NM,ASW,WE,Federal Contract Tower,0,11,26,2,39,0,0,79,10,89,0,11,105,12,128,100,18,118,246
09/11/2004,SAF,NM,ASW,WE,Federal Contract Tower,0,14,19,1,34,0,4,97,5,106,0,18,116,6,140,132,14,146,286
09/12/2004,SAF,NM,ASW,WE,Federal Contract Tower,0,24,32,2,58,0,8,75,6,89,0,32,107,8,147,142,12,154,301
09/13/2004,SAF,NM,ASW,WE,Federal Contract Tower,0,23,31,2,56,0,2,65,6,73,0,25,96,8,129,136,2,138,267
09/14/2004,SAF,NM,ASW,WE,Federal Contract Tower,0,18,25,2,45,0,3,69,5,77,0,21,94,7,122,118,0,118,240
09/15/2004,SAF,NM,ASW,WE,Federal Contract Tower,0,16,28,2,46,0,0,85,14,99,0,16,113,16,145,150,12,162,307
09/16/2004,SAF,NM,ASW,WE,Federal Contract Tower,0,20,29,2,51,0,0,99,16,115,0,20,128,18,166,184,0,184,350
09/17/2004,SAF,NM,ASW,WE,Federal Contract Tower,0,21,30,1,52,0,7,75,14,96,0,28,105,15,148,204,6,210,358
09/18/2004,SAF,NM,ASW,WE,Federal Contract Tower,0,15,22,1,38,0,5,67,1,73,0,20,89,2,111,116,0,116,227
09/19/2004,SAF,NM,ASW,WE,Federal Contract Tower,0,31,41,0,72,0,6,5,0,11,0,37,46,0,83,12,0,12,95
09/20/2004,SAF,NM,ASW,WE,Federal Contract Tower,0,20,31,1,52,0,0,84,18,102,0,20,115,19,154,192,6,198,352
09/21/2004,SAF,NM,ASW,WE,Federal Contract Tower,0,19,27,1,47,0,1,111,6,118,0,20,138,7,165,212,12,224,389
09/22/2004,SAF,NM,ASW,WE,Federal Contract Tower,0,22,41,1,64,0,0,108,18,126,0,22,149,19,190,116,46,162,352
09/23/2004,SAF,NM,ASW,WE,Federal Contract Tower,0,23,31,1,55,0,1,121,6,128,0,24,152,7,183,144,6,150,333
09/24/2004,SAF,NM,ASW,WE,Federal Contract Tower,0,27,40,1,68,0,0,132,7,139,0,27,172,8,207,66,10,76,283
09/25/2004,SAF,NM,ASW,WE,Federal Contract Tower,0,14,26,0,40,0,0,82,0,82,0,14,108,0,122,144,0,144,266
09/26/2004,SAF,NM,ASW,WE,Federal Contract Tower,0,28,48,2,78,0,0,162,1,163,0,28,210,3,241,196,0,196,437
09/27/2004,SAF,NM,ASW,WE,Federal Contract Tower,0,17,24,0,41,0,4,65,0,69,0,21,89,0,110,132,0,132,242
09/28/2004,SAF,NM,ASW,WE,Federal Contract Tower,0,14,18,0,32,0,0,71,5,76,0,14,89,5,108,158,10,168,276
09/29/2004,SAF,NM,ASW,WE,Federal Contract Tower,0,15,21,0,36,0,1,56,7,64,0,16,77,7,100,132,10,142,242
09/30/2004,SAF,NM,ASW,WE,Federal Contract Tower,0,18,25,1,44,0,2,76,6,84,0,20,101,7,128,198,2,200,328
10/01/2004,SAF,NM,ASW,WE,Federal Contract Tower,0,23,19,3,45,0,0,96,3,99,0,23,115,6,144,166,16,182,326
10/02/2004,SAF,NM,ASW,WE,Federal Contract Tower,0,14,15,0,29,0,2,77,14,93,0,16,92,14,122,110,6,116,238
10/03/2004,SAF,NM,ASW,WE,Federal Contract Tower,0,27,30,1,58,0,1,70,7,78,0,28,100,8,136,90,0,90,226
10/04/2004,SAF,NM,ASW,WE,Federal Contract Tower,0,21,21,2,44,0,7,42,1,50,0,28,63,3,94,118,4,122,216
10/05/2004,SAF,NM,ASW,WE,Federal Contract Tower,0,22,23,0,45,0,5,17,2,24,0,27,40,2,69,20,0,20,89
10/06/2004,SAF,NM,ASW,WE,Federal Contract Tower,0,25,38,1,64,0,4,68,3,75,0,29,106,4,139,66,2,68,207
10/07/2004,SAF,NM,ASW,WE,Federal Contract Tower,0,14,35,2,51,0,4,80,2,86,0,18,115,4,137,204,0,204,341
10/08/2004,SAF,NM,ASW,WE,Federal Contract Tower,0,29,36,2,67,0,2,117,1,120,0,31,153,3,187,150,12,162,349
10/09/2004,SAF,NM,ASW,WE,Federal Contract Tower,0,15,25,11,51,0,0,134,5,139,0,15,159,16,190,274,64,338,528
10/10/2004,SAF,NM,ASW,WE,Federal Contract Tower,0,19,31,1,51,0,3,86,0,89,0,22,117,1,140,134,18,152,292
10/11/2004,SAF,NM,ASW,WE,Federal Contract Tower,0,23,28,1,52,0,3,11,0,14,0,26,39,1,66,24,0,24,90
10/12/2004,SAF,NM,ASW,WE,Federal Contract Tower,0,21,23,0,44,0,1,71,8,80,0,22,94,8,124,70,18,88,212
10/13/2004,SAF,NM,ASW,WE,Federal Contract Tower,0,29,37,1,67,0,1,22,6,29,0,30,59,7,96,34,10,44,140
10/14/2004,SAF,NM,ASW,WE,Federal Contract Tower,0,28,51,8,87,0,3,58,10,71,0,31,109,18,158,114,6,120,278
10/15/2004,SAF,NM,ASW,WE,Federal Contract Tower,0,18,31,0,49,0,4,114,4,122,0,22,145,4,171,234,0,234,405
10/16/2004,SAF,NM,ASW,WE,Federal Contract Tower,0,22,33,0,55,0,0,112,0,112,0,22,145,0,167,264,0,264,431
10/17/2004,SAF,NM,ASW,WE,Federal Contract Tower,0,22,36,2,60,0,4,80,0,84,0,26,116,2,144,110,0,110,254
10/18/2004,SAF,NM,ASW,WE,Federal Contract Tower,0,18,32,0,50,0,2,63,2,67,0,20,95,2,117,112,2,114,231
10/19/2004,SAF,NM,ASW,WE,Federal Contract Tower,0,16,27,0,43,0,2,75,0,77,0,18,102,0,120,94,0,94,214
10/20/2004,SAF,NM,ASW,WE,Federal Contract Tower,0,16,32,2,50,0,0,72,0,72,0,16,104,2,122,168,6,174,296
10/21/2004,SAF,NM,ASW,WE,Federal Contract Tower,0,18,16,0,34,0,2,42,9,53,0,20,58,9,87,72,0,72,159
10/22/2004,SAF,NM,ASW,WE,Federal Contract Tower,0,28,34,4,66,0,2,37,10,49,0,30,71,14,115,74,14,88,203
10/23/2004,SAF,NM,ASW,WE,Federal Contract Tower,0,12,25,0,37,0,1,121,0,122,0,13,146,0,159,166,0,166,325
10/24/2004,SAF,NM,ASW,WE,Federal Contract Tower,0,18,33,0,51,0,2,106,0,108,0,20,139,0,159,122,0,122,281
10/25/2004,SAF,NM,ASW,WE,Federal Contract Tower,0,28,25,0,53,0,2,48,2,52,0,30,73,2,105,124,0,124,229
10/26/2004,SAF,NM,ASW,WE,Federal Contract Tower,0,20,35,0,55,0,2,59,3,64,0,22,94,3,119,130,0,130,249
10/27/2004,SAF,NM,ASW,WE,Federal Contract Tower,0,27,40,0,67,0,4,40,2,46,0,31,80,2,113,72,0,72,185
10/28/2004,SAF,NM,ASW,WE,Federal Contract Tower,0,19,32,0,51,0,1,60,9,70,0,20,92,9,121,84,12,96,217
10/29/2004,SAF,NM,ASW,WE,Federal Contract Tower,0,22,23,0,45,0,1,69,3,73,0,23,92,3,118,178,0,178,296
10/30/2004,SAF,NM,ASW,WE,Federal Contract Tower,0,22,15,0,37,0,3,101,0,104,0,25,116,0,141,178,0,178,319
10/31/2004,SAF,NM,ASW,WE,Federal Contract Tower,0,26,26,0,52,0,1,75,1,77,0,27,101,1,129,174,4,178,307
11/01/2004,SAF,NM,ASW,WE,Federal Contract Tower,0,20,13,0,33,0,2,16,0,18,0,22,29,0,51,54,0,54,105
11/02/2004,SAF,NM,ASW,WE,Federal Contract Tower,0,15,9,2,26,0,4,63,1,68,0,19,72,3,94,112,0,112,206
11/03/2004,SAF,NM,ASW,WE,Federal Contract Tower,0,17,20,0,37,0,8,68,1,77,0,25,88,1,114,144,0,144,258
11/04/2004,SAF,NM,ASW,WE,Federal Contract Tower,0,21,20,4,45,0,2,67,3,72,0,23,87,7,117,96,0,96,213
11/05/2004,SAF,NM,ASW,WE,Federal Contract Tower,0,18,27,2,47,0,3,86,4,93,0,21,113,6,140,148,16,164,304
11/06/2004,SAF,NM,ASW,WE,Federal Contract Tower,0,10,10,3,23,0,6,119,3,128,0,16,129,6,151,310,38,348,499
11/07/2004,SAF,NM,ASW,WE,Federal Contract Tower,0,25,23,3,51,0,0,104,0,104,0,25,127,3,155,144,0,144,299
11/08/2004,SAF,NM,ASW,WE,Federal Contract Tower,0,18,12,0,30,0,1,61,0,62,0,19,73,0,92,104,0,104,196
11/09/2004,SAF,NM,ASW,WE,Federal Contract Tower,0,17,25,0,42,0,2,26,0,28,0,19,51,0,70,34,0,34,104
11/10/2004,SAF,NM,ASW,WE,Federal Contract Tower,0,17,31,2,50,0,9,51,4,64,0,26,82,6,114,144,0,144,258
11/11/2004,SAF,NM,ASW,WE,Federal Contract Tower,0,13,22,0,35,0,4,51,4,59,0,17,73,4,94,210,6,216,310
11/12/2004,SAF,NM,ASW,WE,Federal Contract Tower,0,15,19,0,34,0,1,55,8,64,0,16,74,8,98,174,0,174,272
11/13/2004,SAF,NM,ASW,WE,Federal Contract Tower,0,16,16,0,32,0,0,1,0,1,0,16,17,0,33,44,0,44,77
11/14/2004,SAF,NM,ASW,WE,Federal Contract Tower,0,19,30,0,49,0,0,18,0,18,0,19,48,0,67,56,0,56,123
11/15/2004,SAF,NM,ASW,WE,Federal Contract Tower,0,13,15,0,28,0,2,10,1,13,0,15,25,1,41,26,0,26,67
11/16/2004,SAF,NM,ASW,WE,Federal Contract Tower,0,13,24,1,38,0,1,54,4,59,0,14,78,5,97,214,0,214,311
11/17/2004,SAF,NM,ASW,WE,Federal Contract Tower,0,17,16,0,33,0,2,71,8,81,0,19,87,8,114,146,10,156,270
11/18/2004,SAF,NM,ASW,WE,Federal Contract Tower,0,16,25,14,55,0,0,79,4,83,0,16,104,18,138,146,4,150,288
11/19/2004,SAF,NM,ASW,WE,Federal Contract Tower,0,17,26,1,44,0,1,58,7,66,0,18,84,8,110,132,44,176,286
11/20/2004,SAF,NM,ASW,WE,Federal Contract Tower,0,8,11,0,19,0,0,12,2,14,0,8,23,2,33,62,24,86,119
11/21/2004,SAF,NM,ASW,WE,Federal Contract Tower,0,15,21,0,36,0,0,23,4,27,0,15,44,4,63,88,0,88,151
11/22/2004,SAF,NM,ASW,WE,Federal Contract Tower,0,14,25,5,44,0,0,38,8,46,0,14,63,13,90,178,2,180,270
11/23/2004,SAF,NM,ASW,WE,Federal Contract Tower,0,12,12,0,24,0,0,8,0,8,0,12,20,0,32,0,0,0,32
11/24/2004,SAF,NM,ASW,WE,Federal Contract Tower,0,24,48,0,72,0,1,27,0,28,0,25,75,0,100,10,0,10,110
11/25/2004,SAF,NM,ASW,WE,Federal Contract Tower,0,14,9,0,23,0,1,34,0,35,0,15,43,0,58,58,0,58,116
11/26/2004,SAF,NM,ASW,WE,Federal Contract Tower,0,14,13,0,27,0,0,63,0,63,0,14,76,0,90,174,0,174,264
11/27/2004,SAF,NM,ASW,WE,Federal Contract Tower,0,13,20,0,33,0,0,75,0,75,0,13,95,0,108,202,0,202,310
11/28/2004,SAF,NM,ASW,WE,Federal Contract Tower,0,21,33,0,54,0,0,25,0,25,0,21,58,0,79,64,0,64,143
11/29/2004,SAF,NM,ASW,WE,Federal Contract Tower,0,16,15,0,31,0,0,0,0,0,0,16,15,0,31,2,0,2,33
11/30/2004,SAF,NM,ASW,WE,Federal Contract Tower,0,12,15,1,28,0,4,47,8,59,0,16,62,9,87,104,20,124,211
12/01/2004,SAF,NM,ASW,WE,Federal Contract Tower,0,13,17,1,31,0,6,60,3,69,0,19,77,4,100,132,16,148,248
12/02/2004,SAF,NM,ASW,WE,Federal Contract Tower,0,18,20,2,40,0,7,72,0,79,0,25,92,2,119,98,0,98,217
12/03/2004,SAF,NM,ASW,WE,Federal Contract Tower,0,16,16,0,32,0,2,78,6,86,0,18,94,6,118,132,10,142,260
12/04/2004,SAF,NM,ASW,WE,Federal Contract Tower,0,9,13,2,24,0,0,84,5,89,0,9,97,7,113,258,4,262,375
12/05/2004,SAF,NM,ASW,WE,Federal Contract Tower,0,19,17,4,40,0,1,42,0,43,0,20,59,4,83,122,2,124,207
12/06/2004,SAF,NM,ASW,WE,Federal Contract Tower,0,19,5,2,26,0,0,23,0,23,0,19,28,2,49,74,10,84,133
12/07/2004,SAF,NM,ASW,WE,Federal Contract Tower,0,17,13,4,34,0,1,69,2,72,0,18,82,6,106,92,20,112,218
12/08/2004,SAF,NM,ASW,WE,Federal Contract Tower,0,14,20,2,36,0,8,45,8,61,0,22,65,10,97,98,26,124,221
12/09/2004,SAF,NM,ASW,WE,Federal Contract Tower,0,18,12,3,33,0,1,68,4,73,0,19,80,7,106,137,18,155,261
12/10/2004,SAF,NM,ASW,WE,Federal Contract Tower,0,18,13,5,36,0,3,94,6,103,0,21,107,11,139,162,4,166,305
12/11/2004,SAF,NM,ASW,WE,Federal Contract Tower,0,13,14,8,35,0,0,83,0,83,0,13,97,8,118,212,38,250,368
12/12/2004,SAF,NM,ASW,WE,Federal Contract Tower,0,14,19,2,35,0,1,113,0,114,0,15,132,2,149,212,2,214,363
12/13/2004,SAF,NM,ASW,WE,Federal Contract Tower,0,14,18,0,32,0,1,65,2,68,0,15,83,2,100,90,6,96,196
12/14/2004,SAF,NM,ASW,WE,Federal Contract Tower,0,16,9,1,26,0,2,68,0,70,0,18,77,1,96,120,0,120,216
12/15/2004,SAF,NM,ASW,WE,Federal Contract Tower,0,14,20,3,37,0,1,66,1,68,0,15,86,4,105,110,0,110,215
12/16/2004,SAF,NM,ASW,WE,Federal Contract Tower,0,17,13,2,32,0,2,32,5,39,0,19,45,7,71,20,40,60,131
12/17/2004,SAF,NM,ASW,WE,Federal Contract Tower,0,21,32,4,57,0,0,72,3,75,0,21,104,7,132,116,0,116,248
12/18/2004,SAF,NM,ASW,WE,Federal Contract Tower,0,10,20,2,32,0,2,106,0,108,0,12,126,2,140,200,0,200,340
12/19/2004,SAF,NM,ASW,WE,Federal Contract Tower,0,13,21,0,34,0,2,87,0,89,0,15,108,0,123,148,0,148,271
12/20/2004,SAF,NM,ASW,WE,Federal Contract Tower,0,12,28,0,40,0,2,81,0,83,0,14,109,0,123,122,0,122,245
12/21/2004,SAF,NM,ASW,WE,Federal Contract Tower,0,17,31,0,48,0,1,37,3,41,0,18,68,3,89,50,0,50,139
12/22/2004,SAF,NM,ASW,WE,Federal Contract Tower,0,21,14,0,35,0,8,16,2,26,0,29,30,2,61,22,0,22,83
12/23/2004,SAF,NM,ASW,WE,Federal Contract Tower,0,23,27,0,50,0,1,32,0,33,0,24,59,0,83,98,0,98,181
12/24/2004,SAF,NM,ASW,WE,Federal Contract Tower,0,9,12,0,21,0,0,37,0,37,0,9,49,0,58,6,0,6,64
12/25/2004,SAF,NM,ASW,WE,Federal Contract Tower,0,14,5,0,19,0,0,18,0,18,0,14,23,0,37,10,0,10,47
12/26/2004,SAF,NM,ASW,WE,Federal Contract Tower,0,18,32,0,50,0,2,78,0,80,0,20,110,0,130,62,0,62,192
12/27/2004,SAF,NM,ASW,WE,Federal Contract Tower,0,24,31,0,55,0,2,70,2,74,0,26,101,2,129,72,0,72,201
12/28/2004,SAF,NM,ASW,WE,Federal Contract Tower,0,31,21,0,52,0,2,81,5,88,0,33,102,5,140,152,6,158,298
12/29/2004,SAF,NM,ASW,WE,Federal Contract Tower,0,28,17,0,45,0,1,34,2,37,0,29,51,2,82,54,0,54,136
12/30/2004,SAF,NM,ASW,WE,Federal Contract Tower,0,25,24,0,49,0,0,48,0,48,0,25,72,0,97,58,0,58,155
12/31/2004,SAF,NM,ASW,WE,Federal Contract Tower,0,15,23,0,38,0,0,77,0,77,0,15,100,0,115,118,0,118,233
01/01/2005,SAF,NM,ASW,WE,Federal Contract Tower,0,13,21,0,34,0,0,58,0,58,0,13,79,0,92,60,0,60,152
01/02/2005,SAF,NM,ASW,WE,Federal Contract Tower,0,24,44,0,68,0,1,27,3,31,0,25,71,3,99,22,0,22,121
01/03/2005,SAF,NM,ASW,WE,Federal Contract Tower,0,16,18,2,36,0,2,10,1,13,0,18,28,3,49,20,4,24,73
01/04/2005,SAF,NM,ASW,WE,Federal Contract Tower,0,13,18,0,31,0,0,3,0,3,0,13,21,0,34,16,0,16,50
01/05/2005,SAF,NM,ASW,WE,Federal Contract Tower,0,16,18,2,36,0,0,15,0,15,0,16,33,2,51,12,0,12,63
01/06/2005,SAF,NM,ASW,WE,Federal Contract Tower,0,8,19,1,28,0,0,55,5,60,0,8,74,6,88,76,4,80,168
01/07/2005,SAF,NM,ASW,WE,Federal Contract Tower,0,10,11,3,24,0,1,58,8,67,0,11,69,11,91,148,6,154,245
01/08/2005,SAF,NM,ASW,WE,Federal Contract Tower,0,7,18,0,25,0,0,75,3,78,0,7,93,3,103,170,10,180,283
01/09/2005,SAF,NM,ASW,WE,Federal Contract Tower,0,13,28,3,44,0,0,54,12,66,0,13,82,15,110,70,2,72,182
01/10/2005,SAF,NM,ASW,WE,Federal Contract Tower,0,11,11,2,24,0,0,30,4,34,0,11,41,6,58,42,0,42,100
01/11/2005,SAF,NM,ASW,WE,Federal Contract Tower,0,4,23,0,27,0,2,25,6,33,0,6,48,6,60,86,0,86,146
01/12/2005,SAF,NM,ASW,WE,Federal Contract Tower,0,8,23,0,31,0,0,16,3,19,0,8,39,3,50,14,4,18,68
01/13/2005,SAF,NM,ASW,WE,Federal Contract Tower,0,13,11,2,26,0,1,45,3,49,0,14,56,5,75,72,12,84,159
01/14/2005,SAF,NM,ASW,WE,Federal Contract Tower,0,15,21,5,41,0,1,78,0,79,0,16,99,5,120,144,8,152,272
01/15/2005,SAF,NM,ASW,WE,Federal Contract Tower,0,8,7,1,16,0,0,95,3,98,0,8,102,4,114,130,6,136,250
01/16/2005,SAF,NM,ASW,WE,Federal Contract Tower,0,11,19,0,30,0,3,80,0,83,0,14,99,0,113,116,0,116,229
01/17/2005,SAF,NM,ASW,WE,Federal Contract Tower,0,16,16,4,36,0,0,74,2,76,0,16,90,6,112,54,0,54,166
01/18/2005,SAF,NM,ASW,WE,Federal Contract Tower,0,11,12,0,23,0,4,75,4,83,0,15,87,4,106,82,0,82,188
01/19/2005,SAF,NM,ASW,WE,Federal Contract Tower,0,9,17,2,28,0,2,65,8,75,0,11,82,10,103,60,32,92,195
01/20/2005,SAF,NM,ASW,WE,Federal Contract Tower,0,15,30,0,45,0,0,78,4,82,0,15,108,4,127,120,4,124,251
01/21/2005,SAF,NM,ASW,WE,Federal Contract Tower,0,14,26,6,46,0,0,87,4,91,0,14,113,10,137,76,28,104,241
01/22/2005,SAF,NM,ASW,WE,Federal Contract Tower,0,11,13,0,24,0,1,100,14,115,0,12,113,14,139,200,22,222,361
01/23/2005,SAF,NM,ASW,WE,Federal Contract Tower,0,13,20,3,36,0,0,80,6,86,0,13,100,9,122,104,6,110,232
01/24/2005,SAF,NM,ASW,WE,Federal Contract Tower,0,10,12,1,23,0,1,47,1,49,0,11,59,2,72,70,0,70,142
01/25/2005,SAF,NM,ASW,WE,Federal Contract Tower,0,13,12,0,25,0,0,70,6,76,0,13,82,6,101,118,12,130,231
01/26/2005,SAF,NM,ASW,WE,Federal Contract Tower,0,20,23,6,49,0,2,40,2,44,0,22,63,8,93,86,0,86,179
01/27/2005,SAF,NM,ASW,WE,Federal Contract Tower,0,19,26,0,45,0,0,0,0,0,0,19,26,0,45,0,0,0,45
01/28/2005,SAF,NM,ASW,WE,Federal Contract Tower,0,16,24,1,41,0,0,43,1,44,0,16,67,2,85,54,0,54,139
01/29/2005,SAF,NM,ASW,WE,Federal Contract Tower,0,14,16,3,33,0,3,54,0,57,0,17,70,3,90,88,18,106,196
01/30/2005,SAF,NM,ASW,WE,Federal Contract Tower,0,12,24,2,38,0,0,0,0,0,0,12,24,2,38,0,0,0,38
01/31/2005,SAF,NM,ASW,WE,Federal Contract Tower,0,14,14,3,31,0,0,18,0,18,0,14,32,3,49,26,0,26,75
02/01/2005,SAF,NM,ASW,WE,Federal Contract Tower,0,9,34,0,43,0,0,14,4,18,0,9,48,4,61,22,0,22,83
02/02/2005,SAF,NM,ASW,WE,Federal Contract Tower,0,14,18,0,32,0,0,51,8,59,0,14,69,8,91,44,2,46,137
02/03/2005,SAF,NM,ASW,WE,Federal Contract Tower,0,9,19,1,29,0,2,65,2,69,0,11,84,3,98,70,2,72,170
02/04/2005,SAF,NM,ASW,WE,Federal Contract Tower,0,12,19,9,40,0,7,62,13,82,0,19,81,22,122,96,42,138,260
02/05/2005,SAF,NM,ASW,WE,Federal Contract Tower,0,8,7,2,17,0,2,34,11,47,0,10,41,13,64,104,18,122,186
02/06/2005,SAF,NM,ASW,WE,Federal Contract Tower,0,12,21,2,35,0,0,19,0,19,0,12,40,2,54,36,0,36,90
02/07/2005,SAF,NM,ASW,WE,Federal Contract Tower,0,7,18,1,26,0,2,2,0,4,0,9,20,1,30,0,0,0,30
02/08/2005,SAF,NM,ASW,WE,Federal Contract Tower,0,10,13,0,23,0,0,29,1,30,0,10,42,1,53,24,0,24,77
02/09/2005,SAF,NM,ASW,WE,Federal Contract Tower,0,14,19,0,33,0,2,60,4,66,0,16,79,4,99,82,0,82,181
02/10/2005,SAF,NM,ASW,WE,Federal Contract Tower,0,11,16,0,27,0,1,61,4,66,0,12,77,4,93,110,0,110,203
02/11/2005,SAF,NM,ASW,WE,Federal Contract Tower,0,11,25,4,40,0,3,8,0,11,0,14,33,4,51,0,0,0,51
02/12/2005,SAF,NM,ASW,WE,Federal Contract Tower,0,11,14,0,25,0,2,2,0,4,0,13,16,0,29,4,0,4,33
02/13/2005,SAF,NM,ASW,WE,Federal Contract Tower,0,9,19,0,28,0,2,85,0,87,0,11,104,0,115,170,0,170,285
02/14/2005,SAF,NM,ASW,WE,Federal Contract Tower,0,13,20,0,33,0,0,53,1,54,0,13,73,1,87,84,0,84,171
02/15/2005,SAF,NM,ASW,WE,Federal Contract Tower,0,17,18,1,36,0,5,68,0,73,0,22,86,1,109,96,0,96,205
02/16/2005,SAF,NM,ASW,WE,Federal Contract Tower,0,14,29,0,43,0,1,20,0,21,0,15,49,0,64,96,0,96,160
02/17/2005,SAF,NM,ASW,WE,Federal Contract Tower,0,14,31,0,45,0,0,38,2,40,0,14,69,2,85,48,8,56,141
02/18/2005,SAF,NM,ASW,WE,Federal Contract Tower,0,17,49,0,66,0,0,2,0,2,0,17,51,0,68,0,0,0,68
02/19/2005,SAF,NM,ASW,WE,Federal Contract Tower,0,20,25,0,45,0,0,11,0,11,0,20,36,0,56,12,0,12,68
02/20/2005,SAF,NM,ASW,WE,Federal Contract Tower,0,17,18,0,35,0,2,8,0,10,0,19,26,0,45,18,0,18,63
02/21/2005,SAF,NM,ASW,WE,Federal Contract Tower,0,20,34,0,54,0,2,105,0,107,0,22,139,0,161,200,0,200,361
02/22/2005,SAF,NM,ASW,WE,Federal Contract Tower,0,11,26,0,37,0,1,62,0,63,0,12,88,0,100,98,0,98,198
02/23/2005,SAF,NM,ASW,WE,Federal Contract Tower,0,17,27,1,45,0,2,10,10,22,0,19,37,11,67,2,16,18,85
02/24/2005,SAF,NM,ASW,WE,Federal Contract Tower,0,12,20,3,35,0,1,14,0,15,0,13,34,3,50,34,0,34,84
02/25/2005,SAF,NM,ASW,WE,Federal Contract Tower,0,16,25,0,41,0,2,8,3,13,0,18,33,3,54,10,14,24,78
02/26/2005,SAF,NM,ASW,WE,Federal Contract Tower,0,12,15,10,37,0,2,70,2,74,0,14,85,12,111,190,4,194,305
02/27/2005,SAF,NM,ASW,WE,Federal Contract Tower,0,17,25,2,44,0,1,98,0,99,0,18,123,2,143,188,0,188,331
02/28/2005,SAF,NM,ASW,WE,Federal Contract Tower,0,5,10,4,19,0,5,61,2,68,0,10,71,6,87,126,0,126,213
03/01/2005,SAF,NM,ASW,WE,Federal Contract Tower,0,11,22,0,33,0,5,28,4,37,0,16,50,4,70,32,0,32,102
03/02/2005,SAF,NM,ASW,WE,Federal Contract Tower,0,9,9,0,18,0,2,54,3,59,0,11,63,3,77,60,0,60,137
03/03/2005,SAF,NM,ASW,WE,Federal Contract Tower,0,16,21,0,37,0,4,31,3,38,0,20,52,3,75,56,0,56,131
03/04/2005,SAF,NM,ASW,WE,Federal Contract Tower,0,18,14,0,32,0,1,82,0,83,0,19,96,0,115,90,0,90,205
03/05/2005,SAF,NM,ASW,WE,Federal Contract Tower,0,10,19,0,29,0,2,19,2,23,0,12,38,2,52,16,2,18,70
03/06/2005,SAF,NM,ASW,WE,Federal Contract Tower,0,16,19,0,35,0,1,12,2,15,0,17,31,2,50,20,0,20,70
03/07/2005,SAF,NM,ASW,WE,Federal Contract Tower,0,8,23,1,32,0,1,55,1,57,0,9,78,2,89,80,0,80,169
03/08/2005,SAF,NM,ASW,WE,Federal Contract Tower,0,14,19,0,33,0,2,47,2,51,0,16,66,2,84,62,0,62,146
03/09/2005,SAF,NM,ASW,WE,Federal Contract Tower,0,18,14,0,32,0,1,70,2,73,0,19,84,2,105,44,4,48,153
03/10/2005,SAF,NM,ASW,WE,Federal Contract Tower,0,23,22,0,45,0,5,77,1,83,0,28,99,1,128,122,2,124,252
03/11/2005,SAF,NM,ASW,WE,Federal Contract Tower,0,10,31,0,41,0,2,93,5,100,0,12,124,5,141,58,0,58,199
03/12/2005,SAF,NM,ASW,WE,Federal Contract Tower,0,15,13,0,28,0,9,81,3,93,0,24,94,3,121,78,2,80,201
03/13/2005,SAF,NM,ASW,WE,Federal Contract Tower,0,22,41,0,63,0,4,52,1,57,0,26,93,1,120,78,0,78,198
03/14/2005,SAF,NM,ASW,WE,Federal Contract Tower,0,1,4,0,5,0,0,0,0,0,0,1,4,0,5,0,0,0,5
03/15/2005,SAF,NM,ASW,WE,Federal Contract Tower,0,2,14,0,16,0,0,0,0,0,0,2,14,0,16,0,0,0,16
03/16/2005,SAF,NM,ASW,WE,Federal Contract Tower,0,19,15,3,37,0,4,42,1,47,0,23,57,4,84,44,8,52,136
03/17/2005,SAF,NM,ASW,WE,Federal Contract Tower,0,17,22,0,39,0,2,49,0,51,0,19,71,0,90,68,0,68,158
03/18/2005,SAF,NM,ASW,WE,Federal Contract Tower,0,16,27,1,44,0,2,56,2,60,0,18,83,3,104,118,0,118,222
03/19/2005,SAF,NM,ASW,WE,Federal Contract Tower,0,9,28,1,38,0,0,87,1,88,0,9,115,2,126,192,0,192,318
03/20/2005,SAF,NM,ASW,WE,Federal Contract Tower,0,11,27,4,42,0,1,35,3,39,0,12,62,7,81,105,14,119,200
03/21/2005,SAF,NM,ASW,WE,Federal Contract Tower,0,15,17,0,32,0,3,46,1,50,0,18,63,1,82,50,0,50,132
03/22/2005,SAF,NM,ASW,WE,Federal Contract Tower,0,17,26,0,43,0,6,70,0,76,0,23,96,0,119,108,0,108,227
03/23/2005,SAF,NM,ASW,WE,Federal Contract Tower,0,12,22,0,34,0,9,31,0,40,0,21,53,0,74,124,30,154,228
03/24/2005,SAF,NM,ASW,WE,Federal Contract Tower,0,14,16,2,32,0,4,48,1,53,0,18,64,3,85,118,0,118,203
03/25/2005,SAF,NM,ASW,WE,Federal Contract Tower,0,11,29,0,40,0,1,2,0,3,0,12,31,0,43,14,0,14,57
03/26/2005,SAF,NM,ASW,WE,Federal Contract Tower,0,11,17,0,28,0,1,19,0,20,0,12,36,0,48,54,0,54,102
03/27/2005,SAF,NM,ASW,WE,Federal Contract Tower,0,19,27,0,46,0,2,101,1,104,0,21,128,1,150,170,0,170,320
03/28/2005,SAF,NM,ASW,WE,Federal Contract Tower,0,10,25,0,35,0,6,72,1,79,0,16,97,1,114,54,0,54,168
03/29/2005,SAF,NM,ASW,WE,Federal Contract Tower,0,9,24,0,33,0,0,5,0,5,0,9,29,0,38,18,0,18,56
03/30/2005,SAF,NM,ASW,WE,Federal Contract Tower,0,15,22,5,42,0,5,35,1,41,0,20,57,6,83,52,2,54,137
03/31/2005,SAF,NM,ASW,WE,Federal Contract Tower,0,15,12,4,31,0,6,19,1,26,0,21,31,5,57,6,0,6,63
04/01/2005,SAF,NM,ASW,WE,Federal Contract Tower,0,16,29,3,48,0,2,91,0,93,0,18,120,3,141,92,0,92,233
04/02/2005,SAF,NM,ASW,WE,Federal Contract Tower,0,9,27,2,38,0,0,93,9,102,0,9,120,11,140,154,4,158,298
04/03/2005,SAF,NM,ASW,WE,Federal Contract Tower,0,22,26,4,52,0,0,81,0,81,0,22,107,4,133,126,4,130,263
04/04/2005,SAF,NM,ASW,WE,Federal Contract Tower,0,13,10,0,23,0,2,38,0,40,0,15,48,0,63,60,0,60,123
04/05/2005,SAF,NM,ASW,WE,Federal Contract Tower,0,15,23,4,42,0,1,29,0,30,0,16,52,4,72,40,12,52,124
04/06/2005,SAF,NM,ASW,WE,Federal Contract Tower,0,13,24,2,39,0,3,73,2,78,0,16,97,4,117,136,0,136,253
04/07/2005,SAF,NM,ASW,WE,Federal Contract Tower,0,10,23,4,37,0,3,101,3,107,0,13,124,7,144,140,0,140,284
04/08/2005,SAF,NM,ASW,WE,Federal Contract Tower,0,16,20,1,37,0,3,54,0,57,0,19,74,1,94,68,0,68,162
04/09/2005,SAF,NM,ASW,WE,Federal Contract Tower,0,8,14,2,24,0,1,45,1,47,0,9,59,3,71,76,2,78,149
04/10/2005,SAF,NM,ASW,WE,Federal Contract Tower,0,8,16,1,25,0,1,11,0,12,0,9,27,1,37,2,0,2,39
04/11/2005,SAF,NM,ASW,WE,Federal Contract Tower,0,13,22,1,36,0,3,41,2,46,0,16,63,3,82,56,0,56,138
04/12/2005,SAF,NM,ASW,WE,Federal Contract Tower,0,13,15,2,30,0,0,56,7,63,0,13,71,9,93,46,10,56,149
04/13/2005,SAF,NM,ASW,WE,Federal Contract Tower,0,20,21,5,46,0,3,51,0,54,0,23,72,5,100,70,2,72,172
04/14/2005,SAF,NM,ASW,WE,Federal Contract Tower,0,12,22,0,34,0,1,69,2,72,0,13,91,2,106,58,0,58,164
04/15/2005,SAF,NM,ASW,WE,Federal Contract Tower,0,14,17,2,33,0,1,69,4,74,0,15,86,6,107,68,0,68,175
04/16/2005,SAF,NM,ASW,WE,Federal Contract Tower,0,12,7,0,19,0,0,53,0,53,0,12,60,0,72,26,0,26,98
04/17/2005,SAF,NM,ASW,WE,Federal Contract Tower,0,13,21,0,34,0,4,70,0,74,0,17,91,0,108,70,0,70,178
04/18/2005,SAF,NM,ASW,WE,Federal Contract Tower,0,11,21,0,32,0,1,51,4,56,0,12,72,4,88,40,0,40,128
04/19/2005,SAF,NM,ASW,WE,Federal Contract Tower,0,15,15,0,30,0,1,57,2,60,0,16,72,2,90,50,0,50,140
04/20/2005,SAF,NM,ASW,WE,Federal Contract Tower,0,15,27,2,44,0,3,43,2,48,0,18,70,4,92,38,2,40,132
04/21/2005,SAF,NM,ASW,WE,Federal Contract Tower,0,14,27,0,41,0,5,75,2,82,0,19,102,2,123,138,0,138,261
04/22/2005,SAF,NM,ASW,WE,Federal Contract Tower,0,16,27,1,44,0,1,109,3,113,0,17,136,4,157,138,8,146,303
04/23/2005,SAF,NM,ASW,WE,Federal Contract Tower,0,7,19,1,27,0,0,55,1,56,0,7,74,2,83,104,20,124,207
04/24/2005,SAF,NM,ASW,WE,Federal Contract Tower,0,17,22,0,39,0,0,14,0,14,0,17,36,0,53,0,0,0,53
04/25/2005,SAF,NM,ASW,WE,Federal Contract Tower,0,9,27,0,36,0,0,31,1,32,0,9,58,1,68,72,2,74,142
04/26/2005,SAF,NM,ASW,WE,Federal Contract Tower,0,12,27,2,41,0,0,51,6,57,0,12,78,8,98,80,6,86,184
04/27/2005,SAF,NM,ASW,WE,Federal Contract Tower,0,19,29,2,50,0,5,64,5,74,0,24,93,7,124,72,10,82,206
04/28/2005,SAF,NM,ASW,WE,Federal Contract Tower,0,20,30,5,55,0,3,49,2,54,0,23,79,7,109,72,2,74,183
04/29/2005,SAF,NM,ASW,WE,Federal Contract Tower,0,19,19,0,38,0,6,34,0,40,0,25,53,0,78,80,0,80,158
04/30/2005,SAF,NM,ASW,WE,Federal Contract Tower,0,15,18,7,40,0,0,89,0,89,0,15,107,7,129,78,14,92,221
05/01/2005,SAF,NM,ASW,WE,Federal Contract Tower,0,23,24,0,47,0,1,65,0,66,0,24,89,0,113,132,0,132,245
05/02/2005,SAF,NM,ASW,WE,Federal Contract Tower,0,19,24,4,47,0,2,20,3,25,0,21,44,7,72,44,0,44,116
05/03/2005,SAF,NM,ASW,WE,Federal Contract Tower,0,16,16,4,36,0,0,18,0,18,0,16,34,4,54,54,0,54,108
05/04/2005,SAF,NM,ASW,WE,Federal Contract Tower,0,14,16,2,32,0,4,78,2,84,0,18,94,4,116,84,2,86,202
05/05/2005,SAF,NM,ASW,WE,Federal Contract Tower,0,18,33,1,52,0,4,103,6,113,0,22,136,7,165,192,8,200,365
05/06/2005,SAF,NM,ASW,WE,Federal Contract Tower,0,11,40,4,55,0,5,42,4,51,0,16,82,8,106,92,8,100,206
05/07/2005,SAF,NM,ASW,WE,Federal Contract Tower,0,13,18,0,31,0,5,75,13,93,0,18,93,13,124,96,4,100,224
05/08/2005,SAF,NM,ASW,WE,Federal Contract Tower,0,18,32,1,51,0,6,96,10,112,0,24,128,11,163,118,0,118,281
05/09/2005,SAF,NM,ASW,WE,Federal Contract Tower,0,21,30,7,58,0,2,57,1,60,0,23,87,8,118,82,6,88,206
05/10/2005,SAF,NM,ASW,WE,Federal Contract Tower,0,23,19,0,42,0,2,74,2,78,0,25,93,2,120,42,0,42,162
05/11/2005,SAF,NM,ASW,WE,Federal Contract Tower,0,12,24,7,43,0,2,44,7,53,0,14,68,14,96,86,24,110,206
05/12/2005,SAF,NM,ASW,WE,Federal Contract Tower,0,23,27,11,61,0,7,86,10,103,0,30,113,21,164,122,16,138,302
05/13/2005,SAF,NM,ASW,WE,Federal Contract Tower,0,25,28,6,59,0,6,86,1,93,0,31,114,7,152,120,22,142,294
05/14/2005,SAF,NM,ASW,WE,Federal Contract Tower,0,9,20,0,29,0,1,66,4,71,0,10,86,4,100,128,14,142,242
05/15/2005,SAF,NM,ASW,WE,Federal Contract Tower,0,26,17,2,45,0,0,67,0,67,0,26,84,2,112,92,0,92,204
05/16/2005,SAF,NM,ASW,WE,Federal Contract Tower,0,20,23,1,44,0,3,87,4,94,0,23,110,5,138,200,2,202,340
05/17/2005,SAF,NM,ASW,WE,Federal Contract Tower,0,15,27,0,42,0,5,32,9,46,0,20,59,9,88,96,0,96,184
05/18/2005,SAF,NM,ASW,WE,Federal Contract Tower,0,11,24,1,36,0,2,89,6,97,0,13,113,7,133,166,0,166,299
05/19/2005,SAF,NM,ASW,WE,Federal Contract Tower,0,20,16,0,36,0,2,80,3,85,0,22,96,3,121,126,4,130,251
05/20/2005,SAF,NM,ASW,WE,Federal Contract Tower,0,15,30,2,47,0,3,93,3,99,0,18,123,5,146,100,6,106,252
05/21/2005,SAF,NM,ASW,WE,Federal Contract Tower,0,14,7,0,21,0,1,103,0,104,0,15,110,0,125,132,0,132,257
05/22/2005,SAF,NM,ASW,WE,Federal Contract Tower,0,17,33,0,50,0,2,87,0,89,0,19,120,0,139,36,0,36,175
05/23/2005,SAF,NM,ASW,WE,Federal Contract Tower,0,16,23,2,41,0,1,43,0,44,0,17,66,2,85,40,0,40,125
05/24/2005,SAF,NM,ASW,WE,Federal Contract Tower,0,16,28,0,44,0,3,73,4,80,0,19,101,4,124,70,8,78,202
05/25/2005,SAF,NM,ASW,WE,Federal Contract Tower,0,16,25,0,41,0,2,74,6,82,0,18,99,6,123,62,6,68,191
05/26/2005,SAF,NM,ASW,WE,Federal Contract Tower,0,26,36,2,64,0,5,48,8,61,0,31,84,10,125,42,4,46,171
05/27/2005,SAF,NM,ASW,WE,Federal Contract Tower,0,29,42,0,71,0,2,74,11,87,0,31,116,11,158,78,6,84,242
05/28/2005,SAF,NM,ASW,WE,Federal Contract Tower,0,11,29,0,40,0,2,74,0,76,0,13,103,0,116,84,0,84,200
05/29/2005,SAF,NM,ASW,WE,Federal Contract Tower,0,12,17,0,29,0,0,76,3,79,0,12,93,3,108,72,0,72,180
05/30/2005,SAF,NM,ASW,WE,Federal Contract Tower,0,22,29,2,53,0,4,108,13,125,0,26,137,15,178,154,0,154,332
05/31/2005,SAF,NM,ASW,WE,Federal Contract Tower,0,10,18,0,28,0,1,70,0,71,0,11,88,0,99,132,0,132,231
06/01/2005,SAF,NM,ASW,WE,Federal Contract Tower,0,16,20,0,36,0,0,75,9,84,0,16,95,9,120,138,16,154,274
06/02/2005,SAF,NM,ASW,WE,Federal Contract Tower,0,15,19,0,34,0,7,52,5,64,0,22,71,5,98,108,0,108,206
06/03/2005,SAF,NM,ASW,WE,Federal Contract Tower,0,16,26,0,42,0,8,68,13,89,0,24,94,13,131,96,6,102,233
06/04/2005,SAF,NM,ASW,WE,Federal Contract Tower,0,12,26,3,41,0,5,106,8,119,0,17,132,11,160,218,8,226,386
06/05/2005,SAF,NM,ASW,WE,Federal Contract Tower,0,15,25,2,42,0,4,95,7,106,0,19,120,9,148,82,8,90,238
06/06/2005,SAF,NM,ASW,WE,Federal Contract Tower,0,8,13,0,21,0,3,63,4,70,0,11,76,4,91,146,14,160,251
06/07/2005,SAF,NM,ASW,WE,Federal Contract Tower,0,13,22,1,36,0,6,56,5,67,0,19,78,6,103,68,6,74,177
06/08/2005,SAF,NM,ASW,WE,Federal Contract Tower,0,13,17,0,30,0,0,74,8,82,0,13,91,8,112,106,0,106,218
06/09/2005,SAF,NM,ASW,WE,Federal Contract Tower,0,19,25,2,46,0,1,85,7,93,0,20,110,9,139,176,2,178,317
06/10/2005,SAF,NM,ASW,WE,Federal Contract Tower,0,21,38,3,62,0,6,62,1,69,0,27,100,4,131,70,22,92,223
06/11/2005,SAF,NM,ASW,WE,Federal Contract Tower,0,11,30,2,43,0,4,83,3,90,0,15,113,5,133,162,0,162,295
06/12/2005,SAF,NM,ASW,WE,Federal Contract Tower,0,14,38,2,54,0,1,67,1,69,0,15,105,3,123,48,16,64,187
06/13/2005,SAF,NM,ASW,WE,Federal Contract Tower,0,19,15,0,34,0,2,80,5,87,0,21,95,5,121,138,4,142,263
06/14/2005,SAF,NM,ASW,WE,Federal Contract Tower,0,22,22,0,44,0,4,82,4,90,0,26,104,4,134,126,2,128,262
06/15/2005,SAF,NM,ASW,WE,Federal Contract Tower,0,15,22,0,37,0,2,85,1,88,0,17,107,1,125,100,0,100,225
06/16/2005,SAF,NM,ASW,WE,Federal Contract Tower,0,19,26,3,48,0,0,93,4,97,0,19,119,7,145,176,8,184,329
06/17/2005,SAF,NM,ASW,WE,Federal Contract Tower,0,14,27,5,46,0,2,88,5,95,0,16,115,10,141,110,4,114,255
06/18/2005,SAF,NM,ASW,WE,Federal Contract Tower,0,10,17,0,27,0,4,116,0,120,0,14,133,0,147,174,0,174,321
06/19/2005,SAF,NM,ASW,WE,Federal Contract Tower,0,19,27,0,46,0,3,108,1,112,0,22,135,1,158,138,0,138,296
06/20/2005,SAF,NM,ASW,WE,Federal Contract Tower,0,10,21,0,31,0,1,63,1,65,0,11,84,1,96,86,0,86,182
06/21/2005,SAF,NM,ASW,WE,Federal Contract Tower,0,18,26,0,44,0,3,64,5,72,0,21,90,5,116,84,2,86,202
06/22/2005,SAF,NM,ASW,WE,Federal Contract Tower,0,12,19,0,31,0,0,85,9,94,0,12,104,9,125,138,0,138,263
06/23/2005,SAF,NM,ASW,WE,Federal Contract Tower,0,24,36,0,60,0,4,90,4,98,0,28,126,4,158,96,8,104,262
06/24/2005,SAF,NM,ASW,WE,Federal Contract Tower,0,24,40,1,65,0,0,68,5,73,0,24,108,6,138,94,0,94,232
06/25/2005,SAF,NM,ASW,WE,Federal Contract Tower,0,21,20,0,41,0,2,75,0,77,0,23,95,0,118,142,0,142,260
06/26/2005,SAF,NM,ASW,WE,Federal Contract Tower,0,22,26,1,49,0,0,62,0,62,0,22,88,1,111,64,0,64,175
06/27/2005,SAF,NM,ASW,WE,Federal Contract Tower,0,16,21,1,38,0,5,78,7,90,0,21,99,8,128,102,22,124,252
06/28/2005,SAF,NM,ASW,WE,Federal Contract Tower,0,21,21,3,45,0,0,71,13,84,0,21,92,16,129,64,28,92,221
06/29/2005,SAF,NM,ASW,WE,Federal Contract Tower,0,19,36,2,57,0,1,93,7,101,0,20,129,9,158,92,12,104,262
06/30/2005,SAF,NM,ASW,WE,Federal Contract Tower,0,25,32,2,59,0,5,85,7,97,0,30,117,9,156,110,16,126,282
07/01/2005,SAF,NM,ASW,WE,Federal Contract Tower,0,21,44,2,67,0,0,78,2,80,0,21,122,4,147,106,26,132,279
07/02/2005,SAF,NM,ASW,WE,Federal Contract Tower,0,16,30,0,46,0,3,92,1,96,0,19,122,1,142,120,0,120,262
07/03/2005,SAF,NM,ASW,WE,Federal Contract Tower,0,22,22,0,44,0,2,79,0,81,0,24,101,0,125,66,0,66,191
07/04/2005,SAF,NM,ASW,WE,Federal Contract Tower,0,20,20,0,40,0,2,103,2,107,0,22,123,2,147,94,0,94,241
07/05/2005,SAF,NM,ASW,WE,Federal Contract Tower,0,19,27,1,47,0,0,70,5,75,0,19,97,6,122,36,26,62,184
07/06/2005,SAF,NM,ASW,WE,Federal Contract Tower,0,17,19,1,37,0,3,84,7,94,0,20,103,8,131,100,16,116,247
07/07/2005,SAF,NM,ASW,WE,Federal Contract Tower,0,22,33,0,55,0,5,95,9,109,0,27,128,9,164,101,26,127,291
07/08/2005,SAF,NM,ASW,WE,Federal Contract Tower,0,19,22,4,45,0,6,137,4,147,0,25,159,8,192,124,6,130,322
07/09/2005,SAF,NM,ASW,WE,Federal Contract Tower,0,12,16,3,31,0,1,103,18,122,0,13,119,21,153,164,24,188,341
07/10/2005,SAF,NM,ASW,WE,Federal Contract Tower,0,26,25,2,53,0,0,115,6,121,0,26,140,8,174,102,12,114,288
07/11/2005,SAF,NM,ASW,WE,Federal Contract Tower,0,16,24,5,45,0,4,83,11,98,0,20,107,16,143,92,16,108,251
07/12/2005,SAF,NM,ASW,WE,Federal Contract Tower,0,23,24,0,47,0,0,81,4,85,0,23,105,4,132,104,20,124,256
07/13/2005,SAF,NM,ASW,WE,Federal Contract Tower,0,28,19,0,47,0,3,82,5,90,0,31,101,5,137,104,0,104,241
07/14/2005,SAF,NM,ASW,WE,Federal Contract Tower,0,19,30,2,51,0,5,95,3,103,0,24,125,5,154,142,2,144,298
07/15/2005,SAF,NM,ASW,WE,Federal Contract Tower,0,15,34,7,56,0,2,93,6,101,0,17,127,13,157,112,28,140,297
07/16/2005,SAF,NM,ASW,WE,Federal Contract Tower,0,17,29,3,49,0,3,100,1,104,0,20,129,4,153,114,16,130,283
07/17/2005,SAF,NM,ASW,WE,Federal Contract Tower,0,28,29,3,60,0,5,87,5,97,0,33,116,8,157,66,0,66,223
07/18/2005,SAF,NM,ASW,WE,Federal Contract Tower,0,21,33,0,54,0,0,80,10,90,0,21,113,10,144,106,0,106,250
07/19/2005,SAF,NM,ASW,WE,Federal Contract Tower,0,17,22,0,39,0,0,91,7,98,0,17,113,7,137,70,18,88,225
07/20/2005,SAF,NM,ASW,WE,Federal Contract Tower,0,20,44,2,66,0,1,86,17,104,0,21,130,19,170,72,20,92,262
07/21/2005,SAF,NM,ASW,WE,Federal Contract Tower,0,17,27,1,45,0,2,74,38,114,0,19,101,39,159,112,64,176,335
07/22/2005,SAF,NM,ASW,WE,Federal Contract Tower,0,29,34,5,68,0,0,110,10,120,0,29,144,15,188,156,2,158,346
07/23/2005,SAF,NM,ASW,WE,Federal Contract Tower,0,21,20,5,46,0,4,94,0,98,0,25,114,5,144,138,0,138,282
07/24/2005,SAF,NM,ASW,WE,Federal Contract Tower,0,27,34,2,63,0,1,109,0,110,0,28,143,2,173,158,0,158,331
07/25/2005,SAF,NM,ASW,WE,Federal Contract Tower,0,20,21,0,41,0,1,37,8,46,0,21,58,8,87,70,30,100,187
07/26/2005,SAF,NM,ASW,WE,Federal Contract Tower,0,24,18,0,42,0,1,77,15,93,0,25,95,15,135,140,16,156,291
07/27/2005,SAF,NM,ASW,WE,Federal Contract Tower,0,13,32,0,45,0,3,73,10,86,0,16,105,10,131,122,10,132,263
07/28/2005,SAF,NM,ASW,WE,Federal Contract Tower,0,24,27,0,51,0,0,101,7,108,0,24,128,7,159,110,10,120,279
07/29/2005,SAF,NM,ASW,WE,Federal Contract Tower,0,15,36,2,53,0,1,71,4,76,0,16,107,6,129,66,14,80,209
07/30/2005,SAF,NM,ASW,WE,Federal Contract Tower,0,24,15,5,44,0,0,101,1,102,0,24,116,6,146,98,24,122,268
07/31/2005,SAF,NM,ASW,WE,Federal Contract Tower,0,32,38,0,70,0,4,94,2,100,0,36,132,2,170,126,0,126,296
08/01/2005,SAF,NM,ASW,WE,Federal Contract Tower,0,27,20,2,49,0,2,61,3,66,0,29,81,5,115,110,10,120,235
08/02/2005,SAF,NM,ASW,WE,Federal Contract Tower,0,13,28,2,43,0,3,70,17,90,0,16,98,19,133,138,34,172,305
08/03/2005,SAF,NM,ASW,WE,Federal Contract Tower,0,23,26,1,50,0,1,66,5,72,0,24,92,6,122,80,6,86,208
08/04/2005,SAF,NM,ASW,WE,Federal Contract Tower,0,18,31,1,50,0,2,71,7,80,0,20,102,8,130,98,12,110,240
08/05/2005,SAF,NM,ASW,WE,Federal Contract Tower,0,18,36,0,54,0,3,50,5,58,0,21,86,5,112,66,0,66,178
08/06/2005,SAF,NM,ASW,WE,Federal Contract Tower,0,19,25,1,45,0,0,72,10,82,0,19,97,11,127,112,26,138,265
08/07/2005,SAF,NM,ASW,WE,Federal Contract Tower,0,24,29,0,53,0,0,67,3,70,0,24,96,3,123,138,0,138,261
08/08/2005,SAF,NM,ASW,WE,Federal Contract Tower,0,29,33,1,63,0,1,75,2,78,0,30,108,3,141,82,0,82,223
08/09/2005,SAF,NM,ASW,WE,Federal Contract Tower,0,21,33,0,54,0,4,78,5,87,0,25,111,5,141,80,10,90,231
08/10/2005,SAF,NM,ASW,WE,Federal Contract Tower,0,27,41,0,68,0,2,67,5,74,0,29,108,5,142,106,34,140,282
08/11/2005,SAF,NM,ASW,WE,Federal Contract Tower,0,15,32,0,47,0,1,82,6,89,0,16,114,6,136,66,2,68,204
08/12/2005,SAF,NM,ASW,WE,Federal Contract Tower,0,30,51,0,81,0,1,47,2,50,0,31,98,2,131,68,0,68,199
08/13/2005,SAF,NM,ASW,WE,Federal Contract Tower,0,18,27,0,45,0,0,71,17,88,0,18,98,17,133,96,14,110,243
08/14/2005,SAF,NM,ASW,WE,Federal Contract Tower,0,36,33,1,70,0,3,73,0,76,0,39,106,1,146,106,0,106,252
08/15/2005,SAF,NM,ASW,WE,Federal Contract Tower,0,13,39,1,53,0,8,45,46,99,0,21,84,47,152,93,20,113,265
08/16/2005,SAF,NM,ASW,WE,Federal Contract Tower,0,16,31,2,49,0,7,64,19,90,0,23,95,21,139,94,0,94,233
08/17/2005,SAF,NM,ASW,WE,Federal Contract Tower,0,22,45,0,67,0,4,80,7,91,0,26,125,7,158,96,0,96,254
08/18/2005,SAF,NM,ASW,WE,Federal Contract Tower,0,16,36,0,52,0,7,90,5,102,0,23,126,5,154,162,14,176,330
08/19/2005,SAF,NM,ASW,WE,Federal Contract Tower,0,31,45,5,81,0,5,84,17,106,0,36,129,22,187,148,10,158,345
08/20/2005,SAF,NM,ASW,WE,Federal Contract Tower,0,20,19,2,41,0,0,105,17,122,0,20,124,19,163,110,18,128,291
08/21/2005,SAF,NM,ASW,WE,Federal Contract Tower,0,25,40,1,66,0,1,81,3,85,0,26,121,4,151,144,0,144,295
08/22/2005,SAF,NM,ASW,WE,Federal Contract Tower,0,21,37,0,58,0,0,79,20,99,0,21,116,20,157,126,20,146,303
08/23/2005,SAF,NM,ASW,WE,Federal Contract Tower,0,9,20,3,32,0,2,53,17,72,0,11,73,20,104,90,68,158,262
08/24/2005,SAF,NM,ASW,WE,Federal Contract Tower,0,9,23,0,32,0,2,78,16,96,0,11,101,16,128,62,6,68,196
08/25/2005,SAF,NM,ASW,WE,Federal Contract Tower,0,15,27,2,44,0,1,87,8,96,0,16,114,10,140,153,0,153,293
08/26/2005,SAF,NM,ASW,WE,Federal Contract Tower,0,12,31,2,45,0,3,99,7,109,0,15,130,9,154,114,28,142,296
08/27/2005,SAF,NM,ASW,WE,Federal Contract Tower,0,11,27,4,42,0,5,103,9,117,0,16,130,13,159,144,34,178,337
08/28/2005,SAF,NM,ASW,WE,Federal Contract Tower,0,17,28,0,45,0,3,78,1,82,0,20,106,1,127,142,0,142,269
08/29/2005,SAF,NM,ASW,WE,Federal Contract Tower,0,10,24,0,34,0,2,44,0,46,0,12,68,0,80,96,0,96,176
08/30/2005,SAF,NM,ASW,WE,Federal Contract Tower,0,9,23,0,32,0,3,72,5,80,0,12,95,5,112,108,4,112,224
08/31/2005,SAF,NM,ASW,WE,Federal Contract Tower,0,13,17,1,31,0,2,41,4,47,0,15,58,5,78,60,6,66,144
09/01/2005,SAF,NM,ASW,WE,Federal Contract Tower,0,13,27,2,42,0,3,69,3,75,0,16,96,5,117,100,6,106,223
09/02/2005,SAF,NM,ASW,WE,Federal Contract Tower,0,32,33,0,65,0,3,79,7,89,0,35,112,7,154,94,26,120,274
09/03/2005,SAF,NM,ASW,WE,Federal Contract Tower,0,18,20,2,40,0,1,100,0,101,0,19,120,2,141,151,2,153,294
09/04/2005,SAF,NM,ASW,WE,Federal Contract Tower,0,19,26,0,45,0,5,59,1,65,0,24,85,1,110,84,0,84,194
09/05/2005,SAF,NM,ASW,WE,Federal Contract Tower,0,28,26,1,55,0,6,83,2,91,0,34,109,3,146,156,2,158,304
09/06/2005,SAF,NM,ASW,WE,Federal Contract Tower,0,15,29,3,47,0,2,40,8,50,0,17,69,11,97,58,48,106,203
09/07/2005,SAF,NM,ASW,WE,Federal Contract Tower,0,14,26,3,43,0,4,44,7,55,0,18,70,10,98,38,0,38,136
09/08/2005,SAF,NM,ASW,WE,Federal Contract Tower,0,18,22,0,40,0,1,65,7,73,0,19,87,7,113,108,40,148,261
09/09/2005,SAF,NM,ASW,WE,Federal Contract Tower,0,25,25,1,51,0,3,68,0,71,0,28,93,1,122,90,0,90,212
09/10/2005,SAF,NM,ASW,WE,Federal Contract Tower,0,14,16,1,31,0,2,71,13,86,0,16,87,14,117,128,2,130,247
09/11/2005,SAF,NM,ASW,WE,Federal Contract Tower,0,20,25,1,46,0,0,57,6,63,0,20,82,7,109,56,10,66,175
09/12/2005,SAF,NM,ASW,WE,Federal Contract Tower,0,11,34,5,50,0,5,62,12,79,0,16,96,17,129,90,14,104,233
09/13/2005,SAF,NM,ASW,WE,Federal Contract Tower,0,12,23,0,35,0,4,62,2,68,0,16,85,2,103,92,10,102,205
09/14/2005,SAF,NM,ASW,WE,Federal Contract Tower,0,14,25,1,40,0,4,53,19,76,0,18,78,20,116,68,4,72,188
09/15/2005,SAF,NM,ASW,WE,Federal Contract Tower,0,6,25,2,33,0,6,65,1,72,0,12,90,3,105,136,0,136,241
09/16/2005,SAF,NM,ASW,WE,Federal Contract Tower,0,13,31,2,46,0,0,106,1,107,0,13,137,3,153,112,0,112,265
09/17/2005,SAF,NM,ASW,WE,Federal Contract Tower,0,9,15,5,29,0,2,97,5,104,0,11,112,10,133,80,16,96,229
09/18/2005,SAF,NM,ASW,WE,Federal Contract Tower,0,16,32,3,51,0,0,83,5,88,0,16,115,8,139,46,2,48,187
09/19/2005,SAF,NM,ASW,WE,Federal Contract Tower,0,14,37,3,54,0,4,77,7,88,0,18,114,10,142,106,4,110,252
09/20/2005,SAF,NM,ASW,WE,Federal Contract Tower,0,11,19,0,30,0,2,80,0,82,0,13,99,0,112,124,0,124,236
09/21/2005,SAF,NM,ASW,WE,Federal Contract Tower,0,12,21,5,38,0,3,79,2,84,0,15,100,7,122,94,10,104,226
09/22/2005,SAF,NM,ASW,WE,Federal Contract Tower,0,27,30,2,59,0,0,93,9,102,0,27,123,11,161,126,0,126,287
09/23/2005,SAF,NM,ASW,WE,Federal Contract Tower,0,20,46,2,68,0,0,145,10,155,0,20,191,12,223,62,0,62,285
09/24/2005,SAF,NM,ASW,WE,Federal Contract Tower,0,11,14,0,25,0,0,103,0,103,0,11,117,0,128,108,0,108,236
09/25/2005,SAF,NM,ASW,WE,Federal Contract Tower,0,22,39,2,63,0,2,151,5,158,0,24,190,7,221,32,14,46,267
09/26/2005,SAF,NM,ASW,WE,Federal Contract Tower,0,19,26,0,45,0,3,57,0,60,0,22,83,0,105,68,0,68,173
09/27/2005,SAF,NM,ASW,WE,Federal Contract Tower,0,15,33,0,48,0,1,62,1,64,0,16,95,1,112,50,0,50,162
09/28/2005,SAF,NM,ASW,WE,Federal Contract Tower,0,10,31,0,41,0,1,21,5,27,0,11,52,5,68,10,24,34,102
09/29/2005,SAF,NM,ASW,WE,Federal Contract Tower,0,24,21,0,45,0,3,19,0,22,0,27,40,0,67,12,0,12,79
09/30/2005,SAF,NM,ASW,WE,Federal Contract Tower,0,30,34,2,66,0,0,85,0,85,0,30,119,2,151,138,0,138,289
10/01/2005,SAF,NM,ASW,WE,Federal Contract Tower,0,13,24,0,37,0,0,87,3,90,0,13,111,3,127,90,0,90,217
10/02/2005,SAF,NM,ASW,WE,Federal Contract Tower,0,30,34,0,64,0,3,79,2,84,0,33,113,2,148,96,28,124,272
10/03/2005,SAF,NM,ASW,WE,Federal Contract Tower,0,26,35,2,63,0,2,67,0,69,0,28,102,2,132,94,0,94,226
10/04/2005,SAF,NM,ASW,WE,Federal Contract Tower,0,4,8,0,12,0,0,12,9,21,0,4,20,9,33,6,20,26,59
10/05/2005,SAF,NM,ASW,WE,Federal Contract Tower,0,12,34,0,46,0,7,75,5,87,0,19,109,5,133,62,22,84,217
10/06/2005,SAF,NM,ASW,WE,Federal Contract Tower,0,17,47,2,66,0,3,34,1,38,0,20,81,3,104,112,2,114,218
10/07/2005,SAF,NM,ASW,WE,Federal Contract Tower,0,18,27,2,47,0,1,44,3,48,0,19,71,5,95,20,0,20,115
10/08/2005,SAF,NM,ASW,WE,Federal Contract Tower,0,12,25,2,39,0,4,73,2,79,0,16,98,4,118,139,0,139,257
10/09/2005,SAF,NM,ASW,WE,Federal Contract Tower,0,17,31,0,48,0,1,25,0,26,0,18,56,0,74,18,0,18,92
10/10/2005,SAF,NM,ASW,WE,Federal Contract Tower,0,20,23,0,43,0,1,15,0,16,0,21,38,0,59,8,0,8,67
10/11/2005,SAF,NM,ASW,WE,Federal Contract Tower,0,12,24,4,40,0,1,55,0,56,0,13,79,4,96,52,0,52,148
10/12/2005,SAF,NM,ASW,WE,Federal Contract Tower,0,15,22,0,37,0,11,89,2,102,0,26,111,2,139,120,0,120,259
10/13/2005,SAF,NM,ASW,WE,Federal Contract Tower,0,10,21,2,33,0,8,95,3,106,0,18,116,5,139,126,0,126,265
10/14/2005,SAF,NM,ASW,WE,Federal Contract Tower,0,28,26,10,64,0,4,107,8,119,0,32,133,18,183,174,8,182,365
10/15/2005,SAF,NM,ASW,WE,Federal Contract Tower,0,11,19,3,33,0,5,45,0,50,0,16,64,3,83,50,4,54,137
10/16/2005,SAF,NM,ASW,WE,Federal Contract Tower,0,19,37,1,57,0,0,78,1,79,0,19,115,2,136,88,0,88,224
10/17/2005,SAF,NM,ASW,WE,Federal Contract Tower,0,14,22,4,40,0,3,62,2,67,0,17,84,6,107,96,0,96,203
10/18/2005,SAF,NM,ASW,WE,Federal Contract Tower,0,10,22,2,34,0,1,59,0,60,0,11,81,2,94,132,0,132,226
10/19/2005,SAF,NM,ASW,WE,Federal Contract Tower,0,12,23,2,37,0,6,49,2,57,0,18,72,4,94,80,0,80,174
10/20/2005,SAF,NM,ASW,WE,Federal Contract Tower,0,17,32,0,49,0,2,90,2,94,0,19,122,2,143,112,0,112,255
10/21/2005,SAF,NM,ASW,WE,Federal Contract Tower,0,13,44,1,58,0,0,79,3,82,0,13,123,4,140,94,16,110,250
10/22/2005,SAF,NM,ASW,WE,Federal Contract Tower,0,8,12,2,22,0,2,104,1,107,0,10,116,3,129,206,14,220,349
10/23/2005,SAF,NM,ASW,WE,Federal Contract Tower,0,12,28,1,41,0,3,65,2,70,0,15,93,3,111,102,2,104,215
10/24/2005,SAF,NM,ASW,WE,Federal Contract Tower,0,8,16,7,31,0,3,63,8,74,0,11,79,15,105,86,12,98,203
10/25/2005,SAF,NM,ASW,WE,Federal Contract Tower,0,14,22,2,38,0,3,67,12,82,0,17,89,14,120,74,10,84,204
10/26/2005,SAF,NM,ASW,WE,Federal Contract Tower,0,10,19,2,31,0,1,42,10,53,0,11,61,12,84,64,6,70,154
10/27/2005,SAF,NM,ASW,WE,Federal Contract Tower,0,10,16,2,28,0,2,65,12,79,0,12,81,14,107,112,10,122,229
10/28/2005,SAF,NM,ASW,WE,Federal Contract Tower,0,11,30,3,44,0,3,72,4,79,0,14,102,7,123,44,0,44,167
10/29/2005,SAF,NM,ASW,WE,Federal Contract Tower,0,12,19,3,34,0,4,86,2,92,0,16,105,5,126,168,4,172,298
10/30/2005,SAF,NM,ASW,WE,Federal Contract Tower,0,15,27,1,43,0,2,71,0,73,0,17,98,1,116,96,0,96,212
10/31/2005,SAF,NM,ASW,WE,Federal Contract Tower,0,6,16,3,25,0,1,58,3,62,0,7,74,6,87,112,0,112,199
11/01/2005,SAF,NM,ASW,WE,Federal Contract Tower,0,10,12,4,26,0,1,57,0,58,0,11,69,4,84,24,6,30,114
11/02/2005,SAF,NM,ASW,WE,Federal Contract Tower,0,9,18,2,29,0,3,61,5,69,0,12,79,7,98,56,12,68,166
11/03/2005,SAF,NM,ASW,WE,Federal Contract Tower,0,16,19,3,38,0,0,31,3,34,0,16,50,6,72,38,2,40,112
11/04/2005,SAF,NM,ASW,WE,Federal Contract Tower,0,15,34,1,50,0,1,66,1,68,0,16,100,2,118,82,0,82,200
11/05/2005,SAF,NM,ASW,WE,Federal Contract Tower,0,8,14,0,22,0,3,62,4,69,0,11,76,4,91,52,0,52,143
11/06/2005,SAF,NM,ASW,WE,Federal Contract Tower,0,21,27,0,48,0,2,106,5,113,0,23,133,5,161,138,0,138,299
11/07/2005,SAF,NM,ASW,WE,Federal Contract Tower,0,9,12,0,21,0,3,55,0,58,0,12,67,0,79,108,0,108,187
11/08/2005,SAF,NM,ASW,WE,Federal Contract Tower,0,18,14,0,32,0,4,47,2,53,0,22,61,2,85,118,0,118,203
11/09/2005,SAF,NM,ASW,WE,Federal Contract Tower,0,14,21,0,35,0,3,65,4,72,0,17,86,4,107,84,4,88,195
11/10/2005,SAF,NM,ASW,WE,Federal Contract Tower,0,11,21,2,34,0,1,54,3,58,0,12,75,5,92,92,4,96,188
11/11/2005,SAF,NM,ASW,WE,Federal Contract Tower,0,19,31,1,51,0,1,51,3,55,0,20,82,4,106,50,8,58,164
11/12/2005,SAF,NM,ASW,WE,Federal Contract Tower,0,14,9,1,24,0,3,68,0,71,0,17,77,1,95,96,0,96,191
11/13/2005,SAF,NM,ASW,WE,Federal Contract Tower,0,18,17,2,37,0,4,97,1,102,0,22,114,3,139,80,0,80,219
11/14/2005,SAF,NM,ASW,WE,Federal Contract Tower,0,17,22,1,40,0,0,42,9,51,0,17,64,10,91,72,0,72,163
11/15/2005,SAF,NM,ASW,WE,Federal Contract Tower,0,10,8,0,18,0,8,54,4,66,0,18,62,4,84,64,0,64,148
11/16/2005,SAF,NM,ASW,WE,Federal Contract Tower,0,14,13,1,28,0,7,71,9,87,0,21,84,10,115,114,2,116,231
11/17/2005,SAF,NM,ASW,WE,Federal Contract Tower,0,10,20,0,30,0,6,59,8,73,0,16,79,8,103,46,2,48,151
11/18/2005,SAF,NM,ASW,WE,Federal Contract Tower,0,21,22,6,49,0,2,86,11,99,0,23,108,17,148,108,10,118,266
11/19/2005,SAF,NM,ASW,WE,Federal Contract Tower,0,5,15,0,20,0,4,94,2,100,0,9,109,2,120,166,0,166,286
11/20/2005,SAF,NM,ASW,WE,Federal Contract Tower,0,17,22,0,39,0,5,80,4,89,0,22,102,4,128,110,0,110,238
11/21/2005,SAF,NM,ASW,WE,Federal Contract Tower,0,9,27,2,38,0,4,80,5,89,0,13,107,7,127,116,8,124,251
11/22/2005,SAF,NM,ASW,WE,Federal Contract Tower,0,14,24,0,38,0,1,75,7,83,0,15,99,7,121,58,2,60,181
11/23/2005,SAF,NM,ASW,WE,Federal Contract Tower,0,23,26,0,49,0,2,65,8,75,0,25,91,8,124,54,6,60,184
11/24/2005,SAF,NM,ASW,WE,Federal Contract Tower,0,6,7,0,13,0,0,29,0,29,0,6,36,0,42,46,0,46,88
11/25/2005,SAF,NM,ASW,WE,Federal Contract Tower,0,9,14,0,23,0,0,76,0,76,0,9,90,0,99,92,0,92,191
11/26/2005,SAF,NM,ASW,WE,Federal Contract Tower,0,9,20,0,29,0,2,67,0,69,0,11,87,0,98,80,0,80,178
11/27/2005,SAF,NM,ASW,WE,Federal Contract Tower,0,28,50,0,78,0,2,26,0,28,0,30,76,0,106,16,0,16,122
11/28/2005,SAF,NM,ASW,WE,Federal Contract Tower,0,10,12,0,22,0,4,36,3,43,0,14,48,3,65,150,20,170,235
11/29/2005,SAF,NM,ASW,WE,Federal Contract Tower,0,10,9,0,19,0,2,55,7,64,0,12,64,7,83,58,6,64,147
11/30/2005,SAF,NM,ASW,WE,Federal Contract Tower,0,8,18,2,28,0,2,38,3,43,0,10,56,5,71,58,2,60,131
12/01/2005,SAF,NM,ASW,WE,Federal Contract Tower,0,9,14,0,23,0,3,50,9,62,0,12,64,9,85,104,32,136,221
12/02/2005,SAF,NM,ASW,WE,Federal Contract Tower,0,18,19,1,38,0,2,48,3,53,0,20,67,4,91,54,0,54,145
12/03/2005,SAF,NM,ASW,WE,Federal Contract Tower,0,4,13,0,17,0,1,22,0,23,0,5,35,0,40,48,0,48,88
12/04/2005,SAF,NM,ASW,WE,Federal Contract Tower,0,14,22,0,36,0,4,47,6,57,0,18,69,6,93,50,0,50,143
12/05/2005,SAF,NM,ASW,WE,Federal Contract Tower,0,16,16,0,32,0,1,48,0,49,0,17,64,0,81,64,0,64,145
12/06/2005,SAF,NM,ASW,WE,Federal Contract Tower,0,9,9,2,20,0,3,45,8,56,0,12,54,10,76,48,2,50,126
12/07/2005,SAF,NM,ASW,WE,Federal Contract Tower,0,12,16,2,30,0,3,24,8,35,0,15,40,10,65,20,20,40,105
12/08/2005,SAF,NM,ASW,WE,Federal Contract Tower,0,15,15,0,30,0,2,38,4,44,0,17,53,4,74,72,0,72,146
12/09/2005,SAF,NM,ASW,WE,Federal Contract Tower,0,21,26,0,47,0,0,67,8,75,0,21,93,8,122,60,0,60,182
12/10/2005,SAF,NM,ASW,WE,Federal Contract Tower,0,7,17,3,27,0,2,99,10,111,0,9,116,13,138,112,40,152,290
12/11/2005,SAF,NM,ASW,WE,Federal Contract Tower,0,10,19,2,31,0,3,84,2,89,0,13,103,4,120,196,4,200,320
12/12/2005,SAF,NM,ASW,WE,Federal Contract Tower,0,21,13,2,36,0,2,62,3,67,0,23,75,5,103,148,0,148,251
12/13/2005,SAF,NM,ASW,WE,Federal Contract Tower,0,15,17,2,34,0,1,20,2,23,0,16,37,4,57,44,0,44,101
12/14/2005,SAF,NM,ASW,WE,Federal Contract Tower,0,12,15,3,30,0,5,58,10,73,0,17,73,13,103,36,38,74,177
12/15/2005,SAF,NM,ASW,WE,Federal Contract Tower,0,11,19,2,32,0,2,68,5,75,0,13,87,7,107,52,6,58,165
12/16/2005,SAF,NM,ASW,WE,Federal Contract Tower,0,13,32,1,46,0,0,65,6,71,0,13,97,7,117,132,6,138,255
12/17/2005,SAF,NM,ASW,WE,Federal Contract Tower,0,16,17,0,33,0,3,82,3,88,0,19,99,3,121,140,18,158,279
12/18/2005,SAF,NM,ASW,WE,Federal Contract Tower,0,11,18,2,31,0,3,62,2,67,0,14,80,4,98,136,6,142,240
12/19/2005,SAF,NM,ASW,WE,Federal Contract Tower,0,15,14,2,31,0,3,30,2,35,0,18,44,4,66,34,20,54,120
12/20/2005,SAF,NM,ASW,WE,Federal Contract Tower,0,22,19,5,46,0,3,72,8,83,0,25,91,13,129,92,2,94,223
12/21/2005,SAF,NM,ASW,WE,Federal Contract Tower,0,17,38,2,57,0,7,48,11,66,0,24,86,13,123,56,42,98,221
12/22/2005,SAF,NM,ASW,WE,Federal Contract Tower,0,16,21,2,39,0,3,61,0,64,0,19,82,2,103,54,0,54,157
12/23/2005,SAF,NM,ASW,WE,Federal Contract Tower,0,14,22,0,36,0,4,66,2,72,0,18,88,2,108,84,2,86,194
12/24/2005,SAF,NM,ASW,WE,Federal Contract Tower,0,12,7,0,19,0,0,47,0,47,0,12,54,0,66,106,0,106,172
12/25/2005,SAF,NM,ASW,WE,Federal Contract Tower,0,18,6,0,24,0,1,31,0,32,0,19,37,0,56,38,0,38,94
12/26/2005,SAF,NM,ASW,WE,Federal Contract Tower,0,21,33,0,54,0,1,74,0,75,0,22,107,0,129,92,0,92,221
12/27/2005,SAF,NM,ASW,WE,Federal Contract Tower,0,30,26,3,59,0,0,58,1,59,0,30,84,4,118,38,4,42,160
12/28/2005,SAF,NM,ASW,WE,Federal Contract Tower,0,19,22,0,41,0,0,68,6,74,0,19,90,6,115,116,14,130,245
12/29/2005,SAF,NM,ASW,WE,Federal Contract Tower,0,16,16,1,33,0,3,62,4,69,0,19,78,5,102,112,4,116,218
12/30/2005,SAF,NM,ASW,WE,Federal Contract Tower,0,25,23,0,48,0,4,93,0,97,0,29,116,0,145,170,0,170,315
12/31/2005,SAF,NM,ASW,WE,Federal Contract Tower,0,13,21,0,34,0,3,72,0,75,0,16,93,0,109,96,0,96,205
01/01/2006,SAF,NM,ASW,WE,Federal Contract Tower,0,14,17,0,31,0,0,10,0,10,0,14,27,0,41,2,0,2,43
01/02/2006,SAF,NM,ASW,WE,Federal Contract Tower,0,24,23,0,47,0,0,95,3,98,0,24,118,3,145,128,0,128,273
01/03/2006,SAF,NM,ASW,WE,Federal Contract Tower,0,14,12,1,27,0,0,17,1,18,0,14,29,2,45,2,0,2,47
01/04/2006,SAF,NM,ASW,WE,Federal Contract Tower,0,8,21,3,32,0,5,51,9,65,0,13,72,12,97,80,12,92,189
01/05/2006,SAF,NM,ASW,WE,Federal Contract Tower,0,12,19,0,31,0,4,62,3,69,0,16,81,3,100,70,0,70,170
01/06/2006,SAF,NM,ASW,WE,Federal Contract Tower,0,14,17,2,33,0,0,81,3,84,0,14,98,5,117,80,0,80,197
01/07/2006,SAF,NM,ASW,WE,Federal Contract Tower,0,13,20,1,34,0,3,118,5,126,0,16,138,6,160,182,8,190,350
01/08/2006,SAF,NM,ASW,WE,Federal Contract Tower,0,9,19,4,32,0,0,90,10,100,0,9,109,14,132,74,14,88,220
01/09/2006,SAF,NM,ASW,WE,Federal Contract Tower,0,13,17,1,31,0,1,48,2,51,0,14,65,3,82,32,0,32,114
01/10/2006,SAF,NM,ASW,WE,Federal Contract Tower,0,10,23,2,35,0,4,47,0,51,0,14,70,2,86,74,0,74,160
01/11/2006,SAF,NM,ASW,WE,Federal Contract Tower,0,10,22,6,38,0,1,61,7,69,0,11,83,13,107,50,6,56,163
01/12/2006,SAF,NM,ASW,WE,Federal Contract Tower,0,14,28,1,43,0,0,34,13,47,0,14,62,14,90,36,14,50,140
01/13/2006,SAF,NM,ASW,WE,Federal Contract Tower,0,16,17,7,40,0,5,66,1,72,0,21,83,8,112,116,16,132,244
01/14/2006,SAF,NM,ASW,WE,Federal Contract Tower,0,8,11,0,19,0,2,79,2,83,0,10,90,2,102,164,16,180,282
01/15/2006,SAF,NM,ASW,WE,Federal Contract Tower,0,14,16,0,30,0,1,33,0,34,0,15,49,0,64,64,0,64,128
01/16/2006,SAF,NM,ASW,WE,Federal Contract Tower,0,14,16,4,34,0,0,17,1,18,0,14,33,5,52,28,6,34,86
01/17/2006,SAF,NM,ASW,WE,Federal Contract Tower,0,10,14,0,24,0,4,60,4,68,0,14,74,4,92,76,4,80,172
01/18/2006,SAF,NM,ASW,WE,Federal Contract Tower,0,8,34,6,48,0,3,34,6,43,0,11,68,12,91,8,16,24,115
01/19/2006,SAF,NM,ASW,WE,Federal Contract Tower,0,9,19,0,28,0,3,46,6,55,0,12,65,6,83,90,12,102,185
01/20/2006,SAF,NM,ASW,WE,Federal Contract Tower,0,14,25,2,41,0,1,58,11,70,0,15,83,13,111,60,6,66,177
01/21/2006,SAF,NM,ASW,WE,Federal Contract Tower,0,4,14,0,18,0,1,86,0,87,0,5,100,0,105,178,0,178,283
01/22/2006,SAF,NM,ASW,WE,Federal Contract Tower,0,8,13,2,23,0,2,74,0,76,0,10,87,2,99,114,0,114,213
01/23/2006,SAF,NM,ASW,WE,Federal Contract Tower,0,14,21,7,42,0,2,28,5,35,0,16,49,12,77,16,0,16,93
01/24/2006,SAF,NM,ASW,WE,Federal Contract Tower,0,5,14,2,21,0,2,37,9,48,0,7,51,11,69,66,4,70,139
01/25/2006,SAF,NM,ASW,WE,Federal Contract Tower,0,8,31,0,39,0,2,9,3,14,0,10,40,3,53,16,0,16,69
01/26/2006,SAF,NM,ASW,WE,Federal Contract Tower,0,16,21,2,39,0,1,46,2,49,0,17,67,4,88,32,2,34,122
01/27/2006,SAF,NM,ASW,WE,Federal Contract Tower,0,14,22,10,46,0,1,47,8,56,0,15,69,18,102,66,38,104,206
01/28/2006,SAF,NM,ASW,WE,Federal Contract Tower,0,5,14,4,23,0,2,50,6,58,0,7,64,10,81,118,40,158,239
01/29/2006,SAF,NM,ASW,WE,Federal Contract Tower,0,11,20,3,34,0,7,63,3,73,0,18,83,6,107,76,10,86,193
01/30/2006,SAF,NM,ASW,WE,Federal Contract Tower,0,8,15,1,24,0,2,46,8,56,0,10,61,9,80,44,0,44,124
01/31/2006,SAF,NM,ASW,WE,Federal Contract Tower,0,5,14,9,28,0,2,46,5,53,0,7,60,14,81,40,6,46,127
02/01/2006,SAF,NM,ASW,WE,Federal Contract Tower,0,14,16,0,30,0,5,63,17,85,0,19,79,17,115,96,6,102,217
02/02/2006,SAF,NM,ASW,WE,Federal Contract Tower,0,9,22,2,33,0,8,52,0,60,0,17,74,2,93,28,0,28,121
02/03/2006,SAF,NM,ASW,WE,Federal Contract Tower,0,18,25,4,47,0,3,77,8,88,0,21,102,12,135,128,0,128,263
02/04/2006,SAF,NM,ASW,WE,Federal Contract Tower,0,11,23,13,47,0,4,122,0,126,0,15,145,13,173,148,12,160,333
02/05/2006,SAF,NM,ASW,WE,Federal Contract Tower,0,10,18,2,30,0,3,41,1,45,0,13,59,3,75,66,0,66,141
02/06/2006,SAF,NM,ASW,WE,Federal Contract Tower,0,11,17,0,28,0,2,39,2,43,0,13,56,2,71,58,0,58,129
02/07/2006,SAF,NM,ASW,WE,Federal Contract Tower,0,11,26,5,42,0,9,57,9,75,0,20,83,14,117,110,10,120,237
02/08/2006,SAF,NM,ASW,WE,Federal Contract Tower,0,7,22,2,31,0,4,65,0,69,0,11,87,2,100,60,0,60,160
02/09/2006,SAF,NM,ASW,WE,Federal Contract Tower,0,7,17,4,28,0,3,55,2,60,0,10,72,6,88,90,14,104,192
02/10/2006,SAF,NM,ASW,WE,Federal Contract Tower,0,14,27,2,43,0,5,44,11,60,0,19,71,13,103,56,32,88,191
02/11/2006,SAF,NM,ASW,WE,Federal Contract Tower,0,3,6,2,11,0,3,72,13,88,0,6,78,15,99,122,36,158,257
02/12/2006,SAF,NM,ASW,WE,Federal Contract Tower,0,17,14,7,38,0,4,61,12,77,0,21,75,19,115,96,4,100,215
02/13/2006,SAF,NM,ASW,WE,Federal Contract Tower,0,10,18,0,28,0,5,33,0,38,0,15,51,0,66,18,0,18,84
02/14/2006,SAF,NM,ASW,WE,Federal Contract Tower,0,14,21,4,39,0,2,43,4,49,0,16,64,8,88,56,0,56,144
02/15/2006,SAF,NM,ASW,WE,Federal Contract Tower,0,14,17,0,31,0,3,27,1,31,0,17,44,1,62,34,0,34,96
02/16/2006,SAF,NM,ASW,WE,Federal Contract Tower,0,14,14,0,28,0,4,27,0,31,0,18,41,0,59,78,0,78,137
02/17/2006,SAF,NM,ASW,WE,Federal Contract Tower,0,14,42,0,56,0,2,28,4,34,0,16,70,4,90,22,0,22,112
02/18/2006,SAF,NM,ASW,WE,Federal Contract Tower,0,12,21,0,33,0,2,25,5,32,0,14,46,5,65,90,0,90,155
02/19/2006,SAF,NM,ASW,WE,Federal Contract Tower,0,16,7,4,27,0,4,43,0,47,0,20,50,4,74,100,12,112,186
02/20/2006,SAF,NM,ASW,WE,Federal Contract Tower,0,19,36,4,59,0,9,62,0,71,0,28,98,4,130,64,8,72,202
02/21/2006,SAF,NM,ASW,WE,Federal Contract Tower,0,8,27,2,37,0,1,44,7,52,0,9,71,9,89,76,16,92,181
02/22/2006,SAF,NM,ASW,WE,Federal Contract Tower,0,11,28,0,39,0,1,58,9,68,0,12,86,9,107,92,10,102,209
02/23/2006,SAF,NM,ASW,WE,Federal Contract Tower,0,14,22,0,36,0,6,64,13,83,0,20,86,13,119,142,0,142,261
02/24/2006,SAF,NM,ASW,WE,Federal Contract Tower,0,15,31,4,50,0,3,73,19,95,0,18,104,23,145,158,28,186,331
02/25/2006,SAF,NM,ASW,WE,Federal Contract Tower,0,12,12,0,24,0,3,107,3,113,0,15,119,3,137,228,0,228,365
02/26/2006,SAF,NM,ASW,WE,Federal Contract Tower,0,14,21,4,39,0,1,102,2,105,0,15,123,6,144,182,0,182,326
02/27/2006,SAF,NM,ASW,WE,Federal Contract Tower,0,11,7,2,20,0,5,42,4,51,0,16,49,6,71,108,0,108,179
02/28/2006,SAF,NM,ASW,WE,Federal Contract Tower,0,13,19,0,32,0,2,47,1,50,0,15,66,1,82,40,0,40,122
03/01/2006,SAF,NM,ASW,WE,Federal Contract Tower,0,11,25,1,37,0,2,49,5,56,0,13,74,6,93,92,8,100,193
03/02/2006,SAF,NM,ASW,WE,Federal Contract Tower,0,12,21,3,36,0,5,38,2,45,0,17,59,5,81,100,0,100,181
03/03/2006,SAF,NM,ASW,WE,Federal Contract Tower,0,8,24,3,35,0,4,39,7,50,0,12,63,10,85,80,0,80,165
03/04/2006,SAF,NM,ASW,WE,Federal Contract Tower,0,7,18,0,25,0,1,65,9,75,0,8,83,9,100,118,8,126,226
03/05/2006,SAF,NM,ASW,WE,Federal Contract Tower,0,16,31,0,47,0,2,104,20,126,0,18,135,20,173,152,8,160,333
03/06/2006,SAF,NM,ASW,WE,Federal Contract Tower,0,7,13,0,20,0,4,55,2,61,0,11,68,2,81,54,0,54,135
03/07/2006,SAF,NM,ASW,WE,Federal Contract Tower,0,10,21,5,36,0,0,53,4,57,0,10,74,9,93,126,12,138,231
03/08/2006,SAF,NM,ASW,WE,Federal Contract Tower,0,14,27,0,41,0,8,24,5,37,0,22,51,5,78,20,40,60,138
03/09/2006,SAF,NM,ASW,WE,Federal Contract Tower,0,13,18,4,35,0,9,44,3,56,0,22,62,7,91,32,4,36,127
03/10/2006,SAF,NM,ASW,WE,Federal Contract Tower,0,9,20,0,29,0,0,28,2,30,0,9,48,2,59,68,0,68,127
03/11/2006,SAF,NM,ASW,WE,Federal Contract Tower,0,10,18,0,28,0,6,36,0,42,0,16,54,0,70,66,0,66,136
03/12/2006,SAF,NM,ASW,WE,Federal Contract Tower,0,14,23,0,37,0,2,6,0,8,0,16,29,0,45,12,0,12,57
03/13/2006,SAF,NM,ASW,WE,Federal Contract Tower,0,14,14,0,28,0,2,58,0,60,0,16,72,0,88,48,0,48,136
03/14/2006,SAF,NM,ASW,WE,Federal Contract Tower,0,14,18,5,37,0,5,83,4,92,0,19,101,9,129,106,10,116,245
03/15/2006,SAF,NM,ASW,WE,Federal Contract Tower,0,14,18,0,32,0,2,20,1,23,0,16,38,1,55,38,0,38,93
03/16/2006,SAF,NM,ASW,WE,Federal Contract Tower,0,12,24,0,36,0,4,70,4,78,0,16,94,4,114,116,0,116,230
03/17/2006,SAF,NM,ASW,WE,Federal Contract Tower,0,9,24,2,35,0,0,54,3,57,0,9,78,5,92,116,0,116,208
03/18/2006,SAF,NM,ASW,WE,Federal Contract Tower,0,9,28,0,37,0,2,28,0,30,0,11,56,0,67,46,0,46,113
03/19/2006,SAF,NM,ASW,WE,Federal Contract Tower,0,12,20,0,32,0,2,21,3,26,0,14,41,3,58,74,0,74,132
03/20/2006,SAF,NM,ASW,WE,Federal Contract Tower,0,11,14,0,25,0,2,26,1,29,0,13,40,1,54,58,0,58,112
03/21/2006,SAF,NM,ASW,WE,Federal Contract Tower,0,8,16,0,24,0,1,46,7,54,0,9,62,7,78,44,0,44,122
03/22/2006,SAF,NM,ASW,WE,Federal Contract Tower,0,16,21,0,37,0,1,5,1,7,0,17,26,1,44,24,0,24,68
03/23/2006,SAF,NM,ASW,WE,Federal Contract Tower,0,14,39,2,55,0,6,78,2,86,0,20,117,4,141,168,2,170,311
03/24/2006,SAF,NM,ASW,WE,Federal Contract Tower,0,14,22,8,44,0,6,89,9,104,0,20,111,17,148,150,10,160,308
03/25/2006,SAF,NM,ASW,WE,Federal Contract Tower,0,12,16,0,28,0,3,129,1,133,0,15,145,1,161,206,0,206,367
03/26/2006,SAF,NM,ASW,WE,Federal Contract Tower,0,19,19,2,40,0,4,47,2,53,0,23,66,4,93,18,0,18,111
03/27/2006,SAF,NM,ASW,WE,Federal Contract Tower,0,13,14,1,28,0,4,55,0,59,0,17,69,1,87,44,0,44,131
03/28/2006,SAF,NM,ASW,WE,Federal Contract Tower,0,16,11,1,28,0,11,32,1,44,0,27,43,2,72,26,0,26,98
03/29/2006,SAF,NM,ASW,WE,Federal Contract Tower,0,6,15,0,21,0,6,33,2,41,0,12,48,2,62,48,0,48,110
03/30/2006,SAF,NM,ASW,WE,Federal Contract Tower,0,7,16,0,23,0,2,51,4,57,0,9,67,4,80,72,0,72,152
03/31/2006,SAF,NM,ASW,WE,Federal Contract Tower,0,8,25,2,35,0,6,100,3,109,0,14,125,5,144,142,10,152,296
04/01/2006,SAF,NM,ASW,WE,Federal Contract Tower,0,2,12,1,15,0,1,40,1,42,0,3,52,2,57,112,0,112,169
04/02/2006,SAF,NM,ASW,WE,Federal Contract Tower,0,5,24,0,29,0,1,97,0,98,0,6,121,0,127,166,0,166,293
04/03/2006,SAF,NM,ASW,WE,Federal Contract Tower,0,9,17,0,26,0,1,55,0,56,0,10,72,0,82,86,0,86,168
04/04/2006,SAF,NM,ASW,WE,Federal Contract Tower,0,13,26,0,39,0,8,47,3,58,0,21,73,3,97,52,2,54,151
04/05/2006,SAF,NM,ASW,WE,Federal Contract Tower,0,9,10,0,19,0,5,36,8,49,0,14,46,8,68,10,22,32,100
04/06/2006,SAF,NM,ASW,WE,Federal Contract Tower,0,9,25,2,36,0,5,27,3,35,0,14,52,5,71,2,14,16,87
04/07/2006,SAF,NM,ASW,WE,Federal Contract Tower,0,26,18,5,49,0,2,73,9,84,0,28,91,14,133,112,22,134,267
04/08/2006,SAF,NM,ASW,WE,Federal Contract Tower,0,7,14,0,21,0,1,67,9,77,0,8,81,9,98,112,0,112,210
04/09/2006,SAF,NM,ASW,WE,Federal Contract Tower,0,19,16,0,35,0,7,82,5,94,0,26,98,5,129,130,0,130,259
04/10/2006,SAF,NM,ASW,WE,Federal Contract Tower,0,11,21,4,36,0,3,33,0,36,0,14,54,4,72,20,0,20,92
04/11/2006,SAF,NM,ASW,WE,Federal Contract Tower,0,11,19,0,30,0,8,37,10,55,0,19,56,10,85,16,20,36,121
04/12/2006,SAF,NM,ASW,WE,Federal Contract Tower,0,11,22,3,36,0,4,74,5,83,0,15,96,8,119,66,32,98,217
04/13/2006,SAF,NM,ASW,WE,Federal Contract Tower,0,12,35,3,50,0,3,82,1,86,0,15,117,4,136,76,0,76,212
04/14/2006,SAF,NM,ASW,WE,Federal Contract Tower,0,13,24,2,39,0,1,90,2,93,0,14,114,4,132,132,4,136,268
04/15/2006,SAF,NM,ASW,WE,Federal Contract Tower,0,10,22,7,39,0,0,48,5,53,0,10,70,12,92,58,40,98,190
04/16/2006,SAF,NM,ASW,WE,Federal Contract Tower,0,16,11,0,27,0,3,86,1,90,0,19,97,1,117,84,0,84,201
04/17/2006,SAF,NM,ASW,WE,Federal Contract Tower,0,10,28,0,38,0,5,57,1,63,0,15,85,1,101,56,0,56,157
04/18/2006,SAF,NM,ASW,WE,Federal Contract Tower,0,8,17,0,25,0,6,41,0,47,0,14,58,0,72,70,0,70,142
04/19/2006,SAF,NM,ASW,WE,Federal Contract Tower,0,17,15,0,32,0,0,68,12,80,0,17,83,12,112,92,14,106,218
04/20/2006,SAF,NM,ASW,WE,Federal Contract Tower,0,8,10,2,20,0,6,65,11,82,0,14,75,13,102,66,34,100,202
04/21/2006,SAF,NM,ASW,WE,Federal Contract Tower,0,15,28,7,50,0,2,88,6,96,0,17,116,13,146,98,4,102,248
04/22/2006,SAF,NM,ASW,WE,Federal Contract Tower,0,3,13,3,19,0,6,98,4,108,0,9,111,7,127,158,0,158,285
04/23/2006,SAF,NM,ASW,WE,Federal Contract Tower,0,11,24,0,35,0,0,75,1,76,0,11,99,1,111,120,0,120,231
04/24/2006,SAF,NM,ASW,WE,Federal Contract Tower,0,10,17,1,28,0,5,40,0,45,0,15,57,1,73,70,0,70,143
04/25/2006,SAF,NM,ASW,WE,Federal Contract Tower,0,13,18,5,36,0,5,61,0,66,0,18,79,5,102,88,0,88,190
04/26/2006,SAF,NM,ASW,WE,Federal Contract Tower,0,7,20,0,27,0,4,73,0,77,0,11,93,0,104,50,0,50,154
04/27/2006,SAF,NM,ASW,WE,Federal Contract Tower,0,18,34,2,54,0,7,53,8,68,0,25,87,10,122,76,48,124,246
04/28/2006,SAF,NM,ASW,WE,Federal Contract Tower,0,13,19,0,32,0,3,40,1,44,0,16,59,1,76,98,0,98,174
04/29/2006,SAF,NM,ASW,WE,Federal Contract Tower,0,5,12,0,17,0,5,74,0,79,0,10,86,0,96,232,0,232,328
04/30/2006,SAF,NM,ASW,WE,Federal Contract Tower,0,17,23,0,40,0,2,80,0,82,0,19,103,0,122,146,0,146,268
05/01/2006,SAF,NM,ASW,WE,Federal Contract Tower,0,11,22,0,33,0,6,37,3,46,0,17,59,3,79,30,0,30,109
05/02/2006,SAF,NM,ASW,WE,Federal Contract Tower,0,7,19,0,26,0,7,59,8,74,0,14,78,8,100,100,40,140,240
05/03/2006,SAF,NM,ASW,WE,Federal Contract Tower,0,19,18,1,38,0,4,68,4,76,0,23,86,5,114,42,0,42,156
05/04/2006,SAF,NM,ASW,WE,Federal Contract Tower,0,12,24,2,38,0,2,78,10,90,0,14,102,12,128,92,4,96,224
05/05/2006,SAF,NM,ASW,WE,Federal Contract Tower,0,14,27,3,44,0,4,42,5,51,0,18,69,8,95,76,4,80,175
05/06/2006,SAF,NM,ASW,WE,Federal Contract Tower,0,13,17,4,34,0,7,112,7,126,0,20,129,11,160,230,32,262,422
05/07/2006,SAF,NM,ASW,WE,Federal Contract Tower,0,19,33,1,53,0,3,98,6,107,0,22,131,7,160,144,14,158,318
05/08/2006,SAF,NM,ASW,WE,Federal Contract Tower,0,15,20,0,35,0,5,64,0,69,0,20,84,0,104,52,0,52,156
05/09/2006,SAF,NM,ASW,WE,Federal Contract Tower,1,4,22,0,27,0,6,64,3,73,1,10,86,3,100,114,2,116,216
05/10/2006,SAF,NM,ASW,WE,Federal Contract Tower,0,14,36,0,50,0,2,67,7,76,0,16,103,7,126,86,10,96,222
05/11/2006,SAF,NM,ASW,WE,Federal Contract Tower,0,18,31,5,54,0,5,65,5,75,0,23,96,10,129,116,34,150,279
05/12/2006,SAF,NM,ASW,WE,Federal Contract Tower,0,15,35,3,53,0,4,98,2,104,0,19,133,5,157,158,0,158,315
05/13/2006,SAF,NM,ASW,WE,Federal Contract Tower,0,11,19,0,30,0,4,98,1,103,0,15,117,1,133,150,0,150,283
05/14/2006,SAF,NM,ASW,WE,Federal Contract Tower,0,19,21,3,43,0,0,62,0,62,0,19,83,3,105,82,0,82,187
05/15/2006,SAF,NM,ASW,WE,Federal Contract Tower,0,12,18,0,30,0,4,47,1,52,0,16,65,1,82,94,0,94,176
05/16/2006,SAF,NM,ASW,WE,Federal Contract Tower,0,7,16,0,23,0,7,63,0,70,0,14,79,0,93,104,0,104,197
05/17/2006,SAF,NM,ASW,WE,Federal Contract Tower,0,11,16,0,27,0,4,66,7,77,0,15,82,7,104,92,0,92,196
05/18/2006,SAF,NM,ASW,WE,Federal Contract Tower,0,12,23,0,35,0,11,72,3,86,0,23,95,3,121,86,4,90,211
05/19/2006,SAF,NM,ASW,WE,Federal Contract Tower,0,19,32,6,57,0,2,76,11,89,0,21,108,17,146,52,18,70,216
05/20/2006,SAF,NM,ASW,WE,Federal Contract Tower,0,13,16,0,29,0,4,91,4,99,0,17,107,4,128,70,16,86,214
05/21/2006,SAF,NM,ASW,WE,Federal Contract Tower,0,11,27,3,41,0,1,66,2,69,0,12,93,5,110,116,18,134,244
05/22/2006,SAF,NM,ASW,WE,Federal Contract Tower,0,19,14,1,34,0,7,36,0,43,0,26,50,1,77,56,0,56,133
05/23/2006,SAF,NM,ASW,WE,Federal Contract Tower,0,11,34,3,48,0,8,68,12,88,0,19,102,15,136,68,12,80,216
05/24/2006,SAF,NM,ASW,WE,Federal Contract Tower,0,10,30,0,40,0,2,68,2,72,0,12,98,2,112,76,4,80,192
05/25/2006,SAF,NM,ASW,WE,Federal Contract Tower,0,11,22,1,34,0,6,65,9,80,0,17,87,10,114,46,2,48,162
05/26/2006,SAF,NM,ASW,WE,Federal Contract Tower,0,14,27,1,42,0,6,80,3,89,0,20,107,4,131,144,0,144,275
05/27/2006,SAF,NM,ASW,WE,Federal Contract Tower,0,8,16,0,24,0,6,91,0,97,0,14,107,0,121,98,0,98,219
05/28/2006,SAF,NM,ASW,WE,Federal Contract Tower,0,9,18,0,27,0,2,45,2,49,0,11,63,2,76,74,0,74,150
05/29/2006,SAF,NM,ASW,WE,Federal Contract Tower,0,16,40,0,56,0,2,96,2,100,0,18,136,2,156,106,0,106,262
05/30/2006,SAF,NM,ASW,WE,Federal Contract Tower,0,11,26,0,37,0,4,56,5,65,0,15,82,5,102,128,4,132,234
05/31/2006,SAF,NM,ASW,WE,Federal Contract Tower,0,12,37,0,49,0,7,69,6,82,0,19,106,6,131,138,14,152,283
06/01/2006,SAF,NM,ASW,WE,Federal Contract Tower,0,13,22,0,35,0,10,63,3,76,0,23,85,3,111,136,0,136,247
06/02/2006,SAF,NM,ASW,WE,Federal Contract Tower,0,13,30,2,45,0,8,77,3,88,0,21,107,5,133,220,6,226,359
06/03/2006,SAF,NM,ASW,WE,Federal Contract Tower,0,11,15,0,26,0,2,89,7,98,0,13,104,7,124,158,2,160,284
06/04/2006,SAF,NM,ASW,WE,Federal Contract Tower,0,15,22,1,38,0,2,85,8,95,0,17,107,9,133,124,6,130,263
06/05/2006,SAF,NM,ASW,WE,Federal Contract Tower,0,6,13,0,19,0,4,49,1,54,0,10,62,1,73,104,0,104,177
06/06/2006,SAF,NM,ASW,WE,Federal Contract Tower,0,0,5,0,5,0,1,4,0,5,0,1,9,0,10,24,0,24,34
06/07/2006,SAF,NM,ASW,WE,Federal Contract Tower,0,7,24,0,31,0,4,46,2,52,0,11,70,2,83,56,0,56,139
06/08/2006,SAF,NM,ASW,WE,Federal Contract Tower,0,17,19,0,36,0,1,71,6,78,0,18,90,6,114,134,2,136,250
06/09/2006,SAF,NM,ASW,WE,Federal Contract Tower,0,10,27,0,37,0,1,79,2,82,0,11,106,2,119,134,2,136,255
06/10/2006,SAF,NM,ASW,WE,Federal Contract Tower,0,13,21,0,34,0,8,106,10,124,0,21,127,10,158,226,0,226,384
06/11/2006,SAF,NM,ASW,WE,Federal Contract Tower,0,19,40,0,59,0,5,103,8,116,0,24,143,8,175,210,6,216,391
06/12/2006,SAF,NM,ASW,WE,Federal Contract Tower,0,17,25,2,44,0,4,69,2,75,0,21,94,4,119,94,0,94,213
06/13/2006,SAF,NM,ASW,WE,Federal Contract Tower,0,9,26,0,35,0,3,62,7,72,0,12,88,7,107,188,6,194,301
06/14/2006,SAF,NM,ASW,WE,Federal Contract Tower,0,16,27,0,43,0,9,61,5,75,0,25,88,5,118,64,18,82,200
06/15/2006,SAF,NM,ASW,WE,Federal Contract Tower,0,15,41,0,56,0,1,53,3,57,0,16,94,3,113,94,0,94,207
06/16/2006,SAF,NM,ASW,WE,Federal Contract Tower,0,11,42,9,62,0,9,73,6,88,0,20,115,15,150,80,22,102,252
06/17/2006,SAF,NM,ASW,WE,Federal Contract Tower,0,6,23,1,30,0,7,79,8,94,0,13,102,9,124,176,10,186,310
06/18/2006,SAF,NM,ASW,WE,Federal Contract Tower,0,18,48,0,66,0,5,77,4,86,0,23,125,4,152,22,0,22,174
06/19/2006,SAF,NM,ASW,WE,Federal Contract Tower,0,10,30,0,40,0,0,71,5,76,0,10,101,5,116,70,0,70,186
06/20/2006,SAF,NM,ASW,WE,Federal Contract Tower,0,12,19,0,31,0,6,58,4,68,0,18,77,4,99,70,0,70,169
06/21/2006,SAF,NM,ASW,WE,Federal Contract Tower,0,18,27,0,45,0,4,61,5,70,0,22,88,5,115,58,0,58,173
06/22/2006,SAF,NM,ASW,WE,Federal Contract Tower,0,18,30,0,48,0,3,66,3,72,0,21,96,3,120,156,0,156,276
06/23/2006,SAF,NM,ASW,WE,Federal Contract Tower,0,17,45,0,62,0,5,104,3,112,0,22,149,3,174,186,0,186,360
06/24/2006,SAF,NM,ASW,WE,Federal Contract Tower,0,6,28,0,34,0,1,79,3,83,0,7,107,3,117,138,0,138,255
06/25/2006,SAF,NM,ASW,WE,Federal Contract Tower,0,10,42,3,55,0,0,87,9,96,0,10,129,12,151,76,16,92,243
06/26/2006,SAF,NM,ASW,WE,Federal Contract Tower,0,17,21,0,38,0,0,92,8,100,0,17,113,8,138,56,0,56,194
06/27/2006,SAF,NM,ASW,WE,Federal Contract Tower,0,11,24,0,35,0,5,64,2,71,0,16,88,2,106,74,0,74,180
06/28/2006,SAF,NM,ASW,WE,Federal Contract Tower,0,13,19,2,34,0,8,88,1,97,0,21,107,3,131,106,4,110,241
06/29/2006,SAF,NM,ASW,WE,Federal Contract Tower,0,12,27,0,39,0,3,78,1,82,0,15,105,1,121,94,0,94,215
06/30/2006,SAF,NM,ASW,WE,Federal Contract Tower,0,21,36,1,58,0,3,91,6,100,0,24,127,7,158,150,20,170,328
07/01/2006,SAF,NM,ASW,WE,Federal Contract Tower,0,16,27,0,43,0,3,86,0,89,0,19,113,0,132,60,0,60,192
07/02/2006,SAF,NM,ASW,WE,Federal Contract Tower,0,14,19,0,33,0,0,66,0,66,0,14,85,0,99,102,0,102,201
07/03/2006,SAF,NM,ASW,WE,Federal Contract Tower,0,16,26,0,42,0,2,70,0,72,0,18,96,0,114,72,0,72,186
07/04/2006,SAF,NM,ASW,WE,Federal Contract Tower,0,14,17,0,31,0,8,80,0,88,0,22,97,0,119,120,0,120,239
07/05/2006,SAF,NM,ASW,WE,Federal Contract Tower,0,22,33,0,55,0,2,48,0,50,0,24,81,0,105,66,0,66,171
07/06/2006,SAF,NM,ASW,WE,Federal Contract Tower,0,25,22,0,47,0,0,41,2,43,0,25,63,2,90,136,4,140,230
07/07/2006,SAF,NM,ASW,WE,Federal Contract Tower,0,27,33,1,61,0,6,83,0,89,0,33,116,1,150,174,6,180,330
07/08/2006,SAF,NM,ASW,WE,Federal Contract Tower,0,14,26,1,41,0,3,78,9,90,0,17,104,10,131,110,36,146,277
07/09/2006,SAF,NM,ASW,WE,Federal Contract Tower,0,22,34,2,58,0,3,78,8,89,0,25,112,10,147,160,0,160,307
07/10/2006,SAF,NM,ASW,WE,Federal Contract Tower,0,8,18,1,27,0,8,76,7,91,0,16,94,8,118,194,2,196,314
07/11/2006,SAF,NM,ASW,WE,Federal Contract Tower,0,17,23,0,40,0,6,98,1,105,0,23,121,1,145,82,2,84,229
07/12/2006,SAF,NM,ASW,WE,Federal Contract Tower,0,21,35,1,57,0,0,92,9,101,0,21,127,10,158,104,16,120,278
07/13/2006,SAF,NM,ASW,WE,Federal Contract Tower,0,19,26,0,45,0,6,66,3,75,0,25,92,3,120,56,2,58,178
07/14/2006,SAF,NM,ASW,WE,Federal Contract Tower,0,20,28,9,57,0,1,97,3,101,0,21,125,12,158,64,6,70,228
07/15/2006,SAF,NM,ASW,WE,Federal Contract Tower,0,12,29,0,41,0,5,102,0,107,0,17,131,0,148,82,0,82,230
07/16/2006,SAF,NM,ASW,WE,Federal Contract Tower,0,23,39,2,64,0,8,88,2,98,0,31,127,4,162,72,2,74,236
07/17/2006,SAF,NM,ASW,WE,Federal Contract Tower,0,12,32,0,44,0,8,66,2,76,0,20,98,2,120,134,0,134,254
07/18/2006,SAF,NM,ASW,WE,Federal Contract Tower,0,12,33,0,45,0,3,55,1,59,0,15,88,1,104,38,0,38,142
07/19/2006,SAF,NM,ASW,WE,Federal Contract Tower,0,22,36,5,63,0,11,95,10,116,0,33,131,15,179,156,12,168,347
07/20/2006,SAF,NM,ASW,WE,Federal Contract Tower,0,19,21,2,42,0,3,89,7,99,0,22,110,9,141,76,52,128,269
07/21/2006,SAF,NM,ASW,WE,Federal Contract Tower,0,24,28,4,56,0,4,66,7,77,0,28,94,11,133,128,16,144,277
07/22/2006,SAF,NM,ASW,WE,Federal Contract Tower,0,12,14,3,29,0,2,102,2,106,0,14,116,5,135,80,20,100,235
07/23/2006,SAF,NM,ASW,WE,Federal Contract Tower,0,20,40,0,60,0,0,83,1,84,0,20,123,1,144,62,0,62,206
07/24/2006,SAF,NM,ASW,WE,Federal Contract Tower,0,24,28,3,55,0,1,64,1,66,0,25,92,4,121,78,2,80,201
07/25/2006,SAF,NM,ASW,WE,Federal Contract Tower,0,15,25,0,40,0,8,69,11,88,0,23,94,11,128,54,34,88,216
07/26/2006,SAF,NM,ASW,WE,Federal Contract Tower,0,16,28,2,46,0,7,69,1,77,0,23,97,3,123,120,0,120,243
07/27/2006,SAF,NM,ASW,WE,Federal Contract Tower,0,19,38,0,57,0,0,102,4,106,0,19,140,4,163,86,8,94,257
07/28/2006,SAF,NM,ASW,WE,Federal Contract Tower,0,19,49,0,68,0,6,73,7,86,0,25,122,7,154,122,12,134,288
07/29/2006,SAF,NM,ASW,WE,Federal Contract Tower,0,12,23,0,35,0,5,49,0,54,0,17,72,0,89,98,0,98,187
07/30/2006,SAF,NM,ASW,WE,Federal Contract Tower,0,26,51,0,77,0,0,86,0,86,0,26,137,0,163,142,0,142,305
07/31/2006,SAF,NM,ASW,WE,Federal Contract Tower,0,17,42,3,62,0,5,40,1,46,0,22,82,4,108,78,0,78,186
08/01/2006,SAF,NM,ASW,WE,Federal Contract Tower,0,16,28,0,44,0,2,29,5,36,0,18,57,5,80,16,8,24,104
08/02/2006,SAF,NM,ASW,WE,Federal Contract Tower,0,19,29,1,49,0,7,79,9,95,0,26,108,10,144,106,6,112,256
08/03/2006,SAF,NM,ASW,WE,Federal Contract Tower,0,27,28,2,57,0,2,67,5,74,0,29,95,7,131,138,6,144,275
08/04/2006,SAF,NM,ASW,WE,Federal Contract Tower,0,15,40,2,57,0,1,55,4,60,0,16,95,6,117,104,2,106,223
08/05/2006,SAF,NM,ASW,WE,Federal Contract Tower,0,12,21,1,34,0,1,53,3,57,0,13,74,4,91,112,6,118,209
08/06/2006,SAF,NM,ASW,WE,Federal Contract Tower,0,16,26,2,44,0,5,60,2,67,0,21,86,4,111,94,2,96,207
08/07/2006,SAF,NM,ASW,WE,Federal Contract Tower,0,24,25,0,49,0,4,59,6,69,0,28,84,6,118,68,2,70,188
08/08/2006,SAF,NM,ASW,WE,Federal Contract Tower,0,17,35,2,54,0,1,69,6,76,0,18,104,8,130,154,0,154,284
08/09/2006,SAF,NM,ASW,WE,Federal Contract Tower,0,21,24,0,45,0,4,65,1,70,0,25,89,1,115,92,0,92,207
08/10/2006,SAF,NM,ASW,WE,Federal Contract Tower,0,26,32,0,58,0,6,103,7,116,0,32,135,7,174,202,0,202,376
08/11/2006,SAF,NM,ASW,WE,Federal Contract Tower,0,17,29,0,46,0,3,87,9,99,0,20,116,9,145,170,2,172,317
08/12/2006,SAF,NM,ASW,WE,Federal Contract Tower,0,4,25,0,29,0,4,78,0,82,0,8,103,0,111,104,0,104,215
08/13/2006,SAF,NM,ASW,WE,Federal Contract Tower,0,21,39,1,61,0,3,68,1,72,0,24,107,2,133,104,4,108,241
08/14/2006,SAF,NM,ASW,WE,Federal Contract Tower,0,12,36,2,50,0,4,36,5,45,0,16,72,7,95,80,2,82,177
08/15/2006,SAF,NM,ASW,WE,Federal Contract Tower,0,18,39,0,57,0,1,47,20,68,0,19,86,20,125,78,44,122,247
08/16/2006,SAF,NM,ASW,WE,Federal Contract Tower,0,24,34,0,58,0,1,53,7,61,0,25,87,7,119,64,18,82,201
08/17/2006,SAF,NM,ASW,WE,Federal Contract Tower,0,20,51,3,74,0,3,73,6,82,0,23,124,9,156,84,10,94,250
08/18/2006,SAF,NM,ASW,WE,Federal Contract Tower,0,27,26,4,57,0,8,70,3,81,0,35,96,7,138,92,14,106,244
08/19/2006,SAF,NM,ASW,WE,Federal Contract Tower,0,9,24,0,33,0,2,61,0,63,0,11,85,0,96,92,0,92,188
08/20/2006,SAF,NM,ASW,WE,Federal Contract Tower,0,28,57,0,85,0,0,36,3,39,0,28,93,3,124,34,0,34,158
08/21/2006,SAF,NM,ASW,WE,Federal Contract Tower,0,21,41,0,62,0,3,50,19,72,0,24,91,19,134,46,4,50,184
08/22/2006,SAF,NM,ASW,WE,Federal Contract Tower,0,20,31,2,53,0,10,38,24,72,0,30,69,26,125,88,34,122,247
08/23/2006,SAF,NM,ASW,WE,Federal Contract Tower,0,14,29,1,44,0,0,85,10,95,0,14,114,11,139,94,16,110,249
08/24/2006,SAF,NM,ASW,WE,Federal Contract Tower,0,25,25,0,50,0,0,65,8,73,0,25,90,8,123,92,0,92,215
08/25/2006,SAF,NM,ASW,WE,Federal Contract Tower,0,19,48,1,68,0,6,76,13,95,0,25,124,14,163,96,4,100,263
08/26/2006,SAF,NM,ASW,WE,Federal Contract Tower,0,13,12,0,25,0,5,76,0,81,0,18,88,0,106,106,0,106,212
08/27/2006,SAF,NM,ASW,WE,Federal Contract Tower,0,12,40,0,52,0,4,101,0,105,0,16,141,0,157,138,0,138,295
08/28/2006,SAF,NM,ASW,WE,Federal Contract Tower,0,11,26,2,39,0,2,64,16,82,0,13,90,18,121,50,26,76,197
08/29/2006,SAF,NM,ASW,WE,Federal Contract Tower,0,13,26,4,43,0,4,64,15,83,0,17,90,19,126,120,6,126,252
08/30/2006,SAF,NM,ASW,WE,Federal Contract Tower,0,13,24,1,38,0,1,75,29,105,0,14,99,30,143,110,10,120,263
08/31/2006,SAF,NM,ASW,WE,Federal Contract Tower,0,13,31,0,44,0,4,77,16,97,0,17,108,16,141,120,26,146,287
09/01/2006,SAF,NM,ASW,WE,Federal Contract Tower,0,16,40,0,56,0,4,77,6,87,0,20,117,6,143,62,8,70,213
09/02/2006,SAF,NM,ASW,WE,Federal Contract Tower,0,10,30,0,40,0,5,58,1,64,0,15,88,1,104,108,2,110,214
09/03/2006,SAF,NM,ASW,WE,Federal Contract Tower,0,15,31,0,46,0,2,50,1,53,0,17,81,1,99,126,0,126,225
09/04/2006,SAF,NM,ASW,WE,Federal Contract Tower,0,20,32,0,52,0,6,93,1,100,0,26,125,1,152,58,0,58,210
09/05/2006,SAF,NM,ASW,WE,Federal Contract Tower,0,11,38,2,51,0,2,75,12,89,0,13,113,14,140,94,16,110,250
09/06/2006,SAF,NM,ASW,WE,Federal Contract Tower,0,10,20,1,31,0,14,65,6,85,0,24,85,7,116,30,14,44,160
09/07/2006,SAF,NM,ASW,WE,Federal Contract Tower,0,19,22,0,41,0,3,58,4,65,0,22,80,4,106,134,0,134,240
09/08/2006,SAF,NM,ASW,WE,Federal Contract Tower,0,25,19,5,49,0,3,32,11,46,0,28,51,16,95,70,4,74,169
09/09/2006,SAF,NM,ASW,WE,Federal Contract Tower,0,11,29,2,42,0,3,55,1,59,0,14,84,3,101,72,0,72,173
09/10/2006,SAF,NM,ASW,WE,Federal Contract Tower,0,15,37,2,54,0,0,89,5,94,0,15,126,7,148,130,0,130,278
09/11/2006,SAF,NM,ASW,WE,Federal Contract Tower,0,18,27,4,49,0,0,48,1,49,0,18,75,5,98,36,0,36,134
09/12/2006,SAF,NM,ASW,WE,Federal Contract Tower,0,20,31,0,51,0,5,42,1,48,0,25,73,1,99,102,0,102,201
09/13/2006,SAF,NM,ASW,WE,Federal Contract Tower,0,12,25,0,37,0,2,47,3,52,0,14,72,3,89,80,16,96,185
09/14/2006,SAF,NM,ASW,WE,Federal Contract Tower,0,14,33,0,47,0,0,69,8,77,0,14,102,8,124,112,16,128,252
09/15/2006,SAF,NM,ASW,WE,Federal Contract Tower,0,14,45,2,61,0,11,88,7,106,0,25,133,9,167,180,22,202,369
09/16/2006,SAF,NM,ASW,WE,Federal Contract Tower,0,12,20,0,32,0,5,86,14,105,0,17,106,14,137,108,74,182,319
09/17/2006,SAF,NM,ASW,WE,Federal Contract Tower,0,20,37,2,59,0,6,119,14,139,0,26,156,16,198,116,140,256,454
09/18/2006,SAF,NM,ASW,WE,Federal Contract Tower,0,11,26,0,37,0,0,85,3,88,0,11,111,3,125,36,0,36,161
09/19/2006,SAF,NM,ASW,WE,Federal Contract Tower,0,10,23,2,35,0,1,60,13,74,0,11,83,15,109,88,16,104,213
09/20/2006,SAF,NM,ASW,WE,Federal Contract Tower,0,12,27,1,40,0,4,49,14,67,0,16,76,15,107,68,8,76,183
09/21/2006,SAF,NM,ASW,WE,Federal Contract Tower,0,13,37,1,51,0,3,71,9,83,0,16,108,10,134,70,26,96,230
09/22/2006,SAF,NM,ASW,WE,Federal Contract Tower,0,8,53,5,66,0,5,47,7,59,0,13,100,12,125,50,0,50,175
09/23/2006,SAF,NM,ASW,WE,Federal Contract Tower,0,14,22,1,37,0,5,92,4,101,0,19,114,5,138,40,28,68,206
09/24/2006,SAF,NM,ASW,WE,Federal Contract Tower,0,15,39,0,54,0,5,99,0,104,0,20,138,0,158,96,0,96,254
09/25/2006,SAF,NM,ASW,WE,Federal Contract Tower,0,7,28,2,37,0,0,78,2,80,0,7,106,4,117,42,0,42,159
09/26/2006,SAF,NM,ASW,WE,Federal Contract Tower,0,14,28,1,43,0,3,56,11,70,0,17,84,12,113,36,14,50,163
09/27/2006,SAF,NM,ASW,WE,Federal Contract Tower,0,20,29,1,50,0,2,61,7,70,0,22,90,8,120,50,0,50,170
09/28/2006,SAF,NM,ASW,WE,Federal Contract Tower,0,18,20,2,40,0,9,104,8,121,0,27,124,10,161,142,2,144,305
09/29/2006,SAF,NM,ASW,WE,Federal Contract Tower,0,18,29,1,48,0,9,117,8,134,0,27,146,9,182,198,6,204,386
09/30/2006,SAF,NM,ASW,WE,Federal Contract Tower,0,13,28,0,41,0,4,108,0,112,0,17,136,0,153,172,0,172,325
10/01/2006,SAF,NM,ASW,WE,Federal Contract Tower,0,24,37,0,61,0,5,139,0,144,0,29,176,0,205,162,0,162,367
10/02/2006,SAF,NM,ASW,WE,Federal Contract Tower,0,14,37,4,55,0,6,88,6,100,0,20,125,10,155,100,0,100,255
10/03/2006,SAF,NM,ASW,WE,Federal Contract Tower,0,25,29,0,54,0,4,71,19,94,0,29,100,19,148,72,22,94,242
10/04/2006,SAF,NM,ASW,WE,Federal Contract Tower,0,15,27,0,42,0,7,71,5,83,0,22,98,5,125,38,8,46,171
10/05/2006,SAF,NM,ASW,WE,Federal Contract Tower,0,22,44,0,66,0,8,98,2,108,0,30,142,2,174,72,0,72,246
10/06/2006,SAF,NM,ASW,WE,Federal Contract Tower,0,22,27,12,61,0,4,73,7,84,0,26,100,19,145,98,4,102,247
10/07/2006,SAF,NM,ASW,WE,Federal Contract Tower,0,9,15,1,25,0,7,59,0,66,0,16,74,1,91,96,12,108,199
10/08/2006,SAF,NM,ASW,WE,Federal Contract Tower,0,24,50,1,75,0,1,20,0,21,0,25,70,1,96,16,0,16,112
10/09/2006,SAF,NM,ASW,WE,Federal Contract Tower,0,18,18,1,37,0,3,23,0,26,0,21,41,1,63,36,10,46,109
10/10/2006,SAF,NM,ASW,WE,Federal Contract Tower,0,14,34,13,61,0,0,49,21,70,0,14,83,34,131,56,0,56,187
10/11/2006,SAF,NM,ASW,WE,Federal Contract Tower,0,9,24,0,33,0,0,74,6,80,0,9,98,6,113,84,0,84,197
10/12/2006,SAF,NM,ASW,WE,Federal Contract Tower,0,11,32,0,43,0,5,96,5,106,0,16,128,5,149,112,18,130,279
10/13/2006,SAF,NM,ASW,WE,Federal Contract Tower,0,17,40,1,58,0,3,105,8,116,0,20,145,9,174,92,34,126,300
10/14/2006,SAF,NM,ASW,WE,Federal Contract Tower,0,21,24,2,47,0,3,67,9,79,0,24,91,11,126,130,2,132,258
10/15/2006,SAF,NM,ASW,WE,Federal Contract Tower,0,21,27,0,48,0,1,66,4,71,0,22,93,4,119,36,0,36,155
10/16/2006,SAF,NM,ASW,WE,Federal Contract Tower,0,16,21,2,39,0,1,69,1,71,0,17,90,3,110,90,0,90,200
10/17/2006,SAF,NM,ASW,WE,Federal Contract Tower,0,13,26,2,41,0,2,52,8,62,0,15,78,10,103,102,8,110,213
10/18/2006,SAF,NM,ASW,WE,Federal Contract Tower,0,9,31,0,40,0,0,56,3,59,0,9,87,3,99,66,0,66,165
10/19/2006,SAF,NM,ASW,WE,Federal Contract Tower,0,14,32,4,50,0,7,85,17,109,0,21,117,21,159,100,14,114,273
10/20/2006,SAF,NM,ASW,WE,Federal Contract Tower,0,15,29,1,45,0,4,77,7,88,0,19,106,8,133,118,2,120,253
10/21/2006,SAF,NM,ASW,WE,Federal Contract Tower,0,10,30,6,46,0,3,103,7,113,0,13,133,13,159,190,64,254,413
10/22/2006,SAF,NM,ASW,WE,Federal Contract Tower,0,11,30,4,45,0,0,137,3,140,0,11,167,7,185,174,6,180,365
10/23/2006,SAF,NM,ASW,WE,Federal Contract Tower,0,20,17,0,37,0,6,55,4,65,0,26,72,4,102,50,0,50,152
10/24/2006,SAF,NM,ASW,WE,Federal Contract Tower,0,14,31,0,45,0,1,60,14,75,0,15,91,14,120,60,4,64,184
10/25/2006,SAF,NM,ASW,WE,Federal Contract Tower,0,12,28,0,40,0,0,25,3,28,0,12,53,3,68,20,0,20,88
10/26/2006,SAF,NM,ASW,WE,Federal Contract Tower,0,17,24,2,43,0,3,41,8,52,0,20,65,10,95,72,8,80,175
10/27/2006,SAF,NM,ASW,WE,Federal Contract Tower,0,20,39,10,69,0,8,65,6,79,0,28,104,16,148,48,4,52,200
10/28/2006,SAF,NM,ASW,WE,Federal Contract Tower,0,14,19,5,38,0,4,106,13,123,0,18,125,18,161,170,30,200,361
10/29/2006,SAF,NM,ASW,WE,Federal Contract Tower,0,14,23,0,37,0,2,99,0,101,0,16,122,0,138,160,0,160,298
10/30/2006,SAF,NM,ASW,WE,Federal Contract Tower,0,11,29,2,42,0,5,59,9,73,0,16,88,11,115,56,0,56,171
10/31/2006,SAF,NM,ASW,WE,Federal Contract Tower,0,12,11,2,25,0,5,65,7,77,0,17,76,9,102,92,4,96,198
11/01/2006,SAF,NM,ASW,WE,Federal Contract Tower,0,9,26,0,35,0,6,49,11,66,0,15,75,11,101,90,6,96,197
11/02/2006,SAF,NM,ASW,WE,Federal Contract Tower,0,14,34,0,48,0,1,61,10,72,0,15,95,10,120,106,28,134,254
11/03/2006,SAF,NM,ASW,WE,Federal Contract Tower,0,14,38,1,53,0,3,95,4,102,0,17,133,5,155,136,6,142,297
11/04/2006,SAF,NM,ASW,WE,Federal Contract Tower,0,18,24,11,53,0,1,77,1,79,0,19,101,12,132,222,26,248,380
11/05/2006,SAF,NM,ASW,WE,Federal Contract Tower,0,21,32,1,54,0,1,79,6,86,0,22,111,7,140,104,8,112,252
11/06/2006,SAF,NM,ASW,WE,Federal Contract Tower,0,15,29,2,46,0,0,56,1,57,0,15,85,3,103,104,0,104,207
11/07/2006,SAF,NM,ASW,WE,Federal Contract Tower,0,16,21,2,39,0,4,41,3,48,0,20,62,5,87,96,4,100,187
11/08/2006,SAF,NM,ASW,WE,Federal Contract Tower,0,16,35,1,52,0,2,62,4,68,0,18,97,5,120,62,2,64,184
11/09/2006,SAF,NM,ASW,WE,Federal Contract Tower,0,10,28,2,40,0,2,56,5,63,0,12,84,7,103,48,8,56,159
11/10/2006,SAF,NM,ASW,WE,Federal Contract Tower,0,15,30,0,45,0,2,77,3,82,0,17,107,3,127,100,6,106,233
11/11/2006,SAF,NM,ASW,WE,Federal Contract Tower,0,14,17,0,31,0,3,93,8,104,0,17,110,8,135,142,24,166,301
11/12/2006,SAF,NM,ASW,WE,Federal Contract Tower,0,19,30,0,49,0,7,39,1,47,0,26,69,1,96,6,0,6,102
11/13/2006,SAF,NM,ASW,WE,Federal Contract Tower,0,10,18,0,28,0,0,44,4,48,0,10,62,4,76,58,0,58,134
11/14/2006,SAF,NM,ASW,WE,Federal Contract Tower,0,14,11,1,26,0,3,24,1,28,0,17,35,2,54,28,2,30,84
11/15/2006,SAF,NM,ASW,WE,Federal Contract Tower,0,7,20,5,32,0,4,55,8,67,0,11,75,13,99,62,20,82,181
11/16/2006,SAF,NM,ASW,WE,Federal Contract Tower,0,14,39,5,58,0,15,77,2,94,0,29,116,7,152,114,2,116,268
11/17/2006,SAF,NM,ASW,WE,Federal Contract Tower,0,15,30,10,55,0,4,86,3,93,0,19,116,13,148,88,20,108,256
11/18/2006,SAF,NM,ASW,WE,Federal Contract Tower,0,15,17,9,41,0,3,98,11,112,0,18,115,20,153,146,58,204,357
11/19/2006,SAF,NM,ASW,WE,Federal Contract Tower,0,10,26,1,37,0,4,74,8,86,0,14,100,9,123,120,0,120,243
11/20/2006,SAF,NM,ASW,WE,Federal Contract Tower,0,13,24,2,39,0,6,37,9,52,0,19,61,11,91,56,16,72,163
11/21/2006,SAF,NM,ASW,WE,Federal Contract Tower,0,15,29,2,46,0,3,61,6,70,0,18,90,8,116,78,4,82,198
11/22/2006,SAF,NM,ASW,WE,Federal Contract Tower,0,20,32,0,52,0,2,83,0,85,0,22,115,0,137,52,0,52,189
11/23/2006,SAF,NM,ASW,WE,Federal Contract Tower,0,4,4,0,8,0,1,33,0,34,0,5,37,0,42,2,0,2,44
11/24/2006,SAF,NM,ASW,WE,Federal Contract Tower,0,12,19,0,31,0,3,48,2,53,0,15,67,2,84,52,0,52,136
11/25/2006,SAF,NM,ASW,WE,Federal Contract Tower,0,16,17,0,33,0,0,102,0,102,0,16,119,0,135,98,0,98,233
11/26/2006,SAF,NM,ASW,WE,Federal Contract Tower,0,25,50,0,75,0,1,82,1,84,0,26,132,1,159,46,0,46,205
11/27/2006,SAF,NM,ASW,WE,Federal Contract Tower,0,12,12,2,26,0,2,32,4,38,0,14,44,6,64,34,0,34,98
11/28/2006,SAF,NM,ASW,WE,Federal Contract Tower,0,12,20,6,38,0,2,46,15,63,0,14,66,21,101,58,20,78,179
11/29/2006,SAF,NM,ASW,WE,Federal Contract Tower,0,7,19,0,26,0,0,2,4,6,0,7,21,4,32,0,12,12,44
11/30/2006,SAF,NM,ASW,WE,Federal Contract Tower,0,8,13,7,28,0,3,30,6,39,0,11,43,13,67,60,52,112,179
12/01/2006,SAF,NM,ASW,WE,Federal Contract Tower,0,20,16,8,44,0,0,63,10,73,0,20,79,18,117,114,36,150,267
12/02/2006,SAF,NM,ASW,WE,Federal Contract Tower,0,16,10,2,28,0,0,58,18,76,0,16,68,20,104,132,16,148,252
12/03/2006,SAF,NM,ASW,WE,Federal Contract Tower,0,15,18,1,34,0,2,31,1,34,0,17,49,2,68,62,0,62,130
12/04/2006,SAF,NM,ASW,WE,Federal Contract Tower,0,9,19,0,28,0,0,50,1,51,0,9,69,1,79,72,0,72,151
12/05/2006,SAF,NM,ASW,WE,Federal Contract Tower,0,10,20,2,32,0,2,56,12,70,0,12,76,14,102,86,8,94,196
12/06/2006,SAF,NM,ASW,WE,Federal Contract Tower,0,9,20,0,29,0,2,53,6,61,0,11,73,6,90,84,0,84,174
12/07/2006,SAF,NM,ASW,WE,Federal Contract Tower,0,9,28,0,37,0,1,54,7,62,0,10,82,7,99,108,20,128,227
12/08/2006,SAF,NM,ASW,WE,Federal Contract Tower,0,14,21,11,46,0,3,85,4,92,0,17,106,15,138,216,6,222,360
12/09/2006,SAF,NM,ASW,WE,Federal Contract Tower,0,10,20,0,30,0,0,71,0,71,0,10,91,0,101,146,0,146,247
12/10/2006,SAF,NM,ASW,WE,Federal Contract Tower,0,16,39,4,59,0,4,85,2,91,0,20,124,6,150,172,0,172,322
12/11/2006,SAF,NM,ASW,WE,Federal Contract Tower,0,15,32,0,47,0,7,25,7,39,0,22,57,7,86,78,0,78,164
12/12/2006,SAF,NM,ASW,WE,Federal Contract Tower,0,14,17,2,33,0,3,44,9,56,0,17,61,11,89,166,18,184,273
12/13/2006,SAF,NM,ASW,WE,Federal Contract Tower,0,9,36,0,45,0,2,33,11,46,0,11,69,11,91,34,8,42,133
12/14/2006,SAF,NM,ASW,WE,Federal Contract Tower,0,11,17,1,29,0,0,55,17,72,0,11,72,18,101,94,26,120,221
12/15/2006,SAF,NM,ASW,WE,Federal Contract Tower,0,11,28,2,41,0,4,71,1,76,0,15,99,3,117,146,0,146,263
12/16/2006,SAF,NM,ASW,WE,Federal Contract Tower,0,15,24,0,39,0,2,91,0,93,0,17,115,0,132,170,0,170,302
12/17/2006,SAF,NM,ASW,WE,Federal Contract Tower,0,10,19,0,29,0,4,47,2,53,0,14,66,2,82,88,0,88,170
12/18/2006,SAF,NM,ASW,WE,Federal Contract Tower,0,12,22,0,34,0,0,16,1,17,0,12,38,1,51,38,0,38,89
12/19/2006,SAF,NM,ASW,WE,Federal Contract Tower,0,8,15,0,23,0,1,5,0,6,0,9,20,0,29,8,0,8,37
12/20/2006,SAF,NM,ASW,WE,Federal Contract Tower,0,11,23,0,34,0,0,1,0,1,0,11,24,0,35,2,0,2,37
12/21/2006,SAF,NM,ASW,WE,Federal Contract Tower,0,18,30,5,53,0,4,49,4,57,0,22,79,9,110,76,10,86,196
12/22/2006,SAF,NM,ASW,WE,Federal Contract Tower,0,16,35,1,52,0,8,53,3,64,0,24,88,4,116,84,0,84,200
12/23/2006,SAF,NM,ASW,WE,Federal Contract Tower,0,15,19,0,34,0,3,69,0,72,0,18,88,0,106,124,0,124,230
12/24/2006,SAF,NM,ASW,WE,Federal Contract Tower,0,15,13,0,28,0,3,25,0,28,0,18,38,0,56,20,0,20,76
12/25/2006,SAF,NM,ASW,WE,Federal Contract Tower,0,13,4,0,17,0,6,24,0,30,0,19,28,0,47,40,0,40,87
12/26/2006,SAF,NM,ASW,WE,Federal Contract Tower,0,19,51,0,70,0,6,80,0,86,0,25,131,0,156,116,0,116,272
12/27/2006,SAF,NM,ASW,WE,Federal Contract Tower,0,25,41,4,70,0,2,69,4,75,0,27,110,8,145,54,0,54,199
12/28/2006,SAF,NM,ASW,WE,Federal Contract Tower,0,18,27,0,45,0,2,12,0,14,0,20,39,0,59,8,0,8,67
12/29/2006,SAF,NM,ASW,WE,Federal Contract Tower,0,0,4,0,4,0,0,0,0,0,0,0,4,0,4,0,0,0,4
12/30/2006,SAF,NM,ASW,WE,Federal Contract Tower,0,5,1,0,6,0,0,0,0,0,0,5,1,0,6,0,0,0,6
12/31/2006,SAF,NM,ASW,WE,Federal Contract Tower,0,25,43,0,68,0,2,24,5,31,0,27,67,5,99,8,0,8,107
01/01/2007,SAF,NM,ASW,WE,Federal Contract Tower,0,19,16,0,35,0,0,21,0,21,0,19,37,0,56,2,0,2,58
01/02/2007,SAF,NM,ASW,WE,Federal Contract Tower,0,19,34,0,53,0,7,53,2,62,0,26,87,2,115,52,0,52,167
01/03/2007,SAF,NM,ASW,WE,Federal Contract Tower,0,9,30,1,40,0,10,53,13,76,0,19,83,14,116,90,0,90,206
01/04/2007,SAF,NM,ASW,WE,Federal Contract Tower,0,13,18,0,31,0,4,54,8,66,0,17,72,8,97,198,0,198,295
01/05/2007,SAF,NM,ASW,WE,Federal Contract Tower,0,13,20,1,34,0,5,34,6,45,0,18,54,7,79,126,2,128,207
01/06/2007,SAF,NM,ASW,WE,Federal Contract Tower,0,10,17,1,28,0,4,25,11,40,0,14,42,12,68,40,6,46,114
01/07/2007,SAF,NM,ASW,WE,Federal Contract Tower,0,18,17,1,36,0,2,36,7,45,0,20,53,8,81,44,0,44,125
01/08/2007,SAF,NM,ASW,WE,Federal Contract Tower,0,8,28,2,38,0,0,36,0,36,0,8,64,2,74,42,0,42,116
01/09/2007,SAF,NM,ASW,WE,Federal Contract Tower,0,4,26,6,36,0,4,82,8,94,0,8,108,14,130,176,0,176,306
01/10/2007,SAF,NM,ASW,WE,Federal Contract Tower,0,11,21,1,33,0,2,85,8,95,0,13,106,9,128,126,0,126,254
01/11/2007,SAF,NM,ASW,WE,Federal Contract Tower,0,11,27,2,40,0,3,33,5,41,0,14,60,7,81,110,20,130,211
01/12/2007,SAF,NM,ASW,WE,Federal Contract Tower,0,21,24,0,45,0,3,8,1,12,0,24,32,1,57,46,0,46,103
01/13/2007,SAF,NM,ASW,WE,Federal Contract Tower,0,6,11,0,17,0,0,9,0,9,0,6,20,0,26,48,0,48,74
01/14/2007,SAF,NM,ASW,WE,Federal Contract Tower,0,11,10,0,21,0,2,15,1,18,0,13,25,1,39,52,0,52,91
01/15/2007,SAF,NM,ASW,WE,Federal Contract Tower,0,10,18,0,28,0,0,38,0,38,0,10,56,0,66,134,0,134,200
01/16/2007,SAF,NM,ASW,WE,Federal Contract Tower,0,12,32,2,46,0,5,29,3,37,0,17,61,5,83,90,6,96,179
01/17/2007,SAF,NM,ASW,WE,Federal Contract Tower,0,12,22,0,34,0,4,45,11,60,0,16,67,11,94,38,12,50,144
01/18/2007,SAF,NM,ASW,WE,Federal Contract Tower,0,18,23,4,45,0,3,46,19,68,0,21,69,23,113,112,4,116,229
01/19/2007,SAF,NM,ASW,WE,Federal Contract Tower,0,11,14,0,25,0,4,37,4,45,0,15,51,4,70,134,0,134,204
01/20/2007,SAF,NM,ASW,WE,Federal Contract Tower,0,8,4,0,12,0,0,0,0,0,0,8,4,0,12,2,0,2,14
01/21/2007,SAF,NM,ASW,WE,Federal Contract Tower,0,14,22,0,36,0,0,35,0,35,0,14,57,0,71,92,0,92,163
01/22/2007,SAF,NM,ASW,WE,Federal Contract Tower,0,12,25,0,37,0,2,16,5,23,0,14,41,5,60,30,10,40,100
01/23/2007,SAF,NM,ASW,WE,Federal Contract Tower,0,8,20,2,30,0,4,54,12,70,0,12,74,14,100,134,18,152,252
01/24/2007,SAF,NM,ASW,WE,Federal Contract Tower,0,10,29,0,39,0,5,68,5,78,0,15,97,5,117,84,26,110,227
01/25/2007,SAF,NM,ASW,WE,Federal Contract Tower,0,15,20,5,40,0,7,69,8,84,0,22,89,13,124,138,48,186,310
01/26/2007,SAF,NM,ASW,WE,Federal Contract Tower,0,19,30,1,50,0,6,85,4,95,0,25,115,5,145,160,0,160,305
01/27/2007,SAF,NM,ASW,WE,Federal Contract Tower,0,7,20,0,27,0,6,64,0,70,0,13,84,0,97,172,0,172,269
01/28/2007,SAF,NM,ASW,WE,Federal Contract Tower,0,12,40,4,56,0,2,94,0,96,0,14,134,4,152,150,6,156,308
01/29/2007,SAF,NM,ASW,WE,Federal Contract Tower,0,6,22,2,30,0,5,55,2,62,0,11,77,4,92,96,4,100,192
01/30/2007,SAF,NM,ASW,WE,Federal Contract Tower,0,10,17,2,29,0,5,19,0,24,0,15,36,2,53,32,20,52,105
01/31/2007,SAF,NM,ASW,WE,Federal Contract Tower,0,11,13,2,26,0,7,3,0,10,0,18,16,2,36,30,0,30,66
02/01/2007,SAF,NM,ASW,WE,Federal Contract Tower,0,12,31,0,43,0,11,21,6,38,0,23,52,6,81,26,0,26,107
02/02/2007,SAF,NM,ASW,WE,Federal Contract Tower,0,15,23,2,40,0,4,59,6,69,0,19,82,8,109,170,10,180,289
02/03/2007,SAF,NM,ASW,WE,Federal Contract Tower,0,12,9,11,32,0,3,75,0,78,0,15,84,11,110,142,54,196,306
02/04/2007,SAF,NM,ASW,WE,Federal Contract Tower,0,16,21,2,39,0,3,79,1,83,0,19,100,3,122,128,0,128,250
02/05/2007,SAF,NM,ASW,WE,Federal Contract Tower,0,18,28,2,48,0,12,53,11,76,0,30,81,13,124,98,8,106,230
02/06/2007,SAF,NM,ASW,WE,Federal Contract Tower,0,12,15,1,28,0,5,64,3,72,0,17,79,4,100,66,0,66,166
02/07/2007,SAF,NM,ASW,WE,Federal Contract Tower,0,9,27,0,36,0,4,44,13,61,0,13,71,13,97,128,16,144,241
02/08/2007,SAF,NM,ASW,WE,Federal Contract Tower,0,10,24,4,38,0,4,45,27,76,0,14,69,31,114,30,36,66,180
02/09/2007,SAF,NM,ASW,WE,Federal Contract Tower,0,17,30,10,57,0,2,68,6,76,0,19,98,16,133,114,48,162,295
02/10/2007,SAF,NM,ASW,WE,Federal Contract Tower,0,12,13,14,39,0,2,81,32,115,0,14,94,46,154,152,78,230,384
02/11/2007,SAF,NM,ASW,WE,Federal Contract Tower,0,24,22,7,53,0,1,30,10,41,0,25,52,17,94,38,18,56,150
02/12/2007,SAF,NM,ASW,WE,Federal Contract Tower,0,12,21,0,33,0,0,21,1,22,0,12,42,1,55,52,0,52,107
02/13/2007,SAF,NM,ASW,WE,Federal Contract Tower,0,11,28,0,39,0,0,2,0,2,0,11,30,0,41,8,0,8,49
02/14/2007,SAF,NM,ASW,WE,Federal Contract Tower,0,16,12,0,28,0,0,0,0,0,0,16,12,0,28,0,0,0,28
02/15/2007,SAF,NM,ASW,WE,Federal Contract Tower,0,14,26,2,42,0,1,43,7,51,0,15,69,9,93,56,6,62,155
02/16/2007,SAF,NM,ASW,WE,Federal Contract Tower,0,14,39,4,57,0,1,71,3,75,0,15,110,7,132,100,8,108,240
02/17/2007,SAF,NM,ASW,WE,Federal Contract Tower,0,7,18,2,27,0,3,113,5,121,0,10,131,7,148,252,24,276,424
02/18/2007,SAF,NM,ASW,WE,Federal Contract Tower,0,12,24,0,36,0,2,63,0,65,0,14,87,0,101,74,0,74,175
02/19/2007,SAF,NM,ASW,WE,Federal Contract Tower,0,18,34,2,54,0,2,52,0,54,0,20,86,2,108,56,0,56,164
02/20/2007,SAF,NM,ASW,WE,Federal Contract Tower,0,12,27,1,40,0,5,27,4,36,0,17,54,5,76,20,0,20,96
02/21/2007,SAF,NM,ASW,WE,Federal Contract Tower,0,7,16,0,23,0,2,88,2,92,0,9,104,2,115,132,0,132,247
02/22/2007,SAF,NM,ASW,WE,Federal Contract Tower,0,11,16,0,27,0,4,84,3,91,0,15,100,3,118,160,48,208,326
02/23/2007,SAF,NM,ASW,WE,Federal Contract Tower,0,13,30,11,54,0,2,43,0,45,0,15,73,11,99,82,74,156,255
02/24/2007,SAF,NM,ASW,WE,Federal Contract Tower,0,9,22,1,32,0,4,33,2,39,0,13,55,3,71,42,6,48,119
02/25/2007,SAF,NM,ASW,WE,Federal Contract Tower,0,20,29,4,53,0,2,93,2,97,0,22,122,6,150,66,0,66,216
02/26/2007,SAF,NM,ASW,WE,Federal Contract Tower,0,9,18,3,30,0,4,58,3,65,0,13,76,6,95,48,2,50,145
02/27/2007,SAF,NM,ASW,WE,Federal Contract Tower,0,13,12,2,27,0,5,32,7,44,0,18,44,9,71,26,0,26,97
02/28/2007,SAF,NM,ASW,WE,Federal Contract Tower,0,21,16,0,37,0,0,17,0,17,0,21,33,0,54,0,0,0,54
03/01/2007,SAF,NM,ASW,WE,Federal Contract Tower,0,15,19,1,35,0,1,28,6,35,0,16,47,7,70,30,0,30,100
03/02/2007,SAF,NM,ASW,WE,Federal Contract Tower,0,15,21,5,41,0,5,62,17,84,0,20,83,22,125,76,2,78,203
03/03/2007,SAF,NM,ASW,WE,Federal Contract Tower,0,11,22,0,33,0,3,69,21,93,0,14,91,21,126,160,44,204,330
03/04/2007,SAF,NM,ASW,WE,Federal Contract Tower,0,20,25,1,46,0,3,111,17,131,0,23,136,18,177,100,14,114,291
03/05/2007,SAF,NM,ASW,WE,Federal Contract Tower,0,20,31,2,53,0,2,76,3,81,0,22,107,5,134,114,2,116,250
03/06/2007,SAF,NM,ASW,WE,Federal Contract Tower,0,11,29,1,41,0,5,58,14,77,0,16,87,15,118,46,26,72,190
03/07/2007,SAF,NM,ASW,WE,Federal Contract Tower,0,7,28,0,35,0,2,51,6,59,0,9,79,6,94,74,2,76,170
03/08/2007,SAF,NM,ASW,WE,Federal Contract Tower,0,14,29,0,43,0,2,41,8,51,0,16,70,8,94,42,4,46,140
03/09/2007,SAF,NM,ASW,WE,Federal Contract Tower,0,15,26,3,44,0,3,76,13,92,0,18,102,16,136,134,22,156,292
03/10/2007,SAF,NM,ASW,WE,Federal Contract Tower,0,16,26,11,53,0,6,85,6,97,0,22,111,17,150,94,14,108,258
03/11/2007,SAF,NM,ASW,WE,Federal Contract Tower,0,13,26,2,41,0,4,50,2,56,0,17,76,4,97,48,0,48,145
03/12/2007,SAF,NM,ASW,WE,Federal Contract Tower,0,7,19,1,27,0,8,58,1,67,0,15,77,2,94,58,0,58,152
03/13/2007,SAF,NM,ASW,WE,Federal Contract Tower,0,4,15,1,20,0,6,74,3,83,0,10,89,4,103,72,6,78,181
03/14/2007,SAF,NM,ASW,WE,Federal Contract Tower,0,6,24,0,30,0,3,85,10,98,0,9,109,10,128,116,18,134,262
03/15/2007,SAF,NM,ASW,WE,Federal Contract Tower,0,16,18,2,36,0,1,88,5,94,0,17,106,7,130,130,0,130,260
03/16/2007,SAF,NM,ASW,WE,Federal Contract Tower,0,7,24,5,36,0,4,84,7,95,0,11,108,12,131,68,16,84,215
03/17/2007,SAF,NM,ASW,WE,Federal Contract Tower,0,16,26,2,44,0,5,110,2,117,0,21,136,4,161,134,0,134,295
03/18/2007,SAF,NM,ASW,WE,Federal Contract Tower,0,13,29,0,42,0,3,104,0,107,0,16,133,0,149,102,0,102,251
03/19/2007,SAF,NM,ASW,WE,Federal Contract Tower,0,8,22,6,36,0,10,62,7,79,0,18,84,13,115,76,4,80,195
03/20/2007,SAF,NM,ASW,WE,Federal Contract Tower,0,4,18,3,25,0,0,56,9,65,0,4,74,12,90,94,6,100,190
03/21/2007,SAF,NM,ASW,WE,Federal Contract Tower,0,4,22,4,30,0,2,60,6,68,0,6,82,10,98,78,8,86,184
03/22/2007,SAF,NM,ASW,WE,Federal Contract Tower,0,16,25,0,41,0,2,32,10,44,0,18,57,10,85,50,22,72,157
03/23/2007,SAF,NM,ASW,WE,Federal Contract Tower,0,17,29,0,46,0,0,12,1,13,0,17,41,1,59,2,0,2,61
03/24/2007,SAF,NM,ASW,WE,Federal Contract Tower,0,23,18,0,41,0,0,17,3,20,0,23,35,3,61,40,0,40,101
03/25/2007,SAF,NM,ASW,WE,Federal Contract Tower,0,20,30,0,50,0,6,130,3,139,0,26,160,3,189,208,0,208,397
03/26/2007,SAF,NM,ASW,WE,Federal Contract Tower,0,16,13,2,31,0,2,63,5,70,0,18,76,7,101,162,0,162,263
03/27/2007,SAF,NM,ASW,WE,Federal Contract Tower,0,8,14,0,22,0,5,45,3,53,0,13,59,3,75,114,8,122,197
03/28/2007,SAF,NM,ASW,WE,Federal Contract Tower,0,11,28,0,39,0,7,17,0,24,0,18,45,0,63,18,0,18,81
03/29/2007,SAF,NM,ASW,WE,Federal Contract Tower,0,16,24,4,44,0,1,41,2,44,0,17,65,6,88,150,0,150,238
03/30/2007,SAF,NM,ASW,WE,Federal Contract Tower,0,13,23,2,38,0,1,50,2,53,0,14,73,4,91,130,2,132,223
03/31/2007,SAF,NM,ASW,WE,Federal Contract Tower,0,14,27,0,41,0,2,69,20,91,0,16,96,20,132,130,28,158,290
04/01/2007,SAF,NM,ASW,WE,Federal Contract Tower,0,7,33,1,41,0,6,118,8,132,0,13,151,9,173,114,0,114,287
04/02/2007,SAF,NM,ASW,WE,Federal Contract Tower,0,15,27,0,42,0,4,55,12,71,0,19,82,12,113,164,16,180,293
04/03/2007,SAF,NM,ASW,WE,Federal Contract Tower,0,15,30,2,47,0,5,59,4,68,0,20,89,6,115,170,4,174,289
04/04/2007,SAF,NM,ASW,WE,Federal Contract Tower,0,14,14,5,33,0,5,56,4,65,0,19,70,9,98,150,34,184,282
04/05/2007,SAF,NM,ASW,WE,Federal Contract Tower,0,17,14,0,31,0,0,77,6,83,0,17,91,6,114,140,6,146,260
04/06/2007,SAF,NM,ASW,WE,Federal Contract Tower,0,8,25,0,33,0,5,53,0,58,0,13,78,0,91,116,0,116,207
04/07/2007,SAF,NM,ASW,WE,Federal Contract Tower,0,12,9,2,23,0,2,10,0,12,0,14,19,2,35,2,0,2,37
04/08/2007,SAF,NM,ASW,WE,Federal Contract Tower,0,13,29,0,42,0,0,23,0,23,0,13,52,0,65,84,0,84,149
04/09/2007,SAF,NM,ASW,WE,Federal Contract Tower,0,13,25,0,38,0,6,21,7,34,0,19,46,7,72,84,34,118,190
04/10/2007,SAF,NM,ASW,WE,Federal Contract Tower,0,13,20,1,34,0,0,19,7,26,0,13,39,8,60,14,8,22,82
04/11/2007,SAF,NM,ASW,WE,Federal Contract Tower,0,10,23,1,34,0,9,43,17,69,0,19,66,18,103,26,110,136,239
04/12/2007,SAF,NM,ASW,WE,Federal Contract Tower,0,10,8,0,18,0,0,44,10,54,0,10,52,10,72,62,34,96,168
04/13/2007,SAF,NM,ASW,WE,Federal Contract Tower,0,8,13,1,22,0,0,7,0,7,0,8,20,1,29,0,0,0,29
04/14/2007,SAF,NM,ASW,WE,Federal Contract Tower,0,15,19,5,39,0,4,81,7,92,0,19,100,12,131,180,10,190,321
04/15/2007,SAF,NM,ASW,WE,Federal Contract Tower,0,10,13,1,24,0,8,80,2,90,0,18,93,3,114,150,14,164,278
04/16/2007,SAF,NM,ASW,WE,Federal Contract Tower,0,13,16,0,29,0,3,29,2,34,0,16,45,2,63,76,0,76,139
04/17/2007,SAF,NM,ASW,WE,Federal Contract Tower,0,9,18,1,28,0,12,50,3,65,0,21,68,4,93,118,8,126,219
04/18/2007,SAF,NM,ASW,WE,Federal Contract Tower,0,10,24,3,37,0,9,50,8,67,0,19,74,11,104,96,8,104,208
04/19/2007,SAF,NM,ASW,WE,Federal Contract Tower,0,7,23,3,33,0,4,69,3,76,0,11,92,6,109,192,0,192,301
04/20/2007,SAF,NM,ASW,WE,Federal Contract Tower,0,10,24,2,36,0,4,65,4,73,0,14,89,6,109,108,0,108,217
04/21/2007,SAF,NM,ASW,WE,Federal Contract Tower,0,15,10,1,26,0,5,30,0,35,0,20,40,1,61,60,0,60,121
04/22/2007,SAF,NM,ASW,WE,Federal Contract Tower,0,22,32,2,56,0,6,90,7,103,0,28,122,9,159,122,0,122,281
04/23/2007,SAF,NM,ASW,WE,Federal Contract Tower,0,10,16,2,28,0,6,39,0,45,0,16,55,2,73,102,4,106,179
04/24/2007,SAF,NM,ASW,WE,Federal Contract Tower,0,10,24,2,36,0,1,21,0,22,0,11,45,2,58,28,6,34,92
04/25/2007,SAF,NM,ASW,WE,Federal Contract Tower,0,26,24,2,52,0,0,55,6,61,0,26,79,8,113,84,4,88,201
04/26/2007,SAF,NM,ASW,WE,Federal Contract Tower,0,16,22,0,38,0,5,64,6,75,0,21,86,6,113,110,2,112,225
04/27/2007,SAF,NM,ASW,WE,Federal Contract Tower,0,18,25,9,52,0,4,90,10,104,0,22,115,19,156,182,22,204,360
04/28/2007,SAF,NM,ASW,WE,Federal Contract Tower,0,12,12,4,28,0,2,55,8,65,0,14,67,12,93,108,4,112,205
04/29/2007,SAF,NM,ASW,WE,Federal Contract Tower,0,23,19,0,42,0,0,78,0,78,0,23,97,0,120,174,0,174,294
04/30/2007,SAF,NM,ASW,WE,Federal Contract Tower,0,17,12,0,29,0,3,48,3,54,0,20,60,3,83,130,0,130,213
05/01/2007,SAF,NM,ASW,WE,Federal Contract Tower,0,8,24,3,35,0,6,51,4,61,0,14,75,7,96,166,40,206,302
05/02/2007,SAF,NM,ASW,WE,Federal Contract Tower,0,14,21,0,35,0,10,39,0,49,0,24,60,0,84,82,0,82,166
05/03/2007,SAF,NM,ASW,WE,Federal Contract Tower,0,11,25,2,38,0,8,38,7,53,0,19,63,9,91,110,36,146,237
05/04/2007,SAF,NM,ASW,WE,Federal Contract Tower,0,18,33,4,55,0,1,61,7,69,0,19,94,11,124,122,0,122,246
05/05/2007,SAF,NM,ASW,WE,Federal Contract Tower,0,19,16,1,36,0,2,11,4,17,0,21,27,5,53,4,0,4,57
05/06/2007,SAF,NM,ASW,WE,Federal Contract Tower,0,17,33,0,50,0,3,54,9,66,0,20,87,9,116,100,42,142,258
05/07/2007,SAF,NM,ASW,WE,Federal Contract Tower,0,13,28,0,41,0,6,56,4,66,0,19,84,4,107,82,0,82,189
05/08/2007,SAF,NM,ASW,WE,Federal Contract Tower,0,11,22,0,33,0,5,29,2,36,0,16,51,2,69,112,0,112,181
05/09/2007,SAF,NM,ASW,WE,Federal Contract Tower,0,8,31,0,39,0,7,56,3,66,0,15,87,3,105,120,0,120,225
05/10/2007,SAF,NM,ASW,WE,Federal Contract Tower,0,8,32,0,40,0,9,75,8,92,0,17,107,8,132,166,10,176,308
05/11/2007,SAF,NM,ASW,WE,Federal Contract Tower,0,9,32,0,41,0,1,73,12,86,0,10,105,12,127,140,0,140,267
05/12/2007,SAF,NM,ASW,WE,Federal Contract Tower,0,8,27,0,35,0,6,88,5,99,0,14,115,5,134,94,0,94,228
05/13/2007,SAF,NM,ASW,WE,Federal Contract Tower,0,14,28,0,42,0,2,100,3,105,0,16,128,3,147,156,0,156,303
05/14/2007,SAF,NM,ASW,WE,Federal Contract Tower,0,10,20,0,30,0,11,55,9,75,0,21,75,9,105,98,6,104,209
05/15/2007,SAF,NM,ASW,WE,Federal Contract Tower,0,9,22,0,31,0,5,47,10,62,0,14,69,10,93,60,6,66,159
05/16/2007,SAF,NM,ASW,WE,Federal Contract Tower,0,13,26,1,40,0,6,26,4,36,0,19,52,5,76,76,14,90,166
05/17/2007,SAF,NM,ASW,WE,Federal Contract Tower,0,9,34,1,44,0,4,40,1,45,0,13,74,2,89,86,0,86,175
05/18/2007,SAF,NM,ASW,WE,Federal Contract Tower,0,11,31,7,49,0,5,55,4,64,0,16,86,11,113,66,4,70,183
05/19/2007,SAF,NM,ASW,WE,Federal Contract Tower,0,13,20,0,33,0,2,87,1,90,0,15,107,1,123,140,0,140,263
05/20/2007,SAF,NM,ASW,WE,Federal Contract Tower,0,14,30,0,44,0,3,50,0,53,0,17,80,0,97,54,0,54,151
05/21/2007,SAF,NM,ASW,WE,Federal Contract Tower,0,14,22,5,41,0,4,69,4,77,0,18,91,9,118,116,2,118,236
05/22/2007,SAF,NM,ASW,WE,Federal Contract Tower,0,9,17,2,28,0,6,50,5,61,0,15,67,7,89,64,2,66,155
05/23/2007,SAF,NM,ASW,WE,Federal Contract Tower,0,8,23,0,31,0,3,31,3,37,0,11,54,3,68,22,10,32,100
05/24/2007,SAF,NM,ASW,WE,Federal Contract Tower,0,16,35,2,53,0,3,53,3,59,0,19,88,5,112,54,8,62,174
05/25/2007,SAF,NM,ASW,WE,Federal Contract Tower,0,17,47,0,64,0,6,48,4,58,0,23,95,4,122,132,2,134,256
05/26/2007,SAF,NM,ASW,WE,Federal Contract Tower,0,19,24,0,43,0,2,87,0,89,0,21,111,0,132,210,0,210,342
05/27/2007,SAF,NM,ASW,WE,Federal Contract Tower,0,9,11,0,20,0,3,64,2,69,0,12,75,2,89,124,0,124,213
05/28/2007,SAF,NM,ASW,WE,Federal Contract Tower,0,20,38,0,58,0,1,105,4,110,0,21,143,4,168,104,0,104,272
05/29/2007,SAF,NM,ASW,WE,Federal Contract Tower,0,14,22,2,38,0,2,55,2,59,0,16,77,4,97,108,4,112,209
05/30/2007,SAF,NM,ASW,WE,Federal Contract Tower,0,7,16,2,25,0,4,57,5,66,0,11,73,7,91,58,30,88,179
05/31/2007,SAF,NM,ASW,WE,Federal Contract Tower,0,13,26,5,44,0,3,64,6,73,0,16,90,11,117,82,2,84,201
06/01/2007,SAF,NM,ASW,WE,Federal Contract Tower,0,15,19,2,36,0,3,75,2,80,0,18,94,4,116,100,0,100,216
06/02/2007,SAF,NM,ASW,WE,Federal Contract Tower,0,9,23,2,34,0,3,77,19,99,0,12,100,21,133,70,12,82,215
06/03/2007,SAF,NM,ASW,WE,Federal Contract Tower,0,22,32,5,59,0,4,62,29,95,0,26,94,34,154,30,48,78,232
06/04/2007,SAF,NM,ASW,WE,Federal Contract Tower,0,17,19,0,36,0,6,56,4,66,0,23,75,4,102,84,0,84,186
06/05/2007,SAF,NM,ASW,WE,Federal Contract Tower,0,14,20,2,36,0,0,79,13,92,0,14,99,15,128,82,36,118,246
06/06/2007,SAF,NM,ASW,WE,Federal Contract Tower,0,5,22,0,27,0,1,28,2,31,0,6,50,2,58,18,0,18,76
06/07/2007,SAF,NM,ASW,WE,Federal Contract Tower,0,16,25,1,42,0,3,54,9,66,0,19,79,10,108,46,34,80,188
06/08/2007,SAF,NM,ASW,WE,Federal Contract Tower,0,10,28,13,51,0,5,78,9,92,0,15,106,22,143,110,10,120,263
06/09/2007,SAF,NM,ASW,WE,Federal Contract Tower,0,16,12,0,28,0,3,73,4,80,0,19,85,4,108,44,0,44,152
06/10/2007,SAF,NM,ASW,WE,Federal Contract Tower,0,18,24,7,49,0,3,74,5,82,0,21,98,12,131,104,26,130,261
06/11/2007,SAF,NM,ASW,WE,Federal Contract Tower,0,8,17,0,25,0,1,53,11,65,0,9,70,11,90,50,0,50,140
06/12/2007,SAF,NM,ASW,WE,Federal Contract Tower,0,7,25,2,34,0,5,35,1,41,0,12,60,3,75,88,4,92,167
06/13/2007,SAF,NM,ASW,WE,Federal Contract Tower,0,10,14,4,28,0,5,95,5,105,0,15,109,9,133,64,0,64,197
06/14/2007,SAF,NM,ASW,WE,Federal Contract Tower,0,5,29,0,34,0,3,84,14,101,0,8,113,14,135,156,18,174,309
06/15/2007,SAF,NM,ASW,WE,Federal Contract Tower,0,12,36,6,54,0,4,109,8,121,0,16,145,14,175,124,2,126,301
06/16/2007,SAF,NM,ASW,WE,Federal Contract Tower,0,14,18,1,33,0,5,93,3,101,0,19,111,4,134,96,20,116,250
06/17/2007,SAF,NM,ASW,WE,Federal Contract Tower,0,10,29,6,45,0,2,94,2,98,0,12,123,8,143,110,6,116,259
06/18/2007,SAF,NM,ASW,WE,Federal Contract Tower,0,19,26,4,49,0,4,59,1,64,0,23,85,5,113,98,0,98,211
06/19/2007,SAF,NM,ASW,WE,Federal Contract Tower,0,7,26,1,34,0,14,62,5,81,0,21,88,6,115,132,0,132,247
06/20/2007,SAF,NM,ASW,WE,Federal Contract Tower,0,9,20,2,31,0,13,71,12,96,0,22,91,14,127,102,8,110,237
06/21/2007,SAF,NM,ASW,WE,Federal Contract Tower,0,14,34,2,50,0,13,59,9,81,0,27,93,11,131,84,0,84,215
06/22/2007,SAF,NM,ASW,WE,Federal Contract Tower,0,19,25,0,44,0,9,67,17,93,0,28,92,17,137,66,10,76,213
06/23/2007,SAF,NM,ASW,WE,Federal Contract Tower,0,16,26,2,44,0,4,80,9,93,0,20,106,11,137,90,6,96,233
06/24/2007,SAF,NM,ASW,WE,Federal Contract Tower,0,17,30,0,47,0,3,85,1,89,0,20,115,1,136,130,0,130,266
06/25/2007,SAF,NM,ASW,WE,Federal Contract Tower,0,10,32,0,42,0,3,76,8,87,0,13,108,8,129,80,2,82,211
06/26/2007,SAF,NM,ASW,WE,Federal Contract Tower,0,14,24,0,38,0,7,103,3,113,0,21,127,3,151,154,2,156,307
06/27/2007,SAF,NM,ASW,WE,Federal Contract Tower,0,10,25,0,35,0,0,66,6,72,0,10,91,6,107,26,2,28,135
06/28/2007,SAF,NM,ASW,WE,Federal Contract Tower,0,20,36,0,56,0,9,69,3,81,0,29,105,3,137,76,6,82,219
06/29/2007,SAF,NM,ASW,WE,Federal Contract Tower,0,17,35,8,60,0,1,95,9,105,0,18,130,17,165,136,40,176,341
06/30/2007,SAF,NM,ASW,WE,Federal Contract Tower,0,15,30,1,46,0,11,97,5,113,0,26,127,6,159,68,0,68,227
07/01/2007,SAF,NM,ASW,WE,Federal Contract Tower,0,28,35,1,64,0,0,82,0,82,0,28,117,1,146,60,0,60,206
07/02/2007,SAF,NM,ASW,WE,Federal Contract Tower,0,14,30,3,47,0,2,69,0,71,0,16,99,3,118,106,0,106,224
07/03/2007,SAF,NM,ASW,WE,Federal Contract Tower,0,18,35,0,53,0,16,83,4,103,0,34,118,4,156,96,0,96,252
07/04/2007,SAF,NM,ASW,WE,Federal Contract Tower,0,14,15,0,29,0,2,81,1,84,0,16,96,1,113,70,2,72,185
07/05/2007,SAF,NM,ASW,WE,Federal Contract Tower,0,7,31,4,42,0,3,66,6,75,0,10,97,10,117,134,0,134,251
07/06/2007,SAF,NM,ASW,WE,Federal Contract Tower,0,14,32,6,52,0,6,90,9,105,0,20,122,15,157,186,20,206,363
07/07/2007,SAF,NM,ASW,WE,Federal Contract Tower,0,12,21,0,33,0,3,91,16,110,0,15,112,16,143,100,6,106,249
07/08/2007,SAF,NM,ASW,WE,Federal Contract Tower,0,14,42,5,61,0,1,86,6,93,0,15,128,11,154,40,0,40,194
07/09/2007,SAF,NM,ASW,WE,Federal Contract Tower,0,15,33,2,50,0,3,68,2,73,0,18,101,4,123,100,2,102,225
07/10/2007,SAF,NM,ASW,WE,Federal Contract Tower,0,17,32,0,49,0,9,72,5,86,0,26,104,5,135,144,0,144,279
07/11/2007,SAF,NM,ASW,WE,Federal Contract Tower,0,24,40,0,64,0,2,71,7,80,0,26,111,7,144,86,2,88,232
07/12/2007,SAF,NM,ASW,WE,Federal Contract Tower,0,18,44,2,64,0,3,56,5,64,0,21,100,7,128,66,10,76,204
07/13/2007,SAF,NM,ASW,WE,Federal Contract Tower,0,16,52,4,72,0,2,86,14,102,0,18,138,18,174,108,12,120,294
07/14/2007,SAF,NM,ASW,WE,Federal Contract Tower,0,26,26,0,52,0,4,100,0,104,0,30,126,0,156,74,0,74,230
07/15/2007,SAF,NM,ASW,WE,Federal Contract Tower,0,24,51,3,78,0,5,83,4,92,0,29,134,7,170,60,0,60,230
07/16/2007,SAF,NM,ASW,WE,Federal Contract Tower,0,17,31,1,49,0,0,79,2,81,0,17,110,3,130,84,8,92,222
07/17/2007,SAF,NM,ASW,WE,Federal Contract Tower,0,11,34,0,45,0,5,79,12,96,0,16,113,12,141,96,0,96,237
07/18/2007,SAF,NM,ASW,WE,Federal Contract Tower,0,17,50,0,67,0,7,87,6,100,0,24,137,6,167,104,24,128,295
07/19/2007,SAF,NM,ASW,WE,Federal Contract Tower,0,12,54,2,68,0,8,96,5,109,0,20,150,7,177,160,0,160,337
07/20/2007,SAF,NM,ASW,WE,Federal Contract Tower,0,16,34,1,51,0,4,83,13,100,0,20,117,14,151,94,4,98,249
07/21/2007,SAF,NM,ASW,WE,Federal Contract Tower,0,14,26,0,40,0,7,93,4,104,0,21,119,4,144,110,0,110,254
07/22/2007,SAF,NM,ASW,WE,Federal Contract Tower,0,16,39,1,56,0,5,87,3,95,0,21,126,4,151,82,6,88,239
07/23/2007,SAF,NM,ASW,WE,Federal Contract Tower,0,9,16,2,27,0,1,75,0,76,0,10,91,2,103,96,0,96,199
07/24/2007,SAF,NM,ASW,WE,Federal Contract Tower,0,15,27,1,43,0,12,77,0,89,0,27,104,1,132,86,0,86,218
07/25/2007,SAF,NM,ASW,WE,Federal Contract Tower,0,14,34,1,49,0,2,83,2,87,0,16,117,3,136,114,2,116,252
07/26/2007,SAF,NM,ASW,WE,Federal Contract Tower,0,12,41,2,55,0,9,75,4,88,0,21,116,6,143,70,30,100,243
07/27/2007,SAF,NM,ASW,WE,Federal Contract Tower,0,16,36,0,52,0,6,66,7,79,0,22,102,7,131,134,6,140,271
07/28/2007,SAF,NM,ASW,WE,Federal Contract Tower,0,11,24,1,36,0,5,77,3,85,0,16,101,4,121,64,5,69,190
07/29/2007,SAF,NM,ASW,WE,Federal Contract Tower,0,25,53,1,79,0,6,64,3,73,0,31,117,4,152,52,0,52,204
07/30/2007,SAF,NM,ASW,WE,Federal Contract Tower,0,21,27,1,49,0,3,69,2,74,0,24,96,3,123,74,2,76,199
07/31/2007,SAF,NM,ASW,WE,Federal Contract Tower,0,14,20,4,38,0,6,80,2,88,0,20,100,6,126,122,0,122,248
08/01/2007,SAF,NM,ASW,WE,Federal Contract Tower,0,18,28,0,46,0,6,70,10,86,0,24,98,10,132,76,16,92,224
08/02/2007,SAF,NM,ASW,WE,Federal Contract Tower,0,29,33,0,62,0,3,48,5,56,0,32,81,5,118,24,2,26,144
08/03/2007,SAF,NM,ASW,WE,Federal Contract Tower,0,27,32,2,61,0,4,76,6,86,0,31,108,8,147,104,4,108,255
08/04/2007,SAF,NM,ASW,WE,Federal Contract Tower,0,21,18,1,40,0,3,60,28,91,0,24,78,29,131,124,0,124,255
08/05/2007,SAF,NM,ASW,WE,Federal Contract Tower,0,38,33,7,78,0,9,73,8,90,0,47,106,15,168,50,10,60,228
08/06/2007,SAF,NM,ASW,WE,Federal Contract Tower,0,13,39,0,52,0,4,74,10,88,0,17,113,10,140,154,22,176,316
08/07/2007,SAF,NM,ASW,WE,Federal Contract Tower,0,16,27,1,44,0,8,38,9,55,0,24,65,10,99,100,6,106,205
08/08/2007,SAF,NM,ASW,WE,Federal Contract Tower,0,16,33,0,49,0,7,65,12,84,0,23,98,12,133,100,0,100,233
08/09/2007,SAF,NM,ASW,WE,Federal Contract Tower,0,17,30,3,50,0,4,65,10,79,0,21,95,13,129,112,6,118,247
08/10/2007,SAF,NM,ASW,WE,Federal Contract Tower,0,19,38,6,63,0,2,84,14,100,0,21,122,20,163,140,4,144,307
08/11/2007,SAF,NM,ASW,WE,Federal Contract Tower,0,22,25,0,47,0,10,78,6,94,0,32,103,6,141,110,0,110,251
08/12/2007,SAF,NM,ASW,WE,Federal Contract Tower,0,20,47,1,68,0,4,82,1,87,0,24,129,2,155,98,0,98,253
08/13/2007,SAF,NM,ASW,WE,Federal Contract Tower,0,19,36,0,55,0,9,51,14,74,0,28,87,14,129,22,2,24,153
08/14/2007,SAF,NM,ASW,WE,Federal Contract Tower,0,18,38,2,58,0,8,78,14,100,0,26,116,16,158,132,2,134,292
08/15/2007,SAF,NM,ASW,WE,Federal Contract Tower,0,16,54,0,70,0,5,66,11,82,0,21,120,11,152,72,28,100,252
08/16/2007,SAF,NM,ASW,WE,Federal Contract Tower,0,23,41,2,66,0,3,70,8,81,0,26,111,10,147,28,4,32,179
08/17/2007,SAF,NM,ASW,WE,Federal Contract Tower,0,16,47,14,77,0,12,89,20,121,0,28,136,34,198,216,62,278,476
08/18/2007,SAF,NM,ASW,WE,Federal Contract Tower,0,16,37,5,58,0,3,54,0,57,0,19,91,5,115,106,36,142,257
08/19/2007,SAF,NM,ASW,WE,Federal Contract Tower,0,24,63,0,87,0,17,95,7,119,0,41,158,7,206,102,0,102,308
08/20/2007,SAF,NM,ASW,WE,Federal Contract Tower,0,11,47,2,60,0,7,68,12,87,0,18,115,14,147,74,0,74,221
08/21/2007,SAF,NM,ASW,WE,Federal Contract Tower,0,8,34,0,42,0,4,69,18,91,0,12,103,18,133,124,4,128,261
08/22/2007,SAF,NM,ASW,WE,Federal Contract Tower,0,17,34,0,51,0,8,50,9,67,0,25,84,9,118,146,0,146,264
08/23/2007,SAF,NM,ASW,WE,Federal Contract Tower,0,18,39,1,58,0,3,48,9,60,0,21,87,10,118,58,8,66,184
08/24/2007,SAF,NM,ASW,WE,Federal Contract Tower,0,22,30,5,57,0,8,77,11,96,0,30,107,16,153,176,4,180,333
08/25/2007,SAF,NM,ASW,WE,Federal Contract Tower,0,23,28,2,53,0,0,97,6,103,0,23,125,8,156,126,32,158,314
08/26/2007,SAF,NM,ASW,WE,Federal Contract Tower,0,19,32,0,51,0,7,96,2,105,0,26,128,2,156,120,0,120,276
08/27/2007,SAF,NM,ASW,WE,Federal Contract Tower,0,15,34,3,52,0,8,77,5,90,0,23,111,8,142,40,18,58,200
08/28/2007,SAF,NM,ASW,WE,Federal Contract Tower,0,9,34,0,43,0,13,52,9,74,0,22,86,9,117,168,2,170,287
08/29/2007,SAF,NM,ASW,WE,Federal Contract Tower,0,15,18,2,35,0,7,67,7,81,0,22,85,9,116,104,2,106,222
08/30/2007,SAF,NM,ASW,WE,Federal Contract Tower,0,14,28,1,43,0,6,58,7,71,0,20,86,8,114,88,2,90,204
08/31/2007,SAF,NM,ASW,WE,Federal Contract Tower,0,26,33,8,67,0,9,61,4,74,0,35,94,12,141,78,12,90,231
09/01/2007,SAF,NM,ASW,WE,Federal Contract Tower,0,17,22,3,42,0,7,83,0,90,0,24,105,3,132,186,10,196,328
09/02/2007,SAF,NM,ASW,WE,Federal Contract Tower,0,13,16,2,31,0,4,74,0,78,0,17,90,2,109,130,0,130,239
09/03/2007,SAF,NM,ASW,WE,Federal Contract Tower,0,20,28,0,48,0,1,87,0,88,0,21,115,0,136,96,0,96,232
09/04/2007,SAF,NM,ASW,WE,Federal Contract Tower,0,21,25,1,47,0,0,68,2,70,0,21,93,3,117,106,4,110,227
09/05/2007,SAF,NM,ASW,WE,Federal Contract Tower,0,8,31,2,41,0,5,61,9,75,0,13,92,11,116,70,4,74,190
09/06/2007,SAF,NM,ASW,WE,Federal Contract Tower,0,15,29,0,44,0,8,75,7,90,0,23,104,7,134,94,6,100,234
09/07/2007,SAF,NM,ASW,WE,Federal Contract Tower,0,15,20,0,35,0,5,64,10,79,0,20,84,10,114,124,8,132,246
09/08/2007,SAF,NM,ASW,WE,Federal Contract Tower,0,18,16,4,38,0,6,74,2,82,0,24,90,6,120,140,4,144,264
09/09/2007,SAF,NM,ASW,WE,Federal Contract Tower,0,20,31,2,53,0,4,18,4,26,0,24,49,6,79,12,0,12,91
09/10/2007,SAF,NM,ASW,WE,Federal Contract Tower,0,21,35,0,56,0,3,31,4,38,0,24,66,4,94,82,8,90,184
09/11/2007,SAF,NM,ASW,WE,Federal Contract Tower,0,12,24,1,37,0,5,53,3,61,0,17,77,4,98,134,8,142,240
09/12/2007,SAF,NM,ASW,WE,Federal Contract Tower,0,10,27,0,37,0,5,64,15,84,0,15,91,15,121,188,2,190,311
09/13/2007,SAF,NM,ASW,WE,Federal Contract Tower,0,11,24,1,36,0,11,61,3,75,0,22,85,4,111,118,0,118,229
09/14/2007,SAF,NM,ASW,WE,Federal Contract Tower,0,16,32,8,56,0,2,81,13,96,0,18,113,21,152,144,6,150,302
09/15/2007,SAF,NM,ASW,WE,Federal Contract Tower,0,16,19,14,49,0,4,93,17,114,0,20,112,31,163,92,64,156,319
09/16/2007,SAF,NM,ASW,WE,Federal Contract Tower,0,12,44,6,62,0,6,111,23,140,0,18,155,29,202,84,18,102,304
09/17/2007,SAF,NM,ASW,WE,Federal Contract Tower,0,14,20,1,35,0,3,56,6,65,0,17,76,7,100,42,6,48,148
09/18/2007,SAF,NM,ASW,WE,Federal Contract Tower,0,13,27,2,42,0,11,84,5,100,0,24,111,7,142,124,6,130,272
09/19/2007,SAF,NM,ASW,WE,Federal Contract Tower,0,11,30,3,44,0,5,92,8,105,0,16,122,11,149,132,10,142,291
09/20/2007,SAF,NM,ASW,WE,Federal Contract Tower,0,27,20,0,47,0,7,47,10,64,0,34,67,10,111,48,2,50,161
09/21/2007,SAF,NM,ASW,WE,Federal Contract Tower,0,17,38,3,58,0,4,33,4,41,0,21,71,7,99,34,6,40,139
09/22/2007,SAF,NM,ASW,WE,Federal Contract Tower,0,16,13,0,29,0,2,95,0,97,0,18,108,0,126,28,0,28,154
09/23/2007,SAF,NM,ASW,WE,Federal Contract Tower,0,22,30,0,52,0,5,54,1,60,0,27,84,1,112,100,0,100,212
09/24/2007,SAF,NM,ASW,WE,Federal Contract Tower,0,8,19,4,31,0,6,70,9,85,0,14,89,13,116,72,0,72,188
09/25/2007,SAF,NM,ASW,WE,Federal Contract Tower,0,6,24,2,32,0,10,78,5,93,0,16,102,7,125,114,8,122,247
09/26/2007,SAF,NM,ASW,WE,Federal Contract Tower,0,8,26,1,35,0,13,60,18,91,0,21,86,19,126,120,42,162,288
09/27/2007,SAF,NM,ASW,WE,Federal Contract Tower,0,9,19,0,28,0,7,77,7,91,0,16,96,7,119,170,8,178,297
09/28/2007,SAF,NM,ASW,WE,Federal Contract Tower,0,14,34,0,48,0,8,65,5,78,0,22,99,5,126,196,6,202,328
09/29/2007,SAF,NM,ASW,WE,Federal Contract Tower,0,17,14,0,31,0,11,61,1,73,0,28,75,1,104,126,0,126,230
09/30/2007,SAF,NM,ASW,WE,Federal Contract Tower,0,11,36,2,49,0,10,112,3,125,0,21,148,5,174,170,12,182,356
10/01/2007,SAF,NM,ASW,WE,Federal Contract Tower,0,15,24,1,40,0,2,61,3,66,0,17,85,4,106,100,0,100,206
10/02/2007,SAF,NM,ASW,WE,Federal Contract Tower,0,10,16,1,27,0,2,72,7,81,0,12,88,8,108,116,6,122,230
10/03/2007,SAF,NM,ASW,WE,Federal Contract Tower,0,10,35,4,49,0,10,83,5,98,0,20,118,9,147,150,28,178,325
10/04/2007,SAF,NM,ASW,WE,Federal Contract Tower,0,18,40,1,59,0,8,65,2,75,0,26,105,3,134,226,16,242,376
10/05/2007,SAF,NM,ASW,WE,Federal Contract Tower,0,20,31,13,64,0,7,97,2,106,0,27,128,15,170,126,56,182,352
10/06/2007,SAF,NM,ASW,WE,Federal Contract Tower,0,14,22,1,37,0,3,46,11,60,0,17,68,12,97,50,12,62,159
10/07/2007,SAF,NM,ASW,WE,Federal Contract Tower,0,17,39,0,56,0,14,98,0,112,0,31,137,0,168,128,0,128,296
10/08/2007,SAF,NM,ASW,WE,Federal Contract Tower,0,25,42,1,68,0,4,90,6,100,0,29,132,7,168,120,0,120,288
10/09/2007,SAF,NM,ASW,WE,Federal Contract Tower,0,16,35,1,52,0,6,96,5,107,0,22,131,6,159,70,8,78,237
10/10/2007,SAF,NM,ASW,WE,Federal Contract Tower,0,17,22,4,43,0,6,75,3,84,0,23,97,7,127,118,2,120,247
10/11/2007,SAF,NM,ASW,WE,Federal Contract Tower,0,10,28,7,45,0,3,79,12,94,0,13,107,19,139,104,22,126,265
10/12/2007,SAF,NM,ASW,WE,Federal Contract Tower,0,14,28,3,45,0,2,61,6,69,0,16,89,9,114,62,22,84,198
10/13/2007,SAF,NM,ASW,WE,Federal Contract Tower,0,15,22,3,40,0,13,38,9,60,0,28,60,12,100,56,18,74,174
10/14/2007,SAF,NM,ASW,WE,Federal Contract Tower,0,13,35,2,50,0,3,94,9,106,0,16,129,11,156,132,0,132,288
10/15/2007,SAF,NM,ASW,WE,Federal Contract Tower,0,8,27,0,35,0,9,85,4,98,0,17,112,4,133,100,4,104,237
10/16/2007,SAF,NM,ASW,WE,Federal Contract Tower,0,17,18,0,35,0,10,86,7,103,0,27,104,7,138,112,14,126,264
10/17/2007,SAF,NM,ASW,WE,Federal Contract Tower,0,10,27,0,37,0,4,38,1,43,0,14,65,1,80,74,0,74,154
10/18/2007,SAF,NM,ASW,WE,Federal Contract Tower,0,10,27,0,37,0,8,54,4,66,0,18,81,4,103,116,0,116,219
10/19/2007,SAF,NM,ASW,WE,Federal Contract Tower,0,21,34,11,66,0,10,109,7,126,0,31,143,18,192,100,16,116,308
10/20/2007,SAF,NM,ASW,WE,Federal Contract Tower,0,11,21,1,33,0,12,74,4,90,0,23,95,5,123,88,6,94,217
10/21/2007,SAF,NM,ASW,WE,Federal Contract Tower,0,22,31,0,53,0,2,24,1,27,0,24,55,1,80,50,0,50,130
10/22/2007,SAF,NM,ASW,WE,Federal Contract Tower,0,16,25,2,43,0,8,75,1,84,0,24,100,3,127,122,2,124,251
10/23/2007,SAF,NM,ASW,WE,Federal Contract Tower,0,6,22,2,30,0,8,77,2,87,0,14,99,4,117,66,0,66,183
10/24/2007,SAF,NM,ASW,WE,Federal Contract Tower,0,4,21,2,27,0,9,72,6,87,0,13,93,8,114,134,0,134,248
10/25/2007,SAF,NM,ASW,WE,Federal Contract Tower,0,8,21,0,29,0,8,86,3,97,0,16,107,3,126,162,2,164,290
10/26/2007,SAF,NM,ASW,WE,Federal Contract Tower,0,13,24,11,48,0,5,89,3,97,0,18,113,14,145,108,0,108,253
10/27/2007,SAF,NM,ASW,WE,Federal Contract Tower,0,13,20,1,34,0,3,83,1,87,0,16,103,2,121,78,14,92,213
10/28/2007,SAF,NM,ASW,WE,Federal Contract Tower,0,16,26,4,46,0,8,95,1,104,0,24,121,5,150,150,0,150,300
10/29/2007,SAF,NM,ASW,WE,Federal Contract Tower,0,9,23,2,34,0,6,68,1,75,0,15,91,3,109,106,0,106,215
10/30/2007,SAF,NM,ASW,WE,Federal Contract Tower,0,5,20,4,29,0,6,82,0,88,0,11,102,4,117,214,0,214,331
10/31/2007,SAF,NM,ASW,WE,Federal Contract Tower,0,10,16,4,30,0,6,84,5,95,0,16,100,9,125,164,0,164,289
11/01/2007,SAF,NM,ASW,WE,Federal Contract Tower,0,10,33,0,43,0,2,98,9,109,0,12,131,9,152,222,2,224,376
11/02/2007,SAF,NM,ASW,WE,Federal Contract Tower,0,14,23,3,40,0,2,80,1,83,0,16,103,4,123,130,2,132,255
11/03/2007,SAF,NM,ASW,WE,Federal Contract Tower,0,9,24,2,35,0,7,55,9,71,0,16,79,11,106,130,6,136,242
11/04/2007,SAF,NM,ASW,WE,Federal Contract Tower,0,13,37,2,52,0,7,94,2,103,0,20,131,4,155,124,2,126,281
11/05/2007,SAF,NM,ASW,WE,Federal Contract Tower,0,9,12,7,28,0,9,62,0,71,0,18,74,7,99,76,6,82,181
11/06/2007,SAF,NM,ASW,WE,Federal Contract Tower,0,11,22,0,33,0,7,68,0,75,0,18,90,0,108,130,0,130,238
11/07/2007,SAF,NM,ASW,WE,Federal Contract Tower,0,15,26,0,41,0,7,57,0,64,0,22,83,0,105,144,0,144,249
11/08/2007,SAF,NM,ASW,WE,Federal Contract Tower,0,17,30,2,49,0,8,55,2,65,0,25,85,4,114,102,0,102,216
11/09/2007,SAF,NM,ASW,WE,Federal Contract Tower,0,17,24,2,43,0,17,71,3,91,0,34,95,5,134,102,0,102,236
11/10/2007,SAF,NM,ASW,WE,Federal Contract Tower,0,8,24,0,32,0,11,83,5,99,0,19,107,5,131,204,0,204,335
11/11/2007,SAF,NM,ASW,WE,Federal Contract Tower,0,16,35,0,51,0,6,97,5,108,0,22,132,5,159,102,0,102,261
11/12/2007,SAF,NM,ASW,WE,Federal Contract Tower,0,25,27,1,53,0,8,47,1,56,0,33,74,2,109,86,2,88,197
11/13/2007,SAF,NM,ASW,WE,Federal Contract Tower,0,14,17,2,33,0,8,56,1,65,0,22,73,3,98,122,0,122,220
11/14/2007,SAF,NM,ASW,WE,Federal Contract Tower,0,11,14,0,25,0,7,47,10,64,0,18,61,10,89,120,14,134,223
11/15/2007,SAF,NM,ASW,WE,Federal Contract Tower,0,14,24,4,42,0,6,56,5,67,0,20,80,9,109,66,48,114,223
11/16/2007,SAF,NM,ASW,WE,Federal Contract Tower,0,12,40,17,69,0,7,89,12,108,0,19,129,29,177,108,20,128,305
11/17/2007,SAF,NM,ASW,WE,Federal Contract Tower,0,5,21,1,27,0,7,86,10,103,0,12,107,11,130,138,12,150,280
11/18/2007,SAF,NM,ASW,WE,Federal Contract Tower,0,10,14,1,25,0,11,86,3,100,0,21,100,4,125,114,8,122,247
11/19/2007,SAF,NM,ASW,WE,Federal Contract Tower,0,14,15,0,29,0,5,52,2,59,0,19,67,2,88,44,10,54,142
11/20/2007,SAF,NM,ASW,WE,Federal Contract Tower,0,18,14,0,32,0,9,45,14,68,0,27,59,14,100,124,28,152,252
11/21/2007,SAF,NM,ASW,WE,Federal Contract Tower,0,20,33,0,53,0,8,60,5,73,0,28,93,5,126,94,12,106,232
11/22/2007,SAF,NM,ASW,WE,Federal Contract Tower,0,8,10,0,18,0,5,12,0,17,0,13,22,0,35,10,0,10,45
11/23/2007,SAF,NM,ASW,WE,Federal Contract Tower,0,11,11,0,22,0,0,3,0,3,0,11,14,0,25,6,0,6,31
11/24/2007,SAF,NM,ASW,WE,Federal Contract Tower,0,12,22,0,34,0,5,34,0,39,0,17,56,0,73,88,0,88,161
11/25/2007,SAF,NM,ASW,WE,Federal Contract Tower,0,14,38,0,52,0,7,62,0,69,0,21,100,0,121,70,0,70,191
11/26/2007,SAF,NM,ASW,WE,Federal Contract Tower,0,17,28,1,46,0,4,26,10,40,0,21,54,11,86,68,6,74,160
11/27/2007,SAF,NM,ASW,WE,Federal Contract Tower,0,11,15,2,28,0,5,60,2,67,0,16,75,4,95,118,0,118,213
11/28/2007,SAF,NM,ASW,WE,Federal Contract Tower,0,8,17,2,27,0,2,52,7,61,0,10,69,9,88,98,24,122,210
11/29/2007,SAF,NM,ASW,WE,Federal Contract Tower,0,9,21,1,31,0,8,51,6,65,0,17,72,7,96,210,0,210,306
11/30/2007,SAF,NM,ASW,WE,Federal Contract Tower,0,23,26,5,54,0,0,4,2,6,0,23,30,7,60,36,2,38,98
12/01/2007,SAF,NM,ASW,WE,Federal Contract Tower,0,6,23,2,31,0,3,8,6,17,0,9,31,8,48,22,12,34,82
12/02/2007,SAF,NM,ASW,WE,Federal Contract Tower,0,3,17,2,22,0,0,66,0,66,0,3,83,2,88,140,6,146,234
12/03/2007,SAF,NM,ASW,WE,Federal Contract Tower,0,14,30,0,44,0,1,55,2,58,0,15,85,2,102,86,0,86,188
12/04/2007,SAF,NM,ASW,WE,Federal Contract Tower,0,11,22,2,35,0,3,57,4,64,0,14,79,6,99,110,0,110,209
12/05/2007,SAF,NM,ASW,WE,Federal Contract Tower,0,8,24,3,35,0,6,54,14,74,0,14,78,17,109,78,24,102,211
12/06/2007,SAF,NM,ASW,WE,Federal Contract Tower,0,13,28,4,45,0,4,45,5,54,0,17,73,9,99,34,4,38,137
12/07/2007,SAF,NM,ASW,WE,Federal Contract Tower,0,12,23,0,35,0,3,24,6,33,0,15,47,6,68,88,0,88,156
12/08/2007,SAF,NM,ASW,WE,Federal Contract Tower,0,5,10,0,15,0,4,2,1,7,0,9,12,1,22,22,0,22,44
12/09/2007,SAF,NM,ASW,WE,Federal Contract Tower,0,15,21,0,36,0,5,50,1,56,0,20,71,1,92,132,2,134,226
12/10/2007,SAF,NM,ASW,WE,Federal Contract Tower,0,14,11,0,25,0,2,0,0,2,0,16,11,0,27,0,0,0,27
12/11/2007,SAF,NM,ASW,WE,Federal Contract Tower,0,11,21,0,32,0,2,6,0,8,0,13,27,0,40,4,0,4,44
12/12/2007,SAF,NM,ASW,WE,Federal Contract Tower,0,13,13,0,26,0,3,37,0,40,0,16,50,0,66,104,0,104,170
12/13/2007,SAF,NM,ASW,WE,Federal Contract Tower,0,7,24,5,36,0,7,58,12,77,0,14,82,17,113,140,26,166,279
12/14/2007,SAF,NM,ASW,WE,Federal Contract Tower,0,12,32,9,53,0,0,7,0,7,0,12,39,9,60,0,0,0,60
12/15/2007,SAF,NM,ASW,WE,Federal Contract Tower,0,16,22,3,41,0,11,54,0,65,0,27,76,3,106,98,0,98,204
12/16/2007,SAF,NM,ASW,WE,Federal Contract Tower,0,14,16,10,40,0,4,71,4,79,0,18,87,14,119,74,24,98,217
12/17/2007,SAF,NM,ASW,WE,Federal Contract Tower,0,4,22,1,27,0,2,64,1,67,0,6,86,2,94,154,0,154,248
12/18/2007,SAF,NM,ASW,WE,Federal Contract Tower,0,10,22,4,36,0,0,72,9,81,0,10,94,13,117,176,20,196,313
12/19/2007,SAF,NM,ASW,WE,Federal Contract Tower,0,11,18,0,29,0,5,45,18,68,0,16,63,18,97,44,56,100,197
12/20/2007,SAF,NM,ASW,WE,Federal Contract Tower,0,7,18,0,25,0,10,62,1,73,0,17,80,1,98,144,0,144,242
12/21/2007,SAF,NM,ASW,WE,Federal Contract Tower,0,11,30,0,41,0,2,13,2,17,0,13,43,2,58,22,16,38,96
12/22/2007,SAF,NM,ASW,WE,Federal Contract Tower,0,17,23,0,40,0,5,27,1,33,0,22,50,1,73,110,0,110,183
12/23/2007,SAF,NM,ASW,WE,Federal Contract Tower,0,14,21,0,35,0,0,51,0,51,0,14,72,0,86,46,0,46,132
12/24/2007,SAF,NM,ASW,WE,Federal Contract Tower,0,4,14,0,18,0,2,55,0,57,0,6,69,0,75,82,0,82,157
12/25/2007,SAF,NM,ASW,WE,Federal Contract Tower,0,10,3,0,13,0,7,22,0,29,0,17,25,0,42,70,0,70,112
12/26/2007,SAF,NM,ASW,WE,Federal Contract Tower,0,18,40,0,58,0,3,56,0,59,0,21,96,0,117,70,0,70,187
12/27/2007,SAF,NM,ASW,WE,Federal Contract Tower,0,25,28,3,56,0,5,15,2,22,0,30,43,5,78,8,18,26,104
12/28/2007,SAF,NM,ASW,WE,Federal Contract Tower,0,19,29,0,48,0,7,49,4,60,0,26,78,4,108,62,0,62,170
12/29/2007,SAF,NM,ASW,WE,Federal Contract Tower,0,11,19,0,30,0,5,44,0,49,0,16,63,0,79,48,0,48,127
12/30/2007,SAF,NM,ASW,WE,Federal Contract Tower,0,15,22,0,37,0,7,67,1,75,0,22,89,1,112,94,0,94,206
12/31/2007,SAF,NM,ASW,WE,Federal Contract Tower,0,10,19,0,29,0,10,34,3,47,0,20,53,3,76,64,0,64,140
01/01/2008,SAF,NM,ASW,WE,Federal Contract Tower,0,13,19,0,32,0,13,35,0,48,0,26,54,0,80,48,0,48,128
01/02/2008,SAF,NM,ASW,WE,Federal Contract Tower,0,22,27,2,51,0,5,38,3,46,0,27,65,5,97,20,4,24,121
01/03/2008,SAF,NM,ASW,WE,Federal Contract Tower,0,10,12,2,24,0,2,72,4,78,0,12,84,6,102,146,16,162,264
01/04/2008,SAF,NM,ASW,WE,Federal Contract Tower,0,7,13,2,22,0,0,42,7,49,0,7,55,9,71,154,18,172,243
01/05/2008,SAF,NM,ASW,WE,Federal Contract Tower,0,12,17,0,29,0,1,45,4,50,0,13,62,4,79,118,12,130,209
01/06/2008,SAF,NM,ASW,WE,Federal Contract Tower,0,6,11,0,17,0,4,3,7,14,0,10,14,7,31,24,0,24,55
01/07/2008,SAF,NM,ASW,WE,Federal Contract Tower,0,5,4,0,9,0,0,0,0,0,0,5,4,0,9,0,0,0,9
01/08/2008,SAF,NM,ASW,WE,Federal Contract Tower,0,8,10,0,18,0,1,62,18,81,0,9,72,18,99,138,46,184,283
01/09/2008,SAF,NM,ASW,WE,Federal Contract Tower,0,13,20,2,35,0,4,35,7,46,0,17,55,9,81,108,2,110,191
01/10/2008,SAF,NM,ASW,WE,Federal Contract Tower,0,9,16,4,29,0,6,39,12,57,0,15,55,16,86,132,36,168,254
01/11/2008,SAF,NM,ASW,WE,Federal Contract Tower,0,4,12,3,19,0,2,68,10,80,0,6,80,13,99,118,4,122,221
01/12/2008,SAF,NM,ASW,WE,Federal Contract Tower,0,4,5,3,12,0,8,71,2,81,0,12,76,5,93,156,14,170,263
01/13/2008,SAF,NM,ASW,WE,Federal Contract Tower,0,11,14,6,31,0,1,62,1,64,0,12,76,7,95,136,0,136,231
01/14/2008,SAF,NM,ASW,WE,Federal Contract Tower,0,8,19,2,29,0,6,45,2,53,0,14,64,4,82,50,6,56,138
01/15/2008,SAF,NM,ASW,WE,Federal Contract Tower,0,5,23,1,29,0,4,44,2,50,0,9,67,3,79,56,12,68,147
01/16/2008,SAF,NM,ASW,WE,Federal Contract Tower,0,3,20,1,24,0,4,33,12,49,0,7,53,13,73,48,34,82,155
01/17/2008,SAF,NM,ASW,WE,Federal Contract Tower,0,12,21,8,41,0,2,44,5,51,0,14,65,13,92,68,82,150,242
01/18/2008,SAF,NM,ASW,WE,Federal Contract Tower,0,12,20,8,40,0,3,73,7,83,0,15,93,15,123,108,18,126,249
01/19/2008,SAF,NM,ASW,WE,Federal Contract Tower,0,2,14,6,22,0,7,50,0,57,0,9,64,6,79,86,0,86,165
01/20/2008,SAF,NM,ASW,WE,Federal Contract Tower,0,4,9,3,16,0,5,54,2,61,0,9,63,5,77,74,0,74,151
01/21/2008,SAF,NM,ASW,WE,Federal Contract Tower,0,4,28,0,32,0,1,47,0,48,0,5,75,0,80,68,0,68,148
01/22/2008,SAF,NM,ASW,WE,Federal Contract Tower,0,1,11,4,16,0,5,51,13,69,0,6,62,17,85,132,12,144,229
01/23/2008,SAF,NM,ASW,WE,Federal Contract Tower,0,11,14,3,28,0,13,81,5,99,0,24,95,8,127,190,12,202,329
01/24/2008,SAF,NM,ASW,WE,Federal Contract Tower,0,6,18,2,26,0,2,22,3,27,0,8,40,5,53,62,10,72,125
01/25/2008,SAF,NM,ASW,WE,Federal Contract Tower,0,8,26,8,42,0,0,37,10,47,0,8,63,18,89,108,6,114,203
01/26/2008,SAF,NM,ASW,WE,Federal Contract Tower,0,4,17,8,29,0,3,66,2,71,0,7,83,10,100,170,2,172,272
01/27/2008,SAF,NM,ASW,WE,Federal Contract Tower,0,7,24,2,33,0,4,21,0,25,0,11,45,2,58,68,0,68,126
01/28/2008,SAF,NM,ASW,WE,Federal Contract Tower,0,7,12,0,19,0,6,12,0,18,0,13,24,0,37,30,0,30,67
01/29/2008,SAF,NM,ASW,WE,Federal Contract Tower,0,5,22,3,30,0,8,41,6,55,0,13,63,9,85,108,8,116,201
01/30/2008,SAF,NM,ASW,WE,Federal Contract Tower,0,3,22,0,25,0,2,7,0,9,0,5,29,0,34,4,0,4,38
01/31/2008,SAF,NM,ASW,WE,Federal Contract Tower,0,7,24,2,33,0,1,51,4,56,0,8,75,6,89,84,12,96,185
02/01/2008,SAF,NM,ASW,WE,Federal Contract Tower,0,2,34,3,39,0,0,55,5,60,0,2,89,8,99,160,12,172,271
02/02/2008,SAF,NM,ASW,WE,Federal Contract Tower,0,6,15,0,21,0,2,57,2,61,0,8,72,2,82,90,0,90,172
02/03/2008,SAF,NM,ASW,WE,Federal Contract Tower,0,7,18,0,25,0,0,10,0,10,0,7,28,0,35,26,0,26,61
02/04/2008,SAF,NM,ASW,WE,Federal Contract Tower,0,7,20,2,29,0,0,4,0,4,0,7,24,2,33,10,0,10,43
02/05/2008,SAF,NM,ASW,WE,Federal Contract Tower,0,0,23,2,25,0,4,11,7,22,0,4,34,9,47,4,0,4,51
02/06/2008,SAF,NM,ASW,WE,Federal Contract Tower,0,6,18,4,28,0,5,53,7,65,0,11,71,11,93,134,8,142,235
02/07/2008,SAF,NM,ASW,WE,Federal Contract Tower,0,5,20,1,26,0,4,53,6,63,0,9,73,7,89,204,4,208,297
02/08/2008,SAF,NM,ASW,WE,Federal Contract Tower,0,4,16,2,22,0,3,67,2,72,0,7,83,4,94,164,0,164,258
02/09/2008,SAF,NM,ASW,WE,Federal Contract Tower,0,7,18,1,26,0,5,86,6,97,0,12,104,7,123,162,0,162,285
02/10/2008,SAF,NM,ASW,WE,Federal Contract Tower,0,9,28,2,39,0,7,92,10,109,0,16,120,12,148,148,18,166,314
02/11/2008,SAF,NM,ASW,WE,Federal Contract Tower,0,10,24,0,34,0,10,46,0,56,0,20,70,0,90,150,0,150,240
02/12/2008,SAF,NM,ASW,WE,Federal Contract Tower,0,11,28,0,39,0,8,68,11,87,0,19,96,11,126,122,6,128,254
02/13/2008,SAF,NM,ASW,WE,Federal Contract Tower,0,10,21,0,31,0,3,65,8,76,0,13,86,8,107,140,4,144,251
02/14/2008,SAF,NM,ASW,WE,Federal Contract Tower,0,9,22,0,31,0,2,33,4,39,0,11,55,4,70,30,2,32,102
02/15/2008,SAF,NM,ASW,WE,Federal Contract Tower,0,13,18,2,33,0,5,32,4,41,0,18,50,6,74,60,14,74,148
02/16/2008,SAF,NM,ASW,WE,Federal Contract Tower,0,3,16,10,29,0,2,40,4,46,0,5,56,14,75,98,40,138,213
02/17/2008,SAF,NM,ASW,WE,Federal Contract Tower,0,8,17,7,32,0,6,49,8,63,0,14,66,15,95,98,26,124,219
02/18/2008,SAF,NM,ASW,WE,Federal Contract Tower,0,10,22,3,35,0,2,83,3,88,0,12,105,6,123,124,0,124,247
02/19/2008,SAF,NM,ASW,WE,Federal Contract Tower,0,6,11,2,19,0,6,86,13,105,0,12,97,15,124,124,46,170,294
02/20/2008,SAF,NM,ASW,WE,Federal Contract Tower,0,8,18,1,27,0,2,52,6,60,0,10,70,7,87,102,20,122,209
02/21/2008,SAF,NM,ASW,WE,Federal Contract Tower,0,3,27,3,33,0,1,14,3,18,0,4,41,6,51,90,0,90,141
02/22/2008,SAF,NM,ASW,WE,Federal Contract Tower,0,11,19,6,36,0,1,37,2,40,0,12,56,8,76,46,2,48,124
02/23/2008,SAF,NM,ASW,WE,Federal Contract Tower,0,9,17,1,27,0,2,16,1,19,0,11,33,2,46,60,0,60,106
02/24/2008,SAF,NM,ASW,WE,Federal Contract Tower,0,7,22,4,33,0,3,46,1,50,0,10,68,5,83,42,0,42,125
02/25/2008,SAF,NM,ASW,WE,Federal Contract Tower,0,2,23,1,26,0,6,33,5,44,0,8,56,6,70,88,4,92,162
02/26/2008,SAF,NM,ASW,WE,Federal Contract Tower,0,1,22,2,25,0,7,62,9,78,0,8,84,11,103,156,0,156,259
02/27/2008,SAF,NM,ASW,WE,Federal Contract Tower,0,4,12,2,18,0,5,59,12,76,0,9,71,14,94,98,12,110,204
02/28/2008,SAF,NM,ASW,WE,Federal Contract Tower,0,6,15,4,25,0,1,51,8,60,0,7,66,12,85,70,14,84,169
02/29/2008,SAF,NM,ASW,WE,Federal Contract Tower,0,7,13,4,24,0,4,83,14,101,0,11,96,18,125,166,4,170,295
03/01/2008,SAF,NM,ASW,WE,Federal Contract Tower,0,2,20,3,25,0,2,92,11,105,0,4,112,14,130,252,8,260,390
03/02/2008,SAF,NM,ASW,WE,Federal Contract Tower,0,16,29,2,47,0,2,28,3,33,0,18,57,5,80,86,2,88,168
03/03/2008,SAF,NM,ASW,WE,Federal Contract Tower,0,3,19,2,24,0,7,39,10,56,0,10,58,12,80,126,2,128,208
03/04/2008,SAF,NM,ASW,WE,Federal Contract Tower,0,4,10,2,16,0,0,80,6,86,0,4,90,8,102,180,0,180,282
03/05/2008,SAF,NM,ASW,WE,Federal Contract Tower,0,5,10,4,19,0,0,55,4,59,0,5,65,8,78,122,10,132,210
03/06/2008,SAF,NM,ASW,WE,Federal Contract Tower,0,6,14,0,20,0,3,6,4,13,0,9,20,4,33,26,12,38,71
03/07/2008,SAF,NM,ASW,WE,Federal Contract Tower,0,14,11,5,30,0,2,59,12,73,0,16,70,17,103,68,6,74,177
03/08/2008,SAF,NM,ASW,WE,Federal Contract Tower,0,5,7,0,12,0,7,72,1,80,0,12,79,1,92,128,0,128,220
03/09/2008,SAF,NM,ASW,WE,Federal Contract Tower,0,11,8,2,21,0,5,28,2,35,0,16,36,4,56,86,6,92,148
03/10/2008,SAF,NM,ASW,WE,Federal Contract Tower,0,10,22,0,32,0,4,46,6,56,0,14,68,6,88,120,0,120,208
03/11/2008,SAF,NM,ASW,WE,Federal Contract Tower,0,8,13,5,26,0,6,60,4,70,0,14,73,9,96,176,6,182,278
03/12/2008,SAF,NM,ASW,WE,Federal Contract Tower,0,9,14,5,28,0,5,55,9,69,0,14,69,14,97,82,0,82,179
03/13/2008,SAF,NM,ASW,WE,Federal Contract Tower,0,6,20,2,28,0,2,63,3,68,0,8,83,5,96,152,2,154,250
03/14/2008,SAF,NM,ASW,WE,Federal Contract Tower,0,6,26,0,32,0,2,31,0,33,0,8,57,0,65,44,0,44,109
03/15/2008,SAF,NM,ASW,WE,Federal Contract Tower,0,4,27,2,33,0,2,78,1,81,0,6,105,3,114,96,0,96,210
03/16/2008,SAF,NM,ASW,WE,Federal Contract Tower,0,6,25,0,31,0,3,32,1,36,0,9,57,1,67,36,0,36,103
03/17/2008,SAF,NM,ASW,WE,Federal Contract Tower,0,11,23,2,36,0,18,38,2,58,0,29,61,4,94,150,0,150,244
03/18/2008,SAF,NM,ASW,WE,Federal Contract Tower,0,2,28,2,32,0,2,69,8,79,0,4,97,10,111,258,38,296,407
03/19/2008,SAF,NM,ASW,WE,Federal Contract Tower,0,4,19,2,25,0,8,82,1,91,0,12,101,3,116,150,0,150,266
03/20/2008,SAF,NM,ASW,WE,Federal Contract Tower,0,10,21,0,31,0,3,48,7,58,0,13,69,7,89,72,2,74,163
03/21/2008,SAF,NM,ASW,WE,Federal Contract Tower,0,5,27,0,32,0,8,96,7,111,0,13,123,7,143,134,10,144,287
03/22/2008,SAF,NM,ASW,WE,Federal Contract Tower,0,6,16,0,22,0,2,102,0,104,0,8,118,0,126,144,0,144,270
03/23/2008,SAF,NM,ASW,WE,Federal Contract Tower,0,6,16,0,22,0,1,36,0,37,0,7,52,0,59,150,0,150,209
03/24/2008,SAF,NM,ASW,WE,Federal Contract Tower,0,7,14,4,25,0,5,75,3,83,0,12,89,7,108,164,2,166,274
03/25/2008,SAF,NM,ASW,WE,Federal Contract Tower,0,1,9,1,11,0,2,54,13,69,0,3,63,14,80,138,24,162,242
03/26/2008,SAF,NM,ASW,WE,Federal Contract Tower,0,8,16,1,25,0,2,40,5,47,0,10,56,6,72,76,0,76,148
03/27/2008,SAF,NM,ASW,WE,Federal Contract Tower,0,6,17,1,24,0,5,45,10,60,0,11,62,11,84,80,36,116,200
03/28/2008,SAF,NM,ASW,WE,Federal Contract Tower,0,10,16,12,38,0,3,64,9,76,0,13,80,21,114,86,24,110,224
03/29/2008,SAF,NM,ASW,WE,Federal Contract Tower,0,4,23,6,33,0,0,93,11,104,0,4,116,17,137,146,48,194,331
03/30/2008,SAF,NM,ASW,WE,Federal Contract Tower,0,9,28,9,46,0,5,65,3,73,0,14,93,12,119,178,0,178,297
03/31/2008,SAF,NM,ASW,WE,Federal Contract Tower,0,8,22,1,31,0,5,32,0,37,0,13,54,1,68,134,0,134,202
04/01/2008,SAF,NM,ASW,WE,Federal Contract Tower,0,4,14,2,20,0,9,65,5,79,0,13,79,7,99,98,14,112,211
04/02/2008,SAF,NM,ASW,WE,Federal Contract Tower,0,7,10,5,22,0,5,46,5,56,0,12,56,10,78,96,12,108,186
04/03/2008,SAF,NM,ASW,WE,Federal Contract Tower,0,5,20,2,27,0,6,54,4,64,0,11,74,6,91,136,6,142,233
04/04/2008,SAF,NM,ASW,WE,Federal Contract Tower,0,14,22,4,40,0,10,83,3,96,0,24,105,7,136,184,8,192,328
04/05/2008,SAF,NM,ASW,WE,Federal Contract Tower,0,8,12,2,22,0,3,76,10,89,0,11,88,12,111,96,34,130,241
04/06/2008,SAF,NM,ASW,WE,Federal Contract Tower,0,11,17,7,35,0,2,55,8,65,0,13,72,15,100,110,8,118,218
04/07/2008,SAF,NM,ASW,WE,Federal Contract Tower,0,1,32,2,35,0,4,33,0,37,0,5,65,2,72,98,0,98,170
04/08/2008,SAF,NM,ASW,WE,Federal Contract Tower,0,6,22,4,32,0,14,70,1,85,0,20,92,5,117,146,0,146,263
04/09/2008,SAF,NM,ASW,WE,Federal Contract Tower,0,8,31,0,39,0,6,19,0,25,0,14,50,0,64,40,0,40,104
04/10/2008,SAF,NM,ASW,WE,Federal Contract Tower,0,4,18,0,22,0,4,22,1,27,0,8,40,1,49,48,4,52,101
04/11/2008,SAF,NM,ASW,WE,Federal Contract Tower,0,10,23,2,35,0,5,26,5,36,0,15,49,7,71,90,0,90,161
04/12/2008,SAF,NM,ASW,WE,Federal Contract Tower,0,0,10,1,11,0,0,42,3,45,0,0,52,4,56,106,0,106,162
04/13/2008,SAF,NM,ASW,WE,Federal Contract Tower,0,6,28,3,37,0,4,79,7,90,0,10,107,10,127,182,6,188,315
04/14/2008,SAF,NM,ASW,WE,Federal Contract Tower,0,10,17,2,29,0,7,50,4,61,0,17,67,6,90,100,6,106,196
04/15/2008,SAF,NM,ASW,WE,Federal Contract Tower,0,10,21,3,34,0,6,37,7,50,0,16,58,10,84,104,6,110,194
04/16/2008,SAF,NM,ASW,WE,Federal Contract Tower,0,4,21,0,25,0,0,52,12,64,0,4,73,12,89,92,0,92,181
04/17/2008,SAF,NM,ASW,WE,Federal Contract Tower,0,10,22,4,36,0,6,5,4,15,0,16,27,8,51,36,0,36,87
04/18/2008,SAF,NM,ASW,WE,Federal Contract Tower,0,17,15,2,34,0,0,85,6,91,0,17,100,8,125,226,4,230,355
04/19/2008,SAF,NM,ASW,WE,Federal Contract Tower,0,6,15,2,23,0,2,57,1,60,0,8,72,3,83,96,2,98,181
04/20/2008,SAF,NM,ASW,WE,Federal Contract Tower,0,4,27,0,31,0,3,46,0,49,0,7,73,0,80,56,0,56,136
04/21/2008,SAF,NM,ASW,WE,Federal Contract Tower,0,10,23,1,34,0,8,61,0,69,0,18,84,1,103,148,0,148,251
04/22/2008,SAF,NM,ASW,WE,Federal Contract Tower,0,9,18,4,31,0,4,68,7,79,0,13,86,11,110,156,8,164,274
04/23/2008,SAF,NM,ASW,WE,Federal Contract Tower,0,4,22,2,28,0,4,47,4,55,0,8,69,6,83,92,6,98,181
04/24/2008,SAF,NM,ASW,WE,Federal Contract Tower,0,4,34,4,42,0,0,51,13,64,0,4,85,17,106,42,8,50,156
04/25/2008,SAF,NM,ASW,WE,Federal Contract Tower,0,8,25,0,33,0,8,65,11,84,0,16,90,11,117,176,2,178,295
04/26/2008,SAF,NM,ASW,WE,Federal Contract Tower,0,3,22,14,39,0,2,59,7,68,0,5,81,21,107,102,26,128,235
04/27/2008,SAF,NM,ASW,WE,Federal Contract Tower,0,4,39,0,43,0,6,69,0,75,0,10,108,0,118,90,0,90,208
04/28/2008,SAF,NM,ASW,WE,Federal Contract Tower,0,4,13,2,19,0,7,60,15,82,0,11,73,17,101,168,14,182,283
04/29/2008,SAF,NM,ASW,WE,Federal Contract Tower,0,12,9,1,22,0,3,62,1,66,0,15,71,2,88,114,0,114,202
04/30/2008,SAF,NM,ASW,WE,Federal Contract Tower,0,12,20,4,36,0,0,45,4,49,0,12,65,8,85,56,6,62,147
05/01/2008,SAF,NM,ASW,WE,Federal Contract Tower,0,8,13,0,21,0,4,18,3,25,0,12,31,3,46,8,0,8,54
05/02/2008,SAF,NM,ASW,WE,Federal Contract Tower,0,8,18,6,32,0,4,72,9,85,0,12,90,15,117,100,6,106,223
05/03/2008,SAF,NM,ASW,WE,Federal Contract Tower,0,4,27,5,36,0,10,65,8,83,0,14,92,13,119,108,8,116,235
05/04/2008,SAF,NM,ASW,WE,Federal Contract Tower,0,7,24,4,35,0,2,92,3,97,0,9,116,7,132,128,2,130,262
05/05/2008,SAF,NM,ASW,WE,Federal Contract Tower,0,12,16,0,28,0,3,45,4,52,0,15,61,4,80,90,0,90,170
05/06/2008,SAF,NM,ASW,WE,Federal Contract Tower,0,1,13,2,16,0,4,60,8,72,0,5,73,10,88,120,10,130,218
05/07/2008,SAF,NM,ASW,WE,Federal Contract Tower,0,1,23,2,26,0,10,34,0,44,0,11,57,2,70,54,2,56,126
05/08/2008,SAF,NM,ASW,WE,Federal Contract Tower,0,11,18,1,30,0,3,46,1,50,0,14,64,2,80,132,14,146,226
05/09/2008,SAF,NM,ASW,WE,Federal Contract Tower,0,15,27,0,42,0,2,86,5,93,0,17,113,5,135,196,4,200,335
05/10/2008,SAF,NM,ASW,WE,Federal Contract Tower,0,10,7,7,24,0,4,36,1,41,0,14,43,8,65,64,42,106,171
05/11/2008,SAF,NM,ASW,WE,Federal Contract Tower,0,9,16,0,25,0,4,61,10,75,0,13,77,10,100,58,0,58,158
05/12/2008,SAF,NM,ASW,WE,Federal Contract Tower,0,8,35,3,46,0,3,43,12,58,0,11,78,15,104,76,10,86,190
05/13/2008,SAF,NM,ASW,WE,Federal Contract Tower,0,7,10,1,18,0,2,40,6,48,0,9,50,7,66,104,2,106,172
05/14/2008,SAF,NM,ASW,WE,Federal Contract Tower,0,10,26,0,36,0,1,31,5,37,0,11,57,5,73,44,2,46,119
05/15/2008,SAF,NM,ASW,WE,Federal Contract Tower,0,13,21,0,34,0,3,4,2,9,0,16,25,2,43,12,0,12,55
05/16/2008,SAF,NM,ASW,WE,Federal Contract Tower,0,10,47,3,60,0,5,70,15,90,0,15,117,18,150,90,12,102,252
05/17/2008,SAF,NM,ASW,WE,Federal Contract Tower,0,4,16,0,20,0,4,96,19,119,0,8,112,19,139,120,2,122,261
05/18/2008,SAF,NM,ASW,WE,Federal Contract Tower,0,18,25,0,43,0,6,68,3,77,0,24,93,3,120,108,0,108,228
05/19/2008,SAF,NM,ASW,WE,Federal Contract Tower,0,10,30,4,44,0,6,63,4,73,0,16,93,8,117,90,6,96,213
05/20/2008,SAF,NM,ASW,WE,Federal Contract Tower,0,17,16,2,35,0,5,80,6,91,0,22,96,8,126,116,2,118,244
05/21/2008,SAF,NM,ASW,WE,Federal Contract Tower,0,18,26,1,45,0,2,45,2,49,0,20,71,3,94,68,2,70,164
05/22/2008,SAF,NM,ASW,WE,Federal Contract Tower,0,16,30,3,49,0,1,22,0,23,0,17,52,3,72,18,0,18,90
05/23/2008,SAF,NM,ASW,WE,Federal Contract Tower,0,16,23,3,42,0,2,10,1,13,0,18,33,4,55,22,0,22,77
05/24/2008,SAF,NM,ASW,WE,Federal Contract Tower,0,5,18,4,27,0,6,53,0,59,0,11,71,4,86,110,18,128,214
05/25/2008,SAF,NM,ASW,WE,Federal Contract Tower,0,9,20,1,30,0,6,66,3,75,0,15,86,4,105,150,0,150,255
05/26/2008,SAF,NM,ASW,WE,Federal Contract Tower,0,13,31,0,44,0,3,80,0,83,0,16,111,0,127,92,0,92,219
05/27/2008,SAF,NM,ASW,WE,Federal Contract Tower,0,11,30,3,44,0,4,70,17,91,0,15,100,20,135,144,8,152,287
05/28/2008,SAF,NM,ASW,WE,Federal Contract Tower,0,12,26,0,38,0,7,27,2,36,0,19,53,2,74,38,0,38,112
05/29/2008,SAF,NM,ASW,WE,Federal Contract Tower,0,9,29,0,38,0,6,47,4,57,0,15,76,4,95,138,4,142,237
05/30/2008,SAF,NM,ASW,WE,Federal Contract Tower,0,10,29,3,42,0,2,65,3,70,0,12,94,6,112,120,12,132,244
05/31/2008,SAF,NM,ASW,WE,Federal Contract Tower,0,3,8,3,14,0,6,73,4,83,0,9,81,7,97,98,16,114,211
06/01/2008,SAF,NM,ASW,WE,Federal Contract Tower,0,10,27,0,37,0,10,73,0,83,0,20,100,0,120,110,0,110,230
06/02/2008,SAF,NM,ASW,WE,Federal Contract Tower,0,9,22,1,32,0,13,54,0,67,0,22,76,1,99,30,0,30,129
06/03/2008,SAF,NM,ASW,WE,Federal Contract Tower,0,8,19,0,27,0,4,64,3,71,0,12,83,3,98,82,4,86,184
06/04/2008,SAF,NM,ASW,WE,Federal Contract Tower,0,4,20,0,24,0,4,41,8,53,0,8,61,8,77,92,20,112,189
06/05/2008,SAF,NM,ASW,WE,Federal Contract Tower,1,4,26,0,31,0,2,27,2,31,1,6,53,2,62,56,4,60,122
06/06/2008,SAF,NM,ASW,WE,Federal Contract Tower,0,3,39,5,47,0,3,71,9,83,0,6,110,14,130,132,8,140,270
06/07/2008,SAF,NM,ASW,WE,Federal Contract Tower,0,3,11,1,15,0,4,73,12,89,0,7,84,13,104,46,18,64,168
06/08/2008,SAF,NM,ASW,WE,Federal Contract Tower,0,8,18,6,32,0,3,67,9,79,0,11,85,15,111,56,12,68,179
06/09/2008,SAF,NM,ASW,WE,Federal Contract Tower,0,3,24,0,27,0,15,65,2,82,0,18,89,2,109,98,0,98,207
06/10/2008,SAF,NM,ASW,WE,Federal Contract Tower,0,8,19,2,29,0,6,63,0,69,0,14,82,2,98,128,0,128,226
06/11/2008,SAF,NM,ASW,WE,Federal Contract Tower,0,9,17,3,29,0,1,44,3,48,0,10,61,6,77,58,0,58,135
06/12/2008,SAF,NM,ASW,WE,Federal Contract Tower,0,21,34,1,56,0,3,65,5,73,0,24,99,6,129,120,20,140,269
06/13/2008,SAF,NM,ASW,WE,Federal Contract Tower,0,6,30,0,36,0,5,112,2,119,0,11,142,2,155,116,0,116,271
06/14/2008,SAF,NM,ASW,WE,Federal Contract Tower,0,9,20,1,30,0,7,90,1,98,0,16,110,2,128,82,0,82,210
06/15/2008,SAF,NM,ASW,WE,Federal Contract Tower,0,11,22,0,33,0,1,71,2,74,0,12,93,2,107,76,0,76,183
06/16/2008,SAF,NM,ASW,WE,Federal Contract Tower,0,17,19,1,37,0,6,84,2,92,0,23,103,3,129,104,4,108,237
06/17/2008,SAF,NM,ASW,WE,Federal Contract Tower,0,7,17,0,24,0,2,43,3,48,0,9,60,3,72,116,0,116,188
06/18/2008,SAF,NM,ASW,WE,Federal Contract Tower,0,11,22,0,33,0,0,63,16,79,0,11,85,16,112,26,36,62,174
06/19/2008,SAF,NM,ASW,WE,Federal Contract Tower,0,16,36,0,52,0,6,60,12,78,0,22,96,12,130,88,16,104,234
06/20/2008,SAF,NM,ASW,WE,Federal Contract Tower,0,15,24,1,40,0,3,47,21,71,0,18,71,22,111,68,32,100,211
06/21/2008,SAF,NM,ASW,WE,Federal Contract Tower,0,9,20,0,29,0,3,59,0,62,0,12,79,0,91,72,0,72,163
06/22/2008,SAF,NM,ASW,WE,Federal Contract Tower,0,20,33,0,53,0,5,70,0,75,0,25,103,0,128,110,0,110,238
06/23/2008,SAF,NM,ASW,WE,Federal Contract Tower,0,11,15,7,33,0,3,67,1,71,0,14,82,8,104,72,4,76,180
06/24/2008,SAF,NM,ASW,WE,Federal Contract Tower,0,8,37,0,45,0,4,73,8,85,0,12,110,8,130,126,4,130,260
06/25/2008,SAF,NM,ASW,WE,Federal Contract Tower,0,7,14,5,26,0,5,60,5,70,0,12,74,10,96,92,4,96,192
06/26/2008,SAF,NM,ASW,WE,Federal Contract Tower,0,6,25,5,36,0,4,58,12,74,0,10,83,17,110,90,26,116,226
06/27/2008,SAF,NM,ASW,WE,Federal Contract Tower,0,8,25,0,33,0,15,89,10,114,0,23,114,10,147,66,2,68,215
06/28/2008,SAF,NM,ASW,WE,Federal Contract Tower,2,10,17,5,34,2,14,92,11,119,4,24,109,16,153,84,6,90,243
06/29/2008,SAF,NM,ASW,WE,Federal Contract Tower,0,12,32,4,48,0,18,90,6,114,0,30,122,10,162,120,0,120,282
06/30/2008,SAF,NM,ASW,WE,Federal Contract Tower,0,10,30,4,44,0,11,93,6,110,0,21,123,10,154,104,4,108,262
07/01/2008,SAF,NM,ASW,WE,Federal Contract Tower,0,18,16,1,35,0,8,39,6,53,0,26,55,7,88,82,0,82,170
07/02/2008,SAF,NM,ASW,WE,Federal Contract Tower,0,6,27,0,33,0,5,72,6,83,0,11,99,6,116,106,2,108,224
07/03/2008,SAF,NM,ASW,WE,Federal Contract Tower,0,10,29,2,41,0,2,54,1,57,0,12,83,3,98,62,0,62,160
07/04/2008,SAF,NM,ASW,WE,Federal Contract Tower,0,0,10,0,10,0,4,53,9,66,0,4,63,9,76,80,18,98,174
07/05/2008,SAF,NM,ASW,WE,Federal Contract Tower,0,4,15,0,19,0,8,47,0,55,0,12,62,0,74,68,0,68,142
07/06/2008,SAF,NM,ASW,WE,Federal Contract Tower,0,11,25,0,36,0,2,70,2,74,0,13,95,2,110,62,0,62,172
07/07/2008,SAF,NM,ASW,WE,Federal Contract Tower,0,7,26,1,34,0,2,75,4,81,0,9,101,5,115,132,6,138,253
07/08/2008,SAF,NM,ASW,WE,Federal Contract Tower,0,8,14,1,23,0,1,41,8,50,0,9,55,9,73,122,0,122,195
07/09/2008,SAF,NM,ASW,WE,Federal Contract Tower,2,13,25,2,42,0,13,38,3,54,2,26,63,5,96,38,0,38,134
07/10/2008,SAF,NM,ASW,WE,Federal Contract Tower,0,6,27,4,37,0,5,55,8,68,0,11,82,12,105,98,0,98,203
07/11/2008,SAF,NM,ASW,WE,Federal Contract Tower,0,11,26,2,39,0,0,51,3,54,0,11,77,5,93,70,0,70,163
07/12/2008,SAF,NM,ASW,WE,Federal Contract Tower,0,3,17,0,20,0,4,66,5,75,0,7,83,5,95,130,2,132,227
07/13/2008,SAF,NM,ASW,WE,Federal Contract Tower,0,11,24,1,36,0,3,75,10,88,0,14,99,11,124,110,16,126,250
07/14/2008,SAF,NM,ASW,WE,Federal Contract Tower,0,9,24,1,34,0,5,75,5,85,0,14,99,6,119,70,0,70,189
07/15/2008,SAF,NM,ASW,WE,Federal Contract Tower,0,12,31,1,44,0,3,75,14,92,0,15,106,15,136,116,10,126,262
07/16/2008,SAF,NM,ASW,WE,Federal Contract Tower,0,9,25,2,36,0,4,91,22,117,0,13,116,24,153,164,24,188,341
07/17/2008,SAF,NM,ASW,WE,Federal Contract Tower,0,16,28,2,46,0,3,72,7,82,0,19,100,9,128,148,10,158,286
07/18/2008,SAF,NM,ASW,WE,Federal Contract Tower,0,5,45,9,59,0,3,61,7,71,0,8,106,16,130,142,26,168,298
07/19/2008,SAF,NM,ASW,WE,Federal Contract Tower,0,15,17,3,35,0,6,74,1,81,0,21,91,4,116,84,0,84,200
07/20/2008,SAF,NM,ASW,WE,Federal Contract Tower,0,16,35,2,53,0,10,80,4,94,0,26,115,6,147,178,12,190,337
07/21/2008,SAF,NM,ASW,WE,Federal Contract Tower,0,16,28,0,44,0,5,48,4,57,0,21,76,4,101,74,0,74,175
07/22/2008,SAF,NM,ASW,WE,Federal Contract Tower,0,14,19,1,34,0,8,51,10,69,0,22,70,11,103,80,2,82,185
07/23/2008,SAF,NM,ASW,WE,Federal Contract Tower,0,11,15,5,31,0,1,50,10,61,0,12,65,15,92,50,22,72,164
07/24/2008,SAF,NM,ASW,WE,Federal Contract Tower,0,5,30,2,37,0,0,61,11,72,0,5,91,13,109,124,8,132,241
07/25/2008,SAF,NM,ASW,WE,Federal Contract Tower,0,15,29,5,49,0,9,65,3,77,0,24,94,8,126,96,4,100,226
07/26/2008,SAF,NM,ASW,WE,Federal Contract Tower,0,12,24,0,36,0,10,47,0,57,0,22,71,0,93,104,0,104,197
07/27/2008,SAF,NM,ASW,WE,Federal Contract Tower,0,14,44,5,63,0,7,63,3,73,0,21,107,8,136,90,10,100,236
07/28/2008,SAF,NM,ASW,WE,Federal Contract Tower,0,10,20,2,32,0,2,68,8,78,0,12,88,10,110,80,2,82,192
07/29/2008,SAF,NM,ASW,WE,Federal Contract Tower,0,8,21,2,31,0,6,70,8,84,0,14,91,10,115,154,10,164,279
07/30/2008,SAF,NM,ASW,WE,Federal Contract Tower,0,13,39,0,52,0,3,67,13,83,0,16,106,13,135,82,2,84,219
07/31/2008,SAF,NM,ASW,WE,Federal Contract Tower,0,11,29,3,43,0,3,63,7,73,0,14,92,10,116,106,10,116,232
08/01/2008,SAF,NM,ASW,WE,Federal Contract Tower,0,9,22,3,34,0,4,71,9,84,0,13,93,12,118,92,0,92,210
08/02/2008,SAF,NM,ASW,WE,Federal Contract Tower,0,16,19,2,37,0,3,80,10,93,0,19,99,12,130,116,4,120,250
08/03/2008,SAF,NM,ASW,WE,Federal Contract Tower,2,15,38,3,58,0,8,47,15,70,2,23,85,18,128,110,0,110,238
08/04/2008,SAF,NM,ASW,WE,Federal Contract Tower,0,7,35,1,43,0,1,46,0,47,0,8,81,1,90,66,0,66,156
08/05/2008,SAF,NM,ASW,WE,Federal Contract Tower,0,11,23,3,37,0,4,51,6,61,0,15,74,9,98,96,46,142,240
08/06/2008,SAF,NM,ASW,WE,Federal Contract Tower,0,14,25,4,43,0,7,72,6,85,0,21,97,10,128,72,14,86,214
08/07/2008,SAF,NM,ASW,WE,Federal Contract Tower,0,14,33,5,52,0,3,54,3,60,0,17,87,8,112,68,14,82,194
08/08/2008,SAF,NM,ASW,WE,Federal Contract Tower,0,5,27,1,33,0,0,48,5,53,0,5,75,6,86,160,6,166,252
08/09/2008,SAF,NM,ASW,WE,Federal Contract Tower,0,13,24,0,37,0,5,51,0,56,0,18,75,0,93,98,0,98,191
08/10/2008,SAF,NM,ASW,WE,Federal Contract Tower,0,20,41,4,65,0,0,70,3,73,0,20,111,7,138,92,8,100,238
08/11/2008,SAF,NM,ASW,WE,Federal Contract Tower,0,8,25,3,36,0,0,63,2,65,0,8,88,5,101,66,6,72,173
08/12/2008,SAF,NM,ASW,WE,Federal Contract Tower,0,4,16,3,23,0,6,42,3,51,0,10,58,6,74,140,10,150,224
08/13/2008,SAF,NM,ASW,WE,Federal Contract Tower,0,7,37,4,48,0,2,54,4,60,0,9,91,8,108,90,0,90,198
08/14/2008,SAF,NM,ASW,WE,Federal Contract Tower,0,13,35,2,50,0,1,77,2,80,0,14,112,4,130,160,0,160,290
08/15/2008,SAF,NM,ASW,WE,Federal Contract Tower,0,20,32,2,54,0,4,32,3,39,0,24,64,5,93,78,6,84,177
08/16/2008,SAF,NM,ASW,WE,Federal Contract Tower,0,15,31,2,48,0,2,30,0,32,0,17,61,2,80,86,0,86,166
08/17/2008,SAF,NM,ASW,WE,Federal Contract Tower,0,20,46,3,69,0,2,45,1,48,0,22,91,4,117,104,0,104,221
08/18/2008,SAF,NM,ASW,WE,Federal Contract Tower,0,10,32,0,42,0,3,54,12,69,0,13,86,12,111,120,8,128,239
08/19/2008,SAF,NM,ASW,WE,Federal Contract Tower,0,4,41,0,45,0,3,65,8,76,0,7,106,8,121,88,0,88,209
08/20/2008,SAF,NM,ASW,WE,Federal Contract Tower,0,15,34,2,51,0,5,48,8,61,0,20,82,10,112,56,6,62,174
08/21/2008,SAF,NM,ASW,WE,Federal Contract Tower,0,14,35,1,50,0,7,77,9,93,0,21,112,10,143,102,0,102,245
08/22/2008,SAF,NM,ASW,WE,Federal Contract Tower,0,14,28,7,49,0,2,60,20,82,0,16,88,27,131,130,2,132,263
08/23/2008,SAF,NM,ASW,WE,Federal Contract Tower,0,9,20,0,29,0,2,76,0,78,0,11,96,0,107,98,0,98,205
08/24/2008,SAF,NM,ASW,WE,Federal Contract Tower,0,17,45,3,65,0,10,111,4,125,0,27,156,7,190,152,0,152,342
08/25/2008,SAF,NM,ASW,WE,Federal Contract Tower,0,16,34,2,52,0,0,46,3,49,0,16,80,5,101,40,0,40,141
08/26/2008,SAF,NM,ASW,WE,Federal Contract Tower,0,10,27,0,37,0,5,58,4,67,0,15,85,4,104,132,2,134,238
08/27/2008,SAF,NM,ASW,WE,Federal Contract Tower,0,9,14,2,25,0,3,65,0,68,0,12,79,2,93,138,0,138,231
08/28/2008,SAF,NM,ASW,WE,Federal Contract Tower,0,10,28,5,43,0,6,63,1,70,0,16,91,6,113,60,4,64,177
08/29/2008,SAF,NM,ASW,WE,Federal Contract Tower,0,15,47,0,62,0,3,66,0,69,0,18,113,0,131,108,4,112,243
08/30/2008,SAF,NM,ASW,WE,Federal Contract Tower,0,15,22,0,37,0,4,70,0,74,0,19,92,0,111,94,0,94,205
08/31/2008,SAF,NM,ASW,WE,Federal Contract Tower,0,14,30,0,44,0,0,4,0,4,0,14,34,0,48,6,0,6,54
09/01/2008,SAF,NM,ASW,WE,Federal Contract Tower,0,15,43,4,62,0,4,43,0,47,0,19,86,4,109,18,0,18,127
09/02/2008,SAF,NM,ASW,WE,Federal Contract Tower,0,5,23,3,31,0,2,57,3,62,0,7,80,6,93,128,0,128,221
09/03/2008,SAF,NM,ASW,WE,Federal Contract Tower,0,11,22,0,33,0,1,63,3,67,0,12,85,3,100,110,6,116,216
09/04/2008,SAF,NM,ASW,WE,Federal Contract Tower,0,12,30,6,48,0,6,47,4,57,0,18,77,10,105,72,4,76,181
09/05/2008,SAF,NM,ASW,WE,Federal Contract Tower,0,18,28,6,52,0,8,62,11,81,0,26,90,17,133,164,6,170,303
09/06/2008,SAF,NM,ASW,WE,Federal Contract Tower,0,5,18,6,29,0,7,74,2,83,0,12,92,8,112,50,22,72,184
09/07/2008,SAF,NM,ASW,WE,Federal Contract Tower,0,21,32,2,55,0,10,79,15,104,0,31,111,17,159,70,8,78,237
09/08/2008,SAF,NM,ASW,WE,Federal Contract Tower,0,2,17,2,21,0,1,40,11,52,0,3,57,13,73,100,0,100,173
09/09/2008,SAF,NM,ASW,WE,Federal Contract Tower,0,14,20,1,35,0,2,60,8,70,0,16,80,9,105,184,2,186,291
09/10/2008,SAF,NM,ASW,WE,Federal Contract Tower,0,10,25,0,35,0,4,19,7,30,0,14,44,7,65,44,4,48,113
09/11/2008,SAF,NM,ASW,WE,Federal Contract Tower,0,4,44,4,52,0,2,59,5,66,0,6,103,9,118,138,0,138,256
09/12/2008,SAF,NM,ASW,WE,Federal Contract Tower,0,12,40,4,56,0,12,53,7,72,0,24,93,11,128,102,4,106,234
09/13/2008,SAF,NM,ASW,WE,Federal Contract Tower,0,1,15,11,27,0,0,72,12,84,0,1,87,23,111,146,30,176,287
09/14/2008,SAF,NM,ASW,WE,Federal Contract Tower,0,3,32,5,40,0,3,56,1,60,0,6,88,6,100,76,8,84,184
09/15/2008,SAF,NM,ASW,WE,Federal Contract Tower,0,10,37,4,51,0,7,84,3,94,0,17,121,7,145,110,4,114,259
09/16/2008,SAF,NM,ASW,WE,Federal Contract Tower,0,5,20,3,28,0,0,49,4,53,0,5,69,7,81,110,0,110,191
09/17/2008,SAF,NM,ASW,WE,Federal Contract Tower,0,5,21,2,28,0,2,55,11,68,0,7,76,13,96,124,4,128,224
09/18/2008,SAF,NM,ASW,WE,Federal Contract Tower,0,8,30,1,39,0,2,69,8,79,0,10,99,9,118,84,4,88,206
09/19/2008,SAF,NM,ASW,WE,Federal Contract Tower,0,10,31,1,42,0,7,58,2,67,0,17,89,3,109,70,0,70,179
09/20/2008,SAF,NM,ASW,WE,Federal Contract Tower,0,7,8,1,16,0,10,78,4,92,0,17,86,5,108,28,30,58,166
09/21/2008,SAF,NM,ASW,WE,Federal Contract Tower,0,11,42,4,57,0,0,72,10,82,0,11,114,14,139,76,32,108,247
09/22/2008,SAF,NM,ASW,WE,Federal Contract Tower,0,15,24,0,39,0,4,58,1,63,0,19,82,1,102,32,0,32,134
09/23/2008,SAF,NM,ASW,WE,Federal Contract Tower,0,9,33,0,42,0,4,64,13,81,0,13,97,13,123,86,10,96,219
09/24/2008,SAF,NM,ASW,WE,Federal Contract Tower,0,15,27,6,48,0,4,76,8,88,0,19,103,14,136,102,44,146,282
09/25/2008,SAF,NM,ASW,WE,Federal Contract Tower,0,12,23,2,37,0,5,70,6,81,0,17,93,8,118,140,4,144,262
09/26/2008,SAF,NM,ASW,WE,Federal Contract Tower,0,7,39,8,54,0,6,89,12,107,0,13,128,20,161,118,12,130,291
09/27/2008,SAF,NM,ASW,WE,Federal Contract Tower,0,5,10,5,20,0,2,86,3,91,0,7,96,8,111,116,16,132,243
09/28/2008,SAF,NM,ASW,WE,Federal Contract Tower,0,7,45,2,54,0,4,89,0,93,0,11,134,2,147,80,0,80,227
09/29/2008,SAF,NM,ASW,WE,Federal Contract Tower,0,3,10,5,18,0,3,52,7,62,0,6,62,12,80,82,20,102,182
09/30/2008,SAF,NM,ASW,WE,Federal Contract Tower,0,11,22,4,37,0,2,54,9,65,0,13,76,13,102,84,4,88,190
10/01/2008,SAF,NM,ASW,WE,Federal Contract Tower,0,4,20,2,26,0,1,44,13,58,0,5,64,15,84,18,10,28,112
10/02/2008,SAF,NM,ASW,WE,Federal Contract Tower,0,12,16,8,36,0,3,76,8,87,0,15,92,16,123,100,34,134,257
10/03/2008,SAF,NM,ASW,WE,Federal Contract Tower,0,24,31,13,68,0,0,62,9,71,0,24,93,22,139,94,26,120,259
10/04/2008,SAF,NM,ASW,WE,Federal Contract Tower,0,6,24,0,30,0,8,88,0,96,0,14,112,0,126,94,0,94,220
10/05/2008,SAF,NM,ASW,WE,Federal Contract Tower,0,20,36,0,56,0,0,14,1,15,0,20,50,1,71,32,0,32,103
10/06/2008,SAF,NM,ASW,WE,Federal Contract Tower,0,2,40,4,46,0,2,64,12,78,0,4,104,16,124,70,0,70,194
10/07/2008,SAF,NM,ASW,WE,Federal Contract Tower,0,11,31,2,44,0,6,67,22,95,0,17,98,24,139,102,20,122,261
10/08/2008,SAF,NM,ASW,WE,Federal Contract Tower,0,6,22,5,33,0,5,68,4,77,0,11,90,9,110,82,6,88,198
10/09/2008,SAF,NM,ASW,WE,Federal Contract Tower,0,10,24,1,35,0,3,91,1,95,0,13,115,2,130,112,2,114,244
10/10/2008,SAF,NM,ASW,WE,Federal Contract Tower,0,7,27,3,37,0,3,47,3,53,0,10,74,6,90,98,0,98,188
10/11/2008,SAF,NM,ASW,WE,Federal Contract Tower,0,6,13,2,21,0,4,10,0,14,0,10,23,2,35,32,0,32,67
10/12/2008,SAF,NM,ASW,WE,Federal Contract Tower,0,9,29,0,38,0,4,35,1,40,0,13,64,1,78,38,0,38,116
10/13/2008,SAF,NM,ASW,WE,Federal Contract Tower,0,10,24,2,36,0,1,78,1,80,0,11,102,3,116,148,16,164,280
10/14/2008,SAF,NM,ASW,WE,Federal Contract Tower,0,6,10,0,16,0,0,3,0,3,0,6,13,0,19,4,0,4,23
10/15/2008,SAF,NM,ASW,WE,Federal Contract Tower,0,8,31,6,45,0,2,57,7,66,0,10,88,13,111,72,4,76,187
10/16/2008,SAF,NM,ASW,WE,Federal Contract Tower,0,13,22,1,36,0,12,80,4,96,0,25,102,5,132,124,24,148,280
10/17/2008,SAF,NM,ASW,WE,Federal Contract Tower,0,14,23,19,56,0,2,76,9,87,0,16,99,28,143,150,40,190,333
10/18/2008,SAF,NM,ASW,WE,Federal Contract Tower,0,6,14,2,22,0,4,100,14,118,0,10,114,16,140,136,4,140,280
10/19/2008,SAF,NM,ASW,WE,Federal Contract Tower,0,6,28,2,36,0,8,97,4,109,0,14,125,6,145,88,2,90,235
10/20/2008,SAF,NM,ASW,WE,Federal Contract Tower,0,12,20,0,32,0,4,32,3,39,0,16,52,3,71,58,0,58,129
10/21/2008,SAF,NM,ASW,WE,Federal Contract Tower,0,5,18,3,26,0,5,35,6,46,0,10,53,9,72,52,12,64,136
10/22/2008,SAF,NM,ASW,WE,Federal Contract Tower,0,7,28,0,35,0,3,51,2,56,0,10,79,2,91,70,0,70,161
10/23/2008,SAF,NM,ASW,WE,Federal Contract Tower,0,14,23,3,40,0,3,70,7,80,0,17,93,10,120,114,8,122,242
10/24/2008,SAF,NM,ASW,WE,Federal Contract Tower,0,13,29,2,44,0,0,76,9,85,0,13,105,11,129,146,8,154,283
10/25/2008,SAF,NM,ASW,WE,Federal Contract Tower,0,8,19,1,28,0,7,99,2,108,0,15,118,3,136,116,0,116,252
10/26/2008,SAF,NM,ASW,WE,Federal Contract Tower,0,12,20,0,32,0,3,82,1,86,0,15,102,1,118,88,0,88,206
10/27/2008,SAF,NM,ASW,WE,Federal Contract Tower,0,6,21,2,29,0,3,71,9,83,0,9,92,11,112,122,26,148,260
10/28/2008,SAF,NM,ASW,WE,Federal Contract Tower,0,6,20,0,26,0,4,76,7,87,0,10,96,7,113,180,16,196,309
10/29/2008,SAF,NM,ASW,WE,Federal Contract Tower,0,7,17,5,29,0,2,69,11,82,0,9,86,16,111,88,28,116,227
10/30/2008,SAF,NM,ASW,WE,Federal Contract Tower,0,1,15,3,19,0,8,40,18,66,0,9,55,21,85,54,10,64,149
10/31/2008,SAF,NM,ASW,WE,Federal Contract Tower,0,1,23,9,33,0,3,56,4,63,0,4,79,13,96,182,32,214,310
11/01/2008,SAF,NM,ASW,WE,Federal Contract Tower,0,4,11,7,22,0,8,83,9,100,0,12,94,16,122,152,12,164,286
11/02/2008,SAF,NM,ASW,WE,Federal Contract Tower,0,4,22,3,29,0,5,55,2,62,0,9,77,5,91,50,0,50,141
11/03/2008,SAF,NM,ASW,WE,Federal Contract Tower,0,10,9,2,21,0,2,54,0,56,0,12,63,2,77,62,0,62,139
11/04/2008,SAF,NM,ASW,WE,Federal Contract Tower,0,5,20,5,30,0,0,40,2,42,0,5,60,7,72,40,6,46,118
11/05/2008,SAF,NM,ASW,WE,Federal Contract Tower,0,6,18,1,25,0,0,13,1,14,0,6,31,2,39,8,6,14,53
11/06/2008,SAF,NM,ASW,WE,Federal Contract Tower,0,8,32,5,45,0,2,31,1,34,0,10,63,6,79,62,8,70,149
11/07/2008,SAF,NM,ASW,WE,Federal Contract Tower,0,10,29,6,45,0,5,53,5,63,0,15,82,11,108,106,14,120,228
11/08/2008,SAF,NM,ASW,WE,Federal Contract Tower,0,6,12,11,29,0,2,54,1,57,0,8,66,12,86,132,16,148,234
11/09/2008,SAF,NM,ASW,WE,Federal Contract Tower,0,12,25,4,41,0,9,70,2,81,0,21,95,6,122,166,10,176,298
11/10/2008,SAF,NM,ASW,WE,Federal Contract Tower,0,4,10,0,14,0,4,8,0,12,0,8,18,0,26,8,0,8,34
11/11/2008,SAF,NM,ASW,WE,Federal Contract Tower,0,2,15,0,17,0,1,38,4,43,0,3,53,4,60,96,0,96,156
11/12/2008,SAF,NM,ASW,WE,Federal Contract Tower,0,3,22,0,25,0,5,51,0,56,0,8,73,0,81,78,0,78,159
11/13/2008,SAF,NM,ASW,WE,Federal Contract Tower,0,12,19,0,31,0,3,52,0,55,0,15,71,0,86,60,0,60,146
11/14/2008,SAF,NM,ASW,WE,Federal Contract Tower,0,2,21,4,27,0,5,44,1,50,0,7,65,5,77,106,10,116,193
11/15/2008,SAF,NM,ASW,WE,Federal Contract Tower,0,5,21,5,31,0,3,69,6,78,0,8,90,11,109,146,0,146,255
11/16/2008,SAF,NM,ASW,WE,Federal Contract Tower,0,15,24,5,44,0,5,54,3,62,0,20,78,8,106,104,18,122,228
11/17/2008,SAF,NM,ASW,WE,Federal Contract Tower,0,7,30,4,41,0,2,75,2,79,0,9,105,6,120,90,0,90,210
11/18/2008,SAF,NM,ASW,WE,Federal Contract Tower,0,3,20,3,26,0,2,54,12,68,0,5,74,15,94,104,20,124,218
11/19/2008,SAF,NM,ASW,WE,Federal Contract Tower,0,1,13,5,19,0,4,43,1,48,0,5,56,6,67,90,10,100,167
11/20/2008,SAF,NM,ASW,WE,Federal Contract Tower,0,4,19,5,28,0,0,44,8,52,0,4,63,13,80,80,28,108,188
11/21/2008,SAF,NM,ASW,WE,Federal Contract Tower,0,6,29,7,42,0,2,52,12,66,0,8,81,19,108,140,14,154,262
11/22/2008,SAF,NM,ASW,WE,Federal Contract Tower,0,4,10,12,26,0,1,70,4,75,0,5,80,16,101,150,60,210,311
11/23/2008,SAF,NM,ASW,WE,Federal Contract Tower,0,6,25,5,36,0,4,43,2,49,0,10,68,7,85,60,0,60,145
11/24/2008,SAF,NM,ASW,WE,Federal Contract Tower,0,5,7,3,15,0,6,44,7,57,0,11,51,10,72,132,12,144,216
11/25/2008,SAF,NM,ASW,WE,Federal Contract Tower,0,12,24,0,36,0,1,53,13,67,0,13,77,13,103,118,24,142,245
11/26/2008,SAF,NM,ASW,WE,Federal Contract Tower,0,5,27,0,32,0,2,59,3,64,0,7,86,3,96,84,0,84,180
11/27/2008,SAF,NM,ASW,WE,Federal Contract Tower,0,2,4,0,6,0,2,1,0,3,0,4,5,0,9,0,0,0,9
11/28/2008,SAF,NM,ASW,WE,Federal Contract Tower,0,11,12,0,23,0,4,24,0,28,0,15,36,0,51,60,0,60,111
11/29/2008,SAF,NM,ASW,WE,Federal Contract Tower,0,6,16,0,22,0,9,47,0,56,0,15,63,0,78,110,0,110,188
11/30/2008,SAF,NM,ASW,WE,Federal Contract Tower,0,14,35,0,49,0,5,40,0,45,0,19,75,0,94,64,0,64,158
12/01/2008,SAF,NM,ASW,WE,Federal Contract Tower,0,17,24,0,41,0,1,61,8,70,0,18,85,8,111,112,32,144,255
12/02/2008,SAF,NM,ASW,WE,Federal Contract Tower,0,2,7,0,9,0,8,59,9,76,0,10,66,9,85,150,94,244,329
12/03/2008,SAF,NM,ASW,WE,Federal Contract Tower,0,3,20,2,25,0,2,45,7,54,0,5,65,9,79,100,10,110,189
12/04/2008,SAF,NM,ASW,WE,Federal Contract Tower,0,7,14,4,25,0,4,54,18,76,0,11,68,22,101,84,70,154,255
12/05/2008,SAF,NM,ASW,WE,Federal Contract Tower,0,14,25,2,41,0,4,45,4,53,0,18,70,6,94,92,12,104,198
12/06/2008,SAF,NM,ASW,WE,Federal Contract Tower,0,5,12,2,19,0,3,70,15,88,0,8,82,17,107,168,0,168,275
12/07/2008,SAF,NM,ASW,WE,Federal Contract Tower,0,6,14,3,23,0,2,71,0,73,0,8,85,3,96,108,4,112,208
12/08/2008,SAF,NM,ASW,WE,Federal Contract Tower,0,8,13,0,21,0,8,26,4,38,0,16,39,4,59,84,2,86,145
12/09/2008,SAF,NM,ASW,WE,Federal Contract Tower,0,9,19,0,28,0,1,3,0,4,0,10,22,0,32,12,0,12,44
12/10/2008,SAF,NM,ASW,WE,Federal Contract Tower,0,7,10,3,20,0,10,44,3,57,0,17,54,6,77,66,2,68,145
12/11/2008,SAF,NM,ASW,WE,Federal Contract Tower,0,6,20,4,30,0,8,55,6,69,0,14,75,10,99,108,16,124,223
12/12/2008,SAF,NM,ASW,WE,Federal Contract Tower,0,4,22,6,32,0,2,61,11,74,0,6,83,17,106,150,16,166,272
12/13/2008,SAF,NM,ASW,WE,Federal Contract Tower,0,2,13,0,15,0,8,30,0,38,0,10,43,0,53,98,0,98,151
12/14/2008,SAF,NM,ASW,WE,Federal Contract Tower,0,6,13,0,19,0,1,3,0,4,0,7,16,0,23,18,0,18,41
12/15/2008,SAF,NM,ASW,WE,Federal Contract Tower,0,5,10,0,15,0,0,0,0,0,0,5,10,0,15,0,0,0,15
12/16/2008,SAF,NM,ASW,WE,Federal Contract Tower,0,3,15,0,18,0,4,5,0,9,0,7,20,0,27,24,0,24,51
12/17/2008,SAF,NM,ASW,WE,Federal Contract Tower,0,15,15,5,35,0,4,16,12,32,0,19,31,17,67,76,58,134,201
12/18/2008,SAF,NM,ASW,WE,Federal Contract Tower,0,8,9,2,19,0,3,7,2,12,0,11,16,4,31,40,10,50,81
12/19/2008,SAF,NM,ASW,WE,Federal Contract Tower,0,6,17,5,28,0,7,52,3,62,0,13,69,8,90,110,6,116,206
12/20/2008,SAF,NM,ASW,WE,Federal Contract Tower,0,10,15,0,25,0,1,49,0,50,0,11,64,0,75,144,0,144,219
12/21/2008,SAF,NM,ASW,WE,Federal Contract Tower,0,12,11,0,23,0,4,49,0,53,0,16,60,0,76,140,0,140,216
12/22/2008,SAF,NM,ASW,WE,Federal Contract Tower,0,10,16,0,26,0,0,30,4,34,0,10,46,4,60,168,12,180,240
12/23/2008,SAF,NM,ASW,WE,Federal Contract Tower,0,8,9,0,17,0,2,6,0,8,0,10,15,0,25,10,0,10,35
12/24/2008,SAF,NM,ASW,WE,Federal Contract Tower,0,8,9,0,17,0,6,11,0,17,0,14,20,0,34,22,0,22,56
12/25/2008,SAF,NM,ASW,WE,Federal Contract Tower,0,9,7,0,16,0,0,1,0,1,0,9,8,0,17,2,0,2,19
12/26/2008,SAF,NM,ASW,WE,Federal Contract Tower,0,9,23,0,32,0,1,4,0,5,0,10,27,0,37,18,0,18,55
12/27/2008,SAF,NM,ASW,WE,Federal Contract Tower,0,10,22,0,32,0,6,24,0,30,0,16,46,0,62,46,0,46,108
12/28/2008,SAF,NM,ASW,WE,Federal Contract Tower,0,16,13,0,29,0,4,44,0,48,0,20,57,0,77,30,0,30,107
12/29/2008,SAF,NM,ASW,WE,Federal Contract Tower,0,6,27,2,35,0,4,61,0,65,0,10,88,2,100,202,0,202,302
12/30/2008,SAF,NM,ASW,WE,Federal Contract Tower,0,6,15,1,22,0,3,81,8,92,0,9,96,9,114,142,24,166,280
12/31/2008,SAF,NM,ASW,WE,Federal Contract Tower,0,4,15,2,21,0,5,48,0,53,0,9,63,2,74,42,0,42,116
01/01/2009,SAF,NM,ASW,WE,Federal Contract Tower,0,6,19,0,25,0,7,54,0,61,0,13,73,0,86,116,0,116,202
01/02/2009,SAF,NM,ASW,WE,Federal Contract Tower,0,13,22,0,35,0,2,65,0,67,0,15,87,0,102,142,0,142,244
01/03/2009,SAF,NM,ASW,WE,Federal Contract Tower,0,16,23,0,39,0,13,45,0,58,0,29,68,0,97,154,0,154,251
01/04/2009,SAF,NM,ASW,WE,Federal Contract Tower,0,5,22,0,27,0,5,3,0,8,0,10,25,0,35,0,0,0,35
01/05/2009,SAF,NM,ASW,WE,Federal Contract Tower,0,10,9,2,21,0,3,29,7,39,0,13,38,9,60,48,0,48,108
01/06/2009,SAF,NM,ASW,WE,Federal Contract Tower,0,3,18,1,22,0,6,33,9,48,0,9,51,10,70,100,52,152,222
01/07/2009,SAF,NM,ASW,WE,Federal Contract Tower,0,5,15,1,21,0,5,31,2,38,0,10,46,3,59,70,0,70,129
01/08/2009,SAF,NM,ASW,WE,Federal Contract Tower,0,2,10,5,17,0,2,67,5,74,0,4,77,10,91,126,6,132,223
01/09/2009,SAF,NM,ASW,WE,Federal Contract Tower,0,0,18,3,21,0,0,60,5,65,0,0,78,8,86,108,4,112,198
01/10/2009,SAF,NM,ASW,WE,Federal Contract Tower,0,2,18,0,20,0,3,23,7,33,0,5,41,7,53,122,16,138,191
01/11/2009,SAF,NM,ASW,WE,Federal Contract Tower,0,3,11,0,14,0,2,45,10,57,0,5,56,10,71,94,26,120,191
01/12/2009,SAF,NM,ASW,WE,Federal Contract Tower,0,0,16,1,17,0,2,46,2,50,0,2,62,3,67,124,10,134,201
01/13/2009,SAF,NM,ASW,WE,Federal Contract Tower,0,3,22,0,25,0,4,65,5,74,0,7,87,5,99,116,24,140,239
01/14/2009,SAF,NM,ASW,WE,Federal Contract Tower,0,9,17,0,26,0,3,41,8,52,0,12,58,8,78,114,30,144,222
01/15/2009,SAF,NM,ASW,WE,Federal Contract Tower,0,6,15,2,23,0,1,40,7,48,0,7,55,9,71,53,32,85,156
01/16/2009,SAF,NM,ASW,WE,Federal Contract Tower,0,7,20,3,30,0,4,65,11,80,0,11,85,14,110,96,18,114,224
01/17/2009,SAF,NM,ASW,WE,Federal Contract Tower,0,2,9,0,11,0,6,94,0,100,0,8,103,0,111,154,0,154,265
01/18/2009,SAF,NM,ASW,WE,Federal Contract Tower,0,7,11,2,20,0,1,51,3,55,0,8,62,5,75,60,8,68,143
01/19/2009,SAF,NM,ASW,WE,Federal Contract Tower,0,6,14,4,24,0,4,89,3,96,0,10,103,7,120,158,22,180,300
01/20/2009,SAF,NM,ASW,WE,Federal Contract Tower,0,6,7,2,15,0,1,49,4,54,0,7,56,6,69,132,12,144,213
01/21/2009,SAF,NM,ASW,WE,Federal Contract Tower,0,8,9,5,22,0,4,55,10,69,0,12,64,15,91,52,6,58,149
01/22/2009,SAF,NM,ASW,WE,Federal Contract Tower,0,1,16,4,21,0,9,55,9,73,0,10,71,13,94,122,10,132,226
01/23/2009,SAF,NM,ASW,WE,Federal Contract Tower,0,7,18,6,31,0,9,42,10,61,0,16,60,16,92,84,10,94,186
01/24/2009,SAF,NM,ASW,WE,Federal Contract Tower,0,10,10,0,20,0,7,45,1,53,0,17,55,1,73,218,0,218,291
01/25/2009,SAF,NM,ASW,WE,Federal Contract Tower,0,7,16,5,28,0,6,63,0,69,0,13,79,5,97,122,8,130,227
01/26/2009,SAF,NM,ASW,WE,Federal Contract Tower,0,4,12,0,16,0,0,42,2,44,0,4,54,2,60,84,0,84,144
01/27/2009,SAF,NM,ASW,WE,Federal Contract Tower,0,3,18,1,22,0,3,25,13,41,0,6,43,14,63,68,26,94,157
01/28/2009,SAF,NM,ASW,WE,Federal Contract Tower,0,1,11,2,14,0,6,54,18,78,0,7,65,20,92,102,66,168,260
01/29/2009,SAF,NM,ASW,WE,Federal Contract Tower,0,8,20,4,32,0,5,57,2,64,0,13,77,6,96,122,16,138,234
01/30/2009,SAF,NM,ASW,WE,Federal Contract Tower,0,9,13,4,26,0,1,78,15,94,0,10,91,19,120,110,18,128,248
01/31/2009,SAF,NM,ASW,WE,Federal Contract Tower,0,2,7,0,9,0,5,83,0,88,0,7,90,0,97,134,0,134,231
02/01/2009,SAF,NM,ASW,WE,Federal Contract Tower,0,2,12,0,14,0,5,43,0,48,0,7,55,0,62,48,0,48,110
02/02/2009,SAF,NM,ASW,WE,Federal Contract Tower,0,15,16,1,32,0,7,35,30,72,0,22,51,31,104,92,44,136,240
02/03/2009,SAF,NM,ASW,WE,Federal Contract Tower,0,6,18,2,26,0,4,53,4,61,0,10,71,6,87,188,34,222,309
02/04/2009,SAF,NM,ASW,WE,Federal Contract Tower,0,4,22,4,30,0,0,45,9,54,0,4,67,13,84,70,46,116,200
02/05/2009,SAF,NM,ASW,WE,Federal Contract Tower,0,3,10,6,19,0,3,43,4,50,0,6,53,10,69,104,24,128,197
02/06/2009,SAF,NM,ASW,WE,Federal Contract Tower,0,8,13,8,29,0,4,61,6,71,0,12,74,14,100,220,2,222,322
02/07/2009,SAF,NM,ASW,WE,Federal Contract Tower,0,2,10,8,20,0,2,104,0,106,0,4,114,8,126,176,0,176,302
02/08/2009,SAF,NM,ASW,WE,Federal Contract Tower,0,2,9,1,12,0,0,14,2,16,0,2,23,3,28,16,0,16,44
02/09/2009,SAF,NM,ASW,WE,Federal Contract Tower,0,3,16,7,26,0,2,13,0,15,0,5,29,7,41,30,6,36,77
02/10/2009,SAF,NM,ASW,WE,Federal Contract Tower,0,8,12,1,21,0,0,4,0,4,0,8,16,1,25,16,24,40,65
02/11/2009,SAF,NM,ASW,WE,Federal Contract Tower,0,8,20,2,30,0,4,49,15,68,0,12,69,17,98,78,8,86,184
02/12/2009,SAF,NM,ASW,WE,Federal Contract Tower,0,3,45,4,52,0,0,54,8,62,0,3,99,12,114,126,54,180,294
02/13/2009,SAF,NM,ASW,WE,Federal Contract Tower,0,4,20,14,38,0,1,66,3,70,0,5,86,17,108,108,10,118,226
02/14/2009,SAF,NM,ASW,WE,Federal Contract Tower,0,7,14,2,23,0,0,26,3,29,0,7,40,5,52,44,12,56,108
02/15/2009,SAF,NM,ASW,WE,Federal Contract Tower,0,4,18,1,23,0,0,47,7,54,0,4,65,8,77,52,0,52,129
02/16/2009,SAF,NM,ASW,WE,Federal Contract Tower,0,6,24,5,35,0,0,40,0,40,0,6,64,5,75,140,0,140,215
02/17/2009,SAF,NM,ASW,WE,Federal Contract Tower,0,4,11,6,21,0,6,15,8,29,0,10,26,14,50,32,0,32,82
02/18/2009,SAF,NM,ASW,WE,Federal Contract Tower,0,4,15,5,24,0,0,17,9,26,0,4,32,14,50,34,26,60,110
02/19/2009,SAF,NM,ASW,WE,Federal Contract Tower,0,8,16,2,26,0,2,52,9,63,0,10,68,11,89,72,12,84,173
02/20/2009,SAF,NM,ASW,WE,Federal Contract Tower,0,7,22,3,32,0,3,47,1,51,0,10,69,4,83,132,0,132,215
02/21/2009,SAF,NM,ASW,WE,Federal Contract Tower,0,3,5,4,12,0,1,76,0,77,0,4,81,4,89,216,4,220,309
02/22/2009,SAF,NM,ASW,WE,Federal Contract Tower,0,6,16,0,22,0,6,60,1,67,0,12,76,1,89,102,0,102,191
02/23/2009,SAF,NM,ASW,WE,Federal Contract Tower,0,5,17,7,29,0,6,39,1,46,0,11,56,8,75,36,0,36,111
02/24/2009,SAF,NM,ASW,WE,Federal Contract Tower,0,3,10,2,15,0,5,44,4,53,0,8,54,6,68,74,10,84,152
02/25/2009,SAF,NM,ASW,WE,Federal Contract Tower,0,1,11,4,16,0,2,49,6,57,0,3,60,10,73,62,38,100,173
02/26/2009,SAF,NM,ASW,WE,Federal Contract Tower,0,6,19,6,31,0,5,47,11,63,0,11,66,17,94,68,60,128,222
02/27/2009,SAF,NM,ASW,WE,Federal Contract Tower,0,4,22,12,38,0,4,41,16,61,0,8,63,28,99,92,28,120,219
02/28/2009,SAF,NM,ASW,WE,Federal Contract Tower,0,2,13,2,17,0,4,65,3,72,0,6,78,5,89,170,10,180,269
03/01/2009,SAF,NM,ASW,WE,Federal Contract Tower,0,4,20,10,34,0,3,71,2,76,0,7,91,12,110,114,16,130,240
03/02/2009,SAF,NM,ASW,WE,Federal Contract Tower,0,9,18,1,28,0,6,35,6,47,0,15,53,7,75,100,4,104,179
03/03/2009,SAF,NM,ASW,WE,Federal Contract Tower,0,1,24,3,28,0,0,35,8,43,0,1,59,11,71,102,46,148,219
03/04/2009,SAF,NM,ASW,WE,Federal Contract Tower,0,8,21,4,33,0,7,28,7,42,0,15,49,11,75,60,0,60,135
03/05/2009,SAF,NM,ASW,WE,Federal Contract Tower,0,4,13,2,19,0,1,32,1,34,0,5,45,3,53,92,10,102,155
03/06/2009,SAF,NM,ASW,WE,Federal Contract Tower,0,6,9,2,17,0,2,37,3,42,0,8,46,5,59,82,0,82,141
03/07/2009,SAF,NM,ASW,WE,Federal Contract Tower,0,6,13,0,19,0,2,23,2,27,0,8,36,2,46,36,0,36,82
03/08/2009,SAF,NM,ASW,WE,Federal Contract Tower,0,13,7,5,25,0,1,82,6,89,0,14,89,11,114,126,0,126,240
03/09/2009,SAF,NM,ASW,WE,Federal Contract Tower,0,4,12,0,16,0,1,8,0,9,0,5,20,0,25,6,0,6,31
03/10/2009,SAF,NM,ASW,WE,Federal Contract Tower,0,3,3,2,8,0,0,20,3,23,0,3,23,5,31,58,26,84,115
03/11/2009,SAF,NM,ASW,WE,Federal Contract Tower,0,3,14,4,21,0,1,41,4,46,0,4,55,8,67,72,28,100,167
03/12/2009,SAF,NM,ASW,WE,Federal Contract Tower,0,5,21,2,28,0,3,51,11,65,0,8,72,13,93,104,12,116,209
03/13/2009,SAF,NM,ASW,WE,Federal Contract Tower,0,8,16,3,27,0,2,7,0,9,0,10,23,3,36,14,18,32,68
03/14/2009,SAF,NM,ASW,WE,Federal Contract Tower,0,6,25,2,33,0,2,37,0,39,0,8,62,2,72,172,0,172,244
03/15/2009,SAF,NM,ASW,WE,Federal Contract Tower,0,8,23,0,31,0,4,49,9,62,0,12,72,9,93,54,0,54,147
03/16/2009,SAF,NM,ASW,WE,Federal Contract Tower,0,5,18,3,26,0,6,50,4,60,0,11,68,7,86,72,0,72,158
03/17/2009,SAF,NM,ASW,WE,Federal Contract Tower,0,6,11,1,18,0,9,53,13,75,0,15,64,14,93,138,56,194,287
03/18/2009,SAF,NM,ASW,WE,Federal Contract Tower,0,7,22,2,31,0,4,63,0,67,0,11,85,2,98,68,0,68,166
03/19/2009,SAF,NM,ASW,WE,Federal Contract Tower,0,10,26,1,37,0,4,43,1,48,0,14,69,2,85,54,0,54,139
03/20/2009,SAF,NM,ASW,WE,Federal Contract Tower,0,6,31,5,42,0,0,49,0,49,0,6,80,5,91,74,0,74,165
03/21/2009,SAF,NM,ASW,WE,Federal Contract Tower,0,5,29,0,34,0,11,75,0,86,0,16,104,0,120,198,0,198,318
03/22/2009,SAF,NM,ASW,WE,Federal Contract Tower,0,7,20,2,29,0,2,52,0,54,0,9,72,2,83,92,0,92,175
03/23/2009,SAF,NM,ASW,WE,Federal Contract Tower,0,6,16,0,22,0,4,17,0,21,0,10,33,0,43,10,0,10,53
03/24/2009,SAF,NM,ASW,WE,Federal Contract Tower,0,3,14,2,19,0,4,43,1,48,0,7,57,3,67,106,0,106,173
03/25/2009,SAF,NM,ASW,WE,Federal Contract Tower,0,0,16,0,16,0,11,34,3,48,0,11,50,3,64,50,0,50,114
03/26/2009,SAF,NM,ASW,WE,Federal Contract Tower,0,4,21,0,25,0,7,15,0,22,0,11,36,0,47,26,0,26,73
03/27/2009,SAF,NM,ASW,WE,Federal Contract Tower,0,2,17,4,23,0,0,5,1,6,0,2,22,5,29,0,0,0,29
03/28/2009,SAF,NM,ASW,WE,Federal Contract Tower,0,5,18,8,31,0,2,58,3,63,0,7,76,11,94,96,22,118,212
03/29/2009,SAF,NM,ASW,WE,Federal Contract Tower,0,11,21,6,38,0,5,56,1,62,0,16,77,7,100,76,18,94,194
03/30/2009,SAF,NM,ASW,WE,Federal Contract Tower,0,7,10,0,17,0,4,13,0,17,0,11,23,0,34,0,0,0,34
03/31/2009,SAF,NM,ASW,WE,Federal Contract Tower,0,3,17,2,22,0,0,43,2,45,0,3,60,4,67,130,10,140,207
04/01/2009,SAF,NM,ASW,WE,Federal Contract Tower,0,5,18,1,24,0,1,13,2,16,0,6,31,3,40,28,0,28,68
04/02/2009,SAF,NM,ASW,WE,Federal Contract Tower,0,5,20,1,26,0,2,44,7,53,0,7,64,8,79,68,0,68,147
04/03/2009,SAF,NM,ASW,WE,Federal Contract Tower,0,4,23,5,32,0,5,38,8,51,0,9,61,13,83,106,24,130,213
04/04/2009,SAF,NM,ASW,WE,Federal Contract Tower,0,1,5,0,6,0,2,4,0,6,0,3,9,0,12,10,0,10,22
04/05/2009,SAF,NM,ASW,WE,Federal Contract Tower,0,6,14,0,20,0,10,72,1,83,0,16,86,1,103,170,0,170,273
04/06/2009,SAF,NM,ASW,WE,Federal Contract Tower,0,4,17,0,21,0,4,50,1,55,0,8,67,1,76,114,4,118,194
04/07/2009,SAF,NM,ASW,WE,Federal Contract Tower,0,6,13,1,20,0,2,76,7,85,0,8,89,8,105,154,20,174,279
04/08/2009,SAF,NM,ASW,WE,Federal Contract Tower,0,6,5,2,13,0,5,26,2,33,0,11,31,4,46,46,0,46,92
04/09/2009,SAF,NM,ASW,WE,Federal Contract Tower,0,3,15,9,27,0,5,31,11,47,0,8,46,20,74,63,62,125,199
04/10/2009,SAF,NM,ASW,WE,Federal Contract Tower,0,2,20,1,23,0,3,49,6,58,0,5,69,7,81,84,34,118,199
04/11/2009,SAF,NM,ASW,WE,Federal Contract Tower,0,3,1,0,4,0,0,3,1,4,0,3,4,1,8,6,0,6,14
04/12/2009,SAF,NM,ASW,WE,Federal Contract Tower,0,7,7,0,14,0,0,3,0,3,0,7,10,0,17,6,0,6,23
04/13/2009,SAF,NM,ASW,WE,Federal Contract Tower,0,6,22,2,30,0,3,57,3,63,0,9,79,5,93,130,24,154,247
04/14/2009,SAF,NM,ASW,WE,Federal Contract Tower,0,7,14,3,24,0,4,39,8,51,0,11,53,11,75,66,0,66,141
04/15/2009,SAF,NM,ASW,WE,Federal Contract Tower,0,9,22,4,35,0,1,41,0,42,0,10,63,4,77,42,0,42,119
04/16/2009,SAF,NM,ASW,WE,Federal Contract Tower,0,9,15,4,28,0,8,47,1,56,0,17,62,5,84,124,10,134,218
04/17/2009,SAF,NM,ASW,WE,Federal Contract Tower,0,2,20,3,25,0,0,0,0,0,0,2,20,3,25,0,0,0,25
04/18/2009,SAF,NM,ASW,WE,Federal Contract Tower,0,12,7,4,23,0,1,54,3,58,0,13,61,7,81,104,10,114,195
04/19/2009,SAF,NM,ASW,WE,Federal Contract Tower,0,8,20,2,30,0,1,93,1,95,0,9,113,3,125,182,0,182,307
04/20/2009,SAF,NM,ASW,WE,Federal Contract Tower,0,6,18,0,24,0,2,63,0,65,0,8,81,0,89,106,0,106,195
04/21/2009,SAF,NM,ASW,WE,Federal Contract Tower,0,4,10,4,18,0,7,70,8,85,0,11,80,12,103,132,26,158,261
04/22/2009,SAF,NM,ASW,WE,Federal Contract Tower,0,8,24,3,35,0,2,62,4,68,0,10,86,7,103,84,4,88,191
04/23/2009,SAF,NM,ASW,WE,Federal Contract Tower,0,14,20,7,41,0,1,51,6,58,0,15,71,13,99,96,24,120,219
04/24/2009,SAF,NM,ASW,WE,Federal Contract Tower,0,8,28,2,38,0,1,49,11,61,0,9,77,13,99,124,0,124,223
04/25/2009,SAF,NM,ASW,WE,Federal Contract Tower,0,3,8,0,11,0,5,48,0,53,0,8,56,0,64,142,0,142,206
04/26/2009,SAF,NM,ASW,WE,Federal Contract Tower,0,14,16,1,31,0,4,44,0,48,0,18,60,1,79,26,2,28,107
04/27/2009,SAF,NM,ASW,WE,Federal Contract Tower,0,4,24,3,31,0,2,58,2,62,0,6,82,5,93,144,4,148,241
04/28/2009,SAF,NM,ASW,WE,Federal Contract Tower,0,3,17,0,20,0,2,29,6,37,0,5,46,6,57,90,104,194,251
04/29/2009,SAF,NM,ASW,WE,Federal Contract Tower,0,1,8,8,17,0,2,39,9,50,0,3,47,17,67,111,45,156,223
04/30/2009,SAF,NM,ASW,WE,Federal Contract Tower,0,4,25,0,29,0,4,78,8,90,0,8,103,8,119,162,2,164,283
05/01/2009,SAF,NM,ASW,WE,Federal Contract Tower,0,5,23,1,29,0,1,64,24,89,0,6,87,25,118,178,58,236,354
05/02/2009,SAF,NM,ASW,WE,Federal Contract Tower,0,3,13,7,23,0,4,28,5,37,0,7,41,12,60,86,0,86,146
05/03/2009,SAF,NM,ASW,WE,Federal Contract Tower,0,8,28,0,36,0,5,62,8,75,0,13,90,8,111,236,0,236,347
05/04/2009,SAF,NM,ASW,WE,Federal Contract Tower,0,3,15,0,18,0,3,30,4,37,0,6,45,4,55,36,0,36,91
05/05/2009,SAF,NM,ASW,WE,Federal Contract Tower,0,1,24,3,28,0,3,41,9,53,0,4,65,12,81,124,30,154,235
05/06/2009,SAF,NM,ASW,WE,Federal Contract Tower,0,1,17,5,23,0,2,52,12,66,0,3,69,17,89,122,34,156,245
05/07/2009,SAF,NM,ASW,WE,Federal Contract Tower,0,6,17,0,23,0,13,48,4,65,0,19,65,4,88,100,20,120,208
05/08/2009,SAF,NM,ASW,WE,Federal Contract Tower,0,6,26,1,33,0,8,45,5,58,0,14,71,6,91,98,8,106,197
05/09/2009,SAF,NM,ASW,WE,Federal Contract Tower,0,3,19,6,28,0,3,45,0,48,0,6,64,6,76,104,14,118,194
05/10/2009,SAF,NM,ASW,WE,Federal Contract Tower,0,5,21,11,37,0,9,60,0,69,0,14,81,11,106,26,4,30,136
05/11/2009,SAF,NM,ASW,WE,Federal Contract Tower,0,1,16,2,19,0,5,52,6,63,0,6,68,8,82,140,18,158,240
05/12/2009,SAF,NM,ASW,WE,Federal Contract Tower,0,5,20,2,27,0,2,65,6,73,0,7,85,8,100,192,36,228,328
05/13/2009,SAF,NM,ASW,WE,Federal Contract Tower,0,9,15,4,28,0,7,41,11,59,0,16,56,15,87,92,54,146,233
05/14/2009,SAF,NM,ASW,WE,Federal Contract Tower,0,9,22,4,35,0,8,50,14,72,0,17,72,18,107,98,14,112,219
05/15/2009,SAF,NM,ASW,WE,Federal Contract Tower,0,8,24,3,35,0,4,80,14,98,0,12,104,17,133,124,20,144,277
05/16/2009,SAF,NM,ASW,WE,Federal Contract Tower,0,5,9,3,17,0,6,36,5,47,0,11,45,8,64,36,28,64,128
05/17/2009,SAF,NM,ASW,WE,Federal Contract Tower,0,8,12,0,20,0,5,82,3,90,0,13,94,3,110,206,6,212,322
05/18/2009,SAF,NM,ASW,WE,Federal Contract Tower,0,5,21,1,27,0,5,78,3,86,0,10,99,4,113,110,16,126,239
05/19/2009,SAF,NM,ASW,WE,Federal Contract Tower,0,3,24,0,27,0,6,86,9,101,0,9,110,9,128,214,84,298,426
05/20/2009,SAF,NM,ASW,WE,Federal Contract Tower,0,4,17,2,23,0,2,78,5,85,0,6,95,7,108,122,14,136,244
05/21/2009,SAF,NM,ASW,WE,Federal Contract Tower,0,4,30,0,34,0,5,40,9,54,0,9,70,9,88,62,20,82,170
05/22/2009,SAF,NM,ASW,WE,Federal Contract Tower,0,11,37,2,50,0,1,18,0,19,0,12,55,2,69,72,0,72,141
05/23/2009,SAF,NM,ASW,WE,Federal Contract Tower,0,5,21,1,27,0,5,9,0,14,0,10,30,1,41,18,0,18,59
05/24/2009,SAF,NM,ASW,WE,Federal Contract Tower,0,4,20,0,24,0,2,42,0,44,0,6,62,0,68,120,0,120,188
05/25/2009,SAF,NM,ASW,WE,Federal Contract Tower,0,13,24,1,38,0,2,107,4,113,0,15,131,5,151,160,0,160,311
05/26/2009,SAF,NM,ASW,WE,Federal Contract Tower,0,8,30,0,38,0,4,60,11,75,0,12,90,11,113,98,14,112,225
05/27/2009,SAF,NM,ASW,WE,Federal Contract Tower,0,10,18,1,29,0,0,43,0,43,0,10,61,1,72,72,0,72,144
05/28/2009,SAF,NM,ASW,WE,Federal Contract Tower,0,9,25,1,35,0,4,49,5,58,0,13,74,6,93,104,2,106,199
05/29/2009,SAF,NM,ASW,WE,Federal Contract Tower,0,4,33,10,47,0,2,79,0,81,0,6,112,10,128,110,4,114,242
05/30/2009,SAF,NM,ASW,WE,Federal Contract Tower,0,4,13,0,17,0,1,71,0,72,0,5,84,0,89,120,0,120,209
05/31/2009,SAF,NM,ASW,WE,Federal Contract Tower,0,9,20,0,29,0,0,64,2,66,0,9,84,2,95,78,2,80,175
06/01/2009,SAF,NM,ASW,WE,Federal Contract Tower,0,4,19,2,25,0,5,49,0,54,0,9,68,2,79,92,0,92,171
06/02/2009,SAF,NM,ASW,WE,Federal Contract Tower,0,11,22,0,33,0,3,54,2,59,0,14,76,2,92,108,12,120,212
06/03/2009,SAF,NM,ASW,WE,Federal Contract Tower,0,11,30,0,41,0,0,43,2,45,0,11,73,2,86,58,0,58,144
06/04/2009,SAF,NM,ASW,WE,Federal Contract Tower,0,4,28,0,32,0,0,42,3,45,0,4,70,3,77,98,0,98,175
06/05/2009,SAF,NM,ASW,WE,Federal Contract Tower,0,15,25,1,41,0,1,51,4,56,0,16,76,5,97,62,8,70,167
06/06/2009,SAF,NM,ASW,WE,Federal Contract Tower,0,7,16,0,23,0,6,58,1,65,0,13,74,1,88,128,0,128,216
06/07/2009,SAF,NM,ASW,WE,Federal Contract Tower,0,11,24,1,36,0,3,52,5,60,0,14,76,6,96,76,2,78,174
06/08/2009,SAF,NM,ASW,WE,Federal Contract Tower,0,2,24,4,30,0,2,77,7,86,0,4,101,11,116,124,6,130,246
06/09/2009,SAF,NM,ASW,WE,Federal Contract Tower,0,4,18,0,22,0,3,48,5,56,0,7,66,5,78,70,26,96,174
06/10/2009,SAF,NM,ASW,WE,Federal Contract Tower,0,13,23,0,36,0,2,37,13,52,0,15,60,13,88,16,0,16,104
06/11/2009,SAF,NM,ASW,WE,Federal Contract Tower,0,9,32,7,48,0,4,74,17,95,0,13,106,24,143,50,0,50,193
06/12/2009,SAF,NM,ASW,WE,Federal Contract Tower,0,8,40,0,48,0,3,75,2,80,0,11,115,2,128,110,4,114,242
06/13/2009,SAF,NM,ASW,WE,Federal Contract Tower,0,7,17,4,28,0,3,67,7,77,0,10,84,11,105,108,16,124,229
06/14/2009,SAF,NM,ASW,WE,Federal Contract Tower,0,9,36,2,47,0,0,41,0,41,0,9,77,2,88,90,0,90,178
06/15/2009,SAF,NM,ASW,WE,Federal Contract Tower,0,8,24,2,34,0,2,57,10,69,0,10,81,12,103,132,2,134,237
06/16/2009,SAF,NM,ASW,WE,Federal Contract Tower,0,10,15,0,25,0,1,75,7,83,0,11,90,7,108,144,10,154,262
06/17/2009,SAF,NM,ASW,WE,Federal Contract Tower,0,13,20,2,35,0,2,39,5,46,0,15,59,7,81,120,8,128,209
06/18/2009,SAF,NM,ASW,WE,Federal Contract Tower,0,10,33,0,43,0,3,45,8,56,0,13,78,8,99,75,6,81,180
06/19/2009,SAF,NM,ASW,WE,Federal Contract Tower,0,12,41,2,55,0,4,64,8,76,0,16,105,10,131,86,42,128,259
06/20/2009,SAF,NM,ASW,WE,Federal Contract Tower,0,11,20,0,31,0,3,30,6,39,0,14,50,6,70,110,0,110,180
06/21/2009,SAF,NM,ASW,WE,Federal Contract Tower,0,9,24,0,33,0,4,59,0,63,0,13,83,0,96,44,0,44,140
06/22/2009,SAF,NM,ASW,WE,Federal Contract Tower,0,9,26,1,36,0,6,62,2,70,0,15,88,3,106,106,0,106,212
06/23/2009,SAF,NM,ASW,WE,Federal Contract Tower,0,7,12,2,21,0,2,33,7,42,0,9,45,9,63,60,0,60,123
06/24/2009,SAF,NM,ASW,WE,Federal Contract Tower,0,11,31,0,42,0,7,60,6,73,0,18,91,6,115,68,0,68,183
06/25/2009,SAF,NM,ASW,WE,Federal Contract Tower,0,15,37,0,52,0,1,68,6,75,0,16,105,6,127,110,6,116,243
06/26/2009,SAF,NM,ASW,WE,Federal Contract Tower,0,5,30,0,35,0,6,70,8,84,0,11,100,8,119,124,0,124,243
06/27/2009,SAF,NM,ASW,WE,Federal Contract Tower,0,9,18,0,27,0,3,53,0,56,0,12,71,0,83,106,0,106,189
06/28/2009,SAF,NM,ASW,WE,Federal Contract Tower,0,15,34,0,49,0,2,29,0,31,0,17,63,0,80,32,0,32,112
06/29/2009,SAF,NM,ASW,WE,Federal Contract Tower,0,9,32,0,41,0,4,75,0,79,0,13,107,0,120,114,0,114,234
06/30/2009,SAF,NM,ASW,WE,Federal Contract Tower,0,5,18,0,23,0,4,59,4,67,0,9,77,4,90,114,6,120,210
07/01/2009,SAF,NM,ASW,WE,Federal Contract Tower,0,8,17,0,25,0,4,62,6,72,0,12,79,6,97,96,10,106,203
07/02/2009,SAF,NM,ASW,WE,Federal Contract Tower,0,13,32,6,51,0,1,69,7,77,0,14,101,13,128,144,2,146,274
07/03/2009,SAF,NM,ASW,WE,Federal Contract Tower,0,10,22,0,32,0,5,55,1,61,0,15,77,1,93,118,0,118,211
07/04/2009,SAF,NM,ASW,WE,Federal Contract Tower,0,5,12,0,17,0,3,70,2,75,0,8,82,2,92,152,0,152,244
07/05/2009,SAF,NM,ASW,WE,Federal Contract Tower,0,17,33,0,50,0,5,66,0,71,0,22,99,0,121,42,0,42,163
07/06/2009,SAF,NM,ASW,WE,Federal Contract Tower,0,7,32,2,41,0,3,36,2,41,0,10,68,4,82,16,0,16,98
07/07/2009,SAF,NM,ASW,WE,Federal Contract Tower,0,9,17,3,29,0,4,73,4,81,0,13,90,7,110,52,0,52,162
07/08/2009,SAF,NM,ASW,WE,Federal Contract Tower,0,7,13,4,24,0,4,70,10,84,0,11,83,14,108,102,12,114,222
07/09/2009,SAF,NM,ASW,WE,Federal Contract Tower,0,6,29,4,39,0,9,56,1,66,0,15,85,5,105,40,2,42,147
07/10/2009,SAF,NM,ASW,WE,Federal Contract Tower,0,9,24,5,38,0,11,100,16,127,0,20,124,21,165,68,30,98,263
07/11/2009,SAF,NM,ASW,WE,Federal Contract Tower,0,11,18,0,29,0,5,69,10,84,0,16,87,10,113,130,8,138,251
07/12/2009,SAF,NM,ASW,WE,Federal Contract Tower,0,13,20,2,35,0,5,111,2,118,0,18,131,4,153,78,0,78,231
07/13/2009,SAF,NM,ASW,WE,Federal Contract Tower,0,15,34,0,49,0,0,67,1,68,0,15,101,1,117,32,0,32,149
07/14/2009,SAF,NM,ASW,WE,Federal Contract Tower,0,9,16,0,25,0,4,75,0,79,0,13,91,0,104,122,0,122,226
07/15/2009,SAF,NM,ASW,WE,Federal Contract Tower,0,9,22,2,33,0,5,50,4,59,0,14,72,6,92,22,12,34,126
07/16/2009,SAF,NM,ASW,WE,Federal Contract Tower,0,12,30,2,44,0,5,56,5,66,0,17,86,7,110,47,12,59,169
07/17/2009,SAF,NM,ASW,WE,Federal Contract Tower,0,12,28,8,48,0,2,53,12,67,0,14,81,20,115,136,20,156,271
07/18/2009,SAF,NM,ASW,WE,Federal Contract Tower,0,8,13,7,28,0,4,65,6,75,0,12,78,13,103,102,8,110,213
07/19/2009,SAF,NM,ASW,WE,Federal Contract Tower,0,8,34,3,45,0,6,67,3,76,0,14,101,6,121,48,0,48,169
07/20/2009,SAF,NM,ASW,WE,Federal Contract Tower,0,6,15,9,30,0,0,61,6,67,0,6,76,15,97,50,26,76,173
07/21/2009,SAF,NM,ASW,WE,Federal Contract Tower,0,8,17,1,26,0,2,51,7,60,0,10,68,8,86,66,6,72,158
07/22/2009,SAF,NM,ASW,WE,Federal Contract Tower,0,7,19,3,29,0,3,29,6,38,0,10,48,9,67,42,4,46,113
07/23/2009,SAF,NM,ASW,WE,Federal Contract Tower,0,17,31,0,48,0,4,49,3,56,0,21,80,3,104,68,0,68,172
07/24/2009,SAF,NM,ASW,WE,Federal Contract Tower,0,12,22,11,45,0,5,81,8,94,0,17,103,19,139,78,2,80,219
07/25/2009,SAF,NM,ASW,WE,Federal Contract Tower,0,10,26,1,37,0,3,85,1,89,0,13,111,2,126,110,6,116,242
07/26/2009,SAF,NM,ASW,WE,Federal Contract Tower,0,15,31,0,46,0,4,52,4,60,0,19,83,4,106,26,0,26,132
07/27/2009,SAF,NM,ASW,WE,Federal Contract Tower,0,9,23,0,32,0,2,55,4,61,0,11,78,4,93,58,0,58,151
07/28/2009,SAF,NM,ASW,WE,Federal Contract Tower,0,14,13,1,28,0,1,56,2,59,0,15,69,3,87,128,12,140,227
07/29/2009,SAF,NM,ASW,WE,Federal Contract Tower,0,12,25,0,37,0,3,71,7,81,0,15,96,7,118,80,12,92,210
07/30/2009,SAF,NM,ASW,WE,Federal Contract Tower,0,10,29,2,41,0,3,55,3,61,0,13,84,5,102,42,0,42,144
07/31/2009,SAF,NM,ASW,WE,Federal Contract Tower,0,17,36,1,54,0,2,61,5,68,0,19,97,6,122,114,2,116,238
08/01/2009,SAF,NM,ASW,WE,Federal Contract Tower,0,15,20,0,35,0,9,83,1,93,0,24,103,1,128,154,0,154,282
08/02/2009,SAF,NM,ASW,WE,Federal Contract Tower,0,14,36,1,51,0,4,102,0,106,0,18,138,1,157,88,0,88,245
08/03/2009,SAF,NM,ASW,WE,Federal Contract Tower,0,5,20,4,29,0,5,55,3,63,0,10,75,7,92,104,12,116,208
08/04/2009,SAF,NM,ASW,WE,Federal Contract Tower,0,8,15,0,23,0,1,60,1,62,0,9,75,1,85,178,0,178,263
08/05/2009,SAF,NM,ASW,WE,Federal Contract Tower,0,15,16,0,31,0,3,73,0,76,0,18,89,0,107,102,0,102,209
08/06/2009,SAF,NM,ASW,WE,Federal Contract Tower,0,11,26,1,38,0,14,64,4,82,0,25,90,5,120,48,0,48,168
08/07/2009,SAF,NM,ASW,WE,Federal Contract Tower,0,13,33,4,50,0,5,68,5,78,0,18,101,9,128,92,8,100,228
08/08/2009,SAF,NM,ASW,WE,Federal Contract Tower,0,10,12,0,22,0,2,62,7,71,0,12,74,7,93,136,2,138,231
08/09/2009,SAF,NM,ASW,WE,Federal Contract Tower,0,12,26,2,40,0,8,91,5,104,0,20,117,7,144,126,0,126,270
08/10/2009,SAF,NM,ASW,WE,Federal Contract Tower,0,12,27,1,40,0,5,58,2,65,0,17,85,3,105,60,0,60,165
08/11/2009,SAF,NM,ASW,WE,Federal Contract Tower,0,8,16,2,26,0,4,54,6,64,0,12,70,8,90,188,18,206,296
08/12/2009,SAF,NM,ASW,WE,Federal Contract Tower,0,13,20,6,39,0,2,56,5,63,0,15,76,11,102,136,18,154,256
08/13/2009,SAF,NM,ASW,WE,Federal Contract Tower,0,13,26,2,41,0,0,56,1,57,0,13,82,3,98,96,6,102,200
08/14/2009,SAF,NM,ASW,WE,Federal Contract Tower,0,11,40,0,51,0,1,20,3,24,0,12,60,3,75,40,0,40,115
08/15/2009,SAF,NM,ASW,WE,Federal Contract Tower,0,12,23,0,35,0,4,82,0,86,0,16,105,0,121,150,0,150,271
08/16/2009,SAF,NM,ASW,WE,Federal Contract Tower,0,16,25,0,41,0,5,88,0,93,0,21,113,0,134,68,0,68,202
08/17/2009,SAF,NM,ASW,WE,Federal Contract Tower,0,8,32,2,42,0,3,35,2,40,0,11,67,4,82,12,4,16,98
08/18/2009,SAF,NM,ASW,WE,Federal Contract Tower,0,15,19,2,36,0,5,48,6,59,0,20,67,8,95,112,64,176,271
08/19/2009,SAF,NM,ASW,WE,Federal Contract Tower,0,22,37,4,63,0,7,49,2,58,0,29,86,6,121,120,2,122,243
08/20/2009,SAF,NM,ASW,WE,Federal Contract Tower,0,14,33,0,47,0,5,48,7,60,0,19,81,7,107,30,18,48,155
08/21/2009,SAF,NM,ASW,WE,Federal Contract Tower,0,11,26,1,38,0,5,62,5,72,0,16,88,6,110,194,34,228,338
08/22/2009,SAF,NM,ASW,WE,Federal Contract Tower,0,15,21,0,36,0,0,76,1,77,0,15,97,1,113,146,0,146,259
08/23/2009,SAF,NM,ASW,WE,Federal Contract Tower,0,24,32,0,56,0,0,88,1,89,0,24,120,1,145,84,0,84,229
08/24/2009,SAF,NM,ASW,WE,Federal Contract Tower,0,19,22,0,41,0,3,25,2,30,0,22,47,2,71,20,0,20,91
08/25/2009,SAF,NM,ASW,WE,Federal Contract Tower,0,8,21,3,32,0,3,30,7,40,0,11,51,10,72,52,22,74,146
08/26/2009,SAF,NM,ASW,WE,Federal Contract Tower,0,11,23,1,35,0,6,53,19,78,0,17,76,20,113,72,16,88,201
08/27/2009,SAF,NM,ASW,WE,Federal Contract Tower,0,11,27,6,44,0,5,45,7,57,0,16,72,13,101,40,8,48,149
08/28/2009,SAF,NM,ASW,WE,Federal Contract Tower,0,14,19,2,35,0,2,66,7,75,0,16,85,9,110,174,0,174,284
08/29/2009,SAF,NM,ASW,WE,Federal Contract Tower,0,6,23,1,30,0,2,71,1,74,0,8,94,2,104,206,0,206,310
08/30/2009,SAF,NM,ASW,WE,Federal Contract Tower,0,15,29,3,47,0,2,110,1,113,0,17,139,4,160,130,0,130,290
08/31/2009,SAF,NM,ASW,WE,Federal Contract Tower,0,9,25,2,36,0,5,33,14,52,0,14,58,16,88,12,20,32,120
09/01/2009,SAF,NM,ASW,WE,Federal Contract Tower,0,6,17,0,23,0,4,55,15,74,0,10,72,15,97,106,42,148,245
09/02/2009,SAF,NM,ASW,WE,Federal Contract Tower,0,7,12,0,19,0,3,33,9,45,0,10,45,9,64,88,10,98,162
09/03/2009,SAF,NM,ASW,WE,Federal Contract Tower,0,6,19,4,29,0,5,29,6,40,0,11,48,10,69,38,10,48,117
09/04/2009,SAF,NM,ASW,WE,Federal Contract Tower,0,20,44,2,66,0,0,53,2,55,0,20,97,4,121,84,0,84,205
09/05/2009,SAF,NM,ASW,WE,Federal Contract Tower,0,10,24,0,34,0,3,80,2,85,0,13,104,2,119,56,2,58,177
09/06/2009,SAF,NM,ASW,WE,Federal Contract Tower,0,13,18,4,35,0,0,58,0,58,0,13,76,4,93,60,0,60,153
09/07/2009,SAF,NM,ASW,WE,Federal Contract Tower,0,20,30,0,50,0,4,89,0,93,0,24,119,0,143,122,0,122,265
09/08/2009,SAF,NM,ASW,WE,Federal Contract Tower,0,17,18,0,35,0,7,44,13,64,0,24,62,13,99,98,12,110,209
09/09/2009,SAF,NM,ASW,WE,Federal Contract Tower,0,5,12,0,17,0,3,37,3,43,0,8,49,3,60,58,0,58,118
09/10/2009,SAF,NM,ASW,WE,Federal Contract Tower,0,6,21,1,28,0,2,36,7,45,0,8,57,8,73,38,18,56,129
09/11/2009,SAF,NM,ASW,WE,Federal Contract Tower,0,14,20,14,48,0,8,66,15,89,0,22,86,29,137,176,18,194,331
09/12/2009,SAF,NM,ASW,WE,Federal Contract Tower,0,7,12,5,24,0,3,47,2,52,0,10,59,7,76,162,8,170,246
09/13/2009,SAF,NM,ASW,WE,Federal Contract Tower,0,17,33,0,50,0,2,62,0,64,0,19,95,0,114,106,0,106,220
09/14/2009,SAF,NM,ASW,WE,Federal Contract Tower,0,11,30,0,41,0,5,33,6,44,0,16,63,6,85,48,14,62,147
09/15/2009,SAF,NM,ASW,WE,Federal Contract Tower,0,13,32,0,45,0,8,69,1,78,0,21,101,1,123,282,0,282,405
09/16/2009,SAF,NM,ASW,WE,Federal Contract Tower,0,14,26,1,41,0,4,42,3,49,0,18,68,4,90,88,0,88,178
09/17/2009,SAF,NM,ASW,WE,Federal Contract Tower,0,10,35,0,45,0,4,23,0,27,0,14,58,0,72,36,0,36,108
09/18/2009,SAF,NM,ASW,WE,Federal Contract Tower,0,9,35,4,48,0,0,39,3,42,0,9,74,7,90,100,2,102,192
09/19/2009,SAF,NM,ASW,WE,Federal Contract Tower,0,4,12,5,21,0,6,61,9,76,0,10,73,14,97,4,42,46,143
09/20/2009,SAF,NM,ASW,WE,Federal Contract Tower,0,7,26,5,38,0,9,92,11,112,0,16,118,16,150,144,4,148,298
09/21/2009,SAF,NM,ASW,WE,Federal Contract Tower,0,10,12,3,25,0,4,73,7,84,0,14,85,10,109,88,0,88,197
09/22/2009,SAF,NM,ASW,WE,Federal Contract Tower,0,5,10,2,17,0,2,59,11,72,0,7,69,13,89,224,30,254,343
09/23/2009,SAF,NM,ASW,WE,Federal Contract Tower,0,7,23,3,33,0,4,53,4,61,0,11,76,7,94,58,12,70,164
09/24/2009,SAF,NM,ASW,WE,Federal Contract Tower,0,14,25,2,41,0,2,39,5,46,0,16,64,7,87,114,4,118,205
09/25/2009,SAF,NM,ASW,WE,Federal Contract Tower,0,14,15,8,37,0,4,70,4,78,0,18,85,12,115,114,32,146,261
09/26/2009,SAF,NM,ASW,WE,Federal Contract Tower,0,7,15,6,28,0,9,88,5,102,0,16,103,11,130,126,16,142,272
09/27/2009,SAF,NM,ASW,WE,Federal Contract Tower,0,16,25,0,41,0,3,79,0,82,0,19,104,0,123,56,0,56,179
09/28/2009,SAF,NM,ASW,WE,Federal Contract Tower,0,13,20,2,35,0,2,52,2,56,0,15,72,4,91,22,40,62,153
09/29/2009,SAF,NM,ASW,WE,Federal Contract Tower,0,8,15,3,26,0,4,58,7,69,0,12,73,10,95,76,8,84,179
09/30/2009,SAF,NM,ASW,WE,Federal Contract Tower,0,3,26,0,29,0,0,37,2,39,0,3,63,2,68,8,0,8,76
10/01/2009,SAF,NM,ASW,WE,Federal Contract Tower,0,11,15,2,28,0,4,37,17,58,0,15,52,19,86,40,14,54,140
10/02/2009,SAF,NM,ASW,WE,Federal Contract Tower,0,10,35,6,51,0,2,86,8,96,0,12,121,14,147,112,2,114,261
10/03/2009,SAF,NM,ASW,WE,Federal Contract Tower,0,11,22,0,33,0,5,106,11,122,0,16,128,11,155,200,24,224,379
10/04/2009,SAF,NM,ASW,WE,Federal Contract Tower,0,12,43,12,67,0,5,50,11,66,0,17,93,23,133,216,16,232,365
10/05/2009,SAF,NM,ASW,WE,Federal Contract Tower,0,6,32,3,41,0,2,38,0,40,0,8,70,3,81,16,2,18,99
10/06/2009,SAF,NM,ASW,WE,Federal Contract Tower,0,23,34,3,60,0,3,90,15,108,0,26,124,18,168,196,44,240,408
10/07/2009,SAF,NM,ASW,WE,Federal Contract Tower,0,14,23,4,41,0,5,23,2,30,0,19,46,6,71,30,4,34,105
10/08/2009,SAF,NM,ASW,WE,Federal Contract Tower,0,16,32,7,55,0,5,65,10,80,0,21,97,17,135,72,4,76,211
10/09/2009,SAF,NM,ASW,WE,Federal Contract Tower,0,15,33,5,53,0,11,75,2,88,0,26,108,7,141,104,6,110,251
10/10/2009,SAF,NM,ASW,WE,Federal Contract Tower,0,10,23,0,33,0,2,117,11,130,0,12,140,11,163,132,0,132,295
10/11/2009,SAF,NM,ASW,WE,Federal Contract Tower,0,12,26,0,38,0,4,83,2,89,0,16,109,2,127,58,2,60,187
10/12/2009,SAF,NM,ASW,WE,Federal Contract Tower,0,17,22,0,39,0,3,89,2,94,0,20,111,2,133,168,0,168,301
10/13/2009,SAF,NM,ASW,WE,Federal Contract Tower,0,8,20,5,33,0,1,28,3,32,0,9,48,8,65,138,22,160,225
10/14/2009,SAF,NM,ASW,WE,Federal Contract Tower,0,11,30,2,43,0,6,42,0,48,0,17,72,2,91,98,0,98,189
10/15/2009,SAF,NM,ASW,WE,Federal Contract Tower,0,8,18,1,27,0,2,68,8,78,0,10,86,9,105,88,22,110,215
10/16/2009,SAF,NM,ASW,WE,Federal Contract Tower,0,10,29,2,41,0,3,82,4,89,0,13,111,6,130,74,4,78,208
10/17/2009,SAF,NM,ASW,WE,Federal Contract Tower,0,7,17,0,24,0,4,76,1,81,0,11,93,1,105,102,0,102,207
10/18/2009,SAF,NM,ASW,WE,Federal Contract Tower,0,17,24,3,44,0,2,103,5,110,0,19,127,8,154,118,8,126,280
10/19/2009,SAF,NM,ASW,WE,Federal Contract Tower,0,6,19,1,26,0,2,42,6,50,0,8,61,7,76,46,0,46,122
10/20/2009,SAF,NM,ASW,WE,Federal Contract Tower,0,10,14,0,24,0,0,41,6,47,0,10,55,6,71,32,0,32,103
10/21/2009,SAF,NM,ASW,WE,Federal Contract Tower,0,5,23,0,28,0,0,8,0,8,0,5,31,0,36,10,0,10,46
10/22/2009,SAF,NM,ASW,WE,Federal Contract Tower,0,8,25,7,40,0,6,46,3,55,0,14,71,10,95,78,8,86,181
10/23/2009,SAF,NM,ASW,WE,Federal Contract Tower,0,7,23,1,31,0,2,60,1,63,0,9,83,2,94,70,0,70,164
10/24/2009,SAF,NM,ASW,WE,Federal Contract Tower,0,8,15,5,28,0,9,66,2,77,0,17,81,7,105,140,34,174,279
10/25/2009,SAF,NM,ASW,WE,Federal Contract Tower,0,9,15,0,24,0,1,70,25,96,0,10,85,25,120,132,0,132,252
10/26/2009,SAF,NM,ASW,WE,Federal Contract Tower,0,11,20,0,31,0,5,32,26,63,0,16,52,26,94,40,0,40,134
10/27/2009,SAF,NM,ASW,WE,Federal Contract Tower,0,7,20,0,27,0,5,48,5,58,0,12,68,5,85,170,8,178,263
10/28/2009,SAF,NM,ASW,WE,Federal Contract Tower,0,2,22,0,24,0,0,3,1,4,0,2,25,1,28,0,0,0,28
10/29/2009,SAF,NM,ASW,WE,Federal Contract Tower,0,11,7,1,19,0,0,10,2,12,0,11,17,3,31,30,6,36,67
10/30/2009,SAF,NM,ASW,WE,Federal Contract Tower,0,14,18,7,39,0,3,55,4,62,0,17,73,11,101,136,2,138,239
10/31/2009,SAF,NM,ASW,WE,Federal Contract Tower,0,6,5,1,12,0,7,73,1,81,0,13,78,2,93,158,4,162,255
11/01/2009,SAF,NM,ASW,WE,Federal Contract Tower,0,13,16,0,29,0,9,77,0,86,0,22,93,0,115,192,0,192,307
11/02/2009,SAF,NM,ASW,WE,Federal Contract Tower,0,7,10,0,17,0,1,54,2,57,0,8,64,2,74,82,0,82,156
11/03/2009,SAF,NM,ASW,WE,Federal Contract Tower,0,10,17,9,36,0,0,40,7,47,0,10,57,16,83,192,32,224,307
11/04/2009,SAF,NM,ASW,WE,Federal Contract Tower,0,7,12,0,19,0,1,58,0,59,0,8,70,0,78,122,0,122,200
11/05/2009,SAF,NM,ASW,WE,Federal Contract Tower,0,10,22,0,32,0,9,50,10,69,0,19,72,10,101,30,8,38,139
11/06/2009,SAF,NM,ASW,WE,Federal Contract Tower,0,8,15,2,25,0,7,82,1,90,0,15,97,3,115,176,0,176,291
11/07/2009,SAF,NM,ASW,WE,Federal Contract Tower,0,9,16,2,27,0,3,105,7,115,0,12,121,9,142,176,0,176,318
11/08/2009,SAF,NM,ASW,WE,Federal Contract Tower,0,9,27,0,36,0,4,78,10,92,0,13,105,10,128,114,0,114,242
11/09/2009,SAF,NM,ASW,WE,Federal Contract Tower,0,6,13,3,22,0,1,38,9,48,0,7,51,12,70,26,6,32,102
11/10/2009,SAF,NM,ASW,WE,Federal Contract Tower,0,7,13,2,22,0,0,57,4,61,0,7,70,6,83,126,20,146,229
11/11/2009,SAF,NM,ASW,WE,Federal Contract Tower,0,11,20,0,31,0,4,86,4,94,0,15,106,4,125,96,0,96,221
11/12/2009,SAF,NM,ASW,WE,Federal Contract Tower,0,14,22,6,42,0,5,37,8,50,0,19,59,14,92,80,20,100,192
11/13/2009,SAF,NM,ASW,WE,Federal Contract Tower,0,5,13,1,19,0,2,27,10,39,0,7,40,11,58,90,6,96,154
11/14/2009,SAF,NM,ASW,WE,Federal Contract Tower,0,4,16,1,21,0,5,30,0,35,0,9,46,1,56,44,2,46,102
11/15/2009,SAF,NM,ASW,WE,Federal Contract Tower,0,15,25,0,40,0,2,11,0,13,0,17,36,0,53,12,0,12,65
11/16/2009,SAF,NM,ASW,WE,Federal Contract Tower,0,8,15,1,24,0,2,32,0,34,0,10,47,1,58,66,4,70,128
11/17/2009,SAF,NM,ASW,WE,Federal Contract Tower,0,5,12,0,17,0,4,52,9,65,0,9,64,9,82,156,10,166,248
11/18/2009,SAF,NM,ASW,WE,Federal Contract Tower,0,5,17,0,22,0,4,50,4,58,0,9,67,4,80,48,0,48,128
11/19/2009,SAF,NM,ASW,WE,Federal Contract Tower,0,13,17,1,31,0,4,48,7,59,0,17,65,8,90,78,8,86,176
11/20/2009,SAF,NM,ASW,WE,Federal Contract Tower,0,14,17,8,39,0,7,60,14,81,0,21,77,22,120,140,16,156,276
11/21/2009,SAF,NM,ASW,WE,Federal Contract Tower,0,10,16,0,26,0,0,70,7,77,0,10,86,7,103,180,0,180,283
11/22/2009,SAF,NM,ASW,WE,Federal Contract Tower,0,9,13,2,24,0,1,97,0,98,0,10,110,2,122,184,0,184,306
11/23/2009,SAF,NM,ASW,WE,Federal Contract Tower,0,13,14,0,27,0,1,55,6,62,0,14,69,6,89,144,4,148,237
11/24/2009,SAF,NM,ASW,WE,Federal Contract Tower,0,13,22,9,44,0,6,56,19,81,0,19,78,28,125,36,48,84,209
11/25/2009,SAF,NM,ASW,WE,Federal Contract Tower,0,14,21,0,35,0,6,80,1,87,0,20,101,1,122,124,0,124,246
11/26/2009,SAF,NM,ASW,WE,Federal Contract Tower,0,10,8,0,18,0,2,32,0,34,0,12,40,0,52,10,0,10,62
11/27/2009,SAF,NM,ASW,WE,Federal Contract Tower,0,12,17,0,29,0,3,79,1,83,0,15,96,1,112,82,0,82,194
11/28/2009,SAF,NM,ASW,WE,Federal Contract Tower,0,12,21,0,33,0,3,77,3,83,0,15,98,3,116,138,0,138,254
11/29/2009,SAF,NM,ASW,WE,Federal Contract Tower,0,23,19,0,42,0,2,6,1,9,0,25,25,1,51,20,0,20,71
11/30/2009,SAF,NM,ASW,WE,Federal Contract Tower,0,10,7,4,21,0,1,25,5,31,0,11,32,9,52,52,2,54,106
12/01/2009,SAF,NM,ASW,WE,Federal Contract Tower,0,7,16,0,23,0,6,26,4,36,0,13,42,4,59,72,0,72,131
12/02/2009,SAF,NM,ASW,WE,Federal Contract Tower,0,14,14,7,35,0,7,30,7,44,0,21,44,14,79,70,4,74,153
12/03/2009,SAF,NM,ASW,WE,Federal Contract Tower,0,12,10,7,29,0,1,1,0,2,0,13,11,7,31,0,14,14,45
12/04/2009,SAF,NM,ASW,WE,Federal Contract Tower,0,9,32,6,47,0,5,25,8,38,0,14,57,14,85,14,2,16,101
12/05/2009,SAF,NM,ASW,WE,Federal Contract Tower,0,12,16,6,34,0,7,42,9,58,0,19,58,15,92,92,16,108,200
12/06/2009,SAF,NM,ASW,WE,Federal Contract Tower,0,8,13,2,23,0,4,19,3,26,0,12,32,5,49,24,2,26,75
12/07/2009,SAF,NM,ASW,WE,Federal Contract Tower,0,9,14,3,26,0,2,15,0,17,0,11,29,3,43,38,0,38,81
12/08/2009,SAF,NM,ASW,WE,Federal Contract Tower,0,0,4,0,4,0,3,0,0,3,0,3,4,0,7,0,0,0,7
12/09/2009,SAF,NM,ASW,WE,Federal Contract Tower,0,11,17,0,28,0,3,43,2,48,0,14,60,2,76,40,0,40,116
12/10/2009,SAF,NM,ASW,WE,Federal Contract Tower,0,10,13,4,27,0,3,26,9,38,0,13,39,13,65,30,10,40,105
12/11/2009,SAF,NM,ASW,WE,Federal Contract Tower,0,11,22,6,39,0,3,46,17,66,0,14,68,23,105,60,14,74,179
12/12/2009,SAF,NM,ASW,WE,Federal Contract Tower,0,12,7,2,21,0,3,41,2,46,0,15,48,4,67,96,6,102,169
12/13/2009,SAF,NM,ASW,WE,Federal Contract Tower,0,15,15,8,38,0,4,35,0,39,0,19,50,8,77,80,0,80,157
12/14/2009,SAF,NM,ASW,WE,Federal Contract Tower,0,11,17,3,31,0,3,25,2,30,0,14,42,5,61,28,8,36,97
12/15/2009,SAF,NM,ASW,WE,Federal Contract Tower,0,8,21,0,29,0,2,30,5,37,0,10,51,5,66,70,8,78,144
12/16/2009,SAF,NM,ASW,WE,Federal Contract Tower,0,9,12,4,25,0,1,55,21,77,0,10,67,25,102,88,20,108,210
12/17/2009,SAF,NM,ASW,WE,Federal Contract Tower,0,11,14,0,25,0,2,65,23,90,0,13,79,23,115,64,18,82,197
12/18/2009,SAF,NM,ASW,WE,Federal Contract Tower,0,8,23,10,41,0,3,46,9,58,0,11,69,19,99,108,24,132,231
12/19/2009,SAF,NM,ASW,WE,Federal Contract Tower,0,8,17,0,25,0,3,81,0,84,0,11,98,0,109,184,0,184,293
12/20/2009,SAF,NM,ASW,WE,Federal Contract Tower,0,7,9,1,17,0,2,58,2,62,0,9,67,3,79,98,0,98,177
12/21/2009,SAF,NM,ASW,WE,Federal Contract Tower,0,9,21,0,30,0,1,51,3,55,0,10,72,3,85,60,2,62,147
12/22/2009,SAF,NM,ASW,WE,Federal Contract Tower,0,18,26,0,44,0,2,25,5,32,0,20,51,5,76,64,88,152,228
12/23/2009,SAF,NM,ASW,WE,Federal Contract Tower,0,18,12,0,30,0,0,1,0,1,0,18,13,0,31,2,0,2,33
12/24/2009,SAF,NM,ASW,WE,Federal Contract Tower,0,12,6,0,18,0,2,16,0,18,0,14,22,0,36,30,0,30,66
12/25/2009,SAF,NM,ASW,WE,Federal Contract Tower,0,11,4,0,15,0,2,20,0,22,0,13,24,0,37,6,0,6,43
12/26/2009,SAF,NM,ASW,WE,Federal Contract Tower,0,21,31,0,52,0,1,57,0,58,0,22,88,0,110,78,0,78,188
12/27/2009,SAF,NM,ASW,WE,Federal Contract Tower,0,25,37,0,62,0,3,64,0,67,0,28,101,0,129,70,0,70,199
12/28/2009,SAF,NM,ASW,WE,Federal Contract Tower,0,17,23,0,40,0,5,42,0,47,0,22,65,0,87,124,0,124,211
12/29/2009,SAF,NM,ASW,WE,Federal Contract Tower,0,15,13,1,29,0,0,14,1,15,0,15,27,2,44,102,0,102,146
12/30/2009,SAF,NM,ASW,WE,Federal Contract Tower,0,20,27,0,47,0,2,22,0,24,0,22,49,0,71,34,0,34,105
12/31/2009,SAF,NM,ASW,WE,Federal Contract Tower,0,15,16,0,31,0,2,34,1,37,0,17,50,1,68,46,0,46,114
01/01/2010,SAF,NM,ASW,WE,Federal Contract Tower,0,11,13,0,24,0,2,50,0,52,0,13,63,0,76,108,0,108,184
01/02/2010,SAF,NM,ASW,WE,Federal Contract Tower,0,19,38,2,59,0,6,59,1,66,0,25,97,3,125,68,0,68,193
01/03/2010,SAF,NM,ASW,WE,Federal Contract Tower,0,29,32,1,62,0,2,60,0,62,0,31,92,1,124,72,0,72,196
01/04/2010,SAF,NM,ASW,WE,Federal Contract Tower,0,9,12,0,21,0,0,38,5,43,0,9,50,5,64,100,0,100,164
01/05/2010,SAF,NM,ASW,WE,Federal Contract Tower,0,9,14,2,25,0,1,55,6,62,0,10,69,8,87,52,4,56,143
01/06/2010,SAF,NM,ASW,WE,Federal Contract Tower,0,14,18,0,32,0,4,66,6,76,0,18,84,6,108,122,26,148,256
01/07/2010,SAF,NM,ASW,WE,Federal Contract Tower,0,12,14,0,26,0,1,7,2,10,0,13,21,2,36,10,0,10,46
01/08/2010,SAF,NM,ASW,WE,Federal Contract Tower,0,13,12,5,30,0,8,40,3,51,0,21,52,8,81,32,12,44,125
01/09/2010,SAF,NM,ASW,WE,Federal Contract Tower,0,8,13,4,25,0,0,72,16,88,0,8,85,20,113,134,30,164,277
01/10/2010,SAF,NM,ASW,WE,Federal Contract Tower,0,11,11,2,24,0,1,64,11,76,0,12,75,13,100,100,16,116,216
01/11/2010,SAF,NM,ASW,WE,Federal Contract Tower,0,9,8,0,17,0,3,59,2,64,0,12,67,2,81,96,0,96,177
01/12/2010,SAF,NM,ASW,WE,Federal Contract Tower,0,7,13,1,21,0,0,58,7,65,0,7,71,8,86,90,60,150,236
01/13/2010,SAF,NM,ASW,WE,Federal Contract Tower,0,9,22,3,34,0,8,48,6,62,0,17,70,9,96,38,26,64,160
01/14/2010,SAF,NM,ASW,WE,Federal Contract Tower,0,8,14,0,22,0,5,41,3,49,0,13,55,3,71,74,24,98,169
01/15/2010,SAF,NM,ASW,WE,Federal Contract Tower,0,13,16,15,44,0,6,48,10,64,0,19,64,25,108,66,18,84,192
01/16/2010,SAF,NM,ASW,WE,Federal Contract Tower,0,12,13,3,28,0,8,100,6,114,0,20,113,9,142,114,8,122,264
01/17/2010,SAF,NM,ASW,WE,Federal Contract Tower,0,15,14,1,30,0,6,81,0,87,0,21,95,1,117,112,0,112,229
01/18/2010,SAF,NM,ASW,WE,Federal Contract Tower,0,15,14,1,30,0,4,54,6,64,0,19,68,7,94,108,0,108,202
01/19/2010,SAF,NM,ASW,WE,Federal Contract Tower,0,9,12,0,21,0,3,6,0,9,0,12,18,0,30,2,0,2,32
01/20/2010,SAF,NM,ASW,WE,Federal Contract Tower,0,13,16,2,31,0,0,3,5,8,0,13,19,7,39,8,14,22,61
01/21/2010,SAF,NM,ASW,WE,Federal Contract Tower,0,8,15,0,23,0,0,8,1,9,0,8,23,1,32,34,20,54,86
01/22/2010,SAF,NM,ASW,WE,Federal Contract Tower,0,11,3,0,14,0,2,0,0,2,0,13,3,0,16,0,0,0,16
01/23/2010,SAF,NM,ASW,WE,Federal Contract Tower,0,7,6,0,13,0,3,2,0,5,0,10,8,0,18,0,0,0,18
01/24/2010,SAF,NM,ASW,WE,Federal Contract Tower,0,8,13,0,21,0,2,49,0,51,0,10,62,0,72,100,0,100,172
01/25/2010,SAF,NM,ASW,WE,Federal Contract Tower,0,7,18,0,25,0,4,48,0,52,0,11,66,0,77,144,0,144,221
01/26/2010,SAF,NM,ASW,WE,Federal Contract Tower,0,7,27,2,36,0,2,64,6,72,0,9,91,8,108,308,32,340,448
01/27/2010,SAF,NM,ASW,WE,Federal Contract Tower,0,9,29,1,39,0,3,32,10,45,0,12,61,11,84,162,4,166,250
01/28/2010,SAF,NM,ASW,WE,Federal Contract Tower,0,2,5,0,7,0,0,0,0,0,0,2,5,0,7,0,0,0,7
01/29/2010,SAF,NM,ASW,WE,Federal Contract Tower,0,7,14,5,26,0,0,4,1,5,0,7,18,6,31,2,4,6,37
01/30/2010,SAF,NM,ASW,WE,Federal Contract Tower,0,13,11,4,28,0,1,39,12,52,0,14,50,16,80,82,22,104,184
01/31/2010,SAF,NM,ASW,WE,Federal Contract Tower,0,10,8,5,23,0,1,54,9,64,0,11,62,14,87,142,12,154,241
02/01/2010,SAF,NM,ASW,WE,Federal Contract Tower,0,6,11,2,19,0,5,36,4,45,0,11,47,6,64,56,0,56,120
02/02/2010,SAF,NM,ASW,WE,Federal Contract Tower,0,13,11,0,24,0,0,52,6,58,0,13,63,6,82,202,8,210,292
02/03/2010,SAF,NM,ASW,WE,Federal Contract Tower,0,2,3,0,5,0,0,0,0,0,0,2,3,0,5,0,0,0,5
02/04/2010,SAF,NM,ASW,WE,Federal Contract Tower,0,14,19,0,33,0,1,17,4,22,0,15,36,4,55,38,4,42,97
02/05/2010,SAF,NM,ASW,WE,Federal Contract Tower,0,13,19,1,33,0,4,46,5,55,0,17,65,6,88,120,0,120,208
02/06/2010,SAF,NM,ASW,WE,Federal Contract Tower,0,9,14,6,29,0,0,73,19,92,0,9,87,25,121,250,20,270,391
02/07/2010,SAF,NM,ASW,WE,Federal Contract Tower,0,8,10,4,22,0,2,9,16,27,0,10,19,20,49,16,42,58,107
02/08/2010,SAF,NM,ASW,WE,Federal Contract Tower,0,10,6,0,16,0,0,7,2,9,0,10,13,2,25,28,14,42,67
02/09/2010,SAF,NM,ASW,WE,Federal Contract Tower,0,15,19,3,37,0,7,8,0,15,0,22,27,3,52,50,80,130,182
02/10/2010,SAF,NM,ASW,WE,Federal Contract Tower,0,8,15,4,27,0,0,12,1,13,0,8,27,5,40,74,0,74,114
02/11/2010,SAF,NM,ASW,WE,Federal Contract Tower,0,5,23,1,29,0,2,37,6,45,0,7,60,7,74,116,0,116,190
02/12/2010,SAF,NM,ASW,WE,Federal Contract Tower,0,12,26,0,38,0,7,43,6,56,0,19,69,6,94,136,0,136,230
02/13/2010,SAF,NM,ASW,WE,Federal Contract Tower,0,20,9,3,32,0,6,56,6,68,0,26,65,9,100,158,10,168,268
02/14/2010,SAF,NM,ASW,WE,Federal Contract Tower,0,12,9,1,22,0,2,53,1,56,0,14,62,2,78,82,0,82,160
02/15/2010,SAF,NM,ASW,WE,Federal Contract Tower,0,17,20,0,37,0,2,63,3,68,0,19,83,3,105,224,4,228,333
02/16/2010,SAF,NM,ASW,WE,Federal Contract Tower,0,14,14,2,30,0,4,43,6,53,0,18,57,8,83,224,16,240,323
02/17/2010,SAF,NM,ASW,WE,Federal Contract Tower,0,17,14,0,31,0,2,61,6,69,0,19,75,6,100,234,2,236,336
02/18/2010,SAF,NM,ASW,WE,Federal Contract Tower,0,12,11,7,30,0,1,56,7,64,0,13,67,14,94,156,0,156,250
02/19/2010,SAF,NM,ASW,WE,Federal Contract Tower,0,12,20,3,35,0,1,49,9,59,0,13,69,12,94,62,28,90,184
02/20/2010,SAF,NM,ASW,WE,Federal Contract Tower,0,11,15,0,26,0,2,20,0,22,0,13,35,0,48,90,0,90,138
02/21/2010,SAF,NM,ASW,WE,Federal Contract Tower,0,12,10,0,22,0,2,11,0,13,0,14,21,0,35,30,0,30,65
02/22/2010,SAF,NM,ASW,WE,Federal Contract Tower,0,8,4,0,12,0,0,0,0,0,0,8,4,0,12,6,0,6,18
02/23/2010,SAF,NM,ASW,WE,Federal Contract Tower,0,13,13,1,27,0,2,28,7,37,0,15,41,8,64,154,30,184,248
02/24/2010,SAF,NM,ASW,WE,Federal Contract Tower,0,14,8,3,25,0,0,49,9,58,0,14,57,12,83,186,22,208,291
02/25/2010,SAF,NM,ASW,WE,Federal Contract Tower,0,12,21,5,38,0,5,31,6,42,0,17,52,11,80,136,44,180,260
02/26/2010,SAF,NM,ASW,WE,Federal Contract Tower,0,14,16,1,31,0,1,72,5,78,0,15,88,6,109,152,0,152,261
02/27/2010,SAF,NM,ASW,WE,Federal Contract Tower,0,12,11,6,29,0,6,49,3,58,0,18,60,9,87,152,0,152,239
02/28/2010,SAF,NM,ASW,WE,Federal Contract Tower,0,18,10,1,29,0,2,8,0,10,0,20,18,1,39,20,0,20,59
03/01/2010,SAF,NM,ASW,WE,Federal Contract Tower,0,16,17,1,34,0,0,22,2,24,0,16,39,3,58,36,16,52,110
03/02/2010,SAF,NM,ASW,WE,Federal Contract Tower,0,7,11,4,22,0,1,39,7,47,0,8,50,11,69,184,44,228,297
03/03/2010,SAF,NM,ASW,WE,Federal Contract Tower,0,13,15,2,30,0,5,76,2,83,0,18,91,4,113,170,0,170,283
03/04/2010,SAF,NM,ASW,WE,Federal Contract Tower,0,15,18,3,36,0,3,61,7,71,0,18,79,10,107,110,18,128,235
03/05/2010,SAF,NM,ASW,WE,Federal Contract Tower,0,13,22,2,37,0,2,60,8,70,0,15,82,10,107,170,10,180,287
03/06/2010,SAF,NM,ASW,WE,Federal Contract Tower,0,14,19,6,39,0,3,114,10,127,0,17,133,16,166,216,26,242,408
03/07/2010,SAF,NM,ASW,WE,Federal Contract Tower,0,8,17,6,31,0,1,9,2,12,0,9,26,8,43,20,2,22,65
03/08/2010,SAF,NM,ASW,WE,Federal Contract Tower,0,11,12,0,23,0,1,5,0,6,0,12,17,0,29,26,0,26,55
03/09/2010,SAF,NM,ASW,WE,Federal Contract Tower,0,9,22,0,31,0,3,41,10,54,0,12,63,10,85,140,84,224,309
03/10/2010,SAF,NM,ASW,WE,Federal Contract Tower,0,5,7,0,12,0,0,3,2,5,0,5,10,2,17,0,0,0,17
03/11/2010,SAF,NM,ASW,WE,Federal Contract Tower,0,11,11,2,24,0,1,11,12,24,0,12,22,14,48,28,34,62,110
03/12/2010,SAF,NM,ASW,WE,Federal Contract Tower,0,19,20,1,40,0,3,56,7,66,0,22,76,8,106,128,8,136,242
03/13/2010,SAF,NM,ASW,WE,Federal Contract Tower,0,11,6,0,17,0,10,84,22,116,0,21,90,22,133,86,18,104,237
03/14/2010,SAF,NM,ASW,WE,Federal Contract Tower,0,13,20,1,34,0,0,7,1,8,0,13,27,2,42,0,0,0,42
03/15/2010,SAF,NM,ASW,WE,Federal Contract Tower,0,14,21,0,35,0,4,23,1,28,0,18,44,1,63,20,0,20,83
03/16/2010,SAF,NM,ASW,WE,Federal Contract Tower,0,16,12,1,29,0,1,57,11,69,0,17,69,12,98,208,4,212,310
03/17/2010,SAF,NM,ASW,WE,Federal Contract Tower,0,15,23,2,40,0,3,61,6,70,0,18,84,8,110,68,0,68,178
03/18/2010,SAF,NM,ASW,WE,Federal Contract Tower,0,20,16,1,37,0,4,78,6,88,0,24,94,7,125,112,12,124,249
03/19/2010,SAF,NM,ASW,WE,Federal Contract Tower,0,19,28,0,47,0,0,20,10,30,0,19,48,10,77,12,0,12,89
03/20/2010,SAF,NM,ASW,WE,Federal Contract Tower,0,17,13,1,31,0,4,25,7,36,0,21,38,8,67,72,32,104,171
03/21/2010,SAF,NM,ASW,WE,Federal Contract Tower,0,19,31,0,50,0,3,94,1,98,0,22,125,1,148,226,0,226,374
03/22/2010,SAF,NM,ASW,WE,Federal Contract Tower,0,11,15,0,26,0,0,53,0,53,0,11,68,0,79,138,0,138,217
03/23/2010,SAF,NM,ASW,WE,Federal Contract Tower,0,10,16,1,27,0,5,32,10,47,0,15,48,11,74,72,46,118,192
03/24/2010,SAF,NM,ASW,WE,Federal Contract Tower,0,15,13,0,28,0,1,12,4,17,0,16,25,4,45,12,2,14,59
03/25/2010,SAF,NM,ASW,WE,Federal Contract Tower,0,13,22,0,35,0,4,75,8,87,0,17,97,8,122,214,4,218,340
03/26/2010,SAF,NM,ASW,WE,Federal Contract Tower,0,17,20,2,39,0,0,37,8,45,0,17,57,10,84,92,12,104,188
03/27/2010,SAF,NM,ASW,WE,Federal Contract Tower,0,14,16,0,30,0,11,29,0,40,0,25,45,0,70,68,0,68,138
03/28/2010,SAF,NM,ASW,WE,Federal Contract Tower,0,11,18,0,29,0,1,47,0,48,0,12,65,0,77,106,0,106,183
03/29/2010,SAF,NM,ASW,WE,Federal Contract Tower,0,15,14,2,31,0,54,1,0,55,0,69,15,2,86,118,6,124,210
03/30/2010,SAF,NM,ASW,WE,Federal Contract Tower,0,15,16,1,32,0,1,51,5,57,0,16,67,6,89,134,22,156,245
03/31/2010,SAF,NM,ASW,WE,Federal Contract Tower,0,15,21,0,36,0,3,53,6,62,0,18,74,6,98,110,0,110,208
04/01/2010,SAF,NM,ASW,WE,Federal Contract Tower,0,19,18,0,37,0,3,11,1,15,0,22,29,1,52,2,0,2,54
04/02/2010,SAF,NM,ASW,WE,Federal Contract Tower,0,18,11,0,29,0,2,35,3,40,0,20,46,3,69,126,2,128,197
04/03/2010,SAF,NM,ASW,WE,Federal Contract Tower,0,13,12,3,28,0,2,74,0,76,0,15,86,3,104,156,6,162,266
04/04/2010,SAF,NM,ASW,WE,Federal Contract Tower,0,13,11,7,31,0,5,48,1,54,0,18,59,8,85,46,8,54,139
04/05/2010,SAF,NM,ASW,WE,Federal Contract Tower,0,18,6,0,24,0,0,30,0,30,0,18,36,0,54,20,0,20,74
04/06/2010,SAF,NM,ASW,WE,Federal Contract Tower,0,14,12,0,26,0,1,11,5,17,0,15,23,5,43,14,14,28,71
04/07/2010,SAF,NM,ASW,WE,Federal Contract Tower,0,12,11,2,25,0,2,29,2,33,0,14,40,4,58,30,18,48,106
04/08/2010,SAF,NM,ASW,WE,Federal Contract Tower,0,18,13,2,33,0,0,44,10,54,0,18,57,12,87,36,26,62,149
04/09/2010,SAF,NM,ASW,WE,Federal Contract Tower,0,15,13,3,31,0,7,80,3,90,0,22,93,6,121,134,0,134,255
04/10/2010,SAF,NM,ASW,WE,Federal Contract Tower,0,12,11,12,35,0,9,111,38,158,0,21,122,50,193,178,54,232,425
04/11/2010,SAF,NM,ASW,WE,Federal Contract Tower,0,17,19,3,39,0,10,79,8,97,0,27,98,11,136,152,12,164,300
04/12/2010,SAF,NM,ASW,WE,Federal Contract Tower,0,13,12,3,28,0,2,20,1,23,0,15,32,4,51,34,0,34,85
04/13/2010,SAF,NM,ASW,WE,Federal Contract Tower,0,11,8,2,21,0,5,32,5,42,0,16,40,7,63,62,0,62,125
04/14/2010,SAF,NM,ASW,WE,Federal Contract Tower,0,12,22,2,36,0,2,43,5,50,0,14,65,7,86,162,0,162,248
04/15/2010,SAF,NM,ASW,WE,Federal Contract Tower,0,8,22,1,31,0,6,42,4,52,0,14,64,5,83,87,0,87,170
04/16/2010,SAF,NM,ASW,WE,Federal Contract Tower,0,10,17,2,29,0,0,46,6,52,0,10,63,8,81,134,0,134,215
04/17/2010,SAF,NM,ASW,WE,Federal Contract Tower,0,9,13,0,22,0,4,9,4,17,0,13,22,4,39,30,8,38,77
04/18/2010,SAF,NM,ASW,WE,Federal Contract Tower,0,14,18,2,34,0,3,45,2,50,0,17,63,4,84,106,0,106,190
04/19/2010,SAF,NM,ASW,WE,Federal Contract Tower,0,11,16,0,27,0,0,21,0,21,0,11,37,0,48,50,0,50,98
04/20/2010,SAF,NM,ASW,WE,Federal Contract Tower,0,11,15,4,30,0,1,61,4,66,0,12,76,8,96,234,24,258,354
04/21/2010,SAF,NM,ASW,WE,Federal Contract Tower,0,14,16,7,37,0,4,69,6,79,0,18,85,13,116,158,8,166,282
04/22/2010,SAF,NM,ASW,WE,Federal Contract Tower,0,9,29,0,38,0,0,27,4,31,0,9,56,4,69,126,6,132,201
04/23/2010,SAF,NM,ASW,WE,Federal Contract Tower,0,11,23,9,43,0,0,33,11,44,0,11,56,20,87,70,36,106,193
04/24/2010,SAF,NM,ASW,WE,Federal Contract Tower,0,17,10,13,40,0,4,66,7,77,0,21,76,20,117,82,36,118,235
04/25/2010,SAF,NM,ASW,WE,Federal Contract Tower,0,12,18,1,31,0,3,80,0,83,0,15,98,1,114,112,0,112,226
04/26/2010,SAF,NM,ASW,WE,Federal Contract Tower,0,8,13,5,26,0,8,60,9,77,0,16,73,14,103,72,4,76,179
04/27/2010,SAF,NM,ASW,WE,Federal Contract Tower,0,14,11,3,28,0,1,64,5,70,0,15,75,8,98,190,8,198,296
04/28/2010,SAF,NM,ASW,WE,Federal Contract Tower,0,10,6,1,17,0,3,37,1,41,0,13,43,2,58,88,0,88,146
04/29/2010,SAF,NM,ASW,WE,Federal Contract Tower,0,13,22,0,35,0,0,18,0,18,0,13,40,0,53,12,0,12,65
04/30/2010,SAF,NM,ASW,WE,Federal Contract Tower,0,12,13,6,31,0,3,21,9,33,0,15,34,15,64,34,4,38,102
05/01/2010,SAF,NM,ASW,WE,Federal Contract Tower,0,11,23,2,36,0,1,44,8,53,0,12,67,10,89,162,0,162,251
05/02/2010,SAF,NM,ASW,WE,Federal Contract Tower,0,19,19,4,42,0,7,9,7,23,0,26,28,11,65,16,50,66,131
05/03/2010,SAF,NM,ASW,WE,Federal Contract Tower,0,12,16,3,31,0,0,60,2,62,0,12,76,5,93,148,0,148,241
05/04/2010,SAF,NM,ASW,WE,Federal Contract Tower,0,14,9,7,30,0,8,64,13,85,0,22,73,20,115,112,34,146,261
05/05/2010,SAF,NM,ASW,WE,Federal Contract Tower,0,16,15,1,32,0,3,69,3,75,0,19,84,4,107,108,0,108,215
05/06/2010,SAF,NM,ASW,WE,Federal Contract Tower,0,10,18,6,34,0,5,51,13,69,0,15,69,19,103,60,2,62,165
05/07/2010,SAF,NM,ASW,WE,Federal Contract Tower,0,17,22,2,41,0,2,75,13,90,0,19,97,15,131,190,4,194,325
05/08/2010,SAF,NM,ASW,WE,Federal Contract Tower,0,11,12,1,24,0,4,38,3,45,0,15,50,4,69,96,0,96,165
05/09/2010,SAF,NM,ASW,WE,Federal Contract Tower,0,21,19,0,40,0,2,49,0,51,0,23,68,0,91,84,0,84,175
05/10/2010,SAF,NM,ASW,WE,Federal Contract Tower,0,13,13,0,26,0,1,14,0,15,0,14,27,0,41,56,0,56,97
05/11/2010,SAF,NM,ASW,WE,Federal Contract Tower,0,13,11,4,28,0,2,40,2,44,0,15,51,6,72,62,0,62,134
05/12/2010,SAF,NM,ASW,WE,Federal Contract Tower,0,20,20,1,41,0,3,46,7,56,0,23,66,8,97,144,12,156,253
05/13/2010,SAF,NM,ASW,WE,Federal Contract Tower,0,14,27,8,49,0,8,55,2,65,0,22,82,10,114,106,6,112,226
05/14/2010,SAF,NM,ASW,WE,Federal Contract Tower,0,15,17,0,32,0,5,21,2,28,0,20,38,2,60,38,0,38,98
05/15/2010,SAF,NM,ASW,WE,Federal Contract Tower,0,13,12,3,28,0,6,51,9,66,0,19,63,12,94,64,66,130,224
05/16/2010,SAF,NM,ASW,WE,Federal Contract Tower,0,18,30,0,48,0,5,72,0,77,0,23,102,0,125,152,0,152,277
05/17/2010,SAF,NM,ASW,WE,Federal Contract Tower,0,14,13,0,27,0,5,34,0,39,0,19,47,0,66,66,0,66,132
05/18/2010,SAF,NM,ASW,WE,Federal Contract Tower,0,11,24,7,42,0,7,31,4,42,0,18,55,11,84,68,16,84,168
05/19/2010,SAF,NM,ASW,WE,Federal Contract Tower,0,16,15,2,33,0,2,62,2,66,0,18,77,4,99,218,0,218,317
05/20/2010,SAF,NM,ASW,WE,Federal Contract Tower,0,12,14,0,26,0,0,70,3,73,0,12,84,3,99,96,0,96,195
05/21/2010,SAF,NM,ASW,WE,Federal Contract Tower,0,15,17,4,36,0,3,81,3,87,0,18,98,7,123,146,0,146,269
05/22/2010,SAF,NM,ASW,WE,Federal Contract Tower,0,13,12,1,26,0,2,41,2,45,0,15,53,3,71,68,10,78,149
05/23/2010,SAF,NM,ASW,WE,Federal Contract Tower,0,16,22,0,38,0,6,47,2,55,0,22,69,2,93,70,0,70,163
05/24/2010,SAF,NM,ASW,WE,Federal Contract Tower,0,17,14,4,35,0,4,29,9,42,0,21,43,13,77,42,0,42,119
05/25/2010,SAF,NM,ASW,WE,Federal Contract Tower,0,16,13,4,33,0,4,75,10,89,0,20,88,14,122,188,34,222,344
05/26/2010,SAF,NM,ASW,WE,Federal Contract Tower,0,20,21,2,43,0,2,46,4,52,0,22,67,6,95,78,4,82,177
05/27/2010,SAF,NM,ASW,WE,Federal Contract Tower,0,26,17,5,48,0,4,41,6,51,0,30,58,11,99,30,6,36,135
05/28/2010,SAF,NM,ASW,WE,Federal Contract Tower,0,20,31,2,53,0,2,70,4,76,0,22,101,6,129,166,0,166,295
05/29/2010,SAF,NM,ASW,WE,Federal Contract Tower,0,11,8,1,20,0,11,90,0,101,0,22,98,1,121,58,0,58,179
05/30/2010,SAF,NM,ASW,WE,Federal Contract Tower,0,13,10,0,23,0,7,67,0,74,0,20,77,0,97,72,0,72,169
05/31/2010,SAF,NM,ASW,WE,Federal Contract Tower,0,26,18,0,44,0,5,128,4,137,0,31,146,4,181,122,0,122,303
06/01/2010,SAF,NM,ASW,WE,Federal Contract Tower,0,15,23,2,40,0,5,86,5,96,0,20,109,7,136,126,0,126,262
06/02/2010,SAF,NM,ASW,WE,Federal Contract Tower,0,19,19,4,42,0,5,75,6,86,0,24,94,10,128,120,4,124,252
06/03/2010,SAF,NM,ASW,WE,Federal Contract Tower,0,21,23,6,50,0,4,78,14,96,0,25,101,20,146,124,22,146,292
06/04/2010,SAF,NM,ASW,WE,Federal Contract Tower,0,13,21,2,36,0,8,66,8,82,0,21,87,10,118,98,8,106,224
06/05/2010,SAF,NM,ASW,WE,Federal Contract Tower,0,15,19,11,45,0,5,66,12,83,0,20,85,23,128,70,36,106,234
06/06/2010,SAF,NM,ASW,WE,Federal Contract Tower,0,37,27,1,65,0,9,61,5,75,0,46,88,6,140,18,0,18,158
06/07/2010,SAF,NM,ASW,WE,Federal Contract Tower,0,27,26,0,53,0,0,62,8,70,0,27,88,8,123,88,30,118,241
06/08/2010,SAF,NM,ASW,WE,Federal Contract Tower,0,15,15,4,34,0,8,63,3,74,0,23,78,7,108,131,8,139,247
06/09/2010,SAF,NM,ASW,WE,Federal Contract Tower,0,18,30,4,52,0,3,47,21,71,0,21,77,25,123,116,8,124,247
06/10/2010,SAF,NM,ASW,WE,Federal Contract Tower,0,19,25,1,45,0,5,73,5,83,0,24,98,6,128,86,0,86,214
06/11/2010,SAF,NM,ASW,WE,Federal Contract Tower,0,15,27,3,45,0,2,101,3,106,0,17,128,6,151,70,0,70,221
06/12/2010,SAF,NM,ASW,WE,Federal Contract Tower,0,13,16,0,29,0,2,66,0,68,0,15,82,0,97,60,0,60,157
06/13/2010,SAF,NM,ASW,WE,Federal Contract Tower,0,19,22,1,42,0,4,100,0,104,0,23,122,1,146,80,6,86,232
06/14/2010,SAF,NM,ASW,WE,Federal Contract Tower,0,13,18,0,31,0,7,86,5,98,0,20,104,5,129,114,2,116,245
06/15/2010,SAF,NM,ASW,WE,Federal Contract Tower,0,22,24,3,49,0,2,83,11,96,0,24,107,14,145,152,8,160,305
06/16/2010,SAF,NM,ASW,WE,Federal Contract Tower,0,15,27,2,44,0,6,91,17,114,0,21,118,19,158,110,2,112,270
06/17/2010,SAF,NM,ASW,WE,Federal Contract Tower,0,17,24,3,44,0,9,73,8,90,0,26,97,11,134,70,8,78,212
06/18/2010,SAF,NM,ASW,WE,Federal Contract Tower,0,17,19,0,36,0,5,93,24,122,0,22,112,24,158,174,2,176,334
06/19/2010,SAF,NM,ASW,WE,Federal Contract Tower,0,11,18,2,31,0,11,89,0,100,0,22,107,2,131,112,0,112,243
06/20/2010,SAF,NM,ASW,WE,Federal Contract Tower,0,11,27,6,44,0,2,85,1,88,0,13,112,7,132,16,6,22,154
06/21/2010,SAF,NM,ASW,WE,Federal Contract Tower,0,16,21,2,39,0,3,82,6,91,0,19,103,8,130,76,2,78,208
06/22/2010,SAF,NM,ASW,WE,Federal Contract Tower,0,17,23,3,43,0,5,74,6,85,0,22,97,9,128,140,38,178,306
06/23/2010,SAF,NM,ASW,WE,Federal Contract Tower,0,13,21,3,37,0,3,71,6,80,0,16,92,9,117,58,10,68,185
06/24/2010,SAF,NM,ASW,WE,Federal Contract Tower,0,17,23,5,45,0,5,73,0,78,0,22,96,5,123,50,8,58,181
06/25/2010,SAF,NM,ASW,WE,Federal Contract Tower,0,16,20,1,37,0,1,79,2,82,0,17,99,3,119,94,0,94,213
06/26/2010,SAF,NM,ASW,WE,Federal Contract Tower,0,12,13,0,25,0,7,80,2,89,0,19,93,2,114,44,0,44,158
06/27/2010,SAF,NM,ASW,WE,Federal Contract Tower,0,16,25,0,41,0,0,99,0,99,0,16,124,0,140,70,0,70,210
06/28/2010,SAF,NM,ASW,WE,Federal Contract Tower,0,16,22,0,38,0,6,53,1,60,0,22,75,1,98,70,0,70,168
06/29/2010,SAF,NM,ASW,WE,Federal Contract Tower,0,16,21,3,40,0,3,56,9,68,0,19,77,12,108,98,20,118,226
06/30/2010,SAF,NM,ASW,WE,Federal Contract Tower,0,11,28,5,44,0,4,68,14,86,0,15,96,19,130,70,14,84,214
07/01/2010,SAF,NM,ASW,WE,Federal Contract Tower,0,29,30,5,64,0,5,50,15,70,0,34,80,20,134,30,6,36,170
07/02/2010,SAF,NM,ASW,WE,Federal Contract Tower,0,22,19,0,41,0,3,67,2,72,0,25,86,2,113,126,4,130,243
07/03/2010,SAF,NM,ASW,WE,Federal Contract Tower,0,16,15,0,31,0,2,54,12,68,0,18,69,12,99,58,0,58,157
07/04/2010,SAF,NM,ASW,WE,Federal Contract Tower,0,14,8,0,22,0,4,68,4,76,0,18,76,4,98,94,0,94,192
07/05/2010,SAF,NM,ASW,WE,Federal Contract Tower,0,26,25,0,51,0,3,68,0,71,0,29,93,0,122,98,0,98,220
07/06/2010,SAF,NM,ASW,WE,Federal Contract Tower,0,17,24,0,41,0,7,71,7,85,0,24,95,7,126,32,2,34,160
07/07/2010,SAF,NM,ASW,WE,Federal Contract Tower,0,22,29,1,52,0,2,59,3,64,0,24,88,4,116,122,2,124,240
07/08/2010,SAF,NM,ASW,WE,Federal Contract Tower,0,22,19,0,41,0,6,69,9,84,0,28,88,9,125,84,8,92,217
07/09/2010,SAF,NM,ASW,WE,Federal Contract Tower,0,21,23,1,45,0,3,71,6,80,0,24,94,7,125,66,10,76,201
07/10/2010,SAF,NM,ASW,WE,Federal Contract Tower,0,16,8,2,26,0,3,90,4,97,0,19,98,6,123,186,60,246,369
07/11/2010,SAF,NM,ASW,WE,Federal Contract Tower,0,26,30,0,56,0,2,59,2,63,0,28,89,2,119,106,2,108,227
07/12/2010,SAF,NM,ASW,WE,Federal Contract Tower,0,19,28,0,47,0,2,74,2,78,0,21,102,2,125,110,0,110,235
07/13/2010,SAF,NM,ASW,WE,Federal Contract Tower,0,9,21,3,33,0,4,68,11,83,0,13,89,14,116,214,42,256,372
07/14/2010,SAF,NM,ASW,WE,Federal Contract Tower,0,11,19,1,31,0,2,63,5,70,0,13,82,6,101,86,18,104,205
07/15/2010,SAF,NM,ASW,WE,Federal Contract Tower,0,21,10,0,31,0,1,48,10,59,0,22,58,10,90,78,6,84,174
07/16/2010,SAF,NM,ASW,WE,Federal Contract Tower,0,23,28,0,51,0,3,67,10,80,0,26,95,10,131,162,14,176,307
07/17/2010,SAF,NM,ASW,WE,Federal Contract Tower,0,17,10,4,31,0,6,68,1,75,0,23,78,5,106,114,12,126,232
07/18/2010,SAF,NM,ASW,WE,Federal Contract Tower,0,20,27,0,47,0,2,76,0,78,0,22,103,0,125,162,0,162,287
07/19/2010,SAF,NM,ASW,WE,Federal Contract Tower,0,18,20,1,39,0,0,65,1,66,0,18,85,2,105,106,0,106,211
07/20/2010,SAF,NM,ASW,WE,Federal Contract Tower,0,15,26,4,45,0,0,47,3,50,0,15,73,7,95,68,12,80,175
07/21/2010,SAF,NM,ASW,WE,Federal Contract Tower,0,15,29,2,46,0,2,53,0,55,0,17,82,2,101,142,8,150,251
07/22/2010,SAF,NM,ASW,WE,Federal Contract Tower,0,24,35,0,59,0,5,61,4,70,0,29,96,4,129,44,2,46,175
07/23/2010,SAF,NM,ASW,WE,Federal Contract Tower,0,24,31,1,56,0,4,99,7,110,0,28,130,8,166,242,12,254,420
07/24/2010,SAF,NM,ASW,WE,Federal Contract Tower,0,17,32,0,49,0,3,58,0,61,0,20,90,0,110,58,0,58,168
07/25/2010,SAF,NM,ASW,WE,Federal Contract Tower,0,24,53,1,78,0,3,30,1,34,0,27,83,2,112,30,0,30,142
07/26/2010,SAF,NM,ASW,WE,Federal Contract Tower,0,19,24,3,46,0,0,32,10,42,0,19,56,13,88,148,2,150,238
07/27/2010,SAF,NM,ASW,WE,Federal Contract Tower,0,16,43,4,63,0,0,61,5,66,0,16,104,9,129,100,12,112,241
07/28/2010,SAF,NM,ASW,WE,Federal Contract Tower,0,11,22,0,33,0,0,48,6,54,0,11,70,6,87,44,6,50,137
07/29/2010,SAF,NM,ASW,WE,Federal Contract Tower,0,17,26,0,43,0,0,63,11,74,0,17,89,11,117,162,20,182,299
07/30/2010,SAF,NM,ASW,WE,Federal Contract Tower,0,10,30,2,42,0,0,56,5,61,0,10,86,7,103,100,2,102,205
07/31/2010,SAF,NM,ASW,WE,Federal Contract Tower,0,20,21,5,46,0,2,63,0,65,0,22,84,5,111,134,0,134,245
08/01/2010,SAF,NM,ASW,WE,Federal Contract Tower,0,30,34,3,67,0,3,69,2,74,0,33,103,5,141,72,0,72,213
08/02/2010,SAF,NM,ASW,WE,Federal Contract Tower,0,19,19,3,41,0,0,74,10,84,0,19,93,13,125,114,28,142,267
08/03/2010,SAF,NM,ASW,WE,Federal Contract Tower,0,15,16,2,33,0,2,51,21,74,0,17,67,23,107,196,102,298,405
08/04/2010,SAF,NM,ASW,WE,Federal Contract Tower,0,13,16,5,34,0,3,58,7,68,0,16,74,12,102,120,4,124,226
08/05/2010,SAF,NM,ASW,WE,Federal Contract Tower,0,23,27,3,53,0,2,47,10,59,0,25,74,13,112,46,30,76,188
08/06/2010,SAF,NM,ASW,WE,Federal Contract Tower,0,20,18,2,40,0,1,76,8,85,0,21,94,10,125,112,22,134,259
08/07/2010,SAF,NM,ASW,WE,Federal Contract Tower,0,16,19,7,42,0,0,57,2,59,0,16,76,9,101,148,14,162,263
08/08/2010,SAF,NM,ASW,WE,Federal Contract Tower,0,16,34,0,50,0,3,79,0,82,0,19,113,0,132,90,0,90,222
08/09/2010,SAF,NM,ASW,WE,Federal Contract Tower,0,14,10,0,24,0,2,37,0,39,0,16,47,0,63,86,0,86,149
08/10/2010,SAF,NM,ASW,WE,Federal Contract Tower,0,10,19,0,29,0,6,55,19,80,0,16,74,19,109,122,18,140,249
08/11/2010,SAF,NM,ASW,WE,Federal Contract Tower,0,22,16,0,38,0,2,75,8,85,0,24,91,8,123,98,12,110,233
08/12/2010,SAF,NM,ASW,WE,Federal Contract Tower,0,22,27,0,49,0,5,47,21,73,0,27,74,21,122,80,20,100,222
08/13/2010,SAF,NM,ASW,WE,Federal Contract Tower,0,17,27,2,46,0,0,55,11,66,0,17,82,13,112,82,6,88,200
08/14/2010,SAF,NM,ASW,WE,Federal Contract Tower,0,13,19,7,39,0,3,65,11,79,0,16,84,18,118,134,0,134,252
08/15/2010,SAF,NM,ASW,WE,Federal Contract Tower,0,29,14,4,47,0,5,69,19,93,0,34,83,23,140,30,12,42,182
08/16/2010,SAF,NM,ASW,WE,Federal Contract Tower,0,20,22,1,43,0,0,25,6,31,0,20,47,7,74,86,2,88,162
08/17/2010,SAF,NM,ASW,WE,Federal Contract Tower,0,15,14,2,31,0,0,71,7,78,0,15,85,9,109,140,6,146,255
08/18/2010,SAF,NM,ASW,WE,Federal Contract Tower,0,18,32,1,51,0,5,76,19,100,0,23,108,20,151,76,2,78,229
08/19/2010,SAF,NM,ASW,WE,Federal Contract Tower,0,20,49,1,70,0,4,65,16,85,0,24,114,17,155,74,20,94,249
08/20/2010,SAF,NM,ASW,WE,Federal Contract Tower,0,22,40,0,62,0,0,68,7,75,0,22,108,7,137,184,0,184,321
08/21/2010,SAF,NM,ASW,WE,Federal Contract Tower,0,17,25,1,43,0,7,90,1,98,0,24,115,2,141,184,18,202,343
08/22/2010,SAF,NM,ASW,WE,Federal Contract Tower,0,23,55,0,78,0,84,2,0,86,0,107,57,0,164,100,0,100,264
08/23/2010,SAF,NM,ASW,WE,Federal Contract Tower,0,16,19,0,35,0,2,52,0,54,0,18,71,0,89,112,0,112,201
08/24/2010,SAF,NM,ASW,WE,Federal Contract Tower,0,13,14,2,29,0,3,45,3,51,0,16,59,5,80,88,8,96,176
08/25/2010,SAF,NM,ASW,WE,Federal Contract Tower,0,11,21,3,35,0,4,65,8,77,0,15,86,11,112,140,6,146,258
08/26/2010,SAF,NM,ASW,WE,Federal Contract Tower,0,15,22,1,38,0,3,68,5,76,0,18,90,6,114,104,8,112,226
08/27/2010,SAF,NM,ASW,WE,Federal Contract Tower,0,15,28,1,44,0,3,44,4,51,0,18,72,5,95,62,0,62,157
08/28/2010,SAF,NM,ASW,WE,Federal Contract Tower,0,11,31,2,44,0,2,52,0,54,0,13,83,2,98,104,6,110,208
08/29/2010,SAF,NM,ASW,WE,Federal Contract Tower,0,19,41,1,61,0,4,84,0,88,0,23,125,1,149,128,0,128,277
08/30/2010,SAF,NM,ASW,WE,Federal Contract Tower,0,15,16,6,37,0,2,41,2,45,0,17,57,8,82,48,6,54,136
08/31/2010,SAF,NM,ASW,WE,Federal Contract Tower,0,8,22,0,30,0,2,65,11,78,0,10,87,11,108,142,24,166,274
09/01/2010,SAF,NM,ASW,WE,Federal Contract Tower,0,16,17,3,36,0,0,37,21,58,0,16,54,24,94,62,12,74,168
09/02/2010,SAF,NM,ASW,WE,Federal Contract Tower,0,20,26,3,49,0,0,52,18,70,0,20,78,21,119,110,6,116,235
09/03/2010,SAF,NM,ASW,WE,Federal Contract Tower,0,16,36,1,53,0,4,69,0,73,0,20,105,1,126,172,0,172,298
09/04/2010,SAF,NM,ASW,WE,Federal Contract Tower,0,12,21,0,33,0,4,77,0,81,0,16,98,0,114,88,0,88,202
09/05/2010,SAF,NM,ASW,WE,Federal Contract Tower,0,12,12,0,24,0,6,70,0,76,0,18,82,0,100,106,0,106,206
09/06/2010,SAF,NM,ASW,WE,Federal Contract Tower,0,20,22,0,42,0,6,81,0,87,0,26,103,0,129,146,0,146,275
09/07/2010,SAF,NM,ASW,WE,Federal Contract Tower,0,19,11,2,32,0,1,36,3,40,0,20,47,5,72,64,8,72,144
09/08/2010,SAF,NM,ASW,WE,Federal Contract Tower,0,21,18,2,41,0,1,55,6,62,0,22,73,8,103,110,2,112,215
09/09/2010,SAF,NM,ASW,WE,Federal Contract Tower,0,17,26,9,52,0,3,61,3,67,0,20,87,12,119,118,20,138,257
09/10/2010,SAF,NM,ASW,WE,Federal Contract Tower,0,13,29,5,47,0,6,74,2,82,0,19,103,7,129,158,4,162,291
09/11/2010,SAF,NM,ASW,WE,Federal Contract Tower,0,15,11,2,28,0,1,72,1,74,0,16,83,3,102,144,0,144,246
09/12/2010,SAF,NM,ASW,WE,Federal Contract Tower,0,17,31,2,50,0,3,102,11,116,0,20,133,13,166,148,0,148,314
09/13/2010,SAF,NM,ASW,WE,Federal Contract Tower,0,14,21,4,39,0,0,50,12,62,0,14,71,16,101,124,0,124,225
09/14/2010,SAF,NM,ASW,WE,Federal Contract Tower,0,10,21,0,31,0,0,58,13,71,0,10,79,13,102,202,6,208,310
09/15/2010,SAF,NM,ASW,WE,Federal Contract Tower,0,18,21,0,39,0,0,69,12,81,0,18,90,12,120,198,20,218,338
09/16/2010,SAF,NM,ASW,WE,Federal Contract Tower,0,12,33,5,50,0,0,50,13,63,0,12,83,18,113,106,16,122,235
09/17/2010,SAF,NM,ASW,WE,Federal Contract Tower,0,12,20,1,33,0,3,90,16,109,0,15,110,17,142,286,0,286,428
09/18/2010,SAF,NM,ASW,WE,Federal Contract Tower,0,13,22,13,48,0,3,74,2,79,0,16,96,15,127,116,94,210,337
09/19/2010,SAF,NM,ASW,WE,Federal Contract Tower,0,15,29,3,47,0,2,74,2,78,0,17,103,5,125,170,0,170,295
09/20/2010,SAF,NM,ASW,WE,Federal Contract Tower,0,9,41,0,50,0,0,74,24,98,0,9,115,24,148,124,2,126,274
09/21/2010,SAF,NM,ASW,WE,Federal Contract Tower,0,13,10,10,33,0,1,71,24,96,0,14,81,34,129,182,18,200,329
09/22/2010,SAF,NM,ASW,WE,Federal Contract Tower,0,12,15,1,28,0,1,18,7,26,0,13,33,8,54,40,0,40,94
09/23/2010,SAF,NM,ASW,WE,Federal Contract Tower,0,14,28,6,48,0,0,62,14,76,0,14,90,20,124,128,30,158,282
09/24/2010,SAF,NM,ASW,WE,Federal Contract Tower,0,16,30,3,49,0,0,113,9,122,0,16,143,12,171,170,12,182,353
09/25/2010,SAF,NM,ASW,WE,Federal Contract Tower,0,15,21,2,38,0,2,86,3,91,0,17,107,5,129,130,16,146,275
09/26/2010,SAF,NM,ASW,WE,Federal Contract Tower,0,19,32,5,56,0,2,97,2,101,0,21,129,7,157,72,6,78,235
09/27/2010,SAF,NM,ASW,WE,Federal Contract Tower,0,13,19,3,35,0,2,51,1,54,0,15,70,4,89,76,0,76,165
09/28/2010,SAF,NM,ASW,WE,Federal Contract Tower,0,18,17,0,35,0,4,72,7,83,0,22,89,7,118,136,20,156,274
09/29/2010,SAF,NM,ASW,WE,Federal Contract Tower,0,11,38,0,49,0,2,58,14,74,0,13,96,14,123,58,0,58,181
09/30/2010,SAF,NM,ASW,WE,Federal Contract Tower,0,21,23,2,46,0,3,48,5,56,0,24,71,7,102,48,0,48,150
10/01/2010,SAF,NM,ASW,WE,Federal Contract Tower,0,18,38,11,67,0,5,84,4,93,0,23,122,15,160,144,2,146,306
10/02/2010,SAF,NM,ASW,WE,Federal Contract Tower,0,14,31,2,47,0,4,78,5,87,0,18,109,7,134,144,34,178,312
10/03/2010,SAF,NM,ASW,WE,Federal Contract Tower,0,18,37,1,56,0,0,73,4,77,0,18,110,5,133,128,0,128,261
10/04/2010,SAF,NM,ASW,WE,Federal Contract Tower,0,14,31,0,45,0,2,32,0,34,0,16,63,0,79,36,0,36,115
10/05/2010,SAF,NM,ASW,WE,Federal Contract Tower,0,7,34,2,43,0,0,37,2,39,0,7,71,4,82,56,26,82,164
10/06/2010,SAF,NM,ASW,WE,Federal Contract Tower,0,10,21,0,31,0,4,54,0,58,0,14,75,0,89,108,0,108,197
10/07/2010,SAF,NM,ASW,WE,Federal Contract Tower,0,17,17,0,34,0,0,61,8,69,0,17,78,8,103,60,12,72,175
10/08/2010,SAF,NM,ASW,WE,Federal Contract Tower,0,17,35,2,54,0,2,59,0,61,0,19,94,2,115,92,0,92,207
10/09/2010,SAF,NM,ASW,WE,Federal Contract Tower,0,10,17,0,27,0,5,50,0,55,0,15,67,0,82,124,0,124,206
10/10/2010,SAF,NM,ASW,WE,Federal Contract Tower,0,11,23,1,35,0,0,58,2,60,0,11,81,3,95,56,6,62,157
10/11/2010,SAF,NM,ASW,WE,Federal Contract Tower,0,10,16,3,29,0,0,76,6,82,0,10,92,9,111,184,6,190,301
10/12/2010,SAF,NM,ASW,WE,Federal Contract Tower,0,8,27,0,35,0,2,57,13,72,0,10,84,13,107,64,76,140,247
10/13/2010,SAF,NM,ASW,WE,Federal Contract Tower,0,14,19,1,34,0,1,48,9,58,0,15,67,10,92,66,12,78,170
10/14/2010,SAF,NM,ASW,WE,Federal Contract Tower,0,16,20,2,38,0,2,58,7,67,0,18,78,9,105,98,42,140,245
10/15/2010,SAF,NM,ASW,WE,Federal Contract Tower,0,18,26,4,48,0,7,54,9,70,0,25,80,13,118,96,8,104,222
10/16/2010,SAF,NM,ASW,WE,Federal Contract Tower,0,15,8,5,28,0,5,72,0,77,0,20,80,5,105,190,0,190,295
10/17/2010,SAF,NM,ASW,WE,Federal Contract Tower,0,19,27,0,46,0,4,74,0,78,0,23,101,0,124,108,0,108,232
10/18/2010,SAF,NM,ASW,WE,Federal Contract Tower,0,17,20,0,37,0,2,22,0,24,0,19,42,0,61,12,0,12,73
10/19/2010,SAF,NM,ASW,WE,Federal Contract Tower,0,18,12,2,32,0,0,52,2,54,0,18,64,4,86,80,34,114,200
10/20/2010,SAF,NM,ASW,WE,Federal Contract Tower,0,14,20,2,36,0,2,45,7,54,0,16,65,9,90,80,0,80,170
10/21/2010,SAF,NM,ASW,WE,Federal Contract Tower,0,12,29,3,44,0,2,23,7,32,0,14,52,10,76,52,20,72,148
10/22/2010,SAF,NM,ASW,WE,Federal Contract Tower,0,16,33,5,54,0,1,37,7,45,0,17,70,12,99,80,26,106,205
10/23/2010,SAF,NM,ASW,WE,Federal Contract Tower,0,7,15,22,44,0,3,43,2,48,0,10,58,24,92,138,54,192,284
10/24/2010,SAF,NM,ASW,WE,Federal Contract Tower,0,14,25,0,39,0,2,56,0,58,0,16,81,0,97,136,0,136,233
10/25/2010,SAF,NM,ASW,WE,Federal Contract Tower,0,20,22,0,42,0,1,10,4,15,0,21,32,4,57,0,0,0,57
10/26/2010,SAF,NM,ASW,WE,Federal Contract Tower,0,16,12,0,28,0,2,27,12,41,0,18,39,12,69,70,66,136,205
10/27/2010,SAF,NM,ASW,WE,Federal Contract Tower,0,20,22,0,42,0,1,42,5,48,0,21,64,5,90,108,56,164,254
10/28/2010,SAF,NM,ASW,WE,Federal Contract Tower,0,9,26,1,36,0,3,62,7,72,0,12,88,8,108,80,14,94,202
10/29/2010,SAF,NM,ASW,WE,Federal Contract Tower,0,13,21,1,35,0,5,84,9,98,0,18,105,10,133,158,46,204,337
10/30/2010,SAF,NM,ASW,WE,Federal Contract Tower,0,15,9,0,24,0,6,70,0,76,0,21,79,0,100,126,0,126,226
10/31/2010,SAF,NM,ASW,WE,Federal Contract Tower,0,9,12,0,21,0,1,39,0,40,0,10,51,0,61,56,0,56,117
11/01/2010,SAF,NM,ASW,WE,Federal Contract Tower,0,15,16,2,33,0,2,33,1,36,0,17,49,3,69,52,0,52,121
11/02/2010,SAF,NM,ASW,WE,Federal Contract Tower,0,13,14,2,29,0,2,45,8,55,0,15,59,10,84,104,62,166,250
11/03/2010,SAF,NM,ASW,WE,Federal Contract Tower,0,8,13,2,23,0,1,42,8,51,0,9,55,10,74,106,30,136,210
11/04/2010,SAF,NM,ASW,WE,Federal Contract Tower,0,10,18,3,31,0,2,41,19,62,0,12,59,22,93,128,40,168,261
11/05/2010,SAF,NM,ASW,WE,Federal Contract Tower,0,11,23,6,40,0,0,84,5,89,0,11,107,11,129,124,10,134,263
11/06/2010,SAF,NM,ASW,WE,Federal Contract Tower,0,11,15,5,31,0,7,90,8,105,0,18,105,13,136,180,12,192,328
11/07/2010,SAF,NM,ASW,WE,Federal Contract Tower,0,14,20,0,34,0,2,65,8,75,0,16,85,8,109,116,0,116,225
11/08/2010,SAF,NM,ASW,WE,Federal Contract Tower,0,7,22,1,30,0,0,50,14,64,0,7,72,15,94,76,100,176,270
11/09/2010,SAF,NM,ASW,WE,Federal Contract Tower,0,9,15,0,24,0,3,17,6,26,0,12,32,6,50,40,40,80,130
11/10/2010,SAF,NM,ASW,WE,Federal Contract Tower,0,8,14,1,23,0,0,64,15,79,0,8,78,16,102,146,18,164,266
11/11/2010,SAF,NM,ASW,WE,Federal Contract Tower,0,14,28,0,42,0,1,48,6,55,0,15,76,6,97,118,10,128,225
11/12/2010,SAF,NM,ASW,WE,Federal Contract Tower,0,11,19,12,42,0,4,69,5,78,0,15,88,17,120,168,12,180,300
11/13/2010,SAF,NM,ASW,WE,Federal Contract Tower,0,14,18,0,32,0,0,59,1,60,0,14,77,1,92,118,2,120,212
11/14/2010,SAF,NM,ASW,WE,Federal Contract Tower,0,21,28,1,50,0,5,81,2,88,0,26,109,3,138,86,0,86,224
11/15/2010,SAF,NM,ASW,WE,Federal Contract Tower,0,11,19,12,42,0,2,38,19,59,0,13,57,31,101,30,30,60,161
11/16/2010,SAF,NM,ASW,WE,Federal Contract Tower,0,17,15,0,32,0,2,23,11,36,0,19,38,11,68,32,60,92,160
11/17/2010,SAF,NM,ASW,WE,Federal Contract Tower,0,13,17,3,33,0,3,44,4,51,0,16,61,7,84,132,10,142,226
11/18/2010,SAF,NM,ASW,WE,Federal Contract Tower,0,15,26,4,45,0,4,55,9,68,0,19,81,13,113,82,22,104,217
11/19/2010,SAF,NM,ASW,WE,Federal Contract Tower,0,17,22,1,40,0,4,72,2,78,0,21,94,3,118,92,0,92,210
11/20/2010,SAF,NM,ASW,WE,Federal Contract Tower,0,9,13,2,24,0,3,92,1,96,0,12,105,3,120,180,2,182,302
11/21/2010,SAF,NM,ASW,WE,Federal Contract Tower,0,16,15,5,36,0,0,47,0,47,0,16,62,5,83,146,0,146,229
11/22/2010,SAF,NM,ASW,WE,Federal Contract Tower,0,17,25,0,42,0,1,24,1,26,0,18,49,1,68,36,10,46,114
11/23/2010,SAF,NM,ASW,WE,Federal Contract Tower,0,18,22,7,47,0,4,57,11,72,0,22,79,18,119,134,56,190,309
11/24/2010,SAF,NM,ASW,WE,Federal Contract Tower,0,29,17,0,46,0,2,23,0,25,0,31,40,0,71,54,0,54,125
11/25/2010,SAF,NM,ASW,WE,Federal Contract Tower,0,5,2,0,7,0,2,13,0,15,0,7,15,0,22,36,0,36,58
11/26/2010,SAF,NM,ASW,WE,Federal Contract Tower,0,20,10,0,30,0,2,19,0,21,0,22,29,0,51,50,0,50,101
11/27/2010,SAF,NM,ASW,WE,Federal Contract Tower,20,13,0,0,33,0,0,66,0,66,20,13,66,0,99,106,0,106,205
11/28/2010,SAF,NM,ASW,WE,Federal Contract Tower,0,15,21,0,36,0,4,27,0,31,0,19,48,0,67,28,0,28,95
11/29/2010,SAF,NM,ASW,WE,Federal Contract Tower,0,16,21,0,37,0,2,12,0,14,0,18,33,0,51,8,0,8,59
11/30/2010,SAF,NM,ASW,WE,Federal Contract Tower,0,15,12,2,29,0,2,23,5,30,0,17,35,7,59,118,28,146,205
12/01/2010,SAF,NM,ASW,WE,Federal Contract Tower,0,10,13,1,24,0,1,47,3,51,0,11,60,4,75,104,0,104,179
12/02/2010,SAF,NM,ASW,WE,Federal Contract Tower,0,13,24,1,38,0,1,39,4,44,0,14,63,5,82,58,24,82,164
12/03/2010,SAF,NM,ASW,WE,Federal Contract Tower,0,19,17,3,39,0,1,56,5,62,0,20,73,8,101,200,0,200,301
12/04/2010,SAF,NM,ASW,WE,Federal Contract Tower,0,9,17,8,34,0,0,43,18,61,0,9,60,26,95,140,42,182,277
12/05/2010,SAF,NM,ASW,WE,Federal Contract Tower,0,11,11,3,25,0,4,91,3,98,0,15,102,6,123,142,4,146,269
12/06/2010,SAF,NM,ASW,WE,Federal Contract Tower,0,8,22,1,31,0,2,35,12,49,0,10,57,13,80,100,0,100,180
12/07/2010,SAF,NM,ASW,WE,Federal Contract Tower,0,9,16,7,32,0,2,22,0,24,0,11,38,7,56,57,0,57,113
12/08/2010,SAF,NM,ASW,WE,Federal Contract Tower,0,9,29,0,38,0,2,50,10,62,0,11,79,10,100,160,42,202,302
12/09/2010,SAF,NM,ASW,WE,Federal Contract Tower,0,12,9,2,23,0,0,49,11,60,0,12,58,13,83,54,36,90,173
12/10/2010,SAF,NM,ASW,WE,Federal Contract Tower,0,10,12,3,25,0,1,75,4,80,0,11,87,7,105,160,10,170,275
12/11/2010,SAF,NM,ASW,WE,Federal Contract Tower,0,8,6,2,16,0,0,54,0,54,0,8,60,2,70,170,0,170,240
12/12/2010,SAF,NM,ASW,WE,Federal Contract Tower,0,7,16,3,26,0,1,62,1,64,0,8,78,4,90,222,0,222,312
12/13/2010,SAF,NM,ASW,WE,Federal Contract Tower,0,14,7,0,21,0,2,34,2,38,0,16,41,2,59,60,0,60,119
12/14/2010,SAF,NM,ASW,WE,Federal Contract Tower,0,8,8,2,18,0,4,51,3,58,0,12,59,5,76,128,12,140,216
12/15/2010,SAF,NM,ASW,WE,Federal Contract Tower,0,7,13,1,21,0,4,29,3,36,0,11,42,4,57,68,0,68,125
12/16/2010,SAF,NM,ASW,WE,Federal Contract Tower,0,6,8,0,14,0,0,0,0,0,0,6,8,0,14,0,0,0,14
12/17/2010,SAF,NM,ASW,WE,Federal Contract Tower,0,12,17,0,29,0,1,7,0,8,0,13,24,0,37,38,0,38,75
12/18/2010,SAF,NM,ASW,WE,Federal Contract Tower,0,22,17,2,41,0,2,30,0,32,0,24,47,2,73,86,0,86,159
12/19/2010,SAF,NM,ASW,WE,Federal Contract Tower,0,9,8,0,17,0,0,36,0,36,0,9,44,0,53,176,0,176,229
12/20/2010,SAF,NM,ASW,WE,Federal Contract Tower,0,17,20,5,42,0,5,41,5,51,0,22,61,10,93,92,4,96,189
12/21/2010,SAF,NM,ASW,WE,Federal Contract Tower,0,14,18,2,34,0,2,48,11,61,0,16,66,13,95,126,76,202,297
12/22/2010,SAF,NM,ASW,WE,Federal Contract Tower,0,19,20,0,39,0,2,32,8,42,0,21,52,8,81,80,54,134,215
12/23/2010,SAF,NM,ASW,WE,Federal Contract Tower,0,22,15,0,37,0,2,15,2,19,0,24,30,2,56,20,8,28,84
12/24/2010,SAF,NM,ASW,WE,Federal Contract Tower,0,9,9,0,18,0,0,45,0,45,0,9,54,0,63,78,0,78,141
12/25/2010,SAF,NM,ASW,WE,Federal Contract Tower,0,20,13,0,33,0,2,19,0,21,0,22,32,0,54,8,0,8,62
12/26/2010,SAF,NM,ASW,WE,Federal Contract Tower,0,25,19,0,44,0,3,59,0,62,0,28,78,0,106,32,0,32,138
12/27/2010,SAF,NM,ASW,WE,Federal Contract Tower,0,21,28,0,49,0,4,52,1,57,0,25,80,1,106,94,0,94,200
12/28/2010,SAF,NM,ASW,WE,Federal Contract Tower,0,20,22,2,44,0,2,50,2,54,0,22,72,4,98,212,0,212,310
12/29/2010,SAF,NM,ASW,WE,Federal Contract Tower,0,17,22,0,39,0,1,14,0,15,0,18,36,0,54,50,0,50,104
12/30/2010,SAF,NM,ASW,WE,Federal Contract Tower,0,14,6,0,20,0,0,0,0,0,0,14,6,0,20,2,0,2,22
12/31/2010,SAF,NM,ASW,WE,Federal Contract Tower,0,14,23,0,37,0,3,19,0,22,0,17,42,0,59,50,0,50,109
01/01/2011,SAF,NM,ASW,WE,Federal Contract Tower,0,16,32,0,48,0,2,21,7,30,0,18,53,7,78,102,0,102,180
01/02/2011,SAF,NM,ASW,WE,Federal Contract Tower,0,23,30,3,56,0,9,40,2,51,0,32,70,5,107,0,0,0,107
01/03/2011,SAF,NM,ASW,WE,Federal Contract Tower,0,18,13,1,32,0,1,33,2,36,0,19,46,3,68,72,2,74,142
01/04/2011,SAF,NM,ASW,WE,Federal Contract Tower,0,9,17,1,27,0,3,34,9,46,0,12,51,10,73,54,54,108,181
01/05/2011,SAF,NM,ASW,WE,Federal Contract Tower,0,15,11,4,30,0,1,40,7,48,0,16,51,11,78,60,22,82,160
01/06/2011,SAF,NM,ASW,WE,Federal Contract Tower,0,9,19,0,28,0,0,31,20,51,0,9,50,20,79,76,12,88,167
01/07/2011,SAF,NM,ASW,WE,Federal Contract Tower,0,15,12,2,29,0,1,40,4,45,0,16,52,6,74,102,2,104,178
01/08/2011,SAF,NM,ASW,WE,Federal Contract Tower,0,9,6,2,17,0,2,51,5,58,0,11,57,7,75,248,4,252,327
01/09/2011,SAF,NM,ASW,WE,Federal Contract Tower,0,10,16,11,37,0,2,43,8,53,0,12,59,19,90,94,34,128,218
01/10/2011,SAF,NM,ASW,WE,Federal Contract Tower,0,9,13,0,22,0,4,12,0,16,0,13,25,0,38,22,0,22,60
01/11/2011,SAF,NM,ASW,WE,Federal Contract Tower,0,12,27,1,40,0,2,27,5,34,0,14,54,6,74,110,0,110,184
01/12/2011,SAF,NM,ASW,WE,Federal Contract Tower,0,8,12,0,20,0,2,31,9,42,0,10,43,9,62,76,22,98,160
01/13/2011,SAF,NM,ASW,WE,Federal Contract Tower,0,7,12,0,19,0,3,44,6,53,0,10,56,6,72,56,8,64,136
01/14/2011,SAF,NM,ASW,WE,Federal Contract Tower,0,13,28,3,44,0,3,54,14,71,0,16,82,17,115,126,26,152,267
01/15/2011,SAF,NM,ASW,WE,Federal Contract Tower,0,9,5,4,18,0,0,83,2,85,0,9,88,6,103,224,0,224,327
01/16/2011,SAF,NM,ASW,WE,Federal Contract Tower,0,8,19,0,27,0,2,105,2,109,0,10,124,2,136,210,0,210,346
01/17/2011,SAF,NM,ASW,WE,Federal Contract Tower,0,9,24,6,39,0,4,48,5,57,0,13,72,11,96,54,2,56,152
01/18/2011,SAF,NM,ASW,WE,Federal Contract Tower,0,12,11,0,23,0,0,41,10,51,0,12,52,10,74,100,56,156,230
01/19/2011,SAF,NM,ASW,WE,Federal Contract Tower,0,14,11,1,26,0,5,36,5,46,0,19,47,6,72,84,0,84,156
01/20/2011,SAF,NM,ASW,WE,Federal Contract Tower,0,9,24,2,35,0,1,22,4,27,0,10,46,6,62,66,14,80,142
01/21/2011,SAF,NM,ASW,WE,Federal Contract Tower,0,8,13,8,29,0,4,28,3,35,0,12,41,11,64,74,0,74,138
01/22/2011,SAF,NM,ASW,WE,Federal Contract Tower,0,7,10,5,22,0,1,55,8,64,0,8,65,13,86,136,16,152,238
01/23/2011,SAF,NM,ASW,WE,Federal Contract Tower,0,13,16,3,32,0,2,84,1,87,0,15,100,4,119,178,0,178,297
01/24/2011,SAF,NM,ASW,WE,Federal Contract Tower,0,9,10,1,20,0,0,15,3,18,0,9,25,4,38,32,0,32,70
01/25/2011,SAF,NM,ASW,WE,Federal Contract Tower,0,9,10,1,20,0,0,32,10,42,0,9,42,11,62,110,60,170,232
01/26/2011,SAF,NM,ASW,WE,Federal Contract Tower,0,6,21,3,30,0,0,45,9,54,0,6,66,12,84,56,32,88,172
01/27/2011,SAF,NM,ASW,WE,Federal Contract Tower,0,11,14,1,26,0,4,36,5,45,0,15,50,6,71,60,6,66,137
01/28/2011,SAF,NM,ASW,WE,Federal Contract Tower,0,11,9,1,21,0,6,53,0,59,0,17,62,1,80,122,0,122,202
01/29/2011,SAF,NM,ASW,WE,Federal Contract Tower,0,11,10,0,21,0,2,46,2,50,0,13,56,2,71,100,6,106,177
01/30/2011,SAF,NM,ASW,WE,Federal Contract Tower,0,15,14,0,29,0,1,63,3,67,0,16,77,3,96,90,0,90,186
01/31/2011,SAF,NM,ASW,WE,Federal Contract Tower,0,13,21,4,38,0,1,20,4,25,0,14,41,8,63,50,16,66,129
02/01/2011,SAF,NM,ASW,WE,Federal Contract Tower,0,2,1,0,3,0,0,0,0,0,0,2,1,0,3,0,0,0,3
02/02/2011,SAF,NM,ASW,WE,Federal Contract Tower,0,6,26,3,35,0,0,0,2,2,0,6,26,5,37,0,0,0,37
02/03/2011,SAF,NM,ASW,WE,Federal Contract Tower,0,10,16,2,28,0,4,16,16,36,0,14,32,18,64,50,30,80,144
02/04/2011,SAF,NM,ASW,WE,Federal Contract Tower,0,8,17,0,25,0,5,32,12,49,0,13,49,12,74,108,6,114,188
02/05/2011,SAF,NM,ASW,WE,Federal Contract Tower,0,12,7,0,19,0,0,42,0,42,0,12,49,0,61,86,0,86,147
02/06/2011,SAF,NM,ASW,WE,Federal Contract Tower,0,10,6,0,16,0,0,39,2,41,0,10,45,2,57,46,0,46,103
02/07/2011,SAF,NM,ASW,WE,Federal Contract Tower,0,16,18,0,34,0,1,23,1,25,0,17,41,1,59,50,0,50,109
02/08/2011,SAF,NM,ASW,WE,Federal Contract Tower,0,10,13,0,23,0,0,0,0,0,0,10,13,0,23,0,0,0,23
02/09/2011,SAF,NM,ASW,WE,Federal Contract Tower,0,11,8,2,21,0,0,12,3,15,0,11,20,5,36,28,0,28,64
02/10/2011,SAF,NM,ASW,WE,Federal Contract Tower,0,11,13,5,29,0,0,36,8,44,0,11,49,13,73,62,24,86,159
02/11/2011,SAF,NM,ASW,WE,Federal Contract Tower,0,20,12,4,36,0,0,43,12,55,0,20,55,16,91,126,6,132,223
02/12/2011,SAF,NM,ASW,WE,Federal Contract Tower,0,9,5,3,17,0,0,50,0,50,0,9,55,3,67,240,0,240,307
02/13/2011,SAF,NM,ASW,WE,Federal Contract Tower,0,9,6,9,24,0,2,63,9,74,0,11,69,18,98,88,48,136,234
02/14/2011,SAF,NM,ASW,WE,Federal Contract Tower,0,12,18,3,33,0,0,27,2,29,0,12,45,5,62,56,10,66,128
02/15/2011,SAF,NM,ASW,WE,Federal Contract Tower,0,9,19,4,32,0,15,39,14,68,0,24,58,18,100,181,40,221,321
02/16/2011,SAF,NM,ASW,WE,Federal Contract Tower,0,13,14,2,29,0,0,36,20,56,0,13,50,22,85,108,20,128,213
02/17/2011,SAF,NM,ASW,WE,Federal Contract Tower,0,19,13,1,33,0,0,15,1,16,0,19,28,2,49,16,0,16,65
02/18/2011,SAF,NM,ASW,WE,Federal Contract Tower,0,17,24,6,47,0,0,55,0,55,0,17,79,6,102,206,10,216,318
02/19/2011,SAF,NM,ASW,WE,Federal Contract Tower,0,18,23,1,42,0,0,30,1,31,0,18,53,2,73,108,20,128,201
02/20/2011,SAF,NM,ASW,WE,Federal Contract Tower,0,14,19,2,35,0,0,16,0,16,0,14,35,2,51,60,0,60,111
02/21/2011,SAF,NM,ASW,WE,Federal Contract Tower,0,18,34,7,59,0,0,50,0,50,0,18,84,7,109,118,12,130,239
02/22/2011,SAF,NM,ASW,WE,Federal Contract Tower,0,15,13,6,34,0,0,33,6,39,0,15,46,12,73,102,30,132,205
02/23/2011,SAF,NM,ASW,WE,Federal Contract Tower,0,13,19,3,35,0,1,29,5,35,0,14,48,8,70,92,18,110,180
02/24/2011,SAF,NM,ASW,WE,Federal Contract Tower,0,10,10,0,20,0,2,29,2,33,0,12,39,2,53,54,4,58,111
02/25/2011,SAF,NM,ASW,WE,Federal Contract Tower,0,14,18,8,40,0,0,33,3,36,0,14,51,11,76,110,84,194,270
02/26/2011,SAF,NM,ASW,WE,Federal Contract Tower,0,15,7,9,31,0,0,23,0,23,0,15,30,9,54,66,12,78,132
02/27/2011,SAF,NM,ASW,WE,Federal Contract Tower,0,14,19,0,33,0,2,13,0,15,0,16,32,0,48,22,0,22,70
02/28/2011,SAF,NM,ASW,WE,Federal Contract Tower,0,14,18,11,43,0,0,47,0,47,0,14,65,11,90,124,20,144,234
03/01/2011,SAF,NM,ASW,WE,Federal Contract Tower,0,9,11,0,20,0,1,59,15,75,0,10,70,15,95,166,40,206,301
03/02/2011,SAF,NM,ASW,WE,Federal Contract Tower,0,11,13,0,24,0,3,72,14,89,0,14,85,14,113,122,4,126,239
03/03/2011,SAF,NM,ASW,WE,Federal Contract Tower,0,16,20,1,37,0,3,39,4,46,0,19,59,5,83,54,26,80,163
03/04/2011,SAF,NM,ASW,WE,Federal Contract Tower,0,15,25,2,42,0,0,42,4,46,0,15,67,6,88,110,0,110,198
03/05/2011,SAF,NM,ASW,WE,Federal Contract Tower,0,12,15,6,33,0,2,99,11,112,0,14,114,17,145,198,32,230,375
03/06/2011,SAF,NM,ASW,WE,Federal Contract Tower,0,10,24,2,36,0,0,58,13,71,0,10,82,15,107,106,74,180,287
03/07/2011,SAF,NM,ASW,WE,Federal Contract Tower,0,18,13,2,33,0,3,17,3,23,0,21,30,5,56,30,0,30,86
03/08/2011,SAF,NM,ASW,WE,Federal Contract Tower,0,12,6,0,18,0,2,24,2,28,0,14,30,2,46,110,18,128,174
03/09/2011,SAF,NM,ASW,WE,Federal Contract Tower,0,19,10,2,31,0,0,46,9,55,0,19,56,11,86,106,0,106,192
03/10/2011,SAF,NM,ASW,WE,Federal Contract Tower,0,14,18,0,32,0,2,38,0,40,0,16,56,0,72,62,0,62,134
03/11/2011,SAF,NM,ASW,WE,Federal Contract Tower,0,17,20,12,49,0,0,47,1,48,0,17,67,13,97,82,8,90,187
03/12/2011,SAF,NM,ASW,WE,Federal Contract Tower,0,18,18,8,44,0,1,79,6,86,0,19,97,14,130,132,6,138,268
03/13/2011,SAF,NM,ASW,WE,Federal Contract Tower,0,17,12,4,33,0,3,61,5,69,0,20,73,9,102,168,0,168,270
03/14/2011,SAF,NM,ASW,WE,Federal Contract Tower,0,17,18,2,37,0,2,26,2,30,0,19,44,4,67,82,4,86,153
03/15/2011,SAF,NM,ASW,WE,Federal Contract Tower,0,10,10,0,20,0,5,51,3,59,0,15,61,3,79,76,0,76,155
03/16/2011,SAF,NM,ASW,WE,Federal Contract Tower,0,10,14,0,24,0,1,44,8,53,0,11,58,8,77,74,22,96,173
03/17/2011,SAF,NM,ASW,WE,Federal Contract Tower,0,16,26,1,43,0,4,45,18,67,0,20,71,19,110,56,18,74,184
03/18/2011,SAF,NM,ASW,WE,Federal Contract Tower,0,14,12,3,29,0,0,47,2,49,0,14,59,5,78,68,2,70,148
03/19/2011,SAF,NM,ASW,WE,Federal Contract Tower,0,14,16,8,38,0,0,63,0,63,0,14,79,8,101,132,40,172,273
03/20/2011,SAF,NM,ASW,WE,Federal Contract Tower,0,17,13,4,34,0,0,90,1,91,0,17,103,5,125,166,0,166,291
03/21/2011,SAF,NM,ASW,WE,Federal Contract Tower,0,10,17,2,29,0,2,13,0,15,0,12,30,2,44,26,2,28,72
03/22/2011,SAF,NM,ASW,WE,Federal Contract Tower,0,13,15,4,32,0,3,13,2,18,0,16,28,6,50,56,0,56,106
03/23/2011,SAF,NM,ASW,WE,Federal Contract Tower,0,12,13,0,25,0,2,67,4,73,0,14,80,4,98,134,8,142,240
03/24/2011,SAF,NM,ASW,WE,Federal Contract Tower,0,15,15,2,32,0,3,32,1,36,0,18,47,3,68,54,4,58,126
03/25/2011,SAF,NM,ASW,WE,Federal Contract Tower,0,9,27,7,43,0,1,48,3,52,0,10,75,10,95,50,20,70,165
03/26/2011,SAF,NM,ASW,WE,Federal Contract Tower,0,10,14,0,24,0,0,71,1,72,0,10,85,1,96,140,0,140,236
03/27/2011,SAF,NM,ASW,WE,Federal Contract Tower,0,17,9,1,27,0,0,44,0,44,0,17,53,1,71,106,0,106,177
03/28/2011,SAF,NM,ASW,WE,Federal Contract Tower,0,16,12,0,28,0,1,26,8,35,0,17,38,8,63,42,12,54,117
03/29/2011,SAF,NM,ASW,WE,Federal Contract Tower,0,12,9,0,21,0,1,44,12,57,0,13,53,12,78,104,62,166,244
03/30/2011,SAF,NM,ASW,WE,Federal Contract Tower,0,6,7,1,14,0,0,40,9,49,0,6,47,10,63,80,14,94,157
03/31/2011,SAF,NM,ASW,WE,Federal Contract Tower,0,15,13,0,28,0,2,38,7,47,0,17,51,7,75,62,12,74,149
04/01/2011,SAF,NM,ASW,WE,Federal Contract Tower,0,12,16,0,28,0,3,61,0,64,0,15,77,0,92,58,0,58,150
04/02/2011,SAF,NM,ASW,WE,Federal Contract Tower,0,15,18,0,33,0,0,55,0,55,0,15,73,0,88,146,0,146,234
04/03/2011,SAF,NM,ASW,WE,Federal Contract Tower,0,14,14,0,28,0,0,9,1,10,0,14,23,1,38,8,0,8,46
04/04/2011,SAF,NM,ASW,WE,Federal Contract Tower,0,16,11,5,32,0,0,17,4,21,0,16,28,9,53,50,20,70,123
04/05/2011,SAF,NM,ASW,WE,Federal Contract Tower,0,12,16,2,30,0,2,48,1,51,0,14,64,3,81,128,12,140,221
04/06/2011,SAF,NM,ASW,WE,Federal Contract Tower,0,12,20,6,38,0,2,25,0,27,0,14,45,6,65,28,0,28,93
04/07/2011,SAF,NM,ASW,WE,Federal Contract Tower,0,18,13,0,31,0,4,22,0,26,0,22,35,0,57,46,6,52,109
04/08/2011,SAF,NM,ASW,WE,Federal Contract Tower,0,14,16,2,32,0,2,52,5,59,0,16,68,7,91,74,10,84,175
04/09/2011,SAF,NM,ASW,WE,Federal Contract Tower,0,14,14,0,28,0,0,25,0,25,0,14,39,0,53,18,0,18,71
04/10/2011,SAF,NM,ASW,WE,Federal Contract Tower,0,11,10,0,21,0,0,13,1,14,0,11,23,1,35,46,0,46,81
04/11/2011,SAF,NM,ASW,WE,Federal Contract Tower,0,10,9,0,19,0,2,73,2,77,0,12,82,2,96,144,0,144,240
04/12/2011,SAF,NM,ASW,WE,Federal Contract Tower,0,15,17,2,34,0,4,53,7,64,0,19,70,9,98,118,18,136,234
04/13/2011,SAF,NM,ASW,WE,Federal Contract Tower,0,12,21,3,36,0,2,35,8,45,0,14,56,11,81,48,0,48,129
04/14/2011,SAF,NM,ASW,WE,Federal Contract Tower,0,15,23,0,38,0,0,12,0,12,0,15,35,0,50,14,0,14,64
04/15/2011,SAF,NM,ASW,WE,Federal Contract Tower,0,16,23,2,41,0,0,44,4,48,0,16,67,6,89,74,6,80,169
04/16/2011,SAF,NM,ASW,WE,Federal Contract Tower,0,11,20,5,36,0,2,74,0,76,0,13,94,5,112,108,4,112,224
04/17/2011,SAF,NM,ASW,WE,Federal Contract Tower,0,19,31,0,50,0,1,56,0,57,0,20,87,0,107,74,0,74,181
04/18/2011,SAF,NM,ASW,WE,Federal Contract Tower,0,14,22,2,38,0,0,39,0,39,0,14,61,2,77,0,0,0,77
04/19/2011,SAF,NM,ASW,WE,Federal Contract Tower,0,9,12,0,21,0,0,32,3,35,0,9,44,3,56,108,20,128,184
04/20/2011,SAF,NM,ASW,WE,Federal Contract Tower,0,13,22,0,35,0,0,56,1,57,0,13,78,1,92,126,0,126,218
04/21/2011,SAF,NM,ASW,WE,Federal Contract Tower,0,15,20,0,35,0,0,42,5,47,0,15,62,5,82,60,2,62,144
04/22/2011,SAF,NM,ASW,WE,Federal Contract Tower,0,13,10,0,23,0,0,77,6,83,0,13,87,6,106,102,2,104,210
04/23/2011,SAF,NM,ASW,WE,Federal Contract Tower,0,15,12,3,30,0,5,77,7,89,0,20,89,10,119,72,0,72,191
04/24/2011,SAF,NM,ASW,WE,Federal Contract Tower,0,8,10,2,20,0,2,19,0,21,0,10,29,2,41,24,0,24,65
04/25/2011,SAF,NM,ASW,WE,Federal Contract Tower,0,10,26,1,37,0,1,31,10,42,0,11,57,11,79,86,18,104,183
04/26/2011,SAF,NM,ASW,WE,Federal Contract Tower,0,14,14,2,30,0,2,9,2,13,0,16,23,4,43,6,0,6,49
04/27/2011,SAF,NM,ASW,WE,Federal Contract Tower,0,17,14,2,33,0,5,35,2,42,0,22,49,4,75,90,0,90,165
04/28/2011,SAF,NM,ASW,WE,Federal Contract Tower,0,22,26,0,48,0,3,57,0,60,0,25,83,0,108,82,0,82,190
04/29/2011,SAF,NM,ASW,WE,Federal Contract Tower,0,15,24,4,43,0,1,28,10,39,0,16,52,14,82,66,0,66,148
04/30/2011,SAF,NM,ASW,WE,Federal Contract Tower,0,22,16,4,42,0,0,50,9,59,0,22,66,13,101,96,0,96,197
05/01/2011,SAF,NM,ASW,WE,Federal Contract Tower,0,16,12,4,32,0,0,6,0,6,0,16,18,4,38,88,0,88,126
05/02/2011,SAF,NM,ASW,WE,Federal Contract Tower,0,16,10,0,26,0,0,25,1,26,0,16,35,1,52,114,8,122,174
05/03/2011,SAF,NM,ASW,WE,Federal Contract Tower,0,10,8,4,22,0,0,55,4,59,0,10,63,8,81,128,4,132,213
05/04/2011,SAF,NM,ASW,WE,Federal Contract Tower,0,15,6,0,21,0,2,32,3,37,0,17,38,3,58,86,0,86,144
05/05/2011,SAF,NM,ASW,WE,Federal Contract Tower,0,17,19,3,39,0,3,58,4,65,0,20,77,7,104,122,8,130,234
05/06/2011,SAF,NM,ASW,WE,Federal Contract Tower,0,24,33,4,61,0,4,71,1,76,0,28,104,5,137,100,0,100,237
05/07/2011,SAF,NM,ASW,WE,Federal Contract Tower,0,14,5,0,19,0,0,103,0,103,0,14,108,0,122,224,0,224,346
05/08/2011,SAF,NM,ASW,WE,Federal Contract Tower,0,21,27,0,48,0,3,80,0,83,0,24,107,0,131,68,0,68,199
05/09/2011,SAF,NM,ASW,WE,Federal Contract Tower,0,16,16,2,34,0,0,34,1,35,0,16,50,3,69,28,0,28,97
05/10/2011,SAF,NM,ASW,WE,Federal Contract Tower,0,8,9,5,22,0,3,36,6,45,0,11,45,11,67,88,28,116,183
05/11/2011,SAF,NM,ASW,WE,Federal Contract Tower,0,15,11,2,28,0,0,21,2,23,0,15,32,4,51,36,6,42,93
05/12/2011,SAF,NM,ASW,WE,Federal Contract Tower,0,20,18,4,42,0,4,46,0,50,0,24,64,4,92,52,0,52,144
05/13/2011,SAF,NM,ASW,WE,Federal Contract Tower,0,13,26,4,43,0,3,87,0,90,0,16,113,4,133,118,0,118,251
05/14/2011,SAF,NM,ASW,WE,Federal Contract Tower,0,22,18,9,49,0,2,52,3,57,0,24,70,12,106,62,22,84,190
05/15/2011,SAF,NM,ASW,WE,Federal Contract Tower,0,33,29,2,64,0,1,48,0,49,0,34,77,2,113,160,0,160,273
05/16/2011,SAF,NM,ASW,WE,Federal Contract Tower,0,17,21,0,38,0,0,31,0,31,0,17,52,0,69,24,0,24,93
05/17/2011,SAF,NM,ASW,WE,Federal Contract Tower,0,14,21,0,35,0,3,46,3,52,0,17,67,3,87,120,12,132,219
05/18/2011,SAF,NM,ASW,WE,Federal Contract Tower,0,20,12,3,35,0,2,13,3,18,0,22,25,6,53,40,8,48,101
05/19/2011,SAF,NM,ASW,WE,Federal Contract Tower,0,14,22,0,36,0,2,21,10,33,0,16,43,10,69,40,0,40,109
05/20/2011,SAF,NM,ASW,WE,Federal Contract Tower,0,19,23,0,42,0,2,45,1,48,0,21,68,1,90,100,2,102,192
05/21/2011,SAF,NM,ASW,WE,Federal Contract Tower,0,19,21,0,40,0,3,81,0,84,0,22,102,0,124,164,0,164,288
05/22/2011,SAF,NM,ASW,WE,Federal Contract Tower,0,18,20,5,43,0,5,63,0,68,0,23,83,5,111,136,0,136,247
05/23/2011,SAF,NM,ASW,WE,Federal Contract Tower,0,10,15,4,29,0,2,32,2,36,0,12,47,6,65,130,12,142,207
05/24/2011,SAF,NM,ASW,WE,Federal Contract Tower,0,15,17,0,32,0,2,13,2,17,0,17,30,2,49,24,8,32,81
05/25/2011,SAF,NM,ASW,WE,Federal Contract Tower,0,11,20,3,34,0,1,49,5,55,0,12,69,8,89,134,0,134,223
05/26/2011,SAF,NM,ASW,WE,Federal Contract Tower,0,22,13,4,39,0,5,59,3,67,0,27,72,7,106,56,0,56,162
05/27/2011,SAF,NM,ASW,WE,Federal Contract Tower,0,21,31,2,54,0,7,74,2,83,0,28,105,4,137,120,0,120,257
05/28/2011,SAF,NM,ASW,WE,Federal Contract Tower,0,11,18,0,29,0,10,40,0,50,0,21,58,0,79,118,0,118,197
05/29/2011,SAF,NM,ASW,WE,Federal Contract Tower,0,15,13,0,28,0,7,51,0,58,0,22,64,0,86,94,0,94,180
05/30/2011,SAF,NM,ASW,WE,Federal Contract Tower,0,24,27,5,56,0,6,45,0,51,0,30,72,5,107,42,8,50,157
05/31/2011,SAF,NM,ASW,WE,Federal Contract Tower,0,20,15,0,35,0,0,42,1,43,0,20,57,1,78,30,0,30,108
06/01/2011,SAF,NM,ASW,WE,Federal Contract Tower,0,20,19,2,41,0,0,17,3,20,0,20,36,5,61,54,0,54,115
06/02/2011,SAF,NM,ASW,WE,Federal Contract Tower,0,15,15,0,30,0,9,44,2,55,0,24,59,2,85,80,6,86,171
06/03/2011,SAF,NM,ASW,WE,Federal Contract Tower,0,20,22,3,45,0,3,42,2,47,0,23,64,5,92,92,6,98,190
06/04/2011,SAF,NM,ASW,WE,Federal Contract Tower,0,16,15,4,35,0,3,67,8,78,0,19,82,12,113,210,22,232,345
06/05/2011,SAF,NM,ASW,WE,Federal Contract Tower,0,22,26,0,48,0,2,67,4,73,0,24,93,4,121,140,22,162,283
06/06/2011,SAF,NM,ASW,WE,Federal Contract Tower,0,19,21,2,42,0,4,35,0,39,0,23,56,2,81,44,0,44,125
06/07/2011,SAF,NM,ASW,WE,Federal Contract Tower,0,18,20,0,38,0,0,31,2,33,0,18,51,2,71,54,2,56,127
06/08/2011,SAF,NM,ASW,WE,Federal Contract Tower,0,14,31,2,47,0,5,48,1,54,0,19,79,3,101,36,20,56,157
06/09/2011,SAF,NM,ASW,WE,Federal Contract Tower,0,10,34,0,44,0,9,31,3,43,0,19,65,3,87,12,0,12,99
06/10/2011,SAF,NM,ASW,WE,Federal Contract Tower,0,19,23,1,43,0,3,63,4,70,0,22,86,5,113,70,24,94,207
06/11/2011,SAF,NM,ASW,WE,Federal Contract Tower,0,12,19,7,38,0,6,70,3,79,0,18,89,10,117,144,4,148,265
06/12/2011,SAF,NM,ASW,WE,Federal Contract Tower,0,20,29,3,52,0,0,66,3,69,0,20,95,6,121,84,10,94,215
06/13/2011,SAF,NM,ASW,WE,Federal Contract Tower,0,20,15,6,41,0,0,55,0,55,0,20,70,6,96,78,0,78,174
06/14/2011,SAF,NM,ASW,WE,Federal Contract Tower,0,12,13,0,25,0,1,48,1,50,0,13,61,1,75,142,16,158,233
06/15/2011,SAF,NM,ASW,WE,Federal Contract Tower,0,15,24,0,39,0,9,54,1,64,0,24,78,1,103,150,0,150,253
06/16/2011,SAF,NM,ASW,WE,Federal Contract Tower,0,14,27,0,41,0,2,56,2,60,0,16,83,2,101,32,0,32,133
06/17/2011,SAF,NM,ASW,WE,Federal Contract Tower,0,19,34,3,56,0,4,51,5,60,0,23,85,8,116,96,6,102,218
06/18/2011,SAF,NM,ASW,WE,Federal Contract Tower,0,18,14,0,32,0,2,57,3,62,0,20,71,3,94,82,2,84,178
06/19/2011,SAF,NM,ASW,WE,Federal Contract Tower,0,21,20,0,41,0,6,55,0,61,0,27,75,0,102,68,0,68,170
06/20/2011,SAF,NM,ASW,WE,Federal Contract Tower,0,9,27,6,42,0,2,53,1,56,0,11,80,7,98,6,12,18,116
06/21/2011,SAF,NM,ASW,WE,Federal Contract Tower,0,13,21,2,36,0,0,140,5,145,0,13,161,7,181,170,22,192,373
06/22/2011,SAF,NM,ASW,WE,Federal Contract Tower,0,17,25,0,42,0,1,109,17,127,0,18,134,17,169,116,2,118,287
06/23/2011,SAF,NM,ASW,WE,Federal Contract Tower,0,19,22,0,41,0,0,121,3,124,0,19,143,3,165,88,0,88,253
06/24/2011,SAF,NM,ASW,WE,Federal Contract Tower,0,20,20,2,42,0,1,141,8,150,0,21,161,10,192,78,12,90,282
06/25/2011,SAF,NM,ASW,WE,Federal Contract Tower,0,11,15,1,27,0,0,115,4,119,0,11,130,5,146,130,0,130,276
06/26/2011,SAF,NM,ASW,WE,Federal Contract Tower,0,17,26,1,44,0,6,91,4,101,0,23,117,5,145,78,0,78,223
06/27/2011,SAF,NM,ASW,WE,Federal Contract Tower,0,24,20,2,46,0,2,142,0,144,0,26,162,2,190,38,0,38,228
06/28/2011,SAF,NM,ASW,WE,Federal Contract Tower,0,19,11,1,31,0,0,94,11,105,0,19,105,12,136,98,18,116,252
06/29/2011,SAF,NM,ASW,WE,Federal Contract Tower,0,17,28,1,46,0,3,112,2,117,0,20,140,3,163,98,0,98,261
06/30/2011,SAF,NM,ASW,WE,Federal Contract Tower,0,22,22,0,44,0,11,117,12,140,0,33,139,12,184,58,4,62,246
07/01/2011,SAF,NM,ASW,WE,Federal Contract Tower,0,25,29,0,54,0,0,123,0,123,0,25,152,0,177,54,0,54,231
07/02/2011,SAF,NM,ASW,WE,Federal Contract Tower,0,20,20,0,40,0,8,115,0,123,0,28,135,0,163,100,0,100,263
07/03/2011,SAF,NM,ASW,WE,Federal Contract Tower,0,14,7,0,21,0,2,98,0,100,0,16,105,0,121,150,0,150,271
07/04/2011,SAF,NM,ASW,WE,Federal Contract Tower,0,22,14,0,36,0,0,107,0,107,0,22,121,0,143,52,0,52,195
07/05/2011,SAF,NM,ASW,WE,Federal Contract Tower,0,25,10,0,35,0,1,75,2,78,0,26,85,2,113,128,14,142,255
07/06/2011,SAF,NM,ASW,WE,Federal Contract Tower,0,20,21,0,41,0,3,80,6,89,0,23,101,6,130,114,12,126,256
07/07/2011,SAF,NM,ASW,WE,Federal Contract Tower,0,23,23,2,48,0,2,93,0,95,0,25,116,2,143,84,2,86,229
07/08/2011,SAF,NM,ASW,WE,Federal Contract Tower,0,24,24,1,49,0,3,103,0,106,0,27,127,1,155,86,0,86,241
07/09/2011,SAF,NM,ASW,WE,Federal Contract Tower,0,19,15,0,34,0,5,97,0,102,0,24,112,0,136,202,0,202,338
07/10/2011,SAF,NM,ASW,WE,Federal Contract Tower,0,26,24,0,50,0,3,65,2,70,0,29,89,2,120,70,0,70,190
07/11/2011,SAF,NM,ASW,WE,Federal Contract Tower,0,28,26,2,56,0,0,55,2,57,0,28,81,4,113,86,12,98,211
07/12/2011,SAF,NM,ASW,WE,Federal Contract Tower,0,18,18,3,39,0,5,73,1,79,0,23,91,4,118,152,0,152,270
07/13/2011,SAF,NM,ASW,WE,Federal Contract Tower,0,24,27,4,55,0,3,84,6,93,0,27,111,10,148,140,0,140,288
07/14/2011,SAF,NM,ASW,WE,Federal Contract Tower,0,22,34,2,58,0,0,83,1,84,0,22,117,3,142,86,0,86,228
07/15/2011,SAF,NM,ASW,WE,Federal Contract Tower,0,27,21,0,48,0,3,90,2,95,0,30,111,2,143,164,0,164,307
07/16/2011,SAF,NM,ASW,WE,Federal Contract Tower,20,25,0,0,45,0,5,69,0,74,20,30,69,0,119,162,0,162,281
07/17/2011,SAF,NM,ASW,WE,Federal Contract Tower,0,21,36,0,57,0,5,69,0,74,0,26,105,0,131,94,0,94,225
07/18/2011,SAF,NM,ASW,WE,Federal Contract Tower,0,20,17,0,37,0,2,51,2,55,0,22,68,2,92,112,0,112,204
07/19/2011,SAF,NM,ASW,WE,Federal Contract Tower,0,15,18,0,33,0,0,53,3,56,0,15,71,3,89,126,24,150,239
07/20/2011,SAF,NM,ASW,WE,Federal Contract Tower,0,27,25,0,52,0,4,61,5,70,0,31,86,5,122,78,0,78,200
07/21/2011,SAF,NM,ASW,WE,Federal Contract Tower,0,28,21,0,49,0,3,65,2,70,0,31,86,2,119,94,0,94,213
07/22/2011,SAF,NM,ASW,WE,Federal Contract Tower,0,16,22,0,38,0,6,77,1,84,0,22,99,1,122,72,0,72,194
07/23/2011,SAF,NM,ASW,WE,Federal Contract Tower,0,18,23,0,41,0,0,71,5,76,0,18,94,5,117,148,2,150,267
07/24/2011,SAF,NM,ASW,WE,Federal Contract Tower,0,24,27,0,51,0,65,1,0,66,0,89,28,0,117,52,0,52,169
07/25/2011,SAF,NM,ASW,WE,Federal Contract Tower,0,20,31,0,51,0,0,33,0,33,0,20,64,0,84,66,0,66,150
07/26/2011,SAF,NM,ASW,WE,Federal Contract Tower,0,21,20,0,41,0,0,47,3,50,0,21,67,3,91,114,28,142,233
07/27/2011,SAF,NM,ASW,WE,Federal Contract Tower,0,15,20,6,41,0,4,69,1,74,0,19,89,7,115,80,0,80,195
07/28/2011,SAF,NM,ASW,WE,Federal Contract Tower,0,21,20,0,41,0,4,62,2,68,0,25,82,2,109,62,0,62,171
07/29/2011,SAF,NM,ASW,WE,Federal Contract Tower,0,19,26,1,46,0,0,68,5,73,0,19,94,6,119,105,36,141,260
07/30/2011,SAF,NM,ASW,WE,Federal Contract Tower,0,19,28,0,47,0,0,0,0,0,0,19,28,0,47,62,0,62,109
07/31/2011,SAF,NM,ASW,WE,Federal Contract Tower,0,25,40,1,66,0,0,0,0,0,0,25,40,1,66,78,0,78,144
08/01/2011,SAF,NM,ASW,WE,Federal Contract Tower,0,18,26,0,44,0,3,44,3,50,0,21,70,3,94,78,0,78,172
08/02/2011,SAF,NM,ASW,WE,Federal Contract Tower,0,12,22,1,35,0,4,49,3,56,0,16,71,4,91,48,16,64,155
08/03/2011,SAF,NM,ASW,WE,Federal Contract Tower,0,18,30,1,49,0,0,42,2,44,0,18,72,3,93,72,0,72,165
08/04/2011,SAF,NM,ASW,WE,Federal Contract Tower,0,15,13,7,35,0,2,54,8,64,0,17,67,15,99,72,0,72,171
08/05/2011,SAF,NM,ASW,WE,Federal Contract Tower,0,19,20,5,44,0,2,63,5,70,0,21,83,10,114,80,2,82,196
08/06/2011,SAF,NM,ASW,WE,Federal Contract Tower,0,20,24,2,46,0,1,78,2,81,0,21,102,4,127,120,10,130,257
08/07/2011,SAF,NM,ASW,WE,Federal Contract Tower,0,14,25,2,41,0,4,98,11,113,0,18,123,13,154,152,2,154,308
08/08/2011,SAF,NM,ASW,WE,Federal Contract Tower,0,22,12,0,34,0,6,38,0,44,0,28,50,0,78,70,0,70,148
08/09/2011,SAF,NM,ASW,WE,Federal Contract Tower,0,25,18,0,43,0,4,50,1,55,0,29,68,1,98,78,8,86,184
08/10/2011,SAF,NM,ASW,WE,Federal Contract Tower,0,20,23,3,46,0,0,38,3,41,0,20,61,6,87,54,24,78,165
08/11/2011,SAF,NM,ASW,WE,Federal Contract Tower,0,21,25,2,48,0,1,43,3,47,0,22,68,5,95,6,22,28,123
08/12/2011,SAF,NM,ASW,WE,Federal Contract Tower,0,26,33,2,61,0,4,73,5,82,0,30,106,7,143,84,2,86,229
08/13/2011,SAF,NM,ASW,WE,Federal Contract Tower,0,18,13,7,38,0,0,68,3,71,0,18,81,10,109,108,6,114,223
08/14/2011,SAF,NM,ASW,WE,Federal Contract Tower,0,21,26,0,47,0,2,61,0,63,0,23,87,0,110,172,0,172,282
08/15/2011,SAF,NM,ASW,WE,Federal Contract Tower,0,19,19,4,42,0,0,41,2,43,0,19,60,6,85,116,2,118,203
08/16/2011,SAF,NM,ASW,WE,Federal Contract Tower,0,25,27,3,55,0,1,50,19,70,0,26,77,22,125,84,32,116,241
08/17/2011,SAF,NM,ASW,WE,Federal Contract Tower,0,24,24,4,52,0,2,64,5,71,0,26,88,9,123,98,0,98,221
08/18/2011,SAF,NM,ASW,WE,Federal Contract Tower,0,35,37,0,72,0,1,48,4,53,0,36,85,4,125,58,0,58,183
08/19/2011,SAF,NM,ASW,WE,Federal Contract Tower,0,25,27,1,53,0,0,63,8,71,0,25,90,9,124,90,2,92,216
08/20/2011,SAF,NM,ASW,WE,Federal Contract Tower,0,20,12,2,34,0,0,68,2,70,0,20,80,4,104,132,2,134,238
08/21/2011,SAF,NM,ASW,WE,Federal Contract Tower,0,36,41,5,82,0,4,56,3,63,0,40,97,8,145,112,16,128,273
08/22/2011,SAF,NM,ASW,WE,Federal Contract Tower,0,34,23,3,60,0,2,61,0,63,0,36,84,3,123,82,0,82,205
08/23/2011,SAF,NM,ASW,WE,Federal Contract Tower,0,21,12,2,35,0,2,45,4,51,0,23,57,6,86,114,16,130,216
08/24/2011,SAF,NM,ASW,WE,Federal Contract Tower,0,11,19,2,32,0,3,66,5,74,0,14,85,7,106,92,2,94,200
08/25/2011,SAF,NM,ASW,WE,Federal Contract Tower,0,19,28,3,50,0,2,52,0,54,0,21,80,3,104,90,6,96,200
08/26/2011,SAF,NM,ASW,WE,Federal Contract Tower,0,16,21,2,39,0,5,65,1,71,0,21,86,3,110,80,14,94,204
08/27/2011,SAF,NM,ASW,WE,Federal Contract Tower,0,18,14,1,33,0,4,80,0,84,0,22,94,1,117,110,0,110,227
08/28/2011,SAF,NM,ASW,WE,Federal Contract Tower,0,22,24,0,46,0,10,54,0,64,0,32,78,0,110,160,0,160,270
08/29/2011,SAF,NM,ASW,WE,Federal Contract Tower,0,16,17,4,37,0,9,50,9,68,0,25,67,13,105,190,16,206,311
08/30/2011,SAF,NM,ASW,WE,Federal Contract Tower,0,19,22,1,42,0,4,53,9,66,0,23,75,10,108,114,18,132,240
08/31/2011,SAF,NM,ASW,WE,Federal Contract Tower,0,22,15,3,40,0,2,46,6,54,0,24,61,9,94,24,16,40,134
09/01/2011,SAF,NM,ASW,WE,Federal Contract Tower,0,19,29,2,50,0,3,65,7,75,0,22,94,9,125,114,0,114,239
09/02/2011,SAF,NM,ASW,WE,Federal Contract Tower,0,31,29,1,61,0,0,60,6,66,0,31,89,7,127,50,8,58,185
09/03/2011,SAF,NM,ASW,WE,Federal Contract Tower,0,12,17,4,33,0,3,62,0,65,0,15,79,4,98,98,0,98,196
09/04/2011,SAF,NM,ASW,WE,Federal Contract Tower,0,9,9,1,19,0,3,28,2,33,0,12,37,3,52,24,2,26,78
09/05/2011,SAF,NM,ASW,WE,Federal Contract Tower,0,34,29,4,67,0,0,69,3,72,0,34,98,7,139,126,4,130,269
09/06/2011,SAF,NM,ASW,WE,Federal Contract Tower,0,14,13,2,29,0,2,59,4,65,0,16,72,6,94,44,28,72,166
09/07/2011,SAF,NM,ASW,WE,Federal Contract Tower,0,17,16,0,33,0,4,42,5,51,0,21,58,5,84,112,36,148,232
09/08/2011,SAF,NM,ASW,WE,Federal Contract Tower,0,24,21,5,50,0,2,62,2,66,0,26,83,7,116,82,12,94,210
09/09/2011,SAF,NM,ASW,WE,Federal Contract Tower,0,23,30,0,53,0,3,48,2,53,0,26,78,2,106,62,0,62,168
09/10/2011,SAF,NM,ASW,WE,Federal Contract Tower,0,16,19,0,35,0,2,46,0,48,0,18,65,0,83,146,0,146,229
09/11/2011,SAF,NM,ASW,WE,Federal Contract Tower,0,19,25,0,44,0,4,67,0,71,0,23,92,0,115,98,8,106,221
09/12/2011,SAF,NM,ASW,WE,Federal Contract Tower,0,10,27,2,39,0,2,72,6,80,0,12,99,8,119,56,10,66,185
09/13/2011,SAF,NM,ASW,WE,Federal Contract Tower,0,8,16,0,24,0,2,48,10,60,0,10,64,10,84,88,18,106,190
09/14/2011,SAF,NM,ASW,WE,Federal Contract Tower,0,1,1,0,2,0,2,2,2,6,0,3,3,2,8,0,0,0,8
09/15/2011,SAF,NM,ASW,WE,Federal Contract Tower,0,7,25,0,32,0,0,23,2,25,0,7,48,2,57,84,8,92,149
09/16/2011,SAF,NM,ASW,WE,Federal Contract Tower,0,14,33,2,49,0,0,50,3,53,0,14,83,5,102,112,0,112,214
09/17/2011,SAF,NM,ASW,WE,Federal Contract Tower,0,18,22,3,43,0,5,65,0,70,0,23,87,3,113,90,0,90,203
09/18/2011,SAF,NM,ASW,WE,Federal Contract Tower,0,21,27,4,52,0,2,94,6,102,0,23,121,10,154,50,18,68,222
09/19/2011,SAF,NM,ASW,WE,Federal Contract Tower,0,15,12,2,29,0,0,54,1,55,0,15,66,3,84,66,0,66,150
09/20/2011,SAF,NM,ASW,WE,Federal Contract Tower,0,15,19,2,36,0,1,45,0,46,0,16,64,2,82,164,0,164,246
09/21/2011,SAF,NM,ASW,WE,Federal Contract Tower,0,15,31,2,48,0,0,49,0,49,0,15,80,2,97,72,0,72,169
09/22/2011,SAF,NM,ASW,WE,Federal Contract Tower,0,27,38,2,67,0,2,59,2,63,0,29,97,4,130,22,26,48,178
09/23/2011,SAF,NM,ASW,WE,Federal Contract Tower,0,15,25,3,43,0,2,68,10,80,0,17,93,13,123,80,4,84,207
09/24/2011,SAF,NM,ASW,WE,Federal Contract Tower,0,15,16,1,32,0,3,84,0,87,0,18,100,1,119,88,0,88,207
09/25/2011,SAF,NM,ASW,WE,Federal Contract Tower,0,28,33,3,64,0,2,94,2,98,0,30,127,5,162,72,2,74,236
09/26/2011,SAF,NM,ASW,WE,Federal Contract Tower,0,14,8,2,24,0,2,42,4,48,0,16,50,6,72,38,0,38,110
09/27/2011,SAF,NM,ASW,WE,Federal Contract Tower,0,14,23,0,37,0,1,35,5,41,0,15,58,5,78,70,0,70,148
09/28/2011,SAF,NM,ASW,WE,Federal Contract Tower,0,17,27,3,47,0,1,50,7,58,0,18,77,10,105,74,4,78,183
09/29/2011,SAF,NM,ASW,WE,Federal Contract Tower,0,13,21,3,37,0,6,43,0,49,0,19,64,3,86,40,2,42,128
09/30/2011,SAF,NM,ASW,WE,Federal Contract Tower,0,10,32,2,44,0,4,68,3,75,0,14,100,5,119,60,2,62,181
10/01/2011,SAF,NM,ASW,WE,Federal Contract Tower,0,9,23,1,33,0,8,61,2,71,0,17,84,3,104,142,0,142,246
10/02/2011,SAF,NM,ASW,WE,Federal Contract Tower,0,14,32,0,46,0,0,68,0,68,0,14,100,0,114,90,0,90,204
10/03/2011,SAF,NM,ASW,WE,Federal Contract Tower,0,12,26,0,38,0,2,32,0,34,0,14,58,0,72,72,0,72,144
10/04/2011,SAF,NM,ASW,WE,Federal Contract Tower,0,16,32,14,62,0,0,46,2,48,0,16,78,16,110,33,10,43,153
10/05/2011,SAF,NM,ASW,WE,Federal Contract Tower,0,13,18,6,37,0,3,43,0,46,0,16,61,6,83,76,2,78,161
10/06/2011,SAF,NM,ASW,WE,Federal Contract Tower,0,19,18,1,38,0,0,45,1,46,0,19,63,2,84,40,0,40,124
10/07/2011,SAF,NM,ASW,WE,Federal Contract Tower,0,22,33,0,55,0,0,20,0,20,0,22,53,0,75,90,0,90,165
10/08/2011,SAF,NM,ASW,WE,Federal Contract Tower,0,13,17,1,31,0,5,53,2,60,0,18,70,3,91,120,6,126,217
10/09/2011,SAF,NM,ASW,WE,Federal Contract Tower,0,19,23,0,42,0,4,80,0,84,0,23,103,0,126,136,0,136,262
10/10/2011,SAF,NM,ASW,WE,Federal Contract Tower,0,22,24,0,46,0,3,63,0,66,0,25,87,0,112,116,0,116,228
10/11/2011,SAF,NM,ASW,WE,Federal Contract Tower,0,11,13,0,24,0,4,45,4,53,0,15,58,4,77,136,6,142,219
10/12/2011,SAF,NM,ASW,WE,Federal Contract Tower,0,15,22,4,41,0,4,59,9,72,0,19,81,13,113,106,4,110,223
10/13/2011,SAF,NM,ASW,WE,Federal Contract Tower,0,19,19,6,44,0,4,46,6,56,0,23,65,12,100,80,16,96,196
10/14/2011,SAF,NM,ASW,WE,Federal Contract Tower,0,13,18,4,35,0,0,68,3,71,0,13,86,7,106,88,2,90,196
10/15/2011,SAF,NM,ASW,WE,Federal Contract Tower,0,12,18,5,35,0,4,63,3,70,0,16,81,8,105,154,20,174,279
10/16/2011,SAF,NM,ASW,WE,Federal Contract Tower,0,27,24,3,54,0,2,83,0,85,0,29,107,3,139,60,0,60,199
10/17/2011,SAF,NM,ASW,WE,Federal Contract Tower,0,13,23,0,36,0,3,19,0,22,0,16,42,0,58,4,0,4,62
10/18/2011,SAF,NM,ASW,WE,Federal Contract Tower,0,17,24,1,42,0,4,48,4,56,0,21,72,5,98,90,44,134,232
10/19/2011,SAF,NM,ASW,WE,Federal Contract Tower,0,17,19,3,39,0,2,62,4,68,0,19,81,7,107,144,2,146,253
10/20/2011,SAF,NM,ASW,WE,Federal Contract Tower,0,10,18,3,31,0,2,45,4,51,0,12,63,7,82,58,2,60,142
10/21/2011,SAF,NM,ASW,WE,Federal Contract Tower,0,16,17,7,40,0,4,78,0,82,0,20,95,7,122,180,4,184,306
10/22/2011,SAF,NM,ASW,WE,Federal Contract Tower,0,13,16,12,41,0,5,80,7,92,0,18,96,19,133,96,0,96,229
10/23/2011,SAF,NM,ASW,WE,Federal Contract Tower,0,13,28,4,45,0,5,66,2,73,0,18,94,6,118,76,0,76,194
10/24/2011,SAF,NM,ASW,WE,Federal Contract Tower,0,19,14,1,34,0,4,45,5,54,0,23,59,6,88,82,0,82,170
10/25/2011,SAF,NM,ASW,WE,Federal Contract Tower,0,18,13,5,36,0,2,23,4,29,0,20,36,9,65,12,16,28,93
10/26/2011,SAF,NM,ASW,WE,Federal Contract Tower,0,17,16,3,36,0,4,17,2,23,0,21,33,5,59,62,0,62,121
10/27/2011,SAF,NM,ASW,WE,Federal Contract Tower,0,15,17,1,33,0,1,22,2,25,0,16,39,3,58,64,0,64,122
10/28/2011,SAF,NM,ASW,WE,Federal Contract Tower,0,11,30,1,42,0,2,69,4,75,0,13,99,5,117,126,0,126,243
10/29/2011,SAF,NM,ASW,WE,Federal Contract Tower,0,15,13,0,28,0,3,65,3,71,0,18,78,3,99,154,0,154,253
10/30/2011,SAF,NM,ASW,WE,Federal Contract Tower,0,23,19,1,43,0,1,70,1,72,0,24,89,2,115,146,0,146,261
10/31/2011,SAF,NM,ASW,WE,Federal Contract Tower,0,13,15,0,28,0,0,49,0,49,0,13,64,0,77,82,0,82,159
11/01/2011,SAF,NM,ASW,WE,Federal Contract Tower,0,9,19,1,29,0,0,59,1,60,0,9,78,2,89,158,16,174,263
11/02/2011,SAF,NM,ASW,WE,Federal Contract Tower,0,14,12,1,27,0,7,28,1,36,0,21,40,2,63,98,4,102,165
11/03/2011,SAF,NM,ASW,WE,Federal Contract Tower,0,11,15,0,26,0,3,61,0,64,0,14,76,0,90,126,0,126,216
11/04/2011,SAF,NM,ASW,WE,Federal Contract Tower,0,14,26,5,45,0,3,46,5,54,0,17,72,10,99,116,8,124,223
11/05/2011,SAF,NM,ASW,WE,Federal Contract Tower,0,14,7,0,21,0,0,2,0,2,0,14,9,0,23,10,0,10,33
11/06/2011,SAF,NM,ASW,WE,Federal Contract Tower,0,17,20,2,39,0,1,70,4,75,0,18,90,6,114,116,0,116,230
11/07/2011,SAF,NM,ASW,WE,Federal Contract Tower,0,11,21,0,32,0,1,26,5,32,0,12,47,5,64,86,8,94,158
11/08/2011,SAF,NM,ASW,WE,Federal Contract Tower,0,12,19,0,31,0,2,24,3,29,0,14,43,3,60,132,16,148,208
11/09/2011,SAF,NM,ASW,WE,Federal Contract Tower,0,17,21,4,42,0,6,45,5,56,0,23,66,9,98,140,14,154,252
11/10/2011,SAF,NM,ASW,WE,Federal Contract Tower,0,8,16,1,25,0,0,46,8,54,0,8,62,9,79,36,10,46,125
11/11/2011,SAF,NM,ASW,WE,Federal Contract Tower,0,16,22,0,38,0,1,61,4,66,0,17,83,4,104,140,0,140,244
11/12/2011,SAF,NM,ASW,WE,Federal Contract Tower,0,16,9,2,27,0,0,35,0,35,0,16,44,2,62,50,0,50,112
11/13/2011,SAF,NM,ASW,WE,Federal Contract Tower,0,9,22,0,31,0,0,14,0,14,0,9,36,0,45,34,0,34,79
11/14/2011,SAF,NM,ASW,WE,Federal Contract Tower,0,11,13,2,26,0,4,39,11,54,0,15,52,13,80,52,2,54,134
11/15/2011,SAF,NM,ASW,WE,Federal Contract Tower,0,11,18,1,30,0,2,46,12,60,0,13,64,13,90,84,12,96,186
11/16/2011,SAF,NM,ASW,WE,Federal Contract Tower,0,9,15,1,25,0,5,40,7,52,0,14,55,8,77,134,2,136,213
11/17/2011,SAF,NM,ASW,WE,Federal Contract Tower,0,17,10,6,33,0,2,51,5,58,0,19,61,11,91,74,8,82,173
11/18/2011,SAF,NM,ASW,WE,Federal Contract Tower,0,13,19,0,32,0,3,39,0,42,0,16,58,0,74,122,0,122,196
11/19/2011,SAF,NM,ASW,WE,Federal Contract Tower,0,14,16,1,31,0,2,49,0,51,0,16,65,1,82,100,0,100,182
11/20/2011,SAF,NM,ASW,WE,Federal Contract Tower,0,11,14,0,25,0,1,36,1,38,0,12,50,1,63,106,0,106,169
11/21/2011,SAF,NM,ASW,WE,Federal Contract Tower,0,20,10,0,30,0,6,25,4,35,0,26,35,4,65,66,16,82,147
11/22/2011,SAF,NM,ASW,WE,Federal Contract Tower,0,10,18,0,28,0,1,41,1,43,0,11,59,1,71,58,12,70,141
11/23/2011,SAF,NM,ASW,WE,Federal Contract Tower,0,23,15,0,38,0,2,61,0,63,0,25,76,0,101,74,0,74,175
11/24/2011,SAF,NM,ASW,WE,Federal Contract Tower,0,10,4,0,14,0,0,16,0,16,0,10,20,0,30,18,0,18,48
11/25/2011,SAF,NM,ASW,WE,Federal Contract Tower,0,18,11,0,29,0,3,10,0,13,0,21,21,0,42,28,0,28,70
11/26/2011,SAF,NM,ASW,WE,Federal Contract Tower,0,21,12,0,33,0,4,46,0,50,0,25,58,0,83,26,0,26,109
11/27/2011,SAF,NM,ASW,WE,Federal Contract Tower,0,15,21,0,36,0,3,67,0,70,0,18,88,0,106,134,0,134,240
11/28/2011,SAF,NM,ASW,WE,Federal Contract Tower,0,17,14,0,31,0,0,55,3,58,0,17,69,3,89,70,0,70,159
11/29/2011,SAF,NM,ASW,WE,Federal Contract Tower,0,8,15,1,24,0,3,50,7,60,0,11,65,8,84,112,34,146,230
11/30/2011,SAF,NM,ASW,WE,Federal Contract Tower,0,15,12,2,29,0,5,60,2,67,0,20,72,4,96,124,0,124,220
12/01/2011,SAF,NM,ASW,WE,Federal Contract Tower,0,8,12,3,23,0,1,4,0,5,0,9,16,3,28,14,4,18,46
12/02/2011,SAF,NM,ASW,WE,Federal Contract Tower,0,12,18,0,30,0,0,8,0,8,0,12,26,0,38,32,4,36,74
12/03/2011,SAF,NM,ASW,WE,Federal Contract Tower,0,11,1,4,16,0,0,1,0,1,0,11,2,4,17,32,0,32,49
12/04/2011,SAF,NM,ASW,WE,Federal Contract Tower,0,2,11,0,13,0,6,0,0,6,0,8,11,0,19,16,0,16,35
12/05/2011,SAF,NM,ASW,WE,Federal Contract Tower,0,10,9,0,19,0,0,2,0,2,0,10,11,0,21,0,0,0,21
12/06/2011,SAF,NM,ASW,WE,Federal Contract Tower,0,6,8,0,14,0,2,10,4,16,0,8,18,4,30,8,0,8,38
12/07/2011,SAF,NM,ASW,WE,Federal Contract Tower,0,10,23,0,33,0,0,34,2,36,0,10,57,2,69,60,2,62,131
12/08/2011,SAF,NM,ASW,WE,Federal Contract Tower,0,8,16,1,25,0,0,34,5,39,0,8,50,6,64,62,10,72,136
12/09/2011,SAF,NM,ASW,WE,Federal Contract Tower,0,12,18,7,37,0,0,31,2,33,0,12,49,9,70,30,0,30,100
12/10/2011,SAF,NM,ASW,WE,Federal Contract Tower,0,8,14,1,23,0,3,71,1,75,0,11,85,2,98,204,0,204,302
12/11/2011,SAF,NM,ASW,WE,Federal Contract Tower,0,11,13,0,24,0,3,55,0,58,0,14,68,0,82,120,0,120,202
12/12/2011,SAF,NM,ASW,WE,Federal Contract Tower,0,11,12,0,23,0,1,5,0,6,0,12,17,0,29,12,0,12,41
12/13/2011,SAF,NM,ASW,WE,Federal Contract Tower,0,11,4,0,15,0,2,4,0,6,0,13,8,0,21,8,0,8,29
12/14/2011,SAF,NM,ASW,WE,Federal Contract Tower,0,8,15,1,24,0,0,6,1,7,0,8,21,2,31,8,4,12,43
12/15/2011,SAF,NM,ASW,WE,Federal Contract Tower,0,14,17,0,31,0,6,44,8,58,0,20,61,8,89,80,30,110,199
12/16/2011,SAF,NM,ASW,WE,Federal Contract Tower,0,15,17,0,32,0,4,38,0,42,0,19,55,0,74,64,0,64,138
12/17/2011,SAF,NM,ASW,WE,Federal Contract Tower,0,115,8,3,126,0,0,43,3,46,0,115,51,6,172,94,20,114,286
12/18/2011,SAF,NM,ASW,WE,Federal Contract Tower,0,16,19,7,42,0,0,54,1,55,0,16,73,8,97,106,0,106,203
12/19/2011,SAF,NM,ASW,WE,Federal Contract Tower,0,1,8,0,9,0,0,0,0,0,0,1,8,0,9,0,0,0,9
12/20/2011,SAF,NM,ASW,WE,Federal Contract Tower,0,15,21,1,37,0,0,7,3,10,0,15,28,4,47,44,10,54,101
12/21/2011,SAF,NM,ASW,WE,Federal Contract Tower,0,20,25,4,49,0,0,23,1,24,0,20,48,5,73,92,4,96,169
12/22/2011,SAF,NM,ASW,WE,Federal Contract Tower,0,16,8,0,24,0,0,0,0,0,0,16,8,0,24,0,10,10,34
12/23/2011,SAF,NM,ASW,WE,Federal Contract Tower,0,12,10,0,22,0,4,4,0,8,0,16,14,0,30,0,0,0,30
12/24/2011,SAF,NM,ASW,WE,Federal Contract Tower,0,10,11,0,21,0,0,27,0,27,0,10,38,0,48,0,0,0,48
12/25/2011,SAF,NM,ASW,WE,Federal Contract Tower,0,16,4,0,20,0,0,7,0,7,0,16,11,0,27,0,0,0,27
12/26/2011,SAF,NM,ASW,WE,Federal Contract Tower,0,20,25,0,45,0,4,45,0,49,0,24,70,0,94,36,0,36,130
12/27/2011,SAF,NM,ASW,WE,Federal Contract Tower,0,18,39,2,59,0,0,59,1,60,0,18,98,3,119,124,6,130,249
12/28/2011,SAF,NM,ASW,WE,Federal Contract Tower,0,17,15,5,37,0,2,57,4,63,0,19,72,9,100,130,6,136,236
12/29/2011,SAF,NM,ASW,WE,Federal Contract Tower,0,16,12,5,33,0,1,66,4,71,0,17,78,9,104,144,8,152,256
12/30/2011,SAF,NM,ASW,WE,Federal Contract Tower,0,30,15,0,45,0,3,55,1,59,0,33,70,1,104,52,0,52,156
12/31/2011,SAF,NM,ASW,WE,Federal Contract Tower,0,11,15,0,26,0,5,38,0,43,0,16,53,0,69,30,0,30,99
01/01/2012,SAF,NM,ASW,WE,Federal Contract Tower,0,18,20,0,38,0,2,38,0,40,0,20,58,0,78,96,0,96,174
01/02/2012,SAF,NM,ASW,WE,Federal Contract Tower,0,16,16,0,32,0,2,59,2,63,0,18,75,2,95,68,0,68,163
01/03/2012,SAF,NM,ASW,WE,Federal Contract Tower,0,22,20,2,44,0,0,46,12,58,0,22,66,14,102,92,32,124,226
01/04/2012,SAF,NM,ASW,WE,Federal Contract Tower,0,23,10,2,35,0,1,44,0,45,0,24,54,2,80,82,0,82,162
01/05/2012,SAF,NM,ASW,WE,Federal Contract Tower,0,8,20,3,31,0,3,44,2,49,0,11,64,5,80,40,18,58,138
01/06/2012,SAF,NM,ASW,WE,Federal Contract Tower,0,16,13,1,30,0,3,58,8,69,0,19,71,9,99,124,16,140,239
01/07/2012,SAF,NM,ASW,WE,Federal Contract Tower,0,10,10,8,28,0,5,72,9,86,0,15,82,17,114,126,20,146,260
01/08/2012,SAF,NM,ASW,WE,Federal Contract Tower,7,10,8,0,25,0,5,10,2,17,7,15,18,2,42,62,4,66,108
01/09/2012,SAF,NM,ASW,WE,Federal Contract Tower,0,15,9,0,24,0,3,37,3,43,0,18,46,3,67,96,0,96,163
01/10/2012,SAF,NM,ASW,WE,Federal Contract Tower,0,15,5,2,22,0,4,56,21,81,0,19,61,23,103,94,44,138,241
01/11/2012,SAF,NM,ASW,WE,Federal Contract Tower,0,10,16,6,32,0,6,33,1,40,0,16,49,7,72,94,24,118,190
01/12/2012,SAF,NM,ASW,WE,Federal Contract Tower,0,12,13,3,28,0,0,36,3,39,0,12,49,6,67,70,0,70,137
01/13/2012,SAF,NM,ASW,WE,Federal Contract Tower,0,12,17,7,36,0,6,52,2,60,0,18,69,9,96,76,2,78,174
01/14/2012,SAF,NM,ASW,WE,Federal Contract Tower,0,11,13,0,24,0,1,77,2,80,0,12,90,2,104,50,0,50,154
01/15/2012,SAF,NM,ASW,WE,Federal Contract Tower,0,11,11,10,32,0,6,62,6,74,0,17,73,16,106,36,30,66,172
01/16/2012,SAF,NM,ASW,WE,Federal Contract Tower,0,12,16,2,30,0,3,6,0,9,0,15,22,2,39,36,0,36,75
01/17/2012,SAF,NM,ASW,WE,Federal Contract Tower,0,8,26,4,38,0,1,24,14,39,0,9,50,18,77,74,8,82,159
01/18/2012,SAF,NM,ASW,WE,Federal Contract Tower,0,9,29,1,39,0,8,27,0,35,0,17,56,1,74,86,0,86,160
01/19/2012,SAF,NM,ASW,WE,Federal Contract Tower,0,16,27,2,45,0,8,29,2,39,0,24,56,4,84,72,0,72,156
01/20/2012,SAF,NM,ASW,WE,Federal Contract Tower,0,14,24,5,43,0,5,43,16,64,0,19,67,21,107,60,4,64,171
01/21/2012,SAF,NM,ASW,WE,Federal Contract Tower,0,8,9,0,17,0,3,52,5,60,0,11,61,5,77,104,4,108,185
01/22/2012,SAF,NM,ASW,WE,Federal Contract Tower,0,15,15,0,30,0,4,15,1,20,0,19,30,1,50,12,0,12,62
01/23/2012,SAF,NM,ASW,WE,Federal Contract Tower,0,8,12,0,20,0,4,48,2,54,0,12,60,2,74,106,0,106,180
01/24/2012,SAF,NM,ASW,WE,Federal Contract Tower,0,19,12,2,33,0,5,2,1,8,0,24,14,3,41,46,10,56,97
01/25/2012,SAF,NM,ASW,WE,Federal Contract Tower,0,11,17,2,30,0,2,28,1,31,0,13,45,3,61,68,10,78,139
01/26/2012,SAF,NM,ASW,WE,Federal Contract Tower,0,15,13,3,31,0,3,47,4,54,0,18,60,7,85,104,0,104,189
01/27/2012,SAF,NM,ASW,WE,Federal Contract Tower,0,13,17,2,32,0,6,32,2,40,0,19,49,4,72,68,4,72,144
01/28/2012,SAF,NM,ASW,WE,Federal Contract Tower,0,8,10,10,28,0,0,62,4,66,0,8,72,14,94,102,24,126,220
01/29/2012,SAF,NM,ASW,WE,Federal Contract Tower,0,11,9,0,20,0,1,47,0,48,0,12,56,0,68,50,0,50,118
01/30/2012,SAF,NM,ASW,WE,Federal Contract Tower,0,10,9,0,19,0,4,50,0,54,0,14,59,0,73,132,0,132,205
01/31/2012,SAF,NM,ASW,WE,Federal Contract Tower,0,6,17,0,23,0,0,63,5,68,0,6,80,5,91,164,16,180,271
02/01/2012,SAF,NM,ASW,WE,Federal Contract Tower,0,12,21,2,35,0,4,43,2,49,0,16,64,4,84,152,4,156,240
02/02/2012,SAF,NM,ASW,WE,Federal Contract Tower,0,13,10,3,26,0,2,22,1,25,0,15,32,4,51,40,2,42,93
02/03/2012,SAF,NM,ASW,WE,Federal Contract Tower,0,17,16,12,45,0,0,21,1,22,0,17,37,13,67,42,24,66,133
02/04/2012,SAF,NM,ASW,WE,Federal Contract Tower,0,11,11,5,27,0,0,50,1,51,0,11,61,6,78,104,4,108,186
02/05/2012,SAF,NM,ASW,WE,Federal Contract Tower,0,16,11,7,34,0,5,27,1,33,0,21,38,8,67,126,0,126,193
02/06/2012,SAF,NM,ASW,WE,Federal Contract Tower,0,15,18,3,36,0,4,14,0,18,0,19,32,3,54,32,6,38,92
02/07/2012,SAF,NM,ASW,WE,Federal Contract Tower,0,8,8,0,16,0,1,27,3,31,0,9,35,3,47,88,20,108,155
02/08/2012,SAF,NM,ASW,WE,Federal Contract Tower,0,7,11,3,21,0,5,39,2,46,0,12,50,5,67,84,0,84,151
02/09/2012,SAF,NM,ASW,WE,Federal Contract Tower,0,11,15,0,26,0,2,24,3,29,0,13,39,3,55,70,4,74,129
02/10/2012,SAF,NM,ASW,WE,Federal Contract Tower,0,13,15,4,32,0,4,66,0,70,0,17,81,4,102,100,0,100,202
02/11/2012,SAF,NM,ASW,WE,Federal Contract Tower,0,15,13,6,34,0,0,60,3,63,0,15,73,9,97,136,0,136,233
02/12/2012,SAF,NM,ASW,WE,Federal Contract Tower,0,13,7,1,21,0,0,7,0,7,0,13,14,1,28,18,0,18,46
02/13/2012,SAF,NM,ASW,WE,Federal Contract Tower,0,12,16,1,29,0,0,14,2,16,0,12,30,3,45,26,6,32,77
02/14/2012,SAF,NM,ASW,WE,Federal Contract Tower,0,9,10,1,20,0,2,28,2,32,0,11,38,3,52,74,0,74,126
02/15/2012,SAF,NM,ASW,WE,Federal Contract Tower,0,17,12,0,29,0,0,30,7,37,0,17,42,7,66,96,2,98,164
02/16/2012,SAF,NM,ASW,WE,Federal Contract Tower,0,17,25,3,45,0,1,42,3,46,0,18,67,6,91,104,6,110,201
02/17/2012,SAF,NM,ASW,WE,Federal Contract Tower,0,26,19,12,57,0,2,30,2,34,0,28,49,14,91,148,16,164,255
02/18/2012,SAF,NM,ASW,WE,Federal Contract Tower,0,12,3,7,22,0,2,60,3,65,0,14,63,10,87,124,36,160,247
02/19/2012,SAF,NM,ASW,WE,Federal Contract Tower,0,15,34,3,52,0,4,46,0,50,0,19,80,3,102,48,0,48,150
02/20/2012,SAF,NM,ASW,WE,Federal Contract Tower,0,21,21,8,50,0,0,10,0,10,0,21,31,8,60,18,0,18,78
02/21/2012,SAF,NM,ASW,WE,Federal Contract Tower,0,9,11,5,25,0,0,40,5,45,0,9,51,10,70,144,20,164,234
02/22/2012,SAF,NM,ASW,WE,Federal Contract Tower,0,9,7,0,16,0,2,33,2,37,0,11,40,2,53,68,0,68,121
02/23/2012,SAF,NM,ASW,WE,Federal Contract Tower,0,11,8,2,21,0,2,21,0,23,0,13,29,2,44,22,0,22,66
02/24/2012,SAF,NM,ASW,WE,Federal Contract Tower,0,15,9,14,38,0,7,37,4,48,0,22,46,18,86,60,8,68,154
02/25/2012,SAF,NM,ASW,WE,Federal Contract Tower,0,6,4,5,15,0,4,63,6,73,0,10,67,11,88,70,12,82,170
02/26/2012,SAF,NM,ASW,WE,Federal Contract Tower,0,9,9,0,18,0,0,65,1,66,0,9,74,1,84,98,0,98,182
02/27/2012,SAF,NM,ASW,WE,Federal Contract Tower,0,13,7,1,21,0,0,12,1,13,0,13,19,2,34,26,0,26,60
02/28/2012,SAF,NM,ASW,WE,Federal Contract Tower,0,10,20,1,31,0,1,3,3,7,0,11,23,4,38,0,18,18,56
02/29/2012,SAF,NM,ASW,WE,Federal Contract Tower,0,9,18,2,29,0,4,47,6,57,0,13,65,8,86,102,0,102,188
03/01/2012,SAF,NM,ASW,WE,Federal Contract Tower,0,15,8,2,25,0,0,18,0,18,0,15,26,2,43,70,0,70,113
03/02/2012,SAF,NM,ASW,WE,Federal Contract Tower,0,12,14,4,30,0,1,5,0,6,0,13,19,4,36,20,6,26,62
03/03/2012,SAF,NM,ASW,WE,Federal Contract Tower,0,11,12,9,32,0,1,49,3,53,0,12,61,12,85,86,46,132,217
03/04/2012,SAF,NM,ASW,WE,Federal Contract Tower,0,18,12,5,35,0,4,42,0,46,0,22,54,5,81,120,0,120,201
03/05/2012,SAF,NM,ASW,WE,Federal Contract Tower,0,11,15,1,27,0,2,56,0,58,0,13,71,1,85,150,0,150,235
03/06/2012,SAF,NM,ASW,WE,Federal Contract Tower,0,6,8,3,17,0,2,33,3,38,0,8,41,6,55,50,6,56,111
03/07/2012,SAF,NM,ASW,WE,Federal Contract Tower,0,6,9,0,15,0,0,14,0,14,0,6,23,0,29,34,0,34,63
03/08/2012,SAF,NM,ASW,WE,Federal Contract Tower,0,11,17,1,29,0,0,12,0,12,0,11,29,1,41,36,0,36,77
03/09/2012,SAF,NM,ASW,WE,Federal Contract Tower,0,18,11,1,30,0,3,39,1,43,0,21,50,2,73,116,2,118,191
03/10/2012,SAF,NM,ASW,WE,Federal Contract Tower,0,14,17,1,32,0,3,1,0,4,0,17,18,1,36,20,0,20,56
03/11/2012,SAF,NM,ASW,WE,Federal Contract Tower,0,17,16,0,33,0,7,48,0,55,0,24,64,0,88,110,0,110,198
03/12/2012,SAF,NM,ASW,WE,Federal Contract Tower,0,8,12,0,20,0,4,65,0,69,0,12,77,0,89,124,0,124,213
03/13/2012,SAF,NM,ASW,WE,Federal Contract Tower,0,14,18,0,32,0,1,65,4,70,0,15,83,4,102,176,0,176,278
03/14/2012,SAF,NM,ASW,WE,Federal Contract Tower,0,10,17,2,29,0,2,51,1,54,0,12,68,3,83,152,2,154,237
03/15/2012,SAF,NM,ASW,WE,Federal Contract Tower,0,14,19,0,33,0,5,47,4,56,0,19,66,4,89,74,0,74,163
03/16/2012,SAF,NM,ASW,WE,Federal Contract Tower,0,18,14,5,37,0,4,86,0,90,0,22,100,5,127,118,0,118,245
03/17/2012,SAF,NM,ASW,WE,Federal Contract Tower,0,16,18,3,37,0,4,34,9,47,0,20,52,12,84,56,6,62,146
03/18/2012,SAF,NM,ASW,WE,Federal Contract Tower,0,19,15,1,35,0,0,5,0,5,0,19,20,1,40,6,16,22,62
03/19/2012,SAF,NM,ASW,WE,Federal Contract Tower,0,16,13,0,29,0,0,14,0,14,0,16,27,0,43,22,0,22,65
03/20/2012,SAF,NM,ASW,WE,Federal Contract Tower,0,12,8,3,23,0,4,13,0,17,0,16,21,3,40,28,4,32,72
03/21/2012,SAF,NM,ASW,WE,Federal Contract Tower,0,10,14,8,32,0,2,31,1,34,0,12,45,9,66,56,4,60,126
03/22/2012,SAF,NM,ASW,WE,Federal Contract Tower,0,20,17,4,41,0,7,57,8,72,0,27,74,12,113,62,14,76,189
03/23/2012,SAF,NM,ASW,WE,Federal Contract Tower,0,17,19,6,42,0,2,57,9,68,0,19,76,15,110,94,32,126,236
03/24/2012,SAF,NM,ASW,WE,Federal Contract Tower,0,10,8,0,18,0,5,65,0,70,0,15,73,0,88,86,0,86,174
03/25/2012,SAF,NM,ASW,WE,Federal Contract Tower,0,13,15,2,30,0,7,49,0,56,0,20,64,2,86,36,0,36,122
03/26/2012,SAF,NM,ASW,WE,Federal Contract Tower,0,12,12,9,33,0,1,23,6,30,0,13,35,15,63,86,14,100,163
03/27/2012,SAF,NM,ASW,WE,Federal Contract Tower,0,13,14,3,30,0,5,41,5,51,0,18,55,8,81,102,40,142,223
03/28/2012,SAF,NM,ASW,WE,Federal Contract Tower,0,9,4,5,18,0,4,79,0,83,0,13,83,5,101,112,0,112,213
03/29/2012,SAF,NM,ASW,WE,Federal Contract Tower,0,14,22,2,38,0,2,49,5,56,0,16,71,7,94,76,0,76,170
03/30/2012,SAF,NM,ASW,WE,Federal Contract Tower,0,14,18,3,35,0,3,62,6,71,0,17,80,9,106,118,8,126,232
03/31/2012,SAF,NM,ASW,WE,Federal Contract Tower,0,16,11,9,36,0,2,71,3,76,0,18,82,12,112,114,24,138,250
04/01/2012,SAF,NM,ASW,WE,Federal Contract Tower,0,14,11,3,28,0,9,33,0,42,0,23,44,3,70,72,0,72,142
04/02/2012,SAF,NM,ASW,WE,Federal Contract Tower,15,14,0,0,29,0,1,13,2,16,15,15,13,2,45,6,0,6,51
04/03/2012,SAF,NM,ASW,WE,Federal Contract Tower,0,11,7,0,18,0,0,5,0,5,0,11,12,0,23,26,0,26,49
04/04/2012,SAF,NM,ASW,WE,Federal Contract Tower,0,10,19,3,32,0,7,50,3,60,0,17,69,6,92,46,12,58,150
04/05/2012,SAF,NM,ASW,WE,Federal Contract Tower,0,16,7,0,23,0,7,41,7,55,0,23,48,7,78,56,4,60,138
04/06/2012,SAF,NM,ASW,WE,Federal Contract Tower,0,15,18,2,35,0,1,58,0,59,0,16,76,2,94,64,0,64,158
04/07/2012,SAF,NM,ASW,WE,Federal Contract Tower,0,10,7,0,17,0,3,39,0,42,0,13,46,0,59,32,0,32,91
04/08/2012,SAF,NM,ASW,WE,Federal Contract Tower,0,15,7,0,22,0,1,48,0,49,0,16,55,0,71,58,0,58,129
04/09/2012,SAF,NM,ASW,WE,Federal Contract Tower,0,20,15,6,41,0,3,34,4,41,0,23,49,10,82,118,24,142,224
04/10/2012,SAF,NM,ASW,WE,Federal Contract Tower,0,16,12,1,29,0,1,39,8,48,0,17,51,9,77,78,14,92,169
04/11/2012,SAF,NM,ASW,WE,Federal Contract Tower,0,13,20,2,35,0,3,20,0,23,0,16,40,2,58,48,0,48,106
04/12/2012,SAF,NM,ASW,WE,Federal Contract Tower,0,13,15,4,32,0,4,43,0,47,0,17,58,4,79,26,2,28,107
04/13/2012,SAF,NM,ASW,WE,Federal Contract Tower,0,11,16,0,27,0,0,31,5,36,0,11,47,5,63,26,4,30,93
04/14/2012,SAF,NM,ASW,WE,Federal Contract Tower,0,12,5,0,17,0,1,16,2,19,0,13,21,2,36,30,0,30,66
04/15/2012,SAF,NM,ASW,WE,Federal Contract Tower,0,7,8,4,19,0,0,20,4,24,0,7,28,8,43,32,0,32,75
04/16/2012,SAF,NM,ASW,WE,Federal Contract Tower,0,12,9,0,21,0,2,48,1,51,0,14,57,1,72,86,12,98,170
04/17/2012,SAF,NM,ASW,WE,Federal Contract Tower,0,17,6,4,27,0,2,61,5,68,0,19,67,9,95,128,14,142,237
04/18/2012,SAF,NM,ASW,WE,Federal Contract Tower,0,18,22,6,46,0,4,40,5,49,0,22,62,11,95,84,12,96,191
04/19/2012,SAF,NM,ASW,WE,Federal Contract Tower,0,12,20,7,39,0,6,24,1,31,0,18,44,8,70,4,2,6,76
04/20/2012,SAF,NM,ASW,WE,Federal Contract Tower,0,13,12,2,27,0,9,88,0,97,0,22,100,2,124,154,0,154,278
04/21/2012,SAF,NM,ASW,WE,Federal Contract Tower,0,13,21,2,36,0,5,83,2,90,0,18,104,4,126,70,6,76,202
04/22/2012,SAF,NM,ASW,WE,Federal Contract Tower,0,13,18,0,31,0,7,80,2,89,0,20,98,2,120,142,0,142,262
04/23/2012,SAF,NM,ASW,WE,Federal Contract Tower,0,14,14,1,29,0,5,45,1,51,0,19,59,2,80,32,0,32,112
04/24/2012,SAF,NM,ASW,WE,Federal Contract Tower,0,17,14,4,35,0,6,39,4,49,0,23,53,8,84,86,12,98,182
04/25/2012,SAF,NM,ASW,WE,Federal Contract Tower,0,17,15,4,36,0,5,53,0,58,0,22,68,4,94,150,0,150,244
04/26/2012,SAF,NM,ASW,WE,Federal Contract Tower,0,17,17,0,34,0,5,21,1,27,0,22,38,1,61,42,0,42,103
04/27/2012,SAF,NM,ASW,WE,Federal Contract Tower,0,14,15,0,29,0,0,45,0,45,0,14,60,0,74,60,0,60,134
04/28/2012,SAF,NM,ASW,WE,Federal Contract Tower,0,11,4,0,15,0,2,43,1,46,0,13,47,1,61,64,0,64,125
04/29/2012,SAF,NM,ASW,WE,Federal Contract Tower,0,28,10,1,39,0,1,55,0,56,0,29,65,1,95,92,2,94,189
04/30/2012,SAF,NM,ASW,WE,Federal Contract Tower,0,12,9,2,23,0,3,41,7,51,0,15,50,9,74,100,2,102,176
05/01/2012,SAF,NM,ASW,WE,Federal Contract Tower,0,11,18,1,30,0,7,64,1,72,0,18,82,2,102,114,2,116,218
05/02/2012,SAF,NM,ASW,WE,Federal Contract Tower,0,17,4,3,24,0,4,40,1,45,0,21,44,4,69,68,0,68,137
05/03/2012,SAF,NM,ASW,WE,Federal Contract Tower,0,28,22,2,52,0,4,58,9,71,0,32,80,11,123,162,0,162,285
05/04/2012,SAF,NM,ASW,WE,Federal Contract Tower,0,22,13,10,45,0,10,56,2,68,0,32,69,12,113,98,0,98,211
05/05/2012,SAF,NM,ASW,WE,Federal Contract Tower,0,19,10,12,41,0,0,67,8,75,0,19,77,20,116,112,14,126,242
05/06/2012,SAF,NM,ASW,WE,Federal Contract Tower,0,34,26,0,60,0,3,70,1,74,0,37,96,1,134,82,0,82,216
05/07/2012,SAF,NM,ASW,WE,Federal Contract Tower,0,21,9,0,30,0,2,7,0,9,0,23,16,0,39,14,0,14,53
05/08/2012,SAF,NM,ASW,WE,Federal Contract Tower,0,15,17,2,34,0,6,34,3,43,0,21,51,5,77,92,8,100,177
05/09/2012,SAF,NM,ASW,WE,Federal Contract Tower,0,15,21,0,36,0,2,48,0,50,0,17,69,0,86,50,0,50,136
05/10/2012,SAF,NM,ASW,WE,Federal Contract Tower,0,11,15,9,35,0,2,60,6,68,0,13,75,15,103,110,6,116,219
05/11/2012,SAF,NM,ASW,WE,Federal Contract Tower,0,15,19,2,36,0,4,41,6,51,0,19,60,8,87,50,4,54,141
05/12/2012,SAF,NM,ASW,WE,Federal Contract Tower,0,13,11,0,24,0,3,30,6,39,0,16,41,6,63,86,22,108,171
05/13/2012,SAF,NM,ASW,WE,Federal Contract Tower,0,13,21,0,34,0,1,26,0,27,0,14,47,0,61,50,0,50,111
05/14/2012,SAF,NM,ASW,WE,Federal Contract Tower,0,15,9,0,24,0,2,21,0,23,0,17,30,0,47,70,22,92,139
05/15/2012,SAF,NM,ASW,WE,Federal Contract Tower,0,11,13,2,26,0,2,70,2,74,0,13,83,4,100,156,10,166,266
05/16/2012,SAF,NM,ASW,WE,Federal Contract Tower,0,17,4,1,22,0,4,51,3,58,0,21,55,4,80,84,0,84,164
05/17/2012,SAF,NM,ASW,WE,Federal Contract Tower,0,17,18,6,41,0,0,48,1,49,0,17,66,7,90,64,0,64,154
05/18/2012,SAF,NM,ASW,WE,Federal Contract Tower,0,13,12,3,28,0,3,54,1,58,0,16,66,4,86,92,12,104,190
05/19/2012,SAF,NM,ASW,WE,Federal Contract Tower,0,10,6,0,16,0,1,74,0,75,0,11,80,0,91,88,0,88,179
05/20/2012,SAF,NM,ASW,WE,Federal Contract Tower,0,19,19,0,38,0,3,78,0,81,0,22,97,0,119,76,0,76,195
05/21/2012,SAF,NM,ASW,WE,Federal Contract Tower,0,14,14,4,32,0,6,40,9,55,0,20,54,13,87,32,40,72,159
05/22/2012,SAF,NM,ASW,WE,Federal Contract Tower,0,13,9,1,23,0,4,56,3,63,0,17,65,4,86,78,14,92,178
05/23/2012,SAF,NM,ASW,WE,Federal Contract Tower,0,12,18,2,32,0,5,35,0,40,0,17,53,2,72,42,0,42,114
05/24/2012,SAF,NM,ASW,WE,Federal Contract Tower,0,25,12,0,37,0,5,24,4,33,0,30,36,4,70,98,0,98,168
05/25/2012,SAF,NM,ASW,WE,Federal Contract Tower,0,16,24,0,40,0,0,21,1,22,0,16,45,1,62,28,0,28,90
05/26/2012,SAF,NM,ASW,WE,Federal Contract Tower,0,11,14,0,25,0,1,34,0,35,0,12,48,0,60,58,0,58,118
05/27/2012,SAF,NM,ASW,WE,Federal Contract Tower,0,11,13,0,24,0,6,51,0,57,0,17,64,0,81,124,2,126,207
05/28/2012,SAF,NM,ASW,WE,Federal Contract Tower,0,17,20,2,39,0,2,99,2,103,0,19,119,4,142,104,2,106,248
05/29/2012,SAF,NM,ASW,WE,Federal Contract Tower,0,14,25,0,39,0,3,63,1,67,0,17,88,1,106,130,12,142,248
05/30/2012,SAF,NM,ASW,WE,Federal Contract Tower,0,15,21,0,36,0,2,64,2,68,0,17,85,2,104,88,8,96,200
05/31/2012,SAF,NM,ASW,WE,Federal Contract Tower,0,19,12,4,35,0,4,49,2,55,0,23,61,6,90,88,0,88,178
06/01/2012,SAF,NM,ASW,WE,Federal Contract Tower,0,10,22,0,32,0,0,46,7,53,0,10,68,7,85,68,10,78,163
06/02/2012,SAF,NM,ASW,WE,Federal Contract Tower,0,10,14,2,26,0,1,54,4,59,0,11,68,6,85,46,4,50,135
06/03/2012,SAF,NM,ASW,WE,Federal Contract Tower,0,14,12,2,28,0,0,92,2,94,0,14,104,4,122,106,0,106,228
06/04/2012,SAF,NM,ASW,WE,Federal Contract Tower,0,15,15,0,30,0,5,35,1,41,0,20,50,1,71,78,0,78,149
06/05/2012,SAF,NM,ASW,WE,Federal Contract Tower,0,18,11,4,33,0,1,62,0,63,0,19,73,4,96,132,20,152,248
06/06/2012,SAF,NM,ASW,WE,Federal Contract Tower,0,11,13,0,24,0,5,78,13,96,0,16,91,13,120,82,0,82,202
06/07/2012,SAF,NM,ASW,WE,Federal Contract Tower,0,11,13,3,27,0,1,68,3,72,0,12,81,6,99,52,0,52,151
06/08/2012,SAF,NM,ASW,WE,Federal Contract Tower,0,15,30,1,46,0,2,53,2,57,0,17,83,3,103,76,2,78,181
06/09/2012,SAF,NM,ASW,WE,Federal Contract Tower,0,11,16,0,27,0,3,48,0,51,0,14,64,0,78,40,0,40,118
06/10/2012,SAF,NM,ASW,WE,Federal Contract Tower,0,15,18,1,34,0,10,54,7,71,0,25,72,8,105,54,4,58,163
06/11/2012,SAF,NM,ASW,WE,Federal Contract Tower,0,18,16,3,37,0,7,53,10,70,0,25,69,13,107,84,26,110,217
06/12/2012,SAF,NM,ASW,WE,Federal Contract Tower,0,15,19,3,37,0,8,57,2,67,0,23,76,5,104,58,4,62,166
06/13/2012,SAF,NM,ASW,WE,Federal Contract Tower,0,13,20,6,39,0,5,52,4,61,0,18,72,10,100,90,14,104,204
06/14/2012,SAF,NM,ASW,WE,Federal Contract Tower,0,17,10,4,31,0,0,69,4,73,0,17,79,8,104,94,36,130,234
06/15/2012,SAF,NM,ASW,WE,Federal Contract Tower,0,22,12,2,36,0,2,64,6,72,0,24,76,8,108,70,24,94,202
06/16/2012,SAF,NM,ASW,WE,Federal Contract Tower,0,13,18,4,35,0,1,55,3,59,0,14,73,7,94,108,0,108,202
06/17/2012,SAF,NM,ASW,WE,Federal Contract Tower,0,16,19,5,40,0,2,68,2,72,0,18,87,7,112,42,8,50,162
06/18/2012,SAF,NM,ASW,WE,Federal Contract Tower,0,31,21,1,53,0,0,44,3,47,0,31,65,4,100,50,0,50,150
06/19/2012,SAF,NM,ASW,WE,Federal Contract Tower,0,13,21,0,34,0,1,55,7,63,0,14,76,7,97,140,18,158,255
06/20/2012,SAF,NM,ASW,WE,Federal Contract Tower,0,15,19,2,36,0,5,46,7,58,0,20,65,9,94,102,2,104,198
06/21/2012,SAF,NM,ASW,WE,Federal Contract Tower,0,16,21,2,39,0,4,35,2,41,0,20,56,4,80,80,0,80,160
06/22/2012,SAF,NM,ASW,WE,Federal Contract Tower,0,15,12,2,29,0,7,54,2,63,0,22,66,4,92,85,0,85,177
06/23/2012,SAF,NM,ASW,WE,Federal Contract Tower,0,14,11,0,25,0,4,88,1,93,0,18,99,1,118,96,0,96,214
06/24/2012,SAF,NM,ASW,WE,Federal Contract Tower,0,24,20,0,44,0,5,57,0,62,0,29,77,0,106,76,0,76,182
06/25/2012,SAF,NM,ASW,WE,Federal Contract Tower,0,12,29,0,41,0,1,59,3,63,0,13,88,3,104,140,8,148,252
06/26/2012,SAF,NM,ASW,WE,Federal Contract Tower,0,20,8,0,28,0,1,49,5,55,0,21,57,5,83,102,20,122,205
06/27/2012,SAF,NM,ASW,WE,Federal Contract Tower,0,21,8,2,31,0,3,62,5,70,0,24,70,7,101,148,0,148,249
06/28/2012,SAF,NM,ASW,WE,Federal Contract Tower,0,20,10,2,32,0,5,45,5,55,0,25,55,7,87,116,10,126,213
06/29/2012,SAF,NM,ASW,WE,Federal Contract Tower,0,20,24,3,47,0,3,69,3,75,0,23,93,6,122,164,0,164,286
06/30/2012,SAF,NM,ASW,WE,Federal Contract Tower,0,24,25,0,49,0,5,70,0,75,0,29,95,0,124,110,0,110,234
07/01/2012,SAF,NM,ASW,WE,Federal Contract Tower,0,23,20,0,43,0,0,55,0,55,0,23,75,0,98,44,0,44,142
07/02/2012,SAF,NM,ASW,WE,Federal Contract Tower,0,31,18,0,49,0,2,52,2,56,0,33,70,2,105,40,2,42,147
07/03/2012,SAF,NM,ASW,WE,Federal Contract Tower,0,21,14,2,37,0,0,45,5,50,0,21,59,7,87,108,4,112,199
07/04/2012,SAF,NM,ASW,WE,Federal Contract Tower,0,14,9,2,25,0,4,48,3,55,0,18,57,5,80,144,4,148,228
07/05/2012,SAF,NM,ASW,WE,Federal Contract Tower,0,24,20,2,46,0,5,45,3,53,0,29,65,5,99,72,4,76,175
07/06/2012,SAF,NM,ASW,WE,Federal Contract Tower,0,27,17,12,56,0,2,64,8,74,0,29,81,20,130,122,24,146,276
07/07/2012,SAF,NM,ASW,WE,Federal Contract Tower,0,25,18,1,44,0,5,159,1,165,0,30,177,2,209,74,0,74,283
07/08/2012,SAF,NM,ASW,WE,Federal Contract Tower,0,21,18,2,41,0,10,50,2,62,0,31,68,4,103,60,4,64,167
07/09/2012,SAF,NM,ASW,WE,Federal Contract Tower,0,25,10,0,35,0,2,26,0,28,0,27,36,0,63,42,0,42,105
07/10/2012,SAF,NM,ASW,WE,Federal Contract Tower,0,15,21,0,36,0,3,50,3,56,0,18,71,3,92,100,14,114,206
07/11/2012,SAF,NM,ASW,WE,Federal Contract Tower,0,17,20,2,39,0,1,41,3,45,0,18,61,5,84,78,6,84,168
07/12/2012,SAF,NM,ASW,WE,Federal Contract Tower,0,28,27,3,58,0,6,32,6,44,0,34,59,9,102,58,6,64,166
07/13/2012,SAF,NM,ASW,WE,Federal Contract Tower,0,27,22,3,52,0,2,59,11,72,0,29,81,14,124,142,18,160,284
07/14/2012,SAF,NM,ASW,WE,Federal Contract Tower,0,25,12,0,37,0,6,44,3,53,0,31,56,3,90,122,0,122,212
07/15/2012,SAF,NM,ASW,WE,Federal Contract Tower,0,33,33,0,66,0,7,45,0,52,0,40,78,0,118,104,0,104,222
07/16/2012,SAF,NM,ASW,WE,Federal Contract Tower,0,20,18,0,38,0,1,25,2,28,0,21,43,2,66,50,8,58,124
07/17/2012,SAF,NM,ASW,WE,Federal Contract Tower,0,18,15,3,36,0,0,60,6,66,0,18,75,9,102,70,18,88,190
07/18/2012,SAF,NM,ASW,WE,Federal Contract Tower,0,19,23,2,44,0,4,41,2,47,0,23,64,4,91,88,0,88,179
07/19/2012,SAF,NM,ASW,WE,Federal Contract Tower,0,23,29,2,54,0,1,38,1,40,0,24,67,3,94,38,14,52,146
07/20/2012,SAF,NM,ASW,WE,Federal Contract Tower,0,26,24,4,54,0,0,41,8,49,0,26,65,12,103,106,4,110,213
07/21/2012,SAF,NM,ASW,WE,Federal Contract Tower,0,16,13,0,29,0,2,62,2,66,0,18,75,2,95,74,0,74,169
07/22/2012,SAF,NM,ASW,WE,Federal Contract Tower,0,19,24,6,49,0,5,80,1,86,0,24,104,7,135,102,10,112,247
07/23/2012,SAF,NM,ASW,WE,Federal Contract Tower,0,22,20,2,44,0,5,53,3,61,0,27,73,5,105,68,2,70,175
07/24/2012,SAF,NM,ASW,WE,Federal Contract Tower,0,21,17,1,39,0,2,39,8,49,0,23,56,9,88,68,26,94,182
07/25/2012,SAF,NM,ASW,WE,Federal Contract Tower,0,23,27,1,51,0,6,45,10,61,0,29,72,11,112,84,4,88,200
07/26/2012,SAF,NM,ASW,WE,Federal Contract Tower,0,18,34,6,58,0,2,46,10,58,0,20,80,16,116,64,20,84,200
07/27/2012,SAF,NM,ASW,WE,Federal Contract Tower,0,20,29,2,51,0,6,50,2,58,0,26,79,4,109,64,0,64,173
07/28/2012,SAF,NM,ASW,WE,Federal Contract Tower,0,21,27,0,48,0,4,54,2,60,0,25,81,2,108,88,0,88,196
07/29/2012,SAF,NM,ASW,WE,Federal Contract Tower,0,28,35,0,63,0,2,74,1,77,0,30,109,1,140,104,0,104,244
07/30/2012,SAF,NM,ASW,WE,Federal Contract Tower,0,20,22,5,47,0,6,62,9,77,0,26,84,14,124,100,6,106,230
07/31/2012,SAF,NM,ASW,WE,Federal Contract Tower,0,22,17,2,41,0,7,53,6,66,0,29,70,8,107,104,16,120,227
08/01/2012,SAF,NM,ASW,WE,Federal Contract Tower,0,28,20,1,49,0,4,54,3,61,0,32,74,4,110,80,0,80,190
08/02/2012,SAF,NM,ASW,WE,Federal Contract Tower,0,23,24,1,48,0,6,49,3,58,0,29,73,4,106,116,0,116,222
08/03/2012,SAF,NM,ASW,WE,Federal Contract Tower,0,16,24,1,41,0,6,53,1,60,0,22,77,2,101,116,18,134,235
08/04/2012,SAF,NM,ASW,WE,Federal Contract Tower,0,19,28,0,47,0,2,53,13,68,0,21,81,13,115,120,24,144,259
08/05/2012,SAF,NM,ASW,WE,Federal Contract Tower,0,23,42,1,66,0,1,44,4,49,0,24,86,5,115,118,0,118,233
08/06/2012,SAF,NM,ASW,WE,Federal Contract Tower,0,19,23,1,43,0,1,54,0,55,0,20,77,1,98,60,0,60,158
08/07/2012,SAF,NM,ASW,WE,Federal Contract Tower,0,16,20,1,37,0,3,62,14,79,0,19,82,15,116,130,42,172,288
08/08/2012,SAF,NM,ASW,WE,Federal Contract Tower,0,20,19,2,41,0,1,53,7,61,0,21,72,9,102,100,0,100,202
08/09/2012,SAF,NM,ASW,WE,Federal Contract Tower,0,20,22,0,42,0,3,51,6,60,0,23,73,6,102,102,28,130,232
08/10/2012,SAF,NM,ASW,WE,Federal Contract Tower,0,25,26,3,54,0,7,41,4,52,0,32,67,7,106,152,4,156,262
08/11/2012,SAF,NM,ASW,WE,Federal Contract Tower,0,18,13,0,31,0,1,56,0,57,0,19,69,0,88,28,0,28,116
08/12/2012,SAF,NM,ASW,WE,Federal Contract Tower,0,15,32,0,47,0,1,70,0,71,0,16,102,0,118,40,0,40,158
08/13/2012,SAF,NM,ASW,WE,Federal Contract Tower,0,19,16,6,41,0,7,52,6,65,0,26,68,12,106,94,28,122,228
08/14/2012,SAF,NM,ASW,WE,Federal Contract Tower,0,26,30,5,61,0,4,43,5,52,0,30,73,10,113,118,12,130,243
08/15/2012,SAF,NM,ASW,WE,Federal Contract Tower,0,22,19,1,42,0,2,65,6,73,0,24,84,7,115,72,20,92,207
08/16/2012,SAF,NM,ASW,WE,Federal Contract Tower,0,21,26,4,51,0,7,46,4,57,0,28,72,8,108,52,10,62,170
08/17/2012,SAF,NM,ASW,WE,Federal Contract Tower,0,23,33,2,58,0,5,43,1,49,0,28,76,3,107,82,0,82,189
08/18/2012,SAF,NM,ASW,WE,Federal Contract Tower,0,16,19,0,35,0,3,65,2,70,0,19,84,2,105,126,0,126,231
08/19/2012,SAF,NM,ASW,WE,Federal Contract Tower,0,28,33,2,63,0,4,76,4,84,0,32,109,6,147,164,0,164,311
08/20/2012,SAF,NM,ASW,WE,Federal Contract Tower,0,18,32,1,51,0,0,49,10,59,0,18,81,11,110,48,4,52,162
08/21/2012,SAF,NM,ASW,WE,Federal Contract Tower,0,18,24,0,42,0,4,65,7,76,0,22,89,7,118,102,8,110,228
08/22/2012,SAF,NM,ASW,WE,Federal Contract Tower,0,12,25,4,41,0,0,33,8,41,0,12,58,12,82,70,4,74,156
08/23/2012,SAF,NM,ASW,WE,Federal Contract Tower,0,25,27,2,54,0,3,32,8,43,0,28,59,10,97,86,36,122,219
08/24/2012,SAF,NM,ASW,WE,Federal Contract Tower,0,20,26,5,51,0,4,32,11,47,0,24,58,16,98,82,18,100,198
08/25/2012,SAF,NM,ASW,WE,Federal Contract Tower,0,18,15,1,34,0,0,71,1,72,0,18,86,2,106,54,0,54,160
08/26/2012,SAF,NM,ASW,WE,Federal Contract Tower,0,26,29,3,58,0,6,58,1,65,0,32,87,4,123,92,2,94,217
08/27/2012,SAF,NM,ASW,WE,Federal Contract Tower,0,15,15,0,30,0,2,29,2,33,0,17,44,2,63,88,0,88,151
08/28/2012,SAF,NM,ASW,WE,Federal Contract Tower,0,18,15,2,35,0,8,82,7,97,0,26,97,9,132,122,28,150,282
08/29/2012,SAF,NM,ASW,WE,Federal Contract Tower,0,21,15,0,36,0,4,45,10,59,0,25,60,10,95,36,28,64,159
08/30/2012,SAF,NM,ASW,WE,Federal Contract Tower,0,19,24,4,47,0,6,48,6,60,0,25,72,10,107,114,14,128,235
08/31/2012,SAF,NM,ASW,WE,Federal Contract Tower,0,20,35,3,58,0,3,56,0,59,0,23,91,3,117,158,0,158,275
09/01/2012,SAF,NM,ASW,WE,Federal Contract Tower,0,11,17,0,28,0,3,93,0,96,0,14,110,0,124,120,0,120,244
09/02/2012,SAF,NM,ASW,WE,Federal Contract Tower,0,22,12,0,34,0,3,69,2,74,0,25,81,2,108,58,0,58,166
09/03/2012,SAF,NM,ASW,WE,Federal Contract Tower,0,30,26,2,58,0,6,79,1,86,0,36,105,3,144,108,10,118,262
09/04/2012,SAF,NM,ASW,WE,Federal Contract Tower,0,15,18,2,35,0,3,49,3,55,0,18,67,5,90,156,34,190,280
09/05/2012,SAF,NM,ASW,WE,Federal Contract Tower,0,15,12,0,27,0,2,21,4,27,0,17,33,4,54,92,8,100,154
09/06/2012,SAF,NM,ASW,WE,Federal Contract Tower,0,23,23,0,46,0,2,43,5,50,0,25,66,5,96,74,22,96,192
09/07/2012,SAF,NM,ASW,WE,Federal Contract Tower,0,17,11,11,39,0,0,45,5,50,0,17,56,16,89,54,22,76,165
09/08/2012,SAF,NM,ASW,WE,Federal Contract Tower,0,18,11,1,30,0,15,36,12,63,0,33,47,13,93,88,10,98,191
09/09/2012,SAF,NM,ASW,WE,Federal Contract Tower,0,24,29,4,57,0,2,72,12,86,0,26,101,16,143,66,28,94,237
09/10/2012,SAF,NM,ASW,WE,Federal Contract Tower,0,20,12,2,34,0,7,37,0,44,0,27,49,2,78,74,0,74,152
09/11/2012,SAF,NM,ASW,WE,Federal Contract Tower,0,26,17,4,47,0,3,26,3,32,0,29,43,7,79,82,22,104,183
09/12/2012,SAF,NM,ASW,WE,Federal Contract Tower,0,19,30,0,49,0,2,23,2,27,0,21,53,2,76,58,4,62,138
09/13/2012,SAF,NM,ASW,WE,Federal Contract Tower,1,20,16,2,39,0,3,8,2,13,1,23,24,4,52,8,4,12,64
09/14/2012,SAF,NM,ASW,WE,Federal Contract Tower,0,14,15,7,36,0,2,45,0,47,0,16,60,7,83,42,4,46,129
09/15/2012,SAF,NM,ASW,WE,Federal Contract Tower,0,16,20,0,36,0,6,93,1,100,0,22,113,1,136,88,2,90,226
09/16/2012,SAF,NM,ASW,WE,Federal Contract Tower,0,23,21,4,48,0,7,66,1,74,0,30,87,5,122,94,6,100,222
09/17/2012,SAF,NM,ASW,WE,Federal Contract Tower,0,10,21,1,32,0,1,37,1,39,0,11,58,2,71,70,0,70,141
09/18/2012,SAF,NM,ASW,WE,Federal Contract Tower,0,12,17,1,30,0,4,45,3,52,0,16,62,4,82,110,4,114,196
09/19/2012,SAF,NM,ASW,WE,Federal Contract Tower,0,12,23,1,36,0,3,37,11,51,0,15,60,12,87,64,42,106,193
09/20/2012,SAF,NM,ASW,WE,Federal Contract Tower,0,17,19,4,40,0,2,54,1,57,0,19,73,5,97,36,0,36,133
09/21/2012,SAF,NM,ASW,WE,Federal Contract Tower,0,16,18,4,38,0,2,46,2,50,0,18,64,6,88,46,0,46,134
09/22/2012,SAF,NM,ASW,WE,Federal Contract Tower,0,13,15,0,28,0,5,67,1,73,0,18,82,1,101,52,0,52,153
09/23/2012,SAF,NM,ASW,WE,Federal Contract Tower,0,23,30,2,55,0,6,78,2,86,0,29,108,4,141,88,6,94,235
09/24/2012,SAF,NM,ASW,WE,Federal Contract Tower,0,12,13,2,27,0,2,43,4,49,0,14,56,6,76,68,2,70,146
09/25/2012,SAF,NM,ASW,WE,Federal Contract Tower,0,14,19,6,39,0,3,53,4,60,0,17,72,10,99,140,6,146,245
09/26/2012,SAF,NM,ASW,WE,Federal Contract Tower,0,14,16,0,30,0,2,55,3,60,0,16,71,3,90,126,0,126,216
09/27/2012,SAF,NM,ASW,WE,Federal Contract Tower,0,26,20,2,48,0,3,51,1,55,0,29,71,3,103,80,10,90,193
09/28/2012,SAF,NM,ASW,WE,Federal Contract Tower,0,18,17,0,35,0,1,80,0,81,0,19,97,0,116,26,0,26,142
09/29/2012,SAF,NM,ASW,WE,Federal Contract Tower,0,15,12,2,29,0,3,47,5,55,0,18,59,7,84,100,28,128,212
09/30/2012,SAF,NM,ASW,WE,Federal Contract Tower,0,33,33,1,67,0,1,53,0,54,0,34,86,1,121,92,0,92,213
10/01/2012,SAF,NM,ASW,WE,Federal Contract Tower,0,16,18,3,37,0,1,50,3,54,0,17,68,6,91,34,6,40,131
10/02/2012,SAF,NM,ASW,WE,Federal Contract Tower,0,15,15,0,30,0,4,47,6,57,0,19,62,6,87,200,12,212,299
10/03/2012,SAF,NM,ASW,WE,Federal Contract Tower,0,18,26,3,47,0,3,49,6,58,0,21,75,9,105,80,30,110,215
10/04/2012,SAF,NM,ASW,WE,Federal Contract Tower,0,19,29,9,57,0,5,57,3,65,0,24,86,12,122,138,6,144,266
10/05/2012,SAF,NM,ASW,WE,Federal Contract Tower,0,28,32,7,67,0,3,61,2,66,0,31,93,9,133,68,2,70,203
10/06/2012,SAF,NM,ASW,WE,Federal Contract Tower,0,14,26,2,42,0,3,48,2,53,0,17,74,4,95,38,4,42,137
10/07/2012,SAF,NM,ASW,WE,Federal Contract Tower,0,28,43,3,74,0,1,45,1,47,0,29,88,4,121,102,0,102,223
10/08/2012,SAF,NM,ASW,WE,Federal Contract Tower,0,17,19,1,37,0,1,48,0,49,0,18,67,1,86,68,0,68,154
10/09/2012,SAF,NM,ASW,WE,Federal Contract Tower,0,9,26,0,35,0,0,43,2,45,0,9,69,2,80,98,4,102,182
10/10/2012,SAF,NM,ASW,WE,Federal Contract Tower,0,10,30,2,42,0,8,43,8,59,0,18,73,10,101,80,10,90,191
10/11/2012,SAF,NM,ASW,WE,Federal Contract Tower,0,17,19,4,40,0,5,51,6,62,0,22,70,10,102,84,28,112,214
10/12/2012,SAF,NM,ASW,WE,Federal Contract Tower,0,9,19,0,28,0,0,3,2,5,0,9,22,2,33,6,0,6,39
10/13/2012,SAF,NM,ASW,WE,Federal Contract Tower,0,9,12,1,22,0,2,39,0,41,0,11,51,1,63,40,0,40,103
10/14/2012,SAF,NM,ASW,WE,Federal Contract Tower,0,19,18,1,38,0,4,86,0,90,0,23,104,1,128,90,0,90,218
10/15/2012,SAF,NM,ASW,WE,Federal Contract Tower,0,13,26,0,39,0,2,36,0,38,0,15,62,0,77,52,0,52,129
10/16/2012,SAF,NM,ASW,WE,Federal Contract Tower,0,13,17,1,31,0,1,66,9,76,0,14,83,10,107,142,52,194,301
10/17/2012,SAF,NM,ASW,WE,Federal Contract Tower,0,18,21,0,39,0,0,38,12,50,0,18,59,12,89,34,8,42,131
10/18/2012,SAF,NM,ASW,WE,Federal Contract Tower,0,14,28,6,48,0,0,37,30,67,0,14,65,36,115,84,10,94,209
10/19/2012,SAF,NM,ASW,WE,Federal Contract Tower,0,20,25,0,45,0,9,68,26,103,0,29,93,26,148,80,0,80,228
10/20/2012,SAF,NM,ASW,WE,Federal Contract Tower,0,10,16,0,26,0,1,87,2,90,0,11,103,2,116,62,0,62,178
10/21/2012,SAF,NM,ASW,WE,Federal Contract Tower,0,19,21,0,40,0,1,82,3,86,0,20,103,3,126,142,0,142,268
10/22/2012,SAF,NM,ASW,WE,Federal Contract Tower,0,13,17,4,34,0,2,48,3,53,0,15,65,7,87,58,2,60,147
10/23/2012,SAF,NM,ASW,WE,Federal Contract Tower,0,17,17,0,34,0,8,69,6,83,0,25,86,6,117,148,32,180,297
10/24/2012,SAF,NM,ASW,WE,Federal Contract Tower,0,14,17,4,35,0,5,48,7,60,0,19,65,11,95,92,16,108,203
10/25/2012,SAF,NM,ASW,WE,Federal Contract Tower,0,12,11,8,31,0,1,49,4,54,0,13,60,12,85,32,14,46,131
10/26/2012,SAF,NM,ASW,WE,Federal Contract Tower,0,13,16,1,30,0,4,34,3,41,0,17,50,4,71,86,2,88,159
10/27/2012,SAF,NM,ASW,WE,Federal Contract Tower,0,13,9,1,23,0,1,54,1,56,0,14,63,2,79,78,4,82,161
10/28/2012,SAF,NM,ASW,WE,Federal Contract Tower,0,11,20,0,31,0,4,64,0,68,0,15,84,0,99,104,0,104,203
10/29/2012,SAF,NM,ASW,WE,Federal Contract Tower,0,10,13,3,26,0,5,53,4,62,0,15,66,7,88,92,6,98,186
10/30/2012,SAF,NM,ASW,WE,Federal Contract Tower,0,13,10,1,24,0,0,45,4,49,0,13,55,5,73,84,2,86,159
10/31/2012,SAF,NM,ASW,WE,Federal Contract Tower,0,10,10,4,24,0,3,43,9,55,0,13,53,13,79,74,12,86,165
11/01/2012,SAF,NM,ASW,WE,Federal Contract Tower,0,12,8,6,26,0,5,46,6,57,0,17,54,12,83,76,10,86,169
11/02/2012,SAF,NM,ASW,WE,Federal Contract Tower,0,12,21,3,36,0,3,45,6,54,0,15,66,9,90,102,12,114,204
11/03/2012,SAF,NM,ASW,WE,Federal Contract Tower,0,11,7,2,20,0,4,77,18,99,0,15,84,20,119,176,10,186,305
11/04/2012,SAF,NM,ASW,WE,Federal Contract Tower,0,12,18,2,32,0,3,52,10,65,0,15,70,12,97,66,22,88,185
11/05/2012,SAF,NM,ASW,WE,Federal Contract Tower,0,18,14,0,32,0,2,52,11,65,0,20,66,11,97,114,32,146,243
11/06/2012,SAF,NM,ASW,WE,Federal Contract Tower,0,13,19,0,32,0,0,46,10,56,0,13,65,10,88,86,28,114,202
11/07/2012,SAF,NM,ASW,WE,Federal Contract Tower,0,20,15,4,39,0,3,55,10,68,0,23,70,14,107,94,34,128,235
11/08/2012,SAF,NM,ASW,WE,Federal Contract Tower,0,10,15,5,30,0,3,44,6,53,0,13,59,11,83,78,20,98,181
11/09/2012,SAF,NM,ASW,WE,Federal Contract Tower,0,20,26,4,50,0,0,32,4,36,0,20,58,8,86,92,0,92,178
11/10/2012,SAF,NM,ASW,WE,Federal Contract Tower,0,13,8,0,21,0,2,3,0,5,0,15,11,0,26,0,0,0,26
11/11/2012,SAF,NM,ASW,WE,Federal Contract Tower,0,15,21,0,36,0,0,22,4,26,0,15,43,4,62,74,0,74,136
11/12/2012,SAF,NM,ASW,WE,Federal Contract Tower,0,12,16,1,29,0,2,35,10,47,0,14,51,11,76,120,10,130,206
11/13/2012,SAF,NM,ASW,WE,Federal Contract Tower,0,11,14,2,27,0,9,36,21,66,0,20,50,23,93,107,3,110,203
11/14/2012,SAF,NM,ASW,WE,Federal Contract Tower,0,14,28,5,47,0,4,28,15,47,0,18,56,20,94,54,4,58,152
11/15/2012,SAF,NM,ASW,WE,Federal Contract Tower,0,13,14,5,32,0,2,55,20,77,0,15,69,25,109,110,30,140,249
11/16/2012,SAF,NM,ASW,WE,Federal Contract Tower,0,13,19,5,37,0,8,51,4,63,0,21,70,9,100,154,28,182,282
11/17/2012,SAF,NM,ASW,WE,Federal Contract Tower,0,12,15,0,27,0,3,83,3,89,0,15,98,3,116,116,0,116,232
11/18/2012,SAF,NM,ASW,WE,Federal Contract Tower,0,13,10,0,23,0,1,54,0,55,0,14,64,0,78,104,0,104,182
11/19/2012,SAF,NM,ASW,WE,Federal Contract Tower,0,28,14,7,49,0,5,37,5,47,0,33,51,12,96,92,20,112,208
11/20/2012,SAF,NM,ASW,WE,Federal Contract Tower,0,11,11,2,24,0,2,51,2,55,0,13,62,4,79,164,0,164,243
11/21/2012,SAF,NM,ASW,WE,Federal Contract Tower,0,21,26,4,51,0,6,47,1,54,0,27,73,5,105,62,0,62,167
11/22/2012,SAF,NM,ASW,WE,Federal Contract Tower,0,8,2,0,10,0,1,27,0,28,0,9,29,0,38,26,0,26,64
11/23/2012,SAF,NM,ASW,WE,Federal Contract Tower,0,19,5,0,24,0,4,48,0,52,0,23,53,0,76,82,0,82,158
11/24/2012,SAF,NM,ASW,WE,Federal Contract Tower,0,10,14,0,24,0,3,56,0,59,0,13,70,0,83,124,0,124,207
11/25/2012,SAF,NM,ASW,WE,Federal Contract Tower,0,24,18,0,42,0,5,70,0,75,0,29,88,0,117,120,0,120,237
11/26/2012,SAF,NM,ASW,WE,Federal Contract Tower,0,20,11,2,33,0,4,34,7,45,0,24,45,9,78,64,26,90,168
11/27/2012,SAF,NM,ASW,WE,Federal Contract Tower,0,17,16,3,36,0,0,25,6,31,0,17,41,9,67,90,18,108,175
11/28/2012,SAF,NM,ASW,WE,Federal Contract Tower,0,10,21,4,35,0,1,32,15,48,0,11,53,19,83,40,4,44,127
11/29/2012,SAF,NM,ASW,WE,Federal Contract Tower,0,11,9,0,20,0,1,49,3,53,0,12,58,3,73,106,0,106,179
11/30/2012,SAF,NM,ASW,WE,Federal Contract Tower,0,12,20,1,33,0,6,59,0,65,0,18,79,1,98,108,4,112,210
12/01/2012,SAF,NM,ASW,WE,Federal Contract Tower,0,18,5,0,23,0,0,54,5,59,0,18,59,5,82,130,4,134,216
12/02/2012,SAF,NM,ASW,WE,Federal Contract Tower,0,20,16,9,45,0,0,56,2,58,0,20,72,11,103,130,2,132,235
12/03/2012,SAF,NM,ASW,WE,Federal Contract Tower,0,21,16,4,41,0,0,31,2,33,0,21,47,6,74,66,2,68,142
12/04/2012,SAF,NM,ASW,WE,Federal Contract Tower,0,18,7,0,25,0,7,30,3,40,0,25,37,3,65,132,2,134,199
12/05/2012,SAF,NM,ASW,WE,Federal Contract Tower,0,16,14,0,30,0,3,50,2,55,0,19,64,2,85,108,0,108,193
12/06/2012,SAF,NM,ASW,WE,Federal Contract Tower,0,14,17,0,31,0,2,36,3,41,0,16,53,3,72,198,0,198,270
12/07/2012,SAF,NM,ASW,WE,Federal Contract Tower,0,18,13,6,37,0,4,40,2,46,0,22,53,8,83,210,22,232,315
12/08/2012,SAF,NM,ASW,WE,Federal Contract Tower,0,20,7,9,36,0,22,76,0,98,0,42,83,9,134,100,28,128,262
12/09/2012,SAF,NM,ASW,WE,Federal Contract Tower,0,13,8,0,21,0,4,7,0,11,0,17,15,0,32,66,0,66,98
12/10/2012,SAF,NM,ASW,WE,Federal Contract Tower,0,11,8,4,23,0,2,30,0,32,0,13,38,4,55,28,0,28,83
12/11/2012,SAF,NM,ASW,WE,Federal Contract Tower,0,18,9,0,27,0,7,25,5,37,0,25,34,5,64,92,40,132,196
12/12/2012,SAF,NM,ASW,WE,Federal Contract Tower,0,22,12,0,34,0,0,33,6,39,0,22,45,6,73,114,6,120,193
12/13/2012,SAF,NM,ASW,WE,Federal Contract Tower,0,21,10,2,33,0,2,54,8,64,0,23,64,10,97,92,8,100,197
12/14/2012,SAF,NM,ASW,WE,Federal Contract Tower,0,14,13,0,27,0,0,0,0,0,0,14,13,0,27,0,0,0,27
12/15/2012,SAF,NM,ASW,WE,Federal Contract Tower,0,20,13,0,33,0,2,8,0,10,0,22,21,0,43,54,0,54,97
12/16/2012,SAF,NM,ASW,WE,Federal Contract Tower,0,17,13,0,30,0,0,16,2,18,0,17,29,2,48,46,0,46,94
12/17/2012,SAF,NM,ASW,WE,Federal Contract Tower,0,16,18,2,36,0,4,19,2,25,0,20,37,4,61,58,4,62,123
12/18/2012,SAF,NM,ASW,WE,Federal Contract Tower,0,16,9,0,25,0,2,45,3,50,0,18,54,3,75,178,10,188,263
12/19/2012,SAF,NM,ASW,WE,Federal Contract Tower,0,11,11,0,22,0,0,6,2,8,0,11,17,2,30,0,22,22,52
12/20/2012,SAF,NM,ASW,WE,Federal Contract Tower,0,25,19,3,47,0,2,16,10,28,0,27,35,13,75,16,22,38,113
12/21/2012,SAF,NM,ASW,WE,Federal Contract Tower,0,17,16,0,33,0,5,43,0,48,0,22,59,0,81,104,0,104,185
12/22/2012,SAF,NM,ASW,WE,Federal Contract Tower,0,37,18,3,58,0,2,40,0,42,0,39,58,3,100,88,0,88,188
12/23/2012,SAF,NM,ASW,WE,Federal Contract Tower,0,32,20,0,52,0,3,48,0,51,0,35,68,0,103,82,0,82,185
12/24/2012,SAF,NM,ASW,WE,Federal Contract Tower,0,15,3,0,18,0,0,18,0,18,0,15,21,0,36,36,0,36,72
12/25/2012,SAF,NM,ASW,WE,Federal Contract Tower,0,21,1,0,22,0,3,4,0,7,0,24,5,0,29,10,0,10,39
12/26/2012,SAF,NM,ASW,WE,Federal Contract Tower,0,21,31,0,52,0,6,31,0,37,0,27,62,0,89,78,0,78,167
12/27/2012,SAF,NM,ASW,WE,Federal Contract Tower,0,35,24,0,59,0,4,20,4,28,0,39,44,4,87,46,44,90,177
12/28/2012,SAF,NM,ASW,WE,Federal Contract Tower,0,32,27,0,59,0,0,40,0,40,0,32,67,0,99,122,0,122,221
12/29/2012,SAF,NM,ASW,WE,Federal Contract Tower,0,23,12,0,35,0,3,55,0,58,0,26,67,0,93,88,0,88,181
12/30/2012,SAF,NM,ASW,WE,Federal Contract Tower,0,17,15,0,32,0,3,70,3,76,0,20,85,3,108,190,26,216,324
12/31/2012,SAF,NM,ASW,WE,Federal Contract Tower,0,17,7,0,24,0,2,2,0,4,0,19,9,0,28,12,0,12,40
01/01/2013,SAF,NM,ASW,WE,Federal Contract Tower,0,17,14,0,31,0,2,39,2,43,0,19,53,2,74,100,0,100,174
01/02/2013,SAF,NM,ASW,WE,Federal Contract Tower,0,17,22,0,39,0,4,29,1,34,0,21,51,1,73,58,0,58,131
01/03/2013,SAF,NM,ASW,WE,Federal Contract Tower,0,21,16,3,40,0,11,27,12,50,0,32,43,15,90,92,80,172,262
01/04/2013,SAF,NM,ASW,WE,Federal Contract Tower,0,27,14,11,52,0,6,34,1,41,0,33,48,12,93,56,30,86,179
01/05/2013,SAF,NM,ASW,WE,Federal Contract Tower,0,22,7,4,33,0,2,57,22,81,0,24,64,26,114,88,10,98,212
01/06/2013,SAF,NM,ASW,WE,Federal Contract Tower,0,15,8,6,29,0,2,75,8,85,0,17,83,14,114,124,20,144,258
01/07/2013,SAF,NM,ASW,WE,Federal Contract Tower,0,14,7,5,26,0,2,40,4,46,0,16,47,9,72,78,2,80,152
01/08/2013,SAF,NM,ASW,WE,Federal Contract Tower,0,16,10,0,26,0,4,35,9,48,0,20,45,9,74,74,42,116,190
01/09/2013,SAF,NM,ASW,WE,Federal Contract Tower,0,11,9,2,22,0,4,36,4,44,0,15,45,6,66,70,8,78,144
01/10/2013,SAF,NM,ASW,WE,Federal Contract Tower,0,13,14,4,31,0,4,40,4,48,0,17,54,8,79,98,12,110,189
01/11/2013,SAF,NM,ASW,WE,Federal Contract Tower,0,15,9,0,24,0,0,3,0,3,0,15,12,0,27,0,0,0,27
01/12/2013,SAF,NM,ASW,WE,Federal Contract Tower,0,17,3,1,21,0,2,23,8,33,0,19,26,9,54,70,18,88,142
01/13/2013,SAF,NM,ASW,WE,Federal Contract Tower,0,20,13,3,36,0,4,22,8,34,0,24,35,11,70,60,0,60,130
01/14/2013,SAF,NM,ASW,WE,Federal Contract Tower,0,29,8,0,37,0,0,4,0,4,0,29,12,0,41,0,0,0,41
01/15/2013,SAF,NM,ASW,WE,Federal Contract Tower,0,15,19,5,39,0,0,16,17,33,0,15,35,22,72,48,52,100,172
01/16/2013,SAF,NM,ASW,WE,Federal Contract Tower,0,21,22,4,47,0,0,24,11,35,0,21,46,15,82,50,28,78,160
01/17/2013,SAF,NM,ASW,WE,Federal Contract Tower,0,18,9,2,29,0,4,44,42,90,0,22,53,44,119,58,0,58,177
01/18/2013,SAF,NM,ASW,WE,Federal Contract Tower,0,21,11,7,39,0,0,42,3,45,0,21,53,10,84,72,0,72,156
01/19/2013,SAF,NM,ASW,WE,Federal Contract Tower,0,13,6,2,21,0,8,60,0,68,0,21,66,2,89,156,0,156,245
01/20/2013,SAF,NM,ASW,WE,Federal Contract Tower,0,16,11,0,27,0,2,57,0,59,0,18,68,0,86,134,0,134,220
01/21/2013,SAF,NM,ASW,WE,Federal Contract Tower,0,17,12,5,34,0,2,61,12,75,0,19,73,17,109,166,0,166,275
01/22/2013,SAF,NM,ASW,WE,Federal Contract Tower,0,20,4,2,26,0,5,46,6,57,0,25,50,8,83,136,22,158,241
01/23/2013,SAF,NM,ASW,WE,Federal Contract Tower,0,15,14,4,33,0,5,53,4,62,0,20,67,8,95,94,2,96,191
01/24/2013,SAF,NM,ASW,WE,Federal Contract Tower,0,14,23,2,39,0,1,66,8,75,0,15,89,10,114,106,8,114,228
01/25/2013,SAF,NM,ASW,WE,Federal Contract Tower,0,22,18,11,51,0,0,52,6,58,0,22,70,17,109,106,22,128,237
01/26/2013,SAF,NM,ASW,WE,Federal Contract Tower,0,19,14,0,33,0,0,8,2,10,0,19,22,2,43,54,0,54,97
01/27/2013,SAF,NM,ASW,WE,Federal Contract Tower,0,22,16,0,38,0,1,34,0,35,0,23,50,0,73,78,0,78,151
01/28/2013,SAF,NM,ASW,WE,Federal Contract Tower,0,17,13,2,32,0,0,10,5,15,0,17,23,7,47,12,44,56,103
01/29/2013,SAF,NM,ASW,WE,Federal Contract Tower,0,11,7,0,18,0,0,5,0,5,0,11,12,0,23,28,0,28,51
01/30/2013,SAF,NM,ASW,WE,Federal Contract Tower,0,11,7,2,20,0,3,36,13,52,0,14,43,15,72,74,40,114,186
01/31/2013,SAF,NM,ASW,WE,Federal Contract Tower,0,19,14,4,37,0,2,28,8,38,0,21,42,12,75,80,10,90,165
02/01/2013,SAF,NM,ASW,WE,Federal Contract Tower,0,15,20,2,37,0,1,56,7,64,0,16,76,9,101,122,36,158,259
02/02/2013,SAF,NM,ASW,WE,Federal Contract Tower,0,19,8,1,28,0,3,55,0,58,0,22,63,1,86,216,0,216,302
02/03/2013,SAF,NM,ASW,WE,Federal Contract Tower,0,19,10,1,30,0,1,47,1,49,0,20,57,2,79,84,0,84,163
02/04/2013,SAF,NM,ASW,WE,Federal Contract Tower,0,17,17,0,34,0,0,36,0,36,0,17,53,0,70,112,0,112,182
02/05/2013,SAF,NM,ASW,WE,Federal Contract Tower,0,24,11,1,36,0,3,42,5,50,0,27,53,6,86,132,28,160,246
02/06/2013,SAF,NM,ASW,WE,Federal Contract Tower,0,17,8,2,27,0,0,18,5,23,0,17,26,7,50,108,20,128,178
02/07/2013,SAF,NM,ASW,WE,Federal Contract Tower,0,29,17,4,50,0,2,45,25,72,0,31,62,29,122,42,22,64,186
02/08/2013,SAF,NM,ASW,WE,Federal Contract Tower,0,18,13,5,36,0,0,37,18,55,0,18,50,23,91,36,30,66,157
02/09/2013,SAF,NM,ASW,WE,Federal Contract Tower,0,14,5,2,21,0,0,7,4,11,0,14,12,6,32,10,0,10,42
02/10/2013,SAF,NM,ASW,WE,Federal Contract Tower,0,21,18,1,40,0,3,23,0,26,0,24,41,1,66,76,0,76,142
02/11/2013,SAF,NM,ASW,WE,Federal Contract Tower,0,15,7,0,22,0,2,36,0,38,0,17,43,0,60,156,0,156,216
02/12/2013,SAF,NM,ASW,WE,Federal Contract Tower,0,14,14,1,29,0,1,17,8,26,0,15,31,9,55,74,20,94,149
02/13/2013,SAF,NM,ASW,WE,Federal Contract Tower,0,16,10,4,30,0,2,31,10,43,0,18,41,14,73,74,8,82,155
02/14/2013,SAF,NM,ASW,WE,Federal Contract Tower,0,29,4,1,34,0,4,37,3,44,0,33,41,4,78,102,10,112,190
02/15/2013,SAF,NM,ASW,WE,Federal Contract Tower,0,20,28,0,48,0,6,58,0,64,0,26,86,0,112,80,0,80,192
02/16/2013,SAF,NM,ASW,WE,Federal Contract Tower,0,20,5,4,29,0,8,62,4,74,0,28,67,8,103,120,0,120,223
02/17/2013,SAF,NM,ASW,WE,Federal Contract Tower,0,20,10,0,30,0,5,64,0,69,0,25,74,0,99,140,0,140,239
02/18/2013,SAF,NM,ASW,WE,Federal Contract Tower,0,24,18,0,42,0,5,38,0,43,0,29,56,0,85,84,0,84,169
02/19/2013,SAF,NM,ASW,WE,Federal Contract Tower,0,19,12,0,31,0,5,34,9,48,0,24,46,9,79,70,10,80,159
02/20/2013,SAF,NM,ASW,WE,Federal Contract Tower,0,15,15,2,32,0,2,2,2,6,0,17,17,4,38,0,0,0,38
02/21/2013,SAF,NM,ASW,WE,Federal Contract Tower,0,19,22,5,46,0,1,3,8,12,0,20,25,13,58,12,12,24,82
02/22/2013,SAF,NM,ASW,WE,Federal Contract Tower,0,18,15,7,40,0,0,28,12,40,0,18,43,19,80,74,42,116,196
02/23/2013,SAF,NM,ASW,WE,Federal Contract Tower,0,24,12,3,39,0,8,71,1,80,0,32,83,4,119,194,2,196,315
02/24/2013,SAF,NM,ASW,WE,Federal Contract Tower,0,19,12,1,32,0,4,16,1,21,0,23,28,2,53,78,0,78,131
02/25/2013,SAF,NM,ASW,WE,Federal Contract Tower,0,14,7,2,23,0,4,33,6,43,0,18,40,8,66,110,20,130,196
02/26/2013,SAF,NM,ASW,WE,Federal Contract Tower,0,13,19,0,32,0,0,17,0,17,0,13,36,0,49,8,0,8,57
02/27/2013,SAF,NM,ASW,WE,Federal Contract Tower,0,23,11,3,37,0,2,44,9,55,0,25,55,12,92,184,24,208,300
02/28/2013,SAF,NM,ASW,WE,Federal Contract Tower,0,22,12,4,38,0,4,33,5,42,0,26,45,9,80,44,6,50,130
03/01/2013,SAF,NM,ASW,WE,Federal Contract Tower,0,25,11,11,47,0,4,66,4,74,0,29,77,15,121,106,10,116,237
03/02/2013,SAF,NM,ASW,WE,Federal Contract Tower,0,17,5,5,27,0,0,66,1,67,0,17,71,6,94,120,4,124,218
03/03/2013,SAF,NM,ASW,WE,Federal Contract Tower,0,17,14,1,32,0,2,50,5,57,0,19,64,6,89,106,0,106,195
03/04/2013,SAF,NM,ASW,WE,Federal Contract Tower,0,19,15,0,34,0,2,7,0,9,0,21,22,0,43,0,0,0,43
03/05/2013,SAF,NM,ASW,WE,Federal Contract Tower,0,17,14,2,33,0,4,45,12,61,0,21,59,14,94,92,34,126,220
03/06/2013,SAF,NM,ASW,WE,Federal Contract Tower,0,16,7,1,24,0,3,35,11,49,0,19,42,12,73,96,6,102,175
03/07/2013,SAF,NM,ASW,WE,Federal Contract Tower,0,24,8,3,35,0,2,52,11,65,0,26,60,14,100,82,14,96,196
03/08/2013,SAF,NM,ASW,WE,Federal Contract Tower,0,19,20,0,39,0,4,27,3,34,0,23,47,3,73,50,0,50,123
03/09/2013,SAF,NM,ASW,WE,Federal Contract Tower,0,20,12,0,32,0,0,8,0,8,0,20,20,0,40,0,0,0,40
03/10/2013,SAF,NM,ASW,WE,Federal Contract Tower,0,18,14,0,32,0,0,23,0,23,0,18,37,0,55,58,0,58,113
03/11/2013,SAF,NM,ASW,WE,Federal Contract Tower,0,43,13,0,56,0,2,48,4,54,0,45,61,4,110,136,10,146,256
03/12/2013,SAF,NM,ASW,WE,Federal Contract Tower,0,17,13,0,30,0,6,38,15,59,0,23,51,15,89,132,36,168,257
03/13/2013,SAF,NM,ASW,WE,Federal Contract Tower,0,21,17,3,41,0,2,60,2,64,0,23,77,5,105,140,8,148,253
03/14/2013,SAF,NM,ASW,WE,Federal Contract Tower,0,20,16,2,38,0,3,32,4,39,0,23,48,6,77,48,22,70,147
03/15/2013,SAF,NM,ASW,WE,Federal Contract Tower,0,20,16,3,39,0,9,66,5,80,0,29,82,8,119,112,28,140,259
03/16/2013,SAF,NM,ASW,WE,Federal Contract Tower,0,36,22,0,58,0,8,56,1,65,0,44,78,1,123,102,0,102,225
03/17/2013,SAF,NM,ASW,WE,Federal Contract Tower,0,35,20,0,55,0,2,43,1,46,0,37,63,1,101,72,0,72,173
03/18/2013,SAF,NM,ASW,WE,Federal Contract Tower,0,36,17,0,53,0,4,27,0,31,0,40,44,0,84,30,0,30,114
03/19/2013,SAF,NM,ASW,WE,Federal Contract Tower,0,17,12,2,31,0,1,38,6,45,0,18,50,8,76,78,30,108,184
03/20/2013,SAF,NM,ASW,WE,Federal Contract Tower,0,16,16,9,41,0,3,53,5,61,0,19,69,14,102,130,12,142,244
03/21/2013,SAF,NM,ASW,WE,Federal Contract Tower,0,27,7,2,36,0,0,17,12,29,0,27,24,14,65,12,10,22,87
03/22/2013,SAF,NM,ASW,WE,Federal Contract Tower,0,21,25,2,48,0,5,48,6,59,0,26,73,8,107,74,54,128,235
03/23/2013,SAF,NM,ASW,WE,Federal Contract Tower,0,18,13,0,31,0,0,10,0,10,0,18,23,0,41,10,0,10,51
03/24/2013,SAF,NM,ASW,WE,Federal Contract Tower,0,20,21,0,41,0,1,42,0,43,0,21,63,0,84,102,0,102,186
03/25/2013,SAF,NM,ASW,WE,Federal Contract Tower,0,19,13,5,37,0,3,38,4,45,0,22,51,9,82,88,24,112,194
03/26/2013,SAF,NM,ASW,WE,Federal Contract Tower,0,17,14,1,32,0,2,41,12,55,0,19,55,13,87,114,30,144,231
03/27/2013,SAF,NM,ASW,WE,Federal Contract Tower,0,20,19,2,41,0,4,36,8,48,0,24,55,10,89,72,8,80,169
03/28/2013,SAF,NM,ASW,WE,Federal Contract Tower,0,25,15,4,44,0,3,33,18,54,0,28,48,22,98,20,12,32,130
03/29/2013,SAF,NM,ASW,WE,Federal Contract Tower,0,28,12,2,42,0,6,47,6,59,0,34,59,8,101,130,0,130,231
03/30/2013,SAF,NM,ASW,WE,Federal Contract Tower,0,17,11,0,28,0,2,77,0,79,0,19,88,0,107,94,0,94,201
03/31/2013,SAF,NM,ASW,WE,Federal Contract Tower,0,23,12,0,35,0,2,46,0,48,0,25,58,0,83,72,0,72,155
04/01/2013,SAF,NM,ASW,WE,Federal Contract Tower,0,20,9,0,29,0,3,36,0,39,0,23,45,0,68,84,0,84,152
04/02/2013,SAF,NM,ASW,WE,Federal Contract Tower,0,19,11,0,30,0,1,46,5,52,0,20,57,5,82,124,38,162,244
04/03/2013,SAF,NM,ASW,WE,Federal Contract Tower,0,25,17,5,47,0,0,46,7,53,0,25,63,12,100,180,16,196,296
04/04/2013,SAF,NM,ASW,WE,Federal Contract Tower,0,20,14,0,34,0,5,67,5,77,0,25,81,5,111,112,0,112,223
04/05/2013,SAF,NM,ASW,WE,Federal Contract Tower,0,23,10,2,35,0,4,77,7,88,0,27,87,9,123,150,0,150,273
04/06/2013,SAF,NM,ASW,WE,Federal Contract Tower,0,16,5,0,21,0,4,103,9,116,0,20,108,9,137,68,2,70,207
04/07/2013,SAF,NM,ASW,WE,Federal Contract Tower,0,23,17,0,40,0,3,54,2,59,0,26,71,2,99,30,0,30,129
04/08/2013,SAF,NM,ASW,WE,Federal Contract Tower,0,21,6,0,27,0,1,27,0,28,0,22,33,0,55,62,0,62,117
04/09/2013,SAF,NM,ASW,WE,Federal Contract Tower,0,23,12,0,35,0,3,6,1,10,0,26,18,1,45,10,40,50,95
04/10/2013,SAF,NM,ASW,WE,Federal Contract Tower,0,22,18,0,40,0,1,11,0,12,0,23,29,0,52,54,0,54,106
04/11/2013,SAF,NM,ASW,WE,Federal Contract Tower,0,27,24,0,51,0,0,44,2,46,0,27,68,2,97,48,0,48,145
04/12/2013,SAF,NM,ASW,WE,Federal Contract Tower,0,20,16,1,37,0,3,53,10,66,0,23,69,11,103,124,36,160,263
04/13/2013,SAF,NM,ASW,WE,Federal Contract Tower,0,23,6,0,29,0,0,39,6,45,0,23,45,6,74,72,22,94,168
04/14/2013,SAF,NM,ASW,WE,Federal Contract Tower,0,17,12,0,29,0,3,13,8,24,0,20,25,8,53,10,30,40,93
04/15/2013,SAF,NM,ASW,WE,Federal Contract Tower,0,17,16,3,36,0,2,15,5,22,0,19,31,8,58,56,34,90,148
04/16/2013,SAF,NM,ASW,WE,Federal Contract Tower,0,17,8,0,25,0,0,23,5,28,0,17,31,5,53,82,12,94,147
04/17/2013,SAF,NM,ASW,WE,Federal Contract Tower,0,20,16,0,36,0,5,25,0,30,0,25,41,0,66,104,0,104,170
04/18/2013,SAF,NM,ASW,WE,Federal Contract Tower,0,23,27,4,54,0,2,33,6,41,0,25,60,10,95,76,4,80,175
04/19/2013,SAF,NM,ASW,WE,Federal Contract Tower,0,21,11,5,37,0,5,54,10,69,0,26,65,15,106,136,28,164,270
04/20/2013,SAF,NM,ASW,WE,Federal Contract Tower,0,18,13,0,31,0,12,57,20,89,0,30,70,20,120,118,0,118,238
04/21/2013,SAF,NM,ASW,WE,Federal Contract Tower,0,24,18,0,42,0,6,79,6,91,0,30,97,6,133,116,46,162,295
04/22/2013,SAF,NM,ASW,WE,Federal Contract Tower,0,22,18,0,40,0,8,28,58,94,0,30,46,58,134,46,4,50,184
04/23/2013,SAF,NM,ASW,WE,Federal Contract Tower,0,20,19,0,39,0,3,17,2,22,0,23,36,2,61,20,0,20,81
04/24/2013,SAF,NM,ASW,WE,Federal Contract Tower,0,21,20,5,46,0,2,56,2,60,0,23,76,7,106,82,0,82,188
04/25/2013,SAF,NM,ASW,WE,Federal Contract Tower,0,23,13,0,36,0,4,29,1,34,0,27,42,1,70,64,0,64,134
04/26/2013,SAF,NM,ASW,WE,Federal Contract Tower,0,22,21,2,45,0,6,63,0,69,0,28,84,2,114,116,0,116,230
04/27/2013,SAF,NM,ASW,WE,Federal Contract Tower,0,24,9,5,38,0,3,51,1,55,0,27,60,6,93,110,0,110,203
04/28/2013,SAF,NM,ASW,WE,Federal Contract Tower,0,34,22,0,56,0,0,84,3,87,0,34,106,3,143,166,0,166,309
04/29/2013,SAF,NM,ASW,WE,Federal Contract Tower,0,26,12,2,40,0,3,48,3,54,0,29,60,5,94,88,0,88,182
04/30/2013,SAF,NM,ASW,WE,Federal Contract Tower,0,26,11,2,39,0,6,37,6,49,0,32,48,8,88,86,4,90,178
05/01/2013,SAF,NM,ASW,WE,Federal Contract Tower,0,20,10,2,32,0,4,51,1,56,0,24,61,3,88,76,0,76,164
05/02/2013,SAF,NM,ASW,WE,Federal Contract Tower,0,28,17,0,45,0,3,34,5,42,0,31,51,5,87,70,8,78,165
05/03/2013,SAF,NM,ASW,WE,Federal Contract Tower,0,22,15,2,39,0,3,67,5,75,0,25,82,7,114,172,26,198,312
05/04/2013,SAF,NM,ASW,WE,Federal Contract Tower,0,24,10,4,38,0,17,50,5,72,0,41,60,9,110,118,8,126,236
05/05/2013,SAF,NM,ASW,WE,Federal Contract Tower,0,31,27,2,60,0,4,31,0,35,0,35,58,2,95,76,0,76,171
05/06/2013,SAF,NM,ASW,WE,Federal Contract Tower,0,21,19,0,40,0,10,15,0,25,0,31,34,0,65,90,0,90,155
05/07/2013,SAF,NM,ASW,WE,Federal Contract Tower,0,21,13,5,39,0,7,47,2,56,0,28,60,7,95,96,10,106,201
05/08/2013,SAF,NM,ASW,WE,Federal Contract Tower,0,24,18,3,45,0,4,30,4,38,0,28,48,7,83,106,0,106,189
05/09/2013,SAF,NM,ASW,WE,Federal Contract Tower,0,26,16,0,42,0,4,52,2,58,0,30,68,2,100,92,0,92,192
05/10/2013,SAF,NM,ASW,WE,Federal Contract Tower,0,36,24,0,60,0,3,53,5,61,0,39,77,5,121,106,4,110,231
05/11/2013,SAF,NM,ASW,WE,Federal Contract Tower,0,30,13,0,43,0,2,62,4,68,0,32,75,4,111,200,0,200,311
05/12/2013,SAF,NM,ASW,WE,Federal Contract Tower,0,27,15,0,42,0,0,89,6,95,0,27,104,6,137,146,2,148,285
05/13/2013,SAF,NM,ASW,WE,Federal Contract Tower,0,28,12,0,40,0,0,62,0,62,0,28,74,0,102,182,0,182,284
05/14/2013,SAF,NM,ASW,WE,Federal Contract Tower,0,23,6,0,29,0,2,40,3,45,0,25,46,3,74,104,2,106,180
05/15/2013,SAF,NM,ASW,WE,Federal Contract Tower,0,23,19,1,43,0,1,57,3,61,0,24,76,4,104,130,0,130,234
05/16/2013,SAF,NM,ASW,WE,Federal Contract Tower,0,30,6,0,36,0,2,59,0,61,0,32,65,0,97,72,0,72,169
05/17/2013,SAF,NM,ASW,WE,Federal Contract Tower,0,24,18,1,43,0,3,60,1,64,0,27,78,2,107,56,16,72,179
05/18/2013,SAF,NM,ASW,WE,Federal Contract Tower,0,23,15,0,38,0,5,56,0,61,0,28,71,0,99,104,0,104,203
05/19/2013,SAF,NM,ASW,WE,Federal Contract Tower,0,31,27,0,58,0,0,50,0,50,0,31,77,0,108,56,0,56,164
05/20/2013,SAF,NM,ASW,WE,Federal Contract Tower,0,25,15,0,40,0,2,68,2,72,0,27,83,2,112,82,2,84,196
05/21/2013,SAF,NM,ASW,WE,Federal Contract Tower,0,13,16,0,29,0,2,29,6,37,0,15,45,6,66,72,42,114,180
05/22/2013,SAF,NM,ASW,WE,Federal Contract Tower,0,18,8,0,26,0,6,62,3,71,0,24,70,3,97,184,0,184,281
05/23/2013,SAF,NM,ASW,WE,Federal Contract Tower,0,24,13,1,38,0,3,42,9,54,0,27,55,10,92,58,0,58,150
05/24/2013,SAF,NM,ASW,WE,Federal Contract Tower,0,30,21,1,52,0,3,40,3,46,0,33,61,4,98,104,0,104,202
05/25/2013,SAF,NM,ASW,WE,Federal Contract Tower,0,23,15,0,38,0,3,69,2,74,0,26,84,2,112,162,0,162,274
05/26/2013,SAF,NM,ASW,WE,Federal Contract Tower,0,28,7,0,35,0,6,57,0,63,0,34,64,0,98,130,0,130,228
05/27/2013,SAF,NM,ASW,WE,Federal Contract Tower,0,29,23,0,52,0,3,46,0,49,0,32,69,0,101,80,0,80,181
05/28/2013,SAF,NM,ASW,WE,Federal Contract Tower,0,24,17,0,41,0,6,36,3,45,0,30,53,3,86,136,6,142,228
05/29/2013,SAF,NM,ASW,WE,Federal Contract Tower,0,26,14,2,42,0,1,36,9,46,0,27,50,11,88,72,2,74,162
05/30/2013,SAF,NM,ASW,WE,Federal Contract Tower,0,28,12,2,42,0,5,36,5,46,0,33,48,7,88,20,0,20,108
05/31/2013,SAF,NM,ASW,WE,Federal Contract Tower,0,20,13,0,33,0,12,74,2,88,0,32,87,2,121,90,0,90,211
06/01/2013,SAF,NM,ASW,WE,Federal Contract Tower,0,21,16,11,48,0,7,117,15,139,0,28,133,26,187,108,78,186,373
06/02/2013,SAF,NM,ASW,WE,Federal Contract Tower,0,25,16,2,43,0,2,63,9,74,0,27,79,11,117,60,0,60,177
06/03/2013,SAF,NM,ASW,WE,Federal Contract Tower,0,25,13,0,38,0,4,81,16,101,0,29,94,16,139,56,8,64,203
06/04/2013,SAF,NM,ASW,WE,Federal Contract Tower,0,27,10,4,41,0,6,114,37,157,0,33,124,41,198,130,36,166,364
06/05/2013,SAF,NM,ASW,WE,Federal Contract Tower,0,29,19,0,48,0,6,71,2,79,0,35,90,2,127,108,0,108,235
06/06/2013,SAF,NM,ASW,WE,Federal Contract Tower,0,24,19,3,46,0,1,92,12,105,0,25,111,15,151,106,0,106,257
06/07/2013,SAF,NM,ASW,WE,Federal Contract Tower,0,37,14,4,55,0,8,72,5,85,0,45,86,9,140,48,2,50,190
06/08/2013,SAF,NM,ASW,WE,Federal Contract Tower,0,19,14,0,33,0,2,97,3,102,0,21,111,3,135,114,0,114,249
06/09/2013,SAF,NM,ASW,WE,Federal Contract Tower,0,27,21,0,48,0,2,91,1,94,0,29,112,1,142,94,0,94,236
06/10/2013,SAF,NM,ASW,WE,Federal Contract Tower,0,26,14,4,44,0,3,89,3,95,0,29,103,7,139,86,8,94,233
06/11/2013,SAF,NM,ASW,WE,Federal Contract Tower,0,24,18,2,44,0,1,64,3,68,0,25,82,5,112,42,0,42,154
06/12/2013,SAF,NM,ASW,WE,Federal Contract Tower,0,24,10,0,34,0,4,57,6,67,0,28,67,6,101,46,0,46,147
06/13/2013,SAF,NM,ASW,WE,Federal Contract Tower,0,25,13,1,39,0,3,55,6,64,0,28,68,7,103,60,4,64,167
06/14/2013,SAF,NM,ASW,WE,Federal Contract Tower,0,21,25,2,48,0,0,43,5,48,0,21,68,7,96,90,2,92,188
06/15/2013,SAF,NM,ASW,WE,Federal Contract Tower,0,24,14,0,38,0,3,74,4,81,0,27,88,4,119,76,0,76,195
06/16/2013,SAF,NM,ASW,WE,Federal Contract Tower,0,18,26,0,44,0,3,60,0,63,0,21,86,0,107,28,0,28,135
06/17/2013,SAF,NM,ASW,WE,Federal Contract Tower,0,22,19,0,41,0,0,60,11,71,0,22,79,11,112,144,6,150,262
06/18/2013,SAF,NM,ASW,WE,Federal Contract Tower,0,24,14,5,43,0,0,65,7,72,0,24,79,12,115,70,0,70,185
06/19/2013,SAF,NM,ASW,WE,Federal Contract Tower,0,26,18,3,47,0,10,64,7,81,0,36,82,10,128,90,0,90,218
06/20/2013,SAF,NM,ASW,WE,Federal Contract Tower,0,23,23,0,46,0,6,58,7,71,0,29,81,7,117,48,18,66,183
06/21/2013,SAF,NM,ASW,WE,Federal Contract Tower,0,25,19,0,44,0,7,74,2,83,0,32,93,2,127,134,0,134,261
06/22/2013,SAF,NM,ASW,WE,Federal Contract Tower,0,27,13,2,42,0,5,64,0,69,0,32,77,2,111,84,0,84,195
06/23/2013,SAF,NM,ASW,WE,Federal Contract Tower,0,21,10,0,31,0,4,71,0,75,0,25,81,0,106,78,0,78,184
06/24/2013,SAF,NM,ASW,WE,Federal Contract Tower,0,23,14,3,40,0,0,59,7,66,0,23,73,10,106,30,0,30,136
06/25/2013,SAF,NM,ASW,WE,Federal Contract Tower,0,26,8,2,36,0,7,52,5,64,0,33,60,7,100,78,18,96,196
06/26/2013,SAF,NM,ASW,WE,Federal Contract Tower,0,28,23,0,51,0,6,58,4,68,0,34,81,4,119,114,6,120,239
06/27/2013,SAF,NM,ASW,WE,Federal Contract Tower,0,27,18,0,45,0,5,55,10,70,0,32,73,10,115,58,10,68,183
06/28/2013,SAF,NM,ASW,WE,Federal Contract Tower,0,39,29,1,69,0,4,65,5,74,0,43,94,6,143,102,2,104,247
06/29/2013,SAF,NM,ASW,WE,Federal Contract Tower,0,24,14,0,38,0,5,85,1,91,0,29,99,1,129,138,0,138,267
06/30/2013,SAF,NM,ASW,WE,Federal Contract Tower,0,26,28,0,54,0,0,59,2,61,0,26,87,2,115,76,0,76,191
07/01/2013,SAF,NM,ASW,WE,Federal Contract Tower,0,29,18,0,47,0,5,35,0,40,0,34,53,0,87,16,0,16,103
07/02/2013,SAF,NM,ASW,WE,Federal Contract Tower,0,27,13,5,45,0,10,54,8,72,0,37,67,13,117,104,6,110,227
07/03/2013,SAF,NM,ASW,WE,Federal Contract Tower,0,28,24,1,53,0,5,50,3,58,0,33,74,4,111,66,0,66,177
07/04/2013,SAF,NM,ASW,WE,Federal Contract Tower,0,19,7,0,26,0,2,52,0,54,0,21,59,0,80,62,0,62,142
07/05/2013,SAF,NM,ASW,WE,Federal Contract Tower,0,21,13,0,34,0,11,61,0,72,0,32,74,0,106,114,0,114,220
07/06/2013,SAF,NM,ASW,WE,Federal Contract Tower,0,25,7,0,32,0,2,51,0,53,0,27,58,0,85,92,0,92,177
07/07/2013,SAF,NM,ASW,WE,Federal Contract Tower,0,30,24,0,54,0,5,80,24,109,0,35,104,24,163,70,0,70,233
07/08/2013,SAF,NM,ASW,WE,Federal Contract Tower,0,27,12,3,42,0,2,44,6,52,0,29,56,9,94,88,2,90,184
07/09/2013,SAF,NM,ASW,WE,Federal Contract Tower,0,27,11,2,40,0,7,43,6,56,0,34,54,8,96,106,18,124,220
07/10/2013,SAF,NM,ASW,WE,Federal Contract Tower,0,26,26,2,54,0,5,50,15,70,0,31,76,17,124,180,18,198,322
07/11/2013,SAF,NM,ASW,WE,Federal Contract Tower,0,37,23,2,62,0,0,40,12,52,0,37,63,14,114,80,12,92,206
07/12/2013,SAF,NM,ASW,WE,Federal Contract Tower,0,30,21,7,58,0,2,66,4,72,0,32,87,11,130,122,116,238,368
07/13/2013,SAF,NM,ASW,WE,Federal Contract Tower,0,28,19,0,47,0,3,68,9,80,0,31,87,9,127,104,10,114,241
07/14/2013,SAF,NM,ASW,WE,Federal Contract Tower,0,40,27,1,68,0,5,69,7,81,0,45,96,8,149,114,4,118,267
07/15/2013,SAF,NM,ASW,WE,Federal Contract Tower,0,36,26,1,63,0,7,25,4,36,0,43,51,5,99,72,0,72,171
07/16/2013,SAF,NM,ASW,WE,Federal Contract Tower,0,22,23,0,45,0,4,52,6,62,0,26,75,6,107,172,24,196,303
07/17/2013,SAF,NM,ASW,WE,Federal Contract Tower,0,32,27,4,63,0,5,4,0,9,0,37,31,4,72,126,10,136,208
07/18/2013,SAF,NM,ASW,WE,Federal Contract Tower,0,35,34,1,70,0,1,61,8,70,0,36,95,9,140,136,36,172,312
07/19/2013,SAF,NM,ASW,WE,Federal Contract Tower,0,31,21,6,58,0,8,57,1,66,0,39,78,7,124,140,0,140,264
07/20/2013,SAF,NM,ASW,WE,Federal Contract Tower,0,43,16,3,62,0,4,113,1,118,0,47,129,4,180,224,0,224,404
07/21/2013,SAF,NM,ASW,WE,Federal Contract Tower,0,35,18,0,53,0,5,74,1,80,0,40,92,1,133,128,0,128,261
07/22/2013,SAF,NM,ASW,WE,Federal Contract Tower,0,35,24,0,59,0,3,41,8,52,0,38,65,8,111,120,42,162,273
07/23/2013,SAF,NM,ASW,WE,Federal Contract Tower,0,23,33,1,57,0,5,52,8,65,0,28,85,9,122,168,34,202,324
07/24/2013,SAF,NM,ASW,WE,Federal Contract Tower,0,17,28,0,45,0,1,56,7,64,0,18,84,7,109,120,0,120,229
07/25/2013,SAF,NM,ASW,WE,Federal Contract Tower,0,28,37,3,68,0,4,65,1,70,0,32,102,4,138,100,2,102,240
07/26/2013,SAF,NM,ASW,WE,Federal Contract Tower,0,23,30,1,54,0,4,71,5,80,0,27,101,6,134,116,14,130,264
07/27/2013,SAF,NM,ASW,WE,Federal Contract Tower,0,20,20,1,41,0,7,50,0,57,0,27,70,1,98,62,0,62,160
07/28/2013,SAF,NM,ASW,WE,Federal Contract Tower,0,27,34,2,63,0,5,47,3,55,0,32,81,5,118,66,0,66,184
07/29/2013,SAF,NM,ASW,WE,Federal Contract Tower,0,23,6,0,29,0,3,55,5,63,0,26,61,5,92,140,30,170,262
07/30/2013,SAF,NM,ASW,WE,Federal Contract Tower,0,25,18,1,44,0,1,57,2,60,0,26,75,3,104,124,24,148,252
07/31/2013,SAF,NM,ASW,WE,Federal Contract Tower,0,24,25,1,50,0,7,49,6,62,0,31,74,7,112,128,12,140,252
08/01/2013,SAF,NM,ASW,WE,Federal Contract Tower,0,28,32,0,60,0,2,25,5,32,0,30,57,5,92,68,14,82,174
08/02/2013,SAF,NM,ASW,WE,Federal Contract Tower,0,34,21,6,61,0,0,64,9,73,0,34,85,15,134,164,10,174,308
08/03/2013,SAF,NM,ASW,WE,Federal Contract Tower,0,24,21,2,47,0,0,67,8,75,0,24,88,10,122,140,36,176,298
08/04/2013,SAF,NM,ASW,WE,Federal Contract Tower,0,52,25,3,80,0,2,58,3,63,0,54,83,6,143,124,0,124,267
08/05/2013,SAF,NM,ASW,WE,Federal Contract Tower,0,37,31,0,68,0,0,48,6,54,0,37,79,6,122,96,4,100,222
08/06/2013,SAF,NM,ASW,WE,Federal Contract Tower,0,33,23,1,57,0,2,55,5,62,0,35,78,6,119,96,12,108,227
08/07/2013,SAF,NM,ASW,WE,Federal Contract Tower,0,25,25,0,50,0,4,51,5,60,0,29,76,5,110,130,0,130,240
08/08/2013,SAF,NM,ASW,WE,Federal Contract Tower,0,34,19,5,58,0,2,58,4,64,0,36,77,9,122,106,8,114,236
08/09/2013,SAF,NM,ASW,WE,Federal Contract Tower,0,29,21,5,55,0,1,67,23,91,0,30,88,28,146,160,14,174,320
08/10/2013,SAF,NM,ASW,WE,Federal Contract Tower,0,30,27,3,60,0,6,43,1,50,0,36,70,4,110,92,22,114,224
08/11/2013,SAF,NM,ASW,WE,Federal Contract Tower,0,38,31,0,69,0,1,93,0,94,0,39,124,0,163,156,0,156,319
08/12/2013,SAF,NM,ASW,WE,Federal Contract Tower,0,35,26,0,61,0,5,42,6,53,0,40,68,6,114,86,14,100,214
08/13/2013,SAF,NM,ASW,WE,Federal Contract Tower,0,39,25,1,65,0,8,49,7,64,0,47,74,8,129,80,24,104,233
08/14/2013,SAF,NM,ASW,WE,Federal Contract Tower,0,30,29,3,62,0,5,57,4,66,0,35,86,7,128,98,0,98,226
08/15/2013,SAF,NM,ASW,WE,Federal Contract Tower,0,33,37,2,72,0,1,50,3,54,0,34,87,5,126,130,0,130,256
08/16/2013,SAF,NM,ASW,WE,Federal Contract Tower,0,36,14,0,50,0,3,69,5,77,0,39,83,5,127,158,2,160,287
08/17/2013,SAF,NM,ASW,WE,Federal Contract Tower,0,31,7,0,38,0,6,63,1,70,0,37,70,1,108,182,0,182,290
08/18/2013,SAF,NM,ASW,WE,Federal Contract Tower,0,37,23,0,60,0,5,83,0,88,0,42,106,0,148,152,0,152,300
08/19/2013,SAF,NM,ASW,WE,Federal Contract Tower,0,33,24,3,60,0,4,51,4,59,0,37,75,7,119,102,10,112,231
08/20/2013,SAF,NM,ASW,WE,Federal Contract Tower,0,27,40,3,70,0,6,46,2,54,0,33,86,5,124,94,12,106,230
08/21/2013,SAF,NM,ASW,WE,Federal Contract Tower,0,30,26,2,58,0,5,42,2,49,0,35,68,4,107,88,4,92,199
08/22/2013,SAF,NM,ASW,WE,Federal Contract Tower,0,32,30,2,64,0,2,71,6,79,0,34,101,8,143,158,2,160,303
08/23/2013,SAF,NM,ASW,WE,Federal Contract Tower,0,27,16,2,45,0,2,54,2,58,0,29,70,4,103,186,2,188,291
08/24/2013,SAF,NM,ASW,WE,Federal Contract Tower,0,27,15,4,46,0,5,62,0,67,0,32,77,4,113,114,0,114,227
08/25/2013,SAF,NM,ASW,WE,Federal Contract Tower,0,38,24,5,67,0,10,41,7,58,0,48,65,12,125,70,34,104,229
08/26/2013,SAF,NM,ASW,WE,Federal Contract Tower,0,25,17,1,43,0,2,40,9,51,0,27,57,10,94,132,8,140,234
08/27/2013,SAF,NM,ASW,WE,Federal Contract Tower,0,19,13,2,34,0,4,44,19,67,0,23,57,21,101,100,30,130,231
08/28/2013,SAF,NM,ASW,WE,Federal Contract Tower,0,27,15,1,43,0,3,69,11,83,0,30,84,12,126,98,16,114,240
08/29/2013,SAF,NM,ASW,WE,Federal Contract Tower,0,24,23,1,48,0,1,37,14,52,0,25,60,15,100,80,18,98,198
08/30/2013,SAF,NM,ASW,WE,Federal Contract Tower,0,24,25,1,50,0,8,58,7,73,0,32,83,8,123,172,4,176,299
08/31/2013,SAF,NM,ASW,WE,Federal Contract Tower,0,29,13,0,42,0,5,70,3,78,0,34,83,3,120,102,0,102,222
09/01/2013,SAF,NM,ASW,WE,Federal Contract Tower,0,21,16,0,37,0,6,56,0,62,0,27,72,0,99,106,0,106,205
09/02/2013,SAF,NM,ASW,WE,Federal Contract Tower,0,22,27,1,50,0,2,60,5,67,0,24,87,6,117,124,22,146,263
09/03/2013,SAF,NM,ASW,WE,Federal Contract Tower,0,27,24,0,51,0,3,57,7,67,0,30,81,7,118,138,18,156,274
09/04/2013,SAF,NM,ASW,WE,Federal Contract Tower,0,20,19,0,39,0,3,45,7,55,0,23,64,7,94,132,2,134,228
09/05/2013,SAF,NM,ASW,WE,Federal Contract Tower,0,22,15,2,39,0,6,55,1,62,0,28,70,3,101,78,4,82,183
09/06/2013,SAF,NM,ASW,WE,Federal Contract Tower,0,26,22,1,49,0,2,64,2,68,0,28,86,3,117,80,0,80,197
09/07/2013,SAF,NM,ASW,WE,Federal Contract Tower,0,24,12,0,36,0,8,85,0,93,0,32,97,0,129,192,0,192,321
09/08/2013,SAF,NM,ASW,WE,Federal Contract Tower,0,29,13,0,42,0,3,55,3,61,0,32,68,3,103,96,2,98,201
09/09/2013,SAF,NM,ASW,WE,Federal Contract Tower,0,25,26,0,51,0,1,49,3,53,0,26,75,3,104,76,2,78,182
09/10/2013,SAF,NM,ASW,WE,Federal Contract Tower,0,30,11,4,45,0,1,17,1,19,0,31,28,5,64,96,4,100,164
09/11/2013,SAF,NM,ASW,WE,Federal Contract Tower,0,27,19,3,49,0,1,28,6,35,0,28,47,9,84,76,18,94,178
09/12/2013,SAF,NM,ASW,WE,Federal Contract Tower,0,26,26,1,53,0,0,6,0,6,0,26,32,1,59,8,0,8,67
09/13/2013,SAF,NM,ASW,WE,Federal Contract Tower,0,35,16,1,52,0,0,2,0,2,0,35,18,1,54,0,2,2,56
09/14/2013,SAF,NM,ASW,WE,Federal Contract Tower,0,25,17,0,42,0,2,14,5,21,0,27,31,5,63,42,0,42,105
09/15/2013,SAF,NM,ASW,WE,Federal Contract Tower,0,32,21,0,53,0,4,64,2,70,0,36,85,2,123,114,0,114,237
09/16/2013,SAF,NM,ASW,WE,Federal Contract Tower,0,21,15,0,36,0,1,43,5,49,0,22,58,5,85,110,0,110,195
09/17/2013,SAF,NM,ASW,WE,Federal Contract Tower,0,27,10,1,38,0,5,51,3,59,0,32,61,4,97,82,0,82,179
09/18/2013,SAF,NM,ASW,WE,Federal Contract Tower,0,30,10,0,40,0,4,41,5,50,0,34,51,5,90,76,30,106,196
09/19/2013,SAF,NM,ASW,WE,Federal Contract Tower,0,29,27,3,59,0,0,55,5,60,0,29,82,8,119,114,2,116,235
09/20/2013,SAF,NM,ASW,WE,Federal Contract Tower,0,25,31,10,66,0,0,77,4,81,0,25,108,14,147,172,12,184,331
09/21/2013,SAF,NM,ASW,WE,Federal Contract Tower,0,27,12,0,39,0,5,80,10,95,0,32,92,10,134,138,0,138,272
09/22/2013,SAF,NM,ASW,WE,Federal Contract Tower,0,25,14,0,39,0,5,69,1,75,0,30,83,1,114,94,0,94,208
09/23/2013,SAF,NM,ASW,WE,Federal Contract Tower,0,20,22,2,44,0,3,47,7,57,0,23,69,9,101,92,6,98,199
09/24/2013,SAF,NM,ASW,WE,Federal Contract Tower,0,23,19,3,45,0,3,58,7,68,0,26,77,10,113,125,24,149,262
09/25/2013,SAF,NM,ASW,WE,Federal Contract Tower,0,28,14,0,42,0,3,70,12,85,0,31,84,12,127,156,12,168,295
09/26/2013,SAF,NM,ASW,WE,Federal Contract Tower,0,29,33,4,66,0,3,51,15,69,0,32,84,19,135,94,20,114,249
09/27/2013,SAF,NM,ASW,WE,Federal Contract Tower,0,31,26,12,69,0,5,60,2,67,0,36,86,14,136,103,18,121,257
09/28/2013,SAF,NM,ASW,WE,Federal Contract Tower,0,23,12,4,39,0,5,82,6,93,0,28,94,10,132,174,0,174,306
09/29/2013,SAF,NM,ASW,WE,Federal Contract Tower,0,35,45,4,84,0,7,77,0,84,0,42,122,4,168,160,0,160,328
09/30/2013,SAF,NM,ASW,WE,Federal Contract Tower,0,22,16,4,42,0,3,45,0,48,0,25,61,4,90,106,0,106,196
10/01/2013,SAF,NM,ASW,WE,Federal Contract Tower,0,24,10,1,35,0,0,48,0,48,0,24,58,1,83,104,4,108,191
10/02/2013,SAF,NM,ASW,WE,Federal Contract Tower,0,26,18,0,44,0,3,55,0,58,0,29,73,0,102,98,0,98,200
10/03/2013,SAF,NM,ASW,WE,Federal Contract Tower,0,36,29,1,66,0,3,42,0,45,0,39,71,1,111,54,0,54,165
10/04/2013,SAF,NM,ASW,WE,Federal Contract Tower,0,30,34,0,64,0,2,36,2,40,0,32,70,2,104,14,4,18,122
10/05/2013,SAF,NM,ASW,WE,Federal Contract Tower,0,23,21,0,44,0,10,57,0,67,0,33,78,0,111,136,0,136,247
10/06/2013,SAF,NM,ASW,WE,Federal Contract Tower,0,23,28,0,51,0,3,80,0,83,0,26,108,0,134,140,0,140,274
10/07/2013,SAF,NM,ASW,WE,Federal Contract Tower,0,24,22,0,46,0,4,64,0,68,0,28,86,0,114,96,0,96,210
10/08/2013,SAF,NM,ASW,WE,Federal Contract Tower,0,25,32,0,57,0,2,71,5,78,0,27,103,5,135,118,58,176,311
10/09/2013,SAF,NM,ASW,WE,Federal Contract Tower,0,28,11,0,39,0,2,57,1,60,0,30,68,1,99,122,10,132,231
10/10/2013,SAF,NM,ASW,WE,Federal Contract Tower,2,26,21,3,52,0,2,13,1,16,2,28,34,4,68,6,4,10,78
10/11/2013,SAF,NM,ASW,WE,Federal Contract Tower,0,30,23,0,53,0,1,55,0,56,0,31,78,0,109,102,0,102,211
10/12/2013,SAF,NM,ASW,WE,Federal Contract Tower,0,21,17,0,38,0,6,72,0,78,0,27,89,0,116,150,0,150,266
10/13/2013,SAF,NM,ASW,WE,Federal Contract Tower,0,24,27,0,51,0,3,23,0,26,0,27,50,0,77,18,0,18,95
10/14/2013,SAF,NM,ASW,WE,Federal Contract Tower,0,28,13,0,41,0,2,54,0,56,0,30,67,0,97,68,0,68,165
10/15/2013,SAF,NM,ASW,WE,Federal Contract Tower,0,25,20,0,45,0,4,41,1,46,0,29,61,1,91,48,0,48,139
10/16/2013,SAF,NM,ASW,WE,Federal Contract Tower,0,24,16,0,40,0,2,24,2,28,0,26,40,2,68,46,0,46,114
10/17/2013,SAF,NM,ASW,WE,Federal Contract Tower,0,21,24,0,45,0,2,56,4,62,0,23,80,4,107,136,2,138,245
10/18/2013,SAF,NM,ASW,WE,Federal Contract Tower,0,20,17,0,37,0,5,41,7,53,0,25,58,7,90,66,4,70,160
10/19/2013,SAF,NM,ASW,WE,Federal Contract Tower,0,16,9,0,25,0,4,61,0,65,0,20,70,0,90,100,0,100,190
10/20/2013,SAF,NM,ASW,WE,Federal Contract Tower,0,30,34,0,64,0,4,78,1,83,0,34,112,1,147,132,0,132,279
10/21/2013,SAF,NM,ASW,WE,Federal Contract Tower,0,19,22,5,46,0,4,44,6,54,0,23,66,11,100,54,0,54,154
10/22/2013,SAF,NM,ASW,WE,Federal Contract Tower,0,23,8,0,31,0,6,51,3,60,0,29,59,3,91,118,12,130,221
10/23/2013,SAF,NM,ASW,WE,Federal Contract Tower,0,25,25,0,50,0,3,43,2,48,0,28,68,2,98,74,4,78,176
10/24/2013,SAF,NM,ASW,WE,Federal Contract Tower,0,16,19,7,42,0,0,65,8,73,0,16,84,15,115,82,22,104,219
10/25/2013,SAF,NM,ASW,WE,Federal Contract Tower,0,24,30,0,54,0,0,24,0,24,0,24,54,0,78,56,0,56,134
10/26/2013,SAF,NM,ASW,WE,Federal Contract Tower,0,20,14,0,34,0,3,64,3,70,0,23,78,3,104,112,0,112,216
10/27/2013,SAF,NM,ASW,WE,Federal Contract Tower,0,18,28,0,46,0,2,72,1,75,0,20,100,1,121,70,0,70,191
10/28/2013,SAF,NM,ASW,WE,Federal Contract Tower,0,19,13,2,34,0,4,42,1,47,0,23,55,3,81,46,30,76,157
10/29/2013,SAF,NM,ASW,WE,Federal Contract Tower,0,20,17,0,37,0,8,35,7,50,0,28,52,7,87,114,68,182,269
10/30/2013,SAF,NM,ASW,WE,Federal Contract Tower,0,22,26,2,50,0,2,27,13,42,0,24,53,15,92,70,14,84,176
10/31/2013,SAF,NM,ASW,WE,Federal Contract Tower,0,17,10,2,29,0,2,38,5,45,0,19,48,7,74,56,12,68,142
11/01/2013,SAF,NM,ASW,WE,Federal Contract Tower,0,20,16,5,41,0,2,53,7,62,0,22,69,12,103,84,10,94,197
11/02/2013,SAF,NM,ASW,WE,Federal Contract Tower,0,22,11,0,33,0,4,82,12,98,0,26,93,12,131,116,22,138,269
11/03/2013,SAF,NM,ASW,WE,Federal Contract Tower,0,24,17,3,44,0,0,30,10,40,0,24,47,13,84,40,14,54,138
11/04/2013,SAF,NM,ASW,WE,Federal Contract Tower,0,21,14,2,37,0,2,38,2,42,0,23,52,4,79,72,36,108,187
11/05/2013,SAF,NM,ASW,WE,Federal Contract Tower,0,26,12,1,39,0,3,11,6,20,0,29,23,7,59,28,2,30,89
11/06/2013,SAF,NM,ASW,WE,Federal Contract Tower,0,24,12,5,41,0,2,41,9,52,0,26,53,14,93,124,20,144,237
11/07/2013,SAF,NM,ASW,WE,Federal Contract Tower,0,21,15,4,40,0,4,43,3,50,0,25,58,7,90,68,8,76,166
11/08/2013,SAF,NM,ASW,WE,Federal Contract Tower,0,26,23,2,51,0,2,57,1,60,0,28,80,3,111,140,0,140,251
11/09/2013,SAF,NM,ASW,WE,Federal Contract Tower,0,29,11,6,46,0,5,55,1,61,0,34,66,7,107,140,20,160,267
11/10/2013,SAF,NM,ASW,WE,Federal Contract Tower,0,24,16,3,43,0,8,80,5,93,0,32,96,8,136,128,28,156,292
11/11/2013,SAF,NM,ASW,WE,Federal Contract Tower,0,19,19,3,41,0,2,56,0,58,0,21,75,3,99,142,0,142,241
11/12/2013,SAF,NM,ASW,WE,Federal Contract Tower,0,22,11,0,33,0,2,23,1,26,0,24,34,1,59,20,4,24,83
11/13/2013,SAF,NM,ASW,WE,Federal Contract Tower,0,14,14,5,33,0,2,23,9,34,0,16,37,14,67,86,28,114,181
11/14/2013,SAF,NM,ASW,WE,Federal Contract Tower,0,18,11,2,31,0,0,16,2,18,0,18,27,4,49,28,0,28,77
11/15/2013,SAF,NM,ASW,WE,Federal Contract Tower,0,17,17,0,34,0,2,53,6,61,0,19,70,6,95,128,22,150,245
11/16/2013,SAF,NM,ASW,WE,Federal Contract Tower,0,15,10,0,25,0,3,22,0,25,0,18,32,0,50,80,0,80,130
11/17/2013,SAF,NM,ASW,WE,Federal Contract Tower,0,16,16,2,34,0,0,47,0,47,0,16,63,2,81,90,0,90,171
11/18/2013,SAF,NM,ASW,WE,Federal Contract Tower,0,19,15,0,34,0,0,37,0,37,0,19,52,0,71,138,0,138,209
11/19/2013,SAF,NM,ASW,WE,Federal Contract Tower,0,19,6,6,31,0,1,48,4,53,0,20,54,10,84,78,12,90,174
11/20/2013,SAF,NM,ASW,WE,Federal Contract Tower,0,21,21,4,46,0,4,32,3,39,0,25,53,7,85,68,0,68,153
11/21/2013,SAF,NM,ASW,WE,Federal Contract Tower,0,15,20,0,35,0,4,16,0,20,0,19,36,0,55,30,0,30,85
11/22/2013,SAF,NM,ASW,WE,Federal Contract Tower,0,16,13,0,29,0,0,2,0,2,0,16,15,0,31,6,0,6,37
11/23/2013,SAF,NM,ASW,WE,Federal Contract Tower,0,12,5,0,17,0,0,0,0,0,0,12,5,0,17,0,0,0,17
11/24/2013,SAF,NM,ASW,WE,Federal Contract Tower,0,2,5,0,7,0,4,0,0,4,0,6,5,0,11,8,0,8,19
11/25/2013,SAF,NM,ASW,WE,Federal Contract Tower,0,24,9,1,34,0,5,12,9,26,0,29,21,10,60,4,6,10,70
11/26/2013,SAF,NM,ASW,WE,Federal Contract Tower,0,18,17,0,35,0,7,47,5,59,0,25,64,5,94,127,42,169,263
11/27/2013,SAF,NM,ASW,WE,Federal Contract Tower,0,23,17,1,41,0,4,52,0,56,0,27,69,1,97,96,0,96,193
11/28/2013,SAF,NM,ASW,WE,Federal Contract Tower,0,12,6,0,18,0,2,20,0,22,0,14,26,0,40,22,0,22,62
11/29/2013,SAF,NM,ASW,WE,Federal Contract Tower,0,23,13,0,36,0,2,54,0,56,0,25,67,0,92,134,0,134,226
11/30/2013,SAF,NM,ASW,WE,Federal Contract Tower,0,18,18,0,36,0,2,54,0,56,0,20,72,0,92,142,0,142,234
12/01/2013,SAF,NM,ASW,WE,Federal Contract Tower,0,25,28,0,53,0,2,38,0,40,0,27,66,0,93,90,0,90,183
12/02/2013,SAF,NM,ASW,WE,Federal Contract Tower,0,23,13,0,36,0,2,36,4,42,0,25,49,4,78,100,0,100,178
12/03/2013,SAF,NM,ASW,WE,Federal Contract Tower,0,17,14,5,36,0,1,45,10,56,0,18,59,15,92,154,12,166,258
12/04/2013,SAF,NM,ASW,WE,Federal Contract Tower,0,16,15,1,32,0,3,10,0,13,0,19,25,1,45,16,0,16,61
12/05/2013,SAF,NM,ASW,WE,Federal Contract Tower,0,2,4,0,6,0,1,0,0,1,0,3,4,0,7,4,0,4,11
12/06/2013,SAF,NM,ASW,WE,Federal Contract Tower,0,11,6,0,17,0,17,17,0,34,0,28,23,0,51,42,0,42,93
12/07/2013,SAF,NM,ASW,WE,Federal Contract Tower,0,9,4,0,13,0,0,0,0,0,0,9,4,0,13,0,0,0,13
12/08/2013,SAF,NM,ASW,WE,Federal Contract Tower,0,9,6,0,15,0,0,4,0,4,0,9,10,0,19,0,0,0,19
12/09/2013,SAF,NM,ASW,WE,Federal Contract Tower,0,21,13,2,36,0,7,19,4,30,0,28,32,6,66,58,4,62,128
12/10/2013,SAF,NM,ASW,WE,Federal Contract Tower,0,18,7,2,27,0,0,23,9,32,0,18,30,11,59,26,32,58,117
12/11/2013,SAF,NM,ASW,WE,Federal Contract Tower,0,14,17,2,33,0,3,34,8,45,0,17,51,10,78,98,4,102,180
12/12/2013,SAF,NM,ASW,WE,Federal Contract Tower,0,17,8,8,33,0,0,33,2,35,0,17,41,10,68,34,0,34,102
12/13/2013,SAF,NM,ASW,WE,Federal Contract Tower,0,23,18,2,43,0,1,37,1,39,0,24,55,3,82,110,0,110,192
12/14/2013,SAF,NM,ASW,WE,Federal Contract Tower,0,11,8,0,19,0,7,68,0,75,0,18,76,0,94,162,0,162,256
12/15/2013,SAF,NM,ASW,WE,Federal Contract Tower,0,15,11,0,26,0,4,59,0,63,0,19,70,0,89,96,0,96,185
12/16/2013,SAF,NM,ASW,WE,Federal Contract Tower,0,15,10,9,34,0,9,38,5,52,0,24,48,14,86,86,4,90,176
12/17/2013,SAF,NM,ASW,WE,Federal Contract Tower,0,12,16,5,33,0,2,44,11,57,0,14,60,16,90,108,26,134,224
12/18/2013,SAF,NM,ASW,WE,Federal Contract Tower,0,18,17,8,43,0,4,57,3,64,0,22,74,11,107,88,6,94,201
12/19/2013,SAF,NM,ASW,WE,Federal Contract Tower,0,16,15,4,35,0,3,58,4,65,0,19,73,8,100,66,0,66,166
12/20/2013,SAF,NM,ASW,WE,Federal Contract Tower,0,29,17,4,50,0,5,37,0,42,0,34,54,4,92,172,6,178,270
12/21/2013,SAF,NM,ASW,WE,Federal Contract Tower,0,20,22,0,42,0,2,22,0,24,0,22,44,0,66,58,0,58,124
12/22/2013,SAF,NM,ASW,WE,Federal Contract Tower,0,21,17,0,38,0,3,16,0,19,0,24,33,0,57,8,0,8,65
12/23/2013,SAF,NM,ASW,WE,Federal Contract Tower,0,28,11,0,39,0,7,51,0,58,0,35,62,0,97,176,0,176,273
12/24/2013,SAF,NM,ASW,WE,Federal Contract Tower,0,18,5,0,23,0,2,39,0,41,0,20,44,0,64,98,0,98,162
12/25/2013,SAF,NM,ASW,WE,Federal Contract Tower,0,21,1,0,22,0,5,10,0,15,0,26,11,0,37,6,0,6,43
12/26/2013,SAF,NM,ASW,WE,Federal Contract Tower,0,27,25,1,53,0,4,56,0,60,0,31,81,1,113,50,0,50,163
12/27/2013,SAF,NM,ASW,WE,Federal Contract Tower,0,23,29,0,52,0,6,66,4,76,0,29,95,4,128,82,0,82,210
12/28/2013,SAF,NM,ASW,WE,Federal Contract Tower,0,27,16,0,43,0,0,79,0,79,0,27,95,0,122,150,0,150,272
12/29/2013,SAF,NM,ASW,WE,Federal Contract Tower,0,17,16,0,33,0,1,32,0,33,0,18,48,0,66,14,0,14,80
12/30/2013,SAF,NM,ASW,WE,Federal Contract Tower,0,18,16,1,35,0,1,69,8,78,0,19,85,9,113,182,64,246,359
12/31/2013,SAF,NM,ASW,WE,Federal Contract Tower,0,16,7,0,23,0,2,59,2,63,0,18,66,2,86,36,0,36,122
01/01/2014,SAF,NM,ASW,WE,Federal Contract Tower,0,25,16,0,41,0,0,39,0,39,0,25,55,0,80,80,0,80,160
01/02/2014,SAF,NM,ASW,WE,Federal Contract Tower,0,17,21,2,40,0,6,49,6,61,0,23,70,8,101,26,4,30,131
01/03/2014,SAF,NM,ASW,WE,Federal Contract Tower,0,25,30,5,60,0,2,64,6,72,0,27,94,11,132,54,6,60,192
01/04/2014,SAF,NM,ASW,WE,Federal Contract Tower,0,20,21,0,41,0,4,36,1,41,0,24,57,1,82,32,0,32,114
01/05/2014,SAF,NM,ASW,WE,Federal Contract Tower,0,15,22,0,37,0,2,23,1,26,0,17,45,1,63,94,0,94,157
01/06/2014,SAF,NM,ASW,WE,Federal Contract Tower,0,21,12,2,35,0,2,26,0,28,0,23,38,2,63,60,0,60,123
01/07/2014,SAF,NM,ASW,WE,Federal Contract Tower,0,14,25,2,41,0,2,47,7,56,0,16,72,9,97,204,20,224,321
01/08/2014,SAF,NM,ASW,WE,Federal Contract Tower,0,9,11,3,23,0,6,49,1,56,0,15,60,4,79,60,10,70,149
01/09/2014,SAF,NM,ASW,WE,Federal Contract Tower,0,13,10,3,26,0,1,40,1,42,0,14,50,4,68,40,0,40,108
01/10/2014,SAF,NM,ASW,WE,Federal Contract Tower,0,14,8,6,28,0,2,22,3,27,0,16,30,9,55,18,4,22,77
01/11/2014,SAF,NM,ASW,WE,Federal Contract Tower,0,15,12,4,31,0,8,64,24,96,0,23,76,28,127,122,58,180,307
01/12/2014,SAF,NM,ASW,WE,Federal Contract Tower,0,15,14,3,32,0,2,15,9,26,0,17,29,12,58,2,14,16,74
01/13/2014,SAF,NM,ASW,WE,Federal Contract Tower,0,15,12,3,30,0,4,35,2,41,0,19,47,5,71,150,0,150,221
01/14/2014,SAF,NM,ASW,WE,Federal Contract Tower,0,18,3,3,24,0,4,43,4,51,0,22,46,7,75,132,10,142,217
01/15/2014,SAF,NM,ASW,WE,Federal Contract Tower,0,12,16,3,31,0,2,44,4,50,0,14,60,7,81,112,10,122,203
01/16/2014,SAF,NM,ASW,WE,Federal Contract Tower,0,16,7,4,27,0,5,49,3,57,0,21,56,7,84,34,10,44,128
01/17/2014,SAF,NM,ASW,WE,Federal Contract Tower,0,16,10,8,34,0,5,60,5,70,0,21,70,13,104,130,28,158,262
01/18/2014,SAF,NM,ASW,WE,Federal Contract Tower,0,9,8,10,27,0,14,69,3,86,0,23,77,13,113,168,20,188,301
01/19/2014,SAF,NM,ASW,WE,Federal Contract Tower,0,15,4,3,22,0,4,69,2,75,0,19,73,5,97,128,30,158,255
01/20/2014,SAF,NM,ASW,WE,Federal Contract Tower,0,12,17,0,29,0,2,86,0,88,0,14,103,0,117,180,0,180,297
01/21/2014,SAF,NM,ASW,WE,Federal Contract Tower,0,10,13,2,25,0,5,46,2,53,0,15,59,4,78,102,0,102,180
01/22/2014,SAF,NM,ASW,WE,Federal Contract Tower,0,13,17,4,34,0,3,36,12,51,0,16,53,16,85,58,36,94,179
01/23/2014,SAF,NM,ASW,WE,Federal Contract Tower,0,10,20,14,44,0,0,7,4,11,0,10,27,18,55,6,2,8,63
01/24/2014,SAF,NM,ASW,WE,Federal Contract Tower,0,21,27,4,52,0,7,55,1,63,0,28,82,5,115,90,0,90,205
01/25/2014,SAF,NM,ASW,WE,Federal Contract Tower,0,15,9,1,25,0,8,70,2,80,0,23,79,3,105,178,10,188,293
01/26/2014,SAF,NM,ASW,WE,Federal Contract Tower,0,15,19,2,36,0,9,62,0,71,0,24,81,2,107,78,0,78,185
01/27/2014,SAF,NM,ASW,WE,Federal Contract Tower,0,11,11,3,25,0,3,27,10,40,0,14,38,13,65,72,20,92,157
01/28/2014,SAF,NM,ASW,WE,Federal Contract Tower,0,15,16,1,32,0,6,34,3,43,0,21,50,4,75,84,0,84,159
01/29/2014,SAF,NM,ASW,WE,Federal Contract Tower,0,17,6,3,26,0,5,32,10,47,0,22,38,13,73,50,24,74,147
01/30/2014,SAF,NM,ASW,WE,Federal Contract Tower,0,17,20,2,39,0,3,36,4,43,0,20,56,6,82,72,12,84,166
01/31/2014,SAF,NM,ASW,WE,Federal Contract Tower,0,14,21,7,42,0,2,13,8,23,0,16,34,15,65,64,26,90,155
02/01/2014,SAF,NM,ASW,WE,Federal Contract Tower,0,15,5,0,20,0,3,25,0,28,0,18,30,0,48,58,0,58,106
02/02/2014,SAF,NM,ASW,WE,Federal Contract Tower,0,15,14,0,29,0,11,63,0,74,0,26,77,0,103,116,0,116,219
02/03/2014,SAF,NM,ASW,WE,Federal Contract Tower,0,15,16,2,33,0,1,34,2,37,0,16,50,4,70,58,4,62,132
02/04/2014,SAF,NM,ASW,WE,Federal Contract Tower,0,11,10,0,21,0,7,10,8,25,0,18,20,8,46,60,8,68,114
02/05/2014,SAF,NM,ASW,WE,Federal Contract Tower,0,23,19,4,46,0,0,6,0,6,0,23,25,4,52,50,22,72,124
02/06/2014,SAF,NM,ASW,WE,Federal Contract Tower,0,14,17,1,32,0,0,0,0,0,0,14,17,1,32,0,0,0,32
02/07/2014,SAF,NM,ASW,WE,Federal Contract Tower,0,13,20,2,35,0,5,26,6,37,0,18,46,8,72,78,38,116,188
02/08/2014,SAF,NM,ASW,WE,Federal Contract Tower,0,11,11,4,26,0,5,85,11,101,0,16,96,15,127,120,0,120,247
02/09/2014,SAF,NM,ASW,WE,Federal Contract Tower,0,14,9,0,23,0,3,30,10,43,0,17,39,10,66,62,16,78,144
02/10/2014,SAF,NM,ASW,WE,Federal Contract Tower,0,14,13,5,32,0,3,25,14,42,0,17,38,19,74,68,42,110,184
02/11/2014,SAF,NM,ASW,WE,Federal Contract Tower,0,10,26,6,42,0,1,25,1,27,0,11,51,7,69,100,8,108,177
02/12/2014,SAF,NM,ASW,WE,Federal Contract Tower,0,15,13,0,28,0,5,24,10,39,0,20,37,10,67,52,44,96,163
02/13/2014,SAF,NM,ASW,WE,Federal Contract Tower,0,17,16,7,40,0,2,36,4,42,0,19,52,11,82,34,28,62,144
02/14/2014,SAF,NM,ASW,WE,Federal Contract Tower,0,16,16,2,34,0,2,38,0,40,0,18,54,2,74,94,0,94,168
02/15/2014,SAF,NM,ASW,WE,Federal Contract Tower,0,11,16,1,28,0,2,50,5,57,0,13,66,6,85,106,0,106,191
02/16/2014,SAF,NM,ASW,WE,Federal Contract Tower,0,11,18,0,29,0,1,41,1,43,0,12,59,1,72,86,0,86,158
02/17/2014,SAF,NM,ASW,WE,Federal Contract Tower,0,8,30,1,39,0,1,77,1,79,0,9,107,2,118,176,6,182,300
02/18/2014,SAF,NM,ASW,WE,Federal Contract Tower,0,18,15,1,34,0,4,42,9,55,0,22,57,10,89,104,42,146,235
02/19/2014,SAF,NM,ASW,WE,Federal Contract Tower,0,16,20,2,38,0,1,32,14,47,0,17,52,16,85,50,10,60,145
02/20/2014,SAF,NM,ASW,WE,Federal Contract Tower,0,18,12,2,32,0,5,14,11,30,0,23,26,13,62,10,16,26,88
02/21/2014,SAF,NM,ASW,WE,Federal Contract Tower,0,20,14,2,36,0,4,62,10,76,0,24,76,12,112,128,4,132,244
02/22/2014,SAF,NM,ASW,WE,Federal Contract Tower,0,18,12,1,31,0,3,76,5,84,0,21,88,6,115,76,0,76,191
02/23/2014,SAF,NM,ASW,WE,Federal Contract Tower,0,23,15,2,40,0,3,78,2,83,0,26,93,4,123,144,0,144,267
02/24/2014,SAF,NM,ASW,WE,Federal Contract Tower,0,26,12,16,54,0,8,32,13,53,0,34,44,29,107,96,58,154,261
02/25/2014,SAF,NM,ASW,WE,Federal Contract Tower,0,17,10,0,27,0,2,28,8,38,0,19,38,8,65,110,10,120,185
02/26/2014,SAF,NM,ASW,WE,Federal Contract Tower,0,14,10,4,28,0,4,25,15,44,0,18,35,19,72,52,74,126,198
02/27/2014,SAF,NM,ASW,WE,Federal Contract Tower,0,17,19,0,36,0,1,29,5,35,0,18,48,5,71,36,28,64,135
02/28/2014,SAF,NM,ASW,WE,Federal Contract Tower,0,17,21,6,44,0,1,45,14,60,0,18,66,20,104,90,8,98,202
03/01/2014,SAF,NM,ASW,WE,Federal Contract Tower,0,11,9,1,21,0,0,14,1,15,0,11,23,2,36,72,0,72,108
03/02/2014,SAF,NM,ASW,WE,Federal Contract Tower,0,21,19,0,40,0,0,21,5,26,0,21,40,5,66,50,0,50,116
03/03/2014,SAF,NM,ASW,WE,Federal Contract Tower,0,14,17,0,31,0,0,20,11,31,0,14,37,11,62,54,10,64,126
03/04/2014,SAF,NM,ASW,WE,Federal Contract Tower,0,17,15,0,32,0,4,49,13,66,0,21,64,13,98,146,14,160,258
03/05/2014,SAF,NM,ASW,WE,Federal Contract Tower,0,17,20,1,38,0,3,41,3,47,0,20,61,4,85,120,6,126,211
03/06/2014,SAF,NM,ASW,WE,Federal Contract Tower,0,13,12,1,26,0,3,46,4,53,0,16,58,5,79,114,0,114,193
03/07/2014,SAF,NM,ASW,WE,Federal Contract Tower,0,20,12,0,32,0,2,40,6,48,0,22,52,6,80,100,4,104,184
03/08/2014,SAF,NM,ASW,WE,Federal Contract Tower,0,21,6,0,27,0,5,12,12,29,0,26,18,12,56,32,22,54,110
03/09/2014,SAF,NM,ASW,WE,Federal Contract Tower,0,24,28,0,52,0,0,68,1,69,0,24,96,1,121,166,0,166,287
03/10/2014,SAF,NM,ASW,WE,Federal Contract Tower,0,17,14,1,32,0,6,53,5,64,0,23,67,6,96,122,0,122,218
03/11/2014,SAF,NM,ASW,WE,Federal Contract Tower,0,17,23,1,41,0,0,42,7,49,0,17,65,8,90,38,6,44,134
03/12/2014,SAF,NM,ASW,WE,Federal Contract Tower,0,18,15,1,34,0,2,44,8,54,0,20,59,9,88,94,8,102,190
03/13/2014,SAF,NM,ASW,WE,Federal Contract Tower,0,22,21,0,43,0,4,49,3,56,0,26,70,3,99,72,2,74,173
03/14/2014,SAF,NM,ASW,WE,Federal Contract Tower,0,23,19,0,42,0,3,19,4,26,0,26,38,4,68,80,0,80,148
03/15/2014,SAF,NM,ASW,WE,Federal Contract Tower,0,18,12,0,30,0,1,18,0,19,0,19,30,0,49,42,0,42,91
03/16/2014,SAF,NM,ASW,WE,Federal Contract Tower,0,24,21,0,45,0,1,62,0,63,0,25,83,0,108,170,0,170,278
03/17/2014,SAF,NM,ASW,WE,Federal Contract Tower,0,16,11,0,27,0,0,33,0,33,0,16,44,0,60,96,0,96,156
03/18/2014,SAF,NM,ASW,WE,Federal Contract Tower,0,17,15,2,34,0,3,30,11,44,0,20,45,13,78,36,26,62,140
03/19/2014,SAF,NM,ASW,WE,Federal Contract Tower,0,16,25,0,41,0,2,52,7,61,0,18,77,7,102,68,24,92,194
03/20/2014,SAF,NM,ASW,WE,Federal Contract Tower,0,22,14,7,43,0,2,53,15,70,0,24,67,22,113,94,28,122,235
03/21/2014,SAF,NM,ASW,WE,Federal Contract Tower,0,15,15,5,35,0,2,61,6,69,0,17,76,11,104,132,16,148,252
03/22/2014,SAF,NM,ASW,WE,Federal Contract Tower,0,21,10,0,31,0,2,61,0,63,0,23,71,0,94,82,0,82,176
03/23/2014,SAF,NM,ASW,WE,Federal Contract Tower,0,18,18,0,36,0,1,43,0,44,0,19,61,0,80,126,0,126,206
03/24/2014,SAF,NM,ASW,WE,Federal Contract Tower,0,18,10,0,28,0,2,55,8,65,0,20,65,8,93,118,4,122,215
03/25/2014,SAF,NM,ASW,WE,Federal Contract Tower,0,13,21,0,34,0,1,55,1,57,0,14,76,1,91,138,12,150,241
03/26/2014,SAF,NM,ASW,WE,Federal Contract Tower,0,16,13,0,29,0,6,24,3,33,0,22,37,3,62,78,28,106,168
03/27/2014,SAF,NM,ASW,WE,Federal Contract Tower,0,22,5,2,29,0,1,18,5,24,0,23,23,7,53,4,0,4,57
03/28/2014,SAF,NM,ASW,WE,Federal Contract Tower,0,17,13,10,40,0,3,70,9,82,0,20,83,19,122,70,10,80,202
03/29/2014,SAF,NM,ASW,WE,Federal Contract Tower,0,12,5,4,21,0,5,68,7,80,0,17,73,11,101,134,4,138,239
03/30/2014,SAF,NM,ASW,WE,Federal Contract Tower,0,16,12,1,29,0,4,51,2,57,0,20,63,3,86,156,0,156,242
03/31/2014,SAF,NM,ASW,WE,Federal Contract Tower,0,15,10,3,28,0,2,39,2,43,0,17,49,5,71,100,0,100,171
04/01/2014,SAF,NM,ASW,WE,Federal Contract Tower,0,24,5,2,31,0,0,7,15,22,0,24,12,17,53,16,26,42,95
04/02/2014,SAF,NM,ASW,WE,Federal Contract Tower,0,12,9,2,23,0,2,27,4,33,0,14,36,6,56,64,6,70,126
04/03/2014,SAF,NM,ASW,WE,Federal Contract Tower,0,14,15,3,32,0,2,10,16,28,0,16,25,19,60,6,6,12,72
04/04/2014,SAF,NM,ASW,WE,Federal Contract Tower,0,14,14,0,28,0,0,73,4,77,0,14,87,4,105,158,0,158,263
04/05/2014,SAF,NM,ASW,WE,Federal Contract Tower,0,12,5,7,24,0,6,32,12,50,0,18,37,19,74,44,26,70,144
04/06/2014,SAF,NM,ASW,WE,Federal Contract Tower,0,17,21,0,38,0,0,32,4,36,0,17,53,4,74,76,0,76,150
04/07/2014,SAF,NM,ASW,WE,Federal Contract Tower,0,13,9,0,22,0,4,27,6,37,0,17,36,6,59,48,0,48,107
04/08/2014,SAF,NM,ASW,WE,Federal Contract Tower,0,12,14,2,28,0,3,59,6,68,0,15,73,8,96,164,12,176,272
04/09/2014,SAF,NM,ASW,WE,Federal Contract Tower,0,12,19,1,32,0,2,54,13,69,0,14,73,14,101,108,24,132,233
04/10/2014,SAF,NM,ASW,WE,Federal Contract Tower,0,20,13,2,35,0,3,33,0,36,0,23,46,2,71,44,0,44,115
04/11/2014,SAF,NM,ASW,WE,Federal Contract Tower,0,22,15,2,39,0,0,54,4,58,0,22,69,6,97,82,6,88,185
04/12/2014,SAF,NM,ASW,WE,Federal Contract Tower,0,10,11,0,21,0,5,42,0,47,0,15,53,0,68,48,0,48,116
04/13/2014,SAF,NM,ASW,WE,Federal Contract Tower,0,15,25,0,40,0,0,19,0,19,0,15,44,0,59,86,0,86,145
04/14/2014,SAF,NM,ASW,WE,Federal Contract Tower,0,16,9,0,25,0,9,20,0,29,0,25,29,0,54,46,0,46,100
04/15/2014,SAF,NM,ASW,WE,Federal Contract Tower,0,15,15,0,30,0,0,46,8,54,0,15,61,8,84,78,12,90,174
04/16/2014,SAF,NM,ASW,WE,Federal Contract Tower,0,15,18,3,36,0,3,60,13,76,0,18,78,16,112,138,20,158,270
04/17/2014,SAF,NM,ASW,WE,Federal Contract Tower,0,16,22,4,42,0,4,61,10,75,0,20,83,14,117,72,48,120,237
04/18/2014,SAF,NM,ASW,WE,Federal Contract Tower,0,15,22,4,41,0,0,49,1,50,0,15,71,5,91,78,0,78,169
04/19/2014,SAF,NM,ASW,WE,Federal Contract Tower,0,17,7,0,24,0,5,33,0,38,0,22,40,0,62,60,0,60,122
04/20/2014,SAF,NM,ASW,WE,Federal Contract Tower,0,14,19,0,33,0,1,37,0,38,0,15,56,0,71,36,0,36,107
04/21/2014,SAF,NM,ASW,WE,Federal Contract Tower,0,17,20,1,38,0,5,55,7,67,0,22,75,8,105,110,8,118,223
04/22/2014,SAF,NM,ASW,WE,Federal Contract Tower,0,17,31,0,48,0,4,39,14,57,0,21,70,14,105,86,16,102,207
04/23/2014,SAF,NM,ASW,WE,Federal Contract Tower,0,15,17,1,33,0,4,31,14,49,0,19,48,15,82,66,0,66,148
04/24/2014,SAF,NM,ASW,WE,Federal Contract Tower,0,17,26,1,44,0,5,71,3,79,0,22,97,4,123,60,22,82,205
04/25/2014,SAF,NM,ASW,WE,Federal Contract Tower,0,15,23,3,41,0,3,60,3,66,0,18,83,6,107,122,8,130,237
04/26/2014,SAF,NM,ASW,WE,Federal Contract Tower,0,12,19,0,31,0,3,26,7,36,0,15,45,7,67,32,2,34,101
04/27/2014,SAF,NM,ASW,WE,Federal Contract Tower,0,17,19,2,38,0,1,8,2,11,0,18,27,4,49,0,4,4,53
04/28/2014,SAF,NM,ASW,WE,Federal Contract Tower,0,11,12,2,25,0,2,8,0,10,0,13,20,2,35,6,0,6,41
04/29/2014,SAF,NM,ASW,WE,Federal Contract Tower,0,12,11,10,33,0,2,19,11,32,0,14,30,21,65,50,62,112,177
04/30/2014,SAF,NM,ASW,WE,Federal Contract Tower,0,11,19,0,30,0,0,44,4,48,0,11,63,4,78,54,24,78,156
05/01/2014,SAF,NM,ASW,WE,Federal Contract Tower,0,17,24,2,43,0,2,34,4,40,0,19,58,6,83,84,0,84,167
05/02/2014,SAF,NM,ASW,WE,Federal Contract Tower,0,15,26,0,41,0,6,93,6,105,0,21,119,6,146,148,26,174,320
05/03/2014,SAF,NM,ASW,WE,Federal Contract Tower,0,15,17,2,34,0,2,64,5,71,0,17,81,7,105,150,14,164,269
05/04/2014,SAF,NM,ASW,WE,Federal Contract Tower,0,15,42,2,59,0,3,90,6,99,0,18,132,8,158,164,0,164,322
05/05/2014,SAF,NM,ASW,WE,Federal Contract Tower,0,17,16,0,33,0,2,39,0,41,0,19,55,0,74,46,0,46,120
05/06/2014,SAF,NM,ASW,WE,Federal Contract Tower,0,11,12,2,25,0,4,44,1,49,0,15,56,3,74,82,8,90,164
05/07/2014,SAF,NM,ASW,WE,Federal Contract Tower,0,12,18,1,31,0,3,23,0,26,0,15,41,1,57,44,0,44,101
05/08/2014,SAF,NM,ASW,WE,Federal Contract Tower,0,9,12,10,31,0,1,32,4,37,0,10,44,14,68,28,8,36,104
05/09/2014,SAF,NM,ASW,WE,Federal Contract Tower,0,18,12,4,34,0,4,61,5,70,0,22,73,9,104,58,2,60,164
05/10/2014,SAF,NM,ASW,WE,Federal Contract Tower,0,16,11,1,28,0,6,68,0,74,0,22,79,1,102,102,0,102,204
05/11/2014,SAF,NM,ASW,WE,Federal Contract Tower,0,18,14,0,32,0,4,18,0,22,0,22,32,0,54,8,0,8,62
05/12/2014,SAF,NM,ASW,WE,Federal Contract Tower,0,15,19,3,37,0,1,17,0,18,0,16,36,3,55,70,0,70,125
05/13/2014,SAF,NM,ASW,WE,Federal Contract Tower,0,14,12,7,33,0,4,21,3,28,0,18,33,10,61,38,52,90,151
05/14/2014,SAF,NM,ASW,WE,Federal Contract Tower,0,11,17,2,30,0,1,60,6,67,0,12,77,8,97,68,2,70,167
05/15/2014,SAF,NM,ASW,WE,Federal Contract Tower,0,26,20,9,55,0,5,56,12,73,0,31,76,21,128,70,26,96,224
05/16/2014,SAF,NM,ASW,WE,Federal Contract Tower,0,15,13,3,31,0,1,63,7,71,0,16,76,10,102,54,20,74,176
05/17/2014,SAF,NM,ASW,WE,Federal Contract Tower,0,20,10,0,30,0,3,59,2,64,0,23,69,2,94,96,0,96,190
05/18/2014,SAF,NM,ASW,WE,Federal Contract Tower,0,17,12,0,29,0,7,58,0,65,0,24,70,0,94,124,0,124,218
05/19/2014,SAF,NM,ASW,WE,Federal Contract Tower,0,21,22,4,47,0,5,44,2,51,0,26,66,6,98,44,0,44,142
05/20/2014,SAF,NM,ASW,WE,Federal Contract Tower,0,12,11,0,23,0,7,40,4,51,0,19,51,4,74,48,20,68,142
05/21/2014,SAF,NM,ASW,WE,Federal Contract Tower,0,15,9,3,27,0,4,50,14,68,0,19,59,17,95,40,0,40,135
05/22/2014,SAF,NM,ASW,WE,Federal Contract Tower,0,11,26,0,37,0,4,29,6,39,0,15,55,6,76,52,24,76,152
05/23/2014,SAF,NM,ASW,WE,Federal Contract Tower,0,18,25,2,45,0,0,36,2,38,0,18,61,4,83,26,4,30,113
05/24/2014,SAF,NM,ASW,WE,Federal Contract Tower,0,16,7,0,23,0,14,14,0,28,0,30,21,0,51,60,0,60,111
05/25/2014,SAF,NM,ASW,WE,Federal Contract Tower,0,20,7,0,27,0,2,49,0,51,0,22,56,0,78,140,0,140,218
05/26/2014,SAF,NM,ASW,WE,Federal Contract Tower,0,19,23,1,43,0,3,56,0,59,0,22,79,1,102,124,0,124,226
05/27/2014,SAF,NM,ASW,WE,Federal Contract Tower,0,14,15,0,29,0,4,65,9,78,0,18,80,9,107,66,36,102,209
05/28/2014,SAF,NM,ASW,WE,Federal Contract Tower,0,17,23,3,43,0,3,46,1,50,0,20,69,4,93,16,2,18,111
05/29/2014,SAF,NM,ASW,WE,Federal Contract Tower,0,22,21,2,45,0,0,30,9,39,0,22,51,11,84,40,10,50,134
05/30/2014,SAF,NM,ASW,WE,Federal Contract Tower,0,18,15,0,33,0,0,49,8,57,0,18,64,8,90,54,7,61,151
05/31/2014,SAF,NM,ASW,WE,Federal Contract Tower,0,20,14,0,34,0,2,65,0,67,0,22,79,0,101,90,0,90,191
06/01/2014,SAF,NM,ASW,WE,Federal Contract Tower,0,21,17,0,38,0,3,41,0,44,0,24,58,0,82,104,0,104,186
06/02/2014,SAF,NM,ASW,WE,Federal Contract Tower,0,23,10,0,33,0,6,59,0,65,0,29,69,0,98,82,0,82,180
06/03/2014,SAF,NM,ASW,WE,Federal Contract Tower,0,12,7,0,19,0,0,37,0,37,0,12,44,0,56,80,0,80,136
06/04/2014,SAF,NM,ASW,WE,Federal Contract Tower,0,16,20,0,36,0,0,42,0,42,0,16,62,0,78,92,0,92,170
06/05/2014,SAF,NM,ASW,WE,Federal Contract Tower,0,24,19,0,43,0,0,52,5,57,0,24,71,5,100,44,2,46,146
06/06/2014,SAF,NM,ASW,WE,Federal Contract Tower,0,22,27,2,51,0,2,27,4,33,0,24,54,6,84,26,4,30,114
06/07/2014,SAF,NM,ASW,WE,Federal Contract Tower,0,18,7,2,27,0,4,41,3,48,0,22,48,5,75,28,4,32,107
06/08/2014,SAF,NM,ASW,WE,Federal Contract Tower,0,21,39,0,60,0,1,54,0,55,0,22,93,0,115,144,0,144,259
06/09/2014,SAF,NM,ASW,WE,Federal Contract Tower,0,13,21,0,34,0,5,50,1,56,0,18,71,1,90,124,0,124,214
06/10/2014,SAF,NM,ASW,WE,Federal Contract Tower,0,20,17,0,37,0,1,66,2,69,0,21,83,2,106,160,0,160,266
06/11/2014,SAF,NM,ASW,WE,Federal Contract Tower,0,16,16,5,37,0,2,45,3,50,0,18,61,8,87,110,6,116,203
06/12/2014,SAF,NM,ASW,WE,Federal Contract Tower,0,28,15,0,43,0,6,45,4,55,0,34,60,4,98,118,16,134,232
06/13/2014,SAF,NM,ASW,WE,Federal Contract Tower,0,24,19,2,45,0,3,59,4,66,0,27,78,6,111,132,0,132,243
06/14/2014,SAF,NM,ASW,WE,Federal Contract Tower,0,17,11,0,28,0,5,57,0,62,0,22,68,0,90,56,0,56,146
06/15/2014,SAF,NM,ASW,WE,Federal Contract Tower,0,23,31,0,54,0,5,50,0,55,0,28,81,0,109,142,0,142,251
06/16/2014,SAF,NM,ASW,WE,Federal Contract Tower,0,22,24,3,49,0,2,48,0,50,0,24,72,3,99,40,18,58,157
06/17/2014,SAF,NM,ASW,WE,Federal Contract Tower,0,17,27,4,48,0,6,23,0,29,0,23,50,4,77,42,2,44,121
06/18/2014,SAF,NM,ASW,WE,Federal Contract Tower,0,21,15,6,42,0,1,51,11,63,0,22,66,17,105,94,26,120,225
06/19/2014,SAF,NM,ASW,WE,Federal Contract Tower,0,16,21,5,42,0,2,33,8,43,0,18,54,13,85,116,24,140,225
06/20/2014,SAF,NM,ASW,WE,Federal Contract Tower,0,26,25,0,51,0,3,49,0,52,0,29,74,0,103,62,0,62,165
06/21/2014,SAF,NM,ASW,WE,Federal Contract Tower,0,24,18,0,42,0,4,52,2,58,0,28,70,2,100,148,12,160,260
06/22/2014,SAF,NM,ASW,WE,Federal Contract Tower,0,25,21,1,47,0,5,73,1,79,0,30,94,2,126,66,6,72,198
06/23/2014,SAF,NM,ASW,WE,Federal Contract Tower,0,17,14,3,34,0,7,43,0,50,0,24,57,3,84,52,0,52,136
06/24/2014,SAF,NM,ASW,WE,Federal Contract Tower,0,14,13,2,29,0,8,50,4,62,0,22,63,6,91,90,2,92,183
06/25/2014,SAF,NM,ASW,WE,Federal Contract Tower,0,18,7,2,27,0,1,37,5,43,0,19,44,7,70,68,0,68,138
06/26/2014,SAF,NM,ASW,WE,Federal Contract Tower,0,25,35,4,64,0,2,43,4,49,0,27,78,8,113,52,4,56,169
06/27/2014,SAF,NM,ASW,WE,Federal Contract Tower,0,27,28,2,57,0,2,34,8,44,0,29,62,10,101,60,2,62,163
06/28/2014,SAF,NM,ASW,WE,Federal Contract Tower,0,19,18,5,42,0,3,68,13,84,0,22,86,18,126,90,62,152,278
06/29/2014,SAF,NM,ASW,WE,Federal Contract Tower,0,25,22,0,47,0,5,58,2,65,0,30,80,2,112,90,6,96,208
06/30/2014,SAF,NM,ASW,WE,Federal Contract Tower,0,26,25,0,51,0,1,55,5,61,0,27,80,5,112,58,10,68,180
07/01/2014,SAF,NM,ASW,WE,Federal Contract Tower,0,19,19,5,43,0,6,60,2,68,0,25,79,7,111,80,4,84,195
07/02/2014,SAF,NM,ASW,WE,Federal Contract Tower,0,16,24,2,42,0,7,41,6,54,0,23,65,8,96,58,14,72,168
07/03/2014,SAF,NM,ASW,WE,Federal Contract Tower,0,24,29,0,53,0,6,69,2,77,0,30,98,2,130,128,0,128,258
07/04/2014,SAF,NM,ASW,WE,Federal Contract Tower,0,14,8,0,22,0,2,41,0,43,0,16,49,0,65,54,0,54,119
07/05/2014,SAF,NM,ASW,WE,Federal Contract Tower,0,19,14,0,33,0,1,52,0,53,0,20,66,0,86,50,0,50,136
07/06/2014,SAF,NM,ASW,WE,Federal Contract Tower,0,25,30,0,55,0,2,61,0,63,0,27,91,0,118,90,0,90,208
07/07/2014,SAF,NM,ASW,WE,Federal Contract Tower,0,28,24,2,54,0,1,38,0,39,0,29,62,2,93,88,0,88,181
07/08/2014,SAF,NM,ASW,WE,Federal Contract Tower,0,25,28,2,55,0,2,37,0,39,0,27,65,2,94,38,0,38,132
07/09/2014,SAF,NM,ASW,WE,Federal Contract Tower,0,24,14,0,38,0,4,37,13,54,0,28,51,13,92,68,6,74,166
07/10/2014,SAF,NM,ASW,WE,Federal Contract Tower,0,32,16,0,48,0,3,49,7,59,0,35,65,7,107,70,10,80,187
07/11/2014,SAF,NM,ASW,WE,Federal Contract Tower,0,19,38,2,59,0,2,65,9,76,0,21,103,11,135,106,0,106,241
07/12/2014,SAF,NM,ASW,WE,Federal Contract Tower,0,23,11,5,39,0,1,69,5,75,0,24,80,10,114,134,8,142,256
07/13/2014,SAF,NM,ASW,WE,Federal Contract Tower,0,32,30,0,62,0,0,65,10,75,0,32,95,10,137,80,0,80,217
07/14/2014,SAF,NM,ASW,WE,Federal Contract Tower,0,23,38,0,61,0,5,45,4,54,0,28,83,4,115,80,0,80,195
07/15/2014,SAF,NM,ASW,WE,Federal Contract Tower,0,29,25,0,54,0,4,51,8,63,0,33,76,8,117,96,14,110,227
07/16/2014,SAF,NM,ASW,WE,Federal Contract Tower,0,30,24,0,54,0,2,62,3,67,0,32,86,3,121,96,4,100,221
07/17/2014,SAF,NM,ASW,WE,Federal Contract Tower,0,21,22,0,43,0,0,60,0,60,0,21,82,0,103,98,0,98,201
07/18/2014,SAF,NM,ASW,WE,Federal Contract Tower,0,23,25,0,48,0,0,61,0,61,0,23,86,0,109,96,16,112,221
07/19/2014,SAF,NM,ASW,WE,Federal Contract Tower,0,22,21,0,43,0,0,104,0,104,0,22,125,0,147,62,0,62,209
07/20/2014,SAF,NM,ASW,WE,Federal Contract Tower,0,20,33,2,55,0,4,61,14,79,0,24,94,16,134,100,0,100,234
07/21/2014,SAF,NM,ASW,WE,Federal Contract Tower,0,18,14,0,32,0,3,59,0,62,0,21,73,0,94,58,0,58,152
07/22/2014,SAF,NM,ASW,WE,Federal Contract Tower,0,25,21,2,48,0,3,44,5,52,0,28,65,7,100,84,28,112,212
07/23/2014,SAF,NM,ASW,WE,Federal Contract Tower,0,34,23,0,57,0,1,48,0,49,0,35,71,0,106,64,0,64,170
07/24/2014,SAF,NM,ASW,WE,Federal Contract Tower,0,26,33,0,59,0,2,36,3,41,0,28,69,3,100,30,22,52,152
07/25/2014,SAF,NM,ASW,WE,Federal Contract Tower,0,31,26,0,57,0,3,50,0,53,0,34,76,0,110,100,0,100,210
07/26/2014,SAF,NM,ASW,WE,Federal Contract Tower,0,22,18,0,40,0,0,58,1,59,0,22,76,1,99,38,0,38,137
07/27/2014,SAF,NM,ASW,WE,Federal Contract Tower,0,26,32,2,60,0,2,31,0,33,0,28,63,2,93,58,0,58,151
07/28/2014,SAF,NM,ASW,WE,Federal Contract Tower,0,28,22,4,54,0,0,43,3,46,0,28,65,7,100,154,10,164,264
07/29/2014,SAF,NM,ASW,WE,Federal Contract Tower,0,27,14,4,45,0,2,37,5,44,0,29,51,9,89,60,10,70,159
07/30/2014,SAF,NM,ASW,WE,Federal Contract Tower,0,26,31,0,57,0,2,48,2,52,0,28,79,2,109,122,2,124,233
07/31/2014,SAF,NM,ASW,WE,Federal Contract Tower,0,28,32,3,63,0,1,34,5,40,0,29,66,8,103,84,22,106,209
08/01/2014,SAF,NM,ASW,WE,Federal Contract Tower,0,22,28,2,52,0,0,58,5,63,0,22,86,7,115,162,0,162,277
08/02/2014,SAF,NM,ASW,WE,Federal Contract Tower,0,21,25,1,47,0,2,61,2,65,0,23,86,3,112,98,2,100,212
08/03/2014,SAF,NM,ASW,WE,Federal Contract Tower,0,20,29,3,52,0,1,82,10,93,0,21,111,13,145,112,2,114,259
08/04/2014,SAF,NM,ASW,WE,Federal Contract Tower,0,22,27,0,49,0,2,37,2,41,0,24,64,2,90,22,0,22,112
08/05/2014,SAF,NM,ASW,WE,Federal Contract Tower,0,14,23,8,45,0,5,63,6,74,0,19,86,14,119,120,26,146,265
08/06/2014,SAF,NM,ASW,WE,Federal Contract Tower,0,25,22,0,47,0,0,61,11,72,0,25,83,11,119,86,38,124,243
08/07/2014,SAF,NM,ASW,WE,Federal Contract Tower,0,25,26,6,57,0,2,46,12,60,0,27,72,18,117,72,46,118,235
08/08/2014,SAF,NM,ASW,WE,Federal Contract Tower,0,22,23,5,50,0,34,33,3,70,0,56,56,8,120,108,12,120,240
08/09/2014,SAF,NM,ASW,WE,Federal Contract Tower,0,15,15,1,31,0,1,52,1,54,0,16,67,2,85,64,0,64,149
08/10/2014,SAF,NM,ASW,WE,Federal Contract Tower,0,32,30,0,62,0,1,61,4,66,0,33,91,4,128,70,4,74,202
08/11/2014,SAF,NM,ASW,WE,Federal Contract Tower,0,23,15,3,41,0,10,56,11,77,0,33,71,14,118,126,8,134,252
08/12/2014,SAF,NM,ASW,WE,Federal Contract Tower,0,25,25,0,50,0,1,41,12,54,0,26,66,12,104,104,50,154,258
08/13/2014,SAF,NM,ASW,WE,Federal Contract Tower,0,30,21,3,54,0,3,33,8,44,0,33,54,11,98,46,10,56,154
08/14/2014,SAF,NM,ASW,WE,Federal Contract Tower,0,22,36,3,61,0,4,35,7,46,0,26,71,10,107,28,16,44,151
08/15/2014,SAF,NM,ASW,WE,Federal Contract Tower,0,21,31,4,56,0,0,40,13,53,0,21,71,17,109,70,2,72,181
08/16/2014,SAF,NM,ASW,WE,Federal Contract Tower,0,28,19,2,49,0,4,78,0,82,0,32,97,2,131,134,0,134,265
08/17/2014,SAF,NM,ASW,WE,Federal Contract Tower,0,33,28,1,62,0,2,41,0,43,0,35,69,1,105,38,0,38,143
08/18/2014,SAF,NM,ASW,WE,Federal Contract Tower,0,20,18,0,38,0,3,41,0,44,0,23,59,0,82,60,0,60,142
08/19/2014,SAF,NM,ASW,WE,Federal Contract Tower,0,23,20,5,48,0,0,45,8,53,0,23,65,13,101,126,20,146,247
08/20/2014,SAF,NM,ASW,WE,Federal Contract Tower,0,36,25,3,64,0,2,37,5,44,0,38,62,8,108,92,0,92,200
08/21/2014,SAF,NM,ASW,WE,Federal Contract Tower,0,23,36,6,65,0,8,38,8,54,0,31,74,14,119,60,12,72,191
08/22/2014,SAF,NM,ASW,WE,Federal Contract Tower,0,18,37,10,65,0,3,34,5,42,0,21,71,15,107,50,10,60,167
08/23/2014,SAF,NM,ASW,WE,Federal Contract Tower,0,20,12,3,35,0,1,78,0,79,0,21,90,3,114,66,0,66,180
08/24/2014,SAF,NM,ASW,WE,Federal Contract Tower,0,31,33,0,64,0,0,70,2,72,0,31,103,2,136,88,0,88,224
08/25/2014,SAF,NM,ASW,WE,Federal Contract Tower,0,27,21,2,50,0,5,47,3,55,0,32,68,5,105,84,14,98,203
08/26/2014,SAF,NM,ASW,WE,Federal Contract Tower,0,15,17,3,35,0,1,23,2,26,0,16,40,5,61,50,20,70,131
08/27/2014,SAF,NM,ASW,WE,Federal Contract Tower,0,19,24,0,43,0,0,20,5,25,0,19,44,5,68,52,12,64,132
08/28/2014,SAF,NM,ASW,WE,Federal Contract Tower,0,26,30,8,64,0,1,45,7,53,0,27,75,15,117,60,16,76,193
08/29/2014,SAF,NM,ASW,WE,Federal Contract Tower,0,21,38,0,59,0,0,58,0,58,0,21,96,0,117,78,0,78,195
08/30/2014,SAF,NM,ASW,WE,Federal Contract Tower,0,21,13,0,34,0,1,60,2,63,0,22,73,2,97,162,0,162,259
08/31/2014,SAF,NM,ASW,WE,Federal Contract Tower,0,20,15,0,35,0,2,45,0,47,0,22,60,0,82,36,0,36,118
09/01/2014,SAF,NM,ASW,WE,Federal Contract Tower,0,32,30,1,63,0,4,76,1,81,0,36,106,2,144,94,0,94,238
09/02/2014,SAF,NM,ASW,WE,Federal Contract Tower,0,16,4,0,20,0,0,44,4,48,0,16,48,4,68,148,0,148,216
09/03/2014,SAF,NM,ASW,WE,Federal Contract Tower,0,20,22,8,50,0,2,43,16,61,0,22,65,24,111,114,12,126,237
09/04/2014,SAF,NM,ASW,WE,Federal Contract Tower,0,21,32,5,58,0,5,64,1,70,0,26,96,6,128,76,42,118,246
09/05/2014,SAF,NM,ASW,WE,Federal Contract Tower,0,32,18,3,53,0,0,38,14,52,0,32,56,17,105,48,0,48,153
09/06/2014,SAF,NM,ASW,WE,Federal Contract Tower,0,14,17,1,32,0,2,30,0,32,0,16,47,1,64,72,2,74,138
09/07/2014,SAF,NM,ASW,WE,Federal Contract Tower,0,31,33,0,64,0,6,45,0,51,0,37,78,0,115,114,0,114,229
09/08/2014,SAF,NM,ASW,WE,Federal Contract Tower,0,20,19,5,44,0,3,27,5,35,0,23,46,10,79,38,6,44,123
09/09/2014,SAF,NM,ASW,WE,Federal Contract Tower,0,17,15,0,32,0,2,29,9,40,0,19,44,9,72,26,38,64,136
09/10/2014,SAF,NM,ASW,WE,Federal Contract Tower,0,33,26,3,62,0,2,39,7,48,0,35,65,10,110,46,12,58,168
09/11/2014,SAF,NM,ASW,WE,Federal Contract Tower,0,23,28,0,51,0,0,29,3,32,0,23,57,3,83,58,4,62,145
09/12/2014,SAF,NM,ASW,WE,Federal Contract Tower,0,19,25,7,51,0,1,16,3,20,0,20,41,10,71,62,14,76,147
09/13/2014,SAF,NM,ASW,WE,Federal Contract Tower,0,17,18,2,37,0,1,41,2,44,0,18,59,4,81,42,0,42,123
09/14/2014,SAF,NM,ASW,WE,Federal Contract Tower,0,19,23,2,44,0,2,81,2,85,0,21,104,4,129,96,30,126,255
09/15/2014,SAF,NM,ASW,WE,Federal Contract Tower,0,19,24,0,43,0,2,36,4,42,0,21,60,4,85,86,0,86,171
09/16/2014,SAF,NM,ASW,WE,Federal Contract Tower,0,21,22,0,43,0,2,39,8,49,0,23,61,8,92,82,10,92,184
09/17/2014,SAF,NM,ASW,WE,Federal Contract Tower,0,24,21,2,47,0,0,26,11,37,0,24,47,13,84,96,18,114,198
09/18/2014,SAF,NM,ASW,WE,Federal Contract Tower,0,31,34,1,66,0,2,36,2,40,0,33,70,3,106,74,4,78,184
09/19/2014,SAF,NM,ASW,WE,Federal Contract Tower,0,20,21,4,45,0,3,38,5,46,0,23,59,9,91,46,16,62,153
09/20/2014,SAF,NM,ASW,WE,Federal Contract Tower,0,23,16,4,43,0,4,52,1,57,0,27,68,5,100,72,0,72,172
09/21/2014,SAF,NM,ASW,WE,Federal Contract Tower,0,29,41,1,71,0,5,34,0,39,0,34,75,1,110,36,0,36,146
09/22/2014,SAF,NM,ASW,WE,Federal Contract Tower,0,23,16,0,39,0,0,13,0,13,0,23,29,0,52,80,0,80,132
09/23/2014,SAF,NM,ASW,WE,Federal Contract Tower,0,20,21,0,41,0,2,39,2,43,0,22,60,2,84,50,2,52,136
09/24/2014,SAF,NM,ASW,WE,Federal Contract Tower,0,25,24,3,52,0,7,54,7,68,0,32,78,10,120,142,0,142,262
09/25/2014,SAF,NM,ASW,WE,Federal Contract Tower,0,20,35,1,56,0,1,39,1,41,0,21,74,2,97,88,0,88,185
09/26/2014,SAF,NM,ASW,WE,Federal Contract Tower,0,21,26,7,54,0,4,61,3,68,0,25,87,10,122,112,4,116,238
09/27/2014,SAF,NM,ASW,WE,Federal Contract Tower,0,18,8,0,26,0,2,48,8,58,0,20,56,8,84,124,6,130,214
09/28/2014,SAF,NM,ASW,WE,Federal Contract Tower,0,22,39,0,61,0,0,31,0,31,0,22,70,0,92,86,0,86,178
09/29/2014,SAF,NM,ASW,WE,Federal Contract Tower,0,24,20,0,44,0,0,17,0,17,0,24,37,0,61,30,0,30,91
09/30/2014,SAF,NM,ASW,WE,Federal Contract Tower,0,27,19,0,46,0,2,55,2,59,0,29,74,2,105,150,6,156,261
10/01/2014,SAF,NM,ASW,WE,Federal Contract Tower,0,23,10,3,36,0,1,53,2,56,0,24,63,5,92,100,2,102,194
10/02/2014,SAF,NM,ASW,WE,Federal Contract Tower,0,32,15,2,49,0,0,43,0,43,0,32,58,2,92,64,0,64,156
10/03/2014,SAF,NM,ASW,WE,Federal Contract Tower,0,24,32,2,58,0,1,69,0,70,0,25,101,2,128,122,0,122,250
10/04/2014,SAF,NM,ASW,WE,Federal Contract Tower,0,21,29,0,50,0,7,77,0,84,0,28,106,0,134,106,0,106,240
10/05/2014,SAF,NM,ASW,WE,Federal Contract Tower,0,33,35,1,69,0,2,62,8,72,0,35,97,9,141,84,16,100,241
10/06/2014,SAF,NM,ASW,WE,Federal Contract Tower,0,21,25,0,46,0,2,43,2,47,0,23,68,2,93,102,0,102,195
10/07/2014,SAF,NM,ASW,WE,Federal Contract Tower,0,25,33,1,59,0,4,89,3,96,0,29,122,4,155,80,6,86,241
10/08/2014,SAF,NM,ASW,WE,Federal Contract Tower,0,22,6,2,30,0,5,30,6,41,0,27,36,8,71,46,0,46,117
10/09/2014,SAF,NM,ASW,WE,Federal Contract Tower,0,27,19,2,48,0,1,19,0,20,0,28,38,2,68,0,0,0,68
10/10/2014,SAF,NM,ASW,WE,Federal Contract Tower,0,22,26,2,50,0,0,3,0,3,0,22,29,2,53,12,0,12,65
10/11/2014,SAF,NM,ASW,WE,Federal Contract Tower,0,20,9,0,29,0,5,61,6,72,0,25,70,6,101,122,6,128,229
10/12/2014,SAF,NM,ASW,WE,Federal Contract Tower,0,25,31,5,61,0,2,26,0,28,0,27,57,5,89,66,0,66,155
10/13/2014,SAF,NM,ASW,WE,Federal Contract Tower,0,20,15,0,35,0,0,25,0,25,0,20,40,0,60,86,0,86,146
10/14/2014,SAF,NM,ASW,WE,Federal Contract Tower,0,14,12,0,26,0,6,44,0,50,0,20,56,0,76,122,0,122,198
10/15/2014,SAF,NM,ASW,WE,Federal Contract Tower,0,23,20,0,43,0,4,50,0,54,0,27,70,0,97,96,0,96,193
10/16/2014,SAF,NM,ASW,WE,Federal Contract Tower,0,24,24,0,48,0,12,33,0,45,0,36,57,0,93,118,0,118,211
10/17/2014,SAF,NM,ASW,WE,Federal Contract Tower,0,23,23,6,52,0,1,62,0,63,0,24,85,6,115,106,4,110,225
10/18/2014,SAF,NM,ASW,WE,Federal Contract Tower,0,21,16,2,39,0,0,35,9,44,0,21,51,11,83,94,0,94,177
10/19/2014,SAF,NM,ASW,WE,Federal Contract Tower,0,29,15,0,44,0,2,39,1,42,0,31,54,1,86,88,0,88,174
10/20/2014,SAF,NM,ASW,WE,Federal Contract Tower,0,24,18,0,42,0,3,35,3,41,0,27,53,3,83,86,0,86,169
10/21/2014,SAF,NM,ASW,WE,Federal Contract Tower,0,18,21,2,41,0,2,28,11,41,0,20,49,13,82,78,24,102,184
10/22/2014,SAF,NM,ASW,WE,Federal Contract Tower,0,20,21,0,41,0,0,35,10,45,0,20,56,10,86,130,18,148,234
10/23/2014,SAF,NM,ASW,WE,Federal Contract Tower,0,24,23,2,49,0,4,63,10,77,0,28,86,12,126,78,70,148,274
10/24/2014,SAF,NM,ASW,WE,Federal Contract Tower,0,18,23,3,44,0,4,56,15,75,0,22,79,18,119,46,0,46,165
10/25/2014,SAF,NM,ASW,WE,Federal Contract Tower,0,17,14,0,31,0,3,90,0,93,0,20,104,0,124,200,0,200,324
10/26/2014,SAF,NM,ASW,WE,Federal Contract Tower,0,19,15,0,34,0,1,37,0,38,0,20,52,0,72,64,0,64,136
10/27/2014,SAF,NM,ASW,WE,Federal Contract Tower,0,15,12,0,27,0,2,43,0,45,0,17,55,0,72,126,0,126,198
10/28/2014,SAF,NM,ASW,WE,Federal Contract Tower,0,21,15,3,39,0,2,41,10,53,0,23,56,13,92,64,14,78,170
10/29/2014,SAF,NM,ASW,WE,Federal Contract Tower,0,25,18,2,45,0,5,38,20,63,0,30,56,22,108,68,34,102,210
10/30/2014,SAF,NM,ASW,WE,Federal Contract Tower,0,24,28,4,56,0,3,46,5,54,0,27,74,9,110,80,0,80,190
10/31/2014,SAF,NM,ASW,WE,Federal Contract Tower,0,21,16,10,47,0,3,51,6,60,0,24,67,16,107,102,2,104,211
11/01/2014,SAF,NM,ASW,WE,Federal Contract Tower,0,13,13,5,31,0,8,61,12,81,0,21,74,17,112,132,12,144,256
11/02/2014,SAF,NM,ASW,WE,Federal Contract Tower,0,31,19,3,53,0,3,9,7,19,0,34,28,10,72,2,10,12,84
11/03/2014,SAF,NM,ASW,WE,Federal Contract Tower,0,27,18,1,46,0,1,21,4,26,0,28,39,5,72,82,20,102,174
11/04/2014,SAF,NM,ASW,WE,Federal Contract Tower,0,18,14,15,47,0,4,44,16,64,0,22,58,31,111,140,70,210,321
11/05/2014,SAF,NM,ASW,WE,Federal Contract Tower,0,23,27,0,50,0,3,39,9,51,0,26,66,9,101,92,16,108,209
11/06/2014,SAF,NM,ASW,WE,Federal Contract Tower,0,22,16,2,40,0,0,50,13,63,0,22,66,15,103,98,42,140,243
11/07/2014,SAF,NM,ASW,WE,Federal Contract Tower,0,18,20,3,41,0,1,49,5,55,0,19,69,8,96,138,0,138,234
11/08/2014,SAF,NM,ASW,WE,Federal Contract Tower,0,14,10,1,25,0,5,91,1,97,0,19,101,2,122,176,0,176,298
11/09/2014,SAF,NM,ASW,WE,Federal Contract Tower,0,23,27,0,50,0,0,56,1,57,0,23,83,1,107,54,0,54,161
11/10/2014,SAF,NM,ASW,WE,Federal Contract Tower,0,16,7,0,23,0,8,29,0,37,0,24,36,0,60,116,0,116,176
11/11/2014,SAF,NM,ASW,WE,Federal Contract Tower,0,10,21,0,31,0,6,43,10,59,0,16,64,10,90,178,46,224,314
11/12/2014,SAF,NM,ASW,WE,Federal Contract Tower,0,13,20,2,35,0,1,12,2,15,0,14,32,4,50,4,0,4,54
11/13/2014,SAF,NM,ASW,WE,Federal Contract Tower,0,13,19,4,36,0,2,14,25,41,0,15,33,29,77,68,72,140,217
11/14/2014,SAF,NM,ASW,WE,Federal Contract Tower,0,20,16,2,38,0,1,47,7,55,0,21,63,9,93,166,0,166,259
11/15/2014,SAF,NM,ASW,WE,Federal Contract Tower,0,16,5,0,21,0,4,39,2,45,0,20,44,2,66,84,0,84,150
11/16/2014,SAF,NM,ASW,WE,Federal Contract Tower,0,10,16,1,27,0,1,8,1,10,0,11,24,2,37,18,0,18,55
11/17/2014,SAF,NM,ASW,WE,Federal Contract Tower,0,19,14,3,36,0,0,33,20,53,0,19,47,23,89,148,20,168,257
11/18/2014,SAF,NM,ASW,WE,Federal Contract Tower,0,11,15,1,27,0,3,44,18,65,0,14,59,19,92,158,16,174,266
11/19/2014,SAF,NM,ASW,WE,Federal Contract Tower,0,19,19,4,42,0,5,42,11,58,0,24,61,15,100,108,10,118,218
11/20/2014,SAF,NM,ASW,WE,Federal Contract Tower,0,17,10,3,30,0,5,34,6,45,0,22,44,9,75,192,8,200,275
11/21/2014,SAF,NM,ASW,WE,Federal Contract Tower,0,19,15,10,44,0,0,45,2,47,0,19,60,12,91,102,0,102,193
11/22/2014,SAF,NM,ASW,WE,Federal Contract Tower,0,18,11,5,34,0,2,48,5,55,0,20,59,10,89,92,16,108,197
11/23/2014,SAF,NM,ASW,WE,Federal Contract Tower,0,16,19,6,41,0,2,9,0,11,0,18,28,6,52,2,0,2,54
11/24/2014,SAF,NM,ASW,WE,Federal Contract Tower,0,21,4,3,28,0,1,22,10,33,0,22,26,13,61,62,24,86,147
11/25/2014,SAF,NM,ASW,WE,Federal Contract Tower,0,20,18,6,44,0,4,51,6,61,0,24,69,12,105,111,16,127,232
11/26/2014,SAF,NM,ASW,WE,Federal Contract Tower,0,24,16,0,40,0,2,44,0,46,0,26,60,0,86,72,0,72,158
11/27/2014,SAF,NM,ASW,WE,Federal Contract Tower,0,14,3,0,17,0,0,14,0,14,0,14,17,0,31,34,0,34,65
11/28/2014,SAF,NM,ASW,WE,Federal Contract Tower,0,17,10,0,27,0,0,62,1,63,0,17,72,1,90,124,0,124,214
11/29/2014,SAF,NM,ASW,WE,Federal Contract Tower,0,18,23,0,41,0,2,36,0,38,0,20,59,0,79,96,0,96,175
11/30/2014,SAF,NM,ASW,WE,Federal Contract Tower,0,25,26,0,51,0,0,40,0,40,0,25,66,0,91,86,0,86,177
12/01/2014,SAF,NM,ASW,WE,Federal Contract Tower,0,10,6,1,17,0,4,33,6,43,0,14,39,7,60,76,6,82,142
12/02/2014,SAF,NM,ASW,WE,Federal Contract Tower,0,8,11,3,22,0,3,43,5,51,0,11,54,8,73,56,0,56,129
12/03/2014,SAF,NM,ASW,WE,Federal Contract Tower,0,11,9,6,26,0,7,43,7,57,0,18,52,13,83,102,24,126,209
12/04/2014,SAF,NM,ASW,WE,Federal Contract Tower,0,17,17,2,36,0,1,8,0,9,0,18,25,2,45,22,0,22,67
12/05/2014,SAF,NM,ASW,WE,Federal Contract Tower,0,11,13,0,24,0,5,34,5,44,0,16,47,5,68,36,2,38,106
12/06/2014,SAF,NM,ASW,WE,Federal Contract Tower,0,7,7,2,16,0,1,40,2,43,0,8,47,4,59,64,4,68,127
12/07/2014,SAF,NM,ASW,WE,Federal Contract Tower,0,15,16,1,32,0,6,58,0,64,0,21,74,1,96,128,0,128,224
12/08/2014,SAF,NM,ASW,WE,Federal Contract Tower,0,16,11,5,32,0,0,49,6,55,0,16,60,11,87,80,20,100,187
12/09/2014,SAF,NM,ASW,WE,Federal Contract Tower,0,9,15,13,37,0,3,47,10,60,0,12,62,23,97,134,56,190,287
12/10/2014,SAF,NM,ASW,WE,Federal Contract Tower,0,10,8,1,19,0,5,47,11,63,0,15,55,12,82,100,20,120,202
12/11/2014,SAF,NM,ASW,WE,Federal Contract Tower,0,19,21,4,44,0,1,47,11,59,0,20,68,15,103,52,32,84,187
12/12/2014,SAF,NM,ASW,WE,Federal Contract Tower,0,11,22,2,35,0,2,48,2,52,0,13,70,4,87,128,12,140,227
12/13/2014,SAF,NM,ASW,WE,Federal Contract Tower,0,9,10,0,19,0,1,43,4,48,0,10,53,4,67,102,0,102,169
12/14/2014,SAF,NM,ASW,WE,Federal Contract Tower,0,14,7,0,21,0,2,0,3,5,0,16,7,3,26,0,0,0,26
12/15/2014,SAF,NM,ASW,WE,Federal Contract Tower,0,12,9,9,30,0,4,36,8,48,0,16,45,17,78,88,0,88,166
12/16/2014,SAF,NM,ASW,WE,Federal Contract Tower,0,11,12,3,26,0,11,44,9,64,0,22,56,12,90,90,30,120,210
12/17/2014,SAF,NM,ASW,WE,Federal Contract Tower,0,10,21,2,33,0,0,0,0,0,0,10,21,2,33,0,0,0,33
12/18/2014,SAF,NM,ASW,WE,Federal Contract Tower,0,19,23,1,43,0,0,25,2,27,0,19,48,3,70,94,8,102,172
12/19/2014,SAF,NM,ASW,WE,Federal Contract Tower,0,16,20,4,40,0,2,41,3,46,0,18,61,7,86,128,0,128,214
12/20/2014,SAF,NM,ASW,WE,Federal Contract Tower,0,20,10,6,36,0,5,55,0,60,0,25,65,6,96,136,0,136,232
12/21/2014,SAF,NM,ASW,WE,Federal Contract Tower,0,23,15,1,39,0,3,19,1,23,0,26,34,2,62,62,0,62,124
12/22/2014,SAF,NM,ASW,WE,Federal Contract Tower,0,25,18,2,45,0,3,23,0,26,0,28,41,2,71,32,0,32,103
12/23/2014,SAF,NM,ASW,WE,Federal Contract Tower,0,29,17,2,48,0,1,27,15,43,0,30,44,17,91,44,68,112,203
12/24/2014,SAF,NM,ASW,WE,Federal Contract Tower,0,21,14,0,35,0,2,34,0,36,0,23,48,0,71,52,0,52,123
12/25/2014,SAF,NM,ASW,WE,Federal Contract Tower,0,14,2,0,16,0,2,6,0,8,0,16,8,0,24,10,0,10,34
12/26/2014,SAF,NM,ASW,WE,Federal Contract Tower,0,26,24,0,50,0,5,4,0,9,0,31,28,0,59,16,0,16,75
12/27/2014,SAF,NM,ASW,WE,Federal Contract Tower,0,17,30,0,47,0,0,62,0,62,0,17,92,0,109,122,0,122,231
12/28/2014,SAF,NM,ASW,WE,Federal Contract Tower,0,24,28,0,52,0,9,41,0,50,0,33,69,0,102,122,0,122,224
12/29/2014,SAF,NM,ASW,WE,Federal Contract Tower,0,24,15,0,39,0,2,65,6,73,0,26,80,6,112,146,14,160,272
12/30/2014,SAF,NM,ASW,WE,Federal Contract Tower,0,17,16,2,35,0,2,1,4,7,0,19,17,6,42,0,14,14,56
12/31/2014,SAF,NM,ASW,WE,Federal Contract Tower,0,22,13,2,37,0,10,19,0,29,0,32,32,2,66,78,8,86,152
01/01/2015,SAF,NM,ASW,WE,Federal Contract Tower,0,9,9,0,18,0,0,11,0,11,0,9,20,0,29,30,0,30,59
01/02/2015,SAF,NM,ASW,WE,Federal Contract Tower,0,17,21,0,38,0,3,35,0,38,0,20,56,0,76,130,0,130,206
01/03/2015,SAF,NM,ASW,WE,Federal Contract Tower,0,13,29,0,42,0,5,49,3,57,0,18,78,3,99,122,4,126,225
01/04/2015,SAF,NM,ASW,WE,Federal Contract Tower,0,30,30,0,60,0,67,0,0,67,0,97,30,0,127,118,0,118,245
01/05/2015,SAF,NM,ASW,WE,Federal Contract Tower,0,21,26,0,47,0,1,29,6,36,0,22,55,6,83,126,6,132,215
01/06/2015,SAF,NM,ASW,WE,Federal Contract Tower,0,12,15,4,31,0,7,43,14,64,0,19,58,18,95,64,26,90,185
01/07/2015,SAF,NM,ASW,WE,Federal Contract Tower,0,18,8,2,28,0,2,15,9,26,0,20,23,11,54,46,4,50,104
01/08/2015,SAF,NM,ASW,WE,Federal Contract Tower,0,14,19,2,35,0,2,42,25,69,0,16,61,27,104,112,0,112,216
01/09/2015,SAF,NM,ASW,WE,Federal Contract Tower,0,26,14,4,44,0,4,7,0,11,0,30,21,4,55,30,0,30,85
01/10/2015,SAF,NM,ASW,WE,Federal Contract Tower,0,15,2,16,33,0,1,24,11,36,0,16,26,27,69,86,62,148,217
01/11/2015,SAF,NM,ASW,WE,Federal Contract Tower,0,21,8,3,32,0,0,18,0,18,0,21,26,3,50,52,0,52,102
01/12/2015,SAF,NM,ASW,WE,Federal Contract Tower,0,7,2,2,11,0,0,19,0,19,0,7,21,2,30,64,0,64,94
01/13/2015,SAF,NM,ASW,WE,Federal Contract Tower,0,7,11,0,18,0,0,2,0,2,0,7,13,0,20,16,0,16,36
01/14/2015,SAF,NM,ASW,WE,Federal Contract Tower,0,10,9,1,20,0,2,5,15,22,0,12,14,16,42,4,34,38,80
01/15/2015,SAF,NM,ASW,WE,Federal Contract Tower,0,16,27,11,54,0,14,49,18,81,0,30,76,29,135,142,80,222,357
01/16/2015,SAF,NM,ASW,WE,Federal Contract Tower,0,11,21,14,46,0,1,49,7,57,0,12,70,21,103,106,52,158,261
01/17/2015,SAF,NM,ASW,WE,Federal Contract Tower,0,11,11,3,25,0,5,37,8,50,0,16,48,11,75,156,30,186,261
01/18/2015,SAF,NM,ASW,WE,Federal Contract Tower,0,22,10,0,32,0,1,61,5,67,0,23,71,5,99,114,0,114,213
01/19/2015,SAF,NM,ASW,WE,Federal Contract Tower,0,12,14,2,28,0,0,61,8,69,0,12,75,10,97,180,14,194,291
01/20/2015,SAF,NM,ASW,WE,Federal Contract Tower,0,23,9,3,35,0,6,50,3,59,0,29,59,6,94,98,20,118,212
01/21/2015,SAF,NM,ASW,WE,Federal Contract Tower,0,8,8,1,17,0,0,0,0,0,0,8,8,1,17,0,0,0,17
01/22/2015,SAF,NM,ASW,WE,Federal Contract Tower,0,12,10,1,23,0,12,7,19,38,0,24,17,20,61,18,86,104,165
01/23/2015,SAF,NM,ASW,WE,Federal Contract Tower,0,13,7,11,31,0,4,40,15,59,0,17,47,26,90,108,54,162,252
01/24/2015,SAF,NM,ASW,WE,Federal Contract Tower,0,4,7,11,22,0,4,46,4,54,0,8,53,15,76,126,6,132,208
01/25/2015,SAF,NM,ASW,WE,Federal Contract Tower,0,11,9,0,20,0,4,67,6,77,0,15,76,6,97,146,14,160,257
01/26/2015,SAF,NM,ASW,WE,Federal Contract Tower,0,15,14,6,35,0,0,32,17,49,0,15,46,23,84,70,68,138,222
01/27/2015,SAF,NM,ASW,WE,Federal Contract Tower,0,11,19,15,45,0,2,40,14,56,0,13,59,29,101,102,58,160,261
01/28/2015,SAF,NM,ASW,WE,Federal Contract Tower,0,11,15,6,32,0,2,42,13,57,0,13,57,19,89,46,38,84,173
01/29/2015,SAF,NM,ASW,WE,Federal Contract Tower,0,21,15,1,37,0,3,23,4,30,0,24,38,5,67,104,0,104,171
01/30/2015,SAF,NM,ASW,WE,Federal Contract Tower,0,4,4,0,8,0,0,0,0,0,0,4,4,0,8,0,0,0,8
01/31/2015,SAF,NM,ASW,WE,Federal Contract Tower,0,4,2,0,6,0,0,1,0,1,0,4,3,0,7,4,0,4,11
02/01/2015,SAF,NM,ASW,WE,Federal Contract Tower,0,10,21,0,31,0,3,31,0,34,0,13,52,0,65,66,0,66,131
02/02/2015,SAF,NM,ASW,WE,Federal Contract Tower,0,22,18,3,43,0,0,39,8,47,0,22,57,11,90,80,40,120,210
02/03/2015,SAF,NM,ASW,WE,Federal Contract Tower,0,14,5,5,24,0,3,55,4,62,0,17,60,9,86,172,8,180,266
02/04/2015,SAF,NM,ASW,WE,Federal Contract Tower,0,16,17,4,37,0,1,35,7,43,0,17,52,11,80,132,20,152,232
02/05/2015,SAF,NM,ASW,WE,Federal Contract Tower,0,16,17,14,47,0,1,56,20,77,0,17,73,34,124,134,112,246,370
02/06/2015,SAF,NM,ASW,WE,Federal Contract Tower,0,21,19,12,52,0,2,62,4,68,0,23,81,16,120,112,29,141,261
02/07/2015,SAF,NM,ASW,WE,Federal Contract Tower,0,6,7,11,24,1,8,35,22,66,1,14,42,33,90,119,8,127,217
02/08/2015,SAF,NM,ASW,WE,Federal Contract Tower,0,15,17,10,42,0,0,66,14,80,0,15,83,24,122,152,18,170,292
02/09/2015,SAF,NM,ASW,WE,Federal Contract Tower,0,13,13,12,38,0,1,42,13,56,0,14,55,25,94,46,22,68,162
02/10/2015,SAF,NM,ASW,WE,Federal Contract Tower,0,15,13,2,30,0,1,55,6,62,0,16,68,8,92,88,14,102,194
02/11/2015,SAF,NM,ASW,WE,Federal Contract Tower,0,13,12,0,25,0,1,4,4,9,0,14,16,4,34,0,0,0,34
02/12/2015,SAF,NM,ASW,WE,Federal Contract Tower,0,21,17,2,40,0,5,43,8,56,0,26,60,10,96,56,34,90,186
02/13/2015,SAF,NM,ASW,WE,Federal Contract Tower,0,20,22,1,43,0,3,39,5,47,0,23,61,6,90,50,2,52,142
02/14/2015,SAF,NM,ASW,WE,Federal Contract Tower,0,13,9,2,24,0,8,74,0,82,0,21,83,2,106,114,0,114,220
02/15/2015,SAF,NM,ASW,WE,Federal Contract Tower,0,13,20,0,33,0,4,59,0,63,0,17,79,0,96,154,0,154,250
02/16/2015,SAF,NM,ASW,WE,Federal Contract Tower,0,12,18,1,31,0,3,52,5,60,0,15,70,6,91,94,38,132,223
02/17/2015,SAF,NM,ASW,WE,Federal Contract Tower,0,21,13,2,36,0,4,38,6,48,0,25,51,8,84,56,44,100,184
02/18/2015,SAF,NM,ASW,WE,Federal Contract Tower,0,15,28,2,45,0,3,40,9,52,0,18,68,11,97,68,4,72,169
02/19/2015,SAF,NM,ASW,WE,Federal Contract Tower,0,27,18,0,45,0,3,45,15,63,0,30,63,15,108,94,18,112,220
02/20/2015,SAF,NM,ASW,WE,Federal Contract Tower,0,16,10,0,26,0,6,44,9,59,0,22,54,9,85,80,6,86,171
02/21/2015,SAF,NM,ASW,WE,Federal Contract Tower,0,17,14,8,39,0,2,53,1,56,0,19,67,9,95,86,16,102,197
02/22/2015,SAF,NM,ASW,WE,Federal Contract Tower,0,14,14,5,33,0,0,7,1,8,0,14,21,6,41,50,0,50,91
02/23/2015,SAF,NM,ASW,WE,Federal Contract Tower,0,8,18,0,26,0,0,4,0,4,0,8,22,0,30,42,0,42,72
02/24/2015,SAF,NM,ASW,WE,Federal Contract Tower,0,10,19,2,31,0,2,6,6,14,0,12,25,8,45,22,36,58,103
02/25/2015,SAF,NM,ASW,WE,Federal Contract Tower,0,21,24,6,51,0,4,56,8,68,0,25,80,14,119,140,2,142,261
02/26/2015,SAF,NM,ASW,WE,Federal Contract Tower,0,18,16,2,36,0,0,5,4,9,0,18,21,6,45,30,18,48,93
02/27/2015,SAF,NM,ASW,WE,Federal Contract Tower,0,12,15,4,31,0,1,0,0,1,0,13,15,4,32,0,0,0,32
02/28/2015,SAF,NM,ASW,WE,Federal Contract Tower,0,4,1,0,5,0,2,0,0,2,0,6,1,0,7,0,0,0,7
03/01/2015,SAF,NM,ASW,WE,Federal Contract Tower,0,23,20,0,43,0,0,27,0,27,0,23,47,0,70,74,0,74,144
03/02/2015,SAF,NM,ASW,WE,Federal Contract Tower,0,15,10,0,25,0,0,11,0,11,0,15,21,0,36,58,0,58,94
03/03/2015,SAF,NM,ASW,WE,Federal Contract Tower,0,14,10,6,30,0,42,2,0,44,0,56,12,6,74,180,12,192,266
03/04/2015,SAF,NM,ASW,WE,Federal Contract Tower,0,13,11,0,24,0,0,27,4,31,0,13,38,4,55,106,16,122,177
03/05/2015,SAF,NM,ASW,WE,Federal Contract Tower,0,10,18,2,30,0,2,57,7,66,0,12,75,9,96,128,40,168,264
03/06/2015,SAF,NM,ASW,WE,Federal Contract Tower,0,21,25,2,48,0,0,83,0,83,0,21,108,2,131,184,0,184,315
03/07/2015,SAF,NM,ASW,WE,Federal Contract Tower,0,18,21,10,49,0,0,81,6,87,0,18,102,16,136,156,16,172,308
03/08/2015,SAF,NM,ASW,WE,Federal Contract Tower,0,17,24,2,43,0,0,90,6,96,0,17,114,8,139,204,4,208,347
03/09/2015,SAF,NM,ASW,WE,Federal Contract Tower,0,13,17,0,30,0,2,47,0,49,0,15,64,0,79,138,0,138,217
03/10/2015,SAF,NM,ASW,WE,Federal Contract Tower,0,20,15,0,35,0,3,50,1,54,0,23,65,1,89,152,0,152,241
03/11/2015,SAF,NM,ASW,WE,Federal Contract Tower,0,12,9,0,21,0,0,54,11,65,0,12,63,11,86,90,10,100,186
03/12/2015,SAF,NM,ASW,WE,Federal Contract Tower,0,13,8,13,34,0,1,34,33,68,0,14,42,46,102,104,10,114,216
03/13/2015,SAF,NM,ASW,WE,Federal Contract Tower,0,19,14,0,33,0,0,34,4,38,0,19,48,4,71,92,0,92,163
03/14/2015,SAF,NM,ASW,WE,Federal Contract Tower,0,24,15,8,47,0,2,79,2,83,0,26,94,10,130,176,0,176,306
03/15/2015,SAF,NM,ASW,WE,Federal Contract Tower,0,25,21,0,46,0,1,82,2,85,0,26,103,2,131,98,0,98,229
03/16/2015,SAF,NM,ASW,WE,Federal Contract Tower,0,17,13,0,30,0,0,60,4,64,0,17,73,4,94,126,0,126,220
03/17/2015,SAF,NM,ASW,WE,Federal Contract Tower,0,17,9,2,28,0,5,38,0,43,0,22,47,2,71,102,0,102,173
03/18/2015,SAF,NM,ASW,WE,Federal Contract Tower,0,19,11,2,32,0,3,32,2,37,0,22,43,4,69,78,0,78,147
03/19/2015,SAF,NM,ASW,WE,Federal Contract Tower,0,19,27,0,46,0,0,12,0,12,0,19,39,0,58,16,0,16,74
03/20/2015,SAF,NM,ASW,WE,Federal Contract Tower,0,19,22,6,47,0,2,4,0,6,0,21,26,6,53,76,0,76,129
03/21/2015,SAF,NM,ASW,WE,Federal Contract Tower,0,15,17,2,34,0,4,65,7,76,0,19,82,9,110,146,2,148,258
03/22/2015,SAF,NM,ASW,WE,Federal Contract Tower,0,15,23,0,38,0,8,75,1,84,0,23,98,1,122,122,0,122,244
03/23/2015,SAF,NM,ASW,WE,Federal Contract Tower,0,14,27,3,44,0,3,35,4,42,0,17,62,7,86,70,2,72,158
03/24/2015,SAF,NM,ASW,WE,Federal Contract Tower,0,18,25,3,46,0,3,38,1,42,0,21,63,4,88,102,6,108,196
03/25/2015,SAF,NM,ASW,WE,Federal Contract Tower,0,19,12,2,33,0,2,32,3,37,0,21,44,5,70,76,8,84,154
03/26/2015,SAF,NM,ASW,WE,Federal Contract Tower,0,23,20,5,48,0,1,55,1,57,0,24,75,6,105,156,8,164,269
03/27/2015,SAF,NM,ASW,WE,Federal Contract Tower,0,16,15,7,38,0,1,71,4,76,0,17,86,11,114,80,8,88,202
03/28/2015,SAF,NM,ASW,WE,Federal Contract Tower,0,10,21,4,35,0,0,61,4,65,0,10,82,8,100,134,10,144,244
03/29/2015,SAF,NM,ASW,WE,Federal Contract Tower,0,21,23,0,44,0,3,87,0,90,0,24,110,0,134,114,0,114,248
03/30/2015,SAF,NM,ASW,WE,Federal Contract Tower,0,16,14,0,30,0,0,31,2,33,0,16,45,2,63,88,0,88,151
03/31/2015,SAF,NM,ASW,WE,Federal Contract Tower,0,19,13,3,35,0,3,42,7,52,0,22,55,10,87,106,2,108,195
04/01/2015,SAF,NM,ASW,WE,Federal Contract Tower,0,18,14,1,33,0,0,34,2,36,0,18,48,3,69,74,0,74,143
04/02/2015,SAF,NM,ASW,WE,Federal Contract Tower,0,19,18,1,38,0,7,20,7,34,0,26,38,8,72,40,10,50,122
04/03/2015,SAF,NM,ASW,WE,Federal Contract Tower,0,13,14,5,32,0,3,59,9,71,0,16,73,14,103,94,6,100,203
04/04/2015,SAF,NM,ASW,WE,Federal Contract Tower,0,18,11,0,29,0,1,42,1,44,0,19,53,1,73,154,0,154,227
04/05/2015,SAF,NM,ASW,WE,Federal Contract Tower,0,19,10,0,29,0,2,38,0,40,0,21,48,0,69,34,0,34,103
04/06/2015,SAF,NM,ASW,WE,Federal Contract Tower,0,21,16,0,37,0,2,49,2,53,0,23,65,2,90,66,0,66,156
04/07/2015,SAF,NM,ASW,WE,Federal Contract Tower,0,21,9,3,33,0,2,41,7,50,0,23,50,10,83,116,36,152,235
04/08/2015,SAF,NM,ASW,WE,Federal Contract Tower,0,24,18,2,44,0,0,29,12,41,0,24,47,14,85,72,8,80,165
04/09/2015,SAF,NM,ASW,WE,Federal Contract Tower,0,17,14,3,34,0,2,46,9,57,0,19,60,12,91,90,2,92,183
04/10/2015,SAF,NM,ASW,WE,Federal Contract Tower,0,17,24,1,42,0,6,38,6,50,0,23,62,7,92,56,0,56,148
04/11/2015,SAF,NM,ASW,WE,Federal Contract Tower,0,13,12,2,27,0,0,48,4,52,0,13,60,6,79,56,10,66,145
04/12/2015,SAF,NM,ASW,WE,Federal Contract Tower,0,20,27,3,50,0,0,51,3,54,0,20,78,6,104,92,10,102,206
04/13/2015,SAF,NM,ASW,WE,Federal Contract Tower,0,17,19,0,36,0,0,30,3,33,0,17,49,3,69,58,2,60,129
04/14/2015,SAF,NM,ASW,WE,Federal Contract Tower,0,21,14,1,36,0,0,73,4,77,0,21,87,5,113,188,0,188,301
04/15/2015,SAF,NM,ASW,WE,Federal Contract Tower,0,22,10,2,34,0,0,26,9,35,0,22,36,11,69,46,0,46,115
04/16/2015,SAF,NM,ASW,WE,Federal Contract Tower,0,21,14,3,38,0,0,38,5,43,0,21,52,8,81,170,16,186,267
04/17/2015,SAF,NM,ASW,WE,Federal Contract Tower,0,15,20,10,45,0,1,46,7,54,0,16,66,17,99,102,10,112,211
04/18/2015,SAF,NM,ASW,WE,Federal Contract Tower,0,14,2,1,17,0,3,12,1,16,0,17,14,2,33,44,16,60,93
04/19/2015,SAF,NM,ASW,WE,Federal Contract Tower,0,23,12,0,35,0,4,49,6,59,0,27,61,6,94,40,0,40,134
04/20/2015,SAF,NM,ASW,WE,Federal Contract Tower,0,16,14,3,33,0,4,45,0,49,0,20,59,3,82,126,0,126,208
04/21/2015,SAF,NM,ASW,WE,Federal Contract Tower,0,14,17,2,33,0,3,67,7,77,0,17,84,9,110,190,26,216,326
04/22/2015,SAF,NM,ASW,WE,Federal Contract Tower,0,16,16,0,32,0,2,57,4,63,0,18,73,4,95,132,2,134,229
04/23/2015,SAF,NM,ASW,WE,Federal Contract Tower,0,15,16,1,32,0,0,53,0,53,0,15,69,1,85,94,0,94,179
04/24/2015,SAF,NM,ASW,WE,Federal Contract Tower,0,16,19,8,43,0,0,13,3,16,0,16,32,11,59,36,0,36,95
04/25/2015,SAF,NM,ASW,WE,Federal Contract Tower,0,14,12,25,51,0,0,48,3,51,0,14,60,28,102,110,10,120,222
04/26/2015,SAF,NM,ASW,WE,Federal Contract Tower,0,19,22,2,43,0,0,7,0,7,0,19,29,2,50,20,0,20,70
04/27/2015,SAF,NM,ASW,WE,Federal Contract Tower,0,16,20,1,37,0,2,19,3,24,0,18,39,4,61,40,0,40,101
04/28/2015,SAF,NM,ASW,WE,Federal Contract Tower,0,16,20,0,36,0,2,67,8,77,0,18,87,8,113,142,42,184,297
04/29/2015,SAF,NM,ASW,WE,Federal Contract Tower,0,12,13,3,28,0,0,57,9,66,0,12,70,12,94,144,16,160,254
04/30/2015,SAF,NM,ASW,WE,Federal Contract Tower,0,17,29,2,48,0,1,52,8,61,0,18,81,10,109,80,0,80,189
05/01/2015,SAF,NM,ASW,WE,Federal Contract Tower,0,18,21,0,39,0,0,53,2,55,0,18,74,2,94,100,0,100,194
05/02/2015,SAF,NM,ASW,WE,Federal Contract Tower,0,16,18,1,35,0,4,54,6,64,0,20,72,7,99,184,0,184,283
05/03/2015,SAF,NM,ASW,WE,Federal Contract Tower,0,25,20,4,49,0,0,49,8,57,0,25,69,12,106,88,0,88,194
05/04/2015,SAF,NM,ASW,WE,Federal Contract Tower,0,21,7,0,28,0,4,27,1,32,0,25,34,1,60,42,0,42,102
05/05/2015,SAF,NM,ASW,WE,Federal Contract Tower,0,21,8,4,33,0,1,18,6,25,0,22,26,10,58,96,4,100,158
05/06/2015,SAF,NM,ASW,WE,Federal Contract Tower,0,15,14,2,31,0,4,36,2,42,0,19,50,4,73,92,2,94,167
05/07/2015,SAF,NM,ASW,WE,Federal Contract Tower,0,14,12,4,30,0,6,51,10,67,0,20,63,14,97,172,0,172,269
05/08/2015,SAF,NM,ASW,WE,Federal Contract Tower,0,19,21,5,45,0,0,35,1,36,0,19,56,6,81,48,16,64,145
05/09/2015,SAF,NM,ASW,WE,Federal Contract Tower,0,17,11,5,33,0,5,24,0,29,0,22,35,5,62,60,0,60,122
05/10/2015,SAF,NM,ASW,WE,Federal Contract Tower,0,16,17,0,33,0,7,40,0,47,0,23,57,0,80,126,0,126,206
05/11/2015,SAF,NM,ASW,WE,Federal Contract Tower,0,17,10,2,29,0,0,50,0,50,0,17,60,2,79,156,0,156,235
05/12/2015,SAF,NM,ASW,WE,Federal Contract Tower,0,14,11,1,26,0,0,15,8,23,0,14,26,9,49,48,50,98,147
05/13/2015,SAF,NM,ASW,WE,Federal Contract Tower,0,18,18,3,39,0,3,27,4,34,0,21,45,7,73,134,28,162,235
05/14/2015,SAF,NM,ASW,WE,Federal Contract Tower,0,25,20,0,45,0,5,49,1,55,0,30,69,1,100,180,0,180,280
05/15/2015,SAF,NM,ASW,WE,Federal Contract Tower,0,23,14,0,37,0,6,23,0,29,0,29,37,0,66,70,0,70,136
05/16/2015,SAF,NM,ASW,WE,Federal Contract Tower,0,21,16,0,37,0,0,12,0,12,0,21,28,0,49,54,0,54,103
05/17/2015,SAF,NM,ASW,WE,Federal Contract Tower,0,24,23,0,47,0,4,57,1,62,0,28,80,1,109,154,0,154,263
05/18/2015,SAF,NM,ASW,WE,Federal Contract Tower,0,26,17,4,47,0,1,27,6,34,0,27,44,10,81,110,20,130,211
05/19/2015,SAF,NM,ASW,WE,Federal Contract Tower,0,17,17,2,36,0,2,36,10,48,0,19,53,12,84,78,40,118,202
05/20/2015,SAF,NM,ASW,WE,Federal Contract Tower,0,21,34,2,57,0,2,67,1,70,0,23,101,3,127,146,0,146,273
05/21/2015,SAF,NM,ASW,WE,Federal Contract Tower,0,20,0,0,20,0,0,14,13,27,0,20,14,13,47,76,0,76,123
05/22/2015,SAF,NM,ASW,WE,Federal Contract Tower,0,29,23,0,52,0,0,33,2,35,0,29,56,2,87,62,0,62,149
05/23/2015,SAF,NM,ASW,WE,Federal Contract Tower,0,15,7,3,25,0,3,49,1,53,0,18,56,4,78,126,0,126,204
05/24/2015,SAF,NM,ASW,WE,Federal Contract Tower,0,22,9,6,37,0,3,33,4,40,0,25,42,10,77,148,0,148,225
05/25/2015,SAF,NM,ASW,WE,Federal Contract Tower,0,25,29,0,54,0,2,57,5,64,0,27,86,5,118,84,0,84,202
05/26/2015,SAF,NM,ASW,WE,Federal Contract Tower,0,22,26,5,53,0,6,48,16,70,0,28,74,21,123,85,14,99,222
05/27/2015,SAF,NM,ASW,WE,Federal Contract Tower,0,16,14,5,35,0,8,33,13,54,0,24,47,18,89,64,28,92,181
05/28/2015,SAF,NM,ASW,WE,Federal Contract Tower,0,27,9,2,38,0,2,46,6,54,0,29,55,8,92,46,10,56,148
05/29/2015,SAF,NM,ASW,WE,Federal Contract Tower,0,19,24,6,49,0,6,45,0,51,0,25,69,6,100,26,0,26,126
05/30/2015,SAF,NM,ASW,WE,Federal Contract Tower,0,20,18,0,38,0,0,58,0,58,0,20,76,0,96,98,0,98,194
05/31/2015,SAF,NM,ASW,WE,Federal Contract Tower,0,27,23,2,52,0,5,76,0,81,0,32,99,2,133,108,0,108,241
06/01/2015,SAF,NM,ASW,WE,Federal Contract Tower,0,25,16,0,41,0,2,51,0,53,0,27,67,0,94,122,0,122,216
06/02/2015,SAF,NM,ASW,WE,Federal Contract Tower,0,28,21,2,51,0,6,55,8,69,0,34,76,10,120,196,0,196,316
06/03/2015,SAF,NM,ASW,WE,Federal Contract Tower,0,25,10,7,42,0,3,47,8,58,0,28,57,15,100,156,52,208,308
06/04/2015,SAF,NM,ASW,WE,Federal Contract Tower,0,22,21,4,47,0,3,63,11,77,0,25,84,15,124,142,8,150,274
06/05/2015,SAF,NM,ASW,WE,Federal Contract Tower,0,22,15,4,41,0,0,38,3,41,0,22,53,7,82,72,0,72,154
06/06/2015,SAF,NM,ASW,WE,Federal Contract Tower,0,16,7,1,24,0,3,39,11,53,0,19,46,12,77,148,0,148,225
06/07/2015,SAF,NM,ASW,WE,Federal Contract Tower,0,25,18,0,43,0,2,59,6,67,0,27,77,6,110,38,0,38,148
06/08/2015,SAF,NM,ASW,WE,Federal Contract Tower,0,24,11,1,36,0,2,47,17,66,0,26,58,18,102,84,0,84,186
06/09/2015,SAF,NM,ASW,WE,Federal Contract Tower,0,27,20,0,47,0,4,45,2,51,0,31,65,2,98,148,0,148,246
06/10/2015,SAF,NM,ASW,WE,Federal Contract Tower,0,14,16,1,31,0,6,41,14,61,0,20,57,15,92,92,6,98,190
06/11/2015,SAF,NM,ASW,WE,Federal Contract Tower,0,22,26,3,51,0,0,72,10,82,0,22,98,13,133,194,14,208,341
06/12/2015,SAF,NM,ASW,WE,Federal Contract Tower,0,23,14,0,37,0,0,49,8,57,0,23,63,8,94,152,0,152,246
06/13/2015,SAF,NM,ASW,WE,Federal Contract Tower,0,17,16,2,35,0,1,55,2,58,0,18,71,4,93,112,0,112,205
06/14/2015,SAF,NM,ASW,WE,Federal Contract Tower,0,30,34,2,66,0,3,50,3,56,0,33,84,5,122,40,2,42,164
06/15/2015,SAF,NM,ASW,WE,Federal Contract Tower,0,21,21,2,44,0,8,44,2,54,0,29,65,4,98,116,8,124,222
06/16/2015,SAF,NM,ASW,WE,Federal Contract Tower,0,20,13,1,34,0,2,57,6,65,0,22,70,7,99,192,40,232,331
06/17/2015,SAF,NM,ASW,WE,Federal Contract Tower,0,26,12,2,40,0,7,37,3,47,0,33,49,5,87,40,12,52,139
06/18/2015,SAF,NM,ASW,WE,Federal Contract Tower,0,17,28,3,48,0,16,70,3,89,0,33,98,6,137,126,0,126,263
06/19/2015,SAF,NM,ASW,WE,Federal Contract Tower,0,23,19,4,46,0,2,76,1,79,0,25,95,5,125,152,22,174,299
06/20/2015,SAF,NM,ASW,WE,Federal Contract Tower,0,17,12,2,31,0,2,53,4,59,0,19,65,6,90,58,0,58,148
06/21/2015,SAF,NM,ASW,WE,Federal Contract Tower,0,29,19,0,48,0,1,34,4,39,0,30,53,4,87,50,0,50,137
06/22/2015,SAF,NM,ASW,WE,Federal Contract Tower,0,26,10,3,39,0,1,47,2,50,0,27,57,5,89,94,0,94,183
06/23/2015,SAF,NM,ASW,WE,Federal Contract Tower,0,17,18,1,36,0,6,43,7,56,0,23,61,8,92,88,20,108,200
06/24/2015,SAF,NM,ASW,WE,Federal Contract Tower,0,24,29,3,56,0,1,48,1,50,0,25,77,4,106,70,2,72,178
06/25/2015,SAF,NM,ASW,WE,Federal Contract Tower,0,27,35,5,67,0,0,50,4,54,0,27,85,9,121,118,0,118,239
06/26/2015,SAF,NM,ASW,WE,Federal Contract Tower,0,22,22,2,46,0,4,61,0,65,0,26,83,2,111,120,8,128,239
06/27/2015,SAF,NM,ASW,WE,Federal Contract Tower,0,19,17,2,38,0,2,36,0,38,0,21,53,2,76,106,0,106,182
06/28/2015,SAF,NM,ASW,WE,Federal Contract Tower,0,21,31,0,52,0,0,71,0,71,0,21,102,0,123,128,0,128,251
06/29/2015,SAF,NM,ASW,WE,Federal Contract Tower,0,18,20,2,40,0,1,46,4,51,0,19,66,6,91,50,26,76,167
06/30/2015,SAF,NM,ASW,WE,Federal Contract Tower,0,24,27,0,51,0,4,66,7,77,0,28,93,7,128,78,38,116,244
07/01/2015,SAF,NM,ASW,WE,Federal Contract Tower,0,32,31,0,63,0,4,46,3,53,0,36,77,3,116,68,0,68,184
07/02/2015,SAF,NM,ASW,WE,Federal Contract Tower,0,34,38,2,74,0,0,52,2,54,0,34,90,4,128,98,0,98,226
07/03/2015,SAF,NM,ASW,WE,Federal Contract Tower,0,22,26,0,48,0,2,46,0,48,0,24,72,0,96,130,0,130,226
07/04/2015,SAF,NM,ASW,WE,Federal Contract Tower,0,15,1,0,16,0,4,34,0,38,0,19,35,0,54,74,0,74,128
07/05/2015,SAF,NM,ASW,WE,Federal Contract Tower,0,28,23,0,51,0,3,52,0,55,0,31,75,0,106,74,0,74,180
07/06/2015,SAF,NM,ASW,WE,Federal Contract Tower,0,28,22,1,51,0,2,26,0,28,0,30,48,1,79,66,0,66,145
07/07/2015,SAF,NM,ASW,WE,Federal Contract Tower,0,28,23,0,51,0,0,34,2,36,0,28,57,2,87,78,0,78,165
07/08/2015,SAF,NM,ASW,WE,Federal Contract Tower,0,30,24,0,54,0,1,46,2,49,0,31,70,2,103,78,0,78,181
07/09/2015,SAF,NM,ASW,WE,Federal Contract Tower,0,26,20,2,48,0,5,36,12,53,0,31,56,14,101,100,0,100,201
07/10/2015,SAF,NM,ASW,WE,Federal Contract Tower,0,23,26,1,50,0,1,54,7,62,0,24,80,8,112,76,0,76,188
07/11/2015,SAF,NM,ASW,WE,Federal Contract Tower,0,23,20,4,47,0,5,54,10,69,0,28,74,14,116,162,18,180,296
07/12/2015,SAF,NM,ASW,WE,Federal Contract Tower,0,29,22,0,51,0,0,66,7,73,0,29,88,7,124,96,8,104,228
07/13/2015,SAF,NM,ASW,WE,Federal Contract Tower,0,26,15,1,42,0,3,46,12,61,0,29,61,13,103,126,2,128,231
07/14/2015,SAF,NM,ASW,WE,Federal Contract Tower,0,25,16,1,42,0,6,37,10,53,0,31,53,11,95,142,0,142,237
07/15/2015,SAF,NM,ASW,WE,Federal Contract Tower,0,20,24,1,45,0,7,48,2,57,0,27,72,3,102,44,0,44,146
07/16/2015,SAF,NM,ASW,WE,Federal Contract Tower,0,19,31,2,52,0,6,71,6,83,0,25,102,8,135,116,12,128,263
07/17/2015,SAF,NM,ASW,WE,Federal Contract Tower,0,26,33,5,64,0,3,61,1,65,0,29,94,6,129,70,0,70,199
07/18/2015,SAF,NM,ASW,WE,Federal Contract Tower,0,17,18,5,40,0,0,65,1,66,0,17,83,6,106,86,8,94,200
07/19/2015,SAF,NM,ASW,WE,Federal Contract Tower,0,26,39,5,70,0,2,49,0,51,0,28,88,5,121,26,0,26,147
07/20/2015,SAF,NM,ASW,WE,Federal Contract Tower,0,23,28,0,51,0,1,48,0,49,0,24,76,0,100,136,0,136,236
07/21/2015,SAF,NM,ASW,WE,Federal Contract Tower,0,19,9,1,29,0,5,46,14,65,0,24,55,15,94,118,6,124,218
07/22/2015,SAF,NM,ASW,WE,Federal Contract Tower,0,17,33,2,52,0,6,55,4,65,0,23,88,6,117,80,10,90,207
07/23/2015,SAF,NM,ASW,WE,Federal Contract Tower,0,21,32,4,57,0,11,60,4,75,0,32,92,8,132,144,2,146,278
07/24/2015,SAF,NM,ASW,WE,Federal Contract Tower,0,17,24,7,48,0,4,69,1,74,0,21,93,8,122,188,0,188,310
07/25/2015,SAF,NM,ASW,WE,Federal Contract Tower,0,26,18,6,50,0,4,83,11,98,0,30,101,17,148,144,6,150,298
07/26/2015,SAF,NM,ASW,WE,Federal Contract Tower,0,36,34,0,70,0,1,57,0,58,0,37,91,0,128,50,0,50,178
07/27/2015,SAF,NM,ASW,WE,Federal Contract Tower,0,22,27,0,49,0,6,48,11,65,0,28,75,11,114,154,34,188,302
07/28/2015,SAF,NM,ASW,WE,Federal Contract Tower,0,15,27,0,42,0,1,34,1,36,0,16,61,1,78,50,0,50,128
07/29/2015,SAF,NM,ASW,WE,Federal Contract Tower,0,27,24,4,55,0,2,25,4,31,0,29,49,8,86,78,14,92,178
07/30/2015,SAF,NM,ASW,WE,Federal Contract Tower,0,23,28,1,52,0,5,25,42,72,0,28,53,43,124,48,0,48,172
07/31/2015,SAF,NM,ASW,WE,Federal Contract Tower,0,26,42,2,70,0,2,30,5,37,0,28,72,7,107,54,16,70,177
08/01/2015,SAF,NM,ASW,WE,Federal Contract Tower,0,27,23,7,57,0,0,50,32,82,0,27,73,39,139,60,6,66,205
08/02/2015,SAF,NM,ASW,WE,Federal Contract Tower,0,23,33,4,60,0,0,48,5,53,0,23,81,9,113,52,0,52,165
08/03/2015,SAF,NM,ASW,WE,Federal Contract Tower,0,17,26,1,44,0,1,31,0,32,0,18,57,1,76,50,0,50,126
08/04/2015,SAF,NM,ASW,WE,Federal Contract Tower,0,22,23,6,51,0,1,45,9,55,0,23,68,15,106,70,4,74,180
08/05/2015,SAF,NM,ASW,WE,Federal Contract Tower,0,34,13,3,50,0,3,46,7,56,0,37,59,10,106,72,12,84,190
08/06/2015,SAF,NM,ASW,WE,Federal Contract Tower,0,26,32,0,58,0,4,54,5,63,0,30,86,5,121,96,0,96,217
08/07/2015,SAF,NM,ASW,WE,Federal Contract Tower,0,26,30,0,56,0,8,68,7,83,0,34,98,7,139,140,0,140,279
08/08/2015,SAF,NM,ASW,WE,Federal Contract Tower,0,35,16,14,65,0,2,61,10,73,0,37,77,24,138,98,8,106,244
08/09/2015,SAF,NM,ASW,WE,Federal Contract Tower,0,28,29,0,57,0,3,60,1,64,0,31,89,1,121,104,0,104,225
08/10/2015,SAF,NM,ASW,WE,Federal Contract Tower,0,32,34,1,67,0,0,48,4,52,0,32,82,5,119,106,16,122,241
08/11/2015,SAF,NM,ASW,WE,Federal Contract Tower,0,28,14,0,42,0,0,46,0,46,0,28,60,0,88,36,0,36,124
08/12/2015,SAF,NM,ASW,WE,Federal Contract Tower,0,21,24,0,45,0,4,60,5,69,0,25,84,5,114,98,28,126,240
08/13/2015,SAF,NM,ASW,WE,Federal Contract Tower,0,26,29,1,56,0,0,60,5,65,0,26,89,6,121,146,22,168,289
08/14/2015,SAF,NM,ASW,WE,Federal Contract Tower,0,34,20,7,61,0,4,70,7,81,0,38,90,14,142,134,12,146,288
08/15/2015,SAF,NM,ASW,WE,Federal Contract Tower,0,17,25,0,42,0,6,70,0,76,0,23,95,0,118,120,0,120,238
08/16/2015,SAF,NM,ASW,WE,Federal Contract Tower,0,33,40,1,74,0,4,45,2,51,0,37,85,3,125,120,0,120,245
08/17/2015,SAF,NM,ASW,WE,Federal Contract Tower,0,27,21,0,48,0,6,51,0,57,0,33,72,0,105,88,0,88,193
08/18/2015,SAF,NM,ASW,WE,Federal Contract Tower,0,17,18,0,35,0,3,47,5,55,0,20,65,5,90,114,14,128,218
08/19/2015,SAF,NM,ASW,WE,Federal Contract Tower,0,16,36,1,53,0,5,47,3,55,0,21,83,4,108,132,0,132,240
08/20/2015,SAF,NM,ASW,WE,Federal Contract Tower,0,17,38,3,58,0,5,58,14,77,0,22,96,17,135,126,8,134,269
08/21/2015,SAF,NM,ASW,WE,Federal Contract Tower,0,21,31,5,57,0,1,62,2,65,0,22,93,7,122,78,8,86,208
08/22/2015,SAF,NM,ASW,WE,Federal Contract Tower,0,13,18,2,33,0,0,76,2,78,0,13,94,4,111,94,0,94,205
08/23/2015,SAF,NM,ASW,WE,Federal Contract Tower,0,33,42,5,80,0,6,37,0,43,0,39,79,5,123,108,0,108,231
08/24/2015,SAF,NM,ASW,WE,Federal Contract Tower,0,25,25,2,52,0,0,32,0,32,0,25,57,2,84,32,0,32,116
08/25/2015,SAF,NM,ASW,WE,Federal Contract Tower,0,18,18,0,36,0,9,52,0,61,0,27,70,0,97,136,0,136,233
08/26/2015,SAF,NM,ASW,WE,Federal Contract Tower,0,25,30,0,55,0,3,36,4,43,0,28,66,4,98,84,0,84,182
08/27/2015,SAF,NM,ASW,WE,Federal Contract Tower,0,16,27,2,45,0,2,66,7,75,0,18,93,9,120,184,26,210,330
08/28/2015,SAF,NM,ASW,WE,Federal Contract Tower,0,23,35,2,60,0,3,47,2,52,0,26,82,4,112,60,12,72,184
08/29/2015,SAF,NM,ASW,WE,Federal Contract Tower,0,22,14,1,37,0,4,73,2,79,0,26,87,3,116,88,6,94,210
08/30/2015,SAF,NM,ASW,WE,Federal Contract Tower,0,25,34,0,59,0,2,67,0,69,0,27,101,0,128,58,0,58,186
08/31/2015,SAF,NM,ASW,WE,Federal Contract Tower,0,16,12,1,29,0,2,27,1,30,0,18,39,2,59,56,0,56,115
09/01/2015,SAF,NM,ASW,WE,Federal Contract Tower,0,15,17,0,32,0,1,27,7,35,0,16,44,7,67,58,0,58,125
09/02/2015,SAF,NM,ASW,WE,Federal Contract Tower,0,20,10,0,30,0,2,39,13,54,0,22,49,13,84,72,24,96,180
09/03/2015,SAF,NM,ASW,WE,Federal Contract Tower,0,26,19,2,47,0,5,41,15,61,0,31,60,17,108,32,38,70,178
09/04/2015,SAF,NM,ASW,WE,Federal Contract Tower,0,22,24,1,47,0,4,35,3,42,0,26,59,4,89,72,0,72,161
09/05/2015,SAF,NM,ASW,WE,Federal Contract Tower,0,16,15,0,31,0,2,41,6,49,0,18,56,6,80,36,0,36,116
09/06/2015,SAF,NM,ASW,WE,Federal Contract Tower,0,24,16,0,40,0,3,60,0,63,0,27,76,0,103,146,0,146,249
09/07/2015,SAF,NM,ASW,WE,Federal Contract Tower,0,30,19,0,49,0,1,58,17,76,0,31,77,17,125,48,0,48,173
09/08/2015,SAF,NM,ASW,WE,Federal Contract Tower,0,20,17,2,39,0,1,53,10,64,0,21,70,12,103,78,34,112,215
09/09/2015,SAF,NM,ASW,WE,Federal Contract Tower,0,23,11,0,34,0,4,24,2,30,0,27,35,2,64,8,0,8,72
09/10/2015,SAF,NM,ASW,WE,Federal Contract Tower,0,22,14,1,37,0,1,49,5,55,0,23,63,6,92,114,14,128,220
09/11/2015,SAF,NM,ASW,WE,Federal Contract Tower,0,18,28,5,51,0,6,45,5,56,0,24,73,10,107,130,2,132,239
09/12/2015,SAF,NM,ASW,WE,Federal Contract Tower,0,16,9,1,26,0,0,55,6,61,0,16,64,7,87,56,6,62,149
09/13/2015,SAF,NM,ASW,WE,Federal Contract Tower,0,29,27,3,59,0,1,53,9,63,0,30,80,12,122,122,20,142,264
09/14/2015,SAF,NM,ASW,WE,Federal Contract Tower,0,22,15,4,41,0,1,40,22,63,0,23,55,26,104,62,12,74,178
09/15/2015,SAF,NM,ASW,WE,Federal Contract Tower,0,18,24,0,42,0,0,38,6,44,0,18,62,6,86,98,4,102,188
09/16/2015,SAF,NM,ASW,WE,Federal Contract Tower,0,18,24,3,45,0,2,43,4,49,0,20,67,7,94,54,0,54,148
09/17/2015,SAF,NM,ASW,WE,Federal Contract Tower,0,20,28,2,50,0,0,56,2,58,0,20,84,4,108,102,4,106,214
09/18/2015,SAF,NM,ASW,WE,Federal Contract Tower,0,24,22,7,53,0,2,63,3,68,0,26,85,10,121,94,0,94,215
09/19/2015,SAF,NM,ASW,WE,Federal Contract Tower,0,15,12,4,31,0,2,50,3,55,0,17,62,7,86,60,16,76,162
09/20/2015,SAF,NM,ASW,WE,Federal Contract Tower,0,32,29,0,61,0,1,52,2,55,0,33,81,2,116,140,0,140,256
09/21/2015,SAF,NM,ASW,WE,Federal Contract Tower,0,20,7,1,28,0,6,52,1,59,0,26,59,2,87,96,2,98,185
09/22/2015,SAF,NM,ASW,WE,Federal Contract Tower,0,19,20,1,40,0,4,15,8,27,0,23,35,9,67,22,34,56,123
09/23/2015,SAF,NM,ASW,WE,Federal Contract Tower,0,22,19,2,43,0,6,40,1,47,0,28,59,3,90,102,2,104,194
09/24/2015,SAF,NM,ASW,WE,Federal Contract Tower,0,25,28,1,54,0,4,66,13,83,0,29,94,14,137,150,0,150,287
09/25/2015,SAF,NM,ASW,WE,Federal Contract Tower,0,21,33,1,55,0,2,77,0,79,0,23,110,1,134,178,0,178,312
09/26/2015,SAF,NM,ASW,WE,Federal Contract Tower,0,17,22,0,39,0,0,77,2,79,0,17,99,2,118,138,6,144,262
09/27/2015,SAF,NM,ASW,WE,Federal Contract Tower,0,31,33,2,66,0,6,54,2,62,0,37,87,4,128,62,0,62,190
09/28/2015,SAF,NM,ASW,WE,Federal Contract Tower,0,18,19,3,40,0,0,65,0,65,0,18,84,3,105,104,0,104,209
09/29/2015,SAF,NM,ASW,WE,Federal Contract Tower,0,15,21,3,39,0,3,56,8,67,0,18,77,11,106,78,38,116,222
09/30/2015,SAF,NM,ASW,WE,Federal Contract Tower,0,17,20,0,37,0,0,46,3,49,0,17,66,3,86,94,4,98,184
10/01/2015,SAF,NM,ASW,WE,Federal Contract Tower,0,35,31,0,66,0,1,52,5,58,0,36,83,5,124,96,2,98,222
10/02/2015,SAF,NM,ASW,WE,Federal Contract Tower,0,20,15,0,35,0,3,61,3,67,0,23,76,3,102,44,0,44,146
10/03/2015,SAF,NM,ASW,WE,Federal Contract Tower,0,25,28,1,54,0,2,16,1,19,0,27,44,2,73,0,10,10,83
10/04/2015,SAF,NM,ASW,WE,Federal Contract Tower,0,25,51,0,76,0,0,22,0,22,0,25,73,0,98,42,0,42,140
10/05/2015,SAF,NM,ASW,WE,Federal Contract Tower,0,25,27,0,52,0,2,17,0,19,0,27,44,0,71,0,26,26,97
10/06/2015,SAF,NM,ASW,WE,Federal Contract Tower,0,23,31,7,61,0,2,63,4,69,0,25,94,11,130,70,38,108,238
10/07/2015,SAF,NM,ASW,WE,Federal Contract Tower,0,22,19,6,47,0,0,59,26,85,0,22,78,32,132,182,0,182,314
10/08/2015,SAF,NM,ASW,WE,Federal Contract Tower,0,17,33,7,57,0,0,45,7,52,0,17,78,14,109,84,2,86,195
10/09/2015,SAF,NM,ASW,WE,Federal Contract Tower,0,30,45,0,75,0,1,60,2,63,0,31,105,2,138,72,0,72,210
10/10/2015,SAF,NM,ASW,WE,Federal Contract Tower,0,19,14,0,33,0,2,65,5,72,0,21,79,5,105,106,0,106,211
10/11/2015,SAF,NM,ASW,WE,Federal Contract Tower,0,30,22,0,52,0,3,60,1,64,0,33,82,1,116,96,0,96,212
10/12/2015,SAF,NM,ASW,WE,Federal Contract Tower,0,23,31,0,54,0,3,76,0,79,0,26,107,0,133,108,0,108,241
10/13/2015,SAF,NM,ASW,WE,Federal Contract Tower,0,20,16,3,39,0,2,62,7,71,0,22,78,10,110,70,0,70,180
10/14/2015,SAF,NM,ASW,WE,Federal Contract Tower,0,22,21,2,45,0,1,46,1,48,0,23,67,3,93,120,12,132,225
10/15/2015,SAF,NM,ASW,WE,Federal Contract Tower,0,17,16,0,33,0,1,56,2,59,0,18,72,2,92,62,12,74,166
10/16/2015,SAF,NM,ASW,WE,Federal Contract Tower,0,25,19,5,49,0,2,42,7,51,0,27,61,12,100,54,0,54,154
10/17/2015,SAF,NM,ASW,WE,Federal Contract Tower,0,21,11,1,33,0,1,61,11,73,0,22,72,12,106,52,8,60,166
10/18/2015,SAF,NM,ASW,WE,Federal Contract Tower,0,26,26,2,54,0,2,38,6,46,0,28,64,8,100,96,18,114,214
10/19/2015,SAF,NM,ASW,WE,Federal Contract Tower,0,23,13,0,36,0,1,24,4,29,0,24,37,4,65,46,8,54,119
10/20/2015,SAF,NM,ASW,WE,Federal Contract Tower,0,22,23,8,53,0,0,38,1,39,0,22,61,9,92,76,0,76,168
10/21/2015,SAF,NM,ASW,WE,Federal Contract Tower,0,21,20,2,43,0,0,2,0,2,0,21,22,2,45,0,0,0,45
10/22/2015,SAF,NM,ASW,WE,Federal Contract Tower,0,23,28,0,51,0,0,17,0,17,0,23,45,0,68,38,0,38,106
10/23/2015,SAF,NM,ASW,WE,Federal Contract Tower,0,14,26,14,54,0,0,47,2,49,0,14,73,16,103,100,6,106,209
10/24/2015,SAF,NM,ASW,WE,Federal Contract Tower,0,18,15,15,48,0,1,58,3,62,0,19,73,18,110,168,16,184,294
10/25/2015,SAF,NM,ASW,WE,Federal Contract Tower,0,17,35,7,59,0,1,67,8,76,0,18,102,15,135,66,14,80,215
10/26/2015,SAF,NM,ASW,WE,Federal Contract Tower,0,23,17,2,42,0,1,47,3,51,0,24,64,5,93,128,4,132,225
10/27/2015,SAF,NM,ASW,WE,Federal Contract Tower,0,14,16,5,35,0,2,55,18,75,0,16,71,23,110,148,34,182,292
10/28/2015,SAF,NM,ASW,WE,Federal Contract Tower,0,12,9,1,22,0,1,65,21,87,0,13,74,22,109,100,8,108,217
10/29/2015,SAF,NM,ASW,WE,Federal Contract Tower,0,15,33,0,48,0,0,50,7,57,0,15,83,7,105,84,0,84,189
10/30/2015,SAF,NM,ASW,WE,Federal Contract Tower,0,15,13,1,29,0,0,4,0,4,0,15,17,1,33,4,0,4,37
10/31/2015,SAF,NM,ASW,WE,Federal Contract Tower,0,11,9,1,21,0,1,43,4,48,0,12,52,5,69,50,12,62,131
11/01/2015,SAF,NM,ASW,WE,Federal Contract Tower,0,14,33,0,47,0,2,58,0,60,0,16,91,0,107,108,0,108,215
11/02/2015,SAF,NM,ASW,WE,Federal Contract Tower,0,17,20,0,37,0,6,90,2,98,0,23,110,2,135,90,0,90,225
11/03/2015,SAF,NM,ASW,WE,Federal Contract Tower,0,18,25,0,43,0,2,63,11,76,0,20,88,11,119,94,10,104,223
11/04/2015,SAF,NM,ASW,WE,Federal Contract Tower,0,16,9,0,25,0,0,12,4,16,0,16,21,4,41,42,18,60,101
11/05/2015,SAF,NM,ASW,WE,Federal Contract Tower,0,13,27,1,41,0,1,11,1,13,0,14,38,2,54,44,0,44,98
11/06/2015,SAF,NM,ASW,WE,Federal Contract Tower,0,21,19,11,51,0,0,52,12,64,0,21,71,23,115,132,0,132,247
11/07/2015,SAF,NM,ASW,WE,Federal Contract Tower,0,17,9,16,42,0,1,72,6,79,0,18,81,22,121,182,0,182,303
11/08/2015,SAF,NM,ASW,WE,Federal Contract Tower,0,22,23,8,53,0,0,73,3,76,0,22,96,11,129,144,6,150,279
11/09/2015,SAF,NM,ASW,WE,Federal Contract Tower,0,14,7,9,30,0,0,48,4,52,0,14,55,13,82,172,0,172,254
11/10/2015,SAF,NM,ASW,WE,Federal Contract Tower,0,18,22,0,40,0,3,33,3,39,0,21,55,3,79,32,0,32,111
11/11/2015,SAF,NM,ASW,WE,Federal Contract Tower,0,14,19,0,33,0,3,29,2,34,0,17,48,2,67,154,0,154,221
11/12/2015,SAF,NM,ASW,WE,Federal Contract Tower,0,21,19,1,41,0,0,44,9,53,0,21,63,10,94,98,2,100,194
11/13/2015,SAF,NM,ASW,WE,Federal Contract Tower,0,28,24,4,56,0,3,76,10,89,0,31,100,14,145,162,0,162,307
11/14/2015,SAF,NM,ASW,WE,Federal Contract Tower,0,15,14,0,29,0,1,75,10,86,0,16,89,10,115,98,8,106,221
11/15/2015,SAF,NM,ASW,WE,Federal Contract Tower,0,24,29,0,53,0,0,34,0,34,0,24,63,0,87,22,0,22,109
11/16/2015,SAF,NM,ASW,WE,Federal Contract Tower,0,15,15,0,30,0,0,3,0,3,0,15,18,0,33,14,0,14,47
11/17/2015,SAF,NM,ASW,WE,Federal Contract Tower,0,15,7,0,22,0,5,8,6,19,0,20,15,6,41,6,8,14,55
11/18/2015,SAF,NM,ASW,WE,Federal Contract Tower,0,18,23,2,43,0,2,35,0,37,0,20,58,2,80,78,0,78,158
11/19/2015,SAF,NM,ASW,WE,Federal Contract Tower,0,12,10,3,25,0,1,58,5,64,0,13,68,8,89,188,8,196,285
11/20/2015,SAF,NM,ASW,WE,Federal Contract Tower,0,26,22,2,50,0,0,65,5,70,0,26,87,7,120,82,8,90,210
11/21/2015,SAF,NM,ASW,WE,Federal Contract Tower,0,15,12,3,30,0,0,50,1,51,0,15,62,4,81,102,0,102,183
11/22/2015,SAF,NM,ASW,WE,Federal Contract Tower,0,20,14,0,34,0,1,50,1,52,0,21,64,1,86,82,0,82,168
11/23/2015,SAF,NM,ASW,WE,Federal Contract Tower,0,14,22,2,38,0,0,50,10,60,0,14,72,12,98,104,0,104,202
11/24/2015,SAF,NM,ASW,WE,Federal Contract Tower,0,21,11,2,34,0,0,58,0,58,0,21,69,2,92,96,0,96,188
11/25/2015,SAF,NM,ASW,WE,Federal Contract Tower,0,21,28,0,49,0,0,62,0,62,0,21,90,0,111,190,0,190,301
11/26/2015,SAF,NM,ASW,WE,Federal Contract Tower,0,6,8,0,14,0,0,11,0,11,0,6,19,0,25,28,0,28,53
11/27/2015,SAF,NM,ASW,WE,Federal Contract Tower,0,13,6,0,19,0,1,7,0,8,0,14,13,0,27,0,0,0,27
11/28/2015,SAF,NM,ASW,WE,Federal Contract Tower,0,19,16,0,35,0,5,11,0,16,0,24,27,0,51,32,0,32,83
11/29/2015,SAF,NM,ASW,WE,Federal Contract Tower,0,22,43,0,65,0,1,40,0,41,0,23,83,0,106,108,0,108,214
11/30/2015,SAF,NM,ASW,WE,Federal Contract Tower,0,16,14,7,37,0,1,34,4,39,0,17,48,11,76,32,6,38,114
12/01/2015,SAF,NM,ASW,WE,Federal Contract Tower,0,14,19,2,35,0,2,48,6,56,0,16,67,8,91,86,2,88,179
12/02/2015,SAF,NM,ASW,WE,Federal Contract Tower,0,13,16,2,31,0,0,41,0,41,0,13,57,2,72,116,0,116,188
12/03/2015,SAF,NM,ASW,WE,Federal Contract Tower,0,8,14,5,27,0,2,41,4,47,0,10,55,9,74,70,16,86,160
12/04/2015,SAF,NM,ASW,WE,Federal Contract Tower,0,4,10,7,21,0,0,23,0,23,0,4,33,7,44,64,0,64,108
12/05/2015,SAF,NM,ASW,WE,Federal Contract Tower,0,9,8,6,23,0,1,45,4,50,0,10,53,10,73,88,8,96,169
12/06/2015,SAF,NM,ASW,WE,Federal Contract Tower,0,14,26,2,42,0,2,43,6,51,0,16,69,8,93,60,0,60,153
12/07/2015,SAF,NM,ASW,WE,Federal Contract Tower,0,19,9,1,29,0,0,36,4,40,0,19,45,5,69,106,0,106,175
12/08/2015,SAF,NM,ASW,WE,Federal Contract Tower,0,23,14,4,41,0,0,40,4,44,0,23,54,8,85,130,14,144,229
12/09/2015,SAF,NM,ASW,WE,Federal Contract Tower,0,23,19,4,46,0,0,73,0,73,0,23,92,4,119,76,0,76,195
12/10/2015,SAF,NM,ASW,WE,Federal Contract Tower,0,13,8,0,21,0,0,67,5,72,0,13,75,5,93,158,0,158,251
12/11/2015,SAF,NM,ASW,WE,Federal Contract Tower,0,11,17,0,28,0,0,44,5,49,0,11,61,5,77,84,0,84,161
12/12/2015,SAF,NM,ASW,WE,Federal Contract Tower,0,10,3,0,13,0,0,6,0,6,0,10,9,0,19,20,0,20,39
12/13/2015,SAF,NM,ASW,WE,Federal Contract Tower,0,22,9,2,33,0,0,12,0,12,0,22,21,2,45,10,0,10,55
12/14/2015,SAF,NM,ASW,WE,Federal Contract Tower,0,15,20,0,35,0,1,32,0,33,0,16,52,0,68,112,0,112,180
12/15/2015,SAF,NM,ASW,WE,Federal Contract Tower,0,57,17,2,76,0,0,22,0,22,0,57,39,2,98,53,0,53,151
12/16/2015,SAF,NM,ASW,WE,Federal Contract Tower,0,18,20,2,40,0,2,40,4,46,0,20,60,6,86,108,0,108,194
12/17/2015,SAF,NM,ASW,WE,Federal Contract Tower,0,15,27,4,46,0,0,43,1,44,0,15,70,5,90,92,0,92,182
12/18/2015,SAF,NM,ASW,WE,Federal Contract Tower,0,16,14,3,33,0,0,47,0,47,0,16,61,3,80,74,0,74,154
12/19/2015,SAF,NM,ASW,WE,Federal Contract Tower,0,9,9,0,18,0,2,74,0,76,0,11,83,0,94,102,0,102,196
12/20/2015,SAF,NM,ASW,WE,Federal Contract Tower,0,22,22,0,44,0,0,13,0,13,0,22,35,0,57,20,0,20,77
12/21/2015,SAF,NM,ASW,WE,Federal Contract Tower,0,7,15,2,24,0,2,65,3,70,0,9,80,5,94,164,0,164,258
12/22/2015,SAF,NM,ASW,WE,Federal Contract Tower,0,17,29,1,47,0,3,28,4,35,0,20,57,5,82,112,0,112,194
12/23/2015,SAF,NM,ASW,WE,Federal Contract Tower,0,27,31,4,62,0,0,9,0,9,0,27,40,4,71,2,0,2,73
12/24/2015,SAF,NM,ASW,WE,Federal Contract Tower,0,16,8,0,24,0,9,16,10,35,0,25,24,10,59,22,0,22,81
12/25/2015,SAF,NM,ASW,WE,Federal Contract Tower,0,15,3,0,18,0,2,10,0,12,0,17,13,0,30,0,0,0,30
12/26/2015,SAF,NM,ASW,WE,Federal Contract Tower,0,15,22,0,37,0,0,6,0,6,0,15,28,0,43,0,0,0,43
12/27/2015,SAF,NM,ASW,WE,Federal Contract Tower,0,23,17,0,40,0,0,6,0,6,0,23,23,0,46,12,0,12,58
12/28/2015,SAF,NM,ASW,WE,Federal Contract Tower,0,32,20,0,52,0,8,18,3,29,0,40,38,3,81,80,0,80,161
12/29/2015,SAF,NM,ASW,WE,Federal Contract Tower,0,14,17,2,33,0,2,5,0,7,0,16,22,2,40,30,0,30,70
12/30/2015,SAF,NM,ASW,WE,Federal Contract Tower,0,16,31,1,48,0,1,41,1,43,0,17,72,2,91,84,0,84,175
12/31/2015,SAF,NM,ASW,WE,Federal Contract Tower,0,15,20,0,35,0,0,51,4,55,0,15,71,4,90,68,2,70,160
01/01/2016,SAF,NM,ASW,WE,Federal Contract Tower,0,12,10,0,22,0,4,17,0,21,0,16,27,0,43,20,0,20,63
01/02/2016,SAF,NM,ASW,WE,Federal Contract Tower,0,25,25,0,50,0,1,69,2,72,0,26,94,2,122,128,0,128,250
01/03/2016,SAF,NM,ASW,WE,Federal Contract Tower,0,19,24,0,43,0,0,81,0,81,0,19,105,0,124,148,0,148,272
01/04/2016,SAF,NM,ASW,WE,Federal Contract Tower,0,18,7,2,27,0,0,37,1,38,0,18,44,3,65,176,0,176,241
01/05/2016,SAF,NM,ASW,WE,Federal Contract Tower,0,14,11,0,25,0,0,2,0,2,0,14,13,0,27,26,0,26,53
01/06/2016,SAF,NM,ASW,WE,Federal Contract Tower,0,14,14,3,31,0,0,0,0,0,0,14,14,3,31,0,0,0,31
01/07/2016,SAF,NM,ASW,WE,Federal Contract Tower,0,8,6,2,16,0,2,21,2,25,0,10,27,4,41,94,0,94,135
01/08/2016,SAF,NM,ASW,WE,Federal Contract Tower,0,10,12,3,25,0,0,0,0,0,0,10,12,3,25,0,0,0,25
01/09/2016,SAF,NM,ASW,WE,Federal Contract Tower,0,17,12,4,33,0,1,26,7,34,0,18,38,11,67,114,0,114,181
01/10/2016,SAF,NM,ASW,WE,Federal Contract Tower,0,9,12,4,25,0,0,69,4,73,0,9,81,8,98,156,8,164,262
01/11/2016,SAF,NM,ASW,WE,Federal Contract Tower,0,9,8,3,20,0,5,45,1,51,0,14,53,4,71,96,0,96,167
01/12/2016,SAF,NM,ASW,WE,Federal Contract Tower,0,10,15,5,30,0,5,39,11,55,0,15,54,16,85,100,34,134,219
01/13/2016,SAF,NM,ASW,WE,Federal Contract Tower,0,13,16,10,39,0,4,40,4,48,0,17,56,14,87,138,30,168,255
01/14/2016,SAF,NM,ASW,WE,Federal Contract Tower,0,13,14,8,35,0,4,47,6,57,0,17,61,14,92,116,30,146,238
01/15/2016,SAF,NM,ASW,WE,Federal Contract Tower,0,9,17,0,26,0,3,39,0,42,0,12,56,0,68,122,0,122,190
01/16/2016,SAF,NM,ASW,WE,Federal Contract Tower,0,8,3,2,13,0,0,58,3,61,0,8,61,5,74,158,22,180,254
01/17/2016,SAF,NM,ASW,WE,Federal Contract Tower,0,10,20,0,30,0,6,36,0,42,0,16,56,0,72,82,0,82,154
01/18/2016,SAF,NM,ASW,WE,Federal Contract Tower,0,9,27,4,40,0,2,71,2,75,0,11,98,6,115,130,30,160,275
01/19/2016,SAF,NM,ASW,WE,Federal Contract Tower,0,6,17,17,40,0,2,61,18,81,0,8,78,35,121,102,58,160,281
01/20/2016,SAF,NM,ASW,WE,Federal Contract Tower,0,8,10,1,19,0,0,31,5,36,0,8,41,6,55,84,12,96,151
01/21/2016,SAF,NM,ASW,WE,Federal Contract Tower,0,10,22,5,37,0,1,59,14,74,0,11,81,19,111,56,32,88,199
01/22/2016,SAF,NM,ASW,WE,Federal Contract Tower,0,6,23,1,30,0,2,67,14,83,0,8,90,15,113,84,32,116,229
01/23/2016,SAF,NM,ASW,WE,Federal Contract Tower,0,7,8,7,22,0,2,88,8,98,0,9,96,15,120,146,60,206,326
01/24/2016,SAF,NM,ASW,WE,Federal Contract Tower,0,10,12,5,27,0,0,35,0,35,0,10,47,5,62,104,0,104,166
01/25/2016,SAF,NM,ASW,WE,Federal Contract Tower,0,11,13,4,28,0,2,46,9,57,0,13,59,13,85,150,56,206,291
01/26/2016,SAF,NM,ASW,WE,Federal Contract Tower,0,14,10,2,26,0,0,48,18,66,0,14,58,20,92,90,52,142,234
01/27/2016,SAF,NM,ASW,WE,Federal Contract Tower,0,12,8,9,29,0,3,42,22,67,0,15,50,31,96,106,84,190,286
01/28/2016,SAF,NM,ASW,WE,Federal Contract Tower,0,14,14,3,31,0,0,62,11,73,0,14,76,14,104,52,26,78,182
01/29/2016,SAF,NM,ASW,WE,Federal Contract Tower,0,9,19,8,36,0,0,63,6,69,0,9,82,14,105,70,0,70,175
01/30/2016,SAF,NM,ASW,WE,Federal Contract Tower,0,5,16,0,21,0,2,52,8,62,0,7,68,8,83,60,0,60,143
01/31/2016,SAF,NM,ASW,WE,Federal Contract Tower,0,15,24,16,55,0,0,12,7,19,0,15,36,23,74,36,64,100,174
02/01/2016,SAF,NM,ASW,WE,Federal Contract Tower,0,12,10,2,24,0,2,1,0,3,0,14,11,2,27,0,4,4,31
02/02/2016,SAF,NM,ASW,WE,Federal Contract Tower,0,10,12,4,26,0,0,8,3,11,0,10,20,7,37,30,14,44,81
02/03/2016,SAF,NM,ASW,WE,Federal Contract Tower,0,14,23,6,43,0,2,35,14,51,0,16,58,20,94,66,14,80,174
02/04/2016,SAF,NM,ASW,WE,Federal Contract Tower,0,13,23,3,39,0,0,44,19,63,0,13,67,22,102,142,20,162,264
02/05/2016,SAF,NM,ASW,WE,Federal Contract Tower,0,8,18,13,39,0,0,39,13,52,0,8,57,26,91,60,50,110,201
02/06/2016,SAF,NM,ASW,WE,Federal Contract Tower,0,8,3,0,11,0,2,57,3,62,0,10,60,3,73,112,4,116,189
02/07/2016,SAF,NM,ASW,WE,Federal Contract Tower,0,11,21,1,33,0,3,42,2,47,0,14,63,3,80,52,6,58,138
02/08/2016,SAF,NM,ASW,WE,Federal Contract Tower,0,12,18,4,34,0,1,39,8,48,0,13,57,12,82,94,44,138,220
02/09/2016,SAF,NM,ASW,WE,Federal Contract Tower,0,11,17,10,38,0,0,53,33,86,0,11,70,43,124,88,124,212,336
02/10/2016,SAF,NM,ASW,WE,Federal Contract Tower,0,12,24,1,37,0,6,48,5,59,0,18,72,6,96,96,32,128,224
02/11/2016,SAF,NM,ASW,WE,Federal Contract Tower,0,14,11,13,38,0,4,50,18,72,0,18,61,31,110,54,74,128,238
02/12/2016,SAF,NM,ASW,WE,Federal Contract Tower,0,12,12,9,33,0,3,68,12,83,0,15,80,21,116,92,32,124,240
02/13/2016,SAF,NM,ASW,WE,Federal Contract Tower,0,11,16,3,30,0,2,73,23,98,0,13,89,26,128,98,20,118,246
02/14/2016,SAF,NM,ASW,WE,Federal Contract Tower,0,16,16,5,37,0,2,57,27,86,0,18,73,32,123,90,80,170,293
02/15/2016,SAF,NM,ASW,WE,Federal Contract Tower,0,12,25,1,38,0,1,64,3,68,0,13,89,4,106,76,30,106,212
02/16/2016,SAF,NM,ASW,WE,Federal Contract Tower,0,11,15,3,29,0,0,56,16,72,0,11,71,19,101,102,34,136,237
02/17/2016,SAF,NM,ASW,WE,Federal Contract Tower,0,12,13,4,29,0,1,41,8,50,0,13,54,12,79,84,32,116,195
02/18/2016,SAF,NM,ASW,WE,Federal Contract Tower,0,13,25,10,48,0,3,35,18,56,0,16,60,28,104,94,52,146,250
02/19/2016,SAF,NM,ASW,WE,Federal Contract Tower,0,12,13,8,33,0,0,57,18,75,0,12,70,26,108,118,10,128,236
02/20/2016,SAF,NM,ASW,WE,Federal Contract Tower,0,9,9,5,23,0,2,68,14,84,0,11,77,19,107,38,48,86,193
02/21/2016,SAF,NM,ASW,WE,Federal Contract Tower,0,13,14,0,27,0,6,44,2,52,0,19,58,2,79,106,0,106,185
02/22/2016,SAF,NM,ASW,WE,Federal Contract Tower,0,12,20,0,32,0,2,54,2,58,0,14,74,2,90,146,0,146,236
02/23/2016,SAF,NM,ASW,WE,Federal Contract Tower,0,14,11,1,26,0,0,7,6,13,0,14,18,7,39,36,18,54,93
02/24/2016,SAF,NM,ASW,WE,Federal Contract Tower,0,18,12,15,45,0,0,44,21,65,0,18,56,36,110,66,76,142,252
02/25/2016,SAF,NM,ASW,WE,Federal Contract Tower,0,15,11,8,34,0,0,76,8,84,0,15,87,16,118,172,30,202,320
02/26/2016,SAF,NM,ASW,WE,Federal Contract Tower,0,17,20,8,45,0,0,73,8,81,0,17,93,16,126,148,6,154,280
02/27/2016,SAF,NM,ASW,WE,Federal Contract Tower,0,8,12,8,28,0,2,56,5,63,0,10,68,13,91,98,2,100,191
02/28/2016,SAF,NM,ASW,WE,Federal Contract Tower,0,11,18,0,29,0,6,88,4,98,0,17,106,4,127,144,0,144,271
02/29/2016,SAF,NM,ASW,WE,Federal Contract Tower,0,13,14,10,37,0,1,40,12,53,0,14,54,22,90,48,58,106,196
03/01/2016,SAF,NM,ASW,WE,Federal Contract Tower,0,12,11,18,41,0,2,36,15,53,0,14,47,33,94,56,44,100,194
03/02/2016,SAF,NM,ASW,WE,Federal Contract Tower,0,13,2,3,18,0,0,27,13,40,0,13,29,16,58,62,44,106,164
03/03/2016,SAF,NM,ASW,WE,Federal Contract Tower,0,17,40,11,68,0,0,50,12,62,0,17,90,23,130,104,28,132,262
03/04/2016,SAF,NM,ASW,WE,Federal Contract Tower,0,25,23,10,58,0,5,60,10,75,0,30,83,20,133,102,4,106,239
03/05/2016,SAF,NM,ASW,WE,Federal Contract Tower,0,8,5,12,25,0,3,50,11,64,0,11,55,23,89,138,26,164,253
03/06/2016,SAF,NM,ASW,WE,Federal Contract Tower,0,20,9,4,33,0,0,57,0,57,0,20,66,4,90,126,0,126,216
03/07/2016,SAF,NM,ASW,WE,Federal Contract Tower,0,19,14,0,33,0,9,23,7,39,0,28,37,7,72,60,22,82,154
03/08/2016,SAF,NM,ASW,WE,Federal Contract Tower,0,12,7,2,21,0,7,25,8,40,0,19,32,10,61,72,30,102,163
03/09/2016,SAF,NM,ASW,WE,Federal Contract Tower,0,15,16,0,31,0,2,39,1,42,0,17,55,1,73,46,0,46,119
03/10/2016,SAF,NM,ASW,WE,Federal Contract Tower,0,28,27,3,58,0,4,47,12,63,0,32,74,15,121,116,22,138,259
03/11/2016,SAF,NM,ASW,WE,Federal Contract Tower,0,14,13,9,36,0,2,60,3,65,0,16,73,12,101,122,10,132,233
03/12/2016,SAF,NM,ASW,WE,Federal Contract Tower,0,12,15,4,31,0,0,30,0,30,0,12,45,4,61,56,0,56,117
03/13/2016,SAF,NM,ASW,WE,Federal Contract Tower,0,16,22,2,40,0,5,74,0,79,0,21,96,2,119,126,0,126,245
03/14/2016,SAF,NM,ASW,WE,Federal Contract Tower,0,15,29,0,44,0,3,28,3,34,0,18,57,3,78,34,6,40,118
03/15/2016,SAF,NM,ASW,WE,Federal Contract Tower,0,16,14,3,33,0,0,26,5,31,0,16,40,8,64,32,10,42,106
03/16/2016,SAF,NM,ASW,WE,Federal Contract Tower,0,13,18,7,38,0,3,53,7,63,0,16,71,14,101,96,10,106,207
03/17/2016,SAF,NM,ASW,WE,Federal Contract Tower,0,10,22,3,35,0,9,61,3,73,0,19,83,6,108,86,0,86,194
03/18/2016,SAF,NM,ASW,WE,Federal Contract Tower,0,18,20,1,39,0,5,53,3,61,0,23,73,4,100,108,2,110,210
03/19/2016,SAF,NM,ASW,WE,Federal Contract Tower,0,7,17,9,33,0,0,77,4,81,0,7,94,13,114,96,0,96,210
03/20/2016,SAF,NM,ASW,WE,Federal Contract Tower,0,13,25,2,40,0,2,90,2,94,0,15,115,4,134,166,0,166,300
03/21/2016,SAF,NM,ASW,WE,Federal Contract Tower,0,14,11,0,25,0,2,42,10,54,0,16,53,10,79,82,4,86,165
03/22/2016,SAF,NM,ASW,WE,Federal Contract Tower,0,22,13,0,35,0,7,18,3,28,0,29,31,3,63,30,10,40,103
03/23/2016,SAF,NM,ASW,WE,Federal Contract Tower,0,15,14,0,29,0,4,3,1,8,0,19,17,1,37,0,10,10,47
03/24/2016,SAF,NM,ASW,WE,Federal Contract Tower,0,11,20,2,33,0,7,59,5,71,0,18,79,7,104,66,2,68,172
03/25/2016,SAF,NM,ASW,WE,Federal Contract Tower,0,15,12,6,33,0,2,49,1,52,0,17,61,7,85,104,8,112,197
03/26/2016,SAF,NM,ASW,WE,Federal Contract Tower,0,18,8,0,26,0,0,18,0,18,0,18,26,0,44,22,0,22,66
03/27/2016,SAF,NM,ASW,WE,Federal Contract Tower,0,17,8,0,25,0,1,63,0,64,0,18,71,0,89,124,0,124,213
03/28/2016,SAF,NM,ASW,WE,Federal Contract Tower,0,24,19,7,50,0,0,41,3,44,0,24,60,10,94,76,10,86,180
03/29/2016,SAF,NM,ASW,WE,Federal Contract Tower,0,14,15,6,35,0,0,17,0,17,0,14,32,6,52,20,0,20,72
03/30/2016,SAF,NM,ASW,WE,Federal Contract Tower,0,18,19,3,40,0,3,24,5,32,0,21,43,8,72,68,4,72,144
03/31/2016,SAF,NM,ASW,WE,Federal Contract Tower,0,18,23,1,42,0,8,68,4,80,0,26,91,5,122,100,0,100,222
04/01/2016,SAF,NM,ASW,WE,Federal Contract Tower,0,11,14,12,37,0,0,31,1,32,0,11,45,13,69,54,8,62,131
04/02/2016,SAF,NM,ASW,WE,Federal Contract Tower,0,10,11,7,28,0,2,68,3,73,0,12,79,10,101,68,4,72,173
04/03/2016,SAF,NM,ASW,WE,Federal Contract Tower,0,10,14,0,24,0,2,68,5,75,0,12,82,5,99,104,0,104,203
04/04/2016,SAF,NM,ASW,WE,Federal Contract Tower,0,14,9,4,27,0,3,59,7,69,0,17,68,11,96,78,20,98,194
04/05/2016,SAF,NM,ASW,WE,Federal Contract Tower,0,23,20,1,44,0,7,29,1,37,0,30,49,2,81,42,0,42,123
04/06/2016,SAF,NM,ASW,WE,Federal Contract Tower,0,14,27,11,52,0,3,56,5,64,0,17,83,16,116,60,38,98,214
04/07/2016,SAF,NM,ASW,WE,Federal Contract Tower,0,16,14,5,35,0,4,49,6,59,0,20,63,11,94,72,20,92,186
04/08/2016,SAF,NM,ASW,WE,Federal Contract Tower,0,18,11,13,42,0,2,17,4,23,0,20,28,17,65,50,2,52,117
04/09/2016,SAF,NM,ASW,WE,Federal Contract Tower,0,19,15,3,37,0,3,40,0,43,0,22,55,3,80,86,0,86,166
04/10/2016,SAF,NM,ASW,WE,Federal Contract Tower,0,20,18,0,38,0,3,65,0,68,0,23,83,0,106,102,0,102,208
04/11/2016,SAF,NM,ASW,WE,Federal Contract Tower,0,16,13,2,31,0,3,20,13,36,0,19,33,15,67,44,18,62,129
04/12/2016,SAF,NM,ASW,WE,Federal Contract Tower,0,16,11,3,30,0,2,26,4,32,0,18,37,7,62,108,14,122,184
04/13/2016,SAF,NM,ASW,WE,Federal Contract Tower,0,20,21,5,46,0,2,50,1,53,0,22,71,6,99,78,4,82,181
04/14/2016,SAF,NM,ASW,WE,Federal Contract Tower,0,17,31,0,48,0,5,48,12,65,0,22,79,12,113,42,14,56,169
04/15/2016,SAF,NM,ASW,WE,Federal Contract Tower,0,24,14,2,40,0,0,43,0,43,0,24,57,2,83,58,0,58,141
04/16/2016,SAF,NM,ASW,WE,Federal Contract Tower,0,19,7,0,26,0,0,7,0,7,0,19,14,0,33,12,0,12,45
04/17/2016,SAF,NM,ASW,WE,Federal Contract Tower,0,17,13,0,30,0,0,26,0,26,0,17,39,0,56,86,0,86,142
04/18/2016,SAF,NM,ASW,WE,Federal Contract Tower,0,19,16,4,39,0,0,5,4,9,0,19,21,8,48,30,4,34,82
04/19/2016,SAF,NM,ASW,WE,Federal Contract Tower,0,15,27,12,54,0,0,51,5,56,0,15,78,17,110,82,28,110,220
04/20/2016,SAF,NM,ASW,WE,Federal Contract Tower,0,18,22,8,48,0,0,53,1,54,0,18,75,9,102,54,4,58,160
04/21/2016,SAF,NM,ASW,WE,Federal Contract Tower,0,26,29,2,57,0,0,72,4,76,0,26,101,6,133,114,0,114,247
04/22/2016,SAF,NM,ASW,WE,Federal Contract Tower,0,18,13,1,32,0,2,36,0,38,0,20,49,1,70,60,6,66,136
04/23/2016,SAF,NM,ASW,WE,Federal Contract Tower,0,15,10,2,27,0,2,35,1,38,0,17,45,3,65,32,0,32,97
04/24/2016,SAF,NM,ASW,WE,Federal Contract Tower,0,16,19,0,35,0,1,48,0,49,0,17,67,0,84,30,0,30,114
04/25/2016,SAF,NM,ASW,WE,Federal Contract Tower,0,16,20,4,40,0,3,36,4,43,0,19,56,8,83,108,0,108,191
04/26/2016,SAF,NM,ASW,WE,Federal Contract Tower,0,18,14,2,34,0,1,44,2,47,0,19,58,4,81,72,0,72,153
04/27/2016,SAF,NM,ASW,WE,Federal Contract Tower,0,15,14,3,32,0,1,65,5,71,0,16,79,8,103,126,4,130,233
04/28/2016,SAF,NM,ASW,WE,Federal Contract Tower,0,16,13,0,29,0,3,42,2,47,0,19,55,2,76,64,0,64,140
04/29/2016,SAF,NM,ASW,WE,Federal Contract Tower,0,14,12,8,34,0,2,18,2,22,0,16,30,10,56,20,0,20,76
04/30/2016,SAF,NM,ASW,WE,Federal Contract Tower,0,14,12,7,33,0,0,47,1,48,0,14,59,8,81,104,2,106,187
05/01/2016,SAF,NM,ASW,WE,Federal Contract Tower,0,19,8,1,28,0,0,3,0,3,0,19,11,1,31,12,0,12,43
05/02/2016,SAF,NM,ASW,WE,Federal Contract Tower,0,18,11,2,31,0,0,40,7,47,0,18,51,9,78,156,24,180,258
05/03/2016,SAF,NM,ASW,WE,Federal Contract Tower,0,14,14,2,30,0,0,39,1,40,0,14,53,3,70,108,18,126,196
05/04/2016,SAF,NM,ASW,WE,Federal Contract Tower,0,14,20,0,34,0,5,53,4,62,0,19,73,4,96,90,0,90,186
05/05/2016,SAF,NM,ASW,WE,Federal Contract Tower,0,19,18,0,37,0,1,68,0,69,0,20,86,0,106,116,0,116,222
05/06/2016,SAF,NM,ASW,WE,Federal Contract Tower,0,16,16,0,32,0,0,21,8,29,0,16,37,8,61,46,2,48,109
05/07/2016,SAF,NM,ASW,WE,Federal Contract Tower,0,12,7,0,19,0,0,26,2,28,0,12,33,2,47,68,0,68,115
05/08/2016,SAF,NM,ASW,WE,Federal Contract Tower,0,21,14,0,35,0,3,43,5,51,0,24,57,5,86,42,12,54,140
05/09/2016,SAF,NM,ASW,WE,Federal Contract Tower,0,9,14,2,25,0,1,14,5,20,0,10,28,7,45,32,6,38,83
05/10/2016,SAF,NM,ASW,WE,Federal Contract Tower,0,15,13,0,28,0,2,51,4,57,0,17,64,4,85,92,12,104,189
05/11/2016,SAF,NM,ASW,WE,Federal Contract Tower,0,11,20,6,37,0,1,43,13,57,0,12,63,19,94,74,6,80,174
05/12/2016,SAF,NM,ASW,WE,Federal Contract Tower,0,15,21,0,36,0,1,63,5,69,0,16,84,5,105,170,4,174,279
05/13/2016,SAF,NM,ASW,WE,Federal Contract Tower,0,18,24,2,44,0,4,103,5,112,0,22,127,7,156,146,6,152,308
05/14/2016,SAF,NM,ASW,WE,Federal Contract Tower,0,17,17,2,36,0,1,53,0,54,0,18,70,2,90,106,0,106,196
05/15/2016,SAF,NM,ASW,WE,Federal Contract Tower,0,18,28,0,46,0,2,35,0,37,0,20,63,0,83,48,0,48,131
05/16/2016,SAF,NM,ASW,WE,Federal Contract Tower,0,18,25,3,46,0,2,43,9,54,0,20,68,12,100,90,4,94,194
05/17/2016,SAF,NM,ASW,WE,Federal Contract Tower,0,17,22,4,43,0,10,27,7,44,0,27,49,11,87,30,2,32,119
05/18/2016,SAF,NM,ASW,WE,Federal Contract Tower,0,15,40,4,59,0,0,16,5,21,0,15,56,9,80,48,22,70,150
05/19/2016,SAF,NM,ASW,WE,Federal Contract Tower,0,15,18,0,33,0,4,38,2,44,0,19,56,2,77,66,0,66,143
05/20/2016,SAF,NM,ASW,WE,Federal Contract Tower,0,20,22,2,44,0,6,68,3,77,0,26,90,5,121,146,0,146,267
05/21/2016,SAF,NM,ASW,WE,Federal Contract Tower,0,15,24,0,39,0,6,54,1,61,0,21,78,1,100,104,0,104,204
05/22/2016,SAF,NM,ASW,WE,Federal Contract Tower,0,18,27,0,45,0,3,72,0,75,0,21,99,0,120,130,0,130,250
05/23/2016,SAF,NM,ASW,WE,Federal Contract Tower,0,18,17,0,35,0,0,48,9,57,0,18,65,9,92,122,14,136,228
05/24/2016,SAF,NM,ASW,WE,Federal Contract Tower,0,14,23,1,38,0,2,62,5,69,0,16,85,6,107,110,0,110,217
05/25/2016,SAF,NM,ASW,WE,Federal Contract Tower,0,13,20,13,46,0,1,48,8,57,0,14,68,21,103,104,8,112,215
05/26/2016,SAF,NM,ASW,WE,Federal Contract Tower,0,13,23,1,37,0,6,53,1,60,0,19,76,2,97,134,0,134,231
05/27/2016,SAF,NM,ASW,WE,Federal Contract Tower,0,17,31,3,51,0,8,73,0,81,0,25,104,3,132,64,2,66,198
05/28/2016,SAF,NM,ASW,WE,Federal Contract Tower,0,7,18,0,25,0,8,73,2,83,0,15,91,2,108,114,0,114,222
05/29/2016,SAF,NM,ASW,WE,Federal Contract Tower,0,10,26,0,36,0,5,66,0,71,0,15,92,0,107,90,0,90,197
05/30/2016,SAF,NM,ASW,WE,Federal Contract Tower,0,14,33,0,47,0,5,72,0,77,0,19,105,0,124,130,0,130,254
05/31/2016,SAF,NM,ASW,WE,Federal Contract Tower,0,16,19,1,36,0,3,41,0,44,0,19,60,1,80,50,0,50,130
06/01/2016,SAF,NM,ASW,WE,Federal Contract Tower,0,15,21,3,39,0,0,21,6,27,0,15,42,9,66,32,4,36,102
06/02/2016,SAF,NM,ASW,WE,Federal Contract Tower,0,16,30,3,49,0,6,47,10,63,0,22,77,13,112,104,0,104,216
06/03/2016,SAF,NM,ASW,WE,Federal Contract Tower,0,17,36,21,74,0,1,85,4,90,0,18,121,25,164,112,0,112,276
06/04/2016,SAF,NM,ASW,WE,Federal Contract Tower,0,16,21,6,43,0,0,70,14,84,0,16,91,20,127,32,0,32,159
06/05/2016,SAF,NM,ASW,WE,Federal Contract Tower,0,23,20,1,44,0,3,46,4,53,0,26,66,5,97,40,0,40,137
06/06/2016,SAF,NM,ASW,WE,Federal Contract Tower,0,16,27,2,45,0,2,52,0,54,0,18,79,2,99,80,0,80,179
06/07/2016,SAF,NM,ASW,WE,Federal Contract Tower,0,16,33,2,51,0,1,51,4,56,0,17,84,6,107,110,0,110,217
06/08/2016,SAF,NM,ASW,WE,Federal Contract Tower,0,14,12,7,33,0,0,76,13,89,0,14,88,20,122,76,4,80,202
06/09/2016,SAF,NM,ASW,WE,Federal Contract Tower,0,16,32,4,52,0,1,58,13,72,0,17,90,17,124,78,8,86,210
06/10/2016,SAF,NM,ASW,WE,Federal Contract Tower,0,20,26,4,50,0,3,73,2,78,0,23,99,6,128,52,2,54,182
06/11/2016,SAF,NM,ASW,WE,Federal Contract Tower,0,12,40,1,53,0,2,83,1,86,0,14,123,2,139,118,0,118,257
06/12/2016,SAF,NM,ASW,WE,Federal Contract Tower,0,19,34,3,56,0,3,52,0,55,0,22,86,3,111,64,0,64,175
06/13/2016,SAF,NM,ASW,WE,Federal Contract Tower,0,21,35,3,59,0,5,68,16,89,0,26,103,19,148,20,0,20,168
06/14/2016,SAF,NM,ASW,WE,Federal Contract Tower,0,22,29,4,55,0,1,77,29,107,0,23,106,33,162,66,8,74,236
06/15/2016,SAF,NM,ASW,WE,Federal Contract Tower,0,19,23,3,45,0,0,72,2,74,0,19,95,5,119,78,0,78,197
06/16/2016,SAF,NM,ASW,WE,Federal Contract Tower,0,17,27,4,48,0,3,65,8,76,0,20,92,12,124,14,0,14,138
06/17/2016,SAF,NM,ASW,WE,Federal Contract Tower,0,21,21,6,48,0,1,59,5,65,0,22,80,11,113,78,2,80,193
06/18/2016,SAF,NM,ASW,WE,Federal Contract Tower,0,14,17,10,41,0,1,64,5,70,0,15,81,15,111,112,0,112,223
06/19/2016,SAF,NM,ASW,WE,Federal Contract Tower,0,18,19,0,37,0,0,70,0,70,0,18,89,0,107,96,0,96,203
06/20/2016,SAF,NM,ASW,WE,Federal Contract Tower,0,21,26,3,50,0,1,52,0,53,0,22,78,3,103,60,0,60,163
06/21/2016,SAF,NM,ASW,WE,Federal Contract Tower,0,27,32,1,60,0,0,79,3,82,0,27,111,4,142,66,0,66,208
06/22/2016,SAF,NM,ASW,WE,Federal Contract Tower,0,28,24,1,53,0,2,51,5,58,0,30,75,6,111,42,0,42,153
06/23/2016,SAF,NM,ASW,WE,Federal Contract Tower,0,23,30,0,53,0,0,79,5,84,0,23,109,5,137,84,0,84,221
06/24/2016,SAF,NM,ASW,WE,Federal Contract Tower,0,32,21,8,61,0,4,85,3,92,0,36,106,11,153,86,4,90,243
06/25/2016,SAF,NM,ASW,WE,Federal Contract Tower,0,19,23,0,42,0,3,64,0,67,0,22,87,0,109,124,0,124,233
06/26/2016,SAF,NM,ASW,WE,Federal Contract Tower,0,27,27,0,54,0,3,57,0,60,0,30,84,0,114,98,0,98,212
06/27/2016,SAF,NM,ASW,WE,Federal Contract Tower,0,18,14,0,32,0,1,37,10,48,0,19,51,10,80,26,6,32,112
06/28/2016,SAF,NM,ASW,WE,Federal Contract Tower,0,16,18,0,34,0,6,60,13,79,0,22,78,13,113,26,0,26,139
06/29/2016,SAF,NM,ASW,WE,Federal Contract Tower,0,21,39,3,63,0,1,43,12,56,0,22,82,15,119,48,0,48,167
06/30/2016,SAF,NM,ASW,WE,Federal Contract Tower,0,27,26,6,59,0,1,44,11,56,0,28,70,17,115,108,0,108,223
07/01/2016,SAF,NM,ASW,WE,Federal Contract Tower,0,29,31,1,61,0,0,60,2,62,0,29,91,3,123,114,0,114,237
07/02/2016,SAF,NM,ASW,WE,Federal Contract Tower,0,18,25,0,43,0,0,51,0,51,0,18,76,0,94,44,0,44,138
07/03/2016,SAF,NM,ASW,WE,Federal Contract Tower,0,16,10,0,26,0,5,60,0,65,0,21,70,0,91,42,0,42,133
07/04/2016,SAF,NM,ASW,WE,Federal Contract Tower,0,17,19,0,36,0,2,55,0,57,0,19,74,0,93,74,0,74,167
07/05/2016,SAF,NM,ASW,WE,Federal Contract Tower,0,16,24,4,44,0,14,43,1,58,0,30,67,5,102,70,0,70,172
07/06/2016,SAF,NM,ASW,WE,Federal Contract Tower,0,26,12,6,44,0,2,36,3,41,0,28,48,9,85,38,40,78,163
07/07/2016,SAF,NM,ASW,WE,Federal Contract Tower,0,18,23,7,48,0,4,56,5,65,0,22,79,12,113,70,0,70,183
07/08/2016,SAF,NM,ASW,WE,Federal Contract Tower,0,30,41,9,80,0,2,80,9,91,0,32,121,18,171,70,0,70,241
07/09/2016,SAF,NM,ASW,WE,Federal Contract Tower,0,23,23,6,52,0,2,68,8,78,0,25,91,14,130,134,0,134,264
07/10/2016,SAF,NM,ASW,WE,Federal Contract Tower,0,30,38,4,72,0,1,58,3,62,0,31,96,7,134,116,0,116,250
07/11/2016,SAF,NM,ASW,WE,Federal Contract Tower,0,29,26,2,57,0,0,52,6,58,0,29,78,8,115,92,16,108,223
07/12/2016,SAF,NM,ASW,WE,Federal Contract Tower,0,28,12,3,43,0,2,53,6,61,0,30,65,9,104,70,0,70,174
07/13/2016,SAF,NM,ASW,WE,Federal Contract Tower,0,20,28,5,53,0,4,56,4,64,0,24,84,9,117,144,0,144,261
07/14/2016,SAF,NM,ASW,WE,Federal Contract Tower,0,21,29,4,54,0,0,77,8,85,0,21,106,12,139,108,2,110,249
07/15/2016,SAF,NM,ASW,WE,Federal Contract Tower,0,17,22,5,44,0,0,65,7,72,0,17,87,12,116,88,0,88,204
07/16/2016,SAF,NM,ASW,WE,Federal Contract Tower,0,17,21,2,40,0,3,60,15,78,0,20,81,17,118,144,0,144,262
07/17/2016,SAF,NM,ASW,WE,Federal Contract Tower,0,32,36,11,79,0,1,65,9,75,0,33,101,20,154,96,2,98,252
07/18/2016,SAF,NM,ASW,WE,Federal Contract Tower,0,12,24,9,45,0,3,67,6,76,0,15,91,15,121,164,2,166,287
07/19/2016,SAF,NM,ASW,WE,Federal Contract Tower,0,18,11,1,30,0,0,55,10,65,0,18,66,11,95,142,0,142,237
07/20/2016,SAF,NM,ASW,WE,Federal Contract Tower,0,20,25,7,52,0,1,56,7,64,0,21,81,14,116,136,12,148,264
07/21/2016,SAF,NM,ASW,WE,Federal Contract Tower,0,19,32,0,51,0,0,81,4,85,0,19,113,4,136,158,0,158,294
07/22/2016,SAF,NM,ASW,WE,Federal Contract Tower,0,25,49,5,79,0,3,66,6,75,0,28,115,11,154,66,18,84,238
07/23/2016,SAF,NM,ASW,WE,Federal Contract Tower,0,18,29,0,47,0,0,87,0,87,0,18,116,0,134,86,0,86,220
07/24/2016,SAF,NM,ASW,WE,Federal Contract Tower,0,34,32,0,66,0,3,46,0,49,0,37,78,0,115,60,0,60,175
07/25/2016,SAF,NM,ASW,WE,Federal Contract Tower,0,16,22,2,40,0,3,43,4,50,0,19,65,6,90,52,6,58,148
07/26/2016,SAF,NM,ASW,WE,Federal Contract Tower,0,17,32,1,50,0,5,45,1,51,0,22,77,2,101,56,0,56,157
07/27/2016,SAF,NM,ASW,WE,Federal Contract Tower,0,28,24,6,58,0,2,36,6,44,0,30,60,12,102,66,0,66,168
07/28/2016,SAF,NM,ASW,WE,Federal Contract Tower,0,26,43,2,71,0,5,61,4,70,0,31,104,6,141,116,0,116,257
07/29/2016,SAF,NM,ASW,WE,Federal Contract Tower,0,25,22,1,48,0,7,60,2,69,0,32,82,3,117,58,0,58,175
07/30/2016,SAF,NM,ASW,WE,Federal Contract Tower,0,22,29,1,52,0,4,85,0,89,0,26,114,1,141,78,0,78,219
07/31/2016,SAF,NM,ASW,WE,Federal Contract Tower,0,31,39,0,70,0,2,67,0,69,0,33,106,0,139,72,0,72,211
08/01/2016,SAF,NM,ASW,WE,Federal Contract Tower,0,25,31,8,64,0,1,56,17,74,0,26,87,25,138,68,2,70,208
08/02/2016,SAF,NM,ASW,WE,Federal Contract Tower,0,21,27,2,50,0,0,40,20,60,0,21,67,22,110,88,20,108,218
08/03/2016,SAF,NM,ASW,WE,Federal Contract Tower,0,27,29,2,58,0,2,46,4,52,0,29,75,6,110,106,0,106,216
08/04/2016,SAF,NM,ASW,WE,Federal Contract Tower,0,22,27,0,49,0,6,57,5,68,0,28,84,5,117,148,0,148,265
08/05/2016,SAF,NM,ASW,WE,Federal Contract Tower,0,24,28,6,58,0,0,53,3,56,0,24,81,9,114,40,0,40,154
08/06/2016,SAF,NM,ASW,WE,Federal Contract Tower,0,19,22,1,42,0,3,49,33,85,0,22,71,34,127,142,0,142,269
08/07/2016,SAF,NM,ASW,WE,Federal Contract Tower,0,24,36,6,66,0,1,46,7,54,0,25,82,13,120,36,0,36,156
08/08/2016,SAF,NM,ASW,WE,Federal Contract Tower,0,20,21,2,43,0,0,46,5,51,0,20,67,7,94,60,0,60,154
08/09/2016,SAF,NM,ASW,WE,Federal Contract Tower,0,23,32,7,62,0,1,60,8,69,0,24,92,15,131,70,2,72,203
08/10/2016,SAF,NM,ASW,WE,Federal Contract Tower,0,20,16,2,38,0,1,32,3,36,0,21,48,5,74,92,0,92,166
08/11/2016,SAF,NM,ASW,WE,Federal Contract Tower,0,25,27,2,54,0,3,68,8,79,0,28,95,10,133,66,0,66,199
08/12/2016,SAF,NM,ASW,WE,Federal Contract Tower,0,21,31,7,59,0,4,67,8,79,0,25,98,15,138,148,0,148,286
08/13/2016,SAF,NM,ASW,WE,Federal Contract Tower,0,16,20,0,36,0,2,35,0,37,0,18,55,0,73,4,0,4,77
08/14/2016,SAF,NM,ASW,WE,Federal Contract Tower,0,33,40,0,73,0,1,68,4,73,0,34,108,4,146,30,0,30,176
08/15/2016,SAF,NM,ASW,WE,Federal Contract Tower,0,29,24,2,55,0,61,8,0,69,0,90,32,2,124,174,0,174,298
08/16/2016,SAF,NM,ASW,WE,Federal Contract Tower,0,21,33,0,54,0,1,64,3,68,0,22,97,3,122,54,0,54,176
08/17/2016,SAF,NM,ASW,WE,Federal Contract Tower,0,21,33,5,59,0,0,54,4,58,0,21,87,9,117,62,0,62,179
08/18/2016,SAF,NM,ASW,WE,Federal Contract Tower,0,23,56,3,82,0,5,61,5,71,0,28,117,8,153,140,18,158,311
08/19/2016,SAF,NM,ASW,WE,Federal Contract Tower,0,29,44,5,78,0,5,50,5,60,0,34,94,10,138,118,0,118,256
08/20/2016,SAF,NM,ASW,WE,Federal Contract Tower,0,20,27,2,49,0,1,51,2,54,0,21,78,4,103,90,0,90,193
08/21/2016,SAF,NM,ASW,WE,Federal Contract Tower,0,24,60,0,84,0,0,57,2,59,0,24,117,2,143,60,0,60,203
08/22/2016,SAF,NM,ASW,WE,Federal Contract Tower,0,17,38,0,55,0,0,37,3,40,0,17,75,3,95,72,2,74,169
08/23/2016,SAF,NM,ASW,WE,Federal Contract Tower,0,18,27,3,48,0,2,71,5,78,0,20,98,8,126,204,0,204,330
08/24/2016,SAF,NM,ASW,WE,Federal Contract Tower,0,20,34,0,54,0,2,36,1,39,0,22,70,1,93,60,0,60,153
08/25/2016,SAF,NM,ASW,WE,Federal Contract Tower,0,30,29,3,62,0,7,65,4,76,0,37,94,7,138,100,0,100,238
08/26/2016,SAF,NM,ASW,WE,Federal Contract Tower,0,20,20,5,45,0,0,48,4,52,0,20,68,9,97,104,8,112,209
08/27/2016,SAF,NM,ASW,WE,Federal Contract Tower,0,19,22,11,52,0,0,65,3,68,0,19,87,14,120,66,4,70,190
08/28/2016,SAF,NM,ASW,WE,Federal Contract Tower,0,25,35,2,62,0,2,54,0,56,0,27,89,2,118,88,0,88,206
08/29/2016,SAF,NM,ASW,WE,Federal Contract Tower,0,31,15,8,54,0,0,35,10,45,0,31,50,18,99,40,10,50,149
08/30/2016,SAF,NM,ASW,WE,Federal Contract Tower,0,22,34,1,57,0,0,47,5,52,0,22,81,6,109,90,0,90,199
08/31/2016,SAF,NM,ASW,WE,Federal Contract Tower,0,27,29,3,59,0,13,57,6,76,0,40,86,9,135,128,24,152,287
09/01/2016,SAF,NM,ASW,WE,Federal Contract Tower,0,22,23,4,49,0,3,46,4,53,0,25,69,8,102,58,0,58,160
09/02/2016,SAF,NM,ASW,WE,Federal Contract Tower,0,24,28,3,55,0,5,65,0,70,0,29,93,3,125,54,0,54,179
09/03/2016,SAF,NM,ASW,WE,Federal Contract Tower,0,14,17,0,31,0,2,62,2,66,0,16,79,2,97,102,0,102,199
09/04/2016,SAF,NM,ASW,WE,Federal Contract Tower,0,17,20,0,37,0,0,49,0,49,0,17,69,0,86,22,0,22,108
09/05/2016,SAF,NM,ASW,WE,Federal Contract Tower,0,21,30,0,51,0,0,63,0,63,0,21,93,0,114,12,0,12,126
09/06/2016,SAF,NM,ASW,WE,Federal Contract Tower,0,21,26,8,55,0,3,31,5,39,0,24,57,13,94,82,0,82,176
09/07/2016,SAF,NM,ASW,WE,Federal Contract Tower,0,17,25,7,49,0,0,30,0,30,0,17,55,7,79,16,0,16,95
09/08/2016,SAF,NM,ASW,WE,Federal Contract Tower,0,19,31,2,52,0,1,50,6,57,0,20,81,8,109,86,28,114,223
09/09/2016,SAF,NM,ASW,WE,Federal Contract Tower,0,26,26,6,58,0,3,64,11,78,0,29,90,17,136,72,2,74,210
09/10/2016,SAF,NM,ASW,WE,Federal Contract Tower,0,19,12,9,40,0,0,38,3,41,0,19,50,12,81,30,0,30,111
09/11/2016,SAF,NM,ASW,WE,Federal Contract Tower,0,26,41,10,77,0,8,77,9,94,0,34,118,19,171,28,0,28,199
09/12/2016,SAF,NM,ASW,WE,Federal Contract Tower,0,25,22,0,47,0,2,51,11,64,0,27,73,11,111,88,8,96,207
09/13/2016,SAF,NM,ASW,WE,Federal Contract Tower,0,23,22,2,47,0,1,66,9,76,0,24,88,11,123,102,0,102,225
09/14/2016,SAF,NM,ASW,WE,Federal Contract Tower,0,20,24,2,46,0,1,33,4,38,0,21,57,6,84,92,4,96,180
09/15/2016,SAF,NM,ASW,WE,Federal Contract Tower,0,27,23,2,52,0,1,65,10,76,0,28,88,12,128,60,16,76,204
09/16/2016,SAF,NM,ASW,WE,Federal Contract Tower,0,17,44,7,68,0,2,66,8,76,0,19,110,15,144,76,2,78,222
09/17/2016,SAF,NM,ASW,WE,Federal Contract Tower,0,22,7,0,29,0,2,42,2,46,0,24,49,2,75,42,0,42,117
09/18/2016,SAF,NM,ASW,WE,Federal Contract Tower,0,30,25,0,55,0,6,70,0,76,0,36,95,0,131,74,0,74,205
09/19/2016,SAF,NM,ASW,WE,Federal Contract Tower,0,27,16,2,45,0,6,59,2,67,0,33,75,4,112,74,0,74,186
09/20/2016,SAF,NM,ASW,WE,Federal Contract Tower,0,27,16,2,45,0,6,59,2,67,0,33,75,4,112,74,0,74,186
09/21/2016,SAF,NM,ASW,WE,Federal Contract Tower,0,19,18,4,41,0,3,25,4,32,0,22,43,8,73,46,4,50,123
09/22/2016,SAF,NM,ASW,WE,Federal Contract Tower,0,23,32,3,58,0,1,74,11,86,0,24,106,14,144,66,0,66,210
09/23/2016,SAF,NM,ASW,WE,Federal Contract Tower,0,17,28,4,49,0,0,67,7,74,0,17,95,11,123,106,0,106,229
09/24/2016,SAF,NM,ASW,WE,Federal Contract Tower,0,19,37,15,71,0,0,102,7,109,0,19,139,22,180,58,16,74,254
09/25/2016,SAF,NM,ASW,WE,Federal Contract Tower,0,18,23,0,41,0,1,44,0,45,0,19,67,0,86,48,0,48,134
09/26/2016,SAF,NM,ASW,WE,Federal Contract Tower,0,19,39,4,62,0,0,50,5,55,0,19,89,9,117,110,20,130,247
09/27/2016,SAF,NM,ASW,WE,Federal Contract Tower,0,19,23,7,49,0,3,82,7,92,0,22,105,14,141,94,14,108,249
09/28/2016,SAF,NM,ASW,WE,Federal Contract Tower,0,22,38,3,63,0,0,47,1,48,0,22,85,4,111,90,0,90,201
09/29/2016,SAF,NM,ASW,WE,Federal Contract Tower,0,28,28,3,59,0,0,61,5,66,0,28,89,8,125,96,0,96,221
09/30/2016,SAF,NM,ASW,WE,Federal Contract Tower,0,33,46,0,79,0,4,72,2,78,0,37,118,2,157,42,0,42,199
10/01/2016,SAF,NM,ASW,WE,Federal Contract Tower,0,23,23,0,46,0,4,73,0,77,0,27,96,0,123,90,0,90,213
10/02/2016,SAF,NM,ASW,WE,Federal Contract Tower,0,33,36,2,71,0,2,64,0,66,0,35,100,2,137,98,0,98,235
10/03/2016,SAF,NM,ASW,WE,Federal Contract Tower,0,23,28,0,51,0,2,33,2,37,0,25,61,2,88,54,0,54,142
10/04/2016,SAF,NM,ASW,WE,Federal Contract Tower,0,20,36,0,56,0,0,46,9,55,0,20,82,9,111,104,34,138,249
10/05/2016,SAF,NM,ASW,WE,Federal Contract Tower,0,16,35,5,56,0,0,61,6,67,0,16,96,11,123,42,0,42,165
10/06/2016,SAF,NM,ASW,WE,Federal Contract Tower,0,25,24,0,49,0,2,76,0,78,0,27,100,0,127,70,0,70,197
10/07/2016,SAF,NM,ASW,WE,Federal Contract Tower,0,28,27,0,55,0,0,71,1,72,0,28,98,1,127,98,0,98,225
10/08/2016,SAF,NM,ASW,WE,Federal Contract Tower,0,17,23,10,50,0,2,44,0,46,0,19,67,10,96,44,0,44,140
10/09/2016,SAF,NM,ASW,WE,Federal Contract Tower,0,29,28,0,57,0,2,40,7,49,0,31,68,7,106,76,0,76,182
10/10/2016,SAF,NM,ASW,WE,Federal Contract Tower,0,22,26,12,60,0,0,73,14,87,0,22,99,26,147,76,16,92,239
10/11/2016,SAF,NM,ASW,WE,Federal Contract Tower,0,16,20,6,42,0,0,59,12,71,0,16,79,18,113,114,0,114,227
10/12/2016,SAF,NM,ASW,WE,Federal Contract Tower,0,24,17,5,46,0,2,64,10,76,0,26,81,15,122,78,22,100,222
10/13/2016,SAF,NM,ASW,WE,Federal Contract Tower,0,30,29,3,62,0,1,60,5,66,0,31,89,8,128,54,0,54,182
10/14/2016,SAF,NM,ASW,WE,Federal Contract Tower,0,19,20,3,42,0,2,58,8,68,0,21,78,11,110,36,0,36,146
10/15/2016,SAF,NM,ASW,WE,Federal Contract Tower,0,20,19,2,41,0,0,59,4,63,0,20,78,6,104,18,34,52,156
10/16/2016,SAF,NM,ASW,WE,Federal Contract Tower,0,38,27,4,69,0,0,40,0,40,0,38,67,4,109,12,0,12,121
10/17/2016,SAF,NM,ASW,WE,Federal Contract Tower,0,29,22,1,52,0,0,23,4,27,0,29,45,5,79,66,2,68,147
10/18/2016,SAF,NM,ASW,WE,Federal Contract Tower,0,24,27,3,54,0,0,42,11,53,0,24,69,14,107,68,0,68,175
10/19/2016,SAF,NM,ASW,WE,Federal Contract Tower,0,22,19,1,42,0,0,42,3,45,0,22,61,4,87,58,0,58,145
10/20/2016,SAF,NM,ASW,WE,Federal Contract Tower,0,24,29,3,56,0,1,48,12,61,0,25,77,15,117,68,20,88,205
10/21/2016,SAF,NM,ASW,WE,Federal Contract Tower,0,19,25,6,50,0,1,69,0,70,0,20,94,6,120,78,0,78,198
10/22/2016,SAF,NM,ASW,WE,Federal Contract Tower,0,18,10,0,28,0,1,64,0,65,0,19,74,0,93,82,0,82,175
10/23/2016,SAF,NM,ASW,WE,Federal Contract Tower,0,24,13,1,38,0,3,67,2,72,0,27,80,3,110,62,0,62,172
10/24/2016,SAF,NM,ASW,WE,Federal Contract Tower,0,19,22,5,46,0,2,42,6,50,0,21,64,11,96,32,0,32,128
10/25/2016,SAF,NM,ASW,WE,Federal Contract Tower,0,15,12,8,35,0,2,45,12,59,0,17,57,20,94,98,16,114,208
10/26/2016,SAF,NM,ASW,WE,Federal Contract Tower,0,21,22,5,48,0,0,62,14,76,0,21,84,19,124,96,16,112,236
10/27/2016,SAF,NM,ASW,WE,Federal Contract Tower,0,22,31,5,58,0,4,53,13,70,0,26,84,18,128,68,36,104,232
10/28/2016,SAF,NM,ASW,WE,Federal Contract Tower,0,24,28,3,55,0,2,58,4,64,0,26,86,7,119,80,0,80,199
10/29/2016,SAF,NM,ASW,WE,Federal Contract Tower,0,17,15,0,32,0,2,64,0,66,0,19,79,0,98,70,0,70,168
10/30/2016,SAF,NM,ASW,WE,Federal Contract Tower,0,20,12,5,37,0,0,73,1,74,0,20,85,6,111,134,0,134,245
10/31/2016,SAF,NM,ASW,WE,Federal Contract Tower,0,17,15,0,32,0,4,29,0,33,0,21,44,0,65,48,0,48,113
11/01/2016,SAF,NM,ASW,WE,Federal Contract Tower,0,17,27,3,47,0,1,45,4,50,0,18,72,7,97,26,0,26,123
11/02/2016,SAF,NM,ASW,WE,Federal Contract Tower,0,16,23,4,43,0,0,43,13,56,0,16,66,17,99,42,36,78,177
11/03/2016,SAF,NM,ASW,WE,Federal Contract Tower,0,18,15,3,36,0,0,21,7,28,0,18,36,10,64,52,0,52,116
11/04/2016,SAF,NM,ASW,WE,Federal Contract Tower,0,15,31,0,46,0,0,28,2,30,0,15,59,2,76,36,0,36,112
11/05/2016,SAF,NM,ASW,WE,Federal Contract Tower,0,21,8,6,35,0,0,11,14,25,0,21,19,20,60,36,0,36,96
11/06/2016,SAF,NM,ASW,WE,Federal Contract Tower,0,29,32,7,68,0,0,29,18,47,0,29,61,25,115,56,0,56,171
11/07/2016,SAF,NM,ASW,WE,Federal Contract Tower,0,18,31,2,51,0,2,48,0,50,0,20,79,2,101,66,0,66,167
11/08/2016,SAF,NM,ASW,WE,Federal Contract Tower,0,16,23,4,43,0,0,56,2,58,0,16,79,6,101,72,10,82,183
11/09/2016,SAF,NM,ASW,WE,Federal Contract Tower,0,15,21,3,39,0,3,33,17,53,0,18,54,20,92,58,30,88,180
11/10/2016,SAF,NM,ASW,WE,Federal Contract Tower,0,22,26,8,56,0,0,57,4,61,0,22,83,12,117,60,0,60,177
11/11/2016,SAF,NM,ASW,WE,Federal Contract Tower,0,23,26,1,50,0,1,80,2,83,0,24,106,3,133,98,0,98,231
11/12/2016,SAF,NM,ASW,WE,Federal Contract Tower,0,20,21,2,43,0,2,71,0,73,0,22,92,2,116,100,0,100,216
11/13/2016,SAF,NM,ASW,WE,Federal Contract Tower,0,22,35,1,58,0,0,78,1,79,0,22,113,2,137,56,8,64,201
11/14/2016,SAF,NM,ASW,WE,Federal Contract Tower,0,19,24,6,49,0,1,57,2,60,0,20,81,8,109,64,0,64,173
11/15/2016,SAF,NM,ASW,WE,Federal Contract Tower,0,10,26,3,39,0,3,63,9,75,0,13,89,12,114,94,0,94,208
11/16/2016,SAF,NM,ASW,WE,Federal Contract Tower,0,13,33,2,48,0,2,54,6,62,0,15,87,8,110,14,0,14,124
11/17/2016,SAF,NM,ASW,WE,Federal Contract Tower,0,16,7,1,24,0,0,10,1,11,0,16,17,2,35,6,0,6,41
11/18/2016,SAF,NM,ASW,WE,Federal Contract Tower,0,19,24,5,48,0,2,54,0,56,0,21,78,5,104,38,0,38,142
11/19/2016,SAF,NM,ASW,WE,Federal Contract Tower,0,17,27,10,54,0,2,78,0,80,0,19,105,10,134,104,0,104,238
11/20/2016,SAF,NM,ASW,WE,Federal Contract Tower,0,25,29,3,57,0,3,64,2,69,0,28,93,5,126,56,0,56,182
11/21/2016,SAF,NM,ASW,WE,Federal Contract Tower,0,25,15,0,40,0,9,6,1,16,0,34,21,1,56,0,0,0,56
11/22/2016,SAF,NM,ASW,WE,Federal Contract Tower,0,32,33,3,68,0,2,39,14,55,0,34,72,17,123,46,18,64,187
11/23/2016,SAF,NM,ASW,WE,Federal Contract Tower,0,20,44,0,64,1,59,1,0,61,1,79,45,0,125,64,0,64,189
11/24/2016,SAF,NM,ASW,WE,Federal Contract Tower,0,7,1,0,8,0,0,14,0,14,0,7,15,0,22,4,0,4,26
11/25/2016,SAF,NM,ASW,WE,Federal Contract Tower,0,18,15,0,33,0,0,63,0,63,0,18,78,0,96,26,0,26,122
11/26/2016,SAF,NM,ASW,WE,Federal Contract Tower,0,26,37,0,63,0,1,81,0,82,0,27,118,0,145,58,0,58,203
11/27/2016,SAF,NM,ASW,WE,Federal Contract Tower,0,40,20,0,60,0,3,3,0,6,0,43,23,0,66,2,0,2,68
11/28/2016,SAF,NM,ASW,WE,Federal Contract Tower,0,12,15,6,33,0,4,10,1,15,0,16,25,7,48,0,0,0,48
11/29/2016,SAF,NM,ASW,WE,Federal Contract Tower,0,17,16,5,38,0,1,10,11,22,0,18,26,16,60,34,10,44,104
11/30/2016,SAF,NM,ASW,WE,Federal Contract Tower,0,14,16,2,32,0,1,59,0,60,0,15,75,2,92,64,0,64,156
12/01/2016,SAF,NM,ASW,WE,Federal Contract Tower,0,14,22,4,40,0,2,56,6,64,0,16,78,10,104,70,0,70,174
12/02/2016,SAF,NM,ASW,WE,Federal Contract Tower,0,18,20,1,39,0,2,13,0,15,0,20,33,1,54,0,0,0,54
12/03/2016,SAF,NM,ASW,WE,Federal Contract Tower,0,18,14,1,33,0,0,56,0,56,0,18,70,1,89,60,0,60,149
12/04/2016,SAF,NM,ASW,WE,Federal Contract Tower,0,17,26,2,45,0,1,49,0,50,0,18,75,2,95,0,0,0,95
12/05/2016,SAF,NM,ASW,WE,Federal Contract Tower,0,16,15,2,33,0,1,42,0,43,0,17,57,2,76,30,0,30,106
12/06/2016,SAF,NM,ASW,WE,Federal Contract Tower,0,13,28,3,44,0,0,30,0,30,0,13,58,3,74,50,0,50,124
12/07/2016,SAF,NM,ASW,WE,Federal Contract Tower,0,22,21,5,48,0,0,24,1,25,0,22,45,6,73,8,0,8,81
12/08/2016,SAF,NM,ASW,WE,Federal Contract Tower,0,21,22,5,48,0,1,29,0,30,0,22,51,5,78,70,0,70,148
12/09/2016,SAF,NM,ASW,WE,Federal Contract Tower,0,9,22,0,31,0,4,55,3,62,0,13,77,3,93,78,0,78,171
12/10/2016,SAF,NM,ASW,WE,Federal Contract Tower,0,12,32,2,46,0,0,60,1,61,0,12,92,3,107,44,8,52,159
12/11/2016,SAF,NM,ASW,WE,Federal Contract Tower,0,18,20,0,38,0,11,21,1,33,0,29,41,1,71,8,0,8,79
12/12/2016,SAF,NM,ASW,WE,Federal Contract Tower,0,14,35,4,53,0,6,48,10,64,0,20,83,14,117,68,0,68,185
12/13/2016,SAF,NM,ASW,WE,Federal Contract Tower,0,13,14,4,31,0,0,55,8,63,0,13,69,12,94,74,0,74,168
12/14/2016,SAF,NM,ASW,WE,Federal Contract Tower,0,10,22,2,34,0,0,46,4,50,0,10,68,6,84,78,14,92,176
12/15/2016,SAF,NM,ASW,WE,Federal Contract Tower,2,27,24,3,56,0,1,42,2,45,2,28,66,5,101,72,0,72,173
12/16/2016,SAF,NM,ASW,WE,Federal Contract Tower,2,15,12,0,29,0,0,5,0,5,2,15,17,0,34,2,0,2,36
12/17/2016,SAF,NM,ASW,WE,Federal Contract Tower,2,18,10,0,30,0,2,6,0,8,2,20,16,0,38,0,0,0,38
12/18/2016,SAF,NM,ASW,WE,Federal Contract Tower,2,21,38,1,62,0,3,44,0,47,2,24,82,1,109,48,0,48,157
12/19/2016,SAF,NM,ASW,WE,Federal Contract Tower,2,18,28,2,50,0,0,35,5,40,2,18,63,7,90,62,0,62,152
12/20/2016,SAF,NM,ASW,WE,Federal Contract Tower,2,19,15,4,40,0,0,52,14,66,2,19,67,18,106,114,10,124,230
12/21/2016,SAF,NM,ASW,WE,Federal Contract Tower,2,22,23,0,47,0,2,47,3,52,2,24,70,3,99,54,0,54,153
12/22/2016,SAF,NM,ASW,WE,Federal Contract Tower,2,19,15,0,36,0,0,2,0,2,2,19,17,0,38,0,0,0,38
12/23/2016,SAF,NM,ASW,WE,Federal Contract Tower,2,22,35,0,59,0,2,6,0,8,2,24,41,0,67,6,0,6,73
12/24/2016,SAF,NM,ASW,WE,Federal Contract Tower,2,26,8,0,36,0,1,20,0,21,2,27,28,0,57,40,0,40,97
12/25/2016,SAF,NM,ASW,WE,Federal Contract Tower,2,19,2,0,23,0,2,6,2,10,2,21,8,2,33,0,0,0,33
12/26/2016,SAF,NM,ASW,WE,Federal Contract Tower,2,24,45,0,71,0,0,58,0,58,2,24,103,0,129,66,0,66,195
12/27/2016,SAF,NM,ASW,WE,Federal Contract Tower,2,19,30,7,58,0,0,49,4,53,2,19,79,11,111,32,0,32,143
12/28/2016,SAF,NM,ASW,WE,Federal Contract Tower,2,28,20,4,54,0,0,63,3,66,2,28,83,7,120,32,2,34,154
12/29/2016,SAF,NM,ASW,WE,Federal Contract Tower,2,22,20,11,55,0,2,61,6,69,2,24,81,17,124,68,4,72,196
12/30/2016,SAF,NM,ASW,WE,Federal Contract Tower,2,20,33,0,55,0,0,76,0,76,2,20,109,0,131,40,0,40,171
12/31/2016,SAF,NM,ASW,WE,Federal Contract Tower,2,19,14,0,35,0,2,17,0,19,2,21,31,0,54,56,0,56,110
01/01/2017,SAF,NM,ASW,WE,Federal Contract Tower,2,19,14,0,35,0,0,14,0,14,2,19,28,0,49,0,0,0,49
01/02/2017,SAF,NM,ASW,WE,Federal Contract Tower,2,16,28,0,46,0,0,32,0,32,2,16,60,0,78,76,0,76,154
01/03/2017,SAF,NM,ASW,WE,Federal Contract Tower,2,22,16,0,40,0,1,27,2,30,2,23,43,2,70,42,0,42,112
01/04/2017,SAF,NM,ASW,WE,Federal Contract Tower,2,23,24,0,49,0,2,47,9,58,2,25,71,9,107,34,20,54,161
01/05/2017,SAF,NM,ASW,WE,Federal Contract Tower,2,19,6,3,30,0,0,1,2,3,2,19,7,5,33,0,4,4,37
01/06/2017,SAF,NM,ASW,WE,Federal Contract Tower,0,8,7,0,15,0,3,4,3,10,0,11,11,3,25,0,0,0,25
01/07/2017,SAF,NM,ASW,WE,Federal Contract Tower,2,14,11,6,33,0,3,38,5,46,2,17,49,11,79,74,12,86,165
01/08/2017,SAF,NM,ASW,WE,Federal Contract Tower,2,13,7,3,25,0,1,25,2,28,2,14,32,5,53,12,0,12,65
01/09/2017,SAF,NM,ASW,WE,Federal Contract Tower,2,12,16,4,34,0,4,33,2,39,2,16,49,6,73,38,0,38,111
01/10/2017,SAF,NM,ASW,WE,Federal Contract Tower,2,25,16,4,47,0,4,26,0,30,2,29,42,4,77,12,0,12,89
01/11/2017,SAF,NM,ASW,WE,Federal Contract Tower,2,20,15,1,38,0,2,21,2,25,2,22,36,3,63,18,2,20,83
01/12/2017,SAF,NM,ASW,WE,Federal Contract Tower,2,11,19,3,35,0,5,64,0,69,2,16,83,3,104,44,0,44,148
01/13/2017,SAF,NM,ASW,WE,Federal Contract Tower,2,16,24,4,46,0,3,44,0,47,2,19,68,4,93,72,0,72,165
01/14/2017,SAF,NM,ASW,WE,Federal Contract Tower,4,14,9,0,27,0,0,24,0,24,4,14,33,0,51,114,0,114,165
01/15/2017,SAF,NM,ASW,WE,Federal Contract Tower,2,9,5,0,16,0,0,0,0,0,2,9,5,0,16,0,0,0,16
01/16/2017,SAF,NM,ASW,WE,Federal Contract Tower,2,15,18,0,35,0,0,2,0,2,2,15,20,0,37,20,0,20,57
01/17/2017,SAF,NM,ASW,WE,Federal Contract Tower,2,10,23,4,39,0,2,40,11,53,2,12,63,15,92,96,26,122,214
01/18/2017,SAF,NM,ASW,WE,Federal Contract Tower,2,16,7,5,30,0,5,15,5,25,2,21,22,10,55,44,10,54,109
01/19/2017,SAF,NM,ASW,WE,Federal Contract Tower,1,11,20,0,32,0,0,19,0,19,1,11,39,0,51,42,48,90,141
01/20/2017,SAF,NM,ASW,WE,Federal Contract Tower,2,19,6,4,31,0,3,3,0,6,2,22,9,4,37,18,0,18,55
01/21/2017,SAF,NM,ASW,WE,Federal Contract Tower,2,9,4,0,15,0,0,3,0,3,2,9,7,0,18,0,0,0,18
01/22/2017,SAF,NM,ASW,WE,Federal Contract Tower,2,12,14,1,29,0,0,27,0,27,2,12,41,1,56,80,0,80,136
01/23/2017,SAF,NM,ASW,WE,Federal Contract Tower,2,11,7,0,20,0,6,15,2,23,2,17,22,2,43,12,16,28,71
01/24/2017,SAF,NM,ASW,WE,Federal Contract Tower,2,15,19,3,39,0,3,3,11,17,2,18,22,14,56,0,24,24,80
01/25/2017,SAF,NM,ASW,WE,Federal Contract Tower,2,15,12,12,41,0,2,28,2,32,2,17,40,14,73,60,0,60,133
01/26/2017,SAF,NM,ASW,WE,Federal Contract Tower,2,14,16,3,35,0,3,42,13,58,2,17,58,16,93,102,16,118,211
01/27/2017,SAF,NM,ASW,WE,Federal Contract Tower,2,14,63,7,86,0,7,28,3,38,2,21,91,10,124,8,0,8,132
01/28/2017,SAF,NM,ASW,WE,Federal Contract Tower,2,9,23,2,36,0,3,48,1,52,2,12,71,3,88,136,0,136,224
01/29/2017,SAF,NM,ASW,WE,Federal Contract Tower,2,12,36,0,50,0,4,52,0,56,2,16,88,0,106,60,0,60,166
01/30/2017,SAF,NM,ASW,WE,Federal Contract Tower,2,13,14,5,34,0,0,33,3,36,2,13,47,8,70,62,0,62,132
01/31/2017,SAF,NM,ASW,WE,Federal Contract Tower,2,10,24,13,49,0,3,53,15,71,2,13,77,28,120,144,6,150,270
02/01/2017,SAF,NM,ASW,WE,Federal Contract Tower,2,16,13,0,31,0,0,36,1,37,2,16,49,1,68,44,0,44,112
02/02/2017,SAF,NM,ASW,WE,Federal Contract Tower,2,17,20,1,40,0,5,54,4,63,2,22,74,5,103,78,0,78,181
02/03/2017,SAF,NM,ASW,WE,Federal Contract Tower,2,14,22,0,38,0,0,45,6,51,2,14,67,6,89,40,0,40,129
02/04/2017,SAF,NM,ASW,WE,Federal Contract Tower,2,15,18,0,35,0,0,54,3,57,2,15,72,3,92,30,0,30,122
02/05/2017,SAF,NM,ASW,WE,Federal Contract Tower,2,16,22,0,40,0,0,43,5,48,2,16,65,5,88,46,0,46,134
02/06/2017,SAF,NM,ASW,WE,Federal Contract Tower,2,17,20,0,39,0,0,14,3,17,2,17,34,3,56,2,0,2,58
02/07/2017,SAF,NM,ASW,WE,Federal Contract Tower,2,16,24,0,42,0,1,23,2,26,2,17,47,2,68,36,0,36,104
02/08/2017,SAF,NM,ASW,WE,Federal Contract Tower,2,12,16,2,32,0,6,16,2,24,2,18,32,4,56,8,2,10,66
02/09/2017,SAF,NM,ASW,WE,Federal Contract Tower,2,20,27,4,53,0,1,48,0,49,2,21,75,4,102,50,0,50,152
02/10/2017,SAF,NM,ASW,WE,Federal Contract Tower,2,21,23,1,47,0,10,60,5,75,2,31,83,6,122,78,0,78,200
02/11/2017,SAF,NM,ASW,WE,Federal Contract Tower,2,12,18,2,34,0,2,59,5,66,2,14,77,7,100,98,0,98,198
02/12/2017,SAF,NM,ASW,WE,Federal Contract Tower,2,23,15,0,40,0,2,23,7,32,2,25,38,7,72,60,0,60,132
02/13/2017,SAF,NM,ASW,WE,Federal Contract Tower,2,18,15,0,35,0,0,5,0,5,2,18,20,0,40,2,0,2,42
02/14/2017,SAF,NM,ASW,WE,Federal Contract Tower,2,9,13,3,27,0,0,14,0,14,2,9,27,3,41,24,0,24,65
02/15/2017,SAF,NM,ASW,WE,Federal Contract Tower,2,13,20,3,38,0,4,52,8,64,2,17,72,11,102,76,24,100,202
02/16/2017,SAF,NM,ASW,WE,Federal Contract Tower,6,13,29,4,52,0,2,75,9,86,6,15,104,13,138,126,0,126,264
02/17/2017,SAF,NM,ASW,WE,Federal Contract Tower,5,12,41,4,62,0,1,56,2,59,5,13,97,6,121,75,0,75,196
02/18/2017,SAF,NM,ASW,WE,Federal Contract Tower,5,7,19,0,31,0,0,62,0,62,5,7,81,0,93,104,0,104,197
02/19/2017,SAF,NM,ASW,WE,Federal Contract Tower,7,11,10,0,28,0,4,11,0,15,7,15,21,0,43,32,0,32,75
02/20/2017,SAF,NM,ASW,WE,Federal Contract Tower,6,12,24,0,42,0,3,59,0,62,6,15,83,0,104,104,0,104,208
02/21/2017,SAF,NM,ASW,WE,Federal Contract Tower,6,9,29,4,48,0,2,31,10,43,6,11,60,14,91,146,14,160,251
02/22/2017,SAF,NM,ASW,WE,Federal Contract Tower,7,15,25,4,51,0,3,39,9,51,7,18,64,13,102,168,15,183,285
02/23/2017,SAF,NM,ASW,WE,Federal Contract Tower,7,7,17,3,34,0,0,4,0,4,7,7,21,3,38,0,0,0,38
02/24/2017,SAF,NM,ASW,WE,Federal Contract Tower,7,13,18,2,40,0,0,21,2,23,7,13,39,4,63,30,0,30,93
02/25/2017,SAF,NM,ASW,WE,Federal Contract Tower,6,2,24,0,32,0,2,51,12,65,6,4,75,12,97,124,28,152,249
02/26/2017,SAF,NM,ASW,WE,Federal Contract Tower,9,11,14,3,37,0,0,22,1,23,9,11,36,4,60,46,0,46,106
02/27/2017,SAF,NM,ASW,WE,Federal Contract Tower,8,14,12,2,36,0,0,21,2,23,8,14,33,4,59,26,0,26,85
02/28/2017,SAF,NM,ASW,WE,Federal Contract Tower,8,17,16,0,41,0,0,0,0,0,8,17,16,0,41,0,0,0,41
03/01/2017,SAF,NM,ASW,WE,Federal Contract Tower,7,11,27,2,47,0,3,50,11,64,7,14,77,13,111,162,4,166,277
03/02/2017,SAF,NM,ASW,WE,Federal Contract Tower,7,5,31,0,43,0,2,71,0,73,7,7,102,0,116,158,4,162,278
03/03/2017,SAF,NM,ASW,WE,Federal Contract Tower,7,8,33,8,56,0,0,75,1,76,7,8,108,9,132,94,0,94,226
03/04/2017,SAF,NM,ASW,WE,Federal Contract Tower,6,5,17,6,34,0,2,82,5,89,6,7,99,11,123,134,34,168,291
03/05/2017,SAF,NM,ASW,WE,Federal Contract Tower,6,17,26,1,50,0,2,41,0,43,6,19,67,1,93,130,0,130,223
03/06/2017,SAF,NM,ASW,WE,Federal Contract Tower,4,6,10,0,20,0,0,5,4,9,4,6,15,4,29,0,24,24,53
03/07/2017,SAF,NM,ASW,WE,Federal Contract Tower,6,8,32,3,49,0,3,56,5,64,6,11,88,8,113,78,0,78,191
03/08/2017,SAF,NM,ASW,WE,Federal Contract Tower,7,8,20,5,40,0,2,48,9,59,7,10,68,14,99,46,2,48,147
03/09/2017,SAF,NM,ASW,WE,Federal Contract Tower,7,13,18,8,46,0,2,46,8,56,7,15,64,16,102,62,0,62,164
03/10/2017,SAF,NM,ASW,WE,Federal Contract Tower,7,14,34,9,64,0,2,55,2,59,7,16,89,11,123,38,4,42,165
03/11/2017,SAF,NM,ASW,WE,Federal Contract Tower,8,12,20,23,63,0,1,63,8,72,8,13,83,31,135,144,44,188,323
03/12/2017,SAF,NM,ASW,WE,Federal Contract Tower,9,18,29,1,57,0,4,58,3,65,9,22,87,4,122,134,0,134,256
03/13/2017,SAF,NM,ASW,WE,Federal Contract Tower,8,16,20,2,46,0,3,57,1,61,8,19,77,3,107,136,0,136,243
03/14/2017,SAF,NM,ASW,WE,Federal Contract Tower,6,12,21,2,41,0,4,32,5,41,6,16,53,7,82,92,0,92,174
03/15/2017,SAF,NM,ASW,WE,Federal Contract Tower,7,7,22,0,36,0,2,51,4,57,7,9,73,4,93,84,0,84,177
03/16/2017,SAF,NM,ASW,WE,Federal Contract Tower,6,6,27,2,41,0,1,54,3,58,6,7,81,5,99,42,0,42,141
03/17/2017,SAF,NM,ASW,WE,Federal Contract Tower,7,4,36,2,49,0,2,75,2,79,7,6,111,4,128,104,0,104,232
03/18/2017,SAF,NM,ASW,WE,Federal Contract Tower,6,11,21,2,40,0,1,54,2,57,6,12,75,4,97,76,0,76,173
03/19/2017,SAF,NM,ASW,WE,Federal Contract Tower,7,8,30,2,47,0,0,64,0,64,7,8,94,2,111,164,0,164,275
03/20/2017,SAF,NM,ASW,WE,Federal Contract Tower,6,7,25,6,44,0,2,39,2,43,6,9,64,8,87,48,8,56,143
03/21/2017,SAF,NM,ASW,WE,Federal Contract Tower,7,5,28,2,42,0,4,46,5,55,7,9,74,7,97,32,0,32,129
03/22/2017,SAF,NM,ASW,WE,Federal Contract Tower,7,8,15,4,34,0,3,52,0,55,7,11,67,4,89,42,0,42,131
03/23/2017,SAF,NM,ASW,WE,Federal Contract Tower,7,19,14,4,44,0,0,20,2,22,7,19,34,6,66,28,0,28,94
03/24/2017,SAF,NM,ASW,WE,Federal Contract Tower,7,10,13,2,32,0,1,34,0,35,7,11,47,2,67,22,0,22,89
03/25/2017,SAF,NM,ASW,WE,Federal Contract Tower,7,18,20,1,46,0,2,63,1,66,7,20,83,2,112,70,0,70,182
03/26/2017,SAF,NM,ASW,WE,Federal Contract Tower,8,13,25,0,46,0,2,46,1,49,8,15,71,1,95,98,0,98,193
03/27/2017,SAF,NM,ASW,WE,Federal Contract Tower,8,17,7,0,32,0,4,47,5,56,8,21,54,5,88,116,0,116,204
03/28/2017,SAF,NM,ASW,WE,Federal Contract Tower,6,10,11,2,29,0,0,0,2,2,6,10,11,4,31,0,4,4,35
03/29/2017,SAF,NM,ASW,WE,Federal Contract Tower,6,6,21,0,33,0,0,10,19,29,6,6,31,19,62,22,32,54,116
03/30/2017,SAF,NM,ASW,WE,Federal Contract Tower,7,15,27,1,50,0,0,51,3,54,7,15,78,4,104,72,0,72,176
03/31/2017,SAF,NM,ASW,WE,Federal Contract Tower,7,14,22,2,45,0,0,8,4,12,7,14,30,6,57,0,6,6,63
04/01/2017,SAF,NM,ASW,WE,Federal Contract Tower,5,7,10,0,22,0,0,5,0,5,5,7,15,0,27,22,0,22,49
04/02/2017,SAF,NM,ASW,WE,Federal Contract Tower,7,10,31,0,48,0,3,42,0,45,7,13,73,0,93,52,0,52,145
04/03/2017,SAF,NM,ASW,WE,Federal Contract Tower,6,8,13,5,32,0,1,47,2,50,6,9,60,7,82,92,0,92,174
04/04/2017,SAF,NM,ASW,WE,Federal Contract Tower,7,7,9,0,23,0,0,1,4,5,7,7,10,4,28,4,0,4,32
04/05/2017,SAF,NM,ASW,WE,Federal Contract Tower,7,9,16,3,35,0,2,67,20,89,7,11,83,23,124,38,0,38,162
04/06/2017,SAF,NM,ASW,WE,Federal Contract Tower,7,11,34,3,55,0,7,67,4,78,7,18,101,7,133,136,8,144,277
04/07/2017,SAF,NM,ASW,WE,Federal Contract Tower,7,10,24,1,42,0,1,64,0,65,7,11,88,1,107,110,0,110,217
04/08/2017,SAF,NM,ASW,WE,Federal Contract Tower,6,11,15,10,42,0,2,62,17,81,6,13,77,27,123,104,8,112,235
04/09/2017,SAF,NM,ASW,WE,Federal Contract Tower,18,17,20,5,60,0,0,30,6,36,18,17,50,11,96,82,14,96,192
04/10/2017,SAF,NM,ASW,WE,Federal Contract Tower,6,19,17,6,48,0,1,33,8,42,6,20,50,14,90,98,44,142,232
04/11/2017,SAF,NM,ASW,WE,Federal Contract Tower,6,9,13,6,34,0,3,41,2,46,6,12,54,8,80,56,0,56,136
04/12/2017,SAF,NM,ASW,WE,Federal Contract Tower,7,17,16,9,49,0,0,33,4,37,7,17,49,13,86,58,0,58,144
04/13/2017,SAF,NM,ASW,WE,Federal Contract Tower,7,8,37,4,56,0,0,61,1,62,7,8,98,5,118,68,0,68,186
04/14/2017,SAF,NM,ASW,WE,Federal Contract Tower,7,8,22,9,46,0,4,53,7,64,7,12,75,16,110,42,0,42,152
04/15/2017,SAF,NM,ASW,WE,Federal Contract Tower,7,11,18,0,36,0,1,50,0,51,7,12,68,0,87,72,0,72,159
04/16/2017,SAF,NM,ASW,WE,Federal Contract Tower,8,11,21,0,40,0,0,45,0,45,8,11,66,0,85,44,0,44,129
04/17/2017,SAF,NM,ASW,WE,Federal Contract Tower,8,12,21,2,43,0,2,56,0,58,8,14,77,2,101,118,0,118,219
04/18/2017,SAF,NM,ASW,WE,Federal Contract Tower,7,15,14,7,43,0,6,55,18,79,7,21,69,25,122,82,18,100,222
04/19/2017,SAF,NM,ASW,WE,Federal Contract Tower,7,7,9,8,31,0,3,42,5,50,7,10,51,13,81,30,2,32,113
04/20/2017,SAF,NM,ASW,WE,Federal Contract Tower,7,6,27,8,48,0,1,36,13,50,7,7,63,21,98,32,12,44,142
04/21/2017,SAF,NM,ASW,WE,Federal Contract Tower,7,5,24,8,44,0,0,37,6,43,7,5,61,14,87,18,10,28,115
04/22/2017,SAF,NM,ASW,WE,Federal Contract Tower,8,4,13,2,27,0,1,55,1,57,8,5,68,3,84,90,10,100,184
04/23/2017,SAF,NM,ASW,WE,Federal Contract Tower,8,11,27,5,51,0,1,48,2,51,8,12,75,7,102,96,26,122,224
04/24/2017,SAF,NM,ASW,WE,Federal Contract Tower,7,8,28,0,43,0,0,34,0,34,7,8,62,0,77,2,0,2,79
04/25/2017,SAF,NM,ASW,WE,Federal Contract Tower,6,9,13,2,30,0,0,6,0,6,6,9,19,2,36,0,0,0,36
04/26/2017,SAF,NM,ASW,WE,Federal Contract Tower,7,4,30,9,50,0,2,50,11,63,7,6,80,20,113,56,8,64,177
04/27/2017,SAF,NM,ASW,WE,Federal Contract Tower,7,10,22,3,42,0,3,25,2,30,7,13,47,5,72,42,0,42,114
04/28/2017,SAF,NM,ASW,WE,Federal Contract Tower,5,13,23,5,46,0,0,2,0,2,5,13,25,5,48,0,0,0,48
04/29/2017,SAF,NM,ASW,WE,Federal Contract Tower,2,4,3,0,9,0,0,1,0,1,2,4,4,0,10,0,0,0,10
04/30/2017,SAF,NM,ASW,WE,Federal Contract Tower,5,8,19,2,34,0,0,30,0,30,5,8,49,2,64,64,0,64,128
05/01/2017,SAF,NM,ASW,WE,Federal Contract Tower,7,13,24,4,48,0,0,49,0,49,7,13,73,4,97,92,0,92,189
05/02/2017,SAF,NM,ASW,WE,Federal Contract Tower,7,5,16,4,32,0,6,43,14,63,7,11,59,18,95,20,10,30,125
05/03/2017,SAF,NM,ASW,WE,Federal Contract Tower,7,9,18,2,36,0,2,59,2,63,7,11,77,4,99,18,12,30,129
05/04/2017,SAF,NM,ASW,WE,Federal Contract Tower,8,15,29,6,58,0,2,67,4,73,8,17,96,10,131,110,18,128,259
05/05/2017,SAF,NM,ASW,WE,Federal Contract Tower,5,15,36,0,56,0,4,67,10,81,5,19,103,10,137,90,10,100,237
05/06/2017,SAF,NM,ASW,WE,Federal Contract Tower,5,10,13,2,30,0,3,64,3,70,5,13,77,5,100,54,0,54,154
05/07/2017,SAF,NM,ASW,WE,Federal Contract Tower,8,29,27,4,68,0,2,42,7,51,8,31,69,11,119,106,0,106,225
05/08/2017,SAF,NM,ASW,WE,Federal Contract Tower,6,16,11,3,36,0,0,45,6,51,6,16,56,9,87,74,20,94,181
05/09/2017,SAF,NM,ASW,WE,Federal Contract Tower,4,13,14,2,33,0,0,7,2,9,4,13,21,4,42,30,0,30,72
05/10/2017,SAF,NM,ASW,WE,Federal Contract Tower,5,17,13,1,36,0,1,16,2,19,5,18,29,3,55,30,6,36,91
05/11/2017,SAF,NM,ASW,WE,Federal Contract Tower,7,27,21,6,61,0,6,43,10,59,7,33,64,16,120,48,14,62,182
05/12/2017,SAF,NM,ASW,WE,Federal Contract Tower,5,16,33,2,56,0,1,76,0,77,5,17,109,2,133,60,0,60,193
05/13/2017,SAF,NM,ASW,WE,Federal Contract Tower,5,11,17,2,35,0,0,36,2,38,5,11,53,4,73,40,0,40,113
05/14/2017,SAF,NM,ASW,WE,Federal Contract Tower,7,23,28,0,58,0,0,40,0,40,7,23,68,0,98,82,0,82,180
05/15/2017,SAF,NM,ASW,WE,Federal Contract Tower,5,14,22,3,44,0,3,33,5,41,5,17,55,8,85,26,0,26,111
05/16/2017,SAF,NM,ASW,WE,Federal Contract Tower,2,10,25,1,38,0,2,39,15,56,2,12,64,16,94,78,20,98,192
05/17/2017,SAF,NM,ASW,WE,Federal Contract Tower,5,15,23,1,44,0,2,46,8,56,5,17,69,9,100,52,2,54,154
05/18/2017,SAF,NM,ASW,WE,Federal Contract Tower,5,13,28,0,46,0,3,30,2,35,5,16,58,2,81,40,0,40,121
05/19/2017,SAF,NM,ASW,WE,Federal Contract Tower,3,21,12,0,36,0,2,21,3,26,3,23,33,3,62,34,0,34,96
05/20/2017,SAF,NM,ASW,WE,Federal Contract Tower,5,13,14,0,32,0,1,74,5,80,5,14,88,5,112,72,16,88,200
05/21/2017,SAF,NM,ASW,WE,Federal Contract Tower,6,16,34,1,57,0,7,85,3,95,6,23,119,4,152,144,8,152,304
05/22/2017,SAF,NM,ASW,WE,Federal Contract Tower,5,15,15,5,40,0,5,41,4,50,5,20,56,9,90,90,0,90,180
05/23/2017,SAF,NM,ASW,WE,Federal Contract Tower,3,11,25,1,40,0,2,59,13,74,3,13,84,14,114,124,12,136,250
05/24/2017,SAF,NM,ASW,WE,Federal Contract Tower,4,10,26,6,46,0,6,81,12,99,4,16,107,18,145,40,0,40,185
05/25/2017,SAF,NM,ASW,WE,Federal Contract Tower,6,26,31,0,63,0,1,44,5,50,6,27,75,5,113,48,26,74,187
05/26/2017,SAF,NM,ASW,WE,Federal Contract Tower,5,12,25,0,42,0,2,53,3,58,5,14,78,3,100,72,0,72,172
05/27/2017,SAF,NM,ASW,WE,Federal Contract Tower,4,14,14,0,32,0,2,47,0,49,4,16,61,0,81,110,0,110,191
05/28/2017,SAF,NM,ASW,WE,Federal Contract Tower,5,10,16,0,31,0,0,60,0,60,5,10,76,0,91,86,0,86,177
05/29/2017,SAF,NM,ASW,WE,Federal Contract Tower,4,9,28,0,41,0,0,46,1,47,4,9,74,1,88,36,0,36,124
05/30/2017,SAF,NM,ASW,WE,Federal Contract Tower,5,15,26,3,49,0,2,42,11,55,5,17,68,14,104,76,6,82,186
05/31/2017,SAF,NM,ASW,WE,Federal Contract Tower,6,11,23,3,43,0,2,24,0,26,6,13,47,3,69,56,10,66,135
06/01/2017,SAF,NM,ASW,WE,Federal Contract Tower,5,16,19,1,41,0,0,49,5,54,5,16,68,6,95,82,2,84,179
06/02/2017,SAF,NM,ASW,WE,Federal Contract Tower,7,9,25,1,42,0,1,47,5,53,7,10,72,6,95,56,0,56,151
06/03/2017,SAF,NM,ASW,WE,Federal Contract Tower,6,12,22,5,45,0,0,57,24,81,6,12,79,29,126,72,0,72,198
06/04/2017,SAF,NM,ASW,WE,Federal Contract Tower,7,22,31,2,62,0,1,52,4,57,7,23,83,6,119,66,0,66,185
06/05/2017,SAF,NM,ASW,WE,Federal Contract Tower,7,22,30,1,60,0,3,28,1,32,7,25,58,2,92,50,0,50,142
06/06/2017,SAF,NM,ASW,WE,Federal Contract Tower,6,18,22,5,51,0,1,44,6,51,6,19,66,11,102,50,0,50,152
06/07/2017,SAF,NM,ASW,WE,Federal Contract Tower,7,7,22,1,37,0,1,35,7,43,7,8,57,8,80,50,0,50,130
06/08/2017,SAF,NM,ASW,WE,Federal Contract Tower,7,22,31,5,65,0,3,36,1,40,7,25,67,6,105,14,18,32,137
06/09/2017,SAF,NM,ASW,WE,Federal Contract Tower,7,20,32,0,59,0,2,74,0,76,7,22,106,0,135,76,0,76,211
06/10/2017,SAF,NM,ASW,WE,Federal Contract Tower,6,13,16,3,38,0,0,48,0,48,6,13,64,3,86,94,0,94,180
06/11/2017,SAF,NM,ASW,WE,Federal Contract Tower,7,29,27,1,64,0,0,51,0,51,7,29,78,1,115,104,0,104,219
06/12/2017,SAF,NM,ASW,WE,Federal Contract Tower,7,14,23,2,46,0,2,44,3,49,7,16,67,5,95,38,0,38,133
06/13/2017,SAF,NM,ASW,WE,Federal Contract Tower,6,22,23,6,57,0,0,66,3,69,6,22,89,9,126,38,0,38,164
06/14/2017,SAF,NM,ASW,WE,Federal Contract Tower,7,12,29,5,53,0,2,63,2,67,7,14,92,7,120,72,0,72,192
06/15/2017,SAF,NM,ASW,WE,Federal Contract Tower,8,16,29,2,55,0,0,73,10,83,8,16,102,12,138,40,0,40,178
06/16/2017,SAF,NM,ASW,WE,Federal Contract Tower,7,16,37,7,67,0,2,91,8,101,7,18,128,15,168,102,6,108,276
06/17/2017,SAF,NM,ASW,WE,Federal Contract Tower,7,14,21,0,42,0,0,75,3,78,7,14,96,3,120,16,2,18,138
06/18/2017,SAF,NM,ASW,WE,Federal Contract Tower,7,15,19,0,41,0,0,69,0,69,7,15,88,0,110,32,0,32,142
06/19/2017,SAF,NM,ASW,WE,Federal Contract Tower,8,12,14,4,38,0,5,46,7,58,8,17,60,11,96,22,4,26,122
06/20/2017,SAF,NM,ASW,WE,Federal Contract Tower,6,15,28,4,53,0,0,53,6,59,6,15,81,10,112,42,0,42,154
06/21/2017,SAF,NM,ASW,WE,Federal Contract Tower,7,14,33,2,56,0,2,62,8,72,7,16,95,10,128,12,0,12,140
06/22/2017,SAF,NM,ASW,WE,Federal Contract Tower,7,12,30,1,50,0,2,85,1,88,7,14,115,2,138,71,0,71,209
06/23/2017,SAF,NM,ASW,WE,Federal Contract Tower,7,17,28,0,52,0,1,96,0,97,7,18,124,0,149,44,0,44,193
06/24/2017,SAF,NM,ASW,WE,Federal Contract Tower,8,9,27,0,44,0,3,41,2,46,8,12,68,2,90,14,0,14,104
06/25/2017,SAF,NM,ASW,WE,Federal Contract Tower,9,22,26,2,59,0,2,37,0,39,9,24,63,2,98,24,0,24,122
06/26/2017,SAF,NM,ASW,WE,Federal Contract Tower,8,12,29,2,51,0,2,84,5,91,8,14,113,7,142,6,0,6,148
06/27/2017,SAF,NM,ASW,WE,Federal Contract Tower,8,22,27,9,66,0,5,63,8,76,8,27,90,17,142,34,2,36,178
06/28/2017,SAF,NM,ASW,WE,Federal Contract Tower,7,12,28,6,53,0,1,67,9,77,7,13,95,15,130,54,2,56,186
06/29/2017,SAF,NM,ASW,WE,Federal Contract Tower,6,23,24,6,59,0,2,78,6,86,6,25,102,12,145,100,10,110,255
06/30/2017,SAF,NM,ASW,WE,Federal Contract Tower,6,23,41,4,74,0,2,78,0,80,6,25,119,4,154,80,0,80,234
07/01/2017,SAF,NM,ASW,WE,Federal Contract Tower,7,16,16,0,39,0,0,33,0,33,7,16,49,0,72,18,0,18,90
07/02/2017,SAF,NM,ASW,WE,Federal Contract Tower,8,15,25,0,48,0,0,43,0,43,8,15,68,0,91,56,0,56,147
07/03/2017,SAF,NM,ASW,WE,Federal Contract Tower,6,12,22,2,42,0,4,46,4,54,6,16,68,6,96,54,0,54,150
07/04/2017,SAF,NM,ASW,WE,Federal Contract Tower,6,11,15,3,35,0,2,51,0,53,6,13,66,3,88,60,0,60,148
07/05/2017,SAF,NM,ASW,WE,Federal Contract Tower,7,14,24,4,49,0,3,54,5,62,7,17,78,9,111,64,0,64,175
07/06/2017,SAF,NM,ASW,WE,Federal Contract Tower,5,15,30,3,53,0,1,52,2,55,5,16,82,5,108,44,0,44,152
07/07/2017,SAF,NM,ASW,WE,Federal Contract Tower,9,18,18,4,49,0,0,60,6,66,9,18,78,10,115,84,0,84,199
07/08/2017,SAF,NM,ASW,WE,Federal Contract Tower,7,14,19,1,41,0,0,51,2,53,7,14,70,3,94,40,0,40,134
07/09/2017,SAF,NM,ASW,WE,Federal Contract Tower,9,16,31,0,56,0,1,53,0,54,9,17,84,0,110,26,0,26,136
07/10/2017,SAF,NM,ASW,WE,Federal Contract Tower,6,12,21,0,39,0,2,35,7,44,6,14,56,7,83,74,10,84,167
07/11/2017,SAF,NM,ASW,WE,Federal Contract Tower,6,12,21,2,41,0,1,40,2,43,6,13,61,4,84,12,0,12,96
07/12/2017,SAF,NM,ASW,WE,Federal Contract Tower,7,14,33,2,56,0,2,33,0,35,7,16,66,2,91,28,0,28,119
07/13/2017,SAF,NM,ASW,WE,Federal Contract Tower,7,17,32,3,59,0,0,41,7,48,7,17,73,10,107,8,10,18,125
07/14/2017,SAF,NM,ASW,WE,Federal Contract Tower,5,27,30,4,66,0,4,52,6,62,5,31,82,10,128,44,2,46,174
07/15/2017,SAF,NM,ASW,WE,Federal Contract Tower,7,17,37,0,61,0,2,60,4,66,7,19,97,4,127,82,0,82,209
07/16/2017,SAF,NM,ASW,WE,Federal Contract Tower,10,17,32,0,59,0,0,46,0,46,10,17,78,0,105,54,0,54,159
07/17/2017,SAF,NM,ASW,WE,Federal Contract Tower,8,14,37,4,63,0,1,44,5,50,8,15,81,9,113,20,2,22,135
07/18/2017,SAF,NM,ASW,WE,Federal Contract Tower,6,12,22,3,43,0,5,39,9,53,6,17,61,12,96,52,0,52,148
07/19/2017,SAF,NM,ASW,WE,Federal Contract Tower,5,13,29,4,51,0,3,52,5,60,5,16,81,9,111,60,0,60,171
07/20/2017,SAF,NM,ASW,WE,Federal Contract Tower,7,15,43,0,65,0,1,68,10,79,7,16,111,10,144,76,10,86,230
07/21/2017,SAF,NM,ASW,WE,Federal Contract Tower,7,11,43,0,61,0,1,71,0,72,7,12,114,0,133,90,0,90,223
07/22/2017,SAF,NM,ASW,WE,Federal Contract Tower,6,19,30,4,59,0,1,81,0,82,6,20,111,4,141,64,0,64,205
07/23/2017,SAF,NM,ASW,WE,Federal Contract Tower,9,20,32,0,61,0,0,52,0,52,9,20,84,0,113,38,0,38,151
07/24/2017,SAF,NM,ASW,WE,Federal Contract Tower,6,16,17,6,45,0,0,50,1,51,6,16,67,7,96,46,0,46,142
07/25/2017,SAF,NM,ASW,WE,Federal Contract Tower,7,22,17,1,47,0,5,53,10,68,7,27,70,11,115,86,0,86,201
07/26/2017,SAF,NM,ASW,WE,Federal Contract Tower,7,12,42,1,62,0,0,46,7,53,7,12,88,8,115,40,0,40,155
07/27/2017,SAF,NM,ASW,WE,Federal Contract Tower,7,18,44,2,71,0,3,30,2,35,7,21,74,4,106,18,0,18,124
07/28/2017,SAF,NM,ASW,WE,Federal Contract Tower,7,10,26,5,48,0,8,46,3,57,7,18,72,8,105,28,0,28,133
07/29/2017,SAF,NM,ASW,WE,Federal Contract Tower,7,12,22,1,42,0,3,67,6,76,7,15,89,7,118,30,10,40,158
07/30/2017,SAF,NM,ASW,WE,Federal Contract Tower,9,19,40,2,70,0,1,49,9,59,9,20,89,11,129,70,0,70,199
07/31/2017,SAF,NM,ASW,WE,Federal Contract Tower,8,16,43,0,67,0,3,40,3,46,8,19,83,3,113,62,0,62,175
08/01/2017,SAF,NM,ASW,WE,Federal Contract Tower,6,16,28,0,50,0,2,61,3,66,6,18,89,3,116,66,0,66,182
08/02/2017,SAF,NM,ASW,WE,Federal Contract Tower,6,16,33,3,58,0,4,64,10,78,6,20,97,13,136,132,8,140,276
08/03/2017,SAF,NM,ASW,WE,Federal Contract Tower,7,18,36,3,64,0,0,63,24,87,7,18,99,27,151,64,4,68,219
08/04/2017,SAF,NM,ASW,WE,Federal Contract Tower,7,19,34,2,62,0,1,74,12,87,7,20,108,14,149,26,0,26,175
08/05/2017,SAF,NM,ASW,WE,Federal Contract Tower,7,19,18,2,46,0,0,41,10,51,7,19,59,12,97,64,0,64,161
08/06/2017,SAF,NM,ASW,WE,Federal Contract Tower,9,10,40,3,62,0,2,66,13,81,9,12,106,16,143,124,0,124,267
08/07/2017,SAF,NM,ASW,WE,Federal Contract Tower,7,13,29,1,50,0,0,53,14,67,7,13,82,15,117,76,0,76,193
08/08/2017,SAF,NM,ASW,WE,Federal Contract Tower,6,15,33,2,56,0,8,46,19,73,6,23,79,21,129,42,0,42,171
08/09/2017,SAF,NM,ASW,WE,Federal Contract Tower,7,25,34,1,67,0,4,57,14,75,7,29,91,15,142,94,0,94,236
08/10/2017,SAF,NM,ASW,WE,Federal Contract Tower,7,23,29,1,60,0,3,65,0,68,7,26,94,1,128,94,0,94,222
08/11/2017,SAF,NM,ASW,WE,Federal Contract Tower,9,18,48,2,77,0,0,48,0,48,9,18,96,2,125,14,0,14,139
08/12/2017,SAF,NM,ASW,WE,Federal Contract Tower,7,14,32,1,54,0,0,39,15,54,7,14,71,16,108,104,4,108,216
08/13/2017,SAF,NM,ASW,WE,Federal Contract Tower,9,24,43,2,78,0,3,71,1,75,9,27,114,3,153,124,0,124,277
08/14/2017,SAF,NM,ASW,WE,Federal Contract Tower,7,15,40,0,62,0,1,67,29,97,7,16,107,29,159,116,0,116,275
08/15/2017,SAF,NM,ASW,WE,Federal Contract Tower,6,21,21,0,48,0,4,52,0,56,6,25,73,0,104,86,0,86,190
08/16/2017,SAF,NM,ASW,WE,Federal Contract Tower,5,23,36,0,64,0,3,41,0,44,5,26,77,0,108,52,0,52,160
08/17/2017,SAF,NM,ASW,WE,Federal Contract Tower,5,28,43,2,78,0,3,60,1,64,5,31,103,3,142,80,0,80,222
08/18/2017,SAF,NM,ASW,WE,Federal Contract Tower,8,17,34,2,61,0,0,80,6,86,8,17,114,8,147,120,0,120,267
08/19/2017,SAF,NM,ASW,WE,Federal Contract Tower,7,8,31,1,47,0,1,58,0,59,7,9,89,1,106,62,0,62,168
08/20/2017,SAF,NM,ASW,WE,Federal Contract Tower,8,22,46,0,76,0,1,42,1,44,8,23,88,1,120,66,0,66,186
08/21/2017,SAF,NM,ASW,WE,Federal Contract Tower,7,17,32,1,57,0,0,34,2,36,7,17,66,3,93,44,0,44,137
08/22/2017,SAF,NM,ASW,WE,Federal Contract Tower,9,13,30,0,52,0,0,43,3,46,9,13,73,3,98,90,0,90,188
08/23/2017,SAF,NM,ASW,WE,Federal Contract Tower,6,15,22,0,43,0,0,56,3,59,6,15,78,3,102,108,0,108,210
08/24/2017,SAF,NM,ASW,WE,Federal Contract Tower,7,28,29,3,67,0,0,57,4,61,7,28,86,7,128,142,0,142,270
08/25/2017,SAF,NM,ASW,WE,Federal Contract Tower,7,13,31,16,67,0,0,84,2,86,7,13,115,18,153,82,4,86,239
08/26/2017,SAF,NM,ASW,WE,Federal Contract Tower,7,12,22,0,41,0,1,54,0,55,7,13,76,0,96,64,0,64,160
08/27/2017,SAF,NM,ASW,WE,Federal Contract Tower,8,17,28,2,55,0,2,51,2,55,8,19,79,4,110,90,0,90,200
08/28/2017,SAF,NM,ASW,WE,Federal Contract Tower,7,11,28,1,47,0,1,51,13,65,7,12,79,14,112,88,0,88,200
08/29/2017,SAF,NM,ASW,WE,Federal Contract Tower,6,11,36,2,55,0,1,27,5,33,6,12,63,7,88,52,12,64,152
08/30/2017,SAF,NM,ASW,WE,Federal Contract Tower,6,14,42,0,62,0,1,49,4,54,6,15,91,4,116,68,0,68,184
08/31/2017,SAF,NM,ASW,WE,Federal Contract Tower,7,14,27,5,53,0,0,59,0,59,7,14,86,5,112,108,0,108,220
09/01/2017,SAF,NM,ASW,WE,Federal Contract Tower,6,23,32,2,63,0,0,71,5,76,6,23,103,7,139,84,0,84,223
09/02/2017,SAF,NM,ASW,WE,Federal Contract Tower,8,10,25,0,43,0,0,65,2,67,8,10,90,2,110,54,0,54,164
09/05/2017,SAF,NM,ASW,WE,Federal Contract Tower,6,10,26,3,45,0,0,44,5,49,6,10,70,8,94,88,0,88,182
09/06/2017,SAF,NM,ASW,WE,Federal Contract Tower,5,9,28,5,47,0,0,36,4,40,5,9,64,9,87,64,4,68,155
09/07/2017,SAF,NM,ASW,WE,Federal Contract Tower,7,14,32,6,59,0,1,33,2,36,7,15,65,8,95,36,0,36,131
09/08/2017,SAF,NM,ASW,WE,Federal Contract Tower,7,8,27,6,48,0,0,55,5,60,7,8,82,11,108,86,2,88,196
09/09/2017,SAF,NM,ASW,WE,Federal Contract Tower,7,10,22,1,40,0,1,54,2,57,7,11,76,3,97,34,0,34,131
09/10/2017,SAF,NM,ASW,WE,Federal Contract Tower,9,9,33,3,54,0,0,67,10,77,9,9,100,13,131,116,0,116,247
09/11/2017,SAF,NM,ASW,WE,Federal Contract Tower,9,10,26,2,47,0,2,48,3,53,9,12,74,5,100,80,0,80,180
09/12/2017,SAF,NM,ASW,WE,Federal Contract Tower,7,7,24,5,43,0,1,43,5,49,7,8,67,10,92,98,2,100,192
09/13/2017,SAF,NM,ASW,WE,Federal Contract Tower,8,11,36,2,57,0,0,41,6,47,8,11,77,8,104,36,0,36,140
09/14/2017,SAF,NM,ASW,WE,Federal Contract Tower,3,19,24,4,50,0,2,31,7,40,3,21,55,11,90,44,18,62,152
09/15/2017,SAF,NM,ASW,WE,Federal Contract Tower,6,15,34,6,61,0,1,54,6,61,6,16,88,12,122,74,0,74,196
09/16/2017,SAF,NM,ASW,WE,Federal Contract Tower,8,9,20,0,37,0,0,60,0,60,8,9,80,0,97,102,0,102,199
09/17/2017,SAF,NM,ASW,WE,Federal Contract Tower,8,17,42,1,68,0,0,58,0,58,8,17,100,1,126,70,0,70,196
09/18/2017,SAF,NM,ASW,WE,Federal Contract Tower,7,17,31,1,56,0,0,46,10,56,7,17,77,11,112,38,0,38,150
09/19/2017,SAF,NM,ASW,WE,Federal Contract Tower,7,22,27,5,61,0,2,46,23,71,7,24,73,28,132,76,18,94,226
09/20/2017,SAF,NM,ASW,WE,Federal Contract Tower,8,19,24,8,59,0,2,77,26,105,8,21,101,34,164,98,0,98,262
09/21/2017,SAF,NM,ASW,WE,Federal Contract Tower,8,14,28,3,53,0,4,23,8,35,8,18,51,11,88,40,0,40,128
09/22/2017,SAF,NM,ASW,WE,Federal Contract Tower,7,20,28,4,59,0,0,48,7,55,7,20,76,11,114,48,2,50,164
09/23/2017,SAF,NM,ASW,WE,Federal Contract Tower,8,8,8,0,24,0,0,15,0,15,8,8,23,0,39,42,0,42,81
09/24/2017,SAF,NM,ASW,WE,Federal Contract Tower,7,14,49,0,70,0,2,67,0,69,7,16,116,0,139,94,0,94,233
09/25/2017,SAF,NM,ASW,WE,Federal Contract Tower,7,11,23,2,43,0,2,45,6,53,7,13,68,8,96,28,0,28,124
09/26/2017,SAF,NM,ASW,WE,Federal Contract Tower,6,10,30,2,48,0,4,26,6,36,6,14,56,8,84,52,10,62,146
09/27/2017,SAF,NM,ASW,WE,Federal Contract Tower,10,13,15,0,38,0,0,2,4,6,10,13,17,4,44,0,0,0,44
09/28/2017,SAF,NM,ASW,WE,Federal Contract Tower,7,23,31,0,61,0,0,15,5,20,7,23,46,5,81,26,34,60,141
09/29/2017,SAF,NM,ASW,WE,Federal Contract Tower,7,11,29,0,47,0,0,10,0,10,7,11,39,0,57,16,0,16,73
09/30/2017,SAF,NM,ASW,WE,Federal Contract Tower,7,8,19,0,34,0,0,17,0,17,7,8,36,0,51,12,0,12,63
10/01/2017,SAF,NM,ASW,WE,Federal Contract Tower,7,11,34,0,52,0,0,41,0,41,7,11,75,0,93,106,0,106,199
10/02/2017,SAF,NM,ASW,WE,Federal Contract Tower,7,17,27,0,51,0,2,52,0,54,7,19,79,0,105,86,0,86,191
10/03/2017,SAF,NM,ASW,WE,Federal Contract Tower,6,19,40,0,65,0,5,49,7,61,6,24,89,7,126,50,16,66,192
10/04/2017,SAF,NM,ASW,WE,Federal Contract Tower,6,16,40,1,63,0,0,18,9,27,6,16,58,10,90,14,0,14,104
10/05/2017,SAF,NM,ASW,WE,Federal Contract Tower,6,13,31,2,52,0,1,26,7,34,6,14,57,9,86,16,0,16,102
10/06/2017,SAF,NM,ASW,WE,Federal Contract Tower,5,19,41,3,68,0,2,53,3,58,5,21,94,6,126,52,0,52,178
10/07/2017,SAF,NM,ASW,WE,Federal Contract Tower,8,13,27,1,49,0,6,112,1,119,8,19,139,2,168,128,0,128,296
10/08/2017,SAF,NM,ASW,WE,Federal Contract Tower,7,11,45,0,63,0,0,83,2,85,7,11,128,2,148,66,0,66,214
10/09/2017,SAF,NM,ASW,WE,Federal Contract Tower,7,16,32,0,55,0,0,36,1,37,7,16,68,1,92,82,20,102,194
10/10/2017,SAF,NM,ASW,WE,Federal Contract Tower,7,19,26,8,60,0,4,79,16,99,7,23,105,24,159,130,0,130,289
10/11/2017,SAF,NM,ASW,WE,Federal Contract Tower,7,11,20,3,41,0,0,45,14,59,7,11,65,17,100,72,14,86,186
10/12/2017,SAF,NM,ASW,WE,Federal Contract Tower,7,14,33,0,54,0,2,59,5,66,7,16,92,5,120,76,0,76,196
10/13/2017,SAF,NM,ASW,WE,Federal Contract Tower,7,15,32,12,66,0,0,68,4,72,7,15,100,16,138,46,6,52,190
10/14/2017,SAF,NM,ASW,WE,Federal Contract Tower,8,9,12,7,36,0,1,70,12,83,8,10,82,19,119,48,0,48,167
10/15/2017,SAF,NM,ASW,WE,Federal Contract Tower,7,21,34,2,64,0,3,43,1,47,7,24,77,3,111,54,0,54,165
10/16/2017,SAF,NM,ASW,WE,Federal Contract Tower,8,17,29,1,55,0,2,50,12,64,8,19,79,13,119,96,36,132,251
10/17/2017,SAF,NM,ASW,WE,Federal Contract Tower,6,15,24,4,49,0,3,48,7,58,6,18,72,11,107,98,10,108,215
10/18/2017,SAF,NM,ASW,WE,Federal Contract Tower,7,23,24,3,57,0,5,48,1,54,7,28,72,4,111,84,10,94,205
10/19/2017,SAF,NM,ASW,WE,Federal Contract Tower,6,26,22,3,57,0,1,39,7,47,6,27,61,10,104,34,22,56,160
10/20/2017,SAF,NM,ASW,WE,Federal Contract Tower,8,16,34,3,61,0,0,52,9,61,8,16,86,12,122,72,4,76,198
10/21/2017,SAF,NM,ASW,WE,Federal Contract Tower,8,5,11,2,26,0,3,39,1,43,8,8,50,3,69,44,0,44,113
10/22/2017,SAF,NM,ASW,WE,Federal Contract Tower,6,31,34,2,73,0,0,0,0,0,6,31,34,2,73,40,0,40,113
10/23/2017,SAF,NM,ASW,WE,Federal Contract Tower,9,12,13,1,35,0,0,58,7,65,9,12,71,8,100,56,12,68,168
10/24/2017,SAF,NM,ASW,WE,Federal Contract Tower,6,17,17,2,42,0,7,48,8,63,6,24,65,10,105,44,6,50,155
10/25/2017,SAF,NM,ASW,WE,Federal Contract Tower,5,20,32,4,61,0,2,52,7,61,5,22,84,11,122,52,0,52,174
10/26/2017,SAF,NM,ASW,WE,Federal Contract Tower,6,19,34,8,67,0,3,80,3,86,6,22,114,11,153,108,0,108,261
10/27/2017,SAF,NM,ASW,WE,Federal Contract Tower,8,11,28,3,50,0,0,82,0,82,8,11,110,3,132,90,0,90,222
10/28/2017,SAF,NM,ASW,WE,Federal Contract Tower,8,8,27,0,43,0,1,56,2,59,8,9,83,2,102,42,0,42,144
10/29/2017,SAF,NM,ASW,WE,Federal Contract Tower,8,13,30,0,51,0,2,66,0,68,8,15,96,0,119,100,0,100,219
10/30/2017,SAF,NM,ASW,WE,Federal Contract Tower,8,5,17,0,30,0,0,26,0,26,8,5,43,0,56,22,0,22,78
10/31/2017,SAF,NM,ASW,WE,Federal Contract Tower,6,12,20,0,38,0,6,22,0,28,6,18,42,0,66,88,0,88,154
11/01/2017,SAF,NM,ASW,WE,Federal Contract Tower,7,17,24,2,50,0,1,39,9,49,7,18,63,11,99,68,0,68,167
11/02/2017,SAF,NM,ASW,WE,Federal Contract Tower,7,13,25,0,45,0,3,73,4,80,7,16,98,4,125,102,0,102,227
11/03/2017,SAF,NM,ASW,WE,Federal Contract Tower,7,10,36,1,54,0,3,68,12,83,7,13,104,13,137,102,22,124,261
11/04/2017,SAF,NM,ASW,WE,Federal Contract Tower,8,11,17,0,36,0,1,67,11,79,8,12,84,11,115,104,4,108,223
11/05/2017,SAF,NM,ASW,WE,Federal Contract Tower,7,21,29,0,57,0,1,33,1,35,7,22,62,1,92,76,0,76,168
11/06/2017,SAF,NM,ASW,WE,Federal Contract Tower,8,14,23,0,45,0,3,39,4,46,8,17,62,4,91,64,0,64,155
11/07/2017,SAF,NM,ASW,WE,Federal Contract Tower,9,8,21,0,38,0,1,34,6,41,9,9,55,6,79,56,4,60,139
11/08/2017,SAF,NM,ASW,WE,Federal Contract Tower,7,13,41,1,62,0,7,48,8,63,7,20,89,9,125,74,10,84,209
11/09/2017,SAF,NM,ASW,WE,Federal Contract Tower,10,9,29,0,48,0,2,73,5,80,10,11,102,5,128,124,0,124,252
11/10/2017,SAF,NM,ASW,WE,Federal Contract Tower,8,14,26,2,50,0,1,68,6,75,8,15,94,8,125,82,0,82,207
11/11/2017,SAF,NM,ASW,WE,Federal Contract Tower,9,7,19,0,35,0,1,58,5,64,9,8,77,5,99,50,0,50,149
11/12/2017,SAF,NM,ASW,WE,Federal Contract Tower,7,20,30,0,57,0,3,61,9,73,7,23,91,9,130,122,0,122,252
11/13/2017,SAF,NM,ASW,WE,Federal Contract Tower,9,24,14,2,49,0,0,40,15,55,9,24,54,17,104,90,20,110,214
11/14/2017,SAF,NM,ASW,WE,Federal Contract Tower,8,13,43,3,67,0,1,48,8,57,8,14,91,11,124,54,0,54,178
11/15/2017,SAF,NM,ASW,WE,Federal Contract Tower,8,13,24,7,52,0,3,46,6,55,8,16,70,13,107,14,0,14,121
11/16/2017,SAF,NM,ASW,WE,Federal Contract Tower,7,14,18,0,39,0,0,53,6,59,7,14,71,6,98,122,24,146,244
11/17/2017,SAF,NM,ASW,WE,Federal Contract Tower,8,7,33,1,49,0,2,30,4,36,8,9,63,5,85,44,0,44,129
11/18/2017,SAF,NM,ASW,WE,Federal Contract Tower,9,8,10,0,27,0,4,56,0,60,9,12,66,0,87,84,0,84,171
11/19/2017,SAF,NM,ASW,WE,Federal Contract Tower,7,17,22,3,49,0,0,54,7,61,7,17,76,10,110,136,0,136,246
11/20/2017,SAF,NM,ASW,WE,Federal Contract Tower,9,9,17,2,37,0,2,26,1,29,9,11,43,3,66,30,0,30,96
11/21/2017,SAF,NM,ASW,WE,Federal Contract Tower,7,27,34,5,73,0,9,50,0,59,7,36,84,5,132,66,0,66,198
11/22/2017,SAF,NM,ASW,WE,Federal Contract Tower,8,15,27,1,51,0,1,52,0,53,8,16,79,1,104,33,0,33,137
11/23/2017,SAF,NM,ASW,WE,Federal Contract Tower,3,5,6,0,14,0,3,22,0,25,3,8,28,0,39,4,0,4,43
11/24/2017,SAF,NM,ASW,WE,Federal Contract Tower,4,8,22,0,34,0,1,45,0,46,4,9,67,0,80,66,0,66,146
11/25/2017,SAF,NM,ASW,WE,Federal Contract Tower,7,17,31,0,55,0,1,65,0,66,7,18,96,0,121,36,0,36,157
11/26/2017,SAF,NM,ASW,WE,Federal Contract Tower,11,21,33,0,65,0,2,59,0,61,11,23,92,0,126,100,0,100,226
11/27/2017,SAF,NM,ASW,WE,Federal Contract Tower,10,9,20,0,39,0,3,44,1,48,10,12,64,1,87,96,0,96,183
11/28/2017,SAF,NM,ASW,WE,Federal Contract Tower,8,12,21,4,45,0,1,30,4,35,8,13,51,8,80,92,0,92,172
11/29/2017,SAF,NM,ASW,WE,Federal Contract Tower,7,7,29,3,46,0,0,39,17,56,7,7,68,20,102,22,0,22,124
11/30/2017,SAF,NM,ASW,WE,Federal Contract Tower,8,7,23,1,39,0,0,41,1,42,8,7,64,2,81,50,0,50,131
12/01/2017,SAF,NM,ASW,WE,Federal Contract Tower,8,10,25,2,45,0,2,43,5,50,8,12,68,7,95,40,0,40,135
12/02/2017,SAF,NM,ASW,WE,Federal Contract Tower,9,10,22,5,46,0,1,46,19,66,9,11,68,24,112,46,14,60,172
12/03/2017,SAF,NM,ASW,WE,Federal Contract Tower,7,7,39,0,53,0,1,45,1,47,7,8,84,1,100,94,0,94,194
12/04/2017,SAF,NM,ASW,WE,Federal Contract Tower,8,8,20,2,38,0,7,28,0,35,8,15,48,2,73,22,0,22,95
12/05/2017,SAF,NM,ASW,WE,Federal Contract Tower,9,9,21,4,43,0,2,43,0,45,9,11,64,4,88,76,0,76,164
12/06/2017,SAF,NM,ASW,WE,Federal Contract Tower,7,14,18,3,42,0,5,36,6,47,7,19,54,9,89,42,24,66,155
12/07/2017,SAF,NM,ASW,WE,Federal Contract Tower,8,13,15,2,38,0,0,26,7,33,8,13,41,9,71,8,4,12,83
12/08/2017,SAF,NM,ASW,WE,Federal Contract Tower,9,10,26,3,48,0,2,45,2,49,9,12,71,5,97,46,2,48,145
12/09/2017,SAF,NM,ASW,WE,Federal Contract Tower,9,7,21,0,37,0,1,48,0,49,9,8,69,0,86,40,0,40,126
12/10/2017,SAF,NM,ASW,WE,Federal Contract Tower,7,15,17,0,39,0,2,53,0,55,7,17,70,0,94,114,0,114,208
12/11/2017,SAF,NM,ASW,WE,Federal Contract Tower,9,9,23,3,44,0,2,52,2,56,9,11,75,5,100,60,0,60,160
12/12/2017,SAF,NM,ASW,WE,Federal Contract Tower,9,10,30,5,54,0,3,50,5,58,9,13,80,10,112,50,12,62,174
12/13/2017,SAF,NM,ASW,WE,Federal Contract Tower,7,13,10,1,31,0,2,33,7,42,7,15,43,8,73,44,4,48,121
12/14/2017,SAF,NM,ASW,WE,Federal Contract Tower,8,11,14,0,33,0,1,32,4,37,8,12,46,4,70,52,0,52,122
12/15/2017,SAF,NM,ASW,WE,Federal Contract Tower,8,12,19,6,45,0,1,40,3,44,8,13,59,9,89,16,0,16,105
12/16/2017,SAF,NM,ASW,WE,Federal Contract Tower,6,9,12,0,27,0,3,50,0,53,6,12,62,0,80,98,0,98,178
12/17/2017,SAF,NM,ASW,WE,Federal Contract Tower,7,16,17,0,40,0,4,39,0,43,7,20,56,0,83,98,0,98,181
12/18/2017,SAF,NM,ASW,WE,Federal Contract Tower,7,14,23,4,48,0,2,33,4,39,7,16,56,8,87,54,24,78,165
12/19/2017,SAF,NM,ASW,WE,Federal Contract Tower,7,15,38,2,62,0,0,42,13,55,7,15,80,15,117,52,0,52,169
12/20/2017,SAF,NM,ASW,WE,Federal Contract Tower,7,11,23,0,41,0,0,37,7,44,7,11,60,7,85,26,2,28,113
12/21/2017,SAF,NM,ASW,WE,Federal Contract Tower,7,11,38,4,60,0,6,34,1,41,7,17,72,5,101,76,0,76,177
12/22/2017,SAF,NM,ASW,WE,Federal Contract Tower,7,17,37,0,61,0,1,69,2,72,7,18,106,2,133,62,0,62,195
12/23/2017,SAF,NM,ASW,WE,Federal Contract Tower,7,20,17,0,44,0,3,36,0,39,7,23,53,0,83,10,0,10,93
12/24/2017,SAF,NM,ASW,WE,Federal Contract Tower,4,15,6,0,25,0,0,14,0,14,4,15,20,0,39,12,0,12,51
12/25/2017,SAF,NM,ASW,WE,Federal Contract Tower,4,7,6,0,17,0,1,14,0,15,4,8,20,0,32,0,0,0,32
12/26/2017,SAF,NM,ASW,WE,Federal Contract Tower,6,22,34,7,69,0,4,48,0,52,6,26,82,7,121,94,0,94,215
12/27/2017,SAF,NM,ASW,WE,Federal Contract Tower,7,18,32,4,61,0,1,36,7,44,7,19,68,11,105,22,6,28,133
12/28/2017,SAF,NM,ASW,WE,Federal Contract Tower,7,18,42,3,70,0,3,68,2,73,7,21,110,5,143,20,8,28,171
12/29/2017,SAF,NM,ASW,WE,Federal Contract Tower,7,11,35,0,53,0,4,68,0,72,7,15,103,0,125,48,0,48,173
12/30/2017,SAF,NM,ASW,WE,Federal Contract Tower,7,11,23,0,41,0,2,63,0,65,7,13,86,0,106,42,0,42,148
12/31/2017,SAF,NM,ASW,WE,Federal Contract Tower,5,7,13,0,25,0,1,33,0,34,5,8,46,0,59,78,0,78,137
01/01/2018,SAF,NM,ASW,WE,Federal Contract Tower,6,10,21,0,37,0,1,36,0,37,6,11,57,0,74,62,0,62,136
01/02/2018,SAF,NM,ASW,WE,Federal Contract Tower,7,15,36,0,58,0,4,35,0,39,7,19,71,0,97,32,0,32,129
01/03/2018,SAF,NM,ASW,WE,Federal Contract Tower,7,11,35,0,53,0,2,49,0,51,7,13,84,0,104,112,0,112,216
01/04/2018,SAF,NM,ASW,WE,Federal Contract Tower,7,10,17,0,34,0,7,47,10,64,7,17,64,10,98,32,0,32,130
01/05/2018,SAF,NM,ASW,WE,Federal Contract Tower,6,13,27,2,48,0,1,49,7,57,6,14,76,9,105,42,10,52,157
01/06/2018,SAF,NM,ASW,WE,Federal Contract Tower,7,9,8,1,25,0,2,49,7,58,7,11,57,8,83,92,0,92,175
01/07/2018,SAF,NM,ASW,WE,Federal Contract Tower,10,12,21,2,45,0,2,39,3,44,10,14,60,5,89,78,36,114,203
01/08/2018,SAF,NM,ASW,WE,Federal Contract Tower,7,5,9,0,21,0,2,29,2,33,7,7,38,2,54,68,0,68,122
01/09/2018,SAF,NM,ASW,WE,Federal Contract Tower,7,9,22,2,40,0,3,42,9,54,7,12,64,11,94,70,4,74,168
01/10/2018,SAF,NM,ASW,WE,Federal Contract Tower,6,12,6,1,25,0,0,7,0,7,6,12,13,1,32,6,0,6,38
01/11/2018,SAF,NM,ASW,WE,Federal Contract Tower,7,12,19,2,40,0,0,41,3,44,7,12,60,5,84,88,2,90,174
01/12/2018,SAF,NM,ASW,WE,Federal Contract Tower,7,9,24,6,46,0,1,50,1,52,7,10,74,7,98,70,6,76,174
01/13/2018,SAF,NM,ASW,WE,Federal Contract Tower,9,13,19,0,41,0,2,58,0,60,9,15,77,0,101,74,0,74,175
01/14/2018,SAF,NM,ASW,WE,Federal Contract Tower,7,14,19,0,40,0,0,42,0,42,7,14,61,0,82,86,0,86,168
01/15/2018,SAF,NM,ASW,WE,Federal Contract Tower,6,5,42,0,53,0,0,56,0,56,6,5,98,0,109,122,0,122,231
01/16/2018,SAF,NM,ASW,WE,Federal Contract Tower,8,18,16,2,44,0,0,19,12,31,8,18,35,14,75,62,20,82,157
01/17/2018,SAF,NM,ASW,WE,Federal Contract Tower,7,10,37,7,61,0,0,45,5,50,7,10,82,12,111,68,18,86,197
01/18/2018,SAF,NM,ASW,WE,Federal Contract Tower,5,11,32,3,51,0,51,8,0,59,5,62,40,3,110,72,10,82,192
01/19/2018,SAF,NM,ASW,WE,Federal Contract Tower,7,8,28,0,43,0,0,58,0,58,7,8,86,0,101,118,0,118,219
01/20/2018,SAF,NM,ASW,WE,Federal Contract Tower,8,12,27,5,52,0,13,47,1,61,8,25,74,6,113,70,0,70,183
01/21/2018,SAF,NM,ASW,WE,Federal Contract Tower,7,5,12,0,24,0,5,2,0,7,7,10,14,0,31,0,0,0,31
01/22/2018,SAF,NM,ASW,WE,Federal Contract Tower,7,7,12,4,30,0,2,24,0,26,7,9,36,4,56,10,0,10,66
01/23/2018,SAF,NM,ASW,WE,Federal Contract Tower,7,9,22,2,40,0,1,46,5,52,7,10,68,7,92,88,0,88,180
01/24/2018,SAF,NM,ASW,WE,Federal Contract Tower,7,7,22,5,41,0,0,33,3,36,7,7,55,8,77,54,0,54,131
01/25/2018,SAF,NM,ASW,WE,Federal Contract Tower,7,9,14,2,32,0,2,39,13,54,7,11,53,15,86,124,32,156,242
01/26/2018,SAF,NM,ASW,WE,Federal Contract Tower,6,10,24,35,75,0,5,39,5,49,6,15,63,40,124,80,12,92,216
01/27/2018,SAF,NM,ASW,WE,Federal Contract Tower,8,11,26,12,57,0,1,67,3,71,8,12,93,15,128,138,22,160,288
01/28/2018,SAF,NM,ASW,WE,Federal Contract Tower,7,5,34,5,51,0,4,43,0,47,7,9,77,5,98,76,0,76,174
01/29/2018,SAF,NM,ASW,WE,Federal Contract Tower,7,10,18,0,35,0,0,48,0,48,7,10,66,0,83,94,0,94,177
01/30/2018,SAF,NM,ASW,WE,Federal Contract Tower,8,12,28,3,51,0,0,45,14,59,8,12,73,17,110,164,16,180,290
01/31/2018,SAF,NM,ASW,WE,Federal Contract Tower,7,17,11,2,37,0,6,28,5,39,7,23,39,7,76,24,0,24,100
02/01/2018,SAF,NM,ASW,WE,Federal Contract Tower,7,15,10,5,37,0,2,43,3,48,7,17,53,8,85,126,0,126,211
02/02/2018,SAF,NM,ASW,WE,Federal Contract Tower,7,9,24,0,40,0,0,67,4,71,7,9,91,4,111,90,0,90,201
02/03/2018,SAF,NM,ASW,WE,Federal Contract Tower,9,7,9,1,26,0,0,29,1,30,9,7,38,2,56,78,0,78,134
02/04/2018,SAF,NM,ASW,WE,Federal Contract Tower,7,12,29,0,48,0,4,51,0,55,7,16,80,0,103,88,0,88,191
02/05/2018,SAF,NM,ASW,WE,Federal Contract Tower,7,9,35,0,51,0,8,47,0,55,7,17,82,0,106,29,0,29,135
02/06/2018,SAF,NM,ASW,WE,Federal Contract Tower,6,12,14,8,40,0,8,24,7,39,6,20,38,15,79,82,12,94,173
02/07/2018,SAF,NM,ASW,WE,Federal Contract Tower,7,9,20,3,39,0,1,41,8,50,7,10,61,11,89,36,4,40,129
02/08/2018,SAF,NM,ASW,WE,Federal Contract Tower,7,12,25,1,45,0,1,40,6,47,7,13,65,7,92,46,10,56,148
02/09/2018,SAF,NM,ASW,WE,Federal Contract Tower,7,14,29,2,52,0,0,47,3,50,7,14,76,5,102,38,0,38,140
02/10/2018,SAF,NM,ASW,WE,Federal Contract Tower,7,5,10,7,29,0,0,25,10,35,7,5,35,17,64,44,2,46,110
02/11/2018,SAF,NM,ASW,WE,Federal Contract Tower,7,4,34,4,49,0,0,36,7,43,7,4,70,11,92,92,4,96,188
02/12/2018,SAF,NM,ASW,WE,Federal Contract Tower,10,8,11,1,30,0,2,17,4,23,10,10,28,5,53,26,0,26,79
02/13/2018,SAF,NM,ASW,WE,Federal Contract Tower,7,10,18,0,35,0,4,51,2,57,7,14,69,2,92,54,0,54,146
02/14/2018,SAF,NM,ASW,WE,Federal Contract Tower,6,7,27,1,41,0,2,37,1,40,6,9,64,2,81,48,0,48,129
02/15/2018,SAF,NM,ASW,WE,Federal Contract Tower,7,12,19,1,39,0,2,2,11,15,7,14,21,12,54,16,2,18,72
02/16/2018,SAF,NM,ASW,WE,Federal Contract Tower,7,15,39,0,61,0,8,45,0,53,7,23,84,0,114,64,0,64,178
02/17/2018,SAF,NM,ASW,WE,Federal Contract Tower,7,6,30,4,47,0,0,48,2,50,7,6,78,6,97,74,0,74,171
02/18/2018,SAF,NM,ASW,WE,Federal Contract Tower,7,9,20,0,36,0,0,42,0,42,7,9,62,0,78,48,0,48,126
02/19/2018,SAF,NM,ASW,WE,Federal Contract Tower,7,10,30,0,47,0,1,13,0,14,7,11,43,0,61,0,0,0,61
02/20/2018,SAF,NM,ASW,WE,Federal Contract Tower,9,3,20,6,38,0,1,24,9,34,9,4,44,15,72,44,0,44,116
02/21/2018,SAF,NM,ASW,WE,Federal Contract Tower,7,4,26,3,40,0,0,19,3,22,7,4,45,6,62,12,8,20,82
02/22/2018,SAF,NM,ASW,WE,Federal Contract Tower,8,10,14,2,34,0,2,8,1,11,8,12,22,3,45,6,0,6,51
02/23/2018,SAF,NM,ASW,WE,Federal Contract Tower,7,9,19,5,40,0,3,40,12,55,7,12,59,17,95,52,0,52,147
02/24/2018,SAF,NM,ASW,WE,Federal Contract Tower,8,11,13,0,32,0,2,21,0,23,8,13,34,0,55,58,0,58,113
02/25/2018,SAF,NM,ASW,WE,Federal Contract Tower,7,13,21,2,43,0,2,29,0,31,7,15,50,2,74,44,0,44,118
02/26/2018,SAF,NM,ASW,WE,Federal Contract Tower,7,9,18,2,36,0,0,45,0,45,7,9,63,2,81,72,0,72,153
02/27/2018,SAF,NM,ASW,WE,Federal Contract Tower,6,11,15,4,36,0,2,36,10,48,6,13,51,14,84,42,2,44,128
02/28/2018,SAF,NM,ASW,WE,Federal Contract Tower,7,17,22,0,46,0,3,10,1,14,7,20,32,1,60,12,0,12,72
03/01/2018,SAF,NM,ASW,WE,Federal Contract Tower,7,9,23,1,40,0,5,27,8,40,7,14,50,9,80,30,0,30,110
03/02/2018,SAF,NM,ASW,WE,Federal Contract Tower,6,11,28,2,47,0,10,56,10,76,6,21,84,12,123,84,18,102,225
03/03/2018,SAF,NM,ASW,WE,Federal Contract Tower,6,13,28,1,48,0,1,66,20,87,6,14,94,21,135,72,8,80,215
03/04/2018,SAF,NM,ASW,WE,Federal Contract Tower,6,8,19,0,33,0,0,18,3,21,6,8,37,3,54,62,0,62,116
03/05/2018,SAF,NM,ASW,WE,Federal Contract Tower,6,12,23,0,41,0,5,20,0,25,6,17,43,0,66,38,0,38,104
03/06/2018,SAF,NM,ASW,WE,Federal Contract Tower,6,11,20,1,38,0,2,43,3,48,6,13,63,4,86,84,0,84,170
03/07/2018,SAF,NM,ASW,WE,Federal Contract Tower,7,4,18,2,31,0,5,58,2,65,7,9,76,4,96,124,0,124,220
03/08/2018,SAF,NM,ASW,WE,Federal Contract Tower,6,5,25,2,38,0,2,62,6,70,6,7,87,8,108,92,0,92,200
03/09/2018,SAF,NM,ASW,WE,Federal Contract Tower,8,11,32,6,57,0,6,68,6,80,8,17,100,12,137,72,2,74,211
03/10/2018,SAF,NM,ASW,WE,Federal Contract Tower,7,12,20,0,39,0,2,55,4,61,7,14,75,4,100,38,0,38,138
03/11/2018,SAF,NM,ASW,WE,Federal Contract Tower,4,8,9,2,23,0,0,7,1,8,4,8,16,3,31,44,6,50,81
03/12/2018,SAF,NM,ASW,WE,Federal Contract Tower,7,7,14,2,30,0,2,18,1,21,7,9,32,3,51,18,2,20,71
03/13/2018,SAF,NM,ASW,WE,Federal Contract Tower,7,4,33,5,49,0,2,66,9,77,7,6,99,14,126,150,0,150,276
03/14/2018,SAF,NM,ASW,WE,Federal Contract Tower,8,10,26,5,49,0,4,35,14,53,8,14,61,19,102,32,10,42,144
03/15/2018,SAF,NM,ASW,WE,Federal Contract Tower,7,17,21,5,50,0,0,26,6,32,7,17,47,11,82,54,6,60,142
03/16/2018,SAF,NM,ASW,WE,Federal Contract Tower,6,11,26,2,45,0,1,54,3,58,6,12,80,5,103,44,0,44,147
03/17/2018,SAF,NM,ASW,WE,Federal Contract Tower,6,12,33,3,54,0,4,81,3,88,6,16,114,6,142,112,0,112,254
03/18/2018,SAF,NM,ASW,WE,Federal Contract Tower,5,12,15,0,32,0,0,12,0,12,5,12,27,0,44,14,0,14,58
03/19/2018,SAF,NM,ASW,WE,Federal Contract Tower,6,19,26,2,53,0,4,45,1,50,6,23,71,3,103,60,0,60,163
03/20/2018,SAF,NM,ASW,WE,Federal Contract Tower,6,17,10,4,37,0,3,55,7,65,6,20,65,11,102,110,16,126,228
03/21/2018,SAF,NM,ASW,WE,Federal Contract Tower,7,8,26,0,41,0,1,48,2,51,7,9,74,2,92,18,0,18,110
03/22/2018,SAF,NM,ASW,WE,Federal Contract Tower,11,18,31,0,60,0,1,46,4,51,11,19,77,4,111,98,8,106,217
03/23/2018,SAF,NM,ASW,WE,Federal Contract Tower,6,12,28,0,46,0,3,19,15,37,6,15,47,15,83,32,4,36,119
03/24/2018,SAF,NM,ASW,WE,Federal Contract Tower,6,15,19,0,40,0,1,48,9,58,6,16,67,9,98,102,0,102,200
03/25/2018,SAF,NM,ASW,WE,Federal Contract Tower,6,7,30,0,43,0,2,55,1,58,6,9,85,1,101,60,0,60,161
03/26/2018,SAF,NM,ASW,WE,Federal Contract Tower,6,8,28,0,42,0,2,38,3,43,6,10,66,3,85,90,0,90,175
03/27/2018,SAF,NM,ASW,WE,Federal Contract Tower,7,12,18,1,38,0,0,8,6,14,7,12,26,7,52,16,20,36,88
03/28/2018,SAF,NM,ASW,WE,Federal Contract Tower,8,14,22,8,52,0,1,12,17,30,8,15,34,25,82,48,6,54,136
03/29/2018,SAF,NM,ASW,WE,Federal Contract Tower,5,7,28,7,47,0,0,47,8,55,5,7,75,15,102,130,12,142,244
03/30/2018,SAF,NM,ASW,WE,Federal Contract Tower,7,9,22,7,45,0,5,69,4,78,7,14,91,11,123,102,6,108,231
03/31/2018,SAF,NM,ASW,WE,Federal Contract Tower,6,9,18,0,33,0,3,58,0,61,6,12,76,0,94,70,0,70,164
04/01/2018,SAF,NM,ASW,WE,Federal Contract Tower,6,15,16,0,37,0,4,36,0,40,6,19,52,0,77,70,0,70,147
04/02/2018,SAF,NM,ASW,WE,Federal Contract Tower,6,7,27,2,42,0,1,20,0,21,6,8,47,2,63,4,0,4,67
04/03/2018,SAF,NM,ASW,WE,Federal Contract Tower,6,16,28,2,52,0,3,21,9,33,6,19,49,11,85,4,14,18,103
04/04/2018,SAF,NM,ASW,WE,Federal Contract Tower,5,4,19,1,29,0,4,40,8,52,5,8,59,9,81,50,0,50,131
04/05/2018,SAF,NM,ASW,WE,Federal Contract Tower,6,8,33,0,47,0,1,67,10,78,6,9,100,10,125,88,8,96,221
04/06/2018,SAF,NM,ASW,WE,Federal Contract Tower,6,8,28,4,46,0,1,46,0,47,6,9,74,4,93,66,0,66,159
04/07/2018,SAF,NM,ASW,WE,Federal Contract Tower,6,12,19,2,39,0,3,63,16,82,6,15,82,18,121,34,10,44,165
04/08/2018,SAF,NM,ASW,WE,Federal Contract Tower,6,15,11,2,34,0,2,22,14,38,6,17,33,16,72,0,0,0,72
04/09/2018,SAF,NM,ASW,WE,Federal Contract Tower,6,9,19,1,35,0,0,39,1,40,6,9,58,2,75,22,0,22,97
04/10/2018,SAF,NM,ASW,WE,Federal Contract Tower,9,7,16,3,35,0,0,65,9,74,9,7,81,12,109,138,26,164,273
04/11/2018,SAF,NM,ASW,WE,Federal Contract Tower,7,9,13,4,33,0,0,54,5,59,7,9,67,9,92,66,0,66,158
04/12/2018,SAF,NM,ASW,WE,Federal Contract Tower,6,9,17,2,34,0,0,7,5,12,6,9,24,7,46,20,8,28,74
04/13/2018,SAF,NM,ASW,WE,Federal Contract Tower,6,15,16,5,42,0,0,3,1,4,6,15,19,6,46,0,0,0,46
04/14/2018,SAF,NM,ASW,WE,Federal Contract Tower,6,9,10,0,25,0,1,40,1,42,6,10,50,1,67,34,0,34,101
04/15/2018,SAF,NM,ASW,WE,Federal Contract Tower,6,10,36,4,56,0,1,60,2,63,6,11,96,6,119,106,0,106,225
04/16/2018,SAF,NM,ASW,WE,Federal Contract Tower,6,9,25,0,40,0,4,29,0,33,6,13,54,0,73,34,0,34,107
04/17/2018,SAF,NM,ASW,WE,Federal Contract Tower,5,9,13,0,27,0,2,21,0,23,5,11,34,0,50,14,0,14,64
04/18/2018,SAF,NM,ASW,WE,Federal Contract Tower,6,7,28,6,47,0,2,90,8,100,6,9,118,14,147,116,0,116,263
04/19/2018,SAF,NM,ASW,WE,Federal Contract Tower,5,14,21,0,40,0,2,11,6,19,5,16,32,6,59,0,0,0,59
04/20/2018,SAF,NM,ASW,WE,Federal Contract Tower,6,21,15,0,42,0,3,19,6,28,6,24,34,6,70,22,0,22,92
04/21/2018,SAF,NM,ASW,WE,Federal Contract Tower,6,12,21,7,46,0,2,53,6,61,6,14,74,13,107,32,12,44,151
04/22/2018,SAF,NM,ASW,WE,Federal Contract Tower,6,20,39,0,65,0,2,90,1,93,6,22,129,1,158,144,0,144,302
04/23/2018,SAF,NM,ASW,WE,Federal Contract Tower,6,13,33,0,52,0,0,37,7,44,6,13,70,7,96,46,0,46,142
04/24/2018,SAF,NM,ASW,WE,Federal Contract Tower,6,12,14,4,36,0,0,45,16,61,6,12,59,20,97,100,6,106,203
04/25/2018,SAF,NM,ASW,WE,Federal Contract Tower,6,14,26,0,46,0,1,40,13,54,6,15,66,13,100,92,0,92,192
04/26/2018,SAF,NM,ASW,WE,Federal Contract Tower,8,25,21,2,56,0,1,54,5,60,8,26,75,7,116,80,0,80,196
04/27/2018,SAF,NM,ASW,WE,Federal Contract Tower,5,20,25,5,55,0,2,75,9,86,5,22,100,14,141,56,0,56,197
04/28/2018,SAF,NM,ASW,WE,Federal Contract Tower,7,22,22,0,51,0,2,49,0,51,7,24,71,0,102,76,0,76,178
04/29/2018,SAF,NM,ASW,WE,Federal Contract Tower,6,23,27,0,56,0,1,47,0,48,6,24,74,0,104,34,0,34,138
04/30/2018,SAF,NM,ASW,WE,Federal Contract Tower,6,13,25,0,44,0,3,42,4,49,6,16,67,4,93,14,0,14,107
05/01/2018,SAF,NM,ASW,WE,Federal Contract Tower,8,13,13,7,41,0,4,21,9,34,8,17,34,16,75,10,18,28,103
05/02/2018,SAF,NM,ASW,WE,Federal Contract Tower,6,14,18,3,41,0,0,21,9,30,6,14,39,12,71,54,0,54,125
05/03/2018,SAF,NM,ASW,WE,Federal Contract Tower,5,19,17,0,41,0,2,49,7,58,5,21,66,7,99,84,0,84,183
05/04/2018,SAF,NM,ASW,WE,Federal Contract Tower,6,19,24,0,49,0,3,72,12,87,6,22,96,12,136,82,0,82,218
05/05/2018,SAF,NM,ASW,WE,Federal Contract Tower,8,19,10,1,38,0,4,51,8,63,8,23,61,9,101,82,2,84,185
05/06/2018,SAF,NM,ASW,WE,Federal Contract Tower,6,22,37,0,65,0,2,66,11,79,6,24,103,11,144,74,0,74,218
05/07/2018,SAF,NM,ASW,WE,Federal Contract Tower,6,19,20,4,49,0,9,63,4,76,6,28,83,8,125,70,0,70,195
05/08/2018,SAF,NM,ASW,WE,Federal Contract Tower,5,14,26,1,46,0,5,34,2,41,5,19,60,3,87,24,2,26,113
05/09/2018,SAF,NM,ASW,WE,Federal Contract Tower,7,15,17,3,42,0,1,59,5,65,7,16,76,8,107,78,4,82,189
05/10/2018,SAF,NM,ASW,WE,Federal Contract Tower,8,20,20,2,50,1,2,61,8,72,9,22,81,10,122,32,8,40,162
05/11/2018,SAF,NM,ASW,WE,Federal Contract Tower,6,15,20,1,42,0,4,37,3,44,6,19,57,4,86,86,0,86,172
05/12/2018,SAF,NM,ASW,WE,Federal Contract Tower,7,12,18,0,37,0,0,29,0,29,7,12,47,0,66,110,0,110,176
05/13/2018,SAF,NM,ASW,WE,Federal Contract Tower,6,26,20,0,52,0,3,48,0,51,6,29,68,0,103,42,0,42,145
05/14/2018,SAF,NM,ASW,WE,Federal Contract Tower,7,16,27,0,50,0,2,35,5,42,7,18,62,5,92,80,0,80,172
05/15/2018,SAF,NM,ASW,WE,Federal Contract Tower,6,13,19,1,39,0,0,37,7,44,6,13,56,8,83,20,8,28,111
05/16/2018,SAF,NM,ASW,WE,Federal Contract Tower,7,21,20,3,51,0,0,53,3,56,7,21,73,6,107,88,0,88,195
05/17/2018,SAF,NM,ASW,WE,Federal Contract Tower,6,17,21,5,49,0,6,44,2,52,6,23,65,7,101,80,0,80,181
05/18/2018,SAF,NM,ASW,WE,Federal Contract Tower,6,10,29,0,45,0,0,56,0,56,6,10,85,0,101,76,0,76,177
05/19/2018,SAF,NM,ASW,WE,Federal Contract Tower,6,13,15,0,34,0,0,63,2,65,6,13,78,2,99,104,0,104,203
05/20/2018,SAF,NM,ASW,WE,Federal Contract Tower,6,20,32,0,58,0,4,39,0,43,6,24,71,0,101,10,0,10,111
05/21/2018,SAF,NM,ASW,WE,Federal Contract Tower,7,10,22,0,39,0,2,24,6,32,7,12,46,6,71,44,0,44,115
05/22/2018,SAF,NM,ASW,WE,Federal Contract Tower,6,13,21,5,45,0,0,43,3,46,6,13,64,8,91,92,0,92,183
05/23/2018,SAF,NM,ASW,WE,Federal Contract Tower,6,14,38,5,63,0,0,44,24,68,6,14,82,29,131,94,2,96,227
05/24/2018,SAF,NM,ASW,WE,Federal Contract Tower,7,23,34,0,64,0,5,55,4,64,7,28,89,4,128,90,0,90,218
05/25/2018,SAF,NM,ASW,WE,Federal Contract Tower,6,19,23,0,48,0,4,61,1,66,6,23,84,1,114,106,0,106,220
05/26/2018,SAF,NM,ASW,WE,Federal Contract Tower,6,13,17,0,36,0,6,61,1,68,6,19,78,1,104,58,0,58,162
05/27/2018,SAF,NM,ASW,WE,Federal Contract Tower,5,16,17,0,38,0,0,58,0,58,5,16,75,0,96,58,0,58,154
05/28/2018,SAF,NM,ASW,WE,Federal Contract Tower,6,17,37,0,60,0,4,63,2,69,6,21,100,2,129,38,0,38,167
05/29/2018,SAF,NM,ASW,WE,Federal Contract Tower,6,8,32,1,47,0,4,48,2,54,6,12,80,3,101,104,0,104,205
05/30/2018,SAF,NM,ASW,WE,Federal Contract Tower,7,9,26,9,51,0,0,62,10,72,7,9,88,19,123,94,2,96,219
05/31/2018,SAF,NM,ASW,WE,Federal Contract Tower,6,11,17,0,34,0,7,66,4,77,6,18,83,4,111,86,2,88,199
06/01/2018,SAF,NM,ASW,WE,Federal Contract Tower,6,19,25,6,56,0,6,72,0,78,6,25,97,6,134,74,0,74,208
06/02/2018,SAF,NM,ASW,WE,Federal Contract Tower,6,14,15,0,35,0,4,56,6,66,6,18,71,6,101,56,4,60,161
06/03/2018,SAF,NM,ASW,WE,Federal Contract Tower,6,11,21,0,38,0,0,29,0,29,6,11,50,0,67,42,0,42,109
06/04/2018,SAF,NM,ASW,WE,Federal Contract Tower,7,18,19,0,44,0,3,63,2,68,7,21,82,2,112,92,0,92,204
06/05/2018,SAF,NM,ASW,WE,Federal Contract Tower,5,11,16,2,34,0,5,54,3,62,5,16,70,5,96,84,10,94,190
06/06/2018,SAF,NM,ASW,WE,Federal Contract Tower,8,17,25,2,52,0,0,77,12,89,8,17,102,14,141,100,0,100,241
06/07/2018,SAF,NM,ASW,WE,Federal Contract Tower,12,10,40,0,62,0,4,69,6,79,12,14,109,6,141,74,0,74,215
06/08/2018,SAF,NM,ASW,WE,Federal Contract Tower,8,14,44,5,71,0,3,60,10,73,8,17,104,15,144,118,0,118,262
06/09/2018,SAF,NM,ASW,WE,Federal Contract Tower,8,20,15,0,43,0,7,64,3,74,8,27,79,3,117,110,0,110,227
06/10/2018,SAF,NM,ASW,WE,Federal Contract Tower,7,28,37,10,82,0,5,75,5,85,7,33,112,15,167,94,18,112,279
06/11/2018,SAF,NM,ASW,WE,Federal Contract Tower,10,10,27,0,47,0,4,60,5,69,10,14,87,5,116,44,0,44,160
06/12/2018,SAF,NM,ASW,WE,Federal Contract Tower,11,11,14,5,41,0,0,57,6,63,11,11,71,11,104,102,0,102,206
06/13/2018,SAF,NM,ASW,WE,Federal Contract Tower,9,18,19,2,48,0,1,42,17,60,9,19,61,19,108,54,0,54,162
06/14/2018,SAF,NM,ASW,WE,Federal Contract Tower,7,10,34,2,53,0,0,47,9,56,7,10,81,11,109,44,14,58,167
06/15/2018,SAF,NM,ASW,WE,Federal Contract Tower,8,12,24,5,49,0,2,69,7,78,8,14,93,12,127,108,0,108,235
06/16/2018,SAF,NM,ASW,WE,Federal Contract Tower,8,5,8,0,21,0,1,6,1,8,8,6,14,1,29,2,0,2,31
06/17/2018,SAF,NM,ASW,WE,Federal Contract Tower,10,9,27,2,48,0,0,55,5,60,10,9,82,7,108,78,18,96,204
06/18/2018,SAF,NM,ASW,WE,Federal Contract Tower,12,5,30,0,47,0,0,58,7,65,12,5,88,7,112,70,0,70,182
06/19/2018,SAF,NM,ASW,WE,Federal Contract Tower,12,7,23,2,44,0,0,60,5,65,12,7,83,7,109,40,16,56,165
06/20/2018,SAF,NM,ASW,WE,Federal Contract Tower,8,7,13,1,29,0,11,50,6,67,8,18,63,7,96,74,6,80,176
06/21/2018,SAF,NM,ASW,WE,Federal Contract Tower,9,8,22,0,39,0,1,50,2,53,9,9,72,2,92,52,12,64,156
06/22/2018,SAF,NM,ASW,WE,Federal Contract Tower,13,7,23,8,51,0,1,59,8,68,13,8,82,16,119,84,2,86,205
06/23/2018,SAF,NM,ASW,WE,Federal Contract Tower,8,10,20,0,38,0,2,66,2,70,8,12,86,2,108,64,0,64,172
06/24/2018,SAF,NM,ASW,WE,Federal Contract Tower,8,12,24,1,45,0,4,53,4,61,8,16,77,5,106,72,4,76,182
06/25/2018,SAF,NM,ASW,WE,Federal Contract Tower,9,10,23,5,47,0,2,40,4,46,9,12,63,9,93,38,16,54,147
06/26/2018,SAF,NM,ASW,WE,Federal Contract Tower,10,8,17,0,35,0,1,52,4,57,10,9,69,4,92,60,14,74,166
06/27/2018,SAF,NM,ASW,WE,Federal Contract Tower,8,8,36,1,53,0,6,59,5,70,8,14,95,6,123,66,6,72,195
06/28/2018,SAF,NM,ASW,WE,Federal Contract Tower,6,10,37,1,54,0,0,56,6,62,6,10,93,7,116,56,8,64,180
06/29/2018,SAF,NM,ASW,WE,Federal Contract Tower,6,12,32,4,54,0,11,56,2,69,6,23,88,6,123,80,0,80,203
06/30/2018,SAF,NM,ASW,WE,Federal Contract Tower,10,14,18,0,42,0,5,59,0,64,10,19,77,0,106,70,0,70,176
07/01/2018,SAF,NM,ASW,WE,Federal Contract Tower,8,29,34,0,71,0,2,44,0,46,8,31,78,0,117,144,0,144,261
07/02/2018,SAF,NM,ASW,WE,Federal Contract Tower,10,9,17,0,36,0,4,36,0,40,10,13,53,0,76,30,0,30,106
07/03/2018,SAF,NM,ASW,WE,Federal Contract Tower,9,10,27,7,53,0,0,34,3,37,9,10,61,10,90,70,20,90,180
07/04/2018,SAF,NM,ASW,WE,Federal Contract Tower,6,8,11,0,25,0,4,51,0,55,6,12,62,0,80,54,0,54,134
07/05/2018,SAF,NM,ASW,WE,Federal Contract Tower,6,10,24,0,40,0,0,28,2,30,6,10,52,2,70,12,0,12,82
07/06/2018,SAF,NM,ASW,WE,Federal Contract Tower,6,11,20,6,43,0,4,48,2,54,6,15,68,8,97,128,2,130,227
07/07/2018,SAF,NM,ASW,WE,Federal Contract Tower,8,15,6,0,29,0,2,52,0,54,8,17,58,0,83,84,0,84,167
07/08/2018,SAF,NM,ASW,WE,Federal Contract Tower,7,25,38,0,70,0,3,60,0,63,7,28,98,0,133,106,0,106,239
07/09/2018,SAF,NM,ASW,WE,Federal Contract Tower,7,12,20,0,39,0,1,35,3,39,7,13,55,3,78,24,6,30,108
07/10/2018,SAF,NM,ASW,WE,Federal Contract Tower,11,16,16,3,46,0,6,51,6,63,11,22,67,9,109,42,26,68,177
07/11/2018,SAF,NM,ASW,WE,Federal Contract Tower,7,21,25,0,53,0,4,44,3,51,7,25,69,3,104,38,0,38,142
07/12/2018,SAF,NM,ASW,WE,Federal Contract Tower,9,33,27,1,70,0,2,47,7,56,9,35,74,8,126,22,12,34,160
07/13/2018,SAF,NM,ASW,WE,Federal Contract Tower,7,21,28,3,59,0,1,49,4,54,7,22,77,7,113,50,0,50,163
07/14/2018,SAF,NM,ASW,WE,Federal Contract Tower,8,11,18,0,37,0,4,54,3,61,8,15,72,3,98,44,14,58,156
07/15/2018,SAF,NM,ASW,WE,Federal Contract Tower,8,17,31,0,56,0,0,59,0,59,8,17,90,0,115,96,0,96,211
07/16/2018,SAF,NM,ASW,WE,Federal Contract Tower,8,24,38,0,70,0,0,38,0,38,8,24,76,0,108,56,0,56,164
07/17/2018,SAF,NM,ASW,WE,Federal Contract Tower,10,16,24,2,52,0,2,39,0,41,10,18,63,2,93,114,0,114,207
07/18/2018,SAF,NM,ASW,WE,Federal Contract Tower,10,10,28,2,50,0,4,65,4,73,10,14,93,6,123,70,0,70,193
07/19/2018,SAF,NM,ASW,WE,Federal Contract Tower,9,11,50,4,74,0,0,51,6,57,9,11,101,10,131,68,0,68,199
07/20/2018,SAF,NM,ASW,WE,Federal Contract Tower,7,17,24,0,48,0,5,64,1,70,7,22,88,1,118,66,0,66,184
07/21/2018,SAF,NM,ASW,WE,Federal Contract Tower,9,14,26,3,52,0,6,58,6,70,9,20,84,9,122,72,8,80,202
07/22/2018,SAF,NM,ASW,WE,Federal Contract Tower,9,19,36,0,64,0,0,68,0,68,9,19,104,0,132,94,0,94,226
07/23/2018,SAF,NM,ASW,WE,Federal Contract Tower,11,11,27,0,49,0,6,40,1,47,11,17,67,1,96,28,0,28,124
07/24/2018,SAF,NM,ASW,WE,Federal Contract Tower,11,10,21,2,44,0,0,34,4,38,11,10,55,6,82,90,30,120,202
07/25/2018,SAF,NM,ASW,WE,Federal Contract Tower,12,12,19,1,44,0,6,51,8,65,12,18,70,9,109,104,34,138,247
07/26/2018,SAF,NM,ASW,WE,Federal Contract Tower,13,19,38,2,72,0,0,47,2,49,13,19,85,4,121,116,0,116,237
07/27/2018,SAF,NM,ASW,WE,Federal Contract Tower,7,9,27,11,54,0,0,65,3,68,7,9,92,14,122,76,0,76,198
07/28/2018,SAF,NM,ASW,WE,Federal Contract Tower,7,14,30,2,53,0,0,68,0,68,7,14,98,2,121,120,0,120,241
07/29/2018,SAF,NM,ASW,WE,Federal Contract Tower,6,11,33,7,57,0,2,53,2,57,6,13,86,9,114,92,0,92,206
07/30/2018,SAF,NM,ASW,WE,Federal Contract Tower,7,14,25,3,49,0,1,41,0,42,7,15,66,3,91,56,0,56,147
07/31/2018,SAF,NM,ASW,WE,Federal Contract Tower,10,14,25,0,49,0,3,39,6,48,10,17,64,6,97,62,0,62,159
08/01/2018,SAF,NM,ASW,WE,Federal Contract Tower,12,18,22,0,52,0,0,42,0,42,12,18,64,0,94,48,0,48,142
08/02/2018,SAF,NM,ASW,WE,Federal Contract Tower,11,16,32,0,59,0,0,50,0,50,11,16,82,0,109,90,0,90,199
08/03/2018,SAF,NM,ASW,WE,Federal Contract Tower,11,16,40,1,68,0,4,50,6,60,11,20,90,7,128,72,6,78,206
08/04/2018,SAF,NM,ASW,WE,Federal Contract Tower,10,14,15,3,42,0,5,40,11,56,10,19,55,14,98,70,4,74,172
08/05/2018,SAF,NM,ASW,WE,Federal Contract Tower,9,21,39,4,73,0,5,61,1,67,9,26,100,5,140,84,0,84,224
08/06/2018,SAF,NM,ASW,WE,Federal Contract Tower,11,23,28,5,67,0,3,46,14,63,11,26,74,19,130,52,40,92,222
08/07/2018,SAF,NM,ASW,WE,Federal Contract Tower,6,19,21,1,47,0,4,56,2,62,6,23,77,3,109,66,0,66,175
08/08/2018,SAF,NM,ASW,WE,Federal Contract Tower,10,15,38,1,64,0,6,37,10,53,10,21,75,11,117,58,0,58,175
08/09/2018,SAF,NM,ASW,WE,Federal Contract Tower,13,18,37,1,69,0,0,48,2,50,13,18,85,3,119,48,0,48,167
08/10/2018,SAF,NM,ASW,WE,Federal Contract Tower,9,13,25,2,49,0,1,55,3,59,9,14,80,5,108,44,0,44,152
08/11/2018,SAF,NM,ASW,WE,Federal Contract Tower,12,17,32,2,63,0,2,37,2,41,12,19,69,4,104,82,0,82,186
08/12/2018,SAF,NM,ASW,WE,Federal Contract Tower,12,18,45,0,75,0,6,85,6,97,12,24,130,6,172,118,0,118,290
08/13/2018,SAF,NM,ASW,WE,Federal Contract Tower,10,13,24,0,47,0,6,35,0,41,10,19,59,0,88,82,0,82,170
08/14/2018,SAF,NM,ASW,WE,Federal Contract Tower,7,14,32,7,60,0,0,38,12,50,7,14,70,19,110,64,6,70,180
08/15/2018,SAF,NM,ASW,WE,Federal Contract Tower,11,7,45,7,70,0,2,46,5,53,11,9,91,12,123,46,4,50,173
08/16/2018,SAF,NM,ASW,WE,Federal Contract Tower,12,15,34,3,64,0,0,49,2,51,12,15,83,5,115,56,0,56,171
08/17/2018,SAF,NM,ASW,WE,Federal Contract Tower,9,18,30,0,57,0,3,60,0,63,9,21,90,0,120,88,0,88,208
08/18/2018,SAF,NM,ASW,WE,Federal Contract Tower,10,12,19,0,41,0,0,56,1,57,10,12,75,1,98,118,0,118,216
08/19/2018,SAF,NM,ASW,WE,Federal Contract Tower,8,20,45,10,83,0,2,78,3,83,8,22,123,13,166,114,0,114,280
08/20/2018,SAF,NM,ASW,WE,Federal Contract Tower,11,9,31,1,52,0,2,47,0,49,11,11,78,1,101,54,0,54,155
08/21/2018,SAF,NM,ASW,WE,Federal Contract Tower,8,11,26,0,45,0,0,55,8,63,8,11,81,8,108,68,0,68,176
08/22/2018,SAF,NM,ASW,WE,Federal Contract Tower,11,7,31,2,51,0,0,32,12,44,11,7,63,14,95,50,4,54,149
08/23/2018,SAF,NM,ASW,WE,Federal Contract Tower,9,12,38,2,61,0,1,76,17,94,9,13,114,19,155,70,18,88,243
08/24/2018,SAF,NM,ASW,WE,Federal Contract Tower,13,14,43,4,74,0,2,75,7,84,13,16,118,11,158,66,2,68,226
08/25/2018,SAF,NM,ASW,WE,Federal Contract Tower,6,12,17,0,35,0,0,65,11,76,6,12,82,11,111,112,0,112,223
08/26/2018,SAF,NM,ASW,WE,Federal Contract Tower,13,23,33,5,74,0,0,75,8,83,13,23,108,13,157,150,20,170,327
08/27/2018,SAF,NM,ASW,WE,Federal Contract Tower,9,11,25,0,45,0,4,36,0,40,9,15,61,0,85,74,0,74,159
08/28/2018,SAF,NM,ASW,WE,Federal Contract Tower,9,8,17,7,41,0,7,42,5,54,9,15,59,12,95,36,0,36,131
08/29/2018,SAF,NM,ASW,WE,Federal Contract Tower,12,16,32,5,65,0,3,56,18,77,12,19,88,23,142,82,2,84,226
08/30/2018,SAF,NM,ASW,WE,Federal Contract Tower,12,7,31,2,52,0,6,41,10,57,12,13,72,12,109,102,0,102,211
08/31/2018,SAF,NM,ASW,WE,Federal Contract Tower,11,15,25,2,53,0,6,66,4,76,11,21,91,6,129,58,0,58,187
09/01/2018,SAF,NM,ASW,WE,Federal Contract Tower,8,6,15,0,29,0,4,29,1,34,8,10,44,1,63,34,0,34,97
09/02/2018,SAF,NM,ASW,WE,Federal Contract Tower,9,13,15,0,37,0,6,35,0,41,9,19,50,0,78,14,0,14,92
09/03/2018,SAF,NM,ASW,WE,Federal Contract Tower,11,26,27,0,64,0,5,64,3,72,11,31,91,3,136,74,0,74,210
09/04/2018,SAF,NM,ASW,WE,Federal Contract Tower,11,17,21,3,52,0,4,49,2,55,11,21,70,5,107,56,12,68,175
09/05/2018,SAF,NM,ASW,WE,Federal Contract Tower,13,11,16,0,40,0,0,42,7,49,13,11,58,7,89,92,0,92,181
09/06/2018,SAF,NM,ASW,WE,Federal Contract Tower,13,10,18,2,43,0,0,45,3,48,13,10,63,5,91,94,0,94,185
09/07/2018,SAF,NM,ASW,WE,Federal Contract Tower,13,12,25,1,51,0,2,38,5,45,13,14,63,6,96,124,0,124,220
09/08/2018,SAF,NM,ASW,WE,Federal Contract Tower,11,7,11,0,29,0,4,45,5,54,11,11,56,5,83,118,0,118,201
09/09/2018,SAF,NM,ASW,WE,Federal Contract Tower,9,15,23,0,47,0,3,62,10,75,9,18,85,10,122,128,0,128,250
09/10/2018,SAF,NM,ASW,WE,Federal Contract Tower,10,8,21,2,41,0,3,44,3,50,10,11,65,5,91,112,10,122,213
09/11/2018,SAF,NM,ASW,WE,Federal Contract Tower,11,14,35,0,60,0,16,61,3,80,11,30,96,3,140,72,0,72,212
09/12/2018,SAF,NM,ASW,WE,Federal Contract Tower,10,13,32,2,57,0,1,70,12,83,10,14,102,14,140,170,0,170,310
09/13/2018,SAF,NM,ASW,WE,Federal Contract Tower,10,11,41,4,66,0,3,172,13,188,10,14,213,17,254,46,4,50,304
09/14/2018,SAF,NM,ASW,WE,Federal Contract Tower,9,24,64,1,98,0,3,260,6,269,9,27,324,7,367,12,0,12,379
09/15/2018,SAF,NM,ASW,WE,Federal Contract Tower,9,10,32,0,51,0,3,302,0,305,9,13,334,0,356,18,0,18,374
09/16/2018,SAF,NM,ASW,WE,Federal Contract Tower,12,24,78,1,115,0,2,224,2,228,12,26,302,3,343,50,8,58,401
09/17/2018,SAF,NM,ASW,WE,Federal Contract Tower,11,10,23,1,45,0,3,49,4,56,11,13,72,5,101,52,0,52,153
09/18/2018,SAF,NM,ASW,WE,Federal Contract Tower,8,9,29,1,47,0,3,68,24,95,8,12,97,25,142,108,0,108,250
09/19/2018,SAF,NM,ASW,WE,Federal Contract Tower,13,18,32,2,65,0,0,44,9,53,13,18,76,11,118,38,0,38,156
09/20/2018,SAF,NM,ASW,WE,Federal Contract Tower,11,10,27,1,49,0,10,25,6,41,11,20,52,7,90,20,0,20,110
09/21/2018,SAF,NM,ASW,WE,Federal Contract Tower,10,10,25,4,49,0,6,44,4,54,10,16,69,8,103,62,0,62,165
09/22/2018,SAF,NM,ASW,WE,Federal Contract Tower,8,9,12,1,30,0,4,39,2,45,8,13,51,3,75,124,0,124,199
09/23/2018,SAF,NM,ASW,WE,Federal Contract Tower,8,14,31,1,54,0,6,68,1,75,8,20,99,2,129,94,0,94,223
09/24/2018,SAF,NM,ASW,WE,Federal Contract Tower,11,14,17,0,42,0,6,43,3,52,11,20,60,3,94,42,0,42,136
09/25/2018,SAF,NM,ASW,WE,Federal Contract Tower,8,9,11,4,32,0,3,41,6,50,8,12,52,10,82,76,10,86,168
09/26/2018,SAF,NM,ASW,WE,Federal Contract Tower,13,19,30,1,63,0,7,31,2,40,13,26,61,3,103,34,0,34,137
09/27/2018,SAF,NM,ASW,WE,Federal Contract Tower,12,10,46,2,70,0,0,79,4,83,12,10,125,6,153,48,0,48,201
09/28/2018,SAF,NM,ASW,WE,Federal Contract Tower,12,14,24,8,58,0,8,60,3,71,12,22,84,11,129,62,0,62,191
09/29/2018,SAF,NM,ASW,WE,Federal Contract Tower,8,10,26,3,47,0,0,59,7,66,8,10,85,10,113,94,0,94,207
09/30/2018,SAF,NM,ASW,WE,Federal Contract Tower,10,17,35,1,63,0,4,56,1,61,10,21,91,2,124,40,2,42,166
10/01/2018,SAF,NM,ASW,WE,Federal Contract Tower,11,9,30,0,50,0,4,34,1,39,11,13,64,1,89,72,0,72,161
10/02/2018,SAF,NM,ASW,WE,Federal Contract Tower,9,9,23,5,46,0,4,35,6,45,9,13,58,11,91,64,6,70,161
10/03/2018,SAF,NM,ASW,WE,Federal Contract Tower,12,8,16,0,36,0,3,40,8,51,12,11,56,8,87,56,0,56,143
10/04/2018,SAF,NM,ASW,WE,Federal Contract Tower,14,15,25,6,60,0,4,55,3,62,14,19,80,9,122,36,0,36,158
10/05/2018,SAF,NM,ASW,WE,Federal Contract Tower,11,18,50,0,79,0,0,65,1,66,11,18,115,1,145,54,0,54,199
10/06/2018,SAF,NM,ASW,WE,Federal Contract Tower,14,9,26,0,49,0,5,39,0,44,14,14,65,0,93,34,0,34,127
10/07/2018,SAF,NM,ASW,WE,Federal Contract Tower,8,12,43,0,63,0,0,18,1,19,8,12,61,1,82,26,0,26,108
10/08/2018,SAF,NM,ASW,WE,Federal Contract Tower,8,23,32,4,67,0,0,58,3,61,8,23,90,7,128,116,0,116,244
10/09/2018,SAF,NM,ASW,WE,Federal Contract Tower,11,10,32,7,60,0,0,33,4,37,11,10,65,11,97,66,2,68,165
10/10/2018,SAF,NM,ASW,WE,Federal Contract Tower,13,15,30,3,61,1,4,33,16,54,14,19,63,19,115,54,0,54,169
10/11/2018,SAF,NM,ASW,WE,Federal Contract Tower,10,23,29,0,62,0,4,34,7,45,10,27,63,7,107,36,16,52,159
10/12/2018,SAF,NM,ASW,WE,Federal Contract Tower,12,16,25,2,55,0,4,53,2,59,12,20,78,4,114,70,0,70,184
10/13/2018,SAF,NM,ASW,WE,Federal Contract Tower,11,12,13,2,38,0,1,39,11,51,11,13,52,13,89,94,24,118,207
10/14/2018,SAF,NM,ASW,WE,Federal Contract Tower,13,22,28,5,68,0,0,3,6,9,13,22,31,11,77,8,32,40,117
10/15/2018,SAF,NM,ASW,WE,Federal Contract Tower,6,15,21,2,44,0,0,7,1,8,6,15,28,3,52,18,0,18,70
10/16/2018,SAF,NM,ASW,WE,Federal Contract Tower,11,10,22,3,46,0,3,33,6,42,11,13,55,9,88,70,0,70,158
10/17/2018,SAF,NM,ASW,WE,Federal Contract Tower,14,9,21,3,47,0,0,26,10,36,14,9,47,13,83,128,0,128,211
10/18/2018,SAF,NM,ASW,WE,Federal Contract Tower,15,11,17,6,49,0,2,3,0,5,15,13,20,6,54,24,0,24,78
10/19/2018,SAF,NM,ASW,WE,Federal Contract Tower,14,10,28,8,60,1,1,66,18,86,15,11,94,26,146,84,4,88,234
10/20/2018,SAF,NM,ASW,WE,Federal Contract Tower,13,7,21,3,44,0,1,66,9,76,13,8,87,12,120,140,8,148,268
10/21/2018,SAF,NM,ASW,WE,Federal Contract Tower,10,9,20,1,40,0,0,56,0,56,10,9,76,1,96,84,0,84,180
10/22/2018,SAF,NM,ASW,WE,Federal Contract Tower,11,7,16,4,38,0,2,43,2,47,11,9,59,6,85,82,0,82,167
10/23/2018,SAF,NM,ASW,WE,Federal Contract Tower,11,15,16,2,44,0,0,24,0,24,11,15,40,2,68,70,0,70,138
10/24/2018,SAF,NM,ASW,WE,Federal Contract Tower,11,12,13,0,36,0,0,0,3,3,11,12,13,3,39,0,8,8,47
10/25/2018,SAF,NM,ASW,WE,Federal Contract Tower,13,14,28,2,57,0,0,45,0,45,13,14,73,2,102,48,0,48,150
10/26/2018,SAF,NM,ASW,WE,Federal Contract Tower,14,10,39,3,66,0,5,81,1,87,14,15,120,4,153,228,0,228,381
10/27/2018,SAF,NM,ASW,WE,Federal Contract Tower,13,11,14,0,38,0,4,65,2,71,13,15,79,2,109,134,0,134,243
10/28/2018,SAF,NM,ASW,WE,Federal Contract Tower,13,14,39,5,71,0,2,62,6,70,13,16,101,11,141,42,0,42,183
10/29/2018,SAF,NM,ASW,WE,Federal Contract Tower,13,14,28,0,55,0,1,60,0,61,13,15,88,0,116,168,0,168,284
10/30/2018,SAF,NM,ASW,WE,Federal Contract Tower,14,8,22,2,46,0,0,56,9,65,14,8,78,11,111,90,4,94,205
10/31/2018,SAF,NM,ASW,WE,Federal Contract Tower,12,13,7,0,32,0,1,4,2,7,12,14,11,2,39,0,0,0,39
11/01/2018,SAF,NM,ASW,WE,Federal Contract Tower,11,14,22,8,55,0,0,38,28,66,11,14,60,36,121,60,38,98,219
11/02/2018,SAF,NM,ASW,WE,Federal Contract Tower,11,15,25,7,58,0,2,58,12,72,11,17,83,19,130,50,18,68,198
11/03/2018,SAF,NM,ASW,WE,Federal Contract Tower,10,6,16,5,37,0,2,36,15,53,10,8,52,20,90,106,10,116,206
11/04/2018,SAF,NM,ASW,WE,Federal Contract Tower,13,12,27,2,54,0,0,52,9,61,13,12,79,11,115,58,28,86,201
11/05/2018,SAF,NM,ASW,WE,Federal Contract Tower,13,11,32,1,57,0,1,36,2,39,13,12,68,3,96,30,0,30,126
11/06/2018,SAF,NM,ASW,WE,Federal Contract Tower,12,10,20,7,49,0,8,48,3,59,12,18,68,10,108,74,8,82,190
11/07/2018,SAF,NM,ASW,WE,Federal Contract Tower,12,10,33,13,68,0,10,65,7,82,12,20,98,20,150,92,40,132,282
11/08/2018,SAF,NM,ASW,WE,Federal Contract Tower,13,17,27,8,65,0,7,34,8,49,13,24,61,16,114,88,10,98,212
11/09/2018,SAF,NM,ASW,WE,Federal Contract Tower,11,12,23,2,48,0,11,61,2,74,11,23,84,4,122,102,0,102,224
11/10/2018,SAF,NM,ASW,WE,Federal Contract Tower,8,11,15,9,43,0,0,53,13,66,8,11,68,22,109,144,18,162,271
11/11/2018,SAF,NM,ASW,WE,Federal Contract Tower,13,22,35,2,72,0,0,24,1,25,13,22,59,3,97,38,0,38,135
11/12/2018,SAF,NM,ASW,WE,Federal Contract Tower,12,8,24,0,44,0,2,8,4,14,12,10,32,4,58,38,0,38,96
11/13/2018,SAF,NM,ASW,WE,Federal Contract Tower,5,10,26,5,46,0,0,43,4,47,5,10,69,9,93,106,0,106,199
11/14/2018,SAF,NM,ASW,WE,Federal Contract Tower,12,9,27,6,54,0,1,48,10,59,12,10,75,16,113,146,0,146,259
11/15/2018,SAF,NM,ASW,WE,Federal Contract Tower,11,8,27,4,50,0,4,47,5,56,11,12,74,9,106,84,0,84,190
11/16/2018,SAF,NM,ASW,WE,Federal Contract Tower,10,14,21,4,49,0,5,64,3,72,10,19,85,7,121,126,0,126,247
11/17/2018,SAF,NM,ASW,WE,Federal Contract Tower,9,10,26,2,47,0,4,52,0,56,9,14,78,2,103,98,0,98,201
11/18/2018,SAF,NM,ASW,WE,Federal Contract Tower,10,18,26,0,54,0,0,39,2,41,10,18,65,2,95,24,0,24,119
11/19/2018,SAF,NM,ASW,WE,Federal Contract Tower,12,10,23,2,47,0,6,36,0,42,12,16,59,2,89,28,0,28,117
11/20/2018,SAF,NM,ASW,WE,Federal Contract Tower,12,12,26,5,55,0,0,38,8,46,12,12,64,13,101,64,0,64,165
11/21/2018,SAF,NM,ASW,WE,Federal Contract Tower,12,8,28,0,48,0,3,47,0,50,12,11,75,0,98,30,0,30,128
11/22/2018,SAF,NM,ASW,WE,Federal Contract Tower,5,2,3,0,10,0,2,8,0,10,5,4,11,0,20,18,0,18,38
11/23/2018,SAF,NM,ASW,WE,Federal Contract Tower,4,13,12,0,29,0,11,19,0,30,4,24,31,0,59,44,0,44,103
11/24/2018,SAF,NM,ASW,WE,Federal Contract Tower,10,11,19,0,40,0,3,32,2,37,10,14,51,2,77,26,0,26,103
11/25/2018,SAF,NM,ASW,WE,Federal Contract Tower,12,17,29,1,59,0,2,37,0,39,12,19,66,1,98,46,0,46,144
11/26/2018,SAF,NM,ASW,WE,Federal Contract Tower,11,12,23,0,46,0,4,21,1,26,11,16,44,1,72,16,0,16,88
11/27/2018,SAF,NM,ASW,WE,Federal Contract Tower,9,14,28,6,57,0,7,32,6,45,9,21,60,12,102,46,0,46,148
11/28/2018,SAF,NM,ASW,WE,Federal Contract Tower,11,1,10,9,31,0,5,56,5,66,11,6,66,14,97,72,34,106,203
11/29/2018,SAF,NM,ASW,WE,Federal Contract Tower,11,2,19,9,41,0,0,45,4,49,11,2,64,13,90,104,0,104,194
11/30/2018,SAF,NM,ASW,WE,Federal Contract Tower,9,5,11,1,26,0,0,1,6,7,9,5,12,7,33,0,0,0,33
12/01/2018,SAF,NM,ASW,WE,Federal Contract Tower,7,3,12,0,22,0,3,15,2,20,7,6,27,2,42,32,0,32,74
12/02/2018,SAF,NM,ASW,WE,Federal Contract Tower,12,3,8,0,23,0,0,0,0,0,12,3,8,0,23,0,0,0,23
12/03/2018,SAF,NM,ASW,WE,Federal Contract Tower,10,15,18,0,43,0,8,34,1,43,10,23,52,1,86,44,0,44,130
12/04/2018,SAF,NM,ASW,WE,Federal Contract Tower,9,4,19,2,34,0,4,59,10,73,9,8,78,12,107,136,26,162,269
12/05/2018,SAF,NM,ASW,WE,Federal Contract Tower,10,7,18,0,35,0,4,49,1,54,10,11,67,1,89,134,0,134,223
12/06/2018,SAF,NM,ASW,WE,Federal Contract Tower,12,11,12,3,38,0,3,30,17,50,12,14,42,20,88,96,14,110,198
12/07/2018,SAF,NM,ASW,WE,Federal Contract Tower,9,8,6,0,23,0,4,5,0,9,9,12,11,0,32,26,0,26,58
12/08/2018,SAF,NM,ASW,WE,Federal Contract Tower,9,9,5,5,28,0,3,42,0,45,9,12,47,5,73,72,0,72,145
12/09/2018,SAF,NM,ASW,WE,Federal Contract Tower,10,18,32,0,60,0,7,59,1,67,10,25,91,1,127,60,0,60,187
12/10/2018,SAF,NM,ASW,WE,Federal Contract Tower,9,18,14,10,51,0,6,31,4,41,9,24,45,14,92,40,0,40,132
12/11/2018,SAF,NM,ASW,WE,Federal Contract Tower,10,6,26,7,49,0,0,62,7,69,10,6,88,14,118,114,4,118,236
12/12/2018,SAF,NM,ASW,WE,Federal Contract Tower,11,5,11,4,31,0,2,26,5,33,11,7,37,9,64,66,6,72,136
12/13/2018,SAF,NM,ASW,WE,Federal Contract Tower,12,16,31,3,62,0,0,14,2,16,12,16,45,5,78,36,0,36,114
12/14/2018,SAF,NM,ASW,WE,Federal Contract Tower,11,10,33,4,58,0,1,70,0,71,11,11,103,4,129,110,0,110,239
12/15/2018,SAF,NM,ASW,WE,Federal Contract Tower,10,3,22,0,35,0,4,50,0,54,10,7,72,0,89,78,0,78,167
12/16/2018,SAF,NM,ASW,WE,Federal Contract Tower,12,9,16,0,37,0,57,1,0,58,12,66,17,0,95,82,0,82,177
12/17/2018,SAF,NM,ASW,WE,Federal Contract Tower,9,8,19,0,36,0,4,43,3,50,9,12,62,3,86,70,0,70,156
12/18/2018,SAF,NM,ASW,WE,Federal Contract Tower,12,19,28,3,62,0,1,45,1,47,12,20,73,4,109,110,0,110,219
12/19/2018,SAF,NM,ASW,WE,Federal Contract Tower,11,5,23,5,44,0,2,19,9,30,11,7,42,14,74,28,8,36,110
12/20/2018,SAF,NM,ASW,WE,Federal Contract Tower,11,11,31,2,55,0,3,51,9,63,11,14,82,11,118,144,4,148,266
12/21/2018,SAF,NM,ASW,WE,Federal Contract Tower,9,14,22,2,47,0,2,53,0,55,9,16,75,2,102,112,0,112,214
12/22/2018,SAF,NM,ASW,WE,Federal Contract Tower,10,12,21,0,43,0,2,51,0,53,10,14,72,0,96,142,0,142,238
12/23/2018,SAF,NM,ASW,WE,Federal Contract Tower,10,10,31,0,51,0,0,31,0,31,10,10,62,0,82,2,0,2,84
12/24/2018,SAF,NM,ASW,WE,Federal Contract Tower,6,13,9,0,28,0,2,27,0,29,6,15,36,0,57,50,0,50,107
12/25/2018,SAF,NM,ASW,WE,Federal Contract Tower,9,17,15,0,41,0,1,28,0,29,9,18,43,0,70,16,0,16,86
12/26/2018,SAF,NM,ASW,WE,Federal Contract Tower,8,13,20,0,41,0,0,1,0,1,8,13,21,0,42,0,0,0,42
12/27/2018,SAF,NM,ASW,WE,Federal Contract Tower,4,19,54,0,77,0,7,26,6,39,4,26,80,6,116,54,0,54,170
12/28/2018,SAF,NM,ASW,WE,Federal Contract Tower,1,3,15,0,19,0,0,0,0,0,1,3,15,0,19,0,0,0,19
12/29/2018,SAF,NM,ASW,WE,Federal Contract Tower,0,6,19,0,25,0,0,16,0,16,0,6,35,0,41,20,0,20,61
12/30/2018,SAF,NM,ASW,WE,Federal Contract Tower,9,11,34,0,54,0,5,28,0,33,9,16,62,0,87,62,0,62,149
12/31/2018,SAF,NM,ASW,WE,Federal Contract Tower,8,8,9,0,25,0,1,5,0,6,8,9,14,0,31,0,0,0,31
01/01/2019,SAF,NM,ASW,WE,Federal Contract Tower,10,4,10,0,24,0,0,0,0,0,10,4,10,0,24,0,0,0,24
01/02/2019,SAF,NM,ASW,WE,Federal Contract Tower,10,11,32,0,53,0,0,10,2,12,10,11,42,2,65,24,0,24,89
01/03/2019,SAF,NM,ASW,WE,Federal Contract Tower,11,11,11,1,34,0,10,41,13,64,11,21,52,14,98,128,4,132,230
01/04/2019,SAF,NM,ASW,WE,Federal Contract Tower,10,12,12,2,36,0,12,31,0,43,10,24,43,2,79,20,0,20,99
01/05/2019,SAF,NM,ASW,WE,Federal Contract Tower,5,7,26,2,40,0,0,49,3,52,5,7,75,5,92,160,0,160,252
01/06/2019,SAF,NM,ASW,WE,Federal Contract Tower,10,3,16,6,35,0,0,7,1,8,10,3,23,7,43,22,0,22,65
01/07/2019,SAF,NM,ASW,WE,Federal Contract Tower,7,13,19,4,43,0,10,30,0,40,7,23,49,4,83,76,0,76,159
01/08/2019,SAF,NM,ASW,WE,Federal Contract Tower,8,8,20,2,38,0,2,40,0,42,8,10,60,2,80,80,0,80,160
01/09/2019,SAF,NM,ASW,WE,Federal Contract Tower,11,9,18,4,42,0,4,23,0,27,11,13,41,4,69,58,0,58,127
01/10/2019,SAF,NM,ASW,WE,Federal Contract Tower,10,4,14,2,30,0,2,28,2,32,10,6,42,4,62,84,0,84,146
01/11/2019,SAF,NM,ASW,WE,Federal Contract Tower,10,4,16,0,30,0,0,0,0,0,10,4,16,0,30,0,0,0,30
01/12/2019,SAF,NM,ASW,WE,Federal Contract Tower,8,7,13,0,28,0,1,14,0,15,8,8,27,0,43,66,0,66,109
01/13/2019,SAF,NM,ASW,WE,Federal Contract Tower,11,6,7,0,24,0,0,1,0,1,11,6,8,0,25,0,0,0,25
01/14/2019,SAF,NM,ASW,WE,Federal Contract Tower,10,5,19,2,36,0,3,26,0,29,10,8,45,2,65,64,0,64,129
01/15/2019,SAF,NM,ASW,WE,Federal Contract Tower,7,11,28,4,50,0,6,46,3,55,7,17,74,7,105,150,18,168,273
01/16/2019,SAF,NM,ASW,WE,Federal Contract Tower,11,10,21,0,42,0,0,21,13,34,11,10,42,13,76,70,16,86,162
01/17/2019,SAF,NM,ASW,WE,Federal Contract Tower,10,5,32,13,60,0,6,78,15,99,10,11,110,28,159,189,6,195,354
01/18/2019,SAF,NM,ASW,WE,Federal Contract Tower,9,8,13,3,33,0,1,1,3,5,9,9,14,6,38,0,0,0,38
01/19/2019,SAF,NM,ASW,WE,Federal Contract Tower,8,4,23,1,36,0,1,59,10,70,8,5,82,11,106,148,0,148,254
01/20/2019,SAF,NM,ASW,WE,Federal Contract Tower,7,6,13,5,31,0,3,53,7,63,7,9,66,12,94,123,54,177,271
01/21/2019,SAF,NM,ASW,WE,Federal Contract Tower,6,7,37,3,53,0,6,37,0,43,6,13,74,3,96,102,0,102,198
01/22/2019,SAF,NM,ASW,WE,Federal Contract Tower,5,6,12,0,23,0,0,5,0,5,5,6,17,0,28,10,0,10,38
01/23/2019,SAF,NM,ASW,WE,Federal Contract Tower,11,5,39,2,57,0,1,38,19,58,11,6,77,21,115,94,0,94,209
01/24/2019,SAF,NM,ASW,WE,Federal Contract Tower,11,7,22,5,45,0,4,50,9,63,11,11,72,14,108,146,4,150,258
01/25/2019,SAF,NM,ASW,WE,Federal Contract Tower,9,5,23,2,39,0,1,59,2,62,9,6,82,4,101,94,0,94,195
01/26/2019,SAF,NM,ASW,WE,Federal Contract Tower,7,7,15,1,30,0,1,40,0,41,7,8,55,1,71,36,0,36,107
01/27/2019,SAF,NM,ASW,WE,Federal Contract Tower,10,11,23,0,44,0,2,61,1,64,10,13,84,1,108,120,0,120,228
01/28/2019,SAF,NM,ASW,WE,Federal Contract Tower,10,8,27,2,47,0,3,38,0,41,10,11,65,2,88,114,0,114,202
01/29/2019,SAF,NM,ASW,WE,Federal Contract Tower,8,4,18,2,32,0,0,32,5,37,8,4,50,7,69,82,0,82,151
01/30/2019,SAF,NM,ASW,WE,Federal Contract Tower,11,7,18,7,43,0,4,55,14,73,11,11,73,21,116,162,6,168,284
01/31/2019,SAF,NM,ASW,WE,Federal Contract Tower,11,9,30,3,53,0,5,41,6,52,11,14,71,9,105,124,14,138,243
02/01/2019,SAF,NM,ASW,WE,Federal Contract Tower,9,9,18,4,40,0,2,51,7,60,9,11,69,11,100,140,16,156,256
02/02/2019,SAF,NM,ASW,WE,Federal Contract Tower,9,5,16,3,33,0,0,54,2,56,9,5,70,5,89,60,0,60,149
02/03/2019,SAF,NM,ASW,WE,Federal Contract Tower,9,12,7,0,28,0,1,26,0,27,9,13,33,0,55,46,0,46,101
02/04/2019,SAF,NM,ASW,WE,Federal Contract Tower,9,7,24,3,43,0,0,40,6,46,9,7,64,9,89,130,32,162,251
02/05/2019,SAF,NM,ASW,WE,Federal Contract Tower,11,5,20,11,47,0,2,35,15,52,11,7,55,26,99,144,28,172,271
02/06/2019,SAF,NM,ASW,WE,Federal Contract Tower,11,20,11,4,46,0,0,9,4,13,11,20,20,8,59,34,0,34,93
02/07/2019,SAF,NM,ASW,WE,Federal Contract Tower,11,8,27,8,54,0,0,42,10,52,11,8,69,18,106,156,34,190,296
02/08/2019,SAF,NM,ASW,WE,Federal Contract Tower,9,10,27,5,51,0,2,64,12,78,9,12,91,17,129,112,14,126,255
02/09/2019,SAF,NM,ASW,WE,Federal Contract Tower,7,5,13,11,36,0,5,38,16,59,7,10,51,27,95,86,20,106,201
02/10/2019,SAF,NM,ASW,WE,Federal Contract Tower,11,11,31,8,61,0,0,34,5,39,11,11,65,13,100,80,0,80,180
02/11/2019,SAF,NM,ASW,WE,Federal Contract Tower,10,9,17,2,38,0,3,5,0,8,10,12,22,2,46,10,0,10,56
02/12/2019,SAF,NM,ASW,WE,Federal Contract Tower,8,5,16,4,33,0,0,49,2,51,8,5,65,6,84,106,0,106,190
02/13/2019,SAF,NM,ASW,WE,Federal Contract Tower,11,14,28,3,56,0,5,30,10,45,11,19,58,13,101,50,6,56,157
02/14/2019,SAF,NM,ASW,WE,Federal Contract Tower,13,3,25,8,49,0,2,21,6,29,13,5,46,14,78,32,8,40,118
02/15/2019,SAF,NM,ASW,WE,Federal Contract Tower,9,7,22,26,64,0,0,48,17,65,9,7,70,43,129,36,66,102,231
02/16/2019,SAF,NM,ASW,WE,Federal Contract Tower,8,7,19,0,34,0,3,11,0,14,8,10,30,0,48,24,0,24,72
02/17/2019,SAF,NM,ASW,WE,Federal Contract Tower,9,4,12,0,25,0,2,57,0,59,9,6,69,0,84,86,0,86,170
02/18/2019,SAF,NM,ASW,WE,Federal Contract Tower,10,13,33,0,56,0,1,14,0,15,10,14,47,0,71,44,0,44,115
02/19/2019,SAF,NM,ASW,WE,Federal Contract Tower,7,3,7,0,17,0,1,1,0,2,7,4,8,0,19,0,0,0,19
02/20/2019,SAF,NM,ASW,WE,Federal Contract Tower,10,7,29,7,53,0,7,43,8,58,10,14,72,15,111,90,0,90,201
02/21/2019,SAF,NM,ASW,WE,Federal Contract Tower,10,7,27,3,47,0,2,30,10,42,10,9,57,13,89,102,2,104,193
02/22/2019,SAF,NM,ASW,WE,Federal Contract Tower,8,4,8,4,24,0,0,4,0,4,8,4,12,4,28,10,0,10,38
02/23/2019,SAF,NM,ASW,WE,Federal Contract Tower,7,5,19,0,31,0,0,19,3,22,7,5,38,3,53,44,0,44,97
02/24/2019,SAF,NM,ASW,WE,Federal Contract Tower,8,8,25,5,46,0,1,84,2,87,8,9,109,7,133,144,2,146,279
02/25/2019,SAF,NM,ASW,WE,Federal Contract Tower,10,3,27,1,41,0,0,75,6,81,10,3,102,7,122,50,4,54,176
02/26/2019,SAF,NM,ASW,WE,Federal Contract Tower,9,1,27,5,42,0,2,53,14,69,9,3,80,19,111,62,36,98,209
02/27/2019,SAF,NM,ASW,WE,Federal Contract Tower,9,11,28,15,63,0,1,58,8,67,9,12,86,23,130,60,0,60,190
02/28/2019,SAF,NM,ASW,WE,Federal Contract Tower,10,10,26,4,50,0,1,31,11,43,10,11,57,15,93,28,14,42,135
03/01/2019,SAF,NM,ASW,WE,Federal Contract Tower,9,10,19,1,39,0,1,57,4,62,9,11,76,5,101,70,0,70,171
03/02/2019,SAF,NM,ASW,WE,Federal Contract Tower,9,5,19,5,38,0,0,20,3,23,9,5,39,8,61,56,0,56,117
03/03/2019,SAF,NM,ASW,WE,Federal Contract Tower,8,7,21,5,41,0,0,12,3,15,8,7,33,8,56,32,0,32,88
03/04/2019,SAF,NM,ASW,WE,Federal Contract Tower,9,8,11,4,32,0,0,27,0,27,9,8,38,4,59,10,0,10,69
03/05/2019,SAF,NM,ASW,WE,Federal Contract Tower,10,4,27,6,47,0,2,78,10,90,10,6,105,16,137,142,16,158,295
03/06/2019,SAF,NM,ASW,WE,Federal Contract Tower,7,5,23,5,40,0,0,49,7,56,7,5,72,12,96,76,40,116,212
03/07/2019,SAF,NM,ASW,WE,Federal Contract Tower,10,3,21,0,34,0,0,20,0,20,10,3,41,0,54,30,0,30,84
03/08/2019,SAF,NM,ASW,WE,Federal Contract Tower,11,11,16,0,38,0,0,20,4,24,11,11,36,4,62,58,0,58,120
03/09/2019,SAF,NM,ASW,WE,Federal Contract Tower,12,7,34,15,68,0,1,56,6,63,12,8,90,21,131,124,16,140,271
03/10/2019,SAF,NM,ASW,WE,Federal Contract Tower,12,12,28,1,53,0,1,48,0,49,12,13,76,1,102,84,2,86,188
03/11/2019,SAF,NM,ASW,WE,Federal Contract Tower,11,8,19,4,42,0,0,15,0,15,11,8,34,4,57,52,0,52,109
03/12/2019,SAF,NM,ASW,WE,Federal Contract Tower,13,10,14,0,37,0,0,4,3,7,13,10,18,3,44,40,20,60,104
03/13/2019,SAF,NM,ASW,WE,Federal Contract Tower,4,2,11,0,17,0,0,0,0,0,4,2,11,0,17,0,0,0,17
03/14/2019,SAF,NM,ASW,WE,Federal Contract Tower,8,15,19,4,46,0,0,30,11,41,8,15,49,15,87,72,20,92,179
03/15/2019,SAF,NM,ASW,WE,Federal Contract Tower,13,5,22,2,42,0,3,47,5,55,13,8,69,7,97,56,0,56,153
03/16/2019,SAF,NM,ASW,WE,Federal Contract Tower,19,2,16,1,38,0,0,52,3,55,19,2,68,4,93,44,8,52,145
03/17/2019,SAF,NM,ASW,WE,Federal Contract Tower,11,12,20,1,44,0,1,57,0,58,11,13,77,1,102,72,0,72,174
03/18/2019,SAF,NM,ASW,WE,Federal Contract Tower,12,10,21,0,43,0,2,49,6,57,12,12,70,6,100,16,20,36,136
03/19/2019,SAF,NM,ASW,WE,Federal Contract Tower,11,12,18,2,43,0,2,40,6,48,11,14,58,8,91,60,16,76,167
03/20/2019,SAF,NM,ASW,WE,Federal Contract Tower,12,13,30,3,58,0,2,40,9,51,12,15,70,12,109,84,0,84,193
03/21/2019,SAF,NM,ASW,WE,Federal Contract Tower,12,5,14,2,33,0,0,4,9,13,12,5,18,11,46,10,8,18,64
03/22/2019,SAF,NM,ASW,WE,Federal Contract Tower,11,9,32,0,52,0,0,17,4,21,11,9,49,4,73,28,12,40,113
03/23/2019,SAF,NM,ASW,WE,Federal Contract Tower,13,10,19,10,52,0,0,64,1,65,13,10,83,11,117,90,2,92,209
03/24/2019,SAF,NM,ASW,WE,Federal Contract Tower,12,12,45,0,69,0,0,74,2,76,12,12,119,2,145,90,0,90,235
03/25/2019,SAF,NM,ASW,WE,Federal Contract Tower,12,10,37,3,62,0,3,56,5,64,12,13,93,8,126,96,20,116,242
03/26/2019,SAF,NM,ASW,WE,Federal Contract Tower,12,7,26,6,51,0,0,48,8,56,12,7,74,14,107,70,0,70,177
03/27/2019,SAF,NM,ASW,WE,Federal Contract Tower,12,8,20,27,67,0,0,34,11,45,12,8,54,38,112,68,18,86,198
03/28/2019,SAF,NM,ASW,WE,Federal Contract Tower,12,12,29,4,57,0,2,50,5,57,12,14,79,9,114,94,0,94,208
03/29/2019,SAF,NM,ASW,WE,Federal Contract Tower,12,4,19,1,36,0,5,28,3,36,12,9,47,4,72,54,4,58,130
03/30/2019,SAF,NM,ASW,WE,Federal Contract Tower,14,5,16,4,39,0,0,54,4,58,14,5,70,8,97,136,14,150,247
04/01/2019,SAF,NM,ASW,WE,Federal Contract Tower,10,9,17,6,42,0,0,42,5,47,10,9,59,11,89,34,28,62,151
04/02/2019,SAF,NM,ASW,WE,Federal Contract Tower,12,11,18,4,45,0,0,37,0,37,12,11,55,4,82,76,0,76,158
04/03/2019,SAF,NM,ASW,WE,Federal Contract Tower,12,3,19,2,36,0,0,12,10,22,12,3,31,12,58,16,0,16,74
04/04/2019,SAF,NM,ASW,WE,Federal Contract Tower,13,5,23,11,52,0,0,54,8,62,13,5,77,19,114,76,0,76,190
04/05/2019,SAF,NM,ASW,WE,Federal Contract Tower,13,13,23,8,57,0,3,54,3,60,13,16,77,11,117,146,0,146,263
04/06/2019,SAF,NM,ASW,WE,Federal Contract Tower,14,1,24,11,50,0,0,48,6,54,14,1,72,17,104,146,28,174,278
04/07/2019,SAF,NM,ASW,WE,Federal Contract Tower,13,6,26,2,47,0,0,48,0,48,13,6,74,2,95,50,0,50,145
04/08/2019,SAF,NM,ASW,WE,Federal Contract Tower,12,3,23,0,38,0,0,57,4,61,12,3,80,4,99,84,0,84,183
04/09/2019,SAF,NM,ASW,WE,Federal Contract Tower,12,3,14,5,34,0,1,27,3,31,12,4,41,8,65,16,6,22,87
04/10/2019,SAF,NM,ASW,WE,Federal Contract Tower,6,3,4,0,13,4,0,3,4,11,10,3,7,4,24,0,0,0,24
04/11/2019,SAF,NM,ASW,WE,Federal Contract Tower,14,16,21,0,51,0,3,18,12,33,14,19,39,12,84,0,4,4,88
04/12/2019,SAF,NM,ASW,WE,Federal Contract Tower,14,5,12,12,43,0,2,25,2,29,14,7,37,14,72,38,0,38,110
04/13/2019,SAF,NM,ASW,WE,Federal Contract Tower,13,0,14,16,43,0,1,9,3,13,13,1,23,19,56,2,30,32,88
04/14/2019,SAF,NM,ASW,WE,Federal Contract Tower,13,13,30,4,60,0,0,35,0,35,13,13,65,4,95,38,0,38,133
04/15/2019,SAF,NM,ASW,WE,Federal Contract Tower,12,8,26,2,48,0,3,43,0,46,12,11,69,2,94,60,0,60,154
04/16/2019,SAF,NM,ASW,WE,Federal Contract Tower,11,5,18,10,44,0,2,25,2,29,11,7,43,12,73,50,16,66,139
04/17/2019,SAF,NM,ASW,WE,Federal Contract Tower,11,10,9,3,33,0,0,14,5,19,11,10,23,8,52,18,16,34,86
04/18/2019,SAF,NM,ASW,WE,Federal Contract Tower,13,7,30,6,56,0,0,35,7,42,13,7,65,13,98,50,34,84,182
04/19/2019,SAF,NM,ASW,WE,Federal Contract Tower,13,5,28,0,46,0,5,82,0,87,13,10,110,0,133,110,0,110,243
04/20/2019,SAF,NM,ASW,WE,Federal Contract Tower,14,1,9,10,34,0,4,38,13,55,14,5,47,23,89,40,18,58,147
04/21/2019,SAF,NM,ASW,WE,Federal Contract Tower,15,9,12,0,36,0,0,22,2,24,15,9,34,2,60,24,0,24,84
04/22/2019,SAF,NM,ASW,WE,Federal Contract Tower,13,13,21,6,53,0,2,25,0,27,13,15,46,6,80,22,6,28,108
04/23/2019,SAF,NM,ASW,WE,Federal Contract Tower,11,11,11,1,34,0,0,1,2,3,11,11,12,3,37,0,0,0,37
04/24/2019,SAF,NM,ASW,WE,Federal Contract Tower,12,14,13,0,39,0,2,39,12,53,12,16,52,12,92,64,0,64,156
04/25/2019,SAF,NM,ASW,WE,Federal Contract Tower,13,14,26,2,55,0,3,55,0,58,13,17,81,2,113,172,2,174,287
04/26/2019,SAF,NM,ASW,WE,Federal Contract Tower,13,17,26,1,57,0,4,22,1,27,13,21,48,2,84,4,6,10,94
04/27/2019,SAF,NM,ASW,WE,Federal Contract Tower,13,16,10,0,39,0,1,56,2,59,13,17,66,2,98,28,0,28,126
04/28/2019,SAF,NM,ASW,WE,Federal Contract Tower,13,12,30,0,55,0,0,36,0,36,13,12,66,0,91,10,0,10,101
04/29/2019,SAF,NM,ASW,WE,Federal Contract Tower,14,12,19,2,47,0,0,31,5,36,14,12,50,7,83,28,0,28,111
04/30/2019,SAF,NM,ASW,WE,Federal Contract Tower,9,10,16,2,37,0,1,15,4,20,9,11,31,6,57,10,0,10,67
05/01/2019,SAF,NM,ASW,WE,Federal Contract Tower,12,11,27,3,53,0,3,34,1,38,12,14,61,4,91,66,0,66,157
05/02/2019,SAF,NM,ASW,WE,Federal Contract Tower,14,10,23,3,50,0,0,39,8,47,14,10,62,11,97,66,0,66,163
05/03/2019,SAF,NM,ASW,WE,Federal Contract Tower,18,12,33,15,78,0,0,35,12,47,18,12,68,27,125,22,8,30,155
05/04/2019,SAF,NM,ASW,WE,Federal Contract Tower,19,8,20,3,50,0,2,69,5,76,19,10,89,8,126,112,2,114,240
05/05/2019,SAF,NM,ASW,WE,Federal Contract Tower,16,21,27,7,71,0,0,61,0,61,16,21,88,7,132,86,0,86,218
05/06/2019,SAF,NM,ASW,WE,Federal Contract Tower,16,11,35,3,65,0,0,48,0,48,16,11,83,3,113,62,0,62,175
05/07/2019,SAF,NM,ASW,WE,Federal Contract Tower,16,12,24,8,60,0,0,32,4,36,16,12,56,12,96,56,0,56,152
05/08/2019,SAF,NM,ASW,WE,Federal Contract Tower,13,7,31,3,54,0,3,29,2,34,13,10,60,5,88,36,4,40,128
05/09/2019,SAF,NM,ASW,WE,Federal Contract Tower,17,8,27,5,57,0,4,9,5,18,17,12,36,10,75,6,4,10,85
05/10/2019,SAF,NM,ASW,WE,Federal Contract Tower,18,9,16,4,47,0,0,0,0,0,18,9,16,4,47,0,0,0,47
05/11/2019,SAF,NM,ASW,WE,Federal Contract Tower,17,8,11,1,37,0,0,3,2,5,17,8,14,3,42,0,0,0,42
05/12/2019,SAF,NM,ASW,WE,Federal Contract Tower,17,12,40,0,69,0,2,45,0,47,17,14,85,0,116,66,0,66,182
05/13/2019,SAF,NM,ASW,WE,Federal Contract Tower,16,14,13,6,49,0,2,35,4,41,16,16,48,10,90,94,14,108,198
05/14/2019,SAF,NM,ASW,WE,Federal Contract Tower,16,4,35,3,58,0,0,72,5,77,16,4,107,8,135,116,0,116,251
05/15/2019,SAF,NM,ASW,WE,Federal Contract Tower,17,7,38,2,64,0,1,51,5,57,17,8,89,7,121,102,0,102,223
05/16/2019,SAF,NM,ASW,WE,Federal Contract Tower,19,18,33,2,72,0,0,46,1,47,19,18,79,3,119,80,2,82,201
05/17/2019,SAF,NM,ASW,WE,Federal Contract Tower,17,10,31,10,68,0,0,37,6,43,17,10,68,16,111,98,2,100,211
05/18/2019,SAF,NM,ASW,WE,Federal Contract Tower,12,5,26,15,58,0,2,47,7,56,12,7,73,22,114,70,44,114,228
05/19/2019,SAF,NM,ASW,WE,Federal Contract Tower,17,9,50,9,85,0,0,51,0,51,17,9,101,9,136,78,0,78,214
05/20/2019,SAF,NM,ASW,WE,Federal Contract Tower,20,3,18,4,45,0,0,3,9,12,20,3,21,13,57,10,10,20,77
05/21/2019,SAF,NM,ASW,WE,Federal Contract Tower,16,5,11,4,36,0,3,6,5,14,16,8,17,9,50,36,7,43,93
05/22/2019,SAF,NM,ASW,WE,Federal Contract Tower,17,12,28,1,58,0,2,41,1,44,17,14,69,2,102,70,0,70,172
05/23/2019,SAF,NM,ASW,WE,Federal Contract Tower,14,5,22,1,42,0,1,7,5,13,14,6,29,6,55,22,0,22,77
05/24/2019,SAF,NM,ASW,WE,Federal Contract Tower,16,8,36,0,60,0,3,72,0,75,16,11,108,0,135,62,0,62,197
05/25/2019,SAF,NM,ASW,WE,Federal Contract Tower,17,3,21,0,41,0,1,49,2,52,17,4,70,2,93,38,0,38,131
05/26/2019,SAF,NM,ASW,WE,Federal Contract Tower,17,6,17,0,40,0,2,28,0,30,17,8,45,0,70,0,0,0,70
05/27/2019,SAF,NM,ASW,WE,Federal Contract Tower,18,10,29,0,57,0,2,31,2,35,18,12,60,2,92,22,0,22,114
05/28/2019,SAF,NM,ASW,WE,Federal Contract Tower,18,9,22,2,51,0,0,27,5,32,18,9,49,7,83,46,0,46,129
05/29/2019,SAF,NM,ASW,WE,Federal Contract Tower,16,6,18,2,42,0,1,45,2,48,16,7,63,4,90,36,0,36,126
05/30/2019,SAF,NM,ASW,WE,Federal Contract Tower,16,10,33,0,59,0,0,25,2,27,16,10,58,2,86,22,0,22,108
06/01/2019,SAF,NM,ASW,WE,Federal Contract Tower,18,1,35,1,55,0,2,45,0,47,18,3,80,1,102,130,0,130,232
06/02/2019,SAF,NM,ASW,WE,Federal Contract Tower,17,10,22,4,53,0,0,15,0,15,17,10,37,4,68,14,0,14,82
06/03/2019,SAF,NM,ASW,WE,Federal Contract Tower,17,11,30,0,58,0,0,35,0,35,17,11,65,0,93,38,0,38,131
06/04/2019,SAF,NM,ASW,WE,Federal Contract Tower,16,13,23,1,53,0,0,54,0,54,16,13,77,1,107,60,6,66,173
06/05/2019,SAF,NM,ASW,WE,Federal Contract Tower,17,17,25,0,59,0,5,11,4,20,17,22,36,4,79,46,0,46,125
06/06/2019,SAF,NM,ASW,WE,Federal Contract Tower,15,17,25,0,57,0,0,79,4,83,15,17,104,4,140,82,0,82,222
06/07/2019,SAF,NM,ASW,WE,Federal Contract Tower,14,19,26,5,64,0,0,50,8,58,14,19,76,13,122,60,0,60,182
06/08/2019,SAF,NM,ASW,WE,Federal Contract Tower,14,14,25,0,53,0,5,64,5,74,14,19,89,5,127,66,6,72,199
06/09/2019,SAF,NM,ASW,WE,Federal Contract Tower,14,11,25,2,52,0,0,43,2,45,14,11,68,4,97,22,0,22,119
06/10/2019,SAF,NM,ASW,WE,Federal Contract Tower,14,11,17,0,42,0,1,29,0,30,14,12,46,0,72,10,0,10,82
06/11/2019,SAF,NM,ASW,WE,Federal Contract Tower,12,10,18,2,42,0,2,62,10,74,12,12,80,12,116,118,10,128,244
06/12/2019,SAF,NM,ASW,WE,Federal Contract Tower,13,12,38,3,66,0,4,41,3,48,13,16,79,6,114,68,0,68,182
06/13/2019,SAF,NM,ASW,WE,Federal Contract Tower,14,13,28,3,58,0,1,41,5,47,14,14,69,8,105,40,0,40,145
06/14/2019,SAF,NM,ASW,WE,Federal Contract Tower,16,11,35,1,63,0,4,40,0,44,16,15,75,1,107,34,4,38,145
06/15/2019,SAF,NM,ASW,WE,Federal Contract Tower,14,10,14,3,41,0,2,66,2,70,14,12,80,5,111,58,24,82,193
06/16/2019,SAF,NM,ASW,WE,Federal Contract Tower,11,13,22,4,50,0,2,37,0,39,11,15,59,4,89,28,0,28,117
06/17/2019,SAF,NM,ASW,WE,Federal Contract Tower,13,12,33,2,60,0,2,31,0,33,13,14,64,2,93,18,0,18,111
06/18/2019,SAF,NM,ASW,WE,Federal Contract Tower,13,11,30,3,57,0,2,49,4,55,13,13,79,7,112,80,0,80,192
06/19/2019,SAF,NM,ASW,WE,Federal Contract Tower,13,6,32,0,51,0,2,49,5,56,13,8,81,5,107,58,4,62,169
06/20/2019,SAF,NM,ASW,WE,Federal Contract Tower,15,12,38,0,65,0,4,56,2,62,15,16,94,2,127,46,0,46,173
06/21/2019,SAF,NM,ASW,WE,Federal Contract Tower,13,15,45,0,73,0,2,52,2,56,13,17,97,2,129,28,0,28,157
06/22/2019,SAF,NM,ASW,WE,Federal Contract Tower,14,8,29,15,66,0,0,45,11,56,14,8,74,26,122,68,72,140,262
06/23/2019,SAF,NM,ASW,WE,Federal Contract Tower,12,15,39,7,73,0,0,54,1,55,12,15,93,8,128,28,2,30,158
06/24/2019,SAF,NM,ASW,WE,Federal Contract Tower,15,16,28,4,63,0,0,47,1,48,15,16,75,5,111,40,6,46,157
06/25/2019,SAF,NM,ASW,WE,Federal Contract Tower,14,10,24,2,50,0,6,56,0,62,14,16,80,2,112,60,0,60,172
06/26/2019,SAF,NM,ASW,WE,Federal Contract Tower,14,12,20,2,48,0,2,46,4,52,14,14,66,6,100,44,0,44,144
06/27/2019,SAF,NM,ASW,WE,Federal Contract Tower,15,13,23,2,53,0,0,49,3,52,15,13,72,5,105,66,0,66,171
06/28/2019,SAF,NM,ASW,WE,Federal Contract Tower,14,13,30,0,57,0,2,58,1,61,14,15,88,1,118,82,0,82,200
06/29/2019,SAF,NM,ASW,WE,Federal Contract Tower,14,12,16,2,44,0,0,55,3,58,14,12,71,5,102,154,10,164,266
06/30/2019,SAF,NM,ASW,WE,Federal Contract Tower,14,22,31,0,67,0,3,46,0,49,14,25,77,0,116,44,0,44,160
07/01/2019,SAF,NM,ASW,WE,Federal Contract Tower,13,15,13,2,43,0,1,23,0,24,13,16,36,2,67,46,0,46,113
07/02/2019,SAF,NM,ASW,WE,Federal Contract Tower,12,15,32,5,64,0,0,34,1,35,12,15,66,6,99,74,0,74,173
07/03/2019,SAF,NM,ASW,WE,Federal Contract Tower,12,4,26,2,44,0,1,35,1,37,12,5,61,3,81,58,0,58,139
07/04/2019,SAF,NM,ASW,WE,Federal Contract Tower,10,4,12,0,26,0,8,27,0,35,10,12,39,0,61,61,0,61,122
07/05/2019,SAF,NM,ASW,WE,Federal Contract Tower,13,9,15,0,37,0,0,39,0,39,13,9,54,0,76,64,0,64,140
07/06/2019,SAF,NM,ASW,WE,Federal Contract Tower,14,8,24,0,46,0,0,26,1,27,14,8,50,1,73,32,0,32,105
07/07/2019,SAF,NM,ASW,WE,Federal Contract Tower,16,9,31,0,56,0,0,28,0,28,16,9,59,0,84,82,0,82,166
07/08/2019,SAF,NM,ASW,WE,Federal Contract Tower,15,9,23,1,48,0,2,34,0,36,15,11,57,1,84,40,0,40,124
07/09/2019,SAF,NM,ASW,WE,Federal Contract Tower,12,9,33,2,56,0,2,47,6,55,12,11,80,8,111,48,2,50,161
07/10/2019,SAF,NM,ASW,WE,Federal Contract Tower,12,7,34,0,53,0,0,48,6,54,12,7,82,6,107,32,0,32,139
07/11/2019,SAF,NM,ASW,WE,Federal Contract Tower,15,14,29,0,58,0,4,43,4,51,15,18,72,4,109,34,0,34,143
07/12/2019,SAF,NM,ASW,WE,Federal Contract Tower,15,12,38,1,66,0,2,51,9,62,15,14,89,10,128,91,4,95,223
07/13/2019,SAF,NM,ASW,WE,Federal Contract Tower,15,15,19,5,54,0,0,47,3,50,15,15,66,8,104,76,18,94,198
07/14/2019,SAF,NM,ASW,WE,Federal Contract Tower,15,16,28,5,64,0,0,42,5,47,15,16,70,10,111,44,6,50,161
07/15/2019,SAF,NM,ASW,WE,Federal Contract Tower,15,11,27,1,54,0,0,48,3,51,15,11,75,4,105,12,0,12,117
07/16/2019,SAF,NM,ASW,WE,Federal Contract Tower,12,4,10,2,28,0,4,30,6,40,12,8,40,8,68,30,0,30,98
07/17/2019,SAF,NM,ASW,WE,Federal Contract Tower,13,8,18,0,39,0,6,46,4,56,13,14,64,4,95,48,0,48,143
07/18/2019,SAF,NM,ASW,WE,Federal Contract Tower,14,8,44,0,66,0,11,57,0,68,14,19,101,0,134,36,0,36,170
07/19/2019,SAF,NM,ASW,WE,Federal Contract Tower,14,10,21,0,45,0,3,50,6,59,14,13,71,6,104,10,0,10,114
07/20/2019,SAF,NM,ASW,WE,Federal Contract Tower,15,12,16,0,43,0,2,42,3,47,15,14,58,3,90,42,0,42,132
07/21/2019,SAF,NM,ASW,WE,Federal Contract Tower,15,18,31,8,72,0,2,49,5,56,15,20,80,13,128,24,14,38,166
07/22/2019,SAF,NM,ASW,WE,Federal Contract Tower,13,5,17,1,36,0,3,21,4,28,13,8,38,5,64,30,10,40,104
07/23/2019,SAF,NM,ASW,WE,Federal Contract Tower,12,18,25,1,56,0,0,20,5,25,12,18,45,6,81,0,0,0,81
07/24/2019,SAF,NM,ASW,WE,Federal Contract Tower,13,16,23,2,54,0,0,30,6,36,13,16,53,8,90,8,2,10,100
07/25/2019,SAF,NM,ASW,WE,Federal Contract Tower,18,23,25,0,66,0,0,35,2,37,18,23,60,2,103,44,0,44,147
07/26/2019,SAF,NM,ASW,WE,Federal Contract Tower,15,16,47,3,81,0,2,42,3,47,15,18,89,6,128,78,2,80,208
07/27/2019,SAF,NM,ASW,WE,Federal Contract Tower,15,11,22,0,48,0,2,53,2,57,15,13,75,2,105,141,0,141,246
07/28/2019,SAF,NM,ASW,WE,Federal Contract Tower,15,23,37,2,77,0,2,68,3,73,15,25,105,5,150,120,6,126,276
07/29/2019,SAF,NM,ASW,WE,Federal Contract Tower,15,16,20,2,53,0,0,39,0,39,15,16,59,2,92,22,0,22,114
07/30/2019,SAF,NM,ASW,WE,Federal Contract Tower,13,34,38,3,88,0,1,53,5,59,13,35,91,8,147,50,2,52,199
07/31/2019,SAF,NM,ASW,WE,Federal Contract Tower,12,18,38,1,69,0,2,42,5,49,12,20,80,6,118,46,0,46,164
08/01/2019,SAF,NM,ASW,WE,Federal Contract Tower,15,19,23,0,57,0,0,51,3,54,15,19,74,3,111,62,0,62,173
08/02/2019,SAF,NM,ASW,WE,Federal Contract Tower,15,11,31,4,61,0,2,49,3,54,15,13,80,7,115,50,0,50,165
08/03/2019,SAF,NM,ASW,WE,Federal Contract Tower,15,8,18,1,42,0,1,38,6,45,15,9,56,7,87,62,0,62,149
08/04/2019,SAF,NM,ASW,WE,Federal Contract Tower,14,28,33,2,77,0,3,33,0,36,14,31,66,2,113,18,0,18,131
08/05/2019,SAF,NM,ASW,WE,Federal Contract Tower,15,24,15,3,57,0,1,43,4,48,15,25,58,7,105,36,0,36,141
08/06/2019,SAF,NM,ASW,WE,Federal Contract Tower,14,15,28,2,59,0,0,47,2,49,14,15,75,4,108,0,84,84,192
08/07/2019,SAF,NM,ASW,WE,Federal Contract Tower,15,11,30,5,61,0,0,63,4,67,15,11,93,9,128,26,14,40,168
08/08/2019,SAF,NM,ASW,WE,Federal Contract Tower,15,7,31,0,53,0,6,35,4,45,15,13,66,4,98,34,0,34,132
08/09/2019,SAF,NM,ASW,WE,Federal Contract Tower,15,20,35,0,70,0,3,56,1,60,15,23,91,1,130,30,0,30,160
08/10/2019,SAF,NM,ASW,WE,Federal Contract Tower,14,12,18,0,44,0,0,43,0,43,14,12,61,0,87,60,0,60,147
08/12/2019,SAF,NM,ASW,WE,Federal Contract Tower,12,10,41,2,65,0,0,35,0,35,12,10,76,2,100,50,0,50,150
08/13/2019,SAF,NM,ASW,WE,Federal Contract Tower,13,4,42,2,61,0,0,44,2,46,13,4,86,4,107,64,0,64,171
08/14/2019,SAF,NM,ASW,WE,Federal Contract Tower,13,15,25,4,57,0,0,31,2,33,13,15,56,6,90,44,0,44,134
08/15/2019,SAF,NM,ASW,WE,Federal Contract Tower,15,13,59,4,91,0,1,35,6,42,15,14,94,10,133,28,0,28,161
08/16/2019,SAF,NM,ASW,WE,Federal Contract Tower,15,13,58,3,89,0,2,45,4,51,15,15,103,7,140,12,0,12,152
08/17/2019,SAF,NM,ASW,WE,Federal Contract Tower,15,14,18,3,50,0,1,49,1,51,15,15,67,4,101,108,6,114,215
08/18/2019,SAF,NM,ASW,WE,Federal Contract Tower,15,19,54,0,88,0,0,71,1,72,15,19,125,1,160,74,0,74,234
08/19/2019,SAF,NM,ASW,WE,Federal Contract Tower,14,11,48,0,73,0,2,35,2,39,14,13,83,2,112,78,0,78,190
08/20/2019,SAF,NM,ASW,WE,Federal Contract Tower,15,17,33,1,66,0,1,45,4,50,15,18,78,5,116,52,0,52,168
08/21/2019,SAF,NM,ASW,WE,Federal Contract Tower,15,10,38,3,66,0,4,42,1,47,15,14,80,4,113,64,0,64,177
08/22/2019,SAF,NM,ASW,WE,Federal Contract Tower,15,13,39,1,68,0,2,53,2,57,15,15,92,3,125,102,0,102,227
08/23/2019,SAF,NM,ASW,WE,Federal Contract Tower,14,4,60,2,80,0,2,55,9,66,14,6,115,11,146,34,28,62,208
08/24/2019,SAF,NM,ASW,WE,Federal Contract Tower,15,11,15,5,46,0,2,65,0,67,15,13,80,5,113,64,2,66,179
08/25/2019,SAF,NM,ASW,WE,Federal Contract Tower,15,16,37,4,72,0,2,48,2,52,15,18,85,6,124,30,0,30,154
08/26/2019,SAF,NM,ASW,WE,Federal Contract Tower,13,14,33,0,60,0,2,40,1,43,13,16,73,1,103,62,0,62,165
08/27/2019,SAF,NM,ASW,WE,Federal Contract Tower,14,7,28,0,49,0,2,43,0,45,14,9,71,0,94,30,0,30,124
08/28/2019,SAF,NM,ASW,WE,Federal Contract Tower,15,18,19,1,53,0,3,39,10,52,15,21,58,11,105,134,6,140,245
08/29/2019,SAF,NM,ASW,WE,Federal Contract Tower,15,6,26,4,51,0,0,54,6,60,15,6,80,10,111,58,4,62,173
08/30/2019,SAF,NM,ASW,WE,Federal Contract Tower,12,24,44,0,80,0,3,74,3,80,12,27,118,3,160,74,4,78,238
08/31/2019,SAF,NM,ASW,WE,Federal Contract Tower,14,13,27,0,54,0,2,50,2,54,14,15,77,2,108,54,0,54,162
09/01/2019,SAF,NM,ASW,WE,Federal Contract Tower,14,13,10,0,37,0,1,43,1,45,14,14,53,1,82,40,0,40,122
09/02/2019,SAF,NM,ASW,WE,Federal Contract Tower,14,31,28,0,73,0,2,49,0,51,14,33,77,0,124,70,0,70,194
09/03/2019,SAF,NM,ASW,WE,Federal Contract Tower,14,11,31,0,56,0,3,40,0,43,14,14,71,0,99,106,0,106,205
09/04/2019,SAF,NM,ASW,WE,Federal Contract Tower,18,8,27,4,57,0,5,41,5,51,18,13,68,9,108,36,0,36,144
09/05/2019,SAF,NM,ASW,WE,Federal Contract Tower,18,5,25,2,50,0,0,42,3,45,18,5,67,5,95,82,0,82,177
09/06/2019,SAF,NM,ASW,WE,Federal Contract Tower,16,2,34,2,54,0,0,57,0,57,16,2,91,2,111,56,0,56,167
09/07/2019,SAF,NM,ASW,WE,Federal Contract Tower,17,10,24,2,53,0,0,50,0,50,17,10,74,2,103,50,0,50,153
09/08/2019,SAF,NM,ASW,WE,Federal Contract Tower,17,11,28,0,56,0,2,40,0,42,17,13,68,0,98,74,0,74,172
09/09/2019,SAF,NM,ASW,WE,Federal Contract Tower,16,4,25,0,45,0,0,48,0,48,16,4,73,0,93,56,0,56,149
09/10/2019,SAF,NM,ASW,WE,Federal Contract Tower,14,9,25,0,48,0,2,47,1,50,14,11,72,1,98,112,0,112,210
09/11/2019,SAF,NM,ASW,WE,Federal Contract Tower,17,9,31,2,59,0,7,51,2,60,17,16,82,4,119,50,0,50,169
09/12/2019,SAF,NM,ASW,WE,Federal Contract Tower,17,7,32,2,58,0,3,68,5,76,17,10,100,7,134,60,14,74,208
09/13/2019,SAF,NM,ASW,WE,Federal Contract Tower,16,10,24,1,51,0,3,51,1,55,16,13,75,2,106,54,8,62,168
09/14/2019,SAF,NM,ASW,WE,Federal Contract Tower,14,7,14,2,37,0,0,46,2,48,14,7,60,4,85,94,0,94,179
09/15/2019,SAF,NM,ASW,WE,Federal Contract Tower,18,18,34,0,70,0,0,46,0,46,18,18,80,0,116,98,0,98,214
09/16/2019,SAF,NM,ASW,WE,Federal Contract Tower,17,14,24,0,55,0,5,32,0,37,17,19,56,0,92,108,0,108,200
09/17/2019,SAF,NM,ASW,WE,Federal Contract Tower,17,11,30,6,64,0,0,53,4,57,17,11,83,10,121,50,0,50,171
09/18/2019,SAF,NM,ASW,WE,Federal Contract Tower,18,14,31,1,64,0,0,62,8,70,18,14,93,9,134,150,0,150,284
09/19/2019,SAF,NM,ASW,WE,Federal Contract Tower,17,10,50,4,81,0,3,75,14,92,17,13,125,18,173,106,10,116,289
09/20/2019,SAF,NM,ASW,WE,Federal Contract Tower,16,17,48,2,83,0,0,53,2,55,16,17,101,4,138,86,0,86,224
09/21/2019,SAF,NM,ASW,WE,Federal Contract Tower,12,6,27,0,45,0,1,77,0,78,12,7,104,0,123,114,0,114,237
09/22/2019,SAF,NM,ASW,WE,Federal Contract Tower,17,11,41,0,69,0,0,59,0,59,17,11,100,0,128,84,0,84,212
09/23/2019,SAF,NM,ASW,WE,Federal Contract Tower,16,7,29,0,52,0,0,47,2,49,16,7,76,2,101,118,0,118,219
09/24/2019,SAF,NM,ASW,WE,Federal Contract Tower,15,14,25,1,55,0,5,37,11,53,15,19,62,12,108,96,22,118,226
09/25/2019,SAF,NM,ASW,WE,Federal Contract Tower,17,13,25,3,58,0,3,45,6,54,17,16,70,9,112,114,8,122,234
09/26/2019,SAF,NM,ASW,WE,Federal Contract Tower,17,14,20,0,51,0,0,46,9,55,17,14,66,9,106,66,10,76,182
09/27/2019,SAF,NM,ASW,WE,Federal Contract Tower,16,14,22,3,55,0,2,58,2,62,16,16,80,5,117,68,0,68,185
09/28/2019,SAF,NM,ASW,WE,Federal Contract Tower,14,4,18,5,41,0,9,69,9,87,14,13,87,14,128,88,4,92,220
09/29/2019,SAF,NM,ASW,WE,Federal Contract Tower,16,18,30,0,64,0,2,47,3,52,16,20,77,3,116,133,0,133,249
09/30/2019,SAF,NM,ASW,WE,Federal Contract Tower,15,20,19,1,55,0,2,47,0,49,15,22,66,1,104,116,0,116,220
10/01/2019,SAF,NM,ASW,WE,Federal Contract Tower,13,29,16,4,62,0,2,26,4,32,13,31,42,8,94,50,0,50,144
10/02/2019,SAF,NM,ASW,WE,Federal Contract Tower,15,10,28,0,53,0,0,36,0,36,15,10,64,0,89,134,0,134,223
10/03/2019,SAF,NM,ASW,WE,Federal Contract Tower,16,14,33,2,65,0,2,38,3,43,16,16,71,5,108,36,0,36,144
10/04/2019,SAF,NM,ASW,WE,Federal Contract Tower,16,22,24,0,62,0,0,12,0,12,16,22,36,0,74,10,0,10,84
10/05/2019,SAF,NM,ASW,WE,Federal Contract Tower,14,18,23,1,56,0,4,51,4,59,14,22,74,5,115,90,18,108,223
10/06/2019,SAF,NM,ASW,WE,Federal Contract Tower,17,15,45,0,77,0,1,70,0,71,17,16,115,0,148,66,0,66,214
10/07/2019,SAF,NM,ASW,WE,Federal Contract Tower,18,16,25,0,59,0,2,44,0,46,18,18,69,0,105,80,0,80,185
10/08/2019,SAF,NM,ASW,WE,Federal Contract Tower,20,14,41,0,75,0,1,55,4,60,20,15,96,4,135,124,0,124,259
10/09/2019,SAF,NM,ASW,WE,Federal Contract Tower,23,20,30,2,75,0,0,51,8,59,23,20,81,10,134,90,0,90,224
10/10/2019,SAF,NM,ASW,WE,Federal Contract Tower,18,16,41,2,77,0,0,19,12,31,18,16,60,14,108,22,16,38,146
10/11/2019,SAF,NM,ASW,WE,Federal Contract Tower,19,14,37,3,73,0,2,61,1,64,19,16,98,4,137,110,2,112,249
10/12/2019,SAF,NM,ASW,WE,Federal Contract Tower,15,14,13,2,44,0,3,74,0,77,15,17,87,2,121,118,0,118,239
10/13/2019,SAF,NM,ASW,WE,Federal Contract Tower,18,14,29,1,62,0,2,59,1,62,18,16,88,2,124,104,0,104,228
10/14/2019,SAF,NM,ASW,WE,Federal Contract Tower,19,18,29,0,66,0,0,47,1,48,19,18,76,1,114,96,0,96,210
10/15/2019,SAF,NM,ASW,WE,Federal Contract Tower,20,6,21,4,51,0,5,62,3,70,20,11,83,7,121,60,2,62,183
10/16/2019,SAF,NM,ASW,WE,Federal Contract Tower,21,17,25,1,64,0,2,59,4,65,21,19,84,5,129,170,6,176,305
10/17/2019,SAF,NM,ASW,WE,Federal Contract Tower,29,24,23,5,81,0,0,62,10,72,29,24,85,15,153,110,0,110,263
10/18/2019,SAF,NM,ASW,WE,Federal Contract Tower,20,11,36,1,68,0,0,33,1,34,20,11,69,2,102,74,10,84,186
10/19/2019,SAF,NM,ASW,WE,Federal Contract Tower,15,14,12,2,43,0,2,63,19,84,15,16,75,21,127,84,26,110,237
10/20/2019,SAF,NM,ASW,WE,Federal Contract Tower,14,13,25,4,56,0,3,29,3,35,14,16,54,7,91,22,0,22,113
10/21/2019,SAF,NM,ASW,WE,Federal Contract Tower,20,11,18,0,49,0,0,32,0,32,20,11,50,0,81,28,0,28,109
10/22/2019,SAF,NM,ASW,WE,Federal Contract Tower,19,17,25,0,61,0,9,64,3,76,19,26,89,3,137,142,0,142,279
10/23/2019,SAF,NM,ASW,WE,Federal Contract Tower,18,11,31,3,63,0,0,47,11,58,18,11,78,14,121,84,6,90,211
10/24/2019,SAF,NM,ASW,WE,Federal Contract Tower,22,10,13,4,49,0,0,13,6,19,22,10,26,10,68,46,14,60,128
10/25/2019,SAF,NM,ASW,WE,Federal Contract Tower,21,3,26,0,50,0,2,49,0,51,21,5,75,0,101,70,0,70,171
10/26/2019,SAF,NM,ASW,WE,Federal Contract Tower,15,8,25,2,50,0,1,51,2,54,15,9,76,4,104,84,6,90,194
10/27/2019,SAF,NM,ASW,WE,Federal Contract Tower,16,6,35,0,57,0,0,49,0,49,16,6,84,0,106,100,0,100,206
10/28/2019,SAF,NM,ASW,WE,Federal Contract Tower,17,11,18,0,46,0,0,6,1,7,17,11,24,1,53,0,0,0,53
10/29/2019,SAF,NM,ASW,WE,Federal Contract Tower,16,12,22,0,50,0,2,50,7,59,16,14,72,7,109,104,0,104,213
10/30/2019,SAF,NM,ASW,WE,Federal Contract Tower,17,14,22,7,60,0,0,29,7,36,17,14,51,14,96,54,6,60,156
10/31/2019,SAF,NM,ASW,WE,Federal Contract Tower,19,11,21,0,51,0,2,33,1,36,19,13,54,1,87,62,0,62,149
11/01/2019,SAF,NM,ASW,WE,Federal Contract Tower,16,13,40,0,69,0,4,61,7,72,16,17,101,7,141,96,0,96,237
11/02/2019,SAF,NM,ASW,WE,Federal Contract Tower,13,8,12,3,36,0,13,50,15,78,13,21,62,18,114,120,10,130,244
11/03/2019,SAF,NM,ASW,WE,Federal Contract Tower,17,13,22,1,53,0,3,61,10,74,17,16,83,11,127,144,28,172,299
11/04/2019,SAF,NM,ASW,WE,Federal Contract Tower,16,12,27,2,57,0,1,57,1,59,16,13,84,3,116,116,0,116,232
11/05/2019,SAF,NM,ASW,WE,Federal Contract Tower,17,5,22,6,50,0,0,53,7,60,17,5,75,13,110,100,14,114,224
11/06/2019,SAF,NM,ASW,WE,Federal Contract Tower,17,7,14,0,38,0,1,23,2,26,17,8,37,2,64,104,0,104,168
11/07/2019,SAF,NM,ASW,WE,Federal Contract Tower,17,10,18,0,45,0,0,9,0,9,17,10,27,0,54,0,0,0,54
11/08/2019,SAF,NM,ASW,WE,Federal Contract Tower,16,8,38,0,62,0,0,48,0,48,16,8,86,0,110,88,0,88,198
11/09/2019,SAF,NM,ASW,WE,Federal Contract Tower,12,8,23,2,45,0,1,56,1,58,12,9,79,3,103,134,0,134,237
11/10/2019,SAF,NM,ASW,WE,Federal Contract Tower,17,15,25,0,57,0,0,55,7,62,17,15,80,7,119,86,0,86,205
11/11/2019,SAF,NM,ASW,WE,Federal Contract Tower,19,14,17,2,52,0,0,0,0,0,19,14,17,2,52,36,0,36,88
11/12/2019,SAF,NM,ASW,WE,Federal Contract Tower,19,4,13,2,38,0,0,35,18,53,19,4,48,20,91,118,0,118,209
11/13/2019,SAF,NM,ASW,WE,Federal Contract Tower,17,6,24,1,48,0,3,55,7,65,17,9,79,8,113,66,4,70,183
11/14/2019,SAF,NM,ASW,WE,Federal Contract Tower,16,9,32,3,60,0,1,48,10,59,16,10,80,13,119,106,0,106,225
11/15/2019,SAF,NM,ASW,WE,Federal Contract Tower,16,8,16,5,45,0,0,36,2,38,16,8,52,7,83,114,0,114,197
11/16/2019,SAF,NM,ASW,WE,Federal Contract Tower,12,4,15,3,34,0,0,81,7,88,12,4,96,10,122,118,20,138,260
11/17/2019,SAF,NM,ASW,WE,Federal Contract Tower,19,6,20,4,49,0,0,48,1,49,19,6,68,5,98,58,0,58,156
11/18/2019,SAF,NM,ASW,WE,Federal Contract Tower,18,5,17,0,40,0,2,41,0,43,18,7,58,0,83,96,0,96,179
11/19/2019,SAF,NM,ASW,WE,Federal Contract Tower,18,0,14,0,32,0,0,39,5,44,18,0,53,5,76,150,18,168,244
11/20/2019,SAF,NM,ASW,WE,Federal Contract Tower,16,10,25,2,53,0,2,15,0,17,16,12,40,2,70,68,0,68,138
11/21/2019,SAF,NM,ASW,WE,Federal Contract Tower,19,7,13,1,40,0,0,0,0,0,19,7,13,1,40,0,0,0,40
11/22/2019,SAF,NM,ASW,WE,Federal Contract Tower,17,15,24,4,60,0,0,12,0,12,17,15,36,4,72,48,0,48,120
11/23/2019,SAF,NM,ASW,WE,Federal Contract Tower,17,12,25,0,54,0,0,55,1,56,17,12,80,1,110,72,0,72,182
11/24/2019,SAF,NM,ASW,WE,Federal Contract Tower,15,12,14,0,41,0,0,47,0,47,15,12,61,0,88,136,0,136,224
11/25/2019,SAF,NM,ASW,WE,Federal Contract Tower,18,11,22,0,51,0,2,44,2,48,18,13,66,2,99,62,0,62,161
11/26/2019,SAF,NM,ASW,WE,Federal Contract Tower,18,14,20,0,52,0,0,4,5,9,18,14,24,5,61,0,0,0,61
11/27/2019,SAF,NM,ASW,WE,Federal Contract Tower,16,22,28,0,66,0,1,19,0,20,16,23,47,0,86,54,0,54,140
11/28/2019,SAF,NM,ASW,WE,Federal Contract Tower,11,1,2,0,14,0,0,0,0,0,11,1,2,0,14,0,0,0,14
11/29/2019,SAF,NM,ASW,WE,Federal Contract Tower,11,23,8,0,42,0,0,0,0,0,11,23,8,0,42,0,0,0,42
11/30/2019,SAF,NM,ASW,WE,Federal Contract Tower,17,17,20,0,54,0,4,3,0,7,17,21,23,0,61,0,0,0,61
12/01/2019,SAF,NM,ASW,WE,Federal Contract Tower,19,29,35,0,83,0,1,61,2,64,19,30,96,2,147,100,0,100,247
12/02/2019,SAF,NM,ASW,WE,Federal Contract Tower,16,4,24,2,46,0,1,36,0,37,16,5,60,2,83,50,0,50,133
12/03/2019,SAF,NM,ASW,WE,Federal Contract Tower,19,15,30,9,73,0,7,39,7,53,19,22,69,16,126,56,0,56,182
12/04/2019,SAF,NM,ASW,WE,Federal Contract Tower,17,5,26,3,51,0,2,7,3,12,17,7,33,6,63,48,0,48,111
12/05/2019,SAF,NM,ASW,WE,Federal Contract Tower,16,7,21,0,44,0,0,11,15,26,16,7,32,15,70,18,28,46,116
12/06/2019,SAF,NM,ASW,WE,Federal Contract Tower,17,4,28,3,52,0,0,52,1,53,17,4,80,4,105,126,0,126,231
12/07/2019,SAF,NM,ASW,WE,Federal Contract Tower,12,4,11,0,27,0,0,43,0,43,12,4,54,0,70,78,0,78,148
12/08/2019,SAF,NM,ASW,WE,Federal Contract Tower,16,3,5,0,24,0,0,0,0,0,16,3,5,0,24,0,0,0,24
12/09/2019,SAF,NM,ASW,WE,Federal Contract Tower,14,12,25,9,60,0,0,30,0,30,14,12,55,9,90,50,0,50,140
12/10/2019,SAF,NM,ASW,WE,Federal Contract Tower,16,16,53,2,87,0,6,45,6,57,16,22,98,8,144,84,0,84,228
12/11/2019,SAF,NM,ASW,WE,Federal Contract Tower,15,16,24,2,57,0,5,45,3,53,15,21,69,5,110,112,2,114,224
12/12/2019,SAF,NM,ASW,WE,Federal Contract Tower,16,5,25,5,51,0,2,52,14,68,16,7,77,19,119,90,24,114,233
12/13/2019,SAF,NM,ASW,WE,Federal Contract Tower,16,5,21,1,43,0,1,29,1,31,16,6,50,2,74,42,0,42,116
12/14/2019,SAF,NM,ASW,WE,Federal Contract Tower,14,11,24,0,49,0,0,18,2,20,14,11,42,2,69,64,0,64,133
12/15/2019,SAF,NM,ASW,WE,Federal Contract Tower,16,13,22,0,51,0,6,29,0,35,16,19,51,0,86,42,0,42,128
12/16/2019,SAF,NM,ASW,WE,Federal Contract Tower,15,11,20,3,49,0,3,37,1,41,15,14,57,4,90,78,0,78,168
12/17/2019,SAF,NM,ASW,WE,Federal Contract Tower,13,7,18,0,38,0,4,26,8,38,13,11,44,8,76,38,0,38,114
12/18/2019,SAF,NM,ASW,WE,Federal Contract Tower,14,8,24,2,48,0,5,42,9,56,14,13,66,11,104,68,2,70,174
12/19/2019,SAF,NM,ASW,WE,Federal Contract Tower,15,8,23,2,48,0,0,37,12,49,15,8,60,14,97,92,8,100,197
12/20/2019,SAF,NM,ASW,WE,Federal Contract Tower,15,14,20,0,49,0,5,28,0,33,15,19,48,0,82,50,0,50,132
12/21/2019,SAF,NM,ASW,WE,Federal Contract Tower,14,14,30,0,58,0,6,41,0,47,14,20,71,0,105,30,0,30,135
12/22/2019,SAF,NM,ASW,WE,Federal Contract Tower,15,9,21,0,45,0,2,42,0,44,15,11,63,0,89,52,0,52,141
12/23/2019,SAF,NM,ASW,WE,Federal Contract Tower,13,15,27,4,59,0,3,38,7,48,13,18,65,11,107,102,0,102,209
12/24/2019,SAF,NM,ASW,WE,Federal Contract Tower,13,8,11,0,32,0,0,17,0,17,13,8,28,0,49,90,0,90,139
12/25/2019,SAF,NM,ASW,WE,Federal Contract Tower,11,9,4,0,24,0,3,2,0,5,11,12,6,0,29,0,0,0,29
12/26/2019,SAF,NM,ASW,WE,Federal Contract Tower,15,13,41,0,69,0,1,61,6,68,15,14,102,6,137,148,22,170,307
12/27/2019,SAF,NM,ASW,WE,Federal Contract Tower,15,4,15,0,34,0,0,0,0,0,15,4,15,0,34,0,0,0,34
12/28/2019,SAF,NM,ASW,WE,Federal Contract Tower,17,6,13,0,36,0,0,5,0,5,17,6,18,0,41,0,0,0,41
12/29/2019,SAF,NM,ASW,WE,Federal Contract Tower,15,23,17,0,55,0,3,13,0,16,15,26,30,0,71,23,0,23,94
12/30/2019,SAF,NM,ASW,WE,Federal Contract Tower,15,19,33,2,69,0,2,32,1,35,15,21,65,3,104,30,4,34,138
12/31/2019,SAF,NM,ASW,WE,Federal Contract Tower,13,9,11,0,33,0,2,26,0,28,13,11,37,0,61,42,0,42,103
01/01/2020,SAF,NM,ASW,WE,Federal Contract Tower,15,10,17,0,42,0,2,29,0,31,15,12,46,0,73,80,0,80,153
01/02/2020,SAF,NM,ASW,WE,Federal Contract Tower,15,6,10,0,31,0,0,9,0,9,15,6,19,0,40,6,0,6,46
01/03/2020,SAF,NM,ASW,WE,Federal Contract Tower,15,4,29,7,55,0,0,50,13,63,15,4,79,20,118,146,8,154,272
01/04/2020,SAF,NM,ASW,WE,Federal Contract Tower,15,14,17,2,48,0,2,61,4,67,15,16,78,6,115,96,0,96,211
01/05/2020,SAF,NM,ASW,WE,Federal Contract Tower,15,7,22,2,46,0,0,47,2,49,15,7,69,4,95,122,0,122,217
01/06/2020,SAF,NM,ASW,WE,Federal Contract Tower,15,1,28,2,46,0,0,36,1,37,15,1,64,3,83,60,5,65,148
01/07/2020,SAF,NM,ASW,WE,Federal Contract Tower,13,6,20,4,43,0,1,26,4,31,13,7,46,8,74,132,14,146,220
01/08/2020,SAF,NM,ASW,WE,Federal Contract Tower,12,9,17,0,38,0,3,41,0,44,12,12,58,0,82,116,0,116,198
01/09/2020,SAF,NM,ASW,WE,Federal Contract Tower,16,0,21,0,37,0,0,29,6,35,16,0,50,6,72,96,14,110,182
01/10/2020,SAF,NM,ASW,WE,Federal Contract Tower,14,4,16,0,34,0,1,9,2,12,14,5,25,2,46,26,0,26,72
01/11/2020,SAF,NM,ASW,WE,Federal Contract Tower,13,5,15,3,36,0,0,43,6,49,13,5,58,9,85,36,10,46,131
01/12/2020,SAF,NM,ASW,WE,Federal Contract Tower,15,10,14,2,41,0,0,46,0,46,15,10,60,2,87,38,0,38,125
01/13/2020,SAF,NM,ASW,WE,Federal Contract Tower,15,5,13,0,33,0,3,26,0,29,15,8,39,0,62,130,0,130,192
01/14/2020,SAF,NM,ASW,WE,Federal Contract Tower,13,10,28,4,55,0,1,39,12,52,13,11,67,16,107,40,20,60,167
01/15/2020,SAF,NM,ASW,WE,Federal Contract Tower,14,9,26,5,54,0,0,49,5,54,14,9,75,10,108,136,0,136,244
01/16/2020,SAF,NM,ASW,WE,Federal Contract Tower,2,5,2,0,9,0,0,0,1,1,2,5,2,1,10,0,0,0,10
01/17/2020,SAF,NM,ASW,WE,Federal Contract Tower,10,6,18,11,45,0,0,3,2,5,10,6,21,13,50,0,4,4,54
01/18/2020,SAF,NM,ASW,WE,Federal Contract Tower,9,10,18,9,46,0,2,27,5,34,9,12,45,14,80,24,8,32,112
01/19/2020,SAF,NM,ASW,WE,Federal Contract Tower,13,6,16,2,37,0,0,35,4,39,13,6,51,6,76,28,26,54,130
01/21/2020,SAF,NM,ASW,WE,Federal Contract Tower,12,4,9,2,27,0,0,0,0,0,12,4,9,2,27,0,0,0,27
01/22/2020,SAF,NM,ASW,WE,Federal Contract Tower,17,4,32,6,59,0,2,16,5,23,17,6,48,11,82,20,8,28,110
01/23/2020,SAF,NM,ASW,WE,Federal Contract Tower,16,5,23,2,46,0,1,28,8,37,16,6,51,10,83,54,20,74,157
01/24/2020,SAF,NM,ASW,WE,Federal Contract Tower,15,6,14,20,55,0,3,72,6,81,15,9,86,26,136,152,8,160,296
01/25/2020,SAF,NM,ASW,WE,Federal Contract Tower,13,3,24,2,42,0,6,58,5,69,13,9,82,7,111,66,22,88,199
01/26/2020,SAF,NM,ASW,WE,Federal Contract Tower,15,9,28,6,58,0,7,50,2,59,15,16,78,8,117,70,0,70,187
01/27/2020,SAF,NM,ASW,WE,Federal Contract Tower,16,2,14,0,32,0,1,20,0,21,16,3,34,0,53,0,0,0,53
01/28/2020,SAF,NM,ASW,WE,Federal Contract Tower,13,8,25,2,48,0,1,33,9,43,13,9,58,11,91,42,16,58,149
01/29/2020,SAF,NM,ASW,WE,Federal Contract Tower,14,7,24,8,53,0,3,32,5,40,14,10,56,13,93,84,0,84,177
01/30/2020,SAF,NM,ASW,WE,Federal Contract Tower,16,13,26,0,55,0,3,38,1,42,16,16,64,1,97,46,0,46,143
01/31/2020,SAF,NM,ASW,WE,Federal Contract Tower,15,7,26,0,48,0,0,41,5,46,15,7,67,5,94,73,0,73,167
02/01/2020,SAF,NM,ASW,CE,Federal Contract Tower,13,4,13,5,35,0,2,34,7,43,13,6,47,12,78,40,6,46,124
02/02/2020,SAF,NM,ASW,CE,Federal Contract Tower,14,5,15,3,37,0,7,72,3,82,14,12,87,6,119,68,10,78,197
02/03/2020,SAF,NM,ASW,CE,Federal Contract Tower,14,20,15,0,49,0,0,26,0,26,14,20,41,0,75,34,0,34,109
02/04/2020,SAF,NM,ASW,CE,Federal Contract Tower,9,12,8,0,29,0,0,0,2,2,9,12,8,2,31,0,0,0,31
02/05/2020,SAF,NM,ASW,CE,Federal Contract Tower,14,17,13,3,47,0,2,22,9,33,14,19,35,12,80,32,10,42,122
02/06/2020,SAF,NM,ASW,CE,Federal Contract Tower,16,4,19,6,45,0,3,28,3,34,16,7,47,9,79,60,6,66,145
02/07/2020,SAF,NM,ASW,CE,Federal Contract Tower,14,10,19,6,49,0,3,42,6,51,14,13,61,12,100,26,0,26,126
02/08/2020,SAF,NM,ASW,CE,Federal Contract Tower,13,7,11,7,38,0,1,54,2,57,13,8,65,9,95,100,10,110,205
02/09/2020,SAF,NM,ASW,CE,Federal Contract Tower,15,5,19,11,50,0,0,50,16,66,15,5,69,27,116,64,4,68,184
02/10/2020,SAF,NM,ASW,CE,Federal Contract Tower,18,11,12,0,41,0,1,1,0,2,18,12,13,0,43,0,0,0,43
02/11/2020,SAF,NM,ASW,CE,Federal Contract Tower,14,3,6,0,23,0,0,0,0,0,14,3,6,0,23,0,0,0,23
02/12/2020,SAF,NM,ASW,CE,Federal Contract Tower,13,6,19,0,38,0,5,17,9,31,13,11,36,9,69,12,22,34,103
02/13/2020,SAF,NM,ASW,CE,Federal Contract Tower,15,5,19,2,41,0,0,37,5,42,15,5,56,7,83,34,6,40,123
02/14/2020,SAF,NM,ASW,CE,Federal Contract Tower,16,8,23,3,50,1,0,58,0,59,17,8,81,3,109,76,0,76,185
02/15/2020,SAF,NM,ASW,CE,Federal Contract Tower,11,3,16,0,30,0,3,49,0,52,11,6,65,0,82,54,0,54,136
02/16/2020,SAF,NM,ASW,CE,Federal Contract Tower,15,5,19,2,41,0,0,37,0,37,15,5,56,2,78,36,0,36,114
02/17/2020,SAF,NM,ASW,CE,Federal Contract Tower,15,10,40,6,71,0,0,57,1,58,15,10,97,7,129,32,6,38,167
02/18/2020,SAF,NM,ASW,CE,Federal Contract Tower,15,11,22,3,51,0,3,21,6,30,15,14,43,9,81,32,0,32,113
02/19/2020,SAF,NM,ASW,CE,Federal Contract Tower,16,8,23,1,48,0,2,10,10,22,16,10,33,11,70,24,0,24,94
02/20/2020,SAF,NM,ASW,CE,Federal Contract Tower,17,6,16,7,46,0,0,13,12,25,17,6,29,19,71,6,14,20,91
02/21/2020,SAF,NM,ASW,CE,Federal Contract Tower,14,10,24,10,58,0,5,36,0,41,14,15,60,10,99,42,0,42,141
02/22/2020,SAF,NM,ASW,CE,Federal Contract Tower,14,5,12,3,34,0,5,23,0,28,14,10,35,3,62,76,0,76,138
02/23/2020,SAF,NM,ASW,CE,Federal Contract Tower,15,8,21,0,44,0,0,1,0,1,15,8,22,0,45,0,0,0,45
02/24/2020,SAF,NM,ASW,CE,Federal Contract Tower,15,6,16,4,41,1,4,11,2,18,16,10,27,6,59,4,0,4,63
02/25/2020,SAF,NM,ASW,CE,Federal Contract Tower,15,6,9,4,34,0,0,12,7,19,15,6,21,11,53,16,4,20,73
02/26/2020,SAF,NM,ASW,CE,Federal Contract Tower,15,9,25,2,51,0,4,34,12,50,15,13,59,14,101,48,14,62,163
02/27/2020,SAF,NM,ASW,CE,Federal Contract Tower,18,8,23,1,50,0,3,30,7,40,18,11,53,8,90,88,6,94,184
02/28/2020,SAF,NM,ASW,CE,Federal Contract Tower,13,5,18,3,39,0,2,40,3,45,13,7,58,6,84,58,0,58,142
02/29/2020,SAF,NM,ASW,CE,Federal Contract Tower,14,4,24,3,45,0,1,49,0,50,14,5,73,3,95,90,0,90,185
03/01/2020,SAF,NM,ASW,CE,Federal Contract Tower,15,7,24,0,46,0,6,43,0,49,15,13,67,0,95,88,0,88,183
03/02/2020,SAF,NM,ASW,CE,Federal Contract Tower,15,8,28,0,51,0,0,36,0,36,15,8,64,0,87,56,0,56,143
03/03/2020,SAF,NM,ASW,CE,Federal Contract Tower,14,8,21,2,45,0,2,37,7,46,14,10,58,9,91,138,16,154,245
03/04/2020,SAF,NM,ASW,CE,Federal Contract Tower,15,9,16,3,43,0,0,42,10,52,15,9,58,13,95,86,8,94,189
03/05/2020,SAF,NM,ASW,CE,Federal Contract Tower,15,2,17,3,37,0,0,41,7,48,15,2,58,10,85,118,0,118,203
03/06/2020,SAF,NM,ASW,CE,Federal Contract Tower,15,11,31,2,59,0,8,51,40,99,15,19,82,42,158,80,18,98,256
03/07/2020,SAF,NM,ASW,CE,Federal Contract Tower,16,11,20,0,47,0,0,70,39,109,16,11,90,39,156,90,0,90,246
03/08/2020,SAF,NM,ASW,CE,Federal Contract Tower,18,7,22,4,51,0,2,24,4,30,18,9,46,8,81,66,8,74,155
03/09/2020,SAF,NM,ASW,CE,Federal Contract Tower,17,10,37,2,66,0,0,39,0,39,17,10,76,2,105,124,0,124,229
03/10/2020,SAF,NM,ASW,CE,Federal Contract Tower,17,5,26,6,54,0,0,24,4,28,17,5,50,10,82,76,0,76,158
03/11/2020,SAF,NM,ASW,CE,Federal Contract Tower,17,15,15,3,50,0,1,31,5,37,17,16,46,8,87,66,0,66,153
03/12/2020,SAF,NM,ASW,CE,Federal Contract Tower,16,15,34,1,66,0,1,35,6,42,16,16,69,7,108,82,6,88,196
03/13/2020,SAF,NM,ASW,CE,Federal Contract Tower,15,12,19,0,46,0,0,1,1,2,15,12,20,1,48,0,0,0,48
03/14/2020,SAF,NM,ASW,CE,Federal Contract Tower,15,12,16,0,43,0,0,23,2,25,15,12,39,2,68,16,6,22,90
03/15/2020,SAF,NM,ASW,CE,Federal Contract Tower,14,11,15,0,40,0,3,27,0,30,14,14,42,0,70,76,0,76,146
03/16/2020,SAF,NM,ASW,CE,Federal Contract Tower,16,11,23,3,53,0,2,58,12,72,16,13,81,15,125,112,0,112,237
03/17/2020,SAF,NM,ASW,CE,Federal Contract Tower,18,12,45,5,80,0,1,23,3,27,18,13,68,8,107,12,0,12,119
03/18/2020,SAF,NM,ASW,CE,Federal Contract Tower,16,3,24,5,48,0,13,6,0,19,16,16,30,5,67,12,0,12,79
03/19/2020,SAF,NM,ASW,CE,Federal Contract Tower,10,6,5,0,21,0,0,3,0,3,10,6,8,0,24,0,2,2,26
03/20/2020,SAF,NM,ASW,CE,Federal Contract Tower,15,5,14,1,35,0,0,18,0,18,15,5,32,1,53,22,2,24,77
03/21/2020,SAF,NM,ASW,CE,Federal Contract Tower,10,8,20,0,38,0,4,20,0,24,10,12,40,0,62,30,0,30,92
03/22/2020,SAF,NM,ASW,CE,Federal Contract Tower,11,6,19,0,36,0,0,30,0,30,11,6,49,0,66,77,0,77,143
03/23/2020,SAF,NM,ASW,CE,Federal Contract Tower,9,4,7,4,24,0,0,14,2,16,9,4,21,6,40,8,4,12,52
03/24/2020,SAF,NM,ASW,CE,Federal Contract Tower,7,4,10,5,26,0,2,23,4,29,7,6,33,9,55,14,0,14,69
03/25/2020,SAF,NM,ASW,CE,Federal Contract Tower,10,6,16,1,33,0,3,32,0,35,10,9,48,1,68,82,0,82,150
03/26/2020,SAF,NM,ASW,CE,Federal Contract Tower,9,2,3,1,15,0,2,2,0,4,9,4,5,1,19,0,0,0,19
03/27/2020,SAF,NM,ASW,CE,Federal Contract Tower,7,3,5,0,15,0,0,7,0,7,7,3,12,0,22,0,0,0,22
03/28/2020,SAF,NM,ASW,CE,Federal Contract Tower,9,3,4,0,16,0,3,11,0,14,9,6,15,0,30,8,0,8,38
03/29/2020,SAF,NM,ASW,CE,Federal Contract Tower,7,7,7,0,21,0,3,27,0,30,7,10,34,0,51,54,0,54,105
03/30/2020,SAF,NM,ASW,CE,Federal Contract Tower,8,1,7,2,18,0,0,13,1,14,8,1,20,3,32,4,4,8,40
03/31/2020,SAF,NM,ASW,CE,Federal Contract Tower,9,3,4,8,24,0,0,28,6,34,9,3,32,14,58,38,0,38,96
04/01/2020,SAF,NM,ASW,CE,Federal Contract Tower,7,2,12,2,23,0,1,23,11,35,7,3,35,13,58,0,0,0,58
04/02/2020,SAF,NM,ASW,CE,Federal Contract Tower,7,3,3,1,14,0,0,4,0,4,7,3,7,1,18,0,0,0,18
04/03/2020,SAF,NM,ASW,CE,Federal Contract Tower,6,0,2,2,10,0,0,16,0,16,6,0,18,2,26,12,0,12,38
04/04/2020,SAF,NM,ASW,CE,Federal Contract Tower,6,4,5,0,15,0,1,21,0,22,6,5,26,0,37,8,0,8,45
04/05/2020,SAF,NM,ASW,CE,Federal Contract Tower,7,1,7,0,15,0,2,31,0,33,7,3,38,0,48,36,0,36,84
04/06/2020,SAF,NM,ASW,CE,Federal Contract Tower,7,0,2,0,9,0,0,20,0,20,7,0,22,0,29,32,0,32,61
04/07/2020,SAF,NM,ASW,CE,Federal Contract Tower,4,2,9,5,20,0,5,9,10,24,4,7,18,15,44,8,0,8,52
04/08/2020,SAF,NM,ASW,CE,Federal Contract Tower,4,2,7,0,13,0,8,16,5,29,4,10,23,5,42,20,16,36,78
04/09/2020,SAF,NM,ASW,CE,Federal Contract Tower,4,4,3,4,15,0,1,9,5,15,4,5,12,9,30,16,6,22,52
04/10/2020,SAF,NM,ASW,CE,Federal Contract Tower,4,3,11,0,18,0,0,25,4,29,4,3,36,4,47,40,0,40,87
04/11/2020,SAF,NM,ASW,CE,Federal Contract Tower,6,3,0,0,9,0,3,32,0,35,6,6,32,0,44,18,0,18,62
04/12/2020,SAF,NM,ASW,CE,Federal Contract Tower,2,3,0,0,5,0,2,2,0,4,2,5,2,0,9,0,0,0,9
04/13/2020,SAF,NM,ASW,CE,Federal Contract Tower,3,0,1,0,4,0,0,0,0,0,3,0,1,0,4,0,0,0,4
04/14/2020,SAF,NM,ASW,CE,Federal Contract Tower,4,3,10,0,17,0,5,6,7,18,4,8,16,7,35,0,24,24,59
04/15/2020,SAF,NM,ASW,CE,Federal Contract Tower,2,7,6,0,15,0,0,27,2,29,2,7,33,2,44,28,10,38,82
04/16/2020,SAF,NM,ASW,CE,Federal Contract Tower,3,3,2,4,12,0,2,13,4,19,3,5,15,8,31,6,0,6,37
04/17/2020,SAF,NM,ASW,CE,Federal Contract Tower,4,3,10,0,17,0,0,33,0,33,4,3,43,0,50,46,0,46,96
04/18/2020,SAF,NM,ASW,CE,Federal Contract Tower,2,5,8,0,15,0,3,13,0,16,2,8,21,0,31,26,0,26,57
04/19/2020,SAF,NM,ASW,CE,Federal Contract Tower,2,4,4,0,10,0,2,31,0,33,2,6,35,0,43,44,0,44,87
04/21/2020,SAF,NM,ASW,CE,Federal Contract Tower,4,0,5,5,14,0,3,21,6,30,4,3,26,11,44,30,14,44,88
04/22/2020,SAF,NM,ASW,CE,Federal Contract Tower,3,0,4,4,11,0,4,13,6,23,3,4,17,10,34,18,0,18,52
04/23/2020,SAF,NM,ASW,CE,Federal Contract Tower,3,1,4,0,8,0,2,13,1,16,3,3,17,1,24,20,6,26,50
04/24/2020,SAF,NM,ASW,CE,Federal Contract Tower,4,2,5,3,14,0,2,9,7,18,4,4,14,10,32,26,0,26,58
04/25/2020,SAF,NM,ASW,CE,Federal Contract Tower,3,6,14,0,23,0,0,30,0,30,3,6,44,0,53,52,0,52,105
04/26/2020,SAF,NM,ASW,CE,Federal Contract Tower,4,3,14,0,21,0,2,36,0,38,4,5,50,0,59,56,0,56,115
04/27/2020,SAF,NM,ASW,CE,Federal Contract Tower,4,3,12,0,19,0,2,27,4,33,4,5,39,4,52,46,0,46,98
04/28/2020,SAF,NM,ASW,CE,Federal Contract Tower,4,3,8,1,16,0,1,25,3,29,4,4,33,4,45,22,0,22,67
04/29/2020,SAF,NM,ASW,CE,Federal Contract Tower,4,6,7,4,21,0,4,27,2,33,4,10,34,6,54,18,0,18,72
04/30/2020,SAF,NM,ASW,CE,Federal Contract Tower,2,1,12,0,15,0,0,38,7,45,2,1,50,7,60,54,0,54,114
05/01/2020,SAF,NM,ASW,CE,Federal Contract Tower,4,10,8,2,24,0,1,39,2,42,4,11,47,4,66,46,0,46,112
05/02/2020,SAF,NM,ASW,CE,Federal Contract Tower,4,2,9,2,17,0,1,47,2,50,4,3,56,4,67,26,0,26,93
05/03/2020,SAF,NM,ASW,CE,Federal Contract Tower,4,6,18,0,28,0,1,26,1,28,4,7,44,1,56,6,12,18,74
05/04/2020,SAF,NM,ASW,CE,Federal Contract Tower,4,2,5,6,17,0,0,20,3,23,4,2,25,9,40,8,0,8,48
05/05/2020,SAF,NM,ASW,CE,Federal Contract Tower,4,4,10,2,20,0,3,23,6,32,4,7,33,8,52,0,0,0,52
05/06/2020,SAF,NM,ASW,CE,Federal Contract Tower,4,5,7,4,20,0,0,32,2,34,4,5,39,6,54,44,8,52,106
05/07/2020,SAF,NM,ASW,CE,Federal Contract Tower,7,5,9,4,25,0,4,23,7,34,7,9,32,11,59,10,0,10,69
05/08/2020,SAF,NM,ASW,CE,Federal Contract Tower,7,6,6,0,19,0,0,28,12,40,7,6,34,12,59,28,0,28,87
05/09/2020,SAF,NM,ASW,CE,Federal Contract Tower,7,2,5,0,14,0,4,22,5,31,7,6,27,5,45,42,0,42,87
05/10/2020,SAF,NM,ASW,CE,Federal Contract Tower,10,4,10,0,24,0,0,15,3,18,10,4,25,3,42,18,0,18,60
05/11/2020,SAF,NM,ASW,CE,Federal Contract Tower,9,2,12,2,25,0,4,17,0,21,9,6,29,2,46,22,0,22,68
05/12/2020,SAF,NM,ASW,CE,Federal Contract Tower,5,3,6,7,21,0,6,17,7,30,5,9,23,14,51,2,2,4,55
05/13/2020,SAF,NM,ASW,CE,Federal Contract Tower,8,7,5,5,25,0,1,18,11,30,8,8,23,16,55,6,8,14,69
05/14/2020,SAF,NM,ASW,CE,Federal Contract Tower,8,1,10,4,23,1,1,17,2,21,9,2,27,6,44,6,0,6,50
05/16/2020,SAF,NM,ASW,CE,Federal Contract Tower,5,2,11,0,18,0,1,33,0,34,5,3,44,0,52,44,0,44,96
05/17/2020,SAF,NM,ASW,CE,Federal Contract Tower,9,7,8,0,24,0,3,25,0,28,9,10,33,0,52,32,0,32,84
05/18/2020,SAF,NM,ASW,CE,Federal Contract Tower,9,4,8,0,21,0,2,35,2,39,9,6,43,2,60,80,0,80,140
05/19/2020,SAF,NM,ASW,CE,Federal Contract Tower,8,4,12,4,28,0,4,35,3,42,8,8,47,7,70,62,0,62,132
05/20/2020,SAF,NM,ASW,CE,Federal Contract Tower,8,8,22,4,42,0,0,37,4,41,8,8,59,8,83,64,0,64,147
05/21/2020,SAF,NM,ASW,CE,Federal Contract Tower,8,2,18,0,28,0,4,21,8,33,8,6,39,8,61,44,0,44,105
05/22/2020,SAF,NM,ASW,CE,Federal Contract Tower,9,1,20,2,32,0,0,65,6,71,9,1,85,8,103,92,6,98,201
05/23/2020,SAF,NM,ASW,CE,Federal Contract Tower,5,3,14,0,22,0,3,32,2,37,5,6,46,2,59,8,0,8,67
05/24/2020,SAF,NM,ASW,CE,Federal Contract Tower,8,2,20,0,30,0,0,39,0,39,8,2,59,0,69,17,0,17,86
05/25/2020,SAF,NM,ASW,CE,Federal Contract Tower,9,2,12,0,23,0,1,15,0,16,9,3,27,0,39,48,0,48,87
05/26/2020,SAF,NM,ASW,CE,Federal Contract Tower,6,7,20,3,36,0,2,45,12,59,6,9,65,15,95,74,0,74,169
05/27/2020,SAF,NM,ASW,CE,Federal Contract Tower,9,7,20,2,38,0,0,47,7,54,9,7,67,9,92,92,0,92,184
05/28/2020,SAF,NM,ASW,CE,Federal Contract Tower,7,3,16,1,27,0,0,18,8,26,7,3,34,9,53,48,4,52,105
05/29/2020,SAF,NM,ASW,CE,Federal Contract Tower,8,7,15,2,32,0,6,27,13,46,8,13,42,15,78,23,0,23,101
05/30/2020,SAF,NM,ASW,CE,Federal Contract Tower,6,3,14,1,24,0,2,29,1,32,6,5,43,2,56,12,0,12,68
05/31/2020,SAF,NM,ASW,CE,Federal Contract Tower,8,6,12,0,26,0,0,34,0,34,8,6,46,0,60,44,0,44,104
06/01/2020,SAF,NM,ASW,CE,Federal Contract Tower,9,9,9,1,28,0,0,20,0,20,9,9,29,1,48,36,0,36,84
06/02/2020,SAF,NM,ASW,CE,Federal Contract Tower,6,6,28,1,41,0,2,45,4,51,6,8,73,5,92,88,26,114,206
06/03/2020,SAF,NM,ASW,CE,Federal Contract Tower,10,4,13,2,29,0,3,44,13,60,10,7,57,15,89,76,12,88,177
06/04/2020,SAF,NM,ASW,CE,Federal Contract Tower,6,6,20,5,37,0,4,57,5,66,6,10,77,10,103,72,16,88,191
06/05/2020,SAF,NM,ASW,CE,Federal Contract Tower,6,6,19,2,33,0,2,35,8,45,6,8,54,10,78,42,8,50,128
06/06/2020,SAF,NM,ASW,CE,Federal Contract Tower,7,6,7,0,20,0,7,16,0,23,7,13,23,0,43,28,0,28,71
06/07/2020,SAF,NM,ASW,CE,Federal Contract Tower,9,6,20,0,35,0,4,29,0,33,9,10,49,0,68,44,0,44,112
06/08/2020,SAF,NM,ASW,CE,Federal Contract Tower,8,6,23,0,37,0,6,27,0,33,8,12,50,0,70,56,0,56,126
06/09/2020,SAF,NM,ASW,CE,Federal Contract Tower,7,19,16,3,45,0,0,27,5,32,7,19,43,8,77,48,24,72,149
06/10/2020,SAF,NM,ASW,CE,Federal Contract Tower,7,14,18,2,41,0,3,45,9,57,7,17,63,11,98,106,16,122,220
06/11/2020,SAF,NM,ASW,CE,Federal Contract Tower,6,21,15,4,46,0,11,36,5,52,6,32,51,9,98,25,0,25,123
06/12/2020,SAF,NM,ASW,CE,Federal Contract Tower,5,14,14,1,34,0,0,35,4,39,5,14,49,5,73,42,0,42,115
06/13/2020,SAF,NM,ASW,CE,Federal Contract Tower,7,11,11,0,29,0,0,44,2,46,7,11,55,2,75,68,0,68,143
06/14/2020,SAF,NM,ASW,CE,Federal Contract Tower,7,14,16,0,37,0,10,28,0,38,7,24,44,0,75,14,0,14,89
06/15/2020,SAF,NM,ASW,CE,Federal Contract Tower,7,13,21,0,41,0,0,49,0,49,7,13,70,0,90,160,0,160,250
06/16/2020,SAF,NM,ASW,CE,Federal Contract Tower,7,10,26,0,43,0,1,31,4,36,7,11,57,4,79,14,22,36,115
06/17/2020,SAF,NM,ASW,CE,Federal Contract Tower,7,10,22,0,39,0,0,47,3,50,7,10,69,3,89,110,16,126,215
06/18/2020,SAF,NM,ASW,CE,Federal Contract Tower,7,15,29,3,54,0,8,59,9,76,7,23,88,12,130,42,2,44,174
06/19/2020,SAF,NM,ASW,CE,Federal Contract Tower,6,7,18,2,33,0,0,50,3,53,6,7,68,5,86,102,18,120,206
06/20/2020,SAF,NM,ASW,CE,Federal Contract Tower,7,7,20,0,34,0,0,49,1,50,7,7,69,1,84,60,0,60,144
06/21/2020,SAF,NM,ASW,CE,Federal Contract Tower,7,14,22,2,45,0,3,32,0,35,7,17,54,2,80,44,0,44,124
06/22/2020,SAF,NM,ASW,CE,Federal Contract Tower,7,11,23,5,46,0,0,59,0,59,7,11,82,5,105,82,0,82,187
06/23/2020,SAF,NM,ASW,CE,Federal Contract Tower,7,12,17,3,39,0,1,54,3,58,7,13,71,6,97,120,0,120,217
06/24/2020,SAF,NM,ASW,CE,Federal Contract Tower,7,12,17,0,36,0,3,46,4,53,7,15,63,4,89,78,0,78,167
06/25/2020,SAF,NM,ASW,CE,Federal Contract Tower,6,11,20,0,37,0,0,36,2,38,6,11,56,2,75,84,0,84,159
06/26/2020,SAF,NM,ASW,CE,Federal Contract Tower,6,7,18,1,32,0,0,58,3,61,6,7,76,4,93,147,0,147,240
06/27/2020,SAF,NM,ASW,CE,Federal Contract Tower,7,14,22,0,43,0,1,59,2,62,7,15,81,2,105,26,0,26,131
06/28/2020,SAF,NM,ASW,CE,Federal Contract Tower,7,9,29,0,45,0,1,63,2,66,7,10,92,2,111,56,0,56,167
06/29/2020,SAF,NM,ASW,CE,Federal Contract Tower,7,5,32,3,47,0,2,51,2,55,7,7,83,5,102,56,4,60,162
06/30/2020,SAF,NM,ASW,CE,Federal Contract Tower,7,6,15,0,28,0,6,34,6,46,7,12,49,6,74,60,0,60,134
07/01/2020,SAF,NM,ASW,CE,Federal Contract Tower,7,17,25,3,52,0,4,46,2,52,7,21,71,5,104,72,20,92,196
07/02/2020,SAF,NM,ASW,CE,Federal Contract Tower,6,25,18,2,51,0,1,47,4,52,6,26,65,6,103,66,0,66,169
07/03/2020,SAF,NM,ASW,CE,Federal Contract Tower,6,4,17,0,27,0,0,46,0,46,6,4,63,0,73,103,0,103,176
07/04/2020,SAF,NM,ASW,CE,Federal Contract Tower,7,6,7,0,20,0,2,22,0,24,7,8,29,0,44,28,0,28,72
07/05/2020,SAF,NM,ASW,CE,Federal Contract Tower,6,8,11,0,25,0,0,31,0,31,6,8,42,0,56,6,0,6,62
07/06/2020,SAF,NM,ASW,CE,Federal Contract Tower,7,9,20,0,36,0,1,30,0,31,7,10,50,0,67,34,0,34,101
07/07/2020,SAF,NM,ASW,CE,Federal Contract Tower,6,15,14,1,36,0,0,36,2,38,6,15,50,3,74,38,0,38,112
07/08/2020,SAF,NM,ASW,CE,Federal Contract Tower,7,9,19,1,36,0,7,33,6,46,7,16,52,7,82,40,0,40,122
07/09/2020,SAF,NM,ASW,CE,Federal Contract Tower,10,4,16,2,32,0,0,32,6,38,10,4,48,8,70,22,0,22,92
07/10/2020,SAF,NM,ASW,CE,Federal Contract Tower,9,8,15,0,32,0,0,53,2,55,9,8,68,2,87,70,0,70,157
07/11/2020,SAF,NM,ASW,CE,Federal Contract Tower,7,7,12,4,30,0,0,33,10,43,7,7,45,14,73,104,10,114,187
07/12/2020,SAF,NM,ASW,CE,Federal Contract Tower,7,19,11,0,37,0,3,51,7,61,7,22,62,7,98,26,0,26,124
07/13/2020,SAF,NM,ASW,CE,Federal Contract Tower,6,11,12,3,32,0,1,33,1,35,6,12,45,4,67,124,0,124,191
07/14/2020,SAF,NM,ASW,CE,Federal Contract Tower,6,3,17,0,26,0,2,28,6,36,6,5,45,6,62,54,18,72,134
07/15/2020,SAF,NM,ASW,CE,Federal Contract Tower,6,9,16,4,35,0,10,20,4,34,6,19,36,8,69,56,2,58,127
07/16/2020,SAF,NM,ASW,CE,Federal Contract Tower,8,16,6,0,30,0,2,36,10,48,8,18,42,10,78,88,0,88,166
07/17/2020,SAF,NM,ASW,CE,Federal Contract Tower,7,8,16,0,31,0,2,42,3,47,7,10,58,3,78,90,8,98,176
07/18/2020,SAF,NM,ASW,CE,Federal Contract Tower,8,2,11,0,21,0,0,45,0,45,8,2,56,0,66,100,0,100,166
07/20/2020,SAF,NM,ASW,CE,Federal Contract Tower,7,8,11,2,28,0,0,54,1,55,7,8,65,3,83,94,14,108,191
07/21/2020,SAF,NM,ASW,CE,Federal Contract Tower,6,8,12,2,28,0,0,34,6,40,6,8,46,8,68,44,0,44,112
07/22/2020,SAF,NM,ASW,CE,Federal Contract Tower,6,5,20,0,31,0,1,46,8,55,6,6,66,8,86,88,2,90,176
07/23/2020,SAF,NM,ASW,CE,Federal Contract Tower,10,9,17,0,36,0,4,29,8,41,10,13,46,8,77,42,0,42,119
07/24/2020,SAF,NM,ASW,CE,Federal Contract Tower,8,12,20,2,42,0,0,23,1,24,8,12,43,3,66,72,0,72,138
07/25/2020,SAF,NM,ASW,CE,Federal Contract Tower,8,6,22,7,43,0,1,25,0,26,8,7,47,7,69,74,8,82,151
07/26/2020,SAF,NM,ASW,CE,Federal Contract Tower,7,8,20,0,35,0,0,38,0,38,7,8,58,0,73,24,0,24,97
07/27/2020,SAF,NM,ASW,CE,Federal Contract Tower,7,14,12,0,33,0,0,19,0,19,7,14,31,0,52,44,0,44,96
07/28/2020,SAF,NM,ASW,CE,Federal Contract Tower,6,8,13,0,27,0,3,19,1,23,6,11,32,1,50,44,0,44,94
07/29/2020,SAF,NM,ASW,CE,Federal Contract Tower,6,9,18,4,37,0,0,46,3,49,6,9,64,7,86,70,0,70,156
07/30/2020,SAF,NM,ASW,CE,Federal Contract Tower,8,5,19,0,32,0,2,31,13,46,8,7,50,13,78,28,6,34,112
07/31/2020,SAF,NM,ASW,CE,Federal Contract Tower,7,9,16,1,33,0,0,49,10,59,7,9,65,11,92,92,0,92,184
08/01/2020,SAF,NM,ASW,CE,Federal Contract Tower,8,5,18,0,31,0,1,63,2,66,8,6,81,2,97,92,2,94,191
08/02/2020,SAF,NM,ASW,CE,Federal Contract Tower,7,15,16,2,40,0,2,31,24,57,7,17,47,26,97,2,22,24,121
08/03/2020,SAF,NM,ASW,CE,Federal Contract Tower,6,6,19,0,31,0,0,33,6,39,6,6,52,6,70,27,0,27,97
08/04/2020,SAF,NM,ASW,CE,Federal Contract Tower,7,12,18,3,40,0,0,13,14,27,7,12,31,17,67,2,14,16,83
08/05/2020,SAF,NM,ASW,CE,Federal Contract Tower,4,13,11,4,32,0,0,37,19,56,4,13,48,23,88,96,0,96,184
08/06/2020,SAF,NM,ASW,CE,Federal Contract Tower,7,9,24,2,42,0,0,28,12,40,7,9,52,14,82,18,0,18,100
08/07/2020,SAF,NM,ASW,CE,Federal Contract Tower,7,18,11,0,36,0,0,37,7,44,7,18,48,7,80,70,8,78,158
08/08/2020,SAF,NM,ASW,CE,Federal Contract Tower,7,5,26,7,45,0,6,45,3,54,7,11,71,10,99,114,8,122,221
08/09/2020,SAF,NM,ASW,CE,Federal Contract Tower,5,14,35,0,54,0,0,30,0,30,5,14,65,0,84,50,0,50,134
08/10/2020,SAF,NM,ASW,CE,Federal Contract Tower,7,16,25,4,52,0,1,32,15,48,7,17,57,19,100,56,10,66,166
08/11/2020,SAF,NM,ASW,CE,Federal Contract Tower,5,12,11,3,31,0,6,33,11,50,5,18,44,14,81,82,0,82,163
08/12/2020,SAF,NM,ASW,CE,Federal Contract Tower,4,15,15,1,35,0,0,32,9,41,4,15,47,10,76,44,4,48,124
08/13/2020,SAF,NM,ASW,CE,Federal Contract Tower,7,6,28,2,43,0,0,36,14,50,7,6,64,16,93,60,0,60,153
08/14/2020,SAF,NM,ASW,CE,Federal Contract Tower,7,5,16,6,34,0,0,39,17,56,7,5,55,23,90,63,10,73,163
08/15/2020,SAF,NM,ASW,CE,Federal Contract Tower,6,7,13,8,34,0,15,15,1,31,6,22,28,9,65,62,12,74,139
08/16/2020,SAF,NM,ASW,CE,Federal Contract Tower,8,11,30,0,49,0,5,45,1,51,8,16,75,1,100,59,0,59,159
08/17/2020,SAF,NM,ASW,CE,Federal Contract Tower,7,17,24,0,48,0,3,32,0,35,7,20,56,0,83,98,0,98,181
08/18/2020,SAF,NM,ASW,CE,Federal Contract Tower,5,15,22,0,42,0,0,53,1,54,5,15,75,1,96,42,0,42,138
08/19/2020,SAF,NM,ASW,CE,Federal Contract Tower,4,10,31,1,46,0,0,59,3,62,4,10,90,4,108,132,0,132,240
08/20/2020,SAF,NM,ASW,CE,Federal Contract Tower,7,23,13,0,43,0,0,32,0,32,7,23,45,0,75,32,0,32,107
08/21/2020,SAF,NM,ASW,CE,Federal Contract Tower,7,15,28,8,58,0,0,64,1,65,7,15,92,9,123,96,4,100,223
08/22/2020,SAF,NM,ASW,CE,Federal Contract Tower,7,11,15,11,44,0,0,35,14,49,7,11,50,25,93,102,46,148,241
08/23/2020,SAF,NM,ASW,CE,Federal Contract Tower,7,11,31,4,53,0,0,38,20,58,7,11,69,24,111,40,0,40,151
08/24/2020,SAF,NM,ASW,CE,Federal Contract Tower,8,12,24,1,45,0,8,56,8,72,8,20,80,9,117,98,0,98,215
08/25/2020,SAF,NM,ASW,CE,Federal Contract Tower,5,11,10,4,30,0,1,63,11,75,5,12,73,15,105,66,0,66,171
08/26/2020,SAF,NM,ASW,CE,Federal Contract Tower,4,12,18,4,38,0,3,46,2,51,4,15,64,6,89,28,0,28,117
08/27/2020,SAF,NM,ASW,CE,Federal Contract Tower,8,17,15,3,43,0,0,47,2,49,8,17,62,5,92,26,0,26,118
08/28/2020,SAF,NM,ASW,CE,Federal Contract Tower,7,16,24,1,48,0,1,57,10,68,7,17,81,11,116,66,0,66,182
08/29/2020,SAF,NM,ASW,CE,Federal Contract Tower,6,7,25,0,38,0,0,48,1,49,6,7,73,1,87,54,0,54,141
08/30/2020,SAF,NM,ASW,CE,Federal Contract Tower,8,13,37,0,58,0,0,50,3,53,8,13,87,3,111,90,0,90,201
08/31/2020,SAF,NM,ASW,CE,Federal Contract Tower,7,2,23,0,32,0,4,49,3,56,7,6,72,3,88,94,0,94,182
09/01/2020,SAF,NM,ASW,CE,Federal Contract Tower,4,6,13,0,23,0,1,25,0,26,4,7,38,0,49,12,0,12,61
09/02/2020,SAF,NM,ASW,CE,Federal Contract Tower,4,11,20,0,35,0,6,71,10,87,4,17,91,10,122,172,0,172,294
09/03/2020,SAF,NM,ASW,CE,Federal Contract Tower,6,9,23,3,41,0,0,45,8,53,6,9,68,11,94,48,0,48,142
09/04/2020,SAF,NM,ASW,CE,Federal Contract Tower,6,5,27,0,38,0,3,61,6,70,6,8,88,6,108,156,0,156,264
09/05/2020,SAF,NM,ASW,CE,Federal Contract Tower,6,8,27,0,41,0,0,52,3,55,6,8,79,3,96,114,0,114,210
09/06/2020,SAF,NM,ASW,CE,Federal Contract Tower,4,8,25,0,37,0,2,48,0,50,4,10,73,0,87,38,0,38,125
09/07/2020,SAF,NM,ASW,CE,Federal Contract Tower,6,24,34,0,64,0,3,72,0,75,6,27,106,0,139,174,0,174,313
09/08/2020,SAF,NM,ASW,CE,Federal Contract Tower,4,16,9,1,30,0,0,14,0,14,4,16,23,1,44,6,0,6,50
09/09/2020,SAF,NM,ASW,CE,Federal Contract Tower,8,7,15,1,31,0,0,1,1,2,8,7,16,2,33,0,2,2,35
09/10/2020,SAF,NM,ASW,CE,Federal Contract Tower,7,11,23,0,41,0,0,7,2,9,7,11,30,2,50,8,0,8,58
09/11/2020,SAF,NM,ASW,CE,Federal Contract Tower,7,10,18,8,43,0,0,35,0,35,7,10,53,8,78,48,8,56,134
09/12/2020,SAF,NM,ASW,CE,Federal Contract Tower,5,11,26,2,44,0,0,47,7,54,5,11,73,9,98,20,24,44,142
09/13/2020,SAF,NM,ASW,CE,Federal Contract Tower,7,12,18,5,42,0,1,42,8,51,7,13,60,13,93,28,16,44,137
09/14/2020,SAF,NM,ASW,CE,Federal Contract Tower,5,5,23,4,37,0,4,50,0,54,5,9,73,4,91,148,0,148,239
09/15/2020,SAF,NM,ASW,CE,Federal Contract Tower,5,6,21,3,35,0,6,25,8,39,5,12,46,11,74,72,22,94,168
09/16/2020,SAF,NM,ASW,CE,Federal Contract Tower,6,7,20,7,40,0,3,43,11,57,6,10,63,18,97,120,18,138,235
09/17/2020,SAF,NM,ASW,CE,Federal Contract Tower,5,16,23,2,46,0,2,41,6,49,5,18,64,8,95,74,2,76,171
09/18/2020,SAF,NM,ASW,CE,Federal Contract Tower,7,14,23,1,45,0,0,43,0,43,7,14,66,1,88,86,0,86,174
09/19/2020,SAF,NM,ASW,CE,Federal Contract Tower,7,11,22,11,51,0,1,50,2,53,7,12,72,13,104,58,2,60,164
09/20/2020,SAF,NM,ASW,CE,Federal Contract Tower,8,17,62,0,87,0,3,51,1,55,8,20,113,1,142,58,0,58,200
09/21/2020,SAF,NM,ASW,CE,Federal Contract Tower,7,10,26,20,63,0,6,49,7,62,7,16,75,27,125,106,2,108,233
09/22/2020,SAF,NM,ASW,CE,Federal Contract Tower,6,13,39,0,58,0,2,58,5,65,6,15,97,5,123,110,0,110,233
09/23/2020,SAF,NM,ASW,CE,Federal Contract Tower,6,11,35,0,52,0,5,47,3,55,6,16,82,3,107,146,8,154,261
09/24/2020,SAF,NM,ASW,CE,Federal Contract Tower,7,17,34,0,58,0,2,44,0,46,7,19,78,0,104,46,0,46,150
09/25/2020,SAF,NM,ASW,CE,Federal Contract Tower,5,9,23,9,46,0,7,57,0,64,5,16,80,9,110,150,0,150,260
09/26/2020,SAF,NM,ASW,CE,Federal Contract Tower,7,6,26,0,39,0,11,40,0,51,7,17,66,0,90,26,0,26,116
09/27/2020,SAF,NM,ASW,CE,Federal Contract Tower,7,11,28,13,59,0,4,38,2,44,7,15,66,15,103,62,0,62,165
09/28/2020,SAF,NM,ASW,CE,Federal Contract Tower,6,16,47,1,70,0,1,30,10,41,6,17,77,11,111,124,0,124,235
09/29/2020,SAF,NM,ASW,CE,Federal Contract Tower,5,5,28,8,46,0,5,62,22,89,5,10,90,30,135,78,26,104,239
09/30/2020,SAF,NM,ASW,CE,Federal Contract Tower,6,14,29,1,50,0,4,51,13,68,6,18,80,14,118,128,8,136,254
10/01/2020,SAF,NM,ASW,CE,Federal Contract Tower,6,23,27,2,58,0,3,49,8,60,6,26,76,10,118,30,2,32,150
10/02/2020,SAF,NM,ASW,CE,Federal Contract Tower,7,16,22,3,48,0,0,36,4,40,7,16,58,7,88,76,0,76,164
10/03/2020,SAF,NM,ASW,CE,Federal Contract Tower,6,10,16,5,37,0,0,33,3,36,6,10,49,8,73,36,14,50,123
10/04/2020,SAF,NM,ASW,CE,Federal Contract Tower,7,13,15,5,40,0,3,42,0,45,7,16,57,5,85,18,0,18,103
10/05/2020,SAF,NM,ASW,CE,Federal Contract Tower,6,14,27,4,51,0,0,27,3,30,6,14,54,7,81,44,4,48,129
10/06/2020,SAF,NM,ASW,CE,Federal Contract Tower,4,8,19,3,34,0,6,35,31,72,4,14,54,34,106,94,16,110,216
10/07/2020,SAF,NM,ASW,CE,Federal Contract Tower,7,4,17,0,28,0,0,50,13,63,7,4,67,13,91,140,14,154,245
10/08/2020,SAF,NM,ASW,CE,Federal Contract Tower,8,18,32,0,58,0,0,45,4,49,8,18,77,4,107,58,0,58,165
10/09/2020,SAF,NM,ASW,CE,Federal Contract Tower,6,18,24,1,49,0,1,47,1,49,6,19,71,2,98,54,0,54,152
10/10/2020,SAF,NM,ASW,CE,Federal Contract Tower,7,8,23,1,39,0,1,52,7,60,7,9,75,8,99,106,36,142,241
10/11/2020,SAF,NM,ASW,CE,Federal Contract Tower,7,4,26,3,40,0,0,34,12,46,7,4,60,15,86,2,0,2,88
10/12/2020,SAF,NM,ASW,CE,Federal Contract Tower,7,14,24,2,47,0,0,48,4,52,7,14,72,6,99,50,0,50,149
10/13/2020,SAF,NM,ASW,CE,Federal Contract Tower,5,13,26,9,53,0,0,37,11,48,5,13,63,20,101,58,28,86,187
10/14/2020,SAF,NM,ASW,CE,Federal Contract Tower,6,11,23,1,41,0,6,27,5,38,6,17,50,6,79,42,8,50,129
10/15/2020,SAF,NM,ASW,CE,Federal Contract Tower,7,15,21,4,47,0,3,31,7,41,7,18,52,11,88,32,0,32,120
10/16/2020,SAF,NM,ASW,CE,Federal Contract Tower,5,9,20,9,43,0,0,47,20,67,5,9,67,29,110,106,16,122,232
10/17/2020,SAF,NM,ASW,CE,Federal Contract Tower,7,5,10,5,27,0,1,48,1,50,7,6,58,6,77,16,0,16,93
10/18/2020,SAF,NM,ASW,CE,Federal Contract Tower,7,13,35,3,58,0,7,52,2,61,7,20,87,5,119,36,0,36,155
10/19/2020,SAF,NM,ASW,CE,Federal Contract Tower,9,12,29,1,51,0,0,45,0,45,9,12,74,1,96,76,0,76,172
10/20/2020,SAF,NM,ASW,CE,Federal Contract Tower,6,13,17,2,38,0,7,51,11,69,6,20,68,13,107,130,14,144,251
10/21/2020,SAF,NM,ASW,CE,Federal Contract Tower,6,14,33,5,58,0,2,54,16,72,6,16,87,21,130,120,6,126,256
10/22/2020,SAF,NM,ASW,CE,Federal Contract Tower,7,23,28,1,59,0,0,42,12,54,7,23,70,13,113,86,4,90,203
10/23/2020,SAF,NM,ASW,CE,Federal Contract Tower,7,11,28,14,60,0,3,34,5,42,7,14,62,19,102,36,20,56,158
10/24/2020,SAF,NM,ASW,CE,Federal Contract Tower,6,6,23,5,40,0,1,49,8,58,6,7,72,13,98,80,34,114,212
10/25/2020,SAF,NM,ASW,CE,Federal Contract Tower,8,18,24,4,54,0,2,12,0,14,8,20,36,4,68,12,0,12,80
10/26/2020,SAF,NM,ASW,CE,Federal Contract Tower,5,9,3,0,17,0,0,0,0,0,5,9,3,0,17,0,0,0,17
10/27/2020,SAF,NM,ASW,CE,Federal Contract Tower,8,6,6,0,20,0,0,0,0,0,8,6,6,0,20,0,0,0,20
10/28/2020,SAF,NM,ASW,CE,Federal Contract Tower,8,16,15,1,40,0,1,5,5,11,8,17,20,6,51,14,10,24,75
10/29/2020,SAF,NM,ASW,CE,Federal Contract Tower,7,9,18,6,40,0,5,35,16,56,7,14,53,22,96,64,36,100,196
10/30/2020,SAF,NM,ASW,CE,Federal Contract Tower,7,17,18,4,46,1,5,45,5,56,8,22,63,9,102,112,0,112,214
10/31/2020,SAF,NM,ASW,CE,Federal Contract Tower,4,11,13,0,28,0,0,47,2,49,4,11,60,2,77,88,0,88,165
11/01/2020,SAF,NM,ASW,CE,Federal Contract Tower,6,9,16,0,31,0,2,36,0,38,6,11,52,0,69,56,0,56,125
11/02/2020,SAF,NM,ASW,CE,Federal Contract Tower,7,9,7,4,27,0,0,46,1,47,7,9,53,5,74,50,0,50,124
11/03/2020,SAF,NM,ASW,CE,Federal Contract Tower,6,15,11,3,35,0,3,48,4,55,6,18,59,7,90,78,0,78,168
11/04/2020,SAF,NM,ASW,CE,Federal Contract Tower,3,7,19,4,33,0,6,34,9,49,3,13,53,13,82,140,2,142,224
11/05/2020,SAF,NM,ASW,CE,Federal Contract Tower,2,8,20,3,33,0,0,62,8,70,2,8,82,11,103,92,18,110,213
11/06/2020,SAF,NM,ASW,CE,Federal Contract Tower,4,7,18,2,31,0,0,48,28,76,4,7,66,30,107,72,40,112,219
11/07/2020,SAF,NM,ASW,CE,Federal Contract Tower,4,6,14,12,36,0,1,22,8,31,4,7,36,20,67,30,0,30,97
11/08/2020,SAF,NM,ASW,CE,Federal Contract Tower,6,5,21,3,35,0,0,16,1,17,6,5,37,4,52,32,0,32,84
11/09/2020,SAF,NM,ASW,CE,Federal Contract Tower,5,21,11,0,37,0,2,3,1,6,5,23,14,1,43,12,0,12,55
11/10/2020,SAF,NM,ASW,CE,Federal Contract Tower,4,16,18,0,38,0,2,43,8,53,4,18,61,8,91,96,0,96,187
11/11/2020,SAF,NM,ASW,CE,Federal Contract Tower,4,10,21,0,35,0,4,47,2,53,4,14,68,2,88,100,0,100,188
11/12/2020,SAF,NM,ASW,CE,Federal Contract Tower,4,5,40,2,51,0,0,37,3,40,4,5,77,5,91,66,0,66,157
11/13/2020,SAF,NM,ASW,CE,Federal Contract Tower,4,9,25,10,48,0,0,40,2,42,4,9,65,12,90,28,0,28,118
11/14/2020,SAF,NM,ASW,CE,Federal Contract Tower,5,3,9,4,21,0,0,7,10,17,5,3,16,14,38,4,10,14,52
11/15/2020,SAF,NM,ASW,CE,Federal Contract Tower,6,4,29,6,45,0,0,47,0,47,6,4,76,6,92,38,0,38,130
11/16/2020,SAF,NM,ASW,CE,Federal Contract Tower,4,6,14,6,30,0,0,41,2,43,4,6,55,8,73,38,4,42,115
11/17/2020,SAF,NM,ASW,CE,Federal Contract Tower,3,14,10,4,31,0,9,53,10,72,3,23,63,14,103,109,0,109,212
11/18/2020,SAF,NM,ASW,CE,Federal Contract Tower,4,5,11,4,24,0,3,28,11,42,4,8,39,15,66,52,6,58,124
11/19/2020,SAF,NM,ASW,CE,Federal Contract Tower,5,4,21,2,32,0,3,24,0,27,5,7,45,2,59,12,0,12,71
11/20/2020,SAF,NM,ASW,CE,Federal Contract Tower,6,7,14,1,28,0,2,45,5,52,6,9,59,6,80,54,0,54,134
11/21/2020,SAF,NM,ASW,CE,Federal Contract Tower,5,9,14,1,29,0,0,42,4,46,5,9,56,5,75,28,0,28,103
11/22/2020,SAF,NM,ASW,CE,Federal Contract Tower,7,12,11,2,32,0,0,15,0,15,7,12,26,2,47,12,0,12,59
11/23/2020,SAF,NM,ASW,CE,Federal Contract Tower,3,15,21,10,49,0,0,4,0,4,3,15,25,10,53,0,0,0,53
11/24/2020,SAF,NM,ASW,CE,Federal Contract Tower,5,16,15,0,36,0,2,4,7,13,5,18,19,7,49,0,0,0,49
11/25/2020,SAF,NM,ASW,CE,Federal Contract Tower,6,0,8,0,14,0,0,30,2,32,6,0,38,2,46,22,0,22,68
11/26/2020,SAF,NM,ASW,CE,Federal Contract Tower,1,3,5,0,9,0,2,27,0,29,1,5,32,0,38,2,0,2,40
11/27/2020,SAF,NM,ASW,CE,Federal Contract Tower,2,5,11,0,18,0,1,4,0,5,2,6,15,0,23,0,0,0,23
11/28/2020,SAF,NM,ASW,CE,Federal Contract Tower,7,9,7,0,23,0,1,10,0,11,7,10,17,0,34,2,0,2,36
11/29/2020,SAF,NM,ASW,CE,Federal Contract Tower,7,7,30,0,44,0,0,31,0,31,7,7,61,0,75,16,0,16,91
11/30/2020,SAF,NM,ASW,CE,Federal Contract Tower,7,4,25,5,41,0,14,49,0,63,7,18,74,5,104,68,0,68,172
12/01/2020,SAF,NM,ASW,CE,Federal Contract Tower,4,8,17,8,37,0,18,13,24,55,4,26,30,32,92,10,32,42,134
12/02/2020,SAF,NM,ASW,CE,Federal Contract Tower,4,11,21,4,40,0,0,8,9,17,4,11,29,13,57,16,8,24,81
12/03/2020,SAF,NM,ASW,CE,Federal Contract Tower,6,10,2,7,25,0,3,14,17,34,6,13,16,24,59,20,24,44,103
12/04/2020,SAF,NM,ASW,CE,Federal Contract Tower,7,4,19,1,31,0,0,32,7,39,7,4,51,8,70,56,4,60,130
12/05/2020,SAF,NM,ASW,CE,Federal Contract Tower,3,7,7,0,17,0,2,28,1,31,3,9,35,1,48,26,0,26,74
12/06/2020,SAF,NM,ASW,CE,Federal Contract Tower,7,6,18,0,31,0,0,37,0,37,7,6,55,0,68,30,0,30,98
12/07/2020,SAF,NM,ASW,CE,Federal Contract Tower,7,5,17,0,29,0,2,25,6,33,7,7,42,6,62,30,0,30,92
12/08/2020,SAF,NM,ASW,CE,Federal Contract Tower,3,7,22,2,34,0,0,24,16,40,3,7,46,18,74,24,26,50,124
12/09/2020,SAF,NM,ASW,CE,Federal Contract Tower,4,6,8,1,19,0,3,30,13,46,4,9,38,14,65,40,6,46,111
12/10/2020,SAF,NM,ASW,CE,Federal Contract Tower,4,7,15,0,26,0,0,6,0,6,4,7,21,0,32,10,0,10,42
12/11/2020,SAF,NM,ASW,CE,Federal Contract Tower,6,7,11,0,24,0,0,9,0,9,6,7,20,0,33,10,0,10,43
12/12/2020,SAF,NM,ASW,CE,Federal Contract Tower,6,7,12,2,27,0,0,24,0,24,6,7,36,2,51,96,0,96,147
12/13/2020,SAF,NM,ASW,CE,Federal Contract Tower,8,6,21,2,37,0,0,22,5,27,8,6,43,7,64,0,0,0,64
12/14/2020,SAF,NM,ASW,CE,Federal Contract Tower,7,5,32,1,45,0,2,27,0,29,7,7,59,1,74,42,0,42,116
12/15/2020,SAF,NM,ASW,CE,Federal Contract Tower,6,5,12,6,29,0,2,10,4,16,6,7,22,10,45,12,18,30,75
12/16/2020,SAF,NM,ASW,CE,Federal Contract Tower,4,4,14,6,28,0,3,30,13,46,4,7,44,19,74,42,10,52,126
12/17/2020,SAF,NM,ASW,CE,Federal Contract Tower,7,8,16,1,32,0,2,26,14,42,7,10,42,15,74,22,40,62,136
12/18/2020,SAF,NM,ASW,CE,Federal Contract Tower,7,4,17,5,33,0,0,23,9,32,7,4,40,14,65,24,14,38,103
12/19/2020,SAF,NM,ASW,CE,Federal Contract Tower,5,5,9,0,19,0,0,31,4,35,5,5,40,4,54,72,0,72,126
12/20/2020,SAF,NM,ASW,CE,Federal Contract Tower,5,9,12,0,26,0,0,27,1,28,5,9,39,1,54,32,0,32,86
12/21/2020,SAF,NM,ASW,CE,Federal Contract Tower,4,12,22,0,38,0,0,45,0,45,4,12,67,0,83,42,0,42,125
12/22/2020,SAF,NM,ASW,CE,Federal Contract Tower,5,8,25,0,38,0,4,37,2,43,5,12,62,2,81,10,0,10,91
12/23/2020,SAF,NM,ASW,CE,Federal Contract Tower,6,17,19,0,42,0,5,14,0,19,6,22,33,0,61,0,0,0,61
12/24/2020,SAF,NM,ASW,CE,Federal Contract Tower,3,9,4,0,16,0,0,14,1,15,3,9,18,1,31,14,0,14,45
12/25/2020,SAF,NM,ASW,CE,Federal Contract Tower,2,5,8,0,15,0,4,13,0,17,2,9,21,0,32,26,0,26,58
12/26/2020,SAF,NM,ASW,CE,Federal Contract Tower,5,6,18,0,29,0,3,16,1,20,5,9,34,1,49,16,2,18,67
12/27/2020,SAF,NM,ASW,CE,Federal Contract Tower,4,4,33,0,41,0,2,59,0,61,4,6,92,0,102,44,0,44,146
12/28/2020,SAF,NM,ASW,CE,Federal Contract Tower,4,6,29,3,42,0,0,10,1,11,4,6,39,4,53,6,0,6,59
12/29/2020,SAF,NM,ASW,CE,Federal Contract Tower,5,9,15,0,29,0,2,12,0,14,5,11,27,0,43,0,0,0,43
12/30/2020,SAF,NM,ASW,CE,Federal Contract Tower,6,5,20,2,33,0,2,36,4,42,6,7,56,6,75,26,0,26,101
12/31/2020,SAF,NM,ASW,CE,Federal Contract Tower,1,6,7,0,14,0,0,18,2,20,1,6,25,2,34,22,4,26,60
01/01/2021,SAF,NM,ASW,CE,Federal Contract Tower,5,6,19,0,30,0,0,28,0,28,5,6,47,0,58,56,0,56,114
01/02/2021,SAF,NM,ASW,CE,Federal Contract Tower,5,7,20,0,32,0,2,32,2,36,5,9,52,2,68,30,0,30,98
01/03/2021,SAF,NM,ASW,CE,Federal Contract Tower,4,7,20,0,31,0,2,27,0,29,4,9,47,0,60,6,0,6,66
01/04/2021,SAF,NM,ASW,CE,Federal Contract Tower,7,10,14,1,32,0,4,46,2,52,7,14,60,3,84,72,0,72,156
01/05/2021,SAF,NM,ASW,CE,Federal Contract Tower,7,5,16,1,29,0,4,31,0,35,7,9,47,1,64,36,0,36,100
01/06/2021,SAF,NM,ASW,CE,Federal Contract Tower,8,2,11,3,24,0,0,11,0,11,8,2,22,3,35,36,0,36,71
01/07/2021,SAF,NM,ASW,CE,Federal Contract Tower,6,2,17,0,25,1,2,33,1,37,7,4,50,1,62,48,0,48,110
01/08/2021,SAF,NM,ASW,CE,Federal Contract Tower,7,4,25,0,36,0,9,46,0,55,7,13,71,0,91,30,0,30,121
01/09/2021,SAF,NM,ASW,CE,Federal Contract Tower,6,3,2,1,12,0,0,16,3,19,6,3,18,4,31,20,0,20,51
01/10/2021,SAF,NM,ASW,CE,Federal Contract Tower,3,13,8,2,26,0,4,8,1,13,3,17,16,3,39,14,0,14,53
01/11/2021,SAF,NM,ASW,CE,Federal Contract Tower,8,7,11,2,28,0,2,19,11,32,8,9,30,13,60,36,8,44,104
01/12/2021,SAF,NM,ASW,CE,Federal Contract Tower,6,13,13,0,32,0,1,41,0,42,6,14,54,0,74,36,0,36,110
01/13/2021,SAF,NM,ASW,CE,Federal Contract Tower,8,5,20,1,34,0,2,31,17,50,8,7,51,18,84,16,18,34,118
01/14/2021,SAF,NM,ASW,CE,Federal Contract Tower,8,10,4,1,23,0,7,25,0,32,8,17,29,1,55,34,0,34,89
01/15/2021,SAF,NM,ASW,CE,Federal Contract Tower,6,9,25,0,40,0,2,27,0,29,6,11,52,0,69,26,0,26,95
01/16/2021,SAF,NM,ASW,CE,Federal Contract Tower,7,4,16,6,33,0,5,28,0,33,7,9,44,6,66,48,6,54,120
01/19/2021,SAF,NM,ASW,CE,Federal Contract Tower,7,2,3,3,15,0,0,0,11,11,7,2,3,14,26,0,0,0,26
01/20/2021,SAF,NM,ASW,CE,Federal Contract Tower,8,3,22,1,34,0,2,13,11,26,8,5,35,12,60,8,10,18,78
01/21/2021,SAF,NM,ASW,CE,Federal Contract Tower,8,7,11,2,28,0,1,28,3,32,8,8,39,5,60,68,0,68,128
01/22/2021,SAF,NM,ASW,CE,Federal Contract Tower,7,7,11,3,28,0,3,32,32,67,7,10,43,35,95,40,16,56,151
01/23/2021,SAF,NM,ASW,CE,Federal Contract Tower,8,9,10,1,28,0,0,22,1,23,8,9,32,2,51,64,0,64,115
01/24/2021,SAF,NM,ASW,CE,Federal Contract Tower,6,18,11,0,35,0,1,5,0,6,6,19,16,0,41,0,0,0,41
01/26/2021,SAF,NM,ASW,CE,Federal Contract Tower,6,1,10,3,20,0,0,1,7,8,6,1,11,10,28,0,8,8,36
01/27/2021,SAF,NM,ASW,CE,Federal Contract Tower,7,5,13,6,31,0,3,26,21,50,7,8,39,27,81,20,20,40,121
01/28/2021,SAF,NM,ASW,CE,Federal Contract Tower,8,7,20,3,38,0,12,25,15,52,8,19,45,18,90,30,6,36,126
01/29/2021,SAF,NM,ASW,CE,Federal Contract Tower,6,6,19,5,36,0,2,55,3,60,6,8,74,8,96,48,0,48,144
01/30/2021,SAF,NM,ASW,CE,Federal Contract Tower,8,6,6,0,20,0,1,22,0,23,8,7,28,0,43,26,0,26,69
01/31/2021,SAF,NM,ASW,CE,Federal Contract Tower,6,2,25,0,33,0,0,44,1,45,6,2,69,1,78,46,0,46,124
02/01/2021,SAF,NM,ASW,CE,Federal Contract Tower,9,6,18,2,35,0,0,29,7,36,9,6,47,9,71,20,10,30,101
02/02/2021,SAF,NM,ASW,CE,Federal Contract Tower,8,10,22,3,43,0,8,25,3,36,8,18,47,6,79,68,0,68,147
02/03/2021,SAF,NM,ASW,CE,Federal Contract Tower,7,14,12,2,35,0,0,20,0,20,7,14,32,2,55,4,0,4,59
02/04/2021,SAF,NM,ASW,CE,Federal Contract Tower,8,12,10,0,30,0,1,29,3,33,8,13,39,3,63,36,8,44,107
02/05/2021,SAF,NM,ASW,CE,Federal Contract Tower,5,13,14,3,35,0,3,18,1,22,5,16,32,4,57,48,10,58,115
02/06/2021,SAF,NM,ASW,CE,Federal Contract Tower,8,6,10,6,30,0,3,21,5,29,8,9,31,11,59,52,12,64,123
02/07/2021,SAF,NM,ASW,CE,Federal Contract Tower,15,9,13,4,41,0,4,33,2,39,15,13,46,6,80,66,0,66,146
02/08/2021,SAF,NM,ASW,CE,Federal Contract Tower,6,5,9,7,27,0,2,12,4,18,6,7,21,11,45,6,18,24,69
02/09/2021,SAF,NM,ASW,CE,Federal Contract Tower,7,7,30,1,45,0,3,50,0,53,7,10,80,1,98,88,0,88,186
02/10/2021,SAF,NM,ASW,CE,Federal Contract Tower,7,17,24,2,50,0,0,24,1,25,7,17,48,3,75,82,0,82,157
02/11/2021,SAF,NM,ASW,CE,Federal Contract Tower,6,7,18,3,34,0,0,65,6,71,6,7,83,9,105,144,0,144,249
02/12/2021,SAF,NM,ASW,CE,Federal Contract Tower,6,6,17,0,29,0,0,30,0,30,6,6,47,0,59,148,0,148,207
02/13/2021,SAF,NM,ASW,CE,Federal Contract Tower,7,15,12,0,34,0,2,29,0,31,7,17,41,0,65,78,0,78,143
02/14/2021,SAF,NM,ASW,CE,Federal Contract Tower,2,6,3,0,11,0,0,0,0,0,2,6,3,0,11,0,0,0,11
02/15/2021,SAF,NM,ASW,CE,Federal Contract Tower,3,6,13,1,23,0,0,6,1,7,3,6,19,2,30,10,10,20,50
02/16/2021,SAF,NM,ASW,CE,Federal Contract Tower,4,11,7,1,23,0,0,0,0,0,4,11,7,1,23,0,0,0,23
02/17/2021,SAF,NM,ASW,CE,Federal Contract Tower,4,2,5,1,12,0,3,13,2,18,4,5,18,3,30,30,0,30,60
02/18/2021,SAF,NM,ASW,CE,Federal Contract Tower,5,3,14,0,22,0,12,0,0,12,5,15,14,0,34,50,0,50,84
02/19/2021,SAF,NM,ASW,CE,Federal Contract Tower,1,9,28,3,41,0,2,41,17,60,1,11,69,20,101,44,4,48,149
02/20/2021,SAF,NM,ASW,CE,Federal Contract Tower,6,12,13,4,35,0,0,37,4,41,6,12,50,8,76,40,28,68,144
02/21/2021,SAF,NM,ASW,CE,Federal Contract Tower,6,7,29,4,46,0,0,27,1,28,6,7,56,5,74,64,0,64,138
02/22/2021,SAF,NM,ASW,CE,Federal Contract Tower,10,13,16,5,44,0,2,32,2,36,10,15,48,7,80,60,0,60,140
02/23/2021,SAF,NM,ASW,CE,Federal Contract Tower,7,8,16,2,33,0,5,40,1,46,7,13,56,3,79,152,2,154,233
02/24/2021,SAF,NM,ASW,CE,Federal Contract Tower,8,6,12,5,31,0,0,37,19,56,8,6,49,24,87,76,40,116,203
02/25/2021,SAF,NM,ASW,CE,Federal Contract Tower,8,5,11,5,29,0,0,17,24,41,8,5,28,29,70,26,40,66,136
02/26/2021,SAF,NM,ASW,CE,Federal Contract Tower,6,12,24,4,46,0,0,47,19,66,6,12,71,23,112,90,4,94,206
02/27/2021,SAF,NM,ASW,CE,Federal Contract Tower,8,6,26,2,42,0,3,45,5,53,8,9,71,7,95,80,0,80,175
02/28/2021,SAF,NM,ASW,CE,Federal Contract Tower,6,8,38,0,52,0,4,56,4,64,6,12,94,4,116,90,0,90,206
03/01/2021,SAF,NM,ASW,CE,Federal Contract Tower,7,6,35,5,53,0,4,71,14,89,7,10,106,19,142,122,0,122,264
03/02/2021,SAF,NM,ASW,CE,Federal Contract Tower,7,3,34,8,52,0,0,71,7,78,7,3,105,15,130,204,0,204,334
03/03/2021,SAF,NM,ASW,CE,Federal Contract Tower,7,11,39,0,57,0,0,67,9,76,7,11,106,9,133,116,0,116,249
03/04/2021,SAF,NM,ASW,CE,Federal Contract Tower,7,7,24,2,40,0,1,20,0,21,7,8,44,2,61,84,0,84,145
03/05/2021,SAF,NM,ASW,CE,Federal Contract Tower,5,5,21,6,37,0,0,58,5,63,5,5,79,11,100,50,0,50,150
03/06/2021,SAF,NM,ASW,CE,Federal Contract Tower,1,4,17,0,22,0,0,49,2,51,1,4,66,2,73,56,0,56,129
03/07/2021,SAF,NM,ASW,CE,Federal Contract Tower,7,3,27,4,41,0,0,55,1,56,7,3,82,5,97,52,0,52,149
03/08/2021,SAF,NM,ASW,CE,Federal Contract Tower,7,3,19,1,30,0,11,41,0,52,7,14,60,1,82,94,0,94,176
03/09/2021,SAF,NM,ASW,CE,Federal Contract Tower,6,10,29,0,45,0,2,39,0,41,6,12,68,0,86,100,0,100,186
03/10/2021,SAF,NM,ASW,CE,Federal Contract Tower,6,13,22,0,41,0,1,29,1,31,6,14,51,1,72,42,0,42,114
03/11/2021,SAF,NM,ASW,CE,Federal Contract Tower,6,5,25,6,42,0,2,58,0,60,6,7,83,6,102,166,0,166,268
03/12/2021,SAF,NM,ASW,CE,Federal Contract Tower,5,10,25,4,44,0,0,26,11,37,5,10,51,15,81,76,32,108,189
03/13/2021,SAF,NM,ASW,CE,Federal Contract Tower,7,17,19,2,45,0,2,16,2,20,7,19,35,4,65,30,2,32,97
03/14/2021,SAF,NM,ASW,CE,Federal Contract Tower,6,2,12,6,26,0,0,9,0,9,6,2,21,6,35,0,0,0,35
03/15/2021,SAF,NM,ASW,CE,Federal Contract Tower,6,2,19,3,30,0,6,32,2,40,6,8,51,5,70,94,0,94,164
03/16/2021,SAF,NM,ASW,CE,Federal Contract Tower,7,6,27,0,40,0,0,41,0,41,7,6,68,0,81,60,0,60,141
03/17/2021,SAF,NM,ASW,CE,Federal Contract Tower,4,11,30,1,46,0,2,36,1,39,4,13,66,2,85,68,0,68,153
03/18/2021,SAF,NM,ASW,CE,Federal Contract Tower,6,4,18,1,29,0,0,56,3,59,6,4,74,4,88,202,0,202,290
03/19/2021,SAF,NM,ASW,CE,Federal Contract Tower,5,6,22,1,34,0,4,78,2,84,5,10,100,3,118,110,0,110,228
03/20/2021,SAF,NM,ASW,CE,Federal Contract Tower,3,12,17,1,33,0,0,58,4,62,3,12,75,5,95,98,0,98,193
03/21/2021,SAF,NM,ASW,CE,Federal Contract Tower,8,17,24,0,49,0,2,25,0,27,8,19,49,0,76,18,0,18,94
03/22/2021,SAF,NM,ASW,CE,Federal Contract Tower,8,9,16,1,34,0,4,18,16,38,8,13,34,17,72,76,0,76,148
03/23/2021,SAF,NM,ASW,CE,Federal Contract Tower,5,15,12,0,32,0,1,25,1,27,5,16,37,1,59,100,0,100,159
03/24/2021,SAF,NM,ASW,CE,Federal Contract Tower,6,4,12,0,22,0,0,0,0,0,6,4,12,0,22,0,0,0,22
03/25/2021,SAF,NM,ASW,CE,Federal Contract Tower,6,7,12,0,25,0,5,31,0,36,6,12,43,0,61,102,0,102,163
03/26/2021,SAF,NM,ASW,CE,Federal Contract Tower,7,9,12,0,28,0,0,18,2,20,7,9,30,2,48,42,0,42,90
03/27/2021,SAF,NM,ASW,CE,Federal Contract Tower,4,8,15,15,42,0,3,42,1,46,4,11,57,16,88,44,2,46,134
03/28/2021,SAF,NM,ASW,CE,Federal Contract Tower,5,14,26,1,46,0,0,74,1,75,5,14,100,2,121,10,0,10,131
03/29/2021,SAF,NM,ASW,CE,Federal Contract Tower,6,4,16,6,32,0,1,26,0,27,6,5,42,6,59,98,0,98,157
03/30/2021,SAF,NM,ASW,CE,Federal Contract Tower,6,10,17,0,33,0,0,23,0,23,6,10,40,0,56,28,0,28,84
03/31/2021,SAF,NM,ASW,CE,Federal Contract Tower,7,9,33,2,51,0,11,31,4,46,7,20,64,6,97,50,12,62,159
04/02/2021,SAF,NM,ASW,CE,Federal Contract Tower,6,8,17,0,31,0,2,61,3,66,6,10,78,3,97,90,0,90,187
04/03/2021,SAF,NM,ASW,CE,Federal Contract Tower,6,6,29,1,42,0,0,64,0,64,6,6,93,1,106,76,0,76,182
04/04/2021,SAF,NM,ASW,CE,Federal Contract Tower,2,18,11,2,33,0,0,26,3,29,2,18,37,5,62,30,0,30,92
04/05/2021,SAF,NM,ASW,CE,Federal Contract Tower,6,5,22,2,35,0,0,39,3,42,6,5,61,5,77,127,2,129,206
04/06/2021,SAF,NM,ASW,CE,Federal Contract Tower,6,8,23,0,37,0,1,23,4,28,6,9,46,4,65,42,2,44,109
04/07/2021,SAF,NM,ASW,CE,Federal Contract Tower,7,12,21,2,42,0,9,48,7,64,7,21,69,9,106,108,0,108,214
04/09/2021,SAF,NM,ASW,CE,Federal Contract Tower,6,2,17,4,29,0,0,45,5,50,6,2,62,9,79,64,2,66,145
04/10/2021,SAF,NM,ASW,CE,Federal Contract Tower,4,10,31,6,51,0,0,54,3,57,4,10,85,9,108,80,0,80,188
04/11/2021,SAF,NM,ASW,CE,Federal Contract Tower,6,15,24,1,46,0,2,48,0,50,6,17,72,1,96,36,0,36,132
04/12/2021,SAF,NM,ASW,CE,Federal Contract Tower,6,15,26,4,51,0,2,18,2,22,6,17,44,6,73,0,0,0,73
04/13/2021,SAF,NM,ASW,CE,Federal Contract Tower,8,4,22,9,43,0,0,20,6,26,8,4,42,15,69,42,0,42,111
04/14/2021,SAF,NM,ASW,CE,Federal Contract Tower,9,13,10,4,36,0,0,21,3,24,9,13,31,7,60,44,2,46,106
04/15/2021,SAF,NM,ASW,CE,Federal Contract Tower,6,17,20,5,48,0,1,7,1,9,6,18,27,6,57,2,0,2,59
04/16/2021,SAF,NM,ASW,CE,Federal Contract Tower,6,11,32,20,69,0,4,29,1,34,6,15,61,21,103,90,2,92,195
04/17/2021,SAF,NM,ASW,CE,Federal Contract Tower,6,15,17,0,38,0,0,11,0,11,6,15,28,0,49,24,0,24,73
04/18/2021,SAF,NM,ASW,CE,Federal Contract Tower,7,14,22,0,43,0,1,21,0,22,7,15,43,0,65,34,0,34,99
04/19/2021,SAF,NM,ASW,CE,Federal Contract Tower,8,6,17,0,31,0,2,38,0,40,8,8,55,0,71,74,0,74,145
04/20/2021,SAF,NM,ASW,CE,Federal Contract Tower,7,14,17,2,40,0,1,30,0,31,7,15,47,2,71,30,0,30,101
04/21/2021,SAF,NM,ASW,CE,Federal Contract Tower,6,12,13,0,31,0,0,22,0,22,6,12,35,0,53,56,0,56,109
04/22/2021,SAF,NM,ASW,CE,Federal Contract Tower,8,10,30,4,52,0,1,75,1,77,8,11,105,5,129,70,0,70,199
04/23/2021,SAF,NM,ASW,CE,Federal Contract Tower,5,10,25,1,41,0,1,34,0,35,5,11,59,1,76,46,0,46,122
04/24/2021,SAF,NM,ASW,CE,Federal Contract Tower,5,10,68,12,95,0,0,135,4,139,5,10,203,16,234,136,0,136,370
04/25/2021,SAF,NM,ASW,CE,Federal Contract Tower,7,17,26,4,54,0,4,43,0,47,7,21,69,4,101,32,10,42,143
04/26/2021,SAF,NM,ASW,CE,Federal Contract Tower,8,7,28,4,47,0,0,28,5,33,8,7,56,9,80,58,26,84,164
04/27/2021,SAF,NM,ASW,CE,Federal Contract Tower,6,12,25,2,45,0,0,17,1,18,6,12,42,3,63,40,0,40,103
04/28/2021,SAF,NM,ASW,CE,Federal Contract Tower,8,13,14,0,35,0,0,15,2,17,8,13,29,2,52,46,0,46,98
04/29/2021,SAF,NM,ASW,CE,Federal Contract Tower,5,9,20,4,38,0,0,31,1,32,5,9,51,5,70,84,0,84,154
04/30/2021,SAF,NM,ASW,CE,Federal Contract Tower,6,14,25,3,48,0,2,46,4,52,6,16,71,7,100,90,0,90,190
05/01/2021,SAF,NM,ASW,CE,Federal Contract Tower,5,7,27,2,41,0,5,63,2,70,5,12,90,4,111,50,0,50,161
05/02/2021,SAF,NM,ASW,CE,Federal Contract Tower,8,14,19,4,45,0,2,15,1,18,8,16,34,5,63,0,0,0,63
05/03/2021,SAF,NM,ASW,CE,Federal Contract Tower,8,11,15,0,34,0,6,9,4,19,8,17,24,4,53,22,0,22,75
05/04/2021,SAF,NM,ASW,CE,Federal Contract Tower,6,15,22,0,43,0,0,34,6,40,6,15,56,6,83,138,0,138,221
05/05/2021,SAF,NM,ASW,CE,Federal Contract Tower,7,11,24,0,42,0,2,41,4,47,7,13,65,4,89,56,0,56,145
05/06/2021,SAF,NM,ASW,CE,Federal Contract Tower,8,15,33,4,60,0,0,37,5,42,8,15,70,9,102,36,10,46,148
05/07/2021,SAF,NM,ASW,CE,Federal Contract Tower,5,6,22,0,33,0,1,31,4,36,5,7,53,4,69,62,0,62,131
05/08/2021,SAF,NM,ASW,CE,Federal Contract Tower,7,8,19,5,39,0,2,32,0,34,7,10,51,5,73,42,4,46,119
05/09/2021,SAF,NM,ASW,CE,Federal Contract Tower,7,14,23,0,44,0,0,11,6,17,7,14,34,6,61,18,0,18,79
05/10/2021,SAF,NM,ASW,CE,Federal Contract Tower,7,11,13,0,31,0,0,11,0,11,7,11,24,0,42,6,0,6,48
05/11/2021,SAF,NM,ASW,CE,Federal Contract Tower,6,17,36,2,61,0,2,36,0,38,6,19,72,2,99,60,0,60,159
05/12/2021,SAF,NM,ASW,CE,Federal Contract Tower,8,20,30,2,60,0,3,28,1,32,8,23,58,3,92,38,0,38,130
05/13/2021,SAF,NM,ASW,CE,Federal Contract Tower,9,18,27,4,58,0,0,41,1,42,9,18,68,5,100,80,0,80,180
05/14/2021,SAF,NM,ASW,CE,Federal Contract Tower,6,14,40,1,61,0,2,53,0,55,6,16,93,1,116,64,0,64,180
05/15/2021,SAF,NM,ASW,CE,Federal Contract Tower,6,16,31,0,53,0,2,51,0,53,6,18,82,0,106,64,0,64,170
05/16/2021,SAF,NM,ASW,CE,Federal Contract Tower,7,23,29,0,59,0,0,42,0,42,7,23,71,0,101,10,0,10,111
05/17/2021,SAF,NM,ASW,CE,Federal Contract Tower,7,10,13,0,30,0,0,12,0,12,7,10,25,0,42,32,0,32,74
05/18/2021,SAF,NM,ASW,CE,Federal Contract Tower,7,10,31,1,49,0,1,14,6,21,7,11,45,7,70,22,0,22,92
05/19/2021,SAF,NM,ASW,CE,Federal Contract Tower,8,12,36,2,58,0,0,59,7,66,8,12,95,9,124,100,4,104,228
05/20/2021,SAF,NM,ASW,CE,Federal Contract Tower,7,11,26,0,44,0,3,44,3,50,7,14,70,3,94,96,0,96,190
05/21/2021,SAF,NM,ASW,CE,Federal Contract Tower,8,10,24,1,43,0,0,29,2,31,8,10,53,3,74,38,0,38,112
05/22/2021,SAF,NM,ASW,CE,Federal Contract Tower,6,14,17,0,37,0,0,15,3,18,6,14,32,3,55,12,0,12,67
05/23/2021,SAF,NM,ASW,CE,Federal Contract Tower,6,25,37,14,82,0,3,19,6,28,6,28,56,20,110,16,0,16,126
05/24/2021,SAF,NM,ASW,CE,Federal Contract Tower,9,24,30,6,69,0,4,47,1,52,9,28,77,7,121,136,0,136,257
05/25/2021,SAF,NM,ASW,CE,Federal Contract Tower,8,15,41,4,68,0,4,46,0,50,8,19,87,4,118,158,0,158,276
05/26/2021,SAF,NM,ASW,CE,Federal Contract Tower,8,17,23,2,50,0,3,49,2,54,8,20,72,4,104,48,0,48,152
05/27/2021,SAF,NM,ASW,CE,Federal Contract Tower,7,14,39,6,66,0,0,48,2,50,7,14,87,8,116,54,16,70,186
05/28/2021,SAF,NM,ASW,CE,Federal Contract Tower,7,18,29,0,54,0,3,51,1,55,7,21,80,1,109,78,0,78,187
05/29/2021,SAF,NM,ASW,CE,Federal Contract Tower,6,12,19,5,42,0,1,53,2,56,6,13,72,7,98,96,0,96,194
05/30/2021,SAF,NM,ASW,CE,Federal Contract Tower,8,14,13,0,35,0,0,21,2,23,8,14,34,2,58,42,0,42,100
05/31/2021,SAF,NM,ASW,CE,Federal Contract Tower,13,7,19,0,39,0,0,29,0,29,13,7,48,0,68,74,0,74,142
06/01/2021,SAF,NM,ASW,CE,Federal Contract Tower,7,14,28,4,53,0,11,38,0,49,7,25,66,4,102,84,0,84,186
06/02/2021,SAF,NM,ASW,CE,Federal Contract Tower,7,11,18,0,36,0,10,29,1,40,7,21,47,1,76,114,4,118,194
06/03/2021,SAF,NM,ASW,CE,Federal Contract Tower,9,14,25,1,49,0,3,61,0,64,9,17,86,1,113,140,0,140,253
06/04/2021,SAF,NM,ASW,CE,Federal Contract Tower,9,21,22,1,53,0,6,45,6,57,9,27,67,7,110,32,0,32,142
06/05/2021,SAF,NM,ASW,CE,Federal Contract Tower,10,9,23,0,42,0,2,42,1,45,10,11,65,1,87,32,8,40,127
06/06/2021,SAF,NM,ASW,CE,Federal Contract Tower,12,20,32,0,64,0,1,26,2,29,12,21,58,2,93,12,0,12,105
06/07/2021,SAF,NM,ASW,CE,Federal Contract Tower,9,18,30,0,57,0,4,49,0,53,9,22,79,0,110,52,0,52,162
06/08/2021,SAF,NM,ASW,CE,Federal Contract Tower,5,13,13,0,31,0,3,33,0,36,5,16,46,0,67,62,0,62,129
06/09/2021,SAF,NM,ASW,CE,Federal Contract Tower,9,23,21,0,53,0,6,43,2,51,9,29,64,2,104,108,0,108,212
06/10/2021,SAF,NM,ASW,CE,Federal Contract Tower,8,20,33,1,62,0,6,51,0,57,8,26,84,1,119,88,0,88,207
06/11/2021,SAF,NM,ASW,CE,Federal Contract Tower,11,11,26,0,48,0,0,60,2,62,11,11,86,2,110,44,0,44,154
06/12/2021,SAF,NM,ASW,CE,Federal Contract Tower,7,14,33,0,54,0,0,53,1,54,7,14,86,1,108,60,0,60,168
06/13/2021,SAF,NM,ASW,CE,Federal Contract Tower,10,17,34,0,61,0,3,30,0,33,10,20,64,0,94,32,0,32,126
06/14/2021,SAF,NM,ASW,CE,Federal Contract Tower,9,17,25,5,56,0,6,48,1,55,9,23,73,6,111,84,0,84,195
06/15/2021,SAF,NM,ASW,CE,Federal Contract Tower,9,16,38,1,64,0,0,56,4,60,9,16,94,5,124,18,0,18,142
06/16/2021,SAF,NM,ASW,CE,Federal Contract Tower,10,17,59,1,87,0,3,46,3,52,10,20,105,4,139,46,0,46,185
06/17/2021,SAF,NM,ASW,CE,Federal Contract Tower,9,12,47,3,71,0,0,48,0,48,9,12,95,3,119,72,0,72,191
06/18/2021,SAF,NM,ASW,CE,Federal Contract Tower,7,22,34,0,63,0,2,36,2,40,7,24,70,2,103,30,0,30,133
06/19/2021,SAF,NM,ASW,CE,Federal Contract Tower,9,8,45,0,62,0,11,48,1,60,9,19,93,1,122,24,0,24,146
06/20/2021,SAF,NM,ASW,CE,Federal Contract Tower,10,16,32,1,59,0,10,39,0,49,10,26,71,1,108,34,0,34,142
06/21/2021,SAF,NM,ASW,CE,Federal Contract Tower,7,10,30,0,47,0,0,30,0,30,7,10,60,0,77,38,0,38,115
06/22/2021,SAF,NM,ASW,CE,Federal Contract Tower,5,13,16,1,35,0,0,37,0,37,5,13,53,1,72,44,0,44,116
06/23/2021,SAF,NM,ASW,CE,Federal Contract Tower,9,14,20,1,44,0,2,26,1,29,9,16,46,2,73,86,0,86,159
06/24/2021,SAF,NM,ASW,CE,Federal Contract Tower,8,21,20,2,51,0,2,36,3,41,8,23,56,5,92,76,0,76,168
06/25/2021,SAF,NM,ASW,CE,Federal Contract Tower,6,17,26,5,54,0,0,46,0,46,6,17,72,5,100,28,8,36,136
06/26/2021,SAF,NM,ASW,CE,Federal Contract Tower,9,17,20,9,55,0,0,53,12,65,9,17,73,21,120,48,16,64,184
06/27/2021,SAF,NM,ASW,CE,Federal Contract Tower,10,18,20,0,48,0,4,13,1,18,10,22,33,1,66,0,0,0,66
06/28/2021,SAF,NM,ASW,CE,Federal Contract Tower,12,21,20,7,60,0,4,28,2,34,12,25,48,9,94,170,0,170,264
06/29/2021,SAF,NM,ASW,CE,Federal Contract Tower,9,12,36,4,61,0,2,10,0,12,9,14,46,4,73,32,0,32,105
06/30/2021,SAF,NM,ASW,CE,Federal Contract Tower,9,12,21,6,48,0,0,25,0,25,9,12,46,6,73,66,0,66,139
07/01/2021,SAF,NM,ASW,CE,Federal Contract Tower,5,15,22,5,47,0,0,38,1,39,5,15,60,6,86,76,0,76,162
07/02/2021,SAF,NM,ASW,CE,Federal Contract Tower,5,21,19,0,45,0,1,42,0,43,5,22,61,0,88,76,0,76,164
07/03/2021,SAF,NM,ASW,CE,Federal Contract Tower,8,8,7,2,25,0,5,43,1,49,8,13,50,3,74,46,0,46,120
07/04/2021,SAF,NM,ASW,CE,Federal Contract Tower,12,20,12,0,44,0,5,22,0,27,12,25,34,0,71,16,0,16,87
07/05/2021,SAF,NM,ASW,CE,Federal Contract Tower,11,18,33,2,64,0,0,57,5,62,11,18,90,7,126,142,26,168,294
07/06/2021,SAF,NM,ASW,CE,Federal Contract Tower,6,33,36,3,78,0,2,37,1,40,6,35,73,4,118,78,0,78,196
07/07/2021,SAF,NM,ASW,CE,Federal Contract Tower,9,10,17,2,38,0,2,59,4,65,9,12,76,6,103,140,0,140,243
07/08/2021,SAF,NM,ASW,CE,Federal Contract Tower,9,7,31,0,47,0,6,51,0,57,9,13,82,0,104,72,0,72,176
07/09/2021,SAF,NM,ASW,CE,Federal Contract Tower,7,18,31,1,57,0,0,44,2,46,7,18,75,3,103,132,0,132,235
07/10/2021,SAF,NM,ASW,CE,Federal Contract Tower,8,16,32,2,58,0,0,57,2,59,8,16,89,4,117,14,0,14,131
07/11/2021,SAF,NM,ASW,CE,Federal Contract Tower,10,26,34,2,72,0,0,23,3,26,10,26,57,5,98,26,0,26,124
07/12/2021,SAF,NM,ASW,CE,Federal Contract Tower,8,22,31,0,61,0,4,40,0,44,8,26,71,0,105,92,0,92,197
07/13/2021,SAF,NM,ASW,CE,Federal Contract Tower,7,9,20,1,37,0,4,44,4,52,7,13,64,5,89,44,12,56,145
07/14/2021,SAF,NM,ASW,CE,Federal Contract Tower,9,17,34,0,60,0,2,37,0,39,9,19,71,0,99,18,0,18,117
07/15/2021,SAF,NM,ASW,CE,Federal Contract Tower,9,24,28,0,61,0,1,40,0,41,9,25,68,0,102,40,0,40,142
07/16/2021,SAF,NM,ASW,CE,Federal Contract Tower,7,17,27,2,53,0,0,46,0,46,7,17,73,2,99,80,0,80,179
07/17/2021,SAF,NM,ASW,CE,Federal Contract Tower,8,20,28,0,56,0,4,66,0,70,8,24,94,0,126,98,0,98,224
07/18/2021,SAF,NM,ASW,CE,Federal Contract Tower,10,24,45,0,79,0,0,26,0,26,10,24,71,0,105,20,0,20,125
07/19/2021,SAF,NM,ASW,CE,Federal Contract Tower,12,12,34,2,60,0,6,35,0,41,12,18,69,2,101,20,0,20,121
07/20/2021,SAF,NM,ASW,CE,Federal Contract Tower,8,5,30,1,44,0,5,51,1,57,8,10,81,2,101,122,0,122,223
07/21/2021,SAF,NM,ASW,CE,Federal Contract Tower,9,11,31,0,51,0,2,41,0,43,9,13,72,0,94,72,0,72,166
07/22/2021,SAF,NM,ASW,CE,Federal Contract Tower,9,16,29,2,56,0,4,43,0,47,9,20,72,2,103,102,0,102,205
07/23/2021,SAF,NM,ASW,CE,Federal Contract Tower,7,8,37,2,54,0,1,55,7,63,7,9,92,9,117,78,0,78,195
07/24/2021,SAF,NM,ASW,CE,Federal Contract Tower,11,11,31,0,53,0,2,24,2,28,11,13,55,2,81,76,0,76,157
07/25/2021,SAF,NM,ASW,CE,Federal Contract Tower,8,25,39,9,81,0,0,51,4,55,8,25,90,13,136,8,2,10,146
07/26/2021,SAF,NM,ASW,CE,Federal Contract Tower,8,14,27,10,59,0,0,34,0,34,8,14,61,10,93,156,0,156,249
07/27/2021,SAF,NM,ASW,CE,Federal Contract Tower,9,27,30,0,66,0,1,39,1,41,9,28,69,1,107,96,0,96,203
07/28/2021,SAF,NM,ASW,CE,Federal Contract Tower,9,25,27,1,62,0,3,40,0,43,9,28,67,1,105,140,0,140,245
07/29/2021,SAF,NM,ASW,CE,Federal Contract Tower,9,22,37,4,72,0,2,35,0,37,9,24,72,4,109,26,0,26,135
07/30/2021,SAF,NM,ASW,CE,Federal Contract Tower,8,22,37,5,72,0,2,59,5,66,8,24,96,10,138,60,0,60,198
07/31/2021,SAF,NM,ASW,CE,Federal Contract Tower,10,17,18,0,45,0,0,48,0,48,10,17,66,0,93,34,0,34,127
08/01/2021,SAF,NM,ASW,CE,Federal Contract Tower,9,24,30,0,63,0,1,30,0,31,9,25,60,0,94,20,0,20,114
08/02/2021,SAF,NM,ASW,CE,Federal Contract Tower,12,36,45,1,94,0,0,32,0,32,12,36,77,1,126,26,0,26,152
08/03/2021,SAF,NM,ASW,CE,Federal Contract Tower,13,22,23,0,58,0,5,21,12,38,13,27,44,12,96,100,0,100,196
08/04/2021,SAF,NM,ASW,CE,Federal Contract Tower,10,22,24,0,56,0,1,42,2,45,10,23,66,2,101,74,20,94,195
08/05/2021,SAF,NM,ASW,CE,Federal Contract Tower,9,15,44,2,70,0,1,33,1,35,9,16,77,3,105,116,8,124,229
08/06/2021,SAF,NM,ASW,CE,Federal Contract Tower,9,25,34,3,71,0,0,40,1,41,9,25,74,4,112,56,0,56,168
08/07/2021,SAF,NM,ASW,CE,Federal Contract Tower,11,25,23,18,77,0,0,63,3,66,11,25,86,21,143,94,0,94,237
08/08/2021,SAF,NM,ASW,CE,Federal Contract Tower,11,21,45,0,77,0,3,21,0,24,11,24,66,0,101,24,0,24,125
08/09/2021,SAF,NM,ASW,CE,Federal Contract Tower,12,22,21,5,60,0,4,27,4,35,12,26,48,9,95,46,0,46,141
08/10/2021,SAF,NM,ASW,CE,Federal Contract Tower,11,21,26,2,60,0,0,34,2,36,11,21,60,4,96,66,0,66,162
08/11/2021,SAF,NM,ASW,CE,Federal Contract Tower,10,25,24,1,60,0,8,33,2,43,10,33,57,3,103,20,0,20,123
08/12/2021,SAF,NM,ASW,CE,Federal Contract Tower,8,20,35,2,65,0,0,44,0,44,8,20,79,2,109,46,0,46,155
08/13/2021,SAF,NM,ASW,CE,Federal Contract Tower,8,30,33,3,74,0,1,33,2,36,8,31,66,5,110,62,0,62,172
08/14/2021,SAF,NM,ASW,CE,Federal Contract Tower,10,15,33,3,61,0,7,32,1,40,10,22,65,4,101,52,0,52,153
08/15/2021,SAF,NM,ASW,CE,Federal Contract Tower,14,28,36,0,78,0,2,55,0,57,14,30,91,0,135,52,0,52,187
08/16/2021,SAF,NM,ASW,CE,Federal Contract Tower,12,22,35,2,71,0,3,35,0,38,12,25,70,2,109,104,0,104,213
08/17/2021,SAF,NM,ASW,CE,Federal Contract Tower,10,19,40,6,75,0,13,55,0,68,10,32,95,6,143,50,0,50,193
08/18/2021,SAF,NM,ASW,CE,Federal Contract Tower,10,22,35,3,70,0,6,38,1,45,10,28,73,4,115,64,0,64,179
08/19/2021,SAF,NM,ASW,CE,Federal Contract Tower,12,30,31,4,77,0,6,55,6,67,12,36,86,10,144,98,0,98,242
08/20/2021,SAF,NM,ASW,CE,Federal Contract Tower,10,25,34,2,71,0,0,51,3,54,10,25,85,5,125,86,0,86,211
08/21/2021,SAF,NM,ASW,CE,Federal Contract Tower,10,13,29,0,52,0,11,54,2,67,10,24,83,2,119,28,0,28,147
08/22/2021,SAF,NM,ASW,CE,Federal Contract Tower,16,26,38,2,82,0,0,46,1,47,16,26,84,3,129,10,0,10,139
08/23/2021,SAF,NM,ASW,CE,Federal Contract Tower,13,23,35,0,71,0,2,36,0,38,13,25,71,0,109,66,0,66,175
08/24/2021,SAF,NM,ASW,CE,Federal Contract Tower,11,21,29,1,62,0,2,35,2,39,11,23,64,3,101,56,0,56,157
08/25/2021,SAF,NM,ASW,CE,Federal Contract Tower,13,17,26,0,56,0,4,35,2,41,13,21,61,2,97,114,0,114,211
08/26/2021,SAF,NM,ASW,CE,Federal Contract Tower,12,29,17,0,58,0,3,33,0,36,12,32,50,0,94,38,0,38,132
08/27/2021,SAF,NM,ASW,CE,Federal Contract Tower,11,27,33,2,73,0,0,38,0,38,11,27,71,2,111,6,0,6,117
08/28/2021,SAF,NM,ASW,CE,Federal Contract Tower,11,20,19,0,50,0,1,41,4,46,11,21,60,4,96,94,0,94,190
08/29/2021,SAF,NM,ASW,CE,Federal Contract Tower,12,19,42,6,79,0,1,24,1,26,12,20,66,7,105,6,4,10,115
08/30/2021,SAF,NM,ASW,CE,Federal Contract Tower,11,7,24,6,48,0,0,33,2,35,11,7,57,8,83,96,6,102,185
08/31/2021,SAF,NM,ASW,CE,Federal Contract Tower,11,19,23,2,55,0,4,43,15,62,11,23,66,17,117,44,4,48,165
09/01/2021,SAF,NM,ASW,CE,Federal Contract Tower,12,16,23,0,51,0,0,17,0,17,12,16,40,0,68,54,0,54,122
09/02/2021,SAF,NM,ASW,CE,Federal Contract Tower,13,19,35,3,70,0,2,33,1,36,13,21,68,4,106,36,14,50,156
09/03/2021,SAF,NM,ASW,CE,Federal Contract Tower,12,16,28,0,56,0,0,58,0,58,12,16,86,0,114,38,0,38,152
09/04/2021,SAF,NM,ASW,CE,Federal Contract Tower,11,11,16,0,38,0,1,31,0,32,11,12,47,0,70,50,0,50,120
09/05/2021,SAF,NM,ASW,CE,Federal Contract Tower,12,17,23,1,53,0,0,31,2,33,12,17,54,3,86,12,2,14,100
09/06/2021,SAF,NM,ASW,CE,Federal Contract Tower,14,17,36,0,67,0,8,46,1,55,14,25,82,1,122,102,0,102,224
09/07/2021,SAF,NM,ASW,CE,Federal Contract Tower,12,16,31,2,61,0,1,54,0,55,12,17,85,2,116,74,0,74,190
09/08/2021,SAF,NM,ASW,CE,Federal Contract Tower,13,27,47,1,88,0,1,53,2,56,13,28,100,3,144,156,0,156,300
09/09/2021,SAF,NM,ASW,CE,Federal Contract Tower,14,14,30,0,58,0,1,45,5,51,14,15,75,5,109,20,0,20,129
09/10/2021,SAF,NM,ASW,CE,Federal Contract Tower,14,19,35,1,69,0,2,78,4,84,14,21,113,5,153,48,0,48,201
09/11/2021,SAF,NM,ASW,CE,Federal Contract Tower,11,10,24,0,45,0,2,47,1,50,11,12,71,1,95,84,0,84,179
09/12/2021,SAF,NM,ASW,CE,Federal Contract Tower,17,19,45,0,81,0,2,57,0,59,17,21,102,0,140,18,0,18,158
09/13/2021,SAF,NM,ASW,CE,Federal Contract Tower,19,20,27,0,66,0,6,44,3,53,19,26,71,3,119,62,0,62,181
09/14/2021,SAF,NM,ASW,CE,Federal Contract Tower,16,13,23,0,52,0,1,38,0,39,16,14,61,0,91,128,0,128,219
09/15/2021,SAF,NM,ASW,CE,Federal Contract Tower,16,17,41,2,76,0,2,56,0,58,16,19,97,2,134,104,0,104,238
09/16/2021,SAF,NM,ASW,CE,Federal Contract Tower,17,14,30,4,65,0,1,65,3,69,17,15,95,7,134,60,0,60,194
09/17/2021,SAF,NM,ASW,CE,Federal Contract Tower,15,18,50,6,89,0,6,69,1,76,15,24,119,7,165,62,0,62,227
09/18/2021,SAF,NM,ASW,CE,Federal Contract Tower,11,18,27,10,66,0,5,53,4,62,11,23,80,14,128,98,0,98,226
09/19/2021,SAF,NM,ASW,CE,Federal Contract Tower,18,16,33,14,81,0,0,43,5,48,18,16,76,19,129,28,8,36,165
09/20/2021,SAF,NM,ASW,CE,Federal Contract Tower,17,8,41,4,70,0,2,38,2,42,17,10,79,6,112,20,0,20,132
09/21/2021,SAF,NM,ASW,CE,Federal Contract Tower,19,17,23,2,61,0,5,34,2,41,19,22,57,4,102,82,0,82,184
09/22/2021,SAF,NM,ASW,CE,Federal Contract Tower,17,21,33,5,76,0,3,50,1,54,17,24,83,6,130,132,0,132,262
09/23/2021,SAF,NM,ASW,CE,Federal Contract Tower,15,23,31,7,76,0,7,40,6,53,15,30,71,13,129,146,2,148,277
09/24/2021,SAF,NM,ASW,CE,Federal Contract Tower,17,22,13,2,54,0,8,50,0,58,17,30,63,2,112,46,0,46,158
09/25/2021,SAF,NM,ASW,CE,Federal Contract Tower,13,15,24,2,54,0,1,46,0,47,13,16,70,2,101,36,0,36,137
09/26/2021,SAF,NM,ASW,CE,Federal Contract Tower,17,33,51,8,109,0,0,37,0,37,17,33,88,8,146,30,0,30,176
09/27/2021,SAF,NM,ASW,CE,Federal Contract Tower,19,17,25,2,63,0,0,41,0,41,19,17,66,2,104,116,0,116,220
09/28/2021,SAF,NM,ASW,CE,Federal Contract Tower,16,18,20,4,58,0,2,18,0,20,16,20,38,4,78,126,0,126,204
09/29/2021,SAF,NM,ASW,CE,Federal Contract Tower,16,20,37,1,74,0,3,58,1,62,16,23,95,2,136,130,0,130,266
09/30/2021,SAF,NM,ASW,CE,Federal Contract Tower,16,30,53,0,99,0,0,18,0,18,16,30,71,0,117,88,0,88,205
10/01/2021,SAF,NM,ASW,CE,Federal Contract Tower,15,20,42,1,78,0,0,13,0,13,15,20,55,1,91,52,2,54,145
10/03/2021,SAF,NM,ASW,CE,Federal Contract Tower,14,14,41,15,84,0,1,34,1,36,14,15,75,16,120,24,0,24,144
10/04/2021,SAF,NM,ASW,CE,Federal Contract Tower,15,19,17,0,51,0,2,47,0,49,15,21,64,0,100,92,0,92,192
10/05/2021,SAF,NM,ASW,CE,Federal Contract Tower,16,20,32,2,70,0,3,37,2,42,16,23,69,4,112,56,0,56,168
10/06/2021,SAF,NM,ASW,CE,Federal Contract Tower,15,23,26,3,67,0,0,50,0,50,15,23,76,3,117,54,0,54,171
10/07/2021,SAF,NM,ASW,CE,Federal Contract Tower,19,34,27,0,80,0,3,51,1,55,19,37,78,1,135,106,0,106,241
10/08/2021,SAF,NM,ASW,CE,Federal Contract Tower,18,24,27,0,69,0,1,57,0,58,18,25,84,0,127,58,0,58,185
10/09/2021,SAF,NM,ASW,CE,Federal Contract Tower,18,14,27,0,59,0,2,38,1,41,18,16,65,1,100,30,0,30,130
10/10/2021,SAF,NM,ASW,CE,Federal Contract Tower,19,23,33,0,75,0,0,29,0,29,19,23,62,0,104,30,0,30,134
10/11/2021,SAF,NM,ASW,CE,Federal Contract Tower,20,16,36,0,72,0,2,63,0,65,20,18,99,0,137,98,0,98,235
10/12/2021,SAF,NM,ASW,CE,Federal Contract Tower,16,21,13,2,52,0,0,4,2,6,16,21,17,4,58,0,10,10,68
10/13/2021,SAF,NM,ASW,CE,Federal Contract Tower,18,13,26,0,57,0,1,41,2,44,18,14,67,2,101,48,0,48,149
10/14/2021,SAF,NM,ASW,CE,Federal Contract Tower,17,23,36,13,89,0,1,30,1,32,17,24,66,14,121,78,0,78,199
10/15/2021,SAF,NM,ASW,CE,Federal Contract Tower,17,29,28,2,76,0,1,46,4,51,17,30,74,6,127,88,0,88,215
10/16/2021,SAF,NM,ASW,CE,Federal Contract Tower,17,9,14,7,47,0,5,52,2,59,17,14,66,9,106,50,2,52,158
10/17/2021,SAF,NM,ASW,CE,Federal Contract Tower,20,16,34,1,71,0,2,52,2,56,20,18,86,3,127,8,0,8,135
10/18/2021,SAF,NM,ASW,CE,Federal Contract Tower,24,8,29,5,66,0,2,59,6,67,24,10,88,11,133,156,6,162,295
10/19/2021,SAF,NM,ASW,CE,Federal Contract Tower,19,13,41,0,73,0,3,46,2,51,19,16,87,2,124,84,0,84,208
10/20/2021,SAF,NM,ASW,CE,Federal Contract Tower,17,16,58,2,93,0,0,56,14,70,17,16,114,16,163,102,0,102,265
10/21/2021,SAF,NM,ASW,CE,Federal Contract Tower,13,21,21,1,56,0,6,31,3,40,13,27,52,4,96,58,0,58,154
10/22/2021,SAF,NM,ASW,CE,Federal Contract Tower,13,16,36,2,67,0,0,65,2,67,13,16,101,4,134,146,2,148,282
10/23/2021,SAF,NM,ASW,CE,Federal Contract Tower,16,19,27,2,64,0,0,46,4,50,16,19,73,6,114,60,12,72,186
10/24/2021,SAF,NM,ASW,CE,Federal Contract Tower,18,28,52,0,98,0,2,41,0,43,18,30,93,0,141,0,0,0,141
10/25/2021,SAF,NM,ASW,CE,Federal Contract Tower,18,21,29,2,70,0,3,52,2,57,18,24,81,4,127,68,0,68,195
10/26/2021,SAF,NM,ASW,CE,Federal Contract Tower,17,17,18,1,53,0,0,14,1,15,17,17,32,2,68,4,0,4,72
10/27/2021,SAF,NM,ASW,CE,Federal Contract Tower,18,17,25,5,65,0,5,33,3,41,18,22,58,8,106,46,0,46,152
10/28/2021,SAF,NM,ASW,CE,Federal Contract Tower,16,19,35,8,78,0,2,35,0,37,16,21,70,8,115,56,8,64,179
10/29/2021,SAF,NM,ASW,CE,Federal Contract Tower,17,18,24,4,63,0,3,54,3,60,17,21,78,7,123,118,0,118,241
10/30/2021,SAF,NM,ASW,CE,Federal Contract Tower,17,12,38,0,67,0,0,51,2,53,17,12,89,2,120,86,0,86,206
10/31/2021,SAF,NM,ASW,CE,Federal Contract Tower,18,20,38,0,76,0,0,32,4,36,18,20,70,4,112,4,0,4,116
11/01/2021,SAF,NM,ASW,CE,Federal Contract Tower,18,19,14,2,53,0,3,32,2,37,18,22,46,4,90,30,2,32,122
11/02/2021,SAF,NM,ASW,CE,Federal Contract Tower,14,17,18,6,55,0,2,34,5,41,14,19,52,11,96,84,0,84,180
11/03/2021,SAF,NM,ASW,CE,Federal Contract Tower,9,20,29,2,60,0,1,37,3,41,9,21,66,5,101,70,2,72,173
11/04/2021,SAF,NM,ASW,CE,Federal Contract Tower,12,18,31,10,71,0,1,31,9,41,12,19,62,19,112,39,16,55,167
11/05/2021,SAF,NM,ASW,CE,Federal Contract Tower,8,18,33,1,60,0,0,52,2,54,8,18,85,3,114,38,0,38,152
11/06/2021,SAF,NM,ASW,CE,Federal Contract Tower,10,11,16,4,41,0,1,29,0,30,10,12,45,4,71,64,0,64,135
11/07/2021,SAF,NM,ASW,CE,Federal Contract Tower,14,17,44,6,81,0,2,39,2,43,14,19,83,8,124,56,6,62,186
11/08/2021,SAF,NM,ASW,CE,Federal Contract Tower,16,12,22,12,62,0,4,45,5,54,16,16,67,17,116,42,0,42,158
11/09/2021,SAF,NM,ASW,CE,Federal Contract Tower,10,18,29,6,63,0,0,67,3,70,10,18,96,9,133,86,10,96,229
11/10/2021,SAF,NM,ASW,CE,Federal Contract Tower,14,8,28,5,55,0,0,37,10,47,14,8,65,15,102,88,0,88,190
11/11/2021,SAF,NM,ASW,CE,Federal Contract Tower,14,10,34,0,58,0,2,69,1,72,14,12,103,1,130,100,0,100,230
11/12/2021,SAF,NM,ASW,CE,Federal Contract Tower,12,10,32,7,61,0,2,56,2,60,12,12,88,9,121,54,0,54,175
11/13/2021,SAF,NM,ASW,CE,Federal Contract Tower,10,10,16,4,40,0,1,47,0,48,10,11,63,4,88,76,0,76,164
11/14/2021,SAF,NM,ASW,CE,Federal Contract Tower,14,7,37,2,60,0,7,58,0,65,14,14,95,2,125,42,0,42,167
11/15/2021,SAF,NM,ASW,CE,Federal Contract Tower,14,3,19,0,36,0,2,28,1,31,14,5,47,1,67,14,0,14,81
11/16/2021,SAF,NM,ASW,CE,Federal Contract Tower,10,11,41,6,68,0,0,48,1,49,10,11,89,7,117,60,0,60,177
11/17/2021,SAF,NM,ASW,CE,Federal Contract Tower,11,19,26,0,56,0,2,42,7,51,11,21,68,7,107,40,0,40,147
11/18/2021,SAF,NM,ASW,CE,Federal Contract Tower,15,13,21,2,51,0,0,45,3,48,15,13,66,5,99,66,6,72,171
11/19/2021,SAF,NM,ASW,CE,Federal Contract Tower,11,11,31,3,56,0,0,41,2,43,11,11,72,5,99,38,4,42,141
11/20/2021,SAF,NM,ASW,CE,Federal Contract Tower,9,13,29,0,51,0,3,49,1,53,9,16,78,1,104,92,0,92,196
11/21/2021,SAF,NM,ASW,CE,Federal Contract Tower,14,21,28,0,63,0,0,44,6,50,14,21,72,6,113,26,0,26,139
11/22/2021,SAF,NM,ASW,CE,Federal Contract Tower,15,19,32,3,69,0,3,57,2,62,15,22,89,5,131,108,0,108,239
11/23/2021,SAF,NM,ASW,CE,Federal Contract Tower,10,15,36,2,63,0,1,56,6,63,10,16,92,8,126,84,0,84,210
11/24/2021,SAF,NM,ASW,CE,Federal Contract Tower,16,12,17,0,45,0,16,3,0,19,16,28,20,0,64,14,0,14,78
11/25/2021,SAF,NM,ASW,CE,Federal Contract Tower,2,9,13,0,24,0,7,8,0,15,2,16,21,0,39,0,0,0,39
11/26/2021,SAF,NM,ASW,CE,Federal Contract Tower,9,12,6,0,27,0,2,41,0,43,9,14,47,0,70,40,0,40,110
11/27/2021,SAF,NM,ASW,CE,Federal Contract Tower,16,24,45,0,85,0,3,46,8,57,16,27,91,8,142,38,0,38,180
11/28/2021,SAF,NM,ASW,CE,Federal Contract Tower,15,15,55,0,85,0,1,36,0,37,15,16,91,0,122,2,0,2,124
11/29/2021,SAF,NM,ASW,CE,Federal Contract Tower,15,20,26,0,61,0,2,29,0,31,15,22,55,0,92,60,0,60,152
11/30/2021,SAF,NM,ASW,CE,Federal Contract Tower,8,23,36,6,73,0,3,26,1,30,8,26,62,7,103,78,12,90,193
12/01/2021,SAF,NM,ASW,CE,Federal Contract Tower,11,8,18,1,38,0,2,38,0,40,11,10,56,1,78,48,0,48,126
12/02/2021,SAF,NM,ASW,CE,Federal Contract Tower,14,13,17,1,45,0,4,59,3,66,14,17,76,4,111,66,10,76,187
12/03/2021,SAF,NM,ASW,CE,Federal Contract Tower,12,9,30,5,56,0,1,39,0,40,12,10,69,5,96,82,18,100,196
12/04/2021,SAF,NM,ASW,CE,Federal Contract Tower,11,12,17,2,42,0,0,64,1,65,11,12,81,3,107,72,0,72,179
12/05/2021,SAF,NM,ASW,CE,Federal Contract Tower,10,23,24,2,59,0,3,24,0,27,10,26,48,2,86,24,0,24,110
12/06/2021,SAF,NM,ASW,CE,Federal Contract Tower,12,19,36,5,72,0,2,22,0,24,12,21,58,5,96,16,0,16,112
12/07/2021,SAF,NM,ASW,CE,Federal Contract Tower,9,14,26,1,50,0,6,23,0,29,9,20,49,1,79,30,0,30,109
12/08/2021,SAF,NM,ASW,CE,Federal Contract Tower,12,12,18,2,44,0,3,41,0,44,12,15,59,2,88,80,0,80,168
12/09/2021,SAF,NM,ASW,CE,Federal Contract Tower,11,17,27,0,55,0,2,24,1,27,11,19,51,1,82,28,2,30,112
12/10/2021,SAF,NM,ASW,CE,Federal Contract Tower,9,16,18,0,43,0,0,1,0,1,9,16,19,0,44,0,0,0,44
12/11/2021,SAF,NM,ASW,CE,Federal Contract Tower,11,17,14,1,43,0,0,42,0,42,11,17,56,1,85,92,0,92,177
12/12/2021,SAF,NM,ASW,CE,Federal Contract Tower,12,21,25,2,60,0,0,27,10,37,12,21,52,12,97,16,0,16,113
12/13/2021,SAF,NM,ASW,CE,Federal Contract Tower,12,9,24,4,49,0,3,38,2,43,12,12,62,6,92,84,2,86,178
12/14/2021,SAF,NM,ASW,CE,Federal Contract Tower,9,15,10,3,37,0,0,30,0,30,9,15,40,3,67,190,0,190,257
12/16/2021,SAF,NM,ASW,CE,Federal Contract Tower,13,13,38,2,66,0,0,26,6,32,13,13,64,8,98,0,2,2,100
12/17/2021,SAF,NM,ASW,CE,Federal Contract Tower,13,14,24,0,51,0,0,36,6,42,13,14,60,6,93,0,0,0,93
12/19/2021,SAF,NM,ASW,CE,Federal Contract Tower,14,24,28,0,66,0,4,37,2,43,14,28,65,2,109,8,0,8,117
12/20/2021,SAF,NM,ASW,CE,Federal Contract Tower,16,7,32,2,57,0,0,23,0,23,16,7,55,2,80,34,0,34,114
12/21/2021,SAF,NM,ASW,CE,Federal Contract Tower,12,14,23,1,50,0,0,45,0,45,12,14,68,1,95,120,0,120,215
12/22/2021,SAF,NM,ASW,CE,Federal Contract Tower,15,18,17,0,50,0,0,33,2,35,15,18,50,2,85,72,0,72,157
12/23/2021,SAF,NM,ASW,CE,Federal Contract Tower,13,19,16,0,48,0,0,29,1,30,13,19,45,1,78,34,0,34,112
12/24/2021,SAF,NM,ASW,CE,Federal Contract Tower,11,8,19,0,38,0,0,0,0,0,11,8,19,0,38,0,0,0,38
12/25/2021,SAF,NM,ASW,CE,Federal Contract Tower,7,16,2,0,25,0,0,0,0,0,7,16,2,0,25,0,0,0,25
12/26/2021,SAF,NM,ASW,CE,Federal Contract Tower,16,27,31,0,74,0,0,0,0,0,16,27,31,0,74,0,0,0,74
12/27/2021,SAF,NM,ASW,CE,Federal Contract Tower,12,16,27,0,55,0,1,37,0,38,12,17,64,0,93,82,0,82,175
12/28/2021,SAF,NM,ASW,CE,Federal Contract Tower,10,10,27,0,47,0,0,5,0,5,10,10,32,0,52,0,0,0,52
12/29/2021,SAF,NM,ASW,CE,Federal Contract Tower,13,7,33,0,53,0,1,8,3,12,13,8,41,3,65,0,0,0,65
12/30/2021,SAF,NM,ASW,CE,Federal Contract Tower,13,14,34,0,61,0,3,25,0,28,13,17,59,0,89,28,0,28,117
12/31/2021,SAF,NM,ASW,CE,Federal Contract Tower,11,13,8,0,32,0,0,2,0,2,11,13,10,0,34,14,0,14,48
01/01/2022,SAF,NM,ASW,CE,Federal Contract Tower,5,4,13,0,22,0,0,0,0,0,5,4,13,0,22,0,0,0,22
01/02/2022,SAF,NM,ASW,CE,Federal Contract Tower,10,15,25,2,52,0,5,16,0,21,10,20,41,2,73,20,0,20,93
01/03/2022,SAF,NM,ASW,CE,Federal Contract Tower,15,17,28,3,63,0,2,27,0,29,15,19,55,3,92,0,0,0,92
01/04/2022,SAF,NM,ASW,CE,Federal Contract Tower,9,21,16,0,46,0,2,25,0,27,9,23,41,0,73,196,0,196,269
01/05/2022,SAF,NM,ASW,CE,Federal Contract Tower,11,14,18,2,45,0,3,24,4,31,11,17,42,6,76,78,0,78,154
01/06/2022,SAF,NM,ASW,CE,Federal Contract Tower,11,10,18,5,44,0,1,50,3,54,11,11,68,8,98,86,0,86,184
01/07/2022,SAF,NM,ASW,CE,Federal Contract Tower,9,6,21,8,44,0,1,62,9,72,9,7,83,17,116,56,8,64,180
01/08/2022,SAF,NM,ASW,CE,Federal Contract Tower,13,9,16,4,42,0,2,30,3,35,13,11,46,7,77,74,0,74,151
01/09/2022,SAF,NM,ASW,CE,Federal Contract Tower,11,11,19,0,41,0,0,31,1,32,11,11,50,1,73,6,0,6,79
01/10/2022,SAF,NM,ASW,CE,Federal Contract Tower,12,7,20,1,40,0,1,40,0,41,12,8,60,1,81,42,0,42,123
01/11/2022,SAF,NM,ASW,CE,Federal Contract Tower,10,7,10,1,28,0,3,29,0,32,10,10,39,1,60,74,0,74,134
01/12/2022,SAF,NM,ASW,CE,Federal Contract Tower,10,8,24,0,42,0,1,45,0,46,10,9,69,0,88,78,0,78,166
01/13/2022,SAF,NM,ASW,CE,Federal Contract Tower,12,8,29,1,50,0,0,36,0,36,12,8,65,1,86,22,0,22,108
01/14/2022,SAF,NM,ASW,CE,Federal Contract Tower,12,8,20,0,40,0,0,40,0,40,12,8,60,0,80,52,0,52,132
01/15/2022,SAF,NM,ASW,CE,Federal Contract Tower,7,13,18,0,38,0,4,51,0,55,7,17,69,0,93,50,0,50,143
01/16/2022,SAF,NM,ASW,CE,Federal Contract Tower,12,9,23,0,44,0,2,43,0,45,12,11,66,0,89,54,0,54,143
01/17/2022,SAF,NM,ASW,CE,Federal Contract Tower,12,11,23,2,48,0,0,38,0,38,12,11,61,2,86,120,0,120,206
01/18/2022,SAF,NM,ASW,CE,Federal Contract Tower,10,18,11,5,44,0,1,45,2,48,10,19,56,7,92,154,20,174,266
01/19/2022,SAF,NM,ASW,CE,Federal Contract Tower,8,19,17,4,48,0,1,25,2,28,8,20,42,6,76,118,8,126,202
01/20/2022,SAF,NM,ASW,CE,Federal Contract Tower,8,14,17,0,39,0,2,27,3,32,8,16,44,3,71,36,0,36,107
01/21/2022,SAF,NM,ASW,CE,Federal Contract Tower,10,14,30,0,54,0,2,71,1,74,10,16,101,1,128,114,0,114,242
01/22/2022,SAF,NM,ASW,CE,Federal Contract Tower,9,6,13,0,28,0,4,37,0,41,9,10,50,0,69,80,0,80,149
01/23/2022,SAF,NM,ASW,CE,Federal Contract Tower,7,13,15,0,35,0,2,60,0,62,7,15,75,0,97,56,0,56,153
01/24/2022,SAF,NM,ASW,CE,Federal Contract Tower,10,14,15,0,39,0,6,32,1,39,10,20,47,1,78,70,16,86,164
01/25/2022,SAF,NM,ASW,CE,Federal Contract Tower,10,9,14,2,35,0,4,33,1,38,10,13,47,3,73,72,0,72,145
01/26/2022,SAF,NM,ASW,CE,Federal Contract Tower,10,13,13,0,36,0,2,14,1,17,10,15,27,1,53,50,0,50,103
01/27/2022,SAF,NM,ASW,CE,Federal Contract Tower,6,10,23,1,40,0,2,32,1,35,6,12,55,2,75,12,2,14,89
01/28/2022,SAF,NM,ASW,CE,Federal Contract Tower,12,10,24,8,54,0,1,24,3,28,12,11,48,11,82,4,0,4,86
01/29/2022,SAF,NM,ASW,CE,Federal Contract Tower,6,11,2,2,21,0,1,40,0,41,6,12,42,2,62,52,0,52,114
01/30/2022,SAF,NM,ASW,CE,Federal Contract Tower,8,14,20,0,42,0,4,26,0,30,8,18,46,0,72,0,0,0,72
01/31/2022,SAF,NM,ASW,CE,Federal Contract Tower,12,6,16,6,40,0,0,31,1,32,12,6,47,7,72,122,0,122,194
02/01/2022,SAF,NM,ASW,CE,Federal Contract Tower,9,9,17,3,38,0,4,21,0,25,9,13,38,3,63,76,10,86,149
02/02/2022,SAF,NM,ASW,CE,Federal Contract Tower,6,12,2,0,20,0,0,0,0,0,6,12,2,0,20,0,0,0,20
02/03/2022,SAF,NM,ASW,CE,Federal Contract Tower,9,11,11,2,33,0,2,2,0,4,9,13,13,2,37,24,0,24,61
02/04/2022,SAF,NM,ASW,CE,Federal Contract Tower,13,11,21,0,45,0,1,24,3,28,13,12,45,3,73,26,0,26,99
02/05/2022,SAF,NM,ASW,CE,Federal Contract Tower,10,16,19,2,47,0,0,27,1,28,10,16,46,3,75,86,0,86,161
02/06/2022,SAF,NM,ASW,CE,Federal Contract Tower,12,7,12,0,31,0,2,10,0,12,12,9,22,0,43,30,0,30,73
02/07/2022,SAF,NM,ASW,CE,Federal Contract Tower,11,5,18,0,34,0,5,24,3,32,11,10,42,3,66,38,0,38,104
02/08/2022,SAF,NM,ASW,CE,Federal Contract Tower,11,13,12,2,38,0,8,31,3,42,11,21,43,5,80,22,0,22,102
02/09/2022,SAF,NM,ASW,CE,Federal Contract Tower,11,7,24,2,44,0,1,53,1,55,11,8,77,3,99,92,0,92,191
02/10/2022,SAF,NM,ASW,CE,Federal Contract Tower,13,11,25,2,51,0,9,43,0,52,13,20,68,2,103,110,0,110,213
02/11/2022,SAF,NM,ASW,CE,Federal Contract Tower,15,9,22,0,46,0,3,41,0,44,15,12,63,0,90,99,0,99,189
02/12/2022,SAF,NM,ASW,CE,Federal Contract Tower,8,15,10,0,33,0,0,47,2,49,8,15,57,2,82,36,0,36,118
02/13/2022,SAF,NM,ASW,CE,Federal Contract Tower,12,5,19,0,36,0,1,23,1,25,12,6,42,1,61,34,2,36,97
02/14/2022,SAF,NM,ASW,CE,Federal Contract Tower,13,28,16,3,60,0,1,32,1,34,13,29,48,4,94,40,0,40,134
02/15/2022,SAF,NM,ASW,CE,Federal Contract Tower,11,19,9,6,45,0,1,41,4,46,11,20,50,10,91,140,0,140,231
02/16/2022,SAF,NM,ASW,CE,Federal Contract Tower,10,7,14,1,32,0,1,20,2,23,10,8,34,3,55,52,0,52,107
02/17/2022,SAF,NM,ASW,CE,Federal Contract Tower,10,15,20,0,45,0,0,6,0,6,10,15,26,0,51,0,0,0,51
02/18/2022,SAF,NM,ASW,CE,Federal Contract Tower,11,7,36,9,63,0,0,24,3,27,11,7,60,12,90,34,0,34,124
02/19/2022,SAF,NM,ASW,CE,Federal Contract Tower,14,14,21,1,50,0,2,99,0,101,14,16,120,1,151,88,0,88,239
02/20/2022,SAF,NM,ASW,CE,Federal Contract Tower,12,20,21,9,62,0,2,42,5,49,12,22,63,14,111,36,2,38,149
02/21/2022,SAF,NM,ASW,CE,Federal Contract Tower,13,14,27,0,54,0,1,40,2,43,13,15,67,2,97,52,0,52,149
02/22/2022,SAF,NM,ASW,CE,Federal Contract Tower,14,13,26,2,55,0,0,29,1,30,14,13,55,3,85,48,0,48,133
02/23/2022,SAF,NM,ASW,CE,Federal Contract Tower,4,12,14,0,30,0,1,7,0,8,4,13,21,0,38,2,0,2,40
02/24/2022,SAF,NM,ASW,CE,Federal Contract Tower,8,14,21,0,43,0,1,4,1,6,8,15,25,1,49,0,0,0,49
02/25/2022,SAF,NM,ASW,CE,Federal Contract Tower,11,13,24,3,51,0,2,56,5,63,11,15,80,8,114,108,0,108,222
02/26/2022,SAF,NM,ASW,CE,Federal Contract Tower,11,12,5,2,30,1,3,36,0,40,12,15,41,2,70,55,0,55,125
02/27/2022,SAF,NM,ASW,CE,Federal Contract Tower,11,12,26,0,49,0,1,14,9,24,11,13,40,9,73,26,2,28,101
02/28/2022,SAF,NM,ASW,CE,Federal Contract Tower,12,12,19,1,44,0,2,27,0,29,12,14,46,1,73,90,0,90,163
03/01/2022,SAF,NM,ASW,CE,Federal Contract Tower,14,13,31,0,58,0,2,42,8,52,14,15,73,8,110,24,0,24,134
03/02/2022,SAF,NM,ASW,CE,Federal Contract Tower,14,10,18,2,44,0,2,56,3,61,14,12,74,5,105,104,0,104,209
03/03/2022,SAF,NM,ASW,CE,Federal Contract Tower,12,13,19,0,44,0,0,49,1,50,12,13,68,1,94,112,0,112,206
03/04/2022,SAF,NM,ASW,CE,Federal Contract Tower,11,5,28,8,52,0,0,22,0,22,11,5,50,8,74,60,0,60,134
03/05/2022,SAF,NM,ASW,CE,Federal Contract Tower,9,6,24,6,45,0,0,29,1,30,9,6,53,7,75,34,12,46,121
03/06/2022,SAF,NM,ASW,CE,Federal Contract Tower,12,12,12,1,37,0,0,1,3,4,12,12,13,4,41,0,0,0,41
03/07/2022,SAF,NM,ASW,CE,Federal Contract Tower,13,12,20,0,45,0,1,17,0,18,13,13,37,0,63,66,0,66,129
03/08/2022,SAF,NM,ASW,CE,Federal Contract Tower,11,7,22,1,41,0,2,19,1,22,11,9,41,2,63,31,0,31,94
03/09/2022,SAF,NM,ASW,CE,Federal Contract Tower,10,13,20,6,49,0,0,31,9,40,10,13,51,15,89,14,0,14,103
03/10/2022,SAF,NM,ASW,CE,Federal Contract Tower,8,6,19,0,33,0,0,6,7,13,8,6,25,7,46,28,28,56,102
03/11/2022,SAF,NM,ASW,CE,Federal Contract Tower,11,7,19,0,37,0,1,23,9,33,11,8,42,9,70,50,0,50,120
03/12/2022,SAF,NM,ASW,CE,Federal Contract Tower,9,19,13,0,41,0,0,43,2,45,9,19,56,2,86,38,0,38,124
03/13/2022,SAF,NM,ASW,CE,Federal Contract Tower,12,11,20,0,43,0,2,40,0,42,12,13,60,0,85,22,0,22,107
03/14/2022,SAF,NM,ASW,CE,Federal Contract Tower,12,11,31,3,57,0,0,22,2,24,12,11,53,5,81,70,0,70,151
03/15/2022,SAF,NM,ASW,CE,Federal Contract Tower,9,9,14,0,32,0,2,47,6,55,9,11,61,6,87,52,36,88,175
03/16/2022,SAF,NM,ASW,CE,Federal Contract Tower,9,21,62,0,92,0,0,23,11,34,9,21,85,11,126,65,48,113,239
03/17/2022,SAF,NM,ASW,CE,Federal Contract Tower,11,13,22,0,46,0,0,0,1,1,11,13,22,1,47,0,26,26,73
03/18/2022,SAF,NM,ASW,CE,Federal Contract Tower,8,14,26,0,48,0,13,49,0,62,8,27,75,0,110,80,0,80,190
03/19/2022,SAF,NM,ASW,CE,Federal Contract Tower,10,20,13,0,43,0,0,53,0,53,10,20,66,0,96,108,0,108,204
03/20/2022,SAF,NM,ASW,CE,Federal Contract Tower,10,8,31,0,49,0,4,36,0,40,10,12,67,0,89,30,0,30,119
03/21/2022,SAF,NM,ASW,CE,Federal Contract Tower,10,10,18,0,38,0,0,2,1,3,10,10,20,1,41,12,0,12,53
03/22/2022,SAF,NM,ASW,CE,Federal Contract Tower,11,18,19,2,50,0,2,10,3,15,11,20,29,5,65,33,21,54,119
03/23/2022,SAF,NM,ASW,CE,Federal Contract Tower,11,15,23,6,55,0,0,14,9,23,11,15,37,15,78,22,28,50,128
03/24/2022,SAF,NM,ASW,CE,Federal Contract Tower,8,8,23,4,43,0,2,63,7,72,8,10,86,11,115,168,0,168,283
03/25/2022,SAF,NM,ASW,CE,Federal Contract Tower,9,15,30,0,54,0,0,38,0,38,9,15,68,0,92,50,0,50,142
03/26/2022,SAF,NM,ASW,CE,Federal Contract Tower,8,13,12,0,33,0,2,55,0,57,8,15,67,0,90,116,0,116,206
03/27/2022,SAF,NM,ASW,CE,Federal Contract Tower,10,13,31,2,56,0,1,54,2,57,10,14,85,4,113,33,0,33,146
03/28/2022,SAF,NM,ASW,CE,Federal Contract Tower,12,13,18,2,45,0,1,45,2,48,12,14,63,4,93,62,0,62,155
03/29/2022,SAF,NM,ASW,CE,Federal Contract Tower,14,12,10,0,36,0,3,0,1,4,14,15,10,1,40,16,0,16,56
03/30/2022,SAF,NM,ASW,CE,Federal Contract Tower,12,15,17,0,44,0,1,5,7,13,12,16,22,7,57,0,4,4,61
03/31/2022,SAF,NM,ASW,CE,Federal Contract Tower,12,15,23,2,52,0,4,20,23,47,12,19,43,25,99,10,10,20,119
04/01/2022,SAF,NM,ASW,CE,Federal Contract Tower,12,17,21,2,52,0,0,19,2,21,12,17,40,4,73,6,0,6,79
04/02/2022,SAF,NM,ASW,CE,Federal Contract Tower,11,13,18,0,42,0,1,43,1,45,11,14,61,1,87,92,0,92,179
04/03/2022,SAF,NM,ASW,CE,Federal Contract Tower,12,15,19,0,46,0,3,26,1,30,12,18,45,1,76,8,0,8,84
04/04/2022,SAF,NM,ASW,CE,Federal Contract Tower,12,10,12,0,34,0,2,20,0,22,12,12,32,0,56,34,0,34,90
04/05/2022,SAF,NM,ASW,CE,Federal Contract Tower,17,17,14,2,50,0,1,7,0,8,17,18,21,2,58,18,0,18,76
04/06/2022,SAF,NM,ASW,CE,Federal Contract Tower,14,14,20,0,48,0,0,19,5,24,14,14,39,5,72,22,10,32,104
04/07/2022,SAF,NM,ASW,CE,Federal Contract Tower,14,16,19,1,50,0,4,46,7,57,14,20,65,8,107,62,14,76,183
04/08/2022,SAF,NM,ASW,CE,Federal Contract Tower,14,10,16,3,43,0,1,53,1,55,14,11,69,4,98,104,6,110,208
04/09/2022,SAF,NM,ASW,CE,Federal Contract Tower,15,9,5,0,29,0,3,40,0,43,15,12,45,0,72,26,0,26,98
04/10/2022,SAF,NM,ASW,CE,Federal Contract Tower,15,13,36,1,65,0,2,24,0,26,15,15,60,1,91,16,0,16,107
04/11/2022,SAF,NM,ASW,CE,Federal Contract Tower,17,20,18,3,58,0,0,25,1,26,17,20,43,4,84,34,0,34,118
04/12/2022,SAF,NM,ASW,CE,Federal Contract Tower,14,7,15,1,37,0,0,4,0,4,14,7,19,1,41,0,0,0,41
04/13/2022,SAF,NM,ASW,CE,Federal Contract Tower,14,20,12,0,46,0,1,11,4,16,14,21,23,4,62,40,6,46,108
04/14/2022,SAF,NM,ASW,CE,Federal Contract Tower,15,12,22,0,49,0,0,52,7,59,15,12,74,7,108,54,20,74,182
04/15/2022,SAF,NM,ASW,CE,Federal Contract Tower,10,19,23,0,52,0,1,41,2,44,10,20,64,2,96,32,0,32,128
04/16/2022,SAF,NM,ASW,CE,Federal Contract Tower,17,19,20,0,56,0,1,53,0,54,17,20,73,0,110,74,0,74,184
04/17/2022,SAF,NM,ASW,CE,Federal Contract Tower,15,15,19,2,51,0,7,32,1,40,15,22,51,3,91,36,0,36,127
04/18/2022,SAF,NM,ASW,CE,Federal Contract Tower,16,11,14,2,43,0,5,39,5,49,16,16,53,7,92,65,0,65,157
04/19/2022,SAF,NM,ASW,CE,Federal Contract Tower,14,19,19,2,54,0,3,23,2,28,14,22,42,4,82,42,0,42,124
04/20/2022,SAF,NM,ASW,CE,Federal Contract Tower,15,21,20,0,56,0,0,12,3,15,15,21,32,3,71,0,0,0,71
04/21/2022,SAF,NM,ASW,CE,Federal Contract Tower,10,19,33,4,66,0,1,23,10,34,10,20,56,14,100,114,0,114,214
04/22/2022,SAF,NM,ASW,CE,Federal Contract Tower,15,9,18,0,42,0,0,8,0,8,15,9,26,0,50,2,0,2,52
04/23/2022,SAF,NM,ASW,CE,Federal Contract Tower,13,10,17,0,40,0,0,18,0,18,13,10,35,0,58,14,0,14,72
04/24/2022,SAF,NM,ASW,CE,Federal Contract Tower,15,24,36,0,75,0,0,47,2,49,15,24,83,2,124,16,0,16,140
04/25/2022,SAF,NM,ASW,CE,Federal Contract Tower,12,14,25,3,54,0,2,44,10,56,12,16,69,13,110,56,0,56,166
04/26/2022,SAF,NM,ASW,CE,Federal Contract Tower,14,7,18,1,40,0,0,73,10,83,14,7,91,11,123,144,0,144,267
04/27/2022,SAF,NM,ASW,CE,Federal Contract Tower,15,10,25,0,50,0,0,43,8,51,15,10,68,8,101,130,4,134,235
04/28/2022,SAF,NM,ASW,CE,Federal Contract Tower,13,18,27,0,58,0,3,71,10,84,13,21,98,10,142,106,0,106,248
04/29/2022,SAF,NM,ASW,CE,Federal Contract Tower,15,18,22,1,56,0,2,44,7,53,15,20,66,8,109,0,0,0,109
04/30/2022,SAF,NM,ASW,CE,Federal Contract Tower,14,23,16,6,59,0,9,82,11,102,14,32,98,17,161,52,0,52,213
05/01/2022,SAF,NM,ASW,CE,Federal Contract Tower,14,27,44,2,87,0,2,40,3,45,14,29,84,5,132,2,0,2,134
05/02/2022,SAF,NM,ASW,CE,Federal Contract Tower,14,19,28,0,61,0,6,29,9,44,14,25,57,9,105,0,0,0,105
05/03/2022,SAF,NM,ASW,CE,Federal Contract Tower,14,13,27,0,54,0,8,65,6,79,14,21,92,6,133,62,0,62,195
05/04/2022,SAF,NM,ASW,CE,Federal Contract Tower,14,19,29,0,62,0,2,57,25,84,14,21,86,25,146,32,0,32,178
05/05/2022,SAF,NM,ASW,CE,Federal Contract Tower,8,12,24,0,44,0,4,92,15,111,8,16,116,15,155,34,0,34,189
05/06/2022,SAF,NM,ASW,CE,Federal Contract Tower,11,20,37,0,68,0,11,78,11,100,11,31,115,11,168,42,0,42,210
05/07/2022,SAF,NM,ASW,CE,Federal Contract Tower,11,18,27,0,56,0,9,79,8,96,11,27,106,8,152,54,0,54,206
05/08/2022,SAF,NM,ASW,CE,Federal Contract Tower,10,22,25,3,60,0,15,24,5,44,10,37,49,8,104,8,18,26,130
05/09/2022,SAF,NM,ASW,CE,Federal Contract Tower,11,15,14,0,40,0,6,41,0,47,11,21,55,0,87,8,0,8,95
05/10/2022,SAF,NM,ASW,CE,Federal Contract Tower,12,10,30,1,53,0,7,122,7,136,12,17,152,8,189,150,6,156,345
05/11/2022,SAF,NM,ASW,CE,Federal Contract Tower,13,14,29,2,58,0,1,76,6,83,13,15,105,8,141,74,6,80,221
05/12/2022,SAF,NM,ASW,CE,Federal Contract Tower,13,20,30,3,66,0,4,51,5,60,13,24,81,8,126,18,0,18,144
05/13/2022,SAF,NM,ASW,CE,Federal Contract Tower,11,12,17,0,40,0,20,83,2,105,11,32,100,2,145,80,0,80,225
05/14/2022,SAF,NM,ASW,CE,Federal Contract Tower,10,12,24,0,46,0,4,89,2,95,10,16,113,2,141,40,0,40,181
05/15/2022,SAF,NM,ASW,CE,Federal Contract Tower,13,13,26,7,59,0,2,76,8,86,13,15,102,15,145,28,4,32,177
05/16/2022,SAF,NM,ASW,CE,Federal Contract Tower,11,17,22,3,53,0,5,45,5,55,11,22,67,8,108,46,6,52,160
05/17/2022,SAF,NM,ASW,CE,Federal Contract Tower,10,11,20,1,42,0,5,71,6,82,10,16,91,7,124,32,0,32,156
05/18/2022,SAF,NM,ASW,CE,Federal Contract Tower,12,8,15,0,35,0,0,78,5,83,12,8,93,5,118,110,0,110,228
05/19/2022,SAF,NM,ASW,CE,Federal Contract Tower,12,14,16,0,42,0,2,65,3,70,12,16,81,3,112,92,0,92,204
05/20/2022,SAF,NM,ASW,CE,Federal Contract Tower,11,8,20,2,41,0,0,33,1,34,11,8,53,3,75,14,0,14,89
05/21/2022,SAF,NM,ASW,CE,Federal Contract Tower,13,10,14,2,39,0,0,21,5,26,13,10,35,7,65,12,4,16,81
05/22/2022,SAF,NM,ASW,CE,Federal Contract Tower,13,19,25,0,57,0,0,13,2,15,13,19,38,2,72,2,0,2,74
05/23/2022,SAF,NM,ASW,CE,Federal Contract Tower,13,13,16,0,42,0,0,33,2,35,13,13,49,2,77,58,0,58,135
05/24/2022,SAF,NM,ASW,CE,Federal Contract Tower,10,13,19,1,43,0,0,28,0,28,10,13,47,1,71,48,0,48,119
05/25/2022,SAF,NM,ASW,CE,Federal Contract Tower,13,19,10,7,49,0,1,59,1,61,13,20,69,8,110,86,0,86,196
05/26/2022,SAF,NM,ASW,CE,Federal Contract Tower,8,27,26,1,62,0,1,74,0,75,8,28,100,1,137,0,0,0,137
05/27/2022,SAF,NM,ASW,CE,Federal Contract Tower,11,14,19,2,46,0,0,82,1,83,11,14,101,3,129,60,0,60,189
05/28/2022,SAF,NM,ASW,CE,Federal Contract Tower,10,8,14,0,32,0,5,31,0,36,10,13,45,0,68,24,0,24,92
05/29/2022,SAF,NM,ASW,CE,Federal Contract Tower,10,14,17,0,41,0,4,27,0,31,10,18,44,0,72,14,0,14,86
05/30/2022,SAF,NM,ASW,CE,Federal Contract Tower,11,18,26,1,56,0,3,42,1,46,11,21,68,2,102,30,0,30,132
05/31/2022,SAF,NM,ASW,CE,Federal Contract Tower,12,16,49,1,78,0,0,86,2,88,12,16,135,3,166,102,12,114,280
06/01/2022,SAF,NM,ASW,CE,Federal Contract Tower,13,16,29,0,58,0,1,61,7,69,13,17,90,7,127,72,6,78,205
06/02/2022,SAF,NM,ASW,CE,Federal Contract Tower,10,14,24,1,49,0,1,59,8,68,10,15,83,9,117,70,0,70,187
06/03/2022,SAF,NM,ASW,CE,Federal Contract Tower,11,12,16,0,39,0,4,41,2,47,11,16,57,2,86,20,0,20,106
06/04/2022,SAF,NM,ASW,CE,Federal Contract Tower,11,16,18,1,46,0,1,59,5,65,11,17,77,6,111,42,0,42,153
06/05/2022,SAF,NM,ASW,CE,Federal Contract Tower,14,21,36,0,71,0,3,33,2,38,14,24,69,2,109,2,0,2,111
06/06/2022,SAF,NM,ASW,CE,Federal Contract Tower,12,18,32,0,62,0,2,53,1,56,12,20,85,1,118,36,0,36,154
06/07/2022,SAF,NM,ASW,CE,Federal Contract Tower,13,8,10,0,31,0,1,58,2,61,13,9,68,2,92,146,0,146,238
06/08/2022,SAF,NM,ASW,CE,Federal Contract Tower,16,9,24,1,50,0,1,27,1,29,16,10,51,2,79,32,0,32,111
06/09/2022,SAF,NM,ASW,CE,Federal Contract Tower,12,22,27,0,61,0,0,65,4,69,12,22,92,4,130,114,0,114,244
06/10/2022,SAF,NM,ASW,CE,Federal Contract Tower,12,26,19,4,61,0,0,59,7,66,12,26,78,11,127,44,20,64,191
06/11/2022,SAF,NM,ASW,CE,Federal Contract Tower,12,15,18,0,45,0,0,32,2,34,12,15,50,2,79,8,0,8,87
06/12/2022,SAF,NM,ASW,CE,Federal Contract Tower,15,12,18,0,45,0,3,51,4,58,15,15,69,4,103,16,0,16,119
06/13/2022,SAF,NM,ASW,CE,Federal Contract Tower,13,22,23,3,61,0,3,23,0,26,13,25,46,3,87,27,0,27,114
06/14/2022,SAF,NM,ASW,CE,Federal Contract Tower,15,21,11,1,48,0,2,34,3,39,15,23,45,4,87,42,0,42,129
06/15/2022,SAF,NM,ASW,CE,Federal Contract Tower,14,15,20,0,49,0,1,31,1,33,14,16,51,1,82,94,0,94,176
06/16/2022,SAF,NM,ASW,CE,Federal Contract Tower,14,16,17,0,47,0,1,46,5,52,14,17,63,5,99,102,0,102,201
06/17/2022,SAF,NM,ASW,CE,Federal Contract Tower,11,9,23,4,47,0,0,33,4,37,11,9,56,8,84,32,0,32,116
06/18/2022,SAF,NM,ASW,CE,Federal Contract Tower,10,14,18,0,42,0,0,47,4,51,10,14,65,4,93,10,0,10,103
06/19/2022,SAF,NM,ASW,CE,Federal Contract Tower,16,9,21,0,46,0,1,22,0,23,16,10,43,0,69,28,0,28,97
06/20/2022,SAF,NM,ASW,CE,Federal Contract Tower,16,23,19,5,63,0,3,33,0,36,16,26,52,5,99,190,0,190,289
06/21/2022,SAF,NM,ASW,CE,Federal Contract Tower,12,14,20,0,46,0,0,9,4,13,12,14,29,4,59,60,20,80,139
06/22/2022,SAF,NM,ASW,CE,Federal Contract Tower,12,29,33,0,74,0,0,15,0,15,12,29,48,0,89,4,0,4,93
06/23/2022,SAF,NM,ASW,CE,Federal Contract Tower,14,14,26,0,54,0,1,57,2,60,14,15,83,2,114,56,0,56,170
06/24/2022,SAF,NM,ASW,CE,Federal Contract Tower,11,14,21,2,48,0,1,70,0,71,11,15,91,2,119,84,0,84,203
06/25/2022,SAF,NM,ASW,CE,Federal Contract Tower,10,8,14,0,32,0,1,24,0,25,10,9,38,0,57,40,0,40,97
06/26/2022,SAF,NM,ASW,CE,Federal Contract Tower,16,24,19,0,59,2,0,0,0,2,18,24,19,0,61,0,0,0,61
06/27/2022,SAF,NM,ASW,CE,Federal Contract Tower,14,25,22,0,61,0,5,0,0,5,14,30,22,0,66,0,0,0,66
06/28/2022,SAF,NM,ASW,CE,Federal Contract Tower,0,10,15,26,51,0,0,56,7,63,0,10,71,33,114,122,0,122,236
06/29/2022,SAF,NM,ASW,CE,Federal Contract Tower,12,12,19,2,45,0,0,59,7,66,12,12,78,9,111,64,0,64,175
06/30/2022,SAF,NM,ASW,CE,Federal Contract Tower,10,16,27,2,55,0,1,46,5,52,10,17,73,7,107,68,2,70,177
07/01/2022,SAF,NM,ASW,CE,Federal Contract Tower,10,22,19,0,51,0,0,54,0,54,10,22,73,0,105,74,0,74,179
07/02/2022,SAF,NM,ASW,CE,Federal Contract Tower,11,13,14,1,39,0,0,39,0,39,11,13,53,1,78,54,0,54,132
07/03/2022,SAF,NM,ASW,CE,Federal Contract Tower,8,14,11,0,33,0,0,31,2,33,8,14,42,2,66,36,0,36,102
07/04/2022,SAF,NM,ASW,CE,Federal Contract Tower,10,9,8,0,27,0,1,30,0,31,10,10,38,0,58,68,0,68,126
07/05/2022,SAF,NM,ASW,CE,Federal Contract Tower,10,11,14,6,41,0,0,33,2,35,10,11,47,8,76,67,0,67,143
07/06/2022,SAF,NM,ASW,CE,Federal Contract Tower,12,21,26,1,60,0,1,40,3,44,12,22,66,4,104,118,0,118,222
07/07/2022,SAF,NM,ASW,CE,Federal Contract Tower,10,12,14,0,36,0,2,38,3,43,10,14,52,3,79,82,0,82,161
07/08/2022,SAF,NM,ASW,CE,Federal Contract Tower,14,22,36,0,72,0,1,62,4,67,14,23,98,4,139,48,8,56,195
07/09/2022,SAF,NM,ASW,CE,Federal Contract Tower,11,19,19,0,49,0,0,37,5,42,11,19,56,5,91,20,0,20,111
07/10/2022,SAF,NM,ASW,CE,Federal Contract Tower,15,20,32,0,67,0,3,41,6,50,15,23,73,6,117,6,2,8,125
07/11/2022,SAF,NM,ASW,CE,Federal Contract Tower,17,21,19,0,57,0,0,31,0,31,17,21,50,0,88,74,0,74,162
07/12/2022,SAF,NM,ASW,CE,Federal Contract Tower,10,8,25,0,43,0,1,54,8,63,10,9,79,8,106,60,0,60,166
07/13/2022,SAF,NM,ASW,CE,Federal Contract Tower,14,16,18,0,48,0,2,52,7,61,14,18,70,7,109,86,6,92,201
07/14/2022,SAF,NM,ASW,CE,Federal Contract Tower,12,18,30,0,60,0,2,55,6,63,12,20,85,6,123,94,0,94,217
07/15/2022,SAF,NM,ASW,CE,Federal Contract Tower,14,15,18,0,47,0,0,58,7,65,14,15,76,7,112,120,0,120,232
07/16/2022,SAF,NM,ASW,CE,Federal Contract Tower,10,23,13,0,46,0,1,61,2,64,10,24,74,2,110,8,0,8,118
07/17/2022,SAF,NM,ASW,CE,Federal Contract Tower,16,26,36,0,78,0,2,40,1,43,16,28,76,1,121,0,0,0,121
07/18/2022,SAF,NM,ASW,CE,Federal Contract Tower,16,12,33,0,61,0,2,38,0,40,16,14,71,0,101,38,0,38,139
07/19/2022,SAF,NM,ASW,CE,Federal Contract Tower,12,14,16,2,44,0,7,36,1,44,12,21,52,3,88,72,2,74,162
07/20/2022,SAF,NM,ASW,CE,Federal Contract Tower,12,10,30,0,52,0,0,63,6,69,12,10,93,6,121,54,10,64,185
07/21/2022,SAF,NM,ASW,CE,Federal Contract Tower,12,25,27,2,66,0,1,57,3,61,12,26,84,5,127,87,2,89,216
07/22/2022,SAF,NM,ASW,CE,Federal Contract Tower,10,24,33,2,69,0,3,51,4,58,10,27,84,6,127,22,0,22,149
07/23/2022,SAF,NM,ASW,CE,Federal Contract Tower,14,25,14,0,53,0,4,46,2,52,14,29,60,2,105,18,0,18,123
07/24/2022,SAF,NM,ASW,CE,Federal Contract Tower,17,20,26,0,63,0,0,32,0,32,17,20,58,0,95,36,0,36,131
07/25/2022,SAF,NM,ASW,CE,Federal Contract Tower,15,16,17,1,49,0,1,38,0,39,15,17,55,1,88,38,0,38,126
07/26/2022,SAF,NM,ASW,CE,Federal Contract Tower,12,12,17,8,49,0,0,42,11,53,12,12,59,19,102,96,0,96,198
07/27/2022,SAF,NM,ASW,CE,Federal Contract Tower,14,18,37,4,73,0,0,29,4,33,14,18,66,8,106,60,2,62,168
07/28/2022,SAF,NM,ASW,CE,Federal Contract Tower,15,16,22,0,53,0,2,29,5,36,15,18,51,5,89,78,42,120,209
07/29/2022,SAF,NM,ASW,CE,Federal Contract Tower,12,23,15,0,50,0,1,24,7,32,12,24,39,7,82,22,0,22,104
07/30/2022,SAF,NM,ASW,CE,Federal Contract Tower,10,26,26,0,62,0,0,37,7,44,10,26,63,7,106,32,0,32,138
07/31/2022,SAF,NM,ASW,CE,Federal Contract Tower,17,21,17,4,59,0,0,26,2,28,17,21,43,6,87,42,0,42,129
08/01/2022,SAF,NM,ASW,CE,Federal Contract Tower,15,17,23,0,55,0,0,32,0,32,15,17,55,0,87,68,0,68,155
08/02/2022,SAF,NM,ASW,CE,Federal Contract Tower,11,22,21,3,57,0,3,38,6,47,11,25,59,9,104,86,0,86,190
08/03/2022,SAF,NM,ASW,CE,Federal Contract Tower,14,22,26,1,63,0,3,43,7,53,14,25,69,8,116,100,0,100,216
08/04/2022,SAF,NM,ASW,CE,Federal Contract Tower,13,26,21,1,61,0,1,46,10,57,13,27,67,11,118,78,0,78,196
08/05/2022,SAF,NM,ASW,CE,Federal Contract Tower,11,28,28,2,69,0,0,47,4,51,11,28,75,6,120,108,4,112,232
08/06/2022,SAF,NM,ASW,CE,Federal Contract Tower,10,20,16,0,46,0,0,54,4,58,10,20,70,4,104,90,0,90,194
08/07/2022,SAF,NM,ASW,CE,Federal Contract Tower,16,28,39,8,91,0,0,41,15,56,16,28,80,23,147,22,24,46,193
08/08/2022,SAF,NM,ASW,CE,Federal Contract Tower,15,25,32,1,73,0,4,39,1,44,15,29,71,2,117,58,0,58,175
08/09/2022,SAF,NM,ASW,CE,Federal Contract Tower,12,15,21,0,48,0,0,34,3,37,12,15,55,3,85,80,0,80,165
08/10/2022,SAF,NM,ASW,CE,Federal Contract Tower,12,26,21,0,59,0,1,33,1,35,12,27,54,1,94,28,0,28,122
08/11/2022,SAF,NM,ASW,CE,Federal Contract Tower,13,25,26,0,64,0,0,40,0,40,13,25,66,0,104,86,0,86,190
08/12/2022,SAF,NM,ASW,CE,Federal Contract Tower,10,21,27,0,58,0,3,62,3,68,10,24,89,3,126,90,8,98,224
08/13/2022,SAF,NM,ASW,CE,Federal Contract Tower,11,18,20,0,49,0,4,50,0,54,11,22,70,0,103,70,0,70,173
08/14/2022,SAF,NM,ASW,CE,Federal Contract Tower,14,22,38,5,79,0,1,52,3,56,14,23,90,8,135,52,14,66,201
08/15/2022,SAF,NM,ASW,CE,Federal Contract Tower,16,13,20,0,49,0,0,35,0,35,16,13,55,0,84,58,0,58,142
08/16/2022,SAF,NM,ASW,CE,Federal Contract Tower,11,8,22,0,41,0,0,53,5,58,11,8,75,5,99,114,4,118,217
08/17/2022,SAF,NM,ASW,CE,Federal Contract Tower,13,21,33,0,67,0,0,31,6,37,13,21,64,6,104,84,0,84,188
08/18/2022,SAF,NM,ASW,CE,Federal Contract Tower,11,29,32,0,72,0,1,21,3,25,11,30,53,3,97,78,24,102,199
08/19/2022,SAF,NM,ASW,CE,Federal Contract Tower,11,20,31,2,64,0,1,56,10,67,11,21,87,12,131,69,12,81,212
08/20/2022,SAF,NM,ASW,CE,Federal Contract Tower,11,18,11,0,40,0,0,0,0,0,11,18,11,0,40,0,0,0,40
08/21/2022,SAF,NM,ASW,CE,Federal Contract Tower,14,29,50,1,94,0,4,52,1,57,14,33,102,2,151,62,0,62,213
08/22/2022,SAF,NM,ASW,CE,Federal Contract Tower,15,28,31,0,74,0,2,46,4,52,15,30,77,4,126,86,0,86,212
08/23/2022,SAF,NM,ASW,CE,Federal Contract Tower,14,19,21,4,58,0,5,51,6,62,14,24,72,10,120,106,0,106,226
08/24/2022,SAF,NM,ASW,CE,Federal Contract Tower,15,12,27,0,54,0,0,44,7,51,15,12,71,7,105,38,8,46,151
08/25/2022,SAF,NM,ASW,CE,Federal Contract Tower,15,26,32,1,74,0,5,53,4,62,15,31,85,5,136,42,0,42,178
08/26/2022,SAF,NM,ASW,CE,Federal Contract Tower,12,20,40,7,79,0,1,34,7,42,12,21,74,14,121,14,0,14,135
08/27/2022,SAF,NM,ASW,CE,Federal Contract Tower,11,22,14,0,47,0,6,42,9,57,11,28,56,9,104,48,0,48,152
08/28/2022,SAF,NM,ASW,CE,Federal Contract Tower,13,15,33,0,61,0,1,50,0,51,13,16,83,0,112,14,0,14,126
08/29/2022,SAF,NM,ASW,CE,Federal Contract Tower,15,8,8,0,31,0,1,23,0,24,15,9,31,0,55,18,0,18,73
08/30/2022,SAF,NM,ASW,CE,Federal Contract Tower,14,16,19,0,49,0,3,42,4,49,14,19,61,4,98,112,12,124,222
08/31/2022,SAF,NM,ASW,CE,Federal Contract Tower,14,20,18,0,52,0,2,44,10,56,14,22,62,10,108,66,0,66,174
09/01/2022,SAF,NM,ASW,CE,Federal Contract Tower,13,15,28,12,68,0,1,42,2,45,13,16,70,14,113,56,0,56,169
09/02/2022,SAF,NM,ASW,CE,Federal Contract Tower,7,22,37,6,72,0,2,64,0,66,7,24,101,6,138,68,0,68,206
09/03/2022,SAF,NM,ASW,CE,Federal Contract Tower,11,13,14,0,38,0,1,34,0,35,11,14,48,0,73,36,0,36,109
09/04/2022,SAF,NM,ASW,CE,Federal Contract Tower,15,7,13,0,35,0,2,20,0,22,15,9,33,0,57,44,0,44,101
09/05/2022,SAF,NM,ASW,CE,Federal Contract Tower,14,22,35,0,71,0,5,44,0,49,14,27,79,0,120,80,0,80,200
09/06/2022,SAF,NM,ASW,CE,Federal Contract Tower,10,20,22,1,53,0,3,41,5,49,10,23,63,6,102,90,14,104,206
09/07/2022,SAF,NM,ASW,CE,Federal Contract Tower,11,17,24,0,52,0,0,41,12,53,11,17,65,12,105,108,12,120,225
09/08/2022,SAF,NM,ASW,CE,Federal Contract Tower,12,18,25,0,55,0,0,43,15,58,12,18,68,15,113,42,10,52,165
09/09/2022,SAF,NM,ASW,CE,Federal Contract Tower,12,21,26,0,59,0,3,41,5,49,12,24,67,5,108,58,0,58,166
09/10/2022,SAF,NM,ASW,CE,Federal Contract Tower,8,17,17,0,42,0,2,31,7,40,8,19,48,7,82,88,0,88,170
09/11/2022,SAF,NM,ASW,CE,Federal Contract Tower,15,24,28,0,67,0,3,28,7,38,15,27,56,7,105,14,0,14,119
09/12/2022,SAF,NM,ASW,CE,Federal Contract Tower,12,21,31,2,66,0,7,45,1,53,12,28,76,3,119,40,4,44,163
09/13/2022,SAF,NM,ASW,CE,Federal Contract Tower,8,25,27,2,62,0,8,36,2,46,8,33,63,4,108,92,0,92,200
09/14/2022,SAF,NM,ASW,CE,Federal Contract Tower,11,16,39,1,67,0,0,27,17,44,11,16,66,18,111,44,8,52,163
09/15/2022,SAF,NM,ASW,CE,Federal Contract Tower,14,16,36,0,66,0,0,29,10,39,14,16,65,10,105,62,10,72,177
09/16/2022,SAF,NM,ASW,CE,Federal Contract Tower,11,21,19,0,51,0,1,62,11,74,11,22,81,11,125,48,0,48,173
09/17/2022,SAF,NM,ASW,CE,Federal Contract Tower,9,21,23,0,53,0,0,46,0,46,9,21,69,0,99,52,0,52,151
09/18/2022,SAF,NM,ASW,CE,Federal Contract Tower,13,25,35,0,73,0,3,32,1,36,13,28,67,1,109,50,0,50,159
09/19/2022,SAF,NM,ASW,CE,Federal Contract Tower,10,16,25,0,51,0,4,45,0,49,10,20,70,0,100,52,0,52,152
09/20/2022,SAF,NM,ASW,CE,Federal Contract Tower,9,6,21,0,36,0,1,60,13,74,9,7,81,13,110,120,4,124,234
09/21/2022,SAF,NM,ASW,CE,Federal Contract Tower,7,11,32,0,50,0,3,40,8,51,7,14,72,8,101,18,0,18,119
09/22/2022,SAF,NM,ASW,CE,Federal Contract Tower,10,24,23,1,58,0,1,30,9,40,10,25,53,10,98,82,30,112,210
09/23/2022,SAF,NM,ASW,CE,Federal Contract Tower,9,18,32,0,59,0,1,34,4,39,9,19,66,4,98,26,14,40,138
09/24/2022,SAF,NM,ASW,CE,Federal Contract Tower,11,10,11,0,32,0,3,53,1,57,11,13,64,1,89,26,0,26,115
09/25/2022,SAF,NM,ASW,CE,Federal Contract Tower,13,22,33,0,68,0,8,37,1,46,13,30,70,1,114,4,0,4,118
09/26/2022,SAF,NM,ASW,CE,Federal Contract Tower,11,21,22,1,55,0,6,38,0,44,11,27,60,1,99,94,0,94,193
09/27/2022,SAF,NM,ASW,CE,Federal Contract Tower,9,4,15,1,29,0,0,50,4,54,9,4,65,5,83,82,12,94,177
09/28/2022,SAF,NM,ASW,CE,Federal Contract Tower,9,19,29,1,58,0,3,74,5,82,9,22,103,6,140,100,0,100,240
09/29/2022,SAF,NM,ASW,CE,Federal Contract Tower,11,25,31,0,67,0,4,54,3,61,11,29,85,3,128,46,0,46,174
09/30/2022,SAF,NM,ASW,CE,Federal Contract Tower,8,20,42,0,70,0,0,54,3,57,8,20,96,3,127,48,0,48,175
10/02/2022,SAF,NM,ASW,CE,Federal Contract Tower,11,25,31,0,67,0,4,35,8,47,11,29,66,8,114,2,0,2,116
10/03/2022,SAF,NM,ASW,CE,Federal Contract Tower,10,27,20,0,57,0,4,41,0,45,10,31,61,0,102,56,0,56,158
10/04/2022,SAF,NM,ASW,CE,Federal Contract Tower,10,18,33,0,61,0,0,19,0,19,10,18,52,0,80,2,0,2,82
10/05/2022,SAF,NM,ASW,CE,Federal Contract Tower,12,18,27,0,57,0,0,1,1,2,12,18,28,1,59,0,6,6,65
10/06/2022,SAF,NM,ASW,CE,Federal Contract Tower,12,25,34,0,71,0,0,33,2,35,12,25,67,2,106,42,0,42,148
10/07/2022,SAF,NM,ASW,CE,Federal Contract Tower,9,16,36,0,61,0,3,17,0,20,9,19,53,0,81,18,0,18,99
10/08/2022,SAF,NM,ASW,CE,Federal Contract Tower,10,18,13,0,41,0,0,1,1,2,10,18,14,1,43,0,0,0,43
10/09/2022,SAF,NM,ASW,CE,Federal Contract Tower,11,28,21,0,60,0,5,21,3,29,11,33,42,3,89,64,0,64,153
10/10/2022,SAF,NM,ASW,CE,Federal Contract Tower,11,26,27,0,64,0,5,58,1,64,11,31,85,1,128,146,0,146,274
10/11/2022,SAF,NM,ASW,CE,Federal Contract Tower,9,9,25,1,44,0,2,53,2,57,9,11,78,3,101,138,0,138,239
10/12/2022,SAF,NM,ASW,CE,Federal Contract Tower,12,20,22,1,55,0,4,59,4,67,12,24,81,5,122,148,0,148,270
10/13/2022,SAF,NM,ASW,CE,Federal Contract Tower,12,27,29,2,70,0,3,41,9,53,12,30,70,11,123,54,10,64,187
10/14/2022,SAF,NM,ASW,CE,Federal Contract Tower,9,14,24,4,51,0,8,51,1,60,9,22,75,5,111,54,0,54,165
10/15/2022,SAF,NM,ASW,CE,Federal Contract Tower,10,12,27,0,49,0,3,48,8,59,10,15,75,8,108,32,0,32,140
10/16/2022,SAF,NM,ASW,CE,Federal Contract Tower,10,20,27,1,58,0,0,1,0,1,10,20,28,1,59,0,0,0,59
10/17/2022,SAF,NM,ASW,CE,Federal Contract Tower,12,20,24,1,57,0,2,8,0,10,12,22,32,1,67,30,0,30,97
10/18/2022,SAF,NM,ASW,CE,Federal Contract Tower,10,11,29,0,50,0,6,51,10,67,10,17,80,10,117,64,0,64,181
10/19/2022,SAF,NM,ASW,CE,Federal Contract Tower,12,16,32,0,60,0,0,63,11,74,12,16,95,11,134,78,0,78,212
10/20/2022,SAF,NM,ASW,CE,Federal Contract Tower,8,21,25,0,54,0,0,52,6,58,8,21,77,6,112,18,13,31,143
10/21/2022,SAF,NM,ASW,CE,Federal Contract Tower,9,18,20,2,49,0,3,55,6,64,9,21,75,8,113,86,0,86,199
10/22/2022,SAF,NM,ASW,CE,Federal Contract Tower,10,26,19,1,56,0,5,21,1,27,10,31,40,2,83,8,0,8,91
10/23/2022,SAF,NM,ASW,CE,Federal Contract Tower,13,8,21,6,48,0,0,10,0,10,13,8,31,6,58,0,0,0,58
10/24/2022,SAF,NM,ASW,CE,Federal Contract Tower,11,12,21,2,46,0,1,11,3,15,11,13,32,5,61,14,0,14,75
10/25/2022,SAF,NM,ASW,CE,Federal Contract Tower,9,13,20,0,42,0,7,51,0,58,9,20,71,0,100,88,0,88,188
10/26/2022,SAF,NM,ASW,CE,Federal Contract Tower,14,0,18,3,35,0,0,51,10,61,14,0,69,13,96,104,16,120,216
10/27/2022,SAF,NM,ASW,CE,Federal Contract Tower,10,18,13,1,42,0,0,10,1,11,10,18,23,2,53,24,4,28,81
10/28/2022,SAF,NM,ASW,CE,Federal Contract Tower,2,6,4,0,12,0,2,1,3,6,2,8,5,3,18,0,0,0,18
10/29/2022,SAF,NM,ASW,CE,Federal Contract Tower,8,20,25,2,55,0,1,46,1,48,8,21,71,3,103,60,0,60,163
10/30/2022,SAF,NM,ASW,CE,Federal Contract Tower,8,14,24,1,47,0,3,52,0,55,8,17,76,1,102,42,0,42,144
10/31/2022,SAF,NM,ASW,CE,Federal Contract Tower,10,11,17,1,39,0,4,35,3,42,10,15,52,4,81,14,0,14,95
11/01/2022,SAF,NM,ASW,CE,Federal Contract Tower,10,17,29,0,56,0,3,46,1,50,10,20,75,1,106,100,0,100,206
11/02/2022,SAF,NM,ASW,CE,Federal Contract Tower,14,17,23,3,57,0,1,35,5,41,14,18,58,8,98,93,8,101,199
11/03/2022,SAF,NM,ASW,CE,Federal Contract Tower,11,25,31,4,71,0,0,14,1,15,11,25,45,5,86,38,2,40,126
11/04/2022,SAF,NM,ASW,CE,Federal Contract Tower,9,22,12,0,43,0,3,13,2,18,9,25,25,2,61,0,0,0,61
11/05/2022,SAF,NM,ASW,CE,Federal Contract Tower,10,20,16,2,48,0,4,40,1,45,10,24,56,3,93,54,0,54,147
11/06/2022,SAF,NM,ASW,CE,Federal Contract Tower,11,22,16,0,49,0,2,58,5,65,11,24,74,5,114,48,0,48,162
11/07/2022,SAF,NM,ASW,CE,Federal Contract Tower,14,15,9,0,38,0,3,21,2,26,14,18,30,2,64,36,0,36,100
11/08/2022,SAF,NM,ASW,CE,Federal Contract Tower,8,23,18,0,49,0,2,33,8,43,8,25,51,8,92,14,0,14,106
11/09/2022,SAF,NM,ASW,CE,Federal Contract Tower,14,18,21,0,53,0,3,22,0,25,14,21,43,0,78,42,0,42,120
11/10/2022,SAF,NM,ASW,CE,Federal Contract Tower,10,17,19,0,46,0,2,37,3,42,10,19,56,3,88,30,0,30,118
11/11/2022,SAF,NM,ASW,CE,Federal Contract Tower,9,16,21,1,47,0,5,66,2,73,9,21,87,3,120,50,0,50,170
11/12/2022,SAF,NM,ASW,CE,Federal Contract Tower,9,12,10,0,31,0,3,47,7,57,9,15,57,7,88,26,0,26,114
11/13/2022,SAF,NM,ASW,CE,Federal Contract Tower,13,16,22,2,53,0,7,49,4,60,13,23,71,6,113,24,3,27,140
11/14/2022,SAF,NM,ASW,CE,Federal Contract Tower,12,28,18,0,58,0,0,5,0,5,12,28,23,0,63,18,0,18,81
11/15/2022,SAF,NM,ASW,CE,Federal Contract Tower,10,8,22,3,43,0,6,35,10,51,10,14,57,13,94,54,0,54,148
11/16/2022,SAF,NM,ASW,CE,Federal Contract Tower,10,11,17,2,40,0,1,32,3,36,10,12,49,5,76,78,10,88,164
11/17/2022,SAF,NM,ASW,CE,Federal Contract Tower,10,24,30,8,72,0,0,44,14,58,10,24,74,22,130,72,10,82,212
11/18/2022,SAF,NM,ASW,CE,Federal Contract Tower,8,24,21,0,53,0,3,1,0,4,8,27,22,0,57,14,0,14,71
11/19/2022,SAF,NM,ASW,CE,Federal Contract Tower,9,18,14,0,41,0,5,49,2,56,9,23,63,2,97,42,0,42,139
11/20/2022,SAF,NM,ASW,CE,Federal Contract Tower,10,28,22,0,60,0,3,30,0,33,10,31,52,0,93,8,0,8,101
11/21/2022,SAF,NM,ASW,CE,Federal Contract Tower,10,18,23,4,55,0,0,36,0,36,10,18,59,4,91,70,0,70,161
11/22/2022,SAF,NM,ASW,CE,Federal Contract Tower,9,20,31,0,60,0,7,38,7,52,9,27,69,7,112,72,0,72,184
11/23/2022,SAF,NM,ASW,CE,Federal Contract Tower,8,13,11,0,32,0,1,44,0,45,8,14,55,0,77,62,0,62,139
11/24/2022,SAF,NM,ASW,CE,Federal Contract Tower,6,7,6,0,19,0,0,1,0,1,6,7,7,0,20,0,0,0,20
11/25/2022,SAF,NM,ASW,CE,Federal Contract Tower,6,13,19,0,38,0,0,34,0,34,6,13,53,0,72,6,56,62,134
11/26/2022,SAF,NM,ASW,CE,Federal Contract Tower,12,13,17,0,42,0,1,21,0,22,12,14,38,0,64,16,0,16,80
11/27/2022,SAF,NM,ASW,CE,Federal Contract Tower,10,18,33,1,62,0,1,19,0,20,10,19,52,1,82,20,0,20,102
11/28/2022,SAF,NM,ASW,CE,Federal Contract Tower,11,16,24,0,51,0,0,21,0,21,11,16,45,0,72,28,0,28,100
11/29/2022,SAF,NM,ASW,CE,Federal Contract Tower,8,12,16,0,36,0,2,11,0,13,8,14,27,0,49,20,0,20,69
11/30/2022,SAF,NM,ASW,CE,Federal Contract Tower,11,17,17,2,47,0,0,37,3,40,11,17,54,5,87,78,6,84,171
12/01/2022,SAF,NM,ASW,CE,Federal Contract Tower,10,16,18,3,47,0,1,61,11,73,10,17,79,14,120,54,0,54,174
12/02/2022,SAF,NM,ASW,CE,Federal Contract Tower,8,13,10,0,31,0,2,8,2,12,8,15,18,2,43,0,0,0,43
12/03/2022,SAF,NM,ASW,CE,Federal Contract Tower,9,16,9,0,34,0,0,22,8,30,9,16,31,8,64,54,0,54,118
12/04/2022,SAF,NM,ASW,CE,Federal Contract Tower,8,16,18,2,44,0,0,5,0,5,8,16,23,2,49,0,0,0,49
12/05/2022,SAF,NM,ASW,CE,Federal Contract Tower,12,22,15,1,50,0,0,3,23,26,12,22,18,24,76,61,0,61,137
12/06/2022,SAF,NM,ASW,CE,Federal Contract Tower,9,7,8,2,26,0,0,34,9,43,9,7,42,11,69,118,8,126,195
12/07/2022,SAF,NM,ASW,CE,Federal Contract Tower,12,16,17,5,50,0,1,45,5,51,12,17,62,10,101,108,2,110,211
12/08/2022,SAF,NM,ASW,CE,Federal Contract Tower,10,15,20,4,49,0,2,35,3,40,10,17,55,7,89,70,0,70,159
12/09/2022,SAF,NM,ASW,CE,Federal Contract Tower,10,12,25,1,48,0,1,67,0,68,10,13,92,1,116,138,0,138,254
12/10/2022,SAF,NM,ASW,CE,Federal Contract Tower,10,11,9,0,30,0,1,70,8,79,10,12,79,8,109,44,2,46,155
12/11/2022,SAF,NM,ASW,CE,Federal Contract Tower,11,13,23,0,47,0,0,41,1,42,11,13,64,1,89,24,6,30,119
12/12/2022,SAF,NM,ASW,CE,Federal Contract Tower,10,12,17,0,39,0,2,6,0,8,10,14,23,0,47,42,0,42,89
12/13/2022,SAF,NM,ASW,CE,Federal Contract Tower,8,8,15,0,31,0,4,10,10,24,8,12,25,10,55,34,0,34,89
12/14/2022,SAF,NM,ASW,CE,Federal Contract Tower,10,12,27,0,49,0,0,26,8,34,10,12,53,8,83,58,0,58,141
12/15/2022,SAF,NM,ASW,CE,Federal Contract Tower,6,21,27,0,54,0,0,42,12,54,6,21,69,12,108,18,12,30,138
12/16/2022,SAF,NM,ASW,CE,Federal Contract Tower,7,16,20,2,45,0,5,38,0,43,7,21,58,2,88,22,0,22,110
12/17/2022,SAF,NM,ASW,CE,Federal Contract Tower,6,13,8,0,27,0,8,34,0,42,6,21,42,0,69,54,0,54,123
12/18/2022,SAF,NM,ASW,CE,Federal Contract Tower,9,22,13,0,44,0,1,29,0,30,9,23,42,0,74,16,0,16,90
12/19/2022,SAF,NM,ASW,CE,Federal Contract Tower,8,13,14,0,35,0,2,36,2,40,8,15,50,2,75,34,0,34,109
12/20/2022,SAF,NM,ASW,CE,Federal Contract Tower,8,13,17,3,41,0,2,24,10,36,8,15,41,13,77,60,40,100,177
12/21/2022,SAF,NM,ASW,CE,Federal Contract Tower,9,12,32,0,53,0,3,42,6,51,9,15,74,6,104,54,0,54,158
12/22/2022,SAF,NM,ASW,CE,Federal Contract Tower,9,12,15,0,36,0,0,17,0,17,9,12,32,0,53,6,0,6,59
12/23/2022,SAF,NM,ASW,CE,Federal Contract Tower,5,6,10,1,22,0,6,22,0,28,5,12,32,1,50,48,4,52,102
12/24/2022,SAF,NM,ASW,CE,Federal Contract Tower,5,7,13,0,25,0,0,11,0,11,5,7,24,0,36,0,0,0,36
12/25/2022,SAF,NM,ASW,CE,Federal Contract Tower,5,5,8,0,18,0,1,10,0,11,5,6,18,0,29,10,0,10,39
12/26/2022,SAF,NM,ASW,CE,Federal Contract Tower,11,20,37,0,68,0,3,48,0,51,11,23,85,0,119,60,0,60,179
12/27/2022,SAF,NM,ASW,CE,Federal Contract Tower,6,30,38,0,74,0,3,52,0,55,6,33,90,0,129,126,0,126,255
12/28/2022,SAF,NM,ASW,CE,Federal Contract Tower,11,11,17,0,39,0,0,0,0,0,11,11,17,0,39,0,0,0,39
12/29/2022,SAF,NM,ASW,CE,Federal Contract Tower,9,21,21,0,51,0,1,23,1,25,9,22,44,1,76,12,0,12,88
12/30/2022,SAF,NM,ASW,CE,Federal Contract Tower,9,24,16,0,49,0,2,6,0,8,9,26,22,0,57,0,0,0,57
12/31/2022,SAF,NM,ASW,CE,Federal Contract Tower,4,17,6,0,27,0,4,29,0,33,4,21,35,0,60,12,0,12,72
01/01/2023,SAF,NM,ASW,CE,Federal Contract Tower,6,9,14,0,29,0,1,1,0,2,6,10,15,0,31,0,0,0,31
01/02/2023,SAF,NM,ASW,CE,Federal Contract Tower,6,18,22,0,46,0,0,1,0,1,6,18,23,0,47,2,0,2,49
01/03/2023,SAF,NM,ASW,CE,Federal Contract Tower,6,20,12,0,38,0,0,10,0,10,6,20,22,0,48,38,0,38,86
01/04/2023,SAF,NM,ASW,CE,Federal Contract Tower,9,5,27,0,41,0,2,58,7,67,9,7,85,7,108,60,0,60,168
01/05/2023,SAF,NM,ASW,CE,Federal Contract Tower,10,14,11,1,36,0,1,47,5,53,10,15,58,6,89,62,0,62,151
01/06/2023,SAF,NM,ASW,CE,Federal Contract Tower,6,19,8,0,33,0,6,36,3,45,6,25,44,3,78,36,10,46,124
01/07/2023,SAF,NM,ASW,CE,Federal Contract Tower,7,18,18,0,43,0,1,54,8,63,7,19,72,8,106,54,0,54,160
01/08/2023,SAF,NM,ASW,CE,Federal Contract Tower,8,11,9,0,28,0,0,25,2,27,8,11,34,2,55,12,0,12,67
01/09/2023,SAF,NM,ASW,CE,Federal Contract Tower,8,18,6,0,32,0,0,29,0,29,8,18,35,0,61,68,0,68,129
01/10/2023,SAF,NM,ASW,CE,Federal Contract Tower,9,5,19,7,40,0,0,34,5,39,9,5,53,12,79,96,16,112,191
01/11/2023,SAF,NM,ASW,CE,Federal Contract Tower,11,14,12,0,37,0,0,7,0,7,11,14,19,0,44,0,0,0,44
01/12/2023,SAF,NM,ASW,CE,Federal Contract Tower,13,11,20,3,47,0,2,48,11,61,13,13,68,14,108,28,0,28,136
01/13/2023,SAF,NM,ASW,CE,Federal Contract Tower,8,12,18,2,40,0,2,65,2,69,8,14,83,4,109,50,0,50,159
01/14/2023,SAF,NM,ASW,CE,Federal Contract Tower,5,14,18,0,37,0,8,67,0,75,5,22,85,0,112,42,0,42,154
01/15/2023,SAF,NM,ASW,CE,Federal Contract Tower,9,6,12,0,27,0,0,0,0,0,9,6,12,0,27,0,0,0,27
01/16/2023,SAF,NM,ASW,CE,Federal Contract Tower,8,19,20,0,47,0,0,6,0,6,8,19,26,0,53,8,0,8,61
01/17/2023,SAF,NM,ASW,CE,Federal Contract Tower,12,10,10,0,32,0,0,0,0,0,12,10,10,0,32,0,0,0,32
01/18/2023,SAF,NM,ASW,CE,Federal Contract Tower,9,11,11,0,31,0,0,2,3,5,9,11,13,3,36,4,0,4,40
01/19/2023,SAF,NM,ASW,CE,Federal Contract Tower,11,10,22,3,46,0,0,55,11,66,11,10,77,14,112,126,0,126,238
01/20/2023,SAF,NM,ASW,CE,Federal Contract Tower,9,6,9,1,25,0,0,19,3,22,9,6,28,4,47,22,0,22,69
01/21/2023,SAF,NM,ASW,CE,Federal Contract Tower,10,12,14,0,36,0,2,35,2,39,10,14,49,2,75,72,0,72,147
01/22/2023,SAF,NM,ASW,CE,Federal Contract Tower,11,14,15,2,42,0,4,38,3,45,11,18,53,5,87,22,2,24,111
01/23/2023,SAF,NM,ASW,CE,Federal Contract Tower,10,13,11,1,35,0,2,1,1,4,10,15,12,2,39,0,0,0,39
01/24/2023,SAF,NM,ASW,CE,Federal Contract Tower,11,10,10,0,31,0,0,23,2,25,11,10,33,2,56,52,0,52,108
01/25/2023,SAF,NM,ASW,CE,Federal Contract Tower,11,11,25,1,48,0,2,24,7,33,11,13,49,8,81,18,1,19,100
01/26/2023,SAF,NM,ASW,CE,Federal Contract Tower,13,8,25,0,46,0,1,56,22,79,13,9,81,22,125,56,4,60,185
01/27/2023,SAF,NM,ASW,CE,Federal Contract Tower,8,20,18,4,50,0,0,31,12,43,8,20,49,16,93,48,10,58,151
01/28/2023,SAF,NM,ASW,CE,Federal Contract Tower,9,12,16,4,41,0,2,49,0,51,9,14,65,4,92,60,0,60,152
01/29/2023,SAF,NM,ASW,CE,Federal Contract Tower,13,14,18,3,48,0,5,48,1,54,13,19,66,4,102,0,18,18,120
01/30/2023,SAF,NM,ASW,CE,Federal Contract Tower,10,11,22,1,44,0,5,37,0,42,10,16,59,1,86,68,0,68,154
01/31/2023,SAF,NM,ASW,CE,Federal Contract Tower,9,5,18,2,34,0,2,28,16,46,9,7,46,18,80,62,2,64,144
02/01/2023,SAF,NM,ASW,CE,Federal Contract Tower,7,9,8,0,24,0,0,35,6,41,7,9,43,6,65,52,0,52,117
02/02/2023,SAF,NM,ASW,CE,Federal Contract Tower,8,12,11,2,33,0,4,28,10,42,8,16,39,12,75,52,10,62,137
02/03/2023,SAF,NM,ASW,CE,Federal Contract Tower,9,12,18,1,40,0,3,50,2,55,9,15,68,3,95,82,0,82,177
02/04/2023,SAF,NM,ASW,CE,Federal Contract Tower,8,11,8,2,29,0,4,48,0,52,8,15,56,2,81,90,0,90,171
02/05/2023,SAF,NM,ASW,CE,Federal Contract Tower,13,10,14,2,39,0,7,22,1,30,13,17,36,3,69,0,0,0,69
02/06/2023,SAF,NM,ASW,CE,Federal Contract Tower,11,17,11,1,40,0,1,11,0,12,11,18,22,1,52,32,0,32,84
02/07/2023,SAF,NM,ASW,CE,Federal Contract Tower,11,18,12,2,43,0,0,0,0,0,11,18,12,2,43,0,0,0,43
02/08/2023,SAF,NM,ASW,CE,Federal Contract Tower,12,11,12,2,37,0,0,25,2,27,12,11,37,4,64,36,0,36,100
02/09/2023,SAF,NM,ASW,CE,Federal Contract Tower,13,15,5,0,33,0,0,20,3,23,13,15,25,3,56,2,0,2,58
02/10/2023,SAF,NM,ASW,CE,Federal Contract Tower,8,10,15,0,33,0,5,55,3,63,8,15,70,3,96,76,0,76,172
02/11/2023,SAF,NM,ASW,CE,Federal Contract Tower,9,18,13,0,40,0,13,50,3,66,9,31,63,3,106,62,0,62,168
02/12/2023,SAF,NM,ASW,CE,Federal Contract Tower,14,18,21,0,53,0,2,32,0,34,14,20,53,0,87,22,0,22,109
02/13/2023,SAF,NM,ASW,CE,Federal Contract Tower,12,14,18,2,46,0,1,29,5,35,12,15,47,7,81,12,2,14,95
02/14/2023,SAF,NM,ASW,CE,Federal Contract Tower,9,15,7,0,31,0,0,0,0,0,9,15,7,0,31,0,0,0,31
02/15/2023,SAF,NM,ASW,CE,Federal Contract Tower,12,12,11,0,35,0,0,0,0,0,12,12,11,0,35,0,0,0,35
02/16/2023,SAF,NM,ASW,CE,Federal Contract Tower,13,9,27,1,50,0,1,43,13,57,13,10,70,14,107,148,2,150,257
02/17/2023,SAF,NM,ASW,CE,Federal Contract Tower,10,12,26,13,61,0,1,59,3,63,10,13,85,16,124,136,0,136,260
02/18/2023,SAF,NM,ASW,CE,Federal Contract Tower,11,9,14,3,37,0,5,67,5,77,11,14,81,8,114,24,0,24,138
02/19/2023,SAF,NM,ASW,CE,Federal Contract Tower,13,7,17,0,37,0,0,7,0,7,13,7,24,0,44,0,0,0,44
02/20/2023,SAF,NM,ASW,CE,Federal Contract Tower,10,12,28,1,51,0,1,36,3,40,10,13,64,4,91,70,0,70,161
02/21/2023,SAF,NM,ASW,CE,Federal Contract Tower,10,7,28,3,48,0,0,49,4,53,10,7,77,7,101,126,0,126,227
02/22/2023,SAF,NM,ASW,CE,Federal Contract Tower,9,3,5,0,17,0,0,0,0,0,9,3,5,0,17,0,0,0,17
02/23/2023,SAF,NM,ASW,CE,Federal Contract Tower,10,20,21,0,51,0,1,9,0,10,10,21,30,0,61,38,0,38,99
02/24/2023,SAF,NM,ASW,CE,Federal Contract Tower,9,13,27,18,67,0,2,43,3,48,9,15,70,21,115,24,0,24,139
02/25/2023,SAF,NM,ASW,CE,Federal Contract Tower,9,8,10,1,28,0,3,64,4,71,9,11,74,5,99,52,0,52,151
02/26/2023,SAF,NM,ASW,CE,Federal Contract Tower,11,10,15,4,40,0,0,0,0,0,11,10,15,4,40,0,0,0,40
02/27/2023,SAF,NM,ASW,CE,Federal Contract Tower,13,9,14,3,39,0,3,25,4,32,13,12,39,7,71,52,0,52,123
02/28/2023,SAF,NM,ASW,CE,Federal Contract Tower,8,11,12,0,31,0,0,10,3,13,8,11,22,3,44,10,0,10,54
03/01/2023,SAF,NM,ASW,CE,Federal Contract Tower,9,9,10,0,28,0,0,17,14,31,9,9,27,14,59,70,50,120,179
03/02/2023,SAF,NM,ASW,CE,Federal Contract Tower,8,11,15,0,34,0,0,1,3,4,8,11,16,3,38,0,6,6,44
03/03/2023,SAF,NM,ASW,CE,Federal Contract Tower,10,13,12,3,38,0,3,33,4,40,10,16,45,7,78,44,0,44,122
03/04/2023,SAF,NM,ASW,CE,Federal Contract Tower,8,16,7,0,31,0,4,65,22,91,8,20,72,22,122,44,0,44,166
03/05/2023,SAF,NM,ASW,CE,Federal Contract Tower,7,14,9,1,31,0,2,16,3,21,7,16,25,4,52,12,0,12,64
03/06/2023,SAF,NM,ASW,CE,Federal Contract Tower,11,7,8,0,26,0,0,23,2,25,11,7,31,2,51,40,0,40,91
03/07/2023,SAF,NM,ASW,CE,Federal Contract Tower,10,9,9,9,37,0,4,18,0,22,10,13,27,9,59,64,4,68,127
03/08/2023,SAF,NM,ASW,CE,Federal Contract Tower,11,12,10,1,34,0,0,39,3,42,11,12,49,4,76,70,0,70,146
03/09/2023,SAF,NM,ASW,CE,Federal Contract Tower,9,12,18,5,44,0,5,38,7,50,9,17,56,12,94,78,0,78,172
03/10/2023,SAF,NM,ASW,CE,Federal Contract Tower,8,20,14,0,42,0,3,62,3,68,8,23,76,3,110,86,0,86,196
03/11/2023,SAF,NM,ASW,CE,Federal Contract Tower,14,7,20,0,41,0,2,10,0,12,14,9,30,0,53,0,0,0,53
03/12/2023,SAF,NM,ASW,CE,Federal Contract Tower,13,20,19,2,54,0,0,19,0,19,13,20,38,2,73,36,0,36,109
03/13/2023,SAF,NM,ASW,CE,Federal Contract Tower,12,19,25,0,56,0,4,29,3,36,12,23,54,3,92,92,0,92,184
03/14/2023,SAF,NM,ASW,CE,Federal Contract Tower,12,9,16,5,42,0,9,54,20,83,12,18,70,25,125,60,0,60,185
03/15/2023,SAF,NM,ASW,CE,Federal Contract Tower,11,6,34,6,57,0,4,22,5,31,11,10,56,11,88,80,0,80,168
03/16/2023,SAF,NM,ASW,CE,Federal Contract Tower,10,17,11,0,38,0,0,1,3,4,10,17,12,3,42,0,0,0,42
03/17/2023,SAF,NM,ASW,CE,Federal Contract Tower,12,16,15,5,48,0,0,1,7,8,12,16,16,12,56,0,0,0,56
03/18/2023,SAF,NM,ASW,CE,Federal Contract Tower,11,16,7,4,38,0,3,20,6,29,11,19,27,10,67,30,0,30,97
03/19/2023,SAF,NM,ASW,CE,Federal Contract Tower,12,12,33,0,57,0,5,46,1,52,12,17,79,1,109,70,0,70,179
03/20/2023,SAF,NM,ASW,CE,Federal Contract Tower,13,10,13,3,39,0,0,0,0,0,13,10,13,3,39,0,0,0,39
03/21/2023,SAF,NM,ASW,CE,Federal Contract Tower,12,9,1,1,23,0,1,3,5,9,12,10,4,6,32,12,0,12,44
03/22/2023,SAF,NM,ASW,CE,Federal Contract Tower,11,8,11,0,30,0,0,13,3,16,11,8,24,3,46,74,0,74,120
03/23/2023,SAF,NM,ASW,CE,Federal Contract Tower,9,15,10,3,37,0,3,29,6,38,9,18,39,9,75,116,14,130,205
03/24/2023,SAF,NM,ASW,CE,Federal Contract Tower,12,15,14,0,41,0,6,26,4,36,12,21,40,4,77,56,0,56,133
03/25/2023,SAF,NM,ASW,CE,Federal Contract Tower,10,5,17,2,34,0,1,28,9,38,10,6,45,11,72,26,14,40,112
03/26/2023,SAF,NM,ASW,CE,Federal Contract Tower,14,8,21,0,43,0,0,9,0,9,14,8,30,0,52,18,0,18,70
03/27/2023,SAF,NM,ASW,CE,Federal Contract Tower,15,7,13,2,37,0,3,26,2,31,15,10,39,4,68,34,6,40,108
03/28/2023,SAF,NM,ASW,CE,Federal Contract Tower,12,8,23,3,46,0,3,52,3,58,12,11,75,6,104,118,18,136,240
03/29/2023,SAF,NM,ASW,CE,Federal Contract Tower,12,10,9,4,35,0,2,50,13,65,12,12,59,17,100,96,22,118,218
03/30/2023,SAF,NM,ASW,CE,Federal Contract Tower,8,15,7,4,34,0,0,20,2,22,8,15,27,6,56,22,0,22,78
03/31/2023,SAF,NM,ASW,CE,Federal Contract Tower,9,8,14,5,36,0,4,14,1,19,9,12,28,6,55,0,0,0,55
04/01/2023,SAF,NM,ASW,CE,Federal Contract Tower,9,13,16,7,45,0,7,70,11,88,9,20,86,18,133,42,0,42,175
04/02/2023,SAF,NM,ASW,CE,Federal Contract Tower,16,7,11,0,34,0,10,30,4,44,16,17,41,4,78,20,0,20,98
04/03/2023,SAF,NM,ASW,CE,Federal Contract Tower,14,11,6,0,31,0,2,10,0,12,14,13,16,0,43,0,0,0,43
04/04/2023,SAF,NM,ASW,CE,Federal Contract Tower,14,17,11,3,45,0,0,4,0,4,14,17,15,3,49,0,0,0,49
04/05/2023,SAF,NM,ASW,CE,Federal Contract Tower,16,15,16,0,47,0,4,44,12,60,16,19,60,12,107,28,4,32,139
04/06/2023,SAF,NM,ASW,CE,Federal Contract Tower,16,9,19,3,47,0,0,28,15,43,16,9,47,18,90,22,8,30,120
04/07/2023,SAF,NM,ASW,CE,Federal Contract Tower,17,10,10,0,37,0,1,24,2,27,17,11,34,2,64,24,0,24,88
04/08/2023,SAF,NM,ASW,CE,Federal Contract Tower,15,9,13,0,37,0,0,50,2,52,15,9,63,2,89,96,0,96,185
04/09/2023,SAF,NM,ASW,CE,Federal Contract Tower,16,6,14,0,36,0,2,15,0,17,16,8,29,0,53,0,0,0,53
04/10/2023,SAF,NM,ASW,CE,Federal Contract Tower,19,22,22,1,64,0,0,42,3,45,19,22,64,4,109,60,2,62,171
04/11/2023,SAF,NM,ASW,CE,Federal Contract Tower,13,9,19,8,49,0,8,28,5,41,13,17,47,13,90,22,0,22,112
04/12/2023,SAF,NM,ASW,CE,Federal Contract Tower,18,18,13,0,49,0,1,41,4,46,18,19,54,4,95,98,0,98,193
04/13/2023,SAF,NM,ASW,CE,Federal Contract Tower,14,10,22,7,53,0,4,32,12,48,14,14,54,19,101,90,10,100,201
04/14/2023,SAF,NM,ASW,CE,Federal Contract Tower,12,20,24,0,56,0,2,28,0,30,12,22,52,0,86,32,0,32,118
04/15/2023,SAF,NM,ASW,CE,Federal Contract Tower,12,9,14,0,35,0,2,19,1,22,12,11,33,1,57,10,0,10,67
04/16/2023,SAF,NM,ASW,CE,Federal Contract Tower,17,13,44,0,74,0,0,67,0,67,17,13,111,0,141,40,14,54,195
04/17/2023,SAF,NM,ASW,CE,Federal Contract Tower,18,24,25,0,67,0,0,39,3,42,18,24,64,3,109,74,0,74,183
04/18/2023,SAF,NM,ASW,CE,Federal Contract Tower,16,22,14,4,56,0,3,19,6,28,16,25,33,10,84,22,0,22,106
04/19/2023,SAF,NM,ASW,CE,Federal Contract Tower,15,6,18,2,41,0,0,11,5,16,15,6,29,7,57,0,0,0,57
04/20/2023,SAF,NM,ASW,CE,Federal Contract Tower,14,12,12,0,38,0,0,21,17,38,14,12,33,17,76,0,22,22,98
04/21/2023,SAF,NM,ASW,CE,Federal Contract Tower,10,21,23,2,56,0,4,42,4,50,10,25,65,6,106,48,0,48,154
04/22/2023,SAF,NM,ASW,CE,Federal Contract Tower,12,16,6,0,34,0,8,42,4,54,12,24,48,4,88,42,0,42,130
04/23/2023,SAF,NM,ASW,CE,Federal Contract Tower,17,15,26,0,58,0,7,29,1,37,17,22,55,1,95,4,0,4,99
04/24/2023,SAF,NM,ASW,CE,Federal Contract Tower,15,9,18,0,42,0,1,25,0,26,15,10,43,0,68,50,0,50,118
04/25/2023,SAF,NM,ASW,CE,Federal Contract Tower,14,18,14,3,49,0,0,16,4,20,14,18,30,7,69,44,4,48,117
04/26/2023,SAF,NM,ASW,CE,Federal Contract Tower,16,14,17,4,51,0,1,22,8,31,16,15,39,12,82,16,18,34,116
04/27/2023,SAF,NM,ASW,CE,Federal Contract Tower,14,17,15,0,46,0,2,44,4,50,14,19,59,4,96,86,0,86,182
04/28/2023,SAF,NM,ASW,CE,Federal Contract Tower,12,19,19,0,50,0,2,9,3,14,12,21,28,3,64,4,16,20,84
04/29/2023,SAF,NM,ASW,CE,Federal Contract Tower,15,9,20,0,44,0,4,76,0,80,15,13,96,0,124,90,0,90,214
04/30/2023,SAF,NM,ASW,CE,Federal Contract Tower,15,28,27,14,84,0,6,54,0,60,15,34,81,14,144,58,0,58,202
05/01/2023,SAF,NM,ASW,CE,Federal Contract Tower,18,17,22,2,59,0,7,40,0,47,18,24,62,2,106,50,0,50,156
05/02/2023,SAF,NM,ASW,CE,Federal Contract Tower,18,11,16,2,47,0,3,20,0,23,18,14,36,2,70,72,0,72,142
05/03/2023,SAF,NM,ASW,CE,Federal Contract Tower,15,15,15,2,47,0,1,47,4,52,15,16,62,6,99,106,12,118,217
05/04/2023,SAF,NM,ASW,CE,Federal Contract Tower,13,11,14,0,38,0,3,58,0,61,13,14,72,0,99,56,0,56,155
05/05/2023,SAF,NM,ASW,CE,Federal Contract Tower,9,13,23,0,45,0,0,44,0,44,9,13,67,0,89,60,0,60,149
05/06/2023,SAF,NM,ASW,CE,Federal Contract Tower,10,13,12,3,38,0,0,44,2,46,10,13,56,5,84,40,6,46,130
05/07/2023,SAF,NM,ASW,CE,Federal Contract Tower,15,15,22,11,63,0,4,32,4,40,15,19,54,15,103,12,6,18,121
05/08/2023,SAF,NM,ASW,CE,Federal Contract Tower,19,16,16,6,57,0,7,47,3,57,19,23,63,9,114,82,0,82,196
05/09/2023,SAF,NM,ASW,CE,Federal Contract Tower,15,10,21,2,48,0,4,56,11,71,15,14,77,13,119,78,10,88,207
05/10/2023,SAF,NM,ASW,CE,Federal Contract Tower,16,12,22,0,50,0,2,23,3,28,16,14,45,3,78,24,0,24,102
05/11/2023,SAF,NM,ASW,CE,Federal Contract Tower,14,12,17,0,43,0,1,29,1,31,14,13,46,1,74,6,0,6,80
05/12/2023,SAF,NM,ASW,CE,Federal Contract Tower,13,14,28,10,65,0,0,64,6,70,13,14,92,16,135,56,10,66,201
05/13/2023,SAF,NM,ASW,CE,Federal Contract Tower,14,18,14,0,46,0,0,38,2,40,14,18,52,2,86,88,0,88,174
05/14/2023,SAF,NM,ASW,CE,Federal Contract Tower,13,16,23,0,52,0,0,39,1,40,13,16,62,1,92,6,0,6,98
05/15/2023,SAF,NM,ASW,CE,Federal Contract Tower,12,18,23,0,53,0,2,25,3,30,12,20,48,3,83,30,0,30,113
05/16/2023,SAF,NM,ASW,CE,Federal Contract Tower,11,17,13,3,44,0,4,29,2,35,11,21,42,5,79,98,0,98,177
05/17/2023,SAF,NM,ASW,CE,Federal Contract Tower,14,9,9,0,32,0,0,20,14,34,14,9,29,14,66,66,8,74,140
05/18/2023,SAF,NM,ASW,CE,Federal Contract Tower,12,18,17,0,47,0,2,43,8,53,12,20,60,8,100,56,0,56,156
05/19/2023,SAF,NM,ASW,CE,Federal Contract Tower,8,33,18,3,62,0,2,11,6,19,8,35,29,9,81,22,2,24,105
05/20/2023,SAF,NM,ASW,CE,Federal Contract Tower,11,17,12,1,41,0,5,26,4,35,11,22,38,5,76,34,14,48,124
05/21/2023,SAF,NM,ASW,CE,Federal Contract Tower,20,29,20,0,69,0,6,29,1,36,20,35,49,1,105,22,0,22,127
05/22/2023,SAF,NM,ASW,CE,Federal Contract Tower,15,27,21,0,63,0,1,37,0,38,15,28,58,0,101,48,0,48,149
05/23/2023,SAF,NM,ASW,CE,Federal Contract Tower,18,12,20,4,54,0,2,46,4,52,18,14,66,8,106,96,2,98,204
05/24/2023,SAF,NM,ASW,CE,Federal Contract Tower,15,21,26,2,64,0,3,60,8,71,15,24,86,10,135,80,0,80,215
05/25/2023,SAF,NM,ASW,CE,Federal Contract Tower,11,11,23,0,45,0,1,40,0,41,11,12,63,0,86,56,0,56,142
05/26/2023,SAF,NM,ASW,CE,Federal Contract Tower,10,17,12,0,39,0,2,29,1,32,10,19,41,1,71,66,0,66,137
05/27/2023,SAF,NM,ASW,CE,Federal Contract Tower,11,18,14,0,43,0,3,33,3,39,11,21,47,3,82,29,0,29,111
05/28/2023,SAF,NM,ASW,CE,Federal Contract Tower,18,10,23,0,51,0,0,40,0,40,18,10,63,0,91,42,0,42,133
05/29/2023,SAF,NM,ASW,CE,Federal Contract Tower,14,15,17,0,46,0,2,53,2,57,14,17,70,2,103,16,0,16,119
05/30/2023,SAF,NM,ASW,CE,Federal Contract Tower,5,13,12,0,30,0,4,36,3,43,5,17,48,3,73,46,10,56,129
05/31/2023,SAF,NM,ASW,CE,Federal Contract Tower,13,17,13,0,43,0,0,6,6,12,13,17,19,6,55,0,0,0,55
06/01/2023,SAF,NM,ASW,CE,Federal Contract Tower,14,17,34,6,71,0,2,22,0,24,14,19,56,6,95,32,0,32,127
06/02/2023,SAF,NM,ASW,CE,Federal Contract Tower,13,18,18,8,57,0,0,28,0,28,13,18,46,8,85,58,0,58,143
06/03/2023,SAF,NM,ASW,CE,Federal Contract Tower,15,11,18,2,46,0,1,52,20,73,15,12,70,22,119,84,10,94,213
06/04/2023,SAF,NM,ASW,CE,Federal Contract Tower,14,13,32,3,62,0,2,44,13,59,14,15,76,16,121,40,0,40,161
06/05/2023,SAF,NM,ASW,CE,Federal Contract Tower,15,26,28,5,74,0,0,46,1,47,15,26,74,6,121,72,0,72,193
06/06/2023,SAF,NM,ASW,CE,Federal Contract Tower,13,8,20,0,41,0,6,50,2,58,13,14,70,2,99,124,18,142,241
06/07/2023,SAF,NM,ASW,CE,Federal Contract Tower,14,15,27,1,57,0,4,40,5,49,14,19,67,6,106,90,10,100,206
06/08/2023,SAF,NM,ASW,CE,Federal Contract Tower,14,16,25,6,61,0,0,46,6,52,14,16,71,12,113,42,78,120,233
06/09/2023,SAF,NM,ASW,CE,Federal Contract Tower,14,19,32,1,66,0,0,62,6,68,14,19,94,7,134,98,2,100,234
06/10/2023,SAF,NM,ASW,CE,Federal Contract Tower,15,14,11,0,40,0,2,31,0,33,15,16,42,0,73,68,0,68,141
06/11/2023,SAF,NM,ASW,CE,Federal Contract Tower,17,31,41,1,90,0,6,31,1,38,17,37,72,2,128,2,0,2,130
06/12/2023,SAF,NM,ASW,CE,Federal Contract Tower,13,19,26,6,64,0,2,32,1,35,13,21,58,7,99,0,0,0,99
06/13/2023,SAF,NM,ASW,CE,Federal Contract Tower,15,18,13,1,47,0,10,63,7,80,15,28,76,8,127,104,0,104,231
06/14/2023,SAF,NM,ASW,CE,Federal Contract Tower,14,13,26,2,55,0,3,47,4,54,14,16,73,6,109,68,0,68,177
06/15/2023,SAF,NM,ASW,CE,Federal Contract Tower,14,19,27,0,60,0,0,46,10,56,14,19,73,10,116,24,0,24,140
06/16/2023,SAF,NM,ASW,CE,Federal Contract Tower,14,16,22,1,53,0,5,53,3,61,14,21,75,4,114,50,0,50,164
06/17/2023,SAF,NM,ASW,CE,Federal Contract Tower,15,16,25,0,56,0,6,65,0,71,15,22,90,0,127,60,0,60,187
06/18/2023,SAF,NM,ASW,CE,Federal Contract Tower,14,18,38,1,71,0,1,42,1,44,14,19,80,2,115,20,0,20,135
06/19/2023,SAF,NM,ASW,CE,Federal Contract Tower,14,12,22,0,48,0,4,33,0,37,14,16,55,0,85,112,0,112,197
06/20/2023,SAF,NM,ASW,CE,Federal Contract Tower,13,5,14,0,32,0,0,20,0,20,13,5,34,0,52,0,0,0,52
06/21/2023,SAF,NM,ASW,CE,Federal Contract Tower,18,5,15,0,38,0,0,57,14,71,18,5,72,14,109,122,0,122,231
06/22/2023,SAF,NM,ASW,CE,Federal Contract Tower,13,15,27,0,55,0,0,53,9,62,13,15,80,9,117,50,4,54,171
06/23/2023,SAF,NM,ASW,CE,Federal Contract Tower,12,18,21,5,56,0,1,37,4,42,12,19,58,9,98,58,4,62,160
06/24/2023,SAF,NM,ASW,CE,Federal Contract Tower,12,22,10,4,48,0,4,54,3,61,12,26,64,7,109,52,24,76,185
06/25/2023,SAF,NM,ASW,CE,Federal Contract Tower,16,16,11,11,54,0,7,42,1,50,16,23,53,12,104,30,0,30,134
06/26/2023,SAF,NM,ASW,CE,Federal Contract Tower,12,15,22,0,49,0,6,28,3,37,12,21,50,3,86,22,0,22,108
06/27/2023,SAF,NM,ASW,CE,Federal Contract Tower,11,16,18,3,48,0,0,0,0,0,11,16,18,3,48,76,10,86,134
06/28/2023,SAF,NM,ASW,CE,Federal Contract Tower,15,18,29,0,62,0,4,55,8,67,15,22,84,8,129,76,0,76,205
06/29/2023,SAF,NM,ASW,CE,Federal Contract Tower,12,19,12,0,43,0,2,51,5,58,12,21,63,5,101,31,0,31,132
06/30/2023,SAF,NM,ASW,CE,Federal Contract Tower,10,20,24,0,54,0,4,55,2,61,10,24,79,2,115,58,0,58,173
07/01/2023,SAF,NM,ASW,CE,Federal Contract Tower,11,22,20,0,53,0,8,44,0,52,11,30,64,0,105,56,0,56,161
07/02/2023,SAF,NM,ASW,CE,Federal Contract Tower,13,17,9,0,39,0,7,17,0,24,13,24,26,0,63,10,0,10,73
07/03/2023,SAF,NM,ASW,CE,Federal Contract Tower,12,10,16,0,38,0,6,37,0,43,12,16,53,0,81,66,0,66,147
07/04/2023,SAF,NM,ASW,CE,Federal Contract Tower,12,15,12,0,39,0,3,21,1,25,12,18,33,1,64,48,0,48,112
07/05/2023,SAF,NM,ASW,CE,Federal Contract Tower,12,18,17,2,49,0,0,26,7,33,12,18,43,9,82,4,0,4,86
07/06/2023,SAF,NM,ASW,CE,Federal Contract Tower,15,13,18,1,47,0,9,36,3,48,15,22,54,4,95,2,0,2,97
07/07/2023,SAF,NM,ASW,CE,Federal Contract Tower,10,16,10,4,40,0,0,19,6,25,10,16,29,10,65,14,0,14,79
07/08/2023,SAF,NM,ASW,CE,Federal Contract Tower,15,13,7,2,37,0,1,40,10,51,15,14,47,12,88,10,0,10,98
07/09/2023,SAF,NM,ASW,CE,Federal Contract Tower,15,9,22,1,47,0,6,31,12,49,15,15,53,13,96,24,12,36,132
07/10/2023,SAF,NM,ASW,CE,Federal Contract Tower,12,17,21,3,53,0,4,31,3,38,12,21,52,6,91,52,0,52,143
07/11/2023,SAF,NM,ASW,CE,Federal Contract Tower,12,19,13,1,45,0,4,42,3,49,12,23,55,4,94,50,0,50,144
07/12/2023,SAF,NM,ASW,CE,Federal Contract Tower,15,12,14,0,41,0,5,29,10,44,15,17,43,10,85,86,10,96,181
07/13/2023,SAF,NM,ASW,CE,Federal Contract Tower,13,36,27,5,81,0,3,45,11,59,13,39,72,16,140,52,6,58,198
07/14/2023,SAF,NM,ASW,CE,Federal Contract Tower,12,20,22,8,62,0,4,52,2,58,12,24,74,10,120,48,0,48,168
07/15/2023,SAF,NM,ASW,CE,Federal Contract Tower,14,11,11,0,36,0,4,48,0,52,14,15,59,0,88,66,0,66,154
07/16/2023,SAF,NM,ASW,CE,Federal Contract Tower,14,20,16,1,51,0,5,36,1,42,14,25,52,2,93,40,0,40,133
07/17/2023,SAF,NM,ASW,CE,Federal Contract Tower,12,13,13,0,38,0,0,36,0,36,12,13,49,0,74,136,0,136,210
07/18/2023,SAF,NM,ASW,CE,Federal Contract Tower,12,16,15,0,43,0,1,38,6,45,12,17,53,6,88,46,0,46,134
07/19/2023,SAF,NM,ASW,CE,Federal Contract Tower,15,9,25,0,49,0,0,39,6,45,15,9,64,6,94,113,0,113,207
07/20/2023,SAF,NM,ASW,CE,Federal Contract Tower,13,27,15,2,57,0,6,71,5,82,13,33,86,7,139,84,6,90,229
07/21/2023,SAF,NM,ASW,CE,Federal Contract Tower,11,22,17,15,65,0,0,43,4,47,11,22,60,19,112,56,0,56,168
07/22/2023,SAF,NM,ASW,CE,Federal Contract Tower,13,8,14,0,35,0,4,43,2,49,13,12,57,2,84,62,0,62,146
07/23/2023,SAF,NM,ASW,CE,Federal Contract Tower,13,24,17,6,60,0,4,32,0,36,13,28,49,6,96,6,0,6,102
07/24/2023,SAF,NM,ASW,CE,Federal Contract Tower,13,24,22,0,59,0,2,58,0,60,13,26,80,0,119,48,0,48,167
07/25/2023,SAF,NM,ASW,CE,Federal Contract Tower,16,11,26,3,56,0,2,33,4,39,16,13,59,7,95,74,0,74,169
07/26/2023,SAF,NM,ASW,CE,Federal Contract Tower,14,10,21,0,45,0,0,41,10,51,14,10,62,10,96,44,2,46,142
07/27/2023,SAF,NM,ASW,CE,Federal Contract Tower,16,15,35,7,73,0,0,38,8,46,16,15,73,15,119,36,8,44,163
07/28/2023,SAF,NM,ASW,CE,Federal Contract Tower,14,7,20,2,43,0,0,56,9,65,14,7,76,11,108,44,0,44,152
07/29/2023,SAF,NM,ASW,CE,Federal Contract Tower,15,10,18,0,43,0,1,17,3,21,15,11,35,3,64,0,0,0,64
07/30/2023,SAF,NM,ASW,CE,Federal Contract Tower,15,28,27,0,70,0,0,36,0,36,15,28,63,0,106,16,0,16,122
07/31/2023,SAF,NM,ASW,CE,Federal Contract Tower,14,24,18,0,56,0,2,38,0,40,14,26,56,0,96,56,0,56,152
08/01/2023,SAF,NM,ASW,CE,Federal Contract Tower,12,20,22,0,54,0,2,22,2,26,12,22,44,2,80,70,0,70,150
08/02/2023,SAF,NM,ASW,CE,Federal Contract Tower,14,14,30,3,61,0,0,37,12,49,14,14,67,15,110,66,0,66,176
08/03/2023,SAF,NM,ASW,CE,Federal Contract Tower,13,26,42,0,81,0,1,46,18,65,13,27,88,18,146,56,0,56,202
08/04/2023,SAF,NM,ASW,CE,Federal Contract Tower,15,18,10,3,46,0,1,39,12,52,15,19,49,15,98,104,0,104,202
08/05/2023,SAF,NM,ASW,CE,Federal Contract Tower,15,25,19,11,70,0,5,49,16,70,15,30,68,27,140,34,0,34,174
08/07/2023,SAF,NM,ASW,CE,Federal Contract Tower,13,22,18,0,53,0,0,25,0,25,13,22,43,0,78,8,0,8,86
08/08/2023,SAF,NM,ASW,CE,Federal Contract Tower,14,30,21,1,66,0,0,26,0,26,14,30,47,1,92,110,0,110,202
08/09/2023,SAF,NM,ASW,CE,Federal Contract Tower,15,20,26,0,61,0,0,64,6,70,15,20,90,6,131,58,11,69,200
08/10/2023,SAF,NM,ASW,CE,Federal Contract Tower,13,28,36,6,83,0,4,77,11,92,13,32,113,17,175,106,14,120,295
08/11/2023,SAF,NM,ASW,CE,Federal Contract Tower,12,13,33,0,58,0,3,60,7,70,12,16,93,7,128,78,6,84,212
08/12/2023,SAF,NM,ASW,CE,Federal Contract Tower,15,15,18,0,48,0,4,44,1,49,15,19,62,1,97,68,0,68,165
08/13/2023,SAF,NM,ASW,CE,Federal Contract Tower,14,28,30,0,72,0,2,49,2,53,14,30,79,2,125,52,0,52,177
08/14/2023,SAF,NM,ASW,CE,Federal Contract Tower,14,19,21,3,57,0,4,32,0,36,14,23,53,3,93,2,0,2,95
08/15/2023,SAF,NM,ASW,CE,Federal Contract Tower,15,20,19,3,57,0,2,24,17,43,15,22,43,20,100,86,38,124,224
08/16/2023,SAF,NM,ASW,CE,Federal Contract Tower,14,14,21,1,50,0,4,41,24,69,14,18,62,25,119,68,12,80,199
08/17/2023,SAF,NM,ASW,CE,Federal Contract Tower,13,28,13,2,56,0,1,27,10,38,13,29,40,12,94,40,8,48,142
08/18/2023,SAF,NM,ASW,CE,Federal Contract Tower,10,24,23,1,58,0,6,40,6,52,10,30,63,7,110,38,2,40,150
08/19/2023,SAF,NM,ASW,CE,Federal Contract Tower,14,16,16,0,46,0,0,66,2,68,14,16,82,2,114,44,0,44,158
08/20/2023,SAF,NM,ASW,CE,Federal Contract Tower,14,19,34,2,69,0,1,41,2,44,14,20,75,4,113,0,0,0,113
08/21/2023,SAF,NM,ASW,CE,Federal Contract Tower,15,18,16,2,51,0,3,33,2,38,15,21,49,4,89,26,0,26,115
08/22/2023,SAF,NM,ASW,CE,Federal Contract Tower,17,24,14,8,63,0,0,43,18,61,17,24,57,26,124,110,6,116,240
08/23/2023,SAF,NM,ASW,CE,Federal Contract Tower,14,11,22,1,48,0,1,45,8,54,14,12,67,9,102,50,0,50,152
08/24/2023,SAF,NM,ASW,CE,Federal Contract Tower,15,16,15,2,48,0,1,37,8,46,15,17,52,10,94,48,6,54,148
08/25/2023,SAF,NM,ASW,CE,Federal Contract Tower,9,19,33,1,62,0,1,48,4,53,9,20,81,5,115,54,0,54,169
08/26/2023,SAF,NM,ASW,CE,Federal Contract Tower,10,10,12,0,32,0,3,36,7,46,10,13,48,7,78,66,10,76,154
08/27/2023,SAF,NM,ASW,CE,Federal Contract Tower,8,8,19,1,36,0,2,48,4,54,8,10,67,5,90,36,6,42,132
08/28/2023,SAF,NM,ASW,CE,Federal Contract Tower,13,16,13,2,44,0,7,21,12,40,13,23,34,14,84,28,0,28,112
08/29/2023,SAF,NM,ASW,CE,Federal Contract Tower,13,14,13,6,46,0,6,47,5,58,13,20,60,11,104,26,0,26,130
08/30/2023,SAF,NM,ASW,CE,Federal Contract Tower,14,13,17,2,46,0,0,55,3,58,14,13,72,5,104,86,0,86,190
08/31/2023,SAF,NM,ASW,CE,Federal Contract Tower,12,10,32,1,55,0,1,51,8,60,12,11,83,9,115,104,4,108,223
