01/01/2000,SAN,CA,AWP,WE,Combined TRACON& Tower with Radar,321,79,27,0,427,43,7,4,1,55,364,86,31,1,482,0,0,0,482
01/02/2000,SAN,CA,AWP,WE,Combined TRACON& Tower with Radar,385,95,22,0,502,18,1,0,0,19,403,96,22,0,521,0,0,0,521
01/03/2000,SAN,CA,AWP,WE,Combined TRACON& Tower with Radar,408,100,29,0,537,10,2,0,5,17,418,102,29,5,554,0,0,0,554
01/04/2000,SAN,CA,AWP,WE,Combined TRACON& Tower with Radar,408,99,27,0,534,17,0,0,0,17,425,99,27,0,551,0,0,0,551
01/05/2000,SAN,CA,AWP,WE,Combined TRACON& Tower with Radar,424,101,35,0,560,9,0,6,1,16,433,101,41,1,576,0,0,0,576
01/06/2000,SAN,CA,AWP,WE,Combined TRACON& Tower with Radar,422,97,35,0,554,11,0,10,2,23,433,97,45,2,577,0,0,0,577
01/07/2000,SAN,CA,AWP,WE,Combined TRACON& Tower with Radar,422,102,34,0,558,16,0,6,0,22,438,102,40,0,580,0,0,0,580
01/08/2000,SAN,CA,AWP,WE,Combined TRACON& Tower with Radar,361,89,29,1,480,12,1,5,0,18,373,90,34,1,498,0,0,0,498
01/09/2000,SAN,CA,AWP,WE,Combined TRACON& Tower with Radar,393,90,31,1,515,11,0,10,2,23,404,90,41,3,538,0,0,0,538
01/10/2000,SAN,CA,AWP,WE,Combined TRACON& Tower with Radar,405,101,33,0,539,0,3,17,0,20,405,104,50,0,559,0,0,0,559
01/11/2000,SAN,CA,AWP,WE,Combined TRACON& Tower with Radar,420,101,34,1,556,6,0,5,0,11,426,101,39,1,567,0,0,0,567
01/12/2000,SAN,CA,AWP,WE,Combined TRACON& Tower with Radar,441,111,36,1,589,0,3,14,1,18,441,114,50,2,607,0,0,0,607
01/13/2000,SAN,CA,AWP,WE,Combined TRACON& Tower with Radar,428,106,34,0,568,0,2,8,0,10,428,108,42,0,578,12,16,28,606
01/14/2000,SAN,CA,AWP,WE,Combined TRACON& Tower with Radar,431,103,35,1,570,0,0,29,2,31,431,103,64,3,601,0,0,0,601
01/15/2000,SAN,CA,AWP,WE,Combined TRACON& Tower with Radar,365,89,29,1,484,8,0,5,0,13,373,89,34,1,497,0,0,0,497
01/16/2000,SAN,CA,AWP,WE,Combined TRACON& Tower with Radar,390,89,25,1,505,18,0,0,2,20,408,89,25,3,525,0,0,0,525
01/17/2000,SAN,CA,AWP,WE,Combined TRACON& Tower with Radar,410,99,33,0,542,0,0,8,0,8,410,99,41,0,550,0,0,0,550
01/18/2000,SAN,CA,AWP,WE,Combined TRACON& Tower with Radar,415,97,34,1,547,0,0,27,0,27,415,97,61,1,574,0,0,0,574
01/19/2000,SAN,CA,AWP,WE,Combined TRACON& Tower with Radar,405,103,34,0,542,0,15,17,0,32,405,118,51,0,574,0,0,0,574
01/20/2000,SAN,CA,AWP,WE,Combined TRACON& Tower with Radar,426,108,36,1,571,0,5,15,1,21,426,113,51,2,592,0,0,0,592
01/21/2000,SAN,CA,AWP,WE,Combined TRACON& Tower with Radar,431,107,36,1,575,0,2,20,1,23,431,109,56,2,598,0,0,0,598
01/22/2000,SAN,CA,AWP,WE,Combined TRACON& Tower with Radar,363,88,26,1,478,9,1,0,2,12,372,89,26,3,490,0,0,0,490
01/23/2000,SAN,CA,AWP,WE,Combined TRACON& Tower with Radar,404,98,30,1,533,1,3,0,0,4,405,101,30,1,537,0,0,0,537
01/24/2000,SAN,CA,AWP,WE,Combined TRACON& Tower with Radar,398,99,33,1,531,0,4,9,0,13,398,103,42,1,544,0,0,0,544
01/25/2000,SAN,CA,AWP,WE,Combined TRACON& Tower with Radar,406,99,33,0,538,0,3,3,0,6,406,102,36,0,544,0,0,0,544
01/26/2000,SAN,CA,AWP,WE,Combined TRACON& Tower with Radar,431,107,37,0,575,0,0,38,0,38,431,107,75,0,613,0,0,0,613
01/27/2000,SAN,CA,AWP,WE,Combined TRACON& Tower with Radar,410,102,34,0,546,0,0,26,4,30,410,102,60,4,576,0,0,0,576
01/28/2000,SAN,CA,AWP,WE,Combined TRACON& Tower with Radar,430,106,35,0,571,0,5,16,3,24,430,111,51,3,595,0,0,0,595
01/29/2000,SAN,CA,AWP,WE,Combined TRACON& Tower with Radar,365,85,27,0,477,10,0,0,1,11,375,85,27,1,488,0,0,0,488
01/30/2000,SAN,CA,AWP,WE,Combined TRACON& Tower with Radar,391,96,29,0,516,3,3,0,0,6,394,99,29,0,522,0,0,0,522
01/31/2000,SAN,CA,AWP,WE,Combined TRACON& Tower with Radar,415,102,34,0,551,0,5,10,1,16,415,107,44,1,567,0,0,0,567
02/01/2000,SAN,CA,AWP,WE,Combined TRACON& Tower with Radar,432,95,41,1,569,0,5,17,0,22,432,100,58,1,591,0,0,0,591
02/02/2000,SAN,CA,AWP,WE,Combined TRACON& Tower with Radar,440,99,43,1,583,0,5,23,0,28,440,104,66,1,611,0,0,0,611
02/03/2000,SAN,CA,AWP,WE,Combined TRACON& Tower with Radar,423,94,41,0,558,0,0,30,0,30,423,94,71,0,588,0,0,0,588
02/04/2000,SAN,CA,AWP,WE,Combined TRACON& Tower with Radar,430,99,43,1,573,0,5,14,9,28,430,104,57,10,601,0,0,0,601
02/05/2000,SAN,CA,AWP,WE,Combined TRACON& Tower with Radar,367,79,23,1,470,9,6,0,1,16,376,85,23,2,486,0,0,0,486
02/06/2000,SAN,CA,AWP,WE,Combined TRACON& Tower with Radar,404,90,39,0,533,0,12,2,0,14,404,102,41,0,547,0,0,0,547
02/07/2000,SAN,CA,AWP,WE,Combined TRACON& Tower with Radar,415,90,39,1,545,3,1,5,0,9,418,91,44,1,554,0,0,0,554
02/08/2000,SAN,CA,AWP,WE,Combined TRACON& Tower with Radar,419,93,40,0,552,0,6,1,0,7,419,99,41,0,559,0,0,0,559
02/09/2000,SAN,CA,AWP,WE,Combined TRACON& Tower with Radar,418,94,41,1,554,0,5,14,3,22,418,99,55,4,576,0,0,0,576
02/10/2000,SAN,CA,AWP,WE,Combined TRACON& Tower with Radar,422,97,42,1,562,0,2,20,0,22,422,99,62,1,584,0,0,0,584
02/11/2000,SAN,CA,AWP,WE,Combined TRACON& Tower with Radar,421,95,41,1,558,0,11,16,0,27,421,106,57,1,585,0,0,0,585
02/12/2000,SAN,CA,AWP,WE,Combined TRACON& Tower with Radar,375,81,22,2,480,0,16,0,1,17,375,97,22,3,497,0,0,0,497
02/13/2000,SAN,CA,AWP,WE,Combined TRACON& Tower with Radar,399,87,1,0,487,27,11,0,0,38,426,98,1,0,525,0,0,0,525
02/14/2000,SAN,CA,AWP,WE,Combined TRACON& Tower with Radar,407,83,37,0,527,8,0,0,0,8,415,83,37,0,535,0,0,0,535
02/15/2000,SAN,CA,AWP,WE,Combined TRACON& Tower with Radar,431,98,42,0,571,0,14,20,0,34,431,112,62,0,605,0,0,0,605
02/16/2000,SAN,CA,AWP,WE,Combined TRACON& Tower with Radar,412,83,32,2,529,12,0,0,0,12,424,83,32,2,541,0,0,0,541
02/17/2000,SAN,CA,AWP,WE,Combined TRACON& Tower with Radar,425,86,39,2,552,0,0,22,2,24,425,86,61,4,576,0,0,0,576
02/18/2000,SAN,CA,AWP,WE,Combined TRACON& Tower with Radar,412,88,38,2,540,5,3,0,3,11,417,91,38,5,551,0,0,0,551
02/19/2000,SAN,CA,AWP,WE,Combined TRACON& Tower with Radar,376,80,35,2,493,0,1,10,0,11,376,81,45,2,504,0,0,0,504
02/20/2000,SAN,CA,AWP,WE,Combined TRACON& Tower with Radar,376,68,23,2,469,23,0,0,2,25,399,68,23,4,494,0,0,0,494
02/21/2000,SAN,CA,AWP,WE,Combined TRACON& Tower with Radar,397,62,37,0,496,23,0,2,0,25,420,62,39,0,521,0,0,0,521
02/22/2000,SAN,CA,AWP,WE,Combined TRACON& Tower with Radar,415,79,38,0,532,5,0,18,0,23,420,79,56,0,555,0,0,0,555
02/23/2000,SAN,CA,AWP,WE,Combined TRACON& Tower with Radar,0,0,0,0,0,0,0,0,0,0,0,0,0,0,0,0,0,0,0
02/24/2000,SAN,CA,AWP,WE,Combined TRACON& Tower with Radar,424,91,40,1,556,0,0,14,1,15,424,91,54,2,571,0,0,0,571
02/25/2000,SAN,CA,AWP,WE,Combined TRACON& Tower with Radar,420,83,39,1,543,5,0,12,2,19,425,83,51,3,562,0,0,0,562
02/26/2000,SAN,CA,AWP,WE,Combined TRACON& Tower with Radar,357,77,26,1,461,20,0,0,0,20,377,77,26,1,481,0,0,0,481
02/27/2000,SAN,CA,AWP,WE,Combined TRACON& Tower with Radar,400,87,37,0,524,0,1,1,0,2,400,88,38,0,526,0,0,0,526
02/28/2000,SAN,CA,AWP,WE,Combined TRACON& Tower with Radar,426,81,39,1,547,0,0,11,2,13,426,81,50,3,560,0,0,0,560
02/29/2000,SAN,CA,AWP,WE,Combined TRACON& Tower with Radar,411,83,38,1,533,8,0,15,0,23,419,83,53,1,556,0,0,0,556
03/01/2000,SAN,CA,AWP,WE,Combined TRACON& Tower with Radar,410,84,31,1,526,9,7,0,0,16,419,91,31,1,542,0,0,0,542
03/02/2000,SAN,CA,AWP,WE,Combined TRACON& Tower with Radar,429,86,39,0,554,0,0,10,0,10,429,86,49,0,564,0,0,0,564
03/03/2000,SAN,CA,AWP,WE,Combined TRACON& Tower with Radar,423,81,39,0,543,2,0,11,0,13,425,81,50,0,556,0,0,0,556
03/04/2000,SAN,CA,AWP,WE,Combined TRACON& Tower with Radar,376,77,35,1,489,0,0,9,8,17,376,77,44,9,506,0,0,0,506
03/05/2000,SAN,CA,AWP,WE,Combined TRACON& Tower with Radar,391,73,35,0,499,4,0,5,0,9,395,73,40,0,508,0,0,0,508
03/06/2000,SAN,CA,AWP,WE,Combined TRACON& Tower with Radar,412,85,37,1,535,0,1,0,4,5,412,86,37,5,540,0,0,0,540
03/07/2000,SAN,CA,AWP,WE,Combined TRACON& Tower with Radar,402,83,36,1,522,0,6,2,2,10,402,89,38,3,532,0,0,0,532
03/08/2000,SAN,CA,AWP,WE,Combined TRACON& Tower with Radar,422,87,39,1,549,0,5,3,2,10,422,92,42,3,559,0,0,0,559
03/09/2000,SAN,CA,AWP,WE,Combined TRACON& Tower with Radar,430,84,39,1,554,2,0,1,5,8,432,84,40,6,562,0,0,0,562
03/10/2000,SAN,CA,AWP,WE,Combined TRACON& Tower with Radar,428,87,39,1,555,9,0,7,2,18,437,87,46,3,573,0,0,0,573
03/11/2000,SAN,CA,AWP,WE,Combined TRACON& Tower with Radar,378,78,27,0,483,3,5,0,0,8,381,83,27,0,491,0,0,0,491
03/12/2000,SAN,CA,AWP,WE,Combined TRACON& Tower with Radar,411,85,38,1,535,0,3,2,2,7,411,88,40,3,542,0,0,0,542
03/13/2000,SAN,CA,AWP,WE,Combined TRACON& Tower with Radar,421,88,37,2,548,0,7,3,0,10,421,95,40,2,558,0,0,0,558
03/14/2000,SAN,CA,AWP,WE,Combined TRACON& Tower with Radar,415,76,36,2,529,8,0,11,3,22,423,76,47,5,551,0,0,0,551
03/15/2000,SAN,CA,AWP,WE,Combined TRACON& Tower with Radar,431,89,38,0,558,0,2,11,0,13,431,91,49,0,571,0,0,0,571
03/16/2000,SAN,CA,AWP,WE,Combined TRACON& Tower with Radar,429,90,39,2,560,0,1,18,0,19,429,91,57,2,579,0,0,0,579
03/17/2000,SAN,CA,AWP,WE,Combined TRACON& Tower with Radar,432,88,38,2,560,0,0,14,0,14,432,88,52,2,574,0,0,0,574
03/18/2000,SAN,CA,AWP,WE,Combined TRACON& Tower with Radar,374,75,23,1,473,14,3,0,0,17,388,78,23,1,490,0,0,0,490
03/19/2000,SAN,CA,AWP,WE,Combined TRACON& Tower with Radar,407,83,36,2,528,0,4,14,0,18,407,87,50,2,546,0,0,0,546
03/20/2000,SAN,CA,AWP,WE,Combined TRACON& Tower with Radar,417,83,37,1,538,0,0,17,0,17,417,83,54,1,555,0,0,0,555
03/21/2000,SAN,CA,AWP,WE,Combined TRACON& Tower with Radar,429,86,38,1,554,7,0,7,0,14,436,86,45,1,568,0,0,0,568
03/22/2000,SAN,CA,AWP,WE,Combined TRACON& Tower with Radar,425,82,36,2,545,10,0,0,3,13,435,82,36,5,558,0,0,0,558
03/23/2000,SAN,CA,AWP,WE,Combined TRACON& Tower with Radar,433,84,39,0,556,0,0,31,0,31,433,84,70,0,587,0,0,0,587
03/24/2000,SAN,CA,AWP,WE,Combined TRACON& Tower with Radar,427,88,38,2,555,0,5,17,3,25,427,93,55,5,580,0,0,0,580
03/25/2000,SAN,CA,AWP,WE,Combined TRACON& Tower with Radar,376,76,33,2,487,7,4,2,4,17,383,80,35,6,504,0,0,0,504
03/26/2000,SAN,CA,AWP,WE,Combined TRACON& Tower with Radar,408,83,36,1,528,7,4,6,1,18,415,87,42,2,546,0,0,0,546
03/27/2000,SAN,CA,AWP,WE,Combined TRACON& Tower with Radar,411,89,38,1,539,0,5,17,1,23,411,94,55,2,562,0,0,0,562
03/28/2000,SAN,CA,AWP,WE,Combined TRACON& Tower with Radar,412,82,36,1,531,6,0,5,0,11,418,82,41,1,542,0,0,0,542
03/29/2000,SAN,CA,AWP,WE,Combined TRACON& Tower with Radar,428,87,38,1,554,0,0,10,1,11,428,87,48,2,565,0,0,0,565
03/30/2000,SAN,CA,AWP,WE,Combined TRACON& Tower with Radar,438,89,39,1,567,0,0,15,0,15,438,89,54,1,582,0,0,0,582
03/31/2000,SAN,CA,AWP,WE,Combined TRACON& Tower with Radar,429,88,38,1,556,0,7,8,2,17,429,95,46,3,573,0,0,0,573
04/01/2000,SAN,CA,AWP,WE,Combined TRACON& Tower with Radar,374,75,32,0,481,4,7,3,0,14,378,82,35,0,495,0,0,0,495
04/02/2000,SAN,CA,AWP,WE,Combined TRACON& Tower with Radar,405,83,35,0,523,0,7,13,0,20,405,90,48,0,543,0,0,0,543
04/03/2000,SAN,CA,AWP,WE,Combined TRACON& Tower with Radar,421,86,37,1,545,0,0,25,1,26,421,86,62,2,571,0,0,0,571
04/04/2000,SAN,CA,AWP,WE,Combined TRACON& Tower with Radar,437,92,38,1,568,0,5,16,2,23,437,97,54,3,591,0,0,0,591
04/05/2000,SAN,CA,AWP,WE,Combined TRACON& Tower with Radar,435,88,37,1,561,1,2,1,2,6,436,90,38,3,567,0,0,0,567
04/06/2000,SAN,CA,AWP,WE,Combined TRACON& Tower with Radar,434,83,38,0,555,0,0,23,4,27,434,83,61,4,582,0,0,0,582
04/07/2000,SAN,CA,AWP,WE,Combined TRACON& Tower with Radar,435,90,37,0,562,0,0,4,1,5,435,90,41,1,567,0,0,0,567
04/08/2000,SAN,CA,AWP,WE,Combined TRACON& Tower with Radar,369,76,26,0,471,0,11,0,2,13,369,87,26,2,484,0,0,0,484
04/09/2000,SAN,CA,AWP,WE,Combined TRACON& Tower with Radar,409,86,35,0,530,0,8,4,1,13,409,94,39,1,543,0,0,0,543
04/10/2000,SAN,CA,AWP,WE,Combined TRACON& Tower with Radar,407,84,26,0,517,10,0,0,3,13,417,84,26,3,530,0,0,0,530
04/11/2000,SAN,CA,AWP,WE,Combined TRACON& Tower with Radar,431,87,37,0,555,0,0,18,1,19,431,87,55,1,574,0,0,0,574
04/12/2000,SAN,CA,AWP,WE,Combined TRACON& Tower with Radar,442,75,37,0,554,0,0,17,2,19,442,75,54,2,573,0,0,0,573
04/13/2000,SAN,CA,AWP,WE,Combined TRACON& Tower with Radar,440,82,37,1,560,0,0,12,2,14,440,82,49,3,574,0,0,0,574
04/14/2000,SAN,CA,AWP,WE,Combined TRACON& Tower with Radar,429,87,36,0,552,0,0,7,0,7,429,87,43,0,559,0,0,0,559
04/15/2000,SAN,CA,AWP,WE,Combined TRACON& Tower with Radar,377,78,31,0,486,4,3,4,0,11,381,81,35,0,497,0,0,0,497
04/16/2000,SAN,CA,AWP,WE,Combined TRACON& Tower with Radar,398,82,25,0,505,9,8,0,0,17,407,90,25,0,522,0,0,0,522
04/17/2000,SAN,CA,AWP,WE,Combined TRACON& Tower with Radar,421,69,35,1,526,21,0,2,0,23,442,69,37,1,549,0,0,0,549
04/18/2000,SAN,CA,AWP,WE,Combined TRACON& Tower with Radar,421,85,26,1,533,14,1,0,0,15,435,86,26,1,548,0,0,0,548
04/19/2000,SAN,CA,AWP,WE,Combined TRACON& Tower with Radar,431,85,36,0,552,0,0,26,0,26,431,85,62,0,578,0,0,0,578
04/20/2000,SAN,CA,AWP,WE,Combined TRACON& Tower with Radar,424,86,35,1,546,10,5,1,0,16,434,91,36,1,562,0,0,0,562
04/21/2000,SAN,CA,AWP,WE,Combined TRACON& Tower with Radar,418,85,34,1,538,4,3,1,1,9,422,88,35,2,547,0,0,0,547
04/22/2000,SAN,CA,AWP,WE,Combined TRACON& Tower with Radar,359,73,20,0,452,14,0,0,0,14,373,73,20,0,466,0,0,0,466
04/23/2000,SAN,CA,AWP,WE,Combined TRACON& Tower with Radar,403,83,34,1,521,0,8,8,0,16,403,91,42,1,537,0,0,0,537
04/24/2000,SAN,CA,AWP,WE,Combined TRACON& Tower with Radar,432,89,36,1,558,0,0,7,8,15,432,89,43,9,573,0,0,0,573
04/25/2000,SAN,CA,AWP,WE,Combined TRACON& Tower with Radar,436,85,36,0,557,5,0,13,0,18,441,85,49,0,575,0,0,0,575
04/26/2000,SAN,CA,AWP,WE,Combined TRACON& Tower with Radar,436,90,37,1,564,0,0,13,3,16,436,90,50,4,580,0,0,0,580
04/27/2000,SAN,CA,AWP,WE,Combined TRACON& Tower with Radar,431,83,36,1,551,0,0,17,0,17,431,83,53,1,568,0,0,0,568
04/28/2000,SAN,CA,AWP,WE,Combined TRACON& Tower with Radar,427,87,35,1,550,3,0,1,0,4,430,87,36,1,554,0,0,0,554
04/29/2000,SAN,CA,AWP,WE,Combined TRACON& Tower with Radar,365,74,30,1,470,1,5,7,2,15,366,79,37,3,485,0,0,0,485
04/30/2000,SAN,CA,AWP,WE,Combined TRACON& Tower with Radar,406,83,34,0,523,0,7,15,0,22,406,90,49,0,545,0,0,0,545
05/01/2000,SAN,CA,AWP,WE,Combined TRACON& Tower with Radar,0,3,19,1,23,420,83,12,0,515,420,86,31,1,538,9,1,10,548
05/02/2000,SAN,CA,AWP,WE,Combined TRACON& Tower with Radar,0,4,19,5,28,442,84,16,0,542,442,88,35,5,570,0,0,0,570
05/03/2000,SAN,CA,AWP,WE,Combined TRACON& Tower with Radar,0,4,20,1,25,442,86,30,0,558,442,90,50,1,583,0,0,0,583
05/04/2000,SAN,CA,AWP,WE,Combined TRACON& Tower with Radar,0,2,7,1,10,445,87,41,0,573,445,89,48,1,583,0,0,0,583
05/05/2000,SAN,CA,AWP,WE,Combined TRACON& Tower with Radar,0,2,17,0,19,449,87,42,0,578,449,89,59,0,597,0,0,0,597
05/06/2000,SAN,CA,AWP,WE,Combined TRACON& Tower with Radar,0,3,22,2,27,376,76,17,0,469,376,79,39,2,496,0,0,0,496
05/07/2000,SAN,CA,AWP,WE,Combined TRACON& Tower with Radar,0,4,32,2,38,410,88,16,0,514,410,92,48,2,552,0,0,0,552
05/08/2000,SAN,CA,AWP,WE,Combined TRACON& Tower with Radar,0,2,11,2,15,412,84,54,0,550,412,86,65,2,565,0,0,0,565
05/09/2000,SAN,CA,AWP,WE,Combined TRACON& Tower with Radar,0,1,13,3,17,436,93,40,0,569,436,94,53,3,586,0,0,0,586
05/10/2000,SAN,CA,AWP,WE,Combined TRACON& Tower with Radar,0,2,24,0,26,440,89,20,0,549,440,91,44,0,575,0,0,0,575
05/11/2000,SAN,CA,AWP,WE,Combined TRACON& Tower with Radar,0,2,22,2,26,443,89,25,0,557,443,91,47,2,583,0,0,0,583
05/12/2000,SAN,CA,AWP,WE,Combined TRACON& Tower with Radar,0,3,36,4,43,439,95,24,0,558,439,98,60,4,601,0,0,0,601
05/13/2000,SAN,CA,AWP,WE,Combined TRACON& Tower with Radar,0,1,18,0,19,368,76,7,0,451,368,77,25,0,470,0,0,0,470
05/14/2000,SAN,CA,AWP,WE,Combined TRACON& Tower with Radar,0,1,13,1,15,405,87,16,0,508,405,88,29,1,523,0,0,0,523
05/15/2000,SAN,CA,AWP,WE,Combined TRACON& Tower with Radar,0,1,21,1,23,426,78,27,0,531,426,79,48,1,554,0,0,0,554
05/16/2000,SAN,CA,AWP,WE,Combined TRACON& Tower with Radar,0,1,17,2,20,434,96,53,0,583,434,97,70,2,603,0,0,0,603
05/17/2000,SAN,CA,AWP,WE,Combined TRACON& Tower with Radar,0,1,16,1,18,442,87,12,0,541,442,88,28,1,559,0,0,0,559
05/18/2000,SAN,CA,AWP,WE,Combined TRACON& Tower with Radar,0,2,22,5,29,420,83,26,0,529,420,85,48,5,558,0,0,0,558
05/19/2000,SAN,CA,AWP,WE,Combined TRACON& Tower with Radar,0,1,20,3,24,426,86,32,0,544,426,87,52,3,568,0,0,0,568
05/20/2000,SAN,CA,AWP,WE,Combined TRACON& Tower with Radar,0,1,12,4,17,378,77,19,0,474,378,78,31,4,491,0,0,0,491
05/21/2000,SAN,CA,AWP,WE,Combined TRACON& Tower with Radar,0,0,5,1,6,422,88,30,0,540,422,88,35,1,546,0,0,0,546
05/22/2000,SAN,CA,AWP,WE,Combined TRACON& Tower with Radar,0,0,6,1,7,447,90,34,0,571,447,90,40,1,578,0,0,0,578
05/23/2000,SAN,CA,AWP,WE,Combined TRACON& Tower with Radar,0,3,20,1,24,448,93,27,0,568,448,96,47,1,592,0,0,0,592
05/24/2000,SAN,CA,AWP,WE,Combined TRACON& Tower with Radar,0,2,18,5,25,442,89,36,2,569,442,91,54,7,594,0,0,0,594
05/25/2000,SAN,CA,AWP,WE,Combined TRACON& Tower with Radar,0,2,11,0,13,450,79,42,0,571,450,81,53,0,584,0,0,0,584
05/26/2000,SAN,CA,AWP,WE,Combined TRACON& Tower with Radar,0,3,24,0,27,436,89,42,0,567,436,92,66,0,594,0,0,0,594
05/27/2000,SAN,CA,AWP,WE,Combined TRACON& Tower with Radar,0,2,18,0,20,383,83,25,0,491,383,85,43,0,511,0,0,0,511
05/28/2000,SAN,CA,AWP,WE,Combined TRACON& Tower with Radar,0,1,11,2,14,405,81,29,0,515,405,82,40,2,529,0,0,0,529
05/29/2000,SAN,CA,AWP,WE,Combined TRACON& Tower with Radar,0,2,11,2,15,418,86,33,0,537,418,88,44,2,552,0,0,0,552
05/30/2000,SAN,CA,AWP,WE,Combined TRACON& Tower with Radar,0,2,16,3,21,433,86,31,2,552,433,88,47,5,573,0,0,0,573
05/31/2000,SAN,CA,AWP,WE,Combined TRACON& Tower with Radar,0,3,16,2,21,434,91,40,0,565,434,94,56,2,586,0,0,0,586
06/01/2000,SAN,CA,AWP,WE,Combined TRACON& Tower with Radar,436,89,39,1,565,0,6,8,0,14,436,95,47,1,579,0,0,0,579
06/02/2000,SAN,CA,AWP,WE,Combined TRACON& Tower with Radar,439,91,40,1,571,0,5,18,2,25,439,96,58,3,596,0,0,0,596
06/03/2000,SAN,CA,AWP,WE,Combined TRACON& Tower with Radar,375,76,30,1,482,8,6,0,0,14,383,82,30,1,496,0,0,0,496
06/04/2000,SAN,CA,AWP,WE,Combined TRACON& Tower with Radar,398,81,35,1,515,5,3,11,2,21,403,84,46,3,536,0,0,0,536
06/05/2000,SAN,CA,AWP,WE,Combined TRACON& Tower with Radar,429,87,32,1,549,9,6,0,0,15,438,93,32,1,564,0,0,0,564
06/06/2000,SAN,CA,AWP,WE,Combined TRACON& Tower with Radar,439,89,39,1,568,3,0,12,2,17,442,89,51,3,585,0,0,0,585
06/07/2000,SAN,CA,AWP,WE,Combined TRACON& Tower with Radar,427,87,38,0,552,12,1,2,0,15,439,88,40,0,567,0,0,0,567
06/08/2000,SAN,CA,AWP,WE,Combined TRACON& Tower with Radar,433,86,39,0,558,5,0,6,0,11,438,86,45,0,569,0,0,0,569
06/09/2000,SAN,CA,AWP,WE,Combined TRACON& Tower with Radar,431,87,39,1,558,0,0,30,2,32,431,87,69,3,590,0,0,0,590
06/10/2000,SAN,CA,AWP,WE,Combined TRACON& Tower with Radar,357,72,28,1,458,17,0,0,2,19,374,72,28,3,477,0,0,0,477
06/11/2000,SAN,CA,AWP,WE,Combined TRACON& Tower with Radar,420,86,38,1,545,0,1,27,1,29,420,87,65,2,574,0,0,0,574
06/12/2000,SAN,CA,AWP,WE,Combined TRACON& Tower with Radar,432,86,35,1,554,8,0,0,1,9,440,86,35,2,563,0,0,0,563
06/13/2000,SAN,CA,AWP,WE,Combined TRACON& Tower with Radar,433,83,39,1,556,4,0,5,0,9,437,83,44,1,565,0,0,0,565
06/14/2000,SAN,CA,AWP,WE,Combined TRACON& Tower with Radar,444,94,42,0,580,0,6,19,0,25,444,100,61,0,605,0,0,0,605
06/15/2000,SAN,CA,AWP,WE,Combined TRACON& Tower with Radar,449,92,39,0,580,0,1,24,0,25,449,93,63,0,605,0,0,0,605
06/16/2000,SAN,CA,AWP,WE,Combined TRACON& Tower with Radar,454,95,42,2,593,0,0,16,6,22,454,95,58,8,615,0,0,0,615
06/17/2000,SAN,CA,AWP,WE,Combined TRACON& Tower with Radar,401,82,35,1,519,0,0,13,0,13,401,82,48,1,532,0,0,0,532
06/18/2000,SAN,CA,AWP,WE,Combined TRACON& Tower with Radar,421,85,37,1,544,0,10,2,0,12,421,95,39,1,556,0,0,0,556
06/19/2000,SAN,CA,AWP,WE,Combined TRACON& Tower with Radar,442,89,38,2,571,0,1,5,0,6,442,90,43,2,577,0,0,0,577
06/20/2000,SAN,CA,AWP,WE,Combined TRACON& Tower with Radar,447,89,39,1,576,0,0,15,0,15,447,89,54,1,591,0,0,0,591
06/21/2000,SAN,CA,AWP,WE,Combined TRACON& Tower with Radar,451,90,39,1,581,0,0,10,0,10,451,90,49,1,591,0,0,0,591
06/22/2000,SAN,CA,AWP,WE,Combined TRACON& Tower with Radar,455,89,40,1,585,3,0,11,0,14,458,89,51,1,599,0,0,0,599
06/23/2000,SAN,CA,AWP,WE,Combined TRACON& Tower with Radar,461,86,41,2,590,0,0,16,9,25,461,86,57,11,615,0,0,0,615
06/24/2000,SAN,CA,AWP,WE,Combined TRACON& Tower with Radar,390,74,34,2,500,10,0,0,6,16,400,74,34,8,516,0,0,0,516
06/25/2000,SAN,CA,AWP,WE,Combined TRACON& Tower with Radar,416,83,32,0,531,8,4,0,0,12,424,87,32,0,543,0,0,0,543
06/26/2000,SAN,CA,AWP,WE,Combined TRACON& Tower with Radar,420,78,36,0,534,16,0,6,0,22,436,78,42,0,556,0,0,0,556
06/27/2000,SAN,CA,AWP,WE,Combined TRACON& Tower with Radar,448,89,39,2,578,2,0,11,3,16,450,89,50,5,594,0,0,0,594
06/28/2000,SAN,CA,AWP,WE,Combined TRACON& Tower with Radar,458,91,41,2,592,0,0,40,0,40,458,91,81,2,632,0,0,0,632
06/29/2000,SAN,CA,AWP,WE,Combined TRACON& Tower with Radar,452,90,39,1,582,1,0,8,5,14,453,90,47,6,596,0,0,0,596
06/30/2000,SAN,CA,AWP,WE,Combined TRACON& Tower with Radar,458,87,40,0,585,0,0,20,0,20,458,87,60,0,605,0,0,0,605
07/01/2000,SAN,CA,AWP,WE,Combined TRACON& Tower with Radar,382,78,35,1,496,18,0,0,0,18,400,78,35,1,514,0,0,0,514
07/02/2000,SAN,CA,AWP,WE,Combined TRACON& Tower with Radar,369,83,34,1,487,0,7,7,0,14,369,90,41,1,501,0,0,0,501
07/03/2000,SAN,CA,AWP,WE,Combined TRACON& Tower with Radar,374,84,35,1,494,6,2,5,4,17,380,86,40,5,511,0,0,0,511
07/04/2000,SAN,CA,AWP,WE,Combined TRACON& Tower with Radar,367,82,19,1,469,13,9,0,1,23,380,91,19,2,492,0,0,0,492
07/05/2000,SAN,CA,AWP,WE,Combined TRACON& Tower with Radar,442,91,41,1,575,0,0,25,0,25,442,91,66,1,600,0,0,0,600
07/06/2000,SAN,CA,AWP,WE,Combined TRACON& Tower with Radar,424,90,39,1,554,16,0,2,1,19,440,90,41,2,573,0,0,0,573
07/07/2000,SAN,CA,AWP,WE,Combined TRACON& Tower with Radar,445,91,42,1,579,0,0,30,1,31,445,91,72,2,610,0,0,0,610
07/08/2000,SAN,CA,AWP,WE,Combined TRACON& Tower with Radar,385,81,36,1,503,15,0,4,0,19,400,81,40,1,522,0,0,0,522
07/09/2000,SAN,CA,AWP,WE,Combined TRACON& Tower with Radar,418,94,39,1,552,0,2,9,0,11,418,96,48,1,563,0,0,0,563
07/10/2000,SAN,CA,AWP,WE,Combined TRACON& Tower with Radar,415,94,37,1,547,12,4,0,1,17,427,98,37,2,564,0,0,0,564
07/11/2000,SAN,CA,AWP,WE,Combined TRACON& Tower with Radar,446,101,42,0,589,0,8,10,0,18,446,109,52,0,607,16,0,16,623
07/12/2000,SAN,CA,AWP,WE,Combined TRACON& Tower with Radar,445,100,41,1,587,19,1,5,2,27,464,101,46,3,614,0,0,0,614
07/13/2000,SAN,CA,AWP,WE,Combined TRACON& Tower with Radar,429,95,38,1,563,15,0,0,1,16,444,95,38,2,579,0,0,0,579
07/14/2000,SAN,CA,AWP,WE,Combined TRACON& Tower with Radar,434,98,40,1,573,7,5,12,1,25,441,103,52,2,598,0,0,0,598
07/15/2000,SAN,CA,AWP,WE,Combined TRACON& Tower with Radar,388,85,34,1,508,12,0,0,0,12,400,85,34,1,520,0,0,0,520
07/16/2000,SAN,CA,AWP,WE,Combined TRACON& Tower with Radar,403,92,37,2,534,0,6,17,5,28,403,98,54,7,562,0,0,0,562
07/17/2000,SAN,CA,AWP,WE,Combined TRACON& Tower with Radar,429,99,40,2,570,0,0,27,0,27,429,99,67,2,597,0,0,0,597
07/18/2000,SAN,CA,AWP,WE,Combined TRACON& Tower with Radar,444,102,41,1,588,0,4,16,0,20,444,106,57,1,608,0,0,0,608
07/19/2000,SAN,CA,AWP,WE,Combined TRACON& Tower with Radar,436,99,40,2,577,0,12,9,0,21,436,111,49,2,598,0,0,0,598
07/20/2000,SAN,CA,AWP,WE,Combined TRACON& Tower with Radar,444,102,41,2,589,0,3,26,0,29,444,105,67,2,618,0,0,0,618
07/21/2000,SAN,CA,AWP,WE,Combined TRACON& Tower with Radar,436,99,40,2,577,0,1,18,0,19,436,100,58,2,596,0,0,0,596
07/22/2000,SAN,CA,AWP,WE,Combined TRACON& Tower with Radar,393,88,34,2,517,10,1,0,2,13,403,89,34,4,530,0,0,0,530
07/23/2000,SAN,CA,AWP,WE,Combined TRACON& Tower with Radar,421,94,38,2,555,0,3,10,1,14,421,97,48,3,569,0,0,0,569
07/24/2000,SAN,CA,AWP,WE,Combined TRACON& Tower with Radar,432,98,40,0,570,0,2,24,0,26,432,100,64,0,596,0,0,0,596
07/25/2000,SAN,CA,AWP,WE,Combined TRACON& Tower with Radar,442,98,40,0,580,0,0,30,0,30,442,98,70,0,610,0,0,0,610
07/26/2000,SAN,CA,AWP,WE,Combined TRACON& Tower with Radar,445,95,40,1,581,0,0,25,2,27,445,95,65,3,608,0,0,0,608
07/27/2000,SAN,CA,AWP,WE,Combined TRACON& Tower with Radar,450,94,41,1,586,0,0,44,3,47,450,94,85,4,633,0,0,0,633
07/28/2000,SAN,CA,AWP,WE,Combined TRACON& Tower with Radar,447,108,43,1,599,0,3,46,3,52,447,111,89,4,651,0,0,0,651
07/29/2000,SAN,CA,AWP,WE,Combined TRACON& Tower with Radar,391,86,35,1,513,3,0,0,9,12,394,86,35,10,525,0,0,0,525
07/30/2000,SAN,CA,AWP,WE,Combined TRACON& Tower with Radar,427,97,38,1,563,0,5,11,0,16,427,102,49,1,579,0,0,0,579
07/31/2000,SAN,CA,AWP,WE,Combined TRACON& Tower with Radar,429,97,38,1,565,23,14,54,5,96,452,111,92,6,661,0,0,0,661
08/01/2000,SAN,CA,AWP,WE,Combined TRACON& Tower with Radar,404,91,35,1,531,0,4,10,4,18,404,95,45,5,549,0,0,0,549
08/02/2000,SAN,CA,AWP,WE,Combined TRACON& Tower with Radar,445,100,39,1,585,0,0,29,1,30,445,100,68,2,615,0,0,0,615
08/03/2000,SAN,CA,AWP,WE,Combined TRACON& Tower with Radar,435,98,37,1,571,0,4,15,0,19,435,102,52,1,590,0,0,0,590
08/04/2000,SAN,CA,AWP,WE,Combined TRACON& Tower with Radar,431,96,37,1,565,2,0,10,1,13,433,96,47,2,578,0,0,0,578
08/05/2000,SAN,CA,AWP,WE,Combined TRACON& Tower with Radar,385,86,33,1,505,6,5,3,4,18,391,91,36,5,523,0,0,0,523
08/06/2000,SAN,CA,AWP,WE,Combined TRACON& Tower with Radar,425,97,37,1,560,0,5,10,0,15,425,102,47,1,575,0,0,0,575
08/07/2000,SAN,CA,AWP,WE,Combined TRACON& Tower with Radar,421,96,36,1,554,0,2,8,1,11,421,98,44,2,565,0,0,0,565
08/08/2000,SAN,CA,AWP,WE,Combined TRACON& Tower with Radar,439,98,38,1,576,0,0,22,3,25,439,98,60,4,601,0,0,0,601
08/09/2000,SAN,CA,AWP,WE,Combined TRACON& Tower with Radar,437,98,37,1,573,4,0,0,3,7,441,98,37,4,580,0,0,0,580
08/10/2000,SAN,CA,AWP,WE,Combined TRACON& Tower with Radar,439,90,37,1,567,12,0,11,1,24,451,90,48,2,591,0,0,0,591
08/11/2000,SAN,CA,AWP,WE,Combined TRACON& Tower with Radar,441,99,38,1,579,9,2,7,0,18,450,101,45,1,597,0,0,0,597
08/12/2000,SAN,CA,AWP,WE,Combined TRACON& Tower with Radar,399,83,34,1,517,8,0,13,1,22,407,83,47,2,539,0,0,0,539
08/13/2000,SAN,CA,AWP,WE,Combined TRACON& Tower with Radar,427,97,36,0,560,0,2,13,0,15,427,99,49,0,575,0,0,0,575
08/14/2000,SAN,CA,AWP,WE,Combined TRACON& Tower with Radar,431,93,35,1,560,6,0,10,0,16,437,93,45,1,576,0,0,0,576
08/15/2000,SAN,CA,AWP,WE,Combined TRACON& Tower with Radar,448,100,38,2,588,0,0,35,5,40,448,100,73,7,628,0,0,0,628
08/16/2000,SAN,CA,AWP,WE,Combined TRACON& Tower with Radar,433,96,36,2,567,15,0,0,0,15,448,96,36,2,582,0,0,0,582
08/17/2000,SAN,CA,AWP,WE,Combined TRACON& Tower with Radar,438,98,36,2,574,0,3,15,0,18,438,101,51,2,592,0,0,0,592
08/18/2000,SAN,CA,AWP,WE,Combined TRACON& Tower with Radar,442,99,37,1,579,0,0,33,0,33,442,99,70,1,612,0,0,0,612
08/19/2000,SAN,CA,AWP,WE,Combined TRACON& Tower with Radar,402,90,33,0,525,0,2,24,0,26,402,92,57,0,551,0,0,0,551
08/20/2000,SAN,CA,AWP,WE,Combined TRACON& Tower with Radar,419,97,36,1,553,0,2,37,0,39,419,99,73,1,592,0,0,0,592
08/21/2000,SAN,CA,AWP,WE,Combined TRACON& Tower with Radar,436,97,36,0,569,1,6,0,0,7,437,103,36,0,576,0,0,0,576
08/22/2000,SAN,CA,AWP,WE,Combined TRACON& Tower with Radar,438,97,32,2,569,7,11,0,7,25,445,108,32,9,594,1,4,5,599
08/23/2000,SAN,CA,AWP,WE,Combined TRACON& Tower with Radar,441,98,36,1,576,7,0,4,0,11,448,98,40,1,587,0,0,0,587
08/24/2000,SAN,CA,AWP,WE,Combined TRACON& Tower with Radar,454,98,38,1,591,0,0,23,3,26,454,98,61,4,617,0,0,0,617
08/25/2000,SAN,CA,AWP,WE,Combined TRACON& Tower with Radar,452,102,35,1,590,1,1,0,0,2,453,103,35,1,592,0,0,0,592
08/26/2000,SAN,CA,AWP,WE,Combined TRACON& Tower with Radar,397,86,27,1,511,5,0,0,9,14,402,86,27,10,525,0,0,0,525
08/27/2000,SAN,CA,AWP,WE,Combined TRACON& Tower with Radar,414,93,27,0,534,2,10,0,0,12,416,103,27,0,546,0,0,0,546
08/28/2000,SAN,CA,AWP,WE,Combined TRACON& Tower with Radar,435,98,34,1,568,0,3,0,2,5,435,101,34,3,573,0,0,0,573
08/29/2000,SAN,CA,AWP,WE,Combined TRACON& Tower with Radar,453,94,37,1,585,0,0,8,2,10,453,94,45,3,595,0,0,0,595
08/30/2000,SAN,CA,AWP,WE,Combined TRACON& Tower with Radar,446,100,31,1,578,6,4,0,0,10,452,104,31,1,588,0,0,0,588
08/31/2000,SAN,CA,AWP,WE,Combined TRACON& Tower with Radar,436,98,36,1,571,8,2,7,9,26,444,100,43,10,597,0,0,0,597
09/01/2000,SAN,CA,AWP,WE,Combined TRACON& Tower with Radar,425,95,33,0,553,19,0,15,0,34,444,95,48,0,587,0,0,0,587
09/02/2000,SAN,CA,AWP,WE,Combined TRACON& Tower with Radar,348,79,24,1,452,27,0,0,1,28,375,79,24,2,480,0,0,0,480
09/03/2000,SAN,CA,AWP,WE,Combined TRACON& Tower with Radar,344,84,13,1,442,23,0,0,3,26,367,84,13,4,468,0,0,0,468
09/04/2000,SAN,CA,AWP,WE,Combined TRACON& Tower with Radar,404,90,31,1,526,17,0,10,0,27,421,90,41,1,553,0,0,0,553
09/05/2000,SAN,CA,AWP,WE,Combined TRACON& Tower with Radar,420,92,32,0,544,14,0,22,0,36,434,92,54,0,580,0,0,0,580
09/06/2000,SAN,CA,AWP,WE,Combined TRACON& Tower with Radar,453,123,35,1,612,0,5,18,3,26,453,128,53,4,638,0,0,0,638
09/07/2000,SAN,CA,AWP,WE,Combined TRACON& Tower with Radar,441,118,33,1,593,4,8,0,0,12,445,126,33,1,605,0,0,0,605
09/08/2000,SAN,CA,AWP,WE,Combined TRACON& Tower with Radar,415,113,32,0,560,0,4,16,0,20,415,117,48,0,580,0,0,0,580
09/09/2000,SAN,CA,AWP,WE,Combined TRACON& Tower with Radar,391,106,30,1,528,0,6,22,6,34,391,112,52,7,562,0,0,0,562
09/10/2000,SAN,CA,AWP,WE,Combined TRACON& Tower with Radar,410,114,32,1,557,0,6,16,5,27,410,120,48,6,584,0,0,0,584
09/11/2000,SAN,CA,AWP,WE,Combined TRACON& Tower with Radar,414,111,32,1,558,1,5,10,0,16,415,116,42,1,574,0,0,0,574
09/12/2000,SAN,CA,AWP,WE,Combined TRACON& Tower with Radar,430,116,33,0,579,6,1,17,0,24,436,117,50,0,603,3,0,3,606
09/13/2000,SAN,CA,AWP,WE,Combined TRACON& Tower with Radar,442,122,34,2,600,0,3,18,2,23,442,125,52,4,623,0,0,0,623
09/14/2000,SAN,CA,AWP,WE,Combined TRACON& Tower with Radar,419,113,8,0,540,22,0,0,0,22,441,113,8,0,562,0,0,0,562
09/15/2000,SAN,CA,AWP,WE,Combined TRACON& Tower with Radar,441,120,33,1,595,0,5,14,0,19,441,125,47,1,614,0,0,0,614
09/16/2000,SAN,CA,AWP,WE,Combined TRACON& Tower with Radar,370,100,20,1,491,10,10,0,0,20,380,110,20,1,511,0,0,0,511
09/17/2000,SAN,CA,AWP,WE,Combined TRACON& Tower with Radar,409,109,30,2,550,0,8,0,4,12,409,117,30,6,562,0,0,0,562
09/18/2000,SAN,CA,AWP,WE,Combined TRACON& Tower with Radar,430,99,33,1,563,0,0,34,0,34,430,99,67,1,597,0,0,0,597
09/19/2000,SAN,CA,AWP,WE,Combined TRACON& Tower with Radar,432,116,33,2,583,0,0,23,0,23,432,116,56,2,606,0,0,0,606
09/20/2000,SAN,CA,AWP,WE,Combined TRACON& Tower with Radar,442,121,34,2,599,0,0,9,8,17,442,121,43,10,616,0,0,0,616
09/21/2000,SAN,CA,AWP,WE,Combined TRACON& Tower with Radar,435,120,34,1,590,0,4,14,0,18,435,124,48,1,608,0,0,0,608
09/22/2000,SAN,CA,AWP,WE,Combined TRACON& Tower with Radar,438,117,29,1,585,0,7,0,0,7,438,124,29,1,592,0,0,0,592
09/23/2000,SAN,CA,AWP,WE,Combined TRACON& Tower with Radar,378,101,28,1,508,0,10,8,0,18,378,111,36,1,526,0,0,0,526
09/24/2000,SAN,CA,AWP,WE,Combined TRACON& Tower with Radar,414,113,32,2,561,0,11,15,0,26,414,124,47,2,587,0,0,0,587
09/25/2000,SAN,CA,AWP,WE,Combined TRACON& Tower with Radar,434,116,33,2,585,0,6,6,0,12,434,122,39,2,597,0,0,0,597
09/26/2000,SAN,CA,AWP,WE,Combined TRACON& Tower with Radar,445,122,34,2,603,0,3,21,3,27,445,125,55,5,630,0,0,0,630
09/27/2000,SAN,CA,AWP,WE,Combined TRACON& Tower with Radar,443,126,35,2,606,0,0,28,5,33,443,126,63,7,639,0,0,0,639
09/28/2000,SAN,CA,AWP,WE,Combined TRACON& Tower with Radar,432,119,33,1,585,0,3,17,0,20,432,122,50,1,605,0,0,0,605
09/29/2000,SAN,CA,AWP,WE,Combined TRACON& Tower with Radar,447,119,28,2,596,3,9,0,0,12,450,128,28,2,608,0,0,0,608
09/30/2000,SAN,CA,AWP,WE,Combined TRACON& Tower with Radar,380,101,25,2,508,5,1,0,1,7,385,102,25,3,515,0,0,0,515
10/01/2000,SAN,CA,AWP,WE,Combined TRACON& Tower with Radar,392,117,34,0,543,3,9,0,1,13,395,126,34,1,556,0,0,0,556
10/02/2000,SAN,CA,AWP,WE,Combined TRACON& Tower with Radar,418,116,38,0,572,9,0,8,6,23,427,116,46,6,595,0,0,0,595
10/03/2000,SAN,CA,AWP,WE,Combined TRACON& Tower with Radar,431,118,40,0,589,4,0,7,1,12,435,118,47,1,601,0,0,0,601
10/04/2000,SAN,CA,AWP,WE,Combined TRACON& Tower with Radar,434,124,41,0,599,0,0,10,0,10,434,124,51,0,609,0,0,0,609
10/05/2000,SAN,CA,AWP,WE,Combined TRACON& Tower with Radar,440,121,40,0,601,0,0,41,0,41,440,121,81,0,642,0,0,0,642
10/06/2000,SAN,CA,AWP,WE,Combined TRACON& Tower with Radar,441,120,41,1,603,0,0,20,0,20,441,120,61,1,623,0,0,0,623
10/07/2000,SAN,CA,AWP,WE,Combined TRACON& Tower with Radar,384,115,32,1,532,9,1,0,0,10,393,116,32,1,542,0,0,0,542
10/08/2000,SAN,CA,AWP,WE,Combined TRACON& Tower with Radar,400,124,37,1,562,0,8,10,0,18,400,132,47,1,580,0,0,0,580
10/09/2000,SAN,CA,AWP,WE,Combined TRACON& Tower with Radar,418,123,37,1,579,0,0,11,1,12,418,123,48,2,591,0,0,0,591
10/10/2000,SAN,CA,AWP,WE,Combined TRACON& Tower with Radar,423,131,39,1,594,0,6,18,2,26,423,137,57,3,620,0,0,0,620
10/11/2000,SAN,CA,AWP,WE,Combined TRACON& Tower with Radar,433,129,39,0,601,3,5,2,0,10,436,134,41,0,611,0,0,0,611
10/12/2000,SAN,CA,AWP,WE,Combined TRACON& Tower with Radar,436,128,40,1,605,7,0,3,4,14,443,128,43,5,619,0,0,0,619
10/13/2000,SAN,CA,AWP,WE,Combined TRACON& Tower with Radar,447,130,40,1,618,1,0,19,1,21,448,130,59,2,639,0,0,0,639
10/14/2000,SAN,CA,AWP,WE,Combined TRACON& Tower with Radar,379,113,34,1,527,1,10,24,0,35,380,123,58,1,562,0,0,0,562
10/15/2000,SAN,CA,AWP,WE,Combined TRACON& Tower with Radar,397,122,36,0,555,0,21,0,0,21,397,143,36,0,576,0,0,0,576
10/16/2000,SAN,CA,AWP,WE,Combined TRACON& Tower with Radar,423,125,38,1,587,7,3,1,0,11,430,128,39,1,598,0,0,0,598
10/17/2000,SAN,CA,AWP,WE,Combined TRACON& Tower with Radar,419,119,37,0,575,11,0,2,0,13,430,119,39,0,588,0,0,0,588
10/18/2000,SAN,CA,AWP,WE,Combined TRACON& Tower with Radar,421,121,27,0,569,19,0,0,0,19,440,121,27,0,588,0,0,0,588
10/19/2000,SAN,CA,AWP,WE,Combined TRACON& Tower with Radar,404,110,37,0,551,0,0,22,0,22,404,110,59,0,573,0,0,0,573
10/20/2000,SAN,CA,AWP,WE,Combined TRACON& Tower with Radar,444,129,41,1,615,0,0,29,2,31,444,129,70,3,646,0,0,0,646
10/21/2000,SAN,CA,AWP,WE,Combined TRACON& Tower with Radar,385,115,33,1,534,0,8,0,3,11,385,123,33,4,545,0,0,0,545
10/22/2000,SAN,CA,AWP,WE,Combined TRACON& Tower with Radar,404,121,37,1,563,0,12,1,1,14,404,133,38,2,577,0,0,0,577
10/23/2000,SAN,CA,AWP,WE,Combined TRACON& Tower with Radar,431,128,39,0,598,0,7,7,0,14,431,135,46,0,612,0,0,0,612
10/24/2000,SAN,CA,AWP,WE,Combined TRACON& Tower with Radar,417,123,31,1,572,13,5,0,1,19,430,128,31,2,591,0,0,0,591
10/25/2000,SAN,CA,AWP,WE,Combined TRACON& Tower with Radar,435,131,40,1,607,0,10,6,0,16,435,141,46,1,623,0,0,0,623
10/26/2000,SAN,CA,AWP,WE,Combined TRACON& Tower with Radar,429,120,38,1,588,7,0,1,1,9,436,120,39,2,597,0,0,0,597
10/27/2000,SAN,CA,AWP,WE,Combined TRACON& Tower with Radar,419,122,38,0,579,9,0,3,0,12,428,122,41,0,591,0,0,0,591
10/28/2000,SAN,CA,AWP,WE,Combined TRACON& Tower with Radar,373,110,26,1,510,6,3,0,0,9,379,113,26,1,519,0,0,0,519
10/29/2000,SAN,CA,AWP,WE,Combined TRACON& Tower with Radar,402,117,36,0,555,2,0,5,0,7,404,117,41,0,562,0,0,0,562
10/30/2000,SAN,CA,AWP,WE,Combined TRACON& Tower with Radar,405,125,37,0,567,0,7,9,0,16,405,132,46,0,583,0,0,0,583
10/31/2000,SAN,CA,AWP,WE,Combined TRACON& Tower with Radar,425,120,38,0,583,2,0,15,3,20,427,120,53,3,603,0,0,0,603
11/01/2000,SAN,CA,AWP,WE,Combined TRACON& Tower with Radar,441,136,37,1,615,0,0,12,4,16,441,136,49,5,631,0,0,0,631
11/02/2000,SAN,CA,AWP,WE,Combined TRACON& Tower with Radar,433,131,36,1,601,3,0,19,5,27,436,131,55,6,628,0,0,0,628
11/03/2000,SAN,CA,AWP,WE,Combined TRACON& Tower with Radar,424,128,35,1,588,8,0,19,2,29,432,128,54,3,617,0,0,0,617
11/04/2000,SAN,CA,AWP,WE,Combined TRACON& Tower with Radar,377,116,26,0,519,10,7,0,0,17,387,123,26,0,536,0,0,0,536
11/05/2000,SAN,CA,AWP,WE,Combined TRACON& Tower with Radar,392,124,33,1,550,0,1,23,1,25,392,125,56,2,575,0,0,0,575
11/06/2000,SAN,CA,AWP,WE,Combined TRACON& Tower with Radar,421,130,31,0,582,0,8,0,0,8,421,138,31,0,590,0,0,0,590
11/07/2000,SAN,CA,AWP,WE,Combined TRACON& Tower with Radar,438,135,36,1,610,2,3,10,4,19,440,138,46,5,629,0,0,0,629
11/08/2000,SAN,CA,AWP,WE,Combined TRACON& Tower with Radar,418,133,34,2,587,0,13,10,4,27,418,146,44,6,614,0,0,0,614
11/09/2000,SAN,CA,AWP,WE,Combined TRACON& Tower with Radar,435,140,37,2,614,0,6,20,2,28,435,146,57,4,642,0,0,0,642
11/10/2000,SAN,CA,AWP,WE,Combined TRACON& Tower with Radar,432,133,35,2,602,0,0,15,0,15,432,133,50,2,617,0,0,0,617
11/11/2000,SAN,CA,AWP,WE,Combined TRACON& Tower with Radar,386,119,31,2,538,2,5,6,1,14,388,124,37,3,552,0,0,0,552
11/12/2000,SAN,CA,AWP,WE,Combined TRACON& Tower with Radar,402,129,34,2,567,0,11,41,1,53,402,140,75,3,620,0,0,0,620
11/13/2000,SAN,CA,AWP,WE,Combined TRACON& Tower with Radar,416,128,34,0,578,2,0,11,0,13,418,128,45,0,591,0,0,0,591
11/14/2000,SAN,CA,AWP,WE,Combined TRACON& Tower with Radar,430,135,35,2,602,0,0,17,1,18,430,135,52,3,620,106,36,142,762
11/15/2000,SAN,CA,AWP,WE,Combined TRACON& Tower with Radar,430,131,36,2,599,0,0,37,1,38,430,131,73,3,637,0,0,0,637
11/16/2000,SAN,CA,AWP,WE,Combined TRACON& Tower with Radar,423,129,34,2,588,6,0,18,4,28,429,129,52,6,616,0,0,0,616
11/17/2000,SAN,CA,AWP,WE,Combined TRACON& Tower with Radar,437,131,36,2,606,0,0,13,1,14,437,131,49,3,620,0,0,0,620
11/18/2000,SAN,CA,AWP,WE,Combined TRACON& Tower with Radar,384,117,31,2,534,4,4,17,3,28,388,121,48,5,562,0,0,0,562
11/19/2000,SAN,CA,AWP,WE,Combined TRACON& Tower with Radar,392,120,31,1,544,8,3,0,0,11,400,123,31,1,555,0,0,0,555
11/20/2000,SAN,CA,AWP,WE,Combined TRACON& Tower with Radar,412,126,33,1,572,7,2,15,0,24,419,128,48,1,596,0,0,0,596
11/21/2000,SAN,CA,AWP,WE,Combined TRACON& Tower with Radar,446,132,36,1,615,2,0,9,0,11,448,132,45,1,626,0,0,0,626
11/22/2000,SAN,CA,AWP,WE,Combined TRACON& Tower with Radar,441,132,35,2,610,0,0,4,4,8,441,132,39,6,618,0,0,0,618
11/23/2000,SAN,CA,AWP,WE,Combined TRACON& Tower with Radar,310,95,13,1,419,0,21,0,0,21,310,116,13,1,440,0,0,0,440
11/24/2000,SAN,CA,AWP,WE,Combined TRACON& Tower with Radar,327,101,26,0,454,0,19,0,0,19,327,120,26,0,473,0,0,0,473
11/25/2000,SAN,CA,AWP,WE,Combined TRACON& Tower with Radar,330,90,26,1,447,10,0,3,0,13,340,90,29,1,460,0,0,0,460
11/26/2000,SAN,CA,AWP,WE,Combined TRACON& Tower with Radar,434,110,35,2,581,1,0,36,1,38,435,110,71,3,619,0,0,0,619
11/27/2000,SAN,CA,AWP,WE,Combined TRACON& Tower with Radar,393,104,26,2,525,28,0,0,1,29,421,104,26,3,554,0,0,0,554
11/28/2000,SAN,CA,AWP,WE,Combined TRACON& Tower with Radar,432,130,21,2,585,16,0,0,2,18,448,130,21,4,603,0,0,0,603
11/29/2000,SAN,CA,AWP,WE,Combined TRACON& Tower with Radar,419,130,33,2,584,0,8,0,6,14,419,138,33,8,598,0,0,0,598
11/30/2000,SAN,CA,AWP,WE,Combined TRACON& Tower with Radar,416,109,33,1,559,7,0,19,0,26,423,109,52,1,585,0,0,0,585
12/01/2000,SAN,CA,AWP,WE,Combined TRACON& Tower with Radar,398,101,25,1,525,26,0,0,0,26,424,101,25,1,551,0,0,0,551
12/02/2000,SAN,CA,AWP,WE,Combined TRACON& Tower with Radar,393,114,26,1,534,0,0,12,0,12,393,114,38,1,546,0,0,0,546
12/03/2000,SAN,CA,AWP,WE,Combined TRACON& Tower with Radar,397,107,26,0,530,11,0,10,0,21,408,107,36,0,551,0,0,0,551
12/04/2000,SAN,CA,AWP,WE,Combined TRACON& Tower with Radar,406,122,23,1,552,8,2,0,2,12,414,124,23,3,564,0,0,0,564
12/05/2000,SAN,CA,AWP,WE,Combined TRACON& Tower with Radar,422,124,28,1,575,9,0,4,3,16,431,124,32,4,591,0,0,0,591
12/06/2000,SAN,CA,AWP,WE,Combined TRACON& Tower with Radar,425,128,24,1,578,9,1,0,2,12,434,129,24,3,590,45,23,68,658
12/07/2000,SAN,CA,AWP,WE,Combined TRACON& Tower with Radar,435,133,30,0,598,0,7,18,0,25,435,140,48,0,623,0,0,0,623
12/08/2000,SAN,CA,AWP,WE,Combined TRACON& Tower with Radar,425,128,29,1,583,0,0,12,3,15,425,128,41,4,598,0,0,0,598
12/09/2000,SAN,CA,AWP,WE,Combined TRACON& Tower with Radar,370,116,25,1,512,0,11,11,1,23,370,127,36,2,535,0,0,0,535
12/10/2000,SAN,CA,AWP,WE,Combined TRACON& Tower with Radar,390,125,28,1,544,0,16,8,3,27,390,141,36,4,571,0,0,0,571
12/11/2000,SAN,CA,AWP,WE,Combined TRACON& Tower with Radar,396,121,27,1,545,0,13,1,4,18,396,134,28,5,563,0,0,0,563
12/12/2000,SAN,CA,AWP,WE,Combined TRACON& Tower with Radar,430,132,28,0,590,0,12,1,0,13,430,144,29,0,603,0,0,0,603
12/13/2000,SAN,CA,AWP,WE,Combined TRACON& Tower with Radar,404,125,27,1,557,0,2,21,0,23,404,127,48,1,580,0,0,0,580
12/14/2000,SAN,CA,AWP,WE,Combined TRACON& Tower with Radar,430,133,29,2,594,0,2,19,2,23,430,135,48,4,617,0,0,0,617
12/15/2000,SAN,CA,AWP,WE,Combined TRACON& Tower with Radar,441,126,28,2,597,0,0,22,8,30,441,126,50,10,627,0,0,0,627
12/16/2000,SAN,CA,AWP,WE,Combined TRACON& Tower with Radar,394,118,25,1,538,0,3,13,0,16,394,121,38,1,554,0,0,0,554
12/17/2000,SAN,CA,AWP,WE,Combined TRACON& Tower with Radar,409,124,26,2,561,0,9,7,4,20,409,133,33,6,581,0,0,0,581
12/18/2000,SAN,CA,AWP,WE,Combined TRACON& Tower with Radar,421,122,26,2,571,14,0,0,0,14,435,122,26,2,585,0,0,0,585
12/19/2000,SAN,CA,AWP,WE,Combined TRACON& Tower with Radar,436,134,28,2,600,0,5,90,27,122,436,139,118,29,722,0,0,0,722
12/20/2000,SAN,CA,AWP,WE,Combined TRACON& Tower with Radar,433,133,28,2,596,0,4,13,2,19,433,137,41,4,615,0,0,0,615
12/21/2000,SAN,CA,AWP,WE,Combined TRACON& Tower with Radar,430,108,27,1,566,20,0,3,0,23,450,108,30,1,589,0,0,0,589
12/22/2000,SAN,CA,AWP,WE,Combined TRACON& Tower with Radar,425,94,27,2,548,36,0,3,0,39,461,94,30,2,587,0,0,0,587
12/23/2000,SAN,CA,AWP,WE,Combined TRACON& Tower with Radar,373,99,22,0,494,23,0,0,0,23,396,99,22,0,517,0,0,0,517
12/24/2000,SAN,CA,AWP,WE,Combined TRACON& Tower with Radar,357,108,13,1,479,0,18,0,0,18,357,126,13,1,497,0,0,0,497
12/25/2000,SAN,CA,AWP,WE,Combined TRACON& Tower with Radar,318,92,9,1,420,17,0,0,1,18,335,92,9,2,438,0,0,0,438
12/26/2000,SAN,CA,AWP,WE,Combined TRACON& Tower with Radar,416,128,27,1,572,0,7,4,1,12,416,135,31,2,584,0,0,0,584
12/27/2000,SAN,CA,AWP,WE,Combined TRACON& Tower with Radar,0,0,0,0,0,433,137,41,4,615,433,137,41,4,615,0,0,0,615
12/28/2000,SAN,CA,AWP,WE,Combined TRACON& Tower with Radar,429,130,28,0,587,0,8,6,0,14,429,138,34,0,601,0,0,0,601
12/29/2000,SAN,CA,AWP,WE,Combined TRACON& Tower with Radar,433,134,29,1,597,0,11,5,2,18,433,145,34,3,615,0,0,0,615
12/30/2000,SAN,CA,AWP,WE,Combined TRACON& Tower with Radar,262,82,17,0,361,0,0,17,3,20,262,82,34,3,381,0,0,0,381
12/31/2000,SAN,CA,AWP,WE,Combined TRACON& Tower with Radar,317,97,20,0,434,0,2,4,0,6,317,99,24,0,440,0,0,0,440
01/01/2001,SAN,CA,AWP,WE,Combined TRACON& Tower with Radar,357,97,19,0,473,19,0,0,0,19,376,97,19,0,492,0,0,0,492
01/02/2001,SAN,CA,AWP,WE,Combined TRACON& Tower with Radar,326,102,22,1,451,0,2,20,1,23,326,104,42,2,474,0,0,0,474
01/03/2001,SAN,CA,AWP,WE,Combined TRACON& Tower with Radar,440,136,30,1,607,3,0,18,0,21,443,136,48,1,628,0,0,0,628
01/04/2001,SAN,CA,AWP,WE,Combined TRACON& Tower with Radar,432,134,29,1,596,9,0,2,0,11,441,134,31,1,607,0,0,0,607
01/05/2001,SAN,CA,AWP,WE,Combined TRACON& Tower with Radar,421,126,28,1,576,10,0,8,1,19,431,126,36,2,595,0,0,0,595
01/06/2001,SAN,CA,AWP,WE,Combined TRACON& Tower with Radar,372,109,25,1,507,10,0,8,0,18,382,109,33,1,525,0,0,0,525
01/07/2001,SAN,CA,AWP,WE,Combined TRACON& Tower with Radar,395,113,27,0,535,10,0,11,0,21,405,113,38,0,556,0,0,0,556
01/08/2001,SAN,CA,AWP,WE,Combined TRACON& Tower with Radar,413,125,24,0,562,8,0,0,0,8,421,125,24,0,570,0,0,0,570
01/09/2001,SAN,CA,AWP,WE,Combined TRACON& Tower with Radar,431,134,29,1,595,2,1,4,0,7,433,135,33,1,602,0,0,0,602
01/10/2001,SAN,CA,AWP,WE,Combined TRACON& Tower with Radar,403,118,27,0,548,6,0,2,0,8,409,118,29,0,556,0,0,0,556
01/11/2001,SAN,CA,AWP,WE,Combined TRACON& Tower with Radar,416,133,29,0,578,0,3,13,0,16,416,136,42,0,594,0,0,0,594
01/12/2001,SAN,CA,AWP,WE,Combined TRACON& Tower with Radar,431,120,29,0,580,6,0,8,0,14,437,120,37,0,594,0,0,0,594
01/13/2001,SAN,CA,AWP,WE,Combined TRACON& Tower with Radar,386,119,24,1,530,0,4,0,3,7,386,123,24,4,537,0,0,0,537
01/14/2001,SAN,CA,AWP,WE,Combined TRACON& Tower with Radar,386,114,20,1,521,15,0,0,2,17,401,114,20,3,538,0,0,0,538
01/15/2001,SAN,CA,AWP,WE,Combined TRACON& Tower with Radar,415,125,27,0,567,3,0,4,0,7,418,125,31,0,574,0,0,0,574
01/16/2001,SAN,CA,AWP,WE,Combined TRACON& Tower with Radar,422,136,28,2,588,0,4,41,2,47,422,140,69,4,635,0,0,0,635
01/17/2001,SAN,CA,AWP,WE,Combined TRACON& Tower with Radar,433,130,28,0,591,1,0,15,0,16,434,130,43,0,607,0,0,0,607
01/18/2001,SAN,CA,AWP,WE,Combined TRACON& Tower with Radar,421,130,27,1,579,0,5,11,0,16,421,135,38,1,595,0,0,0,595
01/19/2001,SAN,CA,AWP,WE,Combined TRACON& Tower with Radar,428,132,28,1,589,0,5,13,0,18,428,137,41,1,607,0,0,0,607
01/20/2001,SAN,CA,AWP,WE,Combined TRACON& Tower with Radar,379,118,23,2,522,0,15,0,3,18,379,133,23,5,540,0,0,0,540
01/21/2001,SAN,CA,AWP,WE,Combined TRACON& Tower with Radar,398,127,27,2,554,0,11,21,0,32,398,138,48,2,586,0,0,0,586
01/22/2001,SAN,CA,AWP,WE,Combined TRACON& Tower with Radar,419,131,28,2,580,0,6,8,0,14,419,137,36,2,594,0,0,0,594
01/23/2001,SAN,CA,AWP,WE,Combined TRACON& Tower with Radar,428,131,28,2,589,2,2,2,3,9,430,133,30,5,598,0,0,0,598
01/24/2001,SAN,CA,AWP,WE,Combined TRACON& Tower with Radar,444,140,28,1,613,0,2,0,7,9,444,142,28,8,622,0,0,0,622
01/25/2001,SAN,CA,AWP,WE,Combined TRACON& Tower with Radar,426,135,28,1,590,0,9,10,2,21,426,144,38,3,611,0,0,0,611
01/26/2001,SAN,CA,AWP,WE,Combined TRACON& Tower with Radar,427,119,28,1,575,2,0,5,5,12,429,119,33,6,587,0,0,0,587
01/27/2001,SAN,CA,AWP,WE,Combined TRACON& Tower with Radar,375,116,20,1,512,0,5,0,1,6,375,121,20,2,518,0,0,0,518
01/28/2001,SAN,CA,AWP,WE,Combined TRACON& Tower with Radar,389,121,26,0,536,0,11,4,0,15,389,132,30,0,551,0,0,0,551
01/29/2001,SAN,CA,AWP,WE,Combined TRACON& Tower with Radar,411,131,27,1,570,0,7,9,2,18,411,138,36,3,588,0,0,0,588
01/30/2001,SAN,CA,AWP,WE,Combined TRACON& Tower with Radar,435,127,28,1,591,5,0,19,4,28,440,127,47,5,619,0,0,0,619
01/31/2001,SAN,CA,AWP,WE,Combined TRACON& Tower with Radar,435,136,29,1,601,0,5,10,1,16,435,141,39,2,617,0,0,0,617
02/01/2001,SAN,CA,AWP,WE,Combined TRACON& Tower with Radar,434,139,34,1,608,3,4,9,0,16,437,143,43,1,624,0,0,0,624
02/02/2001,SAN,CA,AWP,WE,Combined TRACON& Tower with Radar,430,133,33,1,597,3,0,26,1,30,433,133,59,2,627,0,0,0,627
02/03/2001,SAN,CA,AWP,WE,Combined TRACON& Tower with Radar,375,122,29,1,527,0,10,2,1,13,375,132,31,2,540,0,0,0,540
02/04/2001,SAN,CA,AWP,WE,Combined TRACON& Tower with Radar,392,131,31,1,555,0,12,26,1,39,392,143,57,2,594,0,0,0,594
02/05/2001,SAN,CA,AWP,WE,Combined TRACON& Tower with Radar,406,133,32,1,572,0,7,17,2,26,406,140,49,3,598,0,0,0,598
02/06/2001,SAN,CA,AWP,WE,Combined TRACON& Tower with Radar,422,130,32,1,585,7,0,3,1,11,429,130,35,2,596,0,0,0,596
02/07/2001,SAN,CA,AWP,WE,Combined TRACON& Tower with Radar,421,124,33,1,579,11,0,4,1,16,432,124,37,2,595,0,0,0,595
02/08/2001,SAN,CA,AWP,WE,Combined TRACON& Tower with Radar,422,130,32,1,585,4,0,9,7,20,426,130,41,8,605,0,0,0,605
02/09/2001,SAN,CA,AWP,WE,Combined TRACON& Tower with Radar,399,113,30,0,542,15,0,8,0,23,414,113,38,0,565,0,0,0,565
02/10/2001,SAN,CA,AWP,WE,Combined TRACON& Tower with Radar,358,106,24,1,489,18,0,0,0,18,376,106,24,1,507,0,0,0,507
02/11/2001,SAN,CA,AWP,WE,Combined TRACON& Tower with Radar,384,123,25,0,532,1,9,0,0,10,385,132,25,0,542,0,0,0,542
02/12/2001,SAN,CA,AWP,WE,Combined TRACON& Tower with Radar,404,119,30,2,555,11,0,0,3,14,415,119,30,5,569,0,0,0,569
02/13/2001,SAN,CA,AWP,WE,Combined TRACON& Tower with Radar,399,118,16,2,535,21,0,0,3,24,420,118,16,5,559,0,0,0,559
02/14/2001,SAN,CA,AWP,WE,Combined TRACON& Tower with Radar,433,138,23,1,595,6,7,0,0,13,439,145,23,1,608,0,0,0,608
02/15/2001,SAN,CA,AWP,WE,Combined TRACON& Tower with Radar,443,141,33,0,617,0,0,19,0,19,443,141,52,0,636,0,0,0,636
02/16/2001,SAN,CA,AWP,WE,Combined TRACON& Tower with Radar,428,136,32,0,596,2,5,15,0,22,430,141,47,0,618,0,0,0,618
02/17/2001,SAN,CA,AWP,WE,Combined TRACON& Tower with Radar,373,117,26,2,518,7,0,0,2,9,380,117,26,4,527,0,0,0,527
02/18/2001,SAN,CA,AWP,WE,Combined TRACON& Tower with Radar,386,126,26,2,540,0,12,0,4,16,386,138,26,6,556,0,0,0,556
02/19/2001,SAN,CA,AWP,WE,Combined TRACON& Tower with Radar,406,135,31,0,572,0,8,12,0,20,406,143,43,0,592,0,0,0,592
02/20/2001,SAN,CA,AWP,WE,Combined TRACON& Tower with Radar,421,138,33,1,593,0,4,20,0,24,421,142,53,1,617,0,0,0,617
02/21/2001,SAN,CA,AWP,WE,Combined TRACON& Tower with Radar,425,136,32,1,594,0,7,15,0,22,425,143,47,1,616,0,0,0,616
02/22/2001,SAN,CA,AWP,WE,Combined TRACON& Tower with Radar,419,141,33,2,595,0,3,24,1,28,419,144,57,3,623,0,0,0,623
02/23/2001,SAN,CA,AWP,WE,Combined TRACON& Tower with Radar,429,140,32,2,603,0,6,7,1,14,429,146,39,3,617,0,0,0,617
02/24/2001,SAN,CA,AWP,WE,Combined TRACON& Tower with Radar,381,118,16,2,517,39,0,0,3,42,420,118,16,5,559,0,0,0,559
02/25/2001,SAN,CA,AWP,WE,Combined TRACON& Tower with Radar,384,123,26,0,533,1,2,0,0,3,385,125,26,0,536,0,0,0,536
02/26/2001,SAN,CA,AWP,WE,Combined TRACON& Tower with Radar,418,125,29,1,573,11,0,0,2,13,429,125,29,3,586,0,0,0,586
02/27/2001,SAN,CA,AWP,WE,Combined TRACON& Tower with Radar,421,136,32,1,590,0,2,7,0,9,421,138,39,1,599,0,0,0,599
02/28/2001,SAN,CA,AWP,WE,Combined TRACON& Tower with Radar,410,131,32,1,574,0,0,21,2,23,410,131,53,3,597,0,0,0,597
03/01/2001,SAN,CA,AWP,WE,Combined TRACON& Tower with Radar,425,138,28,0,591,9,0,0,0,9,434,138,28,0,600,0,0,0,600
03/02/2001,SAN,CA,AWP,WE,Combined TRACON& Tower with Radar,416,135,33,1,585,4,0,9,0,13,420,135,42,1,598,0,0,0,598
03/03/2001,SAN,CA,AWP,WE,Combined TRACON& Tower with Radar,364,120,28,2,514,0,7,0,4,11,364,127,28,6,525,0,0,0,525
03/04/2001,SAN,CA,AWP,WE,Combined TRACON& Tower with Radar,377,125,26,0,528,6,4,0,0,10,383,129,26,0,538,0,0,0,538
03/05/2001,SAN,CA,AWP,WE,Combined TRACON& Tower with Radar,404,136,33,0,573,0,1,13,0,14,404,137,46,0,587,0,0,0,587
03/06/2001,SAN,CA,AWP,WE,Combined TRACON& Tower with Radar,418,121,33,1,573,0,0,22,1,23,418,121,55,2,596,0,0,0,596
03/07/2001,SAN,CA,AWP,WE,Combined TRACON& Tower with Radar,419,141,34,1,595,0,6,5,0,11,419,147,39,1,606,0,0,0,606
03/08/2001,SAN,CA,AWP,WE,Combined TRACON& Tower with Radar,417,125,33,1,576,1,0,26,2,29,418,125,59,3,605,0,0,0,605
03/09/2001,SAN,CA,AWP,WE,Combined TRACON& Tower with Radar,413,132,31,1,577,0,0,11,0,11,413,132,42,1,588,0,0,0,588
03/10/2001,SAN,CA,AWP,WE,Combined TRACON& Tower with Radar,363,120,26,2,511,3,9,0,0,12,366,129,26,2,523,0,0,0,523
03/11/2001,SAN,CA,AWP,WE,Combined TRACON& Tower with Radar,381,126,29,2,538,0,7,0,0,7,381,133,29,2,545,0,0,0,545
03/12/2001,SAN,CA,AWP,WE,Combined TRACON& Tower with Radar,407,135,31,2,575,4,4,3,2,13,411,139,34,4,588,0,0,0,588
03/13/2001,SAN,CA,AWP,WE,Combined TRACON& Tower with Radar,422,139,32,2,595,0,0,16,4,20,422,139,48,6,615,0,0,0,615
03/14/2001,SAN,CA,AWP,WE,Combined TRACON& Tower with Radar,417,136,33,2,588,0,0,21,3,24,417,136,54,5,612,0,0,0,612
03/15/2001,SAN,CA,AWP,WE,Combined TRACON& Tower with Radar,425,136,34,1,596,0,0,16,0,16,425,136,50,1,612,0,0,0,612
03/16/2001,SAN,CA,AWP,WE,Combined TRACON& Tower with Radar,414,138,32,2,586,0,0,7,8,15,414,138,39,10,601,0,0,0,601
03/17/2001,SAN,CA,AWP,WE,Combined TRACON& Tower with Radar,372,123,27,1,523,2,10,0,0,12,374,133,27,1,535,0,0,0,535
03/18/2001,SAN,CA,AWP,WE,Combined TRACON& Tower with Radar,379,131,30,2,542,0,10,28,1,39,379,141,58,3,581,0,0,0,581
03/19/2001,SAN,CA,AWP,WE,Combined TRACON& Tower with Radar,405,133,31,1,570,3,8,2,0,13,408,141,33,1,583,0,0,0,583
03/20/2001,SAN,CA,AWP,WE,Combined TRACON& Tower with Radar,421,130,30,2,583,22,0,0,0,22,443,130,30,2,605,0,0,0,605
03/21/2001,SAN,CA,AWP,WE,Combined TRACON& Tower with Radar,425,132,33,2,592,5,0,5,3,13,430,132,38,5,605,0,0,0,605
03/22/2001,SAN,CA,AWP,WE,Combined TRACON& Tower with Radar,417,136,22,1,576,10,3,0,0,13,427,139,22,1,589,0,0,0,589
03/23/2001,SAN,CA,AWP,WE,Combined TRACON& Tower with Radar,417,139,32,0,588,0,0,12,0,12,417,139,44,0,600,0,0,0,600
03/24/2001,SAN,CA,AWP,WE,Combined TRACON& Tower with Radar,368,119,27,2,516,2,0,0,4,6,370,119,27,6,522,0,0,0,522
03/25/2001,SAN,CA,AWP,WE,Combined TRACON& Tower with Radar,375,123,22,0,520,5,9,0,0,14,380,132,22,0,534,0,0,0,534
03/26/2001,SAN,CA,AWP,WE,Combined TRACON& Tower with Radar,410,134,32,1,577,3,1,1,0,5,413,135,33,1,582,0,0,0,582
03/27/2001,SAN,CA,AWP,WE,Combined TRACON& Tower with Radar,421,139,32,2,594,0,2,15,1,18,421,141,47,3,612,0,0,0,612
03/28/2001,SAN,CA,AWP,WE,Combined TRACON& Tower with Radar,436,140,33,1,610,0,0,12,0,12,436,140,45,1,622,0,0,0,622
03/29/2001,SAN,CA,AWP,WE,Combined TRACON& Tower with Radar,421,136,32,1,590,0,0,5,0,5,421,136,37,1,595,0,0,0,595
03/30/2001,SAN,CA,AWP,WE,Combined TRACON& Tower with Radar,417,140,33,2,592,0,4,21,3,28,417,144,54,5,620,0,0,0,620
03/31/2001,SAN,CA,AWP,WE,Combined TRACON& Tower with Radar,370,121,28,2,521,2,1,0,2,5,372,122,28,4,526,0,0,0,526
04/01/2001,SAN,CA,AWP,WE,Combined TRACON& Tower with Radar,389,130,22,1,542,3,0,0,1,4,392,130,22,2,546,0,0,0,546
04/02/2001,SAN,CA,AWP,WE,Combined TRACON& Tower with Radar,403,130,22,1,556,12,0,0,0,12,415,130,22,1,568,0,0,0,568
04/03/2001,SAN,CA,AWP,WE,Combined TRACON& Tower with Radar,422,135,29,0,586,9,0,3,0,12,431,135,32,0,598,0,0,0,598
04/04/2001,SAN,CA,AWP,WE,Combined TRACON& Tower with Radar,419,139,28,1,587,10,0,0,2,12,429,139,28,3,599,0,0,0,599
04/05/2001,SAN,CA,AWP,WE,Combined TRACON& Tower with Radar,421,140,29,1,591,0,0,7,0,7,421,140,36,1,598,0,0,0,598
04/06/2001,SAN,CA,AWP,WE,Combined TRACON& Tower with Radar,412,129,29,1,571,2,0,8,4,14,414,129,37,5,585,0,0,0,585
04/07/2001,SAN,CA,AWP,WE,Combined TRACON& Tower with Radar,389,130,26,0,545,0,1,0,0,1,389,131,26,0,546,0,0,0,546
04/08/2001,SAN,CA,AWP,WE,Combined TRACON& Tower with Radar,404,135,27,1,567,0,3,6,4,13,404,138,33,5,580,0,0,0,580
04/09/2001,SAN,CA,AWP,WE,Combined TRACON& Tower with Radar,402,131,24,2,559,7,0,0,2,9,409,131,24,4,568,0,0,0,568
04/10/2001,SAN,CA,AWP,WE,Combined TRACON& Tower with Radar,428,140,28,2,598,3,0,7,1,11,431,140,35,3,609,0,0,0,609
04/11/2001,SAN,CA,AWP,WE,Combined TRACON& Tower with Radar,415,134,27,2,578,1,0,5,2,8,416,134,32,4,586,0,0,0,586
04/12/2001,SAN,CA,AWP,WE,Combined TRACON& Tower with Radar,430,133,29,3,595,0,0,23,3,26,430,133,52,6,621,0,0,0,621
04/13/2001,SAN,CA,AWP,WE,Combined TRACON& Tower with Radar,427,142,28,2,599,4,2,7,2,15,431,144,35,4,614,0,0,0,614
04/14/2001,SAN,CA,AWP,WE,Combined TRACON& Tower with Radar,364,121,20,2,507,5,3,0,6,14,369,124,20,8,521,0,0,0,521
04/15/2001,SAN,CA,AWP,WE,Combined TRACON& Tower with Radar,399,135,27,0,561,0,0,4,0,4,399,135,31,0,565,0,0,0,565
04/16/2001,SAN,CA,AWP,WE,Combined TRACON& Tower with Radar,415,139,28,2,584,0,6,9,3,18,415,145,37,5,602,0,0,0,602
04/17/2001,SAN,CA,AWP,WE,Combined TRACON& Tower with Radar,437,145,29,2,613,0,7,14,0,21,437,152,43,2,634,0,0,0,634
04/18/2001,SAN,CA,AWP,WE,Combined TRACON& Tower with Radar,432,144,28,3,607,0,9,16,2,27,432,153,44,5,634,0,0,0,634
04/19/2001,SAN,CA,AWP,WE,Combined TRACON& Tower with Radar,433,144,28,1,606,0,5,9,0,14,433,149,37,1,620,0,0,0,620
04/20/2001,SAN,CA,AWP,WE,Combined TRACON& Tower with Radar,420,141,29,1,591,0,3,14,0,17,420,144,43,1,608,0,0,0,608
04/21/2001,SAN,CA,AWP,WE,Combined TRACON& Tower with Radar,376,125,22,2,525,0,11,0,0,11,376,136,22,2,536,0,0,0,536
04/22/2001,SAN,CA,AWP,WE,Combined TRACON& Tower with Radar,401,135,27,2,565,0,10,19,0,29,401,145,46,2,594,0,0,0,594
04/23/2001,SAN,CA,AWP,WE,Combined TRACON& Tower with Radar,417,135,27,1,580,6,0,18,0,24,423,135,45,1,604,0,0,0,604
04/24/2001,SAN,CA,AWP,WE,Combined TRACON& Tower with Radar,413,136,28,2,579,16,1,4,0,21,429,137,32,2,600,0,0,0,600
04/25/2001,SAN,CA,AWP,WE,Combined TRACON& Tower with Radar,430,132,28,2,592,12,0,4,0,16,442,132,32,2,608,0,0,0,608
04/26/2001,SAN,CA,AWP,WE,Combined TRACON& Tower with Radar,427,144,28,0,599,0,6,7,0,13,427,150,35,0,612,0,0,0,612
04/27/2001,SAN,CA,AWP,WE,Combined TRACON& Tower with Radar,430,136,28,3,597,0,0,24,1,25,430,136,52,4,622,0,0,0,622
04/28/2001,SAN,CA,AWP,WE,Combined TRACON& Tower with Radar,378,126,25,2,531,0,0,21,5,26,378,126,46,7,557,0,0,0,557
04/29/2001,SAN,CA,AWP,WE,Combined TRACON& Tower with Radar,398,133,27,2,560,0,6,7,1,14,398,139,34,3,574,0,0,0,574
04/30/2001,SAN,CA,AWP,WE,Combined TRACON& Tower with Radar,421,137,27,2,587,4,0,6,1,11,425,137,33,3,598,0,0,0,598
05/01/2001,SAN,CA,AWP,WE,Combined TRACON& Tower with Radar,436,134,33,0,603,2,0,0,0,2,438,134,33,0,605,3,2,5,610
05/02/2001,SAN,CA,AWP,WE,Combined TRACON& Tower with Radar,423,135,32,2,592,6,0,0,0,6,429,135,32,2,598,0,0,0,598
05/03/2001,SAN,CA,AWP,WE,Combined TRACON& Tower with Radar,430,134,32,2,598,4,0,0,8,12,434,134,32,10,610,0,0,0,610
05/04/2001,SAN,CA,AWP,WE,Combined TRACON& Tower with Radar,420,133,33,2,588,8,2,20,1,31,428,135,53,3,619,0,0,0,619
05/05/2001,SAN,CA,AWP,WE,Combined TRACON& Tower with Radar,373,119,29,2,523,0,17,4,1,22,373,136,33,3,545,0,0,0,545
05/06/2001,SAN,CA,AWP,WE,Combined TRACON& Tower with Radar,402,127,32,2,563,1,13,2,4,20,403,140,34,6,583,0,0,0,583
05/07/2001,SAN,CA,AWP,WE,Combined TRACON& Tower with Radar,442,141,35,2,620,0,8,6,0,14,442,149,41,2,634,0,0,0,634
05/08/2001,SAN,CA,AWP,WE,Combined TRACON& Tower with Radar,422,132,30,2,586,11,0,0,1,12,433,132,30,3,598,0,0,0,598
05/09/2001,SAN,CA,AWP,WE,Combined TRACON& Tower with Radar,430,129,34,2,595,8,0,3,0,11,438,129,37,2,606,0,0,0,606
05/10/2001,SAN,CA,AWP,WE,Combined TRACON& Tower with Radar,442,142,35,2,621,0,0,6,2,8,442,142,41,4,629,0,0,0,629
05/11/2001,SAN,CA,AWP,WE,Combined TRACON& Tower with Radar,450,142,36,0,628,6,0,0,0,6,456,142,36,0,634,0,0,0,634
05/12/2001,SAN,CA,AWP,WE,Combined TRACON& Tower with Radar,382,122,26,2,532,2,5,0,1,8,384,127,26,3,540,0,0,0,540
05/13/2001,SAN,CA,AWP,WE,Combined TRACON& Tower with Radar,410,131,32,2,575,0,5,1,2,8,410,136,33,4,583,0,0,0,583
05/14/2001,SAN,CA,AWP,WE,Combined TRACON& Tower with Radar,419,128,32,2,581,5,0,6,0,11,424,128,38,2,592,0,0,0,592
05/15/2001,SAN,CA,AWP,WE,Combined TRACON& Tower with Radar,429,135,33,3,600,0,0,7,0,7,429,135,40,3,607,0,0,0,607
05/16/2001,SAN,CA,AWP,WE,Combined TRACON& Tower with Radar,432,126,33,3,594,8,0,11,1,20,440,126,44,4,614,0,0,0,614
05/17/2001,SAN,CA,AWP,WE,Combined TRACON& Tower with Radar,432,139,34,2,607,0,0,25,0,25,432,139,59,2,632,0,0,0,632
05/18/2001,SAN,CA,AWP,WE,Combined TRACON& Tower with Radar,426,130,32,3,591,2,0,4,6,12,428,130,36,9,603,0,0,0,603
05/19/2001,SAN,CA,AWP,WE,Combined TRACON& Tower with Radar,375,118,21,3,517,9,3,0,7,19,384,121,21,10,536,0,0,0,536
05/20/2001,SAN,CA,AWP,WE,Combined TRACON& Tower with Radar,404,129,27,3,563,0,9,0,3,12,404,138,27,6,575,0,0,0,575
05/21/2001,SAN,CA,AWP,WE,Combined TRACON& Tower with Radar,422,141,37,2,602,0,0,18,0,18,422,141,55,2,620,0,0,0,620
05/22/2001,SAN,CA,AWP,WE,Combined TRACON& Tower with Radar,435,134,30,1,600,0,0,0,0,0,435,134,30,1,600,4,1,5,605
05/23/2001,SAN,CA,AWP,WE,Combined TRACON& Tower with Radar,443,135,34,3,615,25,0,20,1,46,468,135,54,4,661,0,0,0,661
05/24/2001,SAN,CA,AWP,WE,Combined TRACON& Tower with Radar,446,139,30,1,616,40,0,0,0,40,486,139,30,1,656,0,0,0,656
05/25/2001,SAN,CA,AWP,WE,Combined TRACON& Tower with Radar,426,133,34,3,596,0,0,25,0,25,426,133,59,3,621,0,0,0,621
05/26/2001,SAN,CA,AWP,WE,Combined TRACON& Tower with Radar,362,116,26,2,506,0,10,0,0,10,362,126,26,2,516,0,0,0,516
05/27/2001,SAN,CA,AWP,WE,Combined TRACON& Tower with Radar,343,110,23,1,477,0,4,0,7,11,343,114,23,8,488,0,0,0,488
05/28/2001,SAN,CA,AWP,WE,Combined TRACON& Tower with Radar,381,124,30,2,537,0,18,2,2,22,381,142,32,4,559,0,0,0,559
05/29/2001,SAN,CA,AWP,WE,Combined TRACON& Tower with Radar,425,139,33,0,597,0,7,18,0,25,425,146,51,0,622,0,0,0,622
05/30/2001,SAN,CA,AWP,WE,Combined TRACON& Tower with Radar,439,141,34,1,615,0,0,17,0,17,439,141,51,1,632,0,0,0,632
05/31/2001,SAN,CA,AWP,WE,Combined TRACON& Tower with Radar,448,125,32,0,605,26,0,0,0,26,474,125,32,0,631,0,0,0,631
06/01/2001,SAN,CA,AWP,WE,Combined TRACON& Tower with Radar,421,125,31,2,579,0,0,0,15,15,421,125,31,17,594,0,0,0,594
06/02/2001,SAN,CA,AWP,WE,Combined TRACON& Tower with Radar,384,119,19,2,524,1,0,0,10,11,385,119,19,12,535,0,0,0,535
06/03/2001,SAN,CA,AWP,WE,Combined TRACON& Tower with Radar,406,126,30,3,565,0,3,12,3,18,406,129,42,6,583,0,0,0,583
06/04/2001,SAN,CA,AWP,WE,Combined TRACON& Tower with Radar,422,131,32,0,585,0,7,14,0,21,422,138,46,0,606,0,0,0,606
06/05/2001,SAN,CA,AWP,WE,Combined TRACON& Tower with Radar,436,140,35,3,614,0,18,10,0,28,436,158,45,3,642,0,0,0,642
06/06/2001,SAN,CA,AWP,WE,Combined TRACON& Tower with Radar,436,138,34,2,610,0,7,8,0,15,436,145,42,2,625,0,0,0,625
06/07/2001,SAN,CA,AWP,WE,Combined TRACON& Tower with Radar,431,133,33,3,600,0,0,13,1,14,431,133,46,4,614,0,0,0,614
06/08/2001,SAN,CA,AWP,WE,Combined TRACON& Tower with Radar,431,135,33,3,602,0,0,23,1,24,431,135,56,4,626,0,0,0,626
06/09/2001,SAN,CA,AWP,WE,Combined TRACON& Tower with Radar,360,103,16,3,482,18,0,0,4,22,378,103,16,7,504,0,0,0,504
06/10/2001,SAN,CA,AWP,WE,Combined TRACON& Tower with Radar,413,129,32,3,577,0,8,3,4,15,413,137,35,7,592,0,0,0,592
06/11/2001,SAN,CA,AWP,WE,Combined TRACON& Tower with Radar,418,130,31,2,581,0,1,13,0,14,418,131,44,2,595,0,0,0,595
06/12/2001,SAN,CA,AWP,WE,Combined TRACON& Tower with Radar,418,125,25,1,569,13,0,0,0,13,431,125,25,1,582,1,0,1,583
06/13/2001,SAN,CA,AWP,WE,Combined TRACON& Tower with Radar,432,136,33,3,604,0,5,7,0,12,432,141,40,3,616,0,0,0,616
06/14/2001,SAN,CA,AWP,WE,Combined TRACON& Tower with Radar,435,132,33,1,601,3,0,9,0,12,438,132,42,1,613,0,0,0,613
06/15/2001,SAN,CA,AWP,WE,Combined TRACON& Tower with Radar,433,125,32,1,591,13,0,19,0,32,446,125,51,1,623,0,0,0,623
06/16/2001,SAN,CA,AWP,WE,Combined TRACON& Tower with Radar,387,118,22,1,528,13,7,0,0,20,400,125,22,1,548,0,0,0,548
06/17/2001,SAN,CA,AWP,WE,Combined TRACON& Tower with Radar,405,119,30,1,555,14,0,5,0,19,419,119,35,1,574,0,0,0,574
06/18/2001,SAN,CA,AWP,WE,Combined TRACON& Tower with Radar,427,128,32,1,588,7,0,2,0,9,434,128,34,1,597,0,0,0,597
06/19/2001,SAN,CA,AWP,WE,Combined TRACON& Tower with Radar,436,117,33,2,588,23,0,0,0,23,459,117,33,2,611,0,0,0,611
06/20/2001,SAN,CA,AWP,WE,Combined TRACON& Tower with Radar,430,133,33,1,597,0,0,21,0,21,430,133,54,1,618,0,0,0,618
06/21/2001,SAN,CA,AWP,WE,Combined TRACON& Tower with Radar,445,136,33,2,616,7,0,12,0,19,452,136,45,2,635,0,0,0,635
06/22/2001,SAN,CA,AWP,WE,Combined TRACON& Tower with Radar,422,131,32,3,588,0,7,6,6,19,422,138,38,9,607,0,0,0,607
06/23/2001,SAN,CA,AWP,WE,Combined TRACON& Tower with Radar,399,122,29,1,551,9,0,0,0,9,408,122,29,1,560,0,0,0,560
06/24/2001,SAN,CA,AWP,WE,Combined TRACON& Tower with Radar,419,130,32,2,583,0,3,18,0,21,419,133,50,2,604,0,0,0,604
06/25/2001,SAN,CA,AWP,WE,Combined TRACON& Tower with Radar,430,133,33,3,599,0,4,16,0,20,430,137,49,3,619,0,0,0,619
06/26/2001,SAN,CA,AWP,WE,Combined TRACON& Tower with Radar,443,129,33,2,607,4,0,17,0,21,447,129,50,2,628,0,0,0,628
06/27/2001,SAN,CA,AWP,WE,Combined TRACON& Tower with Radar,440,138,33,2,613,0,2,12,8,22,440,140,45,10,635,0,0,0,635
06/28/2001,SAN,CA,AWP,WE,Combined TRACON& Tower with Radar,439,138,34,0,611,0,3,8,0,11,439,141,42,0,622,0,0,0,622
06/29/2001,SAN,CA,AWP,WE,Combined TRACON& Tower with Radar,431,130,34,2,597,0,0,31,4,35,431,130,65,6,632,0,0,0,632
06/30/2001,SAN,CA,AWP,WE,Combined TRACON& Tower with Radar,396,122,29,0,547,1,4,9,0,14,397,126,38,0,561,0,0,0,561
07/01/2001,SAN,CA,AWP,WE,Combined TRACON& Tower with Radar,415,124,31,3,573,0,4,6,4,14,415,128,37,7,587,0,0,0,587
07/02/2001,SAN,CA,AWP,WE,Combined TRACON& Tower with Radar,414,122,19,3,558,17,0,0,2,19,431,122,19,5,577,0,0,0,577
07/03/2001,SAN,CA,AWP,WE,Combined TRACON& Tower with Radar,446,126,34,3,609,0,0,4,0,4,446,126,38,3,613,15,0,15,628
07/04/2001,SAN,CA,AWP,WE,Combined TRACON& Tower with Radar,374,103,17,0,494,26,0,0,0,26,400,103,17,0,520,0,0,0,520
07/05/2001,SAN,CA,AWP,WE,Combined TRACON& Tower with Radar,440,130,33,1,604,10,0,0,0,10,450,130,33,1,614,0,0,0,614
07/06/2001,SAN,CA,AWP,WE,Combined TRACON& Tower with Radar,439,122,33,3,597,3,0,3,8,14,442,122,36,11,611,0,0,0,611
07/07/2001,SAN,CA,AWP,WE,Combined TRACON& Tower with Radar,387,115,19,2,523,10,1,0,4,15,397,116,19,6,538,0,0,0,538
07/08/2001,SAN,CA,AWP,WE,Combined TRACON& Tower with Radar,426,122,32,1,581,5,0,10,0,15,431,122,42,1,596,0,0,0,596
07/09/2001,SAN,CA,AWP,WE,Combined TRACON& Tower with Radar,433,131,33,3,600,0,0,14,1,15,433,131,47,4,615,0,0,0,615
07/10/2001,SAN,CA,AWP,WE,Combined TRACON& Tower with Radar,438,130,31,3,602,5,3,0,1,9,443,133,31,4,611,0,0,0,611
07/11/2001,SAN,CA,AWP,WE,Combined TRACON& Tower with Radar,450,135,34,3,622,0,0,16,0,16,450,135,50,3,638,0,0,0,638
07/12/2001,SAN,CA,AWP,WE,Combined TRACON& Tower with Radar,443,134,34,3,614,0,6,19,1,26,443,140,53,4,640,0,0,0,640
07/13/2001,SAN,CA,AWP,WE,Combined TRACON& Tower with Radar,435,130,33,3,601,0,0,19,7,26,435,130,52,10,627,0,0,0,627
07/14/2001,SAN,CA,AWP,WE,Combined TRACON& Tower with Radar,419,123,31,0,573,4,0,3,0,7,423,123,34,0,580,0,0,0,580
07/15/2001,SAN,CA,AWP,WE,Combined TRACON& Tower with Radar,435,115,32,4,586,0,0,24,2,26,435,115,56,6,612,0,0,0,612
07/16/2001,SAN,CA,AWP,WE,Combined TRACON& Tower with Radar,433,128,32,4,597,0,7,8,2,17,433,135,40,6,614,0,0,0,614
07/17/2001,SAN,CA,AWP,WE,Combined TRACON& Tower with Radar,442,139,34,4,619,0,9,35,1,45,442,148,69,5,664,0,0,0,664
07/18/2001,SAN,CA,AWP,WE,Combined TRACON& Tower with Radar,444,134,33,1,612,0,0,11,0,11,444,134,44,1,623,8,5,13,636
07/19/2001,SAN,CA,AWP,WE,Combined TRACON& Tower with Radar,453,137,34,3,627,0,2,14,0,16,453,139,48,3,643,0,0,0,643
07/20/2001,SAN,CA,AWP,WE,Combined TRACON& Tower with Radar,445,128,32,4,609,0,0,25,0,25,445,128,57,4,634,0,0,0,634
07/21/2001,SAN,CA,AWP,WE,Combined TRACON& Tower with Radar,397,117,29,3,546,1,2,13,1,17,398,119,42,4,563,0,0,0,563
07/22/2001,SAN,CA,AWP,WE,Combined TRACON& Tower with Radar,428,129,32,2,591,0,5,16,0,21,428,134,48,2,612,0,0,0,612
07/23/2001,SAN,CA,AWP,WE,Combined TRACON& Tower with Radar,438,129,32,4,603,0,1,6,3,10,438,130,38,7,613,0,0,0,613
07/24/2001,SAN,CA,AWP,WE,Combined TRACON& Tower with Radar,444,134,33,1,612,0,7,11,0,18,444,141,44,1,630,0,0,0,630
07/25/2001,SAN,CA,AWP,WE,Combined TRACON& Tower with Radar,442,131,32,3,608,10,1,3,1,15,452,132,35,4,623,0,0,0,623
07/26/2001,SAN,CA,AWP,WE,Combined TRACON& Tower with Radar,447,136,33,3,619,0,1,19,0,20,447,137,52,3,639,0,0,0,639
07/27/2001,SAN,CA,AWP,WE,Combined TRACON& Tower with Radar,473,137,35,3,648,4,0,3,4,11,477,137,38,7,659,0,0,0,659
07/28/2001,SAN,CA,AWP,WE,Combined TRACON& Tower with Radar,391,113,22,2,528,21,0,0,0,21,412,113,22,2,549,0,0,0,549
07/29/2001,SAN,CA,AWP,WE,Combined TRACON& Tower with Radar,426,125,22,3,576,2,17,0,1,20,428,142,22,4,596,0,0,0,596
07/30/2001,SAN,CA,AWP,WE,Combined TRACON& Tower with Radar,444,132,32,3,611,1,4,8,0,13,445,136,40,3,624,0,0,0,624
07/31/2001,SAN,CA,AWP,WE,Combined TRACON& Tower with Radar,448,130,32,2,612,5,0,0,0,5,453,130,32,2,617,0,0,0,617
08/01/2001,SAN,CA,AWP,WE,Combined TRACON& Tower with Radar,453,126,35,1,615,0,6,10,2,18,453,132,45,3,633,0,0,0,633
08/02/2001,SAN,CA,AWP,WE,Combined TRACON& Tower with Radar,448,125,34,1,608,0,7,6,4,17,448,132,40,5,625,0,0,0,625
08/03/2001,SAN,CA,AWP,WE,Combined TRACON& Tower with Radar,455,123,34,0,612,1,0,8,0,9,456,123,42,0,621,0,0,0,621
08/04/2001,SAN,CA,AWP,WE,Combined TRACON& Tower with Radar,397,103,28,1,529,17,0,0,0,17,414,103,28,1,546,0,0,0,546
08/05/2001,SAN,CA,AWP,WE,Combined TRACON& Tower with Radar,434,119,30,0,583,2,7,0,0,9,436,126,30,0,592,0,0,0,592
08/06/2001,SAN,CA,AWP,WE,Combined TRACON& Tower with Radar,446,122,33,1,602,0,0,15,0,15,446,122,48,1,617,0,0,0,617
08/07/2001,SAN,CA,AWP,WE,Combined TRACON& Tower with Radar,466,123,35,0,624,2,0,14,0,16,468,123,49,0,640,0,0,0,640
08/08/2001,SAN,CA,AWP,WE,Combined TRACON& Tower with Radar,459,122,35,1,617,0,0,15,6,21,459,122,50,7,638,0,0,0,638
08/09/2001,SAN,CA,AWP,WE,Combined TRACON& Tower with Radar,452,128,36,1,617,0,0,32,11,43,452,128,68,12,660,0,0,0,660
08/10/2001,SAN,CA,AWP,WE,Combined TRACON& Tower with Radar,441,117,33,1,592,1,0,9,1,11,442,117,42,2,603,0,0,0,603
08/11/2001,SAN,CA,AWP,WE,Combined TRACON& Tower with Radar,397,101,29,2,529,12,0,11,1,24,409,101,40,3,553,0,0,0,553
08/12/2001,SAN,CA,AWP,WE,Combined TRACON& Tower with Radar,421,120,32,0,573,0,16,6,0,22,421,136,38,0,595,7,0,7,602
08/13/2001,SAN,CA,AWP,WE,Combined TRACON& Tower with Radar,461,126,33,2,622,2,0,9,0,11,463,126,42,2,633,0,0,0,633
08/14/2001,SAN,CA,AWP,WE,Combined TRACON& Tower with Radar,457,125,33,1,616,8,1,2,0,11,465,126,35,1,627,0,0,0,627
08/15/2001,SAN,CA,AWP,WE,Combined TRACON& Tower with Radar,458,125,34,1,618,1,0,15,0,16,459,125,49,1,634,0,0,0,634
08/16/2001,SAN,CA,AWP,WE,Combined TRACON& Tower with Radar,457,128,34,0,619,0,1,11,0,12,457,129,45,0,631,0,0,0,631
08/17/2001,SAN,CA,AWP,WE,Combined TRACON& Tower with Radar,450,122,32,2,606,0,0,18,0,18,450,122,50,2,624,0,0,0,624
08/18/2001,SAN,CA,AWP,WE,Combined TRACON& Tower with Radar,426,115,30,2,573,8,1,0,3,12,434,116,30,5,585,0,0,0,585
08/19/2001,SAN,CA,AWP,WE,Combined TRACON& Tower with Radar,435,121,32,0,588,0,18,15,0,33,435,139,47,0,621,0,0,0,621
08/20/2001,SAN,CA,AWP,WE,Combined TRACON& Tower with Radar,441,119,32,2,594,6,4,2,0,12,447,123,34,2,606,0,0,0,606
08/21/2001,SAN,CA,AWP,WE,Combined TRACON& Tower with Radar,447,121,22,2,592,1,9,0,1,11,448,130,22,3,603,0,0,0,603
08/22/2001,SAN,CA,AWP,WE,Combined TRACON& Tower with Radar,450,120,32,1,603,2,0,11,0,13,452,120,43,1,616,0,0,0,616
08/23/2001,SAN,CA,AWP,WE,Combined TRACON& Tower with Radar,459,125,33,2,619,0,7,5,11,23,459,132,38,13,642,0,0,0,642
08/24/2001,SAN,CA,AWP,WE,Combined TRACON& Tower with Radar,450,126,34,2,612,0,5,21,0,26,450,131,55,2,638,0,0,0,638
08/25/2001,SAN,CA,AWP,WE,Combined TRACON& Tower with Radar,399,100,28,2,529,13,0,0,7,20,412,100,28,9,549,0,0,0,549
08/26/2001,SAN,CA,AWP,WE,Combined TRACON& Tower with Radar,429,107,31,0,567,4,0,0,0,4,433,107,31,0,571,2,1,3,574
08/27/2001,SAN,CA,AWP,WE,Combined TRACON& Tower with Radar,452,125,34,1,612,0,2,4,3,9,452,127,38,4,621,0,0,0,621
08/28/2001,SAN,CA,AWP,WE,Combined TRACON& Tower with Radar,459,111,32,1,603,19,0,0,0,19,478,111,32,1,622,0,0,0,622
08/29/2001,SAN,CA,AWP,WE,Combined TRACON& Tower with Radar,455,124,33,1,613,0,4,1,7,12,455,128,34,8,625,0,0,0,625
08/30/2001,SAN,CA,AWP,WE,Combined TRACON& Tower with Radar,451,121,33,1,606,5,0,6,2,13,456,121,39,3,619,0,0,0,619
08/31/2001,SAN,CA,AWP,WE,Combined TRACON& Tower with Radar,437,115,28,1,581,9,0,0,1,10,446,115,28,2,591,0,0,0,591
09/01/2001,SAN,CA,AWP,WE,Combined TRACON& Tower with Radar,354,94,11,2,461,24,0,0,0,24,378,94,11,2,485,0,0,0,485
09/02/2001,SAN,CA,AWP,WE,Combined TRACON& Tower with Radar,362,100,27,3,492,2,5,8,4,19,364,105,35,7,511,0,0,0,511
09/03/2001,SAN,CA,AWP,WE,Combined TRACON& Tower with Radar,421,117,24,1,563,6,4,0,0,10,427,121,24,1,573,0,0,0,573
09/04/2001,SAN,CA,AWP,WE,Combined TRACON& Tower with Radar,445,123,29,1,598,14,2,0,0,16,459,125,29,1,614,0,0,0,614
09/05/2001,SAN,CA,AWP,WE,Combined TRACON& Tower with Radar,443,126,34,4,607,0,0,29,3,32,443,126,63,7,639,0,0,0,639
09/06/2001,SAN,CA,AWP,WE,Combined TRACON& Tower with Radar,461,123,34,2,620,0,0,13,0,13,461,123,47,2,633,0,0,0,633
09/07/2001,SAN,CA,AWP,WE,Combined TRACON& Tower with Radar,455,117,33,3,608,5,0,12,9,26,460,117,45,12,634,0,0,0,634
09/08/2001,SAN,CA,AWP,WE,Combined TRACON& Tower with Radar,409,112,30,3,554,9,0,4,3,16,418,112,34,6,570,0,0,0,570
09/09/2001,SAN,CA,AWP,WE,Combined TRACON& Tower with Radar,413,118,31,2,564,0,10,0,0,10,413,128,31,2,574,1,0,1,575
09/10/2001,SAN,CA,AWP,WE,Combined TRACON& Tower with Radar,424,119,31,3,577,0,5,0,0,5,424,124,31,3,582,0,0,0,582
09/11/2001,SAN,CA,AWP,WE,Combined TRACON& Tower with Radar,1,0,0,0,1,1,0,0,0,1,2,0,0,0,2,0,0,0,2
09/12/2001,SAN,CA,AWP,WE,Combined TRACON& Tower with Radar,0,0,0,0,0,0,1,0,0,1,0,1,0,0,1,0,0,0,1
09/13/2001,SAN,CA,AWP,WE,Combined TRACON& Tower with Radar,33,24,0,1,58,0,44,0,14,58,33,68,0,15,116,0,0,0,116
09/14/2001,SAN,CA,AWP,WE,Combined TRACON& Tower with Radar,258,78,18,3,357,0,24,0,14,38,258,102,18,17,395,0,0,0,395
09/15/2001,SAN,CA,AWP,WE,Combined TRACON& Tower with Radar,280,82,21,3,386,0,12,3,6,21,280,94,24,9,407,0,0,0,407
09/16/2001,SAN,CA,AWP,WE,Combined TRACON& Tower with Radar,330,93,14,3,440,0,14,0,1,15,330,107,14,4,455,1,6,7,462
09/17/2001,SAN,CA,AWP,WE,Combined TRACON& Tower with Radar,361,104,26,2,493,0,21,0,0,21,361,125,26,2,514,0,0,0,514
09/18/2001,SAN,CA,AWP,WE,Combined TRACON& Tower with Radar,387,108,28,4,527,0,9,18,0,27,387,117,46,4,554,0,0,0,554
09/19/2001,SAN,CA,AWP,WE,Combined TRACON& Tower with Radar,314,82,22,3,421,2,0,3,13,18,316,82,25,16,439,0,0,0,439
09/20/2001,SAN,CA,AWP,WE,Combined TRACON& Tower with Radar,411,110,30,4,555,0,0,17,16,33,411,110,47,20,588,0,0,0,588
09/21/2001,SAN,CA,AWP,WE,Combined TRACON& Tower with Radar,407,98,29,4,538,0,0,10,37,47,407,98,39,41,585,0,0,0,585
09/22/2001,SAN,CA,AWP,WE,Combined TRACON& Tower with Radar,344,90,26,1,461,0,0,16,0,16,344,90,42,1,477,0,0,0,477
09/23/2001,SAN,CA,AWP,WE,Combined TRACON& Tower with Radar,381,106,27,2,516,0,7,0,0,7,381,113,27,2,523,0,0,0,523
09/24/2001,SAN,CA,AWP,WE,Combined TRACON& Tower with Radar,378,91,19,4,492,25,0,0,0,25,403,91,19,4,517,0,0,0,517
09/25/2001,SAN,CA,AWP,WE,Combined TRACON& Tower with Radar,401,111,29,3,544,4,0,1,14,19,405,111,30,17,563,0,0,0,563
09/26/2001,SAN,CA,AWP,WE,Combined TRACON& Tower with Radar,409,106,29,3,547,0,0,8,15,23,409,106,37,18,570,0,0,0,570
09/27/2001,SAN,CA,AWP,WE,Combined TRACON& Tower with Radar,405,95,29,3,532,16,0,9,0,25,421,95,38,3,557,0,0,0,557
09/28/2001,SAN,CA,AWP,WE,Combined TRACON& Tower with Radar,428,99,23,3,553,29,0,0,4,33,457,99,23,7,586,0,0,0,586
09/29/2001,SAN,CA,AWP,WE,Combined TRACON& Tower with Radar,356,78,25,3,462,20,0,4,9,33,376,78,29,12,495,0,0,0,495
09/30/2001,SAN,CA,AWP,WE,Combined TRACON& Tower with Radar,390,104,28,3,525,3,0,14,0,17,393,104,42,3,542,0,0,0,542
10/01/2001,SAN,CA,AWP,WE,Combined TRACON& Tower with Radar,401,95,33,2,531,0,5,4,7,16,401,100,37,9,547,0,0,0,547
10/02/2001,SAN,CA,AWP,WE,Combined TRACON& Tower with Radar,348,84,29,2,463,0,7,4,12,23,348,91,33,14,486,0,0,0,486
10/03/2001,SAN,CA,AWP,WE,Combined TRACON& Tower with Radar,420,90,27,2,539,21,0,0,1,22,441,90,27,3,561,0,0,0,561
10/04/2001,SAN,CA,AWP,WE,Combined TRACON& Tower with Radar,407,98,34,2,541,0,2,13,5,20,407,100,47,7,561,0,0,0,561
10/05/2001,SAN,CA,AWP,WE,Combined TRACON& Tower with Radar,398,98,34,2,532,0,0,20,6,26,398,98,54,8,558,0,0,0,558
10/06/2001,SAN,CA,AWP,WE,Combined TRACON& Tower with Radar,337,76,16,2,431,17,0,0,1,18,354,76,16,3,449,0,0,0,449
10/07/2001,SAN,CA,AWP,WE,Combined TRACON& Tower with Radar,374,87,29,2,492,1,1,0,0,2,375,88,29,2,494,2,21,23,517
10/08/2001,SAN,CA,AWP,WE,Combined TRACON& Tower with Radar,388,91,32,2,513,0,8,5,4,17,388,99,37,6,530,0,0,0,530
10/09/2001,SAN,CA,AWP,WE,Combined TRACON& Tower with Radar,391,85,28,2,506,9,0,0,4,13,400,85,28,6,519,0,0,0,519
10/10/2001,SAN,CA,AWP,WE,Combined TRACON& Tower with Radar,393,94,33,2,522,0,6,1,10,17,393,100,34,12,539,0,0,0,539
10/11/2001,SAN,CA,AWP,WE,Combined TRACON& Tower with Radar,396,97,33,2,528,0,8,8,3,19,396,105,41,5,547,0,0,0,547
10/12/2001,SAN,CA,AWP,WE,Combined TRACON& Tower with Radar,403,95,32,3,533,0,4,6,8,18,403,99,38,11,551,0,0,0,551
10/13/2001,SAN,CA,AWP,WE,Combined TRACON& Tower with Radar,350,64,16,2,432,31,0,0,0,31,381,64,16,2,463,0,0,0,463
10/14/2001,SAN,CA,AWP,WE,Combined TRACON& Tower with Radar,399,93,23,3,518,4,9,0,1,14,403,102,23,4,532,0,0,0,532
10/15/2001,SAN,CA,AWP,WE,Combined TRACON& Tower with Radar,398,86,32,1,517,0,0,1,0,1,398,86,33,1,518,0,0,0,518
10/16/2001,SAN,CA,AWP,WE,Combined TRACON& Tower with Radar,397,81,31,2,511,3,0,10,0,13,400,81,41,2,524,0,0,0,524
10/17/2001,SAN,CA,AWP,WE,Combined TRACON& Tower with Radar,393,94,31,1,519,0,12,0,0,12,393,106,31,1,531,0,0,0,531
10/18/2001,SAN,CA,AWP,WE,Combined TRACON& Tower with Radar,411,89,32,3,535,2,0,8,4,14,413,89,40,7,549,0,0,0,549
10/19/2001,SAN,CA,AWP,WE,Combined TRACON& Tower with Radar,399,96,32,3,530,0,6,16,18,40,399,102,48,21,570,0,0,0,570
10/20/2001,SAN,CA,AWP,WE,Combined TRACON& Tower with Radar,351,82,26,3,462,2,1,0,5,8,353,83,26,8,470,0,0,0,470
10/21/2001,SAN,CA,AWP,WE,Combined TRACON& Tower with Radar,380,87,31,3,501,0,0,39,14,53,380,87,70,17,554,16,10,26,580
10/22/2001,SAN,CA,AWP,WE,Combined TRACON& Tower with Radar,382,88,30,3,503,8,2,7,11,28,390,90,37,14,531,0,0,0,531
10/23/2001,SAN,CA,AWP,WE,Combined TRACON& Tower with Radar,394,90,29,3,516,9,0,0,3,12,403,90,29,6,528,0,0,0,528
10/24/2001,SAN,CA,AWP,WE,Combined TRACON& Tower with Radar,384,91,31,2,508,0,11,2,0,13,384,102,33,2,521,0,0,0,521
10/25/2001,SAN,CA,AWP,WE,Combined TRACON& Tower with Radar,392,90,31,3,516,4,1,7,1,13,396,91,38,4,529,0,0,0,529
10/26/2001,SAN,CA,AWP,WE,Combined TRACON& Tower with Radar,293,65,23,2,383,0,0,6,4,10,293,65,29,6,393,0,0,0,393
10/27/2001,SAN,CA,AWP,WE,Combined TRACON& Tower with Radar,345,70,24,3,442,15,0,0,2,17,360,70,24,5,459,0,0,0,459
10/28/2001,SAN,CA,AWP,WE,Combined TRACON& Tower with Radar,365,84,29,3,481,0,7,1,9,17,365,91,30,12,498,0,0,0,498
10/29/2001,SAN,CA,AWP,WE,Combined TRACON& Tower with Radar,392,90,31,3,516,0,0,8,1,9,392,90,39,4,525,0,0,0,525
10/30/2001,SAN,CA,AWP,WE,Combined TRACON& Tower with Radar,390,83,30,3,506,4,0,10,3,17,394,83,40,6,523,0,0,0,523
10/31/2001,SAN,CA,AWP,WE,Combined TRACON& Tower with Radar,389,90,31,3,513,0,5,6,1,12,389,95,37,4,525,0,0,0,525
11/01/2001,SAN,CA,AWP,WE,Combined TRACON& Tower with Radar,384,110,31,0,525,0,12,2,0,14,384,122,33,0,539,0,0,0,539
11/02/2001,SAN,CA,AWP,WE,Combined TRACON& Tower with Radar,411,116,32,3,562,0,14,0,3,17,411,130,32,6,579,0,0,0,579
11/03/2001,SAN,CA,AWP,WE,Combined TRACON& Tower with Radar,345,97,28,2,472,4,3,6,8,21,349,100,34,10,493,0,0,0,493
11/04/2001,SAN,CA,AWP,WE,Combined TRACON& Tower with Radar,364,106,31,0,501,0,3,13,0,16,364,109,44,0,517,3,3,6,523
11/05/2001,SAN,CA,AWP,WE,Combined TRACON& Tower with Radar,383,110,32,3,528,0,0,2,15,17,383,110,34,18,545,0,0,0,545
11/06/2001,SAN,CA,AWP,WE,Combined TRACON& Tower with Radar,406,115,33,2,556,0,8,1,0,9,406,123,34,2,565,0,0,0,565
11/07/2001,SAN,CA,AWP,WE,Combined TRACON& Tower with Radar,402,114,33,1,550,0,5,9,0,14,402,119,42,1,564,0,0,0,564
11/08/2001,SAN,CA,AWP,WE,Combined TRACON& Tower with Radar,474,125,38,3,640,2,0,20,1,23,476,125,58,4,663,0,0,0,663
11/09/2001,SAN,CA,AWP,WE,Combined TRACON& Tower with Radar,396,115,33,3,547,0,6,8,4,18,396,121,41,7,565,0,0,0,565
11/10/2001,SAN,CA,AWP,WE,Combined TRACON& Tower with Radar,340,93,27,2,462,0,0,1,5,6,340,93,28,7,468,0,0,0,468
11/11/2001,SAN,CA,AWP,WE,Combined TRACON& Tower with Radar,350,101,30,1,482,0,4,13,0,17,350,105,43,1,499,0,0,0,499
11/12/2001,SAN,CA,AWP,WE,Combined TRACON& Tower with Radar,400,109,32,3,544,8,0,4,0,12,408,109,36,3,556,0,0,0,556
11/13/2001,SAN,CA,AWP,WE,Combined TRACON& Tower with Radar,408,115,32,4,559,0,7,4,0,11,408,122,36,4,570,0,0,0,570
11/14/2001,SAN,CA,AWP,WE,Combined TRACON& Tower with Radar,397,110,28,4,539,9,5,0,4,18,406,115,28,8,557,0,0,0,557
11/15/2001,SAN,CA,AWP,WE,Combined TRACON& Tower with Radar,401,117,32,4,554,0,12,21,8,41,401,129,53,12,595,0,0,0,595
11/16/2001,SAN,CA,AWP,WE,Combined TRACON& Tower with Radar,397,114,32,4,547,0,8,8,10,26,397,122,40,14,573,0,0,0,573
11/17/2001,SAN,CA,AWP,WE,Combined TRACON& Tower with Radar,331,83,26,1,441,13,0,9,0,22,344,83,35,1,463,0,0,0,463
11/18/2001,SAN,CA,AWP,WE,Combined TRACON& Tower with Radar,371,100,27,0,498,1,0,0,0,1,372,100,27,0,499,3,3,6,505
11/19/2001,SAN,CA,AWP,WE,Combined TRACON& Tower with Radar,406,112,32,3,553,0,9,3,0,12,406,121,35,3,565,0,0,0,565
11/20/2001,SAN,CA,AWP,WE,Combined TRACON& Tower with Radar,409,103,32,4,548,27,0,0,1,28,436,103,32,5,576,0,0,0,576
11/21/2001,SAN,CA,AWP,WE,Combined TRACON& Tower with Radar,395,105,30,4,534,0,0,17,0,17,395,105,47,4,551,0,0,0,551
11/22/2001,SAN,CA,AWP,WE,Combined TRACON& Tower with Radar,305,81,9,0,395,25,0,0,0,25,330,81,9,0,420,0,0,0,420
11/23/2001,SAN,CA,AWP,WE,Combined TRACON& Tower with Radar,289,77,22,1,389,14,0,5,0,19,303,77,27,1,408,0,0,0,408
11/24/2001,SAN,CA,AWP,WE,Combined TRACON& Tower with Radar,368,86,27,3,484,21,0,0,3,24,389,86,27,6,508,0,0,0,508
11/25/2001,SAN,CA,AWP,WE,Combined TRACON& Tower with Radar,375,100,29,2,506,0,0,20,0,20,375,100,49,2,526,0,0,0,526
11/26/2001,SAN,CA,AWP,WE,Combined TRACON& Tower with Radar,379,98,28,3,508,14,0,0,2,16,393,98,28,5,524,0,0,0,524
11/27/2001,SAN,CA,AWP,WE,Combined TRACON& Tower with Radar,402,113,31,3,549,0,5,10,5,20,402,118,41,8,569,0,0,0,569
11/28/2001,SAN,CA,AWP,WE,Combined TRACON& Tower with Radar,397,110,31,3,541,0,5,10,3,18,397,115,41,6,559,0,0,0,559
11/29/2001,SAN,CA,AWP,WE,Combined TRACON& Tower with Radar,417,109,33,0,559,0,0,19,0,19,417,109,52,0,578,0,0,0,578
11/30/2001,SAN,CA,AWP,WE,Combined TRACON& Tower with Radar,396,102,30,3,531,5,0,10,11,26,401,102,40,14,557,0,0,0,557
12/01/2001,SAN,CA,AWP,WE,Combined TRACON& Tower with Radar,343,89,21,1,454,0,0,17,7,24,343,89,38,8,478,0,0,0,478
12/02/2001,SAN,CA,AWP,WE,Combined TRACON& Tower with Radar,364,93,22,1,480,0,4,4,0,8,364,97,26,1,488,0,0,0,488
12/03/2001,SAN,CA,AWP,WE,Combined TRACON& Tower with Radar,386,102,24,1,513,0,12,5,0,17,386,114,29,1,530,0,0,0,530
12/04/2001,SAN,CA,AWP,WE,Combined TRACON& Tower with Radar,395,101,24,2,522,0,0,22,6,28,395,101,46,8,550,0,0,0,550
12/05/2001,SAN,CA,AWP,WE,Combined TRACON& Tower with Radar,399,97,24,2,522,0,0,26,4,30,399,97,50,6,552,0,0,0,552
12/06/2001,SAN,CA,AWP,WE,Combined TRACON& Tower with Radar,418,96,25,2,541,4,0,33,5,42,422,96,58,7,583,0,0,0,583
12/07/2001,SAN,CA,AWP,WE,Combined TRACON& Tower with Radar,368,90,22,2,482,2,0,19,3,24,370,90,41,5,506,0,0,0,506
12/08/2001,SAN,CA,AWP,WE,Combined TRACON& Tower with Radar,357,85,22,2,466,8,0,16,7,31,365,85,38,9,497,0,0,0,497
12/09/2001,SAN,CA,AWP,WE,Combined TRACON& Tower with Radar,354,91,16,1,462,7,6,0,0,13,361,97,16,1,475,0,0,0,475
12/10/2001,SAN,CA,AWP,WE,Combined TRACON& Tower with Radar,375,95,19,2,491,1,5,0,3,9,376,100,19,5,500,0,0,0,500
12/11/2001,SAN,CA,AWP,WE,Combined TRACON& Tower with Radar,393,98,24,2,517,3,0,5,0,8,396,98,29,2,525,0,0,0,525
12/12/2001,SAN,CA,AWP,WE,Combined TRACON& Tower with Radar,388,101,23,3,515,0,4,10,0,14,388,105,33,3,529,0,0,0,529
12/13/2001,SAN,CA,AWP,WE,Combined TRACON& Tower with Radar,394,104,24,3,525,0,0,20,4,24,394,104,44,7,549,0,0,0,549
12/14/2001,SAN,CA,AWP,WE,Combined TRACON& Tower with Radar,392,100,23,3,518,3,1,2,1,7,395,101,25,4,525,0,0,0,525
12/15/2001,SAN,CA,AWP,WE,Combined TRACON& Tower with Radar,349,91,23,3,466,0,0,13,7,20,349,91,36,10,486,0,0,0,486
12/16/2001,SAN,CA,AWP,WE,Combined TRACON& Tower with Radar,358,91,18,3,470,4,1,0,0,5,362,92,18,3,475,0,0,0,475
12/17/2001,SAN,CA,AWP,WE,Combined TRACON& Tower with Radar,375,95,22,1,493,3,1,5,0,9,378,96,27,1,502,0,0,0,502
12/18/2001,SAN,CA,AWP,WE,Combined TRACON& Tower with Radar,405,106,24,3,538,0,3,27,7,37,405,109,51,10,575,0,0,0,575
12/19/2001,SAN,CA,AWP,WE,Combined TRACON& Tower with Radar,409,88,24,1,522,23,0,12,0,35,432,88,36,1,557,0,0,0,557
12/20/2001,SAN,CA,AWP,WE,Combined TRACON& Tower with Radar,427,102,25,3,557,0,0,15,0,15,427,102,40,3,572,0,0,0,572
12/21/2001,SAN,CA,AWP,WE,Combined TRACON& Tower with Radar,387,85,21,3,496,16,0,0,8,24,403,85,21,11,520,0,0,0,520
12/22/2001,SAN,CA,AWP,WE,Combined TRACON& Tower with Radar,337,81,20,2,440,6,0,11,3,20,343,81,31,5,460,0,0,0,460
12/23/2001,SAN,CA,AWP,WE,Combined TRACON& Tower with Radar,332,86,15,0,433,0,8,0,0,8,332,94,15,0,441,1,1,2,443
12/24/2001,SAN,CA,AWP,WE,Combined TRACON& Tower with Radar,285,76,17,1,379,0,15,2,0,17,285,91,19,1,396,0,0,0,396
12/25/2001,SAN,CA,AWP,WE,Combined TRACON& Tower with Radar,292,75,11,1,379,2,7,0,3,12,294,82,11,4,391,0,0,0,391
12/26/2001,SAN,CA,AWP,WE,Combined TRACON& Tower with Radar,196,49,11,0,256,0,0,2,0,2,196,49,13,0,258,11,0,11,269
12/27/2001,SAN,CA,AWP,WE,Combined TRACON& Tower with Radar,394,98,23,2,517,2,0,14,0,16,396,98,37,2,533,0,0,0,533
12/28/2001,SAN,CA,AWP,WE,Combined TRACON& Tower with Radar,390,93,22,2,507,0,0,11,3,14,390,93,33,5,521,0,0,0,521
12/29/2001,SAN,CA,AWP,WE,Combined TRACON& Tower with Radar,347,89,20,1,457,6,2,0,1,9,353,91,20,2,466,0,0,0,466
12/30/2001,SAN,CA,AWP,WE,Combined TRACON& Tower with Radar,328,88,21,0,437,0,11,4,0,15,328,99,25,0,452,2,1,3,455
12/31/2001,SAN,CA,AWP,WE,Combined TRACON& Tower with Radar,293,75,11,1,380,8,2,0,0,10,301,77,11,1,390,0,0,0,390
01/01/2002,SAN,CA,AWP,WE,Combined TRACON& Tower with Radar,308,85,25,1,419,0,8,0,0,8,308,93,25,1,427,0,0,0,427
01/02/2002,SAN,CA,AWP,WE,Combined TRACON& Tower with Radar,366,100,21,1,488,11,3,0,0,14,377,103,21,1,502,0,0,0,502
01/03/2002,SAN,CA,AWP,WE,Combined TRACON& Tower with Radar,375,98,30,1,504,3,0,3,4,10,378,98,33,5,514,0,0,0,514
01/04/2002,SAN,CA,AWP,WE,Combined TRACON& Tower with Radar,368,95,29,1,493,17,0,0,0,17,385,95,29,1,510,0,0,0,510
01/05/2002,SAN,CA,AWP,WE,Combined TRACON& Tower with Radar,335,92,26,1,454,6,3,10,3,22,341,95,36,4,476,0,0,0,476
01/06/2002,SAN,CA,AWP,WE,Combined TRACON& Tower with Radar,344,84,27,0,455,10,0,2,0,12,354,84,29,0,467,23,0,23,490
01/07/2002,SAN,CA,AWP,WE,Combined TRACON& Tower with Radar,367,90,29,1,487,5,0,12,3,20,372,90,41,4,507,0,0,0,507
01/08/2002,SAN,CA,AWP,WE,Combined TRACON& Tower with Radar,326,81,25,2,434,9,0,18,0,27,335,81,43,2,461,0,0,0,461
01/09/2002,SAN,CA,AWP,WE,Combined TRACON& Tower with Radar,410,114,32,2,558,0,6,5,3,14,410,120,37,5,572,0,0,0,572
01/10/2002,SAN,CA,AWP,WE,Combined TRACON& Tower with Radar,420,117,34,2,573,0,7,6,3,16,420,124,40,5,589,0,0,0,589
01/11/2002,SAN,CA,AWP,WE,Combined TRACON& Tower with Radar,415,116,33,2,566,0,6,7,7,20,415,122,40,9,586,0,0,0,586
01/12/2002,SAN,CA,AWP,WE,Combined TRACON& Tower with Radar,372,102,28,2,504,2,7,0,2,11,374,109,28,4,515,0,0,0,515
01/13/2002,SAN,CA,AWP,WE,Combined TRACON& Tower with Radar,396,111,28,2,537,0,9,0,3,12,396,120,28,5,549,0,0,0,549
01/14/2002,SAN,CA,AWP,WE,Combined TRACON& Tower with Radar,408,113,32,2,555,0,8,3,6,17,408,121,35,8,572,0,0,0,572
01/15/2002,SAN,CA,AWP,WE,Combined TRACON& Tower with Radar,415,113,33,2,563,0,8,5,2,15,415,121,38,4,578,0,0,0,578
01/16/2002,SAN,CA,AWP,WE,Combined TRACON& Tower with Radar,412,113,32,2,559,0,8,5,2,15,412,121,37,4,574,0,0,0,574
01/17/2002,SAN,CA,AWP,WE,Combined TRACON& Tower with Radar,378,98,33,2,511,0,0,2,4,6,378,98,35,6,517,0,0,0,517
01/18/2002,SAN,CA,AWP,WE,Combined TRACON& Tower with Radar,386,95,30,2,513,0,0,0,0,0,386,95,30,2,513,0,0,0,513
01/19/2002,SAN,CA,AWP,WE,Combined TRACON& Tower with Radar,322,86,24,2,434,5,0,7,3,15,327,86,31,5,449,0,0,0,449
01/20/2002,SAN,CA,AWP,WE,Combined TRACON& Tower with Radar,345,91,26,2,464,11,0,2,1,14,356,91,28,3,478,0,0,0,478
01/21/2002,SAN,CA,AWP,WE,Combined TRACON& Tower with Radar,373,95,29,2,499,0,0,21,2,23,373,95,50,4,522,0,0,0,522
01/22/2002,SAN,CA,AWP,WE,Combined TRACON& Tower with Radar,383,102,29,2,516,2,0,8,3,13,385,102,37,5,529,0,0,0,529
01/23/2002,SAN,CA,AWP,WE,Combined TRACON& Tower with Radar,387,105,29,2,523,4,4,12,0,20,391,109,41,2,543,0,0,0,543
01/24/2002,SAN,CA,AWP,WE,Combined TRACON& Tower with Radar,383,107,30,2,522,0,1,30,1,32,383,108,60,3,554,0,0,0,554
01/25/2002,SAN,CA,AWP,WE,Combined TRACON& Tower with Radar,378,102,29,2,511,6,0,16,8,30,384,102,45,10,541,0,0,0,541
01/26/2002,SAN,CA,AWP,WE,Combined TRACON& Tower with Radar,329,84,25,0,438,6,0,5,0,11,335,84,30,0,449,0,0,0,449
01/27/2002,SAN,CA,AWP,WE,Combined TRACON& Tower with Radar,346,88,27,1,462,0,0,11,0,11,346,88,38,1,473,0,0,0,473
01/28/2002,SAN,CA,AWP,WE,Combined TRACON& Tower with Radar,371,99,29,1,500,0,0,18,2,20,371,99,47,3,520,0,0,0,520
01/29/2002,SAN,CA,AWP,WE,Combined TRACON& Tower with Radar,385,98,30,1,514,4,0,11,3,18,389,98,41,4,532,0,0,0,532
01/30/2002,SAN,CA,AWP,WE,Combined TRACON& Tower with Radar,375,98,29,1,503,0,0,17,1,18,375,98,46,2,521,0,0,0,521
01/31/2002,SAN,CA,AWP,WE,Combined TRACON& Tower with Radar,376,107,30,1,514,0,8,20,2,30,376,115,50,3,544,0,0,0,544
02/01/2002,SAN,CA,AWP,WE,Combined TRACON& Tower with Radar,362,94,32,2,490,13,0,7,0,20,375,94,39,2,510,0,0,0,510
02/02/2002,SAN,CA,AWP,WE,Combined TRACON& Tower with Radar,321,88,29,1,439,4,0,8,3,15,325,88,37,4,454,0,0,0,454
02/03/2002,SAN,CA,AWP,WE,Combined TRACON& Tower with Radar,353,94,31,2,480,0,0,11,2,13,353,94,42,4,493,0,0,0,493
02/04/2002,SAN,CA,AWP,WE,Combined TRACON& Tower with Radar,367,99,33,2,501,9,0,16,1,26,376,99,49,3,527,0,0,0,527
02/05/2002,SAN,CA,AWP,WE,Combined TRACON& Tower with Radar,375,100,34,2,511,7,0,15,4,26,382,100,49,6,537,0,0,0,537
02/06/2002,SAN,CA,AWP,WE,Combined TRACON& Tower with Radar,383,107,35,2,527,0,2,5,1,8,383,109,40,3,535,0,0,0,535
02/07/2002,SAN,CA,AWP,WE,Combined TRACON& Tower with Radar,394,109,35,2,540,0,6,2,1,9,394,115,37,3,549,0,0,0,549
02/08/2002,SAN,CA,AWP,WE,Combined TRACON& Tower with Radar,378,95,34,2,509,6,0,10,1,17,384,95,44,3,526,0,0,0,526
02/09/2002,SAN,CA,AWP,WE,Combined TRACON& Tower with Radar,319,88,29,1,437,8,3,1,2,14,327,91,30,3,451,0,0,0,451
02/10/2002,SAN,CA,AWP,WE,Combined TRACON& Tower with Radar,362,87,32,2,483,2,0,20,1,23,364,87,52,3,506,0,0,0,506
02/11/2002,SAN,CA,AWP,WE,Combined TRACON& Tower with Radar,367,101,29,1,498,11,7,0,0,18,378,108,29,1,516,0,0,0,516
02/12/2002,SAN,CA,AWP,WE,Combined TRACON& Tower with Radar,396,107,35,3,541,0,0,10,0,10,396,107,45,3,551,7,4,11,562
02/13/2002,SAN,CA,AWP,WE,Combined TRACON& Tower with Radar,393,103,34,3,533,1,0,23,4,28,394,103,57,7,561,0,0,0,561
02/14/2002,SAN,CA,AWP,WE,Combined TRACON& Tower with Radar,387,100,34,3,524,5,0,4,1,10,392,100,38,4,534,0,0,0,534
02/15/2002,SAN,CA,AWP,WE,Combined TRACON& Tower with Radar,396,112,35,3,546,0,1,24,4,29,396,113,59,7,575,0,0,0,575
02/16/2002,SAN,CA,AWP,WE,Combined TRACON& Tower with Radar,336,92,29,2,459,0,4,14,0,18,336,96,43,2,477,0,0,0,477
02/17/2002,SAN,CA,AWP,WE,Combined TRACON& Tower with Radar,360,97,31,1,489,3,1,0,0,4,363,98,31,1,493,0,0,0,493
02/18/2002,SAN,CA,AWP,WE,Combined TRACON& Tower with Radar,380,103,33,2,518,1,4,4,0,9,381,107,37,2,527,0,0,0,527
02/19/2002,SAN,CA,AWP,WE,Combined TRACON& Tower with Radar,396,108,34,2,540,8,0,13,0,21,404,108,47,2,561,0,0,0,561
02/20/2002,SAN,CA,AWP,WE,Combined TRACON& Tower with Radar,400,114,36,1,551,0,7,35,0,42,400,121,71,1,593,0,0,0,593
02/21/2002,SAN,CA,AWP,WE,Combined TRACON& Tower with Radar,410,115,36,3,564,0,17,9,8,34,410,132,45,11,598,0,0,0,598
02/22/2002,SAN,CA,AWP,WE,Combined TRACON& Tower with Radar,418,116,37,3,574,0,6,1,7,14,418,122,38,10,588,0,0,0,588
02/23/2002,SAN,CA,AWP,WE,Combined TRACON& Tower with Radar,375,105,33,2,515,0,4,2,2,8,375,109,35,4,523,0,0,0,523
02/24/2002,SAN,CA,AWP,WE,Combined TRACON& Tower with Radar,400,111,28,2,541,0,9,0,4,13,400,120,28,6,554,0,0,0,554
02/25/2002,SAN,CA,AWP,WE,Combined TRACON& Tower with Radar,380,104,33,0,517,3,5,5,0,13,383,109,38,0,530,0,0,0,530
02/26/2002,SAN,CA,AWP,WE,Combined TRACON& Tower with Radar,391,105,34,2,532,5,0,13,5,23,396,105,47,7,555,0,0,0,555
02/27/2002,SAN,CA,AWP,WE,Combined TRACON& Tower with Radar,409,113,36,2,560,0,3,7,1,11,409,116,43,3,571,0,0,0,571
02/28/2002,SAN,CA,AWP,WE,Combined TRACON& Tower with Radar,393,103,34,2,532,0,0,16,0,16,393,103,50,2,548,0,0,0,548
03/01/2002,SAN,CA,AWP,WE,Combined TRACON& Tower with Radar,390,113,34,1,538,0,4,13,3,20,390,117,47,4,558,0,0,0,558
03/02/2002,SAN,CA,AWP,WE,Combined TRACON& Tower with Radar,333,96,29,1,459,2,2,12,2,18,335,98,41,3,477,0,0,0,477
03/03/2002,SAN,CA,AWP,WE,Combined TRACON& Tower with Radar,363,106,31,1,501,10,0,11,2,23,373,106,42,3,524,0,0,0,524
03/04/2002,SAN,CA,AWP,WE,Combined TRACON& Tower with Radar,382,111,33,1,527,5,4,0,1,10,387,115,33,2,537,0,0,0,537
03/05/2002,SAN,CA,AWP,WE,Combined TRACON& Tower with Radar,389,115,32,1,537,0,6,0,1,7,389,121,32,2,544,5,0,5,549
03/06/2002,SAN,CA,AWP,WE,Combined TRACON& Tower with Radar,390,116,34,1,541,0,6,1,1,8,390,122,35,2,549,0,0,0,549
03/07/2002,SAN,CA,AWP,WE,Combined TRACON& Tower with Radar,412,125,37,1,575,0,5,14,0,19,412,130,51,1,594,0,0,0,594
03/08/2002,SAN,CA,AWP,WE,Combined TRACON& Tower with Radar,388,110,34,1,533,5,0,8,0,13,393,110,42,1,546,0,0,0,546
03/09/2002,SAN,CA,AWP,WE,Combined TRACON& Tower with Radar,338,94,29,1,462,1,0,14,4,19,339,94,43,5,481,0,0,0,481
03/10/2002,SAN,CA,AWP,WE,Combined TRACON& Tower with Radar,353,95,31,0,479,17,0,4,0,21,370,95,35,0,500,0,0,0,500
03/11/2002,SAN,CA,AWP,WE,Combined TRACON& Tower with Radar,371,102,31,2,506,10,0,8,2,20,381,102,39,4,526,0,0,0,526
03/12/2002,SAN,CA,AWP,WE,Combined TRACON& Tower with Radar,396,112,34,2,544,4,0,16,3,23,400,112,50,5,567,0,0,0,567
03/13/2002,SAN,CA,AWP,WE,Combined TRACON& Tower with Radar,395,110,34,1,540,0,0,22,0,22,395,110,56,1,562,0,0,0,562
03/14/2002,SAN,CA,AWP,WE,Combined TRACON& Tower with Radar,394,117,34,2,547,0,3,16,2,21,394,120,50,4,568,0,0,0,568
03/15/2002,SAN,CA,AWP,WE,Combined TRACON& Tower with Radar,381,111,32,2,526,9,4,16,2,31,390,115,48,4,557,0,0,0,557
03/16/2002,SAN,CA,AWP,WE,Combined TRACON& Tower with Radar,346,100,29,2,477,3,0,17,0,20,349,100,46,2,497,0,0,0,497
03/17/2002,SAN,CA,AWP,WE,Combined TRACON& Tower with Radar,381,101,32,1,515,3,0,16,0,19,384,101,48,1,534,0,0,0,534
03/18/2002,SAN,CA,AWP,WE,Combined TRACON& Tower with Radar,377,109,32,2,520,8,2,0,1,11,385,111,32,3,531,0,0,0,531
03/19/2002,SAN,CA,AWP,WE,Combined TRACON& Tower with Radar,378,101,32,1,512,3,0,8,0,11,381,101,40,1,523,0,0,0,523
03/20/2002,SAN,CA,AWP,WE,Combined TRACON& Tower with Radar,387,107,33,2,529,0,0,28,1,29,387,107,61,3,558,0,0,0,558
03/21/2002,SAN,CA,AWP,WE,Combined TRACON& Tower with Radar,403,116,34,1,554,5,2,12,0,19,408,118,46,1,573,0,0,0,573
03/22/2002,SAN,CA,AWP,WE,Combined TRACON& Tower with Radar,428,124,37,1,590,0,4,27,0,31,428,128,64,1,621,40,17,57,678
03/23/2002,SAN,CA,AWP,WE,Combined TRACON& Tower with Radar,349,103,30,2,484,0,7,7,5,19,349,110,37,7,503,0,0,0,503
03/24/2002,SAN,CA,AWP,WE,Combined TRACON& Tower with Radar,378,112,33,2,525,0,7,20,0,27,378,119,53,2,552,0,0,0,552
03/25/2002,SAN,CA,AWP,WE,Combined TRACON& Tower with Radar,384,112,33,2,531,0,0,32,4,36,384,112,65,6,567,0,0,0,567
03/26/2002,SAN,CA,AWP,WE,Combined TRACON& Tower with Radar,392,113,33,1,539,0,5,9,5,19,392,118,42,6,558,0,0,0,558
03/27/2002,SAN,CA,AWP,WE,Combined TRACON& Tower with Radar,391,113,33,1,538,0,4,12,1,17,391,117,45,2,555,0,0,0,555
03/28/2002,SAN,CA,AWP,WE,Combined TRACON& Tower with Radar,387,109,33,1,530,0,0,8,2,10,387,109,41,3,540,0,0,0,540
03/29/2002,SAN,CA,AWP,WE,Combined TRACON& Tower with Radar,365,100,30,1,496,4,0,14,13,31,369,100,44,14,527,0,0,0,527
03/30/2002,SAN,CA,AWP,WE,Combined TRACON& Tower with Radar,343,101,29,0,473,0,4,10,0,14,343,105,39,0,487,0,0,0,487
03/31/2002,SAN,CA,AWP,WE,Combined TRACON& Tower with Radar,367,105,31,0,503,1,0,6,0,7,368,105,37,0,510,0,0,0,510
04/01/2002,SAN,CA,AWP,WE,Combined TRACON& Tower with Radar,381,103,32,1,517,12,0,0,0,12,393,103,32,1,529,0,0,0,529
04/02/2002,SAN,CA,AWP,WE,Combined TRACON& Tower with Radar,400,109,34,2,545,0,0,16,1,17,400,109,50,3,562,0,0,0,562
04/03/2002,SAN,CA,AWP,WE,Combined TRACON& Tower with Radar,394,119,34,1,548,0,1,12,0,13,394,120,46,1,561,0,0,0,561
04/04/2002,SAN,CA,AWP,WE,Combined TRACON& Tower with Radar,399,117,34,2,552,0,5,12,1,18,399,122,46,3,570,0,0,0,570
04/05/2002,SAN,CA,AWP,WE,Combined TRACON& Tower with Radar,392,110,34,2,538,0,0,30,4,34,392,110,64,6,572,0,0,0,572
04/06/2002,SAN,CA,AWP,WE,Combined TRACON& Tower with Radar,332,97,28,0,457,0,3,5,0,8,332,100,33,0,465,0,0,0,465
04/07/2002,SAN,CA,AWP,WE,Combined TRACON& Tower with Radar,392,113,33,2,540,0,8,0,2,10,392,121,33,4,550,0,0,0,550
04/08/2002,SAN,CA,AWP,WE,Combined TRACON& Tower with Radar,400,116,34,2,552,1,1,2,1,5,401,117,36,3,557,0,0,0,557
04/09/2002,SAN,CA,AWP,WE,Combined TRACON& Tower with Radar,400,120,35,1,556,0,7,13,0,20,400,127,48,1,576,0,0,0,576
04/10/2002,SAN,CA,AWP,WE,Combined TRACON& Tower with Radar,409,118,35,1,563,0,0,6,0,6,409,118,41,1,569,0,0,0,569
04/11/2002,SAN,CA,AWP,WE,Combined TRACON& Tower with Radar,404,114,34,2,554,5,0,3,0,8,409,114,37,2,562,0,0,0,562
04/12/2002,SAN,CA,AWP,WE,Combined TRACON& Tower with Radar,411,118,31,2,562,2,0,0,8,10,413,118,31,10,572,0,0,0,572
04/13/2002,SAN,CA,AWP,WE,Combined TRACON& Tower with Radar,339,92,24,1,456,7,0,0,12,19,346,92,24,13,475,0,0,0,475
04/14/2002,SAN,CA,AWP,WE,Combined TRACON& Tower with Radar,402,116,27,3,548,7,1,0,4,12,409,117,27,7,560,0,0,0,560
04/15/2002,SAN,CA,AWP,WE,Combined TRACON& Tower with Radar,416,116,33,1,566,9,0,0,0,9,425,116,33,1,575,0,0,0,575
04/16/2002,SAN,CA,AWP,WE,Combined TRACON& Tower with Radar,398,115,30,3,546,6,0,0,4,10,404,115,30,7,556,0,0,0,556
04/17/2002,SAN,CA,AWP,WE,Combined TRACON& Tower with Radar,412,116,34,3,565,0,0,20,2,22,412,116,54,5,587,0,0,0,587
04/18/2002,SAN,CA,AWP,WE,Combined TRACON& Tower with Radar,408,118,33,3,562,0,13,12,1,26,408,131,45,4,588,0,0,0,588
04/19/2002,SAN,CA,AWP,WE,Combined TRACON& Tower with Radar,394,113,32,3,542,10,3,6,0,19,404,116,38,3,561,0,0,0,561
04/20/2002,SAN,CA,AWP,WE,Combined TRACON& Tower with Radar,338,97,25,1,461,12,3,0,0,15,350,100,25,1,476,0,0,0,476
04/21/2002,SAN,CA,AWP,WE,Combined TRACON& Tower with Radar,380,109,31,2,522,3,0,8,1,12,383,109,39,3,534,0,0,0,534
04/22/2002,SAN,CA,AWP,WE,Combined TRACON& Tower with Radar,386,112,31,2,531,7,2,4,0,13,393,114,35,2,544,0,0,0,544
04/23/2002,SAN,CA,AWP,WE,Combined TRACON& Tower with Radar,405,117,33,0,555,8,2,14,0,24,413,119,47,0,579,0,0,0,579
04/24/2002,SAN,CA,AWP,WE,Combined TRACON& Tower with Radar,409,113,34,1,557,0,0,19,0,19,409,113,53,1,576,0,0,0,576
04/25/2002,SAN,CA,AWP,WE,Combined TRACON& Tower with Radar,384,116,32,2,534,0,3,22,0,25,384,119,54,2,559,0,0,0,559
04/26/2002,SAN,CA,AWP,WE,Combined TRACON& Tower with Radar,399,115,31,2,547,1,2,0,3,6,400,117,31,5,553,0,0,0,553
04/27/2002,SAN,CA,AWP,WE,Combined TRACON& Tower with Radar,345,101,29,1,476,0,1,1,5,7,345,102,30,6,483,0,0,0,483
04/28/2002,SAN,CA,AWP,WE,Combined TRACON& Tower with Radar,377,109,31,1,518,0,2,13,0,15,377,111,44,1,533,0,0,0,533
04/29/2002,SAN,CA,AWP,WE,Combined TRACON& Tower with Radar,396,110,32,2,540,1,0,32,0,33,397,110,64,2,573,0,0,0,573
04/30/2002,SAN,CA,AWP,WE,Combined TRACON& Tower with Radar,404,119,33,2,558,0,2,17,2,21,404,121,50,4,579,0,0,0,579
05/01/2002,SAN,CA,AWP,WE,Combined TRACON& Tower with Radar,408,124,32,2,566,0,3,9,1,13,408,127,41,3,579,0,0,0,579
05/02/2002,SAN,CA,AWP,WE,Combined TRACON& Tower with Radar,416,118,32,2,568,0,0,22,1,23,416,118,54,3,591,0,0,0,591
05/03/2002,SAN,CA,AWP,WE,Combined TRACON& Tower with Radar,402,122,31,2,557,3,3,26,4,36,405,125,57,6,593,0,0,0,593
05/04/2002,SAN,CA,AWP,WE,Combined TRACON& Tower with Radar,329,100,21,1,451,9,5,0,1,15,338,105,21,2,466,0,0,0,466
05/05/2002,SAN,CA,AWP,WE,Combined TRACON& Tower with Radar,401,114,31,2,548,6,0,5,5,16,407,114,36,7,564,0,0,0,564
05/06/2002,SAN,CA,AWP,WE,Combined TRACON& Tower with Radar,390,118,30,2,540,10,11,8,1,30,400,129,38,3,570,0,0,0,570
05/07/2002,SAN,CA,AWP,WE,Combined TRACON& Tower with Radar,359,108,22,1,490,0,8,0,0,8,359,116,22,1,498,8,1,9,507
05/08/2002,SAN,CA,AWP,WE,Combined TRACON& Tower with Radar,409,117,32,2,560,8,0,11,5,24,417,117,43,7,584,0,0,0,584
05/09/2002,SAN,CA,AWP,WE,Combined TRACON& Tower with Radar,413,130,33,0,576,0,2,16,0,18,413,132,49,0,594,0,0,0,594
05/10/2002,SAN,CA,AWP,WE,Combined TRACON& Tower with Radar,408,126,32,2,568,0,3,11,6,20,408,129,43,8,588,0,0,0,588
05/11/2002,SAN,CA,AWP,WE,Combined TRACON& Tower with Radar,329,100,21,1,451,12,3,0,0,15,341,103,21,1,466,0,0,0,466
05/12/2002,SAN,CA,AWP,WE,Combined TRACON& Tower with Radar,391,119,30,2,542,0,0,17,4,21,391,119,47,6,563,0,0,0,563
05/13/2002,SAN,CA,AWP,WE,Combined TRACON& Tower with Radar,399,122,32,2,555,0,1,17,2,20,399,123,49,4,575,0,0,0,575
05/14/2002,SAN,CA,AWP,WE,Combined TRACON& Tower with Radar,402,123,30,1,556,0,6,9,0,15,402,129,39,1,571,0,0,0,571
05/15/2002,SAN,CA,AWP,WE,Combined TRACON& Tower with Radar,378,114,28,3,523,0,0,8,0,8,378,114,36,3,531,0,0,0,531
05/16/2002,SAN,CA,AWP,WE,Combined TRACON& Tower with Radar,400,100,33,0,533,0,0,17,0,17,400,100,50,0,550,0,0,0,550
05/17/2002,SAN,CA,AWP,WE,Combined TRACON& Tower with Radar,418,129,33,3,583,0,1,20,1,22,418,130,53,4,605,0,0,0,605
05/18/2002,SAN,CA,AWP,WE,Combined TRACON& Tower with Radar,353,104,26,3,486,3,0,5,1,9,356,104,31,4,495,0,0,0,495
05/19/2002,SAN,CA,AWP,WE,Combined TRACON& Tower with Radar,387,115,29,1,532,0,0,17,0,17,387,115,46,1,549,0,0,0,549
05/20/2002,SAN,CA,AWP,WE,Combined TRACON& Tower with Radar,394,116,30,3,543,3,0,2,5,10,397,116,32,8,553,0,0,0,553
05/21/2002,SAN,CA,AWP,WE,Combined TRACON& Tower with Radar,405,122,31,3,561,0,5,20,0,25,405,127,51,3,586,46,19,65,651
05/22/2002,SAN,CA,AWP,WE,Combined TRACON& Tower with Radar,409,125,32,0,566,0,12,0,0,12,409,137,32,0,578,0,0,0,578
05/23/2002,SAN,CA,AWP,WE,Combined TRACON& Tower with Radar,400,113,30,2,545,11,0,19,0,30,411,113,49,2,575,0,0,0,575
05/24/2002,SAN,CA,AWP,WE,Combined TRACON& Tower with Radar,440,135,34,3,612,0,0,13,11,24,440,135,47,14,636,0,0,0,636
05/25/2002,SAN,CA,AWP,WE,Combined TRACON& Tower with Radar,339,99,26,2,466,9,0,5,2,16,348,99,31,4,482,0,0,0,482
05/26/2002,SAN,CA,AWP,WE,Combined TRACON& Tower with Radar,358,103,27,3,491,0,0,18,0,18,358,103,45,3,509,0,0,0,509
05/27/2002,SAN,CA,AWP,WE,Combined TRACON& Tower with Radar,377,114,23,2,516,1,8,0,4,13,378,122,23,6,529,0,0,0,529
05/28/2002,SAN,CA,AWP,WE,Combined TRACON& Tower with Radar,404,120,30,2,556,4,0,21,5,30,408,120,51,7,586,0,0,0,586
05/29/2002,SAN,CA,AWP,WE,Combined TRACON& Tower with Radar,404,120,30,2,556,15,0,0,2,17,419,120,30,4,573,0,0,0,573
05/30/2002,SAN,CA,AWP,WE,Combined TRACON& Tower with Radar,425,122,28,2,577,8,0,0,2,10,433,122,28,4,587,0,0,0,587
05/31/2002,SAN,CA,AWP,WE,Combined TRACON& Tower with Radar,371,115,29,2,517,0,0,28,6,34,371,115,57,8,551,0,0,0,551
06/01/2002,SAN,CA,AWP,WE,Combined TRACON& Tower with Radar,342,102,28,1,473,3,2,10,1,16,345,104,38,2,489,0,0,0,489
06/02/2002,SAN,CA,AWP,WE,Combined TRACON& Tower with Radar,382,114,31,1,528,7,0,4,0,11,389,114,35,1,539,0,0,0,539
06/03/2002,SAN,CA,AWP,WE,Combined TRACON& Tower with Radar,401,125,34,1,561,0,9,18,1,28,401,134,52,2,589,0,0,0,589
06/04/2002,SAN,CA,AWP,WE,Combined TRACON& Tower with Radar,410,123,33,1,567,0,13,0,5,18,410,136,33,6,585,0,0,0,585
06/05/2002,SAN,CA,AWP,WE,Combined TRACON& Tower with Radar,412,126,34,0,572,0,0,17,0,17,412,126,51,0,589,0,0,0,589
06/06/2002,SAN,CA,AWP,WE,Combined TRACON& Tower with Radar,422,125,36,1,584,0,0,29,2,31,422,125,65,3,615,0,0,0,615
06/07/2002,SAN,CA,AWP,WE,Combined TRACON& Tower with Radar,430,120,35,1,586,3,0,5,4,12,433,120,40,5,598,0,0,0,598
06/08/2002,SAN,CA,AWP,WE,Combined TRACON& Tower with Radar,336,101,17,1,455,15,2,0,1,18,351,103,17,2,473,0,0,0,473
06/09/2002,SAN,CA,AWP,WE,Combined TRACON& Tower with Radar,392,118,32,1,543,0,1,3,2,6,392,119,35,3,549,0,0,0,549
06/10/2002,SAN,CA,AWP,WE,Combined TRACON& Tower with Radar,411,120,35,1,567,0,0,21,1,22,411,120,56,2,589,0,0,0,589
06/11/2002,SAN,CA,AWP,WE,Combined TRACON& Tower with Radar,417,119,35,1,572,9,0,4,3,16,426,119,39,4,588,51,29,80,668
06/12/2002,SAN,CA,AWP,WE,Combined TRACON& Tower with Radar,412,126,35,0,573,0,0,25,0,25,412,126,60,0,598,0,0,0,598
06/13/2002,SAN,CA,AWP,WE,Combined TRACON& Tower with Radar,439,132,26,0,597,8,3,0,0,11,447,135,26,0,608,0,0,0,608
06/14/2002,SAN,CA,AWP,WE,Combined TRACON& Tower with Radar,417,130,35,1,583,0,6,31,3,40,417,136,66,4,623,0,0,0,623
06/15/2002,SAN,CA,AWP,WE,Combined TRACON& Tower with Radar,374,108,31,1,514,3,0,3,0,6,377,108,34,1,520,0,0,0,520
06/16/2002,SAN,CA,AWP,WE,Combined TRACON& Tower with Radar,398,118,33,1,550,8,7,6,0,21,406,125,39,1,571,0,0,0,571
06/17/2002,SAN,CA,AWP,WE,Combined TRACON& Tower with Radar,409,121,30,2,562,7,6,0,1,14,416,127,30,3,576,0,0,0,576
06/18/2002,SAN,CA,AWP,WE,Combined TRACON& Tower with Radar,428,131,27,0,586,0,5,0,0,5,428,136,27,0,591,16,1,17,608
06/19/2002,SAN,CA,AWP,WE,Combined TRACON& Tower with Radar,434,125,35,1,595,1,0,9,0,10,435,125,44,1,605,0,0,0,605
06/20/2002,SAN,CA,AWP,WE,Combined TRACON& Tower with Radar,436,128,35,2,601,0,0,17,5,22,436,128,52,7,623,0,0,0,623
06/21/2002,SAN,CA,AWP,WE,Combined TRACON& Tower with Radar,437,130,35,2,604,0,3,11,4,18,437,133,46,6,622,0,0,0,622
06/22/2002,SAN,CA,AWP,WE,Combined TRACON& Tower with Radar,354,105,27,2,488,22,1,0,1,24,376,106,27,3,512,0,0,0,512
06/23/2002,SAN,CA,AWP,WE,Combined TRACON& Tower with Radar,411,116,33,2,562,0,0,24,0,24,411,116,57,2,586,0,0,0,586
06/24/2002,SAN,CA,AWP,WE,Combined TRACON& Tower with Radar,417,117,33,2,569,1,0,15,1,17,418,117,48,3,586,0,0,0,586
06/25/2002,SAN,CA,AWP,WE,Combined TRACON& Tower with Radar,430,119,34,0,583,7,0,22,0,29,437,119,56,0,612,0,0,0,612
06/26/2002,SAN,CA,AWP,WE,Combined TRACON& Tower with Radar,431,131,35,1,598,0,8,13,4,25,431,139,48,5,623,0,0,0,623
06/27/2002,SAN,CA,AWP,WE,Combined TRACON& Tower with Radar,427,133,35,1,596,0,10,7,0,17,427,143,42,1,613,0,0,0,613
06/28/2002,SAN,CA,AWP,WE,Combined TRACON& Tower with Radar,420,121,33,1,575,4,0,11,0,15,424,121,44,1,590,0,0,0,590
06/29/2002,SAN,CA,AWP,WE,Combined TRACON& Tower with Radar,376,112,30,1,519,7,2,8,3,20,383,114,38,4,539,0,0,0,539
06/30/2002,SAN,CA,AWP,WE,Combined TRACON& Tower with Radar,393,118,31,1,543,10,0,5,0,15,403,118,36,1,558,0,0,0,558
07/01/2002,SAN,CA,AWP,WE,Combined TRACON& Tower with Radar,414,121,34,2,571,18,0,1,0,19,432,121,35,2,590,0,0,0,590
07/02/2002,SAN,CA,AWP,WE,Combined TRACON& Tower with Radar,420,127,32,1,580,20,0,0,0,20,440,127,32,1,600,38,23,61,661
07/03/2002,SAN,CA,AWP,WE,Combined TRACON& Tower with Radar,415,125,34,2,576,6,0,13,3,22,421,125,47,5,598,0,0,0,598
07/04/2002,SAN,CA,AWP,WE,Combined TRACON& Tower with Radar,326,95,25,1,447,17,0,0,4,21,343,95,25,5,468,0,0,0,468
07/05/2002,SAN,CA,AWP,WE,Combined TRACON& Tower with Radar,211,56,25,1,293,0,0,1,2,3,211,56,26,3,296,0,0,0,296
07/06/2002,SAN,CA,AWP,WE,Combined TRACON& Tower with Radar,369,106,31,1,507,20,0,7,0,27,389,106,38,1,534,0,0,0,534
07/07/2002,SAN,CA,AWP,WE,Combined TRACON& Tower with Radar,405,122,33,2,562,2,0,15,4,21,407,122,48,6,583,0,0,0,583
07/08/2002,SAN,CA,AWP,WE,Combined TRACON& Tower with Radar,432,134,35,0,601,4,1,7,0,12,436,135,42,0,613,0,0,0,613
07/09/2002,SAN,CA,AWP,WE,Combined TRACON& Tower with Radar,435,130,35,2,602,8,0,9,1,18,443,130,44,3,620,0,0,0,620
07/10/2002,SAN,CA,AWP,WE,Combined TRACON& Tower with Radar,330,106,21,2,459,0,7,0,0,7,330,113,21,2,466,0,0,0,466
07/11/2002,SAN,CA,AWP,WE,Combined TRACON& Tower with Radar,415,124,33,3,575,15,0,3,0,18,430,124,36,3,593,0,0,0,593
07/12/2002,SAN,CA,AWP,WE,Combined TRACON& Tower with Radar,442,139,35,3,619,0,6,16,6,28,442,145,51,9,647,0,0,0,647
07/13/2002,SAN,CA,AWP,WE,Combined TRACON& Tower with Radar,364,113,22,2,501,16,1,0,2,19,380,114,22,4,520,0,0,0,520
07/14/2002,SAN,CA,AWP,WE,Combined TRACON& Tower with Radar,398,128,33,3,562,0,7,15,3,25,398,135,48,6,587,0,0,0,587
07/15/2002,SAN,CA,AWP,WE,Combined TRACON& Tower with Radar,418,135,34,3,590,0,7,27,2,36,418,142,61,5,626,0,0,0,626
07/16/2002,SAN,CA,AWP,WE,Combined TRACON& Tower with Radar,413,122,33,1,569,13,0,9,0,22,426,122,42,1,591,0,0,0,591
07/17/2002,SAN,CA,AWP,WE,Combined TRACON& Tower with Radar,421,135,34,1,591,0,5,20,0,25,421,140,54,1,616,0,0,0,616
07/18/2002,SAN,CA,AWP,WE,Combined TRACON& Tower with Radar,432,140,36,2,610,0,1,19,0,20,432,141,55,2,630,0,0,0,630
07/19/2002,SAN,CA,AWP,WE,Combined TRACON& Tower with Radar,434,136,35,2,607,0,0,12,6,18,434,136,47,8,625,0,0,0,625
07/20/2002,SAN,CA,AWP,WE,Combined TRACON& Tower with Radar,381,108,31,1,521,12,0,8,8,28,393,108,39,9,549,0,0,0,549
07/21/2002,SAN,CA,AWP,WE,Combined TRACON& Tower with Radar,406,130,33,2,571,0,0,19,3,22,406,130,52,5,593,0,0,0,593
07/22/2002,SAN,CA,AWP,WE,Combined TRACON& Tower with Radar,416,129,33,2,580,1,0,0,1,2,417,129,33,3,582,0,0,0,582
07/23/2002,SAN,CA,AWP,WE,Combined TRACON& Tower with Radar,426,133,34,1,594,0,11,7,0,18,426,144,41,1,612,40,35,75,687
07/24/2002,SAN,CA,AWP,WE,Combined TRACON& Tower with Radar,424,134,34,1,593,0,12,19,0,31,424,146,53,1,624,0,0,0,624
07/25/2002,SAN,CA,AWP,WE,Combined TRACON& Tower with Radar,431,142,36,2,611,0,6,42,2,50,431,148,78,4,661,0,0,0,661
07/26/2002,SAN,CA,AWP,WE,Combined TRACON& Tower with Radar,428,127,34,2,591,0,0,36,4,40,428,127,70,6,631,0,0,0,631
07/27/2002,SAN,CA,AWP,WE,Combined TRACON& Tower with Radar,370,113,30,1,514,11,0,2,3,16,381,113,32,4,530,0,0,0,530
07/28/2002,SAN,CA,AWP,WE,Combined TRACON& Tower with Radar,401,125,32,2,560,0,7,31,2,40,401,132,63,4,600,0,0,0,600
07/29/2002,SAN,CA,AWP,WE,Combined TRACON& Tower with Radar,419,130,33,2,584,0,1,27,0,28,419,131,60,2,612,0,0,0,612
07/30/2002,SAN,CA,AWP,WE,Combined TRACON& Tower with Radar,424,136,34,1,595,0,11,5,0,16,424,147,39,1,611,12,4,16,627
07/31/2002,SAN,CA,AWP,WE,Combined TRACON& Tower with Radar,428,134,35,0,597,0,0,27,0,27,428,134,62,0,624,0,0,0,624
08/01/2002,SAN,CA,AWP,WE,Combined TRACON& Tower with Radar,430,139,34,1,604,0,0,22,1,23,430,139,56,2,627,0,0,0,627
08/02/2002,SAN,CA,AWP,WE,Combined TRACON& Tower with Radar,430,127,34,1,592,0,0,39,0,39,430,127,73,1,631,0,0,0,631
08/03/2002,SAN,CA,AWP,WE,Combined TRACON& Tower with Radar,378,121,30,1,530,12,0,1,7,20,390,121,31,8,550,0,0,0,550
08/04/2002,SAN,CA,AWP,WE,Combined TRACON& Tower with Radar,399,130,31,0,560,2,0,18,0,20,401,130,49,0,580,0,0,0,580
08/05/2002,SAN,CA,AWP,WE,Combined TRACON& Tower with Radar,420,139,33,1,593,0,2,4,1,7,420,141,37,2,600,0,0,0,600
08/06/2002,SAN,CA,AWP,WE,Combined TRACON& Tower with Radar,425,142,33,1,601,3,5,3,1,12,428,147,36,2,613,0,0,0,613
08/07/2002,SAN,CA,AWP,WE,Combined TRACON& Tower with Radar,418,139,33,1,591,12,0,3,2,17,430,139,36,3,608,0,0,0,608
08/08/2002,SAN,CA,AWP,WE,Combined TRACON& Tower with Radar,429,142,33,0,604,11,0,18,0,29,440,142,51,0,633,0,0,0,633
08/09/2002,SAN,CA,AWP,WE,Combined TRACON& Tower with Radar,430,143,34,1,608,0,6,8,1,15,430,149,42,2,623,0,0,0,623
08/10/2002,SAN,CA,AWP,WE,Combined TRACON& Tower with Radar,374,117,18,1,510,18,0,0,1,19,392,117,18,2,529,0,0,0,529
08/11/2002,SAN,CA,AWP,WE,Combined TRACON& Tower with Radar,405,135,32,1,573,0,0,20,0,20,405,135,52,1,593,0,0,0,593
08/12/2002,SAN,CA,AWP,WE,Combined TRACON& Tower with Radar,423,139,33,1,596,0,0,16,3,19,423,139,49,4,615,0,0,0,615
08/13/2002,SAN,CA,AWP,WE,Combined TRACON& Tower with Radar,428,142,33,2,605,0,0,28,4,32,428,142,61,6,637,0,0,0,637
08/14/2002,SAN,CA,AWP,WE,Combined TRACON& Tower with Radar,429,145,33,1,608,0,1,13,0,14,429,146,46,1,622,0,0,0,622
08/15/2002,SAN,CA,AWP,WE,Combined TRACON& Tower with Radar,441,146,34,2,623,0,0,16,5,21,441,146,50,7,644,0,0,0,644
08/16/2002,SAN,CA,AWP,WE,Combined TRACON& Tower with Radar,426,136,32,2,596,3,0,10,1,14,429,136,42,3,610,0,0,0,610
08/17/2002,SAN,CA,AWP,WE,Combined TRACON& Tower with Radar,389,128,26,2,545,0,2,0,6,8,389,130,26,8,553,0,0,0,553
08/18/2002,SAN,CA,AWP,WE,Combined TRACON& Tower with Radar,400,134,30,2,566,0,2,12,0,14,400,136,42,2,580,0,0,0,580
08/19/2002,SAN,CA,AWP,WE,Combined TRACON& Tower with Radar,418,138,26,1,583,5,10,0,0,15,423,148,26,1,598,0,0,0,598
08/20/2002,SAN,CA,AWP,WE,Combined TRACON& Tower with Radar,430,142,30,2,604,0,13,0,0,13,430,155,30,2,617,0,0,0,617
08/21/2002,SAN,CA,AWP,WE,Combined TRACON& Tower with Radar,437,141,34,2,614,0,0,29,1,30,437,141,63,3,644,0,0,0,644
08/22/2002,SAN,CA,AWP,WE,Combined TRACON& Tower with Radar,422,143,33,0,598,0,6,24,0,30,422,149,57,0,628,0,0,0,628
08/23/2002,SAN,CA,AWP,WE,Combined TRACON& Tower with Radar,424,140,32,2,598,4,6,2,1,13,428,146,34,3,611,0,0,0,611
08/24/2002,SAN,CA,AWP,WE,Combined TRACON& Tower with Radar,382,125,27,0,534,16,0,0,0,16,398,125,27,0,550,82,8,90,640
08/25/2002,SAN,CA,AWP,WE,Combined TRACON& Tower with Radar,399,130,30,2,561,7,0,15,0,22,406,130,45,2,583,0,0,0,583
08/26/2002,SAN,CA,AWP,WE,Combined TRACON& Tower with Radar,423,140,28,2,593,0,16,0,0,16,423,156,28,2,609,0,0,0,609
08/27/2002,SAN,CA,AWP,WE,Combined TRACON& Tower with Radar,423,134,32,0,589,0,0,4,0,4,423,134,36,0,593,7,2,9,602
08/28/2002,SAN,CA,AWP,WE,Combined TRACON& Tower with Radar,420,140,32,0,592,0,12,2,0,14,420,152,34,0,606,0,0,0,606
08/29/2002,SAN,CA,AWP,WE,Combined TRACON& Tower with Radar,432,143,33,1,609,0,3,18,0,21,432,146,51,1,630,0,0,0,630
08/30/2002,SAN,CA,AWP,WE,Combined TRACON& Tower with Radar,429,139,33,1,602,0,0,21,4,25,429,139,54,5,627,0,0,0,627
08/31/2002,SAN,CA,AWP,WE,Combined TRACON& Tower with Radar,361,120,27,1,509,0,7,2,5,14,361,127,29,6,523,0,0,0,523
09/01/2002,SAN,CA,AWP,WE,Combined TRACON& Tower with Radar,337,115,24,0,476,2,4,21,0,27,339,119,45,0,503,0,0,0,503
09/02/2002,SAN,CA,AWP,WE,Combined TRACON& Tower with Radar,395,135,28,1,559,0,6,15,3,24,395,141,43,4,583,0,0,0,583
09/03/2002,SAN,CA,AWP,WE,Combined TRACON& Tower with Radar,391,126,28,1,546,12,0,8,1,21,403,126,36,2,567,32,26,58,625
09/04/2002,SAN,CA,AWP,WE,Combined TRACON& Tower with Radar,419,141,30,1,591,0,0,17,4,21,419,141,47,5,612,0,0,0,612
09/05/2002,SAN,CA,AWP,WE,Combined TRACON& Tower with Radar,422,143,30,1,596,0,0,14,0,14,422,143,44,1,610,0,0,0,610
09/06/2002,SAN,CA,AWP,WE,Combined TRACON& Tower with Radar,427,150,31,1,609,0,3,25,4,32,427,153,56,5,641,0,0,0,641
09/07/2002,SAN,CA,AWP,WE,Combined TRACON& Tower with Radar,366,125,26,1,518,0,8,8,0,16,366,133,34,1,534,0,0,0,534
09/08/2002,SAN,CA,AWP,WE,Combined TRACON& Tower with Radar,392,130,28,1,551,2,0,19,2,23,394,130,47,3,574,0,0,0,574
09/09/2002,SAN,CA,AWP,WE,Combined TRACON& Tower with Radar,416,139,29,1,585,8,0,11,2,21,424,139,40,3,606,0,0,0,606
09/10/2002,SAN,CA,AWP,WE,Combined TRACON& Tower with Radar,405,138,29,0,572,1,5,11,0,17,406,143,40,0,589,0,0,0,589
09/11/2002,SAN,CA,AWP,WE,Combined TRACON& Tower with Radar,380,130,27,1,538,9,1,1,1,12,389,131,28,2,550,0,0,0,550
09/12/2002,SAN,CA,AWP,WE,Combined TRACON& Tower with Radar,428,149,31,1,609,0,6,1,3,10,428,155,32,4,619,0,0,0,619
09/13/2002,SAN,CA,AWP,WE,Combined TRACON& Tower with Radar,424,147,29,1,601,0,6,20,0,26,424,153,49,1,627,0,0,0,627
09/14/2002,SAN,CA,AWP,WE,Combined TRACON& Tower with Radar,350,119,22,1,492,7,6,0,0,13,357,125,22,1,505,0,0,0,505
09/15/2002,SAN,CA,AWP,WE,Combined TRACON& Tower with Radar,395,137,27,2,561,0,2,20,1,23,395,139,47,3,584,0,0,0,584
09/16/2002,SAN,CA,AWP,WE,Combined TRACON& Tower with Radar,410,131,28,2,571,2,0,28,2,32,412,131,56,4,603,0,0,0,603
09/17/2002,SAN,CA,AWP,WE,Combined TRACON& Tower with Radar,416,139,25,2,582,5,0,0,1,6,421,139,25,3,588,1,1,2,590
09/18/2002,SAN,CA,AWP,WE,Combined TRACON& Tower with Radar,429,145,29,2,605,0,0,21,2,23,429,145,50,4,628,0,0,0,628
09/19/2002,SAN,CA,AWP,WE,Combined TRACON& Tower with Radar,426,149,30,2,607,0,3,26,8,37,426,152,56,10,644,0,0,0,644
09/20/2002,SAN,CA,AWP,WE,Combined TRACON& Tower with Radar,444,145,30,2,621,2,0,16,3,21,446,145,46,5,642,0,0,0,642
09/21/2002,SAN,CA,AWP,WE,Combined TRACON& Tower with Radar,370,127,26,2,525,0,8,8,3,19,370,135,34,5,544,0,0,0,544
09/22/2002,SAN,CA,AWP,WE,Combined TRACON& Tower with Radar,392,136,27,2,557,0,13,12,0,25,392,149,39,2,582,0,0,0,582
09/23/2002,SAN,CA,AWP,WE,Combined TRACON& Tower with Radar,386,130,19,2,537,6,0,0,0,6,392,130,19,2,543,0,0,0,543
09/24/2002,SAN,CA,AWP,WE,Combined TRACON& Tower with Radar,490,129,34,2,655,47,0,6,2,55,537,129,40,4,710,42,5,47,757
09/25/2002,SAN,CA,AWP,WE,Combined TRACON& Tower with Radar,462,157,32,2,653,0,3,9,0,12,462,160,41,2,665,0,0,0,665
09/26/2002,SAN,CA,AWP,WE,Combined TRACON& Tower with Radar,422,151,30,2,605,0,11,10,3,24,422,162,40,5,629,0,0,0,629
09/27/2002,SAN,CA,AWP,WE,Combined TRACON& Tower with Radar,409,144,29,1,583,0,3,16,8,27,409,147,45,9,610,0,0,0,610
09/28/2002,SAN,CA,AWP,WE,Combined TRACON& Tower with Radar,355,122,24,1,502,0,7,5,1,13,355,129,29,2,515,0,0,0,515
09/29/2002,SAN,CA,AWP,WE,Combined TRACON& Tower with Radar,393,134,27,1,555,2,7,7,2,18,395,141,34,3,573,0,0,0,573
09/30/2002,SAN,CA,AWP,WE,Combined TRACON& Tower with Radar,400,126,27,1,554,12,0,6,8,26,412,126,33,9,580,0,0,0,580
10/01/2002,SAN,CA,AWP,WE,Combined TRACON& Tower with Radar,420,138,32,1,591,7,0,7,1,15,427,138,39,2,606,0,0,0,606
10/02/2002,SAN,CA,AWP,WE,Combined TRACON& Tower with Radar,426,147,32,1,606,0,1,7,1,9,426,148,39,2,615,0,0,0,615
10/03/2002,SAN,CA,AWP,WE,Combined TRACON& Tower with Radar,429,149,33,1,612,0,0,11,1,12,429,149,44,2,624,0,0,0,624
10/04/2002,SAN,CA,AWP,WE,Combined TRACON& Tower with Radar,416,143,31,1,591,9,1,16,1,27,425,144,47,2,618,0,0,0,618
10/05/2002,SAN,CA,AWP,WE,Combined TRACON& Tower with Radar,333,111,25,1,470,12,0,9,0,21,345,111,34,1,491,0,0,0,491
10/06/2002,SAN,CA,AWP,WE,Combined TRACON& Tower with Radar,333,111,25,1,470,12,0,7,0,19,345,111,32,1,489,0,0,0,489
10/07/2002,SAN,CA,AWP,WE,Combined TRACON& Tower with Radar,364,124,28,1,517,2,0,7,5,14,366,124,35,6,531,0,0,0,531
10/08/2002,SAN,CA,AWP,WE,Combined TRACON& Tower with Radar,417,132,31,1,581,15,0,6,0,21,432,132,37,1,602,59,28,87,689
10/09/2002,SAN,CA,AWP,WE,Combined TRACON& Tower with Radar,426,149,32,1,608,0,8,5,0,13,426,157,37,1,621,0,0,0,621
10/10/2002,SAN,CA,AWP,WE,Combined TRACON& Tower with Radar,428,148,33,1,610,0,4,8,1,13,428,152,41,2,623,0,0,0,623
10/11/2002,SAN,CA,AWP,WE,Combined TRACON& Tower with Radar,426,142,32,1,601,6,0,11,1,18,432,142,43,2,619,0,0,0,619
10/12/2002,SAN,CA,AWP,WE,Combined TRACON& Tower with Radar,356,120,27,0,503,6,0,6,0,12,362,120,33,0,515,0,0,0,515
10/13/2002,SAN,CA,AWP,WE,Combined TRACON& Tower with Radar,386,141,31,1,559,0,12,26,1,39,386,153,57,2,598,0,0,0,598
10/14/2002,SAN,CA,AWP,WE,Combined TRACON& Tower with Radar,418,142,31,2,593,0,0,11,8,19,418,142,42,10,612,0,0,0,612
10/15/2002,SAN,CA,AWP,WE,Combined TRACON& Tower with Radar,422,145,32,0,599,0,0,10,0,10,422,145,42,0,609,3,1,4,613
10/16/2002,SAN,CA,AWP,WE,Combined TRACON& Tower with Radar,427,140,32,2,601,0,0,22,2,24,427,140,54,4,625,0,0,0,625
10/17/2002,SAN,CA,AWP,WE,Combined TRACON& Tower with Radar,385,126,28,2,541,0,0,15,3,18,385,126,43,5,559,0,0,0,559
10/18/2002,SAN,CA,AWP,WE,Combined TRACON& Tower with Radar,409,149,32,2,592,0,0,33,7,40,409,149,65,9,632,0,0,0,632
10/19/2002,SAN,CA,AWP,WE,Combined TRACON& Tower with Radar,358,121,26,2,507,1,3,11,1,16,359,124,37,3,523,0,0,0,523
10/20/2002,SAN,CA,AWP,WE,Combined TRACON& Tower with Radar,393,135,29,2,559,0,4,3,3,10,393,139,32,5,569,0,0,0,569
10/21/2002,SAN,CA,AWP,WE,Combined TRACON& Tower with Radar,394,134,22,2,552,12,4,0,3,19,406,138,22,5,571,0,0,0,571
10/22/2002,SAN,CA,AWP,WE,Combined TRACON& Tower with Radar,420,142,31,2,595,0,0,12,0,12,420,142,43,2,607,39,18,57,664
10/23/2002,SAN,CA,AWP,WE,Combined TRACON& Tower with Radar,416,135,30,2,583,7,0,14,0,21,423,135,44,2,604,0,0,0,604
10/24/2002,SAN,CA,AWP,WE,Combined TRACON& Tower with Radar,368,129,28,2,527,0,7,10,2,19,368,136,38,4,546,0,0,0,546
10/25/2002,SAN,CA,AWP,WE,Combined TRACON& Tower with Radar,427,147,32,2,608,0,6,9,2,17,427,153,41,4,625,0,0,0,625
10/26/2002,SAN,CA,AWP,WE,Combined TRACON& Tower with Radar,343,116,21,2,482,9,2,0,2,13,352,118,21,4,495,0,0,0,495
10/27/2002,SAN,CA,AWP,WE,Combined TRACON& Tower with Radar,375,129,27,1,532,5,8,0,0,13,380,137,27,1,545,0,0,0,545
10/28/2002,SAN,CA,AWP,WE,Combined TRACON& Tower with Radar,405,139,29,1,574,6,2,2,5,15,411,141,31,6,589,0,0,0,589
10/29/2002,SAN,CA,AWP,WE,Combined TRACON& Tower with Radar,409,141,30,1,581,0,8,3,2,13,409,149,33,3,594,0,0,0,594
10/30/2002,SAN,CA,AWP,WE,Combined TRACON& Tower with Radar,418,144,30,1,593,7,3,9,2,21,425,147,39,3,614,0,0,0,614
10/31/2002,SAN,CA,AWP,WE,Combined TRACON& Tower with Radar,408,139,30,1,578,0,0,7,8,15,408,139,37,9,593,0,0,0,593
11/01/2002,SAN,CA,AWP,WE,Combined TRACON& Tower with Radar,400,136,30,1,567,7,0,1,8,16,407,136,31,9,583,0,0,0,583
11/02/2002,SAN,CA,AWP,WE,Combined TRACON& Tower with Radar,349,118,26,0,493,0,0,7,4,11,349,118,33,4,504,0,0,0,504
11/03/2002,SAN,CA,AWP,WE,Combined TRACON& Tower with Radar,367,127,27,1,522,0,1,2,0,3,367,128,29,1,525,0,0,0,525
11/04/2002,SAN,CA,AWP,WE,Combined TRACON& Tower with Radar,399,134,29,1,563,2,0,20,2,24,401,134,49,3,587,0,0,0,587
11/05/2002,SAN,CA,AWP,WE,Combined TRACON& Tower with Radar,405,147,31,0,583,0,7,18,0,25,405,154,49,0,608,20,0,20,628
11/06/2002,SAN,CA,AWP,WE,Combined TRACON& Tower with Radar,403,139,30,1,573,0,1,16,3,20,403,140,46,4,593,0,0,0,593
11/07/2002,SAN,CA,AWP,WE,Combined TRACON& Tower with Radar,401,143,30,1,575,0,3,17,3,23,401,146,47,4,598,0,0,0,598
11/08/2002,SAN,CA,AWP,WE,Combined TRACON& Tower with Radar,453,123,33,1,610,28,0,8,1,37,481,123,41,2,647,0,0,0,647
11/09/2002,SAN,CA,AWP,WE,Combined TRACON& Tower with Radar,368,129,29,1,527,0,0,23,0,23,368,129,52,1,550,0,0,0,550
11/10/2002,SAN,CA,AWP,WE,Combined TRACON& Tower with Radar,362,132,28,1,523,0,17,17,4,38,362,149,45,5,561,0,0,0,561
11/11/2002,SAN,CA,AWP,WE,Combined TRACON& Tower with Radar,401,142,30,1,574,0,6,19,3,28,401,148,49,4,602,0,0,0,602
11/12/2002,SAN,CA,AWP,WE,Combined TRACON& Tower with Radar,406,143,31,1,581,0,12,26,1,39,406,155,57,2,620,97,8,105,725
11/13/2002,SAN,CA,AWP,WE,Combined TRACON& Tower with Radar,397,143,30,1,571,0,13,12,0,25,397,156,42,1,596,0,0,0,596
11/14/2002,SAN,CA,AWP,WE,Combined TRACON& Tower with Radar,415,137,31,1,584,0,0,20,3,23,415,137,51,4,607,0,0,0,607
11/15/2002,SAN,CA,AWP,WE,Combined TRACON& Tower with Radar,421,147,32,1,601,0,4,12,11,27,421,151,44,12,628,0,0,0,628
11/16/2002,SAN,CA,AWP,WE,Combined TRACON& Tower with Radar,357,122,25,1,505,8,0,9,0,17,365,122,34,1,522,0,0,0,522
11/17/2002,SAN,CA,AWP,WE,Combined TRACON& Tower with Radar,416,133,30,1,580,4,0,15,0,19,420,133,45,1,599,0,0,0,599
11/18/2002,SAN,CA,AWP,WE,Combined TRACON& Tower with Radar,427,127,30,2,586,25,0,10,0,35,452,127,40,2,621,0,0,0,621
11/19/2002,SAN,CA,AWP,WE,Combined TRACON& Tower with Radar,415,139,30,2,586,0,0,25,0,25,415,139,55,2,611,0,0,0,611
11/20/2002,SAN,CA,AWP,WE,Combined TRACON& Tower with Radar,410,140,29,2,581,0,8,15,3,26,410,148,44,5,607,0,0,0,607
11/21/2002,SAN,CA,AWP,WE,Combined TRACON& Tower with Radar,403,140,29,2,574,0,8,7,1,16,403,148,36,3,590,0,0,0,590
11/22/2002,SAN,CA,AWP,WE,Combined TRACON& Tower with Radar,425,148,31,2,606,0,7,20,5,32,425,155,51,7,638,0,0,0,638
11/23/2002,SAN,CA,AWP,WE,Combined TRACON& Tower with Radar,348,118,25,0,491,8,0,4,2,14,356,118,29,2,505,0,0,0,505
11/24/2002,SAN,CA,AWP,WE,Combined TRACON& Tower with Radar,366,128,26,1,521,0,3,4,7,14,366,131,30,8,535,0,0,0,535
11/25/2002,SAN,CA,AWP,WE,Combined TRACON& Tower with Radar,400,142,29,1,572,0,4,18,0,22,400,146,47,1,594,0,0,0,594
11/26/2002,SAN,CA,AWP,WE,Combined TRACON& Tower with Radar,405,139,15,0,559,5,11,0,0,16,410,150,15,0,575,9,2,11,586
11/27/2002,SAN,CA,AWP,WE,Combined TRACON& Tower with Radar,403,139,28,1,571,11,4,0,3,18,414,143,28,4,589,2,2,4,593
11/28/2002,SAN,CA,AWP,WE,Combined TRACON& Tower with Radar,273,87,14,0,374,23,0,0,0,23,296,87,14,0,397,0,0,0,397
11/29/2002,SAN,CA,AWP,WE,Combined TRACON& Tower with Radar,307,98,14,0,419,21,0,0,3,24,328,98,14,3,443,0,0,0,443
11/30/2002,SAN,CA,AWP,WE,Combined TRACON& Tower with Radar,370,128,27,1,526,0,9,11,0,20,370,137,38,1,546,0,0,0,546
12/01/2002,SAN,CA,AWP,WE,Combined TRACON& Tower with Radar,375,136,25,0,536,0,11,15,0,26,375,147,40,0,562,0,0,0,562
12/02/2002,SAN,CA,AWP,WE,Combined TRACON& Tower with Radar,386,132,25,1,544,0,10,5,7,22,386,142,30,8,566,0,0,0,566
12/03/2002,SAN,CA,AWP,WE,Combined TRACON& Tower with Radar,397,131,22,1,551,17,0,0,3,20,414,131,22,4,571,49,21,70,641
12/04/2002,SAN,CA,AWP,WE,Combined TRACON& Tower with Radar,403,131,26,1,561,0,0,25,3,28,403,131,51,4,589,0,0,0,589
12/05/2002,SAN,CA,AWP,WE,Combined TRACON& Tower with Radar,398,133,26,1,558,0,0,33,0,33,398,133,59,1,591,0,0,0,591
12/06/2002,SAN,CA,AWP,WE,Combined TRACON& Tower with Radar,408,129,26,1,564,0,0,8,15,23,408,129,34,16,587,0,0,0,587
12/07/2002,SAN,CA,AWP,WE,Combined TRACON& Tower with Radar,343,109,22,1,475,12,0,10,2,24,355,109,32,3,499,0,0,0,499
12/08/2002,SAN,CA,AWP,WE,Combined TRACON& Tower with Radar,368,131,24,1,524,0,6,12,17,35,368,137,36,18,559,0,0,0,559
12/09/2002,SAN,CA,AWP,WE,Combined TRACON& Tower with Radar,385,133,24,1,543,4,3,5,4,16,389,136,29,5,559,0,0,0,559
12/10/2002,SAN,CA,AWP,WE,Combined TRACON& Tower with Radar,405,130,26,1,562,1,0,23,4,28,406,130,49,5,590,0,0,0,590
12/11/2002,SAN,CA,AWP,WE,Combined TRACON& Tower with Radar,404,130,26,1,561,0,0,25,4,29,404,130,51,5,590,0,0,0,590
12/12/2002,SAN,CA,AWP,WE,Combined TRACON& Tower with Radar,408,139,26,1,574,0,0,15,1,16,408,139,41,2,590,0,0,0,590
12/13/2002,SAN,CA,AWP,WE,Combined TRACON& Tower with Radar,406,128,26,1,561,1,0,23,6,30,407,128,49,7,591,0,0,0,591
12/14/2002,SAN,CA,AWP,WE,Combined TRACON& Tower with Radar,335,108,12,2,457,23,0,0,0,23,358,108,12,2,480,0,0,0,480
12/15/2002,SAN,CA,AWP,WE,Combined TRACON& Tower with Radar,356,122,22,2,502,0,8,0,6,14,356,130,22,8,516,0,0,0,516
12/16/2002,SAN,CA,AWP,WE,Combined TRACON& Tower with Radar,423,130,24,2,579,21,0,0,3,24,444,130,24,5,603,0,0,0,603
12/17/2002,SAN,CA,AWP,WE,Combined TRACON& Tower with Radar,388,137,25,0,550,0,10,8,0,18,388,147,33,0,568,2,0,2,570
12/18/2002,SAN,CA,AWP,WE,Combined TRACON& Tower with Radar,389,136,24,2,551,0,9,23,0,32,389,145,47,2,583,0,0,0,583
12/19/2002,SAN,CA,AWP,WE,Combined TRACON& Tower with Radar,391,137,25,2,555,0,5,7,1,13,391,142,32,3,568,0,0,0,568
12/20/2002,SAN,CA,AWP,WE,Combined TRACON& Tower with Radar,399,139,20,2,560,0,19,0,2,21,399,158,20,4,581,0,0,0,581
12/21/2002,SAN,CA,AWP,WE,Combined TRACON& Tower with Radar,362,123,23,2,510,0,0,25,0,25,362,123,48,2,535,0,0,0,535
12/22/2002,SAN,CA,AWP,WE,Combined TRACON& Tower with Radar,363,125,20,1,509,0,14,0,0,14,363,139,20,1,523,0,0,0,523
12/23/2002,SAN,CA,AWP,WE,Combined TRACON& Tower with Radar,381,131,23,0,535,0,16,1,0,17,381,147,24,0,552,0,0,0,552
12/24/2002,SAN,CA,AWP,WE,Combined TRACON& Tower with Radar,382,132,23,0,537,0,15,0,0,15,382,147,23,0,552,0,0,0,552
12/25/2002,SAN,CA,AWP,WE,Combined TRACON& Tower with Radar,153,53,4,0,210,0,0,0,0,0,153,53,4,0,210,0,0,0,210
12/26/2002,SAN,CA,AWP,WE,Combined TRACON& Tower with Radar,396,136,24,1,557,3,0,6,4,13,399,136,30,5,570,0,0,0,570
12/27/2002,SAN,CA,AWP,WE,Combined TRACON& Tower with Radar,400,134,25,1,560,0,0,43,2,45,400,134,68,3,605,0,0,0,605
12/28/2002,SAN,CA,AWP,WE,Combined TRACON& Tower with Radar,358,121,22,0,501,0,0,18,0,18,358,121,40,0,519,0,0,0,519
12/29/2002,SAN,CA,AWP,WE,Combined TRACON& Tower with Radar,365,125,21,1,512,3,5,0,4,12,368,130,21,5,524,0,0,0,524
12/30/2002,SAN,CA,AWP,WE,Combined TRACON& Tower with Radar,364,115,22,1,502,13,0,14,3,30,377,115,36,4,532,0,0,0,532
12/31/2002,SAN,CA,AWP,WE,Combined TRACON& Tower with Radar,318,107,17,1,443,16,0,0,0,16,334,107,17,1,459,64,3,67,526
01/01/2003,SAN,CA,AWP,WE,Combined TRACON& Tower with Radar,310,112,25,1,448,11,12,0,5,28,321,124,25,6,476,0,0,0,476
01/02/2003,SAN,CA,AWP,WE,Combined TRACON& Tower with Radar,392,139,35,1,567,5,0,0,5,10,397,139,35,6,577,0,0,0,577
01/03/2003,SAN,CA,AWP,WE,Combined TRACON& Tower with Radar,374,135,32,1,542,21,2,0,2,25,395,137,32,3,567,0,0,0,567
01/04/2003,SAN,CA,AWP,WE,Combined TRACON& Tower with Radar,321,108,27,0,456,29,0,0,0,29,350,108,27,0,485,0,0,0,485
01/05/2003,SAN,CA,AWP,WE,Combined TRACON& Tower with Radar,348,126,26,1,501,13,12,0,4,29,361,138,26,5,530,0,0,0,530
01/06/2003,SAN,CA,AWP,WE,Combined TRACON& Tower with Radar,363,131,27,1,522,24,2,0,1,27,387,133,27,2,549,0,0,0,549
01/07/2003,SAN,CA,AWP,WE,Combined TRACON& Tower with Radar,375,136,11,0,522,23,3,0,0,26,398,139,11,0,548,6,3,9,557
01/08/2003,SAN,CA,AWP,WE,Combined TRACON& Tower with Radar,370,128,21,1,520,19,0,0,1,20,389,128,21,2,540,0,0,0,540
01/09/2003,SAN,CA,AWP,WE,Combined TRACON& Tower with Radar,380,127,37,1,545,10,0,9,5,24,390,127,46,6,569,0,0,0,569
01/10/2003,SAN,CA,AWP,WE,Combined TRACON& Tower with Radar,374,135,32,1,542,13,0,0,2,15,387,135,32,3,557,0,0,0,557
01/11/2003,SAN,CA,AWP,WE,Combined TRACON& Tower with Radar,320,109,31,1,461,14,0,0,3,17,334,109,31,4,478,0,0,0,478
01/12/2003,SAN,CA,AWP,WE,Combined TRACON& Tower with Radar,364,130,35,1,530,5,0,7,3,15,369,130,42,4,545,0,0,0,545
01/13/2003,SAN,CA,AWP,WE,Combined TRACON& Tower with Radar,390,129,37,2,558,18,0,4,15,37,408,129,41,17,595,0,0,0,595
01/14/2003,SAN,CA,AWP,WE,Combined TRACON& Tower with Radar,351,115,33,2,501,17,0,9,0,26,368,115,42,2,527,41,10,51,578
01/15/2003,SAN,CA,AWP,WE,Combined TRACON& Tower with Radar,363,115,34,2,514,5,0,6,0,11,368,115,40,2,525,0,0,0,525
01/16/2003,SAN,CA,AWP,WE,Combined TRACON& Tower with Radar,384,139,37,2,562,5,5,9,2,21,389,144,46,4,583,0,0,0,583
01/17/2003,SAN,CA,AWP,WE,Combined TRACON& Tower with Radar,386,138,37,1,562,6,1,19,0,26,392,139,56,1,588,82,18,100,688
01/18/2003,SAN,CA,AWP,WE,Combined TRACON& Tower with Radar,302,105,15,2,424,15,0,0,1,16,317,105,15,3,440,12,7,19,459
01/19/2003,SAN,CA,AWP,WE,Combined TRACON& Tower with Radar,335,117,28,2,482,20,0,0,1,21,355,117,28,3,503,0,0,0,503
01/20/2003,SAN,CA,AWP,WE,Combined TRACON& Tower with Radar,370,132,35,2,539,8,6,0,1,15,378,138,35,3,554,0,0,0,554
01/21/2003,SAN,CA,AWP,WE,Combined TRACON& Tower with Radar,368,132,35,2,537,8,6,49,1,64,376,138,84,3,601,0,0,0,601
01/22/2003,SAN,CA,AWP,WE,Combined TRACON& Tower with Radar,381,142,37,2,562,0,14,20,6,40,381,156,57,8,602,0,0,0,602
01/23/2003,SAN,CA,AWP,WE,Combined TRACON& Tower with Radar,403,158,42,2,605,0,14,41,4,59,403,172,83,6,664,0,0,0,664
01/24/2003,SAN,CA,AWP,WE,Combined TRACON& Tower with Radar,410,162,43,2,617,0,7,65,3,75,410,169,108,5,692,0,0,0,692
01/25/2003,SAN,CA,AWP,WE,Combined TRACON& Tower with Radar,322,124,32,2,480,0,13,27,0,40,322,137,59,2,520,0,0,0,520
01/26/2003,SAN,CA,AWP,WE,Combined TRACON& Tower with Radar,374,177,46,1,598,0,13,122,0,135,374,190,168,1,733,0,0,0,733
01/27/2003,SAN,CA,AWP,WE,Combined TRACON& Tower with Radar,421,173,46,2,642,0,5,75,1,81,421,178,121,3,723,0,0,0,723
01/28/2003,SAN,CA,AWP,WE,Combined TRACON& Tower with Radar,383,137,36,2,558,6,1,6,0,13,389,138,42,2,571,48,11,59,630
01/29/2003,SAN,CA,AWP,WE,Combined TRACON& Tower with Radar,379,129,36,0,544,2,0,7,0,9,381,129,43,0,553,0,0,0,553
01/30/2003,SAN,CA,AWP,WE,Combined TRACON& Tower with Radar,357,126,34,1,518,0,0,3,4,7,357,126,37,5,525,0,0,0,525
01/31/2003,SAN,CA,AWP,WE,Combined TRACON& Tower with Radar,392,140,37,1,570,1,0,18,4,23,393,140,55,5,593,0,0,0,593
02/01/2003,SAN,CA,AWP,WE,Combined TRACON& Tower with Radar,347,118,25,0,490,11,0,3,2,16,358,118,28,2,506,2,1,3,509
02/02/2003,SAN,CA,AWP,WE,Combined TRACON& Tower with Radar,357,121,26,0,504,0,6,8,0,14,357,127,34,0,518,0,0,0,518
02/03/2003,SAN,CA,AWP,WE,Combined TRACON& Tower with Radar,375,128,27,0,530,3,2,3,3,11,378,130,30,3,541,0,0,0,541
02/04/2003,SAN,CA,AWP,WE,Combined TRACON& Tower with Radar,384,133,28,1,546,0,13,4,7,24,384,146,32,8,570,0,0,0,570
02/05/2003,SAN,CA,AWP,WE,Combined TRACON& Tower with Radar,386,131,28,1,546,0,0,24,2,26,386,131,52,3,572,0,0,0,572
02/06/2003,SAN,CA,AWP,WE,Combined TRACON& Tower with Radar,380,123,28,0,531,10,0,6,1,17,390,123,34,1,548,0,0,0,548
02/07/2003,SAN,CA,AWP,WE,Combined TRACON& Tower with Radar,385,125,28,0,538,4,0,18,6,28,389,125,46,6,566,0,0,0,566
02/08/2003,SAN,CA,AWP,WE,Combined TRACON& Tower with Radar,308,104,21,0,433,2,0,0,0,2,310,104,21,0,435,17,0,17,452
02/09/2003,SAN,CA,AWP,WE,Combined TRACON& Tower with Radar,366,126,26,0,518,0,3,14,0,17,366,129,40,0,535,0,0,0,535
02/10/2003,SAN,CA,AWP,WE,Combined TRACON& Tower with Radar,382,131,27,1,541,0,0,32,4,36,382,131,59,5,577,0,0,0,577
02/11/2003,SAN,CA,AWP,WE,Combined TRACON& Tower with Radar,434,136,27,1,598,16,0,0,0,16,450,136,27,1,614,0,0,0,614
02/12/2003,SAN,CA,AWP,WE,Combined TRACON& Tower with Radar,410,124,28,2,564,0,0,19,3,22,410,124,47,5,586,0,0,0,586
02/13/2003,SAN,CA,AWP,WE,Combined TRACON& Tower with Radar,426,146,30,2,604,0,0,13,2,15,426,146,43,4,619,0,0,0,619
02/14/2003,SAN,CA,AWP,WE,Combined TRACON& Tower with Radar,391,133,27,1,552,0,3,11,7,21,391,136,38,8,573,0,0,0,573
02/15/2003,SAN,CA,AWP,WE,Combined TRACON& Tower with Radar,316,107,20,1,444,3,7,0,1,11,319,114,20,2,455,0,0,0,455
02/16/2003,SAN,CA,AWP,WE,Combined TRACON& Tower with Radar,360,124,25,1,510,0,7,3,0,10,360,131,28,1,520,0,0,0,520
02/17/2003,SAN,CA,AWP,WE,Combined TRACON& Tower with Radar,367,125,25,1,518,0,3,12,5,20,367,128,37,6,538,0,0,0,538
02/18/2003,SAN,CA,AWP,WE,Combined TRACON& Tower with Radar,377,120,26,1,524,12,0,1,1,14,389,120,27,2,538,58,21,79,617
02/19/2003,SAN,CA,AWP,WE,Combined TRACON& Tower with Radar,374,120,26,1,521,11,0,1,1,13,385,120,27,2,534,0,0,0,534
02/20/2003,SAN,CA,AWP,WE,Combined TRACON& Tower with Radar,393,132,24,2,551,0,5,0,0,5,393,137,24,2,556,0,0,0,556
02/21/2003,SAN,CA,AWP,WE,Combined TRACON& Tower with Radar,388,126,27,1,542,4,0,14,4,22,392,126,41,5,564,0,0,0,564
02/22/2003,SAN,CA,AWP,WE,Combined TRACON& Tower with Radar,315,104,22,1,442,2,0,6,1,9,317,104,28,2,451,0,0,0,451
02/23/2003,SAN,CA,AWP,WE,Combined TRACON& Tower with Radar,362,125,25,1,513,0,5,8,0,13,362,130,33,1,526,0,0,0,526
02/24/2003,SAN,CA,AWP,WE,Combined TRACON& Tower with Radar,373,127,26,1,527,0,3,9,0,12,373,130,35,1,539,0,0,0,539
02/25/2003,SAN,CA,AWP,WE,Combined TRACON& Tower with Radar,370,125,19,1,515,2,9,0,1,12,372,134,19,2,527,0,0,0,527
02/26/2003,SAN,CA,AWP,WE,Combined TRACON& Tower with Radar,377,132,27,1,537,0,9,16,2,27,377,141,43,3,564,0,0,0,564
02/27/2003,SAN,CA,AWP,WE,Combined TRACON& Tower with Radar,392,134,27,2,555,0,1,15,2,18,392,135,42,4,573,0,0,0,573
02/28/2003,SAN,CA,AWP,WE,Combined TRACON& Tower with Radar,385,131,27,0,543,5,0,8,2,15,390,131,35,2,558,0,0,0,558
03/01/2003,SAN,CA,AWP,WE,Combined TRACON& Tower with Radar,320,112,23,1,456,0,1,11,0,12,320,113,34,1,468,0,0,0,468
03/02/2003,SAN,CA,AWP,WE,Combined TRACON& Tower with Radar,366,127,26,1,520,1,2,11,0,14,367,129,37,1,534,0,0,0,534
03/03/2003,SAN,CA,AWP,WE,Combined TRACON& Tower with Radar,367,127,17,1,512,10,3,0,3,16,377,130,17,4,528,0,0,0,528
03/04/2003,SAN,CA,AWP,WE,Combined TRACON& Tower with Radar,374,130,15,1,520,11,2,0,2,15,385,132,15,3,535,0,0,0,535
03/05/2003,SAN,CA,AWP,WE,Combined TRACON& Tower with Radar,379,130,27,0,536,13,0,3,0,16,392,130,30,0,552,0,0,0,552
03/06/2003,SAN,CA,AWP,WE,Combined TRACON& Tower with Radar,280,103,27,1,411,0,0,20,1,21,280,103,47,2,432,0,0,0,432
03/07/2003,SAN,CA,AWP,WE,Combined TRACON& Tower with Radar,393,137,28,1,559,0,2,10,1,13,393,139,38,2,572,0,0,0,572
03/08/2003,SAN,CA,AWP,WE,Combined TRACON& Tower with Radar,310,102,21,0,433,8,0,0,0,8,318,102,21,0,441,14,0,14,455
03/09/2003,SAN,CA,AWP,WE,Combined TRACON& Tower with Radar,360,123,26,1,510,2,0,2,11,15,362,123,28,12,525,0,0,0,525
03/10/2003,SAN,CA,AWP,WE,Combined TRACON& Tower with Radar,371,125,27,1,524,8,0,6,1,15,379,125,33,2,539,0,0,0,539
03/11/2003,SAN,CA,AWP,WE,Combined TRACON& Tower with Radar,374,113,27,1,515,19,0,3,9,31,393,113,30,10,546,0,0,0,546
03/12/2003,SAN,CA,AWP,WE,Combined TRACON& Tower with Radar,395,139,29,1,564,0,0,20,1,21,395,139,49,2,585,0,0,0,585
03/13/2003,SAN,CA,AWP,WE,Combined TRACON& Tower with Radar,402,145,30,1,578,0,4,10,2,16,402,149,40,3,594,0,0,0,594
03/14/2003,SAN,CA,AWP,WE,Combined TRACON& Tower with Radar,395,143,30,1,569,0,4,22,5,31,395,147,52,6,600,0,0,0,600
03/15/2003,SAN,CA,AWP,WE,Combined TRACON& Tower with Radar,325,108,20,0,453,12,0,0,0,12,337,108,20,0,465,0,0,0,465
03/16/2003,SAN,CA,AWP,WE,Combined TRACON& Tower with Radar,364,132,26,0,522,0,7,12,0,19,364,139,38,0,541,0,0,0,541
03/17/2003,SAN,CA,AWP,WE,Combined TRACON& Tower with Radar,380,132,27,2,541,0,2,16,5,23,380,134,43,7,564,0,0,0,564
03/18/2003,SAN,CA,AWP,WE,Combined TRACON& Tower with Radar,372,128,26,2,528,7,3,1,3,14,379,131,27,5,542,0,0,0,542
03/19/2003,SAN,CA,AWP,WE,Combined TRACON& Tower with Radar,395,139,28,2,564,0,0,22,0,22,395,139,50,2,586,52,13,65,651
03/20/2003,SAN,CA,AWP,WE,Combined TRACON& Tower with Radar,389,135,27,2,553,0,5,1,5,11,389,140,28,7,564,0,0,0,564
03/21/2003,SAN,CA,AWP,WE,Combined TRACON& Tower with Radar,393,136,27,2,558,0,4,6,5,15,393,140,33,7,573,0,0,0,573
03/22/2003,SAN,CA,AWP,WE,Combined TRACON& Tower with Radar,320,112,22,2,456,0,5,10,0,15,320,117,32,2,471,0,0,0,471
03/23/2003,SAN,CA,AWP,WE,Combined TRACON& Tower with Radar,366,118,25,1,510,6,0,4,0,10,372,118,29,1,520,0,0,0,520
03/24/2003,SAN,CA,AWP,WE,Combined TRACON& Tower with Radar,379,133,27,2,541,0,1,22,0,23,379,134,49,2,564,0,0,0,564
03/25/2003,SAN,CA,AWP,WE,Combined TRACON& Tower with Radar,396,139,28,0,563,0,14,8,0,22,396,153,36,0,585,0,0,0,585
03/26/2003,SAN,CA,AWP,WE,Combined TRACON& Tower with Radar,392,140,28,1,561,0,4,18,7,29,392,144,46,8,590,0,0,0,590
03/27/2003,SAN,CA,AWP,WE,Combined TRACON& Tower with Radar,388,132,28,1,549,0,0,18,5,23,388,132,46,6,572,0,0,0,572
03/28/2003,SAN,CA,AWP,WE,Combined TRACON& Tower with Radar,388,128,27,1,544,6,0,6,0,12,394,128,33,1,556,0,0,0,556
03/29/2003,SAN,CA,AWP,WE,Combined TRACON& Tower with Radar,325,108,19,0,452,13,0,0,0,13,338,108,19,0,465,0,0,0,465
03/30/2003,SAN,CA,AWP,WE,Combined TRACON& Tower with Radar,360,123,19,1,503,12,0,0,0,12,372,123,19,1,515,0,0,0,515
03/31/2003,SAN,CA,AWP,WE,Combined TRACON& Tower with Radar,373,128,24,1,526,8,7,0,1,16,381,135,24,2,542,0,0,0,542
04/01/2003,SAN,CA,AWP,WE,Combined TRACON& Tower with Radar,379,122,18,1,520,11,1,0,3,15,390,123,18,4,535,33,34,67,602
04/02/2003,SAN,CA,AWP,WE,Combined TRACON& Tower with Radar,376,121,13,1,511,15,8,0,4,27,391,129,13,5,538,0,0,0,538
04/03/2003,SAN,CA,AWP,WE,Combined TRACON& Tower with Radar,397,120,29,1,547,0,0,11,1,12,397,120,40,2,559,0,0,0,559
04/04/2003,SAN,CA,AWP,WE,Combined TRACON& Tower with Radar,383,126,28,1,538,0,4,21,3,28,383,130,49,4,566,0,0,0,566
04/05/2003,SAN,CA,AWP,WE,Combined TRACON& Tower with Radar,301,94,22,1,418,11,0,12,1,24,312,94,34,2,442,0,0,0,442
04/06/2003,SAN,CA,AWP,WE,Combined TRACON& Tower with Radar,365,117,27,1,510,0,7,6,4,17,365,124,33,5,527,0,0,0,527
04/07/2003,SAN,CA,AWP,WE,Combined TRACON& Tower with Radar,384,115,28,1,528,0,0,24,1,25,384,115,52,2,553,0,0,0,553
04/08/2003,SAN,CA,AWP,WE,Combined TRACON& Tower with Radar,371,116,27,1,515,12,0,7,3,22,383,116,34,4,537,0,0,0,537
04/09/2003,SAN,CA,AWP,WE,Combined TRACON& Tower with Radar,391,126,28,1,546,4,2,0,4,10,395,128,28,5,556,0,0,0,556
04/10/2003,SAN,CA,AWP,WE,Combined TRACON& Tower with Radar,398,123,29,1,551,0,0,18,4,22,398,123,47,5,573,0,0,0,573
04/11/2003,SAN,CA,AWP,WE,Combined TRACON& Tower with Radar,398,130,29,1,558,0,1,11,0,12,398,131,40,1,570,27,10,37,607
04/12/2003,SAN,CA,AWP,WE,Combined TRACON& Tower with Radar,323,100,21,1,445,1,0,0,7,8,324,100,21,8,453,0,0,0,453
04/13/2003,SAN,CA,AWP,WE,Combined TRACON& Tower with Radar,379,123,28,0,530,0,7,0,0,7,379,130,28,0,537,0,0,0,537
04/14/2003,SAN,CA,AWP,WE,Combined TRACON& Tower with Radar,395,122,27,2,546,7,0,0,2,9,402,122,27,4,555,0,0,0,555
04/15/2003,SAN,CA,AWP,WE,Combined TRACON& Tower with Radar,378,122,21,1,522,7,4,0,0,11,385,126,21,1,533,0,0,0,533
04/16/2003,SAN,CA,AWP,WE,Combined TRACON& Tower with Radar,392,128,28,2,550,0,2,12,3,17,392,130,40,5,567,0,0,0,567
04/17/2003,SAN,CA,AWP,WE,Combined TRACON& Tower with Radar,403,130,29,2,564,0,4,12,0,16,403,134,41,2,580,0,0,0,580
04/18/2003,SAN,CA,AWP,WE,Combined TRACON& Tower with Radar,378,117,22,2,519,12,0,0,2,14,390,117,22,4,533,0,0,0,533
04/19/2003,SAN,CA,AWP,WE,Combined TRACON& Tower with Radar,326,103,23,2,454,0,1,10,2,13,326,104,33,4,467,0,0,0,467
04/20/2003,SAN,CA,AWP,WE,Combined TRACON& Tower with Radar,368,119,26,0,513,0,5,16,0,21,368,124,42,0,534,0,0,0,534
04/21/2003,SAN,CA,AWP,WE,Combined TRACON& Tower with Radar,384,123,27,2,536,0,0,10,1,11,384,123,37,3,547,0,0,0,547
04/22/2003,SAN,CA,AWP,WE,Combined TRACON& Tower with Radar,390,121,27,2,540,2,0,12,3,17,392,121,39,5,557,40,7,47,604
04/23/2003,SAN,CA,AWP,WE,Combined TRACON& Tower with Radar,383,125,27,1,536,0,2,22,0,24,383,127,49,1,560,0,0,0,560
04/24/2003,SAN,CA,AWP,WE,Combined TRACON& Tower with Radar,399,124,29,1,553,0,0,21,0,21,399,124,50,1,574,0,0,0,574
04/25/2003,SAN,CA,AWP,WE,Combined TRACON& Tower with Radar,389,125,26,0,540,4,8,0,0,12,393,133,26,0,552,0,0,0,552
04/26/2003,SAN,CA,AWP,WE,Combined TRACON& Tower with Radar,317,102,22,1,442,3,6,2,2,13,320,108,24,3,455,0,0,0,455
04/27/2003,SAN,CA,AWP,WE,Combined TRACON& Tower with Radar,370,126,27,1,524,0,14,17,3,34,370,140,44,4,558,0,0,0,558
04/28/2003,SAN,CA,AWP,WE,Combined TRACON& Tower with Radar,384,123,27,1,535,0,2,9,1,12,384,125,36,2,547,0,0,0,547
04/29/2003,SAN,CA,AWP,WE,Combined TRACON& Tower with Radar,388,121,27,1,537,3,0,11,2,16,391,121,38,3,553,0,0,0,553
04/30/2003,SAN,CA,AWP,WE,Combined TRACON& Tower with Radar,383,120,28,1,532,0,0,34,5,39,383,120,62,6,571,0,0,0,571
05/01/2003,SAN,CA,AWP,WE,Combined TRACON& Tower with Radar,385,122,29,1,537,10,1,0,0,11,395,123,29,1,548,0,0,0,548
05/02/2003,SAN,CA,AWP,WE,Combined TRACON& Tower with Radar,394,125,30,1,550,0,2,10,3,15,394,127,40,4,565,0,0,0,565
05/03/2003,SAN,CA,AWP,WE,Combined TRACON& Tower with Radar,319,97,11,1,428,21,0,0,0,21,340,97,11,1,449,0,0,0,449
05/04/2003,SAN,CA,AWP,WE,Combined TRACON& Tower with Radar,363,113,28,1,505,12,0,0,1,13,375,113,28,2,518,0,0,0,518
05/05/2003,SAN,CA,AWP,WE,Combined TRACON& Tower with Radar,384,120,29,1,534,2,0,9,2,13,386,120,38,3,547,0,0,0,547
05/06/2003,SAN,CA,AWP,WE,Combined TRACON& Tower with Radar,387,121,30,1,539,1,0,6,2,9,388,121,36,3,548,42,11,53,601
05/07/2003,SAN,CA,AWP,WE,Combined TRACON& Tower with Radar,399,127,31,1,558,0,3,3,5,11,399,130,34,6,569,0,0,0,569
05/08/2003,SAN,CA,AWP,WE,Combined TRACON& Tower with Radar,403,131,32,1,567,0,6,3,3,12,403,137,35,4,579,0,0,0,579
05/09/2003,SAN,CA,AWP,WE,Combined TRACON& Tower with Radar,400,123,31,1,555,0,0,11,1,12,400,123,42,2,567,55,17,72,639
05/10/2003,SAN,CA,AWP,WE,Combined TRACON& Tower with Radar,321,101,18,0,440,6,2,0,0,8,327,103,18,0,448,11,1,12,460
05/11/2003,SAN,CA,AWP,WE,Combined TRACON& Tower with Radar,363,115,28,1,507,9,6,5,0,20,372,121,33,1,527,0,0,0,527
05/12/2003,SAN,CA,AWP,WE,Combined TRACON& Tower with Radar,372,117,28,2,519,12,0,2,3,17,384,117,30,5,536,0,0,0,536
05/13/2003,SAN,CA,AWP,WE,Combined TRACON& Tower with Radar,393,123,29,1,546,4,0,8,0,12,397,123,37,1,558,0,0,0,558
05/14/2003,SAN,CA,AWP,WE,Combined TRACON& Tower with Radar,395,124,30,2,551,0,0,13,2,15,395,124,43,4,566,0,0,0,566
05/15/2003,SAN,CA,AWP,WE,Combined TRACON& Tower with Radar,387,122,29,2,540,10,5,5,6,26,397,127,34,8,566,0,0,0,566
05/16/2003,SAN,CA,AWP,WE,Combined TRACON& Tower with Radar,405,128,30,2,565,2,0,18,2,22,407,128,48,4,587,0,0,0,587
05/17/2003,SAN,CA,AWP,WE,Combined TRACON& Tower with Radar,404,124,30,0,558,0,0,8,0,8,404,124,38,0,566,17,1,18,584
05/18/2003,SAN,CA,AWP,WE,Combined TRACON& Tower with Radar,376,119,28,2,525,0,7,12,1,20,376,126,40,3,545,0,0,0,545
05/19/2003,SAN,CA,AWP,WE,Combined TRACON& Tower with Radar,371,116,28,1,516,0,7,11,0,18,371,123,39,1,534,0,0,0,534
05/20/2003,SAN,CA,AWP,WE,Combined TRACON& Tower with Radar,373,117,28,1,519,0,6,11,0,17,373,123,39,1,536,0,0,0,536
05/21/2003,SAN,CA,AWP,WE,Combined TRACON& Tower with Radar,375,118,28,1,522,0,5,12,0,17,375,123,40,1,539,0,0,0,539
05/22/2003,SAN,CA,AWP,WE,Combined TRACON& Tower with Radar,398,128,30,2,558,0,1,6,3,10,398,129,36,5,568,0,0,0,568
05/23/2003,SAN,CA,AWP,WE,Combined TRACON& Tower with Radar,402,124,30,0,556,0,0,16,0,16,402,124,46,0,572,36,16,52,624
05/24/2003,SAN,CA,AWP,WE,Combined TRACON& Tower with Radar,314,92,23,2,431,9,0,2,1,12,323,92,25,3,443,0,0,0,443
05/25/2003,SAN,CA,AWP,WE,Combined TRACON& Tower with Radar,334,104,25,2,465,3,1,8,1,13,337,105,33,3,478,0,0,0,478
05/26/2003,SAN,CA,AWP,WE,Combined TRACON& Tower with Radar,368,122,29,1,520,0,6,29,5,40,368,128,58,6,560,0,0,0,560
05/27/2003,SAN,CA,AWP,WE,Combined TRACON& Tower with Radar,396,126,30,1,553,0,0,7,10,17,396,126,37,11,570,0,0,0,570
05/28/2003,SAN,CA,AWP,WE,Combined TRACON& Tower with Radar,412,125,31,1,569,0,0,23,6,29,412,125,54,7,598,0,0,0,598
05/29/2003,SAN,CA,AWP,WE,Combined TRACON& Tower with Radar,406,134,32,0,572,0,1,21,0,22,406,135,53,0,594,0,0,0,594
05/30/2003,SAN,CA,AWP,WE,Combined TRACON& Tower with Radar,394,125,29,0,548,0,0,1,0,1,394,125,30,0,549,42,15,57,606
05/31/2003,SAN,CA,AWP,WE,Combined TRACON& Tower with Radar,400,127,30,1,558,0,0,9,0,9,400,127,39,1,567,0,0,0,567
06/01/2003,SAN,CA,AWP,WE,Combined TRACON& Tower with Radar,364,116,32,2,514,0,12,10,2,24,364,128,42,4,538,0,0,0,538
06/02/2003,SAN,CA,AWP,WE,Combined TRACON& Tower with Radar,398,120,30,1,549,10,1,0,0,11,408,121,30,1,560,0,0,0,560
06/03/2003,SAN,CA,AWP,WE,Combined TRACON& Tower with Radar,415,125,32,2,574,0,9,0,0,9,415,134,32,2,583,0,0,0,583
06/04/2003,SAN,CA,AWP,WE,Combined TRACON& Tower with Radar,401,124,33,2,560,0,4,0,1,5,401,128,33,3,565,0,0,0,565
06/05/2003,SAN,CA,AWP,WE,Combined TRACON& Tower with Radar,403,122,34,0,559,0,3,2,0,5,403,125,36,0,564,0,0,0,564
06/06/2003,SAN,CA,AWP,WE,Combined TRACON& Tower with Radar,403,123,34,1,561,0,0,13,0,13,403,123,47,1,574,0,0,0,574
06/07/2003,SAN,CA,AWP,WE,Combined TRACON& Tower with Radar,348,105,29,0,482,0,0,6,0,6,348,105,35,0,488,0,0,0,488
06/08/2003,SAN,CA,AWP,WE,Combined TRACON& Tower with Radar,401,122,34,1,558,0,10,1,0,11,401,132,35,1,569,0,0,0,569
06/09/2003,SAN,CA,AWP,WE,Combined TRACON& Tower with Radar,394,118,30,2,544,5,4,0,2,11,399,122,30,4,555,0,0,0,555
06/10/2003,SAN,CA,AWP,WE,Combined TRACON& Tower with Radar,393,108,33,2,536,14,0,5,1,20,407,108,38,3,556,0,0,0,556
06/11/2003,SAN,CA,AWP,WE,Combined TRACON& Tower with Radar,408,123,34,2,567,0,0,14,0,14,408,123,48,2,581,0,0,0,581
06/12/2003,SAN,CA,AWP,WE,Combined TRACON& Tower with Radar,409,126,36,2,573,0,0,25,3,28,409,126,61,5,601,0,0,0,601
06/13/2003,SAN,CA,AWP,WE,Combined TRACON& Tower with Radar,410,119,35,2,566,0,0,30,4,34,410,119,65,6,600,0,0,0,600
06/14/2003,SAN,CA,AWP,WE,Combined TRACON& Tower with Radar,353,106,23,2,484,16,0,0,0,16,369,106,23,2,500,0,0,0,500
06/15/2003,SAN,CA,AWP,WE,Combined TRACON& Tower with Radar,385,117,32,2,536,0,7,4,2,13,385,124,36,4,549,0,0,0,549
06/16/2003,SAN,CA,AWP,WE,Combined TRACON& Tower with Radar,397,119,29,2,547,7,2,0,0,9,404,121,29,2,556,0,0,0,556
06/17/2003,SAN,CA,AWP,WE,Combined TRACON& Tower with Radar,422,120,30,1,573,12,0,0,0,12,434,120,30,1,585,0,0,0,585
06/18/2003,SAN,CA,AWP,WE,Combined TRACON& Tower with Radar,409,119,33,3,564,2,0,4,1,7,411,119,37,4,571,0,0,0,571
06/19/2003,SAN,CA,AWP,WE,Combined TRACON& Tower with Radar,429,128,34,1,592,4,4,0,0,8,433,132,34,1,600,0,0,0,600
06/20/2003,SAN,CA,AWP,WE,Combined TRACON& Tower with Radar,413,124,33,3,573,0,5,5,3,13,413,129,38,6,586,2,3,5,591
06/21/2003,SAN,CA,AWP,WE,Combined TRACON& Tower with Radar,362,102,9,1,474,9,0,0,0,9,371,102,9,1,483,0,0,0,483
06/22/2003,SAN,CA,AWP,WE,Combined TRACON& Tower with Radar,391,117,27,3,538,0,7,0,7,14,391,124,27,10,552,0,0,0,552
06/23/2003,SAN,CA,AWP,WE,Combined TRACON& Tower with Radar,399,116,32,3,550,0,0,21,4,25,399,116,53,7,575,0,0,0,575
06/24/2003,SAN,CA,AWP,WE,Combined TRACON& Tower with Radar,405,110,33,2,550,14,0,6,0,20,419,110,39,2,570,0,0,0,570
06/25/2003,SAN,CA,AWP,WE,Combined TRACON& Tower with Radar,407,117,33,2,559,8,0,2,0,10,415,117,35,2,569,0,0,0,569
06/26/2003,SAN,CA,AWP,WE,Combined TRACON& Tower with Radar,424,121,35,3,583,0,0,11,1,12,424,121,46,4,595,0,0,0,595
06/27/2003,SAN,CA,AWP,WE,Combined TRACON& Tower with Radar,425,122,34,3,584,1,0,13,5,19,426,122,47,8,603,0,0,0,603
06/28/2003,SAN,CA,AWP,WE,Combined TRACON& Tower with Radar,349,103,12,2,466,8,6,0,0,14,357,109,12,2,480,13,0,13,493
06/29/2003,SAN,CA,AWP,WE,Combined TRACON& Tower with Radar,390,115,32,0,537,0,0,27,0,27,390,115,59,0,564,0,0,0,564
06/30/2003,SAN,CA,AWP,WE,Combined TRACON& Tower with Radar,406,124,33,2,565,0,1,19,4,24,406,125,52,6,589,0,0,0,589
07/01/2003,SAN,CA,AWP,WE,Combined TRACON& Tower with Radar,450,133,39,0,622,10,0,2,0,12,460,133,41,0,634,0,0,0,634
07/02/2003,SAN,CA,AWP,WE,Combined TRACON& Tower with Radar,428,126,37,1,592,6,0,6,1,13,434,126,43,2,605,0,0,0,605
07/03/2003,SAN,CA,AWP,WE,Combined TRACON& Tower with Radar,412,124,36,1,573,0,1,17,0,18,412,125,53,1,591,0,0,0,591
07/04/2003,SAN,CA,AWP,WE,Combined TRACON& Tower with Radar,312,94,27,0,433,2,11,6,5,24,314,105,33,5,457,0,0,0,457
07/05/2003,SAN,CA,AWP,WE,Combined TRACON& Tower with Radar,352,106,15,0,473,0,0,0,0,0,352,106,15,0,473,10,2,12,485
07/06/2003,SAN,CA,AWP,WE,Combined TRACON& Tower with Radar,399,121,35,0,555,0,10,0,0,10,399,131,35,0,565,0,0,0,565
07/07/2003,SAN,CA,AWP,WE,Combined TRACON& Tower with Radar,397,119,27,1,544,8,1,0,2,11,405,120,27,3,555,0,0,0,555
07/08/2003,SAN,CA,AWP,WE,Combined TRACON& Tower with Radar,427,120,37,1,585,11,0,0,5,16,438,120,37,6,601,42,20,62,663
07/09/2003,SAN,CA,AWP,WE,Combined TRACON& Tower with Radar,421,121,36,1,579,0,0,3,2,5,421,121,39,3,584,0,0,0,584
07/10/2003,SAN,CA,AWP,WE,Combined TRACON& Tower with Radar,430,132,38,1,601,0,0,13,2,15,430,132,51,3,616,0,0,0,616
07/11/2003,SAN,CA,AWP,WE,Combined TRACON& Tower with Radar,425,122,32,1,580,11,0,0,0,11,436,122,32,1,591,47,8,55,646
07/12/2003,SAN,CA,AWP,WE,Combined TRACON& Tower with Radar,359,107,31,1,498,3,6,6,2,17,362,113,37,3,515,0,0,0,515
07/13/2003,SAN,CA,AWP,WE,Combined TRACON& Tower with Radar,391,118,34,1,544,0,9,25,5,39,391,127,59,6,583,0,0,0,583
07/14/2003,SAN,CA,AWP,WE,Combined TRACON& Tower with Radar,413,120,29,1,563,12,0,0,5,17,425,120,29,6,580,0,0,0,580
07/15/2003,SAN,CA,AWP,WE,Combined TRACON& Tower with Radar,430,123,34,2,589,13,0,0,2,15,443,123,34,4,604,0,0,0,604
07/16/2003,SAN,CA,AWP,WE,Combined TRACON& Tower with Radar,450,126,37,2,615,9,0,4,1,14,459,126,41,3,629,0,0,0,629
07/17/2003,SAN,CA,AWP,WE,Combined TRACON& Tower with Radar,445,138,39,1,623,0,9,22,0,31,445,147,61,1,654,0,0,0,654
07/18/2003,SAN,CA,AWP,WE,Combined TRACON& Tower with Radar,412,127,35,2,576,0,2,14,0,16,412,129,49,2,592,0,0,0,592
07/19/2003,SAN,CA,AWP,WE,Combined TRACON& Tower with Radar,357,106,30,1,494,0,0,5,0,5,357,106,35,1,499,9,0,9,508
07/20/2003,SAN,CA,AWP,WE,Combined TRACON& Tower with Radar,391,119,33,1,544,0,3,16,0,19,391,122,49,1,563,0,0,0,563
07/21/2003,SAN,CA,AWP,WE,Combined TRACON& Tower with Radar,410,119,34,2,565,0,0,8,9,17,410,119,42,11,582,0,0,0,582
07/22/2003,SAN,CA,AWP,WE,Combined TRACON& Tower with Radar,361,107,30,2,500,79,14,7,1,101,440,121,37,3,601,0,0,0,601
07/23/2003,SAN,CA,AWP,WE,Combined TRACON& Tower with Radar,415,118,34,1,568,8,0,9,0,17,423,118,43,1,585,0,0,0,585
07/24/2003,SAN,CA,AWP,WE,Combined TRACON& Tower with Radar,417,126,35,2,580,0,0,14,2,16,417,126,49,4,596,0,0,0,596
07/25/2003,SAN,CA,AWP,WE,Combined TRACON& Tower with Radar,417,125,35,2,579,0,8,11,0,19,417,133,46,2,598,43,30,73,671
07/26/2003,SAN,CA,AWP,WE,Combined TRACON& Tower with Radar,366,108,30,1,505,2,0,12,1,15,368,108,42,2,520,28,5,33,553
07/27/2003,SAN,CA,AWP,WE,Combined TRACON& Tower with Radar,395,118,31,1,545,4,6,0,1,11,399,124,31,2,556,0,0,0,556
07/28/2003,SAN,CA,AWP,WE,Combined TRACON& Tower with Radar,415,122,35,1,573,0,0,25,1,26,415,122,60,2,599,0,0,0,599
07/29/2003,SAN,CA,AWP,WE,Combined TRACON& Tower with Radar,416,126,35,1,578,0,0,17,3,20,416,126,52,4,598,0,0,0,598
07/30/2003,SAN,CA,AWP,WE,Combined TRACON& Tower with Radar,423,125,36,1,585,0,0,18,1,19,423,125,54,2,604,0,0,0,604
07/31/2003,SAN,CA,AWP,WE,Combined TRACON& Tower with Radar,418,127,36,1,582,0,0,17,2,19,418,127,53,3,601,0,0,0,601
08/01/2003,SAN,CA,AWP,WE,Combined TRACON& Tower with Radar,415,134,37,0,586,0,2,33,0,35,415,136,70,0,621,58,25,83,704
08/02/2003,SAN,CA,AWP,WE,Combined TRACON& Tower with Radar,356,108,26,1,491,9,3,0,0,12,365,111,26,1,503,0,0,0,503
08/03/2003,SAN,CA,AWP,WE,Combined TRACON& Tower with Radar,394,124,34,1,553,0,2,16,6,24,394,126,50,7,577,0,0,0,577
08/04/2003,SAN,CA,AWP,WE,Combined TRACON& Tower with Radar,409,125,34,1,569,0,0,22,5,27,409,125,56,6,596,0,0,0,596
08/05/2003,SAN,CA,AWP,WE,Combined TRACON& Tower with Radar,411,120,35,1,567,9,0,11,0,20,420,120,46,1,587,0,0,0,587
08/06/2003,SAN,CA,AWP,WE,Combined TRACON& Tower with Radar,415,120,35,1,571,0,0,17,1,18,415,120,52,2,589,0,0,0,589
08/07/2003,SAN,CA,AWP,WE,Combined TRACON& Tower with Radar,390,107,33,1,531,0,0,12,1,13,390,107,45,2,544,0,0,0,544
08/08/2003,SAN,CA,AWP,WE,Combined TRACON& Tower with Radar,429,132,37,1,599,0,6,21,1,28,429,138,58,2,627,0,0,0,627
08/09/2003,SAN,CA,AWP,WE,Combined TRACON& Tower with Radar,344,99,18,0,461,17,0,0,0,17,361,99,18,0,478,23,2,25,503
08/10/2003,SAN,CA,AWP,WE,Combined TRACON& Tower with Radar,396,122,34,0,552,0,7,11,0,18,396,129,45,0,570,0,0,0,570
08/11/2003,SAN,CA,AWP,WE,Combined TRACON& Tower with Radar,410,119,35,1,565,0,0,20,6,26,410,119,55,7,591,0,0,0,591
08/12/2003,SAN,CA,AWP,WE,Combined TRACON& Tower with Radar,419,117,35,1,572,7,0,17,3,27,426,117,52,4,599,0,0,0,599
08/13/2003,SAN,CA,AWP,WE,Combined TRACON& Tower with Radar,417,121,36,1,575,0,0,18,1,19,417,121,54,2,594,0,0,0,594
08/14/2003,SAN,CA,AWP,WE,Combined TRACON& Tower with Radar,413,124,34,1,572,6,0,0,3,9,419,124,34,4,581,0,0,0,581
08/15/2003,SAN,CA,AWP,WE,Combined TRACON& Tower with Radar,356,108,30,1,495,10,3,3,4,20,366,111,33,5,515,0,0,0,515
08/16/2003,SAN,CA,AWP,WE,Combined TRACON& Tower with Radar,360,109,30,1,500,3,9,7,2,21,363,118,37,3,521,0,0,0,521
08/17/2003,SAN,CA,AWP,WE,Combined TRACON& Tower with Radar,391,119,32,2,544,1,9,9,4,23,392,128,41,6,567,0,0,0,567
08/18/2003,SAN,CA,AWP,WE,Combined TRACON& Tower with Radar,412,127,34,2,575,0,6,10,1,17,412,133,44,3,592,0,0,0,592
08/19/2003,SAN,CA,AWP,WE,Combined TRACON& Tower with Radar,418,125,34,2,579,7,0,2,4,13,425,125,36,6,592,45,46,91,683
08/20/2003,SAN,CA,AWP,WE,Combined TRACON& Tower with Radar,411,124,33,2,570,3,0,3,2,8,414,124,36,4,578,0,0,0,578
08/21/2003,SAN,CA,AWP,WE,Combined TRACON& Tower with Radar,427,129,35,2,593,0,0,0,2,2,427,129,35,4,595,0,0,0,595
08/22/2003,SAN,CA,AWP,WE,Combined TRACON& Tower with Radar,422,130,35,2,589,0,8,9,3,20,422,138,44,5,609,50,13,63,672
08/23/2003,SAN,CA,AWP,WE,Combined TRACON& Tower with Radar,363,109,30,2,504,4,0,8,0,12,367,109,38,2,516,0,0,0,516
08/24/2003,SAN,CA,AWP,WE,Combined TRACON& Tower with Radar,393,119,32,2,546,0,1,21,2,24,393,120,53,4,570,0,0,0,570
08/25/2003,SAN,CA,AWP,WE,Combined TRACON& Tower with Radar,397,119,30,2,548,7,3,0,0,10,404,122,30,2,558,0,0,0,558
08/26/2003,SAN,CA,AWP,WE,Combined TRACON& Tower with Radar,407,123,33,2,565,0,5,2,0,7,407,128,35,2,572,0,0,0,572
08/27/2003,SAN,CA,AWP,WE,Combined TRACON& Tower with Radar,420,126,35,2,583,0,8,8,0,16,420,134,43,2,599,0,0,0,599
08/28/2003,SAN,CA,AWP,WE,Combined TRACON& Tower with Radar,415,124,32,2,573,7,4,0,1,12,422,128,32,3,585,0,0,0,585
08/29/2003,SAN,CA,AWP,WE,Combined TRACON& Tower with Radar,419,126,34,0,579,0,0,24,0,24,419,126,58,0,603,0,0,0,603
08/30/2003,SAN,CA,AWP,WE,Combined TRACON& Tower with Radar,355,103,29,0,487,5,0,2,0,7,360,103,31,0,494,11,3,14,508
08/31/2003,SAN,CA,AWP,WE,Combined TRACON& Tower with Radar,347,105,28,1,481,0,5,19,5,29,347,110,47,6,510,0,0,0,510
09/01/2003,SAN,CA,AWP,WE,Combined TRACON& Tower with Radar,383,122,29,1,535,15,0,0,7,22,398,122,29,8,557,0,0,0,557
09/02/2003,SAN,CA,AWP,WE,Combined TRACON& Tower with Radar,402,125,35,1,563,5,0,10,2,17,407,125,45,3,580,0,0,0,580
09/03/2003,SAN,CA,AWP,WE,Combined TRACON& Tower with Radar,410,132,36,0,578,3,0,6,0,9,413,132,42,0,587,0,0,0,587
09/04/2003,SAN,CA,AWP,WE,Combined TRACON& Tower with Radar,417,134,37,1,589,0,0,19,5,24,417,134,56,6,613,0,0,0,613
09/05/2003,SAN,CA,AWP,WE,Combined TRACON& Tower with Radar,413,132,36,1,582,0,0,36,2,38,413,132,72,3,620,0,0,0,620
09/06/2003,SAN,CA,AWP,WE,Combined TRACON& Tower with Radar,328,108,28,1,465,19,5,0,1,25,347,113,28,2,490,0,0,0,490
09/07/2003,SAN,CA,AWP,WE,Combined TRACON& Tower with Radar,383,127,34,1,545,0,9,10,1,20,383,136,44,2,565,0,0,0,565
09/08/2003,SAN,CA,AWP,WE,Combined TRACON& Tower with Radar,386,118,34,1,539,10,0,6,6,22,396,118,40,7,561,0,0,0,561
09/09/2003,SAN,CA,AWP,WE,Combined TRACON& Tower with Radar,391,129,34,1,555,0,6,16,0,22,391,135,50,1,577,0,0,0,577
09/10/2003,SAN,CA,AWP,WE,Combined TRACON& Tower with Radar,401,130,36,1,568,0,0,22,4,26,401,130,58,5,594,0,0,0,594
09/11/2003,SAN,CA,AWP,WE,Combined TRACON& Tower with Radar,417,134,37,1,589,0,0,20,5,25,417,134,57,6,614,0,0,0,614
09/12/2003,SAN,CA,AWP,WE,Combined TRACON& Tower with Radar,414,140,37,1,592,0,8,28,0,36,414,148,65,1,628,0,0,0,628
09/13/2003,SAN,CA,AWP,WE,Combined TRACON& Tower with Radar,328,106,28,0,462,1,0,3,0,4,329,106,31,0,466,17,1,18,484
09/14/2003,SAN,CA,AWP,WE,Combined TRACON& Tower with Radar,383,130,34,0,547,0,2,18,0,20,383,132,52,0,567,0,0,0,567
09/15/2003,SAN,CA,AWP,WE,Combined TRACON& Tower with Radar,386,127,28,2,543,9,1,0,2,12,395,128,28,4,555,0,0,0,555
09/16/2003,SAN,CA,AWP,WE,Combined TRACON& Tower with Radar,400,130,34,2,566,3,1,7,1,12,403,131,41,3,578,0,0,0,578
09/17/2003,SAN,CA,AWP,WE,Combined TRACON& Tower with Radar,403,131,35,1,570,4,1,9,0,14,407,132,44,1,584,0,0,0,584
09/18/2003,SAN,CA,AWP,WE,Combined TRACON& Tower with Radar,407,135,36,2,580,0,0,6,6,12,407,135,42,8,592,0,0,0,592
09/19/2003,SAN,CA,AWP,WE,Combined TRACON& Tower with Radar,409,141,37,2,589,0,7,35,1,43,409,148,72,3,632,43,8,51,683
09/20/2003,SAN,CA,AWP,WE,Combined TRACON& Tower with Radar,336,110,29,2,477,0,1,17,1,19,336,111,46,3,496,0,0,0,496
09/21/2003,SAN,CA,AWP,WE,Combined TRACON& Tower with Radar,395,128,34,1,558,1,1,6,0,8,396,129,40,1,566,0,0,0,566
09/22/2003,SAN,CA,AWP,WE,Combined TRACON& Tower with Radar,396,128,34,0,558,3,0,15,0,18,399,128,49,0,576,0,0,0,576
09/23/2003,SAN,CA,AWP,WE,Combined TRACON& Tower with Radar,418,132,36,2,588,0,0,12,3,15,418,132,48,5,603,0,0,0,603
09/24/2003,SAN,CA,AWP,WE,Combined TRACON& Tower with Radar,401,131,30,1,563,4,10,0,0,14,405,141,30,1,577,0,0,0,577
09/25/2003,SAN,CA,AWP,WE,Combined TRACON& Tower with Radar,419,136,36,2,593,0,0,10,2,12,419,136,46,4,605,0,0,0,605
09/26/2003,SAN,CA,AWP,WE,Combined TRACON& Tower with Radar,419,136,27,2,584,3,1,0,8,12,422,137,27,10,596,0,0,0,596
09/27/2003,SAN,CA,AWP,WE,Combined TRACON& Tower with Radar,322,105,15,1,443,10,5,0,0,15,332,110,15,1,458,0,0,0,458
09/28/2003,SAN,CA,AWP,WE,Combined TRACON& Tower with Radar,385,129,34,1,549,0,2,19,1,22,385,131,53,2,571,0,0,0,571
09/29/2003,SAN,CA,AWP,WE,Combined TRACON& Tower with Radar,397,130,32,1,560,6,0,0,2,8,403,130,32,3,568,0,0,0,568
09/30/2003,SAN,CA,AWP,WE,Combined TRACON& Tower with Radar,414,129,35,1,579,5,0,4,1,10,419,129,39,2,589,22,21,43,632
10/01/2003,SAN,CA,AWP,WE,Combined TRACON& Tower with Radar,394,126,33,2,555,9,1,0,1,11,403,127,33,3,566,0,0,0,566
10/02/2003,SAN,CA,AWP,WE,Combined TRACON& Tower with Radar,414,130,37,1,582,0,0,12,0,12,414,130,49,1,594,0,0,0,594
10/03/2003,SAN,CA,AWP,WE,Combined TRACON& Tower with Radar,398,128,27,1,554,14,3,0,3,20,412,131,27,4,574,0,0,0,574
10/04/2003,SAN,CA,AWP,WE,Combined TRACON& Tower with Radar,327,106,18,1,452,4,11,0,1,16,331,117,18,2,468,0,0,0,468
10/05/2003,SAN,CA,AWP,WE,Combined TRACON& Tower with Radar,379,122,34,1,536,5,3,0,1,9,384,125,34,2,545,0,0,0,545
10/06/2003,SAN,CA,AWP,WE,Combined TRACON& Tower with Radar,400,129,29,0,558,4,8,0,0,12,404,137,29,0,570,0,0,0,570
10/07/2003,SAN,CA,AWP,WE,Combined TRACON& Tower with Radar,399,127,31,1,558,11,0,0,2,13,410,127,31,3,571,0,0,0,571
10/08/2003,SAN,CA,AWP,WE,Combined TRACON& Tower with Radar,386,126,34,1,547,0,8,0,1,9,386,134,34,2,556,0,0,0,556
10/09/2003,SAN,CA,AWP,WE,Combined TRACON& Tower with Radar,412,133,37,1,583,0,1,6,0,7,412,134,43,1,590,0,0,0,590
10/10/2003,SAN,CA,AWP,WE,Combined TRACON& Tower with Radar,473,150,43,2,668,0,0,15,1,16,473,150,58,3,684,9,0,9,693
10/11/2003,SAN,CA,AWP,WE,Combined TRACON& Tower with Radar,334,108,30,1,473,2,6,3,0,11,336,114,33,1,484,0,0,0,484
10/12/2003,SAN,CA,AWP,WE,Combined TRACON& Tower with Radar,393,126,35,1,555,2,0,9,1,12,395,126,44,2,567,0,0,0,567
10/13/2003,SAN,CA,AWP,WE,Combined TRACON& Tower with Radar,394,127,33,1,555,10,1,0,1,12,404,128,33,2,567,0,0,0,567
10/14/2003,SAN,CA,AWP,WE,Combined TRACON& Tower with Radar,423,139,38,2,602,0,1,28,11,40,423,140,66,13,642,0,0,0,642
10/15/2003,SAN,CA,AWP,WE,Combined TRACON& Tower with Radar,412,134,36,2,584,0,4,14,1,19,412,138,50,3,603,0,0,0,603
10/16/2003,SAN,CA,AWP,WE,Combined TRACON& Tower with Radar,413,132,37,2,584,0,0,31,0,31,413,132,68,2,615,0,0,0,615
10/17/2003,SAN,CA,AWP,WE,Combined TRACON& Tower with Radar,416,134,36,2,588,0,2,17,1,20,416,136,53,3,608,0,0,0,608
10/18/2003,SAN,CA,AWP,WE,Combined TRACON& Tower with Radar,339,108,30,2,479,2,1,2,2,7,341,109,32,4,486,0,0,0,486
10/19/2003,SAN,CA,AWP,WE,Combined TRACON& Tower with Radar,398,128,35,2,563,0,0,19,10,29,398,128,54,12,592,0,0,0,592
10/20/2003,SAN,CA,AWP,WE,Combined TRACON& Tower with Radar,404,131,36,2,573,0,4,16,0,20,404,135,52,2,593,0,0,0,593
10/21/2003,SAN,CA,AWP,WE,Combined TRACON& Tower with Radar,407,135,38,2,582,0,6,23,4,33,407,141,61,6,615,0,0,0,615
10/22/2003,SAN,CA,AWP,WE,Combined TRACON& Tower with Radar,405,131,36,2,574,0,0,19,3,22,405,131,55,5,596,0,0,0,596
10/23/2003,SAN,CA,AWP,WE,Combined TRACON& Tower with Radar,428,135,39,2,604,0,0,22,3,25,428,135,61,5,629,0,0,0,629
10/24/2003,SAN,CA,AWP,WE,Combined TRACON& Tower with Radar,444,136,39,2,621,2,0,14,0,16,446,136,53,2,637,34,11,45,682
10/25/2003,SAN,CA,AWP,WE,Combined TRACON& Tower with Radar,359,103,31,0,493,12,0,2,0,14,371,103,33,0,507,10,2,12,519
10/26/2003,SAN,CA,AWP,WE,Combined TRACON& Tower with Radar,216,72,20,1,309,0,5,9,1,15,216,77,29,2,324,0,0,0,324
10/27/2003,SAN,CA,AWP,WE,Combined TRACON& Tower with Radar,364,101,32,2,499,0,0,15,8,23,364,101,47,10,522,0,0,0,522
10/28/2003,SAN,CA,AWP,WE,Combined TRACON& Tower with Radar,337,105,30,0,472,0,0,9,0,9,337,105,39,0,481,0,0,0,481
10/29/2003,SAN,CA,AWP,WE,Combined TRACON& Tower with Radar,397,123,24,2,546,18,0,0,5,23,415,123,24,7,569,0,0,0,569
10/30/2003,SAN,CA,AWP,WE,Combined TRACON& Tower with Radar,404,129,35,2,570,1,3,1,7,12,405,132,36,9,582,0,0,0,582
10/31/2003,SAN,CA,AWP,WE,Combined TRACON& Tower with Radar,400,127,33,2,562,6,6,0,2,14,406,133,33,4,576,60,22,82,658
11/01/2003,SAN,CA,AWP,WE,Combined TRACON& Tower with Radar,320,102,22,1,445,1,2,0,7,10,321,104,22,8,455,0,0,0,455
11/02/2003,SAN,CA,AWP,WE,Combined TRACON& Tower with Radar,378,121,29,1,529,0,1,15,1,17,378,122,44,2,546,0,0,0,546
11/03/2003,SAN,CA,AWP,WE,Combined TRACON& Tower with Radar,392,126,21,1,540,0,14,0,1,15,392,140,21,2,555,0,0,0,555
11/04/2003,SAN,CA,AWP,WE,Combined TRACON& Tower with Radar,394,130,31,1,556,0,5,23,5,33,394,135,54,6,589,0,0,0,589
11/05/2003,SAN,CA,AWP,WE,Combined TRACON& Tower with Radar,402,132,31,1,566,0,2,9,1,12,402,134,40,2,578,0,0,0,578
11/06/2003,SAN,CA,AWP,WE,Combined TRACON& Tower with Radar,405,131,32,1,569,0,2,20,1,23,405,133,52,2,592,0,0,0,592
11/07/2003,SAN,CA,AWP,WE,Combined TRACON& Tower with Radar,307,98,22,1,428,5,3,0,2,10,312,101,22,3,438,0,0,0,438
11/08/2003,SAN,CA,AWP,WE,Combined TRACON& Tower with Radar,325,101,25,1,452,4,0,2,6,12,329,101,27,7,464,0,0,0,464
11/09/2003,SAN,CA,AWP,WE,Combined TRACON& Tower with Radar,375,116,29,0,520,0,0,17,0,17,375,116,46,0,537,0,0,0,537
11/10/2003,SAN,CA,AWP,WE,Combined TRACON& Tower with Radar,392,120,30,1,543,5,0,2,7,14,397,120,32,8,557,0,0,0,557
11/11/2003,SAN,CA,AWP,WE,Combined TRACON& Tower with Radar,385,123,29,1,538,8,1,12,5,26,393,124,41,6,564,0,0,0,564
11/12/2003,SAN,CA,AWP,WE,Combined TRACON& Tower with Radar,410,111,30,0,551,15,0,11,0,26,425,111,41,0,577,0,0,0,577
11/13/2003,SAN,CA,AWP,WE,Combined TRACON& Tower with Radar,412,131,31,2,576,3,3,13,0,19,415,134,44,2,595,0,0,0,595
11/14/2003,SAN,CA,AWP,WE,Combined TRACON& Tower with Radar,405,124,30,2,561,0,0,24,1,25,405,124,54,3,586,65,23,88,674
11/15/2003,SAN,CA,AWP,WE,Combined TRACON& Tower with Radar,323,102,21,0,446,8,1,0,0,9,331,103,21,0,455,0,0,0,455
11/16/2003,SAN,CA,AWP,WE,Combined TRACON& Tower with Radar,367,117,27,2,513,6,4,1,0,11,373,121,28,2,524,0,0,0,524
11/17/2003,SAN,CA,AWP,WE,Combined TRACON& Tower with Radar,390,124,29,2,545,0,11,9,3,23,390,135,38,5,568,0,0,0,568
11/18/2003,SAN,CA,AWP,WE,Combined TRACON& Tower with Radar,400,125,30,2,557,0,0,35,1,36,400,125,65,3,593,0,0,0,593
11/19/2003,SAN,CA,AWP,WE,Combined TRACON& Tower with Radar,411,128,33,2,574,0,0,26,0,26,411,128,59,2,600,0,0,0,600
11/20/2003,SAN,CA,AWP,WE,Combined TRACON& Tower with Radar,424,134,32,2,592,0,0,31,7,38,424,134,63,9,630,0,0,0,630
11/21/2003,SAN,CA,AWP,WE,Combined TRACON& Tower with Radar,413,126,31,2,572,0,0,11,9,20,413,126,42,11,592,0,0,0,592
11/22/2003,SAN,CA,AWP,WE,Combined TRACON& Tower with Radar,324,101,23,2,450,6,4,0,0,10,330,105,23,2,460,0,0,0,460
11/23/2003,SAN,CA,AWP,WE,Combined TRACON& Tower with Radar,214,64,15,1,294,10,0,0,1,11,224,64,15,2,305,0,0,0,305
11/24/2003,SAN,CA,AWP,WE,Combined TRACON& Tower with Radar,398,124,29,1,552,5,0,2,5,12,403,124,31,6,564,0,0,0,564
11/25/2003,SAN,CA,AWP,WE,Combined TRACON& Tower with Radar,403,126,30,0,559,6,0,7,0,13,409,126,37,0,572,0,0,0,572
11/26/2003,SAN,CA,AWP,WE,Combined TRACON& Tower with Radar,423,135,31,1,590,0,8,9,1,18,423,143,40,2,608,0,0,0,608
11/27/2003,SAN,CA,AWP,WE,Combined TRACON& Tower with Radar,295,89,19,0,403,20,0,0,0,20,315,89,19,0,423,0,0,0,423
11/28/2003,SAN,CA,AWP,WE,Combined TRACON& Tower with Radar,327,101,22,1,451,20,0,0,4,24,347,101,22,5,475,0,0,0,475
11/29/2003,SAN,CA,AWP,WE,Combined TRACON& Tower with Radar,339,110,19,0,468,0,16,0,0,16,339,126,19,0,484,6,0,6,490
11/30/2003,SAN,CA,AWP,WE,Combined TRACON& Tower with Radar,388,129,30,0,547,0,3,32,0,35,388,132,62,0,582,0,0,0,582
12/01/2003,SAN,CA,AWP,WE,Combined TRACON& Tower with Radar,396,121,28,1,546,7,0,16,5,28,403,121,44,6,574,0,0,0,574
12/02/2003,SAN,CA,AWP,WE,Combined TRACON& Tower with Radar,399,124,27,1,551,2,0,10,3,15,401,124,37,4,566,0,0,0,566
12/03/2003,SAN,CA,AWP,WE,Combined TRACON& Tower with Radar,422,140,30,1,593,0,1,9,12,22,422,141,39,13,615,0,0,0,615
12/04/2003,SAN,CA,AWP,WE,Combined TRACON& Tower with Radar,431,132,30,1,594,0,0,34,5,39,431,132,64,6,633,0,0,0,633
12/05/2003,SAN,CA,AWP,WE,Combined TRACON& Tower with Radar,376,113,26,1,516,13,0,9,3,25,389,113,35,4,541,26,25,51,592
12/06/2003,SAN,CA,AWP,WE,Combined TRACON& Tower with Radar,308,101,19,0,428,2,1,0,0,3,310,102,19,0,431,4,0,4,435
12/07/2003,SAN,CA,AWP,WE,Combined TRACON& Tower with Radar,405,138,29,1,573,0,2,7,12,21,405,140,36,13,594,0,0,0,594
12/08/2003,SAN,CA,AWP,WE,Combined TRACON& Tower with Radar,394,130,27,1,552,0,3,13,3,19,394,133,40,4,571,0,0,0,571
12/09/2003,SAN,CA,AWP,WE,Combined TRACON& Tower with Radar,392,131,27,1,551,0,1,24,4,29,392,132,51,5,580,0,0,0,580
12/10/2003,SAN,CA,AWP,WE,Combined TRACON& Tower with Radar,397,128,27,1,553,7,0,4,1,12,404,128,31,2,565,0,0,0,565
12/11/2003,SAN,CA,AWP,WE,Combined TRACON& Tower with Radar,405,134,28,1,568,0,12,4,3,19,405,146,32,4,587,0,0,0,587
12/12/2003,SAN,CA,AWP,WE,Combined TRACON& Tower with Radar,398,126,26,2,552,16,0,11,0,27,414,126,37,2,579,0,0,0,579
12/13/2003,SAN,CA,AWP,WE,Combined TRACON& Tower with Radar,329,107,11,0,447,2,11,0,0,13,331,118,11,0,460,3,0,3,463
12/14/2003,SAN,CA,AWP,WE,Combined TRACON& Tower with Radar,376,126,26,0,528,0,2,16,0,18,376,128,42,0,546,0,0,0,546
12/15/2003,SAN,CA,AWP,WE,Combined TRACON& Tower with Radar,394,130,27,2,553,0,5,9,4,18,394,135,36,6,571,0,0,0,571
12/16/2003,SAN,CA,AWP,WE,Combined TRACON& Tower with Radar,399,124,27,2,552,0,0,16,4,20,399,124,43,6,572,0,0,0,572
12/17/2003,SAN,CA,AWP,WE,Combined TRACON& Tower with Radar,413,133,27,2,575,0,0,7,7,14,413,133,34,9,589,0,0,0,589
12/18/2003,SAN,CA,AWP,WE,Combined TRACON& Tower with Radar,410,134,27,1,572,0,7,3,0,10,410,141,30,1,582,0,0,0,582
12/19/2003,SAN,CA,AWP,WE,Combined TRACON& Tower with Radar,410,129,27,2,568,19,0,4,0,23,429,129,31,2,591,0,0,0,591
12/20/2003,SAN,CA,AWP,WE,Combined TRACON& Tower with Radar,374,117,25,2,518,0,0,7,5,12,374,117,32,7,530,0,0,0,530
12/21/2003,SAN,CA,AWP,WE,Combined TRACON& Tower with Radar,380,123,23,0,526,1,11,0,0,12,381,134,23,0,538,0,0,0,538
12/22/2003,SAN,CA,AWP,WE,Combined TRACON& Tower with Radar,403,129,27,2,561,6,0,4,1,11,409,129,31,3,572,0,0,0,572
12/23/2003,SAN,CA,AWP,WE,Combined TRACON& Tower with Radar,389,136,28,2,555,0,23,7,8,38,389,159,35,10,593,0,0,0,593
12/24/2003,SAN,CA,AWP,WE,Combined TRACON& Tower with Radar,347,112,15,2,476,10,4,0,0,14,357,116,15,2,490,0,0,0,490
12/25/2003,SAN,CA,AWP,WE,Combined TRACON& Tower with Radar,347,108,11,0,466,19,0,0,0,19,366,108,11,0,485,0,0,0,485
12/26/2003,SAN,CA,AWP,WE,Combined TRACON& Tower with Radar,392,130,27,2,551,0,7,6,0,13,392,137,33,2,564,30,5,35,599
12/27/2003,SAN,CA,AWP,WE,Combined TRACON& Tower with Radar,346,116,23,0,485,0,1,14,0,15,346,117,37,0,500,16,3,19,519
12/28/2003,SAN,CA,AWP,WE,Combined TRACON& Tower with Radar,389,123,26,2,540,2,0,8,0,10,391,123,34,2,550,0,0,0,550
12/29/2003,SAN,CA,AWP,WE,Combined TRACON& Tower with Radar,395,128,26,2,551,3,1,6,2,12,398,129,32,4,563,0,0,0,563
12/30/2003,SAN,CA,AWP,WE,Combined TRACON& Tower with Radar,417,130,27,1,575,9,0,7,2,18,426,130,34,3,593,0,0,0,593
12/31/2003,SAN,CA,AWP,WE,Combined TRACON& Tower with Radar,354,112,24,1,491,11,0,4,8,23,365,112,28,9,514,0,0,0,514
01/01/2004,SAN,CA,AWP,WE,Combined TRACON& Tower with Radar,296,64,6,0,366,0,0,0,0,0,296,64,6,0,366,24,2,26,392
01/02/2004,SAN,CA,AWP,WE,Combined TRACON& Tower with Radar,385,131,28,1,545,10,0,1,0,11,395,131,29,1,556,0,0,0,556
01/03/2004,SAN,CA,AWP,WE,Combined TRACON& Tower with Radar,307,117,24,2,450,0,24,10,3,37,307,141,34,5,487,0,0,0,487
01/04/2004,SAN,CA,AWP,WE,Combined TRACON& Tower with Radar,364,127,25,2,518,8,0,0,0,8,372,127,25,2,526,0,0,0,526
01/05/2004,SAN,CA,AWP,WE,Combined TRACON& Tower with Radar,381,133,24,2,540,20,0,0,3,23,401,133,24,5,563,0,0,0,563
01/06/2004,SAN,CA,AWP,WE,Combined TRACON& Tower with Radar,349,124,11,2,486,0,23,0,0,23,349,147,11,2,509,0,0,0,509
01/07/2004,SAN,CA,AWP,WE,Combined TRACON& Tower with Radar,380,132,28,1,541,9,0,20,0,29,389,132,48,1,570,0,0,0,570
01/08/2004,SAN,CA,AWP,WE,Combined TRACON& Tower with Radar,301,107,6,0,414,1,20,0,0,21,302,127,6,0,435,67,45,112,547
01/09/2004,SAN,CA,AWP,WE,Combined TRACON& Tower with Radar,398,137,29,2,566,1,0,21,2,24,399,137,50,4,590,0,0,0,590
01/10/2004,SAN,CA,AWP,WE,Combined TRACON& Tower with Radar,323,114,14,0,451,6,6,0,0,12,329,120,14,0,463,13,1,14,477
01/11/2004,SAN,CA,AWP,WE,Combined TRACON& Tower with Radar,239,71,18,1,329,1,0,12,5,18,240,71,30,6,347,0,0,0,347
01/12/2004,SAN,CA,AWP,WE,Combined TRACON& Tower with Radar,388,135,28,1,552,3,0,9,0,12,391,135,37,1,564,0,0,0,564
01/13/2004,SAN,CA,AWP,WE,Combined TRACON& Tower with Radar,386,128,28,2,544,13,0,12,2,27,399,128,40,4,571,0,0,0,571
01/14/2004,SAN,CA,AWP,WE,Combined TRACON& Tower with Radar,391,131,27,3,552,5,0,21,0,26,396,131,48,3,578,0,0,0,578
01/15/2004,SAN,CA,AWP,WE,Combined TRACON& Tower with Radar,372,139,28,3,542,0,20,3,1,24,372,159,31,4,566,32,62,94,660
01/16/2004,SAN,CA,AWP,WE,Combined TRACON& Tower with Radar,404,128,29,0,561,0,0,39,0,39,404,128,68,0,600,38,30,68,668
01/17/2004,SAN,CA,AWP,WE,Combined TRACON& Tower with Radar,328,117,23,3,471,0,6,14,1,21,328,123,37,4,492,0,0,0,492
01/18/2004,SAN,CA,AWP,WE,Combined TRACON& Tower with Radar,379,130,27,3,539,0,0,6,0,6,379,130,33,3,545,0,0,0,545
01/19/2004,SAN,CA,AWP,WE,Combined TRACON& Tower with Radar,391,136,28,3,558,0,0,12,6,18,391,136,40,9,576,0,0,0,576
01/20/2004,SAN,CA,AWP,WE,Combined TRACON& Tower with Radar,400,138,29,3,570,0,0,12,3,15,400,138,41,6,585,0,0,0,585
01/21/2004,SAN,CA,AWP,WE,Combined TRACON& Tower with Radar,395,137,28,0,560,0,0,12,0,12,395,137,40,0,572,0,0,0,572
01/22/2004,SAN,CA,AWP,WE,Combined TRACON& Tower with Radar,410,143,26,3,582,4,8,0,0,12,414,151,26,3,594,0,0,0,594
01/23/2004,SAN,CA,AWP,WE,Combined TRACON& Tower with Radar,397,136,28,3,564,0,0,22,2,24,397,136,50,5,588,0,0,0,588
01/24/2004,SAN,CA,AWP,WE,Combined TRACON& Tower with Radar,333,117,23,3,476,0,0,6,2,8,333,117,29,5,484,0,0,0,484
01/25/2004,SAN,CA,AWP,WE,Combined TRACON& Tower with Radar,370,129,26,3,528,3,3,2,1,9,373,132,28,4,537,0,0,0,537
01/26/2004,SAN,CA,AWP,WE,Combined TRACON& Tower with Radar,384,135,27,3,549,0,0,28,8,36,384,135,55,11,585,0,0,0,585
01/27/2004,SAN,CA,AWP,WE,Combined TRACON& Tower with Radar,377,133,26,2,538,0,0,11,6,17,377,133,37,8,555,0,0,0,555
01/28/2004,SAN,CA,AWP,WE,Combined TRACON& Tower with Radar,392,127,27,2,548,0,0,21,0,21,392,127,48,2,569,0,0,0,569
01/29/2004,SAN,CA,AWP,WE,Combined TRACON& Tower with Radar,397,134,28,2,561,0,0,27,7,34,397,134,55,9,595,0,0,0,595
01/30/2004,SAN,CA,AWP,WE,Combined TRACON& Tower with Radar,407,143,30,2,582,0,0,19,11,30,407,143,49,13,612,44,32,76,688
01/31/2004,SAN,CA,AWP,WE,Combined TRACON& Tower with Radar,322,114,8,0,444,16,0,0,0,16,338,114,8,0,460,3,0,3,463
02/01/2004,SAN,CA,AWP,WE,Combined TRACON& Tower with Radar,373,121,33,1,528,0,0,11,2,13,373,121,44,3,541,0,0,0,541
02/02/2004,SAN,CA,AWP,WE,Combined TRACON& Tower with Radar,398,127,35,1,561,0,1,8,6,15,398,128,43,7,576,0,0,0,576
02/03/2004,SAN,CA,AWP,WE,Combined TRACON& Tower with Radar,390,128,35,1,554,0,3,8,17,28,390,131,43,18,582,0,0,0,582
02/04/2004,SAN,CA,AWP,WE,Combined TRACON& Tower with Radar,387,123,34,1,545,5,0,1,6,12,392,123,35,7,557,0,0,0,557
02/05/2004,SAN,CA,AWP,WE,Combined TRACON& Tower with Radar,397,122,34,1,554,7,0,15,6,28,404,122,49,7,582,0,0,0,582
02/06/2004,SAN,CA,AWP,WE,Combined TRACON& Tower with Radar,398,128,35,1,562,0,0,20,4,24,398,128,55,5,586,0,0,0,586
02/07/2004,SAN,CA,AWP,WE,Combined TRACON& Tower with Radar,326,104,27,1,458,8,9,0,0,17,334,113,27,1,475,0,0,0,475
02/08/2004,SAN,CA,AWP,WE,Combined TRACON& Tower with Radar,367,117,32,1,517,9,5,0,3,17,376,122,32,4,534,0,0,0,534
02/09/2004,SAN,CA,AWP,WE,Combined TRACON& Tower with Radar,394,121,33,2,550,0,0,12,6,18,394,121,45,8,568,0,0,0,568
02/10/2004,SAN,CA,AWP,WE,Combined TRACON& Tower with Radar,392,125,34,2,553,9,1,8,1,19,401,126,42,3,572,0,0,0,572
02/11/2004,SAN,CA,AWP,WE,Combined TRACON& Tower with Radar,395,117,33,2,547,6,0,23,2,31,401,117,56,4,578,0,0,0,578
02/12/2004,SAN,CA,AWP,WE,Combined TRACON& Tower with Radar,403,127,34,2,566,0,0,21,9,30,403,127,55,11,596,0,0,0,596
02/13/2004,SAN,CA,AWP,WE,Combined TRACON& Tower with Radar,398,122,34,2,556,0,0,35,4,39,398,122,69,6,595,0,0,0,595
02/14/2004,SAN,CA,AWP,WE,Combined TRACON& Tower with Radar,322,98,27,1,448,14,0,6,0,20,336,98,33,1,468,0,0,0,468
02/15/2004,SAN,CA,AWP,WE,Combined TRACON& Tower with Radar,371,119,31,2,523,4,1,17,7,29,375,120,48,9,552,0,0,0,552
02/16/2004,SAN,CA,AWP,WE,Combined TRACON& Tower with Radar,393,124,33,2,552,2,1,9,5,17,395,125,42,7,569,0,0,0,569
02/17/2004,SAN,CA,AWP,WE,Combined TRACON& Tower with Radar,396,120,33,2,551,4,0,14,3,21,400,120,47,5,572,0,0,0,572
02/18/2004,SAN,CA,AWP,WE,Combined TRACON& Tower with Radar,408,129,35,2,574,0,0,0,1,1,408,129,35,3,575,0,0,0,575
02/19/2004,SAN,CA,AWP,WE,Combined TRACON& Tower with Radar,399,128,34,2,563,0,0,18,10,28,399,128,52,12,591,0,0,0,591
02/20/2004,SAN,CA,AWP,WE,Combined TRACON& Tower with Radar,394,120,33,2,549,0,0,16,1,17,394,120,49,3,566,43,16,59,625
02/21/2004,SAN,CA,AWP,WE,Combined TRACON& Tower with Radar,323,102,16,0,441,10,3,0,0,13,333,105,16,0,454,4,3,7,461
02/22/2004,SAN,CA,AWP,WE,Combined TRACON& Tower with Radar,363,119,32,2,516,0,6,10,4,20,363,125,42,6,536,0,0,0,536
02/23/2004,SAN,CA,AWP,WE,Combined TRACON& Tower with Radar,386,117,32,2,537,11,0,13,1,25,397,117,45,3,562,0,0,0,562
02/24/2004,SAN,CA,AWP,WE,Combined TRACON& Tower with Radar,392,131,35,2,560,0,19,12,0,31,392,150,47,2,591,0,0,0,591
02/25/2004,SAN,CA,AWP,WE,Combined TRACON& Tower with Radar,398,127,34,1,560,0,7,4,0,11,398,134,38,1,571,0,0,0,571
02/26/2004,SAN,CA,AWP,WE,Combined TRACON& Tower with Radar,413,130,27,2,572,8,6,0,4,18,421,136,27,6,590,0,0,0,590
02/27/2004,SAN,CA,AWP,WE,Combined TRACON& Tower with Radar,396,117,33,2,548,1,0,12,1,14,397,117,45,3,562,0,0,0,562
02/28/2004,SAN,CA,AWP,WE,Combined TRACON& Tower with Radar,330,104,28,2,464,3,4,15,0,22,333,108,43,2,486,0,0,0,486
02/29/2004,SAN,CA,AWP,WE,Combined TRACON& Tower with Radar,374,118,32,1,525,0,0,12,0,12,374,118,44,1,537,0,0,0,537
03/01/2004,SAN,CA,AWP,WE,Combined TRACON& Tower with Radar,374,118,28,3,523,9,15,0,0,24,383,133,28,3,547,0,0,0,547
03/02/2004,SAN,CA,AWP,WE,Combined TRACON& Tower with Radar,394,125,34,3,556,3,0,23,0,26,397,125,57,3,582,0,0,0,582
03/03/2004,SAN,CA,AWP,WE,Combined TRACON& Tower with Radar,397,125,34,4,560,9,16,4,0,29,406,141,38,4,589,0,0,0,589
03/04/2004,SAN,CA,AWP,WE,Combined TRACON& Tower with Radar,409,130,36,5,580,0,3,22,0,25,409,133,58,5,605,0,0,0,605
03/05/2004,SAN,CA,AWP,WE,Combined TRACON& Tower with Radar,407,129,35,3,574,9,6,17,0,32,416,135,52,3,606,0,0,0,606
03/06/2004,SAN,CA,AWP,WE,Combined TRACON& Tower with Radar,317,96,27,1,441,26,0,0,0,26,343,96,27,1,467,0,0,0,467
03/07/2004,SAN,CA,AWP,WE,Combined TRACON& Tower with Radar,384,112,34,3,533,12,0,25,0,37,396,112,59,3,570,0,0,0,570
03/08/2004,SAN,CA,AWP,WE,Combined TRACON& Tower with Radar,343,100,25,9,477,28,0,0,0,28,371,100,25,9,505,0,0,0,505
03/09/2004,SAN,CA,AWP,WE,Combined TRACON& Tower with Radar,399,125,35,6,565,5,17,6,0,28,404,142,41,6,593,0,0,0,593
03/10/2004,SAN,CA,AWP,WE,Combined TRACON& Tower with Radar,426,140,39,17,622,0,1,4,30,35,426,141,43,47,657,0,0,0,657
03/11/2004,SAN,CA,AWP,WE,Combined TRACON& Tower with Radar,424,140,38,17,619,0,4,14,9,27,424,144,52,26,646,0,0,0,646
03/12/2004,SAN,CA,AWP,WE,Combined TRACON& Tower with Radar,414,138,37,17,606,0,0,21,8,29,414,138,58,25,635,19,11,30,665
03/13/2004,SAN,CA,AWP,WE,Combined TRACON& Tower with Radar,415,132,36,0,583,0,4,15,0,19,415,136,51,0,602,8,1,9,611
03/14/2004,SAN,CA,AWP,WE,Combined TRACON& Tower with Radar,393,107,34,15,549,4,0,23,4,31,397,107,57,19,580,0,0,0,580
03/15/2004,SAN,CA,AWP,WE,Combined TRACON& Tower with Radar,409,129,35,11,584,0,10,5,0,15,409,139,40,11,599,0,0,0,599
03/16/2004,SAN,CA,AWP,WE,Combined TRACON& Tower with Radar,441,137,38,18,634,0,0,1,24,25,441,137,39,42,659,0,0,0,659
03/17/2004,SAN,CA,AWP,WE,Combined TRACON& Tower with Radar,423,133,37,2,595,0,0,2,0,2,423,133,39,2,597,0,0,0,597
03/18/2004,SAN,CA,AWP,WE,Combined TRACON& Tower with Radar,421,138,38,19,616,0,0,0,89,89,421,138,38,108,705,0,0,0,705
03/19/2004,SAN,CA,AWP,WE,Combined TRACON& Tower with Radar,454,142,36,19,651,0,0,0,40,40,454,142,36,59,691,24,13,37,728
03/20/2004,SAN,CA,AWP,WE,Combined TRACON& Tower with Radar,355,103,31,14,503,0,0,3,11,14,355,103,34,25,517,0,0,0,517
03/21/2004,SAN,CA,AWP,WE,Combined TRACON& Tower with Radar,390,125,34,3,552,0,9,23,0,32,390,134,57,3,584,0,0,0,584
03/22/2004,SAN,CA,AWP,WE,Combined TRACON& Tower with Radar,440,140,35,17,632,0,14,0,0,14,440,154,35,17,646,0,0,0,646
03/23/2004,SAN,CA,AWP,WE,Combined TRACON& Tower with Radar,413,118,28,17,576,0,0,0,31,31,413,118,28,48,607,0,0,0,607
03/24/2004,SAN,CA,AWP,WE,Combined TRACON& Tower with Radar,400,124,34,2,560,14,11,10,0,35,414,135,44,2,595,0,0,0,595
03/25/2004,SAN,CA,AWP,WE,Combined TRACON& Tower with Radar,410,132,35,14,591,0,0,15,0,15,410,132,50,14,606,0,0,0,606
03/26/2004,SAN,CA,AWP,WE,Combined TRACON& Tower with Radar,402,126,34,2,564,9,2,7,0,18,411,128,41,2,582,31,26,57,639
03/27/2004,SAN,CA,AWP,WE,Combined TRACON& Tower with Radar,327,98,27,4,456,19,0,8,0,27,346,98,35,4,483,0,0,0,483
03/28/2004,SAN,CA,AWP,WE,Combined TRACON& Tower with Radar,379,119,32,1,531,14,0,14,0,28,393,119,46,1,559,0,0,0,559
03/29/2004,SAN,CA,AWP,WE,Combined TRACON& Tower with Radar,392,124,33,6,555,19,1,23,0,43,411,125,56,6,598,0,0,0,598
03/30/2004,SAN,CA,AWP,WE,Combined TRACON& Tower with Radar,411,118,29,15,573,12,0,0,10,22,423,118,29,25,595,0,0,0,595
03/31/2004,SAN,CA,AWP,WE,Combined TRACON& Tower with Radar,402,126,34,5,567,13,6,0,0,19,415,132,34,5,586,0,0,0,586
04/01/2004,SAN,CA,AWP,WE,Combined TRACON& Tower with Radar,404,131,35,3,573,7,0,3,2,12,411,131,38,5,585,0,0,0,585
04/02/2004,SAN,CA,AWP,WE,Combined TRACON& Tower with Radar,402,133,35,3,573,4,5,5,5,19,406,138,40,8,592,0,0,0,592
04/03/2004,SAN,CA,AWP,WE,Combined TRACON& Tower with Radar,330,106,21,1,458,14,0,0,0,14,344,106,21,1,472,7,0,7,479
04/04/2004,SAN,CA,AWP,WE,Combined TRACON& Tower with Radar,380,124,33,2,539,0,0,13,4,17,380,124,46,6,556,0,0,0,556
04/05/2004,SAN,CA,AWP,WE,Combined TRACON& Tower with Radar,393,127,32,3,555,8,0,0,3,11,401,127,32,6,566,0,0,0,566
04/06/2004,SAN,CA,AWP,WE,Combined TRACON& Tower with Radar,392,130,27,3,552,9,0,0,7,16,401,130,27,10,568,0,0,0,568
04/07/2004,SAN,CA,AWP,WE,Combined TRACON& Tower with Radar,406,132,36,2,576,0,0,7,0,7,406,132,43,2,583,0,0,0,583
04/08/2004,SAN,CA,AWP,WE,Combined TRACON& Tower with Radar,413,143,38,3,597,0,6,17,6,29,413,149,55,9,626,0,0,0,626
04/09/2004,SAN,CA,AWP,WE,Combined TRACON& Tower with Radar,400,132,35,3,570,12,0,10,4,26,412,132,45,7,596,0,0,0,596
04/10/2004,SAN,CA,AWP,WE,Combined TRACON& Tower with Radar,332,102,23,2,459,15,0,0,5,20,347,102,23,7,479,0,0,0,479
04/11/2004,SAN,CA,AWP,WE,Combined TRACON& Tower with Radar,367,118,33,1,519,13,0,7,0,20,380,118,40,1,539,0,0,0,539
04/12/2004,SAN,CA,AWP,WE,Combined TRACON& Tower with Radar,403,137,36,2,578,0,12,8,0,20,403,149,44,2,598,0,0,0,598
04/13/2004,SAN,CA,AWP,WE,Combined TRACON& Tower with Radar,403,134,35,3,575,7,5,4,0,16,410,139,39,3,591,0,0,0,591
04/14/2004,SAN,CA,AWP,WE,Combined TRACON& Tower with Radar,398,130,30,0,558,8,0,0,0,8,406,130,30,0,566,0,0,0,566
04/15/2004,SAN,CA,AWP,WE,Combined TRACON& Tower with Radar,417,139,36,4,596,0,5,12,5,22,417,144,48,9,618,0,0,0,618
04/16/2004,SAN,CA,AWP,WE,Combined TRACON& Tower with Radar,406,127,34,4,571,8,0,11,12,31,414,127,45,16,602,100,56,156,758
04/17/2004,SAN,CA,AWP,WE,Combined TRACON& Tower with Radar,332,101,28,1,462,9,0,2,0,11,341,101,30,1,473,3,1,4,477
04/18/2004,SAN,CA,AWP,WE,Combined TRACON& Tower with Radar,379,124,33,1,537,0,0,31,0,31,379,124,64,1,568,0,0,0,568
04/19/2004,SAN,CA,AWP,WE,Combined TRACON& Tower with Radar,398,131,34,4,567,0,10,4,0,14,398,141,38,4,581,0,0,0,581
04/20/2004,SAN,CA,AWP,WE,Combined TRACON& Tower with Radar,280,99,25,3,407,0,5,23,5,33,280,104,48,8,440,0,0,0,440
04/21/2004,SAN,CA,AWP,WE,Combined TRACON& Tower with Radar,409,140,36,4,589,0,8,19,3,30,409,148,55,7,619,0,0,0,619
04/22/2004,SAN,CA,AWP,WE,Combined TRACON& Tower with Radar,411,144,37,4,596,0,16,26,4,46,411,160,63,8,642,0,0,0,642
04/23/2004,SAN,CA,AWP,WE,Combined TRACON& Tower with Radar,413,136,35,3,587,0,1,19,0,20,413,137,54,3,607,0,0,0,607
04/24/2004,SAN,CA,AWP,WE,Combined TRACON& Tower with Radar,321,103,25,3,452,20,0,0,0,20,341,103,25,3,472,0,0,0,472
04/25/2004,SAN,CA,AWP,WE,Combined TRACON& Tower with Radar,382,126,33,0,541,4,0,7,0,11,386,126,40,0,552,0,0,0,552
04/26/2004,SAN,CA,AWP,WE,Combined TRACON& Tower with Radar,414,137,28,3,582,6,5,0,3,14,420,142,28,6,596,0,0,0,596
04/27/2004,SAN,CA,AWP,WE,Combined TRACON& Tower with Radar,415,138,35,3,591,0,3,14,1,18,415,141,49,4,609,0,0,0,609
04/28/2004,SAN,CA,AWP,WE,Combined TRACON& Tower with Radar,414,124,36,3,577,0,0,32,0,32,414,124,68,3,609,0,0,0,609
04/29/2004,SAN,CA,AWP,WE,Combined TRACON& Tower with Radar,409,135,35,2,581,5,2,1,0,8,414,137,36,2,589,0,0,0,589
04/30/2004,SAN,CA,AWP,WE,Combined TRACON& Tower with Radar,401,137,35,3,576,0,0,28,9,37,401,137,63,12,613,73,21,94,707
05/01/2004,SAN,CA,AWP,WE,Combined TRACON& Tower with Radar,332,106,26,2,466,18,0,13,1,32,350,106,39,3,498,0,0,0,498
05/02/2004,SAN,CA,AWP,WE,Combined TRACON& Tower with Radar,379,118,30,0,527,22,0,15,0,37,401,118,45,0,564,0,0,0,564
05/03/2004,SAN,CA,AWP,WE,Combined TRACON& Tower with Radar,406,139,32,2,579,0,3,21,0,24,406,142,53,2,603,0,0,0,603
05/04/2004,SAN,CA,AWP,WE,Combined TRACON& Tower with Radar,437,133,35,2,607,14,0,3,14,31,451,133,38,16,638,0,0,0,638
05/05/2004,SAN,CA,AWP,WE,Combined TRACON& Tower with Radar,419,145,34,2,600,0,0,19,1,20,419,145,53,3,620,0,0,0,620
05/06/2004,SAN,CA,AWP,WE,Combined TRACON& Tower with Radar,414,141,33,2,590,3,1,11,0,15,417,142,44,2,605,0,0,0,605
05/07/2004,SAN,CA,AWP,WE,Combined TRACON& Tower with Radar,412,130,32,2,576,8,0,18,1,27,420,130,50,3,603,63,23,86,689
05/08/2004,SAN,CA,AWP,WE,Combined TRACON& Tower with Radar,328,103,13,0,444,24,0,0,0,24,352,103,13,0,468,12,4,16,484
05/09/2004,SAN,CA,AWP,WE,Combined TRACON& Tower with Radar,373,122,29,2,526,10,0,9,2,21,383,122,38,4,547,0,0,0,547
05/10/2004,SAN,CA,AWP,WE,Combined TRACON& Tower with Radar,400,140,31,3,574,0,1,6,12,19,400,141,37,15,593,0,0,0,593
05/11/2004,SAN,CA,AWP,WE,Combined TRACON& Tower with Radar,415,142,32,2,591,0,4,4,0,8,415,146,36,2,599,0,0,0,599
05/12/2004,SAN,CA,AWP,WE,Combined TRACON& Tower with Radar,417,146,33,2,598,0,11,22,0,33,417,157,55,2,631,0,0,0,631
05/13/2004,SAN,CA,AWP,WE,Combined TRACON& Tower with Radar,408,143,32,3,586,0,4,26,1,31,408,147,58,4,617,0,0,0,617
05/14/2004,SAN,CA,AWP,WE,Combined TRACON& Tower with Radar,412,136,32,3,583,0,0,42,1,43,412,136,74,4,626,0,0,0,626
05/15/2004,SAN,CA,AWP,WE,Combined TRACON& Tower with Radar,342,111,26,3,482,3,0,13,5,21,345,111,39,8,503,0,0,0,503
05/16/2004,SAN,CA,AWP,WE,Combined TRACON& Tower with Radar,399,139,31,3,572,0,0,14,7,21,399,139,45,10,593,0,0,0,593
05/17/2004,SAN,CA,AWP,WE,Combined TRACON& Tower with Radar,405,146,32,3,586,0,10,10,6,26,405,156,42,9,612,0,0,0,612
05/18/2004,SAN,CA,AWP,WE,Combined TRACON& Tower with Radar,406,139,31,3,579,0,1,17,6,24,406,140,48,9,603,0,0,0,603
05/19/2004,SAN,CA,AWP,WE,Combined TRACON& Tower with Radar,416,132,32,3,583,2,0,21,2,25,418,132,53,5,608,0,0,0,608
05/20/2004,SAN,CA,AWP,WE,Combined TRACON& Tower with Radar,409,140,32,2,583,0,12,17,0,29,409,152,49,2,612,0,0,0,612
05/21/2004,SAN,CA,AWP,WE,Combined TRACON& Tower with Radar,404,140,31,3,578,0,7,23,1,31,404,147,54,4,609,148,56,204,813
05/22/2004,SAN,CA,AWP,WE,Combined TRACON& Tower with Radar,331,102,20,2,455,15,0,0,0,15,346,102,20,2,470,13,3,16,486
05/23/2004,SAN,CA,AWP,WE,Combined TRACON& Tower with Radar,382,132,30,3,547,0,2,13,1,16,382,134,43,4,563,0,0,0,563
05/24/2004,SAN,CA,AWP,WE,Combined TRACON& Tower with Radar,399,136,30,1,566,0,16,0,0,16,399,152,30,1,582,0,0,0,582
05/25/2004,SAN,CA,AWP,WE,Combined TRACON& Tower with Radar,409,144,33,3,589,0,12,14,1,27,409,156,47,4,616,0,0,0,616
05/26/2004,SAN,CA,AWP,WE,Combined TRACON& Tower with Radar,421,145,33,2,601,0,5,25,0,30,421,150,58,2,631,0,0,0,631
05/27/2004,SAN,CA,AWP,WE,Combined TRACON& Tower with Radar,410,139,32,3,584,0,5,0,0,5,410,144,32,3,589,0,0,0,589
05/28/2004,SAN,CA,AWP,WE,Combined TRACON& Tower with Radar,412,140,32,1,585,0,1,10,0,11,412,141,42,1,596,0,0,0,596
05/29/2004,SAN,CA,AWP,WE,Combined TRACON& Tower with Radar,325,102,20,0,447,15,0,0,0,15,340,102,20,0,462,9,2,11,473
05/30/2004,SAN,CA,AWP,WE,Combined TRACON& Tower with Radar,334,111,25,2,472,14,0,9,2,25,348,111,34,4,497,0,0,0,497
05/31/2004,SAN,CA,AWP,WE,Combined TRACON& Tower with Radar,368,131,29,2,530,0,24,9,0,33,368,155,38,2,563,0,0,0,563
06/01/2004,SAN,CA,AWP,WE,Combined TRACON& Tower with Radar,401,126,38,1,566,2,0,7,0,9,403,126,45,1,575,0,0,0,575
06/02/2004,SAN,CA,AWP,WE,Combined TRACON& Tower with Radar,409,129,35,0,573,5,5,0,1,11,414,134,35,1,584,0,0,0,584
06/03/2004,SAN,CA,AWP,WE,Combined TRACON& Tower with Radar,421,131,41,0,593,0,0,10,1,11,421,131,51,1,604,0,0,0,604
06/04/2004,SAN,CA,AWP,WE,Combined TRACON& Tower with Radar,418,132,40,0,590,0,0,15,3,18,418,132,55,3,608,23,17,40,648
06/05/2004,SAN,CA,AWP,WE,Combined TRACON& Tower with Radar,353,111,25,1,490,4,3,0,1,8,357,114,25,2,498,13,2,15,513
06/06/2004,SAN,CA,AWP,WE,Combined TRACON& Tower with Radar,414,129,38,1,582,1,0,4,2,7,415,129,42,3,589,0,0,0,589
06/07/2004,SAN,CA,AWP,WE,Combined TRACON& Tower with Radar,413,128,39,1,581,0,0,13,3,16,413,128,52,4,597,0,0,0,597
06/08/2004,SAN,CA,AWP,WE,Combined TRACON& Tower with Radar,417,127,39,0,583,0,0,18,0,18,417,127,57,0,601,0,0,0,601
06/09/2004,SAN,CA,AWP,WE,Combined TRACON& Tower with Radar,416,135,40,0,591,0,0,18,0,18,416,135,58,0,609,0,0,0,609
06/10/2004,SAN,CA,AWP,WE,Combined TRACON& Tower with Radar,425,137,40,1,603,0,1,29,2,32,425,138,69,3,635,0,0,0,635
06/11/2004,SAN,CA,AWP,WE,Combined TRACON& Tower with Radar,419,122,39,1,581,5,0,27,1,33,424,122,66,2,614,0,0,0,614
06/12/2004,SAN,CA,AWP,WE,Combined TRACON& Tower with Radar,363,113,33,1,510,13,0,2,2,17,376,113,35,3,527,0,0,0,527
06/13/2004,SAN,CA,AWP,WE,Combined TRACON& Tower with Radar,390,118,36,1,545,0,0,15,2,17,390,118,51,3,562,0,0,0,562
06/14/2004,SAN,CA,AWP,WE,Combined TRACON& Tower with Radar,418,133,39,1,591,0,0,15,1,16,418,133,54,2,607,0,0,0,607
06/15/2004,SAN,CA,AWP,WE,Combined TRACON& Tower with Radar,414,125,39,1,579,10,0,2,1,13,424,125,41,2,592,0,0,0,592
06/16/2004,SAN,CA,AWP,WE,Combined TRACON& Tower with Radar,411,130,34,0,575,6,6,0,0,12,417,136,34,0,587,0,0,0,587
06/17/2004,SAN,CA,AWP,WE,Combined TRACON& Tower with Radar,426,133,40,1,600,4,1,2,0,7,430,134,42,1,607,0,0,0,607
06/18/2004,SAN,CA,AWP,WE,Combined TRACON& Tower with Radar,422,137,41,0,600,0,6,18,0,24,422,143,59,0,624,41,19,60,684
06/19/2004,SAN,CA,AWP,WE,Combined TRACON& Tower with Radar,361,113,24,0,498,11,1,0,0,12,372,114,24,0,510,6,1,7,517
06/20/2004,SAN,CA,AWP,WE,Combined TRACON& Tower with Radar,394,125,37,0,556,0,6,5,0,11,394,131,42,0,567,0,0,0,567
06/21/2004,SAN,CA,AWP,WE,Combined TRACON& Tower with Radar,417,132,39,1,589,0,4,6,6,16,417,136,45,7,605,0,0,0,605
06/22/2004,SAN,CA,AWP,WE,Combined TRACON& Tower with Radar,431,136,41,1,609,0,4,8,1,13,431,140,49,2,622,0,0,0,622
06/23/2004,SAN,CA,AWP,WE,Combined TRACON& Tower with Radar,429,136,40,1,606,0,0,10,3,13,429,136,50,4,619,0,0,0,619
06/24/2004,SAN,CA,AWP,WE,Combined TRACON& Tower with Radar,432,138,41,1,612,0,4,18,1,23,432,142,59,2,635,0,0,0,635
06/25/2004,SAN,CA,AWP,WE,Combined TRACON& Tower with Radar,411,131,39,1,582,0,1,14,1,16,411,132,53,2,598,40,16,56,654
06/26/2004,SAN,CA,AWP,WE,Combined TRACON& Tower with Radar,369,103,24,1,497,22,0,0,1,23,391,103,24,2,520,11,0,11,531
06/27/2004,SAN,CA,AWP,WE,Combined TRACON& Tower with Radar,399,125,36,0,560,0,11,0,0,11,399,136,36,0,571,0,0,0,571
06/28/2004,SAN,CA,AWP,WE,Combined TRACON& Tower with Radar,414,129,35,1,579,8,0,0,5,13,422,129,35,6,592,0,0,0,592
06/29/2004,SAN,CA,AWP,WE,Combined TRACON& Tower with Radar,418,131,39,1,589,7,3,8,1,19,425,134,47,2,608,0,0,0,608
06/30/2004,SAN,CA,AWP,WE,Combined TRACON& Tower with Radar,423,134,40,1,598,0,3,12,1,16,423,137,52,2,614,0,0,0,614
07/01/2004,SAN,CA,AWP,WE,Combined TRACON& Tower with Radar,427,132,43,0,602,3,0,13,0,16,430,132,56,0,618,0,0,0,618
07/02/2004,SAN,CA,AWP,WE,Combined TRACON& Tower with Radar,415,132,42,0,589,13,0,4,4,21,428,132,46,4,610,58,16,74,684
07/03/2004,SAN,CA,AWP,WE,Combined TRACON& Tower with Radar,352,110,36,0,498,18,0,8,1,27,370,110,44,1,525,0,0,0,525
07/04/2004,SAN,CA,AWP,WE,Combined TRACON& Tower with Radar,310,101,29,0,440,13,6,0,3,22,323,107,29,3,462,0,0,0,462
07/05/2004,SAN,CA,AWP,WE,Combined TRACON& Tower with Radar,400,134,41,0,575,0,3,17,5,25,400,137,58,5,600,0,0,0,600
07/06/2004,SAN,CA,AWP,WE,Combined TRACON& Tower with Radar,427,136,44,0,607,2,0,5,4,11,429,136,49,4,618,0,0,0,618
07/07/2004,SAN,CA,AWP,WE,Combined TRACON& Tower with Radar,417,136,36,0,589,9,5,0,2,16,426,141,36,2,605,0,0,0,605
07/08/2004,SAN,CA,AWP,WE,Combined TRACON& Tower with Radar,443,145,44,1,633,7,1,3,2,13,450,146,47,3,646,0,0,0,646
07/09/2004,SAN,CA,AWP,WE,Combined TRACON& Tower with Radar,410,128,41,1,580,12,0,5,3,20,422,128,46,4,600,48,8,56,656
07/10/2004,SAN,CA,AWP,WE,Combined TRACON& Tower with Radar,369,107,35,1,512,20,0,0,5,25,389,107,35,6,537,0,0,0,537
07/11/2004,SAN,CA,AWP,WE,Combined TRACON& Tower with Radar,397,128,41,1,567,0,0,41,1,42,397,128,82,2,609,0,0,0,609
07/12/2004,SAN,CA,AWP,WE,Combined TRACON& Tower with Radar,417,136,42,1,596,0,1,13,0,14,417,137,55,1,610,0,0,0,610
07/13/2004,SAN,CA,AWP,WE,Combined TRACON& Tower with Radar,426,140,43,1,610,0,16,0,1,17,426,156,43,2,627,0,0,0,627
07/14/2004,SAN,CA,AWP,WE,Combined TRACON& Tower with Radar,427,138,40,1,606,0,9,0,2,11,427,147,40,3,617,0,0,0,617
07/15/2004,SAN,CA,AWP,WE,Combined TRACON& Tower with Radar,440,137,44,1,622,0,0,22,2,24,440,137,66,3,646,0,0,0,646
07/16/2004,SAN,CA,AWP,WE,Combined TRACON& Tower with Radar,421,144,45,1,611,0,1,39,4,44,421,145,84,5,655,0,0,0,655
07/17/2004,SAN,CA,AWP,WE,Combined TRACON& Tower with Radar,377,122,37,1,537,10,1,9,1,21,387,123,46,2,558,0,0,0,558
07/18/2004,SAN,CA,AWP,WE,Combined TRACON& Tower with Radar,394,127,39,1,561,3,1,1,16,21,397,128,40,17,582,0,0,0,582
07/19/2004,SAN,CA,AWP,WE,Combined TRACON& Tower with Radar,418,135,42,1,596,7,1,8,1,17,425,136,50,2,613,0,0,0,613
07/20/2004,SAN,CA,AWP,WE,Combined TRACON& Tower with Radar,423,137,42,1,603,0,9,13,3,25,423,146,55,4,628,0,0,0,628
07/21/2004,SAN,CA,AWP,WE,Combined TRACON& Tower with Radar,422,136,42,1,601,4,2,1,0,7,426,138,43,1,608,0,0,0,608
07/22/2004,SAN,CA,AWP,WE,Combined TRACON& Tower with Radar,424,142,45,1,612,0,0,46,1,47,424,142,91,2,659,0,0,0,659
07/23/2004,SAN,CA,AWP,WE,Combined TRACON& Tower with Radar,429,144,44,0,617,0,0,22,0,22,429,144,66,0,639,53,15,68,707
07/24/2004,SAN,CA,AWP,WE,Combined TRACON& Tower with Radar,380,119,37,1,537,8,0,13,0,21,388,119,50,1,558,0,0,0,558
07/25/2004,SAN,CA,AWP,WE,Combined TRACON& Tower with Radar,400,133,40,1,574,0,8,10,0,18,400,141,50,1,592,0,0,0,592
07/26/2004,SAN,CA,AWP,WE,Combined TRACON& Tower with Radar,417,137,42,1,597,0,5,7,1,13,417,142,49,2,610,0,0,0,610
07/27/2004,SAN,CA,AWP,WE,Combined TRACON& Tower with Radar,411,134,33,0,578,10,7,0,3,20,421,141,33,3,598,0,0,0,598
07/28/2004,SAN,CA,AWP,WE,Combined TRACON& Tower with Radar,417,136,41,0,594,0,4,8,4,16,417,140,49,4,610,0,0,0,610
07/29/2004,SAN,CA,AWP,WE,Combined TRACON& Tower with Radar,428,145,45,0,618,0,8,16,2,26,428,153,61,2,644,0,0,0,644
07/30/2004,SAN,CA,AWP,WE,Combined TRACON& Tower with Radar,428,133,44,0,605,0,0,40,1,41,428,133,84,1,646,61,10,71,717
07/31/2004,SAN,CA,AWP,WE,Combined TRACON& Tower with Radar,362,110,35,0,507,16,0,19,2,37,378,110,54,2,544,54,5,59,603
08/01/2004,SAN,CA,AWP,WE,Combined TRACON& Tower with Radar,395,131,40,0,566,0,0,33,3,36,395,131,73,3,602,0,0,0,602
08/02/2004,SAN,CA,AWP,WE,Combined TRACON& Tower with Radar,393,131,41,0,565,0,0,29,4,33,393,131,70,4,598,0,0,0,598
08/03/2004,SAN,CA,AWP,WE,Combined TRACON& Tower with Radar,393,129,40,0,562,0,0,32,3,35,393,129,72,3,597,0,0,0,597
08/04/2004,SAN,CA,AWP,WE,Combined TRACON& Tower with Radar,425,137,43,0,605,0,0,19,2,21,425,137,62,2,626,0,0,0,626
08/05/2004,SAN,CA,AWP,WE,Combined TRACON& Tower with Radar,438,145,44,0,627,0,1,21,1,23,438,146,65,1,650,0,0,0,650
08/06/2004,SAN,CA,AWP,WE,Combined TRACON& Tower with Radar,425,133,43,0,601,13,0,11,4,28,438,133,54,4,629,0,0,0,629
08/07/2004,SAN,CA,AWP,WE,Combined TRACON& Tower with Radar,370,117,37,0,524,12,0,10,2,24,382,117,47,2,548,0,0,0,548
08/08/2004,SAN,CA,AWP,WE,Combined TRACON& Tower with Radar,408,127,41,0,576,0,0,28,1,29,408,127,69,1,605,0,0,0,605
08/09/2004,SAN,CA,AWP,WE,Combined TRACON& Tower with Radar,422,140,42,0,604,0,7,4,4,15,422,147,46,4,619,0,0,0,619
08/10/2004,SAN,CA,AWP,WE,Combined TRACON& Tower with Radar,421,131,41,1,594,8,0,5,2,15,429,131,46,3,609,0,0,0,609
08/11/2004,SAN,CA,AWP,WE,Combined TRACON& Tower with Radar,415,136,40,1,592,1,5,4,1,11,416,141,44,2,603,0,0,0,603
08/12/2004,SAN,CA,AWP,WE,Combined TRACON& Tower with Radar,428,140,41,1,610,0,8,5,2,15,428,148,46,3,625,0,0,0,625
08/13/2004,SAN,CA,AWP,WE,Combined TRACON& Tower with Radar,422,138,41,1,602,1,5,11,5,22,423,143,52,6,624,54,12,66,690
08/14/2004,SAN,CA,AWP,WE,Combined TRACON& Tower with Radar,421,138,41,1,601,2,5,10,5,22,423,143,51,6,623,0,0,0,623
08/15/2004,SAN,CA,AWP,WE,Combined TRACON& Tower with Radar,423,138,41,1,603,2,5,10,5,22,425,143,51,6,625,0,0,0,625
08/16/2004,SAN,CA,AWP,WE,Combined TRACON& Tower with Radar,418,137,41,1,597,0,0,21,1,22,418,137,62,2,619,0,0,0,619
08/17/2004,SAN,CA,AWP,WE,Combined TRACON& Tower with Radar,412,133,28,1,574,15,3,0,1,19,427,136,28,2,593,0,0,0,593
08/18/2004,SAN,CA,AWP,WE,Combined TRACON& Tower with Radar,415,131,40,1,587,14,0,1,2,17,429,131,41,3,604,0,0,0,604
08/19/2004,SAN,CA,AWP,WE,Combined TRACON& Tower with Radar,427,141,42,1,611,0,10,7,2,19,427,151,49,3,630,0,0,0,630
08/20/2004,SAN,CA,AWP,WE,Combined TRACON& Tower with Radar,425,132,42,1,600,0,0,20,4,24,425,132,62,5,624,47,11,58,682
08/21/2004,SAN,CA,AWP,WE,Combined TRACON& Tower with Radar,363,111,35,1,510,9,0,6,1,16,372,111,41,2,526,0,0,0,526
08/22/2004,SAN,CA,AWP,WE,Combined TRACON& Tower with Radar,389,125,30,0,544,13,0,0,0,13,402,125,30,0,557,0,0,0,557
08/23/2004,SAN,CA,AWP,WE,Combined TRACON& Tower with Radar,410,134,40,1,585,0,0,15,3,18,410,134,55,4,603,0,0,0,603
08/24/2004,SAN,CA,AWP,WE,Combined TRACON& Tower with Radar,418,136,41,1,596,0,4,17,2,23,418,140,58,3,619,0,0,0,619
08/25/2004,SAN,CA,AWP,WE,Combined TRACON& Tower with Radar,415,136,41,1,593,0,6,17,4,27,415,142,58,5,620,0,0,0,620
08/26/2004,SAN,CA,AWP,WE,Combined TRACON& Tower with Radar,425,143,43,1,612,0,4,9,8,21,425,147,52,9,633,0,0,0,633
08/27/2004,SAN,CA,AWP,WE,Combined TRACON& Tower with Radar,428,141,41,0,610,0,3,9,4,16,428,144,50,4,626,0,0,0,626
08/28/2004,SAN,CA,AWP,WE,Combined TRACON& Tower with Radar,360,108,35,0,503,7,0,12,3,22,367,108,47,3,525,0,0,0,525
08/29/2004,SAN,CA,AWP,WE,Combined TRACON& Tower with Radar,399,129,39,0,567,0,0,17,2,19,399,129,56,2,586,0,0,0,586
08/30/2004,SAN,CA,AWP,WE,Combined TRACON& Tower with Radar,412,134,40,0,586,9,0,3,1,13,421,134,43,1,599,44,14,58,657
08/31/2004,SAN,CA,AWP,WE,Combined TRACON& Tower with Radar,422,137,39,0,598,1,13,0,1,15,423,150,39,1,613,0,0,0,613
09/01/2004,SAN,CA,AWP,WE,Combined TRACON& Tower with Radar,435,129,37,1,602,27,0,0,0,27,462,129,37,1,629,0,0,0,629
09/02/2004,SAN,CA,AWP,WE,Combined TRACON& Tower with Radar,422,140,40,1,603,0,0,6,1,7,422,140,46,2,610,0,0,0,610
09/03/2004,SAN,CA,AWP,WE,Combined TRACON& Tower with Radar,418,137,40,1,596,0,0,3,3,6,418,137,43,4,602,0,0,0,602
09/04/2004,SAN,CA,AWP,WE,Combined TRACON& Tower with Radar,341,108,27,0,476,26,0,0,4,30,367,108,27,4,506,0,0,0,506
09/05/2004,SAN,CA,AWP,WE,Combined TRACON& Tower with Radar,347,102,33,0,482,24,0,1,1,26,371,102,34,1,508,0,0,0,508
09/06/2004,SAN,CA,AWP,WE,Combined TRACON& Tower with Radar,391,128,38,1,558,0,0,25,1,26,391,128,63,2,584,0,0,0,584
09/07/2004,SAN,CA,AWP,WE,Combined TRACON& Tower with Radar,412,140,40,1,593,0,13,7,3,23,412,153,47,4,616,0,0,0,616
09/08/2004,SAN,CA,AWP,WE,Combined TRACON& Tower with Radar,417,142,40,1,600,0,5,16,2,23,417,147,56,3,623,0,0,0,623
09/09/2004,SAN,CA,AWP,WE,Combined TRACON& Tower with Radar,406,135,38,1,580,8,4,6,2,20,414,139,44,3,600,0,0,0,600
09/10/2004,SAN,CA,AWP,WE,Combined TRACON& Tower with Radar,407,141,40,1,589,0,1,19,0,20,407,142,59,1,609,54,14,68,677
09/11/2004,SAN,CA,AWP,WE,Combined TRACON& Tower with Radar,345,114,32,1,492,4,0,21,3,28,349,114,53,4,520,0,0,0,520
09/12/2004,SAN,CA,AWP,WE,Combined TRACON& Tower with Radar,382,130,36,2,550,0,2,37,0,39,382,132,73,2,589,0,0,0,589
09/13/2004,SAN,CA,AWP,WE,Combined TRACON& Tower with Radar,385,132,37,2,556,0,6,29,1,36,385,138,66,3,592,0,0,0,592
09/14/2004,SAN,CA,AWP,WE,Combined TRACON& Tower with Radar,345,122,34,1,502,0,0,29,3,32,345,122,63,4,534,0,0,0,534
09/15/2004,SAN,CA,AWP,WE,Combined TRACON& Tower with Radar,408,140,39,2,589,0,1,21,0,22,408,141,60,2,611,0,0,0,611
09/16/2004,SAN,CA,AWP,WE,Combined TRACON& Tower with Radar,419,136,39,2,596,3,0,3,10,16,422,136,42,12,612,0,0,0,612
09/17/2004,SAN,CA,AWP,WE,Combined TRACON& Tower with Radar,409,131,38,2,580,11,0,19,1,31,420,131,57,3,611,0,0,0,611
09/18/2004,SAN,CA,AWP,WE,Combined TRACON& Tower with Radar,333,110,27,0,470,2,7,0,6,15,335,117,27,6,485,0,0,0,485
09/19/2004,SAN,CA,AWP,WE,Combined TRACON& Tower with Radar,390,124,36,1,551,0,0,30,1,31,390,124,66,2,582,0,0,0,582
09/20/2004,SAN,CA,AWP,WE,Combined TRACON& Tower with Radar,403,132,37,1,573,2,0,7,0,9,405,132,44,1,582,0,0,0,582
09/21/2004,SAN,CA,AWP,WE,Combined TRACON& Tower with Radar,411,135,38,1,585,2,3,15,1,21,413,138,53,2,606,44,18,62,668
09/22/2004,SAN,CA,AWP,WE,Combined TRACON& Tower with Radar,410,136,38,1,585,0,3,15,1,19,410,139,53,2,604,0,0,0,604
09/23/2004,SAN,CA,AWP,WE,Combined TRACON& Tower with Radar,414,136,38,1,589,4,0,3,3,10,418,136,41,4,599,0,0,0,599
09/24/2004,SAN,CA,AWP,WE,Combined TRACON& Tower with Radar,410,135,38,1,584,3,0,32,2,37,413,135,70,3,621,70,14,84,705
09/25/2004,SAN,CA,AWP,WE,Combined TRACON& Tower with Radar,333,110,28,0,471,9,0,0,2,11,342,110,28,2,482,38,6,44,526
09/26/2004,SAN,CA,AWP,WE,Combined TRACON& Tower with Radar,388,129,36,0,553,1,1,12,1,15,389,130,48,1,568,0,0,0,568
09/27/2004,SAN,CA,AWP,WE,Combined TRACON& Tower with Radar,392,129,32,1,554,9,3,0,1,13,401,132,32,2,567,0,0,0,567
09/28/2004,SAN,CA,AWP,WE,Combined TRACON& Tower with Radar,403,133,35,1,572,3,9,0,2,14,406,142,35,3,586,0,0,0,586
09/29/2004,SAN,CA,AWP,WE,Combined TRACON& Tower with Radar,409,138,38,1,586,0,5,10,1,16,409,143,48,2,602,0,0,0,602
09/30/2004,SAN,CA,AWP,WE,Combined TRACON& Tower with Radar,414,141,39,1,595,0,4,14,4,22,414,145,53,5,617,0,0,0,617
10/01/2004,SAN,CA,AWP,WE,Combined TRACON& Tower with Radar,0,0,0,0,0,421,133,43,3,600,421,133,43,3,600,52,7,59,659
10/02/2004,SAN,CA,AWP,WE,Combined TRACON& Tower with Radar,0,0,0,0,0,344,125,36,4,509,344,125,36,4,509,0,0,0,509
10/03/2004,SAN,CA,AWP,WE,Combined TRACON& Tower with Radar,0,0,0,0,0,395,136,42,6,579,395,136,42,6,579,0,0,0,579
10/04/2004,SAN,CA,AWP,WE,Combined TRACON& Tower with Radar,0,0,0,0,0,406,129,40,2,577,406,129,40,2,577,0,0,0,577
10/05/2004,SAN,CA,AWP,WE,Combined TRACON& Tower with Radar,0,0,0,0,0,425,132,33,4,594,425,132,33,4,594,0,0,0,594
10/06/2004,SAN,CA,AWP,WE,Combined TRACON& Tower with Radar,0,0,0,0,0,417,143,60,1,621,417,143,60,1,621,0,0,0,621
10/07/2004,SAN,CA,AWP,WE,Combined TRACON& Tower with Radar,0,0,0,0,0,433,141,53,8,635,433,141,53,8,635,0,0,0,635
10/08/2004,SAN,CA,AWP,WE,Combined TRACON& Tower with Radar,0,0,0,0,0,463,132,61,5,661,463,132,61,5,661,0,0,0,661
10/09/2004,SAN,CA,AWP,WE,Combined TRACON& Tower with Radar,0,0,0,0,0,346,121,31,0,498,346,121,31,0,498,0,0,0,498
10/10/2004,SAN,CA,AWP,WE,Combined TRACON& Tower with Radar,0,0,0,0,0,389,136,62,2,589,389,136,62,2,589,0,0,0,589
10/11/2004,SAN,CA,AWP,WE,Combined TRACON& Tower with Radar,0,0,0,0,0,413,141,45,3,602,413,141,45,3,602,0,0,0,602
10/12/2004,SAN,CA,AWP,WE,Combined TRACON& Tower with Radar,0,0,0,0,0,430,141,37,1,609,430,141,37,1,609,0,0,0,609
10/13/2004,SAN,CA,AWP,WE,Combined TRACON& Tower with Radar,0,0,0,0,0,414,151,41,2,608,414,151,41,2,608,0,0,0,608
10/14/2004,SAN,CA,AWP,WE,Combined TRACON& Tower with Radar,0,0,0,0,0,429,146,41,0,616,429,146,41,0,616,0,0,0,616
10/15/2004,SAN,CA,AWP,WE,Combined TRACON& Tower with Radar,0,0,0,0,0,420,137,58,8,623,420,137,58,8,623,0,0,0,623
10/16/2004,SAN,CA,AWP,WE,Combined TRACON& Tower with Radar,0,0,0,0,0,335,109,26,5,475,335,109,26,5,475,0,0,0,475
10/17/2004,SAN,CA,AWP,WE,Combined TRACON& Tower with Radar,0,0,0,0,0,390,129,49,0,568,390,129,49,0,568,0,0,0,568
10/18/2004,SAN,CA,AWP,WE,Combined TRACON& Tower with Radar,0,0,0,0,0,402,140,35,0,577,402,140,35,0,577,0,0,0,577
10/19/2004,SAN,CA,AWP,WE,Combined TRACON& Tower with Radar,0,0,0,0,0,478,165,45,0,688,478,165,45,0,688,11,7,18,706
10/20/2004,SAN,CA,AWP,WE,Combined TRACON& Tower with Radar,0,0,0,0,0,482,144,41,1,668,482,144,41,1,668,0,0,0,668
10/21/2004,SAN,CA,AWP,WE,Combined TRACON& Tower with Radar,0,0,0,0,0,422,145,37,7,611,422,145,37,7,611,0,0,0,611
10/22/2004,SAN,CA,AWP,WE,Combined TRACON& Tower with Radar,0,0,0,0,0,417,143,58,7,625,417,143,58,7,625,0,0,0,625
10/23/2004,SAN,CA,AWP,WE,Combined TRACON& Tower with Radar,0,0,0,0,0,338,123,41,1,503,338,123,41,1,503,0,0,0,503
10/24/2004,SAN,CA,AWP,WE,Combined TRACON& Tower with Radar,0,0,0,0,0,394,141,61,1,597,394,141,61,1,597,0,0,0,597
10/25/2004,SAN,CA,AWP,WE,Combined TRACON& Tower with Radar,0,0,0,0,0,405,135,52,3,595,405,135,52,3,595,0,0,0,595
10/26/2004,SAN,CA,AWP,WE,Combined TRACON& Tower with Radar,0,0,0,0,0,427,148,61,1,637,427,148,61,1,637,0,0,0,637
10/27/2004,SAN,CA,AWP,WE,Combined TRACON& Tower with Radar,0,0,0,0,0,419,152,37,3,611,419,152,37,3,611,0,0,0,611
10/28/2004,SAN,CA,AWP,WE,Combined TRACON& Tower with Radar,0,0,0,0,0,424,137,45,4,610,424,137,45,4,610,0,0,0,610
10/29/2004,SAN,CA,AWP,WE,Combined TRACON& Tower with Radar,0,0,0,0,0,416,128,44,2,590,416,128,44,2,590,0,0,0,590
10/30/2004,SAN,CA,AWP,WE,Combined TRACON& Tower with Radar,0,0,0,0,0,330,116,36,2,484,330,116,36,2,484,0,0,0,484
10/31/2004,SAN,CA,AWP,WE,Combined TRACON& Tower with Radar,0,0,0,0,0,391,150,62,2,605,391,150,62,2,605,0,0,0,605
11/01/2004,SAN,CA,AWP,WE,Towers with Radar,402,135,30,2,569,0,1,9,3,13,402,136,39,5,582,0,0,0,582
11/02/2004,SAN,CA,AWP,WE,Towers with Radar,411,150,35,3,599,0,0,13,2,15,411,150,48,5,614,136,12,148,762
11/03/2004,SAN,CA,AWP,WE,Towers with Radar,402,141,40,4,587,4,1,10,1,16,406,142,50,5,603,0,0,0,603
11/04/2004,SAN,CA,AWP,WE,Towers with Radar,418,139,37,0,594,0,1,7,1,9,418,140,44,1,603,0,0,0,603
11/05/2004,SAN,CA,AWP,WE,Towers with Radar,412,132,41,3,588,0,0,15,3,18,412,132,56,6,606,66,21,87,693
11/06/2004,SAN,CA,AWP,WE,Towers with Radar,351,119,22,3,495,0,1,6,1,8,351,120,28,4,503,0,0,0,503
11/07/2004,SAN,CA,AWP,WE,Towers with Radar,385,125,52,1,563,0,3,4,1,8,385,128,56,2,571,0,0,0,571
11/08/2004,SAN,CA,AWP,WE,Towers with Radar,403,130,27,1,561,0,17,5,5,27,403,147,32,6,588,0,0,0,588
11/09/2004,SAN,CA,AWP,WE,Towers with Radar,416,148,34,1,599,0,3,10,4,17,416,151,44,5,616,0,0,0,616
11/10/2004,SAN,CA,AWP,WE,Towers with Radar,415,142,30,2,589,0,1,21,1,23,415,143,51,3,612,0,0,0,612
11/11/2004,SAN,CA,AWP,WE,Towers with Radar,411,133,35,3,582,0,1,12,2,15,411,134,47,5,597,0,0,0,597
11/12/2004,SAN,CA,AWP,WE,Towers with Radar,407,131,23,2,563,0,1,18,10,29,407,132,41,12,592,0,0,0,592
11/13/2004,SAN,CA,AWP,WE,Towers with Radar,358,115,18,0,491,0,2,8,2,12,358,117,26,2,503,0,0,0,503
11/14/2004,SAN,CA,AWP,WE,Towers with Radar,395,131,34,0,560,0,0,9,2,11,395,131,43,2,571,0,0,0,571
11/15/2004,SAN,CA,AWP,WE,Towers with Radar,400,135,35,0,570,0,1,16,2,19,400,136,51,2,589,0,0,0,589
11/16/2004,SAN,CA,AWP,WE,Towers with Radar,405,148,34,0,587,0,3,25,4,32,405,151,59,4,619,0,0,0,619
11/17/2004,SAN,CA,AWP,WE,Towers with Radar,410,139,40,0,589,0,1,20,1,22,410,140,60,1,611,0,0,0,611
11/18/2004,SAN,CA,AWP,WE,Towers with Radar,412,142,44,0,598,0,0,25,3,28,412,142,69,3,626,0,0,0,626
11/19/2004,SAN,CA,AWP,WE,Towers with Radar,432,142,39,4,617,0,1,13,2,16,432,143,52,6,633,0,0,0,633
11/20/2004,SAN,CA,AWP,WE,Towers with Radar,351,104,33,0,488,0,2,9,2,13,351,106,42,2,501,0,0,0,501
11/21/2004,SAN,CA,AWP,WE,Towers with Radar,380,123,32,1,536,0,1,13,1,15,380,124,45,2,551,0,0,0,551
11/22/2004,SAN,CA,AWP,WE,Towers with Radar,406,131,26,1,564,0,2,7,0,9,406,133,33,1,573,0,0,0,573
11/23/2004,SAN,CA,AWP,WE,Towers with Radar,411,132,32,0,575,0,1,10,3,14,411,133,42,3,589,0,0,0,589
11/24/2004,SAN,CA,AWP,WE,Towers with Radar,436,138,23,0,597,0,1,8,1,10,436,139,31,1,607,0,0,0,607
11/25/2004,SAN,CA,AWP,WE,Towers with Radar,302,114,9,0,425,0,1,4,2,7,302,115,13,2,432,0,0,0,432
11/26/2004,SAN,CA,AWP,WE,Towers with Radar,360,112,19,1,492,0,0,2,0,2,360,112,21,1,494,46,3,49,543
11/27/2004,SAN,CA,AWP,WE,Towers with Radar,361,129,6,4,500,0,2,4,5,11,361,131,10,9,511,0,0,0,511
11/28/2004,SAN,CA,AWP,WE,Towers with Radar,401,134,43,5,583,0,2,21,1,24,401,136,64,6,607,0,0,0,607
11/29/2004,SAN,CA,AWP,WE,Towers with Radar,405,136,25,0,566,0,5,16,1,22,405,141,41,1,588,0,0,0,588
11/30/2004,SAN,CA,AWP,WE,Towers with Radar,410,133,29,0,572,0,2,13,1,16,410,135,42,1,588,0,0,0,588
12/01/2004,SAN,CA,AWP,WE,Towers with Radar,403,144,33,1,581,0,4,35,5,44,403,148,68,6,625,0,0,0,625
12/02/2004,SAN,CA,AWP,WE,Towers with Radar,409,140,38,2,589,0,1,15,8,24,409,141,53,10,613,0,0,0,613
12/03/2004,SAN,CA,AWP,WE,Towers with Radar,417,133,31,2,583,0,1,14,3,18,417,134,45,5,601,54,13,67,668
12/04/2004,SAN,CA,AWP,WE,Towers with Radar,349,107,13,0,469,0,2,8,1,11,349,109,21,1,480,29,8,37,517
12/05/2004,SAN,CA,AWP,WE,Towers with Radar,392,129,34,2,557,0,1,4,1,6,392,130,38,3,563,0,0,0,563
12/06/2004,SAN,CA,AWP,WE,Towers with Radar,384,138,36,2,560,0,1,6,1,8,384,139,42,3,568,0,0,0,568
12/07/2004,SAN,CA,AWP,WE,Towers with Radar,401,148,44,0,593,0,2,8,4,14,401,150,52,4,607,0,0,0,607
12/08/2004,SAN,CA,AWP,WE,Towers with Radar,420,137,47,1,605,0,2,6,0,8,420,139,53,1,613,0,0,0,613
12/09/2004,SAN,CA,AWP,WE,Towers with Radar,420,138,48,0,606,0,1,12,1,14,420,139,60,1,620,0,0,0,620
12/10/2004,SAN,CA,AWP,WE,Towers with Radar,406,125,38,0,569,0,2,16,0,18,406,127,54,0,587,58,10,68,655
12/11/2004,SAN,CA,AWP,WE,Towers with Radar,404,91,27,3,525,0,2,7,1,10,404,93,34,4,535,0,0,0,535
12/12/2004,SAN,CA,AWP,WE,Towers with Radar,409,130,51,2,592,0,1,7,2,10,409,131,58,4,602,0,0,0,602
12/13/2004,SAN,CA,AWP,WE,Towers with Radar,405,136,45,2,588,0,1,7,0,8,405,137,52,2,596,15,7,22,618
12/14/2004,SAN,CA,AWP,WE,Towers with Radar,359,123,43,2,527,0,1,12,2,15,359,124,55,4,542,0,0,0,542
12/15/2004,SAN,CA,AWP,WE,Towers with Radar,391,144,23,0,558,0,1,20,0,21,391,145,43,0,579,0,0,0,579
12/16/2004,SAN,CA,AWP,WE,Towers with Radar,429,143,22,0,594,0,1,4,1,6,429,144,26,1,600,0,0,0,600
12/17/2004,SAN,CA,AWP,WE,Towers with Radar,432,139,35,0,606,0,0,10,1,11,432,139,45,1,617,0,0,0,617
12/18/2004,SAN,CA,AWP,WE,Towers with Radar,382,110,18,0,510,0,2,15,0,17,382,112,33,0,527,0,0,0,527
12/19/2004,SAN,CA,AWP,WE,Towers with Radar,408,119,19,0,546,0,0,3,5,8,408,119,22,5,554,0,0,0,554
12/20/2004,SAN,CA,AWP,WE,Towers with Radar,407,132,21,0,560,0,0,5,8,13,407,132,26,8,573,0,0,0,573
12/21/2004,SAN,CA,AWP,WE,Towers with Radar,432,134,34,0,600,0,1,11,3,15,432,135,45,3,615,0,0,0,615
12/22/2004,SAN,CA,AWP,WE,Towers with Radar,434,141,30,0,605,0,1,16,4,21,434,142,46,4,626,0,0,0,626
12/23/2004,SAN,CA,AWP,WE,Towers with Radar,420,138,14,0,572,0,1,16,2,19,420,139,30,2,591,0,0,0,591
12/24/2004,SAN,CA,AWP,WE,Towers with Radar,404,117,1,0,522,0,3,11,0,14,404,120,12,0,536,0,0,0,536
12/25/2004,SAN,CA,AWP,WE,Towers with Radar,372,99,5,1,477,0,2,8,3,13,372,101,13,4,490,0,0,0,490
12/26/2004,SAN,CA,AWP,WE,Towers with Radar,408,124,23,1,556,0,2,4,1,7,408,126,27,2,563,0,0,0,563
12/27/2004,SAN,CA,AWP,WE,Towers with Radar,422,137,29,0,588,0,1,11,1,13,422,138,40,1,601,21,24,45,646
12/28/2004,SAN,CA,AWP,WE,Towers with Radar,431,136,26,0,593,0,1,1,1,3,431,137,27,1,596,0,0,0,596
12/29/2004,SAN,CA,AWP,WE,Towers with Radar,439,147,35,0,621,0,3,7,2,12,439,150,42,2,633,0,0,0,633
12/30/2004,SAN,CA,AWP,WE,Towers with Radar,428,137,37,0,602,0,1,11,11,23,428,138,48,11,625,0,0,0,625
12/31/2004,SAN,CA,AWP,WE,Towers with Radar,418,141,25,0,584,0,1,2,1,4,418,142,27,1,588,0,0,0,588
01/01/2005,SAN,CA,AWP,WE,Towers with Radar,375,115,18,0,508,0,4,13,0,17,375,119,31,0,525,0,0,0,525
01/02/2005,SAN,CA,AWP,WE,Towers with Radar,403,124,33,0,560,0,0,3,10,13,403,124,36,10,573,0,0,0,573
01/03/2005,SAN,CA,AWP,WE,Towers with Radar,432,134,42,2,610,0,0,8,2,10,432,134,50,4,620,0,0,0,620
01/04/2005,SAN,CA,AWP,WE,Towers with Radar,417,126,31,0,574,0,1,3,1,5,417,127,34,1,579,0,0,0,579
01/05/2005,SAN,CA,AWP,WE,Towers with Radar,401,144,24,1,570,0,1,10,0,11,401,145,34,1,581,0,0,0,581
01/06/2005,SAN,CA,AWP,WE,Towers with Radar,423,142,22,2,589,0,3,13,1,17,423,145,35,3,606,0,0,0,606
01/07/2005,SAN,CA,AWP,WE,Towers with Radar,408,150,33,10,601,0,0,0,0,0,408,150,33,10,601,8,0,8,609
01/08/2005,SAN,CA,AWP,WE,Towers with Radar,357,131,33,0,521,0,1,1,1,3,357,132,34,1,524,0,0,0,524
01/09/2005,SAN,CA,AWP,WE,Towers with Radar,412,144,26,0,582,0,1,1,1,3,412,145,27,1,585,0,0,0,585
01/10/2005,SAN,CA,AWP,WE,Towers with Radar,415,144,17,2,578,0,0,1,2,3,415,144,18,4,581,0,0,0,581
01/11/2005,SAN,CA,AWP,WE,Towers with Radar,450,144,23,0,617,0,1,6,1,8,450,145,29,1,625,43,19,62,687
01/12/2005,SAN,CA,AWP,WE,Towers with Radar,413,139,34,0,586,0,4,14,3,21,413,143,48,3,607,0,0,0,607
01/13/2005,SAN,CA,AWP,WE,Towers with Radar,427,150,33,0,610,0,1,13,3,17,427,151,46,3,627,0,0,0,627
01/14/2005,SAN,CA,AWP,WE,Towers with Radar,423,142,39,2,606,0,3,28,3,34,423,145,67,5,640,34,13,47,687
01/15/2005,SAN,CA,AWP,WE,Towers with Radar,351,113,15,0,479,0,4,15,2,21,351,117,30,2,500,0,0,0,500
01/16/2005,SAN,CA,AWP,WE,Towers with Radar,400,122,28,0,550,0,1,13,2,16,400,123,41,2,566,0,0,0,566
01/17/2005,SAN,CA,AWP,WE,Towers with Radar,411,146,36,2,595,0,2,16,2,20,411,148,52,4,615,0,0,0,615
01/18/2005,SAN,CA,AWP,WE,Towers with Radar,438,133,54,0,625,0,1,11,1,13,438,134,65,1,638,0,0,0,638
01/19/2005,SAN,CA,AWP,WE,Towers with Radar,412,145,30,1,588,0,2,13,0,15,412,147,43,1,603,0,0,0,603
01/20/2005,SAN,CA,AWP,WE,Towers with Radar,415,136,45,0,596,0,2,14,4,20,415,138,59,4,616,0,0,0,616
01/21/2005,SAN,CA,AWP,WE,Towers with Radar,438,147,31,0,616,0,1,10,3,14,438,148,41,3,630,0,0,0,630
01/22/2005,SAN,CA,AWP,WE,Towers with Radar,364,138,38,0,540,0,2,2,6,10,364,140,40,6,550,0,0,0,550
01/23/2005,SAN,CA,AWP,WE,Towers with Radar,374,136,32,0,542,0,1,7,0,8,374,137,39,0,550,0,0,0,550
01/24/2005,SAN,CA,AWP,WE,Towers with Radar,412,139,31,2,584,0,1,8,2,11,412,140,39,4,595,0,0,0,595
01/25/2005,SAN,CA,AWP,WE,Towers with Radar,421,137,35,2,595,0,2,9,2,13,421,139,44,4,608,64,39,103,711
01/26/2005,SAN,CA,AWP,WE,Towers with Radar,413,155,27,0,595,0,1,11,1,13,413,156,38,1,608,0,0,0,608
01/27/2005,SAN,CA,AWP,WE,Towers with Radar,420,150,39,2,611,0,2,17,4,23,420,152,56,6,634,0,0,0,634
01/28/2005,SAN,CA,AWP,WE,Towers with Radar,416,142,54,6,618,0,1,6,0,7,416,143,60,6,625,0,0,0,625
01/29/2005,SAN,CA,AWP,WE,Towers with Radar,336,108,17,0,461,0,2,12,0,14,336,110,29,0,475,0,0,0,475
01/30/2005,SAN,CA,AWP,WE,Towers with Radar,387,127,32,0,546,0,1,15,2,18,387,128,47,2,564,0,0,0,564
01/31/2005,SAN,CA,AWP,WE,Towers with Radar,404,147,22,7,580,0,3,17,1,21,404,150,39,8,601,0,0,0,601
02/01/2005,SAN,CA,AWP,WE,Towers with Radar,408,136,40,1,585,0,1,17,2,20,408,137,57,3,605,0,0,0,605
02/02/2005,SAN,CA,AWP,WE,Towers with Radar,413,149,37,0,599,0,2,15,5,22,413,151,52,5,621,0,0,0,621
02/03/2005,SAN,CA,AWP,WE,Towers with Radar,422,102,31,2,557,0,1,8,1,10,422,103,39,3,567,0,0,0,567
02/04/2005,SAN,CA,AWP,WE,Towers with Radar,410,147,54,0,611,0,2,20,2,24,410,149,74,2,635,0,0,0,635
02/05/2005,SAN,CA,AWP,WE,Towers with Radar,346,118,26,0,490,0,2,8,0,10,346,120,34,0,500,0,0,0,500
02/06/2005,SAN,CA,AWP,WE,Towers with Radar,390,143,19,0,552,0,0,4,2,6,390,143,23,2,558,0,0,0,558
02/07/2005,SAN,CA,AWP,WE,Towers with Radar,402,149,45,0,596,0,2,7,3,12,402,151,52,3,608,0,0,0,608
02/08/2005,SAN,CA,AWP,WE,Towers with Radar,413,146,51,0,610,0,1,12,1,14,413,147,63,1,624,50,32,82,706
02/09/2005,SAN,CA,AWP,WE,Towers with Radar,416,153,51,1,621,0,2,17,0,19,416,155,68,1,640,0,0,0,640
02/10/2005,SAN,CA,AWP,WE,Towers with Radar,454,155,4,0,613,0,5,48,1,54,454,160,52,1,667,0,0,0,667
02/11/2005,SAN,CA,AWP,WE,Towers with Radar,415,153,55,0,623,0,2,3,0,5,415,155,58,0,628,0,0,0,628
02/12/2005,SAN,CA,AWP,WE,Towers with Radar,397,120,42,1,560,0,3,1,0,4,397,123,43,1,564,0,0,0,564
02/13/2005,SAN,CA,AWP,WE,Towers with Radar,396,122,29,3,550,0,1,7,0,8,396,123,36,3,558,0,0,0,558
02/14/2005,SAN,CA,AWP,WE,Towers with Radar,402,135,37,1,575,0,0,4,9,13,402,135,41,10,588,0,0,0,588
02/15/2005,SAN,CA,AWP,WE,Towers with Radar,422,150,32,0,604,0,2,18,0,20,422,152,50,0,624,0,0,0,624
02/16/2005,SAN,CA,AWP,WE,Towers with Radar,141,42,0,0,183,274,100,62,1,437,415,142,62,1,620,0,0,0,620
02/17/2005,SAN,CA,AWP,WE,Towers with Radar,419,138,26,2,585,0,1,8,2,11,419,139,34,4,596,0,0,0,596
02/18/2005,SAN,CA,AWP,WE,Towers with Radar,408,148,45,0,601,0,1,7,1,9,408,149,52,1,610,0,0,0,610
02/19/2005,SAN,CA,AWP,WE,Towers with Radar,356,122,16,2,496,0,2,16,1,19,356,124,32,3,515,0,0,0,515
02/20/2005,SAN,CA,AWP,WE,Towers with Radar,390,127,27,2,546,0,1,10,2,13,390,128,37,4,559,0,0,0,559
02/21/2005,SAN,CA,AWP,WE,Towers with Radar,413,142,44,0,599,0,0,1,5,6,413,142,45,5,605,0,0,0,605
02/22/2005,SAN,CA,AWP,WE,Towers with Radar,418,142,26,10,596,0,1,8,0,9,418,143,34,10,605,27,21,48,653
02/23/2005,SAN,CA,AWP,WE,Towers with Radar,414,140,47,3,604,0,0,0,0,0,414,140,47,3,604,0,0,0,604
02/24/2005,SAN,CA,AWP,WE,Towers with Radar,422,143,49,0,614,0,1,12,3,16,422,144,61,3,630,0,0,0,630
02/25/2005,SAN,CA,AWP,WE,Towers with Radar,417,138,43,0,598,0,4,8,1,13,417,142,51,1,611,40,15,55,666
02/26/2005,SAN,CA,AWP,WE,Towers with Radar,356,119,39,0,514,0,11,16,2,29,356,130,55,2,543,0,0,0,543
02/27/2005,SAN,CA,AWP,WE,Towers with Radar,396,126,47,1,570,0,1,10,0,11,396,127,57,1,581,0,0,0,581
02/28/2005,SAN,CA,AWP,WE,Towers with Radar,408,144,31,0,583,0,2,12,4,18,408,146,43,4,601,0,0,0,601
03/01/2005,SAN,CA,AWP,WE,Towers with Radar,412,152,41,2,607,0,1,6,2,9,412,153,47,4,616,0,0,0,616
03/02/2005,SAN,CA,AWP,WE,Towers with Radar,428,139,38,0,605,0,2,9,2,13,428,141,47,2,618,0,0,0,618
03/03/2005,SAN,CA,AWP,WE,Towers with Radar,427,142,40,1,610,0,1,7,1,9,427,143,47,2,619,0,0,0,619
03/04/2005,SAN,CA,AWP,WE,Towers with Radar,441,159,28,5,633,0,2,5,2,9,441,161,33,7,642,0,0,0,642
03/05/2005,SAN,CA,AWP,WE,Towers with Radar,357,119,28,3,507,0,2,10,0,12,357,121,38,3,519,0,0,0,519
03/06/2005,SAN,CA,AWP,WE,Towers with Radar,398,128,33,1,560,0,2,9,0,11,398,130,42,1,571,0,0,0,571
03/07/2005,SAN,CA,AWP,WE,Towers with Radar,402,139,26,10,577,0,6,11,1,18,402,145,37,11,595,0,0,0,595
03/08/2005,SAN,CA,AWP,WE,Towers with Radar,415,136,46,0,597,0,1,0,0,1,415,137,46,0,598,0,0,0,598
03/09/2005,SAN,CA,AWP,WE,Towers with Radar,442,187,60,0,689,0,2,9,1,12,442,189,69,1,701,0,0,0,701
03/10/2005,SAN,CA,AWP,WE,Towers with Radar,444,161,64,2,671,0,2,13,1,16,444,163,77,3,687,0,0,0,687
03/11/2005,SAN,CA,AWP,WE,Towers with Radar,440,154,60,4,658,0,3,5,0,8,440,157,65,4,666,13,12,25,691
03/12/2005,SAN,CA,AWP,WE,Towers with Radar,354,112,20,2,488,0,2,6,0,8,354,114,26,2,496,0,0,0,496
03/13/2005,SAN,CA,AWP,WE,Towers with Radar,397,122,43,0,562,0,0,2,9,11,397,122,45,9,573,0,0,0,573
03/14/2005,SAN,CA,AWP,WE,Towers with Radar,403,132,39,2,576,0,5,9,0,14,403,137,48,2,590,0,0,0,590
03/15/2005,SAN,CA,AWP,WE,Towers with Radar,426,155,42,0,623,0,4,23,0,27,426,159,65,0,650,50,26,76,726
03/16/2005,SAN,CA,AWP,WE,Towers with Radar,0,0,0,0,0,418,144,54,0,616,418,144,54,0,616,0,0,0,616
03/17/2005,SAN,CA,AWP,WE,Towers with Radar,429,161,51,0,641,0,2,12,2,16,429,163,63,2,657,0,0,0,657
03/18/2005,SAN,CA,AWP,WE,Towers with Radar,418,160,66,2,646,0,3,11,0,14,418,163,77,2,660,0,0,0,660
03/19/2005,SAN,CA,AWP,WE,Towers with Radar,354,117,57,0,528,0,4,2,0,6,354,121,59,0,534,0,0,0,534
03/20/2005,SAN,CA,AWP,WE,Towers with Radar,391,140,74,0,605,0,2,9,0,11,391,142,83,0,616,0,0,0,616
03/21/2005,SAN,CA,AWP,WE,Towers with Radar,405,144,54,4,607,0,3,14,1,18,405,147,68,5,625,0,0,0,625
03/22/2005,SAN,CA,AWP,WE,Towers with Radar,415,145,48,7,615,0,4,5,1,10,415,149,53,8,625,0,0,0,625
03/23/2005,SAN,CA,AWP,WE,Towers with Radar,416,158,73,1,648,0,3,8,2,13,416,161,81,3,661,0,0,0,661
03/24/2005,SAN,CA,AWP,WE,Towers with Radar,425,141,41,2,609,0,2,7,3,12,425,143,48,5,621,0,0,0,621
03/25/2005,SAN,CA,AWP,WE,Towers with Radar,414,137,43,0,594,0,3,11,0,14,414,140,54,0,608,0,0,0,608
03/26/2005,SAN,CA,AWP,WE,Towers with Radar,354,119,21,2,496,0,3,11,2,16,354,122,32,4,512,0,0,0,512
03/27/2005,SAN,CA,AWP,WE,Towers with Radar,396,123,22,0,541,0,2,7,0,9,396,125,29,0,550,0,0,0,550
03/28/2005,SAN,CA,AWP,WE,Towers with Radar,424,142,37,2,605,0,3,7,2,12,424,145,44,4,617,0,0,0,617
03/29/2005,SAN,CA,AWP,WE,Towers with Radar,416,139,44,3,602,0,3,11,0,14,416,142,55,3,616,44,17,61,677
03/30/2005,SAN,CA,AWP,WE,Towers with Radar,422,143,35,0,600,0,3,13,3,19,422,146,48,3,619,0,0,0,619
03/31/2005,SAN,CA,AWP,WE,Towers with Radar,399,171,35,0,605,0,5,11,2,18,399,176,46,2,623,0,0,0,623
04/01/2005,SAN,CA,AWP,WE,Towers with Radar,430,149,43,1,623,0,3,12,2,17,430,152,55,3,640,0,0,0,640
04/02/2005,SAN,CA,AWP,WE,Towers with Radar,357,116,26,3,502,0,3,19,1,23,357,119,45,4,525,0,0,0,525
04/03/2005,SAN,CA,AWP,WE,Towers with Radar,0,0,0,0,0,364,162,52,2,580,364,162,52,2,580,0,0,0,580
04/04/2005,SAN,CA,AWP,WE,Towers with Radar,377,161,30,3,571,0,2,11,1,14,377,163,41,4,585,0,0,0,585
04/05/2005,SAN,CA,AWP,WE,Towers with Radar,424,155,36,0,615,0,2,4,0,6,424,157,40,0,621,53,41,94,715
04/06/2005,SAN,CA,AWP,WE,Towers with Radar,420,155,36,0,611,0,2,5,0,7,420,157,41,0,618,0,0,0,618
04/07/2005,SAN,CA,AWP,WE,Towers with Radar,393,178,36,1,608,0,2,1,2,5,393,180,37,3,613,0,0,0,613
04/08/2005,SAN,CA,AWP,WE,Towers with Radar,384,167,37,7,595,0,6,12,0,18,384,173,49,7,613,47,14,61,674
04/09/2005,SAN,CA,AWP,WE,Towers with Radar,355,123,11,2,491,0,3,17,1,21,355,126,28,3,512,0,0,0,512
04/10/2005,SAN,CA,AWP,WE,Towers with Radar,387,131,55,0,573,0,2,15,0,17,387,133,70,0,590,0,0,0,590
04/11/2005,SAN,CA,AWP,WE,Towers with Radar,408,136,27,1,572,0,4,8,0,12,408,140,35,1,584,0,0,0,584
04/12/2005,SAN,CA,AWP,WE,Towers with Radar,420,142,38,1,601,0,2,10,0,12,420,144,48,1,613,0,0,0,613
04/13/2005,SAN,CA,AWP,WE,Towers with Radar,420,150,48,1,619,0,4,11,1,16,420,154,59,2,635,0,0,0,635
04/14/2005,SAN,CA,AWP,WE,Towers with Radar,442,170,33,4,649,0,2,15,0,17,442,172,48,4,666,0,0,0,666
04/15/2005,SAN,CA,AWP,WE,Towers with Radar,422,145,33,0,600,0,3,21,0,24,422,148,54,0,624,0,0,0,624
04/16/2005,SAN,CA,AWP,WE,Towers with Radar,361,128,34,0,523,0,0,0,1,1,361,128,34,1,524,0,0,0,524
04/17/2005,SAN,CA,AWP,WE,Towers with Radar,410,139,38,1,588,0,4,8,1,13,410,143,46,2,601,0,0,0,601
04/18/2005,SAN,CA,AWP,WE,Towers with Radar,423,141,33,1,598,0,3,5,1,9,423,144,38,2,607,0,0,0,607
04/19/2005,SAN,CA,AWP,WE,Towers with Radar,419,148,55,0,622,0,2,4,2,8,419,150,59,2,630,23,19,42,672
04/20/2005,SAN,CA,AWP,WE,Towers with Radar,423,155,37,0,615,0,2,15,1,18,423,157,52,1,633,0,0,0,633
04/21/2005,SAN,CA,AWP,WE,Towers with Radar,434,153,46,0,633,0,3,13,4,20,434,156,59,4,653,0,0,0,653
04/22/2005,SAN,CA,AWP,WE,Towers with Radar,420,154,43,2,619,0,3,9,2,14,420,157,52,4,633,0,0,0,633
04/23/2005,SAN,CA,AWP,WE,Towers with Radar,369,123,16,0,508,0,2,6,0,8,369,125,22,0,516,0,0,0,516
04/24/2005,SAN,CA,AWP,WE,Towers with Radar,399,136,39,0,574,0,3,4,1,8,399,139,43,1,582,0,0,0,582
04/25/2005,SAN,CA,AWP,WE,Towers with Radar,405,143,28,2,578,0,2,8,2,12,405,145,36,4,590,0,0,0,590
04/26/2005,SAN,CA,AWP,WE,Towers with Radar,428,143,37,2,610,0,3,5,0,8,428,146,42,2,618,0,0,0,618
04/27/2005,SAN,CA,AWP,WE,Towers with Radar,0,0,0,0,0,414,146,38,1,599,414,146,38,1,599,0,0,0,599
04/28/2005,SAN,CA,AWP,WE,Towers with Radar,452,169,44,0,665,0,2,5,1,8,452,171,49,1,673,0,0,0,673
04/29/2005,SAN,CA,AWP,WE,Towers with Radar,416,151,46,1,614,0,3,17,2,22,416,154,63,3,636,0,0,0,636
04/30/2005,SAN,CA,AWP,WE,Towers with Radar,360,133,21,3,517,0,3,23,1,27,360,136,44,4,544,0,0,0,544
05/01/2005,SAN,CA,AWP,WE,Towers with Radar,402,139,30,1,572,0,3,6,0,9,402,142,36,1,581,0,0,0,581
05/02/2005,SAN,CA,AWP,WE,Towers with Radar,413,147,24,3,587,0,4,4,2,10,413,151,28,5,597,0,0,0,597
05/03/2005,SAN,CA,AWP,WE,Towers with Radar,417,162,47,0,626,0,2,13,1,16,417,164,60,1,642,0,0,0,642
05/04/2005,SAN,CA,AWP,WE,Towers with Radar,442,167,50,1,660,0,3,6,3,12,442,170,56,4,672,0,0,0,672
05/05/2005,SAN,CA,AWP,WE,Towers with Radar,428,168,29,0,625,0,2,2,2,6,428,170,31,2,631,0,0,0,631
05/06/2005,SAN,CA,AWP,WE,Towers with Radar,415,155,55,0,625,0,2,14,0,16,415,157,69,0,641,0,0,0,641
05/07/2005,SAN,CA,AWP,WE,Towers with Radar,363,139,9,2,513,0,3,8,0,11,363,142,17,2,524,0,0,0,524
05/08/2005,SAN,CA,AWP,WE,Towers with Radar,399,140,34,0,573,0,2,12,1,15,399,142,46,1,588,0,0,0,588
05/09/2005,SAN,CA,AWP,WE,Towers with Radar,410,143,38,0,591,0,2,6,6,14,410,145,44,6,605,0,0,0,605
05/10/2005,SAN,CA,AWP,WE,Towers with Radar,422,165,37,4,628,0,7,9,2,18,422,172,46,6,646,0,0,0,646
05/11/2005,SAN,CA,AWP,WE,Towers with Radar,427,151,39,2,619,0,3,14,2,19,427,154,53,4,638,0,0,0,638
05/12/2005,SAN,CA,AWP,WE,Towers with Radar,438,156,36,1,631,0,3,11,1,15,438,159,47,2,646,0,0,0,646
05/13/2005,SAN,CA,AWP,WE,Towers with Radar,425,155,42,2,624,0,3,17,5,25,425,158,59,7,649,55,6,61,710
05/14/2005,SAN,CA,AWP,WE,Towers with Radar,378,143,25,0,546,0,2,26,1,29,378,145,51,1,575,0,0,0,575
05/15/2005,SAN,CA,AWP,WE,Towers with Radar,403,144,36,0,583,0,2,7,0,9,403,146,43,0,592,0,0,0,592
05/16/2005,SAN,CA,AWP,WE,Towers with Radar,408,154,28,5,595,0,2,4,0,6,408,156,32,5,601,0,0,0,601
05/17/2005,SAN,CA,AWP,WE,Towers with Radar,414,154,36,0,604,0,2,14,1,17,414,156,50,1,621,56,52,108,729
05/18/2005,SAN,CA,AWP,WE,Towers with Radar,417,162,28,1,608,0,4,18,5,27,417,166,46,6,635,0,0,0,635
05/19/2005,SAN,CA,AWP,WE,Towers with Radar,426,151,36,1,614,0,3,20,2,25,426,154,56,3,639,0,0,0,639
05/20/2005,SAN,CA,AWP,WE,Towers with Radar,422,168,48,3,641,0,3,25,0,28,422,171,73,3,669,0,0,0,669
05/21/2005,SAN,CA,AWP,WE,Towers with Radar,365,132,21,0,518,0,3,8,1,12,365,135,29,1,530,0,0,0,530
05/22/2005,SAN,CA,AWP,WE,Towers with Radar,420,141,29,2,592,0,2,12,1,15,420,143,41,3,607,0,0,0,607
05/23/2005,SAN,CA,AWP,WE,Towers with Radar,415,153,36,2,606,0,0,3,4,7,415,153,39,6,613,0,0,0,613
05/24/2005,SAN,CA,AWP,WE,Towers with Radar,425,166,42,0,633,0,2,9,1,12,425,168,51,1,645,0,0,0,645
05/25/2005,SAN,CA,AWP,WE,Towers with Radar,420,152,39,2,613,0,2,8,0,10,420,154,47,2,623,0,0,0,623
05/26/2005,SAN,CA,AWP,WE,Towers with Radar,431,155,29,4,619,0,2,11,0,13,431,157,40,4,632,0,0,0,632
05/27/2005,SAN,CA,AWP,WE,Towers with Radar,417,171,66,0,654,0,6,8,3,17,417,177,74,3,671,41,20,61,732
05/28/2005,SAN,CA,AWP,WE,Towers with Radar,370,136,22,5,533,0,3,8,2,13,370,139,30,7,546,0,0,0,546
05/29/2005,SAN,CA,AWP,WE,Towers with Radar,0,0,0,0,0,363,131,24,2,520,363,131,24,2,520,0,0,0,520
05/30/2005,SAN,CA,AWP,WE,Towers with Radar,389,150,45,0,584,0,2,17,3,22,389,152,62,3,606,0,0,0,606
05/31/2005,SAN,CA,AWP,WE,Towers with Radar,391,184,42,3,620,0,3,0,1,4,391,187,42,4,624,0,0,0,624
06/01/2005,SAN,CA,AWP,WE,Towers with Radar,421,142,34,1,598,0,3,7,2,12,421,145,41,3,610,0,0,0,610
06/02/2005,SAN,CA,AWP,WE,Towers with Radar,448,140,44,1,633,0,3,7,1,11,448,143,51,2,644,0,0,0,644
06/03/2005,SAN,CA,AWP,WE,Towers with Radar,425,148,33,0,606,0,2,6,1,9,425,150,39,1,615,0,0,0,615
06/04/2005,SAN,CA,AWP,WE,Towers with Radar,380,133,25,5,543,0,2,3,3,8,380,135,28,8,551,0,0,0,551
06/05/2005,SAN,CA,AWP,WE,Towers with Radar,409,132,40,1,582,0,2,9,1,12,409,134,49,2,594,0,0,0,594
06/06/2005,SAN,CA,AWP,WE,Towers with Radar,415,153,43,1,612,0,4,8,1,13,415,157,51,2,625,0,0,0,625
06/07/2005,SAN,CA,AWP,WE,Towers with Radar,443,148,17,0,608,0,2,19,2,23,443,150,36,2,631,56,45,101,732
06/08/2005,SAN,CA,AWP,WE,Towers with Radar,438,152,38,0,628,0,4,16,2,22,438,156,54,2,650,0,0,0,650
06/09/2005,SAN,CA,AWP,WE,Towers with Radar,450,159,37,0,646,0,3,4,2,9,450,162,41,2,655,0,0,0,655
06/10/2005,SAN,CA,AWP,WE,Towers with Radar,427,155,47,0,629,0,2,4,0,6,427,157,51,0,635,0,0,0,635
06/11/2005,SAN,CA,AWP,WE,Towers with Radar,406,133,17,5,561,0,2,2,0,4,406,135,19,5,565,0,0,0,565
06/12/2005,SAN,CA,AWP,WE,Towers with Radar,417,151,33,2,603,0,3,5,0,8,417,154,38,2,611,0,0,0,611
06/13/2005,SAN,CA,AWP,WE,Towers with Radar,444,165,31,3,643,0,0,2,9,11,444,165,33,12,654,0,0,0,654
06/14/2005,SAN,CA,AWP,WE,Towers with Radar,481,175,52,2,710,0,2,0,5,7,481,177,52,7,717,6,6,12,729
06/15/2005,SAN,CA,AWP,WE,Towers with Radar,441,156,46,0,643,0,2,3,1,6,441,158,49,1,649,0,0,0,649
06/16/2005,SAN,CA,AWP,WE,Towers with Radar,444,168,38,3,653,0,2,6,0,8,444,170,44,3,661,0,0,0,661
06/17/2005,SAN,CA,AWP,WE,Towers with Radar,440,161,38,0,639,0,2,12,2,16,440,163,50,2,655,32,32,64,719
06/18/2005,SAN,CA,AWP,WE,Towers with Radar,399,138,21,0,558,0,2,11,0,13,399,140,32,0,571,0,0,0,571
06/19/2005,SAN,CA,AWP,WE,Towers with Radar,404,148,33,0,585,0,2,14,0,16,404,150,47,0,601,0,0,0,601
06/20/2005,SAN,CA,AWP,WE,Towers with Radar,418,161,40,5,624,0,4,8,0,12,418,165,48,5,636,0,0,0,636
06/21/2005,SAN,CA,AWP,WE,Towers with Radar,449,159,31,0,639,0,2,21,4,27,449,161,52,4,666,0,0,0,666
06/22/2005,SAN,CA,AWP,WE,Towers with Radar,445,169,49,0,663,0,1,4,1,6,445,170,53,1,669,0,0,0,669
06/23/2005,SAN,CA,AWP,WE,Towers with Radar,456,174,35,0,665,0,4,6,2,12,456,178,41,2,677,0,0,0,677
06/24/2005,SAN,CA,AWP,WE,Towers with Radar,432,159,48,15,654,0,0,0,0,0,432,159,48,15,654,0,0,0,654
06/25/2005,SAN,CA,AWP,WE,Towers with Radar,412,138,18,0,568,0,2,14,2,18,412,140,32,2,586,0,0,0,586
06/26/2005,SAN,CA,AWP,WE,Towers with Radar,411,152,45,0,608,0,2,22,1,25,411,154,67,1,633,0,0,0,633
06/27/2005,SAN,CA,AWP,WE,Towers with Radar,417,158,37,0,612,0,3,19,1,23,417,161,56,1,635,0,0,0,635
06/28/2005,SAN,CA,AWP,WE,Towers with Radar,437,162,36,0,635,0,3,16,1,20,437,165,52,1,655,59,32,91,746
06/29/2005,SAN,CA,AWP,WE,Towers with Radar,437,171,37,0,645,0,2,12,0,14,437,173,49,0,659,0,0,0,659
06/30/2005,SAN,CA,AWP,WE,Towers with Radar,444,166,49,3,662,0,0,0,0,0,444,166,49,3,662,0,0,0,662
07/01/2005,SAN,CA,AWP,WE,Towers with Radar,449,179,59,0,687,0,4,5,1,10,449,183,64,1,697,0,0,0,697
07/02/2005,SAN,CA,AWP,WE,Towers with Radar,410,137,28,0,575,0,2,17,1,20,410,139,45,1,595,0,0,0,595
07/03/2005,SAN,CA,AWP,WE,Towers with Radar,366,120,13,0,499,0,3,20,2,25,366,123,33,2,524,0,0,0,524
07/04/2005,SAN,CA,AWP,WE,Towers with Radar,392,129,13,0,534,0,2,19,5,26,392,131,32,5,560,0,0,0,560
07/05/2005,SAN,CA,AWP,WE,Towers with Radar,428,153,43,0,624,0,3,6,0,9,428,156,49,0,633,29,21,50,683
07/06/2005,SAN,CA,AWP,WE,Towers with Radar,446,160,43,0,649,0,4,19,1,24,446,164,62,1,673,0,0,0,673
07/07/2005,SAN,CA,AWP,WE,Towers with Radar,445,162,51,1,659,0,2,15,2,19,445,164,66,3,678,0,0,0,678
07/08/2005,SAN,CA,AWP,WE,Towers with Radar,439,154,31,3,627,0,5,11,2,18,439,159,42,5,645,34,15,49,694
07/09/2005,SAN,CA,AWP,WE,Towers with Radar,418,133,28,1,580,0,0,4,9,13,418,133,32,10,593,0,0,0,593
07/10/2005,SAN,CA,AWP,WE,Towers with Radar,419,137,45,2,603,0,3,6,0,9,419,140,51,2,612,0,0,0,612
07/11/2005,SAN,CA,AWP,WE,Towers with Radar,433,160,31,0,624,0,4,10,1,15,433,164,41,1,639,0,0,0,639
07/12/2005,SAN,CA,AWP,WE,Towers with Radar,450,154,34,1,639,0,2,2,0,4,450,156,36,1,643,21,50,71,714
07/13/2005,SAN,CA,AWP,WE,Towers with Radar,447,161,50,0,658,0,2,7,0,9,447,163,57,0,667,0,0,0,667
07/14/2005,SAN,CA,AWP,WE,Towers with Radar,498,165,34,6,703,0,2,6,4,12,498,167,40,10,715,0,0,0,715
07/15/2005,SAN,CA,AWP,WE,Towers with Radar,441,181,59,0,681,0,2,12,0,14,441,183,71,0,695,0,0,0,695
07/16/2005,SAN,CA,AWP,WE,Towers with Radar,417,148,47,2,614,0,2,10,4,16,417,150,57,6,630,0,0,0,630
07/17/2005,SAN,CA,AWP,WE,Towers with Radar,418,141,46,1,606,0,4,12,0,16,418,145,58,1,622,0,0,0,622
07/18/2005,SAN,CA,AWP,WE,Towers with Radar,452,156,56,0,664,0,4,7,1,12,452,160,63,1,676,0,0,0,676
07/19/2005,SAN,CA,AWP,WE,Towers with Radar,439,152,62,0,653,0,2,11,1,14,439,154,73,1,667,39,34,73,740
07/20/2005,SAN,CA,AWP,WE,Towers with Radar,444,159,42,0,645,0,2,15,0,17,444,161,57,0,662,0,0,0,662
07/21/2005,SAN,CA,AWP,WE,Towers with Radar,453,177,38,2,670,0,4,12,1,17,453,181,50,3,687,0,0,0,687
07/22/2005,SAN,CA,AWP,WE,Towers with Radar,0,0,0,0,0,441,176,61,2,680,441,176,61,2,680,0,0,0,680
07/23/2005,SAN,CA,AWP,WE,Towers with Radar,0,0,0,0,0,419,138,33,26,616,419,138,33,26,616,0,0,0,616
07/24/2005,SAN,CA,AWP,WE,Towers with Radar,424,148,40,0,612,0,3,16,0,19,424,151,56,0,631,0,0,0,631
07/25/2005,SAN,CA,AWP,WE,Towers with Radar,426,155,30,3,614,0,0,11,1,12,426,155,41,4,626,0,0,0,626
07/26/2005,SAN,CA,AWP,WE,Towers with Radar,441,164,52,1,658,0,4,10,1,15,441,168,62,2,673,43,63,106,779
07/27/2005,SAN,CA,AWP,WE,Towers with Radar,438,159,60,0,657,0,2,26,1,29,438,161,86,1,686,0,0,0,686
07/28/2005,SAN,CA,AWP,WE,Towers with Radar,465,159,52,0,676,0,3,10,1,14,465,162,62,1,690,0,0,0,690
07/29/2005,SAN,CA,AWP,WE,Towers with Radar,436,169,54,1,660,0,3,17,2,22,436,172,71,3,682,51,20,71,753
07/30/2005,SAN,CA,AWP,WE,Towers with Radar,420,131,38,1,590,0,5,7,0,12,420,136,45,1,602,0,0,0,602
07/31/2005,SAN,CA,AWP,WE,Towers with Radar,420,146,51,0,617,0,3,15,0,18,420,149,66,0,635,0,0,0,635
08/01/2005,SAN,CA,AWP,WE,Towers with Radar,432,167,56,1,656,0,3,10,1,14,432,170,66,2,670,0,0,0,670
08/02/2005,SAN,CA,AWP,WE,Towers with Radar,0,0,0,0,0,454,167,51,0,672,454,167,51,0,672,30,35,65,737
08/03/2005,SAN,CA,AWP,WE,Towers with Radar,451,167,45,1,664,0,3,12,0,15,451,170,57,1,679,0,0,0,679
08/04/2005,SAN,CA,AWP,WE,Towers with Radar,452,153,48,2,655,0,4,18,1,23,452,157,66,3,678,0,0,0,678
08/05/2005,SAN,CA,AWP,WE,Towers with Radar,455,178,29,0,662,0,2,7,1,10,455,180,36,1,672,0,0,0,672
08/06/2005,SAN,CA,AWP,WE,Towers with Radar,427,141,28,4,600,0,3,17,1,21,427,144,45,5,621,0,0,0,621
08/07/2005,SAN,CA,AWP,WE,Towers with Radar,423,144,43,7,617,0,0,0,0,0,423,144,43,7,617,0,0,0,617
08/08/2005,SAN,CA,AWP,WE,Towers with Radar,435,174,37,1,647,0,5,5,1,11,435,179,42,2,658,0,0,0,658
08/09/2005,SAN,CA,AWP,WE,Towers with Radar,444,159,56,0,659,0,3,19,3,25,444,162,75,3,684,30,26,56,740
08/10/2005,SAN,CA,AWP,WE,Towers with Radar,451,171,60,1,683,0,2,13,1,16,451,173,73,2,699,0,0,0,699
08/11/2005,SAN,CA,AWP,WE,Towers with Radar,461,169,39,11,680,0,3,12,1,16,461,172,51,12,696,0,0,0,696
08/12/2005,SAN,CA,AWP,WE,Towers with Radar,448,159,57,0,664,0,3,8,0,11,448,162,65,0,675,0,0,0,675
08/13/2005,SAN,CA,AWP,WE,Towers with Radar,415,136,44,3,598,0,2,1,1,4,415,138,45,4,602,0,0,0,602
08/14/2005,SAN,CA,AWP,WE,Towers with Radar,408,140,40,1,589,0,4,7,1,12,408,144,47,2,601,0,0,0,601
08/15/2005,SAN,CA,AWP,WE,Towers with Radar,440,156,40,5,641,0,3,6,0,9,440,159,46,5,650,0,0,0,650
08/16/2005,SAN,CA,AWP,WE,Towers with Radar,447,162,58,1,668,0,5,8,1,14,447,167,66,2,682,59,34,93,775
08/17/2005,SAN,CA,AWP,WE,Towers with Radar,464,156,53,0,673,0,3,23,1,27,464,159,76,1,700,0,0,0,700
08/18/2005,SAN,CA,AWP,WE,Towers with Radar,453,159,57,3,672,0,2,11,3,16,453,161,68,6,688,0,0,0,688
08/19/2005,SAN,CA,AWP,WE,Towers with Radar,449,156,58,2,665,0,2,19,2,23,449,158,77,4,688,88,65,153,841
08/20/2005,SAN,CA,AWP,WE,Towers with Radar,411,136,22,0,569,0,3,11,1,15,411,139,33,1,584,0,0,0,584
08/21/2005,SAN,CA,AWP,WE,Towers with Radar,415,146,35,2,598,0,3,12,1,16,415,149,47,3,614,0,0,0,614
08/22/2005,SAN,CA,AWP,WE,Towers with Radar,469,160,34,0,663,0,4,4,1,9,469,164,38,1,672,0,0,0,672
08/23/2005,SAN,CA,AWP,WE,Towers with Radar,445,164,54,3,666,0,2,9,2,13,445,166,63,5,679,0,0,0,679
08/24/2005,SAN,CA,AWP,WE,Towers with Radar,418,165,45,0,628,0,0,0,0,0,418,165,45,0,628,0,0,0,628
08/25/2005,SAN,CA,AWP,WE,Towers with Radar,448,163,46,3,660,0,5,14,3,22,448,168,60,6,682,0,0,0,682
08/26/2005,SAN,CA,AWP,WE,Towers with Radar,434,162,62,3,661,0,3,17,4,24,434,165,79,7,685,0,0,0,685
08/27/2005,SAN,CA,AWP,WE,Towers with Radar,402,135,22,1,560,0,2,31,3,36,402,137,53,4,596,74,6,80,676
08/28/2005,SAN,CA,AWP,WE,Towers with Radar,405,141,34,0,580,0,2,23,5,30,405,143,57,5,610,0,0,0,610
08/29/2005,SAN,CA,AWP,WE,Towers with Radar,422,162,26,0,610,0,7,8,0,15,422,169,34,0,625,73,24,97,722
08/30/2005,SAN,CA,AWP,WE,Towers with Radar,459,152,31,1,643,0,2,5,0,7,459,154,36,1,650,33,9,42,692
08/31/2005,SAN,CA,AWP,WE,Towers with Radar,450,166,22,4,642,0,6,3,0,9,450,172,25,4,651,0,0,0,651
09/01/2005,SAN,CA,AWP,WE,Towers with Radar,459,160,33,0,652,0,3,7,0,10,459,163,40,0,662,0,0,0,662
09/02/2005,SAN,CA,AWP,WE,Towers with Radar,443,167,38,2,650,0,3,10,2,15,443,170,48,4,665,50,6,56,721
09/03/2005,SAN,CA,AWP,WE,Towers with Radar,390,130,31,0,551,0,4,8,6,18,390,134,39,6,569,0,0,0,569
09/04/2005,SAN,CA,AWP,WE,Towers with Radar,364,133,26,0,523,0,2,20,1,23,364,135,46,1,546,0,0,0,546
09/05/2005,SAN,CA,AWP,WE,Towers with Radar,403,150,49,2,604,0,5,10,1,16,403,155,59,3,620,0,0,0,620
09/06/2005,SAN,CA,AWP,WE,Towers with Radar,424,166,25,1,616,0,4,11,2,17,424,170,36,3,633,26,17,43,676
09/07/2005,SAN,CA,AWP,WE,Towers with Radar,421,167,31,2,621,0,2,13,2,17,421,169,44,4,638,0,0,0,638
09/08/2005,SAN,CA,AWP,WE,Towers with Radar,0,0,0,0,0,438,161,43,2,644,438,161,43,2,644,0,0,0,644
09/09/2005,SAN,CA,AWP,WE,Towers with Radar,417,159,68,2,646,0,3,12,1,16,417,162,80,3,662,0,0,0,662
09/10/2005,SAN,CA,AWP,WE,Towers with Radar,388,128,26,0,542,0,3,6,3,12,388,131,32,3,554,0,0,0,554
09/11/2005,SAN,CA,AWP,WE,Towers with Radar,397,144,44,1,586,0,0,5,8,13,397,144,49,9,599,0,0,0,599
09/12/2005,SAN,CA,AWP,WE,Towers with Radar,414,152,48,2,616,0,6,6,1,13,414,158,54,3,629,0,0,0,629
09/13/2005,SAN,CA,AWP,WE,Towers with Radar,421,159,34,4,618,0,1,5,2,8,421,160,39,6,626,42,19,61,687
09/14/2005,SAN,CA,AWP,WE,Towers with Radar,430,169,53,3,655,0,3,12,2,17,430,172,65,5,672,0,0,0,672
09/15/2005,SAN,CA,AWP,WE,Towers with Radar,440,163,47,11,661,0,1,7,1,9,440,164,54,12,670,0,0,0,670
09/16/2005,SAN,CA,AWP,WE,Towers with Radar,423,158,52,5,638,0,1,16,4,21,423,159,68,9,659,0,0,0,659
09/17/2005,SAN,CA,AWP,WE,Towers with Radar,374,127,29,5,535,0,2,11,1,14,374,129,40,6,549,0,0,0,549
09/18/2005,SAN,CA,AWP,WE,Towers with Radar,413,151,52,1,617,0,2,12,3,17,413,153,64,4,634,0,0,0,634
09/19/2005,SAN,CA,AWP,WE,Towers with Radar,423,158,31,0,612,0,4,11,2,17,423,162,42,2,629,0,0,0,629
09/20/2005,SAN,CA,AWP,WE,Towers with Radar,425,166,35,2,628,0,2,8,1,11,425,168,43,3,639,24,16,40,679
09/21/2005,SAN,CA,AWP,WE,Towers with Radar,424,166,44,1,635,0,2,8,0,10,424,168,52,1,645,0,0,0,645
09/22/2005,SAN,CA,AWP,WE,Towers with Radar,442,168,44,0,654,0,11,11,3,25,442,179,55,3,679,0,0,0,679
09/23/2005,SAN,CA,AWP,WE,Towers with Radar,423,167,30,2,622,0,2,6,1,9,423,169,36,3,631,0,0,0,631
09/24/2005,SAN,CA,AWP,WE,Towers with Radar,365,130,30,3,528,0,4,11,1,16,365,134,41,4,544,0,0,0,544
09/25/2005,SAN,CA,AWP,WE,Towers with Radar,397,154,41,3,595,0,1,10,1,12,397,155,51,4,607,0,0,0,607
09/26/2005,SAN,CA,AWP,WE,Towers with Radar,413,165,26,1,605,0,5,12,2,19,413,170,38,3,624,0,0,0,624
09/27/2005,SAN,CA,AWP,WE,Towers with Radar,427,164,35,3,629,1,4,20,3,28,428,168,55,6,657,0,0,0,657
09/28/2005,SAN,CA,AWP,WE,Towers with Radar,429,164,46,0,639,0,5,9,4,18,429,169,55,4,657,0,0,0,657
09/29/2005,SAN,CA,AWP,WE,Towers with Radar,455,164,31,3,653,0,4,16,2,22,455,168,47,5,675,0,0,0,675
09/30/2005,SAN,CA,AWP,WE,Towers with Radar,0,0,0,0,0,430,163,62,7,662,430,163,62,7,662,45,9,54,716
10/01/2005,SAN,CA,AWP,WE,Towers with Radar,388,136,23,1,548,0,2,5,8,15,388,138,28,9,563,0,0,0,563
10/02/2005,SAN,CA,AWP,WE,Towers with Radar,399,152,48,3,602,0,0,2,5,7,399,152,50,8,609,0,0,0,609
10/03/2005,SAN,CA,AWP,WE,Towers with Radar,414,148,22,0,584,0,2,10,2,14,414,150,32,2,598,0,0,0,598
10/04/2005,SAN,CA,AWP,WE,Towers with Radar,422,161,29,2,614,0,2,8,0,10,422,163,37,2,624,49,29,78,702
10/05/2005,SAN,CA,AWP,WE,Towers with Radar,414,138,35,0,587,12,22,0,4,38,426,160,35,4,625,0,0,0,625
10/06/2005,SAN,CA,AWP,WE,Towers with Radar,436,151,30,0,617,0,1,12,1,14,436,152,42,1,631,0,0,0,631
10/07/2005,SAN,CA,AWP,WE,Towers with Radar,420,160,50,1,631,0,2,16,2,20,420,162,66,3,651,0,0,0,651
10/08/2005,SAN,CA,AWP,WE,Towers with Radar,371,139,24,1,535,0,2,4,0,6,371,141,28,1,541,0,0,0,541
10/09/2005,SAN,CA,AWP,WE,Towers with Radar,0,0,0,0,0,414,139,62,2,617,414,139,62,2,617,0,0,0,617
10/10/2005,SAN,CA,AWP,WE,Towers with Radar,408,164,50,0,622,0,4,12,2,18,408,168,62,2,640,0,0,0,640
10/11/2005,SAN,CA,AWP,WE,Towers with Radar,431,157,47,0,635,0,3,11,0,14,431,160,58,0,649,40,14,54,703
10/12/2005,SAN,CA,AWP,WE,Towers with Radar,421,165,52,3,641,0,4,10,1,15,421,169,62,4,656,0,0,0,656
10/13/2005,SAN,CA,AWP,WE,Towers with Radar,434,162,44,1,641,0,6,28,1,35,434,168,72,2,676,0,0,0,676
10/14/2005,SAN,CA,AWP,WE,Towers with Radar,425,158,39,0,622,0,4,15,0,19,425,162,54,0,641,55,11,66,707
10/15/2005,SAN,CA,AWP,WE,Towers with Radar,379,137,13,5,534,0,2,6,0,8,379,139,19,5,542,0,0,0,542
10/16/2005,SAN,CA,AWP,WE,Towers with Radar,408,146,39,0,593,0,1,6,0,7,408,147,45,0,600,0,0,0,600
10/17/2005,SAN,CA,AWP,WE,Towers with Radar,432,159,40,4,635,0,0,2,4,6,432,159,42,8,641,0,0,0,641
10/18/2005,SAN,CA,AWP,WE,Towers with Radar,411,151,27,0,589,0,1,7,1,9,411,152,34,1,598,0,0,0,598
10/19/2005,SAN,CA,AWP,WE,Towers with Radar,427,152,31,3,613,0,3,15,0,18,427,155,46,3,631,0,0,0,631
10/20/2005,SAN,CA,AWP,WE,Towers with Radar,439,163,26,2,630,0,2,5,1,8,439,165,31,3,638,0,0,0,638
10/21/2005,SAN,CA,AWP,WE,Towers with Radar,426,154,51,6,637,0,3,2,1,6,426,157,53,7,643,0,0,0,643
10/22/2005,SAN,CA,AWP,WE,Towers with Radar,366,144,27,1,538,0,2,1,1,4,366,146,28,2,542,0,0,0,542
10/23/2005,SAN,CA,AWP,WE,Towers with Radar,410,157,54,2,623,0,1,5,1,7,410,158,59,3,630,0,0,0,630
10/24/2005,SAN,CA,AWP,WE,Towers with Radar,412,144,30,5,591,0,2,8,1,11,412,146,38,6,602,0,0,0,602
10/25/2005,SAN,CA,AWP,WE,Towers with Radar,429,154,51,1,635,0,1,14,3,18,429,155,65,4,653,39,26,65,718
10/26/2005,SAN,CA,AWP,WE,Towers with Radar,436,164,32,0,632,0,2,6,2,10,436,166,38,2,642,0,0,0,642
10/27/2005,SAN,CA,AWP,WE,Towers with Radar,433,158,35,2,628,0,1,14,1,16,433,159,49,3,644,0,0,0,644
10/28/2005,SAN,CA,AWP,WE,Towers with Radar,429,156,36,0,621,0,3,12,1,16,429,159,48,1,637,48,11,59,696
10/29/2005,SAN,CA,AWP,WE,Towers with Radar,365,141,17,1,524,0,4,25,1,30,365,145,42,2,554,0,0,0,554
10/30/2005,SAN,CA,AWP,WE,Towers with Radar,397,152,40,0,589,0,1,18,3,22,397,153,58,3,611,0,0,0,611
10/31/2005,SAN,CA,AWP,WE,Towers with Radar,425,158,40,0,623,0,0,3,20,23,425,158,43,20,646,0,0,0,646
11/01/2005,SAN,CA,AWP,WE,Towers with Radar,433,150,53,0,636,0,2,18,0,20,433,152,71,0,656,70,49,119,775
11/02/2005,SAN,CA,AWP,WE,Towers with Radar,423,158,38,0,619,0,3,15,2,20,423,161,53,2,639,0,0,0,639
11/03/2005,SAN,CA,AWP,WE,Towers with Radar,427,161,36,1,625,0,0,0,0,0,427,161,36,1,625,0,0,0,625
11/04/2005,SAN,CA,AWP,WE,Towers with Radar,424,169,37,3,633,0,2,18,0,20,424,171,55,3,653,0,0,0,653
11/05/2005,SAN,CA,AWP,WE,Towers with Radar,358,141,15,0,514,0,4,17,1,22,358,145,32,1,536,0,0,0,536
11/06/2005,SAN,CA,AWP,WE,Towers with Radar,411,151,47,1,610,0,2,9,2,13,411,153,56,3,623,0,0,0,623
11/07/2005,SAN,CA,AWP,WE,Towers with Radar,411,157,33,0,601,0,3,4,2,9,411,160,37,2,610,0,0,0,610
11/08/2005,SAN,CA,AWP,WE,Towers with Radar,423,166,29,0,618,0,1,7,1,9,423,167,36,1,627,57,29,86,713
11/09/2005,SAN,CA,AWP,WE,Towers with Radar,425,157,32,1,615,0,2,11,0,13,425,159,43,1,628,0,0,0,628
11/10/2005,SAN,CA,AWP,WE,Towers with Radar,430,151,41,0,622,0,0,9,0,9,430,151,50,0,631,0,0,0,631
11/11/2005,SAN,CA,AWP,WE,Towers with Radar,412,161,59,2,634,0,0,20,0,20,412,161,79,2,654,0,0,0,654
11/12/2005,SAN,CA,AWP,WE,Towers with Radar,361,130,19,0,510,0,2,9,1,12,361,132,28,1,522,0,0,0,522
11/13/2005,SAN,CA,AWP,WE,Towers with Radar,435,161,45,1,642,0,1,9,3,13,435,162,54,4,655,0,0,0,655
11/14/2005,SAN,CA,AWP,WE,Towers with Radar,432,140,38,1,611,0,0,12,1,13,432,140,50,2,624,0,0,0,624
11/15/2005,SAN,CA,AWP,WE,Towers with Radar,333,108,29,1,471,0,2,11,4,17,333,110,40,5,488,0,0,0,488
11/16/2005,SAN,CA,AWP,WE,Towers with Radar,452,150,42,1,645,0,6,14,0,20,452,156,56,1,665,0,0,0,665
11/17/2005,SAN,CA,AWP,WE,Towers with Radar,448,153,42,1,644,0,0,12,1,13,448,153,54,2,657,0,0,0,657
11/18/2005,SAN,CA,AWP,WE,Towers with Radar,428,161,39,1,629,0,1,13,1,15,428,162,52,2,644,48,15,63,707
11/19/2005,SAN,CA,AWP,WE,Towers with Radar,358,131,20,1,510,0,5,18,1,24,358,136,38,2,534,0,0,0,534
11/20/2005,SAN,CA,AWP,WE,Towers with Radar,412,133,32,2,579,0,2,13,1,16,412,135,45,3,595,0,0,0,595
11/21/2005,SAN,CA,AWP,WE,Towers with Radar,410,141,36,2,589,0,2,18,2,22,410,143,54,4,611,0,0,0,611
11/22/2005,SAN,CA,AWP,WE,Towers with Radar,433,152,38,0,623,0,0,23,1,24,433,152,61,1,647,63,34,97,744
11/23/2005,SAN,CA,AWP,WE,Towers with Radar,437,154,38,0,629,0,2,7,3,12,437,156,45,3,641,0,0,0,641
11/24/2005,SAN,CA,AWP,WE,Towers with Radar,308,111,11,2,432,0,0,6,1,7,308,111,17,3,439,0,0,0,439
11/25/2005,SAN,CA,AWP,WE,Towers with Radar,371,132,21,2,526,0,0,2,2,4,371,132,23,4,530,0,0,0,530
11/26/2005,SAN,CA,AWP,WE,Towers with Radar,367,129,14,0,510,0,2,4,1,7,367,131,18,1,517,0,0,0,517
11/27/2005,SAN,CA,AWP,WE,Towers with Radar,406,141,38,0,585,0,0,14,0,14,406,141,52,0,599,0,0,0,599
11/28/2005,SAN,CA,AWP,WE,Towers with Radar,412,146,24,2,584,0,0,3,10,13,412,146,27,12,597,0,0,0,597
11/29/2005,SAN,CA,AWP,WE,Towers with Radar,435,142,42,1,620,0,0,24,0,24,435,142,66,1,644,51,36,87,731
11/30/2005,SAN,CA,AWP,WE,Towers with Radar,429,160,48,0,637,0,2,11,1,14,429,162,59,1,651,0,0,0,651
12/01/2005,SAN,CA,AWP,WE,Towers with Radar,452,152,56,2,662,0,3,8,0,11,452,155,64,2,673,0,0,0,673
12/02/2005,SAN,CA,AWP,WE,Towers with Radar,0,0,0,0,0,437,161,45,12,655,437,161,45,12,655,23,13,36,691
12/03/2005,SAN,CA,AWP,WE,Towers with Radar,0,0,0,0,0,356,128,36,3,523,356,128,36,3,523,0,0,0,523
12/04/2005,SAN,CA,AWP,WE,Towers with Radar,401,152,42,4,599,0,1,14,2,17,401,153,56,6,616,0,0,0,616
12/05/2005,SAN,CA,AWP,WE,Towers with Radar,413,150,30,0,593,80,5,14,4,103,493,155,44,4,696,0,0,0,696
12/06/2005,SAN,CA,AWP,WE,Towers with Radar,421,148,51,2,622,0,1,14,2,17,421,149,65,4,639,56,21,77,716
12/07/2005,SAN,CA,AWP,WE,Towers with Radar,410,150,33,2,595,0,0,15,1,16,410,150,48,3,611,0,0,0,611
12/08/2005,SAN,CA,AWP,WE,Towers with Radar,419,149,48,4,620,0,4,16,0,20,419,153,64,4,640,0,0,0,640
12/09/2005,SAN,CA,AWP,WE,Towers with Radar,429,140,31,5,605,0,0,18,0,18,429,140,49,5,623,0,0,0,623
12/10/2005,SAN,CA,AWP,WE,Towers with Radar,349,121,17,6,493,0,2,10,0,12,349,123,27,6,505,0,0,0,505
12/11/2005,SAN,CA,AWP,WE,Towers with Radar,393,125,44,0,562,0,0,6,0,6,393,125,50,0,568,3,5,8,576
12/12/2005,SAN,CA,AWP,WE,Towers with Radar,409,149,26,1,585,0,1,6,1,8,409,150,32,2,593,0,0,0,593
12/13/2005,SAN,CA,AWP,WE,Towers with Radar,422,145,41,1,609,0,1,10,3,14,422,146,51,4,623,50,32,82,705
12/14/2005,SAN,CA,AWP,WE,Towers with Radar,410,156,25,0,591,0,1,10,0,11,410,157,35,0,602,0,0,0,602
12/15/2005,SAN,CA,AWP,WE,Towers with Radar,430,146,23,0,599,0,0,12,1,13,430,146,35,1,612,0,0,0,612
12/16/2005,SAN,CA,AWP,WE,Towers with Radar,429,150,21,4,604,0,0,8,1,9,429,150,29,5,613,33,6,39,652
12/17/2005,SAN,CA,AWP,WE,Towers with Radar,366,136,24,0,526,0,2,13,1,16,366,138,37,1,542,0,0,0,542
12/18/2005,SAN,CA,AWP,WE,Towers with Radar,406,132,13,6,557,0,3,5,2,10,406,135,18,8,567,0,0,0,567
12/19/2005,SAN,CA,AWP,WE,Towers with Radar,411,148,27,4,590,0,1,9,2,12,411,149,36,6,602,0,4,4,606
12/20/2005,SAN,CA,AWP,WE,Towers with Radar,433,154,29,4,620,0,0,12,4,16,433,154,41,8,636,51,43,94,730
12/21/2005,SAN,CA,AWP,WE,Towers with Radar,442,157,32,0,631,0,1,9,0,10,442,158,41,0,641,0,0,0,641
12/22/2005,SAN,CA,AWP,WE,Towers with Radar,504,156,54,0,714,0,1,7,1,9,504,157,61,1,723,0,0,0,723
12/23/2005,SAN,CA,AWP,WE,Towers with Radar,428,150,36,1,615,0,1,3,2,6,428,151,39,3,621,19,2,21,642
12/24/2005,SAN,CA,AWP,WE,Towers with Radar,407,140,16,2,565,0,4,0,0,4,407,144,16,2,569,0,0,0,569
12/25/2005,SAN,CA,AWP,WE,Towers with Radar,375,106,8,0,489,0,0,1,0,1,375,106,9,0,490,0,0,0,490
12/26/2005,SAN,CA,AWP,WE,Towers with Radar,412,146,28,0,586,0,0,9,2,11,412,146,37,2,597,0,0,0,597
12/27/2005,SAN,CA,AWP,WE,Towers with Radar,461,156,41,7,665,0,0,5,1,6,461,156,46,8,671,44,27,71,742
12/28/2005,SAN,CA,AWP,WE,Towers with Radar,445,159,50,0,654,0,0,5,5,10,445,159,55,5,664,0,0,0,664
12/29/2005,SAN,CA,AWP,WE,Towers with Radar,446,145,37,0,628,0,7,5,0,12,446,152,42,0,640,0,0,0,640
12/30/2005,SAN,CA,AWP,WE,Towers with Radar,447,157,55,1,660,0,4,9,5,18,447,161,64,6,678,34,7,41,719
12/31/2005,SAN,CA,AWP,WE,Towers with Radar,382,128,20,2,532,0,1,4,1,6,382,129,24,3,538,0,0,0,538
01/01/2006,SAN,CA,AWP,WE,Towers with Radar,399,129,28,3,559,0,0,4,1,5,399,129,32,4,564,0,0,0,564
01/02/2006,SAN,CA,AWP,WE,Towers with Radar,419,137,39,3,598,0,0,5,3,8,419,137,44,6,606,0,0,0,606
01/03/2006,SAN,CA,AWP,WE,Towers with Radar,424,142,30,4,600,0,3,13,2,18,424,145,43,6,618,0,0,0,618
01/04/2006,SAN,CA,AWP,WE,Towers with Radar,423,139,32,1,595,0,1,10,0,11,423,140,42,1,606,0,0,0,606
01/05/2006,SAN,CA,AWP,WE,Towers with Radar,446,142,31,1,620,0,1,17,1,19,446,143,48,2,639,0,0,0,639
01/06/2006,SAN,CA,AWP,WE,Towers with Radar,422,136,34,2,594,0,3,11,1,15,422,139,45,3,609,51,44,95,704
01/07/2006,SAN,CA,AWP,WE,Towers with Radar,349,130,20,2,501,0,5,15,1,21,349,135,35,3,522,0,0,0,522
01/08/2006,SAN,CA,AWP,WE,Towers with Radar,386,133,24,1,544,0,0,13,2,15,386,133,37,3,559,559,0,559,1118
01/09/2006,SAN,CA,AWP,WE,Towers with Radar,412,138,27,5,582,0,2,5,1,8,412,140,32,6,590,0,0,0,590
01/10/2006,SAN,CA,AWP,WE,Towers with Radar,407,156,28,6,597,0,0,18,6,24,407,156,46,12,621,59,25,84,705
01/11/2006,SAN,CA,AWP,WE,Towers with Radar,412,141,35,6,594,0,1,5,1,7,412,142,40,7,601,0,0,0,601
01/12/2006,SAN,CA,AWP,WE,Towers with Radar,464,139,37,0,640,0,2,10,0,12,464,141,47,0,652,0,0,0,652
01/13/2006,SAN,CA,AWP,WE,Towers with Radar,439,151,52,0,642,0,1,11,0,12,439,152,63,0,654,0,0,0,654
01/14/2006,SAN,CA,AWP,WE,Towers with Radar,355,127,33,5,520,0,1,8,1,10,355,128,41,6,530,29,7,36,566
01/15/2006,SAN,CA,AWP,WE,Towers with Radar,381,128,19,1,529,0,0,9,1,10,381,128,28,2,539,0,0,0,539
01/16/2006,SAN,CA,AWP,WE,Towers with Radar,408,135,43,0,586,0,5,13,2,20,408,140,56,2,606,0,0,0,606
01/17/2006,SAN,CA,AWP,WE,Towers with Radar,410,152,42,0,604,0,2,17,3,22,410,154,59,3,626,0,0,0,626
01/18/2006,SAN,CA,AWP,WE,Towers with Radar,411,143,42,5,601,0,4,13,1,18,411,147,55,6,619,44,38,82,701
01/19/2006,SAN,CA,AWP,WE,Towers with Radar,422,155,46,1,624,0,1,13,2,16,422,156,59,3,640,0,0,0,640
01/20/2006,SAN,CA,AWP,WE,Towers with Radar,414,150,43,1,608,0,2,24,2,28,414,152,67,3,636,51,18,69,705
01/21/2006,SAN,CA,AWP,WE,Towers with Radar,345,125,27,1,498,0,2,17,0,19,345,127,44,1,517,0,0,0,517
01/22/2006,SAN,CA,AWP,WE,Towers with Radar,376,145,31,0,552,0,1,10,3,14,376,146,41,3,566,48,11,59,625
01/23/2006,SAN,CA,AWP,WE,Towers with Radar,420,149,33,2,604,0,2,4,2,8,420,151,37,4,612,0,0,0,612
01/24/2006,SAN,CA,AWP,WE,Towers with Radar,410,165,37,4,616,0,0,16,3,19,410,165,53,7,635,0,0,0,635
01/25/2006,SAN,CA,AWP,WE,Towers with Radar,409,161,50,2,622,0,0,8,2,10,409,161,58,4,632,0,0,0,632
01/26/2006,SAN,CA,AWP,WE,Towers with Radar,420,153,52,0,625,0,0,12,0,12,420,153,64,0,637,0,0,0,637
01/27/2006,SAN,CA,AWP,WE,Towers with Radar,413,148,31,0,592,0,2,9,1,12,413,150,40,1,604,0,0,0,604
01/28/2006,SAN,CA,AWP,WE,Towers with Radar,347,119,24,1,491,0,2,21,0,23,347,121,45,1,514,0,0,0,514
01/29/2006,SAN,CA,AWP,WE,Towers with Radar,380,152,31,3,566,0,0,8,1,9,380,152,39,4,575,0,0,0,575
01/30/2006,SAN,CA,AWP,WE,Towers with Radar,400,147,53,3,603,0,2,10,1,13,400,149,63,4,616,0,0,0,616
01/31/2006,SAN,CA,AWP,WE,Towers with Radar,416,151,37,3,607,0,0,10,2,12,416,151,47,5,619,0,0,0,619
02/01/2006,SAN,CA,AWP,WE,Towers with Radar,416,159,30,3,608,0,0,7,2,9,416,159,37,5,617,0,0,0,617
02/02/2006,SAN,CA,AWP,WE,Towers with Radar,420,158,34,6,618,0,0,14,2,16,420,158,48,8,634,0,0,0,634
02/03/2006,SAN,CA,AWP,WE,Towers with Radar,434,146,31,1,612,0,0,0,0,0,434,146,31,1,612,20,10,30,642
02/04/2006,SAN,CA,AWP,WE,Towers with Radar,343,136,23,4,506,0,1,7,0,8,343,137,30,4,514,0,0,0,514
02/05/2006,SAN,CA,AWP,WE,Towers with Radar,430,141,41,0,612,0,0,1,6,7,430,141,42,6,619,0,0,0,619
02/06/2006,SAN,CA,AWP,WE,Towers with Radar,419,151,32,0,602,0,0,2,10,12,419,151,34,10,614,0,0,0,614
02/07/2006,SAN,CA,AWP,WE,Towers with Radar,428,150,55,4,637,0,1,13,3,17,428,151,68,7,654,0,0,0,654
02/08/2006,SAN,CA,AWP,WE,Towers with Radar,423,154,33,0,610,0,1,9,1,11,423,155,42,1,621,41,20,61,682
02/09/2006,SAN,CA,AWP,WE,Towers with Radar,448,149,41,1,639,0,1,11,2,14,448,150,52,3,653,0,0,0,653
02/10/2006,SAN,CA,AWP,WE,Towers with Radar,449,168,37,0,654,0,1,18,2,21,449,169,55,2,675,0,0,0,675
02/11/2006,SAN,CA,AWP,WE,Towers with Radar,357,150,37,1,545,0,1,13,1,15,357,151,50,2,560,0,0,0,560
02/12/2006,SAN,CA,AWP,WE,Towers with Radar,381,140,40,1,562,0,0,8,1,9,381,140,48,2,571,0,0,0,571
02/13/2006,SAN,CA,AWP,WE,Towers with Radar,442,137,24,3,606,0,2,9,0,11,442,139,33,3,617,0,0,0,617
02/14/2006,SAN,CA,AWP,WE,Towers with Radar,429,140,53,3,625,0,0,10,1,11,429,140,63,4,636,0,0,0,636
02/15/2006,SAN,CA,AWP,WE,Towers with Radar,413,150,51,0,614,0,0,9,3,12,413,150,60,3,626,0,0,0,626
02/16/2006,SAN,CA,AWP,WE,Towers with Radar,430,157,48,3,638,0,0,17,1,18,430,157,65,4,656,0,0,0,656
02/17/2006,SAN,CA,AWP,WE,Towers with Radar,431,152,54,0,637,0,1,9,1,11,431,153,63,1,648,0,0,0,648
02/18/2006,SAN,CA,AWP,WE,Towers with Radar,373,128,18,0,519,0,3,14,1,18,373,131,32,1,537,0,0,0,537
02/19/2006,SAN,CA,AWP,WE,Towers with Radar,391,134,22,3,550,0,1,6,9,16,391,135,28,12,566,0,0,0,566
02/20/2006,SAN,CA,AWP,WE,Towers with Radar,434,136,36,4,610,0,2,18,1,21,434,138,54,5,631,0,0,0,631
02/21/2006,SAN,CA,AWP,WE,Towers with Radar,438,147,26,4,615,0,0,10,1,11,438,147,36,5,626,0,0,0,626
02/22/2006,SAN,CA,AWP,WE,Towers with Radar,436,153,42,0,631,0,1,20,3,24,436,154,62,3,655,0,0,0,655
02/23/2006,SAN,CA,AWP,WE,Towers with Radar,450,154,37,0,641,0,0,8,0,8,450,154,45,0,649,0,0,0,649
02/24/2006,SAN,CA,AWP,WE,Towers with Radar,435,150,37,3,625,0,3,21,1,25,435,153,58,4,650,34,12,46,696
02/25/2006,SAN,CA,AWP,WE,Towers with Radar,371,131,35,2,539,0,1,19,1,21,371,132,54,3,560,0,0,0,560
02/26/2006,SAN,CA,AWP,WE,Towers with Radar,396,149,37,1,583,0,1,5,1,7,396,150,42,2,590,26,5,31,621
02/27/2006,SAN,CA,AWP,WE,Towers with Radar,425,135,46,1,607,0,0,9,1,10,425,135,55,2,617,0,0,0,617
02/28/2006,SAN,CA,AWP,WE,Towers with Radar,421,148,25,1,595,0,0,6,3,9,421,148,31,4,604,0,0,0,604
03/01/2006,SAN,CA,AWP,WE,Towers with Radar,429,141,46,0,616,0,1,10,1,12,429,142,56,1,628,0,0,0,628
03/02/2006,SAN,CA,AWP,WE,Towers with Radar,437,151,50,0,638,0,1,2,3,6,437,152,52,3,644,0,0,0,644
03/03/2006,SAN,CA,AWP,WE,Towers with Radar,434,147,46,0,627,0,1,3,0,4,434,148,49,0,631,0,0,0,631
03/04/2006,SAN,CA,AWP,WE,Towers with Radar,372,129,34,1,536,0,3,10,0,13,372,132,44,1,549,28,7,35,584
03/05/2006,SAN,CA,AWP,WE,Towers with Radar,389,134,39,0,562,0,1,10,0,11,389,135,49,0,573,0,0,0,573
03/06/2006,SAN,CA,AWP,WE,Towers with Radar,433,151,27,0,611,0,2,7,3,12,433,153,34,3,623,0,0,0,623
03/07/2006,SAN,CA,AWP,WE,Towers with Radar,429,151,28,0,608,0,1,5,3,9,429,152,33,3,617,0,0,0,617
03/08/2006,SAN,CA,AWP,WE,Towers with Radar,430,171,41,1,643,0,2,12,4,18,430,173,53,5,661,45,23,68,729
03/09/2006,SAN,CA,AWP,WE,Towers with Radar,439,166,38,2,645,0,0,9,0,9,439,166,47,2,654,0,0,0,654
03/10/2006,SAN,CA,AWP,WE,Towers with Radar,444,164,34,0,642,0,1,4,0,5,444,165,38,0,647,0,0,0,647
03/11/2006,SAN,CA,AWP,WE,Towers with Radar,376,138,21,0,535,0,3,4,0,7,376,141,25,0,542,0,0,0,542
03/12/2006,SAN,CA,AWP,WE,Towers with Radar,398,134,21,0,553,0,2,11,1,14,398,136,32,1,567,0,0,0,567
03/13/2006,SAN,CA,AWP,WE,Towers with Radar,428,143,27,3,601,0,2,9,1,12,428,145,36,4,613,0,0,0,613
03/14/2006,SAN,CA,AWP,WE,Towers with Radar,447,149,26,3,625,0,0,16,1,17,447,149,42,4,642,0,0,0,642
03/15/2006,SAN,CA,AWP,WE,Towers with Radar,433,148,50,2,633,0,1,15,0,16,433,149,65,2,649,0,0,0,649
03/16/2006,SAN,CA,AWP,WE,Towers with Radar,446,152,54,4,656,0,0,18,0,18,446,152,72,4,674,0,0,0,674
03/17/2006,SAN,CA,AWP,WE,Towers with Radar,443,148,40,1,632,0,1,8,1,10,443,149,48,2,642,47,12,59,701
03/18/2006,SAN,CA,AWP,WE,Towers with Radar,379,146,22,0,547,0,1,7,1,9,379,147,29,1,556,0,0,0,556
03/19/2006,SAN,CA,AWP,WE,Towers with Radar,398,139,50,0,587,0,0,15,2,17,398,139,65,2,604,36,8,44,648
03/20/2006,SAN,CA,AWP,WE,Towers with Radar,423,152,44,2,621,0,1,5,4,10,423,153,49,6,631,0,0,0,631
03/21/2006,SAN,CA,AWP,WE,Towers with Radar,441,151,34,1,627,0,1,14,0,15,441,152,48,1,642,0,0,0,642
03/22/2006,SAN,CA,AWP,WE,Towers with Radar,436,148,50,1,635,0,1,14,1,16,436,149,64,2,651,57,42,99,750
03/23/2006,SAN,CA,AWP,WE,Towers with Radar,439,158,51,0,648,0,2,7,2,11,439,160,58,2,659,0,0,0,659
03/24/2006,SAN,CA,AWP,WE,Towers with Radar,437,157,29,0,623,0,0,17,1,18,437,157,46,1,641,0,0,0,641
03/25/2006,SAN,CA,AWP,WE,Towers with Radar,380,134,29,1,544,0,4,8,1,13,380,138,37,2,557,0,0,0,557
03/26/2006,SAN,CA,AWP,WE,Towers with Radar,397,142,50,2,591,0,2,14,0,16,397,144,64,2,607,0,0,0,607
03/27/2006,SAN,CA,AWP,WE,Towers with Radar,425,139,23,2,589,0,2,8,4,14,425,141,31,6,603,0,0,0,603
03/28/2006,SAN,CA,AWP,WE,Towers with Radar,442,150,33,2,627,0,0,6,1,7,442,150,39,3,634,0,0,0,634
03/29/2006,SAN,CA,AWP,WE,Towers with Radar,429,154,51,0,634,0,1,7,1,9,429,155,58,1,643,0,0,0,643
03/30/2006,SAN,CA,AWP,WE,Towers with Radar,436,140,34,0,610,0,7,5,4,16,436,147,39,4,626,0,0,0,626
03/31/2006,SAN,CA,AWP,WE,Towers with Radar,439,153,37,4,633,0,2,12,1,15,439,155,49,5,648,0,0,0,648
04/01/2006,SAN,CA,AWP,WE,Towers with Radar,374,131,29,0,534,0,4,8,0,12,374,135,37,0,546,0,0,0,546
04/02/2006,SAN,CA,AWP,WE,Towers with Radar,408,114,36,1,559,0,1,7,1,9,408,115,43,2,568,0,0,0,568
04/03/2006,SAN,CA,AWP,WE,Towers with Radar,432,129,32,1,594,0,1,23,2,26,432,130,55,3,620,0,0,0,620
04/04/2006,SAN,CA,AWP,WE,Towers with Radar,447,129,27,2,605,0,0,1,0,1,447,129,28,2,606,0,0,0,606
04/05/2006,SAN,CA,AWP,WE,Towers with Radar,433,135,25,0,593,0,1,6,0,7,433,136,31,0,600,0,0,0,600
04/06/2006,SAN,CA,AWP,WE,Towers with Radar,444,148,37,2,631,0,1,13,1,15,444,149,50,3,646,0,0,0,646
04/07/2006,SAN,CA,AWP,WE,Towers with Radar,438,140,35,6,619,0,1,15,1,17,438,141,50,7,636,0,0,0,636
04/08/2006,SAN,CA,AWP,WE,Towers with Radar,379,116,25,1,521,0,2,19,5,26,379,118,44,6,547,0,0,0,547
04/09/2006,SAN,CA,AWP,WE,Towers with Radar,407,115,48,1,571,0,2,15,0,17,407,117,63,1,588,47,12,59,647
04/10/2006,SAN,CA,AWP,WE,Towers with Radar,429,126,32,0,587,0,2,6,1,9,429,128,38,1,596,0,0,0,596
04/11/2006,SAN,CA,AWP,WE,Towers with Radar,429,135,35,1,600,0,0,9,6,15,429,135,44,7,615,0,0,0,615
04/12/2006,SAN,CA,AWP,WE,Towers with Radar,437,124,38,0,599,0,0,0,0,0,437,124,38,0,599,35,43,78,677
04/13/2006,SAN,CA,AWP,WE,Towers with Radar,448,135,40,0,623,0,2,24,1,27,448,137,64,1,650,0,0,0,650
04/14/2006,SAN,CA,AWP,WE,Towers with Radar,446,134,39,0,619,0,0,4,1,5,446,134,43,1,624,17,4,21,645
04/15/2006,SAN,CA,AWP,WE,Towers with Radar,371,117,18,0,506,0,1,9,1,11,371,118,27,1,517,0,0,0,517
04/16/2006,SAN,CA,AWP,WE,Towers with Radar,368,120,22,2,512,30,1,11,0,42,398,121,33,2,554,0,0,0,554
04/17/2006,SAN,CA,AWP,WE,Towers with Radar,434,141,43,1,619,0,2,8,2,12,434,143,51,3,631,0,0,0,631
04/18/2006,SAN,CA,AWP,WE,Towers with Radar,447,134,43,0,624,0,0,14,1,15,447,134,57,1,639,0,0,0,639
04/19/2006,SAN,CA,AWP,WE,Towers with Radar,306,97,22,0,425,0,1,15,0,16,306,98,37,0,441,67,66,133,574
04/20/2006,SAN,CA,AWP,WE,Towers with Radar,448,126,51,1,626,0,1,9,1,11,448,127,60,2,637,0,0,0,637
04/21/2006,SAN,CA,AWP,WE,Towers with Radar,439,127,31,0,597,0,0,9,1,10,439,127,40,1,607,0,0,0,607
04/22/2006,SAN,CA,AWP,WE,Towers with Radar,372,111,22,1,506,0,1,9,1,11,372,112,31,2,517,0,0,0,517
04/23/2006,SAN,CA,AWP,WE,Towers with Radar,257,80,38,5,380,0,0,6,1,7,257,80,44,6,387,0,0,0,387
04/24/2006,SAN,CA,AWP,WE,Towers with Radar,423,125,41,0,589,0,1,8,1,10,423,126,49,1,599,0,0,0,599
04/25/2006,SAN,CA,AWP,WE,Towers with Radar,436,131,30,0,597,0,0,3,0,3,436,131,33,0,600,0,0,0,600
04/26/2006,SAN,CA,AWP,WE,Towers with Radar,432,138,51,0,621,0,2,17,17,36,432,140,68,17,657,0,0,0,657
04/27/2006,SAN,CA,AWP,WE,Towers with Radar,450,135,57,0,642,0,1,7,0,8,450,136,64,0,650,0,0,0,650
04/28/2006,SAN,CA,AWP,WE,Towers with Radar,443,128,46,1,618,0,1,9,1,11,443,129,55,2,629,0,0,0,629
04/29/2006,SAN,CA,AWP,WE,Towers with Radar,377,123,31,0,531,0,2,6,0,8,377,125,37,0,539,0,0,0,539
04/30/2006,SAN,CA,AWP,WE,Towers with Radar,417,125,30,0,572,0,0,7,1,8,417,125,37,1,580,27,4,31,611
05/01/2006,SAN,CA,AWP,WE,Towers with Radar,426,135,33,2,596,0,1,19,2,22,426,136,52,4,618,0,0,0,618
05/02/2006,SAN,CA,AWP,WE,Towers with Radar,427,132,32,8,599,0,0,4,1,5,427,132,36,9,604,0,0,0,604
05/03/2006,SAN,CA,AWP,WE,Towers with Radar,434,145,54,0,633,0,2,6,1,9,434,147,60,1,642,46,30,76,718
05/04/2006,SAN,CA,AWP,WE,Towers with Radar,441,150,35,0,626,0,0,8,3,11,441,150,43,3,637,0,0,0,637
05/05/2006,SAN,CA,AWP,WE,Towers with Radar,440,149,63,0,652,0,0,12,0,12,440,149,75,0,664,46,11,57,721
05/06/2006,SAN,CA,AWP,WE,Towers with Radar,378,129,19,0,526,0,2,4,0,6,378,131,23,0,532,0,0,0,532
05/07/2006,SAN,CA,AWP,WE,Towers with Radar,419,144,44,1,608,0,1,6,1,8,419,145,50,2,616,0,0,0,616
05/08/2006,SAN,CA,AWP,WE,Towers with Radar,429,144,40,1,614,0,1,4,2,7,429,145,44,3,621,0,0,0,621
05/09/2006,SAN,CA,AWP,WE,Towers with Radar,430,151,37,1,619,0,0,10,1,11,430,151,47,2,630,0,0,0,630
05/10/2006,SAN,CA,AWP,WE,Towers with Radar,462,155,40,0,657,0,0,9,0,9,462,155,49,0,666,0,0,0,666
05/11/2006,SAN,CA,AWP,WE,Towers with Radar,0,0,0,0,0,467,176,50,1,694,467,176,50,1,694,0,0,0,694
05/12/2006,SAN,CA,AWP,WE,Towers with Radar,447,142,44,4,637,0,0,8,0,8,447,142,52,4,645,0,0,0,645
05/13/2006,SAN,CA,AWP,WE,Towers with Radar,394,125,22,3,544,0,2,18,3,23,394,127,40,6,567,430,3,433,1000
05/14/2006,SAN,CA,AWP,WE,Towers with Radar,419,138,14,4,575,0,1,0,1,2,419,139,14,5,577,0,0,0,577
05/15/2006,SAN,CA,AWP,WE,Towers with Radar,430,150,47,0,627,0,0,7,1,8,430,150,54,1,635,0,0,0,635
05/16/2006,SAN,CA,AWP,WE,Towers with Radar,446,135,37,0,618,0,0,4,2,6,446,135,41,2,624,0,0,0,624
05/17/2006,SAN,CA,AWP,WE,Towers with Radar,453,145,36,0,634,0,0,4,0,4,453,145,40,0,638,0,0,0,638
05/18/2006,SAN,CA,AWP,WE,Towers with Radar,455,160,40,0,655,0,2,8,0,10,455,162,48,0,665,0,0,0,665
05/19/2006,SAN,CA,AWP,WE,Towers with Radar,445,147,42,0,634,0,0,4,2,6,445,147,46,2,640,0,0,0,640
05/20/2006,SAN,CA,AWP,WE,Towers with Radar,385,128,21,2,536,0,1,12,1,14,385,129,33,3,550,0,0,0,550
05/21/2006,SAN,CA,AWP,WE,Towers with Radar,426,132,30,1,589,0,1,9,2,12,426,133,39,3,601,0,0,0,601
05/22/2006,SAN,CA,AWP,WE,Towers with Radar,431,133,32,0,596,0,1,9,2,12,431,134,41,2,608,0,0,0,608
05/23/2006,SAN,CA,AWP,WE,Towers with Radar,438,139,30,1,608,0,0,9,2,11,438,139,39,3,619,0,0,0,619
05/24/2006,SAN,CA,AWP,WE,Towers with Radar,438,154,29,0,621,0,1,19,4,24,438,155,48,4,645,0,0,0,645
05/25/2006,SAN,CA,AWP,WE,Towers with Radar,456,150,49,0,655,0,1,9,0,10,456,151,58,0,665,0,0,0,665
05/26/2006,SAN,CA,AWP,WE,Towers with Radar,444,165,61,0,670,0,2,13,0,15,444,167,74,0,685,50,25,75,760
05/27/2006,SAN,CA,AWP,WE,Towers with Radar,385,123,16,3,527,0,1,11,2,14,385,124,27,5,541,0,0,0,541
05/28/2006,SAN,CA,AWP,WE,Towers with Radar,376,104,41,1,522,0,2,14,0,16,376,106,55,1,538,55,6,61,599
05/29/2006,SAN,CA,AWP,WE,Towers with Radar,404,144,42,1,591,0,2,14,1,17,404,146,56,2,608,0,0,0,608
05/30/2006,SAN,CA,AWP,WE,Towers with Radar,428,135,37,3,603,0,2,11,4,17,428,137,48,7,620,0,0,0,620
05/31/2006,SAN,CA,AWP,WE,Towers with Radar,456,139,34,1,630,0,0,15,3,18,456,139,49,4,648,0,0,0,648
06/01/2006,SAN,CA,AWP,WE,Towers with Radar,452,152,35,1,640,0,4,13,1,18,452,156,48,2,658,0,0,0,658
06/02/2006,SAN,CA,AWP,WE,Towers with Radar,445,151,33,1,630,0,3,23,2,28,445,154,56,3,658,45,24,69,727
06/03/2006,SAN,CA,AWP,WE,Towers with Radar,416,131,20,0,567,0,3,17,3,23,416,134,37,3,590,0,0,0,590
06/04/2006,SAN,CA,AWP,WE,Towers with Radar,489,140,39,0,668,0,0,10,1,11,489,140,49,1,679,0,0,0,679
06/05/2006,SAN,CA,AWP,WE,Towers with Radar,438,143,26,0,607,0,2,1,1,4,438,145,27,1,611,0,0,0,611
06/06/2006,SAN,CA,AWP,WE,Towers with Radar,452,138,43,0,633,0,1,0,0,1,452,139,43,0,634,0,0,0,634
06/07/2006,SAN,CA,AWP,WE,Towers with Radar,461,146,47,0,654,0,2,3,0,5,461,148,50,0,659,0,0,0,659
06/08/2006,SAN,CA,AWP,WE,Towers with Radar,479,139,30,0,648,0,0,7,0,7,479,139,37,0,655,0,0,0,655
06/09/2006,SAN,CA,AWP,WE,Towers with Radar,448,140,38,0,626,0,0,3,0,3,448,140,41,0,629,0,0,0,629
06/10/2006,SAN,CA,AWP,WE,Towers with Radar,395,133,23,0,551,0,1,4,1,6,395,134,27,1,557,37,10,47,604
06/11/2006,SAN,CA,AWP,WE,Towers with Radar,439,135,33,0,607,0,1,15,1,17,439,136,48,1,624,0,0,0,624
06/12/2006,SAN,CA,AWP,WE,Towers with Radar,436,151,30,0,617,0,2,15,1,18,436,153,45,1,635,0,0,0,635
06/13/2006,SAN,CA,AWP,WE,Towers with Radar,445,155,45,0,645,0,0,13,4,17,445,155,58,4,662,0,0,0,662
06/14/2006,SAN,CA,AWP,WE,Towers with Radar,459,148,52,0,659,0,1,12,7,20,459,149,64,7,679,0,0,0,679
06/15/2006,SAN,CA,AWP,WE,Towers with Radar,463,148,44,0,655,0,9,11,1,21,463,157,55,1,676,0,0,0,676
06/16/2006,SAN,CA,AWP,WE,Towers with Radar,459,151,54,2,666,0,4,17,0,21,459,155,71,2,687,77,41,118,805
06/17/2006,SAN,CA,AWP,WE,Towers with Radar,425,130,18,1,574,0,2,18,2,22,425,132,36,3,596,0,0,0,596
06/18/2006,SAN,CA,AWP,WE,Towers with Radar,425,135,40,1,601,0,1,13,2,16,425,136,53,3,617,0,0,0,617
06/19/2006,SAN,CA,AWP,WE,Towers with Radar,429,138,52,0,619,8,2,0,0,10,437,140,52,0,629,0,0,0,629
06/20/2006,SAN,CA,AWP,WE,Towers with Radar,458,154,37,1,650,0,0,7,1,8,458,154,44,2,658,0,0,0,658
06/21/2006,SAN,CA,AWP,WE,Towers with Radar,465,136,58,0,659,0,0,9,0,9,465,136,67,0,668,0,0,0,668
06/22/2006,SAN,CA,AWP,WE,Towers with Radar,463,144,36,1,644,0,2,9,2,13,463,146,45,3,657,0,0,0,657
06/23/2006,SAN,CA,AWP,WE,Towers with Radar,446,141,56,2,645,0,2,10,1,13,446,143,66,3,658,0,0,0,658
06/24/2006,SAN,CA,AWP,WE,Towers with Radar,425,135,35,2,597,0,2,7,0,9,425,137,42,2,606,40,23,63,669
06/25/2006,SAN,CA,AWP,WE,Towers with Radar,440,145,56,0,641,0,1,9,1,11,440,146,65,1,652,32,8,40,692
06/26/2006,SAN,CA,AWP,WE,Towers with Radar,439,149,40,0,628,0,3,9,1,13,439,152,49,1,641,0,0,0,641
06/27/2006,SAN,CA,AWP,WE,Towers with Radar,467,164,42,0,673,0,0,8,2,10,467,164,50,2,683,0,0,0,683
06/28/2006,SAN,CA,AWP,WE,Towers with Radar,457,156,37,1,651,0,0,5,3,8,457,156,42,4,659,38,20,58,717
06/29/2006,SAN,CA,AWP,WE,Towers with Radar,455,142,38,0,635,0,0,11,1,12,455,142,49,1,647,0,0,0,647
06/30/2006,SAN,CA,AWP,WE,Towers with Radar,458,154,53,6,671,0,2,0,3,5,458,156,53,9,676,0,0,0,676
07/01/2006,SAN,CA,AWP,WE,Towers with Radar,416,134,26,0,576,0,1,17,0,18,416,135,43,0,594,66,8,74,668
07/02/2006,SAN,CA,AWP,WE,Towers with Radar,459,130,37,0,626,0,1,11,2,14,459,131,48,2,640,0,0,0,640
07/03/2006,SAN,CA,AWP,WE,Towers with Radar,403,116,27,3,549,0,1,21,0,22,403,117,48,3,571,0,0,0,571
07/04/2006,SAN,CA,AWP,WE,Towers with Radar,409,116,15,2,542,0,0,16,4,20,409,116,31,6,562,0,0,0,562
07/05/2006,SAN,CA,AWP,WE,Towers with Radar,454,133,53,1,641,0,0,12,2,14,454,133,65,3,655,0,0,0,655
07/06/2006,SAN,CA,AWP,WE,Towers with Radar,461,143,47,1,652,0,0,0,2,2,461,143,47,3,654,0,0,0,654
07/07/2006,SAN,CA,AWP,WE,Towers with Radar,458,146,21,0,625,0,1,18,1,20,458,147,39,1,645,58,24,82,727
07/08/2006,SAN,CA,AWP,WE,Towers with Radar,416,135,24,2,577,0,1,9,1,11,416,136,33,3,588,0,0,0,588
07/09/2006,SAN,CA,AWP,WE,Towers with Radar,444,139,45,0,628,0,0,0,0,0,444,139,45,0,628,0,0,0,628
07/10/2006,SAN,CA,AWP,WE,Towers with Radar,445,142,17,0,604,0,1,8,1,10,445,143,25,1,614,0,0,0,614
07/11/2006,SAN,CA,AWP,WE,Towers with Radar,460,141,35,1,637,0,1,8,0,9,460,142,43,1,646,0,0,0,646
07/12/2006,SAN,CA,AWP,WE,Towers with Radar,456,130,49,0,635,0,1,35,0,36,456,131,84,0,671,0,0,0,671
07/13/2006,SAN,CA,AWP,WE,Towers with Radar,464,142,41,0,647,0,0,15,0,15,464,142,56,0,662,0,0,0,662
07/14/2006,SAN,CA,AWP,WE,Towers with Radar,459,138,53,0,650,0,0,15,2,17,459,138,68,2,667,0,0,0,667
07/15/2006,SAN,CA,AWP,WE,Towers with Radar,422,129,37,0,588,0,1,21,0,22,422,130,58,0,610,0,0,0,610
07/16/2006,SAN,CA,AWP,WE,Towers with Radar,439,125,62,2,628,0,0,10,1,11,439,125,72,3,639,0,0,0,639
07/17/2006,SAN,CA,AWP,WE,Towers with Radar,455,152,42,1,650,0,5,6,1,12,455,157,48,2,662,0,0,0,662
07/18/2006,SAN,CA,AWP,WE,Towers with Radar,446,143,36,0,625,0,1,19,0,20,446,144,55,0,645,0,0,0,645
07/19/2006,SAN,CA,AWP,WE,Towers with Radar,475,154,51,1,681,0,6,18,0,24,475,160,69,1,705,0,0,0,705
07/20/2006,SAN,CA,AWP,WE,Towers with Radar,457,148,69,0,674,0,4,13,1,18,457,152,82,1,692,0,0,0,692
07/21/2006,SAN,CA,AWP,WE,Towers with Radar,461,152,66,0,679,0,2,19,0,21,461,154,85,0,700,37,43,80,780
07/22/2006,SAN,CA,AWP,WE,Towers with Radar,419,133,43,1,596,0,2,22,1,25,419,135,65,2,621,0,0,0,621
07/23/2006,SAN,CA,AWP,WE,Towers with Radar,460,151,67,0,678,0,3,19,4,26,460,154,86,4,704,53,9,62,766
07/24/2006,SAN,CA,AWP,WE,Towers with Radar,463,153,53,2,671,0,1,9,2,12,463,154,62,4,683,0,0,0,683
07/25/2006,SAN,CA,AWP,WE,Towers with Radar,448,147,48,0,643,0,0,3,0,3,448,147,51,0,646,0,0,0,646
07/26/2006,SAN,CA,AWP,WE,Towers with Radar,479,164,49,0,692,0,0,9,2,11,479,164,58,2,703,37,13,50,753
07/27/2006,SAN,CA,AWP,WE,Towers with Radar,467,157,86,1,711,0,0,1,0,1,467,157,87,1,712,0,0,0,712
07/28/2006,SAN,CA,AWP,WE,Towers with Radar,457,151,68,1,677,0,0,2,0,2,457,151,70,1,679,0,0,0,679
07/29/2006,SAN,CA,AWP,WE,Towers with Radar,424,129,37,0,590,0,1,20,0,21,424,130,57,0,611,0,0,0,611
07/30/2006,SAN,CA,AWP,WE,Towers with Radar,469,156,72,0,697,0,1,15,1,17,469,157,87,1,714,0,0,0,714
07/31/2006,SAN,CA,AWP,WE,Towers with Radar,455,135,47,0,637,0,0,1,10,11,455,135,48,10,648,0,0,0,648
08/01/2006,SAN,CA,AWP,WE,Towers with Radar,462,138,41,0,641,0,1,9,0,10,462,139,50,0,651,0,0,0,651
08/02/2006,SAN,CA,AWP,WE,Towers with Radar,460,142,43,0,645,0,1,21,2,24,460,143,64,2,669,0,0,0,669
08/03/2006,SAN,CA,AWP,WE,Towers with Radar,477,167,78,2,724,0,0,0,0,0,477,167,78,2,724,0,0,0,724
08/04/2006,SAN,CA,AWP,WE,Towers with Radar,470,146,52,1,669,0,0,5,2,7,470,146,57,3,676,54,23,77,753
08/05/2006,SAN,CA,AWP,WE,Towers with Radar,419,133,21,0,573,0,3,21,0,24,419,136,42,0,597,39,8,47,644
08/06/2006,SAN,CA,AWP,WE,Towers with Radar,442,147,54,5,648,0,3,15,0,18,442,150,69,5,666,0,0,0,666
08/07/2006,SAN,CA,AWP,WE,Towers with Radar,448,129,23,1,601,0,0,1,2,3,448,129,24,3,604,0,0,0,604
08/08/2006,SAN,CA,AWP,WE,Towers with Radar,461,143,32,1,637,0,0,12,0,12,461,143,44,1,649,0,0,0,649
08/09/2006,SAN,CA,AWP,WE,Towers with Radar,460,143,32,1,636,0,0,5,2,7,460,143,37,3,643,0,0,0,643
08/10/2006,SAN,CA,AWP,WE,Towers with Radar,461,143,66,1,671,0,0,7,3,10,461,143,73,4,681,0,0,0,681
08/11/2006,SAN,CA,AWP,WE,Towers with Radar,466,157,57,1,681,0,0,14,0,14,466,157,71,1,695,0,0,0,695
08/12/2006,SAN,CA,AWP,WE,Towers with Radar,421,130,28,0,579,0,4,15,2,21,421,134,43,2,600,0,0,0,600
08/13/2006,SAN,CA,AWP,WE,Towers with Radar,438,143,45,0,626,0,0,12,2,14,438,143,57,2,640,0,0,0,640
08/14/2006,SAN,CA,AWP,WE,Towers with Radar,447,150,39,0,636,0,0,3,1,4,447,150,42,1,640,0,0,0,640
08/15/2006,SAN,CA,AWP,WE,Towers with Radar,455,152,38,0,645,0,0,9,1,10,455,152,47,1,655,0,0,0,655
08/16/2006,SAN,CA,AWP,WE,Towers with Radar,462,146,59,2,669,0,0,8,1,9,462,146,67,3,678,0,0,0,678
08/17/2006,SAN,CA,AWP,WE,Towers with Radar,472,156,52,2,682,0,0,3,0,3,472,156,55,2,685,0,0,0,685
08/18/2006,SAN,CA,AWP,WE,Towers with Radar,458,146,31,0,635,0,2,8,3,13,458,148,39,3,648,0,0,0,648
08/19/2006,SAN,CA,AWP,WE,Towers with Radar,418,128,21,3,570,0,1,16,0,17,418,129,37,3,587,47,11,58,645
08/20/2006,SAN,CA,AWP,WE,Towers with Radar,442,138,54,4,638,0,0,17,1,18,442,138,71,5,656,0,0,0,656
08/21/2006,SAN,CA,AWP,WE,Towers with Radar,449,147,47,3,646,0,30,18,2,50,449,177,65,5,696,0,0,0,696
08/22/2006,SAN,CA,AWP,WE,Towers with Radar,459,144,31,0,634,0,0,9,0,9,459,144,40,0,643,0,0,0,643
08/23/2006,SAN,CA,AWP,WE,Towers with Radar,456,152,38,0,646,0,0,3,1,4,456,152,41,1,650,0,0,0,650
08/24/2006,SAN,CA,AWP,WE,Towers with Radar,461,147,41,2,651,0,2,19,1,22,461,149,60,3,673,0,0,0,673
08/25/2006,SAN,CA,AWP,WE,Towers with Radar,455,156,31,1,643,0,0,26,0,26,455,156,57,1,669,38,16,54,723
08/26/2006,SAN,CA,AWP,WE,Towers with Radar,415,132,22,0,569,0,1,11,2,14,415,133,33,2,583,0,0,0,583
08/27/2006,SAN,CA,AWP,WE,Towers with Radar,431,141,39,0,611,0,0,21,1,22,431,141,60,1,633,33,15,48,681
08/28/2006,SAN,CA,AWP,WE,Towers with Radar,444,137,37,1,619,0,1,12,1,14,444,138,49,2,633,0,0,0,633
08/29/2006,SAN,CA,AWP,WE,Towers with Radar,467,153,41,0,661,0,2,10,0,12,467,155,51,0,673,0,0,0,673
08/30/2006,SAN,CA,AWP,WE,Towers with Radar,466,146,40,0,652,0,0,8,2,10,466,146,48,2,662,0,0,0,662
08/31/2006,SAN,CA,AWP,WE,Towers with Radar,469,152,41,2,664,0,0,11,3,14,469,152,52,5,678,0,0,0,678
09/01/2006,SAN,CA,AWP,WE,Towers with Radar,450,156,49,0,655,0,2,10,0,12,450,158,59,0,667,0,0,0,667
09/02/2006,SAN,CA,AWP,WE,Towers with Radar,420,132,24,1,577,0,1,10,3,14,420,133,34,4,591,0,0,0,591
09/03/2006,SAN,CA,AWP,WE,Towers with Radar,369,114,12,0,495,0,0,18,1,19,369,114,30,1,514,0,0,0,514
09/04/2006,SAN,CA,AWP,WE,Towers with Radar,430,137,47,4,618,0,3,13,4,20,430,140,60,8,638,0,0,0,638
09/05/2006,SAN,CA,AWP,WE,Towers with Radar,445,149,25,0,619,0,3,13,1,17,445,152,38,1,636,0,0,0,636
09/06/2006,SAN,CA,AWP,WE,Towers with Radar,435,132,34,0,601,0,3,12,1,16,435,135,46,1,617,37,37,74,691
09/07/2006,SAN,CA,AWP,WE,Towers with Radar,451,139,38,1,629,0,0,8,0,8,451,139,46,1,637,0,0,0,637
09/08/2006,SAN,CA,AWP,WE,Towers with Radar,450,146,39,1,636,0,0,21,2,23,450,146,60,3,659,78,70,148,807
09/09/2006,SAN,CA,AWP,WE,Towers with Radar,392,119,25,0,536,0,1,17,3,21,392,120,42,3,557,29,9,38,595
09/10/2006,SAN,CA,AWP,WE,Towers with Radar,418,117,39,0,574,0,0,16,3,19,418,117,55,3,593,0,0,0,593
09/11/2006,SAN,CA,AWP,WE,Towers with Radar,432,133,25,1,591,0,2,9,2,13,432,135,34,3,604,0,0,0,604
09/12/2006,SAN,CA,AWP,WE,Towers with Radar,442,132,31,2,607,0,1,7,1,9,442,133,38,3,616,0,0,0,616
09/13/2006,SAN,CA,AWP,WE,Towers with Radar,436,125,34,1,596,0,0,10,2,12,436,125,44,3,608,0,0,0,608
09/14/2006,SAN,CA,AWP,WE,Towers with Radar,452,131,38,4,625,0,0,0,3,3,452,131,38,7,628,0,0,0,628
09/15/2006,SAN,CA,AWP,WE,Towers with Radar,442,134,42,0,618,0,1,10,2,13,442,135,52,2,631,0,0,0,631
09/16/2006,SAN,CA,AWP,WE,Towers with Radar,390,117,25,2,534,0,2,12,0,14,390,119,37,2,548,90,7,97,645
09/17/2006,SAN,CA,AWP,WE,Towers with Radar,426,127,62,1,616,0,1,15,0,16,426,128,77,1,632,87,14,101,733
09/18/2006,SAN,CA,AWP,WE,Towers with Radar,431,139,36,1,607,0,1,12,1,14,431,140,48,2,621,0,0,0,621
09/19/2006,SAN,CA,AWP,WE,Towers with Radar,435,134,35,2,606,0,1,12,2,15,435,135,47,4,621,0,0,0,621
09/20/2006,SAN,CA,AWP,WE,Towers with Radar,442,132,52,2,628,2,3,15,3,23,444,135,67,5,651,64,55,119,770
09/21/2006,SAN,CA,AWP,WE,Towers with Radar,445,138,53,0,636,0,0,2,0,2,445,138,55,0,638,0,0,0,638
09/22/2006,SAN,CA,AWP,WE,Towers with Radar,439,134,56,0,629,0,0,15,0,15,439,134,71,0,644,0,0,0,644
09/23/2006,SAN,CA,AWP,WE,Towers with Radar,382,109,25,2,518,0,2,6,0,8,382,111,31,2,526,0,0,0,526
09/24/2006,SAN,CA,AWP,WE,Towers with Radar,430,128,29,2,589,0,3,27,2,32,430,131,56,4,621,0,0,0,621
09/25/2006,SAN,CA,AWP,WE,Towers with Radar,429,133,26,0,588,0,2,6,7,15,429,135,32,7,603,0,0,0,603
09/26/2006,SAN,CA,AWP,WE,Towers with Radar,441,143,36,5,625,0,0,5,1,6,441,143,41,6,631,0,0,0,631
09/27/2006,SAN,CA,AWP,WE,Towers with Radar,451,138,49,2,640,0,0,11,1,12,451,138,60,3,652,0,0,0,652
09/28/2006,SAN,CA,AWP,WE,Towers with Radar,466,134,40,0,640,0,0,9,1,10,466,134,49,1,650,0,0,0,650
09/29/2006,SAN,CA,AWP,WE,Towers with Radar,446,137,57,0,640,0,1,7,0,8,446,138,64,0,648,0,0,0,648
09/30/2006,SAN,CA,AWP,WE,Towers with Radar,392,120,26,3,541,0,2,7,2,11,392,122,33,5,552,0,0,0,552
10/01/2006,SAN,CA,AWP,WE,Towers with Radar,423,123,30,0,576,0,9,5,0,14,423,132,35,0,590,0,0,0,590
10/02/2006,SAN,CA,AWP,WE,Towers with Radar,431,123,32,1,587,0,0,6,2,8,431,123,38,3,595,0,0,0,595
10/03/2006,SAN,CA,AWP,WE,Towers with Radar,433,126,32,1,592,0,2,14,4,20,433,128,46,5,612,0,0,0,612
10/04/2006,SAN,CA,AWP,WE,Towers with Radar,447,129,32,3,611,0,1,15,8,24,447,130,47,11,635,47,36,83,718
10/05/2006,SAN,CA,AWP,WE,Towers with Radar,446,128,45,3,622,0,0,2,0,2,446,128,47,3,624,0,0,0,624
10/06/2006,SAN,CA,AWP,WE,Towers with Radar,446,129,40,0,615,0,1,7,1,9,446,130,47,1,624,0,0,0,624
10/07/2006,SAN,CA,AWP,WE,Towers with Radar,391,123,16,2,532,0,3,15,2,20,391,126,31,4,552,33,13,46,598
10/08/2006,SAN,CA,AWP,WE,Towers with Radar,435,136,45,3,619,0,2,11,1,14,435,138,56,4,633,0,0,0,633
10/09/2006,SAN,CA,AWP,WE,Towers with Radar,436,141,52,0,629,0,1,19,2,22,436,142,71,2,651,0,0,0,651
10/10/2006,SAN,CA,AWP,WE,Towers with Radar,433,147,33,1,614,0,0,8,1,9,433,147,41,2,623,0,0,0,623
10/11/2006,SAN,CA,AWP,WE,Towers with Radar,437,133,38,0,608,0,2,14,2,18,437,135,52,2,626,0,0,0,626
10/12/2006,SAN,CA,AWP,WE,Towers with Radar,446,130,33,1,610,0,0,14,2,16,446,130,47,3,626,0,0,0,626
10/13/2006,SAN,CA,AWP,WE,Towers with Radar,441,144,40,1,626,0,0,5,1,6,441,144,45,2,632,42,20,62,694
10/14/2006,SAN,CA,AWP,WE,Towers with Radar,390,114,16,2,522,0,1,1,0,2,390,115,17,2,524,0,0,0,524
10/15/2006,SAN,CA,AWP,WE,Towers with Radar,428,136,43,0,607,0,1,21,2,24,428,137,64,2,631,0,0,0,631
10/16/2006,SAN,CA,AWP,WE,Towers with Radar,425,140,44,0,609,0,0,35,33,68,425,140,79,33,677,0,0,0,677
10/17/2006,SAN,CA,AWP,WE,Towers with Radar,427,129,30,0,586,0,2,15,0,17,427,131,45,0,603,0,0,0,603
10/18/2006,SAN,CA,AWP,WE,Towers with Radar,442,137,48,0,627,0,2,17,3,22,442,139,65,3,649,90,112,202,851
10/19/2006,SAN,CA,AWP,WE,Towers with Radar,443,145,59,0,647,0,0,23,0,23,443,145,82,0,670,0,0,0,670
10/20/2006,SAN,CA,AWP,WE,Towers with Radar,446,142,80,0,668,0,0,3,16,19,446,142,83,16,687,0,0,0,687
10/21/2006,SAN,CA,AWP,WE,Towers with Radar,403,119,44,0,566,0,2,13,1,16,403,121,57,1,582,0,0,0,582
10/22/2006,SAN,CA,AWP,WE,Towers with Radar,433,127,72,0,632,0,0,29,2,31,433,127,101,2,663,0,0,0,663
10/23/2006,SAN,CA,AWP,WE,Towers with Radar,440,135,64,0,639,0,0,14,2,16,440,135,78,2,655,0,0,0,655
10/24/2006,SAN,CA,AWP,WE,Towers with Radar,439,127,52,0,618,0,2,15,5,22,439,129,67,5,640,0,0,0,640
10/25/2006,SAN,CA,AWP,WE,Towers with Radar,437,133,41,1,612,0,3,6,1,10,437,136,47,2,622,0,0,0,622
10/26/2006,SAN,CA,AWP,WE,Towers with Radar,445,144,57,1,647,0,0,3,0,3,445,144,60,1,650,0,0,0,650
10/27/2006,SAN,CA,AWP,WE,Towers with Radar,455,136,38,0,629,0,0,8,3,11,455,136,46,3,640,33,18,51,691
10/28/2006,SAN,CA,AWP,WE,Towers with Radar,385,115,20,1,521,0,1,9,3,13,385,116,29,4,534,0,0,0,534
10/29/2006,SAN,CA,AWP,WE,Towers with Radar,412,143,31,0,586,0,1,11,0,12,412,144,42,0,598,0,0,0,598
10/30/2006,SAN,CA,AWP,WE,Towers with Radar,422,141,26,4,593,0,0,0,0,0,422,141,26,4,593,27,58,85,678
10/31/2006,SAN,CA,AWP,WE,Towers with Radar,421,134,27,1,583,0,0,1,2,3,421,134,28,3,586,0,0,0,586
11/01/2006,SAN,CA,AWP,WE,Towers with Radar,430,140,37,1,608,0,0,14,1,15,430,140,51,2,623,0,0,0,623
11/02/2006,SAN,CA,AWP,WE,Towers with Radar,439,134,31,0,604,0,1,11,5,17,439,135,42,5,621,0,0,0,621
11/03/2006,SAN,CA,AWP,WE,Towers with Radar,444,133,36,3,616,0,0,3,2,5,444,133,39,5,621,0,0,0,621
11/04/2006,SAN,CA,AWP,WE,Towers with Radar,376,125,12,0,513,0,1,17,1,19,376,126,29,1,532,0,0,0,532
11/05/2006,SAN,CA,AWP,WE,Towers with Radar,409,139,39,0,587,0,0,18,1,19,409,139,57,1,606,0,0,0,606
11/06/2006,SAN,CA,AWP,WE,Towers with Radar,430,137,30,0,597,0,1,13,2,16,430,138,43,2,613,0,0,0,613
11/07/2006,SAN,CA,AWP,WE,Towers with Radar,433,117,30,0,580,0,1,34,1,36,433,118,64,1,616,0,0,0,616
11/08/2006,SAN,CA,AWP,WE,Towers with Radar,434,141,30,0,605,0,0,13,3,16,434,141,43,3,621,44,39,83,704
11/09/2006,SAN,CA,AWP,WE,Towers with Radar,444,137,44,2,627,0,0,2,0,2,444,137,46,2,629,0,0,0,629
11/10/2006,SAN,CA,AWP,WE,Towers with Radar,443,158,43,1,645,0,3,18,2,23,443,161,61,3,668,0,0,0,668
11/11/2006,SAN,CA,AWP,WE,Towers with Radar,373,115,40,1,529,0,1,8,2,11,373,116,48,3,540,27,17,44,584
11/12/2006,SAN,CA,AWP,WE,Towers with Radar,409,133,39,3,584,0,1,8,0,9,409,134,47,3,593,0,0,0,593
11/13/2006,SAN,CA,AWP,WE,Towers with Radar,430,127,24,0,581,0,0,21,2,23,430,127,45,2,604,0,0,0,604
11/14/2006,SAN,CA,AWP,WE,Towers with Radar,444,145,42,0,631,0,0,1,2,3,444,145,43,2,634,0,0,0,634
11/15/2006,SAN,CA,AWP,WE,Towers with Radar,443,137,48,0,628,0,1,14,4,19,443,138,62,4,647,0,0,0,647
11/16/2006,SAN,CA,AWP,WE,Towers with Radar,496,128,45,0,669,0,0,16,2,18,496,128,61,2,687,0,0,0,687
11/17/2006,SAN,CA,AWP,WE,Towers with Radar,463,140,46,1,650,0,3,17,2,22,463,143,63,3,672,47,23,70,742
11/18/2006,SAN,CA,AWP,WE,Towers with Radar,381,110,15,3,509,0,6,18,1,25,381,116,33,4,534,0,0,0,534
11/19/2006,SAN,CA,AWP,WE,Towers with Radar,328,102,31,1,462,0,1,20,2,23,328,103,51,3,485,0,0,0,485
11/20/2006,SAN,CA,AWP,WE,Towers with Radar,428,128,37,0,593,0,0,30,1,31,428,128,67,1,624,0,0,0,624
11/21/2006,SAN,CA,AWP,WE,Towers with Radar,470,133,32,0,635,0,1,9,4,14,470,134,41,4,649,0,0,0,649
11/22/2006,SAN,CA,AWP,WE,Towers with Radar,453,131,38,0,622,0,3,8,1,12,453,134,46,1,634,0,0,0,634
11/23/2006,SAN,CA,AWP,WE,Towers with Radar,345,99,15,1,460,0,0,5,1,6,345,99,20,2,466,0,0,0,466
11/24/2006,SAN,CA,AWP,WE,Towers with Radar,409,93,25,0,527,0,1,10,1,12,409,94,35,1,539,0,0,0,539
11/25/2006,SAN,CA,AWP,WE,Towers with Radar,384,117,35,1,537,0,2,11,0,13,384,119,46,1,550,0,0,0,550
11/26/2006,SAN,CA,AWP,WE,Towers with Radar,429,130,52,1,612,0,0,18,1,19,429,130,70,2,631,0,0,0,631
11/27/2006,SAN,CA,AWP,WE,Towers with Radar,437,134,40,1,612,0,0,8,2,10,437,134,48,3,622,0,0,0,622
11/28/2006,SAN,CA,AWP,WE,Towers with Radar,437,130,25,0,592,0,0,10,3,13,437,130,35,3,605,0,0,0,605
11/29/2006,SAN,CA,AWP,WE,Towers with Radar,430,141,43,0,614,0,1,18,4,23,430,142,61,4,637,0,0,0,637
11/30/2006,SAN,CA,AWP,WE,Towers with Radar,429,138,23,0,590,0,0,8,4,12,429,138,31,4,602,0,0,0,602
12/01/2006,SAN,CA,AWP,WE,Towers with Radar,414,140,27,0,581,0,1,14,3,18,414,141,41,3,599,55,34,89,688
12/02/2006,SAN,CA,AWP,WE,Towers with Radar,393,112,24,1,530,0,2,13,2,17,393,114,37,3,547,0,0,0,547
12/03/2006,SAN,CA,AWP,WE,Towers with Radar,412,122,18,0,552,0,0,5,1,6,412,122,23,1,558,0,0,0,558
12/04/2006,SAN,CA,AWP,WE,Towers with Radar,422,140,21,3,586,0,1,22,4,27,422,141,43,7,613,0,0,0,613
12/05/2006,SAN,CA,AWP,WE,Towers with Radar,432,122,30,1,585,0,1,11,3,15,432,123,41,4,600,0,0,0,600
12/06/2006,SAN,CA,AWP,WE,Towers with Radar,437,133,33,2,605,0,2,7,5,14,437,135,40,7,619,0,0,0,619
12/07/2006,SAN,CA,AWP,WE,Towers with Radar,442,142,37,0,621,2,0,12,6,20,444,142,49,6,641,0,0,0,641
12/08/2006,SAN,CA,AWP,WE,Towers with Radar,480,132,29,0,641,0,1,5,0,6,480,133,34,0,647,0,0,0,647
12/09/2006,SAN,CA,AWP,WE,Towers with Radar,379,118,21,1,519,0,4,14,2,20,379,122,35,3,539,0,0,0,539
12/10/2006,SAN,CA,AWP,WE,Towers with Radar,406,140,39,1,586,0,0,5,2,7,406,140,44,3,593,0,0,0,593
12/11/2006,SAN,CA,AWP,WE,Towers with Radar,424,130,40,0,594,0,0,6,0,6,424,130,46,0,600,0,0,0,600
12/12/2006,SAN,CA,AWP,WE,Towers with Radar,424,134,33,0,591,0,2,9,1,12,424,136,42,1,603,0,0,0,603
12/13/2006,SAN,CA,AWP,WE,Towers with Radar,433,135,34,0,602,0,0,12,0,12,433,135,46,0,614,46,68,114,728
12/14/2006,SAN,CA,AWP,WE,Towers with Radar,441,149,38,3,631,0,0,1,0,1,441,149,39,3,632,0,0,0,632
12/15/2006,SAN,CA,AWP,WE,Towers with Radar,452,132,36,0,620,0,1,3,0,4,452,133,39,0,624,0,0,0,624
12/16/2006,SAN,CA,AWP,WE,Towers with Radar,386,118,11,2,517,0,1,3,0,4,386,119,14,2,521,0,0,0,521
12/17/2006,SAN,CA,AWP,WE,Towers with Radar,419,135,29,0,583,0,0,12,1,13,419,135,41,1,596,0,0,0,596
12/18/2006,SAN,CA,AWP,WE,Towers with Radar,431,127,35,0,593,0,0,10,0,10,431,127,45,0,603,0,0,0,603
12/19/2006,SAN,CA,AWP,WE,Towers with Radar,440,135,38,0,613,0,1,11,1,13,440,136,49,1,626,0,0,0,626
12/20/2006,SAN,CA,AWP,WE,Towers with Radar,427,129,29,0,585,0,1,12,0,13,427,130,41,0,598,0,0,0,598
12/21/2006,SAN,CA,AWP,WE,Towers with Radar,418,140,38,0,596,0,2,17,1,20,418,142,55,1,616,0,0,0,616
12/22/2006,SAN,CA,AWP,WE,Towers with Radar,429,140,42,0,611,0,1,5,1,7,429,141,47,1,618,0,0,0,618
12/23/2006,SAN,CA,AWP,WE,Towers with Radar,392,132,22,0,546,0,8,7,1,16,392,140,29,1,562,0,0,0,562
12/24/2006,SAN,CA,AWP,WE,Towers with Radar,370,106,8,0,484,0,0,9,1,10,370,106,17,1,494,0,0,0,494
12/25/2006,SAN,CA,AWP,WE,Towers with Radar,373,112,6,0,491,0,0,2,3,5,373,112,8,3,496,0,0,0,496
12/26/2006,SAN,CA,AWP,WE,Towers with Radar,435,136,30,0,601,0,1,8,0,9,435,137,38,0,610,0,0,0,610
12/27/2006,SAN,CA,AWP,WE,Towers with Radar,458,149,31,0,638,0,3,11,0,14,458,152,42,0,652,0,0,0,652
12/28/2006,SAN,CA,AWP,WE,Towers with Radar,451,153,18,0,622,0,0,10,5,15,451,153,28,5,637,0,0,0,637
12/29/2006,SAN,CA,AWP,WE,Towers with Radar,440,135,41,4,620,0,3,14,2,19,440,138,55,6,639,0,0,0,639
12/30/2006,SAN,CA,AWP,WE,Towers with Radar,400,117,23,0,540,0,3,17,4,24,400,120,40,4,564,0,0,0,564
12/31/2006,SAN,CA,AWP,WE,Towers with Radar,357,116,22,0,495,0,1,10,1,12,357,117,32,1,507,0,0,0,507
01/01/2007,SAN,CA,AWP,WE,Towers with Radar,409,129,28,1,567,0,1,7,2,10,409,130,35,3,577,0,0,0,577
01/02/2007,SAN,CA,AWP,WE,Towers with Radar,445,136,29,0,610,0,1,10,2,13,445,137,39,2,623,0,0,0,623
01/03/2007,SAN,CA,AWP,WE,Towers with Radar,438,150,37,2,627,0,3,13,3,19,438,153,50,5,646,53,17,70,716
01/04/2007,SAN,CA,AWP,WE,Towers with Radar,465,121,25,0,611,0,0,3,0,3,465,121,28,0,614,0,0,0,614
01/05/2007,SAN,CA,AWP,WE,Towers with Radar,433,136,21,0,590,0,3,12,4,19,433,139,33,4,609,23,16,39,648
01/06/2007,SAN,CA,AWP,WE,Towers with Radar,374,128,25,2,529,0,1,15,2,18,374,129,40,4,547,0,0,0,547
01/07/2007,SAN,CA,AWP,WE,Towers with Radar,407,118,22,0,547,0,1,14,1,16,407,119,36,1,563,0,0,0,563
01/08/2007,SAN,CA,AWP,WE,Towers with Radar,428,129,25,0,582,0,0,9,0,9,428,129,34,0,591,0,0,0,591
01/09/2007,SAN,CA,AWP,WE,Towers with Radar,423,134,41,0,598,0,0,12,1,13,423,134,53,1,611,0,0,0,611
01/10/2007,SAN,CA,AWP,WE,Towers with Radar,427,138,42,2,609,0,0,8,3,11,427,138,50,5,620,0,0,0,620
01/11/2007,SAN,CA,AWP,WE,Towers with Radar,426,137,46,0,609,0,0,0,0,0,426,137,46,0,609,32,34,66,675
01/12/2007,SAN,CA,AWP,WE,Towers with Radar,419,137,36,0,592,0,4,7,1,12,419,141,43,1,604,0,0,0,604
01/13/2007,SAN,CA,AWP,WE,Towers with Radar,355,117,35,2,509,0,0,15,1,16,355,117,50,3,525,25,3,28,553
01/14/2007,SAN,CA,AWP,WE,Towers with Radar,381,133,47,0,561,0,0,8,1,9,381,133,55,1,570,0,0,0,570
01/15/2007,SAN,CA,AWP,WE,Towers with Radar,412,138,38,0,588,0,5,11,3,19,412,143,49,3,607,0,0,0,607
01/16/2007,SAN,CA,AWP,WE,Towers with Radar,417,139,20,1,577,0,3,8,2,13,417,142,28,3,590,0,0,0,590
01/17/2007,SAN,CA,AWP,WE,Towers with Radar,414,133,29,1,577,0,0,12,1,13,414,133,41,2,590,2,0,2,592
01/18/2007,SAN,CA,AWP,WE,Towers with Radar,427,141,52,3,623,0,0,2,1,3,427,141,54,4,626,0,0,0,626
01/19/2007,SAN,CA,AWP,WE,Towers with Radar,420,134,44,4,602,0,0,5,7,12,420,134,49,11,614,0,0,0,614
01/20/2007,SAN,CA,AWP,WE,Towers with Radar,355,116,18,0,489,0,1,15,1,17,355,117,33,1,506,0,0,0,506
01/21/2007,SAN,CA,AWP,WE,Towers with Radar,386,126,29,0,541,0,0,11,2,13,386,126,40,2,554,0,0,0,554
01/22/2007,SAN,CA,AWP,WE,Towers with Radar,427,134,27,0,588,0,2,12,3,17,427,136,39,3,605,0,0,0,605
01/23/2007,SAN,CA,AWP,WE,Towers with Radar,417,127,21,0,565,0,0,11,1,12,417,127,32,1,577,0,0,0,577
01/24/2007,SAN,CA,AWP,WE,Towers with Radar,431,137,43,0,611,0,2,9,2,13,431,139,52,2,624,0,0,0,624
01/25/2007,SAN,CA,AWP,WE,Towers with Radar,430,140,59,2,631,0,0,0,0,0,430,140,59,2,631,0,0,0,631
01/26/2007,SAN,CA,AWP,WE,Towers with Radar,424,143,52,2,621,0,0,13,2,15,424,143,65,4,636,0,0,0,636
01/27/2007,SAN,CA,AWP,WE,Towers with Radar,361,127,15,2,505,0,0,5,5,10,361,127,20,7,515,0,0,0,515
01/28/2007,SAN,CA,AWP,WE,Towers with Radar,400,127,31,5,563,0,1,9,5,15,400,128,40,10,578,0,0,0,578
01/29/2007,SAN,CA,AWP,WE,Towers with Radar,417,130,39,1,587,0,3,14,1,18,417,133,53,2,605,0,0,0,605
01/30/2007,SAN,CA,AWP,WE,Towers with Radar,421,159,35,2,617,0,2,6,0,8,421,161,41,2,625,13,18,31,656
01/31/2007,SAN,CA,AWP,WE,Towers with Radar,423,131,24,2,580,0,2,7,2,11,423,133,31,4,591,0,0,0,591
02/01/2007,SAN,CA,AWP,WE,Towers with Radar,426,131,32,0,589,0,1,17,1,19,426,132,49,1,608,44,51,95,703
02/02/2007,SAN,CA,AWP,WE,Towers with Radar,125,139,24,0,288,300,3,10,1,314,425,142,34,1,602,0,0,0,602
02/03/2007,SAN,CA,AWP,WE,Towers with Radar,359,122,22,0,503,0,1,20,1,22,359,123,42,1,525,39,4,43,568
02/04/2007,SAN,CA,AWP,WE,Towers with Radar,396,123,23,0,542,0,0,11,5,16,396,123,34,5,558,0,0,0,558
02/05/2007,SAN,CA,AWP,WE,Towers with Radar,415,137,43,0,595,0,1,11,1,13,415,138,54,1,608,0,0,0,608
02/06/2007,SAN,CA,AWP,WE,Towers with Radar,473,152,48,0,673,0,2,15,1,18,473,154,63,1,691,0,0,0,691
02/07/2007,SAN,CA,AWP,WE,Towers with Radar,428,129,33,1,591,0,2,5,2,9,428,131,38,3,600,0,0,0,600
02/08/2007,SAN,CA,AWP,WE,Towers with Radar,429,139,40,0,608,0,2,9,0,11,429,141,49,0,619,41,49,90,709
02/09/2007,SAN,CA,AWP,WE,Towers with Radar,423,134,39,0,596,0,5,8,2,15,423,139,47,2,611,0,0,0,611
02/10/2007,SAN,CA,AWP,WE,Towers with Radar,359,120,32,0,511,0,3,2,2,7,359,123,34,2,518,0,0,0,518
02/11/2007,SAN,CA,AWP,WE,Towers with Radar,413,135,46,0,594,0,0,2,0,2,413,135,48,0,596,0,0,0,596
02/12/2007,SAN,CA,AWP,WE,Towers with Radar,425,138,30,0,593,0,1,6,0,7,425,139,36,0,600,0,0,0,600
02/13/2007,SAN,CA,AWP,WE,Towers with Radar,406,138,48,0,592,0,1,10,2,13,406,139,58,2,605,0,0,0,605
02/14/2007,SAN,CA,AWP,WE,Towers with Radar,411,143,43,0,597,0,2,31,2,35,411,145,74,2,632,0,0,0,632
02/15/2007,SAN,CA,AWP,WE,Towers with Radar,429,154,71,0,654,0,0,8,2,10,429,154,79,2,664,0,0,0,664
02/16/2007,SAN,CA,AWP,WE,Towers with Radar,426,145,46,0,617,0,0,19,0,19,426,145,65,0,636,0,0,0,636
02/17/2007,SAN,CA,AWP,WE,Towers with Radar,372,130,40,0,542,0,1,21,1,23,372,131,61,1,565,0,0,0,565
02/18/2007,SAN,CA,AWP,WE,Towers with Radar,411,130,34,0,575,0,0,8,8,16,411,130,42,8,591,0,0,0,591
02/19/2007,SAN,CA,AWP,WE,Towers with Radar,441,140,49,0,630,0,0,4,0,4,441,140,53,0,634,0,0,0,634
02/20/2007,SAN,CA,AWP,WE,Towers with Radar,437,134,49,2,622,0,0,7,5,12,437,134,56,7,634,11,0,11,645
02/21/2007,SAN,CA,AWP,WE,Towers with Radar,434,147,37,2,620,0,0,14,5,19,434,147,51,7,639,0,0,0,639
02/22/2007,SAN,CA,AWP,WE,Towers with Radar,432,131,35,2,600,0,0,10,5,15,432,131,45,7,615,39,33,72,687
02/23/2007,SAN,CA,AWP,WE,Towers with Radar,0,0,0,0,0,433,132,39,5,609,433,132,39,5,609,0,0,0,609
02/24/2007,SAN,CA,AWP,WE,Towers with Radar,0,0,0,0,0,309,115,25,3,452,309,115,25,3,452,55,11,66,518
02/25/2007,SAN,CA,AWP,WE,Towers with Radar,0,0,0,0,0,386,135,40,0,561,386,135,40,0,561,0,0,0,561
02/26/2007,SAN,CA,AWP,WE,Towers with Radar,421,135,36,2,594,0,0,5,1,6,421,135,41,3,600,0,0,0,600
02/27/2007,SAN,CA,AWP,WE,Towers with Radar,421,148,24,0,593,0,3,2,1,6,421,151,26,1,599,0,0,0,599
02/28/2007,SAN,CA,AWP,WE,Towers with Radar,428,155,42,0,625,0,1,7,4,12,428,156,49,4,637,0,0,0,637
03/01/2007,SAN,CA,AWP,WE,Towers with Radar,431,141,64,5,641,0,0,5,0,5,431,141,69,5,646,0,0,0,646
03/02/2007,SAN,CA,AWP,WE,Towers with Radar,431,137,35,0,603,0,1,18,3,22,431,138,53,3,625,0,0,0,625
03/03/2007,SAN,CA,AWP,WE,Towers with Radar,375,123,25,0,523,0,2,12,1,15,375,125,37,1,538,0,0,0,538
03/04/2007,SAN,CA,AWP,WE,Towers with Radar,418,131,31,0,580,0,1,14,0,15,418,132,45,0,595,0,0,0,595
03/05/2007,SAN,CA,AWP,WE,Towers with Radar,426,128,41,1,596,0,0,15,3,18,426,128,56,4,614,0,0,0,614
03/06/2007,SAN,CA,AWP,WE,Towers with Radar,424,141,16,0,581,0,3,9,1,13,424,144,25,1,594,38,63,101,695
03/07/2007,SAN,CA,AWP,WE,Towers with Radar,432,136,36,0,604,0,2,12,0,14,432,138,48,0,618,0,0,0,618
03/08/2007,SAN,CA,AWP,WE,Towers with Radar,437,142,34,0,613,0,0,13,1,14,437,142,47,1,627,31,44,75,702
03/09/2007,SAN,CA,AWP,WE,Towers with Radar,432,148,51,0,631,0,0,12,2,14,432,148,63,2,645,0,0,0,645
03/10/2007,SAN,CA,AWP,WE,Towers with Radar,382,122,21,3,528,0,1,16,4,21,382,123,37,7,549,0,0,0,549
03/11/2007,SAN,CA,AWP,WE,Towers with Radar,418,135,44,1,598,0,0,9,1,10,418,135,53,2,608,0,0,0,608
03/12/2007,SAN,CA,AWP,WE,Towers with Radar,419,132,34,0,585,0,1,22,4,27,419,133,56,4,612,0,0,0,612
03/13/2007,SAN,CA,AWP,WE,Towers with Radar,437,116,38,4,595,0,1,15,0,16,437,117,53,4,611,0,0,0,611
03/14/2007,SAN,CA,AWP,WE,Towers with Radar,439,144,47,0,630,0,1,6,3,10,439,145,53,3,640,0,0,0,640
03/15/2007,SAN,CA,AWP,WE,Towers with Radar,441,142,42,4,629,0,0,2,1,3,441,142,44,5,632,0,0,0,632
03/16/2007,SAN,CA,AWP,WE,Towers with Radar,425,151,34,1,611,0,2,7,2,11,425,153,41,3,622,0,0,0,622
03/17/2007,SAN,CA,AWP,WE,Towers with Radar,397,139,27,2,565,0,1,2,1,4,397,140,29,3,569,0,0,0,569
03/18/2007,SAN,CA,AWP,WE,Towers with Radar,416,123,57,0,596,0,1,2,4,7,416,124,59,4,603,0,0,0,603
03/19/2007,SAN,CA,AWP,WE,Towers with Radar,440,143,31,2,616,0,0,3,1,4,440,143,34,3,620,0,0,0,620
03/20/2007,SAN,CA,AWP,WE,Towers with Radar,442,136,33,2,613,0,0,3,1,4,442,136,36,3,617,0,0,0,617
03/21/2007,SAN,CA,AWP,WE,Towers with Radar,438,139,34,1,612,0,1,2,3,6,438,140,36,4,618,0,0,0,618
03/22/2007,SAN,CA,AWP,WE,Towers with Radar,453,137,46,5,641,0,0,1,0,1,453,137,47,5,642,0,0,0,642
03/23/2007,SAN,CA,AWP,WE,Towers with Radar,422,126,36,1,585,0,0,8,0,8,422,126,44,1,593,0,0,0,593
03/24/2007,SAN,CA,AWP,WE,Towers with Radar,419,100,27,3,549,0,5,6,1,12,419,105,33,4,561,0,0,0,561
03/25/2007,SAN,CA,AWP,WE,Towers with Radar,411,123,30,1,565,0,0,6,0,6,411,123,36,1,571,0,0,0,571
03/26/2007,SAN,CA,AWP,WE,Towers with Radar,432,144,28,1,605,0,1,6,3,10,432,145,34,4,615,0,0,0,615
03/27/2007,SAN,CA,AWP,WE,Towers with Radar,387,134,22,2,545,0,0,2,2,4,387,134,24,4,549,0,0,0,549
03/28/2007,SAN,CA,AWP,WE,Towers with Radar,436,141,42,0,619,0,0,5,1,6,436,141,47,1,625,0,0,0,625
03/29/2007,SAN,CA,AWP,WE,Towers with Radar,434,140,27,1,602,0,1,20,1,22,434,141,47,2,624,97,91,188,812
03/30/2007,SAN,CA,AWP,WE,Towers with Radar,442,141,48,0,631,0,0,24,3,27,442,141,72,3,658,0,0,0,658
03/31/2007,SAN,CA,AWP,WE,Towers with Radar,395,114,29,0,538,0,1,18,5,24,395,115,47,5,562,0,0,0,562
04/01/2007,SAN,CA,AWP,WE,Towers with Radar,433,128,31,1,593,0,0,12,2,14,433,128,43,3,607,0,0,0,607
04/02/2007,SAN,CA,AWP,WE,Towers with Radar,439,118,32,0,589,0,2,20,3,25,439,120,52,3,614,0,0,0,614
04/03/2007,SAN,CA,AWP,WE,Towers with Radar,443,117,20,1,581,0,1,12,1,14,443,118,32,2,595,0,0,0,595
04/04/2007,SAN,CA,AWP,WE,Towers with Radar,451,123,23,2,599,0,1,4,3,8,451,124,27,5,607,0,0,0,607
04/05/2007,SAN,CA,AWP,WE,Towers with Radar,449,121,48,1,619,1,1,0,0,2,450,122,48,1,621,0,0,0,621
04/06/2007,SAN,CA,AWP,WE,Towers with Radar,444,126,37,0,607,0,0,11,1,12,444,126,48,1,619,0,0,0,619
04/07/2007,SAN,CA,AWP,WE,Towers with Radar,390,103,14,1,508,0,2,7,1,10,390,105,21,2,518,0,0,0,518
04/08/2007,SAN,CA,AWP,WE,Towers with Radar,431,119,38,2,590,0,0,8,0,8,431,119,46,2,598,0,0,0,598
04/09/2007,SAN,CA,AWP,WE,Towers with Radar,434,124,38,1,597,0,1,9,3,13,434,125,47,4,610,0,0,0,610
04/10/2007,SAN,CA,AWP,WE,Towers with Radar,434,128,31,0,593,0,0,10,0,10,434,128,41,0,603,0,0,0,603
04/11/2007,SAN,CA,AWP,WE,Towers with Radar,434,128,25,0,587,1,0,0,0,1,435,128,25,0,588,0,0,0,588
04/12/2007,SAN,CA,AWP,WE,Towers with Radar,439,127,34,0,600,0,1,6,0,7,439,128,40,0,607,0,0,0,607
04/13/2007,SAN,CA,AWP,WE,Towers with Radar,444,128,29,0,601,0,1,19,1,21,444,129,48,1,622,0,0,0,622
04/14/2007,SAN,CA,AWP,WE,Towers with Radar,399,105,16,0,520,0,2,11,0,13,399,107,27,0,533,0,0,0,533
04/15/2007,SAN,CA,AWP,WE,Towers with Radar,418,119,35,0,572,0,0,3,0,3,418,119,38,0,575,0,0,0,575
04/16/2007,SAN,CA,AWP,WE,Towers with Radar,429,120,34,1,584,0,0,7,2,9,429,120,41,3,593,0,0,0,593
04/17/2007,SAN,CA,AWP,WE,Towers with Radar,450,122,28,0,600,0,3,8,3,14,450,125,36,3,614,0,0,0,614
04/18/2007,SAN,CA,AWP,WE,Towers with Radar,442,138,36,0,616,0,0,10,2,12,442,138,46,2,628,0,0,0,628
04/19/2007,SAN,CA,AWP,WE,Towers with Radar,443,147,70,3,663,0,0,0,0,0,443,147,70,3,663,0,0,0,663
04/20/2007,SAN,CA,AWP,WE,Towers with Radar,446,132,39,4,621,0,0,6,2,8,446,132,45,6,629,0,0,0,629
04/21/2007,SAN,CA,AWP,WE,Towers with Radar,393,110,34,1,538,0,1,9,2,12,393,111,43,3,550,0,0,0,550
04/22/2007,SAN,CA,AWP,WE,Towers with Radar,420,120,27,0,567,0,2,7,1,10,420,122,34,1,577,0,0,0,577
04/23/2007,SAN,CA,AWP,WE,Towers with Radar,432,132,27,0,591,0,0,24,1,25,432,132,51,1,616,0,0,0,616
04/24/2007,SAN,CA,AWP,WE,Towers with Radar,422,118,36,10,586,0,1,15,10,26,422,119,51,20,612,0,0,0,612
04/25/2007,SAN,CA,AWP,WE,Towers with Radar,432,125,22,1,580,0,1,17,4,22,432,126,39,5,602,0,0,0,602
04/26/2007,SAN,CA,AWP,WE,Towers with Radar,443,133,46,2,624,0,0,4,2,6,443,133,50,4,630,0,0,0,630
04/27/2007,SAN,CA,AWP,WE,Towers with Radar,435,121,28,2,586,0,1,9,3,13,435,122,37,5,599,0,0,0,599
04/28/2007,SAN,CA,AWP,WE,Towers with Radar,385,104,29,0,518,0,1,6,0,7,385,105,35,0,525,0,0,0,525
04/29/2007,SAN,CA,AWP,WE,Towers with Radar,385,104,29,1,519,0,1,9,0,10,385,105,38,1,529,0,0,0,529
04/30/2007,SAN,CA,AWP,WE,Towers with Radar,427,127,47,2,603,0,1,5,1,7,427,128,52,3,610,0,0,0,610
05/01/2007,SAN,CA,AWP,WE,Towers with Radar,442,123,32,1,598,0,2,8,3,13,442,125,40,4,611,0,0,0,611
05/02/2007,SAN,CA,AWP,WE,Towers with Radar,439,123,39,0,601,0,2,12,2,16,439,125,51,2,617,0,0,0,617
05/03/2007,SAN,CA,AWP,WE,Towers with Radar,456,122,44,0,622,0,2,11,2,15,456,124,55,2,637,0,0,0,637
05/04/2007,SAN,CA,AWP,WE,Towers with Radar,454,122,53,1,630,0,2,13,0,15,454,124,66,1,645,0,0,0,645
05/05/2007,SAN,CA,AWP,WE,Towers with Radar,394,102,15,0,511,0,2,8,1,11,394,104,23,1,522,0,0,0,522
05/06/2007,SAN,CA,AWP,WE,Towers with Radar,423,123,39,0,585,0,2,20,4,26,423,125,59,4,611,0,0,0,611
05/07/2007,SAN,CA,AWP,WE,Towers with Radar,436,125,32,1,594,0,0,11,5,16,436,125,43,6,610,0,0,0,610
05/08/2007,SAN,CA,AWP,WE,Towers with Radar,433,130,15,1,579,0,0,8,3,11,433,130,23,4,590,0,0,0,590
05/09/2007,SAN,CA,AWP,WE,Towers with Radar,435,136,32,0,603,0,2,10,3,15,435,138,42,3,618,57,54,111,729
05/10/2007,SAN,CA,AWP,WE,Towers with Radar,461,134,64,0,659,0,0,0,0,0,461,134,64,0,659,0,0,0,659
05/11/2007,SAN,CA,AWP,WE,Towers with Radar,449,132,51,6,638,0,0,2,0,2,449,132,53,6,640,0,0,0,640
05/12/2007,SAN,CA,AWP,WE,Towers with Radar,394,105,36,0,535,0,1,8,7,16,394,106,44,7,551,0,0,0,551
05/13/2007,SAN,CA,AWP,WE,Towers with Radar,423,113,23,0,559,0,0,11,0,11,423,113,34,0,570,0,0,0,570
05/14/2007,SAN,CA,AWP,WE,Towers with Radar,436,137,37,1,611,0,1,10,4,15,436,138,47,5,626,0,0,0,626
05/15/2007,SAN,CA,AWP,WE,Towers with Radar,369,133,32,0,534,0,1,1,0,2,369,134,33,0,536,0,0,0,536
05/16/2007,SAN,CA,AWP,WE,Towers with Radar,439,152,41,0,632,0,1,4,3,8,439,153,45,3,640,0,0,0,640
05/17/2007,SAN,CA,AWP,WE,Towers with Radar,455,143,42,0,640,0,0,5,2,7,455,143,47,2,647,40,44,84,731
05/18/2007,SAN,CA,AWP,WE,Towers with Radar,451,162,56,2,671,0,0,11,1,12,451,162,67,3,683,0,0,0,683
05/19/2007,SAN,CA,AWP,WE,Towers with Radar,392,132,29,1,554,0,3,6,1,10,392,135,35,2,564,0,0,0,564
05/20/2007,SAN,CA,AWP,WE,Towers with Radar,424,146,30,1,601,0,1,5,1,7,424,147,35,2,608,0,0,0,608
05/21/2007,SAN,CA,AWP,WE,Towers with Radar,435,168,35,0,638,0,0,5,3,8,435,168,40,3,646,0,0,0,646
05/22/2007,SAN,CA,AWP,WE,Towers with Radar,441,163,39,2,645,0,1,4,0,5,441,164,43,2,650,0,0,0,650
05/23/2007,SAN,CA,AWP,WE,Towers with Radar,447,148,42,0,637,0,1,7,4,12,447,149,49,4,649,50,38,88,737
05/24/2007,SAN,CA,AWP,WE,Towers with Radar,451,161,60,0,672,0,0,0,0,0,451,161,60,0,672,0,0,0,672
05/25/2007,SAN,CA,AWP,WE,Towers with Radar,450,160,62,2,674,0,1,12,4,17,450,161,74,6,691,0,0,0,691
05/26/2007,SAN,CA,AWP,WE,Towers with Radar,395,137,18,0,550,0,1,1,3,5,395,138,19,3,555,0,0,0,555
05/27/2007,SAN,CA,AWP,WE,Towers with Radar,356,115,31,2,504,0,1,9,4,14,356,116,40,6,518,0,0,0,518
05/28/2007,SAN,CA,AWP,WE,Towers with Radar,424,151,39,1,615,0,1,0,2,3,424,152,39,3,618,0,0,0,618
05/29/2007,SAN,CA,AWP,WE,Towers with Radar,440,156,47,1,644,0,2,4,1,7,440,158,51,2,651,0,0,0,651
05/30/2007,SAN,CA,AWP,WE,Towers with Radar,440,158,46,0,644,0,2,11,4,17,440,160,57,4,661,0,0,0,661
05/31/2007,SAN,CA,AWP,WE,Towers with Radar,451,153,57,3,664,0,0,1,0,1,451,153,58,3,665,0,0,0,665
06/01/2007,SAN,CA,AWP,WE,Towers with Radar,444,150,48,1,643,0,0,6,0,6,444,150,54,1,649,0,0,0,649
06/02/2007,SAN,CA,AWP,WE,Towers with Radar,399,138,24,1,562,0,4,6,3,13,399,142,30,4,575,0,0,0,575
06/03/2007,SAN,CA,AWP,WE,Towers with Radar,436,138,27,0,601,0,1,5,0,6,436,139,32,0,607,0,0,0,607
06/04/2007,SAN,CA,AWP,WE,Towers with Radar,453,146,59,3,661,0,0,6,1,7,453,146,65,4,668,0,0,0,668
06/05/2007,SAN,CA,AWP,WE,Towers with Radar,458,165,43,0,666,0,0,2,2,4,458,165,45,2,670,0,0,0,670
06/06/2007,SAN,CA,AWP,WE,Towers with Radar,454,159,41,1,655,0,5,14,2,21,454,164,55,3,676,0,0,0,676
06/07/2007,SAN,CA,AWP,WE,Towers with Radar,474,153,27,1,655,0,0,10,3,13,474,153,37,4,668,61,50,111,779
06/08/2007,SAN,CA,AWP,WE,Towers with Radar,458,158,35,1,652,0,1,4,2,7,458,159,39,3,659,0,0,0,659
06/09/2007,SAN,CA,AWP,WE,Towers with Radar,421,141,18,0,580,0,2,23,3,28,421,143,41,3,608,0,0,0,608
06/10/2007,SAN,CA,AWP,WE,Towers with Radar,451,154,32,0,637,0,0,13,1,14,451,154,45,1,651,0,0,0,651
06/11/2007,SAN,CA,AWP,WE,Towers with Radar,463,161,36,0,660,0,5,6,5,16,463,166,42,5,676,0,0,0,676
06/12/2007,SAN,CA,AWP,WE,Towers with Radar,444,154,39,1,638,0,1,7,4,12,444,155,46,5,650,0,0,0,650
06/13/2007,SAN,CA,AWP,WE,Towers with Radar,472,161,45,0,678,0,2,10,4,16,472,163,55,4,694,0,0,0,694
06/14/2007,SAN,CA,AWP,WE,Towers with Radar,474,165,37,1,677,0,0,3,0,3,474,165,40,1,680,0,0,0,680
06/15/2007,SAN,CA,AWP,WE,Towers with Radar,477,165,35,1,678,0,0,6,3,9,477,165,41,4,687,0,0,0,687
06/16/2007,SAN,CA,AWP,WE,Towers with Radar,424,159,19,0,602,2,2,8,4,16,426,161,27,4,618,0,0,0,618
06/17/2007,SAN,CA,AWP,WE,Towers with Radar,448,171,34,0,653,0,1,7,0,8,448,172,41,0,661,0,0,0,661
06/18/2007,SAN,CA,AWP,WE,Towers with Radar,455,151,47,1,654,0,0,15,1,16,455,151,62,2,670,0,0,0,670
06/19/2007,SAN,CA,AWP,WE,Towers with Radar,0,0,0,0,0,464,164,49,1,678,464,164,49,1,678,0,0,0,678
06/20/2007,SAN,CA,AWP,WE,Towers with Radar,471,159,42,0,672,0,2,8,1,11,471,161,50,1,683,0,0,0,683
06/21/2007,SAN,CA,AWP,WE,Towers with Radar,485,175,33,0,693,0,0,15,0,15,485,175,48,0,708,0,0,0,708
06/22/2007,SAN,CA,AWP,WE,Towers with Radar,475,175,38,0,688,0,2,13,1,16,475,177,51,1,704,0,0,0,704
06/23/2007,SAN,CA,AWP,WE,Towers with Radar,427,171,33,0,631,0,2,12,1,15,427,173,45,1,646,0,0,0,646
06/24/2007,SAN,CA,AWP,WE,Towers with Radar,443,176,32,3,654,0,1,10,1,12,443,177,42,4,666,0,0,0,666
06/25/2007,SAN,CA,AWP,WE,Towers with Radar,455,166,36,2,659,0,0,8,5,13,455,166,44,7,672,0,0,0,672
06/26/2007,SAN,CA,AWP,WE,Towers with Radar,460,164,24,1,649,0,1,9,1,11,460,165,33,2,660,0,0,0,660
06/27/2007,SAN,CA,AWP,WE,Towers with Radar,464,160,26,2,652,0,0,5,2,7,464,160,31,4,659,0,0,0,659
06/28/2007,SAN,CA,AWP,WE,Towers with Radar,464,164,47,0,675,0,0,4,0,4,464,164,51,0,679,0,0,0,679
06/29/2007,SAN,CA,AWP,WE,Towers with Radar,472,175,68,1,716,0,1,1,0,2,472,176,69,1,718,0,0,0,718
06/30/2007,SAN,CA,AWP,WE,Towers with Radar,418,159,23,0,600,0,1,11,0,12,418,160,34,0,612,0,0,0,612
07/01/2007,SAN,CA,AWP,WE,Towers with Radar,453,149,39,0,641,2,0,26,0,28,455,149,65,0,669,0,0,0,669
07/02/2007,SAN,CA,AWP,WE,Towers with Radar,396,142,24,0,562,0,0,13,5,18,396,142,37,5,580,0,0,0,580
07/03/2007,SAN,CA,AWP,WE,Towers with Radar,458,168,44,0,670,0,1,4,0,5,458,169,48,0,675,0,0,0,675
07/04/2007,SAN,CA,AWP,WE,Towers with Radar,410,134,17,0,561,0,2,16,5,23,410,136,33,5,584,0,0,0,584
07/05/2007,SAN,CA,AWP,WE,Towers with Radar,480,160,47,1,688,0,0,4,1,5,480,160,51,2,693,0,0,0,693
07/06/2007,SAN,CA,AWP,WE,Towers with Radar,474,165,32,0,671,0,1,9,0,10,474,166,41,0,681,0,0,0,681
07/07/2007,SAN,CA,AWP,WE,Towers with Radar,432,147,27,0,606,0,1,7,0,8,432,148,34,0,614,0,0,0,614
07/08/2007,SAN,CA,AWP,WE,Towers with Radar,448,160,39,3,650,2,0,15,1,18,450,160,54,4,668,0,0,0,668
07/09/2007,SAN,CA,AWP,WE,Towers with Radar,463,152,33,2,650,0,2,8,2,12,463,154,41,4,662,0,0,0,662
07/10/2007,SAN,CA,AWP,WE,Towers with Radar,465,173,27,0,665,0,0,9,3,12,465,173,36,3,677,0,0,0,677
07/11/2007,SAN,CA,AWP,WE,Towers with Radar,470,175,27,1,673,0,2,14,2,18,470,177,41,3,691,59,68,127,818
07/12/2007,SAN,CA,AWP,WE,Towers with Radar,445,155,53,8,661,0,0,0,0,0,445,155,53,8,661,0,0,0,661
07/13/2007,SAN,CA,AWP,WE,Towers with Radar,482,155,33,2,672,0,0,14,2,16,482,155,47,4,688,0,0,0,688
07/14/2007,SAN,CA,AWP,WE,Towers with Radar,419,141,25,1,586,0,2,11,0,13,419,143,36,1,599,0,0,0,599
07/15/2007,SAN,CA,AWP,WE,Towers with Radar,455,165,60,0,680,0,0,29,0,29,455,165,89,0,709,0,0,0,709
07/16/2007,SAN,CA,AWP,WE,Towers with Radar,478,156,33,5,672,0,1,9,0,10,478,157,42,5,682,0,0,0,682
07/17/2007,SAN,CA,AWP,WE,Towers with Radar,484,154,35,0,673,0,0,9,2,11,484,154,44,2,684,0,0,0,684
07/18/2007,SAN,CA,AWP,WE,Towers with Radar,463,169,52,0,684,0,0,10,0,10,463,169,62,0,694,0,0,0,694
07/19/2007,SAN,CA,AWP,WE,Towers with Radar,444,154,27,1,626,0,0,0,0,0,444,154,27,1,626,50,43,93,719
07/20/2007,SAN,CA,AWP,WE,Towers with Radar,504,168,60,3,735,0,4,9,0,13,504,172,69,3,748,0,0,0,748
07/21/2007,SAN,CA,AWP,WE,Towers with Radar,441,157,27,3,628,0,1,12,4,17,441,158,39,7,645,0,0,0,645
07/22/2007,SAN,CA,AWP,WE,Towers with Radar,454,170,46,0,670,0,2,13,4,19,454,172,59,4,689,0,0,0,689
07/23/2007,SAN,CA,AWP,WE,Towers with Radar,461,157,54,0,672,0,0,11,1,12,461,157,65,1,684,0,0,0,684
07/24/2007,SAN,CA,AWP,WE,Towers with Radar,482,156,33,0,671,0,1,18,2,21,482,157,51,2,692,0,0,0,692
07/25/2007,SAN,CA,AWP,WE,Towers with Radar,465,178,36,0,679,0,0,19,0,19,465,178,55,0,698,59,83,142,840
07/26/2007,SAN,CA,AWP,WE,Towers with Radar,479,168,75,0,722,0,0,0,0,0,479,168,75,0,722,0,0,0,722
07/27/2007,SAN,CA,AWP,WE,Towers with Radar,487,163,38,0,688,0,1,11,1,13,487,164,49,1,701,0,0,0,701
07/28/2007,SAN,CA,AWP,WE,Towers with Radar,436,156,18,0,610,0,1,19,2,22,436,157,37,2,632,0,0,0,632
07/29/2007,SAN,CA,AWP,WE,Towers with Radar,436,165,43,0,644,0,0,21,1,22,436,165,64,1,666,0,0,0,666
07/30/2007,SAN,CA,AWP,WE,Towers with Radar,492,159,32,0,683,0,2,16,0,18,492,161,48,0,701,0,0,0,701
07/31/2007,SAN,CA,AWP,WE,Towers with Radar,478,174,26,1,679,0,0,11,4,15,478,174,37,5,694,0,0,0,694
08/01/2007,SAN,CA,AWP,WE,Towers with Radar,489,160,43,1,693,0,0,10,1,11,489,160,53,2,704,0,0,0,704
08/02/2007,SAN,CA,AWP,WE,Towers with Radar,482,160,43,1,686,0,18,7,0,25,482,178,50,1,711,49,63,112,823
08/03/2007,SAN,CA,AWP,WE,Towers with Radar,487,160,43,4,694,0,0,11,1,12,487,160,54,5,706,0,0,0,706
08/04/2007,SAN,CA,AWP,WE,Towers with Radar,487,160,43,0,690,0,0,11,2,13,487,160,54,2,703,0,0,0,703
08/05/2007,SAN,CA,AWP,WE,Towers with Radar,461,173,52,0,686,2,7,16,0,25,463,180,68,0,711,0,0,0,711
08/06/2007,SAN,CA,AWP,WE,Towers with Radar,491,160,43,1,695,0,0,10,1,11,491,160,53,2,706,0,0,0,706
08/07/2007,SAN,CA,AWP,WE,Towers with Radar,481,171,43,0,695,0,0,28,1,29,481,171,71,1,724,1,0,1,725
08/08/2007,SAN,CA,AWP,WE,Towers with Radar,471,167,47,1,686,0,1,11,3,15,471,168,58,4,701,0,0,0,701
08/09/2007,SAN,CA,AWP,WE,Towers with Radar,474,187,50,1,712,0,0,0,0,0,474,187,50,1,712,0,0,0,712
08/10/2007,SAN,CA,AWP,WE,Towers with Radar,485,179,50,1,715,0,3,15,1,19,485,182,65,2,734,0,0,0,734
08/11/2007,SAN,CA,AWP,WE,Towers with Radar,442,161,27,0,630,0,1,9,1,11,442,162,36,1,641,0,0,0,641
08/12/2007,SAN,CA,AWP,WE,Towers with Radar,459,169,46,0,674,0,1,20,6,27,459,170,66,6,701,0,0,0,701
08/13/2007,SAN,CA,AWP,WE,Towers with Radar,476,168,36,0,680,0,0,16,2,18,476,168,52,2,698,0,0,0,698
08/14/2007,SAN,CA,AWP,WE,Towers with Radar,479,165,28,0,672,0,5,19,0,24,479,170,47,0,696,1,0,1,697
08/15/2007,SAN,CA,AWP,WE,Towers with Radar,484,178,23,0,685,0,1,9,2,12,484,179,32,2,697,0,0,0,697
08/16/2007,SAN,CA,AWP,WE,Towers with Radar,482,181,48,0,711,0,5,12,0,17,482,186,60,0,728,44,50,94,822
08/17/2007,SAN,CA,AWP,WE,Towers with Radar,485,171,45,0,701,0,2,17,2,21,485,173,62,2,722,0,0,0,722
08/18/2007,SAN,CA,AWP,WE,Towers with Radar,427,161,28,1,617,0,4,19,2,25,427,165,47,3,642,0,0,0,642
08/19/2007,SAN,CA,AWP,WE,Towers with Radar,453,169,60,0,682,0,0,16,4,20,453,169,76,4,702,0,0,0,702
08/20/2007,SAN,CA,AWP,WE,Towers with Radar,469,166,39,0,674,0,0,8,2,10,469,166,47,2,684,0,0,0,684
08/21/2007,SAN,CA,AWP,WE,Towers with Radar,485,159,47,0,691,0,1,5,10,16,485,160,52,10,707,0,0,0,707
08/22/2007,SAN,CA,AWP,WE,Towers with Radar,487,162,49,1,699,0,0,1,2,3,487,162,50,3,702,0,0,0,702
08/23/2007,SAN,CA,AWP,WE,Towers with Radar,475,160,34,0,669,0,2,8,3,13,475,162,42,3,682,45,34,79,761
08/24/2007,SAN,CA,AWP,WE,Towers with Radar,481,167,59,0,707,0,0,10,3,13,481,167,69,3,720,0,0,0,720
08/25/2007,SAN,CA,AWP,WE,Towers with Radar,434,154,27,0,615,0,2,16,1,19,434,156,43,1,634,0,0,0,634
08/26/2007,SAN,CA,AWP,WE,Towers with Radar,471,168,28,0,667,0,0,8,2,10,471,168,36,2,677,0,0,0,677
08/27/2007,SAN,CA,AWP,WE,Towers with Radar,493,154,43,0,690,0,1,25,3,29,493,155,68,3,719,0,0,0,719
08/28/2007,SAN,CA,AWP,WE,Towers with Radar,492,164,43,0,699,0,3,10,3,16,492,167,53,3,715,0,0,0,715
08/29/2007,SAN,CA,AWP,WE,Towers with Radar,487,160,30,0,677,0,0,12,1,13,487,160,42,1,690,0,0,0,690
08/30/2007,SAN,CA,AWP,WE,Towers with Radar,509,165,55,2,731,0,0,0,0,0,509,165,55,2,731,0,0,0,731
08/31/2007,SAN,CA,AWP,WE,Towers with Radar,488,163,49,1,701,0,0,18,1,19,488,163,67,2,720,0,0,0,720
09/01/2007,SAN,CA,AWP,WE,Towers with Radar,420,147,17,0,584,0,2,11,1,14,420,149,28,1,598,0,0,0,598
09/02/2007,SAN,CA,AWP,WE,Towers with Radar,380,132,19,1,532,0,1,20,5,26,380,133,39,6,558,0,0,0,558
09/03/2007,SAN,CA,AWP,WE,Towers with Radar,469,151,42,2,664,0,1,16,2,19,469,152,58,4,683,0,0,0,683
09/04/2007,SAN,CA,AWP,WE,Towers with Radar,479,155,24,2,660,0,2,15,8,25,479,157,39,10,685,0,0,0,685
09/05/2007,SAN,CA,AWP,WE,Towers with Radar,487,156,27,0,670,0,2,16,0,18,487,158,43,0,688,44,35,79,767
09/06/2007,SAN,CA,AWP,WE,Towers with Radar,490,171,47,0,708,0,0,4,8,12,490,171,51,8,720,0,0,0,720
09/07/2007,SAN,CA,AWP,WE,Towers with Radar,483,162,48,1,694,0,0,10,5,15,483,162,58,6,709,0,0,0,709
09/08/2007,SAN,CA,AWP,WE,Towers with Radar,419,153,18,0,590,0,1,10,2,13,419,154,28,2,603,0,0,0,603
09/09/2007,SAN,CA,AWP,WE,Towers with Radar,462,160,46,0,668,0,0,14,7,21,462,160,60,7,689,0,0,0,689
09/10/2007,SAN,CA,AWP,WE,Towers with Radar,454,146,22,3,625,0,0,10,8,18,454,146,32,11,643,0,0,0,643
09/11/2007,SAN,CA,AWP,WE,Towers with Radar,466,170,19,0,655,0,1,19,4,24,466,171,38,4,679,0,0,0,679
09/12/2007,SAN,CA,AWP,WE,Towers with Radar,470,154,27,0,651,0,5,14,5,24,470,159,41,5,675,27,17,44,719
09/13/2007,SAN,CA,AWP,WE,Towers with Radar,475,161,35,0,671,0,3,10,3,16,475,164,45,3,687,48,55,103,790
09/14/2007,SAN,CA,AWP,WE,Towers with Radar,474,165,48,2,689,0,2,24,3,29,474,167,72,5,718,0,0,0,718
09/15/2007,SAN,CA,AWP,WE,Towers with Radar,424,148,23,0,595,0,1,12,3,16,424,149,35,3,611,0,0,0,611
09/16/2007,SAN,CA,AWP,WE,Towers with Radar,454,155,32,1,642,0,3,17,4,24,454,158,49,5,666,0,0,0,666
09/17/2007,SAN,CA,AWP,WE,Towers with Radar,465,157,41,1,664,0,2,7,2,11,465,159,48,3,675,0,0,0,675
09/18/2007,SAN,CA,AWP,WE,Towers with Radar,468,172,54,0,694,0,5,21,2,28,468,177,75,2,722,0,0,0,722
09/19/2007,SAN,CA,AWP,WE,Towers with Radar,475,164,51,1,691,0,1,13,3,17,475,165,64,4,708,0,0,0,708
09/20/2007,SAN,CA,AWP,WE,Towers with Radar,485,168,66,0,719,0,1,19,3,23,485,169,85,3,742,37,41,78,820
09/21/2007,SAN,CA,AWP,WE,Towers with Radar,485,159,65,1,710,0,3,13,0,16,485,162,78,1,726,0,0,0,726
09/22/2007,SAN,CA,AWP,WE,Towers with Radar,420,150,29,0,599,0,0,25,2,27,420,150,54,2,626,0,0,0,626
09/23/2007,SAN,CA,AWP,WE,Towers with Radar,460,158,34,0,652,0,0,35,2,37,460,158,69,2,689,0,0,0,689
09/24/2007,SAN,CA,AWP,WE,Towers with Radar,454,157,41,0,652,0,4,17,3,24,454,161,58,3,676,0,0,0,676
09/25/2007,SAN,CA,AWP,WE,Towers with Radar,0,0,0,0,0,461,168,44,1,674,461,168,44,1,674,0,0,0,674
09/26/2007,SAN,CA,AWP,WE,Towers with Radar,472,158,44,0,674,0,3,13,1,17,472,161,57,1,691,0,0,0,691
09/27/2007,SAN,CA,AWP,WE,Towers with Radar,478,171,54,2,705,0,0,0,0,0,478,171,54,2,705,0,0,0,705
09/28/2007,SAN,CA,AWP,WE,Towers with Radar,463,155,35,3,656,0,1,6,5,12,463,156,41,8,668,0,0,0,668
09/29/2007,SAN,CA,AWP,WE,Towers with Radar,426,151,32,2,611,0,1,11,1,13,426,152,43,3,624,0,0,0,624
09/30/2007,SAN,CA,AWP,WE,Towers with Radar,462,157,57,0,676,0,0,15,0,15,462,157,72,0,691,0,0,0,691
10/01/2007,SAN,CA,AWP,WE,Towers with Radar,466,157,26,0,649,0,3,7,1,11,466,161,33,1,661,0,0,0,741
10/02/2007,SAN,CA,AWP,WE,Towers with Radar,478,157,26,0,661,0,1,16,1,18,478,159,42,1,680,0,0,0,777
10/03/2007,SAN,CA,AWP,WE,Towers with Radar,482,155,42,0,679,0,1,12,0,13,482,156,54,0,692,0,0,0,795
10/04/2007,SAN,CA,AWP,WE,Towers with Radar,481,161,44,2,688,0,0,0,0,0,481,161,44,2,688,0,0,0,807
10/05/2007,SAN,CA,AWP,WE,Towers with Radar,478,164,48,0,690,0,4,12,4,20,478,170,60,4,712,0,0,0,788
10/06/2007,SAN,CA,AWP,WE,Towers with Radar,425,139,28,0,592,0,3,6,2,11,425,147,34,2,608,0,0,0,658
10/07/2007,SAN,CA,AWP,WE,Towers with Radar,440,154,38,0,632,0,5,3,1,9,440,165,41,1,647,0,0,0,727
10/08/2007,SAN,CA,AWP,WE,Towers with Radar,468,151,27,0,646,0,2,15,2,19,468,153,42,2,665,0,0,0,721
10/09/2007,SAN,CA,AWP,WE,Towers with Radar,472,161,34,3,670,0,2,24,2,28,472,164,58,5,699,0,0,0,779
10/10/2007,SAN,CA,AWP,WE,Towers with Radar,485,162,51,3,701,0,0,6,2,8,485,162,57,5,709,0,0,0,803
10/11/2007,SAN,CA,AWP,WE,Towers with Radar,482,175,40,5,702,0,0,6,2,8,482,175,46,7,710,37,30,67,844
10/12/2007,SAN,CA,AWP,WE,Towers with Radar,478,151,47,0,676,0,5,12,4,21,478,159,59,4,700,0,0,0,848
10/13/2007,SAN,CA,AWP,WE,Towers with Radar,428,140,30,0,598,0,1,9,0,10,428,142,39,0,609,0,0,0,637
10/14/2007,SAN,CA,AWP,WE,Towers with Radar,456,153,44,0,653,0,0,9,1,10,456,154,53,1,664,0,0,0,696
10/15/2007,SAN,CA,AWP,WE,Towers with Radar,464,157,41,0,662,0,0,8,0,8,464,157,49,0,670,0,0,0,709
10/16/2007,SAN,CA,AWP,WE,Towers with Radar,466,157,38,0,661,0,1,10,0,11,466,158,48,0,672,0,0,0,769
10/17/2007,SAN,CA,AWP,WE,Towers with Radar,490,161,46,1,698,0,1,10,2,13,490,162,56,3,711,20,33,53,817
10/18/2007,SAN,CA,AWP,WE,Towers with Radar,494,171,38,0,703,0,0,15,3,18,494,171,53,3,721,65,28,93,907
10/19/2007,SAN,CA,AWP,WE,Towers with Radar,488,162,56,0,706,0,5,24,3,32,488,168,80,3,739,0,0,0,838
10/20/2007,SAN,CA,AWP,WE,Towers with Radar,444,137,21,0,602,0,1,9,2,12,444,138,30,2,614,0,0,0,664
10/21/2007,SAN,CA,AWP,WE,Towers with Radar,465,166,33,1,665,0,1,9,6,16,465,179,42,7,693,0,0,0,734
10/22/2007,SAN,CA,AWP,WE,Towers with Radar,501,164,61,4,730,0,0,0,0,0,501,164,61,4,730,0,0,0,730
10/23/2007,SAN,CA,AWP,WE,Towers with Radar,480,174,53,7,714,0,7,5,9,21,480,184,58,16,738,0,0,0,828
10/24/2007,SAN,CA,AWP,WE,Towers with Radar,477,150,36,1,664,0,4,6,6,16,477,157,42,7,683,0,0,0,835
10/25/2007,SAN,CA,AWP,WE,Towers with Radar,481,159,27,5,672,0,0,0,0,0,481,159,27,5,672,0,0,0,713
10/26/2007,SAN,CA,AWP,WE,Towers with Radar,501,148,17,0,666,0,2,7,5,14,501,151,24,5,681,0,0,0,733
10/27/2007,SAN,CA,AWP,WE,Towers with Radar,427,144,23,0,594,0,3,10,2,15,427,147,33,2,609,0,0,0,640
10/28/2007,SAN,CA,AWP,WE,Towers with Radar,439,155,35,0,629,0,0,7,4,11,439,157,42,4,642,0,0,0,687
10/29/2007,SAN,CA,AWP,WE,Towers with Radar,464,154,32,1,651,0,1,10,2,13,464,155,42,3,664,0,0,0,739
10/30/2007,SAN,CA,AWP,WE,Towers with Radar,452,164,33,2,651,0,0,6,0,6,452,164,39,2,657,0,0,0,745
10/31/2007,SAN,CA,AWP,WE,Towers with Radar,443,173,28,0,644,0,0,4,1,5,443,174,32,1,650,0,0,0,769
11/01/2007,SAN,CA,AWP,WE,Towers with Radar,477,158,32,2,669,0,0,5,0,5,477,158,37,2,674,25,43,68,810
11/02/2007,SAN,CA,AWP,WE,Towers with Radar,477,152,31,2,662,0,1,0,1,2,477,153,31,3,664,0,0,0,715
11/03/2007,SAN,CA,AWP,WE,Towers with Radar,421,153,18,1,593,1,3,3,3,10,423,159,21,4,607,0,0,0,676
11/04/2007,SAN,CA,AWP,WE,Towers with Radar,440,159,41,6,646,0,0,4,0,4,440,161,45,6,652,0,0,0,672
11/05/2007,SAN,CA,AWP,WE,Towers with Radar,457,154,20,0,631,0,1,2,0,3,457,155,22,0,634,0,0,0,695
11/06/2007,SAN,CA,AWP,WE,Towers with Radar,488,173,19,0,680,0,2,8,2,12,488,175,27,2,692,0,0,0,754
11/07/2007,SAN,CA,AWP,WE,Towers with Radar,480,172,47,2,701,0,3,7,2,12,480,175,54,4,713,0,0,0,770
11/08/2007,SAN,CA,AWP,WE,Towers with Radar,469,177,48,3,697,0,0,0,0,0,469,177,48,3,697,0,0,0,825
11/09/2007,SAN,CA,AWP,WE,Towers with Radar,476,166,42,0,684,0,2,11,1,14,476,170,53,1,700,0,0,0,755
11/10/2007,SAN,CA,AWP,WE,Towers with Radar,398,151,21,0,570,0,2,9,2,13,398,153,30,2,583,0,0,0,625
11/11/2007,SAN,CA,AWP,WE,Towers with Radar,469,180,41,2,692,0,1,6,0,7,469,183,47,2,701,0,0,0,727
11/12/2007,SAN,CA,AWP,WE,Towers with Radar,457,175,32,0,664,0,0,14,4,18,457,178,46,4,685,0,0,0,735
11/13/2007,SAN,CA,AWP,WE,Towers with Radar,459,169,34,2,664,0,1,15,3,19,459,170,49,5,683,0,0,0,753
11/14/2007,SAN,CA,AWP,WE,Towers with Radar,476,182,37,3,698,0,3,21,3,27,476,185,58,6,725,99,59,158,883
11/15/2007,SAN,CA,AWP,WE,Towers with Radar,505,178,40,0,723,0,0,3,0,3,505,178,43,0,726,0,0,0,851
11/16/2007,SAN,CA,AWP,WE,Towers with Radar,477,169,41,2,689,0,1,10,2,13,477,170,51,4,702,0,0,0,753
11/17/2007,SAN,CA,AWP,WE,Towers with Radar,406,143,21,1,571,0,3,4,1,8,406,148,25,2,581,0,0,0,632
11/18/2007,SAN,CA,AWP,WE,Towers with Radar,468,142,35,0,645,0,0,8,1,9,468,142,43,1,654,0,0,0,676
11/19/2007,SAN,CA,AWP,WE,Towers with Radar,468,168,39,0,675,0,0,10,1,11,468,170,49,1,688,0,0,0,739
11/20/2007,SAN,CA,AWP,WE,Towers with Radar,487,162,57,0,706,0,1,4,2,7,487,165,61,2,715,0,0,0,777
11/21/2007,SAN,CA,AWP,WE,Towers with Radar,487,164,35,0,686,0,1,9,4,14,487,165,44,4,700,0,0,0,752
11/22/2007,SAN,CA,AWP,WE,Towers with Radar,333,142,9,2,486,0,1,4,2,7,333,143,13,4,493,14,0,14,521
11/23/2007,SAN,CA,AWP,WE,Towers with Radar,436,136,16,3,591,0,1,9,1,11,436,137,25,4,602,0,0,0,665
11/24/2007,SAN,CA,AWP,WE,Towers with Radar,408,152,31,3,594,0,1,18,4,23,408,156,49,7,620,0,0,0,679
11/25/2007,SAN,CA,AWP,WE,Towers with Radar,459,158,58,4,679,0,0,18,2,20,459,160,76,6,701,0,0,0,728
11/26/2007,SAN,CA,AWP,WE,Towers with Radar,457,161,33,4,655,0,0,10,4,14,457,161,43,8,669,0,0,0,755
11/27/2007,SAN,CA,AWP,WE,Towers with Radar,471,161,30,1,663,0,0,16,5,21,471,161,46,6,684,0,0,0,809
11/28/2007,SAN,CA,AWP,WE,Towers with Radar,473,162,33,1,669,0,1,4,1,6,473,163,37,2,675,52,64,116,907
11/29/2007,SAN,CA,AWP,WE,Towers with Radar,459,172,37,1,669,0,0,8,3,11,459,172,45,4,680,51,54,105,890
11/30/2007,SAN,CA,AWP,WE,Towers with Radar,562,194,36,0,792,0,1,1,1,3,562,195,37,1,795,0,0,0,807
12/01/2007,SAN,CA,AWP,WE,Towers with Radar,380,142,13,0,535,0,2,2,3,7,380,144,15,3,542,0,0,0,583
12/02/2007,SAN,CA,AWP,WE,Towers with Radar,430,153,22,0,605,0,1,13,4,18,430,155,35,4,624,0,0,0,669
12/03/2007,SAN,CA,AWP,WE,Towers with Radar,446,167,29,1,643,0,0,11,1,12,446,168,40,2,656,0,0,0,726
12/04/2007,SAN,CA,AWP,WE,Towers with Radar,439,170,47,0,656,0,1,21,3,25,439,171,68,3,681,0,0,0,779
12/05/2007,SAN,CA,AWP,WE,Towers with Radar,435,185,19,0,639,0,2,9,1,12,435,187,28,1,651,46,61,107,865
12/06/2007,SAN,CA,AWP,WE,Towers with Radar,458,177,38,2,675,0,0,0,0,0,458,177,38,2,675,0,0,0,774
12/07/2007,SAN,CA,AWP,WE,Towers with Radar,480,170,30,2,682,0,2,1,2,5,480,172,31,4,687,0,0,0,719
12/08/2007,SAN,CA,AWP,WE,Towers with Radar,379,148,25,0,552,0,1,3,3,7,379,149,28,3,559,0,0,0,587
12/09/2007,SAN,CA,AWP,WE,Towers with Radar,433,153,29,1,616,0,1,2,1,4,433,154,31,2,620,0,0,0,648
12/10/2007,SAN,CA,AWP,WE,Towers with Radar,438,161,35,1,635,0,0,7,0,7,438,161,42,1,642,0,0,0,735
12/11/2007,SAN,CA,AWP,WE,Towers with Radar,441,171,22,0,634,0,2,14,4,20,441,173,36,4,654,0,0,0,775
12/12/2007,SAN,CA,AWP,WE,Towers with Radar,421,162,29,4,616,0,0,1,0,1,421,162,30,4,617,0,0,0,754
12/13/2007,SAN,CA,AWP,WE,Towers with Radar,444,164,43,0,651,0,2,14,1,17,444,166,57,1,668,35,64,99,866
12/14/2007,SAN,CA,AWP,WE,Towers with Radar,466,160,32,3,661,0,0,9,0,9,466,160,41,3,670,0,0,0,818
12/15/2007,SAN,CA,AWP,WE,Towers with Radar,388,148,16,0,552,0,3,19,1,23,388,151,35,1,575,0,0,0,616
12/16/2007,SAN,CA,AWP,WE,Towers with Radar,429,167,34,0,630,0,2,14,1,17,429,169,48,1,647,0,0,0,683
12/17/2007,SAN,CA,AWP,WE,Towers with Radar,448,161,19,0,628,0,2,9,3,14,448,163,28,3,642,0,0,0,721
12/18/2007,SAN,CA,AWP,WE,Towers with Radar,464,157,45,0,666,0,1,6,2,9,464,160,51,2,677,0,0,0,759
12/19/2007,SAN,CA,AWP,WE,Towers with Radar,495,175,26,0,696,0,1,2,0,3,495,176,28,0,699,0,0,0,740
12/20/2007,SAN,CA,AWP,WE,Towers with Radar,472,169,39,3,683,0,0,0,0,0,472,169,39,3,683,0,0,0,754
12/21/2007,SAN,CA,AWP,WE,Towers with Radar,462,167,25,0,654,0,4,11,2,17,462,171,36,2,671,0,0,0,743
12/22/2007,SAN,CA,AWP,WE,Towers with Radar,418,150,21,1,590,0,4,13,4,21,418,158,34,5,615,0,0,0,666
12/23/2007,SAN,CA,AWP,WE,Towers with Radar,436,150,23,2,611,0,0,12,2,14,436,151,35,4,626,0,0,0,661
12/24/2007,SAN,CA,AWP,WE,Towers with Radar,392,141,15,0,548,0,5,13,3,21,392,148,28,3,571,0,0,0,605
12/25/2007,SAN,CA,AWP,WE,Towers with Radar,377,142,5,0,524,0,0,3,1,4,377,142,8,1,528,0,0,0,552
12/26/2007,SAN,CA,AWP,WE,Towers with Radar,461,166,35,1,663,0,1,14,3,18,461,167,49,4,681,0,0,0,739
12/27/2007,SAN,CA,AWP,WE,Towers with Radar,465,168,50,2,685,0,0,0,0,0,465,168,50,2,685,0,0,0,805
12/28/2007,SAN,CA,AWP,WE,Towers with Radar,477,164,32,0,673,0,0,10,1,11,477,164,42,1,684,0,0,0,741
12/29/2007,SAN,CA,AWP,WE,Towers with Radar,410,157,31,0,598,0,1,3,0,4,410,158,34,0,602,0,0,0,633
12/30/2007,SAN,CA,AWP,WE,Towers with Radar,414,145,25,0,584,0,0,9,2,11,414,145,34,2,595,0,0,0,632
12/31/2007,SAN,CA,AWP,WE,Towers with Radar,397,157,10,0,564,0,1,9,3,13,397,159,19,3,578,0,0,0,616
01/01/2008,SAN,CA,AWP,WE,Towers with Radar,441,138,11,1,591,0,0,12,2,14,441,139,23,3,606,0,0,0,638
01/02/2008,SAN,CA,AWP,WE,Towers with Radar,464,149,22,0,635,0,3,7,0,10,464,152,29,0,645,0,0,0,705
01/03/2008,SAN,CA,AWP,WE,Towers with Radar,461,150,29,0,640,0,1,13,3,17,461,153,42,3,659,44,37,81,819
01/04/2008,SAN,CA,AWP,WE,Towers with Radar,468,139,13,2,622,0,0,8,2,10,468,139,21,4,632,0,0,0,680
01/05/2008,SAN,CA,AWP,WE,Towers with Radar,407,163,35,0,605,0,1,1,0,2,407,164,36,0,607,0,0,0,609
01/06/2008,SAN,CA,AWP,WE,Towers with Radar,460,152,45,0,657,0,1,4,0,5,460,153,49,0,662,0,0,0,671
01/07/2008,SAN,CA,AWP,WE,Towers with Radar,440,145,26,1,612,0,0,2,3,5,440,147,28,4,619,0,0,0,683
01/08/2008,SAN,CA,AWP,WE,Towers with Radar,446,146,28,1,621,0,1,14,0,15,446,147,42,1,636,0,0,0,734
01/09/2008,SAN,CA,AWP,WE,Towers with Radar,442,132,39,3,616,0,0,2,0,2,442,132,41,3,618,0,0,0,731
01/10/2008,SAN,CA,AWP,WE,Towers with Radar,457,141,32,1,631,0,0,0,1,1,457,141,32,2,632,0,0,0,709
01/11/2008,SAN,CA,AWP,WE,Towers with Radar,457,143,30,1,631,0,1,7,3,11,457,144,37,4,642,0,0,0,718
01/12/2008,SAN,CA,AWP,WE,Towers with Radar,302,100,23,0,425,0,2,2,0,4,302,102,25,0,429,0,0,0,449
01/13/2008,SAN,CA,AWP,WE,Towers with Radar,439,132,42,0,613,0,0,20,0,20,439,132,62,0,633,0,0,0,676
01/14/2008,SAN,CA,AWP,WE,Towers with Radar,447,144,23,0,614,0,1,5,0,6,447,147,28,0,622,0,0,0,730
01/15/2008,SAN,CA,AWP,WE,Towers with Radar,440,136,28,1,605,0,3,11,4,18,440,139,39,5,623,0,0,0,718
01/16/2008,SAN,CA,AWP,WE,Towers with Radar,460,142,38,0,640,0,4,10,0,14,460,147,48,0,655,0,0,0,739
01/17/2008,SAN,CA,AWP,WE,Towers with Radar,455,146,32,0,633,0,2,7,1,10,455,148,39,1,643,0,0,0,735
01/18/2008,SAN,CA,AWP,WE,Towers with Radar,455,154,41,1,651,0,3,14,6,23,455,158,55,7,675,41,29,70,815
01/19/2008,SAN,CA,AWP,WE,Towers with Radar,365,125,23,1,514,0,1,7,0,8,365,126,30,1,522,0,0,0,561
01/20/2008,SAN,CA,AWP,WE,Towers with Radar,404,124,29,0,557,0,1,15,2,18,404,128,44,2,578,0,0,0,616
01/21/2008,SAN,CA,AWP,WE,Towers with Radar,450,155,29,0,634,0,2,6,0,8,450,157,35,0,642,0,0,0,661
01/22/2008,SAN,CA,AWP,WE,Towers with Radar,442,146,21,1,610,0,2,9,0,11,442,150,30,1,623,0,0,0,704
01/23/2008,SAN,CA,AWP,WE,Towers with Radar,443,144,19,4,610,0,7,3,2,12,443,153,22,6,624,0,0,0,699
01/24/2008,SAN,CA,AWP,WE,Towers with Radar,456,157,37,0,650,0,2,5,3,10,456,159,42,3,660,0,0,0,747
01/25/2008,SAN,CA,AWP,WE,Towers with Radar,444,146,32,0,622,0,0,7,4,11,444,148,39,4,635,0,0,0,724
01/26/2008,SAN,CA,AWP,WE,Towers with Radar,374,128,24,0,526,0,3,5,3,11,374,131,29,3,537,0,0,0,581
01/27/2008,SAN,CA,AWP,WE,Towers with Radar,431,142,30,0,603,0,2,3,6,11,431,145,33,6,615,0,0,0,656
01/28/2008,SAN,CA,AWP,WE,Towers with Radar,448,135,33,0,616,0,2,9,2,13,448,137,42,2,629,0,0,0,703
01/29/2008,SAN,CA,AWP,WE,Towers with Radar,436,141,35,0,612,0,0,16,2,18,436,141,51,2,630,54,51,105,840
01/30/2008,SAN,CA,AWP,WE,Towers with Radar,454,134,33,1,622,0,0,10,2,12,454,134,43,3,634,0,0,0,721
01/31/2008,SAN,CA,AWP,WE,Towers with Radar,440,147,37,4,628,0,0,0,0,0,440,147,37,4,628,0,0,0,734
02/01/2008,SAN,CA,AWP,WE,Towers with Radar,460,145,45,4,654,0,0,2,1,3,460,147,47,5,659,26,21,47,751
02/02/2008,SAN,CA,AWP,WE,Towers with Radar,363,127,15,1,506,0,2,6,5,13,363,129,21,6,519,0,0,0,554
02/03/2008,SAN,CA,AWP,WE,Towers with Radar,465,159,27,0,651,0,2,2,0,4,465,161,29,0,655,0,0,0,662
02/04/2008,SAN,CA,AWP,WE,Towers with Radar,434,140,47,0,621,0,1,10,0,11,434,142,57,0,633,0,0,0,643
02/05/2008,SAN,CA,AWP,WE,Towers with Radar,452,136,29,0,617,0,2,16,4,22,452,138,45,4,639,0,0,0,724
02/06/2008,SAN,CA,AWP,WE,Towers with Radar,443,140,22,4,609,0,2,20,0,22,443,142,42,4,631,0,0,0,749
02/07/2008,SAN,CA,AWP,WE,Towers with Radar,455,150,43,0,648,0,0,14,2,16,455,152,57,2,666,0,0,0,874
02/08/2008,SAN,CA,AWP,WE,Towers with Radar,457,146,24,1,628,0,2,8,5,15,457,149,32,6,644,0,0,0,706
02/09/2008,SAN,CA,AWP,WE,Towers with Radar,373,128,24,0,525,0,3,14,2,19,373,132,38,2,545,0,0,0,583
02/10/2008,SAN,CA,AWP,WE,Towers with Radar,406,140,29,0,575,0,2,18,2,22,406,144,47,2,599,0,0,0,641
02/11/2008,SAN,CA,AWP,WE,Towers with Radar,448,142,34,2,626,0,0,10,1,11,448,143,44,3,638,0,0,0,714
02/12/2008,SAN,CA,AWP,WE,Towers with Radar,446,151,25,0,622,0,0,7,0,7,446,151,32,0,629,27,39,66,761
02/13/2008,SAN,CA,AWP,WE,Towers with Radar,460,145,39,0,644,0,1,4,2,7,460,146,43,2,651,0,0,0,709
02/14/2008,SAN,CA,AWP,WE,Towers with Radar,472,131,62,1,666,0,0,0,0,0,472,131,62,1,666,0,0,0,717
02/15/2008,SAN,CA,AWP,WE,Towers with Radar,479,138,22,1,640,0,4,13,0,17,479,143,35,1,658,0,0,0,723
02/16/2008,SAN,CA,AWP,WE,Towers with Radar,382,123,18,1,524,0,2,3,1,6,382,125,21,2,530,0,0,0,576
02/17/2008,SAN,CA,AWP,WE,Towers with Radar,389,124,18,1,532,0,5,5,2,12,389,131,23,3,546,0,0,0,580
02/18/2008,SAN,CA,AWP,WE,Towers with Radar,465,140,27,3,635,0,1,6,1,8,465,141,33,4,643,0,0,0,678
02/19/2008,SAN,CA,AWP,WE,Towers with Radar,465,145,35,1,646,0,0,5,1,6,465,145,40,2,652,0,0,0,749
02/20/2008,SAN,CA,AWP,WE,Towers with Radar,508,156,38,0,702,0,0,5,1,6,508,156,43,1,708,0,0,0,743
02/21/2008,SAN,CA,AWP,WE,Towers with Radar,474,148,46,0,668,0,2,8,0,10,474,150,54,0,678,0,0,0,783
02/22/2008,SAN,CA,AWP,WE,Towers with Radar,460,156,42,0,658,0,0,1,0,1,460,156,43,0,659,0,0,0,670
02/23/2008,SAN,CA,AWP,WE,Towers with Radar,390,123,25,0,538,0,3,7,0,10,390,126,32,0,548,0,0,0,606
02/24/2008,SAN,CA,AWP,WE,Towers with Radar,455,136,27,0,618,0,0,1,0,1,455,136,28,0,619,0,0,0,632
02/25/2008,SAN,CA,AWP,WE,Towers with Radar,467,149,36,1,653,0,0,11,1,12,467,149,47,2,665,0,0,0,770
02/26/2008,SAN,CA,AWP,WE,Towers with Radar,466,147,29,0,642,0,3,3,4,10,466,150,32,4,652,46,64,110,874
02/27/2008,SAN,CA,AWP,WE,Towers with Radar,478,155,37,1,671,0,1,11,0,12,478,156,48,1,683,0,0,0,777
02/28/2008,SAN,CA,AWP,WE,Towers with Radar,473,153,45,1,672,0,0,0,5,5,473,153,45,6,677,0,0,0,769
02/29/2008,SAN,CA,AWP,WE,Towers with Radar,473,147,23,7,650,0,0,6,4,10,473,147,29,11,660,0,0,0,718
03/01/2008,SAN,CA,AWP,WE,Towers with Radar,396,124,21,3,544,0,2,4,2,8,396,126,25,5,552,0,0,0,589
03/02/2008,SAN,CA,AWP,WE,Towers with Radar,427,136,30,0,593,0,0,13,5,18,427,136,43,5,611,0,0,0,660
03/03/2008,SAN,CA,AWP,WE,Towers with Radar,456,139,31,0,626,0,1,9,2,12,456,141,40,2,639,0,0,0,707
03/04/2008,SAN,CA,AWP,WE,Towers with Radar,459,138,34,0,631,0,1,9,1,11,459,139,43,1,642,0,0,0,736
03/05/2008,SAN,CA,AWP,WE,Towers with Radar,478,145,23,0,646,0,0,15,2,17,478,146,38,2,664,0,0,0,741
03/06/2008,SAN,CA,AWP,WE,Towers with Radar,454,139,30,0,623,0,1,2,1,4,454,140,32,1,627,0,0,0,715
03/07/2008,SAN,CA,AWP,WE,Towers with Radar,461,147,37,0,645,0,1,13,2,16,461,148,50,2,661,46,19,65,792
03/08/2008,SAN,CA,AWP,WE,Towers with Radar,397,111,37,1,546,4,1,17,0,22,401,112,54,1,568,0,0,0,622
03/09/2008,SAN,CA,AWP,WE,Towers with Radar,443,128,22,0,593,2,4,12,0,18,445,132,34,0,611,0,0,0,667
03/10/2008,SAN,CA,AWP,WE,Towers with Radar,464,144,33,0,641,0,1,3,1,5,464,145,36,1,646,0,0,0,722
03/11/2008,SAN,CA,AWP,WE,Towers with Radar,470,144,45,0,659,2,6,10,0,18,472,151,55,0,678,51,55,106,890
03/12/2008,SAN,CA,AWP,WE,Towers with Radar,6,0,1,1,8,0,0,0,0,0,6,1,1,1,9,0,0,0,125
03/13/2008,SAN,CA,AWP,WE,Towers with Radar,475,149,35,5,664,0,2,2,0,4,475,151,37,5,668,0,0,0,723
03/14/2008,SAN,CA,AWP,WE,Towers with Radar,478,148,40,2,668,0,0,1,1,2,478,150,41,3,672,0,0,0,721
03/15/2008,SAN,CA,AWP,WE,Towers with Radar,410,121,51,7,589,0,0,0,0,0,410,121,51,7,589,0,0,0,630
03/16/2008,SAN,CA,AWP,WE,Towers with Radar,450,124,41,0,615,0,0,7,0,7,450,124,48,0,622,0,0,0,644
03/17/2008,SAN,CA,AWP,WE,Towers with Radar,463,137,31,0,631,0,2,5,1,8,463,139,36,1,639,0,0,0,751
03/18/2008,SAN,CA,AWP,WE,Towers with Radar,441,151,28,0,620,0,3,6,3,12,441,156,34,3,634,0,0,0,718
03/19/2008,SAN,CA,AWP,WE,Towers with Radar,478,142,40,0,660,0,0,7,2,9,478,142,47,2,669,0,0,0,740
03/20/2008,SAN,CA,AWP,WE,Towers with Radar,476,143,47,1,667,0,3,5,1,9,476,146,52,2,676,0,0,0,758
03/21/2008,SAN,CA,AWP,WE,Towers with Radar,475,141,16,0,632,0,0,12,2,14,475,141,28,2,646,30,48,78,802
03/22/2008,SAN,CA,AWP,WE,Towers with Radar,346,112,18,0,476,0,2,12,0,14,346,114,30,0,490,0,0,0,531
03/23/2008,SAN,CA,AWP,WE,Towers with Radar,443,128,23,0,594,0,1,14,0,15,443,131,37,0,611,0,0,0,657
03/24/2008,SAN,CA,AWP,WE,Towers with Radar,503,142,32,0,677,0,1,9,0,10,503,143,41,0,687,0,0,0,766
03/25/2008,SAN,CA,AWP,WE,Towers with Radar,484,131,23,2,640,0,1,9,3,13,484,132,32,5,653,30,55,85,823
03/26/2008,SAN,CA,AWP,WE,Towers with Radar,467,146,42,3,658,0,1,9,2,12,467,148,51,5,671,0,0,0,744
03/27/2008,SAN,CA,AWP,WE,Towers with Radar,469,143,39,0,651,0,0,8,1,9,469,143,47,1,660,0,0,0,748
03/28/2008,SAN,CA,AWP,WE,Towers with Radar,476,142,37,4,659,0,1,10,1,12,476,145,47,5,673,0,0,0,743
03/29/2008,SAN,CA,AWP,WE,Towers with Radar,393,131,33,2,559,0,1,6,2,9,393,132,39,4,568,0,0,0,610
03/30/2008,SAN,CA,AWP,WE,Towers with Radar,441,135,39,1,616,0,0,1,2,3,441,135,40,3,619,0,0,0,646
03/31/2008,SAN,CA,AWP,WE,Towers with Radar,467,139,25,0,631,0,2,6,4,12,467,141,31,4,643,0,0,0,732
04/01/2008,SAN,CA,AWP,WE,Towers with Radar,474,140,38,1,653,0,5,16,5,26,474,145,54,6,679,0,0,0,757
04/02/2008,SAN,CA,AWP,WE,Towers with Radar,475,142,25,0,642,0,0,11,2,13,475,143,36,2,656,0,0,0,733
04/03/2008,SAN,CA,AWP,WE,Towers with Radar,479,134,36,2,651,0,2,13,4,19,479,136,49,6,670,0,0,0,747
04/04/2008,SAN,CA,AWP,WE,Towers with Radar,480,137,48,1,666,0,7,8,1,16,480,144,56,2,682,40,38,78,838
04/05/2008,SAN,CA,AWP,WE,Towers with Radar,407,120,33,0,560,0,1,16,4,21,407,121,49,4,581,0,0,0,620
04/06/2008,SAN,CA,AWP,WE,Towers with Radar,452,135,38,0,625,0,0,8,3,11,452,135,46,3,636,0,0,0,667
04/07/2008,SAN,CA,AWP,WE,Towers with Radar,472,145,28,1,646,0,1,5,5,11,472,146,33,6,657,0,0,0,728
04/08/2008,SAN,CA,AWP,WE,Towers with Radar,463,152,32,0,647,0,0,10,4,14,463,152,42,4,661,35,57,92,846
04/09/2008,SAN,CA,AWP,WE,Towers with Radar,463,148,37,1,649,0,1,13,2,16,463,149,50,3,665,1,0,1,741
04/10/2008,SAN,CA,AWP,WE,Towers with Radar,463,150,26,0,639,0,0,13,2,15,463,150,39,2,654,0,0,0,741
04/11/2008,SAN,CA,AWP,WE,Towers with Radar,476,141,32,1,650,0,1,9,1,11,476,142,41,2,661,0,0,0,740
04/12/2008,SAN,CA,AWP,WE,Towers with Radar,414,133,25,0,572,0,2,14,2,18,414,135,39,2,590,0,0,0,654
04/13/2008,SAN,CA,AWP,WE,Towers with Radar,460,130,38,0,628,0,3,10,4,17,460,139,48,4,651,0,0,0,705
04/14/2008,SAN,CA,AWP,WE,Towers with Radar,470,140,38,0,648,0,1,11,3,15,470,141,49,3,663,0,0,0,753
04/15/2008,SAN,CA,AWP,WE,Towers with Radar,477,142,23,0,642,0,0,8,1,9,477,142,31,1,651,0,0,0,723
04/16/2008,SAN,CA,AWP,WE,Towers with Radar,487,145,28,0,660,0,1,5,7,13,487,146,33,7,673,0,0,0,750
04/17/2008,SAN,CA,AWP,WE,Towers with Radar,480,151,35,4,670,0,2,8,4,14,480,153,43,8,684,0,0,0,761
04/18/2008,SAN,CA,AWP,WE,Towers with Radar,488,136,34,0,658,0,4,12,0,16,488,140,46,0,674,0,0,0,760
04/19/2008,SAN,CA,AWP,WE,Towers with Radar,402,129,11,0,542,0,1,6,1,8,402,130,17,1,550,0,0,0,581
04/20/2008,SAN,CA,AWP,WE,Towers with Radar,450,140,15,2,607,0,0,7,1,8,450,140,22,3,615,0,0,0,686
04/21/2008,SAN,CA,AWP,WE,Towers with Radar,470,144,27,0,641,0,0,8,0,8,470,144,35,0,649,0,0,0,750
04/22/2008,SAN,CA,AWP,WE,Towers with Radar,469,143,26,0,638,0,0,14,3,17,469,143,40,3,655,47,44,91,838
04/23/2008,SAN,CA,AWP,WE,Towers with Radar,487,143,41,0,671,0,0,9,1,10,487,143,50,1,681,0,0,0,780
04/24/2008,SAN,CA,AWP,WE,Towers with Radar,488,150,32,0,670,0,1,12,3,16,488,151,44,3,686,0,0,0,772
04/25/2008,SAN,CA,AWP,WE,Towers with Radar,483,131,32,0,646,0,1,29,5,35,483,132,61,5,681,0,0,0,768
04/26/2008,SAN,CA,AWP,WE,Towers with Radar,422,131,26,0,579,0,3,6,3,12,422,136,32,3,593,0,0,0,648
04/27/2008,SAN,CA,AWP,WE,Towers with Radar,471,132,42,0,645,0,4,15,5,24,471,141,57,5,674,0,0,0,725
04/28/2008,SAN,CA,AWP,WE,Towers with Radar,467,138,30,0,635,0,3,10,2,15,467,143,40,2,652,0,0,0,746
04/29/2008,SAN,CA,AWP,WE,Towers with Radar,477,141,36,0,654,0,0,9,6,15,477,141,45,6,669,0,0,0,742
04/30/2008,SAN,CA,AWP,WE,Towers with Radar,481,146,52,0,679,0,3,12,1,16,481,150,64,1,696,0,0,0,764
05/01/2008,SAN,CA,AWP,WE,Towers with Radar,486,139,32,0,657,0,1,7,4,12,486,140,39,4,669,0,0,0,789
05/02/2008,SAN,CA,AWP,WE,Towers with Radar,480,154,48,1,683,0,0,14,3,17,480,154,62,4,700,0,0,0,828
05/03/2008,SAN,CA,AWP,WE,Towers with Radar,411,128,40,0,579,0,1,37,5,43,411,129,77,5,622,0,0,0,751
05/04/2008,SAN,CA,AWP,WE,Towers with Radar,459,140,66,0,665,0,1,18,1,20,459,141,84,1,685,0,0,0,773
05/05/2008,SAN,CA,AWP,WE,Towers with Radar,473,142,37,1,653,0,1,10,4,15,473,143,47,5,668,0,0,0,745
05/06/2008,SAN,CA,AWP,WE,Towers with Radar,473,141,25,0,639,0,1,7,0,8,473,142,32,0,647,0,0,0,723
05/07/2008,SAN,CA,AWP,WE,Towers with Radar,482,140,51,1,674,0,2,13,3,18,482,142,64,4,692,0,0,0,781
05/08/2008,SAN,CA,AWP,WE,Towers with Radar,489,151,41,0,681,0,3,8,2,13,489,154,49,2,694,52,40,92,879
05/09/2008,SAN,CA,AWP,WE,Towers with Radar,477,145,30,0,652,0,1,10,6,17,477,146,40,6,669,0,0,0,758
05/10/2008,SAN,CA,AWP,WE,Towers with Radar,420,126,13,1,560,0,1,9,0,10,420,127,22,1,570,0,0,0,617
05/11/2008,SAN,CA,AWP,WE,Towers with Radar,462,137,31,1,631,0,2,15,1,18,462,139,46,2,649,0,0,0,678
05/12/2008,SAN,CA,AWP,WE,Towers with Radar,465,141,23,0,629,0,0,6,2,8,465,141,29,2,637,0,0,0,743
05/13/2008,SAN,CA,AWP,WE,Towers with Radar,478,135,18,0,631,0,2,18,1,21,478,137,36,1,652,0,0,0,772
05/14/2008,SAN,CA,AWP,WE,Towers with Radar,479,143,30,2,654,0,2,14,3,19,479,147,44,5,675,0,0,0,769
05/15/2008,SAN,CA,AWP,WE,Towers with Radar,486,137,32,0,655,0,1,10,0,11,486,138,42,0,666,0,0,0,787
05/16/2008,SAN,CA,AWP,WE,Towers with Radar,501,139,22,0,662,0,3,13,1,17,501,142,35,1,679,57,35,92,863
05/17/2008,SAN,CA,AWP,WE,Towers with Radar,427,126,23,0,576,0,2,17,2,21,427,128,40,2,597,0,0,0,641
05/18/2008,SAN,CA,AWP,WE,Towers with Radar,474,142,27,0,643,0,1,14,4,19,474,144,41,4,663,0,0,0,709
05/19/2008,SAN,CA,AWP,WE,Towers with Radar,470,150,33,0,653,0,2,16,3,21,470,152,49,3,674,0,0,0,748
05/20/2008,SAN,CA,AWP,WE,Towers with Radar,472,147,47,0,666,0,1,10,0,11,472,148,57,0,677,20,19,39,765
05/21/2008,SAN,CA,AWP,WE,Towers with Radar,487,144,47,0,678,0,1,5,1,7,487,145,52,1,685,0,0,0,753
05/22/2008,SAN,CA,AWP,WE,Towers with Radar,513,138,46,1,698,0,2,7,3,12,513,142,53,4,712,0,0,0,762
05/23/2008,SAN,CA,AWP,WE,Towers with Radar,491,147,60,0,698,0,0,6,3,9,491,147,66,3,707,0,0,0,754
05/24/2008,SAN,CA,AWP,WE,Towers with Radar,438,132,22,2,594,0,14,14,3,31,438,146,36,5,625,0,0,0,668
05/25/2008,SAN,CA,AWP,WE,Towers with Radar,408,108,14,1,531,0,2,3,1,6,408,110,17,2,537,0,0,0,584
05/26/2008,SAN,CA,AWP,WE,Towers with Radar,450,134,40,0,624,0,1,6,0,7,450,135,46,0,631,0,0,0,684
05/27/2008,SAN,CA,AWP,WE,Towers with Radar,467,133,34,1,635,0,0,7,1,8,467,133,41,2,643,0,0,0,723
05/28/2008,SAN,CA,AWP,WE,Towers with Radar,483,140,32,0,655,0,0,7,1,8,483,140,39,1,663,0,0,0,774
05/29/2008,SAN,CA,AWP,WE,Towers with Radar,494,152,28,0,674,0,1,10,0,11,494,153,38,0,685,0,0,0,833
05/30/2008,SAN,CA,AWP,WE,Towers with Radar,498,161,28,0,687,0,0,12,5,17,498,161,40,5,704,0,0,0,821
05/31/2008,SAN,CA,AWP,WE,Towers with Radar,430,128,15,0,573,0,1,9,2,12,430,129,24,2,585,0,0,0,649
06/01/2008,SAN,CA,AWP,WE,Towers with Radar,478,138,46,1,663,0,1,15,1,17,478,139,61,2,680,0,0,0,737
06/02/2008,SAN,CA,AWP,WE,Towers with Radar,478,138,31,1,648,0,1,7,0,8,478,139,38,1,656,0,0,0,757
06/03/2008,SAN,CA,AWP,WE,Towers with Radar,479,134,39,1,653,0,0,7,2,9,479,135,46,3,663,52,59,111,885
06/04/2008,SAN,CA,AWP,WE,Towers with Radar,505,142,21,0,668,0,0,5,0,5,505,142,26,0,673,0,0,0,736
06/05/2008,SAN,CA,AWP,WE,Towers with Radar,496,138,23,0,657,0,1,21,2,24,496,139,44,2,681,0,0,0,790
06/06/2008,SAN,CA,AWP,WE,Towers with Radar,492,141,33,1,667,0,6,10,1,17,492,148,43,2,685,38,16,54,792
06/07/2008,SAN,CA,AWP,WE,Towers with Radar,437,126,14,0,577,0,1,14,0,15,437,127,28,0,592,0,0,0,631
06/08/2008,SAN,CA,AWP,WE,Towers with Radar,473,141,24,0,638,0,3,5,2,10,473,144,29,2,648,0,0,0,690
06/09/2008,SAN,CA,AWP,WE,Towers with Radar,500,138,33,0,671,0,1,5,0,6,500,139,38,0,677,0,0,0,751
06/10/2008,SAN,CA,AWP,WE,Towers with Radar,485,138,34,1,658,0,1,9,4,14,485,139,43,5,672,0,0,0,722
06/11/2008,SAN,CA,AWP,WE,Towers with Radar,507,159,31,1,698,0,1,10,1,12,507,161,41,2,711,0,0,0,824
06/12/2008,SAN,CA,AWP,WE,Towers with Radar,512,154,51,3,720,0,2,4,0,6,512,156,55,3,726,0,0,0,837
06/13/2008,SAN,CA,AWP,WE,Towers with Radar,509,149,44,1,703,0,2,8,5,15,509,152,52,6,719,44,30,74,866
06/14/2008,SAN,CA,AWP,WE,Towers with Radar,451,131,19,0,601,0,2,9,2,13,451,134,28,2,615,0,0,0,650
06/15/2008,SAN,CA,AWP,WE,Towers with Radar,479,159,50,0,688,0,1,12,1,14,479,160,62,1,702,0,0,0,749
06/16/2008,SAN,CA,AWP,WE,Towers with Radar,497,153,45,1,696,0,0,8,1,9,497,153,53,2,705,0,0,0,797
06/17/2008,SAN,CA,AWP,WE,Towers with Radar,507,141,43,2,693,0,2,16,7,25,507,145,59,9,720,38,60,98,919
06/18/2008,SAN,CA,AWP,WE,Towers with Radar,502,142,42,3,689,0,0,15,2,17,502,142,57,5,706,0,0,0,764
06/19/2008,SAN,CA,AWP,WE,Towers with Radar,503,160,47,14,724,0,1,16,3,20,503,161,63,17,744,0,0,0,842
06/20/2008,SAN,CA,AWP,WE,Towers with Radar,509,137,32,1,679,0,0,24,1,25,509,137,56,2,704,0,0,0,767
06/21/2008,SAN,CA,AWP,WE,Towers with Radar,448,129,23,0,600,0,1,18,6,25,448,139,41,6,634,0,0,0,701
06/22/2008,SAN,CA,AWP,WE,Towers with Radar,478,138,34,5,655,0,1,18,1,20,478,142,52,6,678,0,0,0,717
06/23/2008,SAN,CA,AWP,WE,Towers with Radar,488,137,20,3,648,0,1,6,1,8,488,138,26,4,656,0,0,0,719
06/24/2008,SAN,CA,AWP,WE,Towers with Radar,506,143,30,0,679,0,3,8,1,12,506,146,38,1,691,0,0,0,786
06/25/2008,SAN,CA,AWP,WE,Towers with Radar,507,136,32,0,675,0,0,9,2,11,515,136,41,2,694,0,0,0,769
06/26/2008,SAN,CA,AWP,WE,Towers with Radar,504,135,30,3,672,0,0,8,3,11,504,137,38,6,685,0,0,0,789
06/27/2008,SAN,CA,AWP,WE,Towers with Radar,508,143,56,1,708,0,2,7,0,9,508,145,63,1,717,38,18,56,829
06/28/2008,SAN,CA,AWP,WE,Towers with Radar,448,120,27,0,595,0,1,8,6,15,448,121,35,6,610,0,0,0,670
06/29/2008,SAN,CA,AWP,WE,Towers with Radar,487,132,38,0,657,0,2,20,1,23,487,136,58,1,682,0,0,0,718
06/30/2008,SAN,CA,AWP,WE,Towers with Radar,493,147,37,3,680,0,0,14,3,17,493,148,51,6,698,0,0,0,771
07/01/2008,SAN,CA,AWP,WE,Towers with Radar,499,145,30,0,674,0,0,8,2,10,499,145,38,2,684,0,0,0,684
07/02/2008,SAN,CA,AWP,WE,Towers with Radar,498,141,30,0,669,0,1,11,1,13,498,142,41,1,682,0,0,0,682
07/03/2008,SAN,CA,AWP,WE,Towers with Radar,496,150,46,0,692,0,3,5,2,10,496,153,51,2,702,0,0,0,702
07/04/2008,SAN,CA,AWP,WE,Towers with Radar,383,106,22,1,512,0,0,0,0,0,383,106,22,1,512,0,0,0,512
07/05/2008,SAN,CA,AWP,WE,Towers with Radar,451,129,19,1,600,0,4,3,3,10,451,133,22,4,610,0,0,0,610
07/06/2008,SAN,CA,AWP,WE,Towers with Radar,491,137,51,0,679,0,0,9,0,9,491,137,60,0,688,0,0,0,688
07/07/2008,SAN,CA,AWP,WE,Towers with Radar,500,142,30,0,672,0,1,6,0,7,500,143,36,0,679,0,0,0,679
07/08/2008,SAN,CA,AWP,WE,Towers with Radar,492,145,34,0,671,0,3,15,0,18,492,148,49,0,689,0,0,0,689
07/09/2008,SAN,CA,AWP,WE,Towers with Radar,525,153,41,0,719,0,1,3,1,5,525,154,44,1,724,0,0,0,724
07/10/2008,SAN,CA,AWP,WE,Towers with Radar,327,111,31,0,469,0,3,8,0,11,327,114,39,0,480,0,0,0,480
07/11/2008,SAN,CA,AWP,WE,Towers with Radar,503,144,34,0,681,0,2,8,1,11,503,146,42,1,692,0,0,0,692
07/12/2008,SAN,CA,AWP,WE,Towers with Radar,448,121,18,0,587,0,2,11,5,18,448,123,29,5,605,0,0,0,605
07/13/2008,SAN,CA,AWP,WE,Towers with Radar,471,135,30,0,636,0,0,13,1,14,471,135,43,1,650,0,0,0,650
07/14/2008,SAN,CA,AWP,WE,Towers with Radar,500,137,31,1,669,0,3,9,1,13,500,140,40,2,682,0,0,0,682
07/15/2008,SAN,CA,AWP,WE,Towers with Radar,499,134,39,0,672,0,3,11,3,17,499,137,50,3,689,0,0,0,689
07/16/2008,SAN,CA,AWP,WE,Towers with Radar,505,162,44,1,712,0,2,10,1,13,505,164,54,2,725,0,0,0,725
07/17/2008,SAN,CA,AWP,WE,Towers with Radar,504,145,38,1,688,0,1,7,3,11,504,146,45,4,699,0,0,0,699
07/18/2008,SAN,CA,AWP,WE,Towers with Radar,496,134,39,1,670,0,1,11,0,12,496,135,50,1,682,0,0,0,682
07/19/2008,SAN,CA,AWP,WE,Towers with Radar,455,123,20,0,598,0,3,12,1,16,455,126,32,1,614,0,0,0,614
07/20/2008,SAN,CA,AWP,WE,Towers with Radar,468,129,41,0,638,0,2,9,1,12,468,131,50,1,650,0,0,0,650
07/21/2008,SAN,CA,AWP,WE,Towers with Radar,489,138,31,0,658,0,3,14,1,18,489,141,45,1,676,0,0,0,676
07/22/2008,SAN,CA,AWP,WE,Towers with Radar,498,129,48,2,677,0,2,21,4,27,498,131,69,6,704,0,0,0,704
07/23/2008,SAN,CA,AWP,WE,Towers with Radar,494,145,40,1,680,0,3,20,0,23,494,148,60,1,703,0,0,0,703
07/24/2008,SAN,CA,AWP,WE,Towers with Radar,500,148,49,1,698,0,4,13,3,20,500,152,62,4,718,0,0,0,718
07/25/2008,SAN,CA,AWP,WE,Towers with Radar,520,154,44,2,720,0,0,12,7,19,520,154,56,9,739,0,0,0,739
07/26/2008,SAN,CA,AWP,WE,Towers with Radar,460,137,31,2,630,0,1,15,1,17,460,138,46,3,647,0,0,0,647
07/27/2008,SAN,CA,AWP,WE,Towers with Radar,472,141,45,3,661,0,0,8,0,8,472,141,53,3,669,0,0,0,669
07/28/2008,SAN,CA,AWP,WE,Towers with Radar,490,132,31,2,655,0,2,5,1,8,490,134,36,3,663,0,0,0,663
07/29/2008,SAN,CA,AWP,WE,Towers with Radar,500,137,17,1,655,0,1,7,3,11,500,138,24,4,666,0,0,0,666
07/30/2008,SAN,CA,AWP,WE,Towers with Radar,504,140,38,0,682,0,1,9,1,11,504,141,47,1,693,0,0,0,693
07/31/2008,SAN,CA,AWP,WE,Towers with Radar,506,149,25,1,681,0,1,7,0,8,506,150,32,1,689,0,0,0,689
08/01/2008,SAN,CA,AWP,WE,Towers with Radar,505,148,52,3,708,0,0,1,0,1,505,148,53,3,709,0,0,0,709
08/02/2008,SAN,CA,AWP,WE,Towers with Radar,441,124,25,1,591,0,1,3,0,4,441,125,28,1,595,0,0,0,595
08/03/2008,SAN,CA,AWP,WE,Towers with Radar,495,133,35,1,664,0,1,7,3,11,495,134,42,4,675,0,0,0,675
08/04/2008,SAN,CA,AWP,WE,Towers with Radar,497,143,32,0,672,0,1,9,1,11,497,144,41,1,683,0,0,0,683
08/05/2008,SAN,CA,AWP,WE,Towers with Radar,490,134,19,0,643,0,2,8,3,13,490,136,27,3,656,0,0,0,656
08/06/2008,SAN,CA,AWP,WE,Towers with Radar,484,132,29,1,646,0,2,5,1,8,484,134,34,2,654,0,0,0,654
08/07/2008,SAN,CA,AWP,WE,Towers with Radar,495,129,26,3,653,0,5,13,5,23,495,134,39,8,676,0,0,0,676
08/08/2008,SAN,CA,AWP,WE,Towers with Radar,513,133,30,0,676,0,1,20,3,24,513,134,50,3,700,0,0,0,700
08/09/2008,SAN,CA,AWP,WE,Towers with Radar,445,118,19,0,582,0,4,14,1,19,445,122,33,1,601,60,8,68,669
08/10/2008,SAN,CA,AWP,WE,Towers with Radar,480,131,31,0,642,0,2,13,3,18,480,133,44,3,660,2,0,2,662
08/11/2008,SAN,CA,AWP,WE,Towers with Radar,486,137,16,0,639,0,2,5,2,9,486,139,21,2,648,0,0,0,648
08/12/2008,SAN,CA,AWP,WE,Towers with Radar,501,136,27,0,664,0,1,4,4,9,501,137,31,4,673,41,59,100,773
08/13/2008,SAN,CA,AWP,WE,Towers with Radar,507,147,19,1,674,0,3,6,0,9,507,150,25,1,683,0,0,0,683
08/14/2008,SAN,CA,AWP,WE,Towers with Radar,502,142,27,0,671,0,2,13,4,19,502,144,40,4,690,0,0,0,690
08/15/2008,SAN,CA,AWP,WE,Towers with Radar,505,141,28,1,675,0,0,11,6,17,505,141,39,7,692,0,0,0,692
08/16/2008,SAN,CA,AWP,WE,Towers with Radar,452,122,16,0,590,0,3,12,2,17,452,125,28,2,607,0,0,0,607
08/17/2008,SAN,CA,AWP,WE,Towers with Radar,491,140,42,0,673,0,4,16,0,20,491,144,58,0,693,0,0,0,693
08/18/2008,SAN,CA,AWP,WE,Towers with Radar,501,135,22,2,660,0,4,6,3,13,501,139,28,5,673,0,0,0,673
08/19/2008,SAN,CA,AWP,WE,Towers with Radar,482,133,23,0,638,0,1,15,2,18,482,134,38,2,656,0,0,0,656
08/20/2008,SAN,CA,AWP,WE,Towers with Radar,485,130,32,0,647,0,2,2,0,4,485,132,34,0,651,0,0,0,651
08/21/2008,SAN,CA,AWP,WE,Towers with Radar,488,142,28,0,658,0,4,2,3,9,488,146,30,3,667,0,0,0,667
08/22/2008,SAN,CA,AWP,WE,Towers with Radar,484,146,31,0,661,0,0,9,5,14,484,146,40,5,675,0,0,0,675
08/23/2008,SAN,CA,AWP,WE,Towers with Radar,391,118,15,0,524,0,3,8,1,12,391,121,23,1,536,0,0,0,536
08/24/2008,SAN,CA,AWP,WE,Towers with Radar,462,131,35,1,629,0,2,21,2,25,462,133,56,3,654,0,0,0,654
08/25/2008,SAN,CA,AWP,WE,Towers with Radar,485,136,42,0,663,0,2,16,3,21,485,138,58,3,684,0,0,0,684
08/26/2008,SAN,CA,AWP,WE,Towers with Radar,476,124,53,1,654,0,3,7,2,12,476,127,60,3,666,0,0,0,666
08/27/2008,SAN,CA,AWP,WE,Towers with Radar,478,138,28,2,646,0,2,9,1,12,478,140,37,3,658,0,0,0,658
08/28/2008,SAN,CA,AWP,WE,Towers with Radar,488,136,30,0,654,0,0,12,2,14,488,136,42,2,668,0,0,0,668
08/29/2008,SAN,CA,AWP,WE,Towers with Radar,498,126,35,0,659,0,3,12,2,17,498,129,47,2,676,0,0,0,676
08/30/2008,SAN,CA,AWP,WE,Towers with Radar,383,98,15,0,496,0,0,8,0,8,383,98,23,0,504,0,0,0,504
08/31/2008,SAN,CA,AWP,WE,Towers with Radar,341,91,17,2,451,0,0,5,1,6,341,91,22,3,457,0,0,0,457
09/01/2008,SAN,CA,AWP,WE,Towers with Radar,443,120,29,0,592,0,3,3,3,9,443,123,32,3,601,0,0,0,601
09/02/2008,SAN,CA,AWP,WE,Towers with Radar,447,106,17,1,571,0,0,7,2,9,447,106,24,3,580,0,0,0,580
09/03/2008,SAN,CA,AWP,WE,Towers with Radar,443,111,30,0,584,0,3,9,4,16,443,114,39,4,600,0,0,0,600
09/04/2008,SAN,CA,AWP,WE,Towers with Radar,458,109,32,0,599,0,2,11,1,14,458,111,43,1,613,0,0,0,613
09/05/2008,SAN,CA,AWP,WE,Towers with Radar,452,103,36,0,591,0,1,9,1,11,452,104,45,1,602,0,0,0,602
09/06/2008,SAN,CA,AWP,WE,Towers with Radar,345,83,19,2,449,0,2,12,2,16,345,85,31,4,465,0,0,0,465
09/07/2008,SAN,CA,AWP,WE,Towers with Radar,434,100,31,1,566,0,0,7,2,9,434,100,38,3,575,0,0,0,575
09/08/2008,SAN,CA,AWP,WE,Towers with Radar,441,97,28,3,569,0,4,11,3,18,441,101,39,6,587,0,0,0,587
09/09/2008,SAN,CA,AWP,WE,Towers with Radar,435,93,28,0,556,0,1,12,7,20,435,94,40,7,576,45,44,89,665
09/10/2008,SAN,CA,AWP,WE,Towers with Radar,441,113,28,1,583,0,1,16,4,21,441,114,44,5,604,0,0,0,604
09/11/2008,SAN,CA,AWP,WE,Towers with Radar,454,123,46,0,623,0,2,11,5,18,454,125,57,5,641,0,0,0,641
09/12/2008,SAN,CA,AWP,WE,Towers with Radar,433,105,43,1,582,0,1,4,2,7,433,106,47,3,589,0,0,0,589
09/13/2008,SAN,CA,AWP,WE,Towers with Radar,336,77,31,3,447,0,4,5,1,10,336,81,36,4,457,0,0,0,457
09/14/2008,SAN,CA,AWP,WE,Towers with Radar,416,109,36,1,562,0,10,5,1,16,416,119,41,2,578,0,0,0,578
09/15/2008,SAN,CA,AWP,WE,Towers with Radar,450,99,21,0,570,0,2,5,3,10,450,101,26,3,580,0,0,0,580
09/16/2008,SAN,CA,AWP,WE,Towers with Radar,442,108,20,9,579,0,4,12,2,18,442,112,32,11,597,0,0,0,597
09/17/2008,SAN,CA,AWP,WE,Towers with Radar,447,111,33,2,593,0,3,5,1,9,447,114,38,3,602,0,0,0,602
09/18/2008,SAN,CA,AWP,WE,Towers with Radar,451,110,25,0,586,0,2,13,0,15,451,112,38,0,601,0,0,0,601
09/19/2008,SAN,CA,AWP,WE,Towers with Radar,446,97,39,1,583,0,0,14,4,18,446,97,53,5,601,0,0,0,601
09/20/2008,SAN,CA,AWP,WE,Towers with Radar,352,75,22,0,449,0,0,12,1,13,352,75,34,1,462,0,0,0,462
09/21/2008,SAN,CA,AWP,WE,Towers with Radar,425,97,33,0,555,0,0,13,3,16,425,97,46,3,571,0,0,0,571
09/22/2008,SAN,CA,AWP,WE,Towers with Radar,440,103,42,4,589,0,1,11,1,13,440,104,53,5,602,0,0,0,602
09/23/2008,SAN,CA,AWP,WE,Towers with Radar,433,100,33,1,567,0,0,12,2,14,433,100,45,3,581,0,0,0,581
09/24/2008,SAN,CA,AWP,WE,Towers with Radar,447,108,25,1,581,0,2,7,1,10,447,110,32,2,591,0,0,0,591
09/25/2008,SAN,CA,AWP,WE,Towers with Radar,459,109,64,1,633,0,4,10,5,19,459,113,74,6,652,0,0,0,652
09/26/2008,SAN,CA,AWP,WE,Towers with Radar,467,103,47,1,618,0,1,11,2,14,467,104,58,3,632,0,0,0,632
09/27/2008,SAN,CA,AWP,WE,Towers with Radar,346,76,28,0,450,0,4,4,4,12,346,80,32,4,462,0,0,0,462
09/28/2008,SAN,CA,AWP,WE,Towers with Radar,426,101,64,2,593,0,2,4,1,7,426,103,68,3,600,0,0,0,600
09/29/2008,SAN,CA,AWP,WE,Towers with Radar,437,99,22,4,562,0,1,19,1,21,437,100,41,5,583,0,0,0,583
09/30/2008,SAN,CA,AWP,WE,Towers with Radar,432,109,22,1,564,0,7,19,5,31,432,116,41,6,595,0,0,0,595
10/01/2008,SAN,CA,AWP,WE,Towers with Radar,446,103,34,4,587,0,1,11,5,17,446,104,45,9,604,0,0,0,604
10/02/2008,SAN,CA,AWP,WE,Towers with Radar,447,112,30,2,591,0,2,7,2,11,447,114,37,4,602,0,0,0,602
10/03/2008,SAN,CA,AWP,WE,Towers with Radar,449,114,42,0,605,0,1,4,3,8,449,115,46,3,613,0,0,0,613
10/04/2008,SAN,CA,AWP,WE,Towers with Radar,345,82,17,0,444,0,0,5,1,6,345,82,22,1,450,0,0,0,450
10/05/2008,SAN,CA,AWP,WE,Towers with Radar,416,104,38,0,558,0,0,8,2,10,416,104,46,2,568,0,0,0,568
10/06/2008,SAN,CA,AWP,WE,Towers with Radar,435,106,17,2,560,0,1,14,3,18,435,107,31,5,578,0,0,0,578
10/07/2008,SAN,CA,AWP,WE,Towers with Radar,430,99,26,0,555,0,2,9,5,16,430,101,35,5,571,0,0,0,571
10/08/2008,SAN,CA,AWP,WE,Towers with Radar,437,101,22,0,560,0,2,31,2,35,437,103,53,2,595,0,0,0,595
10/09/2008,SAN,CA,AWP,WE,Towers with Radar,483,109,38,1,631,0,2,3,2,7,483,111,41,3,638,0,0,0,638
10/10/2008,SAN,CA,AWP,WE,Towers with Radar,450,106,28,1,585,0,1,10,2,13,450,107,38,3,598,0,0,0,598
10/11/2008,SAN,CA,AWP,WE,Towers with Radar,350,80,18,0,448,0,4,8,1,13,350,84,26,1,461,0,0,0,461
10/12/2008,SAN,CA,AWP,WE,Towers with Radar,427,100,25,0,552,0,1,15,5,21,427,101,40,5,573,0,0,0,573
10/13/2008,SAN,CA,AWP,WE,Towers with Radar,440,122,28,0,590,0,0,0,0,0,440,122,28,0,590,0,0,0,590
10/14/2008,SAN,CA,AWP,WE,Towers with Radar,430,106,39,1,576,0,4,6,3,13,430,110,45,4,589,0,0,0,589
10/15/2008,SAN,CA,AWP,WE,Towers with Radar,445,105,29,0,579,0,3,9,3,15,445,108,38,3,594,0,0,0,594
10/16/2008,SAN,CA,AWP,WE,Towers with Radar,471,115,25,0,611,0,1,29,1,31,471,116,54,1,642,0,0,0,642
10/17/2008,SAN,CA,AWP,WE,Towers with Radar,447,112,28,0,587,0,0,19,7,26,447,112,47,7,613,0,0,0,613
10/18/2008,SAN,CA,AWP,WE,Towers with Radar,352,77,18,2,449,0,3,13,0,16,352,80,31,2,465,0,0,0,465
10/19/2008,SAN,CA,AWP,WE,Towers with Radar,420,97,26,0,543,0,0,9,1,10,420,97,35,1,553,0,0,0,553
10/20/2008,SAN,CA,AWP,WE,Towers with Radar,440,99,11,1,551,0,0,10,2,12,440,99,21,3,563,0,0,0,563
10/21/2008,SAN,CA,AWP,WE,Towers with Radar,413,85,15,2,515,0,0,5,1,6,413,85,20,3,521,19,41,60,581
10/22/2008,SAN,CA,AWP,WE,Towers with Radar,458,107,26,0,591,0,2,17,5,24,458,109,43,5,615,0,0,0,615
10/23/2008,SAN,CA,AWP,WE,Towers with Radar,451,107,20,0,578,0,4,16,4,24,451,111,36,4,602,0,0,0,602
10/24/2008,SAN,CA,AWP,WE,Towers with Radar,452,101,31,1,585,0,1,9,2,12,452,102,40,3,597,0,0,0,597
10/25/2008,SAN,CA,AWP,WE,Towers with Radar,352,81,18,1,452,0,1,13,1,15,352,82,31,2,467,0,0,0,467
10/26/2008,SAN,CA,AWP,WE,Towers with Radar,419,104,22,1,546,0,5,6,2,13,419,109,28,3,559,0,0,0,559
10/27/2008,SAN,CA,AWP,WE,Towers with Radar,441,96,16,0,553,0,0,0,0,0,441,96,16,0,553,0,0,0,553
10/28/2008,SAN,CA,AWP,WE,Towers with Radar,431,105,30,0,566,0,1,4,2,7,431,106,34,2,573,0,0,0,573
10/29/2008,SAN,CA,AWP,WE,Towers with Radar,452,84,18,0,554,0,0,6,0,6,452,84,24,0,560,0,0,0,560
10/30/2008,SAN,CA,AWP,WE,Towers with Radar,463,98,27,3,591,0,3,6,1,10,463,101,33,4,601,0,0,0,601
10/31/2008,SAN,CA,AWP,WE,Towers with Radar,435,105,24,1,565,0,1,13,5,19,435,106,37,6,584,0,0,0,584
11/01/2008,SAN,CA,AWP,WE,Towers with Radar,348,77,19,0,444,0,0,10,7,17,348,77,29,7,461,0,0,0,461
11/02/2008,SAN,CA,AWP,WE,Towers with Radar,407,97,25,1,530,0,0,4,5,9,407,97,29,6,539,0,0,0,539
11/03/2008,SAN,CA,AWP,WE,Towers with Radar,433,95,12,1,541,0,0,3,2,5,433,95,15,3,546,0,0,0,546
11/04/2008,SAN,CA,AWP,WE,Towers with Radar,440,95,23,0,558,0,0,4,1,5,440,95,27,1,563,0,0,0,563
11/05/2008,SAN,CA,AWP,WE,Towers with Radar,443,102,23,1,569,0,1,15,2,18,443,103,38,3,587,0,0,0,587
11/06/2008,SAN,CA,AWP,WE,Towers with Radar,454,99,24,0,577,0,1,11,4,16,454,100,35,4,593,0,0,0,593
11/07/2008,SAN,CA,AWP,WE,Towers with Radar,447,94,39,0,580,0,3,8,7,18,447,97,47,7,598,0,0,0,598
11/08/2008,SAN,CA,AWP,WE,Towers with Radar,362,73,24,2,461,0,1,7,1,9,362,74,31,3,470,0,0,0,470
11/09/2008,SAN,CA,AWP,WE,Towers with Radar,398,94,29,2,523,0,1,9,2,12,398,95,38,4,535,0,0,0,535
11/10/2008,SAN,CA,AWP,WE,Towers with Radar,432,95,24,3,554,0,1,11,6,18,432,96,35,9,572,0,0,0,572
11/11/2008,SAN,CA,AWP,WE,Towers with Radar,439,94,37,2,572,0,1,9,0,10,439,95,46,2,582,0,0,0,582
11/12/2008,SAN,CA,AWP,WE,Towers with Radar,446,93,33,0,572,0,0,9,3,12,446,93,42,3,584,0,0,0,584
11/13/2008,SAN,CA,AWP,WE,Towers with Radar,445,107,23,1,576,0,2,13,5,20,445,109,36,6,596,0,0,0,596
11/14/2008,SAN,CA,AWP,WE,Towers with Radar,440,101,33,2,576,0,0,13,3,16,440,101,46,5,592,0,0,0,592
11/15/2008,SAN,CA,AWP,WE,Towers with Radar,382,80,17,0,479,0,2,18,5,25,382,82,35,5,504,0,0,0,504
11/16/2008,SAN,CA,AWP,WE,Towers with Radar,411,95,26,3,535,0,1,10,1,12,411,96,36,4,547,0,0,0,547
11/17/2008,SAN,CA,AWP,WE,Towers with Radar,425,94,18,1,538,0,1,21,0,22,425,95,39,1,560,0,0,0,560
11/18/2008,SAN,CA,AWP,WE,Towers with Radar,438,108,38,0,584,0,0,10,1,11,438,108,48,1,595,0,0,0,595
11/19/2008,SAN,CA,AWP,WE,Towers with Radar,461,99,34,0,594,0,3,11,0,14,461,102,45,0,608,0,0,0,608
11/20/2008,SAN,CA,AWP,WE,Towers with Radar,445,112,37,2,596,0,4,6,0,10,445,116,43,2,606,0,0,0,606
11/21/2008,SAN,CA,AWP,WE,Towers with Radar,445,103,32,0,580,0,0,23,6,29,445,103,55,6,609,0,0,0,609
11/22/2008,SAN,CA,AWP,WE,Towers with Radar,423,88,42,0,553,0,0,4,2,6,423,88,46,2,559,0,0,0,559
11/23/2008,SAN,CA,AWP,WE,Towers with Radar,423,88,42,0,553,0,0,4,2,6,423,88,46,2,559,0,0,0,559
11/24/2008,SAN,CA,AWP,WE,Towers with Radar,443,95,25,2,565,0,2,13,1,16,443,97,38,3,581,0,0,0,581
11/25/2008,SAN,CA,AWP,WE,Towers with Radar,451,100,22,0,573,0,2,15,3,20,451,102,37,3,593,0,0,0,593
11/26/2008,SAN,CA,AWP,WE,Towers with Radar,464,102,28,0,594,0,2,9,2,13,464,104,37,2,607,0,0,0,607
11/27/2008,SAN,CA,AWP,WE,Towers with Radar,314,79,15,5,413,0,0,4,0,4,314,79,19,5,417,0,0,0,417
11/28/2008,SAN,CA,AWP,WE,Towers with Radar,355,79,15,2,451,0,1,8,0,9,355,80,23,2,460,0,0,0,460
11/29/2008,SAN,CA,AWP,WE,Towers with Radar,392,95,16,1,504,0,1,4,4,9,392,96,20,5,513,0,0,0,513
11/30/2008,SAN,CA,AWP,WE,Towers with Radar,430,82,54,1,567,0,0,3,1,4,430,82,57,2,571,0,0,0,571
12/01/2008,SAN,CA,AWP,WE,Towers with Radar,434,81,30,0,545,0,2,13,2,17,434,83,43,2,562,0,0,0,562
12/02/2008,SAN,CA,AWP,WE,Towers with Radar,445,101,16,0,562,0,5,8,0,13,445,106,24,0,575,0,0,0,575
12/03/2008,SAN,CA,AWP,WE,Towers with Radar,436,104,29,1,570,0,3,8,2,13,436,107,37,3,583,0,0,0,583
12/04/2008,SAN,CA,AWP,WE,Towers with Radar,445,111,35,1,592,0,7,9,0,16,445,118,44,1,608,0,0,0,608
12/05/2008,SAN,CA,AWP,WE,Towers with Radar,431,104,31,0,566,0,1,20,2,23,431,105,51,2,589,0,0,0,589
12/06/2008,SAN,CA,AWP,WE,Towers with Radar,351,77,10,2,440,0,3,5,2,10,351,80,15,4,450,0,0,0,450
12/07/2008,SAN,CA,AWP,WE,Towers with Radar,385,98,20,0,503,0,0,4,1,5,385,98,24,1,508,0,0,0,508
12/08/2008,SAN,CA,AWP,WE,Towers with Radar,415,99,18,0,532,0,1,2,3,6,415,100,20,3,538,0,0,0,538
12/09/2008,SAN,CA,AWP,WE,Towers with Radar,426,96,18,1,541,0,1,8,3,12,426,97,26,4,553,0,0,0,553
12/10/2008,SAN,CA,AWP,WE,Towers with Radar,430,102,15,0,547,0,1,13,4,18,430,103,28,4,565,0,0,0,565
12/11/2008,SAN,CA,AWP,WE,Towers with Radar,428,102,20,1,551,0,2,9,7,18,428,104,29,8,569,0,0,0,569
12/12/2008,SAN,CA,AWP,WE,Towers with Radar,431,92,22,2,547,0,1,8,3,12,431,93,30,5,559,0,0,0,559
12/13/2008,SAN,CA,AWP,WE,Towers with Radar,353,68,18,0,439,0,1,2,8,11,353,69,20,8,450,0,0,0,450
12/14/2008,SAN,CA,AWP,WE,Towers with Radar,381,96,14,1,492,0,3,11,0,14,381,99,25,1,506,0,0,0,506
12/15/2008,SAN,CA,AWP,WE,Towers with Radar,405,105,22,0,532,0,2,8,3,13,405,107,30,3,545,0,0,0,545
12/16/2008,SAN,CA,AWP,WE,Towers with Radar,404,95,31,1,531,0,3,4,1,8,404,98,35,2,539,0,0,0,539
12/17/2008,SAN,CA,AWP,WE,Towers with Radar,418,101,19,1,539,0,1,3,1,5,418,102,22,2,544,0,0,0,544
12/18/2008,SAN,CA,AWP,WE,Towers with Radar,423,102,24,0,549,0,1,9,1,11,423,103,33,1,560,0,0,0,560
12/19/2008,SAN,CA,AWP,WE,Towers with Radar,433,107,32,1,573,0,0,0,0,0,433,107,32,1,573,0,0,0,573
12/20/2008,SAN,CA,AWP,WE,Towers with Radar,361,89,20,0,470,0,2,15,2,19,361,91,35,2,489,0,0,0,489
12/21/2008,SAN,CA,AWP,WE,Towers with Radar,395,89,18,0,502,0,2,13,2,17,395,91,31,2,519,0,0,0,519
12/22/2008,SAN,CA,AWP,WE,Towers with Radar,437,106,27,0,570,0,0,1,0,1,437,106,28,0,571,0,0,0,571
12/23/2008,SAN,CA,AWP,WE,Towers with Radar,433,101,30,0,564,0,0,5,2,7,433,101,35,2,571,0,0,0,571
12/24/2008,SAN,CA,AWP,WE,Towers with Radar,408,103,23,1,535,0,1,1,3,5,408,104,24,4,540,0,0,0,540
12/25/2008,SAN,CA,AWP,WE,Towers with Radar,399,82,4,0,485,0,0,1,1,2,399,82,5,1,487,0,0,0,487
12/26/2008,SAN,CA,AWP,WE,Towers with Radar,426,98,16,3,543,0,0,0,0,0,426,98,16,3,543,0,0,0,543
12/27/2008,SAN,CA,AWP,WE,Towers with Radar,402,105,29,0,536,0,2,9,3,14,402,107,38,3,550,0,0,0,550
12/28/2008,SAN,CA,AWP,WE,Towers with Radar,395,100,23,0,518,0,1,1,7,9,395,101,24,7,527,0,0,0,527
12/29/2008,SAN,CA,AWP,WE,Towers with Radar,441,107,29,0,577,0,1,12,6,19,441,108,41,6,596,0,0,0,596
12/30/2008,SAN,CA,AWP,WE,Towers with Radar,306,68,26,1,401,0,1,7,1,9,306,69,33,2,410,0,0,0,410
12/31/2008,SAN,CA,AWP,WE,Towers with Radar,413,105,22,0,540,0,0,12,1,13,413,105,34,1,553,0,0,0,553
01/01/2009,SAN,CA,AWP,WE,Towers with Radar,473,84,11,0,568,0,0,4,1,5,473,84,15,1,573,0,0,0,573
01/02/2009,SAN,CA,AWP,WE,Towers with Radar,445,102,25,1,573,0,1,6,0,7,445,103,31,1,580,0,0,0,580
01/03/2009,SAN,CA,AWP,WE,Towers with Radar,407,101,39,0,547,0,2,1,1,4,407,103,40,1,551,0,0,0,551
01/04/2009,SAN,CA,AWP,WE,Towers with Radar,403,93,19,0,515,0,0,18,1,19,403,93,37,1,534,0,0,0,534
01/05/2009,SAN,CA,AWP,WE,Towers with Radar,414,97,14,0,525,0,2,12,2,16,414,99,26,2,541,0,0,0,541
01/06/2009,SAN,CA,AWP,WE,Towers with Radar,413,107,19,1,540,0,4,7,2,13,413,111,26,3,553,0,0,0,553
01/07/2009,SAN,CA,AWP,WE,Towers with Radar,414,107,15,2,538,0,1,14,2,17,414,108,29,4,555,0,0,0,555
01/08/2009,SAN,CA,AWP,WE,Towers with Radar,423,99,17,1,540,0,1,8,0,9,423,100,25,1,549,0,0,0,549
01/09/2009,SAN,CA,AWP,WE,Towers with Radar,425,99,25,1,550,0,0,2,0,2,425,99,27,1,552,0,0,0,552
01/10/2009,SAN,CA,AWP,WE,Towers with Radar,341,76,12,1,430,0,1,6,1,8,341,77,18,2,438,0,0,0,438
01/11/2009,SAN,CA,AWP,WE,Towers with Radar,371,94,13,0,478,0,2,16,3,21,371,96,29,3,499,0,0,0,499
01/12/2009,SAN,CA,AWP,WE,Towers with Radar,401,100,13,2,516,0,3,10,7,20,401,103,23,9,536,0,0,0,536
01/13/2009,SAN,CA,AWP,WE,Towers with Radar,405,106,13,0,524,0,1,9,0,10,405,107,22,0,534,0,0,0,534
01/14/2009,SAN,CA,AWP,WE,Towers with Radar,416,101,23,1,541,0,0,6,1,7,416,101,29,2,548,0,0,0,548
01/15/2009,SAN,CA,AWP,WE,Towers with Radar,422,101,22,2,547,0,0,14,0,14,422,101,36,2,561,0,0,0,561
01/16/2009,SAN,CA,AWP,WE,Towers with Radar,417,105,27,0,549,0,3,15,4,22,417,108,42,4,571,0,0,0,571
01/17/2009,SAN,CA,AWP,WE,Towers with Radar,311,83,7,0,401,0,1,13,3,17,311,84,20,3,418,0,0,0,418
01/18/2009,SAN,CA,AWP,WE,Towers with Radar,375,92,12,2,481,0,4,16,1,21,375,96,28,3,502,0,0,0,502
01/19/2009,SAN,CA,AWP,WE,Towers with Radar,404,108,13,2,527,0,1,17,0,18,404,109,30,2,545,0,0,0,545
01/20/2009,SAN,CA,AWP,WE,Towers with Radar,413,104,17,0,534,0,2,6,3,11,413,106,23,3,545,0,0,0,545
01/21/2009,SAN,CA,AWP,WE,Towers with Radar,416,104,21,1,542,0,0,12,2,14,416,104,33,3,556,0,0,0,556
01/22/2009,SAN,CA,AWP,WE,Towers with Radar,419,112,11,2,544,0,1,12,1,14,419,113,23,3,558,0,0,0,558
01/23/2009,SAN,CA,AWP,WE,Towers with Radar,419,112,31,0,562,0,0,11,0,11,419,112,42,0,573,0,0,0,573
01/24/2009,SAN,CA,AWP,WE,Towers with Radar,315,88,17,4,424,0,1,4,6,11,315,89,21,10,435,0,0,0,435
01/25/2009,SAN,CA,AWP,WE,Towers with Radar,372,99,27,0,498,0,1,7,0,8,372,100,34,0,506,0,0,0,506
01/26/2009,SAN,CA,AWP,WE,Towers with Radar,402,119,29,1,551,0,1,9,2,12,402,120,38,3,563,0,0,0,563
01/27/2009,SAN,CA,AWP,WE,Towers with Radar,407,117,29,0,553,0,1,11,3,15,407,118,40,3,568,0,0,0,568
01/28/2009,SAN,CA,AWP,WE,Towers with Radar,390,117,42,0,549,0,2,14,2,18,390,119,56,2,567,0,0,0,567
01/29/2009,SAN,CA,AWP,WE,Towers with Radar,412,118,27,0,557,0,0,8,0,8,412,118,35,0,565,0,0,0,565
01/30/2009,SAN,CA,AWP,WE,Towers with Radar,417,104,23,0,544,0,0,3,12,15,417,104,26,12,559,0,0,0,559
01/31/2009,SAN,CA,AWP,WE,Towers with Radar,294,86,13,0,393,0,0,11,0,11,294,86,24,0,404,0,0,0,404
02/01/2009,SAN,CA,AWP,WE,Towers with Radar,380,99,27,0,506,0,2,6,1,9,380,101,33,1,515,0,0,0,515
02/02/2009,SAN,CA,AWP,WE,Towers with Radar,411,103,34,1,549,0,5,24,2,31,411,108,58,3,580,0,0,0,580
02/03/2009,SAN,CA,AWP,WE,Towers with Radar,416,107,30,1,554,0,1,7,6,14,416,108,37,7,568,0,0,0,568
02/04/2009,SAN,CA,AWP,WE,Towers with Radar,406,113,29,0,548,0,0,9,2,11,406,113,38,2,559,0,0,0,559
02/05/2009,SAN,CA,AWP,WE,Towers with Radar,412,118,29,1,560,0,2,3,1,6,412,120,32,2,566,0,0,0,566
02/06/2009,SAN,CA,AWP,WE,Towers with Radar,423,105,13,0,541,0,3,6,0,9,423,108,19,0,550,0,0,0,550
02/07/2009,SAN,CA,AWP,WE,Towers with Radar,314,89,11,0,414,0,1,1,4,6,314,90,12,4,420,0,0,0,420
02/08/2009,SAN,CA,AWP,WE,Towers with Radar,374,97,23,0,494,0,3,7,2,12,374,100,30,2,506,0,0,0,506
02/09/2009,SAN,CA,AWP,WE,Towers with Radar,409,103,24,0,536,0,0,4,1,5,409,103,28,1,541,0,0,0,541
02/10/2009,SAN,CA,AWP,WE,Towers with Radar,407,94,32,0,533,0,0,13,3,16,407,94,45,3,549,0,0,0,549
02/11/2009,SAN,CA,AWP,WE,Towers with Radar,420,105,26,0,551,0,0,10,3,13,420,105,36,3,564,0,0,0,564
02/12/2009,SAN,CA,AWP,WE,Towers with Radar,433,113,15,0,561,0,0,16,2,18,433,113,31,2,579,0,0,0,579
02/13/2009,SAN,CA,AWP,WE,Towers with Radar,419,109,41,1,570,0,2,5,0,7,419,111,46,1,577,0,0,0,577
02/14/2009,SAN,CA,AWP,WE,Towers with Radar,333,87,19,0,439,0,2,10,6,18,333,89,29,6,457,0,0,0,457
02/15/2009,SAN,CA,AWP,WE,Towers with Radar,389,90,26,0,505,0,7,9,2,18,389,97,35,2,523,0,0,0,523
02/16/2009,SAN,CA,AWP,WE,Towers with Radar,423,104,24,0,551,0,0,1,0,1,423,104,25,0,552,0,0,0,552
02/17/2009,SAN,CA,AWP,WE,Towers with Radar,421,112,11,0,544,0,1,3,1,5,421,113,14,1,549,0,0,0,549
02/18/2009,SAN,CA,AWP,WE,Towers with Radar,428,105,19,0,552,0,3,17,2,22,428,108,36,2,574,0,0,0,574
02/19/2009,SAN,CA,AWP,WE,Towers with Radar,429,112,27,1,569,0,2,15,2,19,429,114,42,3,588,0,0,0,588
02/20/2009,SAN,CA,AWP,WE,Towers with Radar,433,114,30,0,577,6,14,2,0,22,439,128,32,0,599,0,0,0,599
02/21/2009,SAN,CA,AWP,WE,Towers with Radar,331,84,20,0,435,0,0,17,3,20,331,84,37,3,455,0,0,0,455
02/22/2009,SAN,CA,AWP,WE,Towers with Radar,386,105,22,0,513,0,2,7,2,11,386,107,29,2,524,0,0,0,524
02/23/2009,SAN,CA,AWP,WE,Towers with Radar,416,106,26,2,550,0,12,11,0,23,416,118,37,2,573,0,0,0,573
02/24/2009,SAN,CA,AWP,WE,Towers with Radar,424,103,26,5,558,0,25,10,11,46,424,128,36,16,604,0,0,0,604
02/25/2009,SAN,CA,AWP,WE,Towers with Radar,427,106,23,2,558,0,5,11,1,17,427,111,34,3,575,0,0,0,575
02/26/2009,SAN,CA,AWP,WE,Towers with Radar,427,109,16,0,552,0,1,6,2,9,427,110,22,2,561,0,0,0,561
02/27/2009,SAN,CA,AWP,WE,Towers with Radar,431,102,13,1,547,0,1,8,1,10,431,103,21,2,557,0,0,0,557
02/28/2009,SAN,CA,AWP,WE,Towers with Radar,349,89,17,3,458,0,0,11,4,15,349,89,28,7,473,0,0,0,473
03/01/2009,SAN,CA,AWP,WE,Towers with Radar,376,97,13,1,487,0,1,14,3,18,376,98,27,4,505,0,0,0,505
03/02/2009,SAN,CA,AWP,WE,Towers with Radar,412,98,25,3,538,0,6,12,2,20,412,104,37,5,558,0,0,0,558
03/03/2009,SAN,CA,AWP,WE,Towers with Radar,410,110,31,2,553,0,1,4,1,6,410,111,35,3,559,0,0,0,559
03/04/2009,SAN,CA,AWP,WE,Towers with Radar,421,102,32,2,557,0,0,10,1,11,421,102,42,3,568,0,0,0,568
03/05/2009,SAN,CA,AWP,WE,Towers with Radar,429,104,19,0,552,0,3,2,0,5,429,107,21,0,557,0,0,0,557
03/06/2009,SAN,CA,AWP,WE,Towers with Radar,428,96,27,0,551,0,0,7,0,7,428,96,34,0,558,0,0,0,558
03/07/2009,SAN,CA,AWP,WE,Towers with Radar,347,79,21,14,461,0,4,5,15,24,347,83,26,29,485,0,0,0,485
03/08/2009,SAN,CA,AWP,WE,Towers with Radar,389,90,19,0,498,0,3,7,2,12,389,93,26,2,510,0,0,0,510
03/09/2009,SAN,CA,AWP,WE,Towers with Radar,405,109,12,3,529,0,3,6,2,11,405,112,18,5,540,0,0,0,540
03/10/2009,SAN,CA,AWP,WE,Towers with Radar,406,98,27,0,531,0,1,15,4,20,406,99,42,4,551,0,0,0,551
03/11/2009,SAN,CA,AWP,WE,Towers with Radar,431,97,51,8,587,0,0,2,0,2,431,97,53,8,589,0,0,0,589
03/12/2009,SAN,CA,AWP,WE,Towers with Radar,424,105,22,3,554,0,3,8,5,16,424,108,30,8,570,0,0,0,570
03/13/2009,SAN,CA,AWP,WE,Towers with Radar,428,92,23,3,546,0,2,25,0,27,428,94,48,3,573,0,0,0,573
03/14/2009,SAN,CA,AWP,WE,Towers with Radar,348,79,12,1,440,0,1,3,2,6,348,80,15,3,446,0,0,0,446
03/15/2009,SAN,CA,AWP,WE,Towers with Radar,393,89,23,0,505,0,1,9,3,13,393,90,32,3,518,0,0,0,518
03/16/2009,SAN,CA,AWP,WE,Towers with Radar,412,100,17,0,529,0,6,17,11,34,412,106,34,11,563,0,0,0,563
03/17/2009,SAN,CA,AWP,WE,Towers with Radar,416,110,12,1,539,0,4,14,2,20,416,114,26,3,559,0,0,0,559
03/18/2009,SAN,CA,AWP,WE,Towers with Radar,482,99,12,2,595,0,0,10,1,11,482,99,22,3,606,0,0,0,606
03/19/2009,SAN,CA,AWP,WE,Towers with Radar,230,61,13,0,304,0,0,3,1,4,230,61,16,1,308,0,0,0,308
03/20/2009,SAN,CA,AWP,WE,Towers with Radar,425,114,15,1,555,0,0,5,1,6,425,114,20,2,561,29,7,36,597
03/21/2009,SAN,CA,AWP,WE,Towers with Radar,353,79,11,0,443,0,0,3,1,4,353,79,14,1,447,0,0,0,447
03/22/2009,SAN,CA,AWP,WE,Towers with Radar,429,98,20,0,547,0,3,7,1,11,429,101,27,1,558,0,0,0,558
03/23/2009,SAN,CA,AWP,WE,Towers with Radar,418,98,15,1,532,0,2,7,1,10,418,100,22,2,542,0,0,0,542
03/24/2009,SAN,CA,AWP,WE,Towers with Radar,418,102,11,1,532,0,6,20,6,32,418,108,31,7,564,0,0,0,564
03/25/2009,SAN,CA,AWP,WE,Towers with Radar,419,104,33,5,561,0,4,11,3,18,419,108,44,8,579,0,0,0,579
03/26/2009,SAN,CA,AWP,WE,Towers with Radar,414,107,30,0,551,0,7,11,1,19,414,114,41,1,570,0,0,0,570
03/27/2009,SAN,CA,AWP,WE,Towers with Radar,427,100,27,1,555,0,0,13,1,14,427,100,40,2,569,0,0,0,569
03/28/2009,SAN,CA,AWP,WE,Towers with Radar,355,75,13,0,443,0,0,21,3,24,355,75,34,3,467,0,0,0,467
03/29/2009,SAN,CA,AWP,WE,Towers with Radar,387,91,21,0,499,0,1,2,0,3,387,92,23,0,502,0,0,0,502
03/30/2009,SAN,CA,AWP,WE,Towers with Radar,416,100,15,3,534,0,2,17,2,21,416,102,32,5,555,0,0,0,555
03/31/2009,SAN,CA,AWP,WE,Towers with Radar,424,99,17,2,542,0,1,20,1,22,424,100,37,3,564,0,0,0,564
04/01/2009,SAN,CA,AWP,WE,Towers with Radar,422,108,23,3,556,0,1,10,2,13,422,109,33,5,569,0,0,0,569
04/02/2009,SAN,CA,AWP,WE,Towers with Radar,428,105,19,1,553,0,1,6,1,8,428,106,25,2,561,0,0,0,561
04/03/2009,SAN,CA,AWP,WE,Towers with Radar,425,103,35,1,564,0,3,7,2,12,425,106,42,3,576,0,0,0,576
04/04/2009,SAN,CA,AWP,WE,Towers with Radar,345,77,18,1,441,0,1,12,3,16,345,78,30,4,457,0,0,0,457
04/05/2009,SAN,CA,AWP,WE,Towers with Radar,388,106,25,1,520,0,2,13,0,15,388,108,38,1,535,0,0,0,535
04/06/2009,SAN,CA,AWP,WE,Towers with Radar,416,101,30,1,548,0,3,5,6,14,416,104,35,7,562,0,0,0,562
04/07/2009,SAN,CA,AWP,WE,Towers with Radar,434,103,15,3,555,0,2,7,3,12,434,105,22,6,567,0,0,0,567
04/08/2009,SAN,CA,AWP,WE,Towers with Radar,425,105,20,0,550,0,0,8,2,10,425,105,28,2,560,0,0,0,560
04/09/2009,SAN,CA,AWP,WE,Towers with Radar,422,103,18,2,545,0,0,5,4,9,422,103,23,6,554,0,0,0,554
04/10/2009,SAN,CA,AWP,WE,Towers with Radar,427,105,30,0,562,0,0,1,1,2,427,105,31,1,564,0,0,0,564
04/11/2009,SAN,CA,AWP,WE,Towers with Radar,354,81,9,2,446,0,0,8,1,9,354,81,17,3,455,0,0,0,455
04/12/2009,SAN,CA,AWP,WE,Towers with Radar,393,104,34,0,531,0,1,13,0,14,393,105,47,0,545,0,0,0,545
04/13/2009,SAN,CA,AWP,WE,Towers with Radar,410,100,25,2,537,0,0,19,1,20,410,100,44,3,557,0,0,0,557
04/14/2009,SAN,CA,AWP,WE,Towers with Radar,429,97,43,1,570,0,2,7,2,11,429,99,50,3,581,0,0,0,581
04/15/2009,SAN,CA,AWP,WE,Towers with Radar,428,119,20,1,568,0,0,7,2,9,428,119,27,3,577,0,0,0,577
04/16/2009,SAN,CA,AWP,WE,Towers with Radar,427,104,20,0,551,0,2,10,1,13,427,106,30,1,564,0,0,0,564
04/17/2009,SAN,CA,AWP,WE,Towers with Radar,417,99,27,0,543,0,0,18,5,23,417,99,45,5,566,54,21,75,641
04/18/2009,SAN,CA,AWP,WE,Towers with Radar,362,77,15,1,455,0,1,16,1,18,362,78,31,2,473,0,0,0,473
04/19/2009,SAN,CA,AWP,WE,Towers with Radar,402,89,21,2,514,0,3,16,1,20,402,92,37,3,534,0,0,0,534
04/20/2009,SAN,CA,AWP,WE,Towers with Radar,417,106,14,0,537,0,2,8,2,12,417,108,22,2,549,0,0,0,549
04/21/2009,SAN,CA,AWP,WE,Towers with Radar,416,96,20,1,533,0,2,5,9,16,416,98,25,10,549,0,0,0,549
04/22/2009,SAN,CA,AWP,WE,Towers with Radar,409,111,31,2,553,0,5,3,1,9,409,116,34,3,562,0,0,0,562
04/23/2009,SAN,CA,AWP,WE,Towers with Radar,438,105,22,3,568,0,1,5,2,8,438,106,27,5,576,0,0,0,576
04/24/2009,SAN,CA,AWP,WE,Towers with Radar,428,103,23,0,554,0,1,4,2,7,428,104,27,2,561,0,0,0,561
04/25/2009,SAN,CA,AWP,WE,Towers with Radar,348,78,24,0,450,0,2,6,4,12,348,80,30,4,462,0,0,0,462
04/26/2009,SAN,CA,AWP,WE,Towers with Radar,396,98,23,0,517,0,5,20,2,27,396,103,43,2,544,0,0,0,544
04/27/2009,SAN,CA,AWP,WE,Towers with Radar,409,104,19,3,535,0,6,9,1,16,409,110,28,4,551,0,0,0,551
04/28/2009,SAN,CA,AWP,WE,Towers with Radar,429,95,24,2,550,0,2,15,1,18,429,97,39,3,568,0,0,0,568
04/29/2009,SAN,CA,AWP,WE,Towers with Radar,414,105,20,0,539,0,2,10,1,13,414,107,30,1,552,0,0,0,552
04/30/2009,SAN,CA,AWP,WE,Towers with Radar,423,100,23,1,547,0,1,3,0,4,423,101,26,1,551,0,0,0,551
05/01/2009,SAN,CA,AWP,WE,Towers with Radar,419,108,31,3,561,0,2,24,2,28,419,110,55,5,589,0,0,0,589
05/02/2009,SAN,CA,AWP,WE,Towers with Radar,349,80,10,0,439,0,1,7,1,9,349,81,17,1,448,0,0,0,448
05/03/2009,SAN,CA,AWP,WE,Towers with Radar,403,101,43,0,547,0,0,6,3,9,403,101,49,3,556,0,0,0,556
05/04/2009,SAN,CA,AWP,WE,Towers with Radar,415,98,20,0,533,0,1,17,2,20,415,99,37,2,553,0,0,0,553
05/05/2009,SAN,CA,AWP,WE,Towers with Radar,428,110,16,0,554,0,0,0,0,0,428,110,16,0,554,0,0,0,554
05/06/2009,SAN,CA,AWP,WE,Towers with Radar,426,103,22,0,551,0,1,16,4,21,426,104,38,4,572,0,0,0,572
05/07/2009,SAN,CA,AWP,WE,Towers with Radar,432,102,39,3,576,0,1,13,3,17,432,103,52,6,593,0,0,0,593
05/08/2009,SAN,CA,AWP,WE,Towers with Radar,449,117,36,1,603,0,0,11,1,12,449,117,47,2,615,0,0,0,615
05/09/2009,SAN,CA,AWP,WE,Towers with Radar,365,82,34,3,484,0,1,10,3,14,365,83,44,6,498,0,0,0,498
05/10/2009,SAN,CA,AWP,WE,Towers with Radar,406,93,48,0,547,0,0,37,0,37,406,93,85,0,584,0,0,0,584
05/11/2009,SAN,CA,AWP,WE,Towers with Radar,430,99,28,0,557,0,0,8,1,9,430,99,36,1,566,0,0,0,566
05/12/2009,SAN,CA,AWP,WE,Towers with Radar,427,103,28,0,558,0,0,8,1,9,427,103,36,1,567,0,0,0,567
05/13/2009,SAN,CA,AWP,WE,Towers with Radar,437,103,40,0,580,0,1,7,0,8,437,104,47,0,588,0,0,0,588
05/14/2009,SAN,CA,AWP,WE,Towers with Radar,436,118,21,0,575,0,0,13,3,16,436,118,34,3,591,0,0,0,591
05/15/2009,SAN,CA,AWP,WE,Towers with Radar,441,111,27,0,579,0,0,6,0,6,441,111,33,0,585,0,0,0,585
05/16/2009,SAN,CA,AWP,WE,Towers with Radar,375,81,22,1,479,0,0,4,1,5,375,81,26,2,484,0,0,0,484
05/17/2009,SAN,CA,AWP,WE,Towers with Radar,422,109,28,0,559,0,2,5,3,10,422,111,33,3,569,0,0,0,569
05/18/2009,SAN,CA,AWP,WE,Towers with Radar,411,107,12,0,530,0,1,6,1,8,411,108,18,1,538,0,0,0,538
05/19/2009,SAN,CA,AWP,WE,Towers with Radar,436,104,20,1,561,0,1,13,2,16,436,105,33,3,577,0,0,0,577
05/20/2009,SAN,CA,AWP,WE,Towers with Radar,440,117,45,0,602,0,1,9,1,11,440,118,54,1,613,0,0,0,613
05/21/2009,SAN,CA,AWP,WE,Towers with Radar,465,107,29,0,601,0,3,13,1,17,465,110,42,1,618,0,0,0,618
05/22/2009,SAN,CA,AWP,WE,Towers with Radar,453,105,46,2,606,0,0,17,5,22,453,105,63,7,628,0,0,0,628
05/23/2009,SAN,CA,AWP,WE,Towers with Radar,360,83,14,0,457,0,1,2,1,4,360,84,16,1,461,0,0,0,461
05/24/2009,SAN,CA,AWP,WE,Towers with Radar,338,76,22,0,436,0,4,9,3,16,338,80,31,3,452,0,0,0,452
05/25/2009,SAN,CA,AWP,WE,Towers with Radar,407,101,37,0,545,0,0,10,1,11,407,101,47,1,556,0,0,0,556
05/26/2009,SAN,CA,AWP,WE,Towers with Radar,435,109,25,1,570,0,0,6,3,9,435,109,31,4,579,0,0,0,579
05/27/2009,SAN,CA,AWP,WE,Towers with Radar,440,105,25,0,570,0,4,5,3,12,440,109,30,3,582,0,0,0,582
05/28/2009,SAN,CA,AWP,WE,Towers with Radar,447,104,27,1,579,0,1,5,4,10,447,105,32,5,589,0,0,0,589
05/29/2009,SAN,CA,AWP,WE,Towers with Radar,443,113,22,1,579,0,0,2,1,3,443,113,24,2,582,0,0,0,582
05/30/2009,SAN,CA,AWP,WE,Towers with Radar,400,79,14,1,494,0,0,2,2,4,400,79,16,3,498,0,0,0,498
05/31/2009,SAN,CA,AWP,WE,Towers with Radar,413,102,25,0,540,0,1,3,1,5,413,103,28,1,545,0,0,0,545
06/01/2009,SAN,CA,AWP,WE,Towers with Radar,434,108,33,2,577,0,0,4,0,4,434,108,37,2,581,0,0,0,581
06/02/2009,SAN,CA,AWP,WE,Towers with Radar,438,116,32,0,586,0,4,16,18,38,438,120,48,18,624,0,0,0,624
06/03/2009,SAN,CA,AWP,WE,Towers with Radar,443,107,37,0,587,0,3,3,1,7,443,110,40,1,594,0,0,0,594
06/04/2009,SAN,CA,AWP,WE,Towers with Radar,453,99,30,2,584,0,0,13,2,15,453,99,43,4,599,0,0,0,599
06/05/2009,SAN,CA,AWP,WE,Towers with Radar,447,111,17,0,575,0,0,12,2,14,447,111,29,2,589,53,58,111,700
06/06/2009,SAN,CA,AWP,WE,Towers with Radar,386,86,10,1,483,0,2,9,0,11,386,88,19,1,494,0,0,0,494
06/07/2009,SAN,CA,AWP,WE,Towers with Radar,417,97,20,0,534,0,2,9,0,11,417,99,29,0,545,0,0,0,545
06/08/2009,SAN,CA,AWP,WE,Towers with Radar,441,105,22,2,570,0,0,11,10,21,441,105,33,12,591,0,0,0,591
06/09/2009,SAN,CA,AWP,WE,Towers with Radar,434,109,16,2,561,0,0,11,2,13,434,109,27,4,574,0,0,0,574
06/10/2009,SAN,CA,AWP,WE,Towers with Radar,456,107,15,0,578,0,0,15,4,19,456,107,30,4,597,0,0,0,597
06/11/2009,SAN,CA,AWP,WE,Towers with Radar,443,99,11,0,553,0,2,7,2,11,443,101,18,2,564,0,0,0,564
06/12/2009,SAN,CA,AWP,WE,Towers with Radar,465,108,13,1,587,0,1,5,1,7,465,109,18,2,594,0,0,0,594
06/13/2009,SAN,CA,AWP,WE,Towers with Radar,400,87,12,0,499,0,0,3,0,3,400,87,15,0,502,0,0,0,502
06/14/2009,SAN,CA,AWP,WE,Towers with Radar,435,100,33,0,568,0,8,10,2,20,435,108,43,2,588,0,0,0,588
06/15/2009,SAN,CA,AWP,WE,Towers with Radar,442,98,12,1,553,0,1,9,1,11,442,99,21,2,564,0,0,0,564
06/16/2009,SAN,CA,AWP,WE,Towers with Radar,458,107,20,0,585,0,3,15,0,18,458,110,35,0,603,0,0,0,603
06/17/2009,SAN,CA,AWP,WE,Towers with Radar,459,107,32,1,599,0,1,8,4,13,459,108,40,5,612,0,0,0,612
06/18/2009,SAN,CA,AWP,WE,Towers with Radar,454,103,23,2,582,0,7,9,6,22,454,110,32,8,604,0,0,0,604
06/19/2009,SAN,CA,AWP,WE,Towers with Radar,446,103,19,28,596,0,0,2,0,2,446,103,21,28,598,0,0,0,598
06/20/2009,SAN,CA,AWP,WE,Towers with Radar,421,98,19,4,542,0,1,5,3,9,421,99,24,7,551,0,0,0,551
06/21/2009,SAN,CA,AWP,WE,Towers with Radar,436,96,19,1,552,0,2,5,0,7,436,98,24,1,559,0,0,0,559
06/22/2009,SAN,CA,AWP,WE,Towers with Radar,450,99,29,1,579,0,4,7,2,13,450,103,36,3,592,0,0,0,592
06/23/2009,SAN,CA,AWP,WE,Towers with Radar,458,102,16,1,577,0,0,7,4,11,458,102,23,5,588,0,0,0,588
06/24/2009,SAN,CA,AWP,WE,Towers with Radar,462,104,23,1,590,0,2,5,4,11,462,106,28,5,601,0,0,0,601
06/25/2009,SAN,CA,AWP,WE,Towers with Radar,461,99,27,2,589,0,0,4,2,6,461,99,31,4,595,0,0,0,595
06/26/2009,SAN,CA,AWP,WE,Towers with Radar,452,108,23,9,592,0,1,12,4,17,452,109,35,13,609,0,0,0,609
06/27/2009,SAN,CA,AWP,WE,Towers with Radar,402,85,17,3,507,0,1,9,0,10,402,86,26,3,517,0,0,0,517
06/28/2009,SAN,CA,AWP,WE,Towers with Radar,426,103,20,0,549,0,2,9,3,14,426,105,29,3,563,0,0,0,563
06/29/2009,SAN,CA,AWP,WE,Towers with Radar,451,99,24,3,577,0,0,11,0,11,451,99,35,3,588,0,0,0,588
06/30/2009,SAN,CA,AWP,WE,Towers with Radar,456,99,17,1,573,0,0,4,0,4,456,99,21,1,577,0,0,0,577
07/01/2009,SAN,CA,AWP,WE,Towers with Radar,469,107,19,1,596,0,0,2,1,3,469,107,21,2,599,0,0,0,599
07/02/2009,SAN,CA,AWP,WE,Towers with Radar,458,106,39,3,606,0,3,7,0,10,458,109,46,3,616,0,0,0,616
07/03/2009,SAN,CA,AWP,WE,Towers with Radar,422,97,27,2,548,0,1,11,4,16,422,98,38,6,564,0,0,0,564
07/04/2009,SAN,CA,AWP,WE,Towers with Radar,335,65,15,0,415,0,0,17,3,20,335,65,32,3,435,0,0,0,435
07/05/2009,SAN,CA,AWP,WE,Towers with Radar,429,89,46,2,566,0,0,17,2,19,429,89,63,4,585,0,0,0,585
07/06/2009,SAN,CA,AWP,WE,Towers with Radar,430,89,33,0,552,0,2,16,2,20,430,91,49,2,572,0,0,0,572
07/07/2009,SAN,CA,AWP,WE,Towers with Radar,433,102,22,3,560,0,3,10,0,13,433,105,32,3,573,0,0,0,573
07/08/2009,SAN,CA,AWP,WE,Towers with Radar,457,106,19,1,583,0,0,10,1,11,457,106,29,2,594,0,0,0,594
07/09/2009,SAN,CA,AWP,WE,Towers with Radar,462,108,13,0,583,0,3,6,5,14,462,111,19,5,597,0,0,0,597
07/10/2009,SAN,CA,AWP,WE,Towers with Radar,454,109,20,1,584,0,5,14,2,21,454,114,34,3,605,0,0,0,605
07/11/2009,SAN,CA,AWP,WE,Towers with Radar,396,85,12,2,495,0,1,24,0,25,396,86,36,2,520,0,0,0,520
07/12/2009,SAN,CA,AWP,WE,Towers with Radar,424,93,20,0,537,0,1,10,1,12,424,94,30,1,549,0,0,0,549
07/13/2009,SAN,CA,AWP,WE,Towers with Radar,455,107,15,0,577,0,3,15,2,20,455,110,30,2,597,0,0,0,597
07/14/2009,SAN,CA,AWP,WE,Towers with Radar,454,108,22,0,584,0,1,7,0,8,454,109,29,0,592,0,0,0,592
07/15/2009,SAN,CA,AWP,WE,Towers with Radar,466,108,28,0,602,0,2,8,2,12,466,110,36,2,614,49,131,180,794
07/16/2009,SAN,CA,AWP,WE,Towers with Radar,454,109,28,0,591,0,1,13,0,14,454,110,41,0,605,0,0,0,605
07/17/2009,SAN,CA,AWP,WE,Towers with Radar,457,112,39,0,608,0,3,12,2,17,457,115,51,2,625,0,0,0,625
07/18/2009,SAN,CA,AWP,WE,Towers with Radar,397,87,18,1,503,0,2,10,3,15,397,89,28,4,518,0,0,0,518
07/19/2009,SAN,CA,AWP,WE,Towers with Radar,429,92,29,1,551,0,3,17,2,22,429,95,46,3,573,0,0,0,573
07/20/2009,SAN,CA,AWP,WE,Towers with Radar,446,97,24,0,567,0,2,19,1,22,446,99,43,1,589,0,0,0,589
07/21/2009,SAN,CA,AWP,WE,Towers with Radar,463,104,19,0,586,0,9,18,0,27,463,113,37,0,613,0,0,0,613
07/22/2009,SAN,CA,AWP,WE,Towers with Radar,464,111,33,2,610,0,0,19,3,22,464,111,52,5,632,0,0,0,632
07/23/2009,SAN,CA,AWP,WE,Towers with Radar,470,115,32,2,619,0,4,11,0,15,470,119,43,2,634,0,0,0,634
07/24/2009,SAN,CA,AWP,WE,Towers with Radar,469,112,44,1,626,0,1,6,1,8,469,113,50,2,634,0,0,0,634
07/25/2009,SAN,CA,AWP,WE,Towers with Radar,396,84,21,0,501,0,2,7,3,12,396,86,28,3,513,0,0,0,513
07/26/2009,SAN,CA,AWP,WE,Towers with Radar,424,94,25,0,543,0,0,10,2,12,424,94,35,2,555,0,0,0,555
07/27/2009,SAN,CA,AWP,WE,Towers with Radar,458,115,20,2,595,0,1,6,2,9,458,116,26,4,604,0,0,0,604
07/28/2009,SAN,CA,AWP,WE,Towers with Radar,461,107,27,0,595,0,4,9,3,16,461,111,36,3,611,0,0,0,611
07/29/2009,SAN,CA,AWP,WE,Towers with Radar,458,100,38,0,596,0,3,5,4,12,458,103,43,4,608,0,0,0,608
07/30/2009,SAN,CA,AWP,WE,Towers with Radar,469,110,40,0,619,0,2,9,1,12,469,112,49,1,631,0,0,0,631
07/31/2009,SAN,CA,AWP,WE,Towers with Radar,454,112,29,2,597,0,4,5,5,14,454,116,34,7,611,0,0,0,611
08/01/2009,SAN,CA,AWP,WE,Towers with Radar,409,93,22,0,524,0,3,12,1,16,409,96,34,1,540,0,0,0,540
08/02/2009,SAN,CA,AWP,WE,Towers with Radar,432,96,29,0,557,0,1,8,0,9,432,97,37,0,566,0,0,0,566
08/03/2009,SAN,CA,AWP,WE,Towers with Radar,451,108,23,0,582,0,3,15,1,19,451,111,38,1,601,0,0,0,601
08/04/2009,SAN,CA,AWP,WE,Towers with Radar,451,104,20,2,577,0,2,16,2,20,451,106,36,4,597,0,0,0,597
08/05/2009,SAN,CA,AWP,WE,Towers with Radar,459,108,32,0,599,0,1,15,0,16,459,109,47,0,615,0,0,0,615
08/06/2009,SAN,CA,AWP,WE,Towers with Radar,457,110,27,3,597,0,4,13,2,19,457,114,40,5,616,0,0,0,616
08/07/2009,SAN,CA,AWP,WE,Towers with Radar,453,108,19,3,583,0,0,12,3,15,453,108,31,6,598,0,0,0,598
08/08/2009,SAN,CA,AWP,WE,Towers with Radar,403,95,22,2,522,0,1,23,1,25,403,96,45,3,547,0,0,0,547
08/09/2009,SAN,CA,AWP,WE,Towers with Radar,431,110,27,1,569,0,0,16,1,17,431,110,43,2,586,0,0,0,586
08/10/2009,SAN,CA,AWP,WE,Towers with Radar,459,111,23,2,595,0,1,17,0,18,459,112,40,2,613,0,0,0,613
08/11/2009,SAN,CA,AWP,WE,Towers with Radar,461,99,26,1,587,0,1,10,2,13,461,100,36,3,600,0,0,0,600
08/12/2009,SAN,CA,AWP,WE,Towers with Radar,467,110,16,0,593,0,4,10,2,16,467,114,26,2,609,0,0,0,609
08/13/2009,SAN,CA,AWP,WE,Towers with Radar,465,115,27,1,608,0,0,2,2,4,465,115,29,3,612,0,0,0,612
08/14/2009,SAN,CA,AWP,WE,Towers with Radar,451,111,21,1,584,0,0,13,0,13,451,111,34,1,597,0,0,0,597
08/15/2009,SAN,CA,AWP,WE,Towers with Radar,408,93,18,0,519,0,6,7,1,14,408,99,25,1,533,0,0,0,533
08/16/2009,SAN,CA,AWP,WE,Towers with Radar,415,101,20,2,538,0,4,12,2,18,415,105,32,4,556,0,0,0,556
08/17/2009,SAN,CA,AWP,WE,Towers with Radar,438,106,25,1,570,0,3,13,0,16,438,109,38,1,586,0,0,0,586
08/18/2009,SAN,CA,AWP,WE,Towers with Radar,445,102,27,0,574,0,1,8,3,12,445,103,35,3,586,0,0,0,586
08/19/2009,SAN,CA,AWP,WE,Towers with Radar,445,112,28,0,585,0,2,6,3,11,445,114,34,3,596,0,0,0,596
08/20/2009,SAN,CA,AWP,WE,Towers with Radar,447,109,31,1,588,0,2,12,2,16,447,111,43,3,604,0,0,0,604
08/21/2009,SAN,CA,AWP,WE,Towers with Radar,432,109,31,2,574,0,0,14,1,15,432,109,45,3,589,0,0,0,589
08/22/2009,SAN,CA,AWP,WE,Towers with Radar,366,85,7,0,458,0,0,9,1,10,366,85,16,1,468,0,0,0,468
08/23/2009,SAN,CA,AWP,WE,Towers with Radar,405,105,35,1,546,0,7,10,1,18,405,112,45,2,564,0,0,0,564
08/24/2009,SAN,CA,AWP,WE,Towers with Radar,435,108,22,0,565,0,2,7,0,9,435,110,29,0,574,0,0,0,574
08/25/2009,SAN,CA,AWP,WE,Towers with Radar,443,96,16,0,555,0,3,20,3,26,443,99,36,3,581,0,0,0,581
08/26/2009,SAN,CA,AWP,WE,Towers with Radar,437,98,33,0,568,0,0,22,4,26,437,98,55,4,594,0,0,0,594
08/27/2009,SAN,CA,AWP,WE,Towers with Radar,440,104,29,6,579,0,3,6,3,12,440,107,35,9,591,0,0,0,591
08/28/2009,SAN,CA,AWP,WE,Towers with Radar,433,102,21,0,556,0,4,16,5,25,433,106,37,5,581,0,0,0,581
08/29/2009,SAN,CA,AWP,WE,Towers with Radar,348,90,11,0,449,0,2,16,2,20,348,92,27,2,469,0,0,0,469
08/30/2009,SAN,CA,AWP,WE,Towers with Radar,404,87,29,0,520,0,3,20,0,23,404,90,49,0,543,0,0,0,543
08/31/2009,SAN,CA,AWP,WE,Towers with Radar,438,99,16,4,557,0,1,3,3,7,438,100,19,7,564,0,0,0,564
09/01/2009,SAN,CA,AWP,WE,Towers with Radar,427,85,13,1,526,1,1,17,0,19,428,86,30,1,545,0,0,0,545
09/02/2009,SAN,CA,AWP,WE,Towers with Radar,433,93,21,2,549,1,0,7,1,9,434,93,28,3,558,0,0,0,558
09/03/2009,SAN,CA,AWP,WE,Towers with Radar,436,98,18,2,554,1,1,9,0,11,437,99,27,2,565,0,0,0,565
09/04/2009,SAN,CA,AWP,WE,Towers with Radar,438,98,16,2,554,2,0,25,2,29,440,98,41,4,583,0,0,0,583
09/05/2009,SAN,CA,AWP,WE,Towers with Radar,337,69,5,3,414,2,0,20,1,23,339,69,25,4,437,0,0,0,437
09/06/2009,SAN,CA,AWP,WE,Towers with Radar,317,60,6,1,384,2,0,16,0,18,319,60,22,1,402,0,0,0,402
09/07/2009,SAN,CA,AWP,WE,Towers with Radar,399,81,23,6,509,2,0,24,1,27,401,81,47,7,536,0,0,0,536
09/08/2009,SAN,CA,AWP,WE,Towers with Radar,422,83,21,2,528,1,0,18,2,21,423,83,39,4,549,0,0,0,549
09/09/2009,SAN,CA,AWP,WE,Towers with Radar,431,90,22,2,545,1,0,8,1,10,432,90,30,3,555,0,0,0,555
09/10/2009,SAN,CA,AWP,WE,Towers with Radar,436,96,17,1,550,1,0,13,2,16,437,96,30,3,566,0,0,0,566
09/11/2009,SAN,CA,AWP,WE,Towers with Radar,431,94,18,0,543,2,0,14,4,20,433,94,32,4,563,0,0,0,563
09/12/2009,SAN,CA,AWP,WE,Towers with Radar,341,75,22,4,442,2,0,6,0,8,343,75,28,4,450,0,0,0,450
09/13/2009,SAN,CA,AWP,WE,Towers with Radar,403,89,17,3,512,2,0,7,0,9,405,89,24,3,521,0,0,0,521
09/14/2009,SAN,CA,AWP,WE,Towers with Radar,426,94,34,2,556,2,1,3,1,7,428,95,37,3,563,0,0,0,563
09/15/2009,SAN,CA,AWP,WE,Towers with Radar,424,107,34,0,565,1,0,11,6,18,425,107,45,6,583,0,0,0,583
09/16/2009,SAN,CA,AWP,WE,Towers with Radar,430,95,26,3,554,1,0,10,0,11,431,95,36,3,565,0,0,0,565
09/17/2009,SAN,CA,AWP,WE,Towers with Radar,437,96,17,0,550,1,3,11,2,17,438,99,28,2,567,0,0,0,567
09/18/2009,SAN,CA,AWP,WE,Towers with Radar,444,87,30,0,561,2,0,11,1,14,446,87,41,1,575,0,0,0,575
09/19/2009,SAN,CA,AWP,WE,Towers with Radar,333,72,24,1,430,2,1,13,1,17,335,73,37,2,447,0,0,0,447
09/20/2009,SAN,CA,AWP,WE,Towers with Radar,399,88,48,2,537,2,2,10,1,15,401,90,58,3,552,0,0,0,552
09/21/2009,SAN,CA,AWP,WE,Towers with Radar,422,92,20,2,536,2,2,1,2,7,424,94,21,4,543,0,0,0,543
09/22/2009,SAN,CA,AWP,WE,Towers with Radar,428,95,35,2,560,1,1,7,2,11,429,96,42,4,571,0,0,0,571
09/23/2009,SAN,CA,AWP,WE,Towers with Radar,421,92,20,1,534,1,1,4,2,8,422,93,24,3,542,0,0,0,542
09/24/2009,SAN,CA,AWP,WE,Towers with Radar,438,92,20,2,552,1,3,5,0,9,439,95,25,2,561,0,0,0,561
09/25/2009,SAN,CA,AWP,WE,Towers with Radar,437,88,27,0,552,2,1,5,1,9,439,89,32,1,561,0,0,0,561
09/26/2009,SAN,CA,AWP,WE,Towers with Radar,344,64,19,0,427,2,2,6,1,11,346,66,25,1,438,0,0,0,438
09/27/2009,SAN,CA,AWP,WE,Towers with Radar,402,81,26,0,509,2,1,11,1,15,404,82,37,1,524,0,0,0,524
09/28/2009,SAN,CA,AWP,WE,Towers with Radar,429,88,14,1,532,2,1,5,1,9,431,89,19,2,541,0,0,0,541
09/29/2009,SAN,CA,AWP,WE,Towers with Radar,418,93,22,1,534,1,1,2,1,5,419,94,24,2,539,0,0,0,539
09/30/2009,SAN,CA,AWP,WE,Towers with Radar,424,84,24,2,534,1,0,11,3,15,425,84,35,5,549,0,0,0,549
10/01/2009,SAN,CA,AWP,WE,Towers with Radar,439,86,30,4,559,1,0,5,0,6,440,86,35,4,565,0,0,0,565
10/02/2009,SAN,CA,AWP,WE,Towers with Radar,443,90,27,3,563,2,0,9,0,11,445,90,36,3,574,0,0,0,574
10/03/2009,SAN,CA,AWP,WE,Towers with Radar,336,59,15,2,412,2,1,10,0,13,338,60,25,2,425,0,0,0,425
10/04/2009,SAN,CA,AWP,WE,Towers with Radar,399,76,15,1,491,2,0,7,1,10,401,76,22,2,501,0,0,0,501
10/05/2009,SAN,CA,AWP,WE,Towers with Radar,422,83,27,2,534,2,3,3,5,13,424,86,30,7,547,0,0,0,547
10/06/2009,SAN,CA,AWP,WE,Towers with Radar,413,87,33,2,535,1,0,11,2,14,414,87,44,4,549,0,0,0,549
10/07/2009,SAN,CA,AWP,WE,Towers with Radar,426,86,24,0,536,1,0,10,0,11,427,86,34,0,547,0,0,0,547
10/08/2009,SAN,CA,AWP,WE,Towers with Radar,436,93,25,0,554,1,0,7,4,12,437,93,32,4,566,0,0,0,566
10/09/2009,SAN,CA,AWP,WE,Towers with Radar,433,81,21,4,539,2,0,9,3,14,435,81,30,7,553,0,0,0,553
10/10/2009,SAN,CA,AWP,WE,Towers with Radar,342,67,13,0,422,2,0,9,0,11,344,67,22,0,433,0,0,0,433
10/11/2009,SAN,CA,AWP,WE,Towers with Radar,398,87,20,1,506,2,2,3,0,7,400,89,23,1,513,0,0,0,513
10/12/2009,SAN,CA,AWP,WE,Towers with Radar,422,83,22,1,528,2,1,5,0,8,424,84,27,1,536,0,0,0,536
10/13/2009,SAN,CA,AWP,WE,Towers with Radar,407,87,20,3,517,0,0,3,4,7,407,87,23,7,524,0,0,0,524
10/14/2009,SAN,CA,AWP,WE,Towers with Radar,429,90,19,1,539,1,0,0,1,2,430,90,19,2,541,0,0,0,541
10/15/2009,SAN,CA,AWP,WE,Towers with Radar,437,79,20,0,536,1,1,5,0,7,438,80,25,0,543,0,0,0,543
10/16/2009,SAN,CA,AWP,WE,Towers with Radar,441,90,22,2,555,2,0,3,3,8,443,90,25,5,563,0,0,0,563
10/17/2009,SAN,CA,AWP,WE,Towers with Radar,318,51,12,3,384,1,0,4,0,5,319,51,16,3,389,0,0,0,389
10/18/2009,SAN,CA,AWP,WE,Towers with Radar,433,77,25,5,540,0,0,4,0,4,433,77,29,5,544,0,0,0,544
10/19/2009,SAN,CA,AWP,WE,Towers with Radar,425,95,40,1,561,0,0,9,0,9,425,95,49,1,570,0,0,0,570
10/20/2009,SAN,CA,AWP,WE,Towers with Radar,427,95,31,3,556,0,2,7,1,10,427,97,38,4,566,0,0,0,566
10/21/2009,SAN,CA,AWP,WE,Towers with Radar,428,96,34,2,560,2,1,11,2,16,430,97,45,4,576,0,0,0,576
10/22/2009,SAN,CA,AWP,WE,Towers with Radar,436,91,33,1,561,0,1,8,5,14,436,92,41,6,575,0,0,0,575
10/23/2009,SAN,CA,AWP,WE,Towers with Radar,448,89,24,2,563,0,0,5,1,6,448,89,29,3,569,0,0,0,569
10/24/2009,SAN,CA,AWP,WE,Towers with Radar,344,66,17,1,428,1,0,8,1,10,345,66,25,2,438,0,0,0,438
10/25/2009,SAN,CA,AWP,WE,Towers with Radar,408,82,27,2,519,0,1,9,0,10,408,83,36,2,529,0,0,0,529
10/26/2009,SAN,CA,AWP,WE,Towers with Radar,425,91,20,1,537,0,0,5,1,6,425,91,25,2,543,0,0,0,543
10/27/2009,SAN,CA,AWP,WE,Towers with Radar,421,91,32,0,544,0,0,4,1,5,421,91,36,1,549,0,0,0,549
10/28/2009,SAN,CA,AWP,WE,Towers with Radar,414,87,19,0,520,0,1,7,1,9,414,88,26,1,529,0,0,0,529
10/29/2009,SAN,CA,AWP,WE,Towers with Radar,431,96,22,3,552,0,0,8,1,9,431,96,30,4,561,0,0,0,561
10/30/2009,SAN,CA,AWP,WE,Towers with Radar,435,104,24,0,563,0,0,9,2,11,435,104,33,2,574,0,0,0,574
10/31/2009,SAN,CA,AWP,WE,Towers with Radar,328,70,17,5,420,2,0,5,0,7,330,70,22,5,427,0,0,0,427
11/01/2009,SAN,CA,AWP,WE,Towers with Radar,407,81,31,0,519,1,0,5,1,7,408,81,36,1,526,0,0,0,526
11/02/2009,SAN,CA,AWP,WE,Towers with Radar,385,77,5,2,469,0,1,5,1,7,385,78,10,3,476,0,0,0,476
11/03/2009,SAN,CA,AWP,WE,Towers with Radar,405,88,18,6,517,1,0,5,0,6,406,88,23,6,523,0,0,0,523
11/04/2009,SAN,CA,AWP,WE,Towers with Radar,428,90,30,5,553,1,0,7,1,9,429,90,37,6,562,0,0,0,562
11/05/2009,SAN,CA,AWP,WE,Towers with Radar,428,83,20,1,532,1,0,7,2,10,429,83,27,3,542,0,0,0,542
11/06/2009,SAN,CA,AWP,WE,Towers with Radar,432,88,27,3,550,0,1,6,1,8,432,89,33,4,558,0,0,0,558
11/07/2009,SAN,CA,AWP,WE,Towers with Radar,337,80,14,1,432,0,0,6,0,6,337,80,20,1,438,0,0,0,438
11/08/2009,SAN,CA,AWP,WE,Towers with Radar,407,75,27,0,509,2,1,6,1,10,409,76,33,1,519,0,0,0,519
11/09/2009,SAN,CA,AWP,WE,Towers with Radar,414,85,18,2,519,0,1,5,1,7,414,86,23,3,526,0,0,0,526
11/10/2009,SAN,CA,AWP,WE,Towers with Radar,414,83,24,1,522,0,1,9,1,11,414,84,33,2,533,0,0,0,533
11/11/2009,SAN,CA,AWP,WE,Towers with Radar,416,85,21,3,525,0,1,9,0,10,416,86,30,3,535,0,0,0,535
11/12/2009,SAN,CA,AWP,WE,Towers with Radar,433,83,23,0,539,0,0,5,1,6,433,83,28,1,545,0,0,0,545
11/13/2009,SAN,CA,AWP,WE,Towers with Radar,431,90,35,0,556,0,0,8,2,10,431,90,43,2,566,0,0,0,566
11/14/2009,SAN,CA,AWP,WE,Towers with Radar,331,73,14,2,420,2,0,7,0,9,333,73,21,2,429,0,0,0,429
11/15/2009,SAN,CA,AWP,WE,Towers with Radar,409,91,37,2,539,1,1,12,0,14,410,92,49,2,553,0,0,0,553
11/16/2009,SAN,CA,AWP,WE,Towers with Radar,416,85,34,1,536,0,1,6,2,9,416,86,40,3,545,0,0,0,545
11/17/2009,SAN,CA,AWP,WE,Towers with Radar,417,81,17,0,515,0,0,9,2,11,417,81,26,2,526,0,0,0,526
11/18/2009,SAN,CA,AWP,WE,Towers with Radar,416,85,34,2,537,0,0,5,0,5,416,85,39,2,542,0,0,0,542
11/19/2009,SAN,CA,AWP,WE,Towers with Radar,429,84,47,1,561,0,1,3,3,7,429,85,50,4,568,0,0,0,568
11/20/2009,SAN,CA,AWP,WE,Towers with Radar,421,85,11,5,522,2,1,9,1,13,423,86,20,6,535,0,0,0,535
11/21/2009,SAN,CA,AWP,WE,Towers with Radar,336,73,20,0,429,0,1,12,0,13,336,74,32,0,442,0,0,0,442
11/22/2009,SAN,CA,AWP,WE,Towers with Radar,403,68,22,0,493,0,1,19,0,20,403,69,41,0,513,0,0,0,513
11/23/2009,SAN,CA,AWP,WE,Towers with Radar,412,83,22,0,517,2,0,4,1,7,414,83,26,1,524,0,0,0,524
11/24/2009,SAN,CA,AWP,WE,Towers with Radar,427,86,17,0,530,0,0,9,1,10,427,86,26,1,540,0,0,0,540
11/25/2009,SAN,CA,AWP,WE,Towers with Radar,437,75,28,2,542,2,0,12,0,14,439,75,40,2,556,0,0,0,556
11/26/2009,SAN,CA,AWP,WE,Towers with Radar,269,55,9,0,333,2,0,6,1,9,271,55,15,1,342,0,0,0,342
11/27/2009,SAN,CA,AWP,WE,Towers with Radar,343,62,19,0,424,2,0,4,0,6,345,62,23,0,430,0,0,0,430
11/28/2009,SAN,CA,AWP,WE,Towers with Radar,390,75,27,1,493,0,0,1,0,1,390,75,28,1,494,0,0,0,494
11/29/2009,SAN,CA,AWP,WE,Towers with Radar,422,86,35,0,543,0,0,6,0,6,422,86,41,0,549,0,0,0,549
11/30/2009,SAN,CA,AWP,WE,Towers with Radar,418,85,21,3,527,1,0,4,2,7,419,85,25,5,534,0,0,0,534
12/01/2009,SAN,CA,AWP,WE,Towers with Radar,414,77,27,0,518,0,0,1,1,2,414,77,28,1,520,0,0,0,520
12/02/2009,SAN,CA,AWP,WE,Towers with Radar,411,87,27,0,525,0,0,7,4,11,411,87,34,4,536,0,0,0,536
12/03/2009,SAN,CA,AWP,WE,Towers with Radar,424,90,22,0,536,0,0,4,1,5,424,90,26,1,541,0,0,0,541
12/04/2009,SAN,CA,AWP,WE,Towers with Radar,412,85,24,1,522,1,1,7,3,12,413,86,31,4,534,0,0,0,534
12/05/2009,SAN,CA,AWP,WE,Towers with Radar,316,60,17,0,393,2,1,3,0,6,318,61,20,0,399,0,0,0,399
12/06/2009,SAN,CA,AWP,WE,Towers with Radar,384,72,17,1,474,2,1,1,1,5,386,73,18,2,479,0,0,0,479
12/07/2009,SAN,CA,AWP,WE,Towers with Radar,443,72,20,2,537,0,0,0,0,0,443,72,20,2,537,0,0,0,537
12/08/2009,SAN,CA,AWP,WE,Towers with Radar,375,86,18,6,485,0,0,8,3,11,375,86,26,9,496,0,0,0,496
12/09/2009,SAN,CA,AWP,WE,Towers with Radar,390,86,21,2,499,2,0,3,2,7,392,86,24,4,506,0,0,0,506
12/10/2009,SAN,CA,AWP,WE,Towers with Radar,418,85,22,0,525,2,0,4,2,8,420,85,26,2,533,0,0,0,533
12/11/2009,SAN,CA,AWP,WE,Towers with Radar,445,84,26,0,555,0,0,0,0,0,445,84,26,0,555,0,0,0,555
12/12/2009,SAN,CA,AWP,WE,Towers with Radar,331,76,4,4,415,1,0,0,0,1,332,76,4,4,416,0,0,0,416
12/13/2009,SAN,CA,AWP,WE,Towers with Radar,390,70,21,1,482,0,0,4,1,5,390,70,25,2,487,0,0,0,487
12/14/2009,SAN,CA,AWP,WE,Towers with Radar,401,80,30,0,511,2,0,3,3,8,403,80,33,3,519,0,0,0,519
12/15/2009,SAN,CA,AWP,WE,Towers with Radar,405,80,19,1,505,0,0,6,3,9,405,80,25,4,514,0,0,0,514
12/16/2009,SAN,CA,AWP,WE,Towers with Radar,412,75,13,4,504,2,1,6,2,11,414,76,19,6,515,0,0,0,515
12/17/2009,SAN,CA,AWP,WE,Towers with Radar,435,82,7,1,525,0,1,7,3,11,435,83,14,4,536,0,0,0,536
12/18/2009,SAN,CA,AWP,WE,Towers with Radar,435,88,20,3,546,0,1,5,0,6,435,89,25,3,552,0,0,0,552
12/19/2009,SAN,CA,AWP,WE,Towers with Radar,342,75,20,0,437,0,0,15,0,15,342,75,35,0,452,0,0,0,452
12/20/2009,SAN,CA,AWP,WE,Towers with Radar,392,72,14,2,480,2,0,17,0,19,394,72,31,2,499,0,0,0,499
12/21/2009,SAN,CA,AWP,WE,Towers with Radar,417,83,18,0,518,2,0,7,1,10,419,83,25,1,528,0,0,0,528
12/22/2009,SAN,CA,AWP,WE,Towers with Radar,434,82,15,1,532,2,1,3,2,8,436,83,18,3,540,0,0,0,540
12/23/2009,SAN,CA,AWP,WE,Towers with Radar,435,82,23,0,540,2,1,5,0,8,437,83,28,0,548,0,0,0,548
12/24/2009,SAN,CA,AWP,WE,Towers with Radar,382,69,8,0,459,0,2,6,0,8,382,71,14,0,467,0,0,0,467
12/25/2009,SAN,CA,AWP,WE,Towers with Radar,326,49,3,2,380,2,0,5,0,7,328,49,8,2,387,0,0,0,387
12/26/2009,SAN,CA,AWP,WE,Towers with Radar,385,64,19,0,468,1,1,10,0,12,386,65,29,0,480,0,0,0,480
12/27/2009,SAN,CA,AWP,WE,Towers with Radar,430,80,20,3,533,2,0,7,1,10,432,80,27,4,543,0,0,0,543
12/28/2009,SAN,CA,AWP,WE,Towers with Radar,432,88,21,0,541,0,0,3,1,4,432,88,24,1,545,0,0,0,545
12/29/2009,SAN,CA,AWP,WE,Towers with Radar,433,92,15,0,540,2,2,2,0,6,435,94,17,0,546,0,0,0,546
12/30/2009,SAN,CA,AWP,WE,Towers with Radar,448,96,28,0,572,0,0,6,2,8,448,96,34,2,580,0,0,0,580
12/31/2009,SAN,CA,AWP,WE,Towers with Radar,381,79,15,1,476,2,0,9,1,12,383,79,24,2,488,0,0,0,488
01/01/2010,SAN,CA,AWP,WE,Towers with Radar,354,64,15,0,433,0,1,3,0,4,354,65,18,0,437,0,0,0,437
01/02/2010,SAN,CA,AWP,WE,Towers with Radar,395,67,18,0,480,2,0,9,0,11,397,67,27,0,491,0,0,0,491
01/03/2010,SAN,CA,AWP,WE,Towers with Radar,414,85,23,3,525,2,1,8,2,13,416,86,31,5,538,0,0,0,538
01/04/2010,SAN,CA,AWP,WE,Towers with Radar,416,81,10,0,507,2,0,5,0,7,418,81,15,0,514,0,0,0,514
01/05/2010,SAN,CA,AWP,WE,Towers with Radar,398,83,14,1,496,0,1,12,5,18,398,84,26,6,514,0,0,0,514
01/06/2010,SAN,CA,AWP,WE,Towers with Radar,403,69,23,0,495,2,0,3,4,9,405,69,26,4,504,0,0,0,504
01/07/2010,SAN,CA,AWP,WE,Towers with Radar,408,77,14,0,499,0,1,3,3,7,408,78,17,3,506,0,0,0,506
01/08/2010,SAN,CA,AWP,WE,Towers with Radar,403,78,24,0,505,2,0,7,1,10,405,78,31,1,515,0,0,0,515
01/09/2010,SAN,CA,AWP,WE,Towers with Radar,318,54,13,0,385,0,1,10,0,11,318,55,23,0,396,0,0,0,396
01/10/2010,SAN,CA,AWP,WE,Towers with Radar,371,73,18,0,462,0,0,1,2,3,371,73,19,2,465,0,0,0,465
01/11/2010,SAN,CA,AWP,WE,Towers with Radar,406,78,18,1,503,0,0,7,0,7,406,78,25,1,510,0,0,0,510
01/12/2010,SAN,CA,AWP,WE,Towers with Radar,397,70,18,2,487,2,0,6,2,10,399,70,24,4,497,0,0,0,497
01/13/2010,SAN,CA,AWP,WE,Towers with Radar,405,76,34,0,515,0,1,3,2,6,405,77,37,2,521,0,0,0,521
01/14/2010,SAN,CA,AWP,WE,Towers with Radar,413,82,16,0,511,2,2,24,2,30,415,84,40,2,541,0,0,0,541
01/15/2010,SAN,CA,AWP,WE,Towers with Radar,420,79,25,2,526,2,1,5,1,9,422,80,30,3,535,0,0,0,535
01/16/2010,SAN,CA,AWP,WE,Towers with Radar,297,61,26,1,385,0,0,12,0,12,297,61,38,1,397,0,0,0,397
01/17/2010,SAN,CA,AWP,WE,Towers with Radar,371,100,42,0,513,2,1,8,0,11,373,101,50,0,524,0,0,0,524
01/18/2010,SAN,CA,AWP,WE,Towers with Radar,404,64,25,0,493,0,0,1,0,1,404,64,26,0,494,0,0,0,494
01/19/2010,SAN,CA,AWP,WE,Towers with Radar,408,77,30,7,522,1,0,0,4,5,409,77,30,11,527,0,0,0,527
01/20/2010,SAN,CA,AWP,WE,Towers with Radar,389,67,26,2,484,2,0,2,3,7,391,67,28,5,491,0,0,0,491
01/21/2010,SAN,CA,AWP,WE,Towers with Radar,247,86,20,2,355,2,1,0,2,5,249,87,20,4,360,0,0,0,360
01/22/2010,SAN,CA,AWP,WE,Towers with Radar,420,91,25,1,537,0,0,1,0,1,420,91,26,1,538,0,0,0,538
01/23/2010,SAN,CA,AWP,WE,Towers with Radar,292,65,11,6,374,2,0,2,3,7,294,65,13,9,381,0,0,0,381
01/24/2010,SAN,CA,AWP,WE,Towers with Radar,365,83,19,0,467,1,2,9,1,13,366,85,28,1,480,0,0,0,480
01/25/2010,SAN,CA,AWP,WE,Towers with Radar,393,86,26,2,507,0,2,7,0,9,393,88,33,2,516,0,0,0,516
01/26/2010,SAN,CA,AWP,WE,Towers with Radar,394,81,22,3,500,2,1,6,0,9,396,82,28,3,509,0,0,0,509
01/27/2010,SAN,CA,AWP,WE,Towers with Radar,400,86,33,1,520,0,3,6,3,12,400,89,39,4,532,0,0,0,532
01/28/2010,SAN,CA,AWP,WE,Towers with Radar,416,85,23,3,527,0,0,10,1,11,416,85,33,4,538,0,0,0,538
01/29/2010,SAN,CA,AWP,WE,Towers with Radar,408,79,26,1,514,2,0,9,3,14,410,79,35,4,528,0,0,0,528
01/30/2010,SAN,CA,AWP,WE,Towers with Radar,296,61,6,0,363,2,0,13,2,17,298,61,19,2,380,0,0,0,380
01/31/2010,SAN,CA,AWP,WE,Towers with Radar,370,73,18,0,461,1,0,8,0,9,371,73,26,0,470,0,0,0,470
02/01/2010,SAN,CA,AWP,WE,Towers with Radar,409,76,19,1,505,0,1,7,0,8,409,77,26,1,513,0,0,0,513
02/02/2010,SAN,CA,AWP,WE,Towers with Radar,396,82,24,3,505,0,0,2,4,6,396,82,26,7,511,0,0,0,511
02/03/2010,SAN,CA,AWP,WE,Towers with Radar,405,79,18,1,503,1,2,2,2,7,406,81,20,3,510,0,0,0,510
02/04/2010,SAN,CA,AWP,WE,Towers with Radar,413,88,30,3,534,1,2,7,4,14,414,90,37,7,548,0,0,0,548
02/05/2010,SAN,CA,AWP,WE,Towers with Radar,407,85,20,6,518,0,1,2,2,5,407,86,22,8,523,0,0,0,523
02/06/2010,SAN,CA,AWP,WE,Towers with Radar,287,56,8,0,351,2,0,0,1,3,289,56,8,1,354,0,0,0,354
02/07/2010,SAN,CA,AWP,WE,Towers with Radar,378,65,16,1,460,0,2,3,0,5,378,67,19,1,465,0,0,0,465
02/08/2010,SAN,CA,AWP,WE,Towers with Radar,404,84,29,3,520,2,0,5,0,7,406,84,34,3,527,0,0,0,527
02/09/2010,SAN,CA,AWP,WE,Towers with Radar,375,72,28,2,477,1,0,2,2,5,376,72,30,4,482,0,0,0,482
02/10/2010,SAN,CA,AWP,WE,Towers with Radar,374,84,31,1,490,0,0,6,2,8,374,84,37,3,498,0,0,0,498
02/11/2010,SAN,CA,AWP,WE,Towers with Radar,400,90,19,1,510,2,3,4,6,15,402,93,23,7,525,0,0,0,525
02/12/2010,SAN,CA,AWP,WE,Towers with Radar,405,106,27,1,539,2,2,8,1,13,407,108,35,2,552,0,0,0,552
02/13/2010,SAN,CA,AWP,WE,Towers with Radar,317,73,14,1,405,1,0,6,1,8,318,73,20,2,413,0,0,0,413
02/14/2010,SAN,CA,AWP,WE,Towers with Radar,381,82,13,2,478,1,1,5,0,7,382,83,18,2,485,0,0,0,485
02/15/2010,SAN,CA,AWP,WE,Towers with Radar,393,98,27,0,518,1,2,6,2,11,394,100,33,2,529,0,0,0,529
02/16/2010,SAN,CA,AWP,WE,Towers with Radar,399,91,17,1,508,1,0,8,1,10,400,91,25,2,518,0,0,0,518
02/17/2010,SAN,CA,AWP,WE,Towers with Radar,408,87,23,3,521,0,0,9,4,13,408,87,32,7,534,0,0,0,534
02/18/2010,SAN,CA,AWP,WE,Towers with Radar,419,82,16,2,519,0,4,8,3,15,419,86,24,5,534,0,0,0,534
02/19/2010,SAN,CA,AWP,WE,Towers with Radar,414,93,27,2,536,2,0,4,1,7,416,93,31,3,543,0,0,0,543
02/20/2010,SAN,CA,AWP,WE,Towers with Radar,320,72,15,0,407,0,0,12,1,13,320,72,27,1,420,0,0,0,420
02/21/2010,SAN,CA,AWP,WE,Towers with Radar,375,81,35,1,492,2,0,1,0,3,377,81,36,1,495,0,0,0,495
02/22/2010,SAN,CA,AWP,WE,Towers with Radar,395,97,15,0,507,2,0,3,0,5,397,97,18,0,512,0,0,0,512
02/23/2010,SAN,CA,AWP,WE,Towers with Radar,394,86,25,0,505,0,2,14,5,21,394,88,39,5,526,0,0,0,526
02/24/2010,SAN,CA,AWP,WE,Towers with Radar,399,90,25,0,514,0,2,6,2,10,399,92,31,2,524,0,0,0,524
02/25/2010,SAN,CA,AWP,WE,Towers with Radar,408,86,41,0,535,0,5,7,0,12,408,91,48,0,547,0,0,0,547
02/26/2010,SAN,CA,AWP,WE,Towers with Radar,400,91,35,2,528,2,1,2,2,7,402,92,37,4,535,0,0,0,535
02/27/2010,SAN,CA,AWP,WE,Towers with Radar,325,74,25,0,424,0,0,0,1,1,325,74,25,1,425,0,0,0,425
02/28/2010,SAN,CA,AWP,WE,Towers with Radar,375,79,19,0,473,1,0,3,1,5,376,79,22,1,478,0,0,0,478
03/01/2010,SAN,CA,AWP,WE,Towers with Radar,397,88,33,0,518,0,1,3,3,7,397,89,36,3,525,0,0,0,525
03/02/2010,SAN,CA,AWP,WE,Towers with Radar,395,93,39,2,529,1,1,9,0,11,396,94,48,2,540,0,0,0,540
03/03/2010,SAN,CA,AWP,WE,Towers with Radar,396,95,28,1,520,1,1,4,2,8,397,96,32,3,528,0,0,0,528
03/04/2010,SAN,CA,AWP,WE,Towers with Radar,415,90,26,3,534,0,1,10,0,11,415,91,36,3,545,0,0,0,545
03/05/2010,SAN,CA,AWP,WE,Towers with Radar,418,96,22,4,540,0,0,6,1,7,418,96,28,5,547,0,0,0,547
03/06/2010,SAN,CA,AWP,WE,Towers with Radar,330,72,13,3,418,1,2,2,0,5,331,74,15,3,423,0,0,0,423
03/07/2010,SAN,CA,AWP,WE,Towers with Radar,375,77,27,2,481,0,0,0,0,0,375,77,27,2,481,0,0,0,481
03/08/2010,SAN,CA,AWP,WE,Towers with Radar,399,85,17,3,504,0,0,3,1,4,399,85,20,4,508,0,0,0,508
03/09/2010,SAN,CA,AWP,WE,Towers with Radar,399,91,25,1,516,0,0,3,5,8,399,91,28,6,524,0,0,0,524
03/10/2010,SAN,CA,AWP,WE,Towers with Radar,401,84,31,2,518,1,0,2,4,7,402,84,33,6,525,0,0,0,525
03/11/2010,SAN,CA,AWP,WE,Towers with Radar,416,92,26,2,536,0,0,14,3,17,416,92,40,5,553,0,0,0,553
03/12/2010,SAN,CA,AWP,WE,Towers with Radar,410,99,25,2,536,0,1,5,1,7,410,100,30,3,543,0,0,0,543
03/13/2010,SAN,CA,AWP,WE,Towers with Radar,330,79,22,0,431,1,0,4,1,6,331,79,26,1,437,0,0,0,437
03/14/2010,SAN,CA,AWP,WE,Towers with Radar,379,78,30,3,490,2,3,8,1,14,381,81,38,4,504,0,0,0,504
03/15/2010,SAN,CA,AWP,WE,Towers with Radar,407,90,17,7,521,0,1,5,6,12,407,91,22,13,533,0,0,0,533
03/16/2010,SAN,CA,AWP,WE,Towers with Radar,404,88,19,3,514,2,1,8,5,16,406,89,27,8,530,0,0,0,530
03/17/2010,SAN,CA,AWP,WE,Towers with Radar,407,83,28,1,519,0,0,9,2,11,407,83,37,3,530,0,0,0,530
03/18/2010,SAN,CA,AWP,WE,Towers with Radar,410,99,30,0,539,2,0,7,0,9,412,99,37,0,548,0,0,0,548
03/19/2010,SAN,CA,AWP,WE,Towers with Radar,413,90,23,2,528,2,0,8,0,10,415,90,31,2,538,0,0,0,538
03/20/2010,SAN,CA,AWP,WE,Towers with Radar,340,71,24,3,438,1,0,8,2,11,341,71,32,5,449,0,0,0,449
03/21/2010,SAN,CA,AWP,WE,Towers with Radar,390,75,28,0,493,2,0,9,1,12,392,75,37,1,505,0,0,0,505
03/22/2010,SAN,CA,AWP,WE,Towers with Radar,410,82,20,1,513,0,0,2,1,3,410,82,22,2,516,0,0,0,516
03/23/2010,SAN,CA,AWP,WE,Towers with Radar,398,90,19,5,512,0,1,8,2,11,398,91,27,7,523,0,0,0,523
03/24/2010,SAN,CA,AWP,WE,Towers with Radar,396,89,26,2,513,2,1,10,1,14,398,90,36,3,527,0,0,0,527
03/25/2010,SAN,CA,AWP,WE,Towers with Radar,414,93,27,0,534,0,2,4,3,9,414,95,31,3,543,0,0,0,543
03/26/2010,SAN,CA,AWP,WE,Towers with Radar,414,90,30,0,534,0,0,16,0,16,414,90,46,0,550,0,0,0,550
03/27/2010,SAN,CA,AWP,WE,Towers with Radar,348,69,20,0,437,2,1,7,1,11,350,70,27,1,448,0,0,0,448
03/28/2010,SAN,CA,AWP,WE,Towers with Radar,386,80,13,3,482,0,0,9,0,9,386,80,22,3,491,0,0,0,491
03/29/2010,SAN,CA,AWP,WE,Towers with Radar,408,88,29,5,530,0,0,14,2,16,408,88,43,7,546,0,0,0,546
03/30/2010,SAN,CA,AWP,WE,Towers with Radar,402,89,34,4,529,2,0,3,2,7,404,89,37,6,536,0,0,0,536
03/31/2010,SAN,CA,AWP,WE,Towers with Radar,406,99,24,2,531,0,0,1,0,1,406,99,25,2,532,0,0,0,532
04/01/2010,SAN,CA,AWP,WE,Towers with Radar,410,92,42,2,546,0,0,9,1,10,410,92,51,3,556,0,0,0,556
04/02/2010,SAN,CA,AWP,WE,Towers with Radar,411,91,21,4,527,2,0,7,2,11,413,91,28,6,538,0,0,0,538
04/03/2010,SAN,CA,AWP,WE,Towers with Radar,345,75,9,2,431,2,1,11,0,14,347,76,20,2,445,0,0,0,445
04/04/2010,SAN,CA,AWP,WE,Towers with Radar,379,82,12,0,473,1,1,3,0,5,380,83,15,0,478,0,0,0,478
04/05/2010,SAN,CA,AWP,WE,Towers with Radar,415,87,29,0,531,0,1,6,2,9,415,88,35,2,540,0,0,0,540
04/06/2010,SAN,CA,AWP,WE,Towers with Radar,408,88,31,1,528,2,0,11,2,15,410,88,42,3,543,0,0,0,543
04/07/2010,SAN,CA,AWP,WE,Towers with Radar,410,81,42,1,534,0,0,6,4,10,410,81,48,5,544,0,0,0,544
04/08/2010,SAN,CA,AWP,WE,Towers with Radar,414,85,23,6,528,2,3,8,1,14,416,88,31,7,542,0,0,0,542
04/09/2010,SAN,CA,AWP,WE,Towers with Radar,421,98,28,0,547,0,0,10,1,11,421,98,38,1,558,0,0,0,558
04/10/2010,SAN,CA,AWP,WE,Towers with Radar,342,68,20,0,430,0,0,7,0,7,342,68,27,0,437,0,0,0,437
04/11/2010,SAN,CA,AWP,WE,Towers with Radar,381,82,32,1,496,2,0,1,0,3,383,82,33,1,499,0,0,0,499
04/12/2010,SAN,CA,AWP,WE,Towers with Radar,410,88,23,0,521,0,0,1,12,13,410,88,24,12,534,0,0,0,534
04/13/2010,SAN,CA,AWP,WE,Towers with Radar,415,98,26,0,539,0,2,7,1,10,415,100,33,1,549,0,0,0,549
04/14/2010,SAN,CA,AWP,WE,Towers with Radar,412,96,27,4,539,2,1,8,4,15,414,97,35,8,554,0,0,0,554
04/15/2010,SAN,CA,AWP,WE,Towers with Radar,421,86,19,8,534,2,2,10,0,14,423,88,29,8,548,0,0,0,548
04/16/2010,SAN,CA,AWP,WE,Towers with Radar,424,93,27,4,548,0,1,11,2,14,424,94,38,6,562,0,0,0,562
04/17/2010,SAN,CA,AWP,WE,Towers with Radar,347,66,16,0,429,1,2,17,0,20,348,68,33,0,449,0,0,0,449
04/18/2010,SAN,CA,AWP,WE,Towers with Radar,394,89,22,3,508,0,1,7,0,8,394,90,29,3,516,0,0,0,516
04/19/2010,SAN,CA,AWP,WE,Towers with Radar,414,84,15,0,513,1,0,5,0,6,415,84,20,0,519,0,0,0,519
04/20/2010,SAN,CA,AWP,WE,Towers with Radar,410,93,22,0,525,2,2,11,6,21,412,95,33,6,546,0,0,0,546
04/21/2010,SAN,CA,AWP,WE,Towers with Radar,422,95,22,0,539,0,0,2,3,5,422,95,24,3,544,0,0,0,544
04/22/2010,SAN,CA,AWP,WE,Towers with Radar,423,94,17,1,535,0,0,0,1,1,423,94,17,2,536,0,0,0,536
04/23/2010,SAN,CA,AWP,WE,Towers with Radar,425,96,34,3,558,1,0,11,1,13,426,96,45,4,571,0,0,0,571
04/24/2010,SAN,CA,AWP,WE,Towers with Radar,343,71,14,0,428,0,0,13,0,13,343,71,27,0,441,0,0,0,441
04/25/2010,SAN,CA,AWP,WE,Towers with Radar,386,84,30,1,501,2,1,1,0,4,388,85,31,1,505,0,0,0,505
04/26/2010,SAN,CA,AWP,WE,Towers with Radar,414,90,18,0,522,0,0,0,0,0,414,90,18,0,522,0,0,0,522
04/27/2010,SAN,CA,AWP,WE,Towers with Radar,413,92,23,0,528,1,0,4,3,8,414,92,27,3,536,0,0,0,536
04/28/2010,SAN,CA,AWP,WE,Towers with Radar,422,99,22,0,543,2,1,1,6,10,424,100,23,6,553,0,0,0,553
04/29/2010,SAN,CA,AWP,WE,Towers with Radar,421,90,21,0,532,0,0,5,5,10,421,90,26,5,542,0,0,0,542
04/30/2010,SAN,CA,AWP,WE,Towers with Radar,433,89,28,0,550,2,0,8,1,11,435,89,36,1,561,0,0,0,561
05/01/2010,SAN,CA,AWP,WE,Towers with Radar,353,83,18,0,454,0,2,15,0,17,353,85,33,0,471,0,0,0,471
05/02/2010,SAN,CA,AWP,WE,Towers with Radar,387,79,22,0,488,2,2,13,0,17,389,81,35,0,505,0,0,0,505
05/03/2010,SAN,CA,AWP,WE,Towers with Radar,423,79,24,0,526,1,0,9,0,10,424,79,33,0,536,0,0,0,536
05/04/2010,SAN,CA,AWP,WE,Towers with Radar,425,86,21,4,536,0,0,10,0,10,425,86,31,4,546,0,0,0,546
05/05/2010,SAN,CA,AWP,WE,Towers with Radar,426,90,36,2,554,2,0,16,2,20,428,90,52,4,574,0,0,0,574
05/06/2010,SAN,CA,AWP,WE,Towers with Radar,433,85,34,1,553,1,1,11,7,20,434,86,45,8,573,0,0,0,573
05/07/2010,SAN,CA,AWP,WE,Towers with Radar,438,88,29,0,555,0,3,13,2,18,438,91,42,2,573,0,0,0,573
05/08/2010,SAN,CA,AWP,WE,Towers with Radar,352,80,11,0,443,2,0,5,0,7,354,80,16,0,450,0,0,0,450
05/09/2010,SAN,CA,AWP,WE,Towers with Radar,403,93,31,0,527,0,0,4,2,6,403,93,35,2,533,0,0,0,533
05/10/2010,SAN,CA,AWP,WE,Towers with Radar,431,90,51,1,573,1,0,8,0,9,432,90,59,1,582,0,0,0,582
05/11/2010,SAN,CA,AWP,WE,Towers with Radar,421,97,35,2,555,0,2,6,6,14,421,99,41,8,569,0,0,0,569
05/12/2010,SAN,CA,AWP,WE,Towers with Radar,430,90,42,0,562,1,0,9,3,13,431,90,51,3,575,0,0,0,575
05/13/2010,SAN,CA,AWP,WE,Towers with Radar,442,92,45,0,579,1,1,8,4,14,443,93,53,4,593,0,0,0,593
05/14/2010,SAN,CA,AWP,WE,Towers with Radar,432,91,43,5,571,0,0,7,1,8,432,91,50,6,579,0,0,0,579
05/15/2010,SAN,CA,AWP,WE,Towers with Radar,365,79,33,0,477,0,0,10,0,10,365,79,43,0,487,0,0,0,487
05/16/2010,SAN,CA,AWP,WE,Towers with Radar,403,84,24,5,516,1,0,1,1,3,404,84,25,6,519,0,0,0,519
05/17/2010,SAN,CA,AWP,WE,Towers with Radar,429,91,37,0,557,1,0,3,1,5,430,91,40,1,562,0,0,0,562
05/18/2010,SAN,CA,AWP,WE,Towers with Radar,430,87,27,0,544,1,0,7,1,9,431,87,34,1,553,0,0,0,553
05/19/2010,SAN,CA,AWP,WE,Towers with Radar,430,93,30,3,556,0,1,1,1,3,430,94,31,4,559,0,0,0,559
05/20/2010,SAN,CA,AWP,WE,Towers with Radar,450,94,28,0,572,0,0,8,3,11,450,94,36,3,583,0,0,0,583
05/21/2010,SAN,CA,AWP,WE,Towers with Radar,443,94,44,2,583,0,0,5,3,8,443,94,49,5,591,0,0,0,591
05/22/2010,SAN,CA,AWP,WE,Towers with Radar,357,76,33,0,466,1,1,6,0,8,358,77,39,0,474,0,0,0,474
05/23/2010,SAN,CA,AWP,WE,Towers with Radar,406,97,35,0,538,1,0,6,0,7,407,97,41,0,545,0,0,0,545
05/24/2010,SAN,CA,AWP,WE,Towers with Radar,429,93,36,0,558,0,1,9,7,17,429,94,45,7,575,0,0,0,575
05/25/2010,SAN,CA,AWP,WE,Towers with Radar,419,111,36,0,566,1,0,3,1,5,420,111,39,1,571,0,0,0,571
05/26/2010,SAN,CA,AWP,WE,Towers with Radar,432,99,31,0,562,0,0,14,4,18,432,99,45,4,580,0,0,0,580
05/27/2010,SAN,CA,AWP,WE,Towers with Radar,450,89,39,1,579,0,0,20,1,21,450,89,59,2,600,0,0,0,600
05/28/2010,SAN,CA,AWP,WE,Towers with Radar,450,103,35,1,589,1,1,12,0,14,451,104,47,1,603,0,0,0,603
05/29/2010,SAN,CA,AWP,WE,Towers with Radar,374,83,15,0,472,1,0,7,0,8,375,83,22,0,480,0,0,0,480
05/30/2010,SAN,CA,AWP,WE,Towers with Radar,344,70,15,0,429,0,0,8,0,8,344,70,23,0,437,0,0,0,437
05/31/2010,SAN,CA,AWP,WE,Towers with Radar,405,98,34,7,544,1,1,6,0,8,406,99,40,7,552,0,0,0,552
06/01/2010,SAN,CA,AWP,WE,Towers with Radar,437,94,20,1,552,0,0,5,2,7,437,94,25,3,559,0,0,0,559
06/02/2010,SAN,CA,AWP,WE,Towers with Radar,435,93,24,5,557,0,1,5,2,8,435,94,29,7,565,0,0,0,565
06/03/2010,SAN,CA,AWP,WE,Towers with Radar,449,104,19,0,572,0,2,3,0,5,449,106,22,0,577,0,0,0,577
06/04/2010,SAN,CA,AWP,WE,Towers with Radar,446,91,26,0,563,1,2,9,0,12,447,93,35,0,575,0,0,0,575
06/05/2010,SAN,CA,AWP,WE,Towers with Radar,366,80,22,0,468,0,0,10,0,10,366,80,32,0,478,0,0,0,478
06/06/2010,SAN,CA,AWP,WE,Towers with Radar,404,94,39,2,539,0,0,8,0,8,404,94,47,2,547,0,0,0,547
06/07/2010,SAN,CA,AWP,WE,Towers with Radar,440,94,56,0,590,1,0,4,1,6,441,94,60,1,596,0,0,0,596
06/08/2010,SAN,CA,AWP,WE,Towers with Radar,439,90,42,1,572,0,0,1,1,2,439,90,43,2,574,0,0,0,574
06/09/2010,SAN,CA,AWP,WE,Towers with Radar,436,96,49,0,581,0,0,1,3,4,436,96,50,3,585,0,0,0,585
06/10/2010,SAN,CA,AWP,WE,Towers with Radar,454,101,30,2,587,0,0,1,0,1,454,101,31,2,588,0,0,0,588
06/11/2010,SAN,CA,AWP,WE,Towers with Radar,450,76,32,1,559,1,0,6,0,7,451,76,38,1,566,0,0,0,566
06/12/2010,SAN,CA,AWP,WE,Towers with Radar,396,79,29,0,504,0,0,5,3,8,396,79,34,3,512,0,0,0,512
06/13/2010,SAN,CA,AWP,WE,Towers with Radar,420,89,31,0,540,1,0,6,0,7,421,89,37,0,547,0,0,0,547
06/14/2010,SAN,CA,AWP,WE,Towers with Radar,451,88,26,2,567,0,0,8,1,9,451,88,34,3,576,0,0,0,576
06/15/2010,SAN,CA,AWP,WE,Towers with Radar,446,84,26,0,556,0,0,7,1,8,446,84,33,1,564,0,0,0,564
06/16/2010,SAN,CA,AWP,WE,Towers with Radar,452,83,21,1,557,1,1,6,1,9,453,84,27,2,566,0,0,0,566
06/17/2010,SAN,CA,AWP,WE,Towers with Radar,453,93,25,4,575,0,0,4,1,5,453,93,29,5,580,0,0,0,580
06/18/2010,SAN,CA,AWP,WE,Towers with Radar,445,85,20,1,551,1,0,8,0,9,446,85,28,1,560,0,0,0,560
06/19/2010,SAN,CA,AWP,WE,Towers with Radar,403,64,19,0,486,0,0,4,1,5,403,64,23,1,491,0,0,0,491
06/20/2010,SAN,CA,AWP,WE,Towers with Radar,422,82,24,0,528,0,0,7,0,7,422,82,31,0,535,0,0,0,535
06/21/2010,SAN,CA,AWP,WE,Towers with Radar,442,97,16,0,555,1,0,5,3,9,443,97,21,3,564,0,0,0,564
06/22/2010,SAN,CA,AWP,WE,Towers with Radar,450,84,28,0,562,0,3,10,3,16,450,87,38,3,578,0,0,0,578
06/23/2010,SAN,CA,AWP,WE,Towers with Radar,446,82,31,1,560,0,1,8,0,9,446,83,39,1,569,0,0,0,569
06/24/2010,SAN,CA,AWP,WE,Towers with Radar,450,98,43,0,591,0,0,8,1,9,450,98,51,1,600,0,0,0,600
06/25/2010,SAN,CA,AWP,WE,Towers with Radar,461,96,50,3,610,0,0,10,2,12,461,96,60,5,622,0,0,0,622
06/26/2010,SAN,CA,AWP,WE,Towers with Radar,402,69,21,2,494,0,1,10,1,12,402,70,31,3,506,0,0,0,506
06/27/2010,SAN,CA,AWP,WE,Towers with Radar,430,89,51,2,572,0,0,0,0,0,430,89,51,2,572,0,0,0,572
06/28/2010,SAN,CA,AWP,WE,Towers with Radar,444,83,31,2,560,1,0,3,1,5,445,83,34,3,565,0,0,0,565
06/29/2010,SAN,CA,AWP,WE,Towers with Radar,452,82,25,2,561,0,1,4,0,5,452,83,29,2,566,0,0,0,566
06/30/2010,SAN,CA,AWP,WE,Towers with Radar,457,82,23,0,562,0,0,0,0,0,457,82,23,0,562,0,0,0,562
07/01/2010,SAN,CA,AWP,WE,Towers with Radar,462,98,36,4,600,0,0,4,1,5,462,98,40,5,605,0,0,0,605
07/02/2010,SAN,CA,AWP,WE,Towers with Radar,453,95,26,2,576,2,1,8,0,11,455,96,34,2,587,0,0,0,587
07/03/2010,SAN,CA,AWP,WE,Towers with Radar,397,68,22,4,491,0,0,6,0,6,397,68,28,4,497,0,0,0,497
07/04/2010,SAN,CA,AWP,WE,Towers with Radar,312,51,20,2,385,0,0,10,0,10,312,51,30,2,395,0,0,0,395
07/05/2010,SAN,CA,AWP,WE,Towers with Radar,413,83,25,3,524,1,0,6,0,7,414,83,31,3,531,0,0,0,531
07/06/2010,SAN,CA,AWP,WE,Towers with Radar,447,99,35,5,586,1,0,9,1,11,448,99,44,6,597,0,0,0,597
07/07/2010,SAN,CA,AWP,WE,Towers with Radar,461,85,30,0,576,0,0,5,2,7,461,85,35,2,583,0,0,0,583
07/08/2010,SAN,CA,AWP,WE,Towers with Radar,450,83,35,1,569,1,0,3,0,4,451,83,38,1,573,0,0,0,573
07/09/2010,SAN,CA,AWP,WE,Towers with Radar,452,85,28,0,565,0,0,0,0,0,452,85,28,0,565,0,0,0,565
07/10/2010,SAN,CA,AWP,WE,Towers with Radar,395,68,20,0,483,1,0,3,1,5,396,68,23,1,488,0,0,0,488
07/11/2010,SAN,CA,AWP,WE,Towers with Radar,418,84,23,0,525,0,1,5,0,6,418,85,28,0,531,0,0,0,531
07/12/2010,SAN,CA,AWP,WE,Towers with Radar,439,90,20,0,549,0,2,0,2,4,439,92,20,2,553,0,0,0,553
07/13/2010,SAN,CA,AWP,WE,Towers with Radar,454,87,16,0,557,0,0,14,1,15,454,87,30,1,572,0,0,0,572
07/14/2010,SAN,CA,AWP,WE,Towers with Radar,456,79,21,0,556,1,2,20,3,26,457,81,41,3,582,0,0,0,582
07/15/2010,SAN,CA,AWP,WE,Towers with Radar,453,89,27,1,570,1,1,9,3,14,454,90,36,4,584,0,0,0,584
07/16/2010,SAN,CA,AWP,WE,Towers with Radar,454,86,21,7,568,0,0,12,1,13,454,86,33,8,581,0,0,0,581
07/17/2010,SAN,CA,AWP,WE,Towers with Radar,396,63,18,0,477,0,1,5,0,6,396,64,23,0,483,0,0,0,483
07/18/2010,SAN,CA,AWP,WE,Towers with Radar,420,77,26,0,523,1,1,5,0,7,421,78,31,0,530,0,0,0,530
07/19/2010,SAN,CA,AWP,WE,Towers with Radar,445,81,43,0,569,0,0,5,0,5,445,81,48,0,574,0,0,0,574
07/20/2010,SAN,CA,AWP,WE,Towers with Radar,455,80,29,0,564,0,1,5,0,6,455,81,34,0,570,0,0,0,570
07/21/2010,SAN,CA,AWP,WE,Towers with Radar,451,89,41,1,582,1,0,1,0,2,452,89,42,1,584,0,0,0,584
07/22/2010,SAN,CA,AWP,WE,Towers with Radar,457,105,47,2,611,0,0,7,1,8,457,105,54,3,619,0,0,0,619
07/23/2010,SAN,CA,AWP,WE,Towers with Radar,452,90,46,2,590,1,1,17,0,19,453,91,63,2,609,0,0,0,609
07/24/2010,SAN,CA,AWP,WE,Towers with Radar,398,77,38,0,513,0,0,9,0,9,398,77,47,0,522,0,0,0,522
07/25/2010,SAN,CA,AWP,WE,Towers with Radar,425,82,34,1,542,1,1,13,0,15,426,83,47,1,557,0,0,0,557
07/26/2010,SAN,CA,AWP,WE,Towers with Radar,441,86,30,0,557,0,1,5,3,9,441,87,35,3,566,0,0,0,566
07/27/2010,SAN,CA,AWP,WE,Towers with Radar,456,89,38,1,584,0,0,11,0,11,456,89,49,1,595,0,0,0,595
07/28/2010,SAN,CA,AWP,WE,Towers with Radar,446,77,22,3,548,0,0,4,2,6,446,77,26,5,554,0,0,0,554
07/29/2010,SAN,CA,AWP,WE,Towers with Radar,453,92,37,0,582,0,2,6,1,9,453,94,43,1,591,0,0,0,591
07/30/2010,SAN,CA,AWP,WE,Towers with Radar,455,100,36,2,593,0,0,3,0,3,455,100,39,2,596,0,0,0,596
07/31/2010,SAN,CA,AWP,WE,Towers with Radar,397,72,33,0,502,1,0,2,3,6,398,72,35,3,508,0,0,0,508
08/01/2010,SAN,CA,AWP,WE,Towers with Radar,421,75,39,0,535,1,1,5,0,7,422,76,44,0,542,0,0,0,542
08/02/2010,SAN,CA,AWP,WE,Towers with Radar,448,77,29,2,556,0,1,2,4,7,448,78,31,6,563,0,0,0,563
08/03/2010,SAN,CA,AWP,WE,Towers with Radar,454,81,39,0,574,1,1,1,3,6,455,82,40,3,580,0,0,0,580
08/04/2010,SAN,CA,AWP,WE,Towers with Radar,454,100,42,0,596,0,0,5,3,8,454,100,47,3,604,0,0,0,604
08/05/2010,SAN,CA,AWP,WE,Towers with Radar,454,81,41,3,579,0,1,6,2,9,454,82,47,5,588,0,0,0,588
08/06/2010,SAN,CA,AWP,WE,Towers with Radar,454,88,30,2,574,1,0,6,0,7,455,88,36,2,581,0,0,0,581
08/07/2010,SAN,CA,AWP,WE,Towers with Radar,404,73,22,0,499,0,0,11,1,12,404,73,33,1,511,0,0,0,511
08/08/2010,SAN,CA,AWP,WE,Towers with Radar,425,77,37,2,541,1,0,13,0,14,426,77,50,2,555,0,0,0,555
08/09/2010,SAN,CA,AWP,WE,Towers with Radar,449,90,39,3,581,0,0,8,1,9,449,90,47,4,590,0,0,0,590
08/10/2010,SAN,CA,AWP,WE,Towers with Radar,453,89,32,0,574,0,1,7,1,9,453,90,39,1,583,0,0,0,583
08/11/2010,SAN,CA,AWP,WE,Towers with Radar,457,78,22,0,557,0,0,3,1,4,457,78,25,1,561,0,0,0,561
08/12/2010,SAN,CA,AWP,WE,Towers with Radar,457,88,36,1,582,1,0,9,3,13,458,88,45,4,595,0,0,0,595
08/13/2010,SAN,CA,AWP,WE,Towers with Radar,462,93,37,2,594,0,0,13,2,15,462,93,50,4,609,0,0,0,609
08/14/2010,SAN,CA,AWP,WE,Towers with Radar,397,74,27,0,498,1,0,15,2,18,398,74,42,2,516,0,0,0,516
08/15/2010,SAN,CA,AWP,WE,Towers with Radar,407,84,24,1,516,1,0,5,0,6,408,84,29,1,522,0,0,0,522
08/16/2010,SAN,CA,AWP,WE,Towers with Radar,451,87,33,0,571,0,4,8,1,13,451,91,41,1,584,0,0,0,584
08/17/2010,SAN,CA,AWP,WE,Towers with Radar,437,75,25,2,539,0,0,10,1,11,437,75,35,3,550,0,0,0,550
08/18/2010,SAN,CA,AWP,WE,Towers with Radar,439,80,29,1,549,1,0,6,1,8,440,80,35,2,557,0,0,0,557
08/19/2010,SAN,CA,AWP,WE,Towers with Radar,436,80,31,0,547,1,0,14,1,16,437,80,45,1,563,0,0,0,563
08/20/2010,SAN,CA,AWP,WE,Towers with Radar,431,90,34,1,556,0,1,17,2,20,431,91,51,3,576,0,0,0,576
08/21/2010,SAN,CA,AWP,WE,Towers with Radar,356,70,20,0,446,0,1,18,0,19,356,71,38,0,465,0,0,0,465
08/22/2010,SAN,CA,AWP,WE,Towers with Radar,394,81,19,0,494,1,0,12,1,14,395,81,31,1,508,0,0,0,508
08/23/2010,SAN,CA,AWP,WE,Towers with Radar,428,96,8,1,533,0,0,6,0,6,428,96,14,1,539,0,0,0,539
08/24/2010,SAN,CA,AWP,WE,Towers with Radar,431,72,20,2,525,1,0,16,1,18,432,72,36,3,543,0,0,0,543
08/25/2010,SAN,CA,AWP,WE,Towers with Radar,431,71,21,0,523,0,0,13,1,14,431,71,34,1,537,0,0,0,537
08/26/2010,SAN,CA,AWP,WE,Towers with Radar,437,80,36,0,553,1,0,15,1,17,438,80,51,1,570,0,0,0,570
08/27/2010,SAN,CA,AWP,WE,Towers with Radar,433,86,40,2,561,1,0,4,0,5,434,86,44,2,566,0,0,0,566
08/28/2010,SAN,CA,AWP,WE,Towers with Radar,342,69,29,1,441,0,0,4,0,4,342,69,33,1,445,0,0,0,445
08/29/2010,SAN,CA,AWP,WE,Towers with Radar,396,78,39,0,513,0,2,11,2,15,396,80,50,2,528,0,0,0,528
08/30/2010,SAN,CA,AWP,WE,Towers with Radar,422,72,20,0,514,0,2,1,5,8,422,74,21,5,522,0,0,0,522
08/31/2010,SAN,CA,AWP,WE,Towers with Radar,421,77,32,0,530,1,0,0,1,2,422,77,32,1,532,0,0,0,532
09/01/2010,SAN,CA,AWP,WE,Towers with Radar,427,70,35,0,532,0,0,15,0,15,427,70,50,0,547,0,0,0,547
09/02/2010,SAN,CA,AWP,WE,Towers with Radar,438,80,35,1,554,1,1,5,1,8,439,81,40,2,562,0,0,0,562
09/03/2010,SAN,CA,AWP,WE,Towers with Radar,441,81,25,2,549,0,1,3,1,5,441,82,28,3,554,0,0,0,554
09/04/2010,SAN,CA,AWP,WE,Towers with Radar,336,56,10,0,402,0,0,7,2,9,336,56,17,2,411,0,0,0,411
09/05/2010,SAN,CA,AWP,WE,Towers with Radar,318,59,14,0,391,0,0,8,0,8,318,59,22,0,399,0,0,0,399
09/06/2010,SAN,CA,AWP,WE,Towers with Radar,390,71,24,0,485,0,0,4,0,4,390,71,28,0,489,0,0,0,489
09/07/2010,SAN,CA,AWP,WE,Towers with Radar,410,80,11,4,505,0,0,1,1,2,410,80,12,5,507,0,0,0,507
09/08/2010,SAN,CA,AWP,WE,Towers with Radar,416,69,22,3,510,0,0,1,2,3,416,69,23,5,513,0,0,0,513
09/09/2010,SAN,CA,AWP,WE,Towers with Radar,418,75,19,2,514,0,1,1,2,4,418,76,20,4,518,0,0,0,518
09/10/2010,SAN,CA,AWP,WE,Towers with Radar,416,85,23,1,525,1,1,10,2,14,417,86,33,3,539,0,0,0,539
09/11/2010,SAN,CA,AWP,WE,Towers with Radar,328,57,15,0,400,0,0,4,2,6,328,57,19,2,406,0,0,0,406
09/12/2010,SAN,CA,AWP,WE,Towers with Radar,386,78,30,2,496,0,1,2,0,3,386,79,32,2,499,0,0,0,499
09/13/2010,SAN,CA,AWP,WE,Towers with Radar,412,77,23,0,512,1,0,3,1,5,413,77,26,1,517,0,0,0,517
09/14/2010,SAN,CA,AWP,WE,Towers with Radar,416,72,28,1,517,0,0,6,0,6,416,72,34,1,523,0,0,0,523
09/15/2010,SAN,CA,AWP,WE,Towers with Radar,415,81,21,1,518,0,0,0,1,1,415,81,21,2,519,0,0,0,519
09/16/2010,SAN,CA,AWP,WE,Towers with Radar,425,76,26,1,528,0,1,5,0,6,425,77,31,1,534,0,0,0,534
09/17/2010,SAN,CA,AWP,WE,Towers with Radar,412,75,18,3,508,0,0,14,0,14,412,75,32,3,522,0,0,0,522
09/18/2010,SAN,CA,AWP,WE,Towers with Radar,330,65,19,2,416,1,1,3,0,5,331,66,22,2,421,0,0,0,421
09/19/2010,SAN,CA,AWP,WE,Towers with Radar,382,85,27,1,495,0,0,5,0,5,382,85,32,1,500,0,0,0,500
09/20/2010,SAN,CA,AWP,WE,Towers with Radar,407,73,30,3,513,0,0,6,0,6,407,73,36,3,519,0,0,0,519
09/21/2010,SAN,CA,AWP,WE,Towers with Radar,405,80,23,0,508,1,0,0,0,1,406,80,23,0,509,0,0,0,509
09/22/2010,SAN,CA,AWP,WE,Towers with Radar,407,79,31,4,521,0,0,2,2,4,407,79,33,6,525,0,0,0,525
09/23/2010,SAN,CA,AWP,WE,Towers with Radar,422,85,23,1,531,1,0,3,0,4,423,85,26,1,535,0,0,0,535
09/24/2010,SAN,CA,AWP,WE,Towers with Radar,416,90,45,0,551,0,0,4,1,5,416,90,49,1,556,0,0,0,556
09/25/2010,SAN,CA,AWP,WE,Towers with Radar,330,59,10,0,399,1,0,7,0,8,331,59,17,0,407,0,0,0,407
09/26/2010,SAN,CA,AWP,WE,Towers with Radar,393,81,34,0,508,0,0,4,2,6,393,81,38,2,514,0,0,0,514
09/27/2010,SAN,CA,AWP,WE,Towers with Radar,408,72,25,2,507,0,0,2,0,2,408,72,27,2,509,0,0,0,509
09/28/2010,SAN,CA,AWP,WE,Towers with Radar,408,82,30,2,522,1,0,2,0,3,409,82,32,2,525,0,0,0,525
09/29/2010,SAN,CA,AWP,WE,Towers with Radar,412,77,31,1,521,1,0,2,0,3,413,77,33,1,524,0,0,0,524
09/30/2010,SAN,CA,AWP,WE,Towers with Radar,412,84,41,0,537,0,0,7,0,7,412,84,48,0,544,0,0,0,544
10/01/2010,SAN,CA,AWP,WE,Towers with Radar,424,80,56,1,561,0,0,8,0,8,424,80,64,1,569,0,0,0,569
10/02/2010,SAN,CA,AWP,WE,Towers with Radar,334,58,25,0,417,1,0,0,0,1,335,58,25,0,418,0,0,0,418
10/03/2010,SAN,CA,AWP,WE,Towers with Radar,396,77,42,3,518,0,0,0,1,1,396,77,42,4,519,0,0,0,519
10/04/2010,SAN,CA,AWP,WE,Towers with Radar,419,80,44,2,545,1,0,0,2,3,420,80,44,4,548,0,0,0,548
10/05/2010,SAN,CA,AWP,WE,Towers with Radar,410,77,28,0,515,0,0,1,1,2,410,77,29,1,517,0,0,0,517
10/06/2010,SAN,CA,AWP,WE,Towers with Radar,414,81,30,2,527,1,0,2,3,6,415,81,32,5,533,0,0,0,533
10/07/2010,SAN,CA,AWP,WE,Towers with Radar,421,76,29,1,527,0,0,7,1,8,421,76,36,2,535,0,0,0,535
10/08/2010,SAN,CA,AWP,WE,Towers with Radar,421,79,32,1,533,0,1,10,1,12,421,80,42,2,545,0,0,0,545
10/09/2010,SAN,CA,AWP,WE,Towers with Radar,334,62,18,2,416,0,0,9,1,10,334,62,27,3,426,0,0,0,426
10/10/2010,SAN,CA,AWP,WE,Towers with Radar,388,70,23,3,484,0,0,10,0,10,388,70,33,3,494,0,0,0,494
10/11/2010,SAN,CA,AWP,WE,Towers with Radar,455,60,23,3,541,1,0,0,3,4,456,60,23,6,545,0,0,0,545
10/12/2010,SAN,CA,AWP,WE,Towers with Radar,411,80,33,1,525,0,1,2,2,5,411,81,35,3,530,0,0,0,530
10/13/2010,SAN,CA,AWP,WE,Towers with Radar,428,82,27,2,539,0,0,1,0,1,428,82,28,2,540,0,0,0,540
10/14/2010,SAN,CA,AWP,WE,Towers with Radar,420,78,14,2,514,1,0,1,0,2,421,78,15,2,516,0,0,0,516
10/15/2010,SAN,CA,AWP,WE,Towers with Radar,423,82,29,2,536,0,0,1,2,3,423,82,30,4,539,0,0,0,539
10/16/2010,SAN,CA,AWP,WE,Towers with Radar,332,59,20,2,413,1,1,0,0,2,333,60,20,2,415,0,0,0,415
10/17/2010,SAN,CA,AWP,WE,Towers with Radar,388,78,24,2,492,1,1,0,1,3,389,79,24,3,495,0,0,0,495
10/18/2010,SAN,CA,AWP,WE,Towers with Radar,420,83,26,6,535,0,0,0,1,1,420,83,26,7,536,0,0,0,536
10/19/2010,SAN,CA,AWP,WE,Towers with Radar,412,79,11,0,502,1,1,0,0,2,413,80,11,0,504,0,0,0,504
10/20/2010,SAN,CA,AWP,WE,Towers with Radar,419,90,24,0,533,0,1,0,0,1,419,91,24,0,534,0,0,0,534
10/21/2010,SAN,CA,AWP,WE,Towers with Radar,419,77,22,3,521,1,0,1,0,2,420,77,23,3,523,0,0,0,523
10/22/2010,SAN,CA,AWP,WE,Towers with Radar,421,80,25,2,528,0,0,8,0,8,421,80,33,2,536,0,0,0,536
10/23/2010,SAN,CA,AWP,WE,Towers with Radar,332,66,20,0,418,1,0,1,0,2,333,66,21,0,420,0,0,0,420
10/24/2010,SAN,CA,AWP,WE,Towers with Radar,400,82,39,0,521,0,1,6,0,7,400,83,45,0,528,0,0,0,528
10/25/2010,SAN,CA,AWP,WE,Towers with Radar,415,82,24,3,524,0,0,0,0,0,415,82,24,3,524,0,0,0,524
10/26/2010,SAN,CA,AWP,WE,Towers with Radar,405,84,19,2,510,1,0,3,2,6,406,84,22,4,516,0,0,0,516
10/27/2010,SAN,CA,AWP,WE,Towers with Radar,418,88,16,0,522,0,0,7,1,8,418,88,23,1,530,0,0,0,530
10/28/2010,SAN,CA,AWP,WE,Towers with Radar,417,75,30,0,522,1,2,10,1,14,418,77,40,1,536,0,0,0,536
10/29/2010,SAN,CA,AWP,WE,Towers with Radar,420,81,24,4,529,0,0,9,3,12,420,81,33,7,541,0,0,0,541
10/30/2010,SAN,CA,AWP,WE,Towers with Radar,333,62,19,11,425,1,0,3,0,4,334,62,22,11,429,0,0,0,429
10/31/2010,SAN,CA,AWP,WE,Towers with Radar,377,70,23,3,473,0,0,4,0,4,377,70,27,3,477,0,0,0,477
11/01/2010,SAN,CA,AWP,WE,Towers with Radar,414,75,21,0,510,0,1,2,0,3,414,76,23,0,513,0,0,0,513
11/02/2010,SAN,CA,AWP,WE,Towers with Radar,402,75,16,0,493,0,0,2,1,3,402,75,18,1,496,0,0,0,496
11/03/2010,SAN,CA,AWP,WE,Towers with Radar,415,78,17,0,510,0,1,3,1,5,415,79,20,1,515,0,0,0,515
11/04/2010,SAN,CA,AWP,WE,Towers with Radar,414,89,15,3,521,0,0,11,1,12,414,89,26,4,533,0,0,0,533
11/05/2010,SAN,CA,AWP,WE,Towers with Radar,412,84,21,5,522,0,0,2,2,4,412,84,23,7,526,0,0,0,526
11/06/2010,SAN,CA,AWP,WE,Towers with Radar,325,55,13,2,395,1,1,6,0,8,326,56,19,2,403,0,0,0,403
11/07/2010,SAN,CA,AWP,WE,Towers with Radar,378,71,22,1,472,0,0,5,0,5,378,71,27,1,477,0,0,0,477
11/08/2010,SAN,CA,AWP,WE,Towers with Radar,400,81,26,2,509,0,0,4,0,4,400,81,30,2,513,0,0,0,513
11/09/2010,SAN,CA,AWP,WE,Towers with Radar,392,82,22,0,496,0,0,3,1,4,392,82,25,1,500,0,0,0,500
11/10/2010,SAN,CA,AWP,WE,Towers with Radar,398,78,25,1,502,0,0,2,0,2,398,78,27,1,504,0,0,0,504
11/11/2010,SAN,CA,AWP,WE,Towers with Radar,405,81,23,5,514,1,0,9,0,10,406,81,32,5,524,0,0,0,524
11/12/2010,SAN,CA,AWP,WE,Towers with Radar,406,83,27,0,516,0,0,13,0,13,406,83,40,0,529,0,0,0,529
11/13/2010,SAN,CA,AWP,WE,Towers with Radar,325,63,10,0,398,2,0,11,1,14,327,63,21,1,412,0,0,0,412
11/14/2010,SAN,CA,AWP,WE,Towers with Radar,375,78,25,0,478,1,0,8,1,10,376,78,33,1,488,0,0,0,488
11/15/2010,SAN,CA,AWP,WE,Towers with Radar,347,72,31,2,452,2,0,3,0,5,349,72,34,2,457,0,0,0,457
11/16/2010,SAN,CA,AWP,WE,Towers with Radar,425,73,29,0,527,0,0,2,1,3,425,73,31,1,530,0,0,0,530
11/17/2010,SAN,CA,AWP,WE,Towers with Radar,405,84,25,0,514,0,0,1,1,2,405,84,26,1,516,0,0,0,516
11/18/2010,SAN,CA,AWP,WE,Towers with Radar,409,92,52,2,555,0,0,1,0,1,409,92,53,2,556,0,0,0,556
11/19/2010,SAN,CA,AWP,WE,Towers with Radar,407,84,36,5,532,0,0,5,0,5,407,84,41,5,537,0,0,0,537
11/20/2010,SAN,CA,AWP,WE,Towers with Radar,357,60,17,3,437,0,0,0,1,1,357,60,17,4,438,0,0,0,438
11/21/2010,SAN,CA,AWP,WE,Towers with Radar,388,72,22,0,482,2,0,10,0,12,390,72,32,0,494,0,0,0,494
11/22/2010,SAN,CA,AWP,WE,Towers with Radar,394,75,35,0,504,0,0,3,0,3,394,75,38,0,507,0,0,0,507
11/23/2010,SAN,CA,AWP,WE,Towers with Radar,416,81,29,2,528,0,0,3,2,5,416,81,32,4,533,0,0,0,533
11/24/2010,SAN,CA,AWP,WE,Towers with Radar,424,81,21,0,526,2,0,5,1,8,426,81,26,1,534,0,0,0,534
11/25/2010,SAN,CA,AWP,WE,Towers with Radar,283,49,7,1,340,0,0,9,1,10,283,49,16,2,350,0,0,0,350
11/26/2010,SAN,CA,AWP,WE,Towers with Radar,350,65,18,1,434,1,0,6,0,7,351,65,24,1,441,0,0,0,441
11/27/2010,SAN,CA,AWP,WE,Towers with Radar,376,63,12,0,451,0,1,2,0,3,376,64,14,0,454,0,0,0,454
11/28/2010,SAN,CA,AWP,WE,Towers with Radar,417,72,46,0,535,0,2,4,0,6,417,74,50,0,541,0,0,0,541
11/29/2010,SAN,CA,AWP,WE,Towers with Radar,409,80,32,2,523,2,0,2,1,5,411,80,34,3,528,0,0,0,528
11/30/2010,SAN,CA,AWP,WE,Towers with Radar,393,75,18,2,488,1,0,12,0,13,394,75,30,2,501,0,0,0,501
12/01/2010,SAN,CA,AWP,WE,Towers with Radar,390,82,22,6,500,0,0,1,1,2,390,82,23,7,502,0,0,0,502
12/02/2010,SAN,CA,AWP,WE,Towers with Radar,394,74,21,2,491,0,0,1,1,2,394,74,22,3,493,0,0,0,493
12/03/2010,SAN,CA,AWP,WE,Towers with Radar,394,75,24,0,493,0,0,3,2,5,394,75,27,2,498,0,0,0,498
12/04/2010,SAN,CA,AWP,WE,Towers with Radar,312,59,8,0,379,2,0,9,0,11,314,59,17,0,390,0,0,0,390
12/05/2010,SAN,CA,AWP,WE,Towers with Radar,371,77,31,2,481,0,0,5,2,7,371,77,36,4,488,0,0,0,488
12/06/2010,SAN,CA,AWP,WE,Towers with Radar,394,77,16,2,489,0,1,2,2,5,394,78,18,4,494,0,0,0,494
12/07/2010,SAN,CA,AWP,WE,Towers with Radar,369,74,12,0,455,0,0,7,0,7,369,74,19,0,462,0,0,0,462
12/08/2010,SAN,CA,AWP,WE,Towers with Radar,356,84,27,0,467,2,1,8,0,11,358,85,35,0,478,0,0,0,478
12/09/2010,SAN,CA,AWP,WE,Towers with Radar,382,90,33,0,505,0,2,8,1,11,382,92,41,1,516,0,0,0,516
12/10/2010,SAN,CA,AWP,WE,Towers with Radar,415,75,21,1,512,2,0,3,0,5,417,75,24,1,517,0,0,0,517
12/11/2010,SAN,CA,AWP,WE,Towers with Radar,319,54,14,0,387,0,0,7,1,8,319,54,21,1,395,0,0,0,395
12/12/2010,SAN,CA,AWP,WE,Towers with Radar,354,69,27,0,450,2,1,15,0,18,356,70,42,0,468,0,0,0,468
12/13/2010,SAN,CA,AWP,WE,Towers with Radar,385,81,17,2,485,0,0,0,1,1,385,81,17,3,486,0,0,0,486
12/14/2010,SAN,CA,AWP,WE,Towers with Radar,378,69,19,3,469,0,0,1,0,1,378,69,20,3,470,0,0,0,470
12/15/2010,SAN,CA,AWP,WE,Towers with Radar,385,87,21,0,493,2,0,2,0,4,387,87,23,0,497,0,0,0,497
12/16/2010,SAN,CA,AWP,WE,Towers with Radar,418,88,31,0,537,0,1,5,0,6,418,89,36,0,543,0,0,0,543
12/17/2010,SAN,CA,AWP,WE,Towers with Radar,414,99,28,2,543,0,0,1,0,1,414,99,29,2,544,0,0,0,544
12/18/2010,SAN,CA,AWP,WE,Towers with Radar,350,66,20,1,437,0,2,0,0,2,350,68,20,1,439,0,0,0,439
12/19/2010,SAN,CA,AWP,WE,Towers with Radar,396,79,20,0,495,0,0,0,0,0,396,79,20,0,495,0,0,0,495
12/20/2010,SAN,CA,AWP,WE,Towers with Radar,419,87,40,0,546,0,1,1,0,2,419,88,41,0,548,0,0,0,548
12/21/2010,SAN,CA,AWP,WE,Towers with Radar,416,77,34,0,527,0,2,0,0,2,416,79,34,0,529,0,0,0,529
12/22/2010,SAN,CA,AWP,WE,Towers with Radar,440,73,22,0,535,0,0,0,1,1,440,73,22,1,536,0,0,0,536
12/23/2010,SAN,CA,AWP,WE,Towers with Radar,441,78,18,4,541,2,0,3,0,5,443,78,21,4,546,0,0,0,546
12/24/2010,SAN,CA,AWP,WE,Towers with Radar,347,68,8,0,423,0,0,6,1,7,347,68,14,1,430,0,0,0,430
12/25/2010,SAN,CA,AWP,WE,Towers with Radar,321,56,13,1,391,2,2,0,0,4,323,58,13,1,395,0,0,0,395
12/26/2010,SAN,CA,AWP,WE,Towers with Radar,388,66,20,0,474,0,0,2,0,2,388,66,22,0,476,0,0,0,476
12/27/2010,SAN,CA,AWP,WE,Towers with Radar,390,73,19,0,482,2,0,7,0,9,392,73,26,0,491,0,0,0,491
12/28/2010,SAN,CA,AWP,WE,Towers with Radar,425,78,26,2,531,1,0,9,1,11,426,78,35,3,542,0,0,0,542
12/29/2010,SAN,CA,AWP,WE,Towers with Radar,432,86,9,0,527,2,0,0,0,2,434,86,9,0,529,0,0,0,529
12/30/2010,SAN,CA,AWP,WE,Towers with Radar,428,90,32,3,553,0,0,3,0,3,428,90,35,3,556,0,0,0,556
12/31/2010,SAN,CA,AWP,WE,Towers with Radar,363,75,13,0,451,2,0,2,1,5,365,75,15,1,456,0,0,0,456
01/01/2011,SAN,CA,AWP,WE,Towers with Radar,320,58,13,0,391,1,1,7,0,9,321,59,20,0,400,0,0,0,400
01/02/2011,SAN,CA,AWP,WE,Towers with Radar,401,67,23,0,491,0,0,1,0,1,401,67,24,0,492,0,0,0,492
01/03/2011,SAN,CA,AWP,WE,Towers with Radar,434,78,17,1,530,2,0,0,0,2,436,78,17,1,532,0,0,0,532
01/04/2011,SAN,CA,AWP,WE,Towers with Radar,402,79,15,0,496,0,0,5,0,5,402,79,20,0,501,0,0,0,501
01/05/2011,SAN,CA,AWP,WE,Towers with Radar,384,78,26,0,488,3,0,11,1,15,387,78,37,1,503,0,0,0,503
01/06/2011,SAN,CA,AWP,WE,Towers with Radar,397,73,17,0,487,0,1,1,0,2,397,74,18,0,489,0,0,0,489
01/07/2011,SAN,CA,AWP,WE,Towers with Radar,392,81,21,2,496,0,0,4,0,4,392,81,25,2,500,0,0,0,500
01/08/2011,SAN,CA,AWP,WE,Towers with Radar,322,62,12,6,402,0,0,3,0,3,322,62,15,6,405,0,0,0,405
01/09/2011,SAN,CA,AWP,WE,Towers with Radar,350,73,19,2,444,0,0,7,1,8,350,73,26,3,452,0,0,0,452
01/10/2011,SAN,CA,AWP,WE,Towers with Radar,392,89,11,2,494,1,0,3,1,5,393,89,14,3,499,0,0,0,499
01/11/2011,SAN,CA,AWP,WE,Towers with Radar,376,78,15,1,470,1,1,2,2,6,377,79,17,3,476,0,0,0,476
01/12/2011,SAN,CA,AWP,WE,Towers with Radar,390,71,23,0,484,2,0,7,0,9,392,71,30,0,493,0,0,0,493
01/13/2011,SAN,CA,AWP,WE,Towers with Radar,397,73,30,1,501,0,0,8,0,8,397,73,38,1,509,0,0,0,509
01/14/2011,SAN,CA,AWP,WE,Towers with Radar,408,76,24,1,509,1,1,16,0,18,409,77,40,1,527,0,0,0,527
01/15/2011,SAN,CA,AWP,WE,Towers with Radar,321,65,6,0,392,0,0,8,0,8,321,65,14,0,400,0,0,0,400
01/16/2011,SAN,CA,AWP,WE,Towers with Radar,358,64,22,0,444,1,0,11,0,12,359,64,33,0,456,0,0,0,456
01/17/2011,SAN,CA,AWP,WE,Towers with Radar,399,80,27,1,507,1,1,2,0,4,400,81,29,1,511,0,0,0,511
01/18/2011,SAN,CA,AWP,WE,Towers with Radar,387,81,35,1,504,1,0,1,1,3,388,81,36,2,507,0,0,0,507
01/19/2011,SAN,CA,AWP,WE,Towers with Radar,403,69,20,0,492,1,0,0,0,1,404,69,20,0,493,0,0,0,493
01/20/2011,SAN,CA,AWP,WE,Towers with Radar,405,88,29,1,523,0,0,5,1,6,405,88,34,2,529,0,0,0,529
01/21/2011,SAN,CA,AWP,WE,Towers with Radar,401,82,16,2,501,1,1,5,1,8,402,83,21,3,509,0,0,0,509
01/22/2011,SAN,CA,AWP,WE,Towers with Radar,304,56,22,1,383,0,0,4,0,4,304,56,26,1,387,0,0,0,387
01/23/2011,SAN,CA,AWP,WE,Towers with Radar,357,70,33,1,461,2,1,9,0,12,359,71,42,1,473,0,0,0,473
01/24/2011,SAN,CA,AWP,WE,Towers with Radar,398,76,25,2,501,0,0,3,1,4,398,76,28,3,505,0,0,0,505
01/25/2011,SAN,CA,AWP,WE,Towers with Radar,392,82,32,1,507,0,1,3,2,6,392,83,35,3,513,0,0,0,513
01/26/2011,SAN,CA,AWP,WE,Towers with Radar,394,82,36,4,516,1,1,16,3,21,395,83,52,7,537,0,0,0,537
01/27/2011,SAN,CA,AWP,WE,Towers with Radar,397,76,37,2,512,0,0,1,2,3,397,76,38,4,515,0,0,0,515
01/28/2011,SAN,CA,AWP,WE,Towers with Radar,403,81,33,0,517,1,1,10,1,13,404,82,43,1,530,0,0,0,530
01/29/2011,SAN,CA,AWP,WE,Towers with Radar,311,61,16,0,388,1,1,13,1,16,312,62,29,1,404,0,0,0,404
01/30/2011,SAN,CA,AWP,WE,Towers with Radar,359,78,28,0,465,0,2,2,0,4,359,80,30,0,469,0,0,0,469
01/31/2011,SAN,CA,AWP,WE,Towers with Radar,402,74,22,1,499,0,0,3,0,3,402,74,25,1,502,0,0,0,502
02/01/2011,SAN,CA,AWP,WE,Towers with Radar,353,72,35,1,461,0,0,1,1,2,353,72,36,2,463,0,0,0,463
02/02/2011,SAN,CA,AWP,WE,Towers with Radar,364,79,26,0,469,1,2,4,3,10,365,81,30,3,479,0,0,0,479
02/03/2011,SAN,CA,AWP,WE,Towers with Radar,399,83,27,0,509,3,0,8,1,12,402,83,35,1,521,0,0,0,521
02/04/2011,SAN,CA,AWP,WE,Towers with Radar,392,80,17,2,491,0,2,3,0,5,392,82,20,2,496,0,0,0,496
02/05/2011,SAN,CA,AWP,WE,Towers with Radar,317,64,25,2,408,0,0,4,0,4,317,64,29,2,412,0,0,0,412
02/06/2011,SAN,CA,AWP,WE,Towers with Radar,359,69,14,1,443,2,1,5,0,8,361,70,19,1,451,0,0,0,451
02/07/2011,SAN,CA,AWP,WE,Towers with Radar,396,79,11,1,487,0,0,3,0,3,396,79,14,1,490,0,0,0,490
02/08/2011,SAN,CA,AWP,WE,Towers with Radar,388,85,30,0,503,2,0,2,2,6,390,85,32,2,509,0,0,0,509
02/09/2011,SAN,CA,AWP,WE,Towers with Radar,398,79,29,0,506,0,0,6,1,7,398,79,35,1,513,0,0,0,513
02/10/2011,SAN,CA,AWP,WE,Towers with Radar,406,86,25,1,518,1,1,4,0,6,407,87,29,1,524,0,0,0,524
02/11/2011,SAN,CA,AWP,WE,Towers with Radar,407,78,25,3,513,1,0,9,0,10,408,78,34,3,523,0,0,0,523
02/12/2011,SAN,CA,AWP,WE,Towers with Radar,317,63,22,7,409,0,0,12,1,13,317,63,34,8,422,0,0,0,422
02/13/2011,SAN,CA,AWP,WE,Towers with Radar,374,75,19,5,473,2,2,9,3,16,376,77,28,8,489,0,0,0,489
02/14/2011,SAN,CA,AWP,WE,Towers with Radar,394,77,16,4,491,1,1,4,0,6,395,78,20,4,497,0,0,0,497
02/15/2011,SAN,CA,AWP,WE,Towers with Radar,401,78,31,2,512,0,0,1,0,1,401,78,32,2,513,0,0,0,513
02/16/2011,SAN,CA,AWP,WE,Towers with Radar,407,83,32,3,525,2,0,0,1,3,409,83,32,4,528,0,0,0,528
02/17/2011,SAN,CA,AWP,WE,Towers with Radar,402,79,23,0,504,0,0,0,0,0,402,79,23,0,504,0,0,0,504
02/18/2011,SAN,CA,AWP,WE,Towers with Radar,407,75,32,4,518,1,0,2,0,3,408,75,34,4,521,0,0,0,521
02/19/2011,SAN,CA,AWP,WE,Towers with Radar,328,78,11,2,419,0,1,2,0,3,328,79,13,2,422,0,0,0,422
02/20/2011,SAN,CA,AWP,WE,Towers with Radar,363,73,25,2,463,2,1,0,0,3,365,74,25,2,466,0,0,0,466
02/21/2011,SAN,CA,AWP,WE,Towers with Radar,396,76,27,2,501,0,1,5,0,6,396,77,32,2,507,0,0,0,507
02/22/2011,SAN,CA,AWP,WE,Towers with Radar,403,66,19,0,488,0,1,2,0,3,403,67,21,0,491,0,0,0,491
02/23/2011,SAN,CA,AWP,WE,Towers with Radar,404,72,24,1,501,0,1,2,0,3,404,73,26,1,504,0,0,0,504
02/24/2011,SAN,CA,AWP,WE,Towers with Radar,409,72,28,0,509,0,2,0,1,3,409,74,28,1,512,0,0,0,512
02/25/2011,SAN,CA,AWP,WE,Towers with Radar,406,78,26,1,511,0,0,1,1,2,406,78,27,2,513,0,0,0,513
02/26/2011,SAN,CA,AWP,WE,Towers with Radar,325,66,15,1,407,2,0,0,0,2,327,66,15,1,409,0,0,0,409
02/27/2011,SAN,CA,AWP,WE,Towers with Radar,374,73,29,1,477,0,0,4,0,4,374,73,33,1,481,0,0,0,481
02/28/2011,SAN,CA,AWP,WE,Towers with Radar,401,78,32,0,511,2,0,3,0,5,403,78,35,0,516,0,0,0,516
03/01/2011,SAN,CA,AWP,WE,Towers with Radar,396,80,18,1,495,0,0,3,0,3,396,80,21,1,498,0,0,0,498
03/02/2011,SAN,CA,AWP,WE,Towers with Radar,399,76,40,8,523,1,0,2,2,5,400,76,42,10,528,0,0,0,528
03/03/2011,SAN,CA,AWP,WE,Towers with Radar,420,89,34,4,547,0,1,2,1,4,420,90,36,5,551,0,0,0,551
03/04/2011,SAN,CA,AWP,WE,Towers with Radar,419,74,23,9,525,0,2,7,0,9,419,76,30,9,534,0,0,0,534
03/05/2011,SAN,CA,AWP,WE,Towers with Radar,329,68,24,0,421,2,0,16,1,19,331,68,40,1,440,0,0,0,440
03/06/2011,SAN,CA,AWP,WE,Towers with Radar,375,76,28,5,484,0,0,0,0,0,375,76,28,5,484,0,0,0,484
03/07/2011,SAN,CA,AWP,WE,Towers with Radar,397,77,27,0,501,0,0,1,0,1,397,77,28,0,502,0,0,0,502
03/08/2011,SAN,CA,AWP,WE,Towers with Radar,389,79,33,2,503,0,0,4,1,5,389,79,37,3,508,0,0,0,508
03/09/2011,SAN,CA,AWP,WE,Towers with Radar,401,73,30,0,504,1,0,4,0,5,402,73,34,0,509,0,0,0,509
03/10/2011,SAN,CA,AWP,WE,Towers with Radar,415,83,24,2,524,0,0,6,0,6,415,83,30,2,530,0,0,0,530
03/11/2011,SAN,CA,AWP,WE,Towers with Radar,406,76,32,0,514,2,1,11,1,15,408,77,43,1,529,0,0,0,529
03/12/2011,SAN,CA,AWP,WE,Towers with Radar,343,64,19,1,427,0,0,8,0,8,343,64,27,1,435,0,0,0,435
03/13/2011,SAN,CA,AWP,WE,Towers with Radar,372,82,27,1,482,2,1,3,1,7,374,83,30,2,489,0,0,0,489
03/14/2011,SAN,CA,AWP,WE,Towers with Radar,394,79,17,6,496,0,1,4,0,5,394,80,21,6,501,0,0,0,501
03/15/2011,SAN,CA,AWP,WE,Towers with Radar,405,82,35,4,526,0,0,8,0,8,405,82,43,4,534,0,0,0,534
03/16/2011,SAN,CA,AWP,WE,Towers with Radar,402,84,28,4,518,0,0,2,0,2,402,84,30,4,520,0,0,0,520
03/17/2011,SAN,CA,AWP,WE,Towers with Radar,422,81,29,3,535,2,0,5,0,7,424,81,34,3,542,0,0,0,542
03/18/2011,SAN,CA,AWP,WE,Towers with Radar,398,86,23,2,509,0,0,4,2,6,398,86,27,4,515,0,0,0,515
03/19/2011,SAN,CA,AWP,WE,Towers with Radar,352,80,21,0,453,1,0,3,0,4,353,80,24,0,457,0,0,0,457
03/20/2011,SAN,CA,AWP,WE,Towers with Radar,354,74,21,2,451,0,1,0,0,1,354,75,21,2,452,0,0,0,452
03/21/2011,SAN,CA,AWP,WE,Towers with Radar,403,82,22,0,507,2,1,1,0,4,405,83,23,0,511,0,0,0,511
03/22/2011,SAN,CA,AWP,WE,Towers with Radar,399,78,26,0,503,0,1,7,1,9,399,79,33,1,512,0,0,0,512
03/23/2011,SAN,CA,AWP,WE,Towers with Radar,399,81,26,0,506,2,0,4,1,7,401,81,30,1,513,0,0,0,513
03/24/2011,SAN,CA,AWP,WE,Towers with Radar,416,82,35,0,533,0,0,5,1,6,416,82,40,1,539,0,0,0,539
03/25/2011,SAN,CA,AWP,WE,Towers with Radar,414,78,19,2,513,2,1,3,0,6,416,79,22,2,519,0,0,0,519
03/26/2011,SAN,CA,AWP,WE,Towers with Radar,337,72,15,0,424,0,0,2,0,2,337,72,17,0,426,0,0,0,426
03/27/2011,SAN,CA,AWP,WE,Towers with Radar,381,73,22,0,476,0,0,5,0,5,381,73,27,0,481,0,0,0,481
03/28/2011,SAN,CA,AWP,WE,Towers with Radar,404,76,11,5,496,0,0,3,1,4,404,76,14,6,500,0,0,0,500
03/29/2011,SAN,CA,AWP,WE,Towers with Radar,398,98,35,2,533,2,2,5,0,9,400,100,40,2,542,0,0,0,542
03/30/2011,SAN,CA,AWP,WE,Towers with Radar,404,81,23,0,508,1,0,3,0,4,405,81,26,0,512,0,0,0,512
03/31/2011,SAN,CA,AWP,WE,Towers with Radar,415,84,25,0,524,1,1,6,1,9,416,85,31,1,533,0,0,0,533
04/01/2011,SAN,CA,AWP,WE,Towers with Radar,405,81,27,0,513,0,2,1,0,3,405,83,28,0,516,0,0,0,516
04/02/2011,SAN,CA,AWP,WE,Towers with Radar,326,65,9,2,402,0,0,1,0,1,326,65,10,2,403,0,0,0,403
04/03/2011,SAN,CA,AWP,WE,Towers with Radar,364,80,24,4,472,1,1,4,0,6,365,81,28,4,478,0,0,0,478
04/04/2011,SAN,CA,AWP,WE,Towers with Radar,398,88,23,0,509,0,0,2,0,2,398,88,25,0,511,0,0,0,511
04/05/2011,SAN,CA,AWP,WE,Towers with Radar,396,84,18,2,500,2,1,1,1,5,398,85,19,3,505,0,0,0,505
04/06/2011,SAN,CA,AWP,WE,Towers with Radar,405,83,29,0,517,0,0,2,0,2,405,83,31,0,519,0,0,0,519
04/07/2011,SAN,CA,AWP,WE,Towers with Radar,409,84,20,2,515,0,0,1,0,1,409,84,21,2,516,0,0,0,516
04/08/2011,SAN,CA,AWP,WE,Towers with Radar,401,88,29,0,518,2,2,4,1,9,403,90,33,1,527,0,0,0,527
04/09/2011,SAN,CA,AWP,WE,Towers with Radar,342,61,15,2,420,0,0,2,1,3,342,61,17,3,423,0,0,0,423
04/10/2011,SAN,CA,AWP,WE,Towers with Radar,386,70,22,1,479,1,2,7,1,11,387,72,29,2,490,0,0,0,490
04/11/2011,SAN,CA,AWP,WE,Towers with Radar,394,80,23,5,502,0,1,6,0,7,394,81,29,5,509,0,0,0,509
04/12/2011,SAN,CA,AWP,WE,Towers with Radar,392,78,17,5,492,0,0,2,0,2,392,78,19,5,494,0,0,0,494
04/13/2011,SAN,CA,AWP,WE,Towers with Radar,398,75,38,1,512,2,0,3,0,5,400,75,41,1,517,0,0,0,517
04/14/2011,SAN,CA,AWP,WE,Towers with Radar,411,76,35,3,525,0,0,11,1,12,411,76,46,4,537,0,0,0,537
04/15/2011,SAN,CA,AWP,WE,Towers with Radar,405,83,25,1,514,0,0,5,0,5,405,83,30,1,519,0,0,0,519
04/16/2011,SAN,CA,AWP,WE,Towers with Radar,347,57,20,2,426,1,0,7,0,8,348,57,27,2,434,0,0,0,434
04/17/2011,SAN,CA,AWP,WE,Towers with Radar,380,67,32,3,482,0,1,4,2,7,380,68,36,5,489,0,0,0,489
04/18/2011,SAN,CA,AWP,WE,Towers with Radar,407,75,22,2,506,0,0,0,1,1,407,75,22,3,507,0,0,0,507
04/19/2011,SAN,CA,AWP,WE,Towers with Radar,390,84,24,2,500,0,0,0,0,0,390,84,24,2,500,0,0,0,500
04/20/2011,SAN,CA,AWP,WE,Towers with Radar,396,73,28,3,500,2,0,2,0,4,398,73,30,3,504,0,0,0,504
04/21/2011,SAN,CA,AWP,WE,Towers with Radar,410,77,26,0,513,0,0,2,1,3,410,77,28,1,516,0,0,0,516
04/22/2011,SAN,CA,AWP,WE,Towers with Radar,403,89,17,3,512,1,1,4,0,6,404,90,21,3,518,0,0,0,518
04/23/2011,SAN,CA,AWP,WE,Towers with Radar,338,54,15,0,407,0,1,3,1,5,338,55,18,1,412,0,0,0,412
04/24/2011,SAN,CA,AWP,WE,Towers with Radar,386,68,17,2,473,0,0,2,0,2,386,68,19,2,475,0,0,0,475
04/25/2011,SAN,CA,AWP,WE,Towers with Radar,391,87,32,0,510,1,1,4,0,6,392,88,36,0,516,0,0,0,516
04/26/2011,SAN,CA,AWP,WE,Towers with Radar,389,77,22,2,490,0,2,3,0,5,389,79,25,2,495,0,0,0,495
04/27/2011,SAN,CA,AWP,WE,Towers with Radar,404,75,21,0,500,0,0,5,0,5,404,75,26,0,505,0,0,0,505
04/28/2011,SAN,CA,AWP,WE,Towers with Radar,409,85,22,0,516,1,0,6,1,8,410,85,28,1,524,0,0,0,524
04/29/2011,SAN,CA,AWP,WE,Towers with Radar,415,92,30,3,540,0,0,5,0,5,415,92,35,3,545,0,0,0,545
04/30/2011,SAN,CA,AWP,WE,Towers with Radar,342,70,13,0,425,0,0,9,1,10,342,70,22,1,435,0,0,0,435
05/01/2011,SAN,CA,AWP,WE,Towers with Radar,388,73,31,0,492,2,1,7,0,10,390,74,38,0,502,0,0,0,502
05/02/2011,SAN,CA,AWP,WE,Towers with Radar,408,81,25,2,516,0,0,2,0,2,408,81,27,2,518,0,0,0,518
05/03/2011,SAN,CA,AWP,WE,Towers with Radar,396,72,17,2,487,1,0,8,0,9,397,72,25,2,496,0,0,0,496
05/04/2011,SAN,CA,AWP,WE,Towers with Radar,420,73,19,4,516,0,0,6,2,8,420,73,25,6,524,0,0,0,524
05/05/2011,SAN,CA,AWP,WE,Towers with Radar,422,83,41,0,546,1,0,3,1,5,423,83,44,1,551,0,0,0,551
05/06/2011,SAN,CA,AWP,WE,Towers with Radar,420,81,32,0,533,0,2,9,0,11,420,83,41,0,544,0,0,0,544
05/07/2011,SAN,CA,AWP,WE,Towers with Radar,346,69,28,0,443,0,0,1,0,1,346,69,29,0,444,0,0,0,444
05/08/2011,SAN,CA,AWP,WE,Towers with Radar,404,72,24,2,502,0,0,5,0,5,404,72,29,2,507,0,0,0,507
05/09/2011,SAN,CA,AWP,WE,Towers with Radar,410,81,21,0,512,1,0,5,0,6,411,81,26,0,518,0,0,0,518
05/10/2011,SAN,CA,AWP,WE,Towers with Radar,402,71,22,0,495,0,0,5,1,6,402,71,27,1,501,0,0,0,501
05/11/2011,SAN,CA,AWP,WE,Towers with Radar,389,80,14,1,484,2,0,4,0,6,391,80,18,1,490,0,0,0,490
05/12/2011,SAN,CA,AWP,WE,Towers with Radar,436,75,37,1,549,0,0,6,0,6,436,75,43,1,555,0,0,0,555
05/13/2011,SAN,CA,AWP,WE,Towers with Radar,417,85,26,0,528,0,0,2,2,4,417,85,28,2,532,0,0,0,532
05/14/2011,SAN,CA,AWP,WE,Towers with Radar,347,71,22,0,440,2,1,3,0,6,349,72,25,0,446,0,0,0,446
05/15/2011,SAN,CA,AWP,WE,Towers with Radar,403,70,21,0,494,1,0,4,0,5,404,70,25,0,499,0,0,0,499
05/16/2011,SAN,CA,AWP,WE,Towers with Radar,410,89,33,0,532,0,0,4,1,5,410,89,37,1,537,0,0,0,537
05/17/2011,SAN,CA,AWP,WE,Towers with Radar,415,68,37,2,522,0,0,0,0,0,415,68,37,2,522,0,0,0,522
05/18/2011,SAN,CA,AWP,WE,Towers with Radar,407,81,29,3,520,0,0,1,0,1,407,81,30,3,521,0,0,0,521
05/19/2011,SAN,CA,AWP,WE,Towers with Radar,436,90,40,1,567,0,0,2,3,5,436,90,42,4,572,0,0,0,572
05/20/2011,SAN,CA,AWP,WE,Towers with Radar,411,79,28,4,522,0,0,5,1,6,411,79,33,5,528,0,0,0,528
05/21/2011,SAN,CA,AWP,WE,Towers with Radar,346,62,21,1,430,2,0,2,0,4,348,62,23,1,434,0,0,0,434
05/22/2011,SAN,CA,AWP,WE,Towers with Radar,397,63,22,1,483,0,0,1,1,2,397,63,23,2,485,0,0,0,485
05/23/2011,SAN,CA,AWP,WE,Towers with Radar,405,76,26,0,507,1,0,0,0,1,406,76,26,0,508,0,0,0,508
05/24/2011,SAN,CA,AWP,WE,Towers with Radar,402,85,17,0,504,0,1,7,0,8,402,86,24,0,512,0,0,0,512
05/25/2011,SAN,CA,AWP,WE,Towers with Radar,403,75,34,3,515,0,0,1,1,2,403,75,35,4,517,0,0,0,517
05/26/2011,SAN,CA,AWP,WE,Towers with Radar,424,83,26,0,533,2,0,3,1,6,426,83,29,1,539,0,0,0,539
05/27/2011,SAN,CA,AWP,WE,Towers with Radar,416,87,34,2,539,1,0,8,0,9,417,87,42,2,548,0,0,0,548
05/28/2011,SAN,CA,AWP,WE,Towers with Radar,337,61,31,0,429,0,0,4,0,4,337,61,35,0,433,0,0,0,433
05/29/2011,SAN,CA,AWP,WE,Towers with Radar,319,59,19,4,401,2,1,6,0,9,321,60,25,4,410,0,0,0,410
05/30/2011,SAN,CA,AWP,WE,Towers with Radar,382,70,33,0,485,1,0,3,1,5,383,70,36,1,490,0,0,0,490
05/31/2011,SAN,CA,AWP,WE,Towers with Radar,404,88,34,4,530,0,1,6,0,7,404,89,40,4,537,0,0,0,537
06/01/2011,SAN,CA,AWP,WE,Towers with Radar,415,76,22,1,514,0,0,3,0,3,415,76,25,1,517,0,0,0,517
06/02/2011,SAN,CA,AWP,WE,Towers with Radar,438,81,23,1,543,0,0,5,0,5,438,81,28,1,548,0,0,0,548
06/03/2011,SAN,CA,AWP,WE,Towers with Radar,422,86,25,0,533,0,2,3,0,5,422,88,28,0,538,0,0,0,538
06/04/2011,SAN,CA,AWP,WE,Towers with Radar,349,57,11,0,417,0,0,5,0,5,349,57,16,0,422,0,0,0,422
06/05/2011,SAN,CA,AWP,WE,Towers with Radar,401,62,18,0,481,0,1,4,1,6,401,63,22,1,487,0,0,0,487
06/06/2011,SAN,CA,AWP,WE,Towers with Radar,419,75,19,0,513,0,1,8,2,11,419,76,27,2,524,0,0,0,524
06/07/2011,SAN,CA,AWP,WE,Towers with Radar,408,74,16,2,500,0,1,5,2,8,408,75,21,4,508,0,0,0,508
06/08/2011,SAN,CA,AWP,WE,Towers with Radar,425,79,31,2,537,0,0,1,0,1,425,79,32,2,538,0,0,0,538
06/09/2011,SAN,CA,AWP,WE,Towers with Radar,429,81,21,4,535,1,0,0,0,1,430,81,21,4,536,0,0,0,536
06/10/2011,SAN,CA,AWP,WE,Towers with Radar,441,93,37,0,571,0,0,2,0,2,441,93,39,0,573,0,0,0,573
06/11/2011,SAN,CA,AWP,WE,Towers with Radar,391,72,21,2,486,0,0,2,0,2,391,72,23,2,488,0,0,0,488
06/12/2011,SAN,CA,AWP,WE,Towers with Radar,413,66,30,1,510,0,2,0,0,2,413,68,30,1,512,0,0,0,512
06/13/2011,SAN,CA,AWP,WE,Towers with Radar,430,81,21,1,533,0,0,3,0,3,430,81,24,1,536,0,0,0,536
06/14/2011,SAN,CA,AWP,WE,Towers with Radar,438,84,19,2,543,0,0,3,0,3,438,84,22,2,546,0,0,0,546
06/15/2011,SAN,CA,AWP,WE,Towers with Radar,431,87,22,6,546,0,0,0,0,0,431,87,22,6,546,0,0,0,546
06/16/2011,SAN,CA,AWP,WE,Towers with Radar,451,78,32,8,569,0,0,2,0,2,451,78,34,8,571,0,0,0,571
06/17/2011,SAN,CA,AWP,WE,Towers with Radar,435,88,27,0,550,0,1,0,2,3,435,89,27,2,553,0,0,0,553
06/18/2011,SAN,CA,AWP,WE,Towers with Radar,393,55,10,2,460,2,0,11,0,13,395,55,21,2,473,0,0,0,473
06/19/2011,SAN,CA,AWP,WE,Towers with Radar,417,66,23,3,509,1,0,1,0,2,418,66,24,3,511,0,0,0,511
06/20/2011,SAN,CA,AWP,WE,Towers with Radar,438,74,24,0,536,0,1,3,0,4,438,75,27,0,540,0,0,0,540
06/21/2011,SAN,CA,AWP,WE,Towers with Radar,432,73,17,0,522,1,0,4,0,5,433,73,21,0,527,0,0,0,527
06/22/2011,SAN,CA,AWP,WE,Towers with Radar,433,76,34,1,544,0,0,0,0,0,433,76,34,1,544,0,0,0,544
06/23/2011,SAN,CA,AWP,WE,Towers with Radar,446,86,32,9,573,1,0,2,0,3,447,86,34,9,576,0,0,0,576
06/24/2011,SAN,CA,AWP,WE,Towers with Radar,427,77,37,2,543,0,1,7,0,8,427,78,44,2,551,0,0,0,551
06/25/2011,SAN,CA,AWP,WE,Towers with Radar,390,53,18,0,461,0,0,7,0,7,390,53,25,0,468,0,0,0,468
06/26/2011,SAN,CA,AWP,WE,Towers with Radar,421,71,18,0,510,0,0,5,0,5,421,71,23,0,515,0,0,0,515
06/27/2011,SAN,CA,AWP,WE,Towers with Radar,434,82,29,7,552,0,0,7,1,8,434,82,36,8,560,0,0,0,560
06/28/2011,SAN,CA,AWP,WE,Towers with Radar,443,89,18,5,555,0,0,2,0,2,443,89,20,5,557,0,0,0,557
06/29/2011,SAN,CA,AWP,WE,Towers with Radar,448,78,30,5,561,0,0,3,0,3,448,78,33,5,564,0,0,0,564
06/30/2011,SAN,CA,AWP,WE,Towers with Radar,450,77,29,0,556,1,2,3,0,6,451,79,32,0,562,0,0,0,562
07/01/2011,SAN,CA,AWP,WE,Towers with Radar,436,81,30,2,549,0,1,10,0,11,436,82,40,2,560,0,0,0,560
07/02/2011,SAN,CA,AWP,WE,Towers with Radar,383,63,19,0,465,1,0,7,0,8,384,63,26,0,473,0,0,0,473
07/03/2011,SAN,CA,AWP,WE,Towers with Radar,323,49,14,0,386,0,0,2,0,2,323,49,16,0,388,0,0,0,388
07/04/2011,SAN,CA,AWP,WE,Towers with Radar,395,43,3,6,447,0,0,7,0,7,395,43,10,6,454,0,0,0,454
07/05/2011,SAN,CA,AWP,WE,Towers with Radar,431,84,32,0,547,0,1,4,1,6,431,85,36,1,553,0,0,0,553
07/06/2011,SAN,CA,AWP,WE,Towers with Radar,443,76,29,2,550,0,0,1,0,1,443,76,30,2,551,0,0,0,551
07/07/2011,SAN,CA,AWP,WE,Towers with Radar,438,76,26,0,540,1,1,4,2,8,439,77,30,2,548,0,0,0,548
07/08/2011,SAN,CA,AWP,WE,Towers with Radar,429,82,20,2,533,0,0,3,1,4,429,82,23,3,537,0,0,0,537
07/09/2011,SAN,CA,AWP,WE,Towers with Radar,385,55,20,1,461,2,0,8,0,10,387,55,28,1,471,0,0,0,471
07/10/2011,SAN,CA,AWP,WE,Towers with Radar,412,67,28,0,507,0,0,7,1,8,412,67,35,1,515,0,0,0,515
07/11/2011,SAN,CA,AWP,WE,Towers with Radar,432,85,16,3,536,0,0,1,1,2,432,85,17,4,538,0,0,0,538
07/12/2011,SAN,CA,AWP,WE,Towers with Radar,435,86,31,1,553,1,0,2,0,3,436,86,33,1,556,0,0,0,556
07/13/2011,SAN,CA,AWP,WE,Towers with Radar,440,80,31,0,551,0,0,9,0,9,440,80,40,0,560,0,0,0,560
07/14/2011,SAN,CA,AWP,WE,Towers with Radar,439,81,37,2,559,0,0,9,1,10,439,81,46,3,569,0,0,0,569
07/15/2011,SAN,CA,AWP,WE,Towers with Radar,434,86,46,2,568,3,2,6,0,11,437,88,52,2,579,0,0,0,579
07/16/2011,SAN,CA,AWP,WE,Towers with Radar,401,66,23,0,490,0,0,11,0,11,401,66,34,0,501,0,0,0,501
07/17/2011,SAN,CA,AWP,WE,Towers with Radar,424,71,25,0,520,1,1,12,0,14,425,72,37,0,534,0,0,0,534
07/18/2011,SAN,CA,AWP,WE,Towers with Radar,432,82,31,0,545,0,1,6,0,7,432,83,37,0,552,0,0,0,552
07/19/2011,SAN,CA,AWP,WE,Towers with Radar,444,88,26,0,558,0,2,4,1,7,444,90,30,1,565,0,0,0,565
07/20/2011,SAN,CA,AWP,WE,Towers with Radar,448,80,27,0,555,2,1,3,0,6,450,81,30,0,561,0,0,0,561
07/21/2011,SAN,CA,AWP,WE,Towers with Radar,451,81,40,0,572,2,1,9,1,13,453,82,49,1,585,0,0,0,585
07/22/2011,SAN,CA,AWP,WE,Towers with Radar,441,90,50,2,583,0,0,8,0,8,441,90,58,2,591,0,0,0,591
07/23/2011,SAN,CA,AWP,WE,Towers with Radar,394,68,34,2,498,4,0,4,0,8,398,68,38,2,506,0,0,0,506
07/24/2011,SAN,CA,AWP,WE,Towers with Radar,417,79,34,0,530,0,1,3,1,5,417,80,37,1,535,0,0,0,535
07/25/2011,SAN,CA,AWP,WE,Towers with Radar,445,80,16,0,541,1,2,1,0,4,446,82,17,0,545,0,0,0,545
07/26/2011,SAN,CA,AWP,WE,Towers with Radar,440,83,14,1,538,0,2,1,0,3,440,85,15,1,541,0,0,0,541
07/27/2011,SAN,CA,AWP,WE,Towers with Radar,454,87,28,0,569,0,2,0,1,3,454,89,28,1,572,0,0,0,572
07/28/2011,SAN,CA,AWP,WE,Towers with Radar,447,85,35,0,567,3,0,2,0,5,450,85,37,0,572,0,0,0,572
07/29/2011,SAN,CA,AWP,WE,Towers with Radar,435,89,44,0,568,0,0,6,1,7,435,89,50,1,575,0,0,0,575
07/30/2011,SAN,CA,AWP,WE,Towers with Radar,404,63,20,0,487,1,0,4,0,5,405,63,24,0,492,0,0,0,492
07/31/2011,SAN,CA,AWP,WE,Towers with Radar,409,63,33,3,508,3,2,6,0,11,412,65,39,3,519,0,0,0,519
08/01/2011,SAN,CA,AWP,WE,Towers with Radar,435,76,21,3,535,0,0,5,0,5,435,76,26,3,540,0,0,0,540
08/02/2011,SAN,CA,AWP,WE,Towers with Radar,447,80,27,2,556,4,0,11,1,16,451,80,38,3,572,0,0,0,572
08/03/2011,SAN,CA,AWP,WE,Towers with Radar,459,81,16,0,556,0,0,7,0,7,459,81,23,0,563,0,0,0,563
08/04/2011,SAN,CA,AWP,WE,Towers with Radar,467,78,34,4,583,3,0,12,2,17,470,78,46,6,600,0,0,0,600
08/05/2011,SAN,CA,AWP,WE,Towers with Radar,446,91,33,6,576,0,0,4,0,4,446,91,37,6,580,0,0,0,580
08/06/2011,SAN,CA,AWP,WE,Towers with Radar,394,64,18,0,476,3,0,10,1,14,397,64,28,1,490,0,0,0,490
08/07/2011,SAN,CA,AWP,WE,Towers with Radar,418,74,32,2,526,0,2,6,1,9,418,76,38,3,535,0,0,0,535
08/08/2011,SAN,CA,AWP,WE,Towers with Radar,452,78,19,2,551,0,1,2,1,4,452,79,21,3,555,0,0,0,555
08/09/2011,SAN,CA,AWP,WE,Towers with Radar,441,79,34,2,556,2,0,4,0,6,443,79,38,2,562,0,0,0,562
08/10/2011,SAN,CA,AWP,WE,Towers with Radar,453,76,27,0,556,0,1,1,0,2,453,77,28,0,558,0,0,0,558
08/11/2011,SAN,CA,AWP,WE,Towers with Radar,450,82,36,2,570,3,0,3,1,7,453,82,39,3,577,0,0,0,577
08/12/2011,SAN,CA,AWP,WE,Towers with Radar,444,76,34,2,556,0,0,8,1,9,444,76,42,3,565,0,0,0,565
08/13/2011,SAN,CA,AWP,WE,Towers with Radar,387,55,18,0,460,4,0,7,0,11,391,55,25,0,471,0,0,0,471
08/14/2011,SAN,CA,AWP,WE,Towers with Radar,405,75,34,1,515,0,0,5,0,5,405,75,39,1,520,0,0,0,520
08/15/2011,SAN,CA,AWP,WE,Towers with Radar,440,80,22,1,543,0,0,0,1,1,440,80,22,2,544,0,0,0,544
08/16/2011,SAN,CA,AWP,WE,Towers with Radar,430,74,31,0,535,0,0,3,0,3,430,74,34,0,538,0,0,0,538
08/17/2011,SAN,CA,AWP,WE,Towers with Radar,439,90,31,1,561,2,1,4,1,8,441,91,35,2,569,0,0,0,569
08/18/2011,SAN,CA,AWP,WE,Towers with Radar,447,82,22,1,552,0,0,4,0,4,447,82,26,1,556,0,0,0,556
08/19/2011,SAN,CA,AWP,WE,Towers with Radar,418,73,20,2,513,3,1,4,1,9,421,74,24,3,522,0,0,0,522
08/20/2011,SAN,CA,AWP,WE,Towers with Radar,372,55,23,0,450,0,0,6,0,6,372,55,29,0,456,0,0,0,456
08/21/2011,SAN,CA,AWP,WE,Towers with Radar,392,67,25,2,486,0,0,5,0,5,392,67,30,2,491,0,0,0,491
08/22/2011,SAN,CA,AWP,WE,Towers with Radar,439,79,23,0,541,1,0,3,0,4,440,79,26,0,545,0,0,0,545
08/23/2011,SAN,CA,AWP,WE,Towers with Radar,416,74,21,1,512,2,1,2,1,6,418,75,23,2,518,0,0,0,518
08/24/2011,SAN,CA,AWP,WE,Towers with Radar,440,73,22,0,535,0,0,2,0,2,440,73,24,0,537,0,0,0,537
08/25/2011,SAN,CA,AWP,WE,Towers with Radar,433,82,40,4,559,0,0,4,0,4,433,82,44,4,563,0,0,0,563
08/26/2011,SAN,CA,AWP,WE,Towers with Radar,433,73,21,4,531,1,1,7,1,10,434,74,28,5,541,0,0,0,541
08/27/2011,SAN,CA,AWP,WE,Towers with Radar,350,54,13,1,418,4,0,8,0,12,354,54,21,1,430,0,0,0,430
08/28/2011,SAN,CA,AWP,WE,Towers with Radar,369,61,32,1,463,0,1,4,0,5,369,62,36,1,468,0,0,0,468
08/29/2011,SAN,CA,AWP,WE,Towers with Radar,421,72,29,2,524,0,0,3,1,4,421,72,32,3,528,0,0,0,528
08/30/2011,SAN,CA,AWP,WE,Towers with Radar,400,58,25,0,483,2,0,3,0,5,402,58,28,0,488,0,0,0,488
08/31/2011,SAN,CA,AWP,WE,Towers with Radar,425,62,19,0,506,0,0,6,0,6,425,62,25,0,512,0,0,0,512
09/01/2011,SAN,CA,AWP,WE,Towers with Radar,437,70,31,4,542,2,0,2,1,5,439,70,33,5,547,0,0,0,547
09/02/2011,SAN,CA,AWP,WE,Towers with Radar,431,84,40,5,560,1,0,4,0,5,432,84,44,5,565,0,0,0,565
09/03/2011,SAN,CA,AWP,WE,Towers with Radar,321,46,11,1,379,0,0,7,0,7,321,46,18,1,386,0,0,0,386
09/04/2011,SAN,CA,AWP,WE,Towers with Radar,326,47,23,3,399,1,0,10,0,11,327,47,33,3,410,0,0,0,410
09/05/2011,SAN,CA,AWP,WE,Towers with Radar,401,64,27,4,496,2,0,8,0,10,403,64,35,4,506,0,0,0,506
09/06/2011,SAN,CA,AWP,WE,Towers with Radar,415,82,24,1,522,2,0,2,0,4,417,82,26,1,526,0,0,0,526
09/07/2011,SAN,CA,AWP,WE,Towers with Radar,427,58,24,3,512,0,0,9,1,10,427,58,33,4,522,0,0,0,522
09/08/2011,SAN,CA,AWP,WE,Towers with Radar,341,75,38,3,457,0,0,6,0,6,341,75,44,3,463,0,0,0,463
09/09/2011,SAN,CA,AWP,WE,Towers with Radar,420,84,40,4,548,1,1,5,0,7,421,85,45,4,555,0,0,0,555
09/10/2011,SAN,CA,AWP,WE,Towers with Radar,342,54,16,1,413,0,0,4,0,4,342,54,20,1,417,0,0,0,417
09/11/2011,SAN,CA,AWP,WE,Towers with Radar,390,60,27,2,479,3,2,8,0,13,393,62,35,2,492,0,0,0,492
09/12/2011,SAN,CA,AWP,WE,Towers with Radar,426,76,6,3,511,1,0,4,2,7,427,76,10,5,518,0,0,0,518
09/13/2011,SAN,CA,AWP,WE,Towers with Radar,411,67,28,0,506,0,0,6,1,7,411,67,34,1,513,0,0,0,513
09/14/2011,SAN,CA,AWP,WE,Towers with Radar,419,75,32,4,530,0,0,1,1,2,419,75,33,5,532,0,0,0,532
09/15/2011,SAN,CA,AWP,WE,Towers with Radar,435,88,29,2,554,2,0,4,0,6,437,88,33,2,560,0,0,0,560
09/16/2011,SAN,CA,AWP,WE,Towers with Radar,431,85,30,2,548,0,0,0,2,2,431,85,30,4,550,0,0,0,550
09/17/2011,SAN,CA,AWP,WE,Towers with Radar,338,54,14,1,407,3,0,9,0,12,341,54,23,1,419,0,0,0,419
09/18/2011,SAN,CA,AWP,WE,Towers with Radar,396,60,20,1,477,0,1,0,2,3,396,61,20,3,480,0,0,0,480
09/19/2011,SAN,CA,AWP,WE,Towers with Radar,427,72,23,0,522,0,0,0,0,0,427,72,23,0,522,0,0,0,522
09/20/2011,SAN,CA,AWP,WE,Towers with Radar,399,54,23,5,481,2,0,1,0,3,401,54,24,5,484,0,0,0,484
09/21/2011,SAN,CA,AWP,WE,Towers with Radar,422,65,18,2,507,0,0,1,0,1,422,65,19,2,508,0,0,0,508
09/22/2011,SAN,CA,AWP,WE,Towers with Radar,443,74,24,1,542,2,1,11,0,14,445,75,35,1,556,0,0,0,556
09/23/2011,SAN,CA,AWP,WE,Towers with Radar,439,74,31,1,545,0,0,1,0,1,439,74,32,1,546,0,0,0,546
09/24/2011,SAN,CA,AWP,WE,Towers with Radar,340,43,8,0,391,2,0,7,1,10,342,43,15,1,401,0,0,0,401
09/25/2011,SAN,CA,AWP,WE,Towers with Radar,395,71,39,0,505,3,0,3,2,8,398,71,42,2,513,0,0,0,513
09/26/2011,SAN,CA,AWP,WE,Towers with Radar,429,64,17,0,510,0,2,3,0,5,429,66,20,0,515,0,0,0,515
09/27/2011,SAN,CA,AWP,WE,Towers with Radar,412,62,16,0,490,2,0,0,0,2,414,62,16,0,492,0,0,0,492
09/28/2011,SAN,CA,AWP,WE,Towers with Radar,417,63,31,2,513,0,0,5,0,5,417,63,36,2,518,0,0,0,518
09/29/2011,SAN,CA,AWP,WE,Towers with Radar,432,74,31,0,537,3,1,2,0,6,435,75,33,0,543,0,0,0,543
09/30/2011,SAN,CA,AWP,WE,Towers with Radar,433,62,22,1,518,1,0,3,0,4,434,62,25,1,522,0,0,0,522
10/01/2011,SAN,CA,AWP,WE,Towers with Radar,359,49,14,0,422,1,1,4,0,6,360,50,18,0,428,0,0,0,428
10/02/2011,SAN,CA,AWP,WE,Towers with Radar,403,62,39,1,505,0,0,5,1,6,403,62,44,2,511,0,0,0,511
10/03/2011,SAN,CA,AWP,WE,Towers with Radar,424,68,29,2,523,0,0,1,0,1,424,68,30,2,524,0,0,0,524
10/04/2011,SAN,CA,AWP,WE,Towers with Radar,400,68,17,3,488,0,0,2,0,2,400,68,19,3,490,0,0,0,490
10/05/2011,SAN,CA,AWP,WE,Towers with Radar,423,70,27,2,522,2,0,2,0,4,425,70,29,2,526,0,0,0,526
10/06/2011,SAN,CA,AWP,WE,Towers with Radar,439,80,28,1,548,0,0,5,1,6,439,80,33,2,554,0,0,0,554
10/07/2011,SAN,CA,AWP,WE,Towers with Radar,435,75,26,4,540,0,0,6,0,6,435,75,32,4,546,0,0,0,546
10/08/2011,SAN,CA,AWP,WE,Towers with Radar,339,47,14,1,401,0,0,6,0,6,339,47,20,1,407,0,0,0,407
10/09/2011,SAN,CA,AWP,WE,Towers with Radar,414,69,29,0,512,3,3,6,0,12,417,72,35,0,524,0,0,0,524
10/10/2011,SAN,CA,AWP,WE,Towers with Radar,431,72,28,0,531,0,0,3,0,3,431,72,31,0,534,0,0,0,534
10/11/2011,SAN,CA,AWP,WE,Towers with Radar,407,76,29,0,512,2,0,7,2,11,409,76,36,2,523,0,0,0,523
10/12/2011,SAN,CA,AWP,WE,Towers with Radar,426,68,30,2,526,0,0,7,0,7,426,68,37,2,533,0,0,0,533
10/13/2011,SAN,CA,AWP,WE,Towers with Radar,437,83,13,1,534,3,0,6,0,9,440,83,19,1,543,0,0,0,543
10/14/2011,SAN,CA,AWP,WE,Towers with Radar,433,63,26,2,524,1,0,3,0,4,434,63,29,2,528,0,0,0,528
10/15/2011,SAN,CA,AWP,WE,Towers with Radar,333,55,13,0,401,0,0,5,0,5,333,55,18,0,406,0,0,0,406
10/16/2011,SAN,CA,AWP,WE,Towers with Radar,398,54,28,3,483,0,2,0,0,2,398,56,28,3,485,0,0,0,485
10/17/2011,SAN,CA,AWP,WE,Towers with Radar,434,68,33,7,542,0,1,1,0,2,434,69,34,7,544,0,0,0,544
10/18/2011,SAN,CA,AWP,WE,Towers with Radar,412,74,34,2,522,0,0,2,0,2,412,74,36,2,524,0,0,0,524
10/19/2011,SAN,CA,AWP,WE,Towers with Radar,408,70,40,1,519,0,0,0,1,1,408,70,40,2,520,0,0,0,520
10/20/2011,SAN,CA,AWP,WE,Towers with Radar,429,74,27,1,531,2,0,1,0,3,431,74,28,1,534,0,0,0,534
10/21/2011,SAN,CA,AWP,WE,Towers with Radar,434,79,22,2,537,0,1,5,0,6,434,80,27,2,543,0,0,0,543
10/22/2011,SAN,CA,AWP,WE,Towers with Radar,339,51,17,1,408,3,0,4,0,7,342,51,21,1,415,0,0,0,415
10/23/2011,SAN,CA,AWP,WE,Towers with Radar,397,59,33,0,489,0,0,1,0,1,397,59,34,0,490,0,0,0,490
10/24/2011,SAN,CA,AWP,WE,Towers with Radar,416,71,24,1,512,1,0,1,0,2,417,71,25,1,514,0,0,0,514
10/25/2011,SAN,CA,AWP,WE,Towers with Radar,396,70,27,1,494,0,0,4,0,4,396,70,31,1,498,0,0,0,498
10/26/2011,SAN,CA,AWP,WE,Towers with Radar,405,76,25,0,506,2,0,2,0,4,407,76,27,0,510,0,0,0,510
10/27/2011,SAN,CA,AWP,WE,Towers with Radar,430,75,22,0,527,0,0,2,0,2,430,75,24,0,529,0,0,0,529
10/28/2011,SAN,CA,AWP,WE,Towers with Radar,431,84,22,0,537,3,2,6,1,12,434,86,28,1,549,0,0,0,549
10/29/2011,SAN,CA,AWP,WE,Towers with Radar,335,48,19,2,404,0,0,4,1,5,335,48,23,3,409,0,0,0,409
10/30/2011,SAN,CA,AWP,WE,Towers with Radar,395,70,13,0,478,0,0,5,1,6,395,70,18,1,484,0,0,0,484
10/31/2011,SAN,CA,AWP,WE,Towers with Radar,390,63,20,3,476,2,0,1,0,3,392,63,21,3,479,0,0,0,479
11/01/2011,SAN,CA,AWP,WE,Towers with Radar,425,69,25,0,519,0,0,3,1,4,425,69,28,1,523,0,0,0,523
11/02/2011,SAN,CA,AWP,WE,Towers with Radar,410,65,17,3,495,2,1,2,0,5,412,66,19,3,500,0,0,0,500
11/03/2011,SAN,CA,AWP,WE,Towers with Radar,437,76,15,4,532,0,0,1,0,1,437,76,16,4,533,0,0,0,533
11/04/2011,SAN,CA,AWP,WE,Towers with Radar,424,85,25,0,534,3,0,4,0,7,427,85,29,0,541,0,0,0,541
11/05/2011,SAN,CA,AWP,WE,Towers with Radar,325,49,13,1,388,3,0,6,0,9,328,49,19,1,397,0,0,0,397
11/06/2011,SAN,CA,AWP,WE,Towers with Radar,389,62,42,2,495,1,0,0,0,1,390,62,42,2,496,0,0,0,496
11/07/2011,SAN,CA,AWP,WE,Towers with Radar,411,76,21,0,508,0,0,0,1,1,411,76,21,1,509,0,0,0,509
11/08/2011,SAN,CA,AWP,WE,Towers with Radar,399,62,29,1,491,1,3,4,0,8,400,65,33,1,499,0,0,0,499
11/09/2011,SAN,CA,AWP,WE,Towers with Radar,404,76,21,3,504,0,0,6,0,6,404,76,27,3,510,0,0,0,510
11/10/2011,SAN,CA,AWP,WE,Towers with Radar,426,82,57,2,567,3,2,3,0,8,429,84,60,2,575,0,0,0,575
11/11/2011,SAN,CA,AWP,WE,Towers with Radar,413,82,32,2,529,0,1,6,0,7,413,83,38,2,536,0,0,0,536
11/12/2011,SAN,CA,AWP,WE,Towers with Radar,339,48,19,0,406,3,0,2,0,5,342,48,21,0,411,0,0,0,411
11/13/2011,SAN,CA,AWP,WE,Towers with Radar,388,82,25,6,501,0,1,7,0,8,388,83,32,6,509,0,0,0,509
11/14/2011,SAN,CA,AWP,WE,Towers with Radar,406,67,19,3,495,0,0,2,1,3,406,67,21,4,498,0,0,0,498
11/15/2011,SAN,CA,AWP,WE,Towers with Radar,398,61,17,0,476,0,1,2,1,4,398,62,19,1,480,0,0,0,480
11/16/2011,SAN,CA,AWP,WE,Towers with Radar,403,63,35,6,507,0,4,8,1,13,403,67,43,7,520,0,0,0,520
11/17/2011,SAN,CA,AWP,WE,Towers with Radar,429,84,34,2,549,0,0,4,0,4,429,84,38,2,553,0,0,0,553
11/18/2011,SAN,CA,AWP,WE,Towers with Radar,423,87,32,2,544,0,0,1,1,2,423,87,33,3,546,0,0,0,546
11/19/2011,SAN,CA,AWP,WE,Towers with Radar,343,50,25,1,419,2,0,3,0,5,345,50,28,1,424,0,0,0,424
11/20/2011,SAN,CA,AWP,WE,Towers with Radar,389,69,25,0,483,1,0,2,1,4,390,69,27,1,487,0,0,0,487
11/21/2011,SAN,CA,AWP,WE,Towers with Radar,398,71,22,0,491,0,0,1,0,1,398,71,23,0,492,0,0,0,492
11/22/2011,SAN,CA,AWP,WE,Towers with Radar,428,77,20,0,525,2,1,4,0,7,430,78,24,0,532,0,0,0,532
11/23/2011,SAN,CA,AWP,WE,Towers with Radar,445,88,17,0,550,0,0,3,2,5,445,88,20,2,555,0,0,0,555
11/24/2011,SAN,CA,AWP,WE,Towers with Radar,273,45,3,3,324,2,0,3,1,6,275,45,6,4,330,0,0,0,330
11/25/2011,SAN,CA,AWP,WE,Towers with Radar,353,60,9,2,424,0,0,7,0,7,353,60,16,2,431,0,0,0,431
11/26/2011,SAN,CA,AWP,WE,Towers with Radar,364,62,19,2,447,1,0,6,1,8,365,62,25,3,455,0,0,0,455
11/27/2011,SAN,CA,AWP,WE,Towers with Radar,438,78,47,0,563,1,1,10,2,14,439,79,57,2,577,0,0,0,577
11/28/2011,SAN,CA,AWP,WE,Towers with Radar,439,86,26,1,552,2,1,6,0,9,441,87,32,1,561,0,0,0,561
11/29/2011,SAN,CA,AWP,WE,Towers with Radar,394,84,21,2,501,0,0,0,0,0,394,84,21,2,501,0,0,0,501
11/30/2011,SAN,CA,AWP,WE,Towers with Radar,401,73,12,1,487,1,0,1,0,2,402,73,13,1,489,0,0,0,489
12/01/2011,SAN,CA,AWP,WE,Towers with Radar,409,79,16,2,506,1,0,1,0,2,410,79,17,2,508,0,0,0,508
12/02/2011,SAN,CA,AWP,WE,Towers with Radar,411,76,23,2,512,0,0,2,0,2,411,76,25,2,514,0,0,0,514
12/03/2011,SAN,CA,AWP,WE,Towers with Radar,331,48,15,6,400,3,1,1,0,5,334,49,16,6,405,0,0,0,405
12/04/2011,SAN,CA,AWP,WE,Towers with Radar,365,75,13,0,453,3,0,3,0,6,368,75,16,0,459,0,0,0,459
12/05/2011,SAN,CA,AWP,WE,Towers with Radar,409,63,25,5,502,0,1,0,0,1,409,64,25,5,503,0,0,0,503
12/06/2011,SAN,CA,AWP,WE,Towers with Radar,394,79,19,3,495,2,0,3,2,7,396,79,22,5,502,0,0,0,502
12/07/2011,SAN,CA,AWP,WE,Towers with Radar,398,73,18,2,491,0,0,6,0,6,398,73,24,2,497,0,0,0,497
12/08/2011,SAN,CA,AWP,WE,Towers with Radar,426,88,26,3,543,2,0,4,0,6,428,88,30,3,549,0,0,0,549
12/09/2011,SAN,CA,AWP,WE,Towers with Radar,424,99,28,0,551,1,1,2,0,4,425,100,30,0,555,0,0,0,555
12/10/2011,SAN,CA,AWP,WE,Towers with Radar,342,53,7,0,402,0,0,3,1,4,342,53,10,1,406,0,0,0,406
12/11/2011,SAN,CA,AWP,WE,Towers with Radar,379,77,17,1,474,0,1,5,0,6,379,78,22,1,480,0,0,0,480
12/12/2011,SAN,CA,AWP,WE,Towers with Radar,402,82,26,0,510,2,1,0,0,3,404,83,26,0,513,0,0,0,513
12/13/2011,SAN,CA,AWP,WE,Towers with Radar,398,68,21,0,487,0,0,1,0,1,398,68,22,0,488,0,0,0,488
12/14/2011,SAN,CA,AWP,WE,Towers with Radar,399,71,28,0,498,2,1,3,1,7,401,72,31,1,505,0,0,0,505
12/15/2011,SAN,CA,AWP,WE,Towers with Radar,431,87,26,0,544,0,0,9,0,9,431,87,35,0,553,0,0,0,553
12/16/2011,SAN,CA,AWP,WE,Towers with Radar,429,81,23,0,533,0,2,2,0,4,429,83,25,0,537,0,0,0,537
12/17/2011,SAN,CA,AWP,WE,Towers with Radar,380,64,7,0,451,0,1,8,0,9,380,65,15,0,460,0,0,0,460
12/18/2011,SAN,CA,AWP,WE,Towers with Radar,400,67,15,2,484,1,0,4,0,5,401,67,19,2,489,0,0,0,489
12/19/2011,SAN,CA,AWP,WE,Towers with Radar,427,79,32,0,538,2,0,5,0,7,429,79,37,0,545,0,0,0,545
12/20/2011,SAN,CA,AWP,WE,Towers with Radar,432,81,22,3,538,0,0,5,0,5,432,81,27,3,543,0,0,0,543
12/21/2011,SAN,CA,AWP,WE,Towers with Radar,441,84,27,1,553,1,1,5,3,10,442,85,32,4,563,0,0,0,563
12/22/2011,SAN,CA,AWP,WE,Towers with Radar,454,86,21,1,562,0,1,2,0,3,454,87,23,1,565,0,0,0,565
12/23/2011,SAN,CA,AWP,WE,Towers with Radar,453,76,14,1,544,2,1,9,0,12,455,77,23,1,556,0,0,0,556
12/24/2011,SAN,CA,AWP,WE,Towers with Radar,351,52,4,0,407,3,0,2,0,5,354,52,6,0,412,0,0,0,412
12/25/2011,SAN,CA,AWP,WE,Towers with Radar,331,48,8,0,387,0,0,6,0,6,331,48,14,0,393,0,0,0,393
12/26/2011,SAN,CA,AWP,WE,Towers with Radar,430,69,21,2,522,1,1,5,0,7,431,70,26,2,529,0,0,0,529
12/27/2011,SAN,CA,AWP,WE,Towers with Radar,449,78,18,1,546,0,0,3,0,3,449,78,21,1,549,0,0,0,549
12/28/2011,SAN,CA,AWP,WE,Towers with Radar,453,80,26,2,561,2,1,5,0,8,455,81,31,2,569,0,0,0,569
12/29/2011,SAN,CA,AWP,WE,Towers with Radar,447,77,26,0,550,2,0,2,0,4,449,77,28,0,554,0,0,0,554
12/30/2011,SAN,CA,AWP,WE,Towers with Radar,457,56,6,0,519,0,0,1,0,1,457,56,7,0,520,0,0,0,520
12/31/2011,SAN,CA,AWP,WE,Towers with Radar,319,54,6,1,380,3,0,2,0,5,322,54,8,1,385,0,0,0,385
01/01/2012,SAN,CA,AWP,WE,Towers with Radar,343,56,19,2,420,0,0,2,0,2,343,56,21,2,422,0,0,0,422
01/02/2012,SAN,CA,AWP,WE,Towers with Radar,372,67,15,3,457,1,0,1,0,2,373,67,16,3,459,0,0,0,459
01/03/2012,SAN,CA,AWP,WE,Towers with Radar,421,69,24,5,519,0,0,4,1,5,421,69,28,6,524,0,0,0,524
01/04/2012,SAN,CA,AWP,WE,Towers with Radar,405,73,17,1,496,0,0,3,0,3,405,73,20,1,499,0,0,0,499
01/05/2012,SAN,CA,AWP,WE,Towers with Radar,417,78,25,1,521,1,1,2,1,5,418,79,27,2,526,0,0,0,526
01/06/2012,SAN,CA,AWP,WE,Towers with Radar,414,83,10,2,509,1,1,1,0,3,415,84,11,2,512,0,0,0,512
01/07/2012,SAN,CA,AWP,WE,Towers with Radar,333,52,11,1,397,0,0,3,0,3,333,52,14,1,400,0,0,0,400
01/08/2012,SAN,CA,AWP,WE,Towers with Radar,376,68,15,2,461,0,1,3,0,4,376,69,18,2,465,0,0,0,465
01/09/2012,SAN,CA,AWP,WE,Towers with Radar,401,79,16,0,496,2,2,3,1,8,403,81,19,1,504,0,0,0,504
01/10/2012,SAN,CA,AWP,WE,Towers with Radar,395,71,19,3,488,0,0,2,0,2,395,71,21,3,490,0,0,0,490
01/11/2012,SAN,CA,AWP,WE,Towers with Radar,392,66,23,0,481,1,0,5,2,8,393,66,28,2,489,0,0,0,489
01/12/2012,SAN,CA,AWP,WE,Towers with Radar,401,80,36,7,524,1,0,1,1,3,402,80,37,8,527,0,0,0,527
01/13/2012,SAN,CA,AWP,WE,Towers with Radar,399,72,24,0,495,0,0,3,1,4,399,72,27,1,499,0,0,0,499
01/14/2012,SAN,CA,AWP,WE,Towers with Radar,316,50,26,1,393,3,1,8,0,12,319,51,34,1,405,0,0,0,405
01/15/2012,SAN,CA,AWP,WE,Towers with Radar,359,52,28,0,439,0,0,7,0,7,359,52,35,0,446,0,0,0,446
01/16/2012,SAN,CA,AWP,WE,Towers with Radar,381,77,25,2,485,0,1,2,0,3,381,78,27,2,488,0,0,0,488
01/17/2012,SAN,CA,AWP,WE,Towers with Radar,380,67,20,0,467,1,1,5,1,8,381,68,25,1,475,0,0,0,475
01/18/2012,SAN,CA,AWP,WE,Towers with Radar,369,83,28,2,482,0,0,6,1,7,369,83,34,3,489,0,0,0,489
01/19/2012,SAN,CA,AWP,WE,Towers with Radar,394,85,32,0,511,2,1,3,0,6,396,86,35,0,517,0,0,0,517
01/20/2012,SAN,CA,AWP,WE,Towers with Radar,381,82,28,1,492,0,1,1,0,2,381,83,29,1,494,0,0,0,494
01/21/2012,SAN,CA,AWP,WE,Towers with Radar,313,55,13,0,381,2,0,0,0,2,315,55,13,0,383,0,0,0,383
01/22/2012,SAN,CA,AWP,WE,Towers with Radar,352,77,34,0,463,2,1,1,0,4,354,78,35,0,467,0,0,0,467
01/23/2012,SAN,CA,AWP,WE,Towers with Radar,406,83,19,1,509,0,0,0,0,0,406,83,19,1,509,0,0,0,509
01/24/2012,SAN,CA,AWP,WE,Towers with Radar,367,79,32,2,480,1,0,1,0,2,368,79,33,2,482,0,0,0,482
01/25/2012,SAN,CA,AWP,WE,Towers with Radar,380,77,18,2,477,0,1,1,1,3,380,78,19,3,480,0,0,0,480
01/26/2012,SAN,CA,AWP,WE,Towers with Radar,401,81,19,2,503,2,0,0,0,2,403,81,19,2,505,0,0,0,505
01/27/2012,SAN,CA,AWP,WE,Towers with Radar,402,76,17,2,497,0,1,9,0,10,402,77,26,2,507,0,0,0,507
01/28/2012,SAN,CA,AWP,WE,Towers with Radar,320,51,17,1,389,2,0,7,0,9,322,51,24,1,398,0,0,0,398
01/29/2012,SAN,CA,AWP,WE,Towers with Radar,376,89,14,1,480,3,1,5,0,9,379,90,19,1,489,0,0,0,489
01/30/2012,SAN,CA,AWP,WE,Towers with Radar,399,76,15,2,492,0,0,3,0,3,399,76,18,2,495,0,0,0,495
01/31/2012,SAN,CA,AWP,WE,Towers with Radar,379,67,26,0,472,1,0,2,0,3,380,67,28,0,475,0,0,0,475
02/01/2012,SAN,CA,AWP,WE,Towers with Radar,369,67,30,2,468,0,1,6,0,7,369,68,36,2,475,0,0,0,475
02/02/2012,SAN,CA,AWP,WE,Towers with Radar,401,88,17,2,508,1,0,1,0,2,402,88,18,2,510,0,0,0,510
02/03/2012,SAN,CA,AWP,WE,Towers with Radar,396,85,14,1,496,0,0,12,0,12,396,85,26,1,508,0,0,0,508
02/04/2012,SAN,CA,AWP,WE,Towers with Radar,311,54,13,4,382,3,0,4,1,8,314,54,17,5,390,0,0,0,390
02/05/2012,SAN,CA,AWP,WE,Towers with Radar,365,66,20,1,452,0,0,6,0,6,365,66,26,1,458,0,0,0,458
02/06/2012,SAN,CA,AWP,WE,Towers with Radar,390,80,22,2,494,2,2,5,0,9,392,82,27,2,503,0,0,0,503
02/07/2012,SAN,CA,AWP,WE,Towers with Radar,376,80,27,3,486,0,1,1,1,3,376,81,28,4,489,0,0,0,489
02/08/2012,SAN,CA,AWP,WE,Towers with Radar,397,69,30,3,499,1,2,2,0,5,398,71,32,3,504,0,0,0,504
02/09/2012,SAN,CA,AWP,WE,Towers with Radar,420,82,29,2,533,0,0,8,2,10,420,82,37,4,543,0,0,0,543
02/10/2012,SAN,CA,AWP,WE,Towers with Radar,392,80,17,4,493,2,0,3,0,5,394,80,20,4,498,0,0,0,498
02/11/2012,SAN,CA,AWP,WE,Towers with Radar,311,49,17,1,378,0,0,3,1,4,311,49,20,2,382,0,0,0,382
02/12/2012,SAN,CA,AWP,WE,Towers with Radar,379,66,20,1,466,2,1,2,1,6,381,67,22,2,472,0,0,0,472
02/13/2012,SAN,CA,AWP,WE,Towers with Radar,399,83,24,4,510,0,0,0,3,3,399,83,24,7,513,0,0,0,513
02/14/2012,SAN,CA,AWP,WE,Towers with Radar,399,61,24,1,485,0,1,7,0,8,399,62,31,1,493,0,0,0,493
02/15/2012,SAN,CA,AWP,WE,Towers with Radar,401,70,30,1,502,1,0,2,0,3,402,70,32,1,505,0,0,0,505
02/16/2012,SAN,CA,AWP,WE,Towers with Radar,425,81,33,0,539,0,2,8,0,10,425,83,41,0,549,0,0,0,549
02/17/2012,SAN,CA,AWP,WE,Towers with Radar,415,75,25,1,516,2,0,3,2,7,417,75,28,3,523,0,0,0,523
02/18/2012,SAN,CA,AWP,WE,Towers with Radar,325,56,10,0,391,1,0,4,0,5,326,56,14,0,396,0,0,0,396
02/19/2012,SAN,CA,AWP,WE,Towers with Radar,375,68,27,1,471,2,0,2,0,4,377,68,29,1,475,0,0,0,475
02/20/2012,SAN,CA,AWP,WE,Towers with Radar,407,79,35,1,522,0,0,2,0,2,407,79,37,1,524,0,0,0,524
02/21/2012,SAN,CA,AWP,WE,Towers with Radar,418,94,38,1,551,0,0,4,0,4,418,94,42,1,555,0,0,0,555
02/22/2012,SAN,CA,AWP,WE,Towers with Radar,406,73,24,1,504,0,0,14,1,15,406,73,38,2,519,0,0,0,519
02/23/2012,SAN,CA,AWP,WE,Towers with Radar,408,96,30,2,536,1,1,10,0,12,409,97,40,2,548,0,0,0,548
02/24/2012,SAN,CA,AWP,WE,Towers with Radar,415,83,21,6,525,0,0,0,2,2,415,83,21,8,527,0,0,0,527
02/25/2012,SAN,CA,AWP,WE,Towers with Radar,330,58,18,3,409,1,0,0,0,1,331,58,18,3,410,0,0,0,410
02/26/2012,SAN,CA,AWP,WE,Towers with Radar,378,67,17,0,462,1,1,1,0,3,379,68,18,0,465,0,0,0,465
02/27/2012,SAN,CA,AWP,WE,Towers with Radar,412,67,19,2,500,0,0,3,0,3,412,67,22,2,503,0,0,0,503
02/28/2012,SAN,CA,AWP,WE,Towers with Radar,409,60,23,0,492,0,0,1,0,1,409,60,24,0,493,0,0,0,493
02/29/2012,SAN,CA,AWP,WE,Towers with Radar,409,76,17,3,505,1,1,5,1,8,410,77,22,4,513,0,0,0,513
03/01/2012,SAN,CA,AWP,WE,Towers with Radar,413,82,28,3,526,0,1,2,1,4,413,83,30,4,530,0,0,0,530
03/02/2012,SAN,CA,AWP,WE,Towers with Radar,420,88,19,3,530,0,1,3,0,4,420,89,22,3,534,0,0,0,534
03/03/2012,SAN,CA,AWP,WE,Towers with Radar,337,59,9,0,405,2,0,8,0,10,339,59,17,0,415,0,0,0,415
03/04/2012,SAN,CA,AWP,WE,Towers with Radar,392,70,18,0,480,0,0,6,1,7,392,70,24,1,487,0,0,0,487
03/05/2012,SAN,CA,AWP,WE,Towers with Radar,413,68,22,1,504,0,1,4,2,7,413,69,26,3,511,0,0,0,511
03/06/2012,SAN,CA,AWP,WE,Towers with Radar,395,73,28,0,496,1,1,0,1,3,396,74,28,1,499,0,0,0,499
03/07/2012,SAN,CA,AWP,WE,Towers with Radar,411,72,20,0,503,0,2,4,0,6,411,74,24,0,509,0,0,0,509
03/08/2012,SAN,CA,AWP,WE,Towers with Radar,432,77,26,0,535,0,0,7,2,9,432,77,33,2,544,0,0,0,544
03/09/2012,SAN,CA,AWP,WE,Towers with Radar,418,87,29,3,537,2,0,22,0,24,420,87,51,3,561,0,0,0,561
03/10/2012,SAN,CA,AWP,WE,Towers with Radar,339,55,25,0,419,0,0,8,0,8,339,55,33,0,427,0,0,0,427
03/11/2012,SAN,CA,AWP,WE,Towers with Radar,393,64,42,0,499,0,0,2,1,3,393,64,44,1,502,0,0,0,502
03/12/2012,SAN,CA,AWP,WE,Towers with Radar,417,80,33,3,533,1,2,4,0,7,418,82,37,3,540,0,0,0,540
03/13/2012,SAN,CA,AWP,WE,Towers with Radar,400,77,33,1,511,0,0,5,1,6,400,77,38,2,517,0,0,0,517
03/14/2012,SAN,CA,AWP,WE,Towers with Radar,408,68,28,2,506,2,1,1,1,5,410,69,29,3,511,0,0,0,511
03/15/2012,SAN,CA,AWP,WE,Towers with Radar,430,87,44,1,562,1,2,1,0,4,431,89,45,1,566,0,0,0,566
03/16/2012,SAN,CA,AWP,WE,Towers with Radar,420,88,24,4,536,0,1,2,0,3,420,89,26,4,539,0,0,0,539
03/17/2012,SAN,CA,AWP,WE,Towers with Radar,382,60,21,2,465,2,1,0,0,3,384,61,21,2,468,0,0,0,468
03/18/2012,SAN,CA,AWP,WE,Towers with Radar,394,74,36,2,506,0,0,0,0,0,394,74,36,2,506,0,0,0,506
03/19/2012,SAN,CA,AWP,WE,Towers with Radar,426,88,26,0,540,2,2,2,1,7,428,90,28,1,547,0,0,0,547
03/20/2012,SAN,CA,AWP,WE,Towers with Radar,417,83,25,0,525,0,1,2,1,4,417,84,27,1,529,0,0,0,529
03/21/2012,SAN,CA,AWP,WE,Towers with Radar,415,76,16,5,512,2,0,5,1,8,417,76,21,6,520,0,0,0,520
03/22/2012,SAN,CA,AWP,WE,Towers with Radar,431,88,24,1,544,0,0,4,2,6,431,88,28,3,550,0,0,0,550
03/23/2012,SAN,CA,AWP,WE,Towers with Radar,423,87,31,1,542,0,0,8,0,8,423,87,39,1,550,0,0,0,550
03/24/2012,SAN,CA,AWP,WE,Towers with Radar,346,53,14,3,416,0,1,4,0,5,346,54,18,3,421,0,0,0,421
03/25/2012,SAN,CA,AWP,WE,Towers with Radar,395,52,29,0,476,0,1,0,0,1,395,53,29,0,477,0,0,0,477
03/26/2012,SAN,CA,AWP,WE,Towers with Radar,416,73,8,4,501,0,0,5,1,6,416,73,13,5,507,0,0,0,507
03/27/2012,SAN,CA,AWP,WE,Towers with Radar,410,67,24,0,501,0,0,6,1,7,410,67,30,1,508,0,0,0,508
03/28/2012,SAN,CA,AWP,WE,Towers with Radar,417,69,30,0,516,0,3,10,1,14,417,72,40,1,530,0,0,0,530
03/29/2012,SAN,CA,AWP,WE,Towers with Radar,428,76,30,0,534,2,1,1,1,5,430,77,31,1,539,0,0,0,539
03/30/2012,SAN,CA,AWP,WE,Towers with Radar,425,75,36,1,537,0,0,4,0,4,425,75,40,1,541,0,0,0,541
03/31/2012,SAN,CA,AWP,WE,Towers with Radar,348,46,11,0,405,0,0,3,0,3,348,46,14,0,408,0,0,0,408
04/01/2012,SAN,CA,AWP,WE,Towers with Radar,403,68,22,0,493,0,1,2,0,3,403,69,24,0,496,0,0,0,496
04/02/2012,SAN,CA,AWP,WE,Towers with Radar,422,77,22,4,525,0,0,2,2,4,422,77,24,6,529,0,0,0,529
04/03/2012,SAN,CA,AWP,WE,Towers with Radar,405,61,15,2,483,0,0,13,1,14,405,61,28,3,497,0,0,0,497
04/04/2012,SAN,CA,AWP,WE,Towers with Radar,419,76,21,1,517,2,0,0,1,3,421,76,21,2,520,0,0,0,520
04/05/2012,SAN,CA,AWP,WE,Towers with Radar,424,79,26,1,530,0,0,2,4,6,424,79,28,5,536,0,0,0,536
04/06/2012,SAN,CA,AWP,WE,Towers with Radar,420,67,21,0,508,3,0,9,1,13,423,67,30,1,521,0,0,0,521
04/07/2012,SAN,CA,AWP,WE,Towers with Radar,353,44,5,2,404,1,0,4,0,5,354,44,9,2,409,0,0,0,409
04/08/2012,SAN,CA,AWP,WE,Towers with Radar,397,59,23,1,480,0,0,1,0,1,397,59,24,1,481,0,0,0,481
04/09/2012,SAN,CA,AWP,WE,Towers with Radar,437,73,23,0,533,2,0,10,1,13,439,73,33,1,546,0,0,0,546
04/10/2012,SAN,CA,AWP,WE,Towers with Radar,408,69,36,1,514,0,0,1,3,4,408,69,37,4,518,0,0,0,518
04/11/2012,SAN,CA,AWP,WE,Towers with Radar,424,67,27,1,519,1,0,2,0,3,425,67,29,1,522,0,0,0,522
04/12/2012,SAN,CA,AWP,WE,Towers with Radar,424,75,19,0,518,2,0,2,1,5,426,75,21,1,523,0,0,0,523
04/13/2012,SAN,CA,AWP,WE,Towers with Radar,429,72,15,0,516,0,0,0,0,0,429,72,15,0,516,0,0,0,516
04/14/2012,SAN,CA,AWP,WE,Towers with Radar,340,48,8,0,396,0,1,1,0,2,340,49,9,0,398,0,0,0,398
04/15/2012,SAN,CA,AWP,WE,Towers with Radar,389,72,29,3,493,3,0,4,0,7,392,72,33,3,500,0,0,0,500
04/16/2012,SAN,CA,AWP,WE,Towers with Radar,423,81,20,3,527,0,1,3,0,4,423,82,23,3,531,0,0,0,531
04/17/2012,SAN,CA,AWP,WE,Towers with Radar,415,67,17,0,499,2,1,7,1,11,417,68,24,1,510,0,0,0,510
04/18/2012,SAN,CA,AWP,WE,Towers with Radar,420,78,30,1,529,0,0,5,0,5,420,78,35,1,534,0,0,0,534
04/19/2012,SAN,CA,AWP,WE,Towers with Radar,430,78,36,5,549,0,2,4,1,7,430,80,40,6,556,0,0,0,556
04/20/2012,SAN,CA,AWP,WE,Towers with Radar,448,75,45,1,569,0,0,2,0,2,448,75,47,1,571,0,0,0,571
04/21/2012,SAN,CA,AWP,WE,Towers with Radar,351,56,13,1,421,1,0,1,0,2,352,56,14,1,423,0,0,0,423
04/22/2012,SAN,CA,AWP,WE,Towers with Radar,397,60,30,1,488,1,1,0,0,2,398,61,30,1,490,0,0,0,490
04/23/2012,SAN,CA,AWP,WE,Towers with Radar,419,81,27,3,530,0,0,0,1,1,419,81,27,4,531,0,0,0,531
04/24/2012,SAN,CA,AWP,WE,Towers with Radar,412,56,17,2,487,1,0,7,0,8,413,56,24,2,495,0,0,0,495
04/25/2012,SAN,CA,AWP,WE,Towers with Radar,415,68,22,2,507,0,0,2,0,2,415,68,24,2,509,0,0,0,509
04/26/2012,SAN,CA,AWP,WE,Towers with Radar,420,84,38,0,542,0,0,1,1,2,420,84,39,1,544,0,0,0,544
04/27/2012,SAN,CA,AWP,WE,Towers with Radar,427,79,20,1,527,2,1,2,0,5,429,80,22,1,532,0,0,0,532
04/28/2012,SAN,CA,AWP,WE,Towers with Radar,334,53,19,0,406,0,0,2,0,2,334,53,21,0,408,0,0,0,408
04/29/2012,SAN,CA,AWP,WE,Towers with Radar,407,80,47,0,534,2,1,5,0,8,409,81,52,0,542,2,0,2,544
04/30/2012,SAN,CA,AWP,WE,Towers with Radar,415,69,17,2,503,0,0,0,0,0,415,69,17,2,503,0,0,0,503
05/01/2012,SAN,CA,AWP,WE,Towers with Radar,413,77,31,2,523,0,1,4,0,5,413,78,35,2,528,0,0,0,528
05/02/2012,SAN,CA,AWP,WE,Towers with Radar,413,72,22,1,508,1,0,1,1,3,414,72,23,2,511,0,0,0,511
05/03/2012,SAN,CA,AWP,WE,Towers with Radar,424,87,43,1,555,0,0,1,0,1,424,87,44,1,556,0,0,0,556
05/04/2012,SAN,CA,AWP,WE,Towers with Radar,428,73,22,2,525,0,0,0,1,1,428,73,22,3,526,0,0,0,526
05/05/2012,SAN,CA,AWP,WE,Towers with Radar,333,58,20,3,414,3,0,4,0,7,336,58,24,3,421,0,0,0,421
05/06/2012,SAN,CA,AWP,WE,Towers with Radar,401,81,26,1,509,0,0,0,0,0,401,81,26,1,509,0,0,0,509
05/07/2012,SAN,CA,AWP,WE,Towers with Radar,422,77,14,1,514,1,1,1,0,3,423,78,15,1,517,0,0,0,517
05/08/2012,SAN,CA,AWP,WE,Towers with Radar,410,62,17,2,491,0,0,6,0,6,410,62,23,2,497,0,0,0,497
05/09/2012,SAN,CA,AWP,WE,Towers with Radar,407,84,20,1,512,0,4,8,0,12,407,88,28,1,524,1,0,1,525
05/10/2012,SAN,CA,AWP,WE,Towers with Radar,429,80,20,0,529,1,0,0,0,1,430,80,20,0,530,0,0,0,530
05/11/2012,SAN,CA,AWP,WE,Towers with Radar,434,77,28,0,539,0,0,5,0,5,434,77,33,0,544,0,0,0,544
05/12/2012,SAN,CA,AWP,WE,Towers with Radar,341,53,20,0,414,0,1,4,0,5,341,54,24,0,419,0,0,0,419
05/13/2012,SAN,CA,AWP,WE,Towers with Radar,398,69,22,0,489,3,1,2,0,6,401,70,24,0,495,0,0,0,495
05/14/2012,SAN,CA,AWP,WE,Towers with Radar,420,71,18,0,509,0,0,2,1,3,420,71,20,1,512,0,0,0,512
05/15/2012,SAN,CA,AWP,WE,Towers with Radar,421,68,19,0,508,1,0,4,0,5,422,68,23,0,513,0,0,0,513
05/16/2012,SAN,CA,AWP,WE,Towers with Radar,419,76,38,0,533,0,0,18,0,18,419,76,56,0,551,0,0,0,551
05/17/2012,SAN,CA,AWP,WE,Towers with Radar,433,97,29,0,559,1,0,1,1,3,434,97,30,1,562,0,0,0,562
05/18/2012,SAN,CA,AWP,WE,Towers with Radar,433,81,25,2,541,0,1,10,0,11,433,82,35,2,552,0,0,0,552
05/19/2012,SAN,CA,AWP,WE,Towers with Radar,339,56,10,1,406,3,0,3,0,6,342,56,13,1,412,0,0,0,412
05/20/2012,SAN,CA,AWP,WE,Towers with Radar,416,73,20,0,509,0,0,0,0,0,416,73,20,0,509,0,0,0,509
05/21/2012,SAN,CA,AWP,WE,Towers with Radar,423,69,20,0,512,1,0,3,0,4,424,69,23,0,516,0,0,0,516
05/22/2012,SAN,CA,AWP,WE,Towers with Radar,419,77,27,0,523,0,0,2,1,3,419,77,29,1,526,0,0,0,526
05/23/2012,SAN,CA,AWP,WE,Towers with Radar,419,75,27,4,525,1,0,2,0,3,420,75,29,4,528,0,0,0,528
05/24/2012,SAN,CA,AWP,WE,Towers with Radar,437,80,28,0,545,0,0,0,0,0,437,80,28,0,545,0,0,0,545
05/25/2012,SAN,CA,AWP,WE,Towers with Radar,434,88,34,3,559,3,1,1,0,5,437,89,35,3,564,0,0,0,564
05/26/2012,SAN,CA,AWP,WE,Towers with Radar,309,45,6,1,361,3,1,5,1,10,312,46,11,2,371,0,0,0,371
05/27/2012,SAN,CA,AWP,WE,Towers with Radar,327,53,15,3,398,0,0,2,0,2,327,53,17,3,400,0,0,0,400
05/28/2012,SAN,CA,AWP,WE,Towers with Radar,391,76,18,0,485,0,0,3,2,5,391,76,21,2,490,0,0,0,490
05/29/2012,SAN,CA,AWP,WE,Towers with Radar,405,80,35,2,522,1,0,2,0,3,406,80,37,2,525,0,0,0,525
05/30/2012,SAN,CA,AWP,WE,Towers with Radar,420,66,16,2,504,0,0,6,0,6,420,66,22,2,510,0,0,0,510
05/31/2012,SAN,CA,AWP,WE,Towers with Radar,441,79,17,2,539,0,0,4,0,4,441,79,21,2,543,0,0,0,543
06/01/2012,SAN,CA,AWP,WE,Towers with Radar,435,75,23,2,535,1,1,1,0,3,436,76,24,2,538,0,0,0,538
06/02/2012,SAN,CA,AWP,WE,Towers with Radar,332,55,13,1,401,1,0,4,0,5,333,55,17,1,406,0,0,0,406
06/03/2012,SAN,CA,AWP,WE,Towers with Radar,415,65,26,0,506,0,0,0,0,0,415,65,26,0,506,0,0,0,506
06/04/2012,SAN,CA,AWP,WE,Towers with Radar,433,72,27,2,534,1,2,6,0,9,434,74,33,2,543,0,0,0,543
06/05/2012,SAN,CA,AWP,WE,Towers with Radar,437,75,14,3,529,0,0,3,0,3,437,75,17,3,532,0,0,0,532
06/06/2012,SAN,CA,AWP,WE,Towers with Radar,435,82,23,1,541,0,0,1,1,2,435,82,24,2,543,0,0,0,543
06/07/2012,SAN,CA,AWP,WE,Towers with Radar,451,90,20,2,563,1,0,3,2,6,452,90,23,4,569,0,0,0,569
06/08/2012,SAN,CA,AWP,WE,Towers with Radar,450,84,18,0,552,0,0,1,1,2,450,84,19,1,554,0,0,0,554
06/09/2012,SAN,CA,AWP,WE,Towers with Radar,385,61,17,3,466,2,0,0,0,2,387,61,17,3,468,0,0,0,468
06/10/2012,SAN,CA,AWP,WE,Towers with Radar,434,71,29,3,537,3,0,2,1,6,437,71,31,4,543,0,0,0,543
06/11/2012,SAN,CA,AWP,WE,Towers with Radar,452,87,8,0,547,0,0,1,0,1,452,87,9,0,548,0,0,0,548
06/12/2012,SAN,CA,AWP,WE,Towers with Radar,446,78,29,0,553,0,1,5,0,6,446,79,34,0,559,0,0,0,559
06/13/2012,SAN,CA,AWP,WE,Towers with Radar,454,84,27,0,565,1,0,1,1,3,455,84,28,1,568,0,0,0,568
06/14/2012,SAN,CA,AWP,WE,Towers with Radar,451,91,43,0,585,0,0,0,0,0,451,91,43,0,585,0,0,0,585
06/15/2012,SAN,CA,AWP,WE,Towers with Radar,463,85,21,5,574,0,1,2,0,3,463,86,23,5,577,0,0,0,577
06/16/2012,SAN,CA,AWP,WE,Towers with Radar,382,67,15,0,464,3,0,3,0,6,385,67,18,0,470,0,0,0,470
06/17/2012,SAN,CA,AWP,WE,Towers with Radar,449,75,27,0,551,0,0,3,0,3,449,75,30,0,554,0,0,0,554
06/18/2012,SAN,CA,AWP,WE,Towers with Radar,453,71,25,0,549,1,1,2,0,4,454,72,27,0,553,0,0,0,553
06/19/2012,SAN,CA,AWP,WE,Towers with Radar,456,69,30,0,555,1,0,4,1,6,457,69,34,1,561,4,0,4,565
06/20/2012,SAN,CA,AWP,WE,Towers with Radar,463,76,20,0,559,0,0,3,0,3,463,76,23,0,562,0,0,0,562
06/21/2012,SAN,CA,AWP,WE,Towers with Radar,447,83,25,0,555,1,2,5,0,8,448,85,30,0,563,0,0,0,563
06/22/2012,SAN,CA,AWP,WE,Towers with Radar,452,81,23,4,560,0,0,2,0,2,452,81,25,4,562,0,0,0,562
06/23/2012,SAN,CA,AWP,WE,Towers with Radar,397,64,13,1,475,0,0,16,4,20,397,64,29,5,495,0,0,0,495
06/24/2012,SAN,CA,AWP,WE,Towers with Radar,446,59,28,0,533,2,0,8,1,11,448,59,36,1,544,0,0,0,544
06/25/2012,SAN,CA,AWP,WE,Towers with Radar,455,82,26,2,565,0,0,7,0,7,455,82,33,2,572,0,0,0,572
06/26/2012,SAN,CA,AWP,WE,Towers with Radar,453,77,20,0,550,0,0,3,3,6,453,77,23,3,556,0,0,0,556
06/27/2012,SAN,CA,AWP,WE,Towers with Radar,448,63,22,0,533,1,0,2,0,3,449,63,24,0,536,0,0,0,536
06/28/2012,SAN,CA,AWP,WE,Towers with Radar,458,69,40,4,571,0,0,2,0,2,458,69,42,4,573,0,0,0,573
06/29/2012,SAN,CA,AWP,WE,Towers with Radar,458,82,32,1,573,2,0,5,0,7,460,82,37,1,580,0,0,0,580
06/30/2012,SAN,CA,AWP,WE,Towers with Radar,391,53,9,0,453,0,0,1,0,1,391,53,10,0,454,0,0,0,454
07/01/2012,SAN,CA,AWP,WE,Towers with Radar,434,58,15,0,507,0,0,0,0,0,434,58,15,0,507,0,0,0,507
07/02/2012,SAN,CA,AWP,WE,Towers with Radar,458,80,8,3,549,1,0,0,0,1,459,80,8,3,550,0,0,0,550
07/03/2012,SAN,CA,AWP,WE,Towers with Radar,435,72,20,1,528,0,1,4,0,5,435,73,24,1,533,0,0,0,533
07/04/2012,SAN,CA,AWP,WE,Towers with Radar,380,51,7,2,440,1,1,1,0,3,381,52,8,2,443,0,0,0,443
07/05/2012,SAN,CA,AWP,WE,Towers with Radar,450,79,31,0,560,0,0,1,0,1,450,79,32,0,561,0,0,0,561
07/06/2012,SAN,CA,AWP,WE,Towers with Radar,448,74,6,0,528,3,1,7,0,11,451,75,13,0,539,0,0,0,539
07/07/2012,SAN,CA,AWP,WE,Towers with Radar,394,58,24,0,476,4,0,8,1,13,398,58,32,1,489,0,0,0,489
07/08/2012,SAN,CA,AWP,WE,Towers with Radar,466,81,32,0,579,0,0,8,0,8,466,81,40,0,587,0,0,0,587
07/09/2012,SAN,CA,AWP,WE,Towers with Radar,476,82,31,0,589,0,1,1,0,2,476,83,32,0,591,0,0,0,591
07/10/2012,SAN,CA,AWP,WE,Towers with Radar,467,75,39,0,581,1,0,2,1,4,468,75,41,1,585,2,0,2,587
07/11/2012,SAN,CA,AWP,WE,Towers with Radar,482,69,24,0,575,0,0,1,3,4,482,69,25,3,579,0,0,0,579
07/12/2012,SAN,CA,AWP,WE,Towers with Radar,478,81,33,2,594,0,1,11,0,12,478,82,44,2,606,0,0,0,606
07/13/2012,SAN,CA,AWP,WE,Towers with Radar,467,71,39,0,577,1,0,4,2,7,468,71,43,2,584,0,0,0,584
07/14/2012,SAN,CA,AWP,WE,Towers with Radar,428,53,34,1,516,0,0,1,0,1,428,53,35,1,517,0,0,0,517
07/15/2012,SAN,CA,AWP,WE,Towers with Radar,451,65,26,1,543,3,0,5,0,8,454,65,31,1,551,0,0,0,551
07/16/2012,SAN,CA,AWP,WE,Towers with Radar,466,68,21,4,559,0,0,4,1,5,466,68,25,5,564,0,0,0,564
07/17/2012,SAN,CA,AWP,WE,Towers with Radar,453,81,26,0,560,1,0,0,0,1,454,81,26,0,561,0,0,0,561
07/18/2012,SAN,CA,AWP,WE,Towers with Radar,474,63,22,5,564,0,0,4,0,4,474,63,26,5,568,0,0,0,568
07/19/2012,SAN,CA,AWP,WE,Towers with Radar,480,70,38,2,590,1,0,4,0,5,481,70,42,2,595,0,0,0,595
07/20/2012,SAN,CA,AWP,WE,Towers with Radar,487,80,25,2,594,0,1,10,0,11,487,81,35,2,605,0,0,0,605
07/21/2012,SAN,CA,AWP,WE,Towers with Radar,420,44,19,1,484,0,1,6,0,7,420,45,25,1,491,0,0,0,491
07/22/2012,SAN,CA,AWP,WE,Towers with Radar,454,61,32,0,547,3,0,7,0,10,457,61,39,0,557,0,0,0,557
07/23/2012,SAN,CA,AWP,WE,Towers with Radar,469,61,21,7,558,0,0,0,0,0,469,61,21,7,558,0,0,0,558
07/24/2012,SAN,CA,AWP,WE,Towers with Radar,459,66,25,0,550,1,2,0,0,3,460,68,25,0,553,0,0,0,553
07/25/2012,SAN,CA,AWP,WE,Towers with Radar,472,63,30,4,569,0,2,10,0,12,472,65,40,4,581,0,0,0,581
07/26/2012,SAN,CA,AWP,WE,Towers with Radar,465,63,34,0,562,0,1,1,0,2,465,64,35,0,564,0,0,0,564
07/27/2012,SAN,CA,AWP,WE,Towers with Radar,500,76,33,0,609,0,1,2,0,3,500,77,35,0,612,0,0,0,612
07/28/2012,SAN,CA,AWP,WE,Towers with Radar,431,49,35,0,515,0,0,5,0,5,431,49,40,0,520,0,0,0,520
07/29/2012,SAN,CA,AWP,WE,Towers with Radar,455,65,33,0,553,4,0,4,1,9,459,65,37,1,562,0,0,0,562
07/30/2012,SAN,CA,AWP,WE,Towers with Radar,474,64,21,3,562,0,0,0,0,0,474,64,21,3,562,0,0,0,562
07/31/2012,SAN,CA,AWP,WE,Towers with Radar,465,63,26,2,556,0,0,4,0,4,465,63,30,2,560,0,0,0,560
08/01/2012,SAN,CA,AWP,WE,Towers with Radar,476,64,40,1,581,1,0,3,1,5,477,64,43,2,586,0,0,0,586
08/02/2012,SAN,CA,AWP,WE,Towers with Radar,479,77,38,0,594,0,0,2,0,2,479,77,40,0,596,0,0,0,596
08/03/2012,SAN,CA,AWP,WE,Towers with Radar,476,65,34,0,575,0,0,11,1,12,476,65,45,1,587,0,0,0,587
08/04/2012,SAN,CA,AWP,WE,Towers with Radar,410,38,13,1,462,4,0,4,0,8,414,38,17,1,470,0,0,0,470
08/05/2012,SAN,CA,AWP,WE,Towers with Radar,455,56,29,4,544,1,0,5,1,7,456,56,34,5,551,0,0,0,551
08/06/2012,SAN,CA,AWP,WE,Towers with Radar,475,73,19,4,571,0,2,0,0,2,475,75,19,4,573,0,0,0,573
08/07/2012,SAN,CA,AWP,WE,Towers with Radar,488,57,27,3,575,1,1,0,0,2,489,58,27,3,577,0,0,0,577
08/08/2012,SAN,CA,AWP,WE,Towers with Radar,483,76,21,3,583,0,2,2,0,4,483,78,23,3,587,0,0,0,587
08/09/2012,SAN,CA,AWP,WE,Towers with Radar,459,60,16,2,537,2,0,2,0,4,461,60,18,2,541,0,0,0,541
08/10/2012,SAN,CA,AWP,WE,Towers with Radar,483,64,20,3,570,3,1,7,4,15,486,65,27,7,585,0,0,0,585
08/11/2012,SAN,CA,AWP,WE,Towers with Radar,422,47,11,0,480,1,0,4,0,5,423,47,15,0,485,0,0,0,485
08/12/2012,SAN,CA,AWP,WE,Towers with Radar,451,55,28,0,534,1,0,7,0,8,452,55,35,0,542,0,0,0,542
08/13/2012,SAN,CA,AWP,WE,Towers with Radar,486,62,22,0,570,0,0,4,0,4,486,62,26,0,574,0,0,0,574
08/14/2012,SAN,CA,AWP,WE,Towers with Radar,461,66,15,2,544,1,0,6,1,8,462,66,21,3,552,0,0,0,552
08/15/2012,SAN,CA,AWP,WE,Towers with Radar,477,71,32,1,581,0,0,2,0,2,477,71,34,1,583,0,0,0,583
08/16/2012,SAN,CA,AWP,WE,Towers with Radar,470,81,16,2,569,3,4,3,0,10,473,85,19,2,579,0,0,0,579
08/17/2012,SAN,CA,AWP,WE,Towers with Radar,465,77,39,0,581,0,1,2,0,3,465,78,41,0,584,0,0,0,584
08/18/2012,SAN,CA,AWP,WE,Towers with Radar,376,55,21,1,453,4,0,12,1,17,380,55,33,2,470,0,0,0,470
08/19/2012,SAN,CA,AWP,WE,Towers with Radar,429,63,31,1,524,0,1,6,0,7,429,64,37,1,531,0,0,0,531
08/20/2012,SAN,CA,AWP,WE,Towers with Radar,452,64,16,4,536,0,0,1,0,1,452,64,17,4,537,0,0,0,537
08/21/2012,SAN,CA,AWP,WE,Towers with Radar,435,67,11,1,514,1,0,3,1,5,436,67,14,2,519,0,0,0,519
08/22/2012,SAN,CA,AWP,WE,Towers with Radar,456,67,26,4,553,0,0,3,1,4,456,67,29,5,557,0,0,0,557
08/23/2012,SAN,CA,AWP,WE,Towers with Radar,458,72,26,0,556,2,0,1,0,3,460,72,27,0,559,0,0,0,559
08/24/2012,SAN,CA,AWP,WE,Towers with Radar,461,74,30,3,568,0,0,2,0,2,461,74,32,3,570,0,0,0,570
08/25/2012,SAN,CA,AWP,WE,Towers with Radar,369,53,13,0,435,3,1,1,0,5,372,54,14,0,440,0,0,0,440
08/26/2012,SAN,CA,AWP,WE,Towers with Radar,424,73,22,0,519,1,0,1,0,2,425,73,23,0,521,0,0,0,521
08/27/2012,SAN,CA,AWP,WE,Towers with Radar,455,64,9,2,530,0,0,2,2,4,455,64,11,4,534,0,0,0,534
08/28/2012,SAN,CA,AWP,WE,Towers with Radar,438,61,27,1,527,1,1,5,1,8,439,62,32,2,535,0,0,0,535
08/29/2012,SAN,CA,AWP,WE,Towers with Radar,466,61,21,2,550,0,0,6,0,6,466,61,27,2,556,0,0,0,556
08/30/2012,SAN,CA,AWP,WE,Towers with Radar,457,77,27,4,565,0,0,0,0,0,457,77,27,4,565,0,0,0,565
08/31/2012,SAN,CA,AWP,WE,Towers with Radar,447,68,28,2,545,3,4,8,2,17,450,72,36,4,562,0,0,0,562
09/01/2012,SAN,CA,AWP,WE,Towers with Radar,329,37,10,0,376,0,0,6,1,7,329,37,16,1,383,0,0,0,383
09/02/2012,SAN,CA,AWP,WE,Towers with Radar,337,38,3,0,378,3,0,6,0,9,340,38,9,0,387,0,0,0,387
09/03/2012,SAN,CA,AWP,WE,Towers with Radar,404,62,20,0,486,0,0,11,0,11,404,62,31,0,497,0,0,0,497
09/04/2012,SAN,CA,AWP,WE,Towers with Radar,422,67,7,0,496,1,0,1,1,3,423,67,8,1,499,0,0,0,499
09/05/2012,SAN,CA,AWP,WE,Towers with Radar,441,65,14,0,520,1,0,1,1,3,442,65,15,1,523,0,0,0,523
09/06/2012,SAN,CA,AWP,WE,Towers with Radar,438,65,15,1,519,0,0,10,0,10,438,65,25,1,529,0,0,0,529
09/07/2012,SAN,CA,AWP,WE,Towers with Radar,440,72,25,3,540,1,0,4,0,5,441,72,29,3,545,0,0,0,545
09/08/2012,SAN,CA,AWP,WE,Towers with Radar,342,42,11,0,395,0,2,8,1,11,342,44,19,1,406,0,0,0,406
09/09/2012,SAN,CA,AWP,WE,Towers with Radar,420,59,29,0,508,3,0,4,1,8,423,59,33,1,516,0,0,0,516
09/10/2012,SAN,CA,AWP,WE,Towers with Radar,452,67,19,0,538,2,0,1,0,3,454,67,20,0,541,0,0,0,541
09/11/2012,SAN,CA,AWP,WE,Towers with Radar,429,59,23,0,511,0,0,1,0,1,429,59,24,0,512,0,0,0,512
09/12/2012,SAN,CA,AWP,WE,Towers with Radar,437,61,23,0,521,0,1,2,0,3,437,62,25,0,524,0,0,0,524
09/13/2012,SAN,CA,AWP,WE,Towers with Radar,443,70,35,3,551,1,0,1,0,2,444,70,36,3,553,0,0,0,553
09/14/2012,SAN,CA,AWP,WE,Towers with Radar,466,62,23,1,552,1,1,5,0,7,467,63,28,1,559,0,0,0,559
09/15/2012,SAN,CA,AWP,WE,Towers with Radar,339,47,16,0,402,1,0,6,0,7,340,47,22,0,409,0,0,0,409
09/16/2012,SAN,CA,AWP,WE,Towers with Radar,417,52,40,0,509,0,0,4,0,4,417,52,44,0,513,0,0,0,513
09/17/2012,SAN,CA,AWP,WE,Towers with Radar,439,62,19,0,520,2,1,4,0,7,441,63,23,0,527,0,0,0,527
09/18/2012,SAN,CA,AWP,WE,Towers with Radar,436,58,14,2,510,0,0,0,0,0,436,58,14,2,510,0,0,0,510
09/19/2012,SAN,CA,AWP,WE,Towers with Radar,435,66,22,0,523,0,2,5,1,8,435,68,27,1,531,0,0,0,531
09/20/2012,SAN,CA,AWP,WE,Towers with Radar,451,68,32,0,551,0,1,3,1,5,451,69,35,1,556,0,0,0,556
09/21/2012,SAN,CA,AWP,WE,Towers with Radar,447,71,20,0,538,2,0,4,0,6,449,71,24,0,544,0,0,0,544
09/22/2012,SAN,CA,AWP,WE,Towers with Radar,343,49,28,1,421,1,0,6,0,7,344,49,34,1,428,0,0,0,428
09/23/2012,SAN,CA,AWP,WE,Towers with Radar,438,59,35,1,533,0,3,1,0,4,438,62,36,1,537,0,0,0,537
09/24/2012,SAN,CA,AWP,WE,Towers with Radar,444,70,23,2,539,1,1,4,1,7,445,71,27,3,546,0,0,0,546
09/25/2012,SAN,CA,AWP,WE,Towers with Radar,424,59,29,0,512,0,2,5,0,7,424,61,34,0,519,0,0,0,519
09/26/2012,SAN,CA,AWP,WE,Towers with Radar,432,63,17,0,512,0,0,4,1,5,432,63,21,1,517,0,0,0,517
09/27/2012,SAN,CA,AWP,WE,Towers with Radar,449,67,21,2,539,0,2,5,0,7,449,69,26,2,546,0,0,0,546
09/28/2012,SAN,CA,AWP,WE,Towers with Radar,449,62,25,0,536,3,0,2,0,5,452,62,27,0,541,0,0,0,541
09/29/2012,SAN,CA,AWP,WE,Towers with Radar,343,46,14,2,405,0,0,9,0,9,343,46,23,2,414,0,0,0,414
09/30/2012,SAN,CA,AWP,WE,Towers with Radar,427,55,20,0,502,0,0,4,0,4,427,55,24,0,506,0,0,0,506
10/01/2012,SAN,CA,AWP,WE,Towers with Radar,445,78,22,1,546,1,0,4,2,7,446,78,26,3,553,0,0,0,553
10/02/2012,SAN,CA,AWP,WE,Towers with Radar,421,64,27,4,516,0,0,4,1,5,421,64,31,5,521,0,0,0,521
10/03/2012,SAN,CA,AWP,WE,Towers with Radar,415,63,22,1,501,1,0,2,1,4,416,63,24,2,505,0,0,0,505
10/04/2012,SAN,CA,AWP,WE,Towers with Radar,441,78,32,0,551,0,0,3,0,3,441,78,35,0,554,0,0,0,554
10/05/2012,SAN,CA,AWP,WE,Towers with Radar,445,70,35,5,555,1,0,9,1,11,446,70,44,6,566,0,0,0,566
10/06/2012,SAN,CA,AWP,WE,Towers with Radar,340,36,10,1,387,0,2,3,1,6,340,38,13,2,393,0,0,0,393
10/07/2012,SAN,CA,AWP,WE,Towers with Radar,404,64,15,1,484,0,0,2,0,2,404,64,17,1,486,0,0,0,486
10/08/2012,SAN,CA,AWP,WE,Towers with Radar,432,79,33,1,545,0,0,0,0,0,432,79,33,1,545,0,0,0,545
10/09/2012,SAN,CA,AWP,WE,Towers with Radar,414,66,42,3,525,1,0,2,0,3,415,66,44,3,528,0,0,0,528
10/10/2012,SAN,CA,AWP,WE,Towers with Radar,426,70,31,3,530,1,0,0,0,1,427,70,31,3,531,0,0,0,531
10/11/2012,SAN,CA,AWP,WE,Towers with Radar,433,83,37,2,555,0,1,4,0,5,433,84,41,2,560,0,0,0,560
10/12/2012,SAN,CA,AWP,WE,Towers with Radar,433,63,29,0,525,3,0,1,0,4,436,63,30,0,529,0,0,0,529
10/13/2012,SAN,CA,AWP,WE,Towers with Radar,346,36,10,2,394,0,0,4,0,4,346,36,14,2,398,0,0,0,398
10/14/2012,SAN,CA,AWP,WE,Towers with Radar,415,56,28,4,503,3,0,7,1,11,418,56,35,5,514,0,0,0,514
10/15/2012,SAN,CA,AWP,WE,Towers with Radar,396,67,32,5,500,1,0,1,1,3,397,67,33,6,503,0,0,0,503
10/16/2012,SAN,CA,AWP,WE,Towers with Radar,415,66,31,2,514,0,0,6,1,7,415,66,37,3,521,0,0,0,521
10/17/2012,SAN,CA,AWP,WE,Towers with Radar,441,65,39,1,546,0,0,6,0,6,441,65,45,1,552,0,0,0,552
10/18/2012,SAN,CA,AWP,WE,Towers with Radar,444,67,27,2,540,0,0,8,4,12,444,67,35,6,552,0,0,0,552
10/19/2012,SAN,CA,AWP,WE,Towers with Radar,433,70,25,4,532,3,0,3,3,9,436,70,28,7,541,0,0,0,541
10/20/2012,SAN,CA,AWP,WE,Towers with Radar,341,44,23,2,410,0,0,0,0,0,341,44,23,2,410,0,0,0,410
10/21/2012,SAN,CA,AWP,WE,Towers with Radar,411,55,32,2,500,3,1,0,2,6,414,56,32,4,506,0,0,0,506
10/22/2012,SAN,CA,AWP,WE,Towers with Radar,425,72,24,2,523,0,0,1,0,1,425,72,25,2,524,0,0,0,524
10/23/2012,SAN,CA,AWP,WE,Towers with Radar,414,68,37,1,520,0,1,3,2,6,414,69,40,3,526,0,0,0,526
10/24/2012,SAN,CA,AWP,WE,Towers with Radar,422,67,23,0,512,1,0,1,0,2,423,67,24,0,514,0,0,0,514
10/25/2012,SAN,CA,AWP,WE,Towers with Radar,442,67,24,3,536,0,0,6,0,6,442,67,30,3,542,0,0,0,542
10/26/2012,SAN,CA,AWP,WE,Towers with Radar,431,72,28,1,532,1,0,10,0,11,432,72,38,1,543,0,0,0,543
10/27/2012,SAN,CA,AWP,WE,Towers with Radar,343,35,18,0,396,0,2,0,0,2,343,37,18,0,398,0,0,0,398
10/28/2012,SAN,CA,AWP,WE,Towers with Radar,401,54,24,0,479,0,1,1,0,2,401,55,25,0,481,0,0,0,481
10/29/2012,SAN,CA,AWP,WE,Towers with Radar,353,58,27,5,443,2,1,2,2,7,355,59,29,7,450,0,0,0,450
10/30/2012,SAN,CA,AWP,WE,Towers with Radar,379,57,19,2,457,0,0,1,1,2,379,57,20,3,459,0,0,0,459
10/31/2012,SAN,CA,AWP,WE,Towers with Radar,373,67,19,6,465,1,1,5,1,8,374,68,24,7,473,0,0,0,473
11/01/2012,SAN,CA,AWP,WE,Towers with Radar,426,70,49,2,547,0,0,0,5,5,426,70,49,7,552,0,0,0,552
11/02/2012,SAN,CA,AWP,WE,Towers with Radar,423,70,31,3,527,3,0,1,0,4,426,70,32,3,531,0,0,0,531
11/03/2012,SAN,CA,AWP,WE,Towers with Radar,331,39,20,4,394,0,0,8,0,8,331,39,28,4,402,0,0,0,402
11/04/2012,SAN,CA,AWP,WE,Towers with Radar,400,53,15,2,470,3,0,7,0,10,403,53,22,2,480,0,0,0,480
11/05/2012,SAN,CA,AWP,WE,Towers with Radar,422,68,17,1,508,0,1,3,1,5,422,69,20,2,513,0,0,0,513
11/06/2012,SAN,CA,AWP,WE,Towers with Radar,311,59,13,7,390,0,0,2,0,2,311,59,15,7,392,0,0,0,392
11/07/2012,SAN,CA,AWP,WE,Towers with Radar,420,74,15,3,512,0,0,0,1,1,420,74,15,4,513,0,0,0,513
11/08/2012,SAN,CA,AWP,WE,Towers with Radar,433,68,27,3,531,3,0,0,0,3,436,68,27,3,534,0,0,0,534
11/09/2012,SAN,CA,AWP,WE,Towers with Radar,427,73,23,0,523,1,0,1,0,2,428,73,24,0,525,0,0,0,525
11/10/2012,SAN,CA,AWP,WE,Towers with Radar,347,37,7,0,391,0,0,5,0,5,347,37,12,0,396,0,0,0,396
11/11/2012,SAN,CA,AWP,WE,Towers with Radar,404,58,20,1,483,1,2,10,0,13,405,60,30,1,496,2,0,2,498
11/12/2012,SAN,CA,AWP,WE,Towers with Radar,427,80,30,4,541,0,0,5,0,5,427,80,35,4,546,0,0,0,546
11/13/2012,SAN,CA,AWP,WE,Towers with Radar,415,83,33,1,532,0,1,2,0,3,415,84,35,1,535,0,0,0,535
11/14/2012,SAN,CA,AWP,WE,Towers with Radar,428,78,34,2,542,0,2,3,0,5,428,80,37,2,547,0,0,0,547
11/15/2012,SAN,CA,AWP,WE,Towers with Radar,431,77,46,2,556,0,0,0,0,0,431,77,46,2,556,0,0,0,556
11/16/2012,SAN,CA,AWP,WE,Towers with Radar,427,73,29,0,529,4,0,3,1,8,431,73,32,1,537,0,0,0,537
11/17/2012,SAN,CA,AWP,WE,Towers with Radar,354,52,21,1,428,3,0,2,0,5,357,52,23,1,433,0,0,0,433
11/18/2012,SAN,CA,AWP,WE,Towers with Radar,392,61,30,4,487,0,0,3,0,3,392,61,33,4,490,0,0,0,490
11/19/2012,SAN,CA,AWP,WE,Towers with Radar,416,50,26,5,497,0,0,0,0,0,416,50,26,5,497,0,0,0,497
11/20/2012,SAN,CA,AWP,WE,Towers with Radar,415,68,35,2,520,2,0,9,0,11,417,68,44,2,531,0,0,0,531
11/21/2012,SAN,CA,AWP,WE,Towers with Radar,450,82,19,1,552,0,2,13,0,15,450,84,32,1,567,0,0,0,567
11/22/2012,SAN,CA,AWP,WE,Towers with Radar,296,32,4,2,334,2,0,2,0,4,298,32,6,2,338,0,0,0,338
11/23/2012,SAN,CA,AWP,WE,Towers with Radar,301,40,11,1,353,0,0,3,0,3,301,40,14,1,356,0,0,0,356
11/24/2012,SAN,CA,AWP,WE,Towers with Radar,401,63,24,1,489,3,0,5,0,8,404,63,29,1,497,0,0,0,497
11/25/2012,SAN,CA,AWP,WE,Towers with Radar,447,62,42,0,551,0,1,2,0,3,447,63,44,0,554,0,0,0,554
11/26/2012,SAN,CA,AWP,WE,Towers with Radar,447,66,25,1,539,0,0,1,0,1,447,66,26,1,540,0,0,0,540
11/27/2012,SAN,CA,AWP,WE,Towers with Radar,411,67,27,0,505,2,0,1,0,3,413,67,28,0,508,0,0,0,508
11/28/2012,SAN,CA,AWP,WE,Towers with Radar,402,75,20,0,497,0,0,2,2,4,402,75,22,2,501,0,0,0,501
11/29/2012,SAN,CA,AWP,WE,Towers with Radar,411,73,29,1,514,2,0,1,0,3,413,73,30,1,517,0,0,0,517
11/30/2012,SAN,CA,AWP,WE,Towers with Radar,441,68,35,0,544,0,0,0,0,0,441,68,35,0,544,0,0,0,544
12/01/2012,SAN,CA,AWP,WE,Towers with Radar,341,43,18,5,407,3,0,1,1,5,344,43,19,6,412,0,0,0,412
12/02/2012,SAN,CA,AWP,WE,Towers with Radar,398,50,10,2,460,0,0,2,0,2,398,50,12,2,462,0,0,0,462
12/03/2012,SAN,CA,AWP,WE,Towers with Radar,428,66,24,2,520,0,0,2,0,2,428,66,26,2,522,0,0,0,522
12/04/2012,SAN,CA,AWP,WE,Towers with Radar,414,62,21,0,497,1,0,1,1,3,415,62,22,1,500,0,0,0,500
12/05/2012,SAN,CA,AWP,WE,Towers with Radar,402,70,16,0,488,0,0,0,1,1,402,70,16,1,489,0,0,0,489
12/06/2012,SAN,CA,AWP,WE,Towers with Radar,419,73,20,2,514,3,0,3,0,6,422,73,23,2,520,0,0,0,520
12/07/2012,SAN,CA,AWP,WE,Towers with Radar,440,65,26,3,534,0,0,2,0,2,440,65,28,3,536,0,0,0,536
12/08/2012,SAN,CA,AWP,WE,Towers with Radar,341,39,25,0,405,3,0,0,0,3,344,39,25,0,408,0,0,0,408
12/09/2012,SAN,CA,AWP,WE,Towers with Radar,400,57,19,0,476,0,0,4,0,4,400,57,23,0,480,0,0,0,480
12/10/2012,SAN,CA,AWP,WE,Towers with Radar,411,67,26,2,506,3,1,4,0,8,414,68,30,2,514,0,0,0,514
12/11/2012,SAN,CA,AWP,WE,Towers with Radar,408,63,24,0,495,0,0,9,1,10,408,63,33,1,505,0,0,0,505
12/12/2012,SAN,CA,AWP,WE,Towers with Radar,414,69,24,0,507,2,0,2,0,4,416,69,26,0,511,0,0,0,511
12/13/2012,SAN,CA,AWP,WE,Towers with Radar,455,67,32,2,556,1,1,0,2,4,456,68,32,4,560,0,0,0,560
12/14/2012,SAN,CA,AWP,WE,Towers with Radar,435,64,25,2,526,1,0,3,0,4,436,64,28,2,530,0,0,0,530
12/15/2012,SAN,CA,AWP,WE,Towers with Radar,346,41,12,1,400,0,0,6,0,6,346,41,18,1,406,0,0,0,406
12/16/2012,SAN,CA,AWP,WE,Towers with Radar,406,54,21,0,481,0,0,4,0,4,406,54,25,0,485,0,0,0,485
12/17/2012,SAN,CA,AWP,WE,Towers with Radar,433,74,20,2,529,2,0,3,0,5,435,74,23,2,534,0,0,0,534
12/18/2012,SAN,CA,AWP,WE,Towers with Radar,419,68,18,1,506,0,0,1,1,2,419,68,19,2,508,0,0,0,508
12/19/2012,SAN,CA,AWP,WE,Towers with Radar,452,65,24,3,544,2,1,11,0,14,454,66,35,3,558,0,0,0,558
12/20/2012,SAN,CA,AWP,WE,Towers with Radar,456,69,34,1,560,0,0,2,0,2,456,69,36,1,562,0,0,0,562
12/21/2012,SAN,CA,AWP,WE,Towers with Radar,455,73,29,0,557,5,0,4,0,9,460,73,33,0,566,0,0,0,566
12/22/2012,SAN,CA,AWP,WE,Towers with Radar,427,52,25,0,504,4,0,2,0,6,431,52,27,0,510,0,0,0,510
12/23/2012,SAN,CA,AWP,WE,Towers with Radar,410,49,12,0,471,1,0,0,0,1,411,49,12,0,472,0,0,0,472
12/24/2012,SAN,CA,AWP,WE,Towers with Radar,366,47,6,0,419,0,0,1,0,1,366,47,7,0,420,0,0,0,420
12/25/2012,SAN,CA,AWP,WE,Towers with Radar,332,50,12,0,394,2,1,6,0,9,334,51,18,0,403,0,0,0,403
12/26/2012,SAN,CA,AWP,WE,Towers with Radar,453,65,16,0,534,0,0,0,0,0,453,65,16,0,534,1,0,1,535
12/27/2012,SAN,CA,AWP,WE,Towers with Radar,469,75,31,0,575,0,0,5,1,6,469,75,36,1,581,0,0,0,581
12/28/2012,SAN,CA,AWP,WE,Towers with Radar,453,82,20,0,555,1,0,5,0,6,454,82,25,0,561,0,0,0,561
12/29/2012,SAN,CA,AWP,WE,Towers with Radar,370,52,23,0,445,4,1,5,0,10,374,53,28,0,455,0,0,0,455
12/30/2012,SAN,CA,AWP,WE,Towers with Radar,409,58,23,2,492,0,0,2,0,2,409,58,25,2,494,0,0,0,494
12/31/2012,SAN,CA,AWP,WE,Towers with Radar,344,59,6,0,409,3,0,9,1,13,347,59,15,1,422,0,0,0,422
01/01/2013,SAN,CA,AWP,WE,Towers with Radar,362,58,10,0,430,1,0,7,1,9,363,58,17,1,439,0,0,0,439
01/02/2013,SAN,CA,AWP,WE,Towers with Radar,449,66,16,0,531,2,1,3,0,6,451,67,19,0,537,0,0,0,537
01/03/2013,SAN,CA,AWP,WE,Towers with Radar,432,74,33,0,539,0,1,5,1,7,432,75,38,1,546,0,0,0,546
01/04/2013,SAN,CA,AWP,WE,Towers with Radar,425,70,16,0,511,4,1,1,0,6,429,71,17,0,517,0,0,0,517
01/05/2013,SAN,CA,AWP,WE,Towers with Radar,360,50,20,1,431,0,0,2,1,3,360,50,22,2,434,0,0,0,434
01/06/2013,SAN,CA,AWP,WE,Towers with Radar,396,63,33,0,492,4,0,0,0,4,400,63,33,0,496,0,0,0,496
01/07/2013,SAN,CA,AWP,WE,Towers with Radar,412,66,13,0,491,0,0,3,1,4,412,66,16,1,495,0,0,0,495
01/08/2013,SAN,CA,AWP,WE,Towers with Radar,384,61,17,1,463,1,1,4,1,7,385,62,21,2,470,0,0,0,470
01/09/2013,SAN,CA,AWP,WE,Towers with Radar,396,64,29,4,493,0,0,3,0,3,396,64,32,4,496,0,0,0,496
01/10/2013,SAN,CA,AWP,WE,Towers with Radar,409,76,23,0,508,2,1,0,0,3,411,77,23,0,511,0,0,0,511
01/11/2013,SAN,CA,AWP,WE,Towers with Radar,417,70,24,0,511,0,0,10,1,11,417,70,34,1,522,0,0,0,522
01/12/2013,SAN,CA,AWP,WE,Towers with Radar,330,48,11,1,390,1,0,2,0,3,331,48,13,1,393,0,0,0,393
01/13/2013,SAN,CA,AWP,WE,Towers with Radar,377,52,14,0,443,3,1,0,0,4,380,53,14,0,447,0,0,0,447
01/14/2013,SAN,CA,AWP,WE,Towers with Radar,409,62,14,2,487,0,0,5,0,5,409,62,19,2,492,0,0,0,492
01/15/2013,SAN,CA,AWP,WE,Towers with Radar,373,63,31,1,468,1,0,6,1,8,374,63,37,2,476,0,0,0,476
01/16/2013,SAN,CA,AWP,WE,Towers with Radar,398,64,35,0,497,0,0,2,2,4,398,64,37,2,501,0,0,0,501
01/17/2013,SAN,CA,AWP,WE,Towers with Radar,415,74,19,1,509,1,0,9,0,10,416,74,28,1,519,0,0,0,519
01/18/2013,SAN,CA,AWP,WE,Towers with Radar,413,66,23,0,502,2,0,6,1,9,415,66,29,1,511,0,0,0,511
01/19/2013,SAN,CA,AWP,WE,Towers with Radar,329,46,17,0,392,0,2,6,0,8,329,48,23,0,400,0,0,0,400
01/20/2013,SAN,CA,AWP,WE,Towers with Radar,365,59,12,0,436,4,1,5,0,10,369,60,17,0,446,0,0,0,446
01/21/2013,SAN,CA,AWP,WE,Towers with Radar,410,73,25,0,508,0,0,9,0,9,410,73,34,0,517,0,0,0,517
01/22/2013,SAN,CA,AWP,WE,Towers with Radar,383,72,16,0,471,1,0,0,0,1,384,72,16,0,472,0,0,0,472
01/23/2013,SAN,CA,AWP,WE,Towers with Radar,394,68,25,2,489,0,0,1,0,1,394,68,26,2,490,0,0,0,490
01/24/2013,SAN,CA,AWP,WE,Towers with Radar,411,71,21,0,503,0,0,0,1,1,411,71,21,1,504,0,0,0,504
01/25/2013,SAN,CA,AWP,WE,Towers with Radar,417,71,35,2,525,4,1,2,0,7,421,72,37,2,532,0,0,0,532
01/26/2013,SAN,CA,AWP,WE,Towers with Radar,344,42,21,0,407,0,0,0,0,0,344,42,21,0,407,0,0,0,407
01/27/2013,SAN,CA,AWP,WE,Towers with Radar,367,60,21,0,448,0,0,1,0,1,367,60,22,0,449,0,0,0,449
01/28/2013,SAN,CA,AWP,WE,Towers with Radar,406,82,15,0,503,2,0,0,1,3,408,82,15,1,506,0,0,0,506
01/29/2013,SAN,CA,AWP,WE,Towers with Radar,377,65,19,1,462,1,2,3,0,6,378,67,22,1,468,0,0,0,468
01/30/2013,SAN,CA,AWP,WE,Towers with Radar,389,67,31,0,487,0,1,5,2,8,389,68,36,2,495,0,0,0,495
01/31/2013,SAN,CA,AWP,WE,Towers with Radar,417,78,22,2,519,0,0,3,0,3,417,78,25,2,522,0,0,0,522
02/01/2013,SAN,CA,AWP,WE,Towers with Radar,413,71,21,1,506,1,1,5,0,7,414,72,26,1,513,0,0,0,513
02/02/2013,SAN,CA,AWP,WE,Towers with Radar,329,40,19,2,390,4,1,5,0,10,333,41,24,2,400,0,0,0,400
02/03/2013,SAN,CA,AWP,WE,Towers with Radar,373,65,20,0,458,2,0,2,0,4,375,65,22,0,462,0,0,0,462
02/04/2013,SAN,CA,AWP,WE,Towers with Radar,411,54,26,1,492,0,0,0,0,0,411,54,26,1,492,0,0,0,492
02/05/2013,SAN,CA,AWP,WE,Towers with Radar,388,76,35,4,503,0,3,1,0,4,388,79,36,4,507,0,0,0,507
02/06/2013,SAN,CA,AWP,WE,Towers with Radar,396,68,19,0,483,0,0,2,0,2,396,68,21,0,485,0,0,0,485
02/07/2013,SAN,CA,AWP,WE,Towers with Radar,413,65,19,0,497,0,0,1,0,1,413,65,20,0,498,0,0,0,498
02/08/2013,SAN,CA,AWP,WE,Towers with Radar,401,65,18,0,484,3,0,0,0,3,404,65,18,0,487,0,0,0,487
02/09/2013,SAN,CA,AWP,WE,Towers with Radar,328,39,11,0,378,0,0,2,0,2,328,39,13,0,380,0,0,0,380
02/10/2013,SAN,CA,AWP,WE,Towers with Radar,382,54,12,0,448,2,0,2,0,4,384,54,14,0,452,0,0,0,452
02/11/2013,SAN,CA,AWP,WE,Towers with Radar,407,65,36,0,508,0,1,5,0,6,407,66,41,0,514,0,0,0,514
02/12/2013,SAN,CA,AWP,WE,Towers with Radar,373,66,30,0,469,1,0,3,0,4,374,66,33,0,473,0,0,0,473
02/13/2013,SAN,CA,AWP,WE,Towers with Radar,398,72,23,0,493,0,0,5,0,5,398,72,28,0,498,0,0,0,498
02/14/2013,SAN,CA,AWP,WE,Towers with Radar,439,86,20,0,545,1,1,1,0,3,440,87,21,0,548,0,0,0,548
02/15/2013,SAN,CA,AWP,WE,Towers with Radar,448,81,23,1,553,0,1,3,0,4,448,82,26,1,557,0,0,0,557
02/16/2013,SAN,CA,AWP,WE,Towers with Radar,344,52,11,0,407,1,0,7,0,8,345,52,18,0,415,0,0,0,415
02/17/2013,SAN,CA,AWP,WE,Towers with Radar,395,47,15,2,459,3,1,3,0,7,398,48,18,2,466,0,0,0,466
02/18/2013,SAN,CA,AWP,WE,Towers with Radar,430,72,20,1,523,0,1,4,0,5,430,73,24,1,528,0,0,0,528
02/19/2013,SAN,CA,AWP,WE,Towers with Radar,400,71,30,0,501,1,1,1,0,3,401,72,31,0,504,0,0,0,504
02/20/2013,SAN,CA,AWP,WE,Towers with Radar,421,59,26,0,506,0,0,2,0,2,421,59,28,0,508,0,0,0,508
02/21/2013,SAN,CA,AWP,WE,Towers with Radar,431,67,19,0,517,2,0,2,0,4,433,67,21,0,521,0,0,0,521
02/22/2013,SAN,CA,AWP,WE,Towers with Radar,428,67,19,4,518,0,0,2,0,2,428,67,21,4,520,0,0,0,520
02/23/2013,SAN,CA,AWP,WE,Towers with Radar,345,36,18,1,400,2,0,1,0,3,347,36,19,1,403,0,0,0,403
02/24/2013,SAN,CA,AWP,WE,Towers with Radar,395,51,19,0,465,0,0,11,1,12,395,51,30,1,477,0,0,0,477
02/25/2013,SAN,CA,AWP,WE,Towers with Radar,429,71,18,5,523,0,0,5,0,5,429,71,23,5,528,0,0,0,528
02/26/2013,SAN,CA,AWP,WE,Towers with Radar,390,64,16,1,471,0,0,1,7,8,390,64,17,8,479,0,0,0,479
02/27/2013,SAN,CA,AWP,WE,Towers with Radar,407,70,23,0,500,2,0,0,0,2,409,70,23,0,502,0,0,0,502
02/28/2013,SAN,CA,AWP,WE,Towers with Radar,425,74,24,2,525,1,0,0,0,1,426,74,24,2,526,0,0,0,526
03/01/2013,SAN,CA,AWP,WE,Towers with Radar,430,60,25,0,515,0,1,8,2,11,430,61,33,2,526,0,0,0,526
03/02/2013,SAN,CA,AWP,WE,Towers with Radar,359,46,6,0,411,3,0,5,0,8,362,46,11,0,419,0,0,0,419
03/03/2013,SAN,CA,AWP,WE,Towers with Radar,403,54,19,0,476,2,0,8,0,10,405,54,27,0,486,0,0,0,486
03/04/2013,SAN,CA,AWP,WE,Towers with Radar,422,59,27,3,511,0,0,3,0,3,422,59,30,3,514,0,0,0,514
03/05/2013,SAN,CA,AWP,WE,Towers with Radar,398,62,29,2,491,2,0,0,0,2,400,62,29,2,493,0,0,0,493
03/06/2013,SAN,CA,AWP,WE,Towers with Radar,408,69,22,2,501,0,0,2,0,2,408,69,24,2,503,0,0,0,503
03/07/2013,SAN,CA,AWP,WE,Towers with Radar,429,83,26,3,541,2,0,2,0,4,431,83,28,3,545,0,0,0,545
03/08/2013,SAN,CA,AWP,WE,Towers with Radar,429,64,11,2,506,0,1,0,1,2,429,65,11,3,508,0,0,0,508
03/09/2013,SAN,CA,AWP,WE,Towers with Radar,365,43,11,0,419,1,0,8,0,9,366,43,19,0,428,0,0,0,428
03/10/2013,SAN,CA,AWP,WE,Towers with Radar,416,51,11,0,478,2,0,0,0,2,418,51,11,0,480,0,0,0,480
03/11/2013,SAN,CA,AWP,WE,Towers with Radar,441,66,24,0,531,0,1,0,0,1,441,67,24,0,532,0,0,0,532
03/12/2013,SAN,CA,AWP,WE,Towers with Radar,417,61,19,0,497,3,0,5,2,10,420,61,24,2,507,0,0,0,507
03/13/2013,SAN,CA,AWP,WE,Towers with Radar,393,72,22,0,487,0,0,2,2,4,393,72,24,2,491,0,0,0,491
03/14/2013,SAN,CA,AWP,WE,Towers with Radar,474,61,26,1,562,0,0,1,0,1,474,61,27,1,563,0,0,0,563
03/15/2013,SAN,CA,AWP,WE,Towers with Radar,461,68,33,0,562,4,0,2,0,6,465,68,35,0,568,0,0,0,568
03/16/2013,SAN,CA,AWP,WE,Towers with Radar,381,47,18,0,446,0,0,3,0,3,381,47,21,0,449,0,0,0,449
03/17/2013,SAN,CA,AWP,WE,Towers with Radar,413,59,30,0,502,0,0,2,0,2,413,59,32,0,504,0,0,0,504
03/18/2013,SAN,CA,AWP,WE,Towers with Radar,432,69,22,2,525,4,0,2,0,6,436,69,24,2,531,0,0,0,531
03/19/2013,SAN,CA,AWP,WE,Towers with Radar,430,69,28,2,529,0,0,0,0,0,430,69,28,2,529,0,0,0,529
03/20/2013,SAN,CA,AWP,WE,Towers with Radar,437,67,45,0,549,3,0,8,0,11,440,67,53,0,560,0,0,0,560
03/21/2013,SAN,CA,AWP,WE,Towers with Radar,453,69,32,1,555,0,0,4,0,4,453,69,36,1,559,0,0,0,559
03/22/2013,SAN,CA,AWP,WE,Towers with Radar,443,80,18,2,543,2,0,8,0,10,445,80,26,2,553,0,0,0,553
03/23/2013,SAN,CA,AWP,WE,Towers with Radar,376,59,11,0,446,4,1,3,1,9,380,60,14,1,455,0,0,0,455
03/24/2013,SAN,CA,AWP,WE,Towers with Radar,421,66,13,0,500,2,1,1,0,4,423,67,14,0,504,0,0,0,504
03/25/2013,SAN,CA,AWP,WE,Towers with Radar,442,78,12,0,532,0,0,4,1,5,442,78,16,1,537,0,0,0,537
03/26/2013,SAN,CA,AWP,WE,Towers with Radar,424,68,15,0,507,2,1,3,2,8,426,69,18,2,515,0,0,0,515
03/27/2013,SAN,CA,AWP,WE,Towers with Radar,426,81,28,2,537,3,0,10,2,15,429,81,38,4,552,0,0,0,552
03/28/2013,SAN,CA,AWP,WE,Towers with Radar,441,77,16,0,534,1,1,10,0,12,442,78,26,0,546,0,0,0,546
03/29/2013,SAN,CA,AWP,WE,Towers with Radar,451,63,19,1,534,0,0,2,0,2,451,63,21,1,536,0,0,0,536
03/30/2013,SAN,CA,AWP,WE,Towers with Radar,375,42,12,2,431,3,0,7,0,10,378,42,19,2,441,0,0,0,441
03/31/2013,SAN,CA,AWP,WE,Towers with Radar,418,56,27,2,503,0,0,3,0,3,418,56,30,2,506,0,0,0,506
04/01/2013,SAN,CA,AWP,WE,Towers with Radar,431,74,28,0,533,2,1,4,0,7,433,75,32,0,540,0,0,0,540
04/02/2013,SAN,CA,AWP,WE,Towers with Radar,443,57,12,2,514,0,2,4,2,8,443,59,16,4,522,0,0,0,522
04/03/2013,SAN,CA,AWP,WE,Towers with Radar,445,65,21,2,533,2,0,7,0,9,447,65,28,2,542,0,0,0,542
04/04/2013,SAN,CA,AWP,WE,Towers with Radar,447,65,20,1,533,2,0,4,0,6,449,65,24,1,539,0,0,0,539
04/05/2013,SAN,CA,AWP,WE,Towers with Radar,444,71,19,2,536,2,0,0,0,2,446,71,19,2,538,0,0,0,538
04/06/2013,SAN,CA,AWP,WE,Towers with Radar,382,40,20,0,442,0,0,2,0,2,382,40,22,0,444,0,0,0,444
04/07/2013,SAN,CA,AWP,WE,Towers with Radar,418,51,43,1,513,0,1,5,0,6,418,52,48,1,519,0,0,0,519
04/08/2013,SAN,CA,AWP,WE,Towers with Radar,429,57,18,0,504,0,0,3,0,3,429,57,21,0,507,0,0,0,507
04/09/2013,SAN,CA,AWP,WE,Towers with Radar,428,71,26,1,526,2,1,5,0,8,430,72,31,1,534,0,0,0,534
04/10/2013,SAN,CA,AWP,WE,Towers with Radar,445,63,36,0,544,0,0,5,0,5,445,63,41,0,549,0,0,0,549
04/11/2013,SAN,CA,AWP,WE,Towers with Radar,436,65,18,0,519,3,0,3,3,9,439,65,21,3,528,0,0,0,528
04/12/2013,SAN,CA,AWP,WE,Towers with Radar,446,69,36,0,551,0,1,6,0,7,446,70,42,0,558,0,0,0,558
04/13/2013,SAN,CA,AWP,WE,Towers with Radar,366,46,7,0,419,0,0,0,0,0,366,46,7,0,419,0,0,0,419
04/14/2013,SAN,CA,AWP,WE,Towers with Radar,421,57,29,0,507,3,1,0,0,4,424,58,29,0,511,0,0,0,511
04/15/2013,SAN,CA,AWP,WE,Towers with Radar,452,71,16,2,541,0,0,0,0,0,452,71,16,2,541,0,0,0,541
04/16/2013,SAN,CA,AWP,WE,Towers with Radar,424,61,22,0,507,0,0,7,0,7,424,61,29,0,514,0,0,0,514
04/17/2013,SAN,CA,AWP,WE,Towers with Radar,434,62,30,3,529,1,1,4,0,6,435,63,34,3,535,0,0,0,535
04/18/2013,SAN,CA,AWP,WE,Towers with Radar,434,79,34,2,549,0,0,4,0,4,434,79,38,2,553,0,0,0,553
04/19/2013,SAN,CA,AWP,WE,Towers with Radar,453,76,25,2,556,2,1,5,1,9,455,77,30,3,565,0,0,0,565
04/20/2013,SAN,CA,AWP,WE,Towers with Radar,365,42,16,0,423,2,0,7,0,9,367,42,23,0,432,0,0,0,432
04/21/2013,SAN,CA,AWP,WE,Towers with Radar,428,57,29,2,516,0,1,8,1,10,428,58,37,3,526,0,0,0,526
04/22/2013,SAN,CA,AWP,WE,Towers with Radar,437,66,23,0,526,3,1,1,0,5,440,67,24,0,531,0,0,0,531
04/23/2013,SAN,CA,AWP,WE,Towers with Radar,440,65,21,0,526,1,0,7,0,8,441,65,28,0,534,0,0,0,534
04/24/2013,SAN,CA,AWP,WE,Towers with Radar,437,74,26,0,537,2,0,2,1,5,439,74,28,1,542,0,0,0,542
04/25/2013,SAN,CA,AWP,WE,Towers with Radar,455,74,21,1,551,1,1,6,2,10,456,75,27,3,561,0,0,0,561
04/26/2013,SAN,CA,AWP,WE,Towers with Radar,446,79,35,1,561,0,0,1,0,1,446,79,36,1,562,0,0,0,562
04/27/2013,SAN,CA,AWP,WE,Towers with Radar,366,49,20,0,435,4,0,4,0,8,370,49,24,0,443,0,0,0,443
04/28/2013,SAN,CA,AWP,WE,Towers with Radar,427,59,21,0,507,1,0,2,2,5,428,59,23,2,512,0,0,0,512
04/29/2013,SAN,CA,AWP,WE,Towers with Radar,449,69,20,1,539,0,0,0,2,2,449,69,20,3,541,0,0,0,541
04/30/2013,SAN,CA,AWP,WE,Towers with Radar,437,70,22,0,529,1,1,0,0,2,438,71,22,0,531,0,0,0,531
05/01/2013,SAN,CA,AWP,WE,Towers with Radar,450,66,28,1,545,0,1,2,1,4,450,67,30,2,549,0,0,0,549
05/02/2013,SAN,CA,AWP,WE,Towers with Radar,458,69,30,0,557,0,6,3,1,10,458,75,33,1,567,0,0,0,567
05/03/2013,SAN,CA,AWP,WE,Towers with Radar,460,70,15,0,545,0,4,4,0,8,460,74,19,0,553,0,0,0,553
05/04/2013,SAN,CA,AWP,WE,Towers with Radar,356,51,6,2,415,5,5,3,0,13,361,56,9,2,428,0,0,0,428
05/05/2013,SAN,CA,AWP,WE,Towers with Radar,431,58,20,0,509,0,0,0,0,0,431,58,20,0,509,0,0,0,509
05/06/2013,SAN,CA,AWP,WE,Towers with Radar,483,67,12,0,562,3,0,1,1,5,486,67,13,1,567,0,0,0,567
05/07/2013,SAN,CA,AWP,WE,Towers with Radar,434,59,17,0,510,0,0,2,0,2,434,59,19,0,512,0,0,0,512
05/08/2013,SAN,CA,AWP,WE,Towers with Radar,454,67,23,1,545,0,1,0,0,1,454,68,23,1,546,0,0,0,546
05/09/2013,SAN,CA,AWP,WE,Towers with Radar,455,77,24,0,556,0,0,3,0,3,455,77,27,0,559,0,0,0,559
05/10/2013,SAN,CA,AWP,WE,Towers with Radar,460,64,28,2,554,4,4,2,0,10,464,68,30,2,564,0,0,0,564
05/11/2013,SAN,CA,AWP,WE,Towers with Radar,365,49,13,0,427,2,1,5,0,8,367,50,18,0,435,0,0,0,435
05/12/2013,SAN,CA,AWP,WE,Towers with Radar,431,52,19,1,503,0,3,1,0,4,431,55,20,1,507,0,0,0,507
05/13/2013,SAN,CA,AWP,WE,Towers with Radar,454,64,29,2,549,4,3,7,0,14,458,67,36,2,563,0,0,0,563
05/14/2013,SAN,CA,AWP,WE,Towers with Radar,443,61,40,2,546,0,1,9,0,10,443,62,49,2,556,0,0,0,556
05/15/2013,SAN,CA,AWP,WE,Towers with Radar,456,63,53,0,572,2,0,3,1,6,458,63,56,1,578,0,0,0,578
05/16/2013,SAN,CA,AWP,WE,Towers with Radar,454,88,40,4,586,0,0,0,1,1,454,88,40,5,587,0,0,0,587
05/17/2013,SAN,CA,AWP,WE,Towers with Radar,459,73,37,2,571,1,1,1,0,3,460,74,38,2,574,0,0,0,574
05/18/2013,SAN,CA,AWP,WE,Towers with Radar,365,50,10,0,425,0,2,8,1,11,365,52,18,1,436,0,0,0,436
05/19/2013,SAN,CA,AWP,WE,Towers with Radar,431,59,13,0,503,5,2,3,0,10,436,61,16,0,513,0,0,0,513
05/20/2013,SAN,CA,AWP,WE,Towers with Radar,457,71,14,4,546,0,4,1,0,5,457,75,15,4,551,0,0,0,551
05/21/2013,SAN,CA,AWP,WE,Towers with Radar,451,55,17,0,523,2,0,4,0,6,453,55,21,0,529,0,0,0,529
05/22/2013,SAN,CA,AWP,WE,Towers with Radar,455,59,12,0,526,0,0,2,1,3,455,59,14,1,529,0,0,0,529
05/23/2013,SAN,CA,AWP,WE,Towers with Radar,447,73,23,0,543,3,0,2,0,5,450,73,25,0,548,0,0,0,548
05/24/2013,SAN,CA,AWP,WE,Towers with Radar,467,65,28,2,562,0,4,5,0,9,467,69,33,2,571,0,0,0,571
05/25/2013,SAN,CA,AWP,WE,Towers with Radar,333,51,20,0,404,0,3,5,0,8,333,54,25,0,412,0,0,0,412
05/26/2013,SAN,CA,AWP,WE,Towers with Radar,346,40,14,0,400,1,1,5,0,7,347,41,19,0,407,0,0,0,407
05/27/2013,SAN,CA,AWP,WE,Towers with Radar,414,65,31,0,510,0,1,7,0,8,414,66,38,0,518,0,0,0,518
05/28/2013,SAN,CA,AWP,WE,Towers with Radar,438,65,16,2,521,2,1,4,0,7,440,66,20,2,528,0,0,0,528
05/29/2013,SAN,CA,AWP,WE,Towers with Radar,448,61,21,0,530,0,0,3,4,7,448,61,24,4,537,0,0,0,537
05/30/2013,SAN,CA,AWP,WE,Towers with Radar,452,65,15,0,532,2,0,3,1,6,454,65,18,1,538,0,0,0,538
05/31/2013,SAN,CA,AWP,WE,Towers with Radar,460,69,16,2,547,2,0,4,0,6,462,69,20,2,553,0,0,0,553
06/01/2013,SAN,CA,AWP,WE,Towers with Radar,373,44,10,1,428,0,2,3,2,7,373,46,13,3,435,0,0,0,435
06/02/2013,SAN,CA,AWP,WE,Towers with Radar,434,59,29,0,522,3,0,2,0,5,437,59,31,0,527,0,0,0,527
06/03/2013,SAN,CA,AWP,WE,Towers with Radar,453,63,18,3,537,2,2,1,1,6,455,65,19,4,543,0,0,0,543
06/04/2013,SAN,CA,AWP,WE,Towers with Radar,445,62,24,0,531,0,1,1,1,3,445,63,25,1,534,0,0,0,534
06/05/2013,SAN,CA,AWP,WE,Towers with Radar,449,75,47,0,571,1,1,4,0,6,450,76,51,0,577,0,0,0,577
06/06/2013,SAN,CA,AWP,WE,Towers with Radar,467,73,31,3,574,0,0,1,0,1,467,73,32,3,575,0,0,0,575
06/07/2013,SAN,CA,AWP,WE,Towers with Radar,455,69,21,2,547,5,0,1,0,6,460,69,22,2,553,0,0,0,553
06/08/2013,SAN,CA,AWP,WE,Towers with Radar,400,49,7,1,457,1,1,3,0,5,401,50,10,1,462,0,0,0,462
06/09/2013,SAN,CA,AWP,WE,Towers with Radar,432,59,12,0,503,5,2,2,0,9,437,61,14,0,512,0,0,0,512
06/10/2013,SAN,CA,AWP,WE,Towers with Radar,468,69,23,0,560,0,0,2,1,3,468,69,25,1,563,0,0,0,563
06/11/2013,SAN,CA,AWP,WE,Towers with Radar,472,62,16,0,550,2,1,4,2,9,474,63,20,2,559,0,0,0,559
06/12/2013,SAN,CA,AWP,WE,Towers with Radar,471,62,28,4,565,0,0,1,0,1,471,62,29,4,566,0,0,0,566
06/13/2013,SAN,CA,AWP,WE,Towers with Radar,467,71,21,0,559,3,0,5,1,9,470,71,26,1,568,0,0,0,568
06/14/2013,SAN,CA,AWP,WE,Towers with Radar,484,70,17,2,573,2,1,3,0,6,486,71,20,2,579,0,0,0,579
06/15/2013,SAN,CA,AWP,WE,Towers with Radar,423,53,6,0,482,0,0,8,0,8,423,53,14,0,490,0,0,0,490
06/16/2013,SAN,CA,AWP,WE,Towers with Radar,453,60,19,0,532,3,1,11,1,16,456,61,30,1,548,0,0,0,548
06/17/2013,SAN,CA,AWP,WE,Towers with Radar,461,69,26,2,558,3,1,5,0,9,464,70,31,2,567,0,0,0,567
06/18/2013,SAN,CA,AWP,WE,Towers with Radar,465,60,19,2,546,1,0,9,0,10,466,60,28,2,556,0,0,0,556
06/19/2013,SAN,CA,AWP,WE,Towers with Radar,487,70,21,2,580,1,0,2,1,4,488,70,23,3,584,0,0,0,584
06/20/2013,SAN,CA,AWP,WE,Towers with Radar,478,76,29,2,585,0,0,4,0,4,478,76,33,2,589,0,0,0,589
06/21/2013,SAN,CA,AWP,WE,Towers with Radar,457,73,26,2,558,2,3,3,0,8,459,76,29,2,566,0,0,0,566
06/22/2013,SAN,CA,AWP,WE,Towers with Radar,427,57,25,2,511,0,1,1,0,2,427,58,26,2,513,0,0,0,513
06/23/2013,SAN,CA,AWP,WE,Towers with Radar,455,65,16,0,536,3,2,3,0,8,458,67,19,0,544,0,0,0,544
06/24/2013,SAN,CA,AWP,WE,Towers with Radar,460,70,24,3,557,0,0,1,0,1,460,70,25,3,558,0,0,0,558
06/25/2013,SAN,CA,AWP,WE,Towers with Radar,467,62,17,2,548,3,1,3,1,8,470,63,20,3,556,0,0,0,556
06/26/2013,SAN,CA,AWP,WE,Towers with Radar,480,72,14,0,566,0,0,0,0,0,480,72,14,0,566,0,0,0,566
06/27/2013,SAN,CA,AWP,WE,Towers with Radar,463,79,16,0,558,2,0,8,1,11,465,79,24,1,569,0,0,0,569
06/28/2013,SAN,CA,AWP,WE,Towers with Radar,482,85,32,3,602,1,0,6,0,7,483,85,38,3,609,0,0,0,609
06/29/2013,SAN,CA,AWP,WE,Towers with Radar,426,54,4,0,484,3,1,4,1,9,429,55,8,1,493,0,0,0,493
06/30/2013,SAN,CA,AWP,WE,Towers with Radar,462,68,28,1,559,0,0,7,0,7,462,68,35,1,566,0,0,0,566
07/01/2013,SAN,CA,AWP,WE,Towers with Radar,472,66,23,1,562,2,1,1,1,5,474,67,24,2,567,0,0,0,567
07/02/2013,SAN,CA,AWP,WE,Towers with Radar,480,62,10,3,555,0,0,2,0,2,480,62,12,3,557,0,0,0,557
07/03/2013,SAN,CA,AWP,WE,Towers with Radar,469,74,26,3,572,3,1,1,1,6,472,75,27,4,578,0,0,0,578
07/04/2013,SAN,CA,AWP,WE,Towers with Radar,335,50,5,0,390,0,0,5,0,5,335,50,10,0,395,0,0,0,395
07/05/2013,SAN,CA,AWP,WE,Towers with Radar,406,58,12,6,482,3,0,2,2,7,409,58,14,8,489,0,0,0,489
07/06/2013,SAN,CA,AWP,WE,Towers with Radar,401,57,9,1,468,3,0,2,0,5,404,57,11,1,473,0,0,0,473
07/07/2013,SAN,CA,AWP,WE,Towers with Radar,445,62,39,1,547,1,1,5,0,7,446,63,44,1,554,0,0,0,554
07/08/2013,SAN,CA,AWP,WE,Towers with Radar,476,58,18,0,552,0,0,6,1,7,476,58,24,1,559,0,0,0,559
07/09/2013,SAN,CA,AWP,WE,Towers with Radar,461,59,12,2,534,3,2,2,0,7,464,61,14,2,541,0,0,0,541
07/10/2013,SAN,CA,AWP,WE,Towers with Radar,479,69,12,3,563,0,0,3,1,4,479,69,15,4,567,0,0,0,567
07/11/2013,SAN,CA,AWP,WE,Towers with Radar,494,64,22,0,580,2,0,0,0,2,496,64,22,0,582,0,0,0,582
07/12/2013,SAN,CA,AWP,WE,Towers with Radar,473,74,19,0,566,0,1,0,3,4,473,75,19,3,570,0,0,0,570
07/13/2013,SAN,CA,AWP,WE,Towers with Radar,421,49,18,0,488,5,2,3,1,11,426,51,21,1,499,0,0,0,499
07/14/2013,SAN,CA,AWP,WE,Towers with Radar,462,67,21,2,552,1,1,6,0,8,463,68,27,2,560,0,0,0,560
07/15/2013,SAN,CA,AWP,WE,Towers with Radar,473,71,28,3,575,0,1,3,0,4,473,72,31,3,579,0,0,0,579
07/16/2013,SAN,CA,AWP,WE,Towers with Radar,470,59,16,0,545,2,1,3,2,8,472,60,19,2,553,0,0,0,553
07/17/2013,SAN,CA,AWP,WE,Towers with Radar,479,74,34,0,587,1,3,3,2,9,480,77,37,2,596,0,0,0,596
07/18/2013,SAN,CA,AWP,WE,Towers with Radar,473,71,32,1,577,3,0,8,2,13,476,71,40,3,590,0,0,0,590
07/19/2013,SAN,CA,AWP,WE,Towers with Radar,476,79,43,1,599,2,2,2,1,7,478,81,45,2,606,0,0,0,606
07/20/2013,SAN,CA,AWP,WE,Towers with Radar,419,55,52,1,527,0,0,10,1,11,419,55,62,2,538,0,0,0,538
07/21/2013,SAN,CA,AWP,WE,Towers with Radar,457,60,43,1,561,1,2,7,0,10,458,62,50,1,571,0,0,0,571
07/22/2013,SAN,CA,AWP,WE,Towers with Radar,480,67,27,1,575,0,1,5,0,6,480,68,32,1,581,0,0,0,581
07/23/2013,SAN,CA,AWP,WE,Towers with Radar,468,70,21,6,565,4,2,9,0,15,472,72,30,6,580,2,0,2,582
07/24/2013,SAN,CA,AWP,WE,Towers with Radar,470,79,25,0,574,0,0,0,0,0,470,79,25,0,574,0,0,0,574
07/25/2013,SAN,CA,AWP,WE,Towers with Radar,477,82,20,1,580,2,1,4,0,7,479,83,24,1,587,0,0,0,587
07/26/2013,SAN,CA,AWP,WE,Towers with Radar,481,73,35,5,594,0,0,9,0,9,481,73,44,5,603,0,0,0,603
07/27/2013,SAN,CA,AWP,WE,Towers with Radar,414,58,16,0,488,4,0,2,0,6,418,58,18,0,494,0,0,0,494
07/28/2013,SAN,CA,AWP,WE,Towers with Radar,462,64,22,0,548,1,1,2,0,4,463,65,24,0,552,0,0,0,552
07/29/2013,SAN,CA,AWP,WE,Towers with Radar,464,58,21,1,544,2,0,5,1,8,466,58,26,2,552,0,0,0,552
07/30/2013,SAN,CA,AWP,WE,Towers with Radar,472,73,28,0,573,0,2,4,0,6,472,75,32,0,579,0,0,0,579
07/31/2013,SAN,CA,AWP,WE,Towers with Radar,482,64,26,2,574,2,1,3,0,6,484,65,29,2,580,0,0,0,580
08/01/2013,SAN,CA,AWP,WE,Towers with Radar,478,84,35,0,597,0,5,0,0,5,478,89,35,0,602,0,0,0,602
08/02/2013,SAN,CA,AWP,WE,Towers with Radar,470,73,21,0,564,3,0,9,0,12,473,73,30,0,576,0,0,0,576
08/03/2013,SAN,CA,AWP,WE,Towers with Radar,421,54,23,5,503,0,0,4,0,4,421,54,27,5,507,0,0,0,507
08/04/2013,SAN,CA,AWP,WE,Towers with Radar,467,66,44,1,578,2,2,6,1,11,469,68,50,2,589,0,0,0,589
08/05/2013,SAN,CA,AWP,WE,Towers with Radar,481,80,24,1,586,0,5,1,1,7,481,85,25,2,593,0,0,0,593
08/06/2013,SAN,CA,AWP,WE,Towers with Radar,469,68,30,1,568,4,1,3,0,8,473,69,33,1,576,0,0,0,576
08/07/2013,SAN,CA,AWP,WE,Towers with Radar,480,65,34,0,579,1,3,1,0,5,481,68,35,0,584,0,0,0,584
08/08/2013,SAN,CA,AWP,WE,Towers with Radar,478,70,29,1,578,1,1,6,1,9,479,71,35,2,587,0,0,0,587
08/09/2013,SAN,CA,AWP,WE,Towers with Radar,474,72,22,1,569,3,4,2,0,9,477,76,24,1,578,0,0,0,578
08/10/2013,SAN,CA,AWP,WE,Towers with Radar,423,46,22,0,491,0,1,0,0,1,423,47,22,0,492,0,0,0,492
08/11/2013,SAN,CA,AWP,WE,Towers with Radar,437,54,22,1,514,4,3,4,0,11,441,57,26,1,525,0,0,0,525
08/12/2013,SAN,CA,AWP,WE,Towers with Radar,468,77,16,1,562,2,0,3,1,6,470,77,19,2,568,0,0,0,568
08/13/2013,SAN,CA,AWP,WE,Towers with Radar,441,73,16,2,532,0,1,1,0,2,441,74,17,2,534,0,0,0,534
08/14/2013,SAN,CA,AWP,WE,Towers with Radar,466,86,24,0,576,4,0,0,0,4,470,86,24,0,580,0,0,0,580
08/15/2013,SAN,CA,AWP,WE,Towers with Radar,471,72,43,1,587,0,3,4,0,7,471,75,47,1,594,0,0,0,594
08/16/2013,SAN,CA,AWP,WE,Towers with Radar,458,87,34,1,580,4,2,0,0,6,462,89,34,1,586,0,0,0,586
08/17/2013,SAN,CA,AWP,WE,Towers with Radar,393,51,24,1,469,0,1,2,0,3,393,52,26,1,472,0,0,0,472
08/18/2013,SAN,CA,AWP,WE,Towers with Radar,423,73,35,2,533,4,1,4,1,10,427,74,39,3,543,0,0,0,543
08/19/2013,SAN,CA,AWP,WE,Towers with Radar,466,69,12,5,552,0,1,1,1,3,466,70,13,6,555,0,0,0,555
08/20/2013,SAN,CA,AWP,WE,Towers with Radar,438,67,19,3,527,3,2,2,0,7,441,69,21,3,534,0,0,0,534
08/21/2013,SAN,CA,AWP,WE,Towers with Radar,459,67,26,5,557,1,0,6,0,7,460,67,32,5,564,0,0,0,564
08/22/2013,SAN,CA,AWP,WE,Towers with Radar,454,70,38,0,562,0,3,3,0,6,454,73,41,0,568,0,0,0,568
08/23/2013,SAN,CA,AWP,WE,Towers with Radar,464,76,21,1,562,3,1,3,0,7,467,77,24,1,569,0,0,0,569
08/24/2013,SAN,CA,AWP,WE,Towers with Radar,381,46,16,1,444,0,2,1,0,3,381,48,17,1,447,0,0,0,447
08/25/2013,SAN,CA,AWP,WE,Towers with Radar,425,60,43,2,530,0,0,1,0,1,425,60,44,2,531,0,0,0,531
08/26/2013,SAN,CA,AWP,WE,Towers with Radar,447,68,17,4,536,4,2,4,1,11,451,70,21,5,547,0,0,0,547
08/27/2013,SAN,CA,AWP,WE,Towers with Radar,428,56,23,4,511,0,5,4,0,9,428,61,27,4,520,0,0,0,520
08/28/2013,SAN,CA,AWP,WE,Towers with Radar,437,63,18,1,519,1,1,4,3,9,438,64,22,4,528,0,0,0,528
08/29/2013,SAN,CA,AWP,WE,Towers with Radar,456,71,23,0,550,2,3,2,2,9,458,74,25,2,559,0,0,0,559
08/30/2013,SAN,CA,AWP,WE,Towers with Radar,453,74,23,0,550,1,3,8,1,13,454,77,31,1,563,0,0,0,563
08/31/2013,SAN,CA,AWP,WE,Towers with Radar,328,43,10,0,381,3,2,6,2,13,331,45,16,2,394,0,0,0,394
09/01/2013,SAN,CA,AWP,WE,Towers with Radar,330,31,17,0,378,1,1,5,1,8,331,32,22,1,386,0,1,1,387
09/02/2013,SAN,CA,AWP,WE,Towers with Radar,402,64,10,0,476,3,2,3,0,8,405,66,13,0,484,0,0,0,484
09/03/2013,SAN,CA,AWP,WE,Towers with Radar,420,60,20,0,500,0,1,2,0,3,420,61,22,0,503,0,0,0,503
09/04/2013,SAN,CA,AWP,WE,Towers with Radar,429,55,13,0,497,1,3,3,1,8,430,58,16,1,505,0,0,0,505
09/05/2013,SAN,CA,AWP,WE,Towers with Radar,435,69,11,2,517,0,1,4,0,5,435,70,15,2,522,0,0,0,522
09/06/2013,SAN,CA,AWP,WE,Towers with Radar,442,72,9,0,523,0,2,1,1,4,442,74,10,1,527,0,0,0,527
09/07/2013,SAN,CA,AWP,WE,Towers with Radar,349,39,11,0,399,6,2,4,0,12,355,41,15,0,411,0,0,0,411
09/08/2013,SAN,CA,AWP,WE,Towers with Radar,422,58,23,0,503,1,1,5,0,7,423,59,28,0,510,0,0,0,510
09/09/2013,SAN,CA,AWP,WE,Towers with Radar,431,52,30,1,514,1,4,2,0,7,432,56,32,1,521,0,0,0,521
09/10/2013,SAN,CA,AWP,WE,Towers with Radar,423,51,17,1,492,1,1,4,4,10,424,52,21,5,502,0,0,0,502
09/11/2013,SAN,CA,AWP,WE,Towers with Radar,424,57,25,2,508,1,3,1,1,6,425,60,26,3,514,0,0,0,514
09/12/2013,SAN,CA,AWP,WE,Towers with Radar,437,75,23,4,539,0,1,6,0,7,437,76,29,4,546,0,0,0,546
09/13/2013,SAN,CA,AWP,WE,Towers with Radar,448,66,23,2,539,2,2,3,0,7,450,68,26,2,546,0,0,0,546
09/14/2013,SAN,CA,AWP,WE,Towers with Radar,343,51,16,2,412,3,0,3,0,6,346,51,19,2,418,0,0,0,418
09/15/2013,SAN,CA,AWP,WE,Towers with Radar,418,54,16,0,488,0,1,5,0,6,418,55,21,0,494,0,0,0,494
09/16/2013,SAN,CA,AWP,WE,Towers with Radar,451,63,31,0,545,4,2,2,2,10,455,65,33,2,555,0,0,0,555
09/17/2013,SAN,CA,AWP,WE,Towers with Radar,415,55,12,3,485,0,1,10,0,11,415,56,22,3,496,0,0,0,496
09/18/2013,SAN,CA,AWP,WE,Towers with Radar,430,55,32,0,517,0,1,2,1,4,430,56,34,1,521,0,0,0,521
09/19/2013,SAN,CA,AWP,WE,Towers with Radar,441,82,51,2,576,0,0,3,1,4,441,82,54,3,580,0,0,0,580
09/20/2013,SAN,CA,AWP,WE,Towers with Radar,449,78,26,0,553,3,0,2,0,5,452,78,28,0,558,0,0,0,558
09/21/2013,SAN,CA,AWP,WE,Towers with Radar,349,47,13,0,409,0,2,1,0,3,349,49,14,0,412,0,0,0,412
09/22/2013,SAN,CA,AWP,WE,Towers with Radar,420,52,19,0,491,2,3,1,0,6,422,55,20,0,497,0,0,0,497
09/23/2013,SAN,CA,AWP,WE,Towers with Radar,441,63,20,1,525,1,1,4,0,6,442,64,24,1,531,0,0,0,531
09/24/2013,SAN,CA,AWP,WE,Towers with Radar,423,63,21,3,510,1,3,1,1,6,424,66,22,4,516,0,0,0,516
09/25/2013,SAN,CA,AWP,WE,Towers with Radar,433,59,20,7,519,1,0,3,0,4,434,59,23,7,523,0,0,0,523
09/26/2013,SAN,CA,AWP,WE,Towers with Radar,442,65,28,6,541,0,2,4,2,8,442,67,32,8,549,0,0,0,549
09/27/2013,SAN,CA,AWP,WE,Towers with Radar,442,65,19,0,526,2,4,3,0,9,444,69,22,0,535,1,0,1,536
09/28/2013,SAN,CA,AWP,WE,Towers with Radar,345,35,9,0,389,2,1,7,0,10,347,36,16,0,399,0,0,0,399
09/29/2013,SAN,CA,AWP,WE,Towers with Radar,415,73,27,0,515,1,2,8,1,12,416,75,35,1,527,0,0,0,527
09/30/2013,SAN,CA,AWP,WE,Towers with Radar,434,66,12,2,514,2,3,0,0,5,436,69,12,2,519,0,0,0,519
10/01/2013,SAN,CA,AWP,WE,Towers with Radar,423,51,27,0,501,0,2,1,0,3,423,53,28,0,504,0,0,0,504
10/02/2013,SAN,CA,AWP,WE,Towers with Radar,428,59,19,1,507,1,0,0,0,1,429,59,19,1,508,0,0,0,508
10/03/2013,SAN,CA,AWP,WE,Towers with Radar,442,73,34,0,549,0,0,1,1,2,442,73,35,1,551,0,0,0,551
10/04/2013,SAN,CA,AWP,WE,Towers with Radar,445,65,10,0,520,1,1,2,0,4,446,66,12,0,524,2,0,2,526
10/05/2013,SAN,CA,AWP,WE,Towers with Radar,339,41,18,0,398,2,2,5,1,10,341,43,23,1,408,0,0,0,408
10/06/2013,SAN,CA,AWP,WE,Towers with Radar,410,54,21,0,485,0,1,8,0,9,410,55,29,0,494,0,0,0,494
10/07/2013,SAN,CA,AWP,WE,Towers with Radar,436,61,17,0,514,3,1,2,0,6,439,62,19,0,520,0,0,0,520
10/08/2013,SAN,CA,AWP,WE,Towers with Radar,422,61,20,3,506,0,4,1,0,5,422,65,21,3,511,0,0,0,511
10/09/2013,SAN,CA,AWP,WE,Towers with Radar,434,65,22,0,521,0,0,3,0,3,434,65,25,0,524,0,0,0,524
10/10/2013,SAN,CA,AWP,WE,Towers with Radar,440,85,18,2,545,0,1,0,0,1,440,86,18,2,546,0,0,0,546
10/11/2013,SAN,CA,AWP,WE,Towers with Radar,439,72,27,1,539,3,2,2,1,8,442,74,29,2,547,0,0,0,547
10/12/2013,SAN,CA,AWP,WE,Towers with Radar,337,48,23,0,408,2,1,7,0,10,339,49,30,0,418,0,0,0,418
10/13/2013,SAN,CA,AWP,WE,Towers with Radar,405,62,19,0,486,4,2,13,0,19,409,64,32,0,505,0,0,0,505
10/14/2013,SAN,CA,AWP,WE,Towers with Radar,443,76,32,0,551,0,1,4,0,5,443,77,36,0,556,0,0,0,556
10/15/2013,SAN,CA,AWP,WE,Towers with Radar,430,57,16,0,503,1,4,0,0,5,431,61,16,0,508,0,0,0,508
10/16/2013,SAN,CA,AWP,WE,Towers with Radar,432,55,18,0,505,1,3,3,0,7,433,58,21,0,512,0,0,0,512
10/17/2013,SAN,CA,AWP,WE,Towers with Radar,448,77,39,0,564,1,4,5,3,13,449,81,44,3,577,0,0,0,577
10/18/2013,SAN,CA,AWP,WE,Towers with Radar,449,75,27,1,552,2,8,6,0,16,451,83,33,1,568,0,0,0,568
10/19/2013,SAN,CA,AWP,WE,Towers with Radar,342,40,20,1,403,1,1,7,0,9,343,41,27,1,412,0,0,0,412
10/20/2013,SAN,CA,AWP,WE,Towers with Radar,404,54,26,0,484,3,1,5,0,9,407,55,31,0,493,0,0,0,493
10/21/2013,SAN,CA,AWP,WE,Towers with Radar,435,59,13,0,507,1,2,1,0,4,436,61,14,0,511,0,0,0,511
10/22/2013,SAN,CA,AWP,WE,Towers with Radar,433,54,22,3,512,1,2,2,0,5,434,56,24,3,517,0,0,0,517
10/23/2013,SAN,CA,AWP,WE,Towers with Radar,432,60,16,3,511,0,0,2,1,3,432,60,18,4,514,0,0,0,514
10/24/2013,SAN,CA,AWP,WE,Towers with Radar,439,71,25,2,537,1,0,2,1,4,440,71,27,3,541,0,0,0,541
10/25/2013,SAN,CA,AWP,WE,Towers with Radar,442,70,20,3,535,1,1,4,0,6,443,71,24,3,541,0,0,0,541
10/26/2013,SAN,CA,AWP,WE,Towers with Radar,349,45,13,2,409,1,0,7,0,8,350,45,20,2,417,0,0,0,417
10/27/2013,SAN,CA,AWP,WE,Towers with Radar,400,62,19,0,481,3,0,3,1,7,403,62,22,1,488,0,0,0,488
10/28/2013,SAN,CA,AWP,WE,Towers with Radar,442,59,19,1,521,0,0,0,1,1,442,59,19,2,522,0,0,0,522
10/29/2013,SAN,CA,AWP,WE,Towers with Radar,417,53,21,0,491,1,1,0,1,3,418,54,21,1,494,0,0,0,494
10/30/2013,SAN,CA,AWP,WE,Towers with Radar,428,46,25,0,499,0,5,3,1,9,428,51,28,1,508,0,0,0,508
10/31/2013,SAN,CA,AWP,WE,Towers with Radar,410,55,23,0,488,2,4,6,0,12,412,59,29,0,500,2,0,2,502
11/01/2013,SAN,CA,AWP,WE,Towers with Radar,444,60,22,0,526,0,2,6,0,8,444,62,28,0,534,0,0,0,534
11/02/2013,SAN,CA,AWP,WE,Towers with Radar,345,42,19,0,406,0,1,2,0,3,345,43,21,0,409,0,0,0,409
11/03/2013,SAN,CA,AWP,WE,Towers with Radar,400,57,20,1,478,5,0,5,0,10,405,57,25,1,488,0,0,0,488
11/04/2013,SAN,CA,AWP,WE,Towers with Radar,429,61,22,1,513,2,0,1,1,4,431,61,23,2,517,0,0,0,517
11/05/2013,SAN,CA,AWP,WE,Towers with Radar,407,66,18,0,491,0,4,2,1,7,407,70,20,1,498,0,0,0,498
11/06/2013,SAN,CA,AWP,WE,Towers with Radar,426,55,21,1,503,1,2,1,0,4,427,57,22,1,507,0,0,0,507
11/07/2013,SAN,CA,AWP,WE,Towers with Radar,439,65,28,2,534,0,5,6,2,13,439,70,34,4,547,0,0,0,547
11/08/2013,SAN,CA,AWP,WE,Towers with Radar,392,61,21,4,478,4,2,3,2,11,396,63,24,6,489,0,0,0,489
11/09/2013,SAN,CA,AWP,WE,Towers with Radar,357,38,18,1,414,0,1,8,0,9,357,39,26,1,423,0,0,0,423
11/10/2013,SAN,CA,AWP,WE,Towers with Radar,401,59,20,2,482,3,1,8,1,13,404,60,28,3,495,0,0,0,495
11/11/2013,SAN,CA,AWP,WE,Towers with Radar,437,66,20,0,523,1,4,4,0,9,438,70,24,0,532,0,0,0,532
11/12/2013,SAN,CA,AWP,WE,Towers with Radar,410,60,18,0,488,0,3,2,0,5,410,63,20,0,493,0,0,0,493
11/13/2013,SAN,CA,AWP,WE,Towers with Radar,429,63,17,4,513,2,4,3,1,10,431,67,20,5,523,0,0,0,523
11/14/2013,SAN,CA,AWP,WE,Towers with Radar,359,51,13,0,423,0,1,3,0,4,359,52,16,0,427,0,0,0,427
11/15/2013,SAN,CA,AWP,WE,Towers with Radar,469,79,30,1,579,2,0,2,1,5,471,79,32,2,584,0,0,0,584
11/16/2013,SAN,CA,AWP,WE,Towers with Radar,348,51,24,2,425,2,2,6,0,10,350,53,30,2,435,0,0,0,435
11/17/2013,SAN,CA,AWP,WE,Towers with Radar,401,48,21,2,472,2,0,7,1,10,403,48,28,3,482,0,0,0,482
11/18/2013,SAN,CA,AWP,WE,Towers with Radar,434,60,17,3,514,0,0,0,3,3,434,60,17,6,517,0,0,0,517
11/19/2013,SAN,CA,AWP,WE,Towers with Radar,405,60,25,2,492,2,0,0,0,2,407,60,25,2,494,1,0,1,495
11/20/2013,SAN,CA,AWP,WE,Towers with Radar,425,69,25,1,520,0,1,2,1,4,425,70,27,2,524,0,0,0,524
11/21/2013,SAN,CA,AWP,WE,Towers with Radar,436,72,32,0,540,1,0,0,0,1,437,72,32,0,541,0,0,0,541
11/22/2013,SAN,CA,AWP,WE,Towers with Radar,438,67,26,0,531,1,0,3,0,4,439,67,29,0,535,0,0,0,535
11/23/2013,SAN,CA,AWP,WE,Towers with Radar,363,41,18,0,422,0,0,6,0,6,363,41,24,0,428,0,0,0,428
11/24/2013,SAN,CA,AWP,WE,Towers with Radar,392,51,15,0,458,3,2,4,0,9,395,53,19,0,467,0,0,0,467
11/25/2013,SAN,CA,AWP,WE,Towers with Radar,426,62,12,2,502,0,1,4,0,5,426,63,16,2,507,0,0,0,507
11/26/2013,SAN,CA,AWP,WE,Towers with Radar,436,59,30,0,525,1,3,7,1,12,437,62,37,1,537,0,0,0,537
11/27/2013,SAN,CA,AWP,WE,Towers with Radar,447,70,9,2,528,0,1,7,0,8,447,71,16,2,536,0,0,0,536
11/28/2013,SAN,CA,AWP,WE,Towers with Radar,285,23,5,0,313,4,3,5,0,12,289,26,10,0,325,0,0,0,325
11/29/2013,SAN,CA,AWP,WE,Towers with Radar,331,44,6,0,381,1,3,0,1,5,332,47,6,1,386,0,0,0,386
11/30/2013,SAN,CA,AWP,WE,Towers with Radar,419,64,21,0,504,2,2,8,0,12,421,66,29,0,516,0,0,0,516
12/01/2013,SAN,CA,AWP,WE,Towers with Radar,464,48,28,0,540,1,4,2,0,7,465,52,30,0,547,0,0,0,547
12/02/2013,SAN,CA,AWP,WE,Towers with Radar,453,65,11,3,532,0,2,1,0,3,453,67,12,3,535,2,0,2,537
12/03/2013,SAN,CA,AWP,WE,Towers with Radar,414,55,26,4,499,1,0,3,1,5,415,55,29,5,504,0,0,0,504
12/04/2013,SAN,CA,AWP,WE,Towers with Radar,405,52,25,6,488,1,0,6,0,7,406,52,31,6,495,0,0,0,495
12/05/2013,SAN,CA,AWP,WE,Towers with Radar,422,60,24,0,506,0,3,0,1,4,422,63,24,1,510,0,0,0,510
12/06/2013,SAN,CA,AWP,WE,Towers with Radar,407,64,15,1,487,0,3,1,0,4,407,67,16,1,491,0,0,0,491
12/07/2013,SAN,CA,AWP,WE,Towers with Radar,327,42,9,0,378,4,1,6,0,11,331,43,15,0,389,0,0,0,389
12/08/2013,SAN,CA,AWP,WE,Towers with Radar,368,57,32,0,457,3,0,5,0,8,371,57,37,0,465,0,0,0,465
12/09/2013,SAN,CA,AWP,WE,Towers with Radar,414,57,16,0,487,1,2,2,1,6,415,59,18,1,493,0,0,0,493
12/10/2013,SAN,CA,AWP,WE,Towers with Radar,393,64,17,2,476,1,4,4,1,10,394,68,21,3,486,0,0,0,486
12/11/2013,SAN,CA,AWP,WE,Towers with Radar,414,56,12,0,482,0,5,2,1,8,414,61,14,1,490,0,0,0,490
12/12/2013,SAN,CA,AWP,WE,Towers with Radar,432,63,23,1,519,1,5,0,1,7,433,68,23,2,526,0,0,0,526
12/13/2013,SAN,CA,AWP,WE,Towers with Radar,428,59,21,4,512,1,4,5,1,11,429,63,26,5,523,0,0,0,523
12/14/2013,SAN,CA,AWP,WE,Towers with Radar,332,37,9,0,378,1,3,2,2,8,333,40,11,2,386,0,0,0,386
12/15/2013,SAN,CA,AWP,WE,Towers with Radar,396,62,17,0,475,2,2,2,0,6,398,64,19,0,481,0,0,0,481
12/16/2013,SAN,CA,AWP,WE,Towers with Radar,420,63,13,0,496,1,5,2,1,9,421,68,15,1,505,0,0,0,505
12/17/2013,SAN,CA,AWP,WE,Towers with Radar,402,48,17,0,467,1,6,0,4,11,403,54,17,4,478,0,0,0,478
12/18/2013,SAN,CA,AWP,WE,Towers with Radar,413,58,18,3,492,0,2,1,1,4,413,60,19,4,496,0,0,0,496
12/19/2013,SAN,CA,AWP,WE,Towers with Radar,452,70,14,0,536,3,2,1,0,6,455,72,15,0,542,0,0,0,542
12/20/2013,SAN,CA,AWP,WE,Towers with Radar,462,68,9,1,540,3,3,4,1,11,465,71,13,2,551,0,0,0,551
12/21/2013,SAN,CA,AWP,WE,Towers with Radar,433,44,18,1,496,3,1,1,0,5,436,45,19,1,501,0,0,0,501
12/22/2013,SAN,CA,AWP,WE,Towers with Radar,430,50,13,0,493,1,2,1,0,4,431,52,14,0,497,0,0,0,497
12/23/2013,SAN,CA,AWP,WE,Towers with Radar,452,62,15,2,531,2,1,2,2,7,454,63,17,4,538,0,0,0,538
12/24/2013,SAN,CA,AWP,WE,Towers with Radar,363,45,3,0,411,1,3,2,0,6,364,48,5,0,417,0,0,0,417
12/25/2013,SAN,CA,AWP,WE,Towers with Radar,353,46,5,0,404,2,1,10,0,13,355,47,15,0,417,0,0,0,417
12/26/2013,SAN,CA,AWP,WE,Towers with Radar,462,80,16,0,558,3,5,4,1,13,465,85,20,1,571,0,0,0,571
12/27/2013,SAN,CA,AWP,WE,Towers with Radar,476,72,23,1,572,1,4,3,0,8,477,76,26,1,580,0,0,0,580
12/28/2013,SAN,CA,AWP,WE,Towers with Radar,430,48,10,0,488,3,4,2,0,9,433,52,12,0,497,0,0,0,497
12/29/2013,SAN,CA,AWP,WE,Towers with Radar,410,50,21,2,483,3,2,4,0,9,413,52,25,2,492,0,0,0,492
12/30/2013,SAN,CA,AWP,WE,Towers with Radar,443,58,12,0,513,2,3,7,1,13,445,61,19,1,526,0,0,0,526
12/31/2013,SAN,CA,AWP,WE,Towers with Radar,347,44,10,1,402,0,1,8,0,9,347,45,18,1,411,0,0,0,411
01/01/2014,SAN,CA,AWP,WE,Towers with Radar,377,48,10,0,435,3,1,6,1,11,380,49,16,1,446,0,0,0,446
01/02/2014,SAN,CA,AWP,WE,Towers with Radar,399,66,18,0,483,0,3,4,0,7,399,69,22,0,490,0,0,0,490
01/03/2014,SAN,CA,AWP,WE,Towers with Radar,435,67,21,2,525,4,4,2,0,10,439,71,23,2,535,0,0,0,535
01/04/2014,SAN,CA,AWP,WE,Towers with Radar,372,39,20,1,432,5,2,4,0,11,377,41,24,1,443,0,0,0,443
01/05/2014,SAN,CA,AWP,WE,Towers with Radar,410,54,29,0,493,1,2,3,0,6,411,56,32,0,499,0,0,0,499
01/06/2014,SAN,CA,AWP,WE,Towers with Radar,429,62,26,2,519,0,1,2,1,4,429,63,28,3,523,0,0,0,523
01/07/2014,SAN,CA,AWP,WE,Towers with Radar,347,55,8,0,410,2,3,4,3,12,349,58,12,3,422,0,0,0,422
01/08/2014,SAN,CA,AWP,WE,Towers with Radar,418,57,17,2,494,1,1,2,0,4,419,58,19,2,498,0,0,0,498
01/09/2014,SAN,CA,AWP,WE,Towers with Radar,426,53,27,1,507,0,3,2,2,7,426,56,29,3,514,0,0,0,514
01/10/2014,SAN,CA,AWP,WE,Towers with Radar,426,60,13,0,499,2,4,2,0,8,428,64,15,0,507,0,0,0,507
01/11/2014,SAN,CA,AWP,WE,Towers with Radar,343,39,15,2,399,3,2,3,0,8,346,41,18,2,407,0,0,0,407
01/12/2014,SAN,CA,AWP,WE,Towers with Radar,386,39,14,0,439,3,3,2,0,8,389,42,16,0,447,0,0,0,447
01/13/2014,SAN,CA,AWP,WE,Towers with Radar,419,49,23,7,498,0,1,0,2,3,419,50,23,9,501,0,0,0,501
01/14/2014,SAN,CA,AWP,WE,Towers with Radar,396,48,18,1,463,0,5,1,0,6,396,53,19,1,469,0,0,0,469
01/15/2014,SAN,CA,AWP,WE,Towers with Radar,407,46,24,1,478,2,3,9,0,14,409,49,33,1,492,0,0,0,492
01/16/2014,SAN,CA,AWP,WE,Towers with Radar,428,56,29,0,513,0,6,35,3,44,428,62,64,3,557,0,0,0,557
01/17/2014,SAN,CA,AWP,WE,Towers with Radar,424,74,29,2,529,4,5,8,1,18,428,79,37,3,547,0,0,0,547
01/18/2014,SAN,CA,AWP,WE,Towers with Radar,328,43,15,0,386,3,4,0,0,7,331,47,15,0,393,0,0,0,393
01/19/2014,SAN,CA,AWP,WE,Towers with Radar,378,47,18,0,443,0,2,3,0,5,378,49,21,0,448,0,0,0,448
01/20/2014,SAN,CA,AWP,WE,Towers with Radar,423,70,24,0,517,2,4,2,0,8,425,74,26,0,525,0,0,0,525
01/21/2014,SAN,CA,AWP,WE,Towers with Radar,389,53,13,3,458,1,5,1,0,7,390,58,14,3,465,0,0,0,465
01/22/2014,SAN,CA,AWP,WE,Towers with Radar,398,63,26,0,487,0,1,3,2,6,398,64,29,2,493,0,0,0,493
01/23/2014,SAN,CA,AWP,WE,Towers with Radar,440,60,36,2,538,1,4,5,0,10,441,64,41,2,548,0,0,0,548
01/24/2014,SAN,CA,AWP,WE,Towers with Radar,435,65,14,1,515,0,1,4,0,5,435,66,18,1,520,0,0,0,520
01/25/2014,SAN,CA,AWP,WE,Towers with Radar,335,41,10,0,386,2,2,9,0,13,337,43,19,0,399,0,0,0,399
01/26/2014,SAN,CA,AWP,WE,Towers with Radar,387,59,32,0,478,4,1,4,0,9,391,60,36,0,487,0,0,0,487
01/27/2014,SAN,CA,AWP,WE,Towers with Radar,410,70,26,2,508,0,2,3,0,5,410,72,29,2,513,0,0,0,513
01/28/2014,SAN,CA,AWP,WE,Towers with Radar,394,60,26,3,483,2,1,1,0,4,396,61,27,3,487,0,0,0,487
01/29/2014,SAN,CA,AWP,WE,Towers with Radar,385,59,23,2,469,0,2,1,0,3,385,61,24,2,472,0,0,0,472
01/30/2014,SAN,CA,AWP,WE,Towers with Radar,425,59,33,2,519,2,0,0,0,2,427,59,33,2,521,0,0,0,521
01/31/2014,SAN,CA,AWP,WE,Towers with Radar,425,61,18,0,504,1,0,2,1,4,426,61,20,1,508,0,0,0,508
02/01/2014,SAN,CA,AWP,WE,Towers with Radar,326,51,12,0,389,2,1,4,0,7,328,52,16,0,396,0,0,0,396
02/02/2014,SAN,CA,AWP,WE,Towers with Radar,354,48,18,0,420,0,0,3,0,3,354,48,21,0,423,0,0,0,423
02/03/2014,SAN,CA,AWP,WE,Towers with Radar,411,67,33,0,511,2,3,3,1,9,413,70,36,1,520,0,0,0,520
02/04/2014,SAN,CA,AWP,WE,Towers with Radar,392,62,35,0,489,0,0,2,0,2,392,62,37,0,491,0,0,0,491
02/05/2014,SAN,CA,AWP,WE,Towers with Radar,395,54,20,1,470,0,0,2,3,5,395,54,22,4,475,0,0,0,475
02/06/2014,SAN,CA,AWP,WE,Towers with Radar,414,64,14,1,493,2,0,0,0,2,416,64,14,1,495,0,0,0,495
02/07/2014,SAN,CA,AWP,WE,Towers with Radar,419,71,37,0,527,0,0,0,1,1,419,71,37,1,528,0,0,0,528
02/08/2014,SAN,CA,AWP,WE,Towers with Radar,321,41,12,2,376,3,1,7,0,11,324,42,19,2,387,0,0,0,387
02/09/2014,SAN,CA,AWP,WE,Towers with Radar,363,53,25,4,445,1,0,3,0,4,364,53,28,4,449,0,0,0,449
02/10/2014,SAN,CA,AWP,WE,Towers with Radar,414,63,14,0,491,1,1,5,0,7,415,64,19,0,498,0,0,0,498
02/11/2014,SAN,CA,AWP,WE,Towers with Radar,399,61,21,4,485,0,1,5,1,7,399,62,26,5,492,0,0,0,492
02/12/2014,SAN,CA,AWP,WE,Towers with Radar,388,55,21,2,466,0,4,5,1,10,388,59,26,3,476,0,0,0,476
02/13/2014,SAN,CA,AWP,WE,Towers with Radar,413,77,28,0,518,2,2,6,1,11,415,79,34,1,529,0,0,0,529
02/14/2014,SAN,CA,AWP,WE,Towers with Radar,431,65,21,1,518,2,2,8,0,12,433,67,29,1,530,0,0,0,530
02/15/2014,SAN,CA,AWP,WE,Towers with Radar,337,36,18,1,392,2,2,8,1,13,339,38,26,2,405,0,0,0,405
02/16/2014,SAN,CA,AWP,WE,Towers with Radar,396,51,19,0,466,0,2,19,1,22,396,53,38,1,488,0,0,0,488
02/17/2014,SAN,CA,AWP,WE,Towers with Radar,431,61,17,0,509,1,0,3,0,4,432,61,20,0,513,0,0,0,513
02/18/2014,SAN,CA,AWP,WE,Towers with Radar,421,58,25,0,504,0,3,1,0,4,421,61,26,0,508,0,0,0,508
02/19/2014,SAN,CA,AWP,WE,Towers with Radar,431,68,19,0,518,0,0,1,0,1,431,68,20,0,519,0,0,0,519
02/20/2014,SAN,CA,AWP,WE,Towers with Radar,433,66,13,0,512,2,3,2,2,9,435,69,15,2,521,0,0,0,521
02/21/2014,SAN,CA,AWP,WE,Towers with Radar,435,61,24,2,522,3,4,5,1,13,438,65,29,3,535,0,0,0,535
02/22/2014,SAN,CA,AWP,WE,Towers with Radar,348,42,24,2,416,3,2,7,1,13,351,44,31,3,429,0,0,0,429
02/23/2014,SAN,CA,AWP,WE,Towers with Radar,395,54,34,2,485,2,0,9,0,11,397,54,43,2,496,0,0,0,496
02/24/2014,SAN,CA,AWP,WE,Towers with Radar,424,60,28,0,512,2,1,2,2,7,426,61,30,2,519,0,0,0,519
02/25/2014,SAN,CA,AWP,WE,Towers with Radar,420,64,32,2,518,0,0,4,0,4,420,64,36,2,522,0,0,0,522
02/26/2014,SAN,CA,AWP,WE,Towers with Radar,418,73,28,0,519,0,0,3,2,5,418,73,31,2,524,0,0,0,524
02/27/2014,SAN,CA,AWP,WE,Towers with Radar,441,75,28,0,544,2,1,0,0,3,443,76,28,0,547,0,0,0,547
02/28/2014,SAN,CA,AWP,WE,Towers with Radar,427,66,19,7,519,4,0,0,0,4,431,66,19,7,523,0,0,0,523
03/01/2014,SAN,CA,AWP,WE,Towers with Radar,344,33,7,1,385,0,0,2,0,2,344,33,9,1,387,0,0,0,387
03/02/2014,SAN,CA,AWP,WE,Towers with Radar,403,58,24,0,485,0,0,3,2,5,403,58,27,2,490,0,0,0,490
03/03/2014,SAN,CA,AWP,WE,Towers with Radar,434,76,12,0,522,1,1,0,0,2,435,77,12,0,524,0,0,0,524
03/04/2014,SAN,CA,AWP,WE,Towers with Radar,414,56,18,2,490,2,3,9,1,15,416,59,27,3,505,0,0,0,505
03/05/2014,SAN,CA,AWP,WE,Towers with Radar,432,52,32,0,516,0,1,4,0,5,432,53,36,0,521,0,0,0,521
03/06/2014,SAN,CA,AWP,WE,Towers with Radar,439,71,26,0,536,0,0,4,1,5,439,71,30,1,541,0,0,0,541
03/07/2014,SAN,CA,AWP,WE,Towers with Radar,438,69,14,1,522,4,2,6,0,12,442,71,20,1,534,0,0,0,534
03/08/2014,SAN,CA,AWP,WE,Towers with Radar,386,46,15,0,447,0,0,7,1,8,386,46,22,1,455,0,0,0,455
03/09/2014,SAN,CA,AWP,WE,Towers with Radar,416,61,15,0,492,1,3,4,0,8,417,64,19,0,500,0,0,0,500
03/10/2014,SAN,CA,AWP,WE,Towers with Radar,438,65,15,2,520,0,0,7,0,7,438,65,22,2,527,0,0,0,527
03/11/2014,SAN,CA,AWP,WE,Towers with Radar,427,75,15,1,518,0,2,3,1,6,427,77,18,2,524,0,0,0,524
03/12/2014,SAN,CA,AWP,WE,Towers with Radar,441,63,27,4,535,2,1,6,0,9,443,64,33,4,544,0,0,0,544
03/13/2014,SAN,CA,AWP,WE,Towers with Radar,446,70,26,2,544,0,3,4,1,8,446,73,30,3,552,0,0,0,552
03/14/2014,SAN,CA,AWP,WE,Towers with Radar,445,79,21,0,545,1,1,5,1,8,446,80,26,1,553,0,0,0,553
03/15/2014,SAN,CA,AWP,WE,Towers with Radar,387,61,10,0,458,3,2,0,0,5,390,63,10,0,463,0,0,0,463
03/16/2014,SAN,CA,AWP,WE,Towers with Radar,416,50,27,0,493,0,1,6,0,7,416,51,33,0,500,0,0,0,500
03/17/2014,SAN,CA,AWP,WE,Towers with Radar,442,69,21,1,533,2,2,5,0,9,444,71,26,1,542,0,0,0,542
03/18/2014,SAN,CA,AWP,WE,Towers with Radar,445,66,33,0,544,0,3,5,2,10,445,69,38,2,554,0,0,0,554
03/19/2014,SAN,CA,AWP,WE,Towers with Radar,446,68,22,1,537,4,2,5,0,11,450,70,27,1,548,0,0,0,548
03/20/2014,SAN,CA,AWP,WE,Towers with Radar,464,75,20,3,562,0,2,2,0,4,464,77,22,3,566,0,0,0,566
03/21/2014,SAN,CA,AWP,WE,Towers with Radar,448,81,37,1,567,2,0,5,0,7,450,81,42,1,574,0,0,0,574
03/22/2014,SAN,CA,AWP,WE,Towers with Radar,381,59,27,2,469,1,0,0,0,1,382,59,27,2,470,0,0,0,470
03/23/2014,SAN,CA,AWP,WE,Towers with Radar,414,70,32,0,516,0,0,1,0,1,414,70,33,0,517,0,0,0,517
03/24/2014,SAN,CA,AWP,WE,Towers with Radar,436,65,21,0,522,4,1,0,0,5,440,66,21,0,527,0,0,0,527
03/25/2014,SAN,CA,AWP,WE,Towers with Radar,429,66,26,0,521,0,0,2,0,2,429,66,28,0,523,0,0,0,523
03/26/2014,SAN,CA,AWP,WE,Towers with Radar,438,60,27,0,525,3,0,1,0,4,441,60,28,0,529,0,0,0,529
03/27/2014,SAN,CA,AWP,WE,Towers with Radar,448,89,26,0,563,1,0,0,0,1,449,89,26,0,564,0,0,0,564
03/28/2014,SAN,CA,AWP,WE,Towers with Radar,442,71,18,3,534,3,2,7,0,12,445,73,25,3,546,0,0,0,546
03/29/2014,SAN,CA,AWP,WE,Towers with Radar,382,46,19,0,447,0,0,2,0,2,382,46,21,0,449,0,0,0,449
03/30/2014,SAN,CA,AWP,WE,Towers with Radar,411,72,29,0,512,3,1,4,3,11,414,73,33,3,523,0,0,0,523
03/31/2014,SAN,CA,AWP,WE,Towers with Radar,436,67,15,0,518,1,0,2,0,3,437,67,17,0,521,0,0,0,521
04/01/2014,SAN,CA,AWP,WE,Towers with Radar,425,57,18,0,500,2,3,2,0,7,427,60,20,0,507,0,0,0,507
04/02/2014,SAN,CA,AWP,WE,Towers with Radar,423,59,24,0,506,0,0,1,0,1,423,59,25,0,507,0,0,0,507
04/03/2014,SAN,CA,AWP,WE,Towers with Radar,435,57,17,0,509,3,3,6,2,14,438,60,23,2,523,0,0,0,523
04/04/2014,SAN,CA,AWP,WE,Towers with Radar,448,56,12,0,516,1,3,5,0,9,449,59,17,0,525,0,0,0,525
04/05/2014,SAN,CA,AWP,WE,Towers with Radar,373,38,19,0,430,2,0,1,1,4,375,38,20,1,434,0,0,0,434
04/06/2014,SAN,CA,AWP,WE,Towers with Radar,423,57,31,0,511,0,1,4,0,5,423,58,35,0,516,0,0,0,516
04/07/2014,SAN,CA,AWP,WE,Towers with Radar,438,73,11,0,522,2,0,8,0,10,440,73,19,0,532,0,0,0,532
04/08/2014,SAN,CA,AWP,WE,Towers with Radar,439,57,12,0,508,0,4,0,0,4,439,61,12,0,512,0,0,0,512
04/09/2014,SAN,CA,AWP,WE,Towers with Radar,450,76,22,2,550,0,2,9,1,12,450,78,31,3,562,0,0,0,562
04/10/2014,SAN,CA,AWP,WE,Towers with Radar,454,62,18,1,535,2,3,12,0,17,456,65,30,1,552,0,0,0,552
04/11/2014,SAN,CA,AWP,WE,Towers with Radar,456,73,22,0,551,2,1,10,0,13,458,74,32,0,564,0,0,0,564
04/12/2014,SAN,CA,AWP,WE,Towers with Radar,361,46,11,0,418,2,0,4,1,7,363,46,15,1,425,0,0,0,425
04/13/2014,SAN,CA,AWP,WE,Towers with Radar,419,45,21,0,485,1,1,0,0,2,420,46,21,0,487,0,0,0,487
04/14/2014,SAN,CA,AWP,WE,Towers with Radar,457,66,14,0,537,3,4,4,0,11,460,70,18,0,548,0,0,0,548
04/15/2014,SAN,CA,AWP,WE,Towers with Radar,428,55,17,2,502,1,1,2,1,5,429,56,19,3,507,0,0,0,507
04/16/2014,SAN,CA,AWP,WE,Towers with Radar,440,59,18,0,517,1,0,1,1,3,441,59,19,1,520,0,0,0,520
04/17/2014,SAN,CA,AWP,WE,Towers with Radar,456,62,23,2,543,1,0,3,1,5,457,62,26,3,548,0,0,0,548
04/18/2014,SAN,CA,AWP,WE,Towers with Radar,453,64,17,2,536,3,1,6,0,10,456,65,23,2,546,0,0,0,546
04/19/2014,SAN,CA,AWP,WE,Towers with Radar,355,38,13,4,410,2,0,6,1,9,357,38,19,5,419,0,0,0,419
04/20/2014,SAN,CA,AWP,WE,Towers with Radar,414,52,19,2,487,0,1,2,0,3,414,53,21,2,490,0,0,0,490
04/21/2014,SAN,CA,AWP,WE,Towers with Radar,455,61,22,2,540,1,0,1,0,2,456,61,23,2,542,0,0,0,542
04/22/2014,SAN,CA,AWP,WE,Towers with Radar,431,62,12,0,505,3,2,1,0,6,434,64,13,0,511,0,0,0,511
04/23/2014,SAN,CA,AWP,WE,Towers with Radar,439,63,13,2,517,0,2,5,1,8,439,65,18,3,525,0,0,0,525
04/24/2014,SAN,CA,AWP,WE,Towers with Radar,448,63,17,2,530,2,3,1,0,6,450,66,18,2,536,0,0,0,536
04/25/2014,SAN,CA,AWP,WE,Towers with Radar,450,64,21,1,536,2,0,0,0,2,452,64,21,1,538,0,0,0,538
04/26/2014,SAN,CA,AWP,WE,Towers with Radar,359,34,12,4,409,1,1,1,0,3,360,35,13,4,412,0,0,0,412
04/27/2014,SAN,CA,AWP,WE,Towers with Radar,419,57,32,0,508,1,0,3,0,4,420,57,35,0,512,0,0,0,512
04/28/2014,SAN,CA,AWP,WE,Towers with Radar,441,61,20,2,524,2,1,5,1,9,443,62,25,3,533,0,0,0,533
04/29/2014,SAN,CA,AWP,WE,Towers with Radar,451,56,19,0,526,0,4,8,1,13,451,60,27,1,539,0,0,0,539
04/30/2014,SAN,CA,AWP,WE,Towers with Radar,439,60,25,0,524,0,1,4,1,6,439,61,29,1,530,0,0,0,530
05/01/2014,SAN,CA,AWP,WE,Towers with Radar,453,62,31,2,548,2,4,3,2,11,455,66,34,4,559,0,0,0,559
05/02/2014,SAN,CA,AWP,WE,Towers with Radar,460,58,33,2,553,0,1,6,0,7,460,59,39,2,560,0,0,0,560
05/03/2014,SAN,CA,AWP,WE,Towers with Radar,354,44,7,0,405,5,0,8,2,15,359,44,15,2,420,0,0,0,420
05/04/2014,SAN,CA,AWP,WE,Towers with Radar,420,56,24,1,501,0,1,5,0,6,420,57,29,1,507,0,0,0,507
05/05/2014,SAN,CA,AWP,WE,Towers with Radar,451,53,18,0,522,1,1,4,0,6,452,54,22,0,528,0,0,0,528
05/06/2014,SAN,CA,AWP,WE,Towers with Radar,433,59,20,0,512,0,0,1,1,2,433,59,21,1,514,0,0,0,514
05/07/2014,SAN,CA,AWP,WE,Towers with Radar,439,75,12,0,526,2,0,0,0,2,441,75,12,0,528,0,0,0,528
05/08/2014,SAN,CA,AWP,WE,Towers with Radar,439,66,16,0,521,0,2,2,1,5,439,68,18,1,526,0,0,0,526
05/09/2014,SAN,CA,AWP,WE,Towers with Radar,446,71,28,0,545,3,2,8,0,13,449,73,36,0,558,0,0,0,558
05/10/2014,SAN,CA,AWP,WE,Towers with Radar,353,45,25,0,423,2,0,3,0,5,355,45,28,0,428,0,0,0,428
05/11/2014,SAN,CA,AWP,WE,Towers with Radar,410,61,20,0,491,0,1,1,0,2,410,62,21,0,493,0,0,0,493
05/12/2014,SAN,CA,AWP,WE,Towers with Radar,432,59,28,4,523,1,1,4,0,6,433,60,32,4,529,0,0,0,529
05/13/2014,SAN,CA,AWP,WE,Towers with Radar,432,69,24,0,525,0,3,0,0,3,432,72,24,0,528,0,0,0,528
05/14/2014,SAN,CA,AWP,WE,Towers with Radar,441,64,36,0,541,0,1,3,0,4,441,65,39,0,545,0,0,0,545
05/15/2014,SAN,CA,AWP,WE,Towers with Radar,453,76,23,0,552,0,5,6,2,13,453,81,29,2,565,0,0,0,565
05/16/2014,SAN,CA,AWP,WE,Towers with Radar,445,78,20,0,543,1,1,3,2,7,446,79,23,2,550,0,0,0,550
05/17/2014,SAN,CA,AWP,WE,Towers with Radar,363,40,20,0,423,2,0,5,1,8,365,40,25,1,431,0,0,0,431
05/18/2014,SAN,CA,AWP,WE,Towers with Radar,413,67,12,0,492,3,0,4,0,7,416,67,16,0,499,0,0,0,499
05/19/2014,SAN,CA,AWP,WE,Towers with Radar,447,60,4,4,515,1,1,2,0,4,448,61,6,4,519,0,0,0,519
05/20/2014,SAN,CA,AWP,WE,Towers with Radar,433,52,15,2,502,0,1,2,0,3,433,53,17,2,505,0,0,0,505
05/21/2014,SAN,CA,AWP,WE,Towers with Radar,448,67,17,1,533,0,1,1,1,3,448,68,18,2,536,0,0,0,536
05/22/2014,SAN,CA,AWP,WE,Towers with Radar,440,71,35,1,547,3,0,1,1,5,443,71,36,2,552,0,0,0,552
05/23/2014,SAN,CA,AWP,WE,Towers with Radar,448,82,36,0,566,1,1,6,1,9,449,83,42,1,575,0,0,0,575
05/24/2014,SAN,CA,AWP,WE,Towers with Radar,337,47,14,2,400,3,0,3,0,6,340,47,17,2,406,0,0,0,406
05/25/2014,SAN,CA,AWP,WE,Towers with Radar,331,46,14,0,391,3,3,8,0,14,334,49,22,0,405,0,0,0,405
05/26/2014,SAN,CA,AWP,WE,Towers with Radar,408,62,20,2,492,0,0,8,0,8,408,62,28,2,500,0,0,0,500
05/27/2014,SAN,CA,AWP,WE,Towers with Radar,425,62,24,1,512,2,5,2,0,9,427,67,26,1,521,0,0,0,521
05/28/2014,SAN,CA,AWP,WE,Towers with Radar,433,71,16,4,524,0,2,2,1,5,433,73,18,5,529,0,0,0,529
05/29/2014,SAN,CA,AWP,WE,Towers with Radar,456,63,13,0,532,2,2,3,0,7,458,65,16,0,539,0,0,0,539
05/30/2014,SAN,CA,AWP,WE,Towers with Radar,450,62,24,1,537,2,2,7,1,12,452,64,31,2,549,0,0,0,549
05/31/2014,SAN,CA,AWP,WE,Towers with Radar,355,43,6,1,405,3,0,3,0,6,358,43,9,1,411,0,0,0,411
06/01/2014,SAN,CA,AWP,WE,Towers with Radar,420,63,8,0,491,1,0,5,0,6,421,63,13,0,497,0,0,0,497
06/02/2014,SAN,CA,AWP,WE,Towers with Radar,444,77,11,1,533,1,2,1,1,5,445,79,12,2,538,0,0,0,538
06/03/2014,SAN,CA,AWP,WE,Towers with Radar,442,65,15,3,525,0,4,2,2,8,442,69,17,5,533,0,0,0,533
06/04/2014,SAN,CA,AWP,WE,Towers with Radar,450,71,22,1,544,3,2,0,1,6,453,73,22,2,550,0,0,0,550
06/05/2014,SAN,CA,AWP,WE,Towers with Radar,457,73,18,3,551,1,5,4,0,10,458,78,22,3,561,0,0,0,561
06/06/2014,SAN,CA,AWP,WE,Towers with Radar,459,90,15,2,566,1,0,2,2,5,460,90,17,4,571,0,0,0,571
06/07/2014,SAN,CA,AWP,WE,Towers with Radar,381,43,8,0,432,4,0,5,0,9,385,43,13,0,441,0,0,0,441
06/08/2014,SAN,CA,AWP,WE,Towers with Radar,443,63,29,3,538,0,4,3,1,8,443,67,32,4,546,0,0,0,546
06/09/2014,SAN,CA,AWP,WE,Towers with Radar,465,75,23,0,563,0,0,1,0,1,465,75,24,0,564,0,0,0,564
06/10/2014,SAN,CA,AWP,WE,Towers with Radar,458,79,25,4,566,3,0,1,1,5,461,79,26,5,571,0,0,0,571
06/11/2014,SAN,CA,AWP,WE,Towers with Radar,468,72,18,0,558,0,0,4,0,4,468,72,22,0,562,0,0,0,562
06/12/2014,SAN,CA,AWP,WE,Towers with Radar,470,79,18,0,567,1,0,0,0,1,471,79,18,0,568,0,0,0,568
06/13/2014,SAN,CA,AWP,WE,Towers with Radar,477,68,24,2,571,0,0,3,4,7,477,68,27,6,578,0,0,0,578
06/14/2014,SAN,CA,AWP,WE,Towers with Radar,424,51,20,2,497,4,0,2,0,6,428,51,22,2,503,0,0,0,503
06/15/2014,SAN,CA,AWP,WE,Towers with Radar,457,67,25,0,549,1,0,0,0,1,458,67,25,0,550,0,0,0,550
06/16/2014,SAN,CA,AWP,WE,Towers with Radar,466,80,31,2,579,1,0,2,0,3,467,80,33,2,582,0,0,0,582
06/17/2014,SAN,CA,AWP,WE,Towers with Radar,473,78,15,3,569,1,1,3,1,6,474,79,18,4,575,0,0,0,575
06/18/2014,SAN,CA,AWP,WE,Towers with Radar,471,78,21,2,572,3,1,1,1,6,474,79,22,3,578,0,0,0,578
06/19/2014,SAN,CA,AWP,WE,Towers with Radar,479,83,27,2,591,0,2,3,1,6,479,85,30,3,597,0,0,0,597
06/20/2014,SAN,CA,AWP,WE,Towers with Radar,476,87,26,0,589,5,2,1,0,8,481,89,27,0,597,1,0,1,598
06/21/2014,SAN,CA,AWP,WE,Towers with Radar,431,53,24,0,508,3,1,0,0,4,434,54,24,0,512,0,0,0,512
06/22/2014,SAN,CA,AWP,WE,Towers with Radar,458,73,29,0,560,2,0,2,0,4,460,73,31,0,564,0,0,0,564
06/23/2014,SAN,CA,AWP,WE,Towers with Radar,467,74,20,3,564,3,1,7,1,12,470,75,27,4,576,0,0,0,576
06/24/2014,SAN,CA,AWP,WE,Towers with Radar,478,64,19,0,561,0,1,1,2,4,478,65,20,2,565,0,0,0,565
06/25/2014,SAN,CA,AWP,WE,Towers with Radar,469,77,17,0,563,3,0,2,1,6,472,77,19,1,569,0,0,0,569
06/26/2014,SAN,CA,AWP,WE,Towers with Radar,474,77,19,4,574,1,2,1,0,4,475,79,20,4,578,0,0,0,578
06/27/2014,SAN,CA,AWP,WE,Towers with Radar,481,88,26,0,595,0,1,3,1,5,481,89,29,1,600,0,0,0,600
06/28/2014,SAN,CA,AWP,WE,Towers with Radar,426,54,17,2,499,4,1,1,0,6,430,55,18,2,505,0,0,0,505
06/29/2014,SAN,CA,AWP,WE,Towers with Radar,454,64,25,0,543,0,0,3,0,3,454,64,28,0,546,0,0,0,546
06/30/2014,SAN,CA,AWP,WE,Towers with Radar,466,71,13,1,551,3,0,0,2,5,469,71,13,3,556,0,0,0,556
07/01/2014,SAN,CA,AWP,WE,Towers with Radar,475,67,15,3,560,0,0,4,0,4,475,67,19,3,564,0,0,0,564
07/02/2014,SAN,CA,AWP,WE,Towers with Radar,469,77,21,1,568,3,0,3,1,7,472,77,24,2,575,0,0,0,575
07/03/2014,SAN,CA,AWP,WE,Towers with Radar,490,81,23,2,596,1,0,5,1,7,491,81,28,3,603,0,0,0,603
07/04/2014,SAN,CA,AWP,WE,Towers with Radar,375,53,5,0,433,0,0,7,0,7,375,53,12,0,440,0,0,0,440
07/05/2014,SAN,CA,AWP,WE,Towers with Radar,422,53,11,0,486,4,0,1,0,5,426,53,12,0,491,0,0,0,491
07/06/2014,SAN,CA,AWP,WE,Towers with Radar,477,78,26,0,581,1,0,5,0,6,478,78,31,0,587,0,0,0,587
07/07/2014,SAN,CA,AWP,WE,Towers with Radar,483,72,21,0,576,0,0,1,1,2,483,72,22,1,578,0,0,0,578
07/08/2014,SAN,CA,AWP,WE,Towers with Radar,483,70,15,0,568,1,1,4,1,7,484,71,19,1,575,0,0,0,575
07/09/2014,SAN,CA,AWP,WE,Towers with Radar,484,78,11,0,573,0,1,6,0,7,484,79,17,0,580,0,1,1,581
07/10/2014,SAN,CA,AWP,WE,Towers with Radar,485,76,28,1,590,1,1,7,2,11,486,77,35,3,601,0,0,0,601
07/11/2014,SAN,CA,AWP,WE,Towers with Radar,499,64,21,0,584,0,0,4,0,4,499,64,25,0,588,0,0,0,588
07/12/2014,SAN,CA,AWP,WE,Towers with Radar,436,48,11,0,495,0,1,7,0,8,436,49,18,0,503,0,0,0,503
07/13/2014,SAN,CA,AWP,WE,Towers with Radar,474,80,24,0,578,0,0,1,0,1,474,80,25,0,579,0,0,0,579
07/14/2014,SAN,CA,AWP,WE,Towers with Radar,491,77,21,0,589,0,0,0,0,0,491,77,21,0,589,0,0,0,589
07/15/2014,SAN,CA,AWP,WE,Towers with Radar,485,74,24,0,583,0,0,0,0,0,485,74,24,0,583,1,0,1,584
07/16/2014,SAN,CA,AWP,WE,Towers with Radar,497,74,21,6,598,0,1,6,1,8,497,75,27,7,606,0,0,0,606
07/17/2014,SAN,CA,AWP,WE,Towers with Radar,489,78,29,2,598,0,1,5,2,8,489,79,34,4,606,0,0,0,606
07/18/2014,SAN,CA,AWP,WE,Towers with Radar,491,77,18,1,587,0,0,4,2,6,491,77,22,3,593,0,0,0,593
07/19/2014,SAN,CA,AWP,WE,Towers with Radar,444,54,26,0,524,0,0,2,1,3,444,54,28,1,527,0,0,0,527
07/20/2014,SAN,CA,AWP,WE,Towers with Radar,478,70,29,1,578,0,1,12,0,13,478,71,41,1,591,0,0,0,591
07/21/2014,SAN,CA,AWP,WE,Towers with Radar,491,71,23,0,585,0,0,4,2,6,491,71,27,2,591,0,0,0,591
07/22/2014,SAN,CA,AWP,WE,Towers with Radar,483,68,32,0,583,0,0,5,0,5,483,68,37,0,588,0,0,0,588
07/23/2014,SAN,CA,AWP,WE,Towers with Radar,491,70,28,2,591,0,0,0,1,1,491,70,28,3,592,0,0,0,592
07/24/2014,SAN,CA,AWP,WE,Towers with Radar,499,78,39,0,616,0,1,8,1,10,499,79,47,1,626,0,0,0,626
07/25/2014,SAN,CA,AWP,WE,Towers with Radar,495,74,40,0,609,0,1,3,0,4,495,75,43,0,613,0,0,0,613
07/26/2014,SAN,CA,AWP,WE,Towers with Radar,437,66,34,0,537,0,1,11,0,12,437,67,45,0,549,0,0,0,549
07/27/2014,SAN,CA,AWP,WE,Towers with Radar,476,66,31,0,573,0,1,3,0,4,476,67,34,0,577,0,0,0,577
07/28/2014,SAN,CA,AWP,WE,Towers with Radar,497,87,19,0,603,1,2,1,2,6,498,89,20,2,609,0,0,0,609
07/29/2014,SAN,CA,AWP,WE,Towers with Radar,485,72,23,2,582,0,0,9,2,11,485,72,32,4,593,0,0,0,593
07/30/2014,SAN,CA,AWP,WE,Towers with Radar,493,76,26,0,595,0,1,4,1,6,493,77,30,1,601,0,0,0,601
07/31/2014,SAN,CA,AWP,WE,Towers with Radar,492,81,30,6,609,0,0,6,2,8,492,81,36,8,617,0,0,0,617
08/01/2014,SAN,CA,AWP,WE,Towers with Radar,480,78,23,0,581,0,3,9,0,12,480,81,32,0,593,0,0,0,593
08/02/2014,SAN,CA,AWP,WE,Towers with Radar,451,59,14,0,524,0,0,3,0,3,451,59,17,0,527,0,0,0,527
08/03/2014,SAN,CA,AWP,WE,Towers with Radar,471,80,28,0,579,0,0,4,0,4,471,80,32,0,583,0,0,0,583
08/04/2014,SAN,CA,AWP,WE,Towers with Radar,491,77,19,3,590,0,0,3,0,3,491,77,22,3,593,0,0,0,593
08/05/2014,SAN,CA,AWP,WE,Towers with Radar,480,69,16,0,565,0,0,3,0,3,480,69,19,0,568,0,0,0,568
08/06/2014,SAN,CA,AWP,WE,Towers with Radar,488,80,30,1,599,0,0,2,0,2,488,80,32,1,601,0,0,0,601
08/07/2014,SAN,CA,AWP,WE,Towers with Radar,477,80,25,1,583,0,0,2,0,2,477,80,27,1,585,0,0,0,585
08/08/2014,SAN,CA,AWP,WE,Towers with Radar,489,83,22,3,597,0,3,1,0,4,489,86,23,3,601,0,0,0,601
08/09/2014,SAN,CA,AWP,WE,Towers with Radar,446,53,23,3,525,0,1,9,0,10,446,54,32,3,535,0,0,0,535
08/10/2014,SAN,CA,AWP,WE,Towers with Radar,464,70,39,1,574,0,0,0,2,2,464,70,39,3,576,0,0,0,576
08/11/2014,SAN,CA,AWP,WE,Towers with Radar,476,74,23,0,573,0,1,7,2,10,476,75,30,2,583,0,0,0,583
08/12/2014,SAN,CA,AWP,WE,Towers with Radar,476,86,23,1,586,0,0,6,0,6,476,86,29,1,592,0,0,0,592
08/13/2014,SAN,CA,AWP,WE,Towers with Radar,481,70,31,2,584,0,0,1,2,3,481,70,32,4,587,0,0,0,587
08/14/2014,SAN,CA,AWP,WE,Towers with Radar,484,88,18,1,591,0,0,8,0,8,484,88,26,1,599,0,0,0,599
08/15/2014,SAN,CA,AWP,WE,Towers with Radar,468,79,24,2,573,0,1,8,0,9,468,80,32,2,582,0,0,0,582
08/16/2014,SAN,CA,AWP,WE,Towers with Radar,412,54,14,0,480,0,1,4,1,6,412,55,18,1,486,0,0,0,486
08/17/2014,SAN,CA,AWP,WE,Towers with Radar,448,75,16,0,539,0,3,5,0,8,448,78,21,0,547,1,0,1,548
08/18/2014,SAN,CA,AWP,WE,Towers with Radar,472,68,20,6,566,0,3,4,0,7,472,71,24,6,573,0,0,0,573
08/19/2014,SAN,CA,AWP,WE,Towers with Radar,443,71,14,2,530,0,0,5,1,6,443,71,19,3,536,0,0,0,536
08/20/2014,SAN,CA,AWP,WE,Towers with Radar,448,81,12,2,543,0,0,4,0,4,448,81,16,2,547,0,0,0,547
08/21/2014,SAN,CA,AWP,WE,Towers with Radar,459,77,17,3,556,0,2,5,0,7,459,79,22,3,563,0,0,0,563
08/22/2014,SAN,CA,AWP,WE,Towers with Radar,460,74,23,4,561,0,2,5,2,9,460,76,28,6,570,0,0,0,570
08/23/2014,SAN,CA,AWP,WE,Towers with Radar,376,52,15,2,445,0,3,8,0,11,376,55,23,2,456,0,0,0,456
08/24/2014,SAN,CA,AWP,WE,Towers with Radar,436,67,16,0,519,0,1,4,0,5,436,68,20,0,524,0,0,0,524
08/25/2014,SAN,CA,AWP,WE,Towers with Radar,465,77,26,0,568,0,0,3,1,4,465,77,29,1,572,0,0,0,572
08/26/2014,SAN,CA,AWP,WE,Towers with Radar,435,74,16,2,527,0,1,2,1,4,435,75,18,3,531,0,0,0,531
08/27/2014,SAN,CA,AWP,WE,Towers with Radar,448,70,24,3,545,0,2,4,2,8,448,72,28,5,553,0,0,0,553
08/28/2014,SAN,CA,AWP,WE,Towers with Radar,455,74,30,1,560,0,4,7,2,13,455,78,37,3,573,0,0,0,573
08/29/2014,SAN,CA,AWP,WE,Towers with Radar,452,73,20,4,549,0,1,3,1,5,452,74,23,5,554,0,0,0,554
08/30/2014,SAN,CA,AWP,WE,Towers with Radar,349,54,13,0,416,0,0,5,1,6,349,54,18,1,422,0,0,0,422
08/31/2014,SAN,CA,AWP,WE,Towers with Radar,345,54,10,0,409,0,0,2,0,2,345,54,12,0,411,0,0,0,411
09/01/2014,SAN,CA,AWP,WE,Towers with Radar,414,68,27,0,509,1,1,1,0,3,415,69,28,0,512,0,0,0,512
09/02/2014,SAN,CA,AWP,WE,Towers with Radar,425,70,13,4,512,0,0,1,1,2,425,70,14,5,514,0,0,0,514
09/03/2014,SAN,CA,AWP,WE,Towers with Radar,421,75,14,2,512,0,0,2,0,2,421,75,16,2,514,0,0,0,514
09/04/2014,SAN,CA,AWP,WE,Towers with Radar,433,71,31,0,535,0,1,3,0,4,433,72,34,0,539,0,0,0,539
09/05/2014,SAN,CA,AWP,WE,Towers with Radar,436,73,24,0,533,0,1,4,0,5,436,74,28,0,538,0,0,0,538
09/06/2014,SAN,CA,AWP,WE,Towers with Radar,351,43,14,0,408,0,1,3,0,4,351,44,17,0,412,0,0,0,412
09/07/2014,SAN,CA,AWP,WE,Towers with Radar,414,64,15,0,493,0,0,9,1,10,414,64,24,1,503,0,0,0,503
09/08/2014,SAN,CA,AWP,WE,Towers with Radar,434,74,17,0,525,0,0,1,0,1,434,74,18,0,526,0,0,0,526
09/09/2014,SAN,CA,AWP,WE,Towers with Radar,419,71,17,6,513,0,0,1,0,1,419,71,18,6,514,0,0,0,514
09/10/2014,SAN,CA,AWP,WE,Towers with Radar,447,75,21,1,544,0,1,3,0,4,447,76,24,1,548,0,0,0,548
09/11/2014,SAN,CA,AWP,WE,Towers with Radar,443,72,22,0,537,0,1,6,1,8,443,73,28,1,545,0,0,0,545
09/12/2014,SAN,CA,AWP,WE,Towers with Radar,448,80,17,4,549,0,4,10,1,15,448,84,27,5,564,0,0,0,564
09/13/2014,SAN,CA,AWP,WE,Towers with Radar,365,60,10,0,435,0,2,6,1,9,365,62,16,1,444,0,0,0,444
09/14/2014,SAN,CA,AWP,WE,Towers with Radar,420,71,38,0,529,0,2,7,1,10,420,73,45,1,539,0,0,0,539
09/15/2014,SAN,CA,AWP,WE,Towers with Radar,445,84,25,0,554,0,0,4,5,9,445,84,29,5,563,0,0,0,563
09/16/2014,SAN,CA,AWP,WE,Towers with Radar,426,73,28,0,527,0,0,2,1,3,426,73,30,1,530,0,0,0,530
09/17/2014,SAN,CA,AWP,WE,Towers with Radar,441,78,29,0,548,0,0,0,2,2,441,78,29,2,550,0,0,0,550
09/18/2014,SAN,CA,AWP,WE,Towers with Radar,442,85,23,2,552,0,0,0,0,0,442,85,23,2,552,0,0,0,552
09/19/2014,SAN,CA,AWP,WE,Towers with Radar,455,78,29,2,564,0,3,5,1,9,455,81,34,3,573,0,0,0,573
09/20/2014,SAN,CA,AWP,WE,Towers with Radar,358,59,19,0,436,0,0,5,0,5,358,59,24,0,441,0,0,0,441
09/21/2014,SAN,CA,AWP,WE,Towers with Radar,431,63,29,0,523,0,1,10,0,11,431,64,39,0,534,0,0,0,534
09/22/2014,SAN,CA,AWP,WE,Towers with Radar,441,71,20,1,533,0,1,2,0,3,441,72,22,1,536,0,0,0,536
09/23/2014,SAN,CA,AWP,WE,Towers with Radar,419,72,24,0,515,0,0,7,1,8,419,72,31,1,523,0,0,0,523
09/24/2014,SAN,CA,AWP,WE,Towers with Radar,432,77,15,2,526,0,1,1,0,2,432,78,16,2,528,0,0,0,528
09/25/2014,SAN,CA,AWP,WE,Towers with Radar,434,78,24,0,536,0,0,10,0,10,434,78,34,0,546,0,0,0,546
09/26/2014,SAN,CA,AWP,WE,Towers with Radar,428,68,29,4,529,0,1,9,0,10,428,69,38,4,539,0,0,0,539
09/27/2014,SAN,CA,AWP,WE,Towers with Radar,351,45,19,2,417,0,1,3,0,4,351,46,22,2,421,0,0,0,421
09/28/2014,SAN,CA,AWP,WE,Towers with Radar,422,67,17,2,508,0,0,4,0,4,422,67,21,2,512,0,0,0,512
09/29/2014,SAN,CA,AWP,WE,Towers with Radar,446,83,16,0,545,0,2,3,0,5,446,85,19,0,550,0,0,0,550
09/30/2014,SAN,CA,AWP,WE,Towers with Radar,424,68,25,1,518,0,1,4,0,5,424,69,29,1,523,0,0,0,523
10/01/2014,SAN,CA,AWP,WE,Towers with Radar,437,89,26,2,554,0,0,2,0,2,437,89,28,2,556,0,0,0,556
10/02/2014,SAN,CA,AWP,WE,Towers with Radar,431,76,26,0,533,0,0,8,2,10,431,76,34,2,543,0,0,0,543
10/03/2014,SAN,CA,AWP,WE,Towers with Radar,458,79,31,1,569,0,5,4,0,9,458,84,35,1,578,0,0,0,578
10/04/2014,SAN,CA,AWP,WE,Towers with Radar,372,56,18,0,446,0,2,1,0,3,372,58,19,0,449,0,0,0,449
10/05/2014,SAN,CA,AWP,WE,Towers with Radar,424,69,42,0,535,1,1,11,0,13,425,70,53,0,548,0,0,0,548
10/06/2014,SAN,CA,AWP,WE,Towers with Radar,441,79,33,5,558,0,3,8,0,11,441,82,41,5,569,0,0,0,569
10/07/2014,SAN,CA,AWP,WE,Towers with Radar,428,71,43,3,545,0,3,1,1,5,428,74,44,4,550,0,0,0,550
10/08/2014,SAN,CA,AWP,WE,Towers with Radar,441,77,21,0,539,0,2,6,1,9,441,79,27,1,548,0,0,0,548
10/09/2014,SAN,CA,AWP,WE,Towers with Radar,445,95,27,2,569,0,0,5,1,6,445,95,32,3,575,0,0,0,575
10/10/2014,SAN,CA,AWP,WE,Towers with Radar,447,74,15,0,536,0,3,1,1,5,447,77,16,1,541,0,0,0,541
10/11/2014,SAN,CA,AWP,WE,Towers with Radar,378,52,14,2,446,0,0,2,0,2,378,52,16,2,448,0,0,0,448
10/12/2014,SAN,CA,AWP,WE,Towers with Radar,424,59,16,0,499,0,2,2,0,4,424,61,18,0,503,0,0,0,503
10/13/2014,SAN,CA,AWP,WE,Towers with Radar,441,74,17,2,534,0,0,3,0,3,441,74,20,2,537,0,0,0,537
10/14/2014,SAN,CA,AWP,WE,Towers with Radar,430,71,20,1,522,0,0,0,1,1,430,71,20,2,523,0,0,0,523
10/15/2014,SAN,CA,AWP,WE,Towers with Radar,438,66,34,0,538,0,2,3,1,6,438,68,37,1,544,0,0,0,544
10/16/2014,SAN,CA,AWP,WE,Towers with Radar,446,84,20,3,553,0,0,3,1,4,446,84,23,4,557,0,0,0,557
10/17/2014,SAN,CA,AWP,WE,Towers with Radar,448,91,30,0,569,0,0,4,1,5,448,91,34,1,574,0,0,0,574
10/18/2014,SAN,CA,AWP,WE,Towers with Radar,371,46,15,0,432,0,1,2,0,3,371,47,17,0,435,0,0,0,435
10/19/2014,SAN,CA,AWP,WE,Towers with Radar,423,72,19,0,514,0,1,7,0,8,423,73,26,0,522,0,0,0,522
10/20/2014,SAN,CA,AWP,WE,Towers with Radar,441,78,18,1,538,0,0,2,1,3,441,78,20,2,541,0,0,0,541
10/21/2014,SAN,CA,AWP,WE,Towers with Radar,429,77,24,0,530,0,2,3,1,6,429,79,27,1,536,0,0,0,536
10/22/2014,SAN,CA,AWP,WE,Towers with Radar,441,65,23,0,529,0,0,1,2,3,441,65,24,2,532,0,0,0,532
10/23/2014,SAN,CA,AWP,WE,Towers with Radar,440,88,17,2,547,0,1,1,1,3,440,89,18,3,550,0,0,0,550
10/24/2014,SAN,CA,AWP,WE,Towers with Radar,451,84,9,3,547,0,5,7,1,13,451,89,16,4,560,0,0,0,560
10/25/2014,SAN,CA,AWP,WE,Towers with Radar,371,47,10,0,428,0,0,1,1,2,371,47,11,1,430,0,0,0,430
10/26/2014,SAN,CA,AWP,WE,Towers with Radar,426,65,21,0,512,0,1,8,0,9,426,66,29,0,521,0,0,0,521
10/27/2014,SAN,CA,AWP,WE,Towers with Radar,448,76,16,6,546,0,0,5,1,6,448,76,21,7,552,0,0,0,552
10/28/2014,SAN,CA,AWP,WE,Towers with Radar,427,69,16,2,514,0,2,1,1,4,427,71,17,3,518,0,0,0,518
10/29/2014,SAN,CA,AWP,WE,Towers with Radar,440,69,26,6,541,0,1,7,2,10,440,70,33,8,551,0,0,0,551
10/30/2014,SAN,CA,AWP,WE,Towers with Radar,448,77,16,3,544,0,2,4,0,6,448,79,20,3,550,0,0,0,550
10/31/2014,SAN,CA,AWP,WE,Towers with Radar,389,69,29,0,487,0,1,1,2,4,389,70,30,2,491,0,0,0,491
11/01/2014,SAN,CA,AWP,WE,Towers with Radar,348,48,7,1,404,1,0,2,0,3,349,48,9,1,407,0,0,0,407
11/02/2014,SAN,CA,AWP,WE,Towers with Radar,426,61,18,0,505,0,0,9,0,9,426,61,27,0,514,0,0,0,514
11/03/2014,SAN,CA,AWP,WE,Towers with Radar,449,67,14,3,533,0,0,0,0,0,449,67,14,3,533,0,0,0,533
11/04/2014,SAN,CA,AWP,WE,Towers with Radar,441,65,15,0,521,0,1,1,0,2,441,66,16,0,523,0,0,0,523
11/05/2014,SAN,CA,AWP,WE,Towers with Radar,461,76,17,1,555,0,0,1,0,1,461,76,18,1,556,0,0,0,556
11/06/2014,SAN,CA,AWP,WE,Towers with Radar,457,77,25,3,562,0,5,4,0,9,457,82,29,3,571,0,0,0,571
11/07/2014,SAN,CA,AWP,WE,Towers with Radar,459,78,22,6,565,0,1,3,2,6,459,79,25,8,571,0,0,0,571
11/08/2014,SAN,CA,AWP,WE,Towers with Radar,368,46,25,0,439,0,2,2,0,4,368,48,27,0,443,0,0,0,443
11/09/2014,SAN,CA,AWP,WE,Towers with Radar,429,68,46,1,544,0,0,3,1,4,429,68,49,2,548,0,0,0,548
11/10/2014,SAN,CA,AWP,WE,Towers with Radar,444,82,39,2,567,0,0,4,0,4,444,82,43,2,571,0,0,0,571
11/11/2014,SAN,CA,AWP,WE,Towers with Radar,437,62,15,1,515,0,0,3,2,5,437,62,18,3,520,0,0,0,520
11/12/2014,SAN,CA,AWP,WE,Towers with Radar,446,65,28,3,542,0,1,0,1,2,446,66,28,4,544,0,0,0,544
11/13/2014,SAN,CA,AWP,WE,Towers with Radar,452,83,17,0,552,0,1,0,1,2,452,84,17,1,554,0,0,0,554
11/14/2014,SAN,CA,AWP,WE,Towers with Radar,457,84,16,2,559,0,0,4,1,5,457,84,20,3,564,0,0,0,564
11/15/2014,SAN,CA,AWP,WE,Towers with Radar,364,48,13,0,425,0,0,5,0,5,364,48,18,0,430,0,0,0,430
11/16/2014,SAN,CA,AWP,WE,Towers with Radar,424,72,27,4,527,0,0,9,0,9,424,72,36,4,536,0,0,0,536
11/17/2014,SAN,CA,AWP,WE,Towers with Radar,453,82,24,2,561,0,1,3,0,4,453,83,27,2,565,0,0,0,565
11/18/2014,SAN,CA,AWP,WE,Towers with Radar,442,60,34,0,536,0,0,2,1,3,442,60,36,1,539,0,0,0,539
11/19/2014,SAN,CA,AWP,WE,Towers with Radar,442,67,18,2,529,0,0,0,1,1,442,67,18,3,530,0,0,0,530
11/20/2014,SAN,CA,AWP,WE,Towers with Radar,455,58,19,2,534,0,0,3,0,3,455,58,22,2,537,0,0,0,537
11/21/2014,SAN,CA,AWP,WE,Towers with Radar,464,78,26,1,569,0,1,0,1,2,464,79,26,2,571,0,0,0,571
11/22/2014,SAN,CA,AWP,WE,Towers with Radar,364,41,16,0,421,0,1,3,0,4,364,42,19,0,425,0,0,0,425
11/23/2014,SAN,CA,AWP,WE,Towers with Radar,412,61,20,1,494,0,2,2,0,4,412,63,22,1,498,0,0,0,498
11/24/2014,SAN,CA,AWP,WE,Towers with Radar,430,61,24,5,520,0,0,2,4,6,430,61,26,9,526,0,0,0,526
11/25/2014,SAN,CA,AWP,WE,Towers with Radar,475,73,19,1,568,0,2,4,1,7,475,75,23,2,575,0,0,0,575
11/26/2014,SAN,CA,AWP,WE,Towers with Radar,480,86,22,0,588,0,1,5,0,6,480,87,27,0,594,0,0,0,594
11/27/2014,SAN,CA,AWP,WE,Towers with Radar,285,32,11,0,328,0,6,4,0,10,285,38,15,0,338,0,0,0,338
11/28/2014,SAN,CA,AWP,WE,Towers with Radar,334,62,10,2,408,0,4,6,0,10,334,66,16,2,418,0,0,0,418
11/29/2014,SAN,CA,AWP,WE,Towers with Radar,454,58,18,1,531,0,1,2,0,3,454,59,20,1,534,0,0,0,534
11/30/2014,SAN,CA,AWP,WE,Towers with Radar,484,65,33,1,583,0,0,5,1,6,484,65,38,2,589,0,0,0,589
12/01/2014,SAN,CA,AWP,WE,Towers with Radar,480,64,12,0,556,0,0,3,1,4,480,64,15,1,560,0,0,0,560
12/02/2014,SAN,CA,AWP,WE,Towers with Radar,421,61,17,0,499,0,0,0,1,1,421,61,17,1,500,0,0,0,500
12/03/2014,SAN,CA,AWP,WE,Towers with Radar,434,78,27,0,539,0,0,0,0,0,434,78,27,0,539,0,0,0,539
12/04/2014,SAN,CA,AWP,WE,Towers with Radar,443,68,26,4,541,0,1,0,0,1,443,69,26,4,542,0,0,0,542
12/05/2014,SAN,CA,AWP,WE,Towers with Radar,444,83,30,1,558,0,0,1,0,1,444,83,31,1,559,0,0,0,559
12/06/2014,SAN,CA,AWP,WE,Towers with Radar,346,45,16,1,408,0,0,7,0,7,346,45,23,1,415,0,0,0,415
12/07/2014,SAN,CA,AWP,WE,Towers with Radar,405,82,56,2,545,0,0,7,0,7,405,82,63,2,552,0,0,0,552
12/08/2014,SAN,CA,AWP,WE,Towers with Radar,436,76,30,2,544,0,1,9,2,12,436,77,39,4,556,0,0,0,556
12/09/2014,SAN,CA,AWP,WE,Towers with Radar,423,78,26,1,528,0,3,2,0,5,423,81,28,1,533,0,0,0,533
12/10/2014,SAN,CA,AWP,WE,Towers with Radar,440,93,33,1,567,0,0,1,5,6,440,93,34,6,573,0,0,0,573
12/11/2014,SAN,CA,AWP,WE,Towers with Radar,433,77,18,1,529,1,0,2,1,4,434,77,20,2,533,0,0,0,533
12/12/2014,SAN,CA,AWP,WE,Towers with Radar,469,72,20,1,562,0,0,2,0,2,469,72,22,1,564,0,0,0,564
12/13/2014,SAN,CA,AWP,WE,Towers with Radar,345,47,13,0,405,0,1,2,1,4,345,48,15,1,409,0,0,0,409
12/14/2014,SAN,CA,AWP,WE,Towers with Radar,408,61,21,0,490,0,0,2,0,2,408,61,23,0,492,0,0,0,492
12/15/2014,SAN,CA,AWP,WE,Towers with Radar,427,83,14,2,526,0,1,2,2,5,427,84,16,4,531,0,0,0,531
12/16/2014,SAN,CA,AWP,WE,Towers with Radar,426,78,32,1,537,0,0,0,0,0,426,78,32,1,537,0,0,0,537
12/17/2014,SAN,CA,AWP,WE,Towers with Radar,436,79,21,4,540,0,0,0,3,3,436,79,21,7,543,0,0,0,543
12/18/2014,SAN,CA,AWP,WE,Towers with Radar,469,78,20,1,568,0,0,1,1,2,469,78,21,2,570,0,0,0,570
12/19/2014,SAN,CA,AWP,WE,Towers with Radar,469,77,27,1,574,0,1,3,0,4,469,78,30,1,578,0,0,0,578
12/20/2014,SAN,CA,AWP,WE,Towers with Radar,438,51,19,0,508,0,2,6,1,9,438,53,25,1,517,0,0,0,517
12/21/2014,SAN,CA,AWP,WE,Towers with Radar,443,57,5,0,505,0,0,6,0,6,443,57,11,0,511,0,0,0,511
12/22/2014,SAN,CA,AWP,WE,Towers with Radar,466,72,19,2,559,0,0,3,0,3,466,72,22,2,562,0,0,0,562
12/23/2014,SAN,CA,AWP,WE,Towers with Radar,476,76,23,1,576,0,0,6,1,7,476,76,29,2,583,0,0,0,583
12/24/2014,SAN,CA,AWP,WE,Towers with Radar,377,49,7,0,433,0,3,2,5,10,377,52,9,5,443,0,0,0,443
12/25/2014,SAN,CA,AWP,WE,Towers with Radar,351,46,3,0,400,0,0,1,0,1,351,46,4,0,401,0,0,0,401
12/26/2014,SAN,CA,AWP,WE,Towers with Radar,467,80,15,2,564,0,1,3,1,5,467,81,18,3,569,0,0,0,569
12/27/2014,SAN,CA,AWP,WE,Towers with Radar,429,55,38,0,522,2,4,6,1,13,431,59,44,1,535,0,0,0,535
12/28/2014,SAN,CA,AWP,WE,Towers with Radar,447,59,19,0,525,0,0,2,0,2,447,59,21,0,527,0,0,0,527
12/29/2014,SAN,CA,AWP,WE,Towers with Radar,456,75,13,1,545,0,0,4,0,4,456,75,17,1,549,0,0,0,549
12/30/2014,SAN,CA,AWP,WE,Towers with Radar,458,90,24,0,572,0,0,0,0,0,458,90,24,0,572,0,0,0,572
12/31/2014,SAN,CA,AWP,WE,Towers with Radar,369,64,6,1,440,0,0,2,0,2,369,64,8,1,442,0,0,0,442
01/01/2015,SAN,CA,AWP,WE,Towers with Radar,364,50,5,0,419,0,3,2,0,5,364,53,7,0,424,0,0,0,424
01/02/2015,SAN,CA,AWP,WE,Towers with Radar,471,76,24,0,571,0,0,2,0,2,471,76,26,0,573,0,0,0,573
01/03/2015,SAN,CA,AWP,WE,Towers with Radar,417,66,23,0,506,0,2,4,2,8,417,68,27,2,514,0,0,0,514
01/04/2015,SAN,CA,AWP,WE,Towers with Radar,451,60,19,0,530,0,2,2,0,4,451,62,21,0,534,0,0,0,534
01/05/2015,SAN,CA,AWP,WE,Towers with Radar,451,78,22,4,555,0,2,2,1,5,451,80,24,5,560,0,0,0,560
01/06/2015,SAN,CA,AWP,WE,Towers with Radar,408,72,23,4,507,0,3,4,0,7,408,75,27,4,514,0,0,0,514
01/07/2015,SAN,CA,AWP,WE,Towers with Radar,424,65,16,2,507,0,2,6,0,8,424,67,22,2,515,0,0,0,515
01/08/2015,SAN,CA,AWP,WE,Towers with Radar,428,62,21,0,511,0,2,5,0,7,428,64,26,0,518,0,0,0,518
01/09/2015,SAN,CA,AWP,WE,Towers with Radar,434,67,31,2,534,0,1,1,2,4,434,68,32,4,538,0,0,0,538
01/10/2015,SAN,CA,AWP,WE,Towers with Radar,332,63,12,0,407,0,2,4,0,6,332,65,16,0,413,0,0,0,413
01/11/2015,SAN,CA,AWP,WE,Towers with Radar,387,56,27,1,471,0,0,0,0,0,387,56,27,1,471,0,0,0,471
01/12/2015,SAN,CA,AWP,WE,Towers with Radar,431,66,32,1,530,0,0,2,1,3,431,66,34,2,533,0,0,0,533
01/13/2015,SAN,CA,AWP,WE,Towers with Radar,399,61,14,5,479,0,1,5,1,7,399,62,19,6,486,0,0,0,486
01/14/2015,SAN,CA,AWP,WE,Towers with Radar,410,72,22,2,506,0,2,9,5,16,410,74,31,7,522,0,0,0,522
01/15/2015,SAN,CA,AWP,WE,Towers with Radar,438,73,26,3,540,0,1,5,0,6,438,74,31,3,546,0,0,0,546
01/16/2015,SAN,CA,AWP,WE,Towers with Radar,436,78,20,2,536,0,3,6,0,9,436,81,26,2,545,0,0,0,545
01/17/2015,SAN,CA,AWP,WE,Towers with Radar,330,47,13,0,390,0,0,7,0,7,330,47,20,0,397,0,0,0,397
01/18/2015,SAN,CA,AWP,WE,Towers with Radar,373,50,13,0,436,0,1,6,0,7,373,51,19,0,443,0,0,0,443
01/19/2015,SAN,CA,AWP,WE,Towers with Radar,431,72,29,0,532,0,1,4,0,5,431,73,33,0,537,0,0,0,537
01/20/2015,SAN,CA,AWP,WE,Towers with Radar,396,76,32,2,506,0,1,1,0,2,396,77,33,2,508,0,0,0,508
01/21/2015,SAN,CA,AWP,WE,Towers with Radar,410,79,33,0,522,0,1,3,1,5,410,80,36,1,527,0,0,0,527
01/22/2015,SAN,CA,AWP,WE,Towers with Radar,429,75,32,0,536,0,4,6,0,10,429,79,38,0,546,0,0,0,546
01/23/2015,SAN,CA,AWP,WE,Towers with Radar,430,70,27,0,527,0,2,8,1,11,430,72,35,1,538,0,0,0,538
01/24/2015,SAN,CA,AWP,WE,Towers with Radar,328,46,19,0,393,0,0,4,0,4,328,46,23,0,397,0,0,0,397
01/25/2015,SAN,CA,AWP,WE,Towers with Radar,399,72,30,0,501,0,0,12,0,12,399,72,42,0,513,0,0,0,513
01/26/2015,SAN,CA,AWP,WE,Towers with Radar,427,61,28,0,516,0,0,4,1,5,427,61,32,1,521,0,0,0,521
01/27/2015,SAN,CA,AWP,WE,Towers with Radar,384,69,23,0,476,0,0,6,1,7,384,69,29,1,483,0,0,0,483
01/28/2015,SAN,CA,AWP,WE,Towers with Radar,412,65,22,0,499,0,4,4,2,10,412,69,26,2,509,0,0,0,509
01/29/2015,SAN,CA,AWP,WE,Towers with Radar,428,70,26,0,524,0,4,3,1,8,428,74,29,1,532,0,0,0,532
01/30/2015,SAN,CA,AWP,WE,Towers with Radar,430,77,16,0,523,0,2,4,0,6,430,79,20,0,529,0,0,0,529
01/31/2015,SAN,CA,AWP,WE,Towers with Radar,323,58,13,0,394,0,2,9,0,11,323,60,22,0,405,0,0,0,405
02/01/2015,SAN,CA,AWP,WE,Towers with Radar,346,63,15,2,426,0,0,4,0,4,346,63,19,2,430,0,0,0,430
02/02/2015,SAN,CA,AWP,WE,Towers with Radar,424,86,28,0,538,0,1,0,0,1,424,87,28,0,539,0,0,0,539
02/03/2015,SAN,CA,AWP,WE,Towers with Radar,400,74,36,3,513,0,1,3,1,5,400,75,39,4,518,0,0,0,518
02/04/2015,SAN,CA,AWP,WE,Towers with Radar,420,75,29,0,524,0,1,2,0,3,420,76,31,0,527,0,0,0,527
02/05/2015,SAN,CA,AWP,WE,Towers with Radar,415,71,23,0,509,0,1,3,0,4,415,72,26,0,513,0,0,0,513
02/06/2015,SAN,CA,AWP,WE,Towers with Radar,419,71,17,1,508,0,2,4,1,7,419,73,21,2,515,0,0,0,515
02/07/2015,SAN,CA,AWP,WE,Towers with Radar,331,49,13,0,393,0,1,4,0,5,331,50,17,0,398,0,0,0,398
02/08/2015,SAN,CA,AWP,WE,Towers with Radar,379,65,18,2,464,0,0,1,0,1,379,65,19,2,465,0,0,0,465
02/09/2015,SAN,CA,AWP,WE,Towers with Radar,424,81,24,1,530,0,0,0,0,0,424,81,24,1,530,0,0,0,530
02/10/2015,SAN,CA,AWP,WE,Towers with Radar,399,73,36,3,511,0,5,2,1,8,399,78,38,4,519,0,0,0,519
02/11/2015,SAN,CA,AWP,WE,Towers with Radar,429,63,33,3,528,0,7,4,1,12,429,70,37,4,540,0,0,0,540
02/12/2015,SAN,CA,AWP,WE,Towers with Radar,455,76,30,0,561,0,1,3,1,5,455,77,33,1,566,0,0,0,566
02/13/2015,SAN,CA,AWP,WE,Towers with Radar,459,74,31,0,564,0,4,4,0,8,459,78,35,0,572,0,0,0,572
02/14/2015,SAN,CA,AWP,WE,Towers with Radar,325,49,20,1,395,0,0,8,0,8,325,49,28,1,403,0,0,0,403
02/15/2015,SAN,CA,AWP,WE,Towers with Radar,384,57,17,0,458,0,1,7,2,10,384,58,24,2,468,0,0,0,468
02/16/2015,SAN,CA,AWP,WE,Towers with Radar,427,75,23,0,525,0,1,3,0,4,427,76,26,0,529,0,0,0,529
02/17/2015,SAN,CA,AWP,WE,Towers with Radar,431,64,14,8,517,0,0,2,0,2,431,64,16,8,519,0,0,0,519
02/18/2015,SAN,CA,AWP,WE,Towers with Radar,436,77,28,1,542,0,3,0,0,3,436,80,28,1,545,0,0,0,545
02/19/2015,SAN,CA,AWP,WE,Towers with Radar,441,83,14,1,539,0,0,6,1,7,441,83,20,2,546,0,0,0,546
02/20/2015,SAN,CA,AWP,WE,Towers with Radar,448,77,16,0,541,0,1,1,0,2,448,78,17,0,543,0,0,0,543
02/21/2015,SAN,CA,AWP,WE,Towers with Radar,332,65,4,0,401,0,0,3,0,3,332,65,7,0,404,0,0,0,404
02/22/2015,SAN,CA,AWP,WE,Towers with Radar,392,61,20,0,473,0,0,4,0,4,392,61,24,0,477,0,0,0,477
02/23/2015,SAN,CA,AWP,WE,Towers with Radar,428,77,30,6,541,0,1,3,1,5,428,78,33,7,546,0,0,0,546
02/24/2015,SAN,CA,AWP,WE,Towers with Radar,416,62,29,0,507,0,5,1,1,7,416,67,30,1,514,0,0,0,514
02/25/2015,SAN,CA,AWP,WE,Towers with Radar,416,64,17,0,497,0,3,3,1,7,416,67,20,1,504,0,0,0,504
02/26/2015,SAN,CA,AWP,WE,Towers with Radar,435,80,26,0,541,0,0,3,3,6,435,80,29,3,547,0,0,0,547
02/27/2015,SAN,CA,AWP,WE,Towers with Radar,443,66,20,0,529,0,1,5,0,6,443,67,25,0,535,0,0,0,535
02/28/2015,SAN,CA,AWP,WE,Towers with Radar,325,53,7,0,385,0,0,2,1,3,325,53,9,1,388,0,0,0,388
03/01/2015,SAN,CA,AWP,WE,Towers with Radar,386,54,24,0,464,0,0,0,0,0,386,54,24,0,464,0,0,0,464
03/02/2015,SAN,CA,AWP,WE,Towers with Radar,443,60,21,0,524,0,1,0,0,1,443,61,21,0,525,0,0,0,525
03/03/2015,SAN,CA,AWP,WE,Towers with Radar,417,74,19,2,512,0,0,7,1,8,417,74,26,3,520,0,0,0,520
03/04/2015,SAN,CA,AWP,WE,Towers with Radar,435,77,20,0,532,0,2,4,0,6,435,79,24,0,538,0,0,0,538
03/05/2015,SAN,CA,AWP,WE,Towers with Radar,432,69,28,2,531,0,2,1,0,3,432,71,29,2,534,0,0,0,534
03/06/2015,SAN,CA,AWP,WE,Towers with Radar,461,75,19,0,555,0,1,9,1,11,461,76,28,1,566,0,0,0,566
03/07/2015,SAN,CA,AWP,WE,Towers with Radar,391,43,22,0,456,0,2,0,1,3,391,45,22,1,459,0,0,0,459
03/08/2015,SAN,CA,AWP,WE,Towers with Radar,441,58,20,0,519,0,0,6,0,6,441,58,26,0,525,0,0,0,525
03/09/2015,SAN,CA,AWP,WE,Towers with Radar,458,65,23,0,546,0,1,4,0,5,458,66,27,0,551,0,0,0,551
03/10/2015,SAN,CA,AWP,WE,Towers with Radar,442,65,22,0,529,0,2,3,1,6,442,67,25,1,535,0,0,0,535
03/11/2015,SAN,CA,AWP,WE,Towers with Radar,458,74,33,0,565,0,6,0,0,6,458,80,33,0,571,0,0,0,571
03/12/2015,SAN,CA,AWP,WE,Towers with Radar,461,64,23,2,550,0,2,5,0,7,461,66,28,2,557,0,0,0,557
03/13/2015,SAN,CA,AWP,WE,Towers with Radar,474,72,26,3,575,0,3,5,1,9,474,75,31,4,584,0,0,0,584
03/14/2015,SAN,CA,AWP,WE,Towers with Radar,416,54,13,3,486,0,0,5,0,5,416,54,18,3,491,0,0,0,491
03/15/2015,SAN,CA,AWP,WE,Towers with Radar,436,63,26,3,528,0,0,5,0,5,436,63,31,3,533,0,0,0,533
03/16/2015,SAN,CA,AWP,WE,Towers with Radar,464,67,19,0,550,0,2,0,0,2,464,69,19,0,552,0,0,0,552
03/17/2015,SAN,CA,AWP,WE,Towers with Radar,449,68,12,0,529,0,1,3,0,4,449,69,15,0,533,0,0,0,533
03/18/2015,SAN,CA,AWP,WE,Towers with Radar,462,57,23,1,543,0,0,2,1,3,462,57,25,2,546,0,0,0,546
03/19/2015,SAN,CA,AWP,WE,Towers with Radar,467,71,21,0,559,0,0,9,1,10,467,71,30,1,569,0,0,0,569
03/20/2015,SAN,CA,AWP,WE,Towers with Radar,473,73,26,0,572,0,2,0,0,2,473,75,26,0,574,0,0,0,574
03/21/2015,SAN,CA,AWP,WE,Towers with Radar,396,58,26,0,480,0,1,6,0,7,396,59,32,0,487,0,0,0,487
03/22/2015,SAN,CA,AWP,WE,Towers with Radar,436,49,24,0,509,0,0,3,2,5,436,49,27,2,514,0,0,0,514
03/23/2015,SAN,CA,AWP,WE,Towers with Radar,456,70,31,0,557,0,0,2,1,3,456,70,33,1,560,0,0,0,560
03/24/2015,SAN,CA,AWP,WE,Towers with Radar,444,64,21,0,529,0,1,0,0,1,444,65,21,0,530,0,0,0,530
03/25/2015,SAN,CA,AWP,WE,Towers with Radar,459,65,23,1,548,2,4,4,1,11,461,69,27,2,559,0,0,0,559
03/26/2015,SAN,CA,AWP,WE,Towers with Radar,478,67,23,2,570,0,2,5,0,7,478,69,28,2,577,0,0,0,577
03/27/2015,SAN,CA,AWP,WE,Towers with Radar,470,64,26,2,562,0,4,3,3,10,470,68,29,5,572,0,0,0,572
03/28/2015,SAN,CA,AWP,WE,Towers with Radar,417,59,22,0,498,0,1,6,0,7,417,60,28,0,505,0,0,0,505
03/29/2015,SAN,CA,AWP,WE,Towers with Radar,442,56,22,0,520,0,0,3,0,3,442,56,25,0,523,0,0,0,523
03/30/2015,SAN,CA,AWP,WE,Towers with Radar,463,64,30,0,557,0,1,6,0,7,463,65,36,0,564,0,0,0,564
03/31/2015,SAN,CA,AWP,WE,Towers with Radar,456,70,21,0,547,0,0,1,0,1,456,70,22,0,548,0,0,0,548
04/01/2015,SAN,CA,AWP,WE,Towers with Radar,458,62,28,0,548,0,4,5,2,11,458,66,33,2,559,0,0,0,559
04/02/2015,SAN,CA,AWP,WE,Towers with Radar,467,89,25,4,585,0,1,3,2,6,467,90,28,6,591,0,0,0,591
04/03/2015,SAN,CA,AWP,WE,Towers with Radar,470,58,13,0,541,0,1,7,1,9,470,59,20,1,550,0,0,0,550
04/04/2015,SAN,CA,AWP,WE,Towers with Radar,387,43,16,0,446,0,0,11,1,12,387,43,27,1,458,0,0,0,458
04/05/2015,SAN,CA,AWP,WE,Towers with Radar,428,43,14,0,485,0,2,8,0,10,428,45,22,0,495,0,0,0,495
04/06/2015,SAN,CA,AWP,WE,Towers with Radar,470,68,18,1,557,0,0,0,0,0,470,68,18,1,557,0,0,0,557
04/07/2015,SAN,CA,AWP,WE,Towers with Radar,445,74,22,1,542,0,0,2,0,2,445,74,24,1,544,0,0,0,544
04/08/2015,SAN,CA,AWP,WE,Towers with Radar,463,60,30,0,553,0,3,8,2,13,463,63,38,2,566,0,0,0,566
04/09/2015,SAN,CA,AWP,WE,Towers with Radar,467,66,28,0,561,0,2,7,0,9,467,68,35,0,570,0,0,0,570
04/10/2015,SAN,CA,AWP,WE,Towers with Radar,476,63,29,0,568,0,2,9,0,11,476,65,38,0,579,0,0,0,579
04/11/2015,SAN,CA,AWP,WE,Towers with Radar,390,42,16,1,449,0,0,9,0,9,390,42,25,1,458,0,0,0,458
04/12/2015,SAN,CA,AWP,WE,Towers with Radar,453,58,27,0,538,0,0,4,0,4,453,58,31,0,542,0,0,0,542
04/13/2015,SAN,CA,AWP,WE,Towers with Radar,462,73,17,1,553,0,1,4,0,5,462,74,21,1,558,0,0,0,558
04/14/2015,SAN,CA,AWP,WE,Towers with Radar,453,66,17,0,536,0,1,0,1,2,453,67,17,1,538,0,0,0,538
04/15/2015,SAN,CA,AWP,WE,Towers with Radar,471,66,31,1,569,0,5,2,1,8,471,71,33,2,577,0,0,0,577
04/16/2015,SAN,CA,AWP,WE,Towers with Radar,466,67,27,1,561,0,2,2,1,5,466,69,29,2,566,0,0,0,566
04/17/2015,SAN,CA,AWP,WE,Towers with Radar,467,56,34,2,559,0,2,3,0,5,467,58,37,2,564,0,0,0,564
04/18/2015,SAN,CA,AWP,WE,Towers with Radar,402,43,11,2,458,0,0,3,0,3,402,43,14,2,461,0,0,0,461
04/19/2015,SAN,CA,AWP,WE,Towers with Radar,440,52,25,1,518,0,1,11,0,12,440,53,36,1,530,0,0,0,530
04/20/2015,SAN,CA,AWP,WE,Towers with Radar,466,67,35,1,569,0,0,1,0,1,466,67,36,1,570,0,0,0,570
04/21/2015,SAN,CA,AWP,WE,Towers with Radar,451,66,27,1,545,0,0,1,1,2,451,66,28,2,547,0,0,0,547
04/22/2015,SAN,CA,AWP,WE,Towers with Radar,459,66,17,0,542,0,0,2,2,4,459,66,19,2,546,0,0,0,546
04/23/2015,SAN,CA,AWP,WE,Towers with Radar,476,72,24,3,575,0,0,1,0,1,476,72,25,3,576,0,0,0,576
04/24/2015,SAN,CA,AWP,WE,Towers with Radar,470,73,27,1,571,0,0,9,1,10,470,73,36,2,581,0,0,0,581
04/25/2015,SAN,CA,AWP,WE,Towers with Radar,397,42,12,1,452,0,0,0,1,1,397,42,12,2,453,0,0,0,453
04/26/2015,SAN,CA,AWP,WE,Towers with Radar,446,44,24,2,516,0,0,1,1,2,446,44,25,3,518,0,0,0,518
04/27/2015,SAN,CA,AWP,WE,Towers with Radar,466,56,26,0,548,0,2,3,0,5,466,58,29,0,553,0,0,0,553
04/28/2015,SAN,CA,AWP,WE,Towers with Radar,446,53,25,2,526,0,1,4,1,6,446,54,29,3,532,0,0,0,532
04/29/2015,SAN,CA,AWP,WE,Towers with Radar,468,64,33,0,565,0,3,8,1,12,468,67,41,1,577,0,0,0,577
04/30/2015,SAN,CA,AWP,WE,Towers with Radar,464,64,30,0,558,0,0,6,1,7,464,64,36,1,565,0,0,0,565
05/01/2015,SAN,CA,AWP,WE,Towers with Radar,467,65,13,0,545,0,0,6,0,6,467,65,19,0,551,0,0,0,551
05/02/2015,SAN,CA,AWP,WE,Towers with Radar,399,47,11,0,457,0,0,5,0,5,399,47,16,0,462,0,0,0,462
05/03/2015,SAN,CA,AWP,WE,Towers with Radar,441,46,18,1,506,0,0,1,1,2,441,46,19,2,508,0,0,0,508
05/04/2015,SAN,CA,AWP,WE,Towers with Radar,459,64,27,1,551,0,0,1,2,3,459,64,28,3,554,0,0,0,554
05/05/2015,SAN,CA,AWP,WE,Towers with Radar,446,56,27,0,529,0,0,5,0,5,446,56,32,0,534,0,0,0,534
05/06/2015,SAN,CA,AWP,WE,Towers with Radar,461,56,14,2,533,0,0,1,3,4,461,56,15,5,537,0,0,0,537
05/07/2015,SAN,CA,AWP,WE,Towers with Radar,473,66,20,5,564,0,0,5,2,7,473,66,25,7,571,0,0,0,571
05/08/2015,SAN,CA,AWP,WE,Towers with Radar,474,48,39,3,564,0,0,2,1,3,474,48,41,4,567,0,0,0,567
05/09/2015,SAN,CA,AWP,WE,Towers with Radar,391,53,17,0,461,0,0,3,1,4,391,53,20,1,465,0,0,0,465
05/10/2015,SAN,CA,AWP,WE,Towers with Radar,434,48,31,0,513,0,1,8,1,10,434,49,39,1,523,0,0,0,523
05/11/2015,SAN,CA,AWP,WE,Towers with Radar,468,48,24,1,541,0,0,0,1,1,468,48,24,2,542,0,0,0,542
05/12/2015,SAN,CA,AWP,WE,Towers with Radar,474,59,34,0,567,0,0,3,0,3,474,59,37,0,570,0,0,0,570
05/13/2015,SAN,CA,AWP,WE,Towers with Radar,476,64,38,4,582,0,2,3,1,6,476,66,41,5,588,0,0,0,588
05/14/2015,SAN,CA,AWP,WE,Towers with Radar,484,61,32,0,577,0,0,3,0,3,484,61,35,0,580,0,0,0,580
05/15/2015,SAN,CA,AWP,WE,Towers with Radar,482,53,25,1,561,0,1,2,2,5,482,54,27,3,566,0,0,0,566
05/16/2015,SAN,CA,AWP,WE,Towers with Radar,401,36,25,3,465,0,0,8,0,8,401,36,33,3,473,0,0,0,473
05/17/2015,SAN,CA,AWP,WE,Towers with Radar,457,44,32,2,535,0,2,4,3,9,457,46,36,5,544,0,0,0,544
05/18/2015,SAN,CA,AWP,WE,Towers with Radar,474,53,18,0,545,0,1,0,0,1,474,54,18,0,546,0,0,0,546
05/19/2015,SAN,CA,AWP,WE,Towers with Radar,469,63,32,2,566,0,0,4,1,5,469,63,36,3,571,0,0,0,571
05/20/2015,SAN,CA,AWP,WE,Towers with Radar,482,54,36,2,574,0,1,4,2,7,482,55,40,4,581,0,0,0,581
05/21/2015,SAN,CA,AWP,WE,Towers with Radar,487,71,39,0,597,0,0,4,0,4,487,71,43,0,601,0,0,0,601
05/22/2015,SAN,CA,AWP,WE,Towers with Radar,487,69,32,2,590,0,3,3,1,7,487,72,35,3,597,0,0,0,597
05/23/2015,SAN,CA,AWP,WE,Towers with Radar,370,40,18,2,430,0,0,8,0,8,370,40,26,2,438,0,0,0,438
05/24/2015,SAN,CA,AWP,WE,Towers with Radar,383,44,18,1,446,1,0,3,1,5,384,44,21,2,451,0,0,0,451
05/25/2015,SAN,CA,AWP,WE,Towers with Radar,444,68,33,2,547,0,0,1,0,1,444,68,34,2,548,0,0,0,548
05/26/2015,SAN,CA,AWP,WE,Towers with Radar,458,59,23,4,544,0,0,1,1,2,458,59,24,5,546,0,0,0,546
05/27/2015,SAN,CA,AWP,WE,Towers with Radar,474,66,26,5,571,0,0,1,1,2,474,66,27,6,573,0,0,0,573
05/28/2015,SAN,CA,AWP,WE,Towers with Radar,486,58,28,0,572,0,0,1,0,1,486,58,29,0,573,0,0,0,573
05/29/2015,SAN,CA,AWP,WE,Towers with Radar,489,58,23,2,572,0,0,2,1,3,489,58,25,3,575,0,0,0,575
05/30/2015,SAN,CA,AWP,WE,Towers with Radar,407,38,13,0,458,0,0,3,0,3,407,38,16,0,461,0,0,0,461
05/31/2015,SAN,CA,AWP,WE,Towers with Radar,462,49,23,2,536,0,0,2,0,2,462,49,25,2,538,0,0,0,538
06/01/2015,SAN,CA,AWP,WE,Towers with Radar,474,65,24,0,563,0,0,1,0,1,474,65,25,0,564,0,0,0,564
06/02/2015,SAN,CA,AWP,WE,Towers with Radar,468,59,17,4,548,0,1,2,1,4,468,60,19,5,552,0,0,0,552
06/03/2015,SAN,CA,AWP,WE,Towers with Radar,480,62,12,2,556,0,1,0,0,1,480,63,12,2,557,0,0,0,557
06/04/2015,SAN,CA,AWP,WE,Towers with Radar,497,56,30,2,585,0,0,8,0,8,497,56,38,2,593,0,0,0,593
06/05/2015,SAN,CA,AWP,WE,Towers with Radar,493,58,24,0,575,0,0,3,0,3,493,58,27,0,578,0,0,0,578
06/06/2015,SAN,CA,AWP,WE,Towers with Radar,412,44,5,2,463,0,0,2,1,3,412,44,7,3,466,0,0,0,466
06/07/2015,SAN,CA,AWP,WE,Towers with Radar,468,52,25,0,545,0,1,7,0,8,468,53,32,0,553,0,0,0,553
06/08/2015,SAN,CA,AWP,WE,Towers with Radar,492,51,23,3,569,0,0,4,0,4,492,51,27,3,573,0,0,0,573
06/09/2015,SAN,CA,AWP,WE,Towers with Radar,492,54,16,0,562,0,0,2,2,4,492,54,18,2,566,0,0,0,566
06/10/2015,SAN,CA,AWP,WE,Towers with Radar,497,62,26,2,587,0,0,3,1,4,497,62,29,3,591,0,0,0,591
06/11/2015,SAN,CA,AWP,WE,Towers with Radar,492,58,26,3,579,0,0,0,0,0,492,58,26,3,579,0,0,0,579
06/12/2015,SAN,CA,AWP,WE,Towers with Radar,498,59,13,3,573,0,0,2,0,2,498,59,15,3,575,0,0,0,575
06/13/2015,SAN,CA,AWP,WE,Towers with Radar,445,35,14,4,498,0,2,1,0,3,445,37,15,4,501,0,0,0,501
06/14/2015,SAN,CA,AWP,WE,Towers with Radar,471,49,22,0,542,0,1,2,2,5,471,50,24,2,547,0,0,0,547
06/15/2015,SAN,CA,AWP,WE,Towers with Radar,491,55,16,0,562,0,0,3,1,4,491,55,19,1,566,0,0,0,566
06/16/2015,SAN,CA,AWP,WE,Towers with Radar,501,61,24,2,588,0,2,2,0,4,501,63,26,2,592,0,0,0,592
06/17/2015,SAN,CA,AWP,WE,Towers with Radar,487,51,13,3,554,0,0,7,3,10,487,51,20,6,564,0,0,0,564
06/18/2015,SAN,CA,AWP,WE,Towers with Radar,501,52,28,1,582,0,2,5,1,8,501,54,33,2,590,0,0,0,590
06/19/2015,SAN,CA,AWP,WE,Towers with Radar,504,56,28,4,592,0,1,5,3,9,504,57,33,7,601,0,0,0,601
06/20/2015,SAN,CA,AWP,WE,Towers with Radar,440,30,22,1,493,0,2,5,0,7,440,32,27,1,500,0,0,0,500
06/21/2015,SAN,CA,AWP,WE,Towers with Radar,469,52,15,0,536,0,1,2,0,3,469,53,17,0,539,0,0,0,539
06/22/2015,SAN,CA,AWP,WE,Towers with Radar,489,49,24,3,565,0,2,0,1,3,489,51,24,4,568,0,0,0,568
06/23/2015,SAN,CA,AWP,WE,Towers with Radar,499,51,33,0,583,0,1,3,0,4,499,52,36,0,587,0,0,0,587
06/24/2015,SAN,CA,AWP,WE,Towers with Radar,496,52,35,3,586,0,4,2,1,7,496,56,37,4,593,0,0,0,593
06/25/2015,SAN,CA,AWP,WE,Towers with Radar,497,58,31,0,586,0,1,12,2,15,497,59,43,2,601,0,0,0,601
06/26/2015,SAN,CA,AWP,WE,Towers with Radar,502,54,30,2,588,0,3,3,1,7,502,57,33,3,595,0,0,0,595
06/27/2015,SAN,CA,AWP,WE,Towers with Radar,446,43,20,0,509,0,0,4,1,5,446,43,24,1,514,0,0,0,514
06/28/2015,SAN,CA,AWP,WE,Towers with Radar,465,42,28,0,535,0,1,2,0,3,465,43,30,0,538,0,0,0,538
06/29/2015,SAN,CA,AWP,WE,Towers with Radar,486,53,13,2,554,0,2,1,1,4,486,55,14,3,558,0,0,0,558
06/30/2015,SAN,CA,AWP,WE,Towers with Radar,480,48,24,4,556,0,2,10,0,12,480,50,34,4,568,0,0,0,568
07/01/2015,SAN,CA,AWP,WE,Towers with Radar,503,45,22,4,574,0,3,2,0,5,503,48,24,4,579,0,0,0,579
07/02/2015,SAN,CA,AWP,WE,Towers with Radar,501,52,38,1,592,0,0,7,0,7,501,52,45,1,599,0,0,0,599
07/03/2015,SAN,CA,AWP,WE,Towers with Radar,445,48,16,0,509,0,1,6,0,7,445,49,22,0,516,0,0,0,516
07/04/2015,SAN,CA,AWP,WE,Towers with Radar,357,32,10,2,401,0,2,1,0,3,357,34,11,2,404,0,0,0,404
07/05/2015,SAN,CA,AWP,WE,Towers with Radar,475,47,48,0,570,0,5,10,0,15,475,52,58,0,585,0,0,0,585
07/06/2015,SAN,CA,AWP,WE,Towers with Radar,499,53,33,2,587,0,2,3,0,5,499,55,36,2,592,0,0,0,592
07/07/2015,SAN,CA,AWP,WE,Towers with Radar,501,62,15,1,579,0,3,3,1,7,501,65,18,2,586,0,0,0,586
07/08/2015,SAN,CA,AWP,WE,Towers with Radar,495,61,32,4,592,0,2,0,3,5,495,63,32,7,597,0,0,0,597
07/09/2015,SAN,CA,AWP,WE,Towers with Radar,501,60,18,0,579,0,1,7,1,9,501,61,25,1,588,0,0,0,588
07/10/2015,SAN,CA,AWP,WE,Towers with Radar,504,65,37,1,607,0,10,6,3,19,504,75,43,4,626,0,0,0,626
07/11/2015,SAN,CA,AWP,WE,Towers with Radar,456,57,41,2,556,0,2,5,0,7,456,59,46,2,563,0,0,0,563
07/12/2015,SAN,CA,AWP,WE,Towers with Radar,480,54,26,0,560,0,5,7,0,12,480,59,33,0,572,0,0,0,572
07/13/2015,SAN,CA,AWP,WE,Towers with Radar,502,53,21,0,576,0,4,3,0,7,502,57,24,0,583,0,0,0,583
07/14/2015,SAN,CA,AWP,WE,Towers with Radar,501,60,28,1,590,0,3,4,0,7,501,63,32,1,597,0,0,0,597
07/15/2015,SAN,CA,AWP,WE,Towers with Radar,499,59,30,1,589,0,0,4,0,4,499,59,34,1,593,0,0,0,593
07/16/2015,SAN,CA,AWP,WE,Towers with Radar,508,76,20,0,604,0,1,2,3,6,508,77,22,3,610,0,0,0,610
07/17/2015,SAN,CA,AWP,WE,Towers with Radar,510,52,24,0,586,0,0,2,0,2,510,52,26,0,588,0,0,0,588
07/18/2015,SAN,CA,AWP,WE,Towers with Radar,437,39,20,0,496,0,1,2,3,6,437,40,22,3,502,0,0,0,502
07/19/2015,SAN,CA,AWP,WE,Towers with Radar,482,47,31,2,562,0,4,4,0,8,482,51,35,2,570,0,0,0,570
07/20/2015,SAN,CA,AWP,WE,Towers with Radar,526,55,33,6,620,0,0,0,1,1,526,55,33,7,621,0,0,0,621
07/21/2015,SAN,CA,AWP,WE,Towers with Radar,496,61,40,6,603,0,0,2,1,3,496,61,42,7,606,0,0,0,606
07/22/2015,SAN,CA,AWP,WE,Towers with Radar,503,46,34,0,583,0,5,1,2,8,503,51,35,2,591,0,0,0,591
07/23/2015,SAN,CA,AWP,WE,Towers with Radar,510,55,38,0,603,0,2,3,1,6,510,57,41,1,609,0,0,0,609
07/24/2015,SAN,CA,AWP,WE,Towers with Radar,511,55,29,2,597,0,2,5,2,9,511,57,34,4,606,0,0,0,606
07/25/2015,SAN,CA,AWP,WE,Towers with Radar,465,52,22,1,540,0,2,5,0,7,465,54,27,1,547,0,0,0,547
07/26/2015,SAN,CA,AWP,WE,Towers with Radar,473,50,24,1,548,0,4,5,0,9,473,54,29,1,557,0,0,0,557
07/27/2015,SAN,CA,AWP,WE,Towers with Radar,509,54,26,0,589,0,4,1,0,5,509,58,27,0,594,0,0,0,594
07/28/2015,SAN,CA,AWP,WE,Towers with Radar,497,54,14,3,568,1,5,2,2,10,498,59,16,5,578,0,0,0,578
07/29/2015,SAN,CA,AWP,WE,Towers with Radar,509,61,13,7,590,0,2,3,3,8,509,63,16,10,598,0,0,0,598
07/30/2015,SAN,CA,AWP,WE,Towers with Radar,506,53,26,2,587,1,7,7,1,16,507,60,33,3,603,0,0,0,603
07/31/2015,SAN,CA,AWP,WE,Towers with Radar,511,52,25,2,590,0,4,2,0,6,511,56,27,2,596,0,0,0,596
08/01/2015,SAN,CA,AWP,WE,Towers with Radar,454,38,32,1,525,0,3,1,1,5,454,41,33,2,530,0,0,0,530
08/02/2015,SAN,CA,AWP,WE,Towers with Radar,469,41,23,4,537,0,1,2,0,3,469,42,25,4,540,0,0,0,540
08/03/2015,SAN,CA,AWP,WE,Towers with Radar,487,48,28,6,569,0,2,1,3,6,487,50,29,9,575,0,0,0,575
08/04/2015,SAN,CA,AWP,WE,Towers with Radar,495,40,34,0,569,0,5,3,1,9,495,45,37,1,578,0,0,0,578
08/05/2015,SAN,CA,AWP,WE,Towers with Radar,503,49,22,2,576,0,4,3,4,11,503,53,25,6,587,0,0,0,587
08/06/2015,SAN,CA,AWP,WE,Towers with Radar,499,43,37,1,580,0,3,1,2,6,499,46,38,3,586,0,0,0,586
08/07/2015,SAN,CA,AWP,WE,Towers with Radar,498,39,13,0,550,0,5,1,2,8,498,44,14,2,558,0,0,0,558
08/08/2015,SAN,CA,AWP,WE,Towers with Radar,454,40,28,0,522,0,0,7,1,8,454,40,35,1,530,0,0,0,530
08/09/2015,SAN,CA,AWP,WE,Towers with Radar,456,42,23,2,523,0,1,1,1,3,456,43,24,3,526,0,0,0,526
08/10/2015,SAN,CA,AWP,WE,Towers with Radar,489,50,12,3,554,0,0,5,0,5,489,50,17,3,559,0,0,0,559
08/11/2015,SAN,CA,AWP,WE,Towers with Radar,480,35,27,1,543,0,2,0,2,4,480,37,27,3,547,0,0,0,547
08/12/2015,SAN,CA,AWP,WE,Towers with Radar,480,44,29,4,557,0,3,4,1,8,480,47,33,5,565,0,0,0,565
08/13/2015,SAN,CA,AWP,WE,Towers with Radar,489,41,22,0,552,0,4,4,1,9,489,45,26,1,561,0,0,0,561
08/14/2015,SAN,CA,AWP,WE,Towers with Radar,491,48,21,1,561,0,4,5,1,10,491,52,26,2,571,0,0,0,571
08/15/2015,SAN,CA,AWP,WE,Towers with Radar,437,43,10,1,491,0,0,4,0,4,437,43,14,1,495,0,0,0,495
08/16/2015,SAN,CA,AWP,WE,Towers with Radar,467,41,25,0,533,0,3,5,0,8,467,44,30,0,541,0,0,0,541
08/17/2015,SAN,CA,AWP,WE,Towers with Radar,488,32,28,0,548,0,2,0,1,3,488,34,28,1,551,0,0,0,551
08/18/2015,SAN,CA,AWP,WE,Towers with Radar,471,55,25,0,551,0,0,2,2,4,471,55,27,2,555,0,0,0,555
08/19/2015,SAN,CA,AWP,WE,Towers with Radar,469,39,14,4,526,0,4,4,3,11,469,43,18,7,537,0,0,0,537
08/20/2015,SAN,CA,AWP,WE,Towers with Radar,469,50,13,2,534,0,2,4,4,10,469,52,17,6,544,0,0,0,544
08/21/2015,SAN,CA,AWP,WE,Towers with Radar,472,46,31,0,549,1,4,1,2,8,473,50,32,2,557,0,0,0,557
08/22/2015,SAN,CA,AWP,WE,Towers with Radar,406,27,21,2,456,1,0,5,1,7,407,27,26,3,463,0,0,0,463
08/23/2015,SAN,CA,AWP,WE,Towers with Radar,465,37,29,0,531,0,0,5,1,6,465,37,34,1,537,0,0,0,537
08/24/2015,SAN,CA,AWP,WE,Towers with Radar,462,49,16,1,528,0,4,5,2,11,462,53,21,3,539,0,0,0,539
08/25/2015,SAN,CA,AWP,WE,Towers with Radar,455,46,23,1,525,0,4,2,0,6,455,50,25,1,531,0,0,0,531
08/26/2015,SAN,CA,AWP,WE,Towers with Radar,463,50,20,4,537,0,2,4,1,7,463,52,24,5,544,0,0,0,544
08/27/2015,SAN,CA,AWP,WE,Towers with Radar,473,57,26,3,559,0,2,4,2,8,473,59,30,5,567,0,0,0,567
08/28/2015,SAN,CA,AWP,WE,Towers with Radar,476,45,32,2,555,0,2,6,2,10,476,47,38,4,565,0,0,0,565
08/29/2015,SAN,CA,AWP,WE,Towers with Radar,402,36,12,0,450,0,1,5,1,7,402,37,17,1,457,0,0,0,457
08/30/2015,SAN,CA,AWP,WE,Towers with Radar,450,27,13,0,490,0,1,5,0,6,450,28,18,0,496,0,0,0,496
08/31/2015,SAN,CA,AWP,WE,Towers with Radar,469,45,10,4,528,0,0,0,0,0,469,45,10,4,528,0,0,0,528
09/01/2015,SAN,CA,AWP,WE,Towers with Radar,455,34,21,0,510,0,2,3,0,5,455,36,24,0,515,0,0,0,515
09/02/2015,SAN,CA,AWP,WE,Towers with Radar,460,35,23,1,519,0,2,3,4,9,460,37,26,5,528,0,0,0,528
09/03/2015,SAN,CA,AWP,WE,Towers with Radar,476,52,12,3,543,0,0,0,0,0,476,52,12,3,543,0,0,0,543
09/04/2015,SAN,CA,AWP,WE,Towers with Radar,477,55,21,1,554,0,2,3,3,8,477,57,24,4,562,0,0,0,562
09/05/2015,SAN,CA,AWP,WE,Towers with Radar,361,37,10,1,409,0,2,2,1,5,361,39,12,2,414,0,0,0,414
09/06/2015,SAN,CA,AWP,WE,Towers with Radar,371,30,8,0,409,0,2,6,0,8,371,32,14,0,417,0,0,0,417
09/07/2015,SAN,CA,AWP,WE,Towers with Radar,428,53,34,0,515,0,4,4,1,9,428,57,38,1,524,0,0,0,524
09/08/2015,SAN,CA,AWP,WE,Towers with Radar,446,61,24,0,531,0,3,2,2,7,446,64,26,2,538,0,0,0,538
09/09/2015,SAN,CA,AWP,WE,Towers with Radar,460,40,30,0,530,0,2,5,1,8,460,42,35,1,538,0,0,0,538
09/10/2015,SAN,CA,AWP,WE,Towers with Radar,452,49,15,0,516,0,3,1,1,5,452,52,16,1,521,0,0,0,521
09/11/2015,SAN,CA,AWP,WE,Towers with Radar,442,53,26,0,521,0,3,8,2,13,442,56,34,2,534,0,0,0,534
09/12/2015,SAN,CA,AWP,WE,Towers with Radar,389,44,14,0,447,0,1,3,0,4,389,45,17,0,451,0,0,0,451
09/13/2015,SAN,CA,AWP,WE,Towers with Radar,428,41,29,0,498,0,2,5,3,10,428,43,34,3,508,0,0,0,508
09/14/2015,SAN,CA,AWP,WE,Towers with Radar,440,43,26,1,510,0,4,2,3,9,440,47,28,4,519,0,0,0,519
09/15/2015,SAN,CA,AWP,WE,Towers with Radar,459,47,25,0,531,0,0,0,0,0,459,47,25,0,531,0,0,0,531
09/16/2015,SAN,CA,AWP,WE,Towers with Radar,447,49,25,0,521,0,0,3,1,4,447,49,28,1,525,0,0,0,525
09/17/2015,SAN,CA,AWP,WE,Towers with Radar,455,44,38,1,538,0,4,9,1,14,455,48,47,2,552,0,0,0,552
09/18/2015,SAN,CA,AWP,WE,Towers with Radar,471,46,19,1,537,0,4,8,4,16,471,50,27,5,553,0,0,0,553
09/19/2015,SAN,CA,AWP,WE,Towers with Radar,385,41,12,0,438,0,2,6,0,8,385,43,18,0,446,0,0,0,446
09/20/2015,SAN,CA,AWP,WE,Towers with Radar,441,38,20,0,499,0,5,8,0,13,441,43,28,0,512,0,0,0,512
09/21/2015,SAN,CA,AWP,WE,Towers with Radar,457,43,17,2,519,0,3,7,0,10,457,46,24,2,529,0,0,0,529
09/22/2015,SAN,CA,AWP,WE,Towers with Radar,435,43,16,0,494,0,5,1,0,6,435,48,17,0,500,0,0,0,500
09/23/2015,SAN,CA,AWP,WE,Towers with Radar,438,34,26,0,498,0,7,4,4,15,438,41,30,4,513,0,0,0,513
09/24/2015,SAN,CA,AWP,WE,Towers with Radar,464,39,33,1,537,0,5,3,4,12,464,44,36,5,549,0,0,0,549
09/25/2015,SAN,CA,AWP,WE,Towers with Radar,463,51,32,2,548,0,7,3,1,11,463,58,35,3,559,0,0,0,559
09/26/2015,SAN,CA,AWP,WE,Towers with Radar,381,36,8,0,425,0,1,4,1,6,381,37,12,1,431,0,0,0,431
09/27/2015,SAN,CA,AWP,WE,Towers with Radar,440,40,20,0,500,0,5,1,0,6,440,45,21,0,506,0,0,0,506
09/28/2015,SAN,CA,AWP,WE,Towers with Radar,457,37,27,1,522,0,3,2,1,6,457,40,29,2,528,0,0,0,528
09/29/2015,SAN,CA,AWP,WE,Towers with Radar,440,49,25,1,515,0,2,2,2,6,440,51,27,3,521,0,0,0,521
09/30/2015,SAN,CA,AWP,WE,Towers with Radar,455,56,20,2,533,0,1,2,2,5,455,57,22,4,538,0,0,0,538
10/01/2015,SAN,CA,AWP,WE,Towers with Radar,458,54,16,1,529,0,5,3,2,10,458,59,19,3,539,0,0,0,539
10/02/2015,SAN,CA,AWP,WE,Towers with Radar,467,54,14,1,536,0,4,9,0,13,467,58,23,1,549,0,0,0,549
10/03/2015,SAN,CA,AWP,WE,Towers with Radar,379,35,11,2,427,0,1,2,1,4,379,36,13,3,431,0,0,0,431
10/04/2015,SAN,CA,AWP,WE,Towers with Radar,440,35,35,0,510,0,1,5,1,7,440,36,40,1,517,0,0,0,517
10/05/2015,SAN,CA,AWP,WE,Towers with Radar,478,37,26,0,541,0,1,6,1,8,478,38,32,1,549,0,0,0,549
10/06/2015,SAN,CA,AWP,WE,Towers with Radar,463,30,21,2,516,1,2,4,0,7,464,32,25,2,523,0,0,0,523
10/07/2015,SAN,CA,AWP,WE,Towers with Radar,468,23,21,2,514,0,3,5,1,9,468,26,26,3,523,0,0,0,523
10/08/2015,SAN,CA,AWP,WE,Towers with Radar,476,29,22,0,527,0,3,1,0,4,476,32,23,0,531,0,0,0,531
10/09/2015,SAN,CA,AWP,WE,Towers with Radar,490,37,27,0,554,0,4,2,1,7,490,41,29,1,561,0,0,0,561
10/10/2015,SAN,CA,AWP,WE,Towers with Radar,400,16,14,1,431,0,1,8,1,10,400,17,22,2,441,0,0,0,441
10/11/2015,SAN,CA,AWP,WE,Towers with Radar,450,28,17,0,495,0,1,7,2,10,450,29,24,2,505,0,0,0,505
10/12/2015,SAN,CA,AWP,WE,Towers with Radar,475,55,33,1,564,0,1,2,2,5,475,56,35,3,569,0,0,0,569
10/13/2015,SAN,CA,AWP,WE,Towers with Radar,463,20,13,1,497,0,4,3,0,7,463,24,16,1,504,0,0,0,504
10/14/2015,SAN,CA,AWP,WE,Towers with Radar,475,37,12,0,524,0,2,3,4,9,475,39,15,4,533,0,0,0,533
10/15/2015,SAN,CA,AWP,WE,Towers with Radar,477,49,27,2,555,0,0,6,2,8,477,49,33,4,563,0,0,0,563
10/16/2015,SAN,CA,AWP,WE,Towers with Radar,496,40,19,0,555,0,0,0,1,1,496,40,19,1,556,0,0,0,556
10/17/2015,SAN,CA,AWP,WE,Towers with Radar,392,21,16,0,429,0,0,4,0,4,392,21,20,0,433,0,0,0,433
10/18/2015,SAN,CA,AWP,WE,Towers with Radar,446,37,25,1,509,0,0,3,0,3,446,37,28,1,512,0,0,0,512
10/19/2015,SAN,CA,AWP,WE,Towers with Radar,479,40,22,1,542,0,0,3,4,7,479,40,25,5,549,0,0,0,549
10/20/2015,SAN,CA,AWP,WE,Towers with Radar,463,25,24,0,512,0,0,3,2,5,463,25,27,2,517,0,0,0,517
10/21/2015,SAN,CA,AWP,WE,Towers with Radar,473,45,16,2,536,0,0,9,4,13,473,45,25,6,549,0,0,0,549
10/22/2015,SAN,CA,AWP,WE,Towers with Radar,478,31,22,2,533,0,1,3,2,6,478,32,25,4,539,0,0,0,539
10/23/2015,SAN,CA,AWP,WE,Towers with Radar,474,39,24,5,542,0,2,9,0,11,474,41,33,5,553,0,0,0,553
10/24/2015,SAN,CA,AWP,WE,Towers with Radar,399,22,16,0,437,0,5,12,1,18,399,27,28,1,455,0,0,0,455
10/25/2015,SAN,CA,AWP,WE,Towers with Radar,445,40,25,1,511,0,2,4,0,6,445,42,29,1,517,0,0,0,517
10/26/2015,SAN,CA,AWP,WE,Towers with Radar,458,36,23,7,524,0,3,2,3,8,458,39,25,10,532,0,0,0,532
10/27/2015,SAN,CA,AWP,WE,Towers with Radar,441,34,23,0,498,0,3,2,1,6,441,37,25,1,504,0,0,0,504
10/28/2015,SAN,CA,AWP,WE,Towers with Radar,458,34,12,0,504,0,1,4,2,7,458,35,16,2,511,0,0,0,511
10/29/2015,SAN,CA,AWP,WE,Towers with Radar,464,30,23,1,518,0,2,12,2,16,464,32,35,3,534,0,0,0,534
10/30/2015,SAN,CA,AWP,WE,Towers with Radar,465,28,14,0,507,0,3,9,0,12,465,31,23,0,519,0,0,0,519
10/31/2015,SAN,CA,AWP,WE,Towers with Radar,360,24,8,0,392,0,0,9,0,9,360,24,17,0,401,0,0,0,401
11/01/2015,SAN,CA,AWP,WE,Towers with Radar,438,24,18,0,480,0,5,10,0,15,438,29,28,0,495,0,0,0,495
11/02/2015,SAN,CA,AWP,WE,Towers with Radar,469,34,27,0,530,0,0,2,1,3,469,34,29,1,533,0,0,0,533
11/03/2015,SAN,CA,AWP,WE,Towers with Radar,442,32,25,0,499,0,2,5,0,7,442,34,30,0,506,0,0,0,506
11/04/2015,SAN,CA,AWP,WE,Towers with Radar,390,37,18,0,445,0,1,6,3,10,390,38,24,3,455,0,0,0,455
11/05/2015,SAN,CA,AWP,WE,Towers with Radar,465,42,38,1,546,0,0,4,2,6,465,42,42,3,552,0,0,0,552
11/06/2015,SAN,CA,AWP,WE,Towers with Radar,483,51,35,0,569,0,2,7,0,9,483,53,42,0,578,0,0,0,578
11/07/2015,SAN,CA,AWP,WE,Towers with Radar,388,22,11,0,421,0,2,12,0,14,388,24,23,0,435,0,0,0,435
11/08/2015,SAN,CA,AWP,WE,Towers with Radar,442,31,25,1,499,0,4,10,1,15,442,35,35,2,514,0,0,0,514
11/09/2015,SAN,CA,AWP,WE,Towers with Radar,466,43,46,0,555,0,0,3,1,4,466,43,49,1,559,0,0,0,559
11/10/2015,SAN,CA,AWP,WE,Towers with Radar,446,42,34,2,524,0,2,0,2,4,446,44,34,4,528,0,0,0,528
11/11/2015,SAN,CA,AWP,WE,Towers with Radar,469,36,22,0,527,0,2,5,1,8,469,38,27,1,535,0,0,0,535
11/12/2015,SAN,CA,AWP,WE,Towers with Radar,469,37,29,1,536,0,0,3,3,6,469,37,32,4,542,0,0,0,542
11/13/2015,SAN,CA,AWP,WE,Towers with Radar,471,46,26,2,545,0,1,4,0,5,471,47,30,2,550,0,0,0,550
11/14/2015,SAN,CA,AWP,WE,Towers with Radar,383,22,12,0,417,0,3,10,0,13,383,25,22,0,430,0,0,0,430
11/15/2015,SAN,CA,AWP,WE,Towers with Radar,441,32,15,2,490,0,0,3,1,4,441,32,18,3,494,0,0,0,494
11/16/2015,SAN,CA,AWP,WE,Towers with Radar,463,34,23,0,520,0,1,0,1,2,463,35,23,1,522,0,0,0,522
11/17/2015,SAN,CA,AWP,WE,Towers with Radar,438,33,22,4,497,0,0,1,1,2,438,33,23,5,499,0,0,0,499
11/18/2015,SAN,CA,AWP,WE,Towers with Radar,469,42,18,0,529,0,2,6,2,10,469,44,24,2,539,0,0,0,539
11/19/2015,SAN,CA,AWP,WE,Towers with Radar,473,69,42,2,586,0,1,2,4,7,473,70,44,6,593,0,0,0,593
11/20/2015,SAN,CA,AWP,WE,Towers with Radar,480,38,46,2,566,0,4,10,4,18,480,42,56,6,584,0,0,0,584
11/21/2015,SAN,CA,AWP,WE,Towers with Radar,378,31,23,0,432,0,2,11,1,14,378,33,34,1,446,0,0,0,446
11/22/2015,SAN,CA,AWP,WE,Towers with Radar,446,18,18,2,484,0,3,8,0,11,446,21,26,2,495,0,0,0,495
11/23/2015,SAN,CA,AWP,WE,Towers with Radar,386,35,21,2,444,0,2,2,5,9,386,37,23,7,453,0,0,0,453
11/24/2015,SAN,CA,AWP,WE,Towers with Radar,518,42,20,2,582,0,0,2,0,2,518,42,22,2,584,0,0,0,584
11/25/2015,SAN,CA,AWP,WE,Towers with Radar,511,31,14,0,556,0,0,5,2,7,511,31,19,2,563,0,0,0,563
11/26/2015,SAN,CA,AWP,WE,Towers with Radar,298,16,11,0,325,0,0,7,0,7,298,16,18,0,332,0,0,0,332
11/27/2015,SAN,CA,AWP,WE,Towers with Radar,374,37,8,0,419,0,3,4,1,8,374,40,12,1,427,0,0,0,427
11/28/2015,SAN,CA,AWP,WE,Towers with Radar,452,26,13,1,492,0,2,6,1,9,452,28,19,2,501,0,0,0,501
11/29/2015,SAN,CA,AWP,WE,Towers with Radar,506,36,27,0,569,0,2,7,0,9,506,38,34,0,578,0,0,0,578
11/30/2015,SAN,CA,AWP,WE,Towers with Radar,503,30,21,3,557,0,5,0,1,6,503,35,21,4,563,0,0,0,563
12/01/2015,SAN,CA,AWP,WE,Towers with Radar,452,29,19,2,502,0,2,3,4,9,452,31,22,6,511,0,0,0,511
12/02/2015,SAN,CA,AWP,WE,Towers with Radar,448,31,16,3,498,0,4,11,1,16,448,35,27,4,514,0,0,0,514
12/03/2015,SAN,CA,AWP,WE,Towers with Radar,455,41,20,2,518,0,2,3,1,6,455,43,23,3,524,0,0,0,524
12/04/2015,SAN,CA,AWP,WE,Towers with Radar,464,34,25,1,524,0,3,6,2,11,464,37,31,3,535,0,0,0,535
12/05/2015,SAN,CA,AWP,WE,Towers with Radar,380,20,12,2,414,0,3,7,1,11,380,23,19,3,425,0,0,0,425
12/06/2015,SAN,CA,AWP,WE,Towers with Radar,440,30,29,2,501,0,2,2,1,5,440,32,31,3,506,0,0,0,506
12/07/2015,SAN,CA,AWP,WE,Towers with Radar,459,31,13,0,503,0,2,4,1,7,459,33,17,1,510,0,0,0,510
12/08/2015,SAN,CA,AWP,WE,Towers with Radar,434,30,13,1,478,0,2,4,1,7,434,32,17,2,485,0,0,0,485
12/09/2015,SAN,CA,AWP,WE,Towers with Radar,450,37,22,0,509,0,2,1,1,4,450,39,23,1,513,0,0,0,513
12/10/2015,SAN,CA,AWP,WE,Towers with Radar,460,43,20,0,523,0,0,3,1,4,460,43,23,1,527,0,0,0,527
12/11/2015,SAN,CA,AWP,WE,Towers with Radar,465,39,19,0,523,0,4,1,1,6,465,43,20,1,529,0,0,0,529
12/12/2015,SAN,CA,AWP,WE,Towers with Radar,371,25,18,0,414,0,4,5,0,9,371,29,23,0,423,0,0,0,423
12/13/2015,SAN,CA,AWP,WE,Towers with Radar,441,35,20,0,496,0,0,4,1,5,441,35,24,1,501,0,0,0,501
12/14/2015,SAN,CA,AWP,WE,Towers with Radar,448,37,24,2,511,0,1,0,2,3,448,38,24,4,514,0,0,0,514
12/15/2015,SAN,CA,AWP,WE,Towers with Radar,445,35,15,8,503,0,5,3,3,11,445,40,18,11,514,0,0,0,514
12/16/2015,SAN,CA,AWP,WE,Towers with Radar,465,41,11,3,520,0,3,3,4,10,465,44,14,7,530,0,0,0,530
12/17/2015,SAN,CA,AWP,WE,Towers with Radar,492,34,14,0,540,0,4,5,1,10,492,38,19,1,550,0,0,0,550
12/18/2015,SAN,CA,AWP,WE,Towers with Radar,498,40,20,2,560,0,2,8,2,12,498,42,28,4,572,0,0,0,572
12/19/2015,SAN,CA,AWP,WE,Towers with Radar,445,34,10,0,489,0,1,4,0,5,445,35,14,0,494,0,0,0,494
12/20/2015,SAN,CA,AWP,WE,Towers with Radar,461,35,20,0,516,0,0,4,0,4,461,35,24,0,520,0,0,0,520
12/21/2015,SAN,CA,AWP,WE,Towers with Radar,484,37,11,0,532,0,0,0,2,2,484,37,11,2,534,0,0,0,534
12/22/2015,SAN,CA,AWP,WE,Towers with Radar,503,27,21,0,551,0,0,0,0,0,503,27,21,0,551,0,0,0,551
12/23/2015,SAN,CA,AWP,WE,Towers with Radar,517,35,22,0,574,0,0,3,2,5,517,35,25,2,579,0,0,0,579
12/24/2015,SAN,CA,AWP,WE,Towers with Radar,430,38,9,0,477,0,1,2,0,3,430,39,11,0,480,0,0,0,480
12/25/2015,SAN,CA,AWP,WE,Towers with Radar,389,25,4,0,418,0,0,0,0,0,389,25,4,0,418,0,0,0,418
12/26/2015,SAN,CA,AWP,WE,Towers with Radar,438,36,24,0,498,0,0,3,2,5,438,36,27,2,503,0,0,0,503
12/27/2015,SAN,CA,AWP,WE,Towers with Radar,482,26,14,1,523,0,6,6,1,13,482,32,20,2,536,0,0,0,536
12/28/2015,SAN,CA,AWP,WE,Towers with Radar,469,30,15,0,514,0,0,0,1,1,469,30,15,1,515,0,0,0,515
12/29/2015,SAN,CA,AWP,WE,Towers with Radar,481,43,23,2,549,0,1,1,2,4,481,44,24,4,553,0,0,0,553
12/30/2015,SAN,CA,AWP,WE,Towers with Radar,489,36,17,0,542,0,2,3,0,5,489,38,20,0,547,0,0,0,547
12/31/2015,SAN,CA,AWP,WE,Towers with Radar,407,39,19,0,465,0,4,4,0,8,407,43,23,0,473,0,0,0,473
01/01/2016,SAN,CA,AWP,WE,Towers with Radar,401,20,10,0,431,0,2,3,2,7,401,22,13,2,438,0,0,0,438
01/02/2016,SAN,CA,AWP,WE,Towers with Radar,466,19,33,0,518,0,3,8,1,12,466,22,41,1,530,0,0,0,530
01/03/2016,SAN,CA,AWP,WE,Towers with Radar,502,23,32,0,557,0,2,8,1,11,502,25,40,1,568,0,0,0,568
01/04/2016,SAN,CA,AWP,WE,Towers with Radar,477,43,16,2,538,0,0,1,0,1,477,43,17,2,539,0,0,0,539
01/05/2016,SAN,CA,AWP,WE,Towers with Radar,428,41,22,2,493,0,0,0,0,0,428,41,22,2,493,0,0,0,493
01/06/2016,SAN,CA,AWP,WE,Towers with Radar,432,38,18,0,488,0,0,0,1,1,432,38,18,1,489,0,0,0,489
01/07/2016,SAN,CA,AWP,WE,Towers with Radar,477,35,21,0,533,0,0,0,1,1,477,35,21,1,534,0,0,0,534
01/08/2016,SAN,CA,AWP,WE,Towers with Radar,469,40,11,1,521,0,0,3,1,4,469,40,14,2,525,0,0,0,525
01/09/2016,SAN,CA,AWP,WE,Towers with Radar,356,11,9,1,377,0,1,5,0,6,356,12,14,1,383,0,0,0,383
01/10/2016,SAN,CA,AWP,WE,Towers with Radar,422,25,18,0,465,0,0,4,0,4,422,25,22,0,469,0,0,0,469
01/11/2016,SAN,CA,AWP,WE,Towers with Radar,466,23,23,0,512,0,0,2,0,2,466,23,25,0,514,0,0,0,514
01/12/2016,SAN,CA,AWP,WE,Towers with Radar,441,30,14,0,485,0,2,2,3,7,441,32,16,3,492,0,0,0,492
01/13/2016,SAN,CA,AWP,WE,Towers with Radar,447,36,36,0,519,0,0,0,3,3,447,36,36,3,522,0,0,0,522
01/14/2016,SAN,CA,AWP,WE,Towers with Radar,466,43,21,2,532,0,0,1,0,1,466,43,22,2,533,0,0,0,533
01/15/2016,SAN,CA,AWP,WE,Towers with Radar,474,31,27,1,533,0,0,2,0,2,474,31,29,1,535,0,0,0,535
01/16/2016,SAN,CA,AWP,WE,Towers with Radar,339,16,17,7,379,0,0,4,0,4,339,16,21,7,383,0,0,0,383
01/17/2016,SAN,CA,AWP,WE,Towers with Radar,398,21,16,7,442,0,0,7,1,8,398,21,23,8,450,0,0,0,450
01/18/2016,SAN,CA,AWP,WE,Towers with Radar,464,28,21,1,514,0,2,0,1,3,464,30,21,2,517,0,0,0,517
01/19/2016,SAN,CA,AWP,WE,Towers with Radar,426,29,25,1,481,0,0,0,1,1,426,29,25,2,482,0,0,0,482
01/20/2016,SAN,CA,AWP,WE,Towers with Radar,446,20,21,4,491,0,0,3,1,4,446,20,24,5,495,0,0,0,495
01/21/2016,SAN,CA,AWP,WE,Towers with Radar,476,26,17,0,519,0,0,1,1,2,476,26,18,1,521,0,0,0,521
01/22/2016,SAN,CA,AWP,WE,Towers with Radar,445,37,22,0,504,0,0,4,2,6,445,37,26,2,510,0,0,0,510
01/23/2016,SAN,CA,AWP,WE,Towers with Radar,334,17,10,0,361,0,0,2,0,2,334,17,12,0,363,0,0,0,363
01/24/2016,SAN,CA,AWP,WE,Towers with Radar,398,16,14,3,431,0,0,6,2,8,398,16,20,5,439,0,0,0,439
01/25/2016,SAN,CA,AWP,WE,Towers with Radar,460,36,18,0,514,0,1,7,1,9,460,37,25,1,523,0,0,0,523
01/26/2016,SAN,CA,AWP,WE,Towers with Radar,441,25,22,0,488,0,0,5,0,5,441,25,27,0,493,0,0,0,493
01/27/2016,SAN,CA,AWP,WE,Towers with Radar,446,32,34,0,512,0,2,2,3,7,446,34,36,3,519,0,0,0,519
01/28/2016,SAN,CA,AWP,WE,Towers with Radar,463,29,25,0,517,0,1,7,0,8,463,30,32,0,525,0,0,0,525
01/29/2016,SAN,CA,AWP,WE,Towers with Radar,475,27,29,0,531,0,1,2,0,3,475,28,31,0,534,0,0,0,534
01/30/2016,SAN,CA,AWP,WE,Towers with Radar,357,15,22,0,394,0,1,2,1,4,357,16,24,1,398,0,0,0,398
01/31/2016,SAN,CA,AWP,WE,Towers with Radar,434,23,20,0,477,0,0,0,0,0,434,23,20,0,477,0,0,0,477
02/01/2016,SAN,CA,AWP,WE,Towers with Radar,465,30,26,0,521,0,0,0,0,0,465,30,26,0,521,0,0,0,521
02/02/2016,SAN,CA,AWP,WE,Towers with Radar,438,25,22,0,485,0,0,2,1,3,438,25,24,1,488,0,0,0,488
02/03/2016,SAN,CA,AWP,WE,Towers with Radar,461,26,30,0,517,0,1,8,1,10,461,27,38,1,527,0,0,0,527
02/04/2016,SAN,CA,AWP,WE,Towers with Radar,471,28,23,2,524,0,0,3,3,6,471,28,26,5,530,0,0,0,530
02/05/2016,SAN,CA,AWP,WE,Towers with Radar,484,38,21,2,545,0,3,7,2,12,484,41,28,4,557,0,0,0,557
02/06/2016,SAN,CA,AWP,WE,Towers with Radar,347,21,23,0,391,0,5,3,0,8,347,26,26,0,399,0,0,0,399
02/07/2016,SAN,CA,AWP,WE,Towers with Radar,382,16,16,0,414,0,1,4,1,6,382,17,20,1,420,0,0,0,420
02/08/2016,SAN,CA,AWP,WE,Towers with Radar,475,27,26,4,532,0,0,4,3,7,475,27,30,7,539,0,0,0,539
02/09/2016,SAN,CA,AWP,WE,Towers with Radar,442,40,22,6,510,0,6,8,3,17,442,46,30,9,527,0,0,0,527
02/10/2016,SAN,CA,AWP,WE,Towers with Radar,452,29,24,0,505,0,1,3,2,6,452,30,27,2,511,0,0,0,511
02/11/2016,SAN,CA,AWP,WE,Towers with Radar,485,38,29,2,554,0,1,4,5,10,485,39,33,7,564,0,0,0,564
02/12/2016,SAN,CA,AWP,WE,Towers with Radar,479,42,16,0,537,0,1,11,0,12,479,43,27,0,549,0,0,0,549
02/13/2016,SAN,CA,AWP,WE,Towers with Radar,366,20,15,0,401,0,1,10,0,11,366,21,25,0,412,0,0,0,412
02/14/2016,SAN,CA,AWP,WE,Towers with Radar,413,16,17,0,446,0,1,12,0,13,413,17,29,0,459,0,0,0,459
02/15/2016,SAN,CA,AWP,WE,Towers with Radar,468,25,14,1,508,0,0,6,2,8,468,25,20,3,516,0,0,0,516
02/16/2016,SAN,CA,AWP,WE,Towers with Radar,467,51,23,0,541,0,1,1,2,4,467,52,24,2,545,0,0,0,545
02/17/2016,SAN,CA,AWP,WE,Towers with Radar,454,34,21,8,517,0,0,1,2,3,454,34,22,10,520,0,0,0,520
02/18/2016,SAN,CA,AWP,WE,Towers with Radar,478,37,29,3,547,0,1,1,1,3,478,38,30,4,550,0,0,0,550
02/19/2016,SAN,CA,AWP,WE,Towers with Radar,481,27,12,11,531,0,1,7,1,9,481,28,19,12,540,0,0,0,540
02/20/2016,SAN,CA,AWP,WE,Towers with Radar,355,15,29,1,400,0,1,10,0,11,355,16,39,1,411,0,0,0,411
02/21/2016,SAN,CA,AWP,WE,Towers with Radar,427,28,12,6,473,0,1,11,0,12,427,29,23,6,485,0,0,0,485
02/22/2016,SAN,CA,AWP,WE,Towers with Radar,470,28,13,2,513,0,0,4,4,8,470,28,17,6,521,0,0,0,521
02/23/2016,SAN,CA,AWP,WE,Towers with Radar,454,35,14,2,505,0,0,3,1,4,454,35,17,3,509,0,0,0,509
02/24/2016,SAN,CA,AWP,WE,Towers with Radar,452,32,34,1,519,0,0,3,3,6,452,32,37,4,525,0,0,0,525
02/25/2016,SAN,CA,AWP,WE,Towers with Radar,476,32,33,8,549,0,0,7,1,8,476,32,40,9,557,0,0,0,557
02/26/2016,SAN,CA,AWP,WE,Towers with Radar,481,47,21,0,549,0,1,1,5,7,481,48,22,5,556,0,0,0,556
02/27/2016,SAN,CA,AWP,WE,Towers with Radar,363,27,9,1,400,0,1,7,1,9,363,28,16,2,409,0,0,0,409
02/28/2016,SAN,CA,AWP,WE,Towers with Radar,434,23,15,3,475,0,0,2,0,2,434,23,17,3,477,0,0,0,477
02/29/2016,SAN,CA,AWP,WE,Towers with Radar,475,34,20,1,530,0,3,0,1,4,475,37,20,2,534,0,0,0,534
03/01/2016,SAN,CA,AWP,WE,Towers with Radar,446,39,19,0,504,0,0,0,1,1,446,39,19,1,505,0,0,0,505
03/02/2016,SAN,CA,AWP,WE,Towers with Radar,446,31,25,0,502,0,0,3,0,3,446,31,28,0,505,0,0,0,505
03/03/2016,SAN,CA,AWP,WE,Towers with Radar,481,36,20,1,538,0,0,0,1,1,481,36,20,2,539,0,0,0,539
03/04/2016,SAN,CA,AWP,WE,Towers with Radar,486,30,10,1,527,0,0,0,0,0,486,30,10,1,527,0,0,0,527
03/05/2016,SAN,CA,AWP,WE,Towers with Radar,394,23,18,0,435,0,2,0,0,2,394,25,18,0,437,0,0,0,437
03/06/2016,SAN,CA,AWP,WE,Towers with Radar,448,31,14,0,493,0,0,0,0,0,448,31,14,0,493,0,0,0,493
03/07/2016,SAN,CA,AWP,WE,Towers with Radar,481,36,25,0,542,0,1,0,0,1,481,37,25,0,543,0,0,0,543
03/08/2016,SAN,CA,AWP,WE,Towers with Radar,452,36,25,1,514,0,1,3,1,5,452,37,28,2,519,0,0,0,519
03/09/2016,SAN,CA,AWP,WE,Towers with Radar,449,46,33,0,528,0,0,2,4,6,449,46,35,4,534,0,0,0,534
03/10/2016,SAN,CA,AWP,WE,Towers with Radar,485,48,22,2,557,0,1,4,0,5,485,49,26,2,562,0,0,0,562
03/11/2016,SAN,CA,AWP,WE,Towers with Radar,495,39,22,0,556,0,0,2,2,4,495,39,24,2,560,0,0,0,560
03/12/2016,SAN,CA,AWP,WE,Towers with Radar,415,24,13,2,454,0,1,1,1,3,415,25,14,3,457,0,0,0,457
03/13/2016,SAN,CA,AWP,WE,Towers with Radar,444,30,11,0,485,0,0,2,0,2,444,30,13,0,487,0,0,0,487
03/14/2016,SAN,CA,AWP,WE,Towers with Radar,482,37,23,0,542,0,0,1,1,2,482,37,24,1,544,0,0,0,544
03/15/2016,SAN,CA,AWP,WE,Towers with Radar,466,34,30,2,532,0,0,6,2,8,466,34,36,4,540,0,0,0,540
03/16/2016,SAN,CA,AWP,WE,Towers with Radar,485,37,32,0,554,0,3,1,2,6,485,40,33,2,560,0,0,0,560
03/17/2016,SAN,CA,AWP,WE,Towers with Radar,485,36,22,0,543,0,1,1,1,3,485,37,23,1,546,0,0,0,546
03/18/2016,SAN,CA,AWP,WE,Towers with Radar,510,45,18,0,573,0,1,3,2,6,510,46,21,2,579,0,0,0,579
03/19/2016,SAN,CA,AWP,WE,Towers with Radar,419,24,24,0,467,0,1,4,0,5,419,25,28,0,472,0,0,0,472
03/20/2016,SAN,CA,AWP,WE,Towers with Radar,463,34,29,0,526,0,0,4,1,5,463,34,33,1,531,0,0,0,531
03/21/2016,SAN,CA,AWP,WE,Towers with Radar,483,28,20,0,531,0,1,0,0,1,483,29,20,0,532,0,0,0,532
03/22/2016,SAN,CA,AWP,WE,Towers with Radar,479,22,16,0,517,0,0,5,2,7,479,22,21,2,524,0,0,0,524
03/23/2016,SAN,CA,AWP,WE,Towers with Radar,455,35,27,4,521,0,2,7,2,11,455,37,34,6,532,0,0,0,532
03/24/2016,SAN,CA,AWP,WE,Towers with Radar,486,34,26,3,549,0,3,3,0,6,486,37,29,3,555,0,0,0,555
03/25/2016,SAN,CA,AWP,WE,Towers with Radar,504,25,20,0,549,0,0,3,0,3,504,25,23,0,552,0,0,0,552
03/26/2016,SAN,CA,AWP,WE,Towers with Radar,416,18,15,0,449,0,1,3,1,5,416,19,18,1,454,0,0,0,454
03/27/2016,SAN,CA,AWP,WE,Towers with Radar,461,19,16,0,496,0,0,4,0,4,461,19,20,0,500,0,0,0,500
03/28/2016,SAN,CA,AWP,WE,Towers with Radar,483,28,23,0,534,0,0,2,2,4,483,28,25,2,538,0,0,0,538
03/29/2016,SAN,CA,AWP,WE,Towers with Radar,464,24,16,0,504,0,0,1,1,2,464,24,17,1,506,0,0,0,506
03/30/2016,SAN,CA,AWP,WE,Towers with Radar,476,26,20,2,524,0,2,6,4,12,476,28,26,6,536,0,0,0,536
03/31/2016,SAN,CA,AWP,WE,Towers with Radar,483,31,20,2,536,0,4,7,0,11,483,35,27,2,547,0,0,0,547
04/01/2016,SAN,CA,AWP,WE,Towers with Radar,489,26,17,0,532,0,1,4,2,7,489,27,21,2,539,0,0,0,539
04/02/2016,SAN,CA,AWP,WE,Towers with Radar,418,27,19,2,466,0,0,9,0,9,418,27,28,2,475,0,0,0,475
04/03/2016,SAN,CA,AWP,WE,Towers with Radar,458,28,30,1,517,0,2,1,1,4,458,30,31,2,521,0,0,0,521
04/04/2016,SAN,CA,AWP,WE,Towers with Radar,478,41,24,0,543,0,1,4,0,5,478,42,28,0,548,0,0,0,548
04/05/2016,SAN,CA,AWP,WE,Towers with Radar,484,40,24,0,548,0,2,4,0,6,484,42,28,0,554,0,0,0,554
04/06/2016,SAN,CA,AWP,WE,Towers with Radar,500,39,43,4,586,0,1,4,1,6,500,40,47,5,592,0,0,0,592
04/07/2016,SAN,CA,AWP,WE,Towers with Radar,483,51,36,3,573,0,0,6,1,7,483,51,42,4,580,0,0,0,580
04/08/2016,SAN,CA,AWP,WE,Towers with Radar,507,45,32,1,585,0,0,1,0,1,507,45,33,1,586,0,0,0,586
04/09/2016,SAN,CA,AWP,WE,Towers with Radar,411,28,21,2,462,0,0,1,0,1,411,28,22,2,463,0,0,0,463
04/10/2016,SAN,CA,AWP,WE,Towers with Radar,460,38,39,0,537,0,0,0,1,1,460,38,39,1,538,0,0,0,538
04/11/2016,SAN,CA,AWP,WE,Towers with Radar,487,47,30,3,567,0,0,4,0,4,487,47,34,3,571,0,0,0,571
04/12/2016,SAN,CA,AWP,WE,Towers with Radar,481,39,21,1,542,0,2,4,3,9,481,41,25,4,551,0,0,0,551
04/13/2016,SAN,CA,AWP,WE,Towers with Radar,490,34,32,1,557,0,3,4,1,8,490,37,36,2,565,0,0,0,565
04/14/2016,SAN,CA,AWP,WE,Towers with Radar,498,39,27,0,564,0,1,1,0,2,498,40,28,0,566,0,0,0,566
04/15/2016,SAN,CA,AWP,WE,Towers with Radar,501,29,33,0,563,0,3,5,0,8,501,32,38,0,571,0,0,0,571
04/16/2016,SAN,CA,AWP,WE,Towers with Radar,391,12,6,0,409,0,1,6,0,7,391,13,12,0,416,0,0,0,416
04/17/2016,SAN,CA,AWP,WE,Towers with Radar,460,30,18,0,508,0,1,7,1,9,460,31,25,1,517,0,0,0,517
04/18/2016,SAN,CA,AWP,WE,Towers with Radar,493,37,16,0,546,0,5,13,2,20,493,42,29,2,566,0,0,0,566
04/19/2016,SAN,CA,AWP,WE,Towers with Radar,481,32,20,2,535,0,0,4,1,5,481,32,24,3,540,0,0,0,540
04/20/2016,SAN,CA,AWP,WE,Towers with Radar,488,38,23,0,549,0,2,7,3,12,488,40,30,3,561,0,0,0,561
04/21/2016,SAN,CA,AWP,WE,Towers with Radar,499,49,25,2,575,0,0,8,3,11,499,49,33,5,586,0,0,0,586
04/22/2016,SAN,CA,AWP,WE,Towers with Radar,492,46,27,1,566,0,1,11,2,14,492,47,38,3,580,0,0,0,580
04/23/2016,SAN,CA,AWP,WE,Towers with Radar,414,19,6,0,439,0,0,3,1,4,414,19,9,1,443,0,0,0,443
04/24/2016,SAN,CA,AWP,WE,Towers with Radar,471,27,29,7,534,0,0,4,2,6,471,27,33,9,540,0,0,0,540
04/25/2016,SAN,CA,AWP,WE,Towers with Radar,490,38,17,0,545,0,0,0,3,3,490,38,17,3,548,0,0,0,548
04/26/2016,SAN,CA,AWP,WE,Towers with Radar,473,29,23,10,535,0,0,9,2,11,473,29,32,12,546,0,0,0,546
04/27/2016,SAN,CA,AWP,WE,Towers with Radar,490,32,31,3,556,0,0,3,1,4,490,32,34,4,560,0,0,0,560
04/28/2016,SAN,CA,AWP,WE,Towers with Radar,494,31,31,6,562,0,0,4,7,11,494,31,35,13,573,0,0,0,573
04/29/2016,SAN,CA,AWP,WE,Towers with Radar,498,28,17,2,545,0,0,3,2,5,498,28,20,4,550,0,0,0,550
04/30/2016,SAN,CA,AWP,WE,Towers with Radar,405,18,16,2,441,0,0,0,1,1,405,18,16,3,442,0,0,0,442
05/01/2016,SAN,CA,AWP,WE,Towers with Radar,464,28,23,0,515,0,2,1,1,4,464,30,24,1,519,0,0,0,519
05/02/2016,SAN,CA,AWP,WE,Towers with Radar,498,36,19,0,553,0,3,1,0,4,498,39,20,0,557,0,0,0,557
05/03/2016,SAN,CA,AWP,WE,Towers with Radar,486,34,14,1,535,0,1,5,4,10,486,35,19,5,545,0,0,0,545
05/04/2016,SAN,CA,AWP,WE,Towers with Radar,494,31,27,2,554,0,1,0,1,2,494,32,27,3,556,0,0,0,556
05/05/2016,SAN,CA,AWP,WE,Towers with Radar,505,32,24,0,561,0,2,2,2,6,505,34,26,2,567,0,0,0,567
05/06/2016,SAN,CA,AWP,WE,Towers with Radar,500,43,15,0,558,0,0,0,2,2,500,43,15,2,560,0,0,0,560
05/07/2016,SAN,CA,AWP,WE,Towers with Radar,400,21,13,3,437,0,0,3,2,5,400,21,16,5,442,0,0,0,442
05/08/2016,SAN,CA,AWP,WE,Towers with Radar,459,18,22,2,501,0,0,2,0,2,459,18,24,2,503,0,0,0,503
05/09/2016,SAN,CA,AWP,WE,Towers with Radar,494,35,17,2,548,0,0,3,1,4,494,35,20,3,552,0,0,0,552
05/10/2016,SAN,CA,AWP,WE,Towers with Radar,480,28,14,0,522,0,0,3,1,4,480,28,17,1,526,0,0,0,526
05/11/2016,SAN,CA,AWP,WE,Towers with Radar,498,51,27,3,579,0,1,1,4,6,498,52,28,7,585,0,0,0,585
05/12/2016,SAN,CA,AWP,WE,Towers with Radar,518,40,27,0,585,0,1,2,2,5,518,41,29,2,590,0,0,0,590
05/13/2016,SAN,CA,AWP,WE,Towers with Radar,505,35,26,0,566,0,5,3,1,9,505,40,29,1,575,0,0,0,575
05/14/2016,SAN,CA,AWP,WE,Towers with Radar,402,34,20,0,456,0,1,1,0,2,402,35,21,0,458,0,0,0,458
05/15/2016,SAN,CA,AWP,WE,Towers with Radar,472,32,17,0,521,0,0,6,2,8,472,32,23,2,529,0,0,0,529
05/16/2016,SAN,CA,AWP,WE,Towers with Radar,495,30,20,3,548,0,0,2,2,4,495,30,22,5,552,0,0,0,552
05/17/2016,SAN,CA,AWP,WE,Towers with Radar,493,33,26,1,553,0,1,9,3,13,493,34,35,4,566,0,0,0,566
05/18/2016,SAN,CA,AWP,WE,Towers with Radar,491,32,21,5,549,0,1,2,0,3,491,33,23,5,552,0,0,0,552
05/19/2016,SAN,CA,AWP,WE,Towers with Radar,506,31,18,2,557,0,0,2,1,3,506,31,20,3,560,0,0,0,560
05/20/2016,SAN,CA,AWP,WE,Towers with Radar,494,28,21,1,544,0,1,0,3,4,494,29,21,4,548,0,0,0,548
05/21/2016,SAN,CA,AWP,WE,Towers with Radar,404,19,12,0,435,0,0,6,1,7,404,19,18,1,442,0,0,0,442
05/22/2016,SAN,CA,AWP,WE,Towers with Radar,467,26,31,1,525,0,1,2,2,5,467,27,33,3,530,0,0,0,530
05/23/2016,SAN,CA,AWP,WE,Towers with Radar,488,29,12,4,533,0,0,2,2,4,488,29,14,6,537,0,0,0,537
05/24/2016,SAN,CA,AWP,WE,Towers with Radar,484,29,17,4,534,0,0,1,1,2,484,29,18,5,536,0,0,0,536
05/25/2016,SAN,CA,AWP,WE,Towers with Radar,484,36,24,1,545,0,1,6,3,10,484,37,30,4,555,0,0,0,555
05/26/2016,SAN,CA,AWP,WE,Towers with Radar,493,32,17,0,542,0,3,5,3,11,493,35,22,3,553,0,0,0,553
05/27/2016,SAN,CA,AWP,WE,Towers with Radar,501,57,36,0,594,0,1,4,1,6,501,58,40,1,600,0,0,0,600
05/28/2016,SAN,CA,AWP,WE,Towers with Radar,393,15,21,0,429,0,0,5,0,5,393,15,26,0,434,0,0,0,434
05/29/2016,SAN,CA,AWP,WE,Towers with Radar,388,17,23,0,428,0,0,1,0,1,388,17,24,0,429,0,0,0,429
05/30/2016,SAN,CA,AWP,WE,Towers with Radar,451,29,37,0,517,0,0,2,0,2,451,29,39,0,519,0,0,0,519
05/31/2016,SAN,CA,AWP,WE,Towers with Radar,469,29,32,0,530,0,2,0,3,5,469,31,32,3,535,0,0,0,535
06/01/2016,SAN,CA,AWP,WE,Towers with Radar,484,46,44,4,578,0,0,2,1,3,484,46,46,5,581,0,0,0,581
06/02/2016,SAN,CA,AWP,WE,Towers with Radar,509,33,48,0,590,0,0,6,1,7,509,33,54,1,597,0,0,0,597
06/03/2016,SAN,CA,AWP,WE,Towers with Radar,514,43,27,0,584,0,1,5,1,7,514,44,32,1,591,0,0,0,591
06/04/2016,SAN,CA,AWP,WE,Towers with Radar,428,29,19,0,476,0,0,4,0,4,428,29,23,0,480,0,0,0,480
06/05/2016,SAN,CA,AWP,WE,Towers with Radar,483,19,21,0,523,0,0,5,0,5,483,19,26,0,528,0,0,0,528
06/06/2016,SAN,CA,AWP,WE,Towers with Radar,510,31,15,0,556,0,1,3,2,6,510,32,18,2,562,0,0,0,562
06/07/2016,SAN,CA,AWP,WE,Towers with Radar,492,40,13,2,547,0,0,4,3,7,492,40,17,5,554,0,0,0,554
06/08/2016,SAN,CA,AWP,WE,Towers with Radar,518,34,21,5,578,0,0,1,1,2,518,34,22,6,580,0,0,0,580
06/09/2016,SAN,CA,AWP,WE,Towers with Radar,522,32,17,0,571,0,0,2,2,4,522,32,19,2,575,0,0,0,575
06/10/2016,SAN,CA,AWP,WE,Towers with Radar,536,34,18,1,589,0,0,1,4,5,536,34,19,5,594,0,0,0,594
06/11/2016,SAN,CA,AWP,WE,Towers with Radar,481,14,12,2,509,0,0,2,0,2,481,14,14,2,511,0,0,0,511
06/12/2016,SAN,CA,AWP,WE,Towers with Radar,503,22,22,0,547,0,1,0,0,1,503,23,22,0,548,0,0,0,548
06/13/2016,SAN,CA,AWP,WE,Towers with Radar,513,26,27,0,566,0,2,6,2,10,513,28,33,2,576,0,0,0,576
06/14/2016,SAN,CA,AWP,WE,Towers with Radar,515,40,27,0,582,0,1,1,0,2,515,41,28,0,584,0,0,0,584
06/15/2016,SAN,CA,AWP,WE,Towers with Radar,524,35,29,2,590,0,0,0,0,0,524,35,29,2,590,0,0,0,590
06/16/2016,SAN,CA,AWP,WE,Towers with Radar,530,37,30,0,597,0,2,6,2,10,530,39,36,2,607,0,0,0,607
06/17/2016,SAN,CA,AWP,WE,Towers with Radar,540,39,27,2,608,0,4,9,1,14,540,43,36,3,622,0,0,0,622
06/18/2016,SAN,CA,AWP,WE,Towers with Radar,482,20,15,0,517,0,0,12,2,14,482,20,27,2,531,0,0,0,531
06/19/2016,SAN,CA,AWP,WE,Towers with Radar,513,28,16,0,557,0,0,11,1,12,513,28,27,1,569,0,0,0,569
06/20/2016,SAN,CA,AWP,WE,Towers with Radar,529,39,21,2,591,0,4,5,2,11,529,43,26,4,602,0,0,0,602
06/21/2016,SAN,CA,AWP,WE,Towers with Radar,509,35,14,2,560,0,0,0,0,0,509,35,14,2,560,0,0,0,560
06/22/2016,SAN,CA,AWP,WE,Towers with Radar,525,39,16,1,581,0,1,2,1,4,525,40,18,2,585,0,0,0,585
06/23/2016,SAN,CA,AWP,WE,Towers with Radar,519,45,27,0,591,0,5,3,1,9,519,50,30,1,600,0,0,0,600
06/24/2016,SAN,CA,AWP,WE,Towers with Radar,538,40,26,0,604,0,0,2,1,3,538,40,28,1,607,0,0,0,607
06/25/2016,SAN,CA,AWP,WE,Towers with Radar,492,20,8,0,520,0,0,4,1,5,492,20,12,1,525,0,0,0,525
06/26/2016,SAN,CA,AWP,WE,Towers with Radar,509,38,43,0,590,0,0,6,1,7,509,38,49,1,597,0,0,0,597
06/27/2016,SAN,CA,AWP,WE,Towers with Radar,519,32,18,0,569,0,2,4,1,7,519,34,22,1,576,0,0,0,576
06/28/2016,SAN,CA,AWP,WE,Towers with Radar,526,46,14,1,587,0,1,7,2,10,526,47,21,3,597,0,0,0,597
06/29/2016,SAN,CA,AWP,WE,Towers with Radar,531,32,23,8,594,0,3,2,5,10,531,35,25,13,604,0,0,0,604
06/30/2016,SAN,CA,AWP,WE,Towers with Radar,511,31,33,1,576,0,1,0,3,4,511,32,33,4,580,0,0,0,580
07/01/2016,SAN,CA,AWP,WE,Towers with Radar,539,40,41,0,620,0,0,4,1,5,539,40,45,1,625,0,0,0,625
07/02/2016,SAN,CA,AWP,WE,Towers with Radar,498,33,15,4,550,0,0,2,0,2,498,33,17,4,552,0,0,0,552
07/03/2016,SAN,CA,AWP,WE,Towers with Radar,446,14,12,2,474,0,2,3,0,5,446,16,15,2,479,0,0,0,479
07/04/2016,SAN,CA,AWP,WE,Towers with Radar,450,16,10,1,477,0,1,2,0,3,450,17,12,1,480,0,0,0,480
07/05/2016,SAN,CA,AWP,WE,Towers with Radar,509,46,21,3,579,0,1,3,0,4,509,47,24,3,583,0,0,0,583
07/06/2016,SAN,CA,AWP,WE,Towers with Radar,529,28,24,0,581,0,1,7,2,10,529,29,31,2,591,0,0,0,591
07/07/2016,SAN,CA,AWP,WE,Towers with Radar,527,26,24,0,577,0,1,5,3,9,527,27,29,3,586,0,0,0,586
07/08/2016,SAN,CA,AWP,WE,Towers with Radar,526,31,22,4,583,0,1,10,2,13,526,32,32,6,596,0,0,0,596
07/09/2016,SAN,CA,AWP,WE,Towers with Radar,488,28,19,0,535,0,1,6,2,9,488,29,25,2,544,0,0,0,544
07/10/2016,SAN,CA,AWP,WE,Towers with Radar,516,56,39,0,611,0,0,8,1,9,516,56,47,1,620,0,0,0,620
07/11/2016,SAN,CA,AWP,WE,Towers with Radar,523,46,29,2,600,0,0,3,1,4,523,46,32,3,604,0,0,0,604
07/12/2016,SAN,CA,AWP,WE,Towers with Radar,536,57,48,1,642,0,1,8,3,12,536,58,56,4,654,0,0,0,654
07/13/2016,SAN,CA,AWP,WE,Towers with Radar,532,46,41,1,620,0,0,4,10,14,532,46,45,11,634,0,0,0,634
07/14/2016,SAN,CA,AWP,WE,Towers with Radar,536,31,20,0,587,0,0,8,2,10,536,31,28,2,597,0,0,0,597
07/15/2016,SAN,CA,AWP,WE,Towers with Radar,538,40,32,3,613,0,3,11,2,16,538,43,43,5,629,0,0,0,629
07/16/2016,SAN,CA,AWP,WE,Towers with Radar,481,27,22,0,530,0,0,2,1,3,481,27,24,1,533,0,0,0,533
07/17/2016,SAN,CA,AWP,WE,Towers with Radar,510,45,21,0,576,0,1,7,0,8,510,46,28,0,584,0,0,0,584
07/18/2016,SAN,CA,AWP,WE,Towers with Radar,516,28,21,0,565,0,3,3,1,7,516,31,24,1,572,0,0,0,572
07/19/2016,SAN,CA,AWP,WE,Towers with Radar,528,46,24,3,601,0,0,4,1,5,528,46,28,4,606,0,0,0,606
07/20/2016,SAN,CA,AWP,WE,Towers with Radar,496,40,25,1,562,0,5,10,1,16,496,45,35,2,578,0,0,0,578
07/21/2016,SAN,CA,AWP,WE,Towers with Radar,462,46,28,0,536,0,2,5,3,10,462,48,33,3,546,0,0,0,546
07/22/2016,SAN,CA,AWP,WE,Towers with Radar,500,59,40,0,599,0,1,15,2,18,500,60,55,2,617,0,0,0,617
07/23/2016,SAN,CA,AWP,WE,Towers with Radar,455,59,46,0,560,0,2,5,1,8,455,61,51,1,568,0,0,0,568
07/24/2016,SAN,CA,AWP,WE,Towers with Radar,477,75,39,0,591,0,1,6,1,8,477,76,45,1,599,0,0,0,599
07/25/2016,SAN,CA,AWP,WE,Towers with Radar,470,73,20,4,567,0,4,1,0,5,470,77,21,4,572,0,0,0,572
07/26/2016,SAN,CA,AWP,WE,Towers with Radar,494,69,19,0,582,0,2,4,0,6,494,71,23,0,588,0,0,0,588
07/27/2016,SAN,CA,AWP,WE,Towers with Radar,490,78,29,1,598,0,4,10,2,16,490,82,39,3,614,0,0,0,614
07/28/2016,SAN,CA,AWP,WE,Towers with Radar,488,74,27,4,593,0,1,5,1,7,488,75,32,5,600,0,0,0,600
07/29/2016,SAN,CA,AWP,WE,Towers with Radar,488,81,39,0,608,0,1,6,2,9,488,82,45,2,617,0,0,0,617
07/30/2016,SAN,CA,AWP,WE,Towers with Radar,458,59,25,0,542,0,0,5,0,5,458,59,30,0,547,0,0,0,547
07/31/2016,SAN,CA,AWP,WE,Towers with Radar,476,63,35,0,574,0,0,5,0,5,476,63,40,0,579,0,0,0,579
08/01/2016,SAN,CA,AWP,WE,Towers with Radar,497,75,36,0,608,0,1,0,0,1,497,76,36,0,609,0,0,0,609
08/02/2016,SAN,CA,AWP,WE,Towers with Radar,499,75,35,0,609,0,2,3,4,9,499,77,38,4,618,0,0,0,618
08/03/2016,SAN,CA,AWP,WE,Towers with Radar,497,74,27,3,601,0,3,5,2,10,497,77,32,5,611,0,0,0,611
08/04/2016,SAN,CA,AWP,WE,Towers with Radar,504,77,32,0,613,0,3,5,0,8,504,80,37,0,621,0,0,0,621
08/05/2016,SAN,CA,AWP,WE,Towers with Radar,499,70,34,0,603,0,0,4,2,6,499,70,38,2,609,0,0,0,609
08/06/2016,SAN,CA,AWP,WE,Towers with Radar,459,54,16,0,529,0,0,4,0,4,459,54,20,0,533,0,0,0,533
08/07/2016,SAN,CA,AWP,WE,Towers with Radar,467,68,33,1,569,0,1,2,0,3,467,69,35,1,572,0,0,0,572
08/08/2016,SAN,CA,AWP,WE,Towers with Radar,480,78,26,0,584,0,0,1,0,1,480,78,27,0,585,0,0,0,585
08/09/2016,SAN,CA,AWP,WE,Towers with Radar,479,73,32,0,584,0,0,8,3,11,479,73,40,3,595,0,0,0,595
08/10/2016,SAN,CA,AWP,WE,Towers with Radar,486,70,28,2,586,0,2,6,1,9,486,72,34,3,595,0,0,0,595
08/11/2016,SAN,CA,AWP,WE,Towers with Radar,494,80,27,1,602,0,0,1,3,4,494,80,28,4,606,0,0,0,606
08/12/2016,SAN,CA,AWP,WE,Towers with Radar,480,68,25,1,574,0,0,3,1,4,480,68,28,2,578,0,0,0,578
08/13/2016,SAN,CA,AWP,WE,Towers with Radar,435,58,15,0,508,0,0,2,1,3,435,58,17,1,511,0,0,0,511
08/14/2016,SAN,CA,AWP,WE,Towers with Radar,464,72,24,0,560,1,0,8,1,10,465,72,32,1,570,0,0,0,570
08/15/2016,SAN,CA,AWP,WE,Towers with Radar,493,69,31,4,597,0,2,0,4,6,493,71,31,8,603,0,0,0,603
08/16/2016,SAN,CA,AWP,WE,Towers with Radar,472,63,16,0,551,0,2,2,5,9,472,65,18,5,560,0,0,0,560
08/17/2016,SAN,CA,AWP,WE,Towers with Radar,489,68,22,0,579,0,7,2,3,12,489,75,24,3,591,0,0,0,591
08/18/2016,SAN,CA,AWP,WE,Towers with Radar,507,72,23,0,602,0,2,3,2,7,507,74,26,2,609,0,0,0,609
08/19/2016,SAN,CA,AWP,WE,Towers with Radar,479,81,23,5,588,0,0,6,4,10,479,81,29,9,598,0,0,0,598
08/20/2016,SAN,CA,AWP,WE,Towers with Radar,418,55,15,1,489,0,0,2,0,2,418,55,17,1,491,0,0,0,491
08/21/2016,SAN,CA,AWP,WE,Towers with Radar,471,59,19,1,550,0,0,3,0,3,471,59,22,1,553,0,0,0,553
08/22/2016,SAN,CA,AWP,WE,Towers with Radar,489,62,22,1,574,0,0,4,1,5,489,62,26,2,579,0,0,0,579
08/23/2016,SAN,CA,AWP,WE,Towers with Radar,477,64,10,1,552,0,1,1,0,2,477,65,11,1,554,0,0,0,554
08/24/2016,SAN,CA,AWP,WE,Towers with Radar,478,63,24,1,566,0,0,12,0,12,478,63,36,1,578,0,0,0,578
08/25/2016,SAN,CA,AWP,WE,Towers with Radar,493,76,31,1,601,0,5,1,3,9,493,81,32,4,610,0,0,0,610
08/26/2016,SAN,CA,AWP,WE,Towers with Radar,487,64,32,1,584,0,0,7,2,9,487,64,39,3,593,0,0,0,593
08/27/2016,SAN,CA,AWP,WE,Towers with Radar,413,57,12,3,485,0,2,6,0,8,413,59,18,3,493,0,0,0,493
08/28/2016,SAN,CA,AWP,WE,Towers with Radar,458,60,28,0,546,0,0,5,0,5,458,60,33,0,551,0,0,0,551
08/29/2016,SAN,CA,AWP,WE,Towers with Radar,459,66,30,0,555,0,1,7,1,9,459,67,37,1,564,0,0,0,564
08/30/2016,SAN,CA,AWP,WE,Towers with Radar,461,55,21,0,537,0,1,4,2,7,461,56,25,2,544,0,0,0,544
08/31/2016,SAN,CA,AWP,WE,Towers with Radar,506,34,33,2,575,0,0,6,3,9,506,34,39,5,584,0,0,0,584
09/01/2016,SAN,CA,AWP,WE,Towers with Radar,517,34,32,2,585,0,1,7,0,8,517,35,39,2,593,0,0,0,593
09/02/2016,SAN,CA,AWP,WE,Towers with Radar,521,31,19,2,573,0,1,1,2,4,521,32,20,4,577,0,0,0,577
09/03/2016,SAN,CA,AWP,WE,Towers with Radar,386,28,9,1,424,0,0,11,2,13,386,28,20,3,437,0,0,0,437
09/04/2016,SAN,CA,AWP,WE,Towers with Radar,403,10,8,2,423,0,1,8,1,10,403,11,16,3,433,0,0,0,433
09/05/2016,SAN,CA,AWP,WE,Towers with Radar,484,29,29,0,542,0,1,7,1,9,484,30,36,1,551,0,0,0,551
09/06/2016,SAN,CA,AWP,WE,Towers with Radar,496,28,20,1,545,0,1,6,2,9,496,29,26,3,554,0,0,0,554
09/07/2016,SAN,CA,AWP,WE,Towers with Radar,497,24,21,0,542,0,1,0,0,1,497,25,21,0,543,0,0,0,543
09/08/2016,SAN,CA,AWP,WE,Towers with Radar,502,26,18,0,546,0,0,4,1,5,502,26,22,1,551,0,0,0,551
09/09/2016,SAN,CA,AWP,WE,Towers with Radar,496,26,31,2,555,0,0,5,0,5,496,26,36,2,560,0,0,0,560
09/10/2016,SAN,CA,AWP,WE,Towers with Radar,404,19,14,0,437,0,0,5,1,6,404,19,19,1,443,0,0,0,443
09/11/2016,SAN,CA,AWP,WE,Towers with Radar,484,17,31,0,532,0,0,2,0,2,484,17,33,0,534,0,0,0,534
09/12/2016,SAN,CA,AWP,WE,Towers with Radar,496,17,25,1,539,0,0,3,0,3,496,17,28,1,542,0,0,0,542
09/13/2016,SAN,CA,AWP,WE,Towers with Radar,480,33,15,6,534,0,0,0,3,3,480,33,15,9,537,0,0,0,537
09/14/2016,SAN,CA,AWP,WE,Towers with Radar,484,30,20,1,535,0,0,5,3,8,484,30,25,4,543,0,0,0,543
09/15/2016,SAN,CA,AWP,WE,Towers with Radar,512,40,20,2,574,0,3,7,1,11,512,43,27,3,585,0,0,0,585
09/16/2016,SAN,CA,AWP,WE,Towers with Radar,510,26,45,3,584,0,2,7,2,11,510,28,52,5,595,0,0,0,595
09/17/2016,SAN,CA,AWP,WE,Towers with Radar,417,18,14,2,451,0,0,2,2,4,417,18,16,4,455,0,0,0,455
09/18/2016,SAN,CA,AWP,WE,Towers with Radar,486,26,33,3,548,0,0,9,1,10,486,26,42,4,558,0,0,0,558
09/19/2016,SAN,CA,AWP,WE,Towers with Radar,506,39,35,4,584,0,3,5,2,10,506,42,40,6,594,0,0,0,594
09/20/2016,SAN,CA,AWP,WE,Towers with Radar,500,33,27,0,560,0,0,0,3,3,500,33,27,3,563,0,0,0,563
09/21/2016,SAN,CA,AWP,WE,Towers with Radar,489,24,27,1,541,0,0,1,1,2,489,24,28,2,543,0,0,0,543
09/22/2016,SAN,CA,AWP,WE,Towers with Radar,509,31,35,4,579,0,1,2,1,4,509,32,37,5,583,0,0,0,583
09/23/2016,SAN,CA,AWP,WE,Towers with Radar,509,30,38,0,577,0,0,3,0,3,509,30,41,0,580,0,0,0,580
09/24/2016,SAN,CA,AWP,WE,Towers with Radar,414,16,16,2,448,0,1,6,1,8,414,17,22,3,456,0,0,0,456
09/25/2016,SAN,CA,AWP,WE,Towers with Radar,483,23,28,1,535,0,0,5,2,7,483,23,33,3,542,0,0,0,542
09/26/2016,SAN,CA,AWP,WE,Towers with Radar,505,26,16,1,548,0,0,2,1,3,505,26,18,2,551,0,0,0,551
09/27/2016,SAN,CA,AWP,WE,Towers with Radar,491,35,27,1,554,0,1,6,3,10,491,36,33,4,564,0,0,0,564
09/28/2016,SAN,CA,AWP,WE,Towers with Radar,491,33,30,0,554,0,0,8,6,14,491,33,38,6,568,0,0,0,568
09/29/2016,SAN,CA,AWP,WE,Towers with Radar,510,36,20,0,566,0,1,1,5,7,510,37,21,5,573,0,0,0,573
09/30/2016,SAN,CA,AWP,WE,Towers with Radar,519,34,26,0,579,0,0,8,0,8,519,34,34,0,587,0,0,0,587
10/01/2016,SAN,CA,AWP,WE,Towers with Radar,408,23,11,0,442,0,1,5,3,9,408,24,16,3,451,0,0,0,451
10/02/2016,SAN,CA,AWP,WE,Towers with Radar,494,17,21,0,532,0,2,6,1,9,494,19,27,1,541,0,0,0,541
10/03/2016,SAN,CA,AWP,WE,Towers with Radar,496,26,18,0,540,0,1,4,3,8,496,27,22,3,548,0,0,0,548
10/04/2016,SAN,CA,AWP,WE,Towers with Radar,485,26,27,0,538,0,1,3,2,6,485,27,30,2,544,0,0,0,544
10/05/2016,SAN,CA,AWP,WE,Towers with Radar,494,25,33,1,553,0,3,10,0,13,494,28,43,1,566,0,0,0,566
10/06/2016,SAN,CA,AWP,WE,Towers with Radar,515,28,23,0,566,0,1,2,0,3,515,29,25,0,569,0,0,0,569
10/07/2016,SAN,CA,AWP,WE,Towers with Radar,515,17,24,3,559,0,1,1,4,6,515,18,25,7,565,0,0,0,565
10/08/2016,SAN,CA,AWP,WE,Towers with Radar,424,8,23,1,456,0,2,1,1,4,424,10,24,2,460,0,0,0,460
10/09/2016,SAN,CA,AWP,WE,Towers with Radar,485,29,27,0,541,0,0,3,0,3,485,29,30,0,544,0,0,0,544
10/10/2016,SAN,CA,AWP,WE,Towers with Radar,502,21,31,0,554,0,1,3,1,5,502,22,34,1,559,0,0,0,559
10/11/2016,SAN,CA,AWP,WE,Towers with Radar,481,17,27,1,526,0,0,4,2,6,481,17,31,3,532,0,0,0,532
10/12/2016,SAN,CA,AWP,WE,Towers with Radar,501,18,22,2,543,0,0,5,1,6,501,18,27,3,549,0,0,0,549
10/13/2016,SAN,CA,AWP,WE,Towers with Radar,514,40,34,4,592,0,0,6,2,8,514,40,40,6,600,0,0,0,600
10/14/2016,SAN,CA,AWP,WE,Towers with Radar,503,25,36,3,567,0,0,2,1,3,503,25,38,4,570,0,0,0,570
10/15/2016,SAN,CA,AWP,WE,Towers with Radar,423,17,14,3,457,0,0,7,0,7,423,17,21,3,464,0,0,0,464
10/16/2016,SAN,CA,AWP,WE,Towers with Radar,481,21,20,1,523,0,1,2,0,3,481,22,22,1,526,0,0,0,526
10/17/2016,SAN,CA,AWP,WE,Towers with Radar,501,23,13,1,538,0,0,0,0,0,501,23,13,1,538,0,0,0,538
10/18/2016,SAN,CA,AWP,WE,Towers with Radar,489,25,12,0,526,0,1,5,1,7,489,26,17,1,533,0,0,0,533
10/19/2016,SAN,CA,AWP,WE,Towers with Radar,496,20,28,6,550,0,0,8,4,12,496,20,36,10,562,0,0,0,562
10/20/2016,SAN,CA,AWP,WE,Towers with Radar,520,24,18,0,562,0,2,6,0,8,520,26,24,0,570,0,0,0,570
10/21/2016,SAN,CA,AWP,WE,Towers with Radar,511,33,26,0,570,0,0,2,0,2,511,33,28,0,572,0,0,0,572
10/22/2016,SAN,CA,AWP,WE,Towers with Radar,428,22,10,0,460,0,1,8,2,11,428,23,18,2,471,0,0,0,471
10/23/2016,SAN,CA,AWP,WE,Towers with Radar,479,21,21,0,521,0,1,7,1,9,479,22,28,1,530,0,0,0,530
10/24/2016,SAN,CA,AWP,WE,Towers with Radar,484,34,30,1,549,0,0,1,2,3,484,34,31,3,552,0,0,0,552
10/25/2016,SAN,CA,AWP,WE,Towers with Radar,484,35,21,0,540,0,1,4,1,6,484,36,25,1,546,0,0,0,546
10/26/2016,SAN,CA,AWP,WE,Towers with Radar,493,27,21,1,542,0,2,3,2,7,493,29,24,3,549,0,0,0,549
10/27/2016,SAN,CA,AWP,WE,Towers with Radar,509,27,17,0,553,0,1,2,0,3,509,28,19,0,556,0,0,0,556
10/28/2016,SAN,CA,AWP,WE,Towers with Radar,496,27,19,1,543,1,1,3,1,6,497,28,22,2,549,0,0,0,549
10/29/2016,SAN,CA,AWP,WE,Towers with Radar,411,18,17,0,446,0,4,2,0,6,411,22,19,0,452,0,0,0,452
10/30/2016,SAN,CA,AWP,WE,Towers with Radar,460,18,16,0,494,0,1,3,1,5,460,19,19,1,499,0,0,0,499
10/31/2016,SAN,CA,AWP,WE,Towers with Radar,451,29,10,0,490,0,0,1,0,1,451,29,11,0,491,0,0,0,491
11/01/2016,SAN,CA,AWP,WE,Towers with Radar,482,31,23,0,536,0,1,0,1,2,482,32,23,1,538,0,0,0,538
11/02/2016,SAN,CA,AWP,WE,Towers with Radar,488,34,27,0,549,0,0,1,2,3,488,34,28,2,552,0,0,0,552
11/03/2016,SAN,CA,AWP,WE,Towers with Radar,504,32,16,0,552,0,1,4,0,5,504,33,20,0,557,0,0,0,557
11/04/2016,SAN,CA,AWP,WE,Towers with Radar,504,33,27,0,564,0,1,6,3,10,504,34,33,3,574,0,0,0,574
11/05/2016,SAN,CA,AWP,WE,Towers with Radar,421,18,13,0,452,0,1,4,0,5,421,19,17,0,457,0,0,0,457
11/06/2016,SAN,CA,AWP,WE,Towers with Radar,474,18,24,0,516,0,0,1,1,2,474,18,25,1,518,0,0,0,518
11/07/2016,SAN,CA,AWP,WE,Towers with Radar,462,24,14,1,501,0,2,3,1,6,462,26,17,2,507,0,0,0,507
11/08/2016,SAN,CA,AWP,WE,Towers with Radar,445,25,17,0,487,0,1,3,1,5,445,26,20,1,492,0,0,0,492
11/09/2016,SAN,CA,AWP,WE,Towers with Radar,485,38,16,0,539,0,0,2,1,3,485,38,18,1,542,0,0,0,542
11/10/2016,SAN,CA,AWP,WE,Towers with Radar,509,29,22,2,562,0,0,1,5,6,509,29,23,7,568,0,0,0,568
11/11/2016,SAN,CA,AWP,WE,Towers with Radar,502,32,19,4,557,0,0,8,1,9,502,32,27,5,566,0,0,0,566
11/12/2016,SAN,CA,AWP,WE,Towers with Radar,406,17,12,0,435,0,1,3,2,6,406,18,15,2,441,0,0,0,441
11/13/2016,SAN,CA,AWP,WE,Towers with Radar,472,33,32,2,539,0,0,7,0,7,472,33,39,2,546,0,0,0,546
11/14/2016,SAN,CA,AWP,WE,Towers with Radar,490,26,18,0,534,0,0,0,1,1,490,26,18,1,535,0,0,0,535
11/15/2016,SAN,CA,AWP,WE,Towers with Radar,483,31,16,0,530,0,1,7,0,8,483,32,23,0,538,0,0,0,538
11/16/2016,SAN,CA,AWP,WE,Towers with Radar,482,27,26,0,535,0,0,3,1,4,482,27,29,1,539,0,0,0,539
11/17/2016,SAN,CA,AWP,WE,Towers with Radar,501,36,27,0,564,0,0,5,1,6,501,36,32,1,570,0,0,0,570
11/18/2016,SAN,CA,AWP,WE,Towers with Radar,504,37,41,0,582,0,0,3,0,3,504,37,44,0,585,0,0,0,585
11/19/2016,SAN,CA,AWP,WE,Towers with Radar,429,24,18,0,471,0,1,9,1,11,429,25,27,1,482,0,0,0,482
11/20/2016,SAN,CA,AWP,WE,Towers with Radar,456,18,29,0,503,0,1,7,0,8,456,19,36,0,511,0,0,0,511
11/21/2016,SAN,CA,AWP,WE,Towers with Radar,459,25,13,0,497,0,0,3,1,4,459,25,16,1,501,0,0,0,501
11/22/2016,SAN,CA,AWP,WE,Towers with Radar,491,32,25,0,548,0,0,7,1,8,491,32,32,1,556,0,0,0,556
11/23/2016,SAN,CA,AWP,WE,Towers with Radar,505,35,16,2,558,0,3,1,3,7,505,38,17,5,565,0,0,0,565
11/24/2016,SAN,CA,AWP,WE,Towers with Radar,315,13,11,1,340,0,2,6,0,8,315,15,17,1,348,0,0,0,348
11/25/2016,SAN,CA,AWP,WE,Towers with Radar,405,14,12,0,431,0,0,1,0,1,405,14,13,0,432,0,0,0,432
11/26/2016,SAN,CA,AWP,WE,Towers with Radar,482,35,17,0,534,0,0,0,0,0,482,35,17,0,534,0,0,0,534
11/27/2016,SAN,CA,AWP,WE,Towers with Radar,530,37,14,1,582,0,0,0,1,1,530,37,14,2,583,0,0,0,583
11/28/2016,SAN,CA,AWP,WE,Towers with Radar,519,25,25,0,569,0,0,3,1,4,519,25,28,1,573,0,0,0,573
11/29/2016,SAN,CA,AWP,WE,Towers with Radar,473,18,22,0,513,0,0,4,1,5,473,18,26,1,518,0,0,0,518
11/30/2016,SAN,CA,AWP,WE,Towers with Radar,465,23,16,0,504,0,0,7,2,9,465,23,23,2,513,0,0,0,513
12/01/2016,SAN,CA,AWP,WE,Towers with Radar,478,27,20,4,529,0,0,6,4,10,478,27,26,8,539,0,0,0,539
12/02/2016,SAN,CA,AWP,WE,Towers with Radar,480,34,19,0,533,0,1,2,1,4,480,35,21,1,537,0,0,0,537
12/03/2016,SAN,CA,AWP,WE,Towers with Radar,383,15,12,2,412,0,0,4,3,7,383,15,16,5,419,0,0,0,419
12/04/2016,SAN,CA,AWP,WE,Towers with Radar,468,26,22,0,516,0,0,5,0,5,468,26,27,0,521,0,0,0,521
12/05/2016,SAN,CA,AWP,WE,Towers with Radar,467,27,24,2,520,0,1,5,1,7,467,28,29,3,527,0,0,0,527
12/06/2016,SAN,CA,AWP,WE,Towers with Radar,451,37,21,2,511,0,1,4,3,8,451,38,25,5,519,0,0,0,519
12/07/2016,SAN,CA,AWP,WE,Towers with Radar,461,21,21,0,503,0,1,4,3,8,461,22,25,3,511,0,0,0,511
12/08/2016,SAN,CA,AWP,WE,Towers with Radar,465,29,36,0,530,0,1,5,1,7,465,30,41,1,537,0,0,0,537
12/09/2016,SAN,CA,AWP,WE,Towers with Radar,473,27,27,3,530,0,0,4,1,5,473,27,31,4,535,0,0,0,535
12/10/2016,SAN,CA,AWP,WE,Towers with Radar,384,20,16,0,420,0,0,0,0,0,384,20,16,0,420,0,0,0,420
12/11/2016,SAN,CA,AWP,WE,Towers with Radar,445,15,12,3,475,0,0,1,0,1,445,15,13,3,476,0,0,0,476
12/12/2016,SAN,CA,AWP,WE,Towers with Radar,465,20,12,0,497,0,1,1,3,5,465,21,13,3,502,0,0,0,502
12/13/2016,SAN,CA,AWP,WE,Towers with Radar,455,27,18,1,501,0,0,3,1,4,455,27,21,2,505,0,0,0,505
12/14/2016,SAN,CA,AWP,WE,Towers with Radar,478,23,21,1,523,0,0,1,5,6,478,23,22,6,529,0,0,0,529
12/15/2016,SAN,CA,AWP,WE,Towers with Radar,492,26,19,2,539,0,0,1,1,2,492,26,20,3,541,0,0,0,541
12/16/2016,SAN,CA,AWP,WE,Towers with Radar,508,34,26,0,568,0,0,0,0,0,508,34,26,0,568,0,0,0,568
12/17/2016,SAN,CA,AWP,WE,Towers with Radar,461,29,15,2,507,0,0,7,2,9,461,29,22,4,516,0,0,0,516
12/18/2016,SAN,CA,AWP,WE,Towers with Radar,494,18,24,0,536,0,3,3,3,9,494,21,27,3,545,0,0,0,545
12/19/2016,SAN,CA,AWP,WE,Towers with Radar,526,20,16,1,563,0,2,5,2,9,526,22,21,3,572,0,0,0,572
12/20/2016,SAN,CA,AWP,WE,Towers with Radar,506,23,15,0,544,0,0,7,2,9,506,23,22,2,553,0,0,0,553
12/21/2016,SAN,CA,AWP,WE,Towers with Radar,526,25,29,1,581,0,2,4,1,7,526,27,33,2,588,0,0,0,588
12/22/2016,SAN,CA,AWP,WE,Towers with Radar,537,26,26,0,589,0,0,0,0,0,537,26,26,0,589,0,0,0,589
12/23/2016,SAN,CA,AWP,WE,Towers with Radar,543,25,22,0,590,0,0,0,1,1,543,25,22,1,591,0,0,0,591
12/24/2016,SAN,CA,AWP,WE,Towers with Radar,424,26,5,0,455,0,0,3,2,5,424,26,8,2,460,0,0,0,460
12/25/2016,SAN,CA,AWP,WE,Towers with Radar,406,15,2,0,423,0,0,5,0,5,406,15,7,0,428,0,0,0,428
12/26/2016,SAN,CA,AWP,WE,Towers with Radar,510,22,23,0,555,0,1,5,0,6,510,23,28,0,561,0,0,0,561
12/27/2016,SAN,CA,AWP,WE,Towers with Radar,535,23,27,0,585,0,0,5,0,5,535,23,32,0,590,0,0,0,590
12/28/2016,SAN,CA,AWP,WE,Towers with Radar,544,34,19,2,599,0,0,5,0,5,544,34,24,2,604,0,0,0,604
12/29/2016,SAN,CA,AWP,WE,Towers with Radar,529,30,16,0,575,0,2,1,1,4,529,32,17,1,579,0,0,0,579
12/30/2016,SAN,CA,AWP,WE,Towers with Radar,525,32,21,1,579,0,0,3,1,4,525,32,24,2,583,0,0,0,583
12/31/2016,SAN,CA,AWP,WE,Towers with Radar,409,27,18,0,454,0,0,0,0,0,409,27,18,0,454,0,0,0,454
01/01/2017,SAN,CA,AWP,WE,Towers with Radar,453,28,18,0,499,0,0,1,0,1,453,28,19,0,500,0,0,0,500
01/02/2017,SAN,CA,AWP,WE,Towers with Radar,488,23,23,0,534,0,0,0,0,0,488,23,23,0,534,0,0,0,534
01/03/2017,SAN,CA,AWP,WE,Towers with Radar,489,18,20,4,531,0,0,2,0,2,489,18,22,4,533,0,0,0,533
01/04/2017,SAN,CA,AWP,WE,Towers with Radar,470,25,30,0,525,0,1,4,4,9,470,26,34,4,534,0,0,0,534
01/05/2017,SAN,CA,AWP,WE,Towers with Radar,502,34,31,1,568,0,0,0,1,1,502,34,31,2,569,0,0,0,569
01/06/2017,SAN,CA,AWP,WE,Towers with Radar,503,32,27,6,568,0,1,1,1,3,503,33,28,7,571,0,0,0,571
01/07/2017,SAN,CA,AWP,WE,Towers with Radar,370,25,9,0,404,0,2,5,0,7,370,27,14,0,411,0,0,0,411
01/08/2017,SAN,CA,AWP,WE,Towers with Radar,429,16,22,0,467,0,0,4,0,4,429,16,26,0,471,0,0,0,471
01/09/2017,SAN,CA,AWP,WE,Towers with Radar,479,16,9,0,504,0,0,0,1,1,479,16,9,1,505,0,0,0,505
01/10/2017,SAN,CA,AWP,WE,Towers with Radar,443,17,20,0,480,0,1,0,0,1,443,18,20,0,481,0,0,0,481
01/11/2017,SAN,CA,AWP,WE,Towers with Radar,476,26,22,1,525,0,0,0,1,1,476,26,22,2,526,0,0,0,526
01/12/2017,SAN,CA,AWP,WE,Towers with Radar,504,20,29,0,553,0,0,0,0,0,504,20,29,0,553,0,0,0,553
01/13/2017,SAN,CA,AWP,WE,Towers with Radar,495,33,30,1,559,0,0,7,1,8,495,33,37,2,567,0,0,0,567
01/14/2017,SAN,CA,AWP,WE,Towers with Radar,361,21,20,1,403,0,1,4,1,6,361,22,24,2,409,0,0,0,409
01/15/2017,SAN,CA,AWP,WE,Towers with Radar,419,10,13,1,443,0,0,3,0,3,419,10,16,1,446,0,0,0,446
01/16/2017,SAN,CA,AWP,WE,Towers with Radar,477,33,29,0,539,0,0,1,0,1,477,33,30,0,540,0,0,0,540
01/17/2017,SAN,CA,AWP,WE,Towers with Radar,454,30,20,1,505,0,0,0,1,1,454,30,20,2,506,0,0,0,506
01/18/2017,SAN,CA,AWP,WE,Towers with Radar,454,31,19,1,505,0,1,1,5,7,454,32,20,6,512,0,0,0,512
01/19/2017,SAN,CA,AWP,WE,Towers with Radar,508,33,21,2,564,0,0,2,2,4,508,33,23,4,568,0,0,0,568
01/20/2017,SAN,CA,AWP,WE,Towers with Radar,470,28,27,0,525,0,0,0,1,1,470,28,27,1,526,0,0,0,526
01/21/2017,SAN,CA,AWP,WE,Towers with Radar,380,18,6,0,404,0,0,2,0,2,380,18,8,0,406,0,0,0,406
01/22/2017,SAN,CA,AWP,WE,Towers with Radar,407,19,17,0,443,0,0,1,0,1,407,19,18,0,444,0,0,0,444
01/23/2017,SAN,CA,AWP,WE,Towers with Radar,485,50,37,0,572,0,0,0,1,1,485,50,37,1,573,0,0,0,573
01/24/2017,SAN,CA,AWP,WE,Towers with Radar,453,28,23,0,504,0,0,1,2,3,453,28,24,2,507,0,0,0,507
01/25/2017,SAN,CA,AWP,WE,Towers with Radar,463,44,35,3,545,0,0,9,5,14,463,44,44,8,559,0,0,0,559
01/26/2017,SAN,CA,AWP,WE,Towers with Radar,489,46,44,4,583,0,2,3,1,6,489,48,47,5,589,0,0,0,589
01/27/2017,SAN,CA,AWP,WE,Towers with Radar,502,26,17,2,547,0,1,1,1,3,502,27,18,3,550,0,0,0,550
01/28/2017,SAN,CA,AWP,WE,Towers with Radar,371,31,6,0,408,0,2,4,2,8,371,33,10,2,416,0,0,0,416
01/29/2017,SAN,CA,AWP,WE,Towers with Radar,433,47,19,2,501,0,0,1,0,1,433,47,20,2,502,0,0,0,502
01/30/2017,SAN,CA,AWP,WE,Towers with Radar,488,20,16,0,524,0,0,2,2,4,488,20,18,2,528,0,0,0,528
01/31/2017,SAN,CA,AWP,WE,Towers with Radar,340,23,24,0,387,0,0,0,1,1,340,23,24,1,388,0,0,0,388
02/01/2017,SAN,CA,AWP,WE,Towers with Radar,468,17,14,1,500,0,0,6,2,8,468,17,20,3,508,0,0,0,508
02/02/2017,SAN,CA,AWP,WE,Towers with Radar,487,29,26,0,542,0,1,0,1,2,487,30,26,1,544,0,0,0,544
02/03/2017,SAN,CA,AWP,WE,Towers with Radar,485,28,16,1,530,0,1,0,0,1,485,29,16,1,531,0,0,0,531
02/04/2017,SAN,CA,AWP,WE,Towers with Radar,365,20,26,0,411,0,0,3,0,3,365,20,29,0,414,0,0,0,414
02/05/2017,SAN,CA,AWP,WE,Towers with Radar,378,13,16,0,407,0,0,0,1,1,378,13,16,1,408,0,0,0,408
02/06/2017,SAN,CA,AWP,WE,Towers with Radar,494,30,38,3,565,0,0,0,0,0,494,30,38,3,565,0,0,0,565
02/07/2017,SAN,CA,AWP,WE,Towers with Radar,450,33,29,4,516,0,0,1,0,1,450,33,30,4,517,0,0,0,517
02/08/2017,SAN,CA,AWP,WE,Towers with Radar,455,31,19,1,506,0,0,2,0,2,455,31,21,1,508,0,0,0,508
02/09/2017,SAN,CA,AWP,WE,Towers with Radar,447,34,33,1,515,0,0,4,0,4,447,34,37,1,519,0,0,0,519
02/10/2017,SAN,CA,AWP,WE,Towers with Radar,511,38,24,2,575,0,0,0,0,0,511,38,24,2,575,0,0,0,575
02/11/2017,SAN,CA,AWP,WE,Towers with Radar,374,23,11,0,408,0,0,0,0,0,374,23,11,0,408,0,0,0,408
02/12/2017,SAN,CA,AWP,WE,Towers with Radar,437,21,16,0,474,0,0,1,0,1,437,21,17,0,475,0,0,0,475
02/13/2017,SAN,CA,AWP,WE,Towers with Radar,491,18,12,6,527,0,0,3,2,5,491,18,15,8,532,0,0,0,532
02/14/2017,SAN,CA,AWP,WE,Towers with Radar,436,26,19,0,481,0,0,1,0,1,436,26,20,0,482,0,0,0,482
02/15/2017,SAN,CA,AWP,WE,Towers with Radar,471,32,31,2,536,0,0,4,3,7,471,32,35,5,543,0,0,0,543
02/16/2017,SAN,CA,AWP,WE,Towers with Radar,493,40,20,0,553,0,0,5,1,6,493,40,25,1,559,0,0,0,559
02/17/2017,SAN,CA,AWP,WE,Towers with Radar,411,29,26,11,477,0,0,0,0,0,411,29,26,11,477,0,0,0,477
02/18/2017,SAN,CA,AWP,WE,Towers with Radar,382,21,22,3,428,0,0,3,1,4,382,21,25,4,432,0,0,0,432
02/19/2017,SAN,CA,AWP,WE,Towers with Radar,428,18,19,0,465,0,0,0,0,0,428,18,19,0,465,0,0,0,465
02/20/2017,SAN,CA,AWP,WE,Towers with Radar,477,25,30,0,532,0,0,4,0,4,477,25,34,0,536,0,0,0,536
02/21/2017,SAN,CA,AWP,WE,Towers with Radar,482,28,20,0,530,0,0,3,2,5,482,28,23,2,535,0,0,0,535
02/22/2017,SAN,CA,AWP,WE,Towers with Radar,492,26,16,2,536,0,0,4,1,5,492,26,20,3,541,0,0,0,541
02/23/2017,SAN,CA,AWP,WE,Towers with Radar,502,39,27,1,569,0,1,8,2,11,502,40,35,3,580,0,0,0,580
02/24/2017,SAN,CA,AWP,WE,Towers with Radar,496,24,16,2,538,0,4,6,2,12,496,28,22,4,550,0,0,0,550
02/25/2017,SAN,CA,AWP,WE,Towers with Radar,376,15,16,2,409,0,3,7,1,11,376,18,23,3,420,0,0,0,420
02/26/2017,SAN,CA,AWP,WE,Towers with Radar,450,24,17,0,491,0,0,1,0,1,450,24,18,0,492,0,0,0,492
02/27/2017,SAN,CA,AWP,WE,Towers with Radar,500,27,11,4,542,0,0,1,0,1,500,27,12,4,543,0,0,0,543
02/28/2017,SAN,CA,AWP,WE,Towers with Radar,471,30,14,0,515,1,0,1,4,6,472,30,15,4,521,0,0,0,521
03/01/2017,SAN,CA,AWP,WE,Towers with Radar,485,25,6,3,519,0,0,9,2,11,485,25,15,5,530,0,0,0,530
03/02/2017,SAN,CA,AWP,WE,Towers with Radar,497,29,22,0,548,0,2,6,2,10,497,31,28,2,558,0,0,0,558
03/03/2017,SAN,CA,AWP,WE,Towers with Radar,506,29,21,0,556,0,0,11,1,12,506,29,32,1,568,0,0,0,568
03/04/2017,SAN,CA,AWP,WE,Towers with Radar,383,32,22,0,437,0,1,2,1,4,383,33,24,1,441,0,0,0,441
03/05/2017,SAN,CA,AWP,WE,Towers with Radar,439,30,28,0,497,0,1,2,0,3,439,31,30,0,500,0,0,0,500
03/06/2017,SAN,CA,AWP,WE,Towers with Radar,488,20,26,0,534,0,1,4,0,5,488,21,30,0,539,0,0,0,539
03/07/2017,SAN,CA,AWP,WE,Towers with Radar,480,34,24,2,540,0,2,2,2,6,480,36,26,4,546,0,0,0,546
03/08/2017,SAN,CA,AWP,WE,Towers with Radar,494,30,37,0,561,0,2,3,1,6,494,32,40,1,567,0,0,0,567
03/09/2017,SAN,CA,AWP,WE,Towers with Radar,508,37,16,2,563,0,0,6,1,7,508,37,22,3,570,0,0,0,570
03/10/2017,SAN,CA,AWP,WE,Towers with Radar,512,32,27,2,573,0,1,5,1,7,512,33,32,3,580,0,0,0,580
03/11/2017,SAN,CA,AWP,WE,Towers with Radar,432,21,15,3,471,0,0,6,1,7,432,21,21,4,478,0,0,0,478
03/12/2017,SAN,CA,AWP,WE,Towers with Radar,509,23,30,4,566,0,0,2,1,3,509,23,32,5,569,0,0,0,569
03/13/2017,SAN,CA,AWP,WE,Towers with Radar,445,19,21,4,489,0,0,3,0,3,445,19,24,4,492,0,0,0,492
03/14/2017,SAN,CA,AWP,WE,Towers with Radar,474,33,29,3,539,0,1,7,1,9,474,34,36,4,548,0,0,0,548
03/15/2017,SAN,CA,AWP,WE,Towers with Radar,503,32,32,2,569,0,0,1,3,4,503,32,33,5,573,0,0,0,573
03/16/2017,SAN,CA,AWP,WE,Towers with Radar,531,29,36,2,598,0,0,3,0,3,531,29,39,2,601,0,0,0,601
03/17/2017,SAN,CA,AWP,WE,Towers with Radar,531,32,34,0,597,0,0,3,1,4,531,32,37,1,601,0,0,0,601
03/18/2017,SAN,CA,AWP,WE,Towers with Radar,448,26,27,2,503,0,1,1,0,2,448,27,28,2,505,0,0,0,505
03/19/2017,SAN,CA,AWP,WE,Towers with Radar,491,25,26,2,544,0,0,5,0,5,491,25,31,2,549,0,0,0,549
03/20/2017,SAN,CA,AWP,WE,Towers with Radar,509,30,20,0,559,0,1,2,2,5,509,31,22,2,564,0,0,0,564
03/21/2017,SAN,CA,AWP,WE,Towers with Radar,505,25,23,2,555,0,1,1,1,3,505,26,24,3,558,0,0,0,558
03/22/2017,SAN,CA,AWP,WE,Towers with Radar,509,31,32,1,573,0,0,0,1,1,509,31,32,2,574,0,0,0,574
03/23/2017,SAN,CA,AWP,WE,Towers with Radar,527,41,32,2,602,0,0,3,1,4,527,41,35,3,606,0,0,0,606
03/24/2017,SAN,CA,AWP,WE,Towers with Radar,518,32,20,0,570,0,2,13,0,15,518,34,33,0,585,0,0,0,585
03/25/2017,SAN,CA,AWP,WE,Towers with Radar,444,24,5,0,473,0,0,8,0,8,444,24,13,0,481,0,0,0,481
03/26/2017,SAN,CA,AWP,WE,Towers with Radar,495,19,21,0,535,0,0,2,0,2,495,19,23,0,537,0,0,0,537
03/27/2017,SAN,CA,AWP,WE,Towers with Radar,517,25,21,1,564,0,0,8,3,11,517,25,29,4,575,0,0,0,575
03/28/2017,SAN,CA,AWP,WE,Towers with Radar,502,22,9,1,534,0,1,4,1,6,502,23,13,2,540,0,0,0,540
03/29/2017,SAN,CA,AWP,WE,Towers with Radar,510,32,26,0,568,0,2,5,1,8,510,34,31,1,576,0,0,0,576
03/30/2017,SAN,CA,AWP,WE,Towers with Radar,510,24,30,1,565,0,0,0,1,1,510,24,30,2,566,0,0,0,566
03/31/2017,SAN,CA,AWP,WE,Towers with Radar,516,30,22,2,570,0,0,5,1,6,516,30,27,3,576,0,0,0,576
04/01/2017,SAN,CA,AWP,WE,Towers with Radar,448,19,14,0,481,0,2,11,0,13,448,21,25,0,494,0,0,0,494
04/02/2017,SAN,CA,AWP,WE,Towers with Radar,490,22,30,0,542,0,0,4,0,4,490,22,34,0,546,0,0,0,546
04/03/2017,SAN,CA,AWP,WE,Towers with Radar,514,27,8,0,549,0,1,0,0,1,514,28,8,0,550,0,0,0,550
04/04/2017,SAN,CA,AWP,WE,Towers with Radar,518,27,12,3,560,1,1,2,3,7,519,28,14,6,567,0,0,0,567
04/05/2017,SAN,CA,AWP,WE,Towers with Radar,499,25,13,2,539,0,2,1,0,3,499,27,14,2,542,0,0,0,542
04/06/2017,SAN,CA,AWP,WE,Towers with Radar,514,37,19,0,570,0,2,0,1,3,514,39,19,1,573,0,0,0,573
04/07/2017,SAN,CA,AWP,WE,Towers with Radar,525,31,37,0,593,0,0,2,2,4,525,31,39,2,597,0,0,0,597
04/08/2017,SAN,CA,AWP,WE,Towers with Radar,435,36,20,0,491,0,1,2,0,3,435,37,22,0,494,0,0,0,494
04/09/2017,SAN,CA,AWP,WE,Towers with Radar,502,19,22,0,543,0,1,1,1,3,502,20,23,1,546,0,0,0,546
04/10/2017,SAN,CA,AWP,WE,Towers with Radar,515,24,26,3,568,0,3,3,3,9,515,27,29,6,577,0,0,0,577
04/11/2017,SAN,CA,AWP,WE,Towers with Radar,504,21,19,0,544,0,0,9,2,11,504,21,28,2,555,0,0,0,555
04/12/2017,SAN,CA,AWP,WE,Towers with Radar,516,38,20,1,575,0,1,2,2,5,516,39,22,3,580,0,0,0,580
04/13/2017,SAN,CA,AWP,WE,Towers with Radar,524,30,28,2,584,0,0,1,1,2,524,30,29,3,586,0,0,0,586
04/14/2017,SAN,CA,AWP,WE,Towers with Radar,530,20,25,2,577,0,2,9,2,13,530,22,34,4,590,0,0,0,590
04/15/2017,SAN,CA,AWP,WE,Towers with Radar,431,32,20,0,483,0,0,8,1,9,431,32,28,1,492,0,0,0,492
04/16/2017,SAN,CA,AWP,WE,Towers with Radar,486,28,31,0,545,0,1,4,1,6,486,29,35,1,551,0,0,0,551
04/17/2017,SAN,CA,AWP,WE,Towers with Radar,512,22,32,0,566,0,2,7,1,10,512,24,39,1,576,0,0,0,576
04/18/2017,SAN,CA,AWP,WE,Towers with Radar,518,25,22,1,566,0,0,1,1,2,518,25,23,2,568,0,0,0,568
04/19/2017,SAN,CA,AWP,WE,Towers with Radar,521,30,23,0,574,0,0,2,2,4,521,30,25,2,578,0,0,0,578
04/20/2017,SAN,CA,AWP,WE,Towers with Radar,534,28,21,1,584,1,0,4,1,6,535,28,25,2,590,0,0,0,590
04/21/2017,SAN,CA,AWP,WE,Towers with Radar,547,42,16,1,606,0,3,3,0,6,547,45,19,1,612,0,0,0,612
04/22/2017,SAN,CA,AWP,WE,Towers with Radar,435,26,11,0,472,0,2,14,0,16,435,28,25,0,488,0,0,0,488
04/23/2017,SAN,CA,AWP,WE,Towers with Radar,498,26,23,1,548,0,0,4,0,4,498,26,27,1,552,0,0,0,552
04/24/2017,SAN,CA,AWP,WE,Towers with Radar,517,26,19,3,565,0,0,2,2,4,517,26,21,5,569,0,0,0,569
04/25/2017,SAN,CA,AWP,WE,Towers with Radar,500,26,28,2,556,0,0,2,3,5,500,26,30,5,561,0,0,0,561
04/26/2017,SAN,CA,AWP,WE,Towers with Radar,523,29,17,0,569,0,1,13,1,15,523,30,30,1,584,0,0,0,584
04/27/2017,SAN,CA,AWP,WE,Towers with Radar,538,29,27,5,599,0,1,0,1,2,538,30,27,6,601,0,0,0,601
04/28/2017,SAN,CA,AWP,WE,Towers with Radar,539,17,17,0,573,0,0,8,1,9,539,17,25,1,582,0,0,0,582
04/29/2017,SAN,CA,AWP,WE,Towers with Radar,439,17,19,0,475,0,1,7,0,8,439,18,26,0,483,0,0,0,483
04/30/2017,SAN,CA,AWP,WE,Towers with Radar,503,25,28,0,556,0,1,4,1,6,503,26,32,1,562,0,0,0,562
05/01/2017,SAN,CA,AWP,WE,Towers with Radar,531,27,14,1,573,0,1,10,2,13,531,28,24,3,586,0,0,0,586
05/02/2017,SAN,CA,AWP,WE,Towers with Radar,527,31,18,0,576,0,2,1,1,4,527,33,19,1,580,0,0,0,580
05/03/2017,SAN,CA,AWP,WE,Towers with Radar,521,18,22,2,563,0,1,7,1,9,521,19,29,3,572,0,0,0,572
05/04/2017,SAN,CA,AWP,WE,Towers with Radar,545,25,30,3,603,0,2,3,1,6,545,27,33,4,609,0,0,0,609
05/05/2017,SAN,CA,AWP,WE,Towers with Radar,537,35,27,1,600,0,0,3,0,3,537,35,30,1,603,0,0,0,603
05/06/2017,SAN,CA,AWP,WE,Towers with Radar,453,14,19,2,488,0,0,0,0,0,453,14,19,2,488,0,0,0,488
05/07/2017,SAN,CA,AWP,WE,Towers with Radar,509,24,33,0,566,0,0,0,0,0,509,24,33,0,566,0,0,0,566
05/08/2017,SAN,CA,AWP,WE,Towers with Radar,532,26,21,1,580,0,0,3,1,4,532,26,24,2,584,0,0,0,584
05/09/2017,SAN,CA,AWP,WE,Towers with Radar,545,21,19,0,585,0,0,0,1,1,545,21,19,1,586,0,0,0,586
05/10/2017,SAN,CA,AWP,WE,Towers with Radar,530,29,19,0,578,0,0,2,2,4,530,29,21,2,582,0,0,0,582
05/11/2017,SAN,CA,AWP,WE,Towers with Radar,547,29,29,3,608,0,1,5,1,7,547,30,34,4,615,0,0,0,615
05/12/2017,SAN,CA,AWP,WE,Towers with Radar,536,31,30,1,598,0,2,2,1,5,536,33,32,2,603,0,0,0,603
05/13/2017,SAN,CA,AWP,WE,Towers with Radar,444,18,8,0,470,0,1,3,0,4,444,19,11,0,474,0,0,0,474
05/14/2017,SAN,CA,AWP,WE,Towers with Radar,497,23,19,0,539,0,2,4,0,6,497,25,23,0,545,0,0,0,545
05/15/2017,SAN,CA,AWP,WE,Towers with Radar,531,28,18,3,580,0,0,5,1,6,531,28,23,4,586,0,0,0,586
05/16/2017,SAN,CA,AWP,WE,Towers with Radar,523,32,16,0,571,0,0,3,1,4,523,32,19,1,575,0,0,0,575
05/17/2017,SAN,CA,AWP,WE,Towers with Radar,530,32,15,0,577,0,0,5,2,7,530,32,20,2,584,0,0,0,584
05/18/2017,SAN,CA,AWP,WE,Towers with Radar,548,32,18,2,600,0,1,2,0,3,548,33,20,2,603,0,0,0,603
05/19/2017,SAN,CA,AWP,WE,Towers with Radar,545,25,15,2,587,0,3,9,1,13,545,28,24,3,600,0,0,0,600
05/20/2017,SAN,CA,AWP,WE,Towers with Radar,455,11,6,0,472,0,2,4,1,7,455,13,10,1,479,0,0,0,479
05/21/2017,SAN,CA,AWP,WE,Towers with Radar,512,15,21,2,550,0,0,8,3,11,512,15,29,5,561,0,0,0,561
05/22/2017,SAN,CA,AWP,WE,Towers with Radar,537,30,18,4,589,0,2,3,1,6,537,32,21,5,595,0,0,0,595
05/23/2017,SAN,CA,AWP,WE,Towers with Radar,544,26,9,0,579,0,1,1,1,3,544,27,10,1,582,0,0,0,582
05/24/2017,SAN,CA,AWP,WE,Towers with Radar,529,38,25,0,592,0,0,5,2,7,529,38,30,2,599,0,0,0,599
05/25/2017,SAN,CA,AWP,WE,Towers with Radar,549,43,30,2,624,0,1,2,3,6,549,44,32,5,630,0,0,0,630
05/26/2017,SAN,CA,AWP,WE,Towers with Radar,553,38,45,2,638,0,1,7,2,10,553,39,52,4,648,0,0,0,648
05/27/2017,SAN,CA,AWP,WE,Towers with Radar,442,12,17,0,471,0,2,9,2,13,442,14,26,2,484,0,0,0,484
05/28/2017,SAN,CA,AWP,WE,Towers with Radar,439,16,19,0,474,0,0,7,1,8,439,16,26,1,482,0,0,0,482
05/29/2017,SAN,CA,AWP,WE,Towers with Radar,520,39,34,1,594,0,0,4,0,4,520,39,38,1,598,0,0,0,598
05/30/2017,SAN,CA,AWP,WE,Towers with Radar,533,25,23,5,586,0,2,1,1,4,533,27,24,6,590,0,0,0,590
05/31/2017,SAN,CA,AWP,WE,Towers with Radar,538,30,27,0,595,0,0,2,1,3,538,30,29,1,598,0,0,0,598
06/01/2017,SAN,CA,AWP,WE,Towers with Radar,557,25,29,4,615,0,0,1,2,3,557,25,30,6,618,0,0,0,618
06/02/2017,SAN,CA,AWP,WE,Towers with Radar,545,40,17,2,604,0,0,1,1,2,545,40,18,3,606,0,0,0,606
06/03/2017,SAN,CA,AWP,WE,Towers with Radar,456,27,20,1,504,0,1,7,0,8,456,28,27,1,512,0,0,0,512
06/04/2017,SAN,CA,AWP,WE,Towers with Radar,550,17,21,0,588,0,1,2,0,3,550,18,23,0,591,0,0,0,591
06/05/2017,SAN,CA,AWP,WE,Towers with Radar,573,23,18,2,616,0,0,3,0,3,573,23,21,2,619,0,0,0,619
06/06/2017,SAN,CA,AWP,WE,Towers with Radar,560,21,21,1,603,0,0,4,1,5,560,21,25,2,608,0,0,0,608
06/07/2017,SAN,CA,AWP,WE,Towers with Radar,554,33,31,2,620,0,0,2,2,4,554,33,33,4,624,0,0,0,624
06/08/2017,SAN,CA,AWP,WE,Towers with Radar,570,19,24,4,617,0,3,4,3,10,570,22,28,7,627,0,0,0,627
06/09/2017,SAN,CA,AWP,WE,Towers with Radar,578,26,24,0,628,0,1,8,0,9,578,27,32,0,637,0,0,0,637
06/10/2017,SAN,CA,AWP,WE,Towers with Radar,514,30,15,1,560,0,0,1,0,1,514,30,16,1,561,0,0,0,561
06/11/2017,SAN,CA,AWP,WE,Towers with Radar,540,27,19,0,586,0,0,1,0,1,540,27,20,0,587,0,0,0,587
06/12/2017,SAN,CA,AWP,WE,Towers with Radar,570,24,34,2,630,0,0,6,1,7,570,24,40,3,637,0,0,0,637
06/13/2017,SAN,CA,AWP,WE,Towers with Radar,568,26,24,2,620,0,1,0,0,1,568,27,24,2,621,0,0,0,621
06/14/2017,SAN,CA,AWP,WE,Towers with Radar,566,31,29,0,626,0,1,1,2,4,566,32,30,2,630,0,0,0,630
06/15/2017,SAN,CA,AWP,WE,Towers with Radar,589,36,26,0,651,0,0,7,3,10,589,36,33,3,661,0,0,0,661
06/16/2017,SAN,CA,AWP,WE,Towers with Radar,576,31,27,1,635,0,1,11,0,12,576,32,38,1,647,0,0,0,647
06/17/2017,SAN,CA,AWP,WE,Towers with Radar,526,20,16,1,563,0,2,4,1,7,526,22,20,2,570,0,0,0,570
06/18/2017,SAN,CA,AWP,WE,Towers with Radar,546,33,31,0,610,0,0,13,1,14,546,33,44,1,624,0,0,0,624
06/19/2017,SAN,CA,AWP,WE,Towers with Radar,552,37,26,0,615,0,1,4,0,5,552,38,30,0,620,0,0,0,620
06/20/2017,SAN,CA,AWP,WE,Towers with Radar,579,32,24,0,635,0,0,0,0,0,579,32,24,0,635,0,0,0,635
06/21/2017,SAN,CA,AWP,WE,Towers with Radar,561,31,31,0,623,0,1,5,2,8,561,32,36,2,631,0,0,0,631
06/22/2017,SAN,CA,AWP,WE,Towers with Radar,587,32,37,1,657,0,0,1,0,1,587,32,38,1,658,0,0,0,658
06/23/2017,SAN,CA,AWP,WE,Towers with Radar,579,39,22,3,643,0,0,1,0,1,579,39,23,3,644,0,0,0,644
06/24/2017,SAN,CA,AWP,WE,Towers with Radar,527,16,16,0,559,0,0,5,0,5,527,16,21,0,564,0,0,0,564
06/25/2017,SAN,CA,AWP,WE,Towers with Radar,552,27,26,0,605,0,0,6,1,7,552,27,32,1,612,0,0,0,612
06/26/2017,SAN,CA,AWP,WE,Towers with Radar,575,33,28,0,636,0,0,2,0,2,575,33,30,0,638,0,0,0,638
06/27/2017,SAN,CA,AWP,WE,Towers with Radar,571,31,15,1,618,0,1,3,1,5,571,32,18,2,623,0,0,0,623
06/28/2017,SAN,CA,AWP,WE,Towers with Radar,569,33,36,1,639,0,0,6,2,8,569,33,42,3,647,0,0,0,647
06/29/2017,SAN,CA,AWP,WE,Towers with Radar,586,28,38,0,652,0,2,5,0,7,586,30,43,0,659,0,0,0,659
06/30/2017,SAN,CA,AWP,WE,Towers with Radar,582,30,34,1,647,0,0,6,2,8,582,30,40,3,655,0,0,0,655
07/01/2017,SAN,CA,AWP,WE,Towers with Radar,537,24,29,0,590,0,0,2,0,2,537,24,31,0,592,0,0,0,592
07/02/2017,SAN,CA,AWP,WE,Towers with Radar,524,20,18,2,564,0,1,0,0,1,524,21,18,2,565,0,0,0,565
07/03/2017,SAN,CA,AWP,WE,Towers with Radar,503,18,15,2,538,0,1,8,1,10,503,19,23,3,548,0,0,0,548
07/04/2017,SAN,CA,AWP,WE,Towers with Radar,456,10,13,0,479,0,1,9,0,10,456,11,22,0,489,0,0,0,489
07/05/2017,SAN,CA,AWP,WE,Towers with Radar,564,24,31,3,622,0,0,4,1,5,564,24,35,4,627,0,0,0,627
07/06/2017,SAN,CA,AWP,WE,Towers with Radar,582,36,11,1,630,0,1,3,1,5,582,37,14,2,635,0,0,0,635
07/07/2017,SAN,CA,AWP,WE,Towers with Radar,576,43,17,4,640,0,1,10,2,13,576,44,27,6,653,0,0,0,653
07/08/2017,SAN,CA,AWP,WE,Towers with Radar,541,25,8,0,574,0,1,4,1,6,541,26,12,1,580,0,0,0,580
07/09/2017,SAN,CA,AWP,WE,Towers with Radar,573,33,18,1,625,0,2,8,0,10,573,35,26,1,635,0,0,0,635
07/10/2017,SAN,CA,AWP,WE,Towers with Radar,596,45,12,0,653,0,0,2,1,3,596,45,14,1,656,0,0,0,656
07/11/2017,SAN,CA,AWP,WE,Towers with Radar,578,26,21,0,625,0,0,4,1,5,578,26,25,1,630,0,0,0,630
07/12/2017,SAN,CA,AWP,WE,Towers with Radar,575,24,29,0,628,0,1,4,2,7,575,25,33,2,635,0,0,0,635
07/13/2017,SAN,CA,AWP,WE,Towers with Radar,594,30,28,0,652,0,1,8,1,10,594,31,36,1,662,0,0,0,662
07/14/2017,SAN,CA,AWP,WE,Towers with Radar,600,31,31,0,662,0,2,9,1,12,600,33,40,1,674,0,0,0,674
07/15/2017,SAN,CA,AWP,WE,Towers with Radar,544,16,19,2,581,0,0,4,0,4,544,16,23,2,585,0,0,0,585
07/16/2017,SAN,CA,AWP,WE,Towers with Radar,566,25,34,1,626,0,1,4,0,5,566,26,38,1,631,0,0,0,631
07/17/2017,SAN,CA,AWP,WE,Towers with Radar,574,34,21,3,632,0,1,5,1,7,574,35,26,4,639,0,0,0,639
07/18/2017,SAN,CA,AWP,WE,Towers with Radar,591,32,30,3,656,0,4,3,1,8,591,36,33,4,664,0,0,0,664
07/19/2017,SAN,CA,AWP,WE,Towers with Radar,581,26,35,1,643,0,0,2,0,2,581,26,37,1,645,0,0,0,645
07/20/2017,SAN,CA,AWP,WE,Towers with Radar,594,36,17,2,649,0,6,11,0,17,594,42,28,2,666,0,0,0,666
07/21/2017,SAN,CA,AWP,WE,Towers with Radar,595,40,38,6,679,0,0,9,1,10,595,40,47,7,689,0,0,0,689
07/22/2017,SAN,CA,AWP,WE,Towers with Radar,544,36,41,0,621,0,0,8,0,8,544,36,49,0,629,0,0,0,629
07/23/2017,SAN,CA,AWP,WE,Towers with Radar,553,47,19,0,619,0,0,7,0,7,553,47,26,0,626,0,0,0,626
07/24/2017,SAN,CA,AWP,WE,Towers with Radar,598,30,22,2,652,0,0,3,0,3,598,30,25,2,655,0,0,0,655
07/25/2017,SAN,CA,AWP,WE,Towers with Radar,582,30,15,1,628,0,0,0,0,0,582,30,15,1,628,0,0,0,628
07/26/2017,SAN,CA,AWP,WE,Towers with Radar,581,30,46,0,657,0,0,6,4,10,581,30,52,4,667,0,0,0,667
07/27/2017,SAN,CA,AWP,WE,Towers with Radar,597,35,39,1,672,0,3,10,1,14,597,38,49,2,686,0,0,0,686
07/28/2017,SAN,CA,AWP,WE,Towers with Radar,603,20,35,0,658,0,1,3,1,5,603,21,38,1,663,0,0,0,663
07/29/2017,SAN,CA,AWP,WE,Towers with Radar,534,24,14,1,573,0,0,2,0,2,534,24,16,1,575,0,0,0,575
07/30/2017,SAN,CA,AWP,WE,Towers with Radar,572,25,30,0,627,0,0,4,0,4,572,25,34,0,631,0,0,0,631
07/31/2017,SAN,CA,AWP,WE,Towers with Radar,587,24,42,1,654,0,2,7,1,10,587,26,49,2,664,0,0,0,664
08/01/2017,SAN,CA,AWP,WE,Towers with Radar,596,32,23,1,652,0,1,1,0,2,596,33,24,1,654,0,0,0,654
08/02/2017,SAN,CA,AWP,WE,Towers with Radar,570,25,28,2,625,0,0,2,2,4,570,25,30,4,629,0,0,0,629
08/03/2017,SAN,CA,AWP,WE,Towers with Radar,585,30,22,3,640,0,0,2,2,4,585,30,24,5,644,0,0,0,644
08/04/2017,SAN,CA,AWP,WE,Towers with Radar,575,43,28,2,648,0,0,6,1,7,575,43,34,3,655,0,0,0,655
08/05/2017,SAN,CA,AWP,WE,Towers with Radar,545,25,17,0,587,0,0,5,1,6,545,25,22,1,593,0,0,0,593
08/06/2017,SAN,CA,AWP,WE,Towers with Radar,559,23,39,0,621,0,1,10,1,12,559,24,49,1,633,0,0,0,633
08/07/2017,SAN,CA,AWP,WE,Towers with Radar,580,39,15,3,637,0,0,8,0,8,580,39,23,3,645,0,0,0,645
08/08/2017,SAN,CA,AWP,WE,Towers with Radar,591,25,20,0,636,0,1,3,1,5,591,26,23,1,641,0,0,0,641
08/09/2017,SAN,CA,AWP,WE,Towers with Radar,575,29,22,3,629,0,0,8,1,9,575,29,30,4,638,0,0,0,638
08/10/2017,SAN,CA,AWP,WE,Towers with Radar,597,38,27,1,663,0,3,3,0,6,597,41,30,1,669,0,0,0,669
08/11/2017,SAN,CA,AWP,WE,Towers with Radar,582,33,23,0,638,0,0,4,1,5,582,33,27,1,643,0,0,0,643
08/12/2017,SAN,CA,AWP,WE,Towers with Radar,544,21,14,2,581,0,0,2,0,2,544,21,16,2,583,0,0,0,583
08/13/2017,SAN,CA,AWP,WE,Towers with Radar,567,31,28,1,627,0,0,8,0,8,567,31,36,1,635,0,0,0,635
08/14/2017,SAN,CA,AWP,WE,Towers with Radar,579,30,22,3,634,0,0,5,0,5,579,30,27,3,639,0,0,0,639
08/15/2017,SAN,CA,AWP,WE,Towers with Radar,567,42,15,0,624,0,0,3,1,4,567,42,18,1,628,0,0,0,628
08/16/2017,SAN,CA,AWP,WE,Towers with Radar,562,23,20,2,607,0,0,1,1,2,562,23,21,3,609,0,0,0,609
08/17/2017,SAN,CA,AWP,WE,Towers with Radar,590,34,17,0,641,0,0,2,2,4,590,34,19,2,645,0,0,0,645
08/18/2017,SAN,CA,AWP,WE,Towers with Radar,574,42,35,1,652,0,1,5,0,6,574,43,40,1,658,0,0,0,658
08/19/2017,SAN,CA,AWP,WE,Towers with Radar,518,30,16,1,565,0,1,2,0,3,518,31,18,1,568,0,0,0,568
08/20/2017,SAN,CA,AWP,WE,Towers with Radar,548,24,36,0,608,0,0,8,0,8,548,24,44,0,616,0,0,0,616
08/21/2017,SAN,CA,AWP,WE,Towers with Radar,562,42,37,0,641,0,4,3,1,8,562,46,40,1,649,0,0,0,649
08/22/2017,SAN,CA,AWP,WE,Towers with Radar,555,36,23,1,615,0,0,1,0,1,555,36,24,1,616,0,0,0,616
08/23/2017,SAN,CA,AWP,WE,Towers with Radar,556,24,28,2,610,0,0,0,1,1,556,24,28,3,611,0,0,0,611
08/24/2017,SAN,CA,AWP,WE,Towers with Radar,589,40,19,1,649,0,0,0,1,1,589,40,19,2,650,0,0,0,650
08/25/2017,SAN,CA,AWP,WE,Towers with Radar,581,34,35,2,652,0,0,1,0,1,581,34,36,2,653,0,0,0,653
08/26/2017,SAN,CA,AWP,WE,Towers with Radar,491,15,19,2,527,0,0,3,0,3,491,15,22,2,530,0,0,0,530
08/27/2017,SAN,CA,AWP,WE,Towers with Radar,512,17,25,0,554,0,0,7,0,7,512,17,32,0,561,0,0,0,561
08/28/2017,SAN,CA,AWP,WE,Towers with Radar,550,27,31,0,608,0,2,0,1,3,550,29,31,1,611,0,0,0,611
08/29/2017,SAN,CA,AWP,WE,Towers with Radar,545,23,25,0,593,0,0,9,2,11,545,23,34,2,604,0,0,0,604
08/30/2017,SAN,CA,AWP,WE,Towers with Radar,545,40,24,2,611,0,0,7,2,9,545,40,31,4,620,0,0,0,620
08/31/2017,SAN,CA,AWP,WE,Towers with Radar,568,36,30,1,635,0,0,5,0,5,568,36,35,1,640,0,0,0,640
09/01/2017,SAN,CA,AWP,WE,Towers with Radar,564,36,30,1,631,0,1,2,1,4,564,37,32,2,635,0,0,0,635
09/02/2017,SAN,CA,AWP,WE,Towers with Radar,468,22,10,0,500,0,0,5,0,5,468,22,15,0,505,0,0,0,505
09/03/2017,SAN,CA,AWP,WE,Towers with Radar,440,16,12,0,468,1,1,7,0,9,441,17,19,0,477,0,0,0,477
09/04/2017,SAN,CA,AWP,WE,Towers with Radar,530,42,25,0,597,0,1,1,0,2,530,43,26,0,599,0,0,0,599
09/05/2017,SAN,CA,AWP,WE,Towers with Radar,523,32,31,0,586,0,1,3,0,4,523,33,34,0,590,0,0,0,590
09/06/2017,SAN,CA,AWP,WE,Towers with Radar,523,31,33,2,589,0,0,5,1,6,523,31,38,3,595,0,0,0,595
09/07/2017,SAN,CA,AWP,WE,Towers with Radar,531,23,18,1,573,0,0,3,3,6,531,23,21,4,579,0,0,0,579
09/08/2017,SAN,CA,AWP,WE,Towers with Radar,524,26,28,0,578,0,3,12,1,16,524,29,40,1,594,0,0,0,594
09/09/2017,SAN,CA,AWP,WE,Towers with Radar,453,21,11,0,485,0,1,8,1,10,453,22,19,1,495,0,0,0,495
09/10/2017,SAN,CA,AWP,WE,Towers with Radar,512,22,18,0,552,0,1,6,0,7,512,23,24,0,559,0,0,0,559
09/11/2017,SAN,CA,AWP,WE,Towers with Radar,525,44,25,1,595,0,0,5,1,6,525,44,30,2,601,0,0,0,601
09/12/2017,SAN,CA,AWP,WE,Towers with Radar,532,38,27,0,597,0,0,3,1,4,532,38,30,1,601,0,0,0,601
09/13/2017,SAN,CA,AWP,WE,Towers with Radar,524,39,20,0,583,0,3,2,3,8,524,42,22,3,591,0,0,0,591
09/14/2017,SAN,CA,AWP,WE,Towers with Radar,547,47,19,1,614,0,3,4,4,11,547,50,23,5,625,0,0,0,625
09/15/2017,SAN,CA,AWP,WE,Towers with Radar,544,43,27,2,616,0,0,10,0,10,544,43,37,2,626,0,0,0,626
09/16/2017,SAN,CA,AWP,WE,Towers with Radar,457,16,29,0,502,0,0,7,0,7,457,16,36,0,509,0,0,0,509
09/17/2017,SAN,CA,AWP,WE,Towers with Radar,521,31,17,2,571,0,0,6,1,7,521,31,23,3,578,0,0,0,578
09/18/2017,SAN,CA,AWP,WE,Towers with Radar,540,41,21,1,603,0,0,6,3,9,540,41,27,4,612,0,0,0,612
09/19/2017,SAN,CA,AWP,WE,Towers with Radar,516,26,22,1,565,0,0,1,3,4,516,26,23,4,569,0,0,0,569
09/20/2017,SAN,CA,AWP,WE,Towers with Radar,526,33,34,1,594,0,0,0,3,3,526,33,34,4,597,0,0,0,597
09/21/2017,SAN,CA,AWP,WE,Towers with Radar,554,42,34,1,631,0,2,0,1,3,554,44,34,2,634,0,0,0,634
09/22/2017,SAN,CA,AWP,WE,Towers with Radar,553,39,27,2,621,0,0,4,0,4,553,39,31,2,625,0,0,0,625
09/23/2017,SAN,CA,AWP,WE,Towers with Radar,452,24,15,0,491,0,0,7,0,7,452,24,22,0,498,0,0,0,498
09/24/2017,SAN,CA,AWP,WE,Towers with Radar,520,23,36,0,579,0,2,4,0,6,520,25,40,0,585,0,0,0,585
09/25/2017,SAN,CA,AWP,WE,Towers with Radar,539,30,14,1,584,0,0,6,1,7,539,30,20,2,591,0,0,0,591
09/26/2017,SAN,CA,AWP,WE,Towers with Radar,533,32,11,0,576,0,1,2,0,3,533,33,13,0,579,0,0,0,579
09/27/2017,SAN,CA,AWP,WE,Towers with Radar,529,38,17,0,584,0,1,4,5,10,529,39,21,5,594,0,0,0,594
09/28/2017,SAN,CA,AWP,WE,Towers with Radar,569,28,15,4,616,0,1,4,3,8,569,29,19,7,624,0,0,0,624
09/29/2017,SAN,CA,AWP,WE,Towers with Radar,548,33,22,0,603,0,0,5,2,7,548,33,27,2,610,0,0,0,610
09/30/2017,SAN,CA,AWP,WE,Towers with Radar,453,27,11,0,491,0,1,0,0,1,453,28,11,0,492,0,0,0,492
10/01/2017,SAN,CA,AWP,WE,Towers with Radar,524,34,16,1,575,0,1,1,1,3,524,35,17,2,578,0,0,0,578
10/02/2017,SAN,CA,AWP,WE,Towers with Radar,528,31,21,1,581,0,1,1,2,4,528,32,22,3,585,0,0,0,585
10/03/2017,SAN,CA,AWP,WE,Towers with Radar,518,24,12,4,558,0,2,3,1,6,518,26,15,5,564,0,0,0,564
10/04/2017,SAN,CA,AWP,WE,Towers with Radar,522,39,24,0,585,0,1,5,2,8,522,40,29,2,593,0,0,0,593
10/05/2017,SAN,CA,AWP,WE,Towers with Radar,557,43,25,0,625,0,0,3,1,4,557,43,28,1,629,0,0,0,629
10/06/2017,SAN,CA,AWP,WE,Towers with Radar,542,33,21,1,597,0,2,16,1,19,542,35,37,2,616,0,0,0,616
10/07/2017,SAN,CA,AWP,WE,Towers with Radar,457,23,10,3,493,0,0,6,0,6,457,23,16,3,499,0,0,0,499
10/08/2017,SAN,CA,AWP,WE,Towers with Radar,520,25,14,3,562,0,1,14,2,17,520,26,28,5,579,0,0,0,579
10/09/2017,SAN,CA,AWP,WE,Towers with Radar,538,43,13,7,601,0,1,4,1,6,538,44,17,8,607,0,0,0,607
10/10/2017,SAN,CA,AWP,WE,Towers with Radar,535,33,14,2,584,0,0,7,2,9,535,33,21,4,593,0,0,0,593
10/11/2017,SAN,CA,AWP,WE,Towers with Radar,520,32,18,0,570,0,0,4,2,6,520,32,22,2,576,0,0,0,576
10/12/2017,SAN,CA,AWP,WE,Towers with Radar,551,30,16,1,598,0,1,4,1,6,551,31,20,2,604,0,0,0,604
10/13/2017,SAN,CA,AWP,WE,Towers with Radar,538,34,21,4,597,0,0,2,2,4,538,34,23,6,601,0,0,0,601
10/14/2017,SAN,CA,AWP,WE,Towers with Radar,467,19,13,2,501,0,2,8,0,10,467,21,21,2,511,0,0,0,511
10/15/2017,SAN,CA,AWP,WE,Towers with Radar,517,13,30,0,560,0,0,6,0,6,517,13,36,0,566,0,0,0,566
10/16/2017,SAN,CA,AWP,WE,Towers with Radar,533,24,23,0,580,0,0,4,1,5,533,24,27,1,585,0,0,0,585
10/17/2017,SAN,CA,AWP,WE,Towers with Radar,515,36,15,0,566,0,0,1,1,2,515,36,16,1,568,0,0,0,568
10/18/2017,SAN,CA,AWP,WE,Towers with Radar,535,43,28,2,608,0,0,4,2,6,535,43,32,4,614,0,0,0,614
10/19/2017,SAN,CA,AWP,WE,Towers with Radar,533,33,30,1,597,0,1,2,1,4,533,34,32,2,601,0,0,0,601
10/20/2017,SAN,CA,AWP,WE,Towers with Radar,544,34,24,2,604,0,0,2,0,2,544,34,26,2,606,0,0,0,606
10/21/2017,SAN,CA,AWP,WE,Towers with Radar,464,27,21,0,512,0,0,7,0,7,464,27,28,0,519,0,0,0,519
10/22/2017,SAN,CA,AWP,WE,Towers with Radar,528,27,27,1,583,0,0,10,0,10,528,27,37,1,593,0,0,0,593
10/23/2017,SAN,CA,AWP,WE,Towers with Radar,533,32,23,0,588,0,0,3,2,5,533,32,26,2,593,0,0,0,593
10/24/2017,SAN,CA,AWP,WE,Towers with Radar,529,33,12,0,574,0,0,1,0,1,529,33,13,0,575,0,0,0,575
10/25/2017,SAN,CA,AWP,WE,Towers with Radar,532,42,25,0,599,0,0,4,0,4,532,42,29,0,603,0,0,0,603
10/26/2017,SAN,CA,AWP,WE,Towers with Radar,550,40,22,1,613,0,0,6,2,8,550,40,28,3,621,0,0,0,621
10/27/2017,SAN,CA,AWP,WE,Towers with Radar,546,47,22,1,616,0,0,6,0,6,546,47,28,1,622,0,0,0,622
10/28/2017,SAN,CA,AWP,WE,Towers with Radar,458,22,19,0,499,0,0,5,1,6,458,22,24,1,505,0,0,0,505
10/29/2017,SAN,CA,AWP,WE,Towers with Radar,518,25,29,0,572,0,0,4,1,5,518,25,33,1,577,0,0,0,577
10/30/2017,SAN,CA,AWP,WE,Towers with Radar,525,27,20,0,572,0,0,0,0,0,525,27,20,0,572,0,0,0,572
10/31/2017,SAN,CA,AWP,WE,Towers with Radar,482,21,18,1,522,0,3,2,2,7,482,24,20,3,529,0,0,0,529
11/01/2017,SAN,CA,AWP,WE,Towers with Radar,526,35,37,0,598,0,0,3,3,6,526,35,40,3,604,0,0,0,604
11/02/2017,SAN,CA,AWP,WE,Towers with Radar,548,41,31,0,620,0,0,1,1,2,548,41,32,1,622,0,0,0,622
11/03/2017,SAN,CA,AWP,WE,Towers with Radar,533,38,39,0,610,0,1,4,1,6,533,39,43,1,616,0,0,0,616
11/04/2017,SAN,CA,AWP,WE,Towers with Radar,460,28,21,1,510,0,1,5,0,6,460,29,26,1,516,0,0,0,516
11/05/2017,SAN,CA,AWP,WE,Towers with Radar,517,40,40,0,597,0,0,2,0,2,517,40,42,0,599,0,0,0,599
11/06/2017,SAN,CA,AWP,WE,Towers with Radar,530,33,28,1,592,0,0,4,3,7,530,33,32,4,599,0,0,0,599
11/07/2017,SAN,CA,AWP,WE,Towers with Radar,524,28,19,0,571,0,2,2,2,6,524,30,21,2,577,0,0,0,577
11/08/2017,SAN,CA,AWP,WE,Towers with Radar,521,33,18,0,572,0,0,5,3,8,521,33,23,3,580,0,0,0,580
11/09/2017,SAN,CA,AWP,WE,Towers with Radar,552,41,19,6,618,0,0,5,1,6,552,41,24,7,624,0,0,0,624
11/10/2017,SAN,CA,AWP,WE,Towers with Radar,537,30,24,0,591,0,0,3,0,3,537,30,27,0,594,0,0,0,594
11/11/2017,SAN,CA,AWP,WE,Towers with Radar,442,16,33,0,491,0,2,16,0,18,442,18,49,0,509,0,0,0,509
11/12/2017,SAN,CA,AWP,WE,Towers with Radar,517,25,38,0,580,0,1,4,0,5,517,26,42,0,585,0,0,0,585
11/13/2017,SAN,CA,AWP,WE,Towers with Radar,532,27,45,0,604,0,1,0,0,1,532,28,45,0,605,0,0,0,605
11/14/2017,SAN,CA,AWP,WE,Towers with Radar,530,21,16,0,567,0,0,2,3,5,530,21,18,3,572,0,0,0,572
11/15/2017,SAN,CA,AWP,WE,Towers with Radar,526,27,18,0,571,0,0,3,0,3,526,27,21,0,574,0,0,0,574
11/16/2017,SAN,CA,AWP,WE,Towers with Radar,544,31,25,1,601,0,0,5,0,5,544,31,30,1,606,0,0,0,606
11/17/2017,SAN,CA,AWP,WE,Towers with Radar,552,43,27,0,622,0,1,2,0,3,552,44,29,0,625,0,0,0,625
11/18/2017,SAN,CA,AWP,WE,Towers with Radar,480,33,14,0,527,0,1,8,0,9,480,34,22,0,536,0,0,0,536
11/19/2017,SAN,CA,AWP,WE,Towers with Radar,504,19,26,0,549,0,0,2,0,2,504,19,28,0,551,0,0,0,551
11/20/2017,SAN,CA,AWP,WE,Towers with Radar,520,30,14,0,564,0,1,7,0,8,520,31,21,0,572,0,0,0,572
11/21/2017,SAN,CA,AWP,WE,Towers with Radar,552,25,22,0,599,0,0,3,2,5,552,25,25,2,604,0,0,0,604
11/22/2017,SAN,CA,AWP,WE,Towers with Radar,568,23,22,1,614,0,2,6,0,8,568,25,28,1,622,0,0,0,622
11/23/2017,SAN,CA,AWP,WE,Towers with Radar,350,17,9,2,378,0,1,13,0,14,350,18,22,2,392,0,0,0,392
11/24/2017,SAN,CA,AWP,WE,Towers with Radar,438,34,15,0,487,0,0,0,0,0,438,34,15,0,487,0,0,0,487
11/25/2017,SAN,CA,AWP,WE,Towers with Radar,531,25,13,0,569,0,0,5,1,6,531,25,18,1,575,0,0,0,575
11/26/2017,SAN,CA,AWP,WE,Towers with Radar,558,25,29,0,612,0,1,2,0,3,558,26,31,0,615,0,0,0,615
11/27/2017,SAN,CA,AWP,WE,Towers with Radar,554,30,13,0,597,0,1,0,1,2,554,31,13,1,599,0,0,0,599
11/28/2017,SAN,CA,AWP,WE,Towers with Radar,535,33,11,0,579,0,2,5,1,8,535,35,16,1,587,0,0,0,587
11/29/2017,SAN,CA,AWP,WE,Towers with Radar,532,19,19,0,570,0,0,4,1,5,532,19,23,1,575,0,0,0,575
11/30/2017,SAN,CA,AWP,WE,Towers with Radar,544,31,16,0,591,0,0,4,1,5,544,31,20,1,596,0,0,0,596
12/01/2017,SAN,CA,AWP,WE,Towers with Radar,549,30,26,0,605,0,1,4,0,5,549,31,30,0,610,0,0,0,610
12/02/2017,SAN,CA,AWP,WE,Towers with Radar,455,6,9,0,470,0,0,10,0,10,455,6,19,0,480,0,0,0,480
12/03/2017,SAN,CA,AWP,WE,Towers with Radar,500,21,13,0,534,0,0,7,2,9,500,21,20,2,543,0,0,0,543
12/04/2017,SAN,CA,AWP,WE,Towers with Radar,530,29,11,0,570,0,0,7,2,9,530,29,18,2,579,0,0,0,579
12/05/2017,SAN,CA,AWP,WE,Towers with Radar,519,28,20,0,567,0,2,5,0,7,519,30,25,0,574,0,0,0,574
12/06/2017,SAN,CA,AWP,WE,Towers with Radar,528,30,12,0,570,0,0,8,3,11,528,30,20,3,581,0,0,0,581
12/07/2017,SAN,CA,AWP,WE,Towers with Radar,537,27,17,0,581,0,0,1,1,2,537,27,18,1,583,0,0,0,583
12/08/2017,SAN,CA,AWP,WE,Towers with Radar,539,37,11,0,587,0,0,8,2,10,539,37,19,2,597,0,0,0,597
12/09/2017,SAN,CA,AWP,WE,Towers with Radar,450,9,10,0,469,0,0,7,0,7,450,9,17,0,476,0,0,0,476
12/10/2017,SAN,CA,AWP,WE,Towers with Radar,504,11,10,0,525,0,1,5,1,7,504,12,15,1,532,0,0,0,532
12/11/2017,SAN,CA,AWP,WE,Towers with Radar,527,39,19,0,585,0,1,7,2,10,527,40,26,2,595,0,0,0,595
12/12/2017,SAN,CA,AWP,WE,Towers with Radar,519,29,17,0,565,0,2,6,3,11,519,31,23,3,576,0,0,0,576
12/13/2017,SAN,CA,AWP,WE,Towers with Radar,528,24,17,0,569,0,1,4,1,6,528,25,21,1,575,0,0,0,575
12/14/2017,SAN,CA,AWP,WE,Towers with Radar,545,38,28,0,611,0,1,3,1,5,545,39,31,1,616,0,0,0,616
12/15/2017,SAN,CA,AWP,WE,Towers with Radar,557,38,20,2,617,0,1,4,0,5,557,39,24,2,622,0,0,0,622
12/16/2017,SAN,CA,AWP,WE,Towers with Radar,476,16,11,1,504,0,0,2,1,3,476,16,13,2,507,0,0,0,507
12/17/2017,SAN,CA,AWP,WE,Towers with Radar,524,15,14,2,555,0,1,2,2,5,524,16,16,4,560,0,0,0,560
12/18/2017,SAN,CA,AWP,WE,Towers with Radar,555,40,12,0,607,0,0,4,1,5,555,40,16,1,612,0,0,0,612
12/19/2017,SAN,CA,AWP,WE,Towers with Radar,555,25,17,0,597,0,0,6,1,7,555,25,23,1,604,0,0,0,604
12/20/2017,SAN,CA,AWP,WE,Towers with Radar,563,28,17,0,608,0,0,3,1,4,563,28,20,1,612,0,0,0,612
12/21/2017,SAN,CA,AWP,WE,Towers with Radar,579,37,12,0,628,0,1,9,1,11,579,38,21,1,639,0,0,0,639
12/22/2017,SAN,CA,AWP,WE,Towers with Radar,588,35,28,0,651,0,0,5,1,6,588,35,33,1,657,0,0,0,657
12/23/2017,SAN,CA,AWP,WE,Towers with Radar,526,34,13,0,573,0,2,1,0,3,526,36,14,0,576,0,0,0,576
12/24/2017,SAN,CA,AWP,WE,Towers with Radar,441,13,8,0,462,0,0,4,1,5,441,13,12,1,467,0,0,0,467
12/25/2017,SAN,CA,AWP,WE,Towers with Radar,458,30,8,0,496,0,0,5,0,5,458,30,13,0,501,0,0,0,501
12/26/2017,SAN,CA,AWP,WE,Towers with Radar,589,30,30,0,649,0,1,14,1,16,589,31,44,1,665,0,0,0,665
12/27/2017,SAN,CA,AWP,WE,Towers with Radar,580,40,32,0,652,0,0,4,0,4,580,40,36,0,656,0,0,0,656
12/28/2017,SAN,CA,AWP,WE,Towers with Radar,567,26,11,0,604,0,1,18,0,19,567,27,29,0,623,0,0,0,623
12/29/2017,SAN,CA,AWP,WE,Towers with Radar,569,29,17,2,617,0,1,8,0,9,569,30,25,2,626,0,0,0,626
12/30/2017,SAN,CA,AWP,WE,Towers with Radar,536,25,25,1,587,0,3,5,0,8,536,28,30,1,595,0,0,0,595
12/31/2017,SAN,CA,AWP,WE,Towers with Radar,468,15,14,0,497,0,0,6,0,6,468,15,20,0,503,0,0,0,503
01/01/2018,SAN,CA,AWP,WE,Towers with Radar,484,20,20,0,524,0,1,9,0,10,484,21,29,0,534,0,0,0,534
01/02/2018,SAN,CA,AWP,WE,Towers with Radar,571,36,34,2,643,0,2,6,1,9,571,38,40,3,652,0,0,0,652
01/03/2018,SAN,CA,AWP,WE,Towers with Radar,546,31,15,1,593,0,1,1,0,2,546,32,16,1,595,0,0,0,595
01/04/2018,SAN,CA,AWP,WE,Towers with Radar,511,29,31,3,574,0,0,6,0,6,511,29,37,3,580,0,0,0,580
01/05/2018,SAN,CA,AWP,WE,Towers with Radar,542,39,27,2,610,0,0,6,1,7,542,39,33,3,617,0,0,0,617
01/06/2018,SAN,CA,AWP,WE,Towers with Radar,456,30,32,0,518,0,0,4,0,4,456,30,36,0,522,0,0,0,522
01/07/2018,SAN,CA,AWP,WE,Towers with Radar,515,23,15,0,553,0,1,7,0,8,515,24,22,0,561,0,0,0,561
01/08/2018,SAN,CA,AWP,WE,Towers with Radar,528,29,19,1,577,0,0,1,0,1,528,29,20,1,578,0,0,0,578
01/09/2018,SAN,CA,AWP,WE,Towers with Radar,502,34,22,0,558,0,0,0,2,2,502,34,22,2,560,0,0,0,560
01/10/2018,SAN,CA,AWP,WE,Towers with Radar,512,40,38,0,590,0,1,4,0,5,512,41,42,0,595,0,0,0,595
01/11/2018,SAN,CA,AWP,WE,Towers with Radar,538,30,19,0,587,0,2,2,1,5,538,32,21,1,592,0,0,0,592
01/12/2018,SAN,CA,AWP,WE,Towers with Radar,488,38,32,0,558,0,1,7,1,9,488,39,39,1,567,0,0,0,567
01/13/2018,SAN,CA,AWP,WE,Towers with Radar,449,22,10,0,481,0,2,7,0,9,449,24,17,0,490,0,0,0,490
01/14/2018,SAN,CA,AWP,WE,Towers with Radar,483,24,16,0,523,0,2,6,0,8,483,26,22,0,531,0,0,0,531
01/15/2018,SAN,CA,AWP,WE,Towers with Radar,535,33,12,0,580,0,1,1,0,2,535,34,13,0,582,0,0,0,582
01/16/2018,SAN,CA,AWP,WE,Towers with Radar,504,23,24,0,551,0,0,2,0,2,504,23,26,0,553,0,0,0,553
01/17/2018,SAN,CA,AWP,WE,Towers with Radar,537,21,27,0,585,0,0,2,2,4,537,21,29,2,589,0,0,0,589
01/18/2018,SAN,CA,AWP,WE,Towers with Radar,535,22,28,0,585,0,1,3,0,4,535,23,31,0,589,0,0,0,589
01/19/2018,SAN,CA,AWP,WE,Towers with Radar,540,39,20,0,599,0,0,0,0,0,540,39,20,0,599,0,0,0,599
01/20/2018,SAN,CA,AWP,WE,Towers with Radar,411,24,19,7,461,0,0,2,0,2,411,24,21,7,463,0,0,0,463
01/21/2018,SAN,CA,AWP,WE,Towers with Radar,481,17,25,7,530,0,1,8,1,10,481,18,33,8,540,0,0,0,540
01/22/2018,SAN,CA,AWP,WE,Towers with Radar,524,32,20,0,576,1,2,6,1,10,525,34,26,1,586,0,0,0,586
01/23/2018,SAN,CA,AWP,WE,Towers with Radar,507,34,16,2,559,0,0,6,1,7,507,34,22,3,566,0,0,0,566
01/24/2018,SAN,CA,AWP,WE,Towers with Radar,522,22,28,0,572,0,0,5,5,10,522,22,33,5,582,0,0,0,582
01/25/2018,SAN,CA,AWP,WE,Towers with Radar,536,38,27,0,601,0,0,4,1,5,536,38,31,1,606,0,0,0,606
01/26/2018,SAN,CA,AWP,WE,Towers with Radar,544,33,18,0,595,0,2,4,1,7,544,35,22,1,602,0,0,0,602
01/27/2018,SAN,CA,AWP,WE,Towers with Radar,420,22,13,0,455,0,0,5,0,5,420,22,18,0,460,0,0,0,460
01/28/2018,SAN,CA,AWP,WE,Towers with Radar,493,38,22,0,553,0,0,6,0,6,493,38,28,0,559,0,0,0,559
01/29/2018,SAN,CA,AWP,WE,Towers with Radar,534,32,13,1,580,0,1,4,1,6,534,33,17,2,586,0,0,0,586
01/30/2018,SAN,CA,AWP,WE,Towers with Radar,513,46,18,3,580,0,2,3,1,6,513,48,21,4,586,0,0,0,586
01/31/2018,SAN,CA,AWP,WE,Towers with Radar,514,41,24,1,580,0,0,5,4,9,514,41,29,5,589,0,0,0,589
02/01/2018,SAN,CA,AWP,WE,Towers with Radar,538,31,13,0,582,0,1,4,2,7,538,32,17,2,589,0,0,0,589
02/02/2018,SAN,CA,AWP,WE,Towers with Radar,537,35,17,1,590,0,1,4,1,6,537,36,21,2,596,0,0,0,596
02/03/2018,SAN,CA,AWP,WE,Towers with Radar,415,30,10,2,457,0,2,11,0,13,415,32,21,2,470,0,0,0,470
02/04/2018,SAN,CA,AWP,WE,Towers with Radar,446,21,9,0,476,0,0,5,1,6,446,21,14,1,482,0,0,0,482
02/05/2018,SAN,CA,AWP,WE,Towers with Radar,529,29,35,1,594,0,1,1,4,6,529,30,36,5,600,0,0,0,600
02/06/2018,SAN,CA,AWP,WE,Towers with Radar,522,38,17,1,578,0,0,4,0,4,522,38,21,1,582,0,0,0,582
02/07/2018,SAN,CA,AWP,WE,Towers with Radar,516,39,24,5,584,0,0,11,1,12,516,39,35,6,596,0,0,0,596
02/08/2018,SAN,CA,AWP,WE,Towers with Radar,527,52,22,1,602,0,1,8,0,9,527,53,30,1,611,0,0,0,611
02/09/2018,SAN,CA,AWP,WE,Towers with Radar,535,35,22,1,593,0,1,5,0,6,535,36,27,1,599,0,0,0,599
02/10/2018,SAN,CA,AWP,WE,Towers with Radar,412,17,18,0,447,0,1,6,0,7,412,18,24,0,454,0,0,0,454
02/11/2018,SAN,CA,AWP,WE,Towers with Radar,489,20,29,0,538,0,3,14,1,18,489,23,43,1,556,0,0,0,556
02/12/2018,SAN,CA,AWP,WE,Towers with Radar,523,45,29,0,597,0,0,3,1,4,523,45,32,1,601,0,0,0,601
02/13/2018,SAN,CA,AWP,WE,Towers with Radar,509,38,32,4,583,0,0,6,0,6,509,38,38,4,589,0,0,0,589
02/14/2018,SAN,CA,AWP,WE,Towers with Radar,470,33,21,1,525,0,0,10,2,12,470,33,31,3,537,0,0,0,537
02/15/2018,SAN,CA,AWP,WE,Towers with Radar,538,40,23,1,602,0,1,6,3,10,538,41,29,4,612,0,0,0,612
02/16/2018,SAN,CA,AWP,WE,Towers with Radar,536,49,32,3,620,0,1,7,0,8,536,50,39,3,628,0,0,0,628
02/17/2018,SAN,CA,AWP,WE,Towers with Radar,431,35,5,0,471,0,1,8,0,9,431,36,13,0,480,0,0,0,480
02/18/2018,SAN,CA,AWP,WE,Towers with Radar,483,24,8,2,517,0,0,5,2,7,483,24,13,4,524,0,0,0,524
02/19/2018,SAN,CA,AWP,WE,Towers with Radar,535,42,29,0,606,0,0,1,2,3,535,42,30,2,609,0,0,0,609
02/20/2018,SAN,CA,AWP,WE,Towers with Radar,529,43,16,0,588,0,0,8,2,10,529,43,24,2,598,0,0,0,598
02/21/2018,SAN,CA,AWP,WE,Towers with Radar,519,50,13,1,583,0,0,5,2,7,519,50,18,3,590,0,0,0,590
02/22/2018,SAN,CA,AWP,WE,Towers with Radar,536,41,28,2,607,0,0,3,2,5,536,41,31,4,612,0,0,0,612
02/23/2018,SAN,CA,AWP,WE,Towers with Radar,543,48,28,2,621,0,1,13,1,15,543,49,41,3,636,0,0,0,636
02/24/2018,SAN,CA,AWP,WE,Towers with Radar,432,30,23,0,485,0,3,12,1,16,432,33,35,1,501,0,0,0,501
02/25/2018,SAN,CA,AWP,WE,Towers with Radar,501,23,24,0,548,0,1,7,0,8,501,24,31,0,556,0,0,0,556
02/26/2018,SAN,CA,AWP,WE,Towers with Radar,531,32,14,3,580,0,0,6,2,8,531,32,20,5,588,0,0,0,588
02/27/2018,SAN,CA,AWP,WE,Towers with Radar,524,33,19,0,576,0,1,0,4,5,524,34,19,4,581,0,0,0,581
02/28/2018,SAN,CA,AWP,WE,Towers with Radar,527,37,22,0,586,0,1,8,2,11,527,38,30,2,597,0,0,0,597
03/01/2018,SAN,CA,AWP,WE,Towers with Radar,536,50,23,0,609,0,0,4,3,7,536,50,27,3,616,0,0,0,616
03/02/2018,SAN,CA,AWP,WE,Towers with Radar,527,33,13,3,576,0,0,8,0,8,527,33,21,3,584,0,0,0,584
03/03/2018,SAN,CA,AWP,WE,Towers with Radar,435,26,20,4,485,0,0,2,1,3,435,26,22,5,488,0,0,0,488
03/04/2018,SAN,CA,AWP,WE,Towers with Radar,495,25,15,9,544,0,1,7,0,8,495,26,22,9,552,0,0,0,552
03/05/2018,SAN,CA,AWP,WE,Towers with Radar,530,33,32,7,602,0,1,7,1,9,530,34,39,8,611,0,0,0,611
03/06/2018,SAN,CA,AWP,WE,Towers with Radar,531,33,41,1,606,0,0,5,1,6,531,33,46,2,612,0,0,0,612
03/07/2018,SAN,CA,AWP,WE,Towers with Radar,515,35,36,1,587,0,0,4,1,5,515,35,40,2,592,0,0,0,592
03/08/2018,SAN,CA,AWP,WE,Towers with Radar,545,28,34,1,608,0,1,9,2,12,545,29,43,3,620,0,0,0,620
03/09/2018,SAN,CA,AWP,WE,Towers with Radar,562,41,37,0,640,0,1,5,2,8,562,42,42,2,648,0,0,0,648
03/10/2018,SAN,CA,AWP,WE,Towers with Radar,477,36,8,0,521,0,0,0,0,0,477,36,8,0,521,0,0,0,521
03/11/2018,SAN,CA,AWP,WE,Towers with Radar,542,31,24,0,597,0,0,0,1,1,542,31,24,1,598,0,0,0,598
03/12/2018,SAN,CA,AWP,WE,Towers with Radar,539,34,12,0,585,0,2,3,0,5,539,36,15,0,590,0,0,0,590
03/13/2018,SAN,CA,AWP,WE,Towers with Radar,552,34,13,3,602,0,0,0,1,1,552,34,13,4,603,0,0,0,603
03/14/2018,SAN,CA,AWP,WE,Towers with Radar,560,36,22,1,619,0,0,0,2,2,560,36,22,3,621,0,0,0,621
03/15/2018,SAN,CA,AWP,WE,Towers with Radar,555,41,24,0,620,0,0,8,0,8,555,41,32,0,628,0,0,0,628
03/16/2018,SAN,CA,AWP,WE,Towers with Radar,543,61,36,0,640,0,0,5,0,5,543,61,41,0,645,0,0,0,645
03/17/2018,SAN,CA,AWP,WE,Towers with Radar,488,34,13,0,535,0,0,6,0,6,488,34,19,0,541,0,0,0,541
03/18/2018,SAN,CA,AWP,WE,Towers with Radar,540,23,33,0,596,0,0,7,0,7,540,23,40,0,603,0,0,0,603
03/19/2018,SAN,CA,AWP,WE,Towers with Radar,553,34,25,2,614,0,2,13,1,16,553,36,38,3,630,0,0,0,630
03/20/2018,SAN,CA,AWP,WE,Towers with Radar,532,39,23,0,594,0,4,0,1,5,532,43,23,1,599,0,0,0,599
03/21/2018,SAN,CA,AWP,WE,Towers with Radar,516,33,29,2,580,0,0,8,2,10,516,33,37,4,590,0,0,0,590
03/22/2018,SAN,CA,AWP,WE,Towers with Radar,545,46,30,1,622,0,0,0,1,1,545,46,30,2,623,0,0,0,623
03/23/2018,SAN,CA,AWP,WE,Towers with Radar,561,49,19,2,631,0,0,5,0,5,561,49,24,2,636,0,0,0,636
03/24/2018,SAN,CA,AWP,WE,Towers with Radar,480,37,14,0,531,0,0,5,1,6,480,37,19,1,537,0,0,0,537
03/25/2018,SAN,CA,AWP,WE,Towers with Radar,541,26,21,0,588,0,0,10,1,11,541,26,31,1,599,0,0,0,599
03/26/2018,SAN,CA,AWP,WE,Towers with Radar,548,42,21,2,613,0,0,3,0,3,548,42,24,2,616,0,0,0,616
03/27/2018,SAN,CA,AWP,WE,Towers with Radar,544,39,14,0,597,0,0,6,0,6,544,39,20,0,603,0,0,0,603
03/28/2018,SAN,CA,AWP,WE,Towers with Radar,551,25,14,1,591,0,0,11,0,11,551,25,25,1,602,0,0,0,602
03/29/2018,SAN,CA,AWP,WE,Towers with Radar,560,42,16,0,618,0,1,6,3,10,560,43,22,3,628,0,0,0,628
03/30/2018,SAN,CA,AWP,WE,Towers with Radar,560,37,24,0,621,0,1,6,0,7,560,38,30,0,628,0,0,0,628
03/31/2018,SAN,CA,AWP,WE,Towers with Radar,485,33,13,0,531,0,0,3,0,3,485,33,16,0,534,0,0,0,534
04/01/2018,SAN,CA,AWP,WE,Towers with Radar,526,41,13,0,580,0,0,3,1,4,526,41,16,1,584,0,0,0,584
04/02/2018,SAN,CA,AWP,WE,Towers with Radar,563,29,19,2,613,0,0,2,0,2,563,29,21,2,615,0,0,0,615
04/03/2018,SAN,CA,AWP,WE,Towers with Radar,536,36,15,0,587,0,0,7,0,7,536,36,22,0,594,0,0,0,594
04/04/2018,SAN,CA,AWP,WE,Towers with Radar,564,43,27,0,634,0,0,2,2,4,564,43,29,2,638,0,0,0,638
04/05/2018,SAN,CA,AWP,WE,Towers with Radar,562,39,23,1,625,0,2,1,2,5,562,41,24,3,630,0,0,0,630
04/06/2018,SAN,CA,AWP,WE,Towers with Radar,544,39,20,0,603,0,2,4,3,9,544,41,24,3,612,0,0,0,612
04/07/2018,SAN,CA,AWP,WE,Towers with Radar,484,38,12,0,534,0,0,4,1,5,484,38,16,1,539,0,0,0,539
04/08/2018,SAN,CA,AWP,WE,Towers with Radar,553,27,29,0,609,0,1,7,0,8,553,28,36,0,617,0,0,0,617
04/09/2018,SAN,CA,AWP,WE,Towers with Radar,582,30,29,2,643,0,1,2,2,5,582,31,31,4,648,0,0,0,648
04/10/2018,SAN,CA,AWP,WE,Towers with Radar,537,40,18,0,595,0,0,6,5,11,537,40,24,5,606,0,0,0,606
04/11/2018,SAN,CA,AWP,WE,Towers with Radar,558,31,18,0,607,0,0,5,0,5,558,31,23,0,612,0,0,0,612
04/12/2018,SAN,CA,AWP,WE,Towers with Radar,568,34,23,2,627,0,0,4,1,5,568,34,27,3,632,0,0,0,632
04/13/2018,SAN,CA,AWP,WE,Towers with Radar,568,35,29,1,633,1,1,5,2,9,569,36,34,3,642,0,0,0,642
04/14/2018,SAN,CA,AWP,WE,Towers with Radar,479,22,8,0,509,0,1,8,2,11,479,23,16,2,520,0,0,0,520
04/15/2018,SAN,CA,AWP,WE,Towers with Radar,549,34,26,0,609,0,0,0,0,0,549,34,26,0,609,0,0,0,609
04/16/2018,SAN,CA,AWP,WE,Towers with Radar,559,30,21,2,612,0,1,3,0,4,559,31,24,2,616,0,0,0,616
04/17/2018,SAN,CA,AWP,WE,Towers with Radar,555,28,22,1,606,0,0,16,1,17,555,28,38,2,623,0,0,0,623
04/18/2018,SAN,CA,AWP,WE,Towers with Radar,556,32,22,2,612,1,0,10,3,14,557,32,32,5,626,0,0,0,626
04/19/2018,SAN,CA,AWP,WE,Towers with Radar,575,42,37,1,655,0,0,3,1,4,575,42,40,2,659,0,0,0,659
04/20/2018,SAN,CA,AWP,WE,Towers with Radar,570,40,18,1,629,0,0,6,0,6,570,40,24,1,635,0,0,0,635
04/21/2018,SAN,CA,AWP,WE,Towers with Radar,491,28,17,1,537,0,4,1,0,5,491,32,18,1,542,0,0,0,542
04/22/2018,SAN,CA,AWP,WE,Towers with Radar,535,41,31,1,608,0,1,11,1,13,535,42,42,2,621,0,0,0,621
04/23/2018,SAN,CA,AWP,WE,Towers with Radar,568,40,15,2,625,0,0,4,1,5,568,40,19,3,630,0,0,0,630
04/24/2018,SAN,CA,AWP,WE,Towers with Radar,543,42,32,1,618,0,0,3,0,3,543,42,35,1,621,0,0,0,621
04/25/2018,SAN,CA,AWP,WE,Towers with Radar,550,35,19,1,605,0,0,2,4,6,550,35,21,5,611,0,0,0,611
04/26/2018,SAN,CA,AWP,WE,Towers with Radar,572,37,24,0,633,0,0,4,4,8,572,37,28,4,641,0,0,0,641
04/27/2018,SAN,CA,AWP,WE,Towers with Radar,574,40,16,0,630,0,1,2,0,3,574,41,18,0,633,0,0,0,633
04/28/2018,SAN,CA,AWP,WE,Towers with Radar,491,26,15,0,532,0,0,6,0,6,491,26,21,0,538,0,0,0,538
04/29/2018,SAN,CA,AWP,WE,Towers with Radar,555,31,29,1,616,0,0,4,0,4,555,31,33,1,620,0,0,0,620
04/30/2018,SAN,CA,AWP,WE,Towers with Radar,570,34,23,1,628,0,0,3,0,3,570,34,26,1,631,0,0,0,631
05/01/2018,SAN,CA,AWP,WE,Towers with Radar,553,37,27,0,617,0,1,0,5,6,553,38,27,5,623,0,0,0,623
05/02/2018,SAN,CA,AWP,WE,Towers with Radar,554,40,28,0,622,0,1,0,3,4,554,41,28,3,626,0,0,0,626
05/03/2018,SAN,CA,AWP,WE,Towers with Radar,571,37,39,5,652,0,1,5,0,6,571,38,44,5,658,0,0,0,658
05/04/2018,SAN,CA,AWP,WE,Towers with Radar,571,37,16,1,625,0,0,8,1,9,571,37,24,2,634,0,0,0,634
05/05/2018,SAN,CA,AWP,WE,Towers with Radar,486,30,5,1,522,0,1,3,0,4,486,31,8,1,526,0,0,0,526
05/06/2018,SAN,CA,AWP,WE,Towers with Radar,563,33,27,0,623,0,1,3,1,5,563,34,30,1,628,0,0,0,628
05/07/2018,SAN,CA,AWP,WE,Towers with Radar,577,35,10,0,622,0,0,3,0,3,577,35,13,0,625,0,0,0,625
05/08/2018,SAN,CA,AWP,WE,Towers with Radar,561,25,16,0,602,0,0,2,1,3,561,25,18,1,605,0,0,0,605
05/09/2018,SAN,CA,AWP,WE,Towers with Radar,564,36,33,0,633,0,0,6,1,7,564,36,39,1,640,0,0,0,640
05/10/2018,SAN,CA,AWP,WE,Towers with Radar,586,34,34,0,654,0,1,4,0,5,586,35,38,0,659,0,0,0,659
05/11/2018,SAN,CA,AWP,WE,Towers with Radar,581,43,23,4,651,0,1,2,2,5,581,44,25,6,656,0,0,0,656
05/12/2018,SAN,CA,AWP,WE,Towers with Radar,478,24,18,0,520,0,1,5,0,6,478,25,23,0,526,0,0,0,526
05/13/2018,SAN,CA,AWP,WE,Towers with Radar,545,28,20,0,593,0,0,4,2,6,545,28,24,2,599,0,0,0,599
05/14/2018,SAN,CA,AWP,WE,Towers with Radar,563,32,16,1,612,0,1,3,0,4,563,33,19,1,616,0,0,0,616
05/15/2018,SAN,CA,AWP,WE,Towers with Radar,553,36,23,0,612,0,1,7,3,11,553,37,30,3,623,0,0,0,623
05/16/2018,SAN,CA,AWP,WE,Towers with Radar,557,32,13,0,602,0,2,8,2,12,557,34,21,2,614,0,0,0,614
05/17/2018,SAN,CA,AWP,WE,Towers with Radar,580,23,15,0,618,0,0,3,1,4,580,23,18,1,622,0,0,0,622
05/18/2018,SAN,CA,AWP,WE,Towers with Radar,566,46,17,0,629,0,0,2,2,4,566,46,19,2,633,0,0,0,633
05/19/2018,SAN,CA,AWP,WE,Towers with Radar,488,26,21,1,536,0,1,11,0,12,488,27,32,1,548,0,0,0,548
05/20/2018,SAN,CA,AWP,WE,Towers with Radar,560,28,22,0,610,0,0,5,0,5,560,28,27,0,615,0,0,0,615
05/21/2018,SAN,CA,AWP,WE,Towers with Radar,585,36,22,0,643,0,2,0,2,4,585,38,22,2,647,0,0,0,647
05/22/2018,SAN,CA,AWP,WE,Towers with Radar,563,43,16,3,625,0,1,8,3,12,563,44,24,6,637,0,0,0,637
05/23/2018,SAN,CA,AWP,WE,Towers with Radar,574,46,29,1,650,0,0,3,2,5,574,46,32,3,655,0,0,0,655
05/24/2018,SAN,CA,AWP,WE,Towers with Radar,589,47,37,0,673,0,1,3,0,4,589,48,40,0,677,0,0,0,677
05/25/2018,SAN,CA,AWP,WE,Towers with Radar,579,58,35,2,674,0,0,5,0,5,579,58,40,2,679,0,0,0,679
05/26/2018,SAN,CA,AWP,WE,Towers with Radar,490,27,15,0,532,0,0,8,0,8,490,27,23,0,540,0,0,0,540
05/27/2018,SAN,CA,AWP,WE,Towers with Radar,483,27,18,0,528,0,0,7,0,7,483,27,25,0,535,0,0,0,535
05/28/2018,SAN,CA,AWP,WE,Towers with Radar,550,34,32,0,616,0,0,4,0,4,550,34,36,0,620,0,0,0,620
05/29/2018,SAN,CA,AWP,WE,Towers with Radar,572,43,28,0,643,0,1,2,1,4,572,44,30,1,647,0,0,0,647
05/30/2018,SAN,CA,AWP,WE,Towers with Radar,562,37,18,2,619,0,1,0,0,1,562,38,18,2,620,0,0,0,620
05/31/2018,SAN,CA,AWP,WE,Towers with Radar,569,34,22,3,628,0,1,3,0,4,569,35,25,3,632,0,0,0,632
06/01/2018,SAN,CA,AWP,WE,Towers with Radar,580,44,22,0,646,0,1,4,1,6,580,45,26,1,652,0,0,0,652
06/02/2018,SAN,CA,AWP,WE,Towers with Radar,500,31,10,0,541,0,2,3,0,5,500,33,13,0,546,0,0,0,546
06/03/2018,SAN,CA,AWP,WE,Towers with Radar,570,31,30,0,631,0,1,3,1,5,570,32,33,1,636,0,0,0,636
06/04/2018,SAN,CA,AWP,WE,Towers with Radar,588,25,38,0,651,0,2,4,0,6,588,27,42,0,657,0,0,0,657
06/05/2018,SAN,CA,AWP,WE,Towers with Radar,570,37,19,2,628,0,0,1,5,6,570,37,20,7,634,0,0,0,634
06/06/2018,SAN,CA,AWP,WE,Towers with Radar,569,37,31,0,637,0,0,3,5,8,569,37,34,5,645,0,0,0,645
06/07/2018,SAN,CA,AWP,WE,Towers with Radar,590,45,44,2,681,0,1,5,1,7,590,46,49,3,688,0,0,0,688
06/08/2018,SAN,CA,AWP,WE,Towers with Radar,606,36,31,0,673,0,5,8,2,15,606,41,39,2,688,0,0,0,688
06/09/2018,SAN,CA,AWP,WE,Towers with Radar,548,30,14,2,594,0,1,9,2,12,548,31,23,4,606,0,0,0,606
06/10/2018,SAN,CA,AWP,WE,Towers with Radar,585,39,27,4,655,0,0,7,4,11,585,39,34,8,666,0,0,0,666
06/11/2018,SAN,CA,AWP,WE,Towers with Radar,613,33,36,2,684,0,1,5,1,7,613,34,41,3,691,0,0,0,691
06/12/2018,SAN,CA,AWP,WE,Towers with Radar,601,30,25,0,656,0,2,1,0,3,601,32,26,0,659,0,0,0,659
06/13/2018,SAN,CA,AWP,WE,Towers with Radar,601,37,39,0,677,0,2,6,4,12,601,39,45,4,689,0,0,0,689
06/14/2018,SAN,CA,AWP,WE,Towers with Radar,603,35,33,0,671,0,2,5,2,9,603,37,38,2,680,0,0,0,680
06/15/2018,SAN,CA,AWP,WE,Towers with Radar,616,37,25,0,678,0,0,1,0,1,616,37,26,0,679,0,0,0,679
06/16/2018,SAN,CA,AWP,WE,Towers with Radar,544,22,24,1,591,0,0,10,3,13,544,22,34,4,604,0,0,0,604
06/17/2018,SAN,CA,AWP,WE,Towers with Radar,590,30,34,0,654,0,1,7,0,8,590,31,41,0,662,0,0,0,662
06/18/2018,SAN,CA,AWP,WE,Towers with Radar,602,48,27,3,680,0,0,10,2,12,602,48,37,5,692,0,0,0,692
06/19/2018,SAN,CA,AWP,WE,Towers with Radar,591,26,14,2,633,0,0,4,0,4,591,26,18,2,637,0,0,0,637
06/20/2018,SAN,CA,AWP,WE,Towers with Radar,598,33,19,1,651,0,0,5,2,7,598,33,24,3,658,0,0,0,658
06/21/2018,SAN,CA,AWP,WE,Towers with Radar,614,34,20,0,668,0,0,5,1,6,614,34,25,1,674,0,0,0,674
06/22/2018,SAN,CA,AWP,WE,Towers with Radar,603,36,20,1,660,0,0,3,0,3,603,36,23,1,663,0,0,0,663
06/23/2018,SAN,CA,AWP,WE,Towers with Radar,565,20,14,5,604,0,0,0,0,0,565,20,14,5,604,0,0,0,604
06/24/2018,SAN,CA,AWP,WE,Towers with Radar,583,24,11,2,620,0,1,4,1,6,583,25,15,3,626,0,0,0,626
06/25/2018,SAN,CA,AWP,WE,Towers with Radar,610,27,13,0,650,0,1,5,2,8,610,28,18,2,658,0,0,0,658
06/26/2018,SAN,CA,AWP,WE,Towers with Radar,604,30,27,4,665,0,1,2,1,4,604,31,29,5,669,0,0,0,669
06/27/2018,SAN,CA,AWP,WE,Towers with Radar,600,42,13,0,655,0,2,1,1,4,600,44,14,1,659,0,0,0,659
06/28/2018,SAN,CA,AWP,WE,Towers with Radar,606,26,20,3,655,0,1,4,2,7,606,27,24,5,662,0,0,0,662
06/29/2018,SAN,CA,AWP,WE,Towers with Radar,605,34,24,2,665,0,0,7,1,8,605,34,31,3,673,0,0,0,673
06/30/2018,SAN,CA,AWP,WE,Towers with Radar,548,35,18,1,602,0,1,11,0,12,548,36,29,1,614,0,0,0,614
07/01/2018,SAN,CA,AWP,WE,Towers with Radar,575,38,17,0,630,0,0,1,0,1,575,38,18,0,631,0,0,0,631
07/02/2018,SAN,CA,AWP,WE,Towers with Radar,572,36,10,1,619,0,0,7,2,9,572,36,17,3,628,0,0,0,628
07/03/2018,SAN,CA,AWP,WE,Towers with Radar,536,34,15,0,585,0,2,8,0,10,536,36,23,0,595,0,0,0,595
07/04/2018,SAN,CA,AWP,WE,Towers with Radar,494,29,4,1,528,0,2,5,1,8,494,31,9,2,536,0,0,0,536
07/05/2018,SAN,CA,AWP,WE,Towers with Radar,581,33,36,2,652,0,2,5,1,8,581,35,41,3,660,0,0,0,660
07/06/2018,SAN,CA,AWP,WE,Towers with Radar,592,45,22,5,664,0,0,8,0,8,592,45,30,5,672,0,0,0,672
07/07/2018,SAN,CA,AWP,WE,Towers with Radar,558,39,17,1,615,0,0,5,0,5,558,39,22,1,620,0,0,0,620
07/08/2018,SAN,CA,AWP,WE,Towers with Radar,601,27,33,0,661,0,0,13,1,14,601,27,46,1,675,0,0,0,675
07/09/2018,SAN,CA,AWP,WE,Towers with Radar,603,32,18,0,653,0,0,12,0,12,603,32,30,0,665,0,0,0,665
07/10/2018,SAN,CA,AWP,WE,Towers with Radar,609,31,16,1,657,0,0,3,1,4,609,31,19,2,661,0,0,0,661
07/11/2018,SAN,CA,AWP,WE,Towers with Radar,605,30,9,0,644,0,1,2,2,5,605,31,11,2,649,0,0,0,649
07/12/2018,SAN,CA,AWP,WE,Towers with Radar,604,34,36,3,677,0,0,9,2,11,604,34,45,5,688,0,0,0,688
07/13/2018,SAN,CA,AWP,WE,Towers with Radar,618,27,34,0,679,0,1,9,2,12,618,28,43,2,691,0,0,0,691
07/14/2018,SAN,CA,AWP,WE,Towers with Radar,549,34,20,0,603,0,1,8,0,9,549,35,28,0,612,0,0,0,612
07/15/2018,SAN,CA,AWP,WE,Towers with Radar,593,43,35,0,671,0,0,11,1,12,593,43,46,1,683,0,0,0,683
07/16/2018,SAN,CA,AWP,WE,Towers with Radar,607,37,20,0,664,0,0,5,0,5,607,37,25,0,669,0,0,0,669
07/17/2018,SAN,CA,AWP,WE,Towers with Radar,601,29,27,2,659,0,0,8,0,8,601,29,35,2,667,0,0,0,667
07/18/2018,SAN,CA,AWP,WE,Towers with Radar,608,45,33,2,688,0,0,9,2,11,608,45,42,4,699,0,0,0,699
07/19/2018,SAN,CA,AWP,WE,Towers with Radar,615,47,35,0,697,0,2,5,1,8,615,49,40,1,705,0,0,0,705
07/20/2018,SAN,CA,AWP,WE,Towers with Radar,622,35,50,0,707,0,1,8,1,10,622,36,58,1,717,0,0,0,717
07/21/2018,SAN,CA,AWP,WE,Towers with Radar,558,44,26,1,629,0,1,11,1,13,558,45,37,2,642,0,0,0,642
07/22/2018,SAN,CA,AWP,WE,Towers with Radar,584,46,27,0,657,0,0,13,1,14,584,46,40,1,671,0,0,0,671
07/23/2018,SAN,CA,AWP,WE,Towers with Radar,608,48,29,0,685,0,0,9,0,9,608,48,38,0,694,0,0,0,694
07/24/2018,SAN,CA,AWP,WE,Towers with Radar,614,38,30,3,685,0,1,10,1,12,614,39,40,4,697,0,0,0,697
07/25/2018,SAN,CA,AWP,WE,Towers with Radar,611,45,35,1,692,0,1,2,2,5,611,46,37,3,697,0,0,0,697
07/26/2018,SAN,CA,AWP,WE,Towers with Radar,620,43,29,0,692,0,3,6,2,11,620,46,35,2,703,0,0,0,703
07/27/2018,SAN,CA,AWP,WE,Towers with Radar,599,30,23,2,654,0,0,6,1,7,599,30,29,3,661,0,0,0,661
07/28/2018,SAN,CA,AWP,WE,Towers with Radar,569,35,32,0,636,0,0,6,0,6,569,35,38,0,642,0,0,0,642
07/29/2018,SAN,CA,AWP,WE,Towers with Radar,600,40,28,0,668,0,0,7,9,16,600,40,35,9,684,0,0,0,684
07/30/2018,SAN,CA,AWP,WE,Towers with Radar,617,23,30,0,670,0,0,6,1,7,617,23,36,1,677,0,0,0,677
07/31/2018,SAN,CA,AWP,WE,Towers with Radar,602,35,14,2,653,0,2,0,0,2,602,37,14,2,655,0,0,0,655
08/01/2018,SAN,CA,AWP,WE,Towers with Radar,609,33,34,3,679,0,0,6,1,7,609,33,40,4,686,0,0,0,686
08/02/2018,SAN,CA,AWP,WE,Towers with Radar,602,38,32,2,674,0,1,7,2,10,602,39,39,4,684,0,0,0,684
08/03/2018,SAN,CA,AWP,WE,Towers with Radar,611,41,26,1,679,0,0,6,1,7,611,41,32,2,686,0,0,0,686
08/04/2018,SAN,CA,AWP,WE,Towers with Radar,559,39,22,0,620,0,0,7,0,7,559,39,29,0,627,0,0,0,627
08/05/2018,SAN,CA,AWP,WE,Towers with Radar,600,30,30,0,660,0,1,0,0,1,600,31,30,0,661,0,0,0,661
08/06/2018,SAN,CA,AWP,WE,Towers with Radar,611,34,27,0,672,0,0,8,0,8,611,34,35,0,680,0,0,0,680
08/07/2018,SAN,CA,AWP,WE,Towers with Radar,606,32,21,0,659,0,3,7,2,12,606,35,28,2,671,0,0,0,671
08/08/2018,SAN,CA,AWP,WE,Towers with Radar,578,23,31,0,632,0,2,12,3,17,578,25,43,3,649,0,0,0,649
08/09/2018,SAN,CA,AWP,WE,Towers with Radar,610,37,20,0,667,0,0,9,2,11,610,37,29,2,678,0,0,0,678
08/10/2018,SAN,CA,AWP,WE,Towers with Radar,622,39,25,1,687,0,2,13,1,16,622,41,38,2,703,0,0,0,703
08/11/2018,SAN,CA,AWP,WE,Towers with Radar,534,34,25,1,594,0,3,11,0,14,534,37,36,1,608,0,0,0,608
08/12/2018,SAN,CA,AWP,WE,Towers with Radar,593,33,35,0,661,0,0,6,1,7,593,33,41,1,668,0,0,0,668
08/13/2018,SAN,CA,AWP,WE,Towers with Radar,601,28,24,1,654,0,1,3,0,4,601,29,27,1,658,0,0,0,658
08/14/2018,SAN,CA,AWP,WE,Towers with Radar,596,26,27,3,652,0,1,12,2,15,596,27,39,5,667,0,0,0,667
08/15/2018,SAN,CA,AWP,WE,Towers with Radar,603,42,24,0,669,0,0,4,0,4,603,42,28,0,673,0,0,0,673
08/16/2018,SAN,CA,AWP,WE,Towers with Radar,596,37,20,3,656,0,0,7,3,10,596,37,27,6,666,0,0,0,666
08/17/2018,SAN,CA,AWP,WE,Towers with Radar,610,30,29,1,670,0,0,5,1,6,610,30,34,2,676,0,0,0,676
08/18/2018,SAN,CA,AWP,WE,Towers with Radar,526,28,14,0,568,0,0,4,0,4,526,28,18,0,572,0,0,0,572
08/19/2018,SAN,CA,AWP,WE,Towers with Radar,579,23,27,0,629,0,0,10,1,11,579,23,37,1,640,0,0,0,640
08/20/2018,SAN,CA,AWP,WE,Towers with Radar,581,29,14,4,628,0,1,9,0,10,581,30,23,4,638,0,0,0,638
08/21/2018,SAN,CA,AWP,WE,Towers with Radar,572,30,10,0,612,0,0,13,1,14,572,30,23,1,626,0,0,0,626
08/22/2018,SAN,CA,AWP,WE,Towers with Radar,584,32,19,0,635,0,0,7,1,8,584,32,26,1,643,0,0,0,643
08/23/2018,SAN,CA,AWP,WE,Towers with Radar,600,34,16,1,651,0,2,13,2,17,600,36,29,3,668,0,0,0,668
08/24/2018,SAN,CA,AWP,WE,Towers with Radar,587,35,42,1,665,0,0,5,2,7,587,35,47,3,672,0,0,0,672
08/25/2018,SAN,CA,AWP,WE,Towers with Radar,501,15,11,1,528,0,0,12,0,12,501,15,23,1,540,0,0,0,540
08/26/2018,SAN,CA,AWP,WE,Towers with Radar,571,31,37,1,640,0,0,8,0,8,571,31,45,1,648,0,0,0,648
08/27/2018,SAN,CA,AWP,WE,Towers with Radar,576,36,24,0,636,0,1,1,1,3,576,37,25,1,639,0,0,0,639
08/28/2018,SAN,CA,AWP,WE,Towers with Radar,575,26,16,3,620,0,1,0,3,4,575,27,16,6,624,0,0,0,624
08/29/2018,SAN,CA,AWP,WE,Towers with Radar,570,32,22,0,624,0,0,3,3,6,570,32,25,3,630,0,0,0,630
08/30/2018,SAN,CA,AWP,WE,Towers with Radar,588,42,18,0,648,0,0,11,1,12,588,42,29,1,660,0,0,0,660
08/31/2018,SAN,CA,AWP,WE,Towers with Radar,587,33,34,0,654,0,2,17,1,20,587,35,51,1,674,0,0,0,674
09/01/2018,SAN,CA,AWP,WE,Towers with Radar,463,25,23,0,511,0,0,8,0,8,463,25,31,0,519,0,0,0,519
09/02/2018,SAN,CA,AWP,WE,Towers with Radar,467,14,16,1,498,0,0,6,0,6,467,14,22,1,504,0,0,0,504
09/03/2018,SAN,CA,AWP,WE,Towers with Radar,565,31,34,0,630,0,0,0,2,2,565,31,34,2,632,0,0,0,632
09/04/2018,SAN,CA,AWP,WE,Towers with Radar,555,30,12,0,597,0,1,2,0,3,555,31,14,0,600,0,0,0,600
09/05/2018,SAN,CA,AWP,WE,Towers with Radar,570,47,20,3,640,0,1,7,2,10,570,48,27,5,650,0,0,0,650
09/06/2018,SAN,CA,AWP,WE,Towers with Radar,563,36,29,4,632,0,1,1,2,4,563,37,30,6,636,0,0,0,636
09/07/2018,SAN,CA,AWP,WE,Towers with Radar,560,37,27,2,626,0,0,11,2,13,560,37,38,4,639,0,0,0,639
09/08/2018,SAN,CA,AWP,WE,Towers with Radar,492,24,14,0,530,0,0,8,0,8,492,24,22,0,538,0,0,0,538
09/09/2018,SAN,CA,AWP,WE,Towers with Radar,568,28,25,2,623,0,0,3,0,3,568,28,28,2,626,0,0,0,626
09/10/2018,SAN,CA,AWP,WE,Towers with Radar,577,34,24,4,639,0,0,6,1,7,577,34,30,5,646,0,0,0,646
09/11/2018,SAN,CA,AWP,WE,Towers with Radar,554,23,23,1,601,0,2,4,1,7,554,25,27,2,608,0,0,0,608
09/12/2018,SAN,CA,AWP,WE,Towers with Radar,553,28,23,2,606,0,1,7,2,10,553,29,30,4,616,0,0,0,616
09/13/2018,SAN,CA,AWP,WE,Towers with Radar,585,35,32,2,654,0,0,8,1,9,585,35,40,3,663,0,0,0,663
09/14/2018,SAN,CA,AWP,WE,Towers with Radar,605,47,34,0,686,0,0,11,4,15,605,47,45,4,701,0,0,0,701
09/15/2018,SAN,CA,AWP,WE,Towers with Radar,488,24,12,2,526,0,0,2,5,7,488,24,14,7,533,0,0,0,533
09/16/2018,SAN,CA,AWP,WE,Towers with Radar,571,34,24,2,631,0,0,8,0,8,571,34,32,2,639,0,0,0,639
09/17/2018,SAN,CA,AWP,WE,Towers with Radar,585,24,30,0,639,0,1,5,1,7,585,25,35,1,646,0,0,0,646
09/18/2018,SAN,CA,AWP,WE,Towers with Radar,562,23,17,3,605,0,0,4,3,7,562,23,21,6,612,0,0,0,612
09/19/2018,SAN,CA,AWP,WE,Towers with Radar,561,36,26,0,623,0,0,2,2,4,561,36,28,2,627,0,0,0,627
09/20/2018,SAN,CA,AWP,WE,Towers with Radar,595,42,35,2,674,0,0,1,1,2,595,42,36,3,676,0,0,0,676
09/21/2018,SAN,CA,AWP,WE,Towers with Radar,589,38,31,0,658,0,1,4,2,7,589,39,35,2,665,0,0,0,665
09/22/2018,SAN,CA,AWP,WE,Towers with Radar,490,22,24,0,536,0,0,14,0,14,490,22,38,0,550,0,0,0,550
09/23/2018,SAN,CA,AWP,WE,Towers with Radar,587,26,53,0,666,0,0,12,1,13,587,26,65,1,679,0,0,0,679
09/24/2018,SAN,CA,AWP,WE,Towers with Radar,589,33,28,1,651,0,0,2,0,2,589,33,30,1,653,0,0,0,653
09/25/2018,SAN,CA,AWP,WE,Towers with Radar,564,27,35,1,627,0,0,6,2,8,564,27,41,3,635,0,0,0,635
09/26/2018,SAN,CA,AWP,WE,Towers with Radar,571,33,20,2,626,0,1,7,0,8,571,34,27,2,634,0,0,0,634
09/27/2018,SAN,CA,AWP,WE,Towers with Radar,614,47,25,3,689,0,0,3,0,3,614,47,28,3,692,0,0,0,692
09/28/2018,SAN,CA,AWP,WE,Towers with Radar,609,31,15,1,656,0,1,3,1,5,609,32,18,2,661,0,0,0,661
09/29/2018,SAN,CA,AWP,WE,Towers with Radar,492,17,15,1,525,0,0,3,2,5,492,17,18,3,530,0,0,0,530
09/30/2018,SAN,CA,AWP,WE,Towers with Radar,577,29,23,1,630,0,0,11,1,12,577,29,34,2,642,0,0,0,642
10/01/2018,SAN,CA,AWP,WE,Towers with Radar,589,24,18,0,631,0,0,2,3,5,589,24,20,3,636,0,0,0,636
10/02/2018,SAN,CA,AWP,WE,Towers with Radar,552,37,20,1,610,0,1,5,1,7,552,38,25,2,617,0,0,0,617
10/03/2018,SAN,CA,AWP,WE,Towers with Radar,558,32,25,2,617,0,2,3,2,7,558,34,28,4,624,0,0,0,624
10/04/2018,SAN,CA,AWP,WE,Towers with Radar,593,27,26,2,648,0,0,2,1,3,593,27,28,3,651,0,0,0,651
10/05/2018,SAN,CA,AWP,WE,Towers with Radar,604,38,28,1,671,0,0,4,1,5,604,38,32,2,676,0,0,0,676
10/06/2018,SAN,CA,AWP,WE,Towers with Radar,496,19,21,1,537,0,0,1,0,1,496,19,22,1,538,0,0,0,538
10/07/2018,SAN,CA,AWP,WE,Towers with Radar,557,25,24,2,608,1,0,5,0,6,558,25,29,2,614,0,0,0,614
10/08/2018,SAN,CA,AWP,WE,Towers with Radar,591,36,31,3,661,0,0,0,0,0,591,36,31,3,661,0,0,0,661
10/09/2018,SAN,CA,AWP,WE,Towers with Radar,548,39,28,0,615,0,1,6,0,7,548,40,34,0,622,0,0,0,622
10/10/2018,SAN,CA,AWP,WE,Towers with Radar,566,31,23,2,622,0,0,19,3,22,566,31,42,5,644,0,0,0,644
10/11/2018,SAN,CA,AWP,WE,Towers with Radar,595,28,32,0,655,0,1,3,3,7,595,29,35,3,662,0,0,0,662
10/12/2018,SAN,CA,AWP,WE,Towers with Radar,600,28,36,1,665,0,0,7,0,7,600,28,43,1,672,0,0,0,672
10/13/2018,SAN,CA,AWP,WE,Towers with Radar,498,24,20,1,543,0,0,6,1,7,498,24,26,2,550,0,0,0,550
10/14/2018,SAN,CA,AWP,WE,Towers with Radar,563,27,25,0,615,0,0,2,0,2,563,27,27,0,617,0,0,0,617
10/15/2018,SAN,CA,AWP,WE,Towers with Radar,586,31,26,0,643,0,3,3,1,7,586,34,29,1,650,0,0,0,650
10/16/2018,SAN,CA,AWP,WE,Towers with Radar,562,28,11,0,601,0,1,12,1,14,562,29,23,1,615,0,0,0,615
10/17/2018,SAN,CA,AWP,WE,Towers with Radar,563,29,15,0,607,0,0,7,2,9,563,29,22,2,616,0,0,0,616
10/18/2018,SAN,CA,AWP,WE,Towers with Radar,592,51,31,2,676,0,2,6,2,10,592,53,37,4,686,0,0,0,686
10/19/2018,SAN,CA,AWP,WE,Towers with Radar,604,41,19,3,667,0,2,13,1,16,604,43,32,4,683,0,0,0,683
10/20/2018,SAN,CA,AWP,WE,Towers with Radar,489,20,11,0,520,1,1,8,0,10,490,21,19,0,530,0,0,0,530
10/21/2018,SAN,CA,AWP,WE,Towers with Radar,559,40,24,0,623,1,1,9,2,13,560,41,33,2,636,0,0,0,636
10/22/2018,SAN,CA,AWP,WE,Towers with Radar,577,31,13,2,623,0,0,10,0,10,577,31,23,2,633,0,0,0,633
10/23/2018,SAN,CA,AWP,WE,Towers with Radar,558,39,16,0,613,0,0,5,0,5,558,39,21,0,618,0,0,0,618
10/24/2018,SAN,CA,AWP,WE,Towers with Radar,553,35,24,0,612,6,0,6,1,13,559,35,30,1,625,0,0,0,625
10/25/2018,SAN,CA,AWP,WE,Towers with Radar,588,35,26,0,649,0,0,0,0,0,588,35,26,0,649,0,0,0,649
10/26/2018,SAN,CA,AWP,WE,Towers with Radar,599,43,23,2,667,0,2,11,0,13,599,45,34,2,680,0,0,0,680
10/27/2018,SAN,CA,AWP,WE,Towers with Radar,490,33,23,0,546,0,0,7,1,8,490,33,30,1,554,0,0,0,554
10/28/2018,SAN,CA,AWP,WE,Towers with Radar,557,34,26,0,617,0,0,8,0,8,557,34,34,0,625,0,0,0,625
10/29/2018,SAN,CA,AWP,WE,Towers with Radar,560,36,16,2,614,0,1,6,0,7,560,37,22,2,621,0,0,0,621
10/30/2018,SAN,CA,AWP,WE,Towers with Radar,517,34,18,0,569,0,0,5,0,5,517,34,23,0,574,0,0,0,574
10/31/2018,SAN,CA,AWP,WE,Towers with Radar,451,30,16,0,497,0,0,4,2,6,451,30,20,2,503,0,0,0,503
11/01/2018,SAN,CA,AWP,WE,Towers with Radar,560,46,43,1,650,0,0,9,1,10,560,46,52,2,660,0,0,0,660
11/02/2018,SAN,CA,AWP,WE,Towers with Radar,578,34,25,4,641,0,0,1,0,1,578,34,26,4,642,0,0,0,642
11/03/2018,SAN,CA,AWP,WE,Towers with Radar,472,22,14,0,508,0,1,7,0,8,472,23,21,0,516,0,0,0,516
11/04/2018,SAN,CA,AWP,WE,Towers with Radar,516,27,21,0,564,0,0,4,0,4,516,27,25,0,568,0,0,0,568
11/05/2018,SAN,CA,AWP,WE,Towers with Radar,573,43,25,0,641,0,0,6,1,7,573,43,31,1,648,0,0,0,648
11/06/2018,SAN,CA,AWP,WE,Towers with Radar,539,29,15,0,583,0,0,5,1,6,539,29,20,1,589,0,0,0,589
11/07/2018,SAN,CA,AWP,WE,Towers with Radar,553,27,19,1,600,0,1,7,1,9,553,28,26,2,609,0,0,0,609
11/08/2018,SAN,CA,AWP,WE,Towers with Radar,581,42,25,0,648,0,0,8,0,8,581,42,33,0,656,0,0,0,656
11/09/2018,SAN,CA,AWP,WE,Towers with Radar,592,47,26,0,665,0,0,8,1,9,592,47,34,1,674,0,0,0,674
11/10/2018,SAN,CA,AWP,WE,Towers with Radar,461,21,19,1,502,0,1,5,1,7,461,22,24,2,509,0,0,0,509
11/11/2018,SAN,CA,AWP,WE,Towers with Radar,554,27,29,2,612,0,1,9,1,11,554,28,38,3,623,0,0,0,623
11/12/2018,SAN,CA,AWP,WE,Towers with Radar,589,42,19,1,651,0,0,5,2,7,589,42,24,3,658,0,0,0,658
11/13/2018,SAN,CA,AWP,WE,Towers with Radar,567,40,13,1,621,0,0,2,1,3,567,40,15,2,624,0,0,0,624
11/14/2018,SAN,CA,AWP,WE,Towers with Radar,548,32,32,1,613,0,0,6,1,7,548,32,38,2,620,0,0,0,620
11/15/2018,SAN,CA,AWP,WE,Towers with Radar,568,35,25,0,628,0,1,9,2,12,568,36,34,2,640,0,0,0,640
11/16/2018,SAN,CA,AWP,WE,Towers with Radar,591,42,31,0,664,0,1,14,0,15,591,43,45,0,679,0,0,0,679
11/17/2018,SAN,CA,AWP,WE,Towers with Radar,504,28,25,0,557,0,1,9,0,10,504,29,34,0,567,0,0,0,567
11/18/2018,SAN,CA,AWP,WE,Towers with Radar,552,23,26,0,601,0,0,12,0,12,552,23,38,0,613,0,0,0,613
11/19/2018,SAN,CA,AWP,WE,Towers with Radar,572,38,18,3,631,0,1,10,1,12,572,39,28,4,643,0,0,0,643
11/20/2018,SAN,CA,AWP,WE,Towers with Radar,575,45,35,5,660,0,0,2,1,3,575,45,37,6,663,0,0,0,663
11/21/2018,SAN,CA,AWP,WE,Towers with Radar,593,46,23,0,662,0,0,0,2,2,593,46,23,2,664,0,0,0,664
11/22/2018,SAN,CA,AWP,WE,Towers with Radar,390,11,10,4,415,0,1,9,0,10,390,12,19,4,425,0,0,0,425
11/23/2018,SAN,CA,AWP,WE,Towers with Radar,470,38,12,0,520,0,0,12,0,12,470,38,24,0,532,0,0,0,532
11/24/2018,SAN,CA,AWP,WE,Towers with Radar,555,35,20,0,610,0,0,13,0,13,555,35,33,0,623,0,0,0,623
11/25/2018,SAN,CA,AWP,WE,Towers with Radar,584,37,34,1,656,0,0,0,0,0,584,37,34,1,656,0,0,0,656
11/26/2018,SAN,CA,AWP,WE,Towers with Radar,588,27,23,3,641,0,2,1,2,5,588,29,24,5,646,0,0,0,646
11/27/2018,SAN,CA,AWP,WE,Towers with Radar,559,31,20,2,612,0,0,3,3,6,559,31,23,5,618,0,0,0,618
11/28/2018,SAN,CA,AWP,WE,Towers with Radar,537,35,19,2,593,0,1,4,5,10,537,36,23,7,603,0,0,0,603
11/29/2018,SAN,CA,AWP,WE,Towers with Radar,579,42,22,0,643,0,0,1,0,1,579,42,23,0,644,0,0,0,644
11/30/2018,SAN,CA,AWP,WE,Towers with Radar,576,32,22,0,630,0,0,1,1,2,576,32,23,1,632,0,0,0,632
12/01/2018,SAN,CA,AWP,WE,Towers with Radar,446,19,20,0,485,0,0,10,1,11,446,19,30,1,496,0,0,0,496
12/02/2018,SAN,CA,AWP,WE,Towers with Radar,527,23,26,0,576,0,0,7,1,8,527,23,33,1,584,0,0,0,584
12/03/2018,SAN,CA,AWP,WE,Towers with Radar,567,41,17,0,625,0,1,12,1,14,567,42,29,1,639,0,0,0,639
12/04/2018,SAN,CA,AWP,WE,Towers with Radar,545,31,13,0,589,0,0,2,2,4,545,31,15,2,593,0,0,0,593
12/05/2018,SAN,CA,AWP,WE,Towers with Radar,551,26,31,2,610,0,1,0,0,1,551,27,31,2,611,0,0,0,611
12/06/2018,SAN,CA,AWP,WE,Towers with Radar,574,43,24,12,653,0,0,13,1,14,574,43,37,13,667,0,0,0,667
12/07/2018,SAN,CA,AWP,WE,Towers with Radar,573,33,24,0,630,0,1,5,1,7,573,34,29,1,637,0,0,0,637
12/08/2018,SAN,CA,AWP,WE,Towers with Radar,448,21,11,0,480,0,2,7,1,10,448,23,18,1,490,0,0,0,490
12/09/2018,SAN,CA,AWP,WE,Towers with Radar,521,26,13,0,560,0,1,5,0,6,521,27,18,0,566,0,0,0,566
12/10/2018,SAN,CA,AWP,WE,Towers with Radar,563,27,26,5,621,0,2,4,0,6,563,29,30,5,627,0,0,0,627
12/11/2018,SAN,CA,AWP,WE,Towers with Radar,544,32,24,1,601,0,0,7,3,10,544,32,31,4,611,0,0,0,611
12/12/2018,SAN,CA,AWP,WE,Towers with Radar,546,43,18,2,609,0,0,5,0,5,546,43,23,2,614,0,0,0,614
12/13/2018,SAN,CA,AWP,WE,Towers with Radar,570,36,23,0,629,0,0,3,1,4,570,36,26,1,633,0,0,0,633
12/14/2018,SAN,CA,AWP,WE,Towers with Radar,585,23,19,0,627,0,0,4,0,4,585,23,23,0,631,0,0,0,631
12/15/2018,SAN,CA,AWP,WE,Towers with Radar,453,16,7,0,476,0,0,6,1,7,453,16,13,1,483,0,0,0,483
12/16/2018,SAN,CA,AWP,WE,Towers with Radar,523,20,18,0,561,0,0,1,1,2,523,20,19,1,563,0,0,0,563
12/17/2018,SAN,CA,AWP,WE,Towers with Radar,570,39,17,4,630,0,0,2,0,2,570,39,19,4,632,0,0,0,632
12/18/2018,SAN,CA,AWP,WE,Towers with Radar,553,31,23,1,608,1,0,2,1,4,554,31,25,2,612,0,0,0,612
12/19/2018,SAN,CA,AWP,WE,Towers with Radar,574,49,18,0,641,0,1,8,0,9,574,50,26,0,650,0,0,0,650
12/20/2018,SAN,CA,AWP,WE,Towers with Radar,602,47,21,2,672,0,0,6,2,8,602,47,27,4,680,0,0,0,680
12/21/2018,SAN,CA,AWP,WE,Towers with Radar,598,32,25,2,657,0,1,3,0,4,598,33,28,2,661,0,0,0,661
12/22/2018,SAN,CA,AWP,WE,Towers with Radar,551,27,9,0,587,0,0,10,1,11,551,27,19,1,598,0,0,0,598
12/23/2018,SAN,CA,AWP,WE,Towers with Radar,588,23,19,0,630,0,0,5,1,6,588,23,24,1,636,0,0,0,636
12/24/2018,SAN,CA,AWP,WE,Towers with Radar,484,31,10,0,525,0,0,2,0,2,484,31,12,0,527,0,0,0,527
12/25/2018,SAN,CA,AWP,WE,Towers with Radar,488,19,9,2,518,0,0,1,0,1,488,19,10,2,519,0,0,0,519
12/26/2018,SAN,CA,AWP,WE,Towers with Radar,579,46,27,0,652,0,1,3,1,5,579,47,30,1,657,0,0,0,657
12/27/2018,SAN,CA,AWP,WE,Towers with Radar,581,38,20,2,641,0,0,8,1,9,581,38,28,3,650,0,0,0,650
12/28/2018,SAN,CA,AWP,WE,Towers with Radar,587,60,19,0,666,0,0,9,0,9,587,60,28,0,675,0,0,0,675
12/29/2018,SAN,CA,AWP,WE,Towers with Radar,539,41,25,2,607,0,1,12,0,13,539,42,37,2,620,0,0,0,620
12/30/2018,SAN,CA,AWP,WE,Towers with Radar,574,36,24,0,634,0,0,6,1,7,574,36,30,1,641,0,0,0,641
12/31/2018,SAN,CA,AWP,WE,Towers with Radar,505,36,9,0,550,0,0,2,0,2,505,36,11,0,552,0,0,0,552
01/01/2019,SAN,CA,AWP,WE,Towers with Radar,541,23,12,2,578,0,0,3,0,3,541,23,15,2,581,0,0,0,581
01/02/2019,SAN,CA,AWP,WE,Towers with Radar,595,39,34,0,668,0,0,6,0,6,595,39,40,0,674,0,0,0,674
01/03/2019,SAN,CA,AWP,WE,Towers with Radar,571,52,13,2,638,0,0,15,0,15,571,52,28,2,653,0,0,0,653
01/04/2019,SAN,CA,AWP,WE,Towers with Radar,571,46,14,0,631,0,1,13,1,15,571,47,27,1,646,0,0,0,646
01/05/2019,SAN,CA,AWP,WE,Towers with Radar,476,28,21,0,525,0,0,4,0,4,476,28,25,0,529,0,0,0,529
01/06/2019,SAN,CA,AWP,WE,Towers with Radar,528,46,35,0,609,0,0,7,1,8,528,46,42,1,617,0,0,0,617
01/07/2019,SAN,CA,AWP,WE,Towers with Radar,553,33,22,0,608,0,0,3,1,4,553,33,25,1,612,0,0,0,612
01/08/2019,SAN,CA,AWP,WE,Towers with Radar,528,37,18,0,583,0,0,2,3,5,528,37,20,3,588,0,0,0,588
01/09/2019,SAN,CA,AWP,WE,Towers with Radar,532,29,9,0,570,0,2,2,0,4,532,31,11,0,574,0,0,0,574
01/10/2019,SAN,CA,AWP,WE,Towers with Radar,553,35,24,1,613,0,0,7,1,8,553,35,31,2,621,0,0,0,621
01/11/2019,SAN,CA,AWP,WE,Towers with Radar,575,34,28,3,640,0,0,2,0,2,575,34,30,3,642,0,0,0,642
01/12/2019,SAN,CA,AWP,WE,Towers with Radar,435,30,16,3,484,0,0,5,1,6,435,30,21,4,490,0,0,0,490
01/13/2019,SAN,CA,AWP,WE,Towers with Radar,506,25,20,4,555,0,1,7,0,8,506,26,27,4,563,0,0,0,563
01/14/2019,SAN,CA,AWP,WE,Towers with Radar,547,33,17,6,603,0,0,0,0,0,547,33,17,6,603,0,0,0,603
01/15/2019,SAN,CA,AWP,WE,Towers with Radar,514,39,24,4,581,0,0,3,1,4,514,39,27,5,585,0,0,0,585
01/16/2019,SAN,CA,AWP,WE,Towers with Radar,516,40,33,0,589,0,1,1,0,2,516,41,34,0,591,0,0,0,591
01/17/2019,SAN,CA,AWP,WE,Towers with Radar,553,56,28,1,638,0,0,0,0,0,553,56,28,1,638,0,0,0,638
01/18/2019,SAN,CA,AWP,WE,Towers with Radar,557,49,31,5,642,0,0,0,0,0,557,49,31,5,642,0,0,0,642
01/19/2019,SAN,CA,AWP,WE,Towers with Radar,421,31,17,4,473,0,0,6,0,6,421,31,23,4,479,0,0,0,479
01/20/2019,SAN,CA,AWP,WE,Towers with Radar,489,25,23,0,537,0,0,7,1,8,489,25,30,1,545,0,0,0,545
01/21/2019,SAN,CA,AWP,WE,Towers with Radar,547,50,21,0,618,0,0,1,1,2,547,50,22,1,620,0,0,0,620
01/22/2019,SAN,CA,AWP,WE,Towers with Radar,524,33,31,2,590,0,0,7,3,10,524,33,38,5,600,0,0,0,600
01/23/2019,SAN,CA,AWP,WE,Towers with Radar,537,35,28,0,600,0,0,1,1,2,537,35,29,1,602,0,0,0,602
01/24/2019,SAN,CA,AWP,WE,Towers with Radar,561,27,16,1,605,0,1,5,1,7,561,28,21,2,612,0,0,0,612
01/25/2019,SAN,CA,AWP,WE,Towers with Radar,559,37,26,1,623,0,0,13,1,14,559,37,39,2,637,0,0,0,637
01/26/2019,SAN,CA,AWP,WE,Towers with Radar,435,17,10,0,462,0,1,4,0,5,435,18,14,0,467,0,0,0,467
01/27/2019,SAN,CA,AWP,WE,Towers with Radar,505,45,31,1,582,0,0,3,1,4,505,45,34,2,586,0,0,0,586
01/28/2019,SAN,CA,AWP,WE,Towers with Radar,555,38,52,2,647,0,0,4,1,5,555,38,56,3,652,0,0,0,652
01/29/2019,SAN,CA,AWP,WE,Towers with Radar,537,44,31,2,614,0,0,3,0,3,537,44,34,2,617,0,0,0,617
01/30/2019,SAN,CA,AWP,WE,Towers with Radar,516,55,35,2,608,0,0,7,0,7,516,55,42,2,615,0,0,0,615
01/31/2019,SAN,CA,AWP,WE,Towers with Radar,546,55,42,4,647,0,0,0,1,1,546,55,42,5,648,0,0,0,648
02/01/2019,SAN,CA,AWP,WE,Towers with Radar,552,38,26,1,617,0,0,6,0,6,552,38,32,1,623,0,0,0,623
02/02/2019,SAN,CA,AWP,WE,Towers with Radar,426,24,14,4,468,0,1,1,0,2,426,25,15,4,470,0,0,0,470
02/03/2019,SAN,CA,AWP,WE,Towers with Radar,453,26,18,1,498,0,0,0,0,0,453,26,18,1,498,0,0,0,498
02/04/2019,SAN,CA,AWP,WE,Towers with Radar,545,54,21,5,625,0,0,0,0,0,545,54,21,5,625,0,0,0,625
02/05/2019,SAN,CA,AWP,WE,Towers with Radar,524,38,19,1,582,0,0,2,1,3,524,38,21,2,585,0,0,0,585
02/06/2019,SAN,CA,AWP,WE,Towers with Radar,527,45,25,0,597,0,0,2,2,4,527,45,27,2,601,0,0,0,601
02/07/2019,SAN,CA,AWP,WE,Towers with Radar,550,34,26,0,610,0,1,8,3,12,550,35,34,3,622,0,0,0,622
02/08/2019,SAN,CA,AWP,WE,Towers with Radar,552,39,27,4,622,0,0,3,2,5,552,39,30,6,627,0,0,0,627
02/09/2019,SAN,CA,AWP,WE,Towers with Radar,428,30,12,0,470,1,0,9,1,11,429,30,21,1,481,0,0,0,481
02/10/2019,SAN,CA,AWP,WE,Towers with Radar,499,39,28,0,566,0,0,8,0,8,499,39,36,0,574,0,0,0,574
02/11/2019,SAN,CA,AWP,WE,Towers with Radar,549,36,25,0,610,0,0,12,0,12,549,36,37,0,622,0,0,0,622
02/12/2019,SAN,CA,AWP,WE,Towers with Radar,512,44,22,2,580,0,0,6,2,8,512,44,28,4,588,0,0,0,588
02/13/2019,SAN,CA,AWP,WE,Towers with Radar,492,48,32,3,575,0,0,3,1,4,492,48,35,4,579,0,0,0,579
02/14/2019,SAN,CA,AWP,WE,Towers with Radar,563,34,25,4,626,0,0,0,0,0,563,34,25,4,626,0,0,0,626
02/15/2019,SAN,CA,AWP,WE,Towers with Radar,574,48,24,5,651,0,0,5,1,6,574,48,29,6,657,0,0,0,657
02/16/2019,SAN,CA,AWP,WE,Towers with Radar,454,20,11,0,485,0,0,0,0,0,454,20,11,0,485,0,0,0,485
02/17/2019,SAN,CA,AWP,WE,Towers with Radar,513,24,10,0,547,0,0,6,0,6,513,24,16,0,553,0,0,0,553
02/18/2019,SAN,CA,AWP,WE,Towers with Radar,563,47,31,0,641,0,0,4,0,4,563,47,35,0,645,0,0,0,645
02/19/2019,SAN,CA,AWP,WE,Towers with Radar,558,38,33,0,629,0,3,7,2,12,558,41,40,2,641,0,0,0,641
02/20/2019,SAN,CA,AWP,WE,Towers with Radar,541,53,22,0,616,0,0,0,3,3,541,53,22,3,619,0,0,0,619
02/21/2019,SAN,CA,AWP,WE,Towers with Radar,553,39,17,0,609,0,0,1,1,2,553,39,18,1,611,0,0,0,611
02/22/2019,SAN,CA,AWP,WE,Towers with Radar,564,63,15,1,643,0,0,3,1,4,564,63,18,2,647,0,0,0,647
02/23/2019,SAN,CA,AWP,WE,Towers with Radar,460,23,13,0,496,0,0,10,0,10,460,23,23,0,506,0,0,0,506
02/24/2019,SAN,CA,AWP,WE,Towers with Radar,528,21,24,4,577,0,0,8,0,8,528,21,32,4,585,0,0,0,585
02/25/2019,SAN,CA,AWP,WE,Towers with Radar,556,31,17,1,605,0,0,2,1,3,556,31,19,2,608,0,0,0,608
02/26/2019,SAN,CA,AWP,WE,Towers with Radar,536,33,28,0,597,0,0,2,3,5,536,33,30,3,602,0,0,0,602
02/27/2019,SAN,CA,AWP,WE,Towers with Radar,550,25,30,0,605,0,0,4,2,6,550,25,34,2,611,0,0,0,611
02/28/2019,SAN,CA,AWP,WE,Towers with Radar,568,41,22,2,633,0,0,1,5,6,568,41,23,7,639,0,0,0,639
03/01/2019,SAN,CA,AWP,WE,Towers with Radar,568,44,17,2,631,0,0,1,1,2,568,44,18,3,633,0,0,0,633
03/02/2019,SAN,CA,AWP,WE,Towers with Radar,468,24,23,0,515,0,0,0,0,0,468,24,23,0,515,0,0,0,515
03/03/2019,SAN,CA,AWP,WE,Towers with Radar,518,35,26,0,579,0,0,0,1,1,518,35,26,1,580,0,0,0,580
03/04/2019,SAN,CA,AWP,WE,Towers with Radar,569,34,30,4,637,0,1,3,0,4,569,35,33,4,641,0,0,0,641
03/05/2019,SAN,CA,AWP,WE,Towers with Radar,538,35,31,1,605,0,0,4,1,5,538,35,35,2,610,0,0,0,610
03/06/2019,SAN,CA,AWP,WE,Towers with Radar,565,31,21,1,618,0,2,0,0,2,565,33,21,1,620,0,0,0,620
03/07/2019,SAN,CA,AWP,WE,Towers with Radar,593,29,17,3,642,0,0,0,2,2,593,29,17,5,644,0,0,0,644
03/08/2019,SAN,CA,AWP,WE,Towers with Radar,593,39,26,3,661,0,0,14,0,14,593,39,40,3,675,0,0,0,675
03/09/2019,SAN,CA,AWP,WE,Towers with Radar,497,39,13,0,549,0,0,10,1,11,497,39,23,1,560,0,0,0,560
03/10/2019,SAN,CA,AWP,WE,Towers with Radar,552,34,6,1,593,0,0,12,1,13,552,34,18,2,606,0,0,0,606
03/11/2019,SAN,CA,AWP,WE,Towers with Radar,595,38,20,0,653,0,1,1,0,2,595,39,21,0,655,0,0,0,655
03/12/2019,SAN,CA,AWP,WE,Towers with Radar,568,42,25,0,635,0,2,3,3,8,568,44,28,3,643,0,0,0,643
03/13/2019,SAN,CA,AWP,WE,Towers with Radar,568,45,12,0,625,0,0,3,1,4,568,45,15,1,629,0,0,0,629
03/14/2019,SAN,CA,AWP,WE,Towers with Radar,592,41,22,2,657,0,0,3,2,5,592,41,25,4,662,0,0,0,662
03/15/2019,SAN,CA,AWP,WE,Towers with Radar,593,37,26,1,657,0,2,6,0,8,593,39,32,1,665,0,0,0,665
03/16/2019,SAN,CA,AWP,WE,Towers with Radar,498,37,12,0,547,0,1,5,4,10,498,38,17,4,557,0,0,0,557
03/17/2019,SAN,CA,AWP,WE,Towers with Radar,559,26,19,1,605,0,1,7,0,8,559,27,26,1,613,0,0,0,613
03/18/2019,SAN,CA,AWP,WE,Towers with Radar,580,32,21,3,636,0,1,3,4,8,580,33,24,7,644,0,0,0,644
03/19/2019,SAN,CA,AWP,WE,Towers with Radar,559,44,24,5,632,0,0,4,0,4,559,44,28,5,636,0,0,0,636
03/20/2019,SAN,CA,AWP,WE,Towers with Radar,562,39,13,0,614,0,0,2,3,5,562,39,15,3,619,0,0,0,619
03/21/2019,SAN,CA,AWP,WE,Towers with Radar,593,32,23,0,648,0,0,6,1,7,593,32,29,1,655,0,0,0,655
03/22/2019,SAN,CA,AWP,WE,Towers with Radar,577,50,20,0,647,0,0,5,3,8,577,50,25,3,655,0,0,0,655
03/23/2019,SAN,CA,AWP,WE,Towers with Radar,483,33,13,0,529,0,0,7,1,8,483,33,20,1,537,0,0,0,537
03/24/2019,SAN,CA,AWP,WE,Towers with Radar,554,26,23,0,603,0,1,8,1,10,554,27,31,1,613,0,0,0,613
03/25/2019,SAN,CA,AWP,WE,Towers with Radar,575,35,24,3,637,0,1,7,1,9,575,36,31,4,646,0,0,0,646
03/26/2019,SAN,CA,AWP,WE,Towers with Radar,578,37,13,0,628,0,1,0,1,2,578,38,13,1,630,0,0,0,630
03/27/2019,SAN,CA,AWP,WE,Towers with Radar,570,34,20,3,627,0,0,2,0,2,570,34,22,3,629,0,0,0,629
03/28/2019,SAN,CA,AWP,WE,Towers with Radar,581,39,18,5,643,0,1,3,4,8,581,40,21,9,651,0,0,0,651
03/29/2019,SAN,CA,AWP,WE,Towers with Radar,584,38,23,1,646,0,0,3,2,5,584,38,26,3,651,0,0,0,651
03/30/2019,SAN,CA,AWP,WE,Towers with Radar,496,37,19,1,553,0,1,15,0,16,496,38,34,1,569,0,0,0,569
03/31/2019,SAN,CA,AWP,WE,Towers with Radar,543,30,30,0,603,0,1,10,0,11,543,31,40,0,614,0,0,0,614
04/01/2019,SAN,CA,AWP,WE,Towers with Radar,575,27,21,1,624,0,0,7,2,9,575,27,28,3,633,0,0,0,633
04/02/2019,SAN,CA,AWP,WE,Towers with Radar,564,35,19,0,618,0,0,3,0,3,564,35,22,0,621,0,0,0,621
04/03/2019,SAN,CA,AWP,WE,Towers with Radar,575,45,35,0,655,0,0,2,1,3,575,45,37,1,658,0,0,0,658
04/04/2019,SAN,CA,AWP,WE,Towers with Radar,588,37,25,0,650,0,1,5,1,7,588,38,30,1,657,0,0,0,657
04/05/2019,SAN,CA,AWP,WE,Towers with Radar,574,44,33,0,651,0,1,2,2,5,574,45,35,2,656,0,0,0,656
04/06/2019,SAN,CA,AWP,WE,Towers with Radar,487,21,23,0,531,0,0,2,2,4,487,21,25,2,535,0,0,0,535
04/07/2019,SAN,CA,AWP,WE,Towers with Radar,536,29,28,0,593,0,0,4,0,4,536,29,32,0,597,0,0,0,597
04/08/2019,SAN,CA,AWP,WE,Towers with Radar,590,34,19,0,643,0,0,3,1,4,590,34,22,1,647,0,0,0,647
04/09/2019,SAN,CA,AWP,WE,Towers with Radar,572,29,14,0,615,0,1,3,1,5,572,30,17,1,620,0,0,0,620
04/10/2019,SAN,CA,AWP,WE,Towers with Radar,576,34,27,1,638,0,0,8,2,10,576,34,35,3,648,0,0,0,648
04/11/2019,SAN,CA,AWP,WE,Towers with Radar,598,32,20,0,650,0,0,14,1,15,598,32,34,1,665,0,0,0,665
04/12/2019,SAN,CA,AWP,WE,Towers with Radar,587,42,20,1,650,0,0,1,2,3,587,42,21,3,653,0,0,0,653
04/13/2019,SAN,CA,AWP,WE,Towers with Radar,481,22,21,0,524,0,0,5,0,5,481,22,26,0,529,0,0,0,529
04/14/2019,SAN,CA,AWP,WE,Towers with Radar,541,34,12,0,587,0,0,6,0,6,541,34,18,0,593,0,0,0,593
04/15/2019,SAN,CA,AWP,WE,Towers with Radar,589,37,23,1,650,0,1,4,3,8,589,38,27,4,658,0,0,0,658
04/16/2019,SAN,CA,AWP,WE,Towers with Radar,580,40,23,0,643,0,0,1,3,4,580,40,24,3,647,0,0,0,647
04/17/2019,SAN,CA,AWP,WE,Towers with Radar,579,42,19,0,640,0,1,6,2,9,579,43,25,2,649,0,0,0,649
04/18/2019,SAN,CA,AWP,WE,Towers with Radar,595,39,25,0,659,0,0,3,0,3,595,39,28,0,662,0,0,0,662
04/19/2019,SAN,CA,AWP,WE,Towers with Radar,580,35,26,0,641,0,0,1,0,1,580,35,27,0,642,0,0,0,642
04/20/2019,SAN,CA,AWP,WE,Towers with Radar,481,37,9,1,528,0,0,1,0,1,481,37,10,1,529,0,0,0,529
04/21/2019,SAN,CA,AWP,WE,Towers with Radar,555,17,15,1,588,0,1,3,0,4,555,18,18,1,592,0,0,0,592
04/22/2019,SAN,CA,AWP,WE,Towers with Radar,586,44,25,1,656,0,0,0,0,0,586,44,25,1,656,0,0,0,656
04/23/2019,SAN,CA,AWP,WE,Towers with Radar,571,37,30,2,640,0,0,2,1,3,571,37,32,3,643,0,0,0,643
04/24/2019,SAN,CA,AWP,WE,Towers with Radar,585,34,20,3,642,0,0,1,0,1,585,34,21,3,643,0,0,0,643
04/25/2019,SAN,CA,AWP,WE,Towers with Radar,596,45,28,0,669,0,0,3,0,3,596,45,31,0,672,0,0,0,672
04/26/2019,SAN,CA,AWP,WE,Towers with Radar,584,45,30,1,660,0,0,1,1,2,584,45,31,2,662,0,0,0,662
04/27/2019,SAN,CA,AWP,WE,Towers with Radar,487,22,17,0,526,0,0,2,1,3,487,22,19,1,529,0,0,0,529
04/28/2019,SAN,CA,AWP,WE,Towers with Radar,557,23,27,0,607,0,1,7,0,8,557,24,34,0,615,0,0,0,615
04/29/2019,SAN,CA,AWP,WE,Towers with Radar,572,38,42,0,652,0,0,4,0,4,572,38,46,0,656,0,0,0,656
04/30/2019,SAN,CA,AWP,WE,Towers with Radar,559,35,31,0,625,0,0,3,4,7,559,35,34,4,632,0,0,0,632
05/01/2019,SAN,CA,AWP,WE,Towers with Radar,572,29,19,1,621,0,0,6,2,8,572,29,25,3,629,0,0,0,629
05/02/2019,SAN,CA,AWP,WE,Towers with Radar,596,35,35,1,667,0,0,6,2,8,596,35,41,3,675,0,0,0,675
05/03/2019,SAN,CA,AWP,WE,Towers with Radar,603,42,12,2,659,0,0,6,0,6,603,42,18,2,665,0,0,0,665
05/04/2019,SAN,CA,AWP,WE,Towers with Radar,488,26,13,0,527,0,1,2,1,4,488,27,15,1,531,0,0,0,531
05/05/2019,SAN,CA,AWP,WE,Towers with Radar,564,24,25,0,613,0,1,4,0,5,564,25,29,0,618,0,0,0,618
05/06/2019,SAN,CA,AWP,WE,Towers with Radar,586,47,19,0,652,0,0,8,1,9,586,47,27,1,661,0,0,0,661
05/07/2019,SAN,CA,AWP,WE,Towers with Radar,567,23,35,1,626,0,1,1,2,4,567,24,36,3,630,0,0,0,630
05/08/2019,SAN,CA,AWP,WE,Towers with Radar,569,30,32,1,632,0,0,2,0,2,569,30,34,1,634,0,0,0,634
05/09/2019,SAN,CA,AWP,WE,Towers with Radar,604,34,43,1,682,0,1,3,2,6,604,35,46,3,688,0,0,0,688
05/10/2019,SAN,CA,AWP,WE,Towers with Radar,606,42,23,1,672,0,0,3,1,4,606,42,26,2,676,0,0,0,676
05/11/2019,SAN,CA,AWP,WE,Towers with Radar,478,28,12,0,518,0,0,7,0,7,478,28,19,0,525,0,0,0,525
05/12/2019,SAN,CA,AWP,WE,Towers with Radar,565,29,21,0,615,0,0,2,1,3,565,29,23,1,618,0,0,0,618
05/13/2019,SAN,CA,AWP,WE,Towers with Radar,588,23,22,2,635,1,0,5,2,8,589,23,27,4,643,0,0,0,643
05/14/2019,SAN,CA,AWP,WE,Towers with Radar,573,26,19,1,619,0,0,6,1,7,573,26,25,2,626,0,0,0,626
05/15/2019,SAN,CA,AWP,WE,Towers with Radar,562,33,20,2,617,0,0,2,1,3,562,33,22,3,620,0,0,0,620
05/16/2019,SAN,CA,AWP,WE,Towers with Radar,627,30,19,2,678,0,1,2,0,3,627,31,21,2,681,0,0,0,681
05/17/2019,SAN,CA,AWP,WE,Towers with Radar,608,33,21,0,662,0,1,4,0,5,608,34,25,0,667,0,0,0,667
05/18/2019,SAN,CA,AWP,WE,Towers with Radar,476,27,12,0,515,0,0,1,0,1,476,27,13,0,516,0,0,0,516
05/19/2019,SAN,CA,AWP,WE,Towers with Radar,580,20,18,3,621,0,0,0,0,0,580,20,18,3,621,0,0,0,621
05/20/2019,SAN,CA,AWP,WE,Towers with Radar,589,31,16,1,637,0,0,2,0,2,589,31,18,1,639,0,0,0,639
05/21/2019,SAN,CA,AWP,WE,Towers with Radar,568,25,27,0,620,0,2,2,1,5,568,27,29,1,625,0,0,0,625
05/22/2019,SAN,CA,AWP,WE,Towers with Radar,581,33,24,2,640,0,0,1,3,4,581,33,25,5,644,0,0,0,644
05/23/2019,SAN,CA,AWP,WE,Towers with Radar,606,32,23,0,661,0,0,0,2,2,606,32,23,2,663,0,0,0,663
05/24/2019,SAN,CA,AWP,WE,Towers with Radar,604,35,41,1,681,0,0,4,1,5,604,35,45,2,686,0,0,0,686
05/25/2019,SAN,CA,AWP,WE,Towers with Radar,470,20,14,0,504,0,1,2,1,4,470,21,16,1,508,0,0,0,508
05/26/2019,SAN,CA,AWP,WE,Towers with Radar,474,17,15,0,506,0,0,1,0,1,474,17,16,0,507,0,0,0,507
05/27/2019,SAN,CA,AWP,WE,Towers with Radar,567,27,27,0,621,0,1,9,1,11,567,28,36,1,632,0,0,0,632
05/28/2019,SAN,CA,AWP,WE,Towers with Radar,555,27,10,0,592,0,1,4,1,6,555,28,14,1,598,0,0,0,598
05/29/2019,SAN,CA,AWP,WE,Towers with Radar,551,39,27,0,617,0,1,1,1,3,551,40,28,1,620,0,0,0,620
05/30/2019,SAN,CA,AWP,WE,Towers with Radar,591,27,27,1,646,0,1,2,5,8,591,28,29,6,654,0,0,0,654
05/31/2019,SAN,CA,AWP,WE,Towers with Radar,603,39,28,3,673,0,0,3,1,4,603,39,31,4,677,0,0,0,677
06/01/2019,SAN,CA,AWP,WE,Towers with Radar,483,20,17,0,520,0,0,2,1,3,483,20,19,1,523,0,0,0,523
06/02/2019,SAN,CA,AWP,WE,Towers with Radar,579,26,20,0,625,0,0,2,0,2,579,26,22,0,627,0,0,0,627
06/03/2019,SAN,CA,AWP,WE,Towers with Radar,583,31,18,1,633,0,0,3,2,5,583,31,21,3,638,0,0,0,638
06/04/2019,SAN,CA,AWP,WE,Towers with Radar,572,29,24,2,627,0,0,1,2,3,572,29,25,4,630,0,0,0,630
06/05/2019,SAN,CA,AWP,WE,Towers with Radar,584,30,14,3,631,0,0,0,3,3,584,30,14,6,634,0,0,0,634
06/06/2019,SAN,CA,AWP,WE,Towers with Radar,611,36,19,0,666,0,0,1,1,2,611,36,20,1,668,0,0,0,668
06/07/2019,SAN,CA,AWP,WE,Towers with Radar,601,49,30,2,682,0,1,2,1,4,601,50,32,3,686,0,0,0,686
06/08/2019,SAN,CA,AWP,WE,Towers with Radar,520,19,16,0,555,0,0,6,0,6,520,19,22,0,561,0,0,0,561
06/09/2019,SAN,CA,AWP,WE,Towers with Radar,626,19,26,0,671,0,0,5,0,5,626,19,31,0,676,0,0,0,676
06/10/2019,SAN,CA,AWP,WE,Towers with Radar,619,37,29,0,685,0,0,9,0,9,619,37,38,0,694,0,0,0,694
06/11/2019,SAN,CA,AWP,WE,Towers with Radar,600,35,20,0,655,0,0,0,3,3,600,35,20,3,658,0,0,0,658
06/12/2019,SAN,CA,AWP,WE,Towers with Radar,617,39,25,0,681,0,0,4,1,5,617,39,29,1,686,0,0,0,686
06/13/2019,SAN,CA,AWP,WE,Towers with Radar,621,43,17,0,681,0,2,0,1,3,621,45,17,1,684,0,0,0,684
06/14/2019,SAN,CA,AWP,WE,Towers with Radar,621,43,17,0,681,0,0,1,1,2,621,43,18,1,683,0,0,0,683
06/15/2019,SAN,CA,AWP,WE,Towers with Radar,560,23,13,0,596,0,1,6,0,7,560,24,19,0,603,0,0,0,603
06/16/2019,SAN,CA,AWP,WE,Towers with Radar,599,33,21,0,653,0,0,5,0,5,599,33,26,0,658,0,0,0,658
06/17/2019,SAN,CA,AWP,WE,Towers with Radar,607,49,22,1,679,0,0,0,2,2,607,49,22,3,681,0,0,0,681
06/18/2019,SAN,CA,AWP,WE,Towers with Radar,612,33,16,0,661,0,0,0,3,3,612,33,16,3,664,0,0,0,664
06/19/2019,SAN,CA,AWP,WE,Towers with Radar,614,33,14,2,663,0,0,1,1,2,614,33,15,3,665,0,0,0,665
06/20/2019,SAN,CA,AWP,WE,Towers with Radar,614,40,32,2,688,0,0,2,5,7,614,40,34,7,695,0,0,0,695
06/21/2019,SAN,CA,AWP,WE,Towers with Radar,621,43,20,2,686,1,1,2,2,6,622,44,22,4,692,0,0,0,692
06/22/2019,SAN,CA,AWP,WE,Towers with Radar,574,33,13,0,620,0,0,7,1,8,574,33,20,1,628,0,0,0,628
06/23/2019,SAN,CA,AWP,WE,Towers with Radar,593,19,35,0,647,0,0,2,2,4,593,19,37,2,651,0,0,0,651
06/24/2019,SAN,CA,AWP,WE,Towers with Radar,623,36,21,0,680,0,0,2,1,3,623,36,23,1,683,0,0,0,683
06/25/2019,SAN,CA,AWP,WE,Towers with Radar,612,40,15,1,668,0,0,2,2,4,612,40,17,3,672,0,0,0,672
06/26/2019,SAN,CA,AWP,WE,Towers with Radar,618,33,23,5,679,0,0,6,2,8,618,33,29,7,687,0,0,0,687
06/27/2019,SAN,CA,AWP,WE,Towers with Radar,636,47,30,2,715,0,1,4,1,6,636,48,34,3,721,0,0,0,721
06/28/2019,SAN,CA,AWP,WE,Towers with Radar,622,47,23,2,694,0,0,4,0,4,622,47,27,2,698,0,0,0,698
06/29/2019,SAN,CA,AWP,WE,Towers with Radar,562,16,24,0,602,0,0,4,1,5,562,16,28,1,607,0,0,0,607
06/30/2019,SAN,CA,AWP,WE,Towers with Radar,613,22,19,0,654,0,0,0,0,0,613,22,19,0,654,0,0,0,654
07/01/2019,SAN,CA,AWP,WE,Towers with Radar,607,40,14,0,661,0,0,2,2,4,607,40,16,2,665,0,0,0,665
07/02/2019,SAN,CA,AWP,WE,Towers with Radar,602,31,10,1,644,0,0,2,2,4,602,31,12,3,648,0,0,0,648
07/03/2019,SAN,CA,AWP,WE,Towers with Radar,605,39,32,0,676,0,0,1,2,3,605,39,33,2,679,0,0,0,679
07/04/2019,SAN,CA,AWP,WE,Towers with Radar,510,25,9,0,544,0,0,7,1,8,510,25,16,1,552,0,0,0,552
07/05/2019,SAN,CA,AWP,WE,Towers with Radar,573,28,17,1,619,0,2,2,0,4,573,30,19,1,623,0,0,0,623
07/06/2019,SAN,CA,AWP,WE,Towers with Radar,558,31,24,1,614,0,0,2,1,3,558,31,26,2,617,0,0,0,617
07/07/2019,SAN,CA,AWP,WE,Towers with Radar,622,34,34,2,692,0,0,8,1,9,622,34,42,3,701,0,0,0,701
07/08/2019,SAN,CA,AWP,WE,Towers with Radar,625,39,14,1,679,0,1,4,0,5,625,40,18,1,684,0,0,0,684
07/09/2019,SAN,CA,AWP,WE,Towers with Radar,628,34,12,1,675,2,1,3,1,7,630,35,15,2,682,0,0,0,682
07/10/2019,SAN,CA,AWP,WE,Towers with Radar,620,35,21,1,677,0,0,5,2,7,620,35,26,3,684,0,0,0,684
07/11/2019,SAN,CA,AWP,WE,Towers with Radar,624,39,22,0,685,0,0,1,2,3,624,39,23,2,688,0,0,0,688
07/12/2019,SAN,CA,AWP,WE,Towers with Radar,621,37,23,3,684,0,0,4,1,5,621,37,27,4,689,0,0,0,689
07/13/2019,SAN,CA,AWP,WE,Towers with Radar,598,39,19,2,658,0,0,3,0,3,598,39,22,2,661,0,0,0,661
07/14/2019,SAN,CA,AWP,WE,Towers with Radar,619,45,30,0,694,0,1,0,0,1,619,46,30,0,695,0,0,0,695
07/15/2019,SAN,CA,AWP,WE,Towers with Radar,620,36,24,1,681,0,0,2,2,4,620,36,26,3,685,0,0,0,685
07/16/2019,SAN,CA,AWP,WE,Towers with Radar,643,45,35,0,723,0,2,1,2,5,643,47,36,2,728,0,0,0,728
07/17/2019,SAN,CA,AWP,WE,Towers with Radar,636,51,36,8,731,0,0,0,4,4,636,51,36,12,735,0,0,0,735
07/18/2019,SAN,CA,AWP,WE,Towers with Radar,632,42,37,1,712,0,0,4,3,7,632,42,41,4,719,0,0,0,719
07/19/2019,SAN,CA,AWP,WE,Towers with Radar,632,51,36,0,719,0,0,5,0,5,632,51,41,0,724,0,0,0,724
07/20/2019,SAN,CA,AWP,WE,Towers with Radar,573,34,28,0,635,0,0,3,1,4,573,34,31,1,639,0,0,0,639
07/21/2019,SAN,CA,AWP,WE,Towers with Radar,618,38,33,0,689,0,0,5,1,6,618,38,38,1,695,0,0,0,695
07/22/2019,SAN,CA,AWP,WE,Towers with Radar,616,43,28,0,687,0,0,3,0,3,616,43,31,0,690,0,0,0,690
07/23/2019,SAN,CA,AWP,WE,Towers with Radar,630,43,18,0,691,0,0,1,0,1,630,43,19,0,692,0,0,0,692
07/24/2019,SAN,CA,AWP,WE,Towers with Radar,622,37,32,0,691,0,0,8,2,10,622,37,40,2,701,0,0,0,701
07/25/2019,SAN,CA,AWP,WE,Towers with Radar,644,35,23,0,702,0,0,4,6,10,644,35,27,6,712,0,0,0,712
07/26/2019,SAN,CA,AWP,WE,Towers with Radar,641,39,33,0,713,0,1,1,1,3,641,40,34,1,716,0,0,0,716
07/27/2019,SAN,CA,AWP,WE,Towers with Radar,587,28,30,0,645,0,0,4,0,4,587,28,34,0,649,0,0,0,649
07/28/2019,SAN,CA,AWP,WE,Towers with Radar,621,29,30,1,681,0,1,13,0,14,621,30,43,1,695,0,0,0,695
07/29/2019,SAN,CA,AWP,WE,Towers with Radar,627,47,22,2,698,0,1,3,2,6,627,48,25,4,704,0,0,0,704
07/30/2019,SAN,CA,AWP,WE,Towers with Radar,620,47,23,0,690,0,0,3,3,6,620,47,26,3,696,0,0,0,696
07/31/2019,SAN,CA,AWP,WE,Towers with Radar,630,42,20,2,694,0,0,8,3,11,630,42,28,5,705,0,0,0,705
08/01/2019,SAN,CA,AWP,WE,Towers with Radar,635,41,32,0,708,0,0,4,2,6,635,41,36,2,714,0,0,0,714
08/02/2019,SAN,CA,AWP,WE,Towers with Radar,633,54,31,1,719,0,0,3,3,6,633,54,34,4,725,0,0,0,725
08/03/2019,SAN,CA,AWP,WE,Towers with Radar,592,29,32,1,654,0,0,7,0,7,592,29,39,1,661,0,0,0,661
08/04/2019,SAN,CA,AWP,WE,Towers with Radar,617,34,28,0,679,0,0,5,0,5,617,34,33,0,684,0,0,0,684
08/05/2019,SAN,CA,AWP,WE,Towers with Radar,627,34,21,0,682,0,1,0,1,2,627,35,21,1,684,0,0,0,684
08/06/2019,SAN,CA,AWP,WE,Towers with Radar,658,33,10,1,702,0,0,1,1,2,658,33,11,2,704,0,0,0,704
08/07/2019,SAN,CA,AWP,WE,Towers with Radar,619,47,30,0,696,0,0,3,3,6,619,47,33,3,702,0,0,0,702
08/08/2019,SAN,CA,AWP,WE,Towers with Radar,637,57,22,1,717,0,1,2,2,5,637,58,24,3,722,0,0,0,722
08/09/2019,SAN,CA,AWP,WE,Towers with Radar,647,41,32,4,724,0,0,2,0,2,647,41,34,4,726,0,0,0,726
08/10/2019,SAN,CA,AWP,WE,Towers with Radar,551,25,17,0,593,0,0,5,1,6,551,25,22,1,599,0,0,0,599
08/11/2019,SAN,CA,AWP,WE,Towers with Radar,603,31,21,0,655,0,0,8,0,8,603,31,29,0,663,0,0,0,663
08/12/2019,SAN,CA,AWP,WE,Towers with Radar,629,44,13,2,688,0,1,2,1,4,629,45,15,3,692,0,0,0,692
08/13/2019,SAN,CA,AWP,WE,Towers with Radar,633,35,15,1,684,0,0,4,4,8,633,35,19,5,692,0,0,0,692
08/14/2019,SAN,CA,AWP,WE,Towers with Radar,626,35,21,4,686,1,0,2,0,3,627,35,23,4,689,0,0,0,689
08/15/2019,SAN,CA,AWP,WE,Towers with Radar,651,50,25,0,726,0,1,2,1,4,651,51,27,1,730,0,0,0,730
08/16/2019,SAN,CA,AWP,WE,Towers with Radar,636,51,23,2,712,0,1,9,2,12,636,52,32,4,724,0,0,0,724
08/17/2019,SAN,CA,AWP,WE,Towers with Radar,544,26,11,0,581,0,0,4,0,4,544,26,15,0,585,0,0,0,585
08/18/2019,SAN,CA,AWP,WE,Towers with Radar,588,44,18,0,650,0,0,0,0,0,588,44,18,0,650,0,0,0,650
08/19/2019,SAN,CA,AWP,WE,Towers with Radar,627,37,29,2,695,0,0,3,5,8,627,37,32,7,703,0,0,0,703
08/20/2019,SAN,CA,AWP,WE,Towers with Radar,614,27,22,6,669,0,0,7,2,9,614,27,29,8,678,0,0,0,678
08/21/2019,SAN,CA,AWP,WE,Towers with Radar,615,53,25,1,694,0,0,7,2,9,615,53,32,3,703,0,0,0,703
08/22/2019,SAN,CA,AWP,WE,Towers with Radar,640,44,22,2,708,1,0,1,1,3,641,44,23,3,711,0,0,0,711
08/23/2019,SAN,CA,AWP,WE,Towers with Radar,644,38,28,0,710,0,0,7,2,9,644,38,35,2,719,0,0,0,719
08/24/2019,SAN,CA,AWP,WE,Towers with Radar,528,16,15,0,559,0,1,5,1,7,528,17,20,1,566,0,0,0,566
08/25/2019,SAN,CA,AWP,WE,Towers with Radar,590,27,30,0,647,0,0,4,0,4,590,27,34,0,651,0,0,0,651
08/26/2019,SAN,CA,AWP,WE,Towers with Radar,617,42,27,1,687,0,0,8,3,11,617,42,35,4,698,0,0,0,698
08/27/2019,SAN,CA,AWP,WE,Towers with Radar,585,40,18,6,649,0,2,4,2,8,585,42,22,8,657,0,0,0,657
08/28/2019,SAN,CA,AWP,WE,Towers with Radar,599,40,17,1,657,0,0,2,3,5,599,40,19,4,662,0,0,0,662
08/29/2019,SAN,CA,AWP,WE,Towers with Radar,624,40,17,0,681,0,0,8,1,9,624,40,25,1,690,0,0,0,690
08/30/2019,SAN,CA,AWP,WE,Towers with Radar,616,45,25,0,686,0,0,4,0,4,616,45,29,0,690,0,0,0,690
08/31/2019,SAN,CA,AWP,WE,Towers with Radar,486,30,9,0,525,0,0,4,1,5,486,30,13,1,530,0,0,0,530
09/01/2019,SAN,CA,AWP,WE,Towers with Radar,468,16,16,2,502,1,0,2,5,8,469,16,18,7,510,0,0,0,510
09/02/2019,SAN,CA,AWP,WE,Towers with Radar,595,29,33,0,657,0,0,2,1,3,595,29,35,1,660,0,0,0,660
09/03/2019,SAN,CA,AWP,WE,Towers with Radar,584,23,24,3,634,0,0,5,1,6,584,23,29,4,640,0,0,0,640
09/04/2019,SAN,CA,AWP,WE,Towers with Radar,607,29,26,0,662,0,1,3,2,6,607,30,29,2,668,0,0,0,668
09/05/2019,SAN,CA,AWP,WE,Towers with Radar,596,43,30,1,670,1,0,1,3,5,597,43,31,4,675,0,0,0,675
09/06/2019,SAN,CA,AWP,WE,Towers with Radar,592,33,28,0,653,0,5,8,0,13,592,38,36,0,666,0,0,0,666
09/07/2019,SAN,CA,AWP,WE,Towers with Radar,488,27,15,0,530,0,0,7,0,7,488,27,22,0,537,0,0,0,537
09/08/2019,SAN,CA,AWP,WE,Towers with Radar,557,31,19,0,607,0,0,6,1,7,557,31,25,1,614,0,0,0,614
09/09/2019,SAN,CA,AWP,WE,Towers with Radar,591,21,19,0,631,0,1,3,0,4,591,22,22,0,635,0,0,0,635
09/10/2019,SAN,CA,AWP,WE,Towers with Radar,567,31,17,3,618,1,2,10,3,16,568,33,27,6,634,0,0,0,634
09/11/2019,SAN,CA,AWP,WE,Towers with Radar,581,30,22,0,633,0,1,12,2,15,581,31,34,2,648,0,0,0,648
09/12/2019,SAN,CA,AWP,WE,Towers with Radar,604,40,23,1,668,0,1,4,2,7,604,41,27,3,675,0,0,0,675
09/13/2019,SAN,CA,AWP,WE,Towers with Radar,616,41,21,1,679,0,0,5,2,7,616,41,26,3,686,0,0,0,686
09/14/2019,SAN,CA,AWP,WE,Towers with Radar,501,32,8,0,541,0,1,9,0,10,501,33,17,0,551,0,0,0,551
09/15/2019,SAN,CA,AWP,WE,Towers with Radar,576,22,20,0,618,0,0,6,0,6,576,22,26,0,624,0,0,0,624
09/16/2019,SAN,CA,AWP,WE,Towers with Radar,599,36,33,0,668,0,1,5,0,6,599,37,38,0,674,0,0,0,674
09/17/2019,SAN,CA,AWP,WE,Towers with Radar,571,61,20,1,653,0,0,6,3,9,571,61,26,4,662,0,0,0,662
09/18/2019,SAN,CA,AWP,WE,Towers with Radar,593,34,14,1,642,0,0,4,2,6,593,34,18,3,648,0,0,0,648
09/19/2019,SAN,CA,AWP,WE,Towers with Radar,604,36,21,1,662,0,0,3,4,7,604,36,24,5,669,0,0,0,669
09/20/2019,SAN,CA,AWP,WE,Towers with Radar,610,39,22,0,671,0,1,1,0,2,610,40,23,0,673,0,0,0,673
09/21/2019,SAN,CA,AWP,WE,Towers with Radar,496,33,13,0,542,0,0,10,0,10,496,33,23,0,552,0,0,0,552
09/22/2019,SAN,CA,AWP,WE,Towers with Radar,575,37,28,0,640,0,0,2,0,2,575,37,30,0,642,0,0,0,642
09/23/2019,SAN,CA,AWP,WE,Towers with Radar,602,37,9,2,650,0,0,3,2,5,602,37,12,4,655,0,0,0,655
09/24/2019,SAN,CA,AWP,WE,Towers with Radar,582,33,16,0,631,0,1,6,2,9,582,34,22,2,640,0,0,0,640
09/25/2019,SAN,CA,AWP,WE,Towers with Radar,595,40,35,0,670,0,1,0,2,3,595,41,35,2,673,0,0,0,673
09/26/2019,SAN,CA,AWP,WE,Towers with Radar,628,50,23,4,705,1,0,3,1,5,629,50,26,5,710,0,0,0,710
09/27/2019,SAN,CA,AWP,WE,Towers with Radar,598,43,22,0,663,0,0,1,2,3,598,43,23,2,666,0,0,0,666
09/28/2019,SAN,CA,AWP,WE,Towers with Radar,504,26,19,2,551,0,0,3,0,3,504,26,22,2,554,0,0,0,554
09/29/2019,SAN,CA,AWP,WE,Towers with Radar,574,34,25,0,633,0,0,8,2,10,574,34,33,2,643,0,0,0,643
09/30/2019,SAN,CA,AWP,WE,Towers with Radar,605,37,15,0,657,0,0,5,2,7,605,37,20,2,664,0,0,0,664
10/01/2019,SAN,CA,AWP,WE,Towers with Radar,579,31,43,1,654,0,0,7,4,11,579,31,50,5,665,0,0,0,665
10/02/2019,SAN,CA,AWP,WE,Towers with Radar,591,35,10,2,638,0,1,7,1,9,591,36,17,3,647,0,0,0,647
10/03/2019,SAN,CA,AWP,WE,Towers with Radar,614,30,35,0,679,0,0,3,2,5,614,30,38,2,684,0,0,0,684
10/04/2019,SAN,CA,AWP,WE,Towers with Radar,607,34,24,0,665,1,0,4,4,9,608,34,28,4,674,0,0,0,674
10/05/2019,SAN,CA,AWP,WE,Towers with Radar,486,21,24,0,531,1,0,5,1,7,487,21,29,1,538,0,0,0,538
10/06/2019,SAN,CA,AWP,WE,Towers with Radar,590,32,40,0,662,1,0,7,0,8,591,32,47,0,670,0,0,0,670
10/07/2019,SAN,CA,AWP,WE,Towers with Radar,611,34,23,0,668,0,0,8,2,10,611,34,31,2,678,0,0,0,678
10/08/2019,SAN,CA,AWP,WE,Towers with Radar,595,33,34,0,662,0,0,3,3,6,595,33,37,3,668,0,0,0,668
10/09/2019,SAN,CA,AWP,WE,Towers with Radar,598,31,18,0,647,0,2,0,1,3,598,33,18,1,650,0,0,0,650
10/10/2019,SAN,CA,AWP,WE,Towers with Radar,623,30,36,0,689,0,2,5,2,9,623,32,41,2,698,0,0,0,698
10/11/2019,SAN,CA,AWP,WE,Towers with Radar,615,33,38,0,686,0,0,4,4,8,615,33,42,4,694,0,0,0,694
10/12/2019,SAN,CA,AWP,WE,Towers with Radar,485,14,14,0,513,0,0,9,1,10,485,14,23,1,523,0,0,0,523
10/13/2019,SAN,CA,AWP,WE,Towers with Radar,589,26,21,0,636,0,0,10,0,10,589,26,31,0,646,0,0,0,646
10/14/2019,SAN,CA,AWP,WE,Towers with Radar,611,33,20,0,664,0,0,1,2,3,611,33,21,2,667,0,0,0,667
10/15/2019,SAN,CA,AWP,WE,Towers with Radar,596,22,24,5,647,0,1,4,3,8,596,23,28,8,655,0,0,0,655
10/16/2019,SAN,CA,AWP,WE,Towers with Radar,595,19,22,4,640,0,0,3,2,5,595,19,25,6,645,0,0,0,645
10/17/2019,SAN,CA,AWP,WE,Towers with Radar,620,33,18,3,674,0,0,3,2,5,620,33,21,5,679,0,0,0,679
10/18/2019,SAN,CA,AWP,WE,Towers with Radar,614,26,27,2,669,0,0,3,3,6,614,26,30,5,675,0,0,0,675
10/19/2019,SAN,CA,AWP,WE,Towers with Radar,489,25,22,0,536,0,1,7,0,8,489,26,29,0,544,0,0,0,544
10/20/2019,SAN,CA,AWP,WE,Towers with Radar,592,16,20,0,628,0,0,3,0,3,592,16,23,0,631,0,0,0,631
10/21/2019,SAN,CA,AWP,WE,Towers with Radar,610,18,29,0,657,0,0,9,2,11,610,18,38,2,668,0,0,0,668
10/22/2019,SAN,CA,AWP,WE,Towers with Radar,598,35,20,1,654,0,0,12,3,15,598,35,32,4,669,0,0,0,669
10/23/2019,SAN,CA,AWP,WE,Towers with Radar,597,32,23,2,654,0,0,8,1,9,597,32,31,3,663,0,0,0,663
10/24/2019,SAN,CA,AWP,WE,Towers with Radar,631,35,19,2,687,0,1,7,1,9,631,36,26,3,696,0,0,0,696
10/25/2019,SAN,CA,AWP,WE,Towers with Radar,619,28,17,2,666,0,2,7,0,9,619,30,24,2,675,0,0,0,675
10/26/2019,SAN,CA,AWP,WE,Towers with Radar,492,13,11,4,520,0,0,8,0,8,492,13,19,4,528,0,0,0,528
10/27/2019,SAN,CA,AWP,WE,Towers with Radar,572,27,32,0,631,0,0,0,0,0,572,27,32,0,631,0,0,0,631
10/28/2019,SAN,CA,AWP,WE,Towers with Radar,591,22,17,1,631,0,0,8,0,8,591,22,25,1,639,0,0,0,639
10/29/2019,SAN,CA,AWP,WE,Towers with Radar,560,27,21,0,608,0,1,1,0,2,560,28,22,0,610,0,0,0,610
10/30/2019,SAN,CA,AWP,WE,Towers with Radar,557,35,26,0,618,0,1,6,2,9,557,36,32,2,627,0,0,0,627
10/31/2019,SAN,CA,AWP,WE,Towers with Radar,545,24,16,0,585,0,0,4,1,5,545,24,20,1,590,0,0,0,590
11/01/2019,SAN,CA,AWP,WE,Towers with Radar,575,26,32,0,633,0,0,0,0,0,575,26,32,0,633,0,0,0,633
11/02/2019,SAN,CA,AWP,WE,Towers with Radar,470,14,13,0,497,0,0,14,1,15,470,14,27,1,512,0,0,0,512
11/03/2019,SAN,CA,AWP,WE,Towers with Radar,569,19,19,0,607,0,0,10,1,11,569,19,29,1,618,0,0,0,618
11/04/2019,SAN,CA,AWP,WE,Towers with Radar,569,33,28,2,632,0,1,5,2,8,569,34,33,4,640,0,0,0,640
11/05/2019,SAN,CA,AWP,WE,Towers with Radar,574,37,24,0,635,0,0,0,0,0,574,37,24,0,635,0,0,0,635
11/06/2019,SAN,CA,AWP,WE,Towers with Radar,570,37,39,0,646,0,0,3,1,4,570,37,42,1,650,0,0,0,650
11/07/2019,SAN,CA,AWP,WE,Towers with Radar,614,50,44,1,709,0,2,4,1,7,614,52,48,2,716,0,0,0,716
11/08/2019,SAN,CA,AWP,WE,Towers with Radar,589,42,26,5,662,0,1,4,1,6,589,43,30,6,668,0,0,0,668
11/09/2019,SAN,CA,AWP,WE,Towers with Radar,460,22,10,1,493,0,1,9,0,10,460,23,19,1,503,0,0,0,503
11/10/2019,SAN,CA,AWP,WE,Towers with Radar,567,22,28,1,618,0,0,4,2,6,567,22,32,3,624,0,0,0,624
11/11/2019,SAN,CA,AWP,WE,Towers with Radar,569,37,19,1,626,0,0,3,0,3,569,37,22,1,629,0,0,0,629
11/12/2019,SAN,CA,AWP,WE,Towers with Radar,586,37,16,0,639,0,1,4,0,5,586,38,20,0,644,0,0,0,644
11/13/2019,SAN,CA,AWP,WE,Towers with Radar,564,25,17,6,612,0,0,1,0,1,564,25,18,6,613,0,0,0,613
11/14/2019,SAN,CA,AWP,WE,Towers with Radar,585,49,27,1,662,0,2,7,1,10,585,51,34,2,672,0,0,0,672
11/15/2019,SAN,CA,AWP,WE,Towers with Radar,583,36,17,0,636,0,0,8,1,9,583,36,25,1,645,0,0,0,645
11/16/2019,SAN,CA,AWP,WE,Towers with Radar,473,22,16,0,511,0,1,7,0,8,473,23,23,0,519,0,0,0,519
11/17/2019,SAN,CA,AWP,WE,Towers with Radar,584,23,25,0,632,0,0,4,0,4,584,23,29,0,636,0,0,0,636
11/18/2019,SAN,CA,AWP,WE,Towers with Radar,586,33,24,0,643,0,0,3,1,4,586,33,27,1,647,0,0,0,647
11/19/2019,SAN,CA,AWP,WE,Towers with Radar,590,44,12,0,646,0,1,2,0,3,590,45,14,0,649,0,0,0,649
11/20/2019,SAN,CA,AWP,WE,Towers with Radar,577,44,21,0,642,0,0,3,1,4,577,44,24,1,646,0,0,0,646
11/21/2019,SAN,CA,AWP,WE,Towers with Radar,587,54,14,0,655,0,0,2,2,4,587,54,16,2,659,0,0,0,659
11/22/2019,SAN,CA,AWP,WE,Towers with Radar,589,43,37,0,669,0,0,8,0,8,589,43,45,0,677,0,0,0,677
11/23/2019,SAN,CA,AWP,WE,Towers with Radar,520,29,23,0,572,0,0,3,1,4,520,29,26,1,576,0,0,0,576
11/24/2019,SAN,CA,AWP,WE,Towers with Radar,554,30,14,0,598,1,0,11,0,12,555,30,25,0,610,0,0,0,610
11/25/2019,SAN,CA,AWP,WE,Towers with Radar,559,40,21,0,620,1,0,9,1,11,560,40,30,1,631,0,0,0,631
11/26/2019,SAN,CA,AWP,WE,Towers with Radar,559,36,22,0,617,0,0,3,1,4,559,36,25,1,621,0,0,0,621
11/27/2019,SAN,CA,AWP,WE,Towers with Radar,603,35,19,0,657,0,0,2,0,2,603,35,21,0,659,0,0,0,659
11/28/2019,SAN,CA,AWP,WE,Towers with Radar,409,14,6,0,429,0,0,0,1,1,409,14,6,1,430,0,0,0,430
11/29/2019,SAN,CA,AWP,WE,Towers with Radar,472,43,18,0,533,0,0,6,0,6,472,43,24,0,539,0,0,0,539
11/30/2019,SAN,CA,AWP,WE,Towers with Radar,544,44,22,0,610,0,0,7,0,7,544,44,29,0,617,0,0,0,617
12/01/2019,SAN,CA,AWP,WE,Towers with Radar,584,37,30,0,651,0,0,3,0,3,584,37,33,0,654,0,0,0,654
12/02/2019,SAN,CA,AWP,WE,Towers with Radar,583,36,16,3,638,0,0,2,1,3,583,36,18,4,641,0,0,0,641
12/03/2019,SAN,CA,AWP,WE,Towers with Radar,562,30,22,0,614,0,0,0,3,3,562,30,22,3,617,0,0,0,617
12/04/2019,SAN,CA,AWP,WE,Towers with Radar,587,43,29,1,660,0,0,2,0,2,587,43,31,1,662,0,0,0,662
12/05/2019,SAN,CA,AWP,WE,Towers with Radar,577,25,23,0,625,0,0,8,3,11,577,25,31,3,636,0,0,0,636
12/06/2019,SAN,CA,AWP,WE,Towers with Radar,574,39,15,0,628,0,0,6,1,7,574,39,21,1,635,0,0,0,635
12/07/2019,SAN,CA,AWP,WE,Towers with Radar,436,18,13,0,467,0,0,6,1,7,436,18,19,1,474,0,0,0,474
12/08/2019,SAN,CA,AWP,WE,Towers with Radar,557,33,21,0,611,0,0,0,0,0,557,33,21,0,611,0,0,0,611
12/09/2019,SAN,CA,AWP,WE,Towers with Radar,555,44,21,0,620,0,1,3,0,4,555,45,24,0,624,0,0,0,624
12/10/2019,SAN,CA,AWP,WE,Towers with Radar,556,33,23,2,614,0,1,1,3,5,556,34,24,5,619,0,0,0,619
12/11/2019,SAN,CA,AWP,WE,Towers with Radar,556,33,30,3,622,0,0,4,2,6,556,33,34,5,628,0,0,0,628
12/12/2019,SAN,CA,AWP,WE,Towers with Radar,577,44,17,0,638,0,1,8,0,9,577,45,25,0,647,0,0,0,647
12/13/2019,SAN,CA,AWP,WE,Towers with Radar,577,35,16,0,628,1,0,3,1,5,578,35,19,1,633,0,0,0,633
12/14/2019,SAN,CA,AWP,WE,Towers with Radar,451,32,13,1,497,0,0,1,0,1,451,32,14,1,498,0,0,0,498
12/15/2019,SAN,CA,AWP,WE,Towers with Radar,551,28,19,1,599,0,0,7,0,7,551,28,26,1,606,0,0,0,606
12/16/2019,SAN,CA,AWP,WE,Towers with Radar,569,37,23,1,630,0,0,10,3,13,569,37,33,4,643,0,0,0,643
12/17/2019,SAN,CA,AWP,WE,Towers with Radar,571,43,26,0,640,0,0,6,3,9,571,43,32,3,649,0,0,0,649
12/18/2019,SAN,CA,AWP,WE,Towers with Radar,573,40,28,0,641,0,0,6,4,10,573,40,34,4,651,0,0,0,651
12/19/2019,SAN,CA,AWP,WE,Towers with Radar,585,53,33,0,671,0,2,7,1,10,585,55,40,1,681,0,0,0,681
12/20/2019,SAN,CA,AWP,WE,Towers with Radar,605,37,26,2,670,0,0,3,1,4,605,37,29,3,674,0,0,0,674
12/21/2019,SAN,CA,AWP,WE,Towers with Radar,572,30,23,0,625,0,0,7,0,7,572,30,30,0,632,0,0,0,632
12/22/2019,SAN,CA,AWP,WE,Towers with Radar,616,29,14,0,659,1,0,5,0,6,617,29,19,0,665,0,0,0,665
12/23/2019,SAN,CA,AWP,WE,Towers with Radar,608,31,16,3,658,0,0,0,0,0,608,31,16,3,658,0,0,0,658
12/24/2019,SAN,CA,AWP,WE,Towers with Radar,540,22,5,0,567,0,0,0,1,1,540,22,5,1,568,0,0,0,568
12/25/2019,SAN,CA,AWP,WE,Towers with Radar,514,21,6,1,542,0,0,0,0,0,514,21,6,1,542,0,0,0,542
12/26/2019,SAN,CA,AWP,WE,Towers with Radar,596,54,23,0,673,0,0,0,0,0,596,54,23,0,673,0,0,0,673
12/27/2019,SAN,CA,AWP,WE,Towers with Radar,593,52,20,0,665,0,0,5,0,5,593,52,25,0,670,0,0,0,670
12/28/2019,SAN,CA,AWP,WE,Towers with Radar,547,32,36,0,615,0,3,8,0,11,547,35,44,0,626,0,0,0,626
12/29/2019,SAN,CA,AWP,WE,Towers with Radar,595,24,18,0,637,0,1,9,1,11,595,25,27,1,648,0,0,0,648
12/30/2019,SAN,CA,AWP,WE,Towers with Radar,590,48,22,0,660,0,0,1,0,1,590,48,23,0,661,0,0,0,661
12/31/2019,SAN,CA,AWP,WE,Towers with Radar,532,32,11,0,575,0,1,1,2,4,532,33,12,2,579,0,0,0,579
01/01/2020,SAN,CA,AWP,WE,Towers with Radar,543,30,19,0,592,0,0,0,1,1,543,30,19,1,593,0,0,0,593
01/02/2020,SAN,CA,AWP,WE,Towers with Radar,592,36,22,4,654,1,1,11,1,14,593,37,33,5,668,0,0,0,668
01/03/2020,SAN,CA,AWP,WE,Towers with Radar,597,46,22,0,665,0,0,2,0,2,597,46,24,0,667,0,0,0,667
01/04/2020,SAN,CA,AWP,WE,Towers with Radar,492,31,22,0,545,0,0,7,0,7,492,31,29,0,552,0,0,0,552
01/05/2020,SAN,CA,AWP,WE,Towers with Radar,564,21,20,0,605,0,0,4,1,5,564,21,24,1,610,0,0,0,610
01/06/2020,SAN,CA,AWP,WE,Towers with Radar,589,29,17,0,635,0,0,3,2,5,589,29,20,2,640,0,0,0,640
01/07/2020,SAN,CA,AWP,WE,Towers with Radar,543,28,14,0,585,1,2,3,1,7,544,30,17,1,592,0,0,0,592
01/08/2020,SAN,CA,AWP,WE,Towers with Radar,538,31,15,2,586,0,0,3,3,6,538,31,18,5,592,0,0,0,592
01/09/2020,SAN,CA,AWP,WE,Towers with Radar,569,32,15,2,618,0,0,2,1,3,569,32,17,3,621,0,0,0,621
01/10/2020,SAN,CA,AWP,WE,Towers with Radar,566,43,22,0,631,0,1,4,2,7,566,44,26,2,638,0,0,0,638
01/11/2020,SAN,CA,AWP,WE,Towers with Radar,424,14,14,0,452,0,0,6,0,6,424,14,20,0,458,0,0,0,458
01/12/2020,SAN,CA,AWP,WE,Towers with Radar,540,23,24,0,587,0,0,4,0,4,540,23,28,0,591,0,0,0,591
01/13/2020,SAN,CA,AWP,WE,Towers with Radar,562,25,10,2,599,0,0,9,0,9,562,25,19,2,608,0,0,0,608
01/14/2020,SAN,CA,AWP,WE,Towers with Radar,532,36,21,0,589,0,0,5,0,5,532,36,26,0,594,0,0,0,594
01/15/2020,SAN,CA,AWP,WE,Towers with Radar,545,44,22,3,614,0,0,4,1,5,545,44,26,4,619,0,0,0,619
01/16/2020,SAN,CA,AWP,WE,Towers with Radar,572,38,28,2,640,0,0,1,3,4,572,38,29,5,644,0,0,0,644
01/17/2020,SAN,CA,AWP,WE,Towers with Radar,581,37,29,1,648,0,0,2,1,3,581,37,31,2,651,0,0,0,651
01/18/2020,SAN,CA,AWP,WE,Towers with Radar,425,23,18,0,466,0,0,5,0,5,425,23,23,0,471,0,0,0,471
01/19/2020,SAN,CA,AWP,WE,Towers with Radar,535,25,7,1,568,0,2,6,0,8,535,27,13,1,576,0,0,0,576
01/20/2020,SAN,CA,AWP,WE,Towers with Radar,566,50,25,0,641,1,0,1,0,2,567,50,26,0,643,0,0,0,643
01/21/2020,SAN,CA,AWP,WE,Towers with Radar,544,45,14,2,605,0,0,2,2,4,544,45,16,4,609,0,0,0,609
01/22/2020,SAN,CA,AWP,WE,Towers with Radar,541,37,18,2,598,0,1,0,2,3,541,38,18,4,601,0,0,0,601
01/23/2020,SAN,CA,AWP,WE,Towers with Radar,576,34,16,0,626,0,0,9,0,9,576,34,25,0,635,0,0,0,635
01/24/2020,SAN,CA,AWP,WE,Towers with Radar,574,31,14,0,619,0,0,4,1,5,574,31,18,1,624,0,0,0,624
01/25/2020,SAN,CA,AWP,WE,Towers with Radar,430,19,14,0,463,1,0,2,1,4,431,19,16,1,467,0,0,0,467
01/26/2020,SAN,CA,AWP,WE,Towers with Radar,542,35,27,1,605,1,0,0,0,1,543,35,27,1,606,0,0,0,606
01/27/2020,SAN,CA,AWP,WE,Towers with Radar,564,42,23,0,629,0,0,4,1,5,564,42,27,1,634,0,0,0,634
01/28/2020,SAN,CA,AWP,WE,Towers with Radar,536,33,26,1,596,0,0,5,2,7,536,33,31,3,603,0,0,0,603
01/29/2020,SAN,CA,AWP,WE,Towers with Radar,546,35,16,2,599,0,0,0,1,1,546,35,16,3,600,0,0,0,600
01/30/2020,SAN,CA,AWP,WE,Towers with Radar,572,36,18,0,626,0,0,5,2,7,572,36,23,2,633,0,0,0,633
01/31/2020,SAN,CA,AWP,WE,Towers with Radar,573,49,24,0,646,0,0,9,2,11,573,49,33,2,657,0,0,0,657
02/01/2020,SAN,CA,AWP,WE,Towers with Radar,437,21,24,0,482,0,0,14,2,16,437,21,38,2,498,0,0,0,498
02/02/2020,SAN,CA,AWP,WE,Towers with Radar,520,17,18,0,555,0,1,2,0,3,520,18,20,0,558,0,0,0,558
02/03/2020,SAN,CA,AWP,WE,Towers with Radar,574,33,25,0,632,0,1,5,0,6,574,34,30,0,638,0,0,0,638
02/04/2020,SAN,CA,AWP,WE,Towers with Radar,547,38,21,0,606,0,0,2,1,3,547,38,23,1,609,0,0,0,609
02/05/2020,SAN,CA,AWP,WE,Towers with Radar,542,52,21,0,615,0,0,9,2,11,542,52,30,2,626,0,0,0,626
02/06/2020,SAN,CA,AWP,WE,Towers with Radar,572,36,26,4,638,0,1,4,3,8,572,37,30,7,646,0,0,0,646
02/07/2020,SAN,CA,AWP,WE,Towers with Radar,569,32,20,0,621,0,0,3,1,4,569,32,23,1,625,0,0,0,625
02/08/2020,SAN,CA,AWP,WE,Towers with Radar,439,26,17,0,482,0,0,0,1,1,439,26,17,1,483,0,0,0,483
02/09/2020,SAN,CA,AWP,WE,Towers with Radar,551,30,17,0,598,0,0,2,0,2,551,30,19,0,600,0,0,0,600
02/10/2020,SAN,CA,AWP,WE,Towers with Radar,572,43,21,1,637,0,0,3,1,4,572,43,24,2,641,0,0,0,641
02/11/2020,SAN,CA,AWP,WE,Towers with Radar,543,34,21,2,600,0,1,0,2,3,543,35,21,4,603,0,0,0,603
02/12/2020,SAN,CA,AWP,WE,Towers with Radar,542,40,38,4,624,0,1,7,1,9,542,41,45,5,633,0,0,0,633
02/13/2020,SAN,CA,AWP,WE,Towers with Radar,583,45,29,1,658,0,0,6,4,10,583,45,35,5,668,0,0,0,668
02/14/2020,SAN,CA,AWP,WE,Towers with Radar,588,47,14,0,649,0,0,10,0,10,588,47,24,0,659,0,0,0,659
02/15/2020,SAN,CA,AWP,WE,Towers with Radar,460,24,20,0,504,0,0,6,1,7,460,24,26,1,511,0,0,0,511
02/16/2020,SAN,CA,AWP,WE,Towers with Radar,540,22,16,0,578,0,0,12,0,12,540,22,28,0,590,0,0,0,590
02/17/2020,SAN,CA,AWP,WE,Towers with Radar,595,59,28,0,682,0,0,6,1,7,595,59,34,1,689,0,0,0,689
02/18/2020,SAN,CA,AWP,WE,Towers with Radar,568,36,19,3,626,0,0,4,1,5,568,36,23,4,631,0,0,0,631
02/19/2020,SAN,CA,AWP,WE,Towers with Radar,568,32,18,0,618,0,0,4,2,6,568,32,22,2,624,0,0,0,624
02/20/2020,SAN,CA,AWP,WE,Towers with Radar,595,43,31,1,670,0,0,2,2,4,595,43,33,3,674,0,0,0,674
02/21/2020,SAN,CA,AWP,WE,Towers with Radar,602,40,29,0,671,0,1,0,2,3,602,41,29,2,674,0,0,0,674
02/22/2020,SAN,CA,AWP,WE,Towers with Radar,467,17,11,0,495,0,1,0,0,1,467,18,11,0,496,0,0,0,496
02/23/2020,SAN,CA,AWP,WE,Towers with Radar,552,27,13,0,592,0,0,6,1,7,552,27,19,1,599,0,0,0,599
02/24/2020,SAN,CA,AWP,WE,Towers with Radar,583,36,15,0,634,0,0,4,0,4,583,36,19,0,638,0,0,0,638
02/25/2020,SAN,CA,AWP,WE,Towers with Radar,570,52,24,1,647,0,3,2,1,6,570,55,26,2,653,0,0,0,653
02/26/2020,SAN,CA,AWP,WE,Towers with Radar,576,42,16,0,634,0,0,1,3,4,576,42,17,3,638,0,0,0,638
02/27/2020,SAN,CA,AWP,WE,Towers with Radar,599,47,16,0,662,0,0,5,4,9,599,47,21,4,671,0,0,0,671
02/28/2020,SAN,CA,AWP,WE,Towers with Radar,592,43,7,0,642,0,0,2,4,6,592,43,9,4,648,0,0,0,648
02/29/2020,SAN,CA,AWP,WE,Towers with Radar,459,17,13,0,489,0,0,4,1,5,459,17,17,1,494,0,0,0,494
03/01/2020,SAN,CA,AWP,WE,Towers with Radar,556,30,17,1,604,0,0,5,1,6,556,30,22,2,610,0,0,0,610
03/02/2020,SAN,CA,AWP,WE,Towers with Radar,578,39,19,0,636,0,1,4,1,6,578,40,23,1,642,0,0,0,642
03/03/2020,SAN,CA,AWP,WE,Towers with Radar,564,30,22,1,617,0,0,3,2,5,564,30,25,3,622,0,0,0,622
03/04/2020,SAN,CA,AWP,WE,Towers with Radar,569,51,31,5,656,0,0,8,1,9,569,51,39,6,665,0,0,0,665
03/05/2020,SAN,CA,AWP,WE,Towers with Radar,593,48,19,0,660,0,1,1,2,4,593,49,20,2,664,0,0,0,664
03/06/2020,SAN,CA,AWP,WE,Towers with Radar,597,38,25,1,661,0,0,5,1,6,597,38,30,2,667,0,0,0,667
03/07/2020,SAN,CA,AWP,WE,Towers with Radar,475,25,15,0,515,0,0,2,3,5,475,25,17,3,520,0,0,0,520
03/08/2020,SAN,CA,AWP,WE,Towers with Radar,551,37,24,2,614,0,0,9,3,12,551,37,33,5,626,0,0,0,626
03/09/2020,SAN,CA,AWP,WE,Towers with Radar,596,34,11,0,641,0,0,2,2,4,596,34,13,2,645,0,0,0,645
03/10/2020,SAN,CA,AWP,WE,Towers with Radar,591,24,22,0,637,0,0,0,1,1,591,24,22,1,638,0,0,0,638
03/11/2020,SAN,CA,AWP,WE,Towers with Radar,597,31,20,0,648,0,0,4,1,5,597,31,24,1,653,0,0,0,653
03/12/2020,SAN,CA,AWP,WE,Towers with Radar,606,34,9,1,650,0,1,3,2,6,606,35,12,3,656,0,0,0,656
03/13/2020,SAN,CA,AWP,WE,Towers with Radar,600,35,17,0,652,0,0,0,1,1,600,35,17,1,653,0,0,0,653
03/14/2020,SAN,CA,AWP,WE,Towers with Radar,486,27,28,0,541,0,2,4,1,7,486,29,32,1,548,0,0,0,548
03/15/2020,SAN,CA,AWP,WE,Towers with Radar,548,26,26,0,600,0,0,0,0,0,548,26,26,0,600,0,0,0,600
03/16/2020,SAN,CA,AWP,WE,Towers with Radar,591,38,21,2,652,0,0,2,2,4,591,38,23,4,656,0,0,0,656
03/17/2020,SAN,CA,AWP,WE,Towers with Radar,549,40,13,2,604,0,0,0,2,2,549,40,13,4,606,0,0,0,606
03/18/2020,SAN,CA,AWP,WE,Towers with Radar,550,28,11,0,589,0,0,5,4,9,550,28,16,4,598,0,0,0,598
03/19/2020,SAN,CA,AWP,WE,Towers with Radar,505,26,6,0,537,0,0,6,2,8,505,26,12,2,545,0,0,0,545
03/20/2020,SAN,CA,AWP,WE,Towers with Radar,512,29,9,0,550,0,0,2,3,5,512,29,11,3,555,0,0,0,555
03/21/2020,SAN,CA,AWP,WE,Towers with Radar,405,18,7,0,430,1,0,2,1,4,406,18,9,1,434,0,0,0,434
03/22/2020,SAN,CA,AWP,WE,Towers with Radar,386,7,4,0,397,0,0,6,5,11,386,7,10,5,408,0,0,0,408
03/23/2020,SAN,CA,AWP,WE,Towers with Radar,392,10,6,0,408,0,0,0,1,1,392,10,6,1,409,0,0,0,409
03/24/2020,SAN,CA,AWP,WE,Towers with Radar,393,18,0,0,411,0,0,3,6,9,393,18,3,6,420,0,0,0,420
03/25/2020,SAN,CA,AWP,WE,Towers with Radar,387,16,4,0,407,0,0,3,4,7,387,16,7,4,414,0,0,0,414
03/26/2020,SAN,CA,AWP,WE,Towers with Radar,373,16,7,0,396,0,0,5,4,9,373,16,12,4,405,0,0,0,405
03/27/2020,SAN,CA,AWP,WE,Towers with Radar,340,15,5,0,360,0,0,6,3,9,340,15,11,3,369,0,0,0,369
03/28/2020,SAN,CA,AWP,WE,Towers with Radar,272,12,4,1,289,0,0,3,9,12,272,12,7,10,301,0,0,0,301
03/29/2020,SAN,CA,AWP,WE,Towers with Radar,286,3,0,2,291,0,0,2,5,7,286,3,2,7,298,0,0,0,298
03/30/2020,SAN,CA,AWP,WE,Towers with Radar,294,13,1,0,308,0,0,3,1,4,294,13,4,1,312,0,0,0,312
03/31/2020,SAN,CA,AWP,WE,Towers with Radar,294,17,0,0,311,0,1,1,5,7,294,18,1,5,318,0,0,0,318
04/01/2020,SAN,CA,AWP,WE,Towers with Radar,241,15,3,2,261,0,0,2,3,5,241,15,5,5,266,0,0,0,266
04/02/2020,SAN,CA,AWP,WE,Towers with Radar,234,12,5,0,251,0,1,2,4,7,234,13,7,4,258,0,0,0,258
04/03/2020,SAN,CA,AWP,WE,Towers with Radar,224,17,7,0,248,0,0,6,3,9,224,17,13,3,257,0,0,0,257
04/04/2020,SAN,CA,AWP,WE,Towers with Radar,179,8,2,0,189,0,2,3,2,7,179,10,5,2,196,0,0,0,196
04/05/2020,SAN,CA,AWP,WE,Towers with Radar,207,3,0,0,210,0,0,2,3,5,207,3,2,3,215,0,0,0,215
04/06/2020,SAN,CA,AWP,WE,Towers with Radar,208,13,2,2,225,0,0,1,0,1,208,13,3,2,226,0,0,0,226
04/07/2020,SAN,CA,AWP,WE,Towers with Radar,201,13,0,0,214,0,0,0,1,1,201,13,0,1,215,0,0,0,215
04/08/2020,SAN,CA,AWP,WE,Towers with Radar,207,22,1,0,230,0,0,2,5,7,207,22,3,5,237,0,0,0,237
04/09/2020,SAN,CA,AWP,WE,Towers with Radar,209,17,2,0,228,0,0,2,3,5,209,17,4,3,233,0,0,0,233
04/10/2020,SAN,CA,AWP,WE,Towers with Radar,200,13,2,0,215,0,0,0,1,1,200,13,2,1,216,0,0,0,216
04/11/2020,SAN,CA,AWP,WE,Towers with Radar,150,4,3,0,157,0,1,3,5,9,150,5,6,5,166,0,0,0,166
04/12/2020,SAN,CA,AWP,WE,Towers with Radar,173,0,5,0,178,0,1,6,1,8,173,1,11,1,186,0,0,0,186
04/13/2020,SAN,CA,AWP,WE,Towers with Radar,195,12,0,0,207,0,0,2,1,3,195,12,2,1,210,0,0,0,210
04/14/2020,SAN,CA,AWP,WE,Towers with Radar,180,15,3,0,198,0,2,6,4,12,180,17,9,4,210,0,0,0,210
04/15/2020,SAN,CA,AWP,WE,Towers with Radar,177,15,5,0,197,0,1,6,5,12,177,16,11,5,209,0,0,0,209
04/16/2020,SAN,CA,AWP,WE,Towers with Radar,177,12,5,1,195,0,0,2,6,8,177,12,7,7,203,0,0,0,203
04/17/2020,SAN,CA,AWP,WE,Towers with Radar,154,17,1,4,176,0,1,2,4,7,154,18,3,8,183,0,0,0,183
04/18/2020,SAN,CA,AWP,WE,Towers with Radar,164,8,2,0,174,0,0,1,0,1,164,8,3,0,175,0,0,0,175
04/19/2020,SAN,CA,AWP,WE,Towers with Radar,138,5,6,0,149,0,0,2,2,4,138,5,8,2,153,0,0,0,153
04/20/2020,SAN,CA,AWP,WE,Towers with Radar,146,13,4,0,163,0,0,1,0,1,146,13,5,0,164,0,0,0,164
04/21/2020,SAN,CA,AWP,WE,Towers with Radar,155,16,3,2,176,0,0,6,0,6,155,16,9,2,182,0,0,0,182
04/22/2020,SAN,CA,AWP,WE,Towers with Radar,138,12,2,0,152,0,0,12,2,14,138,12,14,2,166,0,0,0,166
04/23/2020,SAN,CA,AWP,WE,Towers with Radar,144,12,0,0,156,0,0,2,3,5,144,12,2,3,161,0,0,0,161
04/24/2020,SAN,CA,AWP,WE,Towers with Radar,135,13,4,2,154,0,2,2,2,6,135,15,6,4,160,0,0,0,160
04/25/2020,SAN,CA,AWP,WE,Towers with Radar,115,7,5,2,129,0,0,4,1,5,115,7,9,3,134,0,0,0,134
04/26/2020,SAN,CA,AWP,WE,Towers with Radar,139,7,2,0,148,0,0,3,1,4,139,7,5,1,152,0,0,0,152
04/27/2020,SAN,CA,AWP,WE,Towers with Radar,141,17,8,3,169,0,0,3,1,4,141,17,11,4,173,0,0,0,173
04/28/2020,SAN,CA,AWP,WE,Towers with Radar,146,14,6,1,167,0,0,7,0,7,146,14,13,1,174,0,0,0,174
04/29/2020,SAN,CA,AWP,WE,Towers with Radar,148,20,8,1,177,0,0,1,2,3,148,20,9,3,180,0,0,0,180
04/30/2020,SAN,CA,AWP,WE,Towers with Radar,144,18,5,1,168,0,0,1,2,3,144,18,6,3,171,0,0,0,171
05/01/2020,SAN,CA,AWP,WE,Towers with Radar,141,17,2,0,160,0,2,7,1,10,141,19,9,1,170,0,0,0,170
05/02/2020,SAN,CA,AWP,WE,Towers with Radar,119,4,10,0,133,0,0,2,1,3,119,4,12,1,136,0,0,0,136
05/03/2020,SAN,CA,AWP,WE,Towers with Radar,130,6,1,0,137,0,0,11,0,11,130,6,12,0,148,0,0,0,148
05/04/2020,SAN,CA,AWP,WE,Towers with Radar,144,17,5,0,166,0,0,3,1,4,144,17,8,1,170,0,0,0,170
05/05/2020,SAN,CA,AWP,WE,Towers with Radar,138,15,9,0,162,0,0,8,3,11,138,15,17,3,173,0,0,0,173
05/06/2020,SAN,CA,AWP,WE,Towers with Radar,136,18,6,4,164,0,0,5,3,8,136,18,11,7,172,0,0,0,172
05/07/2020,SAN,CA,AWP,WE,Towers with Radar,140,14,0,0,154,1,0,5,3,9,141,14,5,3,163,0,0,0,163
05/08/2020,SAN,CA,AWP,WE,Towers with Radar,143,21,2,0,166,0,0,2,3,5,143,21,4,3,171,0,0,0,171
05/09/2020,SAN,CA,AWP,WE,Towers with Radar,124,16,8,0,148,0,0,0,0,0,124,16,8,0,148,0,0,0,148
05/10/2020,SAN,CA,AWP,WE,Towers with Radar,130,10,9,0,149,0,0,2,0,2,130,10,11,0,151,0,0,0,151
05/11/2020,SAN,CA,AWP,WE,Towers with Radar,136,13,2,0,151,0,0,6,0,6,136,13,8,0,157,0,0,0,157
05/12/2020,SAN,CA,AWP,WE,Towers with Radar,137,16,9,1,163,0,0,5,4,9,137,16,14,5,172,0,0,0,172
05/13/2020,SAN,CA,AWP,WE,Towers with Radar,138,17,14,2,171,0,2,7,2,11,138,19,21,4,182,0,0,0,182
05/14/2020,SAN,CA,AWP,WE,Towers with Radar,135,18,9,0,162,0,1,12,5,18,135,19,21,5,180,0,0,0,180
05/15/2020,SAN,CA,AWP,WE,Towers with Radar,149,18,4,1,172,0,0,16,1,17,149,18,20,2,189,0,0,0,189
05/16/2020,SAN,CA,AWP,WE,Towers with Radar,128,14,2,1,145,0,0,8,0,8,128,14,10,1,153,0,0,0,153
05/17/2020,SAN,CA,AWP,WE,Towers with Radar,135,13,7,0,155,0,0,1,1,2,135,13,8,1,157,0,0,0,157
05/18/2020,SAN,CA,AWP,WE,Towers with Radar,139,27,17,1,184,0,0,0,0,0,139,27,17,1,184,0,0,0,184
05/19/2020,SAN,CA,AWP,WE,Towers with Radar,142,20,7,0,169,0,0,15,1,16,142,20,22,1,185,0,0,0,185
05/20/2020,SAN,CA,AWP,WE,Towers with Radar,151,23,10,3,187,0,0,6,4,10,151,23,16,7,197,0,0,0,197
05/21/2020,SAN,CA,AWP,WE,Towers with Radar,156,18,16,3,193,0,3,13,2,18,156,21,29,5,211,0,0,0,211
05/22/2020,SAN,CA,AWP,WE,Towers with Radar,163,26,21,1,211,0,0,5,2,7,163,26,26,3,218,0,0,0,218
05/23/2020,SAN,CA,AWP,WE,Towers with Radar,130,18,13,2,163,0,2,12,6,20,130,20,25,8,183,0,0,0,183
05/24/2020,SAN,CA,AWP,WE,Towers with Radar,133,6,1,2,142,0,0,12,1,13,133,6,13,3,155,0,0,0,155
05/25/2020,SAN,CA,AWP,WE,Towers with Radar,153,7,10,0,170,0,0,1,1,2,153,7,11,1,172,0,0,0,172
05/26/2020,SAN,CA,AWP,WE,Towers with Radar,135,21,7,3,166,0,0,6,3,9,135,21,13,6,175,0,0,0,175
05/27/2020,SAN,CA,AWP,WE,Towers with Radar,145,27,13,0,185,0,0,9,4,13,145,27,22,4,198,0,0,0,198
05/28/2020,SAN,CA,AWP,WE,Towers with Radar,141,22,14,0,177,0,0,3,2,5,141,22,17,2,182,0,0,0,182
05/29/2020,SAN,CA,AWP,WE,Towers with Radar,148,24,11,0,183,0,1,2,2,5,148,25,13,2,188,0,0,0,188
05/30/2020,SAN,CA,AWP,WE,Towers with Radar,125,13,6,1,145,0,1,4,1,6,125,14,10,2,151,0,0,0,151
05/31/2020,SAN,CA,AWP,WE,Towers with Radar,152,11,10,0,173,0,0,12,1,13,152,11,22,1,186,0,0,0,186
06/01/2020,SAN,CA,AWP,WE,Towers with Radar,155,18,13,0,186,0,0,22,3,25,155,18,35,3,211,0,0,0,211
06/02/2020,SAN,CA,AWP,WE,Towers with Radar,160,17,13,2,192,0,0,6,0,6,160,17,19,2,198,0,0,0,198
06/03/2020,SAN,CA,AWP,WE,Towers with Radar,168,25,15,1,209,0,0,5,1,6,168,25,20,2,215,0,0,0,215
06/04/2020,SAN,CA,AWP,WE,Towers with Radar,178,18,13,0,209,0,0,5,1,6,178,18,18,1,215,0,0,0,215
06/05/2020,SAN,CA,AWP,WE,Towers with Radar,182,23,9,0,214,0,0,3,2,5,182,23,12,2,219,0,0,0,219
06/06/2020,SAN,CA,AWP,WE,Towers with Radar,155,9,12,0,176,0,0,14,2,16,155,9,26,2,192,0,0,0,192
06/07/2020,SAN,CA,AWP,WE,Towers with Radar,184,6,10,0,200,0,1,11,1,13,184,7,21,1,213,0,0,0,213
06/08/2020,SAN,CA,AWP,WE,Towers with Radar,191,27,23,2,243,0,0,10,4,14,191,27,33,6,257,0,0,0,257
06/09/2020,SAN,CA,AWP,WE,Towers with Radar,189,17,13,1,220,0,1,7,3,11,189,18,20,4,231,0,0,0,231
06/10/2020,SAN,CA,AWP,WE,Towers with Radar,184,27,18,1,230,0,0,6,2,8,184,27,24,3,238,0,0,0,238
06/11/2020,SAN,CA,AWP,WE,Towers with Radar,203,21,18,0,242,0,0,5,0,5,203,21,23,0,247,0,0,0,247
06/12/2020,SAN,CA,AWP,WE,Towers with Radar,205,26,14,0,245,0,0,6,0,6,205,26,20,0,251,0,0,0,251
06/13/2020,SAN,CA,AWP,WE,Towers with Radar,173,19,13,0,205,0,0,12,1,13,173,19,25,1,218,0,0,0,218
06/14/2020,SAN,CA,AWP,WE,Towers with Radar,211,22,11,0,244,0,0,6,1,7,211,22,17,1,251,0,0,0,251
06/15/2020,SAN,CA,AWP,WE,Towers with Radar,226,27,27,1,281,0,1,6,2,9,226,28,33,3,290,0,0,0,290
06/16/2020,SAN,CA,AWP,WE,Towers with Radar,206,23,21,0,250,0,1,2,0,3,206,24,23,0,253,0,0,0,253
06/17/2020,SAN,CA,AWP,WE,Towers with Radar,205,29,10,2,246,0,0,7,4,11,205,29,17,6,257,0,0,0,257
06/18/2020,SAN,CA,AWP,WE,Towers with Radar,223,30,20,0,273,0,0,3,3,6,223,30,23,3,279,0,0,0,279
06/19/2020,SAN,CA,AWP,WE,Towers with Radar,218,26,14,0,258,0,0,8,1,9,218,26,22,1,267,0,0,0,267
06/20/2020,SAN,CA,AWP,WE,Towers with Radar,184,18,20,0,222,0,0,0,1,1,184,18,20,1,223,0,0,0,223
06/21/2020,SAN,CA,AWP,WE,Towers with Radar,217,21,20,0,258,0,0,2,0,2,217,21,22,0,260,0,0,0,260
06/22/2020,SAN,CA,AWP,WE,Towers with Radar,227,35,12,0,274,0,0,2,2,4,227,35,14,2,278,0,0,0,278
06/23/2020,SAN,CA,AWP,WE,Towers with Radar,215,27,12,0,254,0,0,3,3,6,215,27,15,3,260,0,0,0,260
06/24/2020,SAN,CA,AWP,WE,Towers with Radar,218,37,19,1,275,0,0,4,3,7,218,37,23,4,282,0,0,0,282
06/25/2020,SAN,CA,AWP,WE,Towers with Radar,242,44,18,0,304,0,1,3,1,5,242,45,21,1,309,0,0,0,309
06/26/2020,SAN,CA,AWP,WE,Towers with Radar,243,37,12,0,292,0,0,5,3,8,243,37,17,3,300,0,0,0,300
06/27/2020,SAN,CA,AWP,WE,Towers with Radar,195,28,16,0,239,0,0,6,1,7,195,28,22,1,246,0,0,0,246
06/28/2020,SAN,CA,AWP,WE,Towers with Radar,228,24,17,0,269,0,1,2,2,5,228,25,19,2,274,0,0,0,274
06/29/2020,SAN,CA,AWP,WE,Towers with Radar,242,28,22,1,293,0,0,3,2,5,242,28,25,3,298,0,0,0,298
06/30/2020,SAN,CA,AWP,WE,Towers with Radar,224,33,20,0,277,0,0,2,1,3,224,33,22,1,280,0,0,0,280
07/01/2020,SAN,CA,AWP,WE,Towers with Radar,239,30,22,0,291,0,0,4,1,5,239,30,26,1,296,0,0,0,296
07/02/2020,SAN,CA,AWP,WE,Towers with Radar,262,39,23,2,326,0,0,5,3,8,262,39,28,5,334,0,0,0,334
07/03/2020,SAN,CA,AWP,WE,Towers with Radar,267,23,15,0,305,0,0,7,0,7,267,23,22,0,312,0,0,0,312
07/04/2020,SAN,CA,AWP,WE,Towers with Radar,198,11,6,1,216,0,0,3,0,3,198,11,9,1,219,0,0,0,219
07/05/2020,SAN,CA,AWP,WE,Towers with Radar,254,23,14,1,292,0,0,2,0,2,254,23,16,1,294,0,0,0,294
07/06/2020,SAN,CA,AWP,WE,Towers with Radar,275,32,18,0,325,0,2,0,0,2,275,34,18,0,327,0,0,0,327
07/07/2020,SAN,CA,AWP,WE,Towers with Radar,277,33,15,0,325,0,0,7,2,9,277,33,22,2,334,0,0,0,334
07/08/2020,SAN,CA,AWP,WE,Towers with Radar,284,39,15,0,338,0,1,5,4,10,284,40,20,4,348,0,0,0,348
07/09/2020,SAN,CA,AWP,WE,Towers with Radar,299,39,19,2,359,0,0,7,4,11,299,39,26,6,370,0,0,0,370
07/10/2020,SAN,CA,AWP,WE,Towers with Radar,305,35,19,4,363,0,0,4,2,6,305,35,23,6,369,0,0,0,369
07/11/2020,SAN,CA,AWP,WE,Towers with Radar,271,25,16,0,312,0,1,2,0,3,271,26,18,0,315,0,0,0,315
07/12/2020,SAN,CA,AWP,WE,Towers with Radar,283,26,14,0,323,0,0,9,1,10,283,26,23,1,333,0,0,0,333
07/13/2020,SAN,CA,AWP,WE,Towers with Radar,301,33,16,2,352,0,0,3,1,4,301,33,19,3,356,0,0,0,356
07/14/2020,SAN,CA,AWP,WE,Towers with Radar,278,19,17,1,315,0,0,4,1,5,278,19,21,2,320,0,0,0,320
07/15/2020,SAN,CA,AWP,WE,Towers with Radar,283,33,23,0,339,0,1,6,5,12,283,34,29,5,351,0,0,0,351
07/16/2020,SAN,CA,AWP,WE,Towers with Radar,303,34,9,0,346,0,0,2,0,2,303,34,11,0,348,0,0,0,348
07/17/2020,SAN,CA,AWP,WE,Towers with Radar,303,36,17,2,358,0,1,3,6,10,303,37,20,8,368,0,0,0,368
07/18/2020,SAN,CA,AWP,WE,Towers with Radar,274,29,13,0,316,0,0,10,0,10,274,29,23,0,326,0,0,0,326
07/19/2020,SAN,CA,AWP,WE,Towers with Radar,285,27,16,1,329,0,1,1,0,2,285,28,17,1,331,0,0,0,331
07/20/2020,SAN,CA,AWP,WE,Towers with Radar,304,28,16,0,348,0,0,0,1,1,304,28,16,1,349,0,0,0,349
07/21/2020,SAN,CA,AWP,WE,Towers with Radar,279,30,12,2,323,0,0,2,2,4,279,30,14,4,327,0,0,0,327
07/22/2020,SAN,CA,AWP,WE,Towers with Radar,283,40,17,3,343,0,1,3,4,8,283,41,20,7,351,0,0,0,351
07/23/2020,SAN,CA,AWP,WE,Towers with Radar,308,28,11,3,350,0,0,3,4,7,308,28,14,7,357,0,0,0,357
07/24/2020,SAN,CA,AWP,WE,Towers with Radar,307,30,12,2,351,0,0,11,3,14,307,30,23,5,365,0,0,0,365
07/25/2020,SAN,CA,AWP,WE,Towers with Radar,273,23,21,0,317,0,1,8,2,11,273,24,29,2,328,0,0,0,328
07/26/2020,SAN,CA,AWP,WE,Towers with Radar,286,25,30,0,341,0,0,7,0,7,286,25,37,0,348,0,0,0,348
07/27/2020,SAN,CA,AWP,WE,Towers with Radar,304,27,20,2,353,0,0,2,2,4,304,27,22,4,357,0,0,0,357
07/28/2020,SAN,CA,AWP,WE,Towers with Radar,281,22,20,2,325,0,0,4,0,4,281,22,24,2,329,0,0,0,329
07/29/2020,SAN,CA,AWP,WE,Towers with Radar,286,21,23,1,331,0,0,5,3,8,286,21,28,4,339,0,0,0,339
07/30/2020,SAN,CA,AWP,WE,Towers with Radar,304,28,5,4,341,0,0,3,5,8,304,28,8,9,349,0,0,0,349
07/31/2020,SAN,CA,AWP,WE,Towers with Radar,302,34,23,2,361,0,0,2,3,5,302,34,25,5,366,0,0,0,366
08/01/2020,SAN,CA,AWP,WE,Towers with Radar,300,32,21,5,358,0,0,5,0,5,300,32,26,5,363,0,0,0,363
08/02/2020,SAN,CA,AWP,WE,Towers with Radar,308,25,20,0,353,0,0,2,1,3,308,25,22,1,356,0,0,0,356
08/03/2020,SAN,CA,AWP,WE,Towers with Radar,313,31,11,0,355,0,0,0,1,1,313,31,11,1,356,0,0,0,356
08/04/2020,SAN,CA,AWP,WE,Towers with Radar,294,22,16,2,334,0,0,1,1,2,294,22,17,3,336,0,0,0,336
08/05/2020,SAN,CA,AWP,WE,Towers with Radar,300,32,21,1,354,0,0,7,5,12,300,32,28,6,366,0,0,0,366
08/06/2020,SAN,CA,AWP,WE,Towers with Radar,323,36,22,2,383,0,1,11,8,20,323,37,33,10,403,0,0,0,403
08/07/2020,SAN,CA,AWP,WE,Towers with Radar,324,41,19,2,386,0,1,14,4,19,324,42,33,6,405,0,0,0,405
08/08/2020,SAN,CA,AWP,WE,Towers with Radar,295,33,20,0,348,0,2,2,1,5,295,35,22,1,353,0,0,0,353
08/09/2020,SAN,CA,AWP,WE,Towers with Radar,303,34,26,0,363,0,0,4,0,4,303,34,30,0,367,0,0,0,367
08/10/2020,SAN,CA,AWP,WE,Towers with Radar,310,38,18,0,366,0,0,4,1,5,310,38,22,1,371,0,0,0,371
08/11/2020,SAN,CA,AWP,WE,Towers with Radar,294,33,16,2,345,0,0,1,1,2,294,33,17,3,347,0,0,0,347
08/12/2020,SAN,CA,AWP,WE,Towers with Radar,298,44,17,0,359,0,0,4,0,4,298,44,21,0,363,0,0,0,363
08/13/2020,SAN,CA,AWP,WE,Towers with Radar,321,35,21,0,377,0,1,6,0,7,321,36,27,0,384,0,0,0,384
08/14/2020,SAN,CA,AWP,WE,Towers with Radar,333,42,20,0,395,0,0,5,1,6,333,42,25,1,401,0,0,0,401
08/15/2020,SAN,CA,AWP,WE,Towers with Radar,302,32,9,0,343,0,1,3,0,4,302,33,12,0,347,0,0,0,347
08/16/2020,SAN,CA,AWP,WE,Towers with Radar,315,36,23,0,374,0,0,8,2,10,315,36,31,2,384,0,0,0,384
08/17/2020,SAN,CA,AWP,WE,Towers with Radar,311,41,23,3,378,0,0,0,0,0,311,41,23,3,378,0,0,0,378
08/18/2020,SAN,CA,AWP,WE,Towers with Radar,288,30,15,0,333,0,0,2,4,6,288,30,17,4,339,0,0,0,339
08/19/2020,SAN,CA,AWP,WE,Towers with Radar,287,39,15,0,341,0,1,0,4,5,287,40,15,4,346,0,0,0,346
08/20/2020,SAN,CA,AWP,WE,Towers with Radar,315,37,25,0,377,0,1,0,6,7,315,38,25,6,384,0,0,0,384
08/21/2020,SAN,CA,AWP,WE,Towers with Radar,318,45,22,0,385,0,0,9,5,14,318,45,31,5,399,0,0,0,399
08/22/2020,SAN,CA,AWP,WE,Towers with Radar,293,41,17,0,351,0,0,2,1,3,293,41,19,1,354,0,0,0,354
08/23/2020,SAN,CA,AWP,WE,Towers with Radar,311,33,24,0,368,0,0,4,1,5,311,33,28,1,373,0,0,0,373
08/24/2020,SAN,CA,AWP,WE,Towers with Radar,301,30,17,1,349,0,0,8,3,11,301,30,25,4,360,0,0,0,360
08/25/2020,SAN,CA,AWP,WE,Towers with Radar,283,19,10,2,314,0,1,2,3,6,283,20,12,5,320,0,0,0,320
08/26/2020,SAN,CA,AWP,WE,Towers with Radar,277,34,15,0,326,0,0,1,1,2,277,34,16,1,328,0,0,0,328
08/27/2020,SAN,CA,AWP,WE,Towers with Radar,315,31,10,0,356,0,0,2,2,4,315,31,12,2,360,0,0,0,360
08/28/2020,SAN,CA,AWP,WE,Towers with Radar,311,39,31,1,382,0,0,11,3,14,311,39,42,4,396,0,0,0,396
08/29/2020,SAN,CA,AWP,WE,Towers with Radar,295,28,19,1,343,0,0,9,2,11,295,28,28,3,354,0,0,0,354
08/30/2020,SAN,CA,AWP,WE,Towers with Radar,307,22,22,0,351,0,0,6,1,7,307,22,28,1,358,0,0,0,358
08/31/2020,SAN,CA,AWP,WE,Towers with Radar,303,31,25,3,362,1,1,5,0,7,304,32,30,3,369,0,0,0,369
09/01/2020,SAN,CA,AWP,WE,Towers with Radar,278,32,8,0,318,0,1,5,0,6,278,33,13,0,324,0,0,0,324
09/02/2020,SAN,CA,AWP,WE,Towers with Radar,287,37,17,0,341,0,1,4,2,7,287,38,21,2,348,0,0,0,348
09/03/2020,SAN,CA,AWP,WE,Towers with Radar,304,34,23,3,364,0,1,5,1,7,304,35,28,4,371,0,0,0,371
09/04/2020,SAN,CA,AWP,WE,Towers with Radar,311,35,32,0,378,0,0,7,1,8,311,35,39,1,386,0,0,0,386
09/05/2020,SAN,CA,AWP,WE,Towers with Radar,270,25,9,0,304,0,0,7,0,7,270,25,16,0,311,0,0,0,311
09/06/2020,SAN,CA,AWP,WE,Towers with Radar,222,27,9,2,260,0,0,12,1,13,222,27,21,3,273,0,0,0,273
09/07/2020,SAN,CA,AWP,WE,Towers with Radar,268,45,33,1,347,0,0,0,0,0,268,45,33,1,347,0,0,0,347
09/08/2020,SAN,CA,AWP,WE,Towers with Radar,239,29,17,0,285,0,0,0,2,2,239,29,17,2,287,0,0,0,287
09/09/2020,SAN,CA,AWP,WE,Towers with Radar,243,31,25,3,302,0,0,12,2,14,243,31,37,5,316,0,0,0,316
09/10/2020,SAN,CA,AWP,WE,Towers with Radar,248,35,20,3,306,0,2,3,1,6,248,37,23,4,312,0,0,0,312
09/11/2020,SAN,CA,AWP,WE,Towers with Radar,240,40,21,2,303,0,0,3,0,3,240,40,24,2,306,0,0,0,306
09/12/2020,SAN,CA,AWP,WE,Towers with Radar,223,20,22,0,265,0,0,8,2,10,223,20,30,2,275,0,0,0,275
09/13/2020,SAN,CA,AWP,WE,Towers with Radar,234,45,22,2,303,0,0,1,0,1,234,45,23,2,304,0,0,0,304
09/14/2020,SAN,CA,AWP,WE,Towers with Radar,236,33,12,2,283,0,0,4,1,5,236,33,16,3,288,0,0,0,288
09/15/2020,SAN,CA,AWP,WE,Towers with Radar,217,27,11,0,255,0,1,4,4,9,217,28,15,4,264,0,0,0,264
09/16/2020,SAN,CA,AWP,WE,Towers with Radar,232,38,19,0,289,0,1,3,0,4,232,39,22,0,293,0,0,0,293
09/17/2020,SAN,CA,AWP,WE,Towers with Radar,248,33,16,1,298,0,1,10,4,15,248,34,26,5,313,0,0,0,313
09/18/2020,SAN,CA,AWP,WE,Towers with Radar,248,44,23,0,315,1,1,4,3,9,249,45,27,3,324,0,0,0,324
09/19/2020,SAN,CA,AWP,WE,Towers with Radar,218,33,9,0,260,0,1,14,0,15,218,34,23,0,275,0,0,0,275
09/20/2020,SAN,CA,AWP,WE,Towers with Radar,236,26,17,0,279,0,0,6,1,7,236,26,23,1,286,0,0,0,286
09/21/2020,SAN,CA,AWP,WE,Towers with Radar,239,32,20,0,291,0,1,2,1,4,239,33,22,1,295,0,0,0,295
09/22/2020,SAN,CA,AWP,WE,Towers with Radar,227,18,9,0,254,0,0,6,0,6,227,18,15,0,260,0,0,0,260
09/23/2020,SAN,CA,AWP,WE,Towers with Radar,235,28,17,1,281,0,0,14,6,20,235,28,31,7,301,0,0,0,301
09/24/2020,SAN,CA,AWP,WE,Towers with Radar,247,49,21,2,319,0,2,13,3,18,247,51,34,5,337,0,0,0,337
09/25/2020,SAN,CA,AWP,WE,Towers with Radar,243,46,10,0,299,0,1,6,1,8,243,47,16,1,307,0,0,0,307
09/26/2020,SAN,CA,AWP,WE,Towers with Radar,220,26,11,0,257,0,2,0,3,5,220,28,11,3,262,0,0,0,262
09/27/2020,SAN,CA,AWP,WE,Towers with Radar,236,39,26,1,302,0,0,5,0,5,236,39,31,1,307,0,0,0,307
09/28/2020,SAN,CA,AWP,WE,Towers with Radar,237,32,7,1,277,0,0,10,1,11,237,32,17,2,288,0,0,0,288
09/29/2020,SAN,CA,AWP,WE,Towers with Radar,227,34,11,1,273,0,0,2,3,5,227,34,13,4,278,0,0,0,278
09/30/2020,SAN,CA,AWP,WE,Towers with Radar,231,27,29,0,287,0,0,5,3,8,231,27,34,3,295,0,0,0,295
10/01/2020,SAN,CA,AWP,WE,Towers with Radar,258,43,13,1,315,0,1,8,2,11,258,44,21,3,326,0,0,0,326
10/02/2020,SAN,CA,AWP,WE,Towers with Radar,256,43,15,3,317,0,0,5,2,7,256,43,20,5,324,0,0,0,324
10/03/2020,SAN,CA,AWP,WE,Towers with Radar,234,20,12,0,266,0,4,5,2,11,234,24,17,2,277,0,0,0,277
10/04/2020,SAN,CA,AWP,WE,Towers with Radar,251,41,17,0,309,0,0,3,3,6,251,41,20,3,315,0,0,0,315
10/05/2020,SAN,CA,AWP,WE,Towers with Radar,255,34,25,0,314,0,0,5,2,7,255,34,30,2,321,0,0,0,321
10/06/2020,SAN,CA,AWP,WE,Towers with Radar,227,21,20,2,270,0,1,4,2,7,227,22,24,4,277,0,0,0,277
10/07/2020,SAN,CA,AWP,WE,Towers with Radar,241,22,20,0,283,0,0,6,2,8,241,22,26,2,291,0,0,0,291
10/08/2020,SAN,CA,AWP,WE,Towers with Radar,271,41,23,0,335,0,0,11,0,11,271,41,34,0,346,0,0,0,346
10/09/2020,SAN,CA,AWP,WE,Towers with Radar,271,28,31,3,333,0,0,6,1,7,271,28,37,4,340,0,0,0,340
10/10/2020,SAN,CA,AWP,WE,Towers with Radar,243,31,11,0,285,0,1,7,0,8,243,32,18,0,293,0,0,0,293
10/11/2020,SAN,CA,AWP,WE,Towers with Radar,263,18,19,0,300,0,0,7,1,8,263,18,26,1,308,0,0,0,308
10/12/2020,SAN,CA,AWP,WE,Towers with Radar,263,39,14,1,317,0,0,8,0,8,263,39,22,1,325,0,0,0,325
10/13/2020,SAN,CA,AWP,WE,Towers with Radar,238,27,12,3,280,0,0,4,3,7,238,27,16,6,287,0,0,0,287
10/14/2020,SAN,CA,AWP,WE,Towers with Radar,245,21,21,1,288,0,1,6,4,11,245,22,27,5,299,0,0,0,299
10/15/2020,SAN,CA,AWP,WE,Towers with Radar,266,26,30,0,322,0,0,5,3,8,266,26,35,3,330,0,0,0,330
10/16/2020,SAN,CA,AWP,WE,Towers with Radar,286,34,29,0,349,0,2,9,2,13,286,36,38,2,362,0,0,0,362
10/17/2020,SAN,CA,AWP,WE,Towers with Radar,252,23,17,1,293,0,0,13,0,13,252,23,30,1,306,0,0,0,306
10/18/2020,SAN,CA,AWP,WE,Towers with Radar,264,42,31,0,337,0,0,5,0,5,264,42,36,0,342,0,0,0,342
10/19/2020,SAN,CA,AWP,WE,Towers with Radar,266,29,24,0,319,0,0,3,4,7,266,29,27,4,326,0,0,0,326
10/20/2020,SAN,CA,AWP,WE,Towers with Radar,241,29,6,0,276,0,0,10,4,14,241,29,16,4,290,0,0,0,290
10/21/2020,SAN,CA,AWP,WE,Towers with Radar,249,33,14,5,301,0,2,4,7,13,249,35,18,12,314,0,0,0,314
10/22/2020,SAN,CA,AWP,WE,Towers with Radar,269,41,24,3,337,0,0,11,4,15,269,41,35,7,352,0,0,0,352
10/23/2020,SAN,CA,AWP,WE,Towers with Radar,272,38,31,1,342,0,0,6,1,7,272,38,37,2,349,0,0,0,349
10/24/2020,SAN,CA,AWP,WE,Towers with Radar,238,23,18,0,279,0,1,2,0,3,238,24,20,0,282,0,0,0,282
10/25/2020,SAN,CA,AWP,WE,Towers with Radar,258,15,29,0,302,0,0,3,0,3,258,15,32,0,305,0,0,0,305
10/26/2020,SAN,CA,AWP,WE,Towers with Radar,262,30,17,0,309,0,0,5,2,7,262,30,22,2,316,0,0,0,316
10/27/2020,SAN,CA,AWP,WE,Towers with Radar,238,30,21,1,290,0,1,6,2,9,238,31,27,3,299,0,0,0,299
10/28/2020,SAN,CA,AWP,WE,Towers with Radar,243,29,15,1,288,0,1,8,5,14,243,30,23,6,302,0,0,0,302
10/29/2020,SAN,CA,AWP,WE,Towers with Radar,270,30,19,0,319,0,1,10,3,14,270,31,29,3,333,0,0,0,333
10/30/2020,SAN,CA,AWP,WE,Towers with Radar,271,27,17,0,315,0,1,7,5,13,271,28,24,5,328,0,0,0,328
10/31/2020,SAN,CA,AWP,WE,Towers with Radar,208,14,9,1,232,0,2,7,0,9,208,16,16,1,241,0,0,0,241
11/01/2020,SAN,CA,AWP,WE,Towers with Radar,251,20,22,0,293,0,0,13,0,13,251,20,35,0,306,0,0,0,306
11/02/2020,SAN,CA,AWP,WE,Towers with Radar,271,33,10,1,315,0,0,9,2,11,271,33,19,3,326,0,0,0,326
11/03/2020,SAN,CA,AWP,WE,Towers with Radar,233,21,18,2,274,0,2,1,3,6,233,23,19,5,280,0,0,0,280
11/04/2020,SAN,CA,AWP,WE,Towers with Radar,239,35,25,2,301,0,1,6,5,12,239,36,31,7,313,0,0,0,313
11/05/2020,SAN,CA,AWP,WE,Towers with Radar,305,27,19,0,351,0,0,3,3,6,305,27,22,3,357,0,0,0,357
11/06/2020,SAN,CA,AWP,WE,Towers with Radar,300,38,15,1,354,0,0,4,1,5,300,38,19,2,359,0,0,0,359
11/07/2020,SAN,CA,AWP,WE,Towers with Radar,252,23,19,0,294,0,1,3,0,4,252,24,22,0,298,0,0,0,298
11/08/2020,SAN,CA,AWP,WE,Towers with Radar,298,37,7,1,343,0,0,2,1,3,298,37,9,2,346,0,0,0,346
11/09/2020,SAN,CA,AWP,WE,Towers with Radar,287,32,8,1,328,0,0,3,6,9,287,32,11,7,337,0,0,0,337
11/10/2020,SAN,CA,AWP,WE,Towers with Radar,233,25,14,0,272,0,0,4,4,8,233,25,18,4,280,0,0,0,280
11/11/2020,SAN,CA,AWP,WE,Towers with Radar,243,35,27,0,305,0,0,4,0,4,243,35,31,0,309,0,0,0,309
11/12/2020,SAN,CA,AWP,WE,Towers with Radar,290,26,12,2,330,0,1,5,4,10,290,27,17,6,340,0,0,0,340
11/13/2020,SAN,CA,AWP,WE,Towers with Radar,290,41,23,1,355,0,0,5,3,8,290,41,28,4,363,0,0,0,363
11/14/2020,SAN,CA,AWP,WE,Towers with Radar,258,31,16,0,305,0,1,9,1,11,258,32,25,1,316,0,0,0,316
11/15/2020,SAN,CA,AWP,WE,Towers with Radar,276,29,29,2,336,1,0,11,0,12,277,29,40,2,348,0,0,0,348
11/16/2020,SAN,CA,AWP,WE,Towers with Radar,274,42,13,0,329,0,0,2,5,7,274,42,15,5,336,0,0,0,336
11/17/2020,SAN,CA,AWP,WE,Towers with Radar,235,41,13,0,289,0,0,4,5,9,235,41,17,5,298,0,0,0,298
11/18/2020,SAN,CA,AWP,WE,Towers with Radar,253,12,10,0,275,0,2,7,2,11,253,14,17,2,286,0,0,0,286
11/19/2020,SAN,CA,AWP,WE,Towers with Radar,302,22,20,1,345,0,0,3,1,4,302,22,23,2,349,0,0,0,349
11/20/2020,SAN,CA,AWP,WE,Towers with Radar,327,51,19,0,397,1,0,9,3,13,328,51,28,3,410,0,0,0,410
11/21/2020,SAN,CA,AWP,WE,Towers with Radar,334,26,15,0,375,0,1,3,0,4,334,27,18,0,379,0,0,0,379
11/22/2020,SAN,CA,AWP,WE,Towers with Radar,314,28,17,0,359,0,2,0,0,2,314,30,17,0,361,0,0,0,361
11/23/2020,SAN,CA,AWP,WE,Towers with Radar,337,32,16,0,385,0,0,10,1,11,337,32,26,1,396,0,0,0,396
11/24/2020,SAN,CA,AWP,WE,Towers with Radar,346,23,17,1,387,0,2,5,8,15,346,25,22,9,402,0,0,0,402
11/25/2020,SAN,CA,AWP,WE,Towers with Radar,349,37,11,0,397,0,1,8,2,11,349,38,19,2,408,0,0,0,408
11/26/2020,SAN,CA,AWP,WE,Towers with Radar,184,6,8,0,198,0,0,9,0,9,184,6,17,0,207,0,0,0,207
11/27/2020,SAN,CA,AWP,WE,Towers with Radar,287,30,10,2,329,0,0,4,1,5,287,30,14,3,334,0,0,0,334
11/28/2020,SAN,CA,AWP,WE,Towers with Radar,343,24,10,1,378,0,1,8,0,9,343,25,18,1,387,0,0,0,387
11/29/2020,SAN,CA,AWP,WE,Towers with Radar,349,25,31,1,406,1,0,7,0,8,350,25,38,1,414,0,0,0,414
11/30/2020,SAN,CA,AWP,WE,Towers with Radar,348,23,16,2,389,0,1,8,4,13,348,24,24,6,402,0,0,0,402
12/01/2020,SAN,CA,AWP,WE,Towers with Radar,299,29,5,0,333,0,0,8,5,13,299,29,13,5,346,0,0,0,346
12/02/2020,SAN,CA,AWP,WE,Towers with Radar,246,30,16,0,292,0,5,9,3,17,246,35,25,3,309,0,0,0,309
12/03/2020,SAN,CA,AWP,WE,Towers with Radar,268,22,17,1,308,0,1,5,5,11,268,23,22,6,319,0,0,0,319
12/04/2020,SAN,CA,AWP,WE,Towers with Radar,275,30,22,0,327,0,0,8,0,8,275,30,30,0,335,0,0,0,335
12/05/2020,SAN,CA,AWP,WE,Towers with Radar,243,16,10,0,269,0,1,3,1,5,243,17,13,1,274,0,0,0,274
12/06/2020,SAN,CA,AWP,WE,Towers with Radar,263,16,11,0,290,0,0,3,0,3,263,16,14,0,293,0,0,0,293
12/07/2020,SAN,CA,AWP,WE,Towers with Radar,258,19,8,2,287,0,3,6,1,10,258,22,14,3,297,0,0,0,297
12/08/2020,SAN,CA,AWP,WE,Towers with Radar,237,13,9,0,259,0,5,4,6,15,237,18,13,6,274,0,0,0,274
12/09/2020,SAN,CA,AWP,WE,Towers with Radar,238,22,14,0,274,0,0,2,2,4,238,22,16,2,278,0,0,0,278
12/10/2020,SAN,CA,AWP,WE,Towers with Radar,267,16,13,2,298,0,1,7,5,13,267,17,20,7,311,0,0,0,311
12/11/2020,SAN,CA,AWP,WE,Towers with Radar,272,22,15,2,311,0,0,5,1,6,272,22,20,3,317,0,0,0,317
12/12/2020,SAN,CA,AWP,WE,Towers with Radar,242,16,1,0,259,0,2,2,2,6,242,18,3,2,265,0,0,0,265
12/13/2020,SAN,CA,AWP,WE,Towers with Radar,262,12,11,0,285,0,0,1,0,1,262,12,12,0,286,0,0,0,286
12/14/2020,SAN,CA,AWP,WE,Towers with Radar,257,30,13,0,300,0,1,5,3,9,257,31,18,3,309,0,0,0,309
12/15/2020,SAN,CA,AWP,WE,Towers with Radar,235,28,11,0,274,0,1,11,5,17,235,29,22,5,291,0,0,0,291
12/16/2020,SAN,CA,AWP,WE,Towers with Radar,248,34,16,0,298,0,0,16,6,22,248,34,32,6,320,0,0,0,320
12/17/2020,SAN,CA,AWP,WE,Towers with Radar,319,25,13,0,357,0,0,2,2,4,319,25,15,2,361,0,0,0,361
12/18/2020,SAN,CA,AWP,WE,Towers with Radar,326,30,20,0,376,0,2,3,3,8,326,32,23,3,384,0,0,0,384
12/19/2020,SAN,CA,AWP,WE,Towers with Radar,329,26,13,0,368,0,1,8,0,9,329,27,21,0,377,0,0,0,377
12/20/2020,SAN,CA,AWP,WE,Towers with Radar,315,21,19,0,355,0,0,1,1,2,315,21,20,1,357,0,0,0,357
12/21/2020,SAN,CA,AWP,WE,Towers with Radar,328,38,14,0,380,1,1,7,3,12,329,39,21,3,392,0,0,0,392
12/22/2020,SAN,CA,AWP,WE,Towers with Radar,334,29,16,2,381,0,1,4,1,6,334,30,20,3,387,0,0,0,387
12/23/2020,SAN,CA,AWP,WE,Towers with Radar,347,32,29,0,408,0,0,2,2,4,347,32,31,2,412,0,0,0,412
12/24/2020,SAN,CA,AWP,WE,Towers with Radar,236,19,8,2,265,0,0,1,0,1,236,19,9,2,266,0,0,0,266
12/25/2020,SAN,CA,AWP,WE,Towers with Radar,201,15,11,0,227,0,0,3,0,3,201,15,14,0,230,0,0,0,230
12/26/2020,SAN,CA,AWP,WE,Towers with Radar,318,36,15,0,369,0,0,2,1,3,318,36,17,1,372,0,0,0,372
12/27/2020,SAN,CA,AWP,WE,Towers with Radar,327,32,19,1,379,0,0,0,1,1,327,32,19,2,380,0,0,0,380
12/28/2020,SAN,CA,AWP,WE,Towers with Radar,325,40,11,0,376,0,0,6,3,9,325,40,17,3,385,0,0,0,385
12/29/2020,SAN,CA,AWP,WE,Towers with Radar,322,32,9,0,363,0,0,5,5,10,322,32,14,5,373,0,0,0,373
12/30/2020,SAN,CA,AWP,WE,Towers with Radar,322,53,6,1,382,0,0,1,2,3,322,53,7,3,385,0,0,0,385
12/31/2020,SAN,CA,AWP,WE,Towers with Radar,234,24,7,0,265,0,0,3,0,3,234,24,10,0,268,0,0,0,268
01/01/2021,SAN,CA,AWP,WE,Towers with Radar,233,23,6,0,262,0,0,5,0,5,233,23,11,0,267,0,0,0,267
01/02/2021,SAN,CA,AWP,WE,Towers with Radar,326,25,11,0,362,0,1,2,0,3,326,26,13,0,365,0,0,0,365
01/03/2021,SAN,CA,AWP,WE,Towers with Radar,324,31,26,0,381,0,1,8,1,10,324,32,34,1,391,0,0,0,391
01/04/2021,SAN,CA,AWP,WE,Towers with Radar,314,32,17,0,363,0,1,5,3,9,314,33,22,3,372,0,0,0,372
01/05/2021,SAN,CA,AWP,WE,Towers with Radar,260,30,12,0,302,0,0,4,1,5,260,30,16,1,307,0,0,0,307
01/06/2021,SAN,CA,AWP,WE,Towers with Radar,243,33,7,1,284,0,0,4,1,5,243,33,11,2,289,0,0,0,289
01/07/2021,SAN,CA,AWP,WE,Towers with Radar,259,44,14,0,317,0,2,13,0,15,259,46,27,0,332,0,0,0,332
01/08/2021,SAN,CA,AWP,WE,Towers with Radar,246,21,18,3,288,0,1,3,2,6,246,22,21,5,294,0,0,0,294
01/09/2021,SAN,CA,AWP,WE,Towers with Radar,225,19,15,0,259,0,1,2,0,3,225,20,17,0,262,0,0,0,262
01/10/2021,SAN,CA,AWP,WE,Towers with Radar,241,15,16,0,272,0,0,7,1,8,241,15,23,1,280,0,0,0,280
01/11/2021,SAN,CA,AWP,WE,Towers with Radar,243,25,11,0,279,0,0,4,0,4,243,25,15,0,283,0,0,0,283
01/12/2021,SAN,CA,AWP,WE,Towers with Radar,228,25,9,3,265,0,0,2,5,7,228,25,11,8,272,0,0,0,272
01/13/2021,SAN,CA,AWP,WE,Towers with Radar,225,29,17,4,275,0,0,5,4,9,225,29,22,8,284,0,0,0,284
01/14/2021,SAN,CA,AWP,WE,Towers with Radar,257,38,13,1,309,0,2,13,7,22,257,40,26,8,331,0,0,0,331
01/15/2021,SAN,CA,AWP,WE,Towers with Radar,252,29,10,0,291,0,0,8,6,14,252,29,18,6,305,0,0,0,305
01/16/2021,SAN,CA,AWP,WE,Towers with Radar,222,19,9,0,250,0,1,14,1,16,222,20,23,1,266,0,0,0,266
01/17/2021,SAN,CA,AWP,WE,Towers with Radar,231,15,12,0,258,0,0,12,0,12,231,15,24,0,270,0,0,0,270
01/18/2021,SAN,CA,AWP,WE,Towers with Radar,248,34,15,0,297,0,1,7,0,8,248,35,22,0,305,0,0,0,305
01/19/2021,SAN,CA,AWP,WE,Towers with Radar,229,27,4,0,260,0,0,1,5,6,229,27,5,5,266,0,0,0,266
01/20/2021,SAN,CA,AWP,WE,Towers with Radar,225,31,9,0,265,0,3,4,3,10,225,34,13,3,275,0,0,0,275
01/21/2021,SAN,CA,AWP,WE,Towers with Radar,260,34,14,2,310,0,2,8,7,17,260,36,22,9,327,0,0,0,327
01/22/2021,SAN,CA,AWP,WE,Towers with Radar,246,36,21,0,303,0,1,0,3,4,246,37,21,3,307,0,0,0,307
01/23/2021,SAN,CA,AWP,WE,Towers with Radar,222,23,13,0,258,0,1,2,0,3,222,24,15,0,261,0,0,0,261
01/24/2021,SAN,CA,AWP,WE,Towers with Radar,243,36,12,0,291,0,1,3,0,4,243,37,15,0,295,0,0,0,295
01/25/2021,SAN,CA,AWP,WE,Towers with Radar,241,30,7,0,278,0,0,2,2,4,241,30,9,2,282,0,0,0,282
01/26/2021,SAN,CA,AWP,WE,Towers with Radar,220,27,24,2,273,0,1,6,9,16,220,28,30,11,289,0,0,0,289
01/27/2021,SAN,CA,AWP,WE,Towers with Radar,225,27,15,3,270,1,6,6,3,16,226,33,21,6,286,0,0,0,286
01/28/2021,SAN,CA,AWP,WE,Towers with Radar,259,45,18,1,323,0,0,6,5,11,259,45,24,6,334,0,0,0,334
01/29/2021,SAN,CA,AWP,WE,Towers with Radar,250,21,23,1,295,0,0,2,3,5,250,21,25,4,300,0,0,0,300
01/30/2021,SAN,CA,AWP,WE,Towers with Radar,223,23,7,0,253,0,2,5,1,8,223,25,12,1,261,0,0,0,261
01/31/2021,SAN,CA,AWP,WE,Towers with Radar,236,22,21,0,279,0,0,3,1,4,236,22,24,1,283,0,0,0,283
02/01/2021,SAN,CA,AWP,WE,Towers with Radar,237,29,18,0,284,0,0,1,6,7,237,29,19,6,291,0,0,0,291
02/02/2021,SAN,CA,AWP,WE,Towers with Radar,222,32,10,0,264,0,1,6,3,10,222,33,16,3,274,0,0,0,274
02/03/2021,SAN,CA,AWP,WE,Towers with Radar,227,31,7,0,265,0,1,4,1,6,227,32,11,1,271,0,0,0,271
02/04/2021,SAN,CA,AWP,WE,Towers with Radar,256,39,12,1,308,0,4,10,6,20,256,43,22,7,328,0,0,0,328
02/05/2021,SAN,CA,AWP,WE,Towers with Radar,248,28,23,1,300,0,2,8,6,16,248,30,31,7,316,0,0,0,316
02/06/2021,SAN,CA,AWP,WE,Towers with Radar,224,13,7,0,244,0,1,6,0,7,224,14,13,0,251,0,0,0,251
02/07/2021,SAN,CA,AWP,WE,Towers with Radar,237,29,15,0,281,0,0,3,0,3,237,29,18,0,284,0,0,0,284
02/08/2021,SAN,CA,AWP,WE,Towers with Radar,247,30,18,0,295,0,0,1,2,3,247,30,19,2,298,0,0,0,298
02/09/2021,SAN,CA,AWP,WE,Towers with Radar,220,31,12,1,264,0,1,4,1,6,220,32,16,2,270,0,0,0,270
02/10/2021,SAN,CA,AWP,WE,Towers with Radar,234,25,17,2,278,0,1,4,1,6,234,26,21,3,284,0,0,0,284
02/11/2021,SAN,CA,AWP,WE,Towers with Radar,272,25,22,2,321,1,1,9,2,13,273,26,31,4,334,0,0,0,334
02/12/2021,SAN,CA,AWP,WE,Towers with Radar,270,34,36,1,341,0,0,4,0,4,270,34,40,1,345,0,0,0,345
02/13/2021,SAN,CA,AWP,WE,Towers with Radar,203,31,14,0,248,0,0,3,1,4,203,31,17,1,252,0,0,0,252
02/14/2021,SAN,CA,AWP,WE,Towers with Radar,216,22,15,0,253,0,1,6,0,7,216,23,21,0,260,0,0,0,260
02/15/2021,SAN,CA,AWP,WE,Towers with Radar,231,36,30,0,297,0,0,3,0,3,231,36,33,0,300,0,0,0,300
02/16/2021,SAN,CA,AWP,WE,Towers with Radar,199,31,15,0,245,0,0,5,7,12,199,31,20,7,257,0,0,0,257
02/17/2021,SAN,CA,AWP,WE,Towers with Radar,204,33,12,3,252,0,0,5,4,9,204,33,17,7,261,0,0,0,261
02/18/2021,SAN,CA,AWP,WE,Towers with Radar,253,47,10,3,313,0,1,4,4,9,253,48,14,7,322,0,0,0,322
02/19/2021,SAN,CA,AWP,WE,Towers with Radar,256,25,15,0,296,0,2,11,0,13,256,27,26,0,309,0,0,0,309
02/20/2021,SAN,CA,AWP,WE,Towers with Radar,223,14,10,0,247,0,1,5,0,6,223,15,15,0,253,0,0,0,253
02/21/2021,SAN,CA,AWP,WE,Towers with Radar,272,29,15,2,318,0,1,13,0,14,272,30,28,2,332,0,0,0,332
02/22/2021,SAN,CA,AWP,WE,Towers with Radar,260,27,13,1,301,0,0,0,2,2,260,27,13,3,303,0,0,0,303
02/23/2021,SAN,CA,AWP,WE,Towers with Radar,230,27,5,0,262,0,0,18,6,24,230,27,23,6,286,0,0,0,286
02/24/2021,SAN,CA,AWP,WE,Towers with Radar,227,30,12,0,269,0,1,11,4,16,227,31,23,4,285,0,0,0,285
02/25/2021,SAN,CA,AWP,WE,Towers with Radar,275,34,18,0,327,0,2,6,3,11,275,36,24,3,338,0,0,0,338
02/26/2021,SAN,CA,AWP,WE,Towers with Radar,272,27,13,2,314,0,0,9,4,13,272,27,22,6,327,0,0,0,327
02/27/2021,SAN,CA,AWP,WE,Towers with Radar,229,27,9,0,265,0,1,5,1,7,229,28,14,1,272,0,0,0,272
02/28/2021,SAN,CA,AWP,WE,Towers with Radar,265,27,12,0,304,0,0,5,0,5,265,27,17,0,309,0,0,0,309
03/01/2021,SAN,CA,AWP,WE,Towers with Radar,257,40,14,0,311,0,0,7,3,10,257,40,21,3,321,0,0,0,321
03/02/2021,SAN,CA,AWP,WE,Towers with Radar,231,25,19,0,275,0,2,8,9,19,231,27,27,9,294,0,0,0,294
03/03/2021,SAN,CA,AWP,WE,Towers with Radar,228,32,32,0,292,0,0,3,1,4,228,32,35,1,296,0,0,0,296
03/04/2021,SAN,CA,AWP,WE,Towers with Radar,285,32,19,0,336,0,1,10,4,15,285,33,29,4,351,0,0,0,351
03/05/2021,SAN,CA,AWP,WE,Towers with Radar,289,34,21,0,344,0,0,5,4,9,289,34,26,4,353,0,0,0,353
03/06/2021,SAN,CA,AWP,WE,Towers with Radar,253,26,7,1,287,0,1,5,1,7,253,27,12,2,294,0,0,0,294
03/07/2021,SAN,CA,AWP,WE,Towers with Radar,298,36,15,0,349,0,0,5,1,6,298,36,20,1,355,0,0,0,355
03/08/2021,SAN,CA,AWP,WE,Towers with Radar,296,32,16,0,344,0,1,4,4,9,296,33,20,4,353,0,0,0,353
03/09/2021,SAN,CA,AWP,WE,Towers with Radar,245,23,14,3,285,0,0,5,5,10,245,23,19,8,295,0,0,0,295
03/10/2021,SAN,CA,AWP,WE,Towers with Radar,249,30,24,0,303,0,0,14,3,17,249,30,38,3,320,0,0,0,320
03/11/2021,SAN,CA,AWP,WE,Towers with Radar,329,48,17,3,397,0,1,7,3,11,329,49,24,6,408,0,0,0,408
03/12/2021,SAN,CA,AWP,WE,Towers with Radar,329,33,17,0,379,0,1,8,2,11,329,34,25,2,390,0,0,0,390
03/13/2021,SAN,CA,AWP,WE,Towers with Radar,288,30,10,0,328,0,1,2,2,5,288,31,12,2,333,0,0,0,333
03/14/2021,SAN,CA,AWP,WE,Towers with Radar,309,26,28,1,364,0,0,7,1,8,309,26,35,2,372,0,0,0,372
03/15/2021,SAN,CA,AWP,WE,Towers with Radar,309,21,21,0,351,0,0,3,4,7,309,21,24,4,358,0,0,0,358
03/16/2021,SAN,CA,AWP,WE,Towers with Radar,291,24,16,0,331,0,1,9,4,14,291,25,25,4,345,0,0,0,345
03/17/2021,SAN,CA,AWP,WE,Towers with Radar,285,30,17,0,332,0,2,8,3,13,285,32,25,3,345,0,0,0,345
03/18/2021,SAN,CA,AWP,WE,Towers with Radar,343,40,20,0,403,1,2,7,5,15,344,42,27,5,418,0,0,0,418
03/19/2021,SAN,CA,AWP,WE,Towers with Radar,346,44,22,2,414,0,1,8,2,11,346,45,30,4,425,0,0,0,425
03/20/2021,SAN,CA,AWP,WE,Towers with Radar,314,29,16,1,360,0,0,4,2,6,314,29,20,3,366,0,0,0,366
03/21/2021,SAN,CA,AWP,WE,Towers with Radar,337,24,26,1,388,0,0,6,0,6,337,24,32,1,394,0,0,0,394
03/22/2021,SAN,CA,AWP,WE,Towers with Radar,329,26,6,0,361,0,1,4,4,9,329,27,10,4,370,0,0,0,370
03/23/2021,SAN,CA,AWP,WE,Towers with Radar,315,24,14,0,353,0,1,6,2,9,315,25,20,2,362,0,0,0,362
03/24/2021,SAN,CA,AWP,WE,Towers with Radar,319,34,20,0,373,0,4,10,4,18,319,38,30,4,391,0,0,0,391
03/25/2021,SAN,CA,AWP,WE,Towers with Radar,354,51,25,5,435,0,1,2,4,7,354,52,27,9,442,0,0,0,442
03/26/2021,SAN,CA,AWP,WE,Towers with Radar,346,42,32,0,420,0,2,7,1,10,346,44,39,1,430,0,0,0,430
03/27/2021,SAN,CA,AWP,WE,Towers with Radar,320,35,12,1,368,0,1,6,0,7,320,36,18,1,375,0,0,0,375
03/28/2021,SAN,CA,AWP,WE,Towers with Radar,339,20,21,1,381,0,0,8,3,11,339,20,29,4,392,0,0,0,392
03/29/2021,SAN,CA,AWP,WE,Towers with Radar,343,37,19,1,400,0,0,4,3,7,343,37,23,4,407,0,0,0,407
03/30/2021,SAN,CA,AWP,WE,Towers with Radar,332,30,19,2,383,0,0,7,3,10,332,30,26,5,393,0,0,0,393
03/31/2021,SAN,CA,AWP,WE,Towers with Radar,331,43,23,0,397,0,0,4,7,11,331,43,27,7,408,0,0,0,408
04/01/2021,SAN,CA,AWP,WE,Towers with Radar,359,37,27,0,423,0,1,7,8,16,359,38,34,8,439,0,0,0,439
04/02/2021,SAN,CA,AWP,WE,Towers with Radar,357,37,27,0,421,0,2,5,1,8,357,39,32,1,429,0,0,0,429
04/03/2021,SAN,CA,AWP,WE,Towers with Radar,315,35,22,0,372,0,0,5,1,6,315,35,27,1,378,0,0,0,378
04/04/2021,SAN,CA,AWP,WE,Towers with Radar,349,29,22,0,400,0,0,1,0,1,349,29,23,0,401,0,0,0,401
04/05/2021,SAN,CA,AWP,WE,Towers with Radar,358,35,39,1,433,0,1,3,4,8,358,36,42,5,441,0,0,0,441
04/06/2021,SAN,CA,AWP,WE,Towers with Radar,332,22,21,1,376,0,1,4,2,7,332,23,25,3,383,0,0,0,383
04/07/2021,SAN,CA,AWP,WE,Towers with Radar,336,42,16,3,397,0,0,3,2,5,336,42,19,5,402,0,0,0,402
04/08/2021,SAN,CA,AWP,WE,Towers with Radar,363,48,15,3,429,0,2,8,0,10,363,50,23,3,439,0,0,0,439
04/09/2021,SAN,CA,AWP,WE,Towers with Radar,362,36,32,2,432,0,1,5,1,7,362,37,37,3,439,0,0,0,439
04/10/2021,SAN,CA,AWP,WE,Towers with Radar,321,28,13,1,363,0,1,7,0,8,321,29,20,1,371,0,0,0,371
04/11/2021,SAN,CA,AWP,WE,Towers with Radar,334,43,29,0,406,0,0,5,0,5,334,43,34,0,411,0,0,0,411
04/12/2021,SAN,CA,AWP,WE,Towers with Radar,336,46,25,5,412,0,1,23,2,26,336,47,48,7,438,0,0,0,438
04/13/2021,SAN,CA,AWP,WE,Towers with Radar,289,34,23,0,346,0,0,20,5,25,289,34,43,5,371,0,0,0,371
04/14/2021,SAN,CA,AWP,WE,Towers with Radar,287,38,25,1,351,0,0,10,3,13,287,38,35,4,364,0,0,0,364
04/15/2021,SAN,CA,AWP,WE,Towers with Radar,347,40,20,0,407,0,1,9,4,14,347,41,29,4,421,0,0,0,421
04/16/2021,SAN,CA,AWP,WE,Towers with Radar,341,48,18,0,407,0,0,5,1,6,341,48,23,1,413,0,0,0,413
04/17/2021,SAN,CA,AWP,WE,Towers with Radar,300,27,19,0,346,1,3,6,1,11,301,30,25,1,357,0,0,0,357
04/18/2021,SAN,CA,AWP,WE,Towers with Radar,333,44,14,0,391,0,0,1,0,1,333,44,15,0,392,0,0,0,392
04/19/2021,SAN,CA,AWP,WE,Towers with Radar,331,40,12,1,384,0,0,12,3,15,331,40,24,4,399,0,0,0,399
04/20/2021,SAN,CA,AWP,WE,Towers with Radar,298,28,20,0,346,0,1,3,3,7,298,29,23,3,353,0,0,0,353
04/21/2021,SAN,CA,AWP,WE,Towers with Radar,292,37,23,2,354,0,0,9,7,16,292,37,32,9,370,0,0,0,370
04/22/2021,SAN,CA,AWP,WE,Towers with Radar,344,39,19,2,404,0,1,3,8,12,344,40,22,10,416,0,0,0,416
04/23/2021,SAN,CA,AWP,WE,Towers with Radar,342,46,30,2,420,0,0,7,2,9,342,46,37,4,429,0,0,0,429
04/24/2021,SAN,CA,AWP,WE,Towers with Radar,297,30,22,1,350,0,2,9,0,11,297,32,31,1,361,0,0,0,361
04/25/2021,SAN,CA,AWP,WE,Towers with Radar,327,46,34,1,408,0,0,9,1,10,327,46,43,2,418,0,0,0,418
04/26/2021,SAN,CA,AWP,WE,Towers with Radar,342,26,15,1,384,0,0,4,5,9,342,26,19,6,393,0,0,0,393
04/27/2021,SAN,CA,AWP,WE,Towers with Radar,295,34,11,0,340,0,5,4,6,15,295,39,15,6,355,0,0,0,355
04/28/2021,SAN,CA,AWP,WE,Towers with Radar,289,36,20,0,345,0,0,2,7,9,289,36,22,7,354,0,0,0,354
04/29/2021,SAN,CA,AWP,WE,Towers with Radar,349,44,32,0,425,0,2,4,4,10,349,46,36,4,435,0,0,0,435
04/30/2021,SAN,CA,AWP,WE,Towers with Radar,340,39,26,2,407,0,0,16,0,16,340,39,42,2,423,0,0,0,423
05/01/2021,SAN,CA,AWP,WE,Towers with Radar,295,34,29,0,358,0,0,1,0,1,295,34,30,0,359,0,0,0,359
05/02/2021,SAN,CA,AWP,WE,Towers with Radar,332,37,35,0,404,0,0,11,0,11,332,37,46,0,415,0,0,0,415
05/03/2021,SAN,CA,AWP,WE,Towers with Radar,324,28,13,0,365,1,0,2,4,7,325,28,15,4,372,0,0,0,372
05/04/2021,SAN,CA,AWP,WE,Towers with Radar,284,25,6,0,315,0,0,4,3,7,284,25,10,3,322,0,0,0,322
05/05/2021,SAN,CA,AWP,WE,Towers with Radar,299,23,28,0,350,0,0,3,0,3,299,23,31,0,353,0,0,0,353
05/06/2021,SAN,CA,AWP,WE,Towers with Radar,353,38,24,2,417,0,1,1,4,6,353,39,25,6,423,0,0,0,423
05/07/2021,SAN,CA,AWP,WE,Towers with Radar,354,36,22,1,413,0,0,6,0,6,354,36,28,1,419,0,0,0,419
05/08/2021,SAN,CA,AWP,WE,Towers with Radar,309,29,19,0,357,0,1,2,2,5,309,30,21,2,362,0,0,0,362
05/09/2021,SAN,CA,AWP,WE,Towers with Radar,374,29,16,0,419,0,0,3,0,3,374,29,19,0,422,0,0,0,422
05/10/2021,SAN,CA,AWP,WE,Towers with Radar,384,37,19,2,442,0,1,3,4,8,384,38,22,6,450,0,0,0,450
05/11/2021,SAN,CA,AWP,WE,Towers with Radar,319,25,16,1,361,0,0,5,11,16,319,25,21,12,377,0,0,0,377
05/12/2021,SAN,CA,AWP,WE,Towers with Radar,331,28,33,2,394,0,0,9,4,13,331,28,42,6,407,0,0,0,407
05/13/2021,SAN,CA,AWP,WE,Towers with Radar,403,29,20,1,453,0,0,3,9,12,403,29,23,10,465,0,0,0,465
05/14/2021,SAN,CA,AWP,WE,Towers with Radar,391,26,30,1,448,0,0,6,0,6,391,26,36,1,454,0,0,0,454
05/15/2021,SAN,CA,AWP,WE,Towers with Radar,308,18,11,0,337,1,1,5,0,7,309,19,16,0,344,0,0,0,344
05/16/2021,SAN,CA,AWP,WE,Towers with Radar,384,44,35,2,465,0,0,4,0,4,384,44,39,2,469,0,0,0,469
05/17/2021,SAN,CA,AWP,WE,Towers with Radar,382,36,30,0,448,1,0,5,7,13,383,36,35,7,461,0,0,0,461
05/18/2021,SAN,CA,AWP,WE,Towers with Radar,329,36,30,0,395,0,0,6,5,11,329,36,36,5,406,0,0,0,406
05/19/2021,SAN,CA,AWP,WE,Towers with Radar,337,34,25,0,396,0,1,9,6,16,337,35,34,6,412,0,0,0,412
05/20/2021,SAN,CA,AWP,WE,Towers with Radar,418,32,23,0,473,0,1,4,4,9,418,33,27,4,482,0,0,0,482
05/21/2021,SAN,CA,AWP,WE,Towers with Radar,422,47,34,0,503,0,0,4,1,5,422,47,38,1,508,0,0,0,508
05/22/2021,SAN,CA,AWP,WE,Towers with Radar,336,37,20,0,393,0,0,6,1,7,336,37,26,1,400,0,0,0,400
05/23/2021,SAN,CA,AWP,WE,Towers with Radar,403,30,30,0,463,0,1,12,0,13,403,31,42,0,476,0,0,0,476
05/24/2021,SAN,CA,AWP,WE,Towers with Radar,400,29,27,3,459,0,0,15,2,17,400,29,42,5,476,0,0,0,476
05/25/2021,SAN,CA,AWP,WE,Towers with Radar,348,31,21,0,400,0,0,6,4,10,348,31,27,4,410,0,0,0,410
05/26/2021,SAN,CA,AWP,WE,Towers with Radar,353,39,24,1,417,0,1,1,6,8,353,40,25,7,425,0,0,0,425
05/27/2021,SAN,CA,AWP,WE,Towers with Radar,422,51,19,0,492,0,1,5,4,10,422,52,24,4,502,0,0,0,502
05/28/2021,SAN,CA,AWP,WE,Towers with Radar,425,46,33,0,504,0,0,6,0,6,425,46,39,0,510,0,0,0,510
05/29/2021,SAN,CA,AWP,WE,Towers with Radar,331,26,17,1,375,0,0,0,0,0,331,26,17,1,375,0,0,0,375
05/30/2021,SAN,CA,AWP,WE,Towers with Radar,387,26,17,0,430,0,0,1,0,1,387,26,18,0,431,0,0,0,431
05/31/2021,SAN,CA,AWP,WE,Towers with Radar,415,49,28,0,492,0,0,7,0,7,415,49,35,0,499,0,0,0,499
06/01/2021,SAN,CA,AWP,WE,Towers with Radar,376,33,41,0,450,0,0,4,2,6,376,33,45,2,456,0,0,0,456
06/02/2021,SAN,CA,AWP,WE,Towers with Radar,389,34,22,2,447,0,0,2,1,3,389,34,24,3,450,0,0,0,450
06/03/2021,SAN,CA,AWP,WE,Towers with Radar,440,37,29,0,506,0,0,5,6,11,440,37,34,6,517,0,0,0,517
06/04/2021,SAN,CA,AWP,WE,Towers with Radar,441,39,17,2,499,0,0,5,3,8,441,39,22,5,507,0,0,0,507
06/05/2021,SAN,CA,AWP,WE,Towers with Radar,353,23,20,0,396,0,1,1,0,2,353,24,21,0,398,0,0,0,398
06/06/2021,SAN,CA,AWP,WE,Towers with Radar,417,34,32,0,483,0,0,4,1,5,417,34,36,1,488,0,0,0,488
06/07/2021,SAN,CA,AWP,WE,Towers with Radar,452,56,36,1,545,0,0,4,4,8,452,56,40,5,553,0,0,0,553
06/08/2021,SAN,CA,AWP,WE,Towers with Radar,405,44,22,2,473,0,1,13,1,15,405,45,35,3,488,0,0,0,488
06/09/2021,SAN,CA,AWP,WE,Towers with Radar,413,43,24,1,481,0,1,10,2,13,413,44,34,3,494,0,0,0,494
06/10/2021,SAN,CA,AWP,WE,Towers with Radar,458,49,34,1,542,0,1,11,2,14,458,50,45,3,556,0,0,0,556
06/11/2021,SAN,CA,AWP,WE,Towers with Radar,464,42,42,0,548,0,3,13,3,19,464,45,55,3,567,0,0,0,567
06/12/2021,SAN,CA,AWP,WE,Towers with Radar,373,30,19,0,422,0,1,14,0,15,373,31,33,0,437,0,0,0,437
06/13/2021,SAN,CA,AWP,WE,Towers with Radar,410,48,31,1,490,0,2,4,2,8,410,50,35,3,498,0,0,0,498
06/14/2021,SAN,CA,AWP,WE,Towers with Radar,446,33,26,1,506,0,1,3,1,5,446,34,29,2,511,0,0,0,511
06/15/2021,SAN,CA,AWP,WE,Towers with Radar,398,34,22,0,454,0,0,2,3,5,398,34,24,3,459,0,0,0,459
06/16/2021,SAN,CA,AWP,WE,Towers with Radar,409,42,29,0,480,0,0,1,0,1,409,42,30,0,481,0,0,0,481
06/17/2021,SAN,CA,AWP,WE,Towers with Radar,461,47,32,3,543,0,0,1,1,2,461,47,33,4,545,0,0,0,545
06/18/2021,SAN,CA,AWP,WE,Towers with Radar,476,64,39,1,580,2,1,1,0,4,478,65,40,1,584,0,0,0,584
06/19/2021,SAN,CA,AWP,WE,Towers with Radar,378,42,23,0,443,0,1,1,1,3,378,43,24,1,446,0,0,0,446
06/20/2021,SAN,CA,AWP,WE,Towers with Radar,417,57,46,2,522,0,0,3,1,4,417,57,49,3,526,0,0,0,526
06/21/2021,SAN,CA,AWP,WE,Towers with Radar,457,51,33,3,544,0,0,6,0,6,457,51,39,3,550,0,0,0,550
06/22/2021,SAN,CA,AWP,WE,Towers with Radar,412,42,32,1,487,0,0,2,4,6,412,42,34,5,493,0,0,0,493
06/23/2021,SAN,CA,AWP,WE,Towers with Radar,428,39,21,0,488,0,1,2,2,5,428,40,23,2,493,0,0,0,493
06/24/2021,SAN,CA,AWP,WE,Towers with Radar,463,45,50,0,558,0,0,4,5,9,463,45,54,5,567,0,0,0,567
06/25/2021,SAN,CA,AWP,WE,Towers with Radar,463,47,38,0,548,0,0,5,7,12,463,47,43,7,560,0,0,0,560
06/26/2021,SAN,CA,AWP,WE,Towers with Radar,373,31,21,1,426,0,2,1,1,4,373,33,22,2,430,0,0,0,430
06/27/2021,SAN,CA,AWP,WE,Towers with Radar,418,61,38,1,518,0,0,1,0,1,418,61,39,1,519,0,0,0,519
06/28/2021,SAN,CA,AWP,WE,Towers with Radar,452,26,30,0,508,0,4,1,0,5,452,30,31,0,513,0,0,0,513
06/29/2021,SAN,CA,AWP,WE,Towers with Radar,417,28,19,2,466,0,0,0,0,0,417,28,19,2,466,0,0,0,466
06/30/2021,SAN,CA,AWP,WE,Towers with Radar,425,36,35,1,497,0,0,1,2,3,425,36,36,3,500,0,0,0,500
07/01/2021,SAN,CA,AWP,WE,Towers with Radar,463,49,29,0,541,1,3,4,1,9,464,52,33,1,550,0,0,0,550
07/02/2021,SAN,CA,AWP,WE,Towers with Radar,458,57,47,0,562,0,0,0,0,0,458,57,47,0,562,0,0,0,562
07/03/2021,SAN,CA,AWP,WE,Towers with Radar,380,26,15,1,422,0,0,3,1,4,380,26,18,2,426,0,0,0,426
07/04/2021,SAN,CA,AWP,WE,Towers with Radar,395,35,8,1,439,0,0,5,0,5,395,35,13,1,444,0,0,0,444
07/05/2021,SAN,CA,AWP,WE,Towers with Radar,462,47,50,1,560,0,0,3,2,5,462,47,53,3,565,0,0,0,565
07/06/2021,SAN,CA,AWP,WE,Towers with Radar,417,52,21,3,493,0,0,5,1,6,417,52,26,4,499,0,0,0,499
07/07/2021,SAN,CA,AWP,WE,Towers with Radar,434,48,30,1,513,0,1,7,2,10,434,49,37,3,523,0,0,0,523
07/08/2021,SAN,CA,AWP,WE,Towers with Radar,479,44,33,2,558,0,2,10,4,16,479,46,43,6,574,0,0,0,574
07/09/2021,SAN,CA,AWP,WE,Towers with Radar,484,60,31,0,575,0,3,3,1,7,484,63,34,1,582,0,0,0,582
07/10/2021,SAN,CA,AWP,WE,Towers with Radar,384,44,13,0,441,0,1,9,0,10,384,45,22,0,451,0,0,0,451
07/11/2021,SAN,CA,AWP,WE,Towers with Radar,437,56,33,0,526,0,1,6,1,8,437,57,39,1,534,0,0,0,534
07/12/2021,SAN,CA,AWP,WE,Towers with Radar,473,50,30,1,554,0,0,4,6,10,473,50,34,7,564,0,0,0,564
07/13/2021,SAN,CA,AWP,WE,Towers with Radar,446,36,31,1,514,0,1,12,4,17,446,37,43,5,531,0,0,0,531
07/14/2021,SAN,CA,AWP,WE,Towers with Radar,443,32,26,1,502,0,1,6,3,10,443,33,32,4,512,0,0,0,512
07/15/2021,SAN,CA,AWP,WE,Towers with Radar,490,48,34,0,572,0,4,10,6,20,490,52,44,6,592,0,0,0,592
07/16/2021,SAN,CA,AWP,WE,Towers with Radar,480,62,43,0,585,0,1,5,2,8,480,63,48,2,593,0,0,0,593
07/17/2021,SAN,CA,AWP,WE,Towers with Radar,392,49,16,0,457,0,1,5,1,7,392,50,21,1,464,0,0,0,464
07/18/2021,SAN,CA,AWP,WE,Towers with Radar,441,43,27,0,511,0,0,4,1,5,441,43,31,1,516,0,0,0,516
07/19/2021,SAN,CA,AWP,WE,Towers with Radar,471,46,36,1,554,0,0,1,1,2,471,46,37,2,556,0,0,0,556
07/20/2021,SAN,CA,AWP,WE,Towers with Radar,443,30,21,0,494,0,0,9,1,10,443,30,30,1,504,0,0,0,504
07/21/2021,SAN,CA,AWP,WE,Towers with Radar,445,30,15,2,492,0,1,1,4,6,445,31,16,6,498,0,0,0,498
07/22/2021,SAN,CA,AWP,WE,Towers with Radar,490,39,38,0,567,0,2,2,1,5,490,41,40,1,572,0,0,0,572
07/23/2021,SAN,CA,AWP,WE,Towers with Radar,484,56,23,0,563,0,1,4,1,6,484,57,27,1,569,0,0,0,569
07/24/2021,SAN,CA,AWP,WE,Towers with Radar,389,37,18,0,444,0,0,7,1,8,389,37,25,1,452,0,0,0,452
07/25/2021,SAN,CA,AWP,WE,Towers with Radar,440,42,44,2,528,0,0,4,1,5,440,42,48,3,533,0,0,0,533
07/26/2021,SAN,CA,AWP,WE,Towers with Radar,489,50,31,6,576,0,5,2,0,7,489,55,33,6,583,0,0,0,583
07/27/2021,SAN,CA,AWP,WE,Towers with Radar,442,38,34,1,515,0,0,5,1,6,442,38,39,2,521,0,0,0,521
07/28/2021,SAN,CA,AWP,WE,Towers with Radar,445,48,28,2,523,0,2,9,5,16,445,50,37,7,539,0,0,0,539
07/29/2021,SAN,CA,AWP,WE,Towers with Radar,495,43,33,0,571,0,1,2,2,5,495,44,35,2,576,0,0,0,576
07/30/2021,SAN,CA,AWP,WE,Towers with Radar,483,43,39,2,567,0,0,3,1,4,483,43,42,3,571,0,0,0,571
07/31/2021,SAN,CA,AWP,WE,Towers with Radar,385,38,20,1,444,0,0,5,0,5,385,38,25,1,449,0,0,0,449
08/01/2021,SAN,CA,AWP,WE,Towers with Radar,426,45,46,0,517,0,1,5,1,7,426,46,51,1,524,0,0,0,524
08/02/2021,SAN,CA,AWP,WE,Towers with Radar,464,55,37,3,559,1,0,11,3,15,465,55,48,6,574,0,0,0,574
08/03/2021,SAN,CA,AWP,WE,Towers with Radar,409,38,13,0,460,0,0,4,3,7,409,38,17,3,467,0,0,0,467
08/04/2021,SAN,CA,AWP,WE,Towers with Radar,448,37,42,0,527,0,3,11,2,16,448,40,53,2,543,0,0,0,543
08/05/2021,SAN,CA,AWP,WE,Towers with Radar,493,59,31,2,585,0,2,6,2,10,493,61,37,4,595,0,0,0,595
08/06/2021,SAN,CA,AWP,WE,Towers with Radar,479,45,37,1,562,0,2,8,1,11,479,47,45,2,573,0,0,0,573
08/07/2021,SAN,CA,AWP,WE,Towers with Radar,391,36,14,0,441,0,0,0,1,1,391,36,14,1,442,0,0,0,442
08/08/2021,SAN,CA,AWP,WE,Towers with Radar,447,68,27,0,542,0,0,5,0,5,447,68,32,0,547,0,0,0,547
08/09/2021,SAN,CA,AWP,WE,Towers with Radar,464,54,28,0,546,0,2,6,7,15,464,56,34,7,561,0,0,0,561
08/10/2021,SAN,CA,AWP,WE,Towers with Radar,443,37,25,0,505,0,1,7,4,12,443,38,32,4,517,0,0,0,517
08/11/2021,SAN,CA,AWP,WE,Towers with Radar,453,42,22,0,517,0,1,2,5,8,453,43,24,5,525,0,0,0,525
08/12/2021,SAN,CA,AWP,WE,Towers with Radar,492,44,30,1,567,0,2,14,4,20,492,46,44,5,587,0,0,0,587
08/13/2021,SAN,CA,AWP,WE,Towers with Radar,477,32,34,5,548,0,0,16,1,17,477,32,50,6,565,0,0,0,565
08/14/2021,SAN,CA,AWP,WE,Towers with Radar,389,36,36,0,461,0,1,9,1,11,389,37,45,1,472,0,0,0,472
08/15/2021,SAN,CA,AWP,WE,Towers with Radar,427,57,44,2,530,0,0,14,2,16,427,57,58,4,546,0,0,0,546
08/16/2021,SAN,CA,AWP,WE,Towers with Radar,475,54,35,5,569,0,1,2,4,7,475,55,37,9,576,0,0,0,576
08/17/2021,SAN,CA,AWP,WE,Towers with Radar,424,39,25,0,488,0,0,1,1,2,424,39,26,1,490,0,0,0,490
08/18/2021,SAN,CA,AWP,WE,Towers with Radar,436,39,32,0,507,0,0,4,3,7,436,39,36,3,514,0,0,0,514
08/19/2021,SAN,CA,AWP,WE,Towers with Radar,466,51,32,5,554,0,2,8,2,12,466,53,40,7,566,0,0,0,566
08/20/2021,SAN,CA,AWP,WE,Towers with Radar,465,57,33,0,555,0,2,14,1,17,465,59,47,1,572,0,0,0,572
08/21/2021,SAN,CA,AWP,WE,Towers with Radar,386,42,16,0,444,0,0,4,0,4,386,42,20,0,448,0,0,0,448
08/22/2021,SAN,CA,AWP,WE,Towers with Radar,423,52,29,0,504,1,0,2,0,3,424,52,31,0,507,0,0,0,507
08/23/2021,SAN,CA,AWP,WE,Towers with Radar,455,37,31,3,526,0,1,2,3,6,455,38,33,6,532,0,0,0,532
08/24/2021,SAN,CA,AWP,WE,Towers with Radar,427,51,26,1,505,0,0,4,4,8,427,51,30,5,513,0,0,0,513
08/25/2021,SAN,CA,AWP,WE,Towers with Radar,444,45,30,2,521,0,0,6,2,8,444,45,36,4,529,0,0,0,529
08/26/2021,SAN,CA,AWP,WE,Towers with Radar,473,43,30,0,546,0,0,6,5,11,473,43,36,5,557,0,0,0,557
08/27/2021,SAN,CA,AWP,WE,Towers with Radar,468,45,32,1,546,0,1,11,4,16,468,46,43,5,562,0,0,0,562
08/28/2021,SAN,CA,AWP,WE,Towers with Radar,384,29,21,0,434,0,0,8,0,8,384,29,29,0,442,0,0,0,442
08/29/2021,SAN,CA,AWP,WE,Towers with Radar,425,41,33,2,501,0,0,2,0,2,425,41,35,2,503,0,0,0,503
08/30/2021,SAN,CA,AWP,WE,Towers with Radar,454,43,53,0,550,0,0,4,1,5,454,43,57,1,555,0,0,0,555
08/31/2021,SAN,CA,AWP,WE,Towers with Radar,432,37,33,0,502,0,1,0,1,2,432,38,33,1,504,0,0,0,504
09/01/2021,SAN,CA,AWP,WE,Towers with Radar,447,31,40,0,518,0,0,4,1,5,447,31,44,1,523,0,0,0,523
09/02/2021,SAN,CA,AWP,WE,Towers with Radar,477,45,32,4,558,0,1,7,6,14,477,46,39,10,572,0,0,0,572
09/03/2021,SAN,CA,AWP,WE,Towers with Radar,469,53,60,0,582,0,0,4,1,5,469,53,64,1,587,0,0,0,587
09/04/2021,SAN,CA,AWP,WE,Towers with Radar,375,36,17,0,428,0,0,15,0,15,375,36,32,0,443,0,0,0,443
09/05/2021,SAN,CA,AWP,WE,Towers with Radar,410,22,18,0,450,0,0,6,0,6,410,22,24,0,456,0,0,0,456
09/06/2021,SAN,CA,AWP,WE,Towers with Radar,452,43,42,1,538,0,0,0,1,1,452,43,42,2,539,0,0,0,539
09/07/2021,SAN,CA,AWP,WE,Towers with Radar,419,47,18,1,485,0,0,2,2,4,419,47,20,3,489,0,0,0,489
09/08/2021,SAN,CA,AWP,WE,Towers with Radar,434,46,17,2,499,0,0,9,2,11,434,46,26,4,510,0,0,0,510
09/09/2021,SAN,CA,AWP,WE,Towers with Radar,489,47,28,0,564,0,1,5,1,7,489,48,33,1,571,0,0,0,571
09/10/2021,SAN,CA,AWP,WE,Towers with Radar,474,51,25,2,552,0,1,10,1,12,474,52,35,3,564,0,0,0,564
09/11/2021,SAN,CA,AWP,WE,Towers with Radar,374,31,12,0,417,0,1,6,0,7,374,32,18,0,424,0,0,0,424
09/12/2021,SAN,CA,AWP,WE,Towers with Radar,456,47,30,0,533,1,2,4,1,8,457,49,34,1,541,0,0,0,541
09/13/2021,SAN,CA,AWP,WE,Towers with Radar,465,39,28,0,532,0,1,3,1,5,465,40,31,1,537,0,0,0,537
09/14/2021,SAN,CA,AWP,WE,Towers with Radar,421,32,36,2,491,0,0,2,2,4,421,32,38,4,495,0,0,0,495
09/15/2021,SAN,CA,AWP,WE,Towers with Radar,432,41,30,0,503,0,3,4,5,12,432,44,34,5,515,0,0,0,515
09/16/2021,SAN,CA,AWP,WE,Towers with Radar,481,37,19,0,537,0,1,4,3,8,481,38,23,3,545,0,0,0,545
09/17/2021,SAN,CA,AWP,WE,Towers with Radar,477,49,40,0,566,0,0,7,1,8,477,49,47,1,574,0,0,0,574
09/18/2021,SAN,CA,AWP,WE,Towers with Radar,377,30,13,0,420,0,1,2,0,3,377,31,15,0,423,0,0,0,423
09/19/2021,SAN,CA,AWP,WE,Towers with Radar,456,49,30,0,535,1,1,5,1,8,457,50,35,1,543,0,0,0,543
09/20/2021,SAN,CA,AWP,WE,Towers with Radar,458,45,32,0,535,0,0,11,5,16,458,45,43,5,551,0,0,0,551
09/21/2021,SAN,CA,AWP,WE,Towers with Radar,418,37,30,0,485,0,0,7,2,9,418,37,37,2,494,0,0,0,494
09/22/2021,SAN,CA,AWP,WE,Towers with Radar,430,37,41,0,508,0,1,3,2,6,430,38,44,2,514,0,0,0,514
09/23/2021,SAN,CA,AWP,WE,Towers with Radar,476,44,28,0,548,0,1,2,0,3,476,45,30,0,551,0,0,0,551
09/24/2021,SAN,CA,AWP,WE,Towers with Radar,472,38,26,2,538,0,0,4,1,5,472,38,30,3,543,0,0,0,543
09/25/2021,SAN,CA,AWP,WE,Towers with Radar,377,36,18,1,432,0,2,2,0,4,377,38,20,1,436,0,0,0,436
09/26/2021,SAN,CA,AWP,WE,Towers with Radar,461,39,31,1,532,0,0,0,2,2,461,39,31,3,534,0,0,0,534
09/27/2021,SAN,CA,AWP,WE,Towers with Radar,458,48,33,1,540,0,1,1,0,2,458,49,34,1,542,0,0,0,542
09/28/2021,SAN,CA,AWP,WE,Towers with Radar,421,21,26,3,471,0,0,8,3,11,421,21,34,6,482,0,0,0,482
09/29/2021,SAN,CA,AWP,WE,Towers with Radar,428,39,34,5,506,0,2,18,2,22,428,41,52,7,528,0,0,0,528
09/30/2021,SAN,CA,AWP,WE,Towers with Radar,478,61,38,1,578,0,0,3,3,6,478,61,41,4,584,0,0,0,584
10/01/2021,SAN,CA,AWP,WE,Towers with Radar,479,59,28,1,567,0,3,3,0,6,479,62,31,1,573,0,0,0,573
10/02/2021,SAN,CA,AWP,WE,Towers with Radar,379,17,18,1,415,0,1,6,0,7,379,18,24,1,422,0,0,0,422
10/03/2021,SAN,CA,AWP,WE,Towers with Radar,465,45,34,0,544,0,0,1,1,2,465,45,35,1,546,0,0,0,546
10/04/2021,SAN,CA,AWP,WE,Towers with Radar,461,51,26,2,540,0,0,6,1,7,461,51,32,3,547,0,0,0,547
10/05/2021,SAN,CA,AWP,WE,Towers with Radar,422,28,21,4,475,0,1,4,3,8,422,29,25,7,483,0,0,0,483
10/06/2021,SAN,CA,AWP,WE,Towers with Radar,430,43,32,1,506,1,1,4,0,6,431,44,36,1,512,0,0,0,512
10/07/2021,SAN,CA,AWP,WE,Towers with Radar,467,50,22,0,539,0,0,0,1,1,467,50,22,1,540,0,0,0,540
10/08/2021,SAN,CA,AWP,WE,Towers with Radar,468,58,35,2,563,0,0,2,0,2,468,58,37,2,565,0,0,0,565
10/09/2021,SAN,CA,AWP,WE,Towers with Radar,371,33,12,0,416,0,1,2,1,4,371,34,14,1,420,0,0,0,420
10/10/2021,SAN,CA,AWP,WE,Towers with Radar,425,54,25,0,504,0,0,7,1,8,425,54,32,1,512,0,0,0,512
10/11/2021,SAN,CA,AWP,WE,Towers with Radar,446,43,38,0,527,0,0,11,2,13,446,43,49,2,540,0,0,0,540
10/12/2021,SAN,CA,AWP,WE,Towers with Radar,405,35,20,0,460,0,1,7,2,10,405,36,27,2,470,0,0,0,470
10/13/2021,SAN,CA,AWP,WE,Towers with Radar,410,33,23,2,468,0,0,6,6,12,410,33,29,8,480,0,0,0,480
10/14/2021,SAN,CA,AWP,WE,Towers with Radar,467,54,18,2,541,0,1,5,3,9,467,55,23,5,550,0,0,0,550
10/15/2021,SAN,CA,AWP,WE,Towers with Radar,469,44,36,2,551,0,0,0,1,1,469,44,36,3,552,0,0,0,552
10/16/2021,SAN,CA,AWP,WE,Towers with Radar,394,32,30,3,459,0,1,13,1,15,394,33,43,4,474,0,0,0,474
10/17/2021,SAN,CA,AWP,WE,Towers with Radar,457,33,46,0,536,0,0,12,0,12,457,33,58,0,548,0,0,0,548
10/18/2021,SAN,CA,AWP,WE,Towers with Radar,450,47,48,0,545,0,0,3,3,6,450,47,51,3,551,0,0,0,551
10/19/2021,SAN,CA,AWP,WE,Towers with Radar,410,34,41,0,485,0,0,4,4,8,410,34,45,4,493,0,0,0,493
10/20/2021,SAN,CA,AWP,WE,Towers with Radar,417,39,37,0,493,0,2,2,4,8,417,41,39,4,501,0,0,0,501
10/21/2021,SAN,CA,AWP,WE,Towers with Radar,441,61,32,1,535,0,0,3,5,8,441,61,35,6,543,0,0,0,543
10/22/2021,SAN,CA,AWP,WE,Towers with Radar,447,36,36,0,519,0,1,5,0,6,447,37,41,0,525,0,0,0,525
10/23/2021,SAN,CA,AWP,WE,Towers with Radar,390,39,28,0,457,0,0,5,0,5,390,39,33,0,462,0,0,0,462
10/24/2021,SAN,CA,AWP,WE,Towers with Radar,453,39,43,0,535,0,0,15,0,15,453,39,58,0,550,0,0,0,550
10/25/2021,SAN,CA,AWP,WE,Towers with Radar,444,38,26,4,512,1,0,0,1,2,445,38,26,5,514,0,0,0,514
10/26/2021,SAN,CA,AWP,WE,Towers with Radar,416,35,35,0,486,0,0,1,7,8,416,35,36,7,494,0,0,0,494
10/27/2021,SAN,CA,AWP,WE,Towers with Radar,422,43,22,0,487,0,4,2,5,11,422,47,24,5,498,0,0,0,498
10/28/2021,SAN,CA,AWP,WE,Towers with Radar,454,52,42,7,555,0,1,6,3,10,454,53,48,10,565,0,0,0,565
10/29/2021,SAN,CA,AWP,WE,Towers with Radar,460,40,35,1,536,0,1,4,2,7,460,41,39,3,543,0,0,0,543
10/30/2021,SAN,CA,AWP,WE,Towers with Radar,374,27,18,0,419,0,1,10,0,11,374,28,28,0,430,0,0,0,430
10/31/2021,SAN,CA,AWP,WE,Towers with Radar,419,34,27,0,480,0,0,4,2,6,419,34,31,2,486,0,0,0,486
11/01/2021,SAN,CA,AWP,WE,Towers with Radar,440,36,31,1,508,0,1,11,2,14,440,37,42,3,522,0,0,0,522
11/02/2021,SAN,CA,AWP,WE,Towers with Radar,396,33,19,0,448,0,1,1,0,2,396,34,20,0,450,0,0,0,450
11/03/2021,SAN,CA,AWP,WE,Towers with Radar,412,47,44,3,506,0,0,3,0,3,412,47,47,3,509,0,0,0,509
11/04/2021,SAN,CA,AWP,WE,Towers with Radar,450,73,47,0,570,0,3,6,1,10,450,76,53,1,580,0,0,0,580
11/05/2021,SAN,CA,AWP,WE,Towers with Radar,457,67,46,0,570,0,0,1,1,2,457,67,47,1,572,0,0,0,572
11/06/2021,SAN,CA,AWP,WE,Towers with Radar,385,49,32,0,466,0,0,4,1,5,385,49,36,1,471,0,0,0,471
11/07/2021,SAN,CA,AWP,WE,Towers with Radar,410,67,54,0,531,0,0,4,4,8,410,67,58,4,539,0,0,0,539
11/08/2021,SAN,CA,AWP,WE,Towers with Radar,427,42,32,0,501,0,0,4,1,5,427,42,36,1,506,0,0,0,506
11/09/2021,SAN,CA,AWP,WE,Towers with Radar,381,37,28,3,449,0,0,4,6,10,381,37,32,9,459,0,0,0,459
11/10/2021,SAN,CA,AWP,WE,Towers with Radar,376,40,27,6,449,0,1,10,3,14,376,41,37,9,463,0,0,0,463
11/11/2021,SAN,CA,AWP,WE,Towers with Radar,442,52,31,0,525,0,0,7,1,8,442,52,38,1,533,0,0,0,533
11/12/2021,SAN,CA,AWP,WE,Towers with Radar,438,60,30,0,528,0,1,12,1,14,438,61,42,1,542,0,0,0,542
11/13/2021,SAN,CA,AWP,WE,Towers with Radar,355,26,12,0,393,0,2,9,1,12,355,28,21,1,405,0,0,0,405
11/14/2021,SAN,CA,AWP,WE,Towers with Radar,409,57,39,1,506,0,1,9,1,11,409,58,48,2,517,0,0,0,517
11/15/2021,SAN,CA,AWP,WE,Towers with Radar,415,46,41,1,503,0,0,6,0,6,415,46,47,1,509,0,0,0,509
11/16/2021,SAN,CA,AWP,WE,Towers with Radar,375,27,40,3,445,0,0,2,2,4,375,27,42,5,449,0,0,0,449
11/17/2021,SAN,CA,AWP,WE,Towers with Radar,380,47,35,2,464,0,1,6,5,12,380,48,41,7,476,0,0,0,476
11/18/2021,SAN,CA,AWP,WE,Towers with Radar,454,32,28,2,516,0,0,6,0,6,454,32,34,2,522,0,0,0,522
11/19/2021,SAN,CA,AWP,WE,Towers with Radar,430,40,59,2,531,0,0,8,1,9,430,40,67,3,540,0,0,0,540
11/20/2021,SAN,CA,AWP,WE,Towers with Radar,378,53,26,0,457,0,1,3,1,5,378,54,29,1,462,0,0,0,462
11/21/2021,SAN,CA,AWP,WE,Towers with Radar,411,36,21,0,468,0,0,4,0,4,411,36,25,0,472,0,0,0,472
11/22/2021,SAN,CA,AWP,WE,Towers with Radar,420,62,31,0,513,0,0,5,4,9,420,62,36,4,522,0,0,0,522
11/23/2021,SAN,CA,AWP,WE,Towers with Radar,440,38,36,1,515,0,0,11,2,13,440,38,47,3,528,0,0,0,528
11/24/2021,SAN,CA,AWP,WE,Towers with Radar,450,46,15,3,514,0,0,6,0,6,450,46,21,3,520,0,0,0,520
11/25/2021,SAN,CA,AWP,WE,Towers with Radar,292,22,8,0,322,0,0,4,0,4,292,22,12,0,326,0,0,0,326
11/26/2021,SAN,CA,AWP,WE,Towers with Radar,370,50,21,0,441,0,0,13,0,13,370,50,34,0,454,0,0,0,454
11/27/2021,SAN,CA,AWP,WE,Towers with Radar,399,64,30,0,493,0,1,7,2,10,399,65,37,2,503,0,0,0,503
11/28/2021,SAN,CA,AWP,WE,Towers with Radar,456,55,45,1,557,0,0,6,1,7,456,55,51,2,564,0,0,0,564
11/29/2021,SAN,CA,AWP,WE,Towers with Radar,389,50,28,1,468,0,0,0,3,3,389,50,28,4,471,0,0,0,471
11/30/2021,SAN,CA,AWP,WE,Towers with Radar,453,37,23,2,515,0,0,1,3,4,453,37,24,5,519,0,0,0,519
12/01/2021,SAN,CA,AWP,WE,Towers with Radar,392,39,33,3,467,0,0,2,1,3,392,39,35,4,470,0,0,0,470
12/02/2021,SAN,CA,AWP,WE,Towers with Radar,422,41,17,0,480,0,0,3,5,8,422,41,20,5,488,0,0,0,488
12/03/2021,SAN,CA,AWP,WE,Towers with Radar,413,41,28,0,482,0,0,9,3,12,413,41,37,3,494,0,0,0,494
12/04/2021,SAN,CA,AWP,WE,Towers with Radar,352,36,22,0,410,0,0,1,0,1,352,36,23,0,411,0,0,0,411
12/05/2021,SAN,CA,AWP,WE,Towers with Radar,401,39,23,0,463,0,1,4,0,5,401,40,27,0,468,0,0,0,468
12/06/2021,SAN,CA,AWP,WE,Towers with Radar,393,49,12,1,455,0,0,2,3,5,393,49,14,4,460,0,0,0,460
12/07/2021,SAN,CA,AWP,WE,Towers with Radar,378,27,27,0,432,0,0,4,0,4,378,27,31,0,436,0,0,0,436
12/08/2021,SAN,CA,AWP,WE,Towers with Radar,386,32,26,0,444,0,0,13,4,17,386,32,39,4,461,0,0,0,461
12/09/2021,SAN,CA,AWP,WE,Towers with Radar,412,46,37,4,499,0,1,2,3,6,412,47,39,7,505,0,0,0,505
12/10/2021,SAN,CA,AWP,WE,Towers with Radar,413,46,24,1,484,1,1,3,1,6,414,47,27,2,490,0,0,0,490
12/11/2021,SAN,CA,AWP,WE,Towers with Radar,348,21,13,0,382,0,0,2,0,2,348,21,15,0,384,0,0,0,384
12/12/2021,SAN,CA,AWP,WE,Towers with Radar,405,29,23,0,457,0,1,3,0,4,405,30,26,0,461,0,0,0,461
12/13/2021,SAN,CA,AWP,WE,Towers with Radar,388,31,29,0,448,0,0,1,2,3,388,31,30,2,451,0,0,0,451
12/14/2021,SAN,CA,AWP,WE,Towers with Radar,360,27,24,0,411,0,0,4,0,4,360,27,28,0,415,0,0,0,415
12/15/2021,SAN,CA,AWP,WE,Towers with Radar,388,40,30,0,458,0,0,15,5,20,388,40,45,5,478,0,0,0,478
12/16/2021,SAN,CA,AWP,WE,Towers with Radar,432,49,25,2,508,0,3,8,4,15,432,52,33,6,523,0,0,0,523
12/17/2021,SAN,CA,AWP,WE,Towers with Radar,439,51,32,2,524,0,3,4,2,9,439,54,36,4,533,0,0,0,533
12/18/2021,SAN,CA,AWP,WE,Towers with Radar,393,41,26,0,460,0,0,4,2,6,393,41,30,2,466,0,0,0,466
12/19/2021,SAN,CA,AWP,WE,Towers with Radar,405,43,35,0,483,0,0,9,1,10,405,43,44,1,493,0,0,0,493
12/20/2021,SAN,CA,AWP,WE,Towers with Radar,425,42,34,0,501,0,1,5,2,8,425,43,39,2,509,0,0,0,509
12/21/2021,SAN,CA,AWP,WE,Towers with Radar,423,38,25,2,488,0,0,8,5,13,423,38,33,7,501,0,0,0,501
12/22/2021,SAN,CA,AWP,WE,Towers with Radar,432,42,29,2,505,0,0,4,6,10,432,42,33,8,515,0,0,0,515
12/23/2021,SAN,CA,AWP,WE,Towers with Radar,449,37,24,0,510,0,0,9,1,10,449,37,33,1,520,0,0,0,520
12/24/2021,SAN,CA,AWP,WE,Towers with Radar,363,24,18,2,407,0,0,3,1,4,363,24,21,3,411,0,0,0,411
12/25/2021,SAN,CA,AWP,WE,Towers with Radar,317,22,8,0,347,0,0,2,0,2,317,22,10,0,349,0,0,0,349
12/26/2021,SAN,CA,AWP,WE,Towers with Radar,393,40,38,0,471,0,1,4,1,6,393,41,42,1,477,0,0,0,477
12/27/2021,SAN,CA,AWP,WE,Towers with Radar,403,43,36,2,484,0,0,3,2,5,403,43,39,4,489,0,0,0,489
12/28/2021,SAN,CA,AWP,WE,Towers with Radar,417,39,29,0,485,0,0,1,3,4,417,39,30,3,489,0,0,0,489
12/29/2021,SAN,CA,AWP,WE,Towers with Radar,418,33,40,1,492,0,0,4,0,4,418,33,44,1,496,0,0,0,496
12/30/2021,SAN,CA,AWP,WE,Towers with Radar,421,36,38,2,497,0,0,0,0,0,421,36,38,2,497,0,0,0,497
12/31/2021,SAN,CA,AWP,WE,Towers with Radar,365,37,21,0,423,0,0,5,1,6,365,37,26,1,429,0,0,0,429
01/01/2022,SAN,CA,AWP,WE,Towers with Radar,324,24,16,0,364,0,0,14,0,14,324,24,30,0,378,0,0,0,378
01/02/2022,SAN,CA,AWP,WE,Towers with Radar,388,27,55,2,472,0,1,12,1,14,388,28,67,3,486,0,0,0,486
01/03/2022,SAN,CA,AWP,WE,Towers with Radar,412,42,27,2,483,0,0,7,0,7,412,42,34,2,490,0,0,0,490
01/04/2022,SAN,CA,AWP,WE,Towers with Radar,378,35,12,3,428,0,0,8,4,12,378,35,20,7,440,0,0,0,440
01/05/2022,SAN,CA,AWP,WE,Towers with Radar,363,33,20,0,416,0,0,0,6,6,363,33,20,6,422,0,0,0,422
01/06/2022,SAN,CA,AWP,WE,Towers with Radar,372,36,27,0,435,0,0,6,5,11,372,36,33,5,446,0,0,0,446
01/07/2022,SAN,CA,AWP,WE,Towers with Radar,368,39,30,5,442,0,0,0,1,1,368,39,30,6,443,0,0,0,443
01/08/2022,SAN,CA,AWP,WE,Towers with Radar,331,32,15,0,378,0,0,7,1,8,331,32,22,1,386,0,0,0,386
01/09/2022,SAN,CA,AWP,WE,Towers with Radar,362,50,26,0,438,0,0,9,1,10,362,50,35,1,448,0,0,0,448
01/10/2022,SAN,CA,AWP,WE,Towers with Radar,366,33,19,1,419,0,0,3,2,5,366,33,22,3,424,0,0,0,424
01/11/2022,SAN,CA,AWP,WE,Towers with Radar,359,24,13,2,398,0,0,4,7,11,359,24,17,9,409,0,0,0,409
01/12/2022,SAN,CA,AWP,WE,Towers with Radar,371,29,18,2,420,0,0,0,2,2,371,29,18,4,422,0,0,0,422
01/13/2022,SAN,CA,AWP,WE,Towers with Radar,389,38,21,1,449,0,0,8,3,11,389,38,29,4,460,0,0,0,460
01/14/2022,SAN,CA,AWP,WE,Towers with Radar,417,34,25,0,476,0,0,10,1,11,417,34,35,1,487,0,0,0,487
01/15/2022,SAN,CA,AWP,WE,Towers with Radar,327,31,10,0,368,0,0,5,1,6,327,31,15,1,374,0,0,0,374
01/16/2022,SAN,CA,AWP,WE,Towers with Radar,349,22,18,0,389,0,0,6,1,7,349,22,24,1,396,0,0,0,396
01/17/2022,SAN,CA,AWP,WE,Towers with Radar,411,35,34,0,480,0,0,5,0,5,411,35,39,0,485,0,0,0,485
01/18/2022,SAN,CA,AWP,WE,Towers with Radar,377,40,27,0,444,0,0,1,5,6,377,40,28,5,450,0,0,0,450
01/19/2022,SAN,CA,AWP,WE,Towers with Radar,381,41,19,5,446,0,0,4,3,7,381,41,23,8,453,0,0,0,453
01/20/2022,SAN,CA,AWP,WE,Towers with Radar,423,35,17,1,476,1,0,13,7,21,424,35,30,8,497,0,0,0,497
01/21/2022,SAN,CA,AWP,WE,Towers with Radar,417,41,30,0,488,0,0,3,1,4,417,41,33,1,492,0,0,0,492
01/22/2022,SAN,CA,AWP,WE,Towers with Radar,338,36,7,0,381,0,0,10,1,11,338,36,17,1,392,0,0,0,392
01/23/2022,SAN,CA,AWP,WE,Towers with Radar,403,34,27,0,464,0,0,11,0,11,403,34,38,0,475,0,0,0,475
01/24/2022,SAN,CA,AWP,WE,Towers with Radar,406,45,22,8,481,0,0,10,4,14,406,45,32,12,495,0,0,0,495
01/25/2022,SAN,CA,AWP,WE,Towers with Radar,375,33,23,7,438,0,0,9,7,16,375,33,32,14,454,0,0,0,454
01/26/2022,SAN,CA,AWP,WE,Towers with Radar,380,32,35,3,450,0,0,6,5,11,380,32,41,8,461,0,0,0,461
01/27/2022,SAN,CA,AWP,WE,Towers with Radar,427,46,29,4,506,0,0,13,3,16,427,46,42,7,522,0,0,0,522
01/28/2022,SAN,CA,AWP,WE,Towers with Radar,424,48,20,7,499,0,0,5,0,5,424,48,25,7,504,0,0,0,504
01/29/2022,SAN,CA,AWP,WE,Towers with Radar,321,47,29,0,397,0,0,8,0,8,321,47,37,0,405,0,0,0,405
01/30/2022,SAN,CA,AWP,WE,Towers with Radar,389,50,23,0,462,0,0,13,0,13,389,50,36,0,475,0,0,0,475
01/31/2022,SAN,CA,AWP,WE,Towers with Radar,407,29,27,4,467,0,0,3,2,5,407,29,30,6,472,0,0,0,472
02/01/2022,SAN,CA,AWP,WE,Towers with Radar,382,28,26,2,438,0,1,3,4,8,382,29,29,6,446,0,0,0,446
02/02/2022,SAN,CA,AWP,WE,Towers with Radar,367,45,13,0,425,0,0,2,7,9,367,45,15,7,434,0,0,0,434
02/03/2022,SAN,CA,AWP,WE,Towers with Radar,387,43,28,2,460,0,0,6,3,9,387,43,34,5,469,0,0,0,469
02/04/2022,SAN,CA,AWP,WE,Towers with Radar,404,50,27,4,485,0,0,9,2,11,404,50,36,6,496,0,0,0,496
02/05/2022,SAN,CA,AWP,WE,Towers with Radar,326,23,18,0,367,0,1,7,3,11,326,24,25,3,378,0,0,0,378
02/06/2022,SAN,CA,AWP,WE,Towers with Radar,401,35,32,0,468,0,0,11,1,12,401,35,43,1,480,0,0,0,480
02/07/2022,SAN,CA,AWP,WE,Towers with Radar,423,42,26,0,491,0,1,6,1,8,423,43,32,1,499,0,0,0,499
02/08/2022,SAN,CA,AWP,WE,Towers with Radar,384,37,29,1,451,0,0,9,5,14,384,37,38,6,465,0,0,0,465
02/09/2022,SAN,CA,AWP,WE,Towers with Radar,387,35,27,1,450,0,1,8,2,11,387,36,35,3,461,0,0,0,461
02/10/2022,SAN,CA,AWP,WE,Towers with Radar,429,58,15,0,502,0,0,7,3,10,429,58,22,3,512,0,0,0,512
02/11/2022,SAN,CA,AWP,WE,Towers with Radar,432,53,25,2,512,0,0,4,4,8,432,53,29,6,520,0,0,0,520
02/12/2022,SAN,CA,AWP,WE,Towers with Radar,352,41,20,0,413,0,1,8,1,10,352,42,28,1,423,0,0,0,423
02/13/2022,SAN,CA,AWP,WE,Towers with Radar,389,37,31,0,457,0,0,16,0,16,389,37,47,0,473,0,0,0,473
02/14/2022,SAN,CA,AWP,WE,Towers with Radar,425,50,33,0,508,0,0,11,1,12,425,50,44,1,520,0,0,0,520
02/15/2022,SAN,CA,AWP,WE,Towers with Radar,390,46,34,6,476,0,0,0,1,1,390,46,34,7,477,0,0,0,477
02/16/2022,SAN,CA,AWP,WE,Towers with Radar,391,47,23,2,463,0,1,0,4,5,391,48,23,6,468,0,0,0,468
02/17/2022,SAN,CA,AWP,WE,Towers with Radar,444,54,20,3,521,0,0,4,5,9,444,54,24,8,530,0,0,0,530
02/18/2022,SAN,CA,AWP,WE,Towers with Radar,444,50,37,5,536,0,1,10,7,18,444,51,47,12,554,0,0,0,554
02/19/2022,SAN,CA,AWP,WE,Towers with Radar,362,43,25,1,431,0,2,4,1,7,362,45,29,2,438,0,0,0,438
02/20/2022,SAN,CA,AWP,WE,Towers with Radar,421,37,29,1,488,0,0,4,2,6,421,37,33,3,494,0,0,0,494
02/21/2022,SAN,CA,AWP,WE,Towers with Radar,430,45,29,1,505,0,0,2,1,3,430,45,31,2,508,0,0,0,508
02/22/2022,SAN,CA,AWP,WE,Towers with Radar,407,48,36,1,492,0,0,0,2,2,407,48,36,3,494,0,0,0,494
02/23/2022,SAN,CA,AWP,WE,Towers with Radar,385,51,24,0,460,0,0,3,3,6,385,51,27,3,466,0,0,0,466
02/24/2022,SAN,CA,AWP,WE,Towers with Radar,434,52,19,0,505,0,0,3,7,10,434,52,22,7,515,0,0,0,515
02/25/2022,SAN,CA,AWP,WE,Towers with Radar,442,44,24,1,511,0,0,7,3,10,442,44,31,4,521,0,0,0,521
02/26/2022,SAN,CA,AWP,WE,Towers with Radar,371,34,19,0,424,0,2,11,2,15,371,36,30,2,439,0,0,0,439
02/27/2022,SAN,CA,AWP,WE,Towers with Radar,423,46,27,1,497,0,0,6,1,7,423,46,33,2,504,0,0,0,504
02/28/2022,SAN,CA,AWP,WE,Towers with Radar,436,48,23,0,507,0,0,9,1,10,436,48,32,1,517,0,0,0,517
03/01/2022,SAN,CA,AWP,WE,Towers with Radar,396,28,16,0,440,0,0,3,7,10,396,28,19,7,450,0,0,0,450
03/02/2022,SAN,CA,AWP,WE,Towers with Radar,395,41,17,0,453,0,0,7,4,11,395,41,24,4,464,0,0,0,464
03/03/2022,SAN,CA,AWP,WE,Towers with Radar,441,40,30,2,513,0,0,1,2,3,441,40,31,4,516,0,0,0,516
03/04/2022,SAN,CA,AWP,WE,Towers with Radar,419,47,25,4,495,0,0,1,0,1,419,47,26,4,496,0,0,0,496
03/05/2022,SAN,CA,AWP,WE,Towers with Radar,343,26,25,0,394,0,1,5,1,7,343,27,30,1,401,0,0,0,401
03/06/2022,SAN,CA,AWP,WE,Towers with Radar,396,47,36,0,479,0,0,5,1,6,396,47,41,1,485,0,0,0,485
03/07/2022,SAN,CA,AWP,WE,Towers with Radar,414,48,37,0,499,0,1,5,1,7,414,49,42,1,506,0,0,0,506
03/08/2022,SAN,CA,AWP,WE,Towers with Radar,374,33,28,0,435,0,0,3,4,7,374,33,31,4,442,0,0,0,442
03/09/2022,SAN,CA,AWP,WE,Towers with Radar,376,47,43,0,466,0,1,3,4,8,376,48,46,4,474,0,0,0,474
03/10/2022,SAN,CA,AWP,WE,Towers with Radar,453,55,33,0,541,0,1,1,1,3,453,56,34,1,544,0,0,0,544
03/11/2022,SAN,CA,AWP,WE,Towers with Radar,441,44,26,0,511,0,0,10,2,12,441,44,36,2,523,0,0,0,523
03/12/2022,SAN,CA,AWP,WE,Towers with Radar,385,31,19,0,435,0,1,7,1,9,385,32,26,1,444,0,0,0,444
03/13/2022,SAN,CA,AWP,WE,Towers with Radar,418,49,37,0,504,0,0,11,1,12,418,49,48,1,516,0,0,0,516
03/14/2022,SAN,CA,AWP,WE,Towers with Radar,438,33,35,0,506,0,0,4,4,8,438,33,39,4,514,0,0,0,514
03/15/2022,SAN,CA,AWP,WE,Towers with Radar,427,32,22,0,481,0,0,5,4,9,427,32,27,4,490,0,0,0,490
03/16/2022,SAN,CA,AWP,WE,Towers with Radar,432,35,36,2,505,0,0,1,3,4,432,35,37,5,509,0,0,0,509
03/17/2022,SAN,CA,AWP,WE,Towers with Radar,476,45,42,0,563,0,1,1,4,6,476,46,43,4,569,0,0,0,569
03/18/2022,SAN,CA,AWP,WE,Towers with Radar,475,52,52,0,579,0,1,14,1,16,475,53,66,1,595,0,0,0,595
03/19/2022,SAN,CA,AWP,WE,Towers with Radar,404,44,25,0,473,0,0,5,1,6,404,44,30,1,479,0,0,0,479
03/20/2022,SAN,CA,AWP,WE,Towers with Radar,467,42,57,1,567,0,0,9,1,10,467,42,66,2,577,0,0,0,577
03/21/2022,SAN,CA,AWP,WE,Towers with Radar,458,40,24,0,522,0,0,8,1,9,458,40,32,1,531,0,0,0,531
03/22/2022,SAN,CA,AWP,WE,Towers with Radar,460,35,22,0,517,0,1,4,5,10,460,36,26,5,527,0,0,0,527
03/23/2022,SAN,CA,AWP,WE,Towers with Radar,455,43,35,0,533,0,0,12,7,19,455,43,47,7,552,0,0,0,552
03/24/2022,SAN,CA,AWP,WE,Towers with Radar,482,57,20,0,559,0,0,8,5,13,482,57,28,5,572,0,0,0,572
03/25/2022,SAN,CA,AWP,WE,Towers with Radar,477,38,40,0,555,0,0,4,2,6,477,38,44,2,561,0,0,0,561
03/26/2022,SAN,CA,AWP,WE,Towers with Radar,408,48,27,0,483,0,0,4,2,6,408,48,31,2,489,0,0,0,489
03/27/2022,SAN,CA,AWP,WE,Towers with Radar,457,35,39,0,531,0,0,9,1,10,457,35,48,1,541,0,0,0,541
03/28/2022,SAN,CA,AWP,WE,Towers with Radar,466,39,27,2,534,0,1,4,1,6,466,40,31,3,540,0,0,0,540
03/29/2022,SAN,CA,AWP,WE,Towers with Radar,467,31,25,0,523,0,0,6,5,11,467,31,31,5,534,0,0,0,534
03/30/2022,SAN,CA,AWP,WE,Towers with Radar,454,37,36,2,529,0,0,5,7,12,454,37,41,9,541,0,0,0,541
03/31/2022,SAN,CA,AWP,WE,Towers with Radar,473,44,29,2,548,0,0,3,8,11,473,44,32,10,559,0,0,0,559
04/01/2022,SAN,CA,AWP,WE,Towers with Radar,464,49,29,1,543,0,0,7,1,8,464,49,36,2,551,0,0,0,551
04/02/2022,SAN,CA,AWP,WE,Towers with Radar,395,29,32,0,456,0,0,1,0,1,395,29,33,0,457,0,0,0,457
04/03/2022,SAN,CA,AWP,WE,Towers with Radar,463,45,38,0,546,0,0,0,1,1,463,45,38,1,547,0,0,0,547
04/04/2022,SAN,CA,AWP,WE,Towers with Radar,487,40,34,0,561,0,0,7,2,9,487,40,41,2,570,0,0,0,570
04/05/2022,SAN,CA,AWP,WE,Towers with Radar,486,44,35,1,566,0,0,14,4,18,486,44,49,5,584,0,0,0,584
04/06/2022,SAN,CA,AWP,WE,Towers with Radar,473,45,36,1,555,0,1,11,6,18,473,46,47,7,573,0,0,0,573
04/07/2022,SAN,CA,AWP,WE,Towers with Radar,492,40,28,0,560,0,1,4,3,8,492,41,32,3,568,0,0,0,568
04/08/2022,SAN,CA,AWP,WE,Towers with Radar,490,42,38,0,570,0,1,5,0,6,490,43,43,0,576,0,0,0,576
04/09/2022,SAN,CA,AWP,WE,Towers with Radar,398,48,15,0,461,0,0,5,1,6,398,48,20,1,467,0,0,0,467
04/10/2022,SAN,CA,AWP,WE,Towers with Radar,470,26,27,0,523,0,0,5,1,6,470,26,32,1,529,0,0,0,529
04/11/2022,SAN,CA,AWP,WE,Towers with Radar,481,44,19,0,544,0,0,2,3,5,481,44,21,3,549,0,0,0,549
04/12/2022,SAN,CA,AWP,WE,Towers with Radar,491,29,24,0,544,0,0,4,8,12,491,29,28,8,556,0,0,0,556
04/13/2022,SAN,CA,AWP,WE,Towers with Radar,471,28,25,1,525,0,1,5,8,14,471,29,30,9,539,0,0,0,539
04/14/2022,SAN,CA,AWP,WE,Towers with Radar,496,48,43,1,588,0,1,9,7,17,496,49,52,8,605,0,0,0,605
04/15/2022,SAN,CA,AWP,WE,Towers with Radar,499,51,35,0,585,0,0,11,2,13,499,51,46,2,598,0,0,0,598
04/16/2022,SAN,CA,AWP,WE,Towers with Radar,382,27,31,1,441,0,1,3,0,4,382,28,34,1,445,0,0,0,445
04/17/2022,SAN,CA,AWP,WE,Towers with Radar,468,32,23,2,525,0,0,4,1,5,468,32,27,3,530,0,0,0,530
04/18/2022,SAN,CA,AWP,WE,Towers with Radar,485,54,34,0,573,0,0,3,2,5,485,54,37,2,578,0,0,0,578
04/19/2022,SAN,CA,AWP,WE,Towers with Radar,485,49,20,2,556,0,0,2,4,6,485,49,22,6,562,0,0,0,562
04/20/2022,SAN,CA,AWP,WE,Towers with Radar,477,51,39,2,569,0,0,3,3,6,477,51,42,5,575,0,0,0,575
04/21/2022,SAN,CA,AWP,WE,Towers with Radar,508,67,39,0,614,0,0,5,2,7,508,67,44,2,621,0,0,0,621
04/22/2022,SAN,CA,AWP,WE,Towers with Radar,492,42,32,0,566,0,1,0,1,2,492,43,32,1,568,0,0,0,568
04/23/2022,SAN,CA,AWP,WE,Towers with Radar,410,41,27,0,478,0,1,12,1,14,410,42,39,1,492,0,0,0,492
04/24/2022,SAN,CA,AWP,WE,Towers with Radar,490,40,40,0,570,0,0,15,0,15,490,40,55,0,585,0,0,0,585
04/25/2022,SAN,CA,AWP,WE,Towers with Radar,488,42,26,1,557,0,0,7,3,10,488,42,33,4,567,0,0,0,567
04/26/2022,SAN,CA,AWP,WE,Towers with Radar,486,39,25,0,550,0,0,5,0,5,486,39,30,0,555,0,0,0,555
04/27/2022,SAN,CA,AWP,WE,Towers with Radar,484,32,34,2,552,0,0,3,3,6,484,32,37,5,558,0,0,0,558
04/28/2022,SAN,CA,AWP,WE,Towers with Radar,508,38,25,2,573,1,0,4,3,8,509,38,29,5,581,0,0,0,581
04/29/2022,SAN,CA,AWP,WE,Towers with Radar,504,40,24,1,569,0,2,11,3,16,504,42,35,4,585,0,0,0,585
04/30/2022,SAN,CA,AWP,WE,Towers with Radar,392,36,21,0,449,0,1,9,1,11,392,37,30,1,460,0,0,0,460
05/01/2022,SAN,CA,AWP,WE,Towers with Radar,474,45,24,3,546,0,1,1,1,3,474,46,25,4,549,0,0,0,549
05/02/2022,SAN,CA,AWP,WE,Towers with Radar,480,41,24,3,548,0,0,5,2,7,480,41,29,5,555,0,0,0,555
05/03/2022,SAN,CA,AWP,WE,Towers with Radar,470,46,21,3,540,0,1,16,4,21,470,47,37,7,561,0,0,0,561
05/04/2022,SAN,CA,AWP,WE,Towers with Radar,476,51,49,0,576,0,0,8,3,11,476,51,57,3,587,0,0,0,587
05/05/2022,SAN,CA,AWP,WE,Towers with Radar,503,64,40,0,607,0,0,6,3,9,503,64,46,3,616,0,0,0,616
05/06/2022,SAN,CA,AWP,WE,Towers with Radar,504,61,37,0,602,0,1,6,1,8,504,62,43,1,610,0,0,0,610
05/07/2022,SAN,CA,AWP,WE,Towers with Radar,393,33,17,0,443,0,0,2,0,2,393,33,19,0,445,0,0,0,445
05/08/2022,SAN,CA,AWP,WE,Towers with Radar,490,40,28,1,559,0,1,9,0,10,490,41,37,1,569,0,0,0,569
05/09/2022,SAN,CA,AWP,WE,Towers with Radar,495,43,34,0,572,0,0,9,1,10,495,43,43,1,582,6,0,6,588
05/10/2022,SAN,CA,AWP,WE,Towers with Radar,488,26,38,3,555,0,0,10,10,20,488,26,48,13,575,0,0,0,575
05/11/2022,SAN,CA,AWP,WE,Towers with Radar,486,44,23,2,555,1,1,2,7,11,487,45,25,9,566,0,0,0,566
05/12/2022,SAN,CA,AWP,WE,Towers with Radar,514,48,22,2,586,0,0,10,4,14,514,48,32,6,600,0,0,0,600
05/13/2022,SAN,CA,AWP,WE,Towers with Radar,495,41,31,0,567,0,0,5,2,7,495,41,36,2,574,0,0,0,574
05/14/2022,SAN,CA,AWP,WE,Towers with Radar,395,31,22,0,448,0,1,7,2,10,395,32,29,2,458,0,0,0,458
05/15/2022,SAN,CA,AWP,WE,Towers with Radar,502,35,43,2,582,0,0,3,1,4,502,35,46,3,586,0,0,0,586
05/16/2022,SAN,CA,AWP,WE,Towers with Radar,495,38,35,1,569,0,0,2,1,3,495,38,37,2,572,0,0,0,572
05/17/2022,SAN,CA,AWP,WE,Towers with Radar,488,37,30,3,558,0,0,6,4,10,488,37,36,7,568,0,0,0,568
05/18/2022,SAN,CA,AWP,WE,Towers with Radar,493,31,17,2,543,0,2,3,2,7,493,33,20,4,550,0,0,0,550
05/19/2022,SAN,CA,AWP,WE,Towers with Radar,522,45,28,6,601,0,0,3,4,7,522,45,31,10,608,0,0,0,608
05/20/2022,SAN,CA,AWP,WE,Towers with Radar,503,41,41,12,597,0,0,0,0,0,503,41,41,12,597,0,0,0,597
05/21/2022,SAN,CA,AWP,WE,Towers with Radar,410,27,24,0,461,0,1,5,1,7,410,28,29,1,468,0,0,0,468
05/22/2022,SAN,CA,AWP,WE,Towers with Radar,513,46,43,0,602,0,0,5,0,5,513,46,48,0,607,0,0,0,607
05/23/2022,SAN,CA,AWP,WE,Towers with Radar,514,40,39,0,593,0,0,0,2,2,514,40,39,2,595,0,0,0,595
05/24/2022,SAN,CA,AWP,WE,Towers with Radar,502,50,33,0,585,0,1,1,5,7,502,51,34,5,592,0,0,0,592
05/25/2022,SAN,CA,AWP,WE,Towers with Radar,502,43,51,1,597,0,4,8,9,21,502,47,59,10,618,0,0,0,618
05/26/2022,SAN,CA,AWP,WE,Towers with Radar,528,48,43,0,619,0,1,2,4,7,528,49,45,4,626,0,0,0,626
05/27/2022,SAN,CA,AWP,WE,Towers with Radar,523,54,35,1,613,0,2,6,0,8,523,56,41,1,621,0,0,0,621
05/28/2022,SAN,CA,AWP,WE,Towers with Radar,412,39,23,1,475,0,1,7,0,8,412,40,30,1,483,0,0,0,483
05/29/2022,SAN,CA,AWP,WE,Towers with Radar,499,37,14,0,550,0,0,6,0,6,499,37,20,0,556,0,0,0,556
05/30/2022,SAN,CA,AWP,WE,Towers with Radar,507,43,21,0,571,0,1,15,0,16,507,44,36,0,587,0,0,0,587
05/31/2022,SAN,CA,AWP,WE,Towers with Radar,487,42,27,2,558,0,0,4,6,10,487,42,31,8,568,0,0,0,568
06/01/2022,SAN,CA,AWP,WE,Towers with Radar,487,33,26,3,549,0,2,5,5,12,487,35,31,8,561,0,0,0,561
06/02/2022,SAN,CA,AWP,WE,Towers with Radar,528,35,30,0,593,1,0,5,2,8,529,35,35,2,601,0,0,0,601
06/03/2022,SAN,CA,AWP,WE,Towers with Radar,517,53,33,0,603,0,0,3,1,4,517,53,36,1,607,0,0,0,607
06/04/2022,SAN,CA,AWP,WE,Towers with Radar,407,46,12,0,465,0,1,6,2,9,407,47,18,2,474,0,0,0,474
06/05/2022,SAN,CA,AWP,WE,Towers with Radar,573,50,40,0,663,0,1,6,2,9,573,51,46,2,672,0,0,0,672
06/06/2022,SAN,CA,AWP,WE,Towers with Radar,579,42,31,0,652,0,0,2,1,3,579,42,33,1,655,0,0,0,655
06/07/2022,SAN,CA,AWP,WE,Towers with Radar,573,41,31,1,646,0,0,0,3,3,573,41,31,4,649,0,0,0,649
06/08/2022,SAN,CA,AWP,WE,Towers with Radar,557,54,35,3,649,0,0,3,0,3,557,54,38,3,652,0,0,0,652
06/09/2022,SAN,CA,AWP,WE,Towers with Radar,596,44,41,1,682,0,3,0,1,4,596,47,41,2,686,0,0,0,686
06/10/2022,SAN,CA,AWP,WE,Towers with Radar,584,48,44,4,680,0,0,4,0,4,584,48,48,4,684,0,0,0,684
06/11/2022,SAN,CA,AWP,WE,Towers with Radar,461,21,23,0,505,0,0,5,1,6,461,21,28,1,511,0,0,0,511
06/12/2022,SAN,CA,AWP,WE,Towers with Radar,576,42,42,0,660,0,0,3,0,3,576,42,45,0,663,0,0,0,663
06/13/2022,SAN,CA,AWP,WE,Towers with Radar,588,49,32,5,674,0,1,2,0,3,588,50,34,5,677,0,0,0,677
06/14/2022,SAN,CA,AWP,WE,Towers with Radar,561,48,24,2,635,0,0,6,3,9,561,48,30,5,644,0,0,0,644
06/15/2022,SAN,CA,AWP,WE,Towers with Radar,567,57,31,3,658,0,1,11,3,15,567,58,42,6,673,0,0,0,673
06/16/2022,SAN,CA,AWP,WE,Towers with Radar,588,48,31,1,668,0,4,4,3,11,588,52,35,4,679,0,0,0,679
06/17/2022,SAN,CA,AWP,WE,Towers with Radar,575,42,25,0,642,0,1,5,4,10,575,43,30,4,652,0,0,0,652
06/18/2022,SAN,CA,AWP,WE,Towers with Radar,468,40,23,0,531,0,1,6,0,7,468,41,29,0,538,0,0,0,538
06/19/2022,SAN,CA,AWP,WE,Towers with Radar,564,54,24,0,642,0,0,2,1,3,564,54,26,1,645,0,0,0,645
06/20/2022,SAN,CA,AWP,WE,Towers with Radar,591,65,33,0,689,0,0,3,0,3,591,65,36,0,692,0,0,0,692
06/21/2022,SAN,CA,AWP,WE,Towers with Radar,575,47,39,6,667,0,0,2,4,6,575,47,41,10,673,0,0,0,673
06/22/2022,SAN,CA,AWP,WE,Towers with Radar,568,71,27,2,668,0,2,7,2,11,568,73,34,4,679,0,0,0,679
06/23/2022,SAN,CA,AWP,WE,Towers with Radar,599,46,36,2,683,0,1,7,4,12,599,47,43,6,695,0,0,0,695
06/24/2022,SAN,CA,AWP,WE,Towers with Radar,582,42,30,0,654,0,4,2,2,8,582,46,32,2,662,0,0,0,662
06/25/2022,SAN,CA,AWP,WE,Towers with Radar,462,51,27,1,541,0,0,6,2,8,462,51,33,3,549,0,0,0,549
06/26/2022,SAN,CA,AWP,WE,Towers with Radar,568,47,33,4,652,0,1,0,1,2,568,48,33,5,654,0,0,0,654
06/27/2022,SAN,CA,AWP,WE,Towers with Radar,585,36,28,0,649,0,0,6,1,7,585,36,34,1,656,0,0,0,656
06/28/2022,SAN,CA,AWP,WE,Towers with Radar,563,29,26,1,619,0,1,2,4,7,563,30,28,5,626,0,0,0,626
06/29/2022,SAN,CA,AWP,WE,Towers with Radar,556,38,32,2,628,0,1,2,1,4,556,39,34,3,632,0,0,0,632
06/30/2022,SAN,CA,AWP,WE,Towers with Radar,604,59,24,0,687,0,0,3,3,6,604,59,27,3,693,0,0,0,693
07/01/2022,SAN,CA,AWP,WE,Towers with Radar,582,54,35,4,675,0,0,4,6,10,582,54,39,10,685,0,0,0,685
07/02/2022,SAN,CA,AWP,WE,Towers with Radar,455,28,26,1,510,0,1,4,0,5,455,29,30,1,515,0,0,0,515
07/03/2022,SAN,CA,AWP,WE,Towers with Radar,545,26,29,5,605,0,2,6,2,10,545,28,35,7,615,0,0,0,615
07/04/2022,SAN,CA,AWP,WE,Towers with Radar,548,26,21,3,598,0,0,10,0,10,548,26,31,3,608,0,0,0,608
07/05/2022,SAN,CA,AWP,WE,Towers with Radar,543,42,30,5,620,0,1,6,1,8,543,43,36,6,628,0,0,0,628
07/06/2022,SAN,CA,AWP,WE,Towers with Radar,553,49,19,1,622,0,1,2,1,4,553,50,21,2,626,0,0,0,626
07/07/2022,SAN,CA,AWP,WE,Towers with Radar,599,44,17,0,660,0,1,2,4,7,599,45,19,4,667,0,0,0,667
07/08/2022,SAN,CA,AWP,WE,Towers with Radar,585,52,31,0,668,0,0,7,2,9,585,52,38,2,677,0,0,0,677
07/09/2022,SAN,CA,AWP,WE,Towers with Radar,464,36,18,0,518,0,1,2,0,3,464,37,20,0,521,0,0,0,521
07/10/2022,SAN,CA,AWP,WE,Towers with Radar,575,36,26,0,637,0,1,2,0,3,575,37,28,0,640,0,0,0,640
07/11/2022,SAN,CA,AWP,WE,Towers with Radar,601,41,24,1,667,0,0,5,0,5,601,41,29,1,672,0,0,0,672
07/12/2022,SAN,CA,AWP,WE,Towers with Radar,552,46,18,2,618,0,0,10,3,13,552,46,28,5,631,0,0,0,631
07/13/2022,SAN,CA,AWP,WE,Towers with Radar,570,34,21,2,627,0,0,6,2,8,570,34,27,4,635,0,0,0,635
07/14/2022,SAN,CA,AWP,WE,Towers with Radar,605,42,30,2,679,0,1,6,4,11,605,43,36,6,690,0,0,0,690
07/15/2022,SAN,CA,AWP,WE,Towers with Radar,592,48,34,0,674,0,1,4,3,8,592,49,38,3,682,0,0,0,682
07/16/2022,SAN,CA,AWP,WE,Towers with Radar,486,34,21,0,541,0,0,3,0,3,486,34,24,0,544,0,0,0,544
07/17/2022,SAN,CA,AWP,WE,Towers with Radar,575,45,38,0,658,0,0,1,1,2,575,45,39,1,660,0,0,0,660
07/18/2022,SAN,CA,AWP,WE,Towers with Radar,603,53,27,0,683,0,0,7,4,11,603,53,34,4,694,0,0,0,694
07/19/2022,SAN,CA,AWP,WE,Towers with Radar,569,32,20,2,623,0,0,7,4,11,569,32,27,6,634,0,0,0,634
07/20/2022,SAN,CA,AWP,WE,Towers with Radar,577,38,29,0,644,0,1,6,6,13,577,39,35,6,657,0,0,0,657
07/21/2022,SAN,CA,AWP,WE,Towers with Radar,604,57,33,2,696,0,0,11,2,13,604,57,44,4,709,0,0,0,709
07/22/2022,SAN,CA,AWP,WE,Towers with Radar,596,57,36,3,692,0,1,3,3,7,596,58,39,6,699,0,0,0,699
07/23/2022,SAN,CA,AWP,WE,Towers with Radar,470,38,46,3,557,0,0,4,0,4,470,38,50,3,561,0,0,0,561
07/24/2022,SAN,CA,AWP,WE,Towers with Radar,571,33,46,3,653,0,1,6,1,8,571,34,52,4,661,0,0,0,661
07/25/2022,SAN,CA,AWP,WE,Towers with Radar,596,58,35,0,689,0,0,3,2,5,596,58,38,2,694,0,0,0,694
07/26/2022,SAN,CA,AWP,WE,Towers with Radar,692,51,30,0,773,0,0,8,5,13,692,51,38,5,786,0,0,0,786
07/27/2022,SAN,CA,AWP,WE,Towers with Radar,568,43,25,2,638,0,3,7,11,21,568,46,32,13,659,0,0,0,659
07/28/2022,SAN,CA,AWP,WE,Towers with Radar,605,66,29,0,700,0,0,5,8,13,605,66,34,8,713,0,0,0,713
07/29/2022,SAN,CA,AWP,WE,Towers with Radar,594,57,39,0,690,1,0,6,2,9,595,57,45,2,699,0,0,0,699
07/30/2022,SAN,CA,AWP,WE,Towers with Radar,476,48,23,0,547,0,1,10,0,11,476,49,33,0,558,0,0,0,558
07/31/2022,SAN,CA,AWP,WE,Towers with Radar,564,53,39,0,656,0,0,8,0,8,564,53,47,0,664,0,0,0,664
08/01/2022,SAN,CA,AWP,WE,Towers with Radar,599,66,32,2,699,0,2,3,4,9,599,68,35,6,708,0,0,0,708
08/02/2022,SAN,CA,AWP,WE,Towers with Radar,554,36,25,0,615,0,0,3,4,7,554,36,28,4,622,0,0,0,622
08/03/2022,SAN,CA,AWP,WE,Towers with Radar,561,50,35,2,648,0,2,3,8,13,561,52,38,10,661,0,0,0,661
08/04/2022,SAN,CA,AWP,WE,Towers with Radar,579,49,35,0,663,0,0,3,3,6,579,49,38,3,669,0,0,0,669
08/05/2022,SAN,CA,AWP,WE,Towers with Radar,576,71,32,0,679,0,0,6,1,7,576,71,38,1,686,0,0,0,686
08/06/2022,SAN,CA,AWP,WE,Towers with Radar,459,54,18,0,531,0,1,11,0,12,459,55,29,0,543,0,0,0,543
08/07/2022,SAN,CA,AWP,WE,Towers with Radar,576,59,44,0,679,0,0,6,0,6,576,59,50,0,685,0,0,0,685
08/08/2022,SAN,CA,AWP,WE,Towers with Radar,595,51,32,0,678,0,1,8,1,10,595,52,40,1,688,0,0,0,688
08/09/2022,SAN,CA,AWP,WE,Towers with Radar,540,36,19,0,595,0,3,3,9,15,540,39,22,9,610,0,0,0,610
08/10/2022,SAN,CA,AWP,WE,Towers with Radar,564,56,19,0,639,0,0,3,3,6,564,56,22,3,645,0,0,0,645
08/11/2022,SAN,CA,AWP,WE,Towers with Radar,600,59,35,0,694,0,0,4,9,13,600,59,39,9,707,0,0,0,707
08/12/2022,SAN,CA,AWP,WE,Towers with Radar,572,46,28,2,648,0,0,6,4,10,572,46,34,6,658,0,0,0,658
08/13/2022,SAN,CA,AWP,WE,Towers with Radar,463,39,20,1,523,0,1,10,0,11,463,40,30,1,534,0,0,0,534
08/14/2022,SAN,CA,AWP,WE,Towers with Radar,558,50,39,0,647,0,0,11,1,12,558,50,50,1,659,0,0,0,659
08/15/2022,SAN,CA,AWP,WE,Towers with Radar,585,54,33,0,672,0,0,0,0,0,585,54,33,0,672,0,0,0,672
08/16/2022,SAN,CA,AWP,WE,Towers with Radar,562,29,19,4,614,0,2,0,4,6,562,31,19,8,620,0,0,0,620
08/17/2022,SAN,CA,AWP,WE,Towers with Radar,560,55,19,0,634,0,0,5,2,7,560,55,24,2,641,0,0,0,641
08/18/2022,SAN,CA,AWP,WE,Towers with Radar,584,60,33,0,677,0,1,2,5,8,584,61,35,5,685,0,0,0,685
08/19/2022,SAN,CA,AWP,WE,Towers with Radar,582,35,28,1,646,0,3,6,2,11,582,38,34,3,657,0,0,0,657
08/20/2022,SAN,CA,AWP,WE,Towers with Radar,467,48,20,1,536,0,0,2,1,3,467,48,22,2,539,0,0,0,539
08/21/2022,SAN,CA,AWP,WE,Towers with Radar,574,48,33,0,655,0,0,6,1,7,574,48,39,1,662,0,0,0,662
08/22/2022,SAN,CA,AWP,WE,Towers with Radar,563,38,29,3,633,0,1,2,3,6,563,39,31,6,639,0,0,0,639
08/23/2022,SAN,CA,AWP,WE,Towers with Radar,565,36,19,2,622,0,0,2,5,7,565,36,21,7,629,0,0,0,629
08/24/2022,SAN,CA,AWP,WE,Towers with Radar,561,48,28,0,637,0,0,5,3,8,561,48,33,3,645,0,0,0,645
08/25/2022,SAN,CA,AWP,WE,Towers with Radar,598,40,35,4,677,0,0,3,4,7,598,40,38,8,684,0,0,0,684
08/26/2022,SAN,CA,AWP,WE,Towers with Radar,590,50,32,0,672,0,0,3,0,3,590,50,35,0,675,0,0,0,675
08/27/2022,SAN,CA,AWP,WE,Towers with Radar,465,41,20,0,526,0,3,4,1,8,465,44,24,1,534,0,0,0,534
08/28/2022,SAN,CA,AWP,WE,Towers with Radar,569,44,50,0,663,0,0,7,2,9,569,44,57,2,672,0,0,0,672
08/29/2022,SAN,CA,AWP,WE,Towers with Radar,578,44,29,2,653,0,0,2,2,4,578,44,31,4,657,0,1,1,658
08/30/2022,SAN,CA,AWP,WE,Towers with Radar,547,36,27,2,612,0,0,1,5,6,547,36,28,7,618,0,0,0,618
08/31/2022,SAN,CA,AWP,WE,Towers with Radar,566,34,40,4,644,0,0,18,6,24,566,34,58,10,668,0,0,0,668
09/01/2022,SAN,CA,AWP,WE,Towers with Radar,615,50,37,2,704,0,0,6,5,11,615,50,43,7,715,0,0,0,715
09/02/2022,SAN,CA,AWP,WE,Towers with Radar,598,54,37,2,691,0,0,6,1,7,598,54,43,3,698,0,0,0,698
09/03/2022,SAN,CA,AWP,WE,Towers with Radar,448,38,18,0,504,0,1,4,2,7,448,39,22,2,511,0,0,0,511
09/04/2022,SAN,CA,AWP,WE,Towers with Radar,495,30,25,0,550,0,0,5,0,5,495,30,30,0,555,0,0,0,555
09/05/2022,SAN,CA,AWP,WE,Towers with Radar,580,47,30,0,657,0,0,4,0,4,580,47,34,0,661,0,0,0,661
09/06/2022,SAN,CA,AWP,WE,Towers with Radar,549,40,22,2,613,0,0,9,2,11,549,40,31,4,624,0,0,0,624
09/07/2022,SAN,CA,AWP,WE,Towers with Radar,554,26,18,2,600,0,0,3,0,3,554,26,21,2,603,0,0,0,603
09/08/2022,SAN,CA,AWP,WE,Towers with Radar,583,48,26,2,659,0,0,4,3,7,583,48,30,5,666,0,0,0,666
09/09/2022,SAN,CA,AWP,WE,Towers with Radar,550,56,21,0,627,0,0,1,0,1,550,56,22,0,628,0,0,0,628
09/10/2022,SAN,CA,AWP,WE,Towers with Radar,448,33,19,0,500,0,1,11,0,12,448,34,30,0,512,0,0,0,512
09/11/2022,SAN,CA,AWP,WE,Towers with Radar,528,52,33,0,613,0,0,1,0,1,528,52,34,0,614,0,0,0,614
09/12/2022,SAN,CA,AWP,WE,Towers with Radar,561,55,25,3,644,0,2,5,6,13,561,57,30,9,657,0,0,0,657
09/13/2022,SAN,CA,AWP,WE,Towers with Radar,563,34,24,1,622,1,0,4,3,8,564,34,28,4,630,0,0,0,630
09/14/2022,SAN,CA,AWP,WE,Towers with Radar,555,46,25,4,630,0,2,4,2,8,555,48,29,6,638,0,0,0,638
09/15/2022,SAN,CA,AWP,WE,Towers with Radar,604,47,28,0,679,0,1,4,7,12,604,48,32,7,691,0,0,0,691
09/16/2022,SAN,CA,AWP,WE,Towers with Radar,577,50,36,2,665,0,0,12,4,16,577,50,48,6,681,0,0,0,681
09/17/2022,SAN,CA,AWP,WE,Towers with Radar,445,41,23,0,509,0,0,2,2,4,445,41,25,2,513,0,0,0,513
09/18/2022,SAN,CA,AWP,WE,Towers with Radar,525,40,45,0,610,0,0,9,1,10,525,40,54,1,620,0,0,0,620
09/19/2022,SAN,CA,AWP,WE,Towers with Radar,568,47,34,0,649,0,0,2,3,5,568,47,36,3,654,0,0,0,654
09/20/2022,SAN,CA,AWP,WE,Towers with Radar,562,44,35,0,641,0,0,7,3,10,562,44,42,3,651,0,0,0,651
09/21/2022,SAN,CA,AWP,WE,Towers with Radar,564,46,29,0,639,0,0,12,3,15,564,46,41,3,654,0,0,0,654
09/22/2022,SAN,CA,AWP,WE,Towers with Radar,597,50,31,4,682,0,2,7,3,12,597,52,38,7,694,0,0,0,694
09/23/2022,SAN,CA,AWP,WE,Towers with Radar,576,62,36,0,674,0,0,3,5,8,576,62,39,5,682,0,0,0,682
09/24/2022,SAN,CA,AWP,WE,Towers with Radar,447,41,16,0,504,0,1,10,5,16,447,42,26,5,520,0,0,0,520
09/25/2022,SAN,CA,AWP,WE,Towers with Radar,534,43,29,0,606,0,1,8,1,10,534,44,37,1,616,0,0,0,616
09/26/2022,SAN,CA,AWP,WE,Towers with Radar,575,51,37,4,667,0,0,6,3,9,575,51,43,7,676,0,0,0,676
09/27/2022,SAN,CA,AWP,WE,Towers with Radar,564,57,30,2,653,0,1,6,1,8,564,58,36,3,661,0,0,0,661
09/28/2022,SAN,CA,AWP,WE,Towers with Radar,547,45,47,10,649,0,3,1,0,4,547,48,48,10,653,0,0,0,653
09/29/2022,SAN,CA,AWP,WE,Towers with Radar,588,59,45,6,698,0,0,1,0,1,588,59,46,6,699,0,0,0,699
09/30/2022,SAN,CA,AWP,WE,Towers with Radar,582,56,38,3,679,0,1,0,2,3,582,57,38,5,682,0,0,0,682
10/01/2022,SAN,CA,AWP,WE,Towers with Radar,438,35,29,2,504,0,1,3,1,5,438,36,32,3,509,0,0,0,509
10/02/2022,SAN,CA,AWP,WE,Towers with Radar,528,41,22,2,593,0,1,2,0,3,528,42,24,2,596,0,0,0,596
10/03/2022,SAN,CA,AWP,WE,Towers with Radar,565,61,23,2,651,0,0,3,2,5,565,61,26,4,656,0,0,0,656
10/04/2022,SAN,CA,AWP,WE,Towers with Radar,566,40,25,0,631,0,2,0,1,3,566,42,25,1,634,0,0,0,634
10/05/2022,SAN,CA,AWP,WE,Towers with Radar,584,57,23,2,666,0,0,0,0,0,584,57,23,2,666,0,0,0,666
10/06/2022,SAN,CA,AWP,WE,Towers with Radar,610,44,26,2,682,0,1,2,4,7,610,45,28,6,689,0,0,0,689
10/07/2022,SAN,CA,AWP,WE,Towers with Radar,563,66,48,0,677,0,0,3,1,4,563,66,51,1,681,0,0,0,681
10/08/2022,SAN,CA,AWP,WE,Towers with Radar,436,35,22,0,493,0,0,6,2,8,436,35,28,2,501,0,0,0,501
10/09/2022,SAN,CA,AWP,WE,Towers with Radar,534,50,42,0,626,0,0,4,1,5,534,50,46,1,631,0,0,0,631
10/10/2022,SAN,CA,AWP,WE,Towers with Radar,562,55,24,0,641,0,0,5,0,5,562,55,29,0,646,0,0,0,646
10/11/2022,SAN,CA,AWP,WE,Towers with Radar,542,38,21,0,601,0,0,1,2,3,542,38,22,2,604,0,0,0,604
10/12/2022,SAN,CA,AWP,WE,Towers with Radar,552,44,26,2,624,0,1,3,3,7,552,45,29,5,631,0,0,0,631
10/13/2022,SAN,CA,AWP,WE,Towers with Radar,593,61,29,0,683,0,1,0,1,2,593,62,29,1,685,0,0,0,685
10/14/2022,SAN,CA,AWP,WE,Towers with Radar,581,77,23,1,682,0,0,3,1,4,581,77,26,2,686,0,0,0,686
10/15/2022,SAN,CA,AWP,WE,Towers with Radar,423,32,19,3,477,0,0,3,1,4,423,32,22,4,481,0,0,0,481
10/16/2022,SAN,CA,AWP,WE,Towers with Radar,528,48,31,1,608,0,0,7,1,8,528,48,38,2,616,0,0,0,616
10/17/2022,SAN,CA,AWP,WE,Towers with Radar,565,42,32,0,639,1,0,7,1,9,566,42,39,1,648,0,0,0,648
10/18/2022,SAN,CA,AWP,WE,Towers with Radar,547,42,26,4,619,0,0,12,4,16,547,42,38,8,635,0,0,0,635
10/19/2022,SAN,CA,AWP,WE,Towers with Radar,552,63,39,2,656,0,0,7,4,11,552,63,46,6,667,0,0,0,667
10/20/2022,SAN,CA,AWP,WE,Towers with Radar,591,41,30,6,668,0,5,4,5,14,591,46,34,11,682,0,0,0,682
10/21/2022,SAN,CA,AWP,WE,Towers with Radar,578,61,36,0,675,0,1,2,1,4,578,62,38,1,679,0,0,0,679
10/22/2022,SAN,CA,AWP,WE,Towers with Radar,426,44,38,2,510,0,0,4,3,7,426,44,42,5,517,0,0,0,517
10/23/2022,SAN,CA,AWP,WE,Towers with Radar,533,45,47,0,625,0,0,4,0,4,533,45,51,0,629,0,0,0,629
10/24/2022,SAN,CA,AWP,WE,Towers with Radar,556,53,42,2,653,0,1,4,3,8,556,54,46,5,661,0,0,0,661
10/25/2022,SAN,CA,AWP,WE,Towers with Radar,514,50,45,7,616,0,0,4,6,10,514,50,49,13,626,0,0,0,626
10/26/2022,SAN,CA,AWP,WE,Towers with Radar,544,40,25,0,609,0,0,3,2,5,544,40,28,2,614,0,0,0,614
10/27/2022,SAN,CA,AWP,WE,Towers with Radar,582,54,21,5,662,0,1,0,6,7,582,55,21,11,669,0,0,0,669
10/28/2022,SAN,CA,AWP,WE,Towers with Radar,559,38,21,1,619,0,1,4,3,8,559,39,25,4,627,0,0,0,627
10/29/2022,SAN,CA,AWP,WE,Towers with Radar,415,32,12,1,460,0,0,13,0,13,415,32,25,1,473,0,0,0,473
10/30/2022,SAN,CA,AWP,WE,Towers with Radar,511,37,17,0,565,0,0,4,0,4,511,37,21,0,569,0,0,0,569
10/31/2022,SAN,CA,AWP,WE,Towers with Radar,514,47,16,0,577,0,0,2,1,3,514,47,18,1,580,3,3,6,586
11/01/2022,SAN,CA,AWP,WE,Towers with Radar,541,37,13,3,594,0,0,1,2,3,541,37,14,5,597,0,0,0,597
11/02/2022,SAN,CA,AWP,WE,Towers with Radar,551,46,22,4,623,0,0,2,2,4,551,46,24,6,627,0,0,0,627
11/03/2022,SAN,CA,AWP,WE,Towers with Radar,562,31,28,0,621,0,4,0,4,8,562,35,28,4,629,0,0,0,629
11/04/2022,SAN,CA,AWP,WE,Towers with Radar,551,33,26,2,612,0,0,4,1,5,551,33,30,3,617,0,0,0,617
11/05/2022,SAN,CA,AWP,WE,Towers with Radar,422,48,15,2,487,0,2,5,1,8,422,50,20,3,495,0,0,0,495
11/06/2022,SAN,CA,AWP,WE,Towers with Radar,542,32,21,0,595,0,0,6,0,6,542,32,27,0,601,0,0,0,601
11/07/2022,SAN,CA,AWP,WE,Towers with Radar,548,33,26,4,611,0,0,0,0,0,548,33,26,4,611,0,0,0,611
11/08/2022,SAN,CA,AWP,WE,Towers with Radar,528,47,23,23,621,0,0,0,0,0,528,47,23,23,621,0,0,0,621
11/09/2022,SAN,CA,AWP,WE,Towers with Radar,523,61,28,3,615,0,0,2,4,6,523,61,30,7,621,0,0,0,621
11/10/2022,SAN,CA,AWP,WE,Towers with Radar,569,50,34,0,653,0,0,8,3,11,569,50,42,3,664,0,0,0,664
11/11/2022,SAN,CA,AWP,WE,Towers with Radar,567,51,45,0,663,0,2,6,1,9,567,53,51,1,672,0,0,0,672
11/12/2022,SAN,CA,AWP,WE,Towers with Radar,439,36,20,0,495,0,1,4,0,5,439,37,24,0,500,0,0,0,500
11/13/2022,SAN,CA,AWP,WE,Towers with Radar,561,39,37,0,637,0,0,0,1,1,561,39,37,1,638,0,0,0,638
11/14/2022,SAN,CA,AWP,WE,Towers with Radar,552,32,21,1,606,0,2,7,4,13,552,34,28,5,619,0,0,0,619
11/15/2022,SAN,CA,AWP,WE,Towers with Radar,517,42,26,0,585,0,0,0,3,3,517,42,26,3,588,0,0,0,588
11/16/2022,SAN,CA,AWP,WE,Towers with Radar,530,44,31,1,606,0,2,3,7,12,530,46,34,8,618,0,0,0,618
11/17/2022,SAN,CA,AWP,WE,Towers with Radar,570,53,24,1,648,0,1,10,4,15,570,54,34,5,663,0,0,0,663
11/18/2022,SAN,CA,AWP,WE,Towers with Radar,571,54,40,0,665,0,1,11,3,15,571,55,51,3,680,0,0,0,680
11/19/2022,SAN,CA,AWP,WE,Towers with Radar,482,45,24,0,551,0,1,9,2,12,482,46,33,2,563,0,0,0,563
11/20/2022,SAN,CA,AWP,WE,Towers with Radar,577,41,33,0,651,0,1,9,1,11,577,42,42,1,662,0,0,0,662
11/21/2022,SAN,CA,AWP,WE,Towers with Radar,571,53,24,0,648,0,0,7,6,13,571,53,31,6,661,0,0,0,661
11/22/2022,SAN,CA,AWP,WE,Towers with Radar,565,38,24,1,628,0,0,7,6,13,565,38,31,7,641,0,0,0,641
11/23/2022,SAN,CA,AWP,WE,Towers with Radar,587,39,23,0,649,0,1,0,5,6,587,40,23,5,655,0,0,0,655
11/24/2022,SAN,CA,AWP,WE,Towers with Radar,370,17,17,0,404,0,0,5,0,5,370,17,22,0,409,0,0,0,409
11/25/2022,SAN,CA,AWP,WE,Towers with Radar,521,35,18,0,574,0,4,7,1,12,521,39,25,1,586,0,0,0,586
11/26/2022,SAN,CA,AWP,WE,Towers with Radar,486,42,30,0,558,0,0,3,0,3,486,42,33,0,561,0,0,0,561
11/27/2022,SAN,CA,AWP,WE,Towers with Radar,555,46,40,0,641,0,1,10,0,11,555,47,50,0,652,0,0,0,652
11/28/2022,SAN,CA,AWP,WE,Towers with Radar,568,36,16,0,620,1,1,6,3,11,569,37,22,3,631,0,0,0,631
11/29/2022,SAN,CA,AWP,WE,Towers with Radar,539,24,18,2,583,1,2,3,5,11,540,26,21,7,594,0,0,0,594
11/30/2022,SAN,CA,AWP,WE,Towers with Radar,502,38,20,2,562,0,1,0,6,7,502,39,20,8,569,0,0,0,569
12/01/2022,SAN,CA,AWP,WE,Towers with Radar,537,45,22,1,605,0,2,4,4,10,537,47,26,5,615,0,0,0,615
12/02/2022,SAN,CA,AWP,WE,Towers with Radar,536,57,37,2,632,0,0,2,1,3,536,57,39,3,635,0,0,0,635
12/03/2022,SAN,CA,AWP,WE,Towers with Radar,426,30,11,0,467,0,0,7,1,8,426,30,18,1,475,0,0,0,475
12/04/2022,SAN,CA,AWP,WE,Towers with Radar,537,37,46,2,622,0,0,2,1,3,537,37,48,3,625,0,0,0,625
12/05/2022,SAN,CA,AWP,WE,Towers with Radar,528,47,30,1,606,0,0,3,1,4,528,47,33,2,610,0,0,0,610
12/06/2022,SAN,CA,AWP,WE,Towers with Radar,495,36,16,4,551,0,2,3,3,8,495,38,19,7,559,0,0,0,559
12/07/2022,SAN,CA,AWP,WE,Towers with Radar,509,43,24,1,577,0,1,2,4,7,509,44,26,5,584,0,0,0,584
12/08/2022,SAN,CA,AWP,WE,Towers with Radar,536,50,33,1,620,0,2,3,4,9,536,52,36,5,629,0,0,0,629
12/09/2022,SAN,CA,AWP,WE,Towers with Radar,540,52,20,0,612,0,0,4,4,8,540,52,24,4,620,0,0,0,620
12/10/2022,SAN,CA,AWP,WE,Towers with Radar,429,36,8,0,473,0,0,27,2,29,429,36,35,2,502,0,0,0,502
12/11/2022,SAN,CA,AWP,WE,Towers with Radar,552,41,22,0,615,0,0,0,0,0,552,41,22,0,615,0,0,0,615
12/12/2022,SAN,CA,AWP,WE,Towers with Radar,540,39,12,0,591,0,0,5,3,8,540,39,17,3,599,0,0,0,599
12/13/2022,SAN,CA,AWP,WE,Towers with Radar,490,42,21,2,555,0,0,1,1,2,490,42,22,3,557,0,0,0,557
12/14/2022,SAN,CA,AWP,WE,Towers with Radar,521,53,17,1,592,0,1,4,4,9,521,54,21,5,601,0,0,0,601
12/15/2022,SAN,CA,AWP,WE,Towers with Radar,545,45,19,2,611,0,1,5,0,6,545,46,24,2,617,0,0,0,617
12/16/2022,SAN,CA,AWP,WE,Towers with Radar,583,41,17,0,641,0,1,12,3,16,583,42,29,3,657,0,0,0,657
12/17/2022,SAN,CA,AWP,WE,Towers with Radar,470,43,31,0,544,0,0,10,1,11,470,43,41,1,555,0,0,0,555
12/18/2022,SAN,CA,AWP,WE,Towers with Radar,548,34,16,0,598,0,2,5,1,8,548,36,21,1,606,0,0,0,606
12/19/2022,SAN,CA,AWP,WE,Towers with Radar,556,37,19,2,614,0,0,6,4,10,556,37,25,6,624,0,0,0,624
12/20/2022,SAN,CA,AWP,WE,Towers with Radar,539,35,10,6,590,0,2,4,5,11,539,37,14,11,601,0,0,0,601
12/21/2022,SAN,CA,AWP,WE,Towers with Radar,545,39,10,3,597,0,0,4,1,5,545,39,14,4,602,0,0,0,602
12/22/2022,SAN,CA,AWP,WE,Towers with Radar,439,53,15,0,507,0,0,2,3,5,439,53,17,3,512,0,0,0,512
12/23/2022,SAN,CA,AWP,WE,Towers with Radar,392,37,18,0,447,0,3,6,0,9,392,40,24,0,456,0,0,0,456
12/24/2022,SAN,CA,AWP,WE,Towers with Radar,303,41,5,0,349,0,0,4,0,4,303,41,9,0,353,0,0,0,353
12/25/2022,SAN,CA,AWP,WE,Towers with Radar,307,25,6,0,338,0,0,4,0,4,307,25,10,0,342,0,0,0,342
12/26/2022,SAN,CA,AWP,WE,Towers with Radar,346,51,29,0,426,0,1,5,0,6,346,52,34,0,432,0,0,0,432
12/27/2022,SAN,CA,AWP,WE,Towers with Radar,349,38,36,2,425,0,0,0,0,0,349,38,36,2,425,0,0,0,425
12/28/2022,SAN,CA,AWP,WE,Towers with Radar,372,42,36,0,450,0,0,1,4,5,372,42,37,4,455,0,0,0,455
12/29/2022,SAN,CA,AWP,WE,Towers with Radar,399,61,26,0,486,0,0,5,0,5,399,61,31,0,491,0,0,0,491
12/30/2022,SAN,CA,AWP,WE,Towers with Radar,553,50,19,0,622,0,0,0,1,1,553,50,19,1,623,0,0,0,623
12/31/2022,SAN,CA,AWP,WE,Towers with Radar,386,32,5,0,423,0,1,2,0,3,386,33,7,0,426,0,0,0,426
01/01/2023,SAN,CA,AWP,WE,Towers with Radar,496,40,21,0,557,0,0,0,1,1,496,40,21,1,558,0,0,0,558
01/02/2023,SAN,CA,AWP,WE,Towers with Radar,518,43,38,0,599,0,0,4,0,4,518,43,42,0,603,0,0,0,603
01/03/2023,SAN,CA,AWP,WE,Towers with Radar,538,35,23,6,602,0,3,1,0,4,538,38,24,6,606,0,0,0,606
01/04/2023,SAN,CA,AWP,WE,Towers with Radar,518,44,20,7,589,0,0,0,1,1,518,44,20,8,590,0,0,0,590
01/05/2023,SAN,CA,AWP,WE,Towers with Radar,509,31,18,3,561,0,0,2,0,2,509,31,20,3,563,0,0,0,563
01/06/2023,SAN,CA,AWP,WE,Towers with Radar,515,41,18,2,576,0,0,6,2,8,515,41,24,4,584,0,0,0,584
01/07/2023,SAN,CA,AWP,WE,Towers with Radar,403,32,19,2,456,0,2,9,1,12,403,34,28,3,468,0,0,0,468
01/08/2023,SAN,CA,AWP,WE,Towers with Radar,480,44,24,0,548,0,0,10,1,11,480,44,34,1,559,0,0,0,559
01/09/2023,SAN,CA,AWP,WE,Towers with Radar,512,28,13,0,553,0,0,1,0,1,512,28,14,0,554,0,0,0,554
01/10/2023,SAN,CA,AWP,WE,Towers with Radar,469,33,19,4,525,0,0,2,1,3,469,33,21,5,528,0,0,0,528
01/11/2023,SAN,CA,AWP,WE,Towers with Radar,435,39,10,6,490,0,0,5,9,14,435,39,15,15,504,0,0,0,504
01/12/2023,SAN,CA,AWP,WE,Towers with Radar,517,49,17,0,583,0,0,1,4,5,517,49,18,4,588,0,0,0,588
01/13/2023,SAN,CA,AWP,WE,Towers with Radar,523,51,20,0,594,0,0,6,0,6,523,51,26,0,600,0,0,0,600
01/14/2023,SAN,CA,AWP,WE,Towers with Radar,385,23,14,0,422,0,1,6,1,8,385,24,20,1,430,0,0,0,430
01/15/2023,SAN,CA,AWP,WE,Towers with Radar,467,35,11,1,514,0,0,1,1,2,467,35,12,2,516,0,0,0,516
01/16/2023,SAN,CA,AWP,WE,Towers with Radar,524,40,31,2,597,0,0,1,0,1,524,40,32,2,598,0,0,0,598
01/17/2023,SAN,CA,AWP,WE,Towers with Radar,459,28,14,0,501,0,1,2,1,4,459,29,16,1,505,0,0,0,505
01/18/2023,SAN,CA,AWP,WE,Towers with Radar,463,27,9,0,499,0,0,6,3,9,463,27,15,3,508,0,0,0,508
01/19/2023,SAN,CA,AWP,WE,Towers with Radar,505,44,29,0,578,0,0,4,3,7,505,44,33,3,585,0,0,0,585
01/20/2023,SAN,CA,AWP,WE,Towers with Radar,527,54,21,0,602,0,0,8,4,12,527,54,29,4,614,0,0,0,614
01/21/2023,SAN,CA,AWP,WE,Towers with Radar,369,36,11,0,416,0,0,13,1,14,369,36,24,1,430,0,0,0,430
01/22/2023,SAN,CA,AWP,WE,Towers with Radar,474,45,28,2,549,0,0,1,2,3,474,45,29,4,552,0,0,0,552
01/23/2023,SAN,CA,AWP,WE,Towers with Radar,503,40,36,6,585,0,0,8,4,12,503,40,44,10,597,0,0,0,597
01/24/2023,SAN,CA,AWP,WE,Towers with Radar,463,38,26,1,528,0,1,4,6,11,463,39,30,7,539,0,0,0,539
01/25/2023,SAN,CA,AWP,WE,Towers with Radar,467,48,31,0,546,0,1,1,7,9,467,49,32,7,555,0,0,0,555
01/26/2023,SAN,CA,AWP,WE,Towers with Radar,515,60,36,0,611,0,1,5,1,7,515,61,41,1,618,0,0,0,618
01/27/2023,SAN,CA,AWP,WE,Towers with Radar,520,61,27,0,608,0,0,6,2,8,520,61,33,2,616,0,0,0,616
01/28/2023,SAN,CA,AWP,WE,Towers with Radar,376,41,20,0,437,0,0,6,0,6,376,41,26,0,443,0,0,0,443
01/29/2023,SAN,CA,AWP,WE,Towers with Radar,478,43,30,0,551,0,0,0,0,0,478,43,30,0,551,0,0,0,551
01/30/2023,SAN,CA,AWP,WE,Towers with Radar,473,50,27,0,550,0,0,2,1,3,473,50,29,1,553,0,0,0,553
01/31/2023,SAN,CA,AWP,WE,Towers with Radar,431,33,14,0,478,0,0,2,3,5,431,33,16,3,483,0,0,0,483
02/01/2023,SAN,CA,AWP,WE,Towers with Radar,448,54,35,2,539,0,2,1,3,6,448,56,36,5,545,0,0,0,545
02/02/2023,SAN,CA,AWP,WE,Towers with Radar,515,50,24,1,590,0,2,9,2,13,515,52,33,3,603,0,0,0,603
02/03/2023,SAN,CA,AWP,WE,Towers with Radar,522,42,26,2,592,0,0,5,5,10,522,42,31,7,602,0,0,0,602
02/04/2023,SAN,CA,AWP,WE,Towers with Radar,387,20,15,7,429,0,0,6,1,7,387,20,21,8,436,0,0,0,436
02/05/2023,SAN,CA,AWP,WE,Towers with Radar,474,28,18,2,522,0,0,6,0,6,474,28,24,2,528,0,0,0,528
02/06/2023,SAN,CA,AWP,WE,Towers with Radar,513,53,34,0,600,0,0,3,0,3,513,53,37,0,603,0,0,0,603
02/07/2023,SAN,CA,AWP,WE,Towers with Radar,470,34,18,0,522,0,0,7,4,11,470,34,25,4,533,0,0,0,533
02/08/2023,SAN,CA,AWP,WE,Towers with Radar,470,40,22,2,534,0,0,6,6,12,470,40,28,8,546,0,0,0,546
02/09/2023,SAN,CA,AWP,WE,Towers with Radar,515,64,22,3,604,0,0,6,1,7,515,64,28,4,611,0,0,0,611
02/10/2023,SAN,CA,AWP,WE,Towers with Radar,523,57,26,4,610,0,0,3,1,4,523,57,29,5,614,0,0,0,614
02/11/2023,SAN,CA,AWP,WE,Towers with Radar,385,23,17,0,425,0,0,2,0,2,385,23,19,0,427,0,0,0,427
02/12/2023,SAN,CA,AWP,WE,Towers with Radar,474,43,19,0,536,0,0,4,0,4,474,43,23,0,540,0,0,0,540
02/13/2023,SAN,CA,AWP,WE,Towers with Radar,507,61,35,2,605,0,1,3,1,5,507,62,38,3,610,0,0,0,610
02/14/2023,SAN,CA,AWP,WE,Towers with Radar,460,38,26,1,525,0,0,5,5,10,460,38,31,6,535,0,0,0,535
02/15/2023,SAN,CA,AWP,WE,Towers with Radar,477,45,28,0,550,0,0,2,5,7,477,45,30,5,557,0,0,0,557
02/16/2023,SAN,CA,AWP,WE,Towers with Radar,522,55,37,1,615,0,0,7,1,8,522,55,44,2,623,0,0,0,623
02/17/2023,SAN,CA,AWP,WE,Towers with Radar,542,49,26,3,620,0,1,8,1,10,542,50,34,4,630,0,0,0,630
02/18/2023,SAN,CA,AWP,WE,Towers with Radar,407,42,15,1,465,0,0,2,1,3,407,42,17,2,468,0,0,0,468
02/19/2023,SAN,CA,AWP,WE,Towers with Radar,485,31,14,0,530,0,0,4,1,5,485,31,18,1,535,0,0,0,535
02/20/2023,SAN,CA,AWP,WE,Towers with Radar,522,61,29,4,616,0,0,6,1,7,522,61,35,5,623,0,0,0,623
02/21/2023,SAN,CA,AWP,WE,Towers with Radar,491,51,22,2,566,0,0,0,1,1,491,51,22,3,567,0,0,0,567
02/22/2023,SAN,CA,AWP,WE,Towers with Radar,486,38,12,0,536,0,0,0,5,5,486,38,12,5,541,0,0,0,541
02/23/2023,SAN,CA,AWP,WE,Towers with Radar,502,53,21,0,576,0,0,3,4,7,502,53,24,4,583,0,0,0,583
02/24/2023,SAN,CA,AWP,WE,Towers with Radar,527,48,25,2,602,0,0,1,3,4,527,48,26,5,606,0,0,0,606
02/25/2023,SAN,CA,AWP,WE,Towers with Radar,421,44,13,4,482,0,0,0,0,0,421,44,13,4,482,0,0,0,482
02/26/2023,SAN,CA,AWP,WE,Towers with Radar,487,36,35,1,559,0,1,4,0,5,487,37,39,1,564,0,0,0,564
02/27/2023,SAN,CA,AWP,WE,Towers with Radar,522,41,23,0,586,0,1,2,1,4,522,42,25,1,590,0,0,0,590
02/28/2023,SAN,CA,AWP,WE,Towers with Radar,488,40,17,0,545,0,2,7,10,19,488,42,24,10,564,0,0,0,564
03/01/2023,SAN,CA,AWP,WE,Towers with Radar,481,29,23,0,533,0,2,2,6,10,481,31,25,6,543,0,0,0,543
03/02/2023,SAN,CA,AWP,WE,Towers with Radar,512,53,23,0,588,0,0,8,10,18,512,53,31,10,606,0,0,0,606
03/03/2023,SAN,CA,AWP,WE,Towers with Radar,535,50,31,4,620,0,2,2,4,8,535,52,33,8,628,0,0,0,628
03/04/2023,SAN,CA,AWP,WE,Towers with Radar,403,32,24,1,460,0,1,3,0,4,403,33,27,1,464,0,0,0,464
03/05/2023,SAN,CA,AWP,WE,Towers with Radar,489,55,24,0,568,0,1,4,1,6,489,56,28,1,574,0,0,0,574
03/06/2023,SAN,CA,AWP,WE,Towers with Radar,533,45,19,0,597,0,0,6,3,9,533,45,25,3,606,0,0,0,606
03/07/2023,SAN,CA,AWP,WE,Towers with Radar,476,39,28,2,545,0,0,5,4,9,476,39,33,6,554,0,0,0,554
03/08/2023,SAN,CA,AWP,WE,Towers with Radar,483,49,21,4,557,0,2,1,2,5,483,51,22,6,562,0,0,0,562
03/09/2023,SAN,CA,AWP,WE,Towers with Radar,537,45,16,0,598,0,0,3,8,11,537,45,19,8,609,0,0,0,609
03/10/2023,SAN,CA,AWP,WE,Towers with Radar,529,70,17,1,617,0,0,1,1,2,529,70,18,2,619,0,0,0,619
03/11/2023,SAN,CA,AWP,WE,Towers with Radar,452,43,18,1,514,0,0,0,0,0,452,43,18,1,514,0,0,0,514
03/12/2023,SAN,CA,AWP,WE,Towers with Radar,495,57,27,5,584,0,0,2,1,3,495,57,29,6,587,0,0,0,587
03/13/2023,SAN,CA,AWP,WE,Towers with Radar,551,39,15,9,614,0,0,1,2,3,551,39,16,11,617,0,0,0,617
03/14/2023,SAN,CA,AWP,WE,Towers with Radar,474,35,17,3,529,0,0,0,2,2,474,35,17,5,531,0,0,0,531
03/15/2023,SAN,CA,AWP,WE,Towers with Radar,486,52,27,7,572,0,0,0,0,0,486,52,27,7,572,0,0,0,572
03/16/2023,SAN,CA,AWP,WE,Towers with Radar,550,52,27,3,632,0,1,3,5,9,550,53,30,8,641,0,0,0,641
03/17/2023,SAN,CA,AWP,WE,Towers with Radar,566,47,17,3,633,0,1,4,3,8,566,48,21,6,641,0,0,0,641
03/18/2023,SAN,CA,AWP,WE,Towers with Radar,440,32,15,1,488,0,1,6,1,8,440,33,21,2,496,0,0,0,496
03/19/2023,SAN,CA,AWP,WE,Towers with Radar,507,57,17,0,581,0,0,0,1,1,507,57,17,1,582,0,0,0,582
03/20/2023,SAN,CA,AWP,WE,Towers with Radar,565,52,24,4,645,0,0,0,0,0,565,52,24,4,645,0,0,0,645
03/21/2023,SAN,CA,AWP,WE,Towers with Radar,467,26,14,8,515,0,0,0,1,1,467,26,14,9,516,0,0,0,516
03/22/2023,SAN,CA,AWP,WE,Towers with Radar,511,32,37,0,580,0,0,1,5,6,511,32,38,5,586,0,0,0,586
03/23/2023,SAN,CA,AWP,WE,Towers with Radar,557,53,17,0,627,0,1,0,4,5,557,54,17,4,632,0,0,0,632
03/24/2023,SAN,CA,AWP,WE,Towers with Radar,566,53,30,6,655,0,1,7,3,11,566,54,37,9,666,0,0,0,666
03/25/2023,SAN,CA,AWP,WE,Towers with Radar,433,29,22,2,486,0,1,8,2,11,433,30,30,4,497,0,0,0,497
03/26/2023,SAN,CA,AWP,WE,Towers with Radar,490,50,29,0,569,0,1,9,1,11,490,51,38,1,580,0,0,0,580
03/27/2023,SAN,CA,AWP,WE,Towers with Radar,565,58,19,1,643,0,0,7,5,12,565,58,26,6,655,0,0,0,655
03/28/2023,SAN,CA,AWP,WE,Towers with Radar,486,36,26,1,549,0,4,3,1,8,486,40,29,2,557,0,0,0,557
03/29/2023,SAN,CA,AWP,WE,Towers with Radar,526,45,25,0,596,0,0,0,4,4,526,45,25,4,600,0,0,0,600
03/30/2023,SAN,CA,AWP,WE,Towers with Radar,557,63,27,3,650,0,2,3,5,10,557,65,30,8,660,0,0,0,660
03/31/2023,SAN,CA,AWP,WE,Towers with Radar,563,45,32,3,643,0,2,0,0,2,563,47,32,3,645,0,0,0,645
04/01/2023,SAN,CA,AWP,WE,Towers with Radar,419,47,20,1,487,0,0,6,1,7,419,47,26,2,494,0,0,0,494
04/02/2023,SAN,CA,AWP,WE,Towers with Radar,500,47,36,1,584,0,0,7,0,7,500,47,43,1,591,0,0,0,591
04/03/2023,SAN,CA,AWP,WE,Towers with Radar,552,44,29,0,625,0,0,4,0,4,552,44,33,0,629,0,0,0,629
04/04/2023,SAN,CA,AWP,WE,Towers with Radar,508,42,20,0,570,0,1,2,2,5,508,43,22,2,575,0,0,0,575
04/05/2023,SAN,CA,AWP,WE,Towers with Radar,491,43,21,1,556,0,0,8,5,13,491,43,29,6,569,0,0,0,569
04/06/2023,SAN,CA,AWP,WE,Towers with Radar,562,61,30,3,656,0,2,1,4,7,562,63,31,7,663,0,0,0,663
04/07/2023,SAN,CA,AWP,WE,Towers with Radar,557,39,32,0,628,0,1,5,1,7,557,40,37,1,635,0,0,0,635
04/08/2023,SAN,CA,AWP,WE,Towers with Radar,421,42,16,2,481,0,0,3,1,4,421,42,19,3,485,0,0,0,485
04/09/2023,SAN,CA,AWP,WE,Towers with Radar,509,44,21,0,574,0,0,0,1,1,509,44,21,1,575,0,0,0,575
04/10/2023,SAN,CA,AWP,WE,Towers with Radar,556,38,32,0,626,0,0,0,4,4,556,38,32,4,630,0,0,0,630
04/11/2023,SAN,CA,AWP,WE,Towers with Radar,538,38,34,4,614,0,1,0,1,2,538,39,34,5,616,0,0,0,616
04/12/2023,SAN,CA,AWP,WE,Towers with Radar,538,28,25,2,593,0,1,0,0,1,538,29,25,2,594,0,0,0,594
04/13/2023,SAN,CA,AWP,WE,Towers with Radar,571,45,36,0,652,0,0,2,4,6,571,45,38,4,658,0,0,0,658
04/14/2023,SAN,CA,AWP,WE,Towers with Radar,561,42,29,1,633,0,0,3,3,6,561,42,32,4,639,0,0,0,639
04/15/2023,SAN,CA,AWP,WE,Towers with Radar,444,36,13,1,494,0,0,4,0,4,444,36,17,1,498,0,0,0,498
04/16/2023,SAN,CA,AWP,WE,Towers with Radar,536,50,28,1,615,0,0,0,0,0,536,50,28,1,615,0,0,0,615
04/17/2023,SAN,CA,AWP,WE,Towers with Radar,568,36,21,3,628,0,0,1,0,1,568,36,22,3,629,0,0,0,629
04/18/2023,SAN,CA,AWP,WE,Towers with Radar,520,37,19,0,576,0,0,2,3,5,520,37,21,3,581,0,0,0,581
04/19/2023,SAN,CA,AWP,WE,Towers with Radar,524,37,19,0,580,0,1,2,5,8,524,38,21,5,588,0,0,0,588
04/20/2023,SAN,CA,AWP,WE,Towers with Radar,531,53,19,0,603,0,0,7,6,13,531,53,26,6,616,0,0,0,616
04/21/2023,SAN,CA,AWP,WE,Towers with Radar,565,40,15,0,620,0,0,4,1,5,565,40,19,1,625,0,0,0,625
04/22/2023,SAN,CA,AWP,WE,Towers with Radar,433,32,13,0,478,0,0,10,0,10,433,32,23,0,488,0,0,0,488
04/23/2023,SAN,CA,AWP,WE,Towers with Radar,523,35,32,0,590,0,2,4,1,7,523,37,36,1,597,0,0,0,597
04/24/2023,SAN,CA,AWP,WE,Towers with Radar,559,36,17,6,618,0,0,0,0,0,559,36,17,6,618,0,0,0,618
04/25/2023,SAN,CA,AWP,WE,Towers with Radar,515,27,22,2,566,0,1,5,5,11,515,28,27,7,577,0,0,0,577
04/26/2023,SAN,CA,AWP,WE,Towers with Radar,522,40,29,6,597,0,0,2,0,2,522,40,31,6,599,0,0,0,599
04/27/2023,SAN,CA,AWP,WE,Towers with Radar,561,42,29,2,634,0,0,3,0,3,561,42,32,2,637,0,0,0,637
04/28/2023,SAN,CA,AWP,WE,Towers with Radar,550,46,29,1,626,0,0,2,2,4,550,46,31,3,630,0,0,0,630
04/29/2023,SAN,CA,AWP,WE,Towers with Radar,434,38,23,1,496,0,2,5,0,7,434,40,28,1,503,0,0,0,503
04/30/2023,SAN,CA,AWP,WE,Towers with Radar,521,51,25,0,597,0,0,2,3,5,521,51,27,3,602,0,0,0,602
05/01/2023,SAN,CA,AWP,WE,Towers with Radar,558,40,26,0,624,0,0,1,3,4,558,40,27,3,628,0,0,0,628
05/02/2023,SAN,CA,AWP,WE,Towers with Radar,525,30,23,2,580,0,1,0,3,4,525,31,23,5,584,0,0,0,584
05/03/2023,SAN,CA,AWP,WE,Towers with Radar,532,54,27,0,613,0,2,12,7,21,532,56,39,7,634,0,0,0,634
05/04/2023,SAN,CA,AWP,WE,Towers with Radar,554,57,47,0,658,0,1,0,11,12,554,58,47,11,670,0,0,0,670
05/05/2023,SAN,CA,AWP,WE,Towers with Radar,559,52,27,0,638,0,0,7,6,13,559,52,34,6,651,0,0,0,651
05/06/2023,SAN,CA,AWP,WE,Towers with Radar,437,33,15,0,485,0,1,6,0,7,437,34,21,0,492,0,0,0,492
05/07/2023,SAN,CA,AWP,WE,Towers with Radar,532,31,43,0,606,0,0,11,0,11,532,31,54,0,617,0,0,0,617
05/08/2023,SAN,CA,AWP,WE,Towers with Radar,556,43,26,0,625,0,0,3,0,3,556,43,29,0,628,0,0,0,628
05/09/2023,SAN,CA,AWP,WE,Towers with Radar,528,42,16,2,588,0,0,4,3,7,528,42,20,5,595,0,0,0,595
05/10/2023,SAN,CA,AWP,WE,Towers with Radar,534,40,26,0,600,0,0,4,5,9,534,40,30,5,609,0,0,0,609
05/11/2023,SAN,CA,AWP,WE,Towers with Radar,564,44,35,3,646,0,0,3,3,6,564,44,38,6,652,0,0,0,652
05/12/2023,SAN,CA,AWP,WE,Towers with Radar,552,47,23,2,624,0,2,2,0,4,552,49,25,2,628,0,0,0,628
05/13/2023,SAN,CA,AWP,WE,Towers with Radar,446,36,19,0,501,1,0,2,0,3,447,36,21,0,504,0,0,0,504
05/14/2023,SAN,CA,AWP,WE,Towers with Radar,544,39,19,0,602,0,0,0,0,0,544,39,19,0,602,0,0,0,602
05/15/2023,SAN,CA,AWP,WE,Towers with Radar,558,35,25,1,619,0,0,1,1,2,558,35,26,2,621,0,0,0,621
05/16/2023,SAN,CA,AWP,WE,Towers with Radar,535,31,16,1,583,0,1,4,3,8,535,32,20,4,591,0,0,0,591
05/17/2023,SAN,CA,AWP,WE,Towers with Radar,542,43,22,2,609,0,0,0,2,2,542,43,22,4,611,0,0,0,611
05/18/2023,SAN,CA,AWP,WE,Towers with Radar,575,54,23,5,657,0,0,3,0,3,575,54,26,5,660,0,0,0,660
05/19/2023,SAN,CA,AWP,WE,Towers with Radar,551,35,31,0,617,0,0,0,0,0,551,35,31,0,617,0,0,0,617
05/20/2023,SAN,CA,AWP,WE,Towers with Radar,462,30,23,1,516,0,0,5,0,5,462,30,28,1,521,0,0,0,521
05/21/2023,SAN,CA,AWP,WE,Towers with Radar,549,45,33,1,628,0,0,1,2,3,549,45,34,3,631,0,0,0,631
05/22/2023,SAN,CA,AWP,WE,Towers with Radar,562,22,23,1,608,0,0,0,0,0,562,22,23,1,608,0,0,0,608
05/23/2023,SAN,CA,AWP,WE,Towers with Radar,550,31,12,1,594,0,2,0,2,4,550,33,12,3,598,0,0,0,598
05/24/2023,SAN,CA,AWP,WE,Towers with Radar,540,32,33,1,606,2,0,2,8,12,542,32,35,9,618,0,0,0,618
05/25/2023,SAN,CA,AWP,WE,Towers with Radar,573,68,15,2,658,0,0,2,8,10,573,68,17,10,668,0,0,0,668
05/26/2023,SAN,CA,AWP,WE,Towers with Radar,570,49,28,3,650,0,1,4,0,5,570,50,32,3,655,0,0,0,655
05/27/2023,SAN,CA,AWP,WE,Towers with Radar,447,28,24,2,501,1,0,7,1,9,448,28,31,3,510,0,0,0,510
05/28/2023,SAN,CA,AWP,WE,Towers with Radar,499,35,18,2,554,0,0,1,1,2,499,35,19,3,556,0,0,0,556
05/29/2023,SAN,CA,AWP,WE,Towers with Radar,557,52,31,0,640,0,0,6,1,7,557,52,37,1,647,0,0,0,647
05/30/2023,SAN,CA,AWP,WE,Towers with Radar,543,35,19,0,597,0,0,3,1,4,543,35,22,1,601,0,0,0,601
05/31/2023,SAN,CA,AWP,WE,Towers with Radar,554,39,11,0,604,0,0,2,4,6,554,39,13,4,610,0,0,0,610
06/01/2023,SAN,CA,AWP,WE,Towers with Radar,569,45,14,0,628,1,1,4,4,10,570,46,18,4,638,0,0,0,638
06/02/2023,SAN,CA,AWP,WE,Towers with Radar,580,49,28,0,657,0,0,5,6,11,580,49,33,6,668,0,0,0,668
06/03/2023,SAN,CA,AWP,WE,Towers with Radar,468,33,15,0,516,0,0,2,0,2,468,33,17,0,518,0,0,0,518
06/04/2023,SAN,CA,AWP,WE,Towers with Radar,549,31,25,0,605,0,2,2,1,5,549,33,27,1,610,0,0,0,610
06/05/2023,SAN,CA,AWP,WE,Towers with Radar,577,40,18,4,639,1,4,0,2,7,578,44,18,6,646,0,0,0,646
06/06/2023,SAN,CA,AWP,WE,Towers with Radar,554,31,17,3,605,0,1,4,1,6,554,32,21,4,611,0,0,0,611
06/07/2023,SAN,CA,AWP,WE,Towers with Radar,557,36,29,4,626,0,0,3,4,7,557,36,32,8,633,0,0,0,633
06/08/2023,SAN,CA,AWP,WE,Towers with Radar,589,46,19,2,656,0,0,3,9,12,589,46,22,11,668,0,0,0,668
06/09/2023,SAN,CA,AWP,WE,Towers with Radar,584,46,23,1,654,0,0,7,2,9,584,46,30,3,663,0,0,0,663
06/10/2023,SAN,CA,AWP,WE,Towers with Radar,479,25,17,2,523,0,0,1,1,2,479,25,18,3,525,0,0,0,525
06/11/2023,SAN,CA,AWP,WE,Towers with Radar,569,40,15,1,625,0,0,0,0,0,569,40,15,1,625,0,0,0,625
06/12/2023,SAN,CA,AWP,WE,Towers with Radar,572,36,23,2,633,0,3,0,4,7,572,39,23,6,640,0,0,0,640
06/13/2023,SAN,CA,AWP,WE,Towers with Radar,555,45,16,2,618,1,0,2,2,5,556,45,18,4,623,0,0,0,623
06/14/2023,SAN,CA,AWP,WE,Towers with Radar,557,28,20,4,609,1,2,2,8,13,558,30,22,12,622,0,0,0,622
06/15/2023,SAN,CA,AWP,WE,Towers with Radar,595,34,23,0,652,0,0,4,2,6,595,34,27,2,658,0,0,0,658
06/16/2023,SAN,CA,AWP,WE,Towers with Radar,587,52,24,2,665,0,1,2,1,4,587,53,26,3,669,0,0,0,669
06/17/2023,SAN,CA,AWP,WE,Towers with Radar,481,33,19,0,533,0,0,3,0,3,481,33,22,0,536,0,0,0,536
06/18/2023,SAN,CA,AWP,WE,Towers with Radar,576,49,23,1,649,0,1,1,0,2,576,50,24,1,651,0,0,0,651
06/19/2023,SAN,CA,AWP,WE,Towers with Radar,570,53,30,0,653,0,0,2,1,3,570,53,32,1,656,0,0,0,656
06/20/2023,SAN,CA,AWP,WE,Towers with Radar,567,42,19,0,628,0,2,2,1,5,567,44,21,1,633,0,0,0,633
06/21/2023,SAN,CA,AWP,WE,Towers with Radar,545,62,29,0,636,0,0,5,2,7,545,62,34,2,643,0,0,0,643
06/22/2023,SAN,CA,AWP,WE,Towers with Radar,593,44,13,0,650,0,2,5,3,10,593,46,18,3,660,0,0,0,660
06/23/2023,SAN,CA,AWP,WE,Towers with Radar,578,51,38,0,667,0,0,2,1,3,578,51,40,1,670,0,0,0,670
06/24/2023,SAN,CA,AWP,WE,Towers with Radar,487,39,10,3,539,0,1,9,1,11,487,40,19,4,550,0,0,0,550
06/25/2023,SAN,CA,AWP,WE,Towers with Radar,556,59,28,0,643,0,0,8,1,9,556,59,36,1,652,0,0,0,652
06/26/2023,SAN,CA,AWP,WE,Towers with Radar,571,57,26,1,655,0,1,1,3,5,571,58,27,4,660,0,0,0,660
06/27/2023,SAN,CA,AWP,WE,Towers with Radar,544,40,29,2,615,0,1,3,4,8,544,41,32,6,623,0,0,0,623
06/28/2023,SAN,CA,AWP,WE,Towers with Radar,537,50,34,3,624,0,1,6,4,11,537,51,40,7,635,0,0,0,635
06/29/2023,SAN,CA,AWP,WE,Towers with Radar,590,57,32,3,682,0,0,2,3,5,590,57,34,6,687,0,0,0,687
06/30/2023,SAN,CA,AWP,WE,Towers with Radar,590,53,52,2,697,0,1,1,0,2,590,54,53,2,699,0,0,0,699
07/01/2023,SAN,CA,AWP,WE,Towers with Radar,489,38,21,1,549,0,0,2,0,2,489,38,23,1,551,0,0,0,551
07/02/2023,SAN,CA,AWP,WE,Towers with Radar,548,39,35,1,623,0,2,2,2,6,548,41,37,3,629,0,0,0,629
07/03/2023,SAN,CA,AWP,WE,Towers with Radar,551,40,13,2,606,0,1,2,0,3,551,41,15,2,609,0,0,0,609
07/04/2023,SAN,CA,AWP,WE,Towers with Radar,523,25,9,0,557,0,0,6,0,6,523,25,15,0,563,0,0,0,563
07/05/2023,SAN,CA,AWP,WE,Towers with Radar,560,34,21,5,620,0,0,4,2,6,560,34,25,7,626,0,0,0,626
07/06/2023,SAN,CA,AWP,WE,Towers with Radar,607,31,24,0,662,0,0,5,2,7,607,31,29,2,669,0,0,0,669
07/07/2023,SAN,CA,AWP,WE,Towers with Radar,587,27,18,2,634,0,1,10,2,13,587,28,28,4,647,0,0,0,647
07/08/2023,SAN,CA,AWP,WE,Towers with Radar,497,44,18,0,559,1,0,6,3,10,498,44,24,3,569,0,0,0,569
07/09/2023,SAN,CA,AWP,WE,Towers with Radar,569,57,39,0,665,0,0,5,0,5,569,57,44,0,670,0,0,0,670
07/10/2023,SAN,CA,AWP,WE,Towers with Radar,598,51,32,0,681,0,0,2,0,2,598,51,34,0,683,0,0,0,683
07/11/2023,SAN,CA,AWP,WE,Towers with Radar,551,40,10,0,601,0,0,4,1,5,551,40,14,1,606,0,0,0,606
07/12/2023,SAN,CA,AWP,WE,Towers with Radar,558,46,20,2,626,0,0,7,3,10,558,46,27,5,636,0,0,0,636
07/13/2023,SAN,CA,AWP,WE,Towers with Radar,601,54,24,0,679,0,1,2,10,13,601,55,26,10,692,0,0,0,692
07/14/2023,SAN,CA,AWP,WE,Towers with Radar,573,53,33,0,659,0,0,8,1,9,573,53,41,1,668,0,0,0,668
07/15/2023,SAN,CA,AWP,WE,Towers with Radar,504,48,38,0,590,0,0,13,1,14,504,48,51,1,604,0,0,0,604
07/16/2023,SAN,CA,AWP,WE,Towers with Radar,567,41,45,0,653,0,0,8,2,10,567,41,53,2,663,0,0,0,663
07/17/2023,SAN,CA,AWP,WE,Towers with Radar,584,56,27,0,667,0,0,3,3,6,584,56,30,3,673,0,0,0,673
07/18/2023,SAN,CA,AWP,WE,Towers with Radar,551,37,23,1,612,0,2,3,2,7,551,39,26,3,619,0,0,0,619
07/19/2023,SAN,CA,AWP,WE,Towers with Radar,552,53,26,0,631,0,0,8,4,12,552,53,34,4,643,0,0,0,643
07/20/2023,SAN,CA,AWP,WE,Towers with Radar,590,64,25,0,679,0,1,1,4,6,590,65,26,4,685,0,0,0,685
07/21/2023,SAN,CA,AWP,WE,Towers with Radar,592,57,26,0,675,0,2,2,2,6,592,59,28,2,681,0,0,0,681
07/22/2023,SAN,CA,AWP,WE,Towers with Radar,503,45,5,0,553,1,0,8,0,9,504,45,13,0,562,0,0,0,562
07/23/2023,SAN,CA,AWP,WE,Towers with Radar,588,71,28,0,687,0,0,5,0,5,588,71,33,0,692,0,0,0,692
07/24/2023,SAN,CA,AWP,WE,Towers with Radar,582,68,26,0,676,0,1,0,1,2,582,69,26,1,678,0,0,0,678
07/25/2023,SAN,CA,AWP,WE,Towers with Radar,559,28,18,1,606,0,1,1,3,5,559,29,19,4,611,0,0,0,611
07/26/2023,SAN,CA,AWP,WE,Towers with Radar,555,35,24,1,615,0,0,6,2,8,555,35,30,3,623,0,0,0,623
07/27/2023,SAN,CA,AWP,WE,Towers with Radar,603,50,35,0,688,0,0,5,1,6,603,50,40,1,694,0,0,0,694
07/28/2023,SAN,CA,AWP,WE,Towers with Radar,587,45,35,0,667,0,0,0,0,0,587,45,35,0,667,0,0,0,667
07/29/2023,SAN,CA,AWP,WE,Towers with Radar,498,68,29,0,595,0,1,2,1,4,498,69,31,1,599,0,0,0,599
07/30/2023,SAN,CA,AWP,WE,Towers with Radar,581,65,39,0,685,0,0,0,0,0,581,65,39,0,685,0,0,0,685
07/31/2023,SAN,CA,AWP,WE,Towers with Radar,583,56,43,0,682,0,0,2,2,4,583,56,45,2,686,0,0,0,686
08/01/2023,SAN,CA,AWP,WE,Towers with Radar,562,48,28,1,639,0,0,3,0,3,562,48,31,1,642,0,0,0,642
08/02/2023,SAN,CA,AWP,WE,Towers with Radar,564,43,32,1,640,0,0,2,3,5,564,43,34,4,645,0,0,0,645
08/03/2023,SAN,CA,AWP,WE,Towers with Radar,603,47,14,1,665,0,1,0,5,6,603,48,14,6,671,0,0,0,671
08/04/2023,SAN,CA,AWP,WE,Towers with Radar,586,70,22,0,678,0,3,5,0,8,586,73,27,0,686,0,0,0,686
08/05/2023,SAN,CA,AWP,WE,Towers with Radar,502,37,21,1,561,0,3,5,0,8,502,40,26,1,569,0,0,0,569
08/06/2023,SAN,CA,AWP,WE,Towers with Radar,569,42,25,0,636,0,0,3,2,5,569,42,28,2,641,0,0,0,641
08/07/2023,SAN,CA,AWP,WE,Towers with Radar,565,58,24,0,647,0,0,0,1,1,565,58,24,1,648,0,0,0,648
08/08/2023,SAN,CA,AWP,WE,Towers with Radar,566,34,11,0,611,0,0,8,2,10,566,34,19,2,621,0,0,0,621
08/09/2023,SAN,CA,AWP,WE,Towers with Radar,553,47,18,0,618,0,0,3,6,9,553,47,21,6,627,0,0,0,627
08/10/2023,SAN,CA,AWP,WE,Towers with Radar,598,48,25,0,671,0,2,5,7,14,598,50,30,7,685,0,0,0,685
08/11/2023,SAN,CA,AWP,WE,Towers with Radar,593,56,36,2,687,0,0,3,0,3,593,56,39,2,690,0,0,0,690
08/12/2023,SAN,CA,AWP,WE,Towers with Radar,502,46,12,0,560,0,0,6,0,6,502,46,18,0,566,0,0,0,566
08/13/2023,SAN,CA,AWP,WE,Towers with Radar,581,48,21,0,650,0,0,0,0,0,581,48,21,0,650,0,0,0,650
08/14/2023,SAN,CA,AWP,WE,Towers with Radar,586,43,38,0,667,0,0,0,1,1,586,43,38,1,668,0,0,0,668
08/15/2023,SAN,CA,AWP,WE,Towers with Radar,554,37,17,2,610,0,1,1,1,3,554,38,18,3,613,0,0,0,613
08/16/2023,SAN,CA,AWP,WE,Towers with Radar,560,30,29,0,619,0,0,4,4,8,560,30,33,4,627,0,0,0,627
08/17/2023,SAN,CA,AWP,WE,Towers with Radar,584,40,17,2,643,0,1,0,1,2,584,41,17,3,645,0,0,0,645
08/18/2023,SAN,CA,AWP,WE,Towers with Radar,566,54,24,0,644,0,1,0,1,2,566,55,24,1,646,0,0,0,646
08/19/2023,SAN,CA,AWP,WE,Towers with Radar,488,52,36,0,576,0,0,5,1,6,488,52,41,1,582,0,0,0,582
08/20/2023,SAN,CA,AWP,WE,Towers with Radar,335,20,12,0,367,0,0,1,2,3,335,20,13,2,370,0,0,0,370
08/21/2023,SAN,CA,AWP,WE,Towers with Radar,496,46,9,0,551,0,0,0,0,0,496,46,9,0,551,0,0,0,551
08/22/2023,SAN,CA,AWP,WE,Towers with Radar,563,33,17,2,615,0,0,0,2,2,563,33,17,4,617,0,0,0,617
08/23/2023,SAN,CA,AWP,WE,Towers with Radar,551,30,24,5,610,0,0,0,3,3,551,30,24,8,613,0,0,0,613
08/24/2023,SAN,CA,AWP,WE,Towers with Radar,590,51,19,2,662,0,0,3,4,7,590,51,22,6,669,0,0,0,669
08/25/2023,SAN,CA,AWP,WE,Towers with Radar,585,40,23,0,648,0,0,4,2,6,585,40,27,2,654,0,0,0,654
08/26/2023,SAN,CA,AWP,WE,Towers with Radar,493,33,20,0,546,0,1,9,1,11,493,34,29,1,557,0,0,0,557
08/27/2023,SAN,CA,AWP,WE,Towers with Radar,562,32,21,0,615,0,0,8,1,9,562,32,29,1,624,0,0,0,624
08/28/2023,SAN,CA,AWP,WE,Towers with Radar,568,37,14,2,621,0,0,7,0,7,568,37,21,2,628,0,0,0,628
08/29/2023,SAN,CA,AWP,WE,Towers with Radar,559,26,15,2,602,0,0,2,3,5,559,26,17,5,607,0,0,0,607
08/30/2023,SAN,CA,AWP,WE,Towers with Radar,571,21,13,0,605,0,0,0,1,1,571,21,13,1,606,0,0,0,606
08/31/2023,SAN,CA,AWP,WE,Towers with Radar,591,43,19,0,653,0,0,2,4,6,591,43,21,4,659,0,0,0,659
