01/01/2000,SAT,TX,ASW,CE,Towers with Radar,77,30,45,4,156,58,0,107,19,184,135,30,152,23,340,18,0,18,358
01/02/2000,SAT,TX,ASW,CE,Towers with Radar,115,43,67,6,231,65,0,125,28,218,180,43,192,34,449,0,0,0,449
01/03/2000,SAT,TX,ASW,CE,Towers with Radar,119,46,69,6,240,82,27,157,8,274,201,73,226,14,514,8,0,8,522
01/04/2000,SAT,TX,ASW,CE,Towers with Radar,226,98,149,12,485,0,15,150,20,185,226,113,299,32,670,8,0,8,678
01/05/2000,SAT,TX,ASW,CE,Towers with Radar,222,101,154,12,489,0,38,229,20,287,222,139,383,32,776,42,0,42,818
01/06/2000,SAT,TX,ASW,CE,Towers with Radar,228,112,171,14,525,0,20,154,22,196,228,132,325,36,721,34,6,40,761
01/07/2000,SAT,TX,ASW,CE,Towers with Radar,223,95,145,12,475,0,16,77,13,106,223,111,222,25,581,8,2,10,591
01/08/2000,SAT,TX,ASW,CE,Towers with Radar,143,55,83,7,288,57,32,200,3,292,200,87,283,10,580,8,6,14,594
01/09/2000,SAT,TX,ASW,CE,Towers with Radar,132,46,77,7,262,58,0,225,15,298,190,46,302,22,560,0,0,0,560
01/10/2000,SAT,TX,ASW,CE,Towers with Radar,210,86,139,11,446,0,0,174,22,196,210,86,313,33,642,24,4,28,670
01/11/2000,SAT,TX,ASW,CE,Towers with Radar,242,95,145,12,494,0,33,147,12,192,242,128,292,24,686,46,6,52,738
01/12/2000,SAT,TX,ASW,CE,Towers with Radar,227,111,171,14,523,0,13,106,20,139,227,124,277,34,662,38,6,44,706
01/13/2000,SAT,TX,ASW,CE,Towers with Radar,197,94,144,12,447,0,11,164,30,205,197,105,308,42,652,16,10,26,678
01/14/2000,SAT,TX,ASW,CE,Towers with Radar,229,105,163,13,510,0,30,206,31,267,229,135,369,44,777,38,4,42,819
01/15/2000,SAT,TX,ASW,CE,Towers with Radar,150,56,88,7,301,56,25,234,23,338,206,81,322,30,639,20,0,20,659
01/16/2000,SAT,TX,ASW,CE,Towers with Radar,137,35,80,6,258,58,0,186,16,260,195,35,266,22,518,12,0,12,530
01/17/2000,SAT,TX,ASW,CE,Towers with Radar,163,61,96,7,327,46,18,241,16,321,209,79,337,23,648,16,0,16,664
01/18/2000,SAT,TX,ASW,CE,Towers with Radar,241,103,159,12,515,0,16,215,28,259,241,119,374,40,774,30,12,42,816
01/19/2000,SAT,TX,ASW,CE,Towers with Radar,233,98,153,11,495,0,24,258,23,305,233,122,411,34,800,10,6,16,816
01/20/2000,SAT,TX,ASW,CE,Towers with Radar,233,89,139,10,471,0,43,161,22,226,233,132,300,32,697,78,0,78,775
01/21/2000,SAT,TX,ASW,CE,Towers with Radar,239,108,168,12,527,0,1,218,19,238,239,109,386,31,765,78,4,82,847
01/22/2000,SAT,TX,ASW,CE,Towers with Radar,172,65,101,7,345,23,19,177,9,228,195,84,278,16,573,12,0,12,585
01/23/2000,SAT,TX,ASW,CE,Towers with Radar,136,37,80,6,259,64,0,258,10,332,200,37,338,16,591,8,0,8,599
01/24/2000,SAT,TX,ASW,CE,Towers with Radar,216,86,134,10,446,0,18,195,26,239,216,104,329,36,685,20,2,22,707
01/25/2000,SAT,TX,ASW,CE,Towers with Radar,237,96,150,11,494,0,37,135,21,193,237,133,285,32,687,64,12,76,763
01/26/2000,SAT,TX,ASW,CE,Towers with Radar,223,112,173,13,521,0,40,110,13,163,223,152,283,26,684,18,2,20,704
01/27/2000,SAT,TX,ASW,CE,Towers with Radar,162,61,95,6,324,16,20,48,0,84,178,81,143,6,408,4,0,4,412
01/28/2000,SAT,TX,ASW,CE,Towers with Radar,193,88,135,10,426,0,28,28,16,72,193,116,163,26,498,38,8,46,544
01/29/2000,SAT,TX,ASW,CE,Towers with Radar,108,41,63,4,216,45,9,126,7,187,153,50,189,11,403,26,0,26,429
01/30/2000,SAT,TX,ASW,CE,Towers with Radar,108,36,62,4,210,60,0,170,6,236,168,36,232,10,446,16,0,16,462
01/31/2000,SAT,TX,ASW,CE,Towers with Radar,177,84,144,11,416,0,0,69,14,83,177,84,213,25,499,0,2,2,501
02/01/2000,SAT,TX,ASW,CE,Towers with Radar,212,79,133,10,434,25,27,76,18,146,237,106,209,28,580,8,0,8,588
02/02/2000,SAT,TX,ASW,CE,Towers with Radar,238,96,161,12,507,0,28,56,18,102,238,124,217,30,609,2,10,12,621
02/03/2000,SAT,TX,ASW,CE,Towers with Radar,242,98,165,13,518,0,24,193,8,225,242,122,358,21,743,82,2,84,827
02/04/2000,SAT,TX,ASW,CE,Towers with Radar,232,101,170,13,516,0,38,158,27,223,232,139,328,40,739,4,2,6,745
02/05/2000,SAT,TX,ASW,CE,Towers with Radar,148,56,93,8,305,55,36,279,31,401,203,92,372,39,706,22,0,22,728
02/06/2000,SAT,TX,ASW,CE,Towers with Radar,151,48,95,7,301,45,0,253,12,310,196,48,348,19,611,0,0,0,611
02/07/2000,SAT,TX,ASW,CE,Towers with Radar,212,89,159,12,472,0,0,175,27,202,212,89,334,39,674,26,6,32,706
02/08/2000,SAT,TX,ASW,CE,Towers with Radar,239,89,150,12,490,1,26,222,24,273,240,115,372,36,763,42,4,46,809
02/09/2000,SAT,TX,ASW,CE,Towers with Radar,244,101,169,14,528,0,26,163,16,205,244,127,332,30,733,12,4,16,749
02/10/2000,SAT,TX,ASW,CE,Towers with Radar,249,104,175,14,542,0,25,191,10,226,249,129,366,24,768,70,4,74,842
02/11/2000,SAT,TX,ASW,CE,Towers with Radar,234,95,161,12,502,0,31,223,49,303,234,126,384,61,805,20,6,26,831
02/12/2000,SAT,TX,ASW,CE,Towers with Radar,163,61,103,8,335,37,40,174,16,267,200,101,277,24,602,14,0,14,616
02/13/2000,SAT,TX,ASW,CE,Towers with Radar,140,41,88,6,275,59,0,189,16,264,199,41,277,22,539,12,0,12,551
02/14/2000,SAT,TX,ASW,CE,Towers with Radar,208,64,131,9,412,20,0,215,15,250,228,64,346,24,662,56,2,58,720
02/15/2000,SAT,TX,ASW,CE,Towers with Radar,245,102,174,12,533,0,11,181,20,212,245,113,355,32,745,46,0,46,791
02/16/2000,SAT,TX,ASW,CE,Towers with Radar,243,106,181,13,543,0,28,123,22,173,243,134,304,35,716,52,2,54,770
02/17/2000,SAT,TX,ASW,CE,Towers with Radar,234,102,174,12,522,0,37,174,18,229,234,139,348,30,751,18,4,22,773
02/18/2000,SAT,TX,ASW,CE,Towers with Radar,237,99,169,12,517,0,32,206,24,262,237,131,375,36,779,40,4,44,823
02/19/2000,SAT,TX,ASW,CE,Towers with Radar,141,51,88,6,286,70,45,233,13,361,211,96,321,19,647,10,0,10,657
02/20/2000,SAT,TX,ASW,CE,Towers with Radar,134,42,84,6,266,68,0,150,25,243,202,42,234,31,509,6,0,6,515
02/21/2000,SAT,TX,ASW,CE,Towers with Radar,149,54,94,7,304,62,36,101,10,209,211,90,195,17,513,36,0,36,549
02/22/2000,SAT,TX,ASW,CE,Towers with Radar,234,94,174,12,514,0,0,123,25,148,234,94,297,37,662,54,6,60,722
02/23/2000,SAT,TX,ASW,CE,Towers with Radar,254,100,170,12,536,0,23,298,13,334,254,123,468,25,870,52,0,52,922
02/24/2000,SAT,TX,ASW,CE,Towers with Radar,245,108,182,13,548,0,4,189,28,221,245,112,371,41,769,44,6,50,819
02/25/2000,SAT,TX,ASW,CE,Towers with Radar,239,94,158,11,502,0,21,246,25,292,239,115,404,36,794,30,2,32,826
02/26/2000,SAT,TX,ASW,CE,Towers with Radar,170,63,106,7,346,37,0,234,6,277,207,63,340,13,623,16,2,18,641
02/27/2000,SAT,TX,ASW,CE,Towers with Radar,155,58,97,7,317,40,4,264,9,317,195,62,361,16,634,6,0,6,640
02/28/2000,SAT,TX,ASW,CE,Towers with Radar,213,87,145,10,455,0,9,227,19,255,213,96,372,29,710,30,2,32,742
02/29/2000,SAT,TX,ASW,CE,Towers with Radar,242,97,164,12,515,0,4,167,16,187,242,101,331,28,702,48,2,50,752
03/01/2000,SAT,TX,ASW,CE,Towers with Radar,239,102,190,11,542,0,27,111,34,172,239,129,301,45,714,16,2,18,732
03/02/2000,SAT,TX,ASW,CE,Towers with Radar,240,103,193,11,547,0,30,133,22,185,240,133,326,33,732,32,2,34,766
03/03/2000,SAT,TX,ASW,CE,Towers with Radar,244,96,181,10,531,6,32,180,31,249,250,128,361,41,780,10,0,10,790
03/04/2000,SAT,TX,ASW,CE,Towers with Radar,149,59,110,7,325,42,46,263,19,370,191,105,373,26,695,18,0,18,713
03/05/2000,SAT,TX,ASW,CE,Towers with Radar,148,50,110,7,315,51,0,157,28,236,199,50,267,35,551,10,0,10,561
03/06/2000,SAT,TX,ASW,CE,Towers with Radar,212,69,177,10,468,0,0,112,20,132,212,69,289,30,600,10,4,14,614
03/07/2000,SAT,TX,ASW,CE,Towers with Radar,241,100,187,11,539,0,27,56,22,105,241,127,243,33,644,12,2,14,658
03/08/2000,SAT,TX,ASW,CE,Towers with Radar,233,113,211,12,569,0,31,140,7,178,233,144,351,19,747,44,4,48,795
03/09/2000,SAT,TX,ASW,CE,Towers with Radar,235,114,211,12,572,0,28,249,12,289,235,142,460,24,861,42,4,46,907
03/10/2000,SAT,TX,ASW,CE,Towers with Radar,225,109,201,12,547,0,3,177,34,214,225,112,378,46,761,10,0,10,771
03/11/2000,SAT,TX,ASW,CE,Towers with Radar,170,68,125,7,370,64,30,440,12,546,234,98,565,19,916,4,0,4,920
03/12/2000,SAT,TX,ASW,CE,Towers with Radar,154,61,113,7,335,39,0,405,24,468,193,61,518,31,803,22,0,22,825
03/13/2000,SAT,TX,ASW,CE,Towers with Radar,219,82,172,10,483,0,0,152,10,162,219,82,324,20,645,14,0,14,659
03/14/2000,SAT,TX,ASW,CE,Towers with Radar,151,61,111,6,329,85,35,73,9,202,236,96,184,15,531,14,0,14,545
03/15/2000,SAT,TX,ASW,CE,Towers with Radar,235,103,191,10,539,0,10,182,15,207,235,113,373,25,746,22,4,26,772
03/16/2000,SAT,TX,ASW,CE,Towers with Radar,233,93,171,9,506,5,14,187,18,224,238,107,358,27,730,36,30,66,796
03/17/2000,SAT,TX,ASW,CE,Towers with Radar,230,92,169,9,500,25,20,78,14,137,255,112,247,23,637,0,2,2,639
03/18/2000,SAT,TX,ASW,CE,Towers with Radar,159,64,117,6,346,49,15,84,8,156,208,79,201,14,502,12,0,12,514
03/19/2000,SAT,TX,ASW,CE,Towers with Radar,132,53,97,5,287,63,3,283,22,371,195,56,380,27,658,4,0,4,662
03/20/2000,SAT,TX,ASW,CE,Towers with Radar,226,82,167,9,484,0,0,170,10,180,226,82,337,19,664,2,0,2,666
03/21/2000,SAT,TX,ASW,CE,Towers with Radar,232,91,170,9,502,8,19,78,3,108,240,110,248,12,610,78,4,82,692
03/22/2000,SAT,TX,ASW,CE,Towers with Radar,236,109,203,11,559,0,25,78,11,114,236,134,281,22,673,16,8,24,697
03/23/2000,SAT,TX,ASW,CE,Towers with Radar,239,99,184,10,532,0,26,110,9,145,239,125,294,19,677,116,2,118,795
03/24/2000,SAT,TX,ASW,CE,Towers with Radar,239,112,208,11,570,0,24,281,14,319,239,136,489,25,889,20,4,24,913
03/25/2000,SAT,TX,ASW,CE,Towers with Radar,164,64,121,6,355,38,15,241,16,310,202,79,362,22,665,14,0,14,679
03/26/2000,SAT,TX,ASW,CE,Towers with Radar,149,48,110,6,313,46,0,136,7,189,195,48,246,13,502,22,2,24,526
03/27/2000,SAT,TX,ASW,CE,Towers with Radar,219,86,162,8,475,2,27,126,12,167,221,113,288,20,642,14,0,14,656
03/28/2000,SAT,TX,ASW,CE,Towers with Radar,237,112,210,11,570,0,33,162,20,215,237,145,372,31,785,18,0,18,803
03/29/2000,SAT,TX,ASW,CE,Towers with Radar,230,115,216,12,573,0,37,200,37,274,230,152,416,49,847,12,6,18,865
03/30/2000,SAT,TX,ASW,CE,Towers with Radar,241,111,207,11,570,0,11,103,21,135,241,122,310,32,705,14,2,16,721
03/31/2000,SAT,TX,ASW,CE,Towers with Radar,241,95,178,9,523,5,38,162,14,219,246,133,340,23,742,50,0,50,792
04/01/2000,SAT,TX,ASW,CE,Towers with Radar,136,48,83,7,274,66,38,0,0,104,202,86,83,7,378,0,0,0,378
04/02/2000,SAT,TX,ASW,CE,Towers with Radar,135,43,89,4,271,75,0,39,0,114,210,43,128,4,385,0,0,0,385
04/03/2000,SAT,TX,ASW,CE,Towers with Radar,220,82,155,11,468,0,3,191,5,199,220,85,346,16,667,18,0,18,685
04/04/2000,SAT,TX,ASW,CE,Towers with Radar,239,94,176,13,522,0,32,284,38,354,239,126,460,51,876,14,0,14,890
04/05/2000,SAT,TX,ASW,CE,Towers with Radar,247,98,184,13,542,0,47,268,10,325,247,145,452,23,867,14,8,22,889
04/06/2000,SAT,TX,ASW,CE,Towers with Radar,240,97,182,13,532,0,24,258,11,293,240,121,440,24,825,24,10,34,859
04/07/2000,SAT,TX,ASW,CE,Towers with Radar,226,90,169,12,497,0,50,172,27,249,226,140,341,39,746,4,0,4,750
04/08/2000,SAT,TX,ASW,CE,Towers with Radar,146,52,96,7,301,70,9,213,19,311,216,61,309,26,612,6,0,6,618
04/09/2000,SAT,TX,ASW,CE,Towers with Radar,137,43,90,7,277,69,0,291,13,373,206,43,381,20,650,14,2,16,666
04/10/2000,SAT,TX,ASW,CE,Towers with Radar,219,77,144,11,451,4,14,114,9,141,223,91,258,20,592,16,0,16,608
04/11/2000,SAT,TX,ASW,CE,Towers with Radar,236,102,193,13,544,0,2,94,16,112,236,104,287,29,656,24,0,24,680
04/12/2000,SAT,TX,ASW,CE,Towers with Radar,257,90,169,11,527,4,5,136,19,164,261,95,305,30,691,10,0,10,701
04/13/2000,SAT,TX,ASW,CE,Towers with Radar,243,98,186,12,539,0,26,215,25,266,243,124,401,37,805,72,0,72,877
04/14/2000,SAT,TX,ASW,CE,Towers with Radar,238,87,165,11,501,0,19,122,16,157,238,106,287,27,658,38,0,38,696
04/15/2000,SAT,TX,ASW,CE,Towers with Radar,165,58,109,7,339,32,2,59,113,206,197,60,168,120,545,18,0,18,563
04/16/2000,SAT,TX,ASW,CE,Towers with Radar,146,38,97,7,288,54,0,204,2,260,200,38,301,9,548,16,0,16,564
04/17/2000,SAT,TX,ASW,CE,Towers with Radar,211,88,168,11,478,0,10,175,21,206,211,98,343,32,684,10,0,10,694
04/18/2000,SAT,TX,ASW,CE,Towers with Radar,242,108,206,14,570,0,8,136,15,159,242,116,342,29,729,86,0,86,815
04/19/2000,SAT,TX,ASW,CE,Towers with Radar,228,105,200,14,547,0,20,182,4,206,228,125,382,18,753,30,0,30,783
04/20/2000,SAT,TX,ASW,CE,Towers with Radar,237,89,170,11,507,0,61,117,16,194,237,150,287,27,701,52,4,56,757
04/21/2000,SAT,TX,ASW,CE,Towers with Radar,234,83,158,10,485,0,31,229,23,283,234,114,387,33,768,30,2,32,800
04/22/2000,SAT,TX,ASW,CE,Towers with Radar,134,46,88,6,274,58,19,247,35,359,192,65,335,41,633,28,4,32,665
04/23/2000,SAT,TX,ASW,CE,Towers with Radar,110,29,73,4,216,98,0,138,23,259,208,29,211,27,475,0,0,0,475
04/24/2000,SAT,TX,ASW,CE,Towers with Radar,224,74,155,10,463,0,0,208,14,222,224,74,363,24,685,14,0,14,699
04/25/2000,SAT,TX,ASW,CE,Towers with Radar,242,93,179,12,526,0,44,81,31,156,242,137,260,43,682,42,6,48,730
04/26/2000,SAT,TX,ASW,CE,Towers with Radar,226,93,177,12,508,0,50,205,8,263,226,143,382,20,771,20,6,26,797
04/27/2000,SAT,TX,ASW,CE,Towers with Radar,245,94,180,12,531,0,52,219,13,284,245,146,399,25,815,60,0,60,875
04/28/2000,SAT,TX,ASW,CE,Towers with Radar,237,82,158,10,487,0,112,6,25,143,237,194,164,35,630,16,2,18,648
04/29/2000,SAT,TX,ASW,CE,Towers with Radar,172,59,113,7,351,20,35,149,19,223,192,94,262,26,574,42,4,46,620
04/30/2000,SAT,TX,ASW,CE,Towers with Radar,169,59,111,7,346,39,6,64,25,134,208,65,175,32,480,6,0,6,486
05/01/2000,SAT,TX,ASW,CE,Towers with Radar,191,73,136,10,410,26,11,62,23,122,217,84,198,33,532,6,0,6,538
05/02/2000,SAT,TX,ASW,CE,Towers with Radar,204,78,145,8,435,29,26,86,0,141,233,104,231,8,576,0,0,0,576
05/03/2000,SAT,TX,ASW,CE,Towers with Radar,236,95,176,13,520,0,38,147,14,199,236,133,323,27,719,10,4,14,733
05/04/2000,SAT,TX,ASW,CE,Towers with Radar,255,119,221,16,611,0,30,64,23,117,255,149,285,39,728,56,8,64,792
05/05/2000,SAT,TX,ASW,CE,Towers with Radar,237,90,169,12,508,0,47,169,15,231,237,137,338,27,739,16,0,16,755
05/06/2000,SAT,TX,ASW,CE,Towers with Radar,143,55,101,7,306,54,21,173,26,274,197,76,274,33,580,8,4,12,592
05/07/2000,SAT,TX,ASW,CE,Towers with Radar,139,51,98,7,295,61,0,195,10,266,200,51,293,17,561,8,0,8,569
05/08/2000,SAT,TX,ASW,CE,Towers with Radar,215,90,165,12,482,0,19,175,34,228,215,109,340,46,710,6,14,20,730
05/09/2000,SAT,TX,ASW,CE,Towers with Radar,227,107,197,14,545,0,19,86,23,128,227,126,283,37,673,22,10,32,705
05/10/2000,SAT,TX,ASW,CE,Towers with Radar,219,101,186,13,519,0,35,186,16,237,219,136,372,29,756,18,0,18,774
05/11/2000,SAT,TX,ASW,CE,Towers with Radar,245,110,201,14,570,0,47,118,26,191,245,157,319,40,761,26,2,28,789
05/12/2000,SAT,TX,ASW,CE,Towers with Radar,234,107,196,14,551,0,31,188,23,242,234,138,384,37,793,42,0,42,835
05/13/2000,SAT,TX,ASW,CE,Towers with Radar,135,52,95,7,289,76,14,118,9,217,211,66,213,16,506,48,0,48,554
05/14/2000,SAT,TX,ASW,CE,Towers with Radar,120,46,85,6,257,87,2,205,19,313,207,48,290,25,570,0,0,0,570
05/15/2000,SAT,TX,ASW,CE,Towers with Radar,211,92,168,12,483,0,17,179,9,205,211,109,347,21,688,24,2,26,714
05/16/2000,SAT,TX,ASW,CE,Towers with Radar,230,102,187,13,532,0,32,178,13,223,230,134,365,26,755,28,0,28,783
05/17/2000,SAT,TX,ASW,CE,Towers with Radar,228,107,196,13,544,0,15,96,25,136,228,122,292,38,680,14,4,18,698
05/18/2000,SAT,TX,ASW,CE,Towers with Radar,223,123,227,15,588,0,21,164,21,206,223,144,391,36,794,68,8,76,870
05/19/2000,SAT,TX,ASW,CE,Towers with Radar,202,89,173,11,475,0,0,77,20,97,202,89,250,31,572,22,0,22,594
05/20/2000,SAT,TX,ASW,CE,Towers with Radar,152,57,107,8,324,59,11,106,13,189,211,68,213,21,513,2,0,2,515
05/21/2000,SAT,TX,ASW,CE,Towers with Radar,122,42,86,5,255,84,0,251,15,350,206,42,337,20,605,6,4,10,615
05/22/2000,SAT,TX,ASW,CE,Towers with Radar,210,98,182,12,502,0,12,175,30,217,210,110,357,42,719,24,16,40,759
05/23/2000,SAT,TX,ASW,CE,Towers with Radar,231,101,188,12,532,0,54,210,5,269,231,155,398,17,801,30,0,30,831
05/24/2000,SAT,TX,ASW,CE,Towers with Radar,230,109,204,13,556,0,34,229,23,286,230,143,433,36,842,16,4,20,862
05/25/2000,SAT,TX,ASW,CE,Towers with Radar,238,97,180,12,527,0,19,171,29,219,238,116,351,41,746,40,2,42,788
05/26/2000,SAT,TX,ASW,CE,Towers with Radar,206,78,146,9,439,34,36,168,42,280,240,114,314,51,719,42,2,44,763
05/27/2000,SAT,TX,ASW,CE,Towers with Radar,139,52,98,6,295,64,10,91,23,188,203,62,189,29,483,10,2,12,495
05/28/2000,SAT,TX,ASW,CE,Towers with Radar,130,36,92,6,264,71,0,167,15,253,201,36,259,21,517,0,0,0,517
05/29/2000,SAT,TX,ASW,CE,Towers with Radar,129,41,91,6,267,69,0,228,4,301,198,41,319,10,568,38,2,40,608
05/30/2000,SAT,TX,ASW,CE,Towers with Radar,202,76,143,10,431,13,22,150,15,200,215,98,293,25,631,26,6,32,663
05/31/2000,SAT,TX,ASW,CE,Towers with Radar,230,104,193,13,540,0,24,251,17,292,230,128,444,30,832,18,12,30,862
06/01/2000,SAT,TX,ASW,CE,Towers with Radar,202,92,160,13,467,0,0,106,4,110,202,92,266,17,577,78,2,80,657
06/02/2000,SAT,TX,ASW,CE,Towers with Radar,248,96,144,12,500,0,22,132,32,186,248,118,276,44,686,12,4,16,702
06/03/2000,SAT,TX,ASW,CE,Towers with Radar,129,50,74,6,259,76,11,163,19,269,205,61,237,25,528,8,2,10,538
06/04/2000,SAT,TX,ASW,CE,Towers with Radar,143,45,83,7,278,57,0,88,37,182,200,45,171,44,460,6,0,6,466
06/05/2000,SAT,TX,ASW,CE,Towers with Radar,231,87,148,12,478,0,0,64,13,77,231,87,212,25,555,28,12,40,595
06/06/2000,SAT,TX,ASW,CE,Towers with Radar,238,100,149,12,499,0,19,213,15,247,238,119,362,27,746,14,6,20,766
06/07/2000,SAT,TX,ASW,CE,Towers with Radar,238,106,159,13,516,0,14,247,12,273,238,120,406,25,789,30,6,36,825
06/08/2000,SAT,TX,ASW,CE,Towers with Radar,238,98,146,12,494,0,46,108,30,184,238,144,254,42,678,132,2,134,812
06/09/2000,SAT,TX,ASW,CE,Towers with Radar,195,76,113,8,392,37,19,70,15,141,232,95,183,23,533,2,0,2,535
06/10/2000,SAT,TX,ASW,CE,Towers with Radar,111,43,64,4,222,109,18,4,12,143,220,61,68,16,365,6,0,6,371
06/11/2000,SAT,TX,ASW,CE,Towers with Radar,114,45,66,5,230,79,9,73,8,169,193,54,139,13,399,38,0,38,437
06/12/2000,SAT,TX,ASW,CE,Towers with Radar,150,58,87,6,301,69,31,107,21,228,219,89,194,27,529,30,0,30,559
06/13/2000,SAT,TX,ASW,CE,Towers with Radar,240,105,158,12,515,0,23,213,7,243,240,128,371,19,758,12,0,12,770
06/14/2000,SAT,TX,ASW,CE,Towers with Radar,200,100,150,11,461,0,19,182,19,220,200,119,332,30,681,30,6,36,717
06/15/2000,SAT,TX,ASW,CE,Towers with Radar,256,108,164,12,540,0,12,173,25,210,256,120,337,37,750,50,4,54,804
06/16/2000,SAT,TX,ASW,CE,Towers with Radar,243,106,159,12,520,0,13,196,28,237,243,119,355,40,757,6,0,6,763
06/17/2000,SAT,TX,ASW,CE,Towers with Radar,168,64,98,7,337,58,115,129,18,320,226,179,227,25,657,142,2,144,801
06/18/2000,SAT,TX,ASW,CE,Towers with Radar,172,65,100,7,344,48,106,96,26,276,220,171,196,33,620,20,0,20,640
06/19/2000,SAT,TX,ASW,CE,Towers with Radar,217,96,147,11,471,0,0,146,18,164,217,96,293,29,635,18,2,20,655
06/20/2000,SAT,TX,ASW,CE,Towers with Radar,246,106,163,12,527,0,12,174,26,212,246,118,337,38,739,38,8,46,785
06/21/2000,SAT,TX,ASW,CE,Towers with Radar,244,114,174,13,545,0,20,217,25,262,244,134,391,38,807,16,4,20,827
06/22/2000,SAT,TX,ASW,CE,Towers with Radar,252,114,173,13,552,0,8,254,6,268,252,122,427,19,820,52,2,54,874
06/23/2000,SAT,TX,ASW,CE,Towers with Radar,235,96,146,10,487,0,23,163,29,215,235,119,309,39,702,14,0,14,716
06/24/2000,SAT,TX,ASW,CE,Towers with Radar,125,47,73,5,250,86,13,237,30,366,211,60,310,35,616,4,0,4,620
06/25/2000,SAT,TX,ASW,CE,Towers with Radar,129,37,75,5,246,82,0,190,11,283,211,37,265,16,529,4,2,6,535
06/26/2000,SAT,TX,ASW,CE,Towers with Radar,224,87,146,11,468,0,0,178,3,181,224,87,324,14,649,12,0,12,661
06/27/2000,SAT,TX,ASW,CE,Towers with Radar,228,99,151,12,490,0,74,148,21,243,228,173,299,33,733,92,10,102,835
06/28/2000,SAT,TX,ASW,CE,Towers with Radar,241,114,173,13,541,0,28,223,26,277,241,142,396,39,818,30,2,32,850
06/29/2000,SAT,TX,ASW,CE,Towers with Radar,249,110,168,12,539,0,14,198,18,230,249,124,366,30,769,34,4,38,807
06/30/2000,SAT,TX,ASW,CE,Towers with Radar,249,111,167,12,539,0,12,266,34,312,249,123,433,46,851,66,0,66,917
07/01/2000,SAT,TX,ASW,CE,Towers with Radar,136,49,61,7,253,72,20,211,4,307,208,69,272,11,560,8,4,12,572
07/02/2000,SAT,TX,ASW,CE,Towers with Radar,111,40,50,5,206,72,0,146,26,244,183,40,196,31,450,10,0,10,460
07/03/2000,SAT,TX,ASW,CE,Towers with Radar,118,42,53,6,219,59,29,212,18,318,177,71,265,24,537,0,0,0,537
07/04/2000,SAT,TX,ASW,CE,Towers with Radar,100,36,45,5,186,86,18,147,25,276,186,54,192,30,462,20,0,20,482
07/05/2000,SAT,TX,ASW,CE,Towers with Radar,214,96,122,12,444,0,27,215,10,252,214,123,337,22,696,2,2,4,700
07/06/2000,SAT,TX,ASW,CE,Towers with Radar,239,113,144,15,511,0,46,215,0,261,239,159,359,15,772,110,2,112,884
07/07/2000,SAT,TX,ASW,CE,Towers with Radar,248,93,118,12,471,0,43,203,38,284,248,136,321,50,755,46,14,60,815
07/08/2000,SAT,TX,ASW,CE,Towers with Radar,141,51,64,7,263,62,29,260,33,384,203,80,324,40,647,36,8,44,691
07/09/2000,SAT,TX,ASW,CE,Towers with Radar,148,39,67,7,261,72,0,221,33,326,220,39,288,40,587,10,6,16,603
07/10/2000,SAT,TX,ASW,CE,Towers with Radar,217,86,108,11,422,0,0,190,25,215,217,86,298,36,637,12,4,16,653
07/11/2000,SAT,TX,ASW,CE,Towers with Radar,243,92,116,12,463,0,25,230,19,274,243,117,346,31,737,4,2,6,743
07/12/2000,SAT,TX,ASW,CE,Towers with Radar,237,109,139,14,499,0,26,215,32,273,237,135,354,46,772,12,12,24,796
07/13/2000,SAT,TX,ASW,CE,Towers with Radar,245,96,122,12,475,0,13,276,17,306,245,109,398,29,781,50,6,56,837
07/14/2000,SAT,TX,ASW,CE,Towers with Radar,248,99,125,12,484,0,15,254,18,287,248,114,379,30,771,56,2,58,829
07/15/2000,SAT,TX,ASW,CE,Towers with Radar,178,64,80,7,329,29,15,232,23,299,207,79,312,30,628,0,0,0,628
07/16/2000,SAT,TX,ASW,CE,Towers with Radar,170,59,76,7,312,45,0,261,35,341,215,59,337,42,653,8,0,8,661
07/17/2000,SAT,TX,ASW,CE,Towers with Radar,223,90,116,11,440,0,1,226,20,247,223,91,342,31,687,8,2,10,697
07/18/2000,SAT,TX,ASW,CE,Towers with Radar,240,95,122,11,468,0,40,244,20,304,240,135,366,31,772,24,4,28,800
07/19/2000,SAT,TX,ASW,CE,Towers with Radar,244,99,127,12,482,0,25,247,15,287,244,124,374,27,769,30,10,40,809
07/20/2000,SAT,TX,ASW,CE,Towers with Radar,253,99,127,12,491,0,37,239,12,288,253,136,366,24,779,62,8,70,849
07/21/2000,SAT,TX,ASW,CE,Towers with Radar,246,103,132,12,493,0,24,279,23,326,246,127,411,35,819,6,12,18,837
07/22/2000,SAT,TX,ASW,CE,Towers with Radar,142,49,64,6,261,64,17,217,4,302,206,66,281,10,563,2,2,4,567
07/23/2000,SAT,TX,ASW,CE,Towers with Radar,150,51,68,6,275,67,0,190,17,274,217,51,258,23,549,0,0,0,549
07/24/2000,SAT,TX,ASW,CE,Towers with Radar,234,90,117,11,452,0,0,175,26,201,234,90,292,37,653,4,2,6,659
07/25/2000,SAT,TX,ASW,CE,Towers with Radar,239,99,127,12,477,0,6,197,31,234,239,105,324,43,711,50,6,56,767
07/26/2000,SAT,TX,ASW,CE,Towers with Radar,242,106,137,13,498,0,25,192,18,235,242,131,329,31,733,24,0,24,757
07/27/2000,SAT,TX,ASW,CE,Towers with Radar,235,107,137,13,492,0,20,268,17,305,235,127,405,30,797,52,6,58,855
07/28/2000,SAT,TX,ASW,CE,Towers with Radar,234,103,133,12,482,0,24,278,27,329,234,127,411,39,811,30,4,34,845
07/29/2000,SAT,TX,ASW,CE,Towers with Radar,151,53,69,6,279,54,18,220,24,316,205,71,289,30,595,8,0,8,603
07/30/2000,SAT,TX,ASW,CE,Towers with Radar,164,45,74,8,291,41,0,134,21,196,205,45,208,29,487,12,0,12,499
07/31/2000,SAT,TX,ASW,CE,Towers with Radar,196,68,89,8,361,27,4,142,13,186,223,72,231,21,547,4,2,6,553
08/01/2000,SAT,TX,ASW,CE,Towers with Radar,222,84,106,12,424,18,31,170,6,225,240,115,276,18,649,80,2,82,731
08/02/2000,SAT,TX,ASW,CE,Towers with Radar,227,100,127,14,468,0,32,295,23,350,227,132,422,37,818,6,4,10,828
08/03/2000,SAT,TX,ASW,CE,Towers with Radar,237,102,130,14,483,0,43,239,20,302,237,145,369,34,785,22,0,22,807
08/04/2000,SAT,TX,ASW,CE,Towers with Radar,245,96,122,13,476,0,25,214,16,255,245,121,336,29,731,28,4,32,763
08/05/2000,SAT,TX,ASW,CE,Towers with Radar,119,45,57,6,227,73,38,204,10,325,192,83,261,16,552,8,0,8,560
08/06/2000,SAT,TX,ASW,CE,Towers with Radar,129,45,61,7,242,81,0,181,11,273,210,45,242,18,515,4,4,8,523
08/07/2000,SAT,TX,ASW,CE,Towers with Radar,226,79,108,12,425,0,0,134,3,137,226,79,242,15,562,12,0,12,574
08/08/2000,SAT,TX,ASW,CE,Towers with Radar,241,95,121,13,470,0,10,138,15,163,241,105,259,28,633,34,2,36,669
08/09/2000,SAT,TX,ASW,CE,Towers with Radar,230,95,121,13,459,0,21,197,14,232,230,116,318,27,691,2,0,2,693
08/10/2000,SAT,TX,ASW,CE,Towers with Radar,227,107,136,14,484,0,26,202,28,256,227,133,338,42,740,68,0,68,808
08/11/2000,SAT,TX,ASW,CE,Towers with Radar,241,91,117,12,461,1,55,300,32,388,242,146,417,44,849,22,8,30,879
08/12/2000,SAT,TX,ASW,CE,Towers with Radar,143,54,69,8,274,71,13,187,19,290,214,67,256,27,564,12,10,22,586
08/13/2000,SAT,TX,ASW,CE,Towers with Radar,144,55,70,8,277,73,0,191,9,273,217,55,261,17,550,4,0,4,554
08/14/2000,SAT,TX,ASW,CE,Towers with Radar,224,84,111,12,431,0,0,198,12,210,224,84,309,24,641,8,0,8,649
08/15/2000,SAT,TX,ASW,CE,Towers with Radar,248,98,127,13,486,0,28,150,9,187,248,126,277,22,673,50,6,56,729
08/16/2000,SAT,TX,ASW,CE,Towers with Radar,228,101,131,13,473,0,44,186,17,247,228,145,317,30,720,10,6,16,736
08/17/2000,SAT,TX,ASW,CE,Towers with Radar,244,98,127,13,482,0,17,232,26,275,244,115,359,39,757,36,2,38,795
08/18/2000,SAT,TX,ASW,CE,Towers with Radar,240,96,124,12,472,0,35,245,34,314,240,131,369,46,786,18,8,26,812
08/19/2000,SAT,TX,ASW,CE,Towers with Radar,141,52,68,6,267,63,23,242,26,354,204,75,310,32,621,4,0,4,625
08/20/2000,SAT,TX,ASW,CE,Towers with Radar,136,43,65,6,250,79,0,213,20,312,215,43,278,26,562,6,0,6,568
08/21/2000,SAT,TX,ASW,CE,Towers with Radar,228,71,116,11,426,0,0,174,18,192,228,71,290,29,618,12,0,12,630
08/22/2000,SAT,TX,ASW,CE,Towers with Radar,235,101,131,13,480,0,17,147,27,191,235,118,278,40,671,6,4,10,681
08/23/2000,SAT,TX,ASW,CE,Towers with Radar,233,102,132,13,480,0,21,194,9,224,233,123,326,22,704,22,2,24,728
08/24/2000,SAT,TX,ASW,CE,Towers with Radar,233,106,137,14,490,0,49,250,25,324,233,155,387,39,814,14,10,24,838
08/25/2000,SAT,TX,ASW,CE,Towers with Radar,255,102,132,13,502,0,14,199,21,234,255,116,331,34,736,6,2,8,744
08/26/2000,SAT,TX,ASW,CE,Towers with Radar,143,53,69,7,272,59,13,183,16,271,202,66,252,23,543,4,0,4,547
08/27/2000,SAT,TX,ASW,CE,Towers with Radar,143,53,69,7,272,75,7,177,13,272,218,60,246,20,544,20,0,20,564
08/28/2000,SAT,TX,ASW,CE,Towers with Radar,215,91,116,11,433,0,3,190,8,201,215,94,306,19,634,4,0,4,638
08/29/2000,SAT,TX,ASW,CE,Towers with Radar,237,105,133,13,488,0,8,221,5,234,237,113,354,18,722,24,0,24,746
08/30/2000,SAT,TX,ASW,CE,Towers with Radar,230,110,140,14,494,0,47,188,21,256,230,157,328,35,750,20,2,22,772
08/31/2000,SAT,TX,ASW,CE,Towers with Radar,240,98,124,12,474,0,18,213,17,248,240,116,337,29,722,32,4,36,758
09/01/2000,SAT,TX,ASW,CE,Towers with Radar,235,85,120,10,450,14,46,202,13,275,249,131,322,23,725,14,0,14,739
09/02/2000,SAT,TX,ASW,CE,Towers with Radar,123,45,63,5,236,72,16,177,15,280,195,61,240,20,516,4,0,4,520
09/03/2000,SAT,TX,ASW,CE,Towers with Radar,107,27,55,5,194,66,0,194,16,276,173,27,249,21,470,0,0,0,470
09/04/2000,SAT,TX,ASW,CE,Towers with Radar,121,44,62,5,232,75,9,235,20,339,196,53,297,25,571,18,0,18,589
09/05/2000,SAT,TX,ASW,CE,Towers with Radar,234,86,126,10,456,0,0,162,7,169,234,86,288,17,625,64,8,72,697
09/06/2000,SAT,TX,ASW,CE,Towers with Radar,199,96,136,11,442,0,19,173,24,216,199,115,309,35,658,34,12,46,704
09/07/2000,SAT,TX,ASW,CE,Towers with Radar,239,110,157,12,518,0,19,185,19,223,239,129,342,31,741,20,4,24,765
09/08/2000,SAT,TX,ASW,CE,Towers with Radar,240,100,142,12,494,0,33,126,30,189,240,133,268,42,683,16,14,30,713
09/09/2000,SAT,TX,ASW,CE,Towers with Radar,156,56,80,6,298,40,19,178,23,260,196,75,258,29,558,22,2,24,582
09/10/2000,SAT,TX,ASW,CE,Towers with Radar,157,46,80,6,289,54,0,135,26,215,211,46,215,32,504,32,4,36,540
09/11/2000,SAT,TX,ASW,CE,Towers with Radar,210,96,136,11,453,0,9,182,26,217,210,105,318,37,670,18,10,28,698
09/12/2000,SAT,TX,ASW,CE,Towers with Radar,218,106,150,12,486,0,26,168,14,208,218,132,318,26,694,12,2,14,708
09/13/2000,SAT,TX,ASW,CE,Towers with Radar,257,99,141,10,507,0,20,152,22,194,257,119,293,32,701,20,0,20,721
09/14/2000,SAT,TX,ASW,CE,Towers with Radar,242,97,139,10,488,0,12,144,24,180,242,109,283,34,668,20,0,20,688
09/15/2000,SAT,TX,ASW,CE,Towers with Radar,240,107,153,11,511,0,22,180,8,210,240,129,333,19,721,22,10,32,753
09/16/2000,SAT,TX,ASW,CE,Towers with Radar,139,49,71,5,264,65,18,151,16,250,204,67,222,21,514,14,2,16,530
09/17/2000,SAT,TX,ASW,CE,Towers with Radar,148,42,76,5,271,50,0,214,22,286,198,42,290,27,557,8,6,14,571
09/18/2000,SAT,TX,ASW,CE,Towers with Radar,219,80,116,8,423,0,8,203,16,227,219,88,319,24,650,8,2,10,660
09/19/2000,SAT,TX,ASW,CE,Towers with Radar,230,85,123,9,447,0,44,186,14,244,230,129,309,23,691,20,4,24,715
09/20/2000,SAT,TX,ASW,CE,Towers with Radar,242,105,153,11,511,0,24,202,28,254,242,129,355,39,765,16,4,20,785
09/21/2000,SAT,TX,ASW,CE,Towers with Radar,250,101,146,11,508,0,4,93,27,124,250,105,239,38,632,22,12,34,666
09/22/2000,SAT,TX,ASW,CE,Towers with Radar,252,106,153,11,522,0,23,214,23,260,252,129,367,34,782,42,2,44,826
09/23/2000,SAT,TX,ASW,CE,Towers with Radar,162,57,83,6,308,34,20,162,7,223,196,77,245,13,531,12,0,12,543
09/24/2000,SAT,TX,ASW,CE,Towers with Radar,164,58,84,6,312,40,1,154,23,218,204,59,238,29,530,8,0,8,538
09/25/2000,SAT,TX,ASW,CE,Towers with Radar,230,82,118,8,438,1,14,172,6,193,231,96,290,14,631,16,0,16,647
09/26/2000,SAT,TX,ASW,CE,Towers with Radar,239,92,133,9,473,0,37,308,3,348,239,129,441,12,821,46,0,46,867
09/27/2000,SAT,TX,ASW,CE,Towers with Radar,227,91,131,9,458,0,43,216,19,278,227,134,347,28,736,32,16,48,784
09/28/2000,SAT,TX,ASW,CE,Towers with Radar,211,75,108,8,402,30,53,290,8,381,241,128,398,16,783,42,0,42,825
09/29/2000,SAT,TX,ASW,CE,Towers with Radar,198,70,102,7,377,42,66,266,36,410,240,136,368,43,787,12,0,12,799
09/30/2000,SAT,TX,ASW,CE,Towers with Radar,118,42,60,4,224,55,18,214,5,292,173,60,274,9,516,22,0,22,538
10/01/2000,SAT,TX,ASW,CE,Towers with Radar,153,49,103,8,313,61,0,180,4,245,214,49,283,12,558,32,2,34,592
10/02/2000,SAT,TX,ASW,CE,Towers with Radar,228,67,159,12,466,0,0,182,20,202,228,67,341,32,668,6,10,16,684
10/03/2000,SAT,TX,ASW,CE,Towers with Radar,246,109,200,15,570,0,23,125,4,152,246,132,325,19,722,34,2,36,758
10/04/2000,SAT,TX,ASW,CE,Towers with Radar,233,105,192,15,545,0,8,162,19,189,233,113,354,34,734,6,6,12,746
10/05/2000,SAT,TX,ASW,CE,Towers with Radar,248,112,204,16,580,0,12,135,5,152,248,124,339,21,732,12,4,16,748
10/06/2000,SAT,TX,ASW,CE,Towers with Radar,205,76,138,11,430,22,52,61,3,138,227,128,199,14,568,2,0,2,570
10/07/2000,SAT,TX,ASW,CE,Towers with Radar,125,46,84,7,262,82,11,33,4,130,207,57,117,11,392,0,0,0,392
10/08/2000,SAT,TX,ASW,CE,Towers with Radar,118,33,79,6,236,94,0,36,21,151,212,33,115,27,387,24,0,24,411
10/09/2000,SAT,TX,ASW,CE,Towers with Radar,133,50,90,6,279,81,29,61,0,171,214,79,151,6,450,8,0,8,458
10/10/2000,SAT,TX,ASW,CE,Towers with Radar,243,101,185,14,543,0,0,94,18,112,243,101,279,32,655,66,0,66,721
10/11/2000,SAT,TX,ASW,CE,Towers with Radar,239,105,203,16,563,0,0,125,6,131,239,105,328,22,694,2,2,4,698
10/12/2000,SAT,TX,ASW,CE,Towers with Radar,218,110,201,16,545,0,18,185,4,207,218,128,386,20,752,18,0,18,770
10/13/2000,SAT,TX,ASW,CE,Towers with Radar,245,110,201,16,572,0,63,151,12,226,245,173,352,28,798,16,4,20,818
10/14/2000,SAT,TX,ASW,CE,Towers with Radar,177,66,119,10,372,21,34,222,27,304,198,100,341,37,676,20,2,22,698
10/15/2000,SAT,TX,ASW,CE,Towers with Radar,156,58,106,8,328,69,0,158,10,237,225,58,264,18,565,24,0,24,589
10/16/2000,SAT,TX,ASW,CE,Towers with Radar,232,90,166,13,501,0,5,181,31,217,232,95,347,44,718,4,2,6,724
10/17/2000,SAT,TX,ASW,CE,Towers with Radar,205,74,138,11,428,38,17,52,9,116,243,91,190,20,544,8,6,14,558
10/18/2000,SAT,TX,ASW,CE,Towers with Radar,240,106,195,14,555,0,13,134,23,170,240,119,329,37,725,18,10,28,753
10/19/2000,SAT,TX,ASW,CE,Towers with Radar,233,100,186,13,532,0,43,173,36,252,233,143,359,49,784,20,6,26,810
10/20/2000,SAT,TX,ASW,CE,Towers with Radar,246,97,180,13,536,0,42,113,30,185,246,139,293,43,721,6,10,16,737
10/21/2000,SAT,TX,ASW,CE,Towers with Radar,126,46,85,6,263,76,34,52,9,171,202,80,137,15,434,4,2,6,440
10/22/2000,SAT,TX,ASW,CE,Towers with Radar,131,47,88,6,272,67,3,57,11,138,198,50,145,17,410,0,4,4,414
10/23/2000,SAT,TX,ASW,CE,Towers with Radar,151,55,102,7,315,86,19,17,7,129,237,74,119,14,444,0,0,0,444
10/24/2000,SAT,TX,ASW,CE,Towers with Radar,224,81,151,11,467,15,42,65,9,131,239,123,216,20,598,18,2,20,618
10/25/2000,SAT,TX,ASW,CE,Towers with Radar,233,107,197,14,551,0,6,126,9,141,233,113,323,23,692,2,6,8,700
10/26/2000,SAT,TX,ASW,CE,Towers with Radar,205,101,186,13,505,0,26,112,23,161,205,127,298,36,666,12,2,14,680
10/27/2000,SAT,TX,ASW,CE,Towers with Radar,234,112,208,15,569,0,18,202,24,244,234,130,410,39,813,8,22,30,843
10/28/2000,SAT,TX,ASW,CE,Towers with Radar,124,43,84,6,257,7,0,117,13,137,131,43,201,19,394,6,0,6,400
10/29/2000,SAT,TX,ASW,CE,Towers with Radar,135,47,91,6,279,67,0,154,9,230,202,47,245,15,509,14,0,14,523
10/30/2000,SAT,TX,ASW,CE,Towers with Radar,212,88,160,12,472,0,15,161,27,203,212,103,321,39,675,8,4,12,687
10/31/2000,SAT,TX,ASW,CE,Towers with Radar,229,91,166,12,498,0,38,127,5,170,229,129,293,17,668,0,0,0,668
11/01/2000,SAT,TX,ASW,CE,Towers with Radar,233,95,155,14,497,0,23,100,16,139,233,118,255,30,636,8,2,10,646
11/02/2000,SAT,TX,ASW,CE,Towers with Radar,230,94,153,14,491,0,17,29,8,54,230,111,182,22,545,6,2,8,553
11/03/2000,SAT,TX,ASW,CE,Towers with Radar,188,71,113,11,383,62,42,49,5,158,250,113,162,16,541,24,0,24,565
11/04/2000,SAT,TX,ASW,CE,Towers with Radar,123,46,74,7,250,100,29,22,12,163,223,75,96,19,413,0,0,0,413
11/05/2000,SAT,TX,ASW,CE,Towers with Radar,120,45,72,7,244,64,9,37,7,117,184,54,109,14,361,2,2,4,365
11/06/2000,SAT,TX,ASW,CE,Towers with Radar,233,90,178,17,518,0,0,271,24,295,233,90,449,41,813,16,0,16,829
11/07/2000,SAT,TX,ASW,CE,Towers with Radar,229,87,139,13,468,0,19,129,24,172,229,106,268,37,640,8,0,8,648
11/08/2000,SAT,TX,ASW,CE,Towers with Radar,230,107,172,17,526,0,9,120,11,140,230,116,292,28,666,0,0,0,666
11/09/2000,SAT,TX,ASW,CE,Towers with Radar,242,111,178,16,547,0,48,273,19,340,242,159,451,35,887,32,0,32,919
11/10/2000,SAT,TX,ASW,CE,Towers with Radar,206,77,124,12,419,47,37,363,22,469,253,114,487,34,888,8,0,8,896
11/11/2000,SAT,TX,ASW,CE,Towers with Radar,165,62,99,9,335,54,15,120,18,207,219,77,219,27,542,12,0,12,554
11/12/2000,SAT,TX,ASW,CE,Towers with Radar,142,53,85,6,286,52,9,84,0,145,194,62,169,6,431,0,0,0,431
11/13/2000,SAT,TX,ASW,CE,Towers with Radar,235,73,164,15,487,0,0,197,21,218,235,73,361,36,705,24,0,24,729
11/14/2000,SAT,TX,ASW,CE,Towers with Radar,237,109,176,16,538,0,25,215,16,256,237,134,391,32,794,20,26,46,840
11/15/2000,SAT,TX,ASW,CE,Towers with Radar,207,106,177,16,506,0,0,112,19,131,207,106,289,35,637,24,12,36,673
11/16/2000,SAT,TX,ASW,CE,Towers with Radar,241,124,202,18,585,0,33,126,23,182,241,157,328,41,767,16,8,24,791
11/17/2000,SAT,TX,ASW,CE,Towers with Radar,248,98,159,14,519,0,15,234,22,271,248,113,393,36,790,4,0,4,794
11/18/2000,SAT,TX,ASW,CE,Towers with Radar,140,51,85,7,283,83,16,63,0,162,223,67,148,7,445,8,0,8,453
11/19/2000,SAT,TX,ASW,CE,Towers with Radar,134,49,81,7,271,80,3,281,4,368,214,52,362,11,639,12,0,12,651
11/20/2000,SAT,TX,ASW,CE,Towers with Radar,210,88,143,12,453,0,10,302,29,341,210,98,445,41,794,20,2,22,816
11/21/2000,SAT,TX,ASW,CE,Towers with Radar,239,108,176,15,538,0,46,168,46,260,239,154,344,61,798,34,18,52,850
11/22/2000,SAT,TX,ASW,CE,Towers with Radar,245,104,169,15,533,0,17,71,12,100,245,121,240,27,633,6,0,6,639
11/23/2000,SAT,TX,ASW,CE,Towers with Radar,100,37,61,5,203,98,30,13,8,149,198,67,74,13,352,4,0,4,356
11/24/2000,SAT,TX,ASW,CE,Towers with Radar,100,36,60,5,201,46,66,88,24,224,146,102,148,29,425,0,0,0,425
11/25/2000,SAT,TX,ASW,CE,Towers with Radar,121,44,73,6,244,63,43,232,21,359,184,87,305,27,603,10,0,10,613
11/26/2000,SAT,TX,ASW,CE,Towers with Radar,128,47,77,6,258,74,11,217,11,313,202,58,294,17,571,0,0,0,571
11/27/2000,SAT,TX,ASW,CE,Towers with Radar,221,89,145,12,467,0,4,182,52,238,221,93,327,64,705,36,10,46,751
11/28/2000,SAT,TX,ASW,CE,Towers with Radar,248,107,174,15,544,0,21,55,17,93,248,128,229,32,637,8,0,8,645
11/29/2000,SAT,TX,ASW,CE,Towers with Radar,237,110,180,16,543,0,20,147,7,174,237,130,327,23,717,0,2,2,719
11/30/2000,SAT,TX,ASW,CE,Towers with Radar,246,111,181,16,554,0,26,136,7,169,246,137,317,23,723,8,0,8,731
12/01/2000,SAT,TX,ASW,CE,Towers with Radar,226,118,152,14,510,0,0,73,8,81,226,118,225,22,591,16,4,20,611
12/02/2000,SAT,TX,ASW,CE,Towers with Radar,150,67,87,8,312,46,31,167,17,261,196,98,254,25,573,0,0,0,573
12/03/2000,SAT,TX,ASW,CE,Towers with Radar,121,54,70,7,252,70,0,51,7,128,191,54,121,14,380,0,0,0,380
12/04/2000,SAT,TX,ASW,CE,Towers with Radar,209,73,156,13,451,0,0,84,16,100,209,73,240,29,551,0,0,0,551
12/05/2000,SAT,TX,ASW,CE,Towers with Radar,220,125,181,15,541,0,0,51,9,60,220,125,232,24,601,40,0,40,641
12/06/2000,SAT,TX,ASW,CE,Towers with Radar,182,104,155,13,454,0,0,98,8,106,182,104,253,21,560,2,0,2,562
12/07/2000,SAT,TX,ASW,CE,Towers with Radar,223,134,172,14,543,0,32,262,13,307,223,166,434,27,850,6,0,6,856
12/08/2000,SAT,TX,ASW,CE,Towers with Radar,219,132,169,14,534,0,8,245,28,281,219,140,414,42,815,18,2,20,835
12/09/2000,SAT,TX,ASW,CE,Towers with Radar,189,84,108,9,390,15,2,146,9,172,204,86,254,18,562,24,4,28,590
12/10/2000,SAT,TX,ASW,CE,Towers with Radar,174,57,100,9,340,22,0,81,3,106,196,57,181,12,446,2,4,6,452
12/11/2000,SAT,TX,ASW,CE,Towers with Radar,195,82,143,12,432,0,0,11,0,11,195,82,154,12,443,8,4,12,455
12/12/2000,SAT,TX,ASW,CE,Towers with Radar,139,62,80,6,287,55,43,41,0,139,194,105,121,6,426,0,0,0,426
12/13/2000,SAT,TX,ASW,CE,Towers with Radar,159,92,119,10,380,0,13,82,22,117,159,105,201,32,497,34,12,46,543
12/14/2000,SAT,TX,ASW,CE,Towers with Radar,246,148,190,16,600,0,0,126,13,139,246,148,316,29,739,18,4,22,761
12/15/2000,SAT,TX,ASW,CE,Towers with Radar,196,87,112,8,403,14,22,70,0,106,210,109,182,8,509,0,0,0,509
12/16/2000,SAT,TX,ASW,CE,Towers with Radar,176,78,101,9,364,6,23,166,4,199,182,101,267,13,563,0,0,0,563
12/17/2000,SAT,TX,ASW,CE,Towers with Radar,172,74,99,9,354,22,0,181,14,217,194,74,280,23,571,0,0,0,571
12/18/2000,SAT,TX,ASW,CE,Towers with Radar,200,83,128,10,421,0,0,125,22,147,200,83,253,32,568,14,2,16,584
12/19/2000,SAT,TX,ASW,CE,Towers with Radar,224,131,166,13,534,0,10,202,29,241,224,141,368,42,775,44,10,54,829
12/20/2000,SAT,TX,ASW,CE,Towers with Radar,224,122,155,12,513,0,40,210,21,271,224,162,365,33,784,10,0,10,794
12/21/2000,SAT,TX,ASW,CE,Towers with Radar,225,105,133,10,473,0,48,139,24,211,225,153,272,34,684,4,6,10,694
12/22/2000,SAT,TX,ASW,CE,Towers with Radar,162,73,92,7,334,62,68,240,13,383,224,141,332,20,717,18,0,18,735
12/23/2000,SAT,TX,ASW,CE,Towers with Radar,134,61,77,6,278,63,55,13,2,133,197,116,90,8,411,0,0,0,411
12/24/2000,SAT,TX,ASW,CE,Towers with Radar,70,33,36,2,141,100,5,0,0,105,170,38,36,2,246,0,0,0,246
12/25/2000,SAT,TX,ASW,CE,Towers with Radar,131,35,26,0,192,2,1,3,0,6,133,36,29,0,198,0,0,0,198
12/26/2000,SAT,TX,ASW,CE,Towers with Radar,107,48,61,3,219,69,34,32,0,135,176,82,93,3,354,0,0,0,354
12/27/2000,SAT,TX,ASW,CE,Towers with Radar,198,87,112,9,406,5,56,56,19,136,203,143,168,28,542,2,2,4,546
12/28/2000,SAT,TX,ASW,CE,Towers with Radar,194,86,111,8,399,50,40,193,22,305,244,126,304,30,704,32,0,32,736
12/29/2000,SAT,TX,ASW,CE,Towers with Radar,144,64,82,6,296,72,55,291,18,436,216,119,373,24,732,14,0,14,746
12/30/2000,SAT,TX,ASW,CE,Towers with Radar,134,59,77,6,276,60,55,208,30,353,194,114,285,36,629,16,0,16,645
12/31/2000,SAT,TX,ASW,CE,Towers with Radar,99,44,57,4,204,61,7,58,9,135,160,51,115,13,339,0,0,0,339
01/01/2001,SAT,TX,ASW,CE,Towers with Radar,83,36,48,5,172,61,5,51,5,122,144,41,99,10,294,8,0,8,302
01/02/2001,SAT,TX,ASW,CE,Towers with Radar,151,66,87,8,312,41,22,24,4,91,192,88,111,12,403,6,0,6,409
01/03/2001,SAT,TX,ASW,CE,Towers with Radar,218,103,134,12,467,0,16,188,27,231,218,119,322,39,698,18,8,26,724
01/04/2001,SAT,TX,ASW,CE,Towers with Radar,183,96,125,11,415,0,16,202,14,232,183,112,327,25,647,10,2,12,659
01/05/2001,SAT,TX,ASW,CE,Towers with Radar,224,107,139,13,483,0,40,292,14,346,224,147,431,27,829,30,0,30,859
01/06/2001,SAT,TX,ASW,CE,Towers with Radar,111,49,63,6,229,39,35,216,2,292,150,84,279,8,521,4,0,4,525
01/07/2001,SAT,TX,ASW,CE,Towers with Radar,128,56,73,7,264,57,13,124,24,218,185,69,197,31,482,22,2,24,506
01/08/2001,SAT,TX,ASW,CE,Towers with Radar,194,100,130,12,436,0,21,131,16,168,194,121,261,28,604,18,0,18,622
01/09/2001,SAT,TX,ASW,CE,Towers with Radar,205,123,160,14,502,0,7,262,25,294,205,130,422,39,796,46,8,54,850
01/10/2001,SAT,TX,ASW,CE,Towers with Radar,129,57,74,7,267,73,49,24,8,154,202,106,98,15,421,0,0,0,421
01/11/2001,SAT,TX,ASW,CE,Towers with Radar,237,118,153,14,522,0,36,162,1,199,237,154,315,15,721,8,0,8,729
01/12/2001,SAT,TX,ASW,CE,Towers with Radar,209,98,127,11,445,0,11,64,0,75,209,109,191,11,520,4,0,4,524
01/13/2001,SAT,TX,ASW,CE,Towers with Radar,123,54,70,7,254,65,37,59,0,161,188,91,129,7,415,8,0,8,423
01/14/2001,SAT,TX,ASW,CE,Towers with Radar,115,46,66,6,233,86,0,225,21,332,201,46,291,27,565,54,0,54,619
01/15/2001,SAT,TX,ASW,CE,Towers with Radar,133,59,76,7,275,69,23,200,33,325,202,82,276,40,600,38,4,42,642
01/16/2001,SAT,TX,ASW,CE,Towers with Radar,155,68,89,8,320,63,37,56,0,156,218,105,145,8,476,0,0,0,476
01/17/2001,SAT,TX,ASW,CE,Towers with Radar,217,99,130,12,458,0,14,52,0,66,217,113,182,12,524,4,0,4,528
01/18/2001,SAT,TX,ASW,CE,Towers with Radar,170,80,114,9,373,0,0,2,19,21,170,80,116,28,394,8,0,8,402
01/19/2001,SAT,TX,ASW,CE,Towers with Radar,220,113,150,12,495,0,46,109,16,171,220,159,259,28,666,14,0,14,680
01/20/2001,SAT,TX,ASW,CE,Towers with Radar,155,67,89,7,318,29,35,209,23,296,184,102,298,30,614,16,0,16,630
01/21/2001,SAT,TX,ASW,CE,Towers with Radar,146,61,84,7,298,48,0,179,17,244,194,61,263,24,542,16,10,26,568
01/22/2001,SAT,TX,ASW,CE,Towers with Radar,203,76,150,13,442,0,0,178,19,197,203,76,328,32,639,8,2,10,649
01/23/2001,SAT,TX,ASW,CE,Towers with Radar,228,139,183,15,565,0,25,134,46,205,228,164,317,61,770,92,0,92,862
01/24/2001,SAT,TX,ASW,CE,Towers with Radar,221,129,170,14,534,0,36,3,15,54,221,165,173,29,588,6,0,6,594
01/25/2001,SAT,TX,ASW,CE,Towers with Radar,225,131,174,15,545,0,0,226,5,231,225,131,400,20,776,36,6,42,818
01/26/2001,SAT,TX,ASW,CE,Towers with Radar,219,116,153,13,501,0,51,130,22,203,219,167,283,35,704,20,0,20,724
01/27/2001,SAT,TX,ASW,CE,Towers with Radar,135,58,78,6,277,52,26,21,24,123,187,84,99,30,400,6,0,6,406
01/28/2001,SAT,TX,ASW,CE,Towers with Radar,122,52,70,6,250,64,0,51,12,127,186,52,121,18,377,4,0,4,381
01/29/2001,SAT,TX,ASW,CE,Towers with Radar,159,69,91,7,326,34,30,228,3,295,193,99,319,10,621,26,4,30,651
01/30/2001,SAT,TX,ASW,CE,Towers with Radar,227,125,165,14,531,0,24,210,34,268,227,149,375,48,799,16,4,20,819
01/31/2001,SAT,TX,ASW,CE,Towers with Radar,174,100,133,11,418,0,30,249,25,304,174,130,382,36,722,6,0,6,728
02/01/2001,SAT,TX,ASW,CE,Towers with Radar,219,127,212,17,575,0,33,82,33,148,219,160,294,50,723,12,14,26,749
02/02/2001,SAT,TX,ASW,CE,Towers with Radar,215,129,215,18,577,0,69,117,17,203,215,198,332,35,780,30,4,34,814
02/03/2001,SAT,TX,ASW,CE,Towers with Radar,122,54,89,7,272,67,48,247,32,394,189,102,336,39,666,8,4,12,678
02/04/2001,SAT,TX,ASW,CE,Towers with Radar,143,47,104,9,303,53,0,250,35,338,196,47,354,44,641,24,6,30,671
02/05/2001,SAT,TX,ASW,CE,Towers with Radar,201,101,167,14,483,0,3,173,11,187,201,104,340,25,670,18,6,24,694
02/06/2001,SAT,TX,ASW,CE,Towers with Radar,224,108,179,15,526,0,32,86,24,142,224,140,265,39,668,24,2,26,694
02/07/2001,SAT,TX,ASW,CE,Towers with Radar,179,119,197,16,511,0,9,36,22,67,179,128,233,38,578,4,4,8,586
02/08/2001,SAT,TX,ASW,CE,Towers with Radar,225,115,190,15,545,0,0,17,5,22,225,115,207,20,567,4,6,10,577
02/09/2001,SAT,TX,ASW,CE,Towers with Radar,217,122,202,16,557,0,32,138,18,188,217,154,340,34,745,14,6,20,765
02/10/2001,SAT,TX,ASW,CE,Towers with Radar,122,53,88,7,270,62,25,230,18,335,184,78,318,25,605,14,0,14,619
02/11/2001,SAT,TX,ASW,CE,Towers with Radar,132,58,96,8,294,56,13,100,6,175,188,71,196,14,469,0,0,0,469
02/12/2001,SAT,TX,ASW,CE,Towers with Radar,189,67,124,3,383,3,1,2,0,6,192,68,126,3,389,0,0,0,389
02/13/2001,SAT,TX,ASW,CE,Towers with Radar,186,81,135,11,413,29,6,41,1,77,215,87,176,12,490,0,0,0,490
02/14/2001,SAT,TX,ASW,CE,Towers with Radar,218,98,184,15,515,0,0,97,13,110,218,98,281,28,625,10,2,12,637
02/15/2001,SAT,TX,ASW,CE,Towers with Radar,225,103,170,14,512,0,16,62,23,101,225,119,232,37,613,8,6,14,627
02/16/2001,SAT,TX,ASW,CE,Towers with Radar,229,116,193,15,553,0,18,123,19,160,229,134,316,34,713,8,4,12,725
02/17/2001,SAT,TX,ASW,CE,Towers with Radar,131,57,95,7,290,63,31,275,17,386,194,88,370,24,676,14,0,14,690
02/18/2001,SAT,TX,ASW,CE,Towers with Radar,115,51,84,6,256,73,12,284,10,379,188,63,368,16,635,12,2,14,649
02/19/2001,SAT,TX,ASW,CE,Towers with Radar,136,60,99,7,302,62,18,226,6,312,198,78,325,13,614,20,8,28,642
02/20/2001,SAT,TX,ASW,CE,Towers with Radar,218,96,160,12,486,0,31,123,19,173,218,127,283,31,659,50,0,50,709
02/21/2001,SAT,TX,ASW,CE,Towers with Radar,212,110,183,14,519,0,8,79,13,100,212,118,262,27,619,4,8,12,631
02/22/2001,SAT,TX,ASW,CE,Towers with Radar,185,77,177,13,452,0,0,28,7,35,185,77,205,20,487,0,0,0,487
02/23/2001,SAT,TX,ASW,CE,Towers with Radar,152,67,111,6,336,59,56,39,0,154,211,123,150,6,490,6,0,6,496
02/24/2001,SAT,TX,ASW,CE,Towers with Radar,131,57,96,7,291,68,47,217,35,367,199,104,313,42,658,6,0,6,664
02/25/2001,SAT,TX,ASW,CE,Towers with Radar,124,55,91,7,277,58,12,301,7,378,182,67,392,14,655,26,4,30,685
02/26/2001,SAT,TX,ASW,CE,Towers with Radar,202,108,183,14,507,0,0,41,16,57,202,108,224,30,564,20,8,28,592
02/27/2001,SAT,TX,ASW,CE,Towers with Radar,236,116,194,15,561,0,18,67,18,103,236,134,261,33,664,28,2,30,694
02/28/2001,SAT,TX,ASW,CE,Towers with Radar,211,92,154,12,469,16,27,77,10,130,227,119,231,22,599,8,0,8,607
03/01/2001,SAT,TX,ASW,CE,Towers with Radar,229,102,159,12,502,0,35,63,7,105,229,137,222,19,607,0,0,0,607
03/02/2001,SAT,TX,ASW,CE,Towers with Radar,230,105,164,13,512,0,14,76,19,109,230,119,240,32,621,10,8,18,639
03/03/2001,SAT,TX,ASW,CE,Towers with Radar,155,65,107,5,332,38,0,195,0,233,193,65,302,5,565,0,0,0,565
03/04/2001,SAT,TX,ASW,CE,Towers with Radar,144,64,99,8,315,50,6,385,18,459,194,70,484,26,774,12,4,16,790
03/05/2001,SAT,TX,ASW,CE,Towers with Radar,203,99,154,12,468,0,26,239,23,288,203,125,393,35,756,20,14,34,790
03/06/2001,SAT,TX,ASW,CE,Towers with Radar,217,110,173,13,513,0,45,205,23,273,217,155,378,36,786,28,4,32,818
03/07/2001,SAT,TX,ASW,CE,Towers with Radar,208,118,185,14,525,0,36,185,28,249,208,154,370,42,774,26,2,28,802
03/08/2001,SAT,TX,ASW,CE,Towers with Radar,215,110,172,13,510,0,38,65,21,124,215,148,237,34,634,16,2,18,652
03/09/2001,SAT,TX,ASW,CE,Towers with Radar,221,108,169,13,511,0,51,220,24,295,221,159,389,37,806,12,0,12,818
03/10/2001,SAT,TX,ASW,CE,Towers with Radar,139,61,95,8,303,51,44,98,22,215,190,105,193,30,518,16,2,18,536
03/11/2001,SAT,TX,ASW,CE,Towers with Radar,122,54,84,7,267,63,21,60,9,153,185,75,144,16,420,18,0,18,438
03/12/2001,SAT,TX,ASW,CE,Towers with Radar,195,104,163,13,475,0,9,181,13,203,195,113,344,26,678,20,0,20,698
03/13/2001,SAT,TX,ASW,CE,Towers with Radar,223,104,164,13,504,0,13,260,17,290,223,117,424,30,794,14,2,16,810
03/14/2001,SAT,TX,ASW,CE,Towers with Radar,171,75,118,9,373,51,43,86,33,213,222,118,204,42,586,2,4,6,592
03/15/2001,SAT,TX,ASW,CE,Towers with Radar,240,108,179,14,541,0,0,244,11,255,240,108,423,25,796,36,2,38,834
03/16/2001,SAT,TX,ASW,CE,Towers with Radar,224,109,174,12,519,0,45,296,28,369,224,154,470,40,888,34,2,36,924
03/17/2001,SAT,TX,ASW,CE,Towers with Radar,119,51,82,6,258,60,38,238,7,343,179,89,320,13,601,10,0,10,611
03/18/2001,SAT,TX,ASW,CE,Towers with Radar,109,47,75,5,236,73,10,39,13,135,182,57,114,18,371,0,0,0,371
03/19/2001,SAT,TX,ASW,CE,Towers with Radar,204,94,178,13,489,0,0,172,19,191,204,94,350,32,680,38,0,38,718
03/20/2001,SAT,TX,ASW,CE,Towers with Radar,224,102,162,12,500,0,27,213,13,253,224,129,375,25,753,18,4,22,775
03/21/2001,SAT,TX,ASW,CE,Towers with Radar,216,109,173,12,510,0,40,231,22,293,216,149,404,34,803,50,4,54,857
03/22/2001,SAT,TX,ASW,CE,Towers with Radar,230,111,176,12,529,0,23,263,22,308,230,134,439,34,837,16,6,22,859
03/23/2001,SAT,TX,ASW,CE,Towers with Radar,223,106,169,12,510,0,51,176,16,243,223,157,345,28,753,12,4,16,769
03/24/2001,SAT,TX,ASW,CE,Towers with Radar,137,59,94,6,296,53,30,191,20,294,190,89,285,26,590,10,0,10,600
03/25/2001,SAT,TX,ASW,CE,Towers with Radar,147,52,101,7,307,38,0,215,14,267,185,52,316,21,574,8,0,8,582
03/26/2001,SAT,TX,ASW,CE,Towers with Radar,196,95,151,11,453,0,60,99,16,175,196,155,250,27,628,42,2,44,672
03/27/2001,SAT,TX,ASW,CE,Towers with Radar,129,55,89,1,274,37,20,52,0,109,166,75,141,1,383,0,0,0,383
03/28/2001,SAT,TX,ASW,CE,Towers with Radar,165,72,115,8,360,0,10,89,11,110,165,82,204,19,470,0,0,0,470
03/29/2001,SAT,TX,ASW,CE,Towers with Radar,216,93,175,12,496,0,0,7,2,9,216,93,182,14,505,12,6,18,523
03/30/2001,SAT,TX,ASW,CE,Towers with Radar,222,113,180,13,528,0,77,154,30,261,222,190,334,43,789,6,4,10,799
03/31/2001,SAT,TX,ASW,CE,Towers with Radar,163,71,111,8,353,27,19,171,25,242,190,90,282,33,595,4,0,4,599
04/01/2001,SAT,TX,ASW,CE,Towers with Radar,140,46,107,9,302,50,0,139,24,213,190,46,246,33,515,12,0,12,527
04/02/2001,SAT,TX,ASW,CE,Towers with Radar,203,75,173,14,465,0,0,62,5,67,203,75,235,19,532,10,2,12,544
04/03/2001,SAT,TX,ASW,CE,Towers with Radar,216,109,208,16,549,0,27,67,0,94,216,136,275,16,643,90,2,92,735
04/04/2001,SAT,TX,ASW,CE,Towers with Radar,226,95,182,14,517,0,12,66,6,84,226,107,248,20,601,32,4,36,637
04/05/2001,SAT,TX,ASW,CE,Towers with Radar,230,99,190,15,534,0,27,85,14,126,230,126,275,29,660,10,6,16,676
04/06/2001,SAT,TX,ASW,CE,Towers with Radar,222,114,218,17,571,0,10,82,30,122,222,124,300,47,693,26,4,30,723
04/07/2001,SAT,TX,ASW,CE,Towers with Radar,132,53,100,8,293,54,15,139,27,235,186,68,239,35,528,6,0,6,534
04/08/2001,SAT,TX,ASW,CE,Towers with Radar,129,52,98,8,287,69,14,163,18,264,198,66,261,26,551,18,2,20,571
04/09/2001,SAT,TX,ASW,CE,Towers with Radar,204,97,185,15,501,0,21,155,24,200,204,118,340,39,701,44,6,50,751
04/10/2001,SAT,TX,ASW,CE,Towers with Radar,223,109,209,16,557,0,38,59,31,128,223,147,268,47,685,16,20,36,721
04/11/2001,SAT,TX,ASW,CE,Towers with Radar,219,107,205,16,547,0,17,209,27,253,219,124,414,43,800,10,0,10,810
04/12/2001,SAT,TX,ASW,CE,Towers with Radar,202,85,186,15,488,0,0,95,22,117,202,85,281,37,605,12,2,14,619
04/13/2001,SAT,TX,ASW,CE,Towers with Radar,186,83,158,12,439,0,0,55,20,75,186,83,213,32,514,28,4,32,546
04/14/2001,SAT,TX,ASW,CE,Towers with Radar,113,45,86,7,251,75,16,143,7,241,188,61,229,14,492,4,0,4,496
04/15/2001,SAT,TX,ASW,CE,Towers with Radar,99,40,76,6,221,98,5,107,8,218,197,45,183,14,439,54,0,54,493
04/16/2001,SAT,TX,ASW,CE,Towers with Radar,194,95,184,13,486,0,28,118,42,188,194,123,302,55,674,58,0,58,732
04/17/2001,SAT,TX,ASW,CE,Towers with Radar,201,79,152,11,443,32,50,55,11,148,233,129,207,22,591,12,0,12,603
04/18/2001,SAT,TX,ASW,CE,Towers with Radar,158,89,171,12,430,0,21,135,11,167,158,110,306,23,597,14,4,18,615
04/19/2001,SAT,TX,ASW,CE,Towers with Radar,237,106,206,15,564,0,12,30,20,62,237,118,236,35,626,10,0,10,636
04/20/2001,SAT,TX,ASW,CE,Towers with Radar,220,103,199,15,537,0,36,121,13,170,220,139,320,28,707,2,0,2,709
04/21/2001,SAT,TX,ASW,CE,Towers with Radar,135,52,102,7,296,54,25,66,28,173,189,77,168,35,469,2,0,2,471
04/22/2001,SAT,TX,ASW,CE,Towers with Radar,136,45,104,7,292,62,0,102,27,191,198,45,206,34,483,6,0,6,489
04/23/2001,SAT,TX,ASW,CE,Towers with Radar,112,44,86,6,248,99,26,52,5,182,211,70,138,11,430,0,0,0,430
04/24/2001,SAT,TX,ASW,CE,Towers with Radar,230,100,194,14,538,0,58,124,15,197,230,158,318,29,735,10,6,16,751
04/25/2001,SAT,TX,ASW,CE,Towers with Radar,229,105,203,15,552,0,42,158,19,219,229,147,361,34,771,22,2,24,795
04/26/2001,SAT,TX,ASW,CE,Towers with Radar,230,110,214,16,570,0,43,192,20,255,230,153,406,36,825,54,14,68,893
04/27/2001,SAT,TX,ASW,CE,Towers with Radar,218,100,193,14,525,0,135,72,16,223,218,235,265,30,748,26,4,30,778
04/28/2001,SAT,TX,ASW,CE,Towers with Radar,123,48,94,7,272,66,38,236,5,345,189,86,330,12,617,18,0,18,635
04/29/2001,SAT,TX,ASW,CE,Towers with Radar,126,49,96,7,278,76,19,199,40,334,202,68,295,47,612,10,6,16,628
04/30/2001,SAT,TX,ASW,CE,Towers with Radar,204,82,159,11,456,0,26,200,14,240,204,108,359,25,696,20,4,24,720
05/01/2001,SAT,TX,ASW,CE,Towers with Radar,214,102,161,15,492,0,27,144,25,196,214,129,305,40,688,26,10,36,724
05/02/2001,SAT,TX,ASW,CE,Towers with Radar,218,96,148,14,476,0,53,223,6,282,218,149,371,20,758,68,4,72,830
05/03/2001,SAT,TX,ASW,CE,Towers with Radar,228,103,161,15,507,0,45,127,24,196,228,148,288,39,703,12,8,20,723
05/04/2001,SAT,TX,ASW,CE,Towers with Radar,216,99,155,15,485,0,16,94,39,149,216,115,249,54,634,6,12,18,652
05/05/2001,SAT,TX,ASW,CE,Towers with Radar,137,57,88,9,291,59,5,106,16,186,196,62,194,25,477,18,26,44,521
05/06/2001,SAT,TX,ASW,CE,Towers with Radar,131,53,84,8,276,63,0,107,23,193,194,53,191,31,469,8,0,8,477
05/07/2001,SAT,TX,ASW,CE,Towers with Radar,209,97,151,14,471,0,1,136,20,157,209,98,287,34,628,16,4,20,648
05/08/2001,SAT,TX,ASW,CE,Towers with Radar,226,93,145,14,478,1,25,105,16,147,227,118,250,30,625,22,8,30,655
05/09/2001,SAT,TX,ASW,CE,Towers with Radar,220,114,177,17,528,0,35,191,20,246,220,149,368,37,774,20,8,28,802
05/10/2001,SAT,TX,ASW,CE,Towers with Radar,239,117,182,17,555,0,43,189,26,258,239,160,371,43,813,26,2,28,841
05/11/2001,SAT,TX,ASW,CE,Towers with Radar,220,115,179,17,531,0,20,214,22,256,220,135,393,39,787,16,20,36,823
05/12/2001,SAT,TX,ASW,CE,Towers with Radar,124,52,80,8,264,69,15,106,39,229,193,67,186,47,493,30,6,36,529
05/13/2001,SAT,TX,ASW,CE,Towers with Radar,101,42,65,6,214,94,14,154,22,284,195,56,219,28,498,18,0,18,516
05/14/2001,SAT,TX,ASW,CE,Towers with Radar,203,92,147,14,456,0,0,204,32,236,203,92,351,46,692,18,6,24,716
05/15/2001,SAT,TX,ASW,CE,Towers with Radar,225,104,162,15,506,0,30,212,5,247,225,134,374,20,753,20,10,30,783
05/16/2001,SAT,TX,ASW,CE,Towers with Radar,217,104,162,15,498,0,40,219,34,293,217,144,381,49,791,32,10,42,833
05/17/2001,SAT,TX,ASW,CE,Towers with Radar,223,106,165,15,509,0,21,230,13,264,223,127,395,28,773,18,22,40,813
05/18/2001,SAT,TX,ASW,CE,Towers with Radar,219,106,167,15,507,0,28,189,27,244,219,134,356,42,751,10,0,10,761
05/19/2001,SAT,TX,ASW,CE,Towers with Radar,146,59,93,8,306,41,18,147,13,219,187,77,240,21,525,4,4,8,533
05/20/2001,SAT,TX,ASW,CE,Towers with Radar,133,54,85,7,279,54,2,108,10,174,187,56,193,17,453,8,0,8,461
05/21/2001,SAT,TX,ASW,CE,Towers with Radar,183,74,118,10,385,25,38,97,16,176,208,112,215,26,561,6,0,6,567
05/22/2001,SAT,TX,ASW,CE,Towers with Radar,221,106,168,15,510,0,58,245,5,308,221,164,413,20,818,34,4,38,856
05/23/2001,SAT,TX,ASW,CE,Towers with Radar,225,105,165,14,509,0,18,286,22,326,225,123,451,36,835,24,0,24,859
05/24/2001,SAT,TX,ASW,CE,Towers with Radar,230,104,164,14,512,0,23,220,6,249,230,127,384,20,761,6,0,6,767
05/25/2001,SAT,TX,ASW,CE,Towers with Radar,214,96,152,13,475,0,43,223,15,281,214,139,375,28,756,20,6,26,782
05/26/2001,SAT,TX,ASW,CE,Towers with Radar,110,44,71,6,231,78,15,205,19,317,188,59,276,25,548,32,6,38,586
05/27/2001,SAT,TX,ASW,CE,Towers with Radar,91,37,59,5,192,72,7,166,12,257,163,44,225,17,449,30,0,30,479
05/28/2001,SAT,TX,ASW,CE,Towers with Radar,110,44,71,6,231,77,44,175,14,310,187,88,246,20,541,26,0,26,567
05/29/2001,SAT,TX,ASW,CE,Towers with Radar,204,99,164,14,481,0,0,204,22,226,204,99,368,36,707,24,8,32,739
05/30/2001,SAT,TX,ASW,CE,Towers with Radar,228,105,166,15,514,0,37,177,2,216,228,142,343,17,730,14,6,20,750
05/31/2001,SAT,TX,ASW,CE,Towers with Radar,193,78,124,11,406,20,79,158,19,276,213,157,282,30,682,16,12,28,710
06/01/2001,SAT,TX,ASW,CE,Towers with Radar,221,104,168,14,507,0,31,172,17,220,221,135,340,31,727,6,0,6,733
06/02/2001,SAT,TX,ASW,CE,Towers with Radar,126,52,82,7,267,70,6,215,22,313,196,58,297,29,580,34,0,34,614
06/03/2001,SAT,TX,ASW,CE,Towers with Radar,125,40,81,7,253,67,0,164,19,250,192,40,245,26,503,12,4,16,519
06/04/2001,SAT,TX,ASW,CE,Towers with Radar,206,92,146,12,456,0,30,118,9,157,206,122,264,21,613,8,6,14,627
06/05/2001,SAT,TX,ASW,CE,Towers with Radar,221,107,170,14,512,0,19,126,30,175,221,126,296,44,687,22,10,32,719
06/06/2001,SAT,TX,ASW,CE,Towers with Radar,230,101,161,13,505,0,24,177,19,220,230,125,338,32,725,18,6,24,749
06/07/2001,SAT,TX,ASW,CE,Towers with Radar,228,95,150,12,485,0,30,186,23,239,228,125,336,35,724,16,2,18,742
06/08/2001,SAT,TX,ASW,CE,Towers with Radar,226,96,152,12,486,0,17,116,18,151,226,113,268,30,637,8,8,16,653
06/09/2001,SAT,TX,ASW,CE,Towers with Radar,134,55,87,7,283,75,12,133,23,243,209,67,220,30,526,10,2,12,538
06/10/2001,SAT,TX,ASW,CE,Towers with Radar,113,47,73,6,239,70,22,209,27,328,183,69,282,33,567,0,0,0,567
06/11/2001,SAT,TX,ASW,CE,Towers with Radar,199,97,154,13,463,0,22,169,31,222,199,119,323,44,685,20,8,28,713
06/12/2001,SAT,TX,ASW,CE,Towers with Radar,225,105,167,14,511,0,12,274,11,297,225,117,441,25,808,20,2,22,830
06/13/2001,SAT,TX,ASW,CE,Towers with Radar,213,112,178,15,518,0,64,193,19,276,213,176,371,34,794,4,6,10,804
06/14/2001,SAT,TX,ASW,CE,Towers with Radar,220,112,177,14,523,0,30,123,19,172,220,142,300,33,695,28,8,36,731
06/15/2001,SAT,TX,ASW,CE,Towers with Radar,180,87,139,10,416,0,67,220,26,313,180,154,359,36,729,16,0,16,745
06/16/2001,SAT,TX,ASW,CE,Towers with Radar,121,49,78,6,254,77,22,256,17,372,198,71,334,23,626,38,6,44,670
06/17/2001,SAT,TX,ASW,CE,Towers with Radar,119,48,76,6,249,77,47,247,30,401,196,95,323,36,650,8,0,8,658
06/18/2001,SAT,TX,ASW,CE,Towers with Radar,201,85,136,10,432,0,29,220,31,280,201,114,356,41,712,32,2,34,746
06/19/2001,SAT,TX,ASW,CE,Towers with Radar,218,101,163,12,494,0,39,238,28,305,218,140,401,40,799,64,0,64,863
06/20/2001,SAT,TX,ASW,CE,Towers with Radar,217,109,176,13,515,0,46,283,10,339,217,155,459,23,854,12,8,20,874
06/21/2001,SAT,TX,ASW,CE,Towers with Radar,222,107,172,13,514,0,37,270,9,316,222,144,442,22,830,8,4,12,842
06/22/2001,SAT,TX,ASW,CE,Towers with Radar,230,99,159,12,500,0,36,191,36,263,230,135,350,48,763,62,0,62,825
06/23/2001,SAT,TX,ASW,CE,Towers with Radar,127,51,83,6,267,70,22,246,8,346,197,73,329,14,613,42,0,42,655
06/24/2001,SAT,TX,ASW,CE,Towers with Radar,117,46,76,5,244,82,0,244,5,331,199,46,320,10,575,16,0,16,591
06/25/2001,SAT,TX,ASW,CE,Towers with Radar,193,98,161,12,464,0,0,246,19,265,193,98,407,31,729,24,8,32,761
06/26/2001,SAT,TX,ASW,CE,Towers with Radar,214,101,163,12,490,0,55,231,26,312,214,156,394,38,802,48,0,48,850
06/27/2001,SAT,TX,ASW,CE,Towers with Radar,220,106,170,13,509,0,20,246,28,294,220,126,416,41,803,14,4,18,821
06/28/2001,SAT,TX,ASW,CE,Towers with Radar,222,112,181,14,529,0,35,248,29,312,222,147,429,43,841,38,4,42,883
06/29/2001,SAT,TX,ASW,CE,Towers with Radar,229,96,155,12,492,0,41,252,24,317,229,137,407,36,809,48,10,58,867
06/30/2001,SAT,TX,ASW,CE,Towers with Radar,118,48,77,6,249,94,23,215,27,359,212,71,292,33,608,26,2,28,636
07/01/2001,SAT,TX,ASW,CE,Towers with Radar,127,47,73,7,254,74,9,80,19,182,201,56,153,26,436,0,0,0,436
07/02/2001,SAT,TX,ASW,CE,Towers with Radar,193,74,111,11,389,0,24,147,36,207,193,98,258,47,596,38,0,38,634
07/03/2001,SAT,TX,ASW,CE,Towers with Radar,210,88,132,13,443,0,38,212,38,288,210,126,344,51,731,36,24,60,791
07/04/2001,SAT,TX,ASW,CE,Towers with Radar,93,36,53,6,188,93,47,110,8,258,186,83,163,14,446,34,0,34,480
07/05/2001,SAT,TX,ASW,CE,Towers with Radar,130,50,74,7,261,70,62,296,20,448,200,112,370,27,709,24,8,32,741
07/06/2001,SAT,TX,ASW,CE,Towers with Radar,226,89,134,13,462,0,48,273,20,341,226,137,407,33,803,0,0,0,803
07/07/2001,SAT,TX,ASW,CE,Towers with Radar,110,42,63,6,221,92,33,232,36,393,202,75,295,42,614,14,0,14,628
07/08/2001,SAT,TX,ASW,CE,Towers with Radar,120,46,68,7,241,63,11,282,25,381,183,57,350,32,622,0,0,0,622
07/09/2001,SAT,TX,ASW,CE,Towers with Radar,213,87,131,13,444,0,0,243,33,276,213,87,374,46,720,44,2,46,766
07/10/2001,SAT,TX,ASW,CE,Towers with Radar,217,104,156,15,492,0,27,195,9,231,217,131,351,24,723,38,2,40,763
07/11/2001,SAT,TX,ASW,CE,Towers with Radar,219,103,156,15,493,0,37,212,19,268,219,140,368,34,761,12,2,14,775
07/12/2001,SAT,TX,ASW,CE,Towers with Radar,226,105,159,15,505,0,53,210,29,292,226,158,369,44,797,20,4,24,821
07/13/2001,SAT,TX,ASW,CE,Towers with Radar,216,91,138,12,457,0,67,257,56,380,216,158,395,68,837,38,6,44,881
07/14/2001,SAT,TX,ASW,CE,Towers with Radar,106,41,60,5,212,90,22,231,25,368,196,63,291,30,580,0,0,0,580
07/15/2001,SAT,TX,ASW,CE,Towers with Radar,118,45,68,6,237,76,12,165,24,277,194,57,233,30,514,6,0,6,520
07/16/2001,SAT,TX,ASW,CE,Towers with Radar,177,67,102,10,356,24,30,235,23,312,201,97,337,33,668,84,0,84,752
07/17/2001,SAT,TX,ASW,CE,Towers with Radar,211,105,159,14,489,0,40,212,22,274,211,145,371,36,763,38,0,38,801
07/18/2001,SAT,TX,ASW,CE,Towers with Radar,221,102,154,14,491,0,14,201,23,238,221,116,355,37,729,38,4,42,771
07/19/2001,SAT,TX,ASW,CE,Towers with Radar,219,105,161,14,499,0,23,232,9,264,219,128,393,23,763,10,10,20,783
07/20/2001,SAT,TX,ASW,CE,Towers with Radar,217,100,154,14,485,0,45,272,22,339,217,145,426,36,824,26,8,34,858
07/21/2001,SAT,TX,ASW,CE,Towers with Radar,136,50,78,7,271,69,16,278,23,386,205,66,356,30,657,6,0,6,663
07/22/2001,SAT,TX,ASW,CE,Towers with Radar,133,49,76,7,265,57,6,248,17,328,190,55,324,24,593,14,0,14,607
07/23/2001,SAT,TX,ASW,CE,Towers with Radar,202,92,142,13,449,0,17,185,20,222,202,109,327,33,671,14,6,20,691
07/24/2001,SAT,TX,ASW,CE,Towers with Radar,219,103,159,14,495,0,24,205,19,248,219,127,364,33,743,24,6,30,773
07/25/2001,SAT,TX,ASW,CE,Towers with Radar,214,107,165,16,502,0,16,237,10,263,214,123,402,26,765,18,0,18,783
07/26/2001,SAT,TX,ASW,CE,Towers with Radar,215,104,159,15,493,0,34,232,21,287,215,138,391,36,780,38,4,42,822
07/27/2001,SAT,TX,ASW,CE,Towers with Radar,229,101,155,15,500,0,17,187,9,213,229,118,342,24,713,2,0,2,715
07/28/2001,SAT,TX,ASW,CE,Towers with Radar,142,53,81,7,283,50,25,181,20,276,192,78,262,27,559,0,0,0,559
07/29/2001,SAT,TX,ASW,CE,Towers with Radar,129,48,74,6,257,54,7,194,19,274,183,55,268,25,531,12,2,14,545
07/30/2001,SAT,TX,ASW,CE,Towers with Radar,197,90,139,12,438,0,35,147,24,206,197,125,286,36,644,4,0,4,648
07/31/2001,SAT,TX,ASW,CE,Towers with Radar,218,91,140,13,462,0,41,161,17,219,218,132,301,30,681,34,4,38,719
08/01/2001,SAT,TX,ASW,CE,Towers with Radar,222,99,142,15,478,0,29,173,15,217,222,128,315,30,695,12,20,32,727
08/02/2001,SAT,TX,ASW,CE,Towers with Radar,223,103,147,15,488,0,61,130,21,212,223,164,277,36,700,16,0,16,716
08/03/2001,SAT,TX,ASW,CE,Towers with Radar,169,65,94,10,338,58,101,131,30,320,227,166,225,40,658,2,2,4,662
08/04/2001,SAT,TX,ASW,CE,Towers with Radar,118,46,65,7,236,86,10,203,22,321,204,56,268,29,557,10,0,10,567
08/05/2001,SAT,TX,ASW,CE,Towers with Radar,123,48,68,7,246,70,8,188,1,267,193,56,256,8,513,10,0,10,523
08/06/2001,SAT,TX,ASW,CE,Towers with Radar,211,83,118,12,424,0,22,159,22,203,211,105,277,34,627,10,2,12,639
08/07/2001,SAT,TX,ASW,CE,Towers with Radar,228,97,139,14,478,0,35,201,30,266,228,132,340,44,744,10,4,14,758
08/08/2001,SAT,TX,ASW,CE,Towers with Radar,225,106,152,16,499,0,12,204,21,237,225,118,356,37,736,6,4,10,746
08/09/2001,SAT,TX,ASW,CE,Towers with Radar,220,106,153,16,495,0,23,236,20,279,220,129,389,36,774,26,6,32,806
08/10/2001,SAT,TX,ASW,CE,Towers with Radar,234,103,148,15,500,0,8,225,23,256,234,111,373,38,756,24,0,24,780
08/11/2001,SAT,TX,ASW,CE,Towers with Radar,137,53,76,8,274,53,13,234,23,323,190,66,310,31,597,14,2,16,613
08/12/2001,SAT,TX,ASW,CE,Towers with Radar,147,57,81,9,294,37,1,194,25,257,184,58,275,34,551,2,2,4,555
08/13/2001,SAT,TX,ASW,CE,Towers with Radar,206,87,125,13,431,0,118,47,12,177,206,205,172,25,608,2,2,4,612
08/14/2001,SAT,TX,ASW,CE,Towers with Radar,217,93,152,15,477,0,0,177,23,200,217,93,329,38,677,24,4,28,705
08/15/2001,SAT,TX,ASW,CE,Towers with Radar,221,110,158,15,504,0,25,223,5,253,221,135,381,20,757,12,4,16,773
08/16/2001,SAT,TX,ASW,CE,Towers with Radar,228,106,155,15,504,0,18,164,16,198,228,124,319,31,702,32,6,38,740
08/17/2001,SAT,TX,ASW,CE,Towers with Radar,222,95,139,13,469,0,41,159,52,252,222,136,298,65,721,2,8,10,731
08/18/2001,SAT,TX,ASW,CE,Towers with Radar,125,47,69,6,247,75,5,183,31,294,200,52,252,37,541,2,12,14,555
08/19/2001,SAT,TX,ASW,CE,Towers with Radar,125,47,70,6,248,68,11,107,15,201,193,58,177,21,449,10,0,10,459
08/20/2001,SAT,TX,ASW,CE,Towers with Radar,204,86,126,12,428,0,27,182,20,229,204,113,308,32,657,12,8,20,677
08/21/2001,SAT,TX,ASW,CE,Towers with Radar,207,102,149,14,472,0,21,202,29,252,207,123,351,43,724,42,0,42,766
08/22/2001,SAT,TX,ASW,CE,Towers with Radar,209,104,152,14,479,0,39,158,17,214,209,143,310,31,693,8,10,18,711
08/23/2001,SAT,TX,ASW,CE,Towers with Radar,233,108,158,15,514,0,23,282,31,336,233,131,440,46,850,26,16,42,892
08/24/2001,SAT,TX,ASW,CE,Towers with Radar,226,100,146,14,486,0,28,251,33,312,226,128,397,47,798,20,10,30,828
08/25/2001,SAT,TX,ASW,CE,Towers with Radar,129,49,72,7,257,68,8,196,13,285,197,57,268,20,542,14,4,18,560
08/26/2001,SAT,TX,ASW,CE,Towers with Radar,138,52,77,7,274,54,17,144,28,243,192,69,221,35,517,20,4,24,541
08/27/2001,SAT,TX,ASW,CE,Towers with Radar,201,65,112,10,388,17,0,106,20,143,218,65,218,30,531,12,0,12,543
08/28/2001,SAT,TX,ASW,CE,Towers with Radar,205,78,114,11,408,2,40,118,6,166,207,118,232,17,574,12,0,12,586
08/29/2001,SAT,TX,ASW,CE,Towers with Radar,171,65,95,9,340,48,24,89,8,169,219,89,184,17,509,14,0,14,523
08/30/2001,SAT,TX,ASW,CE,Towers with Radar,151,57,84,8,300,68,39,84,3,194,219,96,168,11,494,4,0,4,498
08/31/2001,SAT,TX,ASW,CE,Towers with Radar,224,85,124,12,445,1,25,93,10,129,225,110,217,22,574,6,4,10,584
09/01/2001,SAT,TX,ASW,CE,Towers with Radar,96,58,67,7,228,81,25,159,12,277,177,83,226,19,505,8,2,10,515
09/02/2001,SAT,TX,ASW,CE,Towers with Radar,69,42,48,5,164,73,11,105,11,200,142,53,153,16,364,18,0,18,382
09/03/2001,SAT,TX,ASW,CE,Towers with Radar,95,57,66,7,225,79,1,190,11,281,174,58,256,18,506,32,6,38,544
09/04/2001,SAT,TX,ASW,CE,Towers with Radar,205,85,143,15,448,14,0,147,0,161,219,85,290,15,609,16,4,20,629
09/05/2001,SAT,TX,ASW,CE,Towers with Radar,161,97,112,12,382,42,2,127,15,186,203,99,239,27,568,8,0,8,576
09/06/2001,SAT,TX,ASW,CE,Towers with Radar,220,140,170,17,547,0,0,148,11,159,220,140,318,28,706,14,4,18,724
09/07/2001,SAT,TX,ASW,CE,Towers with Radar,194,142,165,17,518,0,1,225,20,246,194,143,390,37,764,6,2,8,772
09/08/2001,SAT,TX,ASW,CE,Towers with Radar,125,75,87,10,297,48,6,198,26,278,173,81,285,36,575,4,2,6,581
09/09/2001,SAT,TX,ASW,CE,Towers with Radar,104,63,72,8,247,46,6,104,5,161,150,69,176,13,408,12,0,12,420
09/10/2001,SAT,TX,ASW,CE,Towers with Radar,177,131,154,16,478,0,3,71,19,93,177,134,225,35,571,12,14,26,597
09/11/2001,SAT,TX,ASW,CE,Towers with Radar,52,31,37,4,124,16,24,0,6,46,68,55,37,10,170,6,0,6,176
09/12/2001,SAT,TX,ASW,CE,Towers with Radar,0,1,7,1,9,0,0,12,13,25,0,1,19,14,34,0,0,0,34
09/13/2001,SAT,TX,ASW,CE,Towers with Radar,10,43,21,5,79,0,0,0,7,7,10,43,21,12,86,0,0,0,86
09/14/2001,SAT,TX,ASW,CE,Towers with Radar,104,104,64,12,284,0,59,0,9,68,104,163,64,21,352,0,0,0,352
09/15/2001,SAT,TX,ASW,CE,Towers with Radar,106,62,74,7,249,28,18,56,12,114,134,80,130,19,363,0,0,0,363
09/16/2001,SAT,TX,ASW,CE,Towers with Radar,96,56,67,6,225,44,6,11,7,68,140,62,78,13,293,0,0,0,293
09/17/2001,SAT,TX,ASW,CE,Towers with Radar,152,106,106,15,379,0,0,0,7,7,152,106,106,22,386,2,0,2,388
09/18/2001,SAT,TX,ASW,CE,Towers with Radar,180,160,153,18,511,0,2,0,7,9,180,162,153,25,520,6,4,10,530
09/19/2001,SAT,TX,ASW,CE,Towers with Radar,178,145,158,16,497,0,6,0,16,22,178,151,158,32,519,0,0,0,519
09/20/2001,SAT,TX,ASW,CE,Towers with Radar,179,141,166,16,502,0,20,70,9,99,179,161,236,25,601,0,0,0,601
09/21/2001,SAT,TX,ASW,CE,Towers with Radar,174,134,168,16,492,0,0,83,29,112,174,134,251,45,604,6,6,12,616
09/22/2001,SAT,TX,ASW,CE,Towers with Radar,143,84,100,9,336,9,3,70,6,88,152,87,170,15,424,0,2,2,426
09/23/2001,SAT,TX,ASW,CE,Towers with Radar,103,60,72,7,242,51,14,156,15,236,154,74,228,22,478,16,0,16,494
09/24/2001,SAT,TX,ASW,CE,Towers with Radar,168,103,136,14,421,0,0,137,34,171,168,103,273,48,592,12,2,14,606
09/25/2001,SAT,TX,ASW,CE,Towers with Radar,179,137,161,15,492,0,8,223,26,257,179,145,384,41,749,20,2,22,771
09/26/2001,SAT,TX,ASW,CE,Towers with Radar,180,111,131,12,434,0,21,303,22,346,180,132,434,34,780,94,10,104,884
09/27/2001,SAT,TX,ASW,CE,Towers with Radar,165,97,115,12,389,20,59,271,4,354,185,156,386,16,743,10,2,12,755
09/28/2001,SAT,TX,ASW,CE,Towers with Radar,143,85,99,9,336,43,49,305,16,413,186,134,404,25,749,22,8,30,779
09/29/2001,SAT,TX,ASW,CE,Towers with Radar,108,64,74,8,254,48,7,287,23,365,156,71,361,31,619,6,0,6,625
09/30/2001,SAT,TX,ASW,CE,Towers with Radar,112,67,77,7,263,53,21,238,25,337,165,88,315,32,600,0,0,0,600
10/01/2001,SAT,TX,ASW,CE,Towers with Radar,182,100,137,14,433,0,0,206,21,227,182,100,343,35,660,10,2,12,672
10/02/2001,SAT,TX,ASW,CE,Towers with Radar,174,129,157,16,476,0,27,255,26,308,174,156,412,42,784,36,20,56,840
10/03/2001,SAT,TX,ASW,CE,Towers with Radar,178,135,165,17,495,0,2,254,8,264,178,137,419,25,759,54,8,62,821
10/04/2001,SAT,TX,ASW,CE,Towers with Radar,188,140,171,18,517,0,42,163,15,220,188,182,334,33,737,72,6,78,815
10/05/2001,SAT,TX,ASW,CE,Towers with Radar,180,124,151,16,471,0,20,80,21,121,180,144,231,37,592,8,2,10,602
10/06/2001,SAT,TX,ASW,CE,Towers with Radar,110,67,81,9,267,67,35,242,6,350,177,102,323,15,617,26,0,26,643
10/07/2001,SAT,TX,ASW,CE,Towers with Radar,96,58,70,8,232,63,19,254,17,353,159,77,324,25,585,28,0,28,613
10/08/2001,SAT,TX,ASW,CE,Towers with Radar,109,66,79,6,260,52,34,111,0,197,161,100,190,6,457,20,0,20,477
10/09/2001,SAT,TX,ASW,CE,Towers with Radar,177,118,153,16,464,0,0,59,11,70,177,118,212,27,534,42,0,42,576
10/10/2001,SAT,TX,ASW,CE,Towers with Radar,192,126,153,16,487,0,13,102,13,128,192,139,255,29,615,8,8,16,631
10/11/2001,SAT,TX,ASW,CE,Towers with Radar,193,117,142,15,467,0,27,117,0,144,193,144,259,15,611,8,0,8,619
10/12/2001,SAT,TX,ASW,CE,Towers with Radar,174,105,127,13,419,17,37,89,18,161,191,142,216,31,580,4,8,12,592
10/13/2001,SAT,TX,ASW,CE,Towers with Radar,96,58,70,7,231,39,31,220,12,302,135,89,290,19,533,10,14,24,557
10/14/2001,SAT,TX,ASW,CE,Towers with Radar,115,69,84,8,276,34,15,270,20,339,149,84,354,28,615,18,0,18,633
10/15/2001,SAT,TX,ASW,CE,Towers with Radar,160,96,118,11,385,12,16,235,25,288,172,112,353,36,673,8,4,12,685
10/16/2001,SAT,TX,ASW,CE,Towers with Radar,188,117,145,14,464,0,111,150,10,271,188,228,295,24,735,48,0,48,783
10/17/2001,SAT,TX,ASW,CE,Towers with Radar,189,130,160,16,495,0,45,265,19,329,189,175,425,35,824,16,4,20,844
10/18/2001,SAT,TX,ASW,CE,Towers with Radar,196,134,166,16,512,0,11,256,12,279,196,145,422,28,791,12,12,24,815
10/19/2001,SAT,TX,ASW,CE,Towers with Radar,198,122,150,15,485,0,23,240,33,296,198,145,390,48,781,6,2,8,789
10/20/2001,SAT,TX,ASW,CE,Towers with Radar,100,59,73,7,239,60,25,299,19,403,160,84,372,26,642,14,2,16,658
10/21/2001,SAT,TX,ASW,CE,Towers with Radar,110,65,81,8,264,52,32,212,8,304,162,97,293,16,568,0,0,0,568
10/22/2001,SAT,TX,ASW,CE,Towers with Radar,160,106,138,13,417,0,0,152,9,161,160,106,290,22,578,46,4,50,628
10/23/2001,SAT,TX,ASW,CE,Towers with Radar,189,130,161,16,496,0,0,173,22,195,189,130,334,38,691,44,2,46,737
10/24/2001,SAT,TX,ASW,CE,Towers with Radar,191,138,171,17,517,0,3,223,36,262,191,141,394,53,779,28,2,30,809
10/25/2001,SAT,TX,ASW,CE,Towers with Radar,185,136,168,16,505,0,7,223,23,253,185,143,391,39,758,14,2,16,774
10/26/2001,SAT,TX,ASW,CE,Towers with Radar,185,131,162,16,494,0,18,245,27,290,185,149,407,43,784,10,4,14,798
10/27/2001,SAT,TX,ASW,CE,Towers with Radar,102,60,75,7,244,60,21,195,38,314,162,81,270,45,558,12,14,26,584
10/28/2001,SAT,TX,ASW,CE,Towers with Radar,97,57,71,7,232,52,28,182,20,282,149,85,253,27,514,0,0,0,514
10/29/2001,SAT,TX,ASW,CE,Towers with Radar,176,110,136,13,435,0,39,110,47,196,176,149,246,60,631,10,6,16,647
10/30/2001,SAT,TX,ASW,CE,Towers with Radar,184,115,142,14,455,0,39,148,32,219,184,154,290,46,674,72,0,72,746
10/31/2001,SAT,TX,ASW,CE,Towers with Radar,183,117,143,14,457,0,26,102,48,176,183,143,245,62,633,10,2,12,645
11/01/2001,SAT,TX,ASW,CE,Towers with Radar,145,138,181,13,477,0,11,72,11,94,145,149,253,24,571,8,2,10,581
11/02/2001,SAT,TX,ASW,CE,Towers with Radar,186,153,199,14,552,0,22,141,58,221,186,175,340,72,773,2,4,6,779
11/03/2001,SAT,TX,ASW,CE,Towers with Radar,115,71,95,7,288,60,0,70,27,157,175,71,165,34,445,6,0,6,451
11/04/2001,SAT,TX,ASW,CE,Towers with Radar,113,72,93,7,285,46,3,189,28,266,159,75,282,35,551,10,0,10,561
11/05/2001,SAT,TX,ASW,CE,Towers with Radar,176,141,183,13,513,0,6,138,55,199,176,147,321,68,712,32,4,36,748
11/06/2001,SAT,TX,ASW,CE,Towers with Radar,186,150,195,14,545,0,12,241,11,264,186,162,436,25,809,140,20,160,969
11/07/2001,SAT,TX,ASW,CE,Towers with Radar,172,140,181,13,506,0,28,235,14,277,172,168,416,27,783,42,6,48,831
11/08/2001,SAT,TX,ASW,CE,Towers with Radar,148,128,165,12,453,0,14,118,3,135,148,142,283,15,588,62,0,62,650
11/09/2001,SAT,TX,ASW,CE,Towers with Radar,194,153,198,14,559,0,20,96,12,128,194,173,294,26,687,50,2,52,739
11/10/2001,SAT,TX,ASW,CE,Towers with Radar,108,70,90,7,275,65,22,259,49,395,173,92,349,56,670,36,0,36,706
11/11/2001,SAT,TX,ASW,CE,Towers with Radar,113,72,93,8,286,47,1,180,15,243,160,73,273,23,529,20,0,20,549
11/12/2001,SAT,TX,ASW,CE,Towers with Radar,127,81,105,8,321,42,26,209,9,286,169,107,314,17,607,22,0,22,629
11/13/2001,SAT,TX,ASW,CE,Towers with Radar,182,153,199,14,548,0,3,188,26,217,182,156,387,40,765,28,0,28,793
11/14/2001,SAT,TX,ASW,CE,Towers with Radar,172,110,142,10,434,9,32,62,1,104,181,142,204,11,538,16,0,16,554
11/15/2001,SAT,TX,ASW,CE,Towers with Radar,115,72,96,7,290,62,51,24,18,155,177,123,120,25,445,16,0,16,461
11/16/2001,SAT,TX,ASW,CE,Towers with Radar,193,122,160,12,487,11,53,75,19,158,204,175,235,31,645,30,18,48,693
11/17/2001,SAT,TX,ASW,CE,Towers with Radar,119,75,99,6,299,51,20,64,10,145,170,95,163,16,444,0,0,0,444
11/18/2001,SAT,TX,ASW,CE,Towers with Radar,114,66,95,6,281,40,0,138,22,200,154,66,233,28,481,26,0,26,507
11/19/2001,SAT,TX,ASW,CE,Towers with Radar,159,89,132,9,389,11,0,65,6,82,170,89,197,15,471,10,2,12,483
11/20/2001,SAT,TX,ASW,CE,Towers with Radar,180,164,215,15,574,0,22,255,22,299,180,186,470,37,873,2,6,8,881
11/21/2001,SAT,TX,ASW,CE,Towers with Radar,188,152,199,13,552,0,42,242,9,293,188,194,441,22,845,12,0,12,857
11/22/2001,SAT,TX,ASW,CE,Towers with Radar,84,52,70,5,211,64,56,89,18,227,148,108,159,23,438,0,0,0,438
11/23/2001,SAT,TX,ASW,CE,Towers with Radar,94,59,78,5,236,12,53,194,1,260,106,112,272,6,496,26,0,26,522
11/24/2001,SAT,TX,ASW,CE,Towers with Radar,99,62,82,5,248,56,27,274,10,367,155,89,356,15,615,24,12,36,651
11/25/2001,SAT,TX,ASW,CE,Towers with Radar,108,68,89,6,271,51,7,317,2,377,159,75,406,8,648,2,0,2,650
11/26/2001,SAT,TX,ASW,CE,Towers with Radar,171,124,172,11,478,0,0,116,20,136,171,124,288,31,614,6,4,10,624
11/27/2001,SAT,TX,ASW,CE,Towers with Radar,178,124,163,11,476,0,32,66,11,109,178,156,229,22,585,6,2,8,593
11/28/2001,SAT,TX,ASW,CE,Towers with Radar,121,76,100,7,304,50,55,59,8,172,171,131,159,15,476,4,0,4,480
11/29/2001,SAT,TX,ASW,CE,Towers with Radar,190,127,167,11,495,0,41,190,22,253,190,168,357,33,748,20,2,22,770
11/30/2001,SAT,TX,ASW,CE,Towers with Radar,188,152,199,13,552,0,5,265,24,294,188,157,464,37,846,4,6,10,856
12/01/2001,SAT,TX,ASW,CE,Towers with Radar,138,79,92,8,317,29,8,180,21,238,167,87,272,29,555,8,0,8,563
12/02/2001,SAT,TX,ASW,CE,Towers with Radar,122,62,81,2,267,45,0,53,0,98,167,62,134,2,365,0,0,0,365
12/03/2001,SAT,TX,ASW,CE,Towers with Radar,134,77,89,7,307,54,16,30,8,108,188,93,119,15,415,14,0,14,429
12/04/2001,SAT,TX,ASW,CE,Towers with Radar,189,148,174,14,525,0,13,93,14,120,189,161,267,28,645,6,4,10,655
12/05/2001,SAT,TX,ASW,CE,Towers with Radar,199,146,194,15,554,0,0,44,14,58,199,146,238,29,612,6,4,10,622
12/06/2001,SAT,TX,ASW,CE,Towers with Radar,188,142,165,14,509,0,21,75,16,112,188,163,240,30,621,8,2,10,631
12/07/2001,SAT,TX,ASW,CE,Towers with Radar,184,150,177,14,525,0,0,108,22,130,184,150,285,36,655,12,0,12,667
12/08/2001,SAT,TX,ASW,CE,Towers with Radar,122,68,81,4,275,48,0,130,0,178,170,68,211,4,453,8,0,8,461
12/09/2001,SAT,TX,ASW,CE,Towers with Radar,127,73,85,7,292,40,6,231,4,281,167,79,316,11,573,4,0,4,577
12/10/2001,SAT,TX,ASW,CE,Towers with Radar,163,143,167,14,487,0,0,203,26,229,163,143,370,40,716,14,6,20,736
12/11/2001,SAT,TX,ASW,CE,Towers with Radar,186,106,125,8,425,11,33,94,0,138,197,139,219,8,563,0,0,0,563
12/12/2001,SAT,TX,ASW,CE,Towers with Radar,173,146,172,13,504,0,4,71,10,85,173,150,243,23,589,8,0,8,597
12/13/2001,SAT,TX,ASW,CE,Towers with Radar,203,138,162,12,515,0,45,68,23,136,203,183,230,35,651,14,2,16,667
12/14/2001,SAT,TX,ASW,CE,Towers with Radar,185,144,169,12,510,0,50,244,30,324,185,194,413,42,834,20,4,24,858
12/15/2001,SAT,TX,ASW,CE,Towers with Radar,123,69,82,6,280,52,29,50,18,149,175,98,132,24,429,0,0,0,429
12/16/2001,SAT,TX,ASW,CE,Towers with Radar,126,51,84,7,268,42,0,41,8,91,168,51,125,15,359,4,2,6,365
12/17/2001,SAT,TX,ASW,CE,Towers with Radar,151,116,137,10,414,0,11,170,25,206,151,127,307,35,620,36,0,36,656
12/18/2001,SAT,TX,ASW,CE,Towers with Radar,194,150,178,13,535,0,26,179,25,230,194,176,357,38,765,22,8,30,795
12/19/2001,SAT,TX,ASW,CE,Towers with Radar,185,139,164,12,500,0,17,226,27,270,185,156,390,39,770,14,0,14,784
12/20/2001,SAT,TX,ASW,CE,Towers with Radar,203,144,170,12,529,0,8,186,13,207,203,152,356,25,736,8,2,10,746
12/21/2001,SAT,TX,ASW,CE,Towers with Radar,193,144,170,12,519,0,34,158,33,225,193,178,328,45,744,14,4,18,762
12/22/2001,SAT,TX,ASW,CE,Towers with Radar,123,69,82,6,280,62,26,169,33,290,185,95,251,39,570,34,0,34,604
12/23/2001,SAT,TX,ASW,CE,Towers with Radar,92,51,61,4,208,68,20,129,16,233,160,71,190,20,441,6,6,12,453
12/24/2001,SAT,TX,ASW,CE,Towers with Radar,79,44,53,3,179,70,20,73,10,173,149,64,126,13,352,2,0,2,354
12/25/2001,SAT,TX,ASW,CE,Towers with Radar,66,36,44,3,149,56,38,77,18,189,122,74,121,21,338,0,0,0,338
12/26/2001,SAT,TX,ASW,CE,Towers with Radar,122,68,81,6,277,47,61,147,19,274,169,129,228,25,551,0,0,0,551
12/27/2001,SAT,TX,ASW,CE,Towers with Radar,161,90,107,8,366,44,60,155,33,292,205,150,262,41,658,10,0,10,668
12/28/2001,SAT,TX,ASW,CE,Towers with Radar,160,91,105,8,364,34,57,176,13,280,194,148,281,21,644,6,4,10,654
12/29/2001,SAT,TX,ASW,CE,Towers with Radar,109,62,72,5,248,62,31,201,17,311,171,93,273,22,559,6,4,10,569
12/30/2001,SAT,TX,ASW,CE,Towers with Radar,99,57,65,5,226,57,29,119,11,216,156,86,184,16,442,14,0,14,456
12/31/2001,SAT,TX,ASW,CE,Towers with Radar,86,49,56,4,195,68,39,134,17,258,154,88,190,21,453,6,0,6,459
01/01/2002,SAT,TX,ASW,CE,Towers with Radar,67,40,48,5,160,68,54,19,9,150,135,94,67,14,310,10,0,10,320
01/02/2002,SAT,TX,ASW,CE,Towers with Radar,131,77,94,9,311,31,57,138,15,241,162,134,232,24,552,6,6,12,564
01/03/2002,SAT,TX,ASW,CE,Towers with Radar,170,118,144,13,445,0,54,80,10,144,170,172,224,23,589,20,4,24,613
01/04/2002,SAT,TX,ASW,CE,Towers with Radar,185,135,164,15,499,0,20,93,9,122,185,155,257,24,621,26,4,30,651
01/05/2002,SAT,TX,ASW,CE,Towers with Radar,109,65,78,8,260,64,19,135,4,222,173,84,213,12,482,14,0,14,496
01/06/2002,SAT,TX,ASW,CE,Towers with Radar,101,60,72,7,240,63,10,219,6,298,164,70,291,13,538,6,2,8,546
01/07/2002,SAT,TX,ASW,CE,Towers with Radar,173,114,138,13,438,0,11,148,22,181,173,125,286,35,619,16,6,22,641
01/08/2002,SAT,TX,ASW,CE,Towers with Radar,185,131,159,15,490,0,43,152,12,207,185,174,311,27,697,30,4,34,731
01/09/2002,SAT,TX,ASW,CE,Towers with Radar,191,138,168,16,513,0,33,171,28,232,191,171,339,44,745,24,16,40,785
01/10/2002,SAT,TX,ASW,CE,Towers with Radar,187,145,178,17,527,0,0,89,44,133,187,145,267,61,660,32,16,48,708
01/11/2002,SAT,TX,ASW,CE,Towers with Radar,190,130,158,15,493,0,18,137,13,168,190,148,295,28,661,36,14,50,711
01/12/2002,SAT,TX,ASW,CE,Towers with Radar,121,71,87,8,287,56,0,212,31,299,177,71,299,39,586,6,4,10,596
01/13/2002,SAT,TX,ASW,CE,Towers with Radar,110,65,79,8,262,48,5,225,31,309,158,70,304,39,571,8,2,10,581
01/14/2002,SAT,TX,ASW,CE,Towers with Radar,182,109,132,11,434,0,27,121,28,176,182,136,253,39,610,2,2,4,614
01/15/2002,SAT,TX,ASW,CE,Towers with Radar,193,130,157,14,494,0,41,127,25,193,193,171,284,39,687,20,6,26,713
01/16/2002,SAT,TX,ASW,CE,Towers with Radar,189,132,161,14,496,0,23,180,5,208,189,155,341,19,704,14,6,20,724
01/17/2002,SAT,TX,ASW,CE,Towers with Radar,196,150,183,16,545,0,8,56,21,85,196,158,239,37,630,54,8,62,692
01/18/2002,SAT,TX,ASW,CE,Towers with Radar,192,142,175,16,525,0,14,101,13,128,192,156,276,29,653,18,14,32,685
01/19/2002,SAT,TX,ASW,CE,Towers with Radar,107,62,77,6,252,68,33,171,10,282,175,95,248,16,534,10,2,12,546
01/20/2002,SAT,TX,ASW,CE,Towers with Radar,99,57,71,6,233,59,13,140,15,227,158,70,211,21,460,22,0,22,482
01/21/2002,SAT,TX,ASW,CE,Towers with Radar,109,63,78,7,257,67,43,249,19,378,176,106,327,26,635,10,0,10,645
01/22/2002,SAT,TX,ASW,CE,Towers with Radar,156,91,112,10,369,22,30,44,10,106,178,121,156,20,475,6,12,18,493
01/23/2002,SAT,TX,ASW,CE,Towers with Radar,194,130,180,16,520,0,0,58,8,66,194,130,238,24,586,30,12,42,628
01/24/2002,SAT,TX,ASW,CE,Towers with Radar,174,102,125,11,412,14,34,103,7,158,188,136,228,18,570,4,0,4,574
01/25/2002,SAT,TX,ASW,CE,Towers with Radar,188,129,159,14,490,0,48,210,17,275,188,177,369,31,765,14,6,20,785
01/26/2002,SAT,TX,ASW,CE,Towers with Radar,112,65,81,7,265,60,13,252,17,342,172,78,333,24,607,10,12,22,629
01/27/2002,SAT,TX,ASW,CE,Towers with Radar,107,62,77,6,252,52,19,210,35,316,159,81,287,41,568,22,2,24,592
01/28/2002,SAT,TX,ASW,CE,Towers with Radar,168,99,131,11,409,0,0,65,16,81,168,99,196,27,490,12,6,18,508
01/29/2002,SAT,TX,ASW,CE,Towers with Radar,190,142,174,15,521,0,0,134,18,152,190,142,308,33,673,14,2,16,689
01/30/2002,SAT,TX,ASW,CE,Towers with Radar,196,137,168,15,516,0,5,29,54,88,196,142,197,69,604,2,4,6,610
01/31/2002,SAT,TX,ASW,CE,Towers with Radar,179,123,152,13,467,0,35,110,6,151,179,158,262,19,618,34,2,36,654
02/01/2002,SAT,TX,ASW,CE,Towers with Radar,195,116,136,11,458,0,61,148,23,232,195,177,284,34,690,16,10,26,716
02/02/2002,SAT,TX,ASW,CE,Towers with Radar,107,63,74,6,250,69,33,264,13,379,176,96,338,19,629,22,0,22,651
02/03/2002,SAT,TX,ASW,CE,Towers with Radar,91,54,63,5,213,74,1,220,13,308,165,55,283,18,521,22,0,22,543
02/04/2002,SAT,TX,ASW,CE,Towers with Radar,175,124,146,12,457,0,8,53,40,101,175,132,199,52,558,0,2,2,560
02/05/2002,SAT,TX,ASW,CE,Towers with Radar,141,83,97,3,324,46,29,59,0,134,187,112,156,3,458,12,0,12,470
02/06/2002,SAT,TX,ASW,CE,Towers with Radar,194,143,168,14,519,0,21,169,10,200,194,164,337,24,719,20,10,30,749
02/07/2002,SAT,TX,ASW,CE,Towers with Radar,191,138,162,14,505,0,33,175,18,226,191,171,337,32,731,36,6,42,773
02/08/2002,SAT,TX,ASW,CE,Towers with Radar,197,141,166,13,517,0,45,206,15,266,197,186,372,28,783,18,8,26,809
02/09/2002,SAT,TX,ASW,CE,Towers with Radar,108,63,74,6,251,66,21,189,17,293,174,84,263,23,544,14,6,20,564
02/10/2002,SAT,TX,ASW,CE,Towers with Radar,107,63,74,6,250,47,10,137,18,212,154,73,211,24,462,10,12,22,484
02/11/2002,SAT,TX,ASW,CE,Towers with Radar,155,91,107,9,362,33,19,263,28,343,188,110,370,37,705,14,0,14,719
02/12/2002,SAT,TX,ASW,CE,Towers with Radar,206,124,145,12,487,0,28,184,22,234,206,152,329,34,721,6,10,16,737
02/13/2002,SAT,TX,ASW,CE,Towers with Radar,194,124,146,12,476,0,51,206,47,304,194,175,352,59,780,32,18,50,830
02/14/2002,SAT,TX,ASW,CE,Towers with Radar,195,147,172,14,528,0,29,190,37,256,195,176,362,51,784,24,2,26,810
02/15/2002,SAT,TX,ASW,CE,Towers with Radar,187,134,159,13,493,0,54,222,47,323,187,188,381,60,816,24,8,32,848
02/16/2002,SAT,TX,ASW,CE,Towers with Radar,110,63,76,5,254,64,35,266,15,380,174,98,342,20,634,22,0,22,656
02/17/2002,SAT,TX,ASW,CE,Towers with Radar,105,60,73,5,243,47,7,239,26,319,152,67,312,31,562,26,0,26,588
02/18/2002,SAT,TX,ASW,CE,Towers with Radar,127,73,87,6,293,51,22,121,17,211,178,95,208,23,504,24,2,26,530
02/19/2002,SAT,TX,ASW,CE,Towers with Radar,188,128,153,11,480,0,3,148,17,168,188,131,301,28,648,8,0,8,656
02/20/2002,SAT,TX,ASW,CE,Towers with Radar,196,144,172,13,525,0,60,171,24,255,196,204,343,37,780,16,8,24,804
02/21/2002,SAT,TX,ASW,CE,Towers with Radar,198,127,151,11,487,0,27,252,18,297,198,154,403,29,784,14,0,14,798
02/22/2002,SAT,TX,ASW,CE,Towers with Radar,211,126,150,11,498,0,47,231,18,296,211,173,381,29,794,20,2,22,816
02/23/2002,SAT,TX,ASW,CE,Towers with Radar,135,78,93,7,313,41,4,330,39,414,176,82,423,46,727,48,2,50,777
02/24/2002,SAT,TX,ASW,CE,Towers with Radar,109,63,76,5,253,47,19,205,27,298,156,82,281,32,551,12,10,22,573
02/25/2002,SAT,TX,ASW,CE,Towers with Radar,182,114,150,11,457,0,0,103,23,126,182,114,253,34,583,12,8,20,603
02/26/2002,SAT,TX,ASW,CE,Towers with Radar,183,110,132,10,435,0,21,142,14,177,183,131,274,24,612,28,0,28,640
02/27/2002,SAT,TX,ASW,CE,Towers with Radar,190,133,158,12,493,0,13,226,18,257,190,146,384,30,750,18,2,20,770
02/28/2002,SAT,TX,ASW,CE,Towers with Radar,190,155,185,14,544,0,17,211,19,247,190,172,396,33,791,54,4,58,849
03/01/2002,SAT,TX,ASW,CE,Towers with Radar,179,105,134,9,427,15,32,85,2,134,194,137,219,11,561,16,0,16,577
03/02/2002,SAT,TX,ASW,CE,Towers with Radar,114,67,85,6,272,56,5,142,12,215,170,72,227,18,487,18,2,20,507
03/03/2002,SAT,TX,ASW,CE,Towers with Radar,119,70,89,6,284,34,18,254,11,317,153,88,343,17,601,6,0,6,607
03/04/2002,SAT,TX,ASW,CE,Towers with Radar,188,116,162,12,478,0,0,161,33,194,188,116,323,45,672,24,4,28,700
03/05/2002,SAT,TX,ASW,CE,Towers with Radar,190,130,167,11,498,0,5,168,19,192,190,135,335,30,690,2,4,6,696
03/06/2002,SAT,TX,ASW,CE,Towers with Radar,197,125,161,11,494,0,15,112,8,135,197,140,273,19,629,16,8,24,653
03/07/2002,SAT,TX,ASW,CE,Towers with Radar,199,135,173,12,519,0,17,118,10,145,199,152,291,22,664,22,14,36,700
03/08/2002,SAT,TX,ASW,CE,Towers with Radar,196,131,168,11,506,0,13,121,5,139,196,144,289,16,645,16,12,28,673
03/09/2002,SAT,TX,ASW,CE,Towers with Radar,117,68,87,6,278,62,28,137,14,241,179,96,224,20,519,4,2,6,525
03/10/2002,SAT,TX,ASW,CE,Towers with Radar,120,70,89,6,285,37,9,97,30,173,157,79,186,36,458,10,6,16,474
03/11/2002,SAT,TX,ASW,CE,Towers with Radar,175,98,130,9,412,10,0,29,6,45,185,98,159,15,457,0,0,0,457
03/12/2002,SAT,TX,ASW,CE,Towers with Radar,188,118,151,10,467,0,51,222,45,318,188,169,373,55,785,38,0,38,823
03/13/2002,SAT,TX,ASW,CE,Towers with Radar,186,137,176,12,511,0,43,162,46,251,186,180,338,58,762,16,10,26,788
03/14/2002,SAT,TX,ASW,CE,Towers with Radar,203,133,171,12,519,0,27,82,18,127,203,160,253,30,646,16,4,20,666
03/15/2002,SAT,TX,ASW,CE,Towers with Radar,216,155,200,14,585,0,16,156,26,198,216,171,356,40,783,24,6,30,813
03/16/2002,SAT,TX,ASW,CE,Towers with Radar,141,82,106,7,336,35,29,165,43,272,176,111,271,50,608,14,2,16,624
03/17/2002,SAT,TX,ASW,CE,Towers with Radar,144,82,108,8,342,5,9,127,14,155,149,91,235,22,497,24,0,24,521
03/18/2002,SAT,TX,ASW,CE,Towers with Radar,186,95,138,9,428,2,0,0,8,10,188,95,138,17,438,2,0,2,440
03/19/2002,SAT,TX,ASW,CE,Towers with Radar,186,124,163,9,482,0,0,1,0,1,186,124,164,9,483,2,4,6,489
03/20/2002,SAT,TX,ASW,CE,Towers with Radar,211,140,182,11,544,0,13,113,19,145,211,153,295,30,689,16,0,16,705
03/21/2002,SAT,TX,ASW,CE,Towers with Radar,206,132,172,11,521,0,37,315,22,374,206,169,487,33,895,34,2,36,931
03/22/2002,SAT,TX,ASW,CE,Towers with Radar,165,94,123,8,390,33,75,321,23,452,198,169,444,31,842,32,6,38,880
03/23/2002,SAT,TX,ASW,CE,Towers with Radar,134,77,100,6,317,45,21,186,18,270,179,98,286,24,587,26,0,26,613
03/24/2002,SAT,TX,ASW,CE,Towers with Radar,118,67,88,5,278,42,12,131,40,225,160,79,219,45,503,30,4,34,537
03/25/2002,SAT,TX,ASW,CE,Towers with Radar,180,99,165,10,454,0,0,30,13,43,180,99,195,23,497,2,6,8,505
03/26/2002,SAT,TX,ASW,CE,Towers with Radar,188,134,175,11,508,0,37,144,30,211,188,171,319,41,719,18,0,18,737
03/27/2002,SAT,TX,ASW,CE,Towers with Radar,206,146,190,12,554,0,8,278,19,305,206,154,468,31,859,42,2,44,903
03/28/2002,SAT,TX,ASW,CE,Towers with Radar,204,130,169,10,513,0,8,127,31,166,204,138,296,41,679,28,2,30,709
03/29/2002,SAT,TX,ASW,CE,Towers with Radar,183,105,137,8,433,9,22,118,5,154,192,127,255,13,587,6,0,6,593
03/30/2002,SAT,TX,ASW,CE,Towers with Radar,89,51,67,4,211,89,26,80,11,206,178,77,147,15,417,8,0,8,425
03/31/2002,SAT,TX,ASW,CE,Towers with Radar,99,56,74,4,233,53,39,124,14,230,152,95,198,18,463,0,0,0,463
04/01/2002,SAT,TX,ASW,CE,Towers with Radar,188,109,157,12,466,0,0,239,37,276,188,109,396,49,742,2,0,2,744
04/02/2002,SAT,TX,ASW,CE,Towers with Radar,188,121,163,12,484,0,49,183,14,246,188,170,346,26,730,40,30,70,800
04/03/2002,SAT,TX,ASW,CE,Towers with Radar,202,129,175,13,519,0,43,106,20,169,202,172,281,33,688,14,8,22,710
04/04/2002,SAT,TX,ASW,CE,Towers with Radar,196,129,175,13,513,0,24,107,24,155,196,153,282,37,668,14,4,18,686
04/05/2002,SAT,TX,ASW,CE,Towers with Radar,204,124,167,13,508,0,9,171,16,196,204,133,338,29,704,10,4,14,718
04/06/2002,SAT,TX,ASW,CE,Towers with Radar,111,64,86,7,268,69,22,64,21,176,180,86,150,28,444,16,6,22,466
04/07/2002,SAT,TX,ASW,CE,Towers with Radar,97,56,75,6,234,63,27,34,5,129,160,83,109,11,363,0,0,0,363
04/08/2002,SAT,TX,ASW,CE,Towers with Radar,177,88,137,11,413,21,0,187,15,223,198,88,324,26,636,4,0,4,640
04/09/2002,SAT,TX,ASW,CE,Towers with Radar,170,111,150,12,443,0,30,165,14,209,170,141,315,26,652,14,0,14,666
04/10/2002,SAT,TX,ASW,CE,Towers with Radar,193,123,166,13,495,0,8,155,16,179,193,131,321,29,674,14,2,16,690
04/11/2002,SAT,TX,ASW,CE,Towers with Radar,180,127,171,13,491,0,1,186,23,210,180,128,357,36,701,26,2,28,729
04/12/2002,SAT,TX,ASW,CE,Towers with Radar,203,125,169,13,510,0,18,203,32,253,203,143,372,45,763,22,6,28,791
04/13/2002,SAT,TX,ASW,CE,Towers with Radar,108,63,84,7,262,71,23,239,16,349,179,86,323,23,611,16,0,16,627
04/14/2002,SAT,TX,ASW,CE,Towers with Radar,117,67,91,7,282,51,0,183,14,248,168,67,274,21,530,16,2,18,548
04/15/2002,SAT,TX,ASW,CE,Towers with Radar,176,110,150,11,447,0,5,125,27,157,176,115,275,38,604,6,16,22,626
04/16/2002,SAT,TX,ASW,CE,Towers with Radar,188,118,162,12,480,0,29,145,2,176,188,147,307,14,656,14,10,24,680
04/17/2002,SAT,TX,ASW,CE,Towers with Radar,161,124,170,12,467,0,9,133,4,146,161,133,303,16,613,12,18,30,643
04/18/2002,SAT,TX,ASW,CE,Towers with Radar,172,113,158,11,454,0,0,151,12,163,172,113,309,23,617,26,8,34,651
04/19/2002,SAT,TX,ASW,CE,Towers with Radar,179,113,156,11,459,0,19,144,31,194,179,132,300,42,653,12,0,12,665
04/20/2002,SAT,TX,ASW,CE,Towers with Radar,114,64,89,6,273,51,5,167,25,248,165,69,256,31,521,26,8,34,555
04/21/2002,SAT,TX,ASW,CE,Towers with Radar,115,65,89,6,275,52,15,131,17,215,167,80,220,23,490,4,0,4,494
04/22/2002,SAT,TX,ASW,CE,Towers with Radar,183,110,151,10,454,0,6,192,27,225,183,116,343,37,679,32,0,32,711
04/23/2002,SAT,TX,ASW,CE,Towers with Radar,195,115,157,11,478,0,36,154,16,206,195,151,311,27,684,2,10,12,696
04/24/2002,SAT,TX,ASW,CE,Towers with Radar,189,125,171,12,497,0,35,249,19,303,189,160,420,31,800,4,2,6,806
04/25/2002,SAT,TX,ASW,CE,Towers with Radar,199,130,178,12,519,0,32,88,16,136,199,162,266,28,655,30,2,32,687
04/26/2002,SAT,TX,ASW,CE,Towers with Radar,200,128,165,12,505,0,81,0,41,122,200,209,165,53,627,14,16,30,657
04/27/2002,SAT,TX,ASW,CE,Towers with Radar,118,67,92,6,283,51,38,131,30,250,169,105,223,36,533,8,4,12,545
04/28/2002,SAT,TX,ASW,CE,Towers with Radar,117,66,91,6,280,50,20,132,22,224,167,86,223,28,504,30,0,30,534
04/29/2002,SAT,TX,ASW,CE,Towers with Radar,181,111,150,11,453,0,8,149,13,170,181,119,299,24,623,20,0,20,643
04/30/2002,SAT,TX,ASW,CE,Towers with Radar,197,116,157,11,481,0,41,197,23,261,197,157,354,34,742,36,8,44,786
05/01/2002,SAT,TX,ASW,CE,Towers with Radar,190,136,168,13,507,0,32,212,16,260,190,168,380,29,767,38,14,52,819
05/02/2002,SAT,TX,ASW,CE,Towers with Radar,201,145,177,14,537,0,1,171,25,197,201,146,348,39,734,8,8,16,750
05/03/2002,SAT,TX,ASW,CE,Towers with Radar,207,136,166,13,522,0,28,172,25,225,207,164,338,38,747,4,14,18,765
05/04/2002,SAT,TX,ASW,CE,Towers with Radar,115,67,82,7,271,61,13,53,26,153,176,80,135,33,424,2,0,2,426
05/05/2002,SAT,TX,ASW,CE,Towers with Radar,122,71,87,7,287,41,11,186,36,274,163,82,273,43,561,4,2,6,567
05/06/2002,SAT,TX,ASW,CE,Towers with Radar,177,114,139,11,441,0,17,140,26,183,177,131,279,37,624,24,0,24,648
05/07/2002,SAT,TX,ASW,CE,Towers with Radar,192,131,160,12,495,0,21,147,45,213,192,152,307,57,708,8,4,12,720
05/08/2002,SAT,TX,ASW,CE,Towers with Radar,196,122,149,12,479,0,36,108,31,175,196,158,257,43,654,18,0,18,672
05/09/2002,SAT,TX,ASW,CE,Towers with Radar,202,141,172,13,528,0,12,227,38,277,202,153,399,51,805,44,6,50,855
05/10/2002,SAT,TX,ASW,CE,Towers with Radar,197,137,167,13,514,0,43,150,19,212,197,180,317,32,726,10,8,18,744
05/11/2002,SAT,TX,ASW,CE,Towers with Radar,115,68,82,7,272,60,22,163,10,255,175,90,245,17,527,8,0,8,535
05/12/2002,SAT,TX,ASW,CE,Towers with Radar,111,65,79,7,262,53,14,167,22,256,164,79,246,29,518,26,0,26,544
05/13/2002,SAT,TX,ASW,CE,Towers with Radar,166,97,118,9,390,20,14,150,21,205,186,111,268,30,595,2,0,2,597
05/14/2002,SAT,TX,ASW,CE,Towers with Radar,194,130,171,13,508,0,0,192,29,221,194,130,363,42,729,52,6,58,787
05/15/2002,SAT,TX,ASW,CE,Towers with Radar,185,129,157,11,482,0,48,239,37,324,185,177,396,48,806,10,6,16,822
05/16/2002,SAT,TX,ASW,CE,Towers with Radar,200,131,161,12,504,0,22,144,25,191,200,153,305,37,695,10,4,14,709
05/17/2002,SAT,TX,ASW,CE,Towers with Radar,158,91,112,8,369,31,43,170,21,265,189,134,282,29,634,10,0,10,644
05/18/2002,SAT,TX,ASW,CE,Towers with Radar,117,67,82,6,272,63,20,240,32,355,180,87,322,38,627,8,0,8,635
05/19/2002,SAT,TX,ASW,CE,Towers with Radar,127,73,91,7,298,39,15,250,15,319,166,88,341,22,617,48,0,48,665
05/20/2002,SAT,TX,ASW,CE,Towers with Radar,166,96,119,8,389,18,53,167,37,275,184,149,286,45,664,10,4,14,678
05/21/2002,SAT,TX,ASW,CE,Towers with Radar,195,124,153,11,483,0,39,188,36,263,195,163,341,47,746,28,6,34,780
05/22/2002,SAT,TX,ASW,CE,Towers with Radar,197,127,157,11,492,0,16,150,36,202,197,143,307,47,694,58,2,60,754
05/23/2002,SAT,TX,ASW,CE,Towers with Radar,197,140,173,12,522,0,17,114,10,141,197,157,287,22,663,32,6,38,701
05/24/2002,SAT,TX,ASW,CE,Towers with Radar,195,123,159,11,488,0,0,135,15,150,195,123,294,26,638,16,10,26,664
05/25/2002,SAT,TX,ASW,CE,Towers with Radar,110,63,79,5,257,56,28,177,22,283,166,91,256,27,540,14,0,14,554
05/26/2002,SAT,TX,ASW,CE,Towers with Radar,80,46,57,4,187,57,26,118,30,231,137,72,175,34,418,0,0,0,418
05/27/2002,SAT,TX,ASW,CE,Towers with Radar,108,62,77,5,252,48,12,154,18,232,156,74,231,23,484,36,0,36,520
05/28/2002,SAT,TX,ASW,CE,Towers with Radar,187,114,141,10,452,0,10,113,16,139,187,124,254,26,591,36,6,42,633
05/29/2002,SAT,TX,ASW,CE,Towers with Radar,193,121,150,11,475,0,34,117,22,173,193,155,267,33,648,16,6,22,670
05/30/2002,SAT,TX,ASW,CE,Towers with Radar,202,135,167,12,516,0,7,201,21,229,202,142,368,33,745,22,6,28,773
05/31/2002,SAT,TX,ASW,CE,Towers with Radar,208,126,156,11,501,0,4,217,31,252,208,130,373,42,753,18,4,22,775
06/01/2002,SAT,TX,ASW,CE,Towers with Radar,107,58,65,6,236,63,28,187,22,300,170,86,252,28,536,8,0,8,544
06/02/2002,SAT,TX,ASW,CE,Towers with Radar,116,64,70,7,257,45,17,191,23,276,161,81,261,30,533,4,0,4,537
06/03/2002,SAT,TX,ASW,CE,Towers with Radar,173,98,121,12,404,0,0,177,19,196,173,98,298,31,600,46,4,50,650
06/04/2002,SAT,TX,ASW,CE,Towers with Radar,203,148,168,16,535,0,0,184,32,216,203,148,352,48,751,36,16,52,803
06/05/2002,SAT,TX,ASW,CE,Towers with Radar,195,137,150,14,496,0,13,174,26,213,195,150,324,40,709,22,0,22,731
06/06/2002,SAT,TX,ASW,CE,Towers with Radar,205,137,150,14,506,0,37,137,36,210,205,174,287,50,716,22,8,30,746
06/07/2002,SAT,TX,ASW,CE,Towers with Radar,199,120,131,13,463,0,38,255,18,311,199,158,386,31,774,32,0,32,806
06/08/2002,SAT,TX,ASW,CE,Towers with Radar,121,67,73,7,268,55,30,241,13,339,176,97,314,20,607,24,4,28,635
06/09/2002,SAT,TX,ASW,CE,Towers with Radar,134,74,80,8,296,36,3,164,25,228,170,77,244,33,524,20,0,20,544
06/10/2002,SAT,TX,ASW,CE,Towers with Radar,197,115,125,12,449,0,16,114,18,148,197,131,239,30,597,20,0,20,617
06/11/2002,SAT,TX,ASW,CE,Towers with Radar,207,132,145,14,498,0,30,195,26,251,207,162,340,40,749,14,2,16,765
06/12/2002,SAT,TX,ASW,CE,Towers with Radar,211,133,146,14,504,0,14,233,23,270,211,147,379,37,774,32,10,42,816
06/13/2002,SAT,TX,ASW,CE,Towers with Radar,203,133,146,14,496,0,16,194,50,260,203,149,340,64,756,32,4,36,792
06/14/2002,SAT,TX,ASW,CE,Towers with Radar,225,131,143,13,512,0,36,150,40,226,225,167,293,53,738,10,0,10,748
06/15/2002,SAT,TX,ASW,CE,Towers with Radar,116,64,71,6,257,79,30,200,19,328,195,94,271,25,585,10,2,12,597
06/16/2002,SAT,TX,ASW,CE,Towers with Radar,124,69,76,6,275,56,16,188,38,298,180,85,264,44,573,0,0,0,573
06/17/2002,SAT,TX,ASW,CE,Towers with Radar,197,110,122,11,440,0,7,120,28,155,197,117,242,39,595,20,2,22,617
06/18/2002,SAT,TX,ASW,CE,Towers with Radar,204,128,142,14,488,0,28,138,23,189,204,156,280,37,677,16,6,22,699
06/19/2002,SAT,TX,ASW,CE,Towers with Radar,208,142,157,14,521,0,4,192,28,224,208,146,349,42,745,24,4,28,773
06/20/2002,SAT,TX,ASW,CE,Towers with Radar,201,127,141,14,483,0,11,156,25,192,201,138,297,39,675,16,6,22,697
06/21/2002,SAT,TX,ASW,CE,Towers with Radar,206,122,136,12,476,0,21,234,57,312,206,143,370,69,788,12,8,20,808
06/22/2002,SAT,TX,ASW,CE,Towers with Radar,144,78,87,8,317,44,8,227,31,310,188,86,314,39,627,24,12,36,663
06/23/2002,SAT,TX,ASW,CE,Towers with Radar,141,76,85,8,310,42,5,189,14,250,183,81,274,22,560,6,6,12,572
06/24/2002,SAT,TX,ASW,CE,Towers with Radar,194,109,121,11,435,0,8,167,38,213,194,117,288,49,648,30,6,36,684
06/25/2002,SAT,TX,ASW,CE,Towers with Radar,210,114,127,11,462,0,30,236,26,292,210,144,363,37,754,18,4,22,776
06/26/2002,SAT,TX,ASW,CE,Towers with Radar,198,129,143,13,483,0,17,188,25,230,198,146,331,38,713,12,2,14,727
06/27/2002,SAT,TX,ASW,CE,Towers with Radar,206,124,137,12,479,0,24,160,12,196,206,148,297,24,675,12,2,14,689
06/28/2002,SAT,TX,ASW,CE,Towers with Radar,220,124,137,12,493,0,31,80,14,125,220,155,217,26,618,22,0,22,640
06/29/2002,SAT,TX,ASW,CE,Towers with Radar,125,68,76,6,275,63,23,80,35,201,188,91,156,41,476,26,0,26,502
06/30/2002,SAT,TX,ASW,CE,Towers with Radar,100,54,60,5,219,86,12,7,5,110,186,66,67,10,329,0,0,0,329
07/01/2002,SAT,TX,ASW,CE,Towers with Radar,103,53,55,5,216,52,34,0,2,88,155,87,55,7,304,0,0,0,304
07/02/2002,SAT,TX,ASW,CE,Towers with Radar,131,67,42,6,246,71,101,0,32,204,202,168,42,38,450,22,2,24,474
07/03/2002,SAT,TX,ASW,CE,Towers with Radar,137,70,75,6,288,68,87,43,24,222,205,157,118,30,510,0,0,0,510
07/04/2002,SAT,TX,ASW,CE,Towers with Radar,98,51,53,5,207,73,41,60,28,202,171,92,113,33,409,40,0,40,449
07/05/2002,SAT,TX,ASW,CE,Towers with Radar,100,52,54,5,211,66,53,67,22,208,166,105,121,27,419,10,0,10,429
07/06/2002,SAT,TX,ASW,CE,Towers with Radar,107,56,58,5,226,77,27,131,14,249,184,83,189,19,475,12,0,12,487
07/07/2002,SAT,TX,ASW,CE,Towers with Radar,119,62,65,5,251,58,29,190,29,306,177,91,255,34,557,18,4,22,579
07/08/2002,SAT,TX,ASW,CE,Towers with Radar,190,113,118,10,431,0,2,122,32,156,190,115,240,42,587,8,0,8,595
07/09/2002,SAT,TX,ASW,CE,Towers with Radar,216,111,117,9,453,3,27,30,9,69,219,138,147,18,522,4,0,4,526
07/10/2002,SAT,TX,ASW,CE,Towers with Radar,206,121,127,11,465,0,22,78,12,112,206,143,205,23,577,8,4,12,589
07/11/2002,SAT,TX,ASW,CE,Towers with Radar,207,132,139,11,489,0,4,258,23,285,207,136,397,34,774,10,2,12,786
07/12/2002,SAT,TX,ASW,CE,Towers with Radar,225,131,137,11,504,0,94,131,26,251,225,225,268,37,755,14,6,20,775
07/13/2002,SAT,TX,ASW,CE,Towers with Radar,115,60,62,4,241,88,31,113,16,248,203,91,175,20,489,28,0,28,517
07/14/2002,SAT,TX,ASW,CE,Towers with Radar,133,69,72,5,279,54,12,107,24,197,187,81,179,29,476,2,0,2,478
07/15/2002,SAT,TX,ASW,CE,Towers with Radar,195,101,106,8,410,7,1,39,12,59,202,102,145,20,469,4,16,20,489
07/16/2002,SAT,TX,ASW,CE,Towers with Radar,203,105,111,8,427,0,16,49,22,87,203,121,160,30,514,0,8,8,522
07/17/2002,SAT,TX,ASW,CE,Towers with Radar,203,126,133,10,472,0,1,75,10,86,203,127,208,20,558,6,2,8,566
07/18/2002,SAT,TX,ASW,CE,Towers with Radar,208,145,153,8,514,0,2,182,0,184,208,147,335,8,698,4,0,4,702
07/19/2002,SAT,TX,ASW,CE,Towers with Radar,220,134,142,10,506,0,2,236,17,255,220,136,378,27,761,18,12,30,791
07/20/2002,SAT,TX,ASW,CE,Towers with Radar,139,71,76,5,291,56,7,253,41,357,195,78,329,46,648,10,0,10,658
07/21/2002,SAT,TX,ASW,CE,Towers with Radar,135,68,73,5,281,40,17,228,37,322,175,85,301,42,603,24,2,26,629
07/22/2002,SAT,TX,ASW,CE,Towers with Radar,204,94,137,10,445,0,0,199,21,220,204,94,336,31,665,14,6,20,685
07/23/2002,SAT,TX,ASW,CE,Towers with Radar,197,137,150,11,495,0,0,270,35,305,197,137,420,46,800,30,6,36,836
07/24/2002,SAT,TX,ASW,CE,Towers with Radar,215,134,152,11,512,0,0,274,17,291,215,134,426,28,803,22,2,24,827
07/25/2002,SAT,TX,ASW,CE,Towers with Radar,212,132,150,11,505,0,0,212,24,236,212,132,362,35,741,8,0,8,749
07/26/2002,SAT,TX,ASW,CE,Towers with Radar,218,139,148,11,516,0,6,238,38,282,218,145,386,49,798,18,0,18,816
07/27/2002,SAT,TX,ASW,CE,Towers with Radar,158,80,86,6,330,27,26,186,27,266,185,106,272,33,596,2,2,4,600
07/28/2002,SAT,TX,ASW,CE,Towers with Radar,138,70,75,6,289,35,12,164,23,234,173,82,239,29,523,26,0,26,549
07/29/2002,SAT,TX,ASW,CE,Towers with Radar,203,101,135,10,449,0,0,151,24,175,203,101,286,34,624,10,2,12,636
07/30/2002,SAT,TX,ASW,CE,Towers with Radar,206,132,140,10,488,0,4,161,19,184,206,136,301,29,672,38,2,40,712
07/31/2002,SAT,TX,ASW,CE,Towers with Radar,205,137,150,11,503,0,0,219,20,239,205,137,369,31,742,26,2,28,770
08/01/2002,SAT,TX,ASW,CE,Towers with Radar,201,140,154,12,507,0,11,184,26,221,201,151,338,38,728,2,6,8,736
08/02/2002,SAT,TX,ASW,CE,Towers with Radar,213,131,144,11,499,0,5,193,35,233,213,136,337,46,732,26,4,30,762
08/03/2002,SAT,TX,ASW,CE,Towers with Radar,133,74,81,6,294,73,28,249,25,375,206,102,330,31,669,12,6,18,687
08/04/2002,SAT,TX,ASW,CE,Towers with Radar,137,77,84,7,305,45,15,202,19,281,182,92,286,26,586,14,2,16,602
08/05/2002,SAT,TX,ASW,CE,Towers with Radar,197,95,123,9,424,0,0,167,11,178,197,95,290,20,602,2,2,4,606
08/06/2002,SAT,TX,ASW,CE,Towers with Radar,182,111,127,10,430,0,0,260,32,292,182,111,387,42,722,32,2,34,756
08/07/2002,SAT,TX,ASW,CE,Towers with Radar,204,121,133,10,468,0,33,151,23,207,204,154,284,33,675,24,4,28,703
08/08/2002,SAT,TX,ASW,CE,Towers with Radar,205,120,132,10,467,0,18,161,22,201,205,138,293,32,668,2,0,2,670
08/09/2002,SAT,TX,ASW,CE,Towers with Radar,204,116,127,10,457,0,25,110,24,159,204,141,237,34,616,14,0,14,630
08/10/2002,SAT,TX,ASW,CE,Towers with Radar,108,60,66,5,239,80,35,184,30,329,188,95,250,35,568,0,0,0,568
08/11/2002,SAT,TX,ASW,CE,Towers with Radar,115,65,71,6,257,55,23,145,21,244,170,88,216,27,501,18,0,18,519
08/12/2002,SAT,TX,ASW,CE,Towers with Radar,198,114,126,10,448,0,10,163,19,192,198,124,289,29,640,36,4,40,680
08/13/2002,SAT,TX,ASW,CE,Towers with Radar,208,140,155,12,515,0,4,177,11,192,208,144,332,23,707,36,10,46,753
08/14/2002,SAT,TX,ASW,CE,Towers with Radar,200,130,145,11,486,0,25,106,25,156,200,155,251,36,642,16,10,26,668
08/15/2002,SAT,TX,ASW,CE,Towers with Radar,213,145,162,12,532,0,10,151,22,183,213,155,313,34,715,32,8,40,755
08/16/2002,SAT,TX,ASW,CE,Towers with Radar,218,125,142,11,496,0,0,212,8,220,218,125,354,19,716,18,4,22,738
08/17/2002,SAT,TX,ASW,CE,Towers with Radar,132,72,81,5,290,50,20,236,22,328,182,92,317,27,618,12,10,22,640
08/18/2002,SAT,TX,ASW,CE,Towers with Radar,122,66,74,5,267,59,11,168,12,250,181,77,242,17,517,14,0,14,531
08/19/2002,SAT,TX,ASW,CE,Towers with Radar,196,101,123,8,428,0,0,178,26,204,196,101,301,34,632,10,4,14,646
08/20/2002,SAT,TX,ASW,CE,Towers with Radar,201,142,162,11,516,0,0,208,20,228,201,142,370,31,744,12,0,12,756
08/21/2002,SAT,TX,ASW,CE,Towers with Radar,199,134,149,10,492,0,20,146,15,181,199,154,295,25,673,24,8,32,705
08/22/2002,SAT,TX,ASW,CE,Towers with Radar,200,125,141,10,476,0,37,185,14,236,200,162,326,24,712,22,10,32,744
08/23/2002,SAT,TX,ASW,CE,Towers with Radar,200,123,137,9,469,0,19,215,32,266,200,142,352,41,735,16,4,20,755
08/24/2002,SAT,TX,ASW,CE,Towers with Radar,130,71,79,5,285,58,25,256,19,358,188,96,335,24,643,8,2,10,653
08/25/2002,SAT,TX,ASW,CE,Towers with Radar,110,60,67,4,241,52,5,220,8,285,162,65,287,12,526,4,0,4,530
08/26/2002,SAT,TX,ASW,CE,Towers with Radar,189,110,122,8,429,0,0,222,26,248,189,110,344,34,677,8,0,8,685
08/27/2002,SAT,TX,ASW,CE,Towers with Radar,173,121,135,9,438,0,16,219,26,261,173,137,354,35,699,18,18,36,735
08/28/2002,SAT,TX,ASW,CE,Towers with Radar,198,134,147,10,489,0,30,182,30,242,198,164,329,40,731,24,4,28,759
08/29/2002,SAT,TX,ASW,CE,Towers with Radar,180,100,109,7,396,20,51,103,12,186,200,151,212,19,582,32,16,48,630
08/30/2002,SAT,TX,ASW,CE,Towers with Radar,187,103,113,8,411,16,48,248,16,328,203,151,361,24,739,12,0,12,751
08/31/2002,SAT,TX,ASW,CE,Towers with Radar,112,62,68,4,246,53,39,203,16,311,165,101,271,20,557,14,0,14,571
09/01/2002,SAT,TX,ASW,CE,Towers with Radar,78,44,53,4,179,50,15,102,7,174,128,59,155,11,353,2,0,2,355
09/02/2002,SAT,TX,ASW,CE,Towers with Radar,115,66,78,6,265,46,19,222,9,296,161,85,300,15,561,14,0,14,575
09/03/2002,SAT,TX,ASW,CE,Towers with Radar,182,127,156,11,476,0,0,170,37,207,182,127,326,48,683,16,4,20,703
09/04/2002,SAT,TX,ASW,CE,Towers with Radar,199,146,121,13,479,0,44,0,28,72,199,190,121,41,551,30,16,46,597
09/05/2002,SAT,TX,ASW,CE,Towers with Radar,204,142,164,12,522,0,10,101,23,134,204,152,265,35,656,22,2,24,680
09/06/2002,SAT,TX,ASW,CE,Towers with Radar,202,127,146,11,486,0,2,212,26,240,202,129,358,37,726,10,2,12,738
09/07/2002,SAT,TX,ASW,CE,Towers with Radar,88,52,31,2,173,95,35,0,0,130,183,87,31,2,303,6,0,6,309
09/08/2002,SAT,TX,ASW,CE,Towers with Radar,109,64,73,6,252,65,31,14,6,116,174,95,87,12,368,0,0,0,368
09/09/2002,SAT,TX,ASW,CE,Towers with Radar,150,87,100,7,344,48,18,40,6,112,198,105,140,13,456,4,0,4,460
09/10/2002,SAT,TX,ASW,CE,Towers with Radar,183,141,163,12,499,0,30,20,10,60,183,171,183,22,559,20,10,30,589
09/11/2002,SAT,TX,ASW,CE,Towers with Radar,185,131,151,11,478,0,12,45,39,96,185,143,196,50,574,38,8,46,620
09/12/2002,SAT,TX,ASW,CE,Towers with Radar,179,135,156,11,481,0,22,181,22,225,179,157,337,33,706,14,10,24,730
09/13/2002,SAT,TX,ASW,CE,Towers with Radar,195,113,130,9,447,6,43,263,29,341,201,156,393,38,788,22,8,30,818
09/14/2002,SAT,TX,ASW,CE,Towers with Radar,145,84,97,6,332,40,2,149,37,228,185,86,246,43,560,10,4,14,574
09/15/2002,SAT,TX,ASW,CE,Towers with Radar,130,72,86,5,293,36,0,88,14,138,166,72,174,19,431,12,2,14,445
09/16/2002,SAT,TX,ASW,CE,Towers with Radar,186,106,129,8,429,0,0,55,15,70,186,106,184,23,499,14,4,18,517
09/17/2002,SAT,TX,ASW,CE,Towers with Radar,193,145,168,11,517,0,0,114,15,129,193,145,282,26,646,14,6,20,666
09/18/2002,SAT,TX,ASW,CE,Towers with Radar,198,156,181,12,547,0,8,113,31,152,198,164,294,43,699,24,8,32,731
09/19/2002,SAT,TX,ASW,CE,Towers with Radar,180,103,120,8,411,19,57,65,5,146,199,160,185,13,557,38,0,38,595
09/20/2002,SAT,TX,ASW,CE,Towers with Radar,219,145,169,11,544,0,10,222,28,260,219,155,391,39,804,22,8,30,834
09/21/2002,SAT,TX,ASW,CE,Towers with Radar,144,82,96,6,328,39,16,277,22,354,183,98,373,28,682,14,0,14,696
09/22/2002,SAT,TX,ASW,CE,Towers with Radar,135,77,90,6,308,39,3,212,11,265,174,80,302,17,573,30,0,30,603
09/23/2002,SAT,TX,ASW,CE,Towers with Radar,193,123,145,9,470,0,4,182,23,209,193,127,327,32,679,0,0,0,679
09/24/2002,SAT,TX,ASW,CE,Towers with Radar,209,141,179,12,541,0,0,202,12,214,209,141,381,24,755,2,2,4,759
09/25/2002,SAT,TX,ASW,CE,Towers with Radar,203,141,164,11,519,0,44,120,16,180,203,185,284,27,699,28,0,28,727
09/26/2002,SAT,TX,ASW,CE,Towers with Radar,198,113,132,9,452,4,47,300,16,367,202,160,432,25,819,18,2,20,839
09/27/2002,SAT,TX,ASW,CE,Towers with Radar,182,104,122,8,416,24,72,257,20,373,206,176,379,28,789,32,8,40,829
09/28/2002,SAT,TX,ASW,CE,Towers with Radar,120,68,81,5,274,61,24,214,32,331,181,92,295,37,605,2,0,2,607
09/29/2002,SAT,TX,ASW,CE,Towers with Radar,153,87,103,6,349,26,9,219,8,262,179,96,322,14,611,4,0,4,615
09/30/2002,SAT,TX,ASW,CE,Towers with Radar,148,84,99,6,337,28,30,230,16,304,176,114,329,22,641,6,2,8,649
10/01/2002,SAT,TX,ASW,CE,Towers with Radar,201,142,180,13,536,0,21,113,20,154,201,163,293,33,690,32,2,34,724
10/02/2002,SAT,TX,ASW,CE,Towers with Radar,198,155,196,14,563,0,6,109,27,142,198,161,305,41,705,26,2,28,733
10/03/2002,SAT,TX,ASW,CE,Towers with Radar,204,138,175,13,530,0,13,158,30,201,204,151,333,43,731,12,2,14,745
10/04/2002,SAT,TX,ASW,CE,Towers with Radar,193,137,174,13,517,0,0,201,21,222,193,137,375,34,739,16,4,20,759
10/05/2002,SAT,TX,ASW,CE,Towers with Radar,131,77,98,7,313,59,6,125,33,223,190,83,223,40,536,24,0,24,560
10/06/2002,SAT,TX,ASW,CE,Towers with Radar,126,75,94,7,302,41,5,175,13,234,167,80,269,20,536,4,0,4,540
10/07/2002,SAT,TX,ASW,CE,Towers with Radar,178,104,132,10,424,12,0,52,13,77,190,104,184,23,501,22,2,24,525
10/08/2002,SAT,TX,ASW,CE,Towers with Radar,166,116,147,11,440,0,8,22,8,38,166,124,169,19,478,4,8,12,490
10/09/2002,SAT,TX,ASW,CE,Towers with Radar,174,103,130,10,417,0,21,45,14,80,174,124,175,24,497,18,0,18,515
10/10/2002,SAT,TX,ASW,CE,Towers with Radar,212,146,201,15,574,0,0,107,18,125,212,146,308,33,699,42,0,42,741
10/11/2002,SAT,TX,ASW,CE,Towers with Radar,193,140,177,13,523,0,25,160,8,193,193,165,337,21,716,24,4,28,744
10/12/2002,SAT,TX,ASW,CE,Towers with Radar,123,73,92,6,294,61,32,153,15,261,184,105,245,21,555,4,4,8,563
10/13/2002,SAT,TX,ASW,CE,Towers with Radar,112,66,83,5,266,61,22,126,17,226,173,88,209,22,492,2,0,2,494
10/14/2002,SAT,TX,ASW,CE,Towers with Radar,136,80,101,7,324,55,64,33,8,160,191,144,134,15,484,30,4,34,518
10/15/2002,SAT,TX,ASW,CE,Towers with Radar,194,150,192,13,549,0,25,203,28,256,194,175,395,41,805,64,4,68,873
10/16/2002,SAT,TX,ASW,CE,Towers with Radar,149,86,110,7,352,50,77,259,10,396,199,163,369,17,748,30,0,30,778
10/17/2002,SAT,TX,ASW,CE,Towers with Radar,208,140,179,12,539,0,50,176,33,259,208,190,355,45,798,12,8,20,818
10/18/2002,SAT,TX,ASW,CE,Towers with Radar,193,134,158,11,496,0,3,0,24,27,193,137,158,35,523,6,0,6,529
10/19/2002,SAT,TX,ASW,CE,Towers with Radar,123,71,91,6,291,65,15,73,14,167,188,86,164,20,458,16,6,22,480
10/20/2002,SAT,TX,ASW,CE,Towers with Radar,147,85,109,7,348,22,18,160,5,205,169,103,269,12,553,26,0,26,579
10/21/2002,SAT,TX,ASW,CE,Towers with Radar,185,108,152,10,455,0,0,41,16,57,185,108,193,26,512,12,0,12,524
10/22/2002,SAT,TX,ASW,CE,Towers with Radar,207,124,118,12,461,0,25,0,24,49,207,149,118,36,510,24,6,30,540
10/23/2002,SAT,TX,ASW,CE,Towers with Radar,202,146,187,14,549,0,9,32,24,65,202,155,219,38,614,22,4,26,640
10/24/2002,SAT,TX,ASW,CE,Towers with Radar,140,81,105,7,333,54,65,39,6,164,194,146,144,13,497,4,0,4,501
10/25/2002,SAT,TX,ASW,CE,Towers with Radar,198,116,151,10,475,0,0,48,13,61,198,116,199,23,536,12,10,22,558
10/26/2002,SAT,TX,ASW,CE,Towers with Radar,102,59,76,5,242,85,15,31,2,133,187,74,107,7,375,4,2,6,381
10/27/2002,SAT,TX,ASW,CE,Towers with Radar,112,64,83,5,264,49,10,74,10,143,161,74,157,15,407,2,4,6,413
10/28/2002,SAT,TX,ASW,CE,Towers with Radar,121,70,90,3,284,68,19,29,0,116,189,89,119,3,400,2,0,2,402
10/29/2002,SAT,TX,ASW,CE,Towers with Radar,216,142,183,13,554,0,35,181,9,225,216,177,364,22,779,18,2,20,799
10/30/2002,SAT,TX,ASW,CE,Towers with Radar,165,133,179,12,489,0,0,115,9,124,165,133,294,21,613,12,6,18,631
10/31/2002,SAT,TX,ASW,CE,Towers with Radar,210,147,189,13,559,0,4,81,17,102,210,151,270,30,661,36,0,36,697
11/01/2002,SAT,TX,ASW,CE,Towers with Radar,209,121,142,15,487,0,20,95,27,142,209,141,237,42,629,18,2,20,649
11/02/2002,SAT,TX,ASW,CE,Towers with Radar,110,57,67,7,241,97,26,5,5,133,207,83,72,12,374,0,0,0,374
11/03/2002,SAT,TX,ASW,CE,Towers with Radar,115,60,70,3,248,57,24,45,0,126,172,84,115,3,374,0,0,0,374
11/04/2002,SAT,TX,ASW,CE,Towers with Radar,115,60,70,7,252,42,20,53,0,115,157,80,123,7,367,18,0,18,385
11/05/2002,SAT,TX,ASW,CE,Towers with Radar,207,130,153,16,506,0,16,191,39,246,207,146,344,55,752,24,0,24,776
11/06/2002,SAT,TX,ASW,CE,Towers with Radar,205,136,160,17,518,0,36,222,21,279,205,172,382,38,797,20,2,22,819
11/07/2002,SAT,TX,ASW,CE,Towers with Radar,222,140,164,17,543,0,46,221,21,288,222,186,385,38,831,10,2,12,843
11/08/2002,SAT,TX,ASW,CE,Towers with Radar,210,139,163,17,529,0,47,253,51,351,210,186,416,68,880,26,22,48,928
11/09/2002,SAT,TX,ASW,CE,Towers with Radar,124,64,75,8,271,35,4,191,29,259,159,68,266,37,530,14,2,16,546
11/10/2002,SAT,TX,ASW,CE,Towers with Radar,120,63,73,8,264,24,14,115,2,155,144,77,188,10,419,10,2,12,431
11/11/2002,SAT,TX,ASW,CE,Towers with Radar,130,68,79,8,285,57,73,226,13,369,187,141,305,21,654,2,0,2,656
11/12/2002,SAT,TX,ASW,CE,Towers with Radar,201,125,147,15,488,0,51,133,41,225,201,176,280,56,713,130,12,142,855
11/13/2002,SAT,TX,ASW,CE,Towers with Radar,200,124,146,15,485,0,77,171,39,287,200,201,317,54,772,20,8,28,800
11/14/2002,SAT,TX,ASW,CE,Towers with Radar,209,133,157,16,515,0,48,194,44,286,209,181,351,60,801,32,8,40,841
11/15/2002,SAT,TX,ASW,CE,Towers with Radar,211,135,159,16,521,0,6,234,57,297,211,141,393,73,818,4,0,4,822
11/16/2002,SAT,TX,ASW,CE,Towers with Radar,123,63,75,7,268,75,26,198,28,327,198,89,273,35,595,16,0,16,611
11/17/2002,SAT,TX,ASW,CE,Towers with Radar,126,64,77,7,274,53,1,184,26,264,179,65,261,33,538,12,0,12,550
11/18/2002,SAT,TX,ASW,CE,Towers with Radar,190,119,147,14,470,0,0,220,57,277,190,119,367,71,747,10,8,18,765
11/19/2002,SAT,TX,ASW,CE,Towers with Radar,167,113,135,13,428,0,30,136,20,186,167,143,271,33,614,18,14,32,646
11/20/2002,SAT,TX,ASW,CE,Towers with Radar,213,133,159,15,520,0,48,197,40,285,213,181,356,55,805,24,4,28,833
11/21/2002,SAT,TX,ASW,CE,Towers with Radar,170,125,149,14,458,0,53,149,16,218,170,178,298,30,676,18,2,20,696
11/22/2002,SAT,TX,ASW,CE,Towers with Radar,216,122,145,14,497,0,85,134,53,272,216,207,279,67,769,16,4,20,789
11/23/2002,SAT,TX,ASW,CE,Towers with Radar,140,72,86,8,306,61,13,198,30,302,201,85,284,38,608,18,4,22,630
11/24/2002,SAT,TX,ASW,CE,Towers with Radar,145,74,89,8,316,20,33,180,34,267,165,107,269,42,583,2,2,4,587
11/25/2002,SAT,TX,ASW,CE,Towers with Radar,200,111,161,16,488,0,0,29,29,58,200,111,190,45,546,16,0,16,562
11/26/2002,SAT,TX,ASW,CE,Towers with Radar,170,87,104,10,371,40,62,25,33,160,210,149,129,43,531,62,2,64,595
11/27/2002,SAT,TX,ASW,CE,Towers with Radar,217,118,141,14,490,0,39,108,19,166,217,157,249,33,656,0,4,4,660
11/28/2002,SAT,TX,ASW,CE,Towers with Radar,85,43,52,5,185,79,47,33,28,187,164,90,85,33,372,8,0,8,380
11/29/2002,SAT,TX,ASW,CE,Towers with Radar,99,51,60,5,215,39,102,117,43,301,138,153,177,48,516,4,0,4,520
11/30/2002,SAT,TX,ASW,CE,Towers with Radar,101,53,61,6,221,60,43,205,25,333,161,96,266,31,554,12,0,12,566
12/01/2002,SAT,TX,ASW,CE,Towers with Radar,129,79,87,7,302,37,6,148,31,222,166,85,235,38,524,18,0,18,542
12/02/2002,SAT,TX,ASW,CE,Towers with Radar,182,137,151,11,481,0,0,119,29,148,182,137,270,40,629,18,0,18,647
12/03/2002,SAT,TX,ASW,CE,Towers with Radar,190,125,138,10,463,0,42,13,7,62,190,167,151,17,525,6,4,10,535
12/04/2002,SAT,TX,ASW,CE,Towers with Radar,192,147,163,12,514,0,34,3,21,58,192,181,166,33,572,20,8,28,600
12/05/2002,SAT,TX,ASW,CE,Towers with Radar,163,148,164,12,487,0,10,51,17,78,163,158,215,29,565,12,4,16,581
12/06/2002,SAT,TX,ASW,CE,Towers with Radar,197,151,167,12,527,0,53,206,18,277,197,204,373,30,804,8,2,10,814
12/07/2002,SAT,TX,ASW,CE,Towers with Radar,129,79,87,7,302,49,19,151,15,234,178,98,238,22,536,0,0,0,536
12/08/2002,SAT,TX,ASW,CE,Towers with Radar,130,80,88,7,305,31,17,66,14,128,161,97,154,21,433,2,2,4,437
12/09/2002,SAT,TX,ASW,CE,Towers with Radar,180,114,135,10,439,0,0,18,8,26,180,114,153,18,465,2,6,8,473
12/10/2002,SAT,TX,ASW,CE,Towers with Radar,189,168,186,13,556,0,55,95,33,183,189,223,281,46,739,20,8,28,767
12/11/2002,SAT,TX,ASW,CE,Towers with Radar,194,165,183,13,555,0,24,124,40,188,194,189,307,53,743,16,4,20,763
12/12/2002,SAT,TX,ASW,CE,Towers with Radar,205,140,156,10,511,0,55,88,24,167,205,195,244,34,678,30,4,34,712
12/13/2002,SAT,TX,ASW,CE,Towers with Radar,193,153,171,12,529,0,50,223,34,307,193,203,394,46,836,26,16,42,878
12/14/2002,SAT,TX,ASW,CE,Towers with Radar,148,89,101,7,345,40,23,200,38,301,188,112,301,45,646,16,2,18,664
12/15/2002,SAT,TX,ASW,CE,Towers with Radar,150,91,102,7,350,10,1,143,32,186,160,92,245,39,536,18,0,18,554
12/16/2002,SAT,TX,ASW,CE,Towers with Radar,186,93,146,10,435,0,0,90,16,106,186,93,236,26,541,0,0,0,541
12/17/2002,SAT,TX,ASW,CE,Towers with Radar,192,150,168,11,521,0,29,107,20,156,192,179,275,31,677,10,6,16,693
12/18/2002,SAT,TX,ASW,CE,Towers with Radar,198,165,185,12,560,0,40,76,32,148,198,205,261,44,708,8,8,16,724
12/19/2002,SAT,TX,ASW,CE,Towers with Radar,198,158,177,12,545,0,43,66,70,179,198,201,243,82,724,50,14,64,788
12/20/2002,SAT,TX,ASW,CE,Towers with Radar,208,148,166,11,533,0,65,157,30,252,208,213,323,41,785,4,2,6,791
12/21/2002,SAT,TX,ASW,CE,Towers with Radar,128,77,87,6,298,53,35,195,15,298,181,112,282,21,596,10,0,10,606
12/22/2002,SAT,TX,ASW,CE,Towers with Radar,115,69,78,6,268,45,24,53,40,162,160,93,131,46,430,0,0,0,430
12/23/2002,SAT,TX,ASW,CE,Towers with Radar,119,72,81,5,277,53,30,37,9,129,172,102,118,14,406,0,0,0,406
12/24/2002,SAT,TX,ASW,CE,Towers with Radar,108,65,73,5,251,72,115,23,31,241,180,180,96,36,492,6,0,6,498
12/25/2002,SAT,TX,ASW,CE,Towers with Radar,67,40,45,3,155,64,49,50,29,192,131,89,95,32,347,0,0,0,347
12/26/2002,SAT,TX,ASW,CE,Towers with Radar,136,82,92,6,316,59,80,29,9,177,195,162,121,15,493,2,4,6,499
12/27/2002,SAT,TX,ASW,CE,Towers with Radar,177,107,120,8,412,13,63,152,20,248,190,170,272,28,660,10,0,10,670
12/28/2002,SAT,TX,ASW,CE,Towers with Radar,128,78,86,6,298,56,18,162,15,251,184,96,248,21,549,6,0,6,555
12/29/2002,SAT,TX,ASW,CE,Towers with Radar,107,65,72,5,249,60,15,30,5,110,167,80,102,10,359,0,0,0,359
12/30/2002,SAT,TX,ASW,CE,Towers with Radar,106,65,71,4,246,56,19,40,8,123,162,84,111,12,369,0,0,0,369
12/31/2002,SAT,TX,ASW,CE,Towers with Radar,127,77,85,5,294,57,107,109,34,307,184,184,194,39,601,8,0,8,609
01/01/2003,SAT,TX,ASW,CE,Towers with Radar,71,44,45,5,165,75,42,104,31,252,146,86,149,36,417,2,0,2,419
01/02/2003,SAT,TX,ASW,CE,Towers with Radar,143,88,90,9,330,43,49,112,35,239,186,137,202,44,569,4,4,8,577
01/03/2003,SAT,TX,ASW,CE,Towers with Radar,203,133,137,15,488,0,3,183,43,229,203,136,320,58,717,12,0,12,729
01/04/2003,SAT,TX,ASW,CE,Towers with Radar,104,64,66,7,241,87,14,149,18,268,191,78,215,25,509,10,0,10,519
01/05/2003,SAT,TX,ASW,CE,Towers with Radar,99,61,63,6,229,54,20,170,20,264,153,81,233,26,493,0,0,0,493
01/06/2003,SAT,TX,ASW,CE,Towers with Radar,184,122,126,13,445,0,1,31,17,49,184,123,157,30,494,2,0,2,496
01/07/2003,SAT,TX,ASW,CE,Towers with Radar,186,141,145,14,486,0,36,107,21,164,186,177,252,35,650,14,4,18,668
01/08/2003,SAT,TX,ASW,CE,Towers with Radar,154,123,127,13,417,0,15,115,27,157,154,138,242,40,574,36,4,40,614
01/09/2003,SAT,TX,ASW,CE,Towers with Radar,178,147,152,14,491,0,22,181,23,226,178,169,333,37,717,14,4,18,735
01/10/2003,SAT,TX,ASW,CE,Towers with Radar,192,143,147,13,495,0,23,126,28,177,192,166,273,41,672,4,0,4,676
01/11/2003,SAT,TX,ASW,CE,Towers with Radar,121,74,76,7,278,62,14,65,35,176,183,88,141,42,454,2,0,2,456
01/12/2003,SAT,TX,ASW,CE,Towers with Radar,92,57,58,5,212,52,20,24,7,103,144,77,82,12,315,2,0,2,317
01/13/2003,SAT,TX,ASW,CE,Towers with Radar,181,144,149,14,488,0,0,0,7,7,181,144,149,21,495,12,2,14,509
01/14/2003,SAT,TX,ASW,CE,Towers with Radar,156,131,137,13,437,0,13,19,33,65,156,144,156,46,502,22,0,22,524
01/15/2003,SAT,TX,ASW,CE,Towers with Radar,184,125,131,13,453,0,17,72,19,108,184,142,203,32,561,12,6,18,579
01/16/2003,SAT,TX,ASW,CE,Towers with Radar,168,114,119,11,412,0,63,31,25,119,168,177,150,36,531,14,8,22,553
01/17/2003,SAT,TX,ASW,CE,Towers with Radar,191,125,131,12,459,0,73,175,36,284,191,198,306,48,743,6,4,10,753
01/18/2003,SAT,TX,ASW,CE,Towers with Radar,106,64,67,6,243,51,27,155,27,260,157,91,222,33,503,14,6,20,523
01/19/2003,SAT,TX,ASW,CE,Towers with Radar,93,56,59,5,213,54,26,216,35,331,147,82,275,40,544,14,6,20,564
01/20/2003,SAT,TX,ASW,CE,Towers with Radar,129,78,82,7,296,50,51,139,11,251,179,129,221,18,547,46,8,54,601
01/21/2003,SAT,TX,ASW,CE,Towers with Radar,191,115,121,11,438,0,39,110,29,178,191,154,231,40,616,14,2,16,632
01/22/2003,SAT,TX,ASW,CE,Towers with Radar,198,144,150,14,506,0,27,83,32,142,198,171,233,46,648,10,0,10,658
01/23/2003,SAT,TX,ASW,CE,Towers with Radar,192,125,131,13,461,0,63,187,18,268,192,188,318,31,729,14,2,16,745
01/24/2003,SAT,TX,ASW,CE,Towers with Radar,195,135,141,13,484,0,82,131,37,250,195,217,272,50,734,24,0,24,758
01/25/2003,SAT,TX,ASW,CE,Towers with Radar,94,57,60,2,213,69,31,34,0,134,163,88,94,2,347,2,0,2,349
01/26/2003,SAT,TX,ASW,CE,Towers with Radar,103,62,65,6,236,46,25,32,16,119,149,87,97,22,355,8,0,8,363
01/27/2003,SAT,TX,ASW,CE,Towers with Radar,183,111,124,11,429,0,0,27,29,56,183,111,151,40,485,2,2,4,489
01/28/2003,SAT,TX,ASW,CE,Towers with Radar,190,119,124,11,444,0,43,45,4,92,190,162,169,15,536,18,0,18,554
01/29/2003,SAT,TX,ASW,CE,Towers with Radar,187,131,137,13,468,0,36,107,16,159,187,167,244,29,627,26,2,28,655
01/30/2003,SAT,TX,ASW,CE,Towers with Radar,185,153,158,16,512,0,39,128,29,196,185,192,286,45,708,18,4,22,730
01/31/2003,SAT,TX,ASW,CE,Towers with Radar,188,130,134,12,464,0,41,175,25,241,188,171,309,37,705,4,2,6,711
02/01/2003,SAT,TX,ASW,CE,Towers with Radar,122,74,84,6,286,35,30,220,31,316,157,104,304,37,602,20,2,22,624
02/02/2003,SAT,TX,ASW,CE,Towers with Radar,113,69,79,6,267,37,19,73,18,147,150,88,152,24,414,0,2,2,416
02/03/2003,SAT,TX,ASW,CE,Towers with Radar,167,125,142,10,444,0,42,97,27,166,167,167,239,37,610,34,2,36,646
02/04/2003,SAT,TX,ASW,CE,Towers with Radar,194,151,172,12,529,0,13,158,34,205,194,164,330,46,734,10,2,12,746
02/05/2003,SAT,TX,ASW,CE,Towers with Radar,193,121,126,10,450,0,37,0,19,56,193,158,126,29,506,8,2,10,516
02/06/2003,SAT,TX,ASW,CE,Towers with Radar,194,128,146,10,478,0,3,69,31,103,194,131,215,41,581,12,4,16,597
02/07/2003,SAT,TX,ASW,CE,Towers with Radar,162,98,97,8,365,31,76,0,10,117,193,174,97,18,482,4,0,4,486
02/08/2003,SAT,TX,ASW,CE,Towers with Radar,121,66,32,3,222,2,2,0,0,4,123,68,32,3,226,0,0,0,226
02/09/2003,SAT,TX,ASW,CE,Towers with Radar,107,65,74,5,251,45,11,125,12,193,152,76,199,17,444,14,4,18,462
02/10/2003,SAT,TX,ASW,CE,Towers with Radar,192,137,156,11,496,0,23,87,48,158,192,160,243,59,654,18,0,18,672
02/11/2003,SAT,TX,ASW,CE,Towers with Radar,194,148,174,12,528,0,0,107,58,165,194,148,281,70,693,26,2,28,721
02/12/2003,SAT,TX,ASW,CE,Towers with Radar,146,89,101,7,343,19,25,54,5,103,165,114,155,12,446,8,0,8,454
02/13/2003,SAT,TX,ASW,CE,Towers with Radar,193,128,146,10,477,0,14,7,17,38,193,142,153,27,515,6,10,16,531
02/14/2003,SAT,TX,ASW,CE,Towers with Radar,178,108,123,9,418,12,20,33,3,68,190,128,156,12,486,6,2,8,494
02/15/2003,SAT,TX,ASW,CE,Towers with Radar,119,72,82,6,279,48,25,97,13,183,167,97,179,19,462,6,4,10,472
02/16/2003,SAT,TX,ASW,CE,Towers with Radar,115,69,80,5,269,25,25,184,13,247,140,94,264,18,516,10,4,14,530
02/17/2003,SAT,TX,ASW,CE,Towers with Radar,133,80,92,6,311,55,28,265,17,365,188,108,357,23,676,12,0,12,688
02/18/2003,SAT,TX,ASW,CE,Towers with Radar,186,152,173,11,522,0,31,79,41,151,186,183,252,52,673,26,2,28,701
02/19/2003,SAT,TX,ASW,CE,Towers with Radar,171,125,148,9,453,0,0,5,18,23,171,125,153,27,476,4,0,4,480
02/20/2003,SAT,TX,ASW,CE,Towers with Radar,135,82,93,6,316,53,38,40,14,145,188,120,133,20,461,4,0,4,465
02/21/2003,SAT,TX,ASW,CE,Towers with Radar,141,85,98,2,326,57,53,31,0,141,198,138,129,2,467,0,0,0,467
02/22/2003,SAT,TX,ASW,CE,Towers with Radar,144,87,100,6,337,28,23,272,32,355,172,110,372,38,692,12,0,12,704
02/23/2003,SAT,TX,ASW,CE,Towers with Radar,133,80,93,6,312,22,11,210,17,260,155,91,303,23,572,0,2,2,574
02/24/2003,SAT,TX,ASW,CE,Towers with Radar,161,98,113,7,379,7,11,17,15,50,168,109,130,22,429,0,0,0,429
02/25/2003,SAT,TX,ASW,CE,Towers with Radar,65,39,46,3,153,42,8,32,3,85,107,47,78,6,238,0,0,0,238
02/26/2003,SAT,TX,ASW,CE,Towers with Radar,167,124,133,6,430,2,13,0,19,34,169,137,133,25,464,12,4,16,480
02/27/2003,SAT,TX,ASW,CE,Towers with Radar,193,180,204,13,590,0,15,64,20,99,193,195,268,33,689,20,4,24,713
02/28/2003,SAT,TX,ASW,CE,Towers with Radar,194,160,164,12,530,0,30,0,25,55,194,190,164,37,585,14,4,18,603
03/01/2003,SAT,TX,ASW,CE,Towers with Radar,88,54,70,0,212,72,35,28,0,135,160,89,98,0,347,6,0,6,353
03/02/2003,SAT,TX,ASW,CE,Towers with Radar,85,52,68,3,208,65,40,11,3,119,150,92,79,6,327,0,0,0,327
03/03/2003,SAT,TX,ASW,CE,Towers with Radar,154,95,121,6,376,30,24,21,14,89,184,119,142,20,465,18,6,24,489
03/04/2003,SAT,TX,ASW,CE,Towers with Radar,192,149,186,10,537,0,14,65,18,97,192,163,251,28,634,16,4,20,654
03/05/2003,SAT,TX,ASW,CE,Towers with Radar,165,103,128,7,403,28,51,49,11,139,193,154,177,18,542,4,0,4,546
03/06/2003,SAT,TX,ASW,CE,Towers with Radar,196,148,182,9,535,0,39,104,34,177,196,187,286,43,712,16,2,18,730
03/07/2003,SAT,TX,ASW,CE,Towers with Radar,198,145,179,9,531,0,80,182,34,296,198,225,361,43,827,16,2,18,845
03/08/2003,SAT,TX,ASW,CE,Towers with Radar,168,92,167,8,435,0,0,77,41,118,168,92,244,49,553,10,2,12,565
03/09/2003,SAT,TX,ASW,CE,Towers with Radar,109,68,86,5,268,40,19,92,43,194,149,87,178,48,462,8,2,10,472
03/10/2003,SAT,TX,ASW,CE,Towers with Radar,172,139,173,9,493,0,27,21,55,103,172,166,194,64,596,30,4,34,630
03/11/2003,SAT,TX,ASW,CE,Towers with Radar,179,123,120,10,432,6,15,0,6,27,185,138,120,16,459,0,0,0,459
03/12/2003,SAT,TX,ASW,CE,Towers with Radar,190,120,149,7,466,0,14,44,15,73,190,134,193,22,539,2,6,8,547
03/13/2003,SAT,TX,ASW,CE,Towers with Radar,195,140,174,9,518,0,29,106,20,155,195,169,280,29,673,8,0,8,681
03/14/2003,SAT,TX,ASW,CE,Towers with Radar,189,152,188,9,538,0,54,232,49,335,189,206,420,58,873,12,10,22,895
03/15/2003,SAT,TX,ASW,CE,Towers with Radar,146,91,115,6,358,22,10,176,27,235,168,101,291,33,593,18,0,18,611
03/16/2003,SAT,TX,ASW,CE,Towers with Radar,127,79,100,5,311,24,17,236,37,314,151,96,336,42,625,24,6,30,655
03/17/2003,SAT,TX,ASW,CE,Towers with Radar,177,111,139,7,434,0,13,14,30,57,177,124,153,37,491,16,2,18,509
03/18/2003,SAT,TX,ASW,CE,Towers with Radar,181,124,154,8,467,0,56,63,58,177,181,180,217,66,644,10,0,10,654
03/19/2003,SAT,TX,ASW,CE,Towers with Radar,185,124,96,3,408,6,77,266,42,391,191,201,362,45,799,6,0,6,805
03/20/2003,SAT,TX,ASW,CE,Towers with Radar,192,122,152,8,474,0,31,320,31,382,192,153,472,39,856,28,10,38,894
03/21/2003,SAT,TX,ASW,CE,Towers with Radar,184,136,122,9,451,7,63,430,36,536,191,199,552,45,987,18,6,24,1011
03/22/2003,SAT,TX,ASW,CE,Towers with Radar,163,77,89,3,332,6,12,175,25,218,169,89,264,28,550,14,2,16,566
03/23/2003,SAT,TX,ASW,CE,Towers with Radar,140,84,130,10,364,6,18,247,26,297,146,102,377,36,661,8,6,14,675
03/24/2003,SAT,TX,ASW,CE,Towers with Radar,168,110,169,9,456,6,21,203,18,248,174,131,372,27,704,12,4,16,720
03/25/2003,SAT,TX,ASW,CE,Towers with Radar,181,123,192,10,506,5,17,122,35,179,186,140,314,45,685,16,4,20,705
03/26/2003,SAT,TX,ASW,CE,Towers with Radar,205,143,178,9,535,0,46,278,34,358,205,189,456,43,893,32,2,34,927
03/27/2003,SAT,TX,ASW,CE,Towers with Radar,179,136,150,6,471,5,35,328,50,418,184,171,478,56,889,4,4,8,897
03/28/2003,SAT,TX,ASW,CE,Towers with Radar,194,127,152,8,481,5,70,206,20,301,199,197,358,28,782,22,0,22,804
03/29/2003,SAT,TX,ASW,CE,Towers with Radar,158,92,89,3,342,5,24,175,29,233,163,116,264,32,575,4,0,4,579
03/30/2003,SAT,TX,ASW,CE,Towers with Radar,151,81,117,2,351,5,17,248,28,298,156,98,365,30,649,12,0,12,661
03/31/2003,SAT,TX,ASW,CE,Towers with Radar,174,112,100,9,395,6,66,305,48,425,180,178,405,57,820,56,4,60,880
04/01/2003,SAT,TX,ASW,CE,Towers with Radar,193,128,94,11,426,1,36,294,23,354,194,164,388,34,780,14,8,22,802
04/02/2003,SAT,TX,ASW,CE,Towers with Radar,194,147,134,6,481,0,51,266,47,364,194,198,400,53,845,10,2,12,857
04/03/2003,SAT,TX,ASW,CE,Towers with Radar,190,132,180,18,520,1,67,299,41,408,191,199,479,59,928,20,2,22,950
04/04/2003,SAT,TX,ASW,CE,Towers with Radar,196,132,179,3,510,1,53,227,24,305,197,185,406,27,815,10,0,10,825
04/05/2003,SAT,TX,ASW,CE,Towers with Radar,169,84,109,3,365,0,2,236,49,287,169,86,345,52,652,10,2,12,664
04/06/2003,SAT,TX,ASW,CE,Towers with Radar,150,96,118,9,373,0,11,142,46,199,150,107,260,55,572,6,6,12,584
04/07/2003,SAT,TX,ASW,CE,Towers with Radar,177,130,137,7,451,0,24,144,28,196,177,154,281,35,647,40,0,40,687
04/08/2003,SAT,TX,ASW,CE,Towers with Radar,191,129,86,4,410,0,29,151,29,209,191,158,237,33,619,2,0,2,621
04/09/2003,SAT,TX,ASW,CE,Towers with Radar,191,148,109,8,456,0,94,391,45,530,191,242,500,53,986,18,4,22,1008
04/10/2003,SAT,TX,ASW,CE,Towers with Radar,197,140,136,22,495,1,55,446,58,560,198,195,582,80,1055,22,12,34,1089
04/11/2003,SAT,TX,ASW,CE,Towers with Radar,199,140,152,12,503,0,40,410,48,498,199,180,562,60,1001,10,0,10,1011
04/12/2003,SAT,TX,ASW,CE,Towers with Radar,162,82,85,4,333,0,7,259,45,311,162,89,344,49,644,28,4,32,676
04/13/2003,SAT,TX,ASW,CE,Towers with Radar,152,90,83,1,326,1,6,206,25,238,153,96,289,26,564,20,0,20,584
04/14/2003,SAT,TX,ASW,CE,Towers with Radar,176,114,120,5,415,0,35,224,32,291,176,149,344,37,706,12,8,20,726
04/15/2003,SAT,TX,ASW,CE,Towers with Radar,185,135,157,14,491,0,56,171,21,248,185,191,328,35,739,14,0,14,753
04/16/2003,SAT,TX,ASW,CE,Towers with Radar,190,138,168,9,505,0,40,230,50,320,190,178,398,59,825,12,0,12,837
04/17/2003,SAT,TX,ASW,CE,Towers with Radar,186,127,168,6,487,0,39,262,25,326,186,166,430,31,813,8,0,8,821
04/18/2003,SAT,TX,ASW,CE,Towers with Radar,194,134,137,10,475,0,62,234,41,337,194,196,371,51,812,16,4,20,832
04/19/2003,SAT,TX,ASW,CE,Towers with Radar,152,84,89,4,329,0,18,78,23,119,152,102,167,27,448,32,2,34,482
04/20/2003,SAT,TX,ASW,CE,Towers with Radar,147,94,103,8,352,0,17,105,28,150,147,111,208,36,502,26,8,34,536
04/21/2003,SAT,TX,ASW,CE,Towers with Radar,180,113,144,8,445,0,41,280,43,364,180,154,424,51,809,16,8,24,833
04/22/2003,SAT,TX,ASW,CE,Towers with Radar,186,132,175,6,499,0,12,59,15,86,186,144,234,21,585,2,2,4,589
04/23/2003,SAT,TX,ASW,CE,Towers with Radar,181,132,187,10,510,1,31,90,39,161,182,163,277,49,671,12,6,18,689
04/24/2003,SAT,TX,ASW,CE,Towers with Radar,204,140,163,13,520,0,35,260,31,326,204,175,423,44,846,18,8,26,872
04/25/2003,SAT,TX,ASW,CE,Towers with Radar,200,131,123,16,470,0,140,377,40,557,200,271,500,56,1027,38,10,48,1075
04/26/2003,SAT,TX,ASW,CE,Towers with Radar,161,90,87,4,342,0,61,368,47,476,161,151,455,51,818,34,6,40,858
04/27/2003,SAT,TX,ASW,CE,Towers with Radar,147,91,98,8,344,0,17,226,30,273,147,108,324,38,617,14,10,24,641
04/28/2003,SAT,TX,ASW,CE,Towers with Radar,175,103,147,8,433,0,35,230,19,284,175,138,377,27,717,20,0,20,737
04/29/2003,SAT,TX,ASW,CE,Towers with Radar,189,128,180,11,508,0,17,88,29,134,189,145,268,40,642,4,2,6,648
04/30/2003,SAT,TX,ASW,CE,Towers with Radar,190,136,188,12,526,0,72,216,46,334,190,208,404,58,860,32,6,38,898
05/01/2003,SAT,TX,ASW,CE,Towers with Radar,185,133,234,4,556,0,67,210,26,303,185,200,444,30,859,42,0,42,901
05/02/2003,SAT,TX,ASW,CE,Towers with Radar,212,128,208,15,563,1,35,182,69,287,213,163,390,84,850,10,8,18,868
05/03/2003,SAT,TX,ASW,CE,Towers with Radar,153,88,134,6,381,0,14,157,58,229,153,102,291,64,610,2,0,2,612
05/04/2003,SAT,TX,ASW,CE,Towers with Radar,154,97,123,10,384,0,3,99,26,128,154,100,222,36,512,8,4,12,524
05/05/2003,SAT,TX,ASW,CE,Towers with Radar,173,115,174,11,473,0,49,176,27,252,173,164,350,38,725,12,2,14,739
05/06/2003,SAT,TX,ASW,CE,Towers with Radar,192,130,185,7,514,0,28,135,31,194,192,158,320,38,708,32,0,32,740
05/07/2003,SAT,TX,ASW,CE,Towers with Radar,197,135,166,11,509,0,54,232,30,316,197,189,398,41,825,24,4,28,853
05/08/2003,SAT,TX,ASW,CE,Towers with Radar,191,147,182,7,527,0,38,238,35,311,191,185,420,42,838,20,2,22,860
05/09/2003,SAT,TX,ASW,CE,Towers with Radar,201,134,174,11,520,0,56,209,14,279,201,190,383,25,799,12,6,18,817
05/10/2003,SAT,TX,ASW,CE,Towers with Radar,155,94,114,4,367,0,18,164,36,218,155,112,278,40,585,10,4,14,599
05/11/2003,SAT,TX,ASW,CE,Towers with Radar,145,86,87,11,329,0,4,129,43,176,145,90,216,54,505,22,0,22,527
05/12/2003,SAT,TX,ASW,CE,Towers with Radar,176,106,123,7,412,0,48,147,31,226,176,154,270,38,638,22,2,24,662
05/13/2003,SAT,TX,ASW,CE,Towers with Radar,193,127,192,7,519,0,33,228,10,271,193,160,420,17,790,4,0,4,794
05/14/2003,SAT,TX,ASW,CE,Towers with Radar,194,138,175,6,513,1,38,293,27,359,195,176,468,33,872,20,4,24,896
05/15/2003,SAT,TX,ASW,CE,Towers with Radar,191,144,151,11,497,1,68,255,28,352,192,212,406,39,849,16,4,20,869
05/16/2003,SAT,TX,ASW,CE,Towers with Radar,196,145,139,13,493,0,60,260,44,364,196,205,399,57,857,8,8,16,873
05/17/2003,SAT,TX,ASW,CE,Towers with Radar,157,85,56,2,300,0,24,307,38,369,157,109,363,40,669,2,0,2,671
05/18/2003,SAT,TX,ASW,CE,Towers with Radar,149,90,73,5,317,0,2,295,65,362,149,92,368,70,679,18,0,18,697
05/19/2003,SAT,TX,ASW,CE,Towers with Radar,179,115,110,8,412,0,63,258,20,341,179,178,368,28,753,30,2,32,785
05/20/2003,SAT,TX,ASW,CE,Towers with Radar,190,144,137,10,481,0,35,294,36,365,190,179,431,46,846,30,4,34,880
05/21/2003,SAT,TX,ASW,CE,Towers with Radar,193,150,176,8,527,0,52,264,22,338,193,202,440,30,865,16,0,16,881
05/22/2003,SAT,TX,ASW,CE,Towers with Radar,194,141,155,6,496,0,71,264,16,351,194,212,419,22,847,34,0,34,881
05/23/2003,SAT,TX,ASW,CE,Towers with Radar,163,117,124,4,408,0,51,278,27,356,163,168,402,31,764,12,4,16,780
05/24/2003,SAT,TX,ASW,CE,Towers with Radar,148,86,62,0,296,0,8,275,40,323,148,94,337,40,619,12,0,12,631
05/25/2003,SAT,TX,ASW,CE,Towers with Radar,130,70,61,1,262,0,10,157,26,193,130,80,218,27,455,16,0,16,471
05/26/2003,SAT,TX,ASW,CE,Towers with Radar,156,75,64,0,295,0,7,176,37,220,156,82,240,37,515,8,0,8,523
05/27/2003,SAT,TX,ASW,CE,Towers with Radar,170,111,179,7,467,0,13,172,35,220,170,124,351,42,687,24,2,26,713
05/28/2003,SAT,TX,ASW,CE,Towers with Radar,168,132,118,12,430,0,43,302,26,371,168,175,420,38,801,36,20,56,857
05/29/2003,SAT,TX,ASW,CE,Towers with Radar,171,117,106,9,403,0,56,401,16,473,171,173,507,25,876,30,8,38,914
05/30/2003,SAT,TX,ASW,CE,Towers with Radar,194,137,102,6,439,0,32,390,22,444,194,169,492,28,883,8,0,8,891
05/31/2003,SAT,TX,ASW,CE,Towers with Radar,153,89,54,1,297,0,9,325,54,388,153,98,379,55,685,12,0,12,697
06/01/2003,SAT,TX,ASW,CE,Towers with Radar,162,71,83,14,330,0,4,187,37,228,162,75,270,51,558,8,6,14,572
06/02/2003,SAT,TX,ASW,CE,Towers with Radar,178,103,108,14,403,0,32,221,45,298,178,135,329,59,701,0,8,8,709
06/03/2003,SAT,TX,ASW,CE,Towers with Radar,200,126,133,3,462,0,49,194,27,270,200,175,327,30,732,36,2,38,770
06/04/2003,SAT,TX,ASW,CE,Towers with Radar,197,125,126,15,463,0,49,283,34,366,197,174,409,49,829,24,4,28,857
06/05/2003,SAT,TX,ASW,CE,Towers with Radar,212,136,126,16,490,0,27,158,18,203,212,163,284,34,693,0,0,0,693
06/06/2003,SAT,TX,ASW,CE,Towers with Radar,209,139,141,3,492,0,82,242,27,351,209,221,383,30,843,12,0,12,855
06/07/2003,SAT,TX,ASW,CE,Towers with Radar,165,89,86,6,346,0,28,285,43,356,165,117,371,49,702,18,2,20,722
06/08/2003,SAT,TX,ASW,CE,Towers with Radar,161,82,107,0,350,1,15,156,36,208,162,97,263,36,558,16,0,16,574
06/09/2003,SAT,TX,ASW,CE,Towers with Radar,188,103,124,9,424,0,29,243,31,303,188,132,367,40,727,16,4,20,747
06/10/2003,SAT,TX,ASW,CE,Towers with Radar,195,125,99,8,427,0,16,221,28,265,195,141,320,36,692,48,4,52,744
06/11/2003,SAT,TX,ASW,CE,Towers with Radar,205,156,157,10,528,0,52,258,62,372,205,208,415,72,900,18,4,22,922
06/12/2003,SAT,TX,ASW,CE,Towers with Radar,208,148,142,14,512,0,41,233,24,298,208,189,375,38,810,26,20,46,856
06/13/2003,SAT,TX,ASW,CE,Towers with Radar,209,112,138,12,471,1,49,172,45,267,210,161,310,57,738,6,10,16,754
06/14/2003,SAT,TX,ASW,CE,Towers with Radar,192,88,85,1,366,0,13,237,30,280,192,101,322,31,646,14,0,14,660
06/15/2003,SAT,TX,ASW,CE,Towers with Radar,175,78,94,2,349,0,11,112,30,153,175,89,206,32,502,2,0,2,504
06/16/2003,SAT,TX,ASW,CE,Towers with Radar,196,117,135,5,453,0,60,269,23,352,196,177,404,28,805,10,4,14,819
06/17/2003,SAT,TX,ASW,CE,Towers with Radar,208,137,126,3,474,0,50,279,36,365,208,187,405,39,839,58,2,60,899
06/18/2003,SAT,TX,ASW,CE,Towers with Radar,204,130,139,11,484,0,50,332,41,423,204,180,471,52,907,6,10,16,923
06/19/2003,SAT,TX,ASW,CE,Towers with Radar,212,138,132,12,494,0,76,290,29,395,212,214,422,41,889,16,0,16,905
06/20/2003,SAT,TX,ASW,CE,Towers with Radar,184,101,107,4,396,0,34,340,26,400,184,135,447,30,796,4,4,8,804
06/21/2003,SAT,TX,ASW,CE,Towers with Radar,175,80,65,17,337,0,20,291,20,331,175,100,356,37,668,6,6,12,680
06/22/2003,SAT,TX,ASW,CE,Towers with Radar,172,66,93,11,342,0,14,158,17,189,172,80,251,28,531,20,4,24,555
06/23/2003,SAT,TX,ASW,CE,Towers with Radar,200,102,111,3,416,0,48,211,22,281,200,150,322,25,697,4,2,6,703
06/24/2003,SAT,TX,ASW,CE,Towers with Radar,209,138,136,10,493,0,19,249,21,289,209,157,385,31,782,4,2,6,788
06/25/2003,SAT,TX,ASW,CE,Towers with Radar,207,133,180,18,538,0,34,246,14,294,207,167,426,32,832,44,14,58,890
06/26/2003,SAT,TX,ASW,CE,Towers with Radar,219,131,145,12,507,0,53,339,32,424,219,184,484,44,931,14,8,22,953
06/27/2003,SAT,TX,ASW,CE,Towers with Radar,211,140,165,12,528,0,86,270,37,393,211,226,435,49,921,14,6,20,941
06/28/2003,SAT,TX,ASW,CE,Towers with Radar,180,77,98,6,361,0,10,292,50,352,180,87,390,56,713,10,0,10,723
06/29/2003,SAT,TX,ASW,CE,Towers with Radar,175,86,111,9,381,0,5,228,32,265,175,91,339,41,646,6,4,10,656
06/30/2003,SAT,TX,ASW,CE,Towers with Radar,196,108,112,16,432,0,38,210,34,282,196,146,322,50,714,18,6,24,738
07/01/2003,SAT,TX,ASW,CE,Towers with Radar,202,133,113,8,456,0,59,305,60,424,202,192,418,68,880,56,2,58,938
07/02/2003,SAT,TX,ASW,CE,Towers with Radar,200,131,116,12,459,0,60,235,32,327,200,191,351,44,786,16,2,18,804
07/03/2003,SAT,TX,ASW,CE,Towers with Radar,218,129,88,4,439,1,83,271,37,392,219,212,359,41,831,36,2,38,869
07/04/2003,SAT,TX,ASW,CE,Towers with Radar,155,71,58,8,292,0,34,121,40,195,155,105,179,48,487,12,0,12,499
07/05/2003,SAT,TX,ASW,CE,Towers with Radar,146,71,46,0,263,0,20,76,28,124,146,91,122,28,387,0,0,0,387
07/06/2003,SAT,TX,ASW,CE,Towers with Radar,177,60,81,7,325,0,6,83,12,101,177,66,164,19,426,12,0,12,438
07/07/2003,SAT,TX,ASW,CE,Towers with Radar,191,124,107,8,430,1,55,131,16,203,192,179,238,24,633,58,2,60,693
07/08/2003,SAT,TX,ASW,CE,Towers with Radar,194,115,120,5,434,0,73,84,19,176,194,188,204,24,610,16,0,16,626
07/09/2003,SAT,TX,ASW,CE,Towers with Radar,202,141,195,13,551,0,41,167,21,229,202,182,362,34,780,6,6,12,792
07/10/2003,SAT,TX,ASW,CE,Towers with Radar,213,125,176,8,522,0,79,318,39,436,213,204,494,47,958,38,10,48,1006
07/11/2003,SAT,TX,ASW,CE,Towers with Radar,210,129,105,8,452,1,46,337,27,411,211,175,442,35,863,14,0,14,877
07/12/2003,SAT,TX,ASW,CE,Towers with Radar,180,87,54,7,328,0,41,311,54,406,180,128,365,61,734,20,2,22,756
07/13/2003,SAT,TX,ASW,CE,Towers with Radar,179,71,67,4,321,0,30,238,37,305,179,101,305,41,626,18,0,18,644
07/14/2003,SAT,TX,ASW,CE,Towers with Radar,191,112,95,8,406,0,78,332,44,454,191,190,427,52,860,28,2,30,890
07/15/2003,SAT,TX,ASW,CE,Towers with Radar,212,108,97,2,419,0,24,176,30,230,212,132,273,32,649,0,0,0,649
07/16/2003,SAT,TX,ASW,CE,Towers with Radar,207,118,90,4,419,0,19,64,8,91,207,137,154,12,510,4,2,6,516
07/17/2003,SAT,TX,ASW,CE,Towers with Radar,210,131,149,17,507,0,29,111,19,159,210,160,260,36,666,12,4,16,682
07/18/2003,SAT,TX,ASW,CE,Towers with Radar,210,131,130,11,482,0,70,291,46,407,210,201,421,57,889,14,2,16,905
07/19/2003,SAT,TX,ASW,CE,Towers with Radar,182,79,92,6,359,0,28,298,63,389,182,107,390,69,748,14,0,14,762
07/20/2003,SAT,TX,ASW,CE,Towers with Radar,172,78,81,3,334,0,7,252,35,294,172,85,333,38,628,18,0,18,646
07/21/2003,SAT,TX,ASW,CE,Towers with Radar,194,100,104,7,405,0,70,272,33,375,194,170,376,40,780,6,0,6,786
07/22/2003,SAT,TX,ASW,CE,Towers with Radar,207,118,149,13,487,0,57,297,34,388,207,175,446,47,875,42,2,44,919
07/23/2003,SAT,TX,ASW,CE,Towers with Radar,205,143,159,7,514,0,29,161,8,198,205,172,320,15,712,8,4,12,724
07/24/2003,SAT,TX,ASW,CE,Towers with Radar,213,135,176,20,544,0,50,309,33,392,213,185,485,53,936,10,18,28,964
07/25/2003,SAT,TX,ASW,CE,Towers with Radar,212,122,156,15,505,0,59,286,44,389,212,181,442,59,894,8,0,8,902
07/26/2003,SAT,TX,ASW,CE,Towers with Radar,179,72,101,3,355,0,21,224,39,284,179,93,325,42,639,4,2,6,645
07/27/2003,SAT,TX,ASW,CE,Towers with Radar,175,73,97,3,348,0,10,188,30,228,175,83,285,33,576,14,0,14,590
07/28/2003,SAT,TX,ASW,CE,Towers with Radar,191,121,106,12,430,0,33,177,46,256,191,154,283,58,686,32,4,36,722
07/29/2003,SAT,TX,ASW,CE,Towers with Radar,209,126,159,19,513,0,57,244,16,317,209,183,403,35,830,26,6,32,862
07/30/2003,SAT,TX,ASW,CE,Towers with Radar,180,94,134,10,418,0,30,252,19,301,180,124,386,29,719,18,0,18,737
07/31/2003,SAT,TX,ASW,CE,Towers with Radar,212,138,137,12,499,0,67,249,42,358,212,205,386,54,857,12,18,30,887
08/01/2003,SAT,TX,ASW,CE,Towers with Radar,207,126,149,28,510,0,32,278,54,364,207,158,427,82,874,12,10,22,896
08/02/2003,SAT,TX,ASW,CE,Towers with Radar,146,73,98,11,328,0,15,215,31,261,146,88,313,42,589,10,2,12,601
08/03/2003,SAT,TX,ASW,CE,Towers with Radar,174,60,102,9,345,1,19,146,28,194,175,79,248,37,539,8,0,8,547
08/04/2003,SAT,TX,ASW,CE,Towers with Radar,196,98,119,15,428,0,48,234,31,313,196,146,353,46,741,38,10,48,789
08/05/2003,SAT,TX,ASW,CE,Towers with Radar,213,122,122,18,475,0,55,273,33,361,213,177,395,51,836,12,2,14,850
08/06/2003,SAT,TX,ASW,CE,Towers with Radar,219,123,161,10,513,0,54,315,37,406,219,177,476,47,919,10,4,14,933
08/07/2003,SAT,TX,ASW,CE,Towers with Radar,216,137,134,18,505,0,85,288,42,415,216,222,422,60,920,6,8,14,934
08/08/2003,SAT,TX,ASW,CE,Towers with Radar,213,126,131,8,478,0,88,309,50,447,213,214,440,58,925,8,0,8,933
08/09/2003,SAT,TX,ASW,CE,Towers with Radar,181,85,82,5,353,0,15,237,32,284,181,100,319,37,637,8,0,8,645
08/10/2003,SAT,TX,ASW,CE,Towers with Radar,175,73,107,5,360,0,12,165,24,201,175,85,272,29,561,8,0,8,569
08/11/2003,SAT,TX,ASW,CE,Towers with Radar,196,88,93,6,383,1,35,192,20,248,197,123,285,26,631,10,4,14,645
08/12/2003,SAT,TX,ASW,CE,Towers with Radar,185,108,121,13,427,0,49,173,25,247,185,157,294,38,674,34,12,46,720
08/13/2003,SAT,TX,ASW,CE,Towers with Radar,180,106,119,15,420,1,48,227,23,299,181,154,346,38,719,48,0,48,767
08/14/2003,SAT,TX,ASW,CE,Towers with Radar,210,129,143,5,487,0,67,154,39,260,210,196,297,44,747,20,2,22,769
08/15/2003,SAT,TX,ASW,CE,Towers with Radar,219,122,125,10,476,0,31,297,37,365,219,153,422,47,841,8,2,10,851
08/16/2003,SAT,TX,ASW,CE,Towers with Radar,173,92,57,4,326,1,28,152,19,200,174,120,209,23,526,4,0,4,530
08/17/2003,SAT,TX,ASW,CE,Towers with Radar,172,72,89,7,340,0,9,210,31,250,172,81,299,38,590,36,0,36,626
08/18/2003,SAT,TX,ASW,CE,Towers with Radar,198,97,101,14,410,0,66,286,60,412,198,163,387,74,822,10,4,14,836
08/19/2003,SAT,TX,ASW,CE,Towers with Radar,211,110,131,10,462,0,34,286,35,355,211,144,417,45,817,6,0,6,823
08/20/2003,SAT,TX,ASW,CE,Towers with Radar,204,130,136,13,483,0,46,282,33,361,204,176,418,46,844,8,4,12,856
08/21/2003,SAT,TX,ASW,CE,Towers with Radar,207,132,130,29,498,0,41,269,12,322,207,173,399,41,820,70,2,72,892
08/22/2003,SAT,TX,ASW,CE,Towers with Radar,183,160,122,8,473,0,78,198,22,298,183,238,320,30,771,70,14,84,855
08/23/2003,SAT,TX,ASW,CE,Towers with Radar,150,106,66,2,324,0,17,198,33,248,150,123,264,35,572,16,0,16,588
08/24/2003,SAT,TX,ASW,CE,Towers with Radar,143,97,79,9,328,0,5,190,31,226,143,102,269,40,554,14,0,14,568
08/25/2003,SAT,TX,ASW,CE,Towers with Radar,162,125,112,8,407,0,58,202,14,274,162,183,314,22,681,16,8,24,705
08/26/2003,SAT,TX,ASW,CE,Towers with Radar,183,165,131,9,488,0,65,308,12,385,183,230,439,21,873,14,8,22,895
08/27/2003,SAT,TX,ASW,CE,Towers with Radar,181,159,148,9,497,0,86,295,35,416,181,245,443,44,913,26,2,28,941
08/28/2003,SAT,TX,ASW,CE,Towers with Radar,173,157,181,8,519,0,38,275,34,347,173,195,456,42,866,24,6,30,896
08/29/2003,SAT,TX,ASW,CE,Towers with Radar,175,156,144,3,478,0,46,336,69,451,175,202,480,72,929,6,4,10,939
08/30/2003,SAT,TX,ASW,CE,Towers with Radar,146,114,97,4,361,0,15,244,49,308,146,129,341,53,669,18,4,22,691
08/31/2003,SAT,TX,ASW,CE,Towers with Radar,126,73,56,1,256,0,2,114,44,160,126,75,170,45,416,12,2,14,430
09/01/2003,SAT,TX,ASW,CE,Towers with Radar,135,96,80,3,314,0,13,126,31,170,135,109,206,34,484,14,0,14,498
09/02/2003,SAT,TX,ASW,CE,Towers with Radar,154,148,106,19,427,1,30,142,32,205,155,178,248,51,632,36,12,48,680
09/03/2003,SAT,TX,ASW,CE,Towers with Radar,172,158,122,9,461,0,69,133,27,229,172,227,255,36,690,20,0,20,710
09/04/2003,SAT,TX,ASW,CE,Towers with Radar,174,150,123,6,453,0,55,198,41,294,174,205,321,47,747,32,2,34,781
09/05/2003,SAT,TX,ASW,CE,Towers with Radar,183,153,118,8,462,0,51,199,27,277,183,204,317,35,739,28,4,32,771
09/06/2003,SAT,TX,ASW,CE,Towers with Radar,148,100,92,6,346,0,22,282,34,338,148,122,374,40,684,4,0,4,688
09/07/2003,SAT,TX,ASW,CE,Towers with Radar,141,102,81,5,329,0,13,257,24,294,141,115,338,29,623,10,0,10,633
09/08/2003,SAT,TX,ASW,CE,Towers with Radar,153,139,88,10,390,0,48,241,24,313,153,187,329,34,703,18,4,22,725
09/09/2003,SAT,TX,ASW,CE,Towers with Radar,145,142,144,10,441,0,43,183,28,254,145,185,327,38,695,32,4,36,731
09/10/2003,SAT,TX,ASW,CE,Towers with Radar,171,172,172,6,521,1,30,222,34,287,172,202,394,40,808,20,2,22,830
09/11/2003,SAT,TX,ASW,CE,Towers with Radar,179,153,159,16,507,0,48,138,38,224,179,201,297,54,731,8,4,12,743
09/12/2003,SAT,TX,ASW,CE,Towers with Radar,185,163,137,11,496,0,37,216,23,276,185,200,353,34,772,14,2,16,788
09/13/2003,SAT,TX,ASW,CE,Towers with Radar,143,115,77,4,339,0,28,288,29,345,143,143,365,33,684,20,0,20,704
09/14/2003,SAT,TX,ASW,CE,Towers with Radar,151,96,97,7,351,0,9,75,5,89,151,105,172,12,440,2,2,4,444
09/15/2003,SAT,TX,ASW,CE,Towers with Radar,163,133,113,12,421,0,46,245,32,323,163,179,358,44,744,22,4,26,770
09/16/2003,SAT,TX,ASW,CE,Towers with Radar,175,161,192,7,535,0,59,165,26,250,175,220,357,33,785,14,2,16,801
09/17/2003,SAT,TX,ASW,CE,Towers with Radar,171,154,156,11,492,0,23,188,16,227,171,177,344,27,719,20,6,26,745
09/18/2003,SAT,TX,ASW,CE,Towers with Radar,180,148,143,10,481,0,61,73,22,156,180,209,216,32,637,24,12,36,673
09/19/2003,SAT,TX,ASW,CE,Towers with Radar,182,166,157,10,515,1,47,285,40,373,183,213,442,50,888,10,4,14,902
09/20/2003,SAT,TX,ASW,CE,Towers with Radar,141,123,84,5,353,0,20,119,27,166,141,143,203,32,519,6,0,6,525
09/21/2003,SAT,TX,ASW,CE,Towers with Radar,142,117,130,3,392,0,0,20,5,25,142,117,150,8,417,6,0,6,423
09/22/2003,SAT,TX,ASW,CE,Towers with Radar,153,165,130,17,465,0,43,216,23,282,153,208,346,40,747,30,6,36,783
09/23/2003,SAT,TX,ASW,CE,Towers with Radar,183,163,122,4,472,1,83,298,26,408,184,246,420,30,880,28,0,28,908
09/24/2003,SAT,TX,ASW,CE,Towers with Radar,175,172,192,22,561,0,58,279,36,373,175,230,471,58,934,12,8,20,954
09/25/2003,SAT,TX,ASW,CE,Towers with Radar,177,176,211,11,575,0,105,260,38,403,177,281,471,49,978,14,8,22,1000
09/26/2003,SAT,TX,ASW,CE,Towers with Radar,184,154,171,2,511,0,59,248,33,340,184,213,419,35,851,6,0,6,857
09/27/2003,SAT,TX,ASW,CE,Towers with Radar,136,110,104,3,353,0,17,283,28,328,136,127,387,31,681,10,2,12,693
09/28/2003,SAT,TX,ASW,CE,Towers with Radar,149,108,97,2,356,0,19,216,19,254,149,127,313,21,610,8,0,8,618
09/29/2003,SAT,TX,ASW,CE,Towers with Radar,160,137,140,8,445,0,46,283,20,349,160,183,423,28,794,18,10,28,822
09/30/2003,SAT,TX,ASW,CE,Towers with Radar,170,159,96,13,438,0,67,309,38,414,170,226,405,51,852,10,4,14,866
10/01/2003,SAT,TX,ASW,CE,Towers with Radar,173,159,141,16,489,0,59,351,50,460,173,218,492,66,949,8,2,10,959
10/02/2003,SAT,TX,ASW,CE,Towers with Radar,180,169,116,13,478,1,95,368,35,499,181,264,484,48,977,20,2,22,999
10/03/2003,SAT,TX,ASW,CE,Towers with Radar,176,154,158,15,503,0,54,317,64,435,176,208,475,79,938,32,4,36,974
10/04/2003,SAT,TX,ASW,CE,Towers with Radar,139,112,116,9,376,0,20,127,44,191,139,132,243,53,567,24,2,26,593
10/05/2003,SAT,TX,ASW,CE,Towers with Radar,147,110,152,9,418,0,8,120,24,152,147,118,272,33,570,10,2,12,582
10/06/2003,SAT,TX,ASW,CE,Towers with Radar,150,151,135,27,463,0,41,175,32,248,150,192,310,59,711,16,16,32,743
10/07/2003,SAT,TX,ASW,CE,Towers with Radar,182,158,169,12,521,0,36,140,29,205,182,194,309,41,726,42,14,56,782
10/08/2003,SAT,TX,ASW,CE,Towers with Radar,170,151,150,10,481,0,29,99,68,196,170,180,249,78,677,26,4,30,707
10/09/2003,SAT,TX,ASW,CE,Towers with Radar,177,161,183,12,533,0,51,106,16,173,177,212,289,28,706,18,8,26,732
10/10/2003,SAT,TX,ASW,CE,Towers with Radar,183,158,209,13,563,0,65,130,54,249,183,223,339,67,812,38,0,38,850
10/11/2003,SAT,TX,ASW,CE,Towers with Radar,139,115,136,2,392,0,10,72,20,102,139,125,208,22,494,10,0,10,504
10/12/2003,SAT,TX,ASW,CE,Towers with Radar,153,91,115,4,363,0,1,63,14,78,153,92,178,18,441,4,2,6,447
10/13/2003,SAT,TX,ASW,CE,Towers with Radar,163,142,133,4,442,0,16,113,36,165,163,158,246,40,607,30,6,36,643
10/14/2003,SAT,TX,ASW,CE,Towers with Radar,183,147,154,10,494,2,50,159,33,244,185,197,313,43,738,14,10,24,762
10/15/2003,SAT,TX,ASW,CE,Towers with Radar,179,167,138,11,495,1,72,370,39,482,180,239,508,50,977,52,10,62,1039
10/16/2003,SAT,TX,ASW,CE,Towers with Radar,180,175,204,15,574,0,45,284,56,385,180,220,488,71,959,26,2,28,987
10/17/2003,SAT,TX,ASW,CE,Towers with Radar,172,170,190,20,552,0,48,312,52,412,172,218,502,72,964,4,0,4,968
10/18/2003,SAT,TX,ASW,CE,Towers with Radar,143,123,105,8,379,0,13,340,60,413,143,136,445,68,792,16,0,16,808
10/19/2003,SAT,TX,ASW,CE,Towers with Radar,148,128,140,2,418,0,38,237,33,308,148,166,377,35,726,10,0,10,736
10/20/2003,SAT,TX,ASW,CE,Towers with Radar,162,137,120,7,426,2,28,304,17,351,164,165,424,24,777,16,2,18,795
10/21/2003,SAT,TX,ASW,CE,Towers with Radar,184,156,155,15,510,2,35,314,46,397,186,191,469,61,907,14,2,16,923
10/22/2003,SAT,TX,ASW,CE,Towers with Radar,172,166,166,12,516,0,58,343,42,443,172,224,509,54,959,8,6,14,973
10/23/2003,SAT,TX,ASW,CE,Towers with Radar,186,150,115,16,467,0,47,318,26,391,186,197,433,42,858,20,10,30,888
10/24/2003,SAT,TX,ASW,CE,Towers with Radar,177,149,123,15,464,0,72,357,42,471,177,221,480,57,935,22,8,30,965
10/25/2003,SAT,TX,ASW,CE,Towers with Radar,140,119,118,15,392,0,6,135,40,181,140,125,253,55,573,8,0,8,581
10/26/2003,SAT,TX,ASW,CE,Towers with Radar,125,114,105,2,346,0,1,98,35,134,125,115,203,37,480,10,0,10,490
10/27/2003,SAT,TX,ASW,CE,Towers with Radar,152,149,119,11,431,0,102,230,37,369,152,251,349,48,800,50,4,54,854
10/28/2003,SAT,TX,ASW,CE,Towers with Radar,178,151,132,16,477,0,52,328,37,417,178,203,460,53,894,44,4,48,942
10/29/2003,SAT,TX,ASW,CE,Towers with Radar,167,165,130,11,473,1,55,324,45,425,168,220,454,56,898,44,6,50,948
10/30/2003,SAT,TX,ASW,CE,Towers with Radar,173,164,165,17,519,0,19,95,39,153,173,183,260,56,672,16,4,20,692
10/31/2003,SAT,TX,ASW,CE,Towers with Radar,178,171,197,20,566,0,39,191,29,259,178,210,388,49,825,16,8,24,849
11/01/2003,SAT,TX,ASW,CE,Towers with Radar,144,121,96,8,369,0,16,155,49,220,144,137,251,57,589,38,0,38,627
11/02/2003,SAT,TX,ASW,CE,Towers with Radar,142,117,113,4,376,1,18,126,17,162,143,135,239,21,538,40,4,44,582
11/03/2003,SAT,TX,ASW,CE,Towers with Radar,156,136,156,13,461,0,52,139,24,215,156,188,295,37,676,18,2,20,696
11/04/2003,SAT,TX,ASW,CE,Towers with Radar,178,155,181,17,531,0,37,216,52,305,178,192,397,69,836,14,0,14,850
11/05/2003,SAT,TX,ASW,CE,Towers with Radar,164,167,179,14,524,0,63,174,16,253,164,230,353,30,777,20,2,22,799
11/06/2003,SAT,TX,ASW,CE,Towers with Radar,178,170,223,12,583,0,12,152,26,190,178,182,375,38,773,16,6,22,795
11/07/2003,SAT,TX,ASW,CE,Towers with Radar,177,169,240,3,589,0,4,46,9,59,177,173,286,12,648,16,0,16,664
11/08/2003,SAT,TX,ASW,CE,Towers with Radar,144,135,113,1,393,0,17,60,10,87,144,152,173,11,480,6,0,6,486
11/09/2003,SAT,TX,ASW,CE,Towers with Radar,140,126,145,1,412,0,0,17,2,19,140,126,162,3,431,2,0,2,433
11/10/2003,SAT,TX,ASW,CE,Towers with Radar,160,131,158,16,465,0,28,124,8,160,160,159,282,24,625,28,2,30,655
11/11/2003,SAT,TX,ASW,CE,Towers with Radar,174,147,195,11,527,0,80,169,28,277,174,227,364,39,804,8,8,16,820
11/12/2003,SAT,TX,ASW,CE,Towers with Radar,172,164,167,10,513,0,73,227,20,320,172,237,394,30,833,26,2,28,861
11/13/2003,SAT,TX,ASW,CE,Towers with Radar,181,182,190,11,564,0,115,207,39,361,181,297,397,50,925,6,0,6,931
11/14/2003,SAT,TX,ASW,CE,Towers with Radar,173,168,207,16,564,0,126,190,37,353,173,294,397,53,917,12,6,18,935
11/15/2003,SAT,TX,ASW,CE,Towers with Radar,144,128,121,2,395,0,11,92,32,135,144,139,213,34,530,6,0,6,536
11/16/2003,SAT,TX,ASW,CE,Towers with Radar,132,107,115,5,359,0,0,151,25,176,132,107,266,30,535,26,2,28,563
11/17/2003,SAT,TX,ASW,CE,Towers with Radar,149,154,111,15,429,2,32,90,26,150,151,186,201,41,579,4,4,8,587
11/18/2003,SAT,TX,ASW,CE,Towers with Radar,138,137,144,19,438,0,57,201,34,292,138,194,345,53,730,28,12,40,770
11/19/2003,SAT,TX,ASW,CE,Towers with Radar,177,168,191,14,550,0,121,352,42,515,177,289,543,56,1065,14,2,16,1081
11/20/2003,SAT,TX,ASW,CE,Towers with Radar,178,192,181,22,573,1,97,361,59,518,179,289,542,81,1091,32,2,34,1125
11/21/2003,SAT,TX,ASW,CE,Towers with Radar,180,174,156,19,529,0,78,422,37,537,180,252,578,56,1066,10,4,14,1080
11/22/2003,SAT,TX,ASW,CE,Towers with Radar,141,145,103,10,399,0,29,318,46,393,141,174,421,56,792,20,2,22,814
11/23/2003,SAT,TX,ASW,CE,Towers with Radar,137,102,112,3,354,0,18,139,36,193,137,120,251,39,547,6,0,6,553
11/24/2003,SAT,TX,ASW,CE,Towers with Radar,156,136,131,8,431,0,74,278,43,395,156,210,409,51,826,40,2,42,868
11/25/2003,SAT,TX,ASW,CE,Towers with Radar,166,177,111,6,460,0,65,305,36,406,166,242,416,42,866,68,4,72,938
11/26/2003,SAT,TX,ASW,CE,Towers with Radar,172,192,147,9,520,0,58,203,28,289,172,250,350,37,809,36,0,36,845
11/27/2003,SAT,TX,ASW,CE,Towers with Radar,129,117,43,0,289,0,25,94,23,142,129,142,137,23,431,0,0,0,431
11/28/2003,SAT,TX,ASW,CE,Towers with Radar,123,99,72,3,297,0,33,320,37,390,123,132,392,40,687,6,0,6,693
11/29/2003,SAT,TX,ASW,CE,Towers with Radar,130,123,78,0,331,0,25,266,46,337,130,148,344,46,668,12,0,12,680
11/30/2003,SAT,TX,ASW,CE,Towers with Radar,138,117,126,2,383,0,2,185,25,212,138,119,311,27,595,14,0,14,609
12/01/2003,SAT,TX,ASW,CE,Towers with Radar,152,142,161,9,464,0,41,170,35,246,152,183,331,44,710,2,0,2,712
12/02/2003,SAT,TX,ASW,CE,Towers with Radar,167,173,125,26,491,0,51,222,45,318,167,224,347,71,809,32,14,46,855
12/03/2003,SAT,TX,ASW,CE,Towers with Radar,166,171,151,7,495,0,40,187,22,249,166,211,338,29,744,4,0,4,748
12/04/2003,SAT,TX,ASW,CE,Towers with Radar,186,186,134,14,520,0,116,276,37,429,186,302,410,51,949,22,2,24,973
12/05/2003,SAT,TX,ASW,CE,Towers with Radar,169,172,158,20,519,1,62,257,35,355,170,234,415,55,874,6,2,8,882
12/06/2003,SAT,TX,ASW,CE,Towers with Radar,133,149,103,11,396,2,26,316,44,388,135,175,419,55,784,26,2,28,812
12/07/2003,SAT,TX,ASW,CE,Towers with Radar,136,119,90,4,349,0,8,226,38,272,136,127,316,42,621,22,2,24,645
12/08/2003,SAT,TX,ASW,CE,Towers with Radar,146,157,157,10,470,0,42,259,30,331,146,199,416,40,801,14,6,20,821
12/09/2003,SAT,TX,ASW,CE,Towers with Radar,173,164,166,13,516,0,19,145,36,200,173,183,311,49,716,22,6,28,744
12/10/2003,SAT,TX,ASW,CE,Towers with Radar,165,191,170,22,548,1,47,341,36,425,166,238,511,58,973,14,4,18,991
12/11/2003,SAT,TX,ASW,CE,Towers with Radar,170,185,169,15,539,1,62,328,32,423,171,247,497,47,962,20,4,24,986
12/12/2003,SAT,TX,ASW,CE,Towers with Radar,164,174,207,9,554,0,3,40,22,65,164,177,247,31,619,12,4,16,635
12/13/2003,SAT,TX,ASW,CE,Towers with Radar,140,139,96,3,378,0,17,191,25,233,140,156,287,28,611,18,0,18,629
12/14/2003,SAT,TX,ASW,CE,Towers with Radar,140,119,75,1,335,1,18,211,27,257,141,137,286,28,592,14,0,14,606
12/15/2003,SAT,TX,ASW,CE,Towers with Radar,145,146,118,9,418,1,49,261,22,333,146,195,379,31,751,10,2,12,763
12/16/2003,SAT,TX,ASW,CE,Towers with Radar,173,164,120,13,470,0,56,227,65,348,173,220,347,78,818,20,0,20,838
12/17/2003,SAT,TX,ASW,CE,Towers with Radar,142,155,111,8,416,0,95,290,22,407,142,250,401,30,823,0,0,0,823
12/18/2003,SAT,TX,ASW,CE,Towers with Radar,178,175,124,13,490,0,86,284,52,422,178,261,408,65,912,6,2,8,920
12/19/2003,SAT,TX,ASW,CE,Towers with Radar,157,181,124,14,476,2,80,299,48,429,159,261,423,62,905,16,0,16,921
12/20/2003,SAT,TX,ASW,CE,Towers with Radar,144,140,113,4,401,0,33,230,29,292,144,173,343,33,693,8,0,8,701
12/21/2003,SAT,TX,ASW,CE,Towers with Radar,139,117,88,3,347,0,4,141,26,171,139,121,229,29,518,0,0,0,518
12/22/2003,SAT,TX,ASW,CE,Towers with Radar,156,138,119,6,419,0,17,148,21,186,156,155,267,27,605,10,0,10,615
12/23/2003,SAT,TX,ASW,CE,Towers with Radar,180,167,92,8,447,0,39,229,49,317,180,206,321,57,764,8,0,8,772
12/24/2003,SAT,TX,ASW,CE,Towers with Radar,137,162,43,2,344,1,26,246,34,307,138,188,289,36,651,14,0,14,665
12/25/2003,SAT,TX,ASW,CE,Towers with Radar,109,93,42,2,246,1,13,101,30,145,110,106,143,32,391,0,0,0,391
12/26/2003,SAT,TX,ASW,CE,Towers with Radar,139,137,132,0,408,0,25,69,13,107,139,162,201,13,515,2,0,2,517
12/27/2003,SAT,TX,ASW,CE,Towers with Radar,142,130,105,2,379,0,10,75,33,118,142,140,180,35,497,10,0,10,507
12/28/2003,SAT,TX,ASW,CE,Towers with Radar,136,116,88,2,342,0,2,94,28,124,136,118,182,30,466,6,0,6,472
12/29/2003,SAT,TX,ASW,CE,Towers with Radar,158,133,94,6,391,0,42,211,15,268,158,175,305,21,659,12,0,12,671
12/30/2003,SAT,TX,ASW,CE,Towers with Radar,179,172,109,5,465,1,37,283,24,345,180,209,392,29,810,30,0,30,840
12/31/2003,SAT,TX,ASW,CE,Towers with Radar,150,148,142,9,449,0,48,173,40,261,150,196,315,49,710,6,0,6,716
01/01/2004,SAT,TX,ASW,CE,Towers with Radar,109,107,60,2,278,0,1,44,20,65,109,108,104,22,343,12,0,12,355
01/02/2004,SAT,TX,ASW,CE,Towers with Radar,136,146,126,4,412,0,30,148,22,200,136,176,274,26,612,10,0,10,622
01/03/2004,SAT,TX,ASW,CE,Towers with Radar,141,123,97,3,364,0,13,122,31,166,141,136,219,34,530,20,0,20,550
01/04/2004,SAT,TX,ASW,CE,Towers with Radar,138,110,129,5,382,1,19,136,32,188,139,129,265,37,570,4,0,4,574
01/05/2004,SAT,TX,ASW,CE,Towers with Radar,148,123,113,5,389,0,45,134,30,209,148,168,247,35,598,22,0,22,620
01/06/2004,SAT,TX,ASW,CE,Towers with Radar,167,144,138,15,464,0,48,175,27,250,167,192,313,42,714,36,0,36,750
01/07/2004,SAT,TX,ASW,CE,Towers with Radar,178,146,136,9,469,0,25,156,32,213,178,171,292,41,682,0,0,0,682
01/08/2004,SAT,TX,ASW,CE,Towers with Radar,177,160,131,10,478,0,14,134,15,163,177,174,265,25,641,20,0,20,661
01/09/2004,SAT,TX,ASW,CE,Towers with Radar,167,175,118,12,472,0,71,295,53,419,167,246,413,65,891,8,0,8,899
01/10/2004,SAT,TX,ASW,CE,Towers with Radar,143,112,44,0,299,0,28,280,32,340,143,140,324,32,639,6,0,6,645
01/11/2004,SAT,TX,ASW,CE,Towers with Radar,134,109,78,4,325,0,11,228,44,283,134,120,306,48,608,36,0,36,644
01/12/2004,SAT,TX,ASW,CE,Towers with Radar,152,137,105,9,403,0,19,200,41,260,152,156,305,50,663,24,8,32,695
01/13/2004,SAT,TX,ASW,CE,Towers with Radar,164,156,132,12,464,0,35,159,37,231,164,191,291,49,695,12,4,16,711
01/14/2004,SAT,TX,ASW,CE,Towers with Radar,165,157,153,7,482,0,8,66,26,100,165,165,219,33,582,6,2,8,590
01/15/2004,SAT,TX,ASW,CE,Towers with Radar,160,165,129,2,456,0,0,6,2,8,160,165,135,4,464,6,0,6,470
01/16/2004,SAT,TX,ASW,CE,Towers with Radar,131,124,113,4,372,0,0,14,6,20,131,124,127,10,392,4,0,4,396
01/17/2004,SAT,TX,ASW,CE,Towers with Radar,131,119,69,4,323,0,5,89,32,126,131,124,158,36,449,8,0,8,457
01/18/2004,SAT,TX,ASW,CE,Towers with Radar,221,87,121,6,435,0,28,37,0,65,221,115,158,6,500,6,0,6,506
01/19/2004,SAT,TX,ASW,CE,Towers with Radar,284,106,170,10,570,0,16,263,3,282,284,122,433,13,852,42,0,42,894
01/20/2004,SAT,TX,ASW,CE,Towers with Radar,264,98,139,27,528,0,22,218,2,242,264,120,357,29,770,20,0,20,790
01/21/2004,SAT,TX,ASW,CE,Towers with Radar,262,109,181,12,564,0,14,93,2,109,262,123,274,14,673,10,6,16,689
01/22/2004,SAT,TX,ASW,CE,Towers with Radar,264,95,161,8,528,0,16,104,3,123,264,111,265,11,651,4,0,4,655
01/23/2004,SAT,TX,ASW,CE,Towers with Radar,235,101,149,6,491,0,10,47,4,61,235,111,196,10,552,0,2,2,554
01/24/2004,SAT,TX,ASW,CE,Towers with Radar,184,91,83,3,361,0,3,7,0,10,184,94,90,3,371,6,0,6,377
01/25/2004,SAT,TX,ASW,CE,Towers with Radar,182,65,88,5,340,0,21,140,14,175,182,86,228,19,515,6,0,6,521
01/26/2004,SAT,TX,ASW,CE,Towers with Radar,202,66,68,14,350,0,17,113,0,130,202,83,181,14,480,8,2,10,490
01/27/2004,SAT,TX,ASW,CE,Towers with Radar,224,97,118,11,450,0,28,231,6,265,224,125,349,17,715,4,2,6,721
01/28/2004,SAT,TX,ASW,CE,Towers with Radar,231,94,138,10,473,0,11,220,20,251,231,105,358,30,724,0,0,0,724
01/29/2004,SAT,TX,ASW,CE,Towers with Radar,228,106,160,9,503,0,0,11,2,13,228,106,171,11,516,2,2,4,520
01/30/2004,SAT,TX,ASW,CE,Towers with Radar,238,131,192,14,575,0,14,96,4,114,238,145,288,18,689,0,0,0,689
01/31/2004,SAT,TX,ASW,CE,Towers with Radar,183,95,83,5,366,0,8,53,3,64,183,103,136,8,430,8,2,10,440
02/01/2004,SAT,TX,ASW,CE,Towers with Radar,183,72,82,10,347,0,10,13,2,25,183,82,95,12,372,10,2,12,384
02/02/2004,SAT,TX,ASW,CE,Towers with Radar,204,86,115,20,425,0,14,167,2,183,204,100,282,22,608,2,2,4,612
02/03/2004,SAT,TX,ASW,CE,Towers with Radar,215,102,112,13,442,0,6,223,6,235,215,108,335,19,677,34,6,40,717
02/04/2004,SAT,TX,ASW,CE,Towers with Radar,198,108,113,8,427,0,8,10,0,18,198,116,123,8,445,2,2,4,449
02/05/2004,SAT,TX,ASW,CE,Towers with Radar,235,122,155,7,519,0,8,209,1,218,235,130,364,8,737,20,0,20,757
02/06/2004,SAT,TX,ASW,CE,Towers with Radar,235,93,145,15,488,0,21,202,2,225,235,114,347,17,713,36,4,40,753
02/07/2004,SAT,TX,ASW,CE,Towers with Radar,184,80,79,9,352,0,16,237,11,264,184,96,316,20,616,8,0,8,624
02/08/2004,SAT,TX,ASW,CE,Towers with Radar,177,79,107,7,370,0,8,59,0,67,177,87,166,7,437,4,0,4,441
02/09/2004,SAT,TX,ASW,CE,Towers with Radar,205,69,144,5,423,0,15,10,1,26,205,84,154,6,449,2,4,6,455
02/10/2004,SAT,TX,ASW,CE,Towers with Radar,220,106,153,3,482,0,10,0,1,11,220,116,153,4,493,4,0,4,497
02/11/2004,SAT,TX,ASW,CE,Towers with Radar,228,110,138,1,477,0,2,12,2,16,228,112,150,3,493,6,0,6,499
02/12/2004,SAT,TX,ASW,CE,Towers with Radar,233,115,166,3,517,0,11,56,0,67,233,126,222,3,584,4,2,6,590
02/13/2004,SAT,TX,ASW,CE,Towers with Radar,232,122,118,6,478,0,9,22,0,31,232,131,140,6,509,0,0,0,509
02/14/2004,SAT,TX,ASW,CE,Towers with Radar,175,75,70,6,326,0,22,131,4,157,175,97,201,10,483,0,0,0,483
02/15/2004,SAT,TX,ASW,CE,Towers with Radar,168,68,64,2,302,0,21,161,0,182,168,89,225,2,484,2,0,2,486
02/16/2004,SAT,TX,ASW,CE,Towers with Radar,201,90,85,5,381,0,18,236,0,254,201,108,321,5,635,46,0,46,681
02/17/2004,SAT,TX,ASW,CE,Towers with Radar,272,97,150,22,541,0,27,291,7,325,272,124,441,29,866,28,0,28,894
02/18/2004,SAT,TX,ASW,CE,Towers with Radar,250,114,143,12,519,0,27,251,3,281,250,141,394,15,800,10,4,14,814
02/19/2004,SAT,TX,ASW,CE,Towers with Radar,247,116,168,15,546,0,22,199,2,223,247,138,367,17,769,2,0,2,771
02/20/2004,SAT,TX,ASW,CE,Towers with Radar,231,109,166,13,519,0,19,230,6,255,231,128,396,19,774,8,4,12,786
02/21/2004,SAT,TX,ASW,CE,Towers with Radar,185,82,67,9,343,0,10,190,8,208,185,92,257,17,551,10,2,12,563
02/22/2004,SAT,TX,ASW,CE,Towers with Radar,173,76,128,7,384,0,8,18,0,26,173,84,146,7,410,14,0,14,424
02/23/2004,SAT,TX,ASW,CE,Towers with Radar,205,81,122,6,414,0,10,82,4,96,205,91,204,10,510,8,6,14,524
02/24/2004,SAT,TX,ASW,CE,Towers with Radar,227,94,129,19,469,0,8,92,4,104,227,102,221,23,573,18,2,20,593
02/25/2004,SAT,TX,ASW,CE,Towers with Radar,246,109,160,11,526,0,11,113,22,146,246,120,273,33,672,20,6,26,698
02/26/2004,SAT,TX,ASW,CE,Towers with Radar,240,96,156,21,513,0,27,313,15,355,240,123,469,36,868,8,4,12,880
02/27/2004,SAT,TX,ASW,CE,Towers with Radar,233,109,138,20,500,0,23,241,12,276,233,132,379,32,776,10,2,12,788
02/28/2004,SAT,TX,ASW,CE,Towers with Radar,188,98,111,10,407,0,5,70,15,90,188,103,181,25,497,14,4,18,515
02/29/2004,SAT,TX,ASW,CE,Towers with Radar,177,81,77,8,343,0,19,62,5,86,177,100,139,13,429,16,4,20,449
03/01/2004,SAT,TX,ASW,CE,Towers with Radar,252,45,134,18,449,0,27,179,3,209,252,72,313,21,658,38,6,44,702
03/02/2004,SAT,TX,ASW,CE,Towers with Radar,273,67,138,2,480,0,9,25,1,35,273,76,163,3,515,0,0,0,515
03/03/2004,SAT,TX,ASW,CE,Towers with Radar,277,72,124,5,478,0,6,58,1,65,277,78,182,6,543,22,6,28,571
03/04/2004,SAT,TX,ASW,CE,Towers with Radar,270,69,110,1,450,0,7,36,0,43,270,76,146,1,493,18,0,18,511
03/05/2004,SAT,TX,ASW,CE,Towers with Radar,274,67,177,15,533,0,25,247,4,276,274,92,424,19,809,14,2,16,825
03/06/2004,SAT,TX,ASW,CE,Towers with Radar,237,56,136,6,435,0,39,291,9,339,237,95,427,15,774,8,0,8,782
03/07/2004,SAT,TX,ASW,CE,Towers with Radar,223,46,105,3,377,0,12,232,1,245,223,58,337,4,622,16,0,16,638
03/08/2004,SAT,TX,ASW,CE,Towers with Radar,252,35,105,11,403,0,39,216,8,263,252,74,321,19,666,8,4,12,678
03/09/2004,SAT,TX,ASW,CE,Towers with Radar,265,66,122,5,458,0,30,269,8,307,265,96,391,13,765,8,0,8,773
03/10/2004,SAT,TX,ASW,CE,Towers with Radar,277,74,152,10,513,0,26,251,12,289,277,100,403,22,802,4,0,4,806
03/11/2004,SAT,TX,ASW,CE,Towers with Radar,274,84,213,13,584,0,18,115,8,141,274,102,328,21,725,2,2,4,729
03/12/2004,SAT,TX,ASW,CE,Towers with Radar,270,83,169,9,531,0,24,39,2,65,270,107,208,11,596,8,10,18,614
03/13/2004,SAT,TX,ASW,CE,Towers with Radar,235,64,94,1,394,0,6,5,11,22,235,70,99,12,416,2,0,2,418
03/14/2004,SAT,TX,ASW,CE,Towers with Radar,226,50,80,2,358,0,19,22,2,43,226,69,102,4,401,40,0,40,441
03/15/2004,SAT,TX,ASW,CE,Towers with Radar,253,47,130,11,441,0,15,97,2,114,253,62,227,13,555,14,4,18,573
03/16/2004,SAT,TX,ASW,CE,Towers with Radar,280,85,164,19,548,0,12,210,7,229,280,97,374,26,777,0,0,0,777
03/17/2004,SAT,TX,ASW,CE,Towers with Radar,275,67,109,8,459,0,34,201,3,238,275,101,310,11,697,4,0,4,701
03/18/2004,SAT,TX,ASW,CE,Towers with Radar,280,73,197,13,563,0,23,85,3,111,280,96,282,16,674,18,2,20,694
03/19/2004,SAT,TX,ASW,CE,Towers with Radar,287,74,174,4,539,0,19,25,2,46,287,93,199,6,585,0,0,0,585
03/20/2004,SAT,TX,ASW,CE,Towers with Radar,224,59,156,9,448,0,27,52,4,83,224,86,208,13,531,8,0,8,539
03/21/2004,SAT,TX,ASW,CE,Towers with Radar,229,33,140,0,402,0,30,31,0,61,229,63,171,0,463,2,0,2,465
03/22/2004,SAT,TX,ASW,CE,Towers with Radar,255,32,130,5,422,0,26,200,0,226,255,58,330,5,648,16,0,16,664
03/23/2004,SAT,TX,ASW,CE,Towers with Radar,272,71,165,11,519,0,21,77,2,100,272,92,242,13,619,12,2,14,633
03/24/2004,SAT,TX,ASW,CE,Towers with Radar,274,72,144,19,509,0,17,48,4,69,274,89,192,23,578,6,2,8,586
03/25/2004,SAT,TX,ASW,CE,Towers with Radar,273,71,207,20,571,0,25,75,4,104,273,96,282,24,675,0,0,0,675
03/26/2004,SAT,TX,ASW,CE,Towers with Radar,289,77,182,11,559,0,6,85,8,99,289,83,267,19,658,0,4,4,662
03/27/2004,SAT,TX,ASW,CE,Towers with Radar,230,52,119,12,413,0,17,89,1,107,230,69,208,13,520,16,0,16,536
03/28/2004,SAT,TX,ASW,CE,Towers with Radar,225,53,114,14,406,0,29,44,1,74,225,82,158,15,480,28,12,40,520
03/29/2004,SAT,TX,ASW,CE,Towers with Radar,256,38,127,8,429,0,18,140,5,163,256,56,267,13,592,4,6,10,602
03/30/2004,SAT,TX,ASW,CE,Towers with Radar,277,55,136,24,492,0,33,291,10,334,277,88,427,34,826,34,6,40,866
03/31/2004,SAT,TX,ASW,CE,Towers with Radar,275,60,140,13,488,0,30,267,6,303,275,90,407,19,791,16,0,16,807
04/01/2004,SAT,TX,ASW,CE,Towers with Radar,280,63,145,15,503,0,36,254,4,294,280,99,399,19,797,6,2,8,805
04/02/2004,SAT,TX,ASW,CE,Towers with Radar,294,84,203,1,582,0,7,30,5,42,294,91,233,6,624,0,2,2,626
04/03/2004,SAT,TX,ASW,CE,Towers with Radar,375,142,364,3,884,0,18,123,3,144,375,160,487,6,1028,0,0,0,1028
04/04/2004,SAT,TX,ASW,CE,Towers with Radar,215,76,212,3,506,0,18,29,0,47,215,94,241,3,553,0,0,0,553
04/05/2004,SAT,TX,ASW,CE,Towers with Radar,271,80,195,8,554,0,21,63,3,87,271,101,258,11,641,24,4,28,669
04/06/2004,SAT,TX,ASW,CE,Towers with Radar,310,109,315,12,746,0,16,76,8,100,310,125,391,20,846,74,6,80,926
04/07/2004,SAT,TX,ASW,CE,Towers with Radar,294,89,154,8,545,0,22,284,6,312,294,111,438,14,857,40,0,40,897
04/08/2004,SAT,TX,ASW,CE,Towers with Radar,389,114,164,21,688,0,38,375,13,426,389,152,539,34,1114,10,6,16,1130
04/09/2004,SAT,TX,ASW,CE,Towers with Radar,290,66,104,8,468,0,43,239,8,290,290,109,343,16,758,16,0,16,774
04/10/2004,SAT,TX,ASW,CE,Towers with Radar,223,34,58,2,317,0,8,44,0,52,223,42,102,2,369,18,0,18,387
04/11/2004,SAT,TX,ASW,CE,Towers with Radar,224,41,66,1,332,0,5,7,0,12,224,46,73,1,344,12,0,12,356
04/12/2004,SAT,TX,ASW,CE,Towers with Radar,256,54,119,12,441,0,24,146,3,173,256,78,265,15,614,16,6,22,636
04/13/2004,SAT,TX,ASW,CE,Towers with Radar,273,61,101,13,448,0,10,261,3,274,273,71,362,16,722,30,0,30,752
04/14/2004,SAT,TX,ASW,CE,Towers with Radar,276,74,146,5,501,0,33,263,10,306,276,107,409,15,807,38,0,38,845
04/15/2004,SAT,TX,ASW,CE,Towers with Radar,282,77,169,12,540,0,33,200,4,237,282,110,369,16,777,28,0,28,805
04/16/2004,SAT,TX,ASW,CE,Towers with Radar,197,55,118,8,378,0,18,68,10,96,197,73,186,18,474,8,0,8,482
04/17/2004,SAT,TX,ASW,CE,Towers with Radar,148,37,74,2,261,0,15,31,8,54,148,52,105,10,315,14,0,14,329
04/18/2004,SAT,TX,ASW,CE,Towers with Radar,131,35,64,9,239,0,1,14,0,15,131,36,78,9,254,16,2,18,272
04/19/2004,SAT,TX,ASW,CE,Towers with Radar,156,30,82,8,276,0,15,33,0,48,156,45,115,8,324,16,0,16,340
04/20/2004,SAT,TX,ASW,CE,Towers with Radar,165,39,91,10,305,0,10,29,1,40,165,49,120,11,345,12,6,18,363
04/21/2004,SAT,TX,ASW,CE,Towers with Radar,175,54,107,12,348,0,10,42,3,55,175,64,149,15,403,52,6,58,461
04/22/2004,SAT,TX,ASW,CE,Towers with Radar,265,73,164,14,516,0,33,95,7,135,265,106,259,21,651,26,8,34,685
04/23/2004,SAT,TX,ASW,CE,Towers with Radar,283,63,151,5,502,0,25,31,0,56,283,88,182,5,558,14,0,14,572
04/24/2004,SAT,TX,ASW,CE,Towers with Radar,235,43,60,4,342,0,10,31,3,44,235,53,91,7,386,0,0,0,386
04/25/2004,SAT,TX,ASW,CE,Towers with Radar,223,35,110,7,375,0,6,11,0,17,223,41,121,7,392,2,2,4,396
04/26/2004,SAT,TX,ASW,CE,Towers with Radar,263,43,111,18,435,0,14,148,1,163,263,57,259,19,598,26,2,28,626
04/27/2004,SAT,TX,ASW,CE,Towers with Radar,276,62,122,22,482,0,32,282,11,325,276,94,404,33,807,28,2,30,837
04/28/2004,SAT,TX,ASW,CE,Towers with Radar,282,73,162,15,532,0,33,232,5,270,282,106,394,20,802,0,0,0,802
04/29/2004,SAT,TX,ASW,CE,Towers with Radar,285,88,191,26,590,0,12,90,2,104,285,100,281,28,694,14,10,24,718
04/30/2004,SAT,TX,ASW,CE,Towers with Radar,280,59,177,11,527,0,16,120,2,138,280,75,297,13,665,16,4,20,685
05/01/2004,SAT,TX,ASW,CE,Towers with Radar,252,31,58,2,343,0,16,20,1,37,252,47,78,3,380,2,0,2,382
05/02/2004,SAT,TX,ASW,CE,Towers with Radar,225,42,89,3,359,0,14,160,2,176,225,56,249,5,535,12,0,12,547
05/03/2004,SAT,TX,ASW,CE,Towers with Radar,257,51,112,13,433,0,23,205,13,241,257,74,317,26,674,8,4,12,686
05/04/2004,SAT,TX,ASW,CE,Towers with Radar,271,64,99,18,452,0,23,244,9,276,271,87,343,27,728,12,0,12,740
05/05/2004,SAT,TX,ASW,CE,Towers with Radar,278,68,145,17,508,0,15,183,4,202,278,83,328,21,710,20,0,20,730
05/06/2004,SAT,TX,ASW,CE,Towers with Radar,339,86,265,19,709,0,20,191,6,217,339,106,456,25,926,4,4,8,934
05/07/2004,SAT,TX,ASW,CE,Towers with Radar,317,80,154,10,561,0,15,80,6,101,317,95,234,16,662,10,2,12,674
05/08/2004,SAT,TX,ASW,CE,Towers with Radar,237,60,88,3,388,0,14,65,3,82,237,74,153,6,470,32,0,32,502
05/09/2004,SAT,TX,ASW,CE,Towers with Radar,213,38,90,12,353,0,18,49,1,68,213,56,139,13,421,34,0,34,455
05/10/2004,SAT,TX,ASW,CE,Towers with Radar,254,56,145,15,470,0,18,95,4,117,254,74,240,19,587,34,0,34,621
05/11/2004,SAT,TX,ASW,CE,Towers with Radar,273,71,96,4,444,1,12,33,2,48,274,83,129,6,492,6,2,8,500
05/12/2004,SAT,TX,ASW,CE,Towers with Radar,283,64,149,7,503,0,2,56,3,61,283,66,205,10,564,10,8,18,582
05/13/2004,SAT,TX,ASW,CE,Towers with Radar,279,82,123,15,499,0,18,39,1,58,279,100,162,16,557,14,2,16,573
05/14/2004,SAT,TX,ASW,CE,Towers with Radar,295,74,132,13,514,0,19,114,6,139,295,93,246,19,653,0,2,2,655
05/15/2004,SAT,TX,ASW,CE,Towers with Radar,229,42,92,2,365,0,14,165,10,189,229,56,257,12,554,4,0,4,558
05/16/2004,SAT,TX,ASW,CE,Towers with Radar,221,34,96,7,358,0,17,118,12,147,221,51,214,19,505,20,2,22,527
05/17/2004,SAT,TX,ASW,CE,Towers with Radar,245,47,132,16,440,0,7,131,7,145,245,54,263,23,585,60,0,60,645
05/18/2004,SAT,TX,ASW,CE,Towers with Radar,277,65,160,14,516,0,12,130,5,147,277,77,290,19,663,8,2,10,673
05/19/2004,SAT,TX,ASW,CE,Towers with Radar,273,58,153,19,503,0,18,165,8,191,273,76,318,27,694,18,2,20,714
05/20/2004,SAT,TX,ASW,CE,Towers with Radar,272,81,161,27,541,0,32,160,12,204,272,113,321,39,745,42,10,52,797
05/21/2004,SAT,TX,ASW,CE,Towers with Radar,265,71,139,10,485,0,22,167,9,198,265,93,306,19,683,14,2,16,699
05/22/2004,SAT,TX,ASW,CE,Towers with Radar,236,39,79,7,361,0,18,106,11,135,236,57,185,18,496,10,0,10,506
05/23/2004,SAT,TX,ASW,CE,Towers with Radar,221,37,105,5,368,0,32,87,2,121,221,69,192,7,489,16,0,16,505
05/24/2004,SAT,TX,ASW,CE,Towers with Radar,247,45,129,15,436,0,28,110,6,144,247,73,239,21,580,6,8,14,594
05/25/2004,SAT,TX,ASW,CE,Towers with Radar,278,52,157,23,510,0,28,147,5,180,278,80,304,28,690,4,4,8,698
05/26/2004,SAT,TX,ASW,CE,Towers with Radar,280,77,145,21,523,0,29,113,9,151,280,106,258,30,674,12,16,28,702
05/27/2004,SAT,TX,ASW,CE,Towers with Radar,271,84,180,15,550,0,16,150,35,201,271,100,330,50,751,8,4,12,763
05/28/2004,SAT,TX,ASW,CE,Towers with Radar,298,92,160,8,558,0,17,86,2,105,298,109,246,10,663,0,0,0,663
05/29/2004,SAT,TX,ASW,CE,Towers with Radar,228,42,96,0,366,0,25,83,0,108,228,67,179,0,474,0,0,0,474
05/30/2004,SAT,TX,ASW,CE,Towers with Radar,190,48,76,3,317,0,30,39,1,70,190,78,115,4,387,0,0,0,387
05/31/2004,SAT,TX,ASW,CE,Towers with Radar,214,30,84,3,331,0,23,129,0,152,214,53,213,3,483,52,0,52,535
06/01/2004,SAT,TX,ASW,CE,Towers with Radar,252,69,166,11,498,0,0,77,18,95,252,69,243,29,593,8,0,8,601
06/02/2004,SAT,TX,ASW,CE,Towers with Radar,313,89,163,11,576,0,12,130,11,153,313,101,293,22,729,16,2,18,747
06/03/2004,SAT,TX,ASW,CE,Towers with Radar,282,81,149,11,523,0,7,128,4,139,282,88,277,15,662,20,0,20,682
06/04/2004,SAT,TX,ASW,CE,Towers with Radar,275,73,134,9,491,0,11,146,12,169,275,84,280,21,660,20,0,20,680
06/05/2004,SAT,TX,ASW,CE,Towers with Radar,184,43,79,6,312,73,36,100,6,215,257,79,179,12,527,6,0,6,533
06/06/2004,SAT,TX,ASW,CE,Towers with Radar,169,40,72,6,287,52,25,113,7,197,221,65,185,13,484,22,0,22,506
06/07/2004,SAT,TX,ASW,CE,Towers with Radar,247,59,108,8,422,0,11,55,2,68,247,70,163,10,490,20,0,20,510
06/08/2004,SAT,TX,ASW,CE,Towers with Radar,243,57,104,4,408,31,22,2,0,55,274,79,106,4,463,6,0,6,469
06/09/2004,SAT,TX,ASW,CE,Towers with Radar,210,49,90,6,355,54,22,33,6,115,264,71,123,12,470,12,2,14,484
06/10/2004,SAT,TX,ASW,CE,Towers with Radar,293,68,141,10,512,0,0,108,10,118,293,68,249,20,630,8,2,10,640
06/11/2004,SAT,TX,ASW,CE,Towers with Radar,250,59,107,7,423,32,45,125,30,232,282,104,232,37,655,8,4,12,667
06/12/2004,SAT,TX,ASW,CE,Towers with Radar,160,38,68,4,270,82,29,108,2,221,242,67,176,6,491,2,4,6,497
06/13/2004,SAT,TX,ASW,CE,Towers with Radar,169,40,74,5,288,69,13,120,2,204,238,53,194,7,492,12,2,14,506
06/14/2004,SAT,TX,ASW,CE,Towers with Radar,271,74,136,9,490,0,3,96,11,110,271,77,232,20,600,24,10,34,634
06/15/2004,SAT,TX,ASW,CE,Towers with Radar,181,53,99,4,337,0,7,53,0,60,181,60,152,4,397,4,4,8,405
06/16/2004,SAT,TX,ASW,CE,Towers with Radar,276,83,153,10,522,0,13,113,9,135,276,96,266,19,657,6,0,6,663
06/17/2004,SAT,TX,ASW,CE,Towers with Radar,290,84,157,10,541,0,12,154,37,203,290,96,311,47,744,24,0,24,768
06/18/2004,SAT,TX,ASW,CE,Towers with Radar,271,75,141,9,496,0,28,194,13,235,271,103,335,22,731,8,0,8,739
06/19/2004,SAT,TX,ASW,CE,Towers with Radar,177,40,76,3,296,62,43,168,0,273,239,83,244,3,569,8,10,18,587
06/20/2004,SAT,TX,ASW,CE,Towers with Radar,160,36,69,4,269,74,12,93,0,179,234,48,162,4,448,18,0,18,466
06/21/2004,SAT,TX,ASW,CE,Towers with Radar,244,66,132,8,450,0,0,128,2,130,244,66,260,10,580,14,2,16,596
06/22/2004,SAT,TX,ASW,CE,Towers with Radar,162,37,70,3,272,60,13,57,0,130,222,50,127,3,402,10,2,12,414
06/23/2004,SAT,TX,ASW,CE,Towers with Radar,281,74,138,5,498,0,19,118,0,137,281,93,256,5,635,8,2,10,645
06/24/2004,SAT,TX,ASW,CE,Towers with Radar,281,67,126,8,482,0,38,111,4,153,281,105,237,12,635,2,2,4,639
06/25/2004,SAT,TX,ASW,CE,Towers with Radar,269,63,119,7,458,0,37,48,1,86,269,100,167,8,544,2,0,2,546
06/26/2004,SAT,TX,ASW,CE,Towers with Radar,186,43,80,5,314,60,9,64,4,137,246,52,144,9,451,6,0,6,457
06/27/2004,SAT,TX,ASW,CE,Towers with Radar,165,38,71,4,278,67,17,56,0,140,232,55,127,4,418,8,2,10,428
06/28/2004,SAT,TX,ASW,CE,Towers with Radar,212,48,91,5,356,38,24,58,6,126,250,72,149,11,482,8,0,8,490
06/29/2004,SAT,TX,ASW,CE,Towers with Radar,238,55,103,6,402,39,30,54,21,144,277,85,157,27,546,4,0,4,550
06/30/2004,SAT,TX,ASW,CE,Towers with Radar,278,71,131,8,488,0,28,14,0,42,278,99,145,8,530,0,0,0,530
07/01/2004,SAT,TX,ASW,CE,Towers with Radar,282,72,147,15,516,0,44,151,8,203,282,116,298,23,719,8,8,16,735
07/02/2004,SAT,TX,ASW,CE,Towers with Radar,196,42,85,9,332,83,34,214,22,353,279,76,299,31,685,6,0,6,691
07/03/2004,SAT,TX,ASW,CE,Towers with Radar,149,32,65,7,253,77,13,80,21,191,226,45,145,28,444,2,0,2,446
07/04/2004,SAT,TX,ASW,CE,Towers with Radar,106,22,46,6,180,80,18,59,13,170,186,40,105,19,350,0,0,0,350
07/05/2004,SAT,TX,ASW,CE,Towers with Radar,144,31,63,7,245,66,9,138,27,240,210,40,201,34,485,8,0,8,493
07/06/2004,SAT,TX,ASW,CE,Towers with Radar,251,53,139,14,457,0,0,89,43,132,251,53,228,57,589,4,0,4,593
07/07/2004,SAT,TX,ASW,CE,Towers with Radar,339,75,152,16,582,0,0,208,53,261,339,75,360,69,843,48,2,50,893
07/08/2004,SAT,TX,ASW,CE,Towers with Radar,321,70,161,17,569,0,0,145,21,166,321,70,306,38,735,10,0,10,745
07/09/2004,SAT,TX,ASW,CE,Towers with Radar,277,72,142,15,506,0,1,114,30,145,277,73,256,45,651,0,0,0,651
07/10/2004,SAT,TX,ASW,CE,Towers with Radar,172,38,74,7,291,62,17,48,45,172,234,55,122,52,463,30,2,32,495
07/11/2004,SAT,TX,ASW,CE,Towers with Radar,172,38,74,7,291,57,2,43,15,117,229,40,117,22,408,0,0,0,408
07/12/2004,SAT,TX,ASW,CE,Towers with Radar,257,39,122,12,430,0,0,109,17,126,257,39,231,29,556,2,2,4,560
07/13/2004,SAT,TX,ASW,CE,Towers with Radar,272,56,142,14,484,0,0,132,29,161,272,56,274,43,645,14,8,22,667
07/14/2004,SAT,TX,ASW,CE,Towers with Radar,266,63,140,14,483,0,0,161,34,195,266,63,301,48,678,8,2,10,688
07/15/2004,SAT,TX,ASW,CE,Towers with Radar,278,65,136,14,493,0,0,152,49,201,278,65,288,63,694,32,2,34,728
07/16/2004,SAT,TX,ASW,CE,Towers with Radar,277,62,122,12,473,0,6,171,35,212,277,68,293,47,685,0,0,0,685
07/17/2004,SAT,TX,ASW,CE,Towers with Radar,150,33,64,6,253,91,13,151,20,275,241,46,215,26,528,0,0,0,528
07/18/2004,SAT,TX,ASW,CE,Towers with Radar,164,36,70,7,277,64,12,132,10,218,228,48,202,17,495,16,0,16,511
07/19/2004,SAT,TX,ASW,CE,Towers with Radar,258,45,123,13,439,0,0,118,42,160,258,45,241,55,599,44,2,46,645
07/20/2004,SAT,TX,ASW,CE,Towers with Radar,263,55,114,11,443,3,0,174,34,211,266,55,288,45,654,40,2,42,696
07/21/2004,SAT,TX,ASW,CE,Towers with Radar,280,65,132,13,490,0,5,177,57,239,280,70,309,70,729,28,6,34,763
07/22/2004,SAT,TX,ASW,CE,Towers with Radar,279,61,143,14,497,0,0,151,54,205,279,61,294,68,702,0,2,2,704
07/23/2004,SAT,TX,ASW,CE,Towers with Radar,282,58,129,12,481,0,0,119,46,165,282,58,248,58,646,0,0,0,646
07/24/2004,SAT,TX,ASW,CE,Towers with Radar,168,36,73,7,284,64,19,105,34,222,232,55,178,41,506,0,0,0,506
07/25/2004,SAT,TX,ASW,CE,Towers with Radar,152,32,66,6,256,70,1,114,27,212,222,33,180,33,468,20,0,20,488
07/26/2004,SAT,TX,ASW,CE,Towers with Radar,257,45,130,13,445,0,0,88,35,123,257,45,218,48,568,34,6,40,608
07/27/2004,SAT,TX,ASW,CE,Towers with Radar,272,67,144,14,497,0,0,85,39,124,272,67,229,53,621,34,8,42,663
07/28/2004,SAT,TX,ASW,CE,Towers with Radar,277,64,140,14,495,0,0,106,50,156,277,64,246,64,651,18,0,18,669
07/29/2004,SAT,TX,ASW,CE,Towers with Radar,283,77,156,15,531,0,10,58,36,104,283,87,214,51,635,14,2,16,651
07/30/2004,SAT,TX,ASW,CE,Towers with Radar,269,57,116,11,453,13,17,77,28,135,282,74,193,39,588,8,4,12,600
07/31/2004,SAT,TX,ASW,CE,Towers with Radar,170,36,73,7,286,71,19,126,51,267,241,55,199,58,553,0,0,0,553
08/01/2004,SAT,TX,ASW,CE,Towers with Radar,160,35,71,10,276,55,9,131,24,219,215,44,202,34,495,26,6,32,527
08/02/2004,SAT,TX,ASW,CE,Towers with Radar,245,53,119,17,434,0,0,141,24,165,245,53,260,41,599,14,2,16,615
08/03/2004,SAT,TX,ASW,CE,Towers with Radar,332,68,162,22,584,0,0,212,36,248,332,68,374,58,832,40,0,40,872
08/04/2004,SAT,TX,ASW,CE,Towers with Radar,307,72,148,20,547,0,0,174,39,213,307,72,322,59,760,28,6,34,794
08/05/2004,SAT,TX,ASW,CE,Towers with Radar,277,67,138,19,501,0,7,144,55,206,277,74,282,74,707,48,12,60,767
08/06/2004,SAT,TX,ASW,CE,Towers with Radar,259,56,115,16,446,19,9,83,36,147,278,65,198,52,593,6,0,6,599
08/07/2004,SAT,TX,ASW,CE,Towers with Radar,161,35,71,11,278,67,11,31,29,138,228,46,102,40,416,8,6,14,430
08/08/2004,SAT,TX,ASW,CE,Towers with Radar,163,36,72,10,281,64,6,80,4,154,227,42,152,14,435,22,0,22,457
08/09/2004,SAT,TX,ASW,CE,Towers with Radar,251,46,123,17,437,0,0,86,74,160,251,46,209,91,597,32,4,36,633
08/10/2004,SAT,TX,ASW,CE,Towers with Radar,259,61,124,16,460,0,9,118,41,168,259,70,242,57,628,14,0,14,642
08/11/2004,SAT,TX,ASW,CE,Towers with Radar,272,65,138,18,493,0,0,171,36,207,272,65,309,54,700,26,12,38,738
08/12/2004,SAT,TX,ASW,CE,Towers with Radar,290,66,135,18,509,0,9,160,48,217,290,75,295,66,726,16,2,18,744
08/13/2004,SAT,TX,ASW,CE,Towers with Radar,324,70,144,20,558,39,8,281,52,380,363,78,425,72,938,6,2,8,946
08/14/2004,SAT,TX,ASW,CE,Towers with Radar,169,37,75,10,291,76,21,178,33,308,245,58,253,43,599,12,0,12,611
08/15/2004,SAT,TX,ASW,CE,Towers with Radar,165,36,73,10,284,61,3,121,17,202,226,39,194,27,486,12,12,24,510
08/16/2004,SAT,TX,ASW,CE,Towers with Radar,248,42,116,15,421,0,0,117,37,154,248,42,233,52,575,8,4,12,587
08/17/2004,SAT,TX,ASW,CE,Towers with Radar,270,64,135,18,487,0,4,176,47,227,270,68,311,65,714,12,4,16,730
08/18/2004,SAT,TX,ASW,CE,Towers with Radar,270,58,139,18,485,0,0,125,40,165,270,58,264,58,650,10,18,28,678
08/19/2004,SAT,TX,ASW,CE,Towers with Radar,265,70,147,19,501,0,0,86,37,123,265,70,233,56,624,6,6,12,636
08/20/2004,SAT,TX,ASW,CE,Towers with Radar,289,64,134,17,504,0,7,163,37,207,289,71,297,54,711,16,4,20,731
08/21/2004,SAT,TX,ASW,CE,Towers with Radar,174,37,78,11,300,51,21,59,13,144,225,58,137,24,444,2,0,2,446
08/22/2004,SAT,TX,ASW,CE,Towers with Radar,170,33,76,10,289,53,0,40,12,105,223,33,116,22,394,8,4,12,406
08/23/2004,SAT,TX,ASW,CE,Towers with Radar,263,57,138,18,476,0,0,41,16,57,263,57,179,34,533,2,2,4,537
08/24/2004,SAT,TX,ASW,CE,Towers with Radar,272,60,153,20,505,0,0,160,23,183,272,60,313,43,688,2,0,2,690
08/25/2004,SAT,TX,ASW,CE,Towers with Radar,261,62,130,17,470,0,9,159,26,194,261,71,289,43,664,16,8,24,688
08/26/2004,SAT,TX,ASW,CE,Towers with Radar,269,65,137,18,489,0,17,166,45,228,269,82,303,63,717,16,0,16,733
08/27/2004,SAT,TX,ASW,CE,Towers with Radar,282,62,130,17,491,0,7,181,43,231,282,69,311,60,722,0,0,0,722
08/28/2004,SAT,TX,ASW,CE,Towers with Radar,151,32,68,8,259,74,12,104,15,205,225,44,172,23,464,18,8,26,490
08/29/2004,SAT,TX,ASW,CE,Towers with Radar,147,31,66,8,252,77,2,75,24,178,224,33,141,32,430,14,0,14,444
08/30/2004,SAT,TX,ASW,CE,Towers with Radar,263,48,149,19,479,0,0,123,19,142,263,48,272,38,621,22,0,22,643
08/31/2004,SAT,TX,ASW,CE,Towers with Radar,272,60,127,16,475,0,10,122,18,150,272,70,249,34,625,0,0,0,625
09/01/2004,SAT,TX,ASW,CE,Towers with Radar,276,58,162,17,513,0,0,89,31,120,276,58,251,48,633,10,10,20,653
09/02/2004,SAT,TX,ASW,CE,Towers with Radar,272,72,160,17,521,0,0,97,31,128,272,72,257,48,649,42,2,44,693
09/03/2004,SAT,TX,ASW,CE,Towers with Radar,271,67,150,16,504,0,0,132,25,157,271,67,282,41,661,0,0,0,661
09/04/2004,SAT,TX,ASW,CE,Towers with Radar,139,32,66,7,244,74,8,15,19,116,213,40,81,26,360,0,0,0,360
09/05/2004,SAT,TX,ASW,CE,Towers with Radar,95,21,45,5,166,77,0,40,7,124,172,21,85,12,290,0,0,0,290
09/06/2004,SAT,TX,ASW,CE,Towers with Radar,138,31,65,7,241,61,11,52,9,133,199,42,117,16,374,2,0,2,376
09/07/2004,SAT,TX,ASW,CE,Towers with Radar,245,55,133,14,447,0,0,130,29,159,245,55,263,43,606,14,2,16,622
09/08/2004,SAT,TX,ASW,CE,Towers with Radar,267,71,150,16,504,0,1,208,21,230,267,72,358,37,734,28,0,28,762
09/09/2004,SAT,TX,ASW,CE,Towers with Radar,271,65,137,14,487,0,3,171,36,210,271,68,308,50,697,18,0,18,715
09/10/2004,SAT,TX,ASW,CE,Towers with Radar,267,53,128,14,462,0,0,211,46,257,267,53,339,60,719,0,0,0,719
09/11/2004,SAT,TX,ASW,CE,Towers with Radar,178,40,84,8,310,47,2,158,23,230,225,42,242,31,540,0,0,0,540
09/12/2004,SAT,TX,ASW,CE,Towers with Radar,169,37,79,9,294,45,1,130,24,200,214,38,209,33,494,18,4,22,516
09/13/2004,SAT,TX,ASW,CE,Towers with Radar,247,51,134,13,445,0,0,116,24,140,247,51,250,37,585,22,2,24,609
09/14/2004,SAT,TX,ASW,CE,Towers with Radar,268,62,135,13,478,0,15,105,30,150,268,77,240,43,628,8,0,8,636
09/15/2004,SAT,TX,ASW,CE,Towers with Radar,281,74,159,16,530,0,7,89,33,129,281,81,248,49,659,24,2,26,685
09/16/2004,SAT,TX,ASW,CE,Towers with Radar,269,66,152,15,502,0,0,164,46,210,269,66,316,61,712,18,4,22,734
09/17/2004,SAT,TX,ASW,CE,Towers with Radar,278,66,141,14,499,0,8,184,53,245,278,74,325,67,744,14,0,14,758
09/18/2004,SAT,TX,ASW,CE,Towers with Radar,171,37,81,8,297,48,3,117,31,199,219,40,198,39,496,0,0,0,496
09/19/2004,SAT,TX,ASW,CE,Towers with Radar,192,42,91,9,334,15,6,121,26,168,207,48,212,35,502,16,2,18,520
09/20/2004,SAT,TX,ASW,CE,Towers with Radar,250,57,132,13,452,0,0,108,11,119,250,57,240,24,571,18,2,20,591
09/21/2004,SAT,TX,ASW,CE,Towers with Radar,268,61,144,14,487,0,0,172,64,236,268,61,316,78,723,30,6,36,759
09/22/2004,SAT,TX,ASW,CE,Towers with Radar,259,67,146,14,486,0,0,98,17,115,259,67,244,31,601,10,2,12,613
09/23/2004,SAT,TX,ASW,CE,Towers with Radar,270,67,144,14,495,0,23,149,16,188,270,90,293,30,683,38,4,42,725
09/24/2004,SAT,TX,ASW,CE,Towers with Radar,273,64,137,13,487,0,30,183,7,220,273,94,320,20,707,20,4,24,731
09/25/2004,SAT,TX,ASW,CE,Towers with Radar,151,33,72,2,258,66,25,84,0,175,217,58,156,2,433,2,0,2,435
09/26/2004,SAT,TX,ASW,CE,Towers with Radar,162,35,77,5,279,53,15,79,0,147,215,50,156,5,426,12,0,12,438
09/27/2004,SAT,TX,ASW,CE,Towers with Radar,242,57,124,13,436,0,6,121,0,127,242,63,245,13,563,2,0,2,565
09/28/2004,SAT,TX,ASW,CE,Towers with Radar,236,53,111,11,411,20,25,152,5,202,256,78,263,16,613,30,2,32,645
09/29/2004,SAT,TX,ASW,CE,Towers with Radar,202,45,95,9,351,72,34,206,8,320,274,79,301,17,671,22,0,22,693
09/30/2004,SAT,TX,ASW,CE,Towers with Radar,202,45,95,9,351,69,25,219,2,315,271,70,314,11,666,18,0,18,684
10/01/2004,SAT,TX,ASW,CE,Combined TRACON& Tower with Radar,269,69,148,4,490,0,7,161,5,173,269,76,309,9,663,0,2,2,665
10/02/2004,SAT,TX,ASW,CE,Combined TRACON& Tower with Radar,213,29,66,3,311,0,12,27,2,41,213,41,93,5,352,0,0,0,352
10/03/2004,SAT,TX,ASW,CE,Combined TRACON& Tower with Radar,210,34,99,2,345,0,11,54,1,66,210,45,153,3,411,10,10,20,431
10/04/2004,SAT,TX,ASW,CE,Combined TRACON& Tower with Radar,223,43,119,6,391,0,11,104,6,121,223,54,223,12,512,38,0,38,550
10/05/2004,SAT,TX,ASW,CE,Combined TRACON& Tower with Radar,271,63,121,13,468,0,14,92,4,110,271,77,213,17,578,6,6,12,590
10/06/2004,SAT,TX,ASW,CE,Combined TRACON& Tower with Radar,265,69,139,13,486,0,17,82,3,102,265,86,221,16,588,26,4,30,618
10/07/2004,SAT,TX,ASW,CE,Combined TRACON& Tower with Radar,266,59,136,15,476,0,8,56,1,65,266,67,192,16,541,14,12,26,567
10/08/2004,SAT,TX,ASW,CE,Combined TRACON& Tower with Radar,274,68,235,28,605,0,11,85,6,102,274,79,320,34,707,0,0,0,707
10/09/2004,SAT,TX,ASW,CE,Combined TRACON& Tower with Radar,222,49,186,2,459,0,2,13,1,16,222,51,199,3,475,0,0,0,475
10/10/2004,SAT,TX,ASW,CE,Combined TRACON& Tower with Radar,210,43,95,7,355,0,30,108,2,140,210,73,203,9,495,40,0,40,535
10/11/2004,SAT,TX,ASW,CE,Combined TRACON& Tower with Radar,253,43,103,11,410,0,14,191,2,207,253,57,294,13,617,48,2,50,667
10/12/2004,SAT,TX,ASW,CE,Combined TRACON& Tower with Radar,261,67,125,12,465,0,18,226,5,249,261,85,351,17,714,36,4,40,754
10/13/2004,SAT,TX,ASW,CE,Combined TRACON& Tower with Radar,264,78,136,18,496,0,16,119,8,143,264,94,255,26,639,8,2,10,649
10/14/2004,SAT,TX,ASW,CE,Combined TRACON& Tower with Radar,272,66,113,12,463,0,15,141,5,161,272,81,254,17,624,6,0,6,630
10/15/2004,SAT,TX,ASW,CE,Combined TRACON& Tower with Radar,278,84,126,19,507,0,15,269,27,311,278,99,395,46,818,0,0,0,818
10/16/2004,SAT,TX,ASW,CE,Combined TRACON& Tower with Radar,223,67,104,8,402,0,15,194,20,229,223,82,298,28,631,16,0,16,647
10/17/2004,SAT,TX,ASW,CE,Combined TRACON& Tower with Radar,215,63,96,15,389,0,14,107,3,124,215,77,203,18,513,24,14,38,551
10/18/2004,SAT,TX,ASW,CE,Combined TRACON& Tower with Radar,249,38,156,11,454,0,15,92,0,107,249,53,248,11,561,10,10,20,581
10/19/2004,SAT,TX,ASW,CE,Combined TRACON& Tower with Radar,260,79,140,10,489,0,14,111,4,129,260,93,251,14,618,12,2,14,632
10/20/2004,SAT,TX,ASW,CE,Combined TRACON& Tower with Radar,267,73,157,5,502,0,6,107,3,116,267,79,264,8,618,20,8,28,646
10/21/2004,SAT,TX,ASW,CE,Combined TRACON& Tower with Radar,263,69,156,17,505,0,18,150,1,169,263,87,306,18,674,10,8,18,692
10/22/2004,SAT,TX,ASW,CE,Combined TRACON& Tower with Radar,264,68,149,11,492,0,14,120,13,147,264,82,269,24,639,0,0,0,639
10/23/2004,SAT,TX,ASW,CE,Combined TRACON& Tower with Radar,226,68,132,0,426,0,1,27,0,28,226,69,159,0,454,0,0,0,454
10/24/2004,SAT,TX,ASW,CE,Combined TRACON& Tower with Radar,184,17,114,0,315,0,5,22,2,29,184,22,136,2,344,6,6,12,356
10/25/2004,SAT,TX,ASW,CE,Combined TRACON& Tower with Radar,265,44,131,6,446,0,26,116,2,144,265,70,247,8,590,10,2,12,602
10/26/2004,SAT,TX,ASW,CE,Combined TRACON& Tower with Radar,268,79,141,15,503,0,17,134,4,155,268,96,275,19,658,14,0,14,672
10/27/2004,SAT,TX,ASW,CE,Combined TRACON& Tower with Radar,254,78,146,14,492,0,10,104,8,122,254,88,250,22,614,8,12,20,634
10/28/2004,SAT,TX,ASW,CE,Combined TRACON& Tower with Radar,304,72,179,20,575,0,22,114,9,145,304,94,293,29,720,18,6,24,744
10/29/2004,SAT,TX,ASW,CE,Combined TRACON& Tower with Radar,274,62,186,6,528,0,11,133,11,155,274,73,319,17,683,0,0,0,683
10/30/2004,SAT,TX,ASW,CE,Combined TRACON& Tower with Radar,219,55,106,4,384,0,21,112,5,138,219,76,218,9,522,6,2,8,530
10/31/2004,SAT,TX,ASW,CE,Combined TRACON& Tower with Radar,216,40,87,7,350,0,17,52,6,75,216,57,139,13,425,10,0,10,435
11/01/2004,SAT,TX,ASW,CE,Combined TRACON& Tower with Radar,231,55,107,8,401,0,0,0,0,0,231,55,107,8,401,0,0,0,401
11/02/2004,SAT,TX,ASW,CE,Combined TRACON& Tower with Radar,255,60,115,13,443,0,17,137,5,159,255,77,252,18,602,66,2,68,670
11/03/2004,SAT,TX,ASW,CE,Combined TRACON& Tower with Radar,249,67,144,18,478,0,10,184,6,200,249,77,328,24,678,26,0,26,704
11/04/2004,SAT,TX,ASW,CE,Combined TRACON& Tower with Radar,269,62,134,8,473,0,13,238,16,267,269,75,372,24,740,30,8,38,778
11/05/2004,SAT,TX,ASW,CE,Combined TRACON& Tower with Radar,260,66,122,12,460,0,21,251,13,285,260,87,373,25,745,0,0,0,745
11/06/2004,SAT,TX,ASW,CE,Combined TRACON& Tower with Radar,214,51,66,6,337,0,6,171,11,188,214,57,237,17,525,0,0,0,525
11/07/2004,SAT,TX,ASW,CE,Combined TRACON& Tower with Radar,207,50,101,4,362,0,21,144,2,167,207,71,245,6,529,16,16,32,561
11/08/2004,SAT,TX,ASW,CE,Combined TRACON& Tower with Radar,235,44,119,21,419,0,18,196,10,224,235,62,315,31,643,20,14,34,677
11/09/2004,SAT,TX,ASW,CE,Combined TRACON& Tower with Radar,256,74,150,17,497,0,15,166,11,192,256,89,316,28,689,14,4,18,707
11/10/2004,SAT,TX,ASW,CE,Combined TRACON& Tower with Radar,257,67,139,15,478,0,10,151,12,173,257,77,290,27,651,18,12,30,681
11/11/2004,SAT,TX,ASW,CE,Combined TRACON& Tower with Radar,259,64,108,5,436,0,22,183,2,207,259,86,291,7,643,16,0,16,659
11/12/2004,SAT,TX,ASW,CE,Combined TRACON& Tower with Radar,259,57,194,2,512,0,10,96,5,111,259,67,290,7,623,0,0,0,623
11/13/2004,SAT,TX,ASW,CE,Combined TRACON& Tower with Radar,219,41,135,0,395,0,24,0,0,24,219,65,135,0,419,0,0,0,419
11/14/2004,SAT,TX,ASW,CE,Combined TRACON& Tower with Radar,209,32,88,6,335,0,0,1,3,4,209,32,89,9,339,4,2,6,345
11/15/2004,SAT,TX,ASW,CE,Combined TRACON& Tower with Radar,243,42,115,1,401,0,0,1,0,1,243,42,116,1,402,0,0,0,402
11/16/2004,SAT,TX,ASW,CE,Combined TRACON& Tower with Radar,255,76,148,1,480,0,9,29,1,39,255,85,177,2,519,2,0,2,521
11/17/2004,SAT,TX,ASW,CE,Combined TRACON& Tower with Radar,252,87,134,8,481,0,11,55,7,73,252,98,189,15,554,20,0,20,574
11/18/2004,SAT,TX,ASW,CE,Combined TRACON& Tower with Radar,263,87,180,9,539,0,11,162,10,183,263,98,342,19,722,20,0,20,742
11/19/2004,SAT,TX,ASW,CE,Combined TRACON& Tower with Radar,267,98,177,16,558,0,10,174,19,203,267,108,351,35,761,0,0,0,761
11/20/2004,SAT,TX,ASW,CE,Combined TRACON& Tower with Radar,222,58,114,13,407,0,4,0,4,8,222,62,114,17,415,0,0,0,415
11/21/2004,SAT,TX,ASW,CE,Combined TRACON& Tower with Radar,200,39,58,0,297,0,0,0,0,0,200,39,58,0,297,0,0,0,297
11/22/2004,SAT,TX,ASW,CE,Combined TRACON& Tower with Radar,234,43,69,6,352,0,1,29,13,43,234,44,98,19,395,0,0,0,395
11/23/2004,SAT,TX,ASW,CE,Combined TRACON& Tower with Radar,261,74,90,2,427,0,6,36,9,51,261,80,126,11,478,8,0,8,486
11/24/2004,SAT,TX,ASW,CE,Combined TRACON& Tower with Radar,289,84,125,8,506,0,23,143,3,169,289,107,268,11,675,18,2,20,695
11/25/2004,SAT,TX,ASW,CE,Combined TRACON& Tower with Radar,197,55,42,2,296,0,13,99,0,112,197,68,141,2,408,4,0,4,412
11/26/2004,SAT,TX,ASW,CE,Combined TRACON& Tower with Radar,178,32,80,2,292,0,27,107,4,138,178,59,187,6,430,0,0,0,430
11/27/2004,SAT,TX,ASW,CE,Combined TRACON& Tower with Radar,206,71,109,2,388,0,14,150,0,164,206,85,259,2,552,0,0,0,552
11/28/2004,SAT,TX,ASW,CE,Combined TRACON& Tower with Radar,213,49,100,2,364,0,32,128,0,160,213,81,228,2,524,14,0,14,538
11/29/2004,SAT,TX,ASW,CE,Combined TRACON& Tower with Radar,240,40,127,9,416,0,15,44,0,59,240,55,171,9,475,22,4,26,501
11/30/2004,SAT,TX,ASW,CE,Combined TRACON& Tower with Radar,267,75,147,16,505,0,19,104,2,125,267,94,251,18,630,22,0,22,652
12/01/2004,SAT,TX,ASW,CE,Combined TRACON& Tower with Radar,262,63,134,10,469,0,19,263,9,291,262,82,397,19,760,42,0,42,802
12/02/2004,SAT,TX,ASW,CE,Combined TRACON& Tower with Radar,265,77,135,13,490,0,35,221,15,271,265,112,356,28,761,28,2,30,791
12/03/2004,SAT,TX,ASW,CE,Combined TRACON& Tower with Radar,263,68,198,16,545,0,17,127,5,149,263,85,325,21,694,0,0,0,694
12/04/2004,SAT,TX,ASW,CE,Combined TRACON& Tower with Radar,213,49,126,5,393,0,26,42,1,69,213,75,168,6,462,0,0,0,462
12/05/2004,SAT,TX,ASW,CE,Combined TRACON& Tower with Radar,202,35,93,4,334,0,11,1,0,12,202,46,94,4,346,0,0,0,346
12/06/2004,SAT,TX,ASW,CE,Combined TRACON& Tower with Radar,233,36,88,9,366,0,3,1,0,4,233,39,89,9,370,6,0,6,376
12/07/2004,SAT,TX,ASW,CE,Combined TRACON& Tower with Radar,270,73,132,19,494,0,25,203,10,238,270,98,335,29,732,38,0,38,770
12/08/2004,SAT,TX,ASW,CE,Combined TRACON& Tower with Radar,262,77,187,24,550,0,23,111,10,144,262,100,298,34,694,42,0,42,736
12/09/2004,SAT,TX,ASW,CE,Combined TRACON& Tower with Radar,262,66,147,7,482,0,15,200,16,231,262,81,347,23,713,26,0,26,739
12/10/2004,SAT,TX,ASW,CE,Combined TRACON& Tower with Radar,266,55,137,20,478,0,39,221,0,260,266,94,358,20,738,2,0,2,740
12/11/2004,SAT,TX,ASW,CE,Combined TRACON& Tower with Radar,214,48,95,6,363,0,17,194,4,215,214,65,289,10,578,8,0,8,586
12/12/2004,SAT,TX,ASW,CE,Combined TRACON& Tower with Radar,203,30,70,4,307,0,24,116,4,144,203,54,186,8,451,10,0,10,461
12/13/2004,SAT,TX,ASW,CE,Combined TRACON& Tower with Radar,233,42,102,15,392,0,16,75,6,97,233,58,177,21,489,16,92,108,597
12/14/2004,SAT,TX,ASW,CE,Combined TRACON& Tower with Radar,255,76,110,16,457,0,9,164,5,178,255,85,274,21,635,8,0,8,643
12/15/2004,SAT,TX,ASW,CE,Combined TRACON& Tower with Radar,255,84,142,18,499,0,19,191,5,215,255,103,333,23,714,14,0,14,728
12/16/2004,SAT,TX,ASW,CE,Combined TRACON& Tower with Radar,260,72,161,12,505,0,10,75,2,87,260,82,236,14,592,6,0,6,598
12/17/2004,SAT,TX,ASW,CE,Combined TRACON& Tower with Radar,270,85,154,32,541,0,10,196,4,210,270,95,350,36,751,2,0,2,753
12/18/2004,SAT,TX,ASW,CE,Combined TRACON& Tower with Radar,215,62,105,5,387,0,20,183,4,207,215,82,288,9,594,17,2,19,613
12/19/2004,SAT,TX,ASW,CE,Combined TRACON& Tower with Radar,212,29,56,0,297,0,14,120,3,137,212,43,176,3,434,0,0,0,434
12/20/2004,SAT,TX,ASW,CE,Combined TRACON& Tower with Radar,240,47,89,13,389,0,23,152,16,191,240,70,241,29,580,6,0,6,586
12/21/2004,SAT,TX,ASW,CE,Combined TRACON& Tower with Radar,272,63,109,6,450,0,20,171,4,195,272,83,280,10,645,24,2,26,671
12/22/2004,SAT,TX,ASW,CE,Combined TRACON& Tower with Radar,250,57,106,7,420,0,25,50,0,75,250,82,156,7,495,2,4,6,501
12/23/2004,SAT,TX,ASW,CE,Combined TRACON& Tower with Radar,239,73,92,1,405,0,11,110,2,123,239,84,202,3,528,0,0,0,528
12/24/2004,SAT,TX,ASW,CE,Combined TRACON& Tower with Radar,240,81,42,2,365,0,18,39,0,57,240,99,81,2,422,0,0,0,422
12/25/2004,SAT,TX,ASW,CE,Combined TRACON& Tower with Radar,186,44,36,1,267,0,13,59,1,73,186,57,95,2,340,4,0,4,344
12/26/2004,SAT,TX,ASW,CE,Combined TRACON& Tower with Radar,227,51,120,0,398,0,36,95,0,131,227,87,215,0,529,0,0,0,529
12/27/2004,SAT,TX,ASW,CE,Combined TRACON& Tower with Radar,266,39,95,3,403,0,20,117,1,138,266,59,212,4,541,0,0,0,541
12/28/2004,SAT,TX,ASW,CE,Combined TRACON& Tower with Radar,276,76,107,11,470,0,19,104,3,126,276,95,211,14,596,16,0,16,612
12/29/2004,SAT,TX,ASW,CE,Combined TRACON& Tower with Radar,268,65,136,4,473,0,10,88,3,101,268,75,224,7,574,6,0,6,580
12/30/2004,SAT,TX,ASW,CE,Combined TRACON& Tower with Radar,285,84,155,2,526,0,17,74,5,96,285,101,229,7,622,14,2,16,638
12/31/2004,SAT,TX,ASW,CE,Combined TRACON& Tower with Radar,244,45,68,0,357,0,7,72,0,79,244,52,140,0,436,0,0,0,436
01/01/2005,SAT,TX,ASW,CE,Combined TRACON& Tower with Radar,185,33,56,0,274,0,17,20,0,37,185,50,76,0,311,0,0,0,311
01/02/2005,SAT,TX,ASW,CE,Combined TRACON& Tower with Radar,218,60,90,0,368,0,12,3,1,16,218,72,93,1,384,2,0,2,386
01/03/2005,SAT,TX,ASW,CE,Combined TRACON& Tower with Radar,234,43,119,4,400,0,6,22,0,28,234,49,141,4,428,10,6,16,444
01/04/2005,SAT,TX,ASW,CE,Combined TRACON& Tower with Radar,251,62,123,9,445,0,8,44,0,52,251,70,167,9,497,6,2,8,505
01/05/2005,SAT,TX,ASW,CE,Combined TRACON& Tower with Radar,243,69,137,16,465,0,7,26,5,38,243,76,163,21,503,18,4,22,525
01/06/2005,SAT,TX,ASW,CE,Combined TRACON& Tower with Radar,259,72,124,15,470,1,9,119,11,140,260,81,243,26,610,18,0,18,628
01/07/2005,SAT,TX,ASW,CE,Combined TRACON& Tower with Radar,251,76,147,7,481,0,5,77,2,84,251,81,224,9,565,12,12,24,589
01/08/2005,SAT,TX,ASW,CE,Combined TRACON& Tower with Radar,210,62,105,0,377,0,20,163,0,183,210,82,268,0,560,10,0,10,570
01/09/2005,SAT,TX,ASW,CE,Combined TRACON& Tower with Radar,205,40,89,5,339,0,19,10,0,29,205,59,99,5,368,8,2,10,378
01/10/2005,SAT,TX,ASW,CE,Combined TRACON& Tower with Radar,233,40,139,9,421,0,13,89,0,102,233,53,228,9,523,16,0,16,539
01/11/2005,SAT,TX,ASW,CE,Combined TRACON& Tower with Radar,251,58,136,12,457,0,18,115,5,138,251,76,251,17,595,0,0,0,595
01/12/2005,SAT,TX,ASW,CE,Combined TRACON& Tower with Radar,249,73,130,12,464,0,13,68,6,87,249,86,198,18,551,0,0,0,551
01/13/2005,SAT,TX,ASW,CE,Combined TRACON& Tower with Radar,272,47,122,18,459,0,23,158,4,185,272,70,280,22,644,10,0,10,654
01/14/2005,SAT,TX,ASW,CE,Combined TRACON& Tower with Radar,250,74,134,28,486,0,10,192,5,207,250,84,326,33,693,8,0,8,701
01/15/2005,SAT,TX,ASW,CE,Combined TRACON& Tower with Radar,217,53,77,12,359,0,8,157,0,165,217,61,234,12,524,4,0,4,528
01/16/2005,SAT,TX,ASW,CE,Combined TRACON& Tower with Radar,208,32,58,4,302,0,15,85,1,101,208,47,143,5,403,0,0,0,403
01/17/2005,SAT,TX,ASW,CE,Combined TRACON& Tower with Radar,239,31,95,8,373,0,14,133,1,148,239,45,228,9,521,22,0,22,543
01/18/2005,SAT,TX,ASW,CE,Combined TRACON& Tower with Radar,248,52,130,29,459,0,9,105,0,114,248,61,235,29,573,16,4,20,593
01/19/2005,SAT,TX,ASW,CE,Combined TRACON& Tower with Radar,251,68,127,20,466,0,14,89,3,106,251,82,216,23,572,34,2,36,608
01/20/2005,SAT,TX,ASW,CE,Combined TRACON& Tower with Radar,258,69,155,12,494,0,28,134,2,164,258,97,289,14,658,12,0,12,670
01/21/2005,SAT,TX,ASW,CE,Combined TRACON& Tower with Radar,259,82,138,21,500,0,5,182,9,196,259,87,320,30,696,62,0,62,758
01/22/2005,SAT,TX,ASW,CE,Combined TRACON& Tower with Radar,199,58,107,9,373,0,2,57,4,63,199,60,164,13,436,32,0,32,468
01/23/2005,SAT,TX,ASW,CE,Combined TRACON& Tower with Radar,210,33,65,12,320,0,12,102,5,119,210,45,167,17,439,14,10,24,463
01/24/2005,SAT,TX,ASW,CE,Combined TRACON& Tower with Radar,228,41,77,8,354,0,16,141,6,163,228,57,218,14,517,30,0,30,547
01/25/2005,SAT,TX,ASW,CE,Combined TRACON& Tower with Radar,246,67,84,9,406,0,16,172,4,192,246,83,256,13,598,16,0,16,614
01/26/2005,SAT,TX,ASW,CE,Combined TRACON& Tower with Radar,245,77,115,11,448,0,19,152,3,174,245,96,267,14,622,34,0,34,656
01/27/2005,SAT,TX,ASW,CE,Combined TRACON& Tower with Radar,259,69,145,10,483,0,3,17,0,20,259,72,162,10,503,2,0,2,505
01/28/2005,SAT,TX,ASW,CE,Combined TRACON& Tower with Radar,257,78,175,14,524,0,13,41,2,56,257,91,216,16,580,12,0,12,592
01/29/2005,SAT,TX,ASW,CE,Combined TRACON& Tower with Radar,204,36,96,10,346,0,13,6,3,22,204,49,102,13,368,14,0,14,382
01/30/2005,SAT,TX,ASW,CE,Combined TRACON& Tower with Radar,196,52,88,5,341,0,7,0,0,7,196,59,88,5,348,0,0,0,348
01/31/2005,SAT,TX,ASW,CE,Combined TRACON& Tower with Radar,234,47,109,13,403,0,4,15,0,19,234,51,124,13,422,12,2,14,436
02/01/2005,SAT,TX,ASW,CE,Combined TRACON& Tower with Radar,255,73,106,5,439,0,4,9,2,15,255,77,115,7,454,0,0,0,454
02/02/2005,SAT,TX,ASW,CE,Combined TRACON& Tower with Radar,246,95,147,26,514,0,11,63,0,74,246,106,210,26,588,26,0,26,614
02/03/2005,SAT,TX,ASW,CE,Combined TRACON& Tower with Radar,254,105,128,22,509,0,17,182,12,211,254,122,310,34,720,14,2,16,736
02/04/2005,SAT,TX,ASW,CE,Combined TRACON& Tower with Radar,261,68,146,11,486,0,15,178,12,205,261,83,324,23,691,8,0,8,699
02/05/2005,SAT,TX,ASW,CE,Combined TRACON& Tower with Radar,208,52,120,2,382,0,12,99,0,111,208,64,219,2,493,16,0,16,509
02/06/2005,SAT,TX,ASW,CE,Combined TRACON& Tower with Radar,207,42,69,3,321,0,8,25,2,35,207,50,94,5,356,18,0,18,374
02/07/2005,SAT,TX,ASW,CE,Combined TRACON& Tower with Radar,231,64,118,22,435,0,7,83,3,93,231,71,201,25,528,10,2,12,540
02/08/2005,SAT,TX,ASW,CE,Combined TRACON& Tower with Radar,249,75,126,7,457,0,5,6,0,11,249,80,132,7,468,2,0,2,470
02/09/2005,SAT,TX,ASW,CE,Combined TRACON& Tower with Radar,251,60,146,6,463,0,14,19,3,36,251,74,165,9,499,10,0,10,509
02/10/2005,SAT,TX,ASW,CE,Combined TRACON& Tower with Radar,258,68,118,18,462,0,22,171,7,200,258,90,289,25,662,0,0,0,662
02/11/2005,SAT,TX,ASW,CE,Combined TRACON& Tower with Radar,253,64,144,18,479,0,6,121,0,127,253,70,265,18,606,22,4,26,632
02/12/2005,SAT,TX,ASW,CE,Combined TRACON& Tower with Radar,215,43,125,3,386,0,15,1,2,18,215,58,126,5,404,0,0,0,404
02/13/2005,SAT,TX,ASW,CE,Combined TRACON& Tower with Radar,212,40,77,6,335,0,15,93,4,112,212,55,170,10,447,6,0,6,453
02/14/2005,SAT,TX,ASW,CE,Combined TRACON& Tower with Radar,234,50,78,13,375,0,12,193,4,209,234,62,271,17,584,12,0,12,596
02/15/2005,SAT,TX,ASW,CE,Combined TRACON& Tower with Radar,255,57,110,14,436,0,14,190,14,218,255,71,300,28,654,22,6,28,682
02/16/2005,SAT,TX,ASW,CE,Combined TRACON& Tower with Radar,252,71,134,11,468,0,22,160,15,197,252,93,294,26,665,42,0,42,707
02/17/2005,SAT,TX,ASW,CE,Combined TRACON& Tower with Radar,265,59,177,19,520,0,26,96,6,128,265,85,273,25,648,12,0,12,660
02/18/2005,SAT,TX,ASW,CE,Combined TRACON& Tower with Radar,256,73,198,31,558,0,13,84,9,106,256,86,282,40,664,0,4,4,668
02/19/2005,SAT,TX,ASW,CE,Combined TRACON& Tower with Radar,203,43,96,11,353,0,6,7,1,14,203,49,103,12,367,10,0,10,377
02/20/2005,SAT,TX,ASW,CE,Combined TRACON& Tower with Radar,200,32,81,4,317,0,7,22,0,29,200,39,103,4,346,0,0,0,346
02/21/2005,SAT,TX,ASW,CE,Combined TRACON& Tower with Radar,221,43,150,11,425,0,23,59,19,101,221,66,209,30,526,24,0,24,550
02/22/2005,SAT,TX,ASW,CE,Combined TRACON& Tower with Radar,254,45,149,9,457,0,7,58,1,66,254,52,207,10,523,10,0,10,533
02/23/2005,SAT,TX,ASW,CE,Combined TRACON& Tower with Radar,253,71,137,13,474,0,11,57,9,77,253,82,194,22,551,40,2,42,593
02/24/2005,SAT,TX,ASW,CE,Combined TRACON& Tower with Radar,261,67,152,12,492,0,6,30,6,42,261,73,182,18,534,56,4,60,594
02/25/2005,SAT,TX,ASW,CE,Combined TRACON& Tower with Radar,258,81,158,8,505,0,3,46,8,57,258,84,204,16,562,2,6,8,570
02/26/2005,SAT,TX,ASW,CE,Combined TRACON& Tower with Radar,216,50,68,4,338,0,3,10,4,17,216,53,78,8,355,8,0,8,363
02/27/2005,SAT,TX,ASW,CE,Combined TRACON& Tower with Radar,209,36,92,7,344,0,5,102,15,122,209,41,194,22,466,6,2,8,474
02/28/2005,SAT,TX,ASW,CE,Combined TRACON& Tower with Radar,235,42,93,7,377,0,11,211,7,229,235,53,304,14,606,16,2,18,624
03/01/2005,SAT,TX,ASW,CE,Combined TRACON& Tower with Radar,258,56,125,14,453,0,23,183,6,212,258,79,308,20,665,52,0,52,717
03/02/2005,SAT,TX,ASW,CE,Combined TRACON& Tower with Radar,256,71,143,6,476,0,12,21,12,45,256,83,164,18,521,50,0,50,571
03/03/2005,SAT,TX,ASW,CE,Combined TRACON& Tower with Radar,267,69,165,11,512,0,11,123,4,138,267,80,288,15,650,25,0,25,675
03/04/2005,SAT,TX,ASW,CE,Combined TRACON& Tower with Radar,264,81,207,18,570,0,16,84,7,107,264,97,291,25,677,10,0,10,687
03/05/2005,SAT,TX,ASW,CE,Combined TRACON& Tower with Radar,217,44,79,10,350,0,10,20,0,30,217,54,99,10,380,6,0,6,386
03/06/2005,SAT,TX,ASW,CE,Combined TRACON& Tower with Radar,228,35,90,20,373,0,8,1,1,10,228,43,91,21,383,10,2,12,395
03/07/2005,SAT,TX,ASW,CE,Combined TRACON& Tower with Radar,238,41,107,8,394,0,10,105,4,119,238,51,212,12,513,12,0,12,525
03/08/2005,SAT,TX,ASW,CE,Combined TRACON& Tower with Radar,263,55,116,21,455,0,17,176,10,203,263,72,292,31,658,14,2,16,674
03/09/2005,SAT,TX,ASW,CE,Combined TRACON& Tower with Radar,266,55,131,19,471,0,18,165,4,187,266,73,296,23,658,36,6,42,700
03/10/2005,SAT,TX,ASW,CE,Combined TRACON& Tower with Radar,275,70,140,13,498,0,28,187,3,218,275,98,327,16,716,10,0,10,726
03/11/2005,SAT,TX,ASW,CE,Combined TRACON& Tower with Radar,273,55,139,11,478,0,25,215,6,246,273,80,354,17,724,4,2,6,730
03/12/2005,SAT,TX,ASW,CE,Combined TRACON& Tower with Radar,229,37,66,2,334,0,39,171,0,210,229,76,237,2,544,20,0,20,564
03/13/2005,SAT,TX,ASW,CE,Combined TRACON& Tower with Radar,224,39,76,3,342,0,22,127,2,151,224,61,203,5,493,46,0,46,539
03/14/2005,SAT,TX,ASW,CE,Combined TRACON& Tower with Radar,224,39,76,3,342,0,22,127,2,151,224,61,203,5,493,8,4,12,505
03/15/2005,SAT,TX,ASW,CE,Combined TRACON& Tower with Radar,224,39,76,3,342,0,22,127,2,151,224,61,203,5,493,4,0,4,497
03/16/2005,SAT,TX,ASW,CE,Combined TRACON& Tower with Radar,272,53,134,19,478,0,17,43,6,66,272,70,177,25,544,10,4,14,558
03/17/2005,SAT,TX,ASW,CE,Combined TRACON& Tower with Radar,276,48,128,2,454,0,24,230,6,260,276,72,358,8,714,18,0,18,732
03/18/2005,SAT,TX,ASW,CE,Combined TRACON& Tower with Radar,273,58,136,11,478,0,27,231,5,263,273,85,367,16,741,12,0,12,753
03/19/2005,SAT,TX,ASW,CE,Combined TRACON& Tower with Radar,241,45,200,10,496,0,41,125,2,168,241,86,325,12,664,48,2,50,714
03/20/2005,SAT,TX,ASW,CE,Combined TRACON& Tower with Radar,229,43,176,6,454,0,12,83,2,97,229,55,259,8,551,50,2,52,603
03/21/2005,SAT,TX,ASW,CE,Combined TRACON& Tower with Radar,255,33,92,11,391,0,23,106,8,137,255,56,198,19,528,22,0,22,550
03/22/2005,SAT,TX,ASW,CE,Combined TRACON& Tower with Radar,268,58,125,6,457,0,23,198,5,226,268,81,323,11,683,40,0,40,723
03/23/2005,SAT,TX,ASW,CE,Combined TRACON& Tower with Radar,268,61,130,11,470,0,14,223,3,240,268,75,353,14,710,28,38,66,776
03/24/2005,SAT,TX,ASW,CE,Combined TRACON& Tower with Radar,274,62,128,21,485,0,23,170,5,198,274,85,298,26,683,20,2,22,705
03/25/2005,SAT,TX,ASW,CE,Combined TRACON& Tower with Radar,276,56,127,12,471,0,21,138,7,166,276,77,265,19,637,18,2,20,657
03/26/2005,SAT,TX,ASW,CE,Combined TRACON& Tower with Radar,232,26,63,3,324,0,17,21,0,38,232,43,84,3,362,22,0,22,384
03/27/2005,SAT,TX,ASW,CE,Combined TRACON& Tower with Radar,232,26,63,3,324,0,17,21,0,38,232,43,84,3,362,36,0,36,398
03/28/2005,SAT,TX,ASW,CE,Combined TRACON& Tower with Radar,237,37,123,13,410,0,18,212,3,233,237,55,335,16,643,6,0,6,649
03/29/2005,SAT,TX,ASW,CE,Combined TRACON& Tower with Radar,284,45,131,18,478,0,16,104,7,127,284,61,235,25,605,12,0,12,617
03/30/2005,SAT,TX,ASW,CE,Combined TRACON& Tower with Radar,278,53,148,16,495,0,16,165,2,183,278,69,313,18,678,18,0,18,696
03/31/2005,SAT,TX,ASW,CE,Combined TRACON& Tower with Radar,269,56,155,5,485,0,12,188,3,203,269,68,343,8,688,52,0,52,740
04/01/2005,SAT,TX,ASW,CE,Combined TRACON& Tower with Radar,276,73,133,27,509,0,9,79,0,88,276,82,212,27,597,0,0,0,597
04/02/2005,SAT,TX,ASW,CE,Combined TRACON& Tower with Radar,225,44,88,9,366,0,21,175,8,204,225,65,263,17,570,12,0,12,582
04/03/2005,SAT,TX,ASW,CE,Combined TRACON& Tower with Radar,225,40,97,4,366,0,21,141,5,167,225,61,238,9,533,0,0,0,533
04/04/2005,SAT,TX,ASW,CE,Combined TRACON& Tower with Radar,250,19,139,8,416,0,17,109,19,145,250,36,248,27,561,4,0,4,565
04/05/2005,SAT,TX,ASW,CE,Combined TRACON& Tower with Radar,269,59,143,9,480,0,13,70,19,102,269,72,213,28,582,10,4,14,596
04/06/2005,SAT,TX,ASW,CE,Combined TRACON& Tower with Radar,293,57,132,14,496,0,30,173,13,216,293,87,305,27,712,36,4,40,752
04/07/2005,SAT,TX,ASW,CE,Combined TRACON& Tower with Radar,275,49,120,4,448,0,26,186,0,212,275,75,306,4,660,18,0,18,678
04/08/2005,SAT,TX,ASW,CE,Combined TRACON& Tower with Radar,283,64,149,12,508,0,0,240,4,244,283,64,389,16,752,0,0,0,752
04/09/2005,SAT,TX,ASW,CE,Combined TRACON& Tower with Radar,229,39,77,8,353,0,24,89,2,115,229,63,166,10,468,20,2,22,490
04/10/2005,SAT,TX,ASW,CE,Combined TRACON& Tower with Radar,223,24,82,4,333,0,17,44,2,63,223,41,126,6,396,0,0,0,396
04/11/2005,SAT,TX,ASW,CE,Combined TRACON& Tower with Radar,262,23,117,14,416,0,13,115,6,134,262,36,232,20,550,18,2,20,570
04/12/2005,SAT,TX,ASW,CE,Combined TRACON& Tower with Radar,280,40,111,8,439,0,19,199,4,222,280,59,310,12,661,40,0,40,701
04/13/2005,SAT,TX,ASW,CE,Combined TRACON& Tower with Radar,277,47,127,9,460,0,15,228,3,246,277,62,355,12,706,21,4,25,731
04/14/2005,SAT,TX,ASW,CE,Combined TRACON& Tower with Radar,274,50,124,13,461,0,28,187,11,226,274,78,311,24,687,30,8,38,725
04/15/2005,SAT,TX,ASW,CE,Combined TRACON& Tower with Radar,279,45,151,6,481,0,28,189,1,218,279,73,340,7,699,10,2,12,711
04/16/2005,SAT,TX,ASW,CE,Combined TRACON& Tower with Radar,232,32,78,3,345,0,34,84,4,122,232,66,162,7,467,10,0,10,477
04/17/2005,SAT,TX,ASW,CE,Combined TRACON& Tower with Radar,231,25,112,2,370,0,10,64,0,74,231,35,176,2,444,0,0,0,444
04/18/2005,SAT,TX,ASW,CE,Combined TRACON& Tower with Radar,250,33,128,18,429,0,9,24,4,37,250,42,152,22,466,32,4,36,502
04/19/2005,SAT,TX,ASW,CE,Combined TRACON& Tower with Radar,273,56,153,7,489,0,6,63,5,74,273,62,216,12,563,32,0,32,595
04/20/2005,SAT,TX,ASW,CE,Combined TRACON& Tower with Radar,273,58,164,14,509,0,23,67,6,96,273,81,231,20,605,49,12,61,666
04/21/2005,SAT,TX,ASW,CE,Combined TRACON& Tower with Radar,278,60,146,24,508,0,31,91,0,122,278,91,237,24,630,26,4,30,660
04/22/2005,SAT,TX,ASW,CE,Combined TRACON& Tower with Radar,275,52,110,16,453,0,42,82,2,126,275,94,192,18,579,16,8,24,603
04/23/2005,SAT,TX,ASW,CE,Combined TRACON& Tower with Radar,237,28,67,2,334,0,29,109,3,141,237,57,176,5,475,10,0,10,485
04/24/2005,SAT,TX,ASW,CE,Combined TRACON& Tower with Radar,232,38,80,14,364,0,22,99,3,124,232,60,179,17,488,4,20,24,512
04/25/2005,SAT,TX,ASW,CE,Combined TRACON& Tower with Radar,244,30,128,6,408,0,13,91,1,105,244,43,219,7,513,38,0,38,551
04/26/2005,SAT,TX,ASW,CE,Combined TRACON& Tower with Radar,272,57,128,12,469,0,11,156,1,168,272,68,284,13,637,8,2,10,647
04/27/2005,SAT,TX,ASW,CE,Combined TRACON& Tower with Radar,273,69,154,9,505,0,15,202,9,226,273,84,356,18,731,22,2,24,755
04/28/2005,SAT,TX,ASW,CE,Combined TRACON& Tower with Radar,284,71,184,18,557,0,16,132,2,150,284,87,316,20,707,4,2,6,713
04/29/2005,SAT,TX,ASW,CE,Combined TRACON& Tower with Radar,278,68,172,14,532,0,15,123,14,152,278,83,295,28,684,0,0,0,684
04/30/2005,SAT,TX,ASW,CE,Combined TRACON& Tower with Radar,238,32,76,8,354,0,21,84,1,106,238,53,160,9,460,30,0,30,490
05/01/2005,SAT,TX,ASW,CE,Combined TRACON& Tower with Radar,234,32,81,3,350,0,17,110,4,131,234,49,191,7,481,22,4,26,507
05/02/2005,SAT,TX,ASW,CE,Combined TRACON& Tower with Radar,257,22,122,16,417,0,19,129,9,157,257,41,251,25,574,74,2,76,650
05/03/2005,SAT,TX,ASW,CE,Combined TRACON& Tower with Radar,275,45,105,3,428,0,17,115,8,140,275,62,220,11,568,24,2,26,594
05/04/2005,SAT,TX,ASW,CE,Combined TRACON& Tower with Radar,275,45,105,3,428,0,17,115,8,140,275,62,220,11,568,34,2,36,604
05/05/2005,SAT,TX,ASW,CE,Combined TRACON& Tower with Radar,284,46,132,9,471,0,22,162,5,189,284,68,294,14,660,20,8,28,688
05/06/2005,SAT,TX,ASW,CE,Combined TRACON& Tower with Radar,278,43,124,19,464,0,21,201,4,226,278,64,325,23,690,30,2,32,722
05/07/2005,SAT,TX,ASW,CE,Combined TRACON& Tower with Radar,241,39,81,13,374,0,21,57,4,82,241,60,138,17,456,8,0,8,464
05/08/2005,SAT,TX,ASW,CE,Combined TRACON& Tower with Radar,236,32,62,2,332,0,8,14,0,22,236,40,76,2,354,0,0,0,354
05/09/2005,SAT,TX,ASW,CE,Combined TRACON& Tower with Radar,264,38,114,17,433,0,18,120,4,142,264,56,234,21,575,14,4,18,593
05/10/2005,SAT,TX,ASW,CE,Combined TRACON& Tower with Radar,267,69,171,15,522,0,21,87,10,118,267,90,258,25,640,18,2,20,660
05/11/2005,SAT,TX,ASW,CE,Combined TRACON& Tower with Radar,281,40,172,17,510,0,7,80,3,90,281,47,252,20,600,30,4,34,634
05/12/2005,SAT,TX,ASW,CE,Combined TRACON& Tower with Radar,277,61,161,22,521,0,17,75,4,96,277,78,236,26,617,18,10,28,645
05/13/2005,SAT,TX,ASW,CE,Combined TRACON& Tower with Radar,279,67,132,18,496,0,24,93,11,128,279,91,225,29,624,18,0,18,642
05/14/2005,SAT,TX,ASW,CE,Combined TRACON& Tower with Radar,236,36,88,8,368,0,18,73,3,94,236,54,161,11,462,20,0,20,482
05/15/2005,SAT,TX,ASW,CE,Combined TRACON& Tower with Radar,231,38,77,0,346,0,30,86,6,122,231,68,163,6,468,12,2,14,482
05/16/2005,SAT,TX,ASW,CE,Combined TRACON& Tower with Radar,251,31,124,16,422,0,22,118,5,145,251,53,242,21,567,50,6,56,623
05/17/2005,SAT,TX,ASW,CE,Combined TRACON& Tower with Radar,268,50,158,12,488,0,24,143,6,173,268,74,301,18,661,49,2,51,712
05/18/2005,SAT,TX,ASW,CE,Combined TRACON& Tower with Radar,276,54,150,24,504,0,13,161,0,174,276,67,311,24,678,14,10,24,702
05/19/2005,SAT,TX,ASW,CE,Combined TRACON& Tower with Radar,273,57,121,17,468,0,30,140,7,177,273,87,261,24,645,12,4,16,661
05/20/2005,SAT,TX,ASW,CE,Combined TRACON& Tower with Radar,280,73,126,16,495,0,26,151,2,179,280,99,277,18,674,28,2,30,704
05/21/2005,SAT,TX,ASW,CE,Combined TRACON& Tower with Radar,237,27,91,4,359,0,22,133,2,157,237,49,224,6,516,10,0,10,526
05/22/2005,SAT,TX,ASW,CE,Combined TRACON& Tower with Radar,227,29,58,6,320,0,22,129,1,152,227,51,187,7,472,24,0,24,496
05/23/2005,SAT,TX,ASW,CE,Combined TRACON& Tower with Radar,251,32,113,10,406,0,20,149,2,171,251,52,262,12,577,14,0,14,591
05/24/2005,SAT,TX,ASW,CE,Combined TRACON& Tower with Radar,274,59,109,19,461,0,26,171,1,198,274,85,280,20,659,14,4,18,677
05/25/2005,SAT,TX,ASW,CE,Combined TRACON& Tower with Radar,274,68,133,17,492,0,45,186,6,237,274,113,319,23,729,0,0,0,729
05/26/2005,SAT,TX,ASW,CE,Combined TRACON& Tower with Radar,281,67,123,17,488,0,23,98,8,129,281,90,221,25,617,30,0,30,647
05/27/2005,SAT,TX,ASW,CE,Combined TRACON& Tower with Radar,283,65,84,4,436,0,28,170,1,199,283,93,254,5,635,12,0,12,647
05/28/2005,SAT,TX,ASW,CE,Combined TRACON& Tower with Radar,238,27,43,0,308,0,29,76,0,105,238,56,119,0,413,20,0,20,433
05/29/2005,SAT,TX,ASW,CE,Combined TRACON& Tower with Radar,206,19,35,0,260,0,13,47,0,60,206,32,82,0,320,4,0,4,324
05/30/2005,SAT,TX,ASW,CE,Combined TRACON& Tower with Radar,206,19,35,0,260,0,13,47,0,60,206,32,82,0,320,4,0,4,324
05/31/2005,SAT,TX,ASW,CE,Combined TRACON& Tower with Radar,251,50,118,17,436,0,40,142,4,186,251,90,260,21,622,0,34,34,656
06/01/2005,SAT,TX,ASW,CE,Combined TRACON& Tower with Radar,270,74,91,16,451,0,38,184,5,227,270,112,275,21,678,117,10,127,805
06/02/2005,SAT,TX,ASW,CE,Combined TRACON& Tower with Radar,270,74,91,16,451,0,38,184,5,227,270,112,275,21,678,44,2,46,724
06/03/2005,SAT,TX,ASW,CE,Combined TRACON& Tower with Radar,282,69,153,13,517,0,36,67,8,111,282,105,220,21,628,10,4,14,642
06/04/2005,SAT,TX,ASW,CE,Combined TRACON& Tower with Radar,238,29,92,2,361,0,34,70,6,110,238,63,162,8,471,14,2,16,487
06/05/2005,SAT,TX,ASW,CE,Combined TRACON& Tower with Radar,238,29,92,2,361,0,34,70,6,110,238,63,162,8,471,38,0,38,509
06/06/2005,SAT,TX,ASW,CE,Combined TRACON& Tower with Radar,248,40,109,18,415,0,31,153,27,211,248,71,262,45,626,24,0,24,650
06/07/2005,SAT,TX,ASW,CE,Combined TRACON& Tower with Radar,291,70,111,9,481,0,24,114,30,168,291,94,225,39,649,12,12,24,673
06/08/2005,SAT,TX,ASW,CE,Combined TRACON& Tower with Radar,281,64,154,17,516,0,31,151,8,190,281,95,305,25,706,0,6,6,712
06/09/2005,SAT,TX,ASW,CE,Combined TRACON& Tower with Radar,287,54,164,20,525,0,27,102,5,134,287,81,266,25,659,18,4,22,681
06/10/2005,SAT,TX,ASW,CE,Combined TRACON& Tower with Radar,286,60,153,15,514,0,42,202,6,250,286,102,355,21,764,36,0,36,800
06/11/2005,SAT,TX,ASW,CE,Combined TRACON& Tower with Radar,243,30,109,2,384,0,22,94,4,120,243,52,203,6,504,20,0,20,524
06/12/2005,SAT,TX,ASW,CE,Combined TRACON& Tower with Radar,244,38,97,5,384,0,22,106,1,129,244,60,203,6,513,14,0,14,527
06/13/2005,SAT,TX,ASW,CE,Combined TRACON& Tower with Radar,280,41,144,10,475,0,20,89,0,109,280,61,233,10,584,32,2,34,618
06/14/2005,SAT,TX,ASW,CE,Combined TRACON& Tower with Radar,287,58,132,17,494,0,19,146,10,175,287,77,278,27,669,32,4,36,705
06/15/2005,SAT,TX,ASW,CE,Combined TRACON& Tower with Radar,289,54,126,7,476,0,25,145,3,173,289,79,271,10,649,22,4,26,675
06/16/2005,SAT,TX,ASW,CE,Combined TRACON& Tower with Radar,289,62,135,19,505,0,23,146,17,186,289,85,281,36,691,10,2,12,703
06/17/2005,SAT,TX,ASW,CE,Combined TRACON& Tower with Radar,286,49,135,13,483,0,46,163,20,229,286,95,298,33,712,30,20,50,762
06/18/2005,SAT,TX,ASW,CE,Combined TRACON& Tower with Radar,243,30,77,10,360,0,37,123,1,161,243,67,200,11,521,18,4,22,543
06/19/2005,SAT,TX,ASW,CE,Combined TRACON& Tower with Radar,246,21,82,1,350,0,52,106,0,158,246,73,188,1,508,38,0,38,546
06/20/2005,SAT,TX,ASW,CE,Combined TRACON& Tower with Radar,270,28,90,5,393,0,48,121,0,169,270,76,211,5,562,20,2,22,584
06/21/2005,SAT,TX,ASW,CE,Combined TRACON& Tower with Radar,286,55,93,10,444,0,29,180,4,213,286,84,273,14,657,54,4,58,715
06/22/2005,SAT,TX,ASW,CE,Combined TRACON& Tower with Radar,290,48,111,13,462,0,30,209,9,248,290,78,320,22,710,20,10,30,740
06/23/2005,SAT,TX,ASW,CE,Combined TRACON& Tower with Radar,286,57,128,16,487,0,47,165,21,233,286,104,293,37,720,38,4,42,762
06/24/2005,SAT,TX,ASW,CE,Combined TRACON& Tower with Radar,292,82,152,7,533,0,32,161,12,205,292,114,313,19,738,32,2,34,772
06/25/2005,SAT,TX,ASW,CE,Combined TRACON& Tower with Radar,244,31,76,4,355,0,22,130,7,159,244,53,206,11,514,48,0,48,562
06/26/2005,SAT,TX,ASW,CE,Combined TRACON& Tower with Radar,246,26,73,3,348,0,33,112,1,146,246,59,185,4,494,34,0,34,528
06/27/2005,SAT,TX,ASW,CE,Combined TRACON& Tower with Radar,264,26,86,12,388,0,34,119,6,159,264,60,205,18,547,12,0,12,559
06/28/2005,SAT,TX,ASW,CE,Combined TRACON& Tower with Radar,282,43,129,18,472,0,32,159,8,199,282,75,288,26,671,26,2,28,699
06/29/2005,SAT,TX,ASW,CE,Combined TRACON& Tower with Radar,288,57,119,24,488,0,25,206,12,243,288,82,325,36,731,66,8,74,805
06/30/2005,SAT,TX,ASW,CE,Combined TRACON& Tower with Radar,284,56,129,17,486,0,44,153,7,204,284,100,282,24,690,58,4,62,752
07/01/2005,SAT,TX,ASW,CE,Combined TRACON& Tower with Radar,294,52,99,14,459,0,47,159,1,207,294,99,258,15,666,22,0,22,688
07/02/2005,SAT,TX,ASW,CE,Combined TRACON& Tower with Radar,257,34,67,2,360,0,36,93,0,129,257,70,160,2,489,34,0,34,523
07/03/2005,SAT,TX,ASW,CE,Combined TRACON& Tower with Radar,216,16,31,4,267,0,44,67,0,111,216,60,98,4,378,20,2,22,400
07/04/2005,SAT,TX,ASW,CE,Combined TRACON& Tower with Radar,216,16,31,4,267,0,44,67,0,111,216,60,98,4,378,6,0,6,384
07/05/2005,SAT,TX,ASW,CE,Combined TRACON& Tower with Radar,261,27,96,7,391,0,42,140,2,184,261,69,236,9,575,20,0,20,595
07/06/2005,SAT,TX,ASW,CE,Combined TRACON& Tower with Radar,291,57,109,17,474,0,34,190,5,229,291,91,299,22,703,20,8,28,731
07/07/2005,SAT,TX,ASW,CE,Combined TRACON& Tower with Radar,283,62,100,16,461,0,37,197,5,239,283,99,297,21,700,36,6,42,742
07/08/2005,SAT,TX,ASW,CE,Combined TRACON& Tower with Radar,324,60,119,19,522,0,43,158,9,210,324,103,277,28,732,6,0,6,738
07/09/2005,SAT,TX,ASW,CE,Combined TRACON& Tower with Radar,243,41,66,6,356,0,22,118,5,145,243,63,184,11,501,20,0,20,521
07/10/2005,SAT,TX,ASW,CE,Combined TRACON& Tower with Radar,258,23,95,5,381,0,30,101,2,133,258,53,196,7,514,12,0,12,526
07/11/2005,SAT,TX,ASW,CE,Combined TRACON& Tower with Radar,274,28,75,14,391,0,31,156,2,189,274,59,231,16,580,24,4,28,608
07/12/2005,SAT,TX,ASW,CE,Combined TRACON& Tower with Radar,288,54,94,23,459,0,25,175,3,203,288,79,269,26,662,12,6,18,680
07/13/2005,SAT,TX,ASW,CE,Combined TRACON& Tower with Radar,296,50,139,21,506,0,34,178,31,243,296,84,317,52,749,14,26,40,789
07/14/2005,SAT,TX,ASW,CE,Combined TRACON& Tower with Radar,288,62,115,15,480,0,24,150,5,179,288,86,265,20,659,16,6,22,681
07/15/2005,SAT,TX,ASW,CE,Combined TRACON& Tower with Radar,282,53,139,16,490,0,34,129,4,167,282,87,268,20,657,22,0,22,679
07/16/2005,SAT,TX,ASW,CE,Combined TRACON& Tower with Radar,253,34,76,4,367,0,22,66,1,89,253,56,142,5,456,26,0,26,482
07/17/2005,SAT,TX,ASW,CE,Combined TRACON& Tower with Radar,254,24,76,0,354,0,28,27,0,55,254,52,103,0,409,0,0,0,409
07/18/2005,SAT,TX,ASW,CE,Combined TRACON& Tower with Radar,270,35,111,4,420,0,17,87,0,104,270,52,198,4,524,2,0,2,526
07/19/2005,SAT,TX,ASW,CE,Combined TRACON& Tower with Radar,291,58,102,20,471,0,29,114,9,152,291,87,216,29,623,6,0,6,629
07/20/2005,SAT,TX,ASW,CE,Combined TRACON& Tower with Radar,285,61,119,14,479,0,31,50,3,84,285,92,169,17,563,10,0,10,573
07/21/2005,SAT,TX,ASW,CE,Combined TRACON& Tower with Radar,285,61,119,14,479,0,31,50,3,84,285,92,169,17,563,0,0,0,563
07/22/2005,SAT,TX,ASW,CE,Combined TRACON& Tower with Radar,296,56,125,24,501,0,26,206,10,242,296,82,331,34,743,18,8,26,769
07/23/2005,SAT,TX,ASW,CE,Combined TRACON& Tower with Radar,256,40,71,7,374,0,38,122,2,162,256,78,193,9,536,20,0,20,556
07/24/2005,SAT,TX,ASW,CE,Combined TRACON& Tower with Radar,244,21,102,3,370,0,39,73,3,115,244,60,175,6,485,6,0,6,491
07/25/2005,SAT,TX,ASW,CE,Combined TRACON& Tower with Radar,259,43,97,8,407,0,28,170,0,198,259,71,267,8,605,12,4,16,621
07/26/2005,SAT,TX,ASW,CE,Combined TRACON& Tower with Radar,293,51,162,17,523,0,27,146,0,173,293,78,308,17,696,40,2,42,738
07/27/2005,SAT,TX,ASW,CE,Combined TRACON& Tower with Radar,288,68,151,6,513,0,41,141,8,190,288,109,292,14,703,22,0,22,725
07/28/2005,SAT,TX,ASW,CE,Combined TRACON& Tower with Radar,294,68,142,5,509,0,18,115,6,139,294,86,257,11,648,16,2,18,666
07/29/2005,SAT,TX,ASW,CE,Combined TRACON& Tower with Radar,285,56,124,10,475,0,30,172,2,204,285,86,296,12,679,14,0,14,693
07/30/2005,SAT,TX,ASW,CE,Combined TRACON& Tower with Radar,251,41,61,3,356,0,45,122,0,167,251,86,183,3,523,15,0,15,538
07/31/2005,SAT,TX,ASW,CE,Combined TRACON& Tower with Radar,248,12,54,4,318,0,18,89,0,107,248,30,143,4,425,30,0,30,455
08/01/2005,SAT,TX,ASW,CE,Combined TRACON& Tower with Radar,256,42,64,9,371,0,15,165,5,185,256,57,229,14,556,10,0,10,566
08/02/2005,SAT,TX,ASW,CE,Combined TRACON& Tower with Radar,298,64,117,12,491,0,22,182,29,233,298,86,299,41,724,24,2,26,750
08/03/2005,SAT,TX,ASW,CE,Combined TRACON& Tower with Radar,288,61,111,12,472,0,25,166,21,212,288,86,277,33,684,12,2,14,698
08/04/2005,SAT,TX,ASW,CE,Combined TRACON& Tower with Radar,280,51,114,15,460,0,27,182,6,215,280,78,296,21,675,20,6,26,701
08/05/2005,SAT,TX,ASW,CE,Combined TRACON& Tower with Radar,290,64,145,7,506,0,22,108,7,137,290,86,253,14,643,8,0,8,651
08/06/2005,SAT,TX,ASW,CE,Combined TRACON& Tower with Radar,243,42,65,3,353,0,25,119,0,144,243,67,184,3,497,20,0,20,517
08/07/2005,SAT,TX,ASW,CE,Combined TRACON& Tower with Radar,245,26,89,4,364,0,26,85,2,113,245,52,174,6,477,20,2,22,499
08/08/2005,SAT,TX,ASW,CE,Combined TRACON& Tower with Radar,270,28,122,15,435,0,35,139,9,183,270,63,261,24,618,48,12,60,678
08/09/2005,SAT,TX,ASW,CE,Combined TRACON& Tower with Radar,298,55,127,9,489,0,22,98,15,135,298,77,225,24,624,16,2,18,642
08/10/2005,SAT,TX,ASW,CE,Combined TRACON& Tower with Radar,289,59,101,5,454,0,18,37,0,55,289,77,138,5,509,8,0,8,517
08/11/2005,SAT,TX,ASW,CE,Combined TRACON& Tower with Radar,283,50,129,8,470,0,5,112,1,118,283,55,241,9,588,24,0,24,612
08/12/2005,SAT,TX,ASW,CE,Combined TRACON& Tower with Radar,295,66,139,25,525,0,20,169,5,194,295,86,308,30,719,32,4,36,755
08/13/2005,SAT,TX,ASW,CE,Combined TRACON& Tower with Radar,245,40,69,2,356,0,25,99,1,125,245,65,168,3,481,34,2,36,517
08/14/2005,SAT,TX,ASW,CE,Combined TRACON& Tower with Radar,257,23,83,10,373,0,32,91,0,123,257,55,174,10,496,36,2,38,534
08/15/2005,SAT,TX,ASW,CE,Combined TRACON& Tower with Radar,269,32,99,17,417,0,21,113,10,144,269,53,212,27,561,28,8,36,597
08/16/2005,SAT,TX,ASW,CE,Combined TRACON& Tower with Radar,276,53,93,20,442,0,30,133,30,193,276,83,226,50,635,40,4,44,679
08/17/2005,SAT,TX,ASW,CE,Combined TRACON& Tower with Radar,283,64,119,18,484,0,16,148,4,168,283,80,267,22,652,4,4,8,660
08/18/2005,SAT,TX,ASW,CE,Combined TRACON& Tower with Radar,280,59,119,20,478,0,11,170,14,195,280,70,289,34,673,38,6,44,717
08/19/2005,SAT,TX,ASW,CE,Combined TRACON& Tower with Radar,288,57,159,15,519,0,25,134,9,168,288,82,293,24,687,22,5,27,714
08/20/2005,SAT,TX,ASW,CE,Combined TRACON& Tower with Radar,251,37,69,4,361,0,40,131,16,187,251,77,200,20,548,12,0,12,560
08/21/2005,SAT,TX,ASW,CE,Combined TRACON& Tower with Radar,251,37,69,4,361,0,40,131,16,187,251,77,200,20,548,12,2,14,562
08/22/2005,SAT,TX,ASW,CE,Combined TRACON& Tower with Radar,264,35,115,8,422,0,29,140,6,175,264,64,255,14,597,16,2,18,615
08/23/2005,SAT,TX,ASW,CE,Combined TRACON& Tower with Radar,284,49,106,25,464,0,21,184,9,214,284,70,290,34,678,24,2,26,704
08/24/2005,SAT,TX,ASW,CE,Combined TRACON& Tower with Radar,281,59,107,19,466,0,32,147,6,185,281,91,254,25,651,0,0,0,651
08/25/2005,SAT,TX,ASW,CE,Combined TRACON& Tower with Radar,280,68,114,26,488,0,26,152,8,186,280,94,266,34,674,26,2,28,702
08/26/2005,SAT,TX,ASW,CE,Combined TRACON& Tower with Radar,285,53,96,15,449,0,11,200,6,217,285,64,296,21,666,24,6,30,696
08/27/2005,SAT,TX,ASW,CE,Combined TRACON& Tower with Radar,242,28,86,14,370,0,22,138,4,164,242,50,224,18,534,44,0,44,578
08/28/2005,SAT,TX,ASW,CE,Combined TRACON& Tower with Radar,241,34,72,8,355,0,41,74,2,117,241,75,146,10,472,18,4,22,494
08/29/2005,SAT,TX,ASW,CE,Combined TRACON& Tower with Radar,270,33,89,15,407,0,28,122,5,155,270,61,211,20,562,4,0,4,566
08/30/2005,SAT,TX,ASW,CE,Combined TRACON& Tower with Radar,284,47,95,8,434,0,16,143,9,168,284,63,238,17,602,16,0,16,618
08/31/2005,SAT,TX,ASW,CE,Combined TRACON& Tower with Radar,285,58,121,19,483,0,24,153,14,191,285,82,274,33,674,42,0,42,716
09/01/2005,SAT,TX,ASW,CE,Combined TRACON& Tower with Radar,282,65,117,30,494,0,36,128,10,174,282,101,245,40,668,42,4,46,714
09/02/2005,SAT,TX,ASW,CE,Combined TRACON& Tower with Radar,276,53,118,14,461,0,41,144,6,191,276,94,262,20,652,18,0,18,670
09/03/2005,SAT,TX,ASW,CE,Combined TRACON& Tower with Radar,245,37,78,6,366,0,41,88,3,132,245,78,166,9,498,26,0,26,524
09/04/2005,SAT,TX,ASW,CE,Combined TRACON& Tower with Radar,185,14,48,1,248,0,45,52,3,100,185,59,100,4,348,20,0,20,368
09/05/2005,SAT,TX,ASW,CE,Combined TRACON& Tower with Radar,185,14,45,1,245,0,45,55,3,103,185,59,100,4,348,14,0,14,362
09/06/2005,SAT,TX,ASW,CE,Combined TRACON& Tower with Radar,259,52,103,8,422,0,31,123,6,160,259,83,226,14,582,18,0,18,600
09/07/2005,SAT,TX,ASW,CE,Combined TRACON& Tower with Radar,195,48,55,8,306,0,19,95,8,122,195,67,150,16,428,16,8,24,452
09/08/2005,SAT,TX,ASW,CE,Combined TRACON& Tower with Radar,284,70,102,19,475,0,33,174,2,209,284,103,276,21,684,8,8,16,700
09/09/2005,SAT,TX,ASW,CE,Combined TRACON& Tower with Radar,285,54,102,12,453,0,35,173,5,213,285,89,275,17,666,6,4,10,676
09/10/2005,SAT,TX,ASW,CE,Combined TRACON& Tower with Radar,233,37,90,6,366,0,34,55,1,90,233,71,145,7,456,10,0,10,466
09/11/2005,SAT,TX,ASW,CE,Combined TRACON& Tower with Radar,233,37,90,6,366,0,34,55,1,90,233,71,145,7,456,8,0,8,464
09/12/2005,SAT,TX,ASW,CE,Combined TRACON& Tower with Radar,261,29,129,7,426,0,17,96,3,116,261,46,225,10,542,14,0,14,556
09/13/2005,SAT,TX,ASW,CE,Combined TRACON& Tower with Radar,282,68,159,11,520,0,26,153,29,208,282,94,312,40,728,18,8,26,754
09/14/2005,SAT,TX,ASW,CE,Combined TRACON& Tower with Radar,210,57,104,8,379,0,24,84,6,114,210,81,188,14,493,18,0,18,511
09/15/2005,SAT,TX,ASW,CE,Combined TRACON& Tower with Radar,279,82,167,8,536,1,33,102,9,145,280,115,269,17,681,0,0,0,681
09/16/2005,SAT,TX,ASW,CE,Combined TRACON& Tower with Radar,282,63,145,7,497,0,11,110,8,129,282,74,255,15,626,18,6,24,650
09/17/2005,SAT,TX,ASW,CE,Combined TRACON& Tower with Radar,225,32,79,2,338,0,10,95,4,109,225,42,174,6,447,42,0,42,489
09/18/2005,SAT,TX,ASW,CE,Combined TRACON& Tower with Radar,236,46,99,6,387,0,1,100,3,104,236,47,199,9,491,14,0,14,505
09/19/2005,SAT,TX,ASW,CE,Combined TRACON& Tower with Radar,255,37,153,19,464,0,8,100,12,120,255,45,253,31,584,16,0,16,600
09/20/2005,SAT,TX,ASW,CE,Combined TRACON& Tower with Radar,285,54,141,8,488,0,8,144,1,153,285,62,285,9,641,0,0,0,641
09/21/2005,SAT,TX,ASW,CE,Combined TRACON& Tower with Radar,281,66,131,3,481,0,11,158,0,169,281,77,289,3,650,24,0,24,674
09/22/2005,SAT,TX,ASW,CE,Combined TRACON& Tower with Radar,293,88,165,10,556,0,26,229,11,266,293,114,394,21,822,0,0,0,822
09/23/2005,SAT,TX,ASW,CE,Combined TRACON& Tower with Radar,286,79,107,9,481,0,13,125,6,144,286,92,232,15,625,0,0,0,625
09/24/2005,SAT,TX,ASW,CE,Combined TRACON& Tower with Radar,207,29,50,1,287,0,14,43,5,62,207,43,93,6,349,2,0,2,351
09/25/2005,SAT,TX,ASW,CE,Combined TRACON& Tower with Radar,222,38,93,10,363,0,10,76,5,91,222,48,169,15,454,0,0,0,454
09/26/2005,SAT,TX,ASW,CE,Combined TRACON& Tower with Radar,254,35,99,10,398,0,9,136,8,153,254,44,235,18,551,12,0,12,563
09/27/2005,SAT,TX,ASW,CE,Combined TRACON& Tower with Radar,273,58,119,14,464,0,10,160,12,182,273,68,279,26,646,0,0,0,646
09/28/2005,SAT,TX,ASW,CE,Combined TRACON& Tower with Radar,279,56,99,14,448,0,15,123,6,144,279,71,222,20,592,34,0,34,626
09/29/2005,SAT,TX,ASW,CE,Combined TRACON& Tower with Radar,282,59,119,3,463,0,5,82,9,96,282,64,201,12,559,10,26,36,595
09/30/2005,SAT,TX,ASW,CE,Combined TRACON& Tower with Radar,282,67,164,9,522,0,10,89,9,108,282,77,253,18,630,14,4,18,648
10/01/2005,SAT,TX,ASW,CE,Combined TRACON& Tower with Radar,241,34,102,2,379,0,7,83,0,90,241,41,185,2,469,22,4,26,495
10/02/2005,SAT,TX,ASW,CE,Combined TRACON& Tower with Radar,230,29,79,2,340,0,11,68,0,79,230,40,147,2,419,28,0,28,447
10/03/2005,SAT,TX,ASW,CE,Combined TRACON& Tower with Radar,262,36,133,2,433,0,2,92,1,95,262,38,225,3,528,16,0,16,544
10/04/2005,SAT,TX,ASW,CE,Combined TRACON& Tower with Radar,278,59,123,18,478,0,7,90,5,102,278,66,213,23,580,28,12,40,620
10/05/2005,SAT,TX,ASW,CE,Combined TRACON& Tower with Radar,279,51,134,20,484,0,4,105,1,110,279,55,239,21,594,10,6,16,610
10/06/2005,SAT,TX,ASW,CE,Combined TRACON& Tower with Radar,278,67,132,10,487,0,5,98,7,110,278,72,230,17,597,0,0,0,597
10/07/2005,SAT,TX,ASW,CE,Combined TRACON& Tower with Radar,277,64,149,23,513,0,6,25,1,32,277,70,174,24,545,0,0,0,545
10/08/2005,SAT,TX,ASW,CE,Combined TRACON& Tower with Radar,237,34,68,6,345,0,8,118,0,126,237,42,186,6,471,0,0,0,471
10/09/2005,SAT,TX,ASW,CE,Combined TRACON& Tower with Radar,231,24,86,2,343,0,5,133,1,139,231,29,219,3,482,38,0,38,520
10/10/2005,SAT,TX,ASW,CE,Combined TRACON& Tower with Radar,248,26,123,11,408,0,3,38,2,43,248,29,161,13,451,0,0,0,451
10/11/2005,SAT,TX,ASW,CE,Combined TRACON& Tower with Radar,273,42,124,11,450,0,0,42,2,44,273,42,166,13,494,0,0,0,494
10/12/2005,SAT,TX,ASW,CE,Combined TRACON& Tower with Radar,290,51,132,7,480,0,4,143,3,150,290,55,275,10,630,18,4,22,652
10/13/2005,SAT,TX,ASW,CE,Combined TRACON& Tower with Radar,273,62,171,14,520,0,7,89,8,104,273,69,260,22,624,2,4,6,630
10/14/2005,SAT,TX,ASW,CE,Combined TRACON& Tower with Radar,288,67,145,11,511,0,5,121,0,126,288,72,266,11,637,28,10,38,675
10/15/2005,SAT,TX,ASW,CE,Combined TRACON& Tower with Radar,242,33,83,2,360,0,1,147,2,150,242,34,230,4,510,26,0,26,536
10/16/2005,SAT,TX,ASW,CE,Combined TRACON& Tower with Radar,233,24,102,3,362,1,0,142,0,143,234,24,244,3,505,76,76,152,657
10/17/2005,SAT,TX,ASW,CE,Combined TRACON& Tower with Radar,268,38,116,12,434,0,7,135,3,145,268,45,251,15,579,18,12,30,609
10/18/2005,SAT,TX,ASW,CE,Combined TRACON& Tower with Radar,279,70,343,15,707,0,0,0,0,0,279,70,343,15,707,58,14,72,779
10/19/2005,SAT,TX,ASW,CE,Combined TRACON& Tower with Radar,293,80,120,10,503,0,10,143,1,154,293,90,263,11,657,8,2,10,667
10/20/2005,SAT,TX,ASW,CE,Combined TRACON& Tower with Radar,284,65,121,20,490,0,9,132,7,148,284,74,253,27,638,42,8,50,688
10/21/2005,SAT,TX,ASW,CE,Combined TRACON& Tower with Radar,288,68,110,10,476,0,7,188,4,199,288,75,298,14,675,0,0,0,675
10/22/2005,SAT,TX,ASW,CE,Combined TRACON& Tower with Radar,237,49,88,1,375,0,9,131,0,140,237,58,219,1,515,0,0,0,515
10/23/2005,SAT,TX,ASW,CE,Combined TRACON& Tower with Radar,235,55,86,6,382,0,1,84,2,87,235,56,170,8,469,4,0,4,473
10/24/2005,SAT,TX,ASW,CE,Combined TRACON& Tower with Radar,262,34,112,8,416,1,5,88,11,105,263,39,200,19,521,0,0,0,521
10/25/2005,SAT,TX,ASW,CE,Combined TRACON& Tower with Radar,286,55,88,3,432,0,12,166,4,182,286,67,254,7,614,18,0,18,632
10/26/2005,SAT,TX,ASW,CE,Combined TRACON& Tower with Radar,290,63,135,7,495,0,4,158,5,167,290,67,293,12,662,16,0,16,678
10/27/2005,SAT,TX,ASW,CE,Combined TRACON& Tower with Radar,290,63,135,7,495,0,4,158,5,167,290,67,293,12,662,14,0,14,676
10/28/2005,SAT,TX,ASW,CE,Combined TRACON& Tower with Radar,293,60,104,15,472,0,7,191,16,214,293,67,295,31,686,28,4,32,718
10/29/2005,SAT,TX,ASW,CE,Combined TRACON& Tower with Radar,234,32,71,2,339,0,7,131,4,142,234,39,202,6,481,32,10,42,523
10/30/2005,SAT,TX,ASW,CE,Combined TRACON& Tower with Radar,234,32,71,2,339,0,7,131,4,142,234,39,202,6,481,10,2,12,493
10/31/2005,SAT,TX,ASW,CE,Combined TRACON& Tower with Radar,269,39,93,6,407,1,8,47,6,62,270,47,140,12,469,6,0,6,475
11/01/2005,SAT,TX,ASW,CE,Combined TRACON& Tower with Radar,292,54,107,11,464,0,11,164,6,181,292,65,271,17,645,0,0,0,645
11/02/2005,SAT,TX,ASW,CE,Combined TRACON& Tower with Radar,301,67,140,13,521,0,0,0,0,0,301,67,140,13,521,38,0,38,559
11/03/2005,SAT,TX,ASW,CE,Combined TRACON& Tower with Radar,296,59,142,12,509,0,9,185,7,201,296,68,327,19,710,20,0,20,730
11/04/2005,SAT,TX,ASW,CE,Combined TRACON& Tower with Radar,291,66,132,14,503,0,11,166,9,186,291,77,298,23,689,2,0,2,691
11/05/2005,SAT,TX,ASW,CE,Combined TRACON& Tower with Radar,249,43,45,3,340,0,7,110,2,119,249,50,155,5,459,10,0,10,469
11/06/2005,SAT,TX,ASW,CE,Combined TRACON& Tower with Radar,236,42,94,7,379,0,0,86,1,87,236,42,180,8,466,20,8,28,494
11/07/2005,SAT,TX,ASW,CE,Combined TRACON& Tower with Radar,266,28,129,7,430,0,10,75,6,91,266,38,204,13,521,2,0,2,523
11/08/2005,SAT,TX,ASW,CE,Combined TRACON& Tower with Radar,290,61,139,13,503,0,7,103,3,113,290,68,242,16,616,18,0,18,634
11/09/2005,SAT,TX,ASW,CE,Combined TRACON& Tower with Radar,287,63,169,12,531,0,1,96,7,104,287,64,265,19,635,29,4,33,668
11/10/2005,SAT,TX,ASW,CE,Combined TRACON& Tower with Radar,291,58,131,7,487,0,5,125,2,132,291,63,256,9,619,30,0,30,649
11/11/2005,SAT,TX,ASW,CE,Combined TRACON& Tower with Radar,287,60,147,4,498,0,16,142,1,159,287,76,289,5,657,22,0,22,679
11/12/2005,SAT,TX,ASW,CE,Combined TRACON& Tower with Radar,244,34,104,8,390,0,0,79,2,81,244,34,183,10,471,34,0,34,505
11/13/2005,SAT,TX,ASW,CE,Combined TRACON& Tower with Radar,233,37,91,1,362,0,0,60,2,62,233,37,151,3,424,12,0,12,436
11/14/2005,SAT,TX,ASW,CE,Combined TRACON& Tower with Radar,261,27,122,3,413,0,6,104,0,110,261,33,226,3,523,16,2,18,541
11/15/2005,SAT,TX,ASW,CE,Combined TRACON& Tower with Radar,293,60,144,7,504,0,6,30,0,36,293,66,174,7,540,6,0,6,546
11/16/2005,SAT,TX,ASW,CE,Combined TRACON& Tower with Radar,307,62,132,5,506,1,10,165,1,177,308,72,297,6,683,26,0,26,709
11/17/2005,SAT,TX,ASW,CE,Combined TRACON& Tower with Radar,297,61,116,18,492,0,21,212,1,234,297,82,328,19,726,92,2,94,820
11/18/2005,SAT,TX,ASW,CE,Combined TRACON& Tower with Radar,301,47,165,16,529,0,13,222,1,236,301,60,387,17,765,55,12,67,832
11/19/2005,SAT,TX,ASW,CE,Combined TRACON& Tower with Radar,247,34,102,0,383,0,4,133,0,137,247,38,235,0,520,24,2,26,546
11/20/2005,SAT,TX,ASW,CE,Combined TRACON& Tower with Radar,233,20,85,5,343,0,9,154,1,164,233,29,239,6,507,26,0,26,533
11/21/2005,SAT,TX,ASW,CE,Combined TRACON& Tower with Radar,269,26,99,15,409,0,19,124,2,145,269,45,223,17,554,60,4,64,618
11/22/2005,SAT,TX,ASW,CE,Combined TRACON& Tower with Radar,294,60,113,13,480,0,10,203,3,216,294,70,316,16,696,0,0,0,696
11/23/2005,SAT,TX,ASW,CE,Combined TRACON& Tower with Radar,307,66,103,1,477,0,10,180,1,191,307,76,283,2,668,0,0,0,668
11/24/2005,SAT,TX,ASW,CE,Combined TRACON& Tower with Radar,208,25,34,0,267,0,2,44,0,46,208,27,78,0,313,2,0,2,315
11/25/2005,SAT,TX,ASW,CE,Combined TRACON& Tower with Radar,209,30,80,2,321,0,4,44,0,48,209,34,124,2,369,48,0,48,417
11/26/2005,SAT,TX,ASW,CE,Combined TRACON& Tower with Radar,234,29,53,0,316,0,4,50,0,54,234,33,103,0,370,46,0,46,416
11/27/2005,SAT,TX,ASW,CE,Combined TRACON& Tower with Radar,234,35,112,1,382,0,5,113,1,119,234,40,225,2,501,38,0,38,539
11/28/2005,SAT,TX,ASW,CE,Combined TRACON& Tower with Radar,274,29,92,3,398,0,5,122,2,129,274,34,214,5,527,6,0,6,533
11/29/2005,SAT,TX,ASW,CE,Combined TRACON& Tower with Radar,302,60,118,5,485,0,15,153,3,171,302,75,271,8,656,12,0,12,668
11/30/2005,SAT,TX,ASW,CE,Combined TRACON& Tower with Radar,296,46,145,3,490,0,6,167,5,178,296,52,312,8,668,0,0,0,668
12/01/2005,SAT,TX,ASW,CE,Combined TRACON& Tower with Radar,297,59,132,11,499,0,8,124,2,134,297,67,256,13,633,44,0,44,677
12/02/2005,SAT,TX,ASW,CE,Combined TRACON& Tower with Radar,293,65,124,13,495,0,10,173,3,186,293,75,297,16,681,0,0,0,681
12/03/2005,SAT,TX,ASW,CE,Combined TRACON& Tower with Radar,240,34,116,0,390,0,5,82,1,88,240,39,198,1,478,30,0,30,508
12/04/2005,SAT,TX,ASW,CE,Combined TRACON& Tower with Radar,232,27,123,5,387,0,0,27,0,27,232,27,150,5,414,28,0,28,442
12/05/2005,SAT,TX,ASW,CE,Combined TRACON& Tower with Radar,255,29,118,12,414,0,9,122,2,133,255,38,240,14,547,0,0,0,547
12/06/2005,SAT,TX,ASW,CE,Combined TRACON& Tower with Radar,287,56,156,7,506,0,13,172,2,187,287,69,328,9,693,24,2,26,719
12/07/2005,SAT,TX,ASW,CE,Combined TRACON& Tower with Radar,271,81,144,14,510,0,8,15,0,23,271,89,159,14,533,14,0,14,547
12/08/2005,SAT,TX,ASW,CE,Combined TRACON& Tower with Radar,295,63,121,7,486,0,4,49,0,53,295,67,170,7,539,4,21,25,564
12/09/2005,SAT,TX,ASW,CE,Combined TRACON& Tower with Radar,282,60,118,23,483,0,12,147,2,161,282,72,265,25,644,12,4,16,660
12/10/2005,SAT,TX,ASW,CE,Combined TRACON& Tower with Radar,245,42,89,3,379,0,1,100,10,111,245,43,189,13,490,4,0,4,494
12/11/2005,SAT,TX,ASW,CE,Combined TRACON& Tower with Radar,236,17,76,6,335,0,0,116,4,120,236,17,192,10,455,22,0,22,477
12/12/2005,SAT,TX,ASW,CE,Combined TRACON& Tower with Radar,263,32,111,13,419,0,10,92,7,109,263,42,203,20,528,12,2,14,542
12/13/2005,SAT,TX,ASW,CE,Combined TRACON& Tower with Radar,285,46,132,15,478,0,9,84,1,94,285,55,216,16,572,28,0,28,600
12/14/2005,SAT,TX,ASW,CE,Combined TRACON& Tower with Radar,302,59,149,10,520,0,3,29,2,34,302,62,178,12,554,0,0,0,554
12/15/2005,SAT,TX,ASW,CE,Combined TRACON& Tower with Radar,284,69,138,7,498,0,12,179,3,194,284,81,317,10,692,0,0,0,692
12/16/2005,SAT,TX,ASW,CE,Combined TRACON& Tower with Radar,292,53,146,9,500,0,9,108,10,127,292,62,254,19,627,18,6,24,651
12/17/2005,SAT,TX,ASW,CE,Combined TRACON& Tower with Radar,246,40,86,4,376,0,5,35,0,40,246,45,121,4,416,4,0,4,420
12/18/2005,SAT,TX,ASW,CE,Combined TRACON& Tower with Radar,238,24,81,0,343,0,2,66,0,68,238,26,147,0,411,20,0,20,431
12/19/2005,SAT,TX,ASW,CE,Combined TRACON& Tower with Radar,255,32,89,7,383,0,7,108,5,120,255,39,197,12,503,30,0,30,533
12/20/2005,SAT,TX,ASW,CE,Combined TRACON& Tower with Radar,280,51,112,5,448,0,5,99,4,108,280,56,211,9,556,12,0,12,568
12/21/2005,SAT,TX,ASW,CE,Combined TRACON& Tower with Radar,290,56,114,7,467,0,14,163,1,178,290,70,277,8,645,0,0,0,645
12/22/2005,SAT,TX,ASW,CE,Combined TRACON& Tower with Radar,288,68,98,12,466,0,13,147,0,160,288,81,245,12,626,0,0,0,626
12/23/2005,SAT,TX,ASW,CE,Combined TRACON& Tower with Radar,306,63,89,2,460,0,14,164,4,182,306,77,253,6,642,14,2,16,658
12/24/2005,SAT,TX,ASW,CE,Combined TRACON& Tower with Radar,248,37,30,1,316,0,6,46,0,52,248,43,76,1,368,6,0,6,374
12/25/2005,SAT,TX,ASW,CE,Combined TRACON& Tower with Radar,196,12,22,0,230,0,8,69,0,77,196,20,91,0,307,8,0,8,315
12/26/2005,SAT,TX,ASW,CE,Combined TRACON& Tower with Radar,266,46,77,3,392,0,1,143,0,144,266,47,220,3,536,12,0,12,548
12/27/2005,SAT,TX,ASW,CE,Combined TRACON& Tower with Radar,265,48,95,6,414,0,6,70,0,76,265,54,165,6,490,2,0,2,492
12/28/2005,SAT,TX,ASW,CE,Combined TRACON& Tower with Radar,292,47,77,9,425,0,9,182,1,192,292,56,259,10,617,8,8,16,633
12/29/2005,SAT,TX,ASW,CE,Combined TRACON& Tower with Radar,298,50,105,11,464,0,12,140,3,155,298,62,245,14,619,0,0,0,619
12/30/2005,SAT,TX,ASW,CE,Combined TRACON& Tower with Radar,283,66,93,2,444,0,8,107,2,117,283,74,200,4,561,0,0,0,561
12/31/2005,SAT,TX,ASW,CE,Combined TRACON& Tower with Radar,247,24,42,0,313,0,4,102,0,106,247,28,144,0,419,34,0,34,453
01/01/2006,SAT,TX,ASW,CE,Combined TRACON& Tower with Radar,214,22,40,4,280,0,2,23,2,27,214,24,63,6,307,10,0,10,317
01/02/2006,SAT,TX,ASW,CE,Combined TRACON& Tower with Radar,245,28,101,4,378,0,4,116,0,120,245,32,217,4,498,6,0,6,504
01/03/2006,SAT,TX,ASW,CE,Combined TRACON& Tower with Radar,268,41,106,5,420,0,8,119,1,128,268,49,225,6,548,6,0,6,554
01/04/2006,SAT,TX,ASW,CE,Combined TRACON& Tower with Radar,270,68,94,14,446,0,8,97,0,105,270,76,191,14,551,0,0,0,551
01/05/2006,SAT,TX,ASW,CE,Combined TRACON& Tower with Radar,287,49,89,23,448,0,6,129,6,141,287,55,218,29,589,22,2,24,613
01/06/2006,SAT,TX,ASW,CE,Combined TRACON& Tower with Radar,286,45,90,9,430,0,5,153,11,169,286,50,243,20,599,0,0,0,599
01/07/2006,SAT,TX,ASW,CE,Combined TRACON& Tower with Radar,230,37,61,4,332,1,4,145,1,151,231,41,206,5,483,10,0,10,493
01/08/2006,SAT,TX,ASW,CE,Combined TRACON& Tower with Radar,223,25,58,9,315,0,3,87,1,91,223,28,145,10,406,0,0,0,406
01/09/2006,SAT,TX,ASW,CE,Combined TRACON& Tower with Radar,267,27,108,9,411,0,5,91,2,98,267,32,199,11,509,14,0,14,523
01/10/2006,SAT,TX,ASW,CE,Combined TRACON& Tower with Radar,277,49,116,14,456,0,4,128,1,133,277,53,244,15,589,2,0,2,591
01/11/2006,SAT,TX,ASW,CE,Combined TRACON& Tower with Radar,267,69,128,10,474,0,8,142,5,155,267,77,270,15,629,0,0,0,629
01/12/2006,SAT,TX,ASW,CE,Combined TRACON& Tower with Radar,280,63,150,12,505,0,12,89,2,103,280,75,239,14,608,0,0,0,608
01/13/2006,SAT,TX,ASW,CE,Combined TRACON& Tower with Radar,278,61,120,15,474,0,10,162,7,179,278,71,282,22,653,4,0,4,657
01/14/2006,SAT,TX,ASW,CE,Combined TRACON& Tower with Radar,229,27,60,0,316,0,9,152,0,161,229,36,212,0,477,33,0,33,510
01/15/2006,SAT,TX,ASW,CE,Combined TRACON& Tower with Radar,226,27,68,3,324,0,0,93,6,99,226,27,161,9,423,18,0,18,441
01/16/2006,SAT,TX,ASW,CE,Combined TRACON& Tower with Radar,248,30,114,10,402,0,2,43,2,47,248,32,157,12,449,0,0,0,449
01/17/2006,SAT,TX,ASW,CE,Combined TRACON& Tower with Radar,298,45,143,10,496,0,6,102,7,115,298,51,245,17,611,6,4,10,621
01/18/2006,SAT,TX,ASW,CE,Combined TRACON& Tower with Radar,272,42,148,10,472,0,14,144,4,162,272,56,292,14,634,22,4,26,660
01/19/2006,SAT,TX,ASW,CE,Combined TRACON& Tower with Radar,290,45,125,11,471,1,13,103,2,119,291,58,228,13,590,0,0,0,590
01/20/2006,SAT,TX,ASW,CE,Combined TRACON& Tower with Radar,281,61,128,15,485,0,5,144,20,169,281,66,272,35,654,16,0,16,670
01/21/2006,SAT,TX,ASW,CE,Combined TRACON& Tower with Radar,234,29,72,2,337,0,11,91,0,102,234,40,163,2,439,20,0,20,459
01/22/2006,SAT,TX,ASW,CE,Combined TRACON& Tower with Radar,223,25,104,4,356,0,0,3,0,3,223,25,107,4,359,26,0,26,385
01/23/2006,SAT,TX,ASW,CE,Combined TRACON& Tower with Radar,253,38,104,19,414,0,9,121,2,132,253,47,225,21,546,0,0,0,546
01/24/2006,SAT,TX,ASW,CE,Combined TRACON& Tower with Radar,273,60,111,13,457,0,8,120,5,133,273,68,231,18,590,0,0,0,590
01/25/2006,SAT,TX,ASW,CE,Combined TRACON& Tower with Radar,0,0,0,0,0,0,0,0,0,0,0,0,0,0,0,38,2,40,40
01/26/2006,SAT,TX,ASW,CE,Combined TRACON& Tower with Radar,290,55,158,15,518,0,6,138,3,147,290,61,296,18,665,0,0,0,665
01/27/2006,SAT,TX,ASW,CE,Combined TRACON& Tower with Radar,276,54,173,10,513,0,6,75,16,97,276,60,248,26,610,28,4,32,642
01/28/2006,SAT,TX,ASW,CE,Combined TRACON& Tower with Radar,230,36,59,2,327,0,0,16,1,17,230,36,75,3,344,10,0,10,354
01/29/2006,SAT,TX,ASW,CE,Combined TRACON& Tower with Radar,239,30,75,3,347,0,2,112,0,114,239,32,187,3,461,40,0,40,501
01/30/2006,SAT,TX,ASW,CE,Combined TRACON& Tower with Radar,252,38,95,1,386,0,8,127,4,139,252,46,222,5,525,14,0,14,539
01/31/2006,SAT,TX,ASW,CE,Combined TRACON& Tower with Radar,271,47,96,4,418,0,8,159,0,167,271,55,255,4,585,14,2,16,601
02/01/2006,SAT,TX,ASW,CE,Combined TRACON& Tower with Radar,269,59,152,15,495,0,2,31,2,35,269,61,183,17,530,0,0,0,530
02/02/2006,SAT,TX,ASW,CE,Combined TRACON& Tower with Radar,287,59,154,14,514,0,7,168,3,178,287,66,322,17,692,0,0,0,692
02/03/2006,SAT,TX,ASW,CE,Combined TRACON& Tower with Radar,281,55,114,13,463,0,7,145,19,171,281,62,259,32,634,12,10,22,656
02/04/2006,SAT,TX,ASW,CE,Combined TRACON& Tower with Radar,236,26,62,4,328,0,4,121,1,126,236,30,183,5,454,22,0,22,476
02/05/2006,SAT,TX,ASW,CE,Combined TRACON& Tower with Radar,229,14,70,15,328,0,1,76,3,80,229,15,146,18,408,20,0,20,428
02/06/2006,SAT,TX,ASW,CE,Combined TRACON& Tower with Radar,262,31,111,17,421,0,5,89,7,101,262,36,200,24,522,12,0,12,534
02/07/2006,SAT,TX,ASW,CE,Combined TRACON& Tower with Radar,283,62,147,9,501,0,11,179,2,192,283,73,326,11,693,76,2,78,771
02/08/2006,SAT,TX,ASW,CE,Combined TRACON& Tower with Radar,0,0,0,0,0,0,0,0,0,0,0,0,0,0,0,32,0,32,32
02/09/2006,SAT,TX,ASW,CE,Combined TRACON& Tower with Radar,0,0,0,0,0,0,0,0,0,0,0,0,0,0,0,14,2,16,16
02/10/2006,SAT,TX,ASW,CE,Combined TRACON& Tower with Radar,293,70,122,17,502,0,5,19,1,25,293,75,141,18,527,2,4,6,533
02/11/2006,SAT,TX,ASW,CE,Combined TRACON& Tower with Radar,251,21,63,0,335,0,2,105,2,109,251,23,168,2,444,20,0,20,464
02/12/2006,SAT,TX,ASW,CE,Combined TRACON& Tower with Radar,234,14,77,4,329,0,1,109,3,113,234,15,186,7,442,24,0,24,466
02/13/2006,SAT,TX,ASW,CE,Combined TRACON& Tower with Radar,261,32,103,9,405,0,7,130,1,138,261,39,233,10,543,30,0,30,573
02/14/2006,SAT,TX,ASW,CE,Combined TRACON& Tower with Radar,276,47,94,11,428,0,8,182,5,195,276,55,276,16,623,26,6,32,655
02/15/2006,SAT,TX,ASW,CE,Combined TRACON& Tower with Radar,0,0,0,0,0,0,0,0,0,0,0,0,0,0,0,22,4,26,26
02/16/2006,SAT,TX,ASW,CE,Combined TRACON& Tower with Radar,278,53,144,18,493,0,8,93,1,102,278,61,237,19,595,0,0,0,595
02/17/2006,SAT,TX,ASW,CE,Combined TRACON& Tower with Radar,295,61,119,14,489,0,5,54,2,61,295,66,173,16,550,6,2,8,558
02/18/2006,SAT,TX,ASW,CE,Combined TRACON& Tower with Radar,243,40,67,2,352,0,1,2,0,3,243,41,69,2,355,4,0,4,359
02/19/2006,SAT,TX,ASW,CE,Combined TRACON& Tower with Radar,239,25,59,6,329,0,0,4,3,7,239,25,63,9,336,6,0,6,342
02/20/2006,SAT,TX,ASW,CE,Combined TRACON& Tower with Radar,270,42,95,15,422,1,0,2,0,3,271,42,97,15,425,0,2,2,427
02/21/2006,SAT,TX,ASW,CE,Combined TRACON& Tower with Radar,275,45,124,16,460,0,0,2,0,2,275,45,126,16,462,4,0,4,466
02/22/2006,SAT,TX,ASW,CE,Combined TRACON& Tower with Radar,284,73,145,19,521,0,0,33,0,33,284,73,178,19,554,0,0,0,554
02/23/2006,SAT,TX,ASW,CE,Combined TRACON& Tower with Radar,299,63,163,7,532,0,6,127,5,138,299,69,290,12,670,0,0,0,670
02/24/2006,SAT,TX,ASW,CE,Combined TRACON& Tower with Radar,290,51,162,18,521,0,5,38,0,43,290,56,200,18,564,0,0,0,564
02/25/2006,SAT,TX,ASW,CE,Combined TRACON& Tower with Radar,261,39,93,2,395,0,0,18,1,19,261,39,111,3,414,8,0,8,422
02/26/2006,SAT,TX,ASW,CE,Combined TRACON& Tower with Radar,249,37,77,5,368,0,0,144,1,145,249,37,221,6,513,36,0,36,549
02/27/2006,SAT,TX,ASW,CE,Combined TRACON& Tower with Radar,270,33,137,15,455,0,8,114,4,126,270,41,251,19,581,8,0,8,589
02/28/2006,SAT,TX,ASW,CE,Combined TRACON& Tower with Radar,282,41,146,16,485,0,7,132,6,145,282,48,278,22,630,8,4,12,642
03/01/2006,SAT,TX,ASW,CE,Combined TRACON& Tower with Radar,291,62,154,11,518,0,7,157,2,166,291,69,311,13,684,30,6,36,720
03/02/2006,SAT,TX,ASW,CE,Combined TRACON& Tower with Radar,295,65,172,3,535,0,9,175,2,186,295,74,347,5,721,0,0,0,721
03/03/2006,SAT,TX,ASW,CE,Combined TRACON& Tower with Radar,324,51,177,15,567,0,10,170,10,190,324,61,347,25,757,16,0,16,773
03/04/2006,SAT,TX,ASW,CE,Combined TRACON& Tower with Radar,262,50,159,1,472,0,5,143,3,151,262,55,302,4,623,44,0,44,667
03/05/2006,SAT,TX,ASW,CE,Combined TRACON& Tower with Radar,273,32,160,12,477,0,4,86,7,97,273,36,246,19,574,42,2,44,618
03/06/2006,SAT,TX,ASW,CE,Combined TRACON& Tower with Radar,291,39,130,17,477,0,4,100,5,109,291,43,230,22,586,16,4,20,606
03/07/2006,SAT,TX,ASW,CE,Combined TRACON& Tower with Radar,315,55,182,6,558,0,2,90,0,92,315,57,272,6,650,30,0,30,680
03/08/2006,SAT,TX,ASW,CE,Combined TRACON& Tower with Radar,317,52,136,18,523,0,6,74,0,80,317,58,210,18,603,30,4,34,637
03/09/2006,SAT,TX,ASW,CE,Combined TRACON& Tower with Radar,312,51,127,6,496,0,12,101,3,116,312,63,228,9,612,26,4,30,642
03/10/2006,SAT,TX,ASW,CE,Combined TRACON& Tower with Radar,331,54,120,10,515,0,14,201,11,226,331,68,321,21,741,8,0,8,749
03/11/2006,SAT,TX,ASW,CE,Combined TRACON& Tower with Radar,268,35,120,5,428,0,4,111,1,116,268,39,231,6,544,66,0,66,610
03/12/2006,SAT,TX,ASW,CE,Combined TRACON& Tower with Radar,274,25,103,8,410,0,0,70,1,71,274,25,173,9,481,0,0,0,481
03/13/2006,SAT,TX,ASW,CE,Combined TRACON& Tower with Radar,301,30,110,4,445,0,6,82,2,90,301,36,192,6,535,12,2,14,549
03/14/2006,SAT,TX,ASW,CE,Combined TRACON& Tower with Radar,318,51,101,13,483,0,11,190,4,205,318,62,291,17,688,32,8,40,728
03/15/2006,SAT,TX,ASW,CE,Combined TRACON& Tower with Radar,316,53,154,4,527,0,5,127,1,133,316,58,281,5,660,0,0,0,660
03/16/2006,SAT,TX,ASW,CE,Combined TRACON& Tower with Radar,321,55,151,7,534,0,6,50,7,63,321,61,201,14,597,0,0,0,597
03/17/2006,SAT,TX,ASW,CE,Combined TRACON& Tower with Radar,321,60,152,6,539,0,14,88,14,116,321,74,240,20,655,32,6,38,693
03/18/2006,SAT,TX,ASW,CE,Combined TRACON& Tower with Radar,287,43,87,1,418,0,0,41,0,41,287,43,128,1,459,38,0,38,497
03/19/2006,SAT,TX,ASW,CE,Combined TRACON& Tower with Radar,275,33,89,5,402,0,0,16,1,17,275,33,105,6,419,22,0,22,441
03/20/2006,SAT,TX,ASW,CE,Combined TRACON& Tower with Radar,300,39,106,9,454,0,7,96,2,105,300,46,202,11,559,8,0,8,567
03/21/2006,SAT,TX,ASW,CE,Combined TRACON& Tower with Radar,326,68,140,9,543,0,12,189,4,205,326,80,329,13,748,20,0,20,768
03/22/2006,SAT,TX,ASW,CE,Combined TRACON& Tower with Radar,323,64,145,14,546,0,9,151,7,167,323,73,296,21,713,0,0,0,713
03/23/2006,SAT,TX,ASW,CE,Combined TRACON& Tower with Radar,333,64,152,17,566,0,3,115,2,120,333,67,267,19,686,0,0,0,686
03/24/2006,SAT,TX,ASW,CE,Combined TRACON& Tower with Radar,322,56,138,18,534,0,12,223,26,261,322,68,361,44,795,12,4,16,811
03/25/2006,SAT,TX,ASW,CE,Combined TRACON& Tower with Radar,271,31,82,7,391,0,5,186,9,200,271,36,268,16,591,10,2,12,603
03/26/2006,SAT,TX,ASW,CE,Combined TRACON& Tower with Radar,271,19,100,14,404,0,5,73,7,85,271,24,173,21,489,26,10,36,525
03/27/2006,SAT,TX,ASW,CE,Combined TRACON& Tower with Radar,290,45,148,15,498,0,0,19,3,22,290,45,167,18,520,4,0,4,524
03/28/2006,SAT,TX,ASW,CE,Combined TRACON& Tower with Radar,325,67,142,13,547,0,3,43,0,46,325,70,185,13,593,10,4,14,607
03/29/2006,SAT,TX,ASW,CE,Combined TRACON& Tower with Radar,332,51,141,10,534,0,9,83,0,92,332,60,224,10,626,14,4,18,644
03/30/2006,SAT,TX,ASW,CE,Combined TRACON& Tower with Radar,312,62,157,7,538,0,3,88,0,91,312,65,245,7,629,10,2,12,641
03/31/2006,SAT,TX,ASW,CE,Combined TRACON& Tower with Radar,323,73,173,12,581,0,11,89,16,116,323,84,262,28,697,6,4,10,707
04/01/2006,SAT,TX,ASW,CE,Combined TRACON& Tower with Radar,272,42,77,3,394,0,1,70,0,71,272,43,147,3,465,22,0,22,487
04/02/2006,SAT,TX,ASW,CE,Combined TRACON& Tower with Radar,275,28,76,3,382,0,2,80,4,86,275,30,156,7,468,32,0,32,500
04/03/2006,SAT,TX,ASW,CE,Combined TRACON& Tower with Radar,287,40,97,5,429,0,4,113,2,119,287,44,210,7,548,4,2,6,554
04/04/2006,SAT,TX,ASW,CE,Combined TRACON& Tower with Radar,312,58,133,4,507,0,7,153,4,164,312,65,286,8,671,28,0,28,699
04/05/2006,SAT,TX,ASW,CE,Combined TRACON& Tower with Radar,322,60,144,10,536,0,8,124,5,137,322,68,268,15,673,16,6,22,695
04/06/2006,SAT,TX,ASW,CE,Combined TRACON& Tower with Radar,318,64,158,7,547,0,6,123,7,136,318,70,281,14,683,0,0,0,683
04/07/2006,SAT,TX,ASW,CE,Combined TRACON& Tower with Radar,315,62,157,7,541,0,3,197,1,201,315,65,354,8,742,0,0,0,742
04/08/2006,SAT,TX,ASW,CE,Combined TRACON& Tower with Radar,275,39,80,7,401,0,4,147,1,152,275,43,227,8,553,24,0,24,577
04/09/2006,SAT,TX,ASW,CE,Combined TRACON& Tower with Radar,272,36,74,8,390,0,5,139,4,148,272,41,213,12,538,30,2,32,570
04/10/2006,SAT,TX,ASW,CE,Combined TRACON& Tower with Radar,291,15,103,14,423,1,7,163,10,181,292,22,266,24,604,36,2,38,642
04/11/2006,SAT,TX,ASW,CE,Combined TRACON& Tower with Radar,306,51,148,4,509,0,5,149,1,155,306,56,297,5,664,32,2,34,698
04/12/2006,SAT,TX,ASW,CE,Combined TRACON& Tower with Radar,313,64,178,9,564,0,12,102,5,119,313,76,280,14,683,0,0,0,683
04/13/2006,SAT,TX,ASW,CE,Combined TRACON& Tower with Radar,324,55,186,6,571,0,8,166,3,177,324,63,352,9,748,20,4,24,772
04/14/2006,SAT,TX,ASW,CE,Combined TRACON& Tower with Radar,310,48,103,5,466,0,3,134,2,139,310,51,237,7,605,8,2,10,615
04/15/2006,SAT,TX,ASW,CE,Combined TRACON& Tower with Radar,267,28,54,4,353,0,6,103,0,109,267,34,157,4,462,8,0,8,470
04/16/2006,SAT,TX,ASW,CE,Combined TRACON& Tower with Radar,255,24,58,3,340,0,7,70,2,79,255,31,128,5,419,32,6,38,457
04/17/2006,SAT,TX,ASW,CE,Combined TRACON& Tower with Radar,305,20,138,4,467,0,8,119,6,133,305,28,257,10,600,0,0,0,600
04/18/2006,SAT,TX,ASW,CE,Combined TRACON& Tower with Radar,299,47,133,21,500,0,7,137,1,145,299,54,270,22,645,30,6,36,681
04/19/2006,SAT,TX,ASW,CE,Combined TRACON& Tower with Radar,0,0,0,0,0,0,0,0,0,0,0,0,0,0,0,34,0,34,34
04/20/2006,SAT,TX,ASW,CE,Combined TRACON& Tower with Radar,318,57,142,13,530,0,4,51,1,56,318,61,193,14,586,12,4,16,602
04/21/2006,SAT,TX,ASW,CE,Combined TRACON& Tower with Radar,310,60,143,4,517,0,6,165,12,183,310,66,308,16,700,42,0,42,742
04/22/2006,SAT,TX,ASW,CE,Combined TRACON& Tower with Radar,271,48,87,5,411,0,8,124,1,133,271,56,211,6,544,32,0,32,576
04/23/2006,SAT,TX,ASW,CE,Combined TRACON& Tower with Radar,276,34,99,8,417,0,5,82,0,87,276,39,181,8,504,22,0,22,526
04/24/2006,SAT,TX,ASW,CE,Combined TRACON& Tower with Radar,294,33,121,11,459,0,4,74,2,80,294,37,195,13,539,32,0,32,571
04/25/2006,SAT,TX,ASW,CE,Combined TRACON& Tower with Radar,303,52,152,11,518,0,2,66,2,70,303,54,218,13,588,0,0,0,588
04/26/2006,SAT,TX,ASW,CE,Combined TRACON& Tower with Radar,315,61,146,11,533,0,5,124,1,130,315,66,270,12,663,0,0,0,663
04/27/2006,SAT,TX,ASW,CE,Combined TRACON& Tower with Radar,322,50,170,5,547,0,4,146,3,153,322,54,316,8,700,12,0,12,712
04/28/2006,SAT,TX,ASW,CE,Combined TRACON& Tower with Radar,307,62,119,8,496,0,13,82,7,102,307,75,201,15,598,18,10,28,626
04/29/2006,SAT,TX,ASW,CE,Combined TRACON& Tower with Radar,286,27,72,5,390,0,16,135,0,151,286,43,207,5,541,10,0,10,551
04/30/2006,SAT,TX,ASW,CE,Combined TRACON& Tower with Radar,261,12,78,4,355,0,0,155,1,156,261,12,233,5,511,22,0,22,533
05/01/2006,SAT,TX,ASW,CE,Combined TRACON& Tower with Radar,302,23,113,11,449,0,9,141,1,151,302,32,254,12,600,0,0,0,600
05/02/2006,SAT,TX,ASW,CE,Combined TRACON& Tower with Radar,306,55,139,4,504,0,2,90,0,92,306,57,229,4,596,26,0,26,622
05/03/2006,SAT,TX,ASW,CE,Combined TRACON& Tower with Radar,313,62,156,7,538,0,4,142,0,146,313,66,298,7,684,0,0,0,684
05/04/2006,SAT,TX,ASW,CE,Combined TRACON& Tower with Radar,323,58,164,4,549,0,15,123,0,138,323,73,287,4,687,10,0,10,697
05/05/2006,SAT,TX,ASW,CE,Combined TRACON& Tower with Radar,317,64,111,15,507,0,5,151,0,156,317,69,262,15,663,0,0,0,663
05/06/2006,SAT,TX,ASW,CE,Combined TRACON& Tower with Radar,267,28,73,2,370,0,2,48,1,51,267,30,121,3,421,14,0,14,435
05/07/2006,SAT,TX,ASW,CE,Combined TRACON& Tower with Radar,265,41,137,10,453,0,0,88,2,90,265,41,225,12,543,10,2,12,555
05/08/2006,SAT,TX,ASW,CE,Combined TRACON& Tower with Radar,294,21,135,4,454,0,5,83,2,90,294,26,218,6,544,10,2,12,556
05/09/2006,SAT,TX,ASW,CE,Combined TRACON& Tower with Radar,304,44,139,5,492,0,3,100,0,103,304,47,239,5,595,14,0,14,609
05/10/2006,SAT,TX,ASW,CE,Combined TRACON& Tower with Radar,319,77,121,12,529,0,5,120,2,127,319,82,241,14,656,0,0,0,656
05/11/2006,SAT,TX,ASW,CE,Combined TRACON& Tower with Radar,311,67,122,6,506,0,8,162,1,171,311,75,284,7,677,12,0,12,689
05/12/2006,SAT,TX,ASW,CE,Combined TRACON& Tower with Radar,321,55,113,9,498,1,18,227,6,252,322,73,340,15,750,8,6,14,764
05/13/2006,SAT,TX,ASW,CE,Combined TRACON& Tower with Radar,272,25,66,6,369,0,8,173,0,181,272,33,239,6,550,44,10,54,604
05/14/2006,SAT,TX,ASW,CE,Combined TRACON& Tower with Radar,282,31,63,3,379,0,5,42,0,47,282,36,105,3,426,20,0,20,446
05/15/2006,SAT,TX,ASW,CE,Combined TRACON& Tower with Radar,302,38,108,10,458,0,5,141,4,150,302,43,249,14,608,10,0,10,618
05/16/2006,SAT,TX,ASW,CE,Combined TRACON& Tower with Radar,304,53,119,9,485,2,5,194,7,208,306,58,313,16,693,22,0,22,715
05/17/2006,SAT,TX,ASW,CE,Combined TRACON& Tower with Radar,313,58,117,19,507,0,11,215,1,227,313,69,332,20,734,0,0,0,734
05/18/2006,SAT,TX,ASW,CE,Combined TRACON& Tower with Radar,317,63,147,6,533,0,18,235,9,262,317,81,382,15,795,6,4,10,805
05/19/2006,SAT,TX,ASW,CE,Combined TRACON& Tower with Radar,325,52,126,10,513,0,11,198,6,215,325,63,324,16,728,10,4,14,742
05/20/2006,SAT,TX,ASW,CE,Combined TRACON& Tower with Radar,262,31,65,1,359,0,12,140,6,158,262,43,205,7,517,10,0,10,527
05/21/2006,SAT,TX,ASW,CE,Combined TRACON& Tower with Radar,260,29,97,5,391,0,1,126,5,132,260,30,223,10,523,12,0,12,535
05/22/2006,SAT,TX,ASW,CE,Combined TRACON& Tower with Radar,297,32,135,2,466,0,4,145,1,150,297,36,280,3,616,10,0,10,626
05/23/2006,SAT,TX,ASW,CE,Combined TRACON& Tower with Radar,307,66,157,10,540,0,7,164,7,178,307,73,321,17,718,50,0,50,768
05/24/2006,SAT,TX,ASW,CE,Combined TRACON& Tower with Radar,308,68,131,10,517,0,7,136,5,148,308,75,267,15,665,16,4,20,685
05/25/2006,SAT,TX,ASW,CE,Combined TRACON& Tower with Radar,302,74,141,8,525,0,4,171,13,188,302,78,312,21,713,26,18,44,757
05/26/2006,SAT,TX,ASW,CE,Combined TRACON& Tower with Radar,328,58,121,8,515,0,22,162,6,190,328,80,283,14,705,16,0,16,721
05/27/2006,SAT,TX,ASW,CE,Combined TRACON& Tower with Radar,267,32,82,0,381,0,5,92,1,98,267,37,174,1,479,32,0,32,511
05/28/2006,SAT,TX,ASW,CE,Combined TRACON& Tower with Radar,233,13,63,3,312,0,2,67,0,69,233,15,130,3,381,38,0,38,419
05/29/2006,SAT,TX,ASW,CE,Combined TRACON& Tower with Radar,268,17,70,4,359,0,2,74,5,81,268,19,144,9,440,4,0,4,444
05/30/2006,SAT,TX,ASW,CE,Combined TRACON& Tower with Radar,287,33,101,14,435,0,8,151,3,162,287,41,252,17,597,28,0,28,625
05/31/2006,SAT,TX,ASW,CE,Combined TRACON& Tower with Radar,307,54,113,14,488,0,8,83,5,96,307,62,196,19,584,10,8,18,602
06/01/2006,SAT,TX,ASW,CE,Combined TRACON& Tower with Radar,308,74,173,19,574,0,4,43,7,54,308,78,216,26,628,14,2,16,644
06/02/2006,SAT,TX,ASW,CE,Combined TRACON& Tower with Radar,317,56,134,13,520,0,4,155,23,182,317,60,289,36,702,30,6,36,738
06/03/2006,SAT,TX,ASW,CE,Combined TRACON& Tower with Radar,266,24,62,4,356,0,5,169,0,174,266,29,231,4,530,30,2,32,562
06/04/2006,SAT,TX,ASW,CE,Combined TRACON& Tower with Radar,263,24,68,9,364,0,1,120,2,123,263,25,188,11,487,16,0,16,503
06/05/2006,SAT,TX,ASW,CE,Combined TRACON& Tower with Radar,299,35,106,6,446,0,4,138,4,146,299,39,244,10,592,26,2,28,620
06/06/2006,SAT,TX,ASW,CE,Combined TRACON& Tower with Radar,310,56,123,4,493,0,12,132,1,145,310,68,255,5,638,30,4,34,672
06/07/2006,SAT,TX,ASW,CE,Combined TRACON& Tower with Radar,309,56,99,10,474,0,10,162,5,177,309,66,261,15,651,0,0,0,651
06/08/2006,SAT,TX,ASW,CE,Combined TRACON& Tower with Radar,317,55,124,10,506,0,14,172,5,191,317,69,296,15,697,32,4,36,733
06/09/2006,SAT,TX,ASW,CE,Combined TRACON& Tower with Radar,314,54,134,13,515,0,10,187,1,198,314,64,321,14,713,20,0,20,733
06/10/2006,SAT,TX,ASW,CE,Combined TRACON& Tower with Radar,267,19,76,7,369,0,13,145,0,158,267,32,221,7,527,38,0,38,565
06/11/2006,SAT,TX,ASW,CE,Combined TRACON& Tower with Radar,265,24,77,9,375,0,7,106,5,118,265,31,183,14,493,34,6,40,533
06/12/2006,SAT,TX,ASW,CE,Combined TRACON& Tower with Radar,289,28,99,19,435,0,11,116,8,135,289,39,215,27,570,0,0,0,570
06/13/2006,SAT,TX,ASW,CE,Combined TRACON& Tower with Radar,321,59,118,3,501,0,14,177,3,194,321,73,295,6,695,34,0,34,729
06/14/2006,SAT,TX,ASW,CE,Combined TRACON& Tower with Radar,308,53,141,12,514,1,15,194,3,213,309,68,335,15,727,24,0,24,751
06/15/2006,SAT,TX,ASW,CE,Combined TRACON& Tower with Radar,312,43,116,13,484,0,14,159,5,178,312,57,275,18,662,24,4,28,690
06/16/2006,SAT,TX,ASW,CE,Combined TRACON& Tower with Radar,305,55,140,6,506,0,11,130,15,156,305,66,270,21,662,30,2,32,694
06/17/2006,SAT,TX,ASW,CE,Combined TRACON& Tower with Radar,298,39,53,3,393,0,4,79,0,83,298,43,132,3,476,28,0,28,504
06/18/2006,SAT,TX,ASW,CE,Combined TRACON& Tower with Radar,274,19,64,5,362,0,4,105,1,110,274,23,169,6,472,24,0,24,496
06/19/2006,SAT,TX,ASW,CE,Combined TRACON& Tower with Radar,287,32,87,8,414,1,6,125,1,133,288,38,212,9,547,16,2,18,565
06/20/2006,SAT,TX,ASW,CE,Combined TRACON& Tower with Radar,310,52,123,10,495,0,10,92,3,105,310,62,215,13,600,16,10,26,626
06/21/2006,SAT,TX,ASW,CE,Combined TRACON& Tower with Radar,312,62,110,7,491,0,4,76,2,82,312,66,186,9,573,12,2,14,587
06/22/2006,SAT,TX,ASW,CE,Combined TRACON& Tower with Radar,315,47,139,8,509,0,6,115,5,126,315,53,254,13,635,20,4,24,659
06/23/2006,SAT,TX,ASW,CE,Combined TRACON& Tower with Radar,327,48,113,15,503,0,33,173,20,226,327,81,286,35,729,36,0,36,765
06/24/2006,SAT,TX,ASW,CE,Combined TRACON& Tower with Radar,258,37,77,5,377,0,7,88,0,95,258,44,165,5,472,14,2,16,488
06/25/2006,SAT,TX,ASW,CE,Combined TRACON& Tower with Radar,257,33,72,5,367,0,4,124,1,129,257,37,196,6,496,54,0,54,550
06/26/2006,SAT,TX,ASW,CE,Combined TRACON& Tower with Radar,279,34,81,9,403,0,12,148,11,171,279,46,229,20,574,4,4,8,582
06/27/2006,SAT,TX,ASW,CE,Combined TRACON& Tower with Radar,314,58,149,17,538,0,14,141,1,156,314,72,290,18,694,36,6,42,736
06/28/2006,SAT,TX,ASW,CE,Combined TRACON& Tower with Radar,303,47,122,16,488,0,14,169,2,185,303,61,291,18,673,0,0,0,673
06/29/2006,SAT,TX,ASW,CE,Combined TRACON& Tower with Radar,315,56,135,6,512,0,14,150,4,168,315,70,285,10,680,28,6,34,714
06/30/2006,SAT,TX,ASW,CE,Combined TRACON& Tower with Radar,312,51,153,10,526,0,20,136,25,181,312,71,289,35,707,28,4,32,739
07/01/2006,SAT,TX,ASW,CE,Combined TRACON& Tower with Radar,264,19,49,12,344,0,11,53,0,64,264,30,102,12,408,22,0,22,430
07/02/2006,SAT,TX,ASW,CE,Combined TRACON& Tower with Radar,246,28,44,0,318,0,1,11,0,12,246,29,55,0,330,6,0,6,336
07/03/2006,SAT,TX,ASW,CE,Combined TRACON& Tower with Radar,237,24,49,11,321,0,10,42,1,53,237,34,91,12,374,10,0,10,384
07/04/2006,SAT,TX,ASW,CE,Combined TRACON& Tower with Radar,271,27,39,0,337,0,4,26,3,33,271,31,65,3,370,22,0,22,392
07/05/2006,SAT,TX,ASW,CE,Combined TRACON& Tower with Radar,327,51,115,15,508,0,7,89,0,96,327,58,204,15,604,0,0,0,604
07/06/2006,SAT,TX,ASW,CE,Combined TRACON& Tower with Radar,313,47,105,18,483,0,9,95,2,106,313,56,200,20,589,24,4,28,617
07/07/2006,SAT,TX,ASW,CE,Combined TRACON& Tower with Radar,317,49,119,12,497,0,9,79,2,90,317,58,198,14,587,14,0,14,601
07/08/2006,SAT,TX,ASW,CE,Combined TRACON& Tower with Radar,264,29,49,12,354,0,3,130,0,133,264,32,179,12,487,22,0,22,509
07/09/2006,SAT,TX,ASW,CE,Combined TRACON& Tower with Radar,259,23,78,7,367,0,2,92,2,96,259,25,170,9,463,16,4,20,483
07/10/2006,SAT,TX,ASW,CE,Combined TRACON& Tower with Radar,292,30,89,9,420,0,10,141,0,151,292,40,230,9,571,28,0,28,599
07/11/2006,SAT,TX,ASW,CE,Combined TRACON& Tower with Radar,312,52,124,9,497,0,8,134,2,144,312,60,258,11,641,16,4,20,661
07/12/2006,SAT,TX,ASW,CE,Combined TRACON& Tower with Radar,310,56,95,18,479,0,10,168,4,182,310,66,263,22,661,34,4,38,699
07/13/2006,SAT,TX,ASW,CE,Combined TRACON& Tower with Radar,310,60,132,7,509,0,9,161,6,176,310,69,293,13,685,40,4,44,729
07/14/2006,SAT,TX,ASW,CE,Combined TRACON& Tower with Radar,311,48,124,6,489,0,20,210,14,244,311,68,334,20,733,22,6,28,761
07/15/2006,SAT,TX,ASW,CE,Combined TRACON& Tower with Radar,264,31,66,4,365,0,5,154,0,159,264,36,220,4,524,32,0,32,556
07/16/2006,SAT,TX,ASW,CE,Combined TRACON& Tower with Radar,267,19,92,7,385,0,8,118,2,128,267,27,210,9,513,24,2,26,539
07/17/2006,SAT,TX,ASW,CE,Combined TRACON& Tower with Radar,290,29,90,10,419,0,8,156,1,165,290,37,246,11,584,23,2,25,609
07/18/2006,SAT,TX,ASW,CE,Combined TRACON& Tower with Radar,315,56,89,16,476,0,8,179,2,189,315,64,268,18,665,14,4,18,683
07/19/2006,SAT,TX,ASW,CE,Combined TRACON& Tower with Radar,303,44,111,9,467,0,18,156,6,180,303,62,267,15,647,0,0,0,647
07/20/2006,SAT,TX,ASW,CE,Combined TRACON& Tower with Radar,298,47,132,18,495,0,13,141,2,156,298,60,273,20,651,14,10,24,675
07/21/2006,SAT,TX,ASW,CE,Combined TRACON& Tower with Radar,323,49,108,23,503,0,9,160,2,171,323,58,268,25,674,22,4,26,700
07/22/2006,SAT,TX,ASW,CE,Combined TRACON& Tower with Radar,257,16,67,6,346,0,13,141,0,154,257,29,208,6,500,12,0,12,512
07/23/2006,SAT,TX,ASW,CE,Combined TRACON& Tower with Radar,275,19,69,0,363,0,3,89,2,94,275,22,158,2,457,20,0,20,477
07/24/2006,SAT,TX,ASW,CE,Combined TRACON& Tower with Radar,300,33,96,12,441,0,7,141,7,155,300,40,237,19,596,35,4,39,635
07/25/2006,SAT,TX,ASW,CE,Combined TRACON& Tower with Radar,307,65,155,16,543,0,10,96,10,116,307,75,251,26,659,40,4,44,703
07/26/2006,SAT,TX,ASW,CE,Combined TRACON& Tower with Radar,311,54,128,10,503,0,10,117,5,132,311,64,245,15,635,14,0,14,649
07/27/2006,SAT,TX,ASW,CE,Combined TRACON& Tower with Radar,309,52,129,12,502,0,5,86,6,97,309,57,215,18,599,20,0,20,619
07/28/2006,SAT,TX,ASW,CE,Combined TRACON& Tower with Radar,324,61,126,10,521,0,20,132,12,164,324,81,258,22,685,28,2,30,715
07/29/2006,SAT,TX,ASW,CE,Combined TRACON& Tower with Radar,258,26,59,3,346,0,5,120,3,128,258,31,179,6,474,20,0,20,494
07/30/2006,SAT,TX,ASW,CE,Combined TRACON& Tower with Radar,258,24,62,0,344,0,2,109,1,112,258,26,171,1,456,22,0,22,478
07/31/2006,SAT,TX,ASW,CE,Combined TRACON& Tower with Radar,294,31,109,13,447,0,8,96,2,106,294,39,205,15,553,18,0,18,571
08/01/2006,SAT,TX,ASW,CE,Combined TRACON& Tower with Radar,311,50,120,9,490,0,8,114,3,125,311,58,234,12,615,56,2,58,673
08/02/2006,SAT,TX,ASW,CE,Combined TRACON& Tower with Radar,317,47,134,15,513,0,6,132,0,138,317,53,266,15,651,30,0,30,681
08/03/2006,SAT,TX,ASW,CE,Combined TRACON& Tower with Radar,306,51,124,8,489,0,10,141,3,154,306,61,265,11,643,18,0,18,661
08/04/2006,SAT,TX,ASW,CE,Combined TRACON& Tower with Radar,317,37,111,6,471,0,12,166,3,181,317,49,277,9,652,0,0,0,652
08/05/2006,SAT,TX,ASW,CE,Combined TRACON& Tower with Radar,262,26,61,6,355,0,7,120,0,127,262,33,181,6,482,12,0,12,494
08/06/2006,SAT,TX,ASW,CE,Combined TRACON& Tower with Radar,263,35,66,2,366,0,0,74,7,81,263,35,140,9,447,14,0,14,461
08/07/2006,SAT,TX,ASW,CE,Combined TRACON& Tower with Radar,282,37,90,7,416,0,9,74,2,85,282,46,164,9,501,4,0,4,505
08/08/2006,SAT,TX,ASW,CE,Combined TRACON& Tower with Radar,310,55,135,8,508,0,12,155,4,171,310,67,290,12,679,8,0,8,687
08/09/2006,SAT,TX,ASW,CE,Combined TRACON& Tower with Radar,309,67,116,10,502,0,12,190,4,206,309,79,306,14,708,6,10,16,724
08/10/2006,SAT,TX,ASW,CE,Combined TRACON& Tower with Radar,293,55,126,9,483,0,7,159,3,169,293,62,285,12,652,28,6,34,686
08/11/2006,SAT,TX,ASW,CE,Combined TRACON& Tower with Radar,322,52,121,20,515,0,18,190,13,221,322,70,311,33,736,4,0,4,740
08/12/2006,SAT,TX,ASW,CE,Combined TRACON& Tower with Radar,254,26,76,3,359,0,3,146,2,151,254,29,222,5,510,12,0,12,522
08/13/2006,SAT,TX,ASW,CE,Combined TRACON& Tower with Radar,254,28,83,6,371,0,4,97,2,103,254,32,180,8,474,20,0,20,494
08/14/2006,SAT,TX,ASW,CE,Combined TRACON& Tower with Radar,277,33,106,3,419,0,5,119,2,126,277,38,225,5,545,48,0,48,593
08/15/2006,SAT,TX,ASW,CE,Combined TRACON& Tower with Radar,303,64,110,7,484,0,13,144,2,159,303,77,254,9,643,24,0,24,667
08/16/2006,SAT,TX,ASW,CE,Combined TRACON& Tower with Radar,304,65,109,13,491,0,11,153,2,166,304,76,262,15,657,12,10,22,679
08/17/2006,SAT,TX,ASW,CE,Combined TRACON& Tower with Radar,306,58,118,11,493,0,8,176,2,186,306,66,294,13,679,34,2,36,715
08/18/2006,SAT,TX,ASW,CE,Combined TRACON& Tower with Radar,305,53,88,10,456,0,24,190,13,227,305,77,278,23,683,16,2,18,701
08/19/2006,SAT,TX,ASW,CE,Combined TRACON& Tower with Radar,257,23,40,4,324,0,7,131,0,138,257,30,171,4,462,12,0,12,474
08/20/2006,SAT,TX,ASW,CE,Combined TRACON& Tower with Radar,247,20,80,5,352,0,2,103,2,107,247,22,183,7,459,0,0,0,459
08/21/2006,SAT,TX,ASW,CE,Combined TRACON& Tower with Radar,274,44,115,11,444,0,9,152,0,161,274,53,267,11,605,4,2,6,611
08/22/2006,SAT,TX,ASW,CE,Combined TRACON& Tower with Radar,292,60,134,12,498,0,12,184,2,198,292,72,318,14,696,18,3,21,717
08/23/2006,SAT,TX,ASW,CE,Combined TRACON& Tower with Radar,331,67,130,6,534,0,11,153,6,170,331,78,283,12,704,4,0,4,708
08/24/2006,SAT,TX,ASW,CE,Combined TRACON& Tower with Radar,293,59,108,7,467,0,10,153,2,165,293,69,261,9,632,4,4,8,640
08/25/2006,SAT,TX,ASW,CE,Combined TRACON& Tower with Radar,313,59,101,11,484,0,4,178,13,195,313,63,279,24,679,6,6,12,691
08/26/2006,SAT,TX,ASW,CE,Combined TRACON& Tower with Radar,248,40,54,7,349,1,5,144,0,150,249,45,198,7,499,4,0,4,503
08/27/2006,SAT,TX,ASW,CE,Combined TRACON& Tower with Radar,252,30,64,3,349,0,2,89,2,93,252,32,153,5,442,28,0,28,470
08/28/2006,SAT,TX,ASW,CE,Combined TRACON& Tower with Radar,280,41,99,11,431,0,10,150,4,164,280,51,249,15,595,20,2,22,617
08/29/2006,SAT,TX,ASW,CE,Combined TRACON& Tower with Radar,294,69,131,8,502,0,6,105,3,114,294,75,236,11,616,18,2,20,636
08/30/2006,SAT,TX,ASW,CE,Combined TRACON& Tower with Radar,292,76,195,8,571,0,8,182,7,197,292,84,377,15,768,2,2,4,772
08/31/2006,SAT,TX,ASW,CE,Combined TRACON& Tower with Radar,283,81,130,6,500,0,11,215,3,229,283,92,345,9,729,38,4,42,771
09/01/2006,SAT,TX,ASW,CE,Combined TRACON& Tower with Radar,311,77,159,12,559,0,23,238,13,274,311,100,397,25,833,22,4,26,859
09/02/2006,SAT,TX,ASW,CE,Combined TRACON& Tower with Radar,249,21,44,4,318,0,7,173,2,182,249,28,217,6,500,16,0,16,516
09/03/2006,SAT,TX,ASW,CE,Combined TRACON& Tower with Radar,190,18,42,1,251,0,0,104,0,104,190,18,146,1,355,22,0,22,377
09/04/2006,SAT,TX,ASW,CE,Combined TRACON& Tower with Radar,244,13,76,8,341,0,0,107,2,109,244,13,183,10,450,24,0,24,474
09/05/2006,SAT,TX,ASW,CE,Combined TRACON& Tower with Radar,273,45,124,4,446,0,3,18,1,22,273,48,142,5,468,2,0,2,470
09/06/2006,SAT,TX,ASW,CE,Combined TRACON& Tower with Radar,304,59,121,12,496,0,14,177,3,194,304,73,298,15,690,6,0,6,696
09/07/2006,SAT,TX,ASW,CE,Combined TRACON& Tower with Radar,304,56,117,6,483,0,10,177,3,190,304,66,294,9,673,32,2,34,707
09/08/2006,SAT,TX,ASW,CE,Combined TRACON& Tower with Radar,313,61,133,14,521,0,11,160,4,175,313,72,293,18,696,32,2,34,730
09/09/2006,SAT,TX,ASW,CE,Combined TRACON& Tower with Radar,246,38,91,3,378,0,1,58,0,59,246,39,149,3,437,14,0,14,451
09/10/2006,SAT,TX,ASW,CE,Combined TRACON& Tower with Radar,251,35,90,9,385,0,3,56,5,64,251,38,146,14,449,24,6,30,479
09/11/2006,SAT,TX,ASW,CE,Combined TRACON& Tower with Radar,269,28,105,3,405,0,5,22,3,30,269,33,127,6,435,2,0,2,437
09/12/2006,SAT,TX,ASW,CE,Combined TRACON& Tower with Radar,320,62,89,5,476,0,5,67,3,75,320,67,156,8,551,4,2,6,557
09/13/2006,SAT,TX,ASW,CE,Combined TRACON& Tower with Radar,310,53,138,10,511,0,7,197,8,212,310,60,335,18,723,14,0,14,737
09/14/2006,SAT,TX,ASW,CE,Combined TRACON& Tower with Radar,307,56,112,7,482,0,11,178,11,200,307,67,290,18,682,8,0,8,690
09/15/2006,SAT,TX,ASW,CE,Combined TRACON& Tower with Radar,317,67,135,9,528,0,23,160,9,192,317,90,295,18,720,16,6,22,742
09/16/2006,SAT,TX,ASW,CE,Combined TRACON& Tower with Radar,245,26,96,10,377,0,3,69,0,72,245,29,165,10,449,56,0,56,505
09/17/2006,SAT,TX,ASW,CE,Combined TRACON& Tower with Radar,241,44,117,3,405,0,1,48,0,49,241,45,165,3,454,14,0,14,468
09/18/2006,SAT,TX,ASW,CE,Combined TRACON& Tower with Radar,298,23,121,20,462,0,7,87,3,97,298,30,208,23,559,4,4,8,567
09/19/2006,SAT,TX,ASW,CE,Combined TRACON& Tower with Radar,300,50,140,3,493,0,12,166,3,181,300,62,306,6,674,0,0,0,674
09/20/2006,SAT,TX,ASW,CE,Combined TRACON& Tower with Radar,300,59,144,8,511,0,9,238,6,253,300,68,382,14,764,0,0,0,764
09/21/2006,SAT,TX,ASW,CE,Combined TRACON& Tower with Radar,292,48,170,11,521,0,12,102,3,117,292,60,272,14,638,0,0,0,638
09/22/2006,SAT,TX,ASW,CE,Combined TRACON& Tower with Radar,285,54,147,13,499,0,13,147,13,173,285,67,294,26,672,16,7,23,695
09/23/2006,SAT,TX,ASW,CE,Combined TRACON& Tower with Radar,274,34,82,3,393,0,7,36,1,44,274,41,118,4,437,26,0,26,463
09/24/2006,SAT,TX,ASW,CE,Combined TRACON& Tower with Radar,249,38,117,0,404,0,0,65,0,65,249,38,182,0,469,8,0,8,477
09/25/2006,SAT,TX,ASW,CE,Combined TRACON& Tower with Radar,275,37,143,8,463,0,5,185,1,191,275,42,328,9,654,0,0,0,654
09/26/2006,SAT,TX,ASW,CE,Combined TRACON& Tower with Radar,291,53,150,16,510,1,11,182,0,194,292,64,332,16,704,36,36,72,776
09/27/2006,SAT,TX,ASW,CE,Combined TRACON& Tower with Radar,288,52,161,6,507,0,13,163,1,177,288,65,324,7,684,16,0,16,700
09/28/2006,SAT,TX,ASW,CE,Combined TRACON& Tower with Radar,301,77,158,3,539,1,18,148,4,171,302,95,306,7,710,4,12,16,726
09/29/2006,SAT,TX,ASW,CE,Combined TRACON& Tower with Radar,300,63,129,8,500,0,20,201,1,222,300,83,330,9,722,46,4,50,772
09/30/2006,SAT,TX,ASW,CE,Combined TRACON& Tower with Radar,259,34,98,6,397,0,8,116,4,128,259,42,214,10,525,10,0,10,535
10/01/2006,SAT,TX,ASW,CE,Combined TRACON& Tower with Radar,241,17,101,1,360,0,3,97,0,100,241,20,198,1,460,20,0,20,480
10/02/2006,SAT,TX,ASW,CE,Combined TRACON& Tower with Radar,277,27,92,10,406,0,7,110,2,119,277,34,202,12,525,16,0,16,541
10/03/2006,SAT,TX,ASW,CE,Combined TRACON& Tower with Radar,293,62,134,8,497,0,6,107,5,118,293,68,241,13,615,0,0,0,615
10/04/2006,SAT,TX,ASW,CE,Combined TRACON& Tower with Radar,295,51,140,10,496,0,13,114,3,130,295,64,254,13,626,0,0,0,626
10/05/2006,SAT,TX,ASW,CE,Combined TRACON& Tower with Radar,295,59,139,8,501,0,9,177,3,189,295,68,316,11,690,10,0,10,700
10/06/2006,SAT,TX,ASW,CE,Combined TRACON& Tower with Radar,301,53,130,6,490,1,17,218,18,254,302,70,348,24,744,22,4,26,770
10/07/2006,SAT,TX,ASW,CE,Combined TRACON& Tower with Radar,240,24,92,1,357,1,4,98,2,105,241,28,190,3,462,26,0,26,488
10/08/2006,SAT,TX,ASW,CE,Combined TRACON& Tower with Radar,245,10,93,0,348,0,0,99,1,100,245,10,192,1,448,32,0,32,480
10/09/2006,SAT,TX,ASW,CE,Combined TRACON& Tower with Radar,276,25,135,14,450,0,9,110,4,123,276,34,245,18,573,20,2,22,595
10/10/2006,SAT,TX,ASW,CE,Combined TRACON& Tower with Radar,290,43,144,3,480,0,2,15,0,17,290,45,159,3,497,0,0,0,497
10/11/2006,SAT,TX,ASW,CE,Combined TRACON& Tower with Radar,301,70,198,10,579,0,6,125,0,131,301,76,323,10,710,2,0,2,712
10/12/2006,SAT,TX,ASW,CE,Combined TRACON& Tower with Radar,306,70,157,7,540,0,7,101,1,109,306,77,258,8,649,6,0,6,655
10/13/2006,SAT,TX,ASW,CE,Combined TRACON& Tower with Radar,309,69,171,10,559,0,4,49,2,55,309,73,220,12,614,2,4,6,620
10/14/2006,SAT,TX,ASW,CE,Combined TRACON& Tower with Radar,243,40,82,3,368,0,3,19,2,24,243,43,101,5,392,14,4,18,410
10/15/2006,SAT,TX,ASW,CE,Combined TRACON& Tower with Radar,236,39,88,7,370,0,1,16,0,17,236,40,104,7,387,4,0,4,391
10/16/2006,SAT,TX,ASW,CE,Combined TRACON& Tower with Radar,309,49,130,8,496,0,5,88,1,94,309,54,218,9,590,2,4,6,596
10/17/2006,SAT,TX,ASW,CE,Combined TRACON& Tower with Radar,301,58,135,13,507,0,9,189,2,200,301,67,324,15,707,4,0,4,711
10/18/2006,SAT,TX,ASW,CE,Combined TRACON& Tower with Radar,322,69,168,6,565,0,2,95,4,101,322,71,263,10,666,20,0,20,686
10/19/2006,SAT,TX,ASW,CE,Combined TRACON& Tower with Radar,302,56,139,16,513,0,8,90,4,102,302,64,229,20,615,0,0,0,615
10/20/2006,SAT,TX,ASW,CE,Combined TRACON& Tower with Radar,301,70,147,15,533,0,10,201,3,214,301,80,348,18,747,66,8,74,821
10/21/2006,SAT,TX,ASW,CE,Combined TRACON& Tower with Radar,247,37,78,9,371,0,1,124,6,131,247,38,202,15,502,0,0,0,502
10/22/2006,SAT,TX,ASW,CE,Combined TRACON& Tower with Radar,242,49,96,4,391,1,2,88,4,95,243,51,184,8,486,6,0,6,492
10/23/2006,SAT,TX,ASW,CE,Combined TRACON& Tower with Radar,278,42,126,3,449,0,12,145,7,164,278,54,271,10,613,2,0,2,615
10/24/2006,SAT,TX,ASW,CE,Combined TRACON& Tower with Radar,293,54,158,20,525,0,7,101,3,111,293,61,259,23,636,22,2,24,660
10/25/2006,SAT,TX,ASW,CE,Combined TRACON& Tower with Radar,288,53,202,12,555,0,4,1,3,8,288,57,203,15,563,8,4,12,575
10/26/2006,SAT,TX,ASW,CE,Combined TRACON& Tower with Radar,292,74,142,14,522,0,8,72,0,80,292,82,214,14,602,2,2,4,606
10/27/2006,SAT,TX,ASW,CE,Combined TRACON& Tower with Radar,322,75,121,10,528,0,17,120,1,138,322,92,241,11,666,22,4,26,692
10/28/2006,SAT,TX,ASW,CE,Combined TRACON& Tower with Radar,245,34,81,1,361,0,9,143,0,152,245,43,224,1,513,30,0,30,543
10/29/2006,SAT,TX,ASW,CE,Combined TRACON& Tower with Radar,245,36,101,3,385,0,3,149,3,155,245,39,250,6,540,30,0,30,570
10/30/2006,SAT,TX,ASW,CE,Combined TRACON& Tower with Radar,276,46,105,5,432,0,9,138,1,148,276,55,243,6,580,0,0,0,580
10/31/2006,SAT,TX,ASW,CE,Combined TRACON& Tower with Radar,290,48,115,9,462,0,10,133,2,145,290,58,248,11,607,12,2,14,621
11/01/2006,SAT,TX,ASW,CE,Combined TRACON& Tower with Radar,289,60,132,12,493,0,5,54,1,60,289,65,186,13,553,22,0,22,575
11/02/2006,SAT,TX,ASW,CE,Combined TRACON& Tower with Radar,306,58,138,17,519,0,11,126,2,139,306,69,264,19,658,2,0,2,660
11/03/2006,SAT,TX,ASW,CE,Combined TRACON& Tower with Radar,292,53,148,5,498,0,23,198,16,237,292,76,346,21,735,16,2,18,753
11/04/2006,SAT,TX,ASW,CE,Combined TRACON& Tower with Radar,246,37,88,7,378,0,4,76,3,83,246,41,164,10,461,34,0,34,495
11/05/2006,SAT,TX,ASW,CE,Combined TRACON& Tower with Radar,231,43,108,7,389,0,0,50,0,50,231,43,158,7,439,16,2,18,457
11/06/2006,SAT,TX,ASW,CE,Combined TRACON& Tower with Radar,282,33,120,12,447,0,7,82,1,90,282,40,202,13,537,32,8,40,577
11/07/2006,SAT,TX,ASW,CE,Combined TRACON& Tower with Radar,305,64,113,10,492,0,7,124,5,136,305,71,237,15,628,8,4,12,640
11/08/2006,SAT,TX,ASW,CE,Combined TRACON& Tower with Radar,304,63,135,12,514,0,13,141,0,154,304,76,276,12,668,20,4,24,692
11/09/2006,SAT,TX,ASW,CE,Combined TRACON& Tower with Radar,294,65,141,8,508,0,7,129,2,138,294,72,270,10,646,12,4,16,662
11/10/2006,SAT,TX,ASW,CE,Combined TRACON& Tower with Radar,290,80,142,5,517,0,17,135,4,156,290,97,277,9,673,12,0,12,685
11/11/2006,SAT,TX,ASW,CE,Combined TRACON& Tower with Radar,242,32,74,4,352,0,4,103,3,110,242,36,177,7,462,22,0,22,484
11/12/2006,SAT,TX,ASW,CE,Combined TRACON& Tower with Radar,230,38,99,2,369,0,1,128,3,132,230,39,227,5,501,16,0,16,517
11/13/2006,SAT,TX,ASW,CE,Combined TRACON& Tower with Radar,276,32,132,8,448,1,5,112,0,118,277,37,244,8,566,20,2,22,588
11/14/2006,SAT,TX,ASW,CE,Combined TRACON& Tower with Radar,295,65,152,7,519,0,12,112,5,129,295,77,264,12,648,8,2,10,658
11/15/2006,SAT,TX,ASW,CE,Combined TRACON& Tower with Radar,290,71,103,9,473,0,8,48,0,56,290,79,151,9,529,8,0,8,537
11/16/2006,SAT,TX,ASW,CE,Combined TRACON& Tower with Radar,304,72,144,14,534,0,3,171,3,177,304,75,315,17,711,2,4,6,717
11/17/2006,SAT,TX,ASW,CE,Combined TRACON& Tower with Radar,312,80,173,7,572,0,26,208,10,244,312,106,381,17,816,32,0,32,848
11/18/2006,SAT,TX,ASW,CE,Combined TRACON& Tower with Radar,245,45,95,1,386,0,2,162,0,164,245,47,257,1,550,16,0,16,566
11/19/2006,SAT,TX,ASW,CE,Combined TRACON& Tower with Radar,241,18,78,10,347,0,1,169,0,170,241,19,247,10,517,28,6,34,551
11/20/2006,SAT,TX,ASW,CE,Combined TRACON& Tower with Radar,267,37,103,10,417,0,4,166,2,172,267,41,269,12,589,14,0,14,603
11/21/2006,SAT,TX,ASW,CE,Combined TRACON& Tower with Radar,296,60,110,16,482,0,6,174,0,180,296,66,284,16,662,20,2,22,684
11/22/2006,SAT,TX,ASW,CE,Combined TRACON& Tower with Radar,311,60,111,2,484,0,13,172,3,188,311,73,283,5,672,24,0,24,696
11/23/2006,SAT,TX,ASW,CE,Combined TRACON& Tower with Radar,227,32,34,0,293,1,2,51,0,54,228,34,85,0,347,4,0,4,351
11/24/2006,SAT,TX,ASW,CE,Combined TRACON& Tower with Radar,216,40,58,0,314,0,2,125,0,127,216,42,183,0,441,14,0,14,455
11/25/2006,SAT,TX,ASW,CE,Combined TRACON& Tower with Radar,248,46,71,2,367,0,2,110,3,115,248,48,181,5,482,58,0,58,540
11/26/2006,SAT,TX,ASW,CE,Combined TRACON& Tower with Radar,254,34,107,4,399,0,3,98,0,101,254,37,205,4,500,12,2,14,514
11/27/2006,SAT,TX,ASW,CE,Combined TRACON& Tower with Radar,272,44,150,4,470,0,4,68,2,74,272,48,218,6,544,12,4,16,560
11/28/2006,SAT,TX,ASW,CE,Combined TRACON& Tower with Radar,301,66,115,12,494,0,5,79,0,84,301,71,194,12,578,0,0,0,578
11/29/2006,SAT,TX,ASW,CE,Combined TRACON& Tower with Radar,284,66,177,9,536,0,7,42,0,49,284,73,219,9,585,0,0,0,585
11/30/2006,SAT,TX,ASW,CE,Combined TRACON& Tower with Radar,286,67,91,3,447,1,0,24,0,25,287,67,115,3,472,0,0,0,472
12/01/2006,SAT,TX,ASW,CE,Combined TRACON& Tower with Radar,282,70,129,6,487,0,22,192,2,216,282,92,321,8,703,10,0,10,713
12/02/2006,SAT,TX,ASW,CE,Combined TRACON& Tower with Radar,249,36,73,5,363,0,5,111,0,116,249,41,184,5,479,32,0,32,511
12/03/2006,SAT,TX,ASW,CE,Combined TRACON& Tower with Radar,235,37,83,6,361,0,6,77,4,87,235,43,160,10,448,0,0,0,448
12/04/2006,SAT,TX,ASW,CE,Combined TRACON& Tower with Radar,279,36,113,18,446,0,8,132,10,150,279,44,245,28,596,22,8,30,626
12/05/2006,SAT,TX,ASW,CE,Combined TRACON& Tower with Radar,291,53,141,13,498,0,16,146,1,163,291,69,287,14,661,18,6,24,685
12/06/2006,SAT,TX,ASW,CE,Combined TRACON& Tower with Radar,290,67,141,19,517,0,4,129,3,136,290,71,270,22,653,4,2,6,659
12/07/2006,SAT,TX,ASW,CE,Combined TRACON& Tower with Radar,301,56,153,7,517,0,2,35,2,39,301,58,188,9,556,2,0,2,558
12/08/2006,SAT,TX,ASW,CE,Combined TRACON& Tower with Radar,298,67,136,5,506,0,10,107,1,118,298,77,243,6,624,4,0,4,628
12/09/2006,SAT,TX,ASW,CE,Combined TRACON& Tower with Radar,241,32,88,11,372,0,21,121,8,150,241,53,209,19,522,12,0,12,534
12/10/2006,SAT,TX,ASW,CE,Combined TRACON& Tower with Radar,232,29,121,5,387,0,1,3,0,4,232,30,124,5,391,6,0,6,397
12/11/2006,SAT,TX,ASW,CE,Combined TRACON& Tower with Radar,272,39,162,7,480,0,2,16,2,20,272,41,178,9,500,4,0,4,504
12/12/2006,SAT,TX,ASW,CE,Combined TRACON& Tower with Radar,299,71,127,9,506,0,5,162,2,169,299,76,289,11,675,2,2,4,679
12/13/2006,SAT,TX,ASW,CE,Combined TRACON& Tower with Radar,305,57,129,11,502,0,23,221,13,257,305,80,350,24,759,26,4,30,789
12/14/2006,SAT,TX,ASW,CE,Combined TRACON& Tower with Radar,316,53,213,13,595,0,2,88,1,91,316,55,301,14,686,2,2,4,690
12/15/2006,SAT,TX,ASW,CE,Combined TRACON& Tower with Radar,309,57,170,4,540,0,4,91,0,95,309,61,261,4,635,4,0,4,639
12/16/2006,SAT,TX,ASW,CE,Combined TRACON& Tower with Radar,243,43,103,10,399,0,6,100,0,106,243,49,203,10,505,24,0,24,529
12/17/2006,SAT,TX,ASW,CE,Combined TRACON& Tower with Radar,244,27,109,5,385,0,2,59,5,66,244,29,168,10,451,24,2,26,477
12/18/2006,SAT,TX,ASW,CE,Combined TRACON& Tower with Radar,262,44,128,12,446,0,5,78,3,86,262,49,206,15,532,26,4,30,562
12/19/2006,SAT,TX,ASW,CE,Combined TRACON& Tower with Radar,284,72,114,8,478,0,0,6,0,6,284,72,120,8,484,2,4,6,490
12/20/2006,SAT,TX,ASW,CE,Combined TRACON& Tower with Radar,294,64,125,9,492,0,8,33,0,41,294,72,158,9,533,0,0,0,533
12/21/2006,SAT,TX,ASW,CE,Combined TRACON& Tower with Radar,292,73,115,10,490,1,6,102,0,109,293,79,217,10,599,26,2,28,627
12/22/2006,SAT,TX,ASW,CE,Combined TRACON& Tower with Radar,296,59,83,3,441,0,15,197,24,236,296,74,280,27,677,22,0,22,699
12/23/2006,SAT,TX,ASW,CE,Combined TRACON& Tower with Radar,249,50,84,1,384,0,5,37,0,42,249,55,121,1,426,0,0,0,426
12/24/2006,SAT,TX,ASW,CE,Combined TRACON& Tower with Radar,229,17,27,0,273,0,0,3,0,3,229,17,30,0,276,2,0,2,278
12/25/2006,SAT,TX,ASW,CE,Combined TRACON& Tower with Radar,208,29,14,0,251,0,2,24,0,26,208,31,38,0,277,6,0,6,283
12/26/2006,SAT,TX,ASW,CE,Combined TRACON& Tower with Radar,269,47,93,2,411,0,8,124,1,133,269,55,217,3,544,2,0,2,546
12/27/2006,SAT,TX,ASW,CE,Combined TRACON& Tower with Radar,296,51,84,7,438,0,10,145,1,156,296,61,229,8,594,16,2,18,612
12/28/2006,SAT,TX,ASW,CE,Combined TRACON& Tower with Radar,309,51,100,6,466,0,12,50,0,62,309,63,150,6,528,12,0,12,540
12/29/2006,SAT,TX,ASW,CE,Combined TRACON& Tower with Radar,294,56,86,4,440,0,16,18,1,35,294,72,104,5,475,16,0,16,491
12/30/2006,SAT,TX,ASW,CE,Combined TRACON& Tower with Radar,313,51,89,4,457,0,3,89,0,92,313,54,178,4,549,6,0,6,555
12/31/2006,SAT,TX,ASW,CE,Combined TRACON& Tower with Radar,247,16,44,3,310,0,3,97,0,100,247,19,141,3,410,16,0,16,426
01/01/2007,SAT,TX,ASW,CE,Combined TRACON& Tower with Radar,227,31,42,0,300,0,3,79,0,82,227,34,121,0,382,10,0,10,392
01/02/2007,SAT,TX,ASW,CE,Combined TRACON& Tower with Radar,267,44,100,3,414,0,5,111,0,116,267,49,211,3,530,24,0,24,554
01/03/2007,SAT,TX,ASW,CE,Combined TRACON& Tower with Radar,304,63,95,18,480,0,2,16,0,18,304,65,111,18,498,2,6,8,506
01/04/2007,SAT,TX,ASW,CE,Combined TRACON& Tower with Radar,289,67,118,20,494,0,4,81,0,85,289,71,199,20,579,4,2,6,585
01/05/2007,SAT,TX,ASW,CE,Combined TRACON& Tower with Radar,297,61,125,17,500,0,4,142,1,147,297,65,267,18,647,10,0,10,657
01/06/2007,SAT,TX,ASW,CE,Combined TRACON& Tower with Radar,240,48,97,3,388,0,2,6,1,9,240,50,103,4,397,6,2,8,405
01/07/2007,SAT,TX,ASW,CE,Combined TRACON& Tower with Radar,232,24,98,21,375,0,4,96,4,104,232,28,194,25,479,20,6,26,505
01/08/2007,SAT,TX,ASW,CE,Combined TRACON& Tower with Radar,270,35,105,7,417,0,4,137,2,143,270,39,242,9,560,8,10,18,578
01/09/2007,SAT,TX,ASW,CE,Combined TRACON& Tower with Radar,283,50,127,2,462,0,9,146,4,159,283,59,273,6,621,6,6,12,633
01/10/2007,SAT,TX,ASW,CE,Combined TRACON& Tower with Radar,289,50,142,20,501,0,14,133,4,151,289,64,275,24,652,0,0,0,652
01/11/2007,SAT,TX,ASW,CE,Combined TRACON& Tower with Radar,296,69,150,7,522,5,6,28,1,40,301,75,178,8,562,6,0,6,568
01/12/2007,SAT,TX,ASW,CE,Combined TRACON& Tower with Radar,285,74,125,3,487,1,11,34,4,50,286,85,159,7,537,16,2,18,555
01/13/2007,SAT,TX,ASW,CE,Combined TRACON& Tower with Radar,240,36,57,7,340,0,1,2,0,3,240,37,59,7,343,2,6,8,351
01/14/2007,SAT,TX,ASW,CE,Combined TRACON& Tower with Radar,204,33,64,1,302,1,0,1,0,2,205,33,65,1,304,6,6,12,316
01/15/2007,SAT,TX,ASW,CE,Combined TRACON& Tower with Radar,247,29,76,1,353,1,0,5,0,6,248,29,81,1,359,0,0,0,359
01/16/2007,SAT,TX,ASW,CE,Combined TRACON& Tower with Radar,174,19,33,0,226,1,0,0,0,1,175,19,33,0,227,0,0,0,227
01/17/2007,SAT,TX,ASW,CE,Combined TRACON& Tower with Radar,138,36,56,0,230,1,0,0,0,1,139,36,56,0,231,0,0,0,231
01/18/2007,SAT,TX,ASW,CE,Combined TRACON& Tower with Radar,282,63,104,6,455,0,4,67,2,73,282,67,171,8,528,4,0,4,532
01/19/2007,SAT,TX,ASW,CE,Combined TRACON& Tower with Radar,304,64,113,9,490,2,1,5,1,9,306,65,118,10,499,0,0,0,499
01/20/2007,SAT,TX,ASW,CE,Combined TRACON& Tower with Radar,244,33,60,5,342,1,0,1,0,2,245,33,61,5,344,0,0,0,344
01/21/2007,SAT,TX,ASW,CE,Combined TRACON& Tower with Radar,214,30,78,14,336,1,19,104,6,130,215,49,182,20,466,16,0,16,482
01/22/2007,SAT,TX,ASW,CE,Combined TRACON& Tower with Radar,277,33,112,7,429,0,10,69,2,81,277,43,181,9,510,0,0,0,510
01/23/2007,SAT,TX,ASW,CE,Combined TRACON& Tower with Radar,287,68,131,8,494,3,21,34,1,59,290,89,165,9,553,2,2,4,557
01/24/2007,SAT,TX,ASW,CE,Combined TRACON& Tower with Radar,284,90,144,14,532,0,1,23,1,25,284,91,167,15,557,4,2,6,563
01/25/2007,SAT,TX,ASW,CE,Combined TRACON& Tower with Radar,291,63,162,5,521,1,33,165,4,203,292,96,327,9,724,16,0,16,740
01/26/2007,SAT,TX,ASW,CE,Combined TRACON& Tower with Radar,281,67,140,11,499,1,15,150,2,168,282,82,290,13,667,12,0,12,679
01/27/2007,SAT,TX,ASW,CE,Combined TRACON& Tower with Radar,245,36,80,5,366,0,9,85,0,94,245,45,165,5,460,10,0,10,470
01/28/2007,SAT,TX,ASW,CE,Combined TRACON& Tower with Radar,228,46,93,12,379,0,31,154,13,198,228,77,247,25,577,24,0,24,601
01/29/2007,SAT,TX,ASW,CE,Combined TRACON& Tower with Radar,268,60,140,14,482,1,13,67,5,86,269,73,207,19,568,16,0,16,584
01/30/2007,SAT,TX,ASW,CE,Combined TRACON& Tower with Radar,285,70,135,8,498,0,11,74,0,85,285,81,209,8,583,2,2,4,587
01/31/2007,SAT,TX,ASW,CE,Combined TRACON& Tower with Radar,276,70,133,15,494,2,10,48,0,60,278,80,181,15,554,0,0,0,554
02/01/2007,SAT,TX,ASW,CE,Combined TRACON& Tower with Radar,286,89,149,6,530,3,12,45,0,60,289,101,194,6,590,2,0,2,592
02/02/2007,SAT,TX,ASW,CE,Combined TRACON& Tower with Radar,294,74,135,16,519,1,7,92,0,100,295,81,227,16,619,4,0,4,623
02/03/2007,SAT,TX,ASW,CE,Combined TRACON& Tower with Radar,245,27,70,4,346,1,12,115,2,130,246,39,185,6,476,42,0,42,518
02/04/2007,SAT,TX,ASW,CE,Combined TRACON& Tower with Radar,232,18,74,7,331,0,9,126,4,139,232,27,200,11,470,34,6,40,510
02/05/2007,SAT,TX,ASW,CE,Combined TRACON& Tower with Radar,268,41,130,10,449,0,14,116,2,132,268,55,246,12,581,10,2,12,593
02/06/2007,SAT,TX,ASW,CE,Combined TRACON& Tower with Radar,285,62,137,7,491,0,23,138,5,166,285,85,275,12,657,20,4,24,681
02/07/2007,SAT,TX,ASW,CE,Combined TRACON& Tower with Radar,284,63,186,12,545,1,16,121,1,139,285,79,307,13,684,6,2,8,692
02/08/2007,SAT,TX,ASW,CE,Combined TRACON& Tower with Radar,292,63,162,4,521,0,1,10,1,12,292,64,172,5,533,0,0,0,533
02/09/2007,SAT,TX,ASW,CE,Combined TRACON& Tower with Radar,294,64,150,7,515,1,5,3,0,9,295,69,153,7,524,14,2,16,540
02/10/2007,SAT,TX,ASW,CE,Combined TRACON& Tower with Radar,246,42,104,8,400,0,11,46,1,58,246,53,150,9,458,34,6,40,498
02/11/2007,SAT,TX,ASW,CE,Combined TRACON& Tower with Radar,226,26,88,7,347,0,0,6,0,6,226,26,94,7,353,20,0,20,373
02/12/2007,SAT,TX,ASW,CE,Combined TRACON& Tower with Radar,256,36,138,3,433,0,4,31,2,37,256,40,169,5,470,0,0,0,470
02/13/2007,SAT,TX,ASW,CE,Combined TRACON& Tower with Radar,275,57,132,4,468,0,15,116,6,137,275,72,248,10,605,0,0,0,605
02/14/2007,SAT,TX,ASW,CE,Combined TRACON& Tower with Radar,270,60,94,9,433,0,33,110,2,145,270,93,204,11,578,0,0,0,578
02/15/2007,SAT,TX,ASW,CE,Combined TRACON& Tower with Radar,287,63,136,13,499,0,23,127,3,153,287,86,263,16,652,0,0,0,652
02/16/2007,SAT,TX,ASW,CE,Combined TRACON& Tower with Radar,297,53,115,14,479,5,36,153,2,196,302,89,268,16,675,10,2,12,687
02/17/2007,SAT,TX,ASW,CE,Combined TRACON& Tower with Radar,242,37,78,3,360,0,6,97,0,103,242,43,175,3,463,6,0,6,469
02/18/2007,SAT,TX,ASW,CE,Combined TRACON& Tower with Radar,235,26,71,1,333,1,18,144,4,167,236,44,215,5,500,6,0,6,506
02/19/2007,SAT,TX,ASW,CE,Combined TRACON& Tower with Radar,263,31,112,1,407,1,27,146,6,180,264,58,258,7,587,10,0,10,597
02/20/2007,SAT,TX,ASW,CE,Combined TRACON& Tower with Radar,298,43,157,10,508,0,35,96,1,132,298,78,253,11,640,2,0,2,642
02/21/2007,SAT,TX,ASW,CE,Combined TRACON& Tower with Radar,291,66,131,6,494,1,27,151,7,186,292,93,282,13,680,14,0,14,694
02/22/2007,SAT,TX,ASW,CE,Combined TRACON& Tower with Radar,291,68,160,9,528,0,35,132,1,168,291,103,292,10,696,4,0,4,700
02/23/2007,SAT,TX,ASW,CE,Combined TRACON& Tower with Radar,295,78,157,13,543,0,6,51,3,60,295,84,208,16,603,36,0,36,639
02/24/2007,SAT,TX,ASW,CE,Combined TRACON& Tower with Radar,253,38,67,4,362,0,8,40,1,49,253,46,107,5,411,12,2,14,425
02/25/2007,SAT,TX,ASW,CE,Combined TRACON& Tower with Radar,225,39,85,7,356,0,33,173,13,219,225,72,258,20,575,26,8,34,609
02/26/2007,SAT,TX,ASW,CE,Combined TRACON& Tower with Radar,259,28,91,9,387,0,29,158,2,189,259,57,249,11,576,6,2,8,584
02/27/2007,SAT,TX,ASW,CE,Combined TRACON& Tower with Radar,292,61,124,10,487,2,8,110,4,124,294,69,234,14,611,4,0,4,615
02/28/2007,SAT,TX,ASW,CE,Combined TRACON& Tower with Radar,294,62,153,12,521,1,5,62,4,72,295,67,215,16,593,2,0,2,595
03/01/2007,SAT,TX,ASW,CE,Combined TRACON& Tower with Radar,286,72,150,1,509,0,7,118,2,127,286,79,268,3,636,4,0,4,640
03/02/2007,SAT,TX,ASW,CE,Combined TRACON& Tower with Radar,294,67,140,19,520,0,24,248,7,279,294,91,388,26,799,8,10,18,817
03/03/2007,SAT,TX,ASW,CE,Combined TRACON& Tower with Radar,246,40,103,6,395,0,12,186,3,201,246,52,289,9,596,18,4,22,618
03/04/2007,SAT,TX,ASW,CE,Combined TRACON& Tower with Radar,236,24,101,8,369,0,16,222,10,248,236,40,323,18,617,6,0,6,623
03/05/2007,SAT,TX,ASW,CE,Combined TRACON& Tower with Radar,268,32,95,7,402,0,16,157,4,177,268,48,252,11,579,42,0,42,621
03/06/2007,SAT,TX,ASW,CE,Combined TRACON& Tower with Radar,291,63,107,16,477,1,16,155,10,182,292,79,262,26,659,8,0,8,667
03/07/2007,SAT,TX,ASW,CE,Combined TRACON& Tower with Radar,291,53,118,13,475,2,13,173,3,191,293,66,291,16,666,0,0,0,666
03/08/2007,SAT,TX,ASW,CE,Combined TRACON& Tower with Radar,291,58,135,8,492,0,20,166,1,187,291,78,301,9,679,0,0,0,679
03/09/2007,SAT,TX,ASW,CE,Combined TRACON& Tower with Radar,298,69,170,2,539,4,16,107,2,129,302,85,277,4,668,0,0,0,668
03/10/2007,SAT,TX,ASW,CE,Combined TRACON& Tower with Radar,248,48,93,6,395,1,14,108,2,125,249,62,201,8,520,46,2,48,568
03/11/2007,SAT,TX,ASW,CE,Combined TRACON& Tower with Radar,221,45,92,9,367,1,3,5,4,13,222,48,97,13,380,0,0,0,380
03/12/2007,SAT,TX,ASW,CE,Combined TRACON& Tower with Radar,267,39,106,13,425,2,17,92,3,114,269,56,198,16,539,10,0,10,549
03/13/2007,SAT,TX,ASW,CE,Combined TRACON& Tower with Radar,269,52,71,4,396,1,4,9,0,14,270,56,80,4,410,0,0,0,410
03/14/2007,SAT,TX,ASW,CE,Combined TRACON& Tower with Radar,317,62,107,9,495,0,2,19,0,21,317,64,126,9,516,0,0,0,516
03/15/2007,SAT,TX,ASW,CE,Combined TRACON& Tower with Radar,312,71,126,6,515,1,13,150,3,167,313,84,276,9,682,0,0,0,682
03/16/2007,SAT,TX,ASW,CE,Combined TRACON& Tower with Radar,291,67,113,5,476,0,23,165,4,192,291,90,278,9,668,6,0,6,674
03/17/2007,SAT,TX,ASW,CE,Combined TRACON& Tower with Radar,257,53,117,11,438,0,35,154,3,192,257,88,271,14,630,10,0,10,640
03/18/2007,SAT,TX,ASW,CE,Combined TRACON& Tower with Radar,248,32,126,6,412,0,6,67,12,85,248,38,193,18,497,14,0,14,511
03/19/2007,SAT,TX,ASW,CE,Combined TRACON& Tower with Radar,280,45,153,11,489,3,14,58,0,75,283,59,211,11,564,4,0,4,568
03/20/2007,SAT,TX,ASW,CE,Combined TRACON& Tower with Radar,290,69,152,19,530,0,5,53,0,58,290,74,205,19,588,4,4,8,596
03/21/2007,SAT,TX,ASW,CE,Combined TRACON& Tower with Radar,296,65,159,19,539,2,10,72,3,87,298,75,231,22,626,30,30,60,686
03/22/2007,SAT,TX,ASW,CE,Combined TRACON& Tower with Radar,288,95,191,13,587,1,5,37,2,45,289,100,228,15,632,6,0,6,638
03/23/2007,SAT,TX,ASW,CE,Combined TRACON& Tower with Radar,292,76,203,12,583,0,4,49,2,55,292,80,252,14,638,38,4,42,680
03/24/2007,SAT,TX,ASW,CE,Combined TRACON& Tower with Radar,263,56,108,7,434,0,30,58,0,88,263,86,166,7,522,20,0,20,542
03/25/2007,SAT,TX,ASW,CE,Combined TRACON& Tower with Radar,246,48,91,5,390,0,6,34,2,42,246,54,125,7,432,12,2,14,446
03/26/2007,SAT,TX,ASW,CE,Combined TRACON& Tower with Radar,245,54,95,6,400,3,2,3,0,8,248,56,98,6,408,0,0,0,408
03/27/2007,SAT,TX,ASW,CE,Combined TRACON& Tower with Radar,298,72,141,7,518,2,1,40,2,45,300,73,181,9,563,10,4,14,577
03/28/2007,SAT,TX,ASW,CE,Combined TRACON& Tower with Radar,282,69,160,9,520,1,18,127,1,147,283,87,287,10,667,0,0,0,667
03/29/2007,SAT,TX,ASW,CE,Combined TRACON& Tower with Radar,275,75,154,10,514,0,9,23,0,32,275,84,177,10,546,0,0,0,546
03/30/2007,SAT,TX,ASW,CE,Combined TRACON& Tower with Radar,301,71,124,12,508,0,4,4,0,8,301,75,128,12,516,8,0,8,524
03/31/2007,SAT,TX,ASW,CE,Combined TRACON& Tower with Radar,253,34,85,9,381,2,30,131,0,163,255,64,216,9,544,18,4,22,566
04/01/2007,SAT,TX,ASW,CE,Combined TRACON& Tower with Radar,243,36,81,9,369,1,40,194,8,243,244,76,275,17,612,28,0,28,640
04/02/2007,SAT,TX,ASW,CE,Combined TRACON& Tower with Radar,272,39,133,9,453,1,20,101,3,125,273,59,234,12,578,10,2,12,590
04/03/2007,SAT,TX,ASW,CE,Combined TRACON& Tower with Radar,280,62,140,6,488,1,24,139,1,165,281,86,279,7,653,0,0,0,653
04/04/2007,SAT,TX,ASW,CE,Combined TRACON& Tower with Radar,299,64,124,12,499,0,26,102,4,132,299,90,226,16,631,2,2,4,635
04/05/2007,SAT,TX,ASW,CE,Combined TRACON& Tower with Radar,283,63,159,7,512,1,22,189,0,212,284,85,348,7,724,0,0,0,724
04/06/2007,SAT,TX,ASW,CE,Combined TRACON& Tower with Radar,299,61,137,15,512,1,39,182,4,226,300,100,319,19,738,22,4,26,764
04/07/2007,SAT,TX,ASW,CE,Combined TRACON& Tower with Radar,252,32,46,2,332,1,2,15,2,20,253,34,61,4,352,0,0,0,352
04/08/2007,SAT,TX,ASW,CE,Combined TRACON& Tower with Radar,245,36,71,10,362,1,1,7,2,11,246,37,78,12,373,0,0,0,373
04/09/2007,SAT,TX,ASW,CE,Combined TRACON& Tower with Radar,291,42,142,9,484,0,3,28,2,33,291,45,170,11,517,10,0,10,527
04/10/2007,SAT,TX,ASW,CE,Combined TRACON& Tower with Radar,292,65,138,7,502,0,6,66,1,73,292,71,204,8,575,24,0,24,599
04/11/2007,SAT,TX,ASW,CE,Combined TRACON& Tower with Radar,304,66,121,16,507,0,25,245,9,279,304,91,366,25,786,4,2,6,792
04/12/2007,SAT,TX,ASW,CE,Combined TRACON& Tower with Radar,299,80,119,11,509,1,21,192,7,221,300,101,311,18,730,8,0,8,738
04/13/2007,SAT,TX,ASW,CE,Combined TRACON& Tower with Radar,290,67,146,21,524,1,7,56,2,66,291,74,202,23,590,4,2,6,596
04/14/2007,SAT,TX,ASW,CE,Combined TRACON& Tower with Radar,259,41,60,5,365,0,6,51,2,59,259,47,111,7,424,0,0,0,424
04/15/2007,SAT,TX,ASW,CE,Combined TRACON& Tower with Radar,257,27,76,23,383,0,21,191,3,215,257,48,267,26,598,26,0,26,624
04/16/2007,SAT,TX,ASW,CE,Combined TRACON& Tower with Radar,267,39,124,11,441,2,28,140,2,172,269,67,264,13,613,0,0,0,613
04/17/2007,SAT,TX,ASW,CE,Combined TRACON& Tower with Radar,291,57,158,12,518,0,3,32,0,35,291,60,190,12,553,10,0,10,563
04/18/2007,SAT,TX,ASW,CE,Combined TRACON& Tower with Radar,300,67,125,32,524,1,20,225,5,251,301,87,350,37,775,8,8,16,791
04/19/2007,SAT,TX,ASW,CE,Combined TRACON& Tower with Radar,303,64,155,8,530,0,21,215,2,238,303,85,370,10,768,30,0,30,798
04/20/2007,SAT,TX,ASW,CE,Combined TRACON& Tower with Radar,295,60,151,4,510,1,16,163,1,181,296,76,314,5,691,0,0,0,691
04/21/2007,SAT,TX,ASW,CE,Combined TRACON& Tower with Radar,256,29,94,6,385,0,7,82,1,90,256,36,176,7,475,0,0,0,475
04/22/2007,SAT,TX,ASW,CE,Combined TRACON& Tower with Radar,244,25,90,13,372,2,0,13,0,15,246,25,103,13,387,0,0,0,387
04/23/2007,SAT,TX,ASW,CE,Combined TRACON& Tower with Radar,272,40,166,3,481,1,4,40,1,46,273,44,206,4,527,22,0,22,549
04/24/2007,SAT,TX,ASW,CE,Combined TRACON& Tower with Radar,277,66,154,6,503,2,2,3,0,7,279,68,157,6,510,6,0,6,516
04/25/2007,SAT,TX,ASW,CE,Combined TRACON& Tower with Radar,301,69,140,5,515,3,13,148,2,166,304,82,288,7,681,2,0,2,683
04/26/2007,SAT,TX,ASW,CE,Combined TRACON& Tower with Radar,0,0,0,0,0,0,0,0,0,0,0,0,0,0,0,4,0,4,4
04/27/2007,SAT,TX,ASW,CE,Combined TRACON& Tower with Radar,297,78,136,14,525,1,17,123,5,146,298,95,259,19,671,0,0,0,671
04/28/2007,SAT,TX,ASW,CE,Combined TRACON& Tower with Radar,0,0,0,0,0,0,0,0,0,0,0,0,0,0,0,8,0,8,8
04/29/2007,SAT,TX,ASW,CE,Combined TRACON& Tower with Radar,251,44,112,10,417,1,4,46,2,53,252,48,158,12,470,0,0,0,470
04/30/2007,SAT,TX,ASW,CE,Combined TRACON& Tower with Radar,284,47,96,1,428,1,6,26,1,34,285,53,122,2,462,0,0,0,462
05/01/2007,SAT,TX,ASW,CE,Combined TRACON& Tower with Radar,307,64,155,3,529,0,3,44,0,47,307,67,199,3,576,16,2,18,594
05/02/2007,SAT,TX,ASW,CE,Combined TRACON& Tower with Radar,305,63,189,10,567,0,7,42,0,49,305,70,231,10,616,0,0,0,616
05/03/2007,SAT,TX,ASW,CE,Combined TRACON& Tower with Radar,0,0,0,0,0,0,0,0,0,0,0,0,0,0,0,2,0,2,2
05/04/2007,SAT,TX,ASW,CE,Combined TRACON& Tower with Radar,342,60,166,5,573,1,6,57,1,65,343,66,223,6,638,0,0,0,638
05/05/2007,SAT,TX,ASW,CE,Combined TRACON& Tower with Radar,268,42,99,10,419,0,3,17,2,22,268,45,116,12,441,0,0,0,441
05/06/2007,SAT,TX,ASW,CE,Combined TRACON& Tower with Radar,257,30,103,11,401,0,3,9,2,14,257,33,112,13,415,0,0,0,415
05/07/2007,SAT,TX,ASW,CE,Combined TRACON& Tower with Radar,289,44,120,3,456,0,6,80,0,86,289,50,200,3,542,0,0,0,542
05/08/2007,SAT,TX,ASW,CE,Combined TRACON& Tower with Radar,302,51,142,6,501,0,17,136,1,154,302,68,278,7,655,30,4,34,689
05/09/2007,SAT,TX,ASW,CE,Combined TRACON& Tower with Radar,307,61,136,12,516,1,13,90,0,104,308,74,226,12,620,6,0,6,626
05/10/2007,SAT,TX,ASW,CE,Combined TRACON& Tower with Radar,306,56,146,6,514,1,11,137,5,154,307,67,283,11,668,12,0,12,680
05/11/2007,SAT,TX,ASW,CE,Combined TRACON& Tower with Radar,334,47,139,10,530,0,24,142,2,168,334,71,281,12,698,0,0,0,698
05/12/2007,SAT,TX,ASW,CE,Combined TRACON& Tower with Radar,268,29,80,7,384,0,15,170,2,187,268,44,250,9,571,0,0,0,571
05/13/2007,SAT,TX,ASW,CE,Combined TRACON& Tower with Radar,261,32,83,6,382,1,5,119,0,125,262,37,202,6,507,0,0,0,507
05/14/2007,SAT,TX,ASW,CE,Combined TRACON& Tower with Radar,283,25,131,4,443,1,13,179,4,197,284,38,310,8,640,0,0,0,640
05/15/2007,SAT,TX,ASW,CE,Combined TRACON& Tower with Radar,304,58,157,9,528,0,20,178,8,206,304,78,335,17,734,14,0,14,748
05/16/2007,SAT,TX,ASW,CE,Combined TRACON& Tower with Radar,300,51,138,13,502,3,11,146,2,162,303,62,284,15,664,0,0,0,664
05/17/2007,SAT,TX,ASW,CE,Combined TRACON& Tower with Radar,312,78,134,19,543,1,20,180,0,201,313,98,314,19,744,4,0,4,748
05/18/2007,SAT,TX,ASW,CE,Combined TRACON& Tower with Radar,313,65,145,6,529,0,4,180,3,187,313,69,325,9,716,0,0,0,716
05/19/2007,SAT,TX,ASW,CE,Combined TRACON& Tower with Radar,275,41,93,4,413,0,13,135,2,150,275,54,228,6,563,0,0,0,563
05/20/2007,SAT,TX,ASW,CE,Combined TRACON& Tower with Radar,262,20,108,14,404,0,7,68,1,76,262,27,176,15,480,0,0,0,480
05/21/2007,SAT,TX,ASW,CE,Combined TRACON& Tower with Radar,281,26,135,14,456,2,1,41,1,45,283,27,176,15,501,2,0,2,503
05/22/2007,SAT,TX,ASW,CE,Combined TRACON& Tower with Radar,320,67,160,16,563,2,24,92,1,119,322,91,252,17,682,10,2,12,694
05/23/2007,SAT,TX,ASW,CE,Combined TRACON& Tower with Radar,309,54,161,16,540,1,18,145,3,167,310,72,306,19,707,6,0,6,713
05/24/2007,SAT,TX,ASW,CE,Combined TRACON& Tower with Radar,294,70,143,21,528,0,10,69,0,79,294,80,212,21,607,2,0,2,609
05/25/2007,SAT,TX,ASW,CE,Combined TRACON& Tower with Radar,340,59,106,5,510,0,7,43,2,52,340,66,149,7,562,0,0,0,562
05/26/2007,SAT,TX,ASW,CE,Combined TRACON& Tower with Radar,278,27,58,7,370,4,1,69,2,76,282,28,127,9,446,0,0,0,446
05/27/2007,SAT,TX,ASW,CE,Combined TRACON& Tower with Radar,233,14,34,4,285,0,2,27,1,30,233,16,61,5,315,0,0,0,315
05/28/2007,SAT,TX,ASW,CE,Combined TRACON& Tower with Radar,278,21,72,18,389,0,9,130,6,145,278,30,202,24,534,0,0,0,534
05/29/2007,SAT,TX,ASW,CE,Combined TRACON& Tower with Radar,285,51,120,9,465,1,18,139,6,164,286,69,259,15,629,8,2,10,639
05/30/2007,SAT,TX,ASW,CE,Combined TRACON& Tower with Radar,312,50,139,13,514,1,7,179,7,194,313,57,318,20,708,2,0,2,710
05/31/2007,SAT,TX,ASW,CE,Combined TRACON& Tower with Radar,326,53,137,16,532,0,9,139,2,150,326,62,276,18,682,0,0,0,682
06/01/2007,SAT,TX,ASW,CE,Combined TRACON& Tower with Radar,320,59,117,15,511,0,11,164,1,176,320,70,281,16,687,0,0,0,687
06/02/2007,SAT,TX,ASW,CE,Combined TRACON& Tower with Radar,279,32,65,21,397,0,3,100,2,105,279,35,165,23,502,0,0,0,502
06/03/2007,SAT,TX,ASW,CE,Combined TRACON& Tower with Radar,251,24,69,14,358,1,3,137,0,141,252,27,206,14,499,0,0,0,499
06/04/2007,SAT,TX,ASW,CE,Combined TRACON& Tower with Radar,309,29,105,12,455,2,7,125,2,136,311,36,230,14,591,0,0,0,591
06/05/2007,SAT,TX,ASW,CE,Combined TRACON& Tower with Radar,324,55,111,3,493,0,14,143,1,158,324,69,254,4,651,18,0,18,669
06/06/2007,SAT,TX,ASW,CE,Combined TRACON& Tower with Radar,310,54,150,18,532,2,7,137,5,151,312,61,287,23,683,0,0,0,683
06/07/2007,SAT,TX,ASW,CE,Combined TRACON& Tower with Radar,321,65,152,12,550,3,7,110,6,126,324,72,262,18,676,0,0,0,676
06/08/2007,SAT,TX,ASW,CE,Combined TRACON& Tower with Radar,321,71,149,19,560,1,17,154,1,173,322,88,303,20,733,0,0,0,733
06/09/2007,SAT,TX,ASW,CE,Combined TRACON& Tower with Radar,285,35,64,9,393,0,4,104,1,109,285,39,168,10,502,0,0,0,502
06/10/2007,SAT,TX,ASW,CE,Combined TRACON& Tower with Radar,273,33,117,5,428,1,2,91,1,95,274,35,208,6,523,0,0,0,523
06/11/2007,SAT,TX,ASW,CE,Combined TRACON& Tower with Radar,305,45,134,16,500,1,21,151,0,173,306,66,285,16,673,4,2,6,679
06/12/2007,SAT,TX,ASW,CE,Combined TRACON& Tower with Radar,318,49,133,13,513,2,23,195,1,221,320,72,328,14,734,0,0,0,734
06/13/2007,SAT,TX,ASW,CE,Combined TRACON& Tower with Radar,319,61,136,11,527,2,20,135,5,162,321,81,271,16,689,0,0,0,689
06/14/2007,SAT,TX,ASW,CE,Combined TRACON& Tower with Radar,342,67,137,16,562,0,15,169,6,190,342,82,306,22,752,0,0,0,752
06/15/2007,SAT,TX,ASW,CE,Combined TRACON& Tower with Radar,351,58,135,15,559,1,17,128,2,148,352,75,263,17,707,0,0,0,707
06/16/2007,SAT,TX,ASW,CE,Combined TRACON& Tower with Radar,310,34,50,3,397,2,6,50,0,58,312,40,100,3,455,0,0,0,455
06/17/2007,SAT,TX,ASW,CE,Combined TRACON& Tower with Radar,299,24,69,5,397,2,1,56,2,61,301,25,125,7,458,0,0,0,458
06/18/2007,SAT,TX,ASW,CE,Combined TRACON& Tower with Radar,292,35,101,9,437,1,19,116,4,140,293,54,217,13,577,4,0,4,581
06/19/2007,SAT,TX,ASW,CE,Combined TRACON& Tower with Radar,323,64,110,12,509,2,24,153,1,180,325,88,263,13,689,22,0,22,711
06/20/2007,SAT,TX,ASW,CE,Combined TRACON& Tower with Radar,317,64,118,6,505,2,6,37,1,46,319,70,155,7,551,0,0,0,551
06/21/2007,SAT,TX,ASW,CE,Combined TRACON& Tower with Radar,325,61,164,19,569,3,11,56,1,71,328,72,220,20,640,0,0,0,640
06/22/2007,SAT,TX,ASW,CE,Combined TRACON& Tower with Radar,324,65,141,11,541,2,8,48,2,60,326,73,189,13,601,0,0,0,601
06/23/2007,SAT,TX,ASW,CE,Combined TRACON& Tower with Radar,293,21,75,4,393,2,24,87,1,114,295,45,162,5,507,0,0,0,507
06/24/2007,SAT,TX,ASW,CE,Combined TRACON& Tower with Radar,270,24,88,18,400,2,7,37,3,49,272,31,125,21,449,0,0,0,449
06/25/2007,SAT,TX,ASW,CE,Combined TRACON& Tower with Radar,310,31,115,13,469,2,5,53,3,63,312,36,168,16,532,2,0,2,534
06/26/2007,SAT,TX,ASW,CE,Combined TRACON& Tower with Radar,313,71,138,5,527,3,11,55,4,73,316,82,193,9,600,0,0,0,600
06/27/2007,SAT,TX,ASW,CE,Combined TRACON& Tower with Radar,327,66,128,9,530,0,15,128,0,143,327,81,256,9,673,2,0,2,675
06/28/2007,SAT,TX,ASW,CE,Combined TRACON& Tower with Radar,324,63,131,7,525,3,3,17,0,23,327,66,148,7,548,18,0,18,566
06/29/2007,SAT,TX,ASW,CE,Combined TRACON& Tower with Radar,331,64,135,18,548,5,20,107,7,139,336,84,242,25,687,0,0,0,687
06/30/2007,SAT,TX,ASW,CE,Combined TRACON& Tower with Radar,287,32,84,6,409,4,16,110,8,138,291,48,194,14,547,0,0,0,547
07/01/2007,SAT,TX,ASW,CE,Combined TRACON& Tower with Radar,288,24,61,10,383,2,14,42,1,59,290,38,103,11,442,0,0,0,442
07/02/2007,SAT,TX,ASW,CE,Combined TRACON& Tower with Radar,293,35,100,2,430,1,2,63,4,70,294,37,163,6,500,0,0,0,500
07/03/2007,SAT,TX,ASW,CE,Combined TRACON& Tower with Radar,323,49,99,3,474,2,3,38,1,44,325,52,137,4,518,0,0,0,518
07/04/2007,SAT,TX,ASW,CE,Combined TRACON& Tower with Radar,285,27,47,6,365,2,4,6,1,13,287,31,53,7,378,0,0,0,378
07/05/2007,SAT,TX,ASW,CE,Combined TRACON& Tower with Radar,286,38,111,0,435,0,6,91,0,97,286,44,202,0,532,20,0,20,552
07/06/2007,SAT,TX,ASW,CE,Combined TRACON& Tower with Radar,313,56,104,10,483,5,30,100,1,136,318,86,204,11,619,0,0,0,619
07/07/2007,SAT,TX,ASW,CE,Combined TRACON& Tower with Radar,283,45,83,0,411,6,4,64,0,74,289,49,147,0,485,0,0,0,485
07/08/2007,SAT,TX,ASW,CE,Combined TRACON& Tower with Radar,286,30,91,7,414,0,3,58,4,65,286,33,149,11,479,0,0,0,479
07/09/2007,SAT,TX,ASW,CE,Combined TRACON& Tower with Radar,303,32,128,14,477,1,14,133,6,154,304,46,261,20,631,0,0,0,631
07/10/2007,SAT,TX,ASW,CE,Combined TRACON& Tower with Radar,329,56,122,13,520,3,23,144,4,174,332,79,266,17,694,24,0,24,718
07/11/2007,SAT,TX,ASW,CE,Combined TRACON& Tower with Radar,321,56,179,26,582,3,25,167,1,196,324,81,346,27,778,0,0,0,778
07/12/2007,SAT,TX,ASW,CE,Combined TRACON& Tower with Radar,340,52,168,5,565,1,14,207,5,227,341,66,375,10,792,12,0,12,804
07/13/2007,SAT,TX,ASW,CE,Combined TRACON& Tower with Radar,332,61,122,9,524,2,38,200,3,243,334,99,322,12,767,14,0,14,781
07/14/2007,SAT,TX,ASW,CE,Combined TRACON& Tower with Radar,292,32,89,6,419,0,12,108,0,120,292,44,197,6,539,0,0,0,539
07/15/2007,SAT,TX,ASW,CE,Combined TRACON& Tower with Radar,275,27,64,9,375,2,12,107,3,124,277,39,171,12,499,0,0,0,499
07/16/2007,SAT,TX,ASW,CE,Combined TRACON& Tower with Radar,316,35,103,12,466,4,35,139,7,185,320,70,242,19,651,0,0,0,651
07/17/2007,SAT,TX,ASW,CE,Combined TRACON& Tower with Radar,346,65,145,10,566,7,9,50,0,66,353,74,195,10,632,0,0,0,632
07/18/2007,SAT,TX,ASW,CE,Combined TRACON& Tower with Radar,325,55,122,10,512,0,8,38,1,47,325,63,160,11,559,0,0,0,559
07/19/2007,SAT,TX,ASW,CE,Combined TRACON& Tower with Radar,327,50,159,10,546,2,8,62,0,72,329,58,221,10,618,6,0,6,624
07/20/2007,SAT,TX,ASW,CE,Combined TRACON& Tower with Radar,331,60,118,9,518,0,2,8,0,10,331,62,126,9,528,0,0,0,528
07/21/2007,SAT,TX,ASW,CE,Combined TRACON& Tower with Radar,297,32,56,3,388,1,0,15,0,16,298,32,71,3,404,0,0,0,404
07/22/2007,SAT,TX,ASW,CE,Combined TRACON& Tower with Radar,277,30,85,4,396,1,7,110,2,120,278,37,195,6,516,0,0,0,516
07/23/2007,SAT,TX,ASW,CE,Combined TRACON& Tower with Radar,309,27,102,10,448,0,16,152,8,176,309,43,254,18,624,0,0,0,624
07/24/2007,SAT,TX,ASW,CE,Combined TRACON& Tower with Radar,328,57,114,3,502,0,17,102,1,120,328,74,216,4,622,0,0,0,622
07/25/2007,SAT,TX,ASW,CE,Combined TRACON& Tower with Radar,335,59,129,5,528,0,6,25,0,31,335,65,154,5,559,0,0,0,559
07/26/2007,SAT,TX,ASW,CE,Combined TRACON& Tower with Radar,339,66,127,9,541,2,4,21,0,27,341,70,148,9,568,8,0,8,576
07/27/2007,SAT,TX,ASW,CE,Combined TRACON& Tower with Radar,338,60,143,4,545,0,13,85,3,101,338,73,228,7,646,0,0,0,646
07/28/2007,SAT,TX,ASW,CE,Combined TRACON& Tower with Radar,283,37,80,5,405,3,17,88,4,112,286,54,168,9,517,0,0,0,517
07/29/2007,SAT,TX,ASW,CE,Combined TRACON& Tower with Radar,275,28,58,1,362,1,6,45,0,52,276,34,103,1,414,0,0,0,414
07/30/2007,SAT,TX,ASW,CE,Combined TRACON& Tower with Radar,307,33,120,9,469,1,24,164,0,189,308,57,284,9,658,0,0,0,658
07/31/2007,SAT,TX,ASW,CE,Combined TRACON& Tower with Radar,330,58,123,9,520,0,20,188,5,213,330,78,311,14,733,6,0,6,739
08/01/2007,SAT,TX,ASW,CE,Combined TRACON& Tower with Radar,329,63,115,8,515,0,24,198,4,226,329,87,313,12,741,2,0,2,743
08/02/2007,SAT,TX,ASW,CE,Combined TRACON& Tower with Radar,341,69,138,14,562,4,16,136,2,158,345,85,274,16,720,10,0,10,730
08/03/2007,SAT,TX,ASW,CE,Combined TRACON& Tower with Radar,335,56,128,6,525,2,21,142,4,169,337,77,270,10,694,0,0,0,694
08/04/2007,SAT,TX,ASW,CE,Combined TRACON& Tower with Radar,294,32,83,0,409,0,15,81,2,98,294,47,164,2,507,0,0,0,507
08/05/2007,SAT,TX,ASW,CE,Combined TRACON& Tower with Radar,282,35,85,7,409,1,12,120,2,135,283,47,205,9,544,0,0,0,544
08/06/2007,SAT,TX,ASW,CE,Combined TRACON& Tower with Radar,305,38,104,7,454,1,15,151,3,170,306,53,255,10,624,0,0,0,624
08/07/2007,SAT,TX,ASW,CE,Combined TRACON& Tower with Radar,331,66,124,6,527,1,18,167,2,188,332,84,291,8,715,2,2,4,719
08/08/2007,SAT,TX,ASW,CE,Combined TRACON& Tower with Radar,326,55,121,12,514,1,14,136,0,151,327,69,257,12,665,10,4,14,679
08/09/2007,SAT,TX,ASW,CE,Combined TRACON& Tower with Radar,319,66,109,22,516,0,31,165,6,202,319,97,274,28,718,0,0,0,718
08/10/2007,SAT,TX,ASW,CE,Combined TRACON& Tower with Radar,332,56,148,5,541,0,11,197,6,214,332,67,345,11,755,0,0,0,755
08/11/2007,SAT,TX,ASW,CE,Combined TRACON& Tower with Radar,295,29,64,11,399,1,9,160,0,170,296,38,224,11,569,0,0,0,569
08/12/2007,SAT,TX,ASW,CE,Combined TRACON& Tower with Radar,269,19,69,9,366,0,7,130,0,137,269,26,199,9,503,0,0,0,503
08/13/2007,SAT,TX,ASW,CE,Combined TRACON& Tower with Radar,306,36,121,12,475,0,18,194,4,216,306,54,315,16,691,0,0,0,691
08/14/2007,SAT,TX,ASW,CE,Combined TRACON& Tower with Radar,333,65,140,10,548,2,17,189,4,212,335,82,329,14,760,34,0,34,794
08/15/2007,SAT,TX,ASW,CE,Combined TRACON& Tower with Radar,323,62,148,19,552,1,27,177,5,210,324,89,325,24,762,38,4,42,804
08/16/2007,SAT,TX,ASW,CE,Combined TRACON& Tower with Radar,315,72,96,8,491,1,1,21,0,23,316,73,117,8,514,0,0,0,514
08/17/2007,SAT,TX,ASW,CE,Combined TRACON& Tower with Radar,348,77,102,19,546,1,1,69,4,75,349,78,171,23,621,2,2,4,625
08/18/2007,SAT,TX,ASW,CE,Combined TRACON& Tower with Radar,306,35,75,5,421,2,6,106,1,115,308,41,181,6,536,0,0,0,536
08/19/2007,SAT,TX,ASW,CE,Combined TRACON& Tower with Radar,272,17,83,12,384,0,8,103,4,115,272,25,186,16,499,0,0,0,499
08/20/2007,SAT,TX,ASW,CE,Combined TRACON& Tower with Radar,300,36,149,14,499,0,17,181,0,198,300,53,330,14,697,0,0,0,697
08/21/2007,SAT,TX,ASW,CE,Combined TRACON& Tower with Radar,324,51,157,15,547,1,8,126,1,136,325,59,283,16,683,0,0,0,683
08/22/2007,SAT,TX,ASW,CE,Combined TRACON& Tower with Radar,320,59,152,10,541,0,6,113,1,120,320,65,265,11,661,6,2,8,669
08/23/2007,SAT,TX,ASW,CE,Combined TRACON& Tower with Radar,326,72,146,15,559,0,16,115,1,132,326,88,261,16,691,0,0,0,691
08/24/2007,SAT,TX,ASW,CE,Combined TRACON& Tower with Radar,312,49,122,19,502,1,12,173,7,193,313,61,295,26,695,0,0,0,695
08/25/2007,SAT,TX,ASW,CE,Combined TRACON& Tower with Radar,289,20,57,9,375,0,13,131,3,147,289,33,188,12,522,0,0,0,522
08/26/2007,SAT,TX,ASW,CE,Combined TRACON& Tower with Radar,265,23,111,20,419,0,9,139,9,157,265,32,250,29,576,0,0,0,576
08/27/2007,SAT,TX,ASW,CE,Combined TRACON& Tower with Radar,318,26,99,6,449,0,27,148,6,181,318,53,247,12,630,0,0,0,630
08/28/2007,SAT,TX,ASW,CE,Combined TRACON& Tower with Radar,334,50,122,13,519,0,24,153,7,184,334,74,275,20,703,24,6,30,733
08/29/2007,SAT,TX,ASW,CE,Combined TRACON& Tower with Radar,341,51,127,11,530,0,16,120,0,136,341,67,247,11,666,4,0,4,670
08/30/2007,SAT,TX,ASW,CE,Combined TRACON& Tower with Radar,321,48,144,6,519,2,20,148,0,170,323,68,292,6,689,0,0,0,689
08/31/2007,SAT,TX,ASW,CE,Combined TRACON& Tower with Radar,342,56,118,1,517,0,14,139,3,156,342,70,257,4,673,0,0,0,673
09/01/2007,SAT,TX,ASW,CE,Combined TRACON& Tower with Radar,294,34,58,1,387,0,2,95,5,102,294,36,153,6,489,0,0,0,489
09/02/2007,SAT,TX,ASW,CE,Combined TRACON& Tower with Radar,226,16,76,0,318,1,7,72,2,82,227,23,148,2,400,0,0,0,400
09/03/2007,SAT,TX,ASW,CE,Combined TRACON& Tower with Radar,281,26,86,4,397,0,0,39,3,42,281,26,125,7,439,0,0,0,439
09/04/2007,SAT,TX,ASW,CE,Combined TRACON& Tower with Radar,306,33,116,4,459,1,2,9,3,15,307,35,125,7,474,0,0,0,474
09/05/2007,SAT,TX,ASW,CE,Combined TRACON& Tower with Radar,324,54,165,13,556,0,9,110,4,123,324,63,275,17,679,4,0,4,683
09/06/2007,SAT,TX,ASW,CE,Combined TRACON& Tower with Radar,327,50,130,15,522,2,11,181,3,197,329,61,311,18,719,0,0,0,719
09/07/2007,SAT,TX,ASW,CE,Combined TRACON& Tower with Radar,328,57,127,14,526,1,6,206,7,220,329,63,333,21,746,0,0,0,746
09/08/2007,SAT,TX,ASW,CE,Combined TRACON& Tower with Radar,281,31,96,14,422,1,5,167,0,173,282,36,263,14,595,0,0,0,595
09/09/2007,SAT,TX,ASW,CE,Combined TRACON& Tower with Radar,262,31,96,12,401,1,4,116,2,123,263,35,212,14,524,0,0,0,524
09/10/2007,SAT,TX,ASW,CE,Combined TRACON& Tower with Radar,319,32,128,5,484,2,16,140,0,158,321,48,268,5,642,0,0,0,642
09/11/2007,SAT,TX,ASW,CE,Combined TRACON& Tower with Radar,320,59,128,8,515,0,7,24,0,31,320,66,152,8,546,4,0,4,550
09/12/2007,SAT,TX,ASW,CE,Combined TRACON& Tower with Radar,324,63,137,22,546,1,17,185,3,206,325,80,322,25,752,0,0,0,752
09/13/2007,SAT,TX,ASW,CE,Combined TRACON& Tower with Radar,325,54,146,21,546,2,24,182,3,211,327,78,328,24,757,12,0,12,769
09/14/2007,SAT,TX,ASW,CE,Combined TRACON& Tower with Radar,321,45,120,8,494,1,25,181,11,218,322,70,301,19,712,0,0,0,712
09/15/2007,SAT,TX,ASW,CE,Combined TRACON& Tower with Radar,281,24,67,2,374,1,9,201,5,216,282,33,268,7,590,0,0,0,590
09/16/2007,SAT,TX,ASW,CE,Combined TRACON& Tower with Radar,260,28,84,13,385,1,10,150,6,167,261,38,234,19,552,0,0,0,552
09/17/2007,SAT,TX,ASW,CE,Combined TRACON& Tower with Radar,308,32,132,9,481,1,15,143,3,162,309,47,275,12,643,20,0,20,663
09/18/2007,SAT,TX,ASW,CE,Combined TRACON& Tower with Radar,326,53,164,16,559,1,24,148,1,174,327,77,312,17,733,0,0,0,733
09/19/2007,SAT,TX,ASW,CE,Combined TRACON& Tower with Radar,323,59,183,15,580,0,33,140,4,177,323,92,323,19,757,0,0,0,757
09/20/2007,SAT,TX,ASW,CE,Combined TRACON& Tower with Radar,330,65,147,23,565,0,29,197,16,242,330,94,344,39,807,0,0,0,807
09/21/2007,SAT,TX,ASW,CE,Combined TRACON& Tower with Radar,333,69,132,15,549,0,36,236,9,281,333,105,368,24,830,0,0,0,830
09/22/2007,SAT,TX,ASW,CE,Combined TRACON& Tower with Radar,284,26,53,23,386,0,11,213,2,226,284,37,266,25,612,0,0,0,612
09/23/2007,SAT,TX,ASW,CE,Combined TRACON& Tower with Radar,267,20,89,37,413,0,19,157,14,190,267,39,246,51,603,0,0,0,603
09/24/2007,SAT,TX,ASW,CE,Combined TRACON& Tower with Radar,302,23,119,12,456,1,23,168,8,200,303,46,287,20,656,0,0,0,656
09/25/2007,SAT,TX,ASW,CE,Combined TRACON& Tower with Radar,329,45,119,13,506,0,22,185,12,219,329,67,304,25,725,0,0,0,725
09/26/2007,SAT,TX,ASW,CE,Combined TRACON& Tower with Radar,325,41,135,16,517,1,20,182,2,205,326,61,317,18,722,4,0,4,726
09/27/2007,SAT,TX,ASW,CE,Combined TRACON& Tower with Radar,328,48,160,19,555,0,26,210,7,243,328,74,370,26,798,2,0,2,800
09/28/2007,SAT,TX,ASW,CE,Combined TRACON& Tower with Radar,330,54,167,9,560,2,19,165,2,188,332,73,332,11,748,0,0,0,748
09/29/2007,SAT,TX,ASW,CE,Combined TRACON& Tower with Radar,276,36,93,5,410,0,0,74,0,74,276,36,167,5,484,0,0,0,484
09/30/2007,SAT,TX,ASW,CE,Combined TRACON& Tower with Radar,268,17,99,3,387,1,13,100,0,114,269,30,199,3,501,0,0,0,501
10/01/2007,SAT,TX,ASW,CE,Combined TRACON& Tower with Radar,307,37,109,7,460,2,14,119,0,135,309,51,228,7,595,0,0,0,595
10/02/2007,SAT,TX,ASW,CE,Combined TRACON& Tower with Radar,328,67,126,14,535,0,24,144,4,172,328,91,270,18,707,0,0,0,707
10/03/2007,SAT,TX,ASW,CE,Combined TRACON& Tower with Radar,329,56,118,6,509,2,31,217,4,254,331,87,335,10,763,8,0,8,771
10/04/2007,SAT,TX,ASW,CE,Combined TRACON& Tower with Radar,331,51,139,9,530,0,18,246,1,265,331,69,385,10,795,0,0,0,795
10/05/2007,SAT,TX,ASW,CE,Combined TRACON& Tower with Radar,333,55,113,10,511,0,24,213,4,241,333,79,326,14,752,0,0,0,752
10/06/2007,SAT,TX,ASW,CE,Combined TRACON& Tower with Radar,279,34,81,3,397,0,4,156,0,160,279,38,237,3,557,0,0,0,557
10/07/2007,SAT,TX,ASW,CE,Combined TRACON& Tower with Radar,274,29,112,4,419,0,6,126,9,141,274,35,238,13,560,0,0,0,560
10/08/2007,SAT,TX,ASW,CE,Combined TRACON& Tower with Radar,311,41,114,11,477,0,9,84,15,108,311,50,198,26,585,0,0,0,585
10/09/2007,SAT,TX,ASW,CE,Combined TRACON& Tower with Radar,329,49,119,13,510,0,10,149,1,160,329,59,268,14,670,0,0,0,670
10/10/2007,SAT,TX,ASW,CE,Combined TRACON& Tower with Radar,332,72,146,2,552,4,18,233,0,255,336,90,379,2,807,0,0,0,807
10/11/2007,SAT,TX,ASW,CE,Combined TRACON& Tower with Radar,332,47,189,16,584,2,16,207,2,227,334,63,396,18,811,0,0,0,811
10/12/2007,SAT,TX,ASW,CE,Combined TRACON& Tower with Radar,328,62,149,5,544,2,13,244,0,259,330,75,393,5,803,0,0,0,803
10/13/2007,SAT,TX,ASW,CE,Combined TRACON& Tower with Radar,277,37,86,3,403,1,4,206,1,212,278,41,292,4,615,0,0,0,615
10/14/2007,SAT,TX,ASW,CE,Combined TRACON& Tower with Radar,256,27,101,2,386,2,6,111,0,119,258,33,212,2,505,0,0,0,505
10/15/2007,SAT,TX,ASW,CE,Combined TRACON& Tower with Radar,323,30,121,7,481,2,12,107,4,125,325,42,228,11,606,0,0,0,606
10/16/2007,SAT,TX,ASW,CE,Combined TRACON& Tower with Radar,335,66,166,9,576,0,5,26,3,34,335,71,192,12,610,0,0,0,610
10/17/2007,SAT,TX,ASW,CE,Combined TRACON& Tower with Radar,325,58,157,16,556,0,9,133,2,144,325,67,290,18,700,0,0,0,700
10/18/2007,SAT,TX,ASW,CE,Combined TRACON& Tower with Radar,330,52,155,13,550,0,16,165,6,187,330,68,320,19,737,0,0,0,737
10/19/2007,SAT,TX,ASW,CE,Combined TRACON& Tower with Radar,331,56,164,11,562,0,20,265,3,288,331,76,429,14,850,0,0,0,850
10/20/2007,SAT,TX,ASW,CE,Combined TRACON& Tower with Radar,279,37,94,0,410,1,12,172,0,185,280,49,266,0,595,0,0,0,595
10/21/2007,SAT,TX,ASW,CE,Combined TRACON& Tower with Radar,258,40,73,5,376,1,6,109,3,119,259,46,182,8,495,0,0,0,495
10/22/2007,SAT,TX,ASW,CE,Combined TRACON& Tower with Radar,312,27,95,4,438,1,10,32,3,46,313,37,127,7,484,0,0,0,484
10/23/2007,SAT,TX,ASW,CE,Combined TRACON& Tower with Radar,327,46,145,24,542,2,18,218,0,238,329,64,363,24,780,0,0,0,780
10/24/2007,SAT,TX,ASW,CE,Combined TRACON& Tower with Radar,320,49,122,8,499,2,14,168,3,187,322,63,290,11,686,0,0,0,686
10/25/2007,SAT,TX,ASW,CE,Combined TRACON& Tower with Radar,338,61,138,11,548,0,17,188,4,209,338,78,326,15,757,0,0,0,757
10/26/2007,SAT,TX,ASW,CE,Combined TRACON& Tower with Radar,328,49,130,14,521,0,25,215,5,245,328,74,345,19,766,0,0,0,766
10/27/2007,SAT,TX,ASW,CE,Combined TRACON& Tower with Radar,276,22,66,12,376,2,19,187,3,211,278,41,253,15,587,0,0,0,587
10/28/2007,SAT,TX,ASW,CE,Combined TRACON& Tower with Radar,260,23,86,7,376,2,11,156,8,177,262,34,242,15,553,0,0,0,553
10/29/2007,SAT,TX,ASW,CE,Combined TRACON& Tower with Radar,306,24,120,15,465,1,20,188,3,212,307,44,308,18,677,2,0,2,679
10/30/2007,SAT,TX,ASW,CE,Combined TRACON& Tower with Radar,323,46,115,5,489,1,23,198,1,223,324,69,313,6,712,0,0,0,712
10/31/2007,SAT,TX,ASW,CE,Combined TRACON& Tower with Radar,324,58,108,14,504,0,21,146,8,175,324,79,254,22,679,0,0,0,679
11/01/2007,SAT,TX,ASW,CE,Combined TRACON& Tower with Radar,337,63,112,8,520,1,18,206,1,226,338,81,318,9,746,0,0,0,746
11/02/2007,SAT,TX,ASW,CE,Combined TRACON& Tower with Radar,327,57,131,8,523,0,18,185,6,209,327,75,316,14,732,0,0,0,732
11/03/2007,SAT,TX,ASW,CE,Combined TRACON& Tower with Radar,280,33,83,6,402,4,15,128,3,150,284,48,211,9,552,0,2,2,554
11/04/2007,SAT,TX,ASW,CE,Combined TRACON& Tower with Radar,247,36,90,5,378,2,8,139,3,152,249,44,229,8,530,0,0,0,530
11/05/2007,SAT,TX,ASW,CE,Combined TRACON& Tower with Radar,315,30,147,9,501,1,17,136,2,156,316,47,283,11,657,0,0,0,657
11/06/2007,SAT,TX,ASW,CE,Combined TRACON& Tower with Radar,317,61,181,3,562,3,19,79,0,101,320,80,260,3,663,0,0,0,663
11/07/2007,SAT,TX,ASW,CE,Combined TRACON& Tower with Radar,330,54,152,10,546,0,18,105,3,126,330,72,257,13,672,4,4,8,680
11/08/2007,SAT,TX,ASW,CE,Combined TRACON& Tower with Radar,320,64,109,8,501,1,6,37,2,46,321,70,146,10,547,0,0,0,547
11/09/2007,SAT,TX,ASW,CE,Combined TRACON& Tower with Radar,340,63,183,11,597,3,13,179,5,200,343,76,362,16,797,0,0,0,797
11/10/2007,SAT,TX,ASW,CE,Combined TRACON& Tower with Radar,285,27,81,4,397,0,12,100,7,119,285,39,181,11,516,0,0,0,516
11/11/2007,SAT,TX,ASW,CE,Combined TRACON& Tower with Radar,263,31,120,11,425,0,8,102,3,113,263,39,222,14,538,0,0,0,538
11/12/2007,SAT,TX,ASW,CE,Combined TRACON& Tower with Radar,295,37,131,16,479,1,18,138,3,160,296,55,269,19,639,0,0,0,639
11/13/2007,SAT,TX,ASW,CE,Combined TRACON& Tower with Radar,315,43,137,16,511,1,15,161,1,178,316,58,298,17,689,0,0,0,689
11/14/2007,SAT,TX,ASW,CE,Combined TRACON& Tower with Radar,323,69,170,6,568,3,9,164,5,181,326,78,334,11,749,0,0,0,749
11/15/2007,SAT,TX,ASW,CE,Combined TRACON& Tower with Radar,326,53,144,14,537,0,24,152,1,177,326,77,296,15,714,1,0,1,715
11/16/2007,SAT,TX,ASW,CE,Combined TRACON& Tower with Radar,324,71,147,2,544,0,21,229,3,253,324,92,376,5,797,0,0,0,797
11/17/2007,SAT,TX,ASW,CE,Combined TRACON& Tower with Radar,277,65,115,6,463,3,5,40,0,48,280,70,155,6,511,0,0,0,511
11/18/2007,SAT,TX,ASW,CE,Combined TRACON& Tower with Radar,261,24,94,12,391,2,1,32,1,36,263,25,126,13,427,0,0,0,427
11/19/2007,SAT,TX,ASW,CE,Combined TRACON& Tower with Radar,276,47,141,7,471,1,7,74,2,84,277,54,215,9,555,0,0,0,555
11/20/2007,SAT,TX,ASW,CE,Combined TRACON& Tower with Radar,317,66,143,4,530,1,11,138,0,150,318,77,281,4,680,0,0,0,680
11/21/2007,SAT,TX,ASW,CE,Combined TRACON& Tower with Radar,326,75,118,3,522,2,11,144,5,162,328,86,262,8,684,0,0,0,684
11/22/2007,SAT,TX,ASW,CE,Combined TRACON& Tower with Radar,254,33,44,0,331,0,7,40,0,47,254,40,84,0,378,0,0,0,378
11/23/2007,SAT,TX,ASW,CE,Combined TRACON& Tower with Radar,229,23,67,0,319,0,15,93,0,108,229,38,160,0,427,0,0,0,427
11/24/2007,SAT,TX,ASW,CE,Combined TRACON& Tower with Radar,265,30,69,0,364,0,2,2,0,4,265,32,71,0,368,0,0,0,368
11/25/2007,SAT,TX,ASW,CE,Combined TRACON& Tower with Radar,269,39,92,2,402,1,0,12,0,13,270,39,104,2,415,0,0,0,415
11/26/2007,SAT,TX,ASW,CE,Combined TRACON& Tower with Radar,299,44,118,6,467,2,23,192,1,218,301,67,310,7,685,0,0,0,685
11/27/2007,SAT,TX,ASW,CE,Combined TRACON& Tower with Radar,326,52,136,14,528,1,21,208,4,234,327,73,344,18,762,0,0,0,762
11/28/2007,SAT,TX,ASW,CE,Combined TRACON& Tower with Radar,314,56,156,17,543,0,10,144,3,157,314,66,300,20,700,0,0,0,700
11/29/2007,SAT,TX,ASW,CE,Combined TRACON& Tower with Radar,320,57,125,6,508,2,10,209,1,222,322,67,334,7,730,0,2,2,732
11/30/2007,SAT,TX,ASW,CE,Combined TRACON& Tower with Radar,327,80,239,7,653,1,8,30,1,40,328,88,269,8,693,0,0,0,693
12/01/2007,SAT,TX,ASW,CE,Combined TRACON& Tower with Radar,275,57,146,4,482,0,8,19,0,27,275,65,165,4,509,0,0,0,509
12/02/2007,SAT,TX,ASW,CE,Combined TRACON& Tower with Radar,274,57,206,10,547,2,11,79,9,101,276,68,285,19,648,0,0,0,648
12/03/2007,SAT,TX,ASW,CE,Combined TRACON& Tower with Radar,299,26,99,4,428,1,20,199,2,222,300,46,298,6,650,0,0,0,650
12/04/2007,SAT,TX,ASW,CE,Combined TRACON& Tower with Radar,310,62,125,10,507,1,22,204,2,229,311,84,329,12,736,0,0,0,736
12/05/2007,SAT,TX,ASW,CE,Combined TRACON& Tower with Radar,305,51,135,7,498,0,19,197,2,218,305,70,332,9,716,0,0,0,716
12/06/2007,SAT,TX,ASW,CE,Combined TRACON& Tower with Radar,325,72,176,10,583,1,13,118,2,134,326,85,294,12,717,0,0,0,717
12/07/2007,SAT,TX,ASW,CE,Combined TRACON& Tower with Radar,320,55,152,18,545,2,12,124,4,142,322,67,276,22,687,0,0,0,687
12/08/2007,SAT,TX,ASW,CE,Combined TRACON& Tower with Radar,275,39,86,8,408,1,10,95,2,108,276,49,181,10,516,0,0,0,516
12/09/2007,SAT,TX,ASW,CE,Combined TRACON& Tower with Radar,254,22,95,18,389,1,13,51,5,70,255,35,146,23,459,14,8,22,481
12/10/2007,SAT,TX,ASW,CE,Combined TRACON& Tower with Radar,292,31,106,1,430,3,1,0,0,4,295,32,106,1,434,0,0,0,434
12/11/2007,SAT,TX,ASW,CE,Combined TRACON& Tower with Radar,303,58,147,12,520,0,2,40,0,42,303,60,187,12,562,0,0,0,562
12/12/2007,SAT,TX,ASW,CE,Combined TRACON& Tower with Radar,328,61,138,4,531,1,1,1,4,7,329,62,139,8,538,0,0,0,538
12/13/2007,SAT,TX,ASW,CE,Combined TRACON& Tower with Radar,321,59,170,13,563,0,11,164,3,178,321,70,334,16,741,0,0,0,741
12/14/2007,SAT,TX,ASW,CE,Combined TRACON& Tower with Radar,315,71,127,7,520,1,5,5,0,11,316,76,132,7,531,0,0,0,531
12/15/2007,SAT,TX,ASW,CE,Combined TRACON& Tower with Radar,262,36,79,6,383,0,8,85,8,101,262,44,164,14,484,0,0,0,484
12/16/2007,SAT,TX,ASW,CE,Combined TRACON& Tower with Radar,268,25,73,2,368,1,9,204,11,225,269,34,277,13,593,0,0,0,593
12/17/2007,SAT,TX,ASW,CE,Combined TRACON& Tower with Radar,286,36,147,14,483,1,17,247,2,267,287,53,394,16,750,0,0,0,750
12/18/2007,SAT,TX,ASW,CE,Combined TRACON& Tower with Radar,319,61,128,7,515,0,25,176,6,207,319,86,304,13,722,0,0,0,722
12/19/2007,SAT,TX,ASW,CE,Combined TRACON& Tower with Radar,313,62,154,14,543,1,5,35,4,45,314,67,189,18,588,0,0,0,588
12/20/2007,SAT,TX,ASW,CE,Combined TRACON& Tower with Radar,324,65,121,15,525,1,18,208,3,230,325,83,329,18,755,0,0,0,755
12/21/2007,SAT,TX,ASW,CE,Combined TRACON& Tower with Radar,326,51,111,7,495,0,24,215,0,239,326,75,326,7,734,0,0,0,734
12/22/2007,SAT,TX,ASW,CE,Combined TRACON& Tower with Radar,277,37,66,0,380,1,17,118,0,136,278,54,184,0,516,0,0,0,516
12/23/2007,SAT,TX,ASW,CE,Combined TRACON& Tower with Radar,258,19,69,1,347,0,2,141,5,148,258,21,210,6,495,0,0,0,495
12/24/2007,SAT,TX,ASW,CE,Combined TRACON& Tower with Radar,266,26,26,2,320,0,12,108,0,120,266,38,134,2,440,0,0,0,440
12/25/2007,SAT,TX,ASW,CE,Combined TRACON& Tower with Radar,213,24,19,0,256,0,4,34,0,38,213,28,53,0,294,0,0,0,294
12/26/2007,SAT,TX,ASW,CE,Combined TRACON& Tower with Radar,292,46,83,0,421,1,12,63,0,76,293,58,146,0,497,0,0,0,497
12/27/2007,SAT,TX,ASW,CE,Combined TRACON& Tower with Radar,317,65,97,1,480,1,14,118,4,137,318,79,215,5,617,0,0,0,617
12/28/2007,SAT,TX,ASW,CE,Combined TRACON& Tower with Radar,318,53,89,0,460,1,13,117,5,136,319,66,206,5,596,0,0,0,596
12/29/2007,SAT,TX,ASW,CE,Combined TRACON& Tower with Radar,273,40,73,0,386,2,13,161,0,176,275,53,234,0,562,0,0,0,562
12/30/2007,SAT,TX,ASW,CE,Combined TRACON& Tower with Radar,269,39,67,0,375,0,15,138,6,159,269,54,205,6,534,0,0,0,534
12/31/2007,SAT,TX,ASW,CE,Combined TRACON& Tower with Radar,244,20,41,0,305,2,8,108,2,120,246,28,149,2,425,0,0,0,425
01/01/2008,SAT,TX,ASW,CE,Combined TRACON& Tower with Radar,233,20,21,0,274,0,6,44,0,50,233,26,65,0,324,0,0,0,324
01/02/2008,SAT,TX,ASW,CE,Combined TRACON& Tower with Radar,287,27,72,11,397,2,10,153,4,169,289,37,225,15,566,0,0,0,566
01/03/2008,SAT,TX,ASW,CE,Combined TRACON& Tower with Radar,318,54,91,15,478,0,23,196,0,219,318,77,287,15,697,0,0,0,697
01/04/2008,SAT,TX,ASW,CE,Combined TRACON& Tower with Radar,312,43,99,17,471,1,22,157,2,182,313,65,256,19,653,0,0,0,653
01/05/2008,SAT,TX,ASW,CE,Combined TRACON& Tower with Radar,255,40,66,6,367,0,6,122,3,131,255,46,188,9,498,0,0,0,498
01/06/2008,SAT,TX,ASW,CE,Combined TRACON& Tower with Radar,264,26,73,18,381,0,1,50,1,52,264,27,123,19,433,0,0,0,433
01/07/2008,SAT,TX,ASW,CE,Combined TRACON& Tower with Radar,284,26,111,9,430,1,8,80,3,92,285,34,191,12,522,0,0,0,522
01/08/2008,SAT,TX,ASW,CE,Combined TRACON& Tower with Radar,298,48,113,6,465,0,5,97,1,103,298,53,210,7,568,0,0,0,568
01/09/2008,SAT,TX,ASW,CE,Combined TRACON& Tower with Radar,304,56,114,9,483,0,27,172,4,203,304,83,286,13,686,0,0,0,686
01/10/2008,SAT,TX,ASW,CE,Combined TRACON& Tower with Radar,317,45,131,13,506,0,22,180,3,205,317,67,311,16,711,0,0,0,711
01/11/2008,SAT,TX,ASW,CE,Combined TRACON& Tower with Radar,308,45,104,12,469,0,32,209,2,243,308,77,313,14,712,2,0,2,714
01/12/2008,SAT,TX,ASW,CE,Combined TRACON& Tower with Radar,260,36,65,8,369,0,15,136,0,151,260,51,201,8,520,0,0,0,520
01/13/2008,SAT,TX,ASW,CE,Combined TRACON& Tower with Radar,239,22,73,10,344,1,2,156,7,166,240,24,229,17,510,0,0,0,510
01/14/2008,SAT,TX,ASW,CE,Combined TRACON& Tower with Radar,286,29,110,12,437,1,19,166,9,195,287,48,276,21,632,0,0,0,632
01/15/2008,SAT,TX,ASW,CE,Combined TRACON& Tower with Radar,297,54,122,16,489,0,15,88,1,104,297,69,210,17,593,0,0,0,593
01/16/2008,SAT,TX,ASW,CE,Combined TRACON& Tower with Radar,302,65,139,11,517,0,6,44,0,50,302,71,183,11,567,0,0,0,567
01/17/2008,SAT,TX,ASW,CE,Combined TRACON& Tower with Radar,300,48,124,9,481,1,19,111,2,133,301,67,235,11,614,0,0,0,614
01/18/2008,SAT,TX,ASW,CE,Combined TRACON& Tower with Radar,308,52,83,13,456,0,1,7,0,8,308,53,90,13,464,0,0,0,464
01/19/2008,SAT,TX,ASW,CE,Combined TRACON& Tower with Radar,257,38,54,5,354,1,16,168,1,186,258,54,222,6,540,0,0,0,540
01/20/2008,SAT,TX,ASW,CE,Combined TRACON& Tower with Radar,238,22,67,6,333,0,7,143,5,155,238,29,210,11,488,0,0,0,488
01/21/2008,SAT,TX,ASW,CE,Combined TRACON& Tower with Radar,272,24,73,4,373,0,0,3,3,6,272,24,76,7,379,0,0,0,379
01/22/2008,SAT,TX,ASW,CE,Combined TRACON& Tower with Radar,291,42,155,12,500,0,0,26,0,26,291,42,181,12,526,0,0,0,526
01/23/2008,SAT,TX,ASW,CE,Combined TRACON& Tower with Radar,303,55,144,8,510,0,0,2,0,2,303,55,146,8,512,0,0,0,512
01/24/2008,SAT,TX,ASW,CE,Combined TRACON& Tower with Radar,309,52,153,11,525,1,12,80,4,97,310,64,233,15,622,0,0,0,622
01/25/2008,SAT,TX,ASW,CE,Combined TRACON& Tower with Radar,307,58,103,13,481,2,0,4,0,6,309,58,107,13,487,0,0,0,487
01/26/2008,SAT,TX,ASW,CE,Combined TRACON& Tower with Radar,260,42,68,7,377,2,23,165,4,194,262,65,233,11,571,0,0,0,571
01/27/2008,SAT,TX,ASW,CE,Combined TRACON& Tower with Radar,251,29,74,12,366,0,5,175,6,186,251,34,249,18,552,0,0,0,552
01/28/2008,SAT,TX,ASW,CE,Combined TRACON& Tower with Radar,287,39,101,9,436,0,5,48,1,54,287,44,149,10,490,0,0,0,490
01/29/2008,SAT,TX,ASW,CE,Combined TRACON& Tower with Radar,295,63,109,5,472,0,18,88,3,109,295,81,197,8,581,0,0,0,581
01/30/2008,SAT,TX,ASW,CE,Combined TRACON& Tower with Radar,310,49,143,6,508,2,20,184,4,210,312,69,327,10,718,0,0,0,718
01/31/2008,SAT,TX,ASW,CE,Combined TRACON& Tower with Radar,315,64,120,5,504,1,12,45,6,64,316,76,165,11,568,0,0,0,568
02/01/2008,SAT,TX,ASW,CE,Combined TRACON& Tower with Radar,316,49,132,11,508,0,27,218,7,252,316,76,350,18,760,0,0,0,760
02/02/2008,SAT,TX,ASW,CE,Combined TRACON& Tower with Radar,248,32,89,3,372,2,15,171,4,192,250,47,260,7,564,0,0,0,564
02/03/2008,SAT,TX,ASW,CE,Combined TRACON& Tower with Radar,230,20,73,3,326,0,4,94,6,104,230,24,167,9,430,0,0,0,430
02/04/2008,SAT,TX,ASW,CE,Combined TRACON& Tower with Radar,271,30,109,5,415,0,21,94,0,115,271,51,203,5,530,0,0,0,530
02/05/2008,SAT,TX,ASW,CE,Combined TRACON& Tower with Radar,302,73,148,14,537,0,7,73,0,80,302,80,221,14,617,0,0,0,617
02/06/2008,SAT,TX,ASW,CE,Combined TRACON& Tower with Radar,305,58,145,7,515,1,25,205,3,234,306,83,350,10,749,0,0,0,749
02/07/2008,SAT,TX,ASW,CE,Combined TRACON& Tower with Radar,316,53,118,11,498,2,28,233,3,266,318,81,351,14,764,0,0,0,764
02/08/2008,SAT,TX,ASW,CE,Combined TRACON& Tower with Radar,313,69,121,17,520,3,21,223,11,258,316,90,344,28,778,0,0,0,778
02/09/2008,SAT,TX,ASW,CE,Combined TRACON& Tower with Radar,246,34,94,7,381,0,11,175,5,191,246,45,269,12,572,0,0,0,572
02/10/2008,SAT,TX,ASW,CE,Combined TRACON& Tower with Radar,241,36,119,23,419,0,8,77,1,86,241,44,196,24,505,0,0,0,505
02/11/2008,SAT,TX,ASW,CE,Combined TRACON& Tower with Radar,286,40,125,9,460,0,13,34,0,47,286,53,159,9,507,0,0,0,507
02/12/2008,SAT,TX,ASW,CE,Combined TRACON& Tower with Radar,315,63,124,11,513,1,20,76,0,97,316,83,200,11,610,0,0,0,610
02/13/2008,SAT,TX,ASW,CE,Combined TRACON& Tower with Radar,305,58,166,10,539,0,25,228,5,258,305,83,394,15,797,0,0,0,797
02/14/2008,SAT,TX,ASW,CE,Combined TRACON& Tower with Radar,317,55,124,10,506,1,18,141,5,165,318,73,265,15,671,0,0,0,671
02/15/2008,SAT,TX,ASW,CE,Combined TRACON& Tower with Radar,311,63,122,8,504,2,4,32,0,38,313,67,154,8,542,0,0,0,542
02/16/2008,SAT,TX,ASW,CE,Combined TRACON& Tower with Radar,248,40,47,4,339,0,1,3,0,4,248,41,50,4,343,0,0,0,343
02/17/2008,SAT,TX,ASW,CE,Combined TRACON& Tower with Radar,265,39,62,23,389,0,14,195,0,209,265,53,257,23,598,0,0,0,598
02/18/2008,SAT,TX,ASW,CE,Combined TRACON& Tower with Radar,291,33,95,17,436,0,33,190,8,231,291,66,285,25,667,0,0,0,667
02/19/2008,SAT,TX,ASW,CE,Combined TRACON& Tower with Radar,313,46,139,21,519,1,23,218,2,244,314,69,357,23,763,0,0,0,763
02/20/2008,SAT,TX,ASW,CE,Combined TRACON& Tower with Radar,322,64,159,3,548,0,6,50,0,56,322,70,209,3,604,0,0,0,604
02/21/2008,SAT,TX,ASW,CE,Combined TRACON& Tower with Radar,310,75,178,4,567,2,10,89,0,101,312,85,267,4,668,0,0,0,668
02/22/2008,SAT,TX,ASW,CE,Combined TRACON& Tower with Radar,317,76,139,9,541,1,18,211,6,236,318,94,350,15,777,0,0,0,777
02/23/2008,SAT,TX,ASW,CE,Combined TRACON& Tower with Radar,266,34,101,7,408,0,10,115,2,127,266,44,216,9,535,0,0,0,535
02/24/2008,SAT,TX,ASW,CE,Combined TRACON& Tower with Radar,256,21,78,10,365,1,13,152,2,168,257,34,230,12,533,0,0,0,533
02/25/2008,SAT,TX,ASW,CE,Combined TRACON& Tower with Radar,289,27,78,14,408,1,14,118,0,133,290,41,196,14,541,0,0,0,541
02/26/2008,SAT,TX,ASW,CE,Combined TRACON& Tower with Radar,302,58,123,7,490,1,17,82,1,101,303,75,205,8,591,0,0,0,591
02/27/2008,SAT,TX,ASW,CE,Combined TRACON& Tower with Radar,323,32,136,6,497,2,24,210,3,239,325,56,346,9,736,0,0,0,736
02/28/2008,SAT,TX,ASW,CE,Combined TRACON& Tower with Radar,313,45,133,9,500,0,23,147,2,172,313,68,280,11,672,0,0,0,672
02/29/2008,SAT,TX,ASW,CE,Combined TRACON& Tower with Radar,316,39,160,16,531,0,13,143,0,156,316,52,303,16,687,0,0,0,687
03/01/2008,SAT,TX,ASW,CE,Combined TRACON& Tower with Radar,262,31,99,4,396,0,9,100,2,111,262,40,199,6,507,0,0,0,507
03/02/2008,SAT,TX,ASW,CE,Combined TRACON& Tower with Radar,247,30,80,7,364,0,3,23,0,26,247,33,103,7,390,0,0,0,390
03/03/2008,SAT,TX,ASW,CE,Combined TRACON& Tower with Radar,301,44,82,3,430,0,7,18,1,26,301,51,100,4,456,0,0,0,456
03/04/2008,SAT,TX,ASW,CE,Combined TRACON& Tower with Radar,314,68,116,18,516,0,17,222,3,242,314,85,338,21,758,0,0,0,758
03/05/2008,SAT,TX,ASW,CE,Combined TRACON& Tower with Radar,312,57,138,8,515,0,34,192,4,230,312,91,330,12,745,0,0,0,745
03/06/2008,SAT,TX,ASW,CE,Combined TRACON& Tower with Radar,301,70,119,6,496,2,10,27,1,40,303,80,146,7,536,0,0,0,536
03/07/2008,SAT,TX,ASW,CE,Combined TRACON& Tower with Radar,308,59,102,6,475,3,16,93,7,119,311,75,195,13,594,0,0,0,594
03/08/2008,SAT,TX,ASW,CE,Combined TRACON& Tower with Radar,265,29,64,9,367,0,14,211,2,227,265,43,275,11,594,0,0,0,594
03/09/2008,SAT,TX,ASW,CE,Combined TRACON& Tower with Radar,265,22,81,8,376,0,10,70,4,84,265,32,151,12,460,0,0,0,460
03/10/2008,SAT,TX,ASW,CE,Combined TRACON& Tower with Radar,308,38,99,7,452,0,3,18,0,21,308,41,117,7,473,0,0,0,473
03/11/2008,SAT,TX,ASW,CE,Combined TRACON& Tower with Radar,318,55,178,10,561,0,16,175,1,192,318,71,353,11,753,0,0,0,753
03/12/2008,SAT,TX,ASW,CE,Combined TRACON& Tower with Radar,302,43,162,13,520,0,33,204,6,243,302,76,366,19,763,0,0,0,763
03/13/2008,SAT,TX,ASW,CE,Combined TRACON& Tower with Radar,321,54,161,17,553,1,16,71,5,93,322,70,232,22,646,12,0,12,658
03/14/2008,SAT,TX,ASW,CE,Combined TRACON& Tower with Radar,316,49,137,17,519,0,14,137,4,155,316,63,274,21,674,0,0,0,674
03/15/2008,SAT,TX,ASW,CE,Combined TRACON& Tower with Radar,268,57,102,7,434,2,13,123,0,138,270,70,225,7,572,0,0,0,572
03/16/2008,SAT,TX,ASW,CE,Combined TRACON& Tower with Radar,270,34,96,5,405,0,4,59,0,63,270,38,155,5,468,0,0,0,468
03/17/2008,SAT,TX,ASW,CE,Combined TRACON& Tower with Radar,297,39,105,9,450,0,11,41,2,54,297,50,146,11,504,0,0,0,504
03/18/2008,SAT,TX,ASW,CE,Combined TRACON& Tower with Radar,315,61,71,2,449,2,3,35,0,40,317,64,106,2,489,0,0,0,489
03/19/2008,SAT,TX,ASW,CE,Combined TRACON& Tower with Radar,331,71,117,10,529,1,13,166,3,183,332,84,283,13,712,0,0,0,712
03/20/2008,SAT,TX,ASW,CE,Combined TRACON& Tower with Radar,326,50,108,5,489,0,16,268,0,284,326,66,376,5,773,0,0,0,773
03/21/2008,SAT,TX,ASW,CE,Combined TRACON& Tower with Radar,315,40,91,4,450,1,18,221,3,243,316,58,312,7,693,0,0,0,693
03/22/2008,SAT,TX,ASW,CE,Combined TRACON& Tower with Radar,265,46,78,3,392,0,14,152,7,173,265,60,230,10,565,0,0,0,565
03/23/2008,SAT,TX,ASW,CE,Combined TRACON& Tower with Radar,258,44,59,0,361,0,5,55,0,60,258,49,114,0,421,0,0,0,421
03/24/2008,SAT,TX,ASW,CE,Combined TRACON& Tower with Radar,303,34,120,5,462,0,19,160,0,179,303,53,280,5,641,0,0,0,641
03/25/2008,SAT,TX,ASW,CE,Combined TRACON& Tower with Radar,314,51,140,10,515,2,22,123,1,148,316,73,263,11,663,0,0,0,663
03/26/2008,SAT,TX,ASW,CE,Combined TRACON& Tower with Radar,312,56,150,6,524,3,14,96,9,122,315,70,246,15,646,0,0,0,646
03/27/2008,SAT,TX,ASW,CE,Combined TRACON& Tower with Radar,309,50,203,10,572,1,14,146,1,162,310,64,349,11,734,0,0,0,734
03/28/2008,SAT,TX,ASW,CE,Combined TRACON& Tower with Radar,321,66,193,4,584,0,12,61,3,76,321,78,254,7,660,0,0,0,660
03/29/2008,SAT,TX,ASW,CE,Combined TRACON& Tower with Radar,266,44,204,1,515,0,1,21,0,22,266,45,225,1,537,0,0,0,537
03/30/2008,SAT,TX,ASW,CE,Combined TRACON& Tower with Radar,252,35,171,5,463,1,8,24,0,33,253,43,195,5,496,0,0,0,496
03/31/2008,SAT,TX,ASW,CE,Combined TRACON& Tower with Radar,290,36,127,9,462,0,7,26,2,35,290,43,153,11,497,0,0,0,497
04/01/2008,SAT,TX,ASW,CE,Combined TRACON& Tower with Radar,306,66,123,5,500,1,20,99,4,124,307,86,222,9,624,0,0,0,624
04/02/2008,SAT,TX,ASW,CE,Combined TRACON& Tower with Radar,317,65,152,15,549,0,5,65,0,70,317,70,217,15,619,0,0,0,619
04/03/2008,SAT,TX,ASW,CE,Combined TRACON& Tower with Radar,324,69,166,23,582,0,12,77,4,93,324,81,243,27,675,14,8,22,697
04/04/2008,SAT,TX,ASW,CE,Combined TRACON& Tower with Radar,324,105,190,5,624,2,9,75,0,86,326,114,265,5,710,0,0,0,710
04/05/2008,SAT,TX,ASW,CE,Combined TRACON& Tower with Radar,284,89,200,5,578,1,4,114,1,120,285,93,314,6,698,0,0,0,698
04/06/2008,SAT,TX,ASW,CE,Combined TRACON& Tower with Radar,266,73,200,5,544,0,15,108,4,127,266,88,308,9,671,0,0,0,671
04/07/2008,SAT,TX,ASW,CE,Combined TRACON& Tower with Radar,287,82,202,12,583,0,8,73,7,88,287,90,275,19,671,0,0,0,671
04/08/2008,SAT,TX,ASW,CE,Combined TRACON& Tower with Radar,348,178,362,2,890,0,17,116,2,135,348,195,478,4,1025,0,0,0,1025
04/09/2008,SAT,TX,ASW,CE,Combined TRACON& Tower with Radar,278,71,158,6,513,0,2,34,0,36,278,73,192,6,549,8,0,8,557
04/10/2008,SAT,TX,ASW,CE,Combined TRACON& Tower with Radar,277,83,142,16,518,1,20,173,1,195,278,103,315,17,713,14,2,16,729
04/11/2008,SAT,TX,ASW,CE,Combined TRACON& Tower with Radar,287,44,137,19,487,2,25,191,3,221,289,69,328,22,708,0,0,0,708
04/12/2008,SAT,TX,ASW,CE,Combined TRACON& Tower with Radar,254,37,72,12,375,1,11,142,6,160,255,48,214,18,535,0,0,0,535
04/13/2008,SAT,TX,ASW,CE,Combined TRACON& Tower with Radar,258,22,85,9,374,2,12,146,8,168,260,34,231,17,542,0,0,0,542
04/14/2008,SAT,TX,ASW,CE,Combined TRACON& Tower with Radar,291,25,116,15,447,2,27,174,7,210,293,52,290,22,657,0,0,0,657
04/15/2008,SAT,TX,ASW,CE,Combined TRACON& Tower with Radar,317,36,131,3,487,0,26,196,11,233,317,62,327,14,720,6,0,6,726
04/16/2008,SAT,TX,ASW,CE,Combined TRACON& Tower with Radar,310,56,149,15,530,0,9,92,1,102,310,65,241,16,632,0,2,2,634
04/17/2008,SAT,TX,ASW,CE,Combined TRACON& Tower with Radar,315,47,144,13,519,0,13,92,8,113,315,60,236,21,632,0,0,0,632
04/18/2008,SAT,TX,ASW,CE,Combined TRACON& Tower with Radar,327,44,117,19,507,1,24,184,1,210,328,68,301,20,717,0,0,0,717
04/19/2008,SAT,TX,ASW,CE,Combined TRACON& Tower with Radar,257,31,87,4,379,0,14,219,5,238,257,45,306,9,617,0,0,0,617
04/20/2008,SAT,TX,ASW,CE,Combined TRACON& Tower with Radar,260,22,89,8,379,0,6,80,0,86,260,28,169,8,465,0,0,0,465
04/21/2008,SAT,TX,ASW,CE,Combined TRACON& Tower with Radar,293,37,128,7,465,0,9,78,2,89,293,46,206,9,554,0,0,0,554
04/22/2008,SAT,TX,ASW,CE,Combined TRACON& Tower with Radar,320,54,146,8,528,1,18,123,2,144,321,72,269,10,672,0,0,0,672
04/23/2008,SAT,TX,ASW,CE,Combined TRACON& Tower with Radar,315,60,164,5,544,1,10,68,3,82,316,70,232,8,626,0,0,0,626
04/24/2008,SAT,TX,ASW,CE,Combined TRACON& Tower with Radar,314,59,165,9,547,1,15,145,3,164,315,74,310,12,711,2,0,2,713
04/25/2008,SAT,TX,ASW,CE,Combined TRACON& Tower with Radar,314,50,136,12,512,0,8,78,2,88,314,58,214,14,600,10,4,14,614
04/26/2008,SAT,TX,ASW,CE,Combined TRACON& Tower with Radar,271,35,62,2,370,1,9,147,1,158,272,44,209,3,528,0,0,0,528
04/27/2008,SAT,TX,ASW,CE,Combined TRACON& Tower with Radar,259,16,85,17,377,1,5,26,7,39,260,21,111,24,416,0,0,0,416
04/28/2008,SAT,TX,ASW,CE,Combined TRACON& Tower with Radar,297,22,82,1,402,1,29,200,8,238,298,51,282,9,640,0,0,0,640
04/29/2008,SAT,TX,ASW,CE,Combined TRACON& Tower with Radar,308,43,133,12,496,0,27,245,0,272,308,70,378,12,768,0,0,0,768
04/30/2008,SAT,TX,ASW,CE,Combined TRACON& Tower with Radar,316,62,150,5,533,1,24,153,2,180,317,86,303,7,713,0,0,0,713
05/01/2008,SAT,TX,ASW,CE,Combined TRACON& Tower with Radar,308,59,184,17,568,2,15,119,6,142,310,74,303,23,710,2,2,4,714
05/02/2008,SAT,TX,ASW,CE,Combined TRACON& Tower with Radar,304,46,129,15,494,2,14,182,6,204,306,60,311,21,698,10,4,14,712
05/03/2008,SAT,TX,ASW,CE,Combined TRACON& Tower with Radar,268,33,59,17,377,0,10,135,4,149,268,43,194,21,526,0,0,0,526
05/04/2008,SAT,TX,ASW,CE,Combined TRACON& Tower with Radar,263,52,86,11,412,0,3,93,2,98,263,55,179,13,510,0,0,0,510
05/05/2008,SAT,TX,ASW,CE,Combined TRACON& Tower with Radar,307,42,107,15,471,0,11,80,1,92,307,53,187,16,563,0,0,0,563
05/06/2008,SAT,TX,ASW,CE,Combined TRACON& Tower with Radar,323,50,140,7,520,0,12,103,0,115,323,62,243,7,635,0,0,0,635
05/07/2008,SAT,TX,ASW,CE,Combined TRACON& Tower with Radar,311,56,124,4,495,0,20,118,6,144,311,76,242,10,639,0,0,0,639
05/08/2008,SAT,TX,ASW,CE,Combined TRACON& Tower with Radar,323,58,142,12,535,1,28,233,4,266,324,86,375,16,801,0,0,0,801
05/09/2008,SAT,TX,ASW,CE,Combined TRACON& Tower with Radar,319,42,103,18,482,1,29,198,3,231,320,71,301,21,713,0,0,0,713
05/10/2008,SAT,TX,ASW,CE,Combined TRACON& Tower with Radar,276,45,68,25,414,0,7,88,2,97,276,52,156,27,511,0,0,0,511
05/11/2008,SAT,TX,ASW,CE,Combined TRACON& Tower with Radar,264,27,73,5,369,1,4,79,2,86,265,31,152,7,455,0,0,0,455
05/12/2008,SAT,TX,ASW,CE,Combined TRACON& Tower with Radar,301,36,130,15,482,2,22,185,1,210,303,58,315,16,692,0,0,0,692
05/13/2008,SAT,TX,ASW,CE,Combined TRACON& Tower with Radar,318,63,136,8,525,0,10,109,2,121,318,73,245,10,646,0,0,0,646
05/14/2008,SAT,TX,ASW,CE,Combined TRACON& Tower with Radar,334,53,135,6,528,1,22,116,0,139,335,75,251,6,667,0,0,0,667
05/15/2008,SAT,TX,ASW,CE,Combined TRACON& Tower with Radar,329,45,115,16,505,1,24,144,2,171,330,69,259,18,676,0,0,0,676
05/16/2008,SAT,TX,ASW,CE,Combined TRACON& Tower with Radar,324,34,131,6,495,1,18,184,0,203,325,52,315,6,698,0,0,0,698
05/17/2008,SAT,TX,ASW,CE,Combined TRACON& Tower with Radar,285,18,51,7,361,3,19,168,2,192,288,37,219,9,553,0,0,0,553
05/18/2008,SAT,TX,ASW,CE,Combined TRACON& Tower with Radar,271,24,65,4,364,0,16,161,3,180,271,40,226,7,544,0,0,0,544
05/19/2008,SAT,TX,ASW,CE,Combined TRACON& Tower with Radar,294,31,93,8,426,2,31,169,0,202,296,62,262,8,628,0,0,0,628
05/20/2008,SAT,TX,ASW,CE,Combined TRACON& Tower with Radar,323,40,107,3,473,0,35,204,2,241,323,75,311,5,714,0,0,0,714
05/21/2008,SAT,TX,ASW,CE,Combined TRACON& Tower with Radar,320,45,146,17,528,2,20,125,4,151,322,65,271,21,679,0,0,0,679
05/22/2008,SAT,TX,ASW,CE,Combined TRACON& Tower with Radar,320,39,135,10,504,0,8,117,8,133,320,47,252,18,637,2,0,2,639
05/23/2008,SAT,TX,ASW,CE,Combined TRACON& Tower with Radar,332,41,114,11,498,0,20,152,0,172,332,61,266,11,670,0,0,0,670
05/24/2008,SAT,TX,ASW,CE,Combined TRACON& Tower with Radar,286,23,59,5,373,0,17,131,0,148,286,40,190,5,521,0,0,0,521
05/25/2008,SAT,TX,ASW,CE,Combined TRACON& Tower with Radar,232,16,75,2,325,0,12,91,4,107,232,28,166,6,432,0,0,0,432
05/26/2008,SAT,TX,ASW,CE,Combined TRACON& Tower with Radar,256,22,84,9,371,1,7,109,6,123,257,29,193,15,494,0,0,0,494
05/27/2008,SAT,TX,ASW,CE,Combined TRACON& Tower with Radar,311,33,112,11,467,1,11,128,1,141,312,44,240,12,608,0,0,0,608
05/28/2008,SAT,TX,ASW,CE,Combined TRACON& Tower with Radar,333,55,131,26,545,0,24,155,1,180,333,79,286,27,725,0,0,0,725
05/29/2008,SAT,TX,ASW,CE,Combined TRACON& Tower with Radar,323,51,124,12,510,3,22,201,5,231,326,73,325,17,741,0,0,0,741
05/30/2008,SAT,TX,ASW,CE,Combined TRACON& Tower with Radar,331,52,136,23,542,1,19,182,3,205,332,71,318,26,747,0,0,0,747
05/31/2008,SAT,TX,ASW,CE,Combined TRACON& Tower with Radar,284,33,60,2,379,3,12,157,0,172,287,45,217,2,551,0,0,0,551
06/01/2008,SAT,TX,ASW,CE,Combined TRACON& Tower with Radar,271,21,65,5,362,1,9,129,0,139,272,30,194,5,501,0,0,0,501
06/02/2008,SAT,TX,ASW,CE,Combined TRACON& Tower with Radar,308,30,118,12,468,1,30,163,0,194,309,60,281,12,662,0,0,0,662
06/03/2008,SAT,TX,ASW,CE,Combined TRACON& Tower with Radar,322,45,110,20,497,3,16,151,1,171,325,61,261,21,668,0,0,0,668
06/04/2008,SAT,TX,ASW,CE,Combined TRACON& Tower with Radar,324,38,113,8,483,1,13,73,5,92,325,51,186,13,575,0,0,0,575
06/05/2008,SAT,TX,ASW,CE,Combined TRACON& Tower with Radar,323,49,115,14,501,1,11,53,3,68,324,60,168,17,569,0,0,0,569
06/06/2008,SAT,TX,ASW,CE,Combined TRACON& Tower with Radar,327,40,115,10,492,1,10,104,2,117,328,50,219,12,609,0,0,0,609
06/07/2008,SAT,TX,ASW,CE,Combined TRACON& Tower with Radar,296,23,76,6,401,1,9,80,2,92,297,32,156,8,493,0,0,0,493
06/08/2008,SAT,TX,ASW,CE,Combined TRACON& Tower with Radar,273,21,84,2,380,0,1,77,1,79,273,22,161,3,459,0,0,0,459
06/09/2008,SAT,TX,ASW,CE,Combined TRACON& Tower with Radar,307,34,102,5,448,0,19,117,5,141,307,53,219,10,589,0,0,0,589
06/10/2008,SAT,TX,ASW,CE,Combined TRACON& Tower with Radar,342,44,113,7,506,1,22,156,6,185,343,66,269,13,691,0,0,0,691
06/11/2008,SAT,TX,ASW,CE,Combined TRACON& Tower with Radar,333,51,116,12,512,0,20,162,4,186,333,71,278,16,698,0,0,0,698
06/12/2008,SAT,TX,ASW,CE,Combined TRACON& Tower with Radar,338,41,110,15,504,0,28,162,1,191,338,69,272,16,695,0,0,0,695
06/13/2008,SAT,TX,ASW,CE,Combined TRACON& Tower with Radar,337,36,113,9,495,3,27,149,2,181,340,63,262,11,676,0,0,0,676
06/14/2008,SAT,TX,ASW,CE,Combined TRACON& Tower with Radar,291,28,65,6,390,0,10,133,1,144,291,38,198,7,534,0,0,0,534
06/15/2008,SAT,TX,ASW,CE,Combined TRACON& Tower with Radar,283,26,57,1,367,1,7,99,5,112,284,33,156,6,479,0,0,0,479
06/16/2008,SAT,TX,ASW,CE,Combined TRACON& Tower with Radar,308,26,91,5,430,1,22,156,5,184,309,48,247,10,614,0,0,0,614
06/17/2008,SAT,TX,ASW,CE,Combined TRACON& Tower with Radar,321,45,127,7,500,0,41,179,6,226,321,86,306,13,726,0,0,0,726
06/18/2008,SAT,TX,ASW,CE,Combined TRACON& Tower with Radar,336,45,115,7,503,0,29,192,2,223,336,74,307,9,726,0,0,0,726
06/19/2008,SAT,TX,ASW,CE,Combined TRACON& Tower with Radar,338,47,110,4,499,0,21,231,1,253,338,68,341,5,752,30,0,30,782
06/20/2008,SAT,TX,ASW,CE,Combined TRACON& Tower with Radar,339,42,102,3,486,3,20,177,0,200,342,62,279,3,686,0,0,0,686
06/21/2008,SAT,TX,ASW,CE,Combined TRACON& Tower with Radar,301,28,62,4,395,0,12,125,0,137,301,40,187,4,532,0,0,0,532
06/22/2008,SAT,TX,ASW,CE,Combined TRACON& Tower with Radar,280,19,42,11,352,0,6,118,0,124,280,25,160,11,476,0,0,0,476
06/23/2008,SAT,TX,ASW,CE,Combined TRACON& Tower with Radar,303,34,92,9,438,0,28,175,2,205,303,62,267,11,643,0,0,0,643
06/24/2008,SAT,TX,ASW,CE,Combined TRACON& Tower with Radar,332,50,104,29,515,0,31,136,2,169,332,81,240,31,684,0,0,0,684
06/25/2008,SAT,TX,ASW,CE,Combined TRACON& Tower with Radar,327,52,116,19,514,0,13,141,1,155,327,65,257,20,669,0,0,0,669
06/26/2008,SAT,TX,ASW,CE,Combined TRACON& Tower with Radar,372,65,113,15,565,1,27,172,4,204,373,92,285,19,769,22,0,22,791
06/27/2008,SAT,TX,ASW,CE,Combined TRACON& Tower with Radar,339,48,123,31,541,0,20,171,8,199,339,68,294,39,740,0,0,0,740
06/28/2008,SAT,TX,ASW,CE,Combined TRACON& Tower with Radar,307,31,64,9,411,0,3,136,3,142,307,34,200,12,553,0,0,0,553
06/29/2008,SAT,TX,ASW,CE,Combined TRACON& Tower with Radar,307,23,80,17,427,0,5,98,3,106,307,28,178,20,533,0,0,0,533
06/30/2008,SAT,TX,ASW,CE,Combined TRACON& Tower with Radar,319,22,106,1,448,4,22,103,2,131,323,44,209,3,579,0,0,0,579
07/01/2008,SAT,TX,ASW,CE,Combined TRACON& Tower with Radar,320,48,89,3,460,0,20,98,0,118,320,68,187,3,578,0,0,0,578
07/02/2008,SAT,TX,ASW,CE,Combined TRACON& Tower with Radar,345,38,107,8,498,0,14,131,3,148,345,52,238,11,646,0,0,0,646
07/03/2008,SAT,TX,ASW,CE,Combined TRACON& Tower with Radar,335,33,104,11,483,0,13,107,0,120,335,46,211,11,603,20,2,22,625
07/04/2008,SAT,TX,ASW,CE,Combined TRACON& Tower with Radar,263,25,52,10,350,0,4,61,1,66,263,29,113,11,416,0,0,0,416
07/05/2008,SAT,TX,ASW,CE,Combined TRACON& Tower with Radar,250,22,48,4,324,0,5,99,1,105,250,27,147,5,429,0,0,0,429
07/06/2008,SAT,TX,ASW,CE,Combined TRACON& Tower with Radar,277,23,89,1,390,0,9,84,0,93,277,32,173,1,483,0,0,0,483
07/07/2008,SAT,TX,ASW,CE,Combined TRACON& Tower with Radar,322,41,96,10,469,0,13,60,2,75,322,54,156,12,544,0,0,0,544
07/08/2008,SAT,TX,ASW,CE,Combined TRACON& Tower with Radar,324,52,107,9,492,0,9,30,2,41,324,61,137,11,533,0,0,0,533
07/09/2008,SAT,TX,ASW,CE,Combined TRACON& Tower with Radar,336,53,131,7,527,0,21,120,2,143,336,74,251,9,670,0,0,0,670
07/10/2008,SAT,TX,ASW,CE,Combined TRACON& Tower with Radar,328,43,116,2,489,0,28,157,3,188,328,71,273,5,677,0,0,0,677
07/11/2008,SAT,TX,ASW,CE,Combined TRACON& Tower with Radar,340,41,114,12,507,0,13,160,2,175,340,54,274,14,682,0,0,0,682
07/12/2008,SAT,TX,ASW,CE,Combined TRACON& Tower with Radar,265,22,69,6,362,0,7,127,5,139,265,29,196,11,501,0,0,0,501
07/13/2008,SAT,TX,ASW,CE,Combined TRACON& Tower with Radar,284,29,70,11,394,0,4,124,1,129,284,33,194,12,523,0,0,0,523
07/14/2008,SAT,TX,ASW,CE,Combined TRACON& Tower with Radar,336,28,92,2,458,0,18,144,1,163,336,46,236,3,621,0,0,0,621
07/15/2008,SAT,TX,ASW,CE,Combined TRACON& Tower with Radar,334,40,112,6,492,0,26,202,0,228,334,66,314,6,720,0,0,0,720
07/16/2008,SAT,TX,ASW,CE,Combined TRACON& Tower with Radar,333,36,130,4,503,0,18,182,2,202,333,54,312,6,705,0,0,0,705
07/17/2008,SAT,TX,ASW,CE,Combined TRACON& Tower with Radar,332,46,106,10,494,0,14,192,0,206,332,60,298,10,700,0,0,0,700
07/18/2008,SAT,TX,ASW,CE,Combined TRACON& Tower with Radar,333,56,97,3,489,0,18,207,5,230,333,74,304,8,719,0,0,0,719
07/19/2008,SAT,TX,ASW,CE,Combined TRACON& Tower with Radar,279,23,64,4,370,0,11,135,4,150,279,34,199,8,520,0,0,0,520
07/20/2008,SAT,TX,ASW,CE,Combined TRACON& Tower with Radar,297,22,95,3,417,0,4,106,2,112,297,26,201,5,529,0,0,0,529
07/21/2008,SAT,TX,ASW,CE,Combined TRACON& Tower with Radar,321,23,79,7,430,0,27,196,2,225,321,50,275,9,655,0,0,0,655
07/22/2008,SAT,TX,ASW,CE,Combined TRACON& Tower with Radar,330,35,100,10,475,0,37,134,0,171,330,72,234,10,646,0,0,0,646
07/23/2008,SAT,TX,ASW,CE,Combined TRACON& Tower with Radar,327,41,104,8,480,0,12,40,1,53,327,53,144,9,533,0,0,0,533
07/24/2008,SAT,TX,ASW,CE,Combined TRACON& Tower with Radar,324,52,70,4,450,0,1,4,0,5,324,53,74,4,455,0,0,0,455
07/25/2008,SAT,TX,ASW,CE,Combined TRACON& Tower with Radar,337,65,143,10,555,0,12,126,4,142,337,77,269,14,697,0,0,0,697
07/26/2008,SAT,TX,ASW,CE,Combined TRACON& Tower with Radar,280,26,83,3,392,0,11,124,2,137,280,37,207,5,529,0,0,0,529
07/27/2008,SAT,TX,ASW,CE,Combined TRACON& Tower with Radar,293,29,87,0,409,0,9,143,2,154,293,38,230,2,563,0,0,0,563
07/28/2008,SAT,TX,ASW,CE,Combined TRACON& Tower with Radar,328,44,94,10,476,0,17,155,3,175,328,61,249,13,651,0,0,0,651
07/29/2008,SAT,TX,ASW,CE,Combined TRACON& Tower with Radar,323,47,119,6,495,0,17,127,5,149,323,64,246,11,644,0,0,0,644
07/30/2008,SAT,TX,ASW,CE,Combined TRACON& Tower with Radar,344,55,137,17,553,0,22,126,0,148,344,77,263,17,701,0,0,0,701
07/31/2008,SAT,TX,ASW,CE,Combined TRACON& Tower with Radar,342,37,128,10,517,0,17,164,3,184,342,54,292,13,701,0,0,0,701
08/01/2008,SAT,TX,ASW,CE,Combined TRACON& Tower with Radar,333,44,117,11,505,0,24,118,1,143,333,68,235,12,648,0,0,0,648
08/02/2008,SAT,TX,ASW,CE,Combined TRACON& Tower with Radar,280,22,70,3,375,0,16,140,0,156,280,38,210,3,531,0,0,0,531
08/03/2008,SAT,TX,ASW,CE,Combined TRACON& Tower with Radar,306,30,72,11,419,0,6,140,4,150,306,36,212,15,569,0,0,0,569
08/04/2008,SAT,TX,ASW,CE,Combined TRACON& Tower with Radar,322,37,92,12,463,0,11,189,4,204,322,48,281,16,667,0,0,0,667
08/05/2008,SAT,TX,ASW,CE,Combined TRACON& Tower with Radar,333,48,75,2,458,0,19,79,1,99,333,67,154,3,557,0,0,0,557
08/06/2008,SAT,TX,ASW,CE,Combined TRACON& Tower with Radar,338,38,98,6,480,0,20,127,0,147,338,58,225,6,627,0,0,0,627
08/07/2008,SAT,TX,ASW,CE,Combined TRACON& Tower with Radar,334,51,106,12,503,0,26,132,1,159,334,77,238,13,662,0,0,0,662
08/08/2008,SAT,TX,ASW,CE,Combined TRACON& Tower with Radar,332,28,102,14,476,0,25,192,3,220,332,53,294,17,696,0,0,0,696
08/09/2008,SAT,TX,ASW,CE,Combined TRACON& Tower with Radar,283,22,75,7,387,0,13,141,0,154,283,35,216,7,541,0,0,0,541
08/10/2008,SAT,TX,ASW,CE,Combined TRACON& Tower with Radar,291,32,70,7,400,0,8,118,0,126,291,40,188,7,526,0,0,0,526
08/11/2008,SAT,TX,ASW,CE,Combined TRACON& Tower with Radar,325,40,113,11,489,0,16,114,2,132,325,56,227,13,621,0,0,0,621
08/12/2008,SAT,TX,ASW,CE,Combined TRACON& Tower with Radar,329,34,123,1,487,0,11,63,1,75,329,45,186,2,562,0,0,0,562
08/13/2008,SAT,TX,ASW,CE,Combined TRACON& Tower with Radar,328,41,120,5,494,0,24,217,1,242,328,65,337,6,736,0,0,0,736
08/14/2008,SAT,TX,ASW,CE,Combined TRACON& Tower with Radar,334,39,135,19,527,0,22,154,2,178,334,61,289,21,705,0,0,0,705
08/15/2008,SAT,TX,ASW,CE,Combined TRACON& Tower with Radar,345,32,107,10,494,0,18,136,7,161,345,50,243,17,655,0,0,0,655
08/16/2008,SAT,TX,ASW,CE,Combined TRACON& Tower with Radar,286,24,72,5,387,0,5,74,0,79,286,29,146,5,466,0,0,0,466
08/17/2008,SAT,TX,ASW,CE,Combined TRACON& Tower with Radar,298,15,100,11,424,0,12,22,2,36,298,27,122,13,460,0,0,0,460
08/18/2008,SAT,TX,ASW,CE,Combined TRACON& Tower with Radar,321,48,72,8,449,0,2,8,0,10,321,50,80,8,459,0,0,0,459
08/19/2008,SAT,TX,ASW,CE,Combined TRACON& Tower with Radar,324,42,106,7,479,0,7,58,2,67,324,49,164,9,546,0,0,0,546
08/20/2008,SAT,TX,ASW,CE,Combined TRACON& Tower with Radar,330,49,107,6,492,0,7,169,3,179,330,56,276,9,671,0,0,0,671
08/21/2008,SAT,TX,ASW,CE,Combined TRACON& Tower with Radar,334,42,142,16,534,0,13,130,1,144,334,55,272,17,678,0,0,0,678
08/22/2008,SAT,TX,ASW,CE,Combined TRACON& Tower with Radar,333,38,85,12,468,0,5,62,3,70,333,43,147,15,538,0,0,0,538
08/23/2008,SAT,TX,ASW,CE,Combined TRACON& Tower with Radar,247,30,69,10,356,0,2,49,2,53,247,32,118,12,409,0,0,0,409
08/24/2008,SAT,TX,ASW,CE,Combined TRACON& Tower with Radar,276,24,69,14,383,0,4,70,4,78,276,28,139,18,461,0,0,0,461
08/25/2008,SAT,TX,ASW,CE,Combined TRACON& Tower with Radar,300,33,111,6,450,0,12,179,2,193,300,45,290,8,643,0,0,0,643
08/26/2008,SAT,TX,ASW,CE,Combined TRACON& Tower with Radar,328,40,130,16,514,0,14,185,4,203,328,54,315,20,717,0,0,0,717
08/27/2008,SAT,TX,ASW,CE,Combined TRACON& Tower with Radar,331,33,150,0,514,0,11,146,1,158,331,44,296,1,672,0,0,0,672
08/28/2008,SAT,TX,ASW,CE,Combined TRACON& Tower with Radar,329,50,181,4,564,0,16,125,3,144,329,66,306,7,708,0,0,0,708
08/29/2008,SAT,TX,ASW,CE,Combined TRACON& Tower with Radar,332,32,126,8,498,0,12,102,3,117,332,44,228,11,615,0,0,0,615
08/30/2008,SAT,TX,ASW,CE,Combined TRACON& Tower with Radar,230,20,69,1,320,0,13,145,2,160,230,33,214,3,480,0,0,0,480
08/31/2008,SAT,TX,ASW,CE,Combined TRACON& Tower with Radar,211,24,52,3,290,0,12,167,5,184,211,36,219,8,474,0,0,0,474
09/01/2008,SAT,TX,ASW,CE,Combined TRACON& Tower with Radar,260,20,65,10,355,0,8,95,9,112,260,28,160,19,467,0,0,0,467
09/02/2008,SAT,TX,ASW,CE,Combined TRACON& Tower with Radar,292,38,103,6,439,0,13,168,1,182,292,51,271,7,621,0,0,0,621
09/03/2008,SAT,TX,ASW,CE,Combined TRACON& Tower with Radar,306,50,111,0,467,0,13,168,2,183,306,63,279,2,650,0,0,0,650
09/04/2008,SAT,TX,ASW,CE,Combined TRACON& Tower with Radar,306,33,108,11,458,0,28,162,0,190,306,61,270,11,648,0,0,0,648
09/05/2008,SAT,TX,ASW,CE,Combined TRACON& Tower with Radar,311,35,115,6,467,0,21,183,0,204,311,56,298,6,671,0,0,0,671
09/06/2008,SAT,TX,ASW,CE,Combined TRACON& Tower with Radar,214,23,72,6,315,0,8,141,0,149,214,31,213,6,464,0,0,0,464
09/07/2008,SAT,TX,ASW,CE,Combined TRACON& Tower with Radar,265,16,74,9,364,0,15,151,8,174,265,31,225,17,538,0,0,0,538
09/08/2008,SAT,TX,ASW,CE,Combined TRACON& Tower with Radar,287,39,119,7,452,0,12,115,1,128,287,51,234,8,580,0,0,0,580
09/09/2008,SAT,TX,ASW,CE,Combined TRACON& Tower with Radar,293,46,123,7,469,0,8,76,0,84,293,54,199,7,553,0,0,0,553
09/10/2008,SAT,TX,ASW,CE,Combined TRACON& Tower with Radar,299,79,126,4,508,0,16,148,5,169,299,95,274,9,677,0,0,0,677
09/11/2008,SAT,TX,ASW,CE,Combined TRACON& Tower with Radar,304,107,136,5,552,0,20,157,2,179,304,127,293,7,731,0,0,0,731
09/12/2008,SAT,TX,ASW,CE,Combined TRACON& Tower with Radar,272,73,105,0,450,0,14,126,0,140,272,87,231,0,590,0,0,0,590
09/13/2008,SAT,TX,ASW,CE,Combined TRACON& Tower with Radar,167,40,25,7,239,0,14,59,8,81,167,54,84,15,320,0,0,0,320
09/14/2008,SAT,TX,ASW,CE,Combined TRACON& Tower with Radar,224,49,73,8,354,0,24,78,6,108,224,73,151,14,462,0,0,0,462
09/15/2008,SAT,TX,ASW,CE,Combined TRACON& Tower with Radar,265,68,123,18,474,0,14,105,7,126,265,82,228,25,600,0,0,0,600
09/16/2008,SAT,TX,ASW,CE,Combined TRACON& Tower with Radar,288,70,148,7,513,0,15,213,3,231,288,85,361,10,744,0,0,0,744
09/17/2008,SAT,TX,ASW,CE,Combined TRACON& Tower with Radar,293,61,104,14,472,0,23,191,9,223,293,84,295,23,695,0,0,0,695
09/18/2008,SAT,TX,ASW,CE,Combined TRACON& Tower with Radar,299,51,138,7,495,0,13,171,8,192,299,64,309,15,687,0,0,0,687
09/19/2008,SAT,TX,ASW,CE,Combined TRACON& Tower with Radar,299,41,126,2,468,0,13,197,6,216,299,54,323,8,684,0,0,0,684
09/20/2008,SAT,TX,ASW,CE,Combined TRACON& Tower with Radar,213,26,59,2,300,0,12,176,0,188,213,38,235,2,488,0,0,0,488
09/21/2008,SAT,TX,ASW,CE,Combined TRACON& Tower with Radar,258,18,59,6,341,0,20,155,4,179,258,38,214,10,520,0,0,0,520
09/22/2008,SAT,TX,ASW,CE,Combined TRACON& Tower with Radar,294,38,116,15,463,0,22,146,1,169,294,60,262,16,632,0,0,0,632
09/23/2008,SAT,TX,ASW,CE,Combined TRACON& Tower with Radar,289,72,129,12,502,0,6,147,4,157,289,78,276,16,659,0,0,0,659
09/24/2008,SAT,TX,ASW,CE,Combined TRACON& Tower with Radar,298,42,124,9,473,0,16,171,4,191,298,58,295,13,664,0,0,0,664
09/25/2008,SAT,TX,ASW,CE,Combined TRACON& Tower with Radar,307,57,118,10,492,0,21,181,1,203,307,78,299,11,695,0,0,0,695
09/26/2008,SAT,TX,ASW,CE,Combined TRACON& Tower with Radar,301,44,126,13,484,0,13,177,4,194,301,57,303,17,678,0,0,0,678
09/27/2008,SAT,TX,ASW,CE,Combined TRACON& Tower with Radar,215,27,49,3,294,0,18,138,0,156,215,45,187,3,450,0,0,0,450
09/28/2008,SAT,TX,ASW,CE,Combined TRACON& Tower with Radar,254,21,60,6,341,1,11,119,1,132,255,32,179,7,473,0,0,0,473
09/29/2008,SAT,TX,ASW,CE,Combined TRACON& Tower with Radar,285,33,74,2,394,0,19,105,5,129,285,52,179,7,523,0,0,0,523
09/30/2008,SAT,TX,ASW,CE,Combined TRACON& Tower with Radar,295,47,97,4,443,0,27,131,1,159,295,74,228,5,602,0,0,0,602
10/01/2008,SAT,TX,ASW,CE,Combined TRACON& Tower with Radar,295,51,90,3,439,0,20,107,0,127,295,71,197,3,566,0,0,0,566
10/02/2008,SAT,TX,ASW,CE,Combined TRACON& Tower with Radar,305,37,94,12,448,0,19,158,4,181,305,56,252,16,629,0,0,0,629
10/03/2008,SAT,TX,ASW,CE,Combined TRACON& Tower with Radar,300,46,108,32,486,0,11,134,5,150,300,57,242,37,636,0,0,0,636
10/04/2008,SAT,TX,ASW,CE,Combined TRACON& Tower with Radar,218,23,51,8,300,0,13,67,2,82,218,36,118,10,382,0,0,0,382
10/05/2008,SAT,TX,ASW,CE,Combined TRACON& Tower with Radar,262,36,69,10,377,0,9,75,7,91,262,45,144,17,468,0,0,0,468
10/06/2008,SAT,TX,ASW,CE,Combined TRACON& Tower with Radar,289,35,103,8,435,0,9,69,0,78,289,44,172,8,513,0,0,0,513
10/07/2008,SAT,TX,ASW,CE,Combined TRACON& Tower with Radar,291,45,113,5,454,0,15,81,8,104,291,60,194,13,558,0,0,0,558
10/08/2008,SAT,TX,ASW,CE,Combined TRACON& Tower with Radar,292,56,104,16,468,0,22,134,2,158,292,78,238,18,626,0,0,0,626
10/09/2008,SAT,TX,ASW,CE,Combined TRACON& Tower with Radar,307,41,121,9,478,0,29,161,3,193,307,70,282,12,671,0,0,0,671
10/10/2008,SAT,TX,ASW,CE,Combined TRACON& Tower with Radar,304,59,129,23,515,0,19,188,1,208,304,78,317,24,723,0,0,0,723
10/11/2008,SAT,TX,ASW,CE,Combined TRACON& Tower with Radar,217,35,72,12,336,0,5,52,2,59,217,40,124,14,395,0,0,0,395
10/12/2008,SAT,TX,ASW,CE,Combined TRACON& Tower with Radar,260,40,110,7,417,0,5,45,1,51,260,45,155,8,468,0,0,0,468
10/13/2008,SAT,TX,ASW,CE,Combined TRACON& Tower with Radar,288,47,127,14,476,0,9,39,2,50,288,56,166,16,526,0,0,0,526
10/14/2008,SAT,TX,ASW,CE,Combined TRACON& Tower with Radar,292,54,111,5,462,0,17,53,0,70,292,71,164,5,532,0,0,0,532
10/15/2008,SAT,TX,ASW,CE,Combined TRACON& Tower with Radar,296,57,91,8,452,0,4,8,1,13,296,61,99,9,465,0,0,0,465
10/16/2008,SAT,TX,ASW,CE,Combined TRACON& Tower with Radar,309,70,124,23,526,0,16,85,5,106,309,86,209,28,632,0,0,0,632
10/17/2008,SAT,TX,ASW,CE,Combined TRACON& Tower with Radar,306,52,104,13,475,0,26,166,4,196,306,78,270,17,671,0,0,0,671
10/18/2008,SAT,TX,ASW,CE,Combined TRACON& Tower with Radar,217,21,63,3,304,0,11,138,4,153,217,32,201,7,457,0,0,0,457
10/19/2008,SAT,TX,ASW,CE,Combined TRACON& Tower with Radar,260,32,64,7,363,0,14,163,1,178,260,46,227,8,541,0,0,0,541
10/20/2008,SAT,TX,ASW,CE,Combined TRACON& Tower with Radar,288,51,119,6,464,0,23,142,3,168,288,74,261,9,632,0,0,0,632
10/21/2008,SAT,TX,ASW,CE,Combined TRACON& Tower with Radar,294,48,128,8,478,0,20,104,5,129,294,68,232,13,607,0,0,0,607
10/22/2008,SAT,TX,ASW,CE,Combined TRACON& Tower with Radar,329,54,133,9,525,0,13,83,0,96,329,67,216,9,621,0,0,0,621
10/23/2008,SAT,TX,ASW,CE,Combined TRACON& Tower with Radar,304,45,115,13,477,0,17,130,2,149,304,62,245,15,626,0,0,0,626
10/24/2008,SAT,TX,ASW,CE,Combined TRACON& Tower with Radar,303,38,82,8,431,0,16,163,6,185,303,54,245,14,616,0,0,0,616
10/25/2008,SAT,TX,ASW,CE,Combined TRACON& Tower with Radar,217,24,41,0,282,0,13,144,2,159,217,37,185,2,441,0,0,0,441
10/26/2008,SAT,TX,ASW,CE,Combined TRACON& Tower with Radar,250,33,91,6,380,0,6,76,4,86,250,39,167,10,466,0,0,0,466
10/27/2008,SAT,TX,ASW,CE,Combined TRACON& Tower with Radar,283,50,91,10,434,0,16,83,1,100,283,66,174,11,534,0,0,0,534
10/28/2008,SAT,TX,ASW,CE,Combined TRACON& Tower with Radar,294,47,111,21,473,0,20,153,6,179,294,67,264,27,652,0,0,0,652
10/29/2008,SAT,TX,ASW,CE,Combined TRACON& Tower with Radar,292,50,120,7,469,0,15,156,0,171,292,65,276,7,640,0,0,0,640
10/30/2008,SAT,TX,ASW,CE,Combined TRACON& Tower with Radar,303,54,122,8,487,0,13,171,4,188,303,67,293,12,675,0,0,0,675
10/31/2008,SAT,TX,ASW,CE,Combined TRACON& Tower with Radar,295,62,111,7,475,0,17,180,2,199,295,79,291,9,674,0,0,0,674
11/01/2008,SAT,TX,ASW,CE,Combined TRACON& Tower with Radar,213,32,61,5,311,0,13,101,0,114,213,45,162,5,425,0,0,0,425
11/02/2008,SAT,TX,ASW,CE,Combined TRACON& Tower with Radar,260,32,63,4,359,0,2,100,1,103,260,34,163,5,462,0,0,0,462
11/03/2008,SAT,TX,ASW,CE,Combined TRACON& Tower with Radar,285,26,113,8,432,0,20,120,3,143,285,46,233,11,575,0,0,0,575
11/04/2008,SAT,TX,ASW,CE,Combined TRACON& Tower with Radar,295,51,127,0,473,0,9,122,0,131,295,60,249,0,604,0,0,0,604
11/05/2008,SAT,TX,ASW,CE,Combined TRACON& Tower with Radar,292,46,119,13,470,0,9,55,4,68,292,55,174,17,538,0,0,0,538
11/06/2008,SAT,TX,ASW,CE,Combined TRACON& Tower with Radar,304,52,142,16,514,0,20,167,4,191,304,72,309,20,705,0,0,0,705
11/07/2008,SAT,TX,ASW,CE,Combined TRACON& Tower with Radar,302,50,134,2,488,0,22,179,1,202,302,72,313,3,690,0,0,0,690
11/08/2008,SAT,TX,ASW,CE,Combined TRACON& Tower with Radar,219,23,65,2,309,0,7,174,2,183,219,30,239,4,492,0,0,0,492
11/09/2008,SAT,TX,ASW,CE,Combined TRACON& Tower with Radar,259,27,72,3,361,0,15,111,6,132,259,42,183,9,493,0,0,0,493
11/10/2008,SAT,TX,ASW,CE,Combined TRACON& Tower with Radar,307,40,126,12,485,0,12,65,1,78,307,52,191,13,563,0,0,0,563
11/11/2008,SAT,TX,ASW,CE,Combined TRACON& Tower with Radar,308,39,121,2,470,0,15,81,0,96,308,54,202,2,566,0,0,0,566
11/12/2008,SAT,TX,ASW,CE,Combined TRACON& Tower with Radar,297,52,126,6,481,0,15,190,3,208,297,67,316,9,689,0,0,0,689
11/13/2008,SAT,TX,ASW,CE,Combined TRACON& Tower with Radar,302,47,143,16,508,0,12,167,5,184,302,59,310,21,692,0,0,0,692
11/14/2008,SAT,TX,ASW,CE,Combined TRACON& Tower with Radar,314,66,138,4,522,0,18,117,0,135,314,84,255,4,657,0,0,0,657
11/15/2008,SAT,TX,ASW,CE,Combined TRACON& Tower with Radar,226,23,83,4,336,0,7,86,0,93,226,30,169,4,429,0,0,0,429
11/16/2008,SAT,TX,ASW,CE,Combined TRACON& Tower with Radar,263,24,99,7,393,0,7,164,0,171,263,31,263,7,564,0,0,0,564
11/17/2008,SAT,TX,ASW,CE,Combined TRACON& Tower with Radar,289,42,130,11,472,0,29,202,2,233,289,71,332,13,705,0,0,0,705
11/18/2008,SAT,TX,ASW,CE,Combined TRACON& Tower with Radar,295,42,113,14,464,0,24,204,5,233,295,66,317,19,697,0,0,0,697
11/19/2008,SAT,TX,ASW,CE,Combined TRACON& Tower with Radar,305,38,116,9,468,0,29,196,0,225,305,67,312,9,693,0,0,0,693
11/20/2008,SAT,TX,ASW,CE,Combined TRACON& Tower with Radar,297,36,99,6,438,0,18,172,0,190,297,54,271,6,628,0,0,0,628
11/21/2008,SAT,TX,ASW,CE,Combined TRACON& Tower with Radar,305,61,122,13,501,0,25,130,5,160,305,86,252,18,661,0,0,0,661
11/22/2008,SAT,TX,ASW,CE,Combined TRACON& Tower with Radar,224,16,90,3,333,0,11,36,0,47,224,27,126,3,380,0,0,0,380
11/23/2008,SAT,TX,ASW,CE,Combined TRACON& Tower with Radar,265,28,74,9,376,0,3,41,0,44,265,31,115,9,420,0,0,0,420
11/24/2008,SAT,TX,ASW,CE,Combined TRACON& Tower with Radar,279,41,106,8,434,0,19,103,3,125,279,60,209,11,559,0,0,0,559
11/25/2008,SAT,TX,ASW,CE,Combined TRACON& Tower with Radar,305,50,102,5,462,0,16,180,0,196,305,66,282,5,658,0,0,0,658
11/26/2008,SAT,TX,ASW,CE,Combined TRACON& Tower with Radar,306,43,102,3,454,0,9,95,0,104,306,52,197,3,558,0,0,0,558
11/27/2008,SAT,TX,ASW,CE,Combined TRACON& Tower with Radar,158,16,27,0,201,0,5,2,0,7,158,21,29,0,208,0,0,0,208
11/28/2008,SAT,TX,ASW,CE,Combined TRACON& Tower with Radar,236,36,59,6,337,0,4,34,0,38,236,40,93,6,375,0,0,0,375
11/29/2008,SAT,TX,ASW,CE,Combined TRACON& Tower with Radar,244,29,67,2,342,0,10,130,0,140,244,39,197,2,482,0,0,0,482
11/30/2008,SAT,TX,ASW,CE,Combined TRACON& Tower with Radar,273,39,87,0,399,0,19,104,1,124,273,58,191,1,523,0,0,0,523
12/01/2008,SAT,TX,ASW,CE,Combined TRACON& Tower with Radar,290,36,81,9,416,0,21,131,1,153,290,57,212,10,569,0,0,0,569
12/02/2008,SAT,TX,ASW,CE,Combined TRACON& Tower with Radar,305,47,116,12,480,0,17,168,2,187,305,64,284,14,667,0,0,0,667
12/03/2008,SAT,TX,ASW,CE,Combined TRACON& Tower with Radar,299,40,132,2,473,0,16,109,0,125,299,56,241,2,598,0,0,0,598
12/04/2008,SAT,TX,ASW,CE,Combined TRACON& Tower with Radar,303,38,115,8,464,0,18,146,3,167,303,56,261,11,631,0,0,0,631
12/05/2008,SAT,TX,ASW,CE,Combined TRACON& Tower with Radar,304,50,105,3,462,0,9,173,2,184,304,59,278,5,646,0,0,0,646
12/06/2008,SAT,TX,ASW,CE,Combined TRACON& Tower with Radar,218,15,84,2,319,0,9,134,3,146,218,24,218,5,465,0,0,0,465
12/07/2008,SAT,TX,ASW,CE,Combined TRACON& Tower with Radar,259,18,77,7,361,0,9,126,0,135,259,27,203,7,496,0,0,0,496
12/08/2008,SAT,TX,ASW,CE,Combined TRACON& Tower with Radar,284,34,98,12,428,0,9,39,2,50,284,43,137,14,478,0,0,0,478
12/09/2008,SAT,TX,ASW,CE,Combined TRACON& Tower with Radar,290,42,100,7,439,0,6,75,0,81,290,48,175,7,520,0,0,0,520
12/10/2008,SAT,TX,ASW,CE,Combined TRACON& Tower with Radar,296,45,88,13,442,0,10,98,1,109,296,55,186,14,551,0,0,0,551
12/11/2008,SAT,TX,ASW,CE,Combined TRACON& Tower with Radar,302,42,107,9,460,0,23,199,5,227,302,65,306,14,687,0,0,0,687
12/12/2008,SAT,TX,ASW,CE,Combined TRACON& Tower with Radar,294,38,101,14,447,0,19,186,1,206,294,57,287,15,653,0,0,0,653
12/13/2008,SAT,TX,ASW,CE,Combined TRACON& Tower with Radar,221,13,51,2,287,0,8,61,0,69,221,21,112,2,356,0,0,0,356
12/14/2008,SAT,TX,ASW,CE,Combined TRACON& Tower with Radar,263,24,84,5,376,0,20,67,4,91,263,44,151,9,467,0,0,0,467
12/15/2008,SAT,TX,ASW,CE,Combined TRACON& Tower with Radar,277,43,89,6,415,0,1,16,0,17,277,44,105,6,432,0,0,0,432
12/16/2008,SAT,TX,ASW,CE,Combined TRACON& Tower with Radar,295,41,130,3,469,0,2,10,0,12,295,43,140,3,481,0,0,0,481
12/17/2008,SAT,TX,ASW,CE,Combined TRACON& Tower with Radar,291,47,120,7,465,0,0,0,0,0,291,47,120,7,465,0,0,0,465
12/18/2008,SAT,TX,ASW,CE,Combined TRACON& Tower with Radar,292,38,92,3,425,0,0,0,0,0,292,38,92,3,425,0,0,0,425
12/19/2008,SAT,TX,ASW,CE,Combined TRACON& Tower with Radar,300,49,137,5,491,0,14,94,0,108,300,63,231,5,599,0,0,0,599
12/20/2008,SAT,TX,ASW,CE,Combined TRACON& Tower with Radar,236,38,96,5,375,0,3,59,1,63,236,41,155,6,438,0,0,0,438
12/21/2008,SAT,TX,ASW,CE,Combined TRACON& Tower with Radar,259,28,75,6,368,0,5,21,0,26,259,33,96,6,394,0,0,0,394
12/22/2008,SAT,TX,ASW,CE,Combined TRACON& Tower with Radar,292,34,98,6,430,0,14,121,1,136,292,48,219,7,566,0,0,0,566
12/23/2008,SAT,TX,ASW,CE,Combined TRACON& Tower with Radar,310,53,77,3,443,0,0,0,0,0,310,53,77,3,443,0,0,0,443
12/24/2008,SAT,TX,ASW,CE,Combined TRACON& Tower with Radar,256,46,46,0,348,0,8,92,0,100,256,54,138,0,448,0,0,0,448
12/25/2008,SAT,TX,ASW,CE,Combined TRACON& Tower with Radar,219,27,29,0,275,0,2,10,0,12,219,29,39,0,287,0,0,0,287
12/26/2008,SAT,TX,ASW,CE,Combined TRACON& Tower with Radar,286,63,89,0,438,0,4,31,0,35,286,67,120,0,473,0,0,0,473
12/27/2008,SAT,TX,ASW,CE,Combined TRACON& Tower with Radar,239,33,85,4,361,0,7,31,0,38,239,40,116,4,399,0,0,0,399
12/28/2008,SAT,TX,ASW,CE,Combined TRACON& Tower with Radar,265,21,72,0,358,0,12,126,1,139,265,33,198,1,497,0,0,0,497
12/29/2008,SAT,TX,ASW,CE,Combined TRACON& Tower with Radar,296,33,62,4,395,0,19,166,2,187,296,52,228,6,582,0,0,0,582
12/30/2008,SAT,TX,ASW,CE,Combined TRACON& Tower with Radar,314,58,85,4,461,0,18,177,4,199,314,76,262,8,660,0,0,0,660
12/31/2008,SAT,TX,ASW,CE,Combined TRACON& Tower with Radar,251,32,60,3,346,0,9,89,0,98,251,41,149,3,444,0,0,0,444
01/01/2009,SAT,TX,ASW,CE,Combined TRACON& Tower with Radar,234,25,38,1,298,0,4,27,2,33,234,29,65,3,331,0,0,0,331
01/02/2009,SAT,TX,ASW,CE,Combined TRACON& Tower with Radar,297,41,106,5,449,0,7,59,1,67,297,48,165,6,516,0,0,0,516
01/03/2009,SAT,TX,ASW,CE,Combined TRACON& Tower with Radar,232,35,80,9,356,0,9,95,0,104,232,44,175,9,460,0,0,0,460
01/04/2009,SAT,TX,ASW,CE,Combined TRACON& Tower with Radar,257,39,84,8,388,0,3,16,0,19,257,42,100,8,407,0,0,0,407
01/05/2009,SAT,TX,ASW,CE,Combined TRACON& Tower with Radar,269,49,65,4,387,0,2,4,1,7,269,51,69,5,394,0,0,0,394
01/06/2009,SAT,TX,ASW,CE,Combined TRACON& Tower with Radar,292,54,90,13,449,0,17,80,1,98,292,71,170,14,547,0,0,0,547
01/07/2009,SAT,TX,ASW,CE,Combined TRACON& Tower with Radar,286,37,99,14,436,0,21,134,1,156,286,58,233,15,592,0,0,0,592
01/08/2009,SAT,TX,ASW,CE,Combined TRACON& Tower with Radar,297,45,90,2,434,0,16,173,0,189,297,61,263,2,623,0,0,0,623
01/09/2009,SAT,TX,ASW,CE,Combined TRACON& Tower with Radar,289,65,107,10,471,0,13,93,4,110,289,78,200,14,581,0,0,0,581
01/10/2009,SAT,TX,ASW,CE,Combined TRACON& Tower with Radar,211,29,55,2,297,0,3,44,0,47,211,32,99,2,344,0,0,0,344
01/11/2009,SAT,TX,ASW,CE,Combined TRACON& Tower with Radar,242,25,91,10,368,0,11,114,0,125,242,36,205,10,493,0,0,0,493
01/12/2009,SAT,TX,ASW,CE,Combined TRACON& Tower with Radar,264,34,63,4,365,0,11,137,3,151,264,45,200,7,516,0,0,0,516
01/13/2009,SAT,TX,ASW,CE,Combined TRACON& Tower with Radar,273,52,85,9,419,0,18,128,2,148,273,70,213,11,567,0,0,0,567
01/14/2009,SAT,TX,ASW,CE,Combined TRACON& Tower with Radar,283,45,101,10,439,0,16,153,2,171,283,61,254,12,610,0,0,0,610
01/15/2009,SAT,TX,ASW,CE,Combined TRACON& Tower with Radar,289,44,106,7,446,0,21,99,0,120,289,65,205,7,566,0,0,0,566
01/16/2009,SAT,TX,ASW,CE,Combined TRACON& Tower with Radar,281,52,101,8,442,0,10,45,1,56,281,62,146,9,498,0,0,0,498
01/17/2009,SAT,TX,ASW,CE,Combined TRACON& Tower with Radar,196,18,40,14,268,0,11,29,0,40,196,29,69,14,308,0,0,0,308
01/18/2009,SAT,TX,ASW,CE,Combined TRACON& Tower with Radar,238,18,55,5,316,0,12,130,3,145,238,30,185,8,461,0,0,0,461
01/19/2009,SAT,TX,ASW,CE,Combined TRACON& Tower with Radar,269,37,72,6,384,0,16,91,0,107,269,53,163,6,491,0,0,0,491
01/20/2009,SAT,TX,ASW,CE,Combined TRACON& Tower with Radar,284,38,95,1,418,0,19,108,1,128,284,57,203,2,546,0,0,0,546
01/21/2009,SAT,TX,ASW,CE,Combined TRACON& Tower with Radar,276,50,123,7,456,0,25,148,4,177,276,75,271,11,633,0,0,0,633
01/22/2009,SAT,TX,ASW,CE,Combined TRACON& Tower with Radar,284,45,110,6,445,0,32,157,1,190,284,77,267,7,635,0,0,0,635
01/23/2009,SAT,TX,ASW,CE,Combined TRACON& Tower with Radar,284,38,105,10,437,0,22,137,0,159,284,60,242,10,596,0,0,0,596
01/24/2009,SAT,TX,ASW,CE,Combined TRACON& Tower with Radar,202,15,45,9,271,0,10,80,2,92,202,25,125,11,363,0,0,0,363
01/25/2009,SAT,TX,ASW,CE,Combined TRACON& Tower with Radar,239,13,80,7,339,0,10,71,1,82,239,23,151,8,421,0,0,0,421
01/26/2009,SAT,TX,ASW,CE,Combined TRACON& Tower with Radar,254,35,69,2,360,0,4,14,1,19,254,39,83,3,379,0,0,0,379
01/27/2009,SAT,TX,ASW,CE,Combined TRACON& Tower with Radar,265,44,100,5,414,0,0,2,0,2,265,44,102,5,416,0,0,0,416
01/28/2009,SAT,TX,ASW,CE,Combined TRACON& Tower with Radar,264,49,96,8,417,0,23,134,0,157,264,72,230,8,574,0,0,0,574
01/29/2009,SAT,TX,ASW,CE,Combined TRACON& Tower with Radar,293,63,103,8,467,0,16,182,1,199,293,79,285,9,666,0,0,0,666
01/30/2009,SAT,TX,ASW,CE,Combined TRACON& Tower with Radar,282,53,83,7,425,0,13,178,0,191,282,66,261,7,616,0,0,0,616
01/31/2009,SAT,TX,ASW,CE,Combined TRACON& Tower with Radar,205,22,44,2,273,0,29,131,1,161,205,51,175,3,434,0,0,0,434
02/01/2009,SAT,TX,ASW,CE,Combined TRACON& Tower with Radar,245,17,49,6,317,0,9,77,3,89,245,26,126,9,406,0,0,0,406
02/02/2009,SAT,TX,ASW,CE,Combined TRACON& Tower with Radar,272,38,73,12,395,0,13,123,4,140,272,51,196,16,535,0,0,0,535
02/03/2009,SAT,TX,ASW,CE,Combined TRACON& Tower with Radar,277,51,97,14,439,0,25,154,2,181,277,76,251,16,620,0,0,0,620
02/04/2009,SAT,TX,ASW,CE,Combined TRACON& Tower with Radar,277,31,87,10,405,0,19,154,0,173,277,50,241,10,578,0,0,0,578
02/05/2009,SAT,TX,ASW,CE,Combined TRACON& Tower with Radar,281,47,110,9,447,0,13,114,0,127,281,60,224,9,574,0,0,0,574
02/06/2009,SAT,TX,ASW,CE,Combined TRACON& Tower with Radar,288,58,129,22,497,0,18,70,2,90,288,76,199,24,587,0,0,0,587
02/07/2009,SAT,TX,ASW,CE,Combined TRACON& Tower with Radar,197,23,56,3,279,0,0,57,0,57,197,23,113,3,336,0,0,0,336
02/08/2009,SAT,TX,ASW,CE,Combined TRACON& Tower with Radar,239,18,76,2,335,0,0,17,5,22,239,18,93,7,357,0,0,0,357
02/09/2009,SAT,TX,ASW,CE,Combined TRACON& Tower with Radar,268,34,82,10,394,0,23,103,2,128,268,57,185,12,522,0,0,0,522
02/10/2009,SAT,TX,ASW,CE,Combined TRACON& Tower with Radar,266,49,108,15,438,0,8,34,1,43,266,57,142,16,481,0,0,0,481
02/11/2009,SAT,TX,ASW,CE,Combined TRACON& Tower with Radar,273,45,97,13,428,0,31,169,2,202,273,76,266,15,630,0,0,0,630
02/12/2009,SAT,TX,ASW,CE,Combined TRACON& Tower with Radar,284,52,105,12,453,0,25,165,5,195,284,77,270,17,648,0,0,0,648
02/13/2009,SAT,TX,ASW,CE,Combined TRACON& Tower with Radar,285,58,139,10,492,0,13,95,2,110,285,71,234,12,602,0,0,0,602
02/14/2009,SAT,TX,ASW,CE,Combined TRACON& Tower with Radar,202,23,76,13,314,0,14,83,3,100,202,37,159,16,414,0,0,0,414
02/15/2009,SAT,TX,ASW,CE,Combined TRACON& Tower with Radar,239,15,78,6,338,0,11,67,5,83,239,26,145,11,421,0,0,0,421
02/16/2009,SAT,TX,ASW,CE,Combined TRACON& Tower with Radar,266,51,125,10,452,0,13,60,1,74,266,64,185,11,526,0,0,0,526
02/17/2009,SAT,TX,ASW,CE,Combined TRACON& Tower with Radar,277,45,96,4,422,0,0,8,0,8,277,45,104,4,430,0,0,0,430
02/18/2009,SAT,TX,ASW,CE,Combined TRACON& Tower with Radar,277,54,107,8,446,0,21,205,0,226,277,75,312,8,672,0,0,0,672
02/19/2009,SAT,TX,ASW,CE,Combined TRACON& Tower with Radar,283,55,152,9,499,0,29,160,3,192,283,84,312,12,691,0,0,0,691
02/20/2009,SAT,TX,ASW,CE,Combined TRACON& Tower with Radar,272,66,113,11,462,0,25,171,1,197,272,91,284,12,659,0,0,0,659
02/21/2009,SAT,TX,ASW,CE,Combined TRACON& Tower with Radar,202,21,77,5,305,0,26,71,1,98,202,47,148,6,403,0,0,0,403
02/22/2009,SAT,TX,ASW,CE,Combined TRACON& Tower with Radar,247,15,58,9,329,0,22,161,3,186,247,37,219,12,515,0,0,0,515
02/23/2009,SAT,TX,ASW,CE,Combined TRACON& Tower with Radar,267,36,91,11,405,0,31,126,1,158,267,67,217,12,563,0,0,0,563
02/24/2009,SAT,TX,ASW,CE,Combined TRACON& Tower with Radar,273,37,113,8,431,0,27,151,7,185,273,64,264,15,616,0,0,0,616
02/25/2009,SAT,TX,ASW,CE,Combined TRACON& Tower with Radar,270,47,139,15,471,0,30,114,1,145,270,77,253,16,616,0,0,0,616
02/26/2009,SAT,TX,ASW,CE,Combined TRACON& Tower with Radar,272,61,128,9,470,0,12,100,2,114,272,73,228,11,584,0,0,0,584
02/27/2009,SAT,TX,ASW,CE,Combined TRACON& Tower with Radar,283,70,133,20,506,0,10,127,1,138,283,80,260,21,644,0,0,0,644
02/28/2009,SAT,TX,ASW,CE,Combined TRACON& Tower with Radar,207,20,36,14,277,0,2,43,0,45,207,22,79,14,322,0,0,0,322
03/01/2009,SAT,TX,ASW,CE,Combined TRACON& Tower with Radar,232,12,45,18,307,0,18,122,4,144,232,30,167,22,451,0,0,0,451
03/02/2009,SAT,TX,ASW,CE,Combined TRACON& Tower with Radar,250,45,65,2,362,0,20,144,4,168,250,65,209,6,530,0,0,0,530
03/03/2009,SAT,TX,ASW,CE,Combined TRACON& Tower with Radar,273,35,84,1,393,0,20,151,5,176,273,55,235,6,569,0,0,0,569
03/04/2009,SAT,TX,ASW,CE,Combined TRACON& Tower with Radar,273,47,100,5,425,0,20,118,3,141,273,67,218,8,566,0,0,0,566
03/05/2009,SAT,TX,ASW,CE,Combined TRACON& Tower with Radar,291,42,98,8,439,0,17,144,1,162,291,59,242,9,601,0,0,0,601
03/06/2009,SAT,TX,ASW,CE,Combined TRACON& Tower with Radar,275,52,144,6,477,0,12,118,2,132,275,64,262,8,609,0,0,0,609
03/07/2009,SAT,TX,ASW,CE,Combined TRACON& Tower with Radar,217,20,92,11,340,0,7,66,3,76,217,27,158,14,416,0,0,0,416
03/08/2009,SAT,TX,ASW,CE,Combined TRACON& Tower with Radar,248,24,79,7,358,0,9,72,1,82,248,33,151,8,440,0,0,0,440
03/09/2009,SAT,TX,ASW,CE,Combined TRACON& Tower with Radar,266,38,101,5,410,0,11,63,0,74,266,49,164,5,484,0,0,0,484
03/10/2009,SAT,TX,ASW,CE,Combined TRACON& Tower with Radar,275,43,126,7,451,0,15,70,0,85,275,58,196,7,536,0,0,0,536
03/11/2009,SAT,TX,ASW,CE,Combined TRACON& Tower with Radar,278,42,96,1,417,0,0,10,0,10,278,42,106,1,427,0,0,0,427
03/12/2009,SAT,TX,ASW,CE,Combined TRACON& Tower with Radar,284,42,85,7,418,0,0,5,0,5,284,42,90,7,423,0,0,0,423
03/13/2009,SAT,TX,ASW,CE,Combined TRACON& Tower with Radar,283,54,104,6,447,0,0,2,0,2,283,54,106,6,449,0,0,0,449
03/14/2009,SAT,TX,ASW,CE,Combined TRACON& Tower with Radar,226,25,90,1,342,0,9,33,2,44,226,34,123,3,386,0,0,0,386
03/15/2009,SAT,TX,ASW,CE,Combined TRACON& Tower with Radar,251,32,84,1,368,0,13,45,0,58,251,45,129,1,426,0,0,0,426
03/16/2009,SAT,TX,ASW,CE,Combined TRACON& Tower with Radar,275,47,120,9,451,0,22,143,6,171,275,69,263,15,622,0,0,0,622
03/17/2009,SAT,TX,ASW,CE,Combined TRACON& Tower with Radar,290,57,134,10,491,0,27,161,0,188,290,84,295,10,679,0,0,0,679
03/18/2009,SAT,TX,ASW,CE,Combined TRACON& Tower with Radar,307,64,159,13,543,0,15,152,1,168,307,79,311,14,711,0,0,0,711
03/19/2009,SAT,TX,ASW,CE,Combined TRACON& Tower with Radar,283,66,140,19,508,0,10,142,3,155,283,76,282,22,663,0,0,0,663
03/20/2009,SAT,TX,ASW,CE,Combined TRACON& Tower with Radar,289,54,139,11,493,0,24,151,0,175,289,78,290,11,668,0,0,0,668
03/21/2009,SAT,TX,ASW,CE,Combined TRACON& Tower with Radar,223,23,109,6,361,0,8,62,0,70,223,31,171,6,431,0,0,0,431
03/22/2009,SAT,TX,ASW,CE,Combined TRACON& Tower with Radar,252,42,122,15,431,0,6,45,5,56,252,48,167,20,487,0,0,0,487
03/23/2009,SAT,TX,ASW,CE,Combined TRACON& Tower with Radar,264,45,83,5,397,0,6,31,1,38,264,51,114,6,435,0,0,0,435
03/24/2009,SAT,TX,ASW,CE,Combined TRACON& Tower with Radar,284,58,142,12,496,0,10,62,0,72,284,68,204,12,568,0,0,0,568
03/25/2009,SAT,TX,ASW,CE,Combined TRACON& Tower with Radar,274,49,124,6,453,0,6,56,0,62,274,55,180,6,515,0,0,0,515
03/26/2009,SAT,TX,ASW,CE,Combined TRACON& Tower with Radar,285,43,131,1,460,0,11,68,0,79,285,54,199,1,539,0,0,0,539
03/27/2009,SAT,TX,ASW,CE,Combined TRACON& Tower with Radar,280,44,115,10,449,0,22,69,0,91,280,66,184,10,540,0,0,0,540
03/28/2009,SAT,TX,ASW,CE,Combined TRACON& Tower with Radar,223,37,116,2,378,0,24,97,2,123,223,61,213,4,501,0,0,0,501
03/29/2009,SAT,TX,ASW,CE,Combined TRACON& Tower with Radar,246,29,117,7,399,0,21,153,4,178,246,50,270,11,577,0,0,0,577
03/30/2009,SAT,TX,ASW,CE,Combined TRACON& Tower with Radar,271,43,139,9,462,0,13,100,0,113,271,56,239,9,575,0,0,0,575
03/31/2009,SAT,TX,ASW,CE,Combined TRACON& Tower with Radar,272,62,115,2,451,0,22,129,0,151,272,84,244,2,602,0,0,0,602
04/01/2009,SAT,TX,ASW,CE,Combined TRACON& Tower with Radar,277,39,113,8,437,0,10,128,0,138,277,49,241,8,575,0,0,0,575
04/02/2009,SAT,TX,ASW,CE,Combined TRACON& Tower with Radar,280,47,113,3,443,0,6,43,6,55,280,53,156,9,498,0,0,0,498
04/03/2009,SAT,TX,ASW,CE,Combined TRACON& Tower with Radar,277,60,136,6,479,0,25,153,0,178,277,85,289,6,657,0,0,0,657
04/04/2009,SAT,TX,ASW,CE,Combined TRACON& Tower with Radar,219,39,110,0,368,0,10,94,0,104,219,49,204,0,472,0,0,0,472
04/05/2009,SAT,TX,ASW,CE,Combined TRACON& Tower with Radar,249,38,83,11,381,0,10,29,2,41,249,48,112,13,422,0,0,0,422
04/06/2009,SAT,TX,ASW,CE,Combined TRACON& Tower with Radar,261,46,121,2,430,0,14,119,3,136,261,60,240,5,566,0,0,0,566
04/07/2009,SAT,TX,ASW,CE,Combined TRACON& Tower with Radar,270,53,133,4,460,0,15,202,4,221,270,68,335,8,681,0,0,0,681
04/08/2009,SAT,TX,ASW,CE,Combined TRACON& Tower with Radar,268,76,126,3,473,0,14,156,1,171,268,90,282,4,644,0,0,0,644
04/09/2009,SAT,TX,ASW,CE,Combined TRACON& Tower with Radar,278,56,155,7,496,0,2,102,2,106,278,58,257,9,602,0,0,0,602
04/10/2009,SAT,TX,ASW,CE,Combined TRACON& Tower with Radar,274,60,119,8,461,0,7,90,1,98,274,67,209,9,559,0,0,0,559
04/11/2009,SAT,TX,ASW,CE,Combined TRACON& Tower with Radar,217,25,72,4,318,0,5,34,1,40,217,30,106,5,358,0,0,0,358
04/12/2009,SAT,TX,ASW,CE,Combined TRACON& Tower with Radar,253,39,57,10,359,0,3,22,4,29,253,42,79,14,388,0,0,0,388
04/13/2009,SAT,TX,ASW,CE,Combined TRACON& Tower with Radar,271,57,150,4,482,0,20,108,2,130,271,77,258,6,612,0,0,0,612
04/14/2009,SAT,TX,ASW,CE,Combined TRACON& Tower with Radar,277,51,128,12,468,0,21,171,3,195,277,72,299,15,663,0,0,0,663
04/15/2009,SAT,TX,ASW,CE,Combined TRACON& Tower with Radar,273,49,153,7,482,0,23,128,4,155,273,72,281,11,637,0,0,0,637
04/16/2009,SAT,TX,ASW,CE,Combined TRACON& Tower with Radar,272,54,138,24,488,0,0,6,0,6,272,54,144,24,494,0,0,0,494
04/17/2009,SAT,TX,ASW,CE,Combined TRACON& Tower with Radar,294,63,102,4,463,0,0,4,3,7,294,63,106,7,470,0,0,0,470
04/18/2009,SAT,TX,ASW,CE,Combined TRACON& Tower with Radar,265,14,67,2,348,0,1,29,2,32,265,15,96,4,380,0,0,0,380
04/19/2009,SAT,TX,ASW,CE,Combined TRACON& Tower with Radar,249,37,103,13,402,0,20,93,2,115,249,57,196,15,517,0,0,0,517
04/20/2009,SAT,TX,ASW,CE,Combined TRACON& Tower with Radar,265,33,110,6,414,0,19,181,3,203,265,52,291,9,617,0,0,0,617
04/21/2009,SAT,TX,ASW,CE,Combined TRACON& Tower with Radar,282,42,140,12,476,0,30,151,1,182,282,72,291,13,658,0,0,0,658
04/22/2009,SAT,TX,ASW,CE,Combined TRACON& Tower with Radar,275,43,193,5,516,0,10,155,1,166,275,53,348,6,682,0,0,0,682
04/23/2009,SAT,TX,ASW,CE,Combined TRACON& Tower with Radar,277,52,160,16,505,0,13,117,0,130,277,65,277,16,635,0,0,0,635
04/24/2009,SAT,TX,ASW,CE,Combined TRACON& Tower with Radar,295,47,115,5,462,0,1,39,2,42,295,48,154,7,504,0,0,0,504
04/25/2009,SAT,TX,ASW,CE,Combined TRACON& Tower with Radar,226,27,79,11,343,0,2,56,1,59,226,29,135,12,402,0,0,0,402
04/26/2009,SAT,TX,ASW,CE,Combined TRACON& Tower with Radar,243,36,92,12,383,0,6,18,2,26,243,42,110,14,409,0,0,0,409
04/27/2009,SAT,TX,ASW,CE,Combined TRACON& Tower with Radar,290,39,88,1,418,0,2,29,0,31,290,41,117,1,449,0,0,0,449
04/28/2009,SAT,TX,ASW,CE,Combined TRACON& Tower with Radar,275,64,131,13,483,0,10,66,2,78,275,74,197,15,561,0,0,0,561
04/29/2009,SAT,TX,ASW,CE,Combined TRACON& Tower with Radar,276,52,114,12,454,0,18,51,1,70,276,70,165,13,524,0,0,0,524
04/30/2009,SAT,TX,ASW,CE,Combined TRACON& Tower with Radar,278,61,164,19,522,0,31,143,0,174,278,92,307,19,696,0,0,0,696
05/01/2009,SAT,TX,ASW,CE,Combined TRACON& Tower with Radar,275,65,135,16,491,0,13,112,3,128,275,78,247,19,619,0,0,0,619
05/02/2009,SAT,TX,ASW,CE,Combined TRACON& Tower with Radar,231,21,77,11,340,1,10,76,6,93,232,31,153,17,433,0,0,0,433
05/03/2009,SAT,TX,ASW,CE,Combined TRACON& Tower with Radar,244,30,97,12,383,0,14,78,4,96,244,44,175,16,479,0,0,0,479
05/04/2009,SAT,TX,ASW,CE,Combined TRACON& Tower with Radar,266,42,114,2,424,0,11,114,4,129,266,53,228,6,553,0,0,0,553
05/05/2009,SAT,TX,ASW,CE,Combined TRACON& Tower with Radar,270,58,141,15,484,0,19,85,0,104,270,77,226,15,588,0,0,0,588
05/06/2009,SAT,TX,ASW,CE,Combined TRACON& Tower with Radar,271,61,128,11,471,0,28,142,0,170,271,89,270,11,641,0,0,0,641
05/07/2009,SAT,TX,ASW,CE,Combined TRACON& Tower with Radar,273,49,132,5,459,0,18,94,2,114,273,67,226,7,573,0,0,0,573
05/08/2009,SAT,TX,ASW,CE,Combined TRACON& Tower with Radar,275,57,113,14,459,0,17,141,2,160,275,74,254,16,619,0,0,0,619
05/09/2009,SAT,TX,ASW,CE,Combined TRACON& Tower with Radar,217,32,64,3,316,0,27,132,0,159,217,59,196,3,475,0,0,0,475
05/10/2009,SAT,TX,ASW,CE,Combined TRACON& Tower with Radar,243,26,53,14,336,0,10,90,5,105,243,36,143,19,441,0,0,0,441
05/11/2009,SAT,TX,ASW,CE,Combined TRACON& Tower with Radar,258,52,121,17,448,0,23,114,3,140,258,75,235,20,588,0,0,0,588
05/12/2009,SAT,TX,ASW,CE,Combined TRACON& Tower with Radar,275,60,112,9,456,0,15,103,2,120,275,75,215,11,576,0,0,0,576
05/13/2009,SAT,TX,ASW,CE,Combined TRACON& Tower with Radar,264,48,135,12,459,0,18,127,2,147,264,66,262,14,606,0,0,0,606
05/14/2009,SAT,TX,ASW,CE,Combined TRACON& Tower with Radar,282,63,145,6,496,0,21,95,0,116,282,84,240,6,612,0,0,0,612
05/15/2009,SAT,TX,ASW,CE,Combined TRACON& Tower with Radar,164,26,95,6,291,0,11,52,1,64,164,37,147,7,355,0,0,0,355
05/16/2009,SAT,TX,ASW,CE,Combined TRACON& Tower with Radar,219,19,65,0,303,0,3,16,1,20,219,22,81,1,323,0,0,0,323
05/17/2009,SAT,TX,ASW,CE,Combined TRACON& Tower with Radar,243,31,86,10,370,0,21,82,7,110,243,52,168,17,480,0,0,0,480
05/18/2009,SAT,TX,ASW,CE,Combined TRACON& Tower with Radar,258,35,92,15,400,0,23,164,3,190,258,58,256,18,590,0,0,0,590
05/19/2009,SAT,TX,ASW,CE,Combined TRACON& Tower with Radar,270,38,81,19,408,0,38,205,2,245,270,76,286,21,653,0,0,0,653
05/20/2009,SAT,TX,ASW,CE,Combined TRACON& Tower with Radar,234,36,89,1,360,0,42,172,3,217,234,78,261,4,577,0,0,0,577
05/21/2009,SAT,TX,ASW,CE,Combined TRACON& Tower with Radar,242,44,106,8,400,0,29,177,3,209,242,73,283,11,609,0,0,0,609
05/22/2009,SAT,TX,ASW,CE,Combined TRACON& Tower with Radar,275,53,85,10,423,0,26,94,0,120,275,79,179,10,543,0,0,0,543
05/23/2009,SAT,TX,ASW,CE,Combined TRACON& Tower with Radar,222,26,40,4,292,0,25,69,1,95,222,51,109,5,387,0,0,0,387
05/24/2009,SAT,TX,ASW,CE,Combined TRACON& Tower with Radar,206,12,39,1,258,0,9,72,1,82,206,21,111,2,340,0,0,0,340
05/25/2009,SAT,TX,ASW,CE,Combined TRACON& Tower with Radar,225,15,74,11,325,0,22,155,4,181,225,37,229,15,506,0,0,0,506
05/26/2009,SAT,TX,ASW,CE,Combined TRACON& Tower with Radar,246,41,96,17,400,0,33,133,0,166,246,74,229,17,566,0,0,0,566
05/27/2009,SAT,TX,ASW,CE,Combined TRACON& Tower with Radar,272,47,118,4,441,0,25,98,4,127,272,72,216,8,568,0,0,0,568
05/28/2009,SAT,TX,ASW,CE,Combined TRACON& Tower with Radar,248,40,100,6,394,0,35,168,3,206,248,75,268,9,600,0,0,0,600
05/29/2009,SAT,TX,ASW,CE,Combined TRACON& Tower with Radar,271,60,83,14,428,0,34,170,2,206,271,94,253,16,634,0,0,0,634
05/30/2009,SAT,TX,ASW,CE,Combined TRACON& Tower with Radar,229,18,44,8,299,0,23,132,2,157,229,41,176,10,456,0,0,0,456
05/31/2009,SAT,TX,ASW,CE,Combined TRACON& Tower with Radar,232,17,58,15,322,0,13,111,9,133,232,30,169,24,455,0,0,0,455
06/01/2009,SAT,TX,ASW,CE,Combined TRACON& Tower with Radar,258,45,92,10,405,0,16,111,3,130,258,61,203,13,535,0,0,0,535
06/02/2009,SAT,TX,ASW,CE,Combined TRACON& Tower with Radar,275,38,138,7,458,0,21,114,1,136,275,59,252,8,594,0,0,0,594
06/03/2009,SAT,TX,ASW,CE,Combined TRACON& Tower with Radar,259,46,87,2,394,0,17,140,0,157,259,63,227,2,551,0,0,0,551
06/04/2009,SAT,TX,ASW,CE,Combined TRACON& Tower with Radar,260,38,108,22,428,0,40,162,3,205,260,78,270,25,633,0,0,0,633
06/05/2009,SAT,TX,ASW,CE,Combined TRACON& Tower with Radar,275,43,95,11,424,0,46,201,0,247,275,89,296,11,671,0,0,0,671
06/06/2009,SAT,TX,ASW,CE,Combined TRACON& Tower with Radar,227,14,54,3,298,0,22,148,0,170,227,36,202,3,468,0,0,0,468
06/07/2009,SAT,TX,ASW,CE,Combined TRACON& Tower with Radar,228,19,68,7,322,0,11,90,1,102,228,30,158,8,424,0,0,0,424
06/08/2009,SAT,TX,ASW,CE,Combined TRACON& Tower with Radar,250,34,98,11,393,0,23,106,2,131,250,57,204,13,524,0,0,0,524
06/09/2009,SAT,TX,ASW,CE,Combined TRACON& Tower with Radar,236,49,91,9,385,0,20,119,2,141,236,69,210,11,526,0,0,0,526
06/10/2009,SAT,TX,ASW,CE,Combined TRACON& Tower with Radar,260,40,121,9,430,0,24,113,0,137,260,64,234,9,567,0,0,0,567
06/11/2009,SAT,TX,ASW,CE,Combined TRACON& Tower with Radar,242,52,123,2,419,1,23,91,0,115,243,75,214,2,534,0,0,0,534
06/12/2009,SAT,TX,ASW,CE,Combined TRACON& Tower with Radar,282,38,99,7,426,0,37,103,5,145,282,75,202,12,571,0,0,0,571
06/13/2009,SAT,TX,ASW,CE,Combined TRACON& Tower with Radar,228,16,49,3,296,0,33,142,3,178,228,49,191,6,474,0,0,0,474
06/14/2009,SAT,TX,ASW,CE,Combined TRACON& Tower with Radar,242,24,55,3,324,0,18,141,2,161,242,42,196,5,485,0,0,0,485
06/15/2009,SAT,TX,ASW,CE,Combined TRACON& Tower with Radar,261,35,76,3,375,0,31,107,0,138,261,66,183,3,513,0,0,0,513
06/16/2009,SAT,TX,ASW,CE,Combined TRACON& Tower with Radar,258,54,121,6,439,0,20,112,4,136,258,74,233,10,575,0,0,0,575
06/17/2009,SAT,TX,ASW,CE,Combined TRACON& Tower with Radar,274,39,118,14,445,0,29,109,1,139,274,68,227,15,584,0,0,0,584
06/18/2009,SAT,TX,ASW,CE,Combined TRACON& Tower with Radar,253,36,122,11,422,0,15,75,2,92,253,51,197,13,514,0,0,0,514
06/19/2009,SAT,TX,ASW,CE,Combined TRACON& Tower with Radar,270,42,116,17,445,0,39,130,7,176,270,81,246,24,621,0,0,0,621
06/20/2009,SAT,TX,ASW,CE,Combined TRACON& Tower with Radar,228,29,67,16,340,0,28,97,0,125,228,57,164,16,465,0,0,0,465
06/21/2009,SAT,TX,ASW,CE,Combined TRACON& Tower with Radar,228,21,59,6,314,0,20,76,2,98,228,41,135,8,412,0,0,0,412
06/22/2009,SAT,TX,ASW,CE,Combined TRACON& Tower with Radar,241,38,83,9,371,0,33,149,0,182,241,71,232,9,553,0,0,0,553
06/23/2009,SAT,TX,ASW,CE,Combined TRACON& Tower with Radar,253,44,82,5,384,0,31,135,3,169,253,75,217,8,553,0,0,0,553
06/24/2009,SAT,TX,ASW,CE,Combined TRACON& Tower with Radar,256,52,105,11,424,0,36,147,0,183,256,88,252,11,607,0,0,0,607
06/25/2009,SAT,TX,ASW,CE,Combined TRACON& Tower with Radar,254,68,103,7,432,0,28,130,4,162,254,96,233,11,594,0,0,0,594
06/26/2009,SAT,TX,ASW,CE,Combined TRACON& Tower with Radar,246,50,79,15,390,0,36,138,1,175,246,86,217,16,565,0,0,0,565
06/27/2009,SAT,TX,ASW,CE,Combined TRACON& Tower with Radar,230,17,58,7,312,0,31,121,4,156,230,48,179,11,468,0,0,0,468
06/28/2009,SAT,TX,ASW,CE,Combined TRACON& Tower with Radar,242,20,82,19,363,0,15,92,3,110,242,35,174,22,473,0,0,0,473
06/29/2009,SAT,TX,ASW,CE,Combined TRACON& Tower with Radar,244,44,79,9,376,0,26,127,1,154,244,70,206,10,530,0,0,0,530
06/30/2009,SAT,TX,ASW,CE,Combined TRACON& Tower with Radar,256,36,89,4,385,0,24,132,3,159,256,60,221,7,544,0,0,0,544
07/01/2009,SAT,TX,ASW,CE,Combined TRACON& Tower with Radar,250,39,87,10,386,0,23,114,2,139,250,62,201,12,525,0,0,0,525
07/02/2009,SAT,TX,ASW,CE,Combined TRACON& Tower with Radar,257,28,79,21,385,0,39,176,9,224,257,67,255,30,609,0,0,0,609
07/03/2009,SAT,TX,ASW,CE,Combined TRACON& Tower with Radar,254,28,58,0,340,0,16,134,0,150,254,44,192,0,490,0,0,0,490
07/04/2009,SAT,TX,ASW,CE,Combined TRACON& Tower with Radar,180,22,17,6,225,0,5,27,1,33,180,27,44,7,258,0,0,0,258
07/05/2009,SAT,TX,ASW,CE,Combined TRACON& Tower with Radar,250,22,58,8,338,0,19,91,2,112,250,41,149,10,450,0,0,0,450
07/06/2009,SAT,TX,ASW,CE,Combined TRACON& Tower with Radar,261,38,79,0,378,0,24,69,0,93,261,62,148,0,471,0,0,0,471
07/07/2009,SAT,TX,ASW,CE,Combined TRACON& Tower with Radar,267,46,76,9,398,3,26,139,1,169,270,72,215,10,567,0,0,0,567
07/08/2009,SAT,TX,ASW,CE,Combined TRACON& Tower with Radar,259,36,110,12,417,2,21,132,2,157,261,57,242,14,574,0,0,0,574
07/09/2009,SAT,TX,ASW,CE,Combined TRACON& Tower with Radar,253,48,90,8,399,3,30,173,1,207,256,78,263,9,606,0,0,0,606
07/10/2009,SAT,TX,ASW,CE,Combined TRACON& Tower with Radar,280,39,101,7,427,2,26,176,5,209,282,65,277,12,636,0,0,0,636
07/11/2009,SAT,TX,ASW,CE,Combined TRACON& Tower with Radar,222,16,60,13,311,0,19,128,0,147,222,35,188,13,458,0,0,0,458
07/12/2009,SAT,TX,ASW,CE,Combined TRACON& Tower with Radar,239,31,58,6,334,0,18,110,3,131,239,49,168,9,465,0,0,0,465
07/13/2009,SAT,TX,ASW,CE,Combined TRACON& Tower with Radar,265,21,67,7,360,1,29,168,0,198,266,50,235,7,558,0,0,0,558
07/14/2009,SAT,TX,ASW,CE,Combined TRACON& Tower with Radar,268,45,99,3,415,1,21,205,0,227,269,66,304,3,642,0,0,0,642
07/15/2009,SAT,TX,ASW,CE,Combined TRACON& Tower with Radar,270,42,108,0,420,1,24,155,2,182,271,66,263,2,602,0,0,0,602
07/16/2009,SAT,TX,ASW,CE,Combined TRACON& Tower with Radar,279,44,62,5,390,4,29,147,1,181,283,73,209,6,571,0,0,0,571
07/17/2009,SAT,TX,ASW,CE,Combined TRACON& Tower with Radar,269,47,86,16,418,1,24,131,3,159,270,71,217,19,577,0,0,0,577
07/18/2009,SAT,TX,ASW,CE,Combined TRACON& Tower with Radar,233,10,54,11,308,0,17,124,0,141,233,27,178,11,449,0,0,0,449
07/19/2009,SAT,TX,ASW,CE,Combined TRACON& Tower with Radar,246,22,73,17,358,0,7,83,4,94,246,29,156,21,452,0,0,0,452
07/20/2009,SAT,TX,ASW,CE,Combined TRACON& Tower with Radar,257,45,84,2,388,2,11,71,0,84,259,56,155,2,472,0,0,0,472
07/21/2009,SAT,TX,ASW,CE,Combined TRACON& Tower with Radar,270,60,123,12,465,2,14,107,2,125,272,74,230,14,590,0,0,0,590
07/22/2009,SAT,TX,ASW,CE,Combined TRACON& Tower with Radar,270,55,99,12,436,2,16,145,0,163,272,71,244,12,599,0,0,0,599
07/23/2009,SAT,TX,ASW,CE,Combined TRACON& Tower with Radar,274,61,104,19,458,3,27,149,3,182,277,88,253,22,640,0,0,0,640
07/24/2009,SAT,TX,ASW,CE,Combined TRACON& Tower with Radar,278,43,97,8,426,0,22,156,6,184,278,65,253,14,610,0,0,0,610
07/25/2009,SAT,TX,ASW,CE,Combined TRACON& Tower with Radar,223,21,58,4,306,0,17,120,3,140,223,38,178,7,446,0,0,0,446
07/26/2009,SAT,TX,ASW,CE,Combined TRACON& Tower with Radar,248,31,82,3,364,0,9,96,3,108,248,40,178,6,472,0,0,0,472
07/27/2009,SAT,TX,ASW,CE,Combined TRACON& Tower with Radar,262,28,85,8,383,0,23,94,1,118,262,51,179,9,501,0,0,0,501
07/28/2009,SAT,TX,ASW,CE,Combined TRACON& Tower with Radar,276,54,108,17,455,2,20,137,1,160,278,74,245,18,615,0,0,0,615
07/29/2009,SAT,TX,ASW,CE,Combined TRACON& Tower with Radar,272,59,127,7,465,1,12,105,0,118,273,71,232,7,583,0,0,0,583
07/30/2009,SAT,TX,ASW,CE,Combined TRACON& Tower with Radar,276,59,96,2,433,5,13,64,2,84,281,72,160,4,517,0,0,0,517
07/31/2009,SAT,TX,ASW,CE,Combined TRACON& Tower with Radar,284,46,122,12,464,1,22,108,3,134,285,68,230,15,598,0,0,0,598
08/01/2009,SAT,TX,ASW,CE,Combined TRACON& Tower with Radar,239,32,59,6,336,0,9,95,2,106,239,41,154,8,442,0,0,0,442
08/02/2009,SAT,TX,ASW,CE,Combined TRACON& Tower with Radar,243,45,70,8,366,0,18,75,5,98,243,63,145,13,464,0,0,0,464
08/03/2009,SAT,TX,ASW,CE,Combined TRACON& Tower with Radar,263,34,73,8,378,0,16,105,0,121,263,50,178,8,499,0,0,0,499
08/04/2009,SAT,TX,ASW,CE,Combined TRACON& Tower with Radar,265,29,124,5,423,3,22,151,3,179,268,51,275,8,602,0,0,0,602
08/05/2009,SAT,TX,ASW,CE,Combined TRACON& Tower with Radar,267,49,84,1,401,5,31,145,3,184,272,80,229,4,585,0,0,0,585
08/06/2009,SAT,TX,ASW,CE,Combined TRACON& Tower with Radar,279,38,115,19,451,0,38,162,0,200,279,76,277,19,651,0,0,0,651
08/07/2009,SAT,TX,ASW,CE,Combined TRACON& Tower with Radar,268,31,84,9,392,2,14,193,0,209,270,45,277,9,601,0,0,0,601
08/08/2009,SAT,TX,ASW,CE,Combined TRACON& Tower with Radar,226,23,58,1,308,0,9,105,3,117,226,32,163,4,425,0,0,0,425
08/09/2009,SAT,TX,ASW,CE,Combined TRACON& Tower with Radar,243,10,84,2,339,0,2,96,1,99,243,12,180,3,438,0,0,0,438
08/10/2009,SAT,TX,ASW,CE,Combined TRACON& Tower with Radar,260,36,72,7,375,1,16,122,3,142,261,52,194,10,517,0,0,0,517
08/11/2009,SAT,TX,ASW,CE,Combined TRACON& Tower with Radar,273,44,96,2,415,0,24,132,0,156,273,68,228,2,571,0,0,0,571
08/12/2009,SAT,TX,ASW,CE,Combined TRACON& Tower with Radar,275,50,91,3,419,6,21,88,1,116,281,71,179,4,535,0,0,0,535
08/13/2009,SAT,TX,ASW,CE,Combined TRACON& Tower with Radar,283,48,101,20,452,1,32,103,1,137,284,80,204,21,589,0,0,0,589
08/14/2009,SAT,TX,ASW,CE,Combined TRACON& Tower with Radar,284,44,83,18,429,0,21,134,1,156,284,65,217,19,585,0,0,0,585
08/15/2009,SAT,TX,ASW,CE,Combined TRACON& Tower with Radar,222,22,66,4,314,0,11,102,2,115,222,33,168,6,429,0,0,0,429
08/16/2009,SAT,TX,ASW,CE,Combined TRACON& Tower with Radar,239,31,66,5,341,0,14,85,1,100,239,45,151,6,441,0,0,0,441
08/17/2009,SAT,TX,ASW,CE,Combined TRACON& Tower with Radar,257,40,85,13,395,1,15,134,4,154,258,55,219,17,549,0,0,0,549
08/18/2009,SAT,TX,ASW,CE,Combined TRACON& Tower with Radar,267,45,100,15,427,2,19,118,2,141,269,64,218,17,568,0,0,0,568
08/19/2009,SAT,TX,ASW,CE,Combined TRACON& Tower with Radar,268,49,81,12,410,2,28,134,5,169,270,77,215,17,579,0,0,0,579
08/20/2009,SAT,TX,ASW,CE,Combined TRACON& Tower with Radar,274,37,107,20,438,1,21,155,1,178,275,58,262,21,616,0,0,0,616
08/21/2009,SAT,TX,ASW,CE,Combined TRACON& Tower with Radar,292,54,110,8,464,0,11,149,1,161,292,65,259,9,625,0,0,0,625
08/22/2009,SAT,TX,ASW,CE,Combined TRACON& Tower with Radar,207,25,67,4,303,0,10,128,1,139,207,35,195,5,442,0,0,0,442
08/23/2009,SAT,TX,ASW,CE,Combined TRACON& Tower with Radar,239,25,80,6,350,0,19,103,0,122,239,44,183,6,472,0,0,0,472
08/24/2009,SAT,TX,ASW,CE,Combined TRACON& Tower with Radar,259,35,88,10,392,1,22,132,1,156,260,57,220,11,548,0,0,0,548
08/25/2009,SAT,TX,ASW,CE,Combined TRACON& Tower with Radar,272,37,77,8,394,1,28,131,0,160,273,65,208,8,554,0,0,0,554
08/26/2009,SAT,TX,ASW,CE,Combined TRACON& Tower with Radar,270,46,102,11,429,2,15,138,2,157,272,61,240,13,586,0,0,0,586
08/27/2009,SAT,TX,ASW,CE,Combined TRACON& Tower with Radar,278,43,111,6,438,2,28,139,2,171,280,71,250,8,609,0,0,0,609
08/28/2009,SAT,TX,ASW,CE,Combined TRACON& Tower with Radar,271,35,79,6,391,6,16,121,3,146,277,51,200,9,537,0,0,0,537
08/29/2009,SAT,TX,ASW,CE,Combined TRACON& Tower with Radar,200,17,45,0,262,0,16,124,0,140,200,33,169,0,402,0,0,0,402
08/30/2009,SAT,TX,ASW,CE,Combined TRACON& Tower with Radar,241,13,66,6,326,0,14,108,2,124,241,27,174,8,450,0,0,0,450
08/31/2009,SAT,TX,ASW,CE,Combined TRACON& Tower with Radar,262,29,89,7,387,2,17,136,1,156,264,46,225,8,543,0,0,0,543
09/01/2009,SAT,TX,ASW,CE,Combined TRACON& Tower with Radar,266,49,89,13,417,0,23,116,0,139,266,72,205,13,556,0,0,0,556
09/02/2009,SAT,TX,ASW,CE,Combined TRACON& Tower with Radar,269,43,105,11,428,0,12,141,0,153,269,55,246,11,581,0,0,0,581
09/03/2009,SAT,TX,ASW,CE,Combined TRACON& Tower with Radar,273,41,108,10,432,1,35,122,2,160,274,76,230,12,592,0,0,0,592
09/04/2009,SAT,TX,ASW,CE,Combined TRACON& Tower with Radar,271,59,101,10,441,1,18,121,1,141,272,77,222,11,582,0,0,0,582
09/05/2009,SAT,TX,ASW,CE,Combined TRACON& Tower with Radar,186,31,43,2,262,0,14,73,0,87,186,45,116,2,349,0,0,0,349
09/06/2009,SAT,TX,ASW,CE,Combined TRACON& Tower with Radar,172,23,33,3,231,0,16,83,2,101,172,39,116,5,332,0,0,0,332
09/07/2009,SAT,TX,ASW,CE,Combined TRACON& Tower with Radar,221,29,75,13,338,0,12,125,9,146,221,41,200,22,484,0,0,0,484
09/08/2009,SAT,TX,ASW,CE,Combined TRACON& Tower with Radar,257,42,92,8,399,2,11,104,1,118,259,53,196,9,517,0,0,0,517
09/09/2009,SAT,TX,ASW,CE,Combined TRACON& Tower with Radar,270,35,91,7,403,0,5,54,0,59,270,40,145,7,462,0,0,0,462
09/10/2009,SAT,TX,ASW,CE,Combined TRACON& Tower with Radar,283,50,105,8,446,0,6,25,0,31,283,56,130,8,477,0,0,0,477
09/11/2009,SAT,TX,ASW,CE,Combined TRACON& Tower with Radar,271,49,84,1,405,0,5,2,0,7,271,54,86,1,412,0,0,0,412
09/12/2009,SAT,TX,ASW,CE,Combined TRACON& Tower with Radar,190,28,73,8,299,0,4,14,0,18,190,32,87,8,317,0,0,0,317
09/13/2009,SAT,TX,ASW,CE,Combined TRACON& Tower with Radar,238,27,88,9,362,0,17,58,4,79,238,44,146,13,441,0,0,0,441
09/14/2009,SAT,TX,ASW,CE,Combined TRACON& Tower with Radar,254,56,84,13,407,0,15,134,2,151,254,71,218,15,558,0,0,0,558
09/15/2009,SAT,TX,ASW,CE,Combined TRACON& Tower with Radar,271,49,82,9,411,0,20,175,6,201,271,69,257,15,612,0,0,0,612
09/16/2009,SAT,TX,ASW,CE,Combined TRACON& Tower with Radar,262,46,105,14,427,3,14,138,3,158,265,60,243,17,585,0,0,0,585
09/17/2009,SAT,TX,ASW,CE,Combined TRACON& Tower with Radar,274,61,126,33,494,4,7,168,4,183,278,68,294,37,677,0,0,0,677
09/18/2009,SAT,TX,ASW,CE,Combined TRACON& Tower with Radar,268,48,115,11,442,3,15,159,2,179,271,63,274,13,621,0,0,0,621
09/19/2009,SAT,TX,ASW,CE,Combined TRACON& Tower with Radar,192,11,61,16,280,0,12,119,0,131,192,23,180,16,411,0,0,0,411
09/20/2009,SAT,TX,ASW,CE,Combined TRACON& Tower with Radar,232,18,73,15,338,0,10,99,3,112,232,28,172,18,450,0,0,0,450
09/21/2009,SAT,TX,ASW,CE,Combined TRACON& Tower with Radar,254,46,98,15,413,1,16,133,4,154,255,62,231,19,567,0,0,0,567
09/22/2009,SAT,TX,ASW,CE,Combined TRACON& Tower with Radar,281,50,73,8,412,0,5,13,0,18,281,55,86,8,430,0,0,0,430
09/23/2009,SAT,TX,ASW,CE,Combined TRACON& Tower with Radar,265,48,121,9,443,0,5,72,0,77,265,53,193,9,520,0,0,0,520
09/24/2009,SAT,TX,ASW,CE,Combined TRACON& Tower with Radar,275,58,108,18,459,3,7,56,1,67,278,65,164,19,526,0,0,0,526
09/25/2009,SAT,TX,ASW,CE,Combined TRACON& Tower with Radar,271,67,98,17,453,1,21,175,5,202,272,88,273,22,655,0,0,0,655
09/26/2009,SAT,TX,ASW,CE,Combined TRACON& Tower with Radar,196,27,56,5,284,0,7,135,4,146,196,34,191,9,430,0,0,0,430
09/27/2009,SAT,TX,ASW,CE,Combined TRACON& Tower with Radar,235,26,68,9,338,0,4,134,10,148,235,30,202,19,486,0,0,0,486
09/28/2009,SAT,TX,ASW,CE,Combined TRACON& Tower with Radar,259,37,89,5,390,0,20,118,1,139,259,57,207,6,529,0,0,0,529
09/29/2009,SAT,TX,ASW,CE,Combined TRACON& Tower with Radar,268,58,105,8,439,2,14,117,1,134,270,72,222,9,573,0,0,0,573
09/30/2009,SAT,TX,ASW,CE,Combined TRACON& Tower with Radar,269,58,132,9,468,1,9,116,0,126,270,67,248,9,594,0,0,0,594
10/01/2009,SAT,TX,ASW,CE,Combined TRACON& Tower with Radar,279,53,131,16,479,2,18,140,1,161,281,71,271,17,640,0,0,0,640
10/02/2009,SAT,TX,ASW,CE,Combined TRACON& Tower with Radar,278,57,109,8,452,0,31,158,3,192,278,88,267,11,644,0,0,0,644
10/03/2009,SAT,TX,ASW,CE,Combined TRACON& Tower with Radar,195,30,47,9,281,0,5,3,1,9,195,35,50,10,290,0,0,0,290
10/04/2009,SAT,TX,ASW,CE,Combined TRACON& Tower with Radar,239,34,67,8,348,0,9,23,2,34,239,43,90,10,382,0,0,0,382
10/05/2009,SAT,TX,ASW,CE,Combined TRACON& Tower with Radar,261,44,70,13,388,1,11,51,3,66,262,55,121,16,454,0,0,0,454
10/06/2009,SAT,TX,ASW,CE,Combined TRACON& Tower with Radar,265,45,148,11,469,2,15,99,5,121,267,60,247,16,590,0,0,0,590
10/07/2009,SAT,TX,ASW,CE,Combined TRACON& Tower with Radar,274,69,126,13,482,2,10,115,1,128,276,79,241,14,610,0,0,0,610
10/08/2009,SAT,TX,ASW,CE,Combined TRACON& Tower with Radar,280,55,116,21,472,2,10,48,1,61,282,65,164,22,533,0,0,0,533
10/09/2009,SAT,TX,ASW,CE,Combined TRACON& Tower with Radar,289,63,109,13,474,1,9,29,0,39,290,72,138,13,513,0,0,0,513
10/10/2009,SAT,TX,ASW,CE,Combined TRACON& Tower with Radar,213,29,123,5,370,0,7,29,0,36,213,36,152,5,406,0,0,0,406
10/11/2009,SAT,TX,ASW,CE,Combined TRACON& Tower with Radar,238,17,111,5,371,0,1,2,0,3,238,18,113,5,374,0,0,0,374
10/12/2009,SAT,TX,ASW,CE,Combined TRACON& Tower with Radar,268,57,108,9,442,0,2,6,1,9,268,59,114,10,451,0,0,0,451
10/13/2009,SAT,TX,ASW,CE,Combined TRACON& Tower with Radar,262,55,110,7,434,1,2,40,2,45,263,57,150,9,479,0,0,0,479
10/14/2009,SAT,TX,ASW,CE,Combined TRACON& Tower with Radar,271,56,119,12,458,2,12,147,3,164,273,68,266,15,622,0,0,0,622
10/15/2009,SAT,TX,ASW,CE,Combined TRACON& Tower with Radar,284,64,110,16,474,2,15,172,4,193,286,79,282,20,667,0,0,0,667
10/16/2009,SAT,TX,ASW,CE,Combined TRACON& Tower with Radar,274,43,117,13,447,2,12,131,4,149,276,55,248,17,596,0,0,0,596
10/17/2009,SAT,TX,ASW,CE,Combined TRACON& Tower with Radar,197,23,63,3,286,0,10,137,2,149,197,33,200,5,435,0,0,0,435
10/18/2009,SAT,TX,ASW,CE,Combined TRACON& Tower with Radar,239,29,84,7,359,0,9,154,1,164,239,38,238,8,523,0,0,0,523
10/19/2009,SAT,TX,ASW,CE,Combined TRACON& Tower with Radar,260,46,92,6,404,2,25,173,2,202,262,71,265,8,606,0,0,0,606
10/20/2009,SAT,TX,ASW,CE,Combined TRACON& Tower with Radar,263,40,112,8,423,2,7,165,1,175,265,47,277,9,598,0,0,0,598
10/21/2009,SAT,TX,ASW,CE,Combined TRACON& Tower with Radar,284,51,119,11,465,1,3,37,0,41,285,54,156,11,506,0,0,0,506
10/22/2009,SAT,TX,ASW,CE,Combined TRACON& Tower with Radar,280,61,94,19,454,3,12,140,8,163,283,73,234,27,617,0,0,0,617
10/23/2009,SAT,TX,ASW,CE,Combined TRACON& Tower with Radar,277,62,110,12,461,3,15,207,0,225,280,77,317,12,686,0,0,0,686
10/24/2009,SAT,TX,ASW,CE,Combined TRACON& Tower with Radar,204,34,59,2,299,0,8,165,4,177,204,42,224,6,476,0,0,0,476
10/25/2009,SAT,TX,ASW,CE,Combined TRACON& Tower with Radar,239,38,106,6,389,0,10,75,5,90,239,48,181,11,479,0,0,0,479
10/26/2009,SAT,TX,ASW,CE,Combined TRACON& Tower with Radar,273,38,100,5,416,0,4,5,0,9,273,42,105,5,425,0,0,0,425
10/27/2009,SAT,TX,ASW,CE,Combined TRACON& Tower with Radar,261,45,113,15,434,3,15,186,3,207,264,60,299,18,641,0,0,0,641
10/28/2009,SAT,TX,ASW,CE,Combined TRACON& Tower with Radar,275,47,139,12,473,2,14,51,0,67,277,61,190,12,540,0,0,0,540
10/29/2009,SAT,TX,ASW,CE,Combined TRACON& Tower with Radar,298,54,97,22,471,0,13,57,0,70,298,67,154,22,541,0,0,0,541
10/30/2009,SAT,TX,ASW,CE,Combined TRACON& Tower with Radar,282,50,102,16,450,0,21,172,0,193,282,71,274,16,643,0,0,0,643
10/31/2009,SAT,TX,ASW,CE,Combined TRACON& Tower with Radar,210,42,83,10,345,0,9,141,1,151,210,51,224,11,496,0,0,0,496
11/01/2009,SAT,TX,ASW,CE,Combined TRACON& Tower with Radar,241,23,76,3,343,0,0,148,0,148,241,23,224,3,491,0,0,0,491
11/02/2009,SAT,TX,ASW,CE,Combined TRACON& Tower with Radar,262,67,82,6,417,1,19,168,2,190,263,86,250,8,607,0,0,0,607
11/03/2009,SAT,TX,ASW,CE,Combined TRACON& Tower with Radar,265,65,101,16,447,3,17,181,5,206,268,82,282,21,653,0,0,0,653
11/04/2009,SAT,TX,ASW,CE,Combined TRACON& Tower with Radar,270,52,97,17,436,1,13,202,5,221,271,65,299,22,657,0,0,0,657
11/05/2009,SAT,TX,ASW,CE,Combined TRACON& Tower with Radar,274,49,118,10,451,2,19,187,11,219,276,68,305,21,670,0,0,0,670
11/06/2009,SAT,TX,ASW,CE,Combined TRACON& Tower with Radar,271,51,92,6,420,0,14,145,0,159,271,65,237,6,579,0,0,0,579
11/07/2009,SAT,TX,ASW,CE,Combined TRACON& Tower with Radar,200,21,43,9,273,0,3,65,5,73,200,24,108,14,346,0,0,0,346
11/08/2009,SAT,TX,ASW,CE,Combined TRACON& Tower with Radar,238,32,97,5,372,0,0,7,1,8,238,32,104,6,380,0,0,0,380
11/09/2009,SAT,TX,ASW,CE,Combined TRACON& Tower with Radar,254,37,124,7,422,3,10,90,2,105,257,47,214,9,527,0,0,0,527
11/10/2009,SAT,TX,ASW,CE,Combined TRACON& Tower with Radar,260,49,87,9,405,2,7,121,4,134,262,56,208,13,539,0,0,0,539
11/11/2009,SAT,TX,ASW,CE,Combined TRACON& Tower with Radar,271,49,105,5,430,0,13,142,4,159,271,62,247,9,589,0,0,0,589
11/12/2009,SAT,TX,ASW,CE,Combined TRACON& Tower with Radar,273,40,114,7,434,2,15,146,1,164,275,55,260,8,598,0,0,0,598
11/13/2009,SAT,TX,ASW,CE,Combined TRACON& Tower with Radar,269,64,131,13,477,6,11,149,2,168,275,75,280,15,645,0,0,0,645
11/14/2009,SAT,TX,ASW,CE,Combined TRACON& Tower with Radar,209,24,70,6,309,0,11,105,0,116,209,35,175,6,425,0,0,0,425
11/15/2009,SAT,TX,ASW,CE,Combined TRACON& Tower with Radar,236,31,81,13,361,3,2,43,0,48,239,33,124,13,409,0,0,0,409
11/16/2009,SAT,TX,ASW,CE,Combined TRACON& Tower with Radar,260,46,119,15,440,3,8,115,4,130,263,54,234,19,570,0,0,0,570
11/17/2009,SAT,TX,ASW,CE,Combined TRACON& Tower with Radar,271,50,111,9,441,3,15,147,1,166,274,65,258,10,607,0,0,0,607
11/18/2009,SAT,TX,ASW,CE,Combined TRACON& Tower with Radar,265,39,102,3,409,3,11,139,4,157,268,50,241,7,566,0,0,0,566
11/19/2009,SAT,TX,ASW,CE,Combined TRACON& Tower with Radar,277,50,127,1,455,3,8,104,2,117,280,58,231,3,572,0,0,0,572
11/20/2009,SAT,TX,ASW,CE,Combined TRACON& Tower with Radar,273,58,75,13,419,1,2,5,0,8,274,60,80,13,427,0,0,0,427
11/21/2009,SAT,TX,ASW,CE,Combined TRACON& Tower with Radar,205,27,90,1,323,0,11,74,2,87,205,38,164,3,410,0,0,0,410
11/22/2009,SAT,TX,ASW,CE,Combined TRACON& Tower with Radar,241,22,65,17,345,1,4,81,4,90,242,26,146,21,435,0,0,0,435
11/23/2009,SAT,TX,ASW,CE,Combined TRACON& Tower with Radar,264,39,126,4,433,2,16,98,2,118,266,55,224,6,551,0,0,0,551
11/24/2009,SAT,TX,ASW,CE,Combined TRACON& Tower with Radar,279,65,79,11,434,2,15,116,4,137,281,80,195,15,571,0,0,0,571
11/25/2009,SAT,TX,ASW,CE,Combined TRACON& Tower with Radar,276,43,111,1,431,0,8,153,0,161,276,51,264,1,592,0,0,0,592
11/26/2009,SAT,TX,ASW,CE,Combined TRACON& Tower with Radar,153,15,27,2,197,0,5,61,2,68,153,20,88,4,265,0,0,0,265
11/27/2009,SAT,TX,ASW,CE,Combined TRACON& Tower with Radar,215,38,59,1,313,0,7,104,5,116,215,45,163,6,429,0,0,0,429
11/28/2009,SAT,TX,ASW,CE,Combined TRACON& Tower with Radar,230,23,78,3,334,0,3,61,2,66,230,26,139,5,400,0,0,0,400
11/29/2009,SAT,TX,ASW,CE,Combined TRACON& Tower with Radar,260,39,105,8,412,0,3,15,0,18,260,42,120,8,430,0,0,0,430
11/30/2009,SAT,TX,ASW,CE,Combined TRACON& Tower with Radar,271,32,70,0,373,1,9,42,3,55,272,41,112,3,428,0,0,0,428
12/01/2009,SAT,TX,ASW,CE,Combined TRACON& Tower with Radar,276,54,85,3,418,1,0,5,0,6,277,54,90,3,424,0,0,0,424
12/02/2009,SAT,TX,ASW,CE,Combined TRACON& Tower with Radar,276,57,126,9,468,1,4,77,3,85,277,61,203,12,553,0,0,0,553
12/03/2009,SAT,TX,ASW,CE,Combined TRACON& Tower with Radar,281,61,109,21,472,5,7,135,0,147,286,68,244,21,619,0,0,0,619
12/04/2009,SAT,TX,ASW,CE,Combined TRACON& Tower with Radar,269,55,83,6,413,1,5,38,0,44,270,60,121,6,457,0,0,0,457
12/05/2009,SAT,TX,ASW,CE,Combined TRACON& Tower with Radar,199,23,49,11,282,0,11,110,3,124,199,34,159,14,406,0,0,0,406
12/06/2009,SAT,TX,ASW,CE,Combined TRACON& Tower with Radar,241,20,73,0,334,0,2,13,0,15,241,22,86,0,349,0,0,0,349
12/07/2009,SAT,TX,ASW,CE,Combined TRACON& Tower with Radar,256,37,87,1,381,3,0,2,0,5,259,37,89,1,386,0,0,0,386
12/08/2009,SAT,TX,ASW,CE,Combined TRACON& Tower with Radar,267,48,101,18,434,1,3,12,0,16,268,51,113,18,450,0,0,0,450
12/09/2009,SAT,TX,ASW,CE,Combined TRACON& Tower with Radar,281,56,90,4,431,3,7,155,9,174,284,63,245,13,605,0,0,0,605
12/10/2009,SAT,TX,ASW,CE,Combined TRACON& Tower with Radar,276,55,124,11,466,4,18,135,2,159,280,73,259,13,625,0,0,0,625
12/11/2009,SAT,TX,ASW,CE,Combined TRACON& Tower with Radar,275,59,102,4,440,3,2,12,2,19,278,61,114,6,459,0,0,0,459
12/12/2009,SAT,TX,ASW,CE,Combined TRACON& Tower with Radar,206,33,57,21,317,0,0,0,0,0,206,33,57,21,317,0,0,0,317
12/13/2009,SAT,TX,ASW,CE,Combined TRACON& Tower with Radar,240,33,72,14,359,0,5,116,7,128,240,38,188,21,487,0,0,0,487
12/14/2009,SAT,TX,ASW,CE,Combined TRACON& Tower with Radar,261,41,91,5,398,2,2,3,1,8,263,43,94,6,406,0,0,0,406
12/15/2009,SAT,TX,ASW,CE,Combined TRACON& Tower with Radar,272,51,138,23,484,0,10,70,7,87,272,61,208,30,571,0,0,0,571
12/16/2009,SAT,TX,ASW,CE,Combined TRACON& Tower with Radar,276,56,149,18,499,3,9,95,2,109,279,65,244,20,608,0,0,0,608
12/17/2009,SAT,TX,ASW,CE,Combined TRACON& Tower with Radar,277,46,162,15,500,4,1,21,2,28,281,47,183,17,528,0,0,0,528
12/18/2009,SAT,TX,ASW,CE,Combined TRACON& Tower with Radar,277,49,108,19,453,2,4,141,7,154,279,53,249,26,607,0,0,0,607
12/19/2009,SAT,TX,ASW,CE,Combined TRACON& Tower with Radar,206,27,71,6,310,0,8,154,12,174,206,35,225,18,484,0,0,0,484
12/20/2009,SAT,TX,ASW,CE,Combined TRACON& Tower with Radar,242,20,62,10,334,0,0,107,9,116,242,20,169,19,450,0,0,0,450
12/21/2009,SAT,TX,ASW,CE,Combined TRACON& Tower with Radar,258,46,83,5,392,3,18,139,6,166,261,64,222,11,558,0,0,0,558
12/22/2009,SAT,TX,ASW,CE,Combined TRACON& Tower with Radar,279,54,109,12,454,6,6,41,2,55,285,60,150,14,509,0,0,0,509
12/23/2009,SAT,TX,ASW,CE,Combined TRACON& Tower with Radar,266,53,129,3,451,0,7,54,2,63,266,60,183,5,514,0,0,0,514
12/24/2009,SAT,TX,ASW,CE,Combined TRACON& Tower with Radar,242,38,18,0,298,0,8,18,2,28,242,46,36,2,326,0,0,0,326
12/25/2009,SAT,TX,ASW,CE,Combined TRACON& Tower with Radar,188,17,25,0,230,0,3,31,4,38,188,20,56,4,268,0,0,0,268
12/26/2009,SAT,TX,ASW,CE,Combined TRACON& Tower with Radar,220,63,97,0,380,0,5,93,6,104,220,68,190,6,484,0,0,0,484
12/27/2009,SAT,TX,ASW,CE,Combined TRACON& Tower with Radar,248,34,58,0,340,0,3,125,2,130,248,37,183,2,470,0,0,0,470
12/28/2009,SAT,TX,ASW,CE,Combined TRACON& Tower with Radar,267,46,73,4,390,0,12,137,1,150,267,58,210,5,540,0,0,0,540
12/29/2009,SAT,TX,ASW,CE,Combined TRACON& Tower with Radar,265,41,57,3,366,0,2,4,0,6,265,43,61,3,372,0,0,0,372
12/30/2009,SAT,TX,ASW,CE,Combined TRACON& Tower with Radar,281,52,100,2,435,0,12,97,2,111,281,64,197,4,546,0,0,0,546
12/31/2009,SAT,TX,ASW,CE,Combined TRACON& Tower with Radar,217,35,74,1,327,1,8,78,6,93,218,43,152,7,420,0,0,0,420
01/01/2010,SAT,TX,ASW,CE,Combined TRACON& Tower with Radar,202,13,61,0,276,0,4,55,2,61,202,17,116,2,337,0,0,0,337
01/02/2010,SAT,TX,ASW,CE,Combined TRACON& Tower with Radar,218,23,90,1,332,0,6,117,3,126,218,29,207,4,458,0,0,0,458
01/03/2010,SAT,TX,ASW,CE,Combined TRACON& Tower with Radar,254,33,138,5,430,0,0,38,2,40,254,33,176,7,470,0,0,0,470
01/04/2010,SAT,TX,ASW,CE,Combined TRACON& Tower with Radar,267,47,108,4,426,0,11,122,9,142,267,58,230,13,568,0,0,0,568
01/05/2010,SAT,TX,ASW,CE,Combined TRACON& Tower with Radar,262,49,106,19,436,0,9,155,8,172,262,58,261,27,608,0,0,0,608
01/06/2010,SAT,TX,ASW,CE,Combined TRACON& Tower with Radar,264,53,129,10,456,2,2,17,4,25,266,55,146,14,481,0,0,0,481
01/07/2010,SAT,TX,ASW,CE,Combined TRACON& Tower with Radar,262,44,59,5,370,1,5,20,2,28,263,49,79,7,398,0,0,0,398
01/08/2010,SAT,TX,ASW,CE,Combined TRACON& Tower with Radar,270,42,104,7,423,2,16,87,12,117,272,58,191,19,540,0,0,0,540
01/09/2010,SAT,TX,ASW,CE,Combined TRACON& Tower with Radar,195,17,60,9,281,0,5,101,3,109,195,22,161,12,390,0,0,0,390
01/10/2010,SAT,TX,ASW,CE,Combined TRACON& Tower with Radar,232,26,65,6,329,0,4,123,3,130,232,30,188,9,459,0,0,0,459
01/11/2010,SAT,TX,ASW,CE,Combined TRACON& Tower with Radar,256,42,96,7,401,4,14,119,3,140,260,56,215,10,541,0,0,0,541
01/12/2010,SAT,TX,ASW,CE,Combined TRACON& Tower with Radar,266,49,94,7,416,4,9,89,4,106,270,58,183,11,522,0,0,0,522
01/13/2010,SAT,TX,ASW,CE,Combined TRACON& Tower with Radar,261,57,104,0,422,3,2,10,2,17,264,59,114,2,439,0,0,0,439
01/14/2010,SAT,TX,ASW,CE,Combined TRACON& Tower with Radar,269,59,55,6,389,2,1,1,0,4,271,60,56,6,393,0,0,0,393
01/15/2010,SAT,TX,ASW,CE,Combined TRACON& Tower with Radar,268,57,80,11,416,3,0,10,1,14,271,57,90,12,430,0,0,0,430
01/16/2010,SAT,TX,ASW,CE,Combined TRACON& Tower with Radar,184,27,81,3,295,0,2,81,8,91,184,29,162,11,386,0,0,0,386
01/17/2010,SAT,TX,ASW,CE,Combined TRACON& Tower with Radar,222,22,66,2,312,0,2,109,2,113,222,24,175,4,425,0,0,0,425
01/18/2010,SAT,TX,ASW,CE,Combined TRACON& Tower with Radar,261,39,111,8,419,0,3,52,0,55,261,42,163,8,474,0,0,0,474
01/19/2010,SAT,TX,ASW,CE,Combined TRACON& Tower with Radar,263,42,118,6,429,2,1,54,1,58,265,43,172,7,487,0,0,0,487
01/20/2010,SAT,TX,ASW,CE,Combined TRACON& Tower with Radar,260,49,108,5,422,4,4,50,0,58,264,53,158,5,480,0,0,0,480
01/21/2010,SAT,TX,ASW,CE,Combined TRACON& Tower with Radar,265,43,88,15,411,2,8,177,7,194,267,51,265,22,605,0,0,0,605
01/22/2010,SAT,TX,ASW,CE,Combined TRACON& Tower with Radar,269,47,98,8,422,2,7,83,2,94,271,54,181,10,516,0,0,0,516
01/23/2010,SAT,TX,ASW,CE,Combined TRACON& Tower with Radar,190,26,55,7,278,1,2,76,5,84,191,28,131,12,362,0,0,0,362
01/24/2010,SAT,TX,ASW,CE,Combined TRACON& Tower with Radar,223,21,63,11,318,0,0,49,13,62,223,21,112,24,380,0,0,0,380
01/25/2010,SAT,TX,ASW,CE,Combined TRACON& Tower with Radar,247,29,113,10,399,4,7,117,9,137,251,36,230,19,536,0,0,0,536
01/26/2010,SAT,TX,ASW,CE,Combined TRACON& Tower with Radar,266,39,120,9,434,2,3,125,8,138,268,42,245,17,572,0,0,0,572
01/27/2010,SAT,TX,ASW,CE,Combined TRACON& Tower with Radar,262,47,130,7,446,2,7,44,2,55,264,54,174,9,501,0,0,0,501
01/28/2010,SAT,TX,ASW,CE,Combined TRACON& Tower with Radar,275,56,96,9,436,4,2,7,0,13,279,58,103,9,449,0,0,0,449
01/29/2010,SAT,TX,ASW,CE,Combined TRACON& Tower with Radar,265,70,115,10,460,2,9,66,5,82,267,79,181,15,542,0,0,0,542
01/30/2010,SAT,TX,ASW,CE,Combined TRACON& Tower with Radar,187,27,85,8,307,0,5,64,5,74,187,32,149,13,381,0,0,0,381
01/31/2010,SAT,TX,ASW,CE,Combined TRACON& Tower with Radar,234,28,101,4,367,0,0,5,0,5,234,28,106,4,372,0,0,0,372
02/01/2010,SAT,TX,ASW,CE,Combined TRACON& Tower with Radar,254,50,65,2,371,5,0,1,1,7,259,50,66,3,378,0,0,0,378
02/02/2010,SAT,TX,ASW,CE,Combined TRACON& Tower with Radar,268,42,79,3,392,2,1,1,1,5,270,43,80,4,397,0,0,0,397
02/03/2010,SAT,TX,ASW,CE,Combined TRACON& Tower with Radar,265,38,69,5,377,0,0,0,0,0,265,38,69,5,377,0,0,0,377
02/04/2010,SAT,TX,ASW,CE,Combined TRACON& Tower with Radar,279,51,61,11,402,2,2,1,0,5,281,53,62,11,407,0,0,0,407
02/05/2010,SAT,TX,ASW,CE,Combined TRACON& Tower with Radar,262,44,132,11,449,5,10,92,6,113,267,54,224,17,562,0,0,0,562
02/06/2010,SAT,TX,ASW,CE,Combined TRACON& Tower with Radar,175,25,54,10,264,0,2,97,5,104,175,27,151,15,368,0,0,0,368
02/07/2010,SAT,TX,ASW,CE,Combined TRACON& Tower with Radar,226,23,77,20,346,0,0,15,2,17,226,23,92,22,363,0,0,0,363
02/08/2010,SAT,TX,ASW,CE,Combined TRACON& Tower with Radar,252,60,107,4,423,6,7,23,5,41,258,67,130,9,464,0,0,0,464
02/09/2010,SAT,TX,ASW,CE,Combined TRACON& Tower with Radar,261,45,85,4,395,1,26,89,3,119,262,71,174,7,514,0,0,0,514
02/10/2010,SAT,TX,ASW,CE,Combined TRACON& Tower with Radar,254,54,84,2,394,1,6,16,2,25,255,60,100,4,419,0,0,0,419
02/11/2010,SAT,TX,ASW,CE,Combined TRACON& Tower with Radar,252,55,84,4,395,0,1,4,4,9,252,56,88,8,404,0,0,0,404
02/12/2010,SAT,TX,ASW,CE,Combined TRACON& Tower with Radar,240,61,128,8,437,5,6,75,3,89,245,67,203,11,526,0,0,0,526
02/13/2010,SAT,TX,ASW,CE,Combined TRACON& Tower with Radar,183,32,51,4,270,0,8,89,7,104,183,40,140,11,374,0,0,0,374
02/14/2010,SAT,TX,ASW,CE,Combined TRACON& Tower with Radar,231,25,62,1,319,0,2,45,0,47,231,27,107,1,366,0,0,0,366
02/15/2010,SAT,TX,ASW,CE,Combined TRACON& Tower with Radar,255,44,118,6,423,0,10,107,4,121,255,54,225,10,544,0,0,0,544
02/16/2010,SAT,TX,ASW,CE,Combined TRACON& Tower with Radar,276,40,100,5,421,3,13,89,6,111,279,53,189,11,532,0,0,0,532
02/17/2010,SAT,TX,ASW,CE,Combined TRACON& Tower with Radar,275,45,100,15,435,1,15,125,6,147,276,60,225,21,582,0,0,0,582
02/18/2010,SAT,TX,ASW,CE,Combined TRACON& Tower with Radar,273,43,113,7,436,3,15,84,5,107,276,58,197,12,543,0,0,0,543
02/19/2010,SAT,TX,ASW,CE,Combined TRACON& Tower with Radar,265,56,99,11,431,3,0,16,2,21,268,56,115,13,452,0,0,0,452
02/20/2010,SAT,TX,ASW,CE,Combined TRACON& Tower with Radar,193,30,59,4,286,0,0,16,3,19,193,30,75,7,305,0,0,0,305
02/21/2010,SAT,TX,ASW,CE,Combined TRACON& Tower with Radar,232,31,58,11,332,1,3,55,3,62,233,34,113,14,394,0,0,0,394
02/22/2010,SAT,TX,ASW,CE,Combined TRACON& Tower with Radar,262,38,99,15,414,1,14,88,2,105,263,52,187,17,519,0,0,0,519
02/23/2010,SAT,TX,ASW,CE,Combined TRACON& Tower with Radar,263,50,65,2,380,4,2,11,0,17,267,52,76,2,397,0,0,0,397
02/24/2010,SAT,TX,ASW,CE,Combined TRACON& Tower with Radar,267,35,92,4,398,0,14,120,2,136,267,49,212,6,534,0,0,0,534
02/25/2010,SAT,TX,ASW,CE,Combined TRACON& Tower with Radar,281,45,99,12,437,2,14,114,7,137,283,59,213,19,574,0,0,0,574
02/26/2010,SAT,TX,ASW,CE,Combined TRACON& Tower with Radar,267,56,75,19,417,2,7,88,4,101,269,63,163,23,518,0,0,0,518
02/27/2010,SAT,TX,ASW,CE,Combined TRACON& Tower with Radar,197,32,58,13,300,0,5,101,0,106,197,37,159,13,406,0,0,0,406
02/28/2010,SAT,TX,ASW,CE,Combined TRACON& Tower with Radar,238,31,51,9,329,0,3,52,6,61,238,34,103,15,390,0,0,0,390
03/01/2010,SAT,TX,ASW,CE,Combined TRACON& Tower with Radar,259,41,80,5,385,3,3,34,7,47,262,44,114,12,432,0,0,0,432
03/02/2010,SAT,TX,ASW,CE,Combined TRACON& Tower with Radar,258,37,106,4,405,2,11,100,1,114,260,48,206,5,519,0,0,0,519
03/03/2010,SAT,TX,ASW,CE,Combined TRACON& Tower with Radar,266,50,104,5,425,1,5,113,4,123,267,55,217,9,548,0,0,0,548
03/04/2010,SAT,TX,ASW,CE,Combined TRACON& Tower with Radar,277,47,100,9,433,2,4,96,7,109,279,51,196,16,542,0,0,0,542
03/05/2010,SAT,TX,ASW,CE,Combined TRACON& Tower with Radar,278,57,124,17,476,4,8,36,2,50,282,65,160,19,526,0,0,0,526
03/06/2010,SAT,TX,ASW,CE,Combined TRACON& Tower with Radar,199,29,72,9,309,0,5,30,0,35,199,34,102,9,344,0,0,0,344
03/07/2010,SAT,TX,ASW,CE,Combined TRACON& Tower with Radar,235,25,77,12,349,0,0,3,2,5,235,25,80,14,354,0,0,0,354
03/08/2010,SAT,TX,ASW,CE,Combined TRACON& Tower with Radar,270,48,71,2,391,3,0,2,2,7,273,48,73,4,398,0,0,0,398
03/09/2010,SAT,TX,ASW,CE,Combined TRACON& Tower with Radar,266,45,115,4,430,2,9,107,0,118,268,54,222,4,548,0,0,0,548
03/10/2010,SAT,TX,ASW,CE,Combined TRACON& Tower with Radar,276,51,124,6,457,1,9,56,4,70,277,60,180,10,527,0,0,0,527
03/11/2010,SAT,TX,ASW,CE,Combined TRACON& Tower with Radar,276,51,139,19,485,2,16,119,4,141,278,67,258,23,626,0,0,0,626
03/12/2010,SAT,TX,ASW,CE,Combined TRACON& Tower with Radar,266,90,99,3,458,3,11,144,4,162,269,101,243,7,620,0,0,0,620
03/13/2010,SAT,TX,ASW,CE,Combined TRACON& Tower with Radar,205,27,89,2,323,0,1,146,5,152,205,28,235,7,475,0,0,0,475
03/14/2010,SAT,TX,ASW,CE,Combined TRACON& Tower with Radar,235,32,81,3,351,1,4,96,7,108,236,36,177,10,459,0,0,0,459
03/15/2010,SAT,TX,ASW,CE,Combined TRACON& Tower with Radar,273,47,76,9,405,3,7,53,5,68,276,54,129,14,473,0,0,0,473
03/16/2010,SAT,TX,ASW,CE,Combined TRACON& Tower with Radar,264,56,80,8,408,6,8,18,4,36,270,64,98,12,444,0,0,0,444
03/17/2010,SAT,TX,ASW,CE,Combined TRACON& Tower with Radar,270,50,87,4,411,3,11,122,4,140,273,61,209,8,551,0,0,0,551
03/18/2010,SAT,TX,ASW,CE,Combined TRACON& Tower with Radar,277,45,77,2,401,4,13,107,5,129,281,58,184,7,530,0,0,0,530
03/19/2010,SAT,TX,ASW,CE,Combined TRACON& Tower with Radar,271,62,83,8,424,4,6,57,2,69,275,68,140,10,493,0,0,0,493
03/20/2010,SAT,TX,ASW,CE,Combined TRACON& Tower with Radar,220,31,54,6,311,0,3,9,0,12,220,34,63,6,323,0,0,0,323
03/21/2010,SAT,TX,ASW,CE,Combined TRACON& Tower with Radar,242,44,101,2,389,1,4,45,11,61,243,48,146,13,450,0,0,0,450
03/22/2010,SAT,TX,ASW,CE,Combined TRACON& Tower with Radar,264,37,96,4,401,1,9,92,4,106,265,46,188,8,507,0,0,0,507
03/23/2010,SAT,TX,ASW,CE,Combined TRACON& Tower with Radar,268,36,118,6,428,1,12,99,5,117,269,48,217,11,545,0,0,0,545
03/24/2010,SAT,TX,ASW,CE,Combined TRACON& Tower with Radar,273,52,125,3,453,3,4,13,1,21,276,56,138,4,474,0,0,0,474
03/25/2010,SAT,TX,ASW,CE,Combined TRACON& Tower with Radar,273,60,128,17,478,5,5,116,7,133,278,65,244,24,611,0,0,0,611
03/26/2010,SAT,TX,ASW,CE,Combined TRACON& Tower with Radar,272,59,129,11,471,3,19,119,2,143,275,78,248,13,614,0,0,0,614
03/27/2010,SAT,TX,ASW,CE,Combined TRACON& Tower with Radar,221,50,74,8,353,0,7,80,5,92,221,57,154,13,445,0,0,0,445
03/28/2010,SAT,TX,ASW,CE,Combined TRACON& Tower with Radar,243,33,56,10,342,0,4,75,8,87,243,37,131,18,429,0,0,0,429
03/29/2010,SAT,TX,ASW,CE,Combined TRACON& Tower with Radar,261,43,116,8,428,0,6,106,12,124,261,49,222,20,552,0,0,0,552
03/30/2010,SAT,TX,ASW,CE,Combined TRACON& Tower with Radar,273,55,112,11,451,1,5,123,6,135,274,60,235,17,586,0,0,0,586
03/31/2010,SAT,TX,ASW,CE,Combined TRACON& Tower with Radar,259,52,119,12,442,4,8,103,4,119,263,60,222,16,561,0,0,0,561
04/01/2010,SAT,TX,ASW,CE,Combined TRACON& Tower with Radar,289,49,127,5,470,1,5,49,3,58,290,54,176,8,528,0,0,0,528
04/02/2010,SAT,TX,ASW,CE,Combined TRACON& Tower with Radar,273,40,59,9,381,3,9,47,2,61,276,49,106,11,442,0,0,0,442
04/03/2010,SAT,TX,ASW,CE,Combined TRACON& Tower with Radar,230,32,48,4,314,0,7,91,12,110,230,39,139,16,424,0,0,0,424
04/04/2010,SAT,TX,ASW,CE,Combined TRACON& Tower with Radar,243,57,89,1,390,0,3,16,5,24,243,60,105,6,414,0,0,0,414
04/05/2010,SAT,TX,ASW,CE,Combined TRACON& Tower with Radar,261,41,98,6,406,4,3,48,5,60,265,44,146,11,466,0,0,0,466
04/06/2010,SAT,TX,ASW,CE,Combined TRACON& Tower with Radar,281,58,128,4,471,1,0,59,4,64,282,58,187,8,535,0,0,0,535
04/07/2010,SAT,TX,ASW,CE,Combined TRACON& Tower with Radar,277,64,117,9,467,3,12,33,12,60,280,76,150,21,527,0,0,0,527
04/08/2010,SAT,TX,ASW,CE,Combined TRACON& Tower with Radar,292,55,84,8,439,1,12,121,15,149,293,67,205,23,588,0,0,0,588
04/09/2010,SAT,TX,ASW,CE,Combined TRACON& Tower with Radar,280,63,108,10,461,3,15,95,7,120,283,78,203,17,581,0,0,0,581
04/10/2010,SAT,TX,ASW,CE,Combined TRACON& Tower with Radar,204,29,76,2,311,0,3,51,8,62,204,32,127,10,373,0,0,0,373
04/11/2010,SAT,TX,ASW,CE,Combined TRACON& Tower with Radar,256,64,92,8,420,0,4,4,1,9,256,68,96,9,429,0,0,0,429
04/12/2010,SAT,TX,ASW,CE,Combined TRACON& Tower with Radar,272,32,77,3,384,0,12,61,2,75,272,44,138,5,459,0,0,0,459
04/13/2010,SAT,TX,ASW,CE,Combined TRACON& Tower with Radar,277,40,109,5,431,1,5,23,4,33,278,45,132,9,464,0,0,0,464
04/14/2010,SAT,TX,ASW,CE,Combined TRACON& Tower with Radar,273,42,101,3,419,3,3,18,5,29,276,45,119,8,448,0,0,0,448
04/15/2010,SAT,TX,ASW,CE,Combined TRACON& Tower with Radar,284,46,77,4,411,0,1,2,1,4,284,47,79,5,415,0,0,0,415
04/16/2010,SAT,TX,ASW,CE,Combined TRACON& Tower with Radar,276,51,80,5,412,2,6,12,4,24,278,57,92,9,436,0,0,0,436
04/17/2010,SAT,TX,ASW,CE,Combined TRACON& Tower with Radar,214,17,27,4,262,0,5,5,0,10,214,22,32,4,272,0,0,0,272
04/18/2010,SAT,TX,ASW,CE,Combined TRACON& Tower with Radar,249,30,84,22,385,0,1,54,9,64,249,31,138,31,449,0,0,0,449
04/19/2010,SAT,TX,ASW,CE,Combined TRACON& Tower with Radar,262,41,91,3,397,4,6,69,12,91,266,47,160,15,488,0,0,0,488
04/20/2010,SAT,TX,ASW,CE,Combined TRACON& Tower with Radar,279,46,109,7,441,2,15,84,5,106,281,61,193,12,547,0,0,0,547
04/21/2010,SAT,TX,ASW,CE,Combined TRACON& Tower with Radar,278,45,115,7,445,1,10,84,6,101,279,55,199,13,546,0,0,0,546
04/22/2010,SAT,TX,ASW,CE,Combined TRACON& Tower with Radar,283,49,128,3,463,4,2,16,5,27,287,51,144,8,490,0,0,0,490
04/23/2010,SAT,TX,ASW,CE,Combined TRACON& Tower with Radar,287,53,129,7,476,3,12,64,1,80,290,65,193,8,556,0,0,0,556
04/24/2010,SAT,TX,ASW,CE,Combined TRACON& Tower with Radar,209,16,58,7,290,0,4,69,2,75,209,20,127,9,365,0,0,0,365
04/25/2010,SAT,TX,ASW,CE,Combined TRACON& Tower with Radar,249,27,77,11,364,0,6,83,10,99,249,33,160,21,463,0,0,0,463
04/26/2010,SAT,TX,ASW,CE,Combined TRACON& Tower with Radar,273,34,70,9,386,2,16,92,7,117,275,50,162,16,503,0,0,0,503
04/27/2010,SAT,TX,ASW,CE,Combined TRACON& Tower with Radar,279,45,108,19,451,1,13,103,2,119,280,58,211,21,570,0,0,0,570
04/28/2010,SAT,TX,ASW,CE,Combined TRACON& Tower with Radar,274,37,116,4,431,0,13,91,6,110,274,50,207,10,541,0,0,0,541
04/29/2010,SAT,TX,ASW,CE,Combined TRACON& Tower with Radar,281,64,147,7,499,3,11,79,9,102,284,75,226,16,601,0,0,0,601
04/30/2010,SAT,TX,ASW,CE,Combined TRACON& Tower with Radar,280,59,124,13,476,2,10,68,5,85,282,69,192,18,561,0,0,0,561
05/01/2010,SAT,TX,ASW,CE,Combined TRACON& Tower with Radar,214,23,50,4,291,0,3,59,8,70,214,26,109,12,361,0,0,0,361
05/02/2010,SAT,TX,ASW,CE,Combined TRACON& Tower with Radar,242,36,78,8,364,0,2,82,12,96,242,38,160,20,460,0,0,0,460
05/03/2010,SAT,TX,ASW,CE,Combined TRACON& Tower with Radar,268,41,72,4,385,1,7,73,7,88,269,48,145,11,473,0,0,0,473
05/04/2010,SAT,TX,ASW,CE,Combined TRACON& Tower with Radar,286,63,93,6,448,1,3,85,9,98,287,66,178,15,546,0,0,0,546
05/05/2010,SAT,TX,ASW,CE,Combined TRACON& Tower with Radar,278,52,89,3,422,0,7,102,8,117,278,59,191,11,539,0,0,0,539
05/06/2010,SAT,TX,ASW,CE,Combined TRACON& Tower with Radar,297,55,118,14,484,0,10,108,3,121,297,65,226,17,605,0,0,0,605
05/07/2010,SAT,TX,ASW,CE,Combined TRACON& Tower with Radar,286,62,115,19,482,1,6,88,9,104,287,68,203,28,586,0,0,0,586
05/08/2010,SAT,TX,ASW,CE,Combined TRACON& Tower with Radar,219,22,52,13,306,0,1,39,6,46,219,23,91,19,352,0,0,0,352
05/09/2010,SAT,TX,ASW,CE,Combined TRACON& Tower with Radar,251,37,72,11,371,0,1,18,9,28,251,38,90,20,399,0,0,0,399
05/10/2010,SAT,TX,ASW,CE,Combined TRACON& Tower with Radar,269,56,138,5,468,0,2,35,3,40,269,58,173,8,508,0,0,0,508
05/11/2010,SAT,TX,ASW,CE,Combined TRACON& Tower with Radar,281,49,137,13,480,1,6,70,3,80,282,55,207,16,560,0,0,0,560
05/12/2010,SAT,TX,ASW,CE,Combined TRACON& Tower with Radar,279,49,127,6,461,0,9,56,5,70,279,58,183,11,531,0,0,0,531
05/13/2010,SAT,TX,ASW,CE,Combined TRACON& Tower with Radar,289,68,135,4,496,0,13,66,4,83,289,81,201,8,579,0,0,0,579
05/14/2010,SAT,TX,ASW,CE,Combined TRACON& Tower with Radar,260,48,68,3,379,4,2,8,0,14,264,50,76,3,393,0,0,0,393
05/15/2010,SAT,TX,ASW,CE,Combined TRACON& Tower with Radar,238,23,71,2,334,0,2,43,6,51,238,25,114,8,385,0,0,0,385
05/16/2010,SAT,TX,ASW,CE,Combined TRACON& Tower with Radar,255,22,78,5,360,0,6,33,5,44,255,28,111,10,404,0,0,0,404
05/17/2010,SAT,TX,ASW,CE,Combined TRACON& Tower with Radar,271,40,105,5,421,2,5,72,5,84,273,45,177,10,505,0,0,0,505
05/18/2010,SAT,TX,ASW,CE,Combined TRACON& Tower with Radar,280,48,105,6,439,1,8,117,12,138,281,56,222,18,577,0,0,0,577
05/19/2010,SAT,TX,ASW,CE,Combined TRACON& Tower with Radar,276,42,141,13,472,5,3,91,9,108,281,45,232,22,580,0,0,0,580
05/20/2010,SAT,TX,ASW,CE,Combined TRACON& Tower with Radar,288,56,134,5,483,3,11,41,3,58,291,67,175,8,541,0,0,0,541
05/21/2010,SAT,TX,ASW,CE,Combined TRACON& Tower with Radar,289,46,120,11,466,2,4,137,7,150,291,50,257,18,616,0,0,0,616
05/22/2010,SAT,TX,ASW,CE,Combined TRACON& Tower with Radar,227,22,63,9,321,0,2,54,6,62,227,24,117,15,383,0,0,0,383
05/23/2010,SAT,TX,ASW,CE,Combined TRACON& Tower with Radar,254,39,65,9,367,0,4,33,7,44,254,43,98,16,411,0,0,0,411
05/24/2010,SAT,TX,ASW,CE,Combined TRACON& Tower with Radar,267,41,100,6,414,1,6,42,5,54,268,47,142,11,468,0,0,0,468
05/25/2010,SAT,TX,ASW,CE,Combined TRACON& Tower with Radar,279,42,103,10,434,1,7,34,4,46,280,49,137,14,480,0,0,0,480
05/26/2010,SAT,TX,ASW,CE,Combined TRACON& Tower with Radar,277,51,122,7,457,0,8,87,5,100,277,59,209,12,557,0,0,0,557
05/27/2010,SAT,TX,ASW,CE,Combined TRACON& Tower with Radar,288,57,109,15,469,2,9,89,1,101,290,66,198,16,570,0,0,0,570
05/28/2010,SAT,TX,ASW,CE,Combined TRACON& Tower with Radar,289,46,103,17,455,1,6,113,13,133,290,52,216,30,588,0,0,0,588
05/29/2010,SAT,TX,ASW,CE,Combined TRACON& Tower with Radar,220,20,38,4,282,0,3,83,8,94,220,23,121,12,376,0,0,0,376
05/30/2010,SAT,TX,ASW,CE,Combined TRACON& Tower with Radar,212,18,23,6,259,0,4,49,9,62,212,22,72,15,321,0,0,0,321
05/31/2010,SAT,TX,ASW,CE,Combined TRACON& Tower with Radar,239,24,73,13,349,0,0,48,7,55,239,24,121,20,404,0,0,0,404
06/01/2010,SAT,TX,ASW,CE,Combined TRACON& Tower with Radar,284,48,96,11,439,1,17,77,4,99,285,65,173,15,538,0,0,0,538
06/02/2010,SAT,TX,ASW,CE,Combined TRACON& Tower with Radar,304,40,100,15,459,4,5,48,0,57,308,45,148,15,516,0,0,0,516
06/03/2010,SAT,TX,ASW,CE,Combined TRACON& Tower with Radar,305,46,93,0,444,2,16,94,5,117,307,62,187,5,561,0,0,0,561
06/04/2010,SAT,TX,ASW,CE,Combined TRACON& Tower with Radar,294,33,81,18,426,0,9,108,4,121,294,42,189,22,547,0,0,0,547
06/05/2010,SAT,TX,ASW,CE,Combined TRACON& Tower with Radar,231,24,44,10,309,0,3,54,8,65,231,27,98,18,374,0,0,0,374
06/06/2010,SAT,TX,ASW,CE,Combined TRACON& Tower with Radar,257,28,70,6,361,0,4,49,4,57,257,32,119,10,418,0,0,0,418
06/07/2010,SAT,TX,ASW,CE,Combined TRACON& Tower with Radar,274,36,108,8,426,2,9,72,7,90,276,45,180,15,516,0,0,0,516
06/08/2010,SAT,TX,ASW,CE,Combined TRACON& Tower with Radar,296,50,91,1,438,7,7,32,6,52,303,57,123,7,490,0,0,0,490
06/09/2010,SAT,TX,ASW,CE,Combined TRACON& Tower with Radar,280,63,88,6,437,3,10,27,6,46,283,73,115,12,483,0,0,0,483
06/10/2010,SAT,TX,ASW,CE,Combined TRACON& Tower with Radar,289,53,114,4,460,4,5,83,4,96,293,58,197,8,556,0,0,0,556
06/11/2010,SAT,TX,ASW,CE,Combined TRACON& Tower with Radar,286,43,107,30,466,2,4,50,8,64,288,47,157,38,530,0,0,0,530
06/12/2010,SAT,TX,ASW,CE,Combined TRACON& Tower with Radar,241,17,68,28,354,0,5,37,13,55,241,22,105,41,409,0,0,0,409
06/13/2010,SAT,TX,ASW,CE,Combined TRACON& Tower with Radar,263,21,72,12,368,0,5,46,8,59,263,26,118,20,427,0,0,0,427
06/14/2010,SAT,TX,ASW,CE,Combined TRACON& Tower with Radar,274,31,102,9,416,3,14,76,8,101,277,45,178,17,517,0,0,0,517
06/15/2010,SAT,TX,ASW,CE,Combined TRACON& Tower with Radar,291,64,80,9,444,1,17,91,8,117,292,81,171,17,561,0,0,0,561
06/16/2010,SAT,TX,ASW,CE,Combined TRACON& Tower with Radar,290,45,92,3,430,2,10,72,6,90,292,55,164,9,520,0,0,0,520
06/17/2010,SAT,TX,ASW,CE,Combined TRACON& Tower with Radar,293,44,112,9,458,0,4,83,13,100,293,48,195,22,558,0,0,0,558
06/18/2010,SAT,TX,ASW,CE,Combined TRACON& Tower with Radar,291,63,97,25,476,1,12,89,7,109,292,75,186,32,585,0,0,0,585
06/19/2010,SAT,TX,ASW,CE,Combined TRACON& Tower with Radar,243,31,59,17,350,0,3,58,9,70,243,34,117,26,420,0,0,0,420
06/20/2010,SAT,TX,ASW,CE,Combined TRACON& Tower with Radar,262,23,70,7,362,0,2,61,13,76,262,25,131,20,438,0,0,0,438
06/21/2010,SAT,TX,ASW,CE,Combined TRACON& Tower with Radar,279,42,107,8,436,1,8,76,8,93,280,50,183,16,529,0,0,0,529
06/22/2010,SAT,TX,ASW,CE,Combined TRACON& Tower with Radar,287,39,94,11,431,0,11,90,6,107,287,50,184,17,538,0,0,0,538
06/23/2010,SAT,TX,ASW,CE,Combined TRACON& Tower with Radar,283,49,120,15,467,1,9,95,6,111,284,58,215,21,578,0,0,0,578
06/24/2010,SAT,TX,ASW,CE,Combined TRACON& Tower with Radar,296,47,112,9,464,1,6,68,8,83,297,53,180,17,547,0,0,0,547
06/25/2010,SAT,TX,ASW,CE,Combined TRACON& Tower with Radar,307,52,97,8,464,2,9,97,4,112,309,61,194,12,576,0,0,0,576
06/26/2010,SAT,TX,ASW,CE,Combined TRACON& Tower with Radar,246,29,62,8,345,0,2,57,8,67,246,31,119,16,412,0,0,0,412
06/27/2010,SAT,TX,ASW,CE,Combined TRACON& Tower with Radar,253,28,51,6,338,0,7,50,10,67,253,35,101,16,405,0,0,0,405
06/28/2010,SAT,TX,ASW,CE,Combined TRACON& Tower with Radar,285,29,75,12,401,2,7,66,7,82,287,36,141,19,483,0,0,0,483
06/29/2010,SAT,TX,ASW,CE,Combined TRACON& Tower with Radar,299,76,85,3,463,3,3,39,5,50,302,79,124,8,513,0,0,0,513
06/30/2010,SAT,TX,ASW,CE,Combined TRACON& Tower with Radar,292,73,72,2,439,0,4,30,3,37,292,77,102,5,476,0,0,0,476
07/01/2010,SAT,TX,ASW,CE,Combined TRACON& Tower with Radar,298,52,53,3,406,0,0,1,0,1,298,52,54,3,407,0,0,0,407
07/02/2010,SAT,TX,ASW,CE,Combined TRACON& Tower with Radar,301,53,73,1,428,0,0,8,2,10,301,53,81,3,438,0,0,0,438
07/03/2010,SAT,TX,ASW,CE,Combined TRACON& Tower with Radar,240,34,41,0,315,0,4,25,10,39,240,38,66,10,354,0,0,0,354
07/04/2010,SAT,TX,ASW,CE,Combined TRACON& Tower with Radar,206,21,41,2,270,0,6,19,4,29,206,27,60,6,299,0,0,0,299
07/05/2010,SAT,TX,ASW,CE,Combined TRACON& Tower with Radar,262,34,83,0,379,0,0,68,4,72,262,34,151,4,451,0,0,0,451
07/06/2010,SAT,TX,ASW,CE,Combined TRACON& Tower with Radar,287,47,88,5,427,0,18,83,2,103,287,65,171,7,530,0,0,0,530
07/07/2010,SAT,TX,ASW,CE,Combined TRACON& Tower with Radar,326,45,80,8,459,0,9,87,6,102,326,54,167,14,561,0,0,0,561
07/08/2010,SAT,TX,ASW,CE,Combined TRACON& Tower with Radar,296,47,99,6,448,0,1,6,0,7,296,48,105,6,455,0,0,0,455
07/09/2010,SAT,TX,ASW,CE,Combined TRACON& Tower with Radar,294,48,78,17,437,0,5,40,2,47,294,53,118,19,484,0,0,0,484
07/10/2010,SAT,TX,ASW,CE,Combined TRACON& Tower with Radar,248,27,64,9,348,0,4,65,7,76,248,31,129,16,424,0,0,0,424
07/11/2010,SAT,TX,ASW,CE,Combined TRACON& Tower with Radar,262,26,72,10,370,0,3,58,13,74,262,29,130,23,444,0,0,0,444
07/12/2010,SAT,TX,ASW,CE,Combined TRACON& Tower with Radar,278,44,76,4,402,0,10,67,4,81,278,54,143,8,483,0,0,0,483
07/13/2010,SAT,TX,ASW,CE,Combined TRACON& Tower with Radar,294,45,114,8,461,0,12,61,6,79,294,57,175,14,540,0,0,0,540
07/14/2010,SAT,TX,ASW,CE,Combined TRACON& Tower with Radar,296,55,107,8,466,0,9,74,4,87,296,64,181,12,553,0,0,0,553
07/15/2010,SAT,TX,ASW,CE,Combined TRACON& Tower with Radar,295,71,123,11,500,0,12,78,4,94,295,83,201,15,594,0,0,0,594
07/16/2010,SAT,TX,ASW,CE,Combined TRACON& Tower with Radar,291,40,97,19,447,0,10,90,8,108,291,50,187,27,555,0,0,0,555
07/17/2010,SAT,TX,ASW,CE,Combined TRACON& Tower with Radar,259,27,38,24,348,0,9,88,8,105,259,36,126,32,453,0,0,0,453
07/18/2010,SAT,TX,ASW,CE,Combined TRACON& Tower with Radar,277,25,68,17,387,0,7,62,5,74,277,32,130,22,461,0,0,0,461
07/19/2010,SAT,TX,ASW,CE,Combined TRACON& Tower with Radar,277,45,81,12,415,0,5,78,9,92,277,50,159,21,507,0,0,0,507
07/20/2010,SAT,TX,ASW,CE,Combined TRACON& Tower with Radar,293,27,107,6,433,0,11,80,1,92,293,38,187,7,525,0,0,0,525
07/21/2010,SAT,TX,ASW,CE,Combined TRACON& Tower with Radar,292,34,79,8,413,0,17,57,0,74,292,51,136,8,487,0,0,0,487
07/22/2010,SAT,TX,ASW,CE,Combined TRACON& Tower with Radar,293,49,123,9,474,0,7,35,5,47,293,56,158,14,521,0,0,0,521
07/23/2010,SAT,TX,ASW,CE,Combined TRACON& Tower with Radar,288,51,119,15,473,0,18,40,1,59,288,69,159,16,532,0,0,0,532
07/24/2010,SAT,TX,ASW,CE,Combined TRACON& Tower with Radar,240,30,50,22,342,0,2,59,2,63,240,32,109,24,405,0,0,0,405
07/25/2010,SAT,TX,ASW,CE,Combined TRACON& Tower with Radar,261,31,85,9,386,0,7,48,2,57,261,38,133,11,443,0,0,0,443
07/26/2010,SAT,TX,ASW,CE,Combined TRACON& Tower with Radar,283,35,86,12,416,0,15,59,2,76,283,50,145,14,492,0,0,0,492
07/27/2010,SAT,TX,ASW,CE,Combined TRACON& Tower with Radar,306,39,115,12,472,0,8,37,1,46,306,47,152,13,518,0,0,0,518
07/28/2010,SAT,TX,ASW,CE,Combined TRACON& Tower with Radar,290,56,109,2,457,0,4,24,2,30,290,60,133,4,487,0,0,0,487
07/29/2010,SAT,TX,ASW,CE,Combined TRACON& Tower with Radar,281,49,117,15,462,0,13,102,1,116,281,62,219,16,578,0,0,0,578
07/30/2010,SAT,TX,ASW,CE,Combined TRACON& Tower with Radar,300,40,98,16,454,0,14,68,2,84,300,54,166,18,538,0,0,0,538
07/31/2010,SAT,TX,ASW,CE,Combined TRACON& Tower with Radar,246,21,48,8,323,0,8,46,3,57,246,29,94,11,380,0,0,0,380
08/01/2010,SAT,TX,ASW,CE,Combined TRACON& Tower with Radar,267,26,71,7,371,0,6,65,4,75,267,32,136,11,446,0,0,0,446
08/02/2010,SAT,TX,ASW,CE,Combined TRACON& Tower with Radar,279,41,81,6,407,0,8,71,3,82,279,49,152,9,489,0,0,0,489
08/03/2010,SAT,TX,ASW,CE,Combined TRACON& Tower with Radar,290,43,89,11,433,0,10,103,1,114,290,53,192,12,547,0,0,0,547
08/04/2010,SAT,TX,ASW,CE,Combined TRACON& Tower with Radar,286,56,109,0,451,0,10,77,7,94,286,66,186,7,545,0,0,0,545
08/05/2010,SAT,TX,ASW,CE,Combined TRACON& Tower with Radar,292,57,98,10,457,0,12,90,8,110,292,69,188,18,567,0,0,0,567
08/06/2010,SAT,TX,ASW,CE,Combined TRACON& Tower with Radar,301,55,88,13,457,0,22,104,4,130,301,77,192,17,587,0,0,0,587
08/07/2010,SAT,TX,ASW,CE,Combined TRACON& Tower with Radar,248,32,56,2,338,0,3,63,3,69,248,35,119,5,407,0,0,0,407
08/08/2010,SAT,TX,ASW,CE,Combined TRACON& Tower with Radar,260,39,62,18,379,0,4,50,8,62,260,43,112,26,441,0,0,0,441
08/09/2010,SAT,TX,ASW,CE,Combined TRACON& Tower with Radar,282,33,94,11,420,0,13,82,1,96,282,46,176,12,516,0,0,0,516
08/10/2010,SAT,TX,ASW,CE,Combined TRACON& Tower with Radar,296,54,88,11,449,0,22,71,6,99,296,76,159,17,548,0,0,0,548
08/11/2010,SAT,TX,ASW,CE,Combined TRACON& Tower with Radar,292,59,100,6,457,0,17,80,4,101,292,76,180,10,558,0,0,0,558
08/12/2010,SAT,TX,ASW,CE,Combined TRACON& Tower with Radar,288,42,91,14,435,0,21,75,0,96,288,63,166,14,531,0,0,0,531
08/13/2010,SAT,TX,ASW,CE,Combined TRACON& Tower with Radar,296,48,105,10,459,0,12,100,0,112,296,60,205,10,571,0,0,0,571
08/14/2010,SAT,TX,ASW,CE,Combined TRACON& Tower with Radar,240,19,54,12,325,0,12,65,9,86,240,31,119,21,411,0,0,0,411
08/15/2010,SAT,TX,ASW,CE,Combined TRACON& Tower with Radar,253,37,61,10,361,0,8,57,2,67,253,45,118,12,428,0,0,0,428
08/16/2010,SAT,TX,ASW,CE,Combined TRACON& Tower with Radar,294,47,84,20,445,0,20,75,1,96,294,67,159,21,541,0,0,0,541
08/17/2010,SAT,TX,ASW,CE,Combined TRACON& Tower with Radar,286,36,102,15,439,0,8,77,4,89,286,44,179,19,528,0,0,0,528
08/18/2010,SAT,TX,ASW,CE,Combined TRACON& Tower with Radar,286,41,106,5,438,0,11,97,6,114,286,52,203,11,552,0,0,0,552
08/19/2010,SAT,TX,ASW,CE,Combined TRACON& Tower with Radar,286,55,97,11,449,0,12,92,1,105,286,67,189,12,554,0,0,0,554
08/20/2010,SAT,TX,ASW,CE,Combined TRACON& Tower with Radar,286,44,109,19,458,0,20,80,8,108,286,64,189,27,566,0,0,0,566
08/21/2010,SAT,TX,ASW,CE,Combined TRACON& Tower with Radar,220,17,65,18,320,0,22,73,3,98,220,39,138,21,418,0,0,0,418
08/22/2010,SAT,TX,ASW,CE,Combined TRACON& Tower with Radar,247,29,64,8,348,0,3,65,9,77,247,32,129,17,425,0,0,0,425
08/23/2010,SAT,TX,ASW,CE,Combined TRACON& Tower with Radar,277,33,71,14,395,0,23,60,16,99,277,56,131,30,494,0,0,0,494
08/24/2010,SAT,TX,ASW,CE,Combined TRACON& Tower with Radar,289,52,98,5,444,0,9,67,0,76,289,61,165,5,520,0,0,0,520
08/25/2010,SAT,TX,ASW,CE,Combined TRACON& Tower with Radar,277,48,132,12,469,0,9,65,5,79,277,57,197,17,548,0,0,0,548
08/26/2010,SAT,TX,ASW,CE,Combined TRACON& Tower with Radar,284,59,119,5,467,0,17,81,1,99,284,76,200,6,566,0,0,0,566
08/27/2010,SAT,TX,ASW,CE,Combined TRACON& Tower with Radar,282,58,93,17,450,0,18,118,3,139,282,76,211,20,589,0,0,0,589
08/28/2010,SAT,TX,ASW,CE,Combined TRACON& Tower with Radar,206,22,55,7,290,0,6,80,3,89,206,28,135,10,379,0,0,0,379
08/29/2010,SAT,TX,ASW,CE,Combined TRACON& Tower with Radar,244,41,63,17,365,0,12,54,2,68,244,53,117,19,433,0,0,0,433
08/30/2010,SAT,TX,ASW,CE,Combined TRACON& Tower with Radar,274,34,71,3,382,0,11,60,2,73,274,45,131,5,455,0,0,0,455
08/31/2010,SAT,TX,ASW,CE,Combined TRACON& Tower with Radar,277,44,101,8,430,0,10,80,4,94,277,54,181,12,524,0,0,0,524
09/01/2010,SAT,TX,ASW,CE,Combined TRACON& Tower with Radar,287,50,96,13,446,0,16,70,3,89,287,66,166,16,535,0,0,0,535
09/02/2010,SAT,TX,ASW,CE,Combined TRACON& Tower with Radar,291,40,102,31,464,0,11,59,2,72,291,51,161,33,536,0,0,0,536
09/03/2010,SAT,TX,ASW,CE,Combined TRACON& Tower with Radar,287,43,119,9,458,0,8,46,7,61,287,51,165,16,519,0,0,0,519
09/04/2010,SAT,TX,ASW,CE,Combined TRACON& Tower with Radar,186,26,53,2,267,0,3,65,0,68,186,29,118,2,335,0,0,0,335
09/05/2010,SAT,TX,ASW,CE,Combined TRACON& Tower with Radar,188,31,51,4,274,0,7,40,3,50,188,38,91,7,324,0,0,0,324
09/06/2010,SAT,TX,ASW,CE,Combined TRACON& Tower with Radar,241,27,74,3,345,0,2,27,1,30,241,29,101,4,375,0,0,0,375
09/07/2010,SAT,TX,ASW,CE,Combined TRACON& Tower with Radar,259,41,27,1,328,0,4,22,0,26,259,45,49,1,354,0,0,0,354
09/08/2010,SAT,TX,ASW,CE,Combined TRACON& Tower with Radar,276,46,84,4,410,0,4,44,1,49,276,50,128,5,459,0,0,0,459
09/09/2010,SAT,TX,ASW,CE,Combined TRACON& Tower with Radar,284,43,109,7,443,0,13,54,1,68,284,56,163,8,511,0,0,0,511
09/10/2010,SAT,TX,ASW,CE,Combined TRACON& Tower with Radar,278,39,128,13,458,0,14,73,3,90,278,53,201,16,548,0,0,0,548
09/11/2010,SAT,TX,ASW,CE,Combined TRACON& Tower with Radar,197,22,55,12,286,0,13,51,5,69,197,35,106,17,355,0,0,0,355
09/12/2010,SAT,TX,ASW,CE,Combined TRACON& Tower with Radar,232,25,76,18,351,0,5,58,6,69,232,30,134,24,420,0,0,0,420
09/13/2010,SAT,TX,ASW,CE,Combined TRACON& Tower with Radar,263,35,84,14,396,0,9,60,7,76,263,44,144,21,472,0,0,0,472
09/14/2010,SAT,TX,ASW,CE,Combined TRACON& Tower with Radar,271,56,110,0,437,0,18,63,2,83,271,74,173,2,520,0,0,0,520
09/15/2010,SAT,TX,ASW,CE,Combined TRACON& Tower with Radar,268,66,110,2,446,0,7,65,2,74,268,73,175,4,520,0,0,0,520
09/16/2010,SAT,TX,ASW,CE,Combined TRACON& Tower with Radar,278,56,138,16,488,0,20,91,3,114,278,76,229,19,602,0,0,0,602
09/17/2010,SAT,TX,ASW,CE,Combined TRACON& Tower with Radar,281,43,105,7,436,0,6,17,0,23,281,49,122,7,459,0,0,0,459
09/18/2010,SAT,TX,ASW,CE,Combined TRACON& Tower with Radar,195,24,54,4,277,0,0,8,1,9,195,24,62,5,286,0,0,0,286
09/19/2010,SAT,TX,ASW,CE,Combined TRACON& Tower with Radar,236,56,101,5,398,0,5,10,0,15,236,61,111,5,413,0,0,0,413
09/20/2010,SAT,TX,ASW,CE,Combined TRACON& Tower with Radar,267,55,121,15,458,0,7,32,3,42,267,62,153,18,500,0,0,0,500
09/21/2010,SAT,TX,ASW,CE,Combined TRACON& Tower with Radar,270,59,110,9,448,0,10,27,2,39,270,69,137,11,487,0,0,0,487
09/22/2010,SAT,TX,ASW,CE,Combined TRACON& Tower with Radar,272,55,122,14,463,0,15,25,0,40,272,70,147,14,503,0,0,0,503
09/23/2010,SAT,TX,ASW,CE,Combined TRACON& Tower with Radar,276,51,121,13,461,0,15,52,2,69,276,66,173,15,530,0,0,0,530
09/24/2010,SAT,TX,ASW,CE,Combined TRACON& Tower with Radar,280,48,112,16,456,0,14,66,1,81,280,62,178,17,537,0,0,0,537
09/25/2010,SAT,TX,ASW,CE,Combined TRACON& Tower with Radar,201,23,71,22,317,0,12,48,7,67,201,35,119,29,384,0,0,0,384
09/26/2010,SAT,TX,ASW,CE,Combined TRACON& Tower with Radar,240,33,77,12,362,0,1,32,0,33,240,34,109,12,395,0,0,0,395
09/27/2010,SAT,TX,ASW,CE,Combined TRACON& Tower with Radar,264,47,77,27,415,0,7,80,4,91,264,54,157,31,506,0,0,0,506
09/28/2010,SAT,TX,ASW,CE,Combined TRACON& Tower with Radar,271,47,134,5,457,0,12,76,0,88,271,59,210,5,545,0,0,0,545
09/29/2010,SAT,TX,ASW,CE,Combined TRACON& Tower with Radar,264,48,128,9,449,0,12,108,2,122,264,60,236,11,571,0,0,0,571
09/30/2010,SAT,TX,ASW,CE,Combined TRACON& Tower with Radar,277,46,131,9,463,0,12,122,1,135,277,58,253,10,598,0,0,0,598
10/01/2010,SAT,TX,ASW,CE,Combined TRACON& Tower with Radar,276,59,120,6,461,0,11,90,6,107,276,70,210,12,568,0,0,0,568
10/02/2010,SAT,TX,ASW,CE,Combined TRACON& Tower with Radar,190,17,56,4,267,0,12,83,2,97,190,29,139,6,364,0,0,0,364
10/03/2010,SAT,TX,ASW,CE,Combined TRACON& Tower with Radar,241,35,73,8,357,0,6,72,3,81,241,41,145,11,438,0,0,0,438
10/04/2010,SAT,TX,ASW,CE,Combined TRACON& Tower with Radar,263,36,100,25,424,0,17,106,0,123,263,53,206,25,547,0,0,0,547
10/05/2010,SAT,TX,ASW,CE,Combined TRACON& Tower with Radar,261,42,152,10,465,0,10,99,1,110,261,52,251,11,575,0,0,0,575
10/06/2010,SAT,TX,ASW,CE,Combined TRACON& Tower with Radar,273,47,115,9,444,0,13,119,0,132,273,60,234,9,576,0,0,0,576
10/07/2010,SAT,TX,ASW,CE,Combined TRACON& Tower with Radar,275,60,116,16,467,0,11,134,1,146,275,71,250,17,613,0,0,0,613
10/08/2010,SAT,TX,ASW,CE,Combined TRACON& Tower with Radar,273,62,109,8,452,0,16,114,0,130,273,78,223,8,582,0,0,0,582
10/09/2010,SAT,TX,ASW,CE,Combined TRACON& Tower with Radar,198,26,73,10,307,0,6,66,5,77,198,32,139,15,384,0,0,0,384
10/10/2010,SAT,TX,ASW,CE,Combined TRACON& Tower with Radar,237,33,99,5,374,0,6,52,6,64,237,39,151,11,438,0,0,0,438
10/11/2010,SAT,TX,ASW,CE,Combined TRACON& Tower with Radar,259,50,102,9,420,0,11,70,0,81,259,61,172,9,501,0,0,0,501
10/12/2010,SAT,TX,ASW,CE,Combined TRACON& Tower with Radar,272,50,114,6,442,0,18,105,2,125,272,68,219,8,567,0,0,0,567
10/13/2010,SAT,TX,ASW,CE,Combined TRACON& Tower with Radar,264,38,118,1,421,0,17,108,0,125,264,55,226,1,546,0,0,0,546
10/14/2010,SAT,TX,ASW,CE,Combined TRACON& Tower with Radar,276,62,81,5,424,0,13,114,0,127,276,75,195,5,551,0,0,0,551
10/15/2010,SAT,TX,ASW,CE,Combined TRACON& Tower with Radar,274,53,97,15,439,0,13,124,3,140,274,66,221,18,579,0,0,0,579
10/16/2010,SAT,TX,ASW,CE,Combined TRACON& Tower with Radar,193,39,57,13,302,0,11,77,6,94,193,50,134,19,396,0,0,0,396
10/17/2010,SAT,TX,ASW,CE,Combined TRACON& Tower with Radar,237,51,76,5,369,0,7,52,1,60,237,58,128,6,429,0,0,0,429
10/18/2010,SAT,TX,ASW,CE,Combined TRACON& Tower with Radar,266,53,89,12,420,0,16,105,0,121,266,69,194,12,541,0,0,0,541
10/19/2010,SAT,TX,ASW,CE,Combined TRACON& Tower with Radar,266,42,119,12,439,0,18,77,2,97,266,60,196,14,536,0,0,0,536
10/20/2010,SAT,TX,ASW,CE,Combined TRACON& Tower with Radar,265,56,125,18,464,0,23,119,5,147,265,79,244,23,611,0,0,0,611
10/21/2010,SAT,TX,ASW,CE,Combined TRACON& Tower with Radar,279,63,108,13,463,0,16,93,0,109,279,79,201,13,572,0,0,0,572
10/22/2010,SAT,TX,ASW,CE,Combined TRACON& Tower with Radar,274,59,130,14,477,0,13,54,2,69,274,72,184,16,546,0,0,0,546
10/23/2010,SAT,TX,ASW,CE,Combined TRACON& Tower with Radar,200,30,67,13,310,0,13,16,3,32,200,43,83,16,342,0,0,0,342
10/24/2010,SAT,TX,ASW,CE,Combined TRACON& Tower with Radar,239,50,96,23,408,0,7,54,3,64,239,57,150,26,472,0,0,0,472
10/25/2010,SAT,TX,ASW,CE,Combined TRACON& Tower with Radar,259,38,107,4,408,0,13,54,4,71,259,51,161,8,479,0,0,0,479
10/26/2010,SAT,TX,ASW,CE,Combined TRACON& Tower with Radar,269,74,129,11,483,0,13,108,3,124,269,87,237,14,607,0,0,0,607
10/27/2010,SAT,TX,ASW,CE,Combined TRACON& Tower with Radar,267,44,127,11,449,0,12,84,2,98,267,56,211,13,547,0,0,0,547
10/28/2010,SAT,TX,ASW,CE,Combined TRACON& Tower with Radar,283,50,108,12,453,0,20,80,1,101,283,70,188,13,554,0,0,0,554
10/29/2010,SAT,TX,ASW,CE,Combined TRACON& Tower with Radar,274,54,139,24,491,0,24,143,2,169,274,78,282,26,660,0,0,0,660
10/30/2010,SAT,TX,ASW,CE,Combined TRACON& Tower with Radar,202,29,73,8,312,0,10,66,2,78,202,39,139,10,390,0,0,0,390
10/31/2010,SAT,TX,ASW,CE,Combined TRACON& Tower with Radar,244,31,76,5,356,0,11,57,2,70,244,42,133,7,426,0,0,0,426
11/01/2010,SAT,TX,ASW,CE,Combined TRACON& Tower with Radar,256,41,101,11,409,0,10,49,0,59,256,51,150,11,468,0,0,0,468
11/02/2010,SAT,TX,ASW,CE,Combined TRACON& Tower with Radar,267,53,99,6,425,0,12,59,0,71,267,65,158,6,496,0,0,0,496
11/03/2010,SAT,TX,ASW,CE,Combined TRACON& Tower with Radar,277,60,94,13,444,0,7,45,2,54,277,67,139,15,498,0,0,0,498
11/04/2010,SAT,TX,ASW,CE,Combined TRACON& Tower with Radar,274,49,108,20,451,0,14,107,0,121,274,63,215,20,572,0,0,0,572
11/05/2010,SAT,TX,ASW,CE,Combined TRACON& Tower with Radar,279,59,113,9,460,0,24,123,1,148,279,83,236,10,608,0,0,0,608
11/06/2010,SAT,TX,ASW,CE,Combined TRACON& Tower with Radar,189,26,62,7,284,0,10,46,1,57,189,36,108,8,341,0,0,0,341
11/07/2010,SAT,TX,ASW,CE,Combined TRACON& Tower with Radar,244,33,87,9,373,0,6,69,2,77,244,39,156,11,450,0,0,0,450
11/08/2010,SAT,TX,ASW,CE,Combined TRACON& Tower with Radar,260,46,82,9,397,0,11,84,4,99,260,57,166,13,496,0,0,0,496
11/09/2010,SAT,TX,ASW,CE,Combined TRACON& Tower with Radar,268,56,122,12,458,0,10,84,0,94,268,66,206,12,552,0,0,0,552
11/10/2010,SAT,TX,ASW,CE,Combined TRACON& Tower with Radar,279,61,146,11,497,0,15,88,2,105,279,76,234,13,602,0,0,0,602
11/11/2010,SAT,TX,ASW,CE,Combined TRACON& Tower with Radar,274,68,135,9,486,0,8,65,0,73,274,76,200,9,559,0,0,0,559
11/12/2010,SAT,TX,ASW,CE,Combined TRACON& Tower with Radar,278,71,141,23,513,0,7,65,0,72,278,78,206,23,585,0,0,0,585
11/13/2010,SAT,TX,ASW,CE,Combined TRACON& Tower with Radar,199,32,63,10,304,0,12,66,5,83,199,44,129,15,387,0,0,0,387
11/14/2010,SAT,TX,ASW,CE,Combined TRACON& Tower with Radar,243,35,80,18,376,0,15,33,2,50,243,50,113,20,426,0,0,0,426
11/15/2010,SAT,TX,ASW,CE,Combined TRACON& Tower with Radar,262,65,121,13,461,0,12,56,1,69,262,77,177,14,530,0,0,0,530
11/16/2010,SAT,TX,ASW,CE,Combined TRACON& Tower with Radar,277,57,110,12,456,0,19,88,1,108,277,76,198,13,564,0,0,0,564
11/17/2010,SAT,TX,ASW,CE,Combined TRACON& Tower with Radar,272,47,121,17,457,0,19,90,4,113,272,66,211,21,570,0,0,0,570
11/18/2010,SAT,TX,ASW,CE,Combined TRACON& Tower with Radar,277,34,130,9,450,0,13,102,2,117,277,47,232,11,567,0,0,0,567
11/19/2010,SAT,TX,ASW,CE,Combined TRACON& Tower with Radar,281,45,113,26,465,0,20,124,10,154,281,65,237,36,619,0,0,0,619
11/20/2010,SAT,TX,ASW,CE,Combined TRACON& Tower with Radar,211,34,83,2,330,0,10,43,2,55,211,44,126,4,385,0,0,0,385
11/21/2010,SAT,TX,ASW,CE,Combined TRACON& Tower with Radar,249,35,81,15,380,0,4,28,2,34,249,39,109,17,414,0,0,0,414
11/22/2010,SAT,TX,ASW,CE,Combined TRACON& Tower with Radar,261,55,93,4,413,0,6,52,3,61,261,61,145,7,474,0,0,0,474
11/23/2010,SAT,TX,ASW,CE,Combined TRACON& Tower with Radar,281,70,128,9,488,0,3,51,2,56,281,73,179,11,544,0,0,0,544
11/24/2010,SAT,TX,ASW,CE,Combined TRACON& Tower with Radar,276,66,125,4,471,0,2,46,0,48,276,68,171,4,519,0,0,0,519
11/25/2010,SAT,TX,ASW,CE,Combined TRACON& Tower with Radar,160,25,38,3,226,0,9,12,0,21,160,34,50,3,247,0,0,0,247
11/26/2010,SAT,TX,ASW,CE,Combined TRACON& Tower with Radar,212,35,56,1,304,0,13,62,0,75,212,48,118,1,379,0,0,0,379
11/27/2010,SAT,TX,ASW,CE,Combined TRACON& Tower with Radar,226,29,49,2,306,0,8,68,0,76,226,37,117,2,382,0,0,0,382
11/28/2010,SAT,TX,ASW,CE,Combined TRACON& Tower with Radar,260,55,107,2,424,0,4,72,0,76,260,59,179,2,500,0,0,0,500
11/29/2010,SAT,TX,ASW,CE,Combined TRACON& Tower with Radar,267,41,91,11,410,0,15,73,7,95,267,56,164,18,505,0,0,0,505
11/30/2010,SAT,TX,ASW,CE,Combined TRACON& Tower with Radar,270,49,82,10,411,0,20,76,5,101,270,69,158,15,512,0,0,0,512
12/01/2010,SAT,TX,ASW,CE,Combined TRACON& Tower with Radar,275,41,108,16,440,0,15,93,0,108,275,56,201,16,548,0,0,0,548
12/02/2010,SAT,TX,ASW,CE,Combined TRACON& Tower with Radar,282,51,110,11,454,0,16,115,0,131,282,67,225,11,585,0,0,0,585
12/03/2010,SAT,TX,ASW,CE,Combined TRACON& Tower with Radar,276,62,106,22,466,0,11,94,4,109,276,73,200,26,575,0,0,0,575
12/04/2010,SAT,TX,ASW,CE,Combined TRACON& Tower with Radar,194,23,58,19,294,0,12,69,2,83,194,35,127,21,377,0,0,0,377
12/05/2010,SAT,TX,ASW,CE,Combined TRACON& Tower with Radar,248,27,101,11,387,0,10,48,2,60,248,37,149,13,447,0,0,0,447
12/06/2010,SAT,TX,ASW,CE,Combined TRACON& Tower with Radar,256,40,104,13,413,0,12,72,2,86,256,52,176,15,499,0,0,0,499
12/07/2010,SAT,TX,ASW,CE,Combined TRACON& Tower with Radar,262,51,123,22,458,0,15,52,1,68,262,66,175,23,526,0,0,0,526
12/08/2010,SAT,TX,ASW,CE,Combined TRACON& Tower with Radar,271,48,97,7,423,0,21,96,4,121,271,69,193,11,544,0,0,0,544
12/09/2010,SAT,TX,ASW,CE,Combined TRACON& Tower with Radar,286,56,98,11,451,0,23,97,2,122,286,79,195,13,573,0,0,0,573
12/10/2010,SAT,TX,ASW,CE,Combined TRACON& Tower with Radar,284,54,117,17,472,0,18,107,2,127,284,72,224,19,599,0,0,0,599
12/11/2010,SAT,TX,ASW,CE,Combined TRACON& Tower with Radar,199,29,54,28,310,0,10,64,2,76,199,39,118,30,386,0,0,0,386
12/12/2010,SAT,TX,ASW,CE,Combined TRACON& Tower with Radar,237,30,66,22,355,0,6,47,6,59,237,36,113,28,414,0,0,0,414
12/13/2010,SAT,TX,ASW,CE,Combined TRACON& Tower with Radar,262,44,110,18,434,0,23,99,3,125,262,67,209,21,559,0,0,0,559
12/14/2010,SAT,TX,ASW,CE,Combined TRACON& Tower with Radar,264,53,123,14,454,0,14,75,4,93,264,67,198,18,547,0,0,0,547
12/15/2010,SAT,TX,ASW,CE,Combined TRACON& Tower with Radar,274,60,116,17,467,0,11,59,5,75,274,71,175,22,542,0,0,0,542
12/16/2010,SAT,TX,ASW,CE,Combined TRACON& Tower with Radar,277,60,108,12,457,0,13,70,1,84,277,73,178,13,541,0,0,0,541
12/17/2010,SAT,TX,ASW,CE,Combined TRACON& Tower with Radar,284,64,112,13,473,0,14,69,3,86,284,78,181,16,559,0,0,0,559
12/18/2010,SAT,TX,ASW,CE,Combined TRACON& Tower with Radar,219,31,63,8,321,0,13,88,3,104,219,44,151,11,425,0,0,0,425
12/19/2010,SAT,TX,ASW,CE,Combined TRACON& Tower with Radar,245,28,81,5,359,0,8,50,5,63,245,36,131,10,422,0,0,0,422
12/20/2010,SAT,TX,ASW,CE,Combined TRACON& Tower with Radar,264,37,98,6,405,0,17,47,1,65,264,54,145,7,470,0,0,0,470
12/21/2010,SAT,TX,ASW,CE,Combined TRACON& Tower with Radar,282,54,117,8,461,0,7,45,0,52,282,61,162,8,513,0,0,0,513
12/22/2010,SAT,TX,ASW,CE,Combined TRACON& Tower with Radar,292,66,104,8,470,0,4,11,0,15,292,70,115,8,485,0,0,0,485
12/23/2010,SAT,TX,ASW,CE,Combined TRACON& Tower with Radar,289,47,93,0,429,0,8,12,0,20,289,55,105,0,449,0,0,0,449
12/24/2010,SAT,TX,ASW,CE,Combined TRACON& Tower with Radar,223,34,22,1,280,0,3,1,0,4,223,37,23,1,284,0,0,0,284
12/25/2010,SAT,TX,ASW,CE,Combined TRACON& Tower with Radar,169,48,21,2,240,0,3,24,0,27,169,51,45,2,267,0,0,0,267
12/26/2010,SAT,TX,ASW,CE,Combined TRACON& Tower with Radar,243,56,82,0,381,0,4,69,0,73,243,60,151,0,454,0,0,0,454
12/27/2010,SAT,TX,ASW,CE,Combined TRACON& Tower with Radar,264,46,102,1,413,0,15,69,0,84,264,61,171,1,497,0,0,0,497
12/28/2010,SAT,TX,ASW,CE,Combined TRACON& Tower with Radar,283,44,80,2,409,0,0,0,0,0,283,44,80,2,409,0,0,0,409
12/29/2010,SAT,TX,ASW,CE,Combined TRACON& Tower with Radar,287,57,90,8,442,0,12,27,1,40,287,69,117,9,482,0,0,0,482
12/30/2010,SAT,TX,ASW,CE,Combined TRACON& Tower with Radar,286,65,121,2,474,0,10,52,0,62,286,75,173,2,536,0,0,0,536
12/31/2010,SAT,TX,ASW,CE,Combined TRACON& Tower with Radar,224,40,55,0,319,0,6,37,0,43,224,46,92,0,362,0,0,0,362
01/01/2011,SAT,TX,ASW,CE,Combined TRACON& Tower with Radar,191,23,31,2,247,0,9,44,0,53,191,32,75,2,300,0,0,0,300
01/02/2011,SAT,TX,ASW,CE,Combined TRACON& Tower with Radar,253,38,83,7,381,0,5,66,2,73,253,43,149,9,454,0,0,0,454
01/03/2011,SAT,TX,ASW,CE,Combined TRACON& Tower with Radar,273,64,84,1,422,0,11,41,2,54,273,75,125,3,476,0,0,0,476
01/04/2011,SAT,TX,ASW,CE,Combined TRACON& Tower with Radar,271,57,99,6,433,0,2,0,1,3,271,59,99,7,436,0,0,0,436
01/05/2011,SAT,TX,ASW,CE,Combined TRACON& Tower with Radar,273,31,103,13,420,0,10,77,4,91,273,41,180,17,511,0,0,0,511
01/06/2011,SAT,TX,ASW,CE,Combined TRACON& Tower with Radar,274,48,106,14,442,0,13,97,2,112,274,61,203,16,554,0,0,0,554
01/07/2011,SAT,TX,ASW,CE,Combined TRACON& Tower with Radar,272,44,82,18,416,0,9,93,5,107,272,53,175,23,523,0,0,0,523
01/08/2011,SAT,TX,ASW,CE,Combined TRACON& Tower with Radar,197,37,61,15,310,0,2,49,5,56,197,39,110,20,366,0,0,0,366
01/09/2011,SAT,TX,ASW,CE,Combined TRACON& Tower with Radar,229,26,78,20,353,0,6,20,4,30,229,32,98,24,383,0,0,0,383
01/10/2011,SAT,TX,ASW,CE,Combined TRACON& Tower with Radar,248,44,58,16,366,0,0,1,0,1,248,44,59,16,367,0,0,0,367
01/11/2011,SAT,TX,ASW,CE,Combined TRACON& Tower with Radar,241,42,96,2,381,0,10,62,0,72,241,52,158,2,453,0,0,0,453
01/12/2011,SAT,TX,ASW,CE,Combined TRACON& Tower with Radar,267,40,106,9,422,0,32,47,1,80,267,72,153,10,502,0,0,0,502
01/13/2011,SAT,TX,ASW,CE,Combined TRACON& Tower with Radar,283,55,133,14,485,0,13,51,1,65,283,68,184,15,550,0,0,0,550
01/14/2011,SAT,TX,ASW,CE,Combined TRACON& Tower with Radar,278,53,151,3,485,0,0,0,0,0,278,53,151,3,485,0,0,0,485
01/15/2011,SAT,TX,ASW,CE,Combined TRACON& Tower with Radar,193,35,56,7,291,0,0,1,0,1,193,35,57,7,292,0,0,0,292
01/16/2011,SAT,TX,ASW,CE,Combined TRACON& Tower with Radar,237,26,60,2,325,0,3,5,0,8,237,29,65,2,333,0,0,0,333
01/17/2011,SAT,TX,ASW,CE,Combined TRACON& Tower with Radar,258,43,111,13,425,0,4,41,3,48,258,47,152,16,473,0,0,0,473
01/18/2011,SAT,TX,ASW,CE,Combined TRACON& Tower with Radar,270,51,129,12,462,1,16,75,5,97,271,67,204,17,559,0,0,0,559
01/19/2011,SAT,TX,ASW,CE,Combined TRACON& Tower with Radar,275,47,136,13,471,0,13,83,3,99,275,60,219,16,570,0,0,0,570
01/20/2011,SAT,TX,ASW,CE,Combined TRACON& Tower with Radar,280,48,109,10,447,0,6,31,2,39,280,54,140,12,486,0,0,0,486
01/21/2011,SAT,TX,ASW,CE,Combined TRACON& Tower with Radar,288,61,102,25,476,0,12,118,6,136,288,73,220,31,612,0,0,0,612
01/22/2011,SAT,TX,ASW,CE,Combined TRACON& Tower with Radar,193,24,56,5,278,0,8,89,9,106,193,32,145,14,384,0,0,0,384
01/23/2011,SAT,TX,ASW,CE,Combined TRACON& Tower with Radar,233,38,52,13,336,0,4,26,0,30,233,42,78,13,366,0,0,0,366
01/24/2011,SAT,TX,ASW,CE,Combined TRACON& Tower with Radar,261,49,113,22,445,0,16,71,5,92,261,65,184,27,537,0,0,0,537
01/25/2011,SAT,TX,ASW,CE,Combined TRACON& Tower with Radar,271,55,90,7,423,0,8,74,3,85,271,63,164,10,508,0,0,0,508
01/26/2011,SAT,TX,ASW,CE,Combined TRACON& Tower with Radar,272,35,89,13,409,0,16,112,1,129,272,51,201,14,538,0,0,0,538
01/27/2011,SAT,TX,ASW,CE,Combined TRACON& Tower with Radar,273,68,105,14,460,0,19,119,1,139,273,87,224,15,599,0,0,0,599
01/28/2011,SAT,TX,ASW,CE,Combined TRACON& Tower with Radar,271,60,90,15,436,0,10,90,6,106,271,70,180,21,542,0,0,0,542
01/29/2011,SAT,TX,ASW,CE,Combined TRACON& Tower with Radar,195,22,58,6,281,0,5,26,0,31,195,27,84,6,312,0,0,0,312
01/30/2011,SAT,TX,ASW,CE,Combined TRACON& Tower with Radar,236,36,73,10,355,0,10,44,0,54,236,46,117,10,409,0,0,0,409
01/31/2011,SAT,TX,ASW,CE,Combined TRACON& Tower with Radar,264,63,105,12,444,0,6,44,0,50,264,69,149,12,494,0,0,0,494
02/01/2011,SAT,TX,ASW,CE,Combined TRACON& Tower with Radar,214,52,61,37,364,0,6,16,3,25,214,58,77,40,389,0,0,0,389
02/02/2011,SAT,TX,ASW,CE,Combined TRACON& Tower with Radar,243,40,67,5,355,0,11,17,0,28,243,51,84,5,383,0,0,0,383
02/03/2011,SAT,TX,ASW,CE,Combined TRACON& Tower with Radar,241,57,70,4,372,0,6,18,0,24,241,63,88,4,396,0,0,0,396
02/04/2011,SAT,TX,ASW,CE,Combined TRACON& Tower with Radar,209,49,110,3,371,0,14,51,2,67,209,63,161,5,438,0,0,0,438
02/05/2011,SAT,TX,ASW,CE,Combined TRACON& Tower with Radar,198,31,76,6,311,0,14,68,2,84,198,45,144,8,395,0,0,0,395
02/06/2011,SAT,TX,ASW,CE,Combined TRACON& Tower with Radar,229,29,46,7,311,0,7,46,0,53,229,36,92,7,364,0,0,0,364
02/07/2011,SAT,TX,ASW,CE,Combined TRACON& Tower with Radar,271,48,118,3,440,0,17,92,2,111,271,65,210,5,551,0,0,0,551
02/08/2011,SAT,TX,ASW,CE,Combined TRACON& Tower with Radar,260,59,87,9,415,0,18,62,1,81,260,77,149,10,496,0,0,0,496
02/09/2011,SAT,TX,ASW,CE,Combined TRACON& Tower with Radar,263,59,72,12,406,0,10,19,1,30,263,69,91,13,436,0,0,0,436
02/10/2011,SAT,TX,ASW,CE,Combined TRACON& Tower with Radar,277,59,109,14,459,0,17,78,3,98,277,76,187,17,557,0,0,0,557
02/11/2011,SAT,TX,ASW,CE,Combined TRACON& Tower with Radar,285,69,98,9,461,0,13,124,0,137,285,82,222,9,598,0,0,0,598
02/12/2011,SAT,TX,ASW,CE,Combined TRACON& Tower with Radar,191,33,43,5,272,0,11,127,1,139,191,44,170,6,411,0,0,0,411
02/13/2011,SAT,TX,ASW,CE,Combined TRACON& Tower with Radar,235,38,60,7,340,0,10,82,4,96,235,48,142,11,436,0,0,0,436
02/14/2011,SAT,TX,ASW,CE,Combined TRACON& Tower with Radar,264,47,66,7,384,0,12,99,0,111,264,59,165,7,495,0,0,0,495
02/15/2011,SAT,TX,ASW,CE,Combined TRACON& Tower with Radar,270,55,118,5,448,0,2,42,0,44,270,57,160,5,492,0,0,0,492
02/16/2011,SAT,TX,ASW,CE,Combined TRACON& Tower with Radar,276,45,141,14,476,0,4,29,4,37,276,49,170,18,513,0,0,0,513
02/17/2011,SAT,TX,ASW,CE,Combined TRACON& Tower with Radar,282,64,166,7,519,0,8,50,3,61,282,72,216,10,580,0,0,0,580
02/18/2011,SAT,TX,ASW,CE,Combined TRACON& Tower with Radar,277,62,138,10,487,0,9,37,1,47,277,71,175,11,534,0,0,0,534
02/19/2011,SAT,TX,ASW,CE,Combined TRACON& Tower with Radar,196,28,73,5,302,0,4,11,0,15,196,32,84,5,317,0,0,0,317
02/20/2011,SAT,TX,ASW,CE,Combined TRACON& Tower with Radar,230,23,84,9,346,0,5,41,2,48,230,28,125,11,394,0,0,0,394
02/21/2011,SAT,TX,ASW,CE,Combined TRACON& Tower with Radar,257,44,101,5,407,0,7,47,2,56,257,51,148,7,463,0,0,0,463
02/22/2011,SAT,TX,ASW,CE,Combined TRACON& Tower with Radar,276,63,146,16,501,0,4,34,0,38,276,67,180,16,539,0,0,0,539
02/23/2011,SAT,TX,ASW,CE,Combined TRACON& Tower with Radar,287,54,172,7,520,0,7,39,4,50,287,61,211,11,570,0,0,0,570
02/24/2011,SAT,TX,ASW,CE,Combined TRACON& Tower with Radar,285,56,148,6,495,0,6,38,2,46,285,62,186,8,541,0,0,0,541
02/25/2011,SAT,TX,ASW,CE,Combined TRACON& Tower with Radar,276,55,117,12,460,0,8,158,3,169,276,63,275,15,629,0,0,0,629
02/26/2011,SAT,TX,ASW,CE,Combined TRACON& Tower with Radar,198,35,70,2,305,0,7,17,0,24,198,42,87,2,329,0,0,0,329
02/27/2011,SAT,TX,ASW,CE,Combined TRACON& Tower with Radar,236,22,85,18,361,0,7,34,0,41,236,29,119,18,402,0,0,0,402
02/28/2011,SAT,TX,ASW,CE,Combined TRACON& Tower with Radar,275,41,103,5,424,0,10,105,0,115,275,51,208,5,539,0,0,0,539
03/01/2011,SAT,TX,ASW,CE,Combined TRACON& Tower with Radar,280,43,96,9,428,0,14,104,10,128,280,57,200,19,556,0,0,0,556
03/02/2011,SAT,TX,ASW,CE,Combined TRACON& Tower with Radar,278,54,107,11,450,0,13,93,3,109,278,67,200,14,559,0,0,0,559
03/03/2011,SAT,TX,ASW,CE,Combined TRACON& Tower with Radar,280,55,132,3,470,0,10,81,4,95,280,65,213,7,565,0,0,0,565
03/04/2011,SAT,TX,ASW,CE,Combined TRACON& Tower with Radar,276,58,140,9,483,0,9,62,5,76,276,67,202,14,559,0,0,0,559
03/05/2011,SAT,TX,ASW,CE,Combined TRACON& Tower with Radar,204,25,54,7,290,0,2,22,5,29,204,27,76,12,319,0,0,0,319
03/06/2011,SAT,TX,ASW,CE,Combined TRACON& Tower with Radar,243,26,87,12,368,0,7,91,4,102,243,33,178,16,470,0,0,0,470
03/07/2011,SAT,TX,ASW,CE,Combined TRACON& Tower with Radar,264,45,113,5,427,0,9,79,3,91,264,54,192,8,518,0,0,0,518
03/08/2011,SAT,TX,ASW,CE,Combined TRACON& Tower with Radar,279,48,93,30,450,0,14,51,1,66,279,62,144,31,516,0,0,0,516
03/09/2011,SAT,TX,ASW,CE,Combined TRACON& Tower with Radar,281,45,89,9,424,0,7,103,7,117,281,52,192,16,541,0,0,0,541
03/10/2011,SAT,TX,ASW,CE,Combined TRACON& Tower with Radar,279,50,158,15,502,0,14,144,4,162,279,64,302,19,664,0,0,0,664
03/11/2011,SAT,TX,ASW,CE,Combined TRACON& Tower with Radar,281,65,138,10,494,0,11,102,5,118,281,76,240,15,612,0,0,0,612
03/12/2011,SAT,TX,ASW,CE,Combined TRACON& Tower with Radar,218,39,148,3,408,0,13,110,4,127,218,52,258,7,535,0,0,0,535
03/13/2011,SAT,TX,ASW,CE,Combined TRACON& Tower with Radar,250,35,153,6,444,0,1,42,1,44,250,36,195,7,488,0,0,0,488
03/14/2011,SAT,TX,ASW,CE,Combined TRACON& Tower with Radar,285,35,70,9,399,0,9,48,2,59,285,44,118,11,458,0,0,0,458
03/15/2011,SAT,TX,ASW,CE,Combined TRACON& Tower with Radar,287,41,96,9,433,0,6,63,0,69,287,47,159,9,502,0,0,0,502
03/16/2011,SAT,TX,ASW,CE,Combined TRACON& Tower with Radar,287,51,101,12,451,0,6,61,3,70,287,57,162,15,521,0,0,0,521
03/17/2011,SAT,TX,ASW,CE,Combined TRACON& Tower with Radar,290,51,124,10,475,0,16,81,0,97,290,67,205,10,572,0,0,0,572
03/18/2011,SAT,TX,ASW,CE,Combined TRACON& Tower with Radar,287,62,97,19,465,0,11,101,2,114,287,73,198,21,579,0,0,0,579
03/19/2011,SAT,TX,ASW,CE,Combined TRACON& Tower with Radar,230,72,86,6,394,0,11,52,1,64,230,83,138,7,458,0,0,0,458
03/20/2011,SAT,TX,ASW,CE,Combined TRACON& Tower with Radar,253,59,118,7,437,0,7,42,2,51,253,66,160,9,488,0,0,0,488
03/21/2011,SAT,TX,ASW,CE,Combined TRACON& Tower with Radar,259,63,119,17,458,0,11,68,2,81,259,74,187,19,539,0,0,0,539
03/22/2011,SAT,TX,ASW,CE,Combined TRACON& Tower with Radar,289,59,131,6,485,0,19,74,0,93,289,78,205,6,578,0,0,0,578
03/23/2011,SAT,TX,ASW,CE,Combined TRACON& Tower with Radar,290,51,138,22,501,0,13,85,1,99,290,64,223,23,600,0,0,0,600
03/24/2011,SAT,TX,ASW,CE,Combined TRACON& Tower with Radar,300,68,148,12,528,0,14,84,2,100,300,82,232,14,628,0,0,0,628
03/25/2011,SAT,TX,ASW,CE,Combined TRACON& Tower with Radar,290,77,140,18,525,0,19,83,1,103,290,96,223,19,628,0,0,0,628
03/26/2011,SAT,TX,ASW,CE,Combined TRACON& Tower with Radar,223,36,92,13,364,0,3,38,0,41,223,39,130,13,405,0,0,0,405
03/27/2011,SAT,TX,ASW,CE,Combined TRACON& Tower with Radar,259,51,137,14,461,0,9,54,0,63,259,60,191,14,524,0,0,0,524
03/28/2011,SAT,TX,ASW,CE,Combined TRACON& Tower with Radar,284,75,115,2,476,0,8,34,0,42,284,83,149,2,518,0,0,0,518
03/29/2011,SAT,TX,ASW,CE,Combined TRACON& Tower with Radar,289,63,114,16,482,0,0,6,0,6,289,63,120,16,488,0,0,0,488
03/30/2011,SAT,TX,ASW,CE,Combined TRACON& Tower with Radar,291,43,118,3,455,0,8,62,1,71,291,51,180,4,526,0,0,0,526
03/31/2011,SAT,TX,ASW,CE,Combined TRACON& Tower with Radar,287,45,137,6,475,0,10,92,2,104,287,55,229,8,579,0,0,0,579
04/01/2011,SAT,TX,ASW,CE,Combined TRACON& Tower with Radar,293,69,126,13,501,0,16,73,3,92,293,85,199,16,593,0,0,0,593
04/02/2011,SAT,TX,ASW,CE,Combined TRACON& Tower with Radar,216,25,83,7,331,0,12,36,4,52,216,37,119,11,383,0,0,0,383
04/03/2011,SAT,TX,ASW,CE,Combined TRACON& Tower with Radar,241,47,108,9,405,0,7,35,1,43,241,54,143,10,448,0,0,0,448
04/04/2011,SAT,TX,ASW,CE,Combined TRACON& Tower with Radar,284,33,105,6,428,0,10,34,0,44,284,43,139,6,472,0,0,0,472
04/05/2011,SAT,TX,ASW,CE,Combined TRACON& Tower with Radar,278,42,102,9,431,0,12,86,3,101,278,54,188,12,532,0,0,0,532
04/06/2011,SAT,TX,ASW,CE,Combined TRACON& Tower with Radar,282,42,109,14,447,0,13,70,0,83,282,55,179,14,530,0,0,0,530
04/07/2011,SAT,TX,ASW,CE,Combined TRACON& Tower with Radar,289,50,124,16,479,0,19,58,1,78,289,69,182,17,557,0,0,0,557
04/08/2011,SAT,TX,ASW,CE,Combined TRACON& Tower with Radar,286,46,125,13,470,0,3,79,2,84,286,49,204,15,554,0,0,0,554
04/09/2011,SAT,TX,ASW,CE,Combined TRACON& Tower with Radar,211,20,51,7,289,0,10,39,7,56,211,30,90,14,345,0,0,0,345
04/10/2011,SAT,TX,ASW,CE,Combined TRACON& Tower with Radar,249,32,64,8,353,0,4,32,6,42,249,36,96,14,395,0,0,0,395
04/11/2011,SAT,TX,ASW,CE,Combined TRACON& Tower with Radar,279,48,101,18,446,0,9,69,4,82,279,57,170,22,528,0,0,0,528
04/12/2011,SAT,TX,ASW,CE,Combined TRACON& Tower with Radar,273,47,118,12,450,0,9,101,1,111,273,56,219,13,561,0,0,0,561
04/13/2011,SAT,TX,ASW,CE,Combined TRACON& Tower with Radar,277,52,128,10,467,0,15,95,3,113,277,67,223,13,580,0,0,0,580
04/14/2011,SAT,TX,ASW,CE,Combined TRACON& Tower with Radar,288,58,130,17,493,0,22,34,6,62,288,80,164,23,555,0,0,0,555
04/15/2011,SAT,TX,ASW,CE,Combined TRACON& Tower with Radar,288,75,104,8,475,0,10,76,4,90,288,85,180,12,565,0,0,0,565
04/16/2011,SAT,TX,ASW,CE,Combined TRACON& Tower with Radar,216,34,71,13,334,0,7,94,2,103,216,41,165,15,437,0,0,0,437
04/17/2011,SAT,TX,ASW,CE,Combined TRACON& Tower with Radar,256,60,102,13,431,0,12,76,0,88,256,72,178,13,519,0,0,0,519
04/18/2011,SAT,TX,ASW,CE,Combined TRACON& Tower with Radar,275,48,105,16,444,0,13,60,4,77,275,61,165,20,521,0,0,0,521
04/19/2011,SAT,TX,ASW,CE,Combined TRACON& Tower with Radar,291,50,130,6,477,0,11,53,2,66,291,61,183,8,543,0,0,0,543
04/20/2011,SAT,TX,ASW,CE,Combined TRACON& Tower with Radar,273,49,181,22,525,0,14,57,0,71,273,63,238,22,596,0,0,0,596
04/21/2011,SAT,TX,ASW,CE,Combined TRACON& Tower with Radar,291,58,130,20,499,0,13,47,2,62,291,71,177,22,561,0,0,0,561
04/22/2011,SAT,TX,ASW,CE,Combined TRACON& Tower with Radar,283,39,96,15,433,0,8,46,1,55,283,47,142,16,488,0,0,0,488
04/23/2011,SAT,TX,ASW,CE,Combined TRACON& Tower with Radar,212,25,50,1,288,0,11,48,2,61,212,36,98,3,349,0,0,0,349
04/24/2011,SAT,TX,ASW,CE,Combined TRACON& Tower with Radar,249,55,59,3,366,0,12,35,0,47,249,67,94,3,413,0,0,0,413
04/25/2011,SAT,TX,ASW,CE,Combined TRACON& Tower with Radar,278,46,143,15,482,0,18,49,1,68,278,64,192,16,550,0,0,0,550
04/26/2011,SAT,TX,ASW,CE,Combined TRACON& Tower with Radar,156,27,75,12,270,0,3,25,1,29,156,30,100,13,299,0,0,0,299
04/27/2011,SAT,TX,ASW,CE,Combined TRACON& Tower with Radar,272,60,127,6,465,0,14,78,0,92,272,74,205,6,557,0,0,0,557
04/28/2011,SAT,TX,ASW,CE,Combined TRACON& Tower with Radar,283,52,127,12,474,0,11,131,2,144,283,63,258,14,618,0,0,0,618
04/29/2011,SAT,TX,ASW,CE,Combined TRACON& Tower with Radar,293,57,126,10,486,0,16,82,0,98,293,73,208,10,584,0,0,0,584
04/30/2011,SAT,TX,ASW,CE,Combined TRACON& Tower with Radar,215,39,77,29,360,0,9,55,7,71,215,48,132,36,431,0,0,0,431
05/01/2011,SAT,TX,ASW,CE,Combined TRACON& Tower with Radar,251,63,122,31,467,0,6,33,3,42,251,69,155,34,509,0,0,0,509
05/02/2011,SAT,TX,ASW,CE,Combined TRACON& Tower with Radar,276,46,84,19,425,0,11,9,1,21,276,57,93,20,446,0,0,0,446
05/03/2011,SAT,TX,ASW,CE,Combined TRACON& Tower with Radar,274,50,112,10,446,0,7,69,3,79,274,57,181,13,525,0,0,0,525
05/04/2011,SAT,TX,ASW,CE,Combined TRACON& Tower with Radar,282,63,119,19,483,0,12,93,4,109,282,75,212,23,592,0,0,0,592
05/05/2011,SAT,TX,ASW,CE,Combined TRACON& Tower with Radar,289,51,120,9,469,0,19,90,6,115,289,70,210,15,584,0,0,0,584
05/06/2011,SAT,TX,ASW,CE,Combined TRACON& Tower with Radar,294,58,128,13,493,0,11,63,2,76,294,69,191,15,569,0,0,0,569
05/07/2011,SAT,TX,ASW,CE,Combined TRACON& Tower with Radar,207,22,65,9,303,0,6,59,0,65,207,28,124,9,368,0,0,0,368
05/08/2011,SAT,TX,ASW,CE,Combined TRACON& Tower with Radar,247,33,61,8,349,0,2,45,4,51,247,35,106,12,400,0,0,0,400
05/09/2011,SAT,TX,ASW,CE,Combined TRACON& Tower with Radar,278,36,97,10,421,0,13,51,5,69,278,49,148,15,490,0,0,0,490
05/10/2011,SAT,TX,ASW,CE,Combined TRACON& Tower with Radar,276,42,116,17,451,0,9,43,0,52,276,51,159,17,503,0,0,0,503
05/11/2011,SAT,TX,ASW,CE,Combined TRACON& Tower with Radar,131,16,57,2,206,0,1,22,1,24,131,17,79,3,230,0,0,0,230
05/12/2011,SAT,TX,ASW,CE,Combined TRACON& Tower with Radar,303,48,75,1,427,0,8,37,0,45,303,56,112,1,472,0,0,0,472
05/13/2011,SAT,TX,ASW,CE,Combined TRACON& Tower with Radar,290,43,103,11,447,0,9,86,3,98,290,52,189,14,545,0,0,0,545
05/14/2011,SAT,TX,ASW,CE,Combined TRACON& Tower with Radar,209,24,58,12,303,1,10,81,2,94,210,34,139,14,397,0,0,0,397
05/15/2011,SAT,TX,ASW,CE,Combined TRACON& Tower with Radar,257,25,59,19,360,0,9,60,5,74,257,34,119,24,434,0,0,0,434
05/16/2011,SAT,TX,ASW,CE,Combined TRACON& Tower with Radar,276,44,91,17,428,0,11,80,0,91,276,55,171,17,519,0,0,0,519
05/17/2011,SAT,TX,ASW,CE,Combined TRACON& Tower with Radar,279,38,118,13,448,0,17,109,4,130,279,55,227,17,578,0,0,0,578
05/18/2011,SAT,TX,ASW,CE,Combined TRACON& Tower with Radar,277,46,131,19,473,0,15,66,5,86,277,61,197,24,559,0,0,0,559
05/19/2011,SAT,TX,ASW,CE,Combined TRACON& Tower with Radar,284,50,138,14,486,0,5,14,2,21,284,55,152,16,507,0,0,0,507
05/20/2011,SAT,TX,ASW,CE,Combined TRACON& Tower with Radar,287,53,137,14,491,0,11,20,1,32,287,64,157,15,523,0,0,0,523
05/21/2011,SAT,TX,ASW,CE,Combined TRACON& Tower with Radar,214,29,66,5,314,0,3,23,1,27,214,32,89,6,341,0,0,0,341
05/22/2011,SAT,TX,ASW,CE,Combined TRACON& Tower with Radar,258,34,74,12,378,0,6,33,7,46,258,40,107,19,424,0,0,0,424
05/23/2011,SAT,TX,ASW,CE,Combined TRACON& Tower with Radar,259,39,94,8,400,0,10,39,1,50,259,49,133,9,450,0,0,0,450
05/24/2011,SAT,TX,ASW,CE,Combined TRACON& Tower with Radar,289,37,97,8,431,0,14,65,2,81,289,51,162,10,512,0,0,0,512
05/25/2011,SAT,TX,ASW,CE,Combined TRACON& Tower with Radar,270,52,117,17,456,0,4,86,3,93,270,56,203,20,549,0,0,0,549
05/26/2011,SAT,TX,ASW,CE,Combined TRACON& Tower with Radar,280,51,115,3,449,0,12,97,0,109,280,63,212,3,558,0,0,0,558
05/27/2011,SAT,TX,ASW,CE,Combined TRACON& Tower with Radar,287,52,99,8,446,0,13,80,0,93,287,65,179,8,539,0,0,0,539
05/28/2011,SAT,TX,ASW,CE,Combined TRACON& Tower with Radar,203,21,61,2,287,0,9,35,0,44,203,30,96,2,331,0,0,0,331
05/29/2011,SAT,TX,ASW,CE,Combined TRACON& Tower with Radar,196,15,46,4,261,0,10,18,0,28,196,25,64,4,289,0,0,0,289
05/30/2011,SAT,TX,ASW,CE,Combined TRACON& Tower with Radar,235,19,64,5,323,0,7,40,1,48,235,26,104,6,371,0,0,0,371
05/31/2011,SAT,TX,ASW,CE,Combined TRACON& Tower with Radar,272,41,116,14,443,0,13,62,0,75,272,54,178,14,518,0,0,0,518
06/01/2011,SAT,TX,ASW,CE,Combined TRACON& Tower with Radar,284,48,103,10,445,0,9,61,4,74,284,57,164,14,519,0,0,0,519
06/02/2011,SAT,TX,ASW,CE,Combined TRACON& Tower with Radar,291,49,116,11,467,0,4,63,4,71,291,53,179,15,538,0,0,0,538
06/03/2011,SAT,TX,ASW,CE,Combined TRACON& Tower with Radar,292,51,103,17,463,0,17,90,1,108,292,68,193,18,571,0,0,0,571
06/04/2011,SAT,TX,ASW,CE,Combined TRACON& Tower with Radar,211,24,69,5,309,0,8,43,1,52,211,32,112,6,361,0,0,0,361
06/05/2011,SAT,TX,ASW,CE,Combined TRACON& Tower with Radar,269,21,92,9,391,0,5,70,7,82,269,26,162,16,473,0,0,0,473
06/06/2011,SAT,TX,ASW,CE,Combined TRACON& Tower with Radar,269,30,83,15,397,0,10,60,8,78,269,40,143,23,475,0,0,0,475
06/07/2011,SAT,TX,ASW,CE,Combined TRACON& Tower with Radar,291,49,85,14,439,0,16,75,5,96,291,65,160,19,535,0,0,0,535
06/08/2011,SAT,TX,ASW,CE,Combined TRACON& Tower with Radar,285,53,127,10,475,0,14,88,6,108,285,67,215,16,583,0,0,0,583
06/09/2011,SAT,TX,ASW,CE,Combined TRACON& Tower with Radar,289,47,129,5,470,0,4,68,2,74,289,51,197,7,544,0,0,0,544
06/10/2011,SAT,TX,ASW,CE,Combined TRACON& Tower with Radar,294,41,124,16,475,0,11,92,7,110,294,52,216,23,585,0,0,0,585
06/11/2011,SAT,TX,ASW,CE,Combined TRACON& Tower with Radar,232,34,62,16,344,0,12,50,3,65,232,46,112,19,409,0,0,0,409
06/12/2011,SAT,TX,ASW,CE,Combined TRACON& Tower with Radar,257,53,82,13,405,0,11,61,6,78,257,64,143,19,483,0,0,0,483
06/13/2011,SAT,TX,ASW,CE,Combined TRACON& Tower with Radar,271,35,93,26,425,0,8,73,4,85,271,43,166,30,510,0,0,0,510
06/14/2011,SAT,TX,ASW,CE,Combined TRACON& Tower with Radar,297,44,87,15,443,0,5,77,5,87,297,49,164,20,530,0,0,0,530
06/15/2011,SAT,TX,ASW,CE,Combined TRACON& Tower with Radar,284,51,78,9,422,0,12,69,2,83,284,63,147,11,505,0,0,0,505
06/16/2011,SAT,TX,ASW,CE,Combined TRACON& Tower with Radar,289,61,92,10,452,0,15,83,3,101,289,76,175,13,553,0,0,0,553
06/17/2011,SAT,TX,ASW,CE,Combined TRACON& Tower with Radar,282,58,82,22,444,0,8,102,4,114,282,66,184,26,558,0,0,0,558
06/18/2011,SAT,TX,ASW,CE,Combined TRACON& Tower with Radar,234,25,41,11,311,0,4,49,1,54,234,29,90,12,365,0,0,0,365
06/19/2011,SAT,TX,ASW,CE,Combined TRACON& Tower with Radar,255,34,53,10,352,0,7,50,3,60,255,41,103,13,412,0,0,0,412
06/20/2011,SAT,TX,ASW,CE,Combined TRACON& Tower with Radar,271,40,98,22,431,0,13,57,2,72,271,53,155,24,503,0,0,0,503
06/21/2011,SAT,TX,ASW,CE,Combined TRACON& Tower with Radar,290,48,99,7,444,0,9,63,1,73,290,57,162,8,517,0,0,0,517
06/22/2011,SAT,TX,ASW,CE,Combined TRACON& Tower with Radar,285,61,87,5,438,0,1,43,1,45,285,62,130,6,483,0,0,0,483
06/23/2011,SAT,TX,ASW,CE,Combined TRACON& Tower with Radar,294,52,103,12,461,0,7,59,5,71,294,59,162,17,532,0,0,0,532
06/24/2011,SAT,TX,ASW,CE,Combined TRACON& Tower with Radar,289,73,108,8,478,0,15,73,3,91,289,88,181,11,569,0,0,0,569
06/25/2011,SAT,TX,ASW,CE,Combined TRACON& Tower with Radar,227,26,54,7,314,0,8,61,4,73,227,34,115,11,387,0,0,0,387
06/26/2011,SAT,TX,ASW,CE,Combined TRACON& Tower with Radar,257,25,66,7,355,0,4,54,2,60,257,29,120,9,415,0,0,0,415
06/27/2011,SAT,TX,ASW,CE,Combined TRACON& Tower with Radar,285,36,90,8,419,0,15,71,3,89,285,51,161,11,508,0,0,0,508
06/28/2011,SAT,TX,ASW,CE,Combined TRACON& Tower with Radar,295,52,91,6,444,0,7,81,2,90,295,59,172,8,534,0,0,0,534
06/29/2011,SAT,TX,ASW,CE,Combined TRACON& Tower with Radar,290,51,91,7,439,0,11,75,1,87,290,62,166,8,526,0,0,0,526
06/30/2011,SAT,TX,ASW,CE,Combined TRACON& Tower with Radar,286,57,95,8,446,0,7,86,3,96,286,64,181,11,542,0,0,0,542
07/01/2011,SAT,TX,ASW,CE,Combined TRACON& Tower with Radar,297,51,115,8,471,0,5,58,1,64,297,56,173,9,535,0,0,0,535
07/02/2011,SAT,TX,ASW,CE,Combined TRACON& Tower with Radar,223,30,46,2,301,0,3,68,0,71,223,33,114,2,372,0,0,0,372
07/03/2011,SAT,TX,ASW,CE,Combined TRACON& Tower with Radar,202,21,44,5,272,0,7,56,0,63,202,28,100,5,335,0,0,0,335
07/04/2011,SAT,TX,ASW,CE,Combined TRACON& Tower with Radar,231,30,46,3,310,0,18,52,0,70,231,48,98,3,380,0,0,0,380
07/05/2011,SAT,TX,ASW,CE,Combined TRACON& Tower with Radar,280,46,80,10,416,0,15,92,1,108,280,61,172,11,524,0,0,0,524
07/06/2011,SAT,TX,ASW,CE,Combined TRACON& Tower with Radar,297,49,82,16,444,0,7,81,1,89,297,56,163,17,533,0,0,0,533
07/07/2011,SAT,TX,ASW,CE,Combined TRACON& Tower with Radar,288,58,95,13,454,0,10,122,1,133,288,68,217,14,587,0,0,0,587
07/08/2011,SAT,TX,ASW,CE,Combined TRACON& Tower with Radar,288,59,78,9,434,0,13,105,9,127,288,72,183,18,561,0,0,0,561
07/09/2011,SAT,TX,ASW,CE,Combined TRACON& Tower with Radar,240,31,45,7,323,0,12,43,3,58,240,43,88,10,381,0,0,0,381
07/10/2011,SAT,TX,ASW,CE,Combined TRACON& Tower with Radar,254,34,81,20,389,0,6,46,6,58,254,40,127,26,447,0,0,0,447
07/11/2011,SAT,TX,ASW,CE,Combined TRACON& Tower with Radar,270,39,83,9,401,0,7,56,1,64,270,46,139,10,465,0,0,0,465
07/12/2011,SAT,TX,ASW,CE,Combined TRACON& Tower with Radar,292,43,71,12,418,0,10,64,3,77,292,53,135,15,495,0,0,0,495
07/13/2011,SAT,TX,ASW,CE,Combined TRACON& Tower with Radar,284,38,92,10,424,0,12,70,0,82,284,50,162,10,506,0,0,0,506
07/14/2011,SAT,TX,ASW,CE,Combined TRACON& Tower with Radar,292,68,114,17,491,0,14,92,2,108,292,82,206,19,599,0,0,0,599
07/15/2011,SAT,TX,ASW,CE,Combined TRACON& Tower with Radar,286,42,100,16,444,0,15,59,3,77,286,57,159,19,521,0,0,0,521
07/16/2011,SAT,TX,ASW,CE,Combined TRACON& Tower with Radar,236,26,54,2,318,0,12,38,2,52,236,38,92,4,370,0,0,0,370
07/17/2011,SAT,TX,ASW,CE,Combined TRACON& Tower with Radar,257,28,74,2,361,0,5,58,1,64,257,33,132,3,425,0,0,0,425
07/18/2011,SAT,TX,ASW,CE,Combined TRACON& Tower with Radar,275,40,68,6,389,0,15,89,2,106,275,55,157,8,495,0,0,0,495
07/19/2011,SAT,TX,ASW,CE,Combined TRACON& Tower with Radar,290,52,95,1,438,0,4,65,1,70,290,56,160,2,508,0,0,0,508
07/20/2011,SAT,TX,ASW,CE,Combined TRACON& Tower with Radar,300,61,107,14,482,0,15,65,2,82,300,76,172,16,564,0,0,0,564
07/21/2011,SAT,TX,ASW,CE,Combined TRACON& Tower with Radar,297,43,120,6,466,0,11,64,0,75,297,54,184,6,541,0,0,0,541
07/22/2011,SAT,TX,ASW,CE,Combined TRACON& Tower with Radar,288,37,114,20,459,0,12,77,3,92,288,49,191,23,551,0,0,0,551
07/23/2011,SAT,TX,ASW,CE,Combined TRACON& Tower with Radar,239,29,67,9,344,0,18,46,4,68,239,47,113,13,412,0,0,0,412
07/24/2011,SAT,TX,ASW,CE,Combined TRACON& Tower with Radar,256,38,77,7,378,0,5,65,4,74,256,43,142,11,452,0,0,0,452
07/25/2011,SAT,TX,ASW,CE,Combined TRACON& Tower with Radar,268,32,78,24,402,0,13,91,4,108,268,45,169,28,510,0,0,0,510
07/26/2011,SAT,TX,ASW,CE,Combined TRACON& Tower with Radar,302,28,111,12,453,0,9,95,2,106,302,37,206,14,559,0,0,0,559
07/27/2011,SAT,TX,ASW,CE,Combined TRACON& Tower with Radar,292,47,97,9,445,0,17,84,4,105,292,64,181,13,550,0,0,0,550
07/28/2011,SAT,TX,ASW,CE,Combined TRACON& Tower with Radar,294,51,110,17,472,0,38,94,2,134,294,89,204,19,606,0,0,0,606
07/29/2011,SAT,TX,ASW,CE,Combined TRACON& Tower with Radar,286,45,105,9,445,0,10,60,7,77,286,55,165,16,522,0,0,0,522
07/30/2011,SAT,TX,ASW,CE,Combined TRACON& Tower with Radar,235,33,28,12,308,0,9,30,0,39,235,42,58,12,347,0,0,0,347
07/31/2011,SAT,TX,ASW,CE,Combined TRACON& Tower with Radar,257,27,80,25,389,0,12,73,3,88,257,39,153,28,477,0,0,0,477
08/01/2011,SAT,TX,ASW,CE,Combined TRACON& Tower with Radar,273,37,81,5,396,0,9,67,2,78,273,46,148,7,474,0,0,0,474
08/02/2011,SAT,TX,ASW,CE,Combined TRACON& Tower with Radar,288,37,104,15,444,0,15,83,3,101,288,52,187,18,545,0,0,0,545
08/03/2011,SAT,TX,ASW,CE,Combined TRACON& Tower with Radar,297,44,88,10,439,0,23,88,0,111,297,67,176,10,550,0,0,0,550
08/04/2011,SAT,TX,ASW,CE,Combined TRACON& Tower with Radar,293,55,112,13,473,0,14,83,0,97,293,69,195,13,570,0,0,0,570
08/05/2011,SAT,TX,ASW,CE,Combined TRACON& Tower with Radar,283,60,98,16,457,0,17,93,2,112,283,77,191,18,569,0,0,0,569
08/06/2011,SAT,TX,ASW,CE,Combined TRACON& Tower with Radar,236,29,48,5,318,0,14,47,0,61,236,43,95,5,379,0,0,0,379
08/07/2011,SAT,TX,ASW,CE,Combined TRACON& Tower with Radar,256,37,80,14,387,0,12,61,2,75,256,49,141,16,462,0,0,0,462
08/08/2011,SAT,TX,ASW,CE,Combined TRACON& Tower with Radar,276,31,70,4,381,0,17,71,2,90,276,48,141,6,471,0,0,0,471
08/09/2011,SAT,TX,ASW,CE,Combined TRACON& Tower with Radar,292,43,86,14,435,0,18,58,2,78,292,61,144,16,513,0,0,0,513
08/10/2011,SAT,TX,ASW,CE,Combined TRACON& Tower with Radar,296,67,101,16,480,0,13,46,7,66,296,80,147,23,546,0,0,0,546
08/11/2011,SAT,TX,ASW,CE,Combined TRACON& Tower with Radar,291,48,92,15,446,0,12,73,5,90,291,60,165,20,536,0,0,0,536
08/12/2011,SAT,TX,ASW,CE,Combined TRACON& Tower with Radar,292,43,97,18,450,0,18,70,0,88,292,61,167,18,538,0,0,0,538
08/13/2011,SAT,TX,ASW,CE,Combined TRACON& Tower with Radar,237,21,61,4,323,0,10,40,4,54,237,31,101,8,377,0,0,0,377
08/14/2011,SAT,TX,ASW,CE,Combined TRACON& Tower with Radar,245,42,61,16,364,0,7,51,2,60,245,49,112,18,424,0,0,0,424
08/15/2011,SAT,TX,ASW,CE,Combined TRACON& Tower with Radar,270,27,81,20,398,0,21,53,5,79,270,48,134,25,477,0,0,0,477
08/16/2011,SAT,TX,ASW,CE,Combined TRACON& Tower with Radar,277,45,95,13,430,0,19,73,3,95,277,64,168,16,525,0,0,0,525
08/17/2011,SAT,TX,ASW,CE,Combined TRACON& Tower with Radar,275,55,102,16,448,0,14,65,0,79,275,69,167,16,527,0,0,0,527
08/18/2011,SAT,TX,ASW,CE,Combined TRACON& Tower with Radar,278,50,97,6,431,0,13,84,5,102,278,63,181,11,533,0,0,0,533
08/19/2011,SAT,TX,ASW,CE,Combined TRACON& Tower with Radar,277,48,90,20,435,0,11,83,0,94,277,59,173,20,529,0,0,0,529
08/20/2011,SAT,TX,ASW,CE,Combined TRACON& Tower with Radar,215,20,53,4,292,0,9,62,0,71,215,29,115,4,363,0,0,0,363
08/21/2011,SAT,TX,ASW,CE,Combined TRACON& Tower with Radar,235,41,73,8,357,0,9,57,3,69,235,50,130,11,426,0,0,0,426
08/22/2011,SAT,TX,ASW,CE,Combined TRACON& Tower with Radar,267,35,71,28,401,0,13,81,5,99,267,48,152,33,500,0,0,0,500
08/23/2011,SAT,TX,ASW,CE,Combined TRACON& Tower with Radar,273,51,99,9,432,0,16,82,0,98,273,67,181,9,530,0,0,0,530
08/24/2011,SAT,TX,ASW,CE,Combined TRACON& Tower with Radar,274,39,105,15,433,0,14,76,11,101,274,53,181,26,534,0,0,0,534
08/25/2011,SAT,TX,ASW,CE,Combined TRACON& Tower with Radar,286,51,99,6,442,0,15,55,1,71,286,66,154,7,513,0,0,0,513
08/26/2011,SAT,TX,ASW,CE,Combined TRACON& Tower with Radar,279,53,96,15,443,0,22,66,5,93,279,75,162,20,536,0,0,0,536
08/27/2011,SAT,TX,ASW,CE,Combined TRACON& Tower with Radar,211,19,48,8,286,0,8,44,1,53,211,27,92,9,339,0,0,0,339
08/28/2011,SAT,TX,ASW,CE,Combined TRACON& Tower with Radar,231,31,50,10,322,0,7,50,1,58,231,38,100,11,380,0,0,0,380
08/29/2011,SAT,TX,ASW,CE,Combined TRACON& Tower with Radar,260,40,64,17,381,0,12,69,1,82,260,52,133,18,463,0,0,0,463
08/30/2011,SAT,TX,ASW,CE,Combined TRACON& Tower with Radar,265,33,101,22,421,0,17,68,6,91,265,50,169,28,512,0,0,0,512
08/31/2011,SAT,TX,ASW,CE,Combined TRACON& Tower with Radar,269,36,107,9,421,0,19,73,2,94,269,55,180,11,515,0,0,0,515
09/01/2011,SAT,TX,ASW,CE,Combined TRACON& Tower with Radar,282,42,100,7,431,0,14,66,0,80,282,56,166,7,511,0,0,0,511
09/02/2011,SAT,TX,ASW,CE,Combined TRACON& Tower with Radar,273,50,90,15,428,0,20,103,4,127,273,70,193,19,555,0,0,0,555
09/03/2011,SAT,TX,ASW,CE,Combined TRACON& Tower with Radar,184,19,36,5,244,0,5,62,1,68,184,24,98,6,312,0,0,0,312
09/04/2011,SAT,TX,ASW,CE,Combined TRACON& Tower with Radar,178,14,58,6,256,0,8,25,0,33,178,22,83,6,289,0,0,0,289
09/05/2011,SAT,TX,ASW,CE,Combined TRACON& Tower with Radar,230,39,65,13,347,0,5,59,3,67,230,44,124,16,414,0,0,0,414
09/06/2011,SAT,TX,ASW,CE,Combined TRACON& Tower with Radar,276,52,89,19,436,0,11,75,0,86,276,63,164,19,522,0,0,0,522
09/07/2011,SAT,TX,ASW,CE,Combined TRACON& Tower with Radar,272,56,98,19,445,0,9,95,1,105,272,65,193,20,550,0,0,0,550
09/08/2011,SAT,TX,ASW,CE,Combined TRACON& Tower with Radar,279,65,97,21,462,0,9,98,3,110,279,74,195,24,572,0,0,0,572
09/09/2011,SAT,TX,ASW,CE,Combined TRACON& Tower with Radar,275,42,101,6,424,0,14,95,0,109,275,56,196,6,533,0,0,0,533
09/10/2011,SAT,TX,ASW,CE,Combined TRACON& Tower with Radar,203,18,58,5,284,0,3,64,0,67,203,21,122,5,351,0,0,0,351
09/11/2011,SAT,TX,ASW,CE,Combined TRACON& Tower with Radar,237,26,67,18,348,0,9,62,2,73,237,35,129,20,421,0,0,0,421
09/12/2011,SAT,TX,ASW,CE,Combined TRACON& Tower with Radar,257,43,84,17,401,0,18,68,2,88,257,61,152,19,489,0,0,0,489
09/13/2011,SAT,TX,ASW,CE,Combined TRACON& Tower with Radar,258,51,107,31,447,0,16,92,2,110,258,67,199,33,557,0,0,0,557
09/14/2011,SAT,TX,ASW,CE,Combined TRACON& Tower with Radar,258,61,138,29,486,0,9,77,4,90,258,70,215,33,576,0,0,0,576
09/15/2011,SAT,TX,ASW,CE,Combined TRACON& Tower with Radar,278,70,135,8,491,0,17,82,0,99,278,87,217,8,590,0,0,0,590
09/16/2011,SAT,TX,ASW,CE,Combined TRACON& Tower with Radar,284,48,111,8,451,0,7,46,1,54,284,55,157,9,505,0,0,0,505
09/17/2011,SAT,TX,ASW,CE,Combined TRACON& Tower with Radar,200,24,62,0,286,0,2,22,0,24,200,26,84,0,310,0,0,0,310
09/18/2011,SAT,TX,ASW,CE,Combined TRACON& Tower with Radar,239,50,113,8,410,0,6,37,0,43,239,56,150,8,453,0,0,0,453
09/19/2011,SAT,TX,ASW,CE,Combined TRACON& Tower with Radar,268,51,117,14,450,0,8,67,1,76,268,59,184,15,526,0,0,0,526
09/20/2011,SAT,TX,ASW,CE,Combined TRACON& Tower with Radar,257,42,95,10,404,0,20,76,2,98,257,62,171,12,502,0,0,0,502
09/21/2011,SAT,TX,ASW,CE,Combined TRACON& Tower with Radar,261,39,98,4,402,0,8,62,3,73,261,47,160,7,475,0,0,0,475
09/22/2011,SAT,TX,ASW,CE,Combined TRACON& Tower with Radar,284,61,126,19,490,0,16,90,3,109,284,77,216,22,599,0,0,0,599
09/23/2011,SAT,TX,ASW,CE,Combined TRACON& Tower with Radar,278,43,85,30,436,0,12,99,2,113,278,55,184,32,549,0,0,0,549
09/24/2011,SAT,TX,ASW,CE,Combined TRACON& Tower with Radar,204,14,51,17,286,0,2,67,1,70,204,16,118,18,356,0,0,0,356
09/25/2011,SAT,TX,ASW,CE,Combined TRACON& Tower with Radar,235,45,90,16,386,0,6,58,3,67,235,51,148,19,453,0,0,0,453
09/26/2011,SAT,TX,ASW,CE,Combined TRACON& Tower with Radar,259,35,92,19,405,0,10,68,4,82,259,45,160,23,487,0,0,0,487
09/27/2011,SAT,TX,ASW,CE,Combined TRACON& Tower with Radar,268,50,115,17,450,0,9,57,0,66,268,59,172,17,516,0,0,0,516
09/28/2011,SAT,TX,ASW,CE,Combined TRACON& Tower with Radar,259,45,109,18,431,0,15,70,0,85,259,60,179,18,516,0,0,0,516
09/29/2011,SAT,TX,ASW,CE,Combined TRACON& Tower with Radar,289,39,114,9,451,0,12,86,1,99,289,51,200,10,550,0,0,0,550
09/30/2011,SAT,TX,ASW,CE,Combined TRACON& Tower with Radar,279,47,97,14,437,0,11,91,0,102,279,58,188,14,539,0,0,0,539
10/01/2011,SAT,TX,ASW,CE,Combined TRACON& Tower with Radar,203,21,50,6,280,0,6,65,0,71,203,27,115,6,351,0,0,0,351
10/02/2011,SAT,TX,ASW,CE,Combined TRACON& Tower with Radar,249,26,72,12,359,0,4,50,0,54,249,30,122,12,413,0,0,0,413
10/03/2011,SAT,TX,ASW,CE,Combined TRACON& Tower with Radar,262,32,81,11,386,0,10,81,6,97,262,42,162,17,483,0,0,0,483
10/04/2011,SAT,TX,ASW,CE,Combined TRACON& Tower with Radar,264,42,118,15,439,0,12,90,0,102,264,54,208,15,541,0,0,0,541
10/05/2011,SAT,TX,ASW,CE,Combined TRACON& Tower with Radar,266,36,124,7,433,0,13,51,2,66,266,49,175,9,499,0,0,0,499
10/06/2011,SAT,TX,ASW,CE,Combined TRACON& Tower with Radar,286,48,133,16,483,0,15,81,7,103,286,63,214,23,586,0,0,0,586
10/07/2011,SAT,TX,ASW,CE,Combined TRACON& Tower with Radar,285,55,136,9,485,0,15,51,6,72,285,70,187,15,557,0,0,0,557
10/08/2011,SAT,TX,ASW,CE,Combined TRACON& Tower with Radar,201,15,65,4,285,0,1,10,0,11,201,16,75,4,296,0,0,0,296
10/09/2011,SAT,TX,ASW,CE,Combined TRACON& Tower with Radar,256,26,56,5,343,0,0,7,0,7,256,26,63,5,350,0,0,0,350
10/10/2011,SAT,TX,ASW,CE,Combined TRACON& Tower with Radar,267,48,140,14,469,0,6,38,0,44,267,54,178,14,513,0,0,0,513
10/11/2011,SAT,TX,ASW,CE,Combined TRACON& Tower with Radar,272,49,109,9,439,0,13,91,1,105,272,62,200,10,544,0,0,0,544
10/12/2011,SAT,TX,ASW,CE,Combined TRACON& Tower with Radar,272,55,110,22,459,0,18,96,2,116,272,73,206,24,575,0,0,0,575
10/13/2011,SAT,TX,ASW,CE,Combined TRACON& Tower with Radar,284,59,134,12,489,0,16,69,2,87,284,75,203,14,576,0,0,0,576
10/14/2011,SAT,TX,ASW,CE,Combined TRACON& Tower with Radar,280,63,121,19,483,0,19,100,1,120,280,82,221,20,603,0,0,0,603
10/15/2011,SAT,TX,ASW,CE,Combined TRACON& Tower with Radar,196,24,60,10,290,0,2,75,2,79,196,26,135,12,369,0,0,0,369
10/16/2011,SAT,TX,ASW,CE,Combined TRACON& Tower with Radar,249,33,88,21,391,0,10,71,3,84,249,43,159,24,475,0,0,0,475
10/17/2011,SAT,TX,ASW,CE,Combined TRACON& Tower with Radar,281,44,90,8,423,0,12,64,2,78,281,56,154,10,501,0,0,0,501
10/18/2011,SAT,TX,ASW,CE,Combined TRACON& Tower with Radar,278,65,86,13,442,0,17,38,6,61,278,82,124,19,503,0,0,0,503
10/19/2011,SAT,TX,ASW,CE,Combined TRACON& Tower with Radar,272,53,105,12,442,0,13,100,7,120,272,66,205,19,562,0,0,0,562
10/20/2011,SAT,TX,ASW,CE,Combined TRACON& Tower with Radar,289,67,144,9,509,0,21,88,0,109,289,88,232,9,618,0,0,0,618
10/21/2011,SAT,TX,ASW,CE,Combined TRACON& Tower with Radar,278,58,115,21,472,0,22,86,11,119,278,80,201,32,591,0,0,0,591
10/22/2011,SAT,TX,ASW,CE,Combined TRACON& Tower with Radar,197,24,66,18,305,0,8,75,7,90,197,32,141,25,395,0,0,0,395
10/23/2011,SAT,TX,ASW,CE,Combined TRACON& Tower with Radar,249,48,117,12,426,0,6,73,16,95,249,54,190,28,521,0,0,0,521
10/24/2011,SAT,TX,ASW,CE,Combined TRACON& Tower with Radar,267,48,85,13,413,0,13,81,5,99,267,61,166,18,512,0,0,0,512
10/25/2011,SAT,TX,ASW,CE,Combined TRACON& Tower with Radar,265,58,104,10,437,1,17,78,3,99,266,75,182,13,536,0,0,0,536
10/26/2011,SAT,TX,ASW,CE,Combined TRACON& Tower with Radar,267,70,115,15,467,0,14,92,1,107,267,84,207,16,574,0,0,0,574
10/27/2011,SAT,TX,ASW,CE,Combined TRACON& Tower with Radar,283,62,101,13,459,0,15,36,7,58,283,77,137,20,517,0,0,0,517
10/28/2011,SAT,TX,ASW,CE,Combined TRACON& Tower with Radar,282,65,132,7,486,0,18,68,1,87,282,83,200,8,573,0,0,0,573
10/29/2011,SAT,TX,ASW,CE,Combined TRACON& Tower with Radar,201,22,78,4,305,0,12,77,3,92,201,34,155,7,397,0,0,0,397
10/30/2011,SAT,TX,ASW,CE,Combined TRACON& Tower with Radar,241,33,53,18,345,0,9,54,2,65,241,42,107,20,410,0,0,0,410
10/31/2011,SAT,TX,ASW,CE,Combined TRACON& Tower with Radar,246,35,94,5,380,0,18,98,1,117,246,53,192,6,497,0,0,0,497
11/01/2011,SAT,TX,ASW,CE,Combined TRACON& Tower with Radar,265,61,105,8,439,0,17,73,2,92,265,78,178,10,531,0,0,0,531
11/02/2011,SAT,TX,ASW,CE,Combined TRACON& Tower with Radar,265,51,111,8,435,0,7,76,0,83,265,58,187,8,518,0,0,0,518
11/03/2011,SAT,TX,ASW,CE,Combined TRACON& Tower with Radar,280,56,119,7,462,0,16,78,5,99,280,72,197,12,561,0,0,0,561
11/04/2011,SAT,TX,ASW,CE,Combined TRACON& Tower with Radar,277,60,146,9,492,0,19,126,7,152,277,79,272,16,644,0,0,0,644
11/05/2011,SAT,TX,ASW,CE,Combined TRACON& Tower with Radar,202,28,56,9,295,0,8,57,2,67,202,36,113,11,362,0,0,0,362
11/06/2011,SAT,TX,ASW,CE,Combined TRACON& Tower with Radar,243,46,107,7,403,0,9,22,1,32,243,55,129,8,435,0,0,0,435
11/07/2011,SAT,TX,ASW,CE,Combined TRACON& Tower with Radar,256,47,85,15,403,0,2,25,2,29,256,49,110,17,432,0,0,0,432
11/08/2011,SAT,TX,ASW,CE,Combined TRACON& Tower with Radar,270,52,99,2,423,0,15,49,0,64,270,67,148,2,487,0,0,0,487
11/09/2011,SAT,TX,ASW,CE,Combined TRACON& Tower with Radar,258,58,114,5,435,0,19,76,0,95,258,77,190,5,530,0,0,0,530
11/10/2011,SAT,TX,ASW,CE,Combined TRACON& Tower with Radar,279,41,117,16,453,0,13,111,3,127,279,54,228,19,580,0,0,0,580
11/11/2011,SAT,TX,ASW,CE,Combined TRACON& Tower with Radar,271,38,108,20,437,0,8,90,2,100,271,46,198,22,537,0,0,0,537
11/12/2011,SAT,TX,ASW,CE,Combined TRACON& Tower with Radar,196,22,67,17,302,0,10,81,1,92,196,32,148,18,394,0,0,0,394
11/13/2011,SAT,TX,ASW,CE,Combined TRACON& Tower with Radar,247,27,105,11,390,0,6,49,2,57,247,33,154,13,447,0,0,0,447
11/14/2011,SAT,TX,ASW,CE,Combined TRACON& Tower with Radar,256,51,117,9,433,0,10,13,0,23,256,61,130,9,456,0,0,0,456
11/15/2011,SAT,TX,ASW,CE,Combined TRACON& Tower with Radar,271,57,69,9,406,0,11,26,1,38,271,68,95,10,444,0,0,0,444
11/16/2011,SAT,TX,ASW,CE,Combined TRACON& Tower with Radar,252,54,95,27,428,0,14,92,7,113,252,68,187,34,541,0,0,0,541
11/17/2011,SAT,TX,ASW,CE,Combined TRACON& Tower with Radar,272,78,107,22,479,0,12,100,0,112,272,90,207,22,591,0,0,0,591
11/18/2011,SAT,TX,ASW,CE,Combined TRACON& Tower with Radar,268,77,138,9,492,0,12,85,0,97,268,89,223,9,589,0,0,0,589
11/19/2011,SAT,TX,ASW,CE,Combined TRACON& Tower with Radar,200,52,70,7,329,0,6,31,0,37,200,58,101,7,366,0,0,0,366
11/20/2011,SAT,TX,ASW,CE,Combined TRACON& Tower with Radar,230,25,68,20,343,0,3,30,3,36,230,28,98,23,379,0,0,0,379
11/21/2011,SAT,TX,ASW,CE,Combined TRACON& Tower with Radar,237,68,125,25,455,0,3,19,0,22,237,71,144,25,477,0,0,0,477
11/22/2011,SAT,TX,ASW,CE,Combined TRACON& Tower with Radar,274,70,113,4,461,0,14,82,0,96,274,84,195,4,557,0,0,0,557
11/23/2011,SAT,TX,ASW,CE,Combined TRACON& Tower with Radar,279,57,104,10,450,0,16,101,1,118,279,73,205,11,568,0,0,0,568
11/24/2011,SAT,TX,ASW,CE,Combined TRACON& Tower with Radar,149,22,40,0,211,0,13,43,0,56,149,35,83,0,267,0,0,0,267
11/25/2011,SAT,TX,ASW,CE,Combined TRACON& Tower with Radar,205,38,48,5,296,0,8,43,0,51,205,46,91,5,347,0,0,0,347
11/26/2011,SAT,TX,ASW,CE,Combined TRACON& Tower with Radar,231,38,51,3,323,0,9,18,0,27,231,47,69,3,350,0,0,0,350
11/27/2011,SAT,TX,ASW,CE,Combined TRACON& Tower with Radar,267,51,119,3,440,0,11,59,0,70,267,62,178,3,510,0,0,0,510
11/28/2011,SAT,TX,ASW,CE,Combined TRACON& Tower with Radar,264,55,103,4,426,0,11,71,2,84,264,66,174,6,510,0,0,0,510
11/29/2011,SAT,TX,ASW,CE,Combined TRACON& Tower with Radar,271,46,115,10,442,0,21,98,5,124,271,67,213,15,566,0,0,0,566
11/30/2011,SAT,TX,ASW,CE,Combined TRACON& Tower with Radar,260,38,124,10,432,0,21,93,1,115,260,59,217,11,547,0,0,0,547
12/01/2011,SAT,TX,ASW,CE,Combined TRACON& Tower with Radar,276,71,107,11,465,0,18,79,0,97,276,89,186,11,562,0,0,0,562
12/02/2011,SAT,TX,ASW,CE,Combined TRACON& Tower with Radar,274,61,115,13,463,0,1,3,2,6,274,62,118,15,469,0,0,0,469
12/03/2011,SAT,TX,ASW,CE,Combined TRACON& Tower with Radar,194,29,66,24,313,0,8,15,0,23,194,37,81,24,336,0,0,0,336
12/04/2011,SAT,TX,ASW,CE,Combined TRACON& Tower with Radar,235,25,61,19,340,0,0,0,0,0,235,25,61,19,340,0,0,0,340
12/05/2011,SAT,TX,ASW,CE,Combined TRACON& Tower with Radar,257,37,108,23,425,0,4,26,1,31,257,41,134,24,456,0,0,0,456
12/06/2011,SAT,TX,ASW,CE,Combined TRACON& Tower with Radar,260,51,95,11,417,0,14,49,0,63,260,65,144,11,480,0,0,0,480
12/07/2011,SAT,TX,ASW,CE,Combined TRACON& Tower with Radar,264,53,104,12,433,0,11,87,0,98,264,64,191,12,531,0,0,0,531
12/08/2011,SAT,TX,ASW,CE,Combined TRACON& Tower with Radar,282,48,108,12,450,0,17,93,3,113,282,65,201,15,563,0,0,0,563
12/09/2011,SAT,TX,ASW,CE,Combined TRACON& Tower with Radar,271,64,112,16,463,0,13,68,1,82,271,77,180,17,545,0,0,0,545
12/10/2011,SAT,TX,ASW,CE,Combined TRACON& Tower with Radar,200,31,48,8,287,0,6,18,0,24,200,37,66,8,311,0,0,0,311
12/11/2011,SAT,TX,ASW,CE,Combined TRACON& Tower with Radar,237,24,63,10,334,0,4,32,4,40,237,28,95,14,374,0,0,0,374
12/12/2011,SAT,TX,ASW,CE,Combined TRACON& Tower with Radar,256,55,127,12,450,0,5,6,1,12,256,60,133,13,462,0,0,0,462
12/13/2011,SAT,TX,ASW,CE,Combined TRACON& Tower with Radar,269,53,114,13,449,0,2,2,0,4,269,55,116,13,453,0,0,0,453
12/14/2011,SAT,TX,ASW,CE,Combined TRACON& Tower with Radar,266,71,138,21,496,0,3,11,0,14,266,74,149,21,510,0,0,0,510
12/15/2011,SAT,TX,ASW,CE,Combined TRACON& Tower with Radar,290,55,150,19,514,0,3,8,0,11,290,58,158,19,525,0,0,0,525
12/16/2011,SAT,TX,ASW,CE,Combined TRACON& Tower with Radar,289,60,152,2,503,0,12,27,0,39,289,72,179,2,542,0,0,0,542
12/17/2011,SAT,TX,ASW,CE,Combined TRACON& Tower with Radar,210,26,82,17,335,0,11,53,0,64,210,37,135,17,399,0,0,0,399
12/18/2011,SAT,TX,ASW,CE,Combined TRACON& Tower with Radar,241,18,84,16,359,0,9,16,0,25,241,27,100,16,384,0,0,0,384
12/19/2011,SAT,TX,ASW,CE,Combined TRACON& Tower with Radar,261,30,82,4,377,0,6,21,0,27,261,36,103,4,404,0,0,0,404
12/20/2011,SAT,TX,ASW,CE,Combined TRACON& Tower with Radar,294,59,111,25,489,0,13,67,5,85,294,72,178,30,574,0,0,0,574
12/21/2011,SAT,TX,ASW,CE,Combined TRACON& Tower with Radar,289,65,121,9,484,0,18,50,0,68,289,83,171,9,552,0,0,0,552
12/22/2011,SAT,TX,ASW,CE,Combined TRACON& Tower with Radar,301,58,77,8,444,0,17,72,3,92,301,75,149,11,536,0,0,0,536
12/23/2011,SAT,TX,ASW,CE,Combined TRACON& Tower with Radar,294,51,115,4,464,0,8,33,0,41,294,59,148,4,505,0,0,0,505
12/24/2011,SAT,TX,ASW,CE,Combined TRACON& Tower with Radar,195,12,23,0,230,0,0,1,0,1,195,12,24,0,231,0,0,0,231
12/25/2011,SAT,TX,ASW,CE,Combined TRACON& Tower with Radar,178,42,46,0,266,0,0,10,0,10,178,42,56,0,276,0,0,0,276
12/26/2011,SAT,TX,ASW,CE,Combined TRACON& Tower with Radar,250,43,98,1,392,0,8,43,0,51,250,51,141,1,443,0,0,0,443
12/27/2011,SAT,TX,ASW,CE,Combined TRACON& Tower with Radar,288,54,88,0,430,0,12,102,1,115,288,66,190,1,545,0,0,0,545
12/28/2011,SAT,TX,ASW,CE,Combined TRACON& Tower with Radar,297,60,77,8,442,0,30,110,0,140,297,90,187,8,582,0,0,0,582
12/29/2011,SAT,TX,ASW,CE,Combined TRACON& Tower with Radar,304,59,79,2,444,0,19,84,1,104,304,78,163,3,548,0,0,0,548
12/30/2011,SAT,TX,ASW,CE,Combined TRACON& Tower with Radar,284,58,78,4,424,0,11,76,0,87,284,69,154,4,511,0,0,0,511
12/31/2011,SAT,TX,ASW,CE,Combined TRACON& Tower with Radar,201,15,43,1,260,0,8,40,0,48,201,23,83,1,308,0,0,0,308
01/01/2012,SAT,TX,ASW,CE,Combined TRACON& Tower with Radar,198,22,49,2,271,0,10,28,2,40,198,32,77,4,311,0,0,0,311
01/02/2012,SAT,TX,ASW,CE,Combined TRACON& Tower with Radar,257,51,114,1,423,0,8,83,1,92,257,59,197,2,515,0,0,0,515
01/03/2012,SAT,TX,ASW,CE,Combined TRACON& Tower with Radar,271,77,103,2,453,0,13,69,0,82,271,90,172,2,535,0,0,0,535
01/04/2012,SAT,TX,ASW,CE,Combined TRACON& Tower with Radar,264,49,68,11,392,0,26,66,6,98,264,75,134,17,490,0,0,0,490
01/05/2012,SAT,TX,ASW,CE,Combined TRACON& Tower with Radar,282,47,110,11,450,0,8,75,0,83,282,55,185,11,533,0,0,0,533
01/06/2012,SAT,TX,ASW,CE,Combined TRACON& Tower with Radar,267,53,120,16,456,0,12,78,2,92,267,65,198,18,548,0,0,0,548
01/07/2012,SAT,TX,ASW,CE,Combined TRACON& Tower with Radar,191,39,59,9,298,0,6,57,4,67,191,45,116,13,365,0,0,0,365
01/08/2012,SAT,TX,ASW,CE,Combined TRACON& Tower with Radar,230,32,97,17,376,0,2,2,2,6,230,34,99,19,382,0,0,0,382
01/09/2012,SAT,TX,ASW,CE,Combined TRACON& Tower with Radar,260,39,74,20,393,0,0,9,0,9,260,39,83,20,402,0,0,0,402
01/10/2012,SAT,TX,ASW,CE,Combined TRACON& Tower with Radar,259,48,102,19,428,0,9,57,0,66,259,57,159,19,494,0,0,0,494
01/11/2012,SAT,TX,ASW,CE,Combined TRACON& Tower with Radar,265,42,103,23,433,0,18,89,3,110,265,60,192,26,543,0,0,0,543
01/12/2012,SAT,TX,ASW,CE,Combined TRACON& Tower with Radar,277,43,122,19,461,0,17,82,6,105,277,60,204,25,566,0,0,0,566
01/13/2012,SAT,TX,ASW,CE,Combined TRACON& Tower with Radar,267,54,84,11,416,0,7,77,3,87,267,61,161,14,503,0,0,0,503
01/14/2012,SAT,TX,ASW,CE,Combined TRACON& Tower with Radar,183,26,52,9,270,0,4,56,1,61,183,30,108,10,331,0,0,0,331
01/15/2012,SAT,TX,ASW,CE,Combined TRACON& Tower with Radar,224,27,68,7,326,0,3,13,1,17,224,30,81,8,343,0,0,0,343
01/16/2012,SAT,TX,ASW,CE,Combined TRACON& Tower with Radar,250,42,104,5,401,0,6,36,1,43,250,48,140,6,444,0,0,0,444
01/17/2012,SAT,TX,ASW,CE,Combined TRACON& Tower with Radar,259,44,90,13,406,0,8,69,3,80,259,52,159,16,486,0,0,0,486
01/18/2012,SAT,TX,ASW,CE,Combined TRACON& Tower with Radar,260,41,102,11,414,0,11,92,3,106,260,52,194,14,520,0,0,0,520
01/19/2012,SAT,TX,ASW,CE,Combined TRACON& Tower with Radar,287,43,107,9,446,0,19,98,8,125,287,62,205,17,571,0,0,0,571
01/20/2012,SAT,TX,ASW,CE,Combined TRACON& Tower with Radar,270,62,125,21,478,0,11,33,10,54,270,73,158,31,532,0,0,0,532
01/21/2012,SAT,TX,ASW,CE,Combined TRACON& Tower with Radar,181,25,56,20,282,0,9,62,10,81,181,34,118,30,363,0,0,0,363
01/22/2012,SAT,TX,ASW,CE,Combined TRACON& Tower with Radar,232,31,77,13,353,0,0,20,4,24,232,31,97,17,377,0,0,0,377
01/23/2012,SAT,TX,ASW,CE,Combined TRACON& Tower with Radar,253,46,118,14,431,0,17,71,9,97,253,63,189,23,528,0,0,0,528
01/24/2012,SAT,TX,ASW,CE,Combined TRACON& Tower with Radar,265,57,101,4,427,0,0,3,2,5,265,57,104,6,432,0,0,0,432
01/25/2012,SAT,TX,ASW,CE,Combined TRACON& Tower with Radar,283,38,112,16,449,0,11,20,4,35,283,49,132,20,484,0,0,0,484
01/26/2012,SAT,TX,ASW,CE,Combined TRACON& Tower with Radar,281,60,123,8,472,0,27,69,0,96,281,87,192,8,568,0,0,0,568
01/27/2012,SAT,TX,ASW,CE,Combined TRACON& Tower with Radar,267,59,123,12,461,0,17,88,4,109,267,76,211,16,570,0,0,0,570
01/28/2012,SAT,TX,ASW,CE,Combined TRACON& Tower with Radar,179,9,40,8,236,0,13,46,0,59,179,22,86,8,295,0,0,0,295
01/29/2012,SAT,TX,ASW,CE,Combined TRACON& Tower with Radar,230,32,87,0,349,0,6,49,6,61,230,38,136,6,410,0,0,0,410
01/30/2012,SAT,TX,ASW,CE,Combined TRACON& Tower with Radar,250,43,122,11,426,0,6,13,0,19,250,49,135,11,445,0,0,0,445
01/31/2012,SAT,TX,ASW,CE,Combined TRACON& Tower with Radar,253,56,119,9,437,0,11,22,0,33,253,67,141,9,470,0,0,0,470
02/01/2012,SAT,TX,ASW,CE,Combined TRACON& Tower with Radar,256,60,108,12,436,0,9,40,1,50,256,69,148,13,486,0,0,0,486
02/02/2012,SAT,TX,ASW,CE,Combined TRACON& Tower with Radar,267,48,127,11,453,0,4,10,5,19,267,52,137,16,472,0,0,0,472
02/03/2012,SAT,TX,ASW,CE,Combined TRACON& Tower with Radar,268,64,148,12,492,0,11,28,2,41,268,75,176,14,533,0,0,0,533
02/04/2012,SAT,TX,ASW,CE,Combined TRACON& Tower with Radar,186,19,75,6,286,0,8,22,1,31,186,27,97,7,317,0,0,0,317
02/05/2012,SAT,TX,ASW,CE,Combined TRACON& Tower with Radar,225,29,64,5,323,0,5,10,0,15,225,34,74,5,338,0,0,0,338
02/06/2012,SAT,TX,ASW,CE,Combined TRACON& Tower with Radar,258,54,142,10,464,0,11,59,6,76,258,65,201,16,540,0,0,0,540
02/07/2012,SAT,TX,ASW,CE,Combined TRACON& Tower with Radar,258,44,125,20,447,0,12,58,3,73,258,56,183,23,520,0,0,0,520
02/08/2012,SAT,TX,ASW,CE,Combined TRACON& Tower with Radar,255,41,123,18,437,0,15,62,8,85,255,56,185,26,522,0,0,0,522
02/09/2012,SAT,TX,ASW,CE,Combined TRACON& Tower with Radar,277,46,106,25,454,0,16,52,8,76,277,62,158,33,530,0,0,0,530
02/10/2012,SAT,TX,ASW,CE,Combined TRACON& Tower with Radar,273,55,118,28,474,0,12,51,8,71,273,67,169,36,545,0,0,0,545
02/11/2012,SAT,TX,ASW,CE,Combined TRACON& Tower with Radar,181,18,64,3,266,0,3,67,1,71,181,21,131,4,337,0,0,0,337
02/12/2012,SAT,TX,ASW,CE,Combined TRACON& Tower with Radar,237,42,65,23,367,0,9,9,3,21,237,51,74,26,388,0,0,0,388
02/13/2012,SAT,TX,ASW,CE,Combined TRACON& Tower with Radar,260,50,90,5,405,0,7,33,6,46,260,57,123,11,451,0,0,0,451
02/14/2012,SAT,TX,ASW,CE,Combined TRACON& Tower with Radar,260,52,98,18,428,0,5,55,4,64,260,57,153,22,492,0,0,0,492
02/15/2012,SAT,TX,ASW,CE,Combined TRACON& Tower with Radar,262,54,147,27,490,0,6,35,5,46,262,60,182,32,536,0,0,0,536
02/16/2012,SAT,TX,ASW,CE,Combined TRACON& Tower with Radar,287,47,150,22,506,0,6,53,5,64,287,53,203,27,570,0,0,0,570
02/17/2012,SAT,TX,ASW,CE,Combined TRACON& Tower with Radar,292,59,140,10,501,0,0,0,0,0,292,59,140,10,501,0,0,0,501
02/18/2012,SAT,TX,ASW,CE,Combined TRACON& Tower with Radar,186,21,75,15,297,0,4,4,1,9,186,25,79,16,306,0,0,0,306
02/19/2012,SAT,TX,ASW,CE,Combined TRACON& Tower with Radar,224,40,90,10,364,0,5,45,1,51,224,45,135,11,415,0,0,0,415
02/20/2012,SAT,TX,ASW,CE,Combined TRACON& Tower with Radar,262,59,106,8,435,0,9,56,4,69,262,68,162,12,504,0,0,0,504
02/21/2012,SAT,TX,ASW,CE,Combined TRACON& Tower with Radar,281,55,112,14,462,0,6,50,2,58,281,61,162,16,520,0,0,0,520
02/22/2012,SAT,TX,ASW,CE,Combined TRACON& Tower with Radar,270,54,140,10,474,0,10,74,6,90,270,64,214,16,564,0,0,0,564
02/23/2012,SAT,TX,ASW,CE,Combined TRACON& Tower with Radar,290,47,140,11,488,0,22,73,5,100,290,69,213,16,588,0,0,0,588
02/24/2012,SAT,TX,ASW,CE,Combined TRACON& Tower with Radar,281,66,124,8,479,0,11,73,8,92,281,77,197,16,571,0,0,0,571
02/25/2012,SAT,TX,ASW,CE,Combined TRACON& Tower with Radar,193,10,50,8,261,0,11,92,3,106,193,21,142,11,367,0,0,0,367
02/26/2012,SAT,TX,ASW,CE,Combined TRACON& Tower with Radar,233,29,103,7,372,0,13,54,2,69,233,42,157,9,441,0,0,0,441
02/27/2012,SAT,TX,ASW,CE,Combined TRACON& Tower with Radar,264,54,103,9,430,0,1,0,0,1,264,55,103,9,431,0,0,0,431
02/28/2012,SAT,TX,ASW,CE,Combined TRACON& Tower with Radar,272,51,114,2,439,0,10,21,4,35,272,61,135,6,474,0,0,0,474
02/29/2012,SAT,TX,ASW,CE,Combined TRACON& Tower with Radar,276,55,152,13,496,0,10,21,5,36,276,65,173,18,532,0,0,0,532
03/01/2012,SAT,TX,ASW,CE,Combined TRACON& Tower with Radar,278,54,147,4,483,0,8,7,3,18,278,62,154,7,501,0,0,0,501
03/02/2012,SAT,TX,ASW,CE,Combined TRACON& Tower with Radar,278,51,105,17,451,0,17,57,9,83,278,68,162,26,534,0,0,0,534
03/03/2012,SAT,TX,ASW,CE,Combined TRACON& Tower with Radar,197,23,65,7,292,0,9,41,5,55,197,32,106,12,347,0,0,0,347
03/04/2012,SAT,TX,ASW,CE,Combined TRACON& Tower with Radar,240,18,63,9,330,0,9,79,7,95,240,27,142,16,425,0,0,0,425
03/05/2012,SAT,TX,ASW,CE,Combined TRACON& Tower with Radar,268,42,75,3,388,0,10,78,11,99,268,52,153,14,487,0,0,0,487
03/06/2012,SAT,TX,ASW,CE,Combined TRACON& Tower with Radar,277,53,126,7,463,0,15,30,6,51,277,68,156,13,514,0,0,0,514
03/07/2012,SAT,TX,ASW,CE,Combined TRACON& Tower with Radar,271,60,144,14,489,0,15,17,4,36,271,75,161,18,525,0,0,0,525
03/08/2012,SAT,TX,ASW,CE,Combined TRACON& Tower with Radar,287,63,152,5,507,0,8,33,2,43,287,71,185,7,550,0,0,0,550
03/09/2012,SAT,TX,ASW,CE,Combined TRACON& Tower with Radar,298,65,134,5,502,0,4,2,0,6,298,69,136,5,508,0,0,0,508
03/10/2012,SAT,TX,ASW,CE,Combined TRACON& Tower with Radar,220,37,124,2,383,0,0,0,0,0,220,37,124,2,383,0,0,0,383
03/11/2012,SAT,TX,ASW,CE,Combined TRACON& Tower with Radar,270,38,114,14,436,0,5,67,3,75,270,43,181,17,511,0,0,0,511
03/12/2012,SAT,TX,ASW,CE,Combined TRACON& Tower with Radar,275,51,108,12,446,0,17,75,4,96,275,68,183,16,542,0,0,0,542
03/13/2012,SAT,TX,ASW,CE,Combined TRACON& Tower with Radar,287,59,100,11,457,0,8,31,4,43,287,67,131,15,500,0,0,0,500
03/14/2012,SAT,TX,ASW,CE,Combined TRACON& Tower with Radar,291,71,99,11,472,0,5,35,5,45,291,76,134,16,517,0,0,0,517
03/15/2012,SAT,TX,ASW,CE,Combined TRACON& Tower with Radar,292,65,127,0,484,0,11,46,5,62,292,76,173,5,546,0,0,0,546
03/16/2012,SAT,TX,ASW,CE,Combined TRACON& Tower with Radar,288,62,138,11,499,0,11,21,4,36,288,73,159,15,535,0,0,0,535
03/17/2012,SAT,TX,ASW,CE,Combined TRACON& Tower with Radar,220,34,87,7,348,0,5,20,2,27,220,39,107,9,375,0,0,0,375
03/18/2012,SAT,TX,ASW,CE,Combined TRACON& Tower with Radar,252,40,121,10,423,0,1,18,0,19,252,41,139,10,442,0,0,0,442
03/19/2012,SAT,TX,ASW,CE,Combined TRACON& Tower with Radar,275,58,104,2,439,0,1,9,6,16,275,59,113,8,455,0,0,0,455
03/20/2012,SAT,TX,ASW,CE,Combined TRACON& Tower with Radar,287,64,98,2,451,0,9,32,8,49,287,73,130,10,500,0,0,0,500
03/21/2012,SAT,TX,ASW,CE,Combined TRACON& Tower with Radar,283,67,115,9,474,0,13,97,7,117,283,80,212,16,591,0,0,0,591
03/22/2012,SAT,TX,ASW,CE,Combined TRACON& Tower with Radar,298,67,117,8,490,0,17,121,4,142,298,84,238,12,632,0,0,0,632
03/23/2012,SAT,TX,ASW,CE,Combined TRACON& Tower with Radar,287,63,126,19,495,0,17,122,9,148,287,80,248,28,643,0,0,0,643
03/24/2012,SAT,TX,ASW,CE,Combined TRACON& Tower with Radar,225,35,74,5,339,0,8,37,2,47,225,43,111,7,386,0,0,0,386
03/25/2012,SAT,TX,ASW,CE,Combined TRACON& Tower with Radar,256,33,77,5,371,0,7,64,3,74,256,40,141,8,445,0,0,0,445
03/26/2012,SAT,TX,ASW,CE,Combined TRACON& Tower with Radar,273,46,110,17,446,0,16,79,9,104,273,62,189,26,550,0,0,0,550
03/27/2012,SAT,TX,ASW,CE,Combined TRACON& Tower with Radar,296,48,127,2,473,0,3,25,5,33,296,51,152,7,506,0,0,0,506
03/28/2012,SAT,TX,ASW,CE,Combined TRACON& Tower with Radar,276,68,109,3,456,0,11,39,5,55,276,79,148,8,511,0,0,0,511
03/29/2012,SAT,TX,ASW,CE,Combined TRACON& Tower with Radar,304,64,117,10,495,0,10,29,5,44,304,74,146,15,539,0,0,0,539
03/30/2012,SAT,TX,ASW,CE,Combined TRACON& Tower with Radar,285,76,151,1,513,0,15,67,10,92,285,91,218,11,605,0,0,0,605
03/31/2012,SAT,TX,ASW,CE,Combined TRACON& Tower with Radar,219,55,83,2,359,0,7,67,2,76,219,62,150,4,435,0,0,0,435
04/01/2012,SAT,TX,ASW,CE,Combined TRACON& Tower with Radar,252,35,118,3,408,0,3,60,2,65,252,38,178,5,473,0,0,0,473
04/02/2012,SAT,TX,ASW,CE,Combined TRACON& Tower with Radar,273,47,104,9,433,0,9,57,5,71,273,56,161,14,504,0,0,0,504
04/03/2012,SAT,TX,ASW,CE,Combined TRACON& Tower with Radar,276,58,113,3,450,0,16,48,5,69,276,74,161,8,519,0,0,0,519
04/04/2012,SAT,TX,ASW,CE,Combined TRACON& Tower with Radar,269,69,148,19,505,0,19,95,9,123,269,88,243,28,628,0,0,0,628
04/05/2012,SAT,TX,ASW,CE,Combined TRACON& Tower with Radar,285,58,142,15,500,0,14,63,6,83,285,72,205,21,583,0,0,0,583
04/06/2012,SAT,TX,ASW,CE,Combined TRACON& Tower with Radar,274,35,108,9,426,0,23,77,3,103,274,58,185,12,529,0,0,0,529
04/07/2012,SAT,TX,ASW,CE,Combined TRACON& Tower with Radar,205,27,71,3,306,0,7,40,4,51,205,34,111,7,357,0,0,0,357
04/08/2012,SAT,TX,ASW,CE,Combined TRACON& Tower with Radar,249,42,91,4,386,0,7,52,7,66,249,49,143,11,452,0,0,0,452
04/09/2012,SAT,TX,ASW,CE,Combined TRACON& Tower with Radar,273,50,125,10,458,0,17,51,2,70,273,67,176,12,528,0,0,0,528
04/10/2012,SAT,TX,ASW,CE,Combined TRACON& Tower with Radar,281,48,123,5,457,0,11,73,12,96,281,59,196,17,553,0,0,0,553
04/11/2012,SAT,TX,ASW,CE,Combined TRACON& Tower with Radar,284,57,160,10,511,0,11,61,4,76,284,68,221,14,587,0,0,0,587
04/12/2012,SAT,TX,ASW,CE,Combined TRACON& Tower with Radar,294,55,127,4,480,0,7,43,6,56,294,62,170,10,536,0,0,0,536
04/13/2012,SAT,TX,ASW,CE,Combined TRACON& Tower with Radar,282,66,161,7,516,0,5,24,8,37,282,71,185,15,553,0,0,0,553
04/14/2012,SAT,TX,ASW,CE,Combined TRACON& Tower with Radar,214,35,77,21,347,0,12,11,0,23,214,47,88,21,370,0,0,0,370
04/15/2012,SAT,TX,ASW,CE,Combined TRACON& Tower with Radar,263,43,90,19,415,0,8,16,4,28,263,51,106,23,443,0,0,0,443
04/16/2012,SAT,TX,ASW,CE,Combined TRACON& Tower with Radar,276,39,92,18,425,0,12,67,9,88,276,51,159,27,513,0,0,0,513
04/17/2012,SAT,TX,ASW,CE,Combined TRACON& Tower with Radar,275,53,100,7,435,0,14,91,4,109,275,67,191,11,544,0,0,0,544
04/18/2012,SAT,TX,ASW,CE,Combined TRACON& Tower with Radar,275,70,121,10,476,0,13,69,6,88,275,83,190,16,564,0,0,0,564
04/19/2012,SAT,TX,ASW,CE,Combined TRACON& Tower with Radar,292,82,127,4,505,0,20,91,11,122,292,102,218,15,627,0,0,0,627
04/20/2012,SAT,TX,ASW,CE,Combined TRACON& Tower with Radar,298,73,133,3,507,0,11,39,5,55,298,84,172,8,562,0,0,0,562
04/21/2012,SAT,TX,ASW,CE,Combined TRACON& Tower with Radar,211,25,73,4,313,0,16,85,3,104,211,41,158,7,417,0,0,0,417
04/22/2012,SAT,TX,ASW,CE,Combined TRACON& Tower with Radar,254,37,113,6,410,0,8,90,1,99,254,45,203,7,509,0,0,0,509
04/23/2012,SAT,TX,ASW,CE,Combined TRACON& Tower with Radar,273,41,98,10,422,0,19,63,11,93,273,60,161,21,515,0,0,0,515
04/24/2012,SAT,TX,ASW,CE,Combined TRACON& Tower with Radar,285,56,116,11,468,0,20,57,1,78,285,76,173,12,546,0,0,0,546
04/25/2012,SAT,TX,ASW,CE,Combined TRACON& Tower with Radar,283,55,99,9,446,0,16,70,3,89,283,71,169,12,535,0,0,0,535
04/26/2012,SAT,TX,ASW,CE,Combined TRACON& Tower with Radar,285,56,102,17,460,0,14,96,11,121,285,70,198,28,581,0,0,0,581
04/27/2012,SAT,TX,ASW,CE,Combined TRACON& Tower with Radar,291,74,111,16,492,0,13,75,9,97,291,87,186,25,589,0,0,0,589
04/28/2012,SAT,TX,ASW,CE,Combined TRACON& Tower with Radar,205,33,53,7,298,0,9,43,4,56,205,42,96,11,354,0,0,0,354
04/29/2012,SAT,TX,ASW,CE,Combined TRACON& Tower with Radar,246,25,102,8,381,0,8,35,2,45,246,33,137,10,426,0,0,0,426
04/30/2012,SAT,TX,ASW,CE,Combined TRACON& Tower with Radar,278,50,118,18,464,0,3,51,4,58,278,53,169,22,522,0,0,0,522
05/01/2012,SAT,TX,ASW,CE,Combined TRACON& Tower with Radar,282,68,105,14,469,0,6,50,15,71,282,74,155,29,540,0,0,0,540
05/02/2012,SAT,TX,ASW,CE,Combined TRACON& Tower with Radar,276,48,138,9,471,0,16,35,4,55,276,64,173,13,526,0,0,0,526
05/03/2012,SAT,TX,ASW,CE,Combined TRACON& Tower with Radar,290,55,123,2,470,0,12,66,10,88,290,67,189,12,558,0,0,0,558
05/04/2012,SAT,TX,ASW,CE,Combined TRACON& Tower with Radar,282,55,120,7,464,0,9,79,7,95,282,64,199,14,559,0,0,0,559
05/05/2012,SAT,TX,ASW,CE,Combined TRACON& Tower with Radar,208,30,70,5,313,0,2,50,1,53,208,32,120,6,366,0,0,0,366
05/06/2012,SAT,TX,ASW,CE,Combined TRACON& Tower with Radar,251,27,95,8,381,0,5,47,3,55,251,32,142,11,436,0,0,0,436
05/07/2012,SAT,TX,ASW,CE,Combined TRACON& Tower with Radar,260,35,95,8,398,0,6,48,1,55,260,41,143,9,453,0,0,0,453
05/08/2012,SAT,TX,ASW,CE,Combined TRACON& Tower with Radar,278,52,95,10,435,0,2,10,3,15,278,54,105,13,450,0,0,0,450
05/09/2012,SAT,TX,ASW,CE,Combined TRACON& Tower with Radar,274,60,114,20,468,0,5,61,12,78,274,65,175,32,546,0,0,0,546
05/10/2012,SAT,TX,ASW,CE,Combined TRACON& Tower with Radar,286,64,93,0,443,0,6,13,6,25,286,70,106,6,468,0,0,0,468
05/11/2012,SAT,TX,ASW,CE,Combined TRACON& Tower with Radar,295,77,115,19,506,0,7,34,8,49,295,84,149,27,555,0,0,0,555
05/12/2012,SAT,TX,ASW,CE,Combined TRACON& Tower with Radar,208,34,71,3,316,0,5,66,3,74,208,39,137,6,390,0,0,0,390
05/13/2012,SAT,TX,ASW,CE,Combined TRACON& Tower with Radar,245,16,68,3,332,0,8,71,0,79,245,24,139,3,411,0,0,0,411
05/14/2012,SAT,TX,ASW,CE,Combined TRACON& Tower with Radar,277,49,97,9,432,0,13,72,6,91,277,62,169,15,523,0,0,0,523
05/15/2012,SAT,TX,ASW,CE,Combined TRACON& Tower with Radar,280,51,110,5,446,0,10,20,7,37,280,61,130,12,483,0,0,0,483
05/16/2012,SAT,TX,ASW,CE,Combined TRACON& Tower with Radar,278,63,107,14,462,0,11,85,8,104,278,74,192,22,566,0,0,0,566
05/17/2012,SAT,TX,ASW,CE,Combined TRACON& Tower with Radar,290,58,127,9,484,0,10,91,7,108,290,68,218,16,592,0,0,0,592
05/18/2012,SAT,TX,ASW,CE,Combined TRACON& Tower with Radar,287,64,108,10,469,0,8,80,6,94,287,72,188,16,563,0,0,0,563
05/19/2012,SAT,TX,ASW,CE,Combined TRACON& Tower with Radar,209,30,58,22,319,0,7,50,3,60,209,37,108,25,379,0,0,0,379
05/20/2012,SAT,TX,ASW,CE,Combined TRACON& Tower with Radar,256,25,78,20,379,0,5,49,8,62,256,30,127,28,441,0,0,0,441
05/21/2012,SAT,TX,ASW,CE,Combined TRACON& Tower with Radar,271,45,85,11,412,0,9,79,7,95,271,54,164,18,507,0,0,0,507
05/22/2012,SAT,TX,ASW,CE,Combined TRACON& Tower with Radar,275,43,102,1,421,0,8,93,8,109,275,51,195,9,530,0,0,0,530
05/23/2012,SAT,TX,ASW,CE,Combined TRACON& Tower with Radar,274,61,116,31,482,0,15,68,18,101,274,76,184,49,583,0,0,0,583
05/24/2012,SAT,TX,ASW,CE,Combined TRACON& Tower with Radar,294,70,130,20,514,0,18,61,5,84,294,88,191,25,598,0,0,0,598
05/25/2012,SAT,TX,ASW,CE,Combined TRACON& Tower with Radar,284,67,114,14,479,0,9,67,3,79,284,76,181,17,558,0,0,0,558
05/26/2012,SAT,TX,ASW,CE,Combined TRACON& Tower with Radar,212,30,57,4,303,0,8,48,0,56,212,38,105,4,359,0,0,0,359
05/27/2012,SAT,TX,ASW,CE,Combined TRACON& Tower with Radar,197,34,64,5,300,0,8,51,2,61,197,42,115,7,361,0,0,0,361
05/28/2012,SAT,TX,ASW,CE,Combined TRACON& Tower with Radar,243,25,84,12,364,0,5,53,2,60,243,30,137,14,424,0,0,0,424
05/29/2012,SAT,TX,ASW,CE,Combined TRACON& Tower with Radar,283,54,119,11,467,0,12,56,3,71,283,66,175,14,538,0,0,0,538
05/30/2012,SAT,TX,ASW,CE,Combined TRACON& Tower with Radar,284,68,120,20,492,0,15,50,6,71,284,83,170,26,563,0,0,0,563
05/31/2012,SAT,TX,ASW,CE,Combined TRACON& Tower with Radar,302,72,118,12,504,0,5,37,4,46,302,77,155,16,550,0,0,0,550
06/01/2012,SAT,TX,ASW,CE,Combined TRACON& Tower with Radar,283,59,85,14,441,0,8,83,9,100,283,67,168,23,541,0,0,0,541
06/02/2012,SAT,TX,ASW,CE,Combined TRACON& Tower with Radar,218,23,57,11,309,0,6,43,1,50,218,29,100,12,359,0,0,0,359
06/03/2012,SAT,TX,ASW,CE,Combined TRACON& Tower with Radar,261,30,72,5,368,0,5,42,1,48,261,35,114,6,416,0,0,0,416
06/04/2012,SAT,TX,ASW,CE,Combined TRACON& Tower with Radar,276,49,143,28,496,0,16,38,4,58,276,65,181,32,554,0,0,0,554
06/05/2012,SAT,TX,ASW,CE,Combined TRACON& Tower with Radar,288,66,131,17,502,0,16,67,7,90,288,82,198,24,592,0,0,0,592
06/06/2012,SAT,TX,ASW,CE,Combined TRACON& Tower with Radar,289,73,95,12,469,0,13,73,2,88,289,86,168,14,557,0,0,0,557
06/07/2012,SAT,TX,ASW,CE,Combined TRACON& Tower with Radar,308,70,138,5,521,0,16,58,2,76,308,86,196,7,597,0,0,0,597
06/08/2012,SAT,TX,ASW,CE,Combined TRACON& Tower with Radar,290,57,124,13,484,0,9,68,4,81,290,66,192,17,565,0,0,0,565
06/09/2012,SAT,TX,ASW,CE,Combined TRACON& Tower with Radar,238,21,72,22,353,0,9,53,1,63,238,30,125,23,416,0,0,0,416
06/10/2012,SAT,TX,ASW,CE,Combined TRACON& Tower with Radar,257,30,67,21,375,0,14,48,6,68,257,44,115,27,443,0,0,0,443
06/11/2012,SAT,TX,ASW,CE,Combined TRACON& Tower with Radar,271,54,92,14,431,0,6,51,4,61,271,60,143,18,492,0,0,0,492
06/12/2012,SAT,TX,ASW,CE,Combined TRACON& Tower with Radar,308,62,120,18,508,0,8,46,5,59,308,70,166,23,567,0,0,0,567
06/13/2012,SAT,TX,ASW,CE,Combined TRACON& Tower with Radar,297,73,131,14,515,0,15,51,3,69,297,88,182,17,584,0,0,0,584
06/14/2012,SAT,TX,ASW,CE,Combined TRACON& Tower with Radar,310,58,113,9,490,0,8,44,6,58,310,66,157,15,548,0,0,0,548
06/15/2012,SAT,TX,ASW,CE,Combined TRACON& Tower with Radar,290,67,120,11,488,0,20,64,10,94,290,87,184,21,582,0,0,0,582
06/16/2012,SAT,TX,ASW,CE,Combined TRACON& Tower with Radar,237,33,79,7,356,0,14,49,3,66,237,47,128,10,422,0,0,0,422
06/17/2012,SAT,TX,ASW,CE,Combined TRACON& Tower with Radar,261,25,79,9,374,0,5,53,8,66,261,30,132,17,440,0,0,0,440
06/18/2012,SAT,TX,ASW,CE,Combined TRACON& Tower with Radar,274,46,105,7,432,0,11,66,6,83,274,57,171,13,515,0,0,0,515
06/19/2012,SAT,TX,ASW,CE,Combined TRACON& Tower with Radar,312,58,105,3,478,0,6,40,7,53,312,64,145,10,531,0,0,0,531
06/20/2012,SAT,TX,ASW,CE,Combined TRACON& Tower with Radar,306,54,122,6,488,0,6,41,2,49,306,60,163,8,537,0,0,0,537
06/21/2012,SAT,TX,ASW,CE,Combined TRACON& Tower with Radar,305,70,104,13,492,0,7,40,1,48,305,77,144,14,540,0,0,0,540
06/22/2012,SAT,TX,ASW,CE,Combined TRACON& Tower with Radar,285,60,96,20,461,0,14,100,16,130,285,74,196,36,591,0,0,0,591
06/23/2012,SAT,TX,ASW,CE,Combined TRACON& Tower with Radar,242,30,52,5,329,0,3,64,2,69,242,33,116,7,398,0,0,0,398
06/24/2012,SAT,TX,ASW,CE,Combined TRACON& Tower with Radar,252,29,84,9,374,0,3,76,3,82,252,32,160,12,456,0,0,0,456
06/25/2012,SAT,TX,ASW,CE,Combined TRACON& Tower with Radar,279,53,75,18,425,0,17,68,9,94,279,70,143,27,519,0,0,0,519
06/26/2012,SAT,TX,ASW,CE,Combined TRACON& Tower with Radar,295,46,80,13,434,0,13,61,7,81,295,59,141,20,515,0,0,0,515
06/27/2012,SAT,TX,ASW,CE,Combined TRACON& Tower with Radar,298,50,85,7,440,0,12,66,7,85,298,62,151,14,525,0,0,0,525
06/28/2012,SAT,TX,ASW,CE,Combined TRACON& Tower with Radar,301,70,111,9,491,0,23,67,11,101,301,93,178,20,592,0,0,0,592
06/29/2012,SAT,TX,ASW,CE,Combined TRACON& Tower with Radar,280,54,116,12,462,0,21,61,10,92,280,75,177,22,554,0,0,0,554
06/30/2012,SAT,TX,ASW,CE,Combined TRACON& Tower with Radar,244,18,74,1,337,0,8,27,2,37,244,26,101,3,374,0,0,0,374
07/01/2012,SAT,TX,ASW,CE,Combined TRACON& Tower with Radar,251,23,66,4,344,0,7,22,1,30,251,30,88,5,374,0,0,0,374
07/02/2012,SAT,TX,ASW,CE,Combined TRACON& Tower with Radar,273,43,85,18,419,0,7,44,6,57,273,50,129,24,476,0,0,0,476
07/03/2012,SAT,TX,ASW,CE,Combined TRACON& Tower with Radar,275,50,99,6,430,0,14,46,7,67,275,64,145,13,497,0,0,0,497
07/04/2012,SAT,TX,ASW,CE,Combined TRACON& Tower with Radar,216,10,29,0,255,0,11,25,2,38,216,21,54,2,293,0,0,0,293
07/05/2012,SAT,TX,ASW,CE,Combined TRACON& Tower with Radar,277,52,75,6,410,0,21,48,5,74,277,73,123,11,484,0,0,0,484
07/06/2012,SAT,TX,ASW,CE,Combined TRACON& Tower with Radar,265,46,75,15,401,0,10,46,4,60,265,56,121,19,461,0,0,0,461
07/07/2012,SAT,TX,ASW,CE,Combined TRACON& Tower with Radar,250,34,51,1,336,0,10,44,3,57,250,44,95,4,393,0,0,0,393
07/08/2012,SAT,TX,ASW,CE,Combined TRACON& Tower with Radar,259,32,75,4,370,0,15,42,0,57,259,47,117,4,427,0,0,0,427
07/09/2012,SAT,TX,ASW,CE,Combined TRACON& Tower with Radar,320,42,104,13,479,0,12,39,4,55,320,54,143,17,534,0,0,0,534
07/10/2012,SAT,TX,ASW,CE,Combined TRACON& Tower with Radar,298,57,125,12,492,0,9,20,2,31,298,66,145,14,523,0,0,0,523
07/11/2012,SAT,TX,ASW,CE,Combined TRACON& Tower with Radar,289,61,83,9,442,0,3,19,5,27,289,64,102,14,469,0,0,0,469
07/12/2012,SAT,TX,ASW,CE,Combined TRACON& Tower with Radar,293,69,117,12,491,0,11,50,6,67,293,80,167,18,558,0,0,0,558
07/13/2012,SAT,TX,ASW,CE,Combined TRACON& Tower with Radar,305,55,103,23,486,0,10,69,7,86,305,65,172,30,572,0,0,0,572
07/14/2012,SAT,TX,ASW,CE,Combined TRACON& Tower with Radar,235,28,51,15,329,0,6,44,3,53,235,34,95,18,382,0,0,0,382
07/15/2012,SAT,TX,ASW,CE,Combined TRACON& Tower with Radar,258,20,89,10,377,0,2,39,6,47,258,22,128,16,424,0,0,0,424
07/16/2012,SAT,TX,ASW,CE,Combined TRACON& Tower with Radar,275,50,97,4,426,0,7,63,2,72,275,57,160,6,498,0,0,0,498
07/17/2012,SAT,TX,ASW,CE,Combined TRACON& Tower with Radar,298,55,79,8,440,0,14,26,4,44,298,69,105,12,484,0,0,0,484
07/18/2012,SAT,TX,ASW,CE,Combined TRACON& Tower with Radar,284,57,120,11,472,0,14,55,4,73,284,71,175,15,545,0,0,0,545
07/19/2012,SAT,TX,ASW,CE,Combined TRACON& Tower with Radar,301,72,155,15,543,0,15,50,5,70,301,87,205,20,613,0,0,0,613
07/20/2012,SAT,TX,ASW,CE,Combined TRACON& Tower with Radar,283,50,120,17,470,0,11,87,9,107,283,61,207,26,577,0,0,0,577
07/21/2012,SAT,TX,ASW,CE,Combined TRACON& Tower with Radar,239,16,40,14,309,0,17,56,7,80,239,33,96,21,389,0,0,0,389
07/22/2012,SAT,TX,ASW,CE,Combined TRACON& Tower with Radar,260,26,77,19,382,0,16,55,8,79,260,42,132,27,461,0,0,0,461
07/23/2012,SAT,TX,ASW,CE,Combined TRACON& Tower with Radar,281,44,93,13,431,0,14,60,5,79,281,58,153,18,510,0,0,0,510
07/24/2012,SAT,TX,ASW,CE,Combined TRACON& Tower with Radar,297,53,107,5,462,0,15,58,6,79,297,68,165,11,541,0,0,0,541
07/25/2012,SAT,TX,ASW,CE,Combined TRACON& Tower with Radar,294,56,100,16,466,0,17,58,6,81,294,73,158,22,547,0,0,0,547
07/26/2012,SAT,TX,ASW,CE,Combined TRACON& Tower with Radar,289,68,127,11,495,0,16,48,7,71,289,84,175,18,566,0,0,0,566
07/27/2012,SAT,TX,ASW,CE,Combined TRACON& Tower with Radar,287,73,115,20,495,0,15,65,8,88,287,88,180,28,583,0,0,0,583
07/28/2012,SAT,TX,ASW,CE,Combined TRACON& Tower with Radar,233,25,72,29,359,0,9,46,0,55,233,34,118,29,414,0,0,0,414
07/29/2012,SAT,TX,ASW,CE,Combined TRACON& Tower with Radar,248,35,97,15,395,0,11,61,4,76,248,46,158,19,471,0,0,0,471
07/30/2012,SAT,TX,ASW,CE,Combined TRACON& Tower with Radar,275,50,76,16,417,0,17,72,5,94,275,67,148,21,511,0,0,0,511
07/31/2012,SAT,TX,ASW,CE,Combined TRACON& Tower with Radar,293,55,72,8,428,0,21,61,8,90,293,76,133,16,518,0,0,0,518
08/01/2012,SAT,TX,ASW,CE,Combined TRACON& Tower with Radar,280,53,80,4,417,0,19,58,1,78,280,72,138,5,495,0,0,0,495
08/02/2012,SAT,TX,ASW,CE,Combined TRACON& Tower with Radar,299,76,106,4,485,0,13,63,6,82,299,89,169,10,567,0,0,0,567
08/03/2012,SAT,TX,ASW,CE,Combined TRACON& Tower with Radar,287,56,105,18,466,0,17,76,7,100,287,73,181,25,566,0,0,0,566
08/04/2012,SAT,TX,ASW,CE,Combined TRACON& Tower with Radar,235,35,60,10,340,0,8,62,2,72,235,43,122,12,412,0,0,0,412
08/05/2012,SAT,TX,ASW,CE,Combined TRACON& Tower with Radar,256,33,75,2,366,0,6,60,3,69,256,39,135,5,435,0,0,0,435
08/06/2012,SAT,TX,ASW,CE,Combined TRACON& Tower with Radar,277,39,77,21,414,0,13,46,7,66,277,52,123,28,480,0,0,0,480
08/07/2012,SAT,TX,ASW,CE,Combined TRACON& Tower with Radar,296,48,105,17,466,0,24,70,11,105,296,72,175,28,571,0,0,0,571
08/08/2012,SAT,TX,ASW,CE,Combined TRACON& Tower with Radar,289,55,93,25,462,0,13,61,5,79,289,68,154,30,541,0,0,0,541
08/09/2012,SAT,TX,ASW,CE,Combined TRACON& Tower with Radar,287,45,105,11,448,0,16,59,5,80,287,61,164,16,528,0,0,0,528
08/10/2012,SAT,TX,ASW,CE,Combined TRACON& Tower with Radar,288,49,94,9,440,0,19,74,10,103,288,68,168,19,543,0,0,0,543
08/11/2012,SAT,TX,ASW,CE,Combined TRACON& Tower with Radar,238,23,42,5,308,0,13,32,6,51,238,36,74,11,359,0,0,0,359
08/12/2012,SAT,TX,ASW,CE,Combined TRACON& Tower with Radar,256,28,61,3,348,0,8,45,2,55,256,36,106,5,403,0,0,0,403
08/13/2012,SAT,TX,ASW,CE,Combined TRACON& Tower with Radar,269,47,66,11,393,0,8,63,8,79,269,55,129,19,472,0,0,0,472
08/14/2012,SAT,TX,ASW,CE,Combined TRACON& Tower with Radar,282,62,74,9,427,0,13,70,7,90,282,75,144,16,517,0,0,0,517
08/15/2012,SAT,TX,ASW,CE,Combined TRACON& Tower with Radar,275,57,95,10,437,0,21,59,10,90,275,78,154,20,527,0,0,0,527
08/16/2012,SAT,TX,ASW,CE,Combined TRACON& Tower with Radar,289,64,112,9,474,0,15,57,5,77,289,79,169,14,551,0,0,0,551
08/17/2012,SAT,TX,ASW,CE,Combined TRACON& Tower with Radar,276,64,111,19,470,0,16,73,3,92,276,80,184,22,562,0,0,0,562
08/18/2012,SAT,TX,ASW,CE,Combined TRACON& Tower with Radar,240,28,39,23,330,0,10,48,6,64,240,38,87,29,394,0,0,0,394
08/19/2012,SAT,TX,ASW,CE,Combined TRACON& Tower with Radar,253,18,75,10,356,0,6,31,0,37,253,24,106,10,393,0,0,0,393
08/20/2012,SAT,TX,ASW,CE,Combined TRACON& Tower with Radar,266,43,95,4,408,0,10,61,8,79,266,53,156,12,487,0,0,0,487
08/21/2012,SAT,TX,ASW,CE,Combined TRACON& Tower with Radar,277,47,103,4,431,0,15,54,6,75,277,62,157,10,506,0,0,0,506
08/22/2012,SAT,TX,ASW,CE,Combined TRACON& Tower with Radar,267,53,102,13,435,0,17,72,10,99,267,70,174,23,534,0,0,0,534
08/23/2012,SAT,TX,ASW,CE,Combined TRACON& Tower with Radar,291,68,112,13,484,0,15,38,2,55,291,83,150,15,539,0,0,0,539
08/24/2012,SAT,TX,ASW,CE,Combined TRACON& Tower with Radar,276,64,97,26,463,0,22,70,12,104,276,86,167,38,567,0,0,0,567
08/25/2012,SAT,TX,ASW,CE,Combined TRACON& Tower with Radar,204,36,50,8,298,0,16,29,1,46,204,52,79,9,344,0,0,0,344
08/26/2012,SAT,TX,ASW,CE,Combined TRACON& Tower with Radar,251,24,78,12,365,0,10,39,2,51,251,34,117,14,416,0,0,0,416
08/27/2012,SAT,TX,ASW,CE,Combined TRACON& Tower with Radar,262,44,68,9,383,0,18,54,3,75,262,62,122,12,458,0,0,0,458
08/28/2012,SAT,TX,ASW,CE,Combined TRACON& Tower with Radar,280,46,81,16,423,0,16,50,5,71,280,62,131,21,494,0,0,0,494
08/29/2012,SAT,TX,ASW,CE,Combined TRACON& Tower with Radar,268,37,91,8,404,0,16,59,4,79,268,53,150,12,483,0,0,0,483
08/30/2012,SAT,TX,ASW,CE,Combined TRACON& Tower with Radar,290,52,106,11,459,0,11,69,4,84,290,63,175,15,543,0,0,0,543
08/31/2012,SAT,TX,ASW,CE,Combined TRACON& Tower with Radar,279,62,122,10,473,0,14,56,3,73,279,76,178,13,546,0,0,0,546
09/01/2012,SAT,TX,ASW,CE,Combined TRACON& Tower with Radar,194,17,39,1,251,0,4,27,0,31,194,21,66,1,282,0,0,0,282
09/02/2012,SAT,TX,ASW,CE,Combined TRACON& Tower with Radar,177,14,41,1,233,0,8,22,1,31,177,22,63,2,264,0,0,0,264
09/03/2012,SAT,TX,ASW,CE,Combined TRACON& Tower with Radar,233,32,70,2,337,0,18,39,3,60,233,50,109,5,397,0,0,0,397
09/04/2012,SAT,TX,ASW,CE,Combined TRACON& Tower with Radar,268,42,93,13,416,0,19,43,4,66,268,61,136,17,482,0,0,0,482
09/05/2012,SAT,TX,ASW,CE,Combined TRACON& Tower with Radar,273,53,94,11,431,0,17,64,1,82,273,70,158,12,513,0,0,0,513
09/06/2012,SAT,TX,ASW,CE,Combined TRACON& Tower with Radar,292,61,86,12,451,0,22,57,6,85,292,83,143,18,536,0,0,0,536
09/07/2012,SAT,TX,ASW,CE,Combined TRACON& Tower with Radar,280,52,87,8,427,0,16,67,7,90,280,68,154,15,517,0,0,0,517
09/08/2012,SAT,TX,ASW,CE,Combined TRACON& Tower with Radar,199,20,49,7,275,0,9,43,3,55,199,29,92,10,330,0,0,0,330
09/09/2012,SAT,TX,ASW,CE,Combined TRACON& Tower with Radar,253,24,70,11,358,0,6,59,4,69,253,30,129,15,427,0,0,0,427
09/10/2012,SAT,TX,ASW,CE,Combined TRACON& Tower with Radar,268,47,88,17,420,0,17,65,5,87,268,64,153,22,507,0,0,0,507
09/11/2012,SAT,TX,ASW,CE,Combined TRACON& Tower with Radar,267,62,115,11,455,0,55,53,6,114,267,117,168,17,569,0,0,0,569
09/12/2012,SAT,TX,ASW,CE,Combined TRACON& Tower with Radar,273,58,114,5,450,0,15,44,5,64,273,73,158,10,514,0,0,0,514
09/13/2012,SAT,TX,ASW,CE,Combined TRACON& Tower with Radar,286,81,117,6,490,0,15,25,6,46,286,96,142,12,536,0,0,0,536
09/14/2012,SAT,TX,ASW,CE,Combined TRACON& Tower with Radar,283,85,123,12,503,0,7,15,7,29,283,92,138,19,532,0,0,0,532
09/15/2012,SAT,TX,ASW,CE,Combined TRACON& Tower with Radar,194,27,54,17,292,0,10,15,1,26,194,37,69,18,318,0,0,0,318
09/16/2012,SAT,TX,ASW,CE,Combined TRACON& Tower with Radar,257,24,59,9,349,0,5,0,2,7,257,29,59,11,356,0,0,0,356
09/17/2012,SAT,TX,ASW,CE,Combined TRACON& Tower with Radar,264,62,116,20,462,0,15,64,8,87,264,77,180,28,549,0,0,0,549
09/18/2012,SAT,TX,ASW,CE,Combined TRACON& Tower with Radar,264,56,109,18,447,0,19,73,6,98,264,75,182,24,545,0,0,0,545
09/19/2012,SAT,TX,ASW,CE,Combined TRACON& Tower with Radar,269,54,88,6,417,0,65,60,4,129,269,119,148,10,546,0,0,0,546
09/20/2012,SAT,TX,ASW,CE,Combined TRACON& Tower with Radar,291,65,124,19,499,0,15,71,11,97,291,80,195,30,596,0,0,0,596
09/21/2012,SAT,TX,ASW,CE,Combined TRACON& Tower with Radar,284,49,104,12,449,0,23,112,6,141,284,72,216,18,590,0,0,0,590
09/22/2012,SAT,TX,ASW,CE,Combined TRACON& Tower with Radar,193,23,49,13,278,0,12,69,0,81,193,35,118,13,359,0,0,0,359
09/23/2012,SAT,TX,ASW,CE,Combined TRACON& Tower with Radar,256,17,94,7,374,0,10,85,5,100,256,27,179,12,474,0,0,0,474
09/24/2012,SAT,TX,ASW,CE,Combined TRACON& Tower with Radar,267,51,86,6,410,0,11,58,8,77,267,62,144,14,487,0,0,0,487
09/25/2012,SAT,TX,ASW,CE,Combined TRACON& Tower with Radar,268,61,92,6,427,0,16,55,14,85,268,77,147,20,512,0,0,0,512
09/26/2012,SAT,TX,ASW,CE,Combined TRACON& Tower with Radar,269,60,117,9,455,0,21,64,7,92,269,81,181,16,547,0,0,0,547
09/27/2012,SAT,TX,ASW,CE,Combined TRACON& Tower with Radar,294,58,121,7,480,0,9,52,8,69,294,67,173,15,549,0,0,0,549
09/28/2012,SAT,TX,ASW,CE,Combined TRACON& Tower with Radar,279,65,111,5,460,0,6,9,2,17,279,71,120,7,477,0,0,0,477
09/29/2012,SAT,TX,ASW,CE,Combined TRACON& Tower with Radar,196,25,42,7,270,0,6,4,1,11,196,31,46,8,281,0,0,0,281
09/30/2012,SAT,TX,ASW,CE,Combined TRACON& Tower with Radar,260,20,107,2,389,0,12,38,1,51,260,32,145,3,440,0,0,0,440
10/01/2012,SAT,TX,ASW,CE,Combined TRACON& Tower with Radar,265,51,91,11,418,0,12,67,10,89,265,63,158,21,507,0,0,0,507
10/02/2012,SAT,TX,ASW,CE,Combined TRACON& Tower with Radar,264,55,85,10,414,0,20,86,6,112,264,75,171,16,526,0,0,0,526
10/03/2012,SAT,TX,ASW,CE,Combined TRACON& Tower with Radar,276,59,93,8,436,0,11,70,11,92,276,70,163,19,528,0,0,0,528
10/04/2012,SAT,TX,ASW,CE,Combined TRACON& Tower with Radar,285,62,120,6,473,0,9,52,4,65,285,71,172,10,538,0,0,0,538
10/05/2012,SAT,TX,ASW,CE,Combined TRACON& Tower with Radar,285,76,119,19,499,0,15,73,11,99,285,91,192,30,598,0,0,0,598
10/06/2012,SAT,TX,ASW,CE,Combined TRACON& Tower with Radar,196,21,63,12,292,0,7,23,0,30,196,28,86,12,322,0,0,0,322
10/07/2012,SAT,TX,ASW,CE,Combined TRACON& Tower with Radar,260,21,111,7,399,0,5,8,0,13,260,26,119,7,412,0,0,0,412
10/08/2012,SAT,TX,ASW,CE,Combined TRACON& Tower with Radar,266,50,110,12,438,0,11,55,14,80,266,61,165,26,518,0,0,0,518
10/09/2012,SAT,TX,ASW,CE,Combined TRACON& Tower with Radar,271,41,126,18,456,0,8,46,6,60,271,49,172,24,516,0,0,0,516
10/10/2012,SAT,TX,ASW,CE,Combined TRACON& Tower with Radar,281,76,110,23,490,0,14,51,11,76,281,90,161,34,566,0,0,0,566
10/11/2012,SAT,TX,ASW,CE,Combined TRACON& Tower with Radar,299,79,146,9,533,0,13,45,5,63,299,92,191,14,596,0,0,0,596
10/12/2012,SAT,TX,ASW,CE,Combined TRACON& Tower with Radar,282,66,135,21,504,0,12,56,13,81,282,78,191,34,585,0,0,0,585
10/13/2012,SAT,TX,ASW,CE,Combined TRACON& Tower with Radar,199,21,51,24,295,0,8,14,1,23,199,29,65,25,318,0,0,0,318
10/14/2012,SAT,TX,ASW,CE,Combined TRACON& Tower with Radar,259,31,77,15,382,0,11,70,3,84,259,42,147,18,466,0,0,0,466
10/15/2012,SAT,TX,ASW,CE,Combined TRACON& Tower with Radar,272,50,102,5,429,0,12,82,9,103,272,62,184,14,532,0,0,0,532
10/16/2012,SAT,TX,ASW,CE,Combined TRACON& Tower with Radar,268,63,134,10,475,0,13,39,5,57,268,76,173,15,532,0,0,0,532
10/17/2012,SAT,TX,ASW,CE,Combined TRACON& Tower with Radar,275,60,117,8,460,1,7,40,10,58,276,67,157,18,518,0,0,0,518
10/18/2012,SAT,TX,ASW,CE,Combined TRACON& Tower with Radar,294,54,96,10,454,0,15,73,10,98,294,69,169,20,552,0,0,0,552
10/19/2012,SAT,TX,ASW,CE,Combined TRACON& Tower with Radar,276,55,101,14,446,0,20,79,11,110,276,75,180,25,556,0,0,0,556
10/20/2012,SAT,TX,ASW,CE,Combined TRACON& Tower with Radar,198,27,73,8,306,0,17,23,2,42,198,44,96,10,348,0,0,0,348
10/21/2012,SAT,TX,ASW,CE,Combined TRACON& Tower with Radar,265,35,103,8,411,0,3,42,4,49,265,38,145,12,460,0,0,0,460
10/22/2012,SAT,TX,ASW,CE,Combined TRACON& Tower with Radar,270,56,103,13,442,0,10,66,12,88,270,66,169,25,530,0,0,0,530
10/23/2012,SAT,TX,ASW,CE,Combined TRACON& Tower with Radar,276,56,122,9,463,0,9,49,5,63,276,65,171,14,526,0,0,0,526
10/24/2012,SAT,TX,ASW,CE,Combined TRACON& Tower with Radar,280,60,137,16,493,0,15,78,16,109,280,75,215,32,602,0,0,0,602
10/25/2012,SAT,TX,ASW,CE,Combined TRACON& Tower with Radar,297,67,152,10,526,0,13,61,7,81,297,80,213,17,607,0,0,0,607
10/26/2012,SAT,TX,ASW,CE,Combined TRACON& Tower with Radar,283,75,145,6,509,0,9,28,5,42,283,84,173,11,551,0,0,0,551
10/27/2012,SAT,TX,ASW,CE,Combined TRACON& Tower with Radar,202,30,54,4,290,0,12,46,14,72,202,42,100,18,362,0,0,0,362
10/28/2012,SAT,TX,ASW,CE,Combined TRACON& Tower with Radar,260,39,103,9,411,0,9,74,11,94,260,48,177,20,505,0,0,0,505
10/29/2012,SAT,TX,ASW,CE,Combined TRACON& Tower with Radar,258,47,86,4,395,0,13,107,8,128,258,60,193,12,523,0,0,0,523
10/30/2012,SAT,TX,ASW,CE,Combined TRACON& Tower with Radar,257,58,105,13,433,0,10,94,10,114,257,68,199,23,547,0,0,0,547
10/31/2012,SAT,TX,ASW,CE,Combined TRACON& Tower with Radar,256,58,89,6,409,0,17,79,7,103,256,75,168,13,512,0,0,0,512
11/01/2012,SAT,TX,ASW,CE,Combined TRACON& Tower with Radar,290,74,156,13,533,0,10,56,10,76,290,84,212,23,609,0,0,0,609
11/02/2012,SAT,TX,ASW,CE,Combined TRACON& Tower with Radar,290,60,138,22,510,0,13,68,12,93,290,73,206,34,603,0,0,0,603
11/03/2012,SAT,TX,ASW,CE,Combined TRACON& Tower with Radar,203,24,73,10,310,0,8,37,2,47,203,32,110,12,357,0,0,0,357
11/04/2012,SAT,TX,ASW,CE,Combined TRACON& Tower with Radar,258,54,90,8,410,0,6,58,5,69,258,60,148,13,479,0,0,0,479
11/05/2012,SAT,TX,ASW,CE,Combined TRACON& Tower with Radar,264,64,103,22,453,0,19,64,10,93,264,83,167,32,546,0,0,0,546
11/06/2012,SAT,TX,ASW,CE,Combined TRACON& Tower with Radar,254,62,96,10,422,0,15,94,4,113,254,77,190,14,535,0,0,0,535
11/07/2012,SAT,TX,ASW,CE,Combined TRACON& Tower with Radar,273,52,108,11,444,0,17,61,13,91,273,69,169,24,535,0,0,0,535
11/08/2012,SAT,TX,ASW,CE,Combined TRACON& Tower with Radar,292,57,107,20,476,0,21,82,8,111,292,78,189,28,587,0,0,0,587
11/09/2012,SAT,TX,ASW,CE,Combined TRACON& Tower with Radar,268,73,106,15,462,0,11,60,8,79,268,84,166,23,541,0,0,0,541
11/10/2012,SAT,TX,ASW,CE,Combined TRACON& Tower with Radar,206,29,69,4,308,0,21,24,3,48,206,50,93,7,356,0,0,0,356
11/11/2012,SAT,TX,ASW,CE,Combined TRACON& Tower with Radar,260,39,79,1,379,0,11,32,2,45,260,50,111,3,424,0,0,0,424
11/12/2012,SAT,TX,ASW,CE,Combined TRACON& Tower with Radar,271,46,106,3,426,0,11,69,5,85,271,57,175,8,511,0,0,0,511
11/13/2012,SAT,TX,ASW,CE,Combined TRACON& Tower with Radar,270,60,90,14,434,0,12,55,6,73,270,72,145,20,507,0,0,0,507
11/14/2012,SAT,TX,ASW,CE,Combined TRACON& Tower with Radar,275,62,148,17,502,0,13,83,7,103,275,75,231,24,605,0,0,0,605
11/15/2012,SAT,TX,ASW,CE,Combined TRACON& Tower with Radar,296,88,159,1,544,0,16,57,10,83,296,104,216,11,627,0,0,0,627
11/16/2012,SAT,TX,ASW,CE,Combined TRACON& Tower with Radar,292,120,194,9,615,0,16,90,4,110,292,136,284,13,725,0,0,0,725
11/17/2012,SAT,TX,ASW,CE,Combined TRACON& Tower with Radar,218,28,99,11,356,0,8,67,3,78,218,36,166,14,434,0,0,0,434
11/18/2012,SAT,TX,ASW,CE,Combined TRACON& Tower with Radar,253,35,76,9,373,0,6,68,1,75,253,41,144,10,448,0,0,0,448
11/19/2012,SAT,TX,ASW,CE,Combined TRACON& Tower with Radar,268,91,183,15,557,0,12,56,4,72,268,103,239,19,629,0,0,0,629
11/20/2012,SAT,TX,ASW,CE,Combined TRACON& Tower with Radar,292,75,118,7,492,0,12,80,8,100,292,87,198,15,592,0,0,0,592
11/21/2012,SAT,TX,ASW,CE,Combined TRACON& Tower with Radar,275,75,107,1,458,0,17,106,4,127,275,92,213,5,585,0,0,0,585
11/22/2012,SAT,TX,ASW,CE,Combined TRACON& Tower with Radar,174,12,35,5,226,0,11,34,0,45,174,23,69,5,271,0,0,0,271
11/23/2012,SAT,TX,ASW,CE,Combined TRACON& Tower with Radar,212,46,53,7,318,0,9,42,4,55,212,55,95,11,373,0,0,0,373
11/24/2012,SAT,TX,ASW,CE,Combined TRACON& Tower with Radar,229,23,79,2,333,0,14,57,0,71,229,37,136,2,404,0,0,0,404
11/25/2012,SAT,TX,ASW,CE,Combined TRACON& Tower with Radar,271,60,110,0,441,0,20,62,2,84,271,80,172,2,525,0,0,0,525
11/26/2012,SAT,TX,ASW,CE,Combined TRACON& Tower with Radar,266,54,85,10,415,0,8,43,7,58,266,62,128,17,473,0,0,0,473
11/27/2012,SAT,TX,ASW,CE,Combined TRACON& Tower with Radar,282,51,102,20,455,0,11,57,3,71,282,62,159,23,526,0,0,0,526
11/28/2012,SAT,TX,ASW,CE,Combined TRACON& Tower with Radar,271,59,94,9,433,0,15,74,1,90,271,74,168,10,523,0,0,0,523
11/29/2012,SAT,TX,ASW,CE,Combined TRACON& Tower with Radar,288,73,116,21,498,0,14,48,2,64,288,87,164,23,562,0,0,0,562
11/30/2012,SAT,TX,ASW,CE,Combined TRACON& Tower with Radar,285,60,118,19,482,0,12,42,9,63,285,72,160,28,545,0,0,0,545
12/01/2012,SAT,TX,ASW,CE,Combined TRACON& Tower with Radar,207,26,67,14,314,0,14,32,3,49,207,40,99,17,363,0,0,0,363
12/02/2012,SAT,TX,ASW,CE,Combined TRACON& Tower with Radar,255,27,86,22,390,0,10,30,1,41,255,37,116,23,431,0,0,0,431
12/03/2012,SAT,TX,ASW,CE,Combined TRACON& Tower with Radar,264,56,114,10,444,0,10,39,8,57,264,66,153,18,501,0,0,0,501
12/04/2012,SAT,TX,ASW,CE,Combined TRACON& Tower with Radar,283,67,105,12,467,0,20,39,7,66,283,87,144,19,533,0,0,0,533
12/05/2012,SAT,TX,ASW,CE,Combined TRACON& Tower with Radar,274,53,117,15,459,0,20,71,7,98,274,73,188,22,557,0,0,0,557
12/06/2012,SAT,TX,ASW,CE,Combined TRACON& Tower with Radar,286,73,127,14,500,0,12,69,6,87,286,85,196,20,587,0,0,0,587
12/07/2012,SAT,TX,ASW,CE,Combined TRACON& Tower with Radar,275,47,134,16,472,0,11,44,10,65,275,58,178,26,537,0,0,0,537
12/08/2012,SAT,TX,ASW,CE,Combined TRACON& Tower with Radar,209,22,61,15,307,0,7,15,0,22,209,29,76,15,329,0,0,0,329
12/09/2012,SAT,TX,ASW,CE,Combined TRACON& Tower with Radar,252,38,88,15,393,0,6,17,2,25,252,44,105,17,418,0,0,0,418
12/10/2012,SAT,TX,ASW,CE,Combined TRACON& Tower with Radar,263,48,113,10,434,0,11,39,3,53,263,59,152,13,487,0,0,0,487
12/11/2012,SAT,TX,ASW,CE,Combined TRACON& Tower with Radar,273,68,131,17,489,0,14,39,4,57,273,82,170,21,546,0,0,0,546
12/12/2012,SAT,TX,ASW,CE,Combined TRACON& Tower with Radar,273,72,105,18,468,0,23,83,12,118,273,95,188,30,586,0,0,0,586
12/13/2012,SAT,TX,ASW,CE,Combined TRACON& Tower with Radar,289,55,107,21,472,0,19,70,5,94,289,74,177,26,566,0,0,0,566
12/14/2012,SAT,TX,ASW,CE,Combined TRACON& Tower with Radar,281,64,118,25,488,0,6,13,2,21,281,70,131,27,509,0,0,0,509
12/15/2012,SAT,TX,ASW,CE,Combined TRACON& Tower with Radar,211,36,78,30,355,0,9,31,4,44,211,45,109,34,399,0,0,0,399
12/16/2012,SAT,TX,ASW,CE,Combined TRACON& Tower with Radar,281,26,84,13,404,0,7,47,6,60,281,33,131,19,464,0,0,0,464
12/17/2012,SAT,TX,ASW,CE,Combined TRACON& Tower with Radar,267,45,118,9,439,0,11,75,8,94,267,56,193,17,533,0,0,0,533
12/18/2012,SAT,TX,ASW,CE,Combined TRACON& Tower with Radar,274,57,98,26,455,0,11,117,10,138,274,68,215,36,593,0,0,0,593
12/19/2012,SAT,TX,ASW,CE,Combined TRACON& Tower with Radar,283,66,130,23,502,0,15,45,7,67,283,81,175,30,569,0,0,0,569
12/20/2012,SAT,TX,ASW,CE,Combined TRACON& Tower with Radar,296,72,105,9,482,0,12,56,4,72,296,84,161,13,554,0,0,0,554
12/21/2012,SAT,TX,ASW,CE,Combined TRACON& Tower with Radar,279,62,114,1,456,0,28,87,2,117,279,90,201,3,573,0,0,0,573
12/22/2012,SAT,TX,ASW,CE,Combined TRACON& Tower with Radar,246,51,83,2,382,0,5,53,0,58,246,56,136,2,440,0,0,0,440
12/23/2012,SAT,TX,ASW,CE,Combined TRACON& Tower with Radar,257,36,53,1,347,0,15,26,0,41,257,51,79,1,388,0,0,0,388
12/24/2012,SAT,TX,ASW,CE,Combined TRACON& Tower with Radar,198,26,26,7,257,0,24,31,0,55,198,50,57,7,312,0,0,0,312
12/25/2012,SAT,TX,ASW,CE,Combined TRACON& Tower with Radar,196,35,36,3,270,0,4,13,0,17,196,39,49,3,287,0,0,0,287
12/26/2012,SAT,TX,ASW,CE,Combined TRACON& Tower with Radar,271,65,85,3,424,0,14,57,3,74,271,79,142,6,498,0,0,0,498
12/27/2012,SAT,TX,ASW,CE,Combined TRACON& Tower with Radar,297,75,130,5,507,0,5,10,4,19,297,80,140,9,526,0,0,0,526
12/28/2012,SAT,TX,ASW,CE,Combined TRACON& Tower with Radar,277,69,99,4,449,0,12,68,2,82,277,81,167,6,531,0,0,0,531
12/29/2012,SAT,TX,ASW,CE,Combined TRACON& Tower with Radar,226,36,58,0,320,0,9,65,1,75,226,45,123,1,395,0,0,0,395
12/30/2012,SAT,TX,ASW,CE,Combined TRACON& Tower with Radar,249,28,47,2,326,0,16,20,1,37,249,44,67,3,363,0,0,0,363
12/31/2012,SAT,TX,ASW,CE,Combined TRACON& Tower with Radar,209,42,30,3,284,0,0,1,0,1,209,42,31,3,285,0,0,0,285
01/01/2013,SAT,TX,ASW,CE,Combined TRACON& Tower with Radar,229,20,46,4,299,0,7,12,0,19,229,27,58,4,318,0,0,0,318
01/02/2013,SAT,TX,ASW,CE,Combined TRACON& Tower with Radar,278,50,73,7,408,0,18,41,8,67,278,68,114,15,475,0,0,0,475
01/03/2013,SAT,TX,ASW,CE,Combined TRACON& Tower with Radar,302,66,91,15,474,0,13,19,9,41,302,79,110,24,515,0,0,0,515
01/04/2013,SAT,TX,ASW,CE,Combined TRACON& Tower with Radar,278,63,79,6,426,0,7,7,5,19,278,70,86,11,445,0,0,0,445
01/05/2013,SAT,TX,ASW,CE,Combined TRACON& Tower with Radar,210,45,85,20,360,0,5,44,0,49,210,50,129,20,409,0,0,0,409
01/06/2013,SAT,TX,ASW,CE,Combined TRACON& Tower with Radar,257,55,81,12,405,0,8,55,5,68,257,63,136,17,473,0,0,0,473
01/07/2013,SAT,TX,ASW,CE,Combined TRACON& Tower with Radar,262,34,62,7,365,0,10,67,9,86,262,44,129,16,451,0,0,0,451
01/08/2013,SAT,TX,ASW,CE,Combined TRACON& Tower with Radar,266,54,80,7,407,0,0,0,0,0,266,54,80,7,407,0,0,0,407
01/09/2013,SAT,TX,ASW,CE,Combined TRACON& Tower with Radar,280,64,59,4,407,0,7,15,2,24,280,71,74,6,431,0,0,0,431
01/10/2013,SAT,TX,ASW,CE,Combined TRACON& Tower with Radar,290,65,95,12,462,0,7,64,12,83,290,72,159,24,545,0,0,0,545
01/11/2013,SAT,TX,ASW,CE,Combined TRACON& Tower with Radar,270,72,118,17,477,0,5,37,6,48,270,77,155,23,525,0,0,0,525
01/12/2013,SAT,TX,ASW,CE,Combined TRACON& Tower with Radar,191,19,48,10,268,0,11,10,0,21,191,30,58,10,289,0,0,0,289
01/13/2013,SAT,TX,ASW,CE,Combined TRACON& Tower with Radar,245,20,57,10,332,0,14,62,5,81,245,34,119,15,413,0,0,0,413
01/14/2013,SAT,TX,ASW,CE,Combined TRACON& Tower with Radar,266,39,108,10,423,0,16,50,5,71,266,55,158,15,494,0,0,0,494
01/15/2013,SAT,TX,ASW,CE,Combined TRACON& Tower with Radar,243,58,117,12,430,0,11,9,4,24,243,69,126,16,454,0,0,0,454
01/16/2013,SAT,TX,ASW,CE,Combined TRACON& Tower with Radar,276,59,111,14,460,0,19,85,12,116,276,78,196,26,576,0,0,0,576
01/17/2013,SAT,TX,ASW,CE,Combined TRACON& Tower with Radar,289,63,121,18,491,0,16,86,10,112,289,79,207,28,603,0,0,0,603
01/18/2013,SAT,TX,ASW,CE,Combined TRACON& Tower with Radar,277,52,102,6,437,0,15,106,6,127,277,67,208,12,564,0,0,0,564
01/19/2013,SAT,TX,ASW,CE,Combined TRACON& Tower with Radar,182,20,69,0,271,0,12,73,3,88,182,32,142,3,359,0,0,0,359
01/20/2013,SAT,TX,ASW,CE,Combined TRACON& Tower with Radar,255,24,75,5,359,0,10,36,2,48,255,34,111,7,407,0,0,0,407
01/21/2013,SAT,TX,ASW,CE,Combined TRACON& Tower with Radar,255,60,80,3,398,0,10,71,8,89,255,70,151,11,487,0,0,0,487
01/22/2013,SAT,TX,ASW,CE,Combined TRACON& Tower with Radar,264,56,100,26,446,0,9,61,4,74,264,65,161,30,520,0,0,0,520
01/23/2013,SAT,TX,ASW,CE,Combined TRACON& Tower with Radar,280,71,139,20,510,0,17,47,8,72,280,88,186,28,582,0,0,0,582
01/24/2013,SAT,TX,ASW,CE,Combined TRACON& Tower with Radar,285,69,136,16,506,0,6,51,4,61,285,75,187,20,567,0,0,0,567
01/25/2013,SAT,TX,ASW,CE,Combined TRACON& Tower with Radar,277,58,114,11,460,0,9,56,9,74,277,67,170,20,534,0,0,0,534
01/26/2013,SAT,TX,ASW,CE,Combined TRACON& Tower with Radar,186,34,45,11,276,0,1,23,0,24,186,35,68,11,300,0,0,0,300
01/27/2013,SAT,TX,ASW,CE,Combined TRACON& Tower with Radar,244,31,72,4,351,0,2,21,1,24,244,33,93,5,375,0,0,0,375
01/28/2013,SAT,TX,ASW,CE,Combined TRACON& Tower with Radar,266,59,99,13,437,0,6,19,6,31,266,65,118,19,468,0,0,0,468
01/29/2013,SAT,TX,ASW,CE,Combined TRACON& Tower with Radar,275,61,122,23,481,0,12,26,4,42,275,73,148,27,523,0,0,0,523
01/30/2013,SAT,TX,ASW,CE,Combined TRACON& Tower with Radar,265,48,106,3,422,0,15,65,11,91,265,63,171,14,513,0,0,0,513
01/31/2013,SAT,TX,ASW,CE,Combined TRACON& Tower with Radar,295,76,85,7,463,0,17,99,14,130,295,93,184,21,593,0,0,0,593
02/01/2013,SAT,TX,ASW,CE,Combined TRACON& Tower with Radar,276,69,92,13,450,0,15,101,8,124,276,84,193,21,574,0,0,0,574
02/02/2013,SAT,TX,ASW,CE,Combined TRACON& Tower with Radar,185,18,53,2,258,0,8,58,2,68,185,26,111,4,326,0,0,0,326
02/03/2013,SAT,TX,ASW,CE,Combined TRACON& Tower with Radar,235,15,56,1,307,0,17,45,0,62,235,32,101,1,369,0,0,0,369
02/04/2013,SAT,TX,ASW,CE,Combined TRACON& Tower with Radar,256,73,119,16,464,0,18,36,13,67,256,91,155,29,531,0,0,0,531
02/05/2013,SAT,TX,ASW,CE,Combined TRACON& Tower with Radar,263,61,120,3,447,0,11,40,9,60,263,72,160,12,507,0,0,0,507
02/06/2013,SAT,TX,ASW,CE,Combined TRACON& Tower with Radar,268,66,110,11,455,0,7,24,5,36,268,73,134,16,491,0,0,0,491
02/07/2013,SAT,TX,ASW,CE,Combined TRACON& Tower with Radar,285,59,168,8,520,0,12,31,8,51,285,71,199,16,571,0,0,0,571
02/08/2013,SAT,TX,ASW,CE,Combined TRACON& Tower with Radar,272,57,119,4,452,0,12,85,9,106,272,69,204,13,558,0,0,0,558
02/09/2013,SAT,TX,ASW,CE,Combined TRACON& Tower with Radar,181,23,63,1,268,0,2,0,0,2,181,25,63,1,270,0,0,0,270
02/10/2013,SAT,TX,ASW,CE,Combined TRACON& Tower with Radar,239,34,94,5,372,0,2,35,0,37,239,36,129,5,409,0,0,0,409
02/11/2013,SAT,TX,ASW,CE,Combined TRACON& Tower with Radar,261,45,91,12,409,0,13,35,6,54,261,58,126,18,463,0,0,0,463
02/12/2013,SAT,TX,ASW,CE,Combined TRACON& Tower with Radar,271,64,86,9,430,0,10,50,7,67,271,74,136,16,497,0,0,0,497
02/13/2013,SAT,TX,ASW,CE,Combined TRACON& Tower with Radar,274,60,104,10,448,0,20,78,9,107,274,80,182,19,555,0,0,0,555
02/14/2013,SAT,TX,ASW,CE,Combined TRACON& Tower with Radar,290,71,92,15,468,0,23,81,11,115,290,94,173,26,583,0,0,0,583
02/15/2013,SAT,TX,ASW,CE,Combined TRACON& Tower with Radar,275,57,114,8,454,0,10,70,6,86,275,67,184,14,540,0,0,0,540
02/16/2013,SAT,TX,ASW,CE,Combined TRACON& Tower with Radar,190,20,58,0,268,0,21,83,2,106,190,41,141,2,374,0,0,0,374
02/17/2013,SAT,TX,ASW,CE,Combined TRACON& Tower with Radar,242,29,87,5,363,0,12,56,2,70,242,41,143,7,433,0,0,0,433
02/18/2013,SAT,TX,ASW,CE,Combined TRACON& Tower with Radar,268,49,109,10,436,0,4,47,12,63,268,53,156,22,499,0,0,0,499
02/19/2013,SAT,TX,ASW,CE,Combined TRACON& Tower with Radar,271,65,134,16,486,0,18,73,11,102,271,83,207,27,588,0,0,0,588
02/20/2013,SAT,TX,ASW,CE,Combined TRACON& Tower with Radar,264,73,127,4,468,0,0,3,7,10,264,73,130,11,478,0,0,0,478
02/21/2013,SAT,TX,ASW,CE,Combined TRACON& Tower with Radar,289,52,108,5,454,0,16,77,11,104,289,68,185,16,558,0,0,0,558
02/22/2013,SAT,TX,ASW,CE,Combined TRACON& Tower with Radar,282,63,115,14,474,0,14,92,10,116,282,77,207,24,590,0,0,0,590
02/23/2013,SAT,TX,ASW,CE,Combined TRACON& Tower with Radar,196,36,47,16,295,0,9,66,5,80,196,45,113,21,375,0,0,0,375
02/24/2013,SAT,TX,ASW,CE,Combined TRACON& Tower with Radar,242,26,81,32,381,0,6,28,1,35,242,32,109,33,416,0,0,0,416
02/25/2013,SAT,TX,ASW,CE,Combined TRACON& Tower with Radar,274,37,87,3,401,0,8,11,1,20,274,45,98,4,421,0,0,0,421
02/26/2013,SAT,TX,ASW,CE,Combined TRACON& Tower with Radar,258,54,130,5,447,0,16,64,10,90,258,70,194,15,537,0,0,0,537
02/27/2013,SAT,TX,ASW,CE,Combined TRACON& Tower with Radar,273,59,102,11,445,0,18,69,8,95,273,77,171,19,540,0,0,0,540
02/28/2013,SAT,TX,ASW,CE,Combined TRACON& Tower with Radar,294,54,131,8,487,0,11,64,12,87,294,65,195,20,574,0,0,0,574
03/01/2013,SAT,TX,ASW,CE,Combined TRACON& Tower with Radar,279,55,104,13,451,0,8,101,9,118,279,63,205,22,569,0,0,0,569
03/02/2013,SAT,TX,ASW,CE,Combined TRACON& Tower with Radar,209,24,48,3,284,0,6,70,0,76,209,30,118,3,360,0,0,0,360
03/03/2013,SAT,TX,ASW,CE,Combined TRACON& Tower with Radar,243,19,75,7,344,0,18,40,2,60,243,37,115,9,404,0,0,0,404
03/04/2013,SAT,TX,ASW,CE,Combined TRACON& Tower with Radar,265,41,62,13,381,0,16,67,13,96,265,57,129,26,477,0,0,0,477
03/05/2013,SAT,TX,ASW,CE,Combined TRACON& Tower with Radar,264,66,85,2,417,0,19,27,3,49,264,85,112,5,466,0,0,0,466
03/06/2013,SAT,TX,ASW,CE,Combined TRACON& Tower with Radar,261,68,94,13,436,0,13,90,12,115,261,81,184,25,551,0,0,0,551
03/07/2013,SAT,TX,ASW,CE,Combined TRACON& Tower with Radar,289,61,134,11,495,0,14,59,4,77,289,75,193,15,572,0,0,0,572
03/08/2013,SAT,TX,ASW,CE,Combined TRACON& Tower with Radar,280,67,147,8,502,0,5,5,0,10,280,72,152,8,512,0,0,0,512
03/09/2013,SAT,TX,ASW,CE,Combined TRACON& Tower with Radar,224,34,91,6,355,0,6,12,0,18,224,40,103,6,373,0,0,0,373
03/10/2013,SAT,TX,ASW,CE,Combined TRACON& Tower with Radar,265,36,71,14,386,0,17,26,0,43,265,53,97,14,429,0,0,0,429
03/11/2013,SAT,TX,ASW,CE,Combined TRACON& Tower with Radar,271,38,74,8,391,0,14,55,7,76,271,52,129,15,467,0,0,0,467
03/12/2013,SAT,TX,ASW,CE,Combined TRACON& Tower with Radar,278,53,83,16,430,0,26,73,5,104,278,79,156,21,534,0,0,0,534
03/13/2013,SAT,TX,ASW,CE,Combined TRACON& Tower with Radar,281,37,72,5,395,0,11,88,6,105,281,48,160,11,500,0,0,0,500
03/14/2013,SAT,TX,ASW,CE,Combined TRACON& Tower with Radar,286,63,98,13,460,0,20,59,8,87,286,83,157,21,547,0,0,0,547
03/15/2013,SAT,TX,ASW,CE,Combined TRACON& Tower with Radar,293,74,103,5,475,0,14,51,7,72,293,88,154,12,547,0,0,0,547
03/16/2013,SAT,TX,ASW,CE,Combined TRACON& Tower with Radar,220,21,60,3,304,0,10,48,2,60,220,31,108,5,364,0,0,0,364
03/17/2013,SAT,TX,ASW,CE,Combined TRACON& Tower with Radar,263,34,100,6,403,0,11,55,3,69,263,45,155,9,472,0,0,0,472
03/18/2013,SAT,TX,ASW,CE,Combined TRACON& Tower with Radar,267,48,122,18,455,0,9,58,8,75,267,57,180,26,530,0,0,0,530
03/19/2013,SAT,TX,ASW,CE,Combined TRACON& Tower with Radar,279,56,111,7,453,0,24,74,4,102,279,80,185,11,555,0,0,0,555
03/20/2013,SAT,TX,ASW,CE,Combined TRACON& Tower with Radar,287,46,133,7,473,0,10,58,10,78,287,56,191,17,551,0,0,0,551
03/21/2013,SAT,TX,ASW,CE,Combined TRACON& Tower with Radar,288,76,180,14,558,0,14,47,4,65,288,90,227,18,623,0,0,0,623
03/22/2013,SAT,TX,ASW,CE,Combined TRACON& Tower with Radar,287,81,152,17,537,0,15,33,3,51,287,96,185,20,588,0,0,0,588
03/23/2013,SAT,TX,ASW,CE,Combined TRACON& Tower with Radar,224,39,104,20,387,0,10,23,0,33,224,49,127,20,420,0,0,0,420
03/24/2013,SAT,TX,ASW,CE,Combined TRACON& Tower with Radar,274,31,101,10,416,0,6,42,2,50,274,37,143,12,466,0,0,0,466
03/25/2013,SAT,TX,ASW,CE,Combined TRACON& Tower with Radar,275,50,87,5,417,0,13,65,4,82,275,63,152,9,499,0,0,0,499
03/26/2013,SAT,TX,ASW,CE,Combined TRACON& Tower with Radar,281,60,134,22,497,0,19,76,4,99,281,79,210,26,596,0,0,0,596
03/27/2013,SAT,TX,ASW,CE,Combined TRACON& Tower with Radar,282,57,150,9,498,0,14,72,12,98,282,71,222,21,596,0,0,0,596
03/28/2013,SAT,TX,ASW,CE,Combined TRACON& Tower with Radar,287,65,163,16,531,0,11,22,1,34,287,76,185,17,565,0,0,0,565
03/29/2013,SAT,TX,ASW,CE,Combined TRACON& Tower with Radar,279,50,102,11,442,0,15,36,3,54,279,65,138,14,496,0,0,0,496
03/30/2013,SAT,TX,ASW,CE,Combined TRACON& Tower with Radar,216,32,48,2,298,0,10,30,0,40,216,42,78,2,338,0,0,0,338
03/31/2013,SAT,TX,ASW,CE,Combined TRACON& Tower with Radar,258,32,86,1,377,0,9,23,0,32,258,41,109,1,409,0,0,0,409
04/01/2013,SAT,TX,ASW,CE,Combined TRACON& Tower with Radar,270,61,119,17,467,0,12,58,4,74,270,73,177,21,541,0,0,0,541
04/02/2013,SAT,TX,ASW,CE,Combined TRACON& Tower with Radar,278,72,130,14,494,0,4,19,5,28,278,76,149,19,522,0,0,0,522
04/03/2013,SAT,TX,ASW,CE,Combined TRACON& Tower with Radar,281,70,84,6,441,0,4,7,3,14,281,74,91,9,455,0,0,0,455
04/04/2013,SAT,TX,ASW,CE,Combined TRACON& Tower with Radar,280,72,124,7,483,0,14,77,11,102,280,86,201,18,585,0,0,0,585
04/05/2013,SAT,TX,ASW,CE,Combined TRACON& Tower with Radar,280,64,87,14,445,0,19,109,7,135,280,83,196,21,580,0,0,0,580
04/06/2013,SAT,TX,ASW,CE,Combined TRACON& Tower with Radar,218,47,57,6,328,0,8,64,5,77,218,55,121,11,405,0,0,0,405
04/07/2013,SAT,TX,ASW,CE,Combined TRACON& Tower with Radar,256,64,105,15,440,0,5,40,2,47,256,69,145,17,487,0,0,0,487
04/08/2013,SAT,TX,ASW,CE,Combined TRACON& Tower with Radar,273,54,116,18,461,0,12,12,4,28,273,66,128,22,489,0,0,0,489
04/09/2013,SAT,TX,ASW,CE,Combined TRACON& Tower with Radar,268,67,118,15,468,0,11,26,4,41,268,78,144,19,509,0,0,0,509
04/10/2013,SAT,TX,ASW,CE,Combined TRACON& Tower with Radar,267,91,95,17,470,0,7,12,2,21,267,98,107,19,491,0,0,0,491
04/11/2013,SAT,TX,ASW,CE,Combined TRACON& Tower with Radar,283,76,96,13,468,0,15,78,12,105,283,91,174,25,573,0,0,0,573
04/12/2013,SAT,TX,ASW,CE,Combined TRACON& Tower with Radar,276,59,110,23,468,0,20,85,3,108,276,79,195,26,576,0,0,0,576
04/13/2013,SAT,TX,ASW,CE,Combined TRACON& Tower with Radar,205,32,67,9,313,0,9,45,3,57,205,41,112,12,370,0,0,0,370
04/14/2013,SAT,TX,ASW,CE,Combined TRACON& Tower with Radar,246,45,77,17,385,0,5,56,4,65,246,50,133,21,450,0,0,0,450
04/15/2013,SAT,TX,ASW,CE,Combined TRACON& Tower with Radar,257,62,115,12,446,0,13,65,8,86,257,75,180,20,532,0,0,0,532
04/16/2013,SAT,TX,ASW,CE,Combined TRACON& Tower with Radar,247,71,122,6,446,0,11,52,5,68,247,82,174,11,514,0,0,0,514
04/17/2013,SAT,TX,ASW,CE,Combined TRACON& Tower with Radar,259,93,121,9,482,0,3,16,4,23,259,96,137,13,505,0,0,0,505
04/18/2013,SAT,TX,ASW,CE,Combined TRACON& Tower with Radar,264,74,131,6,475,0,12,44,6,62,264,86,175,12,537,0,0,0,537
04/19/2013,SAT,TX,ASW,CE,Combined TRACON& Tower with Radar,276,73,136,10,495,0,19,91,5,115,276,92,227,15,610,0,0,0,610
04/20/2013,SAT,TX,ASW,CE,Combined TRACON& Tower with Radar,204,29,57,12,302,0,12,68,8,88,204,41,125,20,390,0,0,0,390
04/21/2013,SAT,TX,ASW,CE,Combined TRACON& Tower with Radar,247,43,106,14,410,0,15,60,2,77,247,58,166,16,487,0,0,0,487
04/22/2013,SAT,TX,ASW,CE,Combined TRACON& Tower with Radar,253,52,104,22,431,0,18,44,13,75,253,70,148,35,506,0,0,0,506
04/23/2013,SAT,TX,ASW,CE,Combined TRACON& Tower with Radar,261,72,146,18,497,0,4,25,7,36,261,76,171,25,533,0,0,0,533
04/24/2013,SAT,TX,ASW,CE,Combined TRACON& Tower with Radar,263,70,143,12,488,0,10,32,8,50,263,80,175,20,538,0,0,0,538
04/25/2013,SAT,TX,ASW,CE,Combined TRACON& Tower with Radar,273,78,155,1,507,0,8,45,9,62,273,86,200,10,569,0,0,0,569
04/26/2013,SAT,TX,ASW,CE,Combined TRACON& Tower with Radar,272,74,115,12,473,0,9,19,10,38,272,83,134,22,511,0,0,0,511
04/27/2013,SAT,TX,ASW,CE,Combined TRACON& Tower with Radar,211,35,51,3,300,0,12,11,2,25,211,47,62,5,325,0,0,0,325
04/28/2013,SAT,TX,ASW,CE,Combined TRACON& Tower with Radar,247,43,70,11,371,0,7,46,1,54,247,50,116,12,425,0,0,0,425
04/29/2013,SAT,TX,ASW,CE,Combined TRACON& Tower with Radar,267,68,80,4,419,0,6,44,10,60,267,74,124,14,479,0,0,0,479
04/30/2013,SAT,TX,ASW,CE,Combined TRACON& Tower with Radar,273,81,141,5,500,0,16,66,9,91,273,97,207,14,591,0,0,0,591
05/01/2013,SAT,TX,ASW,CE,Combined TRACON& Tower with Radar,262,61,108,21,452,0,7,42,7,56,262,68,150,28,508,0,0,0,508
05/02/2013,SAT,TX,ASW,CE,Combined TRACON& Tower with Radar,279,64,135,16,494,0,6,18,0,24,279,70,153,16,518,0,0,0,518
05/03/2013,SAT,TX,ASW,CE,Combined TRACON& Tower with Radar,273,67,110,14,464,0,18,103,10,131,273,85,213,24,595,0,0,0,595
05/04/2013,SAT,TX,ASW,CE,Combined TRACON& Tower with Radar,210,31,49,9,299,0,9,85,0,94,210,40,134,9,393,0,0,0,393
05/05/2013,SAT,TX,ASW,CE,Combined TRACON& Tower with Radar,241,32,68,15,356,0,16,71,9,96,241,48,139,24,452,0,0,0,452
05/06/2013,SAT,TX,ASW,CE,Combined TRACON& Tower with Radar,257,53,99,17,426,0,16,74,11,101,257,69,173,28,527,0,0,0,527
05/07/2013,SAT,TX,ASW,CE,Combined TRACON& Tower with Radar,262,51,105,14,432,0,20,81,7,108,262,71,186,21,540,0,0,0,540
05/08/2013,SAT,TX,ASW,CE,Combined TRACON& Tower with Radar,272,77,136,7,492,0,12,25,10,47,272,89,161,17,539,0,0,0,539
05/09/2013,SAT,TX,ASW,CE,Combined TRACON& Tower with Radar,286,80,125,11,502,0,6,29,6,41,286,86,154,17,543,0,0,0,543
05/10/2013,SAT,TX,ASW,CE,Combined TRACON& Tower with Radar,282,66,92,6,446,0,12,36,3,51,282,78,128,9,497,0,0,0,497
05/11/2013,SAT,TX,ASW,CE,Combined TRACON& Tower with Radar,204,33,45,4,286,0,6,48,6,60,204,39,93,10,346,0,0,0,346
05/12/2013,SAT,TX,ASW,CE,Combined TRACON& Tower with Radar,243,30,50,2,325,0,11,56,2,69,243,41,106,4,394,0,0,0,394
05/13/2013,SAT,TX,ASW,CE,Combined TRACON& Tower with Radar,262,43,97,11,413,0,18,51,9,78,262,61,148,20,491,0,0,0,491
05/14/2013,SAT,TX,ASW,CE,Combined TRACON& Tower with Radar,268,70,139,15,492,0,20,40,7,67,268,90,179,22,559,0,0,0,559
05/15/2013,SAT,TX,ASW,CE,Combined TRACON& Tower with Radar,276,77,104,6,463,0,13,13,5,31,276,90,117,11,494,0,0,0,494
05/16/2013,SAT,TX,ASW,CE,Combined TRACON& Tower with Radar,289,69,128,15,501,0,16,69,11,96,289,85,197,26,597,0,0,0,597
05/17/2013,SAT,TX,ASW,CE,Combined TRACON& Tower with Radar,280,79,108,17,484,0,15,75,8,98,280,94,183,25,582,0,0,0,582
05/18/2013,SAT,TX,ASW,CE,Combined TRACON& Tower with Radar,205,39,56,9,309,0,9,30,2,41,205,48,86,11,350,0,0,0,350
05/19/2013,SAT,TX,ASW,CE,Combined TRACON& Tower with Radar,251,49,98,9,407,0,4,50,3,57,251,53,148,12,464,0,0,0,464
05/20/2013,SAT,TX,ASW,CE,Combined TRACON& Tower with Radar,259,44,84,8,395,0,12,53,9,74,259,56,137,17,469,0,0,0,469
05/21/2013,SAT,TX,ASW,CE,Combined TRACON& Tower with Radar,270,66,106,20,462,0,8,34,7,49,270,74,140,27,511,0,0,0,511
05/22/2013,SAT,TX,ASW,CE,Combined TRACON& Tower with Radar,271,58,124,17,470,0,17,67,5,89,271,75,191,22,559,0,0,0,559
05/23/2013,SAT,TX,ASW,CE,Combined TRACON& Tower with Radar,277,67,126,11,481,0,16,42,6,64,277,83,168,17,545,0,0,0,545
05/24/2013,SAT,TX,ASW,CE,Combined TRACON& Tower with Radar,288,76,132,2,498,0,6,12,2,20,288,82,144,4,518,0,0,0,518
05/25/2013,SAT,TX,ASW,CE,Combined TRACON& Tower with Radar,193,32,40,19,284,0,8,15,3,26,193,40,55,22,310,0,0,0,310
05/26/2013,SAT,TX,ASW,CE,Combined TRACON& Tower with Radar,192,25,46,0,263,0,6,11,0,17,192,31,57,0,280,0,0,0,280
05/27/2013,SAT,TX,ASW,CE,Combined TRACON& Tower with Radar,241,31,69,1,342,0,7,31,7,45,241,38,100,8,387,0,0,0,387
05/28/2013,SAT,TX,ASW,CE,Combined TRACON& Tower with Radar,265,48,100,12,425,0,14,60,8,82,265,62,160,20,507,0,0,0,507
05/29/2013,SAT,TX,ASW,CE,Combined TRACON& Tower with Radar,277,71,115,17,480,0,11,18,10,39,277,82,133,27,519,0,0,0,519
05/30/2013,SAT,TX,ASW,CE,Combined TRACON& Tower with Radar,283,65,100,9,457,0,13,34,6,53,283,78,134,15,510,0,0,0,510
05/31/2013,SAT,TX,ASW,CE,Combined TRACON& Tower with Radar,275,63,130,10,478,0,18,62,5,85,275,81,192,15,563,0,0,0,563
06/01/2013,SAT,TX,ASW,CE,Combined TRACON& Tower with Radar,199,31,67,6,303,0,6,45,1,52,199,37,112,7,355,0,0,0,355
06/02/2013,SAT,TX,ASW,CE,Combined TRACON& Tower with Radar,250,39,78,7,374,0,11,50,0,61,250,50,128,7,435,0,0,0,435
06/03/2013,SAT,TX,ASW,CE,Combined TRACON& Tower with Radar,272,56,62,7,397,0,13,89,5,107,272,69,151,12,504,0,0,0,504
06/04/2013,SAT,TX,ASW,CE,Combined TRACON& Tower with Radar,265,59,80,5,409,0,20,92,8,120,265,79,172,13,529,0,0,0,529
06/05/2013,SAT,TX,ASW,CE,Combined TRACON& Tower with Radar,261,60,114,3,438,0,15,94,9,118,261,75,208,12,556,0,0,0,556
06/06/2013,SAT,TX,ASW,CE,Combined TRACON& Tower with Radar,293,74,94,15,476,0,10,85,5,100,293,84,179,20,576,0,0,0,576
06/07/2013,SAT,TX,ASW,CE,Combined TRACON& Tower with Radar,277,63,98,10,448,0,16,61,7,84,277,79,159,17,532,0,0,0,532
06/08/2013,SAT,TX,ASW,CE,Combined TRACON& Tower with Radar,221,41,52,6,320,0,9,46,2,57,221,50,98,8,377,0,0,0,377
06/09/2013,SAT,TX,ASW,CE,Combined TRACON& Tower with Radar,255,45,68,8,376,0,5,29,6,40,255,50,97,14,416,0,0,0,416
06/10/2013,SAT,TX,ASW,CE,Combined TRACON& Tower with Radar,279,67,105,8,459,0,13,69,8,90,279,80,174,16,549,0,0,0,549
06/11/2013,SAT,TX,ASW,CE,Combined TRACON& Tower with Radar,280,60,123,11,474,0,21,62,13,96,280,81,185,24,570,0,0,0,570
06/12/2013,SAT,TX,ASW,CE,Combined TRACON& Tower with Radar,278,82,109,2,471,0,14,50,2,66,278,96,159,4,537,0,0,0,537
06/13/2013,SAT,TX,ASW,CE,Combined TRACON& Tower with Radar,281,86,171,4,542,0,9,46,10,65,281,95,217,14,607,0,0,0,607
06/14/2013,SAT,TX,ASW,CE,Combined TRACON& Tower with Radar,282,76,144,6,508,0,7,20,1,28,282,83,164,7,536,0,0,0,536
06/15/2013,SAT,TX,ASW,CE,Combined TRACON& Tower with Radar,233,38,48,11,330,0,10,28,3,41,233,48,76,14,371,0,0,0,371
06/16/2013,SAT,TX,ASW,CE,Combined TRACON& Tower with Radar,248,65,127,4,444,0,8,64,4,76,248,73,191,8,520,0,0,0,520
06/17/2013,SAT,TX,ASW,CE,Combined TRACON& Tower with Radar,272,67,121,11,471,0,13,70,9,92,272,80,191,20,563,0,0,0,563
06/18/2013,SAT,TX,ASW,CE,Combined TRACON& Tower with Radar,288,66,106,12,472,0,18,58,12,88,288,84,164,24,560,0,0,0,560
06/19/2013,SAT,TX,ASW,CE,Combined TRACON& Tower with Radar,281,49,105,2,437,0,18,79,8,105,281,67,184,10,542,0,0,0,542
06/20/2013,SAT,TX,ASW,CE,Combined TRACON& Tower with Radar,285,61,114,12,472,0,9,77,3,89,285,70,191,15,561,0,0,0,561
06/21/2013,SAT,TX,ASW,CE,Combined TRACON& Tower with Radar,286,74,107,12,479,0,17,50,8,75,286,91,157,20,554,0,0,0,554
06/22/2013,SAT,TX,ASW,CE,Combined TRACON& Tower with Radar,229,37,58,3,327,0,5,40,6,51,229,42,98,9,378,0,0,0,378
06/23/2013,SAT,TX,ASW,CE,Combined TRACON& Tower with Radar,244,50,80,8,382,0,16,53,1,70,244,66,133,9,452,0,0,0,452
06/24/2013,SAT,TX,ASW,CE,Combined TRACON& Tower with Radar,264,47,96,6,413,0,5,52,6,63,264,52,148,12,476,0,0,0,476
06/25/2013,SAT,TX,ASW,CE,Combined TRACON& Tower with Radar,282,67,109,6,464,0,16,54,3,73,282,83,163,9,537,0,0,0,537
06/26/2013,SAT,TX,ASW,CE,Combined TRACON& Tower with Radar,285,62,131,5,483,0,22,76,3,101,285,84,207,8,584,0,0,0,584
06/27/2013,SAT,TX,ASW,CE,Combined TRACON& Tower with Radar,281,78,124,18,501,0,19,76,11,106,281,97,200,29,607,0,0,0,607
06/28/2013,SAT,TX,ASW,CE,Combined TRACON& Tower with Radar,285,53,93,8,439,0,17,86,7,110,285,70,179,15,549,0,0,0,549
06/29/2013,SAT,TX,ASW,CE,Combined TRACON& Tower with Radar,230,35,47,4,316,0,7,54,2,63,230,42,101,6,379,0,0,0,379
06/30/2013,SAT,TX,ASW,CE,Combined TRACON& Tower with Radar,242,31,42,0,315,0,17,42,1,60,242,48,84,1,375,0,0,0,375
07/01/2013,SAT,TX,ASW,CE,Combined TRACON& Tower with Radar,258,54,54,11,377,0,8,62,8,78,258,62,116,19,455,0,0,0,455
07/02/2013,SAT,TX,ASW,CE,Combined TRACON& Tower with Radar,270,45,75,12,402,0,16,68,7,91,270,61,143,19,493,0,0,0,493
07/03/2013,SAT,TX,ASW,CE,Combined TRACON& Tower with Radar,287,51,88,7,433,0,16,88,6,110,287,67,176,13,543,0,0,0,543
07/04/2013,SAT,TX,ASW,CE,Combined TRACON& Tower with Radar,210,19,44,0,273,0,19,39,3,61,210,38,83,3,334,0,0,0,334
07/05/2013,SAT,TX,ASW,CE,Combined TRACON& Tower with Radar,254,38,49,1,342,0,26,44,7,77,254,64,93,8,419,0,0,0,419
07/06/2013,SAT,TX,ASW,CE,Combined TRACON& Tower with Radar,224,28,35,4,291,0,7,40,1,48,224,35,75,5,339,0,0,0,339
07/07/2013,SAT,TX,ASW,CE,Combined TRACON& Tower with Radar,253,30,80,6,369,0,10,43,0,53,253,40,123,6,422,0,0,0,422
07/08/2013,SAT,TX,ASW,CE,Combined TRACON& Tower with Radar,268,51,114,5,438,0,11,15,5,31,268,62,129,10,469,0,0,0,469
07/09/2013,SAT,TX,ASW,CE,Combined TRACON& Tower with Radar,285,48,102,6,441,0,12,52,11,75,285,60,154,17,516,0,0,0,516
07/10/2013,SAT,TX,ASW,CE,Combined TRACON& Tower with Radar,283,71,108,5,467,0,13,50,8,71,283,84,158,13,538,0,0,0,538
07/11/2013,SAT,TX,ASW,CE,Combined TRACON& Tower with Radar,294,60,93,5,452,0,21,65,10,96,294,81,158,15,548,0,0,0,548
07/12/2013,SAT,TX,ASW,CE,Combined TRACON& Tower with Radar,286,52,112,7,457,0,21,62,9,92,286,73,174,16,549,0,0,0,549
07/13/2013,SAT,TX,ASW,CE,Combined TRACON& Tower with Radar,228,35,50,9,322,0,17,54,0,71,228,52,104,9,393,0,0,0,393
07/14/2013,SAT,TX,ASW,CE,Combined TRACON& Tower with Radar,253,45,56,27,381,0,11,49,6,66,253,56,105,33,447,0,0,0,447
07/15/2013,SAT,TX,ASW,CE,Combined TRACON& Tower with Radar,270,52,93,5,420,0,7,12,2,21,270,59,105,7,441,0,0,0,441
07/16/2013,SAT,TX,ASW,CE,Combined TRACON& Tower with Radar,292,65,91,7,455,0,7,17,7,31,292,72,108,14,486,0,0,0,486
07/17/2013,SAT,TX,ASW,CE,Combined TRACON& Tower with Radar,279,55,113,4,451,0,12,20,6,38,279,67,133,10,489,0,0,0,489
07/18/2013,SAT,TX,ASW,CE,Combined TRACON& Tower with Radar,285,59,102,11,457,0,12,50,9,71,285,71,152,20,528,0,0,0,528
07/19/2013,SAT,TX,ASW,CE,Combined TRACON& Tower with Radar,294,61,100,10,465,0,14,85,12,111,294,75,185,22,576,0,0,0,576
07/20/2013,SAT,TX,ASW,CE,Combined TRACON& Tower with Radar,232,53,58,5,348,0,4,31,3,38,232,57,89,8,386,0,0,0,386
07/21/2013,SAT,TX,ASW,CE,Combined TRACON& Tower with Radar,253,33,89,10,385,0,5,35,4,44,253,38,124,14,429,0,0,0,429
07/22/2013,SAT,TX,ASW,CE,Combined TRACON& Tower with Radar,270,57,79,4,410,0,15,69,14,98,270,72,148,18,508,0,0,0,508
07/23/2013,SAT,TX,ASW,CE,Combined TRACON& Tower with Radar,284,60,92,2,438,0,14,72,4,90,284,74,164,6,528,0,0,0,528
07/24/2013,SAT,TX,ASW,CE,Combined TRACON& Tower with Radar,277,59,93,5,434,0,22,65,10,97,277,81,158,15,531,0,0,0,531
07/25/2013,SAT,TX,ASW,CE,Combined TRACON& Tower with Radar,274,53,130,12,469,0,18,71,4,93,274,71,201,16,562,0,0,0,562
07/26/2013,SAT,TX,ASW,CE,Combined TRACON& Tower with Radar,278,59,107,13,457,0,13,77,10,100,278,72,184,23,557,0,0,0,557
07/27/2013,SAT,TX,ASW,CE,Combined TRACON& Tower with Radar,238,40,61,4,343,0,5,55,0,60,238,45,116,4,403,0,0,0,403
07/28/2013,SAT,TX,ASW,CE,Combined TRACON& Tower with Radar,249,50,86,4,389,0,4,46,2,52,249,54,132,6,441,0,0,0,441
07/29/2013,SAT,TX,ASW,CE,Combined TRACON& Tower with Radar,267,66,71,2,406,0,16,60,5,81,267,82,131,7,487,0,0,0,487
07/30/2013,SAT,TX,ASW,CE,Combined TRACON& Tower with Radar,294,55,93,10,452,0,12,68,4,84,294,67,161,14,536,0,0,0,536
07/31/2013,SAT,TX,ASW,CE,Combined TRACON& Tower with Radar,276,59,104,9,448,0,13,94,3,110,276,72,198,12,558,0,0,0,558
08/01/2013,SAT,TX,ASW,CE,Combined TRACON& Tower with Radar,283,64,95,19,461,0,17,90,9,116,283,81,185,28,577,0,0,0,577
08/02/2013,SAT,TX,ASW,CE,Combined TRACON& Tower with Radar,287,64,91,20,462,0,15,129,4,148,287,79,220,24,610,0,0,0,610
08/03/2013,SAT,TX,ASW,CE,Combined TRACON& Tower with Radar,230,33,63,12,338,0,6,44,4,54,230,39,107,16,392,0,0,0,392
08/04/2013,SAT,TX,ASW,CE,Combined TRACON& Tower with Radar,251,39,92,27,409,0,12,46,2,60,251,51,138,29,469,0,0,0,469
08/05/2013,SAT,TX,ASW,CE,Combined TRACON& Tower with Radar,269,42,85,7,403,0,14,71,7,92,269,56,156,14,495,0,0,0,495
08/06/2013,SAT,TX,ASW,CE,Combined TRACON& Tower with Radar,286,61,76,10,433,0,10,78,2,90,286,71,154,12,523,0,0,0,523
08/07/2013,SAT,TX,ASW,CE,Combined TRACON& Tower with Radar,281,41,95,7,424,0,15,63,4,82,281,56,158,11,506,0,0,0,506
08/08/2013,SAT,TX,ASW,CE,Combined TRACON& Tower with Radar,109,24,52,5,190,0,3,14,0,17,109,27,66,5,207,0,0,0,207
08/09/2013,SAT,TX,ASW,CE,Combined TRACON& Tower with Radar,282,58,100,23,463,0,14,82,4,100,282,72,182,27,563,0,0,0,563
08/10/2013,SAT,TX,ASW,CE,Combined TRACON& Tower with Radar,229,38,74,9,350,0,7,66,0,73,229,45,140,9,423,0,0,0,423
08/11/2013,SAT,TX,ASW,CE,Combined TRACON& Tower with Radar,250,53,71,12,386,0,6,56,0,62,250,59,127,12,448,0,0,0,448
08/12/2013,SAT,TX,ASW,CE,Combined TRACON& Tower with Radar,266,44,75,9,394,0,17,62,3,82,266,61,137,12,476,0,0,0,476
08/13/2013,SAT,TX,ASW,CE,Combined TRACON& Tower with Radar,275,64,97,10,446,0,9,63,9,81,275,73,160,19,527,0,0,0,527
08/14/2013,SAT,TX,ASW,CE,Combined TRACON& Tower with Radar,295,67,93,21,476,0,15,46,7,68,295,82,139,28,544,0,0,0,544
08/15/2013,SAT,TX,ASW,CE,Combined TRACON& Tower with Radar,282,64,123,15,484,0,16,52,11,79,282,80,175,26,563,0,0,0,563
08/16/2013,SAT,TX,ASW,CE,Combined TRACON& Tower with Radar,293,68,84,11,456,0,20,61,11,92,293,88,145,22,548,0,0,0,548
08/17/2013,SAT,TX,ASW,CE,Combined TRACON& Tower with Radar,212,27,37,14,290,0,12,44,4,60,212,39,81,18,350,0,0,0,350
08/18/2013,SAT,TX,ASW,CE,Combined TRACON& Tower with Radar,252,33,94,20,399,0,15,71,5,91,252,48,165,25,490,0,0,0,490
08/19/2013,SAT,TX,ASW,CE,Combined TRACON& Tower with Radar,252,43,83,15,393,0,21,56,20,97,252,64,139,35,490,0,0,0,490
08/20/2013,SAT,TX,ASW,CE,Combined TRACON& Tower with Radar,264,48,102,9,423,0,20,64,9,93,264,68,166,18,516,0,0,0,516
08/21/2013,SAT,TX,ASW,CE,Combined TRACON& Tower with Radar,262,44,122,8,436,0,13,47,6,66,262,57,169,14,502,0,0,0,502
08/22/2013,SAT,TX,ASW,CE,Combined TRACON& Tower with Radar,268,54,132,9,463,0,26,69,9,104,268,80,201,18,567,0,0,0,567
08/23/2013,SAT,TX,ASW,CE,Combined TRACON& Tower with Radar,277,66,117,10,470,0,9,67,9,85,277,75,184,19,555,0,0,0,555
08/24/2013,SAT,TX,ASW,CE,Combined TRACON& Tower with Radar,198,20,50,0,268,0,15,63,10,88,198,35,113,10,356,0,0,0,356
08/25/2013,SAT,TX,ASW,CE,Combined TRACON& Tower with Radar,242,22,60,8,332,0,16,43,4,63,242,38,103,12,395,0,0,0,395
08/26/2013,SAT,TX,ASW,CE,Combined TRACON& Tower with Radar,248,50,86,6,390,0,11,25,4,40,248,61,111,10,430,0,0,0,430
08/27/2013,SAT,TX,ASW,CE,Combined TRACON& Tower with Radar,262,58,114,7,441,0,7,48,5,60,262,65,162,12,501,0,0,0,501
08/28/2013,SAT,TX,ASW,CE,Combined TRACON& Tower with Radar,257,53,113,3,426,0,13,82,11,106,257,66,195,14,532,0,0,0,532
08/29/2013,SAT,TX,ASW,CE,Combined TRACON& Tower with Radar,276,53,119,9,457,0,13,97,2,112,276,66,216,11,569,0,0,0,569
08/30/2013,SAT,TX,ASW,CE,Combined TRACON& Tower with Radar,275,56,110,3,444,0,14,98,4,116,275,70,208,7,560,0,0,0,560
08/31/2013,SAT,TX,ASW,CE,Combined TRACON& Tower with Radar,180,28,40,2,250,0,23,71,1,95,180,51,111,3,345,0,0,0,345
09/01/2013,SAT,TX,ASW,CE,Combined TRACON& Tower with Radar,174,20,47,2,243,0,16,58,4,78,174,36,105,6,321,0,0,0,321
09/02/2013,SAT,TX,ASW,CE,Combined TRACON& Tower with Radar,211,38,69,2,320,0,5,50,1,56,211,43,119,3,376,0,0,0,376
09/03/2013,SAT,TX,ASW,CE,Combined TRACON& Tower with Radar,266,53,81,3,403,0,12,69,7,88,266,65,150,10,491,0,0,0,491
09/04/2013,SAT,TX,ASW,CE,Combined TRACON& Tower with Radar,266,60,122,12,460,0,25,65,6,96,266,85,187,18,556,0,0,0,556
09/05/2013,SAT,TX,ASW,CE,Combined TRACON& Tower with Radar,281,64,115,14,474,0,22,64,5,91,281,86,179,19,565,0,0,0,565
09/06/2013,SAT,TX,ASW,CE,Combined TRACON& Tower with Radar,273,54,112,26,465,0,19,88,2,109,273,73,200,28,574,0,0,0,574
09/07/2013,SAT,TX,ASW,CE,Combined TRACON& Tower with Radar,204,28,79,14,325,0,13,52,5,70,204,41,131,19,395,0,0,0,395
09/08/2013,SAT,TX,ASW,CE,Combined TRACON& Tower with Radar,248,37,74,11,370,0,7,40,1,48,248,44,114,12,418,0,0,0,418
09/09/2013,SAT,TX,ASW,CE,Combined TRACON& Tower with Radar,253,47,100,6,406,0,9,33,4,46,253,56,133,10,452,0,0,0,452
09/10/2013,SAT,TX,ASW,CE,Combined TRACON& Tower with Radar,256,73,104,5,438,1,8,28,3,40,257,81,132,8,478,0,0,0,478
09/11/2013,SAT,TX,ASW,CE,Combined TRACON& Tower with Radar,253,53,99,13,418,0,9,35,8,52,253,62,134,21,470,0,0,0,470
09/12/2013,SAT,TX,ASW,CE,Combined TRACON& Tower with Radar,274,61,151,6,492,0,15,76,7,98,274,76,227,13,590,0,0,0,590
09/13/2013,SAT,TX,ASW,CE,Combined TRACON& Tower with Radar,275,53,130,10,468,0,19,85,5,109,275,72,215,15,577,0,0,0,577
09/14/2013,SAT,TX,ASW,CE,Combined TRACON& Tower with Radar,190,30,84,1,305,0,20,55,0,75,190,50,139,1,380,0,0,0,380
09/15/2013,SAT,TX,ASW,CE,Combined TRACON& Tower with Radar,244,33,71,21,369,0,6,39,3,48,244,39,110,24,417,0,0,0,417
09/16/2013,SAT,TX,ASW,CE,Combined TRACON& Tower with Radar,264,55,106,3,428,0,9,22,4,35,264,64,128,7,463,0,0,0,463
09/17/2013,SAT,TX,ASW,CE,Combined TRACON& Tower with Radar,260,69,147,8,484,0,5,33,1,39,260,74,180,9,523,0,0,0,523
09/18/2013,SAT,TX,ASW,CE,Combined TRACON& Tower with Radar,260,65,165,10,500,0,10,40,6,56,260,75,205,16,556,0,0,0,556
09/19/2013,SAT,TX,ASW,CE,Combined TRACON& Tower with Radar,278,62,133,9,482,0,8,41,2,51,278,70,174,11,533,0,0,0,533
09/20/2013,SAT,TX,ASW,CE,Combined TRACON& Tower with Radar,292,51,92,3,438,0,2,4,0,6,292,53,96,3,444,0,0,0,444
09/21/2013,SAT,TX,ASW,CE,Combined TRACON& Tower with Radar,193,31,51,3,278,0,6,29,1,36,193,37,80,4,314,0,0,0,314
09/22/2013,SAT,TX,ASW,CE,Combined TRACON& Tower with Radar,247,33,61,14,355,0,10,61,6,77,247,43,122,20,432,0,0,0,432
09/23/2013,SAT,TX,ASW,CE,Combined TRACON& Tower with Radar,259,41,97,10,407,0,15,77,11,103,259,56,174,21,510,0,0,0,510
09/24/2013,SAT,TX,ASW,CE,Combined TRACON& Tower with Radar,250,47,104,24,425,0,18,64,11,93,250,65,168,35,518,0,0,0,518
09/25/2013,SAT,TX,ASW,CE,Combined TRACON& Tower with Radar,258,59,102,15,434,0,20,76,8,104,258,79,178,23,538,0,0,0,538
09/26/2013,SAT,TX,ASW,CE,Combined TRACON& Tower with Radar,268,77,131,10,486,0,17,75,5,97,268,94,206,15,583,0,0,0,583
09/27/2013,SAT,TX,ASW,CE,Combined TRACON& Tower with Radar,264,69,124,18,475,0,19,35,2,56,264,88,159,20,531,0,0,0,531
09/28/2013,SAT,TX,ASW,CE,Combined TRACON& Tower with Radar,187,37,51,7,282,0,3,15,0,18,187,40,66,7,300,0,0,0,300
09/29/2013,SAT,TX,ASW,CE,Combined TRACON& Tower with Radar,247,46,101,10,404,0,0,13,5,18,247,46,114,15,422,0,0,0,422
09/30/2013,SAT,TX,ASW,CE,Combined TRACON& Tower with Radar,255,59,96,18,428,0,15,71,3,89,255,74,167,21,517,0,0,0,517
10/01/2013,SAT,TX,ASW,CE,Combined TRACON& Tower with Radar,251,71,88,5,415,0,15,34,6,55,251,86,122,11,470,0,0,0,470
10/02/2013,SAT,TX,ASW,CE,Combined TRACON& Tower with Radar,258,55,125,8,446,0,14,49,6,69,258,69,174,14,515,0,0,0,515
10/03/2013,SAT,TX,ASW,CE,Combined TRACON& Tower with Radar,271,57,101,15,444,0,15,63,2,80,271,72,164,17,524,0,0,0,524
10/04/2013,SAT,TX,ASW,CE,Combined TRACON& Tower with Radar,272,68,106,10,456,0,15,73,4,92,272,83,179,14,548,0,0,0,548
10/05/2013,SAT,TX,ASW,CE,Combined TRACON& Tower with Radar,192,43,63,0,298,0,5,46,0,51,192,48,109,0,349,0,0,0,349
10/06/2013,SAT,TX,ASW,CE,Combined TRACON& Tower with Radar,245,43,75,0,363,0,9,49,0,58,245,52,124,0,421,0,0,0,421
10/07/2013,SAT,TX,ASW,CE,Combined TRACON& Tower with Radar,255,57,92,6,410,0,8,79,2,89,255,65,171,8,499,0,0,0,499
10/08/2013,SAT,TX,ASW,CE,Combined TRACON& Tower with Radar,253,62,110,11,436,0,13,64,4,81,253,75,174,15,517,0,0,0,517
10/09/2013,SAT,TX,ASW,CE,Combined TRACON& Tower with Radar,259,63,106,6,434,0,19,78,5,102,259,82,184,11,536,0,0,0,536
10/10/2013,SAT,TX,ASW,CE,Combined TRACON& Tower with Radar,272,64,131,5,472,0,15,77,2,94,272,79,208,7,566,0,0,0,566
10/11/2013,SAT,TX,ASW,CE,Combined TRACON& Tower with Radar,270,62,156,2,490,0,12,43,1,56,270,74,199,3,546,0,0,0,546
10/12/2013,SAT,TX,ASW,CE,Combined TRACON& Tower with Radar,189,33,60,0,282,0,4,36,4,44,189,37,96,4,326,0,0,0,326
10/13/2013,SAT,TX,ASW,CE,Combined TRACON& Tower with Radar,249,37,85,0,371,0,1,5,0,6,249,38,90,0,377,0,0,0,377
10/14/2013,SAT,TX,ASW,CE,Combined TRACON& Tower with Radar,254,53,126,0,433,0,11,24,2,37,254,64,150,2,470,0,0,0,470
10/15/2013,SAT,TX,ASW,CE,Combined TRACON& Tower with Radar,249,60,121,8,438,0,11,31,2,44,249,71,152,10,482,0,0,0,482
10/16/2013,SAT,TX,ASW,CE,Combined TRACON& Tower with Radar,259,65,112,4,440,0,3,3,2,8,259,68,115,6,448,0,0,0,448
10/17/2013,SAT,TX,ASW,CE,Combined TRACON& Tower with Radar,273,63,119,6,461,0,20,96,3,119,273,83,215,9,580,0,0,0,580
10/18/2013,SAT,TX,ASW,CE,Combined TRACON& Tower with Radar,270,82,119,16,487,0,9,34,0,43,270,91,153,16,530,0,0,0,530
10/19/2013,SAT,TX,ASW,CE,Combined TRACON& Tower with Radar,190,35,69,0,294,0,7,54,2,63,190,42,123,2,357,0,0,0,357
10/20/2013,SAT,TX,ASW,CE,Combined TRACON& Tower with Radar,248,33,86,9,376,0,13,55,7,75,248,46,141,16,451,0,0,0,451
10/21/2013,SAT,TX,ASW,CE,Combined TRACON& Tower with Radar,268,48,85,10,411,0,13,46,2,61,268,61,131,12,472,0,0,0,472
10/22/2013,SAT,TX,ASW,CE,Combined TRACON& Tower with Radar,253,60,87,3,403,0,8,69,6,83,253,68,156,9,486,0,0,0,486
10/23/2013,SAT,TX,ASW,CE,Combined TRACON& Tower with Radar,255,61,122,8,446,0,12,89,1,102,255,73,211,9,548,0,0,0,548
10/24/2013,SAT,TX,ASW,CE,Combined TRACON& Tower with Radar,271,54,127,16,468,0,20,92,0,112,271,74,219,16,580,0,0,0,580
10/25/2013,SAT,TX,ASW,CE,Combined TRACON& Tower with Radar,268,56,101,7,432,0,17,91,11,119,268,73,192,18,551,0,0,0,551
10/26/2013,SAT,TX,ASW,CE,Combined TRACON& Tower with Radar,196,37,53,1,287,0,13,28,0,41,196,50,81,1,328,0,0,0,328
10/27/2013,SAT,TX,ASW,CE,Combined TRACON& Tower with Radar,252,47,94,13,406,0,17,31,1,49,252,64,125,14,455,0,0,0,455
10/28/2013,SAT,TX,ASW,CE,Combined TRACON& Tower with Radar,255,58,109,14,436,0,11,40,6,57,255,69,149,20,493,0,0,0,493
10/29/2013,SAT,TX,ASW,CE,Combined TRACON& Tower with Radar,257,64,120,7,448,0,14,30,7,51,257,78,150,14,499,0,0,0,499
10/30/2013,SAT,TX,ASW,CE,Combined TRACON& Tower with Radar,268,61,107,10,446,0,9,11,2,22,268,70,118,12,468,0,0,0,468
10/31/2013,SAT,TX,ASW,CE,Combined TRACON& Tower with Radar,259,68,97,4,428,0,14,51,3,68,259,82,148,7,496,0,0,0,496
11/01/2013,SAT,TX,ASW,CE,Combined TRACON& Tower with Radar,265,71,117,13,466,0,26,92,4,122,265,97,209,17,588,0,0,0,588
11/02/2013,SAT,TX,ASW,CE,Combined TRACON& Tower with Radar,187,31,67,3,288,0,8,75,0,83,187,39,142,3,371,0,0,0,371
11/03/2013,SAT,TX,ASW,CE,Combined TRACON& Tower with Radar,243,58,96,26,423,0,13,66,5,84,243,71,162,31,507,0,0,0,507
11/04/2013,SAT,TX,ASW,CE,Combined TRACON& Tower with Radar,258,61,84,0,403,0,8,30,8,46,258,69,114,8,449,0,0,0,449
11/05/2013,SAT,TX,ASW,CE,Combined TRACON& Tower with Radar,258,74,118,0,450,0,12,25,7,44,258,86,143,7,494,0,0,0,494
11/06/2013,SAT,TX,ASW,CE,Combined TRACON& Tower with Radar,276,71,115,15,477,0,15,25,10,50,276,86,140,25,527,0,0,0,527
11/07/2013,SAT,TX,ASW,CE,Combined TRACON& Tower with Radar,274,63,126,10,473,0,21,83,8,112,274,84,209,18,585,0,0,0,585
11/08/2013,SAT,TX,ASW,CE,Combined TRACON& Tower with Radar,283,71,141,7,502,0,15,71,6,92,283,86,212,13,594,0,0,0,594
11/09/2013,SAT,TX,ASW,CE,Combined TRACON& Tower with Radar,198,26,65,0,289,0,18,39,1,58,198,44,104,1,347,0,0,0,347
11/10/2013,SAT,TX,ASW,CE,Combined TRACON& Tower with Radar,248,34,85,14,381,0,4,41,1,46,248,38,126,15,427,0,0,0,427
11/11/2013,SAT,TX,ASW,CE,Combined TRACON& Tower with Radar,260,38,102,6,406,0,11,72,6,89,260,49,174,12,495,0,0,0,495
11/12/2013,SAT,TX,ASW,CE,Combined TRACON& Tower with Radar,261,61,108,10,440,0,16,26,7,49,261,77,134,17,489,0,0,0,489
11/13/2013,SAT,TX,ASW,CE,Combined TRACON& Tower with Radar,273,65,114,10,462,0,20,78,10,108,273,85,192,20,570,0,0,0,570
11/14/2013,SAT,TX,ASW,CE,Combined TRACON& Tower with Radar,285,82,160,12,539,0,25,79,3,107,285,107,239,15,646,0,0,0,646
11/15/2013,SAT,TX,ASW,CE,Combined TRACON& Tower with Radar,293,80,156,8,537,0,14,94,8,116,293,94,250,16,653,0,0,0,653
11/16/2013,SAT,TX,ASW,CE,Combined TRACON& Tower with Radar,199,28,96,10,333,0,4,55,0,59,199,32,151,10,392,0,0,0,392
11/17/2013,SAT,TX,ASW,CE,Combined TRACON& Tower with Radar,246,20,99,3,368,0,9,53,4,66,246,29,152,7,434,0,0,0,434
11/18/2013,SAT,TX,ASW,CE,Combined TRACON& Tower with Radar,293,80,171,14,558,0,10,68,7,85,293,90,239,21,643,0,0,0,643
11/19/2013,SAT,TX,ASW,CE,Combined TRACON& Tower with Radar,265,69,132,12,478,0,14,54,8,76,265,83,186,20,554,0,0,0,554
11/20/2013,SAT,TX,ASW,CE,Combined TRACON& Tower with Radar,266,81,152,14,513,0,1,20,5,26,266,82,172,19,539,0,0,0,539
11/21/2013,SAT,TX,ASW,CE,Combined TRACON& Tower with Radar,289,74,131,27,521,0,11,21,7,39,289,85,152,34,560,0,0,0,560
11/22/2013,SAT,TX,ASW,CE,Combined TRACON& Tower with Radar,275,72,126,8,481,0,0,3,6,9,275,72,129,14,490,0,0,0,490
11/23/2013,SAT,TX,ASW,CE,Combined TRACON& Tower with Radar,218,40,86,3,347,0,3,1,0,4,218,43,87,3,351,0,0,0,351
11/24/2013,SAT,TX,ASW,CE,Combined TRACON& Tower with Radar,219,42,58,4,323,0,0,0,0,0,219,42,58,4,323,0,0,0,323
11/25/2013,SAT,TX,ASW,CE,Combined TRACON& Tower with Radar,252,52,63,12,379,0,0,0,3,3,252,52,63,15,382,0,0,0,382
11/26/2013,SAT,TX,ASW,CE,Combined TRACON& Tower with Radar,265,79,103,9,456,0,18,47,8,73,265,97,150,17,529,0,0,0,529
11/27/2013,SAT,TX,ASW,CE,Combined TRACON& Tower with Radar,267,77,113,6,463,0,23,81,7,111,267,100,194,13,574,0,0,0,574
11/28/2013,SAT,TX,ASW,CE,Combined TRACON& Tower with Radar,162,26,36,0,224,0,6,28,1,35,162,32,64,1,259,0,0,0,259
11/29/2013,SAT,TX,ASW,CE,Combined TRACON& Tower with Radar,205,56,61,0,322,0,14,37,6,57,205,70,98,6,379,0,0,0,379
11/30/2013,SAT,TX,ASW,CE,Combined TRACON& Tower with Radar,242,36,70,0,348,0,10,41,2,53,242,46,111,2,401,0,0,0,401
12/01/2013,SAT,TX,ASW,CE,Combined TRACON& Tower with Radar,265,74,137,0,476,0,15,47,0,62,265,89,184,0,538,0,0,0,538
12/02/2013,SAT,TX,ASW,CE,Combined TRACON& Tower with Radar,264,41,96,10,411,0,9,57,1,67,264,50,153,11,478,0,0,0,478
12/03/2013,SAT,TX,ASW,CE,Combined TRACON& Tower with Radar,261,61,111,5,438,0,13,61,20,94,261,74,172,25,532,0,0,0,532
12/04/2013,SAT,TX,ASW,CE,Combined TRACON& Tower with Radar,268,69,147,10,494,0,9,37,4,50,268,78,184,14,544,0,0,0,544
12/05/2013,SAT,TX,ASW,CE,Combined TRACON& Tower with Radar,270,77,103,15,465,0,0,6,2,8,270,77,109,17,473,0,0,0,473
12/06/2013,SAT,TX,ASW,CE,Combined TRACON& Tower with Radar,232,59,85,8,384,0,7,18,12,37,232,66,103,20,421,0,0,0,421
12/07/2013,SAT,TX,ASW,CE,Combined TRACON& Tower with Radar,180,32,48,19,279,0,11,6,0,17,180,43,54,19,296,0,0,0,296
12/08/2013,SAT,TX,ASW,CE,Combined TRACON& Tower with Radar,232,32,69,29,362,0,1,12,2,15,232,33,81,31,377,0,0,0,377
12/09/2013,SAT,TX,ASW,CE,Combined TRACON& Tower with Radar,255,54,115,1,425,0,0,0,4,4,255,54,115,5,429,0,0,0,429
12/10/2013,SAT,TX,ASW,CE,Combined TRACON& Tower with Radar,250,76,142,20,488,0,18,80,6,104,250,94,222,26,592,0,0,0,592
12/11/2013,SAT,TX,ASW,CE,Combined TRACON& Tower with Radar,265,68,140,30,503,0,24,71,10,105,265,92,211,40,608,0,0,0,608
12/12/2013,SAT,TX,ASW,CE,Combined TRACON& Tower with Radar,292,61,124,4,481,0,16,64,10,90,292,77,188,14,571,0,0,0,571
12/13/2013,SAT,TX,ASW,CE,Combined TRACON& Tower with Radar,275,70,124,15,484,0,1,10,1,12,275,71,134,16,496,0,0,0,496
12/14/2013,SAT,TX,ASW,CE,Combined TRACON& Tower with Radar,199,46,77,22,344,0,10,57,0,67,199,56,134,22,411,0,0,0,411
12/15/2013,SAT,TX,ASW,CE,Combined TRACON& Tower with Radar,258,38,89,21,406,0,14,76,15,105,258,52,165,36,511,0,0,0,511
12/16/2013,SAT,TX,ASW,CE,Combined TRACON& Tower with Radar,254,47,107,21,429,0,17,64,3,84,254,64,171,24,513,0,0,0,513
12/17/2013,SAT,TX,ASW,CE,Combined TRACON& Tower with Radar,259,60,113,12,444,0,18,75,2,95,259,78,188,14,539,0,0,0,539
12/18/2013,SAT,TX,ASW,CE,Combined TRACON& Tower with Radar,268,61,125,14,468,0,17,71,8,96,268,78,196,22,564,0,0,0,564
12/19/2013,SAT,TX,ASW,CE,Combined TRACON& Tower with Radar,281,60,125,10,476,0,9,39,4,52,281,69,164,14,528,0,0,0,528
12/20/2013,SAT,TX,ASW,CE,Combined TRACON& Tower with Radar,276,65,120,12,473,0,5,26,5,36,276,70,146,17,509,0,0,0,509
12/21/2013,SAT,TX,ASW,CE,Combined TRACON& Tower with Radar,264,61,69,11,405,0,6,24,0,30,264,67,93,11,435,0,0,0,435
12/22/2013,SAT,TX,ASW,CE,Combined TRACON& Tower with Radar,257,47,49,0,353,0,13,57,0,70,257,60,106,0,423,0,0,0,423
12/23/2013,SAT,TX,ASW,CE,Combined TRACON& Tower with Radar,262,40,91,7,400,0,23,72,7,102,262,63,163,14,502,0,0,0,502
12/24/2013,SAT,TX,ASW,CE,Combined TRACON& Tower with Radar,226,55,16,0,297,0,20,45,4,69,226,75,61,4,366,0,0,0,366
12/25/2013,SAT,TX,ASW,CE,Combined TRACON& Tower with Radar,185,36,28,0,249,0,9,12,0,21,185,45,40,0,270,0,0,0,270
12/26/2013,SAT,TX,ASW,CE,Combined TRACON& Tower with Radar,274,86,101,4,465,0,11,9,8,28,274,97,110,12,493,0,0,0,493
12/27/2013,SAT,TX,ASW,CE,Combined TRACON& Tower with Radar,274,73,89,4,440,0,8,11,2,21,274,81,100,6,461,0,0,0,461
12/28/2013,SAT,TX,ASW,CE,Combined TRACON& Tower with Radar,255,33,90,0,378,0,11,47,0,58,255,44,137,0,436,0,0,0,436
12/29/2013,SAT,TX,ASW,CE,Combined TRACON& Tower with Radar,251,45,66,0,362,0,2,37,1,40,251,47,103,1,402,0,0,0,402
12/30/2013,SAT,TX,ASW,CE,Combined TRACON& Tower with Radar,262,58,98,6,424,0,14,43,11,68,262,72,141,17,492,0,0,0,492
12/31/2013,SAT,TX,ASW,CE,Combined TRACON& Tower with Radar,232,49,61,4,346,0,15,41,4,60,232,64,102,8,406,0,0,0,406
01/01/2014,SAT,TX,ASW,CE,Combined TRACON& Tower with Radar,207,26,46,0,279,0,6,12,0,18,207,32,58,0,297,0,0,0,297
01/02/2014,SAT,TX,ASW,CE,Combined TRACON& Tower with Radar,270,54,70,9,403,0,19,42,3,64,270,73,112,12,467,0,0,0,467
01/03/2014,SAT,TX,ASW,CE,Combined TRACON& Tower with Radar,267,52,84,7,410,0,27,51,6,84,267,79,135,13,494,0,0,0,494
01/04/2014,SAT,TX,ASW,CE,Combined TRACON& Tower with Radar,214,52,62,3,331,0,7,51,4,62,214,59,113,7,393,0,0,0,393
01/05/2014,SAT,TX,ASW,CE,Combined TRACON& Tower with Radar,233,55,77,4,369,0,10,32,1,43,233,65,109,5,412,0,0,0,412
01/06/2014,SAT,TX,ASW,CE,Combined TRACON& Tower with Radar,239,51,88,1,379,0,10,37,6,53,239,61,125,7,432,0,0,0,432
01/07/2014,SAT,TX,ASW,CE,Combined TRACON& Tower with Radar,236,66,105,23,430,0,19,53,2,74,236,85,158,25,504,0,0,0,504
01/08/2014,SAT,TX,ASW,CE,Combined TRACON& Tower with Radar,246,54,136,8,444,0,2,0,0,2,246,56,136,8,446,0,0,0,446
01/09/2014,SAT,TX,ASW,CE,Combined TRACON& Tower with Radar,250,86,101,13,450,0,1,7,2,10,250,87,108,15,460,0,0,0,460
01/10/2014,SAT,TX,ASW,CE,Combined TRACON& Tower with Radar,257,64,133,25,479,0,13,30,6,49,257,77,163,31,528,0,0,0,528
01/11/2014,SAT,TX,ASW,CE,Combined TRACON& Tower with Radar,167,39,48,6,260,0,15,55,3,73,167,54,103,9,333,0,0,0,333
01/12/2014,SAT,TX,ASW,CE,Combined TRACON& Tower with Radar,223,24,71,22,340,0,16,43,11,70,223,40,114,33,410,0,0,0,410
01/13/2014,SAT,TX,ASW,CE,Combined TRACON& Tower with Radar,240,44,98,12,394,0,11,53,10,74,240,55,151,22,468,0,0,0,468
01/14/2014,SAT,TX,ASW,CE,Combined TRACON& Tower with Radar,243,60,106,0,409,0,11,71,6,88,243,71,177,6,497,0,0,0,497
01/15/2014,SAT,TX,ASW,CE,Combined TRACON& Tower with Radar,251,56,100,11,418,0,18,69,16,103,251,74,169,27,521,0,0,0,521
01/16/2014,SAT,TX,ASW,CE,Combined TRACON& Tower with Radar,257,62,90,11,420,0,19,71,9,99,257,81,161,20,519,0,0,0,519
01/17/2014,SAT,TX,ASW,CE,Combined TRACON& Tower with Radar,252,60,118,12,442,0,19,84,6,109,252,79,202,18,551,0,0,0,551
01/18/2014,SAT,TX,ASW,CE,Combined TRACON& Tower with Radar,160,27,36,9,232,0,13,55,1,69,160,40,91,10,301,0,0,0,301
01/19/2014,SAT,TX,ASW,CE,Combined TRACON& Tower with Radar,217,24,87,15,343,0,11,57,1,69,217,35,144,16,412,0,0,0,412
01/20/2014,SAT,TX,ASW,CE,Combined TRACON& Tower with Radar,233,51,83,3,370,0,9,58,12,79,233,60,141,15,449,0,0,0,449
01/21/2014,SAT,TX,ASW,CE,Combined TRACON& Tower with Radar,232,64,99,5,400,0,22,65,2,89,232,86,164,7,489,0,0,0,489
01/22/2014,SAT,TX,ASW,CE,Combined TRACON& Tower with Radar,237,50,120,15,422,0,21,102,5,128,237,71,222,20,550,0,0,0,550
01/23/2014,SAT,TX,ASW,CE,Combined TRACON& Tower with Radar,229,60,122,9,420,0,3,7,0,10,229,63,129,9,430,0,0,0,430
01/24/2014,SAT,TX,ASW,CE,Combined TRACON& Tower with Radar,213,57,86,2,358,0,11,23,10,44,213,68,109,12,402,0,0,0,402
01/25/2014,SAT,TX,ASW,CE,Combined TRACON& Tower with Radar,160,34,40,10,244,0,12,59,1,72,160,46,99,11,316,0,0,0,316
01/26/2014,SAT,TX,ASW,CE,Combined TRACON& Tower with Radar,217,31,72,6,326,0,4,79,1,84,217,35,151,7,410,0,0,0,410
01/27/2014,SAT,TX,ASW,CE,Combined TRACON& Tower with Radar,238,45,111,13,407,0,12,37,8,57,238,57,148,21,464,0,0,0,464
01/28/2014,SAT,TX,ASW,CE,Combined TRACON& Tower with Radar,196,70,72,5,343,0,11,12,3,26,196,81,84,8,369,0,0,0,369
01/29/2014,SAT,TX,ASW,CE,Combined TRACON& Tower with Radar,228,66,135,18,447,0,19,65,5,89,228,85,200,23,536,0,0,0,536
01/30/2014,SAT,TX,ASW,CE,Combined TRACON& Tower with Radar,249,90,139,3,481,0,9,58,4,71,249,99,197,7,552,0,0,0,552
01/31/2014,SAT,TX,ASW,CE,Combined TRACON& Tower with Radar,235,79,124,36,474,0,8,61,11,80,235,87,185,47,554,0,0,0,554
02/01/2014,SAT,TX,ASW,CE,Combined TRACON& Tower with Radar,163,46,63,14,286,0,4,33,1,38,163,50,96,15,324,0,0,0,324
02/02/2014,SAT,TX,ASW,CE,Combined TRACON& Tower with Radar,192,34,51,6,283,0,1,2,0,3,192,35,53,6,286,0,0,0,286
02/03/2014,SAT,TX,ASW,CE,Combined TRACON& Tower with Radar,237,85,111,28,461,0,2,16,4,22,237,87,127,32,483,0,0,0,483
02/04/2014,SAT,TX,ASW,CE,Combined TRACON& Tower with Radar,239,72,75,19,405,0,14,39,1,54,239,86,114,20,459,0,0,0,459
02/05/2014,SAT,TX,ASW,CE,Combined TRACON& Tower with Radar,240,66,115,17,438,0,14,40,5,59,240,80,155,22,497,0,0,0,497
02/06/2014,SAT,TX,ASW,CE,Combined TRACON& Tower with Radar,237,71,138,2,448,0,11,11,4,26,237,82,149,6,474,0,0,0,474
02/07/2014,SAT,TX,ASW,CE,Combined TRACON& Tower with Radar,250,70,87,15,422,0,1,8,2,11,250,71,95,17,433,0,0,0,433
02/08/2014,SAT,TX,ASW,CE,Combined TRACON& Tower with Radar,161,40,83,8,292,0,11,67,7,85,161,51,150,15,377,0,0,0,377
02/09/2014,SAT,TX,ASW,CE,Combined TRACON& Tower with Radar,221,30,86,9,346,0,5,54,1,60,221,35,140,10,406,0,0,0,406
02/10/2014,SAT,TX,ASW,CE,Combined TRACON& Tower with Radar,234,58,91,17,400,0,1,6,1,8,234,59,97,18,408,0,0,0,408
02/11/2014,SAT,TX,ASW,CE,Combined TRACON& Tower with Radar,225,57,80,10,372,0,1,0,0,1,225,58,80,10,373,0,0,0,373
02/12/2014,SAT,TX,ASW,CE,Combined TRACON& Tower with Radar,222,65,141,10,438,0,11,65,7,83,222,76,206,17,521,0,0,0,521
02/13/2014,SAT,TX,ASW,CE,Combined TRACON& Tower with Radar,220,61,115,10,406,0,21,95,11,127,220,82,210,21,533,0,0,0,533
02/14/2014,SAT,TX,ASW,CE,Combined TRACON& Tower with Radar,252,63,127,9,451,0,10,61,10,81,252,73,188,19,532,0,0,0,532
02/15/2014,SAT,TX,ASW,CE,Combined TRACON& Tower with Radar,174,26,64,11,275,0,12,54,3,69,174,38,118,14,344,0,0,0,344
02/16/2014,SAT,TX,ASW,CE,Combined TRACON& Tower with Radar,215,42,83,13,353,0,11,18,0,29,215,53,101,13,382,0,0,0,382
02/17/2014,SAT,TX,ASW,CE,Combined TRACON& Tower with Radar,232,56,89,8,385,0,9,33,7,49,232,65,122,15,434,0,0,0,434
02/18/2014,SAT,TX,ASW,CE,Combined TRACON& Tower with Radar,248,59,169,8,484,0,5,31,6,42,248,64,200,14,526,0,0,0,526
02/19/2014,SAT,TX,ASW,CE,Combined TRACON& Tower with Radar,246,78,141,13,478,0,10,37,5,52,246,88,178,18,530,0,0,0,530
02/20/2014,SAT,TX,ASW,CE,Combined TRACON& Tower with Radar,247,58,116,11,432,0,15,37,9,61,247,73,153,20,493,0,0,0,493
02/21/2014,SAT,TX,ASW,CE,Combined TRACON& Tower with Radar,256,68,122,11,457,0,31,68,10,109,256,99,190,21,566,0,0,0,566
02/22/2014,SAT,TX,ASW,CE,Combined TRACON& Tower with Radar,178,27,58,13,276,0,11,39,3,53,178,38,97,16,329,0,0,0,329
02/23/2014,SAT,TX,ASW,CE,Combined TRACON& Tower with Radar,223,41,89,17,370,0,7,35,0,42,223,48,124,17,412,0,0,0,412
02/24/2014,SAT,TX,ASW,CE,Combined TRACON& Tower with Radar,241,54,104,33,432,0,4,28,6,38,241,58,132,39,470,0,0,0,470
02/25/2014,SAT,TX,ASW,CE,Combined TRACON& Tower with Radar,237,74,107,6,424,0,2,10,2,14,237,76,117,8,438,0,0,0,438
02/26/2014,SAT,TX,ASW,CE,Combined TRACON& Tower with Radar,239,78,130,1,448,0,5,3,4,12,239,83,133,5,460,0,0,0,460
02/27/2014,SAT,TX,ASW,CE,Combined TRACON& Tower with Radar,254,77,124,16,471,0,20,80,4,104,254,97,204,20,575,0,0,0,575
02/28/2014,SAT,TX,ASW,CE,Combined TRACON& Tower with Radar,251,79,109,35,474,0,13,60,14,87,251,92,169,49,561,0,0,0,561
03/01/2014,SAT,TX,ASW,CE,Combined TRACON& Tower with Radar,170,33,62,28,293,0,4,19,3,26,170,37,81,31,319,0,0,0,319
03/02/2014,SAT,TX,ASW,CE,Combined TRACON& Tower with Radar,228,43,88,19,378,0,3,6,3,12,228,46,94,22,390,0,0,0,390
03/03/2014,SAT,TX,ASW,CE,Combined TRACON& Tower with Radar,237,69,94,9,409,0,11,34,6,51,237,80,128,15,460,0,0,0,460
03/04/2014,SAT,TX,ASW,CE,Combined TRACON& Tower with Radar,240,59,92,7,398,0,11,19,2,32,240,70,111,9,430,0,0,0,430
03/05/2014,SAT,TX,ASW,CE,Combined TRACON& Tower with Radar,253,70,134,17,474,0,4,37,5,46,253,74,171,22,520,0,0,0,520
03/06/2014,SAT,TX,ASW,CE,Combined TRACON& Tower with Radar,263,59,126,10,458,0,19,90,11,120,263,78,216,21,578,0,0,0,578
03/07/2014,SAT,TX,ASW,CE,Combined TRACON& Tower with Radar,259,74,109,12,454,0,15,93,8,116,259,89,202,20,570,0,0,0,570
03/08/2014,SAT,TX,ASW,CE,Combined TRACON& Tower with Radar,218,36,74,6,334,0,2,1,0,3,218,38,75,6,337,0,0,0,337
03/09/2014,SAT,TX,ASW,CE,Combined TRACON& Tower with Radar,244,29,68,12,353,0,5,4,0,9,244,34,72,12,362,0,0,0,362
03/10/2014,SAT,TX,ASW,CE,Combined TRACON& Tower with Radar,262,65,94,3,424,0,0,17,2,19,262,65,111,5,443,0,0,0,443
03/11/2014,SAT,TX,ASW,CE,Combined TRACON& Tower with Radar,266,72,87,16,441,0,11,43,9,63,266,83,130,25,504,0,0,0,504
03/12/2014,SAT,TX,ASW,CE,Combined TRACON& Tower with Radar,254,52,91,0,397,0,17,29,8,54,254,69,120,8,451,0,0,0,451
03/13/2014,SAT,TX,ASW,CE,Combined TRACON& Tower with Radar,260,65,78,4,407,0,11,90,5,106,260,76,168,9,513,0,0,0,513
03/14/2014,SAT,TX,ASW,CE,Combined TRACON& Tower with Radar,274,87,122,23,506,0,11,33,5,49,274,98,155,28,555,0,0,0,555
03/15/2014,SAT,TX,ASW,CE,Combined TRACON& Tower with Radar,226,38,77,12,353,0,9,15,2,26,226,47,92,14,379,0,0,0,379
03/16/2014,SAT,TX,ASW,CE,Combined TRACON& Tower with Radar,239,50,72,6,367,0,9,28,1,38,239,59,100,7,405,0,0,0,405
03/17/2014,SAT,TX,ASW,CE,Combined TRACON& Tower with Radar,260,67,115,10,452,0,32,85,8,125,260,99,200,18,577,0,0,0,577
03/18/2014,SAT,TX,ASW,CE,Combined TRACON& Tower with Radar,266,66,93,9,434,0,15,85,11,111,266,81,178,20,545,0,0,0,545
03/19/2014,SAT,TX,ASW,CE,Combined TRACON& Tower with Radar,277,58,128,17,480,0,18,47,7,72,277,76,175,24,552,0,0,0,552
03/20/2014,SAT,TX,ASW,CE,Combined TRACON& Tower with Radar,275,74,107,9,465,0,29,62,7,98,275,103,169,16,563,0,0,0,563
03/21/2014,SAT,TX,ASW,CE,Combined TRACON& Tower with Radar,267,81,135,30,513,0,14,46,10,70,267,95,181,40,583,0,0,0,583
03/22/2014,SAT,TX,ASW,CE,Combined TRACON& Tower with Radar,215,40,73,18,346,0,2,18,5,25,215,42,91,23,371,0,0,0,371
03/23/2014,SAT,TX,ASW,CE,Combined TRACON& Tower with Radar,256,51,98,9,414,0,4,14,0,18,256,55,112,9,432,0,0,0,432
03/24/2014,SAT,TX,ASW,CE,Combined TRACON& Tower with Radar,258,55,94,14,421,0,10,25,3,38,258,65,119,17,459,0,0,0,459
03/25/2014,SAT,TX,ASW,CE,Combined TRACON& Tower with Radar,267,64,115,14,460,0,16,54,10,80,267,80,169,24,540,0,0,0,540
03/26/2014,SAT,TX,ASW,CE,Combined TRACON& Tower with Radar,269,78,100,6,453,0,5,6,2,13,269,83,106,8,466,0,0,0,466
03/27/2014,SAT,TX,ASW,CE,Combined TRACON& Tower with Radar,274,74,147,16,511,0,7,37,4,48,274,81,184,20,559,0,0,0,559
03/28/2014,SAT,TX,ASW,CE,Combined TRACON& Tower with Radar,276,68,129,28,501,0,16,57,3,76,276,84,186,31,577,0,0,0,577
03/29/2014,SAT,TX,ASW,CE,Combined TRACON& Tower with Radar,212,39,62,20,333,0,22,61,4,87,212,61,123,24,420,0,0,0,420
03/30/2014,SAT,TX,ASW,CE,Combined TRACON& Tower with Radar,255,39,91,13,398,0,13,63,7,83,255,52,154,20,481,0,0,0,481
03/31/2014,SAT,TX,ASW,CE,Combined TRACON& Tower with Radar,256,61,138,17,472,0,11,49,4,64,256,72,187,21,536,0,0,0,536
04/01/2014,SAT,TX,ASW,CE,Combined TRACON& Tower with Radar,259,69,138,9,475,0,4,42,4,50,259,73,180,13,525,0,0,0,525
04/02/2014,SAT,TX,ASW,CE,Combined TRACON& Tower with Radar,260,73,154,5,492,0,5,30,2,37,260,78,184,7,529,0,0,0,529
04/03/2014,SAT,TX,ASW,CE,Combined TRACON& Tower with Radar,266,78,154,2,500,0,7,31,1,39,266,85,185,3,539,0,0,0,539
04/04/2014,SAT,TX,ASW,CE,Combined TRACON& Tower with Radar,275,62,127,6,470,0,19,63,5,87,275,81,190,11,557,0,0,0,557
04/05/2014,SAT,TX,ASW,CE,Combined TRACON& Tower with Radar,197,27,72,16,312,0,5,18,0,23,197,32,90,16,335,0,0,0,335
04/06/2014,SAT,TX,ASW,CE,Combined TRACON& Tower with Radar,245,32,95,7,379,0,0,8,1,9,245,32,103,8,388,0,0,0,388
04/07/2014,SAT,TX,ASW,CE,Combined TRACON& Tower with Radar,270,69,83,13,435,0,15,28,1,44,270,84,111,14,479,0,0,0,479
04/08/2014,SAT,TX,ASW,CE,Combined TRACON& Tower with Radar,267,65,100,9,441,0,15,65,4,84,267,80,165,13,525,0,0,0,525
04/09/2014,SAT,TX,ASW,CE,Combined TRACON& Tower with Radar,257,65,104,15,441,0,19,98,2,119,257,84,202,17,560,0,0,0,560
04/10/2014,SAT,TX,ASW,CE,Combined TRACON& Tower with Radar,268,72,117,5,462,0,8,86,6,100,268,80,203,11,562,0,0,0,562
04/11/2014,SAT,TX,ASW,CE,Combined TRACON& Tower with Radar,265,81,143,15,504,0,10,69,13,92,265,91,212,28,596,0,0,0,596
04/12/2014,SAT,TX,ASW,CE,Combined TRACON& Tower with Radar,204,54,71,14,343,0,10,33,5,48,204,64,104,19,391,0,0,0,391
04/13/2014,SAT,TX,ASW,CE,Combined TRACON& Tower with Radar,237,38,64,20,359,0,1,16,5,22,237,39,80,25,381,0,0,0,381
04/14/2014,SAT,TX,ASW,CE,Combined TRACON& Tower with Radar,271,63,94,12,440,0,5,16,2,23,271,68,110,14,463,0,0,0,463
04/15/2014,SAT,TX,ASW,CE,Combined TRACON& Tower with Radar,266,66,119,4,455,0,16,97,8,121,266,82,216,12,576,0,0,0,576
04/16/2014,SAT,TX,ASW,CE,Combined TRACON& Tower with Radar,261,68,134,18,481,0,18,92,15,125,261,86,226,33,606,0,0,0,606
04/17/2014,SAT,TX,ASW,CE,Combined TRACON& Tower with Radar,276,79,176,15,546,0,6,20,4,30,276,85,196,19,576,0,0,0,576
04/18/2014,SAT,TX,ASW,CE,Combined TRACON& Tower with Radar,257,50,69,5,381,0,11,57,6,74,257,61,126,11,455,0,0,0,455
04/19/2014,SAT,TX,ASW,CE,Combined TRACON& Tower with Radar,198,44,40,3,285,0,12,40,5,57,198,56,80,8,342,0,0,0,342
04/20/2014,SAT,TX,ASW,CE,Combined TRACON& Tower with Radar,235,57,77,5,374,0,6,16,0,22,235,63,93,5,396,0,0,0,396
04/21/2014,SAT,TX,ASW,CE,Combined TRACON& Tower with Radar,246,43,120,12,421,0,7,31,6,44,246,50,151,18,465,0,0,0,465
04/22/2014,SAT,TX,ASW,CE,Combined TRACON& Tower with Radar,266,66,136,8,476,0,23,71,7,101,266,89,207,15,577,0,0,0,577
04/23/2014,SAT,TX,ASW,CE,Combined TRACON& Tower with Radar,259,60,146,6,471,0,21,67,14,102,259,81,213,20,573,0,0,0,573
04/24/2014,SAT,TX,ASW,CE,Combined TRACON& Tower with Radar,270,67,125,8,470,0,11,44,4,59,270,78,169,12,529,0,0,0,529
04/25/2014,SAT,TX,ASW,CE,Combined TRACON& Tower with Radar,260,68,136,15,479,0,20,82,8,110,260,88,218,23,589,0,0,0,589
04/26/2014,SAT,TX,ASW,CE,Combined TRACON& Tower with Radar,196,52,70,8,326,0,5,19,4,28,196,57,89,12,354,0,0,0,354
04/27/2014,SAT,TX,ASW,CE,Combined TRACON& Tower with Radar,239,42,79,5,365,0,8,38,8,54,239,50,117,13,419,0,0,0,419
04/28/2014,SAT,TX,ASW,CE,Combined TRACON& Tower with Radar,256,52,89,8,405,0,18,67,7,92,256,70,156,15,497,0,0,0,497
04/29/2014,SAT,TX,ASW,CE,Combined TRACON& Tower with Radar,262,68,93,3,426,0,21,45,7,73,262,89,138,10,499,0,0,0,499
04/30/2014,SAT,TX,ASW,CE,Combined TRACON& Tower with Radar,257,54,141,13,465,0,16,76,4,96,257,70,217,17,561,0,0,0,561
05/01/2014,SAT,TX,ASW,CE,Combined TRACON& Tower with Radar,270,84,118,5,477,0,16,78,9,103,270,100,196,14,580,0,0,0,580
05/02/2014,SAT,TX,ASW,CE,Combined TRACON& Tower with Radar,265,53,121,18,457,0,17,88,5,110,265,70,209,23,567,0,0,0,567
05/03/2014,SAT,TX,ASW,CE,Combined TRACON& Tower with Radar,193,33,66,10,302,0,8,47,3,58,193,41,113,13,360,0,0,0,360
05/04/2014,SAT,TX,ASW,CE,Combined TRACON& Tower with Radar,240,50,104,9,403,0,10,58,3,71,240,60,162,12,474,0,0,0,474
05/05/2014,SAT,TX,ASW,CE,Combined TRACON& Tower with Radar,253,43,90,2,388,0,22,46,4,72,253,65,136,6,460,0,0,0,460
05/06/2014,SAT,TX,ASW,CE,Combined TRACON& Tower with Radar,271,62,128,9,470,0,19,42,7,68,271,81,170,16,538,0,0,0,538
05/07/2014,SAT,TX,ASW,CE,Combined TRACON& Tower with Radar,278,69,143,8,498,0,11,37,4,52,278,80,180,12,550,0,0,0,550
05/08/2014,SAT,TX,ASW,CE,Combined TRACON& Tower with Radar,259,58,133,9,459,0,8,15,4,27,259,66,148,13,486,0,0,0,486
05/09/2014,SAT,TX,ASW,CE,Combined TRACON& Tower with Radar,271,57,112,7,447,0,13,24,3,40,271,70,136,10,487,0,0,0,487
05/10/2014,SAT,TX,ASW,CE,Combined TRACON& Tower with Radar,210,30,77,10,327,0,19,55,4,78,210,49,132,14,405,0,0,0,405
05/11/2014,SAT,TX,ASW,CE,Combined TRACON& Tower with Radar,226,16,82,11,335,0,8,22,3,33,226,24,104,14,368,0,0,0,368
05/12/2014,SAT,TX,ASW,CE,Combined TRACON& Tower with Radar,234,56,120,7,417,0,6,14,2,22,234,62,134,9,439,0,0,0,439
05/13/2014,SAT,TX,ASW,CE,Combined TRACON& Tower with Radar,271,63,82,9,425,0,5,13,3,21,271,68,95,12,446,0,0,0,446
05/14/2014,SAT,TX,ASW,CE,Combined TRACON& Tower with Radar,269,44,117,10,440,0,14,66,1,81,269,58,183,11,521,0,0,0,521
05/15/2014,SAT,TX,ASW,CE,Combined TRACON& Tower with Radar,277,55,126,9,467,0,10,85,10,105,277,65,211,19,572,0,0,0,572
05/16/2014,SAT,TX,ASW,CE,Combined TRACON& Tower with Radar,267,52,99,8,426,0,22,103,10,135,267,74,202,18,561,0,0,0,561
05/17/2014,SAT,TX,ASW,CE,Combined TRACON& Tower with Radar,196,26,48,3,273,0,6,51,1,58,196,32,99,4,331,0,0,0,331
05/18/2014,SAT,TX,ASW,CE,Combined TRACON& Tower with Radar,242,48,56,18,364,0,10,45,1,56,242,58,101,19,420,0,0,0,420
05/19/2014,SAT,TX,ASW,CE,Combined TRACON& Tower with Radar,258,60,105,6,429,0,10,50,5,65,258,70,155,11,494,0,0,0,494
05/20/2014,SAT,TX,ASW,CE,Combined TRACON& Tower with Radar,270,62,118,14,464,0,27,55,4,86,270,89,173,18,550,0,0,0,550
05/21/2014,SAT,TX,ASW,CE,Combined TRACON& Tower with Radar,269,55,131,4,459,0,12,63,6,81,269,67,194,10,540,0,0,0,540
05/22/2014,SAT,TX,ASW,CE,Combined TRACON& Tower with Radar,273,55,155,9,492,0,21,53,4,78,273,76,208,13,570,0,0,0,570
05/23/2014,SAT,TX,ASW,CE,Combined TRACON& Tower with Radar,273,66,133,5,477,0,7,37,4,48,273,73,170,9,525,0,0,0,525
05/24/2014,SAT,TX,ASW,CE,Combined TRACON& Tower with Radar,195,45,39,1,280,0,6,17,2,25,195,51,56,3,305,0,0,0,305
05/25/2014,SAT,TX,ASW,CE,Combined TRACON& Tower with Radar,186,25,46,2,259,0,4,12,3,19,186,29,58,5,278,0,0,0,278
05/26/2014,SAT,TX,ASW,CE,Combined TRACON& Tower with Radar,224,29,68,6,327,0,4,9,0,13,224,33,77,6,340,0,0,0,340
05/27/2014,SAT,TX,ASW,CE,Combined TRACON& Tower with Radar,269,66,109,3,447,0,7,9,4,20,269,73,118,7,467,0,0,0,467
05/28/2014,SAT,TX,ASW,CE,Combined TRACON& Tower with Radar,271,57,122,7,457,0,12,57,7,76,271,69,179,14,533,0,0,0,533
05/29/2014,SAT,TX,ASW,CE,Combined TRACON& Tower with Radar,277,69,120,3,469,2,25,79,3,109,279,94,199,6,578,0,0,0,578
05/30/2014,SAT,TX,ASW,CE,Combined TRACON& Tower with Radar,273,64,97,12,446,0,20,79,4,103,273,84,176,16,549,0,0,0,549
05/31/2014,SAT,TX,ASW,CE,Combined TRACON& Tower with Radar,202,29,32,9,272,0,5,46,3,54,202,34,78,12,326,0,0,0,326
06/01/2014,SAT,TX,ASW,CE,Combined TRACON& Tower with Radar,246,18,72,8,344,0,8,46,4,58,246,26,118,12,402,0,0,0,402
06/02/2014,SAT,TX,ASW,CE,Combined TRACON& Tower with Radar,260,37,89,14,400,0,5,36,6,47,260,42,125,20,447,0,0,0,447
06/03/2014,SAT,TX,ASW,CE,Combined TRACON& Tower with Radar,270,57,121,7,455,0,11,70,7,88,270,68,191,14,543,0,0,0,543
06/04/2014,SAT,TX,ASW,CE,Combined TRACON& Tower with Radar,260,58,126,3,447,0,16,66,6,88,260,74,192,9,535,0,0,0,535
06/05/2014,SAT,TX,ASW,CE,Combined TRACON& Tower with Radar,274,84,171,13,542,0,10,59,8,77,274,94,230,21,619,0,0,0,619
06/06/2014,SAT,TX,ASW,CE,Combined TRACON& Tower with Radar,275,69,119,13,476,0,18,67,8,93,275,87,186,21,569,0,0,0,569
06/07/2014,SAT,TX,ASW,CE,Combined TRACON& Tower with Radar,207,38,61,5,311,0,10,48,1,59,207,48,109,6,370,0,0,0,370
06/08/2014,SAT,TX,ASW,CE,Combined TRACON& Tower with Radar,250,50,119,12,431,0,6,28,8,42,250,56,147,20,473,0,0,0,473
06/09/2014,SAT,TX,ASW,CE,Combined TRACON& Tower with Radar,269,59,100,15,443,0,15,33,6,54,269,74,133,21,497,0,0,0,497
06/10/2014,SAT,TX,ASW,CE,Combined TRACON& Tower with Radar,279,70,118,2,469,0,17,78,10,105,279,87,196,12,574,0,0,0,574
06/11/2014,SAT,TX,ASW,CE,Combined TRACON& Tower with Radar,272,64,100,4,440,0,18,71,9,98,272,82,171,13,538,0,0,0,538
06/12/2014,SAT,TX,ASW,CE,Combined TRACON& Tower with Radar,269,59,106,3,437,0,11,58,7,76,269,70,164,10,513,0,0,0,513
06/13/2014,SAT,TX,ASW,CE,Combined TRACON& Tower with Radar,283,60,127,7,477,0,18,59,5,82,283,78,186,12,559,0,0,0,559
06/14/2014,SAT,TX,ASW,CE,Combined TRACON& Tower with Radar,235,38,61,13,347,0,5,40,1,46,235,43,101,14,393,0,0,0,393
06/15/2014,SAT,TX,ASW,CE,Combined TRACON& Tower with Radar,256,60,120,21,457,0,5,54,6,65,256,65,174,27,522,0,0,0,522
06/16/2014,SAT,TX,ASW,CE,Combined TRACON& Tower with Radar,259,48,139,4,450,0,9,50,9,68,259,57,189,13,518,0,0,0,518
06/17/2014,SAT,TX,ASW,CE,Combined TRACON& Tower with Radar,280,51,83,1,415,0,15,29,4,48,280,66,112,5,463,0,0,0,463
06/18/2014,SAT,TX,ASW,CE,Combined TRACON& Tower with Radar,268,62,110,10,450,0,15,40,9,64,268,77,150,19,514,0,0,0,514
06/19/2014,SAT,TX,ASW,CE,Combined TRACON& Tower with Radar,265,62,124,5,456,0,17,33,9,59,265,79,157,14,515,0,0,0,515
06/20/2014,SAT,TX,ASW,CE,Combined TRACON& Tower with Radar,283,54,97,22,456,0,8,50,0,58,283,62,147,22,514,0,0,0,514
06/21/2014,SAT,TX,ASW,CE,Combined TRACON& Tower with Radar,232,34,55,16,337,0,6,37,2,45,232,40,92,18,382,0,0,0,382
06/22/2014,SAT,TX,ASW,CE,Combined TRACON& Tower with Radar,248,37,67,12,364,0,5,38,2,45,248,42,105,14,409,0,0,0,409
06/23/2014,SAT,TX,ASW,CE,Combined TRACON& Tower with Radar,275,46,89,10,420,0,14,29,8,51,275,60,118,18,471,0,0,0,471
06/24/2014,SAT,TX,ASW,CE,Combined TRACON& Tower with Radar,285,63,121,1,470,0,11,25,7,43,285,74,146,8,513,0,0,0,513
06/25/2014,SAT,TX,ASW,CE,Combined TRACON& Tower with Radar,276,61,114,5,456,0,8,29,5,42,276,69,143,10,498,0,0,0,498
06/26/2014,SAT,TX,ASW,CE,Combined TRACON& Tower with Radar,290,67,117,9,483,0,9,37,8,54,290,76,154,17,537,0,0,0,537
06/27/2014,SAT,TX,ASW,CE,Combined TRACON& Tower with Radar,260,65,131,11,467,0,10,53,2,65,260,75,184,13,532,0,0,0,532
06/28/2014,SAT,TX,ASW,CE,Combined TRACON& Tower with Radar,236,31,52,9,328,0,4,34,1,39,236,35,86,10,367,0,0,0,367
06/29/2014,SAT,TX,ASW,CE,Combined TRACON& Tower with Radar,241,41,56,11,349,0,17,24,3,44,241,58,80,14,393,0,0,0,393
06/30/2014,SAT,TX,ASW,CE,Combined TRACON& Tower with Radar,249,46,79,6,380,0,9,49,9,67,249,55,128,15,447,0,0,0,447
07/01/2014,SAT,TX,ASW,CE,Combined TRACON& Tower with Radar,269,45,93,8,415,0,11,73,4,88,269,56,166,12,503,0,0,0,503
07/02/2014,SAT,TX,ASW,CE,Combined TRACON& Tower with Radar,267,54,93,9,423,0,22,111,7,140,267,76,204,16,563,0,0,0,563
07/03/2014,SAT,TX,ASW,CE,Combined TRACON& Tower with Radar,287,67,74,2,430,0,13,82,8,103,287,80,156,10,533,0,0,0,533
07/04/2014,SAT,TX,ASW,CE,Combined TRACON& Tower with Radar,182,31,21,0,234,0,16,20,0,36,182,47,41,0,270,0,0,0,270
07/05/2014,SAT,TX,ASW,CE,Combined TRACON& Tower with Radar,219,21,33,0,273,0,9,17,0,26,219,30,50,0,299,0,0,0,299
07/06/2014,SAT,TX,ASW,CE,Combined TRACON& Tower with Radar,250,29,68,5,352,0,18,52,8,78,250,47,120,13,430,0,0,0,430
07/07/2014,SAT,TX,ASW,CE,Combined TRACON& Tower with Radar,254,40,81,5,380,0,20,70,5,95,254,60,151,10,475,0,0,0,475
07/08/2014,SAT,TX,ASW,CE,Combined TRACON& Tower with Radar,271,60,105,6,442,0,19,52,4,75,271,79,157,10,517,0,0,0,517
07/09/2014,SAT,TX,ASW,CE,Combined TRACON& Tower with Radar,273,67,108,12,460,0,29,71,7,107,273,96,179,19,567,0,0,0,567
07/10/2014,SAT,TX,ASW,CE,Combined TRACON& Tower with Radar,274,75,148,7,504,0,12,52,9,73,274,87,200,16,577,0,0,0,577
07/11/2014,SAT,TX,ASW,CE,Combined TRACON& Tower with Radar,277,79,82,23,461,0,12,44,11,67,277,91,126,34,528,0,0,0,528
07/12/2014,SAT,TX,ASW,CE,Combined TRACON& Tower with Radar,232,17,41,23,313,0,6,44,3,53,232,23,85,26,366,0,0,0,366
07/13/2014,SAT,TX,ASW,CE,Combined TRACON& Tower with Radar,253,39,59,23,374,0,9,44,7,60,253,48,103,30,434,0,0,0,434
07/14/2014,SAT,TX,ASW,CE,Combined TRACON& Tower with Radar,254,58,91,6,409,0,26,53,4,83,254,84,144,10,492,0,0,0,492
07/15/2014,SAT,TX,ASW,CE,Combined TRACON& Tower with Radar,277,60,107,5,449,0,18,41,10,69,277,78,148,15,518,0,0,0,518
07/16/2014,SAT,TX,ASW,CE,Combined TRACON& Tower with Radar,266,83,116,6,471,0,14,62,6,82,266,97,178,12,553,0,0,0,553
07/17/2014,SAT,TX,ASW,CE,Combined TRACON& Tower with Radar,274,69,124,9,476,0,14,33,6,53,274,83,157,15,529,0,0,0,529
07/18/2014,SAT,TX,ASW,CE,Combined TRACON& Tower with Radar,278,70,143,17,508,0,8,22,4,34,278,78,165,21,542,0,0,0,542
07/19/2014,SAT,TX,ASW,CE,Combined TRACON& Tower with Radar,236,37,88,9,370,0,14,38,1,53,236,51,126,10,423,0,0,0,423
07/20/2014,SAT,TX,ASW,CE,Combined TRACON& Tower with Radar,255,43,103,12,413,0,18,44,7,69,255,61,147,19,482,0,0,0,482
07/21/2014,SAT,TX,ASW,CE,Combined TRACON& Tower with Radar,260,43,96,7,406,0,11,39,8,58,260,54,135,15,464,0,0,0,464
07/22/2014,SAT,TX,ASW,CE,Combined TRACON& Tower with Radar,274,68,115,11,468,0,15,38,8,61,274,83,153,19,529,0,0,0,529
07/23/2014,SAT,TX,ASW,CE,Combined TRACON& Tower with Radar,283,83,116,8,490,0,20,56,4,80,283,103,172,12,570,0,0,0,570
07/24/2014,SAT,TX,ASW,CE,Combined TRACON& Tower with Radar,290,59,140,8,497,0,10,56,2,68,290,69,196,10,565,0,0,0,565
07/25/2014,SAT,TX,ASW,CE,Combined TRACON& Tower with Radar,270,52,111,11,444,0,22,53,9,84,270,74,164,20,528,0,0,0,528
07/26/2014,SAT,TX,ASW,CE,Combined TRACON& Tower with Radar,238,41,55,9,343,0,4,45,5,54,238,45,100,14,397,0,0,0,397
07/27/2014,SAT,TX,ASW,CE,Combined TRACON& Tower with Radar,245,41,60,5,351,0,14,58,5,77,245,55,118,10,428,0,0,0,428
07/28/2014,SAT,TX,ASW,CE,Combined TRACON& Tower with Radar,270,46,84,11,411,0,23,46,10,79,270,69,130,21,490,0,0,0,490
07/29/2014,SAT,TX,ASW,CE,Combined TRACON& Tower with Radar,274,57,108,1,440,0,18,56,13,87,274,75,164,14,527,0,0,0,527
07/30/2014,SAT,TX,ASW,CE,Combined TRACON& Tower with Radar,271,61,120,0,452,0,20,60,8,88,271,81,180,8,540,0,0,0,540
07/31/2014,SAT,TX,ASW,CE,Combined TRACON& Tower with Radar,288,66,108,1,463,0,5,58,7,70,288,71,166,8,533,0,0,0,533
08/01/2014,SAT,TX,ASW,CE,Combined TRACON& Tower with Radar,277,78,96,19,470,0,12,57,4,73,277,90,153,23,543,0,0,0,543
08/02/2014,SAT,TX,ASW,CE,Combined TRACON& Tower with Radar,237,26,54,6,323,0,12,48,2,62,237,38,102,8,385,0,0,0,385
08/03/2014,SAT,TX,ASW,CE,Combined TRACON& Tower with Radar,247,34,67,9,357,0,13,44,3,60,247,47,111,12,417,0,0,0,417
08/04/2014,SAT,TX,ASW,CE,Combined TRACON& Tower with Radar,264,48,61,12,385,0,12,49,9,70,264,60,110,21,455,0,0,0,455
08/05/2014,SAT,TX,ASW,CE,Combined TRACON& Tower with Radar,274,52,94,16,436,0,17,60,8,85,274,69,154,24,521,0,0,0,521
08/06/2014,SAT,TX,ASW,CE,Combined TRACON& Tower with Radar,266,57,94,5,422,0,23,55,5,83,266,80,149,10,505,0,0,0,505
08/07/2014,SAT,TX,ASW,CE,Combined TRACON& Tower with Radar,278,61,112,0,451,0,17,67,6,90,278,78,179,6,541,0,0,0,541
08/08/2014,SAT,TX,ASW,CE,Combined TRACON& Tower with Radar,269,57,96,9,431,0,16,72,10,98,269,73,168,19,529,0,0,0,529
08/09/2014,SAT,TX,ASW,CE,Combined TRACON& Tower with Radar,233,37,46,12,328,0,10,58,7,75,233,47,104,19,403,0,0,0,403
08/10/2014,SAT,TX,ASW,CE,Combined TRACON& Tower with Radar,252,46,83,10,391,0,8,66,2,76,252,54,149,12,467,0,0,0,467
08/11/2014,SAT,TX,ASW,CE,Combined TRACON& Tower with Radar,267,60,74,2,403,1,6,50,6,63,268,66,124,8,466,0,0,0,466
08/12/2014,SAT,TX,ASW,CE,Combined TRACON& Tower with Radar,262,54,103,3,422,0,9,29,7,45,262,63,132,10,467,0,0,0,467
08/13/2014,SAT,TX,ASW,CE,Combined TRACON& Tower with Radar,257,69,88,6,420,1,13,61,6,81,258,82,149,12,501,0,0,0,501
08/14/2014,SAT,TX,ASW,CE,Combined TRACON& Tower with Radar,267,63,87,9,426,0,17,70,3,90,267,80,157,12,516,0,0,0,516
08/15/2014,SAT,TX,ASW,CE,Combined TRACON& Tower with Radar,256,62,139,7,464,0,13,52,12,77,256,75,191,19,541,0,0,0,541
08/16/2014,SAT,TX,ASW,CE,Combined TRACON& Tower with Radar,207,33,63,8,311,0,14,42,2,58,207,47,105,10,369,0,0,0,369
08/17/2014,SAT,TX,ASW,CE,Combined TRACON& Tower with Radar,247,44,62,9,362,0,11,34,10,55,247,55,96,19,417,0,0,0,417
08/18/2014,SAT,TX,ASW,CE,Combined TRACON& Tower with Radar,247,48,73,8,376,0,19,37,10,66,247,67,110,18,442,0,0,0,442
08/19/2014,SAT,TX,ASW,CE,Combined TRACON& Tower with Radar,256,52,88,2,398,0,15,50,7,72,256,67,138,9,470,0,0,0,470
08/20/2014,SAT,TX,ASW,CE,Combined TRACON& Tower with Radar,249,55,136,12,452,0,18,54,8,80,249,73,190,20,532,0,0,0,532
08/21/2014,SAT,TX,ASW,CE,Combined TRACON& Tower with Radar,264,58,126,4,452,0,16,70,8,94,264,74,196,12,546,0,0,0,546
08/22/2014,SAT,TX,ASW,CE,Combined TRACON& Tower with Radar,261,62,98,0,421,0,13,103,8,124,261,75,201,8,545,0,0,0,545
08/23/2014,SAT,TX,ASW,CE,Combined TRACON& Tower with Radar,181,25,47,4,257,0,8,47,0,55,181,33,94,4,312,0,0,0,312
08/24/2014,SAT,TX,ASW,CE,Combined TRACON& Tower with Radar,241,31,72,11,355,0,15,74,5,94,241,46,146,16,449,0,0,0,449
08/25/2014,SAT,TX,ASW,CE,Combined TRACON& Tower with Radar,249,47,79,8,383,0,11,78,13,102,249,58,157,21,485,0,0,0,485
08/26/2014,SAT,TX,ASW,CE,Combined TRACON& Tower with Radar,251,54,104,11,420,0,14,66,12,92,251,68,170,23,512,0,0,0,512
08/27/2014,SAT,TX,ASW,CE,Combined TRACON& Tower with Radar,254,51,115,14,434,0,15,74,4,93,254,66,189,18,527,0,0,0,527
08/28/2014,SAT,TX,ASW,CE,Combined TRACON& Tower with Radar,266,63,129,11,469,0,14,55,8,77,266,77,184,19,546,0,0,0,546
08/29/2014,SAT,TX,ASW,CE,Combined TRACON& Tower with Radar,262,66,122,2,452,0,25,46,5,76,262,91,168,7,528,0,0,0,528
08/30/2014,SAT,TX,ASW,CE,Combined TRACON& Tower with Radar,164,33,43,0,240,0,7,41,0,48,164,40,84,0,288,0,0,0,288
08/31/2014,SAT,TX,ASW,CE,Combined TRACON& Tower with Radar,165,31,37,0,233,0,11,33,0,44,165,42,70,0,277,0,0,0,277
09/01/2014,SAT,TX,ASW,CE,Combined TRACON& Tower with Radar,218,51,58,1,328,0,10,49,1,60,218,61,107,2,388,0,0,0,388
09/02/2014,SAT,TX,ASW,CE,Combined TRACON& Tower with Radar,251,52,97,19,419,0,16,45,1,62,251,68,142,20,481,0,0,0,481
09/03/2014,SAT,TX,ASW,CE,Combined TRACON& Tower with Radar,247,61,115,6,429,0,6,30,0,36,247,67,145,6,465,0,0,0,465
09/04/2014,SAT,TX,ASW,CE,Combined TRACON& Tower with Radar,262,63,103,8,436,0,8,31,7,46,262,71,134,15,482,0,0,0,482
09/05/2014,SAT,TX,ASW,CE,Combined TRACON& Tower with Radar,240,58,99,13,410,0,13,45,2,60,240,71,144,15,470,0,0,0,470
09/06/2014,SAT,TX,ASW,CE,Combined TRACON& Tower with Radar,174,38,59,18,289,0,11,30,4,45,174,49,89,22,334,0,0,0,334
09/07/2014,SAT,TX,ASW,CE,Combined TRACON& Tower with Radar,236,47,61,12,356,0,5,23,2,30,236,52,84,14,386,0,0,0,386
09/08/2014,SAT,TX,ASW,CE,Combined TRACON& Tower with Radar,255,48,92,12,407,0,15,30,5,50,255,63,122,17,457,0,0,0,457
09/09/2014,SAT,TX,ASW,CE,Combined TRACON& Tower with Radar,253,58,120,7,438,0,19,62,13,94,253,77,182,20,532,0,0,0,532
09/10/2014,SAT,TX,ASW,CE,Combined TRACON& Tower with Radar,254,73,105,15,447,0,10,66,5,81,254,83,171,20,528,0,0,0,528
09/11/2014,SAT,TX,ASW,CE,Combined TRACON& Tower with Radar,263,74,89,11,437,0,24,67,4,95,263,98,156,15,532,0,0,0,532
09/12/2014,SAT,TX,ASW,CE,Combined TRACON& Tower with Radar,274,87,110,15,486,0,8,50,8,66,274,95,160,23,552,0,0,0,552
09/13/2014,SAT,TX,ASW,CE,Combined TRACON& Tower with Radar,171,47,62,9,289,0,3,4,0,7,171,50,66,9,296,0,0,0,296
09/14/2014,SAT,TX,ASW,CE,Combined TRACON& Tower with Radar,242,35,83,14,374,0,5,12,0,17,242,40,95,14,391,0,0,0,391
09/15/2014,SAT,TX,ASW,CE,Combined TRACON& Tower with Radar,247,54,130,14,445,0,7,39,10,56,247,61,169,24,501,0,0,0,501
09/16/2014,SAT,TX,ASW,CE,Combined TRACON& Tower with Radar,252,104,128,10,494,0,9,32,5,46,252,113,160,15,540,0,0,0,540
09/17/2014,SAT,TX,ASW,CE,Combined TRACON& Tower with Radar,257,83,138,14,492,0,5,22,6,33,257,88,160,20,525,0,0,0,525
09/18/2014,SAT,TX,ASW,CE,Combined TRACON& Tower with Radar,281,75,125,11,492,0,15,37,5,57,281,90,162,16,549,0,0,0,549
09/19/2014,SAT,TX,ASW,CE,Combined TRACON& Tower with Radar,261,86,107,7,461,0,8,22,3,33,261,94,129,10,494,0,0,0,494
09/20/2014,SAT,TX,ASW,CE,Combined TRACON& Tower with Radar,171,44,67,0,282,0,5,17,0,22,171,49,84,0,304,0,0,0,304
09/21/2014,SAT,TX,ASW,CE,Combined TRACON& Tower with Radar,234,47,95,9,385,0,8,32,1,41,234,55,127,10,426,0,0,0,426
09/22/2014,SAT,TX,ASW,CE,Combined TRACON& Tower with Radar,252,53,107,2,414,0,8,64,10,82,252,61,171,12,496,0,0,0,496
09/23/2014,SAT,TX,ASW,CE,Combined TRACON& Tower with Radar,253,56,104,7,420,0,15,58,8,81,253,71,162,15,501,0,0,0,501
09/24/2014,SAT,TX,ASW,CE,Combined TRACON& Tower with Radar,264,83,144,10,501,0,21,81,14,116,264,104,225,24,617,0,0,0,617
09/25/2014,SAT,TX,ASW,CE,Combined TRACON& Tower with Radar,267,67,123,1,458,0,9,67,10,86,267,76,190,11,544,0,0,0,544
09/26/2014,SAT,TX,ASW,CE,Combined TRACON& Tower with Radar,252,64,151,10,477,0,6,44,0,50,252,70,195,10,527,0,0,0,527
09/27/2014,SAT,TX,ASW,CE,Combined TRACON& Tower with Radar,165,32,63,2,262,0,3,24,2,29,165,35,87,4,291,0,0,0,291
09/28/2014,SAT,TX,ASW,CE,Combined TRACON& Tower with Radar,235,40,94,14,383,0,15,54,4,73,235,55,148,18,456,0,0,0,456
09/29/2014,SAT,TX,ASW,CE,Combined TRACON& Tower with Radar,255,53,124,11,443,0,20,53,12,85,255,73,177,23,528,0,0,0,528
09/30/2014,SAT,TX,ASW,CE,Combined TRACON& Tower with Radar,246,69,124,5,444,0,7,73,7,87,246,76,197,12,531,0,0,0,531
10/01/2014,SAT,TX,ASW,CE,Combined TRACON& Tower with Radar,265,65,143,27,500,0,4,63,8,75,265,69,206,35,575,0,0,0,575
10/02/2014,SAT,TX,ASW,CE,Combined TRACON& Tower with Radar,277,69,130,10,486,0,7,37,4,48,277,76,167,14,534,0,0,0,534
10/03/2014,SAT,TX,ASW,CE,Combined TRACON& Tower with Radar,273,67,135,4,479,0,20,66,9,95,273,87,201,13,574,0,0,0,574
10/04/2014,SAT,TX,ASW,CE,Combined TRACON& Tower with Radar,180,48,53,1,282,0,11,54,0,65,180,59,107,1,347,0,0,0,347
10/05/2014,SAT,TX,ASW,CE,Combined TRACON& Tower with Radar,239,44,87,1,371,0,14,49,2,65,239,58,136,3,436,0,0,0,436
10/06/2014,SAT,TX,ASW,CE,Combined TRACON& Tower with Radar,273,56,101,13,443,0,7,49,8,64,273,63,150,21,507,0,0,0,507
10/07/2014,SAT,TX,ASW,CE,Combined TRACON& Tower with Radar,266,71,120,6,463,0,17,64,8,89,266,88,184,14,552,0,0,0,552
10/08/2014,SAT,TX,ASW,CE,Combined TRACON& Tower with Radar,275,65,110,6,456,0,8,44,8,60,275,73,154,14,516,0,0,0,516
10/09/2014,SAT,TX,ASW,CE,Combined TRACON& Tower with Radar,273,97,107,4,481,0,6,58,6,70,273,103,165,10,551,0,0,0,551
10/10/2014,SAT,TX,ASW,CE,Combined TRACON& Tower with Radar,274,77,118,2,471,0,10,59,4,73,274,87,177,6,544,0,0,0,544
10/11/2014,SAT,TX,ASW,CE,Combined TRACON& Tower with Radar,188,30,83,3,304,0,13,7,1,21,188,43,90,4,325,0,0,0,325
10/12/2014,SAT,TX,ASW,CE,Combined TRACON& Tower with Radar,249,43,117,6,415,0,15,16,0,31,249,58,133,6,446,0,0,0,446
10/13/2014,SAT,TX,ASW,CE,Combined TRACON& Tower with Radar,267,82,98,5,452,0,18,38,9,65,267,100,136,14,517,0,0,0,517
10/14/2014,SAT,TX,ASW,CE,Combined TRACON& Tower with Radar,266,65,116,14,461,0,16,87,16,119,266,81,203,30,580,0,0,0,580
10/15/2014,SAT,TX,ASW,CE,Combined TRACON& Tower with Radar,268,72,112,7,459,0,17,81,8,106,268,89,193,15,565,0,0,0,565
10/16/2014,SAT,TX,ASW,CE,Combined TRACON& Tower with Radar,275,80,140,16,511,0,16,90,10,116,275,96,230,26,627,0,0,0,627
10/17/2014,SAT,TX,ASW,CE,Combined TRACON& Tower with Radar,272,74,115,15,476,0,19,78,13,110,272,93,193,28,586,0,0,0,586
10/18/2014,SAT,TX,ASW,CE,Combined TRACON& Tower with Radar,184,41,60,4,289,0,16,40,3,59,184,57,100,7,348,0,0,0,348
10/19/2014,SAT,TX,ASW,CE,Combined TRACON& Tower with Radar,243,52,103,7,405,0,10,53,3,66,243,62,156,10,471,0,0,0,471
10/20/2014,SAT,TX,ASW,CE,Combined TRACON& Tower with Radar,262,53,104,3,422,0,12,53,8,73,262,65,157,11,495,0,0,0,495
10/21/2014,SAT,TX,ASW,CE,Combined TRACON& Tower with Radar,261,73,109,13,456,0,10,74,8,92,261,83,183,21,548,0,0,0,548
10/22/2014,SAT,TX,ASW,CE,Combined TRACON& Tower with Radar,268,85,155,5,513,0,17,72,6,95,268,102,227,11,608,0,0,0,608
10/23/2014,SAT,TX,ASW,CE,Combined TRACON& Tower with Radar,281,73,151,15,520,0,17,72,5,94,281,90,223,20,614,0,0,0,614
10/24/2014,SAT,TX,ASW,CE,Combined TRACON& Tower with Radar,270,55,99,16,440,0,26,74,9,109,270,81,173,25,549,0,0,0,549
10/25/2014,SAT,TX,ASW,CE,Combined TRACON& Tower with Radar,185,50,56,1,292,0,15,62,1,78,185,65,118,2,370,0,0,0,370
10/26/2014,SAT,TX,ASW,CE,Combined TRACON& Tower with Radar,246,50,87,5,388,0,11,62,3,76,246,61,149,8,464,0,0,0,464
10/27/2014,SAT,TX,ASW,CE,Combined TRACON& Tower with Radar,270,50,97,3,420,0,7,46,11,64,270,57,143,14,484,0,0,0,484
10/28/2014,SAT,TX,ASW,CE,Combined TRACON& Tower with Radar,258,67,148,13,486,0,11,44,11,66,258,78,192,24,552,0,0,0,552
10/29/2014,SAT,TX,ASW,CE,Combined TRACON& Tower with Radar,267,87,128,12,494,0,11,41,7,59,267,98,169,19,553,0,0,0,553
10/30/2014,SAT,TX,ASW,CE,Combined TRACON& Tower with Radar,280,91,142,5,518,0,15,48,5,68,280,106,190,10,586,0,0,0,586
10/31/2014,SAT,TX,ASW,CE,Combined TRACON& Tower with Radar,243,74,119,7,443,0,17,50,7,74,243,91,169,14,517,0,0,0,517
11/01/2014,SAT,TX,ASW,CE,Combined TRACON& Tower with Radar,183,37,64,10,294,0,24,62,3,89,183,61,126,13,383,0,0,0,383
11/02/2014,SAT,TX,ASW,CE,Combined TRACON& Tower with Radar,240,52,116,6,414,0,9,43,2,54,240,61,159,8,468,0,0,0,468
11/03/2014,SAT,TX,ASW,CE,Combined TRACON& Tower with Radar,261,54,137,6,458,0,10,28,5,43,261,64,165,11,501,0,0,0,501
11/04/2014,SAT,TX,ASW,CE,Combined TRACON& Tower with Radar,260,62,103,5,430,0,10,22,6,38,260,72,125,11,468,0,0,0,468
11/05/2014,SAT,TX,ASW,CE,Combined TRACON& Tower with Radar,265,72,104,2,443,0,1,0,0,1,265,73,104,2,444,0,0,0,444
11/06/2014,SAT,TX,ASW,CE,Combined TRACON& Tower with Radar,274,74,125,5,478,0,6,16,9,31,274,80,141,14,509,0,0,0,509
11/07/2014,SAT,TX,ASW,CE,Combined TRACON& Tower with Radar,272,65,98,16,451,0,20,57,8,85,272,85,155,24,536,0,0,0,536
11/08/2014,SAT,TX,ASW,CE,Combined TRACON& Tower with Radar,191,35,54,6,286,0,19,54,3,76,191,54,108,9,362,0,0,0,362
11/09/2014,SAT,TX,ASW,CE,Combined TRACON& Tower with Radar,252,31,88,3,374,0,23,79,3,105,252,54,167,6,479,0,0,0,479
11/10/2014,SAT,TX,ASW,CE,Combined TRACON& Tower with Radar,252,49,103,6,410,0,11,72,5,88,252,60,175,11,498,0,0,0,498
11/11/2014,SAT,TX,ASW,CE,Combined TRACON& Tower with Radar,256,56,145,1,458,0,8,34,3,45,256,64,179,4,503,0,0,0,503
11/12/2014,SAT,TX,ASW,CE,Combined TRACON& Tower with Radar,260,66,108,5,439,0,8,43,12,63,260,74,151,17,502,0,0,0,502
11/13/2014,SAT,TX,ASW,CE,Combined TRACON& Tower with Radar,272,82,165,2,521,0,16,53,10,79,272,98,218,12,600,0,0,0,600
11/14/2014,SAT,TX,ASW,CE,Combined TRACON& Tower with Radar,264,93,154,5,516,0,13,38,7,58,264,106,192,12,574,0,0,0,574
11/15/2014,SAT,TX,ASW,CE,Combined TRACON& Tower with Radar,197,39,67,5,308,0,4,1,2,7,197,43,68,7,315,0,0,0,315
11/16/2014,SAT,TX,ASW,CE,Combined TRACON& Tower with Radar,232,44,94,14,384,0,2,1,0,3,232,46,95,14,387,0,0,0,387
11/17/2014,SAT,TX,ASW,CE,Combined TRACON& Tower with Radar,259,65,130,8,462,0,13,76,8,97,259,78,206,16,559,0,0,0,559
11/18/2014,SAT,TX,ASW,CE,Combined TRACON& Tower with Radar,263,71,105,17,456,0,21,87,9,117,263,92,192,26,573,0,0,0,573
11/19/2014,SAT,TX,ASW,CE,Combined TRACON& Tower with Radar,266,49,113,12,440,0,12,72,2,86,266,61,185,14,526,0,0,0,526
11/20/2014,SAT,TX,ASW,CE,Combined TRACON& Tower with Radar,267,77,165,4,513,0,6,11,3,20,267,83,176,7,533,0,0,0,533
11/21/2014,SAT,TX,ASW,CE,Combined TRACON& Tower with Radar,260,100,131,6,497,0,8,6,0,14,260,108,137,6,511,0,0,0,511
11/22/2014,SAT,TX,ASW,CE,Combined TRACON& Tower with Radar,207,29,52,0,288,0,4,1,1,6,207,33,53,1,294,0,0,0,294
11/23/2014,SAT,TX,ASW,CE,Combined TRACON& Tower with Radar,233,50,51,25,359,0,6,54,3,63,233,56,105,28,422,0,0,0,422
11/24/2014,SAT,TX,ASW,CE,Combined TRACON& Tower with Radar,232,37,92,2,363,0,13,84,11,108,232,50,176,13,471,0,0,0,471
11/25/2014,SAT,TX,ASW,CE,Combined TRACON& Tower with Radar,265,55,92,2,414,0,30,86,13,129,265,85,178,15,543,0,0,0,543
11/26/2014,SAT,TX,ASW,CE,Combined TRACON& Tower with Radar,285,54,90,1,430,0,25,79,8,112,285,79,169,9,542,0,0,0,542
11/27/2014,SAT,TX,ASW,CE,Combined TRACON& Tower with Radar,158,25,36,0,219,0,13,27,1,41,158,38,63,1,260,0,0,0,260
11/28/2014,SAT,TX,ASW,CE,Combined TRACON& Tower with Radar,206,40,50,0,296,0,20,42,8,70,206,60,92,8,366,0,0,0,366
11/29/2014,SAT,TX,ASW,CE,Combined TRACON& Tower with Radar,237,43,57,0,337,0,6,37,0,43,237,49,94,0,380,0,0,0,380
11/30/2014,SAT,TX,ASW,CE,Combined TRACON& Tower with Radar,268,50,112,1,431,0,8,40,0,48,268,58,152,1,479,0,0,0,479
12/01/2014,SAT,TX,ASW,CE,Combined TRACON& Tower with Radar,268,44,139,6,457,0,4,13,6,23,268,48,152,12,480,0,0,0,480
12/02/2014,SAT,TX,ASW,CE,Combined TRACON& Tower with Radar,263,56,116,7,442,0,3,25,2,30,263,59,141,9,472,0,0,0,472
12/03/2014,SAT,TX,ASW,CE,Combined TRACON& Tower with Radar,255,71,147,2,475,0,0,0,0,0,255,71,147,2,475,0,0,0,475
12/04/2014,SAT,TX,ASW,CE,Combined TRACON& Tower with Radar,266,67,154,4,491,0,0,9,1,10,266,67,163,5,501,0,0,0,501
12/05/2014,SAT,TX,ASW,CE,Combined TRACON& Tower with Radar,263,61,117,18,459,0,11,21,5,37,263,72,138,23,496,0,0,0,496
12/06/2014,SAT,TX,ASW,CE,Combined TRACON& Tower with Radar,202,38,49,8,297,0,3,38,1,42,202,41,87,9,339,0,0,0,339
12/07/2014,SAT,TX,ASW,CE,Combined TRACON& Tower with Radar,256,55,108,21,440,0,1,18,7,26,256,56,126,28,466,0,0,0,466
12/08/2014,SAT,TX,ASW,CE,Combined TRACON& Tower with Radar,257,57,126,7,447,0,12,38,8,58,257,69,164,15,505,0,0,0,505
12/09/2014,SAT,TX,ASW,CE,Combined TRACON& Tower with Radar,272,63,103,5,443,0,20,68,5,93,272,83,171,10,536,0,0,0,536
12/10/2014,SAT,TX,ASW,CE,Combined TRACON& Tower with Radar,269,77,150,12,508,0,17,42,5,64,269,94,192,17,572,0,0,0,572
12/11/2014,SAT,TX,ASW,CE,Combined TRACON& Tower with Radar,290,64,169,12,535,0,6,13,0,19,290,70,182,12,554,0,0,0,554
12/12/2014,SAT,TX,ASW,CE,Combined TRACON& Tower with Radar,258,82,139,29,508,0,18,49,1,68,258,100,188,30,576,0,0,0,576
12/13/2014,SAT,TX,ASW,CE,Combined TRACON& Tower with Radar,208,33,97,9,347,0,9,35,6,50,208,42,132,15,397,0,0,0,397
12/14/2014,SAT,TX,ASW,CE,Combined TRACON& Tower with Radar,253,45,93,8,399,0,7,15,0,22,253,52,108,8,421,0,0,0,421
12/15/2014,SAT,TX,ASW,CE,Combined TRACON& Tower with Radar,252,61,99,5,417,0,1,72,4,77,252,62,171,9,494,0,0,0,494
12/16/2014,SAT,TX,ASW,CE,Combined TRACON& Tower with Radar,273,75,111,6,465,0,12,73,8,93,273,87,184,14,558,0,0,0,558
12/17/2014,SAT,TX,ASW,CE,Combined TRACON& Tower with Radar,279,68,134,11,492,0,5,11,1,17,279,73,145,12,509,0,0,0,509
12/18/2014,SAT,TX,ASW,CE,Combined TRACON& Tower with Radar,282,58,145,14,499,0,2,5,1,8,282,60,150,15,507,0,0,0,507
12/19/2014,SAT,TX,ASW,CE,Combined TRACON& Tower with Radar,284,79,124,12,499,0,4,27,5,36,284,83,151,17,535,0,0,0,535
12/20/2014,SAT,TX,ASW,CE,Combined TRACON& Tower with Radar,250,46,85,4,385,0,6,21,0,27,250,52,106,4,412,0,0,0,412
12/21/2014,SAT,TX,ASW,CE,Combined TRACON& Tower with Radar,257,55,79,3,394,0,10,8,1,19,257,65,87,4,413,0,0,0,413
12/22/2014,SAT,TX,ASW,CE,Combined TRACON& Tower with Radar,267,56,90,5,418,0,4,44,1,49,267,60,134,6,467,0,0,0,467
12/23/2014,SAT,TX,ASW,CE,Combined TRACON& Tower with Radar,279,53,87,4,423,0,3,13,2,18,279,56,100,6,441,0,0,0,441
12/24/2014,SAT,TX,ASW,CE,Combined TRACON& Tower with Radar,229,50,29,0,308,0,19,32,0,51,229,69,61,0,359,0,0,0,359
12/25/2014,SAT,TX,ASW,CE,Combined TRACON& Tower with Radar,195,21,25,0,241,0,14,24,0,38,195,35,49,0,279,0,0,0,279
12/26/2014,SAT,TX,ASW,CE,Combined TRACON& Tower with Radar,254,81,106,0,441,0,9,25,2,36,254,90,131,2,477,0,0,0,477
12/27/2014,SAT,TX,ASW,CE,Combined TRACON& Tower with Radar,238,68,92,1,399,0,4,9,0,13,238,72,101,1,412,0,0,0,412
12/28/2014,SAT,TX,ASW,CE,Combined TRACON& Tower with Radar,260,39,67,0,366,0,11,17,2,30,260,50,84,2,396,0,0,0,396
12/29/2014,SAT,TX,ASW,CE,Combined TRACON& Tower with Radar,247,43,81,5,376,0,11,78,1,90,247,54,159,6,466,0,0,0,466
12/30/2014,SAT,TX,ASW,CE,Combined TRACON& Tower with Radar,273,63,97,3,436,0,1,1,0,2,273,64,98,3,438,0,0,0,438
12/31/2014,SAT,TX,ASW,CE,Combined TRACON& Tower with Radar,241,51,42,0,334,0,1,10,2,13,241,52,52,2,347,0,0,0,347
01/01/2015,SAT,TX,ASW,CE,Combined TRACON& Tower with Radar,200,32,42,0,274,0,0,0,0,0,200,32,42,0,274,0,0,0,274
01/02/2015,SAT,TX,ASW,CE,Combined TRACON& Tower with Radar,263,65,68,2,398,0,0,0,0,0,263,65,68,2,398,0,0,0,398
01/03/2015,SAT,TX,ASW,CE,Combined TRACON& Tower with Radar,254,49,82,2,387,0,11,38,0,49,254,60,120,2,436,0,0,0,436
01/04/2015,SAT,TX,ASW,CE,Combined TRACON& Tower with Radar,250,46,102,0,398,0,17,62,1,80,250,63,164,1,478,0,0,0,478
01/05/2015,SAT,TX,ASW,CE,Combined TRACON& Tower with Radar,252,39,99,1,391,0,19,57,9,85,252,58,156,10,476,0,0,0,476
01/06/2015,SAT,TX,ASW,CE,Combined TRACON& Tower with Radar,237,57,82,12,388,0,13,55,6,74,237,70,137,18,462,0,0,0,462
01/07/2015,SAT,TX,ASW,CE,Combined TRACON& Tower with Radar,252,65,82,4,403,0,13,29,7,49,252,78,111,11,452,0,0,0,452
01/08/2015,SAT,TX,ASW,CE,Combined TRACON& Tower with Radar,257,65,105,6,433,0,9,38,4,51,257,74,143,10,484,0,0,0,484
01/09/2015,SAT,TX,ASW,CE,Combined TRACON& Tower with Radar,258,56,97,13,424,0,6,2,2,10,258,62,99,15,434,0,0,0,434
01/10/2015,SAT,TX,ASW,CE,Combined TRACON& Tower with Radar,154,29,38,0,221,0,0,0,0,0,154,29,38,0,221,0,0,0,221
01/11/2015,SAT,TX,ASW,CE,Combined TRACON& Tower with Radar,219,37,68,8,332,0,1,13,0,14,219,38,81,8,346,0,0,0,346
01/12/2015,SAT,TX,ASW,CE,Combined TRACON& Tower with Radar,240,51,98,35,424,0,6,12,7,25,240,57,110,42,449,0,0,0,449
01/13/2015,SAT,TX,ASW,CE,Combined TRACON& Tower with Radar,247,55,116,3,421,0,8,11,4,23,247,63,127,7,444,0,0,0,444
01/14/2015,SAT,TX,ASW,CE,Combined TRACON& Tower with Radar,247,48,122,1,418,0,0,0,0,0,247,48,122,1,418,0,0,0,418
01/15/2015,SAT,TX,ASW,CE,Combined TRACON& Tower with Radar,259,67,117,23,466,0,11,48,9,68,259,78,165,32,534,0,0,0,534
01/16/2015,SAT,TX,ASW,CE,Combined TRACON& Tower with Radar,259,55,100,15,429,0,18,68,9,95,259,73,168,24,524,0,0,0,524
01/17/2015,SAT,TX,ASW,CE,Combined TRACON& Tower with Radar,159,28,45,5,237,0,22,38,1,61,159,50,83,6,298,0,0,0,298
01/18/2015,SAT,TX,ASW,CE,Combined TRACON& Tower with Radar,206,29,46,8,289,0,21,66,3,90,206,50,112,11,379,0,0,0,379
01/19/2015,SAT,TX,ASW,CE,Combined TRACON& Tower with Radar,236,31,94,5,366,0,16,75,12,103,236,47,169,17,469,0,0,0,469
01/20/2015,SAT,TX,ASW,CE,Combined TRACON& Tower with Radar,233,58,108,8,407,0,14,62,9,85,233,72,170,17,492,0,0,0,492
01/21/2015,SAT,TX,ASW,CE,Combined TRACON& Tower with Radar,254,63,114,4,435,0,5,11,0,16,254,68,125,4,451,0,0,0,451
01/22/2015,SAT,TX,ASW,CE,Combined TRACON& Tower with Radar,259,57,76,0,392,0,0,1,2,3,259,57,77,2,395,0,0,0,395
01/23/2015,SAT,TX,ASW,CE,Combined TRACON& Tower with Radar,254,69,113,15,451,0,11,21,5,37,254,80,134,20,488,0,0,0,488
01/24/2015,SAT,TX,ASW,CE,Combined TRACON& Tower with Radar,163,37,72,22,294,0,15,73,9,97,163,52,145,31,391,0,0,0,391
01/25/2015,SAT,TX,ASW,CE,Combined TRACON& Tower with Radar,218,36,65,14,333,0,17,76,4,97,218,53,141,18,430,0,0,0,430
01/26/2015,SAT,TX,ASW,CE,Combined TRACON& Tower with Radar,231,43,74,4,352,0,18,82,4,104,231,61,156,8,456,0,0,0,456
01/27/2015,SAT,TX,ASW,CE,Combined TRACON& Tower with Radar,241,63,113,7,424,0,21,102,9,132,241,84,215,16,556,0,0,0,556
01/28/2015,SAT,TX,ASW,CE,Combined TRACON& Tower with Radar,253,52,110,4,419,0,13,91,4,108,253,65,201,8,527,0,0,0,527
01/29/2015,SAT,TX,ASW,CE,Combined TRACON& Tower with Radar,256,72,145,9,482,0,6,57,4,67,256,78,202,13,549,0,0,0,549
01/30/2015,SAT,TX,ASW,CE,Combined TRACON& Tower with Radar,251,64,130,11,456,0,31,38,0,69,251,95,168,11,525,0,0,0,525
01/31/2015,SAT,TX,ASW,CE,Combined TRACON& Tower with Radar,166,41,43,0,250,0,0,0,0,0,166,41,43,0,250,0,0,0,250
02/01/2015,SAT,TX,ASW,CE,Combined TRACON& Tower with Radar,178,26,57,12,273,0,5,17,2,24,178,31,74,14,297,0,0,0,297
02/02/2015,SAT,TX,ASW,CE,Combined TRACON& Tower with Radar,230,57,98,5,390,0,21,73,5,99,230,78,171,10,489,0,0,0,489
02/03/2015,SAT,TX,ASW,CE,Combined TRACON& Tower with Radar,243,51,125,10,429,0,5,5,0,10,243,56,130,10,439,0,0,0,439
02/04/2015,SAT,TX,ASW,CE,Combined TRACON& Tower with Radar,249,66,153,12,480,0,12,7,6,25,249,78,160,18,505,0,0,0,505
02/05/2015,SAT,TX,ASW,CE,Combined TRACON& Tower with Radar,261,62,152,7,482,0,8,35,11,54,261,70,187,18,536,0,0,0,536
02/06/2015,SAT,TX,ASW,CE,Combined TRACON& Tower with Radar,245,60,132,12,449,0,18,57,8,83,245,78,189,20,532,0,0,0,532
02/07/2015,SAT,TX,ASW,CE,Combined TRACON& Tower with Radar,163,36,54,6,259,0,11,42,2,55,163,47,96,8,314,0,0,0,314
02/08/2015,SAT,TX,ASW,CE,Combined TRACON& Tower with Radar,213,41,76,15,345,0,9,58,0,67,213,50,134,15,412,0,0,0,412
02/09/2015,SAT,TX,ASW,CE,Combined TRACON& Tower with Radar,242,45,92,15,394,0,13,80,10,103,242,58,172,25,497,0,0,0,497
02/10/2015,SAT,TX,ASW,CE,Combined TRACON& Tower with Radar,239,57,94,14,404,0,13,61,11,85,239,70,155,25,489,0,0,0,489
02/11/2015,SAT,TX,ASW,CE,Combined TRACON& Tower with Radar,247,46,106,10,409,0,8,89,8,105,247,54,195,18,514,0,0,0,514
02/12/2015,SAT,TX,ASW,CE,Combined TRACON& Tower with Radar,258,72,119,5,454,0,18,58,8,84,258,90,177,13,538,0,0,0,538
02/13/2015,SAT,TX,ASW,CE,Combined TRACON& Tower with Radar,247,69,100,2,418,0,19,74,5,98,247,88,174,7,516,0,0,0,516
02/14/2015,SAT,TX,ASW,CE,Combined TRACON& Tower with Radar,168,42,65,7,282,0,14,75,1,90,168,56,140,8,372,0,0,0,372
02/15/2015,SAT,TX,ASW,CE,Combined TRACON& Tower with Radar,205,38,90,5,338,0,6,15,0,21,205,44,105,5,359,0,0,0,359
02/16/2015,SAT,TX,ASW,CE,Combined TRACON& Tower with Radar,230,62,102,5,399,0,2,18,1,21,230,64,120,6,420,0,0,0,420
02/17/2015,SAT,TX,ASW,CE,Combined TRACON& Tower with Radar,238,68,111,7,424,0,6,49,7,62,238,74,160,14,486,0,0,0,486
02/18/2015,SAT,TX,ASW,CE,Combined TRACON& Tower with Radar,245,51,123,6,425,0,14,74,9,97,245,65,197,15,522,0,0,0,522
02/19/2015,SAT,TX,ASW,CE,Combined TRACON& Tower with Radar,254,76,140,1,471,0,12,51,13,76,254,88,191,14,547,0,0,0,547
02/20/2015,SAT,TX,ASW,CE,Combined TRACON& Tower with Radar,240,56,141,6,443,0,15,41,5,61,240,71,182,11,504,0,0,0,504
02/21/2015,SAT,TX,ASW,CE,Combined TRACON& Tower with Radar,155,31,62,27,275,0,13,33,0,46,155,44,95,27,321,0,0,0,321
02/22/2015,SAT,TX,ASW,CE,Combined TRACON& Tower with Radar,210,67,101,18,396,0,0,1,1,2,210,67,102,19,398,0,0,0,398
02/23/2015,SAT,TX,ASW,CE,Combined TRACON& Tower with Radar,210,62,84,14,370,0,0,3,2,5,210,62,87,16,375,0,0,0,375
02/24/2015,SAT,TX,ASW,CE,Combined TRACON& Tower with Radar,230,69,119,5,423,0,5,15,5,25,230,74,134,10,448,0,0,0,448
02/25/2015,SAT,TX,ASW,CE,Combined TRACON& Tower with Radar,239,77,134,2,452,0,12,57,8,77,239,89,191,10,529,0,0,0,529
02/26/2015,SAT,TX,ASW,CE,Combined TRACON& Tower with Radar,251,79,143,13,486,0,15,62,10,87,251,94,205,23,573,0,0,0,573
02/27/2015,SAT,TX,ASW,CE,Combined TRACON& Tower with Radar,238,63,99,7,407,0,3,12,1,16,238,66,111,8,423,0,0,0,423
02/28/2015,SAT,TX,ASW,CE,Combined TRACON& Tower with Radar,143,34,44,4,225,0,0,0,0,0,143,34,44,4,225,0,0,0,225
03/01/2015,SAT,TX,ASW,CE,Combined TRACON& Tower with Radar,194,40,62,5,301,0,0,0,0,0,194,40,62,5,301,0,0,0,301
03/02/2015,SAT,TX,ASW,CE,Combined TRACON& Tower with Radar,226,55,86,5,372,0,0,0,0,0,226,55,86,5,372,0,0,0,372
03/03/2015,SAT,TX,ASW,CE,Combined TRACON& Tower with Radar,233,79,90,0,402,0,0,0,0,0,233,79,90,0,402,0,0,0,402
03/04/2015,SAT,TX,ASW,CE,Combined TRACON& Tower with Radar,223,63,74,1,361,0,0,1,0,1,223,63,75,1,362,0,0,0,362
03/05/2015,SAT,TX,ASW,CE,Combined TRACON& Tower with Radar,228,55,98,15,396,0,9,43,6,58,228,64,141,21,454,0,0,0,454
03/06/2015,SAT,TX,ASW,CE,Combined TRACON& Tower with Radar,257,78,117,8,460,0,30,79,9,118,257,108,196,17,578,0,0,0,578
03/07/2015,SAT,TX,ASW,CE,Combined TRACON& Tower with Radar,186,55,73,13,327,0,12,45,4,61,186,67,118,17,388,0,0,0,388
03/08/2015,SAT,TX,ASW,CE,Combined TRACON& Tower with Radar,244,38,72,7,361,0,2,0,0,2,244,40,72,7,363,0,0,0,363
03/09/2015,SAT,TX,ASW,CE,Combined TRACON& Tower with Radar,249,49,86,2,386,0,1,0,4,5,249,50,86,6,391,0,0,0,391
03/10/2015,SAT,TX,ASW,CE,Combined TRACON& Tower with Radar,254,67,121,9,451,0,8,31,7,46,254,75,152,16,497,0,0,0,497
03/11/2015,SAT,TX,ASW,CE,Combined TRACON& Tower with Radar,259,77,112,9,457,0,5,29,4,38,259,82,141,13,495,0,0,0,495
03/12/2015,SAT,TX,ASW,CE,Combined TRACON& Tower with Radar,261,79,114,8,462,0,21,60,11,92,261,100,174,19,554,0,0,0,554
03/13/2015,SAT,TX,ASW,CE,Combined TRACON& Tower with Radar,256,75,125,21,477,0,21,74,8,103,256,96,199,29,580,0,0,0,580
03/14/2015,SAT,TX,ASW,CE,Combined TRACON& Tower with Radar,190,49,100,2,341,0,13,56,2,71,190,62,156,4,412,0,0,0,412
03/15/2015,SAT,TX,ASW,CE,Combined TRACON& Tower with Radar,233,37,81,10,361,0,14,48,3,65,233,51,129,13,426,0,0,0,426
03/16/2015,SAT,TX,ASW,CE,Combined TRACON& Tower with Radar,255,58,89,17,419,0,5,36,3,44,255,63,125,20,463,0,0,0,463
03/17/2015,SAT,TX,ASW,CE,Combined TRACON& Tower with Radar,245,71,97,6,419,0,5,8,5,18,245,76,105,11,437,0,0,0,437
03/18/2015,SAT,TX,ASW,CE,Combined TRACON& Tower with Radar,255,56,122,8,441,0,12,13,11,36,255,68,135,19,477,0,0,0,477
03/19/2015,SAT,TX,ASW,CE,Combined TRACON& Tower with Radar,261,71,122,5,459,0,3,18,5,26,261,74,140,10,485,0,0,0,485
03/20/2015,SAT,TX,ASW,CE,Combined TRACON& Tower with Radar,261,71,96,10,438,0,3,7,3,13,261,74,103,13,451,0,0,0,451
03/21/2015,SAT,TX,ASW,CE,Combined TRACON& Tower with Radar,195,42,43,4,284,0,0,0,0,0,195,42,43,4,284,0,0,0,284
03/22/2015,SAT,TX,ASW,CE,Combined TRACON& Tower with Radar,235,44,90,14,383,0,7,45,3,55,235,51,135,17,438,0,0,0,438
03/23/2015,SAT,TX,ASW,CE,Combined TRACON& Tower with Radar,240,65,125,16,446,0,10,77,7,94,240,75,202,23,540,0,0,0,540
03/24/2015,SAT,TX,ASW,CE,Combined TRACON& Tower with Radar,246,75,140,12,473,0,9,63,8,80,246,84,203,20,553,0,0,0,553
03/25/2015,SAT,TX,ASW,CE,Combined TRACON& Tower with Radar,253,65,123,12,453,0,19,50,5,74,253,84,173,17,527,0,0,0,527
03/26/2015,SAT,TX,ASW,CE,Combined TRACON& Tower with Radar,265,65,127,13,470,0,22,30,3,55,265,87,157,16,525,0,0,0,525
03/27/2015,SAT,TX,ASW,CE,Combined TRACON& Tower with Radar,270,79,149,38,536,0,15,129,11,155,270,94,278,49,691,0,0,0,691
03/28/2015,SAT,TX,ASW,CE,Combined TRACON& Tower with Radar,196,59,73,33,361,0,20,77,11,108,196,79,150,44,469,0,0,0,469
03/29/2015,SAT,TX,ASW,CE,Combined TRACON& Tower with Radar,248,59,115,16,438,0,24,58,5,87,248,83,173,21,525,0,0,0,525
03/30/2015,SAT,TX,ASW,CE,Combined TRACON& Tower with Radar,257,74,135,11,477,0,5,36,11,52,257,79,171,22,529,0,0,0,529
03/31/2015,SAT,TX,ASW,CE,Combined TRACON& Tower with Radar,251,68,136,7,462,0,6,31,6,43,251,74,167,13,505,0,0,0,505
04/01/2015,SAT,TX,ASW,CE,Combined TRACON& Tower with Radar,258,60,103,13,434,0,5,27,3,35,258,65,130,16,469,0,0,0,469
04/02/2015,SAT,TX,ASW,CE,Combined TRACON& Tower with Radar,270,73,138,15,496,0,14,31,6,51,270,87,169,21,547,0,0,0,547
04/03/2015,SAT,TX,ASW,CE,Combined TRACON& Tower with Radar,256,60,84,6,406,0,6,20,4,30,256,66,104,10,436,0,0,0,436
04/04/2015,SAT,TX,ASW,CE,Combined TRACON& Tower with Radar,188,29,45,0,262,0,19,13,0,32,188,48,58,0,294,0,0,0,294
04/05/2015,SAT,TX,ASW,CE,Combined TRACON& Tower with Radar,236,47,65,4,352,0,11,5,3,19,236,58,70,7,371,0,0,0,371
04/06/2015,SAT,TX,ASW,CE,Combined TRACON& Tower with Radar,260,57,118,8,443,0,5,52,6,63,260,62,170,14,506,0,0,0,506
04/07/2015,SAT,TX,ASW,CE,Combined TRACON& Tower with Radar,268,76,126,2,472,0,12,35,9,56,268,88,161,11,528,8,0,8,536
04/08/2015,SAT,TX,ASW,CE,Combined TRACON& Tower with Radar,271,75,163,8,517,0,13,29,6,48,271,88,192,14,565,0,0,0,565
04/09/2015,SAT,TX,ASW,CE,Combined TRACON& Tower with Radar,274,77,151,8,510,0,14,31,6,51,274,91,182,14,561,0,0,0,561
04/10/2015,SAT,TX,ASW,CE,Combined TRACON& Tower with Radar,277,60,128,8,473,0,9,29,6,44,277,69,157,14,517,0,0,0,517
04/11/2015,SAT,TX,ASW,CE,Combined TRACON& Tower with Radar,196,34,57,10,297,0,2,1,2,5,196,36,58,12,302,0,0,0,302
04/12/2015,SAT,TX,ASW,CE,Combined TRACON& Tower with Radar,257,60,91,11,419,0,7,6,0,13,257,67,97,11,432,0,0,0,432
04/13/2015,SAT,TX,ASW,CE,Combined TRACON& Tower with Radar,264,58,113,27,462,0,7,50,8,65,264,65,163,35,527,0,0,0,527
04/14/2015,SAT,TX,ASW,CE,Combined TRACON& Tower with Radar,265,64,138,17,484,0,9,35,7,51,265,73,173,24,535,0,0,0,535
04/15/2015,SAT,TX,ASW,CE,Combined TRACON& Tower with Radar,264,56,148,19,487,0,8,56,13,77,264,64,204,32,564,0,0,0,564
04/16/2015,SAT,TX,ASW,CE,Combined TRACON& Tower with Radar,316,83,133,7,539,0,4,9,5,18,316,87,142,12,557,0,0,0,557
04/17/2015,SAT,TX,ASW,CE,Combined TRACON& Tower with Radar,286,92,86,4,468,0,2,2,5,9,286,94,88,9,477,0,0,0,477
04/18/2015,SAT,TX,ASW,CE,Combined TRACON& Tower with Radar,206,37,47,15,305,0,11,8,0,19,206,48,55,15,324,0,0,0,324
04/19/2015,SAT,TX,ASW,CE,Combined TRACON& Tower with Radar,261,52,63,6,382,0,8,39,4,51,261,60,102,10,433,0,0,0,433
04/20/2015,SAT,TX,ASW,CE,Combined TRACON& Tower with Radar,260,43,100,5,408,0,15,52,8,75,260,58,152,13,483,0,0,0,483
04/21/2015,SAT,TX,ASW,CE,Combined TRACON& Tower with Radar,263,74,108,4,449,0,11,43,11,65,263,85,151,15,514,0,0,0,514
04/22/2015,SAT,TX,ASW,CE,Combined TRACON& Tower with Radar,268,70,132,7,477,0,7,17,5,29,268,77,149,12,506,0,0,0,506
04/23/2015,SAT,TX,ASW,CE,Combined TRACON& Tower with Radar,275,75,139,12,501,0,4,25,11,40,275,79,164,23,541,0,0,0,541
04/24/2015,SAT,TX,ASW,CE,Combined TRACON& Tower with Radar,267,58,119,3,447,0,7,13,6,26,267,65,132,9,473,0,0,0,473
04/25/2015,SAT,TX,ASW,CE,Combined TRACON& Tower with Radar,198,36,61,6,301,0,12,58,6,76,198,48,119,12,377,0,0,0,377
04/26/2015,SAT,TX,ASW,CE,Combined TRACON& Tower with Radar,248,51,83,19,401,0,4,40,5,49,248,55,123,24,450,0,0,0,450
04/27/2015,SAT,TX,ASW,CE,Combined TRACON& Tower with Radar,264,48,107,21,440,0,14,54,7,75,264,62,161,28,515,0,0,0,515
04/28/2015,SAT,TX,ASW,CE,Combined TRACON& Tower with Radar,265,53,128,15,461,0,17,44,11,72,265,70,172,26,533,0,0,0,533
04/29/2015,SAT,TX,ASW,CE,Combined TRACON& Tower with Radar,272,50,109,6,437,0,16,81,7,104,272,66,190,13,541,0,0,0,541
04/30/2015,SAT,TX,ASW,CE,Combined TRACON& Tower with Radar,272,80,138,12,502,0,19,93,14,126,272,99,231,26,628,0,0,0,628
05/01/2015,SAT,TX,ASW,CE,Combined TRACON& Tower with Radar,273,62,131,12,478,0,23,96,8,127,273,85,227,20,605,0,0,0,605
05/02/2015,SAT,TX,ASW,CE,Combined TRACON& Tower with Radar,187,38,61,14,300,0,24,67,14,105,187,62,128,28,405,0,0,0,405
05/03/2015,SAT,TX,ASW,CE,Combined TRACON& Tower with Radar,248,46,86,8,388,0,4,48,8,60,248,50,134,16,448,0,0,0,448
05/04/2015,SAT,TX,ASW,CE,Combined TRACON& Tower with Radar,258,60,105,12,435,0,9,41,6,56,258,69,146,18,491,0,0,0,491
05/05/2015,SAT,TX,ASW,CE,Combined TRACON& Tower with Radar,275,65,97,17,454,0,10,24,3,37,275,75,121,20,491,0,0,0,491
05/06/2015,SAT,TX,ASW,CE,Combined TRACON& Tower with Radar,267,59,113,20,459,0,4,33,13,50,267,63,146,33,509,0,0,0,509
05/07/2015,SAT,TX,ASW,CE,Combined TRACON& Tower with Radar,274,58,141,6,479,0,4,16,6,26,274,62,157,12,505,0,0,0,505
05/08/2015,SAT,TX,ASW,CE,Combined TRACON& Tower with Radar,273,71,129,16,489,0,5,16,5,26,273,76,145,21,515,0,0,0,515
05/09/2015,SAT,TX,ASW,CE,Combined TRACON& Tower with Radar,191,45,66,32,334,0,7,28,8,43,191,52,94,40,377,0,0,0,377
05/10/2015,SAT,TX,ASW,CE,Combined TRACON& Tower with Radar,235,38,57,25,355,0,7,11,5,23,235,45,68,30,378,0,0,0,378
05/11/2015,SAT,TX,ASW,CE,Combined TRACON& Tower with Radar,270,45,92,7,414,0,2,8,2,12,270,47,100,9,426,0,0,0,426
05/12/2015,SAT,TX,ASW,CE,Combined TRACON& Tower with Radar,274,59,91,10,434,0,5,6,4,15,274,64,97,14,449,0,0,0,449
05/13/2015,SAT,TX,ASW,CE,Combined TRACON& Tower with Radar,275,60,84,2,421,0,0,5,2,7,275,60,89,4,428,0,0,0,428
05/14/2015,SAT,TX,ASW,CE,Combined TRACON& Tower with Radar,276,61,114,8,459,0,2,21,2,25,276,63,135,10,484,0,0,0,484
05/15/2015,SAT,TX,ASW,CE,Combined TRACON& Tower with Radar,269,56,74,3,402,0,7,33,4,44,269,63,107,7,446,0,0,0,446
05/16/2015,SAT,TX,ASW,CE,Combined TRACON& Tower with Radar,195,26,60,10,291,0,10,12,0,22,195,36,72,10,313,0,0,0,313
05/17/2015,SAT,TX,ASW,CE,Combined TRACON& Tower with Radar,254,40,77,9,380,0,10,11,0,21,254,50,88,9,401,0,0,0,401
05/18/2015,SAT,TX,ASW,CE,Combined TRACON& Tower with Radar,260,57,90,12,419,0,9,23,7,39,260,66,113,19,458,0,0,0,458
05/19/2015,SAT,TX,ASW,CE,Combined TRACON& Tower with Radar,274,62,106,12,454,0,13,24,4,41,274,75,130,16,495,0,0,0,495
05/20/2015,SAT,TX,ASW,CE,Combined TRACON& Tower with Radar,263,66,112,12,453,0,12,44,7,63,263,78,156,19,516,0,0,0,516
05/21/2015,SAT,TX,ASW,CE,Combined TRACON& Tower with Radar,294,69,131,15,509,0,12,18,9,39,294,81,149,24,548,0,0,0,548
05/22/2015,SAT,TX,ASW,CE,Combined TRACON& Tower with Radar,277,52,126,6,461,0,10,17,6,33,277,62,143,12,494,0,0,0,494
05/23/2015,SAT,TX,ASW,CE,Combined TRACON& Tower with Radar,189,31,40,2,262,0,5,3,0,8,189,36,43,2,270,0,0,0,270
05/24/2015,SAT,TX,ASW,CE,Combined TRACON& Tower with Radar,209,30,41,2,282,0,8,36,5,49,209,38,77,7,331,0,0,0,331
05/25/2015,SAT,TX,ASW,CE,Combined TRACON& Tower with Radar,256,30,72,4,362,0,3,4,1,8,256,33,76,5,370,0,0,0,370
05/26/2015,SAT,TX,ASW,CE,Combined TRACON& Tower with Radar,269,49,136,12,466,0,13,46,6,65,269,62,182,18,531,0,0,0,531
05/27/2015,SAT,TX,ASW,CE,Combined TRACON& Tower with Radar,279,64,128,8,479,0,16,34,4,54,279,80,162,12,533,0,0,0,533
05/28/2015,SAT,TX,ASW,CE,Combined TRACON& Tower with Radar,267,52,101,11,431,0,8,19,6,33,267,60,120,17,464,0,0,0,464
05/29/2015,SAT,TX,ASW,CE,Combined TRACON& Tower with Radar,268,62,108,11,449,0,7,61,8,76,268,69,169,19,525,0,0,0,525
05/30/2015,SAT,TX,ASW,CE,Combined TRACON& Tower with Radar,194,22,35,19,270,0,4,21,1,26,194,26,56,20,296,0,0,0,296
05/31/2015,SAT,TX,ASW,CE,Combined TRACON& Tower with Radar,250,32,79,5,366,0,14,50,2,66,250,46,129,7,432,0,0,0,432
06/01/2015,SAT,TX,ASW,CE,Combined TRACON& Tower with Radar,252,41,89,10,392,0,13,52,5,70,252,54,141,15,462,0,0,0,462
06/02/2015,SAT,TX,ASW,CE,Combined TRACON& Tower with Radar,265,62,131,7,465,0,11,67,11,89,265,73,198,18,554,0,0,0,554
06/03/2015,SAT,TX,ASW,CE,Combined TRACON& Tower with Radar,264,62,126,7,459,0,13,57,6,76,264,75,183,13,535,0,0,0,535
06/04/2015,SAT,TX,ASW,CE,Combined TRACON& Tower with Radar,266,70,89,7,432,0,13,68,2,83,266,83,157,9,515,0,0,0,515
06/05/2015,SAT,TX,ASW,CE,Combined TRACON& Tower with Radar,267,62,103,13,445,0,11,69,13,93,267,73,172,26,538,0,0,0,538
06/06/2015,SAT,TX,ASW,CE,Combined TRACON& Tower with Radar,210,24,54,3,291,0,16,49,4,69,210,40,103,7,360,0,0,0,360
06/07/2015,SAT,TX,ASW,CE,Combined TRACON& Tower with Radar,257,35,65,11,368,0,9,60,6,75,257,44,125,17,443,0,0,0,443
06/08/2015,SAT,TX,ASW,CE,Combined TRACON& Tower with Radar,252,50,80,20,402,0,17,44,4,65,252,67,124,24,467,0,0,0,467
06/09/2015,SAT,TX,ASW,CE,Combined TRACON& Tower with Radar,269,66,85,16,436,0,22,62,8,92,269,88,147,24,528,0,0,0,528
06/10/2015,SAT,TX,ASW,CE,Combined TRACON& Tower with Radar,264,55,136,11,466,0,20,74,13,107,264,75,210,24,573,0,0,0,573
06/11/2015,SAT,TX,ASW,CE,Combined TRACON& Tower with Radar,274,74,106,4,458,0,22,43,5,70,274,96,149,9,528,0,0,0,528
06/12/2015,SAT,TX,ASW,CE,Combined TRACON& Tower with Radar,277,62,113,20,472,0,12,42,7,61,277,74,155,27,533,0,0,0,533
06/13/2015,SAT,TX,ASW,CE,Combined TRACON& Tower with Radar,228,29,49,31,337,0,5,26,5,36,228,34,75,36,373,0,0,0,373
06/14/2015,SAT,TX,ASW,CE,Combined TRACON& Tower with Radar,257,37,63,28,385,0,0,12,1,13,257,37,75,29,398,0,0,0,398
06/15/2015,SAT,TX,ASW,CE,Combined TRACON& Tower with Radar,247,71,86,9,413,0,7,29,19,55,247,78,115,28,468,0,0,0,468
06/16/2015,SAT,TX,ASW,CE,Combined TRACON& Tower with Radar,259,60,81,0,400,0,6,7,4,17,259,66,88,4,417,0,0,0,417
06/17/2015,SAT,TX,ASW,CE,Combined TRACON& Tower with Radar,285,58,78,8,429,0,13,20,0,33,285,71,98,8,462,0,0,0,462
06/18/2015,SAT,TX,ASW,CE,Combined TRACON& Tower with Radar,278,74,150,16,518,0,14,28,5,47,278,88,178,21,565,0,0,0,565
06/19/2015,SAT,TX,ASW,CE,Combined TRACON& Tower with Radar,266,61,119,7,453,0,11,24,7,42,266,72,143,14,495,0,0,0,495
06/20/2015,SAT,TX,ASW,CE,Combined TRACON& Tower with Radar,227,22,48,18,315,0,2,1,0,3,227,24,49,18,318,0,0,0,318
06/21/2015,SAT,TX,ASW,CE,Combined TRACON& Tower with Radar,245,36,53,4,338,0,3,7,1,11,245,39,60,5,349,0,0,0,349
06/22/2015,SAT,TX,ASW,CE,Combined TRACON& Tower with Radar,260,56,98,11,425,0,6,13,5,24,260,62,111,16,449,0,0,0,449
06/23/2015,SAT,TX,ASW,CE,Combined TRACON& Tower with Radar,272,55,112,2,441,0,17,35,9,61,272,72,147,11,502,0,0,0,502
06/24/2015,SAT,TX,ASW,CE,Combined TRACON& Tower with Radar,263,53,125,13,454,0,15,59,7,81,263,68,184,20,535,0,0,0,535
06/25/2015,SAT,TX,ASW,CE,Combined TRACON& Tower with Radar,276,61,121,10,468,0,19,67,11,97,276,80,188,21,565,0,0,0,565
06/26/2015,SAT,TX,ASW,CE,Combined TRACON& Tower with Radar,279,51,108,7,445,0,12,55,10,77,279,63,163,17,522,0,0,0,522
06/27/2015,SAT,TX,ASW,CE,Combined TRACON& Tower with Radar,238,32,77,5,352,0,7,26,1,34,238,39,103,6,386,0,0,0,386
06/28/2015,SAT,TX,ASW,CE,Combined TRACON& Tower with Radar,245,41,68,5,359,0,12,46,3,61,245,53,114,8,420,0,0,0,420
06/29/2015,SAT,TX,ASW,CE,Combined TRACON& Tower with Radar,258,53,85,21,417,0,22,50,11,83,258,75,135,32,500,0,0,0,500
06/30/2015,SAT,TX,ASW,CE,Combined TRACON& Tower with Radar,279,60,96,3,438,0,9,31,5,45,279,69,127,8,483,0,0,0,483
07/01/2015,SAT,TX,ASW,CE,Combined TRACON& Tower with Radar,285,49,108,4,446,0,11,38,3,52,285,60,146,7,498,0,0,0,498
07/02/2015,SAT,TX,ASW,CE,Combined TRACON& Tower with Radar,285,65,105,4,459,0,18,56,5,79,285,83,161,9,538,0,0,0,538
07/03/2015,SAT,TX,ASW,CE,Combined TRACON& Tower with Radar,246,55,64,1,366,0,13,31,0,44,246,68,95,1,410,0,0,0,410
07/04/2015,SAT,TX,ASW,CE,Combined TRACON& Tower with Radar,187,14,28,0,229,0,9,21,1,31,187,23,49,1,260,0,0,0,260
07/05/2015,SAT,TX,ASW,CE,Combined TRACON& Tower with Radar,253,51,70,2,376,0,4,32,2,38,253,55,102,4,414,0,0,0,414
07/06/2015,SAT,TX,ASW,CE,Combined TRACON& Tower with Radar,254,61,72,10,397,0,15,46,4,65,254,76,118,14,462,0,0,0,462
07/07/2015,SAT,TX,ASW,CE,Combined TRACON& Tower with Radar,269,47,106,3,425,0,12,48,6,66,269,59,154,9,491,0,0,0,491
07/08/2015,SAT,TX,ASW,CE,Combined TRACON& Tower with Radar,254,67,97,2,420,0,22,37,9,68,254,89,134,11,488,0,0,0,488
07/09/2015,SAT,TX,ASW,CE,Combined TRACON& Tower with Radar,274,62,87,4,427,0,19,54,16,89,274,81,141,20,516,0,0,0,516
07/10/2015,SAT,TX,ASW,CE,Combined TRACON& Tower with Radar,272,52,94,8,426,0,15,48,11,74,272,67,142,19,500,0,0,0,500
07/11/2015,SAT,TX,ASW,CE,Combined TRACON& Tower with Radar,224,36,51,5,316,0,14,47,4,65,224,50,98,9,381,0,0,0,381
07/12/2015,SAT,TX,ASW,CE,Combined TRACON& Tower with Radar,263,43,65,9,380,0,8,54,2,64,263,51,119,11,444,0,0,0,444
07/13/2015,SAT,TX,ASW,CE,Combined TRACON& Tower with Radar,254,62,77,12,405,0,11,51,4,66,254,73,128,16,471,0,0,0,471
07/14/2015,SAT,TX,ASW,CE,Combined TRACON& Tower with Radar,274,50,104,14,442,0,7,56,12,75,274,57,160,26,517,0,0,0,517
07/15/2015,SAT,TX,ASW,CE,Combined TRACON& Tower with Radar,266,65,131,11,473,0,14,63,9,86,266,79,194,20,559,0,0,0,559
07/16/2015,SAT,TX,ASW,CE,Combined TRACON& Tower with Radar,271,59,112,17,459,0,29,53,6,88,271,88,165,23,547,0,0,0,547
07/17/2015,SAT,TX,ASW,CE,Combined TRACON& Tower with Radar,288,53,109,10,460,0,17,64,7,88,288,70,173,17,548,0,0,0,548
07/18/2015,SAT,TX,ASW,CE,Combined TRACON& Tower with Radar,223,35,66,3,327,0,8,47,2,57,223,43,113,5,384,0,0,0,384
07/19/2015,SAT,TX,ASW,CE,Combined TRACON& Tower with Radar,252,34,74,14,374,0,13,42,6,61,252,47,116,20,435,0,0,0,435
07/20/2015,SAT,TX,ASW,CE,Combined TRACON& Tower with Radar,266,45,90,12,413,0,14,61,12,87,266,59,151,24,500,0,0,0,500
07/21/2015,SAT,TX,ASW,CE,Combined TRACON& Tower with Radar,274,46,96,9,425,0,11,55,11,77,274,57,151,20,502,0,0,0,502
07/22/2015,SAT,TX,ASW,CE,Combined TRACON& Tower with Radar,264,52,98,10,424,0,19,49,9,77,264,71,147,19,501,0,0,0,501
07/23/2015,SAT,TX,ASW,CE,Combined TRACON& Tower with Radar,284,79,112,8,483,0,20,62,8,90,284,99,174,16,573,0,0,0,573
07/24/2015,SAT,TX,ASW,CE,Combined TRACON& Tower with Radar,271,50,94,7,422,0,18,54,12,84,271,68,148,19,506,0,0,0,506
07/25/2015,SAT,TX,ASW,CE,Combined TRACON& Tower with Radar,229,34,64,3,330,0,12,42,0,54,229,46,106,3,384,0,0,0,384
07/26/2015,SAT,TX,ASW,CE,Combined TRACON& Tower with Radar,250,40,85,10,385,0,20,70,2,92,250,60,155,12,477,0,0,0,477
07/27/2015,SAT,TX,ASW,CE,Combined TRACON& Tower with Radar,263,31,89,14,397,0,8,44,6,58,263,39,133,20,455,0,0,0,455
07/28/2015,SAT,TX,ASW,CE,Combined TRACON& Tower with Radar,273,62,125,10,470,0,18,56,8,82,273,80,181,18,552,0,0,0,552
07/29/2015,SAT,TX,ASW,CE,Combined TRACON& Tower with Radar,263,61,114,12,450,0,14,51,9,74,263,75,165,21,524,0,0,0,524
07/30/2015,SAT,TX,ASW,CE,Combined TRACON& Tower with Radar,281,61,107,6,455,0,12,64,15,91,281,73,171,21,546,0,0,0,546
07/31/2015,SAT,TX,ASW,CE,Combined TRACON& Tower with Radar,281,61,101,3,446,0,16,49,9,74,281,77,150,12,520,0,0,0,520
08/01/2015,SAT,TX,ASW,CE,Combined TRACON& Tower with Radar,232,41,55,11,339,0,12,44,2,58,232,53,99,13,397,0,0,0,397
08/02/2015,SAT,TX,ASW,CE,Combined TRACON& Tower with Radar,251,47,86,13,397,0,10,57,3,70,251,57,143,16,467,0,0,0,467
08/03/2015,SAT,TX,ASW,CE,Combined TRACON& Tower with Radar,260,34,65,15,374,0,22,60,11,93,260,56,125,26,467,0,0,0,467
08/04/2015,SAT,TX,ASW,CE,Combined TRACON& Tower with Radar,275,50,81,12,418,0,14,52,8,74,275,64,133,20,492,0,0,0,492
08/05/2015,SAT,TX,ASW,CE,Combined TRACON& Tower with Radar,271,69,77,17,434,0,12,44,7,63,271,81,121,24,497,0,0,0,497
08/06/2015,SAT,TX,ASW,CE,Combined TRACON& Tower with Radar,275,59,119,3,456,0,18,61,9,88,275,77,180,12,544,0,0,0,544
08/07/2015,SAT,TX,ASW,CE,Combined TRACON& Tower with Radar,267,58,109,6,440,0,12,60,5,77,267,70,169,11,517,0,0,0,517
08/08/2015,SAT,TX,ASW,CE,Combined TRACON& Tower with Radar,228,41,51,9,329,0,3,33,2,38,228,44,84,11,367,0,0,0,367
08/09/2015,SAT,TX,ASW,CE,Combined TRACON& Tower with Radar,241,35,81,12,369,0,20,63,1,84,241,55,144,13,453,0,0,0,453
08/10/2015,SAT,TX,ASW,CE,Combined TRACON& Tower with Radar,248,36,69,31,384,0,12,61,18,91,248,48,130,49,475,0,0,0,475
08/11/2015,SAT,TX,ASW,CE,Combined TRACON& Tower with Radar,279,49,94,8,430,0,22,49,6,77,279,71,143,14,507,0,0,0,507
08/12/2015,SAT,TX,ASW,CE,Combined TRACON& Tower with Radar,257,46,102,5,410,0,4,55,7,66,257,50,157,12,476,0,0,0,476
08/13/2015,SAT,TX,ASW,CE,Combined TRACON& Tower with Radar,271,66,101,3,441,0,24,67,4,95,271,90,168,7,536,0,0,0,536
08/14/2015,SAT,TX,ASW,CE,Combined TRACON& Tower with Radar,259,55,93,15,422,0,11,84,15,110,259,66,177,30,532,0,0,0,532
08/15/2015,SAT,TX,ASW,CE,Combined TRACON& Tower with Radar,207,37,48,11,303,0,16,44,0,60,207,53,92,11,363,0,0,0,363
08/16/2015,SAT,TX,ASW,CE,Combined TRACON& Tower with Radar,240,34,67,21,362,0,17,46,11,74,240,51,113,32,436,0,0,0,436
08/17/2015,SAT,TX,ASW,CE,Combined TRACON& Tower with Radar,245,50,80,13,388,0,11,56,7,74,245,61,136,20,462,0,0,0,462
08/18/2015,SAT,TX,ASW,CE,Combined TRACON& Tower with Radar,252,61,87,9,409,0,16,39,15,70,252,77,126,24,479,0,0,0,479
08/19/2015,SAT,TX,ASW,CE,Combined TRACON& Tower with Radar,268,73,117,6,464,0,14,43,5,62,268,87,160,11,526,0,0,0,526
08/20/2015,SAT,TX,ASW,CE,Combined TRACON& Tower with Radar,275,53,131,7,466,0,10,15,5,30,275,63,146,12,496,0,0,0,496
08/21/2015,SAT,TX,ASW,CE,Combined TRACON& Tower with Radar,270,62,96,11,439,0,16,28,4,48,270,78,124,15,487,0,0,0,487
08/22/2015,SAT,TX,ASW,CE,Combined TRACON& Tower with Radar,182,19,49,6,256,0,6,34,4,44,182,25,83,10,300,0,0,0,300
08/23/2015,SAT,TX,ASW,CE,Combined TRACON& Tower with Radar,234,40,81,15,370,0,18,55,5,78,234,58,136,20,448,0,0,0,448
08/24/2015,SAT,TX,ASW,CE,Combined TRACON& Tower with Radar,250,38,94,30,412,0,16,48,7,71,250,54,142,37,483,0,0,0,483
08/25/2015,SAT,TX,ASW,CE,Combined TRACON& Tower with Radar,270,59,85,13,427,0,22,40,4,66,270,81,125,17,493,0,0,0,493
08/26/2015,SAT,TX,ASW,CE,Combined TRACON& Tower with Radar,252,48,103,7,410,0,22,40,6,68,252,70,143,13,478,0,0,0,478
08/27/2015,SAT,TX,ASW,CE,Combined TRACON& Tower with Radar,271,46,93,16,426,0,13,54,9,76,271,59,147,25,502,0,0,0,502
08/28/2015,SAT,TX,ASW,CE,Combined TRACON& Tower with Radar,259,56,97,8,420,0,15,60,14,89,259,71,157,22,509,0,0,0,509
08/29/2015,SAT,TX,ASW,CE,Combined TRACON& Tower with Radar,182,31,53,10,276,0,11,46,0,57,182,42,99,10,333,0,0,0,333
08/30/2015,SAT,TX,ASW,CE,Combined TRACON& Tower with Radar,224,28,65,17,334,0,5,48,5,58,224,33,113,22,392,0,0,0,392
08/31/2015,SAT,TX,ASW,CE,Combined TRACON& Tower with Radar,250,44,81,8,383,0,13,39,9,61,250,57,120,17,444,0,0,0,444
09/01/2015,SAT,TX,ASW,CE,Combined TRACON& Tower with Radar,245,52,96,11,404,0,15,26,4,45,245,67,122,15,449,0,0,0,449
09/02/2015,SAT,TX,ASW,CE,Combined TRACON& Tower with Radar,250,62,84,11,407,0,23,33,6,62,250,85,117,17,469,0,0,0,469
09/03/2015,SAT,TX,ASW,CE,Combined TRACON& Tower with Radar,266,73,109,11,459,0,14,53,4,71,266,87,162,15,530,0,0,0,530
09/04/2015,SAT,TX,ASW,CE,Combined TRACON& Tower with Radar,257,53,110,6,426,0,9,50,1,60,257,62,160,7,486,0,0,0,486
09/05/2015,SAT,TX,ASW,CE,Combined TRACON& Tower with Radar,169,28,41,0,238,0,16,27,0,43,169,44,68,0,281,0,0,0,281
09/06/2015,SAT,TX,ASW,CE,Combined TRACON& Tower with Radar,186,29,36,0,251,0,10,17,1,28,186,39,53,1,279,0,0,0,279
09/07/2015,SAT,TX,ASW,CE,Combined TRACON& Tower with Radar,218,38,71,6,333,0,9,59,3,71,218,47,130,9,404,0,0,0,404
09/08/2015,SAT,TX,ASW,CE,Combined TRACON& Tower with Radar,237,40,116,4,397,0,18,46,3,67,237,58,162,7,464,0,0,0,464
09/09/2015,SAT,TX,ASW,CE,Combined TRACON& Tower with Radar,242,51,105,0,398,0,13,51,8,72,242,64,156,8,470,0,0,0,470
09/10/2015,SAT,TX,ASW,CE,Combined TRACON& Tower with Radar,254,56,106,4,420,0,3,36,8,47,254,59,142,12,467,0,0,0,467
09/11/2015,SAT,TX,ASW,CE,Combined TRACON& Tower with Radar,249,58,98,10,415,0,6,36,4,46,249,64,134,14,461,0,0,0,461
09/12/2015,SAT,TX,ASW,CE,Combined TRACON& Tower with Radar,176,31,73,3,283,0,12,57,0,69,176,43,130,3,352,0,0,0,352
09/13/2015,SAT,TX,ASW,CE,Combined TRACON& Tower with Radar,228,40,72,9,349,0,13,54,2,69,228,53,126,11,418,10,0,10,428
09/14/2015,SAT,TX,ASW,CE,Combined TRACON& Tower with Radar,244,40,75,7,366,0,12,64,9,85,244,52,139,16,451,0,0,0,451
09/15/2015,SAT,TX,ASW,CE,Combined TRACON& Tower with Radar,240,61,93,8,402,0,12,33,7,52,240,73,126,15,454,0,0,0,454
09/16/2015,SAT,TX,ASW,CE,Combined TRACON& Tower with Radar,247,68,131,6,452,0,14,29,5,48,247,82,160,11,500,0,0,0,500
09/17/2015,SAT,TX,ASW,CE,Combined TRACON& Tower with Radar,268,63,107,15,453,0,8,61,12,81,268,71,168,27,534,0,0,0,534
09/18/2015,SAT,TX,ASW,CE,Combined TRACON& Tower with Radar,263,54,117,24,458,0,13,53,6,72,263,67,170,30,530,0,0,0,530
09/19/2015,SAT,TX,ASW,CE,Combined TRACON& Tower with Radar,181,31,59,16,287,0,11,24,8,43,181,42,83,24,330,0,0,0,330
09/20/2015,SAT,TX,ASW,CE,Combined TRACON& Tower with Radar,233,52,94,9,388,0,7,35,5,47,233,59,129,14,435,0,0,0,435
09/21/2015,SAT,TX,ASW,CE,Combined TRACON& Tower with Radar,250,35,98,6,389,0,14,45,8,67,250,49,143,14,456,0,0,0,456
09/22/2015,SAT,TX,ASW,CE,Combined TRACON& Tower with Radar,242,54,111,13,420,0,23,64,6,93,242,77,175,19,513,0,0,0,513
09/23/2015,SAT,TX,ASW,CE,Combined TRACON& Tower with Radar,244,56,120,13,433,0,10,70,6,86,244,66,190,19,519,0,0,0,519
09/24/2015,SAT,TX,ASW,CE,Combined TRACON& Tower with Radar,261,62,112,12,447,0,20,74,8,102,261,82,186,20,549,0,0,0,549
09/25/2015,SAT,TX,ASW,CE,Combined TRACON& Tower with Radar,278,50,123,11,462,0,13,68,6,87,278,63,191,17,549,0,0,0,549
09/26/2015,SAT,TX,ASW,CE,Combined TRACON& Tower with Radar,192,30,52,7,281,0,6,38,6,50,192,36,90,13,331,0,0,0,331
09/27/2015,SAT,TX,ASW,CE,Combined TRACON& Tower with Radar,239,47,87,7,380,0,10,50,7,67,239,57,137,14,447,0,0,0,447
09/28/2015,SAT,TX,ASW,CE,Combined TRACON& Tower with Radar,248,44,75,17,384,0,8,39,10,57,248,52,114,27,441,0,0,0,441
09/29/2015,SAT,TX,ASW,CE,Combined TRACON& Tower with Radar,239,52,93,7,391,0,25,40,9,74,239,77,133,16,465,0,0,0,465
09/30/2015,SAT,TX,ASW,CE,Combined TRACON& Tower with Radar,263,60,101,6,430,0,5,57,3,65,263,65,158,9,495,0,0,0,495
10/01/2015,SAT,TX,ASW,CE,Combined TRACON& Tower with Radar,268,47,118,8,441,0,19,55,6,80,268,66,173,14,521,0,0,0,521
10/02/2015,SAT,TX,ASW,CE,Combined TRACON& Tower with Radar,254,45,98,13,410,0,10,68,7,85,254,55,166,20,495,0,0,0,495
10/03/2015,SAT,TX,ASW,CE,Combined TRACON& Tower with Radar,183,29,54,5,271,0,19,46,2,67,183,48,100,7,338,0,0,0,338
10/04/2015,SAT,TX,ASW,CE,Combined TRACON& Tower with Radar,240,37,82,11,370,0,17,42,7,66,240,54,124,18,436,0,0,0,436
10/05/2015,SAT,TX,ASW,CE,Combined TRACON& Tower with Radar,246,44,99,7,396,0,11,42,10,63,246,55,141,17,459,0,0,0,459
10/06/2015,SAT,TX,ASW,CE,Combined TRACON& Tower with Radar,248,52,89,4,393,0,11,44,4,59,248,63,133,8,452,0,0,0,452
10/07/2015,SAT,TX,ASW,CE,Combined TRACON& Tower with Radar,253,57,115,2,427,0,18,80,7,105,253,75,195,9,532,0,0,0,532
10/08/2015,SAT,TX,ASW,CE,Combined TRACON& Tower with Radar,269,63,123,9,464,0,14,36,3,53,269,77,159,12,517,0,0,0,517
10/09/2015,SAT,TX,ASW,CE,Combined TRACON& Tower with Radar,263,65,120,5,453,0,8,50,6,64,263,73,170,11,517,0,0,0,517
10/10/2015,SAT,TX,ASW,CE,Combined TRACON& Tower with Radar,188,25,72,1,286,0,8,31,1,40,188,33,103,2,326,0,0,0,326
10/11/2015,SAT,TX,ASW,CE,Combined TRACON& Tower with Radar,232,41,85,1,359,0,12,50,1,63,232,53,135,2,422,0,0,0,422
10/12/2015,SAT,TX,ASW,CE,Combined TRACON& Tower with Radar,246,39,110,3,398,0,10,49,4,63,246,49,159,7,461,0,0,0,461
10/13/2015,SAT,TX,ASW,CE,Combined TRACON& Tower with Radar,250,56,103,13,422,0,9,35,5,49,250,65,138,18,471,0,0,0,471
10/14/2015,SAT,TX,ASW,CE,Combined TRACON& Tower with Radar,252,64,119,9,444,0,12,41,8,61,252,76,160,17,505,0,0,0,505
10/15/2015,SAT,TX,ASW,CE,Combined TRACON& Tower with Radar,263,59,127,4,453,0,16,40,10,66,263,75,167,14,519,0,0,0,519
10/16/2015,SAT,TX,ASW,CE,Combined TRACON& Tower with Radar,258,62,123,7,450,0,15,82,10,107,258,77,205,17,557,0,0,0,557
10/17/2015,SAT,TX,ASW,CE,Combined TRACON& Tower with Radar,187,19,62,0,268,0,17,59,2,78,187,36,121,2,346,0,0,0,346
10/18/2015,SAT,TX,ASW,CE,Combined TRACON& Tower with Radar,237,33,102,3,375,0,17,56,2,75,237,50,158,5,450,0,0,0,450
10/19/2015,SAT,TX,ASW,CE,Combined TRACON& Tower with Radar,249,31,116,15,411,0,11,42,4,57,249,42,158,19,468,0,0,0,468
10/20/2015,SAT,TX,ASW,CE,Combined TRACON& Tower with Radar,245,67,116,20,448,0,19,58,6,83,245,86,174,26,531,0,0,0,531
10/21/2015,SAT,TX,ASW,CE,Combined TRACON& Tower with Radar,254,43,136,19,452,0,13,20,9,42,254,56,156,28,494,0,0,0,494
10/22/2015,SAT,TX,ASW,CE,Combined TRACON& Tower with Radar,275,53,119,2,449,0,3,5,3,11,275,56,124,5,460,0,0,0,460
10/23/2015,SAT,TX,ASW,CE,Combined TRACON& Tower with Radar,263,76,103,0,442,0,8,22,2,32,263,84,125,2,474,0,0,0,474
10/24/2015,SAT,TX,ASW,CE,Combined TRACON& Tower with Radar,195,20,22,0,237,0,2,1,3,6,195,22,23,3,243,0,0,0,243
10/25/2015,SAT,TX,ASW,CE,Combined TRACON& Tower with Radar,236,48,94,0,378,0,10,20,1,31,236,58,114,1,409,0,0,0,409
10/26/2015,SAT,TX,ASW,CE,Combined TRACON& Tower with Radar,258,47,117,8,430,0,21,53,4,78,258,68,170,12,508,0,0,0,508
10/27/2015,SAT,TX,ASW,CE,Combined TRACON& Tower with Radar,250,67,125,5,447,0,25,79,12,116,250,92,204,17,563,0,0,0,563
10/28/2015,SAT,TX,ASW,CE,Combined TRACON& Tower with Radar,257,59,113,6,435,0,13,59,10,82,257,72,172,16,517,0,0,0,517
10/29/2015,SAT,TX,ASW,CE,Combined TRACON& Tower with Radar,268,66,142,8,484,0,14,69,11,94,268,80,211,19,578,0,0,0,578
10/30/2015,SAT,TX,ASW,CE,Combined TRACON& Tower with Radar,283,70,103,2,458,0,6,4,2,12,283,76,107,4,470,0,0,0,470
10/31/2015,SAT,TX,ASW,CE,Combined TRACON& Tower with Radar,197,39,70,4,310,1,5,35,1,42,198,44,105,5,352,0,0,0,352
11/01/2015,SAT,TX,ASW,CE,Combined TRACON& Tower with Radar,233,49,76,9,367,0,15,51,4,70,233,64,127,13,437,7,0,7,444
11/02/2015,SAT,TX,ASW,CE,Combined TRACON& Tower with Radar,262,50,116,22,450,0,11,54,6,71,262,61,170,28,521,0,0,0,521
11/03/2015,SAT,TX,ASW,CE,Combined TRACON& Tower with Radar,252,68,106,8,434,0,16,39,6,61,252,84,145,14,495,0,0,0,495
11/04/2015,SAT,TX,ASW,CE,Combined TRACON& Tower with Radar,253,101,135,9,498,0,2,24,0,26,253,103,159,9,524,0,0,0,524
11/05/2015,SAT,TX,ASW,CE,Combined TRACON& Tower with Radar,277,71,133,10,491,0,11,14,4,29,277,82,147,14,520,0,0,0,520
11/06/2015,SAT,TX,ASW,CE,Combined TRACON& Tower with Radar,279,61,117,3,460,0,2,13,8,23,279,63,130,11,483,0,0,0,483
11/07/2015,SAT,TX,ASW,CE,Combined TRACON& Tower with Radar,183,38,62,7,290,0,2,2,0,4,183,40,64,7,294,0,0,0,294
11/08/2015,SAT,TX,ASW,CE,Combined TRACON& Tower with Radar,243,35,89,9,376,0,5,48,3,56,243,40,137,12,432,0,0,0,432
11/09/2015,SAT,TX,ASW,CE,Combined TRACON& Tower with Radar,247,46,96,9,398,0,8,46,13,67,247,54,142,22,465,0,0,0,465
11/10/2015,SAT,TX,ASW,CE,Combined TRACON& Tower with Radar,240,58,109,4,411,0,3,32,3,38,240,61,141,7,449,0,0,0,449
11/11/2015,SAT,TX,ASW,CE,Combined TRACON& Tower with Radar,250,67,114,4,435,0,8,35,6,49,250,75,149,10,484,0,0,0,484
11/12/2015,SAT,TX,ASW,CE,Combined TRACON& Tower with Radar,266,76,136,10,488,0,10,56,1,67,266,86,192,11,555,0,0,0,555
11/13/2015,SAT,TX,ASW,CE,Combined TRACON& Tower with Radar,256,76,135,3,470,0,11,49,7,67,256,87,184,10,537,0,0,0,537
11/14/2015,SAT,TX,ASW,CE,Combined TRACON& Tower with Radar,188,33,89,6,316,0,11,27,2,40,188,44,116,8,356,0,0,0,356
11/15/2015,SAT,TX,ASW,CE,Combined TRACON& Tower with Radar,236,35,94,6,371,0,5,16,2,23,236,40,110,8,394,0,0,0,394
11/16/2015,SAT,TX,ASW,CE,Combined TRACON& Tower with Radar,246,73,135,14,468,0,1,1,1,3,246,74,136,15,471,0,0,0,471
11/17/2015,SAT,TX,ASW,CE,Combined TRACON& Tower with Radar,282,71,106,22,481,0,5,33,1,39,282,76,139,23,520,0,0,0,520
11/18/2015,SAT,TX,ASW,CE,Combined TRACON& Tower with Radar,255,57,104,9,425,0,7,65,2,74,255,64,169,11,499,0,0,0,499
11/19/2015,SAT,TX,ASW,CE,Combined TRACON& Tower with Radar,269,50,133,5,457,0,11,73,0,84,269,61,206,5,541,0,0,0,541
11/20/2015,SAT,TX,ASW,CE,Combined TRACON& Tower with Radar,259,54,102,24,439,0,7,69,2,78,259,61,171,26,517,0,0,0,517
11/21/2015,SAT,TX,ASW,CE,Combined TRACON& Tower with Radar,191,35,56,4,286,0,3,14,8,25,191,38,70,12,311,0,0,0,311
11/22/2015,SAT,TX,ASW,CE,Combined TRACON& Tower with Radar,220,20,67,8,315,0,4,61,1,66,220,24,128,9,381,0,0,0,381
11/23/2015,SAT,TX,ASW,CE,Combined TRACON& Tower with Radar,228,47,84,6,365,0,5,90,6,101,228,52,174,12,466,0,0,0,466
11/24/2015,SAT,TX,ASW,CE,Combined TRACON& Tower with Radar,262,57,108,7,434,0,6,48,2,56,262,63,156,9,490,0,0,0,490
11/25/2015,SAT,TX,ASW,CE,Combined TRACON& Tower with Radar,271,96,134,0,501,0,2,11,0,13,271,98,145,0,514,4,0,4,518
11/26/2015,SAT,TX,ASW,CE,Combined TRACON& Tower with Radar,152,24,47,0,223,0,1,3,1,5,152,25,50,1,228,0,0,0,228
11/27/2015,SAT,TX,ASW,CE,Combined TRACON& Tower with Radar,208,43,44,0,295,0,0,3,0,3,208,43,47,0,298,0,0,0,298
11/28/2015,SAT,TX,ASW,CE,Combined TRACON& Tower with Radar,239,44,44,1,328,0,0,0,0,0,239,44,44,1,328,0,0,0,328
11/29/2015,SAT,TX,ASW,CE,Combined TRACON& Tower with Radar,269,70,133,2,474,0,0,0,0,0,269,70,133,2,474,0,0,0,474
11/30/2015,SAT,TX,ASW,CE,Combined TRACON& Tower with Radar,257,47,104,19,427,0,2,20,0,22,257,49,124,19,449,0,0,0,449
12/01/2015,SAT,TX,ASW,CE,Combined TRACON& Tower with Radar,272,56,96,21,445,0,8,26,1,35,272,64,122,22,480,0,0,0,480
12/02/2015,SAT,TX,ASW,CE,Combined TRACON& Tower with Radar,258,52,111,7,428,0,6,71,0,77,258,58,182,7,505,0,4,4,509
12/03/2015,SAT,TX,ASW,CE,Combined TRACON& Tower with Radar,273,60,120,10,463,0,12,79,5,96,273,72,199,15,559,0,0,0,559
12/04/2015,SAT,TX,ASW,CE,Combined TRACON& Tower with Radar,263,57,93,7,420,0,10,84,0,94,263,67,177,7,514,0,0,0,514
12/05/2015,SAT,TX,ASW,CE,Combined TRACON& Tower with Radar,192,38,52,4,286,0,4,79,5,88,192,42,131,9,374,0,0,0,374
12/06/2015,SAT,TX,ASW,CE,Combined TRACON& Tower with Radar,241,47,76,4,368,0,10,76,4,90,241,57,152,8,458,0,0,0,458
12/07/2015,SAT,TX,ASW,CE,Combined TRACON& Tower with Radar,239,49,93,5,386,0,9,62,1,72,239,58,155,6,458,0,0,0,458
12/08/2015,SAT,TX,ASW,CE,Combined TRACON& Tower with Radar,251,66,102,9,428,0,11,57,8,76,251,77,159,17,504,0,0,0,504
12/09/2015,SAT,TX,ASW,CE,Combined TRACON& Tower with Radar,261,51,124,15,451,0,14,81,4,99,261,65,205,19,550,0,0,0,550
12/10/2015,SAT,TX,ASW,CE,Combined TRACON& Tower with Radar,279,67,136,6,488,0,5,62,5,72,279,72,198,11,560,0,0,0,560
12/11/2015,SAT,TX,ASW,CE,Combined TRACON& Tower with Radar,265,65,125,2,457,0,7,43,2,52,265,72,168,4,509,0,0,0,509
12/12/2015,SAT,TX,ASW,CE,Combined TRACON& Tower with Radar,199,28,59,5,291,0,5,2,0,7,199,33,61,5,298,0,0,0,298
12/13/2015,SAT,TX,ASW,CE,Combined TRACON& Tower with Radar,259,32,69,6,366,0,2,43,4,49,259,34,112,10,415,0,0,0,415
12/14/2015,SAT,TX,ASW,CE,Combined TRACON& Tower with Radar,241,50,111,6,408,0,9,85,10,104,241,59,196,16,512,0,0,0,512
12/15/2015,SAT,TX,ASW,CE,Combined TRACON& Tower with Radar,268,63,123,5,459,0,6,33,0,39,268,69,156,5,498,0,0,0,498
12/16/2015,SAT,TX,ASW,CE,Combined TRACON& Tower with Radar,271,61,111,7,450,0,8,62,4,74,271,69,173,11,524,0,0,0,524
12/17/2015,SAT,TX,ASW,CE,Combined TRACON& Tower with Radar,279,67,140,3,489,0,12,74,2,88,279,79,214,5,577,0,0,0,577
12/18/2015,SAT,TX,ASW,CE,Combined TRACON& Tower with Radar,275,72,101,6,454,0,5,85,4,94,275,77,186,10,548,0,0,0,548
12/19/2015,SAT,TX,ASW,CE,Combined TRACON& Tower with Radar,233,40,67,3,343,0,6,51,0,57,233,46,118,3,400,8,0,8,408
12/20/2015,SAT,TX,ASW,CE,Combined TRACON& Tower with Radar,256,47,66,10,379,0,7,26,2,35,256,54,92,12,414,0,0,0,414
12/21/2015,SAT,TX,ASW,CE,Combined TRACON& Tower with Radar,255,51,88,5,399,0,7,34,3,44,255,58,122,8,443,0,0,0,443
12/22/2015,SAT,TX,ASW,CE,Combined TRACON& Tower with Radar,302,57,80,3,442,0,10,46,11,67,302,67,126,14,509,0,0,0,509
12/23/2015,SAT,TX,ASW,CE,Combined TRACON& Tower with Radar,279,62,70,3,414,0,10,64,2,76,279,72,134,5,490,0,0,0,490
12/24/2015,SAT,TX,ASW,CE,Combined TRACON& Tower with Radar,234,37,29,0,300,0,9,19,0,28,234,46,48,0,328,0,0,0,328
12/25/2015,SAT,TX,ASW,CE,Combined TRACON& Tower with Radar,180,36,39,0,255,0,1,3,0,4,180,37,42,0,259,0,0,0,259
12/26/2015,SAT,TX,ASW,CE,Combined TRACON& Tower with Radar,254,68,86,0,408,0,3,10,0,13,254,71,96,0,421,0,0,0,421
12/27/2015,SAT,TX,ASW,CE,Combined TRACON& Tower with Radar,287,49,57,0,393,0,1,3,0,4,287,50,60,0,397,0,0,0,397
12/28/2015,SAT,TX,ASW,CE,Combined TRACON& Tower with Radar,232,55,86,1,374,0,4,51,2,57,232,59,137,3,431,0,0,0,431
12/29/2015,SAT,TX,ASW,CE,Combined TRACON& Tower with Radar,262,58,96,0,416,0,6,41,2,49,262,64,137,2,465,0,0,0,465
12/30/2015,SAT,TX,ASW,CE,Combined TRACON& Tower with Radar,276,60,83,4,423,0,6,41,0,47,276,66,124,4,470,0,0,0,470
12/31/2015,SAT,TX,ASW,CE,Combined TRACON& Tower with Radar,222,41,36,1,300,0,8,35,1,44,222,49,71,2,344,0,0,0,344
01/01/2016,SAT,TX,ASW,CE,Combined TRACON& Tower with Radar,205,27,42,0,274,0,4,6,0,10,205,31,48,0,284,0,0,0,284
01/02/2016,SAT,TX,ASW,CE,Combined TRACON& Tower with Radar,243,55,114,0,412,0,1,7,0,8,243,56,121,0,420,0,0,0,420
01/03/2016,SAT,TX,ASW,CE,Combined TRACON& Tower with Radar,260,54,125,2,441,0,2,46,0,48,260,56,171,2,489,0,0,0,489
01/04/2016,SAT,TX,ASW,CE,Combined TRACON& Tower with Radar,255,48,83,0,386,0,9,56,0,65,255,57,139,0,451,0,0,0,451
01/05/2016,SAT,TX,ASW,CE,Combined TRACON& Tower with Radar,243,67,84,3,397,0,4,36,3,43,243,71,120,6,440,0,0,0,440
01/06/2016,SAT,TX,ASW,CE,Combined TRACON& Tower with Radar,240,67,91,3,401,0,0,0,0,0,240,67,91,3,401,0,0,0,401
01/07/2016,SAT,TX,ASW,CE,Combined TRACON& Tower with Radar,261,67,97,6,431,0,10,49,5,64,261,77,146,11,495,0,0,0,495
01/08/2016,SAT,TX,ASW,CE,Combined TRACON& Tower with Radar,283,59,93,13,448,0,8,69,4,81,283,67,162,17,529,0,0,0,529
01/09/2016,SAT,TX,ASW,CE,Combined TRACON& Tower with Radar,180,39,61,9,289,0,4,60,7,71,180,43,121,16,360,0,0,0,360
01/10/2016,SAT,TX,ASW,CE,Combined TRACON& Tower with Radar,221,33,65,24,343,0,2,56,1,59,221,35,121,25,402,0,0,0,402
01/11/2016,SAT,TX,ASW,CE,Combined TRACON& Tower with Radar,235,42,92,7,376,0,10,33,2,45,235,52,125,9,421,0,0,0,421
01/12/2016,SAT,TX,ASW,CE,Combined TRACON& Tower with Radar,237,47,108,20,412,0,15,51,1,67,237,62,159,21,479,0,0,0,479
01/13/2016,SAT,TX,ASW,CE,Combined TRACON& Tower with Radar,243,48,88,6,385,0,9,59,1,69,243,57,147,7,454,0,0,0,454
01/14/2016,SAT,TX,ASW,CE,Combined TRACON& Tower with Radar,256,62,114,22,454,0,5,42,3,50,256,67,156,25,504,0,0,0,504
01/15/2016,SAT,TX,ASW,CE,Combined TRACON& Tower with Radar,245,60,105,18,428,0,10,77,2,89,245,70,182,20,517,0,0,0,517
01/16/2016,SAT,TX,ASW,CE,Combined TRACON& Tower with Radar,171,18,56,11,256,0,5,25,3,33,171,23,81,14,289,0,0,0,289
01/17/2016,SAT,TX,ASW,CE,Combined TRACON& Tower with Radar,202,23,69,5,299,0,7,71,3,81,202,30,140,8,380,0,0,0,380
01/18/2016,SAT,TX,ASW,CE,Combined TRACON& Tower with Radar,239,27,85,13,364,0,12,45,1,58,239,39,130,14,422,0,0,0,422
01/19/2016,SAT,TX,ASW,CE,Combined TRACON& Tower with Radar,231,42,120,24,417,0,6,37,6,49,231,48,157,30,466,0,0,0,466
01/20/2016,SAT,TX,ASW,CE,Combined TRACON& Tower with Radar,242,56,132,6,436,0,5,10,0,15,242,61,142,6,451,0,0,0,451
01/21/2016,SAT,TX,ASW,CE,Combined TRACON& Tower with Radar,249,45,122,9,425,0,4,33,4,41,249,49,155,13,466,0,0,0,466
01/22/2016,SAT,TX,ASW,CE,Combined TRACON& Tower with Radar,224,52,116,11,403,0,15,77,3,95,224,67,193,14,498,0,0,0,498
01/23/2016,SAT,TX,ASW,CE,Combined TRACON& Tower with Radar,157,28,48,13,246,0,4,63,1,68,157,32,111,14,314,0,0,0,314
01/24/2016,SAT,TX,ASW,CE,Combined TRACON& Tower with Radar,213,34,64,23,334,0,5,62,9,76,213,39,126,32,410,0,0,0,410
01/25/2016,SAT,TX,ASW,CE,Combined TRACON& Tower with Radar,230,53,105,11,399,0,6,44,1,51,230,59,149,12,450,0,0,0,450
01/26/2016,SAT,TX,ASW,CE,Combined TRACON& Tower with Radar,237,41,114,1,393,0,14,21,4,39,237,55,135,5,432,0,0,0,432
01/27/2016,SAT,TX,ASW,CE,Combined TRACON& Tower with Radar,240,51,127,5,423,0,8,58,2,68,240,59,185,7,491,0,0,0,491
01/28/2016,SAT,TX,ASW,CE,Combined TRACON& Tower with Radar,256,62,115,8,441,0,10,71,8,89,256,72,186,16,530,0,0,0,530
01/29/2016,SAT,TX,ASW,CE,Combined TRACON& Tower with Radar,245,59,78,6,388,0,9,92,2,103,245,68,170,8,491,0,0,0,491
01/30/2016,SAT,TX,ASW,CE,Combined TRACON& Tower with Radar,173,24,38,2,237,0,3,77,6,86,173,27,115,8,323,0,0,0,323
01/31/2016,SAT,TX,ASW,CE,Combined TRACON& Tower with Radar,216,23,69,12,320,0,4,43,6,53,216,27,112,18,373,0,0,0,373
02/01/2016,SAT,TX,ASW,CE,Combined TRACON& Tower with Radar,241,46,82,4,373,0,13,28,2,43,241,59,110,6,416,0,0,0,416
02/02/2016,SAT,TX,ASW,CE,Combined TRACON& Tower with Radar,229,48,74,11,362,0,9,54,5,68,229,57,128,16,430,0,0,0,430
02/03/2016,SAT,TX,ASW,CE,Combined TRACON& Tower with Radar,240,39,103,7,389,0,18,68,4,90,240,57,171,11,479,0,0,0,479
02/04/2016,SAT,TX,ASW,CE,Combined TRACON& Tower with Radar,256,46,78,12,392,0,16,64,2,82,256,62,142,14,474,0,0,0,474
02/05/2016,SAT,TX,ASW,CE,Combined TRACON& Tower with Radar,254,52,98,1,405,0,9,68,3,80,254,61,166,4,485,0,0,0,485
02/06/2016,SAT,TX,ASW,CE,Combined TRACON& Tower with Radar,178,19,45,2,244,0,7,42,1,50,178,26,87,3,294,0,0,0,294
02/07/2016,SAT,TX,ASW,CE,Combined TRACON& Tower with Radar,196,41,40,7,284,0,7,52,5,64,196,48,92,12,348,0,0,0,348
02/08/2016,SAT,TX,ASW,CE,Combined TRACON& Tower with Radar,235,47,85,5,372,0,6,48,2,56,235,53,133,7,428,0,0,0,428
02/09/2016,SAT,TX,ASW,CE,Combined TRACON& Tower with Radar,236,51,101,19,407,0,14,67,5,86,236,65,168,24,493,0,0,0,493
02/10/2016,SAT,TX,ASW,CE,Combined TRACON& Tower with Radar,238,42,94,8,382,0,15,65,0,80,238,57,159,8,462,0,0,0,462
02/11/2016,SAT,TX,ASW,CE,Combined TRACON& Tower with Radar,255,47,100,6,408,0,13,68,3,84,255,60,168,9,492,0,0,0,492
02/12/2016,SAT,TX,ASW,CE,Combined TRACON& Tower with Radar,249,65,107,15,436,0,18,71,0,89,249,83,178,15,525,0,0,0,525
02/13/2016,SAT,TX,ASW,CE,Combined TRACON& Tower with Radar,161,34,50,3,248,0,8,39,0,47,161,42,89,3,295,0,0,0,295
02/14/2016,SAT,TX,ASW,CE,Combined TRACON& Tower with Radar,201,25,64,5,295,0,3,37,2,42,201,28,101,7,337,0,24,24,361
02/15/2016,SAT,TX,ASW,CE,Combined TRACON& Tower with Radar,230,46,77,7,360,0,7,61,3,71,230,53,138,10,431,0,0,0,431
02/16/2016,SAT,TX,ASW,CE,Combined TRACON& Tower with Radar,268,58,103,18,447,0,9,85,3,97,268,67,188,21,544,14,0,14,558
02/17/2016,SAT,TX,ASW,CE,Combined TRACON& Tower with Radar,240,48,113,8,409,0,10,84,1,95,240,58,197,9,504,0,0,0,504
02/18/2016,SAT,TX,ASW,CE,Combined TRACON& Tower with Radar,259,56,117,12,444,0,10,53,3,66,259,66,170,15,510,0,0,0,510
02/19/2016,SAT,TX,ASW,CE,Combined TRACON& Tower with Radar,247,51,110,12,420,0,11,75,6,92,247,62,185,18,512,0,0,0,512
02/20/2016,SAT,TX,ASW,CE,Combined TRACON& Tower with Radar,165,33,61,14,273,0,4,31,2,37,165,37,92,16,310,0,0,0,310
02/21/2016,SAT,TX,ASW,CE,Combined TRACON& Tower with Radar,217,50,98,25,390,0,2,11,2,15,217,52,109,27,405,0,0,0,405
02/22/2016,SAT,TX,ASW,CE,Combined TRACON& Tower with Radar,238,50,104,5,397,0,5,20,0,25,238,55,124,5,422,0,0,0,422
02/23/2016,SAT,TX,ASW,CE,Combined TRACON& Tower with Radar,236,44,118,6,404,0,7,37,4,48,236,51,155,10,452,0,0,0,452
02/24/2016,SAT,TX,ASW,CE,Combined TRACON& Tower with Radar,234,64,146,11,455,0,15,84,2,101,234,79,230,13,556,0,0,0,556
02/25/2016,SAT,TX,ASW,CE,Combined TRACON& Tower with Radar,254,56,128,10,448,0,17,78,8,103,254,73,206,18,551,0,0,0,551
02/26/2016,SAT,TX,ASW,CE,Combined TRACON& Tower with Radar,245,63,123,23,454,0,5,74,7,86,245,68,197,30,540,2,0,2,542
02/27/2016,SAT,TX,ASW,CE,Combined TRACON& Tower with Radar,169,30,50,14,263,0,8,49,1,58,169,38,99,15,321,0,0,0,321
02/28/2016,SAT,TX,ASW,CE,Combined TRACON& Tower with Radar,215,39,82,12,348,0,2,40,1,43,215,41,122,13,391,0,0,0,391
02/29/2016,SAT,TX,ASW,CE,Combined TRACON& Tower with Radar,236,57,109,4,406,0,8,32,0,40,236,65,141,4,446,0,0,0,446
03/01/2016,SAT,TX,ASW,CE,Combined TRACON& Tower with Radar,232,49,99,8,388,0,10,48,1,59,232,59,147,9,447,0,0,0,447
03/02/2016,SAT,TX,ASW,CE,Combined TRACON& Tower with Radar,247,47,128,14,436,0,11,49,4,64,247,58,177,18,500,0,0,0,500
03/03/2016,SAT,TX,ASW,CE,Combined TRACON& Tower with Radar,256,47,107,35,445,0,10,48,8,66,256,57,155,43,511,0,0,0,511
03/04/2016,SAT,TX,ASW,CE,Combined TRACON& Tower with Radar,257,53,90,27,427,0,11,81,12,104,257,64,171,39,531,0,0,0,531
03/05/2016,SAT,TX,ASW,CE,Combined TRACON& Tower with Radar,193,32,73,31,329,0,3,42,4,49,193,35,115,35,378,0,0,0,378
03/06/2016,SAT,TX,ASW,CE,Combined TRACON& Tower with Radar,230,38,86,30,384,0,6,21,0,27,230,44,107,30,411,0,0,0,411
03/07/2016,SAT,TX,ASW,CE,Combined TRACON& Tower with Radar,244,54,88,21,407,0,4,4,2,10,244,58,92,23,417,0,0,0,417
03/08/2016,SAT,TX,ASW,CE,Combined TRACON& Tower with Radar,236,49,94,7,386,0,3,19,0,22,236,52,113,7,408,0,0,0,408
03/09/2016,SAT,TX,ASW,CE,Combined TRACON& Tower with Radar,250,51,73,2,376,0,0,6,0,6,250,51,79,2,382,0,0,0,382
03/10/2016,SAT,TX,ASW,CE,Combined TRACON& Tower with Radar,269,71,110,17,467,0,3,6,0,9,269,74,116,17,476,0,0,0,476
03/11/2016,SAT,TX,ASW,CE,Combined TRACON& Tower with Radar,268,68,129,15,480,0,4,26,2,32,268,72,155,17,512,0,0,0,512
03/12/2016,SAT,TX,ASW,CE,Combined TRACON& Tower with Radar,201,44,67,24,336,0,6,40,0,46,201,50,107,24,382,0,0,0,382
03/13/2016,SAT,TX,ASW,CE,Combined TRACON& Tower with Radar,245,33,67,13,358,0,1,38,1,40,245,34,105,14,398,0,0,0,398
03/14/2016,SAT,TX,ASW,CE,Combined TRACON& Tower with Radar,255,41,65,12,373,0,13,57,5,75,255,54,122,17,448,0,0,0,448
03/15/2016,SAT,TX,ASW,CE,Combined TRACON& Tower with Radar,253,46,97,15,411,0,6,54,4,64,253,52,151,19,475,0,0,0,475
03/16/2016,SAT,TX,ASW,CE,Combined TRACON& Tower with Radar,252,54,121,45,472,0,7,56,9,72,252,61,177,54,544,0,0,0,544
03/17/2016,SAT,TX,ASW,CE,Combined TRACON& Tower with Radar,275,50,105,19,449,0,9,19,0,28,275,59,124,19,477,0,0,0,477
03/18/2016,SAT,TX,ASW,CE,Combined TRACON& Tower with Radar,270,81,116,22,489,0,3,17,1,21,270,84,133,23,510,0,0,0,510
03/19/2016,SAT,TX,ASW,CE,Combined TRACON& Tower with Radar,202,73,84,17,376,0,10,28,8,46,202,83,112,25,422,0,0,0,422
03/20/2016,SAT,TX,ASW,CE,Combined TRACON& Tower with Radar,258,47,85,16,406,0,7,53,4,64,258,54,138,20,470,2,2,4,474
03/21/2016,SAT,TX,ASW,CE,Combined TRACON& Tower with Radar,255,52,91,6,404,0,10,65,6,81,255,62,156,12,485,0,0,0,485
03/22/2016,SAT,TX,ASW,CE,Combined TRACON& Tower with Radar,250,57,98,7,412,0,18,41,1,60,250,75,139,8,472,0,0,0,472
03/23/2016,SAT,TX,ASW,CE,Combined TRACON& Tower with Radar,242,67,143,19,471,0,9,38,2,49,242,76,181,21,520,0,0,0,520
03/24/2016,SAT,TX,ASW,CE,Combined TRACON& Tower with Radar,268,51,85,10,414,0,16,58,2,76,268,67,143,12,490,0,0,0,490
03/25/2016,SAT,TX,ASW,CE,Combined TRACON& Tower with Radar,263,44,70,7,384,0,16,83,6,105,263,60,153,13,489,0,0,0,489
03/26/2016,SAT,TX,ASW,CE,Combined TRACON& Tower with Radar,193,36,48,0,277,0,10,41,3,54,193,46,89,3,331,0,0,0,331
03/27/2016,SAT,TX,ASW,CE,Combined TRACON& Tower with Radar,254,50,80,4,388,0,8,35,2,45,254,58,115,6,433,0,0,0,433
03/28/2016,SAT,TX,ASW,CE,Combined TRACON& Tower with Radar,249,58,85,12,404,0,9,41,2,52,249,67,126,14,456,0,0,0,456
03/29/2016,SAT,TX,ASW,CE,Combined TRACON& Tower with Radar,256,67,112,12,447,0,5,1,0,6,256,72,113,12,453,0,0,0,453
03/30/2016,SAT,TX,ASW,CE,Combined TRACON& Tower with Radar,252,62,135,6,455,0,4,3,0,7,252,66,138,6,462,0,0,0,462
03/31/2016,SAT,TX,ASW,CE,Combined TRACON& Tower with Radar,263,57,125,33,478,0,8,55,3,66,263,65,180,36,544,0,0,0,544
04/01/2016,SAT,TX,ASW,CE,Combined TRACON& Tower with Radar,262,47,82,29,420,0,10,35,0,45,262,57,117,29,465,0,0,0,465
04/02/2016,SAT,TX,ASW,CE,Combined TRACON& Tower with Radar,193,29,71,8,301,0,6,73,1,80,193,35,144,9,381,0,0,0,381
04/03/2016,SAT,TX,ASW,CE,Combined TRACON& Tower with Radar,241,38,82,26,387,0,11,51,6,68,241,49,133,32,455,0,0,0,455
04/04/2016,SAT,TX,ASW,CE,Combined TRACON& Tower with Radar,250,46,119,24,439,0,16,55,11,82,250,62,174,35,521,0,0,0,521
04/05/2016,SAT,TX,ASW,CE,Combined TRACON& Tower with Radar,245,65,112,27,449,0,12,72,3,87,245,77,184,30,536,0,0,0,536
04/06/2016,SAT,TX,ASW,CE,Combined TRACON& Tower with Radar,250,51,119,11,431,0,16,48,2,66,250,67,167,13,497,0,0,0,497
04/07/2016,SAT,TX,ASW,CE,Combined TRACON& Tower with Radar,265,53,109,8,435,0,13,70,4,87,265,66,179,12,522,0,0,0,522
04/08/2016,SAT,TX,ASW,CE,Combined TRACON& Tower with Radar,257,39,119,21,436,0,12,71,3,86,257,51,190,24,522,0,0,0,522
04/09/2016,SAT,TX,ASW,CE,Combined TRACON& Tower with Radar,172,38,62,24,296,0,6,35,4,45,172,44,97,28,341,0,0,0,341
04/10/2016,SAT,TX,ASW,CE,Combined TRACON& Tower with Radar,240,35,126,15,416,0,6,8,0,14,240,41,134,15,430,0,0,0,430
04/11/2016,SAT,TX,ASW,CE,Combined TRACON& Tower with Radar,250,60,111,22,443,0,11,38,1,50,250,71,149,23,493,0,0,0,493
04/12/2016,SAT,TX,ASW,CE,Combined TRACON& Tower with Radar,235,44,90,10,379,0,4,10,0,14,235,48,100,10,393,0,0,0,393
04/13/2016,SAT,TX,ASW,CE,Combined TRACON& Tower with Radar,265,60,105,10,440,0,9,26,2,37,265,69,131,12,477,0,0,0,477
04/14/2016,SAT,TX,ASW,CE,Combined TRACON& Tower with Radar,265,57,116,22,460,0,11,45,7,63,265,68,161,29,523,0,0,0,523
04/15/2016,SAT,TX,ASW,CE,Combined TRACON& Tower with Radar,259,45,85,18,407,0,11,46,2,59,259,56,131,20,466,0,0,0,466
04/16/2016,SAT,TX,ASW,CE,Combined TRACON& Tower with Radar,163,32,62,10,267,0,9,0,0,9,163,41,62,10,276,0,0,0,276
04/17/2016,SAT,TX,ASW,CE,Combined TRACON& Tower with Radar,225,37,61,5,328,0,0,3,0,3,225,37,64,5,331,0,0,0,331
04/18/2016,SAT,TX,ASW,CE,Combined TRACON& Tower with Radar,227,49,75,5,356,0,3,4,0,7,227,52,79,5,363,0,0,0,363
04/19/2016,SAT,TX,ASW,CE,Combined TRACON& Tower with Radar,248,61,131,17,457,0,14,24,3,41,248,75,155,20,498,0,0,0,498
04/20/2016,SAT,TX,ASW,CE,Combined TRACON& Tower with Radar,258,44,106,16,424,0,10,45,3,58,258,54,151,19,482,0,0,0,482
04/21/2016,SAT,TX,ASW,CE,Combined TRACON& Tower with Radar,270,56,124,7,457,0,14,41,2,57,270,70,165,9,514,0,0,0,514
04/22/2016,SAT,TX,ASW,CE,Combined TRACON& Tower with Radar,252,52,109,17,430,0,19,72,10,101,252,71,181,27,531,0,0,0,531
04/23/2016,SAT,TX,ASW,CE,Combined TRACON& Tower with Radar,171,27,66,2,266,0,6,57,1,64,171,33,123,3,330,0,0,0,330
04/24/2016,SAT,TX,ASW,CE,Combined TRACON& Tower with Radar,233,62,95,20,410,0,10,20,7,37,233,72,115,27,447,0,0,0,447
04/25/2016,SAT,TX,ASW,CE,Combined TRACON& Tower with Radar,245,52,130,10,437,0,7,24,4,35,245,59,154,14,472,0,0,0,472
04/26/2016,SAT,TX,ASW,CE,Combined TRACON& Tower with Radar,241,47,133,16,437,0,3,28,0,31,241,50,161,16,468,0,0,0,468
04/27/2016,SAT,TX,ASW,CE,Combined TRACON& Tower with Radar,248,55,129,11,443,0,14,77,2,93,248,69,206,13,536,0,0,0,536
04/28/2016,SAT,TX,ASW,CE,Combined TRACON& Tower with Radar,267,55,157,11,490,0,6,24,1,31,267,61,181,12,521,0,0,0,521
04/29/2016,SAT,TX,ASW,CE,Combined TRACON& Tower with Radar,241,79,99,19,438,0,3,26,2,31,241,82,125,21,469,0,0,0,469
04/30/2016,SAT,TX,ASW,CE,Combined TRACON& Tower with Radar,187,35,72,5,299,0,7,63,1,71,187,42,135,6,370,0,0,0,370
05/01/2016,SAT,TX,ASW,CE,Combined TRACON& Tower with Radar,224,41,89,17,371,0,8,25,1,34,224,49,114,18,405,0,0,0,405
05/02/2016,SAT,TX,ASW,CE,Combined TRACON& Tower with Radar,251,47,107,8,413,0,4,30,9,43,251,51,137,17,456,0,0,0,456
05/03/2016,SAT,TX,ASW,CE,Combined TRACON& Tower with Radar,254,45,100,8,407,0,6,81,12,99,254,51,181,20,506,0,0,0,506
05/04/2016,SAT,TX,ASW,CE,Combined TRACON& Tower with Radar,250,45,101,11,407,0,8,70,6,84,250,53,171,17,491,0,0,0,491
05/05/2016,SAT,TX,ASW,CE,Combined TRACON& Tower with Radar,261,59,112,8,440,0,5,81,4,90,261,64,193,12,530,0,0,0,530
05/06/2016,SAT,TX,ASW,CE,Combined TRACON& Tower with Radar,249,68,93,22,432,0,10,93,8,111,249,78,186,30,543,0,0,0,543
05/07/2016,SAT,TX,ASW,CE,Combined TRACON& Tower with Radar,178,27,54,4,263,0,8,59,1,68,178,35,113,5,331,0,0,0,331
05/08/2016,SAT,TX,ASW,CE,Combined TRACON& Tower with Radar,224,18,75,3,320,0,3,16,1,20,224,21,91,4,340,0,0,0,340
05/09/2016,SAT,TX,ASW,CE,Combined TRACON& Tower with Radar,248,51,105,3,407,0,12,36,7,55,248,63,141,10,462,0,0,0,462
05/10/2016,SAT,TX,ASW,CE,Combined TRACON& Tower with Radar,256,61,123,10,450,0,10,44,3,57,256,71,167,13,507,0,0,0,507
05/11/2016,SAT,TX,ASW,CE,Combined TRACON& Tower with Radar,257,45,102,7,411,0,9,50,4,63,257,54,152,11,474,0,0,0,474
05/12/2016,SAT,TX,ASW,CE,Combined TRACON& Tower with Radar,258,44,130,11,443,0,8,45,5,58,258,52,175,16,501,0,0,0,501
05/13/2016,SAT,TX,ASW,CE,Combined TRACON& Tower with Radar,262,52,86,11,411,0,5,55,5,65,262,57,141,16,476,0,0,0,476
05/14/2016,SAT,TX,ASW,CE,Combined TRACON& Tower with Radar,217,33,46,5,301,0,7,10,1,18,217,40,56,6,319,0,0,0,319
05/15/2016,SAT,TX,ASW,CE,Combined TRACON& Tower with Radar,239,33,74,10,356,0,3,0,0,3,239,36,74,10,359,0,0,0,359
05/16/2016,SAT,TX,ASW,CE,Combined TRACON& Tower with Radar,255,35,109,5,404,0,8,33,6,47,255,43,142,11,451,0,0,0,451
05/17/2016,SAT,TX,ASW,CE,Combined TRACON& Tower with Radar,251,45,88,9,393,0,2,9,0,11,251,47,97,9,404,0,0,0,404
05/18/2016,SAT,TX,ASW,CE,Combined TRACON& Tower with Radar,268,57,110,13,448,0,11,28,1,40,268,68,138,14,488,0,0,0,488
05/19/2016,SAT,TX,ASW,CE,Combined TRACON& Tower with Radar,256,45,70,3,374,0,8,23,1,32,256,53,93,4,406,0,0,0,406
05/20/2016,SAT,TX,ASW,CE,Combined TRACON& Tower with Radar,255,45,83,14,397,0,15,41,1,57,255,60,124,15,454,0,0,0,454
05/21/2016,SAT,TX,ASW,CE,Combined TRACON& Tower with Radar,186,24,52,2,264,0,6,12,2,20,186,30,64,4,284,0,0,0,284
05/22/2016,SAT,TX,ASW,CE,Combined TRACON& Tower with Radar,234,37,67,17,355,0,4,24,4,32,234,41,91,21,387,0,0,0,387
05/23/2016,SAT,TX,ASW,CE,Combined TRACON& Tower with Radar,254,54,105,7,420,0,9,15,2,26,254,63,120,9,446,0,0,0,446
05/24/2016,SAT,TX,ASW,CE,Combined TRACON& Tower with Radar,256,71,137,11,475,0,4,31,2,37,256,75,168,13,512,0,0,0,512
05/25/2016,SAT,TX,ASW,CE,Combined TRACON& Tower with Radar,258,54,133,14,459,0,7,34,0,41,258,61,167,14,500,0,0,0,500
05/26/2016,SAT,TX,ASW,CE,Combined TRACON& Tower with Radar,294,66,123,7,490,0,18,23,4,45,294,84,146,11,535,0,0,0,535
05/27/2016,SAT,TX,ASW,CE,Combined TRACON& Tower with Radar,308,85,81,3,477,0,11,43,1,55,308,96,124,4,532,0,0,0,532
05/28/2016,SAT,TX,ASW,CE,Combined TRACON& Tower with Radar,198,40,37,4,279,0,5,20,1,26,198,45,57,5,305,0,0,0,305
05/29/2016,SAT,TX,ASW,CE,Combined TRACON& Tower with Radar,183,17,40,2,242,0,5,20,3,28,183,22,60,5,270,0,0,0,270
05/30/2016,SAT,TX,ASW,CE,Combined TRACON& Tower with Radar,223,21,46,3,293,0,3,36,1,40,223,24,82,4,333,0,0,0,333
05/31/2016,SAT,TX,ASW,CE,Combined TRACON& Tower with Radar,231,42,88,6,367,0,2,16,4,22,231,44,104,10,389,0,0,0,389
06/01/2016,SAT,TX,ASW,CE,Combined TRACON& Tower with Radar,273,48,111,12,444,0,4,25,5,34,273,52,136,17,478,0,0,0,478
06/02/2016,SAT,TX,ASW,CE,Combined TRACON& Tower with Radar,296,58,80,10,444,0,3,38,3,44,296,61,118,13,488,0,0,0,488
06/03/2016,SAT,TX,ASW,CE,Combined TRACON& Tower with Radar,278,53,68,3,402,0,5,28,2,35,278,58,96,5,437,0,0,0,437
06/04/2016,SAT,TX,ASW,CE,Combined TRACON& Tower with Radar,193,29,44,5,271,0,1,23,0,24,193,30,67,5,295,0,0,0,295
06/05/2016,SAT,TX,ASW,CE,Combined TRACON& Tower with Radar,230,30,55,8,323,0,8,41,6,55,230,38,96,14,378,0,0,0,378
06/06/2016,SAT,TX,ASW,CE,Combined TRACON& Tower with Radar,254,35,86,15,390,0,12,69,9,90,254,47,155,24,480,0,0,0,480
06/07/2016,SAT,TX,ASW,CE,Combined TRACON& Tower with Radar,263,55,116,16,450,0,9,79,11,99,263,64,195,27,549,0,0,0,549
06/08/2016,SAT,TX,ASW,CE,Combined TRACON& Tower with Radar,261,59,95,3,418,0,7,59,5,71,261,66,154,8,489,0,0,0,489
06/09/2016,SAT,TX,ASW,CE,Combined TRACON& Tower with Radar,266,47,129,3,445,0,8,58,4,70,266,55,187,7,515,0,0,0,515
06/10/2016,SAT,TX,ASW,CE,Combined TRACON& Tower with Radar,268,55,97,4,424,0,11,72,6,89,268,66,169,10,513,0,0,0,513
06/11/2016,SAT,TX,ASW,CE,Combined TRACON& Tower with Radar,215,33,49,10,307,0,9,22,3,34,215,42,71,13,341,0,0,0,341
06/12/2016,SAT,TX,ASW,CE,Combined TRACON& Tower with Radar,274,35,71,9,389,0,7,25,3,35,274,42,96,12,424,0,0,0,424
06/13/2016,SAT,TX,ASW,CE,Combined TRACON& Tower with Radar,260,44,99,10,413,0,18,34,3,55,260,62,133,13,468,0,0,0,468
06/14/2016,SAT,TX,ASW,CE,Combined TRACON& Tower with Radar,268,74,91,12,445,0,14,29,10,53,268,88,120,22,498,0,0,0,498
06/15/2016,SAT,TX,ASW,CE,Combined TRACON& Tower with Radar,260,54,122,9,445,0,14,52,9,75,260,68,174,18,520,0,0,0,520
06/16/2016,SAT,TX,ASW,CE,Combined TRACON& Tower with Radar,273,46,130,8,457,0,18,82,9,109,273,64,212,17,566,0,0,0,566
06/17/2016,SAT,TX,ASW,CE,Combined TRACON& Tower with Radar,266,48,107,10,431,0,24,86,4,114,266,72,193,14,545,0,0,0,545
06/18/2016,SAT,TX,ASW,CE,Combined TRACON& Tower with Radar,221,36,63,3,323,0,5,51,6,62,221,41,114,9,385,0,0,0,385
06/19/2016,SAT,TX,ASW,CE,Combined TRACON& Tower with Radar,237,27,63,10,337,0,11,28,7,46,237,38,91,17,383,0,0,0,383
06/20/2016,SAT,TX,ASW,CE,Combined TRACON& Tower with Radar,259,30,87,16,392,0,7,37,4,48,259,37,124,20,440,0,0,0,440
06/21/2016,SAT,TX,ASW,CE,Combined TRACON& Tower with Radar,257,44,86,8,395,0,18,74,12,104,257,62,160,20,499,0,0,0,499
06/22/2016,SAT,TX,ASW,CE,Combined TRACON& Tower with Radar,260,44,108,18,430,0,20,51,8,79,260,64,159,26,509,0,0,0,509
06/23/2016,SAT,TX,ASW,CE,Combined TRACON& Tower with Radar,268,57,122,13,460,0,11,66,13,90,268,68,188,26,550,0,0,0,550
06/24/2016,SAT,TX,ASW,CE,Combined TRACON& Tower with Radar,269,48,96,17,430,0,11,72,11,94,269,59,168,28,524,0,0,0,524
06/25/2016,SAT,TX,ASW,CE,Combined TRACON& Tower with Radar,217,38,62,17,334,0,8,17,1,26,217,46,79,18,360,0,0,0,360
06/26/2016,SAT,TX,ASW,CE,Combined TRACON& Tower with Radar,236,40,76,7,359,0,6,35,3,44,236,46,111,10,403,0,0,0,403
06/27/2016,SAT,TX,ASW,CE,Combined TRACON& Tower with Radar,273,54,97,4,428,0,15,61,4,80,273,69,158,8,508,14,0,14,522
06/28/2016,SAT,TX,ASW,CE,Combined TRACON& Tower with Radar,265,52,122,11,450,0,15,54,3,72,265,67,176,14,522,0,0,0,522
06/29/2016,SAT,TX,ASW,CE,Combined TRACON& Tower with Radar,283,62,109,2,456,0,19,82,10,111,283,81,191,12,567,0,0,0,567
06/30/2016,SAT,TX,ASW,CE,Combined TRACON& Tower with Radar,266,56,105,9,436,0,30,105,4,139,266,86,210,13,575,0,0,0,575
07/01/2016,SAT,TX,ASW,CE,Combined TRACON& Tower with Radar,271,46,93,3,413,0,17,96,6,119,271,63,189,9,532,0,0,0,532
07/02/2016,SAT,TX,ASW,CE,Combined TRACON& Tower with Radar,227,22,43,2,294,0,22,38,6,66,227,44,81,8,360,0,0,0,360
07/03/2016,SAT,TX,ASW,CE,Combined TRACON& Tower with Radar,202,25,38,0,265,0,10,21,2,33,202,35,59,2,298,0,0,0,298
07/04/2016,SAT,TX,ASW,CE,Combined TRACON& Tower with Radar,212,21,35,1,269,0,9,35,3,47,212,30,70,4,316,0,0,0,316
07/05/2016,SAT,TX,ASW,CE,Combined TRACON& Tower with Radar,254,40,79,6,379,0,16,67,4,87,254,56,146,10,466,0,0,0,466
07/06/2016,SAT,TX,ASW,CE,Combined TRACON& Tower with Radar,270,51,93,6,420,0,13,55,4,72,270,64,148,10,492,0,0,0,492
07/07/2016,SAT,TX,ASW,CE,Combined TRACON& Tower with Radar,278,52,91,8,429,0,13,63,15,91,278,65,154,23,520,0,0,0,520
07/08/2016,SAT,TX,ASW,CE,Combined TRACON& Tower with Radar,264,48,84,14,410,0,8,77,2,87,264,56,161,16,497,0,0,0,497
07/09/2016,SAT,TX,ASW,CE,Combined TRACON& Tower with Radar,235,30,34,8,307,0,7,43,4,54,235,37,77,12,361,0,0,0,361
07/10/2016,SAT,TX,ASW,CE,Combined TRACON& Tower with Radar,244,38,78,1,361,0,9,37,3,49,244,47,115,4,410,0,0,0,410
07/11/2016,SAT,TX,ASW,CE,Combined TRACON& Tower with Radar,263,37,58,0,358,0,8,31,4,43,263,45,89,4,401,0,0,0,401
07/12/2016,SAT,TX,ASW,CE,Combined TRACON& Tower with Radar,265,52,103,9,429,0,13,53,13,79,265,65,156,22,508,0,0,0,508
07/13/2016,SAT,TX,ASW,CE,Combined TRACON& Tower with Radar,266,45,113,11,435,0,7,65,9,81,266,52,178,20,516,0,0,0,516
07/14/2016,SAT,TX,ASW,CE,Combined TRACON& Tower with Radar,271,61,123,6,461,0,13,55,8,76,271,74,178,14,537,0,0,0,537
07/15/2016,SAT,TX,ASW,CE,Combined TRACON& Tower with Radar,283,60,122,10,475,0,17,70,9,96,283,77,192,19,571,0,0,0,571
07/16/2016,SAT,TX,ASW,CE,Combined TRACON& Tower with Radar,222,38,56,26,342,0,10,43,4,57,222,48,99,30,399,2,2,4,403
07/17/2016,SAT,TX,ASW,CE,Combined TRACON& Tower with Radar,245,31,83,19,378,0,9,50,6,65,245,40,133,25,443,4,2,6,449
07/18/2016,SAT,TX,ASW,CE,Combined TRACON& Tower with Radar,258,46,99,12,415,0,11,42,6,59,258,57,141,18,474,0,0,0,474
07/19/2016,SAT,TX,ASW,CE,Combined TRACON& Tower with Radar,285,57,103,10,455,0,18,67,8,93,285,75,170,18,548,0,0,0,548
07/20/2016,SAT,TX,ASW,CE,Combined TRACON& Tower with Radar,261,60,98,18,437,0,15,60,12,87,261,75,158,30,524,0,0,0,524
07/21/2016,SAT,TX,ASW,CE,Combined TRACON& Tower with Radar,233,79,129,8,449,0,13,67,5,85,233,92,196,13,534,0,0,0,534
07/22/2016,SAT,TX,ASW,CE,Combined TRACON& Tower with Radar,252,70,93,14,429,0,14,79,6,99,252,84,172,20,528,0,0,0,528
07/23/2016,SAT,TX,ASW,CE,Combined TRACON& Tower with Radar,218,39,55,4,316,0,13,27,4,44,218,52,82,8,360,0,0,0,360
07/24/2016,SAT,TX,ASW,CE,Combined TRACON& Tower with Radar,223,53,68,7,351,0,8,53,5,66,223,61,121,12,417,0,0,0,417
07/25/2016,SAT,TX,ASW,CE,Combined TRACON& Tower with Radar,247,54,64,10,375,0,16,46,4,66,247,70,110,14,441,0,0,0,441
07/26/2016,SAT,TX,ASW,CE,Combined TRACON& Tower with Radar,255,66,72,5,398,0,9,22,6,37,255,75,94,11,435,0,0,0,435
07/27/2016,SAT,TX,ASW,CE,Combined TRACON& Tower with Radar,249,78,92,3,422,0,12,12,2,26,249,90,104,5,448,0,0,0,448
07/28/2016,SAT,TX,ASW,CE,Combined TRACON& Tower with Radar,242,86,107,9,444,0,11,31,4,46,242,97,138,13,490,0,0,0,490
07/29/2016,SAT,TX,ASW,CE,Combined TRACON& Tower with Radar,247,78,104,6,435,0,17,53,9,79,247,95,157,15,514,0,0,0,514
07/30/2016,SAT,TX,ASW,CE,Combined TRACON& Tower with Radar,193,65,72,7,337,0,10,60,4,74,193,75,132,11,411,0,0,0,411
07/31/2016,SAT,TX,ASW,CE,Combined TRACON& Tower with Radar,219,62,61,9,351,0,8,55,1,64,219,70,116,10,415,0,0,0,415
08/01/2016,SAT,TX,ASW,CE,Combined TRACON& Tower with Radar,236,76,93,16,421,0,11,47,7,65,236,87,140,23,486,0,0,0,486
08/02/2016,SAT,TX,ASW,CE,Combined TRACON& Tower with Radar,238,68,92,17,415,0,17,60,7,84,238,85,152,24,499,0,0,0,499
08/03/2016,SAT,TX,ASW,CE,Combined TRACON& Tower with Radar,235,75,93,16,419,0,11,58,5,74,235,86,151,21,493,0,0,0,493
08/04/2016,SAT,TX,ASW,CE,Combined TRACON& Tower with Radar,242,73,105,8,428,0,18,65,10,93,242,91,170,18,521,0,0,0,521
08/05/2016,SAT,TX,ASW,CE,Combined TRACON& Tower with Radar,246,68,86,12,412,0,16,60,8,84,246,84,146,20,496,0,0,0,496
08/06/2016,SAT,TX,ASW,CE,Combined TRACON& Tower with Radar,194,53,48,6,301,0,10,28,3,41,194,63,76,9,342,0,0,0,342
08/07/2016,SAT,TX,ASW,CE,Combined TRACON& Tower with Radar,214,57,64,26,361,0,7,53,9,69,214,64,117,35,430,0,2,2,432
08/08/2016,SAT,TX,ASW,CE,Combined TRACON& Tower with Radar,214,75,72,17,378,0,11,53,9,73,214,86,125,26,451,0,0,0,451
08/09/2016,SAT,TX,ASW,CE,Combined TRACON& Tower with Radar,219,77,97,21,414,0,14,46,9,69,219,91,143,30,483,0,0,0,483
08/10/2016,SAT,TX,ASW,CE,Combined TRACON& Tower with Radar,227,78,91,9,405,0,15,44,11,70,227,93,135,20,475,0,0,0,475
08/11/2016,SAT,TX,ASW,CE,Combined TRACON& Tower with Radar,237,75,101,7,420,0,10,51,5,66,237,85,152,12,486,38,0,38,524
08/12/2016,SAT,TX,ASW,CE,Combined TRACON& Tower with Radar,239,77,99,24,439,0,11,54,10,75,239,88,153,34,514,0,0,0,514
08/13/2016,SAT,TX,ASW,CE,Combined TRACON& Tower with Radar,202,58,54,17,331,0,2,16,8,26,202,60,70,25,357,0,0,0,357
08/14/2016,SAT,TX,ASW,CE,Combined TRACON& Tower with Radar,204,53,81,10,348,0,3,7,1,11,204,56,88,11,359,0,0,0,359
08/15/2016,SAT,TX,ASW,CE,Combined TRACON& Tower with Radar,232,77,81,3,393,0,2,1,0,3,232,79,82,3,396,0,0,0,396
08/16/2016,SAT,TX,ASW,CE,Combined TRACON& Tower with Radar,235,72,88,16,411,0,3,8,1,12,235,75,96,17,423,0,0,0,423
08/17/2016,SAT,TX,ASW,CE,Combined TRACON& Tower with Radar,244,80,84,5,413,0,3,4,2,9,244,83,88,7,422,0,0,0,422
08/18/2016,SAT,TX,ASW,CE,Combined TRACON& Tower with Radar,233,80,106,13,432,0,8,25,4,37,233,88,131,17,469,0,0,0,469
08/19/2016,SAT,TX,ASW,CE,Combined TRACON& Tower with Radar,271,79,128,18,496,0,13,40,10,63,271,92,168,28,559,0,0,0,559
08/20/2016,SAT,TX,ASW,CE,Combined TRACON& Tower with Radar,162,51,34,10,257,0,4,2,4,10,162,55,36,14,267,0,0,0,267
08/21/2016,SAT,TX,ASW,CE,Combined TRACON& Tower with Radar,205,53,60,7,325,0,5,5,2,12,205,58,65,9,337,0,0,0,337
08/22/2016,SAT,TX,ASW,CE,Combined TRACON& Tower with Radar,232,74,94,29,429,0,7,14,10,31,232,81,108,39,460,0,0,0,460
08/23/2016,SAT,TX,ASW,CE,Combined TRACON& Tower with Radar,229,62,108,10,409,0,15,56,9,80,229,77,164,19,489,0,0,0,489
08/24/2016,SAT,TX,ASW,CE,Combined TRACON& Tower with Radar,227,60,84,11,382,0,13,41,3,57,227,73,125,14,439,0,0,0,439
08/25/2016,SAT,TX,ASW,CE,Combined TRACON& Tower with Radar,238,72,100,28,438,0,9,61,5,75,238,81,161,33,513,0,0,0,513
08/26/2016,SAT,TX,ASW,CE,Combined TRACON& Tower with Radar,240,66,104,11,421,0,9,58,5,72,240,75,162,16,493,0,0,0,493
08/27/2016,SAT,TX,ASW,CE,Combined TRACON& Tower with Radar,157,44,50,7,258,0,16,46,2,64,157,60,96,9,322,0,0,0,322
08/28/2016,SAT,TX,ASW,CE,Combined TRACON& Tower with Radar,206,36,67,26,335,0,8,46,7,61,206,44,113,33,396,0,0,0,396
08/29/2016,SAT,TX,ASW,CE,Combined TRACON& Tower with Radar,219,55,92,4,370,0,11,32,2,45,219,66,124,6,415,0,0,0,415
08/30/2016,SAT,TX,ASW,CE,Combined TRACON& Tower with Radar,222,68,111,2,403,0,24,24,4,52,222,92,135,6,455,0,0,0,455
08/31/2016,SAT,TX,ASW,CE,Combined TRACON& Tower with Radar,230,62,95,24,411,0,12,44,1,57,230,74,139,25,468,0,0,0,468
09/01/2016,SAT,TX,ASW,CE,Combined TRACON& Tower with Radar,233,64,99,14,410,0,16,71,1,88,233,80,170,15,498,0,0,0,498
09/02/2016,SAT,TX,ASW,CE,Combined TRACON& Tower with Radar,239,78,98,7,422,0,13,30,1,44,239,91,128,8,466,0,0,0,466
09/03/2016,SAT,TX,ASW,CE,Combined TRACON& Tower with Radar,143,47,55,1,246,0,9,36,4,49,143,56,91,5,295,0,0,0,295
09/04/2016,SAT,TX,ASW,CE,Combined TRACON& Tower with Radar,163,45,42,1,251,0,3,13,1,17,163,48,55,2,268,0,0,0,268
09/05/2016,SAT,TX,ASW,CE,Combined TRACON& Tower with Radar,198,58,84,1,341,0,5,24,1,30,198,63,108,2,371,0,0,0,371
09/06/2016,SAT,TX,ASW,CE,Combined TRACON& Tower with Radar,222,60,110,12,404,0,9,43,6,58,222,69,153,18,462,0,0,0,462
09/07/2016,SAT,TX,ASW,CE,Combined TRACON& Tower with Radar,223,81,98,18,420,0,12,46,8,66,223,93,144,26,486,0,0,0,486
09/08/2016,SAT,TX,ASW,CE,Combined TRACON& Tower with Radar,226,92,105,17,440,0,14,49,7,70,226,106,154,24,510,0,0,0,510
09/09/2016,SAT,TX,ASW,CE,Combined TRACON& Tower with Radar,222,82,80,6,390,0,13,57,8,78,222,95,137,14,468,0,0,0,468
09/10/2016,SAT,TX,ASW,CE,Combined TRACON& Tower with Radar,163,55,76,7,301,0,11,36,5,52,163,66,112,12,353,0,0,0,353
09/11/2016,SAT,TX,ASW,CE,Combined TRACON& Tower with Radar,191,59,85,4,339,0,11,51,9,71,191,70,136,13,410,0,0,0,410
09/12/2016,SAT,TX,ASW,CE,Combined TRACON& Tower with Radar,222,60,94,15,391,0,14,50,6,70,222,74,144,21,461,0,0,0,461
09/13/2016,SAT,TX,ASW,CE,Combined TRACON& Tower with Radar,213,69,112,22,416,0,6,50,7,63,213,75,162,29,479,0,0,0,479
09/14/2016,SAT,TX,ASW,CE,Combined TRACON& Tower with Radar,212,84,136,17,449,0,6,52,7,65,212,90,188,24,514,0,0,0,514
09/15/2016,SAT,TX,ASW,CE,Combined TRACON& Tower with Radar,253,59,126,11,449,0,6,54,8,68,253,65,180,19,517,0,0,0,517
09/16/2016,SAT,TX,ASW,CE,Combined TRACON& Tower with Radar,253,53,87,16,409,0,13,73,4,90,253,66,160,20,499,0,0,0,499
09/17/2016,SAT,TX,ASW,CE,Combined TRACON& Tower with Radar,182,32,42,9,265,0,14,40,1,55,182,46,82,10,320,0,0,0,320
09/18/2016,SAT,TX,ASW,CE,Combined TRACON& Tower with Radar,221,56,94,5,376,0,12,59,3,74,221,68,153,8,450,0,0,0,450
09/19/2016,SAT,TX,ASW,CE,Combined TRACON& Tower with Radar,251,39,92,12,394,0,10,39,4,53,251,49,131,16,447,0,0,0,447
09/20/2016,SAT,TX,ASW,CE,Combined TRACON& Tower with Radar,235,49,122,28,434,0,16,48,13,77,235,65,170,41,511,0,0,0,511
09/21/2016,SAT,TX,ASW,CE,Combined TRACON& Tower with Radar,239,52,123,9,423,0,13,48,10,71,239,65,171,19,494,0,0,0,494
09/22/2016,SAT,TX,ASW,CE,Combined TRACON& Tower with Radar,260,54,116,4,434,0,15,74,7,96,260,69,190,11,530,0,0,0,530
09/23/2016,SAT,TX,ASW,CE,Combined TRACON& Tower with Radar,258,48,96,25,427,0,17,71,4,92,258,65,167,29,519,0,0,0,519
09/24/2016,SAT,TX,ASW,CE,Combined TRACON& Tower with Radar,184,23,67,8,282,0,14,24,2,40,184,37,91,10,322,0,0,0,322
09/25/2016,SAT,TX,ASW,CE,Combined TRACON& Tower with Radar,229,35,65,19,348,0,3,9,0,12,229,38,74,19,360,0,0,0,360
09/26/2016,SAT,TX,ASW,CE,Combined TRACON& Tower with Radar,252,43,115,4,414,0,3,13,0,16,252,46,128,4,430,8,0,8,438
09/27/2016,SAT,TX,ASW,CE,Combined TRACON& Tower with Radar,238,67,126,21,452,0,15,34,2,51,238,82,160,23,503,0,0,0,503
09/28/2016,SAT,TX,ASW,CE,Combined TRACON& Tower with Radar,242,51,114,30,437,0,26,97,2,125,242,77,211,32,562,0,0,0,562
09/29/2016,SAT,TX,ASW,CE,Combined TRACON& Tower with Radar,254,54,93,8,409,0,18,80,7,105,254,72,173,15,514,0,0,0,514
09/30/2016,SAT,TX,ASW,CE,Combined TRACON& Tower with Radar,257,50,90,6,403,0,15,100,3,118,257,65,190,9,521,0,0,0,521
10/01/2016,SAT,TX,ASW,CE,Combined TRACON& Tower with Radar,178,24,42,1,245,0,9,51,5,65,178,33,93,6,310,0,0,0,310
10/02/2016,SAT,TX,ASW,CE,Combined TRACON& Tower with Radar,227,23,66,1,317,0,12,69,7,88,227,35,135,8,405,0,0,0,405
10/03/2016,SAT,TX,ASW,CE,Combined TRACON& Tower with Radar,252,52,88,13,405,0,14,69,4,87,252,66,157,17,492,0,0,0,492
10/04/2016,SAT,TX,ASW,CE,Combined TRACON& Tower with Radar,240,57,97,8,402,0,11,36,4,51,240,68,133,12,453,0,0,0,453
10/05/2016,SAT,TX,ASW,CE,Combined TRACON& Tower with Radar,253,39,129,11,432,0,16,60,4,80,253,55,189,15,512,0,0,0,512
10/06/2016,SAT,TX,ASW,CE,Combined TRACON& Tower with Radar,255,50,134,10,449,0,12,49,6,67,255,62,183,16,516,0,0,0,516
10/07/2016,SAT,TX,ASW,CE,Combined TRACON& Tower with Radar,256,67,134,5,462,0,3,28,4,35,256,70,162,9,497,0,0,0,497
10/08/2016,SAT,TX,ASW,CE,Combined TRACON& Tower with Radar,186,27,71,1,285,0,6,85,5,96,186,33,156,6,381,0,0,0,381
10/09/2016,SAT,TX,ASW,CE,Combined TRACON& Tower with Radar,223,23,89,4,339,0,6,82,0,88,223,29,171,4,427,0,0,0,427
10/10/2016,SAT,TX,ASW,CE,Combined TRACON& Tower with Radar,242,34,98,2,376,0,7,80,4,91,242,41,178,6,467,0,0,0,467
10/11/2016,SAT,TX,ASW,CE,Combined TRACON& Tower with Radar,242,39,102,13,396,0,12,78,9,99,242,51,180,22,495,0,0,0,495
10/12/2016,SAT,TX,ASW,CE,Combined TRACON& Tower with Radar,249,61,103,17,430,0,14,57,4,75,249,75,160,21,505,0,0,0,505
10/13/2016,SAT,TX,ASW,CE,Combined TRACON& Tower with Radar,255,58,126,11,450,0,9,52,5,66,255,67,178,16,516,0,0,0,516
10/14/2016,SAT,TX,ASW,CE,Combined TRACON& Tower with Radar,251,51,120,15,437,0,9,38,5,52,251,60,158,20,489,0,0,0,489
10/15/2016,SAT,TX,ASW,CE,Combined TRACON& Tower with Radar,182,27,50,9,268,0,4,37,6,47,182,31,87,15,315,0,0,0,315
10/16/2016,SAT,TX,ASW,CE,Combined TRACON& Tower with Radar,223,35,87,6,351,0,4,54,6,64,223,39,141,12,415,0,0,0,415
10/17/2016,SAT,TX,ASW,CE,Combined TRACON& Tower with Radar,245,48,77,5,375,0,10,46,8,64,245,58,123,13,439,0,0,0,439
10/18/2016,SAT,TX,ASW,CE,Combined TRACON& Tower with Radar,242,57,82,17,398,0,19,67,5,91,242,76,149,22,489,0,0,0,489
10/19/2016,SAT,TX,ASW,CE,Combined TRACON& Tower with Radar,246,52,135,10,443,0,10,58,7,75,246,62,193,17,518,0,0,0,518
10/20/2016,SAT,TX,ASW,CE,Combined TRACON& Tower with Radar,263,60,143,19,485,0,16,33,2,51,263,76,176,21,536,0,0,0,536
10/21/2016,SAT,TX,ASW,CE,Combined TRACON& Tower with Radar,261,60,120,3,444,0,19,90,2,111,261,79,210,5,555,0,0,0,555
10/22/2016,SAT,TX,ASW,CE,Combined TRACON& Tower with Radar,188,22,47,6,263,0,13,62,5,80,188,35,109,11,343,0,0,0,343
10/23/2016,SAT,TX,ASW,CE,Combined TRACON& Tower with Radar,231,38,86,1,356,0,11,69,5,85,231,49,155,6,441,0,0,0,441
10/24/2016,SAT,TX,ASW,CE,Combined TRACON& Tower with Radar,249,37,118,8,412,0,18,55,3,76,249,55,173,11,488,0,0,0,488
10/25/2016,SAT,TX,ASW,CE,Combined TRACON& Tower with Radar,235,47,112,9,403,0,19,39,6,64,235,66,151,15,467,0,0,0,467
10/26/2016,SAT,TX,ASW,CE,Combined TRACON& Tower with Radar,245,56,114,6,421,0,11,58,6,75,245,67,172,12,496,0,0,0,496
10/27/2016,SAT,TX,ASW,CE,Combined TRACON& Tower with Radar,257,63,141,4,465,0,22,94,12,128,257,85,235,16,593,0,0,0,593
10/28/2016,SAT,TX,ASW,CE,Combined TRACON& Tower with Radar,253,48,105,6,412,0,13,81,9,103,253,61,186,15,515,0,0,0,515
10/29/2016,SAT,TX,ASW,CE,Combined TRACON& Tower with Radar,191,28,60,4,283,0,9,32,2,43,191,37,92,6,326,0,0,0,326
10/30/2016,SAT,TX,ASW,CE,Combined TRACON& Tower with Radar,217,36,88,10,351,0,6,39,3,48,217,42,127,13,399,4,0,4,403
10/31/2016,SAT,TX,ASW,CE,Combined TRACON& Tower with Radar,225,45,100,9,379,0,12,42,4,58,225,57,142,13,437,0,0,0,437
11/01/2016,SAT,TX,ASW,CE,Combined TRACON& Tower with Radar,239,51,123,24,437,0,4,45,4,53,239,55,168,28,490,0,0,0,490
11/02/2016,SAT,TX,ASW,CE,Combined TRACON& Tower with Radar,239,60,128,23,450,0,2,35,3,40,239,62,163,26,490,0,0,0,490
11/03/2016,SAT,TX,ASW,CE,Combined TRACON& Tower with Radar,258,60,131,5,454,0,2,14,2,18,258,62,145,7,472,0,0,0,472
11/04/2016,SAT,TX,ASW,CE,Combined TRACON& Tower with Radar,250,56,109,12,427,0,7,23,0,30,250,63,132,12,457,0,0,0,457
11/05/2016,SAT,TX,ASW,CE,Combined TRACON& Tower with Radar,184,25,74,1,284,0,12,11,2,25,184,37,85,3,309,0,0,0,309
11/06/2016,SAT,TX,ASW,CE,Combined TRACON& Tower with Radar,249,38,86,6,379,0,5,13,0,18,249,43,99,6,397,2,0,2,399
11/07/2016,SAT,TX,ASW,CE,Combined TRACON& Tower with Radar,239,38,111,6,394,0,9,13,0,22,239,47,124,6,416,0,0,0,416
11/08/2016,SAT,TX,ASW,CE,Combined TRACON& Tower with Radar,231,54,91,3,379,0,8,23,1,32,231,62,114,4,411,0,0,0,411
11/09/2016,SAT,TX,ASW,CE,Combined TRACON& Tower with Radar,255,67,128,12,462,0,1,2,0,3,255,68,130,12,465,0,0,0,465
11/10/2016,SAT,TX,ASW,CE,Combined TRACON& Tower with Radar,263,60,117,16,456,0,10,47,4,61,263,70,164,20,517,0,0,0,517
11/11/2016,SAT,TX,ASW,CE,Combined TRACON& Tower with Radar,269,66,137,12,484,0,6,73,2,81,269,72,210,14,565,22,0,22,587
11/12/2016,SAT,TX,ASW,CE,Combined TRACON& Tower with Radar,195,38,77,7,317,0,7,39,5,51,195,45,116,12,368,0,0,0,368
11/13/2016,SAT,TX,ASW,CE,Combined TRACON& Tower with Radar,237,53,107,10,407,0,2,71,0,73,237,55,178,10,480,12,0,12,492
11/14/2016,SAT,TX,ASW,CE,Combined TRACON& Tower with Radar,255,42,107,15,419,0,10,57,7,74,255,52,164,22,493,0,0,0,493
11/15/2016,SAT,TX,ASW,CE,Combined TRACON& Tower with Radar,262,49,122,17,450,0,7,84,5,96,262,56,206,22,546,0,0,0,546
11/16/2016,SAT,TX,ASW,CE,Combined TRACON& Tower with Radar,250,50,127,9,436,0,16,87,7,110,250,66,214,16,546,0,0,0,546
11/17/2016,SAT,TX,ASW,CE,Combined TRACON& Tower with Radar,259,68,161,4,492,0,6,54,3,63,259,74,215,7,555,0,0,0,555
11/18/2016,SAT,TX,ASW,CE,Combined TRACON& Tower with Radar,264,72,129,25,490,0,6,51,4,61,264,78,180,29,551,0,0,0,551
11/19/2016,SAT,TX,ASW,CE,Combined TRACON& Tower with Radar,202,33,80,6,321,0,9,55,5,69,202,42,135,11,390,0,0,0,390
11/20/2016,SAT,TX,ASW,CE,Combined TRACON& Tower with Radar,225,42,76,9,352,0,8,74,8,90,225,50,150,17,442,12,4,16,458
11/21/2016,SAT,TX,ASW,CE,Combined TRACON& Tower with Radar,225,53,93,12,383,0,9,77,10,96,225,62,170,22,479,0,0,0,479
11/22/2016,SAT,TX,ASW,CE,Combined TRACON& Tower with Radar,263,44,103,8,418,0,9,33,1,43,263,53,136,9,461,0,0,0,461
11/23/2016,SAT,TX,ASW,CE,Combined TRACON& Tower with Radar,260,65,85,9,419,0,12,72,1,85,260,77,157,10,504,0,0,0,504
11/24/2016,SAT,TX,ASW,CE,Combined TRACON& Tower with Radar,147,16,24,0,187,0,11,18,2,31,147,27,42,2,218,0,0,0,218
11/25/2016,SAT,TX,ASW,CE,Combined TRACON& Tower with Radar,207,49,40,4,300,0,5,10,0,15,207,54,50,4,315,0,0,0,315
11/26/2016,SAT,TX,ASW,CE,Combined TRACON& Tower with Radar,230,34,50,0,314,0,5,25,2,32,230,39,75,2,346,10,0,10,356
11/27/2016,SAT,TX,ASW,CE,Combined TRACON& Tower with Radar,256,40,101,1,398,0,7,22,2,31,256,47,123,3,429,0,0,0,429
11/28/2016,SAT,TX,ASW,CE,Combined TRACON& Tower with Radar,250,60,105,9,424,0,6,38,14,58,250,66,143,23,482,0,0,0,482
11/29/2016,SAT,TX,ASW,CE,Combined TRACON& Tower with Radar,256,59,106,6,427,0,19,47,5,71,256,78,153,11,498,0,0,0,498
11/30/2016,SAT,TX,ASW,CE,Combined TRACON& Tower with Radar,254,75,115,14,458,0,16,68,6,90,254,91,183,20,548,0,0,0,548
12/01/2016,SAT,TX,ASW,CE,Combined TRACON& Tower with Radar,268,61,96,7,432,0,16,97,8,121,268,77,193,15,553,0,0,0,553
12/02/2016,SAT,TX,ASW,CE,Combined TRACON& Tower with Radar,247,56,94,4,401,0,4,2,0,6,247,60,96,4,407,0,0,0,407
12/03/2016,SAT,TX,ASW,CE,Combined TRACON& Tower with Radar,191,30,42,6,269,0,0,0,0,0,191,30,42,6,269,0,0,0,269
12/04/2016,SAT,TX,ASW,CE,Combined TRACON& Tower with Radar,228,21,46,5,300,0,0,4,0,4,228,21,50,5,304,0,0,0,304
12/05/2016,SAT,TX,ASW,CE,Combined TRACON& Tower with Radar,237,58,106,19,420,0,4,3,1,8,237,62,109,20,428,0,0,0,428
12/06/2016,SAT,TX,ASW,CE,Combined TRACON& Tower with Radar,247,54,106,24,431,0,14,59,5,78,247,68,165,29,509,0,0,0,509
12/07/2016,SAT,TX,ASW,CE,Combined TRACON& Tower with Radar,252,67,111,13,443,0,11,11,1,23,252,78,122,14,466,0,0,0,466
12/08/2016,SAT,TX,ASW,CE,Combined TRACON& Tower with Radar,263,62,105,3,433,0,8,9,2,19,263,70,114,5,452,0,0,0,452
12/09/2016,SAT,TX,ASW,CE,Combined TRACON& Tower with Radar,259,50,99,10,418,0,13,55,1,69,259,63,154,11,487,0,0,0,487
12/10/2016,SAT,TX,ASW,CE,Combined TRACON& Tower with Radar,184,37,85,10,316,0,4,9,0,13,184,41,94,10,329,0,0,0,329
12/11/2016,SAT,TX,ASW,CE,Combined TRACON& Tower with Radar,231,32,62,11,336,0,0,1,0,1,231,32,63,11,337,0,0,0,337
12/12/2016,SAT,TX,ASW,CE,Combined TRACON& Tower with Radar,242,43,107,19,411,0,6,42,1,49,242,49,149,20,460,0,0,0,460
12/13/2016,SAT,TX,ASW,CE,Combined TRACON& Tower with Radar,259,54,108,24,445,0,1,53,8,62,259,55,161,32,507,0,0,0,507
12/14/2016,SAT,TX,ASW,CE,Combined TRACON& Tower with Radar,258,58,150,18,484,0,4,33,1,38,258,62,183,19,522,0,0,0,522
12/15/2016,SAT,TX,ASW,CE,Combined TRACON& Tower with Radar,266,60,130,19,475,0,7,8,1,16,266,67,138,20,491,0,0,0,491
12/16/2016,SAT,TX,ASW,CE,Combined TRACON& Tower with Radar,255,53,147,8,463,0,0,0,0,0,255,53,147,8,463,0,0,0,463
12/17/2016,SAT,TX,ASW,CE,Combined TRACON& Tower with Radar,204,43,76,11,334,1,6,25,1,33,205,49,101,12,367,0,0,0,367
12/18/2016,SAT,TX,ASW,CE,Combined TRACON& Tower with Radar,249,21,73,10,353,0,5,27,3,35,249,26,100,13,388,0,0,0,388
12/19/2016,SAT,TX,ASW,CE,Combined TRACON& Tower with Radar,252,37,92,7,388,0,8,45,2,55,252,45,137,9,443,0,0,0,443
12/20/2016,SAT,TX,ASW,CE,Combined TRACON& Tower with Radar,277,67,99,4,447,0,9,52,9,70,277,76,151,13,517,0,0,0,517
12/21/2016,SAT,TX,ASW,CE,Combined TRACON& Tower with Radar,284,65,99,10,458,0,9,47,6,62,284,74,146,16,520,0,0,0,520
12/22/2016,SAT,TX,ASW,CE,Combined TRACON& Tower with Radar,289,64,84,19,456,0,7,59,2,68,289,71,143,21,524,0,0,0,524
12/23/2016,SAT,TX,ASW,CE,Combined TRACON& Tower with Radar,266,67,49,12,394,0,2,1,0,3,266,69,50,12,397,0,0,0,397
12/24/2016,SAT,TX,ASW,CE,Combined TRACON& Tower with Radar,187,40,17,0,244,0,1,2,1,4,187,41,19,1,248,0,0,0,248
12/25/2016,SAT,TX,ASW,CE,Combined TRACON& Tower with Radar,187,27,21,0,235,0,5,5,0,10,187,32,26,0,245,0,0,0,245
12/26/2016,SAT,TX,ASW,CE,Combined TRACON& Tower with Radar,236,64,79,2,381,0,5,25,1,31,236,69,104,3,412,0,0,0,412
12/27/2016,SAT,TX,ASW,CE,Combined TRACON& Tower with Radar,268,54,95,7,424,0,2,24,1,27,268,56,119,8,451,0,0,0,451
12/28/2016,SAT,TX,ASW,CE,Combined TRACON& Tower with Radar,281,56,97,10,444,0,4,40,0,44,281,60,137,10,488,0,0,0,488
12/29/2016,SAT,TX,ASW,CE,Combined TRACON& Tower with Radar,276,46,87,0,409,0,11,39,0,50,276,57,126,0,459,0,0,0,459
12/30/2016,SAT,TX,ASW,CE,Combined TRACON& Tower with Radar,275,46,87,0,408,0,6,47,0,53,275,52,134,0,461,0,0,0,461
12/31/2016,SAT,TX,ASW,CE,Combined TRACON& Tower with Radar,179,21,33,0,233,0,6,16,0,22,179,27,49,0,255,0,0,0,255
01/01/2017,SAT,TX,ASW,CE,Combined TRACON& Tower with Radar,217,19,40,1,277,0,6,20,0,26,217,25,60,1,303,0,0,0,303
01/02/2017,SAT,TX,ASW,CE,Combined TRACON& Tower with Radar,248,45,74,0,367,0,7,40,0,47,248,52,114,0,414,0,0,0,414
01/03/2017,SAT,TX,ASW,CE,Combined TRACON& Tower with Radar,267,46,81,6,400,0,10,42,2,54,267,56,123,8,454,0,0,0,454
01/04/2017,SAT,TX,ASW,CE,Combined TRACON& Tower with Radar,253,53,71,8,385,0,7,59,0,66,253,60,130,8,451,0,0,0,451
01/05/2017,SAT,TX,ASW,CE,Combined TRACON& Tower with Radar,260,47,104,20,431,0,10,19,3,32,260,57,123,23,463,0,0,0,463
01/06/2017,SAT,TX,ASW,CE,Combined TRACON& Tower with Radar,253,48,57,8,366,0,5,13,2,20,253,53,70,10,386,0,0,0,386
01/07/2017,SAT,TX,ASW,CE,Combined TRACON& Tower with Radar,165,34,61,4,264,0,8,34,6,48,165,42,95,10,312,0,0,0,312
01/08/2017,SAT,TX,ASW,CE,Combined TRACON& Tower with Radar,221,29,63,7,320,0,4,44,5,53,221,33,107,12,373,0,0,0,373
01/09/2017,SAT,TX,ASW,CE,Combined TRACON& Tower with Radar,231,43,81,2,357,0,7,38,9,54,231,50,119,11,411,0,0,0,411
01/10/2017,SAT,TX,ASW,CE,Combined TRACON& Tower with Radar,244,58,97,22,421,0,7,38,11,56,244,65,135,33,477,0,0,0,477
01/11/2017,SAT,TX,ASW,CE,Combined TRACON& Tower with Radar,236,48,121,11,416,0,8,47,3,58,236,56,168,14,474,0,0,0,474
01/12/2017,SAT,TX,ASW,CE,Combined TRACON& Tower with Radar,248,42,116,11,417,0,4,26,6,36,248,46,142,17,453,0,0,0,453
01/13/2017,SAT,TX,ASW,CE,Combined TRACON& Tower with Radar,246,45,103,14,408,0,4,22,5,31,246,49,125,19,439,0,0,0,439
01/14/2017,SAT,TX,ASW,CE,Combined TRACON& Tower with Radar,158,21,47,4,230,0,1,7,0,8,158,22,54,4,238,0,0,0,238
01/15/2017,SAT,TX,ASW,CE,Combined TRACON& Tower with Radar,198,25,46,2,271,0,2,6,0,8,198,27,52,2,279,8,0,8,287
01/16/2017,SAT,TX,ASW,CE,Combined TRACON& Tower with Radar,252,39,90,2,383,0,6,16,1,23,252,45,106,3,406,0,0,0,406
01/17/2017,SAT,TX,ASW,CE,Combined TRACON& Tower with Radar,242,59,98,13,412,0,1,1,0,2,242,60,99,13,414,0,0,0,414
01/18/2017,SAT,TX,ASW,CE,Combined TRACON& Tower with Radar,242,52,101,32,427,0,2,10,3,15,242,54,111,35,442,0,0,0,442
01/19/2017,SAT,TX,ASW,CE,Combined TRACON& Tower with Radar,249,49,130,23,451,0,11,31,8,50,249,60,161,31,501,0,0,0,501
01/20/2017,SAT,TX,ASW,CE,Combined TRACON& Tower with Radar,244,46,79,30,399,0,5,37,2,44,244,51,116,32,443,0,0,0,443
01/21/2017,SAT,TX,ASW,CE,Combined TRACON& Tower with Radar,172,23,49,18,262,0,3,27,6,36,172,26,76,24,298,0,0,0,298
01/22/2017,SAT,TX,ASW,CE,Combined TRACON& Tower with Radar,211,25,62,6,304,0,0,25,3,28,211,25,87,9,332,0,0,0,332
01/23/2017,SAT,TX,ASW,CE,Combined TRACON& Tower with Radar,241,35,88,9,373,0,9,47,9,65,241,44,135,18,438,0,0,0,438
01/24/2017,SAT,TX,ASW,CE,Combined TRACON& Tower with Radar,237,48,84,8,377,0,8,60,6,74,237,56,144,14,451,0,0,0,451
01/25/2017,SAT,TX,ASW,CE,Combined TRACON& Tower with Radar,235,55,130,5,425,0,6,58,10,74,235,61,188,15,499,0,0,0,499
01/26/2017,SAT,TX,ASW,CE,Combined TRACON& Tower with Radar,249,52,110,12,423,0,13,54,9,76,249,65,164,21,499,0,0,0,499
01/27/2017,SAT,TX,ASW,CE,Combined TRACON& Tower with Radar,248,65,86,30,429,0,10,51,12,73,248,75,137,42,502,0,0,0,502
01/28/2017,SAT,TX,ASW,CE,Combined TRACON& Tower with Radar,167,31,46,3,247,0,8,32,3,43,167,39,78,6,290,0,0,0,290
01/29/2017,SAT,TX,ASW,CE,Combined TRACON& Tower with Radar,214,27,76,8,325,0,5,61,6,72,214,32,137,14,397,0,0,0,397
01/30/2017,SAT,TX,ASW,CE,Combined TRACON& Tower with Radar,239,36,103,11,389,0,4,56,11,71,239,40,159,22,460,0,0,0,460
01/31/2017,SAT,TX,ASW,CE,Combined TRACON& Tower with Radar,238,48,82,6,374,0,10,57,6,73,238,58,139,12,447,0,0,0,447
02/01/2017,SAT,TX,ASW,CE,Combined TRACON& Tower with Radar,249,57,78,7,391,0,6,50,2,58,249,63,128,9,449,0,0,0,449
02/02/2017,SAT,TX,ASW,CE,Combined TRACON& Tower with Radar,250,52,106,8,416,0,3,16,2,21,250,55,122,10,437,0,0,0,437
02/03/2017,SAT,TX,ASW,CE,Combined TRACON& Tower with Radar,251,57,120,13,441,0,5,22,0,27,251,62,142,13,468,0,0,0,468
02/04/2017,SAT,TX,ASW,CE,Combined TRACON& Tower with Radar,153,30,50,1,234,0,1,1,1,3,153,31,51,2,237,0,0,0,237
02/05/2017,SAT,TX,ASW,CE,Combined TRACON& Tower with Radar,206,28,51,1,286,0,1,2,0,3,206,29,53,1,289,10,0,10,299
02/06/2017,SAT,TX,ASW,CE,Combined TRACON& Tower with Radar,238,60,117,9,424,0,3,17,4,24,238,63,134,13,448,0,0,0,448
02/07/2017,SAT,TX,ASW,CE,Combined TRACON& Tower with Radar,241,57,107,14,419,0,2,46,5,53,241,59,153,19,472,0,0,0,472
02/08/2017,SAT,TX,ASW,CE,Combined TRACON& Tower with Radar,236,61,100,13,410,0,10,43,6,59,236,71,143,19,469,0,0,0,469
02/09/2017,SAT,TX,ASW,CE,Combined TRACON& Tower with Radar,246,47,86,12,391,0,6,69,2,77,246,53,155,14,468,0,0,0,468
02/10/2017,SAT,TX,ASW,CE,Combined TRACON& Tower with Radar,247,50,102,20,419,0,8,33,4,45,247,58,135,24,464,0,0,0,464
02/11/2017,SAT,TX,ASW,CE,Combined TRACON& Tower with Radar,173,31,61,2,267,0,5,33,3,41,173,36,94,5,308,0,0,0,308
02/12/2017,SAT,TX,ASW,CE,Combined TRACON& Tower with Radar,213,34,66,7,320,0,4,46,4,54,213,38,112,11,374,0,0,0,374
02/13/2017,SAT,TX,ASW,CE,Combined TRACON& Tower with Radar,243,52,88,5,388,0,6,17,2,25,243,58,105,7,413,0,0,0,413
02/14/2017,SAT,TX,ASW,CE,Combined TRACON& Tower with Radar,232,56,78,21,387,0,8,16,2,26,232,64,94,23,413,0,0,0,413
02/15/2017,SAT,TX,ASW,CE,Combined TRACON& Tower with Radar,233,59,114,2,408,0,13,58,4,75,233,72,172,6,483,0,0,0,483
02/16/2017,SAT,TX,ASW,CE,Combined TRACON& Tower with Radar,252,55,99,12,418,0,13,56,9,78,252,68,155,21,496,0,0,0,496
02/17/2017,SAT,TX,ASW,CE,Combined TRACON& Tower with Radar,243,53,138,10,444,0,10,75,3,88,243,63,213,13,532,0,0,0,532
02/18/2017,SAT,TX,ASW,CE,Combined TRACON& Tower with Radar,171,32,55,2,260,0,4,39,0,43,171,36,94,2,303,0,0,0,303
02/19/2017,SAT,TX,ASW,CE,Combined TRACON& Tower with Radar,197,22,72,5,296,0,0,7,0,7,197,22,79,5,303,6,0,6,309
02/20/2017,SAT,TX,ASW,CE,Combined TRACON& Tower with Radar,242,34,96,5,377,0,5,30,0,35,242,39,126,5,412,0,0,0,412
02/21/2017,SAT,TX,ASW,CE,Combined TRACON& Tower with Radar,251,42,115,11,419,0,6,59,3,68,251,48,174,14,487,0,0,0,487
02/22/2017,SAT,TX,ASW,CE,Combined TRACON& Tower with Radar,249,57,124,10,440,0,6,77,13,96,249,63,201,23,536,0,0,0,536
02/23/2017,SAT,TX,ASW,CE,Combined TRACON& Tower with Radar,251,49,123,10,433,0,6,58,10,74,251,55,181,20,507,0,0,0,507
02/24/2017,SAT,TX,ASW,CE,Combined TRACON& Tower with Radar,247,63,80,4,394,0,11,62,12,85,247,74,142,16,479,0,0,0,479
02/25/2017,SAT,TX,ASW,CE,Combined TRACON& Tower with Radar,174,20,51,7,252,0,4,67,4,75,174,24,118,11,327,0,0,0,327
02/26/2017,SAT,TX,ASW,CE,Combined TRACON& Tower with Radar,226,35,74,9,344,0,7,13,1,21,226,42,87,10,365,6,0,6,371
02/27/2017,SAT,TX,ASW,CE,Combined TRACON& Tower with Radar,248,38,74,13,373,0,2,13,4,19,248,40,87,17,392,1,0,1,393
02/28/2017,SAT,TX,ASW,CE,Combined TRACON& Tower with Radar,251,70,71,6,398,0,1,11,4,16,251,71,82,10,414,0,0,0,414
03/01/2017,SAT,TX,ASW,CE,Combined TRACON& Tower with Radar,255,60,121,12,448,0,5,51,1,57,255,65,172,13,505,0,0,0,505
03/02/2017,SAT,TX,ASW,CE,Combined TRACON& Tower with Radar,259,46,121,15,441,0,14,57,5,76,259,60,178,20,517,0,0,0,517
03/03/2017,SAT,TX,ASW,CE,Combined TRACON& Tower with Radar,245,61,97,2,405,0,10,55,2,67,245,71,152,4,472,0,0,0,472
03/04/2017,SAT,TX,ASW,CE,Combined TRACON& Tower with Radar,167,24,49,2,242,0,3,5,0,8,167,27,54,2,250,0,0,0,250
03/05/2017,SAT,TX,ASW,CE,Combined TRACON& Tower with Radar,229,29,80,2,340,0,5,12,0,17,229,34,92,2,357,0,0,0,357
03/06/2017,SAT,TX,ASW,CE,Combined TRACON& Tower with Radar,235,41,74,2,352,0,7,14,6,27,235,48,88,8,379,0,0,0,379
03/07/2017,SAT,TX,ASW,CE,Combined TRACON& Tower with Radar,251,52,109,3,415,0,2,24,1,27,251,54,133,4,442,0,0,0,442
03/08/2017,SAT,TX,ASW,CE,Combined TRACON& Tower with Radar,250,63,96,15,424,0,2,18,0,20,250,65,114,15,444,0,0,0,444
03/09/2017,SAT,TX,ASW,CE,Combined TRACON& Tower with Radar,259,68,93,1,421,0,0,19,0,19,259,68,112,1,440,0,0,0,440
03/10/2017,SAT,TX,ASW,CE,Combined TRACON& Tower with Radar,269,80,90,9,448,0,1,6,0,7,269,81,96,9,455,0,0,0,455
03/11/2017,SAT,TX,ASW,CE,Combined TRACON& Tower with Radar,201,26,89,7,323,0,3,4,2,9,201,29,93,9,332,0,0,0,332
03/12/2017,SAT,TX,ASW,CE,Combined TRACON& Tower with Radar,245,37,64,13,359,0,2,2,4,8,245,39,66,17,367,0,0,0,367
03/13/2017,SAT,TX,ASW,CE,Combined TRACON& Tower with Radar,247,32,77,19,375,0,3,30,0,33,247,35,107,19,408,1,1,2,410
03/14/2017,SAT,TX,ASW,CE,Combined TRACON& Tower with Radar,242,47,91,7,387,0,8,72,5,85,242,55,163,12,472,0,0,0,472
03/15/2017,SAT,TX,ASW,CE,Combined TRACON& Tower with Radar,253,51,96,0,400,0,6,31,5,42,253,57,127,5,442,0,0,0,442
03/16/2017,SAT,TX,ASW,CE,Combined TRACON& Tower with Radar,270,71,117,2,460,0,10,7,2,19,270,81,124,4,479,0,0,0,479
03/17/2017,SAT,TX,ASW,CE,Combined TRACON& Tower with Radar,259,66,88,7,420,0,3,30,2,35,259,69,118,9,455,0,0,0,455
03/18/2017,SAT,TX,ASW,CE,Combined TRACON& Tower with Radar,202,30,70,2,304,0,0,19,3,22,202,30,89,5,326,0,0,0,326
03/19/2017,SAT,TX,ASW,CE,Combined TRACON& Tower with Radar,251,35,106,3,395,0,7,49,3,59,251,42,155,6,454,0,0,0,454
03/20/2017,SAT,TX,ASW,CE,Combined TRACON& Tower with Radar,256,54,117,10,437,0,6,43,2,51,256,60,160,12,488,0,0,0,488
03/21/2017,SAT,TX,ASW,CE,Combined TRACON& Tower with Radar,249,70,113,7,439,0,7,36,4,47,249,77,149,11,486,0,0,0,486
03/22/2017,SAT,TX,ASW,CE,Combined TRACON& Tower with Radar,259,61,122,15,457,0,5,28,5,38,259,66,150,20,495,0,0,0,495
03/23/2017,SAT,TX,ASW,CE,Combined TRACON& Tower with Radar,266,60,123,4,453,0,8,51,13,72,266,68,174,17,525,0,0,0,525
03/24/2017,SAT,TX,ASW,CE,Combined TRACON& Tower with Radar,261,56,82,7,406,0,5,28,1,34,261,61,110,8,440,0,0,0,440
03/25/2017,SAT,TX,ASW,CE,Combined TRACON& Tower with Radar,199,42,56,8,305,0,7,49,14,70,199,49,105,22,375,0,0,0,375
03/26/2017,SAT,TX,ASW,CE,Combined TRACON& Tower with Radar,251,47,66,4,368,0,3,33,4,40,251,50,99,8,408,0,0,0,408
03/27/2017,SAT,TX,ASW,CE,Combined TRACON& Tower with Radar,253,47,98,6,404,0,7,33,0,40,253,54,131,6,444,1,0,1,445
03/28/2017,SAT,TX,ASW,CE,Combined TRACON& Tower with Radar,233,64,108,12,417,0,3,22,5,30,233,67,130,17,447,0,0,0,447
03/29/2017,SAT,TX,ASW,CE,Combined TRACON& Tower with Radar,277,68,90,20,455,0,6,26,5,37,277,74,116,25,492,0,0,0,492
03/30/2017,SAT,TX,ASW,CE,Combined TRACON& Tower with Radar,268,61,105,14,448,0,5,68,8,81,268,66,173,22,529,0,0,0,529
03/31/2017,SAT,TX,ASW,CE,Combined TRACON& Tower with Radar,251,52,85,7,395,0,7,68,10,85,251,59,153,17,480,0,0,0,480
04/01/2017,SAT,TX,ASW,CE,Combined TRACON& Tower with Radar,186,31,44,0,261,0,3,5,1,9,186,34,49,1,270,0,0,0,270
04/02/2017,SAT,TX,ASW,CE,Combined TRACON& Tower with Radar,248,30,44,5,327,0,3,16,1,20,248,33,60,6,347,0,0,0,347
04/03/2017,SAT,TX,ASW,CE,Combined TRACON& Tower with Radar,249,34,77,2,362,0,8,58,6,72,249,42,135,8,434,0,0,0,434
04/04/2017,SAT,TX,ASW,CE,Combined TRACON& Tower with Radar,258,49,106,5,418,0,12,57,6,75,258,61,163,11,493,0,0,0,493
04/05/2017,SAT,TX,ASW,CE,Combined TRACON& Tower with Radar,239,46,98,4,387,0,7,34,2,43,239,53,132,6,430,0,0,0,430
04/06/2017,SAT,TX,ASW,CE,Combined TRACON& Tower with Radar,246,54,105,4,409,0,6,55,8,69,246,60,160,12,478,12,0,12,490
04/07/2017,SAT,TX,ASW,CE,Combined TRACON& Tower with Radar,263,59,99,6,427,0,17,77,2,96,263,76,176,8,523,0,0,0,523
04/08/2017,SAT,TX,ASW,CE,Combined TRACON& Tower with Radar,184,37,75,3,299,0,7,27,7,41,184,44,102,10,340,0,0,0,340
04/09/2017,SAT,TX,ASW,CE,Combined TRACON& Tower with Radar,249,35,79,1,364,0,3,16,0,19,249,38,95,1,383,0,0,0,383
04/10/2017,SAT,TX,ASW,CE,Combined TRACON& Tower with Radar,241,59,117,9,426,0,6,10,0,16,241,65,127,9,442,0,0,0,442
04/11/2017,SAT,TX,ASW,CE,Combined TRACON& Tower with Radar,277,74,114,7,472,0,1,1,0,2,277,75,115,7,474,0,0,0,474
04/12/2017,SAT,TX,ASW,CE,Combined TRACON& Tower with Radar,253,68,116,15,452,0,5,22,0,27,253,73,138,15,479,0,0,0,479
04/13/2017,SAT,TX,ASW,CE,Combined TRACON& Tower with Radar,264,57,121,18,460,0,2,25,1,28,264,59,146,19,488,0,0,0,488
04/14/2017,SAT,TX,ASW,CE,Combined TRACON& Tower with Radar,254,52,89,1,396,0,10,33,1,44,254,62,122,2,440,0,0,0,440
04/15/2017,SAT,TX,ASW,CE,Combined TRACON& Tower with Radar,180,44,56,2,282,0,1,15,0,16,180,45,71,2,298,0,0,0,298
04/16/2017,SAT,TX,ASW,CE,Combined TRACON& Tower with Radar,235,38,67,8,348,0,2,19,3,24,235,40,86,11,372,0,0,0,372
04/17/2017,SAT,TX,ASW,CE,Combined TRACON& Tower with Radar,272,63,104,3,442,0,2,14,1,17,272,65,118,4,459,0,0,0,459
04/18/2017,SAT,TX,ASW,CE,Combined TRACON& Tower with Radar,260,80,148,10,498,0,13,45,7,65,260,93,193,17,563,0,0,0,563
04/19/2017,SAT,TX,ASW,CE,Combined TRACON& Tower with Radar,252,84,120,16,472,0,8,37,2,47,252,92,157,18,519,0,0,0,519
04/20/2017,SAT,TX,ASW,CE,Combined TRACON& Tower with Radar,259,57,131,14,461,0,4,41,7,52,259,61,172,21,513,0,0,0,513
04/21/2017,SAT,TX,ASW,CE,Combined TRACON& Tower with Radar,258,53,104,8,423,0,7,38,1,46,258,60,142,9,469,0,0,0,469
04/22/2017,SAT,TX,ASW,CE,Combined TRACON& Tower with Radar,190,41,56,1,288,0,4,11,1,16,190,45,67,2,304,0,0,0,304
04/23/2017,SAT,TX,ASW,CE,Combined TRACON& Tower with Radar,250,50,79,2,381,0,3,67,2,72,250,53,146,4,453,2,0,2,455
04/24/2017,SAT,TX,ASW,CE,Combined TRACON& Tower with Radar,244,46,96,10,396,0,2,49,3,54,244,48,145,13,450,6,0,6,456
04/25/2017,SAT,TX,ASW,CE,Combined TRACON& Tower with Radar,265,64,135,6,470,0,10,35,1,46,265,74,170,7,516,0,0,0,516
04/26/2017,SAT,TX,ASW,CE,Combined TRACON& Tower with Radar,260,64,122,13,459,0,9,24,3,36,260,73,146,16,495,0,0,0,495
04/27/2017,SAT,TX,ASW,CE,Combined TRACON& Tower with Radar,269,61,119,2,451,0,6,75,3,84,269,67,194,5,535,0,0,0,535
04/28/2017,SAT,TX,ASW,CE,Combined TRACON& Tower with Radar,255,49,107,21,432,0,3,51,1,55,255,52,158,22,487,0,0,0,487
04/29/2017,SAT,TX,ASW,CE,Combined TRACON& Tower with Radar,184,29,64,11,288,0,8,26,0,34,184,37,90,11,322,0,0,0,322
04/30/2017,SAT,TX,ASW,CE,Combined TRACON& Tower with Radar,250,31,52,11,344,0,3,32,6,41,250,34,84,17,385,6,2,8,393
05/01/2017,SAT,TX,ASW,CE,Combined TRACON& Tower with Radar,245,57,107,7,416,0,7,69,2,78,245,64,176,9,494,0,0,0,494
05/02/2017,SAT,TX,ASW,CE,Combined TRACON& Tower with Radar,271,64,97,8,440,0,8,44,6,58,271,72,141,14,498,0,0,0,498
05/03/2017,SAT,TX,ASW,CE,Combined TRACON& Tower with Radar,272,67,103,15,457,0,6,13,1,20,272,73,116,16,477,0,0,0,477
05/04/2017,SAT,TX,ASW,CE,Combined TRACON& Tower with Radar,286,56,108,3,453,0,11,58,7,76,286,67,166,10,529,0,0,0,529
05/05/2017,SAT,TX,ASW,CE,Combined TRACON& Tower with Radar,259,45,70,10,384,0,13,61,10,84,259,58,131,20,468,0,0,0,468
05/06/2017,SAT,TX,ASW,CE,Combined TRACON& Tower with Radar,182,21,51,8,262,0,8,64,6,78,182,29,115,14,340,0,0,0,340
05/07/2017,SAT,TX,ASW,CE,Combined TRACON& Tower with Radar,249,64,71,5,389,0,7,51,1,59,249,71,122,6,448,6,0,6,454
05/08/2017,SAT,TX,ASW,CE,Combined TRACON& Tower with Radar,247,48,115,17,427,0,4,24,5,33,247,52,139,22,460,0,0,0,460
05/09/2017,SAT,TX,ASW,CE,Combined TRACON& Tower with Radar,281,55,143,8,487,0,2,8,0,10,281,57,151,8,497,0,0,0,497
05/10/2017,SAT,TX,ASW,CE,Combined TRACON& Tower with Radar,262,62,139,7,470,0,6,22,2,30,262,68,161,9,500,0,0,0,500
05/11/2017,SAT,TX,ASW,CE,Combined TRACON& Tower with Radar,284,58,138,9,489,0,5,18,3,26,284,63,156,12,515,0,0,0,515
05/12/2017,SAT,TX,ASW,CE,Combined TRACON& Tower with Radar,264,60,91,8,423,0,7,61,1,69,264,67,152,9,492,0,0,0,492
05/13/2017,SAT,TX,ASW,CE,Combined TRACON& Tower with Radar,181,34,31,9,255,0,4,42,2,48,181,38,73,11,303,0,0,0,303
05/14/2017,SAT,TX,ASW,CE,Combined TRACON& Tower with Radar,245,38,67,8,358,0,9,48,2,59,245,47,115,10,417,24,0,24,441
05/15/2017,SAT,TX,ASW,CE,Combined TRACON& Tower with Radar,254,41,85,4,384,0,9,34,5,48,254,50,119,9,432,6,0,6,438
05/16/2017,SAT,TX,ASW,CE,Combined TRACON& Tower with Radar,270,59,114,6,449,0,5,12,3,20,270,64,126,9,469,0,0,0,469
05/17/2017,SAT,TX,ASW,CE,Combined TRACON& Tower with Radar,269,45,101,13,428,0,2,22,1,25,269,47,123,14,453,0,0,0,453
05/18/2017,SAT,TX,ASW,CE,Combined TRACON& Tower with Radar,272,56,116,18,462,0,9,25,1,35,272,65,141,19,497,0,0,0,497
05/19/2017,SAT,TX,ASW,CE,Combined TRACON& Tower with Radar,261,54,96,29,440,0,8,24,4,36,261,62,120,33,476,0,0,0,476
05/20/2017,SAT,TX,ASW,CE,Combined TRACON& Tower with Radar,192,27,62,10,291,0,6,8,0,14,192,33,70,10,305,0,0,0,305
05/21/2017,SAT,TX,ASW,CE,Combined TRACON& Tower with Radar,247,18,58,7,330,0,4,11,3,18,247,22,69,10,348,0,0,0,348
05/22/2017,SAT,TX,ASW,CE,Combined TRACON& Tower with Radar,254,55,137,15,461,0,3,6,2,11,254,58,143,17,472,0,6,6,478
05/23/2017,SAT,TX,ASW,CE,Combined TRACON& Tower with Radar,276,54,112,5,447,0,4,31,6,41,276,58,143,11,488,0,0,0,488
05/24/2017,SAT,TX,ASW,CE,Combined TRACON& Tower with Radar,269,57,106,11,443,0,8,55,13,76,269,65,161,24,519,0,0,0,519
05/25/2017,SAT,TX,ASW,CE,Combined TRACON& Tower with Radar,284,51,104,0,439,0,7,43,8,58,284,58,147,8,497,4,0,4,501
05/26/2017,SAT,TX,ASW,CE,Combined TRACON& Tower with Radar,268,57,99,6,430,0,6,38,2,46,268,63,137,8,476,0,0,0,476
05/27/2017,SAT,TX,ASW,CE,Combined TRACON& Tower with Radar,188,25,40,0,253,0,5,20,4,29,188,30,60,4,282,0,0,0,282
05/28/2017,SAT,TX,ASW,CE,Combined TRACON& Tower with Radar,215,24,37,3,279,0,3,15,3,21,215,27,52,6,300,0,0,0,300
05/29/2017,SAT,TX,ASW,CE,Combined TRACON& Tower with Radar,224,35,51,8,318,0,1,15,2,18,224,36,66,10,336,0,0,0,336
05/30/2017,SAT,TX,ASW,CE,Combined TRACON& Tower with Radar,261,52,97,5,415,0,6,27,7,40,261,58,124,12,455,0,0,0,455
05/31/2017,SAT,TX,ASW,CE,Combined TRACON& Tower with Radar,269,50,99,11,429,0,5,15,1,21,269,55,114,12,450,0,0,0,450
06/01/2017,SAT,TX,ASW,CE,Combined TRACON& Tower with Radar,280,48,113,10,451,0,11,24,0,35,280,59,137,10,486,0,0,0,486
06/02/2017,SAT,TX,ASW,CE,Combined TRACON& Tower with Radar,268,61,106,1,436,0,2,26,1,29,268,63,132,2,465,0,0,0,465
06/03/2017,SAT,TX,ASW,CE,Combined TRACON& Tower with Radar,171,32,47,4,254,0,2,33,0,35,171,34,80,4,289,0,0,0,289
06/04/2017,SAT,TX,ASW,CE,Combined TRACON& Tower with Radar,262,26,63,3,354,0,3,29,6,38,262,29,92,9,392,0,0,0,392
06/05/2017,SAT,TX,ASW,CE,Combined TRACON& Tower with Radar,268,62,89,16,435,0,4,27,2,33,268,66,116,18,468,0,0,0,468
06/06/2017,SAT,TX,ASW,CE,Combined TRACON& Tower with Radar,273,57,96,9,435,0,11,56,2,69,273,68,152,11,504,0,0,0,504
06/07/2017,SAT,TX,ASW,CE,Combined TRACON& Tower with Radar,270,53,104,13,440,0,12,60,9,81,270,65,164,22,521,0,0,0,521
06/08/2017,SAT,TX,ASW,CE,Combined TRACON& Tower with Radar,281,40,96,12,429,0,5,59,3,67,281,45,155,15,496,0,0,0,496
06/09/2017,SAT,TX,ASW,CE,Combined TRACON& Tower with Radar,268,50,73,12,403,0,11,36,5,52,268,61,109,17,455,0,0,0,455
06/10/2017,SAT,TX,ASW,CE,Combined TRACON& Tower with Radar,220,36,46,5,307,0,6,27,10,43,220,42,73,15,350,0,0,0,350
06/11/2017,SAT,TX,ASW,CE,Combined TRACON& Tower with Radar,260,39,49,4,352,0,4,43,0,47,260,43,92,4,399,0,0,0,399
06/12/2017,SAT,TX,ASW,CE,Combined TRACON& Tower with Radar,258,38,76,6,378,0,8,28,2,38,258,46,104,8,416,10,0,10,426
06/13/2017,SAT,TX,ASW,CE,Combined TRACON& Tower with Radar,283,63,93,16,455,0,8,47,5,60,283,71,140,21,515,0,0,0,515
06/14/2017,SAT,TX,ASW,CE,Combined TRACON& Tower with Radar,273,58,131,25,487,0,16,42,7,65,273,74,173,32,552,0,0,0,552
06/15/2017,SAT,TX,ASW,CE,Combined TRACON& Tower with Radar,271,65,120,14,470,0,10,72,3,85,271,75,192,17,555,0,0,0,555
06/16/2017,SAT,TX,ASW,CE,Combined TRACON& Tower with Radar,275,43,91,11,420,0,8,70,6,84,275,51,161,17,504,0,0,0,504
06/17/2017,SAT,TX,ASW,CE,Combined TRACON& Tower with Radar,231,22,45,5,303,0,12,32,5,49,231,34,77,10,352,0,0,0,352
06/18/2017,SAT,TX,ASW,CE,Combined TRACON& Tower with Radar,262,30,49,10,351,0,6,27,4,37,262,36,76,14,388,4,2,6,394
06/19/2017,SAT,TX,ASW,CE,Combined TRACON& Tower with Radar,254,33,74,10,371,0,14,49,3,66,254,47,123,13,437,0,0,0,437
06/20/2017,SAT,TX,ASW,CE,Combined TRACON& Tower with Radar,287,53,97,8,445,0,17,61,4,82,287,70,158,12,527,0,0,0,527
06/21/2017,SAT,TX,ASW,CE,Combined TRACON& Tower with Radar,270,49,110,3,432,0,19,76,3,98,270,68,186,6,530,0,0,0,530
06/22/2017,SAT,TX,ASW,CE,Combined TRACON& Tower with Radar,280,44,93,14,431,0,17,68,5,90,280,61,161,19,521,0,0,0,521
06/23/2017,SAT,TX,ASW,CE,Combined TRACON& Tower with Radar,271,44,86,7,408,0,17,51,9,77,271,61,137,16,485,0,0,0,485
06/24/2017,SAT,TX,ASW,CE,Combined TRACON& Tower with Radar,225,30,35,3,293,0,7,4,4,15,225,37,39,7,308,0,0,0,308
06/25/2017,SAT,TX,ASW,CE,Combined TRACON& Tower with Radar,267,34,40,3,344,0,10,16,5,31,267,44,56,8,375,0,0,0,375
06/26/2017,SAT,TX,ASW,CE,Combined TRACON& Tower with Radar,265,40,79,9,393,0,13,22,1,36,265,53,101,10,429,0,0,0,429
06/27/2017,SAT,TX,ASW,CE,Combined TRACON& Tower with Radar,276,49,102,6,433,0,10,25,0,35,276,59,127,6,468,0,0,0,468
06/28/2017,SAT,TX,ASW,CE,Combined TRACON& Tower with Radar,273,51,121,8,453,0,14,32,1,47,273,65,153,9,500,0,0,0,500
06/29/2017,SAT,TX,ASW,CE,Combined TRACON& Tower with Radar,291,62,107,7,467,0,25,62,3,90,291,87,169,10,557,0,0,0,557
06/30/2017,SAT,TX,ASW,CE,Combined TRACON& Tower with Radar,266,66,98,5,435,0,17,25,3,45,266,83,123,8,480,0,0,0,480
07/01/2017,SAT,TX,ASW,CE,Combined TRACON& Tower with Radar,229,48,78,3,358,0,15,25,5,45,229,63,103,8,403,0,0,0,403
07/02/2017,SAT,TX,ASW,CE,Combined TRACON& Tower with Radar,247,42,36,12,337,0,13,40,5,58,247,55,76,17,395,10,0,10,405
07/03/2017,SAT,TX,ASW,CE,Combined TRACON& Tower with Radar,227,35,41,7,310,0,11,43,1,55,227,46,84,8,365,0,0,0,365
07/04/2017,SAT,TX,ASW,CE,Combined TRACON& Tower with Radar,217,27,29,1,274,0,15,32,4,51,217,42,61,5,325,0,0,0,325
07/05/2017,SAT,TX,ASW,CE,Combined TRACON& Tower with Radar,258,43,77,25,403,0,9,51,7,67,258,52,128,32,470,0,0,0,470
07/06/2017,SAT,TX,ASW,CE,Combined TRACON& Tower with Radar,287,48,87,10,432,0,13,48,5,66,287,61,135,15,498,0,0,0,498
07/07/2017,SAT,TX,ASW,CE,Combined TRACON& Tower with Radar,271,48,72,18,409,0,13,53,1,67,271,61,125,19,476,0,0,0,476
07/08/2017,SAT,TX,ASW,CE,Combined TRACON& Tower with Radar,245,40,58,15,358,0,12,50,1,63,245,52,108,16,421,0,0,0,421
07/09/2017,SAT,TX,ASW,CE,Combined TRACON& Tower with Radar,293,28,48,14,383,0,15,38,5,58,293,43,86,19,441,0,0,0,441
07/10/2017,SAT,TX,ASW,CE,Combined TRACON& Tower with Radar,259,41,70,8,378,0,10,49,6,65,259,51,119,14,443,0,0,0,443
07/11/2017,SAT,TX,ASW,CE,Combined TRACON& Tower with Radar,284,48,96,8,436,0,8,62,2,72,284,56,158,10,508,0,0,0,508
07/12/2017,SAT,TX,ASW,CE,Combined TRACON& Tower with Radar,269,48,91,2,410,0,10,28,0,38,269,58,119,2,448,0,0,0,448
07/13/2017,SAT,TX,ASW,CE,Combined TRACON& Tower with Radar,283,63,100,6,452,0,15,65,0,80,283,78,165,6,532,4,0,4,536
07/14/2017,SAT,TX,ASW,CE,Combined TRACON& Tower with Radar,272,52,88,9,421,0,14,69,2,85,272,66,157,11,506,0,0,0,506
07/15/2017,SAT,TX,ASW,CE,Combined TRACON& Tower with Radar,253,51,51,8,363,0,7,27,2,36,253,58,78,10,399,0,0,0,399
07/16/2017,SAT,TX,ASW,CE,Combined TRACON& Tower with Radar,270,26,69,6,371,0,7,34,2,43,270,33,103,8,414,0,0,0,414
07/17/2017,SAT,TX,ASW,CE,Combined TRACON& Tower with Radar,260,29,66,7,362,0,9,55,1,65,260,38,121,8,427,0,0,0,427
07/18/2017,SAT,TX,ASW,CE,Combined TRACON& Tower with Radar,284,64,109,4,461,0,13,62,4,79,284,77,171,8,540,0,0,0,540
07/19/2017,SAT,TX,ASW,CE,Combined TRACON& Tower with Radar,269,51,100,16,436,0,10,77,6,93,269,61,177,22,529,0,0,0,529
07/20/2017,SAT,TX,ASW,CE,Combined TRACON& Tower with Radar,280,52,76,9,417,0,14,64,8,86,280,66,140,17,503,0,0,0,503
07/21/2017,SAT,TX,ASW,CE,Combined TRACON& Tower with Radar,261,48,77,6,392,0,18,68,5,91,261,66,145,11,483,0,0,0,483
07/22/2017,SAT,TX,ASW,CE,Combined TRACON& Tower with Radar,225,29,41,7,302,0,5,37,7,49,225,34,78,14,351,0,0,0,351
07/23/2017,SAT,TX,ASW,CE,Combined TRACON& Tower with Radar,269,37,56,9,371,0,9,41,5,55,269,46,97,14,426,4,0,4,430
07/24/2017,SAT,TX,ASW,CE,Combined TRACON& Tower with Radar,273,47,82,5,407,0,15,40,0,55,273,62,122,5,462,4,0,4,466
07/25/2017,SAT,TX,ASW,CE,Combined TRACON& Tower with Radar,280,53,79,4,416,0,10,37,3,50,280,63,116,7,466,0,0,0,466
07/26/2017,SAT,TX,ASW,CE,Combined TRACON& Tower with Radar,274,55,87,10,426,0,12,50,5,67,274,67,137,15,493,0,0,0,493
07/27/2017,SAT,TX,ASW,CE,Combined TRACON& Tower with Radar,275,44,111,14,444,0,13,56,4,73,275,57,167,18,517,0,0,0,517
07/28/2017,SAT,TX,ASW,CE,Combined TRACON& Tower with Radar,269,57,73,5,404,0,9,45,9,63,269,66,118,14,467,0,0,0,467
07/29/2017,SAT,TX,ASW,CE,Combined TRACON& Tower with Radar,226,28,67,8,329,0,4,34,7,45,226,32,101,15,374,2,0,2,376
07/30/2017,SAT,TX,ASW,CE,Combined TRACON& Tower with Radar,264,23,58,3,348,0,10,29,3,42,264,33,87,6,390,10,0,10,400
07/31/2017,SAT,TX,ASW,CE,Combined TRACON& Tower with Radar,264,48,58,13,383,0,9,48,2,59,264,57,106,15,442,0,0,0,442
08/01/2017,SAT,TX,ASW,CE,Combined TRACON& Tower with Radar,292,68,82,6,448,0,4,64,8,76,292,72,146,14,524,0,0,0,524
08/02/2017,SAT,TX,ASW,CE,Combined TRACON& Tower with Radar,267,57,95,14,433,0,5,35,7,47,267,62,130,21,480,0,0,0,480
08/03/2017,SAT,TX,ASW,CE,Combined TRACON& Tower with Radar,275,49,119,11,454,0,4,30,4,38,275,53,149,15,492,0,0,0,492
08/04/2017,SAT,TX,ASW,CE,Combined TRACON& Tower with Radar,278,54,84,11,427,0,13,47,4,64,278,67,131,15,491,0,0,0,491
08/05/2017,SAT,TX,ASW,CE,Combined TRACON& Tower with Radar,227,38,48,9,322,0,5,34,8,47,227,43,82,17,369,0,10,10,379
08/06/2017,SAT,TX,ASW,CE,Combined TRACON& Tower with Radar,264,31,49,15,359,0,2,21,2,25,264,33,70,17,384,4,2,6,390
08/07/2017,SAT,TX,ASW,CE,Combined TRACON& Tower with Radar,257,52,82,1,392,0,11,14,3,28,257,63,96,4,420,0,0,0,420
08/08/2017,SAT,TX,ASW,CE,Combined TRACON& Tower with Radar,283,56,89,12,440,0,9,47,3,59,283,65,136,15,499,0,0,0,499
08/09/2017,SAT,TX,ASW,CE,Combined TRACON& Tower with Radar,279,68,122,18,487,0,12,52,11,75,279,80,174,29,562,0,0,0,562
08/10/2017,SAT,TX,ASW,CE,Combined TRACON& Tower with Radar,277,51,131,20,479,0,20,65,3,88,277,71,196,23,567,0,0,0,567
08/11/2017,SAT,TX,ASW,CE,Combined TRACON& Tower with Radar,275,40,93,25,433,0,14,48,6,68,275,54,141,31,501,0,0,0,501
08/12/2017,SAT,TX,ASW,CE,Combined TRACON& Tower with Radar,230,20,40,16,306,0,11,31,10,52,230,31,71,26,358,0,0,0,358
08/13/2017,SAT,TX,ASW,CE,Combined TRACON& Tower with Radar,266,50,75,16,407,0,13,34,2,49,266,63,109,18,456,2,0,2,458
08/14/2017,SAT,TX,ASW,CE,Combined TRACON& Tower with Radar,265,35,93,15,408,0,10,51,10,71,265,45,144,25,479,0,0,0,479
08/15/2017,SAT,TX,ASW,CE,Combined TRACON& Tower with Radar,248,49,86,8,391,0,9,32,1,42,248,58,118,9,433,0,0,0,433
08/16/2017,SAT,TX,ASW,CE,Combined TRACON& Tower with Radar,258,39,91,9,397,0,12,45,7,64,258,51,136,16,461,0,0,0,461
08/17/2017,SAT,TX,ASW,CE,Combined TRACON& Tower with Radar,271,55,90,2,418,0,13,67,3,83,271,68,157,5,501,0,0,0,501
08/18/2017,SAT,TX,ASW,CE,Combined TRACON& Tower with Radar,256,53,82,9,400,0,12,72,1,85,256,65,154,10,485,0,0,0,485
08/19/2017,SAT,TX,ASW,CE,Combined TRACON& Tower with Radar,204,21,22,20,267,0,9,31,10,50,204,30,53,30,317,0,0,0,317
08/20/2017,SAT,TX,ASW,CE,Combined TRACON& Tower with Radar,236,30,55,23,344,0,6,74,6,86,236,36,129,29,430,0,2,2,432
08/21/2017,SAT,TX,ASW,CE,Combined TRACON& Tower with Radar,249,45,89,17,400,0,14,29,9,52,249,59,118,26,452,0,0,0,452
08/22/2017,SAT,TX,ASW,CE,Combined TRACON& Tower with Radar,247,48,95,27,417,0,16,66,11,93,247,64,161,38,510,0,0,0,510
08/23/2017,SAT,TX,ASW,CE,Combined TRACON& Tower with Radar,253,47,99,13,412,0,9,70,6,85,253,56,169,19,497,0,0,0,497
08/24/2017,SAT,TX,ASW,CE,Combined TRACON& Tower with Radar,272,67,130,7,476,0,14,45,4,63,272,81,175,11,539,0,0,0,539
08/25/2017,SAT,TX,ASW,CE,Combined TRACON& Tower with Radar,269,52,74,1,396,0,10,20,2,32,269,62,94,3,428,0,0,0,428
08/26/2017,SAT,TX,ASW,CE,Combined TRACON& Tower with Radar,133,7,4,0,144,0,1,0,0,1,133,8,4,0,145,0,0,0,145
08/27/2017,SAT,TX,ASW,CE,Combined TRACON& Tower with Radar,153,28,24,5,210,0,1,2,0,3,153,29,26,5,213,0,0,0,213
08/28/2017,SAT,TX,ASW,CE,Combined TRACON& Tower with Radar,217,31,62,11,321,0,11,24,1,36,217,42,86,12,357,0,0,0,357
08/29/2017,SAT,TX,ASW,CE,Combined TRACON& Tower with Radar,221,46,80,8,355,0,18,42,3,63,221,64,122,11,418,0,0,0,418
08/30/2017,SAT,TX,ASW,CE,Combined TRACON& Tower with Radar,226,53,92,6,377,0,20,69,8,97,226,73,161,14,474,0,0,0,474
08/31/2017,SAT,TX,ASW,CE,Combined TRACON& Tower with Radar,244,55,94,3,396,0,20,70,8,98,244,75,164,11,494,0,0,0,494
09/01/2017,SAT,TX,ASW,CE,Combined TRACON& Tower with Radar,244,64,70,8,386,0,10,62,11,83,244,74,132,19,469,0,0,0,469
09/02/2017,SAT,TX,ASW,CE,Combined TRACON& Tower with Radar,152,16,27,6,201,0,8,45,15,68,152,24,72,21,269,0,0,0,269
09/03/2017,SAT,TX,ASW,CE,Combined TRACON& Tower with Radar,168,26,36,2,232,0,3,36,9,48,168,29,72,11,280,12,0,12,292
09/04/2017,SAT,TX,ASW,CE,Combined TRACON& Tower with Radar,215,26,54,5,300,0,6,45,6,57,215,32,99,11,357,8,0,8,365
09/05/2017,SAT,TX,ASW,CE,Combined TRACON& Tower with Radar,230,39,97,39,405,0,8,37,5,50,230,47,134,44,455,0,0,0,455
09/06/2017,SAT,TX,ASW,CE,Combined TRACON& Tower with Radar,241,54,73,8,376,0,7,34,5,46,241,61,107,13,422,0,0,0,422
09/07/2017,SAT,TX,ASW,CE,Combined TRACON& Tower with Radar,252,57,86,27,422,0,17,53,7,77,252,74,139,34,499,0,0,0,499
09/08/2017,SAT,TX,ASW,CE,Combined TRACON& Tower with Radar,241,46,97,12,396,0,12,60,1,73,241,58,157,13,469,0,0,0,469
09/09/2017,SAT,TX,ASW,CE,Combined TRACON& Tower with Radar,181,25,55,27,288,0,21,32,11,64,181,46,87,38,352,0,0,0,352
09/10/2017,SAT,TX,ASW,CE,Combined TRACON& Tower with Radar,226,30,56,14,326,0,9,33,9,51,226,39,89,23,377,0,0,0,377
09/11/2017,SAT,TX,ASW,CE,Combined TRACON& Tower with Radar,227,32,86,12,357,0,24,55,6,85,227,56,141,18,442,0,0,0,442
09/12/2017,SAT,TX,ASW,CE,Combined TRACON& Tower with Radar,253,39,97,14,403,0,20,59,1,80,253,59,156,15,483,0,0,0,483
09/13/2017,SAT,TX,ASW,CE,Combined TRACON& Tower with Radar,247,58,122,13,440,0,15,57,5,77,247,73,179,18,517,0,0,0,517
09/14/2017,SAT,TX,ASW,CE,Combined TRACON& Tower with Radar,269,52,117,13,451,0,16,47,8,71,269,68,164,21,522,0,0,0,522
09/15/2017,SAT,TX,ASW,CE,Combined TRACON& Tower with Radar,258,60,98,10,426,0,9,60,6,75,258,69,158,16,501,0,0,0,501
09/16/2017,SAT,TX,ASW,CE,Combined TRACON& Tower with Radar,198,30,65,8,301,0,12,27,5,44,198,42,92,13,345,0,0,0,345
09/17/2017,SAT,TX,ASW,CE,Combined TRACON& Tower with Radar,231,32,72,11,346,0,7,40,1,48,231,39,112,12,394,0,0,0,394
09/18/2017,SAT,TX,ASW,CE,Combined TRACON& Tower with Radar,265,40,79,16,400,0,16,49,16,81,265,56,128,32,481,0,0,0,481
09/19/2017,SAT,TX,ASW,CE,Combined TRACON& Tower with Radar,259,53,94,9,415,0,10,52,8,70,259,63,146,17,485,0,0,0,485
09/20/2017,SAT,TX,ASW,CE,Combined TRACON& Tower with Radar,255,43,153,17,468,0,9,55,9,73,255,52,208,26,541,0,0,0,541
09/21/2017,SAT,TX,ASW,CE,Combined TRACON& Tower with Radar,275,52,127,16,470,0,9,45,5,59,275,61,172,21,529,0,0,0,529
09/22/2017,SAT,TX,ASW,CE,Combined TRACON& Tower with Radar,265,53,81,14,413,0,9,34,1,44,265,62,115,15,457,0,0,0,457
09/23/2017,SAT,TX,ASW,CE,Combined TRACON& Tower with Radar,200,33,54,6,293,0,6,27,6,39,200,39,81,12,332,8,0,8,340
09/24/2017,SAT,TX,ASW,CE,Combined TRACON& Tower with Radar,236,27,54,4,321,0,9,24,0,33,236,36,78,4,354,4,0,4,358
09/25/2017,SAT,TX,ASW,CE,Combined TRACON& Tower with Radar,257,38,76,10,381,0,9,17,0,26,257,47,93,10,407,0,0,0,407
09/26/2017,SAT,TX,ASW,CE,Combined TRACON& Tower with Radar,254,53,83,5,395,0,3,3,0,6,254,56,86,5,401,0,0,0,401
09/27/2017,SAT,TX,ASW,CE,Combined TRACON& Tower with Radar,250,45,136,6,437,0,0,10,0,10,250,45,146,6,447,0,0,0,447
09/28/2017,SAT,TX,ASW,CE,Combined TRACON& Tower with Radar,272,78,155,7,512,0,9,4,6,19,272,87,159,13,531,0,0,0,531
09/29/2017,SAT,TX,ASW,CE,Combined TRACON& Tower with Radar,255,66,103,11,435,0,7,15,2,24,255,73,118,13,459,0,0,0,459
09/30/2017,SAT,TX,ASW,CE,Combined TRACON& Tower with Radar,189,38,49,1,277,0,10,41,1,52,189,48,90,2,329,0,0,0,329
10/01/2017,SAT,TX,ASW,CE,Combined TRACON& Tower with Radar,239,40,66,2,347,0,7,64,0,71,239,47,130,2,418,0,0,0,418
10/02/2017,SAT,TX,ASW,CE,Combined TRACON& Tower with Radar,254,51,85,18,408,0,11,40,2,53,254,62,125,20,461,0,0,0,461
10/03/2017,SAT,TX,ASW,CE,Combined TRACON& Tower with Radar,254,49,72,18,393,0,4,12,2,18,254,53,84,20,411,0,0,0,411
10/04/2017,SAT,TX,ASW,CE,Combined TRACON& Tower with Radar,254,52,105,9,420,0,11,16,3,30,254,63,121,12,450,0,0,0,450
10/05/2017,SAT,TX,ASW,CE,Combined TRACON& Tower with Radar,274,45,120,3,442,0,12,47,12,71,274,57,167,15,513,0,0,0,513
10/06/2017,SAT,TX,ASW,CE,Combined TRACON& Tower with Radar,278,45,97,4,424,0,12,70,5,87,278,57,167,9,511,0,0,0,511
10/07/2017,SAT,TX,ASW,CE,Combined TRACON& Tower with Radar,204,38,56,18,316,0,12,41,3,56,204,50,97,21,372,0,0,0,372
10/08/2017,SAT,TX,ASW,CE,Combined TRACON& Tower with Radar,233,28,87,7,355,0,15,61,1,77,233,43,148,8,432,0,0,0,432
10/09/2017,SAT,TX,ASW,CE,Combined TRACON& Tower with Radar,262,46,123,6,437,0,13,57,2,72,262,59,180,8,509,0,0,0,509
10/10/2017,SAT,TX,ASW,CE,Combined TRACON& Tower with Radar,264,58,132,21,475,0,12,16,2,30,264,70,148,23,505,0,2,2,507
10/11/2017,SAT,TX,ASW,CE,Combined TRACON& Tower with Radar,268,45,128,8,449,0,24,62,5,91,268,69,190,13,540,0,0,0,540
10/12/2017,SAT,TX,ASW,CE,Combined TRACON& Tower with Radar,275,48,109,12,444,0,21,79,4,104,275,69,188,16,548,0,0,0,548
10/13/2017,SAT,TX,ASW,CE,Combined TRACON& Tower with Radar,268,56,131,13,468,0,13,69,4,86,268,69,200,17,554,0,0,0,554
10/14/2017,SAT,TX,ASW,CE,Combined TRACON& Tower with Radar,200,24,44,8,276,0,8,42,8,58,200,32,86,16,334,0,0,0,334
10/15/2017,SAT,TX,ASW,CE,Combined TRACON& Tower with Radar,244,33,73,28,378,0,4,15,5,24,244,37,88,33,402,2,0,2,404
10/16/2017,SAT,TX,ASW,CE,Combined TRACON& Tower with Radar,267,50,86,14,417,0,9,70,3,82,267,59,156,17,499,0,0,0,499
10/17/2017,SAT,TX,ASW,CE,Combined TRACON& Tower with Radar,252,49,109,16,426,0,11,89,6,106,252,60,198,22,532,0,0,0,532
10/18/2017,SAT,TX,ASW,CE,Combined TRACON& Tower with Radar,272,46,162,2,482,0,14,113,4,131,272,60,275,6,613,0,0,0,613
10/19/2017,SAT,TX,ASW,CE,Combined TRACON& Tower with Radar,277,61,125,17,480,0,17,55,0,72,277,78,180,17,552,0,0,0,552
10/20/2017,SAT,TX,ASW,CE,Combined TRACON& Tower with Radar,265,70,153,6,494,0,4,23,1,28,265,74,176,7,522,0,0,0,522
10/21/2017,SAT,TX,ASW,CE,Combined TRACON& Tower with Radar,200,36,114,9,359,0,4,29,8,41,200,40,143,17,400,0,0,0,400
10/22/2017,SAT,TX,ASW,CE,Combined TRACON& Tower with Radar,272,44,135,12,463,0,2,35,5,42,272,46,170,17,505,5,0,5,510
10/23/2017,SAT,TX,ASW,CE,Combined TRACON& Tower with Radar,254,45,116,21,436,0,12,56,6,74,254,57,172,27,510,0,0,0,510
10/24/2017,SAT,TX,ASW,CE,Combined TRACON& Tower with Radar,254,62,121,10,447,0,14,45,1,60,254,76,166,11,507,0,0,0,507
10/25/2017,SAT,TX,ASW,CE,Combined TRACON& Tower with Radar,261,49,118,8,436,0,19,66,4,89,261,68,184,12,525,0,0,0,525
10/26/2017,SAT,TX,ASW,CE,Combined TRACON& Tower with Radar,272,49,118,14,453,0,16,53,6,75,272,65,171,20,528,0,0,0,528
10/27/2017,SAT,TX,ASW,CE,Combined TRACON& Tower with Radar,264,52,103,5,424,0,4,33,7,44,264,56,136,12,468,0,0,0,468
10/28/2017,SAT,TX,ASW,CE,Combined TRACON& Tower with Radar,201,28,70,4,303,0,11,43,5,59,201,39,113,9,362,0,0,0,362
10/29/2017,SAT,TX,ASW,CE,Combined TRACON& Tower with Radar,224,34,65,2,325,0,10,40,5,55,224,44,105,7,380,0,0,0,380
10/30/2017,SAT,TX,ASW,CE,Combined TRACON& Tower with Radar,246,30,71,19,366,0,13,54,10,77,246,43,125,29,443,0,0,0,443
10/31/2017,SAT,TX,ASW,CE,Combined TRACON& Tower with Radar,242,45,92,8,387,0,10,17,4,31,242,55,109,12,418,0,0,0,418
11/01/2017,SAT,TX,ASW,CE,Combined TRACON& Tower with Radar,259,60,104,21,444,0,12,40,9,61,259,72,144,30,505,0,0,0,505
11/02/2017,SAT,TX,ASW,CE,Combined TRACON& Tower with Radar,258,60,120,6,444,0,13,30,6,49,258,73,150,12,493,0,0,0,493
11/03/2017,SAT,TX,ASW,CE,Combined TRACON& Tower with Radar,258,51,100,11,420,0,6,41,3,50,258,57,141,14,470,0,0,0,470
11/04/2017,SAT,TX,ASW,CE,Combined TRACON& Tower with Radar,195,29,73,6,303,0,9,10,4,23,195,38,83,10,326,0,0,0,326
11/05/2017,SAT,TX,ASW,CE,Combined TRACON& Tower with Radar,225,45,77,5,352,0,9,44,3,56,225,54,121,8,408,8,0,8,416
11/06/2017,SAT,TX,ASW,CE,Combined TRACON& Tower with Radar,251,51,78,13,393,0,17,46,4,67,251,68,124,17,460,0,0,0,460
11/07/2017,SAT,TX,ASW,CE,Combined TRACON& Tower with Radar,239,56,122,12,429,0,10,40,8,58,239,66,162,20,487,0,0,0,487
11/08/2017,SAT,TX,ASW,CE,Combined TRACON& Tower with Radar,265,61,111,12,449,0,3,10,1,14,265,64,121,13,463,12,0,12,475
11/09/2017,SAT,TX,ASW,CE,Combined TRACON& Tower with Radar,268,75,146,7,496,0,10,17,1,28,268,85,163,8,524,0,0,0,524
11/10/2017,SAT,TX,ASW,CE,Combined TRACON& Tower with Radar,261,70,95,1,427,0,11,35,7,53,261,81,130,8,480,0,0,0,480
11/11/2017,SAT,TX,ASW,CE,Combined TRACON& Tower with Radar,197,19,54,4,274,0,3,2,0,5,197,22,56,4,279,0,0,0,279
11/12/2017,SAT,TX,ASW,CE,Combined TRACON& Tower with Radar,241,61,96,2,400,0,0,0,0,0,241,61,96,2,400,4,0,4,404
11/13/2017,SAT,TX,ASW,CE,Combined TRACON& Tower with Radar,253,54,98,18,423,0,12,42,0,54,253,66,140,18,477,0,0,0,477
11/14/2017,SAT,TX,ASW,CE,Combined TRACON& Tower with Radar,240,49,95,7,391,0,17,33,2,52,240,66,128,9,443,0,0,0,443
11/15/2017,SAT,TX,ASW,CE,Combined TRACON& Tower with Radar,258,51,112,7,428,0,13,42,0,55,258,64,154,7,483,0,0,0,483
11/16/2017,SAT,TX,ASW,CE,Combined TRACON& Tower with Radar,270,59,152,3,484,0,17,44,1,62,270,76,196,4,546,0,0,0,546
11/17/2017,SAT,TX,ASW,CE,Combined TRACON& Tower with Radar,264,77,141,14,496,0,14,52,8,74,264,91,193,22,570,8,0,8,578
11/18/2017,SAT,TX,ASW,CE,Combined TRACON& Tower with Radar,212,39,64,15,330,0,8,31,2,41,212,47,95,17,371,0,0,0,371
11/19/2017,SAT,TX,ASW,CE,Combined TRACON& Tower with Radar,243,41,67,14,365,0,10,54,6,70,243,51,121,20,435,0,2,2,437
11/20/2017,SAT,TX,ASW,CE,Combined TRACON& Tower with Radar,246,57,93,8,404,0,21,70,12,103,246,78,163,20,507,0,0,0,507
11/21/2017,SAT,TX,ASW,CE,Combined TRACON& Tower with Radar,251,55,93,11,410,0,13,48,5,66,251,68,141,16,476,0,0,0,476
11/22/2017,SAT,TX,ASW,CE,Combined TRACON& Tower with Radar,282,58,101,8,449,0,22,61,6,89,282,80,162,14,538,0,0,0,538
11/23/2017,SAT,TX,ASW,CE,Combined TRACON& Tower with Radar,149,19,25,0,193,0,16,24,4,44,149,35,49,4,237,0,0,0,237
11/24/2017,SAT,TX,ASW,CE,Combined TRACON& Tower with Radar,205,41,35,0,281,0,22,53,1,76,205,63,88,1,357,0,0,0,357
11/25/2017,SAT,TX,ASW,CE,Combined TRACON& Tower with Radar,238,36,55,1,330,0,11,59,4,74,238,47,114,5,404,7,0,7,411
11/26/2017,SAT,TX,ASW,CE,Combined TRACON& Tower with Radar,280,49,94,1,424,0,3,68,2,73,280,52,162,3,497,0,0,0,497
11/27/2017,SAT,TX,ASW,CE,Combined TRACON& Tower with Radar,257,46,81,11,395,0,11,44,6,61,257,57,125,17,456,0,0,0,456
11/28/2017,SAT,TX,ASW,CE,Combined TRACON& Tower with Radar,249,45,91,11,396,0,13,62,7,82,249,58,153,18,478,0,0,0,478
11/29/2017,SAT,TX,ASW,CE,Combined TRACON& Tower with Radar,253,51,132,13,449,0,14,44,7,65,253,65,176,20,514,0,0,0,514
11/30/2017,SAT,TX,ASW,CE,Combined TRACON& Tower with Radar,264,55,118,17,454,0,11,69,13,93,264,66,187,30,547,0,0,0,547
12/01/2017,SAT,TX,ASW,CE,Combined TRACON& Tower with Radar,258,51,102,12,423,0,19,69,5,93,258,70,171,17,516,0,0,0,516
12/02/2017,SAT,TX,ASW,CE,Combined TRACON& Tower with Radar,187,40,50,15,292,0,13,27,9,49,187,53,77,24,341,0,0,0,341
12/03/2017,SAT,TX,ASW,CE,Combined TRACON& Tower with Radar,263,40,79,13,395,0,12,13,2,27,263,52,92,15,422,0,0,0,422
12/04/2017,SAT,TX,ASW,CE,Combined TRACON& Tower with Radar,242,49,98,7,396,0,10,28,5,43,242,59,126,12,439,0,0,0,439
12/05/2017,SAT,TX,ASW,CE,Combined TRACON& Tower with Radar,252,65,110,7,434,0,5,14,0,19,252,70,124,7,453,0,0,0,453
12/06/2017,SAT,TX,ASW,CE,Combined TRACON& Tower with Radar,257,63,109,5,434,0,2,0,0,2,257,65,109,5,436,0,0,0,436
12/07/2017,SAT,TX,ASW,CE,Combined TRACON& Tower with Radar,246,63,106,1,416,0,2,6,2,10,246,65,112,3,426,0,0,0,426
12/08/2017,SAT,TX,ASW,CE,Combined TRACON& Tower with Radar,262,63,101,2,428,0,13,56,3,72,262,76,157,5,500,0,0,0,500
12/09/2017,SAT,TX,ASW,CE,Combined TRACON& Tower with Radar,181,19,56,3,259,0,11,46,3,60,181,30,102,6,319,0,0,0,319
12/10/2017,SAT,TX,ASW,CE,Combined TRACON& Tower with Radar,235,30,68,7,340,0,7,62,3,72,235,37,130,10,412,0,0,0,412
12/11/2017,SAT,TX,ASW,CE,Combined TRACON& Tower with Radar,243,42,105,11,401,0,11,55,1,67,243,53,160,12,468,0,0,0,468
12/12/2017,SAT,TX,ASW,CE,Combined TRACON& Tower with Radar,252,54,128,21,455,0,7,75,9,91,252,61,203,30,546,0,0,0,546
12/13/2017,SAT,TX,ASW,CE,Combined TRACON& Tower with Radar,254,47,115,21,437,0,13,75,2,90,254,60,190,23,527,0,0,0,527
12/14/2017,SAT,TX,ASW,CE,Combined TRACON& Tower with Radar,266,53,135,17,471,0,17,47,2,66,266,70,182,19,537,0,0,0,537
12/15/2017,SAT,TX,ASW,CE,Combined TRACON& Tower with Radar,267,52,89,12,420,0,14,56,4,74,267,66,145,16,494,0,0,0,494
12/16/2017,SAT,TX,ASW,CE,Combined TRACON& Tower with Radar,203,31,50,10,294,0,7,11,2,20,203,38,61,12,314,0,0,0,314
12/17/2017,SAT,TX,ASW,CE,Combined TRACON& Tower with Radar,228,37,66,11,342,0,1,1,0,2,228,38,67,11,344,0,0,0,344
12/18/2017,SAT,TX,ASW,CE,Combined TRACON& Tower with Radar,257,41,95,3,396,0,0,0,0,0,257,41,95,3,396,0,0,0,396
12/19/2017,SAT,TX,ASW,CE,Combined TRACON& Tower with Radar,257,49,87,1,394,0,3,1,0,4,257,52,88,1,398,0,0,0,398
12/20/2017,SAT,TX,ASW,CE,Combined TRACON& Tower with Radar,260,57,151,6,474,0,11,62,3,76,260,68,213,9,550,0,0,0,550
12/21/2017,SAT,TX,ASW,CE,Combined TRACON& Tower with Radar,282,63,85,8,438,0,9,49,6,64,282,72,134,14,502,0,0,0,502
12/22/2017,SAT,TX,ASW,CE,Combined TRACON& Tower with Radar,269,68,106,1,444,0,6,6,0,12,269,74,112,1,456,0,0,0,456
12/23/2017,SAT,TX,ASW,CE,Combined TRACON& Tower with Radar,252,43,61,1,357,0,23,40,0,63,252,66,101,1,420,0,0,0,420
12/24/2017,SAT,TX,ASW,CE,Combined TRACON& Tower with Radar,195,20,18,0,233,0,19,25,2,46,195,39,43,2,279,0,0,0,279
12/25/2017,SAT,TX,ASW,CE,Combined TRACON& Tower with Radar,194,23,31,2,250,0,15,2,0,17,194,38,33,2,267,0,0,0,267
12/26/2017,SAT,TX,ASW,CE,Combined TRACON& Tower with Radar,266,81,74,1,422,0,0,0,0,0,266,81,74,1,422,0,0,0,422
12/27/2017,SAT,TX,ASW,CE,Combined TRACON& Tower with Radar,270,66,100,0,436,0,2,7,0,9,270,68,107,0,445,0,0,0,445
12/28/2017,SAT,TX,ASW,CE,Combined TRACON& Tower with Radar,279,59,97,11,446,0,9,36,2,47,279,68,133,13,493,0,0,0,493
12/29/2017,SAT,TX,ASW,CE,Combined TRACON& Tower with Radar,269,61,96,6,432,0,9,1,1,11,269,70,97,7,443,0,0,0,443
12/30/2017,SAT,TX,ASW,CE,Combined TRACON& Tower with Radar,242,33,65,2,342,0,8,20,2,30,242,41,85,4,372,0,0,0,372
12/31/2017,SAT,TX,ASW,CE,Combined TRACON& Tower with Radar,195,17,35,1,248,0,1,3,2,6,195,18,38,3,254,0,0,0,254
01/01/2018,SAT,TX,ASW,CE,Combined TRACON& Tower with Radar,205,16,40,0,261,0,2,3,0,5,205,18,43,0,266,0,0,0,266
01/02/2018,SAT,TX,ASW,CE,Combined TRACON& Tower with Radar,253,56,70,3,382,0,7,17,2,26,253,63,87,5,408,0,0,0,408
01/03/2018,SAT,TX,ASW,CE,Combined TRACON& Tower with Radar,266,48,93,3,410,0,14,59,6,79,266,62,152,9,489,0,0,0,489
01/04/2018,SAT,TX,ASW,CE,Combined TRACON& Tower with Radar,256,41,76,5,378,0,19,58,4,81,256,60,134,9,459,0,0,0,459
01/05/2018,SAT,TX,ASW,CE,Combined TRACON& Tower with Radar,248,45,70,7,370,0,22,64,9,95,248,67,134,16,465,5,0,5,470
01/06/2018,SAT,TX,ASW,CE,Combined TRACON& Tower with Radar,203,26,63,4,296,0,9,35,1,45,203,35,98,5,341,5,0,5,346
01/07/2018,SAT,TX,ASW,CE,Combined TRACON& Tower with Radar,242,40,82,9,373,0,8,9,1,18,242,48,91,10,391,0,0,0,391
01/08/2018,SAT,TX,ASW,CE,Combined TRACON& Tower with Radar,241,48,74,5,368,0,15,58,3,76,241,63,132,8,444,0,0,0,444
01/09/2018,SAT,TX,ASW,CE,Combined TRACON& Tower with Radar,245,46,92,18,401,0,10,84,6,100,245,56,176,24,501,0,0,0,501
01/10/2018,SAT,TX,ASW,CE,Combined TRACON& Tower with Radar,252,54,100,8,414,1,5,36,3,45,253,59,136,11,459,0,0,0,459
01/11/2018,SAT,TX,ASW,CE,Combined TRACON& Tower with Radar,294,51,77,10,432,0,12,37,7,56,294,63,114,17,488,0,0,0,488
01/12/2018,SAT,TX,ASW,CE,Combined TRACON& Tower with Radar,246,50,99,9,404,0,14,80,7,101,246,64,179,16,505,4,0,4,509
01/13/2018,SAT,TX,ASW,CE,Combined TRACON& Tower with Radar,178,38,44,1,261,0,11,46,10,67,178,49,90,11,328,0,0,0,328
01/14/2018,SAT,TX,ASW,CE,Combined TRACON& Tower with Radar,218,28,41,7,294,0,14,41,9,64,218,42,82,16,358,4,0,4,362
01/15/2018,SAT,TX,ASW,CE,Combined TRACON& Tower with Radar,224,55,107,7,393,0,8,35,2,45,224,63,142,9,438,6,0,6,444
01/16/2018,SAT,TX,ASW,CE,Combined TRACON& Tower with Radar,170,22,17,1,210,0,1,1,0,2,170,23,18,1,212,0,0,0,212
01/17/2018,SAT,TX,ASW,CE,Combined TRACON& Tower with Radar,246,46,94,10,396,0,11,35,6,52,246,57,129,16,448,0,0,0,448
01/18/2018,SAT,TX,ASW,CE,Combined TRACON& Tower with Radar,250,59,119,10,438,0,11,28,6,45,250,70,147,16,483,0,0,0,483
01/19/2018,SAT,TX,ASW,CE,Combined TRACON& Tower with Radar,256,62,87,19,424,0,3,1,0,4,256,65,88,19,428,0,0,0,428
01/20/2018,SAT,TX,ASW,CE,Combined TRACON& Tower with Radar,172,22,55,10,259,0,5,1,0,6,172,27,56,10,265,0,0,0,265
01/21/2018,SAT,TX,ASW,CE,Combined TRACON& Tower with Radar,233,26,57,4,320,0,3,2,1,6,233,29,59,5,326,6,0,6,332
01/22/2018,SAT,TX,ASW,CE,Combined TRACON& Tower with Radar,240,39,92,1,372,0,18,78,4,100,240,57,170,5,472,0,0,0,472
01/23/2018,SAT,TX,ASW,CE,Combined TRACON& Tower with Radar,244,48,123,8,423,0,18,71,5,94,244,66,194,13,517,0,0,0,517
01/24/2018,SAT,TX,ASW,CE,Combined TRACON& Tower with Radar,248,42,88,8,386,0,15,71,7,93,248,57,159,15,479,0,0,0,479
01/25/2018,SAT,TX,ASW,CE,Combined TRACON& Tower with Radar,257,56,117,13,443,0,25,84,7,116,257,81,201,20,559,0,0,0,559
01/26/2018,SAT,TX,ASW,CE,Combined TRACON& Tower with Radar,246,59,115,6,426,0,5,2,3,10,246,64,117,9,436,0,0,0,436
01/27/2018,SAT,TX,ASW,CE,Combined TRACON& Tower with Radar,172,29,41,7,249,0,13,4,2,19,172,42,45,9,268,0,0,0,268
01/28/2018,SAT,TX,ASW,CE,Combined TRACON& Tower with Radar,226,18,65,7,316,0,8,44,12,64,226,26,109,19,380,0,0,0,380
01/29/2018,SAT,TX,ASW,CE,Combined TRACON& Tower with Radar,243,41,84,9,377,0,13,59,10,82,243,54,143,19,459,4,0,4,463
01/30/2018,SAT,TX,ASW,CE,Combined TRACON& Tower with Radar,240,47,84,13,384,0,15,71,10,96,240,62,155,23,480,0,0,0,480
01/31/2018,SAT,TX,ASW,CE,Combined TRACON& Tower with Radar,258,57,97,12,424,0,19,46,2,67,258,76,143,14,491,0,0,0,491
02/01/2018,SAT,TX,ASW,CE,Combined TRACON& Tower with Radar,256,63,91,13,423,0,20,59,16,95,256,83,150,29,518,4,0,4,522
02/02/2018,SAT,TX,ASW,CE,Combined TRACON& Tower with Radar,244,59,98,7,408,0,20,47,6,73,244,79,145,13,481,7,0,7,488
02/03/2018,SAT,TX,ASW,CE,Combined TRACON& Tower with Radar,176,37,54,6,273,0,7,4,2,13,176,44,58,8,286,0,0,0,286
02/04/2018,SAT,TX,ASW,CE,Combined TRACON& Tower with Radar,210,22,53,6,291,0,7,39,5,51,210,29,92,11,342,4,0,4,346
02/05/2018,SAT,TX,ASW,CE,Combined TRACON& Tower with Radar,234,50,130,12,426,0,15,23,1,39,234,65,153,13,465,0,2,2,467
02/06/2018,SAT,TX,ASW,CE,Combined TRACON& Tower with Radar,242,60,77,3,382,0,0,0,0,0,242,60,77,3,382,0,0,0,382
02/07/2018,SAT,TX,ASW,CE,Combined TRACON& Tower with Radar,252,53,108,17,430,0,14,22,2,38,252,67,130,19,468,0,0,0,468
02/08/2018,SAT,TX,ASW,CE,Combined TRACON& Tower with Radar,252,45,134,14,445,0,20,49,7,76,252,65,183,21,521,0,0,0,521
02/09/2018,SAT,TX,ASW,CE,Combined TRACON& Tower with Radar,240,69,123,15,447,0,4,1,0,5,240,73,124,15,452,0,0,0,452
02/10/2018,SAT,TX,ASW,CE,Combined TRACON& Tower with Radar,179,25,37,2,243,0,5,2,1,8,179,30,39,3,251,0,0,0,251
02/11/2018,SAT,TX,ASW,CE,Combined TRACON& Tower with Radar,230,30,61,6,327,0,7,13,0,20,230,37,74,6,347,0,0,0,347
02/12/2018,SAT,TX,ASW,CE,Combined TRACON& Tower with Radar,235,43,95,12,385,0,18,42,2,62,235,61,137,14,447,0,0,0,447
02/13/2018,SAT,TX,ASW,CE,Combined TRACON& Tower with Radar,242,58,108,10,418,0,0,0,0,0,242,58,108,10,418,0,0,0,418
02/14/2018,SAT,TX,ASW,CE,Combined TRACON& Tower with Radar,242,49,104,4,399,0,14,25,0,39,242,63,129,4,438,0,0,0,438
02/15/2018,SAT,TX,ASW,CE,Combined TRACON& Tower with Radar,261,46,129,10,446,0,11,14,2,27,261,57,143,12,473,0,0,0,473
02/16/2018,SAT,TX,ASW,CE,Combined TRACON& Tower with Radar,254,49,130,6,439,0,8,28,2,38,254,57,158,8,477,0,0,0,477
02/17/2018,SAT,TX,ASW,CE,Combined TRACON& Tower with Radar,188,28,67,2,285,0,9,6,0,15,188,37,73,2,300,0,0,0,300
02/18/2018,SAT,TX,ASW,CE,Combined TRACON& Tower with Radar,224,33,84,8,349,0,9,12,1,22,224,42,96,9,371,4,0,4,375
02/19/2018,SAT,TX,ASW,CE,Combined TRACON& Tower with Radar,237,39,99,4,379,0,14,26,0,40,237,53,125,4,419,0,0,0,419
02/20/2018,SAT,TX,ASW,CE,Combined TRACON& Tower with Radar,245,62,87,8,402,0,2,6,0,8,245,64,93,8,410,0,0,0,410
02/21/2018,SAT,TX,ASW,CE,Combined TRACON& Tower with Radar,251,61,93,0,405,0,0,2,0,2,251,61,95,0,407,0,0,0,407
02/22/2018,SAT,TX,ASW,CE,Combined TRACON& Tower with Radar,290,59,93,3,445,0,0,0,0,0,290,59,93,3,445,0,0,0,445
02/23/2018,SAT,TX,ASW,CE,Combined TRACON& Tower with Radar,263,53,83,2,401,0,0,6,0,6,263,53,89,2,407,0,0,0,407
02/24/2018,SAT,TX,ASW,CE,Combined TRACON& Tower with Radar,192,43,39,6,280,0,5,6,0,11,192,48,45,6,291,0,0,0,291
02/25/2018,SAT,TX,ASW,CE,Combined TRACON& Tower with Radar,248,56,92,5,401,0,2,40,3,45,248,58,132,8,446,0,0,0,446
02/26/2018,SAT,TX,ASW,CE,Combined TRACON& Tower with Radar,246,46,101,12,405,0,12,77,3,92,246,58,178,15,497,14,0,14,511
02/27/2018,SAT,TX,ASW,CE,Combined TRACON& Tower with Radar,246,48,81,16,391,0,5,17,2,24,246,53,98,18,415,0,0,0,415
02/28/2018,SAT,TX,ASW,CE,Combined TRACON& Tower with Radar,260,43,126,3,432,0,11,34,1,46,260,54,160,4,478,0,0,0,478
03/01/2018,SAT,TX,ASW,CE,Combined TRACON& Tower with Radar,269,53,107,5,434,0,21,55,12,88,269,74,162,17,522,0,0,0,522
03/02/2018,SAT,TX,ASW,CE,Combined TRACON& Tower with Radar,252,54,98,12,416,0,16,81,9,106,252,70,179,21,522,2,0,2,524
03/03/2018,SAT,TX,ASW,CE,Combined TRACON& Tower with Radar,199,26,43,6,274,0,4,4,0,8,199,30,47,6,282,0,0,0,282
03/04/2018,SAT,TX,ASW,CE,Combined TRACON& Tower with Radar,234,28,84,14,360,0,4,27,2,33,234,32,111,16,393,0,0,0,393
03/05/2018,SAT,TX,ASW,CE,Combined TRACON& Tower with Radar,252,53,90,14,409,0,10,35,2,47,252,63,125,16,456,0,0,0,456
03/06/2018,SAT,TX,ASW,CE,Combined TRACON& Tower with Radar,253,52,79,24,408,0,19,75,2,96,253,71,154,26,504,0,0,0,504
03/07/2018,SAT,TX,ASW,CE,Combined TRACON& Tower with Radar,262,52,112,17,443,0,19,74,7,100,262,71,186,24,543,0,0,0,543
03/08/2018,SAT,TX,ASW,CE,Combined TRACON& Tower with Radar,272,49,103,13,437,0,25,132,7,164,272,74,235,20,601,0,0,0,601
03/09/2018,SAT,TX,ASW,CE,Combined TRACON& Tower with Radar,262,63,118,21,464,0,6,25,2,33,262,69,143,23,497,0,0,0,497
03/10/2018,SAT,TX,ASW,CE,Combined TRACON& Tower with Radar,222,41,83,12,358,0,13,45,7,65,222,54,128,19,423,3,0,3,426
03/11/2018,SAT,TX,ASW,CE,Combined TRACON& Tower with Radar,264,29,61,25,379,0,8,20,10,38,264,37,81,35,417,2,0,2,419
03/12/2018,SAT,TX,ASW,CE,Combined TRACON& Tower with Radar,256,34,90,12,392,0,8,56,6,70,256,42,146,18,462,0,0,0,462
03/13/2018,SAT,TX,ASW,CE,Combined TRACON& Tower with Radar,264,51,74,20,409,0,8,64,3,75,264,59,138,23,484,70,0,70,554
03/14/2018,SAT,TX,ASW,CE,Combined TRACON& Tower with Radar,266,43,87,13,409,0,26,56,3,85,266,69,143,16,494,18,0,18,512
03/15/2018,SAT,TX,ASW,CE,Combined TRACON& Tower with Radar,274,56,94,16,440,0,14,35,1,50,274,70,129,17,490,0,0,0,490
03/16/2018,SAT,TX,ASW,CE,Combined TRACON& Tower with Radar,269,54,73,8,404,0,4,72,6,82,269,58,145,14,486,0,0,0,486
03/17/2018,SAT,TX,ASW,CE,Combined TRACON& Tower with Radar,218,30,80,8,336,0,4,8,1,13,218,34,88,9,349,0,0,0,349
03/18/2018,SAT,TX,ASW,CE,Combined TRACON& Tower with Radar,259,45,89,18,411,0,9,23,12,44,259,54,112,30,455,0,0,0,455
03/19/2018,SAT,TX,ASW,CE,Combined TRACON& Tower with Radar,255,43,88,7,393,0,17,56,3,76,255,60,144,10,469,16,0,16,485
03/20/2018,SAT,TX,ASW,CE,Combined TRACON& Tower with Radar,251,48,98,4,401,0,21,75,6,102,251,69,173,10,503,0,0,0,503
03/21/2018,SAT,TX,ASW,CE,Combined TRACON& Tower with Radar,264,38,93,9,404,0,14,93,8,115,264,52,186,17,519,0,0,0,519
03/22/2018,SAT,TX,ASW,CE,Combined TRACON& Tower with Radar,272,57,105,9,443,0,14,59,9,82,272,71,164,18,525,0,0,0,525
03/23/2018,SAT,TX,ASW,CE,Combined TRACON& Tower with Radar,273,59,162,20,514,0,11,38,3,52,273,70,200,23,566,0,0,0,566
03/24/2018,SAT,TX,ASW,CE,Combined TRACON& Tower with Radar,218,40,78,8,344,0,4,27,1,32,218,44,105,9,376,0,0,0,376
03/25/2018,SAT,TX,ASW,CE,Combined TRACON& Tower with Radar,248,37,88,5,378,0,6,11,0,17,248,43,99,5,395,0,0,0,395
03/26/2018,SAT,TX,ASW,CE,Combined TRACON& Tower with Radar,262,42,97,7,408,0,13,42,4,59,262,55,139,11,467,2,0,2,469
03/27/2018,SAT,TX,ASW,CE,Combined TRACON& Tower with Radar,267,52,107,12,438,0,10,22,1,33,267,62,129,13,471,0,0,0,471
03/28/2018,SAT,TX,ASW,CE,Combined TRACON& Tower with Radar,274,56,97,3,430,0,2,22,2,26,274,58,119,5,456,0,0,0,456
03/29/2018,SAT,TX,ASW,CE,Combined TRACON& Tower with Radar,286,81,125,5,497,0,9,60,1,70,286,90,185,6,567,0,0,0,567
03/30/2018,SAT,TX,ASW,CE,Combined TRACON& Tower with Radar,291,86,155,5,537,0,16,84,1,101,291,102,239,6,638,0,0,0,638
03/31/2018,SAT,TX,ASW,CE,Combined TRACON& Tower with Radar,225,122,155,4,506,0,6,38,3,47,225,128,193,7,553,0,0,0,553
04/01/2018,SAT,TX,ASW,CE,Combined TRACON& Tower with Radar,245,102,109,5,461,0,5,23,2,30,245,107,132,7,491,0,2,2,493
04/02/2018,SAT,TX,ASW,CE,Combined TRACON& Tower with Radar,261,103,204,2,570,0,10,46,0,56,261,113,250,2,626,0,0,0,626
04/03/2018,SAT,TX,ASW,CE,Combined TRACON& Tower with Radar,291,126,223,3,643,0,15,27,0,42,291,141,250,3,685,0,0,0,685
04/04/2018,SAT,TX,ASW,CE,Combined TRACON& Tower with Radar,269,57,99,15,440,0,10,44,8,62,269,67,143,23,502,0,0,0,502
04/05/2018,SAT,TX,ASW,CE,Combined TRACON& Tower with Radar,272,63,131,13,479,0,11,32,4,47,272,74,163,17,526,0,0,0,526
04/06/2018,SAT,TX,ASW,CE,Combined TRACON& Tower with Radar,274,57,116,33,480,0,7,40,0,47,274,64,156,33,527,0,0,0,527
04/07/2018,SAT,TX,ASW,CE,Combined TRACON& Tower with Radar,215,33,68,23,339,0,6,5,2,13,215,39,73,25,352,0,0,0,352
04/08/2018,SAT,TX,ASW,CE,Combined TRACON& Tower with Radar,264,44,94,8,410,0,23,30,6,59,264,67,124,14,469,14,2,16,485
04/09/2018,SAT,TX,ASW,CE,Combined TRACON& Tower with Radar,268,59,101,0,428,0,10,7,3,20,268,69,108,3,448,0,0,0,448
04/10/2018,SAT,TX,ASW,CE,Combined TRACON& Tower with Radar,270,52,93,7,422,0,13,68,8,89,270,65,161,15,511,0,0,0,511
04/11/2018,SAT,TX,ASW,CE,Combined TRACON& Tower with Radar,263,39,94,15,411,0,15,72,8,95,263,54,166,23,506,0,0,0,506
04/12/2018,SAT,TX,ASW,CE,Combined TRACON& Tower with Radar,286,56,124,3,469,0,9,34,12,55,286,65,158,15,524,0,0,0,524
04/13/2018,SAT,TX,ASW,CE,Combined TRACON& Tower with Radar,297,51,92,38,478,0,10,19,2,31,297,61,111,40,509,0,0,0,509
04/14/2018,SAT,TX,ASW,CE,Combined TRACON& Tower with Radar,208,25,43,13,289,0,16,27,10,53,208,41,70,23,342,0,0,0,342
04/15/2018,SAT,TX,ASW,CE,Combined TRACON& Tower with Radar,258,60,68,9,395,0,10,62,10,82,258,70,130,19,477,0,0,0,477
04/16/2018,SAT,TX,ASW,CE,Combined TRACON& Tower with Radar,257,39,101,7,404,0,15,44,15,74,257,54,145,22,478,4,0,4,482
04/17/2018,SAT,TX,ASW,CE,Combined TRACON& Tower with Radar,273,48,97,12,430,0,11,54,9,74,273,59,151,21,504,0,0,0,504
04/18/2018,SAT,TX,ASW,CE,Combined TRACON& Tower with Radar,269,65,109,16,459,0,11,66,7,84,269,76,175,23,543,0,0,0,543
04/19/2018,SAT,TX,ASW,CE,Combined TRACON& Tower with Radar,280,57,127,7,471,0,13,66,5,84,280,70,193,12,555,0,0,0,555
04/20/2018,SAT,TX,ASW,CE,Combined TRACON& Tower with Radar,271,57,105,15,448,0,18,71,3,92,271,75,176,18,540,0,0,0,540
04/21/2018,SAT,TX,ASW,CE,Combined TRACON& Tower with Radar,196,37,60,4,297,0,8,14,0,22,196,45,74,4,319,0,0,0,319
04/22/2018,SAT,TX,ASW,CE,Combined TRACON& Tower with Radar,269,40,88,17,414,0,12,64,5,81,269,52,152,22,495,0,0,0,495
04/23/2018,SAT,TX,ASW,CE,Combined TRACON& Tower with Radar,261,39,91,11,402,0,15,60,10,85,261,54,151,21,487,2,0,2,489
04/24/2018,SAT,TX,ASW,CE,Combined TRACON& Tower with Radar,263,42,103,9,417,0,9,75,5,89,263,51,178,14,506,0,0,0,506
04/25/2018,SAT,TX,ASW,CE,Combined TRACON& Tower with Radar,264,62,117,4,447,0,7,34,2,43,264,69,151,6,490,0,0,0,490
04/26/2018,SAT,TX,ASW,CE,Combined TRACON& Tower with Radar,280,49,104,15,448,0,18,62,4,84,280,67,166,19,532,0,0,0,532
04/27/2018,SAT,TX,ASW,CE,Combined TRACON& Tower with Radar,268,52,95,11,426,0,13,67,6,86,268,65,162,17,512,0,0,0,512
04/28/2018,SAT,TX,ASW,CE,Combined TRACON& Tower with Radar,197,28,58,16,299,0,10,49,3,62,197,38,107,19,361,0,0,0,361
04/29/2018,SAT,TX,ASW,CE,Combined TRACON& Tower with Radar,266,35,68,6,375,0,6,54,5,65,266,41,122,11,440,10,0,10,450
04/30/2018,SAT,TX,ASW,CE,Combined TRACON& Tower with Radar,256,51,80,4,391,0,6,11,2,19,256,57,91,6,410,0,0,0,410
05/01/2018,SAT,TX,ASW,CE,Combined TRACON& Tower with Radar,269,57,107,6,439,0,3,19,0,22,269,60,126,6,461,0,0,0,461
05/02/2018,SAT,TX,ASW,CE,Combined TRACON& Tower with Radar,257,44,144,14,459,0,3,26,0,29,257,47,170,14,488,0,0,0,488
05/03/2018,SAT,TX,ASW,CE,Combined TRACON& Tower with Radar,280,66,143,20,509,0,4,35,3,42,280,70,178,23,551,0,0,0,551
05/04/2018,SAT,TX,ASW,CE,Combined TRACON& Tower with Radar,272,66,92,4,434,0,0,1,0,1,272,66,93,4,435,0,0,0,435
05/05/2018,SAT,TX,ASW,CE,Combined TRACON& Tower with Radar,196,27,51,8,282,0,15,48,7,70,196,42,99,15,352,0,0,0,352
05/06/2018,SAT,TX,ASW,CE,Combined TRACON& Tower with Radar,259,28,67,15,369,0,15,41,10,66,259,43,108,25,435,8,0,8,443
05/07/2018,SAT,TX,ASW,CE,Combined TRACON& Tower with Radar,252,37,90,10,389,0,9,57,3,69,252,46,147,13,458,4,0,4,462
05/08/2018,SAT,TX,ASW,CE,Combined TRACON& Tower with Radar,263,42,85,18,408,0,5,56,6,67,263,47,141,24,475,0,0,0,475
05/09/2018,SAT,TX,ASW,CE,Combined TRACON& Tower with Radar,253,44,94,13,404,0,8,75,3,86,253,52,169,16,490,0,0,0,490
05/10/2018,SAT,TX,ASW,CE,Combined TRACON& Tower with Radar,276,51,110,6,443,0,8,59,0,67,276,59,169,6,510,0,0,0,510
05/11/2018,SAT,TX,ASW,CE,Combined TRACON& Tower with Radar,266,37,94,13,410,0,12,54,6,72,266,49,148,19,482,0,0,0,482
05/12/2018,SAT,TX,ASW,CE,Combined TRACON& Tower with Radar,192,33,42,12,279,0,8,35,3,46,192,41,77,15,325,0,0,0,325
05/13/2018,SAT,TX,ASW,CE,Combined TRACON& Tower with Radar,252,28,53,17,350,0,8,21,2,31,252,36,74,19,381,0,0,0,381
05/14/2018,SAT,TX,ASW,CE,Combined TRACON& Tower with Radar,243,55,87,3,388,0,13,36,3,52,243,68,123,6,440,0,0,0,440
05/15/2018,SAT,TX,ASW,CE,Combined TRACON& Tower with Radar,265,45,97,17,424,0,11,51,6,68,265,56,148,23,492,0,0,0,492
05/16/2018,SAT,TX,ASW,CE,Combined TRACON& Tower with Radar,254,51,97,14,416,0,11,55,5,71,254,62,152,19,487,0,0,0,487
05/17/2018,SAT,TX,ASW,CE,Combined TRACON& Tower with Radar,283,47,114,9,453,0,19,60,1,80,283,66,174,10,533,0,0,0,533
05/18/2018,SAT,TX,ASW,CE,Combined TRACON& Tower with Radar,268,53,96,8,425,0,9,48,10,67,268,62,144,18,492,0,0,0,492
05/19/2018,SAT,TX,ASW,CE,Combined TRACON& Tower with Radar,199,34,48,15,296,0,6,34,7,47,199,40,82,22,343,1,0,1,344
05/20/2018,SAT,TX,ASW,CE,Combined TRACON& Tower with Radar,275,28,105,19,427,0,2,14,3,19,275,30,119,22,446,8,0,8,454
05/21/2018,SAT,TX,ASW,CE,Combined TRACON& Tower with Radar,273,61,123,17,474,0,16,71,4,91,273,77,194,21,565,2,0,2,567
05/22/2018,SAT,TX,ASW,CE,Combined TRACON& Tower with Radar,266,49,112,19,446,0,17,33,1,51,266,66,145,20,497,0,0,0,497
05/23/2018,SAT,TX,ASW,CE,Combined TRACON& Tower with Radar,263,51,108,13,435,0,14,55,7,76,263,65,163,20,511,0,0,0,511
05/24/2018,SAT,TX,ASW,CE,Combined TRACON& Tower with Radar,293,45,115,9,462,0,16,50,2,68,293,61,165,11,530,0,0,0,530
05/25/2018,SAT,TX,ASW,CE,Combined TRACON& Tower with Radar,277,43,101,9,430,0,18,48,4,70,277,61,149,13,500,0,0,0,500
05/26/2018,SAT,TX,ASW,CE,Combined TRACON& Tower with Radar,193,21,28,0,242,0,17,32,1,50,193,38,60,1,292,0,0,0,292
05/27/2018,SAT,TX,ASW,CE,Combined TRACON& Tower with Radar,219,17,33,4,273,0,15,30,1,46,219,32,63,5,319,0,0,0,319
05/28/2018,SAT,TX,ASW,CE,Combined TRACON& Tower with Radar,227,21,61,8,317,0,8,38,4,50,227,29,99,12,367,4,4,8,375
05/29/2018,SAT,TX,ASW,CE,Combined TRACON& Tower with Radar,257,39,82,20,398,0,20,44,6,70,257,59,126,26,468,0,0,0,468
05/30/2018,SAT,TX,ASW,CE,Combined TRACON& Tower with Radar,249,45,85,6,385,0,20,30,7,57,249,65,115,13,442,0,0,0,442
05/31/2018,SAT,TX,ASW,CE,Combined TRACON& Tower with Radar,271,52,97,6,426,0,12,48,3,63,271,64,145,9,489,0,0,0,489
06/01/2018,SAT,TX,ASW,CE,Combined TRACON& Tower with Radar,273,58,92,13,436,0,9,34,7,50,273,67,126,20,486,0,0,0,486
06/02/2018,SAT,TX,ASW,CE,Combined TRACON& Tower with Radar,208,22,33,9,272,0,17,18,11,46,208,39,51,20,318,0,0,0,318
06/03/2018,SAT,TX,ASW,CE,Combined TRACON& Tower with Radar,261,50,53,5,369,0,12,34,9,55,261,62,87,14,424,8,0,8,432
06/04/2018,SAT,TX,ASW,CE,Combined TRACON& Tower with Radar,258,32,72,5,367,0,18,33,5,56,258,50,105,10,423,4,0,4,427
06/05/2018,SAT,TX,ASW,CE,Combined TRACON& Tower with Radar,273,51,94,8,426,0,14,34,2,50,273,65,128,10,476,0,0,0,476
06/06/2018,SAT,TX,ASW,CE,Combined TRACON& Tower with Radar,261,40,103,9,413,0,22,53,6,81,261,62,156,15,494,0,0,0,494
06/07/2018,SAT,TX,ASW,CE,Combined TRACON& Tower with Radar,301,56,100,12,469,0,19,53,4,76,301,75,153,16,545,0,0,0,545
06/08/2018,SAT,TX,ASW,CE,Combined TRACON& Tower with Radar,285,44,98,18,445,0,17,46,6,69,285,61,144,24,514,0,0,0,514
06/09/2018,SAT,TX,ASW,CE,Combined TRACON& Tower with Radar,226,31,36,25,318,0,10,26,0,36,226,41,62,25,354,9,0,9,363
06/10/2018,SAT,TX,ASW,CE,Combined TRACON& Tower with Radar,258,37,67,19,381,0,13,30,5,48,258,50,97,24,429,24,2,26,455
06/11/2018,SAT,TX,ASW,CE,Combined TRACON& Tower with Radar,273,33,121,4,431,0,16,30,1,47,273,49,151,5,478,4,0,4,482
06/12/2018,SAT,TX,ASW,CE,Combined TRACON& Tower with Radar,285,45,109,4,443,0,25,45,3,73,285,70,154,7,516,0,0,0,516
06/13/2018,SAT,TX,ASW,CE,Combined TRACON& Tower with Radar,273,50,103,0,426,0,14,42,0,56,273,64,145,0,482,0,0,0,482
06/14/2018,SAT,TX,ASW,CE,Combined TRACON& Tower with Radar,291,48,108,9,456,0,21,27,0,48,291,69,135,9,504,0,0,0,504
06/15/2018,SAT,TX,ASW,CE,Combined TRACON& Tower with Radar,277,57,85,12,431,0,14,29,4,47,277,71,114,16,478,0,0,0,478
06/16/2018,SAT,TX,ASW,CE,Combined TRACON& Tower with Radar,220,33,49,8,310,0,12,25,5,42,220,45,74,13,352,0,0,0,352
06/17/2018,SAT,TX,ASW,CE,Combined TRACON& Tower with Radar,267,28,59,13,367,0,21,24,5,50,267,49,83,18,417,2,4,6,423
06/18/2018,SAT,TX,ASW,CE,Combined TRACON& Tower with Radar,263,42,108,5,418,0,12,21,0,33,263,54,129,5,451,0,0,0,451
06/19/2018,SAT,TX,ASW,CE,Combined TRACON& Tower with Radar,265,54,82,6,407,0,4,4,1,9,265,58,86,7,416,0,0,0,416
06/20/2018,SAT,TX,ASW,CE,Combined TRACON& Tower with Radar,272,51,98,5,426,0,9,17,2,28,272,60,115,7,454,0,0,0,454
06/21/2018,SAT,TX,ASW,CE,Combined TRACON& Tower with Radar,284,47,111,18,460,0,23,23,2,48,284,70,134,20,508,0,0,0,508
06/22/2018,SAT,TX,ASW,CE,Combined TRACON& Tower with Radar,281,61,107,10,459,0,14,32,9,55,281,75,139,19,514,0,0,0,514
06/23/2018,SAT,TX,ASW,CE,Combined TRACON& Tower with Radar,222,36,56,7,321,0,25,15,12,52,222,61,71,19,373,0,0,0,373
06/24/2018,SAT,TX,ASW,CE,Combined TRACON& Tower with Radar,260,38,53,14,365,0,12,39,4,55,260,50,92,18,420,6,4,10,430
06/25/2018,SAT,TX,ASW,CE,Combined TRACON& Tower with Radar,289,45,83,5,422,0,14,27,6,47,289,59,110,11,469,6,2,8,477
06/26/2018,SAT,TX,ASW,CE,Combined TRACON& Tower with Radar,278,39,62,5,384,0,15,34,5,54,278,54,96,10,438,0,0,0,438
06/27/2018,SAT,TX,ASW,CE,Combined TRACON& Tower with Radar,279,58,84,7,428,0,18,59,0,77,279,76,143,7,505,0,0,0,505
06/28/2018,SAT,TX,ASW,CE,Combined TRACON& Tower with Radar,280,53,105,7,445,0,20,32,2,54,280,73,137,9,499,0,0,0,499
06/29/2018,SAT,TX,ASW,CE,Combined TRACON& Tower with Radar,283,46,78,7,414,0,23,46,2,71,283,69,124,9,485,0,0,0,485
06/30/2018,SAT,TX,ASW,CE,Combined TRACON& Tower with Radar,232,31,48,3,314,0,11,14,1,26,232,42,62,4,340,0,0,0,340
07/01/2018,SAT,TX,ASW,CE,Combined TRACON& Tower with Radar,260,45,36,9,350,0,13,34,0,47,260,58,70,9,397,2,0,2,399
07/02/2018,SAT,TX,ASW,CE,Combined TRACON& Tower with Radar,270,44,58,7,379,0,15,40,3,58,270,59,98,10,437,10,0,10,447
07/03/2018,SAT,TX,ASW,CE,Combined TRACON& Tower with Radar,256,37,58,6,357,0,32,43,5,80,256,69,101,11,437,2,0,2,439
07/04/2018,SAT,TX,ASW,CE,Combined TRACON& Tower with Radar,214,11,21,1,247,0,7,13,0,20,214,18,34,1,267,0,0,0,267
07/05/2018,SAT,TX,ASW,CE,Combined TRACON& Tower with Radar,273,40,67,2,382,0,8,17,0,25,273,48,84,2,407,0,0,0,407
07/06/2018,SAT,TX,ASW,CE,Combined TRACON& Tower with Radar,263,37,61,3,364,0,13,29,3,45,263,50,90,6,409,0,0,0,409
07/07/2018,SAT,TX,ASW,CE,Combined TRACON& Tower with Radar,238,22,41,1,302,0,11,22,1,34,238,33,63,2,336,0,0,0,336
07/08/2018,SAT,TX,ASW,CE,Combined TRACON& Tower with Radar,274,30,64,8,376,0,13,30,4,47,274,43,94,12,423,0,2,2,425
07/09/2018,SAT,TX,ASW,CE,Combined TRACON& Tower with Radar,276,33,59,2,370,0,8,10,0,18,276,41,69,2,388,0,0,0,388
07/10/2018,SAT,TX,ASW,CE,Combined TRACON& Tower with Radar,291,43,103,4,441,0,17,37,4,58,291,60,140,8,499,0,0,0,499
07/11/2018,SAT,TX,ASW,CE,Combined TRACON& Tower with Radar,287,41,111,7,446,0,18,37,2,57,287,59,148,9,503,0,0,0,503
07/12/2018,SAT,TX,ASW,CE,Combined TRACON& Tower with Radar,296,47,111,7,461,0,20,31,7,58,296,67,142,14,519,3,0,3,522
07/13/2018,SAT,TX,ASW,CE,Combined TRACON& Tower with Radar,293,37,87,10,427,0,15,34,2,51,293,52,121,12,478,0,0,0,478
07/14/2018,SAT,TX,ASW,CE,Combined TRACON& Tower with Radar,224,31,39,12,306,0,15,31,0,46,224,46,70,12,352,0,0,0,352
07/15/2018,SAT,TX,ASW,CE,Combined TRACON& Tower with Radar,277,24,57,11,369,0,13,24,1,38,277,37,81,12,407,0,0,0,407
07/16/2018,SAT,TX,ASW,CE,Combined TRACON& Tower with Radar,274,40,70,16,400,0,18,48,5,71,274,58,118,21,471,0,0,0,471
07/17/2018,SAT,TX,ASW,CE,Combined TRACON& Tower with Radar,287,46,104,7,444,0,18,47,0,65,287,64,151,7,509,0,0,0,509
07/18/2018,SAT,TX,ASW,CE,Combined TRACON& Tower with Radar,284,64,119,14,481,0,14,60,2,76,284,78,179,16,557,0,0,0,557
07/19/2018,SAT,TX,ASW,CE,Combined TRACON& Tower with Radar,296,46,87,3,432,0,28,73,1,102,296,74,160,4,534,0,0,0,534
07/20/2018,SAT,TX,ASW,CE,Combined TRACON& Tower with Radar,290,46,66,4,406,0,13,38,5,56,290,59,104,9,462,0,0,0,462
07/21/2018,SAT,TX,ASW,CE,Combined TRACON& Tower with Radar,226,36,50,1,313,0,14,40,0,54,226,50,90,1,367,0,0,0,367
07/22/2018,SAT,TX,ASW,CE,Combined TRACON& Tower with Radar,269,35,63,14,381,0,4,25,5,34,269,39,88,19,415,0,0,0,415
07/23/2018,SAT,TX,ASW,CE,Combined TRACON& Tower with Radar,283,46,80,2,411,0,15,59,2,76,283,61,139,4,487,0,2,2,489
07/24/2018,SAT,TX,ASW,CE,Combined TRACON& Tower with Radar,292,43,92,11,438,0,24,48,0,72,292,67,140,11,510,0,0,0,510
07/25/2018,SAT,TX,ASW,CE,Combined TRACON& Tower with Radar,290,44,85,7,426,0,10,50,0,60,290,54,135,7,486,0,0,0,486
07/26/2018,SAT,TX,ASW,CE,Combined TRACON& Tower with Radar,296,51,96,8,451,0,16,47,4,67,296,67,143,12,518,0,0,0,518
07/27/2018,SAT,TX,ASW,CE,Combined TRACON& Tower with Radar,289,46,76,10,421,0,13,52,13,78,289,59,128,23,499,0,0,0,499
07/28/2018,SAT,TX,ASW,CE,Combined TRACON& Tower with Radar,233,35,52,18,338,0,19,35,5,59,233,54,87,23,397,1,7,8,405
07/29/2018,SAT,TX,ASW,CE,Combined TRACON& Tower with Radar,276,28,61,19,384,0,13,39,3,55,276,41,100,22,439,4,0,4,443
07/30/2018,SAT,TX,ASW,CE,Combined TRACON& Tower with Radar,275,40,86,10,411,0,16,47,7,70,275,56,133,17,481,6,2,8,489
07/31/2018,SAT,TX,ASW,CE,Combined TRACON& Tower with Radar,296,48,83,3,430,0,19,31,7,57,296,67,114,10,487,0,0,0,487
08/01/2018,SAT,TX,ASW,CE,Combined TRACON& Tower with Radar,285,53,64,9,411,0,12,55,3,70,285,65,119,12,481,0,0,0,481
08/02/2018,SAT,TX,ASW,CE,Combined TRACON& Tower with Radar,287,46,80,5,418,0,15,55,8,78,287,61,135,13,496,0,0,0,496
08/03/2018,SAT,TX,ASW,CE,Combined TRACON& Tower with Radar,292,64,58,8,422,0,16,53,6,75,292,80,111,14,497,0,0,0,497
08/04/2018,SAT,TX,ASW,CE,Combined TRACON& Tower with Radar,232,17,34,5,288,0,13,22,4,39,232,30,56,9,327,3,0,3,330
08/05/2018,SAT,TX,ASW,CE,Combined TRACON& Tower with Radar,269,23,53,28,373,0,10,28,9,47,269,33,81,37,420,2,2,4,424
08/06/2018,SAT,TX,ASW,CE,Combined TRACON& Tower with Radar,279,44,87,14,424,0,20,32,1,53,279,64,119,15,477,4,0,4,481
08/07/2018,SAT,TX,ASW,CE,Combined TRACON& Tower with Radar,275,43,86,15,419,0,17,35,7,59,275,60,121,22,478,0,0,0,478
08/08/2018,SAT,TX,ASW,CE,Combined TRACON& Tower with Radar,268,55,82,6,411,0,13,52,0,65,268,68,134,6,476,0,0,0,476
08/09/2018,SAT,TX,ASW,CE,Combined TRACON& Tower with Radar,270,50,97,12,429,0,16,41,2,59,270,66,138,14,488,0,0,0,488
08/10/2018,SAT,TX,ASW,CE,Combined TRACON& Tower with Radar,287,38,88,10,423,0,13,25,3,41,287,51,113,13,464,0,0,0,464
08/11/2018,SAT,TX,ASW,CE,Combined TRACON& Tower with Radar,221,25,49,5,300,0,19,15,3,37,221,44,64,8,337,0,0,0,337
08/12/2018,SAT,TX,ASW,CE,Combined TRACON& Tower with Radar,259,22,61,7,349,0,4,3,1,8,259,26,64,8,357,0,0,0,357
08/13/2018,SAT,TX,ASW,CE,Combined TRACON& Tower with Radar,280,34,66,7,387,0,17,27,5,49,280,51,93,12,436,0,0,0,436
08/14/2018,SAT,TX,ASW,CE,Combined TRACON& Tower with Radar,281,44,89,18,432,0,21,44,4,69,281,65,133,22,501,0,0,0,501
08/15/2018,SAT,TX,ASW,CE,Combined TRACON& Tower with Radar,292,41,104,8,445,0,10,35,9,54,292,51,139,17,499,0,0,0,499
08/16/2018,SAT,TX,ASW,CE,Combined TRACON& Tower with Radar,305,47,101,14,467,0,12,39,2,53,305,59,140,16,520,0,0,0,520
08/17/2018,SAT,TX,ASW,CE,Combined TRACON& Tower with Radar,279,35,66,9,389,0,9,46,5,60,279,44,112,14,449,0,0,0,449
08/18/2018,SAT,TX,ASW,CE,Combined TRACON& Tower with Radar,242,21,44,22,329,0,9,23,4,36,242,30,67,26,365,0,0,0,365
08/19/2018,SAT,TX,ASW,CE,Combined TRACON& Tower with Radar,264,31,59,19,373,0,11,27,12,50,264,42,86,31,423,1,0,1,424
08/20/2018,SAT,TX,ASW,CE,Combined TRACON& Tower with Radar,275,31,72,3,381,0,7,29,5,41,275,38,101,8,422,0,0,0,422
08/21/2018,SAT,TX,ASW,CE,Combined TRACON& Tower with Radar,281,43,94,13,431,0,12,50,7,69,281,55,144,20,500,0,0,0,500
08/22/2018,SAT,TX,ASW,CE,Combined TRACON& Tower with Radar,267,49,87,12,415,0,17,33,4,54,267,66,120,16,469,0,0,0,469
08/23/2018,SAT,TX,ASW,CE,Combined TRACON& Tower with Radar,286,55,97,5,443,0,15,45,7,67,286,70,142,12,510,0,0,0,510
08/24/2018,SAT,TX,ASW,CE,Combined TRACON& Tower with Radar,276,37,68,4,385,0,15,40,4,59,276,52,108,8,444,2,0,2,446
08/25/2018,SAT,TX,ASW,CE,Combined TRACON& Tower with Radar,217,21,36,4,278,0,19,25,7,51,217,40,61,11,329,0,0,0,329
08/26/2018,SAT,TX,ASW,CE,Combined TRACON& Tower with Radar,263,25,50,5,343,0,7,32,6,45,263,32,82,11,388,2,2,4,392
08/27/2018,SAT,TX,ASW,CE,Combined TRACON& Tower with Radar,270,39,78,9,396,0,18,33,6,57,270,57,111,15,453,0,0,0,453
08/28/2018,SAT,TX,ASW,CE,Combined TRACON& Tower with Radar,269,42,93,16,420,0,11,47,10,68,269,53,140,26,488,0,0,0,488
08/29/2018,SAT,TX,ASW,CE,Combined TRACON& Tower with Radar,277,52,80,20,429,0,15,55,12,82,277,67,135,32,511,0,0,0,511
08/30/2018,SAT,TX,ASW,CE,Combined TRACON& Tower with Radar,292,45,113,24,474,0,13,43,5,61,292,58,156,29,535,6,2,8,543
08/31/2018,SAT,TX,ASW,CE,Combined TRACON& Tower with Radar,278,40,105,12,435,0,16,47,6,69,278,56,152,18,504,1,1,2,506
09/01/2018,SAT,TX,ASW,CE,Combined TRACON& Tower with Radar,208,24,49,1,282,0,11,26,3,40,208,35,75,4,322,0,0,0,322
09/02/2018,SAT,TX,ASW,CE,Combined TRACON& Tower with Radar,220,18,35,10,283,0,7,24,4,35,220,25,59,14,318,0,0,0,318
09/03/2018,SAT,TX,ASW,CE,Combined TRACON& Tower with Radar,216,29,62,2,309,0,4,18,2,24,216,33,80,4,333,0,0,0,333
09/04/2018,SAT,TX,ASW,CE,Combined TRACON& Tower with Radar,300,40,71,1,412,0,6,10,6,22,300,46,81,7,434,0,0,0,434
09/05/2018,SAT,TX,ASW,CE,Combined TRACON& Tower with Radar,272,61,109,9,451,0,12,17,0,29,272,73,126,9,480,0,0,0,480
09/06/2018,SAT,TX,ASW,CE,Combined TRACON& Tower with Radar,277,49,92,10,428,0,13,20,5,38,277,62,112,15,466,0,0,0,466
09/07/2018,SAT,TX,ASW,CE,Combined TRACON& Tower with Radar,284,53,71,8,416,0,17,18,1,36,284,70,89,9,452,0,0,0,452
09/08/2018,SAT,TX,ASW,CE,Combined TRACON& Tower with Radar,233,35,56,2,326,0,8,13,8,29,233,43,69,10,355,0,0,0,355
09/09/2018,SAT,TX,ASW,CE,Combined TRACON& Tower with Radar,257,21,50,10,338,0,3,3,2,8,257,24,53,12,346,0,0,0,346
09/10/2018,SAT,TX,ASW,CE,Combined TRACON& Tower with Radar,273,59,93,4,429,0,6,3,0,9,273,65,96,4,438,0,0,0,438
09/11/2018,SAT,TX,ASW,CE,Combined TRACON& Tower with Radar,269,53,69,18,409,0,10,12,0,22,269,63,81,18,431,0,0,0,431
09/12/2018,SAT,TX,ASW,CE,Combined TRACON& Tower with Radar,277,79,93,8,457,0,11,34,0,45,277,90,127,8,502,0,0,0,502
09/13/2018,SAT,TX,ASW,CE,Combined TRACON& Tower with Radar,288,47,130,22,487,0,12,8,1,21,288,59,138,23,508,0,0,0,508
09/14/2018,SAT,TX,ASW,CE,Combined TRACON& Tower with Radar,282,44,73,8,407,0,4,8,1,13,282,48,81,9,420,0,1,1,421
09/15/2018,SAT,TX,ASW,CE,Combined TRACON& Tower with Radar,224,21,40,3,288,0,0,0,0,0,224,21,40,3,288,0,0,0,288
09/16/2018,SAT,TX,ASW,CE,Combined TRACON& Tower with Radar,245,32,89,7,373,0,2,8,2,12,245,34,97,9,385,0,2,2,387
09/17/2018,SAT,TX,ASW,CE,Combined TRACON& Tower with Radar,273,38,88,12,411,0,11,55,1,67,273,49,143,13,478,0,4,4,482
09/18/2018,SAT,TX,ASW,CE,Combined TRACON& Tower with Radar,274,49,89,5,417,0,19,43,1,63,274,68,132,6,480,0,0,0,480
09/19/2018,SAT,TX,ASW,CE,Combined TRACON& Tower with Radar,282,49,104,4,439,0,22,55,5,82,282,71,159,9,521,0,0,0,521
09/20/2018,SAT,TX,ASW,CE,Combined TRACON& Tower with Radar,300,51,126,4,481,0,8,20,3,31,300,59,146,7,512,0,0,0,512
09/21/2018,SAT,TX,ASW,CE,Combined TRACON& Tower with Radar,303,48,115,5,471,0,14,30,3,47,303,62,145,8,518,0,0,0,518
09/22/2018,SAT,TX,ASW,CE,Combined TRACON& Tower with Radar,240,27,36,8,311,0,7,20,5,32,240,34,56,13,343,2,0,2,345
09/23/2018,SAT,TX,ASW,CE,Combined TRACON& Tower with Radar,259,25,48,13,345,0,11,18,2,31,259,36,66,15,376,0,0,0,376
09/24/2018,SAT,TX,ASW,CE,Combined TRACON& Tower with Radar,268,35,96,11,410,0,16,51,4,71,268,51,147,15,481,0,0,0,481
09/25/2018,SAT,TX,ASW,CE,Combined TRACON& Tower with Radar,275,63,89,9,436,0,12,40,3,55,275,75,129,12,491,0,0,0,491
09/26/2018,SAT,TX,ASW,CE,Combined TRACON& Tower with Radar,275,59,97,7,438,0,9,23,4,36,275,68,120,11,474,0,0,0,474
09/27/2018,SAT,TX,ASW,CE,Combined TRACON& Tower with Radar,305,52,143,5,505,0,13,31,0,44,305,65,174,5,549,0,0,0,549
09/28/2018,SAT,TX,ASW,CE,Combined TRACON& Tower with Radar,292,57,85,11,445,0,13,37,0,50,292,70,122,11,495,3,1,4,499
09/29/2018,SAT,TX,ASW,CE,Combined TRACON& Tower with Radar,225,30,41,4,300,0,2,6,0,8,225,32,47,4,308,0,0,0,308
09/30/2018,SAT,TX,ASW,CE,Combined TRACON& Tower with Radar,263,22,70,5,360,0,9,17,0,26,263,31,87,5,386,2,0,2,388
10/01/2018,SAT,TX,ASW,CE,Combined TRACON& Tower with Radar,276,38,75,14,403,0,10,20,0,30,276,48,95,14,433,0,0,0,433
10/02/2018,SAT,TX,ASW,CE,Combined TRACON& Tower with Radar,263,33,93,10,399,0,12,25,0,37,263,45,118,10,436,0,0,0,436
10/03/2018,SAT,TX,ASW,CE,Combined TRACON& Tower with Radar,280,54,134,12,480,0,11,30,2,43,280,65,164,14,523,0,0,0,523
10/04/2018,SAT,TX,ASW,CE,Combined TRACON& Tower with Radar,305,56,120,2,483,0,12,55,4,71,305,68,175,6,554,0,0,0,554
10/05/2018,SAT,TX,ASW,CE,Combined TRACON& Tower with Radar,295,63,110,3,471,0,8,42,5,55,295,71,152,8,526,1,0,1,527
10/06/2018,SAT,TX,ASW,CE,Combined TRACON& Tower with Radar,226,39,66,1,332,0,16,28,0,44,226,55,94,1,376,0,0,0,376
10/07/2018,SAT,TX,ASW,CE,Combined TRACON& Tower with Radar,258,46,69,4,377,0,1,20,3,24,258,47,89,7,401,0,0,0,401
10/08/2018,SAT,TX,ASW,CE,Combined TRACON& Tower with Radar,273,49,96,5,423,0,6,8,3,17,273,55,104,8,440,0,0,0,440
10/09/2018,SAT,TX,ASW,CE,Combined TRACON& Tower with Radar,275,50,74,7,406,0,16,22,1,39,275,66,96,8,445,0,0,0,445
10/10/2018,SAT,TX,ASW,CE,Combined TRACON& Tower with Radar,284,50,88,16,438,0,10,66,3,79,284,60,154,19,517,0,0,0,517
10/11/2018,SAT,TX,ASW,CE,Combined TRACON& Tower with Radar,298,58,101,13,470,0,13,51,3,67,298,71,152,16,537,3,0,3,540
10/12/2018,SAT,TX,ASW,CE,Combined TRACON& Tower with Radar,293,48,121,33,495,0,9,41,4,54,293,57,162,37,549,0,0,0,549
10/13/2018,SAT,TX,ASW,CE,Combined TRACON& Tower with Radar,222,29,33,4,288,0,7,7,3,17,222,36,40,7,305,0,0,0,305
10/14/2018,SAT,TX,ASW,CE,Combined TRACON& Tower with Radar,268,30,85,26,409,0,3,24,0,27,268,33,109,26,436,2,20,22,458
10/15/2018,SAT,TX,ASW,CE,Combined TRACON& Tower with Radar,289,55,80,5,429,0,2,1,0,3,289,57,81,5,432,0,0,0,432
10/16/2018,SAT,TX,ASW,CE,Combined TRACON& Tower with Radar,279,64,102,4,449,0,1,3,0,4,279,65,105,4,453,0,0,0,453
10/17/2018,SAT,TX,ASW,CE,Combined TRACON& Tower with Radar,282,54,109,22,467,0,4,6,2,12,282,58,115,24,479,0,0,0,479
10/18/2018,SAT,TX,ASW,CE,Combined TRACON& Tower with Radar,308,64,140,11,523,0,0,7,0,7,308,64,147,11,530,0,0,0,530
10/19/2018,SAT,TX,ASW,CE,Combined TRACON& Tower with Radar,307,65,110,21,503,0,0,2,0,2,307,65,112,21,505,0,0,0,505
10/20/2018,SAT,TX,ASW,CE,Combined TRACON& Tower with Radar,222,35,67,26,350,0,5,9,1,15,222,40,76,27,365,0,0,0,365
10/21/2018,SAT,TX,ASW,CE,Combined TRACON& Tower with Radar,278,26,93,10,407,0,10,50,5,65,278,36,143,15,472,2,0,2,474
10/22/2018,SAT,TX,ASW,CE,Combined TRACON& Tower with Radar,286,34,102,14,436,0,7,30,1,38,286,41,132,15,474,0,0,0,474
10/23/2018,SAT,TX,ASW,CE,Combined TRACON& Tower with Radar,283,63,113,16,475,0,4,8,3,15,283,67,121,19,490,0,0,0,490
10/24/2018,SAT,TX,ASW,CE,Combined TRACON& Tower with Radar,286,84,179,11,560,0,0,0,1,1,286,84,179,12,561,0,0,0,561
10/25/2018,SAT,TX,ASW,CE,Combined TRACON& Tower with Radar,298,68,138,10,514,0,12,34,0,46,298,80,172,10,560,0,0,0,560
10/26/2018,SAT,TX,ASW,CE,Combined TRACON& Tower with Radar,291,56,115,31,493,0,8,72,3,83,291,64,187,34,576,0,0,0,576
10/27/2018,SAT,TX,ASW,CE,Combined TRACON& Tower with Radar,219,40,86,14,359,0,11,50,7,68,219,51,136,21,427,0,0,0,427
10/28/2018,SAT,TX,ASW,CE,Combined TRACON& Tower with Radar,261,26,130,12,429,0,5,49,6,60,261,31,179,18,489,0,0,0,489
10/29/2018,SAT,TX,ASW,CE,Combined TRACON& Tower with Radar,273,43,83,10,409,0,7,68,4,79,273,50,151,14,488,0,0,0,488
10/30/2018,SAT,TX,ASW,CE,Combined TRACON& Tower with Radar,264,59,107,16,446,0,12,40,1,53,264,71,147,17,499,0,0,0,499
10/31/2018,SAT,TX,ASW,CE,Combined TRACON& Tower with Radar,259,57,107,8,431,0,4,13,1,18,259,61,120,9,449,0,0,0,449
11/01/2018,SAT,TX,ASW,CE,Combined TRACON& Tower with Radar,289,72,98,9,468,0,19,48,3,70,289,91,146,12,538,0,0,0,538
11/02/2018,SAT,TX,ASW,CE,Combined TRACON& Tower with Radar,276,51,86,13,426,0,8,71,6,85,276,59,157,19,511,0,0,0,511
11/03/2018,SAT,TX,ASW,CE,Combined TRACON& Tower with Radar,210,18,51,15,294,0,18,39,7,64,210,36,90,22,358,0,0,0,358
11/04/2018,SAT,TX,ASW,CE,Combined TRACON& Tower with Radar,261,55,79,26,421,0,7,28,4,39,261,62,107,30,460,0,0,0,460
11/05/2018,SAT,TX,ASW,CE,Combined TRACON& Tower with Radar,268,49,93,9,419,0,12,26,3,41,268,61,119,12,460,0,0,0,460
11/06/2018,SAT,TX,ASW,CE,Combined TRACON& Tower with Radar,279,56,108,6,449,0,16,18,0,34,279,72,126,6,483,0,0,0,483
11/07/2018,SAT,TX,ASW,CE,Combined TRACON& Tower with Radar,275,66,113,3,457,0,3,16,1,20,275,69,129,4,477,0,0,0,477
11/08/2018,SAT,TX,ASW,CE,Combined TRACON& Tower with Radar,280,68,98,15,461,0,0,0,0,0,280,68,98,15,461,0,0,0,461
11/09/2018,SAT,TX,ASW,CE,Combined TRACON& Tower with Radar,293,66,116,9,484,0,5,22,1,28,293,71,138,10,512,0,0,0,512
11/10/2018,SAT,TX,ASW,CE,Combined TRACON& Tower with Radar,219,33,70,7,329,0,9,15,3,27,219,42,85,10,356,8,0,8,364
11/11/2018,SAT,TX,ASW,CE,Combined TRACON& Tower with Radar,267,42,78,4,391,0,1,0,0,1,267,43,78,4,392,2,0,2,394
11/12/2018,SAT,TX,ASW,CE,Combined TRACON& Tower with Radar,272,35,82,3,392,0,4,3,1,8,272,39,85,4,400,0,0,0,400
11/13/2018,SAT,TX,ASW,CE,Combined TRACON& Tower with Radar,289,38,100,14,441,0,8,37,10,55,289,46,137,24,496,0,0,0,496
11/14/2018,SAT,TX,ASW,CE,Combined TRACON& Tower with Radar,280,53,102,3,438,0,12,64,5,81,280,65,166,8,519,0,0,0,519
11/15/2018,SAT,TX,ASW,CE,Combined TRACON& Tower with Radar,280,62,113,6,461,0,17,55,3,75,280,79,168,9,536,0,0,0,536
11/16/2018,SAT,TX,ASW,CE,Combined TRACON& Tower with Radar,285,73,118,9,485,0,20,75,2,97,285,93,193,11,582,0,0,0,582
11/17/2018,SAT,TX,ASW,CE,Combined TRACON& Tower with Radar,243,36,64,7,350,0,12,32,3,47,243,48,96,10,397,5,0,5,402
11/18/2018,SAT,TX,ASW,CE,Combined TRACON& Tower with Radar,255,40,86,8,389,0,5,10,0,15,255,45,96,8,404,4,0,4,408
11/19/2018,SAT,TX,ASW,CE,Combined TRACON& Tower with Radar,258,48,111,11,428,0,10,17,0,27,258,58,128,11,455,0,0,0,455
11/20/2018,SAT,TX,ASW,CE,Combined TRACON& Tower with Radar,277,62,83,9,431,0,11,99,2,112,277,73,182,11,543,0,0,0,543
11/21/2018,SAT,TX,ASW,CE,Combined TRACON& Tower with Radar,280,60,77,5,422,0,10,85,1,96,280,70,162,6,518,0,0,0,518
11/22/2018,SAT,TX,ASW,CE,Combined TRACON& Tower with Radar,173,25,44,0,242,0,11,22,2,35,173,36,66,2,277,0,0,0,277
11/23/2018,SAT,TX,ASW,CE,Combined TRACON& Tower with Radar,215,53,56,1,325,0,7,29,0,36,215,60,85,1,361,0,0,0,361
11/24/2018,SAT,TX,ASW,CE,Combined TRACON& Tower with Radar,262,36,46,0,344,0,8,35,3,46,262,44,81,3,390,0,0,0,390
11/25/2018,SAT,TX,ASW,CE,Combined TRACON& Tower with Radar,289,53,95,1,438,0,4,26,1,31,289,57,121,2,469,4,0,4,473
11/26/2018,SAT,TX,ASW,CE,Combined TRACON& Tower with Radar,264,53,85,7,409,0,10,35,5,50,264,63,120,12,459,0,0,0,459
11/27/2018,SAT,TX,ASW,CE,Combined TRACON& Tower with Radar,275,62,98,7,442,0,23,42,6,71,275,85,140,13,513,0,0,0,513
11/28/2018,SAT,TX,ASW,CE,Combined TRACON& Tower with Radar,269,56,91,4,420,0,16,53,0,69,269,72,144,4,489,0,0,0,489
11/29/2018,SAT,TX,ASW,CE,Combined TRACON& Tower with Radar,290,60,123,10,483,0,15,27,1,43,290,75,150,11,526,0,0,0,526
11/30/2018,SAT,TX,ASW,CE,Combined TRACON& Tower with Radar,272,61,106,29,468,0,10,33,2,45,272,71,139,31,513,0,0,0,513
12/01/2018,SAT,TX,ASW,CE,Combined TRACON& Tower with Radar,212,40,68,14,334,0,13,32,5,50,212,53,100,19,384,0,0,0,384
12/02/2018,SAT,TX,ASW,CE,Combined TRACON& Tower with Radar,257,36,64,20,377,0,3,49,2,54,257,39,113,22,431,0,0,0,431
12/03/2018,SAT,TX,ASW,CE,Combined TRACON& Tower with Radar,264,41,77,4,386,0,18,44,2,64,264,59,121,6,450,0,0,0,450
12/04/2018,SAT,TX,ASW,CE,Combined TRACON& Tower with Radar,262,57,107,5,431,0,14,64,3,81,262,71,171,8,512,0,0,0,512
12/05/2018,SAT,TX,ASW,CE,Combined TRACON& Tower with Radar,257,44,111,6,418,0,17,37,3,57,257,61,148,9,475,0,0,0,475
12/06/2018,SAT,TX,ASW,CE,Combined TRACON& Tower with Radar,287,84,137,7,515,0,4,2,2,8,287,88,139,9,523,0,0,0,523
12/07/2018,SAT,TX,ASW,CE,Combined TRACON& Tower with Radar,283,62,85,11,441,0,0,0,0,0,283,62,85,11,441,0,0,0,441
12/08/2018,SAT,TX,ASW,CE,Combined TRACON& Tower with Radar,214,26,52,14,306,0,7,0,0,7,214,33,52,14,313,0,0,0,313
12/09/2018,SAT,TX,ASW,CE,Combined TRACON& Tower with Radar,240,26,71,2,339,0,20,38,4,62,240,46,109,6,401,0,0,0,401
12/10/2018,SAT,TX,ASW,CE,Combined TRACON& Tower with Radar,258,59,104,4,425,0,7,57,2,66,258,66,161,6,491,0,0,0,491
12/11/2018,SAT,TX,ASW,CE,Combined TRACON& Tower with Radar,269,63,106,15,453,0,15,55,6,76,269,78,161,21,529,0,0,0,529
12/12/2018,SAT,TX,ASW,CE,Combined TRACON& Tower with Radar,265,64,135,22,486,0,10,25,3,38,265,74,160,25,524,0,0,0,524
12/13/2018,SAT,TX,ASW,CE,Combined TRACON& Tower with Radar,292,68,83,0,443,0,7,21,0,28,292,75,104,0,471,0,0,0,471
12/14/2018,SAT,TX,ASW,CE,Combined TRACON& Tower with Radar,277,54,117,6,454,0,13,20,6,39,277,67,137,12,493,0,0,0,493
12/15/2018,SAT,TX,ASW,CE,Combined TRACON& Tower with Radar,211,18,67,6,302,0,10,38,0,48,211,28,105,6,350,0,0,0,350
12/16/2018,SAT,TX,ASW,CE,Combined TRACON& Tower with Radar,253,24,75,5,357,0,17,15,8,40,253,41,90,13,397,10,0,10,407
12/17/2018,SAT,TX,ASW,CE,Combined TRACON& Tower with Radar,276,42,94,7,419,0,11,51,2,64,276,53,145,9,483,0,0,0,483
12/18/2018,SAT,TX,ASW,CE,Combined TRACON& Tower with Radar,271,57,116,10,454,0,9,20,4,33,271,66,136,14,487,0,0,0,487
12/19/2018,SAT,TX,ASW,CE,Combined TRACON& Tower with Radar,276,64,109,15,464,0,11,34,2,47,276,75,143,17,511,0,0,0,511
12/20/2018,SAT,TX,ASW,CE,Combined TRACON& Tower with Radar,291,64,87,18,460,0,14,35,4,53,291,78,122,22,513,0,0,0,513
12/21/2018,SAT,TX,ASW,CE,Combined TRACON& Tower with Radar,289,53,106,5,453,0,18,59,2,79,289,71,165,7,532,0,0,0,532
12/22/2018,SAT,TX,ASW,CE,Combined TRACON& Tower with Radar,278,41,70,3,392,0,9,39,0,48,278,50,109,3,440,6,0,6,446
12/23/2018,SAT,TX,ASW,CE,Combined TRACON& Tower with Radar,268,33,38,0,339,0,15,36,2,53,268,48,74,2,392,0,0,0,392
12/24/2018,SAT,TX,ASW,CE,Combined TRACON& Tower with Radar,216,32,31,0,279,0,8,14,0,22,216,40,45,0,301,0,0,0,301
12/25/2018,SAT,TX,ASW,CE,Combined TRACON& Tower with Radar,202,31,30,1,264,0,2,4,2,8,202,33,34,3,272,0,0,0,272
12/26/2018,SAT,TX,ASW,CE,Combined TRACON& Tower with Radar,303,56,90,2,451,0,3,1,1,5,303,59,91,3,456,0,0,0,456
12/27/2018,SAT,TX,ASW,CE,Combined TRACON& Tower with Radar,297,69,104,10,480,0,9,116,7,132,297,78,220,17,612,0,0,0,612
12/28/2018,SAT,TX,ASW,CE,Combined TRACON& Tower with Radar,274,58,85,8,425,0,20,89,7,116,274,78,174,15,541,0,0,0,541
12/29/2018,SAT,TX,ASW,CE,Combined TRACON& Tower with Radar,279,35,74,1,389,0,23,4,0,27,279,58,78,1,416,0,0,0,416
12/30/2018,SAT,TX,ASW,CE,Combined TRACON& Tower with Radar,258,22,52,0,332,0,1,1,1,3,258,23,53,1,335,2,0,2,337
12/31/2018,SAT,TX,ASW,CE,Combined TRACON& Tower with Radar,228,31,38,2,299,0,6,28,2,36,228,37,66,4,335,0,0,0,335
01/01/2019,SAT,TX,ASW,CE,Combined TRACON& Tower with Radar,221,24,51,0,296,0,11,9,4,24,221,35,60,4,320,0,0,0,320
01/02/2019,SAT,TX,ASW,CE,Combined TRACON& Tower with Radar,268,38,74,2,382,0,0,1,0,1,268,38,75,2,383,0,0,0,383
01/03/2019,SAT,TX,ASW,CE,Combined TRACON& Tower with Radar,288,51,81,4,424,0,7,30,7,44,288,58,111,11,468,1,0,1,469
01/04/2019,SAT,TX,ASW,CE,Combined TRACON& Tower with Radar,269,58,101,5,433,0,15,43,3,61,269,73,144,8,494,7,0,7,501
01/05/2019,SAT,TX,ASW,CE,Combined TRACON& Tower with Radar,207,40,61,1,309,0,14,49,3,66,207,54,110,4,375,0,0,0,375
01/06/2019,SAT,TX,ASW,CE,Combined TRACON& Tower with Radar,263,42,83,7,395,0,4,31,1,36,263,46,114,8,431,8,0,8,439
01/07/2019,SAT,TX,ASW,CE,Combined TRACON& Tower with Radar,248,34,84,4,370,0,8,30,2,40,248,42,114,6,410,0,0,0,410
01/08/2019,SAT,TX,ASW,CE,Combined TRACON& Tower with Radar,272,62,77,7,418,0,6,41,4,51,272,68,118,11,469,0,0,0,469
01/09/2019,SAT,TX,ASW,CE,Combined TRACON& Tower with Radar,271,56,105,9,441,0,21,46,6,73,271,77,151,15,514,0,0,0,514
01/10/2019,SAT,TX,ASW,CE,Combined TRACON& Tower with Radar,276,30,95,3,404,0,20,33,1,54,276,50,128,4,458,0,0,0,458
01/11/2019,SAT,TX,ASW,CE,Combined TRACON& Tower with Radar,260,49,77,3,389,0,1,2,0,3,260,50,79,3,392,0,0,0,392
01/12/2019,SAT,TX,ASW,CE,Combined TRACON& Tower with Radar,180,16,31,13,240,0,11,30,1,42,180,27,61,14,282,0,0,0,282
01/13/2019,SAT,TX,ASW,CE,Combined TRACON& Tower with Radar,233,29,59,14,335,0,12,22,7,41,233,41,81,21,376,0,2,2,378
01/14/2019,SAT,TX,ASW,CE,Combined TRACON& Tower with Radar,253,36,71,10,370,0,14,25,0,39,253,50,96,10,409,0,0,0,409
01/15/2019,SAT,TX,ASW,CE,Combined TRACON& Tower with Radar,260,41,104,19,424,0,8,8,3,19,260,49,112,22,443,0,0,0,443
01/16/2019,SAT,TX,ASW,CE,Combined TRACON& Tower with Radar,269,51,113,4,437,0,0,0,1,1,269,51,113,5,438,0,0,0,438
01/17/2019,SAT,TX,ASW,CE,Combined TRACON& Tower with Radar,273,56,117,14,460,0,14,44,5,63,273,70,161,19,523,0,0,0,523
01/18/2019,SAT,TX,ASW,CE,Combined TRACON& Tower with Radar,262,59,101,6,428,0,2,1,0,3,262,61,102,6,431,0,0,0,431
01/19/2019,SAT,TX,ASW,CE,Combined TRACON& Tower with Radar,181,25,24,5,235,0,5,18,0,23,181,30,42,5,258,0,0,0,258
01/20/2019,SAT,TX,ASW,CE,Combined TRACON& Tower with Radar,215,24,57,8,304,0,14,37,4,55,215,38,94,12,359,0,0,0,359
01/21/2019,SAT,TX,ASW,CE,Combined TRACON& Tower with Radar,247,53,84,18,402,0,9,45,3,57,247,62,129,21,459,0,0,0,459
01/22/2019,SAT,TX,ASW,CE,Combined TRACON& Tower with Radar,247,47,90,13,397,0,14,26,3,43,247,61,116,16,440,0,0,0,440
01/23/2019,SAT,TX,ASW,CE,Combined TRACON& Tower with Radar,266,46,101,9,422,0,16,45,4,65,266,62,146,13,487,0,0,0,487
01/24/2019,SAT,TX,ASW,CE,Combined TRACON& Tower with Radar,276,49,100,9,434,0,18,53,6,77,276,67,153,15,511,0,0,0,511
01/25/2019,SAT,TX,ASW,CE,Combined TRACON& Tower with Radar,263,42,94,15,414,0,17,33,8,58,263,59,127,23,472,0,0,0,472
01/26/2019,SAT,TX,ASW,CE,Combined TRACON& Tower with Radar,181,30,57,6,274,0,16,23,2,41,181,46,80,8,315,0,0,0,315
01/27/2019,SAT,TX,ASW,CE,Combined TRACON& Tower with Radar,233,33,60,9,335,0,9,29,2,40,233,42,89,11,375,0,0,0,375
01/28/2019,SAT,TX,ASW,CE,Combined TRACON& Tower with Radar,254,48,96,1,399,0,17,50,2,69,254,65,146,3,468,0,0,0,468
01/29/2019,SAT,TX,ASW,CE,Combined TRACON& Tower with Radar,252,48,93,11,404,0,16,42,3,61,252,64,135,14,465,0,0,0,465
01/30/2019,SAT,TX,ASW,CE,Combined TRACON& Tower with Radar,263,56,121,9,449,0,21,51,3,75,263,77,172,12,524,0,0,0,524
01/31/2019,SAT,TX,ASW,CE,Combined TRACON& Tower with Radar,268,76,132,12,488,0,0,2,0,2,268,76,134,12,490,0,0,0,490
02/01/2019,SAT,TX,ASW,CE,Combined TRACON& Tower with Radar,275,56,111,24,466,0,4,6,0,10,275,60,117,24,476,0,0,0,476
02/02/2019,SAT,TX,ASW,CE,Combined TRACON& Tower with Radar,176,27,51,6,260,0,2,0,0,2,176,29,51,6,262,0,0,0,262
02/03/2019,SAT,TX,ASW,CE,Combined TRACON& Tower with Radar,217,27,46,2,292,0,3,10,0,13,217,30,56,2,305,0,0,0,305
02/04/2019,SAT,TX,ASW,CE,Combined TRACON& Tower with Radar,247,60,93,2,402,0,4,7,0,11,247,64,100,2,413,0,0,0,413
02/05/2019,SAT,TX,ASW,CE,Combined TRACON& Tower with Radar,257,53,109,8,427,0,5,11,0,16,257,58,120,8,443,0,0,0,443
02/06/2019,SAT,TX,ASW,CE,Combined TRACON& Tower with Radar,258,51,107,8,424,0,6,17,0,23,258,57,124,8,447,0,0,0,447
02/07/2019,SAT,TX,ASW,CE,Combined TRACON& Tower with Radar,277,42,112,10,441,0,12,32,1,45,277,54,144,11,486,0,0,0,486
02/08/2019,SAT,TX,ASW,CE,Combined TRACON& Tower with Radar,262,56,79,3,400,0,4,26,0,30,262,60,105,3,430,0,0,0,430
02/09/2019,SAT,TX,ASW,CE,Combined TRACON& Tower with Radar,192,23,39,6,260,0,3,0,1,4,192,26,39,7,264,0,0,0,264
02/10/2019,SAT,TX,ASW,CE,Combined TRACON& Tower with Radar,230,47,74,13,364,0,0,1,0,1,230,47,75,13,365,0,0,0,365
02/11/2019,SAT,TX,ASW,CE,Combined TRACON& Tower with Radar,254,42,88,13,397,0,1,3,0,4,254,43,91,13,401,0,0,0,401
02/12/2019,SAT,TX,ASW,CE,Combined TRACON& Tower with Radar,266,45,97,16,424,0,13,60,8,81,266,58,157,24,505,0,0,0,505
02/13/2019,SAT,TX,ASW,CE,Combined TRACON& Tower with Radar,279,44,91,11,425,0,15,47,12,74,279,59,138,23,499,0,0,0,499
02/14/2019,SAT,TX,ASW,CE,Combined TRACON& Tower with Radar,284,66,94,18,462,0,14,84,1,99,284,80,178,19,561,0,0,0,561
02/15/2019,SAT,TX,ASW,CE,Combined TRACON& Tower with Radar,279,55,95,1,430,0,17,69,0,86,279,72,164,1,516,0,0,0,516
02/16/2019,SAT,TX,ASW,CE,Combined TRACON& Tower with Radar,206,27,68,13,314,0,9,7,2,18,206,36,75,15,332,0,0,0,332
02/17/2019,SAT,TX,ASW,CE,Combined TRACON& Tower with Radar,230,32,73,9,344,0,13,39,2,54,230,45,112,11,398,5,0,5,403
02/18/2019,SAT,TX,ASW,CE,Combined TRACON& Tower with Radar,260,51,80,13,404,0,11,50,3,64,260,62,130,16,468,0,0,0,468
02/19/2019,SAT,TX,ASW,CE,Combined TRACON& Tower with Radar,271,72,113,9,465,0,0,2,0,2,271,72,115,9,467,0,0,0,467
02/20/2019,SAT,TX,ASW,CE,Combined TRACON& Tower with Radar,263,64,117,18,462,0,13,57,4,74,263,77,174,22,536,0,0,0,536
02/21/2019,SAT,TX,ASW,CE,Combined TRACON& Tower with Radar,276,72,119,18,485,0,11,23,0,34,276,83,142,18,519,0,0,0,519
02/22/2019,SAT,TX,ASW,CE,Combined TRACON& Tower with Radar,266,67,97,22,452,0,3,8,0,11,266,70,105,22,463,0,0,0,463
02/23/2019,SAT,TX,ASW,CE,Combined TRACON& Tower with Radar,200,32,44,26,302,0,16,18,2,36,200,48,62,28,338,0,0,0,338
02/24/2019,SAT,TX,ASW,CE,Combined TRACON& Tower with Radar,237,27,76,8,348,0,10,49,1,60,237,37,125,9,408,4,0,4,412
02/25/2019,SAT,TX,ASW,CE,Combined TRACON& Tower with Radar,261,43,88,4,396,0,15,44,4,63,261,58,132,8,459,0,0,0,459
02/26/2019,SAT,TX,ASW,CE,Combined TRACON& Tower with Radar,279,48,118,4,449,0,5,5,1,11,279,53,123,5,460,0,0,0,460
02/27/2019,SAT,TX,ASW,CE,Combined TRACON& Tower with Radar,262,42,120,12,436,0,9,28,0,37,262,51,148,12,473,0,0,0,473
02/28/2019,SAT,TX,ASW,CE,Combined TRACON& Tower with Radar,288,62,118,11,479,0,4,0,0,4,288,66,118,11,483,0,0,0,483
03/01/2019,SAT,TX,ASW,CE,Combined TRACON& Tower with Radar,280,42,131,16,469,0,2,6,1,9,280,44,137,17,478,0,0,0,478
03/02/2019,SAT,TX,ASW,CE,Combined TRACON& Tower with Radar,209,24,50,2,285,0,0,0,0,0,209,24,50,2,285,0,0,0,285
03/03/2019,SAT,TX,ASW,CE,Combined TRACON& Tower with Radar,246,37,95,18,396,0,2,6,3,11,246,39,101,21,407,0,4,4,411
03/04/2019,SAT,TX,ASW,CE,Combined TRACON& Tower with Radar,260,43,93,10,406,0,15,35,0,50,260,58,128,10,456,2,0,2,458
03/05/2019,SAT,TX,ASW,CE,Combined TRACON& Tower with Radar,276,50,90,14,430,0,17,47,2,66,276,67,137,16,496,0,0,0,496
03/06/2019,SAT,TX,ASW,CE,Combined TRACON& Tower with Radar,269,47,99,9,424,0,13,70,12,95,269,60,169,21,519,0,0,0,519
03/07/2019,SAT,TX,ASW,CE,Combined TRACON& Tower with Radar,290,52,130,15,487,0,19,35,0,54,290,71,165,15,541,0,0,0,541
03/08/2019,SAT,TX,ASW,CE,Combined TRACON& Tower with Radar,282,73,135,22,512,0,10,24,1,35,282,83,159,23,547,0,0,0,547
03/09/2019,SAT,TX,ASW,CE,Combined TRACON& Tower with Radar,227,50,69,24,370,0,9,46,7,62,227,59,115,31,432,0,0,0,432
03/10/2019,SAT,TX,ASW,CE,Combined TRACON& Tower with Radar,270,38,73,14,395,0,5,7,0,12,270,43,80,14,407,4,2,6,413
03/11/2019,SAT,TX,ASW,CE,Combined TRACON& Tower with Radar,297,49,64,8,418,0,2,2,0,4,297,51,66,8,422,0,0,0,422
03/12/2019,SAT,TX,ASW,CE,Combined TRACON& Tower with Radar,283,52,65,10,410,0,7,3,3,13,283,59,68,13,423,0,0,0,423
03/13/2019,SAT,TX,ASW,CE,Combined TRACON& Tower with Radar,278,45,78,13,414,0,10,29,7,46,278,55,107,20,460,0,0,0,460
03/14/2019,SAT,TX,ASW,CE,Combined TRACON& Tower with Radar,287,67,71,13,438,0,23,71,2,96,287,90,142,15,534,0,0,0,534
03/15/2019,SAT,TX,ASW,CE,Combined TRACON& Tower with Radar,280,47,85,8,420,0,21,55,1,77,280,68,140,9,497,0,0,0,497
03/16/2019,SAT,TX,ASW,CE,Combined TRACON& Tower with Radar,224,47,68,7,346,0,14,19,2,35,224,61,87,9,381,0,0,0,381
03/17/2019,SAT,TX,ASW,CE,Combined TRACON& Tower with Radar,266,47,92,16,421,0,8,56,5,69,266,55,148,21,490,0,0,0,490
03/18/2019,SAT,TX,ASW,CE,Combined TRACON& Tower with Radar,275,59,89,2,425,4,21,56,5,86,279,80,145,7,511,0,0,0,511
03/19/2019,SAT,TX,ASW,CE,Combined TRACON& Tower with Radar,273,51,125,14,463,0,17,41,4,62,273,68,166,18,525,0,0,0,525
03/20/2019,SAT,TX,ASW,CE,Combined TRACON& Tower with Radar,273,59,115,11,458,0,19,42,2,63,273,78,157,13,521,0,0,0,521
03/21/2019,SAT,TX,ASW,CE,Combined TRACON& Tower with Radar,287,60,81,7,435,0,24,67,1,92,287,84,148,8,527,0,0,0,527
03/22/2019,SAT,TX,ASW,CE,Combined TRACON& Tower with Radar,286,48,79,9,422,0,22,47,2,71,286,70,126,11,493,0,0,0,493
03/23/2019,SAT,TX,ASW,CE,Combined TRACON& Tower with Radar,222,31,57,15,325,0,12,7,0,19,222,43,64,15,344,0,0,0,344
03/24/2019,SAT,TX,ASW,CE,Combined TRACON& Tower with Radar,264,27,77,9,377,0,11,25,1,37,264,38,102,10,414,16,0,16,430
03/25/2019,SAT,TX,ASW,CE,Combined TRACON& Tower with Radar,268,52,95,9,424,0,11,23,2,36,268,63,118,11,460,0,0,0,460
03/26/2019,SAT,TX,ASW,CE,Combined TRACON& Tower with Radar,284,44,113,14,455,0,6,73,3,82,284,50,186,17,537,0,0,0,537
03/27/2019,SAT,TX,ASW,CE,Combined TRACON& Tower with Radar,281,48,112,9,450,0,20,48,6,74,281,68,160,15,524,0,0,0,524
03/28/2019,SAT,TX,ASW,CE,Combined TRACON& Tower with Radar,284,62,142,10,498,0,11,38,3,52,284,73,180,13,550,0,0,0,550
03/29/2019,SAT,TX,ASW,CE,Combined TRACON& Tower with Radar,285,52,120,35,492,0,12,33,2,47,285,64,153,37,539,0,0,0,539
03/30/2019,SAT,TX,ASW,CE,Combined TRACON& Tower with Radar,217,33,53,34,337,0,9,11,6,26,217,42,64,40,363,2,0,2,365
03/31/2019,SAT,TX,ASW,CE,Combined TRACON& Tower with Radar,274,28,60,16,378,0,12,33,7,52,274,40,93,23,430,0,0,0,430
04/01/2019,SAT,TX,ASW,CE,Combined TRACON& Tower with Radar,279,35,66,10,390,0,19,45,2,66,279,54,111,12,456,2,0,2,458
04/02/2019,SAT,TX,ASW,CE,Combined TRACON& Tower with Radar,277,52,87,7,423,0,9,52,0,61,277,61,139,7,484,0,0,0,484
04/03/2019,SAT,TX,ASW,CE,Combined TRACON& Tower with Radar,273,57,132,11,473,0,2,10,0,12,273,59,142,11,485,0,0,0,485
04/04/2019,SAT,TX,ASW,CE,Combined TRACON& Tower with Radar,288,55,109,4,456,0,16,41,2,59,288,71,150,6,515,2,0,2,517
04/05/2019,SAT,TX,ASW,CE,Combined TRACON& Tower with Radar,281,57,101,23,462,0,12,46,0,58,281,69,147,23,520,0,0,0,520
04/06/2019,SAT,TX,ASW,CE,Combined TRACON& Tower with Radar,206,29,52,5,292,0,9,5,0,14,206,38,57,5,306,2,0,2,308
04/07/2019,SAT,TX,ASW,CE,Combined TRACON& Tower with Radar,270,28,70,1,369,0,5,12,0,17,270,33,82,1,386,0,0,0,386
04/08/2019,SAT,TX,ASW,CE,Combined TRACON& Tower with Radar,276,53,112,8,449,0,11,49,5,65,276,64,161,13,514,0,0,0,514
04/09/2019,SAT,TX,ASW,CE,Combined TRACON& Tower with Radar,275,54,115,18,462,0,18,83,1,102,275,72,198,19,564,0,0,0,564
04/10/2019,SAT,TX,ASW,CE,Combined TRACON& Tower with Radar,278,53,108,9,448,0,15,37,2,54,278,68,145,11,502,0,0,0,502
04/11/2019,SAT,TX,ASW,CE,Combined TRACON& Tower with Radar,279,63,131,6,479,0,27,50,0,77,279,90,181,6,556,0,0,0,556
04/12/2019,SAT,TX,ASW,CE,Combined TRACON& Tower with Radar,287,77,108,8,480,0,12,67,0,79,287,89,175,8,559,6,0,6,565
04/13/2019,SAT,TX,ASW,CE,Combined TRACON& Tower with Radar,198,42,74,6,320,0,7,15,4,26,198,49,89,10,346,0,0,0,346
04/14/2019,SAT,TX,ASW,CE,Combined TRACON& Tower with Radar,252,34,76,6,368,0,8,67,3,78,252,42,143,9,446,2,0,2,448
04/15/2019,SAT,TX,ASW,CE,Combined TRACON& Tower with Radar,271,38,104,12,425,0,14,40,0,54,271,52,144,12,479,0,0,0,479
04/16/2019,SAT,TX,ASW,CE,Combined TRACON& Tower with Radar,278,71,136,19,504,0,17,18,4,39,278,88,154,23,543,0,0,0,543
04/17/2019,SAT,TX,ASW,CE,Combined TRACON& Tower with Radar,273,72,115,19,479,0,5,14,3,22,273,77,129,22,501,0,0,0,501
04/18/2019,SAT,TX,ASW,CE,Combined TRACON& Tower with Radar,281,46,102,13,442,0,16,58,1,75,281,62,160,14,517,0,0,0,517
04/19/2019,SAT,TX,ASW,CE,Combined TRACON& Tower with Radar,270,45,55,13,383,0,21,65,3,89,270,66,120,16,472,0,0,0,472
04/20/2019,SAT,TX,ASW,CE,Combined TRACON& Tower with Radar,213,28,37,4,282,0,17,50,1,68,213,45,87,5,350,0,0,0,350
04/21/2019,SAT,TX,ASW,CE,Combined TRACON& Tower with Radar,260,35,62,17,374,0,9,32,3,44,260,44,94,20,418,0,0,0,418
04/22/2019,SAT,TX,ASW,CE,Combined TRACON& Tower with Radar,279,47,115,13,454,0,6,50,3,59,279,53,165,16,513,0,0,0,513
04/23/2019,SAT,TX,ASW,CE,Combined TRACON& Tower with Radar,275,63,127,13,478,0,11,14,0,25,275,74,141,13,503,0,0,0,503
04/24/2019,SAT,TX,ASW,CE,Combined TRACON& Tower with Radar,272,42,71,2,387,0,3,5,0,8,272,45,76,2,395,0,0,0,395
04/25/2019,SAT,TX,ASW,CE,Combined TRACON& Tower with Radar,292,81,145,11,529,0,21,60,3,84,292,102,205,14,613,0,0,0,613
04/26/2019,SAT,TX,ASW,CE,Combined TRACON& Tower with Radar,296,60,76,11,443,0,14,61,6,81,296,74,137,17,524,0,0,0,524
04/27/2019,SAT,TX,ASW,CE,Combined TRACON& Tower with Radar,216,32,70,15,333,0,12,62,4,78,216,44,132,19,411,0,2,2,413
04/28/2019,SAT,TX,ASW,CE,Combined TRACON& Tower with Radar,269,48,80,17,414,0,11,40,0,51,269,59,120,17,465,2,2,4,469
04/29/2019,SAT,TX,ASW,CE,Combined TRACON& Tower with Radar,268,56,71,13,408,0,11,22,4,37,268,67,93,17,445,0,0,0,445
04/30/2019,SAT,TX,ASW,CE,Combined TRACON& Tower with Radar,270,56,102,16,444,0,12,15,4,31,270,68,117,20,475,0,0,0,475
05/01/2019,SAT,TX,ASW,CE,Combined TRACON& Tower with Radar,280,68,128,16,492,0,8,9,0,17,280,76,137,16,509,0,0,0,509
05/02/2019,SAT,TX,ASW,CE,Combined TRACON& Tower with Radar,299,67,113,2,481,0,10,13,0,23,299,77,126,2,504,0,0,0,504
05/03/2019,SAT,TX,ASW,CE,Combined TRACON& Tower with Radar,279,52,71,7,409,0,2,10,1,13,279,54,81,8,422,0,0,0,422
05/04/2019,SAT,TX,ASW,CE,Combined TRACON& Tower with Radar,226,30,58,7,321,0,5,28,6,39,226,35,86,13,360,0,0,0,360
05/05/2019,SAT,TX,ASW,CE,Combined TRACON& Tower with Radar,274,27,73,7,381,0,12,29,5,46,274,39,102,12,427,6,0,6,433
05/06/2019,SAT,TX,ASW,CE,Combined TRACON& Tower with Radar,266,33,85,3,387,0,8,16,0,24,266,41,101,3,411,0,0,0,411
05/07/2019,SAT,TX,ASW,CE,Combined TRACON& Tower with Radar,304,57,117,15,493,0,17,15,0,32,304,74,132,15,525,0,0,0,525
05/08/2019,SAT,TX,ASW,CE,Combined TRACON& Tower with Radar,258,45,75,6,384,0,3,17,3,23,258,48,92,9,407,0,0,0,407
05/09/2019,SAT,TX,ASW,CE,Combined TRACON& Tower with Radar,286,50,89,2,427,0,2,7,0,9,286,52,96,2,436,0,0,0,436
05/10/2019,SAT,TX,ASW,CE,Combined TRACON& Tower with Radar,298,58,102,4,462,0,5,18,0,23,298,63,120,4,485,0,0,0,485
05/11/2019,SAT,TX,ASW,CE,Combined TRACON& Tower with Radar,210,29,40,10,289,0,6,6,0,12,210,35,46,10,301,0,0,0,301
05/12/2019,SAT,TX,ASW,CE,Combined TRACON& Tower with Radar,263,21,52,12,348,0,16,19,1,36,263,37,71,13,384,2,0,2,386
05/13/2019,SAT,TX,ASW,CE,Combined TRACON& Tower with Radar,265,44,92,13,414,0,12,47,5,64,265,56,139,18,478,0,0,0,478
05/14/2019,SAT,TX,ASW,CE,Combined TRACON& Tower with Radar,279,57,84,12,432,0,17,56,1,74,279,74,140,13,506,0,0,0,506
05/15/2019,SAT,TX,ASW,CE,Combined TRACON& Tower with Radar,276,56,95,8,435,0,13,35,2,50,276,69,130,10,485,0,0,0,485
05/16/2019,SAT,TX,ASW,CE,Combined TRACON& Tower with Radar,281,52,116,10,459,0,9,36,2,47,281,61,152,12,506,0,0,0,506
05/17/2019,SAT,TX,ASW,CE,Combined TRACON& Tower with Radar,285,52,102,6,445,0,10,31,0,41,285,62,133,6,486,0,0,0,486
05/18/2019,SAT,TX,ASW,CE,Combined TRACON& Tower with Radar,214,25,44,8,291,0,4,4,0,8,214,29,48,8,299,0,4,4,303
05/19/2019,SAT,TX,ASW,CE,Combined TRACON& Tower with Radar,252,32,51,11,346,0,4,30,0,34,252,36,81,11,380,4,0,4,384
05/20/2019,SAT,TX,ASW,CE,Combined TRACON& Tower with Radar,275,44,87,7,413,0,9,15,0,24,275,53,102,7,437,0,0,0,437
05/21/2019,SAT,TX,ASW,CE,Combined TRACON& Tower with Radar,270,61,86,21,438,1,14,40,2,57,271,75,126,23,495,0,0,0,495
05/22/2019,SAT,TX,ASW,CE,Combined TRACON& Tower with Radar,273,65,119,8,465,0,17,30,5,52,273,82,149,13,517,0,0,0,517
05/23/2019,SAT,TX,ASW,CE,Combined TRACON& Tower with Radar,291,44,111,11,457,0,8,26,3,37,291,52,137,14,494,0,0,0,494
05/24/2019,SAT,TX,ASW,CE,Combined TRACON& Tower with Radar,285,54,89,9,437,0,10,19,1,30,285,64,108,10,467,0,0,0,467
05/25/2019,SAT,TX,ASW,CE,Combined TRACON& Tower with Radar,196,19,47,4,266,0,8,10,1,19,196,27,57,5,285,0,0,0,285
05/26/2019,SAT,TX,ASW,CE,Combined TRACON& Tower with Radar,206,27,42,0,275,0,8,19,0,27,206,35,61,0,302,0,0,0,302
05/27/2019,SAT,TX,ASW,CE,Combined TRACON& Tower with Radar,246,20,73,5,344,0,15,29,3,47,246,35,102,8,391,0,0,0,391
05/28/2019,SAT,TX,ASW,CE,Combined TRACON& Tower with Radar,261,58,104,15,438,0,10,41,2,53,261,68,145,17,491,0,0,0,491
05/29/2019,SAT,TX,ASW,CE,Combined TRACON& Tower with Radar,279,63,94,10,446,0,30,24,6,60,279,93,118,16,506,0,0,0,506
05/30/2019,SAT,TX,ASW,CE,Combined TRACON& Tower with Radar,291,49,102,15,457,0,7,30,1,38,291,56,132,16,495,0,0,0,495
05/31/2019,SAT,TX,ASW,CE,Combined TRACON& Tower with Radar,289,59,76,23,447,0,10,35,0,45,289,69,111,23,492,0,0,0,492
06/01/2019,SAT,TX,ASW,CE,Combined TRACON& Tower with Radar,225,23,48,24,320,0,6,19,6,31,225,29,67,30,351,0,4,4,355
06/02/2019,SAT,TX,ASW,CE,Combined TRACON& Tower with Radar,254,27,81,10,372,0,2,32,4,38,254,29,113,14,410,2,2,4,414
06/03/2019,SAT,TX,ASW,CE,Combined TRACON& Tower with Radar,269,38,68,6,381,0,7,39,4,50,269,45,107,10,431,0,0,0,431
06/04/2019,SAT,TX,ASW,CE,Combined TRACON& Tower with Radar,280,47,110,2,439,0,4,12,0,16,280,51,122,2,455,0,0,0,455
06/05/2019,SAT,TX,ASW,CE,Combined TRACON& Tower with Radar,265,55,93,16,429,0,10,18,3,31,265,65,111,19,460,0,0,0,460
06/06/2019,SAT,TX,ASW,CE,Combined TRACON& Tower with Radar,302,44,88,14,448,0,10,30,3,43,302,54,118,17,491,0,0,0,491
06/07/2019,SAT,TX,ASW,CE,Combined TRACON& Tower with Radar,287,47,92,44,470,0,11,45,5,61,287,58,137,49,531,0,0,0,531
06/08/2019,SAT,TX,ASW,CE,Combined TRACON& Tower with Radar,229,36,56,16,337,0,7,30,12,49,229,43,86,28,386,0,0,0,386
06/09/2019,SAT,TX,ASW,CE,Combined TRACON& Tower with Radar,248,29,56,25,358,0,1,23,3,27,248,30,79,28,385,0,2,2,387
06/10/2019,SAT,TX,ASW,CE,Combined TRACON& Tower with Radar,288,35,89,26,438,0,7,30,1,38,288,42,119,27,476,0,0,0,476
06/11/2019,SAT,TX,ASW,CE,Combined TRACON& Tower with Radar,299,63,89,9,460,0,3,22,2,27,299,66,111,11,487,0,0,0,487
06/12/2019,SAT,TX,ASW,CE,Combined TRACON& Tower with Radar,286,45,98,11,440,0,8,59,4,71,286,53,157,15,511,0,0,0,511
06/13/2019,SAT,TX,ASW,CE,Combined TRACON& Tower with Radar,297,50,96,14,457,0,16,39,4,59,297,66,135,18,516,7,0,7,523
06/14/2019,SAT,TX,ASW,CE,Combined TRACON& Tower with Radar,293,51,78,17,439,0,11,38,12,61,293,62,116,29,500,0,0,0,500
06/15/2019,SAT,TX,ASW,CE,Combined TRACON& Tower with Radar,236,27,43,23,329,0,4,19,3,26,236,31,62,26,355,0,0,0,355
06/16/2019,SAT,TX,ASW,CE,Combined TRACON& Tower with Radar,297,20,49,10,376,0,7,14,5,26,297,27,63,15,402,0,0,0,402
06/17/2019,SAT,TX,ASW,CE,Combined TRACON& Tower with Radar,278,45,73,13,409,0,3,22,1,26,278,48,95,14,435,0,0,0,435
06/18/2019,SAT,TX,ASW,CE,Combined TRACON& Tower with Radar,291,54,82,8,435,0,13,39,3,55,291,67,121,11,490,10,0,10,500
06/19/2019,SAT,TX,ASW,CE,Combined TRACON& Tower with Radar,278,53,94,12,437,0,13,39,2,54,278,66,133,14,491,4,0,4,495
06/20/2019,SAT,TX,ASW,CE,Combined TRACON& Tower with Radar,305,66,136,4,511,0,8,45,1,54,305,74,181,5,565,0,0,0,565
06/21/2019,SAT,TX,ASW,CE,Combined TRACON& Tower with Radar,290,60,94,11,455,0,4,31,2,37,290,64,125,13,492,0,0,0,492
06/22/2019,SAT,TX,ASW,CE,Combined TRACON& Tower with Radar,234,39,59,13,345,0,8,24,0,32,234,47,83,13,377,0,0,0,377
06/23/2019,SAT,TX,ASW,CE,Combined TRACON& Tower with Radar,265,34,56,15,370,0,3,31,3,37,265,37,87,18,407,0,0,0,407
06/24/2019,SAT,TX,ASW,CE,Combined TRACON& Tower with Radar,303,43,81,11,438,0,4,15,2,21,303,47,96,13,459,6,0,6,465
06/25/2019,SAT,TX,ASW,CE,Combined TRACON& Tower with Radar,288,39,77,36,440,0,0,37,6,43,288,39,114,42,483,0,0,0,483
06/26/2019,SAT,TX,ASW,CE,Combined TRACON& Tower with Radar,295,56,102,13,466,0,3,33,0,36,295,59,135,13,502,0,2,2,504
06/27/2019,SAT,TX,ASW,CE,Combined TRACON& Tower with Radar,313,58,106,10,487,0,5,29,0,34,313,63,135,10,521,0,0,0,521
06/28/2019,SAT,TX,ASW,CE,Combined TRACON& Tower with Radar,294,57,108,9,468,0,12,57,5,74,294,69,165,14,542,0,0,0,542
06/29/2019,SAT,TX,ASW,CE,Combined TRACON& Tower with Radar,258,30,45,13,346,0,11,36,2,49,258,41,81,15,395,0,0,0,395
06/30/2019,SAT,TX,ASW,CE,Combined TRACON& Tower with Radar,265,32,48,4,349,0,5,36,0,41,265,37,84,4,390,0,0,0,390
07/01/2019,SAT,TX,ASW,CE,Combined TRACON& Tower with Radar,266,36,61,12,375,0,21,26,4,51,266,57,87,16,426,0,0,0,426
07/02/2019,SAT,TX,ASW,CE,Combined TRACON& Tower with Radar,270,54,59,8,391,0,12,39,1,52,270,66,98,9,443,0,0,0,443
07/03/2019,SAT,TX,ASW,CE,Combined TRACON& Tower with Radar,277,52,63,6,398,0,7,15,0,22,277,59,78,6,420,0,0,0,420
07/04/2019,SAT,TX,ASW,CE,Combined TRACON& Tower with Radar,221,19,26,1,267,0,13,15,0,28,221,32,41,1,295,0,0,0,295
07/05/2019,SAT,TX,ASW,CE,Combined TRACON& Tower with Radar,235,40,33,2,310,0,8,23,0,31,235,48,56,2,341,0,0,0,341
07/06/2019,SAT,TX,ASW,CE,Combined TRACON& Tower with Radar,240,31,36,1,308,0,14,22,0,36,240,45,58,1,344,0,0,0,344
07/07/2019,SAT,TX,ASW,CE,Combined TRACON& Tower with Radar,270,50,72,2,394,0,9,47,1,57,270,59,119,3,451,0,0,0,451
07/08/2019,SAT,TX,ASW,CE,Combined TRACON& Tower with Radar,284,46,82,18,430,0,11,21,0,32,284,57,103,18,462,0,0,0,462
07/09/2019,SAT,TX,ASW,CE,Combined TRACON& Tower with Radar,286,46,80,7,419,0,13,55,4,72,286,59,135,11,491,0,0,0,491
07/10/2019,SAT,TX,ASW,CE,Combined TRACON& Tower with Radar,298,54,93,13,458,0,13,38,4,55,298,67,131,17,513,0,0,0,513
07/11/2019,SAT,TX,ASW,CE,Combined TRACON& Tower with Radar,296,45,62,10,413,0,12,50,0,62,296,57,112,10,475,3,0,3,478
07/12/2019,SAT,TX,ASW,CE,Combined TRACON& Tower with Radar,297,57,84,7,445,0,10,54,5,69,297,67,138,12,514,0,0,0,514
07/13/2019,SAT,TX,ASW,CE,Combined TRACON& Tower with Radar,241,25,48,9,323,0,14,35,4,53,241,39,83,13,376,0,0,0,376
07/14/2019,SAT,TX,ASW,CE,Combined TRACON& Tower with Radar,273,30,46,8,357,0,4,31,1,36,273,34,77,9,393,0,0,0,393
07/15/2019,SAT,TX,ASW,CE,Combined TRACON& Tower with Radar,286,45,71,11,413,0,4,46,8,58,286,49,117,19,471,0,0,0,471
07/16/2019,SAT,TX,ASW,CE,Combined TRACON& Tower with Radar,288,55,82,8,433,0,10,31,3,44,288,65,113,11,477,2,0,2,479
07/17/2019,SAT,TX,ASW,CE,Combined TRACON& Tower with Radar,285,59,107,8,459,0,12,48,5,65,285,71,155,13,524,0,0,0,524
07/18/2019,SAT,TX,ASW,CE,Combined TRACON& Tower with Radar,291,57,88,12,448,0,14,61,0,75,291,71,149,12,523,0,0,0,523
07/19/2019,SAT,TX,ASW,CE,Combined TRACON& Tower with Radar,286,55,77,10,428,0,9,46,0,55,286,64,123,10,483,0,0,0,483
07/20/2019,SAT,TX,ASW,CE,Combined TRACON& Tower with Radar,227,35,32,6,300,0,15,33,4,52,227,50,65,10,352,0,0,0,352
07/21/2019,SAT,TX,ASW,CE,Combined TRACON& Tower with Radar,271,46,66,8,391,0,11,27,3,41,271,57,93,11,432,0,0,0,432
07/22/2019,SAT,TX,ASW,CE,Combined TRACON& Tower with Radar,289,56,94,7,446,0,13,29,0,42,289,69,123,7,488,0,0,0,488
07/23/2019,SAT,TX,ASW,CE,Combined TRACON& Tower with Radar,292,57,87,5,441,0,15,60,1,76,292,72,147,6,517,0,0,0,517
07/24/2019,SAT,TX,ASW,CE,Combined TRACON& Tower with Radar,287,45,85,7,424,0,10,54,4,68,287,55,139,11,492,0,0,0,492
07/25/2019,SAT,TX,ASW,CE,Combined TRACON& Tower with Radar,296,39,97,8,440,0,11,49,2,62,296,50,146,10,502,3,0,3,505
07/26/2019,SAT,TX,ASW,CE,Combined TRACON& Tower with Radar,301,43,85,22,451,0,7,44,5,56,301,50,129,27,507,0,0,0,507
07/27/2019,SAT,TX,ASW,CE,Combined TRACON& Tower with Radar,241,25,46,15,327,0,8,34,10,52,241,33,80,25,379,0,0,0,379
07/28/2019,SAT,TX,ASW,CE,Combined TRACON& Tower with Radar,274,34,59,15,382,0,5,28,7,40,274,39,87,22,422,0,0,0,422
07/29/2019,SAT,TX,ASW,CE,Combined TRACON& Tower with Radar,285,51,74,19,429,0,11,35,0,46,285,62,109,19,475,0,0,0,475
07/30/2019,SAT,TX,ASW,CE,Combined TRACON& Tower with Radar,290,52,82,8,432,0,12,32,3,47,290,64,114,11,479,0,0,0,479
07/31/2019,SAT,TX,ASW,CE,Combined TRACON& Tower with Radar,294,57,90,16,457,0,12,49,0,61,294,69,139,16,518,0,0,0,518
08/01/2019,SAT,TX,ASW,CE,Combined TRACON& Tower with Radar,290,43,69,6,408,0,8,51,4,63,290,51,120,10,471,2,0,2,473
08/02/2019,SAT,TX,ASW,CE,Combined TRACON& Tower with Radar,292,43,68,7,410,0,14,42,2,58,292,57,110,9,468,0,0,0,468
08/03/2019,SAT,TX,ASW,CE,Combined TRACON& Tower with Radar,240,42,39,10,331,0,7,27,0,34,240,49,66,10,365,0,0,0,365
08/04/2019,SAT,TX,ASW,CE,Combined TRACON& Tower with Radar,273,39,67,10,389,0,5,29,1,35,273,44,96,11,424,0,0,0,424
08/05/2019,SAT,TX,ASW,CE,Combined TRACON& Tower with Radar,285,42,105,2,434,0,12,52,2,66,285,54,157,4,500,0,0,0,500
08/06/2019,SAT,TX,ASW,CE,Combined TRACON& Tower with Radar,272,54,90,2,418,0,11,42,4,57,272,65,132,6,475,0,0,0,475
08/07/2019,SAT,TX,ASW,CE,Combined TRACON& Tower with Radar,278,49,83,8,418,0,13,51,3,67,278,62,134,11,485,5,0,5,490
08/08/2019,SAT,TX,ASW,CE,Combined TRACON& Tower with Radar,276,65,87,15,443,0,12,39,3,54,276,77,126,18,497,0,0,0,497
08/09/2019,SAT,TX,ASW,CE,Combined TRACON& Tower with Radar,289,36,89,18,432,0,9,48,3,60,289,45,137,21,492,10,15,25,517
08/10/2019,SAT,TX,ASW,CE,Combined TRACON& Tower with Radar,234,39,44,12,329,0,12,22,5,39,234,51,66,17,368,0,0,0,368
08/11/2019,SAT,TX,ASW,CE,Combined TRACON& Tower with Radar,272,36,62,16,386,0,7,31,5,43,272,43,93,21,429,0,0,0,429
08/12/2019,SAT,TX,ASW,CE,Combined TRACON& Tower with Radar,270,24,67,8,369,0,18,51,5,74,270,42,118,13,443,0,0,0,443
08/13/2019,SAT,TX,ASW,CE,Combined TRACON& Tower with Radar,272,40,60,7,379,0,9,59,2,70,272,49,119,9,449,0,0,0,449
08/14/2019,SAT,TX,ASW,CE,Combined TRACON& Tower with Radar,295,55,90,13,453,0,11,37,1,49,295,66,127,14,502,0,0,0,502
08/15/2019,SAT,TX,ASW,CE,Combined TRACON& Tower with Radar,286,55,85,23,449,0,7,46,4,57,286,62,131,27,506,0,0,0,506
08/16/2019,SAT,TX,ASW,CE,Combined TRACON& Tower with Radar,288,38,75,14,415,0,8,59,8,75,288,46,134,22,490,0,0,0,490
08/17/2019,SAT,TX,ASW,CE,Combined TRACON& Tower with Radar,225,17,46,13,301,0,11,37,3,51,225,28,83,16,352,0,0,0,352
08/18/2019,SAT,TX,ASW,CE,Combined TRACON& Tower with Radar,270,22,63,17,372,0,11,20,1,32,270,33,83,18,404,0,0,0,404
08/19/2019,SAT,TX,ASW,CE,Combined TRACON& Tower with Radar,271,38,68,19,396,0,9,25,2,36,271,47,93,21,432,0,0,0,432
08/20/2019,SAT,TX,ASW,CE,Combined TRACON& Tower with Radar,276,57,125,29,487,0,8,33,4,45,276,65,158,33,532,0,0,0,532
08/21/2019,SAT,TX,ASW,CE,Combined TRACON& Tower with Radar,283,41,92,18,434,0,11,50,3,64,283,52,142,21,498,0,0,0,498
08/22/2019,SAT,TX,ASW,CE,Combined TRACON& Tower with Radar,281,40,100,7,428,0,9,29,5,43,281,49,129,12,471,0,0,0,471
08/23/2019,SAT,TX,ASW,CE,Combined TRACON& Tower with Radar,284,44,84,36,448,0,14,36,2,52,284,58,120,38,500,0,0,0,500
08/24/2019,SAT,TX,ASW,CE,Combined TRACON& Tower with Radar,225,18,40,9,292,0,9,16,3,28,225,27,56,12,320,0,0,0,320
08/25/2019,SAT,TX,ASW,CE,Combined TRACON& Tower with Radar,274,27,50,4,355,0,5,25,0,30,274,32,75,4,385,0,0,0,385
08/26/2019,SAT,TX,ASW,CE,Combined TRACON& Tower with Radar,269,37,77,9,392,0,14,29,3,46,269,51,106,12,438,0,0,0,438
08/27/2019,SAT,TX,ASW,CE,Combined TRACON& Tower with Radar,267,36,93,16,412,0,12,32,5,49,267,48,125,21,461,2,0,2,463
08/28/2019,SAT,TX,ASW,CE,Combined TRACON& Tower with Radar,267,53,97,25,442,0,9,31,4,44,267,62,128,29,486,0,0,0,486
08/29/2019,SAT,TX,ASW,CE,Combined TRACON& Tower with Radar,288,51,104,19,462,0,11,43,2,56,288,62,147,21,518,2,1,3,521
08/30/2019,SAT,TX,ASW,CE,Combined TRACON& Tower with Radar,287,60,73,15,435,0,11,55,1,67,287,71,128,16,502,0,0,0,502
08/31/2019,SAT,TX,ASW,CE,Combined TRACON& Tower with Radar,186,21,28,1,236,0,9,36,3,48,186,30,64,4,284,0,0,0,284
09/01/2019,SAT,TX,ASW,CE,Combined TRACON& Tower with Radar,218,18,37,0,273,0,8,17,3,28,218,26,54,3,301,0,0,0,301
09/02/2019,SAT,TX,ASW,CE,Combined TRACON& Tower with Radar,241,41,45,1,328,0,7,33,1,41,241,48,78,2,369,0,0,0,369
09/03/2019,SAT,TX,ASW,CE,Combined TRACON& Tower with Radar,256,50,58,7,371,0,11,42,10,63,256,61,100,17,434,0,0,0,434
09/04/2019,SAT,TX,ASW,CE,Combined TRACON& Tower with Radar,271,43,72,15,401,0,13,17,0,30,271,56,89,15,431,0,0,0,431
09/05/2019,SAT,TX,ASW,CE,Combined TRACON& Tower with Radar,281,42,95,13,431,0,10,28,4,42,281,52,123,17,473,0,0,0,473
09/06/2019,SAT,TX,ASW,CE,Combined TRACON& Tower with Radar,277,43,90,5,415,0,14,39,4,57,277,57,129,9,472,0,0,0,472
09/07/2019,SAT,TX,ASW,CE,Combined TRACON& Tower with Radar,220,23,58,19,320,0,10,27,2,39,220,33,85,21,359,0,0,0,359
09/08/2019,SAT,TX,ASW,CE,Combined TRACON& Tower with Radar,264,39,87,20,410,0,8,20,3,31,264,47,107,23,441,0,0,0,441
09/09/2019,SAT,TX,ASW,CE,Combined TRACON& Tower with Radar,271,40,83,8,402,0,19,24,6,49,271,59,107,14,451,0,0,0,451
09/10/2019,SAT,TX,ASW,CE,Combined TRACON& Tower with Radar,274,48,75,4,401,0,8,18,0,26,274,56,93,4,427,0,0,0,427
09/11/2019,SAT,TX,ASW,CE,Combined TRACON& Tower with Radar,282,62,94,9,447,0,2,15,1,18,282,64,109,10,465,0,0,0,465
09/12/2019,SAT,TX,ASW,CE,Combined TRACON& Tower with Radar,287,72,122,20,501,0,13,50,2,65,287,85,172,22,566,4,2,6,572
09/13/2019,SAT,TX,ASW,CE,Combined TRACON& Tower with Radar,291,53,73,10,427,0,13,52,4,69,291,66,125,14,496,0,0,0,496
09/14/2019,SAT,TX,ASW,CE,Combined TRACON& Tower with Radar,220,25,36,8,289,0,15,26,4,45,220,40,62,12,334,0,0,0,334
09/15/2019,SAT,TX,ASW,CE,Combined TRACON& Tower with Radar,264,25,45,17,351,0,15,28,3,46,264,40,73,20,397,0,0,0,397
09/16/2019,SAT,TX,ASW,CE,Combined TRACON& Tower with Radar,275,54,93,12,434,0,15,39,4,58,275,69,132,16,492,0,0,0,492
09/17/2019,SAT,TX,ASW,CE,Combined TRACON& Tower with Radar,273,53,102,39,467,0,19,43,3,65,273,72,145,42,532,0,0,0,532
09/18/2019,SAT,TX,ASW,CE,Combined TRACON& Tower with Radar,281,43,82,12,418,0,16,46,3,65,281,59,128,15,483,0,0,0,483
09/19/2019,SAT,TX,ASW,CE,Combined TRACON& Tower with Radar,287,52,90,10,439,0,7,37,4,48,287,59,127,14,487,0,0,0,487
09/20/2019,SAT,TX,ASW,CE,Combined TRACON& Tower with Radar,309,48,106,21,484,0,11,36,6,53,309,59,142,27,537,0,0,0,537
09/21/2019,SAT,TX,ASW,CE,Combined TRACON& Tower with Radar,221,26,51,11,309,0,12,8,2,22,221,38,59,13,331,0,0,0,331
09/22/2019,SAT,TX,ASW,CE,Combined TRACON& Tower with Radar,269,35,89,18,411,0,7,31,3,41,269,42,120,21,452,0,0,0,452
09/23/2019,SAT,TX,ASW,CE,Combined TRACON& Tower with Radar,274,47,89,8,418,0,7,31,1,39,274,54,120,9,457,0,0,0,457
09/24/2019,SAT,TX,ASW,CE,Combined TRACON& Tower with Radar,275,42,87,5,409,0,5,38,2,45,275,47,125,7,454,0,0,0,454
09/25/2019,SAT,TX,ASW,CE,Combined TRACON& Tower with Radar,277,58,114,9,458,0,17,28,1,46,277,75,142,10,504,0,0,0,504
09/26/2019,SAT,TX,ASW,CE,Combined TRACON& Tower with Radar,291,60,147,8,506,0,10,56,3,69,291,70,203,11,575,0,0,0,575
09/27/2019,SAT,TX,ASW,CE,Combined TRACON& Tower with Radar,268,46,111,10,435,0,13,52,2,67,268,59,163,12,502,0,0,0,502
09/28/2019,SAT,TX,ASW,CE,Combined TRACON& Tower with Radar,218,21,50,0,289,0,6,25,4,35,218,27,75,4,324,0,0,0,324
09/29/2019,SAT,TX,ASW,CE,Combined TRACON& Tower with Radar,260,40,69,4,373,0,6,21,2,29,260,46,90,6,402,0,0,0,402
09/30/2019,SAT,TX,ASW,CE,Combined TRACON& Tower with Radar,274,49,93,0,416,0,7,27,2,36,274,56,120,2,452,0,0,0,452
10/01/2019,SAT,TX,ASW,CE,Combined TRACON& Tower with Radar,279,44,95,8,426,0,10,29,3,42,279,54,124,11,468,0,0,0,468
10/02/2019,SAT,TX,ASW,CE,Combined TRACON& Tower with Radar,280,64,109,9,462,0,5,48,4,57,280,69,157,13,519,0,0,0,519
10/03/2019,SAT,TX,ASW,CE,Combined TRACON& Tower with Radar,294,55,94,14,457,0,11,38,1,50,294,66,132,15,507,4,0,4,511
10/04/2019,SAT,TX,ASW,CE,Combined TRACON& Tower with Radar,290,55,71,7,423,0,15,57,4,76,290,70,128,11,499,0,0,0,499
10/05/2019,SAT,TX,ASW,CE,Combined TRACON& Tower with Radar,214,33,37,6,290,0,16,52,1,69,214,49,89,7,359,0,0,0,359
10/06/2019,SAT,TX,ASW,CE,Combined TRACON& Tower with Radar,258,25,64,3,350,0,6,40,0,46,258,31,104,3,396,0,0,0,396
10/07/2019,SAT,TX,ASW,CE,Combined TRACON& Tower with Radar,284,36,58,9,387,0,7,36,2,45,284,43,94,11,432,0,0,0,432
10/08/2019,SAT,TX,ASW,CE,Combined TRACON& Tower with Radar,282,41,84,16,423,0,9,51,0,60,282,50,135,16,483,4,0,4,487
10/09/2019,SAT,TX,ASW,CE,Combined TRACON& Tower with Radar,293,40,97,7,437,0,7,64,1,72,293,47,161,8,509,0,0,0,509
10/10/2019,SAT,TX,ASW,CE,Combined TRACON& Tower with Radar,315,75,103,22,515,0,13,30,2,45,315,88,133,24,560,0,0,0,560
10/11/2019,SAT,TX,ASW,CE,Combined TRACON& Tower with Radar,275,61,96,4,436,0,5,14,0,19,275,66,110,4,455,0,0,0,455
10/12/2019,SAT,TX,ASW,CE,Combined TRACON& Tower with Radar,218,23,62,2,305,0,5,37,0,42,218,28,99,2,347,0,0,0,347
10/13/2019,SAT,TX,ASW,CE,Combined TRACON& Tower with Radar,264,22,73,0,359,0,8,20,0,28,264,30,93,0,387,0,0,0,387
10/14/2019,SAT,TX,ASW,CE,Combined TRACON& Tower with Radar,275,55,93,1,424,0,10,24,2,36,275,65,117,3,460,0,0,0,460
10/15/2019,SAT,TX,ASW,CE,Combined TRACON& Tower with Radar,276,51,99,24,450,0,4,16,2,22,276,55,115,26,472,0,0,0,472
10/16/2019,SAT,TX,ASW,CE,Combined TRACON& Tower with Radar,288,52,100,1,441,0,0,15,2,17,288,52,115,3,458,0,0,0,458
10/17/2019,SAT,TX,ASW,CE,Combined TRACON& Tower with Radar,294,49,127,9,479,0,9,35,0,44,294,58,162,9,523,1,0,1,524
10/18/2019,SAT,TX,ASW,CE,Combined TRACON& Tower with Radar,278,55,81,11,425,0,12,57,1,70,278,67,138,12,495,0,0,0,495
10/19/2019,SAT,TX,ASW,CE,Combined TRACON& Tower with Radar,215,34,46,17,312,0,12,20,2,34,215,46,66,19,346,0,0,0,346
10/20/2019,SAT,TX,ASW,CE,Combined TRACON& Tower with Radar,259,34,97,9,399,0,7,13,0,20,259,41,110,9,419,0,0,0,419
10/21/2019,SAT,TX,ASW,CE,Combined TRACON& Tower with Radar,278,27,65,4,374,0,7,39,4,50,278,34,104,8,424,0,0,0,424
10/22/2019,SAT,TX,ASW,CE,Combined TRACON& Tower with Radar,283,52,79,8,422,0,9,70,2,81,283,61,149,10,503,0,0,0,503
10/23/2019,SAT,TX,ASW,CE,Combined TRACON& Tower with Radar,280,49,117,10,456,0,8,53,3,64,280,57,170,13,520,0,0,0,520
10/24/2019,SAT,TX,ASW,CE,Combined TRACON& Tower with Radar,250,40,103,5,398,0,4,19,0,23,250,44,122,5,421,0,0,0,421
10/25/2019,SAT,TX,ASW,CE,Combined TRACON& Tower with Radar,315,65,99,25,504,0,12,32,2,46,315,77,131,27,550,0,0,0,550
10/26/2019,SAT,TX,ASW,CE,Combined TRACON& Tower with Radar,217,28,62,13,320,0,16,40,3,59,217,44,102,16,379,0,0,0,379
10/27/2019,SAT,TX,ASW,CE,Combined TRACON& Tower with Radar,251,34,63,17,365,0,5,34,4,43,251,39,97,21,408,0,0,0,408
10/28/2019,SAT,TX,ASW,CE,Combined TRACON& Tower with Radar,273,34,106,11,424,0,3,22,0,25,273,37,128,11,449,0,0,0,449
10/29/2019,SAT,TX,ASW,CE,Combined TRACON& Tower with Radar,279,58,73,4,414,0,0,0,2,2,279,58,73,6,416,0,0,0,416
10/30/2019,SAT,TX,ASW,CE,Combined TRACON& Tower with Radar,276,49,83,4,412,0,11,2,0,13,276,60,85,4,425,0,0,0,425
10/31/2019,SAT,TX,ASW,CE,Combined TRACON& Tower with Radar,249,56,73,5,383,0,7,51,5,63,249,63,124,10,446,0,0,0,446
11/01/2019,SAT,TX,ASW,CE,Combined TRACON& Tower with Radar,272,48,103,24,447,0,7,48,3,58,272,55,151,27,505,0,0,0,505
11/02/2019,SAT,TX,ASW,CE,Combined TRACON& Tower with Radar,207,41,59,22,329,0,10,39,6,55,207,51,98,28,384,0,0,0,384
11/03/2019,SAT,TX,ASW,CE,Combined TRACON& Tower with Radar,254,30,83,13,380,0,6,45,5,56,254,36,128,18,436,0,0,0,436
11/04/2019,SAT,TX,ASW,CE,Combined TRACON& Tower with Radar,266,39,92,8,405,0,19,45,6,70,266,58,137,14,475,0,0,0,475
11/05/2019,SAT,TX,ASW,CE,Combined TRACON& Tower with Radar,264,39,95,13,411,0,7,15,3,25,264,46,110,16,436,2,0,2,438
11/06/2019,SAT,TX,ASW,CE,Combined TRACON& Tower with Radar,268,64,109,19,460,0,7,29,2,38,268,71,138,21,498,0,0,0,498
11/07/2019,SAT,TX,ASW,CE,Combined TRACON& Tower with Radar,293,67,97,9,466,0,0,2,0,2,293,67,99,9,468,0,0,0,468
11/08/2019,SAT,TX,ASW,CE,Combined TRACON& Tower with Radar,279,67,98,11,455,0,5,5,2,12,279,72,103,13,467,0,0,0,467
11/09/2019,SAT,TX,ASW,CE,Combined TRACON& Tower with Radar,212,28,46,6,292,0,10,49,1,60,212,38,95,7,352,0,0,0,352
11/10/2019,SAT,TX,ASW,CE,Combined TRACON& Tower with Radar,259,34,67,2,362,0,9,36,1,46,259,43,103,3,408,0,0,0,408
11/11/2019,SAT,TX,ASW,CE,Combined TRACON& Tower with Radar,257,51,102,8,418,0,2,5,1,8,257,53,107,9,426,0,0,0,426
11/12/2019,SAT,TX,ASW,CE,Combined TRACON& Tower with Radar,269,41,82,5,397,0,12,29,0,41,269,53,111,5,438,0,0,0,438
11/13/2019,SAT,TX,ASW,CE,Combined TRACON& Tower with Radar,273,63,84,2,422,0,5,24,3,32,273,68,108,5,454,0,0,0,454
11/14/2019,SAT,TX,ASW,CE,Combined TRACON& Tower with Radar,278,66,101,18,463,0,3,11,0,14,278,69,112,18,477,0,0,0,477
11/15/2019,SAT,TX,ASW,CE,Combined TRACON& Tower with Radar,269,68,97,23,457,0,10,48,4,62,269,78,145,27,519,0,0,0,519
11/16/2019,SAT,TX,ASW,CE,Combined TRACON& Tower with Radar,207,45,77,20,349,0,15,43,5,63,207,60,120,25,412,0,0,0,412
11/17/2019,SAT,TX,ASW,CE,Combined TRACON& Tower with Radar,249,39,76,7,371,0,14,26,6,46,249,53,102,13,417,0,0,0,417
11/18/2019,SAT,TX,ASW,CE,Combined TRACON& Tower with Radar,258,68,82,11,419,0,6,61,2,69,258,74,143,13,488,0,0,0,488
11/19/2019,SAT,TX,ASW,CE,Combined TRACON& Tower with Radar,268,75,114,7,464,0,8,63,1,72,268,83,177,8,536,0,0,0,536
11/20/2019,SAT,TX,ASW,CE,Combined TRACON& Tower with Radar,276,49,95,9,429,0,10,27,4,41,276,59,122,13,470,0,0,0,470
11/21/2019,SAT,TX,ASW,CE,Combined TRACON& Tower with Radar,285,66,91,4,446,0,12,20,3,35,285,78,111,7,481,0,0,0,481
11/22/2019,SAT,TX,ASW,CE,Combined TRACON& Tower with Radar,272,62,115,12,461,0,5,22,1,28,272,67,137,13,489,0,0,0,489
11/23/2019,SAT,TX,ASW,CE,Combined TRACON& Tower with Radar,245,33,46,3,327,0,12,53,3,68,245,45,99,6,395,0,0,0,395
11/24/2019,SAT,TX,ASW,CE,Combined TRACON& Tower with Radar,254,27,74,5,360,0,12,55,9,76,254,39,129,14,436,0,0,0,436
11/25/2019,SAT,TX,ASW,CE,Combined TRACON& Tower with Radar,249,31,72,4,356,0,3,59,2,64,249,34,131,6,420,0,0,0,420
11/26/2019,SAT,TX,ASW,CE,Combined TRACON& Tower with Radar,252,51,88,12,403,0,20,16,2,38,252,71,104,14,441,0,0,0,441
11/27/2019,SAT,TX,ASW,CE,Combined TRACON& Tower with Radar,261,67,72,8,408,0,13,40,5,58,261,80,112,13,466,0,0,0,466
11/28/2019,SAT,TX,ASW,CE,Combined TRACON& Tower with Radar,160,21,39,0,220,0,13,0,0,13,160,34,39,0,233,0,0,0,233
11/29/2019,SAT,TX,ASW,CE,Combined TRACON& Tower with Radar,196,38,28,1,263,0,0,0,0,0,196,38,28,1,263,0,0,0,263
11/30/2019,SAT,TX,ASW,CE,Combined TRACON& Tower with Radar,255,45,46,3,349,0,13,13,1,27,255,58,59,4,376,0,0,0,376
12/01/2019,SAT,TX,ASW,CE,Combined TRACON& Tower with Radar,271,60,92,0,423,0,18,34,2,54,271,78,126,2,477,0,0,0,477
12/02/2019,SAT,TX,ASW,CE,Combined TRACON& Tower with Radar,269,42,72,4,387,0,9,40,7,56,269,51,112,11,443,4,0,4,447
12/03/2019,SAT,TX,ASW,CE,Combined TRACON& Tower with Radar,271,41,83,1,396,0,12,59,6,77,271,53,142,7,473,0,0,0,473
12/04/2019,SAT,TX,ASW,CE,Combined TRACON& Tower with Radar,275,53,96,6,430,0,10,41,8,59,275,63,137,14,489,0,0,0,489
12/05/2019,SAT,TX,ASW,CE,Combined TRACON& Tower with Radar,273,86,104,4,467,0,4,41,2,47,273,90,145,6,514,0,0,0,514
12/06/2019,SAT,TX,ASW,CE,Combined TRACON& Tower with Radar,274,75,86,11,446,0,15,59,4,78,274,90,145,15,524,0,0,0,524
12/07/2019,SAT,TX,ASW,CE,Combined TRACON& Tower with Radar,211,34,35,4,284,0,14,42,7,63,211,48,77,11,347,0,0,0,347
12/08/2019,SAT,TX,ASW,CE,Combined TRACON& Tower with Radar,248,30,81,5,364,0,7,24,4,35,248,37,105,9,399,0,0,0,399
12/09/2019,SAT,TX,ASW,CE,Combined TRACON& Tower with Radar,262,57,102,6,427,0,13,15,4,32,262,70,117,10,459,0,0,0,459
12/10/2019,SAT,TX,ASW,CE,Combined TRACON& Tower with Radar,269,67,128,14,478,0,11,7,0,18,269,78,135,14,496,0,0,0,496
12/11/2019,SAT,TX,ASW,CE,Combined TRACON& Tower with Radar,260,55,109,17,441,0,5,28,3,36,260,60,137,20,477,0,0,0,477
12/12/2019,SAT,TX,ASW,CE,Combined TRACON& Tower with Radar,281,63,118,4,466,0,15,56,2,73,281,78,174,6,539,0,0,0,539
12/13/2019,SAT,TX,ASW,CE,Combined TRACON& Tower with Radar,272,55,111,8,446,0,17,55,2,74,272,72,166,10,520,0,0,0,520
12/14/2019,SAT,TX,ASW,CE,Combined TRACON& Tower with Radar,211,36,47,2,296,0,9,35,1,45,211,45,82,3,341,0,0,0,341
12/15/2019,SAT,TX,ASW,CE,Combined TRACON& Tower with Radar,242,25,85,1,353,0,14,30,0,44,242,39,115,1,397,0,0,0,397
12/16/2019,SAT,TX,ASW,CE,Combined TRACON& Tower with Radar,265,46,88,10,409,0,5,19,2,26,265,51,107,12,435,0,0,0,435
12/17/2019,SAT,TX,ASW,CE,Combined TRACON& Tower with Radar,257,52,92,10,411,0,16,39,2,57,257,68,131,12,468,0,0,0,468
12/18/2019,SAT,TX,ASW,CE,Combined TRACON& Tower with Radar,270,55,121,3,449,0,9,43,3,55,270,64,164,6,504,0,0,0,504
12/19/2019,SAT,TX,ASW,CE,Combined TRACON& Tower with Radar,282,53,91,9,435,0,6,70,0,76,282,59,161,9,511,0,0,0,511
12/20/2019,SAT,TX,ASW,CE,Combined TRACON& Tower with Radar,270,57,89,5,421,0,6,0,0,6,270,63,89,5,427,0,0,0,427
12/21/2019,SAT,TX,ASW,CE,Combined TRACON& Tower with Radar,262,45,71,5,383,0,2,25,0,27,262,47,96,5,410,0,0,0,410
12/22/2019,SAT,TX,ASW,CE,Combined TRACON& Tower with Radar,276,44,61,0,381,0,13,29,2,44,276,57,90,2,425,0,0,0,425
12/23/2019,SAT,TX,ASW,CE,Combined TRACON& Tower with Radar,273,44,73,2,392,0,7,55,6,68,273,51,128,8,460,0,0,0,460
12/24/2019,SAT,TX,ASW,CE,Combined TRACON& Tower with Radar,237,44,24,2,307,0,18,28,0,46,237,62,52,2,353,0,0,0,353
12/25/2019,SAT,TX,ASW,CE,Combined TRACON& Tower with Radar,208,37,35,0,280,0,8,12,0,20,208,45,47,0,300,0,0,0,300
12/26/2019,SAT,TX,ASW,CE,Combined TRACON& Tower with Radar,260,59,109,2,430,0,4,16,0,20,260,63,125,2,450,0,0,0,450
12/27/2019,SAT,TX,ASW,CE,Combined TRACON& Tower with Radar,266,60,81,2,409,0,8,17,1,26,266,68,98,3,435,0,0,0,435
12/28/2019,SAT,TX,ASW,CE,Combined TRACON& Tower with Radar,259,46,70,3,378,0,17,3,1,21,259,63,73,4,399,0,0,0,399
12/29/2019,SAT,TX,ASW,CE,Combined TRACON& Tower with Radar,281,18,53,0,352,0,8,32,1,41,281,26,85,1,393,0,0,0,393
12/30/2019,SAT,TX,ASW,CE,Combined TRACON& Tower with Radar,259,34,66,2,361,0,13,49,0,62,259,47,115,2,423,0,0,0,423
12/31/2019,SAT,TX,ASW,CE,Combined TRACON& Tower with Radar,239,37,39,0,315,0,13,52,0,65,239,50,91,0,380,0,0,0,380
01/01/2020,SAT,TX,ASW,CE,Combined TRACON& Tower with Radar,241,25,39,0,305,0,14,2,0,16,241,39,41,0,321,0,0,0,321
01/02/2020,SAT,TX,ASW,CE,Combined TRACON& Tower with Radar,269,49,73,4,395,0,10,21,3,34,269,59,94,7,429,0,0,0,429
01/03/2020,SAT,TX,ASW,CE,Combined TRACON& Tower with Radar,275,31,58,10,374,0,14,44,2,60,275,45,102,12,434,0,0,0,434
01/04/2020,SAT,TX,ASW,CE,Combined TRACON& Tower with Radar,234,32,75,4,345,0,23,37,10,70,234,55,112,14,415,0,0,0,415
01/05/2020,SAT,TX,ASW,CE,Combined TRACON& Tower with Radar,254,38,71,1,364,0,9,39,5,53,254,47,110,6,417,0,0,0,417
01/06/2020,SAT,TX,ASW,CE,Combined TRACON& Tower with Radar,260,33,86,2,381,0,16,48,0,64,260,49,134,2,445,0,0,0,445
01/07/2020,SAT,TX,ASW,CE,Combined TRACON& Tower with Radar,253,35,73,7,368,0,16,73,7,96,253,51,146,14,464,0,0,0,464
01/08/2020,SAT,TX,ASW,CE,Combined TRACON& Tower with Radar,255,47,73,10,385,0,13,36,4,53,255,60,109,14,438,0,0,0,438
01/09/2020,SAT,TX,ASW,CE,Combined TRACON& Tower with Radar,271,49,101,22,443,0,11,22,0,33,271,60,123,22,476,0,0,0,476
01/10/2020,SAT,TX,ASW,CE,Combined TRACON& Tower with Radar,244,31,80,7,362,0,6,15,0,21,244,37,95,7,383,0,0,0,383
01/11/2020,SAT,TX,ASW,CE,Combined TRACON& Tower with Radar,177,26,46,8,257,0,21,30,0,51,177,47,76,8,308,0,0,0,308
01/12/2020,SAT,TX,ASW,CE,Combined TRACON& Tower with Radar,240,25,46,15,326,0,11,37,2,50,240,36,83,17,376,0,0,0,376
01/13/2020,SAT,TX,ASW,CE,Combined TRACON& Tower with Radar,232,21,54,1,308,0,0,0,0,0,232,21,54,1,308,0,0,0,308
01/14/2020,SAT,TX,ASW,CE,Combined TRACON& Tower with Radar,239,51,98,4,392,0,4,12,0,16,239,55,110,4,408,0,0,0,408
01/15/2020,SAT,TX,ASW,CE,Combined TRACON& Tower with Radar,252,52,94,6,404,0,6,54,10,70,252,58,148,16,474,0,0,0,474
01/16/2020,SAT,TX,ASW,CE,Combined TRACON& Tower with Radar,291,52,141,1,485,0,1,0,0,1,291,53,141,1,486,0,0,0,486
01/17/2020,SAT,TX,ASW,CE,Combined TRACON& Tower with Radar,265,41,89,7,402,0,8,6,1,15,265,49,95,8,417,0,0,0,417
01/18/2020,SAT,TX,ASW,CE,Combined TRACON& Tower with Radar,177,20,41,9,247,0,2,13,1,16,177,22,54,10,263,0,0,0,263
01/19/2020,SAT,TX,ASW,CE,Combined TRACON& Tower with Radar,232,26,63,0,321,0,8,99,6,113,232,34,162,6,434,0,0,0,434
01/20/2020,SAT,TX,ASW,CE,Combined TRACON& Tower with Radar,240,42,74,11,367,0,12,55,8,75,240,54,129,19,442,0,0,0,442
01/21/2020,SAT,TX,ASW,CE,Combined TRACON& Tower with Radar,248,28,67,18,361,0,7,24,9,40,248,35,91,27,401,0,0,0,401
01/22/2020,SAT,TX,ASW,CE,Combined TRACON& Tower with Radar,265,30,86,3,384,0,0,0,0,0,265,30,86,3,384,0,0,0,384
01/23/2020,SAT,TX,ASW,CE,Combined TRACON& Tower with Radar,272,48,101,15,436,0,15,48,2,65,272,63,149,17,501,0,0,0,501
01/24/2020,SAT,TX,ASW,CE,Combined TRACON& Tower with Radar,261,36,89,13,399,0,12,56,5,73,261,48,145,18,472,0,0,0,472
01/25/2020,SAT,TX,ASW,CE,Combined TRACON& Tower with Radar,182,24,36,12,254,0,12,12,3,27,182,36,48,15,281,0,0,0,281
01/26/2020,SAT,TX,ASW,CE,Combined TRACON& Tower with Radar,245,25,62,15,347,0,7,49,2,58,245,32,111,17,405,0,0,0,405
01/27/2020,SAT,TX,ASW,CE,Combined TRACON& Tower with Radar,261,41,84,3,389,0,11,40,6,57,261,52,124,9,446,0,0,0,446
01/28/2020,SAT,TX,ASW,CE,Combined TRACON& Tower with Radar,269,37,83,10,399,0,5,25,1,31,269,42,108,11,430,0,0,0,430
01/29/2020,SAT,TX,ASW,CE,Combined TRACON& Tower with Radar,250,44,80,6,380,0,22,39,3,64,250,66,119,9,444,0,0,0,444
01/30/2020,SAT,TX,ASW,CE,Combined TRACON& Tower with Radar,267,59,137,7,470,0,12,14,0,26,267,71,151,7,496,0,0,0,496
01/31/2020,SAT,TX,ASW,CE,Combined TRACON& Tower with Radar,259,50,89,7,405,0,12,33,1,46,259,62,122,8,451,0,0,0,451
02/01/2020,SAT,TX,ASW,CE,Combined TRACON& Tower with Radar,184,34,43,11,272,0,13,46,6,65,184,47,89,17,337,0,0,0,337
02/02/2020,SAT,TX,ASW,CE,Combined TRACON& Tower with Radar,235,29,50,11,325,0,13,30,6,49,235,42,80,17,374,0,0,0,374
02/03/2020,SAT,TX,ASW,CE,Combined TRACON& Tower with Radar,249,58,109,5,421,0,8,30,7,45,249,66,139,12,466,0,0,0,466
02/04/2020,SAT,TX,ASW,CE,Combined TRACON& Tower with Radar,244,59,128,16,447,0,9,26,5,40,244,68,154,21,487,0,0,0,487
02/05/2020,SAT,TX,ASW,CE,Combined TRACON& Tower with Radar,253,59,98,19,429,0,1,17,4,22,253,60,115,23,451,0,0,0,451
02/06/2020,SAT,TX,ASW,CE,Combined TRACON& Tower with Radar,260,51,118,3,432,0,13,86,4,103,260,64,204,7,535,0,0,0,535
02/07/2020,SAT,TX,ASW,CE,Combined TRACON& Tower with Radar,256,46,97,9,408,0,18,63,7,88,256,64,160,16,496,0,0,0,496
02/08/2020,SAT,TX,ASW,CE,Combined TRACON& Tower with Radar,187,34,75,1,297,0,4,16,0,20,187,38,91,1,317,0,0,0,317
02/09/2020,SAT,TX,ASW,CE,Combined TRACON& Tower with Radar,239,17,61,7,324,0,3,2,0,5,239,20,63,7,329,0,0,0,329
02/10/2020,SAT,TX,ASW,CE,Combined TRACON& Tower with Radar,249,42,69,1,361,0,0,1,0,1,249,42,70,1,362,0,0,0,362
02/11/2020,SAT,TX,ASW,CE,Combined TRACON& Tower with Radar,247,51,85,0,383,0,0,0,0,0,247,51,85,0,383,0,0,0,383
02/12/2020,SAT,TX,ASW,CE,Combined TRACON& Tower with Radar,252,58,71,9,390,0,7,21,3,31,252,65,92,12,421,0,0,0,421
02/13/2020,SAT,TX,ASW,CE,Combined TRACON& Tower with Radar,266,46,111,8,431,0,16,67,5,88,266,62,178,13,519,0,0,0,519
02/14/2020,SAT,TX,ASW,CE,Combined TRACON& Tower with Radar,259,53,80,3,395,0,10,58,3,71,259,63,138,6,466,0,0,0,466
02/15/2020,SAT,TX,ASW,CE,Combined TRACON& Tower with Radar,190,35,52,6,283,0,11,15,6,32,190,46,67,12,315,0,0,0,315
02/16/2020,SAT,TX,ASW,CE,Combined TRACON& Tower with Radar,226,24,66,3,319,0,8,39,2,49,226,32,105,5,368,0,0,0,368
02/17/2020,SAT,TX,ASW,CE,Combined TRACON& Tower with Radar,251,39,100,3,393,0,4,31,1,36,251,43,131,4,429,0,0,0,429
02/18/2020,SAT,TX,ASW,CE,Combined TRACON& Tower with Radar,260,52,87,10,409,0,10,8,1,19,260,62,95,11,428,0,0,0,428
02/19/2020,SAT,TX,ASW,CE,Combined TRACON& Tower with Radar,255,46,90,8,399,0,2,0,1,3,255,48,90,9,402,0,0,0,402
02/20/2020,SAT,TX,ASW,CE,Combined TRACON& Tower with Radar,263,43,113,4,423,0,10,6,2,18,263,53,119,6,441,0,0,0,441
02/21/2020,SAT,TX,ASW,CE,Combined TRACON& Tower with Radar,249,29,96,21,395,0,11,56,3,70,249,40,152,24,465,0,0,0,465
02/22/2020,SAT,TX,ASW,CE,Combined TRACON& Tower with Radar,188,32,54,12,286,0,16,41,4,61,188,48,95,16,347,0,0,0,347
02/23/2020,SAT,TX,ASW,CE,Combined TRACON& Tower with Radar,238,27,70,16,351,0,24,16,0,40,238,51,86,16,391,0,0,0,391
02/24/2020,SAT,TX,ASW,CE,Combined TRACON& Tower with Radar,247,43,85,3,378,0,5,46,9,60,247,48,131,12,438,0,0,0,438
02/25/2020,SAT,TX,ASW,CE,Combined TRACON& Tower with Radar,259,53,67,11,390,0,12,39,7,58,259,65,106,18,448,0,0,0,448
02/26/2020,SAT,TX,ASW,CE,Combined TRACON& Tower with Radar,253,49,114,0,416,0,8,35,6,49,253,57,149,6,465,0,0,0,465
02/27/2020,SAT,TX,ASW,CE,Combined TRACON& Tower with Radar,263,50,105,5,423,0,7,65,5,77,263,57,170,10,500,0,0,0,500
02/28/2020,SAT,TX,ASW,CE,Combined TRACON& Tower with Radar,263,50,91,5,409,0,16,81,2,99,263,66,172,7,508,0,0,0,508
02/29/2020,SAT,TX,ASW,CE,Combined TRACON& Tower with Radar,187,30,68,6,291,0,15,34,3,52,187,45,102,9,343,0,0,0,343
03/01/2020,SAT,TX,ASW,CE,Combined TRACON& Tower with Radar,241,14,65,4,324,0,6,28,4,38,241,20,93,8,362,0,0,0,362
03/02/2020,SAT,TX,ASW,CE,Combined TRACON& Tower with Radar,252,30,93,1,376,0,8,9,2,19,252,38,102,3,395,0,0,0,395
03/03/2020,SAT,TX,ASW,CE,Combined TRACON& Tower with Radar,256,43,86,8,393,0,6,11,1,18,256,49,97,9,411,0,0,0,411
03/04/2020,SAT,TX,ASW,CE,Combined TRACON& Tower with Radar,262,56,83,37,438,0,2,22,8,32,262,58,105,45,470,0,0,0,470
03/05/2020,SAT,TX,ASW,CE,Combined TRACON& Tower with Radar,274,55,121,6,456,0,9,54,4,67,274,64,175,10,523,0,0,0,523
03/06/2020,SAT,TX,ASW,CE,Combined TRACON& Tower with Radar,262,51,93,9,415,0,23,59,2,84,262,74,152,11,499,0,0,0,499
03/07/2020,SAT,TX,ASW,CE,Combined TRACON& Tower with Radar,207,23,59,1,290,0,15,31,5,51,207,38,90,6,341,0,0,0,341
03/08/2020,SAT,TX,ASW,CE,Combined TRACON& Tower with Radar,259,20,77,4,360,0,4,13,5,22,259,24,90,9,382,0,0,0,382
03/09/2020,SAT,TX,ASW,CE,Combined TRACON& Tower with Radar,251,31,78,2,362,0,11,17,0,28,251,42,95,2,390,0,0,0,390
03/10/2020,SAT,TX,ASW,CE,Combined TRACON& Tower with Radar,267,37,101,33,438,0,16,18,0,34,267,53,119,33,472,0,0,0,472
03/11/2020,SAT,TX,ASW,CE,Combined TRACON& Tower with Radar,257,38,81,13,389,0,13,32,5,50,257,51,113,18,439,0,0,0,439
03/12/2020,SAT,TX,ASW,CE,Combined TRACON& Tower with Radar,276,49,77,7,409,0,7,28,5,40,276,56,105,12,449,0,0,0,449
03/13/2020,SAT,TX,ASW,CE,Combined TRACON& Tower with Radar,263,51,67,11,392,0,13,19,1,33,263,64,86,12,425,0,0,0,425
03/14/2020,SAT,TX,ASW,CE,Combined TRACON& Tower with Radar,222,28,79,20,349,0,3,10,0,13,222,31,89,20,362,0,0,0,362
03/15/2020,SAT,TX,ASW,CE,Combined TRACON& Tower with Radar,258,44,67,15,384,0,1,3,0,4,258,45,70,15,388,0,0,0,388
03/16/2020,SAT,TX,ASW,CE,Combined TRACON& Tower with Radar,256,46,57,15,374,1,3,10,1,15,257,49,67,16,389,0,0,0,389
03/17/2020,SAT,TX,ASW,CE,Combined TRACON& Tower with Radar,252,44,44,0,340,0,9,18,1,28,252,53,62,1,368,0,0,0,368
03/18/2020,SAT,TX,ASW,CE,Combined TRACON& Tower with Radar,246,31,59,3,339,0,9,26,7,42,246,40,85,10,381,0,0,0,381
03/19/2020,SAT,TX,ASW,CE,Combined TRACON& Tower with Radar,238,39,54,5,336,0,14,13,0,27,238,53,67,5,363,0,0,0,363
03/20/2020,SAT,TX,ASW,CE,Combined TRACON& Tower with Radar,213,34,38,0,285,0,3,6,2,11,213,37,44,2,296,0,0,0,296
03/21/2020,SAT,TX,ASW,CE,Combined TRACON& Tower with Radar,179,18,27,0,224,0,2,1,0,3,179,20,28,0,227,0,0,0,227
03/22/2020,SAT,TX,ASW,CE,Combined TRACON& Tower with Radar,194,10,15,2,221,0,0,0,0,0,194,10,15,2,221,0,0,0,221
03/23/2020,SAT,TX,ASW,CE,Combined TRACON& Tower with Radar,150,23,35,5,213,0,2,12,2,16,150,25,47,7,229,0,0,0,229
03/24/2020,SAT,TX,ASW,CE,Combined TRACON& Tower with Radar,192,41,57,3,293,0,3,31,3,37,192,44,88,6,330,0,0,0,330
03/25/2020,SAT,TX,ASW,CE,Combined TRACON& Tower with Radar,158,27,28,0,213,0,5,32,0,37,158,32,60,0,250,0,0,0,250
03/26/2020,SAT,TX,ASW,CE,Combined TRACON& Tower with Radar,147,26,22,5,200,0,7,14,0,21,147,33,36,5,221,0,0,0,221
03/27/2020,SAT,TX,ASW,CE,Combined TRACON& Tower with Radar,140,31,49,9,229,0,9,14,1,24,140,40,63,10,253,0,0,0,253
03/28/2020,SAT,TX,ASW,CE,Combined TRACON& Tower with Radar,115,17,18,4,154,0,3,10,0,13,115,20,28,4,167,0,0,0,167
03/29/2020,SAT,TX,ASW,CE,Combined TRACON& Tower with Radar,120,5,25,2,152,0,3,12,0,15,120,8,37,2,167,0,0,0,167
03/30/2020,SAT,TX,ASW,CE,Combined TRACON& Tower with Radar,105,24,14,6,149,0,1,5,0,6,105,25,19,6,155,0,0,0,155
03/31/2020,SAT,TX,ASW,CE,Combined TRACON& Tower with Radar,126,27,31,5,189,0,9,33,3,45,126,36,64,8,234,0,0,0,234
04/01/2020,SAT,TX,ASW,CE,Combined TRACON& Tower with Radar,141,28,15,1,185,0,5,51,4,60,141,33,66,5,245,0,0,0,245
04/02/2020,SAT,TX,ASW,CE,Combined TRACON& Tower with Radar,118,30,30,9,187,0,2,0,0,2,118,32,30,9,189,0,0,0,189
04/03/2020,SAT,TX,ASW,CE,Combined TRACON& Tower with Radar,125,23,17,6,171,0,0,0,0,0,125,23,17,6,171,0,0,0,171
04/04/2020,SAT,TX,ASW,CE,Combined TRACON& Tower with Radar,91,17,8,1,117,0,0,0,0,0,91,17,8,1,117,0,0,0,117
04/05/2020,SAT,TX,ASW,CE,Combined TRACON& Tower with Radar,95,7,12,1,115,0,3,4,0,7,95,10,16,1,122,0,0,0,122
04/06/2020,SAT,TX,ASW,CE,Combined TRACON& Tower with Radar,107,22,32,1,162,0,3,15,1,19,107,25,47,2,181,0,0,0,181
04/07/2020,SAT,TX,ASW,CE,Combined TRACON& Tower with Radar,108,26,28,10,172,0,4,11,0,15,108,30,39,10,187,0,0,0,187
04/08/2020,SAT,TX,ASW,CE,Combined TRACON& Tower with Radar,110,31,45,6,192,0,8,57,0,65,110,39,102,6,257,0,0,0,257
04/09/2020,SAT,TX,ASW,CE,Combined TRACON& Tower with Radar,114,26,26,11,177,0,2,16,2,20,114,28,42,13,197,0,0,0,197
04/10/2020,SAT,TX,ASW,CE,Combined TRACON& Tower with Radar,102,17,28,6,153,0,8,9,0,17,102,25,37,6,170,0,0,0,170
04/11/2020,SAT,TX,ASW,CE,Combined TRACON& Tower with Radar,79,8,8,5,100,0,4,0,0,4,79,12,8,5,104,0,0,0,104
04/12/2020,SAT,TX,ASW,CE,Combined TRACON& Tower with Radar,80,8,7,2,97,0,0,7,0,7,80,8,14,2,104,0,0,0,104
04/13/2020,SAT,TX,ASW,CE,Combined TRACON& Tower with Radar,94,14,40,5,153,0,4,32,8,44,94,18,72,13,197,0,0,0,197
04/14/2020,SAT,TX,ASW,CE,Combined TRACON& Tower with Radar,93,21,24,20,158,0,10,40,5,55,93,31,64,25,213,0,0,0,213
04/15/2020,SAT,TX,ASW,CE,Combined TRACON& Tower with Radar,95,25,30,9,159,0,9,54,0,63,95,34,84,9,222,0,0,0,222
04/16/2020,SAT,TX,ASW,CE,Combined TRACON& Tower with Radar,88,29,31,9,157,0,14,49,1,64,88,43,80,10,221,0,0,0,221
04/17/2020,SAT,TX,ASW,CE,Combined TRACON& Tower with Radar,87,27,35,8,157,0,4,7,0,11,87,31,42,8,168,0,0,0,168
04/18/2020,SAT,TX,ASW,CE,Combined TRACON& Tower with Radar,70,10,16,7,103,0,3,0,0,3,70,13,16,7,106,0,0,0,106
04/19/2020,SAT,TX,ASW,CE,Combined TRACON& Tower with Radar,68,6,16,4,94,0,3,6,2,11,68,9,22,6,105,0,0,0,105
04/20/2020,SAT,TX,ASW,CE,Combined TRACON& Tower with Radar,64,26,33,1,124,0,8,31,2,41,64,34,64,3,165,0,0,0,165
04/21/2020,SAT,TX,ASW,CE,Combined TRACON& Tower with Radar,88,28,44,0,160,0,8,26,2,36,88,36,70,2,196,0,0,0,196
04/22/2020,SAT,TX,ASW,CE,Combined TRACON& Tower with Radar,84,23,34,7,148,0,10,16,2,28,84,33,50,9,176,0,0,0,176
04/23/2020,SAT,TX,ASW,CE,Combined TRACON& Tower with Radar,93,30,48,4,175,0,6,49,0,55,93,36,97,4,230,0,0,0,230
04/24/2020,SAT,TX,ASW,CE,Combined TRACON& Tower with Radar,78,21,21,12,132,0,10,38,1,49,78,31,59,13,181,0,0,0,181
04/25/2020,SAT,TX,ASW,CE,Combined TRACON& Tower with Radar,55,20,19,3,97,0,10,25,0,35,55,30,44,3,132,0,0,0,132
04/26/2020,SAT,TX,ASW,CE,Combined TRACON& Tower with Radar,65,9,27,2,103,0,11,28,2,41,65,20,55,4,144,0,0,0,144
04/27/2020,SAT,TX,ASW,CE,Combined TRACON& Tower with Radar,70,21,29,2,122,0,7,34,4,45,70,28,63,6,167,0,0,0,167
04/28/2020,SAT,TX,ASW,CE,Combined TRACON& Tower with Radar,88,19,37,7,151,0,7,23,0,30,88,26,60,7,181,0,0,0,181
04/29/2020,SAT,TX,ASW,CE,Combined TRACON& Tower with Radar,79,31,25,8,143,0,10,31,0,41,79,41,56,8,184,0,0,0,184
04/30/2020,SAT,TX,ASW,CE,Combined TRACON& Tower with Radar,97,25,58,9,189,0,9,73,2,84,97,34,131,11,273,0,0,0,273
05/01/2020,SAT,TX,ASW,CE,Combined TRACON& Tower with Radar,95,21,34,10,160,0,11,60,2,73,95,32,94,12,233,0,0,0,233
05/02/2020,SAT,TX,ASW,CE,Combined TRACON& Tower with Radar,67,7,34,4,112,0,7,25,0,32,67,14,59,4,144,0,0,0,144
05/03/2020,SAT,TX,ASW,CE,Combined TRACON& Tower with Radar,80,10,33,0,123,0,10,23,1,34,80,20,56,1,157,0,0,0,157
05/04/2020,SAT,TX,ASW,CE,Combined TRACON& Tower with Radar,81,22,53,6,162,0,12,34,6,52,81,34,87,12,214,0,0,0,214
05/05/2020,SAT,TX,ASW,CE,Combined TRACON& Tower with Radar,99,32,59,17,207,0,4,23,0,27,99,36,82,17,234,0,0,0,234
05/06/2020,SAT,TX,ASW,CE,Combined TRACON& Tower with Radar,89,28,61,11,189,0,14,35,5,54,89,42,96,16,243,0,0,0,243
05/07/2020,SAT,TX,ASW,CE,Combined TRACON& Tower with Radar,87,31,67,4,189,0,16,27,0,43,87,47,94,4,232,0,0,0,232
05/08/2020,SAT,TX,ASW,CE,Combined TRACON& Tower with Radar,75,32,35,8,150,0,8,30,1,39,75,40,65,9,189,0,0,0,189
05/09/2020,SAT,TX,ASW,CE,Combined TRACON& Tower with Radar,65,15,52,7,139,0,3,32,1,36,65,18,84,8,175,0,0,0,175
05/10/2020,SAT,TX,ASW,CE,Combined TRACON& Tower with Radar,66,11,30,8,115,0,8,30,1,39,66,19,60,9,154,0,0,0,154
05/11/2020,SAT,TX,ASW,CE,Combined TRACON& Tower with Radar,74,31,53,7,165,0,8,29,0,37,74,39,82,7,202,0,0,0,202
05/12/2020,SAT,TX,ASW,CE,Combined TRACON& Tower with Radar,85,39,39,3,166,0,4,8,0,12,85,43,47,3,178,0,0,0,178
05/13/2020,SAT,TX,ASW,CE,Combined TRACON& Tower with Radar,88,25,62,2,177,0,6,38,0,44,88,31,100,2,221,0,0,0,221
05/14/2020,SAT,TX,ASW,CE,Combined TRACON& Tower with Radar,87,20,54,5,166,0,11,31,3,45,87,31,85,8,211,0,0,0,211
05/15/2020,SAT,TX,ASW,CE,Combined TRACON& Tower with Radar,85,35,59,10,189,0,9,13,1,23,85,44,72,11,212,0,0,0,212
05/16/2020,SAT,TX,ASW,CE,Combined TRACON& Tower with Radar,67,17,41,14,139,0,11,9,0,20,67,28,50,14,159,0,0,0,159
05/17/2020,SAT,TX,ASW,CE,Combined TRACON& Tower with Radar,72,6,31,9,118,0,7,49,2,58,72,13,80,11,176,0,0,0,176
05/18/2020,SAT,TX,ASW,CE,Combined TRACON& Tower with Radar,79,20,45,5,149,0,0,52,2,54,79,20,97,7,203,0,0,0,203
05/19/2020,SAT,TX,ASW,CE,Combined TRACON& Tower with Radar,85,39,48,10,182,0,11,53,1,65,85,50,101,11,247,0,0,0,247
05/20/2020,SAT,TX,ASW,CE,Combined TRACON& Tower with Radar,86,28,71,10,195,0,9,40,9,58,86,37,111,19,253,0,0,0,253
05/21/2020,SAT,TX,ASW,CE,Combined TRACON& Tower with Radar,82,38,100,4,224,0,8,26,2,36,82,46,126,6,260,0,0,0,260
05/22/2020,SAT,TX,ASW,CE,Combined TRACON& Tower with Radar,84,34,71,5,194,0,6,40,0,46,84,40,111,5,240,0,0,0,240
05/23/2020,SAT,TX,ASW,CE,Combined TRACON& Tower with Radar,68,19,41,2,130,0,8,13,2,23,68,27,54,4,153,0,0,0,153
05/24/2020,SAT,TX,ASW,CE,Combined TRACON& Tower with Radar,79,11,21,0,111,0,0,11,2,13,79,11,32,2,124,0,0,0,124
05/25/2020,SAT,TX,ASW,CE,Combined TRACON& Tower with Radar,78,10,27,2,117,0,6,12,0,18,78,16,39,2,135,0,0,0,135
05/26/2020,SAT,TX,ASW,CE,Combined TRACON& Tower with Radar,81,38,60,3,182,0,6,36,1,43,81,44,96,4,225,0,0,0,225
05/27/2020,SAT,TX,ASW,CE,Combined TRACON& Tower with Radar,93,35,52,7,187,0,4,27,0,31,93,39,79,7,218,0,0,0,218
05/28/2020,SAT,TX,ASW,CE,Combined TRACON& Tower with Radar,91,32,79,7,209,0,4,42,0,46,91,36,121,7,255,0,0,0,255
05/29/2020,SAT,TX,ASW,CE,Combined TRACON& Tower with Radar,94,31,75,14,214,0,17,55,4,76,94,48,130,18,290,0,0,0,290
05/30/2020,SAT,TX,ASW,CE,Combined TRACON& Tower with Radar,62,21,50,15,148,0,12,53,1,66,62,33,103,16,214,0,0,0,214
05/31/2020,SAT,TX,ASW,CE,Combined TRACON& Tower with Radar,67,21,60,4,152,0,2,13,0,15,67,23,73,4,167,0,0,0,167
06/01/2020,SAT,TX,ASW,CE,Combined TRACON& Tower with Radar,77,32,72,0,181,0,3,31,0,34,77,35,103,0,215,0,0,0,215
06/02/2020,SAT,TX,ASW,CE,Combined TRACON& Tower with Radar,81,37,60,4,182,0,0,26,0,26,81,37,86,4,208,0,0,0,208
06/03/2020,SAT,TX,ASW,CE,Combined TRACON& Tower with Radar,87,33,60,18,198,0,18,24,3,45,87,51,84,21,243,0,0,0,243
06/04/2020,SAT,TX,ASW,CE,Combined TRACON& Tower with Radar,85,35,56,13,189,0,2,46,2,50,85,37,102,15,239,0,0,0,239
06/05/2020,SAT,TX,ASW,CE,Combined TRACON& Tower with Radar,90,36,65,13,204,0,2,34,4,40,90,38,99,17,244,0,0,0,244
06/06/2020,SAT,TX,ASW,CE,Combined TRACON& Tower with Radar,70,22,28,2,122,0,19,43,0,62,70,41,71,2,184,0,0,0,184
06/07/2020,SAT,TX,ASW,CE,Combined TRACON& Tower with Radar,93,17,46,6,162,0,9,37,0,46,93,26,83,6,208,0,0,0,208
06/08/2020,SAT,TX,ASW,CE,Combined TRACON& Tower with Radar,100,29,55,11,195,0,8,50,0,58,100,37,105,11,253,0,0,0,253
06/09/2020,SAT,TX,ASW,CE,Combined TRACON& Tower with Radar,105,37,58,40,240,0,7,31,0,38,105,44,89,40,278,0,0,0,278
06/10/2020,SAT,TX,ASW,CE,Combined TRACON& Tower with Radar,85,47,58,29,219,0,9,36,8,53,85,56,94,37,272,0,0,0,272
06/11/2020,SAT,TX,ASW,CE,Combined TRACON& Tower with Radar,127,39,80,38,284,0,16,66,3,85,127,55,146,41,369,0,0,0,369
06/12/2020,SAT,TX,ASW,CE,Combined TRACON& Tower with Radar,109,44,58,15,226,0,13,59,7,79,109,57,117,22,305,0,0,0,305
06/13/2020,SAT,TX,ASW,CE,Combined TRACON& Tower with Radar,90,30,41,7,168,0,17,31,1,49,90,47,72,8,217,0,0,0,217
06/14/2020,SAT,TX,ASW,CE,Combined TRACON& Tower with Radar,89,24,38,5,156,0,10,44,2,56,89,34,82,7,212,0,0,0,212
06/15/2020,SAT,TX,ASW,CE,Combined TRACON& Tower with Radar,97,41,54,7,199,0,9,22,1,32,97,50,76,8,231,0,0,0,231
06/16/2020,SAT,TX,ASW,CE,Combined TRACON& Tower with Radar,101,33,63,28,225,0,9,32,1,42,101,42,95,29,267,0,0,0,267
06/17/2020,SAT,TX,ASW,CE,Combined TRACON& Tower with Radar,104,29,90,12,235,0,18,44,0,62,104,47,134,12,297,0,0,0,297
06/18/2020,SAT,TX,ASW,CE,Combined TRACON& Tower with Radar,110,42,77,26,255,0,9,31,4,44,110,51,108,30,299,0,0,0,299
06/19/2020,SAT,TX,ASW,CE,Combined TRACON& Tower with Radar,112,38,84,23,257,0,12,32,5,49,112,50,116,28,306,0,0,0,306
06/20/2020,SAT,TX,ASW,CE,Combined TRACON& Tower with Radar,86,27,46,17,176,0,12,14,1,27,86,39,60,18,203,0,0,0,203
06/21/2020,SAT,TX,ASW,CE,Combined TRACON& Tower with Radar,93,23,43,3,162,0,5,15,2,22,93,28,58,5,184,0,0,0,184
06/22/2020,SAT,TX,ASW,CE,Combined TRACON& Tower with Radar,112,28,61,27,228,0,8,21,0,29,112,36,82,27,257,0,0,0,257
06/23/2020,SAT,TX,ASW,CE,Combined TRACON& Tower with Radar,105,31,57,8,201,0,11,27,0,38,105,42,84,8,239,0,0,0,239
06/24/2020,SAT,TX,ASW,CE,Combined TRACON& Tower with Radar,105,50,62,16,233,0,9,34,7,50,105,59,96,23,283,0,0,0,283
06/25/2020,SAT,TX,ASW,CE,Combined TRACON& Tower with Radar,111,39,75,27,252,0,8,30,3,41,111,47,105,30,293,0,0,0,293
06/26/2020,SAT,TX,ASW,CE,Combined TRACON& Tower with Radar,112,52,48,8,220,0,7,11,0,18,112,59,59,8,238,0,0,0,238
06/27/2020,SAT,TX,ASW,CE,Combined TRACON& Tower with Radar,87,29,41,17,174,0,10,22,1,33,87,39,63,18,207,0,0,0,207
06/28/2020,SAT,TX,ASW,CE,Combined TRACON& Tower with Radar,92,21,77,5,195,0,10,4,0,14,92,31,81,5,209,0,0,0,209
06/29/2020,SAT,TX,ASW,CE,Combined TRACON& Tower with Radar,102,30,56,18,206,0,3,10,0,13,102,33,66,18,219,0,0,0,219
06/30/2020,SAT,TX,ASW,CE,Combined TRACON& Tower with Radar,103,36,62,8,209,0,9,24,4,37,103,45,86,12,246,0,0,0,246
07/01/2020,SAT,TX,ASW,CE,Combined TRACON& Tower with Radar,109,41,64,6,220,0,11,33,5,49,109,52,97,11,269,0,0,0,269
07/02/2020,SAT,TX,ASW,CE,Combined TRACON& Tower with Radar,111,44,85,8,248,0,10,36,0,46,111,54,121,8,294,0,0,0,294
07/03/2020,SAT,TX,ASW,CE,Combined TRACON& Tower with Radar,120,31,43,6,200,0,14,37,2,53,120,45,80,8,253,0,0,0,253
07/04/2020,SAT,TX,ASW,CE,Combined TRACON& Tower with Radar,81,10,17,0,108,0,11,16,2,29,81,21,33,2,137,0,0,0,137
07/05/2020,SAT,TX,ASW,CE,Combined TRACON& Tower with Radar,104,11,48,0,163,0,10,19,0,29,104,21,67,0,192,0,0,0,192
07/06/2020,SAT,TX,ASW,CE,Combined TRACON& Tower with Radar,115,47,67,4,233,0,9,35,0,44,115,56,102,4,277,2,0,2,279
07/07/2020,SAT,TX,ASW,CE,Combined TRACON& Tower with Radar,128,36,66,3,233,0,7,36,1,44,128,43,102,4,277,0,0,0,277
07/08/2020,SAT,TX,ASW,CE,Combined TRACON& Tower with Radar,123,43,67,12,245,0,8,46,3,57,123,51,113,15,302,0,0,0,302
07/09/2020,SAT,TX,ASW,CE,Combined TRACON& Tower with Radar,132,39,56,18,245,0,8,32,1,41,132,47,88,19,286,0,0,0,286
07/10/2020,SAT,TX,ASW,CE,Combined TRACON& Tower with Radar,130,29,64,17,240,0,10,38,4,52,130,39,102,21,292,0,0,0,292
07/11/2020,SAT,TX,ASW,CE,Combined TRACON& Tower with Radar,102,23,46,14,185,0,11,31,0,42,102,34,77,14,227,0,0,0,227
07/12/2020,SAT,TX,ASW,CE,Combined TRACON& Tower with Radar,112,29,51,15,207,0,10,22,0,32,112,39,73,15,239,0,0,0,239
07/13/2020,SAT,TX,ASW,CE,Combined TRACON& Tower with Radar,123,28,52,10,213,0,5,58,4,67,123,33,110,14,280,0,0,0,280
07/14/2020,SAT,TX,ASW,CE,Combined TRACON& Tower with Radar,112,28,46,10,196,0,18,48,2,68,112,46,94,12,264,0,0,0,264
07/15/2020,SAT,TX,ASW,CE,Combined TRACON& Tower with Radar,113,39,66,23,241,0,12,39,6,57,113,51,105,29,298,0,0,0,298
07/16/2020,SAT,TX,ASW,CE,Combined TRACON& Tower with Radar,132,38,65,8,243,0,17,46,2,65,132,55,111,10,308,0,0,0,308
07/17/2020,SAT,TX,ASW,CE,Combined TRACON& Tower with Radar,128,52,62,18,260,0,15,29,3,47,128,67,91,21,307,0,0,0,307
07/18/2020,SAT,TX,ASW,CE,Combined TRACON& Tower with Radar,99,33,48,11,191,0,12,39,1,52,99,45,87,12,243,0,0,0,243
07/19/2020,SAT,TX,ASW,CE,Combined TRACON& Tower with Radar,113,16,42,6,177,0,6,17,0,23,113,22,59,6,200,0,0,0,200
07/20/2020,SAT,TX,ASW,CE,Combined TRACON& Tower with Radar,117,33,45,35,230,0,9,38,5,52,117,42,83,40,282,0,0,0,282
07/21/2020,SAT,TX,ASW,CE,Combined TRACON& Tower with Radar,116,49,38,44,247,0,4,40,3,47,116,53,78,47,294,0,0,0,294
07/22/2020,SAT,TX,ASW,CE,Combined TRACON& Tower with Radar,119,40,76,20,255,0,8,40,4,52,119,48,116,24,307,0,0,0,307
07/23/2020,SAT,TX,ASW,CE,Combined TRACON& Tower with Radar,126,40,59,23,248,0,14,28,3,45,126,54,87,26,293,0,0,0,293
07/24/2020,SAT,TX,ASW,CE,Combined TRACON& Tower with Radar,132,44,66,15,257,0,18,41,9,68,132,62,107,24,325,0,0,0,325
07/25/2020,SAT,TX,ASW,CE,Combined TRACON& Tower with Radar,101,17,39,6,163,0,13,5,0,18,101,30,44,6,181,0,0,0,181
07/26/2020,SAT,TX,ASW,CE,Combined TRACON& Tower with Radar,116,15,51,5,187,0,15,7,0,22,116,30,58,5,209,0,0,0,209
07/27/2020,SAT,TX,ASW,CE,Combined TRACON& Tower with Radar,121,35,48,9,213,0,5,17,0,22,121,40,65,9,235,0,0,0,235
07/28/2020,SAT,TX,ASW,CE,Combined TRACON& Tower with Radar,113,38,61,25,237,0,8,39,8,55,113,46,100,33,292,0,0,0,292
07/29/2020,SAT,TX,ASW,CE,Combined TRACON& Tower with Radar,118,40,81,10,249,0,7,34,10,51,118,47,115,20,300,0,0,0,300
07/30/2020,SAT,TX,ASW,CE,Combined TRACON& Tower with Radar,125,53,87,7,272,0,11,39,2,52,125,64,126,9,324,0,0,0,324
07/31/2020,SAT,TX,ASW,CE,Combined TRACON& Tower with Radar,131,47,80,5,263,0,15,15,1,31,131,62,95,6,294,0,0,0,294
08/01/2020,SAT,TX,ASW,CE,Combined TRACON& Tower with Radar,105,30,43,5,183,0,1,15,0,16,105,31,58,5,199,0,0,0,199
08/02/2020,SAT,TX,ASW,CE,Combined TRACON& Tower with Radar,131,22,42,8,203,0,4,24,0,28,131,26,66,8,231,0,0,0,231
08/03/2020,SAT,TX,ASW,CE,Combined TRACON& Tower with Radar,134,30,68,6,238,0,3,21,6,30,134,33,89,12,268,0,0,0,268
08/04/2020,SAT,TX,ASW,CE,Combined TRACON& Tower with Radar,126,48,61,24,259,0,12,53,4,69,126,60,114,28,328,0,0,0,328
08/05/2020,SAT,TX,ASW,CE,Combined TRACON& Tower with Radar,127,45,66,21,259,0,17,38,8,63,127,62,104,29,322,0,0,0,322
08/06/2020,SAT,TX,ASW,CE,Combined TRACON& Tower with Radar,143,46,90,20,299,0,12,29,2,43,143,58,119,22,342,0,0,0,342
08/07/2020,SAT,TX,ASW,CE,Combined TRACON& Tower with Radar,143,35,73,22,273,0,16,41,5,62,143,51,114,27,335,0,0,0,335
08/08/2020,SAT,TX,ASW,CE,Combined TRACON& Tower with Radar,121,38,44,12,215,0,27,18,5,50,121,65,62,17,265,0,0,0,265
08/09/2020,SAT,TX,ASW,CE,Combined TRACON& Tower with Radar,124,27,61,11,223,0,11,29,7,47,124,38,90,18,270,0,0,0,270
08/10/2020,SAT,TX,ASW,CE,Combined TRACON& Tower with Radar,132,42,55,24,253,0,7,27,2,36,132,49,82,26,289,0,0,0,289
08/11/2020,SAT,TX,ASW,CE,Combined TRACON& Tower with Radar,147,50,72,14,283,0,7,56,0,63,147,57,128,14,346,0,0,0,346
08/12/2020,SAT,TX,ASW,CE,Combined TRACON& Tower with Radar,150,46,85,19,300,0,8,26,3,37,150,54,111,22,337,0,0,0,337
08/13/2020,SAT,TX,ASW,CE,Combined TRACON& Tower with Radar,161,49,64,3,277,0,21,62,3,86,161,70,126,6,363,0,0,0,363
08/14/2020,SAT,TX,ASW,CE,Combined TRACON& Tower with Radar,164,52,67,10,293,0,8,42,2,52,164,60,109,12,345,0,0,0,345
08/15/2020,SAT,TX,ASW,CE,Combined TRACON& Tower with Radar,141,28,26,12,207,0,23,22,1,46,141,51,48,13,253,0,0,0,253
08/16/2020,SAT,TX,ASW,CE,Combined TRACON& Tower with Radar,164,25,64,11,264,0,9,30,4,43,164,34,94,15,307,0,0,0,307
08/17/2020,SAT,TX,ASW,CE,Combined TRACON& Tower with Radar,164,26,52,10,252,0,4,34,3,41,164,30,86,13,293,0,0,0,293
08/18/2020,SAT,TX,ASW,CE,Combined TRACON& Tower with Radar,145,45,53,3,246,0,17,53,0,70,145,62,106,3,316,0,0,0,316
08/19/2020,SAT,TX,ASW,CE,Combined TRACON& Tower with Radar,150,43,80,13,286,0,23,36,2,61,150,66,116,15,347,0,0,0,347
08/20/2020,SAT,TX,ASW,CE,Combined TRACON& Tower with Radar,167,50,90,5,312,0,12,42,0,54,167,62,132,5,366,0,0,0,366
08/21/2020,SAT,TX,ASW,CE,Combined TRACON& Tower with Radar,158,39,66,28,291,0,13,52,3,68,158,52,118,31,359,0,0,0,359
08/22/2020,SAT,TX,ASW,CE,Combined TRACON& Tower with Radar,135,27,48,9,219,0,11,20,1,32,135,38,68,10,251,0,0,0,251
08/23/2020,SAT,TX,ASW,CE,Combined TRACON& Tower with Radar,144,27,45,8,224,0,12,36,5,53,144,39,81,13,277,0,0,0,277
08/24/2020,SAT,TX,ASW,CE,Combined TRACON& Tower with Radar,147,31,50,9,237,0,12,39,3,54,147,43,89,12,291,0,0,0,291
08/25/2020,SAT,TX,ASW,CE,Combined TRACON& Tower with Radar,148,45,80,5,278,0,18,45,7,70,148,63,125,12,348,0,0,0,348
08/26/2020,SAT,TX,ASW,CE,Combined TRACON& Tower with Radar,139,51,54,18,262,0,6,41,4,51,139,57,95,22,313,0,0,0,313
08/27/2020,SAT,TX,ASW,CE,Combined TRACON& Tower with Radar,158,47,85,8,298,0,5,42,3,50,158,52,127,11,348,0,0,0,348
08/28/2020,SAT,TX,ASW,CE,Combined TRACON& Tower with Radar,163,43,51,13,270,0,8,42,3,53,163,51,93,16,323,0,0,0,323
08/29/2020,SAT,TX,ASW,CE,Combined TRACON& Tower with Radar,137,30,48,1,216,0,12,25,4,41,137,42,73,5,257,0,0,0,257
08/30/2020,SAT,TX,ASW,CE,Combined TRACON& Tower with Radar,145,23,50,2,220,0,4,23,1,28,145,27,73,3,248,0,0,0,248
08/31/2020,SAT,TX,ASW,CE,Combined TRACON& Tower with Radar,158,37,60,14,269,0,7,27,3,37,158,44,87,17,306,0,0,0,306
09/01/2020,SAT,TX,ASW,CE,Combined TRACON& Tower with Radar,160,39,79,5,283,0,9,35,4,48,160,48,114,9,331,0,0,0,331
09/02/2020,SAT,TX,ASW,CE,Combined TRACON& Tower with Radar,158,39,74,2,273,0,4,23,3,30,158,43,97,5,303,0,0,0,303
09/03/2020,SAT,TX,ASW,CE,Combined TRACON& Tower with Radar,167,56,86,12,321,0,4,48,4,56,167,60,134,16,377,0,0,0,377
09/04/2020,SAT,TX,ASW,CE,Combined TRACON& Tower with Radar,164,59,70,2,295,0,10,25,2,37,164,69,95,4,332,0,0,0,332
09/05/2020,SAT,TX,ASW,CE,Combined TRACON& Tower with Radar,124,26,32,2,184,0,10,10,0,20,124,36,42,2,204,0,0,0,204
09/06/2020,SAT,TX,ASW,CE,Combined TRACON& Tower with Radar,127,22,41,0,190,0,6,33,2,41,127,28,74,2,231,0,0,0,231
09/07/2020,SAT,TX,ASW,CE,Combined TRACON& Tower with Radar,122,29,73,4,228,0,4,41,0,45,122,33,114,4,273,0,0,0,273
09/08/2020,SAT,TX,ASW,CE,Combined TRACON& Tower with Radar,109,40,64,6,219,0,12,28,1,41,109,52,92,7,260,0,0,0,260
09/09/2020,SAT,TX,ASW,CE,Combined TRACON& Tower with Radar,134,41,55,2,232,0,2,7,2,11,134,43,62,4,243,0,0,0,243
09/10/2020,SAT,TX,ASW,CE,Combined TRACON& Tower with Radar,134,41,78,18,271,0,0,8,0,8,134,41,86,18,279,0,0,0,279
09/11/2020,SAT,TX,ASW,CE,Combined TRACON& Tower with Radar,131,38,77,22,268,0,9,36,0,45,131,47,113,22,313,0,0,0,313
09/12/2020,SAT,TX,ASW,CE,Combined TRACON& Tower with Radar,115,24,37,18,194,0,9,44,4,57,115,33,81,22,251,0,0,0,251
09/13/2020,SAT,TX,ASW,CE,Combined TRACON& Tower with Radar,123,23,50,15,211,0,5,30,1,36,123,28,80,16,247,0,0,0,247
09/14/2020,SAT,TX,ASW,CE,Combined TRACON& Tower with Radar,126,36,66,3,231,0,6,40,3,49,126,42,106,6,280,0,0,0,280
09/15/2020,SAT,TX,ASW,CE,Combined TRACON& Tower with Radar,120,28,47,2,197,0,11,38,1,50,120,39,85,3,247,0,0,0,247
09/16/2020,SAT,TX,ASW,CE,Combined TRACON& Tower with Radar,126,39,62,6,233,0,8,36,0,44,126,47,98,6,277,0,0,0,277
09/17/2020,SAT,TX,ASW,CE,Combined TRACON& Tower with Radar,135,34,87,4,260,0,5,32,0,37,135,39,119,4,297,0,0,0,297
09/18/2020,SAT,TX,ASW,CE,Combined TRACON& Tower with Radar,137,47,63,34,281,0,13,35,7,55,137,60,98,41,336,0,0,0,336
09/19/2020,SAT,TX,ASW,CE,Combined TRACON& Tower with Radar,115,27,58,18,218,0,15,43,3,61,115,42,101,21,279,0,0,0,279
09/20/2020,SAT,TX,ASW,CE,Combined TRACON& Tower with Radar,121,27,60,4,212,0,7,25,1,33,121,34,85,5,245,0,0,0,245
09/21/2020,SAT,TX,ASW,CE,Combined TRACON& Tower with Radar,117,36,63,1,217,0,2,5,0,7,117,38,68,1,224,0,0,0,224
09/22/2020,SAT,TX,ASW,CE,Combined TRACON& Tower with Radar,125,41,98,7,271,0,3,18,0,21,125,44,116,7,292,0,0,0,292
09/23/2020,SAT,TX,ASW,CE,Combined TRACON& Tower with Radar,136,38,86,10,270,0,4,34,2,40,136,42,120,12,310,0,0,0,310
09/24/2020,SAT,TX,ASW,CE,Combined TRACON& Tower with Radar,131,38,97,17,283,0,6,43,4,53,131,44,140,21,336,0,0,0,336
09/25/2020,SAT,TX,ASW,CE,Combined TRACON& Tower with Radar,137,31,87,5,260,0,8,50,0,58,137,39,137,5,318,0,0,0,318
09/26/2020,SAT,TX,ASW,CE,Combined TRACON& Tower with Radar,116,18,46,5,185,0,11,14,2,27,116,29,60,7,212,0,0,0,212
09/27/2020,SAT,TX,ASW,CE,Combined TRACON& Tower with Radar,135,37,57,21,250,0,7,25,2,34,135,44,82,23,284,0,0,0,284
09/28/2020,SAT,TX,ASW,CE,Combined TRACON& Tower with Radar,123,44,52,6,225,0,6,21,1,28,123,50,73,7,253,0,0,0,253
09/29/2020,SAT,TX,ASW,CE,Combined TRACON& Tower with Radar,125,41,59,21,246,0,8,49,9,66,125,49,108,30,312,0,0,0,312
09/30/2020,SAT,TX,ASW,CE,Combined TRACON& Tower with Radar,130,39,84,19,272,0,16,58,1,75,130,55,142,20,347,0,0,0,347
10/01/2020,SAT,TX,ASW,CE,Combined TRACON& Tower with Radar,132,60,85,10,287,0,13,69,5,87,132,73,154,15,374,0,0,0,374
10/02/2020,SAT,TX,ASW,CE,Combined TRACON& Tower with Radar,143,49,70,15,277,0,15,67,1,83,143,64,137,16,360,0,0,0,360
10/03/2020,SAT,TX,ASW,CE,Combined TRACON& Tower with Radar,115,26,38,29,208,0,12,36,3,51,115,38,74,32,259,0,0,0,259
10/04/2020,SAT,TX,ASW,CE,Combined TRACON& Tower with Radar,127,24,52,10,213,0,11,55,5,71,127,35,107,15,284,0,0,0,284
10/05/2020,SAT,TX,ASW,CE,Combined TRACON& Tower with Radar,125,46,87,12,270,0,6,33,4,43,125,52,120,16,313,0,0,0,313
10/06/2020,SAT,TX,ASW,CE,Combined TRACON& Tower with Radar,128,40,76,13,257,0,13,36,4,53,128,53,112,17,310,0,0,0,310
10/07/2020,SAT,TX,ASW,CE,Combined TRACON& Tower with Radar,133,40,80,10,263,0,15,44,5,64,133,55,124,15,327,0,0,0,327
10/08/2020,SAT,TX,ASW,CE,Combined TRACON& Tower with Radar,148,57,98,29,332,0,5,39,3,47,148,62,137,32,379,0,0,0,379
10/09/2020,SAT,TX,ASW,CE,Combined TRACON& Tower with Radar,164,39,84,14,301,0,9,31,3,43,164,48,115,17,344,0,0,0,344
10/10/2020,SAT,TX,ASW,CE,Combined TRACON& Tower with Radar,110,37,51,10,208,0,13,35,1,49,110,50,86,11,257,0,0,0,257
10/11/2020,SAT,TX,ASW,CE,Combined TRACON& Tower with Radar,138,23,57,8,226,0,8,30,4,42,138,31,87,12,268,0,0,0,268
10/12/2020,SAT,TX,ASW,CE,Combined TRACON& Tower with Radar,131,26,85,10,252,0,11,31,1,43,131,37,116,11,295,0,0,0,295
10/13/2020,SAT,TX,ASW,CE,Combined TRACON& Tower with Radar,124,36,106,15,281,0,18,55,3,76,124,54,161,18,357,0,0,0,357
10/14/2020,SAT,TX,ASW,CE,Combined TRACON& Tower with Radar,132,33,82,9,256,0,12,50,4,66,132,45,132,13,322,0,0,0,322
10/15/2020,SAT,TX,ASW,CE,Combined TRACON& Tower with Radar,144,37,121,10,312,0,10,38,0,48,144,47,159,10,360,0,0,0,360
10/16/2020,SAT,TX,ASW,CE,Combined TRACON& Tower with Radar,154,48,78,13,293,0,13,42,5,60,154,61,120,18,353,0,0,0,353
10/17/2020,SAT,TX,ASW,CE,Combined TRACON& Tower with Radar,110,28,56,32,226,0,10,7,0,17,110,38,63,32,243,0,0,0,243
10/18/2020,SAT,TX,ASW,CE,Combined TRACON& Tower with Radar,137,28,87,8,260,0,11,27,6,44,137,39,114,14,304,0,0,0,304
10/19/2020,SAT,TX,ASW,CE,Combined TRACON& Tower with Radar,134,40,84,7,265,0,13,25,2,40,134,53,109,9,305,0,0,0,305
10/20/2020,SAT,TX,ASW,CE,Combined TRACON& Tower with Radar,138,55,95,11,299,0,10,40,1,51,138,65,135,12,350,0,0,0,350
10/21/2020,SAT,TX,ASW,CE,Combined TRACON& Tower with Radar,137,45,90,8,280,0,6,33,10,49,137,51,123,18,329,0,0,0,329
10/22/2020,SAT,TX,ASW,CE,Combined TRACON& Tower with Radar,143,56,121,9,329,0,14,31,4,49,143,70,152,13,378,0,0,0,378
10/23/2020,SAT,TX,ASW,CE,Combined TRACON& Tower with Radar,155,44,121,16,336,0,11,30,0,41,155,55,151,16,377,0,0,0,377
10/24/2020,SAT,TX,ASW,CE,Combined TRACON& Tower with Radar,105,30,61,20,216,0,8,19,1,28,105,38,80,21,244,0,0,0,244
10/25/2020,SAT,TX,ASW,CE,Combined TRACON& Tower with Radar,132,44,106,16,298,0,14,17,2,33,132,58,123,18,331,0,0,0,331
10/26/2020,SAT,TX,ASW,CE,Combined TRACON& Tower with Radar,131,48,93,3,275,0,1,2,1,4,131,49,95,4,279,0,0,0,279
10/27/2020,SAT,TX,ASW,CE,Combined TRACON& Tower with Radar,126,49,84,14,273,0,0,0,0,0,126,49,84,14,273,0,0,0,273
10/28/2020,SAT,TX,ASW,CE,Combined TRACON& Tower with Radar,133,44,95,15,287,0,9,21,2,32,133,53,116,17,319,0,0,0,319
10/29/2020,SAT,TX,ASW,CE,Combined TRACON& Tower with Radar,137,55,83,9,284,0,22,34,6,62,137,77,117,15,346,0,0,0,346
10/30/2020,SAT,TX,ASW,CE,Combined TRACON& Tower with Radar,146,54,108,5,313,0,17,76,4,97,146,71,184,9,410,0,0,0,410
10/31/2020,SAT,TX,ASW,CE,Combined TRACON& Tower with Radar,99,23,50,5,177,0,8,34,3,45,99,31,84,8,222,0,0,0,222
11/01/2020,SAT,TX,ASW,CE,Combined TRACON& Tower with Radar,123,41,67,11,242,0,11,48,3,62,123,52,115,14,304,0,0,0,304
11/02/2020,SAT,TX,ASW,CE,Combined TRACON& Tower with Radar,127,42,74,11,254,0,11,29,2,42,127,53,103,13,296,0,0,0,296
11/03/2020,SAT,TX,ASW,CE,Combined TRACON& Tower with Radar,133,47,59,8,247,0,9,58,8,75,133,56,117,16,322,0,0,0,322
11/04/2020,SAT,TX,ASW,CE,Combined TRACON& Tower with Radar,115,57,78,7,257,0,13,58,6,77,115,70,136,13,334,0,0,0,334
11/05/2020,SAT,TX,ASW,CE,Combined TRACON& Tower with Radar,149,53,75,12,289,0,10,42,4,56,149,63,117,16,345,0,0,0,345
11/06/2020,SAT,TX,ASW,CE,Combined TRACON& Tower with Radar,152,75,88,4,319,0,16,30,0,46,152,91,118,4,365,0,0,0,365
11/07/2020,SAT,TX,ASW,CE,Combined TRACON& Tower with Radar,108,35,55,4,202,0,4,37,0,41,108,39,92,4,243,0,0,0,243
11/08/2020,SAT,TX,ASW,CE,Combined TRACON& Tower with Radar,137,26,64,11,238,0,4,40,3,47,137,30,104,14,285,0,0,0,285
11/09/2020,SAT,TX,ASW,CE,Combined TRACON& Tower with Radar,144,37,72,13,266,0,16,38,1,55,144,53,110,14,321,0,0,0,321
11/10/2020,SAT,TX,ASW,CE,Combined TRACON& Tower with Radar,117,44,87,10,258,0,14,13,0,27,117,58,100,10,285,0,0,0,285
11/11/2020,SAT,TX,ASW,CE,Combined TRACON& Tower with Radar,118,51,76,5,250,0,16,67,5,88,118,67,143,10,338,0,0,0,338
11/12/2020,SAT,TX,ASW,CE,Combined TRACON& Tower with Radar,153,48,112,16,329,0,17,31,2,50,153,65,143,18,379,0,0,0,379
11/13/2020,SAT,TX,ASW,CE,Combined TRACON& Tower with Radar,159,48,125,30,362,0,16,28,6,50,159,64,153,36,412,0,0,0,412
11/14/2020,SAT,TX,ASW,CE,Combined TRACON& Tower with Radar,110,35,54,18,217,0,11,20,1,32,110,46,74,19,249,0,0,0,249
11/15/2020,SAT,TX,ASW,CE,Combined TRACON& Tower with Radar,141,32,65,12,250,0,3,39,3,45,141,35,104,15,295,0,0,0,295
11/16/2020,SAT,TX,ASW,CE,Combined TRACON& Tower with Radar,140,57,73,9,279,0,13,59,11,83,140,70,132,20,362,0,0,0,362
11/17/2020,SAT,TX,ASW,CE,Combined TRACON& Tower with Radar,119,46,107,9,281,0,10,61,1,72,119,56,168,10,353,0,0,0,353
11/18/2020,SAT,TX,ASW,CE,Combined TRACON& Tower with Radar,122,58,83,3,266,0,8,54,4,66,122,66,137,7,332,0,0,0,332
11/19/2020,SAT,TX,ASW,CE,Combined TRACON& Tower with Radar,153,60,91,6,310,0,6,57,1,64,153,66,148,7,374,0,0,0,374
11/20/2020,SAT,TX,ASW,CE,Combined TRACON& Tower with Radar,158,73,89,8,328,0,10,42,0,52,158,83,131,8,380,0,0,0,380
11/21/2020,SAT,TX,ASW,CE,Combined TRACON& Tower with Radar,147,30,56,0,233,0,6,19,2,27,147,36,75,2,260,0,0,0,260
11/22/2020,SAT,TX,ASW,CE,Combined TRACON& Tower with Radar,154,29,81,0,264,0,4,32,1,37,154,33,113,1,301,0,0,0,301
11/23/2020,SAT,TX,ASW,CE,Combined TRACON& Tower with Radar,151,37,51,2,241,0,7,24,0,31,151,44,75,2,272,0,0,0,272
11/24/2020,SAT,TX,ASW,CE,Combined TRACON& Tower with Radar,163,49,85,8,305,0,10,28,3,41,163,59,113,11,346,0,0,0,346
11/25/2020,SAT,TX,ASW,CE,Combined TRACON& Tower with Radar,155,73,73,1,302,0,11,47,2,60,155,84,120,3,362,0,0,0,362
11/26/2020,SAT,TX,ASW,CE,Combined TRACON& Tower with Radar,83,21,34,0,138,0,7,10,0,17,83,28,44,0,155,0,0,0,155
11/27/2020,SAT,TX,ASW,CE,Combined TRACON& Tower with Radar,143,42,34,0,219,0,3,5,1,9,143,45,39,1,228,0,0,0,228
11/28/2020,SAT,TX,ASW,CE,Combined TRACON& Tower with Radar,150,38,40,0,228,0,0,0,0,0,150,38,40,0,228,0,0,0,228
11/29/2020,SAT,TX,ASW,CE,Combined TRACON& Tower with Radar,155,49,109,2,315,0,8,36,1,45,155,57,145,3,360,0,0,0,360
11/30/2020,SAT,TX,ASW,CE,Combined TRACON& Tower with Radar,159,42,82,13,296,0,7,53,4,64,159,49,135,17,360,0,0,0,360
12/01/2020,SAT,TX,ASW,CE,Combined TRACON& Tower with Radar,151,45,77,7,280,0,11,51,6,68,151,56,128,13,348,0,0,0,348
12/02/2020,SAT,TX,ASW,CE,Combined TRACON& Tower with Radar,123,44,81,5,253,0,6,38,5,49,123,50,119,10,302,0,0,0,302
12/03/2020,SAT,TX,ASW,CE,Combined TRACON& Tower with Radar,139,49,92,10,290,0,15,37,4,56,139,64,129,14,346,0,0,0,346
12/04/2020,SAT,TX,ASW,CE,Combined TRACON& Tower with Radar,136,51,82,15,284,0,14,72,4,90,136,65,154,19,374,0,0,0,374
12/05/2020,SAT,TX,ASW,CE,Combined TRACON& Tower with Radar,102,24,48,12,186,0,11,19,2,32,102,35,67,14,218,0,0,0,218
12/06/2020,SAT,TX,ASW,CE,Combined TRACON& Tower with Radar,126,27,75,10,238,0,8,57,4,69,126,35,132,14,307,0,0,0,307
12/07/2020,SAT,TX,ASW,CE,Combined TRACON& Tower with Radar,125,38,73,5,241,0,10,41,2,53,125,48,114,7,294,0,0,0,294
12/08/2020,SAT,TX,ASW,CE,Combined TRACON& Tower with Radar,123,44,84,3,254,0,13,51,5,69,123,57,135,8,323,0,0,0,323
12/09/2020,SAT,TX,ASW,CE,Combined TRACON& Tower with Radar,123,55,80,6,264,0,8,57,8,73,123,63,137,14,337,0,0,0,337
12/10/2020,SAT,TX,ASW,CE,Combined TRACON& Tower with Radar,138,59,83,14,294,0,9,49,4,62,138,68,132,18,356,0,0,0,356
12/11/2020,SAT,TX,ASW,CE,Combined TRACON& Tower with Radar,142,49,75,22,288,0,7,31,2,40,142,56,106,24,328,0,0,0,328
12/12/2020,SAT,TX,ASW,CE,Combined TRACON& Tower with Radar,102,34,54,21,211,0,9,41,6,56,102,43,95,27,267,0,0,0,267
12/13/2020,SAT,TX,ASW,CE,Combined TRACON& Tower with Radar,132,24,55,15,226,0,10,13,2,25,132,34,68,17,251,0,0,0,251
12/14/2020,SAT,TX,ASW,CE,Combined TRACON& Tower with Radar,129,45,85,12,271,0,9,49,1,59,129,54,134,13,330,0,0,0,330
12/15/2020,SAT,TX,ASW,CE,Combined TRACON& Tower with Radar,132,54,83,32,301,0,6,40,2,48,132,60,123,34,349,0,0,0,349
12/16/2020,SAT,TX,ASW,CE,Combined TRACON& Tower with Radar,124,42,97,19,282,0,15,54,3,72,124,57,151,22,354,0,0,0,354
12/17/2020,SAT,TX,ASW,CE,Combined TRACON& Tower with Radar,163,58,96,16,333,0,12,69,3,84,163,70,165,19,417,0,0,0,417
12/18/2020,SAT,TX,ASW,CE,Combined TRACON& Tower with Radar,170,62,80,21,333,0,6,29,2,37,170,68,109,23,370,0,0,0,370
12/19/2020,SAT,TX,ASW,CE,Combined TRACON& Tower with Radar,164,31,80,7,282,0,9,13,0,22,164,40,93,7,304,0,0,0,304
12/20/2020,SAT,TX,ASW,CE,Combined TRACON& Tower with Radar,146,36,77,2,261,0,11,51,2,64,146,47,128,4,325,0,0,0,325
12/21/2020,SAT,TX,ASW,CE,Combined TRACON& Tower with Radar,154,43,70,3,270,0,6,49,6,61,154,49,119,9,331,0,0,0,331
12/22/2020,SAT,TX,ASW,CE,Combined TRACON& Tower with Radar,166,48,82,4,300,0,11,35,2,48,166,59,117,6,348,0,0,0,348
12/23/2020,SAT,TX,ASW,CE,Combined TRACON& Tower with Radar,161,60,60,10,291,0,12,14,5,31,161,72,74,15,322,0,0,0,322
12/24/2020,SAT,TX,ASW,CE,Combined TRACON& Tower with Radar,113,42,21,1,177,0,15,18,1,34,113,57,39,2,211,0,0,0,211
12/25/2020,SAT,TX,ASW,CE,Combined TRACON& Tower with Radar,93,28,19,1,141,0,13,31,3,47,93,41,50,4,188,0,0,0,188
12/26/2020,SAT,TX,ASW,CE,Combined TRACON& Tower with Radar,150,33,75,0,258,0,13,42,0,55,150,46,117,0,313,0,0,0,313
12/27/2020,SAT,TX,ASW,CE,Combined TRACON& Tower with Radar,154,46,74,1,275,0,11,37,0,48,154,57,111,1,323,0,0,0,323
12/28/2020,SAT,TX,ASW,CE,Combined TRACON& Tower with Radar,143,37,72,6,258,0,2,15,0,17,143,39,87,6,275,0,0,0,275
12/29/2020,SAT,TX,ASW,CE,Combined TRACON& Tower with Radar,158,51,90,3,302,0,7,16,0,23,158,58,106,3,325,0,0,0,325
12/30/2020,SAT,TX,ASW,CE,Combined TRACON& Tower with Radar,174,50,75,4,303,0,4,8,1,13,174,54,83,5,316,0,0,0,316
12/31/2020,SAT,TX,ASW,CE,Combined TRACON& Tower with Radar,122,33,30,0,185,0,1,1,1,3,122,34,31,1,188,0,0,0,188
01/01/2021,SAT,TX,ASW,CE,Combined TRACON& Tower with Radar,105,20,47,1,173,0,14,13,3,30,105,34,60,4,203,0,0,0,203
01/02/2021,SAT,TX,ASW,CE,Combined TRACON& Tower with Radar,161,31,65,0,257,0,9,41,1,51,161,40,106,1,308,0,0,0,308
01/03/2021,SAT,TX,ASW,CE,Combined TRACON& Tower with Radar,146,27,84,2,259,0,12,37,0,49,146,39,121,2,308,0,0,0,308
01/04/2021,SAT,TX,ASW,CE,Combined TRACON& Tower with Radar,146,34,79,3,262,0,12,63,1,76,146,46,142,4,338,0,0,0,338
01/05/2021,SAT,TX,ASW,CE,Combined TRACON& Tower with Radar,140,37,89,13,279,0,10,16,0,26,140,47,105,13,305,0,0,0,305
01/06/2021,SAT,TX,ASW,CE,Combined TRACON& Tower with Radar,147,47,57,7,258,0,3,27,1,31,147,50,84,8,289,0,0,0,289
01/07/2021,SAT,TX,ASW,CE,Combined TRACON& Tower with Radar,136,43,75,7,261,0,14,63,6,83,136,57,138,13,344,0,0,0,344
01/08/2021,SAT,TX,ASW,CE,Combined TRACON& Tower with Radar,133,36,62,10,241,0,5,77,2,84,133,41,139,12,325,0,0,0,325
01/09/2021,SAT,TX,ASW,CE,Combined TRACON& Tower with Radar,96,38,57,12,203,0,7,49,5,61,96,45,106,17,264,0,0,0,264
01/10/2021,SAT,TX,ASW,CE,Combined TRACON& Tower with Radar,118,32,60,1,211,0,2,1,0,3,118,34,61,1,214,0,0,0,214
01/11/2021,SAT,TX,ASW,CE,Combined TRACON& Tower with Radar,120,34,68,10,232,0,9,32,1,42,120,43,100,11,274,0,0,0,274
01/12/2021,SAT,TX,ASW,CE,Combined TRACON& Tower with Radar,129,49,70,4,252,0,16,48,0,64,129,65,118,4,316,0,0,0,316
01/13/2021,SAT,TX,ASW,CE,Combined TRACON& Tower with Radar,131,45,105,3,284,0,15,54,0,69,131,60,159,3,353,0,0,0,353
01/14/2021,SAT,TX,ASW,CE,Combined TRACON& Tower with Radar,135,48,88,4,275,0,13,65,1,79,135,61,153,5,354,0,0,0,354
01/15/2021,SAT,TX,ASW,CE,Combined TRACON& Tower with Radar,136,31,59,5,231,0,19,47,1,67,136,50,106,6,298,0,0,0,298
01/16/2021,SAT,TX,ASW,CE,Combined TRACON& Tower with Radar,102,26,39,6,173,0,8,43,1,52,102,34,82,7,225,0,0,0,225
01/17/2021,SAT,TX,ASW,CE,Combined TRACON& Tower with Radar,117,20,53,3,193,0,3,42,0,45,117,23,95,3,238,6,2,8,246
01/18/2021,SAT,TX,ASW,CE,Combined TRACON& Tower with Radar,121,40,83,1,245,0,5,23,0,28,121,45,106,1,273,0,0,0,273
01/19/2021,SAT,TX,ASW,CE,Combined TRACON& Tower with Radar,130,40,76,8,254,0,0,7,0,7,130,40,83,8,261,0,0,0,261
01/20/2021,SAT,TX,ASW,CE,Combined TRACON& Tower with Radar,122,51,70,4,247,0,1,0,0,1,122,52,70,4,248,0,0,0,248
01/21/2021,SAT,TX,ASW,CE,Combined TRACON& Tower with Radar,140,80,106,22,348,0,5,23,0,28,140,85,129,22,376,0,0,0,376
01/22/2021,SAT,TX,ASW,CE,Combined TRACON& Tower with Radar,129,63,107,21,320,0,10,43,1,54,129,73,150,22,374,0,0,0,374
01/23/2021,SAT,TX,ASW,CE,Combined TRACON& Tower with Radar,101,38,63,10,212,0,0,2,0,2,101,38,65,10,214,0,0,0,214
01/24/2021,SAT,TX,ASW,CE,Combined TRACON& Tower with Radar,123,42,40,4,209,0,1,1,0,2,123,43,41,4,211,0,0,0,211
01/25/2021,SAT,TX,ASW,CE,Combined TRACON& Tower with Radar,129,84,116,9,338,0,7,53,7,67,129,91,169,16,405,0,0,0,405
01/26/2021,SAT,TX,ASW,CE,Combined TRACON& Tower with Radar,128,56,87,12,283,0,17,48,1,66,128,73,135,13,349,0,0,0,349
01/27/2021,SAT,TX,ASW,CE,Combined TRACON& Tower with Radar,121,59,102,6,288,0,5,38,0,43,121,64,140,6,331,0,0,0,331
01/28/2021,SAT,TX,ASW,CE,Combined TRACON& Tower with Radar,139,70,118,9,336,0,7,44,2,53,139,77,162,11,389,0,0,0,389
01/29/2021,SAT,TX,ASW,CE,Combined TRACON& Tower with Radar,138,66,84,15,303,0,7,49,0,56,138,73,133,15,359,0,0,0,359
01/30/2021,SAT,TX,ASW,CE,Combined TRACON& Tower with Radar,114,66,49,10,239,0,10,19,0,29,114,76,68,10,268,0,0,0,268
01/31/2021,SAT,TX,ASW,CE,Combined TRACON& Tower with Radar,122,30,66,3,221,0,10,33,2,45,122,40,99,5,266,0,0,0,266
02/01/2021,SAT,TX,ASW,CE,Combined TRACON& Tower with Radar,130,42,64,3,239,0,14,48,3,65,130,56,112,6,304,0,0,0,304
02/02/2021,SAT,TX,ASW,CE,Combined TRACON& Tower with Radar,133,53,82,4,272,0,13,68,7,88,133,66,150,11,360,0,0,0,360
02/03/2021,SAT,TX,ASW,CE,Combined TRACON& Tower with Radar,129,46,81,6,262,0,8,68,4,80,129,54,149,10,342,0,0,0,342
02/04/2021,SAT,TX,ASW,CE,Combined TRACON& Tower with Radar,141,59,92,26,318,0,16,60,2,78,141,75,152,28,396,0,0,0,396
02/05/2021,SAT,TX,ASW,CE,Combined TRACON& Tower with Radar,139,49,87,27,302,0,18,26,2,46,139,67,113,29,348,0,0,0,348
02/06/2021,SAT,TX,ASW,CE,Combined TRACON& Tower with Radar,106,43,48,24,221,0,3,24,7,34,106,46,72,31,255,0,0,0,255
02/07/2021,SAT,TX,ASW,CE,Combined TRACON& Tower with Radar,121,36,43,14,214,0,15,39,1,55,121,51,82,15,269,0,0,0,269
02/08/2021,SAT,TX,ASW,CE,Combined TRACON& Tower with Radar,127,59,82,2,270,0,6,26,2,34,127,65,108,4,304,0,0,0,304
02/09/2021,SAT,TX,ASW,CE,Combined TRACON& Tower with Radar,135,90,104,7,336,0,8,30,2,40,135,98,134,9,376,0,0,0,376
02/10/2021,SAT,TX,ASW,CE,Combined TRACON& Tower with Radar,124,88,91,2,305,0,0,0,0,0,124,88,91,2,305,0,0,0,305
02/11/2021,SAT,TX,ASW,CE,Combined TRACON& Tower with Radar,127,54,86,0,267,0,1,0,0,1,127,55,86,0,268,0,0,0,268
02/12/2021,SAT,TX,ASW,CE,Combined TRACON& Tower with Radar,140,72,105,1,318,0,6,1,0,7,140,78,106,1,325,0,0,0,325
02/13/2021,SAT,TX,ASW,CE,Combined TRACON& Tower with Radar,99,38,37,1,175,0,0,1,0,1,99,38,38,1,176,0,0,0,176
02/14/2021,SAT,TX,ASW,CE,Combined TRACON& Tower with Radar,33,10,7,0,50,0,0,0,0,0,33,10,7,0,50,0,0,0,50
02/15/2021,SAT,TX,ASW,CE,Combined TRACON& Tower with Radar,0,0,0,0,0,0,2,4,0,6,0,2,4,0,6,0,0,0,6
02/16/2021,SAT,TX,ASW,CE,Combined TRACON& Tower with Radar,0,0,0,0,0,0,4,2,3,9,0,4,2,3,9,0,0,0,9
02/17/2021,SAT,TX,ASW,CE,Combined TRACON& Tower with Radar,16,11,26,0,53,0,0,0,0,0,16,11,26,0,53,0,0,0,53
02/18/2021,SAT,TX,ASW,CE,Combined TRACON& Tower with Radar,2,2,1,0,5,0,0,0,0,0,2,2,1,0,5,0,0,0,5
02/19/2021,SAT,TX,ASW,CE,Combined TRACON& Tower with Radar,96,58,82,1,237,0,12,25,2,39,96,70,107,3,276,0,0,0,276
02/20/2021,SAT,TX,ASW,CE,Combined TRACON& Tower with Radar,112,42,85,9,248,0,10,29,0,39,112,52,114,9,287,0,0,0,287
02/21/2021,SAT,TX,ASW,CE,Combined TRACON& Tower with Radar,120,40,74,0,234,0,6,34,0,40,120,46,108,0,274,0,0,0,274
02/22/2021,SAT,TX,ASW,CE,Combined TRACON& Tower with Radar,131,50,104,13,298,0,6,52,0,58,131,56,156,13,356,0,0,0,356
02/23/2021,SAT,TX,ASW,CE,Combined TRACON& Tower with Radar,141,71,115,11,338,0,13,72,0,85,141,84,187,11,423,0,0,0,423
02/24/2021,SAT,TX,ASW,CE,Combined TRACON& Tower with Radar,126,93,112,14,345,0,7,37,1,45,126,100,149,15,390,0,0,0,390
02/25/2021,SAT,TX,ASW,CE,Combined TRACON& Tower with Radar,141,101,170,8,420,0,1,1,0,2,141,102,171,8,422,0,0,0,422
02/26/2021,SAT,TX,ASW,CE,Combined TRACON& Tower with Radar,138,71,132,13,354,0,1,7,0,8,138,72,139,13,362,0,0,0,362
02/27/2021,SAT,TX,ASW,CE,Combined TRACON& Tower with Radar,108,52,80,15,255,0,7,9,0,16,108,59,89,15,271,0,0,0,271
02/28/2021,SAT,TX,ASW,CE,Combined TRACON& Tower with Radar,127,40,77,12,256,0,2,8,0,10,127,42,85,12,266,0,0,0,266
03/01/2021,SAT,TX,ASW,CE,Combined TRACON& Tower with Radar,128,42,74,10,254,0,7,6,1,14,128,49,80,11,268,0,0,0,268
03/02/2021,SAT,TX,ASW,CE,Combined TRACON& Tower with Radar,129,60,97,10,296,0,9,75,4,88,129,69,172,14,384,0,0,0,384
03/03/2021,SAT,TX,ASW,CE,Combined TRACON& Tower with Radar,135,69,124,7,335,0,13,84,5,102,135,82,208,12,437,0,0,0,437
03/04/2021,SAT,TX,ASW,CE,Combined TRACON& Tower with Radar,152,101,121,8,382,0,14,62,4,80,152,115,183,12,462,0,0,0,462
03/05/2021,SAT,TX,ASW,CE,Combined TRACON& Tower with Radar,151,62,123,10,346,0,13,54,3,70,151,75,177,13,416,0,0,0,416
03/06/2021,SAT,TX,ASW,CE,Combined TRACON& Tower with Radar,119,64,89,6,278,0,8,56,2,66,119,72,145,8,344,0,0,0,344
03/07/2021,SAT,TX,ASW,CE,Combined TRACON& Tower with Radar,145,41,96,10,292,0,11,53,4,68,145,52,149,14,360,0,0,0,360
03/08/2021,SAT,TX,ASW,CE,Combined TRACON& Tower with Radar,157,46,85,9,297,0,12,50,6,68,157,58,135,15,365,0,0,0,365
03/09/2021,SAT,TX,ASW,CE,Combined TRACON& Tower with Radar,148,49,89,5,291,0,4,36,1,41,148,53,125,6,332,0,0,0,332
03/10/2021,SAT,TX,ASW,CE,Combined TRACON& Tower with Radar,145,62,114,4,325,0,9,30,0,39,145,71,144,4,364,0,0,0,364
03/11/2021,SAT,TX,ASW,CE,Combined TRACON& Tower with Radar,181,84,131,20,416,0,10,34,0,44,181,94,165,20,460,0,0,0,460
03/12/2021,SAT,TX,ASW,CE,Combined TRACON& Tower with Radar,187,69,126,17,399,0,1,33,2,36,187,70,159,19,435,0,0,0,435
03/13/2021,SAT,TX,ASW,CE,Combined TRACON& Tower with Radar,140,43,76,8,267,0,3,12,0,15,140,46,88,8,282,0,0,0,282
03/14/2021,SAT,TX,ASW,CE,Combined TRACON& Tower with Radar,149,40,76,4,269,0,9,24,3,36,149,49,100,7,305,0,0,0,305
03/15/2021,SAT,TX,ASW,CE,Combined TRACON& Tower with Radar,169,47,110,6,332,0,8,66,8,82,169,55,176,14,414,0,0,0,414
03/16/2021,SAT,TX,ASW,CE,Combined TRACON& Tower with Radar,219,56,109,8,392,0,8,17,0,25,219,64,126,8,417,0,0,0,417
03/17/2021,SAT,TX,ASW,CE,Combined TRACON& Tower with Radar,230,65,107,5,407,0,8,30,2,40,230,73,137,7,447,0,0,0,447
03/18/2021,SAT,TX,ASW,CE,Combined TRACON& Tower with Radar,184,59,100,8,351,0,10,59,2,71,184,69,159,10,422,0,0,0,422
03/19/2021,SAT,TX,ASW,CE,Combined TRACON& Tower with Radar,191,51,113,8,363,0,15,82,2,99,191,66,195,10,462,0,0,0,462
03/20/2021,SAT,TX,ASW,CE,Combined TRACON& Tower with Radar,151,49,60,4,264,0,7,64,3,74,151,56,124,7,338,0,0,0,338
03/21/2021,SAT,TX,ASW,CE,Combined TRACON& Tower with Radar,188,33,87,6,314,0,10,53,2,65,188,43,140,8,379,0,0,0,379
03/22/2021,SAT,TX,ASW,CE,Combined TRACON& Tower with Radar,211,47,103,13,374,0,11,41,2,54,211,58,144,15,428,0,0,0,428
03/23/2021,SAT,TX,ASW,CE,Combined TRACON& Tower with Radar,207,67,101,9,384,0,7,84,3,94,207,74,185,12,478,0,0,0,478
03/24/2021,SAT,TX,ASW,CE,Combined TRACON& Tower with Radar,193,71,154,4,422,0,6,13,0,19,193,77,167,4,441,0,0,0,441
03/25/2021,SAT,TX,ASW,CE,Combined TRACON& Tower with Radar,182,62,116,24,384,0,13,51,6,70,182,75,167,30,454,0,0,0,454
03/26/2021,SAT,TX,ASW,CE,Combined TRACON& Tower with Radar,186,58,113,13,370,0,10,80,8,98,186,68,193,21,468,0,0,0,468
03/27/2021,SAT,TX,ASW,CE,Combined TRACON& Tower with Radar,163,45,71,17,296,0,5,30,0,35,163,50,101,17,331,0,0,0,331
03/28/2021,SAT,TX,ASW,CE,Combined TRACON& Tower with Radar,175,37,65,2,279,0,4,24,4,32,175,41,89,6,311,0,0,0,311
03/29/2021,SAT,TX,ASW,CE,Combined TRACON& Tower with Radar,185,67,98,6,356,0,3,64,9,76,185,70,162,15,432,0,0,0,432
03/30/2021,SAT,TX,ASW,CE,Combined TRACON& Tower with Radar,179,58,121,6,364,0,6,25,0,31,179,64,146,6,395,0,0,0,395
03/31/2021,SAT,TX,ASW,CE,Combined TRACON& Tower with Radar,175,62,124,8,369,0,2,28,0,30,175,64,152,8,399,0,0,0,399
04/01/2021,SAT,TX,ASW,CE,Combined TRACON& Tower with Radar,179,66,97,9,351,0,5,68,0,73,179,71,165,9,424,0,0,0,424
04/02/2021,SAT,TX,ASW,CE,Combined TRACON& Tower with Radar,193,51,102,4,350,0,8,81,3,92,193,59,183,7,442,0,0,0,442
04/03/2021,SAT,TX,ASW,CE,Combined TRACON& Tower with Radar,159,28,61,3,251,0,11,16,0,27,159,39,77,3,278,0,0,0,278
04/04/2021,SAT,TX,ASW,CE,Combined TRACON& Tower with Radar,172,66,79,2,319,0,12,27,1,40,172,78,106,3,359,0,0,0,359
04/05/2021,SAT,TX,ASW,CE,Combined TRACON& Tower with Radar,188,48,101,5,342,0,7,35,3,45,188,55,136,8,387,0,0,0,387
04/06/2021,SAT,TX,ASW,CE,Combined TRACON& Tower with Radar,190,54,114,3,361,0,9,37,1,47,190,63,151,4,408,0,0,0,408
04/07/2021,SAT,TX,ASW,CE,Combined TRACON& Tower with Radar,191,63,134,4,392,0,5,55,4,64,191,68,189,8,456,0,0,0,456
04/08/2021,SAT,TX,ASW,CE,Combined TRACON& Tower with Radar,192,56,122,26,396,0,12,58,6,76,192,68,180,32,472,0,0,0,472
04/09/2021,SAT,TX,ASW,CE,Combined TRACON& Tower with Radar,190,61,100,5,356,0,9,50,7,66,190,70,150,12,422,0,0,0,422
04/10/2021,SAT,TX,ASW,CE,Combined TRACON& Tower with Radar,165,28,63,1,257,0,9,49,2,60,165,37,112,3,317,0,0,0,317
04/11/2021,SAT,TX,ASW,CE,Combined TRACON& Tower with Radar,174,46,101,6,327,0,16,53,5,74,174,62,154,11,401,0,0,0,401
04/12/2021,SAT,TX,ASW,CE,Combined TRACON& Tower with Radar,184,45,103,7,339,0,8,38,0,46,184,53,141,7,385,0,0,0,385
04/13/2021,SAT,TX,ASW,CE,Combined TRACON& Tower with Radar,182,46,129,8,365,0,5,26,3,34,182,51,155,11,399,0,0,0,399
04/14/2021,SAT,TX,ASW,CE,Combined TRACON& Tower with Radar,176,72,117,17,382,0,7,27,1,35,176,79,144,18,417,0,0,0,417
04/15/2021,SAT,TX,ASW,CE,Combined TRACON& Tower with Radar,197,82,113,4,396,0,3,2,0,5,197,85,115,4,401,0,0,0,401
04/16/2021,SAT,TX,ASW,CE,Combined TRACON& Tower with Radar,185,75,109,3,372,0,0,2,0,2,185,75,111,3,374,0,0,0,374
04/17/2021,SAT,TX,ASW,CE,Combined TRACON& Tower with Radar,162,38,49,4,253,0,11,22,0,33,162,49,71,4,286,0,0,0,286
04/18/2021,SAT,TX,ASW,CE,Combined TRACON& Tower with Radar,177,42,74,7,300,0,13,32,2,47,177,55,106,9,347,0,0,0,347
04/19/2021,SAT,TX,ASW,CE,Combined TRACON& Tower with Radar,187,37,85,26,335,0,14,66,3,83,187,51,151,29,418,0,0,0,418
04/20/2021,SAT,TX,ASW,CE,Combined TRACON& Tower with Radar,177,48,93,15,333,0,10,61,13,84,177,58,154,28,417,0,0,0,417
04/21/2021,SAT,TX,ASW,CE,Combined TRACON& Tower with Radar,176,60,119,11,366,0,13,53,17,83,176,73,172,28,449,0,0,0,449
04/22/2021,SAT,TX,ASW,CE,Combined TRACON& Tower with Radar,198,51,133,9,391,0,3,20,4,27,198,54,153,13,418,0,0,0,418
04/23/2021,SAT,TX,ASW,CE,Combined TRACON& Tower with Radar,204,46,82,0,332,0,4,8,0,12,204,50,90,0,344,0,0,0,344
04/24/2021,SAT,TX,ASW,CE,Combined TRACON& Tower with Radar,159,39,63,2,263,0,20,33,4,57,159,59,96,6,320,0,0,0,320
04/25/2021,SAT,TX,ASW,CE,Combined TRACON& Tower with Radar,176,27,70,6,279,0,9,49,3,61,176,36,119,9,340,0,0,0,340
04/26/2021,SAT,TX,ASW,CE,Combined TRACON& Tower with Radar,188,55,94,3,340,0,3,49,4,56,188,58,143,7,396,0,0,0,396
04/27/2021,SAT,TX,ASW,CE,Combined TRACON& Tower with Radar,177,48,124,2,351,0,2,7,4,13,177,50,131,6,364,0,0,0,364
04/28/2021,SAT,TX,ASW,CE,Combined TRACON& Tower with Radar,163,39,101,7,310,0,6,19,2,27,163,45,120,9,337,0,0,0,337
04/29/2021,SAT,TX,ASW,CE,Combined TRACON& Tower with Radar,198,55,121,1,375,0,7,5,0,12,198,62,126,1,387,0,0,0,387
04/30/2021,SAT,TX,ASW,CE,Combined TRACON& Tower with Radar,195,46,74,12,327,0,3,2,0,5,195,49,76,12,332,0,0,0,332
05/01/2021,SAT,TX,ASW,CE,Combined TRACON& Tower with Radar,167,25,38,2,232,0,1,1,2,4,167,26,39,4,236,0,0,0,236
05/02/2021,SAT,TX,ASW,CE,Combined TRACON& Tower with Radar,184,25,69,3,281,0,5,63,0,68,184,30,132,3,349,0,0,0,349
05/03/2021,SAT,TX,ASW,CE,Combined TRACON& Tower with Radar,183,36,88,5,312,0,6,46,0,52,183,42,134,5,364,0,0,0,364
05/04/2021,SAT,TX,ASW,CE,Combined TRACON& Tower with Radar,180,46,128,9,363,0,8,33,6,47,180,54,161,15,410,0,0,0,410
05/05/2021,SAT,TX,ASW,CE,Combined TRACON& Tower with Radar,183,60,132,18,393,0,10,61,3,74,183,70,193,21,467,0,0,0,467
05/06/2021,SAT,TX,ASW,CE,Combined TRACON& Tower with Radar,196,46,134,6,382,0,8,47,5,60,196,54,181,11,442,0,0,0,442
05/07/2021,SAT,TX,ASW,CE,Combined TRACON& Tower with Radar,207,58,120,27,412,0,14,78,3,95,207,72,198,30,507,0,0,0,507
05/08/2021,SAT,TX,ASW,CE,Combined TRACON& Tower with Radar,171,30,62,7,270,0,10,20,22,52,171,40,82,29,322,0,0,0,322
05/09/2021,SAT,TX,ASW,CE,Combined TRACON& Tower with Radar,203,32,92,16,343,0,9,18,4,31,203,41,110,20,374,0,0,0,374
05/10/2021,SAT,TX,ASW,CE,Combined TRACON& Tower with Radar,197,30,100,8,335,0,4,19,1,24,197,34,119,9,359,0,0,0,359
05/11/2021,SAT,TX,ASW,CE,Combined TRACON& Tower with Radar,219,41,113,3,376,0,0,9,0,9,219,41,122,3,385,0,0,0,385
05/12/2021,SAT,TX,ASW,CE,Combined TRACON& Tower with Radar,201,51,118,12,382,0,10,20,0,30,201,61,138,12,412,0,0,0,412
05/13/2021,SAT,TX,ASW,CE,Combined TRACON& Tower with Radar,211,51,140,26,428,0,9,39,0,48,211,60,179,26,476,0,0,0,476
05/14/2021,SAT,TX,ASW,CE,Combined TRACON& Tower with Radar,223,59,105,9,396,0,22,64,8,94,223,81,169,17,490,0,0,0,490
05/15/2021,SAT,TX,ASW,CE,Combined TRACON& Tower with Radar,173,29,45,2,249,0,5,5,0,10,173,34,50,2,259,0,0,0,259
05/16/2021,SAT,TX,ASW,CE,Combined TRACON& Tower with Radar,199,45,88,11,343,0,6,10,12,28,199,51,98,23,371,0,0,0,371
05/17/2021,SAT,TX,ASW,CE,Combined TRACON& Tower with Radar,240,37,125,3,405,0,11,23,4,38,240,48,148,7,443,0,0,0,443
05/18/2021,SAT,TX,ASW,CE,Combined TRACON& Tower with Radar,210,44,75,3,332,0,5,20,0,25,210,49,95,3,357,0,0,0,357
05/19/2021,SAT,TX,ASW,CE,Combined TRACON& Tower with Radar,221,44,91,3,359,0,9,13,0,22,221,53,104,3,381,0,0,0,381
05/20/2021,SAT,TX,ASW,CE,Combined TRACON& Tower with Radar,218,57,123,5,403,0,13,58,7,78,218,70,181,12,481,0,0,0,481
05/21/2021,SAT,TX,ASW,CE,Combined TRACON& Tower with Radar,219,63,95,17,394,0,3,39,0,42,219,66,134,17,436,0,0,0,436
05/22/2021,SAT,TX,ASW,CE,Combined TRACON& Tower with Radar,179,32,37,8,256,0,8,6,1,15,179,40,43,9,271,0,0,0,271
05/23/2021,SAT,TX,ASW,CE,Combined TRACON& Tower with Radar,205,38,78,8,329,0,8,2,1,11,205,46,80,9,340,0,0,0,340
05/24/2021,SAT,TX,ASW,CE,Combined TRACON& Tower with Radar,237,36,97,4,374,0,10,23,0,33,237,46,120,4,407,0,0,0,407
05/25/2021,SAT,TX,ASW,CE,Combined TRACON& Tower with Radar,213,52,100,8,373,0,8,26,2,36,213,60,126,10,409,0,0,0,409
05/26/2021,SAT,TX,ASW,CE,Combined TRACON& Tower with Radar,208,44,110,8,370,0,7,39,0,46,208,51,149,8,416,0,0,0,416
05/27/2021,SAT,TX,ASW,CE,Combined TRACON& Tower with Radar,213,60,131,10,414,0,8,49,2,59,213,68,180,12,473,0,0,0,473
05/28/2021,SAT,TX,ASW,CE,Combined TRACON& Tower with Radar,211,65,113,4,393,0,5,35,0,40,211,70,148,4,433,0,0,0,433
05/29/2021,SAT,TX,ASW,CE,Combined TRACON& Tower with Radar,183,40,62,0,285,0,7,28,0,35,183,47,90,0,320,0,0,0,320
05/30/2021,SAT,TX,ASW,CE,Combined TRACON& Tower with Radar,208,24,55,7,294,0,6,8,1,15,208,30,63,8,309,0,0,0,309
05/31/2021,SAT,TX,ASW,CE,Combined TRACON& Tower with Radar,196,38,97,6,337,0,4,36,2,42,196,42,133,8,379,0,0,0,379
06/01/2021,SAT,TX,ASW,CE,Combined TRACON& Tower with Radar,205,36,114,10,365,0,9,36,2,47,205,45,150,12,412,0,0,0,412
06/02/2021,SAT,TX,ASW,CE,Combined TRACON& Tower with Radar,227,44,104,9,384,0,16,52,6,74,227,60,156,15,458,0,0,0,458
06/03/2021,SAT,TX,ASW,CE,Combined TRACON& Tower with Radar,227,51,91,1,370,0,10,8,0,18,227,61,99,1,388,0,0,0,388
06/04/2021,SAT,TX,ASW,CE,Combined TRACON& Tower with Radar,222,61,94,19,396,0,14,28,2,44,222,75,122,21,440,0,0,0,440
06/05/2021,SAT,TX,ASW,CE,Combined TRACON& Tower with Radar,198,27,74,6,305,0,7,15,1,23,198,34,89,7,328,0,0,0,328
06/06/2021,SAT,TX,ASW,CE,Combined TRACON& Tower with Radar,216,35,59,4,314,0,14,11,6,31,216,49,70,10,345,0,0,0,345
06/07/2021,SAT,TX,ASW,CE,Combined TRACON& Tower with Radar,220,42,97,10,369,0,5,35,3,43,220,47,132,13,412,0,0,0,412
06/08/2021,SAT,TX,ASW,CE,Combined TRACON& Tower with Radar,227,49,104,7,387,0,5,24,3,32,227,54,128,10,419,0,0,0,419
06/09/2021,SAT,TX,ASW,CE,Combined TRACON& Tower with Radar,237,48,117,4,406,0,6,31,0,37,237,54,148,4,443,0,0,0,443
06/10/2021,SAT,TX,ASW,CE,Combined TRACON& Tower with Radar,220,52,115,5,392,0,9,36,2,47,220,61,151,7,439,0,0,0,439
06/11/2021,SAT,TX,ASW,CE,Combined TRACON& Tower with Radar,219,57,98,23,397,0,7,67,2,76,219,64,165,25,473,0,0,0,473
06/12/2021,SAT,TX,ASW,CE,Combined TRACON& Tower with Radar,203,47,56,15,321,0,24,24,7,55,203,71,80,22,376,0,0,0,376
06/13/2021,SAT,TX,ASW,CE,Combined TRACON& Tower with Radar,210,25,94,18,347,0,6,35,6,47,210,31,129,24,394,0,0,0,394
06/14/2021,SAT,TX,ASW,CE,Combined TRACON& Tower with Radar,209,34,90,12,345,0,12,51,7,70,209,46,141,19,415,0,0,0,415
06/15/2021,SAT,TX,ASW,CE,Combined TRACON& Tower with Radar,213,48,90,2,353,0,5,42,3,50,213,53,132,5,403,0,0,0,403
06/16/2021,SAT,TX,ASW,CE,Combined TRACON& Tower with Radar,220,44,90,15,369,0,15,61,4,80,220,59,151,19,449,0,0,0,449
06/17/2021,SAT,TX,ASW,CE,Combined TRACON& Tower with Radar,219,50,133,10,412,0,8,74,8,90,219,58,207,18,502,0,0,0,502
06/18/2021,SAT,TX,ASW,CE,Combined TRACON& Tower with Radar,215,43,113,6,377,0,7,64,1,72,215,50,177,7,449,0,0,0,449
06/19/2021,SAT,TX,ASW,CE,Combined TRACON& Tower with Radar,192,24,65,1,282,0,9,36,2,47,192,33,101,3,329,0,0,0,329
06/20/2021,SAT,TX,ASW,CE,Combined TRACON& Tower with Radar,209,24,88,22,343,0,13,32,7,52,209,37,120,29,395,0,0,0,395
06/21/2021,SAT,TX,ASW,CE,Combined TRACON& Tower with Radar,204,48,97,15,364,0,8,32,2,42,204,56,129,17,406,0,0,0,406
06/22/2021,SAT,TX,ASW,CE,Combined TRACON& Tower with Radar,227,48,122,9,406,0,2,32,0,34,227,50,154,9,440,0,0,0,440
06/23/2021,SAT,TX,ASW,CE,Combined TRACON& Tower with Radar,217,59,116,26,418,0,16,46,5,67,217,75,162,31,485,0,0,0,485
06/24/2021,SAT,TX,ASW,CE,Combined TRACON& Tower with Radar,217,64,110,11,402,0,9,57,1,67,217,73,167,12,469,0,0,0,469
06/25/2021,SAT,TX,ASW,CE,Combined TRACON& Tower with Radar,213,52,106,24,395,0,7,43,0,50,213,59,149,24,445,0,0,0,445
06/26/2021,SAT,TX,ASW,CE,Combined TRACON& Tower with Radar,187,33,63,21,304,0,10,26,2,38,187,43,89,23,342,0,0,0,342
06/27/2021,SAT,TX,ASW,CE,Combined TRACON& Tower with Radar,208,37,58,13,316,0,3,24,2,29,208,40,82,15,345,0,0,0,345
06/28/2021,SAT,TX,ASW,CE,Combined TRACON& Tower with Radar,213,34,84,8,339,0,6,29,1,36,213,40,113,9,375,0,0,0,375
06/29/2021,SAT,TX,ASW,CE,Combined TRACON& Tower with Radar,225,46,119,4,394,0,7,19,2,28,225,53,138,6,422,0,0,0,422
06/30/2021,SAT,TX,ASW,CE,Combined TRACON& Tower with Radar,215,46,121,4,386,0,4,24,5,33,215,50,145,9,419,0,0,0,419
07/01/2021,SAT,TX,ASW,CE,Combined TRACON& Tower with Radar,226,64,97,8,395,0,14,56,10,80,226,78,153,18,475,0,0,0,475
07/02/2021,SAT,TX,ASW,CE,Combined TRACON& Tower with Radar,203,49,97,6,355,0,7,68,1,76,203,56,165,7,431,0,0,0,431
07/03/2021,SAT,TX,ASW,CE,Combined TRACON& Tower with Radar,203,36,39,0,278,0,11,26,0,37,203,47,65,0,315,0,0,0,315
07/04/2021,SAT,TX,ASW,CE,Combined TRACON& Tower with Radar,198,27,37,0,262,0,3,6,0,9,198,30,43,0,271,0,0,0,271
07/05/2021,SAT,TX,ASW,CE,Combined TRACON& Tower with Radar,200,40,73,0,313,0,5,3,1,9,200,45,76,1,322,0,0,0,322
07/06/2021,SAT,TX,ASW,CE,Combined TRACON& Tower with Radar,209,38,80,5,332,0,1,20,0,21,209,39,100,5,353,0,0,0,353
07/07/2021,SAT,TX,ASW,CE,Combined TRACON& Tower with Radar,214,29,71,12,326,0,4,21,0,25,214,33,92,12,351,0,0,0,351
07/08/2021,SAT,TX,ASW,CE,Combined TRACON& Tower with Radar,212,57,96,2,367,0,4,20,0,24,212,61,116,2,391,0,0,0,391
07/09/2021,SAT,TX,ASW,CE,Combined TRACON& Tower with Radar,213,44,109,3,369,0,1,3,0,4,213,45,112,3,373,0,0,0,373
07/10/2021,SAT,TX,ASW,CE,Combined TRACON& Tower with Radar,206,41,69,13,329,0,4,19,0,23,206,45,88,13,352,0,0,0,352
07/11/2021,SAT,TX,ASW,CE,Combined TRACON& Tower with Radar,199,26,90,19,334,0,1,38,8,47,199,27,128,27,381,0,0,0,381
07/12/2021,SAT,TX,ASW,CE,Combined TRACON& Tower with Radar,215,32,103,11,361,0,4,52,0,56,215,36,155,11,417,0,0,0,417
07/13/2021,SAT,TX,ASW,CE,Combined TRACON& Tower with Radar,218,44,115,11,388,0,3,43,0,46,218,47,158,11,434,0,0,0,434
07/14/2021,SAT,TX,ASW,CE,Combined TRACON& Tower with Radar,217,42,118,8,385,0,4,85,1,90,217,46,203,9,475,0,0,0,475
07/15/2021,SAT,TX,ASW,CE,Combined TRACON& Tower with Radar,221,44,101,6,372,0,9,70,1,80,221,53,171,7,452,0,0,0,452
07/16/2021,SAT,TX,ASW,CE,Combined TRACON& Tower with Radar,220,72,88,12,392,0,5,111,10,126,220,77,199,22,518,0,0,0,518
07/17/2021,SAT,TX,ASW,CE,Combined TRACON& Tower with Radar,191,42,65,8,306,0,11,27,2,40,191,53,92,10,346,0,0,0,346
07/18/2021,SAT,TX,ASW,CE,Combined TRACON& Tower with Radar,222,49,93,11,375,0,4,20,8,32,222,53,113,19,407,0,0,0,407
07/19/2021,SAT,TX,ASW,CE,Combined TRACON& Tower with Radar,227,48,74,7,356,0,3,43,0,46,227,51,117,7,402,0,0,0,402
07/20/2021,SAT,TX,ASW,CE,Combined TRACON& Tower with Radar,217,36,102,2,357,0,6,50,6,62,217,42,152,8,419,0,0,0,419
07/21/2021,SAT,TX,ASW,CE,Combined TRACON& Tower with Radar,223,59,126,7,415,0,4,55,4,63,223,63,181,11,478,0,0,0,478
07/22/2021,SAT,TX,ASW,CE,Combined TRACON& Tower with Radar,218,52,110,6,386,0,4,54,5,63,218,56,164,11,449,0,0,0,449
07/23/2021,SAT,TX,ASW,CE,Combined TRACON& Tower with Radar,213,54,125,17,409,0,8,45,5,58,213,62,170,22,467,0,0,0,467
07/24/2021,SAT,TX,ASW,CE,Combined TRACON& Tower with Radar,198,34,50,18,300,0,10,28,7,45,198,44,78,25,345,0,0,0,345
07/25/2021,SAT,TX,ASW,CE,Combined TRACON& Tower with Radar,212,41,84,7,344,0,8,49,3,60,212,49,133,10,404,0,0,0,404
07/26/2021,SAT,TX,ASW,CE,Combined TRACON& Tower with Radar,214,45,84,5,348,0,9,45,1,55,214,54,129,6,403,0,0,0,403
07/27/2021,SAT,TX,ASW,CE,Combined TRACON& Tower with Radar,217,57,88,8,370,0,2,45,4,51,217,59,133,12,421,0,0,0,421
07/28/2021,SAT,TX,ASW,CE,Combined TRACON& Tower with Radar,217,50,107,2,376,0,1,50,0,51,217,51,157,2,427,0,0,0,427
07/29/2021,SAT,TX,ASW,CE,Combined TRACON& Tower with Radar,222,57,94,7,380,0,1,51,3,55,222,58,145,10,435,0,0,0,435
07/30/2021,SAT,TX,ASW,CE,Combined TRACON& Tower with Radar,221,46,74,16,357,0,4,55,1,60,221,50,129,17,417,0,0,0,417
07/31/2021,SAT,TX,ASW,CE,Combined TRACON& Tower with Radar,192,43,52,9,296,0,5,25,3,33,192,48,77,12,329,0,0,0,329
08/01/2021,SAT,TX,ASW,CE,Combined TRACON& Tower with Radar,206,32,80,8,326,0,0,38,2,40,206,32,118,10,366,0,0,0,366
08/02/2021,SAT,TX,ASW,CE,Combined TRACON& Tower with Radar,209,45,87,0,341,0,1,19,1,21,209,46,106,1,362,0,0,0,362
08/03/2021,SAT,TX,ASW,CE,Combined TRACON& Tower with Radar,204,47,92,9,352,0,7,36,2,45,204,54,128,11,397,0,0,0,397
08/04/2021,SAT,TX,ASW,CE,Combined TRACON& Tower with Radar,220,44,80,8,352,0,8,35,2,45,220,52,115,10,397,0,0,0,397
08/05/2021,SAT,TX,ASW,CE,Combined TRACON& Tower with Radar,223,52,86,6,367,0,9,26,2,37,223,61,112,8,404,0,0,0,404
08/06/2021,SAT,TX,ASW,CE,Combined TRACON& Tower with Radar,217,59,116,12,404,0,8,36,6,50,217,67,152,18,454,0,0,0,454
08/07/2021,SAT,TX,ASW,CE,Combined TRACON& Tower with Radar,197,44,69,5,315,0,2,31,1,34,197,46,100,6,349,0,0,0,349
08/08/2021,SAT,TX,ASW,CE,Combined TRACON& Tower with Radar,218,37,76,10,341,0,7,40,3,50,218,44,116,13,391,0,0,0,391
08/09/2021,SAT,TX,ASW,CE,Combined TRACON& Tower with Radar,211,37,85,7,340,0,8,34,2,44,211,45,119,9,384,0,0,0,384
08/10/2021,SAT,TX,ASW,CE,Combined TRACON& Tower with Radar,226,45,91,11,373,0,11,33,2,46,226,56,124,13,419,0,0,0,419
08/11/2021,SAT,TX,ASW,CE,Combined TRACON& Tower with Radar,219,50,91,11,371,0,6,36,1,43,219,56,127,12,414,0,0,0,414
08/12/2021,SAT,TX,ASW,CE,Combined TRACON& Tower with Radar,219,45,115,14,393,0,5,57,4,66,219,50,172,18,459,0,0,0,459
08/13/2021,SAT,TX,ASW,CE,Combined TRACON& Tower with Radar,216,59,94,13,382,0,5,45,4,54,216,64,139,17,436,0,0,0,436
08/14/2021,SAT,TX,ASW,CE,Combined TRACON& Tower with Radar,197,44,67,15,323,0,5,34,10,49,197,49,101,25,372,0,0,0,372
08/15/2021,SAT,TX,ASW,CE,Combined TRACON& Tower with Radar,224,49,80,16,369,0,4,26,4,34,224,53,106,20,403,0,0,0,403
08/16/2021,SAT,TX,ASW,CE,Combined TRACON& Tower with Radar,219,58,84,7,368,0,8,25,0,33,219,66,109,7,401,0,0,0,401
08/17/2021,SAT,TX,ASW,CE,Combined TRACON& Tower with Radar,235,43,108,8,394,0,4,39,0,43,235,47,147,8,437,0,0,0,437
08/18/2021,SAT,TX,ASW,CE,Combined TRACON& Tower with Radar,222,73,83,16,394,0,5,28,0,33,222,78,111,16,427,0,0,0,427
08/19/2021,SAT,TX,ASW,CE,Combined TRACON& Tower with Radar,221,47,117,15,400,0,5,39,5,49,221,52,156,20,449,0,0,0,449
08/20/2021,SAT,TX,ASW,CE,Combined TRACON& Tower with Radar,224,64,105,10,403,0,5,51,6,62,224,69,156,16,465,0,0,0,465
08/21/2021,SAT,TX,ASW,CE,Combined TRACON& Tower with Radar,204,37,52,14,307,0,8,22,4,34,204,45,74,18,341,0,0,0,341
08/22/2021,SAT,TX,ASW,CE,Combined TRACON& Tower with Radar,215,41,85,10,351,0,2,57,2,61,215,43,142,12,412,0,0,0,412
08/23/2021,SAT,TX,ASW,CE,Combined TRACON& Tower with Radar,218,26,104,12,360,0,5,45,0,50,218,31,149,12,410,0,0,0,410
08/24/2021,SAT,TX,ASW,CE,Combined TRACON& Tower with Radar,215,44,80,10,349,0,1,56,7,64,215,45,136,17,413,0,0,0,413
08/25/2021,SAT,TX,ASW,CE,Combined TRACON& Tower with Radar,221,70,112,11,414,0,8,44,7,59,221,78,156,18,473,0,0,0,473
08/26/2021,SAT,TX,ASW,CE,Combined TRACON& Tower with Radar,221,59,100,7,387,0,8,41,4,53,221,67,141,11,440,0,0,0,440
08/27/2021,SAT,TX,ASW,CE,Combined TRACON& Tower with Radar,223,70,74,8,375,0,7,44,9,60,223,77,118,17,435,0,0,0,435
08/28/2021,SAT,TX,ASW,CE,Combined TRACON& Tower with Radar,196,26,69,20,311,0,5,19,4,28,196,31,88,24,339,0,0,0,339
08/29/2021,SAT,TX,ASW,CE,Combined TRACON& Tower with Radar,208,31,53,21,313,0,5,18,6,29,208,36,71,27,342,0,0,0,342
08/30/2021,SAT,TX,ASW,CE,Combined TRACON& Tower with Radar,216,38,70,4,328,0,5,36,2,43,216,43,106,6,371,0,0,0,371
08/31/2021,SAT,TX,ASW,CE,Combined TRACON& Tower with Radar,220,45,78,14,357,0,6,51,5,62,220,51,129,19,419,0,0,0,419
09/01/2021,SAT,TX,ASW,CE,Combined TRACON& Tower with Radar,212,40,85,10,347,0,9,38,3,50,212,49,123,13,397,0,0,0,397
09/02/2021,SAT,TX,ASW,CE,Combined TRACON& Tower with Radar,234,70,90,2,396,0,10,50,2,62,234,80,140,4,458,0,0,0,458
09/03/2021,SAT,TX,ASW,CE,Combined TRACON& Tower with Radar,225,60,93,9,387,0,10,42,2,54,225,70,135,11,441,0,0,0,441
09/04/2021,SAT,TX,ASW,CE,Combined TRACON& Tower with Radar,192,33,48,3,276,0,18,30,7,55,192,51,78,10,331,0,0,0,331
09/05/2021,SAT,TX,ASW,CE,Combined TRACON& Tower with Radar,212,22,46,2,282,0,7,27,2,36,212,29,73,4,318,0,0,0,318
09/06/2021,SAT,TX,ASW,CE,Combined TRACON& Tower with Radar,213,33,62,4,312,0,1,35,0,36,213,34,97,4,348,0,0,0,348
09/07/2021,SAT,TX,ASW,CE,Combined TRACON& Tower with Radar,205,45,74,12,336,0,11,55,4,70,205,56,129,16,406,0,0,0,406
09/08/2021,SAT,TX,ASW,CE,Combined TRACON& Tower with Radar,218,57,92,16,383,0,6,34,7,47,218,63,126,23,430,0,0,0,430
09/09/2021,SAT,TX,ASW,CE,Combined TRACON& Tower with Radar,246,49,97,13,405,0,10,60,3,73,246,59,157,16,478,0,0,0,478
09/10/2021,SAT,TX,ASW,CE,Combined TRACON& Tower with Radar,229,52,105,9,395,0,9,82,5,96,229,61,187,14,491,0,0,0,491
09/11/2021,SAT,TX,ASW,CE,Combined TRACON& Tower with Radar,188,33,58,7,286,0,17,48,4,69,188,50,106,11,355,0,0,0,355
09/12/2021,SAT,TX,ASW,CE,Combined TRACON& Tower with Radar,219,38,67,10,334,0,2,30,6,38,219,40,97,16,372,0,0,0,372
09/13/2021,SAT,TX,ASW,CE,Combined TRACON& Tower with Radar,224,40,110,6,380,0,6,28,3,37,224,46,138,9,417,0,0,0,417
09/14/2021,SAT,TX,ASW,CE,Combined TRACON& Tower with Radar,216,49,94,6,365,0,3,44,2,49,216,52,138,8,414,0,0,0,414
09/15/2021,SAT,TX,ASW,CE,Combined TRACON& Tower with Radar,215,64,103,11,393,0,6,39,3,48,215,70,142,14,441,0,0,0,441
09/16/2021,SAT,TX,ASW,CE,Combined TRACON& Tower with Radar,246,69,135,4,454,0,9,96,3,108,246,78,231,7,562,0,0,0,562
09/17/2021,SAT,TX,ASW,CE,Combined TRACON& Tower with Radar,230,58,89,12,389,0,9,60,1,70,230,67,149,13,459,0,0,0,459
09/18/2021,SAT,TX,ASW,CE,Combined TRACON& Tower with Radar,207,30,67,6,310,0,3,45,5,53,207,33,112,11,363,0,0,0,363
09/19/2021,SAT,TX,ASW,CE,Combined TRACON& Tower with Radar,231,39,93,14,377,0,6,51,1,58,231,45,144,15,435,0,0,0,435
09/20/2021,SAT,TX,ASW,CE,Combined TRACON& Tower with Radar,230,39,81,8,358,0,6,45,2,53,230,45,126,10,411,0,0,0,411
09/21/2021,SAT,TX,ASW,CE,Combined TRACON& Tower with Radar,224,52,94,13,383,0,5,47,3,55,224,57,141,16,438,0,0,0,438
09/22/2021,SAT,TX,ASW,CE,Combined TRACON& Tower with Radar,211,53,128,12,404,0,16,71,6,93,211,69,199,18,497,0,0,0,497
09/23/2021,SAT,TX,ASW,CE,Combined TRACON& Tower with Radar,236,58,130,18,442,0,16,72,4,92,236,74,202,22,534,0,0,0,534
09/24/2021,SAT,TX,ASW,CE,Combined TRACON& Tower with Radar,233,52,89,6,380,0,8,68,1,77,233,60,157,7,457,0,0,0,457
09/25/2021,SAT,TX,ASW,CE,Combined TRACON& Tower with Radar,196,33,46,1,276,0,10,46,1,57,196,43,92,2,333,0,0,0,333
09/26/2021,SAT,TX,ASW,CE,Combined TRACON& Tower with Radar,217,35,97,1,350,0,4,43,2,49,217,39,140,3,399,0,0,0,399
09/27/2021,SAT,TX,ASW,CE,Combined TRACON& Tower with Radar,220,56,106,4,386,0,8,47,0,55,220,64,153,4,441,0,0,0,441
09/28/2021,SAT,TX,ASW,CE,Combined TRACON& Tower with Radar,218,65,111,14,408,0,8,32,4,44,218,73,143,18,452,0,0,0,452
09/29/2021,SAT,TX,ASW,CE,Combined TRACON& Tower with Radar,219,65,119,4,407,0,0,28,1,29,219,65,147,5,436,0,0,0,436
09/30/2021,SAT,TX,ASW,CE,Combined TRACON& Tower with Radar,242,58,121,8,429,1,2,34,2,39,243,60,155,10,468,0,0,0,468
10/01/2021,SAT,TX,ASW,CE,Combined TRACON& Tower with Radar,229,62,83,1,375,0,3,33,2,38,229,65,116,3,413,0,0,0,413
10/02/2021,SAT,TX,ASW,CE,Combined TRACON& Tower with Radar,194,43,58,6,301,0,3,12,2,17,194,46,70,8,318,0,0,0,318
10/03/2021,SAT,TX,ASW,CE,Combined TRACON& Tower with Radar,220,37,79,4,340,0,11,36,1,48,220,48,115,5,388,0,0,0,388
10/04/2021,SAT,TX,ASW,CE,Combined TRACON& Tower with Radar,222,58,97,3,380,0,3,68,0,71,222,61,165,3,451,0,0,0,451
10/05/2021,SAT,TX,ASW,CE,Combined TRACON& Tower with Radar,216,81,89,3,389,0,8,57,3,68,216,89,146,6,457,0,0,0,457
10/06/2021,SAT,TX,ASW,CE,Combined TRACON& Tower with Radar,215,62,109,9,395,0,2,91,1,94,215,64,200,10,489,0,0,0,489
10/07/2021,SAT,TX,ASW,CE,Combined TRACON& Tower with Radar,238,62,126,5,431,0,5,89,1,95,238,67,215,6,526,0,0,0,526
10/08/2021,SAT,TX,ASW,CE,Combined TRACON& Tower with Radar,232,65,90,3,390,0,6,65,2,73,232,71,155,5,463,0,0,0,463
10/09/2021,SAT,TX,ASW,CE,Combined TRACON& Tower with Radar,189,46,57,2,294,0,3,45,0,48,189,49,102,2,342,0,0,0,342
10/10/2021,SAT,TX,ASW,CE,Combined TRACON& Tower with Radar,188,47,93,3,331,0,2,26,1,29,188,49,119,4,360,0,0,0,360
10/11/2021,SAT,TX,ASW,CE,Combined TRACON& Tower with Radar,215,55,101,6,377,0,10,56,4,70,215,65,157,10,447,0,0,0,447
10/12/2021,SAT,TX,ASW,CE,Combined TRACON& Tower with Radar,223,68,115,6,412,0,0,8,3,11,223,68,123,9,423,0,0,0,423
10/13/2021,SAT,TX,ASW,CE,Combined TRACON& Tower with Radar,203,53,82,2,340,0,3,27,0,30,203,56,109,2,370,0,0,0,370
10/14/2021,SAT,TX,ASW,CE,Combined TRACON& Tower with Radar,245,49,115,10,419,0,5,38,2,45,245,54,153,12,464,0,0,0,464
10/15/2021,SAT,TX,ASW,CE,Combined TRACON& Tower with Radar,241,58,109,12,420,0,4,17,0,21,241,62,126,12,441,0,0,0,441
10/16/2021,SAT,TX,ASW,CE,Combined TRACON& Tower with Radar,191,34,68,17,310,0,4,35,4,43,191,38,103,21,353,0,0,0,353
10/17/2021,SAT,TX,ASW,CE,Combined TRACON& Tower with Radar,214,32,83,14,343,0,2,41,1,44,214,34,124,15,387,0,0,0,387
10/18/2021,SAT,TX,ASW,CE,Combined TRACON& Tower with Radar,216,38,95,7,356,0,9,63,3,75,216,47,158,10,431,0,0,0,431
10/19/2021,SAT,TX,ASW,CE,Combined TRACON& Tower with Radar,219,51,114,7,391,0,9,38,4,51,219,60,152,11,442,0,0,0,442
10/20/2021,SAT,TX,ASW,CE,Combined TRACON& Tower with Radar,223,53,164,13,453,0,7,45,6,58,223,60,209,19,511,0,0,0,511
10/21/2021,SAT,TX,ASW,CE,Combined TRACON& Tower with Radar,245,72,123,12,452,0,6,52,5,63,245,78,175,17,515,0,0,0,515
10/22/2021,SAT,TX,ASW,CE,Combined TRACON& Tower with Radar,239,58,125,9,431,0,9,72,8,89,239,67,197,17,520,0,0,0,520
10/23/2021,SAT,TX,ASW,CE,Combined TRACON& Tower with Radar,195,31,82,10,318,0,9,25,3,37,195,40,107,13,355,0,0,0,355
10/24/2021,SAT,TX,ASW,CE,Combined TRACON& Tower with Radar,222,48,139,11,420,0,7,32,3,42,222,55,171,14,462,0,0,0,462
10/25/2021,SAT,TX,ASW,CE,Combined TRACON& Tower with Radar,230,54,121,4,409,0,8,38,2,48,230,62,159,6,457,0,0,0,457
10/26/2021,SAT,TX,ASW,CE,Combined TRACON& Tower with Radar,227,64,123,8,422,0,12,32,0,44,227,76,155,8,466,0,0,0,466
10/27/2021,SAT,TX,ASW,CE,Combined TRACON& Tower with Radar,225,57,96,1,379,0,6,50,2,58,225,63,146,3,437,0,0,0,437
10/28/2021,SAT,TX,ASW,CE,Combined TRACON& Tower with Radar,224,72,129,12,437,0,16,57,7,80,224,88,186,19,517,0,0,0,517
10/29/2021,SAT,TX,ASW,CE,Combined TRACON& Tower with Radar,235,63,107,17,422,0,5,55,6,66,235,68,162,23,488,0,0,0,488
10/30/2021,SAT,TX,ASW,CE,Combined TRACON& Tower with Radar,178,38,72,7,295,0,10,41,1,52,178,48,113,8,347,0,0,0,347
10/31/2021,SAT,TX,ASW,CE,Combined TRACON& Tower with Radar,197,41,63,6,307,0,1,44,3,48,197,42,107,9,355,0,0,0,355
11/01/2021,SAT,TX,ASW,CE,Combined TRACON& Tower with Radar,218,49,107,6,380,0,3,46,0,49,218,52,153,6,429,0,0,0,429
11/02/2021,SAT,TX,ASW,CE,Combined TRACON& Tower with Radar,219,91,120,14,444,0,6,28,0,34,219,97,148,14,478,0,0,0,478
11/03/2021,SAT,TX,ASW,CE,Combined TRACON& Tower with Radar,235,76,126,2,439,0,3,7,0,10,235,79,133,2,449,0,0,0,449
11/04/2021,SAT,TX,ASW,CE,Combined TRACON& Tower with Radar,241,67,132,7,447,0,4,17,3,24,241,71,149,10,471,0,0,0,471
11/05/2021,SAT,TX,ASW,CE,Combined TRACON& Tower with Radar,235,38,79,15,367,0,3,56,0,59,235,41,135,15,426,0,0,0,426
11/06/2021,SAT,TX,ASW,CE,Combined TRACON& Tower with Radar,196,19,58,8,281,0,5,49,3,57,196,24,107,11,338,0,0,0,338
11/07/2021,SAT,TX,ASW,CE,Combined TRACON& Tower with Radar,218,49,106,13,386,0,8,36,1,45,218,57,142,14,431,0,0,0,431
11/08/2021,SAT,TX,ASW,CE,Combined TRACON& Tower with Radar,234,57,100,5,396,0,5,52,3,60,234,62,152,8,456,0,0,0,456
11/09/2021,SAT,TX,ASW,CE,Combined TRACON& Tower with Radar,215,49,110,6,380,0,9,44,0,53,215,58,154,6,433,0,0,0,433
11/10/2021,SAT,TX,ASW,CE,Combined TRACON& Tower with Radar,222,68,115,7,412,0,9,48,6,63,222,77,163,13,475,0,0,0,475
11/11/2021,SAT,TX,ASW,CE,Combined TRACON& Tower with Radar,246,79,120,2,447,0,11,68,0,79,246,90,188,2,526,0,0,0,526
11/12/2021,SAT,TX,ASW,CE,Combined TRACON& Tower with Radar,248,81,101,15,445,0,9,97,2,108,248,90,198,17,553,0,0,0,553
11/13/2021,SAT,TX,ASW,CE,Combined TRACON& Tower with Radar,203,47,74,13,337,0,8,47,2,57,203,55,121,15,394,0,0,0,394
11/14/2021,SAT,TX,ASW,CE,Combined TRACON& Tower with Radar,227,45,101,12,385,0,7,49,2,58,227,52,150,14,443,0,0,0,443
11/15/2021,SAT,TX,ASW,CE,Combined TRACON& Tower with Radar,240,50,103,7,400,0,6,46,2,54,240,56,149,9,454,0,0,0,454
11/16/2021,SAT,TX,ASW,CE,Combined TRACON& Tower with Radar,211,40,120,7,378,0,3,40,1,44,211,43,160,8,422,0,0,0,422
11/17/2021,SAT,TX,ASW,CE,Combined TRACON& Tower with Radar,214,65,132,4,415,0,7,52,2,61,214,72,184,6,476,0,0,0,476
11/18/2021,SAT,TX,ASW,CE,Combined TRACON& Tower with Radar,245,60,124,7,436,0,12,41,2,55,245,72,165,9,491,0,0,0,491
11/19/2021,SAT,TX,ASW,CE,Combined TRACON& Tower with Radar,248,67,114,14,443,0,6,93,2,101,248,73,207,16,544,0,0,0,544
11/20/2021,SAT,TX,ASW,CE,Combined TRACON& Tower with Radar,212,31,110,8,361,0,5,20,1,26,212,36,130,9,387,0,0,0,387
11/21/2021,SAT,TX,ASW,CE,Combined TRACON& Tower with Radar,219,24,72,0,315,0,1,14,1,16,219,25,86,1,331,0,0,0,331
11/22/2021,SAT,TX,ASW,CE,Combined TRACON& Tower with Radar,246,45,98,2,391,0,2,57,2,61,246,47,155,4,452,0,0,0,452
11/23/2021,SAT,TX,ASW,CE,Combined TRACON& Tower with Radar,240,73,108,9,430,0,2,87,3,92,240,75,195,12,522,0,0,0,522
11/24/2021,SAT,TX,ASW,CE,Combined TRACON& Tower with Radar,245,53,90,2,390,0,5,34,0,39,245,58,124,2,429,0,0,0,429
11/25/2021,SAT,TX,ASW,CE,Combined TRACON& Tower with Radar,149,29,22,0,200,0,1,8,0,9,149,30,30,0,209,0,0,0,209
11/26/2021,SAT,TX,ASW,CE,Combined TRACON& Tower with Radar,195,45,52,4,296,0,10,42,2,54,195,55,94,6,350,0,0,0,350
11/27/2021,SAT,TX,ASW,CE,Combined TRACON& Tower with Radar,229,54,73,0,356,0,4,3,0,7,229,58,76,0,363,0,0,0,363
11/28/2021,SAT,TX,ASW,CE,Combined TRACON& Tower with Radar,234,46,122,1,403,0,8,55,1,64,234,54,177,2,467,0,0,0,467
11/29/2021,SAT,TX,ASW,CE,Combined TRACON& Tower with Radar,245,49,79,8,381,0,9,62,2,73,245,58,141,10,454,0,0,0,454
11/30/2021,SAT,TX,ASW,CE,Combined TRACON& Tower with Radar,240,50,110,10,410,0,4,52,7,63,240,54,162,17,473,0,0,0,473
12/01/2021,SAT,TX,ASW,CE,Combined TRACON& Tower with Radar,215,59,116,7,397,0,4,41,2,47,215,63,157,9,444,0,0,0,444
12/02/2021,SAT,TX,ASW,CE,Combined TRACON& Tower with Radar,214,65,136,2,417,0,8,25,4,37,214,73,161,6,454,0,0,0,454
12/03/2021,SAT,TX,ASW,CE,Combined TRACON& Tower with Radar,243,64,133,12,452,0,8,25,2,35,243,72,158,14,487,0,0,0,487
12/04/2021,SAT,TX,ASW,CE,Combined TRACON& Tower with Radar,187,55,74,15,331,0,0,27,0,27,187,55,101,15,358,0,0,0,358
12/05/2021,SAT,TX,ASW,CE,Combined TRACON& Tower with Radar,212,54,117,12,395,0,1,9,0,10,212,55,126,12,405,0,0,0,405
12/06/2021,SAT,TX,ASW,CE,Combined TRACON& Tower with Radar,210,48,102,4,364,0,2,27,1,30,210,50,129,5,394,0,0,0,394
12/07/2021,SAT,TX,ASW,CE,Combined TRACON& Tower with Radar,203,53,132,5,393,0,2,47,1,50,203,55,179,6,443,0,0,0,443
12/08/2021,SAT,TX,ASW,CE,Combined TRACON& Tower with Radar,210,66,113,5,394,0,9,45,3,57,210,75,158,8,451,0,0,0,451
12/09/2021,SAT,TX,ASW,CE,Combined TRACON& Tower with Radar,219,63,164,7,453,0,1,20,0,21,219,64,184,7,474,0,0,0,474
12/10/2021,SAT,TX,ASW,CE,Combined TRACON& Tower with Radar,230,71,94,8,403,0,7,41,3,51,230,78,135,11,454,0,0,0,454
12/11/2021,SAT,TX,ASW,CE,Combined TRACON& Tower with Radar,192,33,69,19,313,0,7,24,1,32,192,40,93,20,345,0,0,0,345
12/12/2021,SAT,TX,ASW,CE,Combined TRACON& Tower with Radar,217,44,96,10,367,0,8,68,4,80,217,52,164,14,447,0,0,0,447
12/13/2021,SAT,TX,ASW,CE,Combined TRACON& Tower with Radar,213,53,121,11,398,0,5,24,2,31,213,58,145,13,429,0,0,0,429
12/14/2021,SAT,TX,ASW,CE,Combined TRACON& Tower with Radar,209,68,136,2,415,0,1,17,2,20,209,69,153,4,435,0,0,0,435
12/15/2021,SAT,TX,ASW,CE,Combined TRACON& Tower with Radar,209,78,127,11,425,0,5,20,0,25,209,83,147,11,450,0,0,0,450
12/16/2021,SAT,TX,ASW,CE,Combined TRACON& Tower with Radar,245,50,135,17,447,0,2,30,3,35,245,52,165,20,482,0,0,0,482
12/17/2021,SAT,TX,ASW,CE,Combined TRACON& Tower with Radar,250,79,136,12,477,0,7,23,1,31,250,86,159,13,508,0,0,0,508
12/18/2021,SAT,TX,ASW,CE,Combined TRACON& Tower with Radar,229,51,70,4,354,0,3,7,0,10,229,54,77,4,364,0,0,0,364
12/19/2021,SAT,TX,ASW,CE,Combined TRACON& Tower with Radar,219,30,77,5,331,0,1,34,1,36,219,31,111,6,367,0,0,0,367
12/20/2021,SAT,TX,ASW,CE,Combined TRACON& Tower with Radar,240,30,107,5,382,0,5,54,3,62,240,35,161,8,444,0,0,0,444
12/21/2021,SAT,TX,ASW,CE,Combined TRACON& Tower with Radar,249,66,83,7,405,0,7,63,2,72,249,73,146,9,477,0,0,0,477
12/22/2021,SAT,TX,ASW,CE,Combined TRACON& Tower with Radar,249,84,82,1,416,0,4,48,2,54,249,88,130,3,470,0,0,0,470
12/23/2021,SAT,TX,ASW,CE,Combined TRACON& Tower with Radar,243,52,93,1,389,0,6,26,1,33,243,58,119,2,422,0,0,0,422
12/24/2021,SAT,TX,ASW,CE,Combined TRACON& Tower with Radar,183,37,39,1,260,0,3,10,0,13,183,40,49,1,273,0,0,0,273
12/25/2021,SAT,TX,ASW,CE,Combined TRACON& Tower with Radar,157,40,29,0,226,0,5,19,0,24,157,45,48,0,250,0,0,0,250
12/26/2021,SAT,TX,ASW,CE,Combined TRACON& Tower with Radar,210,54,125,0,389,0,2,10,0,12,210,56,135,0,401,0,0,0,401
12/27/2021,SAT,TX,ASW,CE,Combined TRACON& Tower with Radar,218,71,127,0,416,0,4,28,2,34,218,75,155,2,450,0,0,0,450
12/28/2021,SAT,TX,ASW,CE,Combined TRACON& Tower with Radar,231,61,102,4,398,0,3,20,0,23,231,64,122,4,421,0,0,0,421
12/29/2021,SAT,TX,ASW,CE,Combined TRACON& Tower with Radar,242,72,112,11,437,0,9,29,4,42,242,81,141,15,479,0,0,0,479
12/30/2021,SAT,TX,ASW,CE,Combined TRACON& Tower with Radar,233,70,104,2,409,0,10,53,0,63,233,80,157,2,472,0,0,0,472
12/31/2021,SAT,TX,ASW,CE,Combined TRACON& Tower with Radar,177,39,50,0,266,0,4,19,3,26,177,43,69,3,292,0,0,0,292
01/01/2022,SAT,TX,ASW,CE,Combined TRACON& Tower with Radar,171,33,46,0,250,0,11,16,2,29,171,44,62,2,279,0,0,0,279
01/02/2022,SAT,TX,ASW,CE,Combined TRACON& Tower with Radar,194,38,112,1,345,0,3,19,0,22,194,41,131,1,367,0,0,0,367
01/03/2022,SAT,TX,ASW,CE,Combined TRACON& Tower with Radar,217,56,76,0,349,0,7,52,2,61,217,63,128,2,410,0,0,0,410
01/04/2022,SAT,TX,ASW,CE,Combined TRACON& Tower with Radar,213,60,85,5,363,0,5,51,1,57,213,65,136,6,420,0,0,0,420
01/05/2022,SAT,TX,ASW,CE,Combined TRACON& Tower with Radar,193,49,78,3,323,0,9,64,6,79,193,58,142,9,402,0,0,0,402
01/06/2022,SAT,TX,ASW,CE,Combined TRACON& Tower with Radar,188,49,75,10,322,0,6,44,4,54,188,55,119,14,376,0,0,0,376
01/07/2022,SAT,TX,ASW,CE,Combined TRACON& Tower with Radar,211,66,93,7,377,0,3,14,1,18,211,69,107,8,395,0,0,0,395
01/08/2022,SAT,TX,ASW,CE,Combined TRACON& Tower with Radar,182,48,50,3,283,0,0,0,0,0,182,48,50,3,283,0,0,0,283
01/09/2022,SAT,TX,ASW,CE,Combined TRACON& Tower with Radar,203,47,74,14,338,0,3,26,3,32,203,50,100,17,370,0,0,0,370
01/10/2022,SAT,TX,ASW,CE,Combined TRACON& Tower with Radar,187,47,62,0,296,0,3,45,1,49,187,50,107,1,345,0,0,0,345
01/11/2022,SAT,TX,ASW,CE,Combined TRACON& Tower with Radar,191,60,79,10,340,0,6,35,1,42,191,66,114,11,382,0,0,0,382
01/12/2022,SAT,TX,ASW,CE,Combined TRACON& Tower with Radar,197,46,83,5,331,0,7,43,6,56,197,53,126,11,387,0,0,0,387
01/13/2022,SAT,TX,ASW,CE,Combined TRACON& Tower with Radar,202,54,103,14,373,0,6,71,3,80,202,60,174,17,453,0,0,0,453
01/14/2022,SAT,TX,ASW,CE,Combined TRACON& Tower with Radar,222,50,97,23,392,0,10,52,0,62,222,60,149,23,454,0,0,0,454
01/15/2022,SAT,TX,ASW,CE,Combined TRACON& Tower with Radar,166,23,32,4,225,0,1,8,0,9,166,24,40,4,234,0,0,0,234
01/16/2022,SAT,TX,ASW,CE,Combined TRACON& Tower with Radar,177,32,89,9,307,0,8,35,1,44,177,40,124,10,351,0,0,0,351
01/17/2022,SAT,TX,ASW,CE,Combined TRACON& Tower with Radar,199,32,78,5,314,0,5,47,3,55,199,37,125,8,369,0,0,0,369
01/18/2022,SAT,TX,ASW,CE,Combined TRACON& Tower with Radar,207,44,74,3,328,0,6,51,3,60,207,50,125,6,388,0,0,0,388
01/19/2022,SAT,TX,ASW,CE,Combined TRACON& Tower with Radar,221,54,92,4,371,0,11,56,1,68,221,65,148,5,439,0,0,0,439
01/20/2022,SAT,TX,ASW,CE,Combined TRACON& Tower with Radar,216,48,70,2,336,0,4,8,0,12,216,52,78,2,348,0,0,0,348
01/21/2022,SAT,TX,ASW,CE,Combined TRACON& Tower with Radar,216,62,83,26,387,0,12,64,2,78,216,74,147,28,465,0,0,0,465
01/22/2022,SAT,TX,ASW,CE,Combined TRACON& Tower with Radar,159,29,49,16,253,0,8,17,4,29,159,37,66,20,282,0,0,0,282
01/23/2022,SAT,TX,ASW,CE,Combined TRACON& Tower with Radar,192,43,81,14,330,0,4,27,1,32,192,47,108,15,362,0,0,0,362
01/24/2022,SAT,TX,ASW,CE,Combined TRACON& Tower with Radar,220,43,88,7,358,0,0,6,0,6,220,43,94,7,364,0,0,0,364
01/25/2022,SAT,TX,ASW,CE,Combined TRACON& Tower with Radar,194,42,79,12,327,0,4,23,2,29,194,46,102,14,356,0,0,0,356
01/26/2022,SAT,TX,ASW,CE,Combined TRACON& Tower with Radar,212,48,85,18,363,0,2,27,2,31,212,50,112,20,394,0,0,0,394
01/27/2022,SAT,TX,ASW,CE,Combined TRACON& Tower with Radar,226,50,103,3,382,0,10,33,1,44,226,60,136,4,426,0,0,0,426
01/28/2022,SAT,TX,ASW,CE,Combined TRACON& Tower with Radar,214,50,75,9,348,0,8,49,3,60,214,58,124,12,408,0,0,0,408
01/29/2022,SAT,TX,ASW,CE,Combined TRACON& Tower with Radar,166,33,50,8,257,0,10,47,5,62,166,43,97,13,319,0,0,0,319
01/30/2022,SAT,TX,ASW,CE,Combined TRACON& Tower with Radar,187,39,72,4,302,0,11,56,5,72,187,50,128,9,374,0,0,0,374
01/31/2022,SAT,TX,ASW,CE,Combined TRACON& Tower with Radar,212,44,57,4,317,0,1,2,2,5,212,45,59,6,322,0,0,0,322
02/01/2022,SAT,TX,ASW,CE,Combined TRACON& Tower with Radar,207,49,108,7,371,0,6,35,0,41,207,55,143,7,412,0,0,0,412
02/02/2022,SAT,TX,ASW,CE,Combined TRACON& Tower with Radar,197,60,99,5,361,0,0,0,0,0,197,60,99,5,361,0,0,0,361
02/03/2022,SAT,TX,ASW,CE,Combined TRACON& Tower with Radar,78,18,20,0,116,0,0,1,0,1,78,18,21,0,117,0,0,0,117
02/04/2022,SAT,TX,ASW,CE,Combined TRACON& Tower with Radar,173,60,104,8,345,0,5,31,1,37,173,65,135,9,382,0,0,0,382
02/05/2022,SAT,TX,ASW,CE,Combined TRACON& Tower with Radar,149,29,61,13,252,0,13,43,2,58,149,42,104,15,310,0,0,0,310
02/06/2022,SAT,TX,ASW,CE,Combined TRACON& Tower with Radar,196,24,63,14,297,0,5,39,2,46,196,29,102,16,343,0,0,0,343
02/07/2022,SAT,TX,ASW,CE,Combined TRACON& Tower with Radar,216,45,85,3,349,0,9,56,3,68,216,54,141,6,417,0,0,0,417
02/08/2022,SAT,TX,ASW,CE,Combined TRACON& Tower with Radar,210,46,92,9,357,0,5,66,2,73,210,51,158,11,430,0,0,0,430
02/09/2022,SAT,TX,ASW,CE,Combined TRACON& Tower with Radar,205,63,118,6,392,0,11,69,4,84,205,74,187,10,476,0,0,0,476
02/10/2022,SAT,TX,ASW,CE,Combined TRACON& Tower with Radar,227,54,115,4,400,0,13,94,3,110,227,67,209,7,510,0,0,0,510
02/11/2022,SAT,TX,ASW,CE,Combined TRACON& Tower with Radar,221,54,113,17,405,0,10,66,5,81,221,64,179,22,486,0,0,0,486
02/12/2022,SAT,TX,ASW,CE,Combined TRACON& Tower with Radar,176,33,39,23,271,0,6,14,3,23,176,39,53,26,294,0,0,0,294
02/13/2022,SAT,TX,ASW,CE,Combined TRACON& Tower with Radar,189,24,66,8,287,0,4,56,1,61,189,28,122,9,348,0,0,0,348
02/14/2022,SAT,TX,ASW,CE,Combined TRACON& Tower with Radar,216,46,63,1,326,0,3,71,3,77,216,49,134,4,403,0,0,0,403
02/15/2022,SAT,TX,ASW,CE,Combined TRACON& Tower with Radar,209,62,118,5,394,0,6,63,0,69,209,68,181,5,463,0,0,0,463
02/16/2022,SAT,TX,ASW,CE,Combined TRACON& Tower with Radar,211,58,129,10,408,0,2,34,3,39,211,60,163,13,447,0,0,0,447
02/17/2022,SAT,TX,ASW,CE,Combined TRACON& Tower with Radar,214,61,135,8,418,0,9,41,4,54,214,70,176,12,472,0,0,0,472
02/18/2022,SAT,TX,ASW,CE,Combined TRACON& Tower with Radar,232,72,99,15,418,0,1,85,8,94,232,73,184,23,512,0,0,0,512
02/19/2022,SAT,TX,ASW,CE,Combined TRACON& Tower with Radar,188,26,64,1,279,0,7,43,2,52,188,33,107,3,331,0,0,0,331
02/20/2022,SAT,TX,ASW,CE,Combined TRACON& Tower with Radar,197,34,95,10,336,0,10,33,2,45,197,44,128,12,381,0,0,0,381
02/21/2022,SAT,TX,ASW,CE,Combined TRACON& Tower with Radar,209,50,117,8,384,0,4,33,1,38,209,54,150,9,422,0,0,0,422
02/22/2022,SAT,TX,ASW,CE,Combined TRACON& Tower with Radar,213,61,129,19,422,0,5,60,0,65,213,66,189,19,487,0,0,0,487
02/23/2022,SAT,TX,ASW,CE,Combined TRACON& Tower with Radar,206,55,129,6,396,0,1,2,1,4,206,56,131,7,400,0,0,0,400
02/24/2022,SAT,TX,ASW,CE,Combined TRACON& Tower with Radar,182,61,97,8,348,0,0,0,0,0,182,61,97,8,348,0,0,0,348
02/25/2022,SAT,TX,ASW,CE,Combined TRACON& Tower with Radar,224,66,127,3,420,0,2,21,3,26,224,68,148,6,446,0,0,0,446
02/26/2022,SAT,TX,ASW,CE,Combined TRACON& Tower with Radar,180,41,50,3,274,0,0,1,0,1,180,41,51,3,275,0,0,0,275
02/27/2022,SAT,TX,ASW,CE,Combined TRACON& Tower with Radar,199,38,105,4,346,0,4,38,1,43,199,42,143,5,389,0,0,0,389
02/28/2022,SAT,TX,ASW,CE,Combined TRACON& Tower with Radar,218,34,88,5,345,0,8,76,3,87,218,42,164,8,432,0,0,0,432
03/01/2022,SAT,TX,ASW,CE,Combined TRACON& Tower with Radar,216,48,81,11,356,0,3,65,0,68,216,51,146,11,424,0,0,0,424
03/02/2022,SAT,TX,ASW,CE,Combined TRACON& Tower with Radar,224,51,122,15,412,0,4,54,2,60,224,55,176,17,472,0,0,0,472
03/03/2022,SAT,TX,ASW,CE,Combined TRACON& Tower with Radar,232,54,128,1,415,0,11,54,2,67,232,65,182,3,482,0,0,0,482
03/04/2022,SAT,TX,ASW,CE,Combined TRACON& Tower with Radar,236,45,114,18,413,0,9,40,1,50,236,54,154,19,463,0,0,0,463
03/05/2022,SAT,TX,ASW,CE,Combined TRACON& Tower with Radar,167,54,83,20,324,0,5,24,4,33,167,59,107,24,357,0,0,0,357
03/06/2022,SAT,TX,ASW,CE,Combined TRACON& Tower with Radar,212,37,67,11,327,0,3,6,0,9,212,40,73,11,336,0,0,0,336
03/07/2022,SAT,TX,ASW,CE,Combined TRACON& Tower with Radar,218,43,121,0,382,0,2,43,2,47,218,45,164,2,429,0,0,0,429
03/08/2022,SAT,TX,ASW,CE,Combined TRACON& Tower with Radar,209,62,93,10,374,0,3,31,1,35,209,65,124,11,409,0,0,0,409
03/09/2022,SAT,TX,ASW,CE,Combined TRACON& Tower with Radar,210,57,138,7,412,0,13,77,1,91,210,70,215,8,503,0,0,0,503
03/10/2022,SAT,TX,ASW,CE,Combined TRACON& Tower with Radar,232,65,106,11,414,0,7,83,4,94,232,72,189,15,508,0,0,0,508
03/11/2022,SAT,TX,ASW,CE,Combined TRACON& Tower with Radar,221,53,91,13,378,0,3,13,1,17,221,56,104,14,395,0,0,0,395
03/12/2022,SAT,TX,ASW,CE,Combined TRACON& Tower with Radar,182,39,104,28,353,0,6,65,3,74,182,45,169,31,427,0,0,0,427
03/13/2022,SAT,TX,ASW,CE,Combined TRACON& Tower with Radar,213,46,101,11,371,0,7,48,4,59,213,53,149,15,430,0,0,0,430
03/14/2022,SAT,TX,ASW,CE,Combined TRACON& Tower with Radar,230,33,109,17,389,0,7,40,6,53,230,40,149,23,442,0,0,0,442
03/15/2022,SAT,TX,ASW,CE,Combined TRACON& Tower with Radar,223,40,112,6,381,0,9,49,4,62,223,49,161,10,443,0,0,0,443
03/16/2022,SAT,TX,ASW,CE,Combined TRACON& Tower with Radar,223,45,110,8,386,0,9,80,5,94,223,54,190,13,480,0,0,0,480
03/17/2022,SAT,TX,ASW,CE,Combined TRACON& Tower with Radar,231,63,113,15,422,0,3,40,1,44,231,66,153,16,466,0,0,0,466
03/18/2022,SAT,TX,ASW,CE,Combined TRACON& Tower with Radar,241,47,107,16,411,0,2,52,1,55,241,49,159,17,466,0,0,0,466
03/19/2022,SAT,TX,ASW,CE,Combined TRACON& Tower with Radar,191,37,68,7,303,0,7,50,5,62,191,44,118,12,365,0,0,0,365
03/20/2022,SAT,TX,ASW,CE,Combined TRACON& Tower with Radar,215,40,99,12,366,0,10,44,0,54,215,50,143,12,420,0,0,0,420
03/21/2022,SAT,TX,ASW,CE,Combined TRACON& Tower with Radar,234,53,80,8,375,0,3,13,0,16,234,56,93,8,391,0,0,0,391
03/22/2022,SAT,TX,ASW,CE,Combined TRACON& Tower with Radar,215,60,91,7,373,0,6,53,0,59,215,66,144,7,432,0,0,0,432
03/23/2022,SAT,TX,ASW,CE,Combined TRACON& Tower with Radar,214,45,120,5,384,0,3,71,2,76,214,48,191,7,460,0,0,0,460
03/24/2022,SAT,TX,ASW,CE,Combined TRACON& Tower with Radar,235,83,139,3,460,0,11,67,2,80,235,94,206,5,540,0,0,0,540
03/25/2022,SAT,TX,ASW,CE,Combined TRACON& Tower with Radar,236,63,135,9,443,0,2,59,3,64,236,65,194,12,507,0,0,0,507
03/26/2022,SAT,TX,ASW,CE,Combined TRACON& Tower with Radar,182,45,90,2,319,0,4,34,2,40,182,49,124,4,359,0,0,0,359
03/27/2022,SAT,TX,ASW,CE,Combined TRACON& Tower with Radar,217,52,98,0,367,0,6,60,1,67,217,58,158,1,434,0,0,0,434
03/28/2022,SAT,TX,ASW,CE,Combined TRACON& Tower with Radar,224,43,88,11,366,0,3,45,5,53,224,46,133,16,419,0,0,0,419
03/29/2022,SAT,TX,ASW,CE,Combined TRACON& Tower with Radar,214,54,150,1,419,0,4,27,0,31,214,58,177,1,450,0,0,0,450
03/30/2022,SAT,TX,ASW,CE,Combined TRACON& Tower with Radar,242,64,103,7,416,0,2,29,3,34,242,66,132,10,450,0,0,0,450
03/31/2022,SAT,TX,ASW,CE,Combined TRACON& Tower with Radar,233,52,125,4,414,0,2,63,2,67,233,54,188,6,481,0,0,0,481
04/01/2022,SAT,TX,ASW,CE,Combined TRACON& Tower with Radar,232,56,90,12,390,0,2,79,5,86,232,58,169,17,476,0,0,0,476
04/02/2022,SAT,TX,ASW,CE,Combined TRACON& Tower with Radar,173,37,59,23,292,0,6,28,4,38,173,43,87,27,330,4,0,4,334
04/03/2022,SAT,TX,ASW,CE,Combined TRACON& Tower with Radar,220,52,93,12,377,0,7,25,1,33,220,59,118,13,410,2,0,2,412
04/04/2022,SAT,TX,ASW,CE,Combined TRACON& Tower with Radar,234,45,126,4,409,0,2,13,7,22,234,47,139,11,431,0,0,0,431
04/05/2022,SAT,TX,ASW,CE,Combined TRACON& Tower with Radar,237,66,120,7,430,0,3,52,1,56,237,69,172,8,486,0,0,0,486
04/06/2022,SAT,TX,ASW,CE,Combined TRACON& Tower with Radar,229,53,124,4,410,0,2,45,1,48,229,55,169,5,458,0,0,0,458
04/07/2022,SAT,TX,ASW,CE,Combined TRACON& Tower with Radar,236,84,125,12,457,0,3,64,2,69,236,87,189,14,526,0,0,0,526
04/08/2022,SAT,TX,ASW,CE,Combined TRACON& Tower with Radar,231,76,125,2,434,0,5,83,1,89,231,81,208,3,523,0,0,0,523
04/09/2022,SAT,TX,ASW,CE,Combined TRACON& Tower with Radar,180,50,82,11,323,0,3,58,1,62,180,53,140,12,385,0,0,0,385
04/10/2022,SAT,TX,ASW,CE,Combined TRACON& Tower with Radar,207,31,110,5,353,0,12,29,2,43,207,43,139,7,396,0,0,0,396
04/11/2022,SAT,TX,ASW,CE,Combined TRACON& Tower with Radar,230,37,96,4,367,0,4,25,1,30,230,41,121,5,397,0,0,0,397
04/12/2022,SAT,TX,ASW,CE,Combined TRACON& Tower with Radar,234,40,117,8,399,0,1,22,2,25,234,41,139,10,424,0,0,0,424
04/13/2022,SAT,TX,ASW,CE,Combined TRACON& Tower with Radar,234,57,106,14,411,0,8,43,2,53,234,65,149,16,464,0,0,0,464
04/14/2022,SAT,TX,ASW,CE,Combined TRACON& Tower with Radar,236,51,111,9,407,0,9,77,5,91,236,60,188,14,498,0,0,0,498
04/15/2022,SAT,TX,ASW,CE,Combined TRACON& Tower with Radar,231,48,83,8,370,0,3,24,0,27,231,51,107,8,397,0,0,0,397
04/16/2022,SAT,TX,ASW,CE,Combined TRACON& Tower with Radar,186,26,52,21,285,0,6,25,3,34,186,32,77,24,319,0,0,0,319
04/17/2022,SAT,TX,ASW,CE,Combined TRACON& Tower with Radar,215,35,64,11,325,0,4,18,0,22,215,39,82,11,347,0,0,0,347
04/18/2022,SAT,TX,ASW,CE,Combined TRACON& Tower with Radar,218,53,100,9,380,0,11,44,6,61,218,64,144,15,441,0,0,0,441
04/19/2022,SAT,TX,ASW,CE,Combined TRACON& Tower with Radar,235,65,131,7,438,0,1,25,0,26,235,66,156,7,464,0,0,0,464
04/20/2022,SAT,TX,ASW,CE,Combined TRACON& Tower with Radar,229,66,156,10,461,0,11,49,0,60,229,77,205,10,521,0,0,0,521
04/21/2022,SAT,TX,ASW,CE,Combined TRACON& Tower with Radar,237,61,162,16,476,0,4,18,0,22,237,65,180,16,498,0,0,0,498
04/22/2022,SAT,TX,ASW,CE,Combined TRACON& Tower with Radar,236,60,103,14,413,0,9,26,2,37,236,69,129,16,450,0,0,0,450
04/23/2022,SAT,TX,ASW,CE,Combined TRACON& Tower with Radar,191,35,85,11,322,0,10,14,6,30,191,45,99,17,352,0,0,0,352
04/24/2022,SAT,TX,ASW,CE,Combined TRACON& Tower with Radar,236,67,111,8,422,0,5,25,3,33,236,72,136,11,455,0,0,0,455
04/25/2022,SAT,TX,ASW,CE,Combined TRACON& Tower with Radar,246,49,77,0,372,0,0,6,1,7,246,49,83,1,379,0,0,0,379
04/26/2022,SAT,TX,ASW,CE,Combined TRACON& Tower with Radar,239,44,91,6,380,0,4,31,0,35,239,48,122,6,415,0,0,0,415
04/27/2022,SAT,TX,ASW,CE,Combined TRACON& Tower with Radar,240,60,147,10,457,0,5,57,3,65,240,65,204,13,522,0,0,0,522
04/28/2022,SAT,TX,ASW,CE,Combined TRACON& Tower with Radar,238,49,108,8,403,0,6,27,0,33,238,55,135,8,436,0,0,0,436
04/29/2022,SAT,TX,ASW,CE,Combined TRACON& Tower with Radar,236,57,115,11,419,0,5,40,1,46,236,62,155,12,465,0,0,0,465
04/30/2022,SAT,TX,ASW,CE,Combined TRACON& Tower with Radar,181,31,48,1,261,0,2,12,2,16,181,33,60,3,277,0,0,0,277
05/01/2022,SAT,TX,ASW,CE,Combined TRACON& Tower with Radar,208,42,81,9,340,0,3,28,4,35,208,45,109,13,375,0,0,0,375
05/02/2022,SAT,TX,ASW,CE,Combined TRACON& Tower with Radar,224,45,124,9,402,0,2,24,0,26,224,47,148,9,428,0,0,0,428
05/03/2022,SAT,TX,ASW,CE,Combined TRACON& Tower with Radar,236,53,119,11,419,0,5,28,2,35,236,58,147,13,454,0,0,0,454
05/04/2022,SAT,TX,ASW,CE,Combined TRACON& Tower with Radar,228,60,95,11,394,0,4,31,2,37,228,64,126,13,431,0,0,0,431
05/05/2022,SAT,TX,ASW,CE,Combined TRACON& Tower with Radar,258,52,117,5,432,0,2,18,1,21,258,54,135,6,453,0,0,0,453
05/06/2022,SAT,TX,ASW,CE,Combined TRACON& Tower with Radar,240,60,123,13,436,0,7,57,1,65,240,67,180,14,501,0,0,0,501
05/07/2022,SAT,TX,ASW,CE,Combined TRACON& Tower with Radar,178,40,61,1,280,0,3,46,1,50,178,43,107,2,330,0,0,0,330
05/08/2022,SAT,TX,ASW,CE,Combined TRACON& Tower with Radar,219,31,76,11,337,0,7,34,4,45,219,38,110,15,382,0,0,0,382
05/09/2022,SAT,TX,ASW,CE,Combined TRACON& Tower with Radar,231,53,95,5,384,0,3,38,3,44,231,56,133,8,428,0,0,0,428
05/10/2022,SAT,TX,ASW,CE,Combined TRACON& Tower with Radar,232,44,92,14,382,0,2,35,2,39,232,46,127,16,421,0,0,0,421
05/11/2022,SAT,TX,ASW,CE,Combined TRACON& Tower with Radar,242,50,80,11,383,0,8,39,2,49,242,58,119,13,432,0,0,0,432
05/12/2022,SAT,TX,ASW,CE,Combined TRACON& Tower with Radar,249,60,128,4,441,0,4,46,7,57,249,64,174,11,498,0,0,0,498
05/13/2022,SAT,TX,ASW,CE,Combined TRACON& Tower with Radar,248,51,112,2,413,0,4,53,9,66,248,55,165,11,479,0,0,0,479
05/14/2022,SAT,TX,ASW,CE,Combined TRACON& Tower with Radar,185,31,73,4,293,0,4,34,2,40,185,35,107,6,333,0,0,0,333
05/15/2022,SAT,TX,ASW,CE,Combined TRACON& Tower with Radar,212,35,87,3,337,0,7,50,2,59,212,42,137,5,396,0,0,0,396
05/16/2022,SAT,TX,ASW,CE,Combined TRACON& Tower with Radar,240,48,109,2,399,0,11,57,3,71,240,59,166,5,470,0,0,0,470
05/17/2022,SAT,TX,ASW,CE,Combined TRACON& Tower with Radar,242,61,123,5,431,0,9,68,1,78,242,70,191,6,509,0,0,0,509
05/18/2022,SAT,TX,ASW,CE,Combined TRACON& Tower with Radar,238,53,98,13,402,0,19,47,0,66,238,72,145,13,468,0,0,0,468
05/19/2022,SAT,TX,ASW,CE,Combined TRACON& Tower with Radar,243,57,105,10,415,0,3,33,1,37,243,60,138,11,452,0,0,0,452
05/20/2022,SAT,TX,ASW,CE,Combined TRACON& Tower with Radar,235,66,113,10,424,0,4,32,1,37,235,70,145,11,461,0,0,0,461
05/21/2022,SAT,TX,ASW,CE,Combined TRACON& Tower with Radar,174,18,54,10,256,0,5,28,0,33,174,23,82,10,289,0,0,0,289
05/22/2022,SAT,TX,ASW,CE,Combined TRACON& Tower with Radar,221,31,85,11,348,0,6,26,1,33,221,37,111,12,381,0,0,0,381
05/23/2022,SAT,TX,ASW,CE,Combined TRACON& Tower with Radar,241,38,83,2,364,0,4,18,0,22,241,42,101,2,386,0,0,0,386
05/24/2022,SAT,TX,ASW,CE,Combined TRACON& Tower with Radar,241,47,105,8,401,0,12,43,3,58,241,59,148,11,459,0,0,0,459
05/25/2022,SAT,TX,ASW,CE,Combined TRACON& Tower with Radar,238,52,97,7,394,0,1,42,0,43,238,53,139,7,437,0,0,0,437
05/26/2022,SAT,TX,ASW,CE,Combined TRACON& Tower with Radar,245,66,107,4,422,0,5,72,3,80,245,71,179,7,502,0,0,0,502
05/27/2022,SAT,TX,ASW,CE,Combined TRACON& Tower with Radar,252,52,101,7,412,0,14,61,1,76,252,66,162,8,488,0,0,0,488
05/28/2022,SAT,TX,ASW,CE,Combined TRACON& Tower with Radar,172,24,65,0,261,0,10,35,2,47,172,34,100,2,308,0,0,0,308
05/29/2022,SAT,TX,ASW,CE,Combined TRACON& Tower with Radar,215,31,50,0,296,0,3,14,2,19,215,34,64,2,315,0,0,0,315
05/30/2022,SAT,TX,ASW,CE,Combined TRACON& Tower with Radar,221,32,71,3,327,0,10,44,2,56,221,42,115,5,383,0,0,0,383
05/31/2022,SAT,TX,ASW,CE,Combined TRACON& Tower with Radar,234,60,98,12,404,0,1,49,4,54,234,61,147,16,458,0,0,0,458
06/01/2022,SAT,TX,ASW,CE,Combined TRACON& Tower with Radar,252,47,96,6,401,0,3,33,2,38,252,50,129,8,439,0,0,0,439
06/02/2022,SAT,TX,ASW,CE,Combined TRACON& Tower with Radar,241,55,105,10,411,0,3,60,1,64,241,58,165,11,475,0,0,0,475
06/03/2022,SAT,TX,ASW,CE,Combined TRACON& Tower with Radar,245,57,81,5,388,0,7,57,3,67,245,64,138,8,455,0,0,0,455
06/04/2022,SAT,TX,ASW,CE,Combined TRACON& Tower with Radar,185,30,48,11,274,0,4,40,0,44,185,34,88,11,318,0,0,0,318
06/05/2022,SAT,TX,ASW,CE,Combined TRACON& Tower with Radar,234,35,96,12,377,0,4,44,1,49,234,39,140,13,426,0,0,0,426
06/06/2022,SAT,TX,ASW,CE,Combined TRACON& Tower with Radar,234,38,91,12,375,0,5,28,4,37,234,43,119,16,412,0,0,0,412
06/07/2022,SAT,TX,ASW,CE,Combined TRACON& Tower with Radar,246,59,98,7,410,0,7,45,0,52,246,66,143,7,462,0,0,0,462
06/08/2022,SAT,TX,ASW,CE,Combined TRACON& Tower with Radar,241,51,114,3,409,0,4,57,2,63,241,55,171,5,472,0,0,0,472
06/09/2022,SAT,TX,ASW,CE,Combined TRACON& Tower with Radar,248,49,135,1,433,0,2,72,3,77,248,51,207,4,510,0,0,0,510
06/10/2022,SAT,TX,ASW,CE,Combined TRACON& Tower with Radar,257,44,113,10,424,0,3,35,4,42,257,47,148,14,466,0,0,0,466
06/11/2022,SAT,TX,ASW,CE,Combined TRACON& Tower with Radar,206,47,62,9,324,0,4,43,0,47,206,51,105,9,371,0,0,0,371
06/12/2022,SAT,TX,ASW,CE,Combined TRACON& Tower with Radar,235,39,76,13,363,0,2,38,5,45,235,41,114,18,408,0,0,0,408
06/13/2022,SAT,TX,ASW,CE,Combined TRACON& Tower with Radar,240,33,92,8,373,0,4,34,1,39,240,37,126,9,412,0,0,0,412
06/14/2022,SAT,TX,ASW,CE,Combined TRACON& Tower with Radar,249,48,85,10,392,0,15,23,4,42,249,63,108,14,434,0,0,0,434
06/15/2022,SAT,TX,ASW,CE,Combined TRACON& Tower with Radar,242,44,111,9,406,0,10,33,6,49,242,54,144,15,455,0,0,0,455
06/16/2022,SAT,TX,ASW,CE,Combined TRACON& Tower with Radar,253,70,129,6,458,0,8,52,2,62,253,78,181,8,520,0,0,0,520
06/17/2022,SAT,TX,ASW,CE,Combined TRACON& Tower with Radar,258,66,83,5,412,0,7,46,0,53,258,73,129,5,465,0,0,0,465
06/18/2022,SAT,TX,ASW,CE,Combined TRACON& Tower with Radar,199,29,65,3,296,0,4,49,1,54,199,33,114,4,350,0,0,0,350
06/19/2022,SAT,TX,ASW,CE,Combined TRACON& Tower with Radar,242,35,48,2,327,0,7,33,3,43,242,42,81,5,370,0,0,0,370
06/20/2022,SAT,TX,ASW,CE,Combined TRACON& Tower with Radar,243,37,94,6,380,0,2,50,0,52,243,39,144,6,432,0,0,0,432
06/21/2022,SAT,TX,ASW,CE,Combined TRACON& Tower with Radar,247,53,94,7,401,0,7,64,1,72,247,60,158,8,473,0,0,0,473
06/22/2022,SAT,TX,ASW,CE,Combined TRACON& Tower with Radar,250,58,96,4,408,0,4,44,3,51,250,62,140,7,459,0,0,0,459
06/23/2022,SAT,TX,ASW,CE,Combined TRACON& Tower with Radar,257,59,98,11,425,0,6,68,2,76,257,65,166,13,501,0,0,0,501
06/24/2022,SAT,TX,ASW,CE,Combined TRACON& Tower with Radar,259,51,103,6,419,0,9,67,5,81,259,60,170,11,500,0,0,0,500
06/25/2022,SAT,TX,ASW,CE,Combined TRACON& Tower with Radar,212,35,52,4,303,0,3,29,5,37,212,38,81,9,340,5,0,5,345
06/26/2022,SAT,TX,ASW,CE,Combined TRACON& Tower with Radar,232,28,71,16,347,0,2,38,9,49,232,30,109,25,396,2,0,2,398
06/27/2022,SAT,TX,ASW,CE,Combined TRACON& Tower with Radar,243,36,94,6,379,0,5,25,1,31,243,41,119,7,410,0,0,0,410
06/28/2022,SAT,TX,ASW,CE,Combined TRACON& Tower with Radar,249,59,104,7,419,0,3,14,2,19,249,62,118,9,438,0,0,0,438
06/29/2022,SAT,TX,ASW,CE,Combined TRACON& Tower with Radar,254,68,92,15,429,0,9,66,1,76,254,77,158,16,505,0,0,0,505
06/30/2022,SAT,TX,ASW,CE,Combined TRACON& Tower with Radar,261,63,104,5,433,0,12,68,6,86,261,75,172,11,519,0,0,0,519
07/01/2022,SAT,TX,ASW,CE,Combined TRACON& Tower with Radar,255,47,78,4,384,0,2,51,0,53,255,49,129,4,437,0,0,0,437
07/02/2022,SAT,TX,ASW,CE,Combined TRACON& Tower with Radar,203,35,48,2,288,0,2,18,0,20,203,37,66,2,308,0,0,0,308
07/03/2022,SAT,TX,ASW,CE,Combined TRACON& Tower with Radar,216,23,37,5,281,0,3,14,1,18,216,26,51,6,299,0,0,0,299
07/04/2022,SAT,TX,ASW,CE,Combined TRACON& Tower with Radar,218,10,42,0,270,0,5,25,4,34,218,15,67,4,304,0,0,0,304
07/05/2022,SAT,TX,ASW,CE,Combined TRACON& Tower with Radar,233,45,75,9,362,0,8,43,3,54,233,53,118,12,416,0,0,0,416
07/06/2022,SAT,TX,ASW,CE,Combined TRACON& Tower with Radar,240,44,76,5,365,0,6,47,1,54,240,50,123,6,419,0,0,0,419
07/07/2022,SAT,TX,ASW,CE,Combined TRACON& Tower with Radar,253,50,75,5,383,0,10,61,1,72,253,60,136,6,455,0,0,0,455
07/08/2022,SAT,TX,ASW,CE,Combined TRACON& Tower with Radar,246,44,77,42,409,0,5,65,0,70,246,49,142,42,479,22,1,23,502
07/09/2022,SAT,TX,ASW,CE,Combined TRACON& Tower with Radar,203,31,40,8,282,0,6,46,0,52,203,37,86,8,334,0,0,0,334
07/10/2022,SAT,TX,ASW,CE,Combined TRACON& Tower with Radar,232,32,86,6,356,0,2,57,5,64,232,34,143,11,420,0,0,0,420
07/11/2022,SAT,TX,ASW,CE,Combined TRACON& Tower with Radar,247,53,83,10,393,0,0,43,3,46,247,53,126,13,439,0,0,0,439
07/12/2022,SAT,TX,ASW,CE,Combined TRACON& Tower with Radar,237,42,66,14,359,0,2,47,3,52,237,44,113,17,411,0,0,0,411
07/13/2022,SAT,TX,ASW,CE,Combined TRACON& Tower with Radar,243,69,93,17,422,0,6,54,4,64,243,75,147,21,486,0,0,0,486
07/14/2022,SAT,TX,ASW,CE,Combined TRACON& Tower with Radar,264,58,85,8,415,0,6,48,1,55,264,64,133,9,470,0,0,0,470
07/15/2022,SAT,TX,ASW,CE,Combined TRACON& Tower with Radar,257,48,86,19,410,0,3,58,0,61,257,51,144,19,471,0,0,0,471
07/16/2022,SAT,TX,ASW,CE,Combined TRACON& Tower with Radar,209,24,85,6,324,0,0,22,2,24,209,24,107,8,348,0,0,0,348
07/17/2022,SAT,TX,ASW,CE,Combined TRACON& Tower with Radar,230,22,70,8,330,0,2,42,1,45,230,24,112,9,375,0,0,0,375
07/18/2022,SAT,TX,ASW,CE,Combined TRACON& Tower with Radar,229,31,78,0,338,0,6,53,1,60,229,37,131,1,398,0,0,0,398
07/19/2022,SAT,TX,ASW,CE,Combined TRACON& Tower with Radar,240,42,92,12,386,0,5,61,1,67,240,47,153,13,453,0,0,0,453
07/20/2022,SAT,TX,ASW,CE,Combined TRACON& Tower with Radar,244,45,85,10,384,0,5,39,3,47,244,50,124,13,431,0,0,0,431
07/21/2022,SAT,TX,ASW,CE,Combined TRACON& Tower with Radar,261,51,111,12,435,0,4,44,1,49,261,55,155,13,484,0,0,0,484
07/22/2022,SAT,TX,ASW,CE,Combined TRACON& Tower with Radar,260,51,81,14,406,0,10,31,1,42,260,61,112,15,448,0,0,0,448
07/23/2022,SAT,TX,ASW,CE,Combined TRACON& Tower with Radar,201,35,41,6,283,0,4,34,2,40,201,39,75,8,323,0,0,0,323
07/24/2022,SAT,TX,ASW,CE,Combined TRACON& Tower with Radar,233,27,57,8,325,0,1,41,4,46,233,28,98,12,371,0,0,0,371
07/25/2022,SAT,TX,ASW,CE,Combined TRACON& Tower with Radar,228,30,53,6,317,0,1,37,3,41,228,31,90,9,358,0,0,0,358
07/26/2022,SAT,TX,ASW,CE,Combined TRACON& Tower with Radar,245,53,79,10,387,0,3,42,5,50,245,56,121,15,437,0,0,0,437
07/27/2022,SAT,TX,ASW,CE,Combined TRACON& Tower with Radar,247,51,73,3,374,0,6,49,1,56,247,57,122,4,430,0,0,0,430
07/28/2022,SAT,TX,ASW,CE,Combined TRACON& Tower with Radar,252,58,94,13,417,0,1,52,1,54,252,59,146,14,471,0,0,0,471
07/29/2022,SAT,TX,ASW,CE,Combined TRACON& Tower with Radar,259,56,81,10,406,0,6,43,4,53,259,62,124,14,459,0,0,0,459
07/30/2022,SAT,TX,ASW,CE,Combined TRACON& Tower with Radar,203,28,56,12,299,0,5,33,2,40,203,33,89,14,339,0,0,0,339
07/31/2022,SAT,TX,ASW,CE,Combined TRACON& Tower with Radar,225,31,80,19,355,0,9,40,5,54,225,40,120,24,409,0,0,0,409
08/01/2022,SAT,TX,ASW,CE,Combined TRACON& Tower with Radar,247,49,80,7,383,0,1,43,5,49,247,50,123,12,432,0,0,0,432
08/02/2022,SAT,TX,ASW,CE,Combined TRACON& Tower with Radar,249,54,79,6,388,0,1,36,7,44,249,55,115,13,432,0,0,0,432
08/03/2022,SAT,TX,ASW,CE,Combined TRACON& Tower with Radar,234,50,69,4,357,0,13,48,2,63,234,63,117,6,420,0,0,0,420
08/04/2022,SAT,TX,ASW,CE,Combined TRACON& Tower with Radar,251,62,100,5,418,0,11,34,5,50,251,73,134,10,468,0,0,0,468
08/05/2022,SAT,TX,ASW,CE,Combined TRACON& Tower with Radar,247,43,97,17,404,0,6,42,5,53,247,49,139,22,457,0,0,0,457
08/06/2022,SAT,TX,ASW,CE,Combined TRACON& Tower with Radar,205,41,61,10,317,0,4,22,8,34,205,45,83,18,351,0,0,0,351
08/07/2022,SAT,TX,ASW,CE,Combined TRACON& Tower with Radar,226,35,72,8,341,0,2,22,2,26,226,37,94,10,367,0,0,0,367
08/08/2022,SAT,TX,ASW,CE,Combined TRACON& Tower with Radar,240,36,85,4,365,0,6,27,4,37,240,42,112,8,402,0,0,0,402
08/09/2022,SAT,TX,ASW,CE,Combined TRACON& Tower with Radar,256,39,88,11,394,0,7,52,0,59,256,46,140,11,453,0,0,0,453
08/10/2022,SAT,TX,ASW,CE,Combined TRACON& Tower with Radar,285,51,106,7,449,0,6,67,3,76,285,57,173,10,525,0,0,0,525
08/11/2022,SAT,TX,ASW,CE,Combined TRACON& Tower with Radar,255,51,115,2,423,0,2,33,1,36,255,53,148,3,459,0,0,0,459
08/12/2022,SAT,TX,ASW,CE,Combined TRACON& Tower with Radar,243,49,94,13,399,0,8,54,2,64,243,57,148,15,463,0,0,0,463
08/13/2022,SAT,TX,ASW,CE,Combined TRACON& Tower with Radar,205,24,61,8,298,0,9,33,1,43,205,33,94,9,341,12,0,12,353
08/14/2022,SAT,TX,ASW,CE,Combined TRACON& Tower with Radar,240,32,78,4,354,0,6,16,2,24,240,38,94,6,378,0,0,0,378
08/15/2022,SAT,TX,ASW,CE,Combined TRACON& Tower with Radar,242,38,94,8,382,0,1,20,1,22,242,39,114,9,404,0,0,0,404
08/16/2022,SAT,TX,ASW,CE,Combined TRACON& Tower with Radar,254,53,102,18,427,0,5,42,2,49,254,58,144,20,476,0,0,0,476
08/17/2022,SAT,TX,ASW,CE,Combined TRACON& Tower with Radar,246,37,110,13,406,0,7,46,3,56,246,44,156,16,462,0,0,0,462
08/18/2022,SAT,TX,ASW,CE,Combined TRACON& Tower with Radar,273,54,102,7,436,0,8,79,3,90,273,62,181,10,526,0,0,0,526
08/19/2022,SAT,TX,ASW,CE,Combined TRACON& Tower with Radar,255,36,92,12,395,0,5,34,1,40,255,41,126,13,435,0,0,0,435
08/20/2022,SAT,TX,ASW,CE,Combined TRACON& Tower with Radar,206,24,63,4,297,0,4,34,1,39,206,28,97,5,336,0,0,0,336
08/21/2022,SAT,TX,ASW,CE,Combined TRACON& Tower with Radar,239,40,63,10,352,0,6,15,3,24,239,46,78,13,376,0,0,0,376
08/22/2022,SAT,TX,ASW,CE,Combined TRACON& Tower with Radar,238,46,96,9,389,0,4,15,0,19,238,50,111,9,408,0,0,0,408
08/23/2022,SAT,TX,ASW,CE,Combined TRACON& Tower with Radar,255,53,91,14,413,0,0,16,0,16,255,53,107,14,429,0,0,0,429
08/24/2022,SAT,TX,ASW,CE,Combined TRACON& Tower with Radar,249,55,99,5,408,0,6,29,0,35,249,61,128,5,443,0,0,0,443
08/25/2022,SAT,TX,ASW,CE,Combined TRACON& Tower with Radar,253,56,117,15,441,0,5,38,1,44,253,61,155,16,485,0,0,0,485
08/26/2022,SAT,TX,ASW,CE,Combined TRACON& Tower with Radar,249,45,87,14,395,0,6,40,5,51,249,51,127,19,446,0,0,0,446
08/27/2022,SAT,TX,ASW,CE,Combined TRACON& Tower with Radar,207,22,78,14,321,0,3,40,2,45,207,25,118,16,366,0,0,0,366
08/28/2022,SAT,TX,ASW,CE,Combined TRACON& Tower with Radar,228,35,62,7,332,0,2,19,6,27,228,37,81,13,359,0,0,0,359
08/29/2022,SAT,TX,ASW,CE,Combined TRACON& Tower with Radar,239,58,82,6,385,0,13,40,5,58,239,71,122,11,443,0,0,0,443
08/30/2022,SAT,TX,ASW,CE,Combined TRACON& Tower with Radar,249,45,80,6,380,0,3,11,0,14,249,48,91,6,394,0,0,0,394
08/31/2022,SAT,TX,ASW,CE,Combined TRACON& Tower with Radar,249,48,109,8,414,0,1,39,2,42,249,49,148,10,456,0,0,0,456
09/01/2022,SAT,TX,ASW,CE,Combined TRACON& Tower with Radar,255,40,97,8,400,0,3,28,1,32,255,43,125,9,432,0,0,0,432
09/02/2022,SAT,TX,ASW,CE,Combined TRACON& Tower with Radar,250,41,89,5,385,0,8,30,5,43,250,49,119,10,428,0,0,0,428
09/03/2022,SAT,TX,ASW,CE,Combined TRACON& Tower with Radar,208,22,46,2,278,0,3,6,0,9,208,25,52,2,287,0,0,0,287
09/04/2022,SAT,TX,ASW,CE,Combined TRACON& Tower with Radar,208,12,45,4,269,0,2,18,1,21,208,14,63,5,290,0,0,0,290
09/05/2022,SAT,TX,ASW,CE,Combined TRACON& Tower with Radar,223,43,82,5,353,0,5,38,6,49,223,48,120,11,402,0,0,0,402
09/06/2022,SAT,TX,ASW,CE,Combined TRACON& Tower with Radar,241,42,111,9,403,0,6,49,3,58,241,48,160,12,461,0,0,0,461
09/07/2022,SAT,TX,ASW,CE,Combined TRACON& Tower with Radar,255,59,115,12,441,0,11,42,1,54,255,70,157,13,495,0,0,0,495
09/08/2022,SAT,TX,ASW,CE,Combined TRACON& Tower with Radar,240,69,96,4,409,0,20,54,4,78,240,89,150,8,487,0,0,0,487
09/09/2022,SAT,TX,ASW,CE,Combined TRACON& Tower with Radar,243,59,123,13,438,0,3,56,6,65,243,62,179,19,503,0,0,0,503
09/10/2022,SAT,TX,ASW,CE,Combined TRACON& Tower with Radar,201,27,70,11,309,0,3,26,1,30,201,30,96,12,339,0,0,0,339
09/11/2022,SAT,TX,ASW,CE,Combined TRACON& Tower with Radar,225,31,82,4,342,0,4,45,4,53,225,35,127,8,395,0,0,0,395
09/12/2022,SAT,TX,ASW,CE,Combined TRACON& Tower with Radar,242,36,112,5,395,0,10,45,4,59,242,46,157,9,454,0,0,0,454
09/13/2022,SAT,TX,ASW,CE,Combined TRACON& Tower with Radar,242,54,91,5,392,0,6,60,1,67,242,60,151,6,459,0,0,0,459
09/14/2022,SAT,TX,ASW,CE,Combined TRACON& Tower with Radar,239,59,114,5,417,0,9,59,0,68,239,68,173,5,485,0,0,0,485
09/15/2022,SAT,TX,ASW,CE,Combined TRACON& Tower with Radar,252,77,148,6,483,0,15,57,2,74,252,92,205,8,557,0,0,0,557
09/16/2022,SAT,TX,ASW,CE,Combined TRACON& Tower with Radar,248,63,107,22,440,0,10,48,1,59,248,73,155,23,499,0,2,2,501
09/17/2022,SAT,TX,ASW,CE,Combined TRACON& Tower with Radar,194,28,56,10,288,0,3,34,0,37,194,31,90,10,325,0,6,6,331
09/18/2022,SAT,TX,ASW,CE,Combined TRACON& Tower with Radar,223,44,108,5,380,0,5,50,2,57,223,49,158,7,437,0,0,0,437
09/19/2022,SAT,TX,ASW,CE,Combined TRACON& Tower with Radar,240,55,104,7,406,0,9,43,3,55,240,64,147,10,461,0,0,0,461
09/20/2022,SAT,TX,ASW,CE,Combined TRACON& Tower with Radar,246,50,127,7,430,0,11,57,3,71,246,61,184,10,501,0,0,0,501
09/21/2022,SAT,TX,ASW,CE,Combined TRACON& Tower with Radar,237,57,88,3,385,0,3,59,2,64,237,60,147,5,449,0,0,0,449
09/22/2022,SAT,TX,ASW,CE,Combined TRACON& Tower with Radar,250,54,124,5,433,0,12,74,1,87,250,66,198,6,520,0,0,0,520
09/23/2022,SAT,TX,ASW,CE,Combined TRACON& Tower with Radar,239,43,126,1,409,0,10,61,4,75,239,53,187,5,484,0,0,0,484
09/24/2022,SAT,TX,ASW,CE,Combined TRACON& Tower with Radar,202,22,66,1,291,0,13,49,4,66,202,35,115,5,357,0,0,0,357
09/25/2022,SAT,TX,ASW,CE,Combined TRACON& Tower with Radar,231,39,88,3,361,0,8,48,3,59,231,47,136,6,420,0,0,0,420
09/26/2022,SAT,TX,ASW,CE,Combined TRACON& Tower with Radar,247,31,82,2,362,0,10,52,0,62,247,41,134,2,424,0,0,0,424
09/27/2022,SAT,TX,ASW,CE,Combined TRACON& Tower with Radar,244,60,78,9,391,0,7,64,4,75,244,67,142,13,466,0,0,0,466
09/28/2022,SAT,TX,ASW,CE,Combined TRACON& Tower with Radar,238,58,93,6,395,0,13,58,7,78,238,71,151,13,473,0,0,0,473
09/29/2022,SAT,TX,ASW,CE,Combined TRACON& Tower with Radar,247,57,111,7,422,0,10,67,1,78,247,67,178,8,500,0,0,0,500
09/30/2022,SAT,TX,ASW,CE,Combined TRACON& Tower with Radar,244,42,106,3,395,0,14,63,1,78,244,56,169,4,473,0,0,0,473
10/01/2022,SAT,TX,ASW,CE,Combined TRACON& Tower with Radar,203,22,49,0,274,0,21,38,2,61,203,43,87,2,335,0,0,0,335
10/02/2022,SAT,TX,ASW,CE,Combined TRACON& Tower with Radar,224,33,88,1,346,0,4,58,2,64,224,37,146,3,410,0,0,0,410
10/03/2022,SAT,TX,ASW,CE,Combined TRACON& Tower with Radar,232,37,78,1,348,0,10,45,0,55,232,47,123,1,403,0,0,0,403
10/04/2022,SAT,TX,ASW,CE,Combined TRACON& Tower with Radar,243,52,96,19,410,0,11,53,1,65,243,63,149,20,475,0,0,0,475
10/05/2022,SAT,TX,ASW,CE,Combined TRACON& Tower with Radar,240,52,102,10,404,0,11,49,3,63,240,63,151,13,467,0,0,0,467
10/06/2022,SAT,TX,ASW,CE,Combined TRACON& Tower with Radar,254,58,123,5,440,0,14,67,1,82,254,72,190,6,522,0,0,0,522
10/07/2022,SAT,TX,ASW,CE,Combined TRACON& Tower with Radar,251,57,89,0,397,0,7,63,1,71,251,64,152,1,468,0,0,0,468
10/08/2022,SAT,TX,ASW,CE,Combined TRACON& Tower with Radar,213,30,65,2,310,0,9,58,3,70,213,39,123,5,380,0,0,0,380
10/09/2022,SAT,TX,ASW,CE,Combined TRACON& Tower with Radar,231,49,87,1,368,0,6,54,1,61,231,55,141,2,429,0,0,0,429
10/10/2022,SAT,TX,ASW,CE,Combined TRACON& Tower with Radar,239,45,96,5,385,0,5,59,4,68,239,50,155,9,453,0,0,0,453
10/11/2022,SAT,TX,ASW,CE,Combined TRACON& Tower with Radar,245,60,81,7,393,0,8,61,3,72,245,68,142,10,465,0,0,0,465
10/12/2022,SAT,TX,ASW,CE,Combined TRACON& Tower with Radar,248,58,120,5,431,0,6,53,4,63,248,64,173,9,494,0,0,0,494
10/13/2022,SAT,TX,ASW,CE,Combined TRACON& Tower with Radar,252,64,113,7,436,0,7,71,0,78,252,71,184,7,514,0,0,0,514
10/14/2022,SAT,TX,ASW,CE,Combined TRACON& Tower with Radar,250,59,114,10,433,0,11,44,2,57,250,70,158,12,490,0,0,0,490
10/15/2022,SAT,TX,ASW,CE,Combined TRACON& Tower with Radar,212,40,53,12,317,0,8,25,0,33,212,48,78,12,350,0,0,0,350
10/16/2022,SAT,TX,ASW,CE,Combined TRACON& Tower with Radar,225,38,97,11,371,0,2,40,0,42,225,40,137,11,413,0,0,0,413
10/17/2022,SAT,TX,ASW,CE,Combined TRACON& Tower with Radar,233,49,105,2,389,0,1,16,0,17,233,50,121,2,406,0,0,0,406
10/18/2022,SAT,TX,ASW,CE,Combined TRACON& Tower with Radar,243,63,68,10,384,0,6,48,3,57,243,69,116,13,441,0,0,0,441
10/19/2022,SAT,TX,ASW,CE,Combined TRACON& Tower with Radar,242,53,85,16,396,0,4,86,0,90,242,57,171,16,486,0,0,0,486
10/20/2022,SAT,TX,ASW,CE,Combined TRACON& Tower with Radar,266,75,121,11,473,0,7,91,4,102,266,82,212,15,575,0,0,0,575
10/21/2022,SAT,TX,ASW,CE,Combined TRACON& Tower with Radar,250,58,126,8,442,0,2,84,4,90,250,60,210,12,532,0,0,0,532
10/22/2022,SAT,TX,ASW,CE,Combined TRACON& Tower with Radar,214,33,61,7,315,0,0,37,1,38,214,33,98,8,353,0,0,0,353
10/23/2022,SAT,TX,ASW,CE,Combined TRACON& Tower with Radar,232,58,110,5,405,0,3,27,0,30,232,61,137,5,435,0,0,0,435
10/24/2022,SAT,TX,ASW,CE,Combined TRACON& Tower with Radar,251,40,95,3,389,0,1,31,0,32,251,41,126,3,421,0,0,0,421
10/25/2022,SAT,TX,ASW,CE,Combined TRACON& Tower with Radar,251,73,92,16,432,0,10,70,1,81,251,83,162,17,513,0,0,0,513
10/26/2022,SAT,TX,ASW,CE,Combined TRACON& Tower with Radar,246,67,125,16,454,0,6,72,5,83,246,73,197,21,537,0,0,0,537
10/27/2022,SAT,TX,ASW,CE,Combined TRACON& Tower with Radar,258,82,138,6,484,0,10,61,4,75,258,92,199,10,559,0,0,0,559
10/28/2022,SAT,TX,ASW,CE,Combined TRACON& Tower with Radar,260,52,95,11,418,0,5,24,2,31,260,57,119,13,449,0,0,0,449
10/29/2022,SAT,TX,ASW,CE,Combined TRACON& Tower with Radar,206,35,93,3,337,0,7,41,2,50,206,42,134,5,387,0,0,0,387
10/30/2022,SAT,TX,ASW,CE,Combined TRACON& Tower with Radar,230,41,113,1,385,0,3,65,0,68,230,44,178,1,453,0,0,0,453
10/31/2022,SAT,TX,ASW,CE,Combined TRACON& Tower with Radar,222,55,86,10,373,0,4,82,2,88,222,59,168,12,461,0,0,0,461
11/01/2022,SAT,TX,ASW,CE,Combined TRACON& Tower with Radar,244,70,103,11,428,0,10,43,0,53,244,80,146,11,481,0,0,0,481
11/02/2022,SAT,TX,ASW,CE,Combined TRACON& Tower with Radar,251,59,117,2,429,0,8,22,0,30,251,67,139,2,459,0,0,0,459
11/03/2022,SAT,TX,ASW,CE,Combined TRACON& Tower with Radar,261,62,124,4,451,0,5,17,2,24,261,67,141,6,475,0,0,0,475
11/04/2022,SAT,TX,ASW,CE,Combined TRACON& Tower with Radar,281,46,96,14,437,0,6,31,4,41,281,52,127,18,478,0,0,0,478
11/05/2022,SAT,TX,ASW,CE,Combined TRACON& Tower with Radar,226,30,60,4,320,0,7,69,0,76,226,37,129,4,396,0,0,0,396
11/06/2022,SAT,TX,ASW,CE,Combined TRACON& Tower with Radar,229,36,75,6,346,0,5,39,5,49,229,41,114,11,395,0,0,0,395
11/07/2022,SAT,TX,ASW,CE,Combined TRACON& Tower with Radar,232,55,109,3,399,0,5,25,0,30,232,60,134,3,429,0,0,0,429
11/08/2022,SAT,TX,ASW,CE,Combined TRACON& Tower with Radar,247,50,108,13,418,0,12,50,1,63,247,62,158,14,481,0,0,0,481
11/09/2022,SAT,TX,ASW,CE,Combined TRACON& Tower with Radar,234,58,111,12,415,0,5,39,0,44,234,63,150,12,459,0,0,0,459
11/10/2022,SAT,TX,ASW,CE,Combined TRACON& Tower with Radar,242,58,137,1,438,0,9,56,1,66,242,67,193,2,504,0,0,0,504
11/11/2022,SAT,TX,ASW,CE,Combined TRACON& Tower with Radar,229,43,105,8,385,0,5,7,1,13,229,48,112,9,398,0,0,0,398
11/12/2022,SAT,TX,ASW,CE,Combined TRACON& Tower with Radar,216,27,60,7,310,0,5,52,3,60,216,32,112,10,370,0,0,0,370
11/13/2022,SAT,TX,ASW,CE,Combined TRACON& Tower with Radar,223,24,87,4,338,0,9,50,1,60,223,33,137,5,398,0,0,0,398
11/14/2022,SAT,TX,ASW,CE,Combined TRACON& Tower with Radar,236,39,101,21,397,0,0,5,0,5,236,39,106,21,402,0,0,0,402
11/15/2022,SAT,TX,ASW,CE,Combined TRACON& Tower with Radar,250,59,114,6,429,0,1,62,6,69,250,60,176,12,498,0,0,0,498
11/16/2022,SAT,TX,ASW,CE,Combined TRACON& Tower with Radar,241,56,106,5,408,0,14,47,1,62,241,70,153,6,470,0,0,0,470
11/17/2022,SAT,TX,ASW,CE,Combined TRACON& Tower with Radar,246,55,130,10,441,0,3,63,2,68,246,58,193,12,509,0,0,0,509
11/18/2022,SAT,TX,ASW,CE,Combined TRACON& Tower with Radar,249,70,120,3,442,0,3,62,3,68,249,73,182,6,510,0,0,0,510
11/19/2022,SAT,TX,ASW,CE,Combined TRACON& Tower with Radar,221,24,80,0,325,0,0,0,0,0,221,24,80,0,325,0,0,0,325
11/20/2022,SAT,TX,ASW,CE,Combined TRACON& Tower with Radar,226,27,55,8,316,0,7,28,1,36,226,34,83,9,352,0,0,0,352
11/21/2022,SAT,TX,ASW,CE,Combined TRACON& Tower with Radar,242,49,110,3,404,0,0,3,0,3,242,49,113,3,407,0,0,0,407
11/22/2022,SAT,TX,ASW,CE,Combined TRACON& Tower with Radar,265,62,71,4,402,0,0,0,0,0,265,62,71,4,402,0,0,0,402
11/23/2022,SAT,TX,ASW,CE,Combined TRACON& Tower with Radar,249,56,118,0,423,0,1,5,0,6,249,57,123,0,429,0,0,0,429
11/24/2022,SAT,TX,ASW,CE,Combined TRACON& Tower with Radar,181,28,15,0,224,0,0,2,0,2,181,28,17,0,226,0,0,0,226
11/25/2022,SAT,TX,ASW,CE,Combined TRACON& Tower with Radar,234,44,56,0,334,0,0,3,0,3,234,44,59,0,337,0,0,0,337
11/26/2022,SAT,TX,ASW,CE,Combined TRACON& Tower with Radar,224,42,76,0,342,0,4,26,0,30,224,46,102,0,372,0,0,0,372
11/27/2022,SAT,TX,ASW,CE,Combined TRACON& Tower with Radar,241,51,110,0,402,0,9,59,0,68,241,60,169,0,470,0,0,0,470
11/28/2022,SAT,TX,ASW,CE,Combined TRACON& Tower with Radar,263,51,87,4,405,0,6,63,1,70,263,57,150,5,475,0,0,0,475
11/29/2022,SAT,TX,ASW,CE,Combined TRACON& Tower with Radar,248,56,93,8,405,0,5,46,2,53,248,61,139,10,458,0,0,0,458
11/30/2022,SAT,TX,ASW,CE,Combined TRACON& Tower with Radar,242,58,97,11,408,0,11,55,1,67,242,69,152,12,475,0,0,0,475
12/01/2022,SAT,TX,ASW,CE,Combined TRACON& Tower with Radar,262,65,134,2,463,0,6,12,0,18,262,71,146,2,481,0,0,0,481
12/02/2022,SAT,TX,ASW,CE,Combined TRACON& Tower with Radar,244,61,96,1,402,0,0,2,0,2,244,61,98,1,404,0,0,0,404
12/03/2022,SAT,TX,ASW,CE,Combined TRACON& Tower with Radar,221,38,95,2,356,0,2,7,0,9,221,40,102,2,365,0,0,0,365
12/04/2022,SAT,TX,ASW,CE,Combined TRACON& Tower with Radar,226,50,80,6,362,0,0,0,0,0,226,50,80,6,362,0,0,0,362
12/05/2022,SAT,TX,ASW,CE,Combined TRACON& Tower with Radar,242,46,106,7,401,0,3,15,0,18,242,49,121,7,419,0,0,0,419
12/06/2022,SAT,TX,ASW,CE,Combined TRACON& Tower with Radar,245,69,116,14,444,0,1,23,0,24,245,70,139,14,468,0,0,0,468
12/07/2022,SAT,TX,ASW,CE,Combined TRACON& Tower with Radar,240,81,107,9,437,0,1,32,0,33,240,82,139,9,470,0,0,0,470
12/08/2022,SAT,TX,ASW,CE,Combined TRACON& Tower with Radar,265,68,141,8,482,0,2,34,0,36,265,70,175,8,518,0,0,0,518
12/09/2022,SAT,TX,ASW,CE,Combined TRACON& Tower with Radar,250,73,116,11,450,0,6,32,0,38,250,79,148,11,488,0,0,0,488
12/10/2022,SAT,TX,ASW,CE,Combined TRACON& Tower with Radar,221,25,60,6,312,0,7,17,0,24,221,32,77,6,336,0,0,0,336
12/11/2022,SAT,TX,ASW,CE,Combined TRACON& Tower with Radar,228,41,91,29,389,0,2,42,5,49,228,43,133,34,438,0,0,0,438
12/12/2022,SAT,TX,ASW,CE,Combined TRACON& Tower with Radar,259,41,103,6,409,0,3,14,0,17,259,44,117,6,426,0,0,0,426
12/13/2022,SAT,TX,ASW,CE,Combined TRACON& Tower with Radar,238,55,105,18,416,0,13,63,0,76,238,68,168,18,492,0,0,0,492
12/14/2022,SAT,TX,ASW,CE,Combined TRACON& Tower with Radar,243,71,110,17,441,0,10,76,1,87,243,81,186,18,528,0,0,0,528
12/15/2022,SAT,TX,ASW,CE,Combined TRACON& Tower with Radar,260,55,124,20,459,0,6,101,0,107,260,61,225,20,566,0,0,0,566
12/16/2022,SAT,TX,ASW,CE,Combined TRACON& Tower with Radar,246,54,117,11,428,0,5,62,1,68,246,59,179,12,496,0,0,0,496
12/17/2022,SAT,TX,ASW,CE,Combined TRACON& Tower with Radar,233,40,79,3,355,0,8,73,7,88,233,48,152,10,443,0,0,0,443
12/18/2022,SAT,TX,ASW,CE,Combined TRACON& Tower with Radar,235,38,74,4,351,0,15,42,0,57,235,53,116,4,408,0,0,0,408
12/19/2022,SAT,TX,ASW,CE,Combined TRACON& Tower with Radar,242,44,91,5,382,0,0,0,0,0,242,44,91,5,382,0,0,0,382
12/20/2022,SAT,TX,ASW,CE,Combined TRACON& Tower with Radar,248,62,103,2,415,0,6,13,2,21,248,68,116,4,436,0,0,0,436
12/21/2022,SAT,TX,ASW,CE,Combined TRACON& Tower with Radar,245,80,88,6,419,0,0,16,0,16,245,80,104,6,435,0,0,0,435
12/22/2022,SAT,TX,ASW,CE,Combined TRACON& Tower with Radar,245,44,105,3,397,0,3,22,1,26,245,47,127,4,423,0,0,0,423
12/23/2022,SAT,TX,ASW,CE,Combined TRACON& Tower with Radar,208,50,48,1,307,0,3,48,0,51,208,53,96,1,358,0,0,0,358
12/24/2022,SAT,TX,ASW,CE,Combined TRACON& Tower with Radar,173,25,31,0,229,0,6,29,2,37,173,31,60,2,266,0,0,0,266
12/25/2022,SAT,TX,ASW,CE,Combined TRACON& Tower with Radar,154,28,32,0,214,0,4,12,2,18,154,32,44,2,232,0,0,0,232
12/26/2022,SAT,TX,ASW,CE,Combined TRACON& Tower with Radar,165,54,103,0,322,0,11,52,0,63,165,65,155,0,385,0,0,0,385
12/27/2022,SAT,TX,ASW,CE,Combined TRACON& Tower with Radar,174,56,100,5,335,0,10,69,3,82,174,66,169,8,417,0,0,0,417
12/28/2022,SAT,TX,ASW,CE,Combined TRACON& Tower with Radar,190,47,78,1,316,0,8,53,1,62,190,55,131,2,378,0,0,0,378
12/29/2022,SAT,TX,ASW,CE,Combined TRACON& Tower with Radar,208,58,107,2,375,0,4,25,0,29,208,62,132,2,404,0,0,0,404
12/30/2022,SAT,TX,ASW,CE,Combined TRACON& Tower with Radar,246,55,101,0,402,0,3,40,2,45,246,58,141,2,447,0,0,0,447
12/31/2022,SAT,TX,ASW,CE,Combined TRACON& Tower with Radar,208,16,34,0,258,0,15,33,0,48,208,31,67,0,306,0,0,0,306
01/01/2023,SAT,TX,ASW,CE,Combined TRACON& Tower with Radar,208,36,50,0,294,0,3,15,0,18,208,39,65,0,312,0,0,0,312
01/02/2023,SAT,TX,ASW,CE,Combined TRACON& Tower with Radar,220,54,105,1,380,0,4,19,1,24,220,58,124,2,404,0,0,0,404
01/03/2023,SAT,TX,ASW,CE,Combined TRACON& Tower with Radar,237,48,107,1,393,0,6,63,3,72,237,54,170,4,465,0,0,0,465
01/04/2023,SAT,TX,ASW,CE,Combined TRACON& Tower with Radar,252,60,87,0,399,0,7,83,2,92,252,67,170,2,491,0,0,0,491
01/05/2023,SAT,TX,ASW,CE,Combined TRACON& Tower with Radar,244,59,85,7,395,0,12,112,2,126,244,71,197,9,521,0,0,0,521
01/06/2023,SAT,TX,ASW,CE,Combined TRACON& Tower with Radar,232,56,91,11,390,0,9,51,1,61,232,65,142,12,451,0,0,0,451
01/07/2023,SAT,TX,ASW,CE,Combined TRACON& Tower with Radar,195,30,49,24,298,0,3,8,3,14,195,33,57,27,312,0,0,0,312
01/08/2023,SAT,TX,ASW,CE,Combined TRACON& Tower with Radar,239,47,93,13,392,0,0,63,2,65,239,47,156,15,457,0,0,0,457
01/09/2023,SAT,TX,ASW,CE,Combined TRACON& Tower with Radar,234,37,67,7,345,0,5,66,5,76,234,42,133,12,421,0,0,0,421
01/10/2023,SAT,TX,ASW,CE,Combined TRACON& Tower with Radar,237,59,107,10,413,0,6,61,2,69,237,65,168,12,482,0,0,0,482
01/11/2023,SAT,TX,ASW,CE,Combined TRACON& Tower with Radar,216,51,110,11,388,0,4,45,2,51,216,55,155,13,439,0,0,0,439
01/12/2023,SAT,TX,ASW,CE,Combined TRACON& Tower with Radar,256,49,113,4,422,0,7,55,3,65,256,56,168,7,487,0,0,0,487
01/13/2023,SAT,TX,ASW,CE,Combined TRACON& Tower with Radar,230,50,76,0,356,0,7,92,2,101,230,57,168,2,457,0,0,0,457
01/14/2023,SAT,TX,ASW,CE,Combined TRACON& Tower with Radar,177,43,43,0,263,0,10,62,1,73,177,53,105,1,336,0,0,0,336
01/15/2023,SAT,TX,ASW,CE,Combined TRACON& Tower with Radar,224,28,48,0,300,0,2,44,0,46,224,30,92,0,346,0,0,0,346
01/16/2023,SAT,TX,ASW,CE,Combined TRACON& Tower with Radar,218,39,101,5,363,0,2,55,1,58,218,41,156,6,421,0,0,0,421
01/17/2023,SAT,TX,ASW,CE,Combined TRACON& Tower with Radar,233,56,103,5,397,0,6,75,5,86,233,62,178,10,483,0,0,0,483
01/18/2023,SAT,TX,ASW,CE,Combined TRACON& Tower with Radar,220,55,88,13,376,0,9,37,4,50,220,64,125,17,426,0,0,0,426
01/19/2023,SAT,TX,ASW,CE,Combined TRACON& Tower with Radar,246,60,104,10,420,0,10,95,4,109,246,70,199,14,529,0,0,0,529
01/20/2023,SAT,TX,ASW,CE,Combined TRACON& Tower with Radar,235,39,89,8,371,0,5,64,2,71,235,44,153,10,442,0,0,0,442
01/21/2023,SAT,TX,ASW,CE,Combined TRACON& Tower with Radar,174,21,53,4,252,0,7,27,2,36,174,28,80,6,288,0,0,0,288
01/22/2023,SAT,TX,ASW,CE,Combined TRACON& Tower with Radar,235,22,73,9,339,0,9,71,4,84,235,31,144,13,423,0,0,0,423
01/23/2023,SAT,TX,ASW,CE,Combined TRACON& Tower with Radar,227,37,89,9,362,0,5,71,2,78,227,42,160,11,440,0,0,0,440
01/24/2023,SAT,TX,ASW,CE,Combined TRACON& Tower with Radar,251,42,65,6,364,0,8,26,3,37,251,50,91,9,401,0,0,0,401
01/25/2023,SAT,TX,ASW,CE,Combined TRACON& Tower with Radar,231,66,90,14,401,0,10,81,2,93,231,76,171,16,494,0,0,0,494
01/26/2023,SAT,TX,ASW,CE,Combined TRACON& Tower with Radar,238,45,109,14,406,0,5,72,6,83,238,50,181,20,489,0,0,0,489
01/27/2023,SAT,TX,ASW,CE,Combined TRACON& Tower with Radar,243,53,96,7,399,0,12,56,0,68,243,65,152,7,467,0,0,0,467
01/28/2023,SAT,TX,ASW,CE,Combined TRACON& Tower with Radar,176,28,61,8,273,0,0,0,0,0,176,28,61,8,273,0,0,0,273
01/29/2023,SAT,TX,ASW,CE,Combined TRACON& Tower with Radar,233,27,76,15,351,0,2,18,3,23,233,29,94,18,374,0,0,0,374
01/30/2023,SAT,TX,ASW,CE,Combined TRACON& Tower with Radar,212,40,75,5,332,0,0,0,0,0,212,40,75,5,332,0,0,0,332
01/31/2023,SAT,TX,ASW,CE,Combined TRACON& Tower with Radar,197,40,70,1,308,0,0,1,0,1,197,40,71,1,309,0,0,0,309
02/01/2023,SAT,TX,ASW,CE,Combined TRACON& Tower with Radar,151,36,50,1,238,0,0,0,0,0,151,36,50,1,238,0,0,0,238
02/02/2023,SAT,TX,ASW,CE,Combined TRACON& Tower with Radar,231,69,93,4,397,0,2,10,0,12,231,71,103,4,409,0,0,0,409
02/03/2023,SAT,TX,ASW,CE,Combined TRACON& Tower with Radar,239,50,85,11,385,0,9,74,1,84,239,59,159,12,469,0,0,0,469
02/04/2023,SAT,TX,ASW,CE,Combined TRACON& Tower with Radar,187,30,52,1,270,0,9,35,0,44,187,39,87,1,314,0,0,0,314
02/05/2023,SAT,TX,ASW,CE,Combined TRACON& Tower with Radar,234,29,74,11,348,0,3,39,1,43,234,32,113,12,391,0,0,0,391
02/06/2023,SAT,TX,ASW,CE,Combined TRACON& Tower with Radar,236,52,81,4,373,0,5,33,2,40,236,57,114,6,413,0,0,0,413
02/07/2023,SAT,TX,ASW,CE,Combined TRACON& Tower with Radar,244,53,60,4,361,0,0,5,0,5,244,53,65,4,366,0,0,0,366
02/08/2023,SAT,TX,ASW,CE,Combined TRACON& Tower with Radar,235,44,102,3,384,0,6,35,0,41,235,50,137,3,425,0,0,0,425
02/09/2023,SAT,TX,ASW,CE,Combined TRACON& Tower with Radar,244,54,131,3,432,0,11,85,3,99,244,65,216,6,531,0,0,0,531
02/10/2023,SAT,TX,ASW,CE,Combined TRACON& Tower with Radar,234,64,89,8,395,0,2,55,4,61,234,66,144,12,456,0,0,0,456
02/11/2023,SAT,TX,ASW,CE,Combined TRACON& Tower with Radar,187,26,60,2,275,0,0,38,1,39,187,26,98,3,314,0,0,0,314
02/12/2023,SAT,TX,ASW,CE,Combined TRACON& Tower with Radar,228,37,63,0,328,0,5,63,2,70,228,42,126,2,398,0,0,0,398
02/13/2023,SAT,TX,ASW,CE,Combined TRACON& Tower with Radar,225,32,86,0,343,0,5,63,0,68,225,37,149,0,411,0,0,0,411
02/14/2023,SAT,TX,ASW,CE,Combined TRACON& Tower with Radar,232,44,66,6,348,0,8,39,7,54,232,52,105,13,402,0,0,0,402
02/15/2023,SAT,TX,ASW,CE,Combined TRACON& Tower with Radar,223,63,112,5,403,0,5,48,1,54,223,68,160,6,457,0,0,0,457
02/16/2023,SAT,TX,ASW,CE,Combined TRACON& Tower with Radar,241,44,98,12,395,0,4,52,7,63,241,48,150,19,458,0,0,0,458
02/17/2023,SAT,TX,ASW,CE,Combined TRACON& Tower with Radar,237,55,97,1,390,0,8,72,4,84,237,63,169,5,474,0,0,0,474
02/18/2023,SAT,TX,ASW,CE,Combined TRACON& Tower with Radar,188,45,50,3,286,0,5,48,1,54,188,50,98,4,340,0,0,0,340
02/19/2023,SAT,TX,ASW,CE,Combined TRACON& Tower with Radar,226,26,64,2,318,0,5,42,4,51,226,31,106,6,369,0,0,0,369
02/20/2023,SAT,TX,ASW,CE,Combined TRACON& Tower with Radar,232,41,135,4,412,0,2,27,0,29,232,43,162,4,441,0,0,0,441
02/21/2023,SAT,TX,ASW,CE,Combined TRACON& Tower with Radar,233,56,100,14,403,0,10,53,6,69,233,66,153,20,472,0,0,0,472
02/22/2023,SAT,TX,ASW,CE,Combined TRACON& Tower with Radar,235,60,100,10,405,0,2,38,7,47,235,62,138,17,452,0,0,0,452
02/23/2023,SAT,TX,ASW,CE,Combined TRACON& Tower with Radar,242,48,118,13,421,0,5,43,2,50,242,53,161,15,471,0,0,0,471
02/24/2023,SAT,TX,ASW,CE,Combined TRACON& Tower with Radar,242,46,134,9,431,0,1,9,0,10,242,47,143,9,441,0,0,0,441
02/25/2023,SAT,TX,ASW,CE,Combined TRACON& Tower with Radar,185,26,69,10,290,0,1,6,0,7,185,27,75,10,297,0,0,0,297
02/26/2023,SAT,TX,ASW,CE,Combined TRACON& Tower with Radar,233,25,80,12,350,0,3,11,1,15,233,28,91,13,365,0,0,0,365
02/27/2023,SAT,TX,ASW,CE,Combined TRACON& Tower with Radar,238,67,92,10,407,0,6,70,3,79,238,73,162,13,486,0,0,0,486
02/28/2023,SAT,TX,ASW,CE,Combined TRACON& Tower with Radar,242,72,93,0,407,0,7,64,4,75,242,79,157,4,482,0,0,0,482
03/01/2023,SAT,TX,ASW,CE,Combined TRACON& Tower with Radar,239,58,116,3,416,0,7,32,4,43,239,65,148,7,459,0,0,0,459
03/02/2023,SAT,TX,ASW,CE,Combined TRACON& Tower with Radar,256,34,104,3,397,0,4,36,0,40,256,38,140,3,437,0,0,0,437
03/03/2023,SAT,TX,ASW,CE,Combined TRACON& Tower with Radar,244,61,93,11,409,0,6,51,0,57,244,67,144,11,466,0,0,0,466
03/04/2023,SAT,TX,ASW,CE,Combined TRACON& Tower with Radar,194,33,44,4,275,0,9,51,3,63,194,42,95,7,338,0,0,0,338
03/05/2023,SAT,TX,ASW,CE,Combined TRACON& Tower with Radar,228,40,68,6,342,0,2,42,2,46,228,42,110,8,388,0,0,0,388
03/06/2023,SAT,TX,ASW,CE,Combined TRACON& Tower with Radar,237,35,90,6,368,0,4,29,0,33,237,39,119,6,401,0,0,0,401
03/07/2023,SAT,TX,ASW,CE,Combined TRACON& Tower with Radar,242,58,84,13,397,0,2,22,0,24,242,60,106,13,421,0,0,0,421
03/08/2023,SAT,TX,ASW,CE,Combined TRACON& Tower with Radar,241,51,89,27,408,0,10,28,0,38,241,61,117,27,446,0,0,0,446
03/09/2023,SAT,TX,ASW,CE,Combined TRACON& Tower with Radar,262,69,141,5,477,0,3,37,2,42,262,72,178,7,519,0,0,0,519
03/10/2023,SAT,TX,ASW,CE,Combined TRACON& Tower with Radar,253,77,122,11,463,0,15,41,2,58,253,92,163,13,521,0,0,0,521
03/11/2023,SAT,TX,ASW,CE,Combined TRACON& Tower with Radar,198,56,81,6,341,0,11,30,3,44,198,67,111,9,385,0,0,0,385
03/12/2023,SAT,TX,ASW,CE,Combined TRACON& Tower with Radar,232,32,59,5,328,0,7,41,5,53,232,39,100,10,381,0,0,0,381
03/13/2023,SAT,TX,ASW,CE,Combined TRACON& Tower with Radar,249,41,74,10,374,0,13,53,0,66,249,54,127,10,440,0,0,0,440
03/14/2023,SAT,TX,ASW,CE,Combined TRACON& Tower with Radar,253,57,67,18,395,0,20,47,9,76,253,77,114,27,471,0,0,0,471
03/15/2023,SAT,TX,ASW,CE,Combined TRACON& Tower with Radar,243,42,88,14,387,0,17,33,2,52,243,59,121,16,439,0,0,0,439
03/16/2023,SAT,TX,ASW,CE,Combined TRACON& Tower with Radar,283,65,105,4,457,0,6,12,1,19,283,71,117,5,476,0,0,0,476
03/17/2023,SAT,TX,ASW,CE,Combined TRACON& Tower with Radar,266,49,83,10,408,0,5,30,2,37,266,54,113,12,445,0,0,0,445
03/18/2023,SAT,TX,ASW,CE,Combined TRACON& Tower with Radar,195,39,68,2,304,0,4,10,0,14,195,43,78,2,318,0,0,0,318
03/19/2023,SAT,TX,ASW,CE,Combined TRACON& Tower with Radar,237,41,109,2,389,0,7,46,3,56,237,48,155,5,445,0,0,0,445
03/20/2023,SAT,TX,ASW,CE,Combined TRACON& Tower with Radar,249,67,95,11,422,0,13,31,0,44,249,80,126,11,466,0,0,0,466
03/21/2023,SAT,TX,ASW,CE,Combined TRACON& Tower with Radar,247,42,113,7,409,0,2,0,0,2,247,44,113,7,411,0,0,0,411
03/22/2023,SAT,TX,ASW,CE,Combined TRACON& Tower with Radar,244,56,98,10,408,0,13,15,2,30,244,69,113,12,438,0,0,0,438
03/23/2023,SAT,TX,ASW,CE,Combined TRACON& Tower with Radar,253,60,118,8,439,0,13,52,3,68,253,73,170,11,507,0,0,0,507
03/24/2023,SAT,TX,ASW,CE,Combined TRACON& Tower with Radar,253,47,106,11,417,0,16,35,5,56,253,63,141,16,473,0,0,0,473
03/25/2023,SAT,TX,ASW,CE,Combined TRACON& Tower with Radar,190,30,59,35,314,0,25,27,6,58,190,55,86,41,372,0,0,0,372
03/26/2023,SAT,TX,ASW,CE,Combined TRACON& Tower with Radar,240,24,94,20,378,0,13,23,2,38,240,37,117,22,416,0,0,0,416
03/27/2023,SAT,TX,ASW,CE,Combined TRACON& Tower with Radar,255,39,126,1,421,0,10,25,1,36,255,49,151,2,457,0,0,0,457
03/28/2023,SAT,TX,ASW,CE,Combined TRACON& Tower with Radar,246,44,116,8,414,0,7,29,3,39,246,51,145,11,453,0,0,0,453
03/29/2023,SAT,TX,ASW,CE,Combined TRACON& Tower with Radar,240,60,111,13,424,0,25,55,3,83,240,85,166,16,507,0,0,0,507
03/30/2023,SAT,TX,ASW,CE,Combined TRACON& Tower with Radar,263,77,123,0,463,0,8,5,0,13,263,85,128,0,476,0,0,0,476
03/31/2023,SAT,TX,ASW,CE,Combined TRACON& Tower with Radar,249,66,105,6,426,0,15,35,4,54,249,81,140,10,480,0,0,0,480
04/01/2023,SAT,TX,ASW,CE,Combined TRACON& Tower with Radar,188,55,72,2,317,0,20,36,0,56,188,75,108,2,373,0,0,0,373
04/02/2023,SAT,TX,ASW,CE,Combined TRACON& Tower with Radar,233,44,74,2,353,0,14,14,0,28,233,58,88,2,381,0,0,0,381
04/03/2023,SAT,TX,ASW,CE,Combined TRACON& Tower with Radar,255,53,91,9,408,0,30,34,2,66,255,83,125,11,474,0,0,0,474
04/04/2023,SAT,TX,ASW,CE,Combined TRACON& Tower with Radar,251,65,97,21,434,0,25,27,1,53,251,90,124,22,487,0,0,0,487
04/05/2023,SAT,TX,ASW,CE,Combined TRACON& Tower with Radar,273,55,103,17,448,0,19,22,0,41,273,74,125,17,489,0,0,0,489
04/06/2023,SAT,TX,ASW,CE,Combined TRACON& Tower with Radar,257,49,73,1,380,0,1,1,0,2,257,50,74,1,382,0,0,0,382
04/07/2023,SAT,TX,ASW,CE,Combined TRACON& Tower with Radar,255,52,60,0,367,0,0,0,0,0,255,52,60,0,367,0,0,0,367
04/08/2023,SAT,TX,ASW,CE,Combined TRACON& Tower with Radar,201,29,58,0,288,0,23,6,0,29,201,52,64,0,317,0,0,0,317
04/09/2023,SAT,TX,ASW,CE,Combined TRACON& Tower with Radar,233,36,70,0,339,0,19,10,0,29,233,55,80,0,368,0,0,0,368
04/10/2023,SAT,TX,ASW,CE,Combined TRACON& Tower with Radar,248,49,109,9,415,0,14,11,0,25,248,63,120,9,440,0,0,0,440
04/11/2023,SAT,TX,ASW,CE,Combined TRACON& Tower with Radar,262,67,94,5,428,0,26,40,1,67,262,93,134,6,495,0,0,0,495
04/12/2023,SAT,TX,ASW,CE,Combined TRACON& Tower with Radar,261,50,85,8,404,0,49,40,1,90,261,99,125,9,494,0,0,0,494
04/13/2023,SAT,TX,ASW,CE,Combined TRACON& Tower with Radar,262,58,117,2,439,0,57,50,0,107,262,115,167,2,546,0,0,0,546
04/14/2023,SAT,TX,ASW,CE,Combined TRACON& Tower with Radar,257,48,123,9,437,0,17,15,0,32,257,65,138,9,469,0,0,0,469
04/15/2023,SAT,TX,ASW,CE,Combined TRACON& Tower with Radar,194,40,48,10,292,0,22,24,8,54,194,62,72,18,346,0,0,0,346
04/16/2023,SAT,TX,ASW,CE,Combined TRACON& Tower with Radar,242,49,74,9,374,0,23,40,4,67,242,72,114,13,441,0,0,0,441
04/17/2023,SAT,TX,ASW,CE,Combined TRACON& Tower with Radar,250,47,78,17,392,0,34,65,3,102,250,81,143,20,494,0,0,0,494
04/18/2023,SAT,TX,ASW,CE,Combined TRACON& Tower with Radar,265,43,102,5,415,0,2,21,0,23,265,45,123,5,438,0,0,0,438
04/19/2023,SAT,TX,ASW,CE,Combined TRACON& Tower with Radar,260,47,128,3,438,0,18,12,1,31,260,65,140,4,469,0,0,0,469
04/20/2023,SAT,TX,ASW,CE,Combined TRACON& Tower with Radar,261,70,109,1,441,0,6,16,0,22,261,76,125,1,463,0,0,0,463
04/21/2023,SAT,TX,ASW,CE,Combined TRACON& Tower with Radar,269,55,100,6,430,0,36,38,2,76,269,91,138,8,506,0,0,0,506
04/22/2023,SAT,TX,ASW,CE,Combined TRACON& Tower with Radar,201,30,59,4,294,0,59,30,0,89,201,89,89,4,383,0,0,0,383
04/23/2023,SAT,TX,ASW,CE,Combined TRACON& Tower with Radar,243,31,63,10,347,0,7,6,2,15,243,38,69,12,362,0,0,0,362
04/24/2023,SAT,TX,ASW,CE,Combined TRACON& Tower with Radar,248,38,99,11,396,0,26,23,2,51,248,64,122,13,447,0,0,0,447
04/25/2023,SAT,TX,ASW,CE,Combined TRACON& Tower with Radar,261,50,85,2,398,0,16,5,4,25,261,66,90,6,423,0,0,0,423
04/26/2023,SAT,TX,ASW,CE,Combined TRACON& Tower with Radar,258,42,107,1,408,0,33,21,2,56,258,75,128,3,464,0,0,0,464
04/27/2023,SAT,TX,ASW,CE,Combined TRACON& Tower with Radar,261,68,108,8,445,0,28,56,3,87,261,96,164,11,532,0,0,0,532
04/28/2023,SAT,TX,ASW,CE,Combined TRACON& Tower with Radar,249,41,80,4,374,0,17,26,3,46,249,58,106,7,420,0,3,3,423
04/29/2023,SAT,TX,ASW,CE,Combined TRACON& Tower with Radar,210,26,45,3,284,0,32,35,3,70,210,58,80,6,354,0,0,0,354
04/30/2023,SAT,TX,ASW,CE,Combined TRACON& Tower with Radar,237,37,97,5,376,0,44,53,2,99,237,81,150,7,475,0,0,0,475
05/01/2023,SAT,TX,ASW,CE,Combined TRACON& Tower with Radar,255,41,85,11,392,0,37,50,5,92,255,78,135,16,484,0,0,0,484
05/02/2023,SAT,TX,ASW,CE,Combined TRACON& Tower with Radar,260,37,101,6,404,0,36,25,1,62,260,73,126,7,466,0,0,0,466
05/03/2023,SAT,TX,ASW,CE,Combined TRACON& Tower with Radar,260,68,113,5,446,0,38,45,1,84,260,106,158,6,530,0,0,0,530
05/04/2023,SAT,TX,ASW,CE,Combined TRACON& Tower with Radar,261,68,106,2,437,0,15,19,1,35,261,83,125,3,472,0,0,0,472
05/05/2023,SAT,TX,ASW,CE,Combined TRACON& Tower with Radar,263,64,94,9,430,0,31,45,4,80,263,95,139,13,510,13,0,13,523
05/06/2023,SAT,TX,ASW,CE,Combined TRACON& Tower with Radar,202,43,67,5,317,0,14,12,2,28,202,57,79,7,345,0,0,0,345
05/07/2023,SAT,TX,ASW,CE,Combined TRACON& Tower with Radar,245,40,77,6,368,0,12,17,4,33,245,52,94,10,401,0,0,0,401
05/08/2023,SAT,TX,ASW,CE,Combined TRACON& Tower with Radar,291,42,74,7,414,0,21,39,3,63,291,63,113,10,477,0,0,0,477
05/09/2023,SAT,TX,ASW,CE,Combined TRACON& Tower with Radar,286,47,97,2,432,0,9,5,0,14,286,56,102,2,446,0,0,0,446
05/10/2023,SAT,TX,ASW,CE,Combined TRACON& Tower with Radar,261,62,86,6,415,0,21,13,3,37,261,83,99,9,452,0,0,0,452
05/11/2023,SAT,TX,ASW,CE,Combined TRACON& Tower with Radar,265,67,107,6,445,0,19,32,3,54,265,86,139,9,499,0,0,0,499
05/12/2023,SAT,TX,ASW,CE,Combined TRACON& Tower with Radar,270,49,95,6,420,0,10,8,0,18,270,59,103,6,438,6,0,6,444
05/13/2023,SAT,TX,ASW,CE,Combined TRACON& Tower with Radar,227,24,42,2,295,0,12,10,0,22,227,36,52,2,317,0,0,0,317
05/14/2023,SAT,TX,ASW,CE,Combined TRACON& Tower with Radar,289,39,55,9,392,0,19,19,0,38,289,58,74,9,430,0,0,0,430
05/15/2023,SAT,TX,ASW,CE,Combined TRACON& Tower with Radar,266,39,80,5,390,0,1,14,0,15,266,40,94,5,405,0,0,0,405
05/16/2023,SAT,TX,ASW,CE,Combined TRACON& Tower with Radar,271,54,116,4,445,0,26,14,0,40,271,80,130,4,485,0,0,0,485
05/17/2023,SAT,TX,ASW,CE,Combined TRACON& Tower with Radar,272,64,117,6,459,1,51,47,1,100,273,115,164,7,559,0,0,0,559
05/18/2023,SAT,TX,ASW,CE,Combined TRACON& Tower with Radar,266,63,121,9,459,0,48,43,5,96,266,111,164,14,555,0,0,0,555
05/19/2023,SAT,TX,ASW,CE,Combined TRACON& Tower with Radar,283,53,103,2,441,1,23,37,5,66,284,76,140,7,507,0,0,0,507
05/20/2023,SAT,TX,ASW,CE,Combined TRACON& Tower with Radar,220,24,59,2,305,0,20,13,0,33,220,44,72,2,338,0,0,0,338
05/21/2023,SAT,TX,ASW,CE,Combined TRACON& Tower with Radar,260,30,82,1,373,0,3,14,1,18,260,33,96,2,391,0,0,0,391
05/22/2023,SAT,TX,ASW,CE,Combined TRACON& Tower with Radar,269,50,91,12,422,0,39,45,4,88,269,89,136,16,510,0,0,0,510
05/23/2023,SAT,TX,ASW,CE,Combined TRACON& Tower with Radar,270,60,72,10,412,0,44,34,5,83,270,104,106,15,495,0,0,0,495
05/24/2023,SAT,TX,ASW,CE,Combined TRACON& Tower with Radar,267,63,114,3,447,0,18,55,3,76,267,81,169,6,523,0,0,0,523
05/25/2023,SAT,TX,ASW,CE,Combined TRACON& Tower with Radar,271,60,113,6,450,0,34,38,2,74,271,94,151,8,524,0,0,0,524
05/26/2023,SAT,TX,ASW,CE,Combined TRACON& Tower with Radar,266,69,91,2,428,0,28,43,1,72,266,97,134,3,500,0,0,0,500
05/27/2023,SAT,TX,ASW,CE,Combined TRACON& Tower with Radar,211,33,35,0,279,0,35,15,0,50,211,68,50,0,329,0,0,0,329
05/28/2023,SAT,TX,ASW,CE,Combined TRACON& Tower with Radar,235,28,43,3,309,0,7,24,2,33,235,35,67,5,342,0,0,0,342
05/29/2023,SAT,TX,ASW,CE,Combined TRACON& Tower with Radar,262,32,72,1,367,0,8,18,1,27,262,40,90,2,394,0,0,0,394
05/30/2023,SAT,TX,ASW,CE,Combined TRACON& Tower with Radar,271,39,88,14,412,0,27,47,5,79,271,66,135,19,491,0,0,0,491
05/31/2023,SAT,TX,ASW,CE,Combined TRACON& Tower with Radar,271,49,73,8,401,0,22,39,5,66,271,71,112,13,467,0,0,0,467
06/01/2023,SAT,TX,ASW,CE,Combined TRACON& Tower with Radar,270,54,104,10,438,0,22,38,3,63,270,76,142,13,501,0,0,0,501
06/02/2023,SAT,TX,ASW,CE,Combined TRACON& Tower with Radar,276,44,91,0,411,1,20,22,1,44,277,64,113,1,455,0,0,0,455
06/03/2023,SAT,TX,ASW,CE,Combined TRACON& Tower with Radar,213,34,55,6,308,1,30,24,1,56,214,64,79,7,364,0,0,0,364
06/04/2023,SAT,TX,ASW,CE,Combined TRACON& Tower with Radar,261,39,81,3,384,0,17,16,0,33,261,56,97,3,417,0,0,0,417
06/05/2023,SAT,TX,ASW,CE,Combined TRACON& Tower with Radar,281,38,68,5,392,0,12,24,4,40,281,50,92,9,432,0,0,0,432
06/06/2023,SAT,TX,ASW,CE,Combined TRACON& Tower with Radar,270,55,61,0,386,0,42,31,7,80,270,97,92,7,466,0,0,0,466
06/07/2023,SAT,TX,ASW,CE,Combined TRACON& Tower with Radar,281,49,77,5,412,0,65,61,47,173,281,114,138,52,585,0,0,0,585
06/08/2023,SAT,TX,ASW,CE,Combined TRACON& Tower with Radar,305,83,91,0,479,0,20,46,9,75,305,103,137,9,554,0,0,0,554
06/09/2023,SAT,TX,ASW,CE,Combined TRACON& Tower with Radar,273,49,98,7,427,0,51,42,6,99,273,100,140,13,526,7,0,7,533
06/10/2023,SAT,TX,ASW,CE,Combined TRACON& Tower with Radar,223,43,37,1,304,0,9,21,1,31,223,52,58,2,335,0,0,0,335
06/11/2023,SAT,TX,ASW,CE,Combined TRACON& Tower with Radar,257,30,59,11,357,0,13,40,8,61,257,43,99,19,418,0,0,0,418
06/12/2023,SAT,TX,ASW,CE,Combined TRACON& Tower with Radar,270,41,91,20,422,0,19,36,4,59,270,60,127,24,481,0,0,0,481
06/13/2023,SAT,TX,ASW,CE,Combined TRACON& Tower with Radar,267,47,104,17,435,0,18,16,1,35,267,65,120,18,470,0,0,0,470
06/14/2023,SAT,TX,ASW,CE,Combined TRACON& Tower with Radar,260,50,98,8,416,0,20,26,6,52,260,70,124,14,468,0,0,0,468
06/15/2023,SAT,TX,ASW,CE,Combined TRACON& Tower with Radar,269,54,108,13,444,0,5,28,8,41,269,59,136,21,485,0,0,0,485
06/16/2023,SAT,TX,ASW,CE,Combined TRACON& Tower with Radar,283,49,100,14,446,0,22,48,7,77,283,71,148,21,523,0,0,0,523
06/17/2023,SAT,TX,ASW,CE,Combined TRACON& Tower with Radar,230,42,63,8,343,0,14,20,2,36,230,56,83,10,379,1,0,1,380
06/18/2023,SAT,TX,ASW,CE,Combined TRACON& Tower with Radar,244,30,49,5,328,0,12,23,2,37,244,42,72,7,365,0,0,0,365
06/19/2023,SAT,TX,ASW,CE,Combined TRACON& Tower with Radar,276,46,74,6,402,0,25,26,4,55,276,71,100,10,457,0,0,0,457
06/20/2023,SAT,TX,ASW,CE,Combined TRACON& Tower with Radar,261,40,101,10,412,0,30,26,1,57,261,70,127,11,469,0,0,0,469
06/21/2023,SAT,TX,ASW,CE,Combined TRACON& Tower with Radar,270,56,126,8,460,0,29,34,1,64,270,85,160,9,524,0,0,0,524
06/22/2023,SAT,TX,ASW,CE,Combined TRACON& Tower with Radar,267,60,113,9,449,0,14,36,1,51,267,74,149,10,500,0,0,0,500
06/23/2023,SAT,TX,ASW,CE,Combined TRACON& Tower with Radar,276,54,82,26,438,0,19,27,6,52,276,73,109,32,490,0,0,0,490
06/24/2023,SAT,TX,ASW,CE,Combined TRACON& Tower with Radar,233,39,44,9,325,0,12,23,5,40,233,51,67,14,365,0,0,0,365
06/25/2023,SAT,TX,ASW,CE,Combined TRACON& Tower with Radar,231,34,63,14,342,0,27,17,3,47,231,61,80,17,389,0,0,0,389
06/26/2023,SAT,TX,ASW,CE,Combined TRACON& Tower with Radar,259,45,78,10,392,0,36,41,4,81,259,81,119,14,473,0,0,0,473
06/27/2023,SAT,TX,ASW,CE,Combined TRACON& Tower with Radar,253,60,86,8,407,0,41,58,8,107,253,101,144,16,514,0,0,0,514
06/28/2023,SAT,TX,ASW,CE,Combined TRACON& Tower with Radar,248,65,102,6,421,0,32,61,0,93,248,97,163,6,514,0,0,0,514
06/29/2023,SAT,TX,ASW,CE,Combined TRACON& Tower with Radar,271,66,115,13,465,0,20,53,6,79,271,86,168,19,544,0,0,0,544
06/30/2023,SAT,TX,ASW,CE,Combined TRACON& Tower with Radar,280,57,112,4,453,0,27,37,2,66,280,84,149,6,519,0,0,0,519
07/01/2023,SAT,TX,ASW,CE,Combined TRACON& Tower with Radar,228,40,62,0,330,0,18,22,0,40,228,58,84,0,370,0,0,0,370
07/02/2023,SAT,TX,ASW,CE,Combined TRACON& Tower with Radar,281,31,46,0,358,0,22,26,0,48,281,53,72,0,406,0,0,0,406
07/03/2023,SAT,TX,ASW,CE,Combined TRACON& Tower with Radar,241,26,43,0,310,0,34,33,0,67,241,60,76,0,377,0,0,0,377
07/04/2023,SAT,TX,ASW,CE,Combined TRACON& Tower with Radar,219,18,29,0,266,0,27,18,5,50,219,45,47,5,316,0,0,0,316
07/05/2023,SAT,TX,ASW,CE,Combined TRACON& Tower with Radar,254,48,79,12,393,0,22,29,4,55,254,70,108,16,448,0,0,0,448
07/06/2023,SAT,TX,ASW,CE,Combined TRACON& Tower with Radar,271,51,78,2,402,0,11,26,5,42,271,62,104,7,444,0,0,0,444
07/07/2023,SAT,TX,ASW,CE,Combined TRACON& Tower with Radar,270,55,73,3,401,0,14,21,0,35,270,69,94,3,436,0,0,0,436
07/08/2023,SAT,TX,ASW,CE,Combined TRACON& Tower with Radar,234,46,58,17,355,0,21,28,2,51,234,67,86,19,406,0,0,0,406
07/09/2023,SAT,TX,ASW,CE,Combined TRACON& Tower with Radar,254,26,69,20,369,0,15,27,1,43,254,41,96,21,412,0,0,0,412
07/10/2023,SAT,TX,ASW,CE,Combined TRACON& Tower with Radar,274,46,91,6,417,0,27,34,1,62,274,73,125,7,479,0,0,0,479
07/11/2023,SAT,TX,ASW,CE,Combined TRACON& Tower with Radar,275,53,97,7,432,0,27,38,1,66,275,80,135,8,498,0,0,0,498
07/12/2023,SAT,TX,ASW,CE,Combined TRACON& Tower with Radar,278,69,100,15,462,0,30,36,2,68,278,99,136,17,530,0,0,0,530
07/13/2023,SAT,TX,ASW,CE,Combined TRACON& Tower with Radar,290,64,80,13,447,0,18,51,6,75,290,82,131,19,522,0,0,0,522
07/14/2023,SAT,TX,ASW,CE,Combined TRACON& Tower with Radar,284,57,74,2,417,0,8,33,0,41,284,65,107,2,458,0,3,3,461
07/15/2023,SAT,TX,ASW,CE,Combined TRACON& Tower with Radar,240,36,39,9,324,0,19,22,1,42,240,55,61,10,366,0,0,0,366
07/16/2023,SAT,TX,ASW,CE,Combined TRACON& Tower with Radar,236,20,62,11,329,1,30,42,8,81,237,50,104,19,410,0,0,0,410
07/17/2023,SAT,TX,ASW,CE,Combined TRACON& Tower with Radar,279,55,63,2,399,0,29,47,3,79,279,84,110,5,478,0,0,0,478
07/18/2023,SAT,TX,ASW,CE,Combined TRACON& Tower with Radar,272,47,82,3,404,0,22,42,1,65,272,69,124,4,469,0,0,0,469
07/19/2023,SAT,TX,ASW,CE,Combined TRACON& Tower with Radar,275,58,83,4,420,0,19,49,3,71,275,77,132,7,491,0,0,0,491
07/20/2023,SAT,TX,ASW,CE,Combined TRACON& Tower with Radar,276,59,104,5,444,0,20,39,2,61,276,79,143,7,505,0,0,0,505
07/21/2023,SAT,TX,ASW,CE,Combined TRACON& Tower with Radar,281,35,77,8,401,0,16,43,0,59,281,51,120,8,460,0,0,0,460
07/22/2023,SAT,TX,ASW,CE,Combined TRACON& Tower with Radar,249,45,58,7,359,0,19,27,5,51,249,64,85,12,410,0,0,0,410
07/23/2023,SAT,TX,ASW,CE,Combined TRACON& Tower with Radar,242,28,65,6,341,0,11,35,2,48,242,39,100,8,389,0,0,0,389
07/24/2023,SAT,TX,ASW,CE,Combined TRACON& Tower with Radar,285,58,63,1,407,0,14,34,4,52,285,72,97,5,459,0,0,0,459
07/25/2023,SAT,TX,ASW,CE,Combined TRACON& Tower with Radar,271,42,69,7,389,0,6,54,5,65,271,48,123,12,454,0,0,0,454
07/26/2023,SAT,TX,ASW,CE,Combined TRACON& Tower with Radar,271,54,101,6,432,0,11,43,2,56,271,65,144,8,488,0,0,0,488
07/27/2023,SAT,TX,ASW,CE,Combined TRACON& Tower with Radar,288,48,135,2,473,0,15,51,6,72,288,63,186,8,545,0,0,0,545
07/28/2023,SAT,TX,ASW,CE,Combined TRACON& Tower with Radar,280,48,69,9,406,0,17,38,0,55,280,65,107,9,461,0,0,0,461
07/29/2023,SAT,TX,ASW,CE,Combined TRACON& Tower with Radar,239,38,50,3,330,0,21,27,0,48,239,59,77,3,378,0,0,0,378
07/30/2023,SAT,TX,ASW,CE,Combined TRACON& Tower with Radar,249,48,57,8,362,0,27,18,2,47,249,75,75,10,409,0,0,0,409
07/31/2023,SAT,TX,ASW,CE,Combined TRACON& Tower with Radar,280,49,65,5,399,0,28,41,0,69,280,77,106,5,468,0,0,0,468
08/01/2023,SAT,TX,ASW,CE,Combined TRACON& Tower with Radar,275,53,103,2,433,0,36,43,5,84,275,89,146,7,517,0,0,0,517
08/02/2023,SAT,TX,ASW,CE,Combined TRACON& Tower with Radar,284,44,77,4,409,0,26,45,7,78,284,70,122,11,487,0,0,0,487
08/03/2023,SAT,TX,ASW,CE,Combined TRACON& Tower with Radar,274,57,73,6,410,0,25,35,2,62,274,82,108,8,472,0,0,0,472
08/04/2023,SAT,TX,ASW,CE,Combined TRACON& Tower with Radar,289,55,75,3,422,0,27,44,2,73,289,82,119,5,495,0,0,0,495
08/05/2023,SAT,TX,ASW,CE,Combined TRACON& Tower with Radar,253,25,50,0,328,0,19,43,3,65,253,44,93,3,393,0,0,0,393
08/06/2023,SAT,TX,ASW,CE,Combined TRACON& Tower with Radar,241,36,62,6,345,0,21,35,5,61,241,57,97,11,406,0,0,0,406
08/07/2023,SAT,TX,ASW,CE,Combined TRACON& Tower with Radar,276,40,102,10,428,0,22,37,2,61,276,62,139,12,489,0,0,0,489
08/08/2023,SAT,TX,ASW,CE,Combined TRACON& Tower with Radar,279,56,80,7,422,0,31,35,5,71,279,87,115,12,493,0,0,0,493
08/09/2023,SAT,TX,ASW,CE,Combined TRACON& Tower with Radar,280,55,95,15,445,0,16,32,3,51,280,71,127,18,496,0,0,0,496
08/10/2023,SAT,TX,ASW,CE,Combined TRACON& Tower with Radar,278,52,101,5,436,0,12,41,2,55,278,64,142,7,491,0,0,0,491
08/11/2023,SAT,TX,ASW,CE,Combined TRACON& Tower with Radar,278,51,87,13,429,0,9,47,1,57,278,60,134,14,486,0,0,0,486
08/12/2023,SAT,TX,ASW,CE,Combined TRACON& Tower with Radar,248,33,41,2,324,0,12,26,0,38,248,45,67,2,362,0,0,0,362
08/13/2023,SAT,TX,ASW,CE,Combined TRACON& Tower with Radar,250,32,52,1,335,0,16,30,2,48,250,48,82,3,383,0,0,0,383
08/14/2023,SAT,TX,ASW,CE,Combined TRACON& Tower with Radar,276,44,64,10,394,0,27,26,0,53,276,71,90,10,447,0,0,0,447
08/15/2023,SAT,TX,ASW,CE,Combined TRACON& Tower with Radar,266,54,84,8,412,0,37,25,7,69,266,91,109,15,481,0,0,0,481
08/16/2023,SAT,TX,ASW,CE,Combined TRACON& Tower with Radar,267,51,76,5,399,0,27,27,11,65,267,78,103,16,464,0,0,0,464
08/17/2023,SAT,TX,ASW,CE,Combined TRACON& Tower with Radar,267,51,97,5,420,0,34,39,6,79,267,85,136,11,499,0,0,0,499
08/18/2023,SAT,TX,ASW,CE,Combined TRACON& Tower with Radar,278,57,78,10,423,0,35,52,9,96,278,92,130,19,519,0,0,0,519
08/19/2023,SAT,TX,ASW,CE,Combined TRACON& Tower with Radar,238,44,48,2,332,0,22,26,2,50,238,66,74,4,382,0,0,0,382
08/20/2023,SAT,TX,ASW,CE,Combined TRACON& Tower with Radar,243,38,61,8,350,0,16,33,7,56,243,54,94,15,406,0,0,0,406
08/21/2023,SAT,TX,ASW,CE,Combined TRACON& Tower with Radar,259,37,88,5,389,0,33,32,3,68,259,70,120,8,457,0,0,0,457
08/22/2023,SAT,TX,ASW,CE,Combined TRACON& Tower with Radar,274,40,57,9,380,0,2,14,2,18,274,42,71,11,398,0,0,0,398
08/23/2023,SAT,TX,ASW,CE,Combined TRACON& Tower with Radar,257,46,91,15,409,0,24,24,4,52,257,70,115,19,461,0,0,0,461
08/24/2023,SAT,TX,ASW,CE,Combined TRACON& Tower with Radar,275,44,111,4,434,0,43,41,7,91,275,87,152,11,525,0,0,0,525
08/25/2023,SAT,TX,ASW,CE,Combined TRACON& Tower with Radar,262,47,78,7,394,0,26,32,7,65,262,73,110,14,459,0,0,0,459
08/26/2023,SAT,TX,ASW,CE,Combined TRACON& Tower with Radar,247,26,50,22,345,0,32,27,7,66,247,58,77,29,411,0,0,0,411
08/27/2023,SAT,TX,ASW,CE,Combined TRACON& Tower with Radar,272,37,78,10,397,0,25,27,5,57,272,62,105,15,454,0,0,0,454
08/28/2023,SAT,TX,ASW,CE,Combined TRACON& Tower with Radar,262,50,65,1,378,0,18,27,6,51,262,68,92,7,429,0,0,0,429
08/29/2023,SAT,TX,ASW,CE,Combined TRACON& Tower with Radar,260,53,72,14,399,0,20,49,4,73,260,73,121,18,472,0,0,0,472
08/30/2023,SAT,TX,ASW,CE,Combined TRACON& Tower with Radar,272,46,96,4,418,0,31,48,4,83,272,77,144,8,501,0,0,0,501
08/31/2023,SAT,TX,ASW,CE,Combined TRACON& Tower with Radar,273,57,90,9,429,0,29,59,8,96,273,86,149,17,525,0,0,0,525
