01/01/2000,SAV,GA,ASO,ES,Towers with Radar,18,19,31,0,68,14,3,25,0,42,32,22,56,0,110,22,0,22,132
01/02/2000,SAV,GA,ASO,ES,Towers with Radar,43,22,74,0,139,2,0,71,0,73,45,22,145,0,212,94,0,94,306
01/03/2000,SAV,GA,ASO,ES,Towers with Radar,30,27,53,10,120,13,0,31,0,44,43,27,84,10,164,87,4,91,255
01/04/2000,SAV,GA,ASO,ES,Towers with Radar,30,31,52,13,126,11,4,22,5,42,41,35,74,18,168,28,12,40,208
01/05/2000,SAV,GA,ASO,ES,Towers with Radar,38,42,74,15,169,0,0,84,0,84,38,42,158,15,253,87,8,95,348
01/06/2000,SAV,GA,ASO,ES,Towers with Radar,38,40,88,13,179,0,0,22,0,22,38,40,110,13,201,23,58,81,282
01/07/2000,SAV,GA,ASO,ES,Towers with Radar,41,37,71,7,156,0,0,60,0,60,41,37,131,7,216,54,2,56,272
01/08/2000,SAV,GA,ASO,ES,Towers with Radar,29,30,49,12,120,12,4,20,2,38,41,34,69,14,158,86,6,92,250
01/09/2000,SAV,GA,ASO,ES,Towers with Radar,33,35,57,3,128,4,2,19,0,25,37,37,76,3,153,4,0,4,157
01/10/2000,SAV,GA,ASO,ES,Towers with Radar,30,31,51,7,119,8,7,24,0,39,38,38,75,7,158,56,4,60,218
01/11/2000,SAV,GA,ASO,ES,Towers with Radar,39,40,76,18,173,0,0,60,0,60,39,40,136,18,233,76,10,86,319
01/12/2000,SAV,GA,ASO,ES,Towers with Radar,35,44,77,19,175,0,2,48,0,50,35,46,125,19,225,126,16,142,367
01/13/2000,SAV,GA,ASO,ES,Towers with Radar,36,39,75,11,161,0,0,35,0,35,36,39,110,11,196,4,12,16,212
01/14/2000,SAV,GA,ASO,ES,Towers with Radar,40,38,69,16,163,0,0,48,11,59,40,38,117,27,222,20,16,36,258
01/15/2000,SAV,GA,ASO,ES,Towers with Radar,32,29,54,12,127,9,0,83,5,97,41,29,137,17,224,146,0,146,370
01/16/2000,SAV,GA,ASO,ES,Towers with Radar,34,28,58,13,133,6,0,44,3,53,40,28,102,16,186,52,0,52,238
01/17/2000,SAV,GA,ASO,ES,Towers with Radar,35,33,59,13,140,2,0,47,2,51,37,33,106,15,191,70,2,72,263
01/18/2000,SAV,GA,ASO,ES,Towers with Radar,37,38,66,15,156,0,5,5,4,14,37,43,71,19,170,36,12,48,218
01/19/2000,SAV,GA,ASO,ES,Towers with Radar,37,46,82,12,177,0,0,23,0,23,37,46,105,12,200,52,4,56,256
01/20/2000,SAV,GA,ASO,ES,Towers with Radar,36,40,70,16,162,0,15,15,1,31,36,55,85,17,193,4,18,22,215
01/21/2000,SAV,GA,ASO,ES,Towers with Radar,41,43,74,17,175,0,1,60,8,69,41,44,134,25,244,38,14,52,296
01/22/2000,SAV,GA,ASO,ES,Towers with Radar,27,28,49,11,115,0,6,69,8,83,27,34,118,19,198,144,4,148,346
01/23/2000,SAV,GA,ASO,ES,Towers with Radar,24,23,41,9,97,6,8,10,0,24,30,31,51,9,121,12,0,12,133
01/24/2000,SAV,GA,ASO,ES,Towers with Radar,27,27,47,0,101,7,16,21,0,44,34,43,68,0,145,7,0,7,152
01/25/2000,SAV,GA,ASO,ES,Towers with Radar,40,28,69,16,153,2,0,45,14,61,42,28,114,30,214,46,27,73,287
01/26/2000,SAV,GA,ASO,ES,Towers with Radar,35,44,85,20,184,0,0,62,14,76,35,44,147,34,260,28,48,76,336
01/27/2000,SAV,GA,ASO,ES,Towers with Radar,34,47,86,20,187,0,0,55,22,77,34,47,141,42,264,82,20,102,366
01/28/2000,SAV,GA,ASO,ES,Towers with Radar,30,30,49,11,120,1,9,7,21,38,31,39,56,32,158,4,36,40,198
01/29/2000,SAV,GA,ASO,ES,Towers with Radar,14,14,16,4,48,8,18,0,0,26,22,32,16,4,74,0,0,0,74
01/30/2000,SAV,GA,ASO,ES,Towers with Radar,13,13,22,3,51,12,14,1,0,27,25,27,23,3,78,0,0,0,78
01/31/2000,SAV,GA,ASO,ES,Towers with Radar,29,35,84,19,167,0,0,32,46,78,29,35,116,65,245,56,72,128,373
02/01/2000,SAV,GA,ASO,ES,Towers with Radar,33,47,85,23,188,0,2,49,63,114,33,49,134,86,302,62,32,94,396
02/02/2000,SAV,GA,ASO,ES,Towers with Radar,38,40,81,22,181,0,0,48,33,81,38,40,129,55,262,28,44,72,334
02/03/2000,SAV,GA,ASO,ES,Towers with Radar,37,38,73,20,168,1,0,36,25,62,38,38,109,45,230,20,18,38,268
02/04/2000,SAV,GA,ASO,ES,Towers with Radar,35,38,69,19,161,4,0,80,8,92,39,38,149,27,253,28,0,28,281
02/05/2000,SAV,GA,ASO,ES,Towers with Radar,25,28,51,8,112,12,4,97,0,113,37,32,148,8,225,66,0,66,291
02/06/2000,SAV,GA,ASO,ES,Towers with Radar,30,33,60,1,124,4,1,107,0,112,34,34,167,1,236,158,0,158,394
02/07/2000,SAV,GA,ASO,ES,Towers with Radar,24,27,50,14,115,9,8,45,2,64,33,35,95,16,179,10,0,10,189
02/08/2000,SAV,GA,ASO,ES,Towers with Radar,36,44,81,14,175,0,2,49,0,51,36,46,130,14,226,94,2,96,322
02/09/2000,SAV,GA,ASO,ES,Towers with Radar,37,39,72,8,156,2,6,44,0,52,39,45,116,8,208,100,26,126,334
02/10/2000,SAV,GA,ASO,ES,Towers with Radar,35,39,71,11,156,3,5,47,0,55,38,44,118,11,211,68,2,70,281
02/11/2000,SAV,GA,ASO,ES,Towers with Radar,37,41,74,18,170,2,1,30,0,33,39,42,104,18,203,68,34,102,305
02/12/2000,SAV,GA,ASO,ES,Towers with Radar,25,26,49,8,108,8,12,29,0,49,33,38,78,8,157,113,2,115,272
02/13/2000,SAV,GA,ASO,ES,Towers with Radar,29,37,67,8,141,0,5,8,0,13,29,42,75,8,154,0,0,0,154
02/14/2000,SAV,GA,ASO,ES,Towers with Radar,31,34,60,5,130,5,5,10,0,20,36,39,70,5,150,26,4,30,180
02/15/2000,SAV,GA,ASO,ES,Towers with Radar,36,48,89,9,182,0,0,61,0,61,36,48,150,9,243,64,8,72,315
02/16/2000,SAV,GA,ASO,ES,Towers with Radar,38,43,75,13,169,1,1,56,0,58,39,44,131,13,227,78,6,84,311
02/17/2000,SAV,GA,ASO,ES,Towers with Radar,38,44,89,17,188,0,0,49,0,49,38,44,138,17,237,55,18,73,310
02/18/2000,SAV,GA,ASO,ES,Towers with Radar,35,26,67,9,137,8,0,50,0,58,43,26,117,9,195,35,0,35,230
02/19/2000,SAV,GA,ASO,ES,Towers with Radar,29,32,57,4,122,6,9,41,0,56,35,41,98,4,178,36,0,36,214
02/20/2000,SAV,GA,ASO,ES,Towers with Radar,33,33,67,6,139,0,0,74,0,74,33,33,141,6,213,116,0,116,329
02/21/2000,SAV,GA,ASO,ES,Towers with Radar,34,40,70,14,158,0,2,124,0,126,34,42,194,14,284,76,0,76,360
02/22/2000,SAV,GA,ASO,ES,Towers with Radar,37,45,86,24,192,0,0,70,8,78,37,45,156,32,270,63,6,69,339
02/23/2000,SAV,GA,ASO,ES,Towers with Radar,36,47,94,25,202,0,0,67,0,67,36,47,161,25,269,34,6,40,309
02/24/2000,SAV,GA,ASO,ES,Towers with Radar,35,43,88,24,190,0,0,45,23,68,35,43,133,47,258,101,20,121,379
02/25/2000,SAV,GA,ASO,ES,Towers with Radar,38,47,83,23,191,0,2,77,37,116,38,49,160,60,307,57,26,83,390
02/26/2000,SAV,GA,ASO,ES,Towers with Radar,30,34,59,16,139,5,14,82,3,104,35,48,141,19,243,60,8,68,311
02/27/2000,SAV,GA,ASO,ES,Towers with Radar,26,30,52,4,112,6,3,30,0,39,32,33,82,4,151,14,0,14,165
02/28/2000,SAV,GA,ASO,ES,Towers with Radar,45,24,89,24,182,1,0,43,40,84,46,24,132,64,266,24,7,31,297
02/29/2000,SAV,GA,ASO,ES,Towers with Radar,35,43,81,22,181,0,0,54,37,91,35,43,135,59,272,43,4,47,319
03/01/2000,SAV,GA,ASO,ES,Towers with Radar,37,50,88,25,200,0,0,42,43,85,37,50,130,68,285,60,46,106,391
03/02/2000,SAV,GA,ASO,ES,Towers with Radar,36,46,78,23,183,0,6,56,50,112,36,52,134,73,295,54,54,108,403
03/03/2000,SAV,GA,ASO,ES,Towers with Radar,35,46,77,22,180,0,0,77,49,126,35,46,154,71,306,50,28,78,384
03/04/2000,SAV,GA,ASO,ES,Towers with Radar,23,27,45,13,108,10,19,14,3,46,33,46,59,16,154,13,4,17,171
03/05/2000,SAV,GA,ASO,ES,Towers with Radar,34,37,75,22,168,0,0,90,30,120,34,37,165,52,288,46,51,97,385
03/06/2000,SAV,GA,ASO,ES,Towers with Radar,35,44,75,22,176,0,0,49,50,99,35,44,124,72,275,68,26,94,369
03/07/2000,SAV,GA,ASO,ES,Towers with Radar,36,44,75,22,177,0,2,37,24,63,36,46,112,46,240,56,6,62,302
03/08/2000,SAV,GA,ASO,ES,Towers with Radar,42,41,87,25,195,0,0,67,50,117,42,41,154,75,312,29,36,65,377
03/09/2000,SAV,GA,ASO,ES,Towers with Radar,41,29,82,23,175,8,0,93,16,117,49,29,175,39,292,126,0,126,418
03/10/2000,SAV,GA,ASO,ES,Towers with Radar,34,45,91,26,196,0,0,81,6,87,34,45,172,32,283,40,4,44,327
03/11/2000,SAV,GA,ASO,ES,Towers with Radar,26,29,51,9,115,21,10,45,0,76,47,39,96,9,191,75,0,75,266
03/12/2000,SAV,GA,ASO,ES,Towers with Radar,32,39,68,17,156,0,0,21,0,21,32,39,89,17,177,12,0,12,189
03/13/2000,SAV,GA,ASO,ES,Towers with Radar,35,40,70,7,152,0,4,70,0,74,35,44,140,7,226,127,0,127,353
03/14/2000,SAV,GA,ASO,ES,Towers with Radar,37,43,76,5,161,0,2,81,0,83,37,45,157,5,244,101,1,102,346
03/15/2000,SAV,GA,ASO,ES,Towers with Radar,42,40,82,14,178,6,0,105,0,111,48,40,187,14,289,34,16,50,339
03/16/2000,SAV,GA,ASO,ES,Towers with Radar,38,33,74,17,162,12,0,17,0,29,50,33,91,17,191,30,14,44,235
03/17/2000,SAV,GA,ASO,ES,Towers with Radar,46,33,90,25,194,7,0,31,35,73,53,33,121,60,267,34,10,44,311
03/18/2000,SAV,GA,ASO,ES,Towers with Radar,35,38,67,11,151,1,2,16,0,19,36,40,83,11,170,4,10,14,184
03/19/2000,SAV,GA,ASO,ES,Towers with Radar,34,40,83,10,167,0,0,4,0,4,34,40,87,10,171,4,0,4,175
03/20/2000,SAV,GA,ASO,ES,Towers with Radar,35,39,69,19,162,0,3,28,19,50,35,42,97,38,212,54,14,68,280
03/21/2000,SAV,GA,ASO,ES,Towers with Radar,35,43,75,17,170,0,5,54,0,59,35,48,129,17,229,142,22,164,393
03/22/2000,SAV,GA,ASO,ES,Towers with Radar,38,42,75,10,165,1,3,80,0,84,39,45,155,10,249,54,0,54,303
03/23/2000,SAV,GA,ASO,ES,Towers with Radar,38,42,100,13,193,0,0,57,0,57,38,42,157,13,250,68,22,90,340
03/24/2000,SAV,GA,ASO,ES,Towers with Radar,39,44,79,3,165,0,5,110,0,115,39,49,189,3,280,116,2,118,398
03/25/2000,SAV,GA,ASO,ES,Towers with Radar,31,35,59,4,129,1,8,95,0,104,32,43,154,4,233,62,2,64,297
03/26/2000,SAV,GA,ASO,ES,Towers with Radar,33,40,70,11,154,0,0,60,0,60,33,40,130,11,214,125,2,127,341
03/27/2000,SAV,GA,ASO,ES,Towers with Radar,28,32,54,3,117,8,12,10,0,30,36,44,64,3,147,29,0,29,176
03/28/2000,SAV,GA,ASO,ES,Towers with Radar,34,40,67,7,148,0,10,66,0,76,34,50,133,7,224,65,3,68,292
03/29/2000,SAV,GA,ASO,ES,Towers with Radar,40,46,78,18,182,1,5,81,0,87,41,51,159,18,269,29,13,42,311
03/30/2000,SAV,GA,ASO,ES,Towers with Radar,31,35,59,12,137,7,14,16,0,37,38,49,75,12,174,2,14,16,190
03/31/2000,SAV,GA,ASO,ES,Towers with Radar,37,55,93,21,206,0,0,77,0,77,37,55,170,21,283,107,0,107,390
04/01/2000,SAV,GA,ASO,ES,Towers with Radar,29,37,71,12,149,5,4,68,8,85,34,41,139,20,234,78,3,81,315
04/02/2000,SAV,GA,ASO,ES,Towers with Radar,32,41,76,13,162,2,4,51,4,61,34,45,127,17,223,98,12,110,333
04/03/2000,SAV,GA,ASO,ES,Towers with Radar,27,35,64,6,132,9,7,20,0,36,36,42,84,6,168,128,2,130,298
04/04/2000,SAV,GA,ASO,ES,Towers with Radar,28,37,65,4,134,16,0,0,0,16,44,37,65,4,150,18,2,20,170
04/05/2000,SAV,GA,ASO,ES,Towers with Radar,38,47,90,15,190,0,0,79,3,82,38,47,169,18,272,76,0,76,348
04/06/2000,SAV,GA,ASO,ES,Towers with Radar,37,48,88,12,185,2,7,82,0,91,39,55,170,12,276,46,10,56,332
04/07/2000,SAV,GA,ASO,ES,Towers with Radar,40,49,96,16,201,0,0,153,9,162,40,49,249,25,363,70,2,72,435
04/08/2000,SAV,GA,ASO,ES,Towers with Radar,33,43,79,4,159,2,5,55,0,62,35,48,134,4,221,34,1,35,256
04/09/2000,SAV,GA,ASO,ES,Towers with Radar,35,44,83,6,168,0,0,106,0,106,35,44,189,6,274,118,6,124,398
04/10/2000,SAV,GA,ASO,ES,Towers with Radar,35,44,83,13,175,2,0,90,0,92,37,44,173,13,267,58,12,70,337
04/11/2000,SAV,GA,ASO,ES,Towers with Radar,39,53,104,16,212,0,0,98,4,102,39,53,202,20,314,61,10,71,385
04/12/2000,SAV,GA,ASO,ES,Towers with Radar,37,47,101,8,193,0,0,76,0,76,37,47,177,8,269,69,20,89,358
04/13/2000,SAV,GA,ASO,ES,Towers with Radar,36,57,112,12,217,0,0,0,0,0,36,57,112,12,217,2,0,2,219
04/14/2000,SAV,GA,ASO,ES,Towers with Radar,40,51,94,7,192,1,10,16,0,27,41,61,110,7,219,2,0,2,221
04/15/2000,SAV,GA,ASO,ES,Towers with Radar,35,46,84,7,172,3,0,32,0,35,38,46,116,7,207,37,2,39,246
04/16/2000,SAV,GA,ASO,ES,Towers with Radar,35,47,113,17,212,0,0,54,0,54,35,47,167,17,266,74,26,100,366
04/17/2000,SAV,GA,ASO,ES,Towers with Radar,34,42,80,11,167,5,1,55,0,61,39,43,135,11,228,56,10,66,294
04/18/2000,SAV,GA,ASO,ES,Towers with Radar,37,51,98,15,201,0,2,60,12,74,37,53,158,27,275,58,12,70,345
04/19/2000,SAV,GA,ASO,ES,Towers with Radar,37,53,104,16,210,0,0,75,11,86,37,53,179,27,296,52,16,68,364
04/20/2000,SAV,GA,ASO,ES,Towers with Radar,39,51,105,13,208,0,0,59,0,59,39,51,164,13,267,72,2,74,341
04/21/2000,SAV,GA,ASO,ES,Towers with Radar,37,35,86,13,171,2,0,59,1,62,39,35,145,14,233,49,12,61,294
04/22/2000,SAV,GA,ASO,ES,Towers with Radar,26,32,61,1,120,11,11,96,0,118,37,43,157,1,238,88,0,88,326
04/23/2000,SAV,GA,ASO,ES,Towers with Radar,31,38,73,0,142,5,5,56,0,66,36,43,129,0,208,85,0,85,293
04/24/2000,SAV,GA,ASO,ES,Towers with Radar,30,44,84,2,160,0,5,46,0,51,30,49,130,2,211,60,0,60,271
04/25/2000,SAV,GA,ASO,ES,Towers with Radar,39,48,90,14,191,0,1,36,24,61,39,49,126,38,252,68,22,90,342
04/26/2000,SAV,GA,ASO,ES,Towers with Radar,40,45,97,15,197,0,0,74,12,86,40,45,171,27,283,231,0,231,514
04/27/2000,SAV,GA,ASO,ES,Towers with Radar,39,49,100,15,203,0,0,85,24,109,39,49,185,39,312,142,26,168,480
04/28/2000,SAV,GA,ASO,ES,Towers with Radar,40,49,92,14,195,0,7,18,24,49,40,56,110,38,244,50,4,54,298
04/29/2000,SAV,GA,ASO,ES,Towers with Radar,27,33,64,10,134,12,10,91,13,126,39,43,155,23,260,142,4,146,406
04/30/2000,SAV,GA,ASO,ES,Towers with Radar,35,45,85,13,178,0,1,84,1,86,35,46,169,14,264,91,0,91,355
05/01/2000,SAV,GA,ASO,ES,Towers with Radar,39,43,78,13,173,0,0,57,12,69,39,43,135,25,242,60,32,92,334
05/02/2000,SAV,GA,ASO,ES,Towers with Radar,39,45,77,13,174,0,0,63,18,81,39,45,140,31,255,111,14,125,380
05/03/2000,SAV,GA,ASO,ES,Towers with Radar,40,48,75,12,175,1,2,59,5,67,41,50,134,17,242,102,0,102,344
05/04/2000,SAV,GA,ASO,ES,Towers with Radar,42,47,96,16,201,0,0,53,7,60,42,47,149,23,261,84,14,98,359
05/05/2000,SAV,GA,ASO,ES,Towers with Radar,36,51,88,14,189,0,0,60,18,78,36,51,148,32,267,83,2,85,352
05/06/2000,SAV,GA,ASO,ES,Towers with Radar,30,37,57,6,130,8,8,106,0,122,38,45,163,6,252,134,0,134,386
05/07/2000,SAV,GA,ASO,ES,Towers with Radar,36,43,78,9,166,0,0,119,0,119,36,43,197,9,285,72,0,72,357
05/08/2000,SAV,GA,ASO,ES,Towers with Radar,36,45,78,13,172,0,0,69,18,87,36,45,147,31,259,98,50,148,407
05/09/2000,SAV,GA,ASO,ES,Towers with Radar,36,44,69,5,154,2,3,65,0,70,38,47,134,5,224,77,1,78,302
05/10/2000,SAV,GA,ASO,ES,Towers with Radar,38,37,67,8,150,1,0,54,0,55,39,37,121,8,205,130,0,130,335
05/11/2000,SAV,GA,ASO,ES,Towers with Radar,41,44,54,10,149,1,1,74,0,76,42,45,128,10,225,70,6,76,301
05/12/2000,SAV,GA,ASO,ES,Towers with Radar,40,48,82,5,175,0,2,53,0,55,40,50,135,5,230,59,0,59,289
05/13/2000,SAV,GA,ASO,ES,Towers with Radar,39,39,37,6,121,0,1,69,0,70,39,40,106,6,191,86,2,88,279
05/14/2000,SAV,GA,ASO,ES,Towers with Radar,48,26,63,4,141,0,1,52,0,53,48,27,115,4,194,80,8,88,282
05/15/2000,SAV,GA,ASO,ES,Towers with Radar,37,45,61,10,153,0,1,47,0,48,37,46,108,10,201,122,18,140,341
05/16/2000,SAV,GA,ASO,ES,Towers with Radar,40,53,90,11,194,0,2,68,0,70,40,55,158,11,264,99,4,103,367
05/17/2000,SAV,GA,ASO,ES,Towers with Radar,41,54,79,13,187,0,2,50,0,52,41,56,129,13,239,104,22,126,365
05/18/2000,SAV,GA,ASO,ES,Towers with Radar,39,45,118,15,217,0,1,49,0,50,39,46,167,15,267,150,20,170,437
05/19/2000,SAV,GA,ASO,ES,Towers with Radar,39,50,78,13,180,0,1,48,0,49,39,51,126,13,229,141,10,151,380
05/20/2000,SAV,GA,ASO,ES,Towers with Radar,39,44,80,7,170,0,3,71,0,74,39,47,151,7,244,86,4,90,334
05/21/2000,SAV,GA,ASO,ES,Towers with Radar,42,41,62,21,166,0,1,43,1,45,42,42,105,22,211,165,0,165,376
05/22/2000,SAV,GA,ASO,ES,Towers with Radar,37,41,76,4,158,0,1,36,0,37,37,42,112,4,195,66,14,80,275
05/23/2000,SAV,GA,ASO,ES,Towers with Radar,40,52,74,7,173,0,1,38,0,39,40,53,112,7,212,102,2,104,316
05/24/2000,SAV,GA,ASO,ES,Towers with Radar,39,42,90,12,183,0,2,79,3,84,39,44,169,15,267,140,10,150,417
05/25/2000,SAV,GA,ASO,ES,Towers with Radar,36,47,90,17,190,0,1,43,7,51,36,48,133,24,241,74,10,84,325
05/26/2000,SAV,GA,ASO,ES,Towers with Radar,37,50,82,12,181,0,11,11,2,24,37,61,93,14,205,22,0,22,227
05/27/2000,SAV,GA,ASO,ES,Towers with Radar,29,33,54,1,117,24,4,36,0,64,53,37,90,1,181,70,0,70,251
05/28/2000,SAV,GA,ASO,ES,Towers with Radar,35,46,32,0,113,0,0,22,0,22,35,46,54,0,135,19,0,19,154
05/29/2000,SAV,GA,ASO,ES,Towers with Radar,36,46,66,0,148,0,0,55,0,55,36,46,121,0,203,58,0,58,261
05/30/2000,SAV,GA,ASO,ES,Towers with Radar,40,59,106,12,217,0,0,68,0,68,40,59,174,12,285,124,21,145,430
05/31/2000,SAV,GA,ASO,ES,Towers with Radar,41,58,64,7,170,0,0,53,1,54,41,58,117,8,224,84,0,84,308
06/01/2000,SAV,GA,ASO,ES,Towers with Radar,59,42,97,17,215,1,0,53,1,55,60,42,150,18,270,124,14,138,408
06/02/2000,SAV,GA,ASO,ES,Towers with Radar,38,52,68,16,174,1,0,64,1,66,39,52,132,17,240,112,14,126,366
06/03/2000,SAV,GA,ASO,ES,Towers with Radar,36,49,39,12,136,1,0,73,3,77,37,49,112,15,213,150,0,150,363
06/04/2000,SAV,GA,ASO,ES,Towers with Radar,35,45,66,15,161,1,0,24,0,25,36,45,90,15,186,116,4,120,306
06/05/2000,SAV,GA,ASO,ES,Towers with Radar,37,51,83,11,182,1,0,8,0,9,38,51,91,11,191,72,6,78,269
06/06/2000,SAV,GA,ASO,ES,Towers with Radar,36,49,86,18,189,1,0,66,4,71,37,49,152,22,260,59,12,71,331
06/07/2000,SAV,GA,ASO,ES,Towers with Radar,37,55,86,4,182,1,0,84,2,87,38,55,170,6,269,74,18,92,361
06/08/2000,SAV,GA,ASO,ES,Towers with Radar,38,49,79,14,180,1,0,77,4,82,39,49,156,18,262,86,14,100,362
06/09/2000,SAV,GA,ASO,ES,Towers with Radar,39,51,83,11,184,0,0,69,7,76,39,51,152,18,260,86,6,92,352
06/10/2000,SAV,GA,ASO,ES,Towers with Radar,43,54,44,1,142,0,1,81,0,82,43,55,125,1,224,42,0,42,266
06/11/2000,SAV,GA,ASO,ES,Towers with Radar,35,39,77,9,160,0,0,82,2,84,35,39,159,11,244,116,2,118,362
06/12/2000,SAV,GA,ASO,ES,Towers with Radar,36,46,56,8,146,0,1,72,1,74,36,47,128,9,220,53,0,53,273
06/13/2000,SAV,GA,ASO,ES,Towers with Radar,37,49,62,6,154,0,1,40,3,44,37,50,102,9,198,32,0,32,230
06/14/2000,SAV,GA,ASO,ES,Towers with Radar,35,50,90,13,188,0,1,45,1,47,35,51,135,14,235,44,12,56,291
06/15/2000,SAV,GA,ASO,ES,Towers with Radar,38,47,85,4,174,0,1,39,1,41,38,48,124,5,215,49,0,49,264
06/16/2000,SAV,GA,ASO,ES,Towers with Radar,36,50,100,17,203,0,1,41,1,43,36,51,141,18,246,62,14,76,322
06/17/2000,SAV,GA,ASO,ES,Towers with Radar,39,42,70,16,167,0,1,63,0,64,39,43,133,16,231,78,4,82,313
06/18/2000,SAV,GA,ASO,ES,Towers with Radar,34,42,56,6,138,0,1,48,0,49,34,43,104,6,187,63,0,63,250
06/19/2000,SAV,GA,ASO,ES,Towers with Radar,40,46,70,2,158,0,1,30,2,33,40,47,100,4,191,55,0,55,246
06/20/2000,SAV,GA,ASO,ES,Towers with Radar,39,47,62,6,154,0,0,26,1,27,39,47,88,7,181,73,4,77,258
06/21/2000,SAV,GA,ASO,ES,Towers with Radar,38,51,108,8,205,0,0,61,0,61,38,51,169,8,266,85,4,89,355
06/22/2000,SAV,GA,ASO,ES,Towers with Radar,41,50,67,20,178,0,0,51,1,52,41,50,118,21,230,120,10,130,360
06/23/2000,SAV,GA,ASO,ES,Towers with Radar,41,51,99,6,197,0,0,53,4,57,41,51,152,10,254,105,6,111,365
06/24/2000,SAV,GA,ASO,ES,Towers with Radar,39,55,67,1,162,0,0,79,2,81,39,55,146,3,243,104,0,104,347
06/25/2000,SAV,GA,ASO,ES,Towers with Radar,35,41,79,15,170,0,0,60,1,61,35,41,139,16,231,68,7,75,306
06/26/2000,SAV,GA,ASO,ES,Towers with Radar,36,50,74,6,166,0,0,41,0,41,36,50,115,6,207,136,0,136,343
06/27/2000,SAV,GA,ASO,ES,Towers with Radar,39,49,88,4,180,0,1,36,2,39,39,50,124,6,219,126,2,128,347
06/28/2000,SAV,GA,ASO,ES,Towers with Radar,37,49,79,5,170,0,0,43,3,46,37,49,122,8,216,140,4,144,360
06/29/2000,SAV,GA,ASO,ES,Towers with Radar,44,44,85,5,178,0,0,9,0,9,44,44,94,5,187,87,34,121,308
06/30/2000,SAV,GA,ASO,ES,Towers with Radar,50,46,109,15,220,0,0,31,0,31,50,46,140,15,251,87,0,87,338
07/01/2000,SAV,GA,ASO,ES,Towers with Radar,36,59,53,5,153,0,0,72,0,72,36,59,125,5,225,84,0,84,309
07/02/2000,SAV,GA,ASO,ES,Towers with Radar,30,41,46,4,121,7,5,31,0,43,37,46,77,4,164,150,0,150,314
07/03/2000,SAV,GA,ASO,ES,Towers with Radar,49,33,57,3,142,0,0,77,0,77,49,33,134,3,219,66,46,112,331
07/04/2000,SAV,GA,ASO,ES,Towers with Radar,25,31,37,2,95,19,0,50,0,69,44,31,87,2,164,78,0,78,242
07/05/2000,SAV,GA,ASO,ES,Towers with Radar,36,63,72,16,187,0,0,66,6,72,36,63,138,22,259,110,12,122,381
07/06/2000,SAV,GA,ASO,ES,Towers with Radar,40,61,53,13,167,0,0,37,7,44,40,61,90,20,211,66,4,70,281
07/07/2000,SAV,GA,ASO,ES,Towers with Radar,36,64,94,10,204,0,0,24,1,25,36,64,118,11,229,68,6,74,303
07/08/2000,SAV,GA,ASO,ES,Towers with Radar,41,56,55,17,169,0,0,46,1,47,41,56,101,18,216,68,24,92,308
07/09/2000,SAV,GA,ASO,ES,Towers with Radar,35,55,61,10,161,0,0,67,0,67,35,55,128,10,228,114,0,114,342
07/10/2000,SAV,GA,ASO,ES,Towers with Radar,35,54,67,31,187,0,0,50,7,57,35,54,117,38,244,85,23,108,352
07/11/2000,SAV,GA,ASO,ES,Towers with Radar,35,56,83,29,203,0,0,41,11,52,35,56,124,40,255,50,20,70,325
07/12/2000,SAV,GA,ASO,ES,Towers with Radar,41,54,88,33,216,0,0,50,7,57,41,54,138,40,273,88,6,94,367
07/13/2000,SAV,GA,ASO,ES,Towers with Radar,36,66,78,29,209,0,0,52,5,57,36,66,130,34,266,96,10,106,372
07/14/2000,SAV,GA,ASO,ES,Towers with Radar,39,55,109,31,234,0,0,45,8,53,39,55,154,39,287,43,36,79,366
07/15/2000,SAV,GA,ASO,ES,Towers with Radar,38,56,45,5,144,0,0,59,7,66,38,56,104,12,210,110,12,122,332
07/16/2000,SAV,GA,ASO,ES,Towers with Radar,34,45,53,7,139,0,0,57,3,60,34,45,110,10,199,119,2,121,320
07/17/2000,SAV,GA,ASO,ES,Towers with Radar,37,60,75,23,195,0,1,64,5,70,37,61,139,28,265,92,25,117,382
07/18/2000,SAV,GA,ASO,ES,Towers with Radar,36,58,67,20,181,0,1,42,17,60,36,59,109,37,241,77,30,107,348
07/19/2000,SAV,GA,ASO,ES,Towers with Radar,37,59,60,24,180,0,0,45,4,49,37,59,105,28,229,66,4,70,299
07/20/2000,SAV,GA,ASO,ES,Towers with Radar,46,58,65,18,187,0,0,60,10,70,46,58,125,28,257,40,16,56,313
07/21/2000,SAV,GA,ASO,ES,Towers with Radar,39,58,79,27,203,0,0,63,10,73,39,58,142,37,276,185,36,221,497
07/22/2000,SAV,GA,ASO,ES,Towers with Radar,47,64,46,14,171,0,0,46,3,49,47,64,92,17,220,132,2,134,354
07/23/2000,SAV,GA,ASO,ES,Towers with Radar,38,48,36,6,128,0,0,36,0,36,38,48,72,6,164,108,2,110,274
07/24/2000,SAV,GA,ASO,ES,Towers with Radar,38,56,66,9,169,0,0,7,8,15,38,56,73,17,184,54,10,64,248
07/25/2000,SAV,GA,ASO,ES,Towers with Radar,40,53,57,26,176,0,0,9,0,9,40,53,66,26,185,10,2,12,197
07/26/2000,SAV,GA,ASO,ES,Towers with Radar,40,57,81,37,215,0,2,28,1,31,40,59,109,38,246,68,0,68,314
07/27/2000,SAV,GA,ASO,ES,Towers with Radar,40,59,88,28,215,0,0,37,0,37,40,59,125,28,252,54,5,59,311
07/28/2000,SAV,GA,ASO,ES,Towers with Radar,37,57,73,20,187,0,0,50,5,55,37,57,123,25,242,86,2,88,330
07/29/2000,SAV,GA,ASO,ES,Towers with Radar,38,63,45,32,178,0,0,60,0,60,38,63,105,32,238,60,0,60,298
07/30/2000,SAV,GA,ASO,ES,Towers with Radar,33,47,74,38,192,0,0,13,0,13,33,47,87,38,205,20,4,24,229
07/31/2000,SAV,GA,ASO,ES,Towers with Radar,47,46,42,22,157,0,0,33,0,33,47,46,75,22,190,28,10,38,228
08/01/2000,SAV,GA,ASO,ES,Towers with Radar,47,48,65,26,186,0,1,44,1,46,47,49,109,27,232,102,2,104,336
08/02/2000,SAV,GA,ASO,ES,Towers with Radar,33,56,64,32,185,0,1,31,0,32,33,57,95,32,217,85,31,116,333
08/03/2000,SAV,GA,ASO,ES,Towers with Radar,33,53,64,18,168,0,3,32,3,38,33,56,96,21,206,94,8,102,308
08/04/2000,SAV,GA,ASO,ES,Towers with Radar,33,47,57,10,147,2,0,19,0,21,35,47,76,10,168,138,44,182,350
08/05/2000,SAV,GA,ASO,ES,Towers with Radar,39,61,64,12,176,0,0,63,0,63,39,61,127,12,239,74,16,90,329
08/06/2000,SAV,GA,ASO,ES,Towers with Radar,32,54,57,12,155,0,0,68,1,69,32,54,125,13,224,52,8,60,284
08/07/2000,SAV,GA,ASO,ES,Towers with Radar,32,53,60,11,156,0,4,66,0,70,32,57,126,11,226,130,6,136,362
08/08/2000,SAV,GA,ASO,ES,Towers with Radar,36,56,55,19,166,0,1,51,9,61,36,57,106,28,227,103,5,108,335
08/09/2000,SAV,GA,ASO,ES,Towers with Radar,38,62,45,9,154,0,1,39,0,40,38,63,84,9,194,27,0,27,221
08/10/2000,SAV,GA,ASO,ES,Towers with Radar,40,63,62,4,169,0,0,29,2,31,40,63,91,6,200,55,9,64,264
08/11/2000,SAV,GA,ASO,ES,Towers with Radar,38,56,77,15,186,0,0,34,1,35,38,56,111,16,221,94,9,103,324
08/12/2000,SAV,GA,ASO,ES,Towers with Radar,41,54,49,4,148,0,0,65,1,66,41,54,114,5,214,141,0,141,355
08/13/2000,SAV,GA,ASO,ES,Towers with Radar,38,50,50,4,142,0,0,59,1,60,38,50,109,5,202,62,6,68,270
08/14/2000,SAV,GA,ASO,ES,Towers with Radar,34,51,59,13,157,0,0,55,4,59,34,51,114,17,216,109,30,139,355
08/15/2000,SAV,GA,ASO,ES,Towers with Radar,34,59,80,24,197,0,2,59,1,62,34,61,139,25,259,129,20,149,408
08/16/2000,SAV,GA,ASO,ES,Towers with Radar,34,59,77,23,193,0,0,52,2,54,34,59,129,25,247,67,30,97,344
08/17/2000,SAV,GA,ASO,ES,Towers with Radar,39,56,76,22,193,0,0,58,5,63,39,56,134,27,256,90,56,146,402
08/18/2000,SAV,GA,ASO,ES,Towers with Radar,50,53,76,23,202,0,0,42,3,45,50,53,118,26,247,94,10,104,351
08/19/2000,SAV,GA,ASO,ES,Towers with Radar,41,58,63,20,182,0,0,35,0,35,41,58,98,20,217,108,39,147,364
08/20/2000,SAV,GA,ASO,ES,Towers with Radar,40,50,56,30,176,0,0,39,1,40,40,50,95,31,216,44,10,54,270
08/21/2000,SAV,GA,ASO,ES,Towers with Radar,33,56,50,18,157,0,0,30,1,31,33,56,80,19,188,62,2,64,252
08/22/2000,SAV,GA,ASO,ES,Towers with Radar,40,62,61,10,173,0,0,44,1,45,40,62,105,11,218,129,10,139,357
08/23/2000,SAV,GA,ASO,ES,Towers with Radar,39,64,81,14,198,0,2,33,3,38,39,66,114,17,236,73,10,83,319
08/24/2000,SAV,GA,ASO,ES,Towers with Radar,38,61,86,20,205,0,0,52,0,52,38,61,138,20,257,205,10,215,472
08/25/2000,SAV,GA,ASO,ES,Towers with Radar,36,60,69,13,178,0,0,26,1,27,36,60,95,14,205,104,8,112,317
08/26/2000,SAV,GA,ASO,ES,Towers with Radar,39,63,46,7,155,0,0,65,1,66,39,63,111,8,221,150,2,152,373
08/27/2000,SAV,GA,ASO,ES,Towers with Radar,38,49,45,1,133,0,0,45,1,46,38,49,90,2,179,52,2,54,233
08/28/2000,SAV,GA,ASO,ES,Towers with Radar,36,56,47,3,142,0,0,39,1,40,36,56,86,4,182,118,0,118,300
08/29/2000,SAV,GA,ASO,ES,Towers with Radar,39,64,91,16,210,0,0,36,3,39,39,64,127,19,249,144,6,150,399
08/30/2000,SAV,GA,ASO,ES,Towers with Radar,36,64,125,28,253,0,0,13,5,18,36,64,138,33,271,82,24,106,377
08/31/2000,SAV,GA,ASO,ES,Towers with Radar,41,64,88,8,201,0,0,40,5,45,41,64,128,13,246,186,14,200,446
09/01/2000,SAV,GA,ASO,ES,Towers with Radar,42,51,87,8,188,0,0,29,2,31,42,51,116,10,219,50,0,50,269
09/02/2000,SAV,GA,ASO,ES,Towers with Radar,37,49,45,2,133,0,0,21,0,21,37,49,66,2,154,8,0,8,162
09/03/2000,SAV,GA,ASO,ES,Towers with Radar,28,45,29,2,104,0,0,8,0,8,28,45,37,2,112,16,0,16,128
09/04/2000,SAV,GA,ASO,ES,Towers with Radar,30,48,54,9,141,0,0,12,2,14,30,48,66,11,155,31,6,37,192
09/05/2000,SAV,GA,ASO,ES,Towers with Radar,35,58,66,4,163,0,0,6,0,6,35,58,72,4,169,15,0,15,184
09/06/2000,SAV,GA,ASO,ES,Towers with Radar,37,68,81,3,189,0,0,17,0,17,37,68,98,3,206,23,2,25,231
09/07/2000,SAV,GA,ASO,ES,Towers with Radar,39,64,85,12,200,0,0,19,1,20,39,64,104,13,220,54,4,58,278
09/08/2000,SAV,GA,ASO,ES,Towers with Radar,38,60,73,22,193,0,0,30,6,36,38,60,103,28,229,26,16,42,271
09/09/2000,SAV,GA,ASO,ES,Towers with Radar,37,52,40,19,148,0,0,37,12,49,37,52,77,31,197,109,26,135,332
09/10/2000,SAV,GA,ASO,ES,Towers with Radar,35,58,66,14,173,0,0,49,10,59,35,58,115,24,232,76,61,137,369
09/11/2000,SAV,GA,ASO,ES,Towers with Radar,37,61,74,12,184,0,0,66,2,68,37,61,140,14,252,233,26,259,511
09/12/2000,SAV,GA,ASO,ES,Towers with Radar,37,59,62,20,178,0,0,46,1,47,37,59,108,21,225,73,4,77,302
09/13/2000,SAV,GA,ASO,ES,Towers with Radar,37,63,67,23,190,0,0,55,7,62,37,63,122,30,252,130,20,150,402
09/14/2000,SAV,GA,ASO,ES,Towers with Radar,37,62,68,26,193,0,0,59,5,64,37,62,127,31,257,122,16,138,395
09/15/2000,SAV,GA,ASO,ES,Towers with Radar,31,62,73,10,176,0,9,56,5,70,31,71,129,15,246,117,0,117,363
09/16/2000,SAV,GA,ASO,ES,Towers with Radar,27,44,51,7,129,11,5,74,7,97,38,49,125,14,226,165,30,195,421
09/17/2000,SAV,GA,ASO,ES,Towers with Radar,32,57,46,13,148,0,0,22,0,22,32,57,68,13,170,48,2,50,220
09/18/2000,SAV,GA,ASO,ES,Towers with Radar,39,51,39,1,130,0,0,0,0,0,39,51,39,1,130,0,0,0,130
09/19/2000,SAV,GA,ASO,ES,Towers with Radar,36,58,84,16,194,0,0,50,1,51,36,58,134,17,245,56,18,74,319
09/20/2000,SAV,GA,ASO,ES,Towers with Radar,41,60,82,7,190,0,0,20,0,20,41,60,102,7,210,4,0,4,214
09/21/2000,SAV,GA,ASO,ES,Towers with Radar,35,61,114,10,220,0,0,20,0,20,35,61,134,10,240,0,0,0,240
09/22/2000,SAV,GA,ASO,ES,Towers with Radar,37,55,70,4,166,0,0,0,0,0,37,55,70,4,166,4,0,4,170
09/23/2000,SAV,GA,ASO,ES,Towers with Radar,33,54,65,5,157,0,0,10,0,10,33,54,75,5,167,52,2,54,221
09/24/2000,SAV,GA,ASO,ES,Towers with Radar,33,59,81,12,185,0,0,54,0,54,33,59,135,12,239,90,6,96,335
09/25/2000,SAV,GA,ASO,ES,Towers with Radar,38,57,71,10,176,1,0,38,20,59,39,57,109,30,235,160,28,188,423
09/26/2000,SAV,GA,ASO,ES,Towers with Radar,37,66,85,5,193,0,0,84,1,85,37,66,169,6,278,36,14,50,328
09/27/2000,SAV,GA,ASO,ES,Towers with Radar,34,66,103,8,211,0,0,57,0,57,34,66,160,8,268,62,0,62,330
09/28/2000,SAV,GA,ASO,ES,Towers with Radar,45,54,76,4,179,0,0,63,2,65,45,54,139,6,244,48,24,72,316
09/29/2000,SAV,GA,ASO,ES,Towers with Radar,38,61,69,3,171,0,0,47,0,47,38,61,116,3,218,53,2,55,273
09/30/2000,SAV,GA,ASO,ES,Towers with Radar,28,45,52,7,132,13,13,9,0,35,41,58,61,7,167,18,1,19,186
10/01/2000,SAV,GA,ASO,ES,Towers with Radar,34,52,78,2,166,0,1,55,0,56,34,53,133,2,222,22,12,34,256
10/02/2000,SAV,GA,ASO,ES,Towers with Radar,35,50,48,6,139,0,1,73,2,76,35,51,121,8,215,146,0,146,361
10/03/2000,SAV,GA,ASO,ES,Towers with Radar,37,62,73,4,176,0,1,62,5,68,37,63,135,9,244,130,14,144,388
10/04/2000,SAV,GA,ASO,ES,Towers with Radar,39,59,111,9,218,0,1,30,0,31,39,60,141,9,249,42,10,52,301
10/05/2000,SAV,GA,ASO,ES,Towers with Radar,41,60,97,7,205,0,1,36,0,37,41,61,133,7,242,30,4,34,276
10/06/2000,SAV,GA,ASO,ES,Towers with Radar,36,57,89,20,202,0,2,21,1,24,36,59,110,21,226,78,32,110,336
10/07/2000,SAV,GA,ASO,ES,Towers with Radar,37,53,65,3,158,0,1,53,0,54,37,54,118,3,212,71,1,72,284
10/08/2000,SAV,GA,ASO,ES,Towers with Radar,32,63,74,6,175,0,0,41,1,42,32,63,115,7,217,56,4,60,277
10/09/2000,SAV,GA,ASO,ES,Towers with Radar,27,44,57,5,133,14,4,20,0,38,41,48,77,5,171,109,2,111,282
10/10/2000,SAV,GA,ASO,ES,Towers with Radar,38,59,64,15,176,0,0,60,3,63,38,59,124,18,239,152,10,162,401
10/11/2000,SAV,GA,ASO,ES,Towers with Radar,37,60,65,7,169,0,0,77,4,81,37,60,142,11,250,153,10,163,413
10/12/2000,SAV,GA,ASO,ES,Towers with Radar,37,65,82,19,203,0,0,74,2,76,37,65,156,21,279,97,30,127,406
10/13/2000,SAV,GA,ASO,ES,Towers with Radar,37,60,81,17,195,0,0,65,9,74,37,60,146,26,269,52,46,98,367
10/14/2000,SAV,GA,ASO,ES,Towers with Radar,36,59,46,13,154,0,1,79,3,83,36,60,125,16,237,123,18,141,378
10/15/2000,SAV,GA,ASO,ES,Towers with Radar,34,59,76,16,185,0,0,128,5,133,34,59,204,21,318,157,36,193,511
10/16/2000,SAV,GA,ASO,ES,Towers with Radar,35,59,60,23,177,0,0,57,5,62,35,59,117,28,239,98,0,98,337
10/17/2000,SAV,GA,ASO,ES,Towers with Radar,39,57,76,31,203,0,0,65,7,72,39,57,141,38,275,96,14,110,385
10/18/2000,SAV,GA,ASO,ES,Towers with Radar,38,54,77,28,197,0,0,70,3,73,38,54,147,31,270,100,16,116,386
10/19/2000,SAV,GA,ASO,ES,Towers with Radar,38,63,93,36,230,0,0,68,1,69,38,63,161,37,299,80,12,92,391
10/20/2000,SAV,GA,ASO,ES,Towers with Radar,36,61,77,42,216,0,0,24,0,24,36,61,101,42,240,95,18,113,353
10/21/2000,SAV,GA,ASO,ES,Towers with Radar,36,57,79,3,175,0,0,91,0,91,36,57,170,3,266,143,2,145,411
10/22/2000,SAV,GA,ASO,ES,Towers with Radar,35,63,76,4,178,0,0,79,0,79,35,63,155,4,257,81,0,81,338
10/23/2000,SAV,GA,ASO,ES,Towers with Radar,38,56,66,30,190,0,0,19,1,20,38,56,85,31,210,42,8,50,260
10/24/2000,SAV,GA,ASO,ES,Towers with Radar,36,59,52,46,193,0,0,57,2,59,36,59,109,48,252,106,22,128,380
10/25/2000,SAV,GA,ASO,ES,Towers with Radar,38,64,97,36,235,0,1,47,0,48,38,65,144,36,283,104,0,104,387
10/26/2000,SAV,GA,ASO,ES,Towers with Radar,37,60,91,39,227,0,0,59,5,64,37,60,150,44,291,70,16,86,377
10/27/2000,SAV,GA,ASO,ES,Towers with Radar,38,63,97,22,220,0,0,95,12,107,38,63,192,34,327,47,14,61,388
10/28/2000,SAV,GA,ASO,ES,Towers with Radar,36,58,41,13,148,0,0,86,0,86,36,58,127,13,234,104,0,104,338
10/29/2000,SAV,GA,ASO,ES,Towers with Radar,29,52,74,3,158,0,0,61,0,61,29,52,135,3,219,23,0,23,242
10/30/2000,SAV,GA,ASO,ES,Towers with Radar,34,54,69,13,170,1,3,48,0,52,35,57,117,13,222,174,6,180,402
10/31/2000,SAV,GA,ASO,ES,Towers with Radar,33,53,67,11,164,4,4,83,0,91,37,57,150,11,255,128,4,132,387
11/01/2000,SAV,GA,ASO,ES,Towers with Radar,37,57,70,10,174,0,2,76,1,79,37,59,146,11,253,148,38,186,439
11/02/2000,SAV,GA,ASO,ES,Towers with Radar,34,50,61,8,153,7,7,126,8,148,41,57,187,16,301,156,6,162,463
11/03/2000,SAV,GA,ASO,ES,Towers with Radar,39,59,77,11,186,0,0,88,0,88,39,59,165,11,274,24,14,38,312
11/04/2000,SAV,GA,ASO,ES,Towers with Radar,36,58,57,8,159,0,1,31,1,33,36,59,88,9,192,44,5,49,241
11/05/2000,SAV,GA,ASO,ES,Towers with Radar,37,52,74,6,169,0,1,29,1,31,37,53,103,7,200,10,0,10,210
11/06/2000,SAV,GA,ASO,ES,Towers with Radar,40,50,71,4,165,0,1,27,1,29,40,51,98,5,194,14,0,14,208
11/07/2000,SAV,GA,ASO,ES,Towers with Radar,36,60,66,14,176,0,4,40,3,47,36,64,106,17,223,48,10,58,281
11/08/2000,SAV,GA,ASO,ES,Towers with Radar,42,49,84,17,192,0,1,41,2,44,42,50,125,19,236,16,18,34,270
11/09/2000,SAV,GA,ASO,ES,Towers with Radar,34,58,68,7,167,0,1,5,1,7,34,59,73,8,174,16,3,19,193
11/10/2000,SAV,GA,ASO,ES,Towers with Radar,38,58,91,2,189,0,1,70,0,71,38,59,161,2,260,36,0,36,296
11/11/2000,SAV,GA,ASO,ES,Towers with Radar,50,42,53,5,150,0,1,73,2,76,50,43,126,7,226,79,8,87,313
11/12/2000,SAV,GA,ASO,ES,Towers with Radar,36,53,57,14,160,0,1,95,1,97,36,54,152,15,257,50,16,66,323
11/13/2000,SAV,GA,ASO,ES,Towers with Radar,35,64,58,32,189,0,1,42,2,45,35,65,100,34,234,47,4,51,285
11/14/2000,SAV,GA,ASO,ES,Towers with Radar,36,61,63,30,190,0,1,31,2,34,36,62,94,32,224,8,14,22,246
11/15/2000,SAV,GA,ASO,ES,Towers with Radar,35,63,86,14,198,0,2,105,2,109,35,65,191,16,307,68,5,73,380
11/16/2000,SAV,GA,ASO,ES,Towers with Radar,38,76,77,16,207,0,1,60,2,63,38,77,137,18,270,126,12,138,408
11/17/2000,SAV,GA,ASO,ES,Towers with Radar,40,75,81,23,219,0,0,7,0,7,40,75,88,23,226,4,0,4,230
11/18/2000,SAV,GA,ASO,ES,Towers with Radar,36,66,75,8,185,0,0,59,0,59,36,66,134,8,244,60,8,68,312
11/19/2000,SAV,GA,ASO,ES,Towers with Radar,35,64,53,11,163,0,0,1,0,1,35,64,54,11,164,0,6,6,170
11/20/2000,SAV,GA,ASO,ES,Towers with Radar,37,63,69,14,183,0,1,38,2,41,37,64,107,16,224,100,16,116,340
11/21/2000,SAV,GA,ASO,ES,Towers with Radar,38,61,81,12,192,0,0,13,8,21,38,61,94,20,213,50,11,61,274
11/22/2000,SAV,GA,ASO,ES,Towers with Radar,36,59,84,4,183,0,0,79,1,80,36,59,163,5,263,77,0,77,340
11/23/2000,SAV,GA,ASO,ES,Towers with Radar,29,48,27,0,104,0,0,35,0,35,29,48,62,0,139,22,0,22,161
11/24/2000,SAV,GA,ASO,ES,Towers with Radar,32,55,48,2,137,0,0,67,0,67,32,55,115,2,204,36,0,36,240
11/25/2000,SAV,GA,ASO,ES,Towers with Radar,26,40,47,0,113,7,26,2,0,35,33,66,49,0,148,4,0,4,152
11/26/2000,SAV,GA,ASO,ES,Towers with Radar,39,57,119,2,217,0,0,50,0,50,39,57,169,2,267,68,0,68,335
11/27/2000,SAV,GA,ASO,ES,Towers with Radar,35,59,70,12,176,0,0,68,0,68,35,59,138,12,244,109,0,109,353
11/28/2000,SAV,GA,ASO,ES,Towers with Radar,36,60,80,12,188,0,1,80,3,84,36,61,160,15,272,105,0,105,377
11/29/2000,SAV,GA,ASO,ES,Towers with Radar,37,58,52,17,164,0,0,77,2,79,37,58,129,19,243,100,15,115,358
11/30/2000,SAV,GA,ASO,ES,Towers with Radar,41,61,92,12,206,0,0,72,4,76,41,61,164,16,282,90,14,104,386
12/01/2000,SAV,GA,ASO,ES,Towers with Radar,38,62,77,28,205,1,0,77,5,83,39,62,154,33,288,98,30,128,416
12/02/2000,SAV,GA,ASO,ES,Towers with Radar,34,59,44,22,159,1,0,24,4,29,35,59,68,26,188,86,8,94,282
12/03/2000,SAV,GA,ASO,ES,Towers with Radar,28,54,58,24,164,1,0,1,0,2,29,54,59,24,166,0,10,10,176
12/04/2000,SAV,GA,ASO,ES,Towers with Radar,29,58,60,40,187,1,0,66,1,68,30,58,126,41,255,50,14,64,319
12/05/2000,SAV,GA,ASO,ES,Towers with Radar,36,63,66,38,203,1,0,55,3,59,37,63,121,41,262,71,12,83,345
12/06/2000,SAV,GA,ASO,ES,Towers with Radar,36,63,58,17,174,1,0,62,3,66,37,63,120,20,240,80,11,91,331
12/07/2000,SAV,GA,ASO,ES,Towers with Radar,34,64,72,35,205,1,2,60,5,68,35,66,132,40,273,171,80,251,524
12/08/2000,SAV,GA,ASO,ES,Towers with Radar,36,64,89,30,219,1,0,56,2,59,37,64,145,32,278,85,40,125,403
12/09/2000,SAV,GA,ASO,ES,Towers with Radar,35,58,51,14,158,0,1,30,0,31,35,59,81,14,189,33,17,50,239
12/10/2000,SAV,GA,ASO,ES,Towers with Radar,31,53,56,2,142,0,1,0,0,1,31,54,56,2,143,0,0,0,143
12/11/2000,SAV,GA,ASO,ES,Towers with Radar,34,61,92,3,190,0,1,0,0,1,34,62,92,3,191,0,0,0,191
12/12/2000,SAV,GA,ASO,ES,Towers with Radar,35,52,106,10,203,0,2,32,1,35,35,54,138,11,238,20,8,28,266
12/13/2000,SAV,GA,ASO,ES,Towers with Radar,32,45,63,26,166,0,1,7,1,9,32,46,70,27,175,8,64,72,247
12/14/2000,SAV,GA,ASO,ES,Towers with Radar,43,59,88,9,199,0,0,5,0,5,43,59,93,9,204,0,6,6,210
12/15/2000,SAV,GA,ASO,ES,Towers with Radar,33,73,68,7,181,0,0,1,0,1,33,73,69,7,182,8,0,8,190
12/16/2000,SAV,GA,ASO,ES,Towers with Radar,23,51,36,5,115,0,0,8,0,8,23,51,44,5,123,13,0,13,136
12/17/2000,SAV,GA,ASO,ES,Towers with Radar,31,57,29,9,126,0,0,26,0,26,31,57,55,9,152,10,0,10,162
12/18/2000,SAV,GA,ASO,ES,Towers with Radar,32,60,86,10,188,0,0,76,1,77,32,60,162,11,265,156,7,163,428
12/19/2000,SAV,GA,ASO,ES,Towers with Radar,36,70,31,3,140,0,0,5,0,5,36,70,36,3,145,38,0,38,183
12/20/2000,SAV,GA,ASO,ES,Towers with Radar,34,57,59,12,162,0,1,49,1,51,34,58,108,13,213,76,6,82,295
12/21/2000,SAV,GA,ASO,ES,Towers with Radar,31,56,65,7,159,0,0,60,0,60,31,56,125,7,219,89,2,91,310
12/22/2000,SAV,GA,ASO,ES,Towers with Radar,37,60,50,1,148,0,0,36,1,37,37,60,86,2,185,74,2,76,261
12/23/2000,SAV,GA,ASO,ES,Towers with Radar,31,61,52,5,149,0,0,56,0,56,31,61,108,5,205,88,0,88,293
12/24/2000,SAV,GA,ASO,ES,Towers with Radar,21,52,27,4,104,0,0,51,1,52,21,52,78,5,156,82,8,90,246
12/25/2000,SAV,GA,ASO,ES,Towers with Radar,20,43,16,0,79,0,0,15,0,15,20,43,31,0,94,0,0,0,94
12/26/2000,SAV,GA,ASO,ES,Towers with Radar,32,54,97,7,190,0,0,62,2,64,32,54,159,9,254,48,0,48,302
12/27/2000,SAV,GA,ASO,ES,Towers with Radar,33,66,83,14,196,0,0,50,0,50,33,66,133,14,246,26,12,38,284
12/28/2000,SAV,GA,ASO,ES,Towers with Radar,32,68,45,0,145,0,0,0,0,0,32,68,45,0,145,0,0,0,145
12/29/2000,SAV,GA,ASO,ES,Towers with Radar,35,67,63,4,169,0,1,38,1,40,35,68,101,5,209,71,0,71,280
12/30/2000,SAV,GA,ASO,ES,Towers with Radar,32,50,34,1,117,0,0,31,1,32,32,50,65,2,149,12,0,12,161
12/31/2000,SAV,GA,ASO,ES,Towers with Radar,21,38,39,4,102,4,10,34,0,48,25,48,73,4,150,84,0,84,234
01/01/2001,SAV,GA,ASO,ES,Towers with Radar,31,52,42,1,126,0,0,47,0,47,31,52,89,1,173,86,0,86,259
01/02/2001,SAV,GA,ASO,ES,Towers with Radar,31,59,81,12,183,0,1,49,1,51,31,60,130,13,234,84,8,92,326
01/03/2001,SAV,GA,ASO,ES,Towers with Radar,34,58,76,7,175,0,0,40,1,41,34,58,116,8,216,65,6,71,287
01/04/2001,SAV,GA,ASO,ES,Towers with Radar,35,66,56,6,163,0,0,70,0,70,35,66,126,6,233,25,8,33,266
01/05/2001,SAV,GA,ASO,ES,Towers with Radar,35,71,69,10,185,0,0,43,0,43,35,71,112,10,228,46,13,59,287
01/06/2001,SAV,GA,ASO,ES,Towers with Radar,28,53,44,8,133,0,0,78,3,81,28,53,122,11,214,93,8,101,315
01/07/2001,SAV,GA,ASO,ES,Towers with Radar,30,54,54,10,148,0,0,65,6,71,30,54,119,16,219,74,4,78,297
01/08/2001,SAV,GA,ASO,ES,Towers with Radar,30,54,64,15,163,0,0,9,1,10,30,54,73,16,173,0,0,0,173
01/09/2001,SAV,GA,ASO,ES,Towers with Radar,35,56,56,18,165,0,0,27,11,38,35,56,83,29,203,45,21,66,269
01/10/2001,SAV,GA,ASO,ES,Towers with Radar,37,59,74,20,190,0,1,51,35,87,37,60,125,55,277,75,8,83,360
01/11/2001,SAV,GA,ASO,ES,Towers with Radar,35,68,95,10,208,0,0,29,32,61,35,68,124,42,269,52,2,54,323
01/12/2001,SAV,GA,ASO,ES,Towers with Radar,34,67,104,28,233,0,0,3,11,14,34,67,107,39,247,6,2,8,255
01/13/2001,SAV,GA,ASO,ES,Towers with Radar,29,55,63,14,161,0,0,89,7,96,29,55,152,21,257,174,5,179,436
01/14/2001,SAV,GA,ASO,ES,Towers with Radar,35,57,71,22,185,0,0,20,29,49,35,57,91,51,234,46,18,64,298
01/15/2001,SAV,GA,ASO,ES,Towers with Radar,30,60,44,14,148,0,0,28,22,50,30,60,72,36,198,33,0,33,231
01/16/2001,SAV,GA,ASO,ES,Towers with Radar,32,55,87,10,184,0,2,24,18,44,32,57,111,28,228,31,0,31,259
01/17/2001,SAV,GA,ASO,ES,Towers with Radar,41,61,60,19,181,0,0,20,17,37,41,61,80,36,218,83,0,83,301
01/18/2001,SAV,GA,ASO,ES,Towers with Radar,37,76,99,28,240,0,0,15,6,21,37,76,114,34,261,36,0,36,297
01/19/2001,SAV,GA,ASO,ES,Towers with Radar,35,55,75,16,181,0,0,27,4,31,35,55,102,20,212,27,5,32,244
01/20/2001,SAV,GA,ASO,ES,Towers with Radar,35,46,37,30,148,0,0,9,11,20,35,46,46,41,168,8,6,14,182
01/21/2001,SAV,GA,ASO,ES,Towers with Radar,37,43,59,6,145,0,0,109,4,113,37,43,168,10,258,150,0,150,408
01/22/2001,SAV,GA,ASO,ES,Towers with Radar,30,59,81,4,174,0,0,38,0,38,30,59,119,4,212,60,0,60,272
01/23/2001,SAV,GA,ASO,ES,Towers with Radar,35,58,56,14,163,0,0,34,2,36,35,58,90,16,199,43,19,62,261
01/24/2001,SAV,GA,ASO,ES,Towers with Radar,35,63,73,14,185,0,1,55,2,58,35,64,128,16,243,72,18,90,333
01/25/2001,SAV,GA,ASO,ES,Towers with Radar,34,59,92,7,192,0,0,31,1,32,34,59,123,8,224,38,3,41,265
01/26/2001,SAV,GA,ASO,ES,Towers with Radar,32,62,73,9,176,0,0,75,0,75,32,62,148,9,251,104,0,104,355
01/27/2001,SAV,GA,ASO,ES,Towers with Radar,35,50,38,12,135,0,1,58,0,59,35,51,96,12,194,18,0,18,212
01/28/2001,SAV,GA,ASO,ES,Towers with Radar,29,59,50,9,147,0,0,71,1,72,29,59,121,10,219,76,2,78,297
01/29/2001,SAV,GA,ASO,ES,Towers with Radar,30,61,50,28,169,0,1,58,0,59,30,62,108,28,228,59,19,78,306
01/30/2001,SAV,GA,ASO,ES,Towers with Radar,33,53,66,24,176,0,0,15,0,15,33,53,81,24,191,36,6,42,233
01/31/2001,SAV,GA,ASO,ES,Towers with Radar,34,59,60,29,182,0,0,21,3,24,34,59,81,32,206,78,7,85,291
02/01/2001,SAV,GA,ASO,ES,Towers with Radar,33,63,75,16,187,1,1,24,8,34,34,64,99,24,221,101,4,105,326
02/02/2001,SAV,GA,ASO,ES,Towers with Radar,33,57,83,19,192,1,0,33,4,38,34,57,116,23,230,43,0,43,273
02/03/2001,SAV,GA,ASO,ES,Towers with Radar,32,54,68,7,161,1,0,90,1,92,33,54,158,8,253,110,4,114,367
02/04/2001,SAV,GA,ASO,ES,Towers with Radar,29,49,52,17,147,1,0,0,0,1,30,49,52,17,148,0,0,0,148
02/05/2001,SAV,GA,ASO,ES,Towers with Radar,31,53,67,28,179,1,0,44,0,45,32,53,111,28,224,84,10,94,318
02/06/2001,SAV,GA,ASO,ES,Towers with Radar,31,61,60,26,178,1,0,74,0,75,32,61,134,26,253,20,9,29,282
02/07/2001,SAV,GA,ASO,ES,Towers with Radar,35,58,104,20,217,0,1,87,2,90,35,59,191,22,307,178,2,180,487
02/08/2001,SAV,GA,ASO,ES,Towers with Radar,34,54,76,26,190,0,2,82,0,84,34,56,158,26,274,76,2,78,352
02/09/2001,SAV,GA,ASO,ES,Towers with Radar,34,64,88,19,205,0,0,50,19,69,34,64,138,38,274,64,4,68,342
02/10/2001,SAV,GA,ASO,ES,Towers with Radar,31,48,51,11,141,0,1,15,0,16,31,49,66,11,157,6,0,6,163
02/11/2001,SAV,GA,ASO,ES,Towers with Radar,34,53,72,15,174,0,1,46,0,47,34,54,118,15,221,62,8,70,291
02/12/2001,SAV,GA,ASO,ES,Towers with Radar,30,54,92,29,205,0,1,0,0,1,30,55,92,29,206,8,20,28,234
02/13/2001,SAV,GA,ASO,ES,Towers with Radar,33,62,71,13,179,0,1,0,0,1,33,63,71,13,180,4,0,4,184
02/14/2001,SAV,GA,ASO,ES,Towers with Radar,31,62,84,8,185,0,0,9,2,11,31,62,93,10,196,46,0,46,242
02/15/2001,SAV,GA,ASO,ES,Towers with Radar,35,62,86,11,194,0,3,43,1,47,35,65,129,12,241,36,0,36,277
02/16/2001,SAV,GA,ASO,ES,Towers with Radar,34,63,106,12,215,0,0,31,2,33,34,63,137,14,248,28,6,34,282
02/17/2001,SAV,GA,ASO,ES,Towers with Radar,31,57,63,4,155,0,1,46,5,52,31,58,109,9,207,24,2,26,233
02/18/2001,SAV,GA,ASO,ES,Towers with Radar,30,55,73,4,162,0,0,87,1,88,30,55,160,5,250,76,0,76,326
02/19/2001,SAV,GA,ASO,ES,Towers with Radar,30,62,84,7,183,0,0,69,0,69,30,62,153,7,252,92,6,98,350
02/20/2001,SAV,GA,ASO,ES,Towers with Radar,31,59,74,15,179,0,0,56,3,59,31,59,130,18,238,69,10,79,317
02/21/2001,SAV,GA,ASO,ES,Towers with Radar,33,58,56,10,157,0,0,29,3,32,33,58,85,13,189,78,0,78,267
02/22/2001,SAV,GA,ASO,ES,Towers with Radar,36,68,56,18,178,0,0,17,0,17,36,68,73,18,195,94,6,100,295
02/23/2001,SAV,GA,ASO,ES,Towers with Radar,34,66,96,13,209,0,0,63,1,64,34,66,159,14,273,66,10,76,349
02/24/2001,SAV,GA,ASO,ES,Towers with Radar,32,49,60,17,158,0,0,45,2,47,32,49,105,19,205,54,20,74,279
02/25/2001,SAV,GA,ASO,ES,Towers with Radar,29,53,71,14,167,0,0,9,0,9,29,53,80,14,176,40,0,40,216
02/26/2001,SAV,GA,ASO,ES,Towers with Radar,29,53,74,14,170,0,0,67,0,67,29,53,141,14,237,60,6,66,303
02/27/2001,SAV,GA,ASO,ES,Towers with Radar,35,58,91,11,195,0,2,74,2,78,35,60,165,13,273,55,4,59,332
02/28/2001,SAV,GA,ASO,ES,Towers with Radar,34,62,93,36,225,0,1,29,0,30,34,63,122,36,255,39,20,59,314
03/01/2001,SAV,GA,ASO,ES,Towers with Radar,34,61,89,16,200,1,1,68,1,71,35,62,157,17,271,70,0,70,341
03/02/2001,SAV,GA,ASO,ES,Towers with Radar,34,56,66,39,195,1,2,19,2,24,35,58,85,41,219,4,8,12,231
03/03/2001,SAV,GA,ASO,ES,Towers with Radar,29,60,42,17,148,1,0,6,0,7,30,60,48,17,155,9,12,21,176
03/04/2001,SAV,GA,ASO,ES,Towers with Radar,30,52,49,13,144,1,0,0,4,5,31,52,49,17,149,6,0,6,155
03/05/2001,SAV,GA,ASO,ES,Towers with Radar,36,41,38,12,127,1,0,14,3,18,37,41,52,15,145,18,4,22,167
03/06/2001,SAV,GA,ASO,ES,Towers with Radar,33,48,41,4,126,1,1,37,0,39,34,49,78,4,165,20,0,20,185
03/07/2001,SAV,GA,ASO,ES,Towers with Radar,34,57,79,18,188,1,0,106,1,108,35,57,185,19,296,70,16,86,382
03/08/2001,SAV,GA,ASO,ES,Towers with Radar,35,58,86,7,186,0,2,104,6,112,35,60,190,13,298,134,4,138,436
03/09/2001,SAV,GA,ASO,ES,Towers with Radar,34,61,92,9,196,0,1,49,5,55,34,62,141,14,251,96,16,112,363
03/10/2001,SAV,GA,ASO,ES,Towers with Radar,34,51,65,14,164,0,1,96,3,100,34,52,161,17,264,58,0,58,322
03/11/2001,SAV,GA,ASO,ES,Towers with Radar,30,47,96,18,191,0,1,77,0,78,30,48,173,18,269,123,0,123,392
03/12/2001,SAV,GA,ASO,ES,Towers with Radar,31,63,80,18,192,0,1,3,0,4,31,64,83,18,196,2,2,4,200
03/13/2001,SAV,GA,ASO,ES,Towers with Radar,35,56,65,19,175,0,1,30,5,36,35,57,95,24,211,44,0,44,255
03/14/2001,SAV,GA,ASO,ES,Towers with Radar,35,55,92,24,206,0,0,99,6,105,35,55,191,30,311,156,18,174,485
03/15/2001,SAV,GA,ASO,ES,Towers with Radar,36,66,64,18,184,0,1,3,1,5,36,67,67,19,189,8,20,28,217
03/16/2001,SAV,GA,ASO,ES,Towers with Radar,35,53,94,50,232,0,1,81,9,91,35,54,175,59,323,49,2,51,374
03/17/2001,SAV,GA,ASO,ES,Towers with Radar,33,59,54,9,155,0,1,71,0,72,33,60,125,9,227,64,14,78,305
03/18/2001,SAV,GA,ASO,ES,Towers with Radar,33,51,77,29,190,0,1,32,9,42,33,52,109,38,232,20,0,20,252
03/19/2001,SAV,GA,ASO,ES,Towers with Radar,32,56,55,29,172,0,1,21,0,22,32,57,76,29,194,0,0,0,194
03/20/2001,SAV,GA,ASO,ES,Towers with Radar,30,59,67,15,171,0,3,10,0,13,30,62,77,15,184,56,6,62,246
03/21/2001,SAV,GA,ASO,ES,Towers with Radar,35,54,92,40,221,0,2,16,0,18,35,56,108,40,239,2,12,14,253
03/22/2001,SAV,GA,ASO,ES,Towers with Radar,35,56,89,36,216,0,1,100,4,105,35,57,189,40,321,120,6,126,447
03/23/2001,SAV,GA,ASO,ES,Towers with Radar,36,54,80,27,197,0,0,114,1,115,36,54,194,28,312,44,4,48,360
03/24/2001,SAV,GA,ASO,ES,Towers with Radar,34,55,60,8,157,0,0,67,0,67,34,55,127,8,224,78,0,78,302
03/25/2001,SAV,GA,ASO,ES,Towers with Radar,32,59,93,4,188,0,0,11,0,11,32,59,104,4,199,6,0,6,205
03/26/2001,SAV,GA,ASO,ES,Towers with Radar,34,55,72,15,176,0,1,65,3,69,34,56,137,18,245,170,4,174,419
03/27/2001,SAV,GA,ASO,ES,Towers with Radar,35,51,97,21,204,0,0,83,5,88,35,51,180,26,292,160,6,166,458
03/28/2001,SAV,GA,ASO,ES,Towers with Radar,37,48,117,25,227,0,0,35,2,37,37,48,152,27,264,168,10,178,442
03/29/2001,SAV,GA,ASO,ES,Towers with Radar,37,64,73,3,177,0,0,4,1,5,37,64,77,4,182,16,0,16,198
03/30/2001,SAV,GA,ASO,ES,Towers with Radar,34,46,86,18,184,0,0,22,0,22,34,46,108,18,206,115,8,123,329
03/31/2001,SAV,GA,ASO,ES,Towers with Radar,33,51,59,7,150,0,0,26,2,28,33,51,85,9,178,114,6,120,298
04/01/2001,SAV,GA,ASO,ES,Towers with Radar,33,41,63,7,144,0,0,37,0,37,33,41,100,7,181,32,0,32,213
04/02/2001,SAV,GA,ASO,ES,Towers with Radar,34,55,76,12,177,0,0,93,2,95,34,55,169,14,272,144,10,154,426
04/03/2001,SAV,GA,ASO,ES,Towers with Radar,33,63,73,8,177,0,0,41,5,46,33,63,114,13,223,87,38,125,348
04/04/2001,SAV,GA,ASO,ES,Towers with Radar,38,63,100,8,209,0,0,50,2,52,38,63,150,10,261,137,0,137,398
04/05/2001,SAV,GA,ASO,ES,Towers with Radar,36,56,94,14,200,0,0,67,14,81,36,56,161,28,281,32,12,44,325
04/06/2001,SAV,GA,ASO,ES,Towers with Radar,36,52,91,12,191,0,0,102,1,103,36,52,193,13,294,33,0,33,327
04/07/2001,SAV,GA,ASO,ES,Towers with Radar,37,50,109,17,213,0,0,82,4,86,37,50,191,21,299,26,0,26,325
04/08/2001,SAV,GA,ASO,ES,Towers with Radar,37,45,78,9,169,0,0,87,2,89,37,45,165,11,258,13,0,13,271
04/09/2001,SAV,GA,ASO,ES,Towers with Radar,32,50,66,9,157,0,0,88,1,89,32,50,154,10,246,90,0,90,336
04/10/2001,SAV,GA,ASO,ES,Towers with Radar,36,52,95,17,200,0,0,81,1,82,36,52,176,18,282,23,2,25,307
04/11/2001,SAV,GA,ASO,ES,Towers with Radar,36,58,83,5,182,0,0,80,6,86,36,58,163,11,268,72,18,90,358
04/12/2001,SAV,GA,ASO,ES,Towers with Radar,36,60,111,10,217,0,0,99,1,100,36,60,210,11,317,39,4,43,360
04/13/2001,SAV,GA,ASO,ES,Towers with Radar,35,65,100,8,208,0,0,79,0,79,35,65,179,8,287,4,0,4,291
04/14/2001,SAV,GA,ASO,ES,Towers with Radar,36,53,103,8,200,0,0,87,0,87,36,53,190,8,287,42,6,48,335
04/15/2001,SAV,GA,ASO,ES,Towers with Radar,34,78,73,3,188,0,0,19,1,20,34,78,92,4,208,47,0,47,255
04/16/2001,SAV,GA,ASO,ES,Towers with Radar,34,63,108,19,224,0,0,59,8,67,34,63,167,27,291,72,6,78,369
04/17/2001,SAV,GA,ASO,ES,Towers with Radar,32,53,75,9,169,2,5,41,11,59,34,58,116,20,228,33,0,33,261
04/18/2001,SAV,GA,ASO,ES,Towers with Radar,36,48,60,5,149,0,0,71,6,77,36,48,131,11,226,91,16,107,333
04/19/2001,SAV,GA,ASO,ES,Towers with Radar,40,62,107,9,218,0,0,92,1,93,40,62,199,10,311,108,0,108,419
04/20/2001,SAV,GA,ASO,ES,Towers with Radar,35,57,103,29,224,0,0,74,1,75,35,57,177,30,299,70,26,96,395
04/21/2001,SAV,GA,ASO,ES,Towers with Radar,35,54,57,18,164,0,0,84,0,84,35,54,141,18,248,49,36,85,333
04/22/2001,SAV,GA,ASO,ES,Towers with Radar,34,48,90,17,189,0,0,87,1,88,34,48,177,18,277,108,19,127,404
04/23/2001,SAV,GA,ASO,ES,Towers with Radar,33,49,77,12,171,0,0,56,0,56,33,49,133,12,227,112,0,112,339
04/24/2001,SAV,GA,ASO,ES,Towers with Radar,28,48,70,6,152,4,23,36,0,63,32,71,106,6,215,14,0,14,229
04/25/2001,SAV,GA,ASO,ES,Towers with Radar,31,50,73,5,159,3,9,14,0,26,34,59,87,5,185,5,12,17,202
04/26/2001,SAV,GA,ASO,ES,Towers with Radar,36,60,80,15,191,0,0,70,7,77,36,60,150,22,268,178,19,197,465
04/27/2001,SAV,GA,ASO,ES,Towers with Radar,35,61,103,20,219,0,0,94,5,99,35,61,197,25,318,140,9,149,467
04/28/2001,SAV,GA,ASO,ES,Towers with Radar,36,53,60,4,153,0,0,81,6,87,36,53,141,10,240,106,10,116,356
04/29/2001,SAV,GA,ASO,ES,Towers with Radar,38,50,65,6,159,0,0,48,2,50,38,50,113,8,209,108,2,110,319
04/30/2001,SAV,GA,ASO,ES,Towers with Radar,33,61,67,6,167,0,0,53,3,56,33,61,120,9,223,118,2,120,343
05/01/2001,SAV,GA,ASO,ES,Towers with Radar,43,51,72,13,179,0,0,68,2,70,43,51,140,15,249,119,2,121,370
05/02/2001,SAV,GA,ASO,ES,Towers with Radar,36,54,91,5,186,0,2,64,4,70,36,56,155,9,256,194,0,194,450
05/03/2001,SAV,GA,ASO,ES,Towers with Radar,37,64,128,12,241,0,0,76,0,76,37,64,204,12,317,86,2,88,405
05/04/2001,SAV,GA,ASO,ES,Towers with Radar,37,67,99,10,213,0,0,73,3,76,37,67,172,13,289,59,2,61,350
05/05/2001,SAV,GA,ASO,ES,Towers with Radar,39,53,67,21,180,0,0,65,7,72,39,53,132,28,252,72,20,92,344
05/06/2001,SAV,GA,ASO,ES,Towers with Radar,33,44,63,9,149,6,0,79,15,100,39,44,142,24,249,78,14,92,341
05/07/2001,SAV,GA,ASO,ES,Towers with Radar,38,51,68,17,174,0,0,29,2,31,38,51,97,19,205,58,16,74,279
05/08/2001,SAV,GA,ASO,ES,Towers with Radar,39,58,76,12,185,0,0,55,2,57,39,58,131,14,242,158,20,178,420
05/09/2001,SAV,GA,ASO,ES,Towers with Radar,38,55,98,8,199,0,0,70,1,71,38,55,168,9,270,108,6,114,384
05/10/2001,SAV,GA,ASO,ES,Towers with Radar,38,61,73,11,183,0,0,67,3,70,38,61,140,14,253,180,4,184,437
05/11/2001,SAV,GA,ASO,ES,Towers with Radar,38,55,119,24,236,0,0,90,8,98,38,55,209,32,334,88,14,102,436
05/12/2001,SAV,GA,ASO,ES,Towers with Radar,39,53,40,5,137,0,0,56,3,59,39,53,96,8,196,68,2,70,266
05/13/2001,SAV,GA,ASO,ES,Towers with Radar,37,43,35,3,118,0,0,83,0,83,37,43,118,3,201,76,6,82,283
05/14/2001,SAV,GA,ASO,ES,Towers with Radar,37,50,66,17,170,0,0,42,1,43,37,50,108,18,213,84,4,88,301
05/15/2001,SAV,GA,ASO,ES,Towers with Radar,39,52,70,20,181,0,0,73,5,78,39,52,143,25,259,140,30,170,429
05/16/2001,SAV,GA,ASO,ES,Towers with Radar,38,57,70,14,179,0,0,90,2,92,38,57,160,16,271,138,2,140,411
05/17/2001,SAV,GA,ASO,ES,Towers with Radar,39,70,78,25,212,0,0,66,11,77,39,70,144,36,289,98,26,124,413
05/18/2001,SAV,GA,ASO,ES,Towers with Radar,39,55,93,14,201,0,0,56,6,62,39,55,149,20,263,78,0,78,341
05/19/2001,SAV,GA,ASO,ES,Towers with Radar,27,39,53,7,126,11,11,59,1,82,38,50,112,8,208,79,0,79,287
05/20/2001,SAV,GA,ASO,ES,Towers with Radar,37,41,60,14,152,0,0,34,2,36,37,41,94,16,188,134,0,134,322
05/21/2001,SAV,GA,ASO,ES,Towers with Radar,33,52,81,9,175,0,0,57,6,63,33,52,138,15,238,96,3,99,337
05/22/2001,SAV,GA,ASO,ES,Towers with Radar,39,57,71,14,181,0,2,23,2,27,39,59,94,16,208,109,6,115,323
05/23/2001,SAV,GA,ASO,ES,Towers with Radar,34,62,78,6,180,0,0,64,2,66,34,62,142,8,246,87,7,94,340
05/24/2001,SAV,GA,ASO,ES,Towers with Radar,37,60,72,5,174,0,0,58,5,63,37,60,130,10,237,150,0,150,387
05/25/2001,SAV,GA,ASO,ES,Towers with Radar,37,61,80,4,182,0,1,21,2,24,37,62,101,6,206,38,0,38,244
05/26/2001,SAV,GA,ASO,ES,Towers with Radar,39,51,64,6,160,0,0,37,3,40,39,51,101,9,200,83,0,83,283
05/27/2001,SAV,GA,ASO,ES,Towers with Radar,35,44,33,2,114,0,0,48,0,48,35,44,81,2,162,35,0,35,197
05/28/2001,SAV,GA,ASO,ES,Towers with Radar,34,51,57,2,144,0,0,48,0,48,34,51,105,2,192,199,6,205,397
05/29/2001,SAV,GA,ASO,ES,Towers with Radar,37,59,58,4,158,0,0,12,0,12,37,59,70,4,170,0,0,0,170
05/30/2001,SAV,GA,ASO,ES,Towers with Radar,40,58,98,20,216,0,0,65,13,78,40,58,163,33,294,66,26,92,386
05/31/2001,SAV,GA,ASO,ES,Towers with Radar,39,55,86,12,192,0,0,83,7,90,39,55,169,19,282,136,44,180,462
06/01/2001,SAV,GA,ASO,ES,Towers with Radar,34,60,91,19,204,0,0,39,0,39,34,60,130,19,243,60,24,84,327
06/02/2001,SAV,GA,ASO,ES,Towers with Radar,40,58,57,5,160,0,0,39,6,45,40,58,96,11,205,36,2,38,243
06/03/2001,SAV,GA,ASO,ES,Towers with Radar,35,50,55,13,153,0,0,63,0,63,35,50,118,13,216,36,2,38,254
06/04/2001,SAV,GA,ASO,ES,Towers with Radar,34,55,74,19,182,0,0,42,7,49,34,55,116,26,231,103,6,109,340
06/05/2001,SAV,GA,ASO,ES,Towers with Radar,37,57,51,27,172,0,0,56,9,65,37,57,107,36,237,65,26,91,328
06/06/2001,SAV,GA,ASO,ES,Towers with Radar,36,55,55,25,171,0,0,70,3,73,36,55,125,28,244,75,10,85,329
06/07/2001,SAV,GA,ASO,ES,Towers with Radar,36,56,66,26,184,0,0,36,5,41,36,56,102,31,225,72,8,80,305
06/08/2001,SAV,GA,ASO,ES,Towers with Radar,39,55,79,9,182,0,0,31,0,31,39,55,110,9,213,76,6,82,295
06/09/2001,SAV,GA,ASO,ES,Towers with Radar,41,47,68,8,164,0,0,7,0,7,41,47,75,8,171,18,0,18,189
06/10/2001,SAV,GA,ASO,ES,Towers with Radar,42,39,40,2,123,0,0,10,0,10,42,39,50,2,133,34,0,34,167
06/11/2001,SAV,GA,ASO,ES,Towers with Radar,39,56,57,2,154,0,0,28,0,28,39,56,85,2,182,15,0,15,197
06/12/2001,SAV,GA,ASO,ES,Towers with Radar,36,62,53,1,152,0,0,12,0,12,36,62,65,1,164,18,2,20,184
06/13/2001,SAV,GA,ASO,ES,Towers with Radar,42,53,52,14,161,0,1,47,2,50,42,54,99,16,211,38,26,64,275
06/14/2001,SAV,GA,ASO,ES,Towers with Radar,37,53,84,5,179,0,2,53,3,58,37,55,137,8,237,20,0,20,257
06/15/2001,SAV,GA,ASO,ES,Towers with Radar,37,51,65,9,162,0,1,71,3,75,37,52,136,12,237,142,8,150,387
06/16/2001,SAV,GA,ASO,ES,Towers with Radar,40,50,30,3,123,0,0,88,0,88,40,50,118,3,211,51,0,51,262
06/17/2001,SAV,GA,ASO,ES,Towers with Radar,37,37,60,13,147,0,0,37,0,37,37,37,97,13,184,27,0,27,211
06/18/2001,SAV,GA,ASO,ES,Towers with Radar,36,55,55,4,150,0,0,64,1,65,36,55,119,5,215,24,0,24,239
06/19/2001,SAV,GA,ASO,ES,Towers with Radar,38,52,63,6,159,1,2,43,0,46,39,54,106,6,205,56,0,56,261
06/20/2001,SAV,GA,ASO,ES,Towers with Radar,37,56,81,12,186,0,0,64,2,66,37,56,145,14,252,88,5,93,345
06/21/2001,SAV,GA,ASO,ES,Towers with Radar,40,56,67,10,173,2,0,64,16,82,42,56,131,26,255,92,0,92,347
06/22/2001,SAV,GA,ASO,ES,Towers with Radar,36,44,72,10,162,0,0,60,1,61,36,44,132,11,223,30,0,30,253
06/23/2001,SAV,GA,ASO,ES,Towers with Radar,40,49,51,14,154,0,0,35,0,35,40,49,86,14,189,60,0,60,249
06/24/2001,SAV,GA,ASO,ES,Towers with Radar,34,55,67,1,157,0,0,88,0,88,34,55,155,1,245,119,0,119,364
06/25/2001,SAV,GA,ASO,ES,Towers with Radar,38,55,61,10,164,0,0,38,0,38,38,55,99,10,202,62,24,86,288
06/26/2001,SAV,GA,ASO,ES,Towers with Radar,39,56,83,12,190,0,0,52,8,60,39,56,135,20,250,101,6,107,357
06/27/2001,SAV,GA,ASO,ES,Towers with Radar,39,51,59,6,155,0,0,40,0,40,39,51,99,6,195,215,2,217,412
06/28/2001,SAV,GA,ASO,ES,Towers with Radar,37,62,72,1,172,0,0,19,2,21,37,62,91,3,193,186,0,186,379
06/29/2001,SAV,GA,ASO,ES,Towers with Radar,39,55,90,9,193,0,0,37,0,37,39,55,127,9,230,71,0,71,301
06/30/2001,SAV,GA,ASO,ES,Towers with Radar,39,49,66,7,161,0,0,63,3,66,39,49,129,10,227,82,0,82,309
07/01/2001,SAV,GA,ASO,ES,Towers with Radar,41,40,48,0,129,1,0,40,0,41,42,40,88,0,170,90,0,90,260
07/02/2001,SAV,GA,ASO,ES,Towers with Radar,37,48,53,15,153,1,0,54,0,55,38,48,107,15,208,32,6,38,246
07/03/2001,SAV,GA,ASO,ES,Towers with Radar,40,58,50,4,152,1,0,49,1,51,41,58,99,5,203,117,0,117,320
07/04/2001,SAV,GA,ASO,ES,Towers with Radar,32,39,37,2,110,1,0,53,0,54,33,39,90,2,164,128,0,128,292
07/05/2001,SAV,GA,ASO,ES,Towers with Radar,44,56,80,9,189,1,0,34,3,38,45,56,114,12,227,29,8,37,264
07/06/2001,SAV,GA,ASO,ES,Towers with Radar,39,48,89,4,180,1,0,73,0,74,40,48,162,4,254,126,0,126,380
07/07/2001,SAV,GA,ASO,ES,Towers with Radar,37,55,57,14,163,1,0,88,0,89,38,55,145,14,252,79,0,79,331
07/08/2001,SAV,GA,ASO,ES,Towers with Radar,35,43,79,6,163,1,0,52,0,53,36,43,131,6,216,100,0,100,316
07/09/2001,SAV,GA,ASO,ES,Towers with Radar,34,53,78,12,177,1,0,66,3,70,35,53,144,15,247,48,0,48,295
07/10/2001,SAV,GA,ASO,ES,Towers with Radar,37,53,70,13,173,0,0,51,0,51,37,53,121,13,224,88,2,90,314
07/11/2001,SAV,GA,ASO,ES,Towers with Radar,39,58,61,10,168,0,0,72,0,72,39,58,133,10,240,71,0,71,311
07/12/2001,SAV,GA,ASO,ES,Towers with Radar,36,62,68,13,179,0,0,41,1,42,36,62,109,14,221,81,0,81,302
07/13/2001,SAV,GA,ASO,ES,Towers with Radar,35,63,102,21,221,0,0,10,0,10,35,63,112,21,231,44,8,52,283
07/14/2001,SAV,GA,ASO,ES,Towers with Radar,48,61,69,15,193,0,0,89,2,91,48,61,158,17,284,50,8,58,342
07/15/2001,SAV,GA,ASO,ES,Towers with Radar,36,48,78,25,187,0,0,79,1,80,36,48,157,26,267,118,6,124,391
07/16/2001,SAV,GA,ASO,ES,Towers with Radar,34,57,89,14,194,0,0,54,2,56,34,57,143,16,250,157,2,159,409
07/17/2001,SAV,GA,ASO,ES,Towers with Radar,40,50,87,17,194,0,0,52,3,55,40,50,139,20,249,134,2,136,385
07/18/2001,SAV,GA,ASO,ES,Towers with Radar,38,60,83,6,187,0,0,86,2,88,38,60,169,8,275,171,7,178,453
07/19/2001,SAV,GA,ASO,ES,Towers with Radar,38,57,82,6,183,0,0,57,1,58,38,57,139,7,241,170,4,174,415
07/20/2001,SAV,GA,ASO,ES,Towers with Radar,39,58,88,10,195,0,0,23,0,23,39,58,111,10,218,116,38,154,372
07/21/2001,SAV,GA,ASO,ES,Towers with Radar,40,58,55,23,176,0,0,23,2,25,40,58,78,25,201,16,0,16,217
07/22/2001,SAV,GA,ASO,ES,Towers with Radar,37,43,49,14,143,0,0,57,3,60,37,43,106,17,203,90,10,100,303
07/23/2001,SAV,GA,ASO,ES,Towers with Radar,37,49,52,10,148,0,0,10,0,10,37,49,62,10,158,20,0,20,178
07/24/2001,SAV,GA,ASO,ES,Towers with Radar,32,63,79,11,185,0,10,21,0,31,32,73,100,11,216,40,10,50,266
07/25/2001,SAV,GA,ASO,ES,Towers with Radar,39,66,65,11,181,0,0,47,3,50,39,66,112,14,231,101,0,101,332
07/26/2001,SAV,GA,ASO,ES,Towers with Radar,38,58,88,9,193,0,0,60,1,61,38,58,148,10,254,184,2,186,440
07/27/2001,SAV,GA,ASO,ES,Towers with Radar,40,49,78,9,176,0,0,38,4,42,40,49,116,13,218,80,0,80,298
07/28/2001,SAV,GA,ASO,ES,Towers with Radar,34,50,63,9,156,5,10,33,1,49,39,60,96,10,205,114,0,114,319
07/29/2001,SAV,GA,ASO,ES,Towers with Radar,34,45,72,7,158,0,0,85,0,85,34,45,157,7,243,100,0,100,343
07/30/2001,SAV,GA,ASO,ES,Towers with Radar,37,57,71,6,171,0,0,45,0,45,37,57,116,6,216,93,10,103,319
07/31/2001,SAV,GA,ASO,ES,Towers with Radar,37,56,73,12,178,0,9,66,18,93,37,65,139,30,271,118,14,132,403
08/01/2001,SAV,GA,ASO,ES,Towers with Radar,36,71,64,10,181,0,0,56,0,56,36,71,120,10,237,48,8,56,293
08/02/2001,SAV,GA,ASO,ES,Towers with Radar,39,55,61,18,173,0,0,85,2,87,39,55,146,20,260,114,2,116,376
08/03/2001,SAV,GA,ASO,ES,Towers with Radar,36,53,68,26,183,0,0,56,0,56,36,53,124,26,239,83,2,85,324
08/04/2001,SAV,GA,ASO,ES,Towers with Radar,38,58,51,22,169,0,0,84,1,85,38,58,135,23,254,34,0,34,288
08/05/2001,SAV,GA,ASO,ES,Towers with Radar,35,47,46,13,141,0,0,26,0,26,35,47,72,13,167,31,2,33,200
08/06/2001,SAV,GA,ASO,ES,Towers with Radar,36,56,61,16,169,0,0,51,1,52,36,56,112,17,221,69,0,69,290
08/07/2001,SAV,GA,ASO,ES,Towers with Radar,36,55,68,12,171,0,1,101,12,114,36,56,169,24,285,128,6,134,419
08/08/2001,SAV,GA,ASO,ES,Towers with Radar,36,57,57,19,169,0,1,60,3,64,36,58,117,22,233,106,0,106,339
08/09/2001,SAV,GA,ASO,ES,Towers with Radar,37,61,54,5,157,0,1,78,1,80,37,62,132,6,237,55,2,57,294
08/10/2001,SAV,GA,ASO,ES,Towers with Radar,38,51,79,15,183,0,0,43,1,44,38,51,122,16,227,2,12,14,241
08/11/2001,SAV,GA,ASO,ES,Towers with Radar,37,52,48,2,139,0,0,72,0,72,37,52,120,2,211,27,0,27,238
08/12/2001,SAV,GA,ASO,ES,Towers with Radar,39,36,50,6,131,0,0,59,1,60,39,36,109,7,191,48,0,48,239
08/13/2001,SAV,GA,ASO,ES,Towers with Radar,31,54,73,9,167,0,0,61,1,62,31,54,134,10,229,78,0,78,307
08/14/2001,SAV,GA,ASO,ES,Towers with Radar,35,68,72,19,194,0,0,20,0,20,35,68,92,19,214,94,2,96,310
08/15/2001,SAV,GA,ASO,ES,Towers with Radar,34,56,73,6,169,0,1,20,1,22,34,57,93,7,191,18,10,28,219
08/16/2001,SAV,GA,ASO,ES,Towers with Radar,37,66,70,9,182,0,0,57,0,57,37,66,127,9,239,72,0,72,311
08/17/2001,SAV,GA,ASO,ES,Towers with Radar,42,63,97,16,218,0,1,58,5,64,42,64,155,21,282,73,4,77,359
08/18/2001,SAV,GA,ASO,ES,Towers with Radar,33,54,69,3,159,0,0,49,0,49,33,54,118,3,208,70,4,74,282
08/19/2001,SAV,GA,ASO,ES,Towers with Radar,36,47,57,12,152,0,0,21,0,21,36,47,78,12,173,30,0,30,203
08/20/2001,SAV,GA,ASO,ES,Towers with Radar,33,48,67,23,171,0,1,49,2,52,33,49,116,25,223,104,23,127,350
08/21/2001,SAV,GA,ASO,ES,Towers with Radar,37,60,64,12,173,0,1,88,8,97,37,61,152,20,270,138,24,162,432
08/22/2001,SAV,GA,ASO,ES,Towers with Radar,39,67,74,9,189,0,1,52,1,54,39,68,126,10,243,56,10,66,309
08/23/2001,SAV,GA,ASO,ES,Towers with Radar,38,54,70,8,170,0,1,69,3,73,38,55,139,11,243,80,6,86,329
08/24/2001,SAV,GA,ASO,ES,Towers with Radar,39,54,73,14,180,0,2,59,6,67,39,56,132,20,247,34,10,44,291
08/25/2001,SAV,GA,ASO,ES,Towers with Radar,39,57,43,7,146,0,0,71,0,71,39,57,114,7,217,154,6,160,377
08/26/2001,SAV,GA,ASO,ES,Towers with Radar,36,47,62,5,150,0,0,65,0,65,36,47,127,5,215,33,6,39,254
08/27/2001,SAV,GA,ASO,ES,Towers with Radar,38,55,78,18,189,0,2,61,4,67,38,57,139,22,256,114,4,118,374
08/28/2001,SAV,GA,ASO,ES,Towers with Radar,37,60,70,11,178,0,1,74,2,77,37,61,144,13,255,89,9,98,353
08/29/2001,SAV,GA,ASO,ES,Towers with Radar,38,63,86,24,211,0,0,42,3,45,38,63,128,27,256,108,8,116,372
08/30/2001,SAV,GA,ASO,ES,Towers with Radar,36,54,98,22,210,0,0,38,1,39,36,54,136,23,249,96,2,98,347
08/31/2001,SAV,GA,ASO,ES,Towers with Radar,36,56,103,7,202,0,0,32,0,32,36,56,135,7,234,38,0,38,272
09/01/2001,SAV,GA,ASO,ES,Towers with Radar,36,53,37,2,128,0,0,37,0,37,36,53,74,2,165,56,0,56,221
09/02/2001,SAV,GA,ASO,ES,Towers with Radar,31,47,42,2,122,0,0,28,0,28,31,47,70,2,150,89,1,90,240
09/03/2001,SAV,GA,ASO,ES,Towers with Radar,35,50,42,5,132,0,0,50,0,50,35,50,92,5,182,6,6,12,194
09/04/2001,SAV,GA,ASO,ES,Towers with Radar,34,65,58,5,162,0,0,36,1,37,34,65,94,6,199,20,2,22,221
09/05/2001,SAV,GA,ASO,ES,Towers with Radar,37,52,61,8,158,0,0,35,1,36,37,52,96,9,194,36,4,40,234
09/06/2001,SAV,GA,ASO,ES,Towers with Radar,39,55,90,4,188,0,0,40,3,43,39,55,130,7,231,114,2,116,347
09/07/2001,SAV,GA,ASO,ES,Towers with Radar,39,55,54,11,159,0,0,46,1,47,39,55,100,12,206,49,20,69,275
09/08/2001,SAV,GA,ASO,ES,Towers with Radar,38,51,39,4,132,0,1,68,2,71,38,52,107,6,203,92,0,92,295
09/09/2001,SAV,GA,ASO,ES,Towers with Radar,38,48,42,8,136,0,0,13,0,13,38,48,55,8,149,2,0,2,151
09/10/2001,SAV,GA,ASO,ES,Towers with Radar,34,51,72,2,159,0,0,21,1,22,34,51,93,3,181,38,0,38,219
09/11/2001,SAV,GA,ASO,ES,Towers with Radar,9,8,15,2,34,0,0,4,0,4,9,8,19,2,38,36,0,36,74
09/12/2001,SAV,GA,ASO,ES,Towers with Radar,0,3,1,1,5,0,0,0,0,0,0,3,1,1,5,0,0,0,5
09/13/2001,SAV,GA,ASO,ES,Towers with Radar,10,21,5,4,40,0,0,0,0,0,10,21,5,4,40,4,10,14,54
09/14/2001,SAV,GA,ASO,ES,Towers with Radar,20,50,15,6,91,0,0,2,0,2,20,50,17,6,93,0,0,0,93
09/15/2001,SAV,GA,ASO,ES,Towers with Radar,25,37,33,3,98,0,0,0,0,0,25,37,33,3,98,4,0,4,102
09/16/2001,SAV,GA,ASO,ES,Towers with Radar,25,42,42,13,122,0,0,1,0,1,25,42,43,13,123,0,1,1,124
09/17/2001,SAV,GA,ASO,ES,Towers with Radar,29,47,72,35,183,0,0,0,2,2,29,47,72,37,185,8,58,66,251
09/18/2001,SAV,GA,ASO,ES,Towers with Radar,31,64,102,7,204,0,0,7,0,7,31,64,109,7,211,6,6,12,223
09/19/2001,SAV,GA,ASO,ES,Towers with Radar,27,51,119,9,206,0,0,3,0,3,27,51,122,9,209,24,8,32,241
09/20/2001,SAV,GA,ASO,ES,Towers with Radar,28,51,124,10,213,0,0,15,0,15,28,51,139,10,228,33,22,55,283
09/21/2001,SAV,GA,ASO,ES,Towers with Radar,30,47,88,17,182,0,0,17,1,18,30,47,105,18,200,6,4,10,210
09/22/2001,SAV,GA,ASO,ES,Towers with Radar,28,40,48,9,125,0,0,13,2,15,28,40,61,11,140,8,16,24,164
09/23/2001,SAV,GA,ASO,ES,Towers with Radar,24,44,55,5,128,0,0,16,0,16,24,44,71,5,144,61,0,61,205
09/24/2001,SAV,GA,ASO,ES,Towers with Radar,29,46,65,10,150,0,0,14,0,14,29,46,79,10,164,38,8,46,210
09/25/2001,SAV,GA,ASO,ES,Towers with Radar,29,57,134,8,228,0,0,64,1,65,29,57,198,9,293,66,2,68,361
09/26/2001,SAV,GA,ASO,ES,Towers with Radar,32,53,69,6,160,0,1,85,1,87,32,54,154,7,247,150,6,156,403
09/27/2001,SAV,GA,ASO,ES,Towers with Radar,31,56,79,6,172,0,0,64,3,67,31,56,143,9,239,42,10,52,291
09/28/2001,SAV,GA,ASO,ES,Towers with Radar,33,53,111,3,200,0,0,64,1,65,33,53,175,4,265,34,0,34,299
09/29/2001,SAV,GA,ASO,ES,Towers with Radar,30,47,49,2,128,0,0,40,0,40,30,47,89,2,168,45,0,45,213
09/30/2001,SAV,GA,ASO,ES,Towers with Radar,30,49,64,9,152,0,0,25,0,25,30,49,89,9,177,48,0,48,225
10/01/2001,SAV,GA,ASO,ES,Towers with Radar,29,51,63,22,165,1,0,63,2,66,30,51,126,24,231,76,2,78,309
10/02/2001,SAV,GA,ASO,ES,Towers with Radar,30,59,83,11,183,0,0,72,18,90,30,59,155,29,273,31,6,37,310
10/03/2001,SAV,GA,ASO,ES,Towers with Radar,32,57,84,8,181,1,0,70,0,71,33,57,154,8,252,82,3,85,337
10/04/2001,SAV,GA,ASO,ES,Towers with Radar,33,58,83,6,180,0,1,46,0,47,33,59,129,6,227,94,2,96,323
10/05/2001,SAV,GA,ASO,ES,Towers with Radar,32,53,68,8,161,0,1,39,1,41,32,54,107,9,202,36,0,36,238
10/06/2001,SAV,GA,ASO,ES,Towers with Radar,30,53,40,2,125,0,1,15,0,16,30,54,55,2,141,36,0,36,177
10/07/2001,SAV,GA,ASO,ES,Towers with Radar,32,48,59,2,141,0,1,53,0,54,32,49,112,2,195,30,0,30,225
10/08/2001,SAV,GA,ASO,ES,Towers with Radar,26,42,61,8,137,7,11,55,1,74,33,53,116,9,211,63,44,107,318
10/09/2001,SAV,GA,ASO,ES,Towers with Radar,34,50,108,13,205,0,5,41,0,46,34,55,149,13,251,84,4,88,339
10/10/2001,SAV,GA,ASO,ES,Towers with Radar,35,58,97,15,205,0,3,39,0,42,35,61,136,15,247,28,2,30,277
10/11/2001,SAV,GA,ASO,ES,Towers with Radar,35,56,97,12,200,0,0,45,19,64,35,56,142,31,264,58,0,58,322
10/12/2001,SAV,GA,ASO,ES,Towers with Radar,35,54,115,16,220,0,1,42,0,43,35,55,157,16,263,28,4,32,295
10/13/2001,SAV,GA,ASO,ES,Towers with Radar,33,45,48,13,139,0,0,58,0,58,33,45,106,13,197,62,12,74,271
10/14/2001,SAV,GA,ASO,ES,Towers with Radar,33,52,46,11,142,0,0,9,1,10,33,52,55,12,152,0,3,3,155
10/15/2001,SAV,GA,ASO,ES,Towers with Radar,32,57,80,11,180,0,0,35,2,37,32,57,115,13,217,28,12,40,257
10/16/2001,SAV,GA,ASO,ES,Towers with Radar,37,59,106,12,214,0,0,54,2,56,37,59,160,14,270,79,3,82,352
10/17/2001,SAV,GA,ASO,ES,Towers with Radar,33,56,97,5,191,0,0,71,4,75,33,56,168,9,266,102,16,118,384
10/18/2001,SAV,GA,ASO,ES,Towers with Radar,34,62,72,7,175,0,0,48,0,48,34,62,120,7,223,72,0,72,295
10/19/2001,SAV,GA,ASO,ES,Towers with Radar,35,65,91,12,203,0,0,65,0,65,35,65,156,12,268,54,4,58,326
10/20/2001,SAV,GA,ASO,ES,Towers with Radar,35,55,57,5,152,0,0,68,0,68,35,55,125,5,220,19,25,44,264
10/21/2001,SAV,GA,ASO,ES,Towers with Radar,33,51,86,5,175,0,0,53,0,53,33,51,139,5,228,64,0,64,292
10/22/2001,SAV,GA,ASO,ES,Towers with Radar,33,54,84,11,182,0,0,23,0,23,33,54,107,11,205,64,18,82,287
10/23/2001,SAV,GA,ASO,ES,Towers with Radar,35,64,90,9,198,0,0,30,4,34,35,64,120,13,232,20,32,52,284
10/24/2001,SAV,GA,ASO,ES,Towers with Radar,34,62,83,7,186,0,0,52,0,52,34,62,135,7,238,78,16,94,332
10/25/2001,SAV,GA,ASO,ES,Towers with Radar,36,62,93,6,197,0,0,29,0,29,36,62,122,6,226,46,0,46,272
10/26/2001,SAV,GA,ASO,ES,Towers with Radar,33,60,92,10,195,0,0,47,0,47,33,60,139,10,242,31,6,37,279
10/27/2001,SAV,GA,ASO,ES,Towers with Radar,30,54,49,5,138,0,0,54,0,54,30,54,103,5,192,8,8,16,208
10/28/2001,SAV,GA,ASO,ES,Towers with Radar,32,58,74,5,169,0,0,68,0,68,32,58,142,5,237,76,2,78,315
10/29/2001,SAV,GA,ASO,ES,Towers with Radar,34,66,61,21,182,0,1,70,0,71,34,67,131,21,253,117,22,139,392
10/30/2001,SAV,GA,ASO,ES,Towers with Radar,34,58,98,6,196,0,1,69,6,76,34,59,167,12,272,102,6,108,380
10/31/2001,SAV,GA,ASO,ES,Towers with Radar,35,65,78,10,188,0,0,60,0,60,35,65,138,10,248,97,0,97,345
11/01/2001,SAV,GA,ASO,ES,Towers with Radar,36,52,105,8,201,0,2,42,1,45,36,54,147,9,246,122,10,132,378
11/02/2001,SAV,GA,ASO,ES,Towers with Radar,34,61,89,9,193,0,0,21,15,36,34,61,110,24,229,75,14,89,318
11/03/2001,SAV,GA,ASO,ES,Towers with Radar,34,50,46,12,142,0,0,42,0,42,34,50,88,12,184,105,9,114,298
11/04/2001,SAV,GA,ASO,ES,Towers with Radar,32,48,64,13,157,0,0,53,0,53,32,48,117,13,210,32,0,32,242
11/05/2001,SAV,GA,ASO,ES,Towers with Radar,34,51,71,5,161,0,0,26,2,28,34,51,97,7,189,16,4,20,209
11/06/2001,SAV,GA,ASO,ES,Towers with Radar,32,60,94,25,211,0,0,76,2,78,32,60,170,27,289,76,0,76,365
11/07/2001,SAV,GA,ASO,ES,Towers with Radar,36,59,111,12,218,0,1,67,0,68,36,60,178,12,286,101,17,118,404
11/08/2001,SAV,GA,ASO,ES,Towers with Radar,36,59,139,14,248,0,0,90,0,90,36,59,229,14,338,72,4,76,414
11/09/2001,SAV,GA,ASO,ES,Towers with Radar,35,57,108,5,205,0,0,77,0,77,35,57,185,5,282,64,2,66,348
11/10/2001,SAV,GA,ASO,ES,Towers with Radar,34,51,44,0,129,0,0,63,0,63,34,51,107,0,192,59,0,59,251
11/11/2001,SAV,GA,ASO,ES,Towers with Radar,35,49,83,3,170,0,2,81,0,83,35,51,164,3,253,82,2,84,337
11/12/2001,SAV,GA,ASO,ES,Towers with Radar,36,49,62,2,149,0,0,57,0,57,36,49,119,2,206,58,0,58,264
11/13/2001,SAV,GA,ASO,ES,Towers with Radar,35,60,80,8,183,1,5,56,2,64,36,65,136,10,247,88,9,97,344
11/14/2001,SAV,GA,ASO,ES,Towers with Radar,40,65,80,4,189,0,0,41,5,46,40,65,121,9,235,42,0,42,277
11/15/2001,SAV,GA,ASO,ES,Towers with Radar,36,56,79,15,186,0,1,32,0,33,36,57,111,15,219,14,5,19,238
11/16/2001,SAV,GA,ASO,ES,Towers with Radar,26,59,101,6,192,0,0,67,2,69,26,59,168,8,261,24,7,31,292
11/17/2001,SAV,GA,ASO,ES,Towers with Radar,31,61,59,19,170,0,0,109,0,109,31,61,168,19,279,41,0,41,320
11/18/2001,SAV,GA,ASO,ES,Towers with Radar,31,48,72,7,158,1,0,98,1,100,32,48,170,8,258,60,0,60,318
11/19/2001,SAV,GA,ASO,ES,Towers with Radar,33,57,78,4,172,0,3,57,0,60,33,60,135,4,232,166,0,166,398
11/20/2001,SAV,GA,ASO,ES,Towers with Radar,34,66,97,12,209,0,1,53,2,56,34,67,150,14,265,141,10,151,416
11/21/2001,SAV,GA,ASO,ES,Towers with Radar,35,75,119,2,231,0,1,96,3,100,35,76,215,5,331,38,0,38,369
11/22/2001,SAV,GA,ASO,ES,Towers with Radar,26,32,29,0,87,0,0,54,0,54,26,32,83,0,141,32,0,32,173
11/23/2001,SAV,GA,ASO,ES,Towers with Radar,32,45,47,0,124,0,1,13,0,14,32,46,60,0,138,112,0,112,250
11/24/2001,SAV,GA,ASO,ES,Towers with Radar,35,62,57,0,154,0,0,54,0,54,35,62,111,0,208,36,0,36,244
11/25/2001,SAV,GA,ASO,ES,Towers with Radar,31,68,76,0,175,0,0,30,0,30,31,68,106,0,205,75,0,75,280
11/26/2001,SAV,GA,ASO,ES,Towers with Radar,33,66,72,9,180,0,0,51,0,51,33,66,123,9,231,73,0,73,304
11/27/2001,SAV,GA,ASO,ES,Towers with Radar,30,50,68,8,156,6,1,42,5,54,36,51,110,13,210,66,4,70,280
11/28/2001,SAV,GA,ASO,ES,Towers with Radar,32,62,71,22,187,0,0,60,5,65,32,62,131,27,252,110,48,158,410
11/29/2001,SAV,GA,ASO,ES,Towers with Radar,40,73,72,12,197,0,0,59,1,60,40,73,131,13,257,100,13,113,370
11/30/2001,SAV,GA,ASO,ES,Towers with Radar,31,52,71,7,161,7,4,42,8,61,38,56,113,15,222,28,2,30,252
12/01/2001,SAV,GA,ASO,ES,Towers with Radar,38,50,78,9,175,0,0,58,1,59,38,50,136,10,234,120,16,136,370
12/02/2001,SAV,GA,ASO,ES,Towers with Radar,36,44,51,16,147,0,0,67,3,70,36,44,118,19,217,47,4,51,268
12/03/2001,SAV,GA,ASO,ES,Towers with Radar,35,48,57,4,144,0,0,48,1,49,35,48,105,5,193,100,0,100,293
12/04/2001,SAV,GA,ASO,ES,Towers with Radar,33,69,68,4,174,0,0,56,8,64,33,69,124,12,238,141,0,141,379
12/05/2001,SAV,GA,ASO,ES,Towers with Radar,39,57,66,4,166,0,0,67,5,72,39,57,133,9,238,82,4,86,324
12/06/2001,SAV,GA,ASO,ES,Towers with Radar,34,64,82,17,197,0,0,42,1,43,34,64,124,18,240,49,13,62,302
12/07/2001,SAV,GA,ASO,ES,Towers with Radar,36,62,91,16,205,0,0,48,2,50,36,62,139,18,255,40,0,40,295
12/08/2001,SAV,GA,ASO,ES,Towers with Radar,29,47,55,6,137,5,4,28,1,38,34,51,83,7,175,31,18,49,224
12/09/2001,SAV,GA,ASO,ES,Towers with Radar,31,50,70,8,159,0,0,50,0,50,31,50,120,8,209,96,10,106,315
12/10/2001,SAV,GA,ASO,ES,Towers with Radar,33,55,64,7,159,1,9,9,7,26,34,64,73,14,185,36,0,36,221
12/11/2001,SAV,GA,ASO,ES,Towers with Radar,34,56,73,7,170,0,0,32,9,41,34,56,105,16,211,14,0,14,225
12/12/2001,SAV,GA,ASO,ES,Towers with Radar,36,53,100,4,193,0,0,1,0,1,36,53,101,4,194,0,0,0,194
12/13/2001,SAV,GA,ASO,ES,Towers with Radar,35,49,77,8,169,0,0,22,6,28,35,49,99,14,197,52,22,74,271
12/14/2001,SAV,GA,ASO,ES,Towers with Radar,36,63,80,4,183,0,0,44,0,44,36,63,124,4,227,50,0,50,277
12/15/2001,SAV,GA,ASO,ES,Towers with Radar,31,51,59,4,145,4,5,74,0,83,35,56,133,4,228,95,12,107,335
12/16/2001,SAV,GA,ASO,ES,Towers with Radar,26,43,50,5,124,5,9,47,1,62,31,52,97,6,186,58,2,60,246
12/17/2001,SAV,GA,ASO,ES,Towers with Radar,33,61,72,7,173,0,3,66,1,70,33,64,138,8,243,153,8,161,404
12/18/2001,SAV,GA,ASO,ES,Towers with Radar,34,50,65,7,156,0,0,74,7,81,34,50,139,14,237,86,2,88,325
12/19/2001,SAV,GA,ASO,ES,Towers with Radar,36,61,73,7,177,0,0,84,8,92,36,61,157,15,269,56,20,76,345
12/20/2001,SAV,GA,ASO,ES,Towers with Radar,33,68,80,8,189,0,1,66,30,97,33,69,146,38,286,22,30,52,338
12/21/2001,SAV,GA,ASO,ES,Towers with Radar,35,58,68,6,167,2,2,81,0,85,37,60,149,6,252,80,0,80,332
12/22/2001,SAV,GA,ASO,ES,Towers with Radar,33,49,64,0,146,1,0,65,0,66,34,49,129,0,212,48,0,48,260
12/23/2001,SAV,GA,ASO,ES,Towers with Radar,21,34,39,0,94,10,10,15,0,35,31,44,54,0,129,24,1,25,154
12/24/2001,SAV,GA,ASO,ES,Towers with Radar,17,28,32,0,77,5,16,8,0,29,22,44,40,0,106,22,0,22,128
12/25/2001,SAV,GA,ASO,ES,Towers with Radar,16,26,29,0,71,8,13,9,0,30,24,39,38,0,101,0,0,0,101
12/26/2001,SAV,GA,ASO,ES,Towers with Radar,35,57,78,0,170,0,0,44,0,44,35,57,122,0,214,17,0,17,231
12/27/2001,SAV,GA,ASO,ES,Towers with Radar,37,71,92,3,203,0,0,46,0,46,37,71,138,3,249,0,0,0,249
12/28/2001,SAV,GA,ASO,ES,Towers with Radar,35,61,71,5,172,0,6,61,0,67,35,67,132,5,239,6,0,6,245
12/29/2001,SAV,GA,ASO,ES,Towers with Radar,30,46,60,0,136,8,0,33,0,41,38,46,93,0,177,72,0,72,249
12/30/2001,SAV,GA,ASO,ES,Towers with Radar,31,46,68,3,148,0,0,70,0,70,31,46,138,3,218,84,0,84,302
12/31/2001,SAV,GA,ASO,ES,Towers with Radar,27,44,51,0,122,4,6,20,0,30,31,50,71,0,152,57,0,57,209
01/01/2002,SAV,GA,ASO,ES,Towers with Radar,32,44,72,0,148,0,0,6,0,6,32,44,78,0,154,28,0,28,182
01/02/2002,SAV,GA,ASO,ES,Towers with Radar,20,35,43,2,100,0,26,0,0,26,20,61,43,2,126,2,0,2,128
01/03/2002,SAV,GA,ASO,ES,Towers with Radar,26,50,43,4,123,0,1,0,0,1,26,51,43,4,124,0,0,0,124
01/04/2002,SAV,GA,ASO,ES,Towers with Radar,29,50,84,18,181,0,0,83,2,85,29,50,167,20,266,110,4,114,380
01/05/2002,SAV,GA,ASO,ES,Towers with Radar,31,50,64,14,159,0,1,55,9,65,31,51,119,23,224,72,16,88,312
01/06/2002,SAV,GA,ASO,ES,Towers with Radar,19,30,39,9,97,13,14,7,3,37,32,44,46,12,134,0,0,0,134
01/07/2002,SAV,GA,ASO,ES,Towers with Radar,28,44,57,13,142,5,5,25,14,49,33,49,82,27,191,22,2,24,215
01/08/2002,SAV,GA,ASO,ES,Towers with Radar,30,48,62,14,154,6,7,57,16,86,36,55,119,30,240,77,21,98,338
01/09/2002,SAV,GA,ASO,ES,Towers with Radar,35,55,73,16,179,1,0,58,16,75,36,55,131,32,254,108,14,122,376
01/10/2002,SAV,GA,ASO,ES,Towers with Radar,37,67,90,20,214,0,0,48,1,49,37,67,138,21,263,105,4,109,372
01/11/2002,SAV,GA,ASO,ES,Towers with Radar,35,65,92,20,212,0,0,60,14,74,35,65,152,34,286,110,32,142,428
01/12/2002,SAV,GA,ASO,ES,Towers with Radar,26,44,57,12,139,6,7,52,0,65,32,51,109,12,204,150,6,156,360
01/13/2002,SAV,GA,ASO,ES,Towers with Radar,30,51,66,4,151,2,0,105,0,107,32,51,171,4,258,129,0,129,387
01/14/2002,SAV,GA,ASO,ES,Towers with Radar,31,58,71,24,184,0,0,7,0,7,31,58,78,24,191,96,0,96,287
01/15/2002,SAV,GA,ASO,ES,Towers with Radar,44,72,71,32,219,0,7,59,1,67,44,79,130,33,286,50,5,55,341
01/16/2002,SAV,GA,ASO,ES,Towers with Radar,34,60,94,20,208,0,0,92,5,97,34,60,186,25,305,80,4,84,389
01/17/2002,SAV,GA,ASO,ES,Towers with Radar,39,51,92,20,202,0,0,57,12,69,39,51,149,32,271,104,4,108,379
01/18/2002,SAV,GA,ASO,ES,Towers with Radar,35,69,70,38,212,0,0,61,0,61,35,69,131,38,273,36,2,38,311
01/19/2002,SAV,GA,ASO,ES,Towers with Radar,34,47,29,25,135,0,0,24,0,24,34,47,53,25,159,122,68,190,349
01/20/2002,SAV,GA,ASO,ES,Towers with Radar,32,55,74,13,174,0,0,54,0,54,32,55,128,13,228,68,4,72,300
01/21/2002,SAV,GA,ASO,ES,Towers with Radar,36,69,64,2,171,0,1,13,0,14,36,70,77,2,185,8,0,8,193
01/22/2002,SAV,GA,ASO,ES,Towers with Radar,36,65,109,15,225,0,1,53,9,63,36,66,162,24,288,86,6,92,380
01/23/2002,SAV,GA,ASO,ES,Towers with Radar,35,57,95,17,204,0,0,21,3,24,35,57,116,20,228,26,0,26,254
01/24/2002,SAV,GA,ASO,ES,Towers with Radar,37,66,116,12,231,0,0,31,0,31,37,66,147,12,262,60,4,64,326
01/25/2002,SAV,GA,ASO,ES,Towers with Radar,39,65,96,9,209,0,0,8,0,8,39,65,104,9,217,2,0,2,219
01/26/2002,SAV,GA,ASO,ES,Towers with Radar,29,56,51,7,143,0,0,37,0,37,29,56,88,7,180,94,4,98,278
01/27/2002,SAV,GA,ASO,ES,Towers with Radar,33,55,96,6,190,0,0,40,0,40,33,55,136,6,230,82,4,86,316
01/28/2002,SAV,GA,ASO,ES,Towers with Radar,35,69,61,17,182,0,0,40,0,40,35,69,101,17,222,88,9,97,319
01/29/2002,SAV,GA,ASO,ES,Towers with Radar,34,65,68,20,187,0,1,49,0,50,34,66,117,20,237,96,20,116,353
01/30/2002,SAV,GA,ASO,ES,Towers with Radar,30,67,74,11,182,0,0,37,0,37,30,67,111,11,219,28,0,28,247
01/31/2002,SAV,GA,ASO,ES,Towers with Radar,40,48,99,9,196,0,0,36,0,36,40,48,135,9,232,60,2,62,294
02/01/2002,SAV,GA,ASO,ES,Towers with Radar,40,66,66,9,181,0,1,43,1,45,40,67,109,10,226,70,1,71,297
02/02/2002,SAV,GA,ASO,ES,Towers with Radar,34,61,56,26,177,0,1,89,1,91,34,62,145,27,268,67,5,72,340
02/03/2002,SAV,GA,ASO,ES,Towers with Radar,31,55,65,9,160,4,9,60,1,74,35,64,125,10,234,168,5,173,407
02/04/2002,SAV,GA,ASO,ES,Towers with Radar,34,53,67,12,166,0,1,28,3,32,34,54,95,15,198,8,4,12,210
02/05/2002,SAV,GA,ASO,ES,Towers with Radar,36,50,74,11,171,0,0,51,2,53,36,50,125,13,224,98,15,113,337
02/06/2002,SAV,GA,ASO,ES,Towers with Radar,28,96,66,23,213,0,0,16,1,17,28,96,82,24,230,40,26,66,296
02/07/2002,SAV,GA,ASO,ES,Towers with Radar,37,72,95,1,205,0,0,6,4,10,37,72,101,5,215,0,0,0,215
02/08/2002,SAV,GA,ASO,ES,Towers with Radar,38,75,103,12,228,0,0,104,0,104,38,75,207,12,332,160,0,160,492
02/09/2002,SAV,GA,ASO,ES,Towers with Radar,32,59,54,5,150,0,0,56,1,57,32,59,110,6,207,116,0,116,323
02/10/2002,SAV,GA,ASO,ES,Towers with Radar,32,55,73,6,166,0,0,23,1,24,32,55,96,7,190,12,0,12,202
02/11/2002,SAV,GA,ASO,ES,Towers with Radar,34,64,76,9,183,0,0,63,2,65,34,64,139,11,248,85,8,93,341
02/12/2002,SAV,GA,ASO,ES,Towers with Radar,35,72,53,5,165,0,4,85,1,90,35,76,138,6,255,160,16,176,431
02/13/2002,SAV,GA,ASO,ES,Towers with Radar,32,75,67,14,188,0,0,57,1,58,32,75,124,15,246,111,6,117,363
02/14/2002,SAV,GA,ASO,ES,Towers with Radar,36,67,85,9,197,0,0,78,3,81,36,67,163,12,278,48,4,52,330
02/15/2002,SAV,GA,ASO,ES,Towers with Radar,33,71,124,13,241,0,1,35,8,44,33,72,159,21,285,105,2,107,392
02/16/2002,SAV,GA,ASO,ES,Towers with Radar,35,61,70,10,176,0,0,50,4,54,35,61,120,14,230,62,6,68,298
02/17/2002,SAV,GA,ASO,ES,Towers with Radar,33,57,78,14,182,0,0,51,6,57,33,57,129,20,239,20,0,20,259
02/18/2002,SAV,GA,ASO,ES,Towers with Radar,33,68,98,5,204,0,0,102,2,104,33,68,200,7,308,61,0,61,369
02/19/2002,SAV,GA,ASO,ES,Towers with Radar,36,59,67,16,178,0,0,70,3,73,36,59,137,19,251,100,2,102,353
02/20/2002,SAV,GA,ASO,ES,Towers with Radar,30,58,69,8,165,0,6,25,0,31,30,64,94,8,196,4,2,6,202
02/21/2002,SAV,GA,ASO,ES,Towers with Radar,41,65,110,21,237,0,0,55,0,55,41,65,165,21,292,80,51,131,423
02/22/2002,SAV,GA,ASO,ES,Towers with Radar,35,65,108,30,238,0,0,65,3,68,35,65,173,33,306,193,1,194,500
02/23/2002,SAV,GA,ASO,ES,Towers with Radar,34,56,54,9,153,0,0,25,0,25,34,56,79,9,178,128,0,128,306
02/24/2002,SAV,GA,ASO,ES,Towers with Radar,32,55,81,6,174,0,0,106,5,111,32,55,187,11,285,117,0,117,402
02/25/2002,SAV,GA,ASO,ES,Towers with Radar,33,62,64,11,170,0,1,60,0,61,33,63,124,11,231,120,0,120,351
02/26/2002,SAV,GA,ASO,ES,Towers with Radar,36,58,54,13,161,0,0,46,1,47,36,58,100,14,208,86,18,104,312
02/27/2002,SAV,GA,ASO,ES,Towers with Radar,34,66,53,22,175,0,1,21,4,26,34,67,74,26,201,4,2,6,207
02/28/2002,SAV,GA,ASO,ES,Towers with Radar,39,74,91,25,229,0,0,60,13,73,39,74,151,38,302,120,0,120,422
03/01/2002,SAV,GA,ASO,ES,Towers with Radar,33,62,92,20,207,1,0,78,5,84,34,62,170,25,291,159,13,172,463
03/02/2002,SAV,GA,ASO,ES,Towers with Radar,31,65,29,7,132,1,0,0,0,1,32,65,29,7,133,0,2,2,135
03/03/2002,SAV,GA,ASO,ES,Towers with Radar,34,63,68,34,199,1,0,0,0,1,35,63,68,34,200,14,0,14,214
03/04/2002,SAV,GA,ASO,ES,Towers with Radar,36,65,81,21,203,1,0,30,2,33,37,65,111,23,236,21,12,33,269
03/05/2002,SAV,GA,ASO,ES,Towers with Radar,37,66,80,11,194,0,0,77,7,84,37,66,157,18,278,114,26,140,418
03/06/2002,SAV,GA,ASO,ES,Towers with Radar,37,70,85,18,210,0,0,95,15,110,37,70,180,33,320,62,34,96,416
03/07/2002,SAV,GA,ASO,ES,Towers with Radar,38,69,94,14,215,0,2,80,1,83,38,71,174,15,298,170,20,190,488
03/08/2002,SAV,GA,ASO,ES,Towers with Radar,37,63,97,33,230,0,1,91,1,93,37,64,188,34,323,77,20,97,420
03/09/2002,SAV,GA,ASO,ES,Towers with Radar,38,66,64,22,190,0,0,75,1,76,38,66,139,23,266,139,16,155,421
03/10/2002,SAV,GA,ASO,ES,Towers with Radar,35,58,74,7,174,0,0,57,0,57,35,58,131,7,231,82,16,98,329
03/11/2002,SAV,GA,ASO,ES,Towers with Radar,36,66,71,14,187,0,1,64,8,73,36,67,135,22,260,50,2,52,312
03/12/2002,SAV,GA,ASO,ES,Towers with Radar,41,72,47,11,171,0,0,17,0,17,41,72,64,11,188,103,7,110,298
03/13/2002,SAV,GA,ASO,ES,Towers with Radar,38,71,79,17,205,0,0,28,2,30,38,71,107,19,235,103,0,103,338
03/14/2002,SAV,GA,ASO,ES,Towers with Radar,37,74,115,16,242,0,0,88,2,90,37,74,203,18,332,149,4,153,485
03/15/2002,SAV,GA,ASO,ES,Towers with Radar,40,76,124,33,273,0,0,88,3,91,40,76,212,36,364,38,10,48,412
03/16/2002,SAV,GA,ASO,ES,Towers with Radar,40,56,47,5,148,0,0,66,0,66,40,56,113,5,214,64,6,70,284
03/17/2002,SAV,GA,ASO,ES,Towers with Radar,33,66,93,34,226,0,0,75,1,76,33,66,168,35,302,84,6,90,392
03/18/2002,SAV,GA,ASO,ES,Towers with Radar,36,89,73,39,237,0,1,91,1,93,36,90,164,40,330,86,40,126,456
03/19/2002,SAV,GA,ASO,ES,Towers with Radar,39,72,98,25,234,0,0,25,2,27,39,72,123,27,261,84,6,90,351
03/20/2002,SAV,GA,ASO,ES,Towers with Radar,35,72,86,18,211,0,6,47,32,85,35,78,133,50,296,54,68,122,418
03/21/2002,SAV,GA,ASO,ES,Towers with Radar,39,74,82,10,205,0,1,19,1,21,39,75,101,11,226,104,8,112,338
03/22/2002,SAV,GA,ASO,ES,Towers with Radar,36,79,101,21,237,0,1,109,5,115,36,80,210,26,352,73,12,85,437
03/23/2002,SAV,GA,ASO,ES,Towers with Radar,37,61,71,20,189,0,0,80,4,84,37,61,151,24,273,104,2,106,379
03/24/2002,SAV,GA,ASO,ES,Towers with Radar,38,55,83,9,185,0,0,94,1,95,38,55,177,10,280,151,6,157,437
03/25/2002,SAV,GA,ASO,ES,Towers with Radar,36,68,75,22,201,0,1,58,1,60,36,69,133,23,261,144,14,158,419
03/26/2002,SAV,GA,ASO,ES,Towers with Radar,38,60,83,0,181,0,0,39,0,39,38,60,122,0,220,57,4,61,281
03/27/2002,SAV,GA,ASO,ES,Towers with Radar,36,72,95,5,208,0,1,58,3,62,36,73,153,8,270,157,14,171,441
03/28/2002,SAV,GA,ASO,ES,Towers with Radar,38,75,149,11,273,0,0,46,1,47,38,75,195,12,320,58,6,64,384
03/29/2002,SAV,GA,ASO,ES,Towers with Radar,35,79,113,7,234,0,0,74,0,74,35,79,187,7,308,58,0,58,366
03/30/2002,SAV,GA,ASO,ES,Towers with Radar,36,66,47,2,151,0,0,28,2,30,36,66,75,4,181,36,4,40,221
03/31/2002,SAV,GA,ASO,ES,Towers with Radar,31,66,44,4,145,0,0,19,0,19,31,66,63,4,164,0,0,0,164
04/01/2002,SAV,GA,ASO,ES,Towers with Radar,36,71,110,17,234,0,1,47,0,48,36,72,157,17,282,108,8,116,398
04/02/2002,SAV,GA,ASO,ES,Towers with Radar,36,67,82,11,196,3,6,87,4,100,39,73,169,15,296,177,8,185,481
04/03/2002,SAV,GA,ASO,ES,Towers with Radar,36,75,72,7,190,0,0,32,1,33,36,75,104,8,223,56,2,58,281
04/04/2002,SAV,GA,ASO,ES,Towers with Radar,37,76,82,22,217,0,0,51,2,53,37,76,133,24,270,90,6,96,366
04/05/2002,SAV,GA,ASO,ES,Towers with Radar,36,74,121,10,241,0,0,122,0,122,36,74,243,10,363,88,2,90,453
04/06/2002,SAV,GA,ASO,ES,Towers with Radar,35,58,108,12,213,0,0,92,4,96,35,58,200,16,309,22,14,36,345
04/07/2002,SAV,GA,ASO,ES,Towers with Radar,34,60,88,12,194,0,0,81,0,81,34,60,169,12,275,4,0,4,279
04/08/2002,SAV,GA,ASO,ES,Towers with Radar,36,70,77,11,194,0,0,41,1,42,36,70,118,12,236,4,0,4,240
04/09/2002,SAV,GA,ASO,ES,Towers with Radar,38,75,64,12,189,0,0,64,4,68,38,75,128,16,257,0,4,4,261
04/10/2002,SAV,GA,ASO,ES,Towers with Radar,39,71,91,2,203,0,0,6,0,6,39,71,97,2,209,2,0,2,211
04/11/2002,SAV,GA,ASO,ES,Towers with Radar,37,76,102,9,224,0,0,20,0,20,37,76,122,9,244,0,0,0,244
04/12/2002,SAV,GA,ASO,ES,Towers with Radar,42,79,118,8,247,0,0,37,2,39,42,79,155,10,286,4,0,4,290
04/13/2002,SAV,GA,ASO,ES,Towers with Radar,33,70,62,4,169,0,0,42,1,43,33,70,104,5,212,40,0,40,252
04/14/2002,SAV,GA,ASO,ES,Towers with Radar,33,70,101,3,207,0,1,46,0,47,33,71,147,3,254,35,6,41,295
04/15/2002,SAV,GA,ASO,ES,Towers with Radar,47,71,97,2,217,0,0,56,1,57,47,71,153,3,274,122,0,122,396
04/16/2002,SAV,GA,ASO,ES,Towers with Radar,43,64,95,20,222,0,2,67,3,72,43,66,162,23,294,54,14,68,362
04/17/2002,SAV,GA,ASO,ES,Towers with Radar,35,75,90,3,203,0,0,40,1,41,35,75,130,4,244,75,0,75,319
04/18/2002,SAV,GA,ASO,ES,Towers with Radar,39,83,99,19,240,0,0,71,2,73,39,83,170,21,313,87,3,90,403
04/19/2002,SAV,GA,ASO,ES,Towers with Radar,39,71,84,20,214,0,0,60,0,60,39,71,144,20,274,159,4,163,437
04/20/2002,SAV,GA,ASO,ES,Towers with Radar,38,59,56,18,171,0,0,63,6,69,38,59,119,24,240,51,10,61,301
04/21/2002,SAV,GA,ASO,ES,Towers with Radar,35,75,76,16,202,0,0,68,9,77,35,75,144,25,279,151,9,160,439
04/22/2002,SAV,GA,ASO,ES,Towers with Radar,36,72,89,4,201,0,3,37,1,41,36,75,126,5,242,106,4,110,352
04/23/2002,SAV,GA,ASO,ES,Towers with Radar,36,70,95,15,216,0,2,84,4,90,36,72,179,19,306,95,4,99,405
04/24/2002,SAV,GA,ASO,ES,Towers with Radar,36,78,77,15,206,0,5,77,5,87,36,83,154,20,293,105,3,108,401
04/25/2002,SAV,GA,ASO,ES,Towers with Radar,38,74,88,4,204,0,2,42,0,44,38,76,130,4,248,72,2,74,322
04/26/2002,SAV,GA,ASO,ES,Towers with Radar,38,70,83,12,203,0,2,69,3,74,38,72,152,15,277,93,13,106,383
04/27/2002,SAV,GA,ASO,ES,Towers with Radar,35,71,85,8,199,0,0,40,0,40,35,71,125,8,239,100,0,100,339
04/28/2002,SAV,GA,ASO,ES,Towers with Radar,40,59,80,6,185,0,0,32,4,36,40,59,112,10,221,58,16,74,295
04/29/2002,SAV,GA,ASO,ES,Towers with Radar,38,77,88,50,253,0,1,44,20,65,38,78,132,70,318,96,10,106,424
04/30/2002,SAV,GA,ASO,ES,Towers with Radar,39,68,71,7,185,0,3,56,4,63,39,71,127,11,248,26,24,50,298
05/01/2002,SAV,GA,ASO,ES,Towers with Radar,38,76,108,10,232,1,3,47,7,58,39,79,155,17,290,125,12,137,427
05/02/2002,SAV,GA,ASO,ES,Towers with Radar,36,78,90,13,217,0,18,13,8,39,36,96,103,21,256,85,57,142,398
05/03/2002,SAV,GA,ASO,ES,Towers with Radar,37,73,90,4,204,1,0,41,2,44,38,73,131,6,248,64,2,66,314
05/04/2002,SAV,GA,ASO,ES,Towers with Radar,37,56,45,15,153,1,0,27,0,28,38,56,72,15,181,74,4,78,259
05/05/2002,SAV,GA,ASO,ES,Towers with Radar,0,0,0,0,0,0,0,0,0,0,0,0,0,0,0,0,0,0,0
05/06/2002,SAV,GA,ASO,ES,Towers with Radar,36,71,55,5,167,1,1,62,1,65,37,72,117,6,232,103,0,103,335
05/07/2002,SAV,GA,ASO,ES,Towers with Radar,36,63,79,4,182,0,0,49,0,49,36,63,128,4,231,116,0,116,347
05/08/2002,SAV,GA,ASO,ES,Towers with Radar,38,70,94,24,226,1,0,60,1,62,39,70,154,25,288,40,2,42,330
05/09/2002,SAV,GA,ASO,ES,Towers with Radar,37,76,106,17,236,1,1,78,10,90,38,77,184,27,326,138,14,152,478
05/10/2002,SAV,GA,ASO,ES,Towers with Radar,38,76,106,3,223,1,0,50,1,52,39,76,156,4,275,32,0,32,307
05/11/2002,SAV,GA,ASO,ES,Towers with Radar,36,63,58,31,188,1,0,34,7,42,37,63,92,38,230,129,36,165,395
05/12/2002,SAV,GA,ASO,ES,Towers with Radar,34,60,51,10,155,1,0,40,1,42,35,60,91,11,197,18,18,36,233
05/13/2002,SAV,GA,ASO,ES,Towers with Radar,36,69,82,16,203,1,0,27,4,32,37,69,109,20,235,50,2,52,287
05/14/2002,SAV,GA,ASO,ES,Towers with Radar,37,73,96,5,211,1,0,78,14,93,38,73,174,19,304,70,14,84,388
05/15/2002,SAV,GA,ASO,ES,Towers with Radar,37,73,85,12,207,1,0,76,3,80,38,73,161,15,287,100,32,132,419
05/16/2002,SAV,GA,ASO,ES,Towers with Radar,37,74,110,32,253,1,0,64,5,70,38,74,174,37,323,59,24,83,406
05/17/2002,SAV,GA,ASO,ES,Towers with Radar,36,76,102,45,259,1,0,58,0,59,37,76,160,45,318,48,6,54,372
05/18/2002,SAV,GA,ASO,ES,Towers with Radar,36,64,40,6,146,0,0,6,1,7,36,64,46,7,153,14,0,14,167
05/19/2002,SAV,GA,ASO,ES,Towers with Radar,35,67,85,2,189,0,0,8,1,9,35,67,93,3,198,8,2,10,208
05/20/2002,SAV,GA,ASO,ES,Towers with Radar,38,64,71,6,179,0,0,42,1,43,38,64,113,7,222,62,0,62,284
05/21/2002,SAV,GA,ASO,ES,Towers with Radar,39,68,65,4,176,0,1,74,6,81,39,69,139,10,257,176,6,182,439
05/22/2002,SAV,GA,ASO,ES,Towers with Radar,38,72,79,10,199,0,0,56,4,60,38,72,135,14,259,106,2,108,367
05/23/2002,SAV,GA,ASO,ES,Towers with Radar,37,80,94,12,223,0,0,95,0,95,37,80,189,12,318,50,0,50,368
05/24/2002,SAV,GA,ASO,ES,Towers with Radar,35,77,114,15,241,0,1,113,1,115,35,78,227,16,356,40,0,40,396
05/25/2002,SAV,GA,ASO,ES,Towers with Radar,37,65,65,0,167,0,0,95,1,96,37,65,160,1,263,70,0,70,333
05/26/2002,SAV,GA,ASO,ES,Towers with Radar,34,60,50,1,145,0,0,65,9,74,34,60,115,10,219,96,0,96,315
05/27/2002,SAV,GA,ASO,ES,Towers with Radar,34,59,73,5,171,0,0,56,0,56,34,59,129,5,227,104,0,104,331
05/28/2002,SAV,GA,ASO,ES,Towers with Radar,36,70,84,12,202,0,1,75,4,80,36,71,159,16,282,76,26,102,384
05/29/2002,SAV,GA,ASO,ES,Towers with Radar,38,66,90,12,206,0,1,42,1,44,38,67,132,13,250,88,6,94,344
05/30/2002,SAV,GA,ASO,ES,Towers with Radar,43,69,83,10,205,0,0,17,3,20,43,69,100,13,225,34,25,59,284
05/31/2002,SAV,GA,ASO,ES,Towers with Radar,39,80,94,13,226,0,9,45,5,59,39,89,139,18,285,22,20,42,327
06/01/2002,SAV,GA,ASO,ES,Towers with Radar,54,61,55,3,173,0,0,72,1,73,54,61,127,4,246,110,0,110,356
06/02/2002,SAV,GA,ASO,ES,Towers with Radar,33,56,68,0,157,0,0,64,1,65,33,56,132,1,222,84,0,84,306
06/03/2002,SAV,GA,ASO,ES,Towers with Radar,36,63,69,19,187,0,0,49,3,52,36,63,118,22,239,106,28,134,373
06/04/2002,SAV,GA,ASO,ES,Towers with Radar,42,65,77,10,194,0,1,43,3,47,42,66,120,13,241,80,4,84,325
06/05/2002,SAV,GA,ASO,ES,Towers with Radar,39,72,67,4,182,0,0,48,1,49,39,72,115,5,231,79,0,79,310
06/06/2002,SAV,GA,ASO,ES,Towers with Radar,33,74,87,8,202,0,0,58,2,60,33,74,145,10,262,86,4,90,352
06/07/2002,SAV,GA,ASO,ES,Towers with Radar,41,73,90,10,214,0,0,35,6,41,41,73,125,16,255,44,25,69,324
06/08/2002,SAV,GA,ASO,ES,Towers with Radar,38,62,71,23,194,0,0,44,7,51,38,62,115,30,245,52,64,116,361
06/09/2002,SAV,GA,ASO,ES,Towers with Radar,35,58,69,23,185,0,0,60,0,60,35,58,129,23,245,147,2,149,394
06/10/2002,SAV,GA,ASO,ES,Towers with Radar,36,64,93,8,201,0,0,74,4,78,36,64,167,12,279,68,16,84,363
06/11/2002,SAV,GA,ASO,ES,Towers with Radar,40,61,88,10,199,0,0,92,1,93,40,61,180,11,292,90,10,100,392
06/12/2002,SAV,GA,ASO,ES,Towers with Radar,40,76,90,13,219,0,1,44,0,45,40,77,134,13,264,86,8,94,358
06/13/2002,SAV,GA,ASO,ES,Towers with Radar,39,72,53,14,178,0,0,63,0,63,39,72,116,14,241,118,32,150,391
06/14/2002,SAV,GA,ASO,ES,Towers with Radar,40,68,89,23,220,0,0,53,1,54,40,68,142,24,274,86,4,90,364
06/15/2002,SAV,GA,ASO,ES,Towers with Radar,40,51,53,24,168,0,0,73,0,73,40,51,126,24,241,53,4,57,298
06/16/2002,SAV,GA,ASO,ES,Towers with Radar,37,55,61,5,158,0,0,94,2,96,37,55,155,7,254,71,18,89,343
06/17/2002,SAV,GA,ASO,ES,Towers with Radar,38,61,95,6,200,0,0,51,1,52,38,61,146,7,252,95,2,97,349
06/18/2002,SAV,GA,ASO,ES,Towers with Radar,32,52,62,5,151,4,3,57,0,64,36,55,119,5,215,24,0,24,239
06/19/2002,SAV,GA,ASO,ES,Towers with Radar,40,66,83,30,219,0,1,44,2,47,40,67,127,32,266,8,10,18,284
06/20/2002,SAV,GA,ASO,ES,Towers with Radar,40,76,100,20,236,0,0,28,1,29,40,76,128,21,265,22,0,22,287
06/21/2002,SAV,GA,ASO,ES,Towers with Radar,41,72,98,6,217,0,0,6,0,6,41,72,104,6,223,2,0,2,225
06/22/2002,SAV,GA,ASO,ES,Towers with Radar,44,62,57,4,167,0,0,1,0,1,44,62,58,4,168,4,0,4,172
06/23/2002,SAV,GA,ASO,ES,Towers with Radar,35,63,58,2,158,0,0,8,0,8,35,63,66,2,166,0,0,0,166
06/24/2002,SAV,GA,ASO,ES,Towers with Radar,36,59,79,46,220,0,0,66,0,66,36,59,145,46,286,73,32,105,391
06/25/2002,SAV,GA,ASO,ES,Towers with Radar,42,67,74,14,197,0,0,51,5,56,42,67,125,19,253,56,4,60,313
06/26/2002,SAV,GA,ASO,ES,Towers with Radar,36,60,85,11,192,0,0,30,0,30,36,60,115,11,222,70,0,70,292
06/27/2002,SAV,GA,ASO,ES,Towers with Radar,41,56,126,17,240,0,2,48,3,53,41,58,174,20,293,52,26,78,371
06/28/2002,SAV,GA,ASO,ES,Towers with Radar,41,74,109,14,238,0,1,62,3,66,41,75,171,17,304,88,38,126,430
06/29/2002,SAV,GA,ASO,ES,Towers with Radar,37,61,74,11,183,2,8,37,3,50,39,69,111,14,233,107,8,115,348
06/30/2002,SAV,GA,ASO,ES,Towers with Radar,35,58,66,10,169,0,0,51,2,53,35,58,117,12,222,106,0,106,328
07/01/2002,SAV,GA,ASO,ES,Towers with Radar,36,60,74,9,179,1,1,56,4,62,37,61,130,13,241,151,4,155,396
07/02/2002,SAV,GA,ASO,ES,Towers with Radar,39,70,78,13,200,1,2,55,1,59,40,72,133,14,259,78,4,82,341
07/03/2002,SAV,GA,ASO,ES,Towers with Radar,34,78,84,9,205,1,0,64,0,65,35,78,148,9,270,58,4,62,332
07/04/2002,SAV,GA,ASO,ES,Towers with Radar,25,48,25,1,99,1,0,47,2,50,26,48,72,3,149,30,8,38,187
07/05/2002,SAV,GA,ASO,ES,Towers with Radar,31,66,73,1,171,1,2,88,3,94,32,68,161,4,265,140,0,140,405
07/06/2002,SAV,GA,ASO,ES,Towers with Radar,36,56,50,6,148,1,0,53,1,55,37,56,103,7,203,83,0,83,286
07/07/2002,SAV,GA,ASO,ES,Towers with Radar,36,63,76,4,179,0,1,59,0,60,36,64,135,4,239,70,0,70,309
07/08/2002,SAV,GA,ASO,ES,Towers with Radar,36,54,76,14,180,0,2,45,3,50,36,56,121,17,230,75,2,77,307
07/09/2002,SAV,GA,ASO,ES,Towers with Radar,41,61,81,12,195,0,0,55,4,59,41,61,136,16,254,60,0,60,314
07/10/2002,SAV,GA,ASO,ES,Towers with Radar,36,69,80,15,200,0,0,80,12,92,36,69,160,27,292,46,26,72,364
07/11/2002,SAV,GA,ASO,ES,Towers with Radar,36,80,62,7,185,0,0,61,0,61,36,80,123,7,246,61,0,61,307
07/12/2002,SAV,GA,ASO,ES,Towers with Radar,38,62,69,13,182,1,2,16,15,34,39,64,85,28,216,33,0,33,249
07/13/2002,SAV,GA,ASO,ES,Towers with Radar,40,51,58,8,157,0,0,20,1,21,40,51,78,9,178,38,0,38,216
07/14/2002,SAV,GA,ASO,ES,Towers with Radar,35,51,67,14,167,0,0,32,0,32,35,51,99,14,199,66,10,76,275
07/15/2002,SAV,GA,ASO,ES,Towers with Radar,38,53,74,21,186,0,0,58,3,61,38,53,132,24,247,151,7,158,405
07/16/2002,SAV,GA,ASO,ES,Towers with Radar,40,58,69,15,182,0,0,71,14,85,40,58,140,29,267,86,2,88,355
07/17/2002,SAV,GA,ASO,ES,Towers with Radar,37,60,65,22,184,0,2,62,4,68,37,62,127,26,252,57,8,65,317
07/18/2002,SAV,GA,ASO,ES,Towers with Radar,39,75,73,14,201,0,0,42,0,42,39,75,115,14,243,109,12,121,364
07/19/2002,SAV,GA,ASO,ES,Towers with Radar,40,69,83,19,211,0,1,57,0,58,40,70,140,19,269,120,33,153,422
07/20/2002,SAV,GA,ASO,ES,Towers with Radar,44,52,54,7,157,0,0,51,2,53,44,52,105,9,210,54,14,68,278
07/21/2002,SAV,GA,ASO,ES,Towers with Radar,31,52,59,5,147,0,0,53,0,53,31,52,112,5,200,58,6,64,264
07/22/2002,SAV,GA,ASO,ES,Towers with Radar,35,54,64,20,173,0,1,43,1,45,35,55,107,21,218,74,6,80,298
07/23/2002,SAV,GA,ASO,ES,Towers with Radar,38,69,78,5,190,0,0,31,0,31,38,69,109,5,221,82,0,82,303
07/24/2002,SAV,GA,ASO,ES,Towers with Radar,33,70,107,23,233,0,1,24,0,25,33,71,131,23,258,66,16,82,340
07/25/2002,SAV,GA,ASO,ES,Towers with Radar,40,77,74,31,222,0,0,69,1,70,40,77,143,32,292,150,20,170,462
07/26/2002,SAV,GA,ASO,ES,Towers with Radar,40,72,70,11,193,0,0,63,1,64,40,72,133,12,257,120,4,124,381
07/27/2002,SAV,GA,ASO,ES,Towers with Radar,46,62,50,11,169,0,0,59,0,59,46,62,109,11,228,57,0,57,285
07/28/2002,SAV,GA,ASO,ES,Towers with Radar,35,57,43,2,137,0,0,66,3,69,35,57,109,5,206,73,1,74,280
07/29/2002,SAV,GA,ASO,ES,Towers with Radar,38,51,72,15,176,0,2,52,4,58,38,53,124,19,234,91,12,103,337
07/30/2002,SAV,GA,ASO,ES,Towers with Radar,38,68,74,25,205,0,1,77,1,79,38,69,151,26,284,36,8,44,328
07/31/2002,SAV,GA,ASO,ES,Towers with Radar,38,58,89,9,194,0,0,67,0,67,38,58,156,9,261,106,0,106,367
08/01/2002,SAV,GA,ASO,ES,Towers with Radar,39,62,76,20,197,1,0,37,0,38,40,62,113,20,235,84,14,98,333
08/02/2002,SAV,GA,ASO,ES,Towers with Radar,40,63,71,18,192,0,1,50,1,52,40,64,121,19,244,49,1,50,294
08/03/2002,SAV,GA,ASO,ES,Towers with Radar,39,50,32,19,140,0,1,39,2,42,39,51,71,21,182,77,4,81,263
08/04/2002,SAV,GA,ASO,ES,Towers with Radar,35,51,63,34,183,0,1,41,2,44,35,52,104,36,227,122,10,132,359
08/05/2002,SAV,GA,ASO,ES,Towers with Radar,36,57,81,12,186,0,1,30,7,38,36,58,111,19,224,42,0,42,266
08/06/2002,SAV,GA,ASO,ES,Towers with Radar,35,54,60,11,160,1,2,52,6,61,36,56,112,17,221,69,0,69,290
08/07/2002,SAV,GA,ASO,ES,Towers with Radar,35,61,74,28,198,0,0,42,1,43,35,61,116,29,241,124,8,132,373
08/08/2002,SAV,GA,ASO,ES,Towers with Radar,44,59,80,15,198,0,0,82,9,91,44,59,162,24,289,131,16,147,436
08/09/2002,SAV,GA,ASO,ES,Towers with Radar,44,68,75,4,191,2,8,58,0,68,46,76,133,4,259,132,0,132,391
08/10/2002,SAV,GA,ASO,ES,Towers with Radar,45,61,37,9,152,0,2,87,11,100,45,63,124,20,252,93,32,125,377
08/11/2002,SAV,GA,ASO,ES,Towers with Radar,40,53,77,2,172,0,0,96,6,102,40,53,173,8,274,162,0,162,436
08/12/2002,SAV,GA,ASO,ES,Towers with Radar,37,57,53,6,153,0,0,81,1,82,37,57,134,7,235,90,4,94,329
08/13/2002,SAV,GA,ASO,ES,Towers with Radar,40,72,45,22,179,0,0,28,1,29,40,72,73,23,208,46,4,50,258
08/14/2002,SAV,GA,ASO,ES,Towers with Radar,34,74,75,22,205,0,0,41,0,41,34,74,116,22,246,101,12,113,359
08/15/2002,SAV,GA,ASO,ES,Towers with Radar,42,55,67,23,187,0,0,50,2,52,42,55,117,25,239,58,12,70,309
08/16/2002,SAV,GA,ASO,ES,Towers with Radar,40,64,70,13,187,0,0,62,0,62,40,64,132,13,249,76,1,77,326
08/17/2002,SAV,GA,ASO,ES,Towers with Radar,40,63,64,7,174,0,3,55,0,58,40,66,119,7,232,72,1,73,305
08/18/2002,SAV,GA,ASO,ES,Towers with Radar,37,49,59,12,157,0,0,50,3,53,37,49,109,15,210,100,14,114,324
08/19/2002,SAV,GA,ASO,ES,Towers with Radar,36,60,77,6,179,0,1,25,2,28,36,61,102,8,207,58,0,58,265
08/20/2002,SAV,GA,ASO,ES,Towers with Radar,36,71,92,14,213,0,1,65,0,66,36,72,157,14,279,40,0,40,319
08/21/2002,SAV,GA,ASO,ES,Towers with Radar,34,70,79,13,196,0,0,55,4,59,34,70,134,17,255,66,2,68,323
08/22/2002,SAV,GA,ASO,ES,Towers with Radar,40,57,72,23,192,0,2,61,1,64,40,59,133,24,256,145,28,173,429
08/23/2002,SAV,GA,ASO,ES,Towers with Radar,63,66,82,9,220,0,1,60,3,64,63,67,142,12,284,40,4,44,328
08/24/2002,SAV,GA,ASO,ES,Towers with Radar,37,54,45,8,144,0,0,61,5,66,37,54,106,13,210,86,28,114,324
08/25/2002,SAV,GA,ASO,ES,Towers with Radar,35,55,55,8,153,0,0,39,4,43,35,55,94,12,196,12,2,14,210
08/26/2002,SAV,GA,ASO,ES,Towers with Radar,40,58,72,9,179,0,0,28,2,30,40,58,100,11,209,15,0,15,224
08/27/2002,SAV,GA,ASO,ES,Towers with Radar,38,62,74,5,179,0,0,27,1,28,38,62,101,6,207,8,2,10,217
08/28/2002,SAV,GA,ASO,ES,Towers with Radar,39,70,83,8,200,0,4,34,1,39,39,74,117,9,239,46,2,48,287
08/29/2002,SAV,GA,ASO,ES,Towers with Radar,42,64,89,2,197,0,0,25,0,25,42,64,114,2,222,8,0,8,230
08/30/2002,SAV,GA,ASO,ES,Towers with Radar,47,65,92,4,208,0,0,5,0,5,47,65,97,4,213,0,0,0,213
08/31/2002,SAV,GA,ASO,ES,Towers with Radar,40,54,46,1,141,0,0,0,0,0,40,54,46,1,141,8,0,8,149
09/01/2002,SAV,GA,ASO,ES,Towers with Radar,34,45,28,8,115,0,0,4,0,4,34,45,32,8,119,6,2,8,127
09/02/2002,SAV,GA,ASO,ES,Towers with Radar,34,63,84,1,182,0,0,9,0,9,34,63,93,1,191,0,0,0,191
09/03/2002,SAV,GA,ASO,ES,Towers with Radar,36,70,71,2,179,0,1,46,5,52,36,71,117,7,231,62,12,74,305
09/04/2002,SAV,GA,ASO,ES,Towers with Radar,34,56,65,13,168,3,3,43,9,58,37,59,108,22,226,62,6,68,294
09/05/2002,SAV,GA,ASO,ES,Towers with Radar,40,71,70,5,186,0,0,59,18,77,40,71,129,23,263,34,8,42,305
09/06/2002,SAV,GA,ASO,ES,Towers with Radar,40,61,82,21,204,0,0,46,5,51,40,61,128,26,255,140,14,154,409
09/07/2002,SAV,GA,ASO,ES,Towers with Radar,36,46,75,16,173,0,0,46,6,52,36,46,121,22,225,100,6,106,331
09/08/2002,SAV,GA,ASO,ES,Towers with Radar,34,52,52,6,144,0,0,62,10,72,34,52,114,16,216,32,6,38,254
09/09/2002,SAV,GA,ASO,ES,Towers with Radar,32,60,72,3,167,0,4,57,2,63,32,64,129,5,230,44,2,46,276
09/10/2002,SAV,GA,ASO,ES,Towers with Radar,29,57,81,7,174,0,0,91,6,97,29,57,172,13,271,54,4,58,329
09/11/2002,SAV,GA,ASO,ES,Towers with Radar,29,56,88,4,177,0,0,51,14,65,29,56,139,18,242,43,12,55,297
09/12/2002,SAV,GA,ASO,ES,Towers with Radar,39,62,76,11,188,0,0,58,4,62,39,62,134,15,250,20,20,40,290
09/13/2002,SAV,GA,ASO,ES,Towers with Radar,37,74,75,18,204,0,1,9,0,10,37,75,84,18,214,16,4,20,234
09/14/2002,SAV,GA,ASO,ES,Towers with Radar,35,48,30,27,140,0,0,13,2,15,35,48,43,29,155,32,0,32,187
09/15/2002,SAV,GA,ASO,ES,Towers with Radar,34,54,40,17,145,0,0,11,0,11,34,54,51,17,156,22,10,32,188
09/16/2002,SAV,GA,ASO,ES,Towers with Radar,34,53,81,24,192,0,0,40,1,41,34,53,121,25,233,14,4,18,251
09/17/2002,SAV,GA,ASO,ES,Towers with Radar,37,62,54,25,178,0,1,46,7,54,37,63,100,32,232,77,28,105,337
09/18/2002,SAV,GA,ASO,ES,Towers with Radar,39,65,82,20,206,0,0,41,3,44,39,65,123,23,250,44,2,46,296
09/19/2002,SAV,GA,ASO,ES,Towers with Radar,42,62,88,32,224,0,0,33,10,43,42,62,121,42,267,52,0,52,319
09/20/2002,SAV,GA,ASO,ES,Towers with Radar,38,64,100,29,231,0,0,72,5,77,38,64,172,34,308,64,6,70,378
09/21/2002,SAV,GA,ASO,ES,Towers with Radar,35,53,62,10,160,0,0,83,0,83,35,53,145,10,243,84,0,84,327
09/22/2002,SAV,GA,ASO,ES,Towers with Radar,33,50,67,5,155,0,0,67,0,67,33,50,134,5,222,131,2,133,355
09/23/2002,SAV,GA,ASO,ES,Towers with Radar,36,77,68,21,202,0,1,26,9,36,36,78,94,30,238,32,4,36,274
09/24/2002,SAV,GA,ASO,ES,Towers with Radar,35,76,103,22,236,0,2,15,8,25,35,78,118,30,261,14,0,14,275
09/25/2002,SAV,GA,ASO,ES,Towers with Radar,37,63,74,8,182,0,0,6,0,6,37,63,80,8,188,0,0,0,188
09/26/2002,SAV,GA,ASO,ES,Towers with Radar,43,70,74,26,213,0,2,15,4,21,43,72,89,30,234,4,12,16,250
09/27/2002,SAV,GA,ASO,ES,Towers with Radar,43,71,98,27,239,0,0,51,3,54,43,71,149,30,293,72,6,78,371
09/28/2002,SAV,GA,ASO,ES,Towers with Radar,31,57,58,7,153,0,0,80,1,81,31,57,138,8,234,77,1,78,312
09/29/2002,SAV,GA,ASO,ES,Towers with Radar,33,53,77,8,171,0,0,4,0,4,33,53,81,8,175,0,4,4,179
09/30/2002,SAV,GA,ASO,ES,Towers with Radar,34,71,80,5,190,0,0,39,3,42,34,71,119,8,232,91,8,99,331
10/01/2002,SAV,GA,ASO,ES,Towers with Radar,32,61,96,4,193,1,1,50,3,55,33,62,146,7,248,121,9,130,378
10/02/2002,SAV,GA,ASO,ES,Towers with Radar,33,60,108,5,206,1,0,52,8,61,34,60,160,13,267,146,0,146,413
10/03/2002,SAV,GA,ASO,ES,Towers with Radar,33,73,67,2,175,1,0,70,1,72,34,73,137,3,247,20,1,21,268
10/04/2002,SAV,GA,ASO,ES,Towers with Radar,33,60,95,7,195,1,0,43,4,48,34,60,138,11,243,107,2,109,352
10/05/2002,SAV,GA,ASO,ES,Towers with Radar,28,53,65,1,147,1,0,75,7,83,29,53,140,8,230,38,0,38,268
10/06/2002,SAV,GA,ASO,ES,Towers with Radar,33,49,75,5,162,1,0,65,7,73,34,49,140,12,235,44,10,54,289
10/07/2002,SAV,GA,ASO,ES,Towers with Radar,29,67,85,4,185,1,0,36,1,38,30,67,121,5,223,40,2,42,265
10/08/2002,SAV,GA,ASO,ES,Towers with Radar,31,61,72,3,167,1,0,10,0,11,32,61,82,3,178,0,0,0,178
10/09/2002,SAV,GA,ASO,ES,Towers with Radar,31,71,155,10,267,1,0,11,0,12,32,71,166,10,279,0,2,2,281
10/10/2002,SAV,GA,ASO,ES,Towers with Radar,34,73,104,3,214,1,1,19,0,21,35,74,123,3,235,0,0,0,235
10/11/2002,SAV,GA,ASO,ES,Towers with Radar,38,77,103,5,223,1,0,16,0,17,39,77,119,5,240,12,0,12,252
10/12/2002,SAV,GA,ASO,ES,Towers with Radar,30,59,73,3,165,1,0,106,0,107,31,59,179,3,272,36,1,37,309
10/13/2002,SAV,GA,ASO,ES,Towers with Radar,35,51,58,4,148,1,0,35,0,36,36,51,93,4,184,78,0,78,262
10/14/2002,SAV,GA,ASO,ES,Towers with Radar,31,62,88,2,183,0,1,0,0,1,31,63,88,2,184,10,0,10,194
10/15/2002,SAV,GA,ASO,ES,Towers with Radar,31,72,101,7,211,0,1,1,0,2,31,73,102,7,213,0,0,0,213
10/16/2002,SAV,GA,ASO,ES,Towers with Radar,33,52,108,4,197,0,1,29,3,33,33,53,137,7,230,29,1,30,260
10/17/2002,SAV,GA,ASO,ES,Towers with Radar,48,57,113,8,226,0,1,88,13,102,48,58,201,21,328,64,11,75,403
10/18/2002,SAV,GA,ASO,ES,Towers with Radar,36,53,114,31,234,0,2,97,10,109,36,55,211,41,343,32,20,52,395
10/19/2002,SAV,GA,ASO,ES,Towers with Radar,31,48,54,12,145,0,2,81,1,84,31,50,135,13,229,62,27,89,318
10/20/2002,SAV,GA,ASO,ES,Towers with Radar,31,50,79,10,170,0,1,55,1,57,31,51,134,11,227,70,6,76,303
10/21/2002,SAV,GA,ASO,ES,Towers with Radar,31,59,65,11,166,0,1,36,1,38,31,60,101,12,204,84,0,84,288
10/22/2002,SAV,GA,ASO,ES,Towers with Radar,35,62,91,8,196,0,1,0,0,1,35,63,91,8,197,18,0,18,215
10/23/2002,SAV,GA,ASO,ES,Towers with Radar,34,66,113,9,222,0,2,11,2,15,34,68,124,11,237,14,3,17,254
10/24/2002,SAV,GA,ASO,ES,Towers with Radar,29,61,90,6,186,0,0,18,4,22,29,61,108,10,208,14,0,14,222
10/25/2002,SAV,GA,ASO,ES,Towers with Radar,34,66,107,8,215,0,0,9,0,9,34,66,116,8,224,0,2,2,226
10/26/2002,SAV,GA,ASO,ES,Towers with Radar,29,49,70,14,162,0,1,23,2,26,29,50,93,16,188,7,6,13,201
10/27/2002,SAV,GA,ASO,ES,Towers with Radar,30,56,70,14,170,0,0,37,3,40,30,56,107,17,210,86,0,86,296
10/28/2002,SAV,GA,ASO,ES,Towers with Radar,30,55,87,9,181,0,1,27,0,28,30,56,114,9,209,42,6,48,257
10/29/2002,SAV,GA,ASO,ES,Towers with Radar,33,61,58,8,160,0,0,37,6,43,33,61,95,14,203,128,6,134,337
10/30/2002,SAV,GA,ASO,ES,Towers with Radar,34,70,73,14,191,0,0,38,3,41,34,70,111,17,232,52,12,64,296
10/31/2002,SAV,GA,ASO,ES,Towers with Radar,40,59,90,1,190,0,1,52,4,57,40,60,142,5,247,92,42,134,381
11/01/2002,SAV,GA,ASO,ES,Towers with Radar,36,50,101,13,200,0,2,75,5,82,36,52,176,18,282,139,10,149,431
11/02/2002,SAV,GA,ASO,ES,Towers with Radar,33,46,48,11,138,0,1,58,5,64,33,47,106,16,202,36,0,36,238
11/03/2002,SAV,GA,ASO,ES,Towers with Radar,30,52,71,6,159,0,1,61,0,62,30,53,132,6,221,78,11,89,310
11/04/2002,SAV,GA,ASO,ES,Towers with Radar,44,45,86,10,185,0,0,9,1,10,44,45,95,11,195,24,0,24,219
11/05/2002,SAV,GA,ASO,ES,Towers with Radar,30,75,75,12,192,0,0,3,1,4,30,75,78,13,196,0,2,2,198
11/06/2002,SAV,GA,ASO,ES,Towers with Radar,31,72,79,7,189,0,0,14,4,18,31,72,93,11,207,24,6,30,237
11/07/2002,SAV,GA,ASO,ES,Towers with Radar,32,65,113,12,222,0,2,86,6,94,32,67,199,18,316,134,10,144,460
11/08/2002,SAV,GA,ASO,ES,Towers with Radar,35,77,102,17,231,1,0,109,1,111,36,77,211,18,342,140,24,164,506
11/09/2002,SAV,GA,ASO,ES,Towers with Radar,27,52,51,5,135,0,0,56,1,57,27,52,107,6,192,120,0,120,312
11/10/2002,SAV,GA,ASO,ES,Towers with Radar,28,54,67,1,150,2,0,41,0,43,30,54,108,1,193,62,2,64,257
11/11/2002,SAV,GA,ASO,ES,Towers with Radar,27,60,46,1,134,0,0,13,0,13,27,60,59,1,147,60,0,60,207
11/12/2002,SAV,GA,ASO,ES,Towers with Radar,32,63,54,0,149,0,0,0,0,0,32,63,54,0,149,0,0,0,149
11/13/2002,SAV,GA,ASO,ES,Towers with Radar,32,74,82,8,196,0,0,58,4,62,32,74,140,12,258,68,10,78,336
11/14/2002,SAV,GA,ASO,ES,Towers with Radar,33,76,67,4,180,0,1,79,8,88,33,77,146,12,268,161,16,177,445
11/15/2002,SAV,GA,ASO,ES,Towers with Radar,29,65,103,42,239,0,1,63,3,67,29,66,166,45,306,124,24,148,454
11/16/2002,SAV,GA,ASO,ES,Towers with Radar,23,65,22,2,112,0,0,0,2,2,23,65,22,4,114,0,0,0,114
11/17/2002,SAV,GA,ASO,ES,Towers with Radar,35,48,74,6,163,1,0,4,0,5,36,48,78,6,168,24,0,24,192
11/18/2002,SAV,GA,ASO,ES,Towers with Radar,24,85,72,9,190,0,8,59,1,68,24,93,131,10,258,131,0,131,389
11/19/2002,SAV,GA,ASO,ES,Towers with Radar,25,68,117,18,228,0,11,68,8,87,25,79,185,26,315,70,4,74,389
11/20/2002,SAV,GA,ASO,ES,Towers with Radar,28,69,96,3,196,0,0,59,2,61,28,69,155,5,257,51,0,51,308
11/21/2002,SAV,GA,ASO,ES,Towers with Radar,31,70,84,16,201,0,1,12,1,14,31,71,96,17,215,52,4,56,271
11/22/2002,SAV,GA,ASO,ES,Towers with Radar,34,67,85,10,196,0,0,62,9,71,34,67,147,19,267,131,6,137,404
11/23/2002,SAV,GA,ASO,ES,Towers with Radar,27,54,58,7,146,0,0,74,7,81,27,54,132,14,227,31,12,43,270
11/24/2002,SAV,GA,ASO,ES,Towers with Radar,26,55,46,4,131,0,0,81,5,86,26,55,127,9,217,103,0,103,320
11/25/2002,SAV,GA,ASO,ES,Towers with Radar,26,68,56,8,158,0,0,68,5,73,26,68,124,13,231,86,14,100,331
11/26/2002,SAV,GA,ASO,ES,Towers with Radar,28,85,70,6,189,0,0,67,5,72,28,85,137,11,261,158,12,170,431
11/27/2002,SAV,GA,ASO,ES,Towers with Radar,28,70,95,8,201,0,0,62,5,67,28,70,157,13,268,28,0,28,296
11/28/2002,SAV,GA,ASO,ES,Towers with Radar,26,50,38,0,114,0,0,34,0,34,26,50,72,0,148,25,0,25,173
11/29/2002,SAV,GA,ASO,ES,Towers with Radar,23,55,45,0,123,0,1,91,1,93,23,56,136,1,216,18,0,18,234
11/30/2002,SAV,GA,ASO,ES,Towers with Radar,22,46,53,0,121,2,13,44,0,59,24,59,97,0,180,13,0,13,193
12/01/2002,SAV,GA,ASO,ES,Towers with Radar,30,68,109,3,210,0,0,80,0,80,30,68,189,3,290,8,0,8,298
12/02/2002,SAV,GA,ASO,ES,Towers with Radar,24,71,62,23,180,0,4,47,1,52,24,75,109,24,232,74,2,76,308
12/03/2002,SAV,GA,ASO,ES,Towers with Radar,33,74,65,16,188,0,4,69,2,75,33,78,134,18,263,112,0,112,375
12/04/2002,SAV,GA,ASO,ES,Towers with Radar,25,67,69,35,196,0,0,7,0,7,25,67,76,35,203,0,4,4,207
12/05/2002,SAV,GA,ASO,ES,Towers with Radar,19,47,49,8,123,9,16,1,2,28,28,63,50,10,151,2,0,2,153
12/06/2002,SAV,GA,ASO,ES,Towers with Radar,30,80,95,30,235,0,0,41,3,44,30,80,136,33,279,84,4,88,367
12/07/2002,SAV,GA,ASO,ES,Towers with Radar,20,59,47,21,147,0,0,70,4,74,20,59,117,25,221,176,0,176,397
12/08/2002,SAV,GA,ASO,ES,Towers with Radar,26,55,61,17,159,0,0,54,5,59,26,55,115,22,218,59,0,59,277
12/09/2002,SAV,GA,ASO,ES,Towers with Radar,28,68,69,26,191,0,0,32,0,32,28,68,101,26,223,12,6,18,241
12/10/2002,SAV,GA,ASO,ES,Towers with Radar,20,74,80,10,184,0,0,1,0,1,20,74,81,10,185,0,0,0,185
12/11/2002,SAV,GA,ASO,ES,Towers with Radar,27,73,108,8,216,0,0,6,2,8,27,73,114,10,224,8,4,12,236
12/12/2002,SAV,GA,ASO,ES,Towers with Radar,28,78,108,21,235,0,3,24,1,28,28,81,132,22,263,94,0,94,357
12/13/2002,SAV,GA,ASO,ES,Towers with Radar,27,76,72,11,186,0,0,7,0,7,27,76,79,11,193,6,0,6,199
12/14/2002,SAV,GA,ASO,ES,Towers with Radar,21,54,55,3,133,0,9,21,0,30,21,63,76,3,163,16,0,16,179
12/15/2002,SAV,GA,ASO,ES,Towers with Radar,20,57,58,12,147,0,0,47,2,49,20,57,105,14,196,48,0,48,244
12/16/2002,SAV,GA,ASO,ES,Towers with Radar,29,69,64,25,187,0,2,43,1,46,29,71,107,26,233,75,14,89,322
12/17/2002,SAV,GA,ASO,ES,Towers with Radar,29,74,66,20,189,0,0,57,7,64,29,74,123,27,253,94,11,105,358
12/18/2002,SAV,GA,ASO,ES,Towers with Radar,30,59,112,5,206,0,0,10,0,10,30,59,122,5,216,83,0,83,299
12/19/2002,SAV,GA,ASO,ES,Towers with Radar,30,75,82,12,199,0,0,35,2,37,30,75,117,14,236,44,0,44,280
12/20/2002,SAV,GA,ASO,ES,Towers with Radar,29,69,76,19,193,0,1,24,0,25,29,70,100,19,218,46,0,46,264
12/21/2002,SAV,GA,ASO,ES,Towers with Radar,22,61,52,2,137,0,19,69,0,88,22,80,121,2,225,154,0,154,379
12/22/2002,SAV,GA,ASO,ES,Towers with Radar,21,66,67,0,154,0,0,57,0,57,21,66,124,0,211,40,0,40,251
12/23/2002,SAV,GA,ASO,ES,Towers with Radar,25,59,68,11,163,3,0,47,0,50,28,59,115,11,213,50,0,50,263
12/24/2002,SAV,GA,ASO,ES,Towers with Radar,20,57,15,0,92,0,0,1,0,1,20,57,16,0,93,0,0,0,93
12/25/2002,SAV,GA,ASO,ES,Towers with Radar,21,46,9,0,76,0,0,4,0,4,21,46,13,0,80,0,0,0,80
12/26/2002,SAV,GA,ASO,ES,Towers with Radar,27,64,84,0,175,0,2,52,0,54,27,66,136,0,229,44,0,44,273
12/27/2002,SAV,GA,ASO,ES,Towers with Radar,27,69,102,2,200,0,0,65,5,70,27,69,167,7,270,60,14,74,344
12/28/2002,SAV,GA,ASO,ES,Towers with Radar,21,61,58,2,142,0,0,74,0,74,21,61,132,2,216,58,0,58,274
12/29/2002,SAV,GA,ASO,ES,Towers with Radar,19,53,65,0,137,0,10,63,0,73,19,63,128,0,210,10,0,10,220
12/30/2002,SAV,GA,ASO,ES,Towers with Radar,24,65,46,5,140,0,1,66,2,69,24,66,112,7,209,84,8,92,301
12/31/2002,SAV,GA,ASO,ES,Towers with Radar,21,56,46,1,124,0,6,21,0,27,21,62,67,1,151,24,0,24,175
01/01/2003,SAV,GA,ASO,ES,Towers with Radar,22,44,39,0,105,1,0,13,0,14,23,44,52,0,119,16,0,16,135
01/02/2003,SAV,GA,ASO,ES,Towers with Radar,26,74,111,4,215,1,0,36,0,37,27,74,147,4,252,34,0,34,286
01/03/2003,SAV,GA,ASO,ES,Towers with Radar,27,67,67,13,174,1,0,23,2,26,28,67,90,15,200,2,10,12,212
01/04/2003,SAV,GA,ASO,ES,Towers with Radar,23,66,51,2,142,0,0,73,2,75,23,66,124,4,217,98,0,98,315
01/05/2003,SAV,GA,ASO,ES,Towers with Radar,24,45,63,5,137,0,0,58,0,58,24,45,121,5,195,118,1,119,314
01/06/2003,SAV,GA,ASO,ES,Towers with Radar,24,63,68,21,176,0,12,48,2,62,24,75,116,23,238,28,0,28,266
01/07/2003,SAV,GA,ASO,ES,Towers with Radar,24,61,68,21,174,0,0,37,11,48,24,61,105,32,222,61,24,85,307
01/08/2003,SAV,GA,ASO,ES,Towers with Radar,24,61,67,18,170,0,0,43,0,43,24,61,110,18,213,0,11,11,224
01/09/2003,SAV,GA,ASO,ES,Towers with Radar,26,59,73,35,193,0,0,61,0,61,26,59,134,35,254,46,4,50,304
01/10/2003,SAV,GA,ASO,ES,Towers with Radar,27,64,68,23,182,0,0,43,2,45,27,64,111,25,227,24,6,30,257
01/11/2003,SAV,GA,ASO,ES,Towers with Radar,19,56,38,23,136,0,0,77,2,79,19,56,115,25,215,126,12,138,353
01/12/2003,SAV,GA,ASO,ES,Towers with Radar,19,51,62,12,144,0,0,50,2,52,19,51,112,14,196,68,6,74,270
01/13/2003,SAV,GA,ASO,ES,Towers with Radar,27,68,66,51,212,0,0,53,0,53,27,68,119,51,265,97,12,109,374
01/14/2003,SAV,GA,ASO,ES,Towers with Radar,28,59,99,40,226,0,0,74,8,82,28,59,173,48,308,44,14,58,366
01/15/2003,SAV,GA,ASO,ES,Towers with Radar,26,62,98,45,231,0,0,53,2,55,26,62,151,47,286,70,44,114,400
01/16/2003,SAV,GA,ASO,ES,Towers with Radar,27,68,74,76,245,0,0,57,4,61,27,68,131,80,306,72,64,136,442
01/17/2003,SAV,GA,ASO,ES,Towers with Radar,30,69,63,42,204,0,0,18,2,20,30,69,81,44,224,6,28,34,258
01/18/2003,SAV,GA,ASO,ES,Towers with Radar,23,54,33,5,115,0,0,70,0,70,23,54,103,5,185,22,0,22,207
01/19/2003,SAV,GA,ASO,ES,Towers with Radar,18,57,33,8,116,0,9,53,2,64,18,66,86,10,180,82,4,86,266
01/20/2003,SAV,GA,ASO,ES,Towers with Radar,24,59,46,4,133,0,1,42,0,43,24,60,88,4,176,0,0,0,176
01/21/2003,SAV,GA,ASO,ES,Towers with Radar,24,56,62,18,160,1,10,36,0,47,25,66,98,18,207,4,8,12,219
01/22/2003,SAV,GA,ASO,ES,Towers with Radar,26,64,57,37,184,0,0,2,0,2,26,64,59,37,186,0,0,0,186
01/23/2003,SAV,GA,ASO,ES,Towers with Radar,28,71,49,36,184,0,0,13,1,14,28,71,62,37,198,6,12,18,216
01/24/2003,SAV,GA,ASO,ES,Towers with Radar,25,62,88,39,214,0,0,54,0,54,25,62,142,39,268,92,12,104,372
01/25/2003,SAV,GA,ASO,ES,Towers with Radar,25,51,67,11,154,0,0,65,0,65,25,51,132,11,219,58,0,58,277
01/26/2003,SAV,GA,ASO,ES,Towers with Radar,20,50,41,6,117,0,0,45,1,46,20,50,86,7,163,34,0,34,197
01/27/2003,SAV,GA,ASO,ES,Towers with Radar,22,74,82,10,188,0,2,50,26,78,22,76,132,36,266,82,0,82,348
01/28/2003,SAV,GA,ASO,ES,Towers with Radar,32,66,92,12,202,0,1,59,5,65,32,67,151,17,267,46,2,48,315
01/29/2003,SAV,GA,ASO,ES,Towers with Radar,29,59,96,5,189,0,0,30,0,30,29,59,126,5,219,32,8,40,259
01/30/2003,SAV,GA,ASO,ES,Towers with Radar,34,69,81,23,207,0,0,42,1,43,34,69,123,24,250,56,40,96,346
01/31/2003,SAV,GA,ASO,ES,Towers with Radar,31,66,117,12,226,0,0,1,0,1,31,66,118,12,227,0,0,0,227
02/01/2003,SAV,GA,ASO,ES,Towers with Radar,41,38,58,9,146,1,0,32,2,35,42,38,90,11,181,60,4,64,245
02/02/2003,SAV,GA,ASO,ES,Towers with Radar,20,54,80,19,173,1,0,101,1,103,21,54,181,20,276,110,16,126,402
02/03/2003,SAV,GA,ASO,ES,Towers with Radar,22,65,89,13,189,1,29,64,3,97,23,94,153,16,286,80,10,90,376
02/04/2003,SAV,GA,ASO,ES,Towers with Radar,21,73,54,20,168,1,9,30,9,49,22,82,84,29,217,10,4,14,231
02/05/2003,SAV,GA,ASO,ES,Towers with Radar,24,79,73,2,178,1,0,43,3,47,25,79,116,5,225,50,0,50,275
02/06/2003,SAV,GA,ASO,ES,Towers with Radar,28,57,89,3,177,1,0,22,0,23,29,57,111,3,200,131,0,131,331
02/07/2003,SAV,GA,ASO,ES,Towers with Radar,28,77,79,6,190,1,1,5,2,9,29,78,84,8,199,0,0,0,199
02/08/2003,SAV,GA,ASO,ES,Towers with Radar,27,45,70,1,143,1,0,60,1,62,28,45,130,2,205,125,0,125,330
02/09/2003,SAV,GA,ASO,ES,Towers with Radar,23,50,71,4,148,1,0,26,0,27,24,50,97,4,175,119,0,119,294
02/10/2003,SAV,GA,ASO,ES,Towers with Radar,18,64,51,6,139,1,0,1,1,3,19,64,52,7,142,18,0,18,160
02/11/2003,SAV,GA,ASO,ES,Towers with Radar,27,62,77,28,194,1,1,56,2,60,28,63,133,30,254,70,36,106,360
02/12/2003,SAV,GA,ASO,ES,Towers with Radar,30,64,94,13,201,0,2,52,2,56,30,66,146,15,257,42,20,62,319
02/13/2003,SAV,GA,ASO,ES,Towers with Radar,26,58,114,15,213,0,4,75,0,79,26,62,189,15,292,60,8,68,360
02/14/2003,SAV,GA,ASO,ES,Towers with Radar,29,67,105,23,224,0,2,63,0,65,29,69,168,23,289,30,10,40,329
02/15/2003,SAV,GA,ASO,ES,Towers with Radar,24,50,53,7,134,0,5,58,1,64,24,55,111,8,198,96,1,97,295
02/16/2003,SAV,GA,ASO,ES,Towers with Radar,24,42,38,4,108,0,1,0,0,1,24,43,38,4,109,0,0,0,109
02/17/2003,SAV,GA,ASO,ES,Towers with Radar,26,43,71,19,159,0,1,4,0,5,26,44,75,19,164,0,0,0,164
02/18/2003,SAV,GA,ASO,ES,Towers with Radar,28,69,77,30,204,0,1,30,0,31,28,70,107,30,235,68,0,68,303
02/19/2003,SAV,GA,ASO,ES,Towers with Radar,31,70,93,23,217,0,1,51,1,53,31,71,144,24,270,62,2,64,334
02/20/2003,SAV,GA,ASO,ES,Towers with Radar,27,62,92,17,198,0,0,42,4,46,27,62,134,21,244,50,8,58,302
02/21/2003,SAV,GA,ASO,ES,Towers with Radar,31,70,88,15,204,0,6,0,0,6,31,76,88,15,210,0,2,2,212
02/22/2003,SAV,GA,ASO,ES,Towers with Radar,26,48,24,1,99,0,1,2,0,3,26,49,26,1,102,0,0,0,102
02/23/2003,SAV,GA,ASO,ES,Towers with Radar,24,47,63,13,147,0,1,21,2,24,24,48,84,15,171,4,3,7,178
02/24/2003,SAV,GA,ASO,ES,Towers with Radar,21,65,82,32,200,0,3,82,7,92,21,68,164,39,292,100,14,114,406
02/25/2003,SAV,GA,ASO,ES,Towers with Radar,24,61,75,36,196,0,0,37,0,37,24,61,112,36,233,76,44,120,353
02/26/2003,SAV,GA,ASO,ES,Towers with Radar,41,56,103,19,219,0,0,0,0,0,41,56,103,19,219,0,0,0,219
02/27/2003,SAV,GA,ASO,ES,Towers with Radar,31,71,125,15,242,0,0,0,1,1,31,71,125,16,243,0,4,4,247
02/28/2003,SAV,GA,ASO,ES,Towers with Radar,30,69,99,18,216,0,0,19,14,33,30,69,118,32,249,61,0,61,310
03/01/2003,SAV,GA,ASO,ES,Towers with Radar,26,56,45,11,138,0,1,3,0,4,26,57,48,11,142,0,0,0,142
03/02/2003,SAV,GA,ASO,ES,Towers with Radar,23,55,74,5,157,0,1,15,2,18,23,56,89,7,175,54,10,64,239
03/03/2003,SAV,GA,ASO,ES,Towers with Radar,27,63,68,9,167,0,2,46,2,50,27,65,114,11,217,48,0,48,265
03/04/2003,SAV,GA,ASO,ES,Towers with Radar,27,69,52,2,150,0,1,0,1,2,27,70,52,3,152,0,0,0,152
03/05/2003,SAV,GA,ASO,ES,Towers with Radar,27,72,92,11,202,0,1,11,1,13,27,73,103,12,215,4,0,4,219
03/06/2003,SAV,GA,ASO,ES,Towers with Radar,39,53,65,10,167,0,1,13,1,15,39,54,78,11,182,9,1,10,192
03/07/2003,SAV,GA,ASO,ES,Towers with Radar,28,73,110,11,222,0,1,1,1,3,28,74,111,12,225,0,2,2,227
03/08/2003,SAV,GA,ASO,ES,Towers with Radar,29,63,78,4,174,0,1,27,0,28,29,64,105,4,202,38,0,38,240
03/09/2003,SAV,GA,ASO,ES,Towers with Radar,26,67,74,5,172,0,1,8,1,10,26,68,82,6,182,18,0,18,200
03/10/2003,SAV,GA,ASO,ES,Towers with Radar,26,61,87,10,184,0,1,83,0,84,26,62,170,10,268,44,0,44,312
03/11/2003,SAV,GA,ASO,ES,Towers with Radar,28,59,72,15,174,0,1,40,4,45,28,60,112,19,219,70,12,82,301
03/12/2003,SAV,GA,ASO,ES,Towers with Radar,24,76,65,13,178,0,1,45,3,49,24,77,110,16,227,76,1,77,304
03/13/2003,SAV,GA,ASO,ES,Towers with Radar,34,64,69,16,183,0,0,33,0,33,34,64,102,16,216,0,0,0,216
03/14/2003,SAV,GA,ASO,ES,Towers with Radar,28,71,92,59,250,0,0,18,2,20,28,71,110,61,270,70,2,72,342
03/15/2003,SAV,GA,ASO,ES,Towers with Radar,27,74,65,0,166,0,0,1,0,1,27,74,66,0,167,0,0,0,167
03/16/2003,SAV,GA,ASO,ES,Towers with Radar,21,66,75,40,202,0,0,32,5,37,21,66,107,45,239,37,6,43,282
03/17/2003,SAV,GA,ASO,ES,Towers with Radar,24,84,71,3,182,0,0,1,0,1,24,84,72,3,183,0,0,0,183
03/18/2003,SAV,GA,ASO,ES,Towers with Radar,28,74,94,35,231,0,0,12,3,15,28,74,106,38,246,23,4,27,273
03/19/2003,SAV,GA,ASO,ES,Towers with Radar,27,76,96,16,215,0,2,11,0,13,27,78,107,16,228,12,0,12,240
03/20/2003,SAV,GA,ASO,ES,Towers with Radar,37,73,62,4,176,0,0,6,0,6,37,73,68,4,182,0,0,0,182
03/21/2003,SAV,GA,ASO,ES,Towers with Radar,27,75,96,12,210,0,0,39,0,39,27,75,135,12,249,53,0,53,302
03/22/2003,SAV,GA,ASO,ES,Towers with Radar,24,64,70,18,176,0,0,79,2,81,24,64,149,20,257,124,24,148,405
03/23/2003,SAV,GA,ASO,ES,Towers with Radar,23,61,80,5,169,0,0,60,10,70,23,61,140,15,239,74,0,74,313
03/24/2003,SAV,GA,ASO,ES,Towers with Radar,24,72,93,4,193,0,0,91,0,91,24,72,184,4,284,82,2,84,368
03/25/2003,SAV,GA,ASO,ES,Towers with Radar,28,60,83,10,181,0,2,86,3,91,28,62,169,13,272,88,0,88,360
03/26/2003,SAV,GA,ASO,ES,Towers with Radar,27,86,65,22,200,0,0,55,1,56,27,86,120,23,256,82,10,92,348
03/27/2003,SAV,GA,ASO,ES,Towers with Radar,26,81,80,10,197,0,2,20,2,24,26,83,100,12,221,93,0,93,314
03/28/2003,SAV,GA,ASO,ES,Towers with Radar,27,68,111,23,229,0,0,26,0,26,27,68,137,23,255,32,20,52,307
03/29/2003,SAV,GA,ASO,ES,Towers with Radar,30,62,84,11,187,6,0,31,0,37,36,62,115,11,224,56,3,59,283
03/30/2003,SAV,GA,ASO,ES,Towers with Radar,21,75,79,6,181,0,0,8,0,8,21,75,87,6,189,0,0,0,189
03/31/2003,SAV,GA,ASO,ES,Towers with Radar,25,79,102,8,214,0,0,45,0,45,25,79,147,8,259,62,0,62,321
04/01/2003,SAV,GA,ASO,ES,Towers with Radar,26,62,95,3,186,0,0,71,1,72,26,62,166,4,258,74,4,78,336
04/02/2003,SAV,GA,ASO,ES,Towers with Radar,25,79,98,3,205,0,0,86,0,86,25,79,184,3,291,57,11,68,359
04/03/2003,SAV,GA,ASO,ES,Towers with Radar,29,58,108,2,197,0,0,118,0,118,29,58,226,2,315,100,1,101,416
04/04/2003,SAV,GA,ASO,ES,Towers with Radar,25,62,108,6,201,0,0,91,0,91,25,62,199,6,292,25,1,26,318
04/05/2003,SAV,GA,ASO,ES,Towers with Radar,21,59,69,3,152,1,3,41,0,45,22,62,110,3,197,0,0,0,197
04/06/2003,SAV,GA,ASO,ES,Towers with Radar,29,67,94,6,196,0,0,48,0,48,29,67,142,6,244,0,8,8,252
04/07/2003,SAV,GA,ASO,ES,Towers with Radar,32,63,59,4,158,0,0,4,0,4,32,63,63,4,162,2,1,3,165
04/08/2003,SAV,GA,ASO,ES,Towers with Radar,31,85,47,2,165,0,0,1,0,1,31,85,48,2,166,0,0,0,166
04/09/2003,SAV,GA,ASO,ES,Towers with Radar,29,102,88,6,225,0,1,1,0,2,29,103,89,6,227,8,0,8,235
04/10/2003,SAV,GA,ASO,ES,Towers with Radar,39,69,96,7,211,0,0,11,0,11,39,69,107,7,222,4,0,4,226
04/11/2003,SAV,GA,ASO,ES,Towers with Radar,25,85,136,2,248,0,0,23,0,23,25,85,159,2,271,72,0,72,343
04/12/2003,SAV,GA,ASO,ES,Towers with Radar,22,80,87,3,192,0,0,107,0,107,22,80,194,3,299,80,2,82,381
04/13/2003,SAV,GA,ASO,ES,Towers with Radar,24,81,83,5,193,0,0,88,0,88,24,81,171,5,281,106,1,107,388
04/14/2003,SAV,GA,ASO,ES,Towers with Radar,25,81,71,17,194,0,0,93,0,93,25,81,164,17,287,36,2,38,325
04/15/2003,SAV,GA,ASO,ES,Towers with Radar,28,69,85,3,185,0,0,74,3,77,28,69,159,6,262,96,1,97,359
04/16/2003,SAV,GA,ASO,ES,Towers with Radar,29,79,125,5,238,0,0,68,0,68,29,79,193,5,306,118,0,118,424
04/17/2003,SAV,GA,ASO,ES,Towers with Radar,33,78,174,3,288,0,0,59,0,59,33,78,233,3,347,102,4,106,453
04/18/2003,SAV,GA,ASO,ES,Towers with Radar,33,73,110,7,223,0,0,42,0,42,33,73,152,7,265,78,18,96,361
04/19/2003,SAV,GA,ASO,ES,Towers with Radar,19,76,82,3,180,0,0,38,0,38,19,76,120,3,218,25,0,25,243
04/20/2003,SAV,GA,ASO,ES,Towers with Radar,28,79,71,4,182,0,0,17,0,17,28,79,88,4,199,36,0,36,235
04/21/2003,SAV,GA,ASO,ES,Towers with Radar,27,95,75,0,197,0,1,45,0,46,27,96,120,0,243,89,0,89,332
04/22/2003,SAV,GA,ASO,ES,Towers with Radar,28,83,96,5,212,0,0,73,1,74,28,83,169,6,286,22,2,24,310
04/23/2003,SAV,GA,ASO,ES,Towers with Radar,26,74,122,2,224,0,0,72,0,72,26,74,194,2,296,137,0,137,433
04/24/2003,SAV,GA,ASO,ES,Towers with Radar,28,79,102,11,220,0,2,49,0,51,28,81,151,11,271,106,30,136,407
04/25/2003,SAV,GA,ASO,ES,Towers with Radar,30,66,82,4,182,0,0,9,0,9,30,66,91,4,191,0,0,0,191
04/26/2003,SAV,GA,ASO,ES,Towers with Radar,24,79,87,1,191,0,0,33,0,33,24,79,120,1,224,85,0,85,309
04/27/2003,SAV,GA,ASO,ES,Towers with Radar,25,117,98,2,242,0,0,75,0,75,25,117,173,2,317,44,0,44,361
04/28/2003,SAV,GA,ASO,ES,Towers with Radar,27,77,79,6,189,0,0,44,5,49,27,77,123,11,238,44,0,44,282
04/29/2003,SAV,GA,ASO,ES,Towers with Radar,26,82,105,16,229,0,0,62,6,68,26,82,167,22,297,88,4,92,389
04/30/2003,SAV,GA,ASO,ES,Towers with Radar,27,70,81,8,186,0,1,64,4,69,27,71,145,12,255,69,8,77,332
05/01/2003,SAV,GA,ASO,ES,Towers with Radar,27,69,88,6,190,1,0,43,0,44,28,69,131,6,234,10,0,10,244
05/02/2003,SAV,GA,ASO,ES,Towers with Radar,40,71,79,21,211,1,0,70,11,82,41,71,149,32,293,48,10,58,351
05/03/2003,SAV,GA,ASO,ES,Towers with Radar,25,67,64,1,157,0,1,44,0,45,25,68,108,1,202,70,0,70,272
05/04/2003,SAV,GA,ASO,ES,Towers with Radar,28,72,74,2,176,0,1,57,0,58,28,73,131,2,234,76,0,76,310
05/05/2003,SAV,GA,ASO,ES,Towers with Radar,25,65,65,6,161,0,1,28,0,29,25,66,93,6,190,50,19,69,259
05/06/2003,SAV,GA,ASO,ES,Towers with Radar,47,52,104,2,205,0,1,17,0,18,47,53,121,2,223,72,0,72,295
05/07/2003,SAV,GA,ASO,ES,Towers with Radar,30,80,92,3,205,0,1,43,0,44,30,81,135,3,249,96,0,96,345
05/08/2003,SAV,GA,ASO,ES,Towers with Radar,30,80,86,3,199,0,1,69,6,76,30,81,155,9,275,40,0,40,315
05/09/2003,SAV,GA,ASO,ES,Towers with Radar,30,76,85,1,192,0,1,65,0,66,30,77,150,1,258,62,1,63,321
05/10/2003,SAV,GA,ASO,ES,Towers with Radar,42,49,73,20,184,0,1,73,0,74,42,50,146,20,258,28,20,48,306
05/11/2003,SAV,GA,ASO,ES,Towers with Radar,36,60,55,2,153,0,1,27,0,28,36,61,82,2,181,78,4,82,263
05/12/2003,SAV,GA,ASO,ES,Towers with Radar,26,67,89,4,186,0,0,38,2,40,26,67,127,6,226,58,0,58,284
05/13/2003,SAV,GA,ASO,ES,Towers with Radar,29,62,122,4,217,0,0,79,4,83,29,62,201,8,300,65,0,65,365
05/14/2003,SAV,GA,ASO,ES,Towers with Radar,30,89,106,4,229,0,0,62,1,63,30,89,168,5,292,136,0,136,428
05/15/2003,SAV,GA,ASO,ES,Towers with Radar,30,90,77,0,197,0,1,14,0,15,30,91,91,0,212,5,0,5,217
05/16/2003,SAV,GA,ASO,ES,Towers with Radar,30,85,89,7,211,0,0,42,2,44,30,85,131,9,255,124,0,124,379
05/17/2003,SAV,GA,ASO,ES,Towers with Radar,22,65,39,2,128,0,0,11,2,13,22,65,50,4,141,12,0,12,153
05/18/2003,SAV,GA,ASO,ES,Towers with Radar,25,68,58,0,151,0,0,12,0,12,25,68,70,0,163,14,0,14,177
05/19/2003,SAV,GA,ASO,ES,Towers with Radar,29,79,92,2,202,0,0,10,0,10,29,79,102,2,212,8,0,8,220
05/20/2003,SAV,GA,ASO,ES,Towers with Radar,28,61,133,10,232,0,0,87,0,87,28,61,220,10,319,4,6,10,329
05/21/2003,SAV,GA,ASO,ES,Towers with Radar,33,91,98,9,231,0,0,62,0,62,33,91,160,9,293,36,2,38,331
05/22/2003,SAV,GA,ASO,ES,Towers with Radar,35,75,63,6,179,0,0,28,2,30,35,75,91,8,209,36,1,37,246
05/23/2003,SAV,GA,ASO,ES,Towers with Radar,28,69,111,0,208,0,0,23,0,23,28,69,134,0,231,78,0,78,309
05/24/2003,SAV,GA,ASO,ES,Towers with Radar,29,67,67,4,167,0,0,71,1,72,29,67,138,5,239,158,0,158,397
05/25/2003,SAV,GA,ASO,ES,Towers with Radar,22,63,52,0,137,0,1,29,0,30,22,64,81,0,167,90,0,90,257
05/26/2003,SAV,GA,ASO,ES,Towers with Radar,29,89,78,7,203,0,0,41,2,43,29,89,119,9,246,108,6,114,360
05/27/2003,SAV,GA,ASO,ES,Towers with Radar,26,68,110,4,208,0,0,27,3,30,26,68,137,7,238,70,16,86,324
05/28/2003,SAV,GA,ASO,ES,Towers with Radar,27,64,94,1,186,0,0,99,5,104,27,64,193,6,290,66,0,66,356
05/29/2003,SAV,GA,ASO,ES,Towers with Radar,28,66,87,2,183,0,0,71,0,71,28,66,158,2,254,33,0,33,287
05/30/2003,SAV,GA,ASO,ES,Towers with Radar,28,81,107,20,236,0,0,92,0,92,28,81,199,20,328,52,2,54,382
05/31/2003,SAV,GA,ASO,ES,Towers with Radar,22,62,62,0,146,0,0,37,1,38,22,62,99,1,184,34,0,34,218
06/01/2003,SAV,GA,ASO,ES,Towers with Radar,28,63,58,10,159,0,0,50,1,51,28,63,108,11,210,21,0,21,231
06/02/2003,SAV,GA,ASO,ES,Towers with Radar,23,74,58,23,178,0,0,45,0,45,23,74,103,23,223,16,42,58,281
06/03/2003,SAV,GA,ASO,ES,Towers with Radar,27,75,56,10,168,0,0,37,3,40,27,75,93,13,208,42,0,42,250
06/04/2003,SAV,GA,ASO,ES,Towers with Radar,27,77,65,16,185,0,0,12,0,12,27,77,77,16,197,22,0,22,219
06/05/2003,SAV,GA,ASO,ES,Towers with Radar,27,76,100,21,224,0,0,50,0,50,27,76,150,21,274,149,10,159,433
06/06/2003,SAV,GA,ASO,ES,Towers with Radar,28,63,97,9,197,0,0,14,0,14,28,63,111,9,211,64,4,68,279
06/07/2003,SAV,GA,ASO,ES,Towers with Radar,22,62,42,4,130,0,0,7,2,9,22,62,49,6,139,76,0,76,215
06/08/2003,SAV,GA,ASO,ES,Towers with Radar,25,64,52,9,150,0,0,12,0,12,25,64,64,9,162,18,0,18,180
06/09/2003,SAV,GA,ASO,ES,Towers with Radar,24,71,107,7,209,0,0,60,0,60,24,71,167,7,269,78,8,86,355
06/10/2003,SAV,GA,ASO,ES,Towers with Radar,28,65,69,6,168,0,0,90,3,93,28,65,159,9,261,94,0,94,355
06/11/2003,SAV,GA,ASO,ES,Towers with Radar,28,64,97,8,197,0,0,57,2,59,28,64,154,10,256,42,0,42,298
06/12/2003,SAV,GA,ASO,ES,Towers with Radar,27,73,78,15,193,0,0,56,4,60,27,73,134,19,253,80,8,88,341
06/13/2003,SAV,GA,ASO,ES,Towers with Radar,25,68,72,27,192,0,0,37,1,38,25,68,109,28,230,42,0,42,272
06/14/2003,SAV,GA,ASO,ES,Towers with Radar,24,64,61,4,153,0,0,26,1,27,24,64,87,5,180,58,0,58,238
06/15/2003,SAV,GA,ASO,ES,Towers with Radar,30,56,64,8,158,0,0,67,6,73,30,56,131,14,231,93,0,93,324
06/16/2003,SAV,GA,ASO,ES,Towers with Radar,30,72,70,27,199,0,0,39,2,41,30,72,109,29,240,49,6,55,295
06/17/2003,SAV,GA,ASO,ES,Towers with Radar,27,85,54,11,177,0,1,9,1,11,27,86,63,12,188,16,0,16,204
06/18/2003,SAV,GA,ASO,ES,Towers with Radar,27,72,95,35,229,0,0,30,1,31,27,72,125,36,260,54,9,63,323
06/19/2003,SAV,GA,ASO,ES,Towers with Radar,27,64,86,41,218,0,0,61,2,63,27,64,147,43,281,78,18,96,377
06/20/2003,SAV,GA,ASO,ES,Towers with Radar,28,77,89,49,243,0,0,53,2,55,28,77,142,51,298,32,0,32,330
06/21/2003,SAV,GA,ASO,ES,Towers with Radar,24,63,57,1,145,0,0,54,1,55,24,63,111,2,200,129,4,133,333
06/22/2003,SAV,GA,ASO,ES,Towers with Radar,26,61,67,12,166,0,0,65,1,66,26,61,132,13,232,191,10,201,433
06/23/2003,SAV,GA,ASO,ES,Towers with Radar,26,67,59,24,176,0,0,64,5,69,26,67,123,29,245,76,4,80,325
06/24/2003,SAV,GA,ASO,ES,Towers with Radar,24,82,75,33,214,0,0,63,1,64,24,82,138,34,278,148,1,149,427
06/25/2003,SAV,GA,ASO,ES,Towers with Radar,30,62,77,40,209,0,1,72,3,76,30,63,149,43,285,164,10,174,459
06/26/2003,SAV,GA,ASO,ES,Towers with Radar,33,76,86,15,210,0,1,86,0,87,33,77,172,15,297,110,2,112,409
06/27/2003,SAV,GA,ASO,ES,Towers with Radar,31,66,71,17,185,0,1,91,2,94,31,67,162,19,279,97,0,97,376
06/28/2003,SAV,GA,ASO,ES,Towers with Radar,24,72,58,12,166,0,0,47,1,48,24,72,105,13,214,172,14,186,400
06/29/2003,SAV,GA,ASO,ES,Towers with Radar,31,60,80,11,182,0,0,19,0,19,31,60,99,11,201,58,0,58,259
06/30/2003,SAV,GA,ASO,ES,Towers with Radar,26,75,58,10,169,0,0,48,0,48,26,75,106,10,217,17,0,17,234
07/01/2003,SAV,GA,ASO,ES,Towers with Radar,30,66,49,1,146,0,0,18,0,18,30,66,67,1,164,6,0,6,170
07/02/2003,SAV,GA,ASO,ES,Towers with Radar,27,62,64,3,156,0,0,26,1,27,27,62,90,4,183,42,0,42,225
07/03/2003,SAV,GA,ASO,ES,Towers with Radar,38,71,94,0,203,0,0,45,1,46,38,71,139,1,249,175,0,175,424
07/04/2003,SAV,GA,ASO,ES,Towers with Radar,16,42,42,0,100,2,11,30,0,43,18,53,72,0,143,64,0,64,207
07/05/2003,SAV,GA,ASO,ES,Towers with Radar,19,70,49,0,138,0,0,45,0,45,19,70,94,0,183,112,0,112,295
07/06/2003,SAV,GA,ASO,ES,Towers with Radar,26,57,86,0,169,0,0,85,0,85,26,57,171,0,254,144,1,145,399
07/07/2003,SAV,GA,ASO,ES,Towers with Radar,28,60,82,1,171,0,0,27,1,28,28,60,109,2,199,32,0,32,231
07/08/2003,SAV,GA,ASO,ES,Towers with Radar,28,66,80,1,175,0,1,51,1,53,28,67,131,2,228,149,1,150,378
07/09/2003,SAV,GA,ASO,ES,Towers with Radar,29,63,85,2,179,0,0,63,4,67,29,63,148,6,246,138,0,138,384
07/10/2003,SAV,GA,ASO,ES,Towers with Radar,26,68,95,3,192,0,0,56,6,62,26,68,151,9,254,35,2,37,291
07/11/2003,SAV,GA,ASO,ES,Towers with Radar,27,70,88,37,222,0,0,45,8,53,27,70,133,45,275,92,1,93,368
07/12/2003,SAV,GA,ASO,ES,Towers with Radar,26,68,63,5,162,0,0,65,23,88,26,68,128,28,250,108,24,132,382
07/13/2003,SAV,GA,ASO,ES,Towers with Radar,23,60,70,10,163,0,0,28,5,33,23,60,98,15,196,107,4,111,307
07/14/2003,SAV,GA,ASO,ES,Towers with Radar,29,75,57,17,178,0,0,24,0,24,29,75,81,17,202,20,0,20,222
07/15/2003,SAV,GA,ASO,ES,Towers with Radar,30,64,81,10,185,0,0,17,9,26,30,64,98,19,211,20,6,26,237
07/16/2003,SAV,GA,ASO,ES,Towers with Radar,30,78,69,16,193,0,0,37,6,43,30,78,106,22,236,34,12,46,282
07/17/2003,SAV,GA,ASO,ES,Towers with Radar,30,62,85,10,187,0,0,43,1,44,30,62,128,11,231,106,0,106,337
07/18/2003,SAV,GA,ASO,ES,Towers with Radar,29,65,79,26,199,0,0,59,1,60,29,65,138,27,259,60,4,64,323
07/19/2003,SAV,GA,ASO,ES,Towers with Radar,30,69,44,8,151,0,0,50,5,55,30,69,94,13,206,86,0,86,292
07/20/2003,SAV,GA,ASO,ES,Towers with Radar,26,70,72,6,174,0,0,44,2,46,26,70,116,8,220,42,0,42,262
07/21/2003,SAV,GA,ASO,ES,Towers with Radar,25,71,62,30,188,0,0,45,2,47,25,71,107,32,235,56,20,76,311
07/22/2003,SAV,GA,ASO,ES,Towers with Radar,26,68,52,12,158,0,1,33,3,37,26,69,85,15,195,57,6,63,258
07/23/2003,SAV,GA,ASO,ES,Towers with Radar,25,56,58,11,150,0,0,19,1,20,25,56,77,12,170,34,0,34,204
07/24/2003,SAV,GA,ASO,ES,Towers with Radar,27,71,88,15,201,0,0,66,1,67,27,71,154,16,268,10,0,10,278
07/25/2003,SAV,GA,ASO,ES,Towers with Radar,29,73,101,20,223,0,0,43,2,45,29,73,144,22,268,38,0,38,306
07/26/2003,SAV,GA,ASO,ES,Towers with Radar,23,69,52,1,145,0,0,19,0,19,23,69,71,1,164,47,0,47,211
07/27/2003,SAV,GA,ASO,ES,Towers with Radar,24,65,54,10,153,0,1,31,0,32,24,66,85,10,185,22,0,22,207
07/28/2003,SAV,GA,ASO,ES,Towers with Radar,25,60,44,17,146,0,0,39,1,40,25,60,83,18,186,51,0,51,237
07/29/2003,SAV,GA,ASO,ES,Towers with Radar,27,61,84,0,172,0,0,60,0,60,27,61,144,0,232,40,0,40,272
07/30/2003,SAV,GA,ASO,ES,Towers with Radar,30,83,95,20,228,0,1,59,1,61,30,84,154,21,289,106,8,114,403
07/31/2003,SAV,GA,ASO,ES,Towers with Radar,26,73,63,14,176,0,0,56,3,59,26,73,119,17,235,62,0,62,297
08/01/2003,SAV,GA,ASO,ES,Towers with Radar,29,57,69,9,164,1,0,40,0,41,30,57,109,9,205,88,0,88,293
08/02/2003,SAV,GA,ASO,ES,Towers with Radar,22,77,53,12,164,1,0,45,0,46,23,77,98,12,210,115,24,139,349
08/03/2003,SAV,GA,ASO,ES,Towers with Radar,24,60,54,11,149,1,0,47,0,48,25,60,101,11,197,88,2,90,287
08/04/2003,SAV,GA,ASO,ES,Towers with Radar,28,65,46,28,167,1,0,18,0,19,29,65,64,28,186,26,0,26,212
08/05/2003,SAV,GA,ASO,ES,Towers with Radar,29,60,56,31,176,1,0,29,0,30,30,60,85,31,206,78,14,92,298
08/06/2003,SAV,GA,ASO,ES,Towers with Radar,26,67,64,35,192,1,0,33,0,34,27,67,97,35,226,46,16,62,288
08/07/2003,SAV,GA,ASO,ES,Towers with Radar,32,69,101,26,228,1,0,30,0,31,33,69,131,26,259,62,6,68,327
08/08/2003,SAV,GA,ASO,ES,Towers with Radar,30,78,93,35,236,0,1,23,0,24,30,79,116,35,260,48,18,66,326
08/09/2003,SAV,GA,ASO,ES,Towers with Radar,23,72,89,11,195,0,1,40,0,41,23,73,129,11,236,83,8,91,327
08/10/2003,SAV,GA,ASO,ES,Towers with Radar,28,68,72,11,179,0,1,27,1,29,28,69,99,12,208,46,16,62,270
08/11/2003,SAV,GA,ASO,ES,Towers with Radar,29,64,77,30,200,0,2,27,0,29,29,66,104,30,229,47,2,49,278
08/12/2003,SAV,GA,ASO,ES,Towers with Radar,30,70,77,25,202,0,1,34,0,35,30,71,111,25,237,62,0,62,299
08/13/2003,SAV,GA,ASO,ES,Towers with Radar,33,67,87,17,204,0,0,64,20,84,33,67,151,37,288,84,30,114,402
08/14/2003,SAV,GA,ASO,ES,Towers with Radar,35,75,73,14,197,0,1,22,2,25,35,76,95,16,222,68,0,68,290
08/15/2003,SAV,GA,ASO,ES,Towers with Radar,30,63,80,20,193,0,1,16,0,17,30,64,96,20,210,22,8,30,240
08/16/2003,SAV,GA,ASO,ES,Towers with Radar,26,64,65,9,164,0,1,48,0,49,26,65,113,9,213,48,8,56,269
08/17/2003,SAV,GA,ASO,ES,Towers with Radar,25,64,51,2,142,0,1,70,4,75,25,65,121,6,217,162,6,168,385
08/18/2003,SAV,GA,ASO,ES,Towers with Radar,28,69,38,6,141,0,1,49,1,51,28,70,87,7,192,34,0,34,226
08/19/2003,SAV,GA,ASO,ES,Towers with Radar,27,69,71,9,176,0,4,45,0,49,27,73,116,9,225,72,12,84,309
08/20/2003,SAV,GA,ASO,ES,Towers with Radar,28,75,75,11,189,0,1,55,1,57,28,76,130,12,246,65,0,65,311
08/21/2003,SAV,GA,ASO,ES,Towers with Radar,34,78,82,18,212,0,0,51,0,51,34,78,133,18,263,106,8,114,377
08/22/2003,SAV,GA,ASO,ES,Towers with Radar,30,68,81,11,190,0,0,45,5,50,30,68,126,16,240,46,0,46,286
08/23/2003,SAV,GA,ASO,ES,Towers with Radar,23,77,57,7,164,0,0,56,1,57,23,77,113,8,221,90,0,90,311
08/24/2003,SAV,GA,ASO,ES,Towers with Radar,25,69,65,2,161,0,0,47,1,48,25,69,112,3,209,90,0,90,299
08/25/2003,SAV,GA,ASO,ES,Towers with Radar,30,72,78,5,185,0,0,37,1,38,30,72,115,6,223,82,0,82,305
08/26/2003,SAV,GA,ASO,ES,Towers with Radar,32,67,81,12,192,0,1,65,5,71,32,68,146,17,263,136,0,136,399
08/27/2003,SAV,GA,ASO,ES,Towers with Radar,31,79,80,15,205,0,9,78,8,95,31,88,158,23,300,50,0,50,350
08/28/2003,SAV,GA,ASO,ES,Towers with Radar,35,89,94,5,223,0,0,60,1,61,35,89,154,6,284,108,0,108,392
08/29/2003,SAV,GA,ASO,ES,Towers with Radar,36,74,87,0,197,0,0,39,0,39,36,74,126,0,236,67,0,67,303
08/30/2003,SAV,GA,ASO,ES,Towers with Radar,23,70,56,0,149,0,0,42,0,42,23,70,98,0,191,43,0,43,234
08/31/2003,SAV,GA,ASO,ES,Towers with Radar,28,56,37,4,125,0,0,56,0,56,28,56,93,4,181,48,0,48,229
09/01/2003,SAV,GA,ASO,ES,Towers with Radar,27,68,81,1,177,0,0,14,0,14,27,68,95,1,191,28,0,28,219
09/02/2003,SAV,GA,ASO,ES,Towers with Radar,25,64,86,12,187,1,0,28,0,29,26,64,114,12,216,38,4,42,258
09/03/2003,SAV,GA,ASO,ES,Towers with Radar,29,74,98,5,206,1,0,32,1,34,30,74,130,6,240,122,0,122,362
09/04/2003,SAV,GA,ASO,ES,Towers with Radar,31,69,65,10,175,1,0,49,0,50,32,69,114,10,225,144,4,148,373
09/05/2003,SAV,GA,ASO,ES,Towers with Radar,28,65,83,7,183,1,0,20,1,22,29,65,103,8,205,10,0,10,215
09/06/2003,SAV,GA,ASO,ES,Towers with Radar,24,73,28,6,131,1,0,2,1,4,25,73,30,7,135,0,0,0,135
09/07/2003,SAV,GA,ASO,ES,Towers with Radar,31,64,37,2,134,1,0,1,0,2,32,64,38,2,136,0,0,0,136
09/08/2003,SAV,GA,ASO,ES,Towers with Radar,29,68,69,4,170,1,3,0,0,4,30,71,69,4,174,4,0,4,178
09/09/2003,SAV,GA,ASO,ES,Towers with Radar,31,72,92,12,207,0,1,76,3,80,31,73,168,15,287,120,8,128,415
09/10/2003,SAV,GA,ASO,ES,Towers with Radar,30,77,92,6,205,0,1,40,0,41,30,78,132,6,246,40,0,40,286
09/11/2003,SAV,GA,ASO,ES,Towers with Radar,33,66,99,11,209,0,0,77,12,89,33,66,176,23,298,134,3,137,435
09/12/2003,SAV,GA,ASO,ES,Towers with Radar,33,67,84,22,206,0,1,46,5,52,33,68,130,27,258,46,0,46,304
09/13/2003,SAV,GA,ASO,ES,Towers with Radar,26,71,61,9,167,0,1,68,3,72,26,72,129,12,239,90,0,90,329
09/14/2003,SAV,GA,ASO,ES,Towers with Radar,27,75,64,18,184,0,1,53,4,58,27,76,117,22,242,10,0,10,252
09/15/2003,SAV,GA,ASO,ES,Towers with Radar,33,68,79,6,186,0,1,54,0,55,33,69,133,6,241,66,0,66,307
09/16/2003,SAV,GA,ASO,ES,Towers with Radar,31,68,72,4,175,0,1,53,2,56,31,69,125,6,231,92,2,94,325
09/17/2003,SAV,GA,ASO,ES,Towers with Radar,31,69,80,9,189,0,0,68,5,73,31,69,148,14,262,56,6,62,324
09/18/2003,SAV,GA,ASO,ES,Towers with Radar,32,66,79,2,179,0,1,53,2,56,32,67,132,4,235,42,2,44,279
09/19/2003,SAV,GA,ASO,ES,Towers with Radar,29,68,75,24,196,0,1,85,0,86,29,69,160,24,282,56,8,64,346
09/20/2003,SAV,GA,ASO,ES,Towers with Radar,26,67,59,1,153,0,1,78,0,79,26,68,137,1,232,70,0,70,302
09/21/2003,SAV,GA,ASO,ES,Towers with Radar,28,69,74,16,187,0,1,54,0,55,28,70,128,16,242,38,0,38,280
09/22/2003,SAV,GA,ASO,ES,Towers with Radar,28,64,82,7,181,0,1,51,1,53,28,65,133,8,234,33,2,35,269
09/23/2003,SAV,GA,ASO,ES,Towers with Radar,34,72,89,17,212,0,1,30,2,33,34,73,119,19,245,14,6,20,265
09/24/2003,SAV,GA,ASO,ES,Towers with Radar,38,80,83,7,208,0,1,56,0,57,38,81,139,7,265,110,1,111,376
09/25/2003,SAV,GA,ASO,ES,Towers with Radar,36,85,104,5,230,0,2,42,0,44,36,87,146,5,274,150,2,152,426
09/26/2003,SAV,GA,ASO,ES,Towers with Radar,30,70,112,10,222,0,1,54,3,58,30,71,166,13,280,106,14,120,400
09/27/2003,SAV,GA,ASO,ES,Towers with Radar,28,76,51,2,157,0,1,23,1,25,28,77,74,3,182,49,2,51,233
09/28/2003,SAV,GA,ASO,ES,Towers with Radar,27,74,73,5,179,0,1,58,2,61,27,75,131,7,240,68,0,68,308
09/29/2003,SAV,GA,ASO,ES,Towers with Radar,24,58,64,7,153,4,17,65,3,89,28,75,129,10,242,152,14,166,408
09/30/2003,SAV,GA,ASO,ES,Towers with Radar,29,68,106,9,212,0,1,72,1,74,29,69,178,10,286,104,0,104,390
10/01/2003,SAV,GA,ASO,ES,Towers with Radar,32,77,90,15,214,3,0,59,6,68,35,77,149,21,282,74,2,76,358
10/02/2003,SAV,GA,ASO,ES,Towers with Radar,29,79,86,14,208,0,18,52,8,78,29,97,138,22,286,26,8,34,320
10/03/2003,SAV,GA,ASO,ES,Towers with Radar,32,68,87,12,199,1,0,79,0,80,33,68,166,12,279,68,0,68,347
10/04/2003,SAV,GA,ASO,ES,Towers with Radar,23,58,64,11,156,1,21,61,18,101,24,79,125,29,257,59,2,61,318
10/05/2003,SAV,GA,ASO,ES,Towers with Radar,26,70,78,12,186,0,4,91,0,95,26,74,169,12,281,49,0,49,330
10/06/2003,SAV,GA,ASO,ES,Towers with Radar,29,65,84,13,191,0,0,27,0,27,29,65,111,13,218,18,18,36,254
10/07/2003,SAV,GA,ASO,ES,Towers with Radar,27,65,73,12,177,5,17,17,12,51,32,82,90,24,228,15,8,23,251
10/08/2003,SAV,GA,ASO,ES,Towers with Radar,32,74,99,16,221,0,0,15,7,22,32,74,114,23,243,48,4,52,295
10/09/2003,SAV,GA,ASO,ES,Towers with Radar,33,93,103,16,245,0,1,44,6,51,33,94,147,22,296,0,0,0,296
10/10/2003,SAV,GA,ASO,ES,Towers with Radar,38,75,103,16,232,1,0,61,5,67,39,75,164,21,299,60,56,116,415
10/11/2003,SAV,GA,ASO,ES,Towers with Radar,21,53,55,8,137,20,23,0,0,43,41,76,55,8,180,22,0,22,202
10/12/2003,SAV,GA,ASO,ES,Towers with Radar,28,67,78,9,182,5,0,24,0,29,33,67,102,9,211,116,2,118,329
10/13/2003,SAV,GA,ASO,ES,Towers with Radar,34,86,95,0,215,0,1,46,0,47,34,87,141,0,262,130,0,130,392
10/14/2003,SAV,GA,ASO,ES,Towers with Radar,30,78,86,13,207,0,0,25,8,33,30,78,111,21,240,4,0,4,244
10/15/2003,SAV,GA,ASO,ES,Towers with Radar,31,72,98,15,216,0,0,75,11,86,31,72,173,26,302,72,2,74,376
10/16/2003,SAV,GA,ASO,ES,Towers with Radar,38,81,102,15,236,0,0,78,0,78,38,81,180,15,314,92,10,102,416
10/17/2003,SAV,GA,ASO,ES,Towers with Radar,30,71,93,14,208,0,0,72,11,83,30,71,165,25,291,40,6,46,337
10/18/2003,SAV,GA,ASO,ES,Towers with Radar,23,67,75,9,174,0,10,61,0,71,23,77,136,9,245,10,0,10,255
10/19/2003,SAV,GA,ASO,ES,Towers with Radar,26,74,84,10,194,0,0,56,0,56,26,74,140,10,250,102,15,117,367
10/20/2003,SAV,GA,ASO,ES,Towers with Radar,31,78,84,13,206,0,5,109,30,144,31,83,193,43,350,2,6,8,358
10/21/2003,SAV,GA,ASO,ES,Towers with Radar,28,70,75,11,184,7,9,62,8,86,35,79,137,19,270,68,0,68,338
10/22/2003,SAV,GA,ASO,ES,Towers with Radar,32,92,100,15,239,0,0,74,18,92,32,92,174,33,331,64,20,84,415
10/23/2003,SAV,GA,ASO,ES,Towers with Radar,35,95,103,10,243,0,3,90,0,93,35,98,193,10,336,94,0,94,430
10/24/2003,SAV,GA,ASO,ES,Towers with Radar,31,78,100,15,224,0,0,95,2,97,31,78,195,17,321,50,28,78,399
10/25/2003,SAV,GA,ASO,ES,Towers with Radar,24,59,64,7,154,3,25,84,0,112,27,84,148,7,266,74,0,74,340
10/26/2003,SAV,GA,ASO,ES,Towers with Radar,26,68,74,11,179,0,5,34,7,46,26,73,108,18,225,60,0,60,285
10/27/2003,SAV,GA,ASO,ES,Towers with Radar,27,68,73,5,173,0,7,0,0,7,27,75,73,5,180,14,0,14,194
10/28/2003,SAV,GA,ASO,ES,Towers with Radar,28,71,76,6,181,7,19,0,0,26,35,90,76,6,207,6,0,6,213
10/29/2003,SAV,GA,ASO,ES,Towers with Radar,31,77,92,8,208,0,0,47,0,47,31,77,139,8,255,100,8,108,363
10/30/2003,SAV,GA,ASO,ES,Towers with Radar,38,80,101,11,230,1,0,68,0,69,39,80,169,11,299,102,2,104,403
10/31/2003,SAV,GA,ASO,ES,Towers with Radar,31,66,85,5,187,2,0,69,0,71,33,66,154,5,258,12,0,12,270
11/01/2003,SAV,GA,ASO,ES,Towers with Radar,22,51,55,9,137,7,21,71,0,99,29,72,126,9,236,42,2,44,280
11/02/2003,SAV,GA,ASO,ES,Towers with Radar,31,41,76,21,169,17,0,39,0,56,48,41,115,21,225,66,10,76,301
11/03/2003,SAV,GA,ASO,ES,Towers with Radar,30,76,84,29,219,0,0,38,10,48,30,76,122,39,267,49,6,55,322
11/04/2003,SAV,GA,ASO,ES,Towers with Radar,33,76,84,28,221,2,1,13,14,30,35,77,97,42,251,16,8,24,275
11/05/2003,SAV,GA,ASO,ES,Towers with Radar,31,75,85,29,220,0,0,40,22,62,31,75,125,51,282,30,2,32,314
11/06/2003,SAV,GA,ASO,ES,Towers with Radar,33,103,120,40,296,0,0,30,45,75,33,103,150,85,371,91,26,117,488
11/07/2003,SAV,GA,ASO,ES,Towers with Radar,30,69,102,35,236,0,0,56,24,80,30,69,158,59,316,2,0,2,318
11/08/2003,SAV,GA,ASO,ES,Towers with Radar,23,54,54,1,132,7,15,0,0,22,30,69,54,1,154,0,0,0,154
11/09/2003,SAV,GA,ASO,ES,Towers with Radar,21,48,53,9,131,14,15,58,0,87,35,63,111,9,218,12,2,14,232
11/10/2003,SAV,GA,ASO,ES,Towers with Radar,28,66,82,28,204,0,0,93,45,138,28,66,175,73,342,32,4,36,378
11/11/2003,SAV,GA,ASO,ES,Towers with Radar,30,68,75,25,198,1,4,77,44,126,31,72,152,69,324,50,18,68,392
11/12/2003,SAV,GA,ASO,ES,Towers with Radar,34,73,87,29,223,2,0,45,39,86,36,73,132,68,309,74,6,80,389
11/13/2003,SAV,GA,ASO,ES,Towers with Radar,33,71,92,30,226,0,0,44,34,78,33,71,136,64,304,28,42,70,374
11/14/2003,SAV,GA,ASO,ES,Towers with Radar,32,69,91,29,221,0,0,82,25,107,32,69,173,54,328,40,0,40,368
11/15/2003,SAV,GA,ASO,ES,Towers with Radar,23,49,56,18,146,3,12,82,21,118,26,61,138,39,264,56,16,72,336
11/16/2003,SAV,GA,ASO,ES,Towers with Radar,27,62,70,18,177,0,5,64,0,69,27,67,134,18,246,44,0,44,290
11/17/2003,SAV,GA,ASO,ES,Towers with Radar,28,68,77,25,198,0,6,31,3,40,28,74,108,28,238,40,0,40,278
11/18/2003,SAV,GA,ASO,ES,Towers with Radar,34,59,86,28,207,0,0,33,19,52,34,59,119,47,259,16,6,22,281
11/19/2003,SAV,GA,ASO,ES,Towers with Radar,22,48,54,7,131,12,20,2,0,34,34,68,56,7,165,0,0,0,165
11/20/2003,SAV,GA,ASO,ES,Towers with Radar,35,83,94,20,232,0,9,83,0,92,35,92,177,20,324,58,20,78,402
11/21/2003,SAV,GA,ASO,ES,Towers with Radar,30,66,84,9,189,0,0,100,0,100,30,66,184,9,289,38,2,40,329
11/22/2003,SAV,GA,ASO,ES,Towers with Radar,24,55,62,8,149,3,12,91,0,106,27,67,153,8,255,86,0,86,341
11/23/2003,SAV,GA,ASO,ES,Towers with Radar,27,58,65,6,156,1,8,59,0,68,28,66,124,6,224,32,0,32,256
11/24/2003,SAV,GA,ASO,ES,Towers with Radar,28,64,72,6,170,0,4,39,0,43,28,68,111,6,213,36,0,36,249
11/25/2003,SAV,GA,ASO,ES,Towers with Radar,35,66,86,6,193,1,0,66,0,67,36,66,152,6,260,28,4,32,292
11/26/2003,SAV,GA,ASO,ES,Towers with Radar,35,79,114,0,228,0,0,58,0,58,35,79,172,0,286,26,0,26,312
11/27/2003,SAV,GA,ASO,ES,Towers with Radar,15,32,24,0,71,9,26,0,0,35,24,58,24,0,106,20,0,20,126
11/28/2003,SAV,GA,ASO,ES,Towers with Radar,18,42,47,0,107,8,19,11,0,38,26,61,58,0,145,4,0,4,149
11/29/2003,SAV,GA,ASO,ES,Towers with Radar,24,51,58,0,133,2,15,26,0,43,26,66,84,0,176,1,0,1,177
11/30/2003,SAV,GA,ASO,ES,Towers with Radar,27,71,107,1,206,0,0,58,0,58,27,71,165,1,264,60,0,60,324
12/01/2003,SAV,GA,ASO,ES,Towers with Radar,30,52,63,12,157,18,0,24,3,45,48,52,87,15,202,88,0,88,290
12/02/2003,SAV,GA,ASO,ES,Towers with Radar,36,65,77,14,192,0,0,43,10,53,36,65,120,24,245,50,4,54,299
12/03/2003,SAV,GA,ASO,ES,Towers with Radar,32,70,80,15,197,0,0,25,7,32,32,70,105,22,229,10,16,26,255
12/04/2003,SAV,GA,ASO,ES,Towers with Radar,30,66,66,12,174,0,6,34,2,42,30,72,100,14,216,0,0,0,216
12/05/2003,SAV,GA,ASO,ES,Towers with Radar,30,70,73,13,186,0,0,27,17,44,30,70,100,30,230,21,0,21,251
12/06/2003,SAV,GA,ASO,ES,Towers with Radar,23,48,48,9,128,3,11,57,10,81,26,59,105,19,209,64,2,66,275
12/07/2003,SAV,GA,ASO,ES,Towers with Radar,28,59,59,11,157,0,7,79,4,90,28,66,138,15,247,42,2,44,291
12/08/2003,SAV,GA,ASO,ES,Towers with Radar,26,55,63,12,156,0,0,52,10,62,26,55,115,22,218,59,0,59,277
12/09/2003,SAV,GA,ASO,ES,Towers with Radar,31,65,77,14,187,0,0,49,25,74,31,65,126,39,261,62,18,80,341
12/10/2003,SAV,GA,ASO,ES,Towers with Radar,33,64,70,13,180,0,0,15,3,18,33,64,85,16,198,8,2,10,208
12/11/2003,SAV,GA,ASO,ES,Towers with Radar,30,72,77,14,193,0,0,46,17,63,30,72,123,31,256,12,8,20,276
12/12/2003,SAV,GA,ASO,ES,Towers with Radar,32,63,73,13,181,0,0,76,2,78,32,63,149,15,259,52,0,52,311
12/13/2003,SAV,GA,ASO,ES,Towers with Radar,26,54,55,5,140,3,15,27,0,45,29,69,82,5,185,34,0,34,219
12/14/2003,SAV,GA,ASO,ES,Towers with Radar,17,39,39,4,99,12,21,4,0,37,29,60,43,4,136,3,0,3,139
12/15/2003,SAV,GA,ASO,ES,Towers with Radar,29,61,64,12,166,1,0,63,1,65,30,61,127,13,231,66,12,78,309
12/16/2003,SAV,GA,ASO,ES,Towers with Radar,34,60,86,16,196,0,0,61,7,68,34,60,147,23,264,26,21,47,311
12/17/2003,SAV,GA,ASO,ES,Towers with Radar,32,65,67,11,175,1,0,21,29,51,33,65,88,40,226,2,28,30,256
12/18/2003,SAV,GA,ASO,ES,Towers with Radar,31,77,89,15,212,0,0,59,13,72,31,77,148,28,284,32,0,32,316
12/19/2003,SAV,GA,ASO,ES,Towers with Radar,35,71,73,11,190,0,3,35,0,38,35,74,108,11,228,6,0,6,234
12/20/2003,SAV,GA,ASO,ES,Towers with Radar,25,59,61,5,150,0,15,56,0,71,25,74,117,5,221,20,0,20,241
12/21/2003,SAV,GA,ASO,ES,Towers with Radar,25,50,51,2,128,3,8,49,0,60,28,58,100,2,188,6,0,6,194
12/22/2003,SAV,GA,ASO,ES,Towers with Radar,30,60,62,6,158,4,0,41,0,45,34,60,103,6,203,28,0,28,231
12/23/2003,SAV,GA,ASO,ES,Towers with Radar,31,62,64,6,163,2,1,45,0,48,33,63,109,6,211,39,2,41,252
12/24/2003,SAV,GA,ASO,ES,Towers with Radar,21,41,43,0,105,11,17,11,0,39,32,58,54,0,144,14,0,14,158
12/25/2003,SAV,GA,ASO,ES,Towers with Radar,17,33,35,0,85,14,13,15,0,42,31,46,50,0,127,22,0,22,149
12/26/2003,SAV,GA,ASO,ES,Towers with Radar,32,63,74,1,170,0,0,54,0,54,32,63,128,1,224,60,0,60,284
12/27/2003,SAV,GA,ASO,ES,Towers with Radar,28,70,73,3,174,0,0,73,0,73,28,70,146,3,247,6,0,6,253
12/28/2003,SAV,GA,ASO,ES,Towers with Radar,28,68,71,1,168,0,0,28,0,28,28,68,99,1,196,9,0,9,205
12/29/2003,SAV,GA,ASO,ES,Towers with Radar,33,68,63,6,170,0,0,0,0,0,33,68,63,6,170,28,6,34,204
12/30/2003,SAV,GA,ASO,ES,Towers with Radar,32,69,69,5,175,0,10,10,0,20,32,79,79,5,195,68,0,68,263
12/31/2003,SAV,GA,ASO,ES,Towers with Radar,31,62,64,4,161,0,0,72,0,72,31,62,136,4,233,38,2,40,273
01/01/2004,SAV,GA,ASO,ES,Towers with Radar,20,47,47,0,114,6,5,28,0,39,26,52,75,0,153,28,0,28,181
01/02/2004,SAV,GA,ASO,ES,Towers with Radar,30,66,66,4,166,2,1,45,0,48,32,67,111,4,214,46,0,46,260
01/03/2004,SAV,GA,ASO,ES,Towers with Radar,32,73,96,0,201,0,0,57,0,57,32,73,153,0,258,16,0,16,274
01/04/2004,SAV,GA,ASO,ES,Towers with Radar,31,64,77,9,181,0,0,63,0,63,31,64,140,9,244,82,0,82,326
01/05/2004,SAV,GA,ASO,ES,Towers with Radar,24,70,71,15,180,0,13,26,0,39,24,83,97,15,219,26,0,26,245
01/06/2004,SAV,GA,ASO,ES,Towers with Radar,30,67,67,18,182,5,12,17,7,41,35,79,84,25,223,49,2,51,274
01/07/2004,SAV,GA,ASO,ES,Towers with Radar,30,67,67,8,172,2,5,60,0,67,32,72,127,8,239,114,0,114,353
01/08/2004,SAV,GA,ASO,ES,Towers with Radar,32,63,72,7,174,0,0,59,0,59,32,63,131,7,233,96,0,96,329
01/09/2004,SAV,GA,ASO,ES,Towers with Radar,29,64,65,5,163,2,11,17,0,30,31,75,82,5,193,0,0,0,193
01/10/2004,SAV,GA,ASO,ES,Towers with Radar,23,52,52,12,139,1,11,15,0,27,24,63,67,12,166,30,10,40,206
01/11/2004,SAV,GA,ASO,ES,Towers with Radar,29,68,69,7,173,0,4,94,0,98,29,72,163,7,271,54,0,54,325
01/12/2004,SAV,GA,ASO,ES,Towers with Radar,32,73,74,19,198,0,7,40,10,57,32,80,114,29,255,62,10,72,327
01/13/2004,SAV,GA,ASO,ES,Towers with Radar,31,70,70,18,189,6,3,97,1,107,37,73,167,19,296,24,6,30,326
01/14/2004,SAV,GA,ASO,ES,Towers with Radar,32,74,75,9,190,0,1,82,0,83,32,75,157,9,273,117,2,119,392
01/15/2004,SAV,GA,ASO,ES,Towers with Radar,31,62,71,18,182,6,0,65,1,72,37,62,136,19,254,96,45,141,395
01/16/2004,SAV,GA,ASO,ES,Towers with Radar,34,82,85,21,222,0,16,66,3,85,34,98,151,24,307,55,0,55,362
01/17/2004,SAV,GA,ASO,ES,Towers with Radar,20,61,64,15,160,0,5,61,1,67,20,66,125,16,227,38,6,44,271
01/18/2004,SAV,GA,ASO,ES,Towers with Radar,22,38,48,12,120,25,0,2,6,33,47,38,50,18,153,31,6,37,190
01/19/2004,SAV,GA,ASO,ES,Towers with Radar,27,66,68,17,178,0,0,21,17,38,27,66,89,34,216,121,22,143,359
01/20/2004,SAV,GA,ASO,ES,Towers with Radar,28,68,71,17,184,0,1,18,18,37,28,69,89,35,221,21,8,29,250
01/21/2004,SAV,GA,ASO,ES,Towers with Radar,35,77,83,20,215,0,0,60,32,92,35,77,143,52,307,83,10,93,400
01/22/2004,SAV,GA,ASO,ES,Towers with Radar,32,69,72,18,191,0,17,46,12,75,32,86,118,30,266,134,0,134,400
01/23/2004,SAV,GA,ASO,ES,Towers with Radar,32,74,79,19,204,0,0,63,17,80,32,74,142,36,284,112,4,116,400
01/24/2004,SAV,GA,ASO,ES,Towers with Radar,25,56,58,10,149,0,4,57,0,61,25,60,115,10,210,42,0,42,252
01/25/2004,SAV,GA,ASO,ES,Towers with Radar,24,50,52,8,134,7,12,8,0,27,31,62,60,8,161,0,0,0,161
01/26/2004,SAV,GA,ASO,ES,Towers with Radar,21,45,47,11,124,13,13,7,12,45,34,58,54,23,169,30,0,30,199
01/27/2004,SAV,GA,ASO,ES,Towers with Radar,25,53,55,13,146,9,16,11,13,49,34,69,66,26,195,0,0,0,195
01/28/2004,SAV,GA,ASO,ES,Towers with Radar,30,69,90,22,211,0,0,50,18,68,30,69,140,40,279,95,16,111,390
01/29/2004,SAV,GA,ASO,ES,Towers with Radar,33,56,88,22,199,0,0,59,41,100,33,56,147,63,299,66,30,96,395
01/30/2004,SAV,GA,ASO,ES,Towers with Radar,33,63,80,20,196,0,0,28,19,47,33,63,108,39,243,20,14,34,277
01/31/2004,SAV,GA,ASO,ES,Towers with Radar,24,61,66,16,167,0,0,78,3,81,24,61,144,19,248,65,2,67,315
02/01/2004,SAV,GA,ASO,ES,Towers with Radar,21,55,52,2,130,5,14,6,0,25,26,69,58,2,155,26,0,26,181
02/02/2004,SAV,GA,ASO,ES,Towers with Radar,25,66,62,18,171,10,17,0,12,39,35,83,62,30,210,18,0,18,228
02/03/2004,SAV,GA,ASO,ES,Towers with Radar,27,66,67,19,179,2,0,22,11,35,29,66,89,30,214,34,10,44,258
02/04/2004,SAV,GA,ASO,ES,Towers with Radar,33,76,81,23,213,2,0,85,14,101,35,76,166,37,314,72,19,91,405
02/05/2004,SAV,GA,ASO,ES,Towers with Radar,30,59,85,24,198,0,0,17,8,25,30,59,102,32,223,8,23,31,254
02/06/2004,SAV,GA,ASO,ES,Towers with Radar,26,67,53,12,158,5,19,0,0,24,31,86,53,12,182,2,0,2,184
02/07/2004,SAV,GA,ASO,ES,Towers with Radar,20,53,50,5,128,7,12,30,0,49,27,65,80,5,177,16,0,16,193
02/08/2004,SAV,GA,ASO,ES,Towers with Radar,27,71,66,12,176,4,7,95,0,106,31,78,161,12,282,12,0,12,294
02/09/2004,SAV,GA,ASO,ES,Towers with Radar,31,70,77,22,200,0,0,43,6,49,31,70,120,28,249,102,8,110,359
02/10/2004,SAV,GA,ASO,ES,Towers with Radar,31,70,76,22,199,1,0,20,28,49,32,70,96,50,248,94,0,94,342
02/11/2004,SAV,GA,ASO,ES,Towers with Radar,30,84,85,24,223,0,0,34,27,61,30,84,119,51,284,44,2,46,330
02/12/2004,SAV,GA,ASO,ES,Towers with Radar,32,83,79,22,216,0,7,7,21,35,32,90,86,43,251,14,0,14,265
02/13/2004,SAV,GA,ASO,ES,Towers with Radar,31,84,120,34,269,0,0,54,14,68,31,84,174,48,337,63,0,63,400
02/14/2004,SAV,GA,ASO,ES,Towers with Radar,24,62,39,13,138,4,18,0,0,22,28,80,39,13,160,5,0,5,165
02/15/2004,SAV,GA,ASO,ES,Towers with Radar,26,64,62,6,158,2,12,3,0,17,28,76,65,6,175,0,0,0,175
02/16/2004,SAV,GA,ASO,ES,Towers with Radar,37,77,89,5,208,0,0,28,0,28,37,77,117,5,236,54,6,60,296
02/17/2004,SAV,GA,ASO,ES,Towers with Radar,29,74,63,19,185,0,5,0,18,23,29,79,63,37,208,0,0,0,208
02/18/2004,SAV,GA,ASO,ES,Towers with Radar,29,82,80,21,212,0,7,48,13,68,29,89,128,34,280,62,0,62,342
02/19/2004,SAV,GA,ASO,ES,Towers with Radar,30,87,85,23,225,0,0,113,21,134,30,87,198,44,359,108,8,116,475
02/20/2004,SAV,GA,ASO,ES,Towers with Radar,32,78,89,24,223,0,0,83,1,84,32,78,172,25,307,20,2,22,329
02/21/2004,SAV,GA,ASO,ES,Towers with Radar,23,57,55,6,141,1,22,50,0,73,24,79,105,6,214,16,0,16,230
02/22/2004,SAV,GA,ASO,ES,Towers with Radar,27,75,76,2,180,0,0,110,0,110,27,75,186,2,290,66,0,66,356
02/23/2004,SAV,GA,ASO,ES,Towers with Radar,29,62,97,7,195,0,0,5,0,5,29,62,102,7,200,20,0,20,220
02/24/2004,SAV,GA,ASO,ES,Towers with Radar,24,60,58,4,146,13,15,5,0,33,37,75,63,4,179,0,0,0,179
02/25/2004,SAV,GA,ASO,ES,Towers with Radar,26,65,63,11,165,3,33,1,0,37,29,98,64,11,202,4,0,4,206
02/26/2004,SAV,GA,ASO,ES,Towers with Radar,23,57,56,5,141,4,9,21,0,34,27,66,77,5,175,4,0,4,179
02/27/2004,SAV,GA,ASO,ES,Towers with Radar,29,76,80,22,207,0,0,29,4,33,29,76,109,26,240,0,0,0,240
02/28/2004,SAV,GA,ASO,ES,Towers with Radar,24,70,66,11,171,0,6,65,0,71,24,76,131,11,242,104,0,104,346
02/29/2004,SAV,GA,ASO,ES,Towers with Radar,27,70,66,18,181,1,5,62,0,68,28,75,128,18,249,86,0,86,335
03/01/2004,SAV,GA,ASO,ES,Towers with Radar,27,75,71,17,190,5,7,26,8,46,32,82,97,25,236,30,10,40,276
03/02/2004,SAV,GA,ASO,ES,Towers with Radar,26,73,69,17,185,6,7,63,1,77,32,80,132,18,262,8,6,14,276
03/03/2004,SAV,GA,ASO,ES,Towers with Radar,28,78,74,18,198,4,2,96,4,106,32,80,170,22,304,48,0,48,352
03/04/2004,SAV,GA,ASO,ES,Towers with Radar,30,78,79,19,206,2,0,45,1,48,32,78,124,20,254,67,5,72,326
03/05/2004,SAV,GA,ASO,ES,Towers with Radar,32,82,86,21,221,2,0,39,8,49,34,82,125,29,270,74,0,74,344
03/06/2004,SAV,GA,ASO,ES,Towers with Radar,21,60,56,12,149,4,34,0,0,38,25,94,56,12,187,22,0,22,209
03/07/2004,SAV,GA,ASO,ES,Towers with Radar,27,72,72,4,175,6,0,56,0,62,33,72,128,4,237,26,0,26,263
03/08/2004,SAV,GA,ASO,ES,Towers with Radar,27,71,73,18,189,3,0,35,39,77,30,71,108,57,266,16,0,16,282
03/09/2004,SAV,GA,ASO,ES,Towers with Radar,28,78,74,17,197,5,3,46,28,82,33,81,120,45,279,44,7,51,330
03/10/2004,SAV,GA,ASO,ES,Towers with Radar,32,92,88,20,232,0,1,49,19,69,32,93,137,39,301,16,2,18,319
03/11/2004,SAV,GA,ASO,ES,Towers with Radar,35,90,94,22,241,0,0,75,15,90,35,90,169,37,331,12,4,16,347
03/12/2004,SAV,GA,ASO,ES,Towers with Radar,32,93,99,23,247,0,0,61,31,92,32,93,160,54,339,69,6,75,414
03/13/2004,SAV,GA,ASO,ES,Towers with Radar,23,77,74,17,191,0,9,58,12,79,23,86,132,29,270,24,2,26,296
03/14/2004,SAV,GA,ASO,ES,Towers with Radar,28,84,82,19,213,0,2,57,7,66,28,86,139,26,279,12,2,14,293
03/15/2004,SAV,GA,ASO,ES,Towers with Radar,28,77,75,17,197,0,16,48,5,69,28,93,123,22,266,26,2,28,294
03/16/2004,SAV,GA,ASO,ES,Towers with Radar,31,84,72,19,206,2,6,0,15,23,33,90,72,34,229,35,12,47,276
03/17/2004,SAV,GA,ASO,ES,Towers with Radar,33,87,85,19,224,1,6,50,3,60,34,93,135,22,284,24,0,24,308
03/18/2004,SAV,GA,ASO,ES,Towers with Radar,36,96,94,20,246,0,6,90,0,96,36,102,184,20,342,26,1,27,369
03/19/2004,SAV,GA,ASO,ES,Towers with Radar,32,95,94,21,242,0,0,55,12,67,32,95,149,33,309,60,4,64,373
03/20/2004,SAV,GA,ASO,ES,Towers with Radar,25,77,75,6,183,0,24,59,0,83,25,101,134,6,266,58,0,58,324
03/21/2004,SAV,GA,ASO,ES,Towers with Radar,28,81,79,4,192,0,8,34,0,42,28,89,113,4,234,12,0,12,246
03/22/2004,SAV,GA,ASO,ES,Towers with Radar,29,80,78,7,194,5,2,59,0,66,34,82,137,7,260,40,0,40,300
03/23/2004,SAV,GA,ASO,ES,Towers with Radar,31,58,87,17,193,0,0,84,0,84,31,58,171,17,277,28,0,28,305
03/24/2004,SAV,GA,ASO,ES,Towers with Radar,32,86,85,16,219,0,0,48,0,48,32,86,133,16,267,64,8,72,339
03/25/2004,SAV,GA,ASO,ES,Towers with Radar,34,93,91,5,223,0,11,63,0,74,34,104,154,5,297,38,0,38,335
03/26/2004,SAV,GA,ASO,ES,Towers with Radar,31,91,93,18,233,0,0,66,0,66,31,91,159,18,299,56,0,56,355
03/27/2004,SAV,GA,ASO,ES,Towers with Radar,25,67,66,13,171,0,20,50,0,70,25,87,116,13,241,126,4,130,371
03/28/2004,SAV,GA,ASO,ES,Towers with Radar,26,84,84,19,213,0,0,93,20,113,26,84,177,39,326,88,2,90,416
03/29/2004,SAV,GA,ASO,ES,Towers with Radar,28,80,79,18,205,0,0,42,5,47,28,80,121,23,252,58,2,60,312
03/30/2004,SAV,GA,ASO,ES,Towers with Radar,32,77,86,14,209,0,0,0,0,0,32,77,86,14,209,22,4,26,235
03/31/2004,SAV,GA,ASO,ES,Towers with Radar,32,75,90,10,207,0,0,67,0,67,32,75,157,10,274,56,4,60,334
04/01/2004,SAV,GA,ASO,ES,Towers with Radar,26,78,70,12,186,7,0,67,4,78,33,78,137,16,264,61,1,62,326
04/02/2004,SAV,GA,ASO,ES,Towers with Radar,29,84,76,13,202,2,10,27,19,58,31,94,103,32,260,8,46,54,314
04/03/2004,SAV,GA,ASO,ES,Towers with Radar,27,78,70,12,187,1,17,50,6,74,28,95,120,18,261,50,2,52,313
04/04/2004,SAV,GA,ASO,ES,Towers with Radar,27,77,70,12,186,1,15,80,1,97,28,92,150,13,283,50,0,50,333
04/05/2004,SAV,GA,ASO,ES,Towers with Radar,30,72,77,8,187,4,0,51,0,55,34,72,128,8,242,16,0,16,258
04/06/2004,SAV,GA,ASO,ES,Towers with Radar,28,70,74,8,180,4,0,61,0,65,32,70,135,8,245,65,40,105,350
04/07/2004,SAV,GA,ASO,ES,Towers with Radar,34,91,93,15,233,0,0,69,2,71,34,91,162,17,304,64,0,64,368
04/08/2004,SAV,GA,ASO,ES,Towers with Radar,31,88,81,7,207,0,9,37,0,46,31,97,118,7,253,10,0,10,263
04/09/2004,SAV,GA,ASO,ES,Towers with Radar,33,91,104,17,245,0,0,70,1,71,33,91,174,18,316,92,0,92,408
04/10/2004,SAV,GA,ASO,ES,Towers with Radar,30,85,79,3,197,0,3,56,0,59,30,88,135,3,256,97,0,97,353
04/11/2004,SAV,GA,ASO,ES,Towers with Radar,29,82,76,3,190,1,1,40,0,42,30,83,116,3,232,32,0,32,264
04/12/2004,SAV,GA,ASO,ES,Towers with Radar,29,84,78,6,197,2,0,10,0,12,31,84,88,6,209,6,0,6,215
04/13/2004,SAV,GA,ASO,ES,Towers with Radar,31,86,79,13,209,1,19,21,1,42,32,105,100,14,251,14,4,18,269
04/14/2004,SAV,GA,ASO,ES,Towers with Radar,32,93,103,9,237,0,0,30,0,30,32,93,133,9,267,30,0,30,297
04/15/2004,SAV,GA,ASO,ES,Towers with Radar,38,87,116,11,252,0,0,68,0,68,38,87,184,11,320,48,0,48,368
04/16/2004,SAV,GA,ASO,ES,Towers with Radar,32,89,103,16,240,0,0,83,3,86,32,89,186,19,326,70,0,70,396
04/17/2004,SAV,GA,ASO,ES,Towers with Radar,33,92,85,13,223,1,11,45,10,67,34,103,130,23,290,6,0,6,296
04/18/2004,SAV,GA,ASO,ES,Towers with Radar,35,101,119,18,273,0,0,37,6,43,35,101,156,24,316,16,0,16,332
04/19/2004,SAV,GA,ASO,ES,Towers with Radar,28,93,86,13,220,0,0,62,10,72,28,93,148,23,292,22,6,28,320
04/20/2004,SAV,GA,ASO,ES,Towers with Radar,32,75,82,13,202,3,0,96,0,99,35,75,178,13,301,42,6,48,349
04/21/2004,SAV,GA,ASO,ES,Towers with Radar,33,92,83,13,221,1,3,58,2,64,34,95,141,15,285,58,10,68,353
04/22/2004,SAV,GA,ASO,ES,Towers with Radar,33,91,82,13,219,0,18,95,20,133,33,109,177,33,352,52,10,62,414
04/23/2004,SAV,GA,ASO,ES,Towers with Radar,29,83,75,12,199,2,1,91,9,103,31,84,166,21,302,59,6,65,367
04/24/2004,SAV,GA,ASO,ES,Towers with Radar,23,67,60,9,159,10,28,45,0,83,33,95,105,9,242,30,2,32,274
04/25/2004,SAV,GA,ASO,ES,Towers with Radar,29,83,74,11,197,0,31,52,3,86,29,114,126,14,283,79,2,81,364
04/26/2004,SAV,GA,ASO,ES,Towers with Radar,29,80,72,11,192,0,9,19,15,43,29,89,91,26,235,34,0,34,269
04/27/2004,SAV,GA,ASO,ES,Towers with Radar,29,84,75,12,200,4,8,25,31,68,33,92,100,43,268,54,2,56,324
04/28/2004,SAV,GA,ASO,ES,Towers with Radar,27,78,70,9,184,4,17,55,0,76,31,95,125,9,260,23,0,23,283
04/29/2004,SAV,GA,ASO,ES,Towers with Radar,34,93,86,13,226,2,0,65,11,78,36,93,151,24,304,72,0,72,376
04/30/2004,SAV,GA,ASO,ES,Towers with Radar,31,91,82,13,217,0,13,29,6,48,31,104,111,19,265,24,0,24,289
05/01/2004,SAV,GA,ASO,ES,Towers with Radar,26,71,44,10,151,2,26,0,27,55,28,97,44,37,206,0,10,10,216
05/02/2004,SAV,GA,ASO,ES,Towers with Radar,30,81,73,10,194,1,13,19,0,33,31,94,92,10,227,0,0,0,227
05/03/2004,SAV,GA,ASO,ES,Towers with Radar,29,78,71,11,189,11,0,20,1,32,40,78,91,12,221,4,2,6,227
05/04/2004,SAV,GA,ASO,ES,Towers with Radar,32,78,80,13,203,0,0,87,17,104,32,78,167,30,307,53,18,71,378
05/05/2004,SAV,GA,ASO,ES,Towers with Radar,30,98,90,14,232,0,0,70,0,70,30,98,160,14,302,75,6,81,383
05/06/2004,SAV,GA,ASO,ES,Towers with Radar,32,99,93,15,239,0,0,128,12,140,32,99,221,27,379,85,0,85,464
05/07/2004,SAV,GA,ASO,ES,Towers with Radar,32,87,87,14,220,0,0,91,0,91,32,87,178,14,311,31,8,39,350
05/08/2004,SAV,GA,ASO,ES,Towers with Radar,25,69,62,10,166,0,24,61,4,89,25,93,123,14,255,69,12,81,336
05/09/2004,SAV,GA,ASO,ES,Towers with Radar,27,69,67,6,169,6,0,61,0,67,33,69,128,6,236,83,2,85,321
05/10/2004,SAV,GA,ASO,ES,Towers with Radar,33,71,86,14,204,0,0,43,8,51,33,71,129,22,255,69,0,69,324
05/11/2004,SAV,GA,ASO,ES,Towers with Radar,31,91,82,13,217,0,2,25,7,34,31,93,107,20,251,44,4,48,299
05/12/2004,SAV,GA,ASO,ES,Towers with Radar,29,90,82,3,204,0,5,43,0,48,29,95,125,3,252,32,2,34,286
05/13/2004,SAV,GA,ASO,ES,Towers with Radar,35,83,91,8,217,0,0,63,0,63,35,83,154,8,280,91,0,91,371
05/14/2004,SAV,GA,ASO,ES,Towers with Radar,33,81,92,14,220,0,0,59,2,61,33,81,151,16,281,62,22,84,365
05/15/2004,SAV,GA,ASO,ES,Towers with Radar,26,67,61,5,159,3,19,39,0,61,29,86,100,5,220,96,9,105,325
05/16/2004,SAV,GA,ASO,ES,Towers with Radar,33,86,79,5,203,1,1,30,0,32,34,87,109,5,235,22,0,22,257
05/17/2004,SAV,GA,ASO,ES,Towers with Radar,32,84,77,11,204,1,0,38,1,40,33,84,115,12,244,26,2,28,272
05/18/2004,SAV,GA,ASO,ES,Towers with Radar,29,74,71,10,184,1,0,56,0,57,30,74,127,10,241,42,0,42,283
05/19/2004,SAV,GA,ASO,ES,Towers with Radar,32,85,78,11,206,2,6,53,5,66,34,91,131,16,272,62,12,74,346
05/20/2004,SAV,GA,ASO,ES,Towers with Radar,33,90,86,12,221,0,0,51,4,55,33,90,137,16,276,36,0,36,312
05/21/2004,SAV,GA,ASO,ES,Towers with Radar,32,92,85,12,221,0,0,59,7,66,32,92,144,19,287,88,0,88,375
05/22/2004,SAV,GA,ASO,ES,Towers with Radar,25,66,61,8,160,1,23,42,0,66,26,89,103,8,226,74,2,76,302
05/23/2004,SAV,GA,ASO,ES,Towers with Radar,28,77,71,10,186,0,0,32,10,42,28,77,103,20,228,76,0,76,304
05/24/2004,SAV,GA,ASO,ES,Towers with Radar,29,74,69,8,180,7,0,52,0,59,36,74,121,8,239,0,0,0,239
05/25/2004,SAV,GA,ASO,ES,Towers with Radar,28,74,68,10,180,2,14,40,1,57,30,88,108,11,237,48,8,56,293
05/26/2004,SAV,GA,ASO,ES,Towers with Radar,31,82,74,7,194,1,6,60,0,67,32,88,134,7,261,40,4,44,305
05/27/2004,SAV,GA,ASO,ES,Towers with Radar,35,78,86,12,211,4,0,103,0,107,39,78,189,12,318,44,2,46,364
05/28/2004,SAV,GA,ASO,ES,Towers with Radar,32,98,98,12,240,0,0,77,0,77,32,98,175,12,317,58,12,70,387
05/29/2004,SAV,GA,ASO,ES,Towers with Radar,26,74,66,7,173,0,19,42,0,61,26,93,108,7,234,22,0,22,256
05/30/2004,SAV,GA,ASO,ES,Towers with Radar,22,58,52,5,137,12,4,45,0,61,34,62,97,5,198,18,0,18,216
05/31/2004,SAV,GA,ASO,ES,Towers with Radar,28,81,72,9,190,0,1,16,0,17,28,82,88,9,207,8,0,8,215
06/01/2004,SAV,GA,ASO,ES,Towers with Radar,27,83,65,9,184,0,0,52,13,65,27,83,117,22,249,46,18,64,313
06/02/2004,SAV,GA,ASO,ES,Towers with Radar,30,82,60,9,181,4,1,69,25,99,34,83,129,34,280,26,4,30,310
06/03/2004,SAV,GA,ASO,ES,Towers with Radar,32,87,64,9,192,4,1,56,34,95,36,88,120,43,287,46,6,52,339
06/04/2004,SAV,GA,ASO,ES,Towers with Radar,33,79,68,10,190,0,0,49,42,91,33,79,117,52,281,45,12,57,338
06/05/2004,SAV,GA,ASO,ES,Towers with Radar,25,73,54,8,160,0,18,67,47,132,25,91,121,55,292,48,18,66,358
06/06/2004,SAV,GA,ASO,ES,Towers with Radar,25,79,58,8,170,0,1,29,45,75,25,80,87,53,245,28,27,55,300
06/07/2004,SAV,GA,ASO,ES,Towers with Radar,25,68,50,7,150,9,8,15,12,44,34,76,65,19,194,2,8,10,204
06/08/2004,SAV,GA,ASO,ES,Towers with Radar,22,61,4,6,93,6,9,0,3,18,28,70,4,9,111,0,0,0,111
06/09/2004,SAV,GA,ASO,ES,Towers with Radar,24,61,2,7,94,7,4,0,2,13,31,65,2,9,107,0,0,0,107
06/10/2004,SAV,GA,ASO,ES,Towers with Radar,25,57,0,2,84,12,0,0,0,12,37,57,0,2,96,0,0,0,96
06/11/2004,SAV,GA,ASO,ES,Towers with Radar,31,73,60,8,172,1,0,2,11,14,32,73,62,19,186,0,6,6,192
06/12/2004,SAV,GA,ASO,ES,Towers with Radar,26,67,50,5,148,1,25,32,0,58,27,92,82,5,206,26,0,26,232
06/13/2004,SAV,GA,ASO,ES,Towers with Radar,23,63,33,5,124,0,8,0,0,8,23,71,33,5,132,0,0,0,132
06/14/2004,SAV,GA,ASO,ES,Towers with Radar,31,75,60,3,169,3,0,34,0,37,34,75,94,3,206,6,0,6,212
06/15/2004,SAV,GA,ASO,ES,Towers with Radar,31,68,60,6,165,5,0,33,0,38,36,68,93,6,203,70,0,70,273
06/16/2004,SAV,GA,ASO,ES,Towers with Radar,31,86,65,8,190,0,0,37,5,42,31,86,102,13,232,46,4,50,282
06/17/2004,SAV,GA,ASO,ES,Towers with Radar,35,96,73,9,213,0,4,57,4,65,35,100,130,13,278,72,4,76,354
06/18/2004,SAV,GA,ASO,ES,Towers with Radar,32,96,77,10,215,0,0,56,10,66,32,96,133,20,281,14,1,15,296
06/19/2004,SAV,GA,ASO,ES,Towers with Radar,27,80,60,6,173,0,23,33,0,56,27,103,93,6,229,97,12,109,338
06/20/2004,SAV,GA,ASO,ES,Towers with Radar,27,75,59,7,168,0,0,48,0,48,27,75,107,7,216,44,4,48,264
06/21/2004,SAV,GA,ASO,ES,Towers with Radar,27,74,57,3,161,0,12,22,0,34,27,86,79,3,195,8,0,8,203
06/22/2004,SAV,GA,ASO,ES,Towers with Radar,30,84,64,8,186,0,0,53,5,58,30,84,117,13,244,16,14,30,274
06/23/2004,SAV,GA,ASO,ES,Towers with Radar,31,87,66,8,192,0,9,54,2,65,31,96,120,10,257,22,0,22,279
06/24/2004,SAV,GA,ASO,ES,Towers with Radar,32,78,73,9,192,0,0,44,6,50,32,78,117,15,242,34,0,34,276
06/25/2004,SAV,GA,ASO,ES,Towers with Radar,31,77,72,7,187,0,0,31,0,31,31,77,103,7,218,46,0,46,264
06/26/2004,SAV,GA,ASO,ES,Towers with Radar,27,86,65,8,186,0,11,42,9,62,27,97,107,17,248,76,0,76,324
06/27/2004,SAV,GA,ASO,ES,Towers with Radar,27,90,68,8,193,0,1,46,13,60,27,91,114,21,253,38,0,38,291
06/28/2004,SAV,GA,ASO,ES,Towers with Radar,31,81,62,8,182,0,0,39,13,52,31,81,101,21,234,36,18,54,288
06/29/2004,SAV,GA,ASO,ES,Towers with Radar,27,70,53,2,152,13,0,49,0,62,40,70,102,2,214,22,0,22,236
06/30/2004,SAV,GA,ASO,ES,Towers with Radar,32,82,63,8,185,0,0,48,9,57,32,82,111,17,242,14,0,14,256
07/01/2004,SAV,GA,ASO,ES,Towers with Radar,36,76,69,4,185,0,0,32,0,32,36,76,101,4,217,20,0,20,237
07/02/2004,SAV,GA,ASO,ES,Towers with Radar,41,85,80,4,210,0,0,12,0,12,41,85,92,4,222,55,0,55,277
07/03/2004,SAV,GA,ASO,ES,Towers with Radar,31,66,54,0,151,2,24,3,0,29,33,90,57,0,180,98,0,98,278
07/04/2004,SAV,GA,ASO,ES,Towers with Radar,22,49,40,0,111,11,21,16,0,48,33,70,56,0,159,12,0,12,171
07/05/2004,SAV,GA,ASO,ES,Towers with Radar,35,61,60,8,164,4,0,46,1,51,39,61,106,9,215,68,8,76,291
07/06/2004,SAV,GA,ASO,ES,Towers with Radar,35,73,60,8,176,4,16,36,4,60,39,89,96,12,236,58,3,61,297
07/07/2004,SAV,GA,ASO,ES,Towers with Radar,37,78,63,8,186,0,7,69,0,76,37,85,132,8,262,102,8,110,372
07/08/2004,SAV,GA,ASO,ES,Towers with Radar,36,76,62,9,183,0,10,82,2,94,36,86,144,11,277,21,8,29,306
07/09/2004,SAV,GA,ASO,ES,Towers with Radar,38,80,72,10,200,0,0,36,3,39,38,80,108,13,239,62,0,62,301
07/10/2004,SAV,GA,ASO,ES,Towers with Radar,33,74,60,5,172,0,10,33,0,43,33,84,93,5,215,103,0,103,318
07/11/2004,SAV,GA,ASO,ES,Towers with Radar,36,72,62,9,179,5,0,45,9,59,41,72,107,18,238,63,4,67,305
07/12/2004,SAV,GA,ASO,ES,Towers with Radar,36,66,63,9,174,0,0,63,2,65,36,66,126,11,239,27,0,27,266
07/13/2004,SAV,GA,ASO,ES,Towers with Radar,33,68,56,8,165,5,0,54,1,60,38,68,110,9,225,22,2,24,249
07/14/2004,SAV,GA,ASO,ES,Towers with Radar,36,72,69,7,184,0,0,71,0,71,36,72,140,7,255,52,2,54,309
07/15/2004,SAV,GA,ASO,ES,Towers with Radar,32,65,54,4,155,7,12,45,0,64,39,77,99,4,219,16,0,16,235
07/16/2004,SAV,GA,ASO,ES,Towers with Radar,38,76,72,9,195,0,0,91,11,102,38,76,163,20,297,38,2,40,337
07/17/2004,SAV,GA,ASO,ES,Towers with Radar,31,63,54,6,154,1,19,21,14,55,32,82,75,20,209,79,0,79,288
07/18/2004,SAV,GA,ASO,ES,Towers with Radar,34,70,59,7,170,0,11,2,0,13,34,81,61,7,183,26,0,26,209
07/19/2004,SAV,GA,ASO,ES,Towers with Radar,40,65,83,9,197,0,0,13,0,13,40,65,96,9,210,10,1,11,221
07/20/2004,SAV,GA,ASO,ES,Towers with Radar,37,79,69,8,193,0,0,54,1,55,37,79,123,9,248,44,0,44,292
07/21/2004,SAV,GA,ASO,ES,Towers with Radar,37,72,75,9,193,0,0,63,7,70,37,72,138,16,263,84,0,84,347
07/22/2004,SAV,GA,ASO,ES,Towers with Radar,38,81,77,9,205,0,0,48,17,65,38,81,125,26,270,14,2,16,286
07/23/2004,SAV,GA,ASO,ES,Towers with Radar,38,73,64,8,183,0,0,41,7,48,38,73,105,15,231,32,6,38,269
07/24/2004,SAV,GA,ASO,ES,Towers with Radar,30,67,57,5,159,0,17,18,0,35,30,84,75,5,194,6,0,6,200
07/25/2004,SAV,GA,ASO,ES,Towers with Radar,33,67,56,2,158,5,0,14,0,19,38,67,70,2,177,5,1,6,183
07/26/2004,SAV,GA,ASO,ES,Towers with Radar,33,67,56,4,160,6,6,35,0,47,39,73,91,4,207,22,0,22,229
07/27/2004,SAV,GA,ASO,ES,Towers with Radar,33,67,57,7,164,7,10,26,1,44,40,77,83,8,208,88,0,88,296
07/28/2004,SAV,GA,ASO,ES,Towers with Radar,35,64,60,7,166,6,0,41,1,48,41,64,101,8,214,38,0,38,252
07/29/2004,SAV,GA,ASO,ES,Towers with Radar,37,75,63,6,181,0,0,17,0,17,37,75,80,6,198,22,0,22,220
07/30/2004,SAV,GA,ASO,ES,Towers with Radar,37,76,71,9,193,0,0,44,3,47,37,76,115,12,240,30,5,35,275
07/31/2004,SAV,GA,ASO,ES,Towers with Radar,34,71,58,7,170,0,23,14,15,52,34,94,72,22,222,44,4,48,270
08/01/2004,SAV,GA,ASO,ES,Towers with Radar,30,77,59,5,171,0,0,2,0,2,30,77,61,5,173,4,0,4,177
08/02/2004,SAV,GA,ASO,ES,Towers with Radar,30,37,52,12,131,47,0,9,2,58,77,37,61,14,189,2,6,8,197
08/03/2004,SAV,GA,ASO,ES,Towers with Radar,39,95,76,17,227,0,0,36,7,43,39,95,112,24,270,28,46,74,344
08/04/2004,SAV,GA,ASO,ES,Towers with Radar,36,81,67,16,200,0,0,54,12,66,36,81,121,28,266,94,16,110,376
08/05/2004,SAV,GA,ASO,ES,Towers with Radar,38,105,76,17,236,0,3,48,15,66,38,108,124,32,302,20,4,24,326
08/06/2004,SAV,GA,ASO,ES,Towers with Radar,38,94,82,19,233,0,0,55,9,64,38,94,137,28,297,42,4,46,343
08/07/2004,SAV,GA,ASO,ES,Towers with Radar,34,79,57,5,175,0,30,59,0,89,34,109,116,5,264,51,0,51,315
08/08/2004,SAV,GA,ASO,ES,Towers with Radar,34,86,63,15,198,0,0,68,0,68,34,86,131,15,266,86,8,94,360
08/09/2004,SAV,GA,ASO,ES,Towers with Radar,37,75,68,16,196,0,0,14,20,34,37,75,82,36,230,25,14,39,269
08/10/2004,SAV,GA,ASO,ES,Towers with Radar,35,82,71,16,204,0,0,23,9,32,35,82,94,25,236,78,10,88,324
08/11/2004,SAV,GA,ASO,ES,Towers with Radar,37,84,63,15,199,0,0,7,0,7,37,84,70,15,206,10,0,10,216
08/12/2004,SAV,GA,ASO,ES,Towers with Radar,33,79,57,13,182,4,0,13,2,19,37,79,70,15,201,68,0,68,269
08/13/2004,SAV,GA,ASO,ES,Towers with Radar,28,67,48,5,148,9,18,13,0,40,37,85,61,5,188,0,0,0,188
08/14/2004,SAV,GA,ASO,ES,Towers with Radar,19,47,34,6,106,13,33,3,0,49,32,80,37,6,155,20,2,22,177
08/15/2004,SAV,GA,ASO,ES,Towers with Radar,28,63,44,1,136,4,19,0,0,23,32,82,44,1,159,38,0,38,197
08/16/2004,SAV,GA,ASO,ES,Towers with Radar,35,75,59,12,181,0,0,42,0,42,35,75,101,12,223,2,0,2,225
08/17/2004,SAV,GA,ASO,ES,Towers with Radar,37,89,66,3,195,0,0,40,0,40,37,89,106,3,235,72,2,74,309
08/18/2004,SAV,GA,ASO,ES,Towers with Radar,37,89,65,4,195,0,0,45,0,45,37,89,110,4,240,56,0,56,296
08/19/2004,SAV,GA,ASO,ES,Towers with Radar,39,91,70,15,215,0,0,42,0,42,39,91,112,15,257,84,8,92,349
08/20/2004,SAV,GA,ASO,ES,Towers with Radar,37,99,74,6,216,0,0,66,0,66,37,99,140,6,282,30,0,30,312
08/21/2004,SAV,GA,ASO,ES,Towers with Radar,32,72,53,6,163,1,34,38,0,73,33,106,91,6,236,101,24,125,361
08/22/2004,SAV,GA,ASO,ES,Towers with Radar,36,77,67,8,188,0,0,22,0,22,36,77,89,8,210,12,4,16,226
08/23/2004,SAV,GA,ASO,ES,Towers with Radar,32,76,57,11,176,0,0,16,0,16,32,76,73,11,192,6,0,6,198
08/24/2004,SAV,GA,ASO,ES,Towers with Radar,36,91,68,15,210,0,0,44,5,49,36,91,112,20,259,26,0,26,285
08/25/2004,SAV,GA,ASO,ES,Towers with Radar,38,92,76,16,222,0,0,31,23,54,38,92,107,39,276,62,10,72,348
08/26/2004,SAV,GA,ASO,ES,Towers with Radar,38,91,67,11,207,0,11,18,0,29,38,102,85,11,236,8,6,14,250
08/27/2004,SAV,GA,ASO,ES,Towers with Radar,38,93,77,16,224,0,0,16,3,19,38,93,93,19,243,22,0,22,265
08/28/2004,SAV,GA,ASO,ES,Towers with Radar,32,72,53,10,167,1,23,9,0,33,33,95,62,10,200,31,15,46,246
08/29/2004,SAV,GA,ASO,ES,Towers with Radar,33,75,55,12,175,5,10,24,20,59,38,85,79,32,234,39,0,39,273
08/30/2004,SAV,GA,ASO,ES,Towers with Radar,29,68,51,11,159,3,9,22,3,37,32,77,73,14,196,6,0,6,202
08/31/2004,SAV,GA,ASO,ES,Towers with Radar,40,88,67,14,209,1,0,54,0,55,41,88,121,14,264,8,0,8,272
09/01/2004,SAV,GA,ASO,ES,Towers with Radar,39,90,72,9,210,0,0,26,4,30,39,90,98,13,240,36,0,36,276
09/02/2004,SAV,GA,ASO,ES,Towers with Radar,37,97,86,10,230,0,0,40,0,40,37,97,126,10,270,0,0,0,270
09/03/2004,SAV,GA,ASO,ES,Towers with Radar,39,93,62,8,202,0,0,62,2,64,39,93,124,10,266,39,0,39,305
09/04/2004,SAV,GA,ASO,ES,Towers with Radar,24,59,28,1,112,11,30,0,0,41,35,89,28,1,153,0,0,0,153
09/05/2004,SAV,GA,ASO,ES,Towers with Radar,19,48,24,1,92,16,27,0,0,43,35,75,24,1,135,0,0,0,135
09/06/2004,SAV,GA,ASO,ES,Towers with Radar,19,48,22,1,90,12,31,0,0,43,31,79,22,1,133,0,0,0,133
09/07/2004,SAV,GA,ASO,ES,Towers with Radar,28,71,42,5,146,6,15,0,0,21,34,86,42,5,167,0,0,0,167
09/08/2004,SAV,GA,ASO,ES,Towers with Radar,39,88,65,8,200,0,0,11,8,19,39,88,76,16,219,24,2,26,245
09/09/2004,SAV,GA,ASO,ES,Towers with Radar,39,82,69,9,199,0,0,67,6,73,39,82,136,15,272,82,10,92,364
09/10/2004,SAV,GA,ASO,ES,Towers with Radar,37,96,61,5,199,0,0,17,0,17,37,96,78,5,216,17,2,19,235
09/11/2004,SAV,GA,ASO,ES,Towers with Radar,31,70,51,7,159,0,0,15,0,15,31,70,66,7,174,34,0,34,208
09/12/2004,SAV,GA,ASO,ES,Towers with Radar,33,83,53,2,171,0,0,4,0,4,33,83,57,2,175,6,0,6,181
09/13/2004,SAV,GA,ASO,ES,Towers with Radar,24,59,37,1,121,2,16,9,0,27,26,75,46,1,148,6,0,6,154
09/14/2004,SAV,GA,ASO,ES,Towers with Radar,34,89,57,6,186,0,1,36,0,37,34,90,93,6,223,47,7,54,277
09/15/2004,SAV,GA,ASO,ES,Towers with Radar,35,85,61,8,189,0,0,4,1,5,35,85,65,9,194,0,2,2,196
09/16/2004,SAV,GA,ASO,ES,Towers with Radar,32,79,51,3,165,13,18,7,0,38,45,97,58,3,203,6,0,6,209
09/17/2004,SAV,GA,ASO,ES,Towers with Radar,28,67,44,5,144,11,16,5,1,33,39,83,49,6,177,12,0,12,189
09/18/2004,SAV,GA,ASO,ES,Towers with Radar,27,63,42,4,136,6,15,89,1,111,33,78,131,5,247,8,5,13,260
09/19/2004,SAV,GA,ASO,ES,Towers with Radar,31,77,53,6,167,0,0,51,9,60,31,77,104,15,227,54,2,56,283
09/20/2004,SAV,GA,ASO,ES,Towers with Radar,33,89,59,7,188,0,0,0,3,3,33,89,59,10,191,14,22,36,227
09/21/2004,SAV,GA,ASO,ES,Towers with Radar,38,95,70,8,211,0,0,24,3,27,38,95,94,11,238,20,4,24,262
09/22/2004,SAV,GA,ASO,ES,Towers with Radar,37,98,69,8,212,0,0,69,7,76,37,98,138,15,288,26,0,26,314
09/23/2004,SAV,GA,ASO,ES,Towers with Radar,38,97,74,8,217,0,0,75,11,86,38,97,149,19,303,54,0,54,357
09/24/2004,SAV,GA,ASO,ES,Towers with Radar,38,94,69,8,209,0,0,68,11,79,38,94,137,19,288,32,2,34,322
09/25/2004,SAV,GA,ASO,ES,Towers with Radar,33,79,56,4,172,0,0,33,0,33,33,79,89,4,205,18,0,18,223
09/26/2004,SAV,GA,ASO,ES,Towers with Radar,27,63,42,1,133,8,28,0,0,36,35,91,42,1,169,0,0,0,169
09/27/2004,SAV,GA,ASO,ES,Towers with Radar,16,38,12,1,67,9,35,0,0,44,25,73,12,1,111,0,0,0,111
09/28/2004,SAV,GA,ASO,ES,Towers with Radar,35,83,55,6,179,3,12,31,3,49,38,95,86,9,228,11,0,11,239
09/29/2004,SAV,GA,ASO,ES,Towers with Radar,41,102,74,7,224,0,0,47,0,47,41,102,121,7,271,33,4,37,308
09/30/2004,SAV,GA,ASO,ES,Towers with Radar,44,96,82,9,231,0,0,36,6,42,44,96,118,15,273,80,8,88,361
10/01/2004,SAV,GA,ASO,ES,Towers with Radar,36,93,103,21,253,0,0,21,0,21,36,93,124,21,274,124,6,130,404
10/02/2004,SAV,GA,ASO,ES,Towers with Radar,29,88,66,2,185,0,0,31,0,31,29,88,97,2,216,30,2,32,248
10/03/2004,SAV,GA,ASO,ES,Towers with Radar,34,88,63,11,196,0,0,37,0,37,34,88,100,11,233,72,4,76,309
10/04/2004,SAV,GA,ASO,ES,Towers with Radar,36,85,59,13,193,0,0,46,0,46,36,85,105,13,239,20,0,20,259
10/05/2004,SAV,GA,ASO,ES,Towers with Radar,43,97,93,21,254,0,0,43,0,43,43,97,136,21,297,68,8,76,373
10/06/2004,SAV,GA,ASO,ES,Towers with Radar,37,98,90,15,240,0,0,56,0,56,37,98,146,15,296,101,0,101,397
10/07/2004,SAV,GA,ASO,ES,Towers with Radar,38,88,100,22,248,0,0,58,0,58,38,88,158,22,306,24,4,28,334
10/08/2004,SAV,GA,ASO,ES,Towers with Radar,38,104,111,20,273,0,0,9,0,9,38,104,120,20,282,6,0,6,288
10/09/2004,SAV,GA,ASO,ES,Towers with Radar,27,82,56,4,169,0,0,17,0,17,27,82,73,4,186,6,9,15,201
10/10/2004,SAV,GA,ASO,ES,Towers with Radar,33,85,67,1,186,0,0,5,0,5,33,85,72,1,191,0,0,0,191
10/11/2004,SAV,GA,ASO,ES,Towers with Radar,32,91,63,6,192,0,0,19,0,19,32,91,82,6,211,100,4,104,315
10/12/2004,SAV,GA,ASO,ES,Towers with Radar,33,90,58,11,192,0,0,36,0,36,33,90,94,11,228,10,0,10,238
10/13/2004,SAV,GA,ASO,ES,Towers with Radar,36,84,79,19,218,0,3,34,0,37,36,87,113,19,255,49,1,50,305
10/14/2004,SAV,GA,ASO,ES,Towers with Radar,34,88,81,10,213,0,0,62,0,62,34,88,143,10,275,73,0,73,348
10/15/2004,SAV,GA,ASO,ES,Towers with Radar,57,93,71,17,238,0,1,23,0,24,57,94,94,17,262,0,3,3,265
10/16/2004,SAV,GA,ASO,ES,Towers with Radar,29,90,67,8,194,0,0,75,0,75,29,90,142,8,269,12,4,16,285
10/17/2004,SAV,GA,ASO,ES,Towers with Radar,34,96,88,25,243,0,0,66,0,66,34,96,154,25,309,60,0,60,369
10/18/2004,SAV,GA,ASO,ES,Towers with Radar,33,87,56,17,193,0,0,41,0,41,33,87,97,17,234,30,10,40,274
10/19/2004,SAV,GA,ASO,ES,Towers with Radar,35,86,79,8,208,0,0,38,0,38,35,86,117,8,246,64,0,64,310
10/20/2004,SAV,GA,ASO,ES,Towers with Radar,36,92,98,13,239,0,0,23,0,23,36,92,121,13,262,16,6,22,284
10/21/2004,SAV,GA,ASO,ES,Towers with Radar,36,102,91,11,240,0,0,3,0,3,36,102,94,11,243,0,0,0,243
10/22/2004,SAV,GA,ASO,ES,Towers with Radar,40,92,102,16,250,0,1,46,0,47,40,93,148,16,297,90,10,100,397
10/23/2004,SAV,GA,ASO,ES,Towers with Radar,30,94,60,9,193,0,1,53,0,54,30,95,113,9,247,86,10,96,343
10/24/2004,SAV,GA,ASO,ES,Towers with Radar,35,87,71,8,201,0,0,21,0,21,35,87,92,8,222,45,0,45,267
10/25/2004,SAV,GA,ASO,ES,Towers with Radar,35,90,66,13,204,0,0,48,0,48,35,90,114,13,252,37,0,37,289
10/26/2004,SAV,GA,ASO,ES,Towers with Radar,44,99,76,36,255,0,0,24,0,24,44,99,100,36,279,15,0,15,294
10/27/2004,SAV,GA,ASO,ES,Towers with Radar,38,97,76,11,222,0,0,7,0,7,38,97,83,11,229,16,0,16,245
10/28/2004,SAV,GA,ASO,ES,Towers with Radar,37,77,63,12,189,0,0,44,0,44,37,77,107,12,233,6,0,6,239
10/29/2004,SAV,GA,ASO,ES,Towers with Radar,43,94,126,23,286,0,0,15,0,15,43,94,141,23,301,54,3,57,358
10/30/2004,SAV,GA,ASO,ES,Towers with Radar,28,91,61,39,219,0,0,17,0,17,28,91,78,39,236,50,0,50,286
10/31/2004,SAV,GA,ASO,ES,Towers with Radar,37,77,63,12,189,0,0,44,0,44,37,77,107,12,233,6,0,6,239
11/01/2004,SAV,GA,ASO,ES,Combined TRACON& Tower with Radar,36,72,89,12,209,0,0,31,0,31,36,72,120,12,240,41,1,42,282
11/02/2004,SAV,GA,ASO,ES,Combined TRACON& Tower with Radar,36,86,56,33,211,0,0,43,0,43,36,86,99,33,254,6,0,6,260
11/03/2004,SAV,GA,ASO,ES,Combined TRACON& Tower with Radar,42,100,82,8,232,0,0,37,0,37,42,100,119,8,269,0,4,4,273
11/04/2004,SAV,GA,ASO,ES,Combined TRACON& Tower with Radar,39,95,76,15,225,0,0,19,0,19,39,95,95,15,244,10,0,10,254
11/05/2004,SAV,GA,ASO,ES,Combined TRACON& Tower with Radar,41,87,92,25,245,0,0,58,0,58,41,87,150,25,303,24,2,26,329
11/06/2004,SAV,GA,ASO,ES,Combined TRACON& Tower with Radar,33,77,62,24,196,0,2,62,0,64,33,79,124,24,260,21,0,21,281
11/07/2004,SAV,GA,ASO,ES,Combined TRACON& Tower with Radar,33,76,84,26,219,0,0,62,0,62,33,76,146,26,281,14,0,14,295
11/08/2004,SAV,GA,ASO,ES,Combined TRACON& Tower with Radar,34,89,96,7,226,0,0,36,0,36,34,89,132,7,262,38,0,38,300
11/09/2004,SAV,GA,ASO,ES,Combined TRACON& Tower with Radar,38,112,92,10,252,0,0,34,0,34,38,112,126,10,286,41,2,43,329
11/10/2004,SAV,GA,ASO,ES,Combined TRACON& Tower with Radar,35,105,99,31,270,0,2,35,0,37,35,107,134,31,307,16,2,18,325
11/11/2004,SAV,GA,ASO,ES,Combined TRACON& Tower with Radar,38,92,95,13,238,0,0,29,0,29,38,92,124,13,267,12,10,22,289
11/12/2004,SAV,GA,ASO,ES,Combined TRACON& Tower with Radar,38,85,94,42,259,0,0,13,0,13,38,85,107,42,272,6,17,23,295
11/13/2004,SAV,GA,ASO,ES,Combined TRACON& Tower with Radar,29,69,62,15,175,0,0,5,0,5,29,69,67,15,180,2,0,2,182
11/14/2004,SAV,GA,ASO,ES,Combined TRACON& Tower with Radar,31,81,78,16,206,0,0,46,0,46,31,81,124,16,252,26,5,31,283
11/15/2004,SAV,GA,ASO,ES,Combined TRACON& Tower with Radar,34,85,75,31,225,0,0,58,0,58,34,85,133,31,283,36,9,45,328
11/16/2004,SAV,GA,ASO,ES,Combined TRACON& Tower with Radar,35,106,80,33,254,0,1,50,0,51,35,107,130,33,305,18,3,21,326
11/17/2004,SAV,GA,ASO,ES,Combined TRACON& Tower with Radar,36,91,90,43,260,0,0,54,0,54,36,91,144,43,314,34,2,36,350
11/18/2004,SAV,GA,ASO,ES,Combined TRACON& Tower with Radar,38,85,86,12,221,0,1,66,0,67,38,86,152,12,288,96,2,98,386
11/19/2004,SAV,GA,ASO,ES,Combined TRACON& Tower with Radar,39,91,79,39,248,0,0,52,0,52,39,91,131,39,300,48,4,52,352
11/20/2004,SAV,GA,ASO,ES,Combined TRACON& Tower with Radar,32,78,47,15,172,0,2,50,0,52,32,80,97,15,224,30,4,34,258
11/21/2004,SAV,GA,ASO,ES,Combined TRACON& Tower with Radar,34,66,54,6,160,0,0,2,0,2,34,66,56,6,162,0,0,0,162
11/22/2004,SAV,GA,ASO,ES,Combined TRACON& Tower with Radar,40,84,83,19,226,0,0,26,0,26,40,84,109,19,252,12,6,18,270
11/23/2004,SAV,GA,ASO,ES,Combined TRACON& Tower with Radar,40,100,71,9,220,0,0,43,0,43,40,100,114,9,263,58,2,60,323
11/24/2004,SAV,GA,ASO,ES,Combined TRACON& Tower with Radar,42,110,83,3,238,0,0,10,0,10,42,110,93,3,248,38,0,38,286
11/25/2004,SAV,GA,ASO,ES,Combined TRACON& Tower with Radar,24,65,43,0,132,0,0,12,0,12,24,65,55,0,144,0,0,0,144
11/26/2004,SAV,GA,ASO,ES,Combined TRACON& Tower with Radar,34,74,38,0,146,0,0,63,0,63,34,74,101,0,209,54,0,54,263
11/27/2004,SAV,GA,ASO,ES,Combined TRACON& Tower with Radar,32,91,67,0,190,0,1,12,0,13,32,92,79,0,203,18,0,18,221
11/28/2004,SAV,GA,ASO,ES,Combined TRACON& Tower with Radar,31,90,115,2,238,0,0,51,0,51,31,90,166,2,289,26,0,26,315
11/29/2004,SAV,GA,ASO,ES,Combined TRACON& Tower with Radar,34,75,67,14,190,0,0,52,0,52,34,75,119,14,242,2,0,2,244
11/30/2004,SAV,GA,ASO,ES,Combined TRACON& Tower with Radar,37,94,81,18,230,0,1,39,0,40,37,95,120,18,270,0,2,2,272
12/01/2004,SAV,GA,ASO,ES,Combined TRACON& Tower with Radar,34,86,81,8,209,0,1,22,0,23,34,87,103,8,232,66,10,76,308
12/02/2004,SAV,GA,ASO,ES,Combined TRACON& Tower with Radar,36,88,89,12,225,0,1,57,0,58,36,89,146,12,283,53,2,55,338
12/03/2004,SAV,GA,ASO,ES,Combined TRACON& Tower with Radar,37,75,102,18,232,0,0,58,0,58,37,75,160,18,290,44,10,54,344
12/04/2004,SAV,GA,ASO,ES,Combined TRACON& Tower with Radar,40,69,34,4,147,0,0,67,0,67,40,69,101,4,214,88,2,90,304
12/05/2004,SAV,GA,ASO,ES,Combined TRACON& Tower with Radar,33,76,62,5,176,0,0,51,0,51,33,76,113,5,227,66,0,66,293
12/06/2004,SAV,GA,ASO,ES,Combined TRACON& Tower with Radar,31,91,58,11,191,0,0,34,0,34,31,91,92,11,225,27,16,43,268
12/07/2004,SAV,GA,ASO,ES,Combined TRACON& Tower with Radar,36,75,73,12,196,0,0,25,0,25,36,75,98,12,221,12,6,18,239
12/08/2004,SAV,GA,ASO,ES,Combined TRACON& Tower with Radar,37,76,103,34,250,0,0,23,0,23,37,76,126,34,273,40,2,42,315
12/09/2004,SAV,GA,ASO,ES,Combined TRACON& Tower with Radar,37,81,100,6,224,0,3,32,0,35,37,84,132,6,259,26,2,28,287
12/10/2004,SAV,GA,ASO,ES,Combined TRACON& Tower with Radar,35,82,82,18,217,0,0,16,0,16,35,82,98,18,233,8,4,12,245
12/11/2004,SAV,GA,ASO,ES,Combined TRACON& Tower with Radar,32,87,38,11,168,0,0,29,0,29,32,87,67,11,197,6,4,10,207
12/12/2004,SAV,GA,ASO,ES,Combined TRACON& Tower with Radar,29,78,65,27,199,0,0,64,0,64,29,78,129,27,263,44,0,44,307
12/13/2004,SAV,GA,ASO,ES,Combined TRACON& Tower with Radar,32,81,55,10,178,0,0,48,0,48,32,81,103,10,226,0,0,0,226
12/14/2004,SAV,GA,ASO,ES,Combined TRACON& Tower with Radar,37,80,72,14,203,0,2,47,0,49,37,82,119,14,252,30,3,33,285
12/15/2004,SAV,GA,ASO,ES,Combined TRACON& Tower with Radar,35,90,90,11,226,0,2,51,0,53,35,92,141,11,279,23,2,25,304
12/16/2004,SAV,GA,ASO,ES,Combined TRACON& Tower with Radar,37,89,75,7,208,0,0,49,0,49,37,89,124,7,257,8,0,8,265
12/17/2004,SAV,GA,ASO,ES,Combined TRACON& Tower with Radar,38,83,102,13,236,0,1,33,0,34,38,84,135,13,270,74,0,74,344
12/18/2004,SAV,GA,ASO,ES,Combined TRACON& Tower with Radar,35,71,54,12,172,0,3,71,0,74,35,74,125,12,246,46,18,64,310
12/19/2004,SAV,GA,ASO,ES,Combined TRACON& Tower with Radar,34,82,41,5,162,0,0,21,0,21,34,82,62,5,183,28,0,28,211
12/20/2004,SAV,GA,ASO,ES,Combined TRACON& Tower with Radar,35,79,33,1,148,0,0,47,1,48,35,79,80,2,196,50,6,56,252
12/21/2004,SAV,GA,ASO,ES,Combined TRACON& Tower with Radar,42,82,59,6,189,0,0,68,1,69,42,82,127,7,258,81,0,81,339
12/22/2004,SAV,GA,ASO,ES,Combined TRACON& Tower with Radar,37,84,60,0,181,0,4,41,0,45,37,88,101,0,226,55,0,55,281
12/23/2004,SAV,GA,ASO,ES,Combined TRACON& Tower with Radar,31,71,47,0,149,0,0,5,1,6,31,71,52,1,155,0,0,0,155
12/24/2004,SAV,GA,ASO,ES,Combined TRACON& Tower with Radar,35,59,28,0,122,0,0,8,0,8,35,59,36,0,130,16,1,17,147
12/25/2004,SAV,GA,ASO,ES,Combined TRACON& Tower with Radar,25,45,20,0,90,0,0,7,0,7,25,45,27,0,97,6,0,6,103
12/26/2004,SAV,GA,ASO,ES,Combined TRACON& Tower with Radar,32,63,58,1,154,0,0,14,0,14,32,63,72,1,168,10,0,10,178
12/27/2004,SAV,GA,ASO,ES,Combined TRACON& Tower with Radar,32,86,90,4,212,0,0,41,0,41,32,86,131,4,253,46,0,46,299
12/28/2004,SAV,GA,ASO,ES,Combined TRACON& Tower with Radar,36,80,69,6,191,0,0,59,0,59,36,80,128,6,250,52,0,52,302
12/29/2004,SAV,GA,ASO,ES,Combined TRACON& Tower with Radar,36,84,73,4,197,0,0,68,0,68,36,84,141,4,265,76,0,76,341
12/30/2004,SAV,GA,ASO,ES,Combined TRACON& Tower with Radar,37,87,106,15,245,0,0,68,1,69,37,87,174,16,314,84,0,84,398
12/31/2004,SAV,GA,ASO,ES,Combined TRACON& Tower with Radar,29,71,51,0,151,0,0,59,0,59,29,71,110,0,210,11,0,11,221
01/01/2005,SAV,GA,ASO,ES,Combined TRACON& Tower with Radar,27,62,36,0,125,0,0,37,0,37,27,62,73,0,162,12,0,12,174
01/02/2005,SAV,GA,ASO,ES,Combined TRACON& Tower with Radar,32,76,95,0,203,0,0,62,0,62,32,76,157,0,265,72,0,72,337
01/03/2005,SAV,GA,ASO,ES,Combined TRACON& Tower with Radar,35,74,56,10,175,0,0,34,0,34,35,74,90,10,209,50,0,50,259
01/04/2005,SAV,GA,ASO,ES,Combined TRACON& Tower with Radar,34,72,76,13,195,0,2,50,4,56,34,74,126,17,251,30,3,33,284
01/05/2005,SAV,GA,ASO,ES,Combined TRACON& Tower with Radar,35,85,69,8,197,0,1,46,2,49,35,86,115,10,246,64,4,68,314
01/06/2005,SAV,GA,ASO,ES,Combined TRACON& Tower with Radar,36,86,87,3,212,0,0,36,0,36,36,86,123,3,248,30,0,30,278
01/07/2005,SAV,GA,ASO,ES,Combined TRACON& Tower with Radar,37,77,75,15,204,0,1,56,3,60,37,78,131,18,264,78,38,116,380
01/08/2005,SAV,GA,ASO,ES,Combined TRACON& Tower with Radar,32,72,42,5,151,0,0,29,0,29,32,72,71,5,180,14,0,14,194
01/09/2005,SAV,GA,ASO,ES,Combined TRACON& Tower with Radar,33,70,69,5,177,0,0,22,0,22,33,70,91,5,199,54,0,54,253
01/10/2005,SAV,GA,ASO,ES,Combined TRACON& Tower with Radar,36,71,72,12,191,0,1,34,2,37,36,72,106,14,228,10,0,10,238
01/11/2005,SAV,GA,ASO,ES,Combined TRACON& Tower with Radar,36,69,58,1,164,0,0,39,4,43,36,69,97,5,207,32,0,32,239
01/12/2005,SAV,GA,ASO,ES,Combined TRACON& Tower with Radar,35,76,66,7,184,0,0,21,11,32,35,76,87,18,216,92,0,92,308
01/13/2005,SAV,GA,ASO,ES,Combined TRACON& Tower with Radar,32,70,73,14,189,0,0,8,4,12,32,70,81,18,201,28,0,28,229
01/14/2005,SAV,GA,ASO,ES,Combined TRACON& Tower with Radar,35,82,77,23,217,0,0,5,0,5,35,82,82,23,222,16,8,24,246
01/15/2005,SAV,GA,ASO,ES,Combined TRACON& Tower with Radar,33,61,90,7,191,0,1,20,1,22,33,62,110,8,213,44,2,46,259
01/16/2005,SAV,GA,ASO,ES,Combined TRACON& Tower with Radar,31,61,65,7,164,0,0,37,0,37,31,61,102,7,201,47,4,51,252
01/17/2005,SAV,GA,ASO,ES,Combined TRACON& Tower with Radar,36,76,70,7,189,0,0,53,0,53,36,76,123,7,242,38,0,38,280
01/18/2005,SAV,GA,ASO,ES,Combined TRACON& Tower with Radar,33,79,63,9,184,0,1,57,2,60,33,80,120,11,244,77,0,77,321
01/19/2005,SAV,GA,ASO,ES,Combined TRACON& Tower with Radar,35,69,71,13,188,0,0,41,13,54,35,69,112,26,242,32,2,34,276
01/20/2005,SAV,GA,ASO,ES,Combined TRACON& Tower with Radar,35,80,66,4,185,0,0,70,2,72,35,80,136,6,257,54,0,54,311
01/21/2005,SAV,GA,ASO,ES,Combined TRACON& Tower with Radar,33,74,85,13,205,0,0,62,2,64,33,74,147,15,269,103,0,103,372
01/22/2005,SAV,GA,ASO,ES,Combined TRACON& Tower with Radar,33,58,52,17,160,0,0,13,0,13,33,58,65,17,173,107,12,119,292
01/23/2005,SAV,GA,ASO,ES,Combined TRACON& Tower with Radar,32,50,36,8,126,0,0,35,1,36,32,50,71,9,162,18,7,25,187
01/24/2005,SAV,GA,ASO,ES,Combined TRACON& Tower with Radar,35,74,63,6,178,0,3,52,3,58,35,77,115,9,236,52,0,52,288
01/25/2005,SAV,GA,ASO,ES,Combined TRACON& Tower with Radar,38,64,63,12,177,0,1,46,4,51,38,65,109,16,228,60,0,60,288
01/26/2005,SAV,GA,ASO,ES,Combined TRACON& Tower with Radar,36,74,96,14,220,0,1,31,8,40,36,75,127,22,260,36,0,36,296
01/27/2005,SAV,GA,ASO,ES,Combined TRACON& Tower with Radar,38,71,86,11,206,0,0,35,0,35,38,71,121,11,241,36,0,36,277
01/28/2005,SAV,GA,ASO,ES,Combined TRACON& Tower with Radar,32,73,74,7,186,0,0,17,0,17,32,73,91,7,203,2,0,2,205
01/29/2005,SAV,GA,ASO,ES,Combined TRACON& Tower with Radar,8,55,22,12,97,0,0,3,0,3,8,55,25,12,100,0,0,0,100
01/30/2005,SAV,GA,ASO,ES,Combined TRACON& Tower with Radar,23,66,80,11,180,0,0,15,0,15,23,66,95,11,195,47,2,49,244
01/31/2005,SAV,GA,ASO,ES,Combined TRACON& Tower with Radar,36,73,63,15,187,0,0,41,1,42,36,73,104,16,229,78,2,80,309
02/01/2005,SAV,GA,ASO,ES,Combined TRACON& Tower with Radar,33,73,62,9,177,0,0,30,1,31,33,73,92,10,208,0,0,0,208
02/02/2005,SAV,GA,ASO,ES,Combined TRACON& Tower with Radar,35,84,77,48,244,0,0,9,1,10,35,84,86,49,254,6,0,6,260
02/03/2005,SAV,GA,ASO,ES,Combined TRACON& Tower with Radar,37,83,97,3,220,0,0,0,0,0,37,83,97,3,220,0,0,0,220
02/04/2005,SAV,GA,ASO,ES,Combined TRACON& Tower with Radar,38,98,109,8,253,0,0,49,0,49,38,98,158,8,302,24,2,26,328
02/05/2005,SAV,GA,ASO,ES,Combined TRACON& Tower with Radar,36,60,42,9,147,0,1,92,4,97,36,61,134,13,244,72,0,72,316
02/06/2005,SAV,GA,ASO,ES,Combined TRACON& Tower with Radar,36,78,64,12,190,0,2,53,1,56,36,80,117,13,246,88,0,88,334
02/07/2005,SAV,GA,ASO,ES,Combined TRACON& Tower with Radar,37,89,106,10,242,0,1,45,5,51,37,90,151,15,293,24,2,26,319
02/08/2005,SAV,GA,ASO,ES,Combined TRACON& Tower with Radar,42,89,63,17,211,0,0,61,9,70,42,89,124,26,281,38,34,72,353
02/09/2005,SAV,GA,ASO,ES,Combined TRACON& Tower with Radar,38,83,76,8,205,0,0,21,2,23,38,83,97,10,228,10,13,23,251
02/10/2005,SAV,GA,ASO,ES,Combined TRACON& Tower with Radar,43,91,74,12,220,0,0,29,6,35,43,91,103,18,255,0,8,8,263
02/11/2005,SAV,GA,ASO,ES,Combined TRACON& Tower with Radar,36,81,92,12,221,0,0,53,9,62,36,81,145,21,283,25,2,27,310
02/12/2005,SAV,GA,ASO,ES,Combined TRACON& Tower with Radar,32,66,47,17,162,0,0,74,6,80,32,66,121,23,242,44,0,44,286
02/13/2005,SAV,GA,ASO,ES,Combined TRACON& Tower with Radar,35,62,45,11,153,0,0,52,14,66,35,62,97,25,219,75,7,82,301
02/14/2005,SAV,GA,ASO,ES,Combined TRACON& Tower with Radar,36,70,54,12,172,0,0,9,11,20,36,70,63,23,192,8,2,10,202
02/15/2005,SAV,GA,ASO,ES,Combined TRACON& Tower with Radar,29,74,72,18,193,0,0,2,0,2,29,74,74,18,195,0,0,0,195
02/16/2005,SAV,GA,ASO,ES,Combined TRACON& Tower with Radar,38,87,72,17,214,0,0,17,8,25,38,87,89,25,239,56,10,66,305
02/17/2005,SAV,GA,ASO,ES,Combined TRACON& Tower with Radar,40,78,98,25,241,0,0,667,9,676,40,78,765,34,917,2,20,22,939
02/18/2005,SAV,GA,ASO,ES,Combined TRACON& Tower with Radar,39,83,100,32,254,0,0,113,6,119,39,83,213,38,373,15,6,21,394
02/19/2005,SAV,GA,ASO,ES,Combined TRACON& Tower with Radar,33,73,68,9,183,0,0,77,2,79,33,73,145,11,262,24,2,26,288
02/20/2005,SAV,GA,ASO,ES,Combined TRACON& Tower with Radar,39,71,71,14,195,0,0,37,1,38,39,71,108,15,233,46,4,50,283
02/21/2005,SAV,GA,ASO,ES,Combined TRACON& Tower with Radar,35,83,90,8,216,0,0,22,4,26,35,83,112,12,242,50,0,50,292
02/22/2005,SAV,GA,ASO,ES,Combined TRACON& Tower with Radar,38,85,69,26,218,0,0,55,4,59,38,85,124,30,277,68,7,75,352
02/23/2005,SAV,GA,ASO,ES,Combined TRACON& Tower with Radar,39,93,67,27,226,0,0,39,2,41,39,93,106,29,267,18,2,20,287
02/24/2005,SAV,GA,ASO,ES,Combined TRACON& Tower with Radar,42,91,66,15,214,0,0,8,0,8,42,91,74,15,222,0,0,0,222
02/25/2005,SAV,GA,ASO,ES,Combined TRACON& Tower with Radar,42,76,100,20,238,0,1,21,2,24,42,77,121,22,262,8,4,12,274
02/26/2005,SAV,GA,ASO,ES,Combined TRACON& Tower with Radar,33,71,50,11,165,0,1,64,0,65,33,72,114,11,230,47,0,47,277
02/27/2005,SAV,GA,ASO,ES,Combined TRACON& Tower with Radar,37,66,56,8,167,0,0,0,0,0,37,66,56,8,167,0,0,0,167
02/28/2005,SAV,GA,ASO,ES,Combined TRACON& Tower with Radar,35,72,98,9,214,0,0,10,1,11,35,72,108,10,225,4,0,4,229
03/01/2005,SAV,GA,ASO,ES,Combined TRACON& Tower with Radar,40,81,53,5,179,0,2,28,0,30,40,83,81,5,209,6,0,6,215
03/02/2005,SAV,GA,ASO,ES,Combined TRACON& Tower with Radar,42,80,67,13,202,0,1,47,0,48,42,81,114,13,250,46,4,50,300
03/03/2005,SAV,GA,ASO,ES,Combined TRACON& Tower with Radar,39,86,77,14,216,0,3,53,0,56,39,89,130,14,272,93,4,97,369
03/04/2005,SAV,GA,ASO,ES,Combined TRACON& Tower with Radar,40,82,78,11,211,0,0,83,1,84,40,82,161,12,295,15,6,21,316
03/05/2005,SAV,GA,ASO,ES,Combined TRACON& Tower with Radar,33,70,46,7,156,0,0,42,1,43,33,70,88,8,199,15,0,15,214
03/06/2005,SAV,GA,ASO,ES,Combined TRACON& Tower with Radar,38,72,63,6,179,0,0,78,2,80,38,72,141,8,259,12,6,18,277
03/07/2005,SAV,GA,ASO,ES,Combined TRACON& Tower with Radar,41,83,80,6,210,0,0,64,1,65,41,83,144,7,275,13,0,13,288
03/08/2005,SAV,GA,ASO,ES,Combined TRACON& Tower with Radar,40,80,53,8,181,0,0,7,0,7,40,80,60,8,188,16,3,19,207
03/09/2005,SAV,GA,ASO,ES,Combined TRACON& Tower with Radar,41,90,80,7,218,0,0,47,6,53,41,90,127,13,271,42,0,42,313
03/10/2005,SAV,GA,ASO,ES,Combined TRACON& Tower with Radar,42,86,90,19,237,0,0,47,3,50,42,86,137,22,287,12,9,21,308
03/11/2005,SAV,GA,ASO,ES,Combined TRACON& Tower with Radar,49,78,77,18,222,0,0,24,1,25,49,78,101,19,247,33,4,37,284
03/12/2005,SAV,GA,ASO,ES,Combined TRACON& Tower with Radar,32,91,48,9,180,0,0,30,6,36,32,91,78,15,216,10,1,11,227
03/13/2005,SAV,GA,ASO,ES,Combined TRACON& Tower with Radar,35,67,69,13,184,0,0,48,4,52,35,67,117,17,236,42,0,42,278
03/14/2005,SAV,GA,ASO,ES,Combined TRACON& Tower with Radar,38,77,59,6,180,0,0,13,0,13,38,77,72,6,193,4,0,4,197
03/15/2005,SAV,GA,ASO,ES,Combined TRACON& Tower with Radar,40,82,70,8,200,0,0,38,2,40,40,82,108,10,240,91,2,93,333
03/16/2005,SAV,GA,ASO,ES,Combined TRACON& Tower with Radar,38,88,59,9,194,0,0,0,1,1,38,88,59,10,195,0,0,0,195
03/17/2005,SAV,GA,ASO,ES,Combined TRACON& Tower with Radar,38,84,86,17,225,0,0,0,0,0,38,84,86,17,225,2,0,2,227
03/18/2005,SAV,GA,ASO,ES,Combined TRACON& Tower with Radar,39,88,112,21,260,0,0,13,0,13,39,88,125,21,273,4,0,4,277
03/19/2005,SAV,GA,ASO,ES,Combined TRACON& Tower with Radar,37,90,47,0,174,0,0,82,3,85,37,90,129,3,259,89,2,91,350
03/20/2005,SAV,GA,ASO,ES,Combined TRACON& Tower with Radar,39,78,80,15,212,0,0,79,2,81,39,78,159,17,293,42,0,42,335
03/21/2005,SAV,GA,ASO,ES,Combined TRACON& Tower with Radar,43,92,77,13,225,0,0,32,1,33,43,92,109,14,258,83,2,85,343
03/22/2005,SAV,GA,ASO,ES,Combined TRACON& Tower with Radar,36,91,61,0,188,0,0,0,0,0,36,91,61,0,188,0,0,0,188
03/23/2005,SAV,GA,ASO,ES,Combined TRACON& Tower with Radar,41,99,108,14,262,0,0,13,1,14,41,99,121,15,276,16,8,24,300
03/24/2005,SAV,GA,ASO,ES,Combined TRACON& Tower with Radar,42,83,111,7,243,0,0,101,1,102,42,83,212,8,345,58,0,58,403
03/25/2005,SAV,GA,ASO,ES,Combined TRACON& Tower with Radar,41,91,71,8,211,0,0,16,0,16,41,91,87,8,227,2,0,2,229
03/26/2005,SAV,GA,ASO,ES,Combined TRACON& Tower with Radar,34,116,101,3,254,0,0,9,0,9,34,116,110,3,263,4,0,4,267
03/27/2005,SAV,GA,ASO,ES,Combined TRACON& Tower with Radar,32,79,39,0,150,0,0,0,0,0,32,79,39,0,150,0,0,0,150
03/28/2005,SAV,GA,ASO,ES,Combined TRACON& Tower with Radar,34,83,91,8,216,0,0,13,1,14,34,83,104,9,230,18,0,18,248
03/29/2005,SAV,GA,ASO,ES,Combined TRACON& Tower with Radar,40,86,76,12,214,0,2,76,1,79,40,88,152,13,293,70,14,84,377
03/30/2005,SAV,GA,ASO,ES,Combined TRACON& Tower with Radar,41,98,86,3,228,0,0,68,3,71,41,98,154,6,299,100,4,104,403
03/31/2005,SAV,GA,ASO,ES,Combined TRACON& Tower with Radar,35,95,104,7,241,0,0,20,0,20,35,95,124,7,261,52,0,52,313
04/01/2005,SAV,GA,ASO,ES,Combined TRACON& Tower with Radar,35,82,32,14,163,0,0,70,0,70,35,82,102,14,233,83,4,87,320
04/02/2005,SAV,GA,ASO,ES,Combined TRACON& Tower with Radar,32,90,51,5,178,0,0,11,1,12,32,90,62,6,190,3,1,4,194
04/03/2005,SAV,GA,ASO,ES,Combined TRACON& Tower with Radar,35,79,114,20,248,0,0,0,0,0,35,79,114,20,248,20,7,27,275
04/04/2005,SAV,GA,ASO,ES,Combined TRACON& Tower with Radar,38,86,85,13,222,0,0,40,0,40,38,86,125,13,262,20,0,20,282
04/05/2005,SAV,GA,ASO,ES,Combined TRACON& Tower with Radar,46,78,84,20,228,0,0,52,5,57,46,78,136,25,285,28,16,44,329
04/06/2005,SAV,GA,ASO,ES,Combined TRACON& Tower with Radar,40,85,66,12,203,0,0,50,8,58,40,85,116,20,261,16,8,24,285
04/07/2005,SAV,GA,ASO,ES,Combined TRACON& Tower with Radar,35,92,72,10,209,0,0,6,0,6,35,92,78,10,215,0,0,0,215
04/08/2005,SAV,GA,ASO,ES,Combined TRACON& Tower with Radar,41,86,97,26,250,0,2,21,0,23,41,88,118,26,273,37,6,43,316
04/09/2005,SAV,GA,ASO,ES,Combined TRACON& Tower with Radar,40,90,72,17,219,0,0,21,1,22,40,90,93,18,241,42,0,42,283
04/10/2005,SAV,GA,ASO,ES,Combined TRACON& Tower with Radar,35,83,104,2,224,0,0,76,0,76,35,83,180,2,300,98,0,98,398
04/11/2005,SAV,GA,ASO,ES,Combined TRACON& Tower with Radar,37,94,70,6,207,0,0,85,6,91,37,94,155,12,298,59,0,59,357
04/12/2005,SAV,GA,ASO,ES,Combined TRACON& Tower with Radar,41,82,70,7,200,0,0,28,0,28,41,82,98,7,228,16,6,22,250
04/13/2005,SAV,GA,ASO,ES,Combined TRACON& Tower with Radar,39,103,97,9,248,0,0,22,0,22,39,103,119,9,270,42,6,48,318
04/14/2005,SAV,GA,ASO,ES,Combined TRACON& Tower with Radar,43,89,123,9,264,0,0,27,1,28,43,89,150,10,292,32,6,38,330
04/15/2005,SAV,GA,ASO,ES,Combined TRACON& Tower with Radar,44,87,101,19,251,0,0,63,1,64,44,87,164,20,315,16,0,16,331
04/16/2005,SAV,GA,ASO,ES,Combined TRACON& Tower with Radar,38,95,60,6,199,0,0,65,0,65,38,95,125,6,264,0,0,0,264
04/17/2005,SAV,GA,ASO,ES,Combined TRACON& Tower with Radar,36,80,105,8,229,0,0,77,1,78,36,80,182,9,307,11,0,11,318
04/18/2005,SAV,GA,ASO,ES,Combined TRACON& Tower with Radar,38,86,96,12,232,0,1,71,4,76,38,87,167,16,308,40,0,40,348
04/19/2005,SAV,GA,ASO,ES,Combined TRACON& Tower with Radar,40,116,93,5,254,0,1,39,1,41,40,117,132,6,295,45,2,47,342
04/20/2005,SAV,GA,ASO,ES,Combined TRACON& Tower with Radar,40,93,104,7,244,0,1,64,5,70,40,94,168,12,314,34,0,34,348
04/21/2005,SAV,GA,ASO,ES,Combined TRACON& Tower with Radar,40,108,97,8,253,0,1,54,3,58,40,109,151,11,311,72,0,72,383
04/22/2005,SAV,GA,ASO,ES,Combined TRACON& Tower with Radar,41,84,108,15,248,0,0,44,1,45,41,84,152,16,293,35,0,35,328
04/23/2005,SAV,GA,ASO,ES,Combined TRACON& Tower with Radar,35,100,35,14,184,0,0,5,0,5,35,100,40,14,189,6,0,6,195
04/24/2005,SAV,GA,ASO,ES,Combined TRACON& Tower with Radar,35,109,83,8,235,0,0,27,0,27,35,109,110,8,262,10,0,10,272
04/25/2005,SAV,GA,ASO,ES,Combined TRACON& Tower with Radar,40,104,90,48,282,0,1,69,12,82,40,105,159,60,364,60,8,68,432
04/26/2005,SAV,GA,ASO,ES,Combined TRACON& Tower with Radar,44,90,68,28,230,0,0,21,4,25,44,90,89,32,255,44,16,60,315
04/27/2005,SAV,GA,ASO,ES,Combined TRACON& Tower with Radar,51,87,83,34,255,0,0,30,2,32,51,87,113,36,287,40,14,54,341
04/28/2005,SAV,GA,ASO,ES,Combined TRACON& Tower with Radar,43,104,86,8,241,0,1,57,8,66,43,105,143,16,307,31,2,33,340
04/29/2005,SAV,GA,ASO,ES,Combined TRACON& Tower with Radar,41,80,73,24,218,0,0,78,5,83,41,80,151,29,301,46,6,52,353
04/30/2005,SAV,GA,ASO,ES,Combined TRACON& Tower with Radar,31,94,28,13,166,0,0,15,0,15,31,94,43,13,181,30,6,36,217
05/01/2005,SAV,GA,ASO,ES,Combined TRACON& Tower with Radar,38,84,75,22,219,0,0,32,1,33,38,84,107,23,252,28,0,28,280
05/02/2005,SAV,GA,ASO,ES,Combined TRACON& Tower with Radar,41,94,74,19,228,0,3,38,3,44,41,97,112,22,272,106,4,110,382
05/03/2005,SAV,GA,ASO,ES,Combined TRACON& Tower with Radar,40,96,80,14,230,0,0,58,0,58,40,96,138,14,288,14,24,38,326
05/04/2005,SAV,GA,ASO,ES,Combined TRACON& Tower with Radar,44,98,59,27,228,0,1,40,7,48,44,99,99,34,276,48,0,48,324
05/05/2005,SAV,GA,ASO,ES,Combined TRACON& Tower with Radar,42,112,74,19,247,0,0,0,0,0,42,112,74,19,247,0,0,0,247
05/06/2005,SAV,GA,ASO,ES,Combined TRACON& Tower with Radar,41,100,105,17,263,0,0,29,9,38,41,100,134,26,301,44,7,51,352
05/07/2005,SAV,GA,ASO,ES,Combined TRACON& Tower with Radar,35,107,71,2,215,0,0,57,0,57,35,107,128,2,272,20,1,21,293
05/08/2005,SAV,GA,ASO,ES,Combined TRACON& Tower with Radar,42,80,55,3,180,0,0,56,5,61,42,80,111,8,241,69,0,69,310
05/09/2005,SAV,GA,ASO,ES,Combined TRACON& Tower with Radar,40,83,62,2,187,0,0,47,3,50,40,83,109,5,237,63,5,68,305
05/10/2005,SAV,GA,ASO,ES,Combined TRACON& Tower with Radar,40,100,69,7,216,0,0,48,2,50,40,100,117,9,266,79,0,79,345
05/11/2005,SAV,GA,ASO,ES,Combined TRACON& Tower with Radar,39,105,95,9,248,0,0,37,1,38,39,105,132,10,286,8,4,12,298
05/12/2005,SAV,GA,ASO,ES,Combined TRACON& Tower with Radar,42,93,91,17,243,0,0,51,0,51,42,93,142,17,294,191,4,195,489
05/13/2005,SAV,GA,ASO,ES,Combined TRACON& Tower with Radar,41,90,81,5,217,0,0,48,2,50,41,90,129,7,267,34,0,34,301
05/14/2005,SAV,GA,ASO,ES,Combined TRACON& Tower with Radar,39,100,52,5,196,0,0,41,1,42,39,100,93,6,238,42,2,44,282
05/15/2005,SAV,GA,ASO,ES,Combined TRACON& Tower with Radar,38,77,57,23,195,0,0,44,1,45,38,77,101,24,240,50,0,50,290
05/16/2005,SAV,GA,ASO,ES,Combined TRACON& Tower with Radar,38,98,68,26,230,0,1,17,6,24,38,99,85,32,254,10,14,24,278
05/17/2005,SAV,GA,ASO,ES,Combined TRACON& Tower with Radar,47,85,95,15,242,0,1,14,0,15,47,86,109,15,257,21,18,39,296
05/18/2005,SAV,GA,ASO,ES,Combined TRACON& Tower with Radar,43,102,74,30,249,0,0,10,1,11,43,102,84,31,260,26,9,35,295
05/19/2005,SAV,GA,ASO,ES,Combined TRACON& Tower with Radar,41,94,87,26,248,0,6,43,3,52,41,100,130,29,300,34,1,35,335
05/20/2005,SAV,GA,ASO,ES,Combined TRACON& Tower with Radar,42,111,70,13,236,0,0,16,0,16,42,111,86,13,252,21,0,21,273
05/21/2005,SAV,GA,ASO,ES,Combined TRACON& Tower with Radar,41,99,63,11,214,0,0,9,0,9,41,99,72,11,223,32,0,32,255
05/22/2005,SAV,GA,ASO,ES,Combined TRACON& Tower with Radar,39,73,67,3,182,0,2,74,0,76,39,75,141,3,258,27,0,27,285
05/23/2005,SAV,GA,ASO,ES,Combined TRACON& Tower with Radar,39,87,70,8,204,0,0,38,3,41,39,87,108,11,245,82,4,86,331
05/24/2005,SAV,GA,ASO,ES,Combined TRACON& Tower with Radar,44,103,104,8,259,0,0,33,2,35,44,103,137,10,294,43,4,47,341
05/25/2005,SAV,GA,ASO,ES,Combined TRACON& Tower with Radar,41,85,71,4,201,0,1,59,3,63,41,86,130,7,264,140,2,142,406
05/26/2005,SAV,GA,ASO,ES,Combined TRACON& Tower with Radar,46,87,88,15,236,0,0,76,2,78,46,87,164,17,314,26,8,34,348
05/27/2005,SAV,GA,ASO,ES,Combined TRACON& Tower with Radar,41,102,97,0,240,0,0,66,0,66,41,102,163,0,306,72,0,72,378
05/28/2005,SAV,GA,ASO,ES,Combined TRACON& Tower with Radar,40,88,54,5,187,0,0,67,1,68,40,88,121,6,255,30,4,34,289
05/29/2005,SAV,GA,ASO,ES,Combined TRACON& Tower with Radar,36,77,54,1,168,0,0,35,1,36,36,77,89,2,204,50,0,50,254
05/30/2005,SAV,GA,ASO,ES,Combined TRACON& Tower with Radar,40,81,115,4,240,0,0,6,0,6,40,81,121,4,246,18,0,18,264
05/31/2005,SAV,GA,ASO,ES,Combined TRACON& Tower with Radar,39,88,81,6,214,0,0,0,0,0,39,88,81,6,214,4,0,4,218
06/01/2005,SAV,GA,ASO,ES,Combined TRACON& Tower with Radar,41,87,71,5,204,0,0,0,0,0,41,87,71,5,204,24,0,24,228
06/02/2005,SAV,GA,ASO,ES,Combined TRACON& Tower with Radar,39,91,71,12,213,0,0,6,0,6,39,91,77,12,219,24,0,24,243
06/03/2005,SAV,GA,ASO,ES,Combined TRACON& Tower with Radar,43,96,60,2,201,0,0,3,0,3,43,96,63,2,204,11,2,13,217
06/04/2005,SAV,GA,ASO,ES,Combined TRACON& Tower with Radar,39,100,44,7,190,0,0,8,1,9,39,100,52,8,199,17,0,17,216
06/05/2005,SAV,GA,ASO,ES,Combined TRACON& Tower with Radar,35,78,57,16,186,0,0,9,0,9,35,78,66,16,195,50,0,50,245
06/06/2005,SAV,GA,ASO,ES,Combined TRACON& Tower with Radar,42,73,59,10,184,0,0,14,2,16,42,73,73,12,200,21,2,23,223
06/07/2005,SAV,GA,ASO,ES,Combined TRACON& Tower with Radar,35,90,80,23,228,0,0,38,5,43,35,90,118,28,271,66,22,88,359
06/08/2005,SAV,GA,ASO,ES,Combined TRACON& Tower with Radar,41,84,90,9,224,0,0,23,1,24,41,84,113,10,248,88,0,88,336
06/09/2005,SAV,GA,ASO,ES,Combined TRACON& Tower with Radar,38,89,91,2,220,0,0,48,0,48,38,89,139,2,268,40,0,40,308
06/10/2005,SAV,GA,ASO,ES,Combined TRACON& Tower with Radar,38,85,74,8,205,0,1,9,1,11,38,86,83,9,216,42,4,46,262
06/11/2005,SAV,GA,ASO,ES,Combined TRACON& Tower with Radar,35,116,62,11,224,0,0,6,0,6,35,116,68,11,230,12,0,12,242
06/12/2005,SAV,GA,ASO,ES,Combined TRACON& Tower with Radar,32,92,63,11,198,0,0,9,0,9,32,92,72,11,207,22,0,22,229
06/13/2005,SAV,GA,ASO,ES,Combined TRACON& Tower with Radar,38,91,86,17,232,0,0,15,0,15,38,91,101,17,247,43,0,43,290
06/14/2005,SAV,GA,ASO,ES,Combined TRACON& Tower with Radar,39,100,70,11,220,0,0,44,0,44,39,100,114,11,264,42,0,42,306
06/15/2005,SAV,GA,ASO,ES,Combined TRACON& Tower with Radar,40,97,66,13,216,0,0,57,8,65,40,97,123,21,281,79,32,111,392
06/16/2005,SAV,GA,ASO,ES,Combined TRACON& Tower with Radar,38,102,95,23,258,0,2,68,1,71,38,104,163,24,329,100,0,100,429
06/17/2005,SAV,GA,ASO,ES,Combined TRACON& Tower with Radar,43,83,85,11,222,0,0,38,3,41,43,83,123,14,263,50,0,50,313
06/18/2005,SAV,GA,ASO,ES,Combined TRACON& Tower with Radar,39,124,43,11,217,0,0,21,0,21,39,124,64,11,238,18,0,18,256
06/19/2005,SAV,GA,ASO,ES,Combined TRACON& Tower with Radar,33,92,51,7,183,0,0,23,2,25,33,92,74,9,208,16,4,20,228
06/20/2005,SAV,GA,ASO,ES,Combined TRACON& Tower with Radar,38,90,65,13,206,0,0,41,4,45,38,90,106,17,251,2,11,13,264
06/21/2005,SAV,GA,ASO,ES,Combined TRACON& Tower with Radar,41,105,80,5,231,0,2,54,1,57,41,107,134,6,288,56,4,60,348
06/22/2005,SAV,GA,ASO,ES,Combined TRACON& Tower with Radar,39,92,79,8,218,0,0,65,1,66,39,92,144,9,284,57,0,57,341
06/23/2005,SAV,GA,ASO,ES,Combined TRACON& Tower with Radar,41,97,62,5,205,0,0,49,1,50,41,97,111,6,255,89,12,101,356
06/24/2005,SAV,GA,ASO,ES,Combined TRACON& Tower with Radar,40,93,75,12,220,0,0,20,3,23,40,93,95,15,243,2,2,4,247
06/25/2005,SAV,GA,ASO,ES,Combined TRACON& Tower with Radar,37,128,38,4,207,0,0,1,0,1,37,128,39,4,208,0,0,0,208
06/26/2005,SAV,GA,ASO,ES,Combined TRACON& Tower with Radar,37,90,86,13,226,0,0,0,0,0,37,90,86,13,226,64,0,64,290
06/27/2005,SAV,GA,ASO,ES,Combined TRACON& Tower with Radar,35,85,65,7,192,0,0,8,1,9,35,85,73,8,201,11,0,11,212
06/28/2005,SAV,GA,ASO,ES,Combined TRACON& Tower with Radar,39,103,57,5,204,0,0,4,0,4,39,103,61,5,208,0,0,0,208
06/29/2005,SAV,GA,ASO,ES,Combined TRACON& Tower with Radar,41,100,108,8,257,0,0,2,0,2,41,100,110,8,259,10,0,10,269
06/30/2005,SAV,GA,ASO,ES,Combined TRACON& Tower with Radar,37,92,129,10,268,0,1,25,5,31,37,93,154,15,299,99,10,109,408
07/01/2005,SAV,GA,ASO,ES,Combined TRACON& Tower with Radar,42,80,82,12,216,0,0,56,1,57,42,80,138,13,273,20,9,29,302
07/02/2005,SAV,GA,ASO,ES,Combined TRACON& Tower with Radar,35,117,55,0,207,315,0,24,1,340,350,117,79,1,547,14,0,14,561
07/03/2005,SAV,GA,ASO,ES,Combined TRACON& Tower with Radar,33,89,42,7,171,0,0,35,3,38,33,89,77,10,209,16,0,16,225
07/04/2005,SAV,GA,ASO,ES,Combined TRACON& Tower with Radar,35,79,50,0,164,0,0,27,2,29,35,79,77,2,193,5,0,5,198
07/05/2005,SAV,GA,ASO,ES,Combined TRACON& Tower with Radar,37,90,66,9,202,0,0,25,2,27,37,90,91,11,229,21,0,21,250
07/06/2005,SAV,GA,ASO,ES,Combined TRACON& Tower with Radar,43,99,65,10,217,0,0,49,5,54,43,99,114,15,271,64,7,71,342
07/07/2005,SAV,GA,ASO,ES,Combined TRACON& Tower with Radar,40,98,67,9,214,0,0,50,3,53,40,98,117,12,267,53,1,54,321
07/08/2005,SAV,GA,ASO,ES,Combined TRACON& Tower with Radar,38,94,104,15,251,0,0,70,2,72,38,94,174,17,323,32,0,32,355
07/09/2005,SAV,GA,ASO,ES,Combined TRACON& Tower with Radar,35,120,39,0,194,0,1,16,0,17,35,121,55,0,211,48,0,48,259
07/10/2005,SAV,GA,ASO,ES,Combined TRACON& Tower with Radar,39,87,32,0,158,1,0,8,0,9,40,87,40,0,167,32,0,32,199
07/11/2005,SAV,GA,ASO,ES,Combined TRACON& Tower with Radar,34,94,57,5,190,0,0,13,3,16,34,94,70,8,206,74,0,74,280
07/12/2005,SAV,GA,ASO,ES,Combined TRACON& Tower with Radar,39,98,66,3,206,0,0,32,10,42,39,98,98,13,248,60,4,64,312
07/13/2005,SAV,GA,ASO,ES,Combined TRACON& Tower with Radar,37,74,85,4,200,0,0,25,0,25,37,74,110,4,225,56,0,56,281
07/14/2005,SAV,GA,ASO,ES,Combined TRACON& Tower with Radar,35,94,75,3,207,0,0,0,0,0,35,94,75,3,207,53,0,53,260
07/15/2005,SAV,GA,ASO,ES,Combined TRACON& Tower with Radar,61,57,85,15,218,0,1,24,6,31,61,58,109,21,249,52,0,52,301
07/16/2005,SAV,GA,ASO,ES,Combined TRACON& Tower with Radar,65,85,53,5,208,0,0,36,0,36,65,85,89,5,244,63,2,65,309
07/17/2005,SAV,GA,ASO,ES,Combined TRACON& Tower with Radar,32,82,65,8,187,0,0,44,2,46,32,82,109,10,233,134,18,152,385
07/18/2005,SAV,GA,ASO,ES,Combined TRACON& Tower with Radar,39,89,70,6,204,0,0,36,0,36,39,89,106,6,240,58,0,58,298
07/19/2005,SAV,GA,ASO,ES,Combined TRACON& Tower with Radar,37,103,106,1,247,0,0,44,1,45,37,103,150,2,292,61,0,61,353
07/20/2005,SAV,GA,ASO,ES,Combined TRACON& Tower with Radar,36,94,74,9,213,0,1,50,7,58,36,95,124,16,271,58,4,62,333
07/21/2005,SAV,GA,ASO,ES,Combined TRACON& Tower with Radar,36,94,81,5,216,0,0,46,2,48,36,94,127,7,264,48,0,48,312
07/22/2005,SAV,GA,ASO,ES,Combined TRACON& Tower with Radar,38,102,95,22,257,0,0,53,2,55,38,102,148,24,312,66,0,66,378
07/23/2005,SAV,GA,ASO,ES,Combined TRACON& Tower with Radar,35,117,58,24,234,0,0,41,1,42,35,117,99,25,276,18,10,28,304
07/24/2005,SAV,GA,ASO,ES,Combined TRACON& Tower with Radar,36,97,68,11,212,0,0,38,3,41,36,97,106,14,253,27,10,37,290
07/25/2005,SAV,GA,ASO,ES,Combined TRACON& Tower with Radar,36,89,65,11,201,0,1,48,10,59,36,90,113,21,260,26,0,26,286
07/26/2005,SAV,GA,ASO,ES,Combined TRACON& Tower with Radar,36,91,57,10,194,0,0,28,28,56,36,91,85,38,250,6,32,38,288
07/27/2005,SAV,GA,ASO,ES,Combined TRACON& Tower with Radar,38,85,89,11,223,0,0,37,22,59,38,85,126,33,282,26,0,26,308
07/28/2005,SAV,GA,ASO,ES,Combined TRACON& Tower with Radar,34,88,102,22,246,0,2,0,0,2,34,90,102,22,248,47,10,57,305
07/29/2005,SAV,GA,ASO,ES,Combined TRACON& Tower with Radar,34,98,56,14,202,0,0,32,1,33,34,98,88,15,235,54,21,75,310
07/30/2005,SAV,GA,ASO,ES,Combined TRACON& Tower with Radar,35,116,38,14,203,0,0,42,8,50,35,116,80,22,253,28,6,34,287
07/31/2005,SAV,GA,ASO,ES,Combined TRACON& Tower with Radar,35,99,63,14,211,0,0,7,2,9,35,99,70,16,220,85,38,123,343
08/01/2005,SAV,GA,ASO,ES,Combined TRACON& Tower with Radar,38,91,60,21,210,0,0,10,15,25,38,91,70,36,235,52,8,60,295
08/02/2005,SAV,GA,ASO,ES,Combined TRACON& Tower with Radar,39,95,69,13,216,0,0,33,10,43,39,95,102,23,259,31,26,57,316
08/03/2005,SAV,GA,ASO,ES,Combined TRACON& Tower with Radar,41,94,60,31,226,0,0,32,14,46,41,94,92,45,272,76,43,119,391
08/04/2005,SAV,GA,ASO,ES,Combined TRACON& Tower with Radar,44,101,78,24,247,0,0,48,2,50,44,101,126,26,297,49,4,53,350
08/05/2005,SAV,GA,ASO,ES,Combined TRACON& Tower with Radar,43,86,53,19,201,0,4,35,4,43,43,90,88,23,244,9,10,19,263
08/06/2005,SAV,GA,ASO,ES,Combined TRACON& Tower with Radar,35,117,44,19,215,0,1,11,7,19,35,118,55,26,234,0,38,38,272
08/07/2005,SAV,GA,ASO,ES,Combined TRACON& Tower with Radar,34,92,53,20,199,0,0,21,52,73,34,92,74,72,272,71,6,77,349
08/08/2005,SAV,GA,ASO,ES,Combined TRACON& Tower with Radar,34,90,54,15,193,0,0,17,1,18,34,90,71,16,211,5,0,5,216
08/09/2005,SAV,GA,ASO,ES,Combined TRACON& Tower with Radar,43,103,64,10,220,0,0,20,1,21,43,103,84,11,241,65,6,71,312
08/10/2005,SAV,GA,ASO,ES,Combined TRACON& Tower with Radar,35,92,58,7,192,0,0,29,3,32,35,92,87,10,224,40,0,40,264
08/11/2005,SAV,GA,ASO,ES,Combined TRACON& Tower with Radar,48,99,60,9,216,0,0,16,1,17,48,99,76,10,233,40,2,42,275
08/12/2005,SAV,GA,ASO,ES,Combined TRACON& Tower with Radar,40,81,69,28,218,0,0,17,1,18,40,81,86,29,236,28,0,28,264
08/13/2005,SAV,GA,ASO,ES,Combined TRACON& Tower with Radar,34,109,61,26,230,0,0,28,0,28,34,109,89,26,258,58,0,58,316
08/14/2005,SAV,GA,ASO,ES,Combined TRACON& Tower with Radar,35,82,48,19,184,0,0,34,0,34,35,82,82,19,218,168,6,174,392
08/15/2005,SAV,GA,ASO,ES,Combined TRACON& Tower with Radar,37,81,34,6,158,0,0,30,1,31,37,81,64,7,189,52,0,52,241
08/16/2005,SAV,GA,ASO,ES,Combined TRACON& Tower with Radar,36,93,62,6,197,0,0,47,0,47,36,93,109,6,244,117,0,117,361
08/17/2005,SAV,GA,ASO,ES,Combined TRACON& Tower with Radar,38,90,61,8,197,0,0,42,2,44,38,90,103,10,241,62,4,66,307
08/18/2005,SAV,GA,ASO,ES,Combined TRACON& Tower with Radar,34,95,70,4,203,0,0,22,3,25,34,95,92,7,228,39,0,39,267
08/19/2005,SAV,GA,ASO,ES,Combined TRACON& Tower with Radar,34,97,66,5,202,0,0,36,2,38,34,97,102,7,240,40,7,47,287
08/20/2005,SAV,GA,ASO,ES,Combined TRACON& Tower with Radar,34,112,48,19,213,0,0,53,0,53,34,112,101,19,266,144,9,153,419
08/21/2005,SAV,GA,ASO,ES,Combined TRACON& Tower with Radar,35,85,61,14,195,0,0,26,1,27,35,85,87,15,222,69,0,69,291
08/22/2005,SAV,GA,ASO,ES,Combined TRACON& Tower with Radar,33,77,68,5,183,0,1,10,0,11,33,78,78,5,194,27,0,27,221
08/23/2005,SAV,GA,ASO,ES,Combined TRACON& Tower with Radar,35,101,44,8,188,0,0,25,3,28,35,101,69,11,216,24,18,42,258
08/24/2005,SAV,GA,ASO,ES,Combined TRACON& Tower with Radar,35,97,60,15,207,0,0,12,0,12,35,97,72,15,219,70,2,72,291
08/25/2005,SAV,GA,ASO,ES,Combined TRACON& Tower with Radar,35,85,99,3,222,0,0,12,0,12,35,85,111,3,234,7,0,7,241
08/26/2005,SAV,GA,ASO,ES,Combined TRACON& Tower with Radar,38,93,61,8,200,0,0,10,0,10,38,93,71,8,210,16,6,22,232
08/27/2005,SAV,GA,ASO,ES,Combined TRACON& Tower with Radar,39,110,47,16,212,0,1,23,0,24,39,111,70,16,236,38,0,38,274
08/28/2005,SAV,GA,ASO,ES,Combined TRACON& Tower with Radar,33,89,43,23,188,0,0,30,7,37,33,89,73,30,225,26,0,26,251
08/29/2005,SAV,GA,ASO,ES,Combined TRACON& Tower with Radar,30,89,55,15,189,0,1,5,4,10,30,90,60,19,199,25,4,29,228
08/30/2005,SAV,GA,ASO,ES,Combined TRACON& Tower with Radar,38,90,76,12,216,0,1,0,0,1,38,91,76,12,217,21,10,31,248
08/31/2005,SAV,GA,ASO,ES,Combined TRACON& Tower with Radar,35,92,70,15,212,0,1,8,0,9,35,93,78,15,221,48,0,48,269
09/01/2005,SAV,GA,ASO,ES,Combined TRACON& Tower with Radar,31,85,82,4,202,0,0,45,0,45,31,85,127,4,247,75,0,75,322
09/02/2005,SAV,GA,ASO,ES,Combined TRACON& Tower with Radar,41,93,66,10,210,0,1,46,1,48,41,94,112,11,258,60,6,66,324
09/03/2005,SAV,GA,ASO,ES,Combined TRACON& Tower with Radar,48,85,50,2,185,0,1,41,1,43,48,86,91,3,228,0,0,0,228
09/04/2005,SAV,GA,ASO,ES,Combined TRACON& Tower with Radar,27,69,35,4,135,0,0,49,2,51,27,69,84,6,186,40,0,40,226
09/05/2005,SAV,GA,ASO,ES,Combined TRACON& Tower with Radar,30,66,50,6,152,0,2,32,2,36,30,68,82,8,188,4,0,4,192
09/06/2005,SAV,GA,ASO,ES,Combined TRACON& Tower with Radar,56,63,43,3,165,0,0,23,0,23,56,63,66,3,188,6,0,6,194
09/07/2005,SAV,GA,ASO,ES,Combined TRACON& Tower with Radar,37,93,47,9,186,0,0,13,0,13,37,93,60,9,199,30,10,40,239
09/08/2005,SAV,GA,ASO,ES,Combined TRACON& Tower with Radar,44,105,66,13,228,0,1,17,8,26,44,106,83,21,254,25,0,25,279
09/09/2005,SAV,GA,ASO,ES,Combined TRACON& Tower with Radar,38,97,46,17,198,0,1,17,0,18,38,98,63,17,216,8,0,8,224
09/10/2005,SAV,GA,ASO,ES,Combined TRACON& Tower with Radar,31,107,46,9,193,0,0,47,2,49,31,107,93,11,242,22,0,22,264
09/11/2005,SAV,GA,ASO,ES,Combined TRACON& Tower with Radar,37,96,47,3,183,0,0,39,1,40,37,96,86,4,223,46,0,46,269
09/12/2005,SAV,GA,ASO,ES,Combined TRACON& Tower with Radar,31,91,75,15,212,0,1,24,2,27,31,92,99,17,239,26,8,34,273
09/13/2005,SAV,GA,ASO,ES,Combined TRACON& Tower with Radar,38,98,62,15,213,0,1,23,1,25,38,99,85,16,238,50,4,54,292
09/14/2005,SAV,GA,ASO,ES,Combined TRACON& Tower with Radar,35,106,99,14,254,0,0,33,2,35,35,106,132,16,289,34,1,35,324
09/15/2005,SAV,GA,ASO,ES,Combined TRACON& Tower with Radar,41,104,82,21,248,0,0,44,4,48,41,104,126,25,296,22,7,29,325
09/16/2005,SAV,GA,ASO,ES,Combined TRACON& Tower with Radar,38,105,93,29,265,0,0,37,2,39,38,105,130,31,304,28,2,30,334
09/17/2005,SAV,GA,ASO,ES,Combined TRACON& Tower with Radar,37,115,45,29,226,0,0,33,4,37,37,115,78,33,263,64,2,66,329
09/18/2005,SAV,GA,ASO,ES,Combined TRACON& Tower with Radar,37,92,95,15,239,0,0,35,0,35,37,92,130,15,274,2,0,2,276
09/19/2005,SAV,GA,ASO,ES,Combined TRACON& Tower with Radar,37,107,80,12,236,0,0,25,0,25,37,107,105,12,261,89,0,89,350
09/20/2005,SAV,GA,ASO,ES,Combined TRACON& Tower with Radar,52,92,84,12,240,0,0,24,4,28,52,92,108,16,268,100,16,116,384
09/21/2005,SAV,GA,ASO,ES,Combined TRACON& Tower with Radar,43,104,102,5,254,0,0,12,1,13,43,104,114,6,267,2,6,8,275
09/22/2005,SAV,GA,ASO,ES,Combined TRACON& Tower with Radar,41,99,110,8,258,0,0,24,0,24,41,99,134,8,282,44,4,48,330
09/23/2005,SAV,GA,ASO,ES,Combined TRACON& Tower with Radar,42,96,120,15,273,0,1,36,2,39,42,97,156,17,312,48,5,53,365
09/24/2005,SAV,GA,ASO,ES,Combined TRACON& Tower with Radar,40,89,56,16,201,0,0,32,0,32,40,89,88,16,233,44,1,45,278
09/25/2005,SAV,GA,ASO,ES,Combined TRACON& Tower with Radar,39,89,91,7,226,0,0,40,0,40,39,89,131,7,266,86,0,86,352
09/26/2005,SAV,GA,ASO,ES,Combined TRACON& Tower with Radar,40,93,70,24,227,0,0,16,0,16,40,93,86,24,243,33,14,47,290
09/27/2005,SAV,GA,ASO,ES,Combined TRACON& Tower with Radar,39,87,76,4,206,0,0,31,0,31,39,87,107,4,237,20,6,26,263
09/28/2005,SAV,GA,ASO,ES,Combined TRACON& Tower with Radar,33,97,92,7,229,0,1,36,0,37,33,98,128,7,266,53,0,53,319
09/29/2005,SAV,GA,ASO,ES,Combined TRACON& Tower with Radar,38,104,79,12,233,0,1,26,0,27,38,105,105,12,260,45,0,45,305
09/30/2005,SAV,GA,ASO,ES,Combined TRACON& Tower with Radar,38,87,72,8,205,0,0,20,0,20,38,87,92,8,225,42,0,42,267
10/01/2005,SAV,GA,ASO,ES,Combined TRACON& Tower with Radar,44,73,61,2,180,0,0,27,1,28,44,73,88,3,208,20,0,20,228
10/02/2005,SAV,GA,ASO,ES,Combined TRACON& Tower with Radar,31,81,63,7,182,0,1,15,0,16,31,82,78,7,198,6,2,8,206
10/03/2005,SAV,GA,ASO,ES,Combined TRACON& Tower with Radar,35,76,61,18,190,0,2,5,0,7,35,78,66,18,197,60,2,62,259
10/04/2005,SAV,GA,ASO,ES,Combined TRACON& Tower with Radar,40,77,64,8,189,0,0,19,2,21,40,77,83,10,210,2,0,2,212
10/05/2005,SAV,GA,ASO,ES,Combined TRACON& Tower with Radar,36,92,61,2,191,0,0,0,0,0,36,92,61,2,191,0,0,0,191
10/06/2005,SAV,GA,ASO,ES,Combined TRACON& Tower with Radar,34,91,78,8,211,0,0,0,0,0,34,91,78,8,211,14,2,16,227
10/07/2005,SAV,GA,ASO,ES,Combined TRACON& Tower with Radar,37,89,83,5,214,0,0,0,0,0,37,89,83,5,214,2,0,2,216
10/08/2005,SAV,GA,ASO,ES,Combined TRACON& Tower with Radar,50,73,45,3,171,0,0,12,0,12,50,73,57,3,183,41,0,41,224
10/09/2005,SAV,GA,ASO,ES,Combined TRACON& Tower with Radar,35,74,82,7,198,0,0,17,0,17,35,74,99,7,215,76,2,78,293
10/10/2005,SAV,GA,ASO,ES,Combined TRACON& Tower with Radar,40,90,83,1,214,0,0,1,0,1,40,90,84,1,215,2,0,2,217
10/11/2005,SAV,GA,ASO,ES,Combined TRACON& Tower with Radar,38,95,82,8,223,0,0,2,0,2,38,95,84,8,225,2,0,2,227
10/12/2005,SAV,GA,ASO,ES,Combined TRACON& Tower with Radar,37,89,101,8,235,0,1,8,0,9,37,90,109,8,244,10,6,16,260
10/13/2005,SAV,GA,ASO,ES,Combined TRACON& Tower with Radar,39,96,105,11,251,0,0,12,5,17,39,96,117,16,268,28,4,32,300
10/14/2005,SAV,GA,ASO,ES,Combined TRACON& Tower with Radar,42,80,70,34,226,0,1,60,8,69,42,81,130,42,295,24,6,30,325
10/15/2005,SAV,GA,ASO,ES,Combined TRACON& Tower with Radar,49,75,53,1,178,0,0,53,0,53,49,75,106,1,231,130,0,130,361
10/16/2005,SAV,GA,ASO,ES,Combined TRACON& Tower with Radar,36,81,52,13,182,0,0,58,0,58,36,81,110,13,240,13,2,15,255
10/17/2005,SAV,GA,ASO,ES,Combined TRACON& Tower with Radar,34,86,52,19,191,0,1,34,3,38,34,87,86,22,229,84,2,86,315
10/18/2005,SAV,GA,ASO,ES,Combined TRACON& Tower with Radar,53,82,73,13,221,0,1,54,0,55,53,83,127,13,276,46,0,46,322
10/19/2005,SAV,GA,ASO,ES,Combined TRACON& Tower with Radar,38,102,78,9,227,0,2,47,1,50,38,104,125,10,277,88,0,88,365
10/20/2005,SAV,GA,ASO,ES,Combined TRACON& Tower with Radar,40,101,79,10,230,0,1,54,1,56,40,102,133,11,286,55,10,65,351
10/21/2005,SAV,GA,ASO,ES,Combined TRACON& Tower with Radar,41,83,102,4,230,0,1,27,4,32,41,84,129,8,262,32,0,32,294
10/22/2005,SAV,GA,ASO,ES,Combined TRACON& Tower with Radar,43,81,63,9,196,0,0,23,3,26,43,81,86,12,222,65,6,71,293
10/23/2005,SAV,GA,ASO,ES,Combined TRACON& Tower with Radar,37,75,79,14,205,0,0,40,4,44,37,75,119,18,249,21,0,21,270
10/24/2005,SAV,GA,ASO,ES,Combined TRACON& Tower with Radar,40,76,46,5,167,0,2,16,2,20,40,78,62,7,187,6,0,6,193
10/25/2005,SAV,GA,ASO,ES,Combined TRACON& Tower with Radar,42,88,64,4,198,0,3,34,0,37,42,91,98,4,235,12,0,12,247
10/26/2005,SAV,GA,ASO,ES,Combined TRACON& Tower with Radar,39,102,83,6,230,0,4,49,0,53,39,106,132,6,283,43,8,51,334
10/27/2005,SAV,GA,ASO,ES,Combined TRACON& Tower with Radar,38,103,78,7,226,0,0,54,15,69,38,103,132,22,295,98,14,112,407
10/28/2005,SAV,GA,ASO,ES,Combined TRACON& Tower with Radar,41,102,84,18,245,0,0,34,5,39,41,102,118,23,284,38,0,38,322
10/29/2005,SAV,GA,ASO,ES,Combined TRACON& Tower with Radar,43,78,47,2,170,0,0,45,0,45,43,78,92,2,215,6,0,6,221
10/30/2005,SAV,GA,ASO,ES,Combined TRACON& Tower with Radar,38,16,63,9,126,0,0,48,0,48,38,16,111,9,174,25,0,25,199
10/31/2005,SAV,GA,ASO,ES,Combined TRACON& Tower with Radar,38,73,43,4,158,0,0,45,4,49,38,73,88,8,207,7,2,9,216
11/01/2005,SAV,GA,ASO,ES,Combined TRACON& Tower with Radar,41,74,74,4,193,0,0,34,2,36,41,74,108,6,229,96,0,96,325
11/02/2005,SAV,GA,ASO,ES,Combined TRACON& Tower with Radar,33,70,79,9,191,0,0,48,4,52,33,70,127,13,243,64,5,69,312
11/03/2005,SAV,GA,ASO,ES,Combined TRACON& Tower with Radar,33,85,93,18,229,0,0,57,1,58,33,85,150,19,287,44,6,50,337
11/04/2005,SAV,GA,ASO,ES,Combined TRACON& Tower with Radar,33,67,76,35,211,0,0,53,5,58,33,67,129,40,269,69,1,70,339
11/05/2005,SAV,GA,ASO,ES,Combined TRACON& Tower with Radar,38,78,44,22,182,0,0,40,8,48,38,78,84,30,230,21,4,25,255
11/06/2005,SAV,GA,ASO,ES,Combined TRACON& Tower with Radar,37,55,65,29,186,0,0,51,0,51,37,55,116,29,237,60,26,86,323
11/07/2005,SAV,GA,ASO,ES,Combined TRACON& Tower with Radar,32,72,77,19,200,0,1,45,0,46,32,73,122,19,246,56,8,64,310
11/08/2005,SAV,GA,ASO,ES,Combined TRACON& Tower with Radar,37,75,81,23,216,0,2,37,1,40,37,77,118,24,256,34,2,36,292
11/09/2005,SAV,GA,ASO,ES,Combined TRACON& Tower with Radar,34,80,73,16,203,0,2,57,0,59,34,82,130,16,262,124,2,126,388
11/10/2005,SAV,GA,ASO,ES,Combined TRACON& Tower with Radar,37,80,86,23,226,0,0,45,4,49,37,80,131,27,275,83,22,105,380
11/11/2005,SAV,GA,ASO,ES,Combined TRACON& Tower with Radar,38,88,70,7,203,0,1,43,9,53,38,89,113,16,256,62,0,62,318
11/12/2005,SAV,GA,ASO,ES,Combined TRACON& Tower with Radar,44,52,47,6,149,0,0,41,6,47,44,52,88,12,196,60,0,60,256
11/13/2005,SAV,GA,ASO,ES,Combined TRACON& Tower with Radar,36,64,60,3,163,0,3,43,0,46,36,67,103,3,209,71,0,71,280
11/14/2005,SAV,GA,ASO,ES,Combined TRACON& Tower with Radar,36,72,87,20,215,0,2,17,2,21,36,74,104,22,236,28,12,40,276
11/15/2005,SAV,GA,ASO,ES,Combined TRACON& Tower with Radar,37,77,68,33,215,0,0,32,0,32,37,77,100,33,247,56,0,56,303
11/16/2005,SAV,GA,ASO,ES,Combined TRACON& Tower with Radar,42,81,87,31,241,0,4,40,3,47,42,85,127,34,288,68,2,70,358
11/17/2005,SAV,GA,ASO,ES,Combined TRACON& Tower with Radar,43,81,95,39,258,1,1,51,1,54,44,82,146,40,312,48,18,66,378
11/18/2005,SAV,GA,ASO,ES,Combined TRACON& Tower with Radar,42,72,99,54,267,3,3,36,1,43,45,75,135,55,310,18,8,26,336
11/19/2005,SAV,GA,ASO,ES,Combined TRACON& Tower with Radar,46,72,53,19,190,0,4,36,2,42,46,76,89,21,232,42,8,50,282
11/20/2005,SAV,GA,ASO,ES,Combined TRACON& Tower with Radar,37,67,99,13,216,0,2,4,0,6,37,69,103,13,222,6,4,10,232
11/21/2005,SAV,GA,ASO,ES,Combined TRACON& Tower with Radar,38,66,71,6,181,0,0,0,0,0,38,66,71,6,181,0,0,0,181
11/22/2005,SAV,GA,ASO,ES,Combined TRACON& Tower with Radar,41,71,80,16,208,0,0,0,0,0,41,71,80,16,208,2,4,6,214
11/23/2005,SAV,GA,ASO,ES,Combined TRACON& Tower with Radar,42,73,92,1,208,0,0,51,0,51,42,73,143,1,259,6,0,6,265
11/24/2005,SAV,GA,ASO,ES,Combined TRACON& Tower with Radar,32,47,12,0,91,0,0,15,0,15,32,47,27,0,106,7,0,7,113
11/25/2005,SAV,GA,ASO,ES,Combined TRACON& Tower with Radar,39,57,37,0,133,0,0,62,0,62,39,57,99,0,195,35,15,50,245
11/26/2005,SAV,GA,ASO,ES,Combined TRACON& Tower with Radar,41,77,63,1,182,0,1,59,0,60,41,78,122,1,242,28,0,28,270
11/27/2005,SAV,GA,ASO,ES,Combined TRACON& Tower with Radar,35,75,97,2,209,0,0,14,0,14,35,75,111,2,223,14,0,14,237
11/28/2005,SAV,GA,ASO,ES,Combined TRACON& Tower with Radar,32,71,69,19,191,0,0,4,0,4,32,71,73,19,195,0,12,12,207
11/29/2005,SAV,GA,ASO,ES,Combined TRACON& Tower with Radar,34,84,55,21,194,0,0,4,9,13,34,84,59,30,207,12,6,18,225
11/30/2005,SAV,GA,ASO,ES,Combined TRACON& Tower with Radar,39,80,84,18,221,0,1,70,3,74,39,81,154,21,295,110,8,118,413
12/01/2005,SAV,GA,ASO,ES,Combined TRACON& Tower with Radar,38,74,81,9,202,0,0,0,0,0,38,74,81,9,202,46,36,82,284
12/02/2005,SAV,GA,ASO,ES,Combined TRACON& Tower with Radar,39,61,83,24,207,0,0,61,0,61,39,61,144,24,268,36,10,46,314
12/03/2005,SAV,GA,ASO,ES,Combined TRACON& Tower with Radar,38,46,42,39,165,0,0,38,3,41,38,46,80,42,206,32,10,42,248
12/04/2005,SAV,GA,ASO,ES,Combined TRACON& Tower with Radar,32,48,54,21,155,0,0,26,0,26,32,48,80,21,181,16,2,18,199
12/05/2005,SAV,GA,ASO,ES,Combined TRACON& Tower with Radar,34,62,68,21,185,0,0,4,4,8,34,62,72,25,193,4,10,14,207
12/06/2005,SAV,GA,ASO,ES,Combined TRACON& Tower with Radar,33,58,56,18,165,0,0,35,9,44,33,58,91,27,209,14,6,20,229
12/07/2005,SAV,GA,ASO,ES,Combined TRACON& Tower with Radar,32,70,81,25,208,0,0,42,2,44,32,70,123,27,252,80,6,86,338
12/08/2005,SAV,GA,ASO,ES,Combined TRACON& Tower with Radar,32,70,56,13,171,0,0,0,0,0,32,70,56,13,171,0,0,0,171
12/09/2005,SAV,GA,ASO,ES,Combined TRACON& Tower with Radar,39,57,114,17,227,0,0,0,0,0,39,57,114,17,227,66,2,68,295
12/10/2005,SAV,GA,ASO,ES,Combined TRACON& Tower with Radar,33,48,49,13,143,0,2,69,1,72,33,50,118,14,215,65,0,65,280
12/11/2005,SAV,GA,ASO,ES,Combined TRACON& Tower with Radar,32,56,55,9,152,0,0,29,2,31,32,56,84,11,183,18,6,24,207
12/12/2005,SAV,GA,ASO,ES,Combined TRACON& Tower with Radar,29,74,77,12,192,0,0,32,2,34,29,74,109,14,226,62,0,62,288
12/13/2005,SAV,GA,ASO,ES,Combined TRACON& Tower with Radar,32,68,70,16,186,0,0,49,2,51,32,68,119,18,237,37,2,39,276
12/14/2005,SAV,GA,ASO,ES,Combined TRACON& Tower with Radar,26,72,82,20,200,0,0,20,2,22,26,72,102,22,222,6,6,12,234
12/15/2005,SAV,GA,ASO,ES,Combined TRACON& Tower with Radar,37,57,66,11,171,0,0,4,0,4,37,57,70,11,175,4,0,4,179
12/16/2005,SAV,GA,ASO,ES,Combined TRACON& Tower with Radar,42,60,84,21,207,0,2,52,0,54,42,62,136,21,261,30,6,36,297
12/17/2005,SAV,GA,ASO,ES,Combined TRACON& Tower with Radar,30,52,54,9,145,0,7,19,0,26,30,59,73,9,171,34,0,34,205
12/18/2005,SAV,GA,ASO,ES,Combined TRACON& Tower with Radar,36,53,45,9,143,0,0,0,0,0,36,53,45,9,143,0,0,0,143
12/19/2005,SAV,GA,ASO,ES,Combined TRACON& Tower with Radar,40,68,64,20,192,0,0,34,1,35,40,68,98,21,227,74,4,78,305
12/20/2005,SAV,GA,ASO,ES,Combined TRACON& Tower with Radar,42,69,64,12,187,0,0,54,2,56,42,69,118,14,243,34,24,58,301
12/21/2005,SAV,GA,ASO,ES,Combined TRACON& Tower with Radar,41,69,96,4,210,0,2,58,4,64,41,71,154,8,274,30,0,30,304
12/22/2005,SAV,GA,ASO,ES,Combined TRACON& Tower with Radar,45,65,67,10,187,0,2,42,3,47,45,67,109,13,234,55,6,61,295
12/23/2005,SAV,GA,ASO,ES,Combined TRACON& Tower with Radar,44,61,46,1,152,0,1,39,0,40,44,62,85,1,192,22,0,22,214
12/24/2005,SAV,GA,ASO,ES,Combined TRACON& Tower with Radar,31,49,34,0,114,0,0,30,0,30,31,49,64,0,144,33,0,33,177
12/25/2005,SAV,GA,ASO,ES,Combined TRACON& Tower with Radar,30,55,13,0,98,0,0,1,2,3,30,55,14,2,101,0,0,0,101
12/26/2005,SAV,GA,ASO,ES,Combined TRACON& Tower with Radar,37,52,70,1,160,0,0,24,0,24,37,52,94,1,184,0,0,0,184
12/27/2005,SAV,GA,ASO,ES,Combined TRACON& Tower with Radar,35,74,125,2,236,0,0,0,0,0,35,74,125,2,236,28,0,28,264
12/28/2005,SAV,GA,ASO,ES,Combined TRACON& Tower with Radar,41,64,67,7,179,0,8,32,0,40,41,72,99,7,219,14,6,20,239
12/29/2005,SAV,GA,ASO,ES,Combined TRACON& Tower with Radar,41,62,60,4,167,0,1,25,0,26,41,63,85,4,193,70,0,70,263
12/30/2005,SAV,GA,ASO,ES,Combined TRACON& Tower with Radar,44,70,69,0,183,0,4,66,0,70,44,74,135,0,253,76,0,76,329
12/31/2005,SAV,GA,ASO,ES,Combined TRACON& Tower with Radar,44,45,49,0,138,0,0,9,0,9,44,45,58,0,147,0,4,4,151
01/01/2006,SAV,GA,ASO,ES,Combined TRACON& Tower with Radar,31,55,87,0,173,0,0,0,0,0,31,55,87,0,173,12,0,12,185
01/02/2006,SAV,GA,ASO,ES,Combined TRACON& Tower with Radar,32,53,47,0,132,0,0,5,0,5,32,53,52,0,137,0,0,0,137
01/03/2006,SAV,GA,ASO,ES,Combined TRACON& Tower with Radar,37,60,92,13,202,0,0,22,0,22,37,60,114,13,224,46,0,46,270
01/04/2006,SAV,GA,ASO,ES,Combined TRACON& Tower with Radar,36,56,69,21,182,0,0,78,2,80,36,56,147,23,262,78,0,78,340
01/05/2006,SAV,GA,ASO,ES,Combined TRACON& Tower with Radar,42,65,78,4,189,0,2,43,1,46,42,67,121,5,235,119,0,119,354
01/06/2006,SAV,GA,ASO,ES,Combined TRACON& Tower with Radar,40,49,84,17,190,0,0,27,1,28,40,49,111,18,218,2,4,6,224
01/07/2006,SAV,GA,ASO,ES,Combined TRACON& Tower with Radar,37,33,54,10,134,0,0,60,1,61,37,33,114,11,195,36,0,36,231
01/08/2006,SAV,GA,ASO,ES,Combined TRACON& Tower with Radar,39,40,49,25,153,0,0,63,3,66,39,40,112,28,219,78,0,78,297
01/09/2006,SAV,GA,ASO,ES,Combined TRACON& Tower with Radar,34,45,59,16,154,0,0,41,4,45,34,45,100,20,199,104,6,110,309
01/10/2006,SAV,GA,ASO,ES,Combined TRACON& Tower with Radar,36,50,57,15,158,0,0,0,0,0,36,50,57,15,158,42,11,53,211
01/11/2006,SAV,GA,ASO,ES,Combined TRACON& Tower with Radar,42,60,69,6,177,0,0,34,1,35,42,60,103,7,212,24,0,24,236
01/12/2006,SAV,GA,ASO,ES,Combined TRACON& Tower with Radar,41,55,87,41,224,0,0,54,4,58,41,55,141,45,282,62,3,65,347
01/13/2006,SAV,GA,ASO,ES,Combined TRACON& Tower with Radar,43,57,82,9,191,0,0,10,0,10,43,57,92,9,201,51,0,51,252
01/14/2006,SAV,GA,ASO,ES,Combined TRACON& Tower with Radar,37,36,39,8,120,0,1,7,1,9,37,37,46,9,129,10,0,10,139
01/15/2006,SAV,GA,ASO,ES,Combined TRACON& Tower with Radar,37,43,45,14,139,0,0,72,1,73,37,43,117,15,212,130,4,134,346
01/16/2006,SAV,GA,ASO,ES,Combined TRACON& Tower with Radar,38,47,72,4,161,0,0,30,0,30,38,47,102,4,191,80,0,80,271
01/17/2006,SAV,GA,ASO,ES,Combined TRACON& Tower with Radar,35,46,51,9,141,0,0,10,4,14,35,46,61,13,155,5,3,8,163
01/18/2006,SAV,GA,ASO,ES,Combined TRACON& Tower with Radar,38,60,69,18,185,0,1,21,4,26,38,61,90,22,211,19,0,19,230
01/19/2006,SAV,GA,ASO,ES,Combined TRACON& Tower with Radar,38,66,102,28,234,0,1,52,5,58,38,67,154,33,292,46,12,58,350
01/20/2006,SAV,GA,ASO,ES,Combined TRACON& Tower with Radar,43,60,93,31,227,0,2,45,10,57,43,62,138,41,284,80,6,86,370
01/21/2006,SAV,GA,ASO,ES,Combined TRACON& Tower with Radar,33,43,30,22,128,0,0,38,0,38,33,43,68,22,166,61,4,65,231
01/22/2006,SAV,GA,ASO,ES,Combined TRACON& Tower with Radar,34,35,60,9,138,0,0,0,0,0,34,35,60,9,138,0,0,0,138
01/23/2006,SAV,GA,ASO,ES,Combined TRACON& Tower with Radar,35,51,66,12,164,0,0,0,1,1,35,51,66,13,165,10,2,12,177
01/24/2006,SAV,GA,ASO,ES,Combined TRACON& Tower with Radar,37,64,47,55,203,0,1,31,6,38,37,65,78,61,241,58,32,90,331
01/25/2006,SAV,GA,ASO,ES,Combined TRACON& Tower with Radar,42,60,86,16,204,0,2,60,9,71,42,62,146,25,275,21,4,25,300
01/26/2006,SAV,GA,ASO,ES,Combined TRACON& Tower with Radar,39,56,88,16,199,0,3,68,2,73,39,59,156,18,272,86,22,108,380
01/27/2006,SAV,GA,ASO,ES,Combined TRACON& Tower with Radar,40,62,98,40,240,0,3,47,3,53,40,65,145,43,293,86,46,132,425
01/28/2006,SAV,GA,ASO,ES,Combined TRACON& Tower with Radar,36,39,56,13,144,0,0,73,1,74,36,39,129,14,218,74,0,74,292
01/29/2006,SAV,GA,ASO,ES,Combined TRACON& Tower with Radar,33,47,58,18,156,0,0,3,2,5,33,47,61,20,161,0,6,6,167
01/30/2006,SAV,GA,ASO,ES,Combined TRACON& Tower with Radar,30,61,58,20,169,0,0,6,0,6,30,61,64,20,175,10,0,10,185
01/31/2006,SAV,GA,ASO,ES,Combined TRACON& Tower with Radar,40,48,62,23,173,0,0,47,1,48,40,48,109,24,221,14,0,14,235
02/01/2006,SAV,GA,ASO,ES,Combined TRACON& Tower with Radar,40,50,88,6,184,0,0,58,2,60,40,50,146,8,244,120,0,120,364
02/02/2006,SAV,GA,ASO,ES,Combined TRACON& Tower with Radar,42,43,84,13,182,0,0,18,0,18,42,43,102,13,200,24,0,24,224
02/03/2006,SAV,GA,ASO,ES,Combined TRACON& Tower with Radar,38,62,112,18,230,0,0,5,0,5,38,62,117,18,235,0,0,0,235
02/04/2006,SAV,GA,ASO,ES,Combined TRACON& Tower with Radar,38,45,57,20,160,0,1,5,1,7,38,46,62,21,167,0,4,4,171
02/05/2006,SAV,GA,ASO,ES,Combined TRACON& Tower with Radar,40,40,58,12,150,0,0,32,0,32,40,40,90,12,182,34,0,34,216
02/06/2006,SAV,GA,ASO,ES,Combined TRACON& Tower with Radar,37,55,65,10,167,0,1,42,7,50,37,56,107,17,217,35,2,37,254
02/07/2006,SAV,GA,ASO,ES,Combined TRACON& Tower with Radar,42,58,75,4,179,0,1,5,0,6,42,59,80,4,185,6,0,6,191
02/08/2006,SAV,GA,ASO,ES,Combined TRACON& Tower with Radar,35,59,83,6,183,0,0,61,0,61,35,59,144,6,244,28,2,30,274
02/09/2006,SAV,GA,ASO,ES,Combined TRACON& Tower with Radar,38,65,105,10,218,0,0,26,3,29,38,65,131,13,247,0,0,0,247
02/10/2006,SAV,GA,ASO,ES,Combined TRACON& Tower with Radar,39,68,94,17,218,0,0,61,1,62,39,68,155,18,280,76,6,82,362
02/11/2006,SAV,GA,ASO,ES,Combined TRACON& Tower with Radar,38,37,32,5,112,0,0,1,0,1,38,37,33,5,113,6,0,6,119
02/12/2006,SAV,GA,ASO,ES,Combined TRACON& Tower with Radar,35,40,62,10,147,0,0,25,0,25,35,40,87,10,172,14,2,16,188
02/13/2006,SAV,GA,ASO,ES,Combined TRACON& Tower with Radar,38,57,84,25,204,0,0,50,5,55,38,57,134,30,259,19,10,29,288
02/14/2006,SAV,GA,ASO,ES,Combined TRACON& Tower with Radar,36,56,62,18,172,0,0,52,5,57,36,56,114,23,229,54,4,58,287
02/15/2006,SAV,GA,ASO,ES,Combined TRACON& Tower with Radar,39,53,80,16,188,0,0,59,6,65,39,53,139,22,253,78,10,88,341
02/16/2006,SAV,GA,ASO,ES,Combined TRACON& Tower with Radar,44,80,109,21,254,0,0,33,3,36,44,80,142,24,290,8,6,14,304
02/17/2006,SAV,GA,ASO,ES,Combined TRACON& Tower with Radar,41,70,98,27,236,0,0,60,1,61,41,70,158,28,297,58,0,58,355
02/18/2006,SAV,GA,ASO,ES,Combined TRACON& Tower with Radar,42,48,49,13,152,0,0,31,0,31,42,48,80,13,183,70,0,70,253
02/19/2006,SAV,GA,ASO,ES,Combined TRACON& Tower with Radar,36,40,82,6,164,0,0,21,2,23,36,40,103,8,187,54,0,54,241
02/20/2006,SAV,GA,ASO,ES,Combined TRACON& Tower with Radar,42,56,108,13,219,0,0,4,0,4,42,56,112,13,223,12,8,20,243
02/21/2006,SAV,GA,ASO,ES,Combined TRACON& Tower with Radar,39,62,88,16,205,0,1,8,0,9,39,63,96,16,214,40,4,44,258
02/22/2006,SAV,GA,ASO,ES,Combined TRACON& Tower with Radar,47,48,87,28,210,0,1,21,6,28,47,49,108,34,238,10,4,14,252
02/23/2006,SAV,GA,ASO,ES,Combined TRACON& Tower with Radar,43,51,96,22,212,0,1,21,4,26,43,52,117,26,238,25,8,33,271
02/24/2006,SAV,GA,ASO,ES,Combined TRACON& Tower with Radar,43,48,115,22,228,0,2,75,4,81,43,50,190,26,309,92,2,94,403
02/25/2006,SAV,GA,ASO,ES,Combined TRACON& Tower with Radar,37,34,38,8,117,0,0,5,0,5,37,34,43,8,122,17,0,17,139
02/26/2006,SAV,GA,ASO,ES,Combined TRACON& Tower with Radar,39,46,71,19,175,0,0,41,1,42,39,46,112,20,217,12,0,12,229
02/27/2006,SAV,GA,ASO,ES,Combined TRACON& Tower with Radar,41,55,78,31,205,0,4,62,1,67,41,59,140,32,272,45,17,62,334
02/28/2006,SAV,GA,ASO,ES,Combined TRACON& Tower with Radar,39,56,73,13,181,0,0,47,7,54,39,56,120,20,235,56,19,75,310
03/01/2006,SAV,GA,ASO,ES,Combined TRACON& Tower with Radar,40,71,92,10,213,0,0,63,4,67,40,71,155,14,280,124,2,126,406
03/02/2006,SAV,GA,ASO,ES,Combined TRACON& Tower with Radar,40,56,98,20,214,0,2,29,1,32,40,58,127,21,246,27,4,31,277
03/03/2006,SAV,GA,ASO,ES,Combined TRACON& Tower with Radar,43,65,97,28,233,0,0,50,14,64,43,65,147,42,297,72,13,85,382
03/04/2006,SAV,GA,ASO,ES,Combined TRACON& Tower with Radar,38,52,46,5,141,0,0,93,2,95,38,52,139,7,236,94,0,94,330
03/05/2006,SAV,GA,ASO,ES,Combined TRACON& Tower with Radar,69,27,64,16,176,0,1,92,4,97,69,28,156,20,273,68,8,76,349
03/06/2006,SAV,GA,ASO,ES,Combined TRACON& Tower with Radar,39,49,67,4,159,0,0,21,3,24,39,49,88,7,183,10,4,14,197
03/07/2006,SAV,GA,ASO,ES,Combined TRACON& Tower with Radar,43,48,74,6,171,0,1,42,0,43,43,49,116,6,214,46,0,46,260
03/08/2006,SAV,GA,ASO,ES,Combined TRACON& Tower with Radar,42,67,98,15,222,0,0,37,3,40,42,67,135,18,262,94,0,94,356
03/09/2006,SAV,GA,ASO,ES,Combined TRACON& Tower with Radar,45,53,98,13,209,0,0,40,0,40,45,53,138,13,249,10,0,10,259
03/10/2006,SAV,GA,ASO,ES,Combined TRACON& Tower with Radar,41,61,89,16,207,0,1,36,0,37,41,62,125,16,244,32,4,36,280
03/11/2006,SAV,GA,ASO,ES,Combined TRACON& Tower with Radar,41,59,52,13,165,0,1,74,2,77,41,60,126,15,242,36,18,54,296
03/12/2006,SAV,GA,ASO,ES,Combined TRACON& Tower with Radar,0,0,0,0,0,30,59,141,14,244,30,59,141,14,244,86,0,86,330
03/13/2006,SAV,GA,ASO,ES,Combined TRACON& Tower with Radar,38,58,62,6,164,0,0,32,1,33,38,58,94,7,197,40,0,40,237
03/14/2006,SAV,GA,ASO,ES,Combined TRACON& Tower with Radar,37,51,48,15,151,0,0,21,0,21,37,51,69,15,172,0,2,2,174
03/15/2006,SAV,GA,ASO,ES,Combined TRACON& Tower with Radar,48,56,92,12,208,0,1,57,0,58,48,57,149,12,266,58,4,62,328
03/16/2006,SAV,GA,ASO,ES,Combined TRACON& Tower with Radar,42,58,82,25,207,0,0,77,8,85,42,58,159,33,292,75,5,80,372
03/17/2006,SAV,GA,ASO,ES,Combined TRACON& Tower with Radar,40,64,87,19,210,0,5,75,5,85,40,69,162,24,295,30,4,34,329
03/18/2006,SAV,GA,ASO,ES,Combined TRACON& Tower with Radar,42,46,45,8,141,0,0,79,2,81,42,46,124,10,222,68,24,92,314
03/19/2006,SAV,GA,ASO,ES,Combined TRACON& Tower with Radar,40,54,59,27,180,0,0,54,5,59,40,54,113,32,239,46,0,46,285
03/20/2006,SAV,GA,ASO,ES,Combined TRACON& Tower with Radar,39,57,62,16,174,0,0,25,0,25,39,57,87,16,199,16,0,16,215
03/21/2006,SAV,GA,ASO,ES,Combined TRACON& Tower with Radar,42,55,56,10,163,0,0,5,5,10,42,55,61,15,173,36,4,40,213
03/22/2006,SAV,GA,ASO,ES,Combined TRACON& Tower with Radar,42,55,79,9,185,0,3,83,4,90,42,58,162,13,275,55,0,55,330
03/23/2006,SAV,GA,ASO,ES,Combined TRACON& Tower with Radar,41,61,85,5,192,0,2,27,1,30,41,63,112,6,222,55,4,59,281
03/24/2006,SAV,GA,ASO,ES,Combined TRACON& Tower with Radar,39,56,93,12,200,0,1,36,1,38,39,57,129,13,238,53,0,53,291
03/25/2006,SAV,GA,ASO,ES,Combined TRACON& Tower with Radar,41,65,62,11,179,0,0,50,5,55,41,65,112,16,234,2,0,2,236
03/26/2006,SAV,GA,ASO,ES,Combined TRACON& Tower with Radar,38,52,70,14,174,0,0,86,1,87,38,52,156,15,261,64,0,64,325
03/27/2006,SAV,GA,ASO,ES,Combined TRACON& Tower with Radar,37,54,73,25,189,0,3,69,0,72,37,57,142,25,261,64,0,64,325
03/28/2006,SAV,GA,ASO,ES,Combined TRACON& Tower with Radar,42,54,68,10,174,0,0,48,3,51,42,54,116,13,225,32,8,40,265
03/29/2006,SAV,GA,ASO,ES,Combined TRACON& Tower with Radar,42,54,88,22,206,0,4,46,2,52,42,58,134,24,258,36,0,36,294
03/30/2006,SAV,GA,ASO,ES,Combined TRACON& Tower with Radar,45,67,102,35,249,0,5,38,2,45,45,72,140,37,294,68,0,68,362
03/31/2006,SAV,GA,ASO,ES,Combined TRACON& Tower with Radar,40,66,125,38,269,0,1,62,2,65,40,67,187,40,334,42,0,42,376
04/01/2006,SAV,GA,ASO,ES,Combined TRACON& Tower with Radar,39,62,71,13,185,0,0,52,1,53,39,62,123,14,238,26,2,28,266
04/02/2006,SAV,GA,ASO,ES,Combined TRACON& Tower with Radar,41,53,89,10,193,0,0,79,0,79,41,53,168,10,272,60,0,60,332
04/03/2006,SAV,GA,ASO,ES,Combined TRACON& Tower with Radar,37,51,80,15,183,0,1,37,3,41,37,52,117,18,224,32,0,32,256
04/04/2006,SAV,GA,ASO,ES,Combined TRACON& Tower with Radar,42,55,89,22,208,0,3,50,2,55,42,58,139,24,263,10,8,18,281
04/05/2006,SAV,GA,ASO,ES,Combined TRACON& Tower with Radar,43,60,93,4,200,0,2,71,3,76,43,62,164,7,276,12,2,14,290
04/06/2006,SAV,GA,ASO,ES,Combined TRACON& Tower with Radar,42,65,79,19,205,0,3,77,11,91,42,68,156,30,296,12,13,25,321
04/07/2006,SAV,GA,ASO,ES,Combined TRACON& Tower with Radar,42,70,103,28,243,0,2,60,10,72,42,72,163,38,315,5,0,5,320
04/08/2006,SAV,GA,ASO,ES,Combined TRACON& Tower with Radar,55,68,65,25,213,0,0,18,6,24,55,68,83,31,237,18,0,18,255
04/09/2006,SAV,GA,ASO,ES,Combined TRACON& Tower with Radar,42,60,18,15,135,0,0,139,14,153,42,60,157,29,288,16,0,16,304
04/10/2006,SAV,GA,ASO,ES,Combined TRACON& Tower with Radar,42,59,70,15,186,0,2,61,5,68,42,61,131,20,254,28,0,28,282
04/11/2006,SAV,GA,ASO,ES,Combined TRACON& Tower with Radar,42,72,93,18,225,0,1,73,4,78,42,73,166,22,303,2,2,4,307
04/12/2006,SAV,GA,ASO,ES,Combined TRACON& Tower with Radar,42,75,102,21,240,0,1,76,2,79,42,76,178,23,319,18,16,34,353
04/13/2006,SAV,GA,ASO,ES,Combined TRACON& Tower with Radar,41,72,115,15,243,0,2,80,2,84,41,74,195,17,327,49,12,61,388
04/14/2006,SAV,GA,ASO,ES,Combined TRACON& Tower with Radar,39,65,64,4,172,0,2,75,2,79,39,67,139,6,251,34,0,34,285
04/15/2006,SAV,GA,ASO,ES,Combined TRACON& Tower with Radar,48,66,51,0,165,0,0,42,1,43,48,66,93,1,208,50,0,50,258
04/16/2006,SAV,GA,ASO,ES,Combined TRACON& Tower with Radar,49,61,64,0,174,0,0,41,3,44,49,61,105,3,218,22,0,22,240
04/17/2006,SAV,GA,ASO,ES,Combined TRACON& Tower with Radar,39,67,116,6,228,0,0,20,0,20,39,67,136,6,248,7,0,7,255
04/18/2006,SAV,GA,ASO,ES,Combined TRACON& Tower with Radar,42,82,103,18,245,0,0,15,0,15,42,82,118,18,260,40,1,41,301
04/19/2006,SAV,GA,ASO,ES,Combined TRACON& Tower with Radar,41,71,94,15,221,0,0,13,1,14,41,71,107,16,235,10,2,12,247
04/20/2006,SAV,GA,ASO,ES,Combined TRACON& Tower with Radar,40,82,116,12,250,0,1,34,3,38,40,83,150,15,288,118,6,124,412
04/21/2006,SAV,GA,ASO,ES,Combined TRACON& Tower with Radar,40,60,113,22,235,0,7,62,8,77,40,67,175,30,312,18,30,48,360
04/22/2006,SAV,GA,ASO,ES,Combined TRACON& Tower with Radar,38,90,43,7,178,0,0,15,1,16,38,90,58,8,194,4,6,10,204
04/23/2006,SAV,GA,ASO,ES,Combined TRACON& Tower with Radar,45,68,100,2,215,0,0,71,0,71,45,68,171,2,286,40,1,41,327
04/24/2006,SAV,GA,ASO,ES,Combined TRACON& Tower with Radar,40,53,76,14,183,0,0,44,2,46,40,53,120,16,229,27,0,27,256
04/25/2006,SAV,GA,ASO,ES,Combined TRACON& Tower with Radar,42,62,71,4,179,0,0,41,0,41,42,62,112,4,220,16,0,16,236
04/26/2006,SAV,GA,ASO,ES,Combined TRACON& Tower with Radar,43,64,72,11,190,0,0,18,1,19,43,64,90,12,209,92,0,92,301
04/27/2006,SAV,GA,ASO,ES,Combined TRACON& Tower with Radar,42,66,113,5,226,0,2,29,1,32,42,68,142,6,258,24,0,24,282
04/28/2006,SAV,GA,ASO,ES,Combined TRACON& Tower with Radar,43,67,98,28,236,0,2,77,1,80,43,69,175,29,316,29,0,29,345
04/29/2006,SAV,GA,ASO,ES,Combined TRACON& Tower with Radar,49,64,57,8,178,0,0,60,4,64,49,64,117,12,242,6,0,6,248
04/30/2006,SAV,GA,ASO,ES,Combined TRACON& Tower with Radar,40,56,67,14,177,0,2,65,3,70,40,58,132,17,247,36,0,36,283
05/01/2006,SAV,GA,ASO,ES,Combined TRACON& Tower with Radar,37,65,56,5,163,0,0,46,0,46,37,65,102,5,209,30,0,30,239
05/02/2006,SAV,GA,ASO,ES,Combined TRACON& Tower with Radar,41,66,77,2,186,0,0,57,1,58,41,66,134,3,244,28,2,30,274
05/03/2006,SAV,GA,ASO,ES,Combined TRACON& Tower with Radar,39,82,81,10,212,0,0,44,1,45,39,82,125,11,257,8,0,8,265
05/04/2006,SAV,GA,ASO,ES,Combined TRACON& Tower with Radar,40,86,82,10,218,0,0,44,1,45,40,86,126,11,263,8,0,8,271
05/05/2006,SAV,GA,ASO,ES,Combined TRACON& Tower with Radar,38,70,88,11,207,0,0,33,0,33,38,70,121,11,240,25,0,25,265
05/06/2006,SAV,GA,ASO,ES,Combined TRACON& Tower with Radar,48,68,83,1,200,0,1,25,2,28,48,69,108,3,228,40,1,41,269
05/07/2006,SAV,GA,ASO,ES,Combined TRACON& Tower with Radar,41,80,62,19,202,0,0,18,1,19,41,80,80,20,221,22,0,22,243
05/08/2006,SAV,GA,ASO,ES,Combined TRACON& Tower with Radar,41,68,74,6,189,0,0,2,0,2,41,68,76,6,191,42,6,48,239
05/09/2006,SAV,GA,ASO,ES,Combined TRACON& Tower with Radar,45,75,93,15,228,0,0,23,2,25,45,75,116,17,253,108,10,118,371
05/10/2006,SAV,GA,ASO,ES,Combined TRACON& Tower with Radar,41,70,102,14,227,0,0,17,2,19,41,70,119,16,246,54,0,54,300
05/11/2006,SAV,GA,ASO,ES,Combined TRACON& Tower with Radar,47,81,107,9,244,0,1,16,1,18,47,82,123,10,262,32,2,34,296
05/12/2006,SAV,GA,ASO,ES,Combined TRACON& Tower with Radar,43,67,96,21,227,0,4,91,1,96,43,71,187,22,323,44,0,44,367
05/13/2006,SAV,GA,ASO,ES,Combined TRACON& Tower with Radar,50,78,52,3,183,0,1,70,1,72,50,79,122,4,255,48,0,48,303
05/14/2006,SAV,GA,ASO,ES,Combined TRACON& Tower with Radar,41,63,41,4,149,0,2,43,3,48,41,65,84,7,197,18,0,18,215
05/15/2006,SAV,GA,ASO,ES,Combined TRACON& Tower with Radar,41,65,77,24,207,0,0,5,2,7,41,65,82,26,214,12,0,12,226
05/16/2006,SAV,GA,ASO,ES,Combined TRACON& Tower with Radar,48,51,96,8,203,0,0,67,2,69,48,51,163,10,272,80,0,80,352
05/17/2006,SAV,GA,ASO,ES,Combined TRACON& Tower with Radar,44,66,96,31,237,0,2,54,1,57,44,68,150,32,294,44,18,62,356
05/18/2006,SAV,GA,ASO,ES,Combined TRACON& Tower with Radar,44,52,116,33,245,0,3,63,4,70,44,55,179,37,315,40,10,50,365
05/19/2006,SAV,GA,ASO,ES,Combined TRACON& Tower with Radar,45,70,71,33,219,0,0,47,4,51,45,70,118,37,270,22,17,39,309
05/20/2006,SAV,GA,ASO,ES,Combined TRACON& Tower with Radar,52,61,37,21,171,0,0,43,3,46,52,61,80,24,217,26,6,32,249
05/21/2006,SAV,GA,ASO,ES,Combined TRACON& Tower with Radar,46,45,78,7,176,0,1,44,3,48,46,46,122,10,224,4,0,4,228
05/22/2006,SAV,GA,ASO,ES,Combined TRACON& Tower with Radar,39,66,66,17,188,0,2,50,0,52,39,68,116,17,240,26,0,26,266
05/23/2006,SAV,GA,ASO,ES,Combined TRACON& Tower with Radar,43,64,50,16,173,0,1,43,9,53,43,65,93,25,226,12,2,14,240
05/24/2006,SAV,GA,ASO,ES,Combined TRACON& Tower with Radar,45,64,80,10,199,0,3,38,2,43,45,67,118,12,242,56,10,66,308
05/25/2006,SAV,GA,ASO,ES,Combined TRACON& Tower with Radar,44,58,83,16,201,0,1,45,4,50,44,59,128,20,251,18,20,38,289
05/26/2006,SAV,GA,ASO,ES,Combined TRACON& Tower with Radar,45,61,77,8,191,0,0,43,7,50,45,61,120,15,241,50,0,50,291
05/27/2006,SAV,GA,ASO,ES,Combined TRACON& Tower with Radar,48,63,36,5,152,0,0,49,0,49,48,63,85,5,201,22,0,22,223
05/28/2006,SAV,GA,ASO,ES,Combined TRACON& Tower with Radar,43,42,33,2,120,0,2,57,1,60,43,44,90,3,180,34,0,34,214
05/29/2006,SAV,GA,ASO,ES,Combined TRACON& Tower with Radar,41,47,62,0,150,0,1,74,8,83,41,48,136,8,233,34,0,34,267
05/30/2006,SAV,GA,ASO,ES,Combined TRACON& Tower with Radar,41,66,68,30,205,0,0,53,0,53,41,66,121,30,258,12,25,37,295
05/31/2006,SAV,GA,ASO,ES,Combined TRACON& Tower with Radar,48,69,78,22,217,0,0,30,5,35,48,69,108,27,252,34,0,34,286
06/01/2006,SAV,GA,ASO,ES,Combined TRACON& Tower with Radar,43,58,58,36,195,0,0,33,3,36,43,58,91,39,231,60,0,60,291
06/02/2006,SAV,GA,ASO,ES,Combined TRACON& Tower with Radar,45,57,76,20,198,0,2,25,0,27,45,59,101,20,225,48,0,48,273
06/03/2006,SAV,GA,ASO,ES,Combined TRACON& Tower with Radar,42,74,67,4,187,0,0,46,2,48,42,74,113,6,235,40,0,40,275
06/04/2006,SAV,GA,ASO,ES,Combined TRACON& Tower with Radar,46,47,59,4,156,0,2,84,0,86,46,49,143,4,242,16,0,16,258
06/05/2006,SAV,GA,ASO,ES,Combined TRACON& Tower with Radar,41,58,77,31,207,0,11,41,0,52,41,69,118,31,259,70,8,78,337
06/06/2006,SAV,GA,ASO,ES,Combined TRACON& Tower with Radar,40,57,67,49,213,0,1,55,1,57,40,58,122,50,270,4,2,6,276
06/07/2006,SAV,GA,ASO,ES,Combined TRACON& Tower with Radar,42,59,66,30,197,0,0,52,1,53,42,59,118,31,250,46,0,46,296
06/08/2006,SAV,GA,ASO,ES,Combined TRACON& Tower with Radar,38,76,101,38,253,0,0,48,2,50,38,76,149,40,303,20,4,24,327
06/09/2006,SAV,GA,ASO,ES,Combined TRACON& Tower with Radar,41,63,72,35,211,0,3,57,2,62,41,66,129,37,273,130,12,142,415
06/10/2006,SAV,GA,ASO,ES,Combined TRACON& Tower with Radar,54,66,63,14,197,0,2,60,3,65,54,68,123,17,262,71,2,73,335
06/11/2006,SAV,GA,ASO,ES,Combined TRACON& Tower with Radar,43,55,51,11,160,0,0,47,3,50,43,55,98,14,210,64,0,64,274
06/12/2006,SAV,GA,ASO,ES,Combined TRACON& Tower with Radar,39,66,46,26,177,0,0,28,1,29,39,66,74,27,206,42,0,42,248
06/13/2006,SAV,GA,ASO,ES,Combined TRACON& Tower with Radar,42,64,41,4,151,0,0,1,0,1,42,64,42,4,152,8,0,8,160
06/14/2006,SAV,GA,ASO,ES,Combined TRACON& Tower with Radar,44,52,72,29,197,0,2,24,1,27,44,54,96,30,224,20,8,28,252
06/15/2006,SAV,GA,ASO,ES,Combined TRACON& Tower with Radar,40,61,90,43,234,0,2,54,2,58,40,63,144,45,292,34,2,36,328
06/16/2006,SAV,GA,ASO,ES,Combined TRACON& Tower with Radar,41,74,85,21,221,0,3,69,2,74,41,77,154,23,295,88,6,94,389
06/17/2006,SAV,GA,ASO,ES,Combined TRACON& Tower with Radar,46,66,47,5,164,0,1,62,2,65,46,67,109,7,229,45,0,45,274
06/18/2006,SAV,GA,ASO,ES,Combined TRACON& Tower with Radar,41,47,67,7,162,0,0,45,3,48,41,47,112,10,210,30,0,30,240
06/19/2006,SAV,GA,ASO,ES,Combined TRACON& Tower with Radar,41,56,72,35,204,0,1,34,0,35,41,57,106,35,239,20,1,21,260
06/20/2006,SAV,GA,ASO,ES,Combined TRACON& Tower with Radar,41,77,62,48,228,0,2,46,1,49,41,79,108,49,277,50,18,68,345
06/21/2006,SAV,GA,ASO,ES,Combined TRACON& Tower with Radar,41,65,64,29,199,0,1,50,0,51,41,66,114,29,250,2,1,3,253
06/22/2006,SAV,GA,ASO,ES,Combined TRACON& Tower with Radar,43,65,86,59,253,0,3,29,4,36,43,68,115,63,289,24,0,24,313
06/23/2006,SAV,GA,ASO,ES,Combined TRACON& Tower with Radar,43,64,90,33,230,0,0,45,1,46,43,64,135,34,276,57,40,97,373
06/24/2006,SAV,GA,ASO,ES,Combined TRACON& Tower with Radar,37,77,76,4,194,0,0,38,2,40,37,77,114,6,234,8,0,8,242
06/25/2006,SAV,GA,ASO,ES,Combined TRACON& Tower with Radar,35,52,67,8,162,0,0,5,0,5,35,52,72,8,167,14,0,14,181
06/26/2006,SAV,GA,ASO,ES,Combined TRACON& Tower with Radar,41,53,88,39,221,0,1,109,0,110,41,54,197,39,331,33,2,35,366
06/27/2006,SAV,GA,ASO,ES,Combined TRACON& Tower with Radar,41,62,74,54,231,0,0,24,2,26,41,62,98,56,257,42,8,50,307
06/28/2006,SAV,GA,ASO,ES,Combined TRACON& Tower with Radar,47,59,71,32,209,0,0,40,0,40,47,59,111,32,249,20,8,28,277
06/29/2006,SAV,GA,ASO,ES,Combined TRACON& Tower with Radar,38,75,85,45,243,0,0,45,2,47,38,75,130,47,290,40,16,56,346
06/30/2006,SAV,GA,ASO,ES,Combined TRACON& Tower with Radar,45,56,83,29,213,0,2,65,3,70,45,58,148,32,283,50,0,50,333
07/01/2006,SAV,GA,ASO,ES,Combined TRACON& Tower with Radar,54,69,46,0,169,0,0,47,2,49,54,69,93,2,218,46,0,46,264
07/02/2006,SAV,GA,ASO,ES,Combined TRACON& Tower with Radar,45,47,40,0,132,0,0,43,0,43,45,47,83,0,175,18,0,18,193
07/03/2006,SAV,GA,ASO,ES,Combined TRACON& Tower with Radar,41,56,27,6,130,0,0,48,0,48,41,56,75,6,178,55,0,55,233
07/04/2006,SAV,GA,ASO,ES,Combined TRACON& Tower with Radar,42,33,21,1,97,0,0,32,0,32,42,33,53,1,129,22,0,22,151
07/05/2006,SAV,GA,ASO,ES,Combined TRACON& Tower with Radar,42,56,58,45,201,0,4,25,0,29,42,60,83,45,230,0,3,3,233
07/06/2006,SAV,GA,ASO,ES,Combined TRACON& Tower with Radar,56,67,72,35,230,0,0,28,1,29,56,67,100,36,259,23,0,23,282
07/07/2006,SAV,GA,ASO,ES,Combined TRACON& Tower with Radar,43,61,60,19,183,0,0,32,8,40,43,61,92,27,223,17,4,21,244
07/08/2006,SAV,GA,ASO,ES,Combined TRACON& Tower with Radar,50,67,43,6,166,0,0,62,0,62,50,67,105,6,228,88,2,90,318
07/09/2006,SAV,GA,ASO,ES,Combined TRACON& Tower with Radar,43,54,54,4,155,0,0,53,0,53,43,54,107,4,208,38,0,38,246
07/10/2006,SAV,GA,ASO,ES,Combined TRACON& Tower with Radar,41,59,44,43,187,0,1,39,1,41,41,60,83,44,228,30,20,50,278
07/11/2006,SAV,GA,ASO,ES,Combined TRACON& Tower with Radar,46,61,76,51,234,0,1,42,1,44,46,62,118,52,278,34,24,58,336
07/12/2006,SAV,GA,ASO,ES,Combined TRACON& Tower with Radar,40,71,57,43,211,0,0,23,0,23,40,71,80,43,234,0,0,0,234
07/13/2006,SAV,GA,ASO,ES,Combined TRACON& Tower with Radar,49,55,72,37,213,0,2,41,2,45,49,57,113,39,258,28,17,45,303
07/14/2006,SAV,GA,ASO,ES,Combined TRACON& Tower with Radar,46,63,72,40,221,0,0,56,6,62,46,63,128,46,283,54,24,78,361
07/15/2006,SAV,GA,ASO,ES,Combined TRACON& Tower with Radar,46,74,41,15,176,0,0,45,9,54,46,74,86,24,230,106,2,108,338
07/16/2006,SAV,GA,ASO,ES,Combined TRACON& Tower with Radar,43,58,43,11,155,0,0,40,8,48,43,58,83,19,203,14,0,14,217
07/17/2006,SAV,GA,ASO,ES,Combined TRACON& Tower with Radar,38,70,66,19,193,0,2,36,2,40,38,72,102,21,233,10,0,10,243
07/18/2006,SAV,GA,ASO,ES,Combined TRACON& Tower with Radar,43,69,55,43,210,0,1,33,3,37,43,70,88,46,247,18,30,48,295
07/19/2006,SAV,GA,ASO,ES,Combined TRACON& Tower with Radar,42,60,69,32,203,0,1,49,4,54,42,61,118,36,257,28,20,48,305
07/20/2006,SAV,GA,ASO,ES,Combined TRACON& Tower with Radar,37,72,61,36,206,0,0,53,5,58,37,72,114,41,264,36,30,66,330
07/21/2006,SAV,GA,ASO,ES,Combined TRACON& Tower with Radar,44,57,74,37,212,0,1,52,3,56,44,58,126,40,268,24,22,46,314
07/22/2006,SAV,GA,ASO,ES,Combined TRACON& Tower with Radar,49,69,38,8,164,0,0,47,5,52,49,69,85,13,216,10,4,14,230
07/23/2006,SAV,GA,ASO,ES,Combined TRACON& Tower with Radar,40,66,58,12,176,0,0,35,1,36,40,66,93,13,212,30,0,30,242
07/24/2006,SAV,GA,ASO,ES,Combined TRACON& Tower with Radar,44,56,57,33,190,0,0,26,0,26,44,56,83,33,216,13,4,17,233
07/25/2006,SAV,GA,ASO,ES,Combined TRACON& Tower with Radar,43,58,81,39,221,0,0,21,0,21,43,58,102,39,242,39,7,46,288
07/26/2006,SAV,GA,ASO,ES,Combined TRACON& Tower with Radar,45,63,56,39,203,0,0,66,0,66,45,63,122,39,269,22,14,36,305
07/27/2006,SAV,GA,ASO,ES,Combined TRACON& Tower with Radar,49,72,49,33,203,0,0,44,0,44,49,72,93,33,247,16,4,20,267
07/28/2006,SAV,GA,ASO,ES,Combined TRACON& Tower with Radar,42,64,61,25,192,0,0,58,3,61,42,64,119,28,253,66,0,66,319
07/29/2006,SAV,GA,ASO,ES,Combined TRACON& Tower with Radar,48,69,43,22,182,0,0,48,5,53,48,69,91,27,235,12,22,34,269
07/30/2006,SAV,GA,ASO,ES,Combined TRACON& Tower with Radar,52,46,41,12,151,0,0,31,4,35,52,46,72,16,186,8,6,14,200
07/31/2006,SAV,GA,ASO,ES,Combined TRACON& Tower with Radar,43,61,69,22,195,0,2,32,3,37,43,63,101,25,232,62,12,74,306
08/01/2006,SAV,GA,ASO,ES,Combined TRACON& Tower with Radar,46,68,79,24,217,0,2,39,1,42,46,70,118,25,259,21,26,47,306
08/02/2006,SAV,GA,ASO,ES,Combined TRACON& Tower with Radar,44,59,70,33,206,0,0,46,3,49,44,59,116,36,255,33,0,33,288
08/03/2006,SAV,GA,ASO,ES,Combined TRACON& Tower with Radar,45,53,48,26,172,0,2,35,2,39,45,55,83,28,211,18,0,18,229
08/04/2006,SAV,GA,ASO,ES,Combined TRACON& Tower with Radar,56,64,58,20,198,0,1,34,1,36,56,65,92,21,234,54,0,54,288
08/05/2006,SAV,GA,ASO,ES,Combined TRACON& Tower with Radar,69,60,43,19,191,0,0,47,1,48,69,60,90,20,239,38,14,52,291
08/06/2006,SAV,GA,ASO,ES,Combined TRACON& Tower with Radar,46,51,54,2,153,0,2,61,2,65,46,53,115,4,218,51,5,56,274
08/07/2006,SAV,GA,ASO,ES,Combined TRACON& Tower with Radar,37,55,69,8,169,0,0,35,1,36,37,55,104,9,205,54,0,54,259
08/08/2006,SAV,GA,ASO,ES,Combined TRACON& Tower with Radar,48,61,61,6,176,0,2,50,1,53,48,63,111,7,229,75,0,75,304
08/09/2006,SAV,GA,ASO,ES,Combined TRACON& Tower with Radar,47,89,57,10,203,0,1,18,4,23,47,90,75,14,226,47,0,47,273
08/10/2006,SAV,GA,ASO,ES,Combined TRACON& Tower with Radar,42,69,71,5,187,0,2,28,0,30,42,71,99,5,217,42,0,42,259
08/11/2006,SAV,GA,ASO,ES,Combined TRACON& Tower with Radar,41,66,66,4,177,0,1,37,0,38,41,67,103,4,215,61,0,61,276
08/12/2006,SAV,GA,ASO,ES,Combined TRACON& Tower with Radar,50,84,56,6,196,0,0,5,1,6,50,84,61,7,202,4,0,4,206
08/13/2006,SAV,GA,ASO,ES,Combined TRACON& Tower with Radar,43,67,66,6,182,0,1,16,5,22,43,68,82,11,204,8,6,14,218
08/14/2006,SAV,GA,ASO,ES,Combined TRACON& Tower with Radar,44,58,65,7,174,0,3,52,1,56,44,61,117,8,230,66,0,66,296
08/15/2006,SAV,GA,ASO,ES,Combined TRACON& Tower with Radar,47,72,68,2,189,0,0,49,1,50,47,72,117,3,239,109,0,109,348
08/16/2006,SAV,GA,ASO,ES,Combined TRACON& Tower with Radar,44,68,68,2,182,0,1,41,4,46,44,69,109,6,228,75,0,75,303
08/17/2006,SAV,GA,ASO,ES,Combined TRACON& Tower with Radar,50,61,85,11,207,0,3,32,3,38,50,64,117,14,245,12,2,14,259
08/18/2006,SAV,GA,ASO,ES,Combined TRACON& Tower with Radar,46,64,81,31,222,0,0,30,0,30,46,64,111,31,252,16,12,28,280
08/19/2006,SAV,GA,ASO,ES,Combined TRACON& Tower with Radar,52,80,45,14,191,0,0,31,6,37,52,80,76,20,228,68,2,70,298
08/20/2006,SAV,GA,ASO,ES,Combined TRACON& Tower with Radar,60,52,59,25,196,0,5,20,5,30,60,57,79,30,226,34,0,34,260
08/21/2006,SAV,GA,ASO,ES,Combined TRACON& Tower with Radar,41,62,49,17,169,0,1,28,0,29,41,63,77,17,198,6,4,10,208
08/22/2006,SAV,GA,ASO,ES,Combined TRACON& Tower with Radar,43,71,68,19,201,0,0,37,1,38,43,71,105,20,239,26,2,28,267
08/23/2006,SAV,GA,ASO,ES,Combined TRACON& Tower with Radar,44,74,76,26,220,0,1,33,4,38,44,75,109,30,258,68,3,71,329
08/24/2006,SAV,GA,ASO,ES,Combined TRACON& Tower with Radar,42,71,50,25,188,0,0,2,0,2,42,71,52,25,190,30,0,30,220
08/25/2006,SAV,GA,ASO,ES,Combined TRACON& Tower with Radar,44,56,90,19,209,0,0,20,2,22,44,56,110,21,231,39,6,45,276
08/26/2006,SAV,GA,ASO,ES,Combined TRACON& Tower with Radar,47,86,45,4,182,0,0,45,0,45,47,86,90,4,227,69,0,69,296
08/27/2006,SAV,GA,ASO,ES,Combined TRACON& Tower with Radar,48,53,67,13,181,0,1,49,2,52,48,54,116,15,233,56,2,58,291
08/28/2006,SAV,GA,ASO,ES,Combined TRACON& Tower with Radar,37,71,65,23,196,0,1,35,4,40,37,72,100,27,236,57,2,59,295
08/29/2006,SAV,GA,ASO,ES,Combined TRACON& Tower with Radar,43,57,71,29,200,0,2,50,4,56,43,59,121,33,256,64,24,88,344
08/30/2006,SAV,GA,ASO,ES,Combined TRACON& Tower with Radar,43,63,53,12,171,0,0,22,5,27,43,63,75,17,198,72,4,76,274
08/31/2006,SAV,GA,ASO,ES,Combined TRACON& Tower with Radar,58,55,32,1,146,0,0,0,0,0,58,55,32,1,146,46,0,46,192
09/01/2006,SAV,GA,ASO,ES,Combined TRACON& Tower with Radar,42,78,66,10,196,0,1,45,0,46,42,79,111,10,242,28,0,28,270
09/02/2006,SAV,GA,ASO,ES,Combined TRACON& Tower with Radar,48,59,34,4,145,0,0,28,0,28,48,59,62,4,173,39,0,39,212
09/03/2006,SAV,GA,ASO,ES,Combined TRACON& Tower with Radar,43,44,17,2,106,0,0,0,0,0,43,44,17,2,106,16,0,16,122
09/04/2006,SAV,GA,ASO,ES,Combined TRACON& Tower with Radar,38,58,34,1,131,0,2,35,0,37,38,60,69,1,168,106,0,106,274
09/05/2006,SAV,GA,ASO,ES,Combined TRACON& Tower with Radar,56,58,71,5,190,0,2,47,1,50,56,60,118,6,240,80,0,80,320
09/06/2006,SAV,GA,ASO,ES,Combined TRACON& Tower with Radar,44,69,85,14,212,0,6,16,1,23,44,75,101,15,235,62,4,66,301
09/07/2006,SAV,GA,ASO,ES,Combined TRACON& Tower with Radar,54,58,97,8,217,0,3,18,2,23,54,61,115,10,240,19,0,19,259
09/08/2006,SAV,GA,ASO,ES,Combined TRACON& Tower with Radar,49,73,97,21,240,0,2,49,0,51,49,75,146,21,291,36,12,48,339
09/09/2006,SAV,GA,ASO,ES,Combined TRACON& Tower with Radar,52,65,51,25,193,0,5,70,5,80,52,70,121,30,273,52,35,87,360
09/10/2006,SAV,GA,ASO,ES,Combined TRACON& Tower with Radar,49,58,64,9,180,0,0,26,4,30,49,58,90,13,210,20,1,21,231
09/11/2006,SAV,GA,ASO,ES,Combined TRACON& Tower with Radar,52,63,51,20,186,0,0,44,0,44,52,63,95,20,230,52,14,66,296
09/12/2006,SAV,GA,ASO,ES,Combined TRACON& Tower with Radar,45,70,82,13,210,0,1,37,2,40,45,71,119,15,250,70,6,76,326
09/13/2006,SAV,GA,ASO,ES,Combined TRACON& Tower with Radar,52,78,85,0,215,0,0,8,0,8,52,78,93,0,223,5,0,5,228
09/14/2006,SAV,GA,ASO,ES,Combined TRACON& Tower with Radar,47,81,104,8,240,0,0,37,1,38,47,81,141,9,278,40,2,42,320
09/15/2006,SAV,GA,ASO,ES,Combined TRACON& Tower with Radar,59,78,75,21,233,0,4,81,6,91,59,82,156,27,324,66,0,66,390
09/16/2006,SAV,GA,ASO,ES,Combined TRACON& Tower with Radar,52,63,42,13,170,0,4,74,0,78,52,67,116,13,248,32,0,32,280
09/17/2006,SAV,GA,ASO,ES,Combined TRACON& Tower with Radar,48,71,57,2,178,0,0,51,3,54,48,71,108,5,232,90,0,90,322
09/18/2006,SAV,GA,ASO,ES,Combined TRACON& Tower with Radar,41,76,61,8,186,0,3,30,0,33,41,79,91,8,219,45,3,48,267
09/19/2006,SAV,GA,ASO,ES,Combined TRACON& Tower with Radar,56,59,53,12,180,0,0,11,0,11,56,59,64,12,191,8,6,14,205
09/20/2006,SAV,GA,ASO,ES,Combined TRACON& Tower with Radar,50,76,74,25,225,0,3,60,1,64,50,79,134,26,289,110,2,112,401
09/21/2006,SAV,GA,ASO,ES,Combined TRACON& Tower with Radar,55,78,75,5,213,0,7,70,1,78,55,85,145,6,291,65,5,70,361
09/22/2006,SAV,GA,ASO,ES,Combined TRACON& Tower with Radar,49,72,82,8,211,0,2,47,1,50,49,74,129,9,261,52,8,60,321
09/23/2006,SAV,GA,ASO,ES,Combined TRACON& Tower with Radar,58,58,43,12,171,0,6,63,1,70,58,64,106,13,241,36,0,36,277
09/24/2006,SAV,GA,ASO,ES,Combined TRACON& Tower with Radar,44,64,64,5,177,0,4,35,2,41,44,68,99,7,218,58,2,60,278
09/25/2006,SAV,GA,ASO,ES,Combined TRACON& Tower with Radar,52,58,67,6,183,0,4,33,0,37,52,62,100,6,220,38,2,40,260
09/26/2006,SAV,GA,ASO,ES,Combined TRACON& Tower with Radar,50,72,72,5,199,0,4,51,2,57,50,76,123,7,256,66,2,68,324
09/27/2006,SAV,GA,ASO,ES,Combined TRACON& Tower with Radar,55,63,84,3,205,0,4,37,3,44,55,67,121,6,249,34,0,34,283
09/28/2006,SAV,GA,ASO,ES,Combined TRACON& Tower with Radar,55,82,53,18,208,0,3,44,0,47,55,85,97,18,255,48,8,56,311
09/29/2006,SAV,GA,ASO,ES,Combined TRACON& Tower with Radar,60,82,84,7,233,0,2,73,1,76,60,84,157,8,309,32,5,37,346
09/30/2006,SAV,GA,ASO,ES,Combined TRACON& Tower with Radar,55,73,43,6,177,0,1,95,0,96,55,74,138,6,273,61,0,61,334
10/01/2006,SAV,GA,ASO,ES,Combined TRACON& Tower with Radar,56,62,81,2,201,0,2,68,0,70,56,64,149,2,271,78,12,90,361
10/02/2006,SAV,GA,ASO,ES,Combined TRACON& Tower with Radar,51,63,71,19,204,0,2,44,3,49,51,65,115,22,253,40,6,46,299
10/03/2006,SAV,GA,ASO,ES,Combined TRACON& Tower with Radar,50,73,79,14,216,0,3,52,5,60,50,76,131,19,276,58,0,58,334
10/04/2006,SAV,GA,ASO,ES,Combined TRACON& Tower with Radar,62,61,77,20,220,0,7,81,2,90,62,68,158,22,310,44,17,61,371
10/05/2006,SAV,GA,ASO,ES,Combined TRACON& Tower with Radar,54,74,87,18,233,0,4,47,0,51,54,78,134,18,284,54,2,56,340
10/06/2006,SAV,GA,ASO,ES,Combined TRACON& Tower with Radar,52,87,86,13,238,0,3,63,3,69,52,90,149,16,307,14,0,14,321
10/07/2006,SAV,GA,ASO,ES,Combined TRACON& Tower with Radar,58,64,56,4,182,0,0,66,0,66,58,64,122,4,248,90,0,90,338
10/08/2006,SAV,GA,ASO,ES,Combined TRACON& Tower with Radar,58,64,79,5,206,0,2,42,2,46,58,66,121,7,252,66,2,68,320
10/09/2006,SAV,GA,ASO,ES,Combined TRACON& Tower with Radar,51,63,76,1,191,0,1,10,0,11,51,64,86,1,202,7,0,7,209
10/10/2006,SAV,GA,ASO,ES,Combined TRACON& Tower with Radar,51,61,94,11,217,0,1,16,1,18,51,62,110,12,235,2,0,2,237
10/11/2006,SAV,GA,ASO,ES,Combined TRACON& Tower with Radar,49,70,84,12,215,0,4,40,6,50,49,74,124,18,265,32,4,36,301
10/12/2006,SAV,GA,ASO,ES,Combined TRACON& Tower with Radar,54,77,95,11,237,0,0,63,8,71,54,77,158,19,308,24,4,28,336
10/13/2006,SAV,GA,ASO,ES,Combined TRACON& Tower with Radar,55,66,94,23,238,0,2,64,17,83,55,68,158,40,321,52,8,60,381
10/14/2006,SAV,GA,ASO,ES,Combined TRACON& Tower with Radar,58,60,59,5,182,0,3,68,3,74,58,63,127,8,256,24,1,25,281
10/15/2006,SAV,GA,ASO,ES,Combined TRACON& Tower with Radar,49,77,80,10,216,0,1,74,1,76,49,78,154,11,292,20,0,20,312
10/16/2006,SAV,GA,ASO,ES,Combined TRACON& Tower with Radar,46,61,61,25,193,0,2,43,3,48,46,63,104,28,241,67,4,71,312
10/17/2006,SAV,GA,ASO,ES,Combined TRACON& Tower with Radar,41,73,80,7,201,0,2,21,2,25,41,75,101,9,226,38,2,40,266
10/18/2006,SAV,GA,ASO,ES,Combined TRACON& Tower with Radar,51,81,92,12,236,0,1,34,1,36,51,82,126,13,272,0,0,0,272
10/19/2006,SAV,GA,ASO,ES,Combined TRACON& Tower with Radar,51,82,91,15,239,0,4,25,3,32,51,86,116,18,271,30,0,30,301
10/20/2006,SAV,GA,ASO,ES,Combined TRACON& Tower with Radar,53,70,85,12,220,0,4,52,0,56,53,74,137,12,276,15,0,15,291
10/21/2006,SAV,GA,ASO,ES,Combined TRACON& Tower with Radar,54,64,31,6,155,0,0,63,2,65,54,64,94,8,220,44,0,44,264
10/22/2006,SAV,GA,ASO,ES,Combined TRACON& Tower with Radar,62,69,73,10,214,0,0,7,0,7,62,69,80,10,221,18,0,18,239
10/23/2006,SAV,GA,ASO,ES,Combined TRACON& Tower with Radar,43,76,86,7,212,0,3,39,2,44,43,79,125,9,256,40,10,50,306
10/24/2006,SAV,GA,ASO,ES,Combined TRACON& Tower with Radar,54,59,78,6,197,0,5,46,2,53,54,64,124,8,250,10,2,12,262
10/25/2006,SAV,GA,ASO,ES,Combined TRACON& Tower with Radar,55,65,91,8,219,0,1,57,3,61,55,66,148,11,280,52,1,53,333
10/26/2006,SAV,GA,ASO,ES,Combined TRACON& Tower with Radar,55,65,128,11,259,0,1,47,4,52,55,66,175,15,311,83,8,91,402
10/27/2006,SAV,GA,ASO,ES,Combined TRACON& Tower with Radar,48,74,94,5,221,0,2,12,1,15,48,76,106,6,236,12,1,13,249
10/28/2006,SAV,GA,ASO,ES,Combined TRACON& Tower with Radar,48,81,49,7,185,0,1,16,2,19,48,82,65,9,204,6,0,6,210
10/29/2006,SAV,GA,ASO,ES,Combined TRACON& Tower with Radar,42,91,71,10,214,0,1,61,1,63,42,92,132,11,277,54,0,54,331
10/30/2006,SAV,GA,ASO,ES,Combined TRACON& Tower with Radar,51,62,71,6,190,0,4,40,7,51,51,66,111,13,241,4,6,10,251
10/31/2006,SAV,GA,ASO,ES,Combined TRACON& Tower with Radar,51,63,64,6,184,0,5,57,0,62,51,68,121,6,246,44,0,44,290
11/01/2006,SAV,GA,ASO,ES,Combined TRACON& Tower with Radar,51,81,89,12,233,0,1,42,2,45,51,82,131,14,278,44,0,44,322
11/02/2006,SAV,GA,ASO,ES,Combined TRACON& Tower with Radar,54,73,72,13,212,0,2,54,2,58,54,75,126,15,270,34,0,34,304
11/03/2006,SAV,GA,ASO,ES,Combined TRACON& Tower with Radar,51,67,95,28,241,0,9,22,9,40,51,76,117,37,281,16,72,88,369
11/04/2006,SAV,GA,ASO,ES,Combined TRACON& Tower with Radar,51,61,48,4,164,0,3,53,4,60,51,64,101,8,224,24,2,26,250
11/05/2006,SAV,GA,ASO,ES,Combined TRACON& Tower with Radar,42,66,65,6,179,0,3,45,0,48,42,69,110,6,227,28,6,34,261
11/06/2006,SAV,GA,ASO,ES,Combined TRACON& Tower with Radar,49,70,81,19,219,0,1,37,2,40,49,71,118,21,259,64,8,72,331
11/07/2006,SAV,GA,ASO,ES,Combined TRACON& Tower with Radar,59,80,69,3,211,0,0,1,0,1,59,80,70,3,212,0,0,0,212
11/08/2006,SAV,GA,ASO,ES,Combined TRACON& Tower with Radar,58,83,104,12,257,0,6,14,3,23,58,89,118,15,280,16,4,20,300
11/09/2006,SAV,GA,ASO,ES,Combined TRACON& Tower with Radar,56,82,102,8,248,0,3,71,3,77,56,85,173,11,325,61,0,61,386
11/10/2006,SAV,GA,ASO,ES,Combined TRACON& Tower with Radar,54,67,99,9,229,0,1,52,6,59,54,68,151,15,288,38,0,38,326
11/11/2006,SAV,GA,ASO,ES,Combined TRACON& Tower with Radar,44,65,68,0,177,0,8,74,3,85,44,73,142,3,262,122,0,122,384
11/12/2006,SAV,GA,ASO,ES,Combined TRACON& Tower with Radar,49,68,71,2,190,0,0,41,1,42,49,68,112,3,232,0,2,2,234
11/13/2006,SAV,GA,ASO,ES,Combined TRACON& Tower with Radar,50,70,81,7,208,0,1,61,3,65,50,71,142,10,273,78,6,84,357
11/14/2006,SAV,GA,ASO,ES,Combined TRACON& Tower with Radar,57,65,61,9,192,0,2,60,2,64,57,67,121,11,256,62,0,62,318
11/15/2006,SAV,GA,ASO,ES,Combined TRACON& Tower with Radar,46,83,77,6,212,0,0,26,2,28,46,83,103,8,240,14,2,16,256
11/16/2006,SAV,GA,ASO,ES,Combined TRACON& Tower with Radar,53,71,80,15,219,0,2,14,2,18,53,73,94,17,237,6,2,8,245
11/17/2006,SAV,GA,ASO,ES,Combined TRACON& Tower with Radar,60,76,96,10,242,0,9,67,15,91,60,85,163,25,333,42,4,46,379
11/18/2006,SAV,GA,ASO,ES,Combined TRACON& Tower with Radar,45,71,57,20,193,0,2,66,8,76,45,73,123,28,269,52,4,56,325
11/19/2006,SAV,GA,ASO,ES,Combined TRACON& Tower with Radar,39,82,65,24,210,0,0,64,9,73,39,82,129,33,283,32,1,33,316
11/20/2006,SAV,GA,ASO,ES,Combined TRACON& Tower with Radar,49,64,75,8,196,0,4,19,4,27,49,68,94,12,223,26,0,26,249
11/21/2006,SAV,GA,ASO,ES,Combined TRACON& Tower with Radar,55,95,80,3,233,0,0,3,2,5,55,95,83,5,238,2,0,2,240
11/22/2006,SAV,GA,ASO,ES,Combined TRACON& Tower with Radar,54,80,101,1,236,0,0,0,0,0,54,80,101,1,236,0,0,0,236
11/23/2006,SAV,GA,ASO,ES,Combined TRACON& Tower with Radar,51,33,23,1,108,0,0,13,0,13,51,33,36,1,121,30,0,30,151
11/24/2006,SAV,GA,ASO,ES,Combined TRACON& Tower with Radar,52,50,44,0,146,0,5,65,1,71,52,55,109,1,217,87,0,87,304
11/25/2006,SAV,GA,ASO,ES,Combined TRACON& Tower with Radar,49,69,61,0,179,0,3,69,0,72,49,72,130,0,251,14,0,14,265
11/26/2006,SAV,GA,ASO,ES,Combined TRACON& Tower with Radar,72,57,95,1,225,0,1,61,0,62,72,58,156,1,287,47,4,51,338
11/27/2006,SAV,GA,ASO,ES,Combined TRACON& Tower with Radar,56,53,88,17,214,0,1,35,0,36,56,54,123,17,250,32,4,36,286
11/28/2006,SAV,GA,ASO,ES,Combined TRACON& Tower with Radar,52,65,78,22,217,0,0,40,0,40,52,65,118,22,257,82,12,94,351
11/29/2006,SAV,GA,ASO,ES,Combined TRACON& Tower with Radar,50,70,81,11,212,0,4,42,2,48,50,74,123,13,260,20,2,22,282
11/30/2006,SAV,GA,ASO,ES,Combined TRACON& Tower with Radar,57,63,92,26,238,0,4,15,1,20,57,67,107,27,258,8,0,8,266
12/01/2006,SAV,GA,ASO,ES,Combined TRACON& Tower with Radar,57,77,66,10,210,0,6,1,4,11,57,83,67,14,221,8,0,8,229
12/02/2006,SAV,GA,ASO,ES,Combined TRACON& Tower with Radar,44,63,42,11,160,0,1,56,6,63,44,64,98,17,223,24,0,24,247
12/03/2006,SAV,GA,ASO,ES,Combined TRACON& Tower with Radar,37,66,70,10,183,0,0,0,0,0,37,66,70,10,183,0,0,0,183
12/04/2006,SAV,GA,ASO,ES,Combined TRACON& Tower with Radar,48,63,67,11,189,0,1,55,3,59,48,64,122,14,248,36,6,42,290
12/05/2006,SAV,GA,ASO,ES,Combined TRACON& Tower with Radar,49,77,73,9,208,0,1,74,3,78,49,78,147,12,286,69,15,84,370
12/06/2006,SAV,GA,ASO,ES,Combined TRACON& Tower with Radar,54,66,71,14,205,0,1,53,4,58,54,67,124,18,263,66,1,67,330
12/07/2006,SAV,GA,ASO,ES,Combined TRACON& Tower with Radar,54,60,94,25,233,0,0,40,5,45,54,60,134,30,278,4,4,8,286
12/08/2006,SAV,GA,ASO,ES,Combined TRACON& Tower with Radar,53,73,82,39,247,0,1,49,4,54,53,74,131,43,301,47,18,65,366
12/09/2006,SAV,GA,ASO,ES,Combined TRACON& Tower with Radar,52,65,51,9,177,0,0,66,0,66,52,65,117,9,243,57,0,57,300
12/10/2006,SAV,GA,ASO,ES,Combined TRACON& Tower with Radar,39,59,36,12,146,0,1,56,6,63,39,60,92,18,209,44,0,44,253
12/11/2006,SAV,GA,ASO,ES,Combined TRACON& Tower with Radar,52,62,41,13,168,0,3,42,3,48,52,65,83,16,216,14,0,14,230
12/12/2006,SAV,GA,ASO,ES,Combined TRACON& Tower with Radar,56,55,77,9,197,0,3,55,3,61,56,58,132,12,258,58,0,58,316
12/13/2006,SAV,GA,ASO,ES,Combined TRACON& Tower with Radar,48,80,124,4,256,0,1,3,0,4,48,81,127,4,260,2,2,4,264
12/14/2006,SAV,GA,ASO,ES,Combined TRACON& Tower with Radar,44,61,96,6,207,0,3,17,0,20,44,64,113,6,227,6,2,8,235
12/15/2006,SAV,GA,ASO,ES,Combined TRACON& Tower with Radar,43,76,93,29,241,0,1,23,3,27,43,77,116,32,268,20,0,20,288
12/16/2006,SAV,GA,ASO,ES,Combined TRACON& Tower with Radar,39,55,59,19,172,0,4,82,2,88,39,59,141,21,260,22,0,22,282
12/17/2006,SAV,GA,ASO,ES,Combined TRACON& Tower with Radar,35,66,52,12,165,0,0,61,7,68,35,66,113,19,233,72,6,78,311
12/18/2006,SAV,GA,ASO,ES,Combined TRACON& Tower with Radar,36,75,61,10,182,0,0,42,2,44,36,75,103,12,226,20,2,22,248
12/19/2006,SAV,GA,ASO,ES,Combined TRACON& Tower with Radar,48,66,82,10,206,0,6,55,3,64,48,72,137,13,270,32,16,48,318
12/20/2006,SAV,GA,ASO,ES,Combined TRACON& Tower with Radar,46,74,73,9,202,0,1,31,0,32,46,75,104,9,234,18,4,22,256
12/21/2006,SAV,GA,ASO,ES,Combined TRACON& Tower with Radar,46,73,57,13,189,0,0,28,1,29,46,73,85,14,218,11,0,11,229
12/22/2006,SAV,GA,ASO,ES,Combined TRACON& Tower with Radar,45,62,43,2,152,0,0,1,0,1,45,62,44,2,153,3,0,3,156
12/23/2006,SAV,GA,ASO,ES,Combined TRACON& Tower with Radar,46,62,52,0,160,0,2,7,0,9,46,64,59,0,169,10,0,10,179
12/24/2006,SAV,GA,ASO,ES,Combined TRACON& Tower with Radar,42,41,25,0,108,0,4,27,0,31,42,45,52,0,139,11,0,11,150
12/25/2006,SAV,GA,ASO,ES,Combined TRACON& Tower with Radar,35,51,4,0,90,0,0,0,0,0,35,51,4,0,90,0,0,0,90
12/26/2006,SAV,GA,ASO,ES,Combined TRACON& Tower with Radar,43,78,75,1,197,0,4,8,0,12,43,82,83,1,209,0,0,0,209
12/27/2006,SAV,GA,ASO,ES,Combined TRACON& Tower with Radar,47,61,59,3,170,0,5,54,1,60,47,66,113,4,230,70,4,74,304
12/28/2006,SAV,GA,ASO,ES,Combined TRACON& Tower with Radar,44,58,71,2,175,0,7,61,0,68,44,65,132,2,243,58,0,58,301
12/29/2006,SAV,GA,ASO,ES,Combined TRACON& Tower with Radar,48,65,41,3,157,0,0,36,0,36,48,65,77,3,193,44,0,44,237
12/30/2006,SAV,GA,ASO,ES,Combined TRACON& Tower with Radar,36,71,54,1,162,0,0,14,1,15,36,71,68,2,177,2,0,2,179
12/31/2006,SAV,GA,ASO,ES,Combined TRACON& Tower with Radar,33,52,39,1,125,0,0,10,1,11,33,52,49,2,136,22,0,22,158
01/01/2007,SAV,GA,ASO,ES,Combined TRACON& Tower with Radar,34,55,64,0,153,0,1,1,0,2,34,56,65,0,155,0,0,0,155
01/02/2007,SAV,GA,ASO,ES,Combined TRACON& Tower with Radar,40,68,124,1,233,0,0,0,0,0,40,68,124,1,233,62,0,62,295
01/03/2007,SAV,GA,ASO,ES,Combined TRACON& Tower with Radar,40,53,74,7,174,0,4,47,1,52,40,57,121,8,226,44,18,62,288
01/04/2007,SAV,GA,ASO,ES,Combined TRACON& Tower with Radar,55,68,89,18,230,0,0,6,0,6,55,68,95,18,236,0,0,0,236
01/05/2007,SAV,GA,ASO,ES,Combined TRACON& Tower with Radar,47,97,55,22,221,0,2,9,1,12,47,99,64,23,233,10,0,10,243
01/06/2007,SAV,GA,ASO,ES,Combined TRACON& Tower with Radar,47,61,68,7,183,0,6,67,0,73,47,67,135,7,256,73,0,73,329
01/07/2007,SAV,GA,ASO,ES,Combined TRACON& Tower with Radar,46,53,67,2,168,0,0,18,0,18,46,53,85,2,186,25,0,25,211
01/08/2007,SAV,GA,ASO,ES,Combined TRACON& Tower with Radar,45,54,75,15,189,0,0,22,4,26,45,54,97,19,215,38,1,39,254
01/09/2007,SAV,GA,ASO,ES,Combined TRACON& Tower with Radar,37,64,60,6,167,0,1,35,0,36,37,65,95,6,203,14,5,19,222
01/10/2007,SAV,GA,ASO,ES,Combined TRACON& Tower with Radar,40,68,60,5,173,0,2,66,2,70,40,70,126,7,243,42,0,42,285
01/11/2007,SAV,GA,ASO,ES,Combined TRACON& Tower with Radar,44,70,86,24,224,0,1,62,1,64,44,71,148,25,288,26,6,32,320
01/12/2007,SAV,GA,ASO,ES,Combined TRACON& Tower with Radar,44,60,85,15,204,0,1,42,2,45,44,61,127,17,249,110,22,132,381
01/13/2007,SAV,GA,ASO,ES,Combined TRACON& Tower with Radar,33,59,47,2,141,0,2,53,0,55,33,61,100,2,196,100,30,130,326
01/14/2007,SAV,GA,ASO,ES,Combined TRACON& Tower with Radar,28,75,62,8,173,0,3,63,4,70,28,78,125,12,243,11,0,11,254
01/15/2007,SAV,GA,ASO,ES,Combined TRACON& Tower with Radar,42,61,84,3,190,0,2,43,0,45,42,63,127,3,235,50,0,50,285
01/16/2007,SAV,GA,ASO,ES,Combined TRACON& Tower with Radar,47,45,76,12,180,0,5,4,4,13,47,50,80,16,193,26,0,26,219
01/17/2007,SAV,GA,ASO,ES,Combined TRACON& Tower with Radar,46,60,80,18,204,0,1,13,1,15,46,61,93,19,219,16,32,48,267
01/18/2007,SAV,GA,ASO,ES,Combined TRACON& Tower with Radar,40,63,61,0,164,0,0,0,0,0,40,63,61,0,164,0,0,0,164
01/19/2007,SAV,GA,ASO,ES,Combined TRACON& Tower with Radar,50,59,103,23,235,0,2,33,0,35,50,61,136,23,270,6,12,18,288
01/20/2007,SAV,GA,ASO,ES,Combined TRACON& Tower with Radar,43,44,43,1,131,0,0,92,4,96,43,44,135,5,227,26,0,26,253
01/21/2007,SAV,GA,ASO,ES,Combined TRACON& Tower with Radar,37,46,54,5,142,0,0,44,0,44,37,46,98,5,186,50,0,50,236
01/22/2007,SAV,GA,ASO,ES,Combined TRACON& Tower with Radar,46,47,50,5,148,0,0,0,3,3,46,47,50,8,151,10,18,28,179
01/23/2007,SAV,GA,ASO,ES,Combined TRACON& Tower with Radar,48,58,79,5,190,0,4,64,6,74,48,62,143,11,264,32,4,36,300
01/24/2007,SAV,GA,ASO,ES,Combined TRACON& Tower with Radar,48,51,102,4,205,0,0,49,4,53,48,51,151,8,258,62,0,62,320
01/25/2007,SAV,GA,ASO,ES,Combined TRACON& Tower with Radar,44,72,68,3,187,0,0,42,1,43,44,72,110,4,230,32,0,32,262
01/26/2007,SAV,GA,ASO,ES,Combined TRACON& Tower with Radar,46,58,106,25,235,0,1,82,3,86,46,59,188,28,321,10,6,16,337
01/27/2007,SAV,GA,ASO,ES,Combined TRACON& Tower with Radar,37,56,41,9,143,0,3,96,0,99,37,59,137,9,242,44,0,44,286
01/28/2007,SAV,GA,ASO,ES,Combined TRACON& Tower with Radar,37,52,49,16,154,0,0,23,1,24,37,52,72,17,178,8,22,30,208
01/29/2007,SAV,GA,ASO,ES,Combined TRACON& Tower with Radar,42,62,76,9,189,0,1,58,1,60,42,63,134,10,249,22,3,25,274
01/30/2007,SAV,GA,ASO,ES,Combined TRACON& Tower with Radar,44,53,73,13,183,0,3,61,5,69,44,56,134,18,252,32,8,40,292
01/31/2007,SAV,GA,ASO,ES,Combined TRACON& Tower with Radar,44,65,81,9,199,0,3,65,1,69,44,68,146,10,268,43,28,71,339
02/01/2007,SAV,GA,ASO,ES,Combined TRACON& Tower with Radar,44,63,52,8,167,0,0,5,0,5,44,63,57,8,172,2,0,2,174
02/02/2007,SAV,GA,ASO,ES,Combined TRACON& Tower with Radar,48,65,73,16,202,0,2,15,4,21,48,67,88,20,223,11,17,28,251
02/03/2007,SAV,GA,ASO,ES,Combined TRACON& Tower with Radar,40,58,59,14,171,0,4,44,4,52,40,62,103,18,223,46,10,56,279
02/04/2007,SAV,GA,ASO,ES,Combined TRACON& Tower with Radar,38,54,60,7,159,0,4,60,0,64,38,58,120,7,223,26,0,26,249
02/05/2007,SAV,GA,ASO,ES,Combined TRACON& Tower with Radar,45,44,86,14,189,0,2,45,3,50,45,46,131,17,239,18,2,20,259
02/06/2007,SAV,GA,ASO,ES,Combined TRACON& Tower with Radar,46,50,57,22,175,0,1,82,2,85,46,51,139,24,260,30,0,30,290
02/07/2007,SAV,GA,ASO,ES,Combined TRACON& Tower with Radar,49,47,76,31,203,0,1,42,6,49,49,48,118,37,252,0,10,10,262
02/08/2007,SAV,GA,ASO,ES,Combined TRACON& Tower with Radar,46,53,55,21,175,0,1,53,1,55,46,54,108,22,230,36,5,41,271
02/09/2007,SAV,GA,ASO,ES,Combined TRACON& Tower with Radar,48,55,82,48,233,0,4,58,8,70,48,59,140,56,303,48,26,74,377
02/10/2007,SAV,GA,ASO,ES,Combined TRACON& Tower with Radar,43,50,62,26,181,0,1,83,2,86,43,51,145,28,267,56,6,62,329
02/11/2007,SAV,GA,ASO,ES,Combined TRACON& Tower with Radar,42,43,68,21,174,0,1,83,2,86,42,44,151,23,260,22,18,40,300
02/12/2007,SAV,GA,ASO,ES,Combined TRACON& Tower with Radar,45,56,73,33,207,0,5,51,2,58,45,61,124,35,265,20,2,22,287
02/13/2007,SAV,GA,ASO,ES,Combined TRACON& Tower with Radar,50,56,49,26,181,0,1,15,0,16,50,57,64,26,197,19,2,21,218
02/14/2007,SAV,GA,ASO,ES,Combined TRACON& Tower with Radar,44,39,71,35,189,0,0,7,1,8,44,39,78,36,197,46,10,56,253
02/15/2007,SAV,GA,ASO,ES,Combined TRACON& Tower with Radar,48,50,129,18,245,0,0,59,5,64,48,50,188,23,309,48,0,48,357
02/16/2007,SAV,GA,ASO,ES,Combined TRACON& Tower with Radar,51,76,113,7,247,0,12,65,0,77,51,88,178,7,324,8,0,8,332
02/17/2007,SAV,GA,ASO,ES,Combined TRACON& Tower with Radar,46,66,58,4,174,0,3,76,1,80,46,69,134,5,254,14,0,14,268
02/18/2007,SAV,GA,ASO,ES,Combined TRACON& Tower with Radar,45,46,74,8,173,0,3,33,0,36,45,49,107,8,209,10,0,10,219
02/19/2007,SAV,GA,ASO,ES,Combined TRACON& Tower with Radar,45,64,99,2,210,0,2,39,0,41,45,66,138,2,251,48,2,50,301
02/20/2007,SAV,GA,ASO,ES,Combined TRACON& Tower with Radar,53,64,87,5,209,0,3,50,6,59,53,67,137,11,268,22,0,22,290
02/21/2007,SAV,GA,ASO,ES,Combined TRACON& Tower with Radar,45,69,84,6,204,0,2,22,5,29,45,71,106,11,233,28,0,28,261
02/22/2007,SAV,GA,ASO,ES,Combined TRACON& Tower with Radar,45,65,98,10,218,0,3,58,5,66,45,68,156,15,284,10,2,12,296
02/23/2007,SAV,GA,ASO,ES,Combined TRACON& Tower with Radar,48,64,66,28,206,0,4,86,3,93,48,68,152,31,299,52,18,70,369
02/24/2007,SAV,GA,ASO,ES,Combined TRACON& Tower with Radar,42,54,66,12,174,0,1,66,5,72,42,55,132,17,246,44,14,58,304
02/25/2007,SAV,GA,ASO,ES,Combined TRACON& Tower with Radar,37,57,47,8,149,0,3,17,1,21,37,60,64,9,170,23,0,23,193
02/26/2007,SAV,GA,ASO,ES,Combined TRACON& Tower with Radar,48,45,78,8,179,0,0,50,1,51,48,45,128,9,230,52,6,58,288
02/27/2007,SAV,GA,ASO,ES,Combined TRACON& Tower with Radar,51,53,65,13,182,0,2,91,1,94,51,55,156,14,276,28,16,44,320
02/28/2007,SAV,GA,ASO,ES,Combined TRACON& Tower with Radar,52,67,90,7,216,0,0,90,2,92,52,67,180,9,308,81,12,93,401
03/01/2007,SAV,GA,ASO,ES,Combined TRACON& Tower with Radar,42,75,67,4,188,0,1,2,0,3,42,76,69,4,191,0,0,0,191
03/02/2007,SAV,GA,ASO,ES,Combined TRACON& Tower with Radar,52,74,83,20,229,0,5,35,1,41,52,79,118,21,270,28,0,28,298
03/03/2007,SAV,GA,ASO,ES,Combined TRACON& Tower with Radar,53,44,74,16,187,0,3,46,1,50,53,47,120,17,237,22,4,26,263
03/04/2007,SAV,GA,ASO,ES,Combined TRACON& Tower with Radar,43,56,77,12,188,0,2,47,1,50,43,58,124,13,238,10,0,10,248
03/05/2007,SAV,GA,ASO,ES,Combined TRACON& Tower with Radar,52,55,76,17,200,0,2,52,0,54,52,57,128,17,254,14,10,24,278
03/06/2007,SAV,GA,ASO,ES,Combined TRACON& Tower with Radar,50,67,89,11,217,0,3,71,8,82,50,70,160,19,299,58,2,60,359
03/07/2007,SAV,GA,ASO,ES,Combined TRACON& Tower with Radar,50,67,86,16,219,0,5,66,5,76,50,72,152,21,295,44,0,44,339
03/08/2007,SAV,GA,ASO,ES,Combined TRACON& Tower with Radar,52,68,105,8,233,0,0,58,6,64,52,68,163,14,297,40,2,42,339
03/09/2007,SAV,GA,ASO,ES,Combined TRACON& Tower with Radar,50,81,99,12,242,0,0,25,5,30,50,81,124,17,272,22,6,28,300
03/10/2007,SAV,GA,ASO,ES,Combined TRACON& Tower with Radar,49,53,51,15,168,0,3,54,2,59,49,56,105,17,227,14,0,14,241
03/11/2007,SAV,GA,ASO,ES,Combined TRACON& Tower with Radar,45,52,57,8,162,0,3,61,5,69,45,55,118,13,231,68,2,70,301
03/12/2007,SAV,GA,ASO,ES,Combined TRACON& Tower with Radar,47,65,54,14,180,0,3,55,1,59,47,68,109,15,239,104,0,104,343
03/13/2007,SAV,GA,ASO,ES,Combined TRACON& Tower with Radar,50,70,67,5,192,0,2,51,3,56,50,72,118,8,248,16,8,24,272
03/14/2007,SAV,GA,ASO,ES,Combined TRACON& Tower with Radar,49,76,83,11,219,0,3,77,1,81,49,79,160,12,300,36,0,36,336
03/15/2007,SAV,GA,ASO,ES,Combined TRACON& Tower with Radar,48,71,65,12,196,0,2,41,0,43,48,73,106,12,239,40,8,48,287
03/16/2007,SAV,GA,ASO,ES,Combined TRACON& Tower with Radar,56,62,84,34,236,0,0,20,1,21,56,62,104,35,257,4,2,6,263
03/17/2007,SAV,GA,ASO,ES,Combined TRACON& Tower with Radar,48,53,56,12,169,0,0,43,2,45,48,53,99,14,214,10,2,12,226
03/18/2007,SAV,GA,ASO,ES,Combined TRACON& Tower with Radar,42,55,71,24,192,0,0,75,5,80,42,55,146,29,272,49,0,49,321
03/19/2007,SAV,GA,ASO,ES,Combined TRACON& Tower with Radar,46,59,64,15,184,0,4,38,2,44,46,63,102,17,228,16,1,17,245
03/20/2007,SAV,GA,ASO,ES,Combined TRACON& Tower with Radar,54,50,66,14,184,0,7,64,1,72,54,57,130,15,256,6,3,9,265
03/21/2007,SAV,GA,ASO,ES,Combined TRACON& Tower with Radar,46,69,81,9,205,0,4,73,1,78,46,73,154,10,283,49,0,49,332
03/22/2007,SAV,GA,ASO,ES,Combined TRACON& Tower with Radar,44,62,84,12,202,0,2,33,1,36,44,64,117,13,238,2,2,4,242
03/23/2007,SAV,GA,ASO,ES,Combined TRACON& Tower with Radar,47,82,106,15,250,0,4,71,2,77,47,86,177,17,327,50,2,52,379
03/24/2007,SAV,GA,ASO,ES,Combined TRACON& Tower with Radar,53,59,64,10,186,0,0,57,7,64,53,59,121,17,250,18,0,18,268
03/25/2007,SAV,GA,ASO,ES,Combined TRACON& Tower with Radar,46,60,74,5,185,0,0,59,2,61,46,60,133,7,246,50,0,50,296
03/26/2007,SAV,GA,ASO,ES,Combined TRACON& Tower with Radar,38,100,83,7,228,0,2,33,0,35,38,102,116,7,263,0,0,0,263
03/27/2007,SAV,GA,ASO,ES,Combined TRACON& Tower with Radar,52,52,58,15,177,0,3,51,2,56,52,55,109,17,233,51,12,63,296
03/28/2007,SAV,GA,ASO,ES,Combined TRACON& Tower with Radar,49,60,70,16,195,0,1,52,12,65,49,61,122,28,260,24,9,33,293
03/29/2007,SAV,GA,ASO,ES,Combined TRACON& Tower with Radar,51,76,105,21,253,0,3,83,2,88,51,79,188,23,341,40,0,40,381
03/30/2007,SAV,GA,ASO,ES,Combined TRACON& Tower with Radar,49,70,98,11,228,0,1,52,0,53,49,71,150,11,281,10,12,22,303
03/31/2007,SAV,GA,ASO,ES,Combined TRACON& Tower with Radar,53,55,51,11,170,0,0,60,0,60,53,55,111,11,230,70,2,72,302
04/01/2007,SAV,GA,ASO,ES,Combined TRACON& Tower with Radar,42,63,71,22,198,0,1,34,2,37,42,64,105,24,235,28,2,30,265
04/02/2007,SAV,GA,ASO,ES,Combined TRACON& Tower with Radar,42,75,37,14,168,0,4,35,4,43,42,79,72,18,211,40,26,66,277
04/03/2007,SAV,GA,ASO,ES,Combined TRACON& Tower with Radar,52,63,75,3,193,0,3,41,3,47,52,66,116,6,240,10,31,41,281
04/04/2007,SAV,GA,ASO,ES,Combined TRACON& Tower with Radar,51,68,81,6,206,0,3,38,8,49,51,71,119,14,255,34,0,34,289
04/05/2007,SAV,GA,ASO,ES,Combined TRACON& Tower with Radar,49,86,100,17,252,0,5,49,2,56,49,91,149,19,308,62,0,62,370
04/06/2007,SAV,GA,ASO,ES,Combined TRACON& Tower with Radar,54,73,79,11,217,0,4,81,1,86,54,77,160,12,303,80,12,92,395
04/07/2007,SAV,GA,ASO,ES,Combined TRACON& Tower with Radar,51,81,40,1,173,0,2,30,1,33,51,83,70,2,206,20,0,20,226
04/08/2007,SAV,GA,ASO,ES,Combined TRACON& Tower with Radar,45,68,53,5,171,0,0,30,0,30,45,68,83,5,201,0,0,0,201
04/09/2007,SAV,GA,ASO,ES,Combined TRACON& Tower with Radar,47,71,118,8,244,0,3,69,0,72,47,74,187,8,316,34,7,41,357
04/10/2007,SAV,GA,ASO,ES,Combined TRACON& Tower with Radar,59,66,80,6,211,0,0,44,4,48,59,66,124,10,259,82,0,82,341
04/11/2007,SAV,GA,ASO,ES,Combined TRACON& Tower with Radar,56,79,82,8,225,0,1,11,2,14,56,80,93,10,239,0,0,0,239
04/12/2007,SAV,GA,ASO,ES,Combined TRACON& Tower with Radar,54,78,62,5,199,0,2,43,4,49,54,80,105,9,248,12,2,14,262
04/13/2007,SAV,GA,ASO,ES,Combined TRACON& Tower with Radar,51,79,78,26,234,0,4,51,20,75,51,83,129,46,309,38,2,40,349
04/14/2007,SAV,GA,ASO,ES,Combined TRACON& Tower with Radar,58,67,62,22,209,0,2,33,7,42,58,69,95,29,251,8,0,8,259
04/15/2007,SAV,GA,ASO,ES,Combined TRACON& Tower with Radar,47,77,78,4,206,0,0,1,0,1,47,77,79,4,207,0,0,0,207
04/16/2007,SAV,GA,ASO,ES,Combined TRACON& Tower with Radar,49,67,127,12,255,0,3,35,2,40,49,70,162,14,295,5,4,9,304
04/17/2007,SAV,GA,ASO,ES,Combined TRACON& Tower with Radar,60,64,107,17,248,0,0,78,3,81,60,64,185,20,329,4,0,4,333
04/18/2007,SAV,GA,ASO,ES,Combined TRACON& Tower with Radar,54,76,105,8,243,0,3,71,1,75,54,79,176,9,318,1,0,1,319
04/19/2007,SAV,GA,ASO,ES,Combined TRACON& Tower with Radar,55,82,116,14,267,0,3,77,2,82,55,85,193,16,349,0,0,0,349
04/20/2007,SAV,GA,ASO,ES,Combined TRACON& Tower with Radar,52,80,114,20,266,0,2,39,2,43,52,82,153,22,309,10,0,10,319
04/21/2007,SAV,GA,ASO,ES,Combined TRACON& Tower with Radar,55,67,54,21,197,0,1,82,1,84,55,68,136,22,281,16,28,44,325
04/22/2007,SAV,GA,ASO,ES,Combined TRACON& Tower with Radar,47,87,76,11,221,0,2,76,4,82,47,89,152,15,303,14,0,14,317
04/23/2007,SAV,GA,ASO,ES,Combined TRACON& Tower with Radar,55,56,70,20,201,0,2,54,8,64,55,58,124,28,265,36,8,44,309
04/24/2007,SAV,GA,ASO,ES,Combined TRACON& Tower with Radar,54,60,86,20,220,0,0,55,6,61,54,60,141,26,281,37,6,43,324
04/25/2007,SAV,GA,ASO,ES,Combined TRACON& Tower with Radar,61,50,97,14,222,0,3,66,9,78,61,53,163,23,300,12,0,12,312
04/26/2007,SAV,GA,ASO,ES,Combined TRACON& Tower with Radar,51,72,83,5,211,0,4,43,1,48,51,76,126,6,259,28,2,30,289
04/27/2007,SAV,GA,ASO,ES,Combined TRACON& Tower with Radar,54,69,97,13,233,0,5,27,2,34,54,74,124,15,267,0,16,16,283
04/28/2007,SAV,GA,ASO,ES,Combined TRACON& Tower with Radar,53,74,73,13,213,0,4,49,4,57,53,78,122,17,270,14,14,28,298
04/29/2007,SAV,GA,ASO,ES,Combined TRACON& Tower with Radar,51,74,78,6,209,0,0,61,2,63,51,74,139,8,272,29,0,29,301
04/30/2007,SAV,GA,ASO,ES,Combined TRACON& Tower with Radar,44,72,76,14,206,0,0,58,4,62,44,72,134,18,268,50,14,64,332
05/01/2007,SAV,GA,ASO,ES,Combined TRACON& Tower with Radar,52,77,81,8,218,0,1,45,4,50,52,78,126,12,268,14,0,14,282
05/02/2007,SAV,GA,ASO,ES,Combined TRACON& Tower with Radar,52,70,75,9,206,0,0,19,1,20,52,70,94,10,226,0,0,0,226
05/03/2007,SAV,GA,ASO,ES,Combined TRACON& Tower with Radar,52,68,112,3,235,0,2,18,3,23,52,70,130,6,258,1,0,1,259
05/04/2007,SAV,GA,ASO,ES,Combined TRACON& Tower with Radar,61,82,73,15,231,0,2,25,0,27,61,84,98,15,258,40,0,40,298
05/05/2007,SAV,GA,ASO,ES,Combined TRACON& Tower with Radar,48,67,58,13,186,0,1,15,0,16,48,68,73,13,202,8,0,8,210
05/06/2007,SAV,GA,ASO,ES,Combined TRACON& Tower with Radar,54,59,72,4,189,0,1,9,0,10,54,60,81,4,199,0,0,0,199
05/07/2007,SAV,GA,ASO,ES,Combined TRACON& Tower with Radar,51,63,54,3,171,0,2,14,6,22,51,65,68,9,193,26,0,26,219
05/08/2007,SAV,GA,ASO,ES,Combined TRACON& Tower with Radar,59,56,60,17,192,0,1,12,0,13,59,57,72,17,205,22,30,52,257
05/09/2007,SAV,GA,ASO,ES,Combined TRACON& Tower with Radar,48,68,68,10,194,0,2,7,1,10,48,70,75,11,204,0,0,0,204
05/10/2007,SAV,GA,ASO,ES,Combined TRACON& Tower with Radar,52,79,81,10,222,0,1,32,1,34,52,80,113,11,256,37,6,43,299
05/11/2007,SAV,GA,ASO,ES,Combined TRACON& Tower with Radar,55,66,80,13,214,0,3,60,2,65,55,69,140,15,279,40,2,42,321
05/12/2007,SAV,GA,ASO,ES,Combined TRACON& Tower with Radar,69,52,40,6,167,0,1,48,0,49,69,53,88,6,216,0,3,3,219
05/13/2007,SAV,GA,ASO,ES,Combined TRACON& Tower with Radar,43,72,45,7,167,0,1,23,2,26,43,73,68,9,193,40,2,42,235
05/14/2007,SAV,GA,ASO,ES,Combined TRACON& Tower with Radar,49,64,92,17,222,0,2,55,0,57,49,66,147,17,279,30,8,38,317
05/15/2007,SAV,GA,ASO,ES,Combined TRACON& Tower with Radar,52,63,88,9,212,0,2,67,0,69,52,65,155,9,281,31,0,31,312
05/16/2007,SAV,GA,ASO,ES,Combined TRACON& Tower with Radar,54,66,82,6,208,0,2,56,2,60,54,68,138,8,268,40,0,40,308
05/17/2007,SAV,GA,ASO,ES,Combined TRACON& Tower with Radar,56,64,96,25,241,0,1,5,0,6,56,65,101,25,247,28,2,30,277
05/18/2007,SAV,GA,ASO,ES,Combined TRACON& Tower with Radar,55,65,80,20,220,0,1,53,5,59,55,66,133,25,279,40,32,72,351
05/19/2007,SAV,GA,ASO,ES,Combined TRACON& Tower with Radar,61,63,56,17,197,0,2,61,3,66,61,65,117,20,263,10,14,24,287
05/20/2007,SAV,GA,ASO,ES,Combined TRACON& Tower with Radar,53,50,65,12,180,0,1,48,1,50,53,51,113,13,230,42,6,48,278
05/21/2007,SAV,GA,ASO,ES,Combined TRACON& Tower with Radar,50,55,84,10,199,0,0,32,0,32,50,55,116,10,231,30,0,30,261
05/22/2007,SAV,GA,ASO,ES,Combined TRACON& Tower with Radar,52,47,63,18,180,0,1,75,1,77,52,48,138,19,257,33,10,43,300
05/23/2007,SAV,GA,ASO,ES,Combined TRACON& Tower with Radar,51,57,87,10,205,0,0,42,2,44,51,57,129,12,249,9,16,25,274
05/24/2007,SAV,GA,ASO,ES,Combined TRACON& Tower with Radar,49,74,66,4,193,0,0,57,3,60,49,74,123,7,253,30,6,36,289
05/25/2007,SAV,GA,ASO,ES,Combined TRACON& Tower with Radar,62,62,71,16,211,0,5,42,6,53,62,67,113,22,264,40,12,52,316
05/26/2007,SAV,GA,ASO,ES,Combined TRACON& Tower with Radar,48,62,41,11,162,0,1,51,2,54,48,63,92,13,216,12,4,16,232
05/27/2007,SAV,GA,ASO,ES,Combined TRACON& Tower with Radar,37,67,48,3,155,0,0,64,0,64,37,67,112,3,219,28,2,30,249
05/28/2007,SAV,GA,ASO,ES,Combined TRACON& Tower with Radar,44,46,50,2,142,0,1,54,1,56,44,47,104,3,198,18,0,18,216
05/29/2007,SAV,GA,ASO,ES,Combined TRACON& Tower with Radar,53,54,57,5,169,0,0,55,5,60,53,54,112,10,229,24,0,24,253
05/30/2007,SAV,GA,ASO,ES,Combined TRACON& Tower with Radar,55,64,87,6,212,0,1,39,3,43,55,65,126,9,255,6,4,10,265
05/31/2007,SAV,GA,ASO,ES,Combined TRACON& Tower with Radar,52,74,69,14,209,0,0,43,2,45,52,74,112,16,254,17,3,20,274
06/01/2007,SAV,GA,ASO,ES,Combined TRACON& Tower with Radar,52,68,82,9,211,0,4,46,2,52,52,72,128,11,263,6,3,9,272
06/02/2007,SAV,GA,ASO,ES,Combined TRACON& Tower with Radar,51,65,42,0,158,0,0,0,0,0,51,65,42,0,158,0,0,0,158
06/03/2007,SAV,GA,ASO,ES,Combined TRACON& Tower with Radar,52,50,58,9,169,0,2,12,0,14,52,52,70,9,183,0,0,0,183
06/04/2007,SAV,GA,ASO,ES,Combined TRACON& Tower with Radar,49,68,56,9,182,0,1,0,0,1,49,69,56,9,183,10,0,10,193
06/05/2007,SAV,GA,ASO,ES,Combined TRACON& Tower with Radar,56,61,77,8,202,0,3,54,0,57,56,64,131,8,259,32,4,36,295
06/06/2007,SAV,GA,ASO,ES,Combined TRACON& Tower with Radar,58,82,66,1,207,0,0,75,5,80,58,82,141,6,287,77,4,81,368
06/07/2007,SAV,GA,ASO,ES,Combined TRACON& Tower with Radar,46,75,75,8,204,0,3,69,6,78,46,78,144,14,282,8,0,8,290
06/08/2007,SAV,GA,ASO,ES,Combined TRACON& Tower with Radar,47,82,86,9,224,0,0,58,14,72,47,82,144,23,296,46,0,46,342
06/09/2007,SAV,GA,ASO,ES,Combined TRACON& Tower with Radar,53,78,58,14,203,0,2,77,6,85,53,80,135,20,288,52,0,52,340
06/10/2007,SAV,GA,ASO,ES,Combined TRACON& Tower with Radar,52,66,57,13,188,0,7,46,8,61,52,73,103,21,249,13,2,15,264
06/11/2007,SAV,GA,ASO,ES,Combined TRACON& Tower with Radar,42,64,69,9,184,0,1,18,8,27,42,65,87,17,211,20,0,20,231
06/12/2007,SAV,GA,ASO,ES,Combined TRACON& Tower with Radar,52,57,78,4,191,0,3,37,11,51,52,60,115,15,242,32,0,32,274
06/13/2007,SAV,GA,ASO,ES,Combined TRACON& Tower with Radar,48,77,80,4,209,0,0,31,3,34,48,77,111,7,243,38,6,44,287
06/14/2007,SAV,GA,ASO,ES,Combined TRACON& Tower with Radar,50,74,83,14,221,0,15,47,7,69,50,89,130,21,290,69,0,69,359
06/15/2007,SAV,GA,ASO,ES,Combined TRACON& Tower with Radar,54,75,64,5,198,0,4,44,3,51,54,79,108,8,249,6,0,6,255
06/16/2007,SAV,GA,ASO,ES,Combined TRACON& Tower with Radar,44,86,48,3,181,0,2,46,0,48,44,88,94,3,229,27,0,27,256
06/17/2007,SAV,GA,ASO,ES,Combined TRACON& Tower with Radar,44,65,46,3,158,0,1,44,0,45,44,66,90,3,203,48,0,48,251
06/18/2007,SAV,GA,ASO,ES,Combined TRACON& Tower with Radar,47,66,64,9,186,0,10,36,1,47,47,76,100,10,233,52,0,52,285
06/19/2007,SAV,GA,ASO,ES,Combined TRACON& Tower with Radar,53,80,57,4,194,0,4,62,1,67,53,84,119,5,261,41,0,41,302
06/20/2007,SAV,GA,ASO,ES,Combined TRACON& Tower with Radar,46,73,86,9,214,0,1,14,0,15,46,74,100,9,229,10,6,16,245
06/21/2007,SAV,GA,ASO,ES,Combined TRACON& Tower with Radar,49,78,96,3,226,0,2,20,1,23,49,80,116,4,249,18,4,22,271
06/22/2007,SAV,GA,ASO,ES,Combined TRACON& Tower with Radar,51,72,80,12,215,0,8,69,6,83,51,80,149,18,298,58,12,70,368
06/23/2007,SAV,GA,ASO,ES,Combined TRACON& Tower with Radar,51,75,59,10,195,0,3,68,5,76,51,78,127,15,271,44,0,44,315
06/24/2007,SAV,GA,ASO,ES,Combined TRACON& Tower with Radar,48,77,68,5,198,0,1,59,5,65,48,78,127,10,263,15,0,15,278
06/25/2007,SAV,GA,ASO,ES,Combined TRACON& Tower with Radar,51,50,71,8,180,0,1,64,1,66,51,51,135,9,246,18,0,18,264
06/26/2007,SAV,GA,ASO,ES,Combined TRACON& Tower with Radar,52,67,76,10,205,0,1,41,0,42,52,68,117,10,247,0,0,0,247
06/27/2007,SAV,GA,ASO,ES,Combined TRACON& Tower with Radar,51,66,95,6,218,0,2,59,1,62,51,68,154,7,280,27,0,27,307
06/28/2007,SAV,GA,ASO,ES,Combined TRACON& Tower with Radar,47,59,71,14,191,0,4,51,2,57,47,63,122,16,248,47,0,47,295
06/29/2007,SAV,GA,ASO,ES,Combined TRACON& Tower with Radar,42,67,97,10,216,0,5,54,0,59,42,72,151,10,275,38,0,38,313
06/30/2007,SAV,GA,ASO,ES,Combined TRACON& Tower with Radar,51,77,52,37,217,0,1,47,4,52,51,78,99,41,269,4,6,10,279
07/01/2007,SAV,GA,ASO,ES,Combined TRACON& Tower with Radar,49,72,27,5,153,0,2,38,4,44,49,74,65,9,197,4,0,4,201
07/02/2007,SAV,GA,ASO,ES,Combined TRACON& Tower with Radar,50,70,54,11,185,0,1,4,1,6,50,71,58,12,191,6,2,8,199
07/03/2007,SAV,GA,ASO,ES,Combined TRACON& Tower with Radar,54,56,59,3,172,0,1,21,2,24,54,57,80,5,196,44,0,44,240
07/04/2007,SAV,GA,ASO,ES,Combined TRACON& Tower with Radar,49,30,30,6,115,0,0,37,0,37,49,30,67,6,152,46,0,46,198
07/05/2007,SAV,GA,ASO,ES,Combined TRACON& Tower with Radar,52,52,58,12,174,0,4,63,0,67,52,56,121,12,241,67,4,71,312
07/06/2007,SAV,GA,ASO,ES,Combined TRACON& Tower with Radar,51,63,98,7,219,0,3,57,0,60,51,66,155,7,279,36,0,36,315
07/07/2007,SAV,GA,ASO,ES,Combined TRACON& Tower with Radar,50,78,55,4,187,0,4,47,1,52,50,82,102,5,239,6,0,6,245
07/08/2007,SAV,GA,ASO,ES,Combined TRACON& Tower with Radar,54,64,54,4,176,0,0,13,2,15,54,64,67,6,191,34,0,34,225
07/09/2007,SAV,GA,ASO,ES,Combined TRACON& Tower with Radar,45,78,75,9,207,0,0,31,5,36,45,78,106,14,243,38,0,38,281
07/10/2007,SAV,GA,ASO,ES,Combined TRACON& Tower with Radar,40,66,72,20,198,0,1,42,3,46,40,67,114,23,244,14,20,34,278
07/11/2007,SAV,GA,ASO,ES,Combined TRACON& Tower with Radar,49,71,59,1,180,0,0,46,3,49,49,71,105,4,229,20,0,20,249
07/12/2007,SAV,GA,ASO,ES,Combined TRACON& Tower with Radar,49,69,83,14,215,0,0,59,3,62,49,69,142,17,277,16,4,20,297
07/13/2007,SAV,GA,ASO,ES,Combined TRACON& Tower with Radar,52,78,82,9,221,0,0,64,5,69,52,78,146,14,290,32,6,38,328
07/14/2007,SAV,GA,ASO,ES,Combined TRACON& Tower with Radar,51,100,55,8,214,0,0,39,9,48,51,100,94,17,262,52,0,52,314
07/15/2007,SAV,GA,ASO,ES,Combined TRACON& Tower with Radar,49,70,69,6,194,0,4,23,11,38,49,74,92,17,232,24,0,24,256
07/16/2007,SAV,GA,ASO,ES,Combined TRACON& Tower with Radar,46,67,56,15,184,0,1,34,9,44,46,68,90,24,228,13,0,13,241
07/17/2007,SAV,GA,ASO,ES,Combined TRACON& Tower with Radar,52,57,64,8,181,0,2,51,4,57,52,59,115,12,238,30,4,34,272
07/18/2007,SAV,GA,ASO,ES,Combined TRACON& Tower with Radar,53,73,38,13,177,0,4,69,1,74,53,77,107,14,251,51,10,61,312
07/19/2007,SAV,GA,ASO,ES,Combined TRACON& Tower with Radar,43,67,64,11,185,0,5,39,1,45,43,72,103,12,230,14,2,16,246
07/20/2007,SAV,GA,ASO,ES,Combined TRACON& Tower with Radar,56,69,66,13,204,0,2,45,1,48,56,71,111,14,252,16,1,17,269
07/21/2007,SAV,GA,ASO,ES,Combined TRACON& Tower with Radar,43,76,47,10,176,5,2,29,6,42,48,78,76,16,218,64,0,64,282
07/22/2007,SAV,GA,ASO,ES,Combined TRACON& Tower with Radar,49,76,46,9,180,0,1,39,0,40,49,77,85,9,220,26,0,26,246
07/23/2007,SAV,GA,ASO,ES,Combined TRACON& Tower with Radar,42,67,68,10,187,0,2,59,21,82,42,69,127,31,269,5,4,9,278
07/24/2007,SAV,GA,ASO,ES,Combined TRACON& Tower with Radar,52,68,83,13,216,0,1,54,3,58,52,69,137,16,274,82,10,92,366
07/25/2007,SAV,GA,ASO,ES,Combined TRACON& Tower with Radar,45,79,74,6,204,0,0,25,0,25,45,79,99,6,229,28,0,28,257
07/26/2007,SAV,GA,ASO,ES,Combined TRACON& Tower with Radar,49,72,59,10,190,0,0,39,1,40,49,72,98,11,230,15,8,23,253
07/27/2007,SAV,GA,ASO,ES,Combined TRACON& Tower with Radar,50,66,71,9,196,0,2,42,3,47,50,68,113,12,243,19,0,19,262
07/28/2007,SAV,GA,ASO,ES,Combined TRACON& Tower with Radar,48,86,57,0,191,0,0,29,0,29,48,86,86,0,220,34,0,34,254
07/29/2007,SAV,GA,ASO,ES,Combined TRACON& Tower with Radar,39,70,56,2,167,0,0,22,3,25,39,70,78,5,192,2,0,2,194
07/30/2007,SAV,GA,ASO,ES,Combined TRACON& Tower with Radar,43,67,56,12,178,0,1,22,0,23,43,68,78,12,201,34,8,42,243
07/31/2007,SAV,GA,ASO,ES,Combined TRACON& Tower with Radar,50,66,80,16,212,0,3,30,0,33,50,69,110,16,245,6,2,8,253
08/01/2007,SAV,GA,ASO,ES,Combined TRACON& Tower with Radar,45,65,93,7,210,0,7,56,1,64,45,72,149,8,274,38,1,39,313
08/02/2007,SAV,GA,ASO,ES,Combined TRACON& Tower with Radar,47,74,71,23,215,0,4,24,0,28,47,78,95,23,243,14,10,24,267
08/03/2007,SAV,GA,ASO,ES,Combined TRACON& Tower with Radar,52,70,60,13,195,0,0,1,0,1,52,70,61,13,196,0,0,0,196
08/04/2007,SAV,GA,ASO,ES,Combined TRACON& Tower with Radar,54,76,80,6,216,0,0,0,0,0,54,76,80,6,216,10,0,10,226
08/05/2007,SAV,GA,ASO,ES,Combined TRACON& Tower with Radar,42,63,63,8,176,0,0,33,8,41,42,63,96,16,217,22,0,22,239
08/06/2007,SAV,GA,ASO,ES,Combined TRACON& Tower with Radar,45,71,68,11,195,0,2,30,0,32,45,73,98,11,227,22,0,22,249
08/07/2007,SAV,GA,ASO,ES,Combined TRACON& Tower with Radar,53,70,67,13,203,0,0,43,3,46,53,70,110,16,249,26,6,32,281
08/08/2007,SAV,GA,ASO,ES,Combined TRACON& Tower with Radar,43,73,81,5,202,0,3,37,2,42,43,76,118,7,244,25,18,43,287
08/09/2007,SAV,GA,ASO,ES,Combined TRACON& Tower with Radar,45,66,65,11,187,0,4,50,0,54,45,70,115,11,241,12,0,12,253
08/10/2007,SAV,GA,ASO,ES,Combined TRACON& Tower with Radar,59,54,76,12,201,0,9,48,1,58,59,63,124,13,259,33,0,33,292
08/11/2007,SAV,GA,ASO,ES,Combined TRACON& Tower with Radar,51,82,72,6,211,0,0,19,3,22,51,82,91,9,233,88,0,88,321
08/12/2007,SAV,GA,ASO,ES,Combined TRACON& Tower with Radar,52,73,53,6,184,0,0,30,0,30,52,73,83,6,214,30,4,34,248
08/13/2007,SAV,GA,ASO,ES,Combined TRACON& Tower with Radar,46,61,74,9,190,0,1,51,0,52,46,62,125,9,242,67,0,67,309
08/14/2007,SAV,GA,ASO,ES,Combined TRACON& Tower with Radar,45,69,59,15,188,0,1,79,0,80,45,70,138,15,268,68,2,70,338
08/15/2007,SAV,GA,ASO,ES,Combined TRACON& Tower with Radar,52,80,76,11,219,0,1,42,0,43,52,81,118,11,262,39,8,47,309
08/16/2007,SAV,GA,ASO,ES,Combined TRACON& Tower with Radar,44,73,80,6,203,0,3,56,2,61,44,76,136,8,264,60,0,60,324
08/17/2007,SAV,GA,ASO,ES,Combined TRACON& Tower with Radar,46,66,70,13,195,0,5,37,0,42,46,71,107,13,237,65,8,73,310
08/18/2007,SAV,GA,ASO,ES,Combined TRACON& Tower with Radar,48,79,46,7,180,0,9,46,2,57,48,88,92,9,237,50,0,50,287
08/19/2007,SAV,GA,ASO,ES,Combined TRACON& Tower with Radar,46,60,58,4,168,0,3,38,3,44,46,63,96,7,212,12,0,12,224
08/20/2007,SAV,GA,ASO,ES,Combined TRACON& Tower with Radar,44,65,77,8,194,0,3,34,2,39,44,68,111,10,233,2,0,2,235
08/21/2007,SAV,GA,ASO,ES,Combined TRACON& Tower with Radar,50,64,68,6,188,0,8,50,2,60,50,72,118,8,248,15,4,19,267
08/22/2007,SAV,GA,ASO,ES,Combined TRACON& Tower with Radar,49,72,88,8,217,0,4,51,0,55,49,76,139,8,272,70,0,70,342
08/23/2007,SAV,GA,ASO,ES,Combined TRACON& Tower with Radar,55,67,76,10,208,0,3,33,0,36,55,70,109,10,244,34,4,38,282
08/24/2007,SAV,GA,ASO,ES,Combined TRACON& Tower with Radar,70,66,70,11,217,0,5,22,4,31,70,71,92,15,248,0,0,0,248
08/25/2007,SAV,GA,ASO,ES,Combined TRACON& Tower with Radar,47,65,45,2,159,0,0,24,3,27,47,65,69,5,186,36,0,36,222
08/26/2007,SAV,GA,ASO,ES,Combined TRACON& Tower with Radar,47,61,47,12,167,0,0,39,8,47,47,61,86,20,214,8,0,8,222
08/27/2007,SAV,GA,ASO,ES,Combined TRACON& Tower with Radar,47,59,80,6,192,0,1,29,0,30,47,60,109,6,222,10,0,10,232
08/28/2007,SAV,GA,ASO,ES,Combined TRACON& Tower with Radar,52,56,71,4,183,0,2,53,1,56,52,58,124,5,239,68,0,68,307
08/29/2007,SAV,GA,ASO,ES,Combined TRACON& Tower with Radar,42,70,64,2,178,0,5,59,0,64,42,75,123,2,242,16,0,16,258
08/30/2007,SAV,GA,ASO,ES,Combined TRACON& Tower with Radar,59,60,87,4,210,0,4,68,2,74,59,64,155,6,284,24,0,24,308
08/31/2007,SAV,GA,ASO,ES,Combined TRACON& Tower with Radar,57,74,78,1,210,0,0,6,5,11,57,74,84,6,221,28,0,28,249
09/01/2007,SAV,GA,ASO,ES,Combined TRACON& Tower with Radar,47,60,23,0,130,0,2,2,0,4,47,62,25,0,134,2,0,2,136
09/02/2007,SAV,GA,ASO,ES,Combined TRACON& Tower with Radar,40,56,27,1,124,0,3,3,0,6,40,59,30,1,130,6,0,6,136
09/03/2007,SAV,GA,ASO,ES,Combined TRACON& Tower with Radar,47,47,46,0,140,0,3,66,1,70,47,50,112,1,210,42,0,42,252
09/04/2007,SAV,GA,ASO,ES,Combined TRACON& Tower with Radar,50,49,55,8,162,0,3,55,6,64,50,52,110,14,226,46,2,48,274
09/05/2007,SAV,GA,ASO,ES,Combined TRACON& Tower with Radar,55,61,37,5,158,0,4,51,1,56,55,65,88,6,214,70,0,70,284
09/06/2007,SAV,GA,ASO,ES,Combined TRACON& Tower with Radar,53,64,62,5,184,0,3,55,1,59,53,67,117,6,243,18,3,21,264
09/07/2007,SAV,GA,ASO,ES,Combined TRACON& Tower with Radar,57,66,65,17,205,0,2,59,3,64,57,68,124,20,269,97,8,105,374
09/08/2007,SAV,GA,ASO,ES,Combined TRACON& Tower with Radar,48,68,36,8,160,0,1,74,0,75,48,69,110,8,235,18,2,20,255
09/09/2007,SAV,GA,ASO,ES,Combined TRACON& Tower with Radar,57,60,55,5,177,0,4,56,2,62,57,64,111,7,239,34,0,34,273
09/10/2007,SAV,GA,ASO,ES,Combined TRACON& Tower with Radar,50,62,41,9,162,0,5,41,1,47,50,67,82,10,209,26,0,26,235
09/11/2007,SAV,GA,ASO,ES,Combined TRACON& Tower with Radar,55,66,65,6,192,0,5,42,0,47,55,71,107,6,239,8,0,8,247
09/12/2007,SAV,GA,ASO,ES,Combined TRACON& Tower with Radar,61,63,48,5,177,0,1,39,0,40,61,64,87,5,217,34,0,34,251
09/13/2007,SAV,GA,ASO,ES,Combined TRACON& Tower with Radar,57,61,91,12,221,0,2,23,3,28,57,63,114,15,249,15,0,15,264
09/14/2007,SAV,GA,ASO,ES,Combined TRACON& Tower with Radar,54,65,76,20,215,0,3,31,6,40,54,68,107,26,255,6,0,6,261
09/15/2007,SAV,GA,ASO,ES,Combined TRACON& Tower with Radar,50,70,58,4,182,0,3,24,1,28,50,73,82,5,210,20,0,20,230
09/16/2007,SAV,GA,ASO,ES,Combined TRACON& Tower with Radar,54,62,80,5,201,0,2,28,1,31,54,64,108,6,232,20,4,24,256
09/17/2007,SAV,GA,ASO,ES,Combined TRACON& Tower with Radar,55,59,66,13,193,0,9,42,1,52,55,68,108,14,245,61,0,61,306
09/18/2007,SAV,GA,ASO,ES,Combined TRACON& Tower with Radar,60,49,68,5,182,0,5,42,1,48,60,54,110,6,230,78,2,80,310
09/19/2007,SAV,GA,ASO,ES,Combined TRACON& Tower with Radar,55,59,79,17,210,0,1,42,4,47,55,60,121,21,257,24,0,24,281
09/20/2007,SAV,GA,ASO,ES,Combined TRACON& Tower with Radar,57,62,72,18,209,0,0,3,0,3,57,62,75,18,212,6,0,6,218
09/21/2007,SAV,GA,ASO,ES,Combined TRACON& Tower with Radar,59,61,56,4,180,0,0,13,0,13,59,61,69,4,193,0,0,0,193
09/22/2007,SAV,GA,ASO,ES,Combined TRACON& Tower with Radar,57,59,47,2,165,0,2,9,0,11,57,61,56,2,176,28,0,28,204
09/23/2007,SAV,GA,ASO,ES,Combined TRACON& Tower with Radar,52,61,57,3,173,0,1,35,0,36,52,62,92,3,209,24,0,24,233
09/24/2007,SAV,GA,ASO,ES,Combined TRACON& Tower with Radar,54,73,55,3,185,0,8,75,0,83,54,81,130,3,268,12,0,12,280
09/25/2007,SAV,GA,ASO,ES,Combined TRACON& Tower with Radar,57,58,51,11,177,0,3,35,0,38,57,61,86,11,215,12,0,12,227
09/26/2007,SAV,GA,ASO,ES,Combined TRACON& Tower with Radar,61,69,62,4,196,0,2,27,1,30,61,71,89,5,226,65,0,65,291
09/27/2007,SAV,GA,ASO,ES,Combined TRACON& Tower with Radar,58,56,79,12,205,0,2,58,4,64,58,58,137,16,269,44,0,44,313
09/28/2007,SAV,GA,ASO,ES,Combined TRACON& Tower with Radar,57,56,96,5,214,0,4,61,0,65,57,60,157,5,279,22,0,22,301
09/29/2007,SAV,GA,ASO,ES,Combined TRACON& Tower with Radar,57,57,39,1,154,0,3,74,0,77,57,60,113,1,231,64,2,66,297
09/30/2007,SAV,GA,ASO,ES,Combined TRACON& Tower with Radar,50,64,60,0,174,0,0,66,0,66,50,64,126,0,240,40,0,40,280
10/01/2007,SAV,GA,ASO,ES,Combined TRACON& Tower with Radar,53,54,61,13,181,0,3,41,1,45,53,57,102,14,226,21,2,23,249
10/02/2007,SAV,GA,ASO,ES,Combined TRACON& Tower with Radar,54,61,73,8,196,0,3,15,0,18,54,64,88,8,214,24,3,27,241
10/03/2007,SAV,GA,ASO,ES,Combined TRACON& Tower with Radar,63,69,76,2,210,0,0,3,0,3,63,69,79,2,213,0,0,0,213
10/04/2007,SAV,GA,ASO,ES,Combined TRACON& Tower with Radar,56,65,85,2,208,0,0,0,0,0,56,65,85,2,208,0,0,0,208
10/05/2007,SAV,GA,ASO,ES,Combined TRACON& Tower with Radar,57,69,105,23,254,0,0,26,0,26,57,69,131,23,280,32,8,40,320
10/06/2007,SAV,GA,ASO,ES,Combined TRACON& Tower with Radar,57,59,69,10,195,0,0,14,1,15,57,59,83,11,210,6,0,6,216
10/07/2007,SAV,GA,ASO,ES,Combined TRACON& Tower with Radar,58,66,76,12,212,0,1,29,0,30,58,67,105,12,242,34,6,40,282
10/08/2007,SAV,GA,ASO,ES,Combined TRACON& Tower with Radar,55,55,82,11,203,0,1,53,1,55,55,56,135,12,258,94,0,94,352
10/09/2007,SAV,GA,ASO,ES,Combined TRACON& Tower with Radar,50,46,71,10,177,0,1,42,0,43,50,47,113,10,220,35,0,35,255
10/10/2007,SAV,GA,ASO,ES,Combined TRACON& Tower with Radar,58,70,61,4,193,0,3,64,0,67,58,73,125,4,260,96,0,96,356
10/11/2007,SAV,GA,ASO,ES,Combined TRACON& Tower with Radar,57,67,68,6,198,0,8,94,4,106,57,75,162,10,304,84,2,86,390
10/12/2007,SAV,GA,ASO,ES,Combined TRACON& Tower with Radar,60,52,75,13,200,0,5,73,4,82,60,57,148,17,282,40,8,48,330
10/13/2007,SAV,GA,ASO,ES,Combined TRACON& Tower with Radar,56,53,44,16,169,0,3,73,0,76,56,56,117,16,245,5,2,7,252
10/14/2007,SAV,GA,ASO,ES,Combined TRACON& Tower with Radar,50,73,72,8,203,0,1,62,1,64,50,74,134,9,267,45,0,45,312
10/15/2007,SAV,GA,ASO,ES,Combined TRACON& Tower with Radar,56,70,66,11,203,0,2,53,1,56,56,72,119,12,259,48,4,52,311
10/16/2007,SAV,GA,ASO,ES,Combined TRACON& Tower with Radar,52,68,73,16,209,0,3,56,2,61,52,71,129,18,270,32,4,36,306
10/17/2007,SAV,GA,ASO,ES,Combined TRACON& Tower with Radar,61,72,93,9,235,0,2,40,2,44,61,74,133,11,279,51,12,63,342
10/18/2007,SAV,GA,ASO,ES,Combined TRACON& Tower with Radar,59,72,80,14,225,0,0,27,1,28,59,72,107,15,253,58,40,98,351
10/19/2007,SAV,GA,ASO,ES,Combined TRACON& Tower with Radar,60,58,60,14,192,0,0,19,0,19,60,58,79,14,211,4,0,4,215
10/20/2007,SAV,GA,ASO,ES,Combined TRACON& Tower with Radar,55,58,47,21,181,0,0,75,13,88,55,58,122,34,269,22,6,28,297
10/21/2007,SAV,GA,ASO,ES,Combined TRACON& Tower with Radar,54,68,75,9,206,0,1,59,5,65,54,69,134,14,271,62,0,62,333
10/22/2007,SAV,GA,ASO,ES,Combined TRACON& Tower with Radar,55,59,62,3,179,0,2,31,0,33,55,61,93,3,212,26,0,26,238
10/23/2007,SAV,GA,ASO,ES,Combined TRACON& Tower with Radar,54,57,68,15,194,0,3,35,3,41,54,60,103,18,235,16,10,26,261
10/24/2007,SAV,GA,ASO,ES,Combined TRACON& Tower with Radar,57,62,71,8,198,0,0,0,0,0,57,62,71,8,198,0,4,4,202
10/25/2007,SAV,GA,ASO,ES,Combined TRACON& Tower with Radar,56,70,94,16,236,0,4,43,5,52,56,74,137,21,288,55,2,57,345
10/26/2007,SAV,GA,ASO,ES,Combined TRACON& Tower with Radar,71,43,88,7,209,0,0,10,0,10,71,43,98,7,219,1,2,3,222
10/27/2007,SAV,GA,ASO,ES,Combined TRACON& Tower with Radar,58,46,73,27,204,0,1,31,2,34,58,47,104,29,238,20,0,20,258
10/28/2007,SAV,GA,ASO,ES,Combined TRACON& Tower with Radar,66,51,73,9,199,0,2,37,4,43,66,53,110,13,242,38,12,50,292
10/29/2007,SAV,GA,ASO,ES,Combined TRACON& Tower with Radar,53,67,68,6,194,0,5,43,3,51,53,72,111,9,245,44,0,44,289
10/30/2007,SAV,GA,ASO,ES,Combined TRACON& Tower with Radar,61,59,63,8,191,0,2,43,2,47,61,61,106,10,238,16,0,16,254
10/31/2007,SAV,GA,ASO,ES,Combined TRACON& Tower with Radar,63,51,75,12,201,0,3,44,2,49,63,54,119,14,250,25,2,27,277
11/01/2007,SAV,GA,ASO,ES,Combined TRACON& Tower with Radar,58,74,75,14,221,0,1,1026,2,1029,58,75,1101,16,1250,35,0,35,1285
11/02/2007,SAV,GA,ASO,ES,Combined TRACON& Tower with Radar,69,52,98,16,235,0,5,32,2,39,69,57,130,18,274,2,0,2,276
11/03/2007,SAV,GA,ASO,ES,Combined TRACON& Tower with Radar,53,53,49,21,176,0,2,80,1,83,53,55,129,22,259,25,6,31,290
11/04/2007,SAV,GA,ASO,ES,Combined TRACON& Tower with Radar,55,72,94,17,238,0,1,88,3,92,55,73,182,20,330,24,1,25,355
11/05/2007,SAV,GA,ASO,ES,Combined TRACON& Tower with Radar,57,67,68,13,205,0,1,67,4,72,57,68,135,17,277,8,0,8,285
11/06/2007,SAV,GA,ASO,ES,Combined TRACON& Tower with Radar,62,55,74,16,207,0,6,42,2,50,62,61,116,18,257,8,0,8,265
11/07/2007,SAV,GA,ASO,ES,Combined TRACON& Tower with Radar,58,72,92,21,243,0,3,34,3,40,58,75,126,24,283,17,1,18,301
11/08/2007,SAV,GA,ASO,ES,Combined TRACON& Tower with Radar,60,69,88,18,235,0,4,51,2,57,60,73,139,20,292,24,16,40,332
11/09/2007,SAV,GA,ASO,ES,Combined TRACON& Tower with Radar,54,68,87,19,228,0,4,69,8,81,54,72,156,27,309,23,0,23,332
11/10/2007,SAV,GA,ASO,ES,Combined TRACON& Tower with Radar,58,59,52,26,195,0,2,56,2,60,58,61,108,28,255,30,10,40,295
11/11/2007,SAV,GA,ASO,ES,Combined TRACON& Tower with Radar,55,65,47,9,176,0,3,52,0,55,55,68,99,9,231,12,0,12,243
11/12/2007,SAV,GA,ASO,ES,Combined TRACON& Tower with Radar,56,78,70,7,211,0,1,51,3,55,56,79,121,10,266,28,0,28,294
11/13/2007,SAV,GA,ASO,ES,Combined TRACON& Tower with Radar,59,63,56,18,196,0,1,51,4,56,59,64,107,22,252,36,18,54,306
11/14/2007,SAV,GA,ASO,ES,Combined TRACON& Tower with Radar,56,79,97,33,265,0,5,68,5,78,56,84,165,38,343,12,0,12,355
11/15/2007,SAV,GA,ASO,ES,Combined TRACON& Tower with Radar,57,88,69,19,233,0,5,16,4,25,57,93,85,23,258,10,10,20,278
11/16/2007,SAV,GA,ASO,ES,Combined TRACON& Tower with Radar,61,76,116,22,275,0,3,64,7,74,61,79,180,29,349,7,12,19,368
11/17/2007,SAV,GA,ASO,ES,Combined TRACON& Tower with Radar,66,53,54,19,192,0,1,68,10,79,66,54,122,29,271,71,20,91,362
11/18/2007,SAV,GA,ASO,ES,Combined TRACON& Tower with Radar,51,64,63,18,196,0,4,58,10,72,51,68,121,28,268,4,6,10,278
11/19/2007,SAV,GA,ASO,ES,Combined TRACON& Tower with Radar,56,67,61,15,199,0,1,43,3,47,56,68,104,18,246,86,8,94,340
11/20/2007,SAV,GA,ASO,ES,Combined TRACON& Tower with Radar,67,62,79,9,217,0,1,56,2,59,67,63,135,11,276,53,0,53,329
11/21/2007,SAV,GA,ASO,ES,Combined TRACON& Tower with Radar,58,69,83,4,214,0,3,49,1,53,58,72,132,5,267,32,0,32,299
11/22/2007,SAV,GA,ASO,ES,Combined TRACON& Tower with Radar,42,42,7,0,91,0,1,3,0,4,42,43,10,0,95,0,0,0,95
11/23/2007,SAV,GA,ASO,ES,Combined TRACON& Tower with Radar,51,48,47,0,146,0,2,35,0,37,51,50,82,0,183,8,0,8,191
11/24/2007,SAV,GA,ASO,ES,Combined TRACON& Tower with Radar,51,60,52,1,164,0,0,23,0,23,51,60,75,1,187,18,0,18,205
11/25/2007,SAV,GA,ASO,ES,Combined TRACON& Tower with Radar,52,76,93,5,226,0,0,4,0,4,52,76,97,5,230,12,0,12,242
11/26/2007,SAV,GA,ASO,ES,Combined TRACON& Tower with Radar,49,58,53,4,164,0,2,11,0,13,49,60,64,4,177,6,0,6,183
11/27/2007,SAV,GA,ASO,ES,Combined TRACON& Tower with Radar,65,51,53,2,171,0,1,38,0,39,65,52,91,2,210,54,0,54,264
11/28/2007,SAV,GA,ASO,ES,Combined TRACON& Tower with Radar,59,59,83,1,202,0,1,51,0,52,59,60,134,1,254,16,2,18,272
11/29/2007,SAV,GA,ASO,ES,Combined TRACON& Tower with Radar,59,61,80,8,208,0,1,8,1,10,59,62,88,9,218,1,0,1,219
11/30/2007,SAV,GA,ASO,ES,Combined TRACON& Tower with Radar,69,60,104,11,244,0,2,48,3,53,69,62,152,14,297,38,0,38,335
12/01/2007,SAV,GA,ASO,ES,Combined TRACON& Tower with Radar,53,45,38,15,151,0,4,65,0,69,53,49,103,15,220,16,19,35,255
12/02/2007,SAV,GA,ASO,ES,Combined TRACON& Tower with Radar,56,44,55,16,171,0,0,25,1,26,56,44,80,17,197,8,10,18,215
12/03/2007,SAV,GA,ASO,ES,Combined TRACON& Tower with Radar,53,77,64,4,198,0,3,31,0,34,53,80,95,4,232,10,0,10,242
12/04/2007,SAV,GA,ASO,ES,Combined TRACON& Tower with Radar,59,53,62,9,183,0,3,41,0,44,59,56,103,9,227,56,0,56,283
12/05/2007,SAV,GA,ASO,ES,Combined TRACON& Tower with Radar,58,56,75,0,189,0,3,52,2,57,58,59,127,2,246,12,0,12,258
12/06/2007,SAV,GA,ASO,ES,Combined TRACON& Tower with Radar,54,76,85,10,225,0,0,33,5,38,54,76,118,15,263,24,2,26,289
12/07/2007,SAV,GA,ASO,ES,Combined TRACON& Tower with Radar,69,63,95,8,235,0,3,35,0,38,69,66,130,8,273,12,26,38,311
12/08/2007,SAV,GA,ASO,ES,Combined TRACON& Tower with Radar,62,55,49,12,178,0,3,38,3,44,62,58,87,15,222,14,10,24,246
12/09/2007,SAV,GA,ASO,ES,Combined TRACON& Tower with Radar,56,61,59,10,186,0,2,62,9,73,56,63,121,19,259,10,8,18,277
12/10/2007,SAV,GA,ASO,ES,Combined TRACON& Tower with Radar,50,71,72,5,198,0,1,27,2,30,50,72,99,7,228,34,0,34,262
12/11/2007,SAV,GA,ASO,ES,Combined TRACON& Tower with Radar,60,73,53,3,189,0,0,40,1,41,60,73,93,4,230,23,2,25,255
12/12/2007,SAV,GA,ASO,ES,Combined TRACON& Tower with Radar,59,69,74,10,212,0,0,54,2,56,59,69,128,12,268,16,4,20,288
12/13/2007,SAV,GA,ASO,ES,Combined TRACON& Tower with Radar,51,84,78,10,223,0,3,51,2,56,51,87,129,12,279,18,12,30,309
12/14/2007,SAV,GA,ASO,ES,Combined TRACON& Tower with Radar,51,73,82,15,221,0,3,57,12,72,51,76,139,27,293,47,0,47,340
12/15/2007,SAV,GA,ASO,ES,Combined TRACON& Tower with Radar,50,70,51,10,181,0,0,22,1,23,50,70,73,11,204,12,4,16,220
12/16/2007,SAV,GA,ASO,ES,Combined TRACON& Tower with Radar,36,69,47,7,159,0,0,4,5,9,36,69,51,12,168,0,0,0,168
12/17/2007,SAV,GA,ASO,ES,Combined TRACON& Tower with Radar,49,78,47,10,184,0,3,35,1,39,49,81,82,11,223,43,2,45,268
12/18/2007,SAV,GA,ASO,ES,Combined TRACON& Tower with Radar,59,55,101,3,218,0,5,58,2,65,59,60,159,5,283,50,2,52,335
12/19/2007,SAV,GA,ASO,ES,Combined TRACON& Tower with Radar,57,68,83,9,217,0,3,60,0,63,57,71,143,9,280,14,2,16,296
12/20/2007,SAV,GA,ASO,ES,Combined TRACON& Tower with Radar,50,72,64,10,196,0,2,48,3,53,50,74,112,13,249,54,0,54,303
12/21/2007,SAV,GA,ASO,ES,Combined TRACON& Tower with Radar,52,69,76,4,201,0,0,4,0,4,52,69,80,4,205,2,7,9,214
12/22/2007,SAV,GA,ASO,ES,Combined TRACON& Tower with Radar,44,69,78,0,191,0,0,2,0,2,44,69,80,0,193,0,0,0,193
12/23/2007,SAV,GA,ASO,ES,Combined TRACON& Tower with Radar,29,67,24,0,120,0,3,4,0,7,29,70,28,0,127,8,0,8,135
12/24/2007,SAV,GA,ASO,ES,Combined TRACON& Tower with Radar,34,44,25,0,103,0,1,58,0,59,34,45,83,0,162,28,0,28,190
12/25/2007,SAV,GA,ASO,ES,Combined TRACON& Tower with Radar,25,46,15,0,86,0,0,3,0,3,25,46,18,0,89,18,0,18,107
12/26/2007,SAV,GA,ASO,ES,Combined TRACON& Tower with Radar,55,57,87,2,201,0,0,5,0,5,55,57,92,2,206,0,0,0,206
12/27/2007,SAV,GA,ASO,ES,Combined TRACON& Tower with Radar,56,61,53,15,185,0,0,25,0,25,56,61,78,15,210,4,0,4,214
12/28/2007,SAV,GA,ASO,ES,Combined TRACON& Tower with Radar,49,68,64,4,185,0,0,35,0,35,49,68,99,4,220,8,0,8,228
12/29/2007,SAV,GA,ASO,ES,Combined TRACON& Tower with Radar,42,77,42,0,161,0,0,15,0,15,42,77,57,0,176,12,2,14,190
12/30/2007,SAV,GA,ASO,ES,Combined TRACON& Tower with Radar,37,72,51,0,160,0,2,2,0,4,37,74,53,0,164,0,0,0,164
12/31/2007,SAV,GA,ASO,ES,Combined TRACON& Tower with Radar,43,49,32,0,124,0,0,63,0,63,43,49,95,0,187,12,0,12,199
01/01/2008,SAV,GA,ASO,ES,Combined TRACON& Tower with Radar,41,50,70,0,161,0,1,16,0,17,41,51,86,0,178,0,0,0,178
01/02/2008,SAV,GA,ASO,ES,Combined TRACON& Tower with Radar,53,65,68,6,192,0,2,13,2,17,53,67,81,8,209,22,0,22,231
01/03/2008,SAV,GA,ASO,ES,Combined TRACON& Tower with Radar,38,75,55,11,179,0,2,51,1,54,38,77,106,12,233,10,0,10,243
01/04/2008,SAV,GA,ASO,ES,Combined TRACON& Tower with Radar,59,54,56,9,178,0,5,49,1,55,59,59,105,10,233,26,0,26,259
01/05/2008,SAV,GA,ASO,ES,Combined TRACON& Tower with Radar,42,62,33,4,141,0,0,63,1,64,42,62,96,5,205,32,0,32,237
01/06/2008,SAV,GA,ASO,ES,Combined TRACON& Tower with Radar,44,60,44,23,171,0,1,53,1,55,44,61,97,24,226,35,10,45,271
01/07/2008,SAV,GA,ASO,ES,Combined TRACON& Tower with Radar,47,47,55,7,156,0,0,31,3,34,47,47,86,10,190,38,2,40,230
01/08/2008,SAV,GA,ASO,ES,Combined TRACON& Tower with Radar,45,61,74,12,192,0,0,16,3,19,45,61,90,15,211,24,0,24,235
01/09/2008,SAV,GA,ASO,ES,Combined TRACON& Tower with Radar,45,57,61,7,170,0,0,33,4,37,45,57,94,11,207,46,0,46,253
01/10/2008,SAV,GA,ASO,ES,Combined TRACON& Tower with Radar,44,65,65,18,192,0,1,44,0,45,44,66,109,18,237,32,6,38,275
01/11/2008,SAV,GA,ASO,ES,Combined TRACON& Tower with Radar,52,62,58,12,184,0,0,13,4,17,52,62,71,16,201,0,20,20,221
01/12/2008,SAV,GA,ASO,ES,Combined TRACON& Tower with Radar,34,51,63,24,172,0,2,6,0,8,34,53,69,24,180,6,0,6,186
01/13/2008,SAV,GA,ASO,ES,Combined TRACON& Tower with Radar,51,47,91,22,211,0,2,20,0,22,51,49,111,22,233,24,2,26,259
01/14/2008,SAV,GA,ASO,ES,Combined TRACON& Tower with Radar,44,60,44,7,155,0,0,49,2,51,44,60,93,9,206,16,0,16,222
01/15/2008,SAV,GA,ASO,ES,Combined TRACON& Tower with Radar,43,61,84,17,205,0,1,47,4,52,43,62,131,21,257,45,18,63,320
01/16/2008,SAV,GA,ASO,ES,Combined TRACON& Tower with Radar,43,63,68,2,176,0,1,29,1,31,43,64,97,3,207,7,2,9,216
01/17/2008,SAV,GA,ASO,ES,Combined TRACON& Tower with Radar,48,67,84,3,202,0,0,0,0,0,48,67,84,3,202,0,0,0,202
01/18/2008,SAV,GA,ASO,ES,Combined TRACON& Tower with Radar,40,75,92,10,217,0,0,41,4,45,40,75,133,14,262,22,2,24,286
01/19/2008,SAV,GA,ASO,ES,Combined TRACON& Tower with Radar,26,56,27,6,115,0,0,0,0,0,26,56,27,6,115,0,0,0,115
01/20/2008,SAV,GA,ASO,ES,Combined TRACON& Tower with Radar,37,63,55,5,160,0,1,48,3,52,37,64,103,8,212,6,0,6,218
01/21/2008,SAV,GA,ASO,ES,Combined TRACON& Tower with Radar,45,78,67,0,190,0,2,46,0,48,45,80,113,0,238,22,0,22,260
01/22/2008,SAV,GA,ASO,ES,Combined TRACON& Tower with Radar,46,57,62,7,172,0,1,41,0,42,46,58,103,7,214,48,0,48,262
01/23/2008,SAV,GA,ASO,ES,Combined TRACON& Tower with Radar,42,61,80,7,190,0,2,27,0,29,42,63,107,7,219,4,0,4,223
01/24/2008,SAV,GA,ASO,ES,Combined TRACON& Tower with Radar,46,65,53,4,168,0,4,17,1,22,46,69,70,5,190,36,0,36,226
01/25/2008,SAV,GA,ASO,ES,Combined TRACON& Tower with Radar,42,52,77,19,190,0,3,72,1,76,42,55,149,20,266,50,4,54,320
01/26/2008,SAV,GA,ASO,ES,Combined TRACON& Tower with Radar,44,47,47,16,154,0,1,8,0,9,44,48,55,16,163,0,6,6,169
01/27/2008,SAV,GA,ASO,ES,Combined TRACON& Tower with Radar,39,63,74,28,204,0,1,46,4,51,39,64,120,32,255,24,0,24,279
01/28/2008,SAV,GA,ASO,ES,Combined TRACON& Tower with Radar,44,57,78,18,197,0,2,62,3,67,44,59,140,21,264,18,3,21,285
01/29/2008,SAV,GA,ASO,ES,Combined TRACON& Tower with Radar,46,58,104,9,217,0,1,67,1,69,46,59,171,10,286,16,4,20,306
01/30/2008,SAV,GA,ASO,ES,Combined TRACON& Tower with Radar,50,53,78,6,187,0,2,42,0,44,50,55,120,6,231,60,0,60,291
01/31/2008,SAV,GA,ASO,ES,Combined TRACON& Tower with Radar,41,66,107,10,224,0,1,26,1,28,41,67,133,11,252,30,2,32,284
02/01/2008,SAV,GA,ASO,ES,Combined TRACON& Tower with Radar,49,59,100,5,213,0,0,13,6,19,49,59,113,11,232,0,0,0,232
02/02/2008,SAV,GA,ASO,ES,Combined TRACON& Tower with Radar,44,44,43,9,140,0,4,101,130,235,44,48,144,139,375,11,4,15,390
02/03/2008,SAV,GA,ASO,ES,Combined TRACON& Tower with Radar,37,58,52,14,161,0,1,45,4,50,37,59,97,18,211,10,0,10,221
02/04/2008,SAV,GA,ASO,ES,Combined TRACON& Tower with Radar,41,61,61,10,173,0,0,37,0,37,41,61,98,10,210,18,8,26,236
02/05/2008,SAV,GA,ASO,ES,Combined TRACON& Tower with Radar,47,48,64,9,168,0,1,18,0,19,47,49,82,9,187,24,4,28,215
02/06/2008,SAV,GA,ASO,ES,Combined TRACON& Tower with Radar,45,55,46,0,146,0,0,6,1,7,45,55,52,1,153,4,0,4,157
02/07/2008,SAV,GA,ASO,ES,Combined TRACON& Tower with Radar,48,69,62,6,185,0,11,64,2,77,48,80,126,8,262,20,0,20,282
02/08/2008,SAV,GA,ASO,ES,Combined TRACON& Tower with Radar,49,49,53,10,161,0,4,90,1,95,49,53,143,11,256,38,8,46,302
02/09/2008,SAV,GA,ASO,ES,Combined TRACON& Tower with Radar,37,53,31,26,147,0,0,60,4,64,37,53,91,30,211,12,1,13,224
02/10/2008,SAV,GA,ASO,ES,Combined TRACON& Tower with Radar,39,57,62,8,166,0,3,45,1,49,39,60,107,9,215,21,0,21,236
02/11/2008,SAV,GA,ASO,ES,Combined TRACON& Tower with Radar,44,60,47,17,168,0,2,66,6,74,44,62,113,23,242,38,2,40,282
02/12/2008,SAV,GA,ASO,ES,Combined TRACON& Tower with Radar,44,51,60,16,171,0,2,27,1,30,44,53,87,17,201,14,0,14,215
02/13/2008,SAV,GA,ASO,ES,Combined TRACON& Tower with Radar,40,56,77,18,191,0,2,8,2,12,40,58,85,20,203,10,8,18,221
02/14/2008,SAV,GA,ASO,ES,Combined TRACON& Tower with Radar,52,70,68,7,197,0,4,67,3,74,52,74,135,10,271,8,1,9,280
02/15/2008,SAV,GA,ASO,ES,Combined TRACON& Tower with Radar,45,72,91,43,251,0,2,57,2,61,45,74,148,45,312,42,2,44,356
02/16/2008,SAV,GA,ASO,ES,Combined TRACON& Tower with Radar,46,70,43,19,178,0,2,66,0,68,46,72,109,19,246,48,0,48,294
02/17/2008,SAV,GA,ASO,ES,Combined TRACON& Tower with Radar,42,66,61,14,183,0,2,13,2,17,42,68,74,16,200,0,2,2,202
02/18/2008,SAV,GA,ASO,ES,Combined TRACON& Tower with Radar,43,55,53,1,152,0,1,8,0,9,43,56,61,1,161,2,0,2,163
02/19/2008,SAV,GA,ASO,ES,Combined TRACON& Tower with Radar,46,65,58,41,210,0,3,47,2,52,46,68,105,43,262,22,6,28,290
02/20/2008,SAV,GA,ASO,ES,Combined TRACON& Tower with Radar,53,59,71,34,217,0,4,62,2,68,53,63,133,36,285,8,2,10,295
02/21/2008,SAV,GA,ASO,ES,Combined TRACON& Tower with Radar,47,71,76,32,226,0,1,31,0,32,47,72,107,32,258,6,2,8,266
02/22/2008,SAV,GA,ASO,ES,Combined TRACON& Tower with Radar,45,62,58,4,169,0,0,0,0,0,45,62,58,4,169,0,0,0,169
02/23/2008,SAV,GA,ASO,ES,Combined TRACON& Tower with Radar,44,64,58,7,173,0,0,38,4,42,44,64,96,11,215,36,4,40,255
02/24/2008,SAV,GA,ASO,ES,Combined TRACON& Tower with Radar,39,61,76,6,182,0,1,54,0,55,39,62,130,6,237,18,0,18,255
02/25/2008,SAV,GA,ASO,ES,Combined TRACON& Tower with Radar,44,50,78,32,204,0,2,59,0,61,44,52,137,32,265,16,0,16,281
02/26/2008,SAV,GA,ASO,ES,Combined TRACON& Tower with Radar,46,60,49,11,166,0,0,7,1,8,46,60,56,12,174,27,8,35,209
02/27/2008,SAV,GA,ASO,ES,Combined TRACON& Tower with Radar,48,69,74,32,223,0,5,39,2,46,48,74,113,34,269,12,12,24,293
02/28/2008,SAV,GA,ASO,ES,Combined TRACON& Tower with Radar,48,79,100,29,256,0,2,74,1,77,48,81,174,30,333,51,0,51,384
02/29/2008,SAV,GA,ASO,ES,Combined TRACON& Tower with Radar,42,66,76,38,222,0,5,84,2,91,42,71,160,40,313,48,6,54,367
03/01/2008,SAV,GA,ASO,ES,Combined TRACON& Tower with Radar,46,66,53,17,182,0,2,74,0,76,46,68,127,17,258,38,0,38,296
03/02/2008,SAV,GA,ASO,ES,Combined TRACON& Tower with Radar,38,65,70,5,178,0,5,84,0,89,38,70,154,5,267,46,0,46,313
03/03/2008,SAV,GA,ASO,ES,Combined TRACON& Tower with Radar,45,61,69,30,205,0,2,374,1,377,45,63,443,31,582,6,6,12,594
03/04/2008,SAV,GA,ASO,ES,Combined TRACON& Tower with Radar,46,65,45,6,162,0,0,0,0,0,46,65,45,6,162,0,0,0,162
03/05/2008,SAV,GA,ASO,ES,Combined TRACON& Tower with Radar,51,92,80,27,250,0,5,64,1,70,51,97,144,28,320,86,26,112,432
03/06/2008,SAV,GA,ASO,ES,Combined TRACON& Tower with Radar,50,67,95,14,226,0,0,71,4,75,50,67,166,18,301,42,0,42,343
03/07/2008,SAV,GA,ASO,ES,Combined TRACON& Tower with Radar,45,81,53,10,189,0,2,2,0,4,45,83,55,10,193,0,0,0,193
03/08/2008,SAV,GA,ASO,ES,Combined TRACON& Tower with Radar,30,72,37,18,157,0,2,8,1,11,30,74,45,19,168,4,4,8,176
03/09/2008,SAV,GA,ASO,ES,Combined TRACON& Tower with Radar,36,78,42,13,169,0,1,81,0,82,36,79,123,13,251,24,0,24,275
03/10/2008,SAV,GA,ASO,ES,Combined TRACON& Tower with Radar,42,67,67,13,189,0,2,66,0,68,42,69,133,13,257,16,0,16,273
03/11/2008,SAV,GA,ASO,ES,Combined TRACON& Tower with Radar,29,81,87,15,212,0,0,49,7,56,29,81,136,22,268,24,2,26,294
03/12/2008,SAV,GA,ASO,ES,Combined TRACON& Tower with Radar,35,77,67,9,188,0,1,78,2,81,35,78,145,11,269,58,12,70,339
03/13/2008,SAV,GA,ASO,ES,Combined TRACON& Tower with Radar,50,70,93,6,219,0,3,99,5,107,50,73,192,11,326,59,1,60,386
03/14/2008,SAV,GA,ASO,ES,Combined TRACON& Tower with Radar,48,74,81,55,258,0,2,37,10,49,48,76,118,65,307,47,8,55,362
03/15/2008,SAV,GA,ASO,ES,Combined TRACON& Tower with Radar,55,62,60,9,186,0,3,16,1,20,55,65,76,10,206,22,12,34,240
03/16/2008,SAV,GA,ASO,ES,Combined TRACON& Tower with Radar,51,64,84,17,216,0,2,48,13,63,51,66,132,30,279,18,12,30,309
03/17/2008,SAV,GA,ASO,ES,Combined TRACON& Tower with Radar,50,81,65,12,208,0,3,53,5,61,50,84,118,17,269,13,0,13,282
03/18/2008,SAV,GA,ASO,ES,Combined TRACON& Tower with Radar,45,60,54,13,172,0,0,35,3,38,45,60,89,16,210,24,18,42,252
03/19/2008,SAV,GA,ASO,ES,Combined TRACON& Tower with Radar,37,85,49,11,182,0,0,10,0,10,37,85,59,11,192,4,0,4,196
03/20/2008,SAV,GA,ASO,ES,Combined TRACON& Tower with Radar,44,79,69,15,207,0,5,42,1,48,44,84,111,16,255,4,0,4,259
03/21/2008,SAV,GA,ASO,ES,Combined TRACON& Tower with Radar,47,87,97,7,238,0,2,66,1,69,47,89,163,8,307,30,10,40,347
03/22/2008,SAV,GA,ASO,ES,Combined TRACON& Tower with Radar,45,81,64,4,194,0,1,53,0,54,45,82,117,4,248,62,0,62,310
03/23/2008,SAV,GA,ASO,ES,Combined TRACON& Tower with Radar,46,68,45,1,160,0,1,37,0,38,46,69,82,1,198,14,0,14,212
03/24/2008,SAV,GA,ASO,ES,Combined TRACON& Tower with Radar,45,87,77,6,215,0,3,34,14,51,45,90,111,20,266,16,0,16,282
03/25/2008,SAV,GA,ASO,ES,Combined TRACON& Tower with Radar,46,69,84,6,205,0,0,69,5,74,46,69,153,11,279,58,0,58,337
03/26/2008,SAV,GA,ASO,ES,Combined TRACON& Tower with Radar,48,59,84,6,197,0,1,80,2,83,48,60,164,8,280,18,0,18,298
03/27/2008,SAV,GA,ASO,ES,Combined TRACON& Tower with Radar,41,68,97,8,214,0,3,72,2,77,41,71,169,10,291,24,10,34,325
03/28/2008,SAV,GA,ASO,ES,Combined TRACON& Tower with Radar,57,56,81,21,215,0,4,54,2,60,57,60,135,23,275,18,7,25,300
03/29/2008,SAV,GA,ASO,ES,Combined TRACON& Tower with Radar,46,70,47,17,180,0,0,47,2,49,46,70,94,19,229,24,6,30,259
03/30/2008,SAV,GA,ASO,ES,Combined TRACON& Tower with Radar,51,59,63,11,184,0,0,6,2,8,51,59,69,13,192,4,0,4,196
03/31/2008,SAV,GA,ASO,ES,Combined TRACON& Tower with Radar,52,60,66,11,189,0,0,11,1,12,52,60,77,12,201,4,6,10,211
04/01/2008,SAV,GA,ASO,ES,Combined TRACON& Tower with Radar,48,63,60,7,178,0,0,16,0,16,48,63,76,7,194,8,0,8,202
04/02/2008,SAV,GA,ASO,ES,Combined TRACON& Tower with Radar,52,73,98,13,236,0,1,54,2,57,52,74,152,15,293,6,0,6,299
04/03/2008,SAV,GA,ASO,ES,Combined TRACON& Tower with Radar,50,77,106,2,235,0,0,0,0,0,50,77,106,2,235,0,0,0,235
04/04/2008,SAV,GA,ASO,ES,Combined TRACON& Tower with Radar,61,71,99,15,246,0,1,14,1,16,61,72,113,16,262,2,0,2,264
04/05/2008,SAV,GA,ASO,ES,Combined TRACON& Tower with Radar,55,64,32,2,153,0,0,1,0,1,55,64,33,2,154,10,0,10,164
04/06/2008,SAV,GA,ASO,ES,Combined TRACON& Tower with Radar,54,75,103,22,254,0,1,24,3,28,54,76,127,25,282,26,0,26,308
04/07/2008,SAV,GA,ASO,ES,Combined TRACON& Tower with Radar,57,83,80,11,231,0,1,4,0,5,57,84,84,11,236,7,0,7,243
04/08/2008,SAV,GA,ASO,ES,Combined TRACON& Tower with Radar,46,75,94,14,229,0,0,26,1,27,46,75,120,15,256,23,2,25,281
04/09/2008,SAV,GA,ASO,ES,Combined TRACON& Tower with Radar,60,69,98,16,243,0,2,57,2,61,60,71,155,18,304,12,0,12,316
04/10/2008,SAV,GA,ASO,ES,Combined TRACON& Tower with Radar,56,89,94,12,251,0,3,67,4,74,56,92,161,16,325,28,10,38,363
04/11/2008,SAV,GA,ASO,ES,Combined TRACON& Tower with Radar,48,86,92,34,260,0,2,47,3,52,48,88,139,37,312,28,14,42,354
04/12/2008,SAV,GA,ASO,ES,Combined TRACON& Tower with Radar,59,72,51,16,198,0,2,24,1,27,59,74,75,17,225,4,0,4,229
04/13/2008,SAV,GA,ASO,ES,Combined TRACON& Tower with Radar,59,69,77,21,226,0,3,31,5,39,59,72,108,26,265,0,2,2,267
04/14/2008,SAV,GA,ASO,ES,Combined TRACON& Tower with Radar,54,72,89,4,219,0,4,45,0,49,54,76,134,4,268,12,0,12,280
04/15/2008,SAV,GA,ASO,ES,Combined TRACON& Tower with Radar,48,83,78,10,219,0,1,37,0,38,48,84,115,10,257,12,2,14,271
04/16/2008,SAV,GA,ASO,ES,Combined TRACON& Tower with Radar,54,84,81,8,227,0,1,59,2,62,54,85,140,10,289,8,0,8,297
04/17/2008,SAV,GA,ASO,ES,Combined TRACON& Tower with Radar,54,93,105,13,265,0,0,81,1,82,54,93,186,14,347,84,0,84,431
04/18/2008,SAV,GA,ASO,ES,Combined TRACON& Tower with Radar,58,80,93,7,238,0,6,67,1,74,58,86,160,8,312,72,0,72,384
04/19/2008,SAV,GA,ASO,ES,Combined TRACON& Tower with Radar,52,81,63,16,212,0,1,42,2,45,52,82,105,18,257,22,6,28,285
04/20/2008,SAV,GA,ASO,ES,Combined TRACON& Tower with Radar,61,79,80,11,231,0,0,63,2,65,61,79,143,13,296,22,0,22,318
04/21/2008,SAV,GA,ASO,ES,Combined TRACON& Tower with Radar,55,78,80,7,220,0,0,57,4,61,55,78,137,11,281,42,6,48,329
04/22/2008,SAV,GA,ASO,ES,Combined TRACON& Tower with Radar,48,99,91,8,246,0,1,47,3,51,48,100,138,11,297,32,1,33,330
04/23/2008,SAV,GA,ASO,ES,Combined TRACON& Tower with Radar,52,97,91,5,245,0,0,29,1,30,52,97,120,6,275,14,0,14,289
04/24/2008,SAV,GA,ASO,ES,Combined TRACON& Tower with Radar,52,115,86,4,257,0,5,61,3,69,52,120,147,7,326,31,0,31,357
04/25/2008,SAV,GA,ASO,ES,Combined TRACON& Tower with Radar,61,82,100,24,267,0,1,53,0,54,61,83,153,24,321,26,18,44,365
04/26/2008,SAV,GA,ASO,ES,Combined TRACON& Tower with Radar,57,81,64,11,213,0,1,41,5,47,57,82,105,16,260,26,0,26,286
04/27/2008,SAV,GA,ASO,ES,Combined TRACON& Tower with Radar,48,106,96,17,267,0,1,33,6,40,48,107,129,23,307,39,2,41,348
04/28/2008,SAV,GA,ASO,ES,Combined TRACON& Tower with Radar,56,79,52,13,200,0,2,17,1,20,56,81,69,14,220,4,0,4,224
04/29/2008,SAV,GA,ASO,ES,Combined TRACON& Tower with Radar,54,79,82,18,233,0,1,43,2,46,54,80,125,20,279,25,2,27,306
04/30/2008,SAV,GA,ASO,ES,Combined TRACON& Tower with Radar,58,72,80,15,225,0,3,82,4,89,58,75,162,19,314,26,0,26,340
05/01/2008,SAV,GA,ASO,ES,Combined TRACON& Tower with Radar,55,80,82,16,233,0,0,72,1,73,55,80,154,17,306,28,2,30,336
05/02/2008,SAV,GA,ASO,ES,Combined TRACON& Tower with Radar,54,72,89,15,230,0,1,78,0,79,54,73,167,15,309,14,4,18,327
05/03/2008,SAV,GA,ASO,ES,Combined TRACON& Tower with Radar,53,79,32,11,175,0,2,45,0,47,53,81,77,11,222,22,0,22,244
05/04/2008,SAV,GA,ASO,ES,Combined TRACON& Tower with Radar,61,57,83,4,205,0,2,58,2,62,61,59,141,6,267,8,0,8,275
05/05/2008,SAV,GA,ASO,ES,Combined TRACON& Tower with Radar,62,70,48,10,190,0,0,49,1,50,62,70,97,11,240,8,0,8,248
05/06/2008,SAV,GA,ASO,ES,Combined TRACON& Tower with Radar,62,75,61,21,219,0,3,48,1,52,62,78,109,22,271,16,0,16,287
05/07/2008,SAV,GA,ASO,ES,Combined TRACON& Tower with Radar,59,76,63,20,218,0,1,67,7,75,59,77,130,27,293,14,0,14,307
05/08/2008,SAV,GA,ASO,ES,Combined TRACON& Tower with Radar,54,70,74,13,211,0,3,39,5,47,54,73,113,18,258,44,1,45,303
05/09/2008,SAV,GA,ASO,ES,Combined TRACON& Tower with Radar,64,68,59,16,207,0,1,25,1,27,64,69,84,17,234,96,0,96,330
05/10/2008,SAV,GA,ASO,ES,Combined TRACON& Tower with Radar,53,79,34,2,168,0,0,26,0,26,53,79,60,2,194,16,0,16,210
05/11/2008,SAV,GA,ASO,ES,Combined TRACON& Tower with Radar,58,63,31,2,154,0,3,4,0,7,58,66,35,2,161,0,0,0,161
05/12/2008,SAV,GA,ASO,ES,Combined TRACON& Tower with Radar,55,60,67,20,202,0,1,21,2,24,55,61,88,22,226,22,0,22,248
05/13/2008,SAV,GA,ASO,ES,Combined TRACON& Tower with Radar,67,74,62,10,213,0,0,67,0,67,67,74,129,10,280,30,0,30,310
05/14/2008,SAV,GA,ASO,ES,Combined TRACON& Tower with Radar,61,65,88,12,226,0,0,63,2,65,61,65,151,14,291,49,10,59,350
05/15/2008,SAV,GA,ASO,ES,Combined TRACON& Tower with Radar,61,68,82,13,224,0,0,49,0,49,61,68,131,13,273,64,0,64,337
05/16/2008,SAV,GA,ASO,ES,Combined TRACON& Tower with Radar,66,61,66,9,202,0,2,15,3,20,66,63,81,12,222,35,0,35,257
05/17/2008,SAV,GA,ASO,ES,Combined TRACON& Tower with Radar,63,76,41,4,184,0,1,81,0,82,63,77,122,4,266,52,0,52,318
05/18/2008,SAV,GA,ASO,ES,Combined TRACON& Tower with Radar,65,48,63,6,182,0,2,35,4,41,65,50,98,10,223,9,0,9,232
05/19/2008,SAV,GA,ASO,ES,Combined TRACON& Tower with Radar,60,57,85,5,207,0,2,50,0,52,60,59,135,5,259,16,0,16,275
05/20/2008,SAV,GA,ASO,ES,Combined TRACON& Tower with Radar,63,61,52,8,184,0,0,43,4,47,63,61,95,12,231,61,0,61,292
05/21/2008,SAV,GA,ASO,ES,Combined TRACON& Tower with Radar,66,64,96,7,233,0,0,38,1,39,66,64,134,8,272,66,0,66,338
05/22/2008,SAV,GA,ASO,ES,Combined TRACON& Tower with Radar,62,71,80,5,218,0,3,59,1,63,62,74,139,6,281,35,0,35,316
05/23/2008,SAV,GA,ASO,ES,Combined TRACON& Tower with Radar,63,70,92,11,236,0,0,22,1,23,63,70,114,12,259,4,0,4,263
05/24/2008,SAV,GA,ASO,ES,Combined TRACON& Tower with Radar,67,71,47,1,186,0,3,45,0,48,67,74,92,1,234,32,0,32,266
05/25/2008,SAV,GA,ASO,ES,Combined TRACON& Tower with Radar,55,49,41,2,147,0,3,47,0,50,55,52,88,2,197,12,0,12,209
05/26/2008,SAV,GA,ASO,ES,Combined TRACON& Tower with Radar,59,48,47,1,155,0,8,62,4,74,59,56,109,5,229,24,0,24,253
05/27/2008,SAV,GA,ASO,ES,Combined TRACON& Tower with Radar,62,67,59,5,193,0,1,65,0,66,62,68,124,5,259,33,8,41,300
05/28/2008,SAV,GA,ASO,ES,Combined TRACON& Tower with Radar,55,76,73,4,208,0,0,75,2,77,55,76,148,6,285,80,1,81,366
05/29/2008,SAV,GA,ASO,ES,Combined TRACON& Tower with Radar,61,82,99,23,265,0,0,12,3,15,61,82,111,26,280,2,0,2,282
05/30/2008,SAV,GA,ASO,ES,Combined TRACON& Tower with Radar,61,66,94,19,240,0,0,30,2,32,61,66,124,21,272,16,0,16,288
05/31/2008,SAV,GA,ASO,ES,Combined TRACON& Tower with Radar,59,72,38,9,178,0,3,66,0,69,59,75,104,9,247,34,0,34,281
06/01/2008,SAV,GA,ASO,ES,Combined TRACON& Tower with Radar,64,51,54,11,180,0,3,43,1,47,64,54,97,12,227,84,0,84,311
06/02/2008,SAV,GA,ASO,ES,Combined TRACON& Tower with Radar,46,78,62,14,200,0,0,21,2,23,46,78,83,16,223,24,16,40,263
06/03/2008,SAV,GA,ASO,ES,Combined TRACON& Tower with Radar,60,64,62,10,196,0,3,35,1,39,60,67,97,11,235,2,0,2,237
06/04/2008,SAV,GA,ASO,ES,Combined TRACON& Tower with Radar,56,59,65,8,188,0,1,61,1,63,56,60,126,9,251,26,10,36,287
06/05/2008,SAV,GA,ASO,ES,Combined TRACON& Tower with Radar,56,84,68,9,217,0,4,54,3,61,56,88,122,12,278,36,0,36,314
06/06/2008,SAV,GA,ASO,ES,Combined TRACON& Tower with Radar,55,63,74,9,201,0,3,59,1,63,55,66,133,10,264,58,0,58,322
06/07/2008,SAV,GA,ASO,ES,Combined TRACON& Tower with Radar,58,60,40,3,161,0,2,45,0,47,58,62,85,3,208,16,0,16,224
06/08/2008,SAV,GA,ASO,ES,Combined TRACON& Tower with Radar,52,48,56,13,169,0,1,39,2,42,52,49,95,15,211,44,0,44,255
06/09/2008,SAV,GA,ASO,ES,Combined TRACON& Tower with Radar,64,58,70,4,196,0,0,38,2,40,64,58,108,6,236,58,0,58,294
06/10/2008,SAV,GA,ASO,ES,Combined TRACON& Tower with Radar,65,53,67,5,190,0,1,44,3,48,65,54,111,8,238,6,1,7,245
06/11/2008,SAV,GA,ASO,ES,Combined TRACON& Tower with Radar,55,74,72,9,210,0,3,41,6,50,55,77,113,15,260,32,16,48,308
06/12/2008,SAV,GA,ASO,ES,Combined TRACON& Tower with Radar,59,67,65,18,209,0,3,34,2,39,59,70,99,20,248,53,8,61,309
06/13/2008,SAV,GA,ASO,ES,Combined TRACON& Tower with Radar,58,59,56,19,192,0,3,34,2,39,58,62,90,21,231,26,18,44,275
06/14/2008,SAV,GA,ASO,ES,Combined TRACON& Tower with Radar,68,48,44,29,189,0,2,57,2,61,68,50,101,31,250,72,0,72,322
06/15/2008,SAV,GA,ASO,ES,Combined TRACON& Tower with Radar,56,64,49,9,178,0,2,20,1,23,56,66,69,10,201,20,18,38,239
06/16/2008,SAV,GA,ASO,ES,Combined TRACON& Tower with Radar,58,56,79,17,210,0,1,20,2,23,58,57,99,19,233,38,0,38,271
06/17/2008,SAV,GA,ASO,ES,Combined TRACON& Tower with Radar,55,66,53,8,182,0,0,53,6,59,55,66,106,14,241,62,2,64,305
06/18/2008,SAV,GA,ASO,ES,Combined TRACON& Tower with Radar,55,67,59,9,190,0,0,62,4,66,55,67,121,13,256,58,2,60,316
06/19/2008,SAV,GA,ASO,ES,Combined TRACON& Tower with Radar,58,67,69,14,208,0,0,43,1,44,58,67,112,15,252,5,0,5,257
06/20/2008,SAV,GA,ASO,ES,Combined TRACON& Tower with Radar,57,70,72,20,219,0,7,50,8,65,57,77,122,28,284,12,0,12,296
06/21/2008,SAV,GA,ASO,ES,Combined TRACON& Tower with Radar,68,59,37,20,184,0,1,31,1,33,68,60,68,21,217,27,0,27,244
06/22/2008,SAV,GA,ASO,ES,Combined TRACON& Tower with Radar,46,53,57,10,166,0,0,40,0,40,46,53,97,10,206,12,0,12,218
06/23/2008,SAV,GA,ASO,ES,Combined TRACON& Tower with Radar,54,59,64,8,185,0,1,26,3,30,54,60,90,11,215,0,4,4,219
06/24/2008,SAV,GA,ASO,ES,Combined TRACON& Tower with Radar,58,60,68,6,192,0,0,52,0,52,58,60,120,6,244,10,2,12,256
06/25/2008,SAV,GA,ASO,ES,Combined TRACON& Tower with Radar,51,80,61,7,199,0,0,41,4,45,51,80,102,11,244,8,12,20,264
06/26/2008,SAV,GA,ASO,ES,Combined TRACON& Tower with Radar,57,63,62,13,195,0,2,48,0,50,57,65,110,13,245,36,0,36,281
06/27/2008,SAV,GA,ASO,ES,Combined TRACON& Tower with Radar,55,63,87,40,245,0,0,51,17,68,55,63,138,57,313,35,15,50,363
06/28/2008,SAV,GA,ASO,ES,Combined TRACON& Tower with Radar,58,73,41,12,184,0,0,57,11,68,58,73,98,23,252,70,0,70,322
06/29/2008,SAV,GA,ASO,ES,Combined TRACON& Tower with Radar,48,49,40,10,147,0,0,34,5,39,48,49,74,15,186,32,0,32,218
06/30/2008,SAV,GA,ASO,ES,Combined TRACON& Tower with Radar,58,65,41,17,181,0,0,12,2,14,58,65,53,19,195,16,16,32,227
07/01/2008,SAV,GA,ASO,ES,Combined TRACON& Tower with Radar,62,56,59,3,180,0,0,68,5,73,62,56,127,8,253,39,0,39,292
07/02/2008,SAV,GA,ASO,ES,Combined TRACON& Tower with Radar,57,55,63,7,182,0,1,68,1,70,57,56,131,8,252,62,4,66,318
07/03/2008,SAV,GA,ASO,ES,Combined TRACON& Tower with Radar,58,58,47,4,167,0,0,52,1,53,58,58,99,5,220,28,0,28,248
07/04/2008,SAV,GA,ASO,ES,Combined TRACON& Tower with Radar,54,37,10,0,101,0,2,30,0,32,54,39,40,0,133,0,0,0,133
07/05/2008,SAV,GA,ASO,ES,Combined TRACON& Tower with Radar,59,57,22,0,138,0,0,36,0,36,59,57,58,0,174,9,3,12,186
07/06/2008,SAV,GA,ASO,ES,Combined TRACON& Tower with Radar,51,54,48,2,155,0,0,27,0,27,51,54,75,2,182,12,0,12,194
07/07/2008,SAV,GA,ASO,ES,Combined TRACON& Tower with Radar,55,52,57,9,173,0,5,26,0,31,55,57,83,9,204,32,0,32,236
07/08/2008,SAV,GA,ASO,ES,Combined TRACON& Tower with Radar,58,64,60,5,187,0,0,46,0,46,58,64,106,5,233,112,2,114,347
07/09/2008,SAV,GA,ASO,ES,Combined TRACON& Tower with Radar,57,60,52,7,176,0,1,48,6,55,57,61,100,13,231,72,0,72,303
07/10/2008,SAV,GA,ASO,ES,Combined TRACON& Tower with Radar,54,66,60,7,187,0,0,40,0,40,54,66,100,7,227,38,0,38,265
07/11/2008,SAV,GA,ASO,ES,Combined TRACON& Tower with Radar,57,61,60,19,197,0,0,23,7,30,57,61,83,26,227,24,0,24,251
07/12/2008,SAV,GA,ASO,ES,Combined TRACON& Tower with Radar,56,70,45,15,186,0,0,35,5,40,56,70,80,20,226,36,12,48,274
07/13/2008,SAV,GA,ASO,ES,Combined TRACON& Tower with Radar,51,61,37,21,170,0,5,58,0,63,51,66,95,21,233,2,2,4,237
07/14/2008,SAV,GA,ASO,ES,Combined TRACON& Tower with Radar,58,72,54,20,204,0,0,28,2,30,58,72,82,22,234,44,6,50,284
07/15/2008,SAV,GA,ASO,ES,Combined TRACON& Tower with Radar,56,69,57,29,211,0,1,28,5,34,56,70,85,34,245,6,10,16,261
07/16/2008,SAV,GA,ASO,ES,Combined TRACON& Tower with Radar,49,79,61,55,244,0,3,16,3,22,49,82,77,58,266,40,0,40,306
07/17/2008,SAV,GA,ASO,ES,Combined TRACON& Tower with Radar,58,58,85,37,238,0,0,6,13,19,58,58,91,50,257,4,2,6,263
07/18/2008,SAV,GA,ASO,ES,Combined TRACON& Tower with Radar,57,85,75,34,251,0,0,9,0,9,57,85,84,34,260,25,0,25,285
07/19/2008,SAV,GA,ASO,ES,Combined TRACON& Tower with Radar,63,62,48,29,202,0,1,37,1,39,63,63,85,30,241,62,4,66,307
07/20/2008,SAV,GA,ASO,ES,Combined TRACON& Tower with Radar,48,62,61,6,177,0,1,60,4,65,48,63,121,10,242,49,12,61,303
07/21/2008,SAV,GA,ASO,ES,Combined TRACON& Tower with Radar,52,58,54,30,194,0,0,55,2,57,52,58,109,32,251,54,14,68,319
07/22/2008,SAV,GA,ASO,ES,Combined TRACON& Tower with Radar,69,69,49,21,208,0,0,47,1,48,69,69,96,22,256,12,17,29,285
07/23/2008,SAV,GA,ASO,ES,Combined TRACON& Tower with Radar,55,63,65,10,193,0,0,40,5,45,55,63,105,15,238,28,0,28,266
07/24/2008,SAV,GA,ASO,ES,Combined TRACON& Tower with Radar,53,79,85,31,248,0,0,46,2,48,53,79,131,33,296,28,0,28,324
07/25/2008,SAV,GA,ASO,ES,Combined TRACON& Tower with Radar,61,79,70,28,238,0,1,56,1,58,61,80,126,29,296,19,8,27,323
07/26/2008,SAV,GA,ASO,ES,Combined TRACON& Tower with Radar,56,75,40,24,195,0,0,36,3,39,56,75,76,27,234,38,0,38,272
07/27/2008,SAV,GA,ASO,ES,Combined TRACON& Tower with Radar,53,58,34,24,169,0,0,26,3,29,53,58,60,27,198,28,0,28,226
07/28/2008,SAV,GA,ASO,ES,Combined TRACON& Tower with Radar,47,60,54,32,193,0,1,23,1,25,47,61,77,33,218,16,2,18,236
07/29/2008,SAV,GA,ASO,ES,Combined TRACON& Tower with Radar,63,62,55,29,209,0,2,52,1,55,63,64,107,30,264,48,14,62,326
07/30/2008,SAV,GA,ASO,ES,Combined TRACON& Tower with Radar,55,57,63,34,209,0,1,31,4,36,55,58,94,38,245,10,8,18,263
07/31/2008,SAV,GA,ASO,ES,Combined TRACON& Tower with Radar,59,64,53,30,206,0,2,30,0,32,59,66,83,30,238,50,0,50,288
08/01/2008,SAV,GA,ASO,ES,Combined TRACON& Tower with Radar,52,72,64,31,219,0,0,48,5,53,52,72,112,36,272,18,2,20,292
08/02/2008,SAV,GA,ASO,ES,Combined TRACON& Tower with Radar,61,64,47,24,196,0,1,35,1,37,61,65,82,25,233,32,2,34,267
08/03/2008,SAV,GA,ASO,ES,Combined TRACON& Tower with Radar,51,53,44,15,163,0,2,51,6,59,51,55,95,21,222,18,6,24,246
08/04/2008,SAV,GA,ASO,ES,Combined TRACON& Tower with Radar,50,61,48,23,182,0,0,54,0,54,50,61,102,23,236,61,18,79,315
08/05/2008,SAV,GA,ASO,ES,Combined TRACON& Tower with Radar,57,58,56,33,204,0,1,84,3,88,57,59,140,36,292,57,8,65,357
08/06/2008,SAV,GA,ASO,ES,Combined TRACON& Tower with Radar,49,62,92,20,223,0,0,54,5,59,49,62,146,25,282,28,20,48,330
08/07/2008,SAV,GA,ASO,ES,Combined TRACON& Tower with Radar,66,53,66,21,206,0,0,36,1,37,66,53,102,22,243,13,0,13,256
08/08/2008,SAV,GA,ASO,ES,Combined TRACON& Tower with Radar,57,57,63,27,204,0,5,30,0,35,57,62,93,27,239,5,0,5,244
08/09/2008,SAV,GA,ASO,ES,Combined TRACON& Tower with Radar,63,66,53,34,216,0,3,60,7,70,63,69,113,41,286,36,34,70,356
08/10/2008,SAV,GA,ASO,ES,Combined TRACON& Tower with Radar,49,56,42,17,164,0,1,45,0,46,49,57,87,17,210,20,0,20,230
08/11/2008,SAV,GA,ASO,ES,Combined TRACON& Tower with Radar,51,54,61,7,173,0,0,49,0,49,51,54,110,7,222,22,0,22,244
08/12/2008,SAV,GA,ASO,ES,Combined TRACON& Tower with Radar,58,67,65,2,192,0,0,19,0,19,58,67,84,2,211,13,0,13,224
08/13/2008,SAV,GA,ASO,ES,Combined TRACON& Tower with Radar,55,69,45,2,171,0,0,4,0,4,55,69,49,2,175,0,0,0,175
08/14/2008,SAV,GA,ASO,ES,Combined TRACON& Tower with Radar,57,64,83,9,213,0,0,0,0,0,57,64,83,9,213,39,0,39,252
08/15/2008,SAV,GA,ASO,ES,Combined TRACON& Tower with Radar,57,53,89,26,225,0,1,38,2,41,57,54,127,28,266,36,0,36,302
08/16/2008,SAV,GA,ASO,ES,Combined TRACON& Tower with Radar,62,61,60,10,193,0,2,48,0,50,62,63,108,10,243,27,12,39,282
08/17/2008,SAV,GA,ASO,ES,Combined TRACON& Tower with Radar,51,65,48,12,176,0,1,16,0,17,51,66,64,12,193,18,0,18,211
08/18/2008,SAV,GA,ASO,ES,Combined TRACON& Tower with Radar,51,68,45,17,181,0,0,31,1,32,51,68,76,18,213,0,12,12,225
08/19/2008,SAV,GA,ASO,ES,Combined TRACON& Tower with Radar,60,59,40,10,169,0,0,29,0,29,60,59,69,10,198,27,2,29,227
08/20/2008,SAV,GA,ASO,ES,Combined TRACON& Tower with Radar,54,84,47,3,188,0,0,3,0,3,54,84,50,3,191,0,0,0,191
08/21/2008,SAV,GA,ASO,ES,Combined TRACON& Tower with Radar,53,73,33,0,159,0,0,2,0,2,53,73,35,0,161,0,0,0,161
08/22/2008,SAV,GA,ASO,ES,Combined TRACON& Tower with Radar,57,82,32,2,173,0,1,0,0,1,57,83,32,2,174,0,0,0,174
08/23/2008,SAV,GA,ASO,ES,Combined TRACON& Tower with Radar,59,76,27,10,172,0,0,9,1,10,59,76,36,11,182,0,0,0,182
08/24/2008,SAV,GA,ASO,ES,Combined TRACON& Tower with Radar,45,60,27,1,133,0,1,4,1,6,45,61,31,2,139,2,0,2,141
08/25/2008,SAV,GA,ASO,ES,Combined TRACON& Tower with Radar,49,67,73,5,194,0,0,15,1,16,49,67,88,6,210,19,0,19,229
08/26/2008,SAV,GA,ASO,ES,Combined TRACON& Tower with Radar,53,72,70,6,201,0,1,54,4,59,53,73,124,10,260,62,0,62,322
08/27/2008,SAV,GA,ASO,ES,Combined TRACON& Tower with Radar,55,59,87,1,202,0,1,49,0,50,55,60,136,1,252,10,0,10,262
08/28/2008,SAV,GA,ASO,ES,Combined TRACON& Tower with Radar,55,74,69,1,199,0,3,24,0,27,55,77,93,1,226,8,0,8,234
08/29/2008,SAV,GA,ASO,ES,Combined TRACON& Tower with Radar,55,69,88,2,214,0,5,54,0,59,55,74,142,2,273,58,0,58,331
08/30/2008,SAV,GA,ASO,ES,Combined TRACON& Tower with Radar,57,56,31,0,144,0,10,41,0,51,57,66,72,0,195,14,0,14,209
08/31/2008,SAV,GA,ASO,ES,Combined TRACON& Tower with Radar,43,43,22,1,109,0,3,29,0,32,43,46,51,1,141,20,0,20,161
09/01/2008,SAV,GA,ASO,ES,Combined TRACON& Tower with Radar,47,55,43,2,147,0,2,10,2,14,47,57,53,4,161,0,0,0,161
09/02/2008,SAV,GA,ASO,ES,Combined TRACON& Tower with Radar,50,66,48,3,167,0,3,42,23,68,50,69,90,26,235,22,5,27,262
09/03/2008,SAV,GA,ASO,ES,Combined TRACON& Tower with Radar,46,57,51,6,160,0,8,31,3,42,46,65,82,9,202,80,0,80,282
09/04/2008,SAV,GA,ASO,ES,Combined TRACON& Tower with Radar,48,58,38,8,152,0,3,44,5,52,48,61,82,13,204,72,12,84,288
09/05/2008,SAV,GA,ASO,ES,Combined TRACON& Tower with Radar,52,51,30,0,133,0,1,3,0,4,52,52,33,0,137,32,2,34,171
09/06/2008,SAV,GA,ASO,ES,Combined TRACON& Tower with Radar,46,51,37,3,137,0,3,39,2,44,46,54,76,5,181,18,0,18,199
09/07/2008,SAV,GA,ASO,ES,Combined TRACON& Tower with Radar,42,51,41,1,135,0,3,48,0,51,42,54,89,1,186,24,0,24,210
09/08/2008,SAV,GA,ASO,ES,Combined TRACON& Tower with Radar,43,54,54,10,161,0,1,28,2,31,43,55,82,12,192,9,0,9,201
09/09/2008,SAV,GA,ASO,ES,Combined TRACON& Tower with Radar,45,61,56,7,169,0,3,30,5,38,45,64,86,12,207,28,0,28,235
09/10/2008,SAV,GA,ASO,ES,Combined TRACON& Tower with Radar,45,70,51,13,179,0,2,40,2,44,45,72,91,15,223,152,0,152,375
09/11/2008,SAV,GA,ASO,ES,Combined TRACON& Tower with Radar,51,81,58,1,191,0,2,12,1,15,51,83,70,2,206,12,0,12,218
09/12/2008,SAV,GA,ASO,ES,Combined TRACON& Tower with Radar,48,56,63,23,190,0,3,28,3,34,48,59,91,26,224,14,2,16,240
09/13/2008,SAV,GA,ASO,ES,Combined TRACON& Tower with Radar,46,40,58,22,166,0,2,50,5,57,46,42,108,27,223,68,2,70,293
09/14/2008,SAV,GA,ASO,ES,Combined TRACON& Tower with Radar,43,47,47,10,147,0,3,54,3,60,43,50,101,13,207,12,0,12,219
09/15/2008,SAV,GA,ASO,ES,Combined TRACON& Tower with Radar,44,51,56,9,160,0,3,49,3,55,44,54,105,12,215,6,28,34,249
09/16/2008,SAV,GA,ASO,ES,Combined TRACON& Tower with Radar,46,46,57,8,157,0,2,32,3,37,46,48,89,11,194,36,6,42,236
09/17/2008,SAV,GA,ASO,ES,Combined TRACON& Tower with Radar,48,63,64,11,186,0,0,5,1,6,48,63,69,12,192,4,0,4,196
09/18/2008,SAV,GA,ASO,ES,Combined TRACON& Tower with Radar,58,61,76,8,203,0,6,44,5,55,58,67,120,13,258,34,0,34,292
09/19/2008,SAV,GA,ASO,ES,Combined TRACON& Tower with Radar,52,57,84,24,217,0,2,66,2,70,52,59,150,26,287,42,0,42,329
09/20/2008,SAV,GA,ASO,ES,Combined TRACON& Tower with Radar,47,53,66,10,176,0,7,97,3,107,47,60,163,13,283,46,0,46,329
09/21/2008,SAV,GA,ASO,ES,Combined TRACON& Tower with Radar,43,43,129,8,223,0,0,49,0,49,43,43,178,8,272,76,2,78,350
09/22/2008,SAV,GA,ASO,ES,Combined TRACON& Tower with Radar,46,57,69,2,174,0,1,35,0,36,46,58,104,2,210,34,0,34,244
09/23/2008,SAV,GA,ASO,ES,Combined TRACON& Tower with Radar,45,69,92,16,222,0,0,33,5,38,45,69,125,21,260,22,0,22,282
09/24/2008,SAV,GA,ASO,ES,Combined TRACON& Tower with Radar,46,57,67,10,180,0,1,29,0,30,46,58,96,10,210,20,0,20,230
09/25/2008,SAV,GA,ASO,ES,Combined TRACON& Tower with Radar,50,70,61,8,189,0,7,11,2,20,50,77,72,10,209,0,0,0,209
09/26/2008,SAV,GA,ASO,ES,Combined TRACON& Tower with Radar,49,50,93,12,204,0,1,32,0,33,49,51,125,12,237,10,0,10,247
09/27/2008,SAV,GA,ASO,ES,Combined TRACON& Tower with Radar,44,42,52,2,140,0,4,55,4,63,44,46,107,6,203,34,1,35,238
09/28/2008,SAV,GA,ASO,ES,Combined TRACON& Tower with Radar,42,49,76,2,169,0,10,86,3,99,42,59,162,5,268,28,0,28,296
09/29/2008,SAV,GA,ASO,ES,Combined TRACON& Tower with Radar,45,52,55,17,169,0,0,34,0,34,45,52,89,17,203,43,0,43,246
09/30/2008,SAV,GA,ASO,ES,Combined TRACON& Tower with Radar,44,59,52,2,157,0,5,28,4,37,44,64,80,6,194,0,0,0,194
10/01/2008,SAV,GA,ASO,ES,Combined TRACON& Tower with Radar,46,60,70,9,185,0,6,46,0,52,46,66,116,9,237,15,0,15,252
10/02/2008,SAV,GA,ASO,ES,Combined TRACON& Tower with Radar,52,55,84,23,214,0,8,65,1,74,52,63,149,24,288,62,3,65,353
10/03/2008,SAV,GA,ASO,ES,Combined TRACON& Tower with Radar,51,59,65,32,207,0,3,65,8,76,51,62,130,40,283,28,4,32,315
10/04/2008,SAV,GA,ASO,ES,Combined TRACON& Tower with Radar,43,42,38,26,149,0,3,64,5,72,43,45,102,31,221,36,4,40,261
10/05/2008,SAV,GA,ASO,ES,Combined TRACON& Tower with Radar,45,48,73,17,183,0,0,50,5,55,45,48,123,22,238,53,0,53,291
10/06/2008,SAV,GA,ASO,ES,Combined TRACON& Tower with Radar,49,51,41,10,151,0,2,44,1,47,49,53,85,11,198,4,6,10,208
10/07/2008,SAV,GA,ASO,ES,Combined TRACON& Tower with Radar,46,58,64,9,177,0,3,25,1,29,46,61,89,10,206,10,0,10,216
10/08/2008,SAV,GA,ASO,ES,Combined TRACON& Tower with Radar,49,67,63,8,187,0,0,16,8,24,49,67,79,16,211,0,0,0,211
10/09/2008,SAV,GA,ASO,ES,Combined TRACON& Tower with Radar,51,80,79,10,220,0,1,11,2,14,51,81,90,12,234,5,0,5,239
10/10/2008,SAV,GA,ASO,ES,Combined TRACON& Tower with Radar,50,65,67,5,187,0,0,15,1,16,50,65,82,6,203,4,0,4,207
10/11/2008,SAV,GA,ASO,ES,Combined TRACON& Tower with Radar,45,51,39,2,137,0,1,3,0,4,45,52,42,2,141,0,0,0,141
10/12/2008,SAV,GA,ASO,ES,Combined TRACON& Tower with Radar,44,54,58,2,158,0,0,2,0,2,44,54,60,2,160,0,0,0,160
10/13/2008,SAV,GA,ASO,ES,Combined TRACON& Tower with Radar,49,68,69,0,186,0,2,30,0,32,49,70,99,0,218,2,0,2,220
10/14/2008,SAV,GA,ASO,ES,Combined TRACON& Tower with Radar,48,77,68,5,198,0,10,84,3,97,48,87,152,8,295,41,0,41,336
10/15/2008,SAV,GA,ASO,ES,Combined TRACON& Tower with Radar,47,64,89,3,203,0,1,53,3,57,47,65,142,6,260,50,0,50,310
10/16/2008,SAV,GA,ASO,ES,Combined TRACON& Tower with Radar,54,61,92,4,211,0,2,47,4,53,54,63,139,8,264,12,8,20,284
10/17/2008,SAV,GA,ASO,ES,Combined TRACON& Tower with Radar,53,50,73,21,197,0,6,66,0,72,53,56,139,21,269,8,0,8,277
10/18/2008,SAV,GA,ASO,ES,Combined TRACON& Tower with Radar,46,52,53,1,152,0,2,12,0,14,46,54,65,1,166,0,0,0,166
10/19/2008,SAV,GA,ASO,ES,Combined TRACON& Tower with Radar,45,57,55,21,178,0,0,67,1,68,45,57,122,22,246,14,0,14,260
10/20/2008,SAV,GA,ASO,ES,Combined TRACON& Tower with Radar,45,61,60,6,172,0,3,50,2,55,45,64,110,8,227,17,0,17,244
10/21/2008,SAV,GA,ASO,ES,Combined TRACON& Tower with Radar,48,47,71,14,180,0,7,43,2,52,48,54,114,16,232,2,0,2,234
10/22/2008,SAV,GA,ASO,ES,Combined TRACON& Tower with Radar,45,60,82,13,200,0,2,58,5,65,45,62,140,18,265,6,1,7,272
10/23/2008,SAV,GA,ASO,ES,Combined TRACON& Tower with Radar,52,57,70,3,182,0,1,28,4,33,52,58,98,7,215,31,1,32,247
10/24/2008,SAV,GA,ASO,ES,Combined TRACON& Tower with Radar,50,66,55,2,173,0,0,0,0,0,50,66,55,2,173,0,0,0,173
10/25/2008,SAV,GA,ASO,ES,Combined TRACON& Tower with Radar,45,56,49,3,153,0,9,23,4,36,45,65,72,7,189,15,5,20,209
10/26/2008,SAV,GA,ASO,ES,Combined TRACON& Tower with Radar,45,51,76,10,182,0,5,81,6,92,45,56,157,16,274,0,0,0,274
10/27/2008,SAV,GA,ASO,ES,Combined TRACON& Tower with Radar,48,50,63,5,166,0,1,29,2,32,48,51,92,7,198,4,3,7,205
10/28/2008,SAV,GA,ASO,ES,Combined TRACON& Tower with Radar,42,73,69,5,189,0,3,33,3,39,42,76,102,8,228,42,12,54,282
10/29/2008,SAV,GA,ASO,ES,Combined TRACON& Tower with Radar,44,60,66,13,183,0,8,42,8,58,44,68,108,21,241,47,14,61,302
10/30/2008,SAV,GA,ASO,ES,Combined TRACON& Tower with Radar,47,55,73,14,189,0,3,50,2,55,47,58,123,16,244,8,0,8,252
10/31/2008,SAV,GA,ASO,ES,Combined TRACON& Tower with Radar,47,50,63,23,183,0,7,40,3,50,47,57,103,26,233,8,0,8,241
11/01/2008,SAV,GA,ASO,ES,Combined TRACON& Tower with Radar,41,42,53,15,151,0,2,48,11,61,41,44,101,26,212,16,10,26,238
11/02/2008,SAV,GA,ASO,ES,Combined TRACON& Tower with Radar,41,49,58,14,162,0,1,49,8,58,41,50,107,22,220,44,0,44,264
11/03/2008,SAV,GA,ASO,ES,Combined TRACON& Tower with Radar,43,71,72,22,208,0,0,3,1,4,43,71,75,23,212,0,0,0,212
11/04/2008,SAV,GA,ASO,ES,Combined TRACON& Tower with Radar,42,62,68,14,186,0,0,3,2,5,42,62,71,16,191,0,0,0,191
11/05/2008,SAV,GA,ASO,ES,Combined TRACON& Tower with Radar,43,69,59,18,189,0,2,20,3,25,43,71,79,21,214,54,0,54,268
11/06/2008,SAV,GA,ASO,ES,Combined TRACON& Tower with Radar,49,56,62,36,203,0,3,52,5,60,49,59,114,41,263,28,0,28,291
11/07/2008,SAV,GA,ASO,ES,Combined TRACON& Tower with Radar,45,50,74,41,210,0,7,76,5,88,45,57,150,46,298,60,10,70,368
11/08/2008,SAV,GA,ASO,ES,Combined TRACON& Tower with Radar,40,52,38,17,147,0,6,46,9,61,40,58,84,26,208,32,2,34,242
11/09/2008,SAV,GA,ASO,ES,Combined TRACON& Tower with Radar,41,36,49,8,134,0,3,53,8,64,41,39,102,16,198,0,0,0,198
11/10/2008,SAV,GA,ASO,ES,Combined TRACON& Tower with Radar,43,62,56,18,179,0,10,58,6,74,43,72,114,24,253,30,8,38,291
11/11/2008,SAV,GA,ASO,ES,Combined TRACON& Tower with Radar,40,47,54,22,163,0,5,58,12,75,40,52,112,34,238,65,14,79,317
11/12/2008,SAV,GA,ASO,ES,Combined TRACON& Tower with Radar,39,61,71,26,197,0,0,14,6,20,39,61,85,32,217,16,0,16,233
11/13/2008,SAV,GA,ASO,ES,Combined TRACON& Tower with Radar,40,63,82,20,205,0,1,5,1,7,40,64,87,21,212,2,6,8,220
11/14/2008,SAV,GA,ASO,ES,Combined TRACON& Tower with Radar,44,64,82,21,211,0,0,3,3,6,44,64,85,24,217,0,0,0,217
11/15/2008,SAV,GA,ASO,ES,Combined TRACON& Tower with Radar,40,45,33,9,127,0,1,8,8,17,40,46,41,17,144,4,0,4,148
11/16/2008,SAV,GA,ASO,ES,Combined TRACON& Tower with Radar,39,53,65,16,173,0,2,72,6,80,39,55,137,22,253,50,2,52,305
11/17/2008,SAV,GA,ASO,ES,Combined TRACON& Tower with Radar,39,55,57,22,173,0,8,49,1,58,39,63,106,23,231,6,4,10,241
11/18/2008,SAV,GA,ASO,ES,Combined TRACON& Tower with Radar,40,55,66,9,170,0,1,31,3,35,40,56,97,12,205,2,0,2,207
11/19/2008,SAV,GA,ASO,ES,Combined TRACON& Tower with Radar,45,58,73,9,185,0,2,48,0,50,45,60,121,9,235,5,1,6,241
11/20/2008,SAV,GA,ASO,ES,Combined TRACON& Tower with Radar,45,58,78,13,194,0,5,70,2,77,45,63,148,15,271,16,0,16,287
11/21/2008,SAV,GA,ASO,ES,Combined TRACON& Tower with Radar,46,58,71,23,198,0,4,25,0,29,46,62,96,23,227,19,6,25,252
11/22/2008,SAV,GA,ASO,ES,Combined TRACON& Tower with Radar,40,51,34,6,131,0,1,50,3,54,40,52,84,9,185,20,0,20,205
11/23/2008,SAV,GA,ASO,ES,Combined TRACON& Tower with Radar,43,50,62,1,156,0,5,68,0,73,43,55,130,1,229,8,6,14,243
11/24/2008,SAV,GA,ASO,ES,Combined TRACON& Tower with Radar,43,51,53,8,155,0,1,36,0,37,43,52,89,8,192,18,0,18,210
11/25/2008,SAV,GA,ASO,ES,Combined TRACON& Tower with Radar,50,80,69,8,207,0,0,30,3,33,50,80,99,11,240,0,0,0,240
11/26/2008,SAV,GA,ASO,ES,Combined TRACON& Tower with Radar,54,55,74,4,187,0,2,54,0,56,54,57,128,4,243,32,0,32,275
11/27/2008,SAV,GA,ASO,ES,Combined TRACON& Tower with Radar,21,22,12,0,55,0,3,25,0,28,21,25,37,0,83,0,0,0,83
11/28/2008,SAV,GA,ASO,ES,Combined TRACON& Tower with Radar,43,44,28,0,115,0,0,16,0,16,43,44,44,0,131,0,0,0,131
11/29/2008,SAV,GA,ASO,ES,Combined TRACON& Tower with Radar,44,64,52,0,160,0,0,4,0,4,44,64,56,0,164,0,0,0,164
11/30/2008,SAV,GA,ASO,ES,Combined TRACON& Tower with Radar,41,61,52,2,156,0,0,0,0,0,41,61,52,2,156,0,0,0,156
12/01/2008,SAV,GA,ASO,ES,Combined TRACON& Tower with Radar,37,66,55,3,161,0,1,21,0,22,37,67,76,3,183,12,0,12,195
12/02/2008,SAV,GA,ASO,ES,Combined TRACON& Tower with Radar,40,62,54,3,159,0,6,40,5,51,40,68,94,8,210,28,4,32,242
12/03/2008,SAV,GA,ASO,ES,Combined TRACON& Tower with Radar,41,68,83,17,209,0,7,40,2,49,41,75,123,19,258,18,2,20,278
12/04/2008,SAV,GA,ASO,ES,Combined TRACON& Tower with Radar,44,53,57,13,167,0,5,28,1,34,44,58,85,14,201,5,0,5,206
12/05/2008,SAV,GA,ASO,ES,Combined TRACON& Tower with Radar,37,56,71,10,174,0,2,14,0,16,37,58,85,10,190,2,0,2,192
12/06/2008,SAV,GA,ASO,ES,Combined TRACON& Tower with Radar,38,50,28,8,124,0,2,39,1,42,38,52,67,9,166,16,4,20,186
12/07/2008,SAV,GA,ASO,ES,Combined TRACON& Tower with Radar,38,48,34,8,128,0,2,59,2,63,38,50,93,10,191,14,0,14,205
12/08/2008,SAV,GA,ASO,ES,Combined TRACON& Tower with Radar,39,57,38,8,142,0,1,27,3,31,39,58,65,11,173,0,0,0,173
12/09/2008,SAV,GA,ASO,ES,Combined TRACON& Tower with Radar,40,64,64,6,174,0,2,14,0,16,40,66,78,6,190,12,0,12,202
12/10/2008,SAV,GA,ASO,ES,Combined TRACON& Tower with Radar,39,66,55,2,162,0,0,7,1,8,39,66,62,3,170,0,12,12,182
12/11/2008,SAV,GA,ASO,ES,Combined TRACON& Tower with Radar,38,62,33,8,141,0,1,4,0,5,38,63,37,8,146,0,0,0,146
12/12/2008,SAV,GA,ASO,ES,Combined TRACON& Tower with Radar,40,58,57,10,165,0,1,28,5,34,40,59,85,15,199,10,0,10,209
12/13/2008,SAV,GA,ASO,ES,Combined TRACON& Tower with Radar,41,34,52,12,139,0,3,74,0,77,41,37,126,12,216,31,0,31,247
12/14/2008,SAV,GA,ASO,ES,Combined TRACON& Tower with Radar,39,37,60,16,152,0,0,25,4,29,39,37,85,20,181,20,7,27,208
12/15/2008,SAV,GA,ASO,ES,Combined TRACON& Tower with Radar,39,60,60,8,167,0,4,21,1,26,39,64,81,9,193,18,0,18,211
12/16/2008,SAV,GA,ASO,ES,Combined TRACON& Tower with Radar,36,70,61,9,176,0,0,18,0,18,36,70,79,9,194,8,4,12,206
12/17/2008,SAV,GA,ASO,ES,Combined TRACON& Tower with Radar,39,57,65,3,164,0,6,30,9,45,39,63,95,12,209,4,4,8,217
12/18/2008,SAV,GA,ASO,ES,Combined TRACON& Tower with Radar,40,82,66,9,197,0,3,46,9,58,40,85,112,18,255,14,0,14,269
12/19/2008,SAV,GA,ASO,ES,Combined TRACON& Tower with Radar,42,60,67,16,185,0,7,46,2,55,42,67,113,18,240,42,8,50,290
12/20/2008,SAV,GA,ASO,ES,Combined TRACON& Tower with Radar,38,50,57,29,174,0,2,28,2,32,38,52,85,31,206,0,0,0,206
12/21/2008,SAV,GA,ASO,ES,Combined TRACON& Tower with Radar,36,48,35,4,123,0,0,7,2,9,36,48,42,6,132,0,0,0,132
12/22/2008,SAV,GA,ASO,ES,Combined TRACON& Tower with Radar,35,69,52,6,162,0,3,46,2,51,35,72,98,8,213,0,10,10,223
12/23/2008,SAV,GA,ASO,ES,Combined TRACON& Tower with Radar,40,68,47,3,158,0,1,42,3,46,40,69,89,6,204,17,8,25,229
12/24/2008,SAV,GA,ASO,ES,Combined TRACON& Tower with Radar,31,54,30,0,115,0,1,11,0,12,31,55,41,0,127,4,0,4,131
12/25/2008,SAV,GA,ASO,ES,Combined TRACON& Tower with Radar,30,39,23,0,92,0,2,15,2,19,30,41,38,2,111,1,0,1,112
12/26/2008,SAV,GA,ASO,ES,Combined TRACON& Tower with Radar,36,72,54,1,163,0,0,0,0,0,36,72,54,1,163,2,0,2,165
12/27/2008,SAV,GA,ASO,ES,Combined TRACON& Tower with Radar,33,64,62,0,159,0,0,12,0,12,33,64,74,0,171,12,0,12,183
12/28/2008,SAV,GA,ASO,ES,Combined TRACON& Tower with Radar,41,57,42,1,141,0,0,29,0,29,41,57,71,1,170,28,0,28,198
12/29/2008,SAV,GA,ASO,ES,Combined TRACON& Tower with Radar,37,60,58,7,162,0,4,22,0,26,37,64,80,7,188,33,0,33,221
12/30/2008,SAV,GA,ASO,ES,Combined TRACON& Tower with Radar,39,69,62,6,176,0,6,59,5,70,39,75,121,11,246,89,8,97,343
12/31/2008,SAV,GA,ASO,ES,Combined TRACON& Tower with Radar,32,48,45,0,125,0,4,31,0,35,32,52,76,0,160,0,0,0,160
01/01/2009,SAV,GA,ASO,ES,Combined TRACON& Tower with Radar,33,50,24,0,107,0,2,24,0,26,33,52,48,0,133,2,0,2,135
01/02/2009,SAV,GA,ASO,ES,Combined TRACON& Tower with Radar,38,65,60,2,165,0,2,37,1,40,38,67,97,3,205,12,4,16,221
01/03/2009,SAV,GA,ASO,ES,Combined TRACON& Tower with Radar,36,62,67,0,165,0,0,30,2,32,36,62,97,2,197,40,0,40,237
01/04/2009,SAV,GA,ASO,ES,Combined TRACON& Tower with Radar,41,57,79,5,182,0,0,27,0,27,41,57,106,5,209,32,8,40,249
01/05/2009,SAV,GA,ASO,ES,Combined TRACON& Tower with Radar,38,50,55,14,157,0,3,21,1,25,38,53,76,15,182,54,4,58,240
01/06/2009,SAV,GA,ASO,ES,Combined TRACON& Tower with Radar,36,52,56,15,159,0,3,12,4,19,36,55,68,19,178,8,10,18,196
01/07/2009,SAV,GA,ASO,ES,Combined TRACON& Tower with Radar,36,50,43,11,140,0,2,3,3,8,36,52,46,14,148,10,0,10,158
01/08/2009,SAV,GA,ASO,ES,Combined TRACON& Tower with Radar,39,53,38,11,141,0,4,27,7,38,39,57,65,18,179,6,8,14,193
01/09/2009,SAV,GA,ASO,ES,Combined TRACON& Tower with Radar,38,53,63,30,184,0,6,69,1,76,38,59,132,31,260,32,6,38,298
01/10/2009,SAV,GA,ASO,ES,Combined TRACON& Tower with Radar,28,35,37,40,140,0,3,67,10,80,28,38,104,50,220,18,24,42,262
01/11/2009,SAV,GA,ASO,ES,Combined TRACON& Tower with Radar,28,47,43,15,133,0,0,13,0,13,28,47,56,15,146,25,0,25,171
01/12/2009,SAV,GA,ASO,ES,Combined TRACON& Tower with Radar,31,54,51,6,142,0,2,25,2,29,31,56,76,8,171,22,32,54,225
01/13/2009,SAV,GA,ASO,ES,Combined TRACON& Tower with Radar,37,62,51,7,157,0,4,11,1,16,37,66,62,8,173,24,0,24,197
01/14/2009,SAV,GA,ASO,ES,Combined TRACON& Tower with Radar,36,56,60,19,171,0,5,48,5,58,36,61,108,24,229,82,2,84,313
01/15/2009,SAV,GA,ASO,ES,Combined TRACON& Tower with Radar,36,54,52,7,149,0,2,39,4,45,36,56,91,11,194,50,0,50,244
01/16/2009,SAV,GA,ASO,ES,Combined TRACON& Tower with Radar,40,56,60,3,159,0,0,52,2,54,40,56,112,5,213,59,6,65,278
01/17/2009,SAV,GA,ASO,ES,Combined TRACON& Tower with Radar,29,35,40,3,107,0,4,62,0,66,29,39,102,3,173,13,2,15,188
01/18/2009,SAV,GA,ASO,ES,Combined TRACON& Tower with Radar,31,40,33,5,109,0,2,20,0,22,31,42,53,5,131,6,0,6,137
01/19/2009,SAV,GA,ASO,ES,Combined TRACON& Tower with Radar,33,60,49,2,144,0,4,27,0,31,33,64,76,2,175,12,0,12,187
01/20/2009,SAV,GA,ASO,ES,Combined TRACON& Tower with Radar,36,53,37,9,135,0,0,14,2,16,36,53,51,11,151,32,0,32,183
01/21/2009,SAV,GA,ASO,ES,Combined TRACON& Tower with Radar,33,67,76,7,183,0,0,39,0,39,33,67,115,7,222,41,0,41,263
01/22/2009,SAV,GA,ASO,ES,Combined TRACON& Tower with Radar,35,66,63,5,169,0,3,45,0,48,35,69,108,5,217,68,0,68,285
01/23/2009,SAV,GA,ASO,ES,Combined TRACON& Tower with Radar,37,53,74,9,173,0,5,43,6,54,37,58,117,15,227,42,2,44,271
01/24/2009,SAV,GA,ASO,ES,Combined TRACON& Tower with Radar,28,44,24,12,108,0,0,7,0,7,28,44,31,12,115,77,8,85,200
01/25/2009,SAV,GA,ASO,ES,Combined TRACON& Tower with Radar,32,62,65,8,167,0,0,2,1,3,32,62,67,9,170,56,0,56,226
01/26/2009,SAV,GA,ASO,ES,Combined TRACON& Tower with Radar,34,54,47,24,159,0,0,1,0,1,34,54,48,24,160,0,0,0,160
01/27/2009,SAV,GA,ASO,ES,Combined TRACON& Tower with Radar,33,53,41,17,144,0,1,7,0,8,33,54,48,17,152,8,0,8,160
01/28/2009,SAV,GA,ASO,ES,Combined TRACON& Tower with Radar,35,56,43,8,142,0,0,6,1,7,35,56,49,9,149,0,0,0,149
01/29/2009,SAV,GA,ASO,ES,Combined TRACON& Tower with Radar,38,62,69,8,177,0,3,18,0,21,38,65,87,8,198,52,8,60,258
01/30/2009,SAV,GA,ASO,ES,Combined TRACON& Tower with Radar,38,57,71,17,183,0,4,49,3,56,38,61,120,20,239,7,20,27,266
01/31/2009,SAV,GA,ASO,ES,Combined TRACON& Tower with Radar,27,33,39,3,102,0,4,81,3,88,27,37,120,6,190,8,4,12,202
02/01/2009,SAV,GA,ASO,ES,Combined TRACON& Tower with Radar,32,48,26,3,109,0,2,58,0,60,32,50,84,3,169,0,0,0,169
02/02/2009,SAV,GA,ASO,ES,Combined TRACON& Tower with Radar,36,62,71,5,174,0,1,24,0,25,36,63,95,5,199,22,0,22,221
02/03/2009,SAV,GA,ASO,ES,Combined TRACON& Tower with Radar,33,66,30,2,131,0,0,18,2,20,33,66,48,4,151,34,6,40,191
02/04/2009,SAV,GA,ASO,ES,Combined TRACON& Tower with Radar,32,56,63,9,160,0,3,14,3,20,32,59,77,12,180,20,0,20,200
02/05/2009,SAV,GA,ASO,ES,Combined TRACON& Tower with Radar,38,59,51,7,155,0,3,42,0,45,38,62,93,7,200,34,0,34,234
02/06/2009,SAV,GA,ASO,ES,Combined TRACON& Tower with Radar,38,61,58,30,187,0,0,50,5,55,38,61,108,35,242,4,14,18,260
02/07/2009,SAV,GA,ASO,ES,Combined TRACON& Tower with Radar,30,39,39,5,113,0,4,61,5,70,30,43,100,10,183,14,2,16,199
02/08/2009,SAV,GA,ASO,ES,Combined TRACON& Tower with Radar,29,61,36,10,136,0,4,54,3,61,29,65,90,13,197,44,4,48,245
02/09/2009,SAV,GA,ASO,ES,Combined TRACON& Tower with Radar,34,65,57,14,170,0,1,34,2,37,34,66,91,16,207,32,16,48,255
02/10/2009,SAV,GA,ASO,ES,Combined TRACON& Tower with Radar,34,57,62,6,159,0,1,34,3,38,34,58,96,9,197,14,0,14,211
02/11/2009,SAV,GA,ASO,ES,Combined TRACON& Tower with Radar,34,58,49,24,165,0,2,31,0,33,34,60,80,24,198,23,20,43,241
02/12/2009,SAV,GA,ASO,ES,Combined TRACON& Tower with Radar,37,55,77,8,177,0,1,53,5,59,37,56,130,13,236,18,0,18,254
02/13/2009,SAV,GA,ASO,ES,Combined TRACON& Tower with Radar,35,58,67,22,182,0,2,63,0,65,35,60,130,22,247,83,19,102,349
02/14/2009,SAV,GA,ASO,ES,Combined TRACON& Tower with Radar,34,56,43,4,137,0,0,6,1,7,34,56,49,5,144,0,15,15,159
02/15/2009,SAV,GA,ASO,ES,Combined TRACON& Tower with Radar,34,54,51,10,149,0,5,25,1,31,34,59,76,11,180,63,0,63,243
02/16/2009,SAV,GA,ASO,ES,Combined TRACON& Tower with Radar,34,57,82,2,175,0,4,38,0,42,34,61,120,2,217,54,0,54,271
02/17/2009,SAV,GA,ASO,ES,Combined TRACON& Tower with Radar,36,72,66,12,186,0,2,65,5,72,36,74,131,17,258,38,4,42,300
02/18/2009,SAV,GA,ASO,ES,Combined TRACON& Tower with Radar,33,67,45,8,153,0,2,15,1,18,33,69,60,9,171,2,0,2,173
02/19/2009,SAV,GA,ASO,ES,Combined TRACON& Tower with Radar,39,58,74,17,188,0,4,26,2,32,39,62,100,19,220,7,20,27,247
02/20/2009,SAV,GA,ASO,ES,Combined TRACON& Tower with Radar,32,56,74,12,174,0,7,55,1,63,32,63,129,13,237,12,18,30,267
02/21/2009,SAV,GA,ASO,ES,Combined TRACON& Tower with Radar,33,50,56,18,157,0,5,68,0,73,33,55,124,18,230,20,34,54,284
02/22/2009,SAV,GA,ASO,ES,Combined TRACON& Tower with Radar,34,57,46,6,143,0,0,29,0,29,34,57,75,6,172,31,0,31,203
02/23/2009,SAV,GA,ASO,ES,Combined TRACON& Tower with Radar,35,48,43,7,133,0,4,49,1,54,35,52,92,8,187,11,0,11,198
02/24/2009,SAV,GA,ASO,ES,Combined TRACON& Tower with Radar,36,47,43,18,144,0,5,41,2,48,36,52,84,20,192,22,4,26,218
02/25/2009,SAV,GA,ASO,ES,Combined TRACON& Tower with Radar,35,57,79,9,180,0,4,36,3,43,35,61,115,12,223,64,4,68,291
02/26/2009,SAV,GA,ASO,ES,Combined TRACON& Tower with Radar,35,57,64,4,160,1,6,58,0,65,36,63,122,4,225,60,0,60,285
02/27/2009,SAV,GA,ASO,ES,Combined TRACON& Tower with Radar,37,58,68,15,178,0,3,50,2,55,37,61,118,17,233,18,0,18,251
02/28/2009,SAV,GA,ASO,ES,Combined TRACON& Tower with Radar,35,44,17,6,102,0,0,19,1,20,35,44,36,7,122,28,4,32,154
03/01/2009,SAV,GA,ASO,ES,Combined TRACON& Tower with Radar,25,38,36,3,102,0,0,1,0,1,25,38,37,3,103,0,0,0,103
03/02/2009,SAV,GA,ASO,ES,Combined TRACON& Tower with Radar,30,44,52,9,135,0,2,10,3,15,30,46,62,12,150,0,4,4,154
03/03/2009,SAV,GA,ASO,ES,Combined TRACON& Tower with Radar,46,47,49,11,153,0,6,37,6,49,46,53,86,17,202,18,6,24,226
03/04/2009,SAV,GA,ASO,ES,Combined TRACON& Tower with Radar,46,50,59,7,162,0,9,76,2,87,46,59,135,9,249,12,0,12,261
03/05/2009,SAV,GA,ASO,ES,Combined TRACON& Tower with Radar,41,65,78,13,197,0,3,62,5,70,41,68,140,18,267,32,2,34,301
03/06/2009,SAV,GA,ASO,ES,Combined TRACON& Tower with Radar,45,45,62,19,171,0,1,59,5,65,45,46,121,24,236,30,0,30,266
03/07/2009,SAV,GA,ASO,ES,Combined TRACON& Tower with Radar,43,50,49,9,151,0,1,88,0,89,43,51,137,9,240,26,0,26,266
03/08/2009,SAV,GA,ASO,ES,Combined TRACON& Tower with Radar,42,51,43,8,144,0,7,56,5,68,42,58,99,13,212,30,2,32,244
03/09/2009,SAV,GA,ASO,ES,Combined TRACON& Tower with Radar,41,54,57,4,156,0,4,54,2,60,41,58,111,6,216,33,0,33,249
03/10/2009,SAV,GA,ASO,ES,Combined TRACON& Tower with Radar,43,54,47,16,160,0,1,59,4,64,43,55,106,20,224,33,6,39,263
03/11/2009,SAV,GA,ASO,ES,Combined TRACON& Tower with Radar,42,48,70,17,177,0,2,56,5,63,42,50,126,22,240,25,14,39,279
03/12/2009,SAV,GA,ASO,ES,Combined TRACON& Tower with Radar,47,55,61,8,171,0,7,49,0,56,47,62,110,8,227,16,2,18,245
03/13/2009,SAV,GA,ASO,ES,Combined TRACON& Tower with Radar,46,62,90,38,236,0,0,0,4,4,46,62,90,42,240,0,0,0,240
03/14/2009,SAV,GA,ASO,ES,Combined TRACON& Tower with Radar,42,62,64,11,179,0,0,4,1,5,42,62,68,12,184,2,0,2,186
03/15/2009,SAV,GA,ASO,ES,Combined TRACON& Tower with Radar,40,49,58,23,170,0,3,32,11,46,40,52,90,34,216,16,26,42,258
03/16/2009,SAV,GA,ASO,ES,Combined TRACON& Tower with Radar,38,67,59,2,166,0,1,11,0,12,38,68,70,2,178,6,0,6,184
03/17/2009,SAV,GA,ASO,ES,Combined TRACON& Tower with Radar,47,59,73,4,183,1,7,45,0,53,48,66,118,4,236,32,10,42,278
03/18/2009,SAV,GA,ASO,ES,Combined TRACON& Tower with Radar,46,54,68,10,178,0,2,63,5,70,46,56,131,15,248,52,13,65,313
03/19/2009,SAV,GA,ASO,ES,Combined TRACON& Tower with Radar,42,79,60,10,191,0,5,61,13,79,42,84,121,23,270,62,4,66,336
03/20/2009,SAV,GA,ASO,ES,Combined TRACON& Tower with Radar,42,68,85,9,204,0,4,60,2,66,42,72,145,11,270,6,0,6,276
03/21/2009,SAV,GA,ASO,ES,Combined TRACON& Tower with Radar,46,61,47,16,170,0,2,77,7,86,46,63,124,23,256,16,8,24,280
03/22/2009,SAV,GA,ASO,ES,Combined TRACON& Tower with Radar,43,48,63,13,167,0,0,94,6,100,43,48,157,19,267,44,0,44,311
03/23/2009,SAV,GA,ASO,ES,Combined TRACON& Tower with Radar,41,64,57,15,177,0,10,45,3,58,41,74,102,18,235,18,2,20,255
03/24/2009,SAV,GA,ASO,ES,Combined TRACON& Tower with Radar,45,54,45,18,162,0,8,35,9,52,45,62,80,27,214,76,0,76,290
03/25/2009,SAV,GA,ASO,ES,Combined TRACON& Tower with Radar,46,57,40,22,165,0,6,33,7,46,46,63,73,29,211,44,6,50,261
03/26/2009,SAV,GA,ASO,ES,Combined TRACON& Tower with Radar,49,57,57,31,194,0,4,14,7,25,49,61,71,38,219,18,40,58,277
03/27/2009,SAV,GA,ASO,ES,Combined TRACON& Tower with Radar,44,80,71,34,229,0,3,22,3,28,44,83,93,37,257,18,2,20,277
03/28/2009,SAV,GA,ASO,ES,Combined TRACON& Tower with Radar,44,62,21,4,131,0,4,8,0,12,44,66,29,4,143,50,10,60,203
03/29/2009,SAV,GA,ASO,ES,Combined TRACON& Tower with Radar,46,43,49,24,162,0,2,28,9,39,46,45,77,33,201,18,0,18,219
03/30/2009,SAV,GA,ASO,ES,Combined TRACON& Tower with Radar,49,48,68,30,195,0,3,61,3,67,49,51,129,33,262,72,0,72,334
03/31/2009,SAV,GA,ASO,ES,Combined TRACON& Tower with Radar,48,55,53,32,188,0,7,29,2,38,48,62,82,34,226,69,6,75,301
04/01/2009,SAV,GA,ASO,ES,Combined TRACON& Tower with Radar,47,61,38,7,153,0,0,2,1,3,47,61,40,8,156,0,1,1,157
04/02/2009,SAV,GA,ASO,ES,Combined TRACON& Tower with Radar,44,55,30,12,141,0,0,0,0,0,44,55,30,12,141,0,0,0,141
04/03/2009,SAV,GA,ASO,ES,Combined TRACON& Tower with Radar,45,72,63,56,236,0,4,29,2,35,45,76,92,58,271,13,8,21,292
04/04/2009,SAV,GA,ASO,ES,Combined TRACON& Tower with Radar,48,57,53,26,184,0,3,102,4,109,48,60,155,30,293,32,29,61,354
04/05/2009,SAV,GA,ASO,ES,Combined TRACON& Tower with Radar,39,59,53,6,157,0,0,21,3,24,39,59,74,9,181,12,6,18,199
04/06/2009,SAV,GA,ASO,ES,Combined TRACON& Tower with Radar,46,68,49,12,175,0,2,5,1,8,46,70,54,13,183,0,0,0,183
04/07/2009,SAV,GA,ASO,ES,Combined TRACON& Tower with Radar,49,65,62,17,193,0,2,19,5,26,49,67,81,22,219,12,8,20,239
04/08/2009,SAV,GA,ASO,ES,Combined TRACON& Tower with Radar,47,66,85,24,222,0,5,63,3,71,47,71,148,27,293,46,4,50,343
04/09/2009,SAV,GA,ASO,ES,Combined TRACON& Tower with Radar,43,70,78,11,202,0,5,61,5,71,43,75,139,16,273,12,0,12,285
04/10/2009,SAV,GA,ASO,ES,Combined TRACON& Tower with Radar,58,76,57,19,210,0,5,55,4,64,58,81,112,23,274,9,12,21,295
04/11/2009,SAV,GA,ASO,ES,Combined TRACON& Tower with Radar,44,77,54,12,187,0,0,50,2,52,44,77,104,14,239,34,2,36,275
04/12/2009,SAV,GA,ASO,ES,Combined TRACON& Tower with Radar,45,74,71,3,193,0,2,36,2,40,45,76,107,5,233,2,0,2,235
04/13/2009,SAV,GA,ASO,ES,Combined TRACON& Tower with Radar,51,57,61,11,180,0,0,11,0,11,51,57,72,11,191,0,0,0,191
04/14/2009,SAV,GA,ASO,ES,Combined TRACON& Tower with Radar,47,65,63,22,197,0,2,28,6,36,47,67,91,28,233,40,16,56,289
04/15/2009,SAV,GA,ASO,ES,Combined TRACON& Tower with Radar,45,55,88,13,201,0,3,63,6,72,45,58,151,19,273,48,26,74,347
04/16/2009,SAV,GA,ASO,ES,Combined TRACON& Tower with Radar,47,68,77,17,209,0,3,60,8,71,47,71,137,25,280,39,0,39,319
04/17/2009,SAV,GA,ASO,ES,Combined TRACON& Tower with Radar,47,64,80,62,253,0,5,52,11,68,47,69,132,73,321,16,16,32,353
04/18/2009,SAV,GA,ASO,ES,Combined TRACON& Tower with Radar,50,60,38,14,162,0,4,81,0,85,50,64,119,14,247,66,0,66,313
04/19/2009,SAV,GA,ASO,ES,Combined TRACON& Tower with Radar,44,70,70,22,206,0,2,44,2,48,44,72,114,24,254,32,7,39,293
04/20/2009,SAV,GA,ASO,ES,Combined TRACON& Tower with Radar,46,65,59,15,185,0,3,23,3,29,46,68,82,18,214,4,6,10,224
04/21/2009,SAV,GA,ASO,ES,Combined TRACON& Tower with Radar,45,65,65,17,192,0,3,49,2,54,45,68,114,19,246,28,0,28,274
04/22/2009,SAV,GA,ASO,ES,Combined TRACON& Tower with Radar,47,85,64,19,215,0,0,41,4,45,47,85,105,23,260,58,2,60,320
04/23/2009,SAV,GA,ASO,ES,Combined TRACON& Tower with Radar,49,73,93,15,230,0,2,68,3,73,49,75,161,18,303,31,0,31,334
04/24/2009,SAV,GA,ASO,ES,Combined TRACON& Tower with Radar,48,69,99,12,228,0,2,88,0,90,48,71,187,12,318,61,0,61,379
04/25/2009,SAV,GA,ASO,ES,Combined TRACON& Tower with Radar,47,66,62,8,183,0,6,79,6,91,47,72,141,14,274,32,12,44,318
04/26/2009,SAV,GA,ASO,ES,Combined TRACON& Tower with Radar,47,73,82,13,215,0,0,61,1,62,47,73,143,14,277,18,2,20,297
04/27/2009,SAV,GA,ASO,ES,Combined TRACON& Tower with Radar,45,63,64,15,187,0,2,62,2,66,45,65,126,17,253,56,0,56,309
04/28/2009,SAV,GA,ASO,ES,Combined TRACON& Tower with Radar,47,54,75,14,190,0,2,43,3,48,47,56,118,17,238,54,8,62,300
04/29/2009,SAV,GA,ASO,ES,Combined TRACON& Tower with Radar,54,53,59,6,172,0,5,49,1,55,54,58,108,7,227,39,2,41,268
04/30/2009,SAV,GA,ASO,ES,Combined TRACON& Tower with Radar,48,68,65,8,189,0,8,38,0,46,48,76,103,8,235,64,2,66,301
05/01/2009,SAV,GA,ASO,ES,Combined TRACON& Tower with Radar,46,52,77,9,184,0,5,55,2,62,46,57,132,11,246,7,0,7,253
05/02/2009,SAV,GA,ASO,ES,Combined TRACON& Tower with Radar,45,66,39,8,158,0,1,70,1,72,45,67,109,9,230,33,10,43,273
05/03/2009,SAV,GA,ASO,ES,Combined TRACON& Tower with Radar,45,60,57,16,178,0,4,48,2,54,45,64,105,18,232,31,8,39,271
05/04/2009,SAV,GA,ASO,ES,Combined TRACON& Tower with Radar,41,56,51,10,158,0,5,16,2,23,41,61,67,12,181,1,0,1,182
05/05/2009,SAV,GA,ASO,ES,Combined TRACON& Tower with Radar,47,48,62,4,161,0,2,21,0,23,47,50,83,4,184,13,0,13,197
05/06/2009,SAV,GA,ASO,ES,Combined TRACON& Tower with Radar,44,68,63,2,177,0,0,19,0,19,44,68,82,2,196,10,0,10,206
05/07/2009,SAV,GA,ASO,ES,Combined TRACON& Tower with Radar,49,64,74,9,196,0,2,37,4,43,49,66,111,13,239,60,0,60,299
05/08/2009,SAV,GA,ASO,ES,Combined TRACON& Tower with Radar,48,59,71,36,214,0,3,55,8,66,48,62,126,44,280,68,20,88,368
05/09/2009,SAV,GA,ASO,ES,Combined TRACON& Tower with Radar,50,61,32,13,156,0,6,57,4,67,50,67,89,17,223,2,0,2,225
05/10/2009,SAV,GA,ASO,ES,Combined TRACON& Tower with Radar,49,50,39,15,153,0,4,35,1,40,49,54,74,16,193,2,0,2,195
05/11/2009,SAV,GA,ASO,ES,Combined TRACON& Tower with Radar,46,57,46,38,187,0,1,23,7,31,46,58,69,45,218,26,6,32,250
05/12/2009,SAV,GA,ASO,ES,Combined TRACON& Tower with Radar,45,51,42,57,195,0,3,42,7,52,45,54,84,64,247,30,18,48,295
05/13/2009,SAV,GA,ASO,ES,Combined TRACON& Tower with Radar,49,65,64,47,225,0,2,35,2,39,49,67,99,49,264,4,12,16,280
05/14/2009,SAV,GA,ASO,ES,Combined TRACON& Tower with Radar,51,60,67,56,234,0,1,23,2,26,51,61,90,58,260,16,2,18,278
05/15/2009,SAV,GA,ASO,ES,Combined TRACON& Tower with Radar,47,61,50,11,169,0,1,10,0,11,47,62,60,11,180,27,4,31,211
05/16/2009,SAV,GA,ASO,ES,Combined TRACON& Tower with Radar,48,60,28,4,140,0,0,33,0,33,48,60,61,4,173,33,2,35,208
05/17/2009,SAV,GA,ASO,ES,Combined TRACON& Tower with Radar,51,60,47,3,161,0,0,11,0,11,51,60,58,3,172,0,0,0,172
05/18/2009,SAV,GA,ASO,ES,Combined TRACON& Tower with Radar,46,72,55,34,207,0,1,0,0,1,46,73,55,34,208,2,0,2,210
05/19/2009,SAV,GA,ASO,ES,Combined TRACON& Tower with Radar,47,57,74,61,239,0,2,16,10,28,47,59,90,71,267,12,4,16,283
05/20/2009,SAV,GA,ASO,ES,Combined TRACON& Tower with Radar,48,71,81,34,234,0,1,6,3,10,48,72,87,37,244,10,10,20,264
05/21/2009,SAV,GA,ASO,ES,Combined TRACON& Tower with Radar,52,61,60,16,189,0,0,0,0,0,52,61,60,16,189,4,0,4,193
05/22/2009,SAV,GA,ASO,ES,Combined TRACON& Tower with Radar,50,75,69,6,200,0,9,7,0,16,50,84,76,6,216,14,2,16,232
05/23/2009,SAV,GA,ASO,ES,Combined TRACON& Tower with Radar,47,69,30,1,147,0,0,3,0,3,47,69,33,1,150,8,0,8,158
05/24/2009,SAV,GA,ASO,ES,Combined TRACON& Tower with Radar,37,47,28,2,114,0,1,7,0,8,37,48,35,2,122,17,0,17,139
05/25/2009,SAV,GA,ASO,ES,Combined TRACON& Tower with Radar,41,43,45,4,133,0,0,46,1,47,41,43,91,5,180,102,0,102,282
05/26/2009,SAV,GA,ASO,ES,Combined TRACON& Tower with Radar,46,61,56,10,173,0,0,19,1,20,46,61,75,11,193,55,6,61,254
05/27/2009,SAV,GA,ASO,ES,Combined TRACON& Tower with Radar,48,65,67,2,182,0,2,28,2,32,48,67,95,4,214,72,0,72,286
05/28/2009,SAV,GA,ASO,ES,Combined TRACON& Tower with Radar,44,67,59,13,183,0,3,54,5,62,44,70,113,18,245,21,0,21,266
05/29/2009,SAV,GA,ASO,ES,Combined TRACON& Tower with Radar,47,62,64,10,183,0,2,41,4,47,47,64,105,14,230,40,0,40,270
05/30/2009,SAV,GA,ASO,ES,Combined TRACON& Tower with Radar,50,61,53,2,166,0,2,85,16,103,50,63,138,18,269,106,4,110,379
05/31/2009,SAV,GA,ASO,ES,Combined TRACON& Tower with Radar,48,55,40,12,155,0,1,56,5,62,48,56,96,17,217,9,0,9,226
06/01/2009,SAV,GA,ASO,ES,Combined TRACON& Tower with Radar,39,62,51,7,159,0,3,46,0,49,39,65,97,7,208,14,0,14,222
06/02/2009,SAV,GA,ASO,ES,Combined TRACON& Tower with Radar,46,64,66,8,184,0,1,47,0,48,46,65,113,8,232,55,4,59,291
06/03/2009,SAV,GA,ASO,ES,Combined TRACON& Tower with Radar,43,58,61,18,180,0,1,37,0,38,43,59,98,18,218,29,10,39,257
06/04/2009,SAV,GA,ASO,ES,Combined TRACON& Tower with Radar,39,75,30,2,146,0,0,5,2,7,39,75,35,4,153,14,0,14,167
06/05/2009,SAV,GA,ASO,ES,Combined TRACON& Tower with Radar,40,66,46,8,160,0,1,14,0,15,40,67,60,8,175,11,0,11,186
06/06/2009,SAV,GA,ASO,ES,Combined TRACON& Tower with Radar,42,59,32,3,136,0,0,15,0,15,42,59,47,3,151,22,0,22,173
06/07/2009,SAV,GA,ASO,ES,Combined TRACON& Tower with Radar,37,60,43,11,151,0,1,16,0,17,37,61,59,11,168,6,0,6,174
06/08/2009,SAV,GA,ASO,ES,Combined TRACON& Tower with Radar,38,63,59,8,168,0,2,25,3,30,38,65,84,11,198,0,0,0,198
06/09/2009,SAV,GA,ASO,ES,Combined TRACON& Tower with Radar,38,72,57,6,173,0,2,50,7,59,38,74,107,13,232,18,0,18,250
06/10/2009,SAV,GA,ASO,ES,Combined TRACON& Tower with Radar,47,78,64,9,198,0,0,62,2,64,47,78,126,11,262,21,0,21,283
06/11/2009,SAV,GA,ASO,ES,Combined TRACON& Tower with Radar,44,68,57,1,170,0,0,41,0,41,44,68,98,1,211,73,0,73,284
06/12/2009,SAV,GA,ASO,ES,Combined TRACON& Tower with Radar,46,63,67,10,186,0,3,51,3,57,46,66,118,13,243,12,0,12,255
06/13/2009,SAV,GA,ASO,ES,Combined TRACON& Tower with Radar,46,58,32,2,138,0,7,38,1,46,46,65,70,3,184,19,0,19,203
06/14/2009,SAV,GA,ASO,ES,Combined TRACON& Tower with Radar,48,55,54,10,167,0,3,58,5,66,48,58,112,15,233,22,2,24,257
06/15/2009,SAV,GA,ASO,ES,Combined TRACON& Tower with Radar,41,66,35,1,143,0,4,22,0,26,41,70,57,1,169,14,1,15,184
06/16/2009,SAV,GA,ASO,ES,Combined TRACON& Tower with Radar,43,67,69,10,189,0,6,38,4,48,43,73,107,14,237,8,4,12,249
06/17/2009,SAV,GA,ASO,ES,Combined TRACON& Tower with Radar,47,74,80,10,211,0,1,25,0,26,47,75,105,10,237,92,2,94,331
06/18/2009,SAV,GA,ASO,ES,Combined TRACON& Tower with Radar,45,86,44,4,179,0,1,49,5,55,45,87,93,9,234,6,0,6,240
06/19/2009,SAV,GA,ASO,ES,Combined TRACON& Tower with Radar,46,73,76,12,207,0,2,58,6,66,46,75,134,18,273,34,0,34,307
06/20/2009,SAV,GA,ASO,ES,Combined TRACON& Tower with Radar,50,58,48,7,163,0,1,63,0,64,50,59,111,7,227,54,0,54,281
06/21/2009,SAV,GA,ASO,ES,Combined TRACON& Tower with Radar,43,56,52,6,157,0,1,44,0,45,43,57,96,6,202,50,0,50,252
06/22/2009,SAV,GA,ASO,ES,Combined TRACON& Tower with Radar,46,70,54,13,183,0,1,36,2,39,46,71,90,15,222,10,0,10,232
06/23/2009,SAV,GA,ASO,ES,Combined TRACON& Tower with Radar,44,70,54,6,174,0,3,50,3,56,44,73,104,9,230,38,2,40,270
06/24/2009,SAV,GA,ASO,ES,Combined TRACON& Tower with Radar,41,75,57,2,175,0,4,37,8,49,41,79,94,10,224,40,2,42,266
06/25/2009,SAV,GA,ASO,ES,Combined TRACON& Tower with Radar,42,66,75,7,190,0,4,73,2,79,42,70,148,9,269,16,0,16,285
06/26/2009,SAV,GA,ASO,ES,Combined TRACON& Tower with Radar,46,59,63,23,191,0,7,35,1,43,46,66,98,24,234,6,0,6,240
06/27/2009,SAV,GA,ASO,ES,Combined TRACON& Tower with Radar,52,60,37,8,157,0,2,44,5,51,52,62,81,13,208,48,48,96,304
06/28/2009,SAV,GA,ASO,ES,Combined TRACON& Tower with Radar,38,59,53,5,155,0,5,26,0,31,38,64,79,5,186,32,12,44,230
06/29/2009,SAV,GA,ASO,ES,Combined TRACON& Tower with Radar,41,58,58,2,159,0,3,32,1,36,41,61,90,3,195,0,0,0,195
06/30/2009,SAV,GA,ASO,ES,Combined TRACON& Tower with Radar,46,63,35,14,158,0,1,39,3,43,46,64,74,17,201,12,0,12,213
07/01/2009,SAV,GA,ASO,ES,Combined TRACON& Tower with Radar,47,68,58,10,183,0,1,49,3,53,47,69,107,13,236,42,0,42,278
07/02/2009,SAV,GA,ASO,ES,Combined TRACON& Tower with Radar,44,65,58,4,171,0,2,62,1,65,44,67,120,5,236,10,0,10,246
07/03/2009,SAV,GA,ASO,ES,Combined TRACON& Tower with Radar,46,52,37,0,135,0,1,55,1,57,46,53,92,1,192,27,0,27,219
07/04/2009,SAV,GA,ASO,ES,Combined TRACON& Tower with Radar,40,45,26,1,112,0,3,41,2,46,40,48,67,3,158,36,2,38,196
07/05/2009,SAV,GA,ASO,ES,Combined TRACON& Tower with Radar,38,50,50,1,139,0,1,34,2,37,38,51,84,3,176,59,2,61,237
07/06/2009,SAV,GA,ASO,ES,Combined TRACON& Tower with Radar,44,56,50,2,152,0,0,18,3,21,44,56,68,5,173,26,1,27,200
07/07/2009,SAV,GA,ASO,ES,Combined TRACON& Tower with Radar,45,60,51,4,160,0,1,18,1,20,45,61,69,5,180,26,20,46,226
07/08/2009,SAV,GA,ASO,ES,Combined TRACON& Tower with Radar,40,65,69,7,181,0,0,12,0,12,40,65,81,7,193,50,4,54,247
07/09/2009,SAV,GA,ASO,ES,Combined TRACON& Tower with Radar,44,74,56,1,175,0,0,17,0,17,44,74,73,1,192,25,0,25,217
07/10/2009,SAV,GA,ASO,ES,Combined TRACON& Tower with Radar,48,64,64,10,186,0,3,44,4,51,48,67,108,14,237,18,2,20,257
07/11/2009,SAV,GA,ASO,ES,Combined TRACON& Tower with Radar,47,44,51,17,159,0,2,76,5,83,47,46,127,22,242,40,34,74,316
07/12/2009,SAV,GA,ASO,ES,Combined TRACON& Tower with Radar,46,55,61,10,172,0,2,77,6,85,46,57,138,16,257,34,0,34,291
07/13/2009,SAV,GA,ASO,ES,Combined TRACON& Tower with Radar,45,64,42,6,157,0,0,23,3,26,45,64,65,9,183,20,0,20,203
07/14/2009,SAV,GA,ASO,ES,Combined TRACON& Tower with Radar,43,55,34,7,139,0,2,22,1,25,43,57,56,8,164,22,0,22,186
07/15/2009,SAV,GA,ASO,ES,Combined TRACON& Tower with Radar,42,70,71,10,193,0,2,34,4,40,42,72,105,14,233,12,0,12,245
07/16/2009,SAV,GA,ASO,ES,Combined TRACON& Tower with Radar,47,63,54,2,166,0,4,29,5,38,47,67,83,7,204,44,0,44,248
07/17/2009,SAV,GA,ASO,ES,Combined TRACON& Tower with Radar,41,59,65,22,187,0,1,30,7,38,41,60,95,29,225,11,0,11,236
07/18/2009,SAV,GA,ASO,ES,Combined TRACON& Tower with Radar,50,45,46,12,153,0,2,47,0,49,50,47,93,12,202,40,0,40,242
07/19/2009,SAV,GA,ASO,ES,Combined TRACON& Tower with Radar,41,51,48,6,146,0,1,66,12,79,41,52,114,18,225,90,2,92,317
07/20/2009,SAV,GA,ASO,ES,Combined TRACON& Tower with Radar,41,57,58,4,160,0,3,21,2,26,41,60,79,6,186,14,0,14,200
07/21/2009,SAV,GA,ASO,ES,Combined TRACON& Tower with Radar,44,60,51,7,162,0,5,37,6,48,44,65,88,13,210,55,0,55,265
07/22/2009,SAV,GA,ASO,ES,Combined TRACON& Tower with Radar,43,61,86,0,190,0,2,55,4,61,43,63,141,4,251,118,0,118,369
07/23/2009,SAV,GA,ASO,ES,Combined TRACON& Tower with Radar,45,53,60,19,177,0,7,94,8,109,45,60,154,27,286,61,0,61,347
07/24/2009,SAV,GA,ASO,ES,Combined TRACON& Tower with Radar,39,64,58,6,167,0,7,69,11,87,39,71,127,17,254,49,0,49,303
07/25/2009,SAV,GA,ASO,ES,Combined TRACON& Tower with Radar,49,47,43,6,145,0,2,83,0,85,49,49,126,6,230,104,0,104,334
07/26/2009,SAV,GA,ASO,ES,Combined TRACON& Tower with Radar,41,51,41,23,156,0,1,43,2,46,41,52,84,25,202,126,1,127,329
07/27/2009,SAV,GA,ASO,ES,Combined TRACON& Tower with Radar,42,61,54,4,161,0,0,20,2,22,42,61,74,6,183,18,0,18,201
07/28/2009,SAV,GA,ASO,ES,Combined TRACON& Tower with Radar,42,62,49,17,170,0,4,43,5,52,42,66,92,22,222,38,0,38,260
07/29/2009,SAV,GA,ASO,ES,Combined TRACON& Tower with Radar,44,66,58,10,178,0,0,49,1,50,44,66,107,11,228,43,20,63,291
07/30/2009,SAV,GA,ASO,ES,Combined TRACON& Tower with Radar,41,67,75,9,192,0,1,40,6,47,41,68,115,15,239,26,0,26,265
07/31/2009,SAV,GA,ASO,ES,Combined TRACON& Tower with Radar,42,60,63,15,180,0,1,26,4,31,42,61,89,19,211,47,0,47,258
08/01/2009,SAV,GA,ASO,ES,Combined TRACON& Tower with Radar,48,49,55,15,167,0,1,23,2,26,48,50,78,17,193,86,0,86,279
08/02/2009,SAV,GA,ASO,ES,Combined TRACON& Tower with Radar,39,46,27,9,121,0,3,29,4,36,39,49,56,13,157,19,0,19,176
08/03/2009,SAV,GA,ASO,ES,Combined TRACON& Tower with Radar,42,64,43,12,161,0,2,22,3,27,42,66,65,15,188,34,2,36,224
08/04/2009,SAV,GA,ASO,ES,Combined TRACON& Tower with Radar,42,68,53,7,170,0,2,52,2,56,42,70,105,9,226,46,2,48,274
08/05/2009,SAV,GA,ASO,ES,Combined TRACON& Tower with Radar,44,63,56,3,166,0,0,57,1,58,44,63,113,4,224,30,0,30,254
08/06/2009,SAV,GA,ASO,ES,Combined TRACON& Tower with Radar,46,65,72,7,190,0,1,43,5,49,46,66,115,12,239,22,3,25,264
08/07/2009,SAV,GA,ASO,ES,Combined TRACON& Tower with Radar,45,70,63,15,193,0,3,60,2,65,45,73,123,17,258,78,1,79,337
08/08/2009,SAV,GA,ASO,ES,Combined TRACON& Tower with Radar,46,59,46,10,161,0,1,49,4,54,46,60,95,14,215,54,4,58,273
08/09/2009,SAV,GA,ASO,ES,Combined TRACON& Tower with Radar,44,49,46,3,142,0,4,37,1,42,44,53,83,4,184,94,0,94,278
08/10/2009,SAV,GA,ASO,ES,Combined TRACON& Tower with Radar,43,63,66,4,176,0,1,35,6,42,43,64,101,10,218,0,0,0,218
08/11/2009,SAV,GA,ASO,ES,Combined TRACON& Tower with Radar,41,70,46,7,164,0,1,44,5,50,41,71,90,12,214,70,6,76,290
08/12/2009,SAV,GA,ASO,ES,Combined TRACON& Tower with Radar,44,65,68,4,181,0,1,27,5,33,44,66,95,9,214,24,0,24,238
08/13/2009,SAV,GA,ASO,ES,Combined TRACON& Tower with Radar,50,63,48,2,163,0,0,4,3,7,50,63,52,5,170,34,0,34,204
08/14/2009,SAV,GA,ASO,ES,Combined TRACON& Tower with Radar,44,64,64,4,176,0,1,23,0,24,44,65,87,4,200,171,0,171,371
08/15/2009,SAV,GA,ASO,ES,Combined TRACON& Tower with Radar,46,58,35,3,142,0,2,35,1,38,46,60,70,4,180,43,0,43,223
08/16/2009,SAV,GA,ASO,ES,Combined TRACON& Tower with Radar,43,50,49,9,151,0,1,59,1,61,43,51,108,10,212,69,0,69,281
08/17/2009,SAV,GA,ASO,ES,Combined TRACON& Tower with Radar,40,55,65,3,163,0,2,49,1,52,40,57,114,4,215,62,0,62,277
08/18/2009,SAV,GA,ASO,ES,Combined TRACON& Tower with Radar,43,75,54,14,186,0,1,74,0,75,43,76,128,14,261,104,4,108,369
08/19/2009,SAV,GA,ASO,ES,Combined TRACON& Tower with Radar,44,60,51,4,159,0,0,35,1,36,44,60,86,5,195,120,0,120,315
08/20/2009,SAV,GA,ASO,ES,Combined TRACON& Tower with Radar,39,63,59,4,165,0,2,52,3,57,39,65,111,7,222,58,0,58,280
08/21/2009,SAV,GA,ASO,ES,Combined TRACON& Tower with Radar,42,60,63,5,170,0,0,65,4,69,42,60,128,9,239,79,0,79,318
08/22/2009,SAV,GA,ASO,ES,Combined TRACON& Tower with Radar,44,48,49,4,145,0,2,13,2,17,44,50,62,6,162,35,0,35,197
08/23/2009,SAV,GA,ASO,ES,Combined TRACON& Tower with Radar,38,54,46,5,143,0,1,102,2,105,38,55,148,7,248,104,4,108,356
08/24/2009,SAV,GA,ASO,ES,Combined TRACON& Tower with Radar,42,62,56,13,173,0,1,73,4,78,42,63,129,17,251,30,10,40,291
08/25/2009,SAV,GA,ASO,ES,Combined TRACON& Tower with Radar,44,70,75,2,191,0,0,39,5,44,44,70,114,7,235,28,0,28,263
08/26/2009,SAV,GA,ASO,ES,Combined TRACON& Tower with Radar,42,63,61,7,173,0,1,44,7,52,42,64,105,14,225,114,18,132,357
08/27/2009,SAV,GA,ASO,ES,Combined TRACON& Tower with Radar,45,65,77,6,193,0,1,7,0,8,45,66,84,6,201,18,0,18,219
08/28/2009,SAV,GA,ASO,ES,Combined TRACON& Tower with Radar,43,55,57,24,179,0,2,8,0,10,43,57,65,24,189,30,2,32,221
08/29/2009,SAV,GA,ASO,ES,Combined TRACON& Tower with Radar,40,57,49,10,156,0,1,69,0,70,40,58,118,10,226,155,0,155,381
08/30/2009,SAV,GA,ASO,ES,Combined TRACON& Tower with Radar,34,56,42,30,162,0,0,57,1,58,34,56,99,31,220,16,5,21,241
08/31/2009,SAV,GA,ASO,ES,Combined TRACON& Tower with Radar,41,64,50,3,158,0,0,22,4,26,41,64,72,7,184,83,18,101,285
09/01/2009,SAV,GA,ASO,ES,Combined TRACON& Tower with Radar,44,63,61,1,169,0,2,14,2,18,44,65,75,3,187,110,0,110,297
09/02/2009,SAV,GA,ASO,ES,Combined TRACON& Tower with Radar,49,68,72,1,190,0,2,32,3,37,49,70,104,4,227,22,1,23,250
09/03/2009,SAV,GA,ASO,ES,Combined TRACON& Tower with Radar,48,73,80,15,216,0,4,55,5,64,48,77,135,20,280,16,4,20,300
09/04/2009,SAV,GA,ASO,ES,Combined TRACON& Tower with Radar,50,62,50,1,163,0,3,51,2,56,50,65,101,3,219,31,6,37,256
09/05/2009,SAV,GA,ASO,ES,Combined TRACON& Tower with Radar,46,40,36,7,129,0,4,73,2,79,46,44,109,9,208,42,0,42,250
09/06/2009,SAV,GA,ASO,ES,Combined TRACON& Tower with Radar,47,38,39,6,130,0,3,56,2,61,47,41,95,8,191,46,12,58,249
09/07/2009,SAV,GA,ASO,ES,Combined TRACON& Tower with Radar,50,38,36,7,131,0,2,53,2,57,50,40,89,9,188,38,12,50,238
09/08/2009,SAV,GA,ASO,ES,Combined TRACON& Tower with Radar,45,67,49,13,174,0,0,71,8,79,45,67,120,21,253,9,4,13,266
09/09/2009,SAV,GA,ASO,ES,Combined TRACON& Tower with Radar,47,65,40,22,174,0,0,41,2,43,47,65,81,24,217,20,4,24,241
09/10/2009,SAV,GA,ASO,ES,Combined TRACON& Tower with Radar,46,63,61,9,179,0,4,56,11,71,46,67,117,20,250,28,9,37,287
09/11/2009,SAV,GA,ASO,ES,Combined TRACON& Tower with Radar,48,66,50,21,185,0,3,56,7,66,48,69,106,28,251,24,2,26,277
09/12/2009,SAV,GA,ASO,ES,Combined TRACON& Tower with Radar,41,52,44,11,148,0,3,52,6,61,41,55,96,17,209,81,8,89,298
09/13/2009,SAV,GA,ASO,ES,Combined TRACON& Tower with Radar,46,47,46,7,146,0,3,53,1,57,46,50,99,8,203,64,12,76,279
09/14/2009,SAV,GA,ASO,ES,Combined TRACON& Tower with Radar,45,67,56,3,171,0,1,56,3,60,45,68,112,6,231,26,0,26,257
09/15/2009,SAV,GA,ASO,ES,Combined TRACON& Tower with Radar,43,65,59,7,174,0,5,56,5,66,43,70,115,12,240,44,3,47,287
09/16/2009,SAV,GA,ASO,ES,Combined TRACON& Tower with Radar,47,59,64,5,175,0,0,39,2,41,47,59,103,7,216,68,2,70,286
09/17/2009,SAV,GA,ASO,ES,Combined TRACON& Tower with Radar,48,67,58,15,188,0,0,22,1,23,48,67,80,16,211,30,0,30,241
09/18/2009,SAV,GA,ASO,ES,Combined TRACON& Tower with Radar,46,62,62,15,185,0,4,13,2,19,46,66,75,17,204,8,0,8,212
09/19/2009,SAV,GA,ASO,ES,Combined TRACON& Tower with Radar,45,43,34,11,133,0,2,31,0,33,45,45,65,11,166,50,0,50,216
09/20/2009,SAV,GA,ASO,ES,Combined TRACON& Tower with Radar,47,45,51,13,156,0,2,39,2,43,47,47,90,15,199,51,0,51,250
09/21/2009,SAV,GA,ASO,ES,Combined TRACON& Tower with Radar,38,67,49,7,161,0,1,48,3,52,38,68,97,10,213,60,0,60,273
09/22/2009,SAV,GA,ASO,ES,Combined TRACON& Tower with Radar,41,57,54,18,170,0,2,39,6,47,41,59,93,24,217,32,0,32,249
09/23/2009,SAV,GA,ASO,ES,Combined TRACON& Tower with Radar,44,71,60,10,185,0,3,14,2,19,44,74,74,12,204,44,0,44,248
09/24/2009,SAV,GA,ASO,ES,Combined TRACON& Tower with Radar,46,61,73,12,192,0,3,63,3,69,46,64,136,15,261,44,2,46,307
09/25/2009,SAV,GA,ASO,ES,Combined TRACON& Tower with Radar,47,73,44,29,193,0,2,85,5,92,47,75,129,34,285,75,22,97,382
09/26/2009,SAV,GA,ASO,ES,Combined TRACON& Tower with Radar,47,49,37,19,152,0,0,13,11,24,47,49,50,30,176,66,86,152,328
09/27/2009,SAV,GA,ASO,ES,Combined TRACON& Tower with Radar,45,43,59,11,158,0,1,57,1,59,45,44,116,12,217,68,4,72,289
09/28/2009,SAV,GA,ASO,ES,Combined TRACON& Tower with Radar,44,55,60,6,165,0,1,63,4,68,44,56,123,10,233,88,0,88,321
09/29/2009,SAV,GA,ASO,ES,Combined TRACON& Tower with Radar,42,55,66,12,175,0,1,63,5,69,42,56,129,17,244,84,4,88,332
09/30/2009,SAV,GA,ASO,ES,Combined TRACON& Tower with Radar,50,64,70,10,194,0,1,92,1,94,50,65,162,11,288,100,4,104,392
10/01/2009,SAV,GA,ASO,ES,Combined TRACON& Tower with Radar,44,75,63,12,194,0,1,80,1,82,44,76,143,13,276,112,12,124,400
10/02/2009,SAV,GA,ASO,ES,Combined TRACON& Tower with Radar,45,70,60,13,188,0,0,71,6,77,45,70,131,19,265,92,4,96,361
10/03/2009,SAV,GA,ASO,ES,Combined TRACON& Tower with Radar,46,44,44,4,138,0,1,92,0,93,46,45,136,4,231,40,0,40,271
10/04/2009,SAV,GA,ASO,ES,Combined TRACON& Tower with Radar,45,54,72,11,182,0,5,93,2,100,45,59,165,13,282,88,2,90,372
10/05/2009,SAV,GA,ASO,ES,Combined TRACON& Tower with Radar,42,57,33,9,141,0,0,0,0,0,42,57,33,9,141,0,0,0,141
10/06/2009,SAV,GA,ASO,ES,Combined TRACON& Tower with Radar,43,61,61,15,180,0,1,25,0,26,43,62,86,15,206,86,0,86,292
10/07/2009,SAV,GA,ASO,ES,Combined TRACON& Tower with Radar,49,58,59,5,171,0,0,36,0,36,49,58,95,5,207,121,0,121,328
10/08/2009,SAV,GA,ASO,ES,Combined TRACON& Tower with Radar,50,73,81,12,216,0,0,89,0,89,50,73,170,12,305,87,0,87,392
10/09/2009,SAV,GA,ASO,ES,Combined TRACON& Tower with Radar,50,74,71,31,226,0,2,75,3,80,50,76,146,34,306,46,2,48,354
10/10/2009,SAV,GA,ASO,ES,Combined TRACON& Tower with Radar,41,55,34,0,130,0,0,29,0,29,41,55,63,0,159,18,0,18,177
10/11/2009,SAV,GA,ASO,ES,Combined TRACON& Tower with Radar,45,54,59,8,166,0,2,56,0,58,45,56,115,8,224,43,0,43,267
10/12/2009,SAV,GA,ASO,ES,Combined TRACON& Tower with Radar,45,69,68,6,188,0,1,8,2,11,45,70,76,8,199,62,2,64,263
10/13/2009,SAV,GA,ASO,ES,Combined TRACON& Tower with Radar,41,59,85,21,206,0,0,39,0,39,41,59,124,21,245,89,14,103,348
10/14/2009,SAV,GA,ASO,ES,Combined TRACON& Tower with Radar,48,63,51,9,171,0,0,6,0,6,48,63,57,9,177,2,2,4,181
10/15/2009,SAV,GA,ASO,ES,Combined TRACON& Tower with Radar,48,59,77,5,189,0,0,39,2,41,48,59,116,7,230,81,0,81,311
10/16/2009,SAV,GA,ASO,ES,Combined TRACON& Tower with Radar,52,63,58,10,183,0,0,0,1,1,52,63,58,11,184,0,0,0,184
10/17/2009,SAV,GA,ASO,ES,Combined TRACON& Tower with Radar,40,44,48,14,146,0,0,49,2,51,40,44,97,16,197,79,10,89,286
10/18/2009,SAV,GA,ASO,ES,Combined TRACON& Tower with Radar,47,52,70,16,185,0,3,42,1,46,47,55,112,17,231,60,6,66,297
10/19/2009,SAV,GA,ASO,ES,Combined TRACON& Tower with Radar,44,65,51,2,162,0,0,85,3,88,44,65,136,5,250,26,14,40,290
10/20/2009,SAV,GA,ASO,ES,Combined TRACON& Tower with Radar,44,65,50,5,164,0,3,71,4,78,44,68,121,9,242,67,4,71,313
10/21/2009,SAV,GA,ASO,ES,Combined TRACON& Tower with Radar,47,70,56,11,184,0,2,93,8,103,47,72,149,19,287,82,2,84,371
10/22/2009,SAV,GA,ASO,ES,Combined TRACON& Tower with Radar,47,78,85,12,222,0,1,62,5,68,47,79,147,17,290,110,6,116,406
10/23/2009,SAV,GA,ASO,ES,Combined TRACON& Tower with Radar,53,70,69,11,203,0,0,46,2,48,53,70,115,13,251,119,4,123,374
10/24/2009,SAV,GA,ASO,ES,Combined TRACON& Tower with Radar,46,44,37,7,134,0,0,36,4,40,46,44,73,11,174,46,10,56,230
10/25/2009,SAV,GA,ASO,ES,Combined TRACON& Tower with Radar,47,46,66,5,164,0,1,96,4,101,47,47,162,9,265,61,0,61,326
10/26/2009,SAV,GA,ASO,ES,Combined TRACON& Tower with Radar,40,69,90,9,208,0,3,7,2,12,40,72,97,11,220,69,0,69,289
10/27/2009,SAV,GA,ASO,ES,Combined TRACON& Tower with Radar,42,63,63,6,174,0,0,0,0,0,42,63,63,6,174,0,0,0,174
10/28/2009,SAV,GA,ASO,ES,Combined TRACON& Tower with Radar,46,68,88,13,215,0,0,60,5,65,46,68,148,18,280,109,12,121,401
10/29/2009,SAV,GA,ASO,ES,Combined TRACON& Tower with Radar,48,71,103,18,240,0,1,76,3,80,48,72,179,21,320,30,2,32,352
10/30/2009,SAV,GA,ASO,ES,Combined TRACON& Tower with Radar,43,63,81,15,202,0,0,0,0,0,43,63,81,15,202,10,0,10,212
10/31/2009,SAV,GA,ASO,ES,Combined TRACON& Tower with Radar,48,46,40,5,139,0,2,64,1,67,48,48,104,6,206,39,0,39,245
11/01/2009,SAV,GA,ASO,ES,Combined TRACON& Tower with Radar,46,44,76,11,177,0,2,55,4,61,46,46,131,15,238,47,0,47,285
11/02/2009,SAV,GA,ASO,ES,Combined TRACON& Tower with Radar,43,57,57,8,165,0,0,26,0,26,43,57,83,8,191,66,12,78,269
11/03/2009,SAV,GA,ASO,ES,Combined TRACON& Tower with Radar,42,57,68,4,171,0,1,62,3,66,42,58,130,7,237,94,0,94,331
11/04/2009,SAV,GA,ASO,ES,Combined TRACON& Tower with Radar,44,62,73,10,189,0,0,77,2,79,44,62,150,12,268,108,1,109,377
11/05/2009,SAV,GA,ASO,ES,Combined TRACON& Tower with Radar,50,62,75,7,194,0,2,79,3,84,50,64,154,10,278,50,0,50,328
11/06/2009,SAV,GA,ASO,ES,Combined TRACON& Tower with Radar,42,65,93,10,210,0,3,96,2,101,42,68,189,12,311,110,0,110,421
11/07/2009,SAV,GA,ASO,ES,Combined TRACON& Tower with Radar,49,36,43,5,133,0,3,82,3,88,49,39,125,8,221,86,12,98,319
11/08/2009,SAV,GA,ASO,ES,Combined TRACON& Tower with Radar,44,41,66,12,163,0,4,84,5,93,44,45,150,17,256,81,0,81,337
11/09/2009,SAV,GA,ASO,ES,Combined TRACON& Tower with Radar,44,61,65,15,185,1,0,53,0,54,45,61,118,15,239,62,20,82,321
11/10/2009,SAV,GA,ASO,ES,Combined TRACON& Tower with Radar,40,51,33,12,136,0,0,1,1,2,40,51,34,13,138,34,4,38,176
11/11/2009,SAV,GA,ASO,ES,Combined TRACON& Tower with Radar,46,66,33,0,145,0,0,0,0,0,46,66,33,0,145,0,0,0,145
11/12/2009,SAV,GA,ASO,ES,Combined TRACON& Tower with Radar,44,58,58,14,174,0,0,5,3,8,44,58,63,17,182,6,0,6,188
11/13/2009,SAV,GA,ASO,ES,Combined TRACON& Tower with Radar,44,61,99,14,218,0,1,64,4,69,44,62,163,18,287,39,0,39,326
11/14/2009,SAV,GA,ASO,ES,Combined TRACON& Tower with Radar,48,41,43,14,146,0,2,73,3,78,48,43,116,17,224,48,11,59,283
11/15/2009,SAV,GA,ASO,ES,Combined TRACON& Tower with Radar,44,44,69,12,169,0,0,92,3,95,44,44,161,15,264,90,10,100,364
11/16/2009,SAV,GA,ASO,ES,Combined TRACON& Tower with Radar,43,62,61,11,177,0,2,52,4,58,43,64,113,15,235,118,10,128,363
11/17/2009,SAV,GA,ASO,ES,Combined TRACON& Tower with Radar,40,62,56,12,170,0,0,36,5,41,40,62,92,17,211,94,18,112,323
11/18/2009,SAV,GA,ASO,ES,Combined TRACON& Tower with Radar,42,72,77,11,202,0,0,50,7,57,42,72,127,18,259,158,10,168,427
11/19/2009,SAV,GA,ASO,ES,Combined TRACON& Tower with Radar,41,64,79,6,190,0,0,38,3,41,41,64,117,9,231,78,0,78,309
11/20/2009,SAV,GA,ASO,ES,Combined TRACON& Tower with Radar,41,63,91,28,223,0,1,80,1,82,41,64,171,29,305,94,1,95,400
11/21/2009,SAV,GA,ASO,ES,Combined TRACON& Tower with Radar,49,48,61,19,177,0,0,41,0,41,49,48,102,19,218,14,6,20,238
11/22/2009,SAV,GA,ASO,ES,Combined TRACON& Tower with Radar,41,41,35,9,126,0,0,4,0,4,41,41,39,9,130,8,0,8,138
11/23/2009,SAV,GA,ASO,ES,Combined TRACON& Tower with Radar,35,63,57,4,159,0,0,1,0,1,35,63,58,4,160,0,0,0,160
11/24/2009,SAV,GA,ASO,ES,Combined TRACON& Tower with Radar,40,78,81,3,202,0,0,4,0,4,40,78,85,3,206,10,0,10,216
11/25/2009,SAV,GA,ASO,ES,Combined TRACON& Tower with Radar,40,65,81,3,189,0,5,19,0,24,40,70,100,3,213,3,0,3,216
11/26/2009,SAV,GA,ASO,ES,Combined TRACON& Tower with Radar,18,30,24,0,72,0,0,26,1,27,18,30,50,1,99,18,0,18,117
11/27/2009,SAV,GA,ASO,ES,Combined TRACON& Tower with Radar,33,51,40,0,124,0,4,55,0,59,33,55,95,0,183,29,0,29,212
11/28/2009,SAV,GA,ASO,ES,Combined TRACON& Tower with Radar,41,61,39,0,141,0,1,71,4,76,41,62,110,4,217,48,0,48,265
11/29/2009,SAV,GA,ASO,ES,Combined TRACON& Tower with Radar,38,68,87,3,196,0,7,48,4,59,38,75,135,7,255,44,0,44,299
11/30/2009,SAV,GA,ASO,ES,Combined TRACON& Tower with Radar,38,68,61,7,174,0,0,46,4,50,38,68,107,11,224,31,0,31,255
12/01/2009,SAV,GA,ASO,ES,Combined TRACON& Tower with Radar,36,66,67,12,181,0,3,67,7,77,36,69,134,19,258,106,10,116,374
12/02/2009,SAV,GA,ASO,ES,Combined TRACON& Tower with Radar,37,56,33,2,128,0,0,1,0,1,37,56,34,2,129,0,0,0,129
12/03/2009,SAV,GA,ASO,ES,Combined TRACON& Tower with Radar,40,79,62,8,189,0,1,38,2,41,40,80,100,10,230,54,6,60,290
12/04/2009,SAV,GA,ASO,ES,Combined TRACON& Tower with Radar,40,76,70,19,205,0,3,41,3,47,40,79,111,22,252,48,6,54,306
12/05/2009,SAV,GA,ASO,ES,Combined TRACON& Tower with Radar,44,47,38,10,139,0,1,20,0,21,44,48,58,10,160,25,24,49,209
12/06/2009,SAV,GA,ASO,ES,Combined TRACON& Tower with Radar,43,47,60,10,160,0,0,50,3,53,43,47,110,13,213,94,28,122,335
12/07/2009,SAV,GA,ASO,ES,Combined TRACON& Tower with Radar,38,72,57,16,183,0,5,43,3,51,38,77,100,19,234,66,12,78,312
12/08/2009,SAV,GA,ASO,ES,Combined TRACON& Tower with Radar,38,58,79,10,185,0,1,6,2,9,38,59,85,12,194,26,0,26,220
12/09/2009,SAV,GA,ASO,ES,Combined TRACON& Tower with Radar,41,67,55,5,168,0,2,6,2,10,41,69,61,7,178,12,0,12,190
12/10/2009,SAV,GA,ASO,ES,Combined TRACON& Tower with Radar,40,59,78,6,183,0,4,57,0,61,40,63,135,6,244,64,8,72,316
12/11/2009,SAV,GA,ASO,ES,Combined TRACON& Tower with Radar,40,61,66,21,188,0,3,66,2,71,40,64,132,23,259,48,4,52,311
12/12/2009,SAV,GA,ASO,ES,Combined TRACON& Tower with Radar,43,38,24,21,126,0,0,7,2,9,43,38,31,23,135,0,2,2,137
12/13/2009,SAV,GA,ASO,ES,Combined TRACON& Tower with Radar,36,42,28,7,113,0,0,0,0,0,36,42,28,7,113,0,2,2,115
12/14/2009,SAV,GA,ASO,ES,Combined TRACON& Tower with Radar,32,57,58,11,158,0,0,0,0,0,32,57,58,11,158,2,0,2,160
12/15/2009,SAV,GA,ASO,ES,Combined TRACON& Tower with Radar,37,69,52,10,168,0,1,23,7,31,37,70,75,17,199,94,18,112,311
12/16/2009,SAV,GA,ASO,ES,Combined TRACON& Tower with Radar,36,69,77,11,193,0,1,64,3,68,36,70,141,14,261,36,6,42,303
12/17/2009,SAV,GA,ASO,ES,Combined TRACON& Tower with Radar,36,63,78,6,183,0,1,64,0,65,36,64,142,6,248,24,0,24,272
12/18/2009,SAV,GA,ASO,ES,Combined TRACON& Tower with Radar,34,73,56,3,166,0,0,0,0,0,34,73,56,3,166,0,0,0,166
12/19/2009,SAV,GA,ASO,ES,Combined TRACON& Tower with Radar,31,52,52,4,139,0,1,26,3,30,31,53,78,7,169,80,0,80,249
12/20/2009,SAV,GA,ASO,ES,Combined TRACON& Tower with Radar,38,41,39,4,122,0,0,69,3,72,38,41,108,7,194,78,2,80,274
12/21/2009,SAV,GA,ASO,ES,Combined TRACON& Tower with Radar,43,61,60,14,178,0,0,69,2,71,43,61,129,16,249,82,2,84,333
12/22/2009,SAV,GA,ASO,ES,Combined TRACON& Tower with Radar,39,63,68,13,183,0,2,77,5,84,39,65,145,18,267,59,6,65,332
12/23/2009,SAV,GA,ASO,ES,Combined TRACON& Tower with Radar,41,60,45,5,151,0,0,63,1,64,41,60,108,6,215,50,0,50,265
12/24/2009,SAV,GA,ASO,ES,Combined TRACON& Tower with Radar,35,55,19,4,113,0,0,24,0,24,35,55,43,4,137,26,0,26,163
12/25/2009,SAV,GA,ASO,ES,Combined TRACON& Tower with Radar,33,40,8,0,81,0,0,2,0,2,33,40,10,0,83,0,0,0,83
12/26/2009,SAV,GA,ASO,ES,Combined TRACON& Tower with Radar,31,57,67,1,156,0,0,33,2,35,31,57,100,3,191,43,0,43,234
12/27/2009,SAV,GA,ASO,ES,Combined TRACON& Tower with Radar,36,68,60,0,164,0,4,57,2,63,36,72,117,2,227,12,22,34,261
12/28/2009,SAV,GA,ASO,ES,Combined TRACON& Tower with Radar,34,67,44,0,145,0,1,48,2,51,34,68,92,2,196,35,0,35,231
12/29/2009,SAV,GA,ASO,ES,Combined TRACON& Tower with Radar,40,73,55,2,170,0,0,68,0,68,40,73,123,2,238,45,0,45,283
12/30/2009,SAV,GA,ASO,ES,Combined TRACON& Tower with Radar,39,76,56,13,184,0,3,65,3,71,39,79,121,16,255,87,0,87,342
12/31/2009,SAV,GA,ASO,ES,Combined TRACON& Tower with Radar,39,58,24,2,123,0,0,10,0,10,39,58,34,2,133,24,0,24,157
01/01/2010,SAV,GA,ASO,ES,Combined TRACON& Tower with Radar,33,50,22,2,107,0,1,5,0,6,33,51,27,2,113,0,0,0,113
01/02/2010,SAV,GA,ASO,ES,Combined TRACON& Tower with Radar,33,71,38,3,145,0,1,47,0,48,33,72,85,3,193,24,0,24,217
01/03/2010,SAV,GA,ASO,ES,Combined TRACON& Tower with Radar,37,55,75,4,171,0,0,57,1,58,37,55,132,5,229,72,0,72,301
01/04/2010,SAV,GA,ASO,ES,Combined TRACON& Tower with Radar,39,63,57,9,168,0,1,35,2,38,39,64,92,11,206,34,2,36,242
01/05/2010,SAV,GA,ASO,ES,Combined TRACON& Tower with Radar,32,55,45,17,149,0,3,43,7,53,32,58,88,24,202,43,0,43,245
01/06/2010,SAV,GA,ASO,ES,Combined TRACON& Tower with Radar,36,50,62,8,156,0,5,40,3,48,36,55,102,11,204,40,6,46,250
01/07/2010,SAV,GA,ASO,ES,Combined TRACON& Tower with Radar,31,63,48,29,171,0,2,39,4,45,31,65,87,33,216,48,14,62,278
01/08/2010,SAV,GA,ASO,ES,Combined TRACON& Tower with Radar,35,62,55,17,169,0,5,33,0,38,35,67,88,17,207,12,0,12,219
01/09/2010,SAV,GA,ASO,ES,Combined TRACON& Tower with Radar,25,52,48,12,137,0,0,42,2,44,25,52,90,14,181,34,0,34,215
01/10/2010,SAV,GA,ASO,ES,Combined TRACON& Tower with Radar,31,40,48,12,131,0,0,67,2,69,31,40,115,14,200,8,12,20,220
01/11/2010,SAV,GA,ASO,ES,Combined TRACON& Tower with Radar,35,58,64,5,162,0,0,70,2,72,35,58,134,7,234,46,6,52,286
01/12/2010,SAV,GA,ASO,ES,Combined TRACON& Tower with Radar,31,62,72,27,192,0,1,45,3,49,31,63,117,30,241,46,2,48,289
01/13/2010,SAV,GA,ASO,ES,Combined TRACON& Tower with Radar,33,61,56,12,162,0,2,30,3,35,33,63,86,15,197,56,0,56,253
01/14/2010,SAV,GA,ASO,ES,Combined TRACON& Tower with Radar,34,61,64,6,165,0,1,54,7,62,34,62,118,13,227,58,10,68,295
01/15/2010,SAV,GA,ASO,ES,Combined TRACON& Tower with Radar,37,57,73,20,187,0,0,68,5,73,37,57,141,25,260,76,0,76,336
01/16/2010,SAV,GA,ASO,ES,Combined TRACON& Tower with Radar,25,52,25,6,108,0,0,8,0,8,25,52,33,6,116,0,0,0,116
01/17/2010,SAV,GA,ASO,ES,Combined TRACON& Tower with Radar,30,47,38,9,124,0,1,7,3,11,30,48,45,12,135,28,4,32,167
01/18/2010,SAV,GA,ASO,ES,Combined TRACON& Tower with Radar,35,48,53,3,139,0,2,71,5,78,35,50,124,8,217,43,10,53,270
01/19/2010,SAV,GA,ASO,ES,Combined TRACON& Tower with Radar,34,63,56,7,160,0,2,66,5,73,34,65,122,12,233,58,6,64,297
01/20/2010,SAV,GA,ASO,ES,Combined TRACON& Tower with Radar,32,55,67,7,161,0,3,50,2,55,32,58,117,9,216,42,2,44,260
01/21/2010,SAV,GA,ASO,ES,Combined TRACON& Tower with Radar,34,65,45,1,145,0,0,0,0,0,34,65,45,1,145,0,0,0,145
01/22/2010,SAV,GA,ASO,ES,Combined TRACON& Tower with Radar,32,61,49,5,147,0,0,0,0,0,32,61,49,5,147,0,0,0,147
01/23/2010,SAV,GA,ASO,ES,Combined TRACON& Tower with Radar,27,41,47,0,115,0,0,7,0,7,27,41,54,0,122,20,0,20,142
01/24/2010,SAV,GA,ASO,ES,Combined TRACON& Tower with Radar,28,43,20,5,96,0,0,6,1,7,28,43,26,6,103,38,0,38,141
01/25/2010,SAV,GA,ASO,ES,Combined TRACON& Tower with Radar,30,52,49,7,138,0,0,18,0,18,30,52,67,7,156,24,0,24,180
01/26/2010,SAV,GA,ASO,ES,Combined TRACON& Tower with Radar,32,61,48,11,152,0,0,31,10,41,32,61,79,21,193,2,0,2,195
01/27/2010,SAV,GA,ASO,ES,Combined TRACON& Tower with Radar,29,72,77,13,191,0,6,79,6,91,29,78,156,19,282,60,8,68,350
01/28/2010,SAV,GA,ASO,ES,Combined TRACON& Tower with Radar,33,58,46,7,144,0,2,65,3,70,33,60,111,10,214,56,0,56,270
01/29/2010,SAV,GA,ASO,ES,Combined TRACON& Tower with Radar,34,68,74,38,214,0,1,57,2,60,34,69,131,40,274,10,0,10,284
01/30/2010,SAV,GA,ASO,ES,Combined TRACON& Tower with Radar,30,43,11,2,86,0,0,0,0,0,30,43,11,2,86,0,0,0,86
01/31/2010,SAV,GA,ASO,ES,Combined TRACON& Tower with Radar,29,44,50,6,129,0,0,86,1,87,29,44,136,7,216,52,26,78,294
02/01/2010,SAV,GA,ASO,ES,Combined TRACON& Tower with Radar,35,64,64,17,180,0,3,25,1,29,35,67,89,18,209,60,6,66,275
02/02/2010,SAV,GA,ASO,ES,Combined TRACON& Tower with Radar,33,60,37,8,138,0,0,0,0,0,33,60,37,8,138,0,0,0,138
02/03/2010,SAV,GA,ASO,ES,Combined TRACON& Tower with Radar,34,66,83,31,214,0,1,35,3,39,34,67,118,34,253,56,2,58,311
02/04/2010,SAV,GA,ASO,ES,Combined TRACON& Tower with Radar,35,65,89,29,218,0,0,21,6,27,35,65,110,35,245,28,4,32,277
02/05/2010,SAV,GA,ASO,ES,Combined TRACON& Tower with Radar,32,68,47,6,153,0,0,1,3,4,32,68,48,9,157,12,0,12,169
02/06/2010,SAV,GA,ASO,ES,Combined TRACON& Tower with Radar,21,42,40,21,124,0,0,17,0,17,21,42,57,21,141,2,0,2,143
02/07/2010,SAV,GA,ASO,ES,Combined TRACON& Tower with Radar,29,43,68,15,155,0,1,63,2,66,29,44,131,17,221,22,1,23,244
02/08/2010,SAV,GA,ASO,ES,Combined TRACON& Tower with Radar,33,62,68,5,168,0,3,52,2,57,33,65,120,7,225,48,0,48,273
02/09/2010,SAV,GA,ASO,ES,Combined TRACON& Tower with Radar,31,59,42,8,140,0,0,11,5,16,31,59,53,13,156,48,0,48,204
02/10/2010,SAV,GA,ASO,ES,Combined TRACON& Tower with Radar,32,46,62,2,142,0,4,12,0,16,32,50,74,2,158,20,2,22,180
02/11/2010,SAV,GA,ASO,ES,Combined TRACON& Tower with Radar,33,75,98,5,211,0,4,44,2,50,33,79,142,7,261,78,0,78,339
02/12/2010,SAV,GA,ASO,ES,Combined TRACON& Tower with Radar,15,75,62,10,162,0,0,7,3,10,15,75,69,13,172,2,0,2,174
02/13/2010,SAV,GA,ASO,ES,Combined TRACON& Tower with Radar,21,72,52,2,147,0,1,46,0,47,21,73,98,2,194,76,0,76,270
02/14/2010,SAV,GA,ASO,ES,Combined TRACON& Tower with Radar,31,48,46,4,129,0,2,69,4,75,31,50,115,8,204,24,0,24,228
02/15/2010,SAV,GA,ASO,ES,Combined TRACON& Tower with Radar,26,70,50,9,155,0,3,11,2,16,26,73,61,11,171,30,0,30,201
02/16/2010,SAV,GA,ASO,ES,Combined TRACON& Tower with Radar,32,70,49,19,170,0,1,30,5,36,32,71,79,24,206,8,6,14,220
02/17/2010,SAV,GA,ASO,ES,Combined TRACON& Tower with Radar,30,77,48,9,164,0,1,50,4,55,30,78,98,13,219,10,0,10,229
02/18/2010,SAV,GA,ASO,ES,Combined TRACON& Tower with Radar,32,77,90,15,214,0,4,62,4,70,32,81,152,19,284,24,4,28,312
02/19/2010,SAV,GA,ASO,ES,Combined TRACON& Tower with Radar,33,84,69,28,214,0,4,83,19,106,33,88,152,47,320,38,0,38,358
02/20/2010,SAV,GA,ASO,ES,Combined TRACON& Tower with Radar,28,63,46,23,160,0,3,120,5,128,28,66,166,28,288,42,20,62,350
02/21/2010,SAV,GA,ASO,ES,Combined TRACON& Tower with Radar,30,54,52,18,154,0,0,82,11,93,30,54,134,29,247,80,0,80,327
02/22/2010,SAV,GA,ASO,ES,Combined TRACON& Tower with Radar,32,61,40,6,139,0,1,11,1,13,32,62,51,7,152,47,0,47,199
02/23/2010,SAV,GA,ASO,ES,Combined TRACON& Tower with Radar,32,60,75,20,187,0,3,49,3,55,32,63,124,23,242,46,18,64,306
02/24/2010,SAV,GA,ASO,ES,Combined TRACON& Tower with Radar,26,70,75,5,176,0,4,20,3,27,26,74,95,8,203,54,0,54,257
02/25/2010,SAV,GA,ASO,ES,Combined TRACON& Tower with Radar,31,59,71,5,166,0,0,27,3,30,31,59,98,8,196,18,0,18,214
02/26/2010,SAV,GA,ASO,ES,Combined TRACON& Tower with Radar,34,60,72,15,181,0,2,49,3,54,34,62,121,18,235,16,6,22,257
02/27/2010,SAV,GA,ASO,ES,Combined TRACON& Tower with Radar,26,59,42,28,155,0,0,54,0,54,26,59,96,28,209,88,4,92,301
02/28/2010,SAV,GA,ASO,ES,Combined TRACON& Tower with Radar,32,52,54,18,156,0,3,66,5,74,32,55,120,23,230,26,0,26,256
03/01/2010,SAV,GA,ASO,ES,Combined TRACON& Tower with Radar,32,78,74,8,192,0,1,47,3,51,32,79,121,11,243,71,0,71,314
03/02/2010,SAV,GA,ASO,ES,Combined TRACON& Tower with Radar,22,79,36,4,141,0,0,2,0,2,22,79,38,4,143,0,2,2,145
03/03/2010,SAV,GA,ASO,ES,Combined TRACON& Tower with Radar,38,74,55,5,172,0,1,31,4,36,38,75,86,9,208,42,2,44,252
03/04/2010,SAV,GA,ASO,ES,Combined TRACON& Tower with Radar,37,74,73,10,194,0,10,50,13,73,37,84,123,23,267,43,21,64,331
03/05/2010,SAV,GA,ASO,ES,Combined TRACON& Tower with Radar,36,75,73,59,243,0,7,72,2,81,36,82,145,61,324,36,30,66,390
03/06/2010,SAV,GA,ASO,ES,Combined TRACON& Tower with Radar,35,58,62,63,218,0,2,112,14,128,35,60,174,77,346,40,30,70,416
03/07/2010,SAV,GA,ASO,ES,Combined TRACON& Tower with Radar,39,48,57,19,163,0,3,103,8,114,39,51,160,27,277,92,0,92,369
03/08/2010,SAV,GA,ASO,ES,Combined TRACON& Tower with Radar,31,62,52,25,170,0,2,59,6,67,31,64,111,31,237,58,16,74,311
03/09/2010,SAV,GA,ASO,ES,Combined TRACON& Tower with Radar,31,59,55,37,182,0,4,58,6,68,31,63,113,43,250,62,12,74,324
03/10/2010,SAV,GA,ASO,ES,Combined TRACON& Tower with Radar,35,70,57,33,195,0,1,27,10,38,35,71,84,43,233,30,10,40,273
03/11/2010,SAV,GA,ASO,ES,Combined TRACON& Tower with Radar,37,81,45,6,169,0,0,0,0,0,37,81,45,6,169,0,0,0,169
03/12/2010,SAV,GA,ASO,ES,Combined TRACON& Tower with Radar,39,93,78,65,275,0,0,0,3,3,39,93,78,68,278,12,0,12,290
03/13/2010,SAV,GA,ASO,ES,Combined TRACON& Tower with Radar,37,65,69,21,192,0,1,47,1,49,37,66,116,22,241,37,8,45,286
03/14/2010,SAV,GA,ASO,ES,Combined TRACON& Tower with Radar,38,47,63,23,171,0,0,37,4,41,38,47,100,27,212,45,10,55,267
03/15/2010,SAV,GA,ASO,ES,Combined TRACON& Tower with Radar,31,72,66,37,206,0,6,39,10,55,31,78,105,47,261,30,6,36,297
03/16/2010,SAV,GA,ASO,ES,Combined TRACON& Tower with Radar,33,60,60,45,198,0,4,62,19,85,33,64,122,64,283,26,36,62,345
03/17/2010,SAV,GA,ASO,ES,Combined TRACON& Tower with Radar,34,63,50,40,187,0,0,20,11,31,34,63,70,51,218,23,20,43,261
03/18/2010,SAV,GA,ASO,ES,Combined TRACON& Tower with Radar,34,73,77,20,204,0,1,35,3,39,34,74,112,23,243,4,4,8,251
03/19/2010,SAV,GA,ASO,ES,Combined TRACON& Tower with Radar,36,73,98,30,237,0,4,89,9,102,36,77,187,39,339,83,26,109,448
03/20/2010,SAV,GA,ASO,ES,Combined TRACON& Tower with Radar,33,72,45,11,161,0,3,80,5,88,33,75,125,16,249,60,0,60,309
03/21/2010,SAV,GA,ASO,ES,Combined TRACON& Tower with Radar,43,56,65,7,171,0,0,13,4,17,43,56,78,11,188,46,0,46,234
03/22/2010,SAV,GA,ASO,ES,Combined TRACON& Tower with Radar,27,74,62,14,177,0,0,25,0,25,27,74,87,14,202,28,2,30,232
03/23/2010,SAV,GA,ASO,ES,Combined TRACON& Tower with Radar,31,77,51,19,178,0,2,39,0,41,31,79,90,19,219,68,0,68,287
03/24/2010,SAV,GA,ASO,ES,Combined TRACON& Tower with Radar,38,66,91,41,236,0,3,67,4,74,38,69,158,45,310,23,42,65,375
03/25/2010,SAV,GA,ASO,ES,Combined TRACON& Tower with Radar,36,77,68,15,196,0,0,50,4,54,36,77,118,19,250,18,0,18,268
03/26/2010,SAV,GA,ASO,ES,Combined TRACON& Tower with Radar,37,77,89,17,220,0,1,29,4,34,37,78,118,21,254,16,6,22,276
03/27/2010,SAV,GA,ASO,ES,Combined TRACON& Tower with Radar,35,66,72,24,197,0,0,42,0,42,35,66,114,24,239,106,2,108,347
03/28/2010,SAV,GA,ASO,ES,Combined TRACON& Tower with Radar,37,56,65,14,172,0,2,23,2,27,37,58,88,16,199,39,1,40,239
03/29/2010,SAV,GA,ASO,ES,Combined TRACON& Tower with Radar,31,74,62,12,179,0,4,40,2,46,31,78,102,14,225,60,0,60,285
03/30/2010,SAV,GA,ASO,ES,Combined TRACON& Tower with Radar,32,75,78,9,194,0,0,79,6,85,32,75,157,15,279,28,6,34,313
03/31/2010,SAV,GA,ASO,ES,Combined TRACON& Tower with Radar,36,74,63,10,183,0,3,60,8,71,36,77,123,18,254,52,0,52,306
04/01/2010,SAV,GA,ASO,ES,Combined TRACON& Tower with Radar,36,84,89,7,216,0,0,63,6,69,36,84,152,13,285,64,0,64,349
04/02/2010,SAV,GA,ASO,ES,Combined TRACON& Tower with Radar,37,71,77,9,194,0,3,70,0,73,37,74,147,9,267,90,0,90,357
04/03/2010,SAV,GA,ASO,ES,Combined TRACON& Tower with Radar,33,63,47,0,143,0,0,71,0,71,33,63,118,0,214,44,0,44,258
04/04/2010,SAV,GA,ASO,ES,Combined TRACON& Tower with Radar,38,59,43,4,144,0,0,34,1,35,38,59,77,5,179,24,2,26,205
04/05/2010,SAV,GA,ASO,ES,Combined TRACON& Tower with Radar,37,75,65,5,182,0,4,44,4,52,37,79,109,9,234,32,0,32,266
04/06/2010,SAV,GA,ASO,ES,Combined TRACON& Tower with Radar,41,70,70,13,194,0,5,44,7,56,41,75,114,20,250,22,0,22,272
04/07/2010,SAV,GA,ASO,ES,Combined TRACON& Tower with Radar,51,67,53,8,179,0,3,75,1,79,51,70,128,9,258,24,0,24,282
04/08/2010,SAV,GA,ASO,ES,Combined TRACON& Tower with Radar,47,72,65,14,198,0,1,26,3,30,47,73,91,17,228,39,0,39,267
04/09/2010,SAV,GA,ASO,ES,Combined TRACON& Tower with Radar,52,61,65,18,196,0,3,68,5,76,52,64,133,23,272,44,0,44,316
04/10/2010,SAV,GA,ASO,ES,Combined TRACON& Tower with Radar,43,63,50,19,175,0,4,87,9,100,43,67,137,28,275,67,4,71,346
04/11/2010,SAV,GA,ASO,ES,Combined TRACON& Tower with Radar,39,69,54,5,167,0,2,62,12,76,39,71,116,17,243,0,0,0,243
04/12/2010,SAV,GA,ASO,ES,Combined TRACON& Tower with Radar,39,64,53,9,165,0,5,49,7,61,39,69,102,16,226,28,2,30,256
04/13/2010,SAV,GA,ASO,ES,Combined TRACON& Tower with Radar,44,60,68,6,178,0,0,59,2,61,44,60,127,8,239,36,8,44,283
04/14/2010,SAV,GA,ASO,ES,Combined TRACON& Tower with Radar,49,61,68,10,188,0,3,74,0,77,49,64,142,10,265,43,8,51,316
04/15/2010,SAV,GA,ASO,ES,Combined TRACON& Tower with Radar,48,64,81,20,213,0,0,48,5,53,48,64,129,25,266,20,0,20,286
04/16/2010,SAV,GA,ASO,ES,Combined TRACON& Tower with Radar,50,76,66,49,241,0,1,62,6,69,50,77,128,55,310,47,12,59,369
04/17/2010,SAV,GA,ASO,ES,Combined TRACON& Tower with Radar,41,64,55,28,188,0,0,58,2,60,41,64,113,30,248,56,8,64,312
04/18/2010,SAV,GA,ASO,ES,Combined TRACON& Tower with Radar,47,61,63,10,181,0,0,62,9,71,47,61,125,19,252,22,3,25,277
04/19/2010,SAV,GA,ASO,ES,Combined TRACON& Tower with Radar,44,72,65,7,188,0,2,35,3,40,44,74,100,10,228,42,14,56,284
04/20/2010,SAV,GA,ASO,ES,Combined TRACON& Tower with Radar,43,72,69,10,194,0,2,56,0,58,43,74,125,10,252,30,0,30,282
04/21/2010,SAV,GA,ASO,ES,Combined TRACON& Tower with Radar,52,75,72,6,205,0,0,27,5,32,52,75,99,11,237,50,0,50,287
04/22/2010,SAV,GA,ASO,ES,Combined TRACON& Tower with Radar,46,78,119,6,249,0,1,77,4,82,46,79,196,10,331,96,4,100,431
04/23/2010,SAV,GA,ASO,ES,Combined TRACON& Tower with Radar,46,77,107,18,248,0,4,78,10,92,46,81,185,28,340,22,0,22,362
04/24/2010,SAV,GA,ASO,ES,Combined TRACON& Tower with Radar,43,75,52,14,184,0,2,29,3,34,43,77,81,17,218,30,0,30,248
04/25/2010,SAV,GA,ASO,ES,Combined TRACON& Tower with Radar,41,80,69,9,199,0,1,14,0,15,41,81,83,9,214,13,0,13,227
04/26/2010,SAV,GA,ASO,ES,Combined TRACON& Tower with Radar,40,62,55,10,167,0,4,28,1,33,40,66,83,11,200,47,14,61,261
04/27/2010,SAV,GA,ASO,ES,Combined TRACON& Tower with Radar,42,65,55,10,172,0,4,20,10,34,42,69,75,20,206,4,4,8,214
04/28/2010,SAV,GA,ASO,ES,Combined TRACON& Tower with Radar,46,74,67,10,197,0,5,73,3,81,46,79,140,13,278,36,0,36,314
04/29/2010,SAV,GA,ASO,ES,Combined TRACON& Tower with Radar,44,81,82,8,215,0,1,68,2,71,44,82,150,10,286,82,2,84,370
04/30/2010,SAV,GA,ASO,ES,Combined TRACON& Tower with Radar,43,76,65,18,202,0,2,46,12,60,43,78,111,30,262,42,0,42,304
05/01/2010,SAV,GA,ASO,ES,Combined TRACON& Tower with Radar,39,77,35,17,168,0,0,39,2,41,39,77,74,19,209,10,0,10,219
05/02/2010,SAV,GA,ASO,ES,Combined TRACON& Tower with Radar,37,72,63,20,192,0,1,51,12,64,37,73,114,32,256,20,0,20,276
05/03/2010,SAV,GA,ASO,ES,Combined TRACON& Tower with Radar,33,79,37,9,158,0,1,21,3,25,33,80,58,12,183,22,0,22,205
05/04/2010,SAV,GA,ASO,ES,Combined TRACON& Tower with Radar,37,80,47,0,164,0,0,0,0,0,37,80,47,0,164,0,0,0,164
05/05/2010,SAV,GA,ASO,ES,Combined TRACON& Tower with Radar,39,78,77,15,209,0,1,32,3,36,39,79,109,18,245,38,0,38,283
05/06/2010,SAV,GA,ASO,ES,Combined TRACON& Tower with Radar,39,82,93,7,221,0,0,45,3,48,39,82,138,10,269,36,0,36,305
05/07/2010,SAV,GA,ASO,ES,Combined TRACON& Tower with Radar,39,72,84,27,222,0,2,74,5,81,39,74,158,32,303,11,4,15,318
05/08/2010,SAV,GA,ASO,ES,Combined TRACON& Tower with Radar,39,80,38,21,178,0,1,40,5,46,39,81,78,26,224,14,6,20,244
05/09/2010,SAV,GA,ASO,ES,Combined TRACON& Tower with Radar,40,63,54,8,165,0,1,76,6,83,40,64,130,14,248,40,0,40,288
05/10/2010,SAV,GA,ASO,ES,Combined TRACON& Tower with Radar,37,75,63,12,187,0,0,36,3,39,37,75,99,15,226,38,2,40,266
05/11/2010,SAV,GA,ASO,ES,Combined TRACON& Tower with Radar,38,77,54,6,175,0,3,46,4,53,38,80,100,10,228,48,2,50,278
05/12/2010,SAV,GA,ASO,ES,Combined TRACON& Tower with Radar,39,67,70,7,183,0,6,46,5,57,39,73,116,12,240,27,0,27,267
05/13/2010,SAV,GA,ASO,ES,Combined TRACON& Tower with Radar,38,67,116,9,230,0,3,60,12,75,38,70,176,21,305,62,0,62,367
05/14/2010,SAV,GA,ASO,ES,Combined TRACON& Tower with Radar,37,77,88,30,232,0,5,46,11,62,37,82,134,41,294,139,8,147,441
05/15/2010,SAV,GA,ASO,ES,Combined TRACON& Tower with Radar,40,70,60,11,181,0,1,94,11,106,40,71,154,22,287,80,2,82,369
05/16/2010,SAV,GA,ASO,ES,Combined TRACON& Tower with Radar,39,70,83,30,222,0,0,45,6,51,39,70,128,36,273,38,10,48,321
05/17/2010,SAV,GA,ASO,ES,Combined TRACON& Tower with Radar,37,63,65,34,199,0,0,15,4,19,37,63,80,38,218,16,0,16,234
05/18/2010,SAV,GA,ASO,ES,Combined TRACON& Tower with Radar,38,67,72,23,200,0,1,69,20,90,38,68,141,43,290,110,8,118,408
05/19/2010,SAV,GA,ASO,ES,Combined TRACON& Tower with Radar,37,76,72,26,211,0,4,73,11,88,37,80,145,37,299,79,2,81,380
05/20/2010,SAV,GA,ASO,ES,Combined TRACON& Tower with Radar,38,87,76,18,219,0,2,70,20,92,38,89,146,38,311,42,0,42,353
05/21/2010,SAV,GA,ASO,ES,Combined TRACON& Tower with Radar,39,82,75,24,220,0,1,56,3,60,39,83,131,27,280,28,2,30,310
05/22/2010,SAV,GA,ASO,ES,Combined TRACON& Tower with Radar,40,66,59,8,173,0,0,49,1,50,40,66,108,9,223,0,0,0,223
05/23/2010,SAV,GA,ASO,ES,Combined TRACON& Tower with Radar,37,69,40,13,159,0,1,53,7,61,37,70,93,20,220,118,0,118,338
05/24/2010,SAV,GA,ASO,ES,Combined TRACON& Tower with Radar,36,71,51,5,163,0,0,4,0,4,36,71,55,5,167,2,0,2,169
05/25/2010,SAV,GA,ASO,ES,Combined TRACON& Tower with Radar,40,64,49,20,173,0,3,24,3,30,40,67,73,23,203,24,4,28,231
05/26/2010,SAV,GA,ASO,ES,Combined TRACON& Tower with Radar,38,71,45,11,165,0,1,76,3,80,38,72,121,14,245,93,4,97,342
05/27/2010,SAV,GA,ASO,ES,Combined TRACON& Tower with Radar,41,76,74,22,213,0,1,83,0,84,41,77,157,22,297,74,6,80,377
05/28/2010,SAV,GA,ASO,ES,Combined TRACON& Tower with Radar,46,94,84,20,244,0,7,63,3,73,46,101,147,23,317,54,0,54,371
05/29/2010,SAV,GA,ASO,ES,Combined TRACON& Tower with Radar,42,68,42,21,173,0,0,44,3,47,42,68,86,24,220,34,4,38,258
05/30/2010,SAV,GA,ASO,ES,Combined TRACON& Tower with Radar,40,51,38,1,130,0,3,28,0,31,40,54,66,1,161,46,0,46,207
05/31/2010,SAV,GA,ASO,ES,Combined TRACON& Tower with Radar,45,52,45,6,148,0,0,10,0,10,45,52,55,6,158,28,12,40,198
06/01/2010,SAV,GA,ASO,ES,Combined TRACON& Tower with Radar,39,65,57,7,168,0,3,23,3,29,39,68,80,10,197,48,0,48,245
06/02/2010,SAV,GA,ASO,ES,Combined TRACON& Tower with Radar,46,77,41,4,168,0,4,38,4,46,46,81,79,8,214,72,0,72,286
06/03/2010,SAV,GA,ASO,ES,Combined TRACON& Tower with Radar,36,80,59,7,182,0,2,55,3,60,36,82,114,10,242,49,8,57,299
06/04/2010,SAV,GA,ASO,ES,Combined TRACON& Tower with Radar,37,76,50,12,175,0,0,33,2,35,37,76,83,14,210,44,2,46,256
06/05/2010,SAV,GA,ASO,ES,Combined TRACON& Tower with Radar,43,66,42,18,169,0,1,42,6,49,43,67,84,24,218,16,0,16,234
06/06/2010,SAV,GA,ASO,ES,Combined TRACON& Tower with Radar,41,66,39,21,167,0,2,35,10,47,41,68,74,31,214,67,0,67,281
06/07/2010,SAV,GA,ASO,ES,Combined TRACON& Tower with Radar,37,80,53,5,175,0,0,51,6,57,37,80,104,11,232,64,2,66,298
06/08/2010,SAV,GA,ASO,ES,Combined TRACON& Tower with Radar,38,68,57,12,175,0,0,50,5,55,38,68,107,17,230,42,2,44,274
06/09/2010,SAV,GA,ASO,ES,Combined TRACON& Tower with Radar,41,63,57,20,181,0,0,52,3,55,41,63,109,23,236,73,8,81,317
06/10/2010,SAV,GA,ASO,ES,Combined TRACON& Tower with Radar,41,59,66,8,174,0,2,48,4,54,41,61,114,12,228,24,0,24,252
06/11/2010,SAV,GA,ASO,ES,Combined TRACON& Tower with Radar,36,73,77,8,194,0,3,50,0,53,36,76,127,8,247,77,0,77,324
06/12/2010,SAV,GA,ASO,ES,Combined TRACON& Tower with Radar,40,62,49,32,183,0,1,56,0,57,40,63,105,32,240,88,16,104,344
06/13/2010,SAV,GA,ASO,ES,Combined TRACON& Tower with Radar,43,53,41,10,147,0,1,39,3,43,43,54,80,13,190,37,4,41,231
06/14/2010,SAV,GA,ASO,ES,Combined TRACON& Tower with Radar,42,55,54,10,161,0,0,39,2,41,42,55,93,12,202,32,0,32,234
06/15/2010,SAV,GA,ASO,ES,Combined TRACON& Tower with Radar,48,63,50,6,167,0,0,49,2,51,48,63,99,8,218,44,0,44,262
06/16/2010,SAV,GA,ASO,ES,Combined TRACON& Tower with Radar,41,64,59,8,172,0,5,50,2,57,41,69,109,10,229,58,0,58,287
06/17/2010,SAV,GA,ASO,ES,Combined TRACON& Tower with Radar,46,76,67,9,198,0,2,67,3,72,46,78,134,12,270,29,0,29,299
06/18/2010,SAV,GA,ASO,ES,Combined TRACON& Tower with Radar,42,54,64,13,173,0,12,58,5,75,42,66,122,18,248,96,0,96,344
06/19/2010,SAV,GA,ASO,ES,Combined TRACON& Tower with Radar,41,63,53,2,159,0,0,25,2,27,41,63,78,4,186,11,2,13,199
06/20/2010,SAV,GA,ASO,ES,Combined TRACON& Tower with Radar,38,59,31,6,134,0,1,38,0,39,38,60,69,6,173,59,0,59,232
06/21/2010,SAV,GA,ASO,ES,Combined TRACON& Tower with Radar,40,62,59,8,169,0,3,36,7,46,40,65,95,15,215,60,0,60,275
06/22/2010,SAV,GA,ASO,ES,Combined TRACON& Tower with Radar,41,63,67,9,180,0,8,47,9,64,41,71,114,18,244,74,0,74,318
06/23/2010,SAV,GA,ASO,ES,Combined TRACON& Tower with Radar,39,63,56,19,177,0,0,51,2,53,39,63,107,21,230,70,10,80,310
06/24/2010,SAV,GA,ASO,ES,Combined TRACON& Tower with Radar,42,67,70,8,187,0,2,51,1,54,42,69,121,9,241,34,0,34,275
06/25/2010,SAV,GA,ASO,ES,Combined TRACON& Tower with Radar,41,78,57,2,178,0,2,23,0,25,41,80,80,2,203,14,0,14,217
06/26/2010,SAV,GA,ASO,ES,Combined TRACON& Tower with Radar,44,64,57,19,184,0,1,70,3,74,44,65,127,22,258,62,0,62,320
06/27/2010,SAV,GA,ASO,ES,Combined TRACON& Tower with Radar,39,56,60,8,163,0,1,57,4,62,39,57,117,12,225,70,0,70,295
06/28/2010,SAV,GA,ASO,ES,Combined TRACON& Tower with Radar,39,59,53,8,159,0,5,60,9,74,39,64,113,17,233,78,4,82,315
06/29/2010,SAV,GA,ASO,ES,Combined TRACON& Tower with Radar,45,82,75,6,208,0,8,72,18,98,45,90,147,24,306,38,24,62,368
06/30/2010,SAV,GA,ASO,ES,Combined TRACON& Tower with Radar,39,68,79,15,201,0,3,54,7,64,39,71,133,22,265,68,20,88,353
07/01/2010,SAV,GA,ASO,ES,Combined TRACON& Tower with Radar,42,75,60,7,184,0,0,14,1,15,42,75,74,8,199,32,0,32,231
07/02/2010,SAV,GA,ASO,ES,Combined TRACON& Tower with Radar,45,56,46,1,148,0,4,49,0,53,45,60,95,1,201,48,2,50,251
07/03/2010,SAV,GA,ASO,ES,Combined TRACON& Tower with Radar,41,60,40,1,142,0,0,47,0,47,41,60,87,1,189,52,0,52,241
07/04/2010,SAV,GA,ASO,ES,Combined TRACON& Tower with Radar,36,37,21,0,94,0,0,27,0,27,36,37,48,0,121,0,0,0,121
07/05/2010,SAV,GA,ASO,ES,Combined TRACON& Tower with Radar,41,59,71,3,174,0,0,53,2,55,41,59,124,5,229,32,0,32,261
07/06/2010,SAV,GA,ASO,ES,Combined TRACON& Tower with Radar,41,57,64,4,166,0,0,44,3,47,41,57,108,7,213,78,12,90,303
07/07/2010,SAV,GA,ASO,ES,Combined TRACON& Tower with Radar,41,72,65,36,214,0,4,50,3,57,41,76,115,39,271,86,2,88,359
07/08/2010,SAV,GA,ASO,ES,Combined TRACON& Tower with Radar,43,69,66,30,208,0,3,63,3,69,43,72,129,33,277,30,12,42,319
07/09/2010,SAV,GA,ASO,ES,Combined TRACON& Tower with Radar,39,55,48,43,185,0,0,37,12,49,39,55,85,55,234,36,38,74,308
07/10/2010,SAV,GA,ASO,ES,Combined TRACON& Tower with Radar,40,56,41,16,153,0,0,53,5,58,40,56,94,21,211,48,2,50,261
07/11/2010,SAV,GA,ASO,ES,Combined TRACON& Tower with Radar,43,56,53,16,168,0,0,14,5,19,43,56,67,21,187,22,0,22,209
07/12/2010,SAV,GA,ASO,ES,Combined TRACON& Tower with Radar,36,56,48,3,143,0,0,25,0,25,36,56,73,3,168,32,0,32,200
07/13/2010,SAV,GA,ASO,ES,Combined TRACON& Tower with Radar,46,57,42,11,156,0,0,21,4,25,46,57,63,15,181,6,0,6,187
07/14/2010,SAV,GA,ASO,ES,Combined TRACON& Tower with Radar,41,66,94,13,214,0,2,26,3,31,41,68,120,16,245,28,0,28,273
07/15/2010,SAV,GA,ASO,ES,Combined TRACON& Tower with Radar,43,65,63,9,180,0,1,48,3,52,43,66,111,12,232,38,5,43,275
07/16/2010,SAV,GA,ASO,ES,Combined TRACON& Tower with Radar,42,57,59,14,172,0,4,43,8,55,42,61,102,22,227,32,0,32,259
07/17/2010,SAV,GA,ASO,ES,Combined TRACON& Tower with Radar,41,55,59,18,173,0,0,40,17,57,41,55,99,35,230,8,4,12,242
07/18/2010,SAV,GA,ASO,ES,Combined TRACON& Tower with Radar,44,51,51,11,157,0,0,41,7,48,44,51,92,18,205,60,0,60,265
07/19/2010,SAV,GA,ASO,ES,Combined TRACON& Tower with Radar,45,54,72,4,175,0,1,35,10,46,45,55,107,14,221,26,0,26,247
07/20/2010,SAV,GA,ASO,ES,Combined TRACON& Tower with Radar,46,55,68,10,179,0,0,29,4,33,46,55,97,14,212,28,0,28,240
07/21/2010,SAV,GA,ASO,ES,Combined TRACON& Tower with Radar,44,67,41,10,162,0,0,42,2,44,44,67,83,12,206,70,0,70,276
07/22/2010,SAV,GA,ASO,ES,Combined TRACON& Tower with Radar,44,62,57,17,180,0,0,42,7,49,44,62,99,24,229,114,0,114,343
07/23/2010,SAV,GA,ASO,ES,Combined TRACON& Tower with Radar,43,60,62,34,199,0,3,55,6,64,43,63,117,40,263,21,22,43,306
07/24/2010,SAV,GA,ASO,ES,Combined TRACON& Tower with Radar,43,67,31,28,169,0,1,36,6,43,43,68,67,34,212,60,0,60,272
07/25/2010,SAV,GA,ASO,ES,Combined TRACON& Tower with Radar,43,49,39,12,143,0,3,39,10,52,43,52,78,22,195,66,0,66,261
07/26/2010,SAV,GA,ASO,ES,Combined TRACON& Tower with Radar,38,64,36,7,145,0,1,30,7,38,38,65,66,14,183,78,0,78,261
07/27/2010,SAV,GA,ASO,ES,Combined TRACON& Tower with Radar,46,72,47,11,176,0,0,57,12,69,46,72,104,23,245,70,2,72,317
07/28/2010,SAV,GA,ASO,ES,Combined TRACON& Tower with Radar,39,73,58,16,186,0,1,32,4,37,39,74,90,20,223,20,36,56,279
07/29/2010,SAV,GA,ASO,ES,Combined TRACON& Tower with Radar,44,69,68,18,199,0,0,43,5,48,44,69,111,23,247,24,6,30,277
07/30/2010,SAV,GA,ASO,ES,Combined TRACON& Tower with Radar,42,69,69,8,188,0,9,54,6,69,42,78,123,14,257,16,2,18,275
07/31/2010,SAV,GA,ASO,ES,Combined TRACON& Tower with Radar,38,74,41,6,159,0,0,30,0,30,38,74,71,6,189,38,0,38,227
08/01/2010,SAV,GA,ASO,ES,Combined TRACON& Tower with Radar,41,57,59,4,161,0,0,19,0,19,41,57,78,4,180,9,0,9,189
08/02/2010,SAV,GA,ASO,ES,Combined TRACON& Tower with Radar,44,63,65,39,211,0,0,17,0,17,44,63,82,39,228,14,16,30,258
08/03/2010,SAV,GA,ASO,ES,Combined TRACON& Tower with Radar,41,58,58,17,174,0,2,26,2,30,41,60,84,19,204,14,11,25,229
08/04/2010,SAV,GA,ASO,ES,Combined TRACON& Tower with Radar,44,67,55,11,177,0,1,28,7,36,44,68,83,18,213,40,4,44,257
08/05/2010,SAV,GA,ASO,ES,Combined TRACON& Tower with Radar,38,62,52,14,166,0,0,49,14,63,38,62,101,28,229,52,16,68,297
08/06/2010,SAV,GA,ASO,ES,Combined TRACON& Tower with Radar,44,75,66,40,225,0,1,33,7,41,44,76,99,47,266,2,4,6,272
08/07/2010,SAV,GA,ASO,ES,Combined TRACON& Tower with Radar,46,62,53,15,176,0,3,11,7,21,46,65,64,22,197,98,4,102,299
08/08/2010,SAV,GA,ASO,ES,Combined TRACON& Tower with Radar,38,61,62,18,179,0,1,41,2,44,38,62,103,20,223,84,32,116,339
08/09/2010,SAV,GA,ASO,ES,Combined TRACON& Tower with Radar,43,65,37,20,165,0,2,36,5,43,43,67,73,25,208,44,0,44,252
08/10/2010,SAV,GA,ASO,ES,Combined TRACON& Tower with Radar,48,65,56,17,186,0,4,35,8,47,48,69,91,25,233,49,5,54,287
08/11/2010,SAV,GA,ASO,ES,Combined TRACON& Tower with Radar,40,78,66,10,194,0,1,51,1,53,40,79,117,11,247,80,0,80,327
08/12/2010,SAV,GA,ASO,ES,Combined TRACON& Tower with Radar,43,76,52,3,174,0,3,42,6,51,43,79,94,9,225,46,0,46,271
08/13/2010,SAV,GA,ASO,ES,Combined TRACON& Tower with Radar,45,89,74,5,213,0,6,53,2,61,45,95,127,7,274,40,0,40,314
08/14/2010,SAV,GA,ASO,ES,Combined TRACON& Tower with Radar,38,75,51,1,165,0,0,20,0,20,38,75,71,1,185,92,0,92,277
08/15/2010,SAV,GA,ASO,ES,Combined TRACON& Tower with Radar,42,60,48,2,152,0,0,4,2,6,42,60,52,4,158,1,20,21,179
08/16/2010,SAV,GA,ASO,ES,Combined TRACON& Tower with Radar,42,49,63,7,161,0,1,13,0,14,42,50,76,7,175,4,2,6,181
08/17/2010,SAV,GA,ASO,ES,Combined TRACON& Tower with Radar,45,63,59,8,175,0,5,37,5,47,45,68,96,13,222,70,4,74,296
08/18/2010,SAV,GA,ASO,ES,Combined TRACON& Tower with Radar,46,57,57,8,168,0,2,44,1,47,46,59,101,9,215,36,0,36,251
08/19/2010,SAV,GA,ASO,ES,Combined TRACON& Tower with Radar,43,60,65,15,183,0,5,38,5,48,43,65,103,20,231,6,0,6,237
08/20/2010,SAV,GA,ASO,ES,Combined TRACON& Tower with Radar,42,77,54,22,195,0,2,27,3,32,42,79,81,25,227,66,4,70,297
08/21/2010,SAV,GA,ASO,ES,Combined TRACON& Tower with Radar,37,70,36,9,152,0,0,41,2,43,37,70,77,11,195,42,0,42,237
08/22/2010,SAV,GA,ASO,ES,Combined TRACON& Tower with Radar,34,47,50,8,139,0,0,19,1,20,34,47,69,9,159,42,0,42,201
08/23/2010,SAV,GA,ASO,ES,Combined TRACON& Tower with Radar,42,61,56,23,182,0,4,26,2,32,42,65,82,25,214,15,2,17,231
08/24/2010,SAV,GA,ASO,ES,Combined TRACON& Tower with Radar,43,64,56,12,175,0,2,34,2,38,43,66,90,14,213,18,0,18,231
08/25/2010,SAV,GA,ASO,ES,Combined TRACON& Tower with Radar,42,66,62,12,182,0,6,25,2,33,42,72,87,14,215,36,0,36,251
08/26/2010,SAV,GA,ASO,ES,Combined TRACON& Tower with Radar,40,77,64,13,194,0,2,28,4,34,40,79,92,17,228,36,0,36,264
08/27/2010,SAV,GA,ASO,ES,Combined TRACON& Tower with Radar,40,81,79,12,212,0,2,22,2,26,40,83,101,14,238,120,4,124,362
08/28/2010,SAV,GA,ASO,ES,Combined TRACON& Tower with Radar,39,61,28,7,135,0,1,23,0,24,39,62,51,7,159,71,0,71,230
08/29/2010,SAV,GA,ASO,ES,Combined TRACON& Tower with Radar,44,52,43,19,158,0,0,33,0,33,44,52,76,19,191,0,4,4,195
08/30/2010,SAV,GA,ASO,ES,Combined TRACON& Tower with Radar,40,66,69,12,187,0,3,55,0,58,40,69,124,12,245,40,0,40,285
08/31/2010,SAV,GA,ASO,ES,Combined TRACON& Tower with Radar,42,67,76,8,193,0,0,48,5,53,42,67,124,13,246,38,4,42,288
09/01/2010,SAV,GA,ASO,ES,Combined TRACON& Tower with Radar,40,68,59,14,181,0,4,44,0,48,40,72,103,14,229,102,0,102,331
09/02/2010,SAV,GA,ASO,ES,Combined TRACON& Tower with Radar,38,72,69,16,195,0,1,40,4,45,38,73,109,20,240,40,12,52,292
09/03/2010,SAV,GA,ASO,ES,Combined TRACON& Tower with Radar,40,79,54,6,179,0,0,38,0,38,40,79,92,6,217,44,0,44,261
09/04/2010,SAV,GA,ASO,ES,Combined TRACON& Tower with Radar,34,58,52,5,149,0,3,49,2,54,34,61,101,7,203,20,0,20,223
09/05/2010,SAV,GA,ASO,ES,Combined TRACON& Tower with Radar,39,46,36,2,123,0,0,51,2,53,39,46,87,4,176,34,0,34,210
09/06/2010,SAV,GA,ASO,ES,Combined TRACON& Tower with Radar,39,53,42,2,136,0,0,48,0,48,39,53,90,2,184,52,1,53,237
09/07/2010,SAV,GA,ASO,ES,Combined TRACON& Tower with Radar,41,53,55,6,155,0,0,32,6,38,41,53,87,12,193,30,0,30,223
09/08/2010,SAV,GA,ASO,ES,Combined TRACON& Tower with Radar,42,74,43,11,170,0,0,36,8,44,42,74,79,19,214,50,22,72,286
09/09/2010,SAV,GA,ASO,ES,Combined TRACON& Tower with Radar,41,62,61,14,178,0,0,45,12,57,41,62,106,26,235,16,0,16,251
09/10/2010,SAV,GA,ASO,ES,Combined TRACON& Tower with Radar,40,80,74,45,239,0,1,53,12,66,40,81,127,57,305,44,18,62,367
09/11/2010,SAV,GA,ASO,ES,Combined TRACON& Tower with Radar,38,63,35,16,152,0,0,43,10,53,38,63,78,26,205,0,0,0,205
09/12/2010,SAV,GA,ASO,ES,Combined TRACON& Tower with Radar,46,48,63,28,185,0,0,31,7,38,46,48,94,35,223,64,5,69,292
09/13/2010,SAV,GA,ASO,ES,Combined TRACON& Tower with Radar,36,55,55,21,167,0,0,39,6,45,36,55,94,27,212,54,10,64,276
09/14/2010,SAV,GA,ASO,ES,Combined TRACON& Tower with Radar,41,73,60,18,192,0,2,58,9,69,41,75,118,27,261,36,0,36,297
09/15/2010,SAV,GA,ASO,ES,Combined TRACON& Tower with Radar,42,67,63,11,183,0,0,35,12,47,42,67,98,23,230,52,0,52,282
09/16/2010,SAV,GA,ASO,ES,Combined TRACON& Tower with Radar,41,59,61,13,174,0,1,37,2,40,41,60,98,15,214,21,2,23,237
09/17/2010,SAV,GA,ASO,ES,Combined TRACON& Tower with Radar,42,61,85,18,206,0,0,63,5,68,42,61,148,23,274,48,8,56,330
09/18/2010,SAV,GA,ASO,ES,Combined TRACON& Tower with Radar,35,60,68,12,175,0,0,71,7,78,35,60,139,19,253,80,26,106,359
09/19/2010,SAV,GA,ASO,ES,Combined TRACON& Tower with Radar,43,58,49,10,160,0,3,57,6,66,43,61,106,16,226,76,0,76,302
09/20/2010,SAV,GA,ASO,ES,Combined TRACON& Tower with Radar,39,64,53,7,163,0,0,40,1,41,39,64,93,8,204,62,0,62,266
09/21/2010,SAV,GA,ASO,ES,Combined TRACON& Tower with Radar,37,61,57,3,158,0,0,48,8,56,37,61,105,11,214,58,0,58,272
09/22/2010,SAV,GA,ASO,ES,Combined TRACON& Tower with Radar,41,65,58,1,165,0,0,48,8,56,41,65,106,9,221,58,0,58,279
09/23/2010,SAV,GA,ASO,ES,Combined TRACON& Tower with Radar,42,59,73,1,175,0,1,46,3,50,42,60,119,4,225,38,0,38,263
09/24/2010,SAV,GA,ASO,ES,Combined TRACON& Tower with Radar,42,67,75,22,206,0,2,50,4,56,42,69,125,26,262,32,14,46,308
09/25/2010,SAV,GA,ASO,ES,Combined TRACON& Tower with Radar,37,62,32,11,142,0,0,38,10,48,37,62,70,21,190,76,8,84,274
09/26/2010,SAV,GA,ASO,ES,Combined TRACON& Tower with Radar,44,54,54,19,171,0,0,15,2,17,44,54,69,21,188,0,0,0,188
09/27/2010,SAV,GA,ASO,ES,Combined TRACON& Tower with Radar,39,55,31,6,131,0,0,3,0,3,39,55,34,6,134,24,0,24,158
09/28/2010,SAV,GA,ASO,ES,Combined TRACON& Tower with Radar,38,74,66,7,185,0,3,50,5,58,38,77,116,12,243,20,2,22,265
09/29/2010,SAV,GA,ASO,ES,Combined TRACON& Tower with Radar,42,71,69,3,185,0,0,0,0,0,42,71,69,3,185,0,0,0,185
09/30/2010,SAV,GA,ASO,ES,Combined TRACON& Tower with Radar,41,67,63,3,174,0,0,22,2,24,41,67,85,5,198,28,0,28,226
10/01/2010,SAV,GA,ASO,ES,Combined TRACON& Tower with Radar,42,65,68,16,191,0,0,57,3,60,42,65,125,19,251,98,0,98,349
10/02/2010,SAV,GA,ASO,ES,Combined TRACON& Tower with Radar,37,57,52,13,159,0,1,54,1,56,37,58,106,14,215,22,0,22,237
10/03/2010,SAV,GA,ASO,ES,Combined TRACON& Tower with Radar,49,44,57,46,196,0,0,69,7,76,49,44,126,53,272,16,20,36,308
10/04/2010,SAV,GA,ASO,ES,Combined TRACON& Tower with Radar,45,50,52,12,159,0,3,38,9,50,45,53,90,21,209,42,24,66,275
10/05/2010,SAV,GA,ASO,ES,Combined TRACON& Tower with Radar,43,49,60,20,172,0,0,32,1,33,43,49,92,21,205,14,6,20,225
10/06/2010,SAV,GA,ASO,ES,Combined TRACON& Tower with Radar,50,58,57,18,183,0,1,39,6,46,50,59,96,24,229,56,0,56,285
10/07/2010,SAV,GA,ASO,ES,Combined TRACON& Tower with Radar,46,70,63,36,215,0,0,52,1,53,46,70,115,37,268,56,6,62,330
10/08/2010,SAV,GA,ASO,ES,Combined TRACON& Tower with Radar,44,72,70,23,209,0,1,64,1,66,44,73,134,24,275,66,0,66,341
10/09/2010,SAV,GA,ASO,ES,Combined TRACON& Tower with Radar,39,55,61,6,161,0,0,57,6,63,39,55,118,12,224,74,16,90,314
10/10/2010,SAV,GA,ASO,ES,Combined TRACON& Tower with Radar,48,55,50,9,162,0,0,62,3,65,48,55,112,12,227,156,0,156,383
10/11/2010,SAV,GA,ASO,ES,Combined TRACON& Tower with Radar,45,54,81,9,189,0,0,62,0,62,45,54,143,9,251,58,0,58,309
10/12/2010,SAV,GA,ASO,ES,Combined TRACON& Tower with Radar,43,63,76,12,194,0,0,59,8,67,43,63,135,20,261,52,8,60,321
10/13/2010,SAV,GA,ASO,ES,Combined TRACON& Tower with Radar,48,71,66,13,198,2,0,39,3,44,50,71,105,16,242,38,0,38,280
10/14/2010,SAV,GA,ASO,ES,Combined TRACON& Tower with Radar,46,74,67,13,200,0,0,43,2,45,46,74,110,15,245,56,0,56,301
10/15/2010,SAV,GA,ASO,ES,Combined TRACON& Tower with Radar,45,68,85,11,209,0,0,74,8,82,45,68,159,19,291,70,16,86,377
10/16/2010,SAV,GA,ASO,ES,Combined TRACON& Tower with Radar,39,60,32,7,138,0,0,71,4,75,39,60,103,11,213,48,0,48,261
10/17/2010,SAV,GA,ASO,ES,Combined TRACON& Tower with Radar,47,49,75,7,178,0,0,61,3,64,47,49,136,10,242,122,0,122,364
10/18/2010,SAV,GA,ASO,ES,Combined TRACON& Tower with Radar,45,56,59,6,166,0,0,59,1,60,45,56,118,7,226,26,0,26,252
10/19/2010,SAV,GA,ASO,ES,Combined TRACON& Tower with Radar,45,75,57,10,187,0,0,44,2,46,45,75,101,12,233,16,0,16,249
10/20/2010,SAV,GA,ASO,ES,Combined TRACON& Tower with Radar,46,72,61,18,197,0,3,30,4,37,46,75,91,22,234,32,6,38,272
10/21/2010,SAV,GA,ASO,ES,Combined TRACON& Tower with Radar,44,71,45,12,172,0,5,36,6,47,44,76,81,18,219,62,22,84,303
10/22/2010,SAV,GA,ASO,ES,Combined TRACON& Tower with Radar,44,75,78,31,228,0,1,40,7,48,44,76,118,38,276,56,12,68,344
10/23/2010,SAV,GA,ASO,ES,Combined TRACON& Tower with Radar,40,64,38,10,152,0,1,53,10,64,40,65,91,20,216,16,6,22,238
10/24/2010,SAV,GA,ASO,ES,Combined TRACON& Tower with Radar,50,49,61,13,173,0,0,40,5,45,50,49,101,18,218,12,0,12,230
10/25/2010,SAV,GA,ASO,ES,Combined TRACON& Tower with Radar,45,58,37,18,158,0,2,23,5,30,45,60,60,23,188,15,0,15,203
10/26/2010,SAV,GA,ASO,ES,Combined TRACON& Tower with Radar,44,66,55,6,171,0,2,26,4,32,44,68,81,10,203,0,0,0,203
10/27/2010,SAV,GA,ASO,ES,Combined TRACON& Tower with Radar,34,62,86,7,189,0,3,18,3,24,34,65,104,10,213,50,0,50,263
10/28/2010,SAV,GA,ASO,ES,Combined TRACON& Tower with Radar,46,67,89,13,215,0,0,27,3,30,46,67,116,16,245,6,0,6,251
10/29/2010,SAV,GA,ASO,ES,Combined TRACON& Tower with Radar,43,72,79,11,205,0,1,69,1,71,43,73,148,12,276,43,0,43,319
10/30/2010,SAV,GA,ASO,ES,Combined TRACON& Tower with Radar,40,56,44,4,144,0,1,64,0,65,40,57,108,4,209,14,0,14,223
10/31/2010,SAV,GA,ASO,ES,Combined TRACON& Tower with Radar,42,60,61,10,173,0,1,63,3,67,42,61,124,13,240,104,0,104,344
11/01/2010,SAV,GA,ASO,ES,Combined TRACON& Tower with Radar,40,64,54,9,167,0,1,43,1,45,40,65,97,10,212,18,0,18,230
11/02/2010,SAV,GA,ASO,ES,Combined TRACON& Tower with Radar,44,71,54,22,191,0,3,10,0,13,44,74,64,22,204,6,2,8,212
11/03/2010,SAV,GA,ASO,ES,Combined TRACON& Tower with Radar,44,69,67,17,197,0,0,9,3,12,44,69,76,20,209,48,2,50,259
11/04/2010,SAV,GA,ASO,ES,Combined TRACON& Tower with Radar,46,65,54,5,170,0,0,5,3,8,46,65,59,8,178,0,1,1,179
11/05/2010,SAV,GA,ASO,ES,Combined TRACON& Tower with Radar,49,72,75,57,253,0,1,59,15,75,49,73,134,72,328,36,26,62,390
11/06/2010,SAV,GA,ASO,ES,Combined TRACON& Tower with Radar,36,67,56,8,167,0,3,55,6,64,36,70,111,14,231,36,10,46,277
11/07/2010,SAV,GA,ASO,ES,Combined TRACON& Tower with Radar,43,66,57,25,191,0,2,43,12,57,43,68,100,37,248,36,0,36,284
11/08/2010,SAV,GA,ASO,ES,Combined TRACON& Tower with Radar,47,59,49,58,213,0,1,57,3,61,47,60,106,61,274,38,26,64,338
11/09/2010,SAV,GA,ASO,ES,Combined TRACON& Tower with Radar,48,63,63,76,250,0,2,56,8,66,48,65,119,84,316,64,4,68,384
11/10/2010,SAV,GA,ASO,ES,Combined TRACON& Tower with Radar,46,60,58,51,215,0,5,58,4,67,46,65,116,55,282,122,4,126,408
11/11/2010,SAV,GA,ASO,ES,Combined TRACON& Tower with Radar,48,61,73,52,234,0,0,55,11,66,48,61,128,63,300,40,10,50,350
11/12/2010,SAV,GA,ASO,ES,Combined TRACON& Tower with Radar,47,68,49,41,205,0,0,84,8,92,47,68,133,49,297,80,0,80,377
11/13/2010,SAV,GA,ASO,ES,Combined TRACON& Tower with Radar,33,58,47,12,150,0,0,77,3,80,33,58,124,15,230,116,4,120,350
11/14/2010,SAV,GA,ASO,ES,Combined TRACON& Tower with Radar,44,65,57,5,171,0,0,57,0,57,44,65,114,5,228,72,0,72,300
11/15/2010,SAV,GA,ASO,ES,Combined TRACON& Tower with Radar,45,62,51,53,211,0,2,25,7,34,45,64,76,60,245,20,20,40,285
11/16/2010,SAV,GA,ASO,ES,Combined TRACON& Tower with Radar,48,60,46,41,195,0,1,14,2,17,48,61,60,43,212,36,18,54,266
11/17/2010,SAV,GA,ASO,ES,Combined TRACON& Tower with Radar,47,56,68,47,218,0,0,63,3,66,47,56,131,50,284,34,0,34,318
11/18/2010,SAV,GA,ASO,ES,Combined TRACON& Tower with Radar,49,57,70,45,221,0,0,67,0,67,49,57,137,45,288,120,6,126,414
11/19/2010,SAV,GA,ASO,ES,Combined TRACON& Tower with Radar,49,63,70,21,203,0,0,67,7,74,49,63,137,28,277,90,0,90,367
11/20/2010,SAV,GA,ASO,ES,Combined TRACON& Tower with Radar,34,54,41,14,143,0,2,60,1,63,34,56,101,15,206,104,4,108,314
11/21/2010,SAV,GA,ASO,ES,Combined TRACON& Tower with Radar,45,43,64,17,169,0,0,60,3,63,45,43,124,20,232,30,0,30,262
11/22/2010,SAV,GA,ASO,ES,Combined TRACON& Tower with Radar,44,63,76,10,193,0,0,51,5,56,44,63,127,15,249,24,26,50,299
11/23/2010,SAV,GA,ASO,ES,Combined TRACON& Tower with Radar,46,81,70,12,209,0,1,46,2,49,46,82,116,14,258,41,0,41,299
11/24/2010,SAV,GA,ASO,ES,Combined TRACON& Tower with Radar,47,64,69,5,185,0,0,17,0,17,47,64,86,5,202,75,0,75,277
11/25/2010,SAV,GA,ASO,ES,Combined TRACON& Tower with Radar,28,29,22,0,79,0,0,13,0,13,28,29,35,0,92,23,0,23,115
11/26/2010,SAV,GA,ASO,ES,Combined TRACON& Tower with Radar,33,46,17,0,96,0,0,7,0,7,33,46,24,0,103,2,0,2,105
11/27/2010,SAV,GA,ASO,ES,Combined TRACON& Tower with Radar,31,70,45,3,149,0,1,76,2,79,31,71,121,5,228,76,0,76,304
11/28/2010,SAV,GA,ASO,ES,Combined TRACON& Tower with Radar,44,85,85,9,223,0,1,48,1,50,44,86,133,10,273,67,10,77,350
11/29/2010,SAV,GA,ASO,ES,Combined TRACON& Tower with Radar,43,74,58,27,202,0,2,23,5,30,43,76,81,32,232,72,8,80,312
11/30/2010,SAV,GA,ASO,ES,Combined TRACON& Tower with Radar,39,72,58,8,177,0,0,3,3,6,39,72,61,11,183,0,8,8,191
12/01/2010,SAV,GA,ASO,ES,Combined TRACON& Tower with Radar,42,52,57,17,168,0,0,14,3,17,42,52,71,20,185,18,10,28,213
12/02/2010,SAV,GA,ASO,ES,Combined TRACON& Tower with Radar,41,64,75,10,190,0,3,60,5,68,41,67,135,15,258,48,2,50,308
12/03/2010,SAV,GA,ASO,ES,Combined TRACON& Tower with Radar,42,69,76,43,230,0,1,60,4,65,42,70,136,47,295,75,30,105,400
12/04/2010,SAV,GA,ASO,ES,Combined TRACON& Tower with Radar,26,60,43,19,148,0,0,45,3,48,26,60,88,22,196,38,2,40,236
12/05/2010,SAV,GA,ASO,ES,Combined TRACON& Tower with Radar,40,51,61,17,169,0,2,51,3,56,40,53,112,20,225,58,0,58,283
12/06/2010,SAV,GA,ASO,ES,Combined TRACON& Tower with Radar,38,49,53,11,151,0,7,25,7,39,38,56,78,18,190,18,0,18,208
12/07/2010,SAV,GA,ASO,ES,Combined TRACON& Tower with Radar,38,56,46,7,147,0,3,42,3,48,38,59,88,10,195,6,8,14,209
12/08/2010,SAV,GA,ASO,ES,Combined TRACON& Tower with Radar,39,60,87,10,196,0,1,46,1,48,39,61,133,11,244,90,4,94,338
12/09/2010,SAV,GA,ASO,ES,Combined TRACON& Tower with Radar,45,62,72,11,190,0,0,67,1,68,45,62,139,12,258,96,0,96,354
12/10/2010,SAV,GA,ASO,ES,Combined TRACON& Tower with Radar,42,63,76,18,199,0,2,53,11,66,42,65,129,29,265,30,0,30,295
12/11/2010,SAV,GA,ASO,ES,Combined TRACON& Tower with Radar,26,66,42,5,139,0,0,0,0,0,26,66,42,5,139,0,0,0,139
12/12/2010,SAV,GA,ASO,ES,Combined TRACON& Tower with Radar,36,43,26,8,113,0,0,3,8,11,36,43,29,16,124,4,0,4,128
12/13/2010,SAV,GA,ASO,ES,Combined TRACON& Tower with Radar,40,53,55,10,158,0,2,14,5,21,40,55,69,15,179,8,2,10,189
12/14/2010,SAV,GA,ASO,ES,Combined TRACON& Tower with Radar,38,49,50,9,146,0,0,25,6,31,38,49,75,15,177,58,16,74,251
12/15/2010,SAV,GA,ASO,ES,Combined TRACON& Tower with Radar,37,61,51,2,151,0,2,38,1,41,37,63,89,3,192,144,0,144,336
12/16/2010,SAV,GA,ASO,ES,Combined TRACON& Tower with Radar,43,52,53,8,156,0,7,29,1,37,43,59,82,9,193,54,0,54,247
12/17/2010,SAV,GA,ASO,ES,Combined TRACON& Tower with Radar,38,69,87,15,209,0,2,18,1,21,38,71,105,16,230,80,0,80,310
12/18/2010,SAV,GA,ASO,ES,Combined TRACON& Tower with Radar,29,73,29,2,133,0,0,0,0,0,29,73,29,2,133,0,0,0,133
12/19/2010,SAV,GA,ASO,ES,Combined TRACON& Tower with Radar,36,69,45,15,165,0,2,29,2,33,36,71,74,17,198,35,4,39,237
12/20/2010,SAV,GA,ASO,ES,Combined TRACON& Tower with Radar,37,52,54,9,152,0,4,43,3,50,37,56,97,12,202,28,7,35,237
12/21/2010,SAV,GA,ASO,ES,Combined TRACON& Tower with Radar,39,72,61,19,191,0,1,65,0,66,39,73,126,19,257,32,0,32,289
12/22/2010,SAV,GA,ASO,ES,Combined TRACON& Tower with Radar,37,74,57,11,179,0,0,15,1,16,37,74,72,12,195,72,4,76,271
12/23/2010,SAV,GA,ASO,ES,Combined TRACON& Tower with Radar,38,65,35,0,138,0,0,54,0,54,38,65,89,0,192,52,0,52,244
12/24/2010,SAV,GA,ASO,ES,Combined TRACON& Tower with Radar,35,48,22,0,105,0,1,24,0,25,35,49,46,0,130,69,0,69,199
12/25/2010,SAV,GA,ASO,ES,Combined TRACON& Tower with Radar,19,60,11,0,90,0,0,14,0,14,19,60,25,0,104,0,0,0,104
12/26/2010,SAV,GA,ASO,ES,Combined TRACON& Tower with Radar,38,50,40,0,128,0,0,2,0,2,38,50,42,0,130,0,0,0,130
12/27/2010,SAV,GA,ASO,ES,Combined TRACON& Tower with Radar,36,71,45,12,164,0,0,23,3,26,36,71,68,15,190,18,16,34,224
12/28/2010,SAV,GA,ASO,ES,Combined TRACON& Tower with Radar,35,76,49,8,168,0,0,68,2,70,35,76,117,10,238,46,0,46,284
12/29/2010,SAV,GA,ASO,ES,Combined TRACON& Tower with Radar,38,78,38,8,162,0,0,64,1,65,38,78,102,9,227,36,0,36,263
12/30/2010,SAV,GA,ASO,ES,Combined TRACON& Tower with Radar,39,97,41,18,195,0,0,47,0,47,39,97,88,18,242,169,8,177,419
12/31/2010,SAV,GA,ASO,ES,Combined TRACON& Tower with Radar,32,52,36,0,120,0,0,41,0,41,32,52,77,0,161,72,0,72,233
01/01/2011,SAV,GA,ASO,ES,Combined TRACON& Tower with Radar,28,71,37,1,137,0,0,24,0,24,28,71,61,1,161,60,0,60,221
01/02/2011,SAV,GA,ASO,ES,Combined TRACON& Tower with Radar,36,64,75,0,175,0,2,17,0,19,36,66,92,0,194,22,0,22,216
01/03/2011,SAV,GA,ASO,ES,Combined TRACON& Tower with Radar,33,67,44,5,149,0,0,51,1,52,33,67,95,6,201,96,0,96,297
01/04/2011,SAV,GA,ASO,ES,Combined TRACON& Tower with Radar,35,67,40,8,150,0,1,46,0,47,35,68,86,8,197,54,0,54,251
01/05/2011,SAV,GA,ASO,ES,Combined TRACON& Tower with Radar,36,62,64,9,171,0,0,12,0,12,36,62,76,9,183,78,0,78,261
01/06/2011,SAV,GA,ASO,ES,Combined TRACON& Tower with Radar,38,68,56,15,177,0,0,17,3,20,38,68,73,18,197,66,4,70,267
01/07/2011,SAV,GA,ASO,ES,Combined TRACON& Tower with Radar,36,64,45,21,166,0,1,37,6,44,36,65,82,27,210,42,4,46,256
01/08/2011,SAV,GA,ASO,ES,Combined TRACON& Tower with Radar,26,41,41,6,114,0,0,33,9,42,26,41,74,15,156,14,0,14,170
01/09/2011,SAV,GA,ASO,ES,Combined TRACON& Tower with Radar,24,51,50,11,136,0,0,55,15,70,24,51,105,26,206,53,0,53,259
01/10/2011,SAV,GA,ASO,ES,Combined TRACON& Tower with Radar,13,55,20,0,88,0,0,0,0,0,13,55,20,0,88,0,0,0,88
01/11/2011,SAV,GA,ASO,ES,Combined TRACON& Tower with Radar,9,51,46,0,106,0,0,0,0,0,9,51,46,0,106,0,0,0,106
01/12/2011,SAV,GA,ASO,ES,Combined TRACON& Tower with Radar,35,49,49,15,148,0,0,12,3,15,35,49,61,18,163,14,0,14,177
01/13/2011,SAV,GA,ASO,ES,Combined TRACON& Tower with Radar,37,61,67,5,170,0,0,77,1,78,37,61,144,6,248,66,0,66,314
01/14/2011,SAV,GA,ASO,ES,Combined TRACON& Tower with Radar,39,69,67,9,184,0,4,74,7,85,39,73,141,16,269,58,0,58,327
01/15/2011,SAV,GA,ASO,ES,Combined TRACON& Tower with Radar,27,53,59,19,158,0,11,90,5,106,27,64,149,24,264,119,14,133,397
01/16/2011,SAV,GA,ASO,ES,Combined TRACON& Tower with Radar,34,43,41,10,128,0,6,48,5,59,34,49,89,15,187,150,0,150,337
01/17/2011,SAV,GA,ASO,ES,Combined TRACON& Tower with Radar,38,68,47,9,162,0,6,9,2,17,38,74,56,11,179,42,20,62,241
01/18/2011,SAV,GA,ASO,ES,Combined TRACON& Tower with Radar,35,77,61,14,187,0,0,4,0,4,35,77,65,14,191,4,0,4,195
01/19/2011,SAV,GA,ASO,ES,Combined TRACON& Tower with Radar,36,63,70,10,179,0,4,37,0,41,36,67,107,10,220,44,2,46,266
01/20/2011,SAV,GA,ASO,ES,Combined TRACON& Tower with Radar,41,75,71,10,197,0,4,62,0,66,41,79,133,10,263,136,0,136,399
01/21/2011,SAV,GA,ASO,ES,Combined TRACON& Tower with Radar,38,66,62,19,185,0,8,46,4,58,38,74,108,23,243,142,6,148,391
01/22/2011,SAV,GA,ASO,ES,Combined TRACON& Tower with Radar,30,61,24,19,134,0,6,55,8,69,30,67,79,27,203,166,0,166,369
01/23/2011,SAV,GA,ASO,ES,Combined TRACON& Tower with Radar,34,51,51,21,157,0,0,65,14,79,34,51,116,35,236,78,0,78,314
01/24/2011,SAV,GA,ASO,ES,Combined TRACON& Tower with Radar,36,70,59,20,185,0,1,45,4,50,36,71,104,24,235,62,6,68,303
01/25/2011,SAV,GA,ASO,ES,Combined TRACON& Tower with Radar,37,63,29,4,133,0,0,0,0,0,37,63,29,4,133,4,0,4,137
01/26/2011,SAV,GA,ASO,ES,Combined TRACON& Tower with Radar,29,56,50,17,152,0,1,6,1,8,29,57,56,18,160,14,14,28,188
01/27/2011,SAV,GA,ASO,ES,Combined TRACON& Tower with Radar,39,89,79,15,222,0,1,70,7,78,39,90,149,22,300,126,0,126,426
01/28/2011,SAV,GA,ASO,ES,Combined TRACON& Tower with Radar,35,81,73,28,217,0,2,46,10,58,35,83,119,38,275,56,0,56,331
01/29/2011,SAV,GA,ASO,ES,Combined TRACON& Tower with Radar,26,62,64,13,165,0,2,74,1,77,26,64,138,14,242,106,0,106,348
01/30/2011,SAV,GA,ASO,ES,Combined TRACON& Tower with Radar,34,54,54,24,166,0,5,56,7,68,34,59,110,31,234,61,8,69,303
01/31/2011,SAV,GA,ASO,ES,Combined TRACON& Tower with Radar,35,54,40,19,148,0,1,22,0,23,35,55,62,19,171,6,0,6,177
02/01/2011,SAV,GA,ASO,ES,Combined TRACON& Tower with Radar,37,42,38,32,149,0,0,3,0,3,37,42,41,32,152,0,0,0,152
02/02/2011,SAV,GA,ASO,ES,Combined TRACON& Tower with Radar,33,47,66,9,155,0,2,35,3,40,33,49,101,12,195,48,0,48,243
02/03/2011,SAV,GA,ASO,ES,Combined TRACON& Tower with Radar,39,56,63,9,167,0,0,35,3,38,39,56,98,12,205,145,0,145,350
02/04/2011,SAV,GA,ASO,ES,Combined TRACON& Tower with Radar,34,51,36,1,122,0,0,0,0,0,34,51,36,1,122,0,0,0,122
02/05/2011,SAV,GA,ASO,ES,Combined TRACON& Tower with Radar,27,55,33,27,142,0,0,2,0,2,27,55,35,27,144,16,0,16,160
02/06/2011,SAV,GA,ASO,ES,Combined TRACON& Tower with Radar,33,53,59,12,157,0,5,69,8,82,33,58,128,20,239,41,0,41,280
02/07/2011,SAV,GA,ASO,ES,Combined TRACON& Tower with Radar,33,79,47,3,162,0,0,0,0,0,33,79,47,3,162,4,0,4,166
02/08/2011,SAV,GA,ASO,ES,Combined TRACON& Tower with Radar,36,79,93,12,220,0,1,45,3,49,36,80,138,15,269,54,14,68,337
02/09/2011,SAV,GA,ASO,ES,Combined TRACON& Tower with Radar,33,81,68,5,187,0,4,47,4,55,33,85,115,9,242,124,0,124,366
02/10/2011,SAV,GA,ASO,ES,Combined TRACON& Tower with Radar,37,90,75,3,205,0,0,2,0,2,37,90,77,3,207,34,0,34,241
02/11/2011,SAV,GA,ASO,ES,Combined TRACON& Tower with Radar,36,72,75,42,225,0,5,58,6,69,36,77,133,48,294,72,24,96,390
02/12/2011,SAV,GA,ASO,ES,Combined TRACON& Tower with Radar,28,53,46,45,172,0,3,67,6,76,28,56,113,51,248,40,52,92,340
02/13/2011,SAV,GA,ASO,ES,Combined TRACON& Tower with Radar,34,47,44,13,138,0,0,81,4,85,34,47,125,17,223,46,20,66,289
02/14/2011,SAV,GA,ASO,ES,Combined TRACON& Tower with Radar,33,60,27,7,127,0,2,37,1,40,33,62,64,8,167,36,0,36,203
02/15/2011,SAV,GA,ASO,ES,Combined TRACON& Tower with Radar,37,59,68,12,176,0,4,40,5,49,37,63,108,17,225,26,0,26,251
02/16/2011,SAV,GA,ASO,ES,Combined TRACON& Tower with Radar,34,64,73,13,184,0,3,38,2,43,34,67,111,15,227,66,0,66,293
02/17/2011,SAV,GA,ASO,ES,Combined TRACON& Tower with Radar,34,100,96,24,254,0,2,84,2,88,34,102,180,26,342,182,4,186,528
02/18/2011,SAV,GA,ASO,ES,Combined TRACON& Tower with Radar,36,81,94,12,223,0,2,74,1,77,36,83,168,13,300,148,0,148,448
02/19/2011,SAV,GA,ASO,ES,Combined TRACON& Tower with Radar,30,54,51,31,166,0,5,79,4,88,30,59,130,35,254,134,0,134,388
02/20/2011,SAV,GA,ASO,ES,Combined TRACON& Tower with Radar,36,72,66,13,187,0,1,65,4,70,36,73,131,17,257,111,0,111,368
02/21/2011,SAV,GA,ASO,ES,Combined TRACON& Tower with Radar,33,54,66,3,156,0,1,33,1,35,33,55,99,4,191,6,0,6,197
02/22/2011,SAV,GA,ASO,ES,Combined TRACON& Tower with Radar,38,61,106,9,214,0,0,29,5,34,38,61,135,14,248,44,4,48,296
02/23/2011,SAV,GA,ASO,ES,Combined TRACON& Tower with Radar,36,72,81,10,199,0,0,35,6,41,36,72,116,16,240,22,14,36,276
02/24/2011,SAV,GA,ASO,ES,Combined TRACON& Tower with Radar,36,75,72,3,186,0,9,42,1,52,36,84,114,4,238,104,0,104,342
02/25/2011,SAV,GA,ASO,ES,Combined TRACON& Tower with Radar,38,64,62,9,173,0,5,14,2,21,38,69,76,11,194,6,0,6,200
02/26/2011,SAV,GA,ASO,ES,Combined TRACON& Tower with Radar,30,57,76,14,177,0,4,67,5,76,30,61,143,19,253,108,10,118,371
02/27/2011,SAV,GA,ASO,ES,Combined TRACON& Tower with Radar,40,56,56,13,165,0,0,55,1,56,40,56,111,14,221,62,0,62,283
02/28/2011,SAV,GA,ASO,ES,Combined TRACON& Tower with Radar,37,49,44,1,131,0,0,23,2,25,37,49,67,3,156,48,0,48,204
03/01/2011,SAV,GA,ASO,ES,Combined TRACON& Tower with Radar,36,70,65,2,173,0,2,21,0,23,36,72,86,2,196,2,0,2,198
03/02/2011,SAV,GA,ASO,ES,Combined TRACON& Tower with Radar,37,64,62,10,173,0,3,52,0,55,37,67,114,10,228,40,0,40,268
03/03/2011,SAV,GA,ASO,ES,Combined TRACON& Tower with Radar,39,78,68,7,192,0,3,37,4,44,39,81,105,11,236,20,0,20,256
03/04/2011,SAV,GA,ASO,ES,Combined TRACON& Tower with Radar,38,78,78,20,214,0,0,19,4,23,38,78,97,24,237,16,2,18,255
03/05/2011,SAV,GA,ASO,ES,Combined TRACON& Tower with Radar,32,63,60,10,165,0,0,22,3,25,32,63,82,13,190,70,18,88,278
03/06/2011,SAV,GA,ASO,ES,Combined TRACON& Tower with Radar,46,65,47,3,161,0,0,11,3,14,46,65,58,6,175,32,6,38,213
03/07/2011,SAV,GA,ASO,ES,Combined TRACON& Tower with Radar,35,73,56,8,172,0,0,58,1,59,35,73,114,9,231,78,0,78,309
03/08/2011,SAV,GA,ASO,ES,Combined TRACON& Tower with Radar,39,72,59,14,184,0,1,46,2,49,39,73,105,16,233,48,0,48,281
03/09/2011,SAV,GA,ASO,ES,Combined TRACON& Tower with Radar,34,65,41,10,150,0,2,12,9,23,34,67,53,19,173,10,8,18,191
03/10/2011,SAV,GA,ASO,ES,Combined TRACON& Tower with Radar,36,66,55,8,165,0,1,10,2,13,36,67,65,10,178,99,2,101,279
03/11/2011,SAV,GA,ASO,ES,Combined TRACON& Tower with Radar,37,79,78,5,199,0,1,56,2,59,37,80,134,7,258,56,0,56,314
03/12/2011,SAV,GA,ASO,ES,Combined TRACON& Tower with Radar,33,60,71,27,191,0,0,65,8,73,33,60,136,35,264,129,16,145,409
03/13/2011,SAV,GA,ASO,ES,Combined TRACON& Tower with Radar,44,66,65,8,183,0,0,78,2,80,44,66,143,10,263,82,2,84,347
03/14/2011,SAV,GA,ASO,ES,Combined TRACON& Tower with Radar,35,65,46,13,159,0,1,52,10,63,35,66,98,23,222,73,0,73,295
03/15/2011,SAV,GA,ASO,ES,Combined TRACON& Tower with Radar,36,65,57,16,174,0,0,28,7,35,36,65,85,23,209,94,8,102,311
03/16/2011,SAV,GA,ASO,ES,Combined TRACON& Tower with Radar,36,64,84,22,206,0,0,37,6,43,36,64,121,28,249,16,6,22,271
03/17/2011,SAV,GA,ASO,ES,Combined TRACON& Tower with Radar,43,75,30,43,191,0,2,50,5,57,43,77,80,48,248,76,28,104,352
03/18/2011,SAV,GA,ASO,ES,Combined TRACON& Tower with Radar,36,63,67,39,205,0,0,81,7,88,36,63,148,46,293,10,6,16,309
03/19/2011,SAV,GA,ASO,ES,Combined TRACON& Tower with Radar,36,63,56,10,165,0,1,93,4,98,36,64,149,14,263,151,18,169,432
03/20/2011,SAV,GA,ASO,ES,Combined TRACON& Tower with Radar,48,66,58,10,182,0,0,37,1,38,48,66,95,11,220,26,0,26,246
03/21/2011,SAV,GA,ASO,ES,Combined TRACON& Tower with Radar,32,81,59,14,186,0,0,44,7,51,32,81,103,21,237,40,6,46,283
03/22/2011,SAV,GA,ASO,ES,Combined TRACON& Tower with Radar,40,68,61,20,189,0,2,73,7,82,40,70,134,27,271,30,22,52,323
03/23/2011,SAV,GA,ASO,ES,Combined TRACON& Tower with Radar,35,65,63,20,183,0,1,44,3,48,35,66,107,23,231,16,4,20,251
03/24/2011,SAV,GA,ASO,ES,Combined TRACON& Tower with Radar,40,76,53,15,184,0,3,35,1,39,40,79,88,16,223,52,8,60,283
03/25/2011,SAV,GA,ASO,ES,Combined TRACON& Tower with Radar,38,97,72,18,225,0,6,81,0,87,38,103,153,18,312,122,2,124,436
03/26/2011,SAV,GA,ASO,ES,Combined TRACON& Tower with Radar,33,63,60,13,169,0,0,76,0,76,33,63,136,13,245,186,2,188,433
03/27/2011,SAV,GA,ASO,ES,Combined TRACON& Tower with Radar,44,76,46,2,168,0,0,24,0,24,44,76,70,2,192,52,0,52,244
03/28/2011,SAV,GA,ASO,ES,Combined TRACON& Tower with Radar,35,69,49,8,161,0,0,0,0,0,35,69,49,8,161,0,0,0,161
03/29/2011,SAV,GA,ASO,ES,Combined TRACON& Tower with Radar,38,67,78,20,203,0,0,24,0,24,38,67,102,20,227,112,10,122,349
03/30/2011,SAV,GA,ASO,ES,Combined TRACON& Tower with Radar,39,72,41,4,156,0,0,0,0,0,39,72,41,4,156,0,0,0,156
03/31/2011,SAV,GA,ASO,ES,Combined TRACON& Tower with Radar,37,81,74,10,202,0,0,1,1,2,37,81,75,11,204,0,0,0,204
04/01/2011,SAV,GA,ASO,ES,Combined TRACON& Tower with Radar,45,80,88,14,227,0,4,55,0,59,45,84,143,14,286,18,0,18,304
04/02/2011,SAV,GA,ASO,ES,Combined TRACON& Tower with Radar,32,64,43,11,150,0,2,61,0,63,32,66,104,11,213,52,2,54,267
04/03/2011,SAV,GA,ASO,ES,Combined TRACON& Tower with Radar,38,76,87,15,216,0,0,64,0,64,38,76,151,15,280,90,0,90,370
04/04/2011,SAV,GA,ASO,ES,Combined TRACON& Tower with Radar,37,76,53,10,176,0,0,26,0,26,37,76,79,10,202,50,0,50,252
04/05/2011,SAV,GA,ASO,ES,Combined TRACON& Tower with Radar,45,69,44,14,172,0,0,7,0,7,45,69,51,14,179,20,0,20,199
04/06/2011,SAV,GA,ASO,ES,Combined TRACON& Tower with Radar,42,90,67,7,206,0,0,80,2,82,42,90,147,9,288,118,0,118,406
04/07/2011,SAV,GA,ASO,ES,Combined TRACON& Tower with Radar,42,106,70,11,229,0,0,58,0,58,42,106,128,11,287,14,0,14,301
04/08/2011,SAV,GA,ASO,ES,Combined TRACON& Tower with Radar,42,85,86,11,224,0,1,52,1,54,42,86,138,12,278,158,0,158,436
04/09/2011,SAV,GA,ASO,ES,Combined TRACON& Tower with Radar,36,74,66,4,180,0,0,52,1,53,36,74,118,5,233,84,0,84,317
04/10/2011,SAV,GA,ASO,ES,Combined TRACON& Tower with Radar,41,74,75,8,198,0,0,57,1,58,41,74,132,9,256,20,18,38,294
04/11/2011,SAV,GA,ASO,ES,Combined TRACON& Tower with Radar,37,82,65,19,203,0,0,38,2,40,37,82,103,21,243,20,20,40,283
04/12/2011,SAV,GA,ASO,ES,Combined TRACON& Tower with Radar,43,81,52,4,180,0,0,21,2,23,43,81,73,6,203,96,4,100,303
04/13/2011,SAV,GA,ASO,ES,Combined TRACON& Tower with Radar,44,74,67,3,188,0,2,47,3,52,44,76,114,6,240,92,2,94,334
04/14/2011,SAV,GA,ASO,ES,Combined TRACON& Tower with Radar,43,73,70,7,193,0,0,49,1,50,43,73,119,8,243,84,16,100,343
04/15/2011,SAV,GA,ASO,ES,Combined TRACON& Tower with Radar,39,76,70,38,223,0,0,36,1,37,39,76,106,39,260,18,32,50,310
04/16/2011,SAV,GA,ASO,ES,Combined TRACON& Tower with Radar,36,57,22,1,116,0,0,2,0,2,36,57,24,1,118,0,0,0,118
04/17/2011,SAV,GA,ASO,ES,Combined TRACON& Tower with Radar,38,65,69,8,180,0,1,67,4,72,38,66,136,12,252,54,0,54,306
04/18/2011,SAV,GA,ASO,ES,Combined TRACON& Tower with Radar,41,70,65,8,184,0,0,68,4,72,41,70,133,12,256,96,0,96,352
04/19/2011,SAV,GA,ASO,ES,Combined TRACON& Tower with Radar,39,80,67,16,202,0,0,64,6,70,39,80,131,22,272,66,4,70,342
04/20/2011,SAV,GA,ASO,ES,Combined TRACON& Tower with Radar,44,76,74,15,209,0,0,64,3,67,44,76,138,18,276,40,10,50,326
04/21/2011,SAV,GA,ASO,ES,Combined TRACON& Tower with Radar,44,91,87,11,233,0,0,39,4,43,44,91,126,15,276,42,12,54,330
04/22/2011,SAV,GA,ASO,ES,Combined TRACON& Tower with Radar,41,84,82,16,223,0,0,38,2,40,41,84,120,18,263,81,4,85,348
04/23/2011,SAV,GA,ASO,ES,Combined TRACON& Tower with Radar,34,69,48,13,164,0,0,57,3,60,34,69,105,16,224,24,0,24,248
04/24/2011,SAV,GA,ASO,ES,Combined TRACON& Tower with Radar,40,92,71,15,218,0,0,21,2,23,40,92,92,17,241,10,6,16,257
04/25/2011,SAV,GA,ASO,ES,Combined TRACON& Tower with Radar,42,64,91,9,206,0,0,40,0,40,42,64,131,9,246,64,0,64,310
04/26/2011,SAV,GA,ASO,ES,Combined TRACON& Tower with Radar,43,72,70,10,195,0,0,25,5,30,43,72,95,15,225,83,3,86,311
04/27/2011,SAV,GA,ASO,ES,Combined TRACON& Tower with Radar,35,73,63,24,195,0,0,16,1,17,35,73,79,25,212,30,2,32,244
04/28/2011,SAV,GA,ASO,ES,Combined TRACON& Tower with Radar,45,62,65,5,177,0,0,11,2,13,45,62,76,7,190,0,0,0,190
04/29/2011,SAV,GA,ASO,ES,Combined TRACON& Tower with Radar,43,77,89,45,254,0,0,72,12,84,43,77,161,57,338,26,20,46,384
04/30/2011,SAV,GA,ASO,ES,Combined TRACON& Tower with Radar,34,71,35,33,173,0,0,44,11,55,34,71,79,44,228,78,30,108,336
05/01/2011,SAV,GA,ASO,ES,Combined TRACON& Tower with Radar,40,71,68,27,206,0,0,37,2,39,40,71,105,29,245,40,6,46,291
05/02/2011,SAV,GA,ASO,ES,Combined TRACON& Tower with Radar,40,78,76,31,225,0,2,24,8,34,40,80,100,39,259,14,0,14,273
05/03/2011,SAV,GA,ASO,ES,Combined TRACON& Tower with Radar,40,63,67,19,189,0,1,35,13,49,40,64,102,32,238,76,0,76,314
05/04/2011,SAV,GA,ASO,ES,Combined TRACON& Tower with Radar,41,56,66,19,182,0,0,35,13,48,41,56,101,32,230,16,6,22,252
05/05/2011,SAV,GA,ASO,ES,Combined TRACON& Tower with Radar,40,79,63,17,199,0,1,71,6,78,40,80,134,23,277,46,30,76,353
05/06/2011,SAV,GA,ASO,ES,Combined TRACON& Tower with Radar,41,79,75,35,230,0,0,18,9,27,41,79,93,44,257,55,10,65,322
05/07/2011,SAV,GA,ASO,ES,Combined TRACON& Tower with Radar,39,66,44,5,154,0,2,71,2,75,39,68,115,7,229,48,0,48,277
05/08/2011,SAV,GA,ASO,ES,Combined TRACON& Tower with Radar,43,56,39,10,148,0,0,32,2,34,43,56,71,12,182,54,0,54,236
05/09/2011,SAV,GA,ASO,ES,Combined TRACON& Tower with Radar,40,59,66,20,185,0,1,37,10,48,40,60,103,30,233,99,0,99,332
05/10/2011,SAV,GA,ASO,ES,Combined TRACON& Tower with Radar,40,69,63,16,188,0,0,42,14,56,40,69,105,30,244,46,20,66,310
05/11/2011,SAV,GA,ASO,ES,Combined TRACON& Tower with Radar,43,63,78,21,205,0,1,40,10,51,43,64,118,31,256,12,8,20,276
05/12/2011,SAV,GA,ASO,ES,Combined TRACON& Tower with Radar,45,75,93,24,237,0,0,38,6,44,45,75,131,30,281,22,6,28,309
05/13/2011,SAV,GA,ASO,ES,Combined TRACON& Tower with Radar,41,65,61,21,188,0,0,41,8,49,41,65,102,29,237,22,8,30,267
05/14/2011,SAV,GA,ASO,ES,Combined TRACON& Tower with Radar,36,60,42,16,154,0,0,22,0,22,36,60,64,16,176,6,11,17,193
05/15/2011,SAV,GA,ASO,ES,Combined TRACON& Tower with Radar,45,55,64,20,184,0,1,49,3,53,45,56,113,23,237,42,4,46,283
05/16/2011,SAV,GA,ASO,ES,Combined TRACON& Tower with Radar,40,62,51,7,160,0,0,13,0,13,40,62,64,7,173,10,0,10,183
05/17/2011,SAV,GA,ASO,ES,Combined TRACON& Tower with Radar,40,70,56,12,178,0,0,32,3,35,40,70,88,15,213,56,6,62,275
05/18/2011,SAV,GA,ASO,ES,Combined TRACON& Tower with Radar,41,68,55,8,172,0,0,50,1,51,41,68,105,9,223,64,0,64,287
05/19/2011,SAV,GA,ASO,ES,Combined TRACON& Tower with Radar,42,67,63,8,180,0,0,69,2,71,42,67,132,10,251,54,0,54,305
05/20/2011,SAV,GA,ASO,ES,Combined TRACON& Tower with Radar,41,65,72,11,189,0,0,58,11,69,41,65,130,22,258,76,6,82,340
05/21/2011,SAV,GA,ASO,ES,Combined TRACON& Tower with Radar,39,63,41,6,149,0,2,68,6,76,39,65,109,12,225,52,6,58,283
05/22/2011,SAV,GA,ASO,ES,Combined TRACON& Tower with Radar,42,53,49,12,156,0,0,59,0,59,42,53,108,12,215,70,0,70,285
05/23/2011,SAV,GA,ASO,ES,Combined TRACON& Tower with Radar,38,52,82,13,185,0,0,48,3,51,38,52,130,16,236,32,4,36,272
05/24/2011,SAV,GA,ASO,ES,Combined TRACON& Tower with Radar,40,61,50,10,161,0,1,41,5,47,40,62,91,15,208,44,12,56,264
05/25/2011,SAV,GA,ASO,ES,Combined TRACON& Tower with Radar,40,68,53,11,172,0,0,37,3,40,40,68,90,14,212,26,1,27,239
05/26/2011,SAV,GA,ASO,ES,Combined TRACON& Tower with Radar,44,72,70,13,199,0,3,51,4,58,44,75,121,17,257,94,4,98,355
05/27/2011,SAV,GA,ASO,ES,Combined TRACON& Tower with Radar,41,65,68,12,186,0,0,32,0,32,41,65,100,12,218,22,14,36,254
05/28/2011,SAV,GA,ASO,ES,Combined TRACON& Tower with Radar,46,61,20,6,133,0,0,56,3,59,46,61,76,9,192,57,4,61,253
05/29/2011,SAV,GA,ASO,ES,Combined TRACON& Tower with Radar,39,45,23,5,112,0,1,51,3,55,39,46,74,8,167,38,0,38,205
05/30/2011,SAV,GA,ASO,ES,Combined TRACON& Tower with Radar,48,49,55,4,156,0,1,48,0,49,48,50,103,4,205,74,2,76,281
05/31/2011,SAV,GA,ASO,ES,Combined TRACON& Tower with Radar,44,74,44,8,170,0,5,51,7,63,44,79,95,15,233,48,22,70,303
06/01/2011,SAV,GA,ASO,ES,Combined TRACON& Tower with Radar,45,63,51,13,172,0,0,41,7,48,45,63,92,20,220,12,0,12,232
06/02/2011,SAV,GA,ASO,ES,Combined TRACON& Tower with Radar,41,67,47,14,169,0,1,30,1,32,41,68,77,15,201,26,0,26,227
06/03/2011,SAV,GA,ASO,ES,Combined TRACON& Tower with Radar,41,74,50,13,178,0,3,57,6,66,41,77,107,19,244,34,4,38,282
06/04/2011,SAV,GA,ASO,ES,Combined TRACON& Tower with Radar,38,63,40,32,173,0,0,29,3,32,38,63,69,35,205,58,4,62,267
06/05/2011,SAV,GA,ASO,ES,Combined TRACON& Tower with Radar,38,65,56,17,176,0,0,55,4,59,38,65,111,21,235,36,16,52,287
06/06/2011,SAV,GA,ASO,ES,Combined TRACON& Tower with Radar,41,66,29,6,142,0,0,21,2,23,41,66,50,8,165,56,0,56,221
06/07/2011,SAV,GA,ASO,ES,Combined TRACON& Tower with Radar,41,84,67,6,198,0,0,22,2,24,41,84,89,8,222,54,0,54,276
06/08/2011,SAV,GA,ASO,ES,Combined TRACON& Tower with Radar,39,74,68,9,190,0,0,34,6,40,39,74,102,15,230,14,6,20,250
06/09/2011,SAV,GA,ASO,ES,Combined TRACON& Tower with Radar,38,58,67,12,175,0,1,43,7,51,38,59,110,19,226,55,6,61,287
06/10/2011,SAV,GA,ASO,ES,Combined TRACON& Tower with Radar,37,69,68,22,196,0,0,46,10,56,37,69,114,32,252,62,8,70,322
06/11/2011,SAV,GA,ASO,ES,Combined TRACON& Tower with Radar,38,63,58,9,168,0,1,53,16,70,38,64,111,25,238,94,0,94,332
06/12/2011,SAV,GA,ASO,ES,Combined TRACON& Tower with Radar,36,55,61,19,171,0,1,42,12,55,36,56,103,31,226,116,0,116,342
06/13/2011,SAV,GA,ASO,ES,Combined TRACON& Tower with Radar,37,74,64,10,185,0,0,36,5,41,37,74,100,15,226,79,0,79,305
06/14/2011,SAV,GA,ASO,ES,Combined TRACON& Tower with Radar,38,67,63,10,178,0,0,53,2,55,38,67,116,12,233,42,2,44,277
06/15/2011,SAV,GA,ASO,ES,Combined TRACON& Tower with Radar,49,69,62,10,190,0,1,23,0,24,49,70,85,10,214,52,0,52,266
06/16/2011,SAV,GA,ASO,ES,Combined TRACON& Tower with Radar,37,65,71,7,180,0,0,28,0,28,37,65,99,7,208,8,0,8,216
06/17/2011,SAV,GA,ASO,ES,Combined TRACON& Tower with Radar,39,62,81,11,193,0,2,56,1,59,39,64,137,12,252,54,0,54,306
06/18/2011,SAV,GA,ASO,ES,Combined TRACON& Tower with Radar,51,61,40,7,159,0,0,43,0,43,51,61,83,7,202,141,6,147,349
06/19/2011,SAV,GA,ASO,ES,Combined TRACON& Tower with Radar,37,68,45,7,157,0,0,51,2,53,37,68,96,9,210,164,0,164,374
06/20/2011,SAV,GA,ASO,ES,Combined TRACON& Tower with Radar,38,67,60,7,172,0,3,36,5,44,38,70,96,12,216,86,0,86,302
06/21/2011,SAV,GA,ASO,ES,Combined TRACON& Tower with Radar,38,69,49,9,165,0,0,31,5,36,38,69,80,14,201,112,3,115,316
06/22/2011,SAV,GA,ASO,ES,Combined TRACON& Tower with Radar,37,57,68,16,178,0,4,27,2,33,37,61,95,18,211,88,0,88,299
06/23/2011,SAV,GA,ASO,ES,Combined TRACON& Tower with Radar,38,73,49,14,174,0,0,8,2,10,38,73,57,16,184,43,4,47,231
06/24/2011,SAV,GA,ASO,ES,Combined TRACON& Tower with Radar,47,66,55,14,182,0,0,44,2,46,47,66,99,16,228,62,32,94,322
06/25/2011,SAV,GA,ASO,ES,Combined TRACON& Tower with Radar,43,68,54,15,180,0,2,38,1,41,43,70,92,16,221,110,10,120,341
06/26/2011,SAV,GA,ASO,ES,Combined TRACON& Tower with Radar,36,72,47,17,172,0,0,42,1,43,36,72,89,18,215,124,4,128,343
06/27/2011,SAV,GA,ASO,ES,Combined TRACON& Tower with Radar,37,61,51,8,157,0,0,39,1,40,37,61,90,9,197,94,0,94,291
06/28/2011,SAV,GA,ASO,ES,Combined TRACON& Tower with Radar,39,68,46,2,155,0,0,36,5,41,39,68,82,7,196,63,2,65,261
06/29/2011,SAV,GA,ASO,ES,Combined TRACON& Tower with Radar,39,71,53,4,167,0,3,23,2,28,39,74,76,6,195,10,0,10,205
06/30/2011,SAV,GA,ASO,ES,Combined TRACON& Tower with Radar,43,82,86,8,219,0,3,43,2,48,43,85,129,10,267,32,0,32,299
07/01/2011,SAV,GA,ASO,ES,Combined TRACON& Tower with Radar,37,74,71,9,191,0,0,75,0,75,37,74,146,9,266,274,0,274,540
07/02/2011,SAV,GA,ASO,ES,Combined TRACON& Tower with Radar,50,54,50,0,154,0,1,53,1,55,50,55,103,1,209,92,0,92,301
07/03/2011,SAV,GA,ASO,ES,Combined TRACON& Tower with Radar,35,47,28,2,112,0,0,41,0,41,35,47,69,2,153,56,0,56,209
07/04/2011,SAV,GA,ASO,ES,Combined TRACON& Tower with Radar,43,44,27,0,114,0,1,36,0,37,43,45,63,0,151,60,0,60,211
07/05/2011,SAV,GA,ASO,ES,Combined TRACON& Tower with Radar,43,52,55,8,158,0,1,13,1,15,43,53,68,9,173,12,0,12,185
07/06/2011,SAV,GA,ASO,ES,Combined TRACON& Tower with Radar,39,57,37,7,140,0,0,21,0,21,39,57,58,7,161,58,6,64,225
07/07/2011,SAV,GA,ASO,ES,Combined TRACON& Tower with Radar,41,78,61,5,185,0,3,53,1,57,41,81,114,6,242,82,0,82,324
07/08/2011,SAV,GA,ASO,ES,Combined TRACON& Tower with Radar,38,62,67,23,190,0,1,36,4,41,38,63,103,27,231,78,18,96,327
07/09/2011,SAV,GA,ASO,ES,Combined TRACON& Tower with Radar,48,68,45,15,176,0,1,17,5,23,48,69,62,20,199,92,0,92,291
07/10/2011,SAV,GA,ASO,ES,Combined TRACON& Tower with Radar,37,53,37,24,151,0,0,34,4,38,37,53,71,28,189,58,0,58,247
07/11/2011,SAV,GA,ASO,ES,Combined TRACON& Tower with Radar,40,55,41,23,159,0,0,24,1,25,40,55,65,24,184,0,2,2,186
07/12/2011,SAV,GA,ASO,ES,Combined TRACON& Tower with Radar,39,64,39,21,163,0,0,41,5,46,39,64,80,26,209,54,4,58,267
07/13/2011,SAV,GA,ASO,ES,Combined TRACON& Tower with Radar,47,64,55,14,180,0,0,62,7,69,47,64,117,21,249,78,20,98,347
07/14/2011,SAV,GA,ASO,ES,Combined TRACON& Tower with Radar,38,68,72,7,185,0,1,27,6,34,38,69,99,13,219,28,0,28,247
07/15/2011,SAV,GA,ASO,ES,Combined TRACON& Tower with Radar,41,67,50,22,180,0,0,15,1,16,41,67,65,23,196,26,0,26,222
07/16/2011,SAV,GA,ASO,ES,Combined TRACON& Tower with Radar,48,63,40,18,169,0,0,23,2,25,48,63,63,20,194,30,8,38,232
07/17/2011,SAV,GA,ASO,ES,Combined TRACON& Tower with Radar,37,57,34,10,138,0,0,42,4,46,37,57,76,14,184,78,34,112,296
07/18/2011,SAV,GA,ASO,ES,Combined TRACON& Tower with Radar,37,57,47,24,165,0,1,48,14,63,37,58,95,38,228,76,22,98,326
07/19/2011,SAV,GA,ASO,ES,Combined TRACON& Tower with Radar,39,65,52,31,187,0,1,73,13,87,39,66,125,44,274,100,2,102,376
07/20/2011,SAV,GA,ASO,ES,Combined TRACON& Tower with Radar,39,60,74,21,194,0,0,46,7,53,39,60,120,28,247,46,10,56,303
07/21/2011,SAV,GA,ASO,ES,Combined TRACON& Tower with Radar,38,63,68,29,198,0,0,45,7,52,38,63,113,36,250,200,21,221,471
07/22/2011,SAV,GA,ASO,ES,Combined TRACON& Tower with Radar,35,70,64,24,193,0,2,45,6,53,35,72,109,30,246,34,12,46,292
07/23/2011,SAV,GA,ASO,ES,Combined TRACON& Tower with Radar,50,61,27,16,154,0,1,66,2,69,50,62,93,18,223,52,0,52,275
07/24/2011,SAV,GA,ASO,ES,Combined TRACON& Tower with Radar,36,49,52,7,144,0,0,43,0,43,36,49,95,7,187,12,0,12,199
07/25/2011,SAV,GA,ASO,ES,Combined TRACON& Tower with Radar,46,55,50,11,162,0,0,19,4,23,46,55,69,15,185,16,0,16,201
07/26/2011,SAV,GA,ASO,ES,Combined TRACON& Tower with Radar,37,68,61,17,183,0,1,2,2,5,37,69,63,19,188,0,4,4,192
07/27/2011,SAV,GA,ASO,ES,Combined TRACON& Tower with Radar,34,61,43,20,158,0,0,5,3,8,34,61,48,23,166,36,6,42,208
07/28/2011,SAV,GA,ASO,ES,Combined TRACON& Tower with Radar,38,64,35,19,156,0,4,41,1,46,38,68,76,20,202,83,10,93,295
07/29/2011,SAV,GA,ASO,ES,Combined TRACON& Tower with Radar,38,62,58,18,176,0,1,52,4,57,38,63,110,22,233,48,8,56,289
07/30/2011,SAV,GA,ASO,ES,Combined TRACON& Tower with Radar,45,54,42,11,152,0,0,49,5,54,45,54,91,16,206,30,2,32,238
07/31/2011,SAV,GA,ASO,ES,Combined TRACON& Tower with Radar,38,45,48,8,139,0,0,27,2,29,38,45,75,10,168,26,0,26,194
08/01/2011,SAV,GA,ASO,ES,Combined TRACON& Tower with Radar,39,55,57,14,165,0,0,16,0,16,39,55,73,14,181,8,0,8,189
08/02/2011,SAV,GA,ASO,ES,Combined TRACON& Tower with Radar,43,77,68,8,196,0,0,44,0,44,43,77,112,8,240,20,4,24,264
08/03/2011,SAV,GA,ASO,ES,Combined TRACON& Tower with Radar,36,71,46,14,167,0,0,38,3,41,36,71,84,17,208,42,2,44,252
08/04/2011,SAV,GA,ASO,ES,Combined TRACON& Tower with Radar,38,79,42,12,171,0,1,27,6,34,38,80,69,18,205,30,32,62,267
08/05/2011,SAV,GA,ASO,ES,Combined TRACON& Tower with Radar,40,62,50,16,168,0,1,34,3,38,40,63,84,19,206,68,6,74,280
08/06/2011,SAV,GA,ASO,ES,Combined TRACON& Tower with Radar,47,54,26,7,134,0,0,48,1,49,47,54,74,8,183,52,0,52,235
08/07/2011,SAV,GA,ASO,ES,Combined TRACON& Tower with Radar,36,49,40,14,139,0,0,39,3,42,36,49,79,17,181,140,0,140,321
08/08/2011,SAV,GA,ASO,ES,Combined TRACON& Tower with Radar,39,80,40,9,168,0,0,17,3,20,39,80,57,12,188,8,0,8,196
08/09/2011,SAV,GA,ASO,ES,Combined TRACON& Tower with Radar,41,82,36,1,160,0,3,34,5,42,41,85,70,6,202,48,8,56,258
08/10/2011,SAV,GA,ASO,ES,Combined TRACON& Tower with Radar,38,68,57,12,175,0,2,48,4,54,38,70,105,16,229,92,7,99,328
08/11/2011,SAV,GA,ASO,ES,Combined TRACON& Tower with Radar,42,67,59,25,193,0,0,40,5,45,42,67,99,30,238,52,0,52,290
08/12/2011,SAV,GA,ASO,ES,Combined TRACON& Tower with Radar,40,61,35,26,162,0,0,36,10,46,40,61,71,36,208,12,0,12,220
08/13/2011,SAV,GA,ASO,ES,Combined TRACON& Tower with Radar,52,53,43,13,161,0,0,36,8,44,52,53,79,21,205,50,6,56,261
08/14/2011,SAV,GA,ASO,ES,Combined TRACON& Tower with Radar,36,52,35,21,144,0,0,37,8,45,36,52,72,29,189,72,0,72,261
08/15/2011,SAV,GA,ASO,ES,Combined TRACON& Tower with Radar,36,68,48,13,165,0,0,45,8,53,36,68,93,21,218,25,0,25,243
08/16/2011,SAV,GA,ASO,ES,Combined TRACON& Tower with Radar,36,73,60,15,184,0,0,59,4,63,36,73,119,19,247,32,6,38,285
08/17/2011,SAV,GA,ASO,ES,Combined TRACON& Tower with Radar,37,82,61,16,196,0,1,44,3,48,37,83,105,19,244,70,6,76,320
08/18/2011,SAV,GA,ASO,ES,Combined TRACON& Tower with Radar,35,77,50,21,183,0,0,29,6,35,35,77,79,27,218,14,0,14,232
08/19/2011,SAV,GA,ASO,ES,Combined TRACON& Tower with Radar,36,68,56,14,174,0,4,59,0,63,36,72,115,14,237,77,8,85,322
08/20/2011,SAV,GA,ASO,ES,Combined TRACON& Tower with Radar,37,65,28,9,139,0,2,98,0,100,37,67,126,9,239,74,0,74,313
08/21/2011,SAV,GA,ASO,ES,Combined TRACON& Tower with Radar,31,43,44,17,135,0,0,47,2,49,31,43,91,19,184,32,0,32,216
08/22/2011,SAV,GA,ASO,ES,Combined TRACON& Tower with Radar,34,58,56,14,162,0,0,35,0,35,34,58,91,14,197,32,0,32,229
08/23/2011,SAV,GA,ASO,ES,Combined TRACON& Tower with Radar,33,66,59,11,169,0,0,41,6,47,33,66,100,17,216,46,6,52,268
08/24/2011,SAV,GA,ASO,ES,Combined TRACON& Tower with Radar,37,68,61,12,178,0,2,27,0,29,37,70,88,12,207,28,0,28,235
08/25/2011,SAV,GA,ASO,ES,Combined TRACON& Tower with Radar,36,62,42,20,160,0,0,36,3,39,36,62,78,23,199,75,0,75,274
08/26/2011,SAV,GA,ASO,ES,Combined TRACON& Tower with Radar,36,62,33,7,138,0,0,6,1,7,36,62,39,8,145,32,0,32,177
08/27/2011,SAV,GA,ASO,ES,Combined TRACON& Tower with Radar,36,50,29,17,132,0,0,33,2,35,36,50,62,19,167,82,0,82,249
08/28/2011,SAV,GA,ASO,ES,Combined TRACON& Tower with Radar,32,35,26,7,100,0,0,47,0,47,32,35,73,7,147,0,0,0,147
08/29/2011,SAV,GA,ASO,ES,Combined TRACON& Tower with Radar,35,47,50,12,144,0,0,26,2,28,35,47,76,14,172,30,0,30,202
08/30/2011,SAV,GA,ASO,ES,Combined TRACON& Tower with Radar,36,60,57,7,160,0,0,4,3,7,36,60,61,10,167,30,0,30,197
08/31/2011,SAV,GA,ASO,ES,Combined TRACON& Tower with Radar,38,68,67,17,190,0,0,23,2,25,38,68,90,19,215,70,14,84,299
09/01/2011,SAV,GA,ASO,ES,Combined TRACON& Tower with Radar,38,69,65,25,197,0,0,40,5,45,38,69,105,30,242,81,32,113,355
09/02/2011,SAV,GA,ASO,ES,Combined TRACON& Tower with Radar,39,58,82,6,185,0,3,50,6,59,39,61,132,12,244,56,0,56,300
09/03/2011,SAV,GA,ASO,ES,Combined TRACON& Tower with Radar,35,38,36,9,118,0,0,54,4,58,35,38,90,13,176,82,0,82,258
09/04/2011,SAV,GA,ASO,ES,Combined TRACON& Tower with Radar,29,37,26,7,99,0,0,25,4,29,29,37,51,11,128,0,0,0,128
09/05/2011,SAV,GA,ASO,ES,Combined TRACON& Tower with Radar,33,49,33,2,117,0,0,6,0,6,33,49,39,2,123,38,0,38,161
09/06/2011,SAV,GA,ASO,ES,Combined TRACON& Tower with Radar,35,63,44,20,162,0,4,7,5,16,35,67,51,25,178,8,12,20,198
09/07/2011,SAV,GA,ASO,ES,Combined TRACON& Tower with Radar,37,67,53,9,166,0,0,30,10,40,37,67,83,19,206,42,6,48,254
09/08/2011,SAV,GA,ASO,ES,Combined TRACON& Tower with Radar,38,74,55,22,189,0,1,44,6,51,38,75,99,28,240,60,10,70,310
09/09/2011,SAV,GA,ASO,ES,Combined TRACON& Tower with Radar,39,69,63,17,188,0,1,40,2,43,39,70,103,19,231,18,0,18,249
09/10/2011,SAV,GA,ASO,ES,Combined TRACON& Tower with Radar,36,56,43,8,143,0,1,37,1,39,36,57,80,9,182,78,2,80,262
09/11/2011,SAV,GA,ASO,ES,Combined TRACON& Tower with Radar,35,47,53,8,143,0,0,49,5,54,35,47,102,13,197,34,24,58,255
09/12/2011,SAV,GA,ASO,ES,Combined TRACON& Tower with Radar,35,60,47,12,154,0,2,24,0,26,35,62,71,12,180,52,0,52,232
09/13/2011,SAV,GA,ASO,ES,Combined TRACON& Tower with Radar,33,74,54,17,178,0,0,35,5,40,33,74,89,22,218,34,34,68,286
09/14/2011,SAV,GA,ASO,ES,Combined TRACON& Tower with Radar,35,62,50,26,173,0,4,37,3,44,35,66,87,29,217,37,26,63,280
09/15/2011,SAV,GA,ASO,ES,Combined TRACON& Tower with Radar,37,77,54,27,195,0,2,41,4,47,37,79,95,31,242,38,2,40,282
09/16/2011,SAV,GA,ASO,ES,Combined TRACON& Tower with Radar,39,66,69,24,198,0,0,22,0,22,39,66,91,24,220,12,0,12,232
09/17/2011,SAV,GA,ASO,ES,Combined TRACON& Tower with Radar,35,54,36,16,141,0,4,9,1,14,35,58,45,17,155,32,16,48,203
09/18/2011,SAV,GA,ASO,ES,Combined TRACON& Tower with Radar,38,44,56,23,161,0,1,15,0,16,38,45,71,23,177,26,2,28,205
09/19/2011,SAV,GA,ASO,ES,Combined TRACON& Tower with Radar,36,60,59,3,158,0,0,16,0,16,36,60,75,3,174,57,0,57,231
09/20/2011,SAV,GA,ASO,ES,Combined TRACON& Tower with Radar,35,55,61,35,186,0,0,7,0,7,35,55,68,35,193,2,6,8,201
09/21/2011,SAV,GA,ASO,ES,Combined TRACON& Tower with Radar,36,72,84,2,194,0,0,10,3,13,36,72,94,5,207,16,0,16,223
09/22/2011,SAV,GA,ASO,ES,Combined TRACON& Tower with Radar,39,64,55,15,173,0,0,12,1,13,39,64,67,16,186,11,0,11,197
09/23/2011,SAV,GA,ASO,ES,Combined TRACON& Tower with Radar,37,60,66,41,204,0,0,32,6,38,37,60,98,47,242,70,0,70,312
09/24/2011,SAV,GA,ASO,ES,Combined TRACON& Tower with Radar,35,55,33,31,154,0,0,36,5,41,35,55,69,36,195,7,0,7,202
09/25/2011,SAV,GA,ASO,ES,Combined TRACON& Tower with Radar,37,53,45,26,161,0,1,8,3,12,37,54,53,29,173,2,8,10,183
09/26/2011,SAV,GA,ASO,ES,Combined TRACON& Tower with Radar,35,53,44,34,166,0,0,10,0,10,35,53,54,34,176,74,24,98,274
09/27/2011,SAV,GA,ASO,ES,Combined TRACON& Tower with Radar,33,65,63,14,175,0,0,34,5,39,33,65,97,19,214,56,0,56,270
09/28/2011,SAV,GA,ASO,ES,Combined TRACON& Tower with Radar,37,58,72,9,176,0,0,38,7,45,37,58,110,16,221,62,0,62,283
09/29/2011,SAV,GA,ASO,ES,Combined TRACON& Tower with Radar,39,54,75,9,177,0,0,54,3,57,39,54,129,12,234,89,0,89,323
09/30/2011,SAV,GA,ASO,ES,Combined TRACON& Tower with Radar,39,57,67,38,201,0,0,53,5,58,39,57,120,43,259,33,0,33,292
10/01/2011,SAV,GA,ASO,ES,Combined TRACON& Tower with Radar,39,43,49,20,151,0,0,49,1,50,39,43,98,21,201,12,0,12,213
10/02/2011,SAV,GA,ASO,ES,Combined TRACON& Tower with Radar,38,45,46,11,140,0,0,49,0,49,38,45,95,11,189,46,0,46,235
10/03/2011,SAV,GA,ASO,ES,Combined TRACON& Tower with Radar,38,53,56,3,150,0,0,65,3,68,38,53,121,6,218,14,0,14,232
10/04/2011,SAV,GA,ASO,ES,Combined TRACON& Tower with Radar,39,53,55,8,155,0,0,41,3,44,39,53,96,11,199,4,4,8,207
10/05/2011,SAV,GA,ASO,ES,Combined TRACON& Tower with Radar,37,66,69,16,188,0,0,53,2,55,37,66,122,18,243,70,12,82,325
10/06/2011,SAV,GA,ASO,ES,Combined TRACON& Tower with Radar,34,58,64,9,165,0,1,40,2,43,34,59,104,11,208,58,4,62,270
10/07/2011,SAV,GA,ASO,ES,Combined TRACON& Tower with Radar,41,70,64,8,183,0,0,26,1,27,41,70,90,9,210,46,0,46,256
10/08/2011,SAV,GA,ASO,ES,Combined TRACON& Tower with Radar,37,54,35,5,131,0,2,19,0,21,37,56,54,5,152,20,0,20,172
10/09/2011,SAV,GA,ASO,ES,Combined TRACON& Tower with Radar,38,51,58,8,155,0,0,11,0,11,38,51,69,8,166,14,0,14,180
10/10/2011,SAV,GA,ASO,ES,Combined TRACON& Tower with Radar,38,50,30,0,118,0,0,3,0,3,38,50,33,0,121,0,0,0,121
10/11/2011,SAV,GA,ASO,ES,Combined TRACON& Tower with Radar,37,66,56,4,163,0,0,0,0,0,37,66,56,4,163,0,0,0,163
10/12/2011,SAV,GA,ASO,ES,Combined TRACON& Tower with Radar,37,74,66,8,185,0,0,15,2,17,37,74,81,10,202,8,4,12,214
10/13/2011,SAV,GA,ASO,ES,Combined TRACON& Tower with Radar,40,70,81,7,198,0,0,39,4,43,40,70,120,11,241,6,2,8,249
10/14/2011,SAV,GA,ASO,ES,Combined TRACON& Tower with Radar,41,81,72,13,207,0,0,61,4,65,41,81,133,17,272,36,4,40,312
10/15/2011,SAV,GA,ASO,ES,Combined TRACON& Tower with Radar,38,52,48,10,148,0,3,49,4,56,38,55,97,14,204,6,2,8,212
10/16/2011,SAV,GA,ASO,ES,Combined TRACON& Tower with Radar,38,53,68,11,170,0,0,73,1,74,38,53,141,12,244,38,0,38,282
10/17/2011,SAV,GA,ASO,ES,Combined TRACON& Tower with Radar,38,55,51,21,165,0,5,29,1,35,38,60,80,22,200,20,46,66,266
10/18/2011,SAV,GA,ASO,ES,Combined TRACON& Tower with Radar,37,60,53,6,156,0,0,7,1,8,37,60,60,7,164,20,0,20,184
10/19/2011,SAV,GA,ASO,ES,Combined TRACON& Tower with Radar,39,77,58,9,183,0,0,8,2,10,39,77,66,11,193,4,5,9,202
10/20/2011,SAV,GA,ASO,ES,Combined TRACON& Tower with Radar,39,73,71,13,196,0,10,47,1,58,39,83,118,14,254,35,0,35,289
10/21/2011,SAV,GA,ASO,ES,Combined TRACON& Tower with Radar,43,68,54,20,185,0,3,51,8,62,43,71,105,28,247,44,0,44,291
10/22/2011,SAV,GA,ASO,ES,Combined TRACON& Tower with Radar,37,51,48,13,149,0,2,45,4,51,37,53,93,17,200,44,0,44,244
10/23/2011,SAV,GA,ASO,ES,Combined TRACON& Tower with Radar,38,57,70,7,172,0,0,65,7,72,38,57,135,14,244,26,0,26,270
10/24/2011,SAV,GA,ASO,ES,Combined TRACON& Tower with Radar,37,54,59,22,172,0,1,31,3,35,37,55,90,25,207,22,8,30,237
10/25/2011,SAV,GA,ASO,ES,Combined TRACON& Tower with Radar,37,66,52,28,183,0,1,38,7,46,37,67,90,35,229,43,20,63,292
10/26/2011,SAV,GA,ASO,ES,Combined TRACON& Tower with Radar,40,68,64,18,190,0,5,45,6,56,40,73,109,24,246,36,22,58,304
10/27/2011,SAV,GA,ASO,ES,Combined TRACON& Tower with Radar,41,60,77,14,192,0,0,42,6,48,41,60,119,20,240,92,7,99,339
10/28/2011,SAV,GA,ASO,ES,Combined TRACON& Tower with Radar,42,55,90,34,221,0,1,67,3,71,42,56,157,37,292,6,8,14,306
10/29/2011,SAV,GA,ASO,ES,Combined TRACON& Tower with Radar,36,69,25,6,136,0,0,17,2,19,36,69,42,8,155,2,2,4,159
10/30/2011,SAV,GA,ASO,ES,Combined TRACON& Tower with Radar,38,56,72,6,172,0,0,60,3,63,38,56,132,9,235,58,2,60,295
10/31/2011,SAV,GA,ASO,ES,Combined TRACON& Tower with Radar,37,60,66,21,184,0,0,16,1,17,37,60,82,22,201,14,2,16,217
11/01/2011,SAV,GA,ASO,ES,Combined TRACON& Tower with Radar,38,66,67,23,194,0,1,33,1,35,38,67,100,24,229,14,2,16,245
11/02/2011,SAV,GA,ASO,ES,Combined TRACON& Tower with Radar,37,56,67,19,179,0,0,42,4,46,37,56,109,23,225,30,26,56,281
11/03/2011,SAV,GA,ASO,ES,Combined TRACON& Tower with Radar,41,76,57,22,196,0,1,44,2,47,41,77,101,24,243,98,8,106,349
11/04/2011,SAV,GA,ASO,ES,Combined TRACON& Tower with Radar,41,72,66,10,189,0,0,13,3,16,41,72,79,13,205,6,2,8,213
11/05/2011,SAV,GA,ASO,ES,Combined TRACON& Tower with Radar,35,49,28,8,120,0,0,38,2,40,35,49,66,10,160,66,0,66,226
11/06/2011,SAV,GA,ASO,ES,Combined TRACON& Tower with Radar,39,46,55,12,152,0,0,51,2,53,39,46,106,14,205,66,2,68,273
11/07/2011,SAV,GA,ASO,ES,Combined TRACON& Tower with Radar,37,70,61,29,197,0,0,33,1,34,37,70,94,30,231,26,6,32,263
11/08/2011,SAV,GA,ASO,ES,Combined TRACON& Tower with Radar,37,63,54,27,181,0,4,53,13,70,37,67,107,40,251,28,2,30,281
11/09/2011,SAV,GA,ASO,ES,Combined TRACON& Tower with Radar,41,71,67,21,200,0,6,44,5,55,41,77,111,26,255,92,30,122,377
11/10/2011,SAV,GA,ASO,ES,Combined TRACON& Tower with Radar,37,64,61,37,199,0,4,30,0,34,37,68,91,37,233,38,6,44,277
11/11/2011,SAV,GA,ASO,ES,Combined TRACON& Tower with Radar,39,73,63,9,184,0,1,51,0,52,39,74,114,9,236,17,0,17,253
11/12/2011,SAV,GA,ASO,ES,Combined TRACON& Tower with Radar,33,49,48,9,139,0,3,39,1,43,33,52,87,10,182,72,0,72,254
11/13/2011,SAV,GA,ASO,ES,Combined TRACON& Tower with Radar,38,49,59,2,148,0,0,82,2,84,38,49,141,4,232,38,0,38,270
11/14/2011,SAV,GA,ASO,ES,Combined TRACON& Tower with Radar,38,68,45,21,172,0,9,37,5,51,38,77,82,26,223,40,0,40,263
11/15/2011,SAV,GA,ASO,ES,Combined TRACON& Tower with Radar,40,77,55,14,186,0,2,13,1,16,40,79,68,15,202,4,2,6,208
11/16/2011,SAV,GA,ASO,ES,Combined TRACON& Tower with Radar,39,81,68,22,210,0,1,5,1,7,39,82,73,23,217,4,36,40,257
11/17/2011,SAV,GA,ASO,ES,Combined TRACON& Tower with Radar,44,73,78,24,219,0,3,28,4,35,44,76,106,28,254,40,34,74,328
11/18/2011,SAV,GA,ASO,ES,Combined TRACON& Tower with Radar,39,88,57,27,211,0,3,45,9,57,39,91,102,36,268,58,8,66,334
11/19/2011,SAV,GA,ASO,ES,Combined TRACON& Tower with Radar,35,62,67,17,181,0,6,56,0,62,35,68,123,17,243,0,0,0,243
11/20/2011,SAV,GA,ASO,ES,Combined TRACON& Tower with Radar,35,55,58,18,166,0,0,61,11,72,35,55,119,29,238,36,0,36,274
11/21/2011,SAV,GA,ASO,ES,Combined TRACON& Tower with Radar,34,66,73,19,192,0,1,53,11,65,34,67,126,30,257,58,0,58,315
11/22/2011,SAV,GA,ASO,ES,Combined TRACON& Tower with Radar,39,62,71,15,187,0,7,37,10,54,39,69,108,25,241,73,6,79,320
11/23/2011,SAV,GA,ASO,ES,Combined TRACON& Tower with Radar,39,86,71,2,198,0,1,13,0,14,39,87,84,2,212,18,0,18,230
11/24/2011,SAV,GA,ASO,ES,Combined TRACON& Tower with Radar,22,27,15,0,64,0,0,17,1,18,22,27,32,1,82,2,1,3,85
11/25/2011,SAV,GA,ASO,ES,Combined TRACON& Tower with Radar,32,40,40,0,112,0,0,49,0,49,32,40,89,0,161,19,0,19,180
11/26/2011,SAV,GA,ASO,ES,Combined TRACON& Tower with Radar,37,58,51,0,146,0,0,38,1,39,37,58,89,1,185,34,0,34,219
11/27/2011,SAV,GA,ASO,ES,Combined TRACON& Tower with Radar,37,72,68,6,183,0,0,13,0,13,37,72,81,6,196,4,0,4,200
11/28/2011,SAV,GA,ASO,ES,Combined TRACON& Tower with Radar,37,70,43,7,157,0,1,5,1,7,37,71,48,8,164,0,0,0,164
11/29/2011,SAV,GA,ASO,ES,Combined TRACON& Tower with Radar,35,67,55,15,172,0,3,20,3,26,35,70,75,18,198,28,2,30,228
11/30/2011,SAV,GA,ASO,ES,Combined TRACON& Tower with Radar,37,69,65,13,184,0,1,36,6,43,37,70,101,19,227,38,4,42,269
12/01/2011,SAV,GA,ASO,ES,Combined TRACON& Tower with Radar,39,70,68,20,197,0,0,52,5,57,39,70,120,25,254,68,32,100,354
12/02/2011,SAV,GA,ASO,ES,Combined TRACON& Tower with Radar,43,64,73,10,190,0,3,51,3,57,43,67,124,13,247,71,8,79,326
12/03/2011,SAV,GA,ASO,ES,Combined TRACON& Tower with Radar,32,56,41,13,142,0,1,42,8,51,32,57,83,21,193,57,0,57,250
12/04/2011,SAV,GA,ASO,ES,Combined TRACON& Tower with Radar,37,53,57,10,157,0,0,29,1,30,37,53,86,11,187,22,0,22,209
12/05/2011,SAV,GA,ASO,ES,Combined TRACON& Tower with Radar,37,57,45,13,152,0,0,17,1,18,37,57,62,14,170,32,0,32,202
12/06/2011,SAV,GA,ASO,ES,Combined TRACON& Tower with Radar,37,63,53,23,176,0,0,17,2,19,37,63,70,25,195,32,22,54,249
12/07/2011,SAV,GA,ASO,ES,Combined TRACON& Tower with Radar,40,60,37,12,149,0,0,3,2,5,40,60,40,14,154,0,14,14,168
12/08/2011,SAV,GA,ASO,ES,Combined TRACON& Tower with Radar,38,65,57,14,174,0,1,35,1,37,38,66,92,15,211,4,4,8,219
12/09/2011,SAV,GA,ASO,ES,Combined TRACON& Tower with Radar,44,64,83,18,209,0,0,39,5,44,44,64,122,23,253,54,2,56,309
12/10/2011,SAV,GA,ASO,ES,Combined TRACON& Tower with Radar,33,51,52,20,156,0,0,34,1,35,33,51,86,21,191,48,0,48,239
12/11/2011,SAV,GA,ASO,ES,Combined TRACON& Tower with Radar,39,55,48,3,145,0,0,32,2,34,39,55,80,5,179,86,0,86,265
12/12/2011,SAV,GA,ASO,ES,Combined TRACON& Tower with Radar,37,50,46,9,142,0,0,1,0,1,37,50,47,9,143,0,0,0,143
12/13/2011,SAV,GA,ASO,ES,Combined TRACON& Tower with Radar,38,73,58,21,190,0,0,36,3,39,38,73,94,24,229,10,0,10,239
12/14/2011,SAV,GA,ASO,ES,Combined TRACON& Tower with Radar,41,56,55,14,166,0,1,51,5,57,41,57,106,19,223,98,0,98,321
12/15/2011,SAV,GA,ASO,ES,Combined TRACON& Tower with Radar,42,75,71,18,206,0,3,33,5,41,42,78,104,23,247,48,30,78,325
12/16/2011,SAV,GA,ASO,ES,Combined TRACON& Tower with Radar,38,76,73,28,215,0,0,47,2,49,38,76,120,30,264,64,2,66,330
12/17/2011,SAV,GA,ASO,ES,Combined TRACON& Tower with Radar,38,58,44,3,143,0,3,41,1,45,38,61,85,4,188,47,0,47,235
12/18/2011,SAV,GA,ASO,ES,Combined TRACON& Tower with Radar,35,62,44,4,145,0,4,51,1,56,35,66,95,5,201,72,0,72,273
12/19/2011,SAV,GA,ASO,ES,Combined TRACON& Tower with Radar,35,66,56,7,164,0,6,42,2,50,35,72,98,9,214,86,4,90,304
12/20/2011,SAV,GA,ASO,ES,Combined TRACON& Tower with Radar,37,61,63,12,173,0,1,28,4,33,37,62,91,16,206,43,22,65,271
12/21/2011,SAV,GA,ASO,ES,Combined TRACON& Tower with Radar,38,69,55,15,177,0,0,9,3,12,38,69,64,18,189,20,0,20,209
12/22/2011,SAV,GA,ASO,ES,Combined TRACON& Tower with Radar,42,59,54,4,159,0,3,34,1,38,42,62,88,5,197,12,0,12,209
12/23/2011,SAV,GA,ASO,ES,Combined TRACON& Tower with Radar,36,66,46,0,148,0,3,16,0,19,36,69,62,0,167,18,0,18,185
12/24/2011,SAV,GA,ASO,ES,Combined TRACON& Tower with Radar,27,46,24,0,97,0,0,20,0,20,27,46,44,0,117,0,0,0,117
12/25/2011,SAV,GA,ASO,ES,Combined TRACON& Tower with Radar,22,46,8,0,76,0,0,8,0,8,22,46,16,0,84,0,0,0,84
12/26/2011,SAV,GA,ASO,ES,Combined TRACON& Tower with Radar,35,60,73,2,170,0,1,37,1,39,35,61,110,3,209,14,0,14,223
12/27/2011,SAV,GA,ASO,ES,Combined TRACON& Tower with Radar,37,87,50,2,176,0,0,4,0,4,37,87,54,2,180,0,0,0,180
12/28/2011,SAV,GA,ASO,ES,Combined TRACON& Tower with Radar,34,80,49,7,170,0,4,54,4,62,34,84,103,11,232,36,0,36,268
12/29/2011,SAV,GA,ASO,ES,Combined TRACON& Tower with Radar,37,73,42,14,166,0,6,55,0,61,37,79,97,14,227,76,12,88,315
12/30/2011,SAV,GA,ASO,ES,Combined TRACON& Tower with Radar,38,75,53,2,168,0,2,61,0,63,38,77,114,2,231,98,0,98,329
12/31/2011,SAV,GA,ASO,ES,Combined TRACON& Tower with Radar,30,47,46,1,124,0,0,36,0,36,30,47,82,1,160,40,0,40,200
01/01/2012,SAV,GA,ASO,ES,Combined TRACON& Tower with Radar,25,55,45,0,125,0,0,19,0,19,25,55,64,0,144,0,0,0,144
01/02/2012,SAV,GA,ASO,ES,Combined TRACON& Tower with Radar,32,80,47,2,161,0,8,21,2,31,32,88,68,4,192,22,0,22,214
01/03/2012,SAV,GA,ASO,ES,Combined TRACON& Tower with Radar,35,67,42,2,146,0,7,13,2,22,35,74,55,4,168,7,6,13,181
01/04/2012,SAV,GA,ASO,ES,Combined TRACON& Tower with Radar,42,62,45,10,159,0,0,47,2,49,42,62,92,12,208,52,0,52,260
01/05/2012,SAV,GA,ASO,ES,Combined TRACON& Tower with Radar,45,41,69,5,160,0,5,34,5,44,45,46,103,10,204,34,0,34,238
01/06/2012,SAV,GA,ASO,ES,Combined TRACON& Tower with Radar,45,42,61,8,156,0,0,43,2,45,45,42,104,10,201,77,2,79,280
01/07/2012,SAV,GA,ASO,ES,Combined TRACON& Tower with Radar,34,41,46,10,131,0,1,45,5,51,34,42,91,15,182,34,0,34,216
01/08/2012,SAV,GA,ASO,ES,Combined TRACON& Tower with Radar,39,39,38,6,122,0,2,63,5,70,39,41,101,11,192,70,8,78,270
01/09/2012,SAV,GA,ASO,ES,Combined TRACON& Tower with Radar,42,44,36,18,140,0,4,38,4,46,42,48,74,22,186,57,0,57,243
01/10/2012,SAV,GA,ASO,ES,Combined TRACON& Tower with Radar,39,57,51,13,160,0,0,22,3,25,39,57,73,16,185,45,20,65,250
01/11/2012,SAV,GA,ASO,ES,Combined TRACON& Tower with Radar,43,46,56,31,176,0,1,2,7,10,43,47,58,38,186,22,4,26,212
01/12/2012,SAV,GA,ASO,ES,Combined TRACON& Tower with Radar,44,48,77,12,181,0,3,37,4,44,44,51,114,16,225,42,0,42,267
01/13/2012,SAV,GA,ASO,ES,Combined TRACON& Tower with Radar,45,50,63,15,173,0,4,23,3,30,45,54,86,18,203,26,0,26,229
01/14/2012,SAV,GA,ASO,ES,Combined TRACON& Tower with Radar,34,34,41,3,112,0,2,46,3,51,34,36,87,6,163,50,0,50,213
01/15/2012,SAV,GA,ASO,ES,Combined TRACON& Tower with Radar,35,38,50,9,132,0,1,73,1,75,35,39,123,10,207,54,0,54,261
01/16/2012,SAV,GA,ASO,ES,Combined TRACON& Tower with Radar,40,48,49,5,142,0,0,57,2,59,40,48,106,7,201,72,10,82,283
01/17/2012,SAV,GA,ASO,ES,Combined TRACON& Tower with Radar,39,51,44,13,147,0,2,15,5,22,39,53,59,18,169,98,0,98,267
01/18/2012,SAV,GA,ASO,ES,Combined TRACON& Tower with Radar,41,47,37,7,132,0,0,10,6,16,41,47,47,13,148,0,15,15,163
01/19/2012,SAV,GA,ASO,ES,Combined TRACON& Tower with Radar,44,72,70,9,195,0,3,46,4,53,44,75,116,13,248,84,6,90,338
01/20/2012,SAV,GA,ASO,ES,Combined TRACON& Tower with Radar,43,52,41,23,159,0,0,37,1,38,43,52,78,24,197,46,10,56,253
01/21/2012,SAV,GA,ASO,ES,Combined TRACON& Tower with Radar,48,37,28,5,118,0,0,22,1,23,48,37,50,6,141,8,0,8,149
01/22/2012,SAV,GA,ASO,ES,Combined TRACON& Tower with Radar,38,39,60,3,140,0,0,0,0,0,38,39,60,3,140,0,0,0,140
01/23/2012,SAV,GA,ASO,ES,Combined TRACON& Tower with Radar,42,45,25,6,118,0,0,4,2,6,42,45,29,8,124,0,0,0,124
01/24/2012,SAV,GA,ASO,ES,Combined TRACON& Tower with Radar,38,48,56,12,154,0,0,24,3,27,38,48,80,15,181,8,0,8,189
01/25/2012,SAV,GA,ASO,ES,Combined TRACON& Tower with Radar,43,48,71,15,177,0,0,39,1,40,43,48,110,16,217,45,0,45,262
01/26/2012,SAV,GA,ASO,ES,Combined TRACON& Tower with Radar,44,62,55,9,170,0,3,19,2,24,44,65,74,11,194,98,4,102,296
01/27/2012,SAV,GA,ASO,ES,Combined TRACON& Tower with Radar,46,64,50,9,169,0,0,16,2,18,46,64,66,11,187,8,2,10,197
01/28/2012,SAV,GA,ASO,ES,Combined TRACON& Tower with Radar,34,41,55,23,153,0,3,56,3,62,34,44,111,26,215,64,0,64,279
01/29/2012,SAV,GA,ASO,ES,Combined TRACON& Tower with Radar,39,35,36,17,127,0,0,47,0,47,39,35,83,17,174,42,0,42,216
01/30/2012,SAV,GA,ASO,ES,Combined TRACON& Tower with Radar,40,52,55,13,160,0,10,36,3,49,40,62,91,16,209,114,8,122,331
01/31/2012,SAV,GA,ASO,ES,Combined TRACON& Tower with Radar,37,58,49,11,155,0,2,48,2,52,37,60,97,13,207,42,0,42,249
02/01/2012,SAV,GA,ASO,ES,Combined TRACON& Tower with Radar,44,44,65,5,158,0,0,44,1,45,44,44,109,6,203,28,6,34,237
02/02/2012,SAV,GA,ASO,ES,Combined TRACON& Tower with Radar,42,54,57,10,163,0,0,35,2,37,42,54,92,12,200,64,2,66,266
02/03/2012,SAV,GA,ASO,ES,Combined TRACON& Tower with Radar,42,48,55,21,166,0,0,52,1,53,42,48,107,22,219,6,0,6,225
02/04/2012,SAV,GA,ASO,ES,Combined TRACON& Tower with Radar,35,33,32,18,118,0,0,29,7,36,35,33,61,25,154,60,0,60,214
02/05/2012,SAV,GA,ASO,ES,Combined TRACON& Tower with Radar,37,35,48,10,130,0,0,27,0,27,37,35,75,10,157,46,8,54,211
02/06/2012,SAV,GA,ASO,ES,Combined TRACON& Tower with Radar,39,41,58,6,144,0,0,3,1,4,39,41,61,7,148,1,0,1,149
02/07/2012,SAV,GA,ASO,ES,Combined TRACON& Tower with Radar,37,53,46,10,146,0,2,46,8,56,37,55,92,18,202,51,0,51,253
02/08/2012,SAV,GA,ASO,ES,Combined TRACON& Tower with Radar,45,53,72,7,177,0,2,51,3,56,45,55,123,10,233,22,4,26,259
02/09/2012,SAV,GA,ASO,ES,Combined TRACON& Tower with Radar,45,67,69,27,208,0,2,60,7,69,45,69,129,34,277,16,8,24,301
02/10/2012,SAV,GA,ASO,ES,Combined TRACON& Tower with Radar,43,56,53,27,179,0,2,29,3,34,43,58,82,30,213,36,18,54,267
02/11/2012,SAV,GA,ASO,ES,Combined TRACON& Tower with Radar,33,36,25,29,123,0,0,21,5,26,33,36,46,34,149,40,6,46,195
02/12/2012,SAV,GA,ASO,ES,Combined TRACON& Tower with Radar,37,47,55,18,157,0,0,38,6,44,37,47,93,24,201,30,4,34,235
02/13/2012,SAV,GA,ASO,ES,Combined TRACON& Tower with Radar,40,45,52,16,153,0,0,49,5,54,40,45,101,21,207,42,4,46,253
02/14/2012,SAV,GA,ASO,ES,Combined TRACON& Tower with Radar,39,42,45,15,141,0,0,7,15,22,39,42,52,30,163,4,2,6,169
02/15/2012,SAV,GA,ASO,ES,Combined TRACON& Tower with Radar,43,37,77,13,170,0,1,10,16,27,43,38,87,29,197,20,6,26,223
02/16/2012,SAV,GA,ASO,ES,Combined TRACON& Tower with Radar,42,66,64,26,198,0,0,11,13,24,42,66,75,39,222,40,10,50,272
02/17/2012,SAV,GA,ASO,ES,Combined TRACON& Tower with Radar,40,52,83,28,203,0,0,32,8,40,40,52,115,36,243,84,42,126,369
02/18/2012,SAV,GA,ASO,ES,Combined TRACON& Tower with Radar,30,41,51,19,141,0,0,17,11,28,30,41,68,30,169,78,0,78,247
02/19/2012,SAV,GA,ASO,ES,Combined TRACON& Tower with Radar,33,43,38,16,130,0,0,4,2,6,33,43,42,18,136,0,6,6,142
02/20/2012,SAV,GA,ASO,ES,Combined TRACON& Tower with Radar,40,49,72,16,177,0,2,46,4,52,40,51,118,20,229,32,0,32,261
02/21/2012,SAV,GA,ASO,ES,Combined TRACON& Tower with Radar,39,63,63,42,207,0,2,23,20,45,39,65,86,62,252,6,13,19,271
02/22/2012,SAV,GA,ASO,ES,Combined TRACON& Tower with Radar,43,64,80,46,233,0,0,37,19,56,43,64,117,65,289,7,17,24,313
02/23/2012,SAV,GA,ASO,ES,Combined TRACON& Tower with Radar,41,64,67,36,208,0,3,22,34,59,41,67,89,70,267,32,6,38,305
02/24/2012,SAV,GA,ASO,ES,Combined TRACON& Tower with Radar,41,52,51,17,161,0,0,5,2,7,41,52,56,19,168,0,0,0,168
02/25/2012,SAV,GA,ASO,ES,Combined TRACON& Tower with Radar,32,44,53,9,138,0,3,50,3,56,32,47,103,12,194,46,10,56,250
02/26/2012,SAV,GA,ASO,ES,Combined TRACON& Tower with Radar,37,59,81,14,191,0,0,40,3,43,37,59,121,17,234,30,0,30,264
02/27/2012,SAV,GA,ASO,ES,Combined TRACON& Tower with Radar,41,57,54,16,168,0,0,0,0,0,41,57,54,16,168,0,0,0,168
02/28/2012,SAV,GA,ASO,ES,Combined TRACON& Tower with Radar,40,56,85,7,188,0,1,17,5,23,40,57,102,12,211,43,4,47,258
02/29/2012,SAV,GA,ASO,ES,Combined TRACON& Tower with Radar,42,61,68,8,179,0,1,26,0,27,42,62,94,8,206,37,0,37,243
03/01/2012,SAV,GA,ASO,ES,Combined TRACON& Tower with Radar,41,64,55,30,190,0,1,16,3,20,41,65,71,33,210,42,12,54,264
03/02/2012,SAV,GA,ASO,ES,Combined TRACON& Tower with Radar,41,63,76,25,205,0,0,36,7,43,41,63,112,32,248,168,12,180,428
03/03/2012,SAV,GA,ASO,ES,Combined TRACON& Tower with Radar,33,38,21,1,93,0,0,0,0,0,33,38,21,1,93,8,0,8,101
03/04/2012,SAV,GA,ASO,ES,Combined TRACON& Tower with Radar,46,44,58,7,155,0,1,12,6,19,46,45,70,13,174,4,0,4,178
03/05/2012,SAV,GA,ASO,ES,Combined TRACON& Tower with Radar,43,52,27,5,127,0,2,10,3,15,43,54,37,8,142,22,0,22,164
03/06/2012,SAV,GA,ASO,ES,Combined TRACON& Tower with Radar,41,59,71,9,180,0,0,44,4,48,41,59,115,13,228,22,2,24,252
03/07/2012,SAV,GA,ASO,ES,Combined TRACON& Tower with Radar,44,66,68,17,195,0,1,26,4,31,44,67,94,21,226,16,4,20,246
03/08/2012,SAV,GA,ASO,ES,Combined TRACON& Tower with Radar,49,83,56,13,201,0,8,43,0,51,49,91,99,13,252,36,0,36,288
03/09/2012,SAV,GA,ASO,ES,Combined TRACON& Tower with Radar,49,56,51,14,170,0,14,28,7,49,49,70,79,21,219,8,0,8,227
03/10/2012,SAV,GA,ASO,ES,Combined TRACON& Tower with Radar,35,51,51,13,150,0,1,47,7,55,35,52,98,20,205,58,0,58,263
03/11/2012,SAV,GA,ASO,ES,Combined TRACON& Tower with Radar,43,35,68,13,159,0,1,20,0,21,43,36,88,13,180,33,0,33,213
03/12/2012,SAV,GA,ASO,ES,Combined TRACON& Tower with Radar,45,66,52,8,171,0,1,31,5,37,45,67,83,13,208,88,0,88,296
03/13/2012,SAV,GA,ASO,ES,Combined TRACON& Tower with Radar,41,78,45,18,182,0,3,27,7,37,41,81,72,25,219,29,4,33,252
03/14/2012,SAV,GA,ASO,ES,Combined TRACON& Tower with Radar,45,64,47,8,164,0,10,47,7,64,45,74,94,15,228,22,4,26,254
03/15/2012,SAV,GA,ASO,ES,Combined TRACON& Tower with Radar,46,61,72,8,187,0,16,59,12,87,46,77,131,20,274,46,2,48,322
03/16/2012,SAV,GA,ASO,ES,Combined TRACON& Tower with Radar,46,65,74,14,199,0,1,60,7,68,46,66,134,21,267,24,0,24,291
03/17/2012,SAV,GA,ASO,ES,Combined TRACON& Tower with Radar,34,53,43,8,138,0,0,34,11,45,34,53,77,19,183,16,0,16,199
03/18/2012,SAV,GA,ASO,ES,Combined TRACON& Tower with Radar,43,47,62,8,160,0,2,37,6,45,43,49,99,14,205,37,0,37,242
03/19/2012,SAV,GA,ASO,ES,Combined TRACON& Tower with Radar,44,57,39,7,147,0,1,28,3,32,44,58,67,10,179,54,2,56,235
03/20/2012,SAV,GA,ASO,ES,Combined TRACON& Tower with Radar,41,60,66,21,188,0,2,42,7,51,41,62,108,28,239,64,4,68,307
03/21/2012,SAV,GA,ASO,ES,Combined TRACON& Tower with Radar,46,70,70,14,200,0,2,28,1,31,46,72,98,15,231,51,4,55,286
03/22/2012,SAV,GA,ASO,ES,Combined TRACON& Tower with Radar,45,64,69,9,187,0,1,41,15,57,45,65,110,24,244,34,0,34,278
03/23/2012,SAV,GA,ASO,ES,Combined TRACON& Tower with Radar,44,67,76,15,202,0,7,56,6,69,44,74,132,21,271,26,0,26,297
03/24/2012,SAV,GA,ASO,ES,Combined TRACON& Tower with Radar,37,54,39,19,149,0,0,11,5,16,37,54,50,24,165,0,0,0,165
03/25/2012,SAV,GA,ASO,ES,Combined TRACON& Tower with Radar,44,57,63,9,173,0,0,44,7,51,44,57,107,16,224,56,0,56,280
03/26/2012,SAV,GA,ASO,ES,Combined TRACON& Tower with Radar,46,49,46,7,148,0,0,43,2,45,46,49,89,9,193,58,0,58,251
03/27/2012,SAV,GA,ASO,ES,Combined TRACON& Tower with Radar,55,78,63,11,207,0,9,38,4,51,55,87,101,15,258,55,4,59,317
03/28/2012,SAV,GA,ASO,ES,Combined TRACON& Tower with Radar,45,73,80,21,219,0,9,39,4,52,45,82,119,25,271,66,0,66,337
03/29/2012,SAV,GA,ASO,ES,Combined TRACON& Tower with Radar,47,51,91,12,201,0,4,53,6,63,47,55,144,18,264,60,2,62,326
03/30/2012,SAV,GA,ASO,ES,Combined TRACON& Tower with Radar,48,74,97,9,228,0,4,54,1,59,48,78,151,10,287,80,0,80,367
03/31/2012,SAV,GA,ASO,ES,Combined TRACON& Tower with Radar,37,43,75,2,157,0,0,11,0,11,37,43,86,2,168,62,0,62,230
04/01/2012,SAV,GA,ASO,ES,Combined TRACON& Tower with Radar,41,76,58,6,181,0,2,63,0,65,41,78,121,6,246,90,0,90,336
04/02/2012,SAV,GA,ASO,ES,Combined TRACON& Tower with Radar,37,89,61,8,195,0,6,53,1,60,37,95,114,9,255,50,0,50,305
04/03/2012,SAV,GA,ASO,ES,Combined TRACON& Tower with Radar,38,70,73,10,191,0,10,23,0,33,38,80,96,10,224,2,0,2,226
04/04/2012,SAV,GA,ASO,ES,Combined TRACON& Tower with Radar,41,64,61,9,175,0,0,31,5,36,41,64,92,14,211,31,0,31,242
04/05/2012,SAV,GA,ASO,ES,Combined TRACON& Tower with Radar,41,68,68,6,183,0,1,34,1,36,41,69,102,7,219,40,0,40,259
04/06/2012,SAV,GA,ASO,ES,Combined TRACON& Tower with Radar,39,75,65,5,184,0,0,6,0,6,39,75,71,5,190,0,0,0,190
04/07/2012,SAV,GA,ASO,ES,Combined TRACON& Tower with Radar,36,55,32,4,127,0,1,57,0,58,36,56,89,4,185,74,0,74,259
04/08/2012,SAV,GA,ASO,ES,Combined TRACON& Tower with Radar,40,51,52,0,143,0,0,27,2,29,40,51,79,2,172,8,1,9,181
04/09/2012,SAV,GA,ASO,ES,Combined TRACON& Tower with Radar,37,80,67,13,197,0,2,42,0,44,37,82,109,13,241,42,2,44,285
04/10/2012,SAV,GA,ASO,ES,Combined TRACON& Tower with Radar,38,67,45,28,178,0,0,58,7,65,38,67,103,35,243,28,0,28,271
04/11/2012,SAV,GA,ASO,ES,Combined TRACON& Tower with Radar,41,60,71,10,182,0,3,48,2,53,41,63,119,12,235,4,2,6,241
04/12/2012,SAV,GA,ASO,ES,Combined TRACON& Tower with Radar,41,90,80,11,222,0,2,34,7,43,41,92,114,18,265,51,6,57,322
04/13/2012,SAV,GA,ASO,ES,Combined TRACON& Tower with Radar,41,70,103,28,242,0,5,68,11,84,41,75,171,39,326,62,12,74,400
04/14/2012,SAV,GA,ASO,ES,Combined TRACON& Tower with Radar,38,65,65,19,187,0,0,60,3,63,38,65,125,22,250,26,18,44,294
04/15/2012,SAV,GA,ASO,ES,Combined TRACON& Tower with Radar,41,59,84,26,210,0,0,44,4,48,41,59,128,30,258,55,2,57,315
04/16/2012,SAV,GA,ASO,ES,Combined TRACON& Tower with Radar,40,67,45,36,188,0,0,36,4,40,40,67,81,40,228,18,6,24,252
04/17/2012,SAV,GA,ASO,ES,Combined TRACON& Tower with Radar,38,60,57,22,177,0,0,31,12,43,38,60,88,34,220,31,0,31,251
04/18/2012,SAV,GA,ASO,ES,Combined TRACON& Tower with Radar,41,59,61,10,171,0,1,13,2,16,41,60,74,12,187,14,0,14,201
04/19/2012,SAV,GA,ASO,ES,Combined TRACON& Tower with Radar,42,80,68,18,208,0,0,10,5,15,42,80,78,23,223,30,2,32,255
04/20/2012,SAV,GA,ASO,ES,Combined TRACON& Tower with Radar,41,61,89,15,206,0,0,12,2,14,41,61,101,17,220,2,4,6,226
04/21/2012,SAV,GA,ASO,ES,Combined TRACON& Tower with Radar,40,52,53,14,159,0,0,26,0,26,40,52,79,14,185,32,20,52,237
04/22/2012,SAV,GA,ASO,ES,Combined TRACON& Tower with Radar,40,61,57,13,171,0,0,6,0,6,40,61,63,13,177,0,0,0,177
04/23/2012,SAV,GA,ASO,ES,Combined TRACON& Tower with Radar,40,75,50,7,172,0,0,12,1,13,40,75,62,8,185,2,0,2,187
04/24/2012,SAV,GA,ASO,ES,Combined TRACON& Tower with Radar,40,61,56,18,175,0,0,42,2,44,40,61,98,20,219,50,2,52,271
04/25/2012,SAV,GA,ASO,ES,Combined TRACON& Tower with Radar,41,68,85,12,206,0,1,29,6,36,41,69,114,18,242,22,0,22,264
04/26/2012,SAV,GA,ASO,ES,Combined TRACON& Tower with Radar,41,67,66,8,182,0,0,55,6,61,41,67,121,14,243,8,2,10,253
04/27/2012,SAV,GA,ASO,ES,Combined TRACON& Tower with Radar,41,62,64,9,176,0,0,26,4,30,41,62,90,13,206,18,2,20,226
04/28/2012,SAV,GA,ASO,ES,Combined TRACON& Tower with Radar,38,56,41,12,147,0,1,60,10,71,38,57,101,22,218,56,0,56,274
04/29/2012,SAV,GA,ASO,ES,Combined TRACON& Tower with Radar,40,55,75,21,191,0,4,47,5,56,40,59,122,26,247,18,0,18,265
04/30/2012,SAV,GA,ASO,ES,Combined TRACON& Tower with Radar,40,71,72,10,193,0,5,42,5,52,40,76,114,15,245,28,0,28,273
05/01/2012,SAV,GA,ASO,ES,Combined TRACON& Tower with Radar,39,57,56,13,165,0,4,43,1,48,39,61,99,14,213,58,9,67,280
05/02/2012,SAV,GA,ASO,ES,Combined TRACON& Tower with Radar,45,60,81,19,205,0,1,68,7,76,45,61,149,26,281,68,6,74,355
05/03/2012,SAV,GA,ASO,ES,Combined TRACON& Tower with Radar,42,59,53,11,165,0,2,35,9,46,42,61,88,20,211,78,0,78,289
05/04/2012,SAV,GA,ASO,ES,Combined TRACON& Tower with Radar,47,66,85,23,221,0,1,32,10,43,47,67,117,33,264,54,12,66,330
05/05/2012,SAV,GA,ASO,ES,Combined TRACON& Tower with Radar,38,41,36,23,138,0,0,40,8,48,38,41,76,31,186,62,4,66,252
05/06/2012,SAV,GA,ASO,ES,Combined TRACON& Tower with Radar,45,58,81,23,207,0,1,52,6,59,45,59,133,29,266,22,60,82,348
05/07/2012,SAV,GA,ASO,ES,Combined TRACON& Tower with Radar,44,58,46,5,153,0,0,13,5,18,44,58,59,10,171,0,0,0,171
05/08/2012,SAV,GA,ASO,ES,Combined TRACON& Tower with Radar,39,56,74,10,179,0,2,21,4,27,39,58,95,14,206,8,8,16,222
05/09/2012,SAV,GA,ASO,ES,Combined TRACON& Tower with Radar,47,75,39,13,174,0,1,13,4,18,47,76,52,17,192,12,0,12,204
05/10/2012,SAV,GA,ASO,ES,Combined TRACON& Tower with Radar,45,56,53,9,163,0,0,43,3,46,45,56,96,12,209,32,0,32,241
05/11/2012,SAV,GA,ASO,ES,Combined TRACON& Tower with Radar,45,57,75,14,191,0,0,42,3,45,45,57,117,17,236,27,1,28,264
05/12/2012,SAV,GA,ASO,ES,Combined TRACON& Tower with Radar,36,49,53,4,142,0,2,52,0,54,36,51,105,4,196,20,0,20,216
05/13/2012,SAV,GA,ASO,ES,Combined TRACON& Tower with Radar,43,51,36,3,133,0,0,8,6,14,43,51,44,9,147,0,0,0,147
05/14/2012,SAV,GA,ASO,ES,Combined TRACON& Tower with Radar,42,59,50,4,155,0,0,17,5,22,42,59,67,9,177,18,0,18,195
05/15/2012,SAV,GA,ASO,ES,Combined TRACON& Tower with Radar,43,72,38,12,165,0,1,36,7,44,43,73,74,19,209,30,2,32,241
05/16/2012,SAV,GA,ASO,ES,Combined TRACON& Tower with Radar,44,66,65,15,190,0,8,40,13,61,44,74,105,28,251,38,6,44,295
05/17/2012,SAV,GA,ASO,ES,Combined TRACON& Tower with Radar,44,55,66,2,167,0,0,37,5,42,44,55,103,7,209,34,0,34,243
05/18/2012,SAV,GA,ASO,ES,Combined TRACON& Tower with Radar,44,69,60,28,201,0,0,20,2,22,44,69,80,30,223,10,6,16,239
05/19/2012,SAV,GA,ASO,ES,Combined TRACON& Tower with Radar,41,46,33,32,152,0,0,50,10,60,41,46,83,42,212,52,20,72,284
05/20/2012,SAV,GA,ASO,ES,Combined TRACON& Tower with Radar,41,50,55,19,165,0,0,14,4,18,41,50,69,23,183,10,0,10,193
05/21/2012,SAV,GA,ASO,ES,Combined TRACON& Tower with Radar,41,61,44,9,155,0,0,31,0,31,41,61,75,9,186,28,0,28,214
05/22/2012,SAV,GA,ASO,ES,Combined TRACON& Tower with Radar,40,64,35,14,153,1,2,31,7,41,41,66,66,21,194,34,0,34,228
05/23/2012,SAV,GA,ASO,ES,Combined TRACON& Tower with Radar,44,62,45,11,162,0,2,40,6,48,44,64,85,17,210,34,6,40,250
05/24/2012,SAV,GA,ASO,ES,Combined TRACON& Tower with Radar,43,63,48,9,163,0,2,30,9,41,43,65,78,18,204,48,0,48,252
05/25/2012,SAV,GA,ASO,ES,Combined TRACON& Tower with Radar,49,63,91,10,213,0,0,35,6,41,49,63,126,16,254,58,0,58,312
05/26/2012,SAV,GA,ASO,ES,Combined TRACON& Tower with Radar,36,43,40,3,122,0,0,44,3,47,36,43,84,6,169,26,0,26,195
05/27/2012,SAV,GA,ASO,ES,Combined TRACON& Tower with Radar,34,45,28,3,110,0,0,3,0,3,34,45,31,3,113,16,0,16,129
05/28/2012,SAV,GA,ASO,ES,Combined TRACON& Tower with Radar,37,53,25,0,115,0,0,3,0,3,37,53,28,0,118,0,0,0,118
05/29/2012,SAV,GA,ASO,ES,Combined TRACON& Tower with Radar,41,54,29,0,124,0,0,0,0,0,41,54,29,0,124,0,0,0,124
05/30/2012,SAV,GA,ASO,ES,Combined TRACON& Tower with Radar,44,63,62,5,174,0,0,28,0,28,44,63,90,5,202,103,4,107,309
05/31/2012,SAV,GA,ASO,ES,Combined TRACON& Tower with Radar,44,54,70,17,185,0,1,36,4,41,44,55,106,21,226,96,6,102,328
06/01/2012,SAV,GA,ASO,ES,Combined TRACON& Tower with Radar,44,60,35,12,151,0,1,16,2,19,44,61,51,14,170,46,2,48,218
06/02/2012,SAV,GA,ASO,ES,Combined TRACON& Tower with Radar,45,51,51,11,158,0,0,51,5,56,45,51,102,16,214,60,22,82,296
06/03/2012,SAV,GA,ASO,ES,Combined TRACON& Tower with Radar,38,48,53,22,161,0,0,63,0,63,38,48,116,22,224,54,24,78,302
06/04/2012,SAV,GA,ASO,ES,Combined TRACON& Tower with Radar,43,64,48,3,158,0,0,17,1,18,43,64,65,4,176,44,0,44,220
06/05/2012,SAV,GA,ASO,ES,Combined TRACON& Tower with Radar,41,58,47,5,151,0,0,18,3,21,41,58,65,8,172,16,0,16,188
06/06/2012,SAV,GA,ASO,ES,Combined TRACON& Tower with Radar,43,55,53,15,166,0,0,8,0,8,43,55,61,15,174,10,0,10,184
06/07/2012,SAV,GA,ASO,ES,Combined TRACON& Tower with Radar,44,56,40,10,150,0,0,14,4,18,44,56,54,14,168,38,16,54,222
06/08/2012,SAV,GA,ASO,ES,Combined TRACON& Tower with Radar,43,61,50,16,170,0,0,30,3,33,43,61,80,19,203,40,2,42,245
06/09/2012,SAV,GA,ASO,ES,Combined TRACON& Tower with Radar,40,41,43,2,126,0,0,51,2,53,40,41,94,4,179,45,0,45,224
06/10/2012,SAV,GA,ASO,ES,Combined TRACON& Tower with Radar,38,52,49,7,146,0,0,6,6,12,38,52,55,13,158,8,0,8,166
06/11/2012,SAV,GA,ASO,ES,Combined TRACON& Tower with Radar,44,56,58,9,167,0,0,8,0,8,44,56,66,9,175,0,0,0,175
06/12/2012,SAV,GA,ASO,ES,Combined TRACON& Tower with Radar,42,67,71,5,185,0,0,8,1,9,42,67,79,6,194,6,0,6,200
06/13/2012,SAV,GA,ASO,ES,Combined TRACON& Tower with Radar,48,50,66,13,177,0,2,22,5,29,48,52,88,18,206,84,0,84,290
06/14/2012,SAV,GA,ASO,ES,Combined TRACON& Tower with Radar,43,66,51,17,177,0,1,35,4,40,43,67,86,21,217,74,0,74,291
06/15/2012,SAV,GA,ASO,ES,Combined TRACON& Tower with Radar,46,66,67,20,199,0,0,55,10,65,46,66,122,30,264,50,6,56,320
06/16/2012,SAV,GA,ASO,ES,Combined TRACON& Tower with Radar,44,48,44,20,156,0,0,57,1,58,44,48,101,21,214,80,4,84,298
06/17/2012,SAV,GA,ASO,ES,Combined TRACON& Tower with Radar,39,55,36,23,153,0,0,32,4,36,39,55,68,27,189,18,0,18,207
06/18/2012,SAV,GA,ASO,ES,Combined TRACON& Tower with Radar,43,63,61,7,174,0,1,43,1,45,43,64,104,8,219,7,12,19,238
06/19/2012,SAV,GA,ASO,ES,Combined TRACON& Tower with Radar,41,64,52,17,174,0,0,28,13,41,41,64,80,30,215,42,0,42,257
06/20/2012,SAV,GA,ASO,ES,Combined TRACON& Tower with Radar,43,67,66,13,189,0,1,41,3,45,43,68,107,16,234,38,2,40,274
06/21/2012,SAV,GA,ASO,ES,Combined TRACON& Tower with Radar,43,63,48,11,165,0,0,41,7,48,43,63,89,18,213,21,6,27,240
06/22/2012,SAV,GA,ASO,ES,Combined TRACON& Tower with Radar,40,50,54,22,166,0,1,34,9,44,40,51,88,31,210,50,6,56,266
06/23/2012,SAV,GA,ASO,ES,Combined TRACON& Tower with Radar,40,53,56,33,182,0,0,42,11,53,40,53,98,44,235,6,8,14,249
06/24/2012,SAV,GA,ASO,ES,Combined TRACON& Tower with Radar,37,47,53,64,201,0,0,38,6,44,37,47,91,70,245,40,6,46,291
06/25/2012,SAV,GA,ASO,ES,Combined TRACON& Tower with Radar,43,44,37,13,137,0,0,3,0,3,43,44,40,13,140,0,0,0,140
06/26/2012,SAV,GA,ASO,ES,Combined TRACON& Tower with Radar,42,64,41,23,170,0,0,0,1,1,42,64,41,24,171,0,0,0,171
06/27/2012,SAV,GA,ASO,ES,Combined TRACON& Tower with Radar,44,66,63,27,200,0,7,32,6,45,44,73,95,33,245,38,23,61,306
06/28/2012,SAV,GA,ASO,ES,Combined TRACON& Tower with Radar,43,61,66,12,182,0,3,47,7,57,43,64,113,19,239,8,12,20,259
06/29/2012,SAV,GA,ASO,ES,Combined TRACON& Tower with Radar,43,52,66,11,172,0,2,45,10,57,43,54,111,21,229,44,0,44,273
06/30/2012,SAV,GA,ASO,ES,Combined TRACON& Tower with Radar,39,55,19,3,116,0,0,42,8,50,39,55,61,11,166,30,0,30,196
07/01/2012,SAV,GA,ASO,ES,Combined TRACON& Tower with Radar,38,40,48,6,132,0,0,32,3,35,38,40,80,9,167,44,0,44,211
07/02/2012,SAV,GA,ASO,ES,Combined TRACON& Tower with Radar,43,60,39,24,166,0,0,32,2,34,43,60,71,26,200,23,10,33,233
07/03/2012,SAV,GA,ASO,ES,Combined TRACON& Tower with Radar,43,72,38,9,162,0,9,32,2,43,43,81,70,11,205,50,0,50,255
07/04/2012,SAV,GA,ASO,ES,Combined TRACON& Tower with Radar,31,29,11,0,71,0,0,22,4,26,31,29,33,4,97,0,0,0,97
07/05/2012,SAV,GA,ASO,ES,Combined TRACON& Tower with Radar,35,59,39,5,138,0,4,20,2,26,35,63,59,7,164,44,0,44,208
07/06/2012,SAV,GA,ASO,ES,Combined TRACON& Tower with Radar,43,50,33,7,133,0,0,21,3,24,43,50,54,10,157,28,18,46,203
07/07/2012,SAV,GA,ASO,ES,Combined TRACON& Tower with Radar,37,63,36,9,145,0,0,53,10,63,37,63,89,19,208,36,0,36,244
07/08/2012,SAV,GA,ASO,ES,Combined TRACON& Tower with Radar,41,45,49,5,140,0,0,41,5,46,41,45,90,10,186,34,0,34,220
07/09/2012,SAV,GA,ASO,ES,Combined TRACON& Tower with Radar,39,62,53,12,166,0,0,26,3,29,39,62,79,15,195,60,6,66,261
07/10/2012,SAV,GA,ASO,ES,Combined TRACON& Tower with Radar,44,65,40,19,168,0,1,40,4,45,44,66,80,23,213,40,0,40,253
07/11/2012,SAV,GA,ASO,ES,Combined TRACON& Tower with Radar,42,63,43,7,155,0,2,18,4,24,42,65,61,11,179,34,0,34,213
07/12/2012,SAV,GA,ASO,ES,Combined TRACON& Tower with Radar,41,68,48,14,171,0,0,26,3,29,41,68,74,17,200,40,0,40,240
07/13/2012,SAV,GA,ASO,ES,Combined TRACON& Tower with Radar,44,61,39,25,169,0,1,27,3,31,44,62,66,28,200,56,20,76,276
07/14/2012,SAV,GA,ASO,ES,Combined TRACON& Tower with Radar,52,54,43,9,158,0,2,39,12,53,52,56,82,21,211,58,0,58,269
07/15/2012,SAV,GA,ASO,ES,Combined TRACON& Tower with Radar,38,47,43,15,143,0,0,22,11,33,38,47,65,26,176,82,20,102,278
07/16/2012,SAV,GA,ASO,ES,Combined TRACON& Tower with Radar,38,53,27,17,135,0,2,25,0,27,38,55,52,17,162,8,8,16,178
07/17/2012,SAV,GA,ASO,ES,Combined TRACON& Tower with Radar,40,64,38,6,148,0,2,25,2,29,40,66,63,8,177,26,2,28,205
07/18/2012,SAV,GA,ASO,ES,Combined TRACON& Tower with Radar,40,44,65,5,154,0,0,31,1,32,40,44,96,6,186,36,0,36,222
07/19/2012,SAV,GA,ASO,ES,Combined TRACON& Tower with Radar,38,48,52,27,165,0,0,33,3,36,38,48,85,30,201,66,19,85,286
07/20/2012,SAV,GA,ASO,ES,Combined TRACON& Tower with Radar,38,60,62,21,181,0,0,57,2,59,38,60,119,23,240,26,0,26,266
07/21/2012,SAV,GA,ASO,ES,Combined TRACON& Tower with Radar,44,57,40,16,157,0,2,43,2,47,44,59,83,18,204,32,0,32,236
07/22/2012,SAV,GA,ASO,ES,Combined TRACON& Tower with Radar,36,46,35,22,139,0,1,39,2,42,36,47,74,24,181,32,0,32,213
07/23/2012,SAV,GA,ASO,ES,Combined TRACON& Tower with Radar,49,55,40,8,152,0,1,29,2,32,49,56,69,10,184,77,0,77,261
07/24/2012,SAV,GA,ASO,ES,Combined TRACON& Tower with Radar,39,61,44,40,184,0,0,44,6,50,39,61,88,46,234,36,28,64,298
07/25/2012,SAV,GA,ASO,ES,Combined TRACON& Tower with Radar,41,66,54,28,189,0,2,39,5,46,41,68,93,33,235,57,4,61,296
07/26/2012,SAV,GA,ASO,ES,Combined TRACON& Tower with Radar,40,70,53,38,201,0,0,66,9,75,40,70,119,47,276,25,56,81,357
07/27/2012,SAV,GA,ASO,ES,Combined TRACON& Tower with Radar,38,75,60,15,188,0,0,46,5,51,38,75,106,20,239,26,0,26,265
07/28/2012,SAV,GA,ASO,ES,Combined TRACON& Tower with Radar,48,45,39,17,149,0,0,34,4,38,48,45,73,21,187,54,2,56,243
07/29/2012,SAV,GA,ASO,ES,Combined TRACON& Tower with Radar,40,44,39,17,140,0,0,24,1,25,40,44,63,18,165,60,0,60,225
07/30/2012,SAV,GA,ASO,ES,Combined TRACON& Tower with Radar,41,65,36,16,158,0,0,14,3,17,41,65,50,19,175,26,4,30,205
07/31/2012,SAV,GA,ASO,ES,Combined TRACON& Tower with Radar,40,57,53,21,171,0,0,9,1,10,40,57,62,22,181,22,0,22,203
08/01/2012,SAV,GA,ASO,ES,Combined TRACON& Tower with Radar,38,65,53,36,192,0,2,35,6,43,38,67,88,42,235,40,14,54,289
08/02/2012,SAV,GA,ASO,ES,Combined TRACON& Tower with Radar,43,56,46,31,176,0,2,12,3,17,43,58,58,34,193,44,2,46,239
08/03/2012,SAV,GA,ASO,ES,Combined TRACON& Tower with Radar,39,56,56,42,193,0,2,51,7,60,39,58,107,49,253,44,17,61,314
08/04/2012,SAV,GA,ASO,ES,Combined TRACON& Tower with Radar,44,51,39,30,164,0,0,46,7,53,44,51,85,37,217,27,0,27,244
08/05/2012,SAV,GA,ASO,ES,Combined TRACON& Tower with Radar,37,55,25,43,160,0,0,13,2,15,37,55,38,45,175,32,10,42,217
08/06/2012,SAV,GA,ASO,ES,Combined TRACON& Tower with Radar,38,55,47,43,183,0,0,13,0,13,38,55,60,43,196,48,22,70,266
08/07/2012,SAV,GA,ASO,ES,Combined TRACON& Tower with Radar,42,61,47,22,172,0,4,11,4,19,42,65,58,26,191,28,11,39,230
08/08/2012,SAV,GA,ASO,ES,Combined TRACON& Tower with Radar,37,81,58,33,209,0,0,13,2,15,37,81,71,35,224,10,0,10,234
08/09/2012,SAV,GA,ASO,ES,Combined TRACON& Tower with Radar,37,67,54,25,183,0,0,13,2,15,37,67,67,27,198,8,0,8,206
08/10/2012,SAV,GA,ASO,ES,Combined TRACON& Tower with Radar,38,69,44,13,164,0,2,34,5,41,38,71,78,18,205,4,6,10,215
08/11/2012,SAV,GA,ASO,ES,Combined TRACON& Tower with Radar,45,47,36,6,134,0,0,23,4,27,45,47,59,10,161,16,2,18,179
08/12/2012,SAV,GA,ASO,ES,Combined TRACON& Tower with Radar,40,63,43,6,152,0,0,55,8,63,40,63,98,14,215,68,0,68,283
08/13/2012,SAV,GA,ASO,ES,Combined TRACON& Tower with Radar,42,48,45,33,168,0,0,48,2,50,42,48,93,35,218,76,0,76,294
08/14/2012,SAV,GA,ASO,ES,Combined TRACON& Tower with Radar,43,52,45,44,184,0,1,38,5,44,43,53,83,49,228,52,14,66,294
08/15/2012,SAV,GA,ASO,ES,Combined TRACON& Tower with Radar,42,55,45,32,174,0,0,28,5,33,42,55,73,37,207,63,8,71,278
08/16/2012,SAV,GA,ASO,ES,Combined TRACON& Tower with Radar,44,58,45,22,169,0,1,20,4,25,44,59,65,26,194,38,2,40,234
08/17/2012,SAV,GA,ASO,ES,Combined TRACON& Tower with Radar,43,65,55,48,211,0,1,37,3,41,43,66,92,51,252,30,0,30,282
08/18/2012,SAV,GA,ASO,ES,Combined TRACON& Tower with Radar,42,42,24,23,131,0,0,66,6,72,42,42,90,29,203,32,0,32,235
08/19/2012,SAV,GA,ASO,ES,Combined TRACON& Tower with Radar,40,47,34,22,143,0,1,12,7,20,40,48,46,29,163,6,3,9,172
08/20/2012,SAV,GA,ASO,ES,Combined TRACON& Tower with Radar,40,66,38,34,178,0,0,12,2,14,40,66,50,36,192,32,16,48,240
08/21/2012,SAV,GA,ASO,ES,Combined TRACON& Tower with Radar,46,63,52,28,189,0,0,15,8,23,46,63,67,36,212,22,8,30,242
08/22/2012,SAV,GA,ASO,ES,Combined TRACON& Tower with Radar,44,86,32,29,191,0,5,16,1,22,44,91,48,30,213,18,4,22,235
08/23/2012,SAV,GA,ASO,ES,Combined TRACON& Tower with Radar,43,71,62,19,195,0,0,7,0,7,43,71,69,19,202,13,0,13,215
08/24/2012,SAV,GA,ASO,ES,Combined TRACON& Tower with Radar,43,59,63,46,211,0,1,33,7,41,43,60,96,53,252,27,10,37,289
08/25/2012,SAV,GA,ASO,ES,Combined TRACON& Tower with Radar,40,46,31,32,149,0,0,89,4,93,40,46,120,36,242,46,2,48,290
08/26/2012,SAV,GA,ASO,ES,Combined TRACON& Tower with Radar,39,50,39,15,143,0,0,35,8,43,39,50,74,23,186,58,26,84,270
08/27/2012,SAV,GA,ASO,ES,Combined TRACON& Tower with Radar,41,51,54,6,152,0,0,5,1,6,41,51,59,7,158,0,0,0,158
08/28/2012,SAV,GA,ASO,ES,Combined TRACON& Tower with Radar,44,70,34,6,154,0,0,8,0,8,44,70,42,6,162,10,2,12,174
08/29/2012,SAV,GA,ASO,ES,Combined TRACON& Tower with Radar,43,62,45,3,153,0,0,19,0,19,43,62,64,3,172,51,0,51,223
08/30/2012,SAV,GA,ASO,ES,Combined TRACON& Tower with Radar,43,64,45,3,155,0,1,13,2,16,43,65,58,5,171,11,0,11,182
08/31/2012,SAV,GA,ASO,ES,Combined TRACON& Tower with Radar,44,67,73,14,198,0,4,44,1,49,44,71,117,15,247,62,4,66,313
09/01/2012,SAV,GA,ASO,ES,Combined TRACON& Tower with Radar,35,46,43,0,124,0,2,47,0,49,35,48,90,0,173,10,0,10,183
09/02/2012,SAV,GA,ASO,ES,Combined TRACON& Tower with Radar,31,41,22,1,95,0,0,35,2,37,31,41,57,3,132,18,0,18,150
09/03/2012,SAV,GA,ASO,ES,Combined TRACON& Tower with Radar,42,32,47,0,121,0,0,39,0,39,42,32,86,0,160,20,0,20,180
09/04/2012,SAV,GA,ASO,ES,Combined TRACON& Tower with Radar,38,51,53,14,156,0,3,24,5,32,38,54,77,19,188,60,0,60,248
09/05/2012,SAV,GA,ASO,ES,Combined TRACON& Tower with Radar,46,49,50,7,152,0,0,30,2,32,46,49,80,9,184,70,8,78,262
09/06/2012,SAV,GA,ASO,ES,Combined TRACON& Tower with Radar,43,50,48,16,157,0,2,32,6,40,43,52,80,22,197,32,2,34,231
09/07/2012,SAV,GA,ASO,ES,Combined TRACON& Tower with Radar,45,64,48,7,164,0,0,37,2,39,45,64,85,9,203,52,0,52,255
09/08/2012,SAV,GA,ASO,ES,Combined TRACON& Tower with Radar,37,46,28,0,111,0,0,27,0,27,37,46,55,0,138,22,0,22,160
09/09/2012,SAV,GA,ASO,ES,Combined TRACON& Tower with Radar,40,57,52,8,157,0,0,21,4,25,40,57,73,12,182,42,2,44,226
09/10/2012,SAV,GA,ASO,ES,Combined TRACON& Tower with Radar,39,55,30,14,138,0,0,39,6,45,39,55,69,20,183,16,0,16,199
09/11/2012,SAV,GA,ASO,ES,Combined TRACON& Tower with Radar,40,43,56,21,160,0,0,39,18,57,40,43,95,39,217,24,4,28,245
09/12/2012,SAV,GA,ASO,ES,Combined TRACON& Tower with Radar,44,55,55,13,167,0,0,44,9,53,44,55,99,22,220,74,4,78,298
09/13/2012,SAV,GA,ASO,ES,Combined TRACON& Tower with Radar,45,71,45,14,175,0,0,22,7,29,45,71,67,21,204,6,2,8,212
09/14/2012,SAV,GA,ASO,ES,Combined TRACON& Tower with Radar,43,56,66,42,207,0,1,46,5,52,43,57,112,47,259,40,0,40,299
09/15/2012,SAV,GA,ASO,ES,Combined TRACON& Tower with Radar,38,49,42,24,153,0,0,60,7,67,38,49,102,31,220,54,32,86,306
09/16/2012,SAV,GA,ASO,ES,Combined TRACON& Tower with Radar,40,45,45,17,147,0,0,61,5,66,40,45,106,22,213,16,10,26,239
09/17/2012,SAV,GA,ASO,ES,Combined TRACON& Tower with Radar,40,45,44,10,139,0,0,27,5,32,40,45,71,15,171,34,4,38,209
09/18/2012,SAV,GA,ASO,ES,Combined TRACON& Tower with Radar,39,50,32,5,126,0,0,5,2,7,39,50,37,7,133,45,2,47,180
09/19/2012,SAV,GA,ASO,ES,Combined TRACON& Tower with Radar,43,61,64,25,193,0,0,20,2,22,43,61,84,27,215,82,2,84,299
09/20/2012,SAV,GA,ASO,ES,Combined TRACON& Tower with Radar,44,55,63,3,165,0,0,25,1,26,44,55,88,4,191,58,1,59,250
09/21/2012,SAV,GA,ASO,ES,Combined TRACON& Tower with Radar,48,62,63,22,195,0,0,47,2,49,48,62,110,24,244,41,4,45,289
09/22/2012,SAV,GA,ASO,ES,Combined TRACON& Tower with Radar,37,46,44,4,131,0,0,65,0,65,37,46,109,4,196,28,0,28,224
09/23/2012,SAV,GA,ASO,ES,Combined TRACON& Tower with Radar,41,45,50,7,143,0,2,72,6,80,41,47,122,13,223,60,24,84,307
09/24/2012,SAV,GA,ASO,ES,Combined TRACON& Tower with Radar,41,58,43,8,150,0,0,36,3,39,41,58,79,11,189,26,0,26,215
09/25/2012,SAV,GA,ASO,ES,Combined TRACON& Tower with Radar,40,61,48,7,156,0,0,41,11,52,40,61,89,18,208,43,0,43,251
09/26/2012,SAV,GA,ASO,ES,Combined TRACON& Tower with Radar,43,65,57,15,180,0,0,34,1,35,43,65,91,16,215,20,16,36,251
09/27/2012,SAV,GA,ASO,ES,Combined TRACON& Tower with Radar,44,55,67,25,191,0,1,25,2,28,44,56,92,27,219,106,4,110,329
09/28/2012,SAV,GA,ASO,ES,Combined TRACON& Tower with Radar,43,58,59,37,197,0,2,40,1,43,43,60,99,38,240,52,28,80,320
09/29/2012,SAV,GA,ASO,ES,Combined TRACON& Tower with Radar,39,50,38,1,128,0,6,36,0,42,39,56,74,1,170,34,0,34,204
09/30/2012,SAV,GA,ASO,ES,Combined TRACON& Tower with Radar,41,61,52,27,181,0,0,10,6,16,41,61,62,33,197,32,4,36,233
10/01/2012,SAV,GA,ASO,ES,Combined TRACON& Tower with Radar,41,60,47,20,168,0,5,22,4,31,41,65,69,24,199,65,12,77,276
10/02/2012,SAV,GA,ASO,ES,Combined TRACON& Tower with Radar,42,64,53,7,166,0,1,17,1,19,42,65,70,8,185,40,0,40,225
10/03/2012,SAV,GA,ASO,ES,Combined TRACON& Tower with Radar,46,61,64,12,183,0,0,15,0,15,46,61,79,12,198,38,0,38,236
10/04/2012,SAV,GA,ASO,ES,Combined TRACON& Tower with Radar,46,85,66,5,202,0,0,15,0,15,46,85,81,5,217,32,0,32,249
10/05/2012,SAV,GA,ASO,ES,Combined TRACON& Tower with Radar,44,82,82,12,220,0,2,57,6,65,44,84,139,18,285,112,0,112,397
10/06/2012,SAV,GA,ASO,ES,Combined TRACON& Tower with Radar,39,47,47,5,138,0,0,47,2,49,39,47,94,7,187,70,0,70,257
10/07/2012,SAV,GA,ASO,ES,Combined TRACON& Tower with Radar,41,51,48,10,150,0,0,34,6,40,41,51,82,16,190,64,4,68,258
10/08/2012,SAV,GA,ASO,ES,Combined TRACON& Tower with Radar,45,66,55,1,167,0,0,2,0,2,45,66,57,1,169,2,0,2,171
10/09/2012,SAV,GA,ASO,ES,Combined TRACON& Tower with Radar,43,74,75,4,196,0,0,29,1,30,43,74,104,5,226,32,0,32,258
10/10/2012,SAV,GA,ASO,ES,Combined TRACON& Tower with Radar,48,63,77,12,200,0,1,28,8,37,48,64,105,20,237,4,2,6,243
10/11/2012,SAV,GA,ASO,ES,Combined TRACON& Tower with Radar,45,61,67,12,185,0,3,46,3,52,45,64,113,15,237,10,10,20,257
10/12/2012,SAV,GA,ASO,ES,Combined TRACON& Tower with Radar,43,59,80,23,205,0,2,60,15,77,43,61,140,38,282,69,18,87,369
10/13/2012,SAV,GA,ASO,ES,Combined TRACON& Tower with Radar,39,44,34,12,129,0,2,56,5,63,39,46,90,17,192,62,14,76,268
10/14/2012,SAV,GA,ASO,ES,Combined TRACON& Tower with Radar,38,56,62,12,168,0,1,71,9,81,38,57,133,21,249,96,22,118,367
10/15/2012,SAV,GA,ASO,ES,Combined TRACON& Tower with Radar,45,61,63,6,175,0,2,30,1,33,45,63,93,7,208,81,0,81,289
10/16/2012,SAV,GA,ASO,ES,Combined TRACON& Tower with Radar,43,63,52,9,167,0,2,45,4,51,43,65,97,13,218,43,0,43,261
10/17/2012,SAV,GA,ASO,ES,Combined TRACON& Tower with Radar,44,66,57,13,180,0,2,33,3,38,44,68,90,16,218,52,0,52,270
10/18/2012,SAV,GA,ASO,ES,Combined TRACON& Tower with Radar,44,91,70,23,228,0,0,24,1,25,44,91,94,24,253,71,6,77,330
10/19/2012,SAV,GA,ASO,ES,Combined TRACON& Tower with Radar,41,90,54,20,205,0,4,45,17,66,41,94,99,37,271,16,0,16,287
10/20/2012,SAV,GA,ASO,ES,Combined TRACON& Tower with Radar,41,49,42,1,133,0,0,35,1,36,41,49,77,2,169,100,0,100,269
10/21/2012,SAV,GA,ASO,ES,Combined TRACON& Tower with Radar,41,56,50,11,158,0,0,50,9,59,41,56,100,20,217,130,10,140,357
10/22/2012,SAV,GA,ASO,ES,Combined TRACON& Tower with Radar,41,53,43,7,144,0,0,30,4,34,41,53,73,11,178,58,0,58,236
10/23/2012,SAV,GA,ASO,ES,Combined TRACON& Tower with Radar,44,48,51,2,145,0,0,30,2,32,44,48,81,4,177,70,0,70,247
10/24/2012,SAV,GA,ASO,ES,Combined TRACON& Tower with Radar,45,63,60,24,192,0,1,39,9,49,45,64,99,33,241,32,0,32,273
10/25/2012,SAV,GA,ASO,ES,Combined TRACON& Tower with Radar,43,63,82,6,194,0,0,27,5,32,43,63,109,11,226,2,14,16,242
10/26/2012,SAV,GA,ASO,ES,Combined TRACON& Tower with Radar,42,98,55,14,209,0,2,16,3,21,42,100,71,17,230,47,4,51,281
10/27/2012,SAV,GA,ASO,ES,Combined TRACON& Tower with Radar,36,47,31,8,122,0,1,6,4,11,36,48,37,12,133,0,0,0,133
10/28/2012,SAV,GA,ASO,ES,Combined TRACON& Tower with Radar,41,59,64,3,167,0,2,16,7,25,41,61,80,10,192,45,0,45,237
10/29/2012,SAV,GA,ASO,ES,Combined TRACON& Tower with Radar,36,46,30,2,114,0,3,11,7,21,36,49,41,9,135,2,0,2,137
10/30/2012,SAV,GA,ASO,ES,Combined TRACON& Tower with Radar,38,36,48,1,123,0,2,14,0,16,38,38,62,1,139,8,0,8,147
10/31/2012,SAV,GA,ASO,ES,Combined TRACON& Tower with Radar,38,59,53,3,153,0,2,23,3,28,38,61,76,6,181,84,0,84,265
11/01/2012,SAV,GA,ASO,ES,Combined TRACON& Tower with Radar,45,65,65,10,185,0,0,34,9,43,45,65,99,19,228,42,10,52,280
11/02/2012,SAV,GA,ASO,ES,Combined TRACON& Tower with Radar,46,78,76,33,233,0,2,54,7,63,46,80,130,40,296,70,0,70,366
11/03/2012,SAV,GA,ASO,ES,Combined TRACON& Tower with Radar,40,50,34,18,142,0,2,60,12,74,40,52,94,30,216,96,4,100,316
11/04/2012,SAV,GA,ASO,ES,Combined TRACON& Tower with Radar,43,50,63,26,182,0,0,47,10,57,43,50,110,36,239,20,0,20,259
11/05/2012,SAV,GA,ASO,ES,Combined TRACON& Tower with Radar,41,64,53,28,186,0,0,21,4,25,41,64,74,32,211,38,4,42,253
11/06/2012,SAV,GA,ASO,ES,Combined TRACON& Tower with Radar,38,62,45,7,152,0,0,6,10,16,38,62,51,17,168,40,2,42,210
11/07/2012,SAV,GA,ASO,ES,Combined TRACON& Tower with Radar,45,60,59,19,183,0,1,20,12,33,45,61,79,31,216,14,4,18,234
11/08/2012,SAV,GA,ASO,ES,Combined TRACON& Tower with Radar,46,58,68,10,182,0,2,44,9,55,46,60,112,19,237,4,0,4,241
11/09/2012,SAV,GA,ASO,ES,Combined TRACON& Tower with Radar,46,55,79,10,190,0,2,59,4,65,46,57,138,14,255,146,0,146,401
11/10/2012,SAV,GA,ASO,ES,Combined TRACON& Tower with Radar,42,51,40,2,135,0,1,68,3,72,42,52,108,5,207,144,0,144,351
11/11/2012,SAV,GA,ASO,ES,Combined TRACON& Tower with Radar,42,72,60,6,180,0,1,40,7,48,42,73,100,13,228,28,3,31,259
11/12/2012,SAV,GA,ASO,ES,Combined TRACON& Tower with Radar,44,61,48,0,153,0,0,22,8,30,44,61,70,8,183,86,0,86,269
11/13/2012,SAV,GA,ASO,ES,Combined TRACON& Tower with Radar,41,58,79,11,189,0,0,10,2,12,41,58,89,13,201,78,18,96,297
11/14/2012,SAV,GA,ASO,ES,Combined TRACON& Tower with Radar,45,58,61,13,177,0,0,1,4,5,45,58,62,17,182,44,0,44,226
11/15/2012,SAV,GA,ASO,ES,Combined TRACON& Tower with Radar,49,70,60,5,184,0,0,2,2,4,49,70,62,7,188,0,0,0,188
11/16/2012,SAV,GA,ASO,ES,Combined TRACON& Tower with Radar,47,74,84,9,214,0,3,10,6,19,47,77,94,15,233,62,8,70,303
11/17/2012,SAV,GA,ASO,ES,Combined TRACON& Tower with Radar,40,63,58,4,165,0,1,24,12,37,40,64,82,16,202,56,12,68,270
11/18/2012,SAV,GA,ASO,ES,Combined TRACON& Tower with Radar,42,53,71,5,171,0,0,17,4,21,42,53,88,9,192,30,8,38,230
11/19/2012,SAV,GA,ASO,ES,Combined TRACON& Tower with Radar,38,73,53,7,171,0,0,19,8,27,38,73,72,15,198,36,0,36,234
11/20/2012,SAV,GA,ASO,ES,Combined TRACON& Tower with Radar,48,65,62,2,177,0,0,33,12,45,48,65,95,14,222,98,4,102,324
11/21/2012,SAV,GA,ASO,ES,Combined TRACON& Tower with Radar,58,97,69,4,228,0,4,40,1,45,58,101,109,5,273,57,0,57,330
11/22/2012,SAV,GA,ASO,ES,Combined TRACON& Tower with Radar,25,22,15,2,64,0,2,18,3,23,25,24,33,5,87,6,0,6,93
11/23/2012,SAV,GA,ASO,ES,Combined TRACON& Tower with Radar,38,38,29,4,109,0,2,44,2,48,38,40,73,6,157,38,0,38,195
11/24/2012,SAV,GA,ASO,ES,Combined TRACON& Tower with Radar,53,45,69,3,170,0,1,46,4,51,53,46,115,7,221,32,6,38,259
11/25/2012,SAV,GA,ASO,ES,Combined TRACON& Tower with Radar,48,71,81,1,201,0,0,71,1,72,48,71,152,2,273,94,0,94,367
11/26/2012,SAV,GA,ASO,ES,Combined TRACON& Tower with Radar,48,66,50,10,174,0,3,41,1,45,48,69,91,11,219,50,0,50,269
11/27/2012,SAV,GA,ASO,ES,Combined TRACON& Tower with Radar,38,76,49,18,181,0,1,8,0,9,38,77,57,18,190,66,2,68,258
11/28/2012,SAV,GA,ASO,ES,Combined TRACON& Tower with Radar,43,63,74,15,195,0,0,11,0,11,43,63,85,15,206,34,2,36,242
11/29/2012,SAV,GA,ASO,ES,Combined TRACON& Tower with Radar,38,81,59,37,215,0,1,35,4,40,38,82,94,41,255,50,18,68,323
11/30/2012,SAV,GA,ASO,ES,Combined TRACON& Tower with Radar,43,59,52,54,208,0,2,25,5,32,43,61,77,59,240,40,4,44,284
12/01/2012,SAV,GA,ASO,ES,Combined TRACON& Tower with Radar,38,37,48,24,147,0,1,25,4,30,38,38,73,28,177,26,8,34,211
12/02/2012,SAV,GA,ASO,ES,Combined TRACON& Tower with Radar,36,41,61,21,159,0,1,55,7,63,36,42,116,28,222,28,14,42,264
12/03/2012,SAV,GA,ASO,ES,Combined TRACON& Tower with Radar,35,41,65,10,151,0,2,19,4,25,35,43,84,14,176,8,0,8,184
12/04/2012,SAV,GA,ASO,ES,Combined TRACON& Tower with Radar,38,59,64,13,174,0,1,40,8,49,38,60,104,21,223,62,2,64,287
12/05/2012,SAV,GA,ASO,ES,Combined TRACON& Tower with Radar,38,61,61,39,199,0,5,27,7,39,38,66,88,46,238,52,18,70,308
12/06/2012,SAV,GA,ASO,ES,Combined TRACON& Tower with Radar,38,57,66,4,165,0,0,34,6,40,38,57,100,10,205,21,0,21,226
12/07/2012,SAV,GA,ASO,ES,Combined TRACON& Tower with Radar,42,60,85,41,228,0,1,9,4,14,42,61,94,45,242,34,0,34,276
12/08/2012,SAV,GA,ASO,ES,Combined TRACON& Tower with Radar,38,38,49,12,137,0,0,33,14,47,38,38,82,26,184,66,10,76,260
12/09/2012,SAV,GA,ASO,ES,Combined TRACON& Tower with Radar,35,50,70,16,171,0,0,28,10,38,35,50,98,26,209,55,0,55,264
12/10/2012,SAV,GA,ASO,ES,Combined TRACON& Tower with Radar,35,67,57,7,166,0,0,17,9,26,35,67,74,16,192,21,0,21,213
12/11/2012,SAV,GA,ASO,ES,Combined TRACON& Tower with Radar,37,65,59,12,173,0,0,6,2,8,37,65,65,14,181,30,0,30,211
12/12/2012,SAV,GA,ASO,ES,Combined TRACON& Tower with Radar,38,67,64,13,182,0,0,7,2,9,38,67,71,15,191,8,0,8,199
12/13/2012,SAV,GA,ASO,ES,Combined TRACON& Tower with Radar,40,54,60,23,177,0,0,3,2,5,40,54,63,25,182,0,0,0,182
12/14/2012,SAV,GA,ASO,ES,Combined TRACON& Tower with Radar,37,80,61,21,199,0,0,36,2,38,37,80,97,23,237,66,8,74,311
12/15/2012,SAV,GA,ASO,ES,Combined TRACON& Tower with Radar,33,48,30,50,161,0,1,6,4,11,33,49,36,54,172,112,6,118,290
12/16/2012,SAV,GA,ASO,ES,Combined TRACON& Tower with Radar,36,40,50,26,152,0,0,24,2,26,36,40,74,28,178,56,0,56,234
12/17/2012,SAV,GA,ASO,ES,Combined TRACON& Tower with Radar,37,72,39,9,157,0,0,6,0,6,37,72,45,9,163,6,0,6,169
12/18/2012,SAV,GA,ASO,ES,Combined TRACON& Tower with Radar,37,87,61,12,197,0,3,26,0,29,37,90,87,12,226,16,2,18,244
12/19/2012,SAV,GA,ASO,ES,Combined TRACON& Tower with Radar,41,62,48,1,152,0,0,52,2,54,41,62,100,3,206,61,12,73,279
12/20/2012,SAV,GA,ASO,ES,Combined TRACON& Tower with Radar,40,68,39,11,158,0,0,20,3,23,40,68,59,14,181,8,8,16,197
12/21/2012,SAV,GA,ASO,ES,Combined TRACON& Tower with Radar,40,64,40,1,145,0,0,28,0,28,40,64,68,1,173,22,0,22,195
12/22/2012,SAV,GA,ASO,ES,Combined TRACON& Tower with Radar,34,59,52,0,145,0,0,50,0,50,34,59,102,0,195,48,0,48,243
12/23/2012,SAV,GA,ASO,ES,Combined TRACON& Tower with Radar,38,49,47,1,135,0,0,29,2,31,38,49,76,3,166,52,0,52,218
12/24/2012,SAV,GA,ASO,ES,Combined TRACON& Tower with Radar,32,33,22,0,87,0,0,14,2,16,32,33,36,2,103,10,0,10,113
12/25/2012,SAV,GA,ASO,ES,Combined TRACON& Tower with Radar,31,30,12,0,73,0,0,1,2,3,31,30,13,2,76,0,0,0,76
12/26/2012,SAV,GA,ASO,ES,Combined TRACON& Tower with Radar,40,65,50,0,155,0,0,5,1,6,40,65,55,1,161,0,0,0,161
12/27/2012,SAV,GA,ASO,ES,Combined TRACON& Tower with Radar,39,65,68,3,175,0,0,40,3,43,39,65,108,6,218,4,0,4,222
12/28/2012,SAV,GA,ASO,ES,Combined TRACON& Tower with Radar,43,57,74,15,189,0,3,38,0,41,43,60,112,15,230,34,16,50,280
12/29/2012,SAV,GA,ASO,ES,Combined TRACON& Tower with Radar,32,46,38,3,119,0,0,2,1,3,32,46,40,4,122,0,10,10,132
12/30/2012,SAV,GA,ASO,ES,Combined TRACON& Tower with Radar,37,49,54,0,140,0,0,43,4,47,37,49,97,4,187,42,0,42,229
12/31/2012,SAV,GA,ASO,ES,Combined TRACON& Tower with Radar,34,39,32,0,105,0,0,33,0,33,34,39,65,0,138,38,0,38,176
01/01/2013,SAV,GA,ASO,ES,Combined TRACON& Tower with Radar,33,41,37,0,111,0,0,14,0,14,33,41,51,0,125,0,0,0,125
01/02/2013,SAV,GA,ASO,ES,Combined TRACON& Tower with Radar,41,61,58,8,168,0,0,2,0,2,41,61,60,8,170,0,0,0,170
01/03/2013,SAV,GA,ASO,ES,Combined TRACON& Tower with Radar,30,61,49,11,151,0,0,2,0,2,30,61,51,11,153,4,0,4,157
01/04/2013,SAV,GA,ASO,ES,Combined TRACON& Tower with Radar,31,65,89,8,193,0,0,49,0,49,31,65,138,8,242,86,16,102,344
01/05/2013,SAV,GA,ASO,ES,Combined TRACON& Tower with Radar,27,51,54,7,139,0,0,53,5,58,27,51,107,12,197,34,12,46,243
01/06/2013,SAV,GA,ASO,ES,Combined TRACON& Tower with Radar,28,38,52,9,127,0,1,20,0,21,28,39,72,9,148,38,0,38,186
01/07/2013,SAV,GA,ASO,ES,Combined TRACON& Tower with Radar,33,40,57,6,136,0,0,42,0,42,33,40,99,6,178,26,0,26,204
01/08/2013,SAV,GA,ASO,ES,Combined TRACON& Tower with Radar,30,48,68,6,152,0,1,29,0,30,30,49,97,6,182,24,2,26,208
01/09/2013,SAV,GA,ASO,ES,Combined TRACON& Tower with Radar,36,44,48,26,154,0,0,10,0,10,36,44,58,26,164,52,30,82,246
01/10/2013,SAV,GA,ASO,ES,Combined TRACON& Tower with Radar,35,57,74,6,172,0,0,5,0,5,35,57,79,6,177,4,0,4,181
01/11/2013,SAV,GA,ASO,ES,Combined TRACON& Tower with Radar,40,54,62,32,188,0,0,23,12,35,40,54,85,44,223,50,2,52,275
01/12/2013,SAV,GA,ASO,ES,Combined TRACON& Tower with Radar,26,42,31,8,107,0,0,33,7,40,26,42,64,15,147,6,0,6,153
01/13/2013,SAV,GA,ASO,ES,Combined TRACON& Tower with Radar,33,39,42,17,131,0,0,43,8,51,33,39,85,25,182,59,0,59,241
01/14/2013,SAV,GA,ASO,ES,Combined TRACON& Tower with Radar,32,38,43,18,131,0,0,16,1,17,32,38,59,19,148,37,0,37,185
01/15/2013,SAV,GA,ASO,ES,Combined TRACON& Tower with Radar,31,39,57,15,142,0,0,16,5,21,31,39,73,20,163,38,14,52,215
01/16/2013,SAV,GA,ASO,ES,Combined TRACON& Tower with Radar,34,44,56,25,159,0,0,20,3,23,34,44,76,28,182,38,10,48,230
01/17/2013,SAV,GA,ASO,ES,Combined TRACON& Tower with Radar,30,55,65,3,153,0,1,11,1,13,30,56,76,4,166,28,0,28,194
01/18/2013,SAV,GA,ASO,ES,Combined TRACON& Tower with Radar,36,69,62,14,181,0,2,34,3,39,36,71,96,17,220,12,0,12,232
01/19/2013,SAV,GA,ASO,ES,Combined TRACON& Tower with Radar,25,38,33,14,110,0,0,42,6,48,25,38,75,20,158,38,4,42,200
01/20/2013,SAV,GA,ASO,ES,Combined TRACON& Tower with Radar,29,33,39,11,112,0,0,61,1,62,29,33,100,12,174,34,0,34,208
01/21/2013,SAV,GA,ASO,ES,Combined TRACON& Tower with Radar,33,53,77,1,164,0,0,33,0,33,33,53,110,1,197,107,0,107,304
01/22/2013,SAV,GA,ASO,ES,Combined TRACON& Tower with Radar,32,43,61,26,162,0,1,38,2,41,32,44,99,28,203,24,0,24,227
01/23/2013,SAV,GA,ASO,ES,Combined TRACON& Tower with Radar,31,59,44,8,142,0,1,24,0,25,31,60,68,8,167,56,4,60,227
01/24/2013,SAV,GA,ASO,ES,Combined TRACON& Tower with Radar,35,67,50,12,164,0,2,20,0,22,35,69,70,12,186,26,0,26,212
01/25/2013,SAV,GA,ASO,ES,Combined TRACON& Tower with Radar,33,58,31,14,136,0,0,15,9,24,33,58,46,23,160,40,0,40,200
01/26/2013,SAV,GA,ASO,ES,Combined TRACON& Tower with Radar,25,26,41,5,97,0,0,23,0,23,25,26,64,5,120,67,0,67,187
01/27/2013,SAV,GA,ASO,ES,Combined TRACON& Tower with Radar,27,40,40,18,125,0,0,40,0,40,27,40,80,18,165,34,0,34,199
01/28/2013,SAV,GA,ASO,ES,Combined TRACON& Tower with Radar,26,48,40,26,140,0,2,16,4,22,26,50,56,30,162,46,0,46,208
01/29/2013,SAV,GA,ASO,ES,Combined TRACON& Tower with Radar,27,41,57,10,135,0,0,14,1,15,27,41,71,11,150,59,0,59,209
01/30/2013,SAV,GA,ASO,ES,Combined TRACON& Tower with Radar,33,51,32,5,121,0,0,4,3,7,33,51,36,8,128,8,4,12,140
01/31/2013,SAV,GA,ASO,ES,Combined TRACON& Tower with Radar,37,51,55,27,170,0,0,26,1,27,37,51,81,28,197,6,4,10,207
02/01/2013,SAV,GA,ASO,ES,Combined TRACON& Tower with Radar,36,64,69,13,182,0,0,32,4,36,36,64,101,17,218,16,2,18,236
02/02/2013,SAV,GA,ASO,ES,Combined TRACON& Tower with Radar,25,52,55,9,141,0,5,69,2,76,25,57,124,11,217,60,6,66,283
02/03/2013,SAV,GA,ASO,ES,Combined TRACON& Tower with Radar,27,42,40,8,117,0,0,27,2,29,27,42,67,10,146,72,0,72,218
02/04/2013,SAV,GA,ASO,ES,Combined TRACON& Tower with Radar,29,48,46,9,132,0,0,25,2,27,29,48,71,11,159,32,8,40,199
02/05/2013,SAV,GA,ASO,ES,Combined TRACON& Tower with Radar,30,45,65,9,149,0,1,27,6,34,30,46,92,15,183,70,0,70,253
02/06/2013,SAV,GA,ASO,ES,Combined TRACON& Tower with Radar,36,51,83,3,173,0,2,34,4,40,36,53,117,7,213,64,0,64,277
02/07/2013,SAV,GA,ASO,ES,Combined TRACON& Tower with Radar,35,49,57,8,149,0,0,0,3,3,35,49,57,11,152,0,0,0,152
02/08/2013,SAV,GA,ASO,ES,Combined TRACON& Tower with Radar,35,60,68,31,194,0,0,18,2,20,35,60,86,33,214,100,8,108,322
02/09/2013,SAV,GA,ASO,ES,Combined TRACON& Tower with Radar,28,41,50,29,148,0,3,82,2,87,28,44,132,31,235,14,22,36,271
02/10/2013,SAV,GA,ASO,ES,Combined TRACON& Tower with Radar,32,45,42,5,124,0,0,26,1,27,32,45,68,6,151,64,0,64,215
02/11/2013,SAV,GA,ASO,ES,Combined TRACON& Tower with Radar,33,47,41,11,132,0,0,3,1,4,33,47,44,12,136,24,0,24,160
02/12/2013,SAV,GA,ASO,ES,Combined TRACON& Tower with Radar,34,56,36,8,134,0,0,0,0,0,34,56,36,8,134,0,0,0,134
02/13/2013,SAV,GA,ASO,ES,Combined TRACON& Tower with Radar,36,64,61,20,181,0,1,3,8,12,36,65,64,28,193,2,2,4,197
02/14/2013,SAV,GA,ASO,ES,Combined TRACON& Tower with Radar,36,76,68,16,196,0,0,33,7,40,36,76,101,23,236,55,8,63,299
02/15/2013,SAV,GA,ASO,ES,Combined TRACON& Tower with Radar,37,73,64,22,196,0,1,49,9,59,37,74,113,31,255,112,6,118,373
02/16/2013,SAV,GA,ASO,ES,Combined TRACON& Tower with Radar,28,59,41,2,130,0,0,16,7,23,28,59,57,9,153,26,46,72,225
02/17/2013,SAV,GA,ASO,ES,Combined TRACON& Tower with Radar,32,47,61,9,149,0,1,38,16,55,32,48,99,25,204,10,16,26,230
02/18/2013,SAV,GA,ASO,ES,Combined TRACON& Tower with Radar,36,63,48,1,148,0,1,56,2,59,36,64,104,3,207,15,0,15,222
02/19/2013,SAV,GA,ASO,ES,Combined TRACON& Tower with Radar,35,59,47,7,148,0,0,5,2,7,35,59,52,9,155,6,0,6,161
02/20/2013,SAV,GA,ASO,ES,Combined TRACON& Tower with Radar,36,69,88,5,198,0,0,40,1,41,36,69,128,6,239,44,0,44,283
02/21/2013,SAV,GA,ASO,ES,Combined TRACON& Tower with Radar,35,70,72,22,199,0,2,41,5,48,35,72,113,27,247,28,8,36,283
02/22/2013,SAV,GA,ASO,ES,Combined TRACON& Tower with Radar,33,74,50,27,184,0,0,0,0,0,33,74,50,27,184,12,0,12,196
02/23/2013,SAV,GA,ASO,ES,Combined TRACON& Tower with Radar,35,45,34,1,115,0,0,2,0,2,35,45,36,1,117,0,0,0,117
02/24/2013,SAV,GA,ASO,ES,Combined TRACON& Tower with Radar,36,52,64,8,160,0,0,75,4,79,36,52,139,12,239,88,8,96,335
02/25/2013,SAV,GA,ASO,ES,Combined TRACON& Tower with Radar,35,56,26,21,138,0,0,0,0,0,35,56,26,21,138,2,6,8,146
02/26/2013,SAV,GA,ASO,ES,Combined TRACON& Tower with Radar,36,52,40,10,138,0,0,4,3,7,36,52,44,13,145,6,18,24,169
02/27/2013,SAV,GA,ASO,ES,Combined TRACON& Tower with Radar,36,57,73,40,206,0,1,43,4,48,36,58,116,44,254,78,32,110,364
02/28/2013,SAV,GA,ASO,ES,Combined TRACON& Tower with Radar,36,63,79,22,200,0,2,36,8,46,36,65,115,30,246,30,8,38,284
03/01/2013,SAV,GA,ASO,ES,Combined TRACON& Tower with Radar,36,64,48,49,197,0,0,44,9,53,36,64,92,58,250,48,22,70,320
03/02/2013,SAV,GA,ASO,ES,Combined TRACON& Tower with Radar,35,60,32,16,143,0,0,35,11,46,35,60,67,27,189,13,14,27,216
03/03/2013,SAV,GA,ASO,ES,Combined TRACON& Tower with Radar,39,55,47,21,162,0,0,42,11,53,39,55,89,32,215,56,0,56,271
03/04/2013,SAV,GA,ASO,ES,Combined TRACON& Tower with Radar,43,48,50,31,172,0,0,25,6,31,43,48,75,37,203,48,10,58,261
03/05/2013,SAV,GA,ASO,ES,Combined TRACON& Tower with Radar,41,53,50,31,175,0,6,12,3,21,41,59,62,34,196,0,12,12,208
03/06/2013,SAV,GA,ASO,ES,Combined TRACON& Tower with Radar,46,41,69,23,179,0,0,6,1,7,46,41,75,24,186,6,18,24,210
03/07/2013,SAV,GA,ASO,ES,Combined TRACON& Tower with Radar,43,57,56,35,191,0,0,47,4,51,43,57,103,39,242,16,6,22,264
03/08/2013,SAV,GA,ASO,ES,Combined TRACON& Tower with Radar,41,66,63,18,188,0,3,52,2,57,41,69,115,20,245,28,2,30,275
03/09/2013,SAV,GA,ASO,ES,Combined TRACON& Tower with Radar,35,61,45,30,171,0,0,60,1,61,35,61,105,31,232,16,4,20,252
03/10/2013,SAV,GA,ASO,ES,Combined TRACON& Tower with Radar,41,53,61,2,157,0,0,48,6,54,41,53,109,8,211,26,0,26,237
03/11/2013,SAV,GA,ASO,ES,Combined TRACON& Tower with Radar,43,65,63,8,179,0,0,12,2,14,43,65,75,10,193,29,0,29,222
03/12/2013,SAV,GA,ASO,ES,Combined TRACON& Tower with Radar,40,66,48,5,159,0,0,16,0,16,40,66,64,5,175,12,0,12,187
03/13/2013,SAV,GA,ASO,ES,Combined TRACON& Tower with Radar,45,62,72,28,207,0,4,31,5,40,45,66,103,33,247,27,17,44,291
03/14/2013,SAV,GA,ASO,ES,Combined TRACON& Tower with Radar,46,58,76,16,196,0,0,47,4,51,46,58,123,20,247,40,0,40,287
03/15/2013,SAV,GA,ASO,ES,Combined TRACON& Tower with Radar,41,75,66,16,198,0,0,56,2,58,41,75,122,18,256,6,10,16,272
03/16/2013,SAV,GA,ASO,ES,Combined TRACON& Tower with Radar,35,55,33,1,124,0,1,42,2,45,35,56,75,3,169,2,0,2,171
03/17/2013,SAV,GA,ASO,ES,Combined TRACON& Tower with Radar,43,45,62,5,155,0,0,47,4,51,43,45,109,9,206,24,6,30,236
03/18/2013,SAV,GA,ASO,ES,Combined TRACON& Tower with Radar,50,52,44,6,152,0,0,15,2,17,50,52,59,8,169,12,0,12,181
03/19/2013,SAV,GA,ASO,ES,Combined TRACON& Tower with Radar,45,65,63,6,179,0,1,19,2,22,45,66,82,8,201,18,0,18,219
03/20/2013,SAV,GA,ASO,ES,Combined TRACON& Tower with Radar,45,67,41,3,156,0,2,25,2,29,45,69,66,5,185,78,4,82,267
03/21/2013,SAV,GA,ASO,ES,Combined TRACON& Tower with Radar,44,67,68,6,185,0,0,38,2,40,44,67,106,8,225,26,2,28,253
03/22/2013,SAV,GA,ASO,ES,Combined TRACON& Tower with Radar,43,59,59,7,168,0,0,32,0,32,43,59,91,7,200,68,0,68,268
03/23/2013,SAV,GA,ASO,ES,Combined TRACON& Tower with Radar,39,66,38,0,143,0,0,11,0,11,39,66,49,0,154,2,0,2,156
03/24/2013,SAV,GA,ASO,ES,Combined TRACON& Tower with Radar,46,59,34,8,147,0,0,6,0,6,46,59,40,8,153,0,0,0,153
03/25/2013,SAV,GA,ASO,ES,Combined TRACON& Tower with Radar,41,59,51,0,151,0,0,12,5,17,41,59,63,5,168,6,0,6,174
03/26/2013,SAV,GA,ASO,ES,Combined TRACON& Tower with Radar,42,60,48,20,170,0,0,18,4,22,42,60,66,24,192,15,8,23,215
03/27/2013,SAV,GA,ASO,ES,Combined TRACON& Tower with Radar,46,60,69,14,189,0,2,46,2,50,46,62,115,16,239,67,6,73,312
03/28/2013,SAV,GA,ASO,ES,Combined TRACON& Tower with Radar,44,74,50,8,176,0,0,58,1,59,44,74,108,9,235,20,2,22,257
03/29/2013,SAV,GA,ASO,ES,Combined TRACON& Tower with Radar,44,55,50,8,157,0,2,63,0,65,44,57,113,8,222,7,0,7,229
03/30/2013,SAV,GA,ASO,ES,Combined TRACON& Tower with Radar,35,55,33,0,123,0,0,51,4,55,35,55,84,4,178,70,0,70,248
03/31/2013,SAV,GA,ASO,ES,Combined TRACON& Tower with Radar,41,58,34,0,133,0,2,12,0,14,41,60,46,0,147,24,0,24,171
04/01/2013,SAV,GA,ASO,ES,Combined TRACON& Tower with Radar,43,72,41,9,165,0,0,12,3,15,43,72,53,12,180,72,0,72,252
04/02/2013,SAV,GA,ASO,ES,Combined TRACON& Tower with Radar,44,54,64,12,174,0,0,38,0,38,44,54,102,12,212,6,0,6,218
04/03/2013,SAV,GA,ASO,ES,Combined TRACON& Tower with Radar,47,55,52,10,164,0,1,21,0,22,47,56,73,10,186,61,0,61,247
04/04/2013,SAV,GA,ASO,ES,Combined TRACON& Tower with Radar,43,77,62,6,188,0,0,0,0,0,43,77,62,6,188,0,0,0,188
04/05/2013,SAV,GA,ASO,ES,Combined TRACON& Tower with Radar,44,67,80,8,199,0,0,22,6,28,44,67,102,14,227,34,6,40,267
04/06/2013,SAV,GA,ASO,ES,Combined TRACON& Tower with Radar,34,70,58,15,177,0,3,81,12,96,34,73,139,27,273,30,14,44,317
04/07/2013,SAV,GA,ASO,ES,Combined TRACON& Tower with Radar,39,52,66,14,171,0,0,52,6,58,39,52,118,20,229,92,0,92,321
04/08/2013,SAV,GA,ASO,ES,Combined TRACON& Tower with Radar,41,60,60,33,194,0,1,35,4,40,41,61,95,37,234,8,0,8,242
04/09/2013,SAV,GA,ASO,ES,Combined TRACON& Tower with Radar,38,73,72,19,202,0,3,39,3,45,38,76,111,22,247,98,0,98,345
04/10/2013,SAV,GA,ASO,ES,Combined TRACON& Tower with Radar,42,71,59,17,189,0,3,39,3,45,42,74,98,20,234,108,0,108,342
04/11/2013,SAV,GA,ASO,ES,Combined TRACON& Tower with Radar,42,71,59,23,195,0,1,14,3,18,42,72,73,26,213,34,6,40,253
04/12/2013,SAV,GA,ASO,ES,Combined TRACON& Tower with Radar,46,73,55,19,193,0,1,10,10,21,46,74,65,29,214,2,0,2,216
04/13/2013,SAV,GA,ASO,ES,Combined TRACON& Tower with Radar,40,69,50,4,163,0,0,54,0,54,40,69,104,4,217,50,10,60,277
04/14/2013,SAV,GA,ASO,ES,Combined TRACON& Tower with Radar,44,62,46,4,156,0,0,16,3,19,44,62,62,7,175,88,0,88,263
04/15/2013,SAV,GA,ASO,ES,Combined TRACON& Tower with Radar,39,68,62,17,186,0,0,18,1,19,39,68,80,18,205,26,0,26,231
04/16/2013,SAV,GA,ASO,ES,Combined TRACON& Tower with Radar,42,69,72,21,204,0,4,39,2,45,42,73,111,23,249,46,6,52,301
04/17/2013,SAV,GA,ASO,ES,Combined TRACON& Tower with Radar,43,80,94,14,231,0,0,44,1,45,43,80,138,15,276,92,8,100,376
04/18/2013,SAV,GA,ASO,ES,Combined TRACON& Tower with Radar,37,75,97,28,237,0,0,41,3,44,37,75,138,31,281,64,0,64,345
04/19/2013,SAV,GA,ASO,ES,Combined TRACON& Tower with Radar,39,76,60,11,186,0,0,4,0,4,39,76,64,11,190,10,8,18,208
04/20/2013,SAV,GA,ASO,ES,Combined TRACON& Tower with Radar,39,63,56,15,173,0,0,28,4,32,39,63,84,19,205,38,0,38,243
04/21/2013,SAV,GA,ASO,ES,Combined TRACON& Tower with Radar,46,56,64,2,168,0,0,25,0,25,46,56,89,2,193,32,0,32,225
04/22/2013,SAV,GA,ASO,ES,Combined TRACON& Tower with Radar,40,71,68,11,190,0,0,24,1,25,40,71,92,12,215,34,0,34,249
04/23/2013,SAV,GA,ASO,ES,Combined TRACON& Tower with Radar,41,79,75,5,200,0,0,41,2,43,41,79,116,7,243,56,0,56,299
04/24/2013,SAV,GA,ASO,ES,Combined TRACON& Tower with Radar,44,79,78,18,219,0,2,44,0,46,44,81,122,18,265,80,10,90,355
04/25/2013,SAV,GA,ASO,ES,Combined TRACON& Tower with Radar,44,75,59,2,180,0,0,58,2,60,44,75,117,4,240,48,0,48,288
04/26/2013,SAV,GA,ASO,ES,Combined TRACON& Tower with Radar,43,68,84,15,210,0,0,50,6,56,43,68,134,21,266,10,0,10,276
04/27/2013,SAV,GA,ASO,ES,Combined TRACON& Tower with Radar,39,61,43,3,146,0,0,54,3,57,39,61,97,6,203,36,0,36,239
04/28/2013,SAV,GA,ASO,ES,Combined TRACON& Tower with Radar,48,65,90,13,216,0,0,59,7,66,48,65,149,20,282,41,8,49,331
04/29/2013,SAV,GA,ASO,ES,Combined TRACON& Tower with Radar,41,74,87,4,206,0,0,21,0,21,41,74,108,4,227,6,0,6,233
04/30/2013,SAV,GA,ASO,ES,Combined TRACON& Tower with Radar,45,64,66,5,180,0,0,17,1,18,45,64,83,6,198,44,0,44,242
05/01/2013,SAV,GA,ASO,ES,Combined TRACON& Tower with Radar,51,64,79,9,203,0,0,22,11,33,51,64,101,20,236,49,6,55,291
05/02/2013,SAV,GA,ASO,ES,Combined TRACON& Tower with Radar,48,57,62,8,175,0,0,2,2,4,48,57,64,10,179,0,0,0,179
05/03/2013,SAV,GA,ASO,ES,Combined TRACON& Tower with Radar,51,66,79,15,211,0,0,3,2,5,51,66,82,17,216,4,6,10,226
05/04/2013,SAV,GA,ASO,ES,Combined TRACON& Tower with Radar,44,61,32,9,146,0,0,0,1,1,44,61,32,10,147,0,0,0,147
05/05/2013,SAV,GA,ASO,ES,Combined TRACON& Tower with Radar,47,81,44,30,202,0,1,10,1,12,47,82,54,31,214,22,10,32,246
05/06/2013,SAV,GA,ASO,ES,Combined TRACON& Tower with Radar,47,64,49,5,165,0,1,28,3,32,47,65,77,8,197,34,10,44,241
05/07/2013,SAV,GA,ASO,ES,Combined TRACON& Tower with Radar,48,70,43,16,177,0,0,30,4,34,48,70,73,20,211,42,0,42,253
05/08/2013,SAV,GA,ASO,ES,Combined TRACON& Tower with Radar,50,61,68,10,189,0,0,53,9,62,50,61,121,19,251,24,6,30,281
05/09/2013,SAV,GA,ASO,ES,Combined TRACON& Tower with Radar,50,70,71,9,200,0,1,45,7,53,50,71,116,16,253,56,0,56,309
05/10/2013,SAV,GA,ASO,ES,Combined TRACON& Tower with Radar,50,62,74,35,221,0,0,61,1,62,50,62,135,36,283,39,12,51,334
05/11/2013,SAV,GA,ASO,ES,Combined TRACON& Tower with Radar,46,65,39,8,158,0,0,37,7,44,46,65,76,15,202,44,0,44,246
05/12/2013,SAV,GA,ASO,ES,Combined TRACON& Tower with Radar,45,58,32,10,145,0,0,32,3,35,45,58,64,13,180,8,0,8,188
05/13/2013,SAV,GA,ASO,ES,Combined TRACON& Tower with Radar,43,58,49,3,153,0,0,37,2,39,43,58,86,5,192,9,0,9,201
05/14/2013,SAV,GA,ASO,ES,Combined TRACON& Tower with Radar,45,51,67,9,172,0,0,51,0,51,45,51,118,9,223,89,16,105,328
05/15/2013,SAV,GA,ASO,ES,Combined TRACON& Tower with Radar,50,59,86,16,211,0,1,34,5,40,50,60,120,21,251,32,8,40,291
05/16/2013,SAV,GA,ASO,ES,Combined TRACON& Tower with Radar,48,63,91,9,211,0,2,45,1,48,48,65,136,10,259,53,0,53,312
05/17/2013,SAV,GA,ASO,ES,Combined TRACON& Tower with Radar,50,68,87,42,247,0,0,55,4,59,50,68,142,46,306,29,19,48,354
05/18/2013,SAV,GA,ASO,ES,Combined TRACON& Tower with Radar,46,54,53,9,162,0,0,52,7,59,46,54,105,16,221,10,0,10,231
05/19/2013,SAV,GA,ASO,ES,Combined TRACON& Tower with Radar,45,45,92,3,185,0,0,12,3,15,45,45,104,6,200,0,0,0,200
05/20/2013,SAV,GA,ASO,ES,Combined TRACON& Tower with Radar,43,67,38,7,155,0,1,12,0,13,43,68,50,7,168,44,0,44,212
05/21/2013,SAV,GA,ASO,ES,Combined TRACON& Tower with Radar,45,63,67,5,180,0,1,32,0,33,45,64,99,5,213,112,0,112,325
05/22/2013,SAV,GA,ASO,ES,Combined TRACON& Tower with Radar,48,51,54,12,165,0,0,34,0,34,48,51,88,12,199,85,4,89,288
05/23/2013,SAV,GA,ASO,ES,Combined TRACON& Tower with Radar,47,65,68,5,185,0,0,42,0,42,47,65,110,5,227,44,0,44,271
05/24/2013,SAV,GA,ASO,ES,Combined TRACON& Tower with Radar,47,62,60,9,178,0,1,55,1,57,47,63,115,10,235,10,0,10,245
05/25/2013,SAV,GA,ASO,ES,Combined TRACON& Tower with Radar,50,56,25,6,137,0,0,52,4,56,50,56,77,10,193,22,2,24,217
05/26/2013,SAV,GA,ASO,ES,Combined TRACON& Tower with Radar,39,43,20,1,103,0,2,55,1,58,39,45,75,2,161,50,0,50,211
05/27/2013,SAV,GA,ASO,ES,Combined TRACON& Tower with Radar,45,37,56,0,138,0,0,48,0,48,45,37,104,0,186,18,0,18,204
05/28/2013,SAV,GA,ASO,ES,Combined TRACON& Tower with Radar,45,64,48,9,166,0,0,41,3,44,45,64,89,12,210,42,2,44,254
05/29/2013,SAV,GA,ASO,ES,Combined TRACON& Tower with Radar,52,76,64,4,196,0,0,46,2,48,52,76,110,6,244,42,0,42,286
05/30/2013,SAV,GA,ASO,ES,Combined TRACON& Tower with Radar,49,53,65,8,175,0,0,43,1,44,49,53,108,9,219,48,4,52,271
05/31/2013,SAV,GA,ASO,ES,Combined TRACON& Tower with Radar,50,64,66,33,213,0,0,29,0,29,50,64,95,33,242,34,38,72,314
06/01/2013,SAV,GA,ASO,ES,Combined TRACON& Tower with Radar,48,59,44,30,181,0,0,47,5,52,48,59,91,35,233,38,34,72,305
06/02/2013,SAV,GA,ASO,ES,Combined TRACON& Tower with Radar,47,46,34,40,167,0,0,32,3,35,47,46,66,43,202,36,10,46,248
06/03/2013,SAV,GA,ASO,ES,Combined TRACON& Tower with Radar,49,83,70,5,207,0,2,12,8,22,49,85,82,13,229,36,0,36,265
06/04/2013,SAV,GA,ASO,ES,Combined TRACON& Tower with Radar,48,77,71,4,200,0,0,18,2,20,48,77,89,6,220,28,4,32,252
06/05/2013,SAV,GA,ASO,ES,Combined TRACON& Tower with Radar,50,80,59,6,195,0,0,4,0,4,50,80,63,6,199,0,8,8,207
06/06/2013,SAV,GA,ASO,ES,Combined TRACON& Tower with Radar,47,45,33,7,132,0,0,4,0,4,47,45,37,7,136,18,0,18,154
06/07/2013,SAV,GA,ASO,ES,Combined TRACON& Tower with Radar,43,74,40,11,168,0,0,7,4,11,43,74,47,15,179,30,0,30,209
06/08/2013,SAV,GA,ASO,ES,Combined TRACON& Tower with Radar,50,53,32,5,140,0,2,33,9,44,50,55,65,14,184,78,6,84,268
06/09/2013,SAV,GA,ASO,ES,Combined TRACON& Tower with Radar,46,43,37,9,135,0,0,23,1,24,46,43,60,10,159,44,0,44,203
06/10/2013,SAV,GA,ASO,ES,Combined TRACON& Tower with Radar,45,40,48,6,139,0,0,4,8,12,45,40,52,14,151,30,0,30,181
06/11/2013,SAV,GA,ASO,ES,Combined TRACON& Tower with Radar,48,51,53,4,156,0,1,42,3,46,48,52,95,7,202,96,4,100,302
06/12/2013,SAV,GA,ASO,ES,Combined TRACON& Tower with Radar,48,61,67,6,182,0,6,46,1,53,48,67,113,7,235,74,0,74,309
06/13/2013,SAV,GA,ASO,ES,Combined TRACON& Tower with Radar,49,47,60,4,160,0,0,34,4,38,49,47,94,8,198,18,0,18,216
06/14/2013,SAV,GA,ASO,ES,Combined TRACON& Tower with Radar,50,68,72,9,199,0,0,57,0,57,50,68,129,9,256,28,12,40,296
06/15/2013,SAV,GA,ASO,ES,Combined TRACON& Tower with Radar,48,50,53,0,151,0,0,52,2,54,48,50,105,2,205,46,0,46,251
06/16/2013,SAV,GA,ASO,ES,Combined TRACON& Tower with Radar,44,44,52,13,153,0,0,40,2,42,44,44,92,15,195,28,0,28,223
06/17/2013,SAV,GA,ASO,ES,Combined TRACON& Tower with Radar,40,50,65,1,156,0,0,19,4,23,40,50,84,5,179,54,0,54,233
06/18/2013,SAV,GA,ASO,ES,Combined TRACON& Tower with Radar,43,50,60,11,164,0,0,32,5,37,43,50,92,16,201,68,10,78,279
06/19/2013,SAV,GA,ASO,ES,Combined TRACON& Tower with Radar,47,59,67,7,180,0,0,22,2,24,47,59,89,9,204,30,0,30,234
06/20/2013,SAV,GA,ASO,ES,Combined TRACON& Tower with Radar,49,74,77,2,202,0,2,16,2,20,49,76,93,4,222,64,0,64,286
06/21/2013,SAV,GA,ASO,ES,Combined TRACON& Tower with Radar,48,71,59,19,197,0,0,32,9,41,48,71,91,28,238,20,2,22,260
06/22/2013,SAV,GA,ASO,ES,Combined TRACON& Tower with Radar,45,55,48,5,153,0,0,24,5,29,45,55,72,10,182,10,0,10,192
06/23/2013,SAV,GA,ASO,ES,Combined TRACON& Tower with Radar,41,61,57,14,173,0,0,23,3,26,41,61,80,17,199,16,10,26,225
06/24/2013,SAV,GA,ASO,ES,Combined TRACON& Tower with Radar,45,51,65,7,168,0,0,16,3,19,45,51,81,10,187,57,0,57,244
06/25/2013,SAV,GA,ASO,ES,Combined TRACON& Tower with Radar,47,60,51,5,163,0,0,25,0,25,47,60,76,5,188,32,0,32,220
06/26/2013,SAV,GA,ASO,ES,Combined TRACON& Tower with Radar,47,50,68,10,175,0,0,40,5,45,47,50,108,15,220,36,4,40,260
06/27/2013,SAV,GA,ASO,ES,Combined TRACON& Tower with Radar,42,45,66,14,167,0,0,22,2,24,42,45,88,16,191,60,8,68,259
06/28/2013,SAV,GA,ASO,ES,Combined TRACON& Tower with Radar,39,54,69,1,163,0,2,15,0,17,39,56,84,1,180,78,0,78,258
06/29/2013,SAV,GA,ASO,ES,Combined TRACON& Tower with Radar,45,47,43,0,135,0,0,21,0,21,45,47,64,0,156,36,0,36,192
06/30/2013,SAV,GA,ASO,ES,Combined TRACON& Tower with Radar,41,39,43,0,123,0,0,16,0,16,41,39,59,0,139,2,4,6,145
07/01/2013,SAV,GA,ASO,ES,Combined TRACON& Tower with Radar,45,39,50,4,138,0,0,0,0,0,45,39,50,4,138,8,0,8,146
07/02/2013,SAV,GA,ASO,ES,Combined TRACON& Tower with Radar,48,42,47,1,138,0,0,7,1,8,48,42,54,2,146,2,2,4,150
07/03/2013,SAV,GA,ASO,ES,Combined TRACON& Tower with Radar,47,53,56,1,157,0,0,16,0,16,47,53,72,1,173,10,0,10,183
07/04/2013,SAV,GA,ASO,ES,Combined TRACON& Tower with Radar,34,19,28,0,81,0,0,27,0,27,34,19,55,0,108,6,0,6,114
07/05/2013,SAV,GA,ASO,ES,Combined TRACON& Tower with Radar,40,48,41,1,130,0,0,21,2,23,40,48,62,3,153,50,0,50,203
07/06/2013,SAV,GA,ASO,ES,Combined TRACON& Tower with Radar,48,44,35,2,129,0,0,20,0,20,48,44,55,2,149,36,0,36,185
07/07/2013,SAV,GA,ASO,ES,Combined TRACON& Tower with Radar,42,42,71,1,156,0,0,40,0,40,42,42,111,1,196,76,0,76,272
07/08/2013,SAV,GA,ASO,ES,Combined TRACON& Tower with Radar,47,42,46,5,140,0,0,40,0,40,47,42,86,5,180,2,0,2,182
07/09/2013,SAV,GA,ASO,ES,Combined TRACON& Tower with Radar,47,49,54,7,157,0,2,39,0,41,47,51,93,7,198,73,0,73,271
07/10/2013,SAV,GA,ASO,ES,Combined TRACON& Tower with Radar,44,56,73,6,179,0,0,25,3,28,44,56,98,9,207,29,0,29,236
07/11/2013,SAV,GA,ASO,ES,Combined TRACON& Tower with Radar,43,50,58,12,163,0,0,32,3,35,43,50,90,15,198,78,0,78,276
07/12/2013,SAV,GA,ASO,ES,Combined TRACON& Tower with Radar,49,49,54,10,162,0,0,8,3,11,49,49,62,13,173,12,0,12,185
07/13/2013,SAV,GA,ASO,ES,Combined TRACON& Tower with Radar,48,45,40,13,146,0,1,6,4,11,48,46,46,17,157,8,0,8,165
07/14/2013,SAV,GA,ASO,ES,Combined TRACON& Tower with Radar,44,39,34,8,125,0,0,13,3,16,44,39,47,11,141,12,0,12,153
07/15/2013,SAV,GA,ASO,ES,Combined TRACON& Tower with Radar,47,49,59,5,160,0,0,14,0,14,47,49,73,5,174,6,0,6,180
07/16/2013,SAV,GA,ASO,ES,Combined TRACON& Tower with Radar,48,46,56,2,152,0,2,33,3,38,48,48,89,5,190,62,0,62,252
07/17/2013,SAV,GA,ASO,ES,Combined TRACON& Tower with Radar,44,47,50,8,149,0,0,34,0,34,44,47,84,8,183,90,0,90,273
07/18/2013,SAV,GA,ASO,ES,Combined TRACON& Tower with Radar,49,63,67,12,191,0,0,56,0,56,49,63,123,12,247,50,4,54,301
07/19/2013,SAV,GA,ASO,ES,Combined TRACON& Tower with Radar,44,58,63,9,174,0,0,29,8,37,44,58,92,17,211,100,0,100,311
07/20/2013,SAV,GA,ASO,ES,Combined TRACON& Tower with Radar,58,53,38,12,161,0,0,38,1,39,58,53,76,13,200,42,6,48,248
07/21/2013,SAV,GA,ASO,ES,Combined TRACON& Tower with Radar,42,38,42,5,127,0,0,16,9,25,42,38,58,14,152,0,0,0,152
07/22/2013,SAV,GA,ASO,ES,Combined TRACON& Tower with Radar,44,55,53,7,159,0,0,28,3,31,44,55,81,10,190,69,0,69,259
07/23/2013,SAV,GA,ASO,ES,Combined TRACON& Tower with Radar,46,59,70,10,185,0,0,32,0,32,46,59,102,10,217,36,8,44,261
07/24/2013,SAV,GA,ASO,ES,Combined TRACON& Tower with Radar,45,53,46,11,155,0,0,12,3,15,45,53,58,14,170,46,0,46,216
07/25/2013,SAV,GA,ASO,ES,Combined TRACON& Tower with Radar,44,56,78,10,188,0,1,25,3,29,44,57,103,13,217,32,0,32,249
07/26/2013,SAV,GA,ASO,ES,Combined TRACON& Tower with Radar,47,46,55,7,155,0,0,36,5,41,47,46,91,12,196,40,0,40,236
07/27/2013,SAV,GA,ASO,ES,Combined TRACON& Tower with Radar,46,44,34,3,127,0,0,35,1,36,46,44,69,4,163,16,0,16,179
07/28/2013,SAV,GA,ASO,ES,Combined TRACON& Tower with Radar,39,51,38,15,143,0,0,34,4,38,39,51,72,19,181,16,0,16,197
07/29/2013,SAV,GA,ASO,ES,Combined TRACON& Tower with Radar,45,39,57,10,151,0,0,38,2,40,45,39,95,12,191,16,0,16,207
07/30/2013,SAV,GA,ASO,ES,Combined TRACON& Tower with Radar,48,43,57,9,157,0,0,48,3,51,48,43,105,12,208,31,6,37,245
07/31/2013,SAV,GA,ASO,ES,Combined TRACON& Tower with Radar,46,58,52,3,159,0,0,15,3,18,46,58,67,6,177,20,0,20,197
08/01/2013,SAV,GA,ASO,ES,Combined TRACON& Tower with Radar,47,57,39,7,150,0,0,19,2,21,47,57,58,9,171,53,0,53,224
08/02/2013,SAV,GA,ASO,ES,Combined TRACON& Tower with Radar,47,56,53,15,171,0,1,37,1,39,47,57,90,16,210,28,8,36,246
08/03/2013,SAV,GA,ASO,ES,Combined TRACON& Tower with Radar,45,46,28,6,125,0,0,55,0,55,45,46,83,6,180,28,0,28,208
08/04/2013,SAV,GA,ASO,ES,Combined TRACON& Tower with Radar,44,40,46,25,155,0,0,49,6,55,44,40,95,31,210,16,4,20,230
08/05/2013,SAV,GA,ASO,ES,Combined TRACON& Tower with Radar,47,47,46,18,158,0,0,19,8,27,47,47,65,26,185,38,2,40,225
08/06/2013,SAV,GA,ASO,ES,Combined TRACON& Tower with Radar,46,48,44,5,143,0,0,46,4,50,46,48,90,9,193,16,2,18,211
08/07/2013,SAV,GA,ASO,ES,Combined TRACON& Tower with Radar,45,48,87,41,221,0,1,32,2,35,45,49,119,43,256,38,2,40,296
08/08/2013,SAV,GA,ASO,ES,Combined TRACON& Tower with Radar,46,46,72,52,216,0,0,22,2,24,46,46,94,54,240,28,6,34,274
08/09/2013,SAV,GA,ASO,ES,Combined TRACON& Tower with Radar,47,62,67,35,211,0,0,44,1,45,47,62,111,36,256,14,3,17,273
08/10/2013,SAV,GA,ASO,ES,Combined TRACON& Tower with Radar,47,45,31,10,133,0,0,39,7,46,47,45,70,17,179,9,3,12,191
08/11/2013,SAV,GA,ASO,ES,Combined TRACON& Tower with Radar,46,36,31,16,129,0,0,47,2,49,46,36,78,18,178,20,0,20,198
08/12/2013,SAV,GA,ASO,ES,Combined TRACON& Tower with Radar,48,49,58,11,166,0,0,26,2,28,48,49,84,13,194,20,0,20,214
08/13/2013,SAV,GA,ASO,ES,Combined TRACON& Tower with Radar,47,49,52,11,159,0,0,46,7,53,47,49,98,18,212,31,4,35,247
08/14/2013,SAV,GA,ASO,ES,Combined TRACON& Tower with Radar,46,65,58,11,180,0,0,17,0,17,46,65,75,11,197,18,4,22,219
08/15/2013,SAV,GA,ASO,ES,Combined TRACON& Tower with Radar,46,53,49,17,165,0,0,1,0,1,46,53,50,17,166,0,0,0,166
08/16/2013,SAV,GA,ASO,ES,Combined TRACON& Tower with Radar,48,54,48,12,162,0,2,4,1,7,48,56,52,13,169,0,0,0,169
08/17/2013,SAV,GA,ASO,ES,Combined TRACON& Tower with Radar,46,43,17,6,112,0,4,6,0,10,46,47,23,6,122,0,2,2,124
08/18/2013,SAV,GA,ASO,ES,Combined TRACON& Tower with Radar,43,48,38,8,137,0,0,20,0,20,43,48,58,8,157,28,0,28,185
08/19/2013,SAV,GA,ASO,ES,Combined TRACON& Tower with Radar,48,50,45,10,153,0,0,20,0,20,48,50,65,10,173,60,0,60,233
08/20/2013,SAV,GA,ASO,ES,Combined TRACON& Tower with Radar,47,58,47,6,158,0,0,30,1,31,47,58,77,7,189,32,0,32,221
08/21/2013,SAV,GA,ASO,ES,Combined TRACON& Tower with Radar,46,53,57,15,171,0,0,31,1,32,46,53,88,16,203,44,18,62,265
08/22/2013,SAV,GA,ASO,ES,Combined TRACON& Tower with Radar,49,56,58,12,175,0,0,21,7,28,49,56,79,19,203,37,2,39,242
08/23/2013,SAV,GA,ASO,ES,Combined TRACON& Tower with Radar,48,53,56,20,177,0,0,51,3,54,48,53,107,23,231,30,8,38,269
08/24/2013,SAV,GA,ASO,ES,Combined TRACON& Tower with Radar,44,53,38,8,143,0,0,39,1,40,44,53,77,9,183,0,0,0,183
08/25/2013,SAV,GA,ASO,ES,Combined TRACON& Tower with Radar,42,54,42,11,149,0,0,27,2,29,42,54,69,13,178,2,0,2,180
08/26/2013,SAV,GA,ASO,ES,Combined TRACON& Tower with Radar,45,53,44,16,158,0,0,20,0,20,45,53,64,16,178,27,0,27,205
08/27/2013,SAV,GA,ASO,ES,Combined TRACON& Tower with Radar,48,55,70,6,179,0,0,61,1,62,48,55,131,7,241,36,2,38,279
08/28/2013,SAV,GA,ASO,ES,Combined TRACON& Tower with Radar,48,44,63,13,168,0,0,42,6,48,48,44,105,19,216,9,4,13,229
08/29/2013,SAV,GA,ASO,ES,Combined TRACON& Tower with Radar,47,54,69,6,176,0,0,36,0,36,47,54,105,6,212,22,0,22,234
08/30/2013,SAV,GA,ASO,ES,Combined TRACON& Tower with Radar,47,55,62,6,170,0,0,17,1,18,47,55,79,7,188,48,0,48,236
08/31/2013,SAV,GA,ASO,ES,Combined TRACON& Tower with Radar,39,34,46,2,121,0,1,19,0,20,39,35,65,2,141,10,0,10,151
09/01/2013,SAV,GA,ASO,ES,Combined TRACON& Tower with Radar,34,35,27,2,98,0,0,37,2,39,34,35,64,4,137,9,0,9,146
09/02/2013,SAV,GA,ASO,ES,Combined TRACON& Tower with Radar,41,36,41,0,118,0,0,48,2,50,41,36,89,2,168,3,0,3,171
09/03/2013,SAV,GA,ASO,ES,Combined TRACON& Tower with Radar,43,49,69,5,166,0,0,35,5,40,43,49,104,10,206,19,0,19,225
09/04/2013,SAV,GA,ASO,ES,Combined TRACON& Tower with Radar,41,50,65,10,166,0,0,26,7,33,41,50,91,17,199,0,0,0,199
09/05/2013,SAV,GA,ASO,ES,Combined TRACON& Tower with Radar,46,48,65,8,167,0,2,27,4,33,46,50,92,12,200,4,0,4,204
09/06/2013,SAV,GA,ASO,ES,Combined TRACON& Tower with Radar,46,55,68,13,182,0,0,55,3,58,46,55,123,16,240,33,0,33,273
09/07/2013,SAV,GA,ASO,ES,Combined TRACON& Tower with Radar,39,34,41,14,128,0,2,51,0,53,39,36,92,14,181,4,0,4,185
09/08/2013,SAV,GA,ASO,ES,Combined TRACON& Tower with Radar,45,44,44,12,145,0,0,51,1,52,45,44,95,13,197,27,0,27,224
09/09/2013,SAV,GA,ASO,ES,Combined TRACON& Tower with Radar,44,50,41,25,160,0,2,30,4,36,44,52,71,29,196,15,6,21,217
09/10/2013,SAV,GA,ASO,ES,Combined TRACON& Tower with Radar,41,58,50,12,161,0,0,40,4,44,41,58,90,16,205,0,4,4,209
09/11/2013,SAV,GA,ASO,ES,Combined TRACON& Tower with Radar,40,49,45,20,154,0,0,29,2,31,40,49,74,22,185,0,0,0,185
09/12/2013,SAV,GA,ASO,ES,Combined TRACON& Tower with Radar,47,56,66,19,188,0,0,26,3,29,47,56,92,22,217,22,4,26,243
09/13/2013,SAV,GA,ASO,ES,Combined TRACON& Tower with Radar,48,47,66,16,177,0,0,49,5,54,48,47,115,21,231,5,0,5,236
09/14/2013,SAV,GA,ASO,ES,Combined TRACON& Tower with Radar,38,44,33,18,133,0,0,41,6,47,38,44,74,24,180,24,8,32,212
09/15/2013,SAV,GA,ASO,ES,Combined TRACON& Tower with Radar,48,45,64,10,167,0,0,32,5,37,48,45,96,15,204,20,0,20,224
09/16/2013,SAV,GA,ASO,ES,Combined TRACON& Tower with Radar,45,44,45,9,143,0,0,12,1,13,45,44,57,10,156,17,0,17,173
09/17/2013,SAV,GA,ASO,ES,Combined TRACON& Tower with Radar,42,64,57,20,183,0,0,4,0,4,42,64,61,20,187,20,8,28,215
09/18/2013,SAV,GA,ASO,ES,Combined TRACON& Tower with Radar,44,45,63,36,188,0,2,22,4,28,44,47,85,40,216,8,2,10,226
09/19/2013,SAV,GA,ASO,ES,Combined TRACON& Tower with Radar,46,49,51,22,168,0,0,46,2,48,46,49,97,24,216,30,18,48,264
09/20/2013,SAV,GA,ASO,ES,Combined TRACON& Tower with Radar,50,46,79,16,191,0,1,44,0,45,50,47,123,16,236,46,4,50,286
09/21/2013,SAV,GA,ASO,ES,Combined TRACON& Tower with Radar,39,36,32,14,121,0,0,43,1,44,39,36,75,15,165,26,0,26,191
09/22/2013,SAV,GA,ASO,ES,Combined TRACON& Tower with Radar,46,46,31,6,129,0,0,10,0,10,46,46,41,6,139,0,0,0,139
09/23/2013,SAV,GA,ASO,ES,Combined TRACON& Tower with Radar,43,41,36,34,154,0,0,28,7,35,43,41,64,41,189,32,12,44,233
09/24/2013,SAV,GA,ASO,ES,Combined TRACON& Tower with Radar,43,57,51,14,165,0,0,21,3,24,43,57,72,17,189,32,18,50,239
09/25/2013,SAV,GA,ASO,ES,Combined TRACON& Tower with Radar,44,63,74,35,216,0,0,8,15,23,44,63,82,50,239,1,57,58,297
09/26/2013,SAV,GA,ASO,ES,Combined TRACON& Tower with Radar,48,76,77,11,212,0,0,14,5,19,48,76,91,16,231,0,0,0,231
09/27/2013,SAV,GA,ASO,ES,Combined TRACON& Tower with Radar,46,67,78,14,205,0,3,49,4,56,46,70,127,18,261,34,0,34,295
09/28/2013,SAV,GA,ASO,ES,Combined TRACON& Tower with Radar,39,36,51,32,158,0,2,54,4,60,39,38,105,36,218,20,0,20,238
09/29/2013,SAV,GA,ASO,ES,Combined TRACON& Tower with Radar,46,53,56,9,164,0,6,63,2,71,46,59,119,11,235,75,0,75,310
09/30/2013,SAV,GA,ASO,ES,Combined TRACON& Tower with Radar,44,47,54,12,157,0,0,35,5,40,44,47,89,17,197,42,6,48,245
10/01/2013,SAV,GA,ASO,ES,Combined TRACON& Tower with Radar,44,57,50,12,163,0,0,36,5,41,44,57,86,17,204,34,0,34,238
10/02/2013,SAV,GA,ASO,ES,Combined TRACON& Tower with Radar,46,62,47,7,162,0,1,36,3,40,46,63,83,10,202,38,0,38,240
10/03/2013,SAV,GA,ASO,ES,Combined TRACON& Tower with Radar,48,54,47,5,154,0,4,43,1,48,48,58,90,6,202,26,2,28,230
10/04/2013,SAV,GA,ASO,ES,Combined TRACON& Tower with Radar,53,64,59,3,179,0,0,31,0,31,53,64,90,3,210,20,2,22,232
10/05/2013,SAV,GA,ASO,ES,Combined TRACON& Tower with Radar,39,45,50,0,134,0,1,56,0,57,39,46,106,0,191,22,0,22,213
10/06/2013,SAV,GA,ASO,ES,Combined TRACON& Tower with Radar,50,48,60,1,159,0,0,20,1,21,50,48,80,2,180,16,0,16,196
10/07/2013,SAV,GA,ASO,ES,Combined TRACON& Tower with Radar,48,56,61,13,178,0,0,10,1,11,48,56,71,14,189,12,4,16,205
10/08/2013,SAV,GA,ASO,ES,Combined TRACON& Tower with Radar,45,64,53,3,165,0,0,5,1,6,45,64,58,4,171,0,16,16,187
10/09/2013,SAV,GA,ASO,ES,Combined TRACON& Tower with Radar,48,50,49,13,160,0,0,20,5,25,48,50,69,18,185,0,0,0,185
10/10/2013,SAV,GA,ASO,ES,Combined TRACON& Tower with Radar,47,55,65,25,192,0,2,49,0,51,47,57,114,25,243,56,4,60,303
10/11/2013,SAV,GA,ASO,ES,Combined TRACON& Tower with Radar,49,48,75,8,180,0,0,48,6,54,49,48,123,14,234,35,8,43,277
10/12/2013,SAV,GA,ASO,ES,Combined TRACON& Tower with Radar,41,43,52,4,140,0,0,53,8,61,41,43,105,12,201,26,0,26,227
10/13/2013,SAV,GA,ASO,ES,Combined TRACON& Tower with Radar,48,46,63,0,157,0,0,36,0,36,48,46,99,0,193,27,0,27,220
10/14/2013,SAV,GA,ASO,ES,Combined TRACON& Tower with Radar,54,61,56,7,178,0,0,18,0,18,54,61,74,7,196,40,0,40,236
10/15/2013,SAV,GA,ASO,ES,Combined TRACON& Tower with Radar,49,64,75,14,202,0,2,18,2,22,49,66,93,16,224,0,0,0,224
10/16/2013,SAV,GA,ASO,ES,Combined TRACON& Tower with Radar,48,74,55,23,200,0,0,29,8,37,48,74,84,31,237,14,6,20,257
10/17/2013,SAV,GA,ASO,ES,Combined TRACON& Tower with Radar,50,78,97,9,234,0,0,32,3,35,50,78,129,12,269,26,4,30,299
10/18/2013,SAV,GA,ASO,ES,Combined TRACON& Tower with Radar,54,59,84,20,217,0,5,30,2,37,54,64,114,22,254,46,4,50,304
10/19/2013,SAV,GA,ASO,ES,Combined TRACON& Tower with Radar,41,49,43,23,156,0,0,28,0,28,41,49,71,23,184,32,10,42,226
10/20/2013,SAV,GA,ASO,ES,Combined TRACON& Tower with Radar,47,54,69,3,173,0,0,47,1,48,47,54,116,4,221,20,0,20,241
10/21/2013,SAV,GA,ASO,ES,Combined TRACON& Tower with Radar,49,57,63,9,178,0,0,23,2,25,49,57,86,11,203,0,0,0,203
10/22/2013,SAV,GA,ASO,ES,Combined TRACON& Tower with Radar,45,63,59,27,194,0,0,10,1,11,45,63,69,28,205,6,0,6,211
10/23/2013,SAV,GA,ASO,ES,Combined TRACON& Tower with Radar,53,49,63,5,170,0,7,20,3,30,53,56,83,8,200,28,0,28,228
10/24/2013,SAV,GA,ASO,ES,Combined TRACON& Tower with Radar,50,65,52,11,178,0,2,41,8,51,50,67,93,19,229,10,0,10,239
10/25/2013,SAV,GA,ASO,ES,Combined TRACON& Tower with Radar,51,67,71,41,230,0,1,43,6,50,51,68,114,47,280,52,22,74,354
10/26/2013,SAV,GA,ASO,ES,Combined TRACON& Tower with Radar,40,44,48,14,146,0,0,50,1,51,40,44,98,15,197,28,4,32,229
10/27/2013,SAV,GA,ASO,ES,Combined TRACON& Tower with Radar,49,41,59,4,153,0,2,45,0,47,49,43,104,4,200,12,0,12,212
10/28/2013,SAV,GA,ASO,ES,Combined TRACON& Tower with Radar,45,58,60,28,191,0,1,29,19,49,45,59,89,47,240,31,24,55,295
10/29/2013,SAV,GA,ASO,ES,Combined TRACON& Tower with Radar,46,50,55,21,172,0,2,27,11,40,46,52,82,32,212,20,24,44,256
10/30/2013,SAV,GA,ASO,ES,Combined TRACON& Tower with Radar,48,56,58,26,188,0,3,38,7,48,48,59,96,33,236,29,39,68,304
10/31/2013,SAV,GA,ASO,ES,Combined TRACON& Tower with Radar,44,64,58,14,180,0,0,29,4,33,44,64,87,18,213,28,0,28,241
11/01/2013,SAV,GA,ASO,ES,Combined TRACON& Tower with Radar,47,58,80,40,225,0,1,24,2,27,47,59,104,42,252,4,4,8,260
11/02/2013,SAV,GA,ASO,ES,Combined TRACON& Tower with Radar,38,53,40,19,150,0,0,27,2,29,38,53,67,21,179,12,6,18,197
11/03/2013,SAV,GA,ASO,ES,Combined TRACON& Tower with Radar,41,51,67,27,186,0,0,58,8,66,41,51,125,35,252,0,20,20,272
11/04/2013,SAV,GA,ASO,ES,Combined TRACON& Tower with Radar,43,61,57,17,178,0,0,29,6,35,43,61,86,23,213,22,0,22,235
11/05/2013,SAV,GA,ASO,ES,Combined TRACON& Tower with Radar,46,57,60,21,184,0,0,24,1,25,46,57,84,22,209,11,6,17,226
11/06/2013,SAV,GA,ASO,ES,Combined TRACON& Tower with Radar,36,53,56,26,171,0,0,21,13,34,36,53,77,39,205,8,18,26,231
11/07/2013,SAV,GA,ASO,ES,Combined TRACON& Tower with Radar,28,73,45,19,165,0,0,13,6,19,28,73,58,25,184,20,30,50,234
11/08/2013,SAV,GA,ASO,ES,Combined TRACON& Tower with Radar,44,68,72,17,201,0,1,55,1,57,44,69,127,18,258,18,20,38,296
11/09/2013,SAV,GA,ASO,ES,Combined TRACON& Tower with Radar,35,44,43,7,129,0,2,66,1,69,35,46,109,8,198,28,0,28,226
11/10/2013,SAV,GA,ASO,ES,Combined TRACON& Tower with Radar,43,53,53,1,150,0,1,47,1,49,43,54,100,2,199,44,0,44,243
11/11/2013,SAV,GA,ASO,ES,Combined TRACON& Tower with Radar,41,59,60,0,160,0,1,40,0,41,41,60,100,0,201,0,0,0,201
11/12/2013,SAV,GA,ASO,ES,Combined TRACON& Tower with Radar,42,89,67,20,218,0,0,26,5,31,42,89,93,25,249,12,0,12,261
11/13/2013,SAV,GA,ASO,ES,Combined TRACON& Tower with Radar,46,63,61,15,185,0,1,26,10,37,46,64,87,25,222,16,18,34,256
11/14/2013,SAV,GA,ASO,ES,Combined TRACON& Tower with Radar,45,82,77,21,225,0,0,40,7,47,45,82,117,28,272,46,30,76,348
11/15/2013,SAV,GA,ASO,ES,Combined TRACON& Tower with Radar,46,75,73,28,222,0,1,21,8,30,46,76,94,36,252,6,6,12,264
11/16/2013,SAV,GA,ASO,ES,Combined TRACON& Tower with Radar,38,56,42,22,158,0,0,20,2,22,38,56,62,24,180,16,6,22,202
11/17/2013,SAV,GA,ASO,ES,Combined TRACON& Tower with Radar,41,48,49,20,158,0,0,15,5,20,41,48,64,25,178,20,0,20,198
11/18/2013,SAV,GA,ASO,ES,Combined TRACON& Tower with Radar,43,68,59,13,183,0,0,12,0,12,43,68,71,13,195,16,0,16,211
11/19/2013,SAV,GA,ASO,ES,Combined TRACON& Tower with Radar,44,87,59,18,208,0,4,24,3,31,44,91,83,21,239,24,18,42,281
11/20/2013,SAV,GA,ASO,ES,Combined TRACON& Tower with Radar,43,74,63,16,196,0,0,15,6,21,43,74,78,22,217,18,44,62,279
11/21/2013,SAV,GA,ASO,ES,Combined TRACON& Tower with Radar,46,80,90,21,237,0,0,25,6,31,46,80,115,27,268,86,2,88,356
11/22/2013,SAV,GA,ASO,ES,Combined TRACON& Tower with Radar,41,77,74,42,234,0,0,20,3,23,41,77,94,45,257,74,12,86,343
11/23/2013,SAV,GA,ASO,ES,Combined TRACON& Tower with Radar,37,58,55,34,184,0,3,20,4,27,37,61,75,38,211,29,7,36,247
11/24/2013,SAV,GA,ASO,ES,Combined TRACON& Tower with Radar,41,49,44,11,145,0,2,22,4,28,41,51,66,15,173,17,16,33,206
11/25/2013,SAV,GA,ASO,ES,Combined TRACON& Tower with Radar,41,78,65,20,204,0,3,23,3,29,41,81,88,23,233,22,0,22,255
11/26/2013,SAV,GA,ASO,ES,Combined TRACON& Tower with Radar,45,70,49,19,183,0,0,0,1,1,45,70,49,20,184,4,0,4,188
11/27/2013,SAV,GA,ASO,ES,Combined TRACON& Tower with Radar,47,86,64,0,197,0,0,5,0,5,47,86,69,0,202,0,0,0,202
11/28/2013,SAV,GA,ASO,ES,Combined TRACON& Tower with Radar,22,22,28,0,72,0,3,14,2,19,22,25,42,2,91,4,0,4,95
11/29/2013,SAV,GA,ASO,ES,Combined TRACON& Tower with Radar,30,44,55,2,131,0,3,22,1,26,30,47,77,3,157,30,0,30,187
11/30/2013,SAV,GA,ASO,ES,Combined TRACON& Tower with Radar,40,54,28,0,122,0,2,32,0,34,40,56,60,0,156,17,0,17,173
12/01/2013,SAV,GA,ASO,ES,Combined TRACON& Tower with Radar,48,58,78,1,185,0,2,26,0,28,48,60,104,1,213,26,0,26,239
12/02/2013,SAV,GA,ASO,ES,Combined TRACON& Tower with Radar,41,65,60,17,183,0,2,23,0,25,41,67,83,17,208,1,2,3,211
12/03/2013,SAV,GA,ASO,ES,Combined TRACON& Tower with Radar,38,66,74,12,190,0,0,27,3,30,38,66,101,15,220,12,32,44,264
12/04/2013,SAV,GA,ASO,ES,Combined TRACON& Tower with Radar,39,69,50,7,165,0,0,34,4,38,39,69,84,11,203,20,56,76,279
12/05/2013,SAV,GA,ASO,ES,Combined TRACON& Tower with Radar,34,58,50,45,187,0,0,38,1,39,34,58,88,46,226,24,8,32,258
12/06/2013,SAV,GA,ASO,ES,Combined TRACON& Tower with Radar,40,46,49,29,164,0,2,33,5,40,40,48,82,34,204,22,12,34,238
12/07/2013,SAV,GA,ASO,ES,Combined TRACON& Tower with Radar,30,38,52,44,164,0,0,26,2,28,30,38,78,46,192,22,4,26,218
12/08/2013,SAV,GA,ASO,ES,Combined TRACON& Tower with Radar,39,33,39,14,125,0,0,0,0,0,39,33,39,14,125,0,0,0,125
12/09/2013,SAV,GA,ASO,ES,Combined TRACON& Tower with Radar,40,57,59,11,167,0,0,10,1,11,40,57,69,12,178,0,0,0,178
12/10/2013,SAV,GA,ASO,ES,Combined TRACON& Tower with Radar,38,60,64,18,180,0,1,15,1,17,38,61,79,19,197,12,0,12,209
12/11/2013,SAV,GA,ASO,ES,Combined TRACON& Tower with Radar,40,59,69,29,197,0,3,23,6,32,40,62,92,35,229,33,4,37,266
12/12/2013,SAV,GA,ASO,ES,Combined TRACON& Tower with Radar,44,47,75,18,184,0,0,33,2,35,44,47,108,20,219,34,26,60,279
12/13/2013,SAV,GA,ASO,ES,Combined TRACON& Tower with Radar,40,52,72,22,186,0,0,38,1,39,40,52,110,23,225,14,8,22,247
12/14/2013,SAV,GA,ASO,ES,Combined TRACON& Tower with Radar,30,35,20,25,110,0,0,0,2,2,30,35,20,27,112,31,0,31,143
12/15/2013,SAV,GA,ASO,ES,Combined TRACON& Tower with Radar,39,40,38,5,122,0,0,14,0,14,39,40,52,5,136,10,0,10,146
12/16/2013,SAV,GA,ASO,ES,Combined TRACON& Tower with Radar,39,56,39,13,147,0,2,37,9,48,39,58,76,22,195,14,12,26,221
12/17/2013,SAV,GA,ASO,ES,Combined TRACON& Tower with Radar,38,57,63,23,181,0,2,46,1,49,38,59,109,24,230,6,14,20,250
12/18/2013,SAV,GA,ASO,ES,Combined TRACON& Tower with Radar,40,42,73,2,157,0,0,42,2,44,40,42,115,4,201,13,3,16,217
12/19/2013,SAV,GA,ASO,ES,Combined TRACON& Tower with Radar,39,68,78,3,188,0,0,35,0,35,39,68,113,3,223,16,8,24,247
12/20/2013,SAV,GA,ASO,ES,Combined TRACON& Tower with Radar,38,66,66,7,177,0,2,44,0,46,38,68,110,7,223,46,0,46,269
12/21/2013,SAV,GA,ASO,ES,Combined TRACON& Tower with Radar,37,59,39,4,139,0,4,33,1,38,37,63,72,5,177,2,0,2,179
12/22/2013,SAV,GA,ASO,ES,Combined TRACON& Tower with Radar,38,47,25,1,111,0,1,12,0,13,38,48,37,1,124,2,0,2,126
12/23/2013,SAV,GA,ASO,ES,Combined TRACON& Tower with Radar,35,63,47,2,147,0,0,9,0,9,35,63,56,2,156,22,0,22,178
12/24/2013,SAV,GA,ASO,ES,Combined TRACON& Tower with Radar,28,44,32,2,106,0,0,26,2,28,28,44,58,4,134,0,0,0,134
12/25/2013,SAV,GA,ASO,ES,Combined TRACON& Tower with Radar,31,27,19,0,77,0,0,12,0,12,31,27,31,0,89,0,0,0,89
12/26/2013,SAV,GA,ASO,ES,Combined TRACON& Tower with Radar,39,65,66,0,170,0,0,5,0,5,39,65,71,0,175,0,0,0,175
12/27/2013,SAV,GA,ASO,ES,Combined TRACON& Tower with Radar,41,63,76,13,193,0,0,32,0,32,41,63,108,13,225,2,0,2,227
12/28/2013,SAV,GA,ASO,ES,Combined TRACON& Tower with Radar,37,68,44,4,153,0,0,23,0,23,37,68,67,4,176,0,0,0,176
12/29/2013,SAV,GA,ASO,ES,Combined TRACON& Tower with Radar,40,47,31,3,121,0,0,4,0,4,40,47,35,3,125,0,0,0,125
12/30/2013,SAV,GA,ASO,ES,Combined TRACON& Tower with Radar,35,53,36,14,138,0,0,32,0,32,35,53,68,14,170,27,6,33,203
12/31/2013,SAV,GA,ASO,ES,Combined TRACON& Tower with Radar,35,47,32,1,115,0,0,32,0,32,35,47,64,1,147,2,0,2,149
01/01/2014,SAV,GA,ASO,ES,Combined TRACON& Tower with Radar,32,44,29,1,106,0,0,6,0,6,32,44,35,1,112,0,0,0,112
01/02/2014,SAV,GA,ASO,ES,Combined TRACON& Tower with Radar,38,58,44,6,146,0,0,1,0,1,38,58,45,6,147,0,0,0,147
01/03/2014,SAV,GA,ASO,ES,Combined TRACON& Tower with Radar,31,48,84,4,167,0,0,15,0,15,31,48,99,4,182,2,0,2,184
01/04/2014,SAV,GA,ASO,ES,Combined TRACON& Tower with Radar,36,44,52,10,142,0,0,14,0,14,36,44,66,10,156,85,0,85,241
01/05/2014,SAV,GA,ASO,ES,Combined TRACON& Tower with Radar,26,52,57,19,154,0,0,10,0,10,26,52,67,19,164,12,8,20,184
01/06/2014,SAV,GA,ASO,ES,Combined TRACON& Tower with Radar,28,41,39,6,114,0,2,2,1,5,28,43,41,7,119,0,0,0,119
01/07/2014,SAV,GA,ASO,ES,Combined TRACON& Tower with Radar,30,57,42,15,144,0,2,19,7,28,30,59,61,22,172,12,44,56,228
01/08/2014,SAV,GA,ASO,ES,Combined TRACON& Tower with Radar,32,60,55,11,158,0,2,18,2,22,32,62,73,13,180,34,6,40,220
01/09/2014,SAV,GA,ASO,ES,Combined TRACON& Tower with Radar,36,49,81,11,177,0,0,16,3,19,36,49,97,14,196,27,12,39,235
01/10/2014,SAV,GA,ASO,ES,Combined TRACON& Tower with Radar,34,50,48,12,144,0,0,0,1,1,34,50,48,13,145,4,0,4,149
01/11/2014,SAV,GA,ASO,ES,Combined TRACON& Tower with Radar,27,38,26,3,94,0,0,0,0,0,27,38,26,3,94,0,0,0,94
01/12/2014,SAV,GA,ASO,ES,Combined TRACON& Tower with Radar,36,52,45,8,141,0,0,73,3,76,36,52,118,11,217,28,0,28,245
01/13/2014,SAV,GA,ASO,ES,Combined TRACON& Tower with Radar,33,56,67,8,164,0,0,25,0,25,33,56,92,8,189,19,0,19,208
01/14/2014,SAV,GA,ASO,ES,Combined TRACON& Tower with Radar,35,77,55,4,171,0,2,17,3,22,35,79,72,7,193,32,0,32,225
01/15/2014,SAV,GA,ASO,ES,Combined TRACON& Tower with Radar,35,67,62,10,174,0,0,38,10,48,35,67,100,20,222,24,30,54,276
01/16/2014,SAV,GA,ASO,ES,Combined TRACON& Tower with Radar,36,66,67,18,187,0,2,30,2,34,36,68,97,20,221,40,50,90,311
01/17/2014,SAV,GA,ASO,ES,Combined TRACON& Tower with Radar,34,63,68,12,177,0,2,34,5,41,34,65,102,17,218,38,28,66,284
01/18/2014,SAV,GA,ASO,ES,Combined TRACON& Tower with Radar,26,31,41,0,98,0,0,39,2,41,26,31,80,2,139,26,1,27,166
01/19/2014,SAV,GA,ASO,ES,Combined TRACON& Tower with Radar,30,38,47,3,118,0,0,44,2,46,30,38,91,5,164,6,28,34,198
01/20/2014,SAV,GA,ASO,ES,Combined TRACON& Tower with Radar,32,41,60,0,133,0,1,38,1,40,32,42,98,1,173,24,12,36,209
01/21/2014,SAV,GA,ASO,ES,Combined TRACON& Tower with Radar,32,44,39,7,122,0,2,15,5,22,32,46,54,12,144,0,10,10,154
01/22/2014,SAV,GA,ASO,ES,Combined TRACON& Tower with Radar,37,45,56,15,153,0,1,31,3,35,37,46,87,18,188,5,0,5,193
01/23/2014,SAV,GA,ASO,ES,Combined TRACON& Tower with Radar,33,67,41,7,148,0,1,37,1,39,33,68,78,8,187,33,0,33,220
01/24/2014,SAV,GA,ASO,ES,Combined TRACON& Tower with Radar,34,55,51,22,162,0,1,40,2,43,34,56,91,24,205,16,0,16,221
01/25/2014,SAV,GA,ASO,ES,Combined TRACON& Tower with Radar,30,34,35,6,105,0,0,24,3,27,30,34,59,9,132,25,0,25,157
01/26/2014,SAV,GA,ASO,ES,Combined TRACON& Tower with Radar,35,35,49,3,122,0,0,62,1,63,35,35,111,4,185,75,6,81,266
01/27/2014,SAV,GA,ASO,ES,Combined TRACON& Tower with Radar,33,44,57,13,147,0,3,21,0,24,33,47,78,13,171,23,0,23,194
01/28/2014,SAV,GA,ASO,ES,Combined TRACON& Tower with Radar,20,33,39,8,100,0,0,6,0,6,20,33,45,8,106,104,0,104,210
01/29/2014,SAV,GA,ASO,ES,Combined TRACON& Tower with Radar,11,15,20,0,46,0,0,2,0,2,11,15,22,0,48,0,0,0,48
01/30/2014,SAV,GA,ASO,ES,Combined TRACON& Tower with Radar,25,64,75,7,171,0,0,8,2,10,25,64,83,9,181,20,4,24,205
01/31/2014,SAV,GA,ASO,ES,Combined TRACON& Tower with Radar,29,50,99,28,206,0,1,17,1,19,29,51,116,29,225,11,2,13,238
02/01/2014,SAV,GA,ASO,ES,Combined TRACON& Tower with Radar,27,29,34,17,107,0,0,0,0,0,27,29,34,17,107,0,0,0,107
02/02/2014,SAV,GA,ASO,ES,Combined TRACON& Tower with Radar,28,31,39,6,104,0,0,37,7,44,28,31,76,13,148,21,0,21,169
02/03/2014,SAV,GA,ASO,ES,Combined TRACON& Tower with Radar,31,51,50,41,173,0,2,25,4,31,31,53,75,45,204,9,2,11,215
02/04/2014,SAV,GA,ASO,ES,Combined TRACON& Tower with Radar,32,71,46,55,204,0,0,0,2,2,32,71,46,57,206,0,2,2,208
02/05/2014,SAV,GA,ASO,ES,Combined TRACON& Tower with Radar,34,42,50,34,160,0,0,9,5,14,34,42,59,39,174,42,14,56,230
02/06/2014,SAV,GA,ASO,ES,Combined TRACON& Tower with Radar,36,58,70,50,214,0,1,31,11,43,36,59,101,61,257,0,20,20,277
02/07/2014,SAV,GA,ASO,ES,Combined TRACON& Tower with Radar,34,58,72,67,231,0,0,35,20,55,34,58,107,87,286,0,22,22,308
02/08/2014,SAV,GA,ASO,ES,Combined TRACON& Tower with Radar,28,31,36,41,136,0,3,17,4,24,28,34,53,45,160,0,36,36,196
02/09/2014,SAV,GA,ASO,ES,Combined TRACON& Tower with Radar,35,36,57,19,147,0,1,68,9,78,35,37,125,28,225,34,0,34,259
02/10/2014,SAV,GA,ASO,ES,Combined TRACON& Tower with Radar,33,42,34,54,163,0,0,37,9,46,33,42,71,63,209,39,12,51,260
02/11/2014,SAV,GA,ASO,ES,Combined TRACON& Tower with Radar,25,62,46,55,188,0,0,0,1,1,25,62,46,56,189,5,0,5,194
02/12/2014,SAV,GA,ASO,ES,Combined TRACON& Tower with Radar,10,59,46,5,120,0,0,0,0,0,10,59,46,5,120,0,0,0,120
02/13/2014,SAV,GA,ASO,ES,Combined TRACON& Tower with Radar,21,59,70,47,197,0,0,3,1,4,21,59,73,48,201,10,0,10,211
02/14/2014,SAV,GA,ASO,ES,Combined TRACON& Tower with Radar,43,70,79,30,222,0,0,65,4,69,43,70,144,34,291,48,18,66,357
02/15/2014,SAV,GA,ASO,ES,Combined TRACON& Tower with Radar,37,57,55,24,173,0,0,33,2,35,37,57,88,26,208,8,2,10,218
02/16/2014,SAV,GA,ASO,ES,Combined TRACON& Tower with Radar,43,53,65,6,167,0,0,73,5,78,43,53,138,11,245,44,0,44,289
02/17/2014,SAV,GA,ASO,ES,Combined TRACON& Tower with Radar,45,59,61,6,171,0,0,49,1,50,45,59,110,7,221,60,0,60,281
02/18/2014,SAV,GA,ASO,ES,Combined TRACON& Tower with Radar,47,48,73,31,199,0,0,22,8,30,47,48,95,39,229,16,0,16,245
02/19/2014,SAV,GA,ASO,ES,Combined TRACON& Tower with Radar,51,53,53,33,190,0,0,46,4,50,51,53,99,37,240,14,6,20,260
02/20/2014,SAV,GA,ASO,ES,Combined TRACON& Tower with Radar,48,58,82,39,227,0,3,47,20,70,48,61,129,59,297,29,8,37,334
02/21/2014,SAV,GA,ASO,ES,Combined TRACON& Tower with Radar,42,58,82,41,223,0,0,6,1,7,42,58,88,42,230,0,9,9,239
02/22/2014,SAV,GA,ASO,ES,Combined TRACON& Tower with Radar,40,47,53,16,156,0,1,55,0,56,40,48,108,16,212,23,0,23,235
02/23/2014,SAV,GA,ASO,ES,Combined TRACON& Tower with Radar,44,50,58,5,157,0,0,23,0,23,44,50,81,5,180,79,0,79,259
02/24/2014,SAV,GA,ASO,ES,Combined TRACON& Tower with Radar,46,50,66,18,180,0,0,37,1,38,46,50,103,19,218,58,0,58,276
02/25/2014,SAV,GA,ASO,ES,Combined TRACON& Tower with Radar,48,67,56,33,204,0,0,34,6,40,48,67,90,39,244,12,4,16,260
02/26/2014,SAV,GA,ASO,ES,Combined TRACON& Tower with Radar,53,60,60,13,186,0,0,1,1,2,53,60,61,14,188,0,0,0,188
02/27/2014,SAV,GA,ASO,ES,Combined TRACON& Tower with Radar,50,55,59,20,184,0,1,61,6,68,50,56,120,26,252,8,44,52,304
02/28/2014,SAV,GA,ASO,ES,Combined TRACON& Tower with Radar,50,54,67,21,192,0,0,53,1,54,50,54,120,22,246,20,8,28,274
03/01/2014,SAV,GA,ASO,ES,Combined TRACON& Tower with Radar,39,39,42,18,138,0,0,43,7,50,39,39,85,25,188,31,2,33,221
03/02/2014,SAV,GA,ASO,ES,Combined TRACON& Tower with Radar,49,50,61,4,164,0,0,58,2,60,49,50,119,6,224,25,0,25,249
03/03/2014,SAV,GA,ASO,ES,Combined TRACON& Tower with Radar,45,37,48,8,138,0,0,7,0,7,45,37,55,8,145,16,0,16,161
03/04/2014,SAV,GA,ASO,ES,Combined TRACON& Tower with Radar,48,52,64,9,173,0,0,5,1,6,48,52,69,10,179,0,0,0,179
03/05/2014,SAV,GA,ASO,ES,Combined TRACON& Tower with Radar,53,59,47,9,168,0,0,0,0,0,53,59,47,9,168,0,0,0,168
03/06/2014,SAV,GA,ASO,ES,Combined TRACON& Tower with Radar,53,69,73,10,205,0,0,0,0,0,53,69,73,10,205,0,0,0,205
03/07/2014,SAV,GA,ASO,ES,Combined TRACON& Tower with Radar,50,69,69,35,223,0,0,2,0,2,50,69,71,35,225,0,0,0,225
03/08/2014,SAV,GA,ASO,ES,Combined TRACON& Tower with Radar,54,42,58,37,191,0,1,59,10,70,54,43,117,47,261,36,19,55,316
03/09/2014,SAV,GA,ASO,ES,Combined TRACON& Tower with Radar,54,57,44,44,199,0,0,69,2,71,54,57,113,46,270,29,30,59,329
03/10/2014,SAV,GA,ASO,ES,Combined TRACON& Tower with Radar,51,62,51,21,185,0,5,50,3,58,51,67,101,24,243,10,14,24,267
03/11/2014,SAV,GA,ASO,ES,Combined TRACON& Tower with Radar,49,66,44,10,169,0,2,40,3,45,49,68,84,13,214,10,8,18,232
03/12/2014,SAV,GA,ASO,ES,Combined TRACON& Tower with Radar,54,54,49,10,167,0,0,2,0,2,54,54,51,10,169,2,0,2,171
03/13/2014,SAV,GA,ASO,ES,Combined TRACON& Tower with Radar,54,69,55,6,184,0,0,24,5,29,54,69,79,11,213,0,4,4,217
03/14/2014,SAV,GA,ASO,ES,Combined TRACON& Tower with Radar,54,78,76,69,277,0,0,63,9,72,54,78,139,78,349,58,40,98,447
03/15/2014,SAV,GA,ASO,ES,Combined TRACON& Tower with Radar,54,42,58,12,166,0,0,63,4,67,54,42,121,16,233,36,0,36,269
03/16/2014,SAV,GA,ASO,ES,Combined TRACON& Tower with Radar,54,58,57,11,180,0,0,20,6,26,54,58,77,17,206,0,0,0,206
03/17/2014,SAV,GA,ASO,ES,Combined TRACON& Tower with Radar,48,69,54,0,171,0,0,2,0,2,48,69,56,0,173,0,0,0,173
03/18/2014,SAV,GA,ASO,ES,Combined TRACON& Tower with Radar,51,80,35,7,173,0,1,2,0,3,51,81,37,7,176,16,0,16,192
03/19/2014,SAV,GA,ASO,ES,Combined TRACON& Tower with Radar,54,79,64,15,212,0,0,25,1,26,54,79,89,16,238,2,0,2,240
03/20/2014,SAV,GA,ASO,ES,Combined TRACON& Tower with Radar,54,72,65,13,204,0,1,60,8,69,54,73,125,21,273,17,12,29,302
03/21/2014,SAV,GA,ASO,ES,Combined TRACON& Tower with Radar,52,71,71,15,209,0,0,45,1,46,52,71,116,16,255,6,0,6,261
03/22/2014,SAV,GA,ASO,ES,Combined TRACON& Tower with Radar,54,55,58,10,177,0,0,49,4,53,54,55,107,14,230,28,0,28,258
03/23/2014,SAV,GA,ASO,ES,Combined TRACON& Tower with Radar,60,60,63,7,190,0,0,32,2,34,60,60,95,9,224,0,0,0,224
03/24/2014,SAV,GA,ASO,ES,Combined TRACON& Tower with Radar,50,62,70,6,188,0,0,21,3,24,50,62,91,9,212,0,3,3,215
03/25/2014,SAV,GA,ASO,ES,Combined TRACON& Tower with Radar,54,74,58,17,203,0,0,14,6,20,54,74,72,23,223,11,0,11,234
03/26/2014,SAV,GA,ASO,ES,Combined TRACON& Tower with Radar,56,58,53,14,181,0,0,25,1,26,56,58,78,15,207,20,8,28,235
03/27/2014,SAV,GA,ASO,ES,Combined TRACON& Tower with Radar,51,65,88,23,227,0,2,40,8,50,51,67,128,31,277,24,0,24,301
03/28/2014,SAV,GA,ASO,ES,Combined TRACON& Tower with Radar,53,59,66,36,214,0,6,26,4,36,53,65,92,40,250,4,4,8,258
03/29/2014,SAV,GA,ASO,ES,Combined TRACON& Tower with Radar,51,49,35,2,137,0,2,7,0,9,51,51,42,2,146,0,0,0,146
03/30/2014,SAV,GA,ASO,ES,Combined TRACON& Tower with Radar,55,70,60,10,195,0,2,28,0,30,55,72,88,10,225,6,8,14,239
03/31/2014,SAV,GA,ASO,ES,Combined TRACON& Tower with Radar,50,48,66,15,179,0,0,57,1,58,50,48,123,16,237,6,8,14,251
04/01/2014,SAV,GA,ASO,ES,Combined TRACON& Tower with Radar,55,65,82,2,204,0,2,39,2,43,55,67,121,4,247,22,0,22,269
04/02/2014,SAV,GA,ASO,ES,Combined TRACON& Tower with Radar,58,58,68,10,194,0,1,50,4,55,58,59,118,14,249,38,0,38,287
04/03/2014,SAV,GA,ASO,ES,Combined TRACON& Tower with Radar,59,63,64,8,194,0,0,48,3,51,59,63,112,11,245,55,0,55,300
04/04/2014,SAV,GA,ASO,ES,Combined TRACON& Tower with Radar,54,63,61,16,194,0,0,36,4,40,54,63,97,20,234,10,0,10,244
04/05/2014,SAV,GA,ASO,ES,Combined TRACON& Tower with Radar,59,40,56,10,165,0,2,35,3,40,59,42,91,13,205,16,0,16,221
04/06/2014,SAV,GA,ASO,ES,Combined TRACON& Tower with Radar,56,61,72,6,195,0,0,7,0,7,56,61,79,6,202,0,0,0,202
04/07/2014,SAV,GA,ASO,ES,Combined TRACON& Tower with Radar,53,66,43,19,181,0,0,4,0,4,53,66,47,19,185,12,0,12,197
04/08/2014,SAV,GA,ASO,ES,Combined TRACON& Tower with Radar,52,64,60,8,184,0,0,15,3,18,52,64,75,11,202,36,8,44,246
04/09/2014,SAV,GA,ASO,ES,Combined TRACON& Tower with Radar,51,73,58,6,188,0,1,45,4,50,51,74,103,10,238,6,0,6,244
04/10/2014,SAV,GA,ASO,ES,Combined TRACON& Tower with Radar,55,59,70,11,195,0,0,55,4,59,55,59,125,15,254,12,0,12,266
04/11/2014,SAV,GA,ASO,ES,Combined TRACON& Tower with Radar,55,68,77,5,205,0,0,60,6,66,55,68,137,11,271,89,4,93,364
04/12/2014,SAV,GA,ASO,ES,Combined TRACON& Tower with Radar,57,51,40,2,150,0,0,65,1,66,57,51,105,3,216,42,0,42,258
04/13/2014,SAV,GA,ASO,ES,Combined TRACON& Tower with Radar,54,59,75,6,194,0,0,50,2,52,54,59,125,8,246,14,0,14,260
04/14/2014,SAV,GA,ASO,ES,Combined TRACON& Tower with Radar,51,67,87,26,231,0,0,26,0,26,51,67,113,26,257,34,0,34,291
04/15/2014,SAV,GA,ASO,ES,Combined TRACON& Tower with Radar,56,52,53,2,163,0,1,2,0,3,56,53,55,2,166,0,0,0,166
04/16/2014,SAV,GA,ASO,ES,Combined TRACON& Tower with Radar,56,74,84,16,230,0,1,26,4,31,56,75,110,20,261,20,22,42,303
04/17/2014,SAV,GA,ASO,ES,Combined TRACON& Tower with Radar,57,88,84,8,237,0,0,54,3,57,57,88,138,11,294,2,2,4,298
04/18/2014,SAV,GA,ASO,ES,Combined TRACON& Tower with Radar,59,77,56,12,204,0,0,11,0,11,59,77,67,12,215,0,2,2,217
04/19/2014,SAV,GA,ASO,ES,Combined TRACON& Tower with Radar,55,65,42,3,165,0,0,0,0,0,55,65,42,3,165,0,0,0,165
04/20/2014,SAV,GA,ASO,ES,Combined TRACON& Tower with Radar,52,63,40,0,155,0,0,10,0,10,52,63,50,0,165,8,0,8,173
04/21/2014,SAV,GA,ASO,ES,Combined TRACON& Tower with Radar,56,74,70,19,219,0,4,38,2,44,56,78,108,21,263,30,0,30,293
04/22/2014,SAV,GA,ASO,ES,Combined TRACON& Tower with Radar,48,59,63,7,177,0,0,39,1,40,48,59,102,8,217,32,18,50,267
04/23/2014,SAV,GA,ASO,ES,Combined TRACON& Tower with Radar,57,52,65,7,181,0,4,42,1,47,57,56,107,8,228,12,0,12,240
04/24/2014,SAV,GA,ASO,ES,Combined TRACON& Tower with Radar,57,69,100,10,236,0,2,53,13,68,57,71,153,23,304,46,0,46,350
04/25/2014,SAV,GA,ASO,ES,Combined TRACON& Tower with Radar,59,76,60,18,213,0,0,36,1,37,59,76,96,19,250,4,0,4,254
04/26/2014,SAV,GA,ASO,ES,Combined TRACON& Tower with Radar,63,55,39,22,179,0,1,65,10,76,63,56,104,32,255,39,34,73,328
04/27/2014,SAV,GA,ASO,ES,Combined TRACON& Tower with Radar,52,53,72,25,202,0,0,46,0,46,52,53,118,25,248,56,0,56,304
04/28/2014,SAV,GA,ASO,ES,Combined TRACON& Tower with Radar,60,61,46,27,194,0,1,24,2,27,60,62,70,29,221,20,2,22,243
04/29/2014,SAV,GA,ASO,ES,Combined TRACON& Tower with Radar,56,60,71,12,199,0,0,16,0,16,56,60,87,12,215,14,0,14,229
04/30/2014,SAV,GA,ASO,ES,Combined TRACON& Tower with Radar,54,57,65,7,183,0,0,2,5,7,54,57,67,12,190,36,0,36,226
05/01/2014,SAV,GA,ASO,ES,Combined TRACON& Tower with Radar,57,58,83,17,215,0,4,13,0,17,57,62,96,17,232,0,4,4,236
05/02/2014,SAV,GA,ASO,ES,Combined TRACON& Tower with Radar,59,67,82,37,245,0,0,28,6,34,59,67,110,43,279,2,2,4,283
05/03/2014,SAV,GA,ASO,ES,Combined TRACON& Tower with Radar,53,53,50,16,172,0,0,24,3,27,53,53,74,19,199,28,10,38,237
05/04/2014,SAV,GA,ASO,ES,Combined TRACON& Tower with Radar,56,56,60,25,197,0,0,49,8,57,56,56,109,33,254,25,4,29,283
05/05/2014,SAV,GA,ASO,ES,Combined TRACON& Tower with Radar,57,57,54,14,182,0,0,25,8,33,57,57,79,22,215,13,4,17,232
05/06/2014,SAV,GA,ASO,ES,Combined TRACON& Tower with Radar,50,76,76,25,227,0,0,59,16,75,50,76,135,41,302,32,7,39,341
05/07/2014,SAV,GA,ASO,ES,Combined TRACON& Tower with Radar,51,59,68,27,205,0,2,56,9,67,51,61,124,36,272,16,0,16,288
05/08/2014,SAV,GA,ASO,ES,Combined TRACON& Tower with Radar,55,79,100,27,261,0,0,46,4,50,55,79,146,31,311,18,8,26,337
05/09/2014,SAV,GA,ASO,ES,Combined TRACON& Tower with Radar,51,50,69,22,192,2,0,36,2,40,53,50,105,24,232,40,48,88,320
05/10/2014,SAV,GA,ASO,ES,Combined TRACON& Tower with Radar,52,48,32,4,136,0,0,38,13,51,52,48,70,17,187,74,0,74,261
05/11/2014,SAV,GA,ASO,ES,Combined TRACON& Tower with Radar,62,55,42,8,167,0,0,14,11,25,62,55,56,19,192,0,0,0,192
05/12/2014,SAV,GA,ASO,ES,Combined TRACON& Tower with Radar,52,54,69,14,189,0,0,25,0,25,52,54,94,14,214,36,8,44,258
05/13/2014,SAV,GA,ASO,ES,Combined TRACON& Tower with Radar,54,59,65,13,191,0,0,51,7,58,54,59,116,20,249,48,10,58,307
05/14/2014,SAV,GA,ASO,ES,Combined TRACON& Tower with Radar,54,57,62,3,176,0,0,17,24,41,54,57,79,27,217,36,0,36,253
05/15/2014,SAV,GA,ASO,ES,Combined TRACON& Tower with Radar,52,54,36,14,156,0,0,0,2,2,52,54,36,16,158,2,0,2,160
05/16/2014,SAV,GA,ASO,ES,Combined TRACON& Tower with Radar,48,66,73,29,216,0,1,49,5,55,48,67,122,34,271,60,10,70,341
05/17/2014,SAV,GA,ASO,ES,Combined TRACON& Tower with Radar,55,46,50,8,159,0,0,60,0,60,55,46,110,8,219,103,0,103,322
05/18/2014,SAV,GA,ASO,ES,Combined TRACON& Tower with Radar,53,60,53,24,190,0,1,36,3,40,53,61,89,27,230,32,2,34,264
05/19/2014,SAV,GA,ASO,ES,Combined TRACON& Tower with Radar,55,55,55,12,177,0,0,36,1,37,55,55,91,13,214,24,38,62,276
05/20/2014,SAV,GA,ASO,ES,Combined TRACON& Tower with Radar,56,60,34,12,162,0,2,44,3,49,56,62,78,15,211,81,4,85,296
05/21/2014,SAV,GA,ASO,ES,Combined TRACON& Tower with Radar,57,68,33,17,175,0,8,48,4,60,57,76,81,21,235,20,0,20,255
05/22/2014,SAV,GA,ASO,ES,Combined TRACON& Tower with Radar,52,86,81,9,228,0,0,39,3,42,52,86,120,12,270,15,0,15,285
05/23/2014,SAV,GA,ASO,ES,Combined TRACON& Tower with Radar,54,73,68,6,201,0,0,46,4,50,54,73,114,10,251,20,0,20,271
05/24/2014,SAV,GA,ASO,ES,Combined TRACON& Tower with Radar,46,54,32,3,135,0,0,55,0,55,46,54,87,3,190,66,0,66,256
05/25/2014,SAV,GA,ASO,ES,Combined TRACON& Tower with Radar,49,25,24,6,104,0,0,32,0,32,49,25,56,6,136,5,0,5,141
05/26/2014,SAV,GA,ASO,ES,Combined TRACON& Tower with Radar,54,42,58,4,158,0,0,31,0,31,54,42,89,4,189,21,0,21,210
05/27/2014,SAV,GA,ASO,ES,Combined TRACON& Tower with Radar,53,57,57,5,172,0,0,22,5,27,53,57,79,10,199,22,2,24,223
05/28/2014,SAV,GA,ASO,ES,Combined TRACON& Tower with Radar,56,68,36,3,163,0,2,38,1,41,56,70,74,4,204,0,0,0,204
05/29/2014,SAV,GA,ASO,ES,Combined TRACON& Tower with Radar,64,68,48,13,193,0,4,27,3,34,64,72,75,16,227,55,0,55,282
05/30/2014,SAV,GA,ASO,ES,Combined TRACON& Tower with Radar,54,65,59,26,204,0,0,38,4,42,54,65,97,30,246,49,0,49,295
05/31/2014,SAV,GA,ASO,ES,Combined TRACON& Tower with Radar,50,55,33,18,156,0,1,20,3,24,50,56,53,21,180,26,0,26,206
06/01/2014,SAV,GA,ASO,ES,Combined TRACON& Tower with Radar,57,45,48,5,155,0,0,17,1,18,57,45,65,6,173,26,0,26,199
06/02/2014,SAV,GA,ASO,ES,Combined TRACON& Tower with Radar,52,58,54,25,189,0,2,31,2,35,52,60,85,27,224,12,8,20,244
06/03/2014,SAV,GA,ASO,ES,Combined TRACON& Tower with Radar,55,62,60,22,199,0,2,31,7,40,55,64,91,29,239,108,6,114,353
06/04/2014,SAV,GA,ASO,ES,Combined TRACON& Tower with Radar,55,51,71,9,186,0,0,40,5,45,55,51,111,14,231,70,0,70,301
06/05/2014,SAV,GA,ASO,ES,Combined TRACON& Tower with Radar,54,68,64,2,188,0,0,45,8,53,54,68,109,10,241,8,0,8,249
06/06/2014,SAV,GA,ASO,ES,Combined TRACON& Tower with Radar,57,57,48,16,178,0,1,30,0,31,57,58,78,16,209,7,0,7,216
06/07/2014,SAV,GA,ASO,ES,Combined TRACON& Tower with Radar,47,64,36,9,156,0,0,23,1,24,47,64,59,10,180,69,0,69,249
06/08/2014,SAV,GA,ASO,ES,Combined TRACON& Tower with Radar,54,50,54,12,170,0,0,23,3,26,54,50,77,15,196,52,0,52,248
06/09/2014,SAV,GA,ASO,ES,Combined TRACON& Tower with Radar,52,48,58,10,168,0,0,48,4,52,52,48,106,14,220,28,0,28,248
06/10/2014,SAV,GA,ASO,ES,Combined TRACON& Tower with Radar,55,57,51,18,181,0,0,41,14,55,55,57,92,32,236,32,0,32,268
06/11/2014,SAV,GA,ASO,ES,Combined TRACON& Tower with Radar,52,56,52,6,166,0,0,17,0,17,52,56,69,6,183,20,0,20,203
06/12/2014,SAV,GA,ASO,ES,Combined TRACON& Tower with Radar,56,65,99,3,223,0,0,33,4,37,56,65,132,7,260,42,0,42,302
06/13/2014,SAV,GA,ASO,ES,Combined TRACON& Tower with Radar,56,58,70,5,189,0,2,45,5,52,56,60,115,10,241,14,0,14,255
06/14/2014,SAV,GA,ASO,ES,Combined TRACON& Tower with Radar,45,67,53,29,194,0,5,33,2,40,45,72,86,31,234,22,4,26,260
06/15/2014,SAV,GA,ASO,ES,Combined TRACON& Tower with Radar,54,61,78,3,196,0,3,60,5,68,54,64,138,8,264,74,0,74,338
06/16/2014,SAV,GA,ASO,ES,Combined TRACON& Tower with Radar,53,62,71,7,193,0,1,39,2,42,53,63,110,9,235,34,0,34,269
06/17/2014,SAV,GA,ASO,ES,Combined TRACON& Tower with Radar,59,46,51,6,162,0,0,35,4,39,59,46,86,10,201,59,0,59,260
06/18/2014,SAV,GA,ASO,ES,Combined TRACON& Tower with Radar,55,58,46,9,168,0,2,44,3,49,55,60,90,12,217,37,0,37,254
06/19/2014,SAV,GA,ASO,ES,Combined TRACON& Tower with Radar,57,54,61,16,188,0,4,43,5,52,57,58,104,21,240,4,0,4,244
06/20/2014,SAV,GA,ASO,ES,Combined TRACON& Tower with Radar,56,66,64,37,223,0,1,29,9,39,56,67,93,46,262,62,0,62,324
06/21/2014,SAV,GA,ASO,ES,Combined TRACON& Tower with Radar,49,63,41,9,162,0,0,53,3,56,49,63,94,12,218,52,12,64,282
06/22/2014,SAV,GA,ASO,ES,Combined TRACON& Tower with Radar,57,50,53,11,171,0,0,31,8,39,57,50,84,19,210,34,2,36,246
06/23/2014,SAV,GA,ASO,ES,Combined TRACON& Tower with Radar,53,45,63,17,178,0,1,22,2,25,53,46,85,19,203,35,0,35,238
06/24/2014,SAV,GA,ASO,ES,Combined TRACON& Tower with Radar,55,51,52,6,164,0,1,19,0,20,55,52,71,6,184,36,0,36,220
06/25/2014,SAV,GA,ASO,ES,Combined TRACON& Tower with Radar,54,50,71,13,188,0,0,36,2,38,54,50,107,15,226,60,12,72,298
06/26/2014,SAV,GA,ASO,ES,Combined TRACON& Tower with Radar,59,60,65,7,191,0,0,38,2,40,59,60,103,9,231,26,0,26,257
06/27/2014,SAV,GA,ASO,ES,Combined TRACON& Tower with Radar,55,60,54,10,179,0,2,44,8,54,55,62,98,18,233,70,0,70,303
06/28/2014,SAV,GA,ASO,ES,Combined TRACON& Tower with Radar,46,57,45,4,152,0,3,30,5,38,46,60,75,9,190,16,0,16,206
06/29/2014,SAV,GA,ASO,ES,Combined TRACON& Tower with Radar,52,48,54,11,165,0,2,21,6,29,52,50,75,17,194,16,0,16,210
06/30/2014,SAV,GA,ASO,ES,Combined TRACON& Tower with Radar,51,54,57,23,185,0,4,24,0,28,51,58,81,23,213,4,4,8,221
07/01/2014,SAV,GA,ASO,ES,Combined TRACON& Tower with Radar,55,52,48,33,188,0,5,36,3,44,55,57,84,36,232,8,12,20,252
07/02/2014,SAV,GA,ASO,ES,Combined TRACON& Tower with Radar,54,40,39,8,141,0,0,25,0,25,54,40,64,8,166,24,2,26,192
07/03/2014,SAV,GA,ASO,ES,Combined TRACON& Tower with Radar,54,35,25,3,117,0,1,31,1,33,54,36,56,4,150,40,0,40,190
07/04/2014,SAV,GA,ASO,ES,Combined TRACON& Tower with Radar,42,15,22,0,79,0,4,24,0,28,42,19,46,0,107,8,0,8,115
07/05/2014,SAV,GA,ASO,ES,Combined TRACON& Tower with Radar,45,43,16,0,104,0,0,27,0,27,45,43,43,0,131,22,0,22,153
07/06/2014,SAV,GA,ASO,ES,Combined TRACON& Tower with Radar,57,50,54,1,162,0,0,26,0,26,57,50,80,1,188,28,0,28,216
07/07/2014,SAV,GA,ASO,ES,Combined TRACON& Tower with Radar,54,42,61,6,163,0,0,46,0,46,54,42,107,6,209,12,6,18,227
07/08/2014,SAV,GA,ASO,ES,Combined TRACON& Tower with Radar,57,48,49,7,161,0,1,28,4,33,57,49,77,11,194,20,16,36,230
07/09/2014,SAV,GA,ASO,ES,Combined TRACON& Tower with Radar,54,48,47,18,167,0,4,28,4,36,54,52,75,22,203,2,0,2,205
07/10/2014,SAV,GA,ASO,ES,Combined TRACON& Tower with Radar,56,46,68,7,177,0,2,26,2,30,56,48,94,9,207,32,2,34,241
07/11/2014,SAV,GA,ASO,ES,Combined TRACON& Tower with Radar,55,41,50,12,158,0,1,29,2,32,55,42,79,14,190,4,8,12,202
07/12/2014,SAV,GA,ASO,ES,Combined TRACON& Tower with Radar,47,52,30,7,136,0,0,17,0,17,47,52,47,7,153,8,0,8,161
07/13/2014,SAV,GA,ASO,ES,Combined TRACON& Tower with Radar,51,41,29,14,135,0,4,28,0,32,51,45,57,14,167,14,0,14,181
07/14/2014,SAV,GA,ASO,ES,Combined TRACON& Tower with Radar,54,49,45,11,159,0,0,24,0,24,54,49,69,11,183,0,0,0,183
07/15/2014,SAV,GA,ASO,ES,Combined TRACON& Tower with Radar,50,53,45,9,157,0,0,27,4,31,50,53,72,13,188,2,19,21,209
07/16/2014,SAV,GA,ASO,ES,Combined TRACON& Tower with Radar,57,57,39,14,167,0,0,20,1,21,57,57,59,15,188,10,0,10,198
07/17/2014,SAV,GA,ASO,ES,Combined TRACON& Tower with Radar,55,50,63,22,190,0,0,41,7,48,55,50,104,29,238,33,0,33,271
07/18/2014,SAV,GA,ASO,ES,Combined TRACON& Tower with Radar,56,68,55,33,212,0,0,41,10,51,56,68,96,43,263,24,0,24,287
07/19/2014,SAV,GA,ASO,ES,Combined TRACON& Tower with Radar,47,60,22,6,135,0,2,31,3,36,47,62,53,9,171,47,10,57,228
07/20/2014,SAV,GA,ASO,ES,Combined TRACON& Tower with Radar,55,46,47,1,149,0,0,23,6,29,55,46,70,7,178,4,0,4,182
07/21/2014,SAV,GA,ASO,ES,Combined TRACON& Tower with Radar,56,48,53,3,160,0,0,7,1,8,56,48,60,4,168,0,0,0,168
07/22/2014,SAV,GA,ASO,ES,Combined TRACON& Tower with Radar,57,49,53,4,163,0,0,26,1,27,57,49,79,5,190,24,0,24,214
07/23/2014,SAV,GA,ASO,ES,Combined TRACON& Tower with Radar,52,53,50,13,168,0,0,33,0,33,52,53,83,13,201,20,6,26,227
07/24/2014,SAV,GA,ASO,ES,Combined TRACON& Tower with Radar,63,53,42,2,160,0,2,22,0,24,63,55,64,2,184,10,0,10,194
07/25/2014,SAV,GA,ASO,ES,Combined TRACON& Tower with Radar,56,50,79,4,189,0,1,25,4,30,56,51,104,8,219,3,0,3,222
07/26/2014,SAV,GA,ASO,ES,Combined TRACON& Tower with Radar,50,56,35,4,145,0,2,42,0,44,50,58,77,4,189,12,0,12,201
07/27/2014,SAV,GA,ASO,ES,Combined TRACON& Tower with Radar,54,35,46,11,146,0,4,39,1,44,54,39,85,12,190,6,1,7,197
07/28/2014,SAV,GA,ASO,ES,Combined TRACON& Tower with Radar,54,49,42,7,152,0,0,18,1,19,54,49,60,8,171,13,0,13,184
07/29/2014,SAV,GA,ASO,ES,Combined TRACON& Tower with Radar,55,43,61,8,167,0,0,46,4,50,55,43,107,12,217,16,12,28,245
07/30/2014,SAV,GA,ASO,ES,Combined TRACON& Tower with Radar,54,42,62,6,164,0,0,30,3,33,54,42,92,9,197,13,6,19,216
07/31/2014,SAV,GA,ASO,ES,Combined TRACON& Tower with Radar,57,49,63,4,173,0,0,27,0,27,57,49,90,4,200,34,0,34,234
08/01/2014,SAV,GA,ASO,ES,Combined TRACON& Tower with Radar,54,55,38,0,147,0,0,9,0,9,54,55,47,0,156,0,0,0,156
08/02/2014,SAV,GA,ASO,ES,Combined TRACON& Tower with Radar,48,52,20,6,126,0,0,2,0,2,48,52,22,6,128,0,0,0,128
08/03/2014,SAV,GA,ASO,ES,Combined TRACON& Tower with Radar,55,47,46,1,149,0,0,27,0,27,55,47,73,1,176,6,0,6,182
08/04/2014,SAV,GA,ASO,ES,Combined TRACON& Tower with Radar,55,57,47,7,166,0,2,10,0,12,55,59,57,7,178,24,0,24,202
08/05/2014,SAV,GA,ASO,ES,Combined TRACON& Tower with Radar,57,52,56,21,186,0,1,44,1,46,57,53,100,22,232,32,8,40,272
08/06/2014,SAV,GA,ASO,ES,Combined TRACON& Tower with Radar,53,49,91,8,201,0,2,77,4,83,53,51,168,12,284,26,2,28,312
08/07/2014,SAV,GA,ASO,ES,Combined TRACON& Tower with Radar,57,54,65,17,193,0,3,43,0,46,57,57,108,17,239,2,4,6,245
08/08/2014,SAV,GA,ASO,ES,Combined TRACON& Tower with Radar,44,39,44,35,162,0,0,20,1,21,44,39,64,36,183,2,15,17,200
08/09/2014,SAV,GA,ASO,ES,Combined TRACON& Tower with Radar,47,53,28,10,138,0,1,22,3,26,47,54,50,13,164,29,0,29,193
08/10/2014,SAV,GA,ASO,ES,Combined TRACON& Tower with Radar,55,41,44,5,145,0,0,23,0,23,55,41,67,5,168,86,0,86,254
08/11/2014,SAV,GA,ASO,ES,Combined TRACON& Tower with Radar,55,45,44,2,146,0,1,14,0,15,55,46,58,2,161,13,0,13,174
08/12/2014,SAV,GA,ASO,ES,Combined TRACON& Tower with Radar,54,45,59,9,167,0,0,16,6,22,54,45,75,15,189,42,4,46,235
08/13/2014,SAV,GA,ASO,ES,Combined TRACON& Tower with Radar,50,60,54,2,166,0,2,33,2,37,50,62,87,4,203,18,0,18,221
08/14/2014,SAV,GA,ASO,ES,Combined TRACON& Tower with Radar,59,58,67,25,209,0,0,34,3,37,59,58,101,28,246,39,0,39,285
08/15/2014,SAV,GA,ASO,ES,Combined TRACON& Tower with Radar,56,58,61,14,189,0,2,46,10,58,56,60,107,24,247,0,0,0,247
08/16/2014,SAV,GA,ASO,ES,Combined TRACON& Tower with Radar,48,59,44,9,160,0,0,36,4,40,48,59,80,13,200,20,0,20,220
08/17/2014,SAV,GA,ASO,ES,Combined TRACON& Tower with Radar,53,41,53,4,151,0,0,40,6,46,53,41,93,10,197,28,11,39,236
08/18/2014,SAV,GA,ASO,ES,Combined TRACON& Tower with Radar,54,49,42,23,168,0,0,14,6,20,54,49,56,29,188,0,18,18,206
08/19/2014,SAV,GA,ASO,ES,Combined TRACON& Tower with Radar,53,53,53,5,164,0,0,13,3,16,53,53,66,8,180,0,0,0,180
08/20/2014,SAV,GA,ASO,ES,Combined TRACON& Tower with Radar,56,61,54,5,176,0,2,41,1,44,56,63,95,6,220,12,0,12,232
08/21/2014,SAV,GA,ASO,ES,Combined TRACON& Tower with Radar,54,54,44,6,158,0,2,36,7,45,54,56,80,13,203,15,4,19,222
08/22/2014,SAV,GA,ASO,ES,Combined TRACON& Tower with Radar,53,54,83,18,208,0,0,46,0,46,53,54,129,18,254,37,0,37,291
08/23/2014,SAV,GA,ASO,ES,Combined TRACON& Tower with Radar,46,55,27,17,145,0,0,36,3,39,46,55,63,20,184,13,4,17,201
08/24/2014,SAV,GA,ASO,ES,Combined TRACON& Tower with Radar,51,39,55,4,149,0,0,11,5,16,51,39,66,9,165,19,0,19,184
08/25/2014,SAV,GA,ASO,ES,Combined TRACON& Tower with Radar,54,46,47,10,157,0,0,21,3,24,54,46,68,13,181,10,4,14,195
08/26/2014,SAV,GA,ASO,ES,Combined TRACON& Tower with Radar,55,50,70,15,190,0,3,35,5,43,55,53,105,20,233,21,4,25,258
08/27/2014,SAV,GA,ASO,ES,Combined TRACON& Tower with Radar,53,51,47,16,167,0,0,25,9,34,53,51,72,25,201,10,6,16,217
08/28/2014,SAV,GA,ASO,ES,Combined TRACON& Tower with Radar,55,73,54,17,199,0,0,40,2,42,55,73,94,19,241,6,0,6,247
08/29/2014,SAV,GA,ASO,ES,Combined TRACON& Tower with Radar,53,58,59,0,170,0,0,42,0,42,53,58,101,0,212,26,0,26,238
08/30/2014,SAV,GA,ASO,ES,Combined TRACON& Tower with Radar,42,61,40,0,143,0,0,25,0,25,42,61,65,0,168,0,0,0,168
08/31/2014,SAV,GA,ASO,ES,Combined TRACON& Tower with Radar,43,32,23,4,102,0,1,18,2,21,43,33,41,6,123,16,0,16,139
09/01/2014,SAV,GA,ASO,ES,Combined TRACON& Tower with Radar,47,50,43,3,143,0,0,27,1,28,47,50,70,4,171,16,10,26,197
09/02/2014,SAV,GA,ASO,ES,Combined TRACON& Tower with Radar,50,59,43,4,156,0,0,14,2,16,50,59,57,6,172,15,0,15,187
09/03/2014,SAV,GA,ASO,ES,Combined TRACON& Tower with Radar,50,61,50,7,168,0,0,22,2,24,50,61,72,9,192,8,6,14,206
09/04/2014,SAV,GA,ASO,ES,Combined TRACON& Tower with Radar,52,58,59,8,177,0,0,25,0,25,52,58,84,8,202,28,0,28,230
09/05/2014,SAV,GA,ASO,ES,Combined TRACON& Tower with Radar,52,76,47,52,227,0,0,19,2,21,52,76,66,54,248,30,0,30,278
09/06/2014,SAV,GA,ASO,ES,Combined TRACON& Tower with Radar,51,44,19,8,122,0,2,18,4,24,51,46,37,12,146,32,0,32,178
09/07/2014,SAV,GA,ASO,ES,Combined TRACON& Tower with Radar,54,44,47,16,161,0,0,8,0,8,54,44,55,16,169,0,0,0,169
09/08/2014,SAV,GA,ASO,ES,Combined TRACON& Tower with Radar,54,46,63,17,180,0,0,4,7,11,54,46,67,24,191,18,0,18,209
09/09/2014,SAV,GA,ASO,ES,Combined TRACON& Tower with Radar,55,57,52,20,184,0,0,8,13,21,55,57,60,33,205,18,0,18,223
09/10/2014,SAV,GA,ASO,ES,Combined TRACON& Tower with Radar,53,59,56,20,188,0,0,26,11,37,53,59,82,31,225,16,61,77,302
09/11/2014,SAV,GA,ASO,ES,Combined TRACON& Tower with Radar,58,57,66,26,207,0,0,57,12,69,58,57,123,38,276,54,0,54,330
09/12/2014,SAV,GA,ASO,ES,Combined TRACON& Tower with Radar,53,67,86,62,268,0,0,53,7,60,53,67,139,69,328,8,8,16,344
09/13/2014,SAV,GA,ASO,ES,Combined TRACON& Tower with Radar,53,49,32,24,158,0,1,38,6,45,53,50,70,30,203,39,16,55,258
09/14/2014,SAV,GA,ASO,ES,Combined TRACON& Tower with Radar,56,49,50,10,165,0,0,36,6,42,56,49,86,16,207,14,0,14,221
09/15/2014,SAV,GA,ASO,ES,Combined TRACON& Tower with Radar,54,42,55,8,159,0,0,4,0,4,54,42,59,8,163,0,0,0,163
09/16/2014,SAV,GA,ASO,ES,Combined TRACON& Tower with Radar,55,56,40,4,155,0,0,15,1,16,55,56,55,5,171,10,0,10,181
09/17/2014,SAV,GA,ASO,ES,Combined TRACON& Tower with Radar,55,61,55,10,181,0,1,33,9,43,55,62,88,19,224,0,0,0,224
09/18/2014,SAV,GA,ASO,ES,Combined TRACON& Tower with Radar,51,66,56,4,177,0,0,48,7,55,51,66,104,11,232,26,0,26,258
09/19/2014,SAV,GA,ASO,ES,Combined TRACON& Tower with Radar,59,49,51,32,191,0,0,28,12,40,59,49,79,44,231,34,28,62,293
09/20/2014,SAV,GA,ASO,ES,Combined TRACON& Tower with Radar,51,58,32,7,148,0,0,15,1,16,51,58,47,8,164,20,0,20,184
09/21/2014,SAV,GA,ASO,ES,Combined TRACON& Tower with Radar,55,38,48,7,148,0,1,53,3,57,55,39,101,10,205,93,0,93,298
09/22/2014,SAV,GA,ASO,ES,Combined TRACON& Tower with Radar,51,47,50,10,158,0,0,22,3,25,51,47,72,13,183,33,34,67,250
09/23/2014,SAV,GA,ASO,ES,Combined TRACON& Tower with Radar,52,53,82,34,221,0,0,29,2,31,52,53,111,36,252,10,0,10,262
09/24/2014,SAV,GA,ASO,ES,Combined TRACON& Tower with Radar,55,73,71,18,217,0,0,9,3,12,55,73,80,21,229,2,0,2,231
09/25/2014,SAV,GA,ASO,ES,Combined TRACON& Tower with Radar,51,70,77,4,202,0,0,18,0,18,51,70,95,4,220,10,0,10,230
09/26/2014,SAV,GA,ASO,ES,Combined TRACON& Tower with Radar,55,57,82,18,212,0,2,20,1,23,55,59,102,19,235,0,0,0,235
09/27/2014,SAV,GA,ASO,ES,Combined TRACON& Tower with Radar,50,57,58,6,171,0,0,7,0,7,50,57,65,6,178,13,0,13,191
09/28/2014,SAV,GA,ASO,ES,Combined TRACON& Tower with Radar,57,47,68,5,177,0,6,3,0,9,57,53,71,5,186,0,0,0,186
09/29/2014,SAV,GA,ASO,ES,Combined TRACON& Tower with Radar,54,53,47,4,158,0,0,0,0,0,54,53,47,4,158,0,0,0,158
09/30/2014,SAV,GA,ASO,ES,Combined TRACON& Tower with Radar,52,62,95,15,224,0,0,20,5,25,52,62,115,20,249,27,0,27,276
10/01/2014,SAV,GA,ASO,ES,Combined TRACON& Tower with Radar,53,60,69,8,190,0,5,49,3,57,53,65,118,11,247,48,0,48,295
10/02/2014,SAV,GA,ASO,ES,Combined TRACON& Tower with Radar,57,58,57,13,185,0,1,37,0,38,57,59,94,13,223,8,0,8,231
10/03/2014,SAV,GA,ASO,ES,Combined TRACON& Tower with Radar,56,54,50,21,181,0,0,19,1,20,56,54,69,22,201,8,11,19,220
10/04/2014,SAV,GA,ASO,ES,Combined TRACON& Tower with Radar,50,51,37,9,147,0,1,36,3,40,50,52,73,12,187,8,6,14,201
10/05/2014,SAV,GA,ASO,ES,Combined TRACON& Tower with Radar,55,50,54,9,168,0,0,73,1,74,55,50,127,10,242,39,0,39,281
10/06/2014,SAV,GA,ASO,ES,Combined TRACON& Tower with Radar,55,51,39,10,155,0,0,27,1,28,55,51,66,11,183,33,1,34,217
10/07/2014,SAV,GA,ASO,ES,Combined TRACON& Tower with Radar,56,48,55,11,170,0,0,43,2,45,56,48,98,13,215,37,2,39,254
10/08/2014,SAV,GA,ASO,ES,Combined TRACON& Tower with Radar,58,66,65,9,198,0,1,47,4,52,58,67,112,13,250,26,0,26,276
10/09/2014,SAV,GA,ASO,ES,Combined TRACON& Tower with Radar,58,74,65,10,207,0,0,29,3,32,58,74,94,13,239,0,0,0,239
10/10/2014,SAV,GA,ASO,ES,Combined TRACON& Tower with Radar,58,53,100,8,219,0,1,54,2,57,58,54,154,10,276,46,0,46,322
10/11/2014,SAV,GA,ASO,ES,Combined TRACON& Tower with Radar,51,53,45,3,152,0,0,32,0,32,51,53,77,3,184,84,0,84,268
10/12/2014,SAV,GA,ASO,ES,Combined TRACON& Tower with Radar,53,56,44,6,159,0,0,45,4,49,53,56,89,10,208,13,6,19,227
10/13/2014,SAV,GA,ASO,ES,Combined TRACON& Tower with Radar,54,55,86,2,197,0,0,32,0,32,54,55,118,2,229,4,0,4,233
10/14/2014,SAV,GA,ASO,ES,Combined TRACON& Tower with Radar,55,54,50,5,164,0,0,7,0,7,55,54,57,5,171,10,0,10,181
10/15/2014,SAV,GA,ASO,ES,Combined TRACON& Tower with Radar,57,65,55,8,185,0,0,23,6,29,57,65,78,14,214,23,2,25,239
10/16/2014,SAV,GA,ASO,ES,Combined TRACON& Tower with Radar,57,65,78,9,209,0,0,41,4,45,57,65,119,13,254,32,0,32,286
10/17/2014,SAV,GA,ASO,ES,Combined TRACON& Tower with Radar,57,65,61,16,199,0,0,53,8,61,57,65,114,24,260,2,0,2,262
10/18/2014,SAV,GA,ASO,ES,Combined TRACON& Tower with Radar,50,55,49,23,177,0,0,49,5,54,50,55,98,28,231,8,10,18,249
10/19/2014,SAV,GA,ASO,ES,Combined TRACON& Tower with Radar,54,58,64,6,182,0,0,47,7,54,54,58,111,13,236,41,0,41,277
10/20/2014,SAV,GA,ASO,ES,Combined TRACON& Tower with Radar,55,52,47,11,165,0,0,24,3,27,55,52,71,14,192,19,2,21,213
10/21/2014,SAV,GA,ASO,ES,Combined TRACON& Tower with Radar,56,60,36,26,178,0,0,38,4,42,56,60,74,30,220,24,0,24,244
10/22/2014,SAV,GA,ASO,ES,Combined TRACON& Tower with Radar,54,67,52,20,193,0,0,35,4,39,54,67,87,24,232,2,0,2,234
10/23/2014,SAV,GA,ASO,ES,Combined TRACON& Tower with Radar,52,62,74,36,224,0,0,31,1,32,52,62,105,37,256,14,30,44,300
10/24/2014,SAV,GA,ASO,ES,Combined TRACON& Tower with Radar,57,73,82,21,233,0,1,52,9,62,57,74,134,30,295,62,0,62,357
10/25/2014,SAV,GA,ASO,ES,Combined TRACON& Tower with Radar,50,54,42,5,151,0,0,60,6,66,50,54,102,11,217,16,0,16,233
10/26/2014,SAV,GA,ASO,ES,Combined TRACON& Tower with Radar,52,54,56,17,179,0,0,50,12,62,52,54,106,29,241,4,2,6,247
10/27/2014,SAV,GA,ASO,ES,Combined TRACON& Tower with Radar,55,59,46,13,173,0,0,40,6,46,55,59,86,19,219,10,0,10,229
10/28/2014,SAV,GA,ASO,ES,Combined TRACON& Tower with Radar,54,60,63,13,190,0,2,26,8,36,54,62,89,21,226,2,12,14,240
10/29/2014,SAV,GA,ASO,ES,Combined TRACON& Tower with Radar,56,55,54,19,184,0,0,24,9,33,56,55,78,28,217,6,0,6,223
10/30/2014,SAV,GA,ASO,ES,Combined TRACON& Tower with Radar,54,65,82,12,213,0,0,26,4,30,54,65,108,16,243,24,0,24,267
10/31/2014,SAV,GA,ASO,ES,Combined TRACON& Tower with Radar,54,56,66,7,183,0,0,34,9,43,54,56,100,16,226,4,23,27,253
11/01/2014,SAV,GA,ASO,ES,Combined TRACON& Tower with Radar,46,55,34,8,143,0,0,2,2,4,46,55,36,10,147,6,22,28,175
11/02/2014,SAV,GA,ASO,ES,Combined TRACON& Tower with Radar,51,51,55,6,163,0,0,36,5,41,51,51,91,11,204,23,2,25,229
11/03/2014,SAV,GA,ASO,ES,Combined TRACON& Tower with Radar,58,63,54,14,189,0,0,27,4,31,58,63,81,18,220,29,0,29,249
11/04/2014,SAV,GA,ASO,ES,Combined TRACON& Tower with Radar,54,58,48,8,168,0,0,27,4,31,54,58,75,12,199,16,2,18,217
11/05/2014,SAV,GA,ASO,ES,Combined TRACON& Tower with Radar,56,58,76,12,202,0,0,31,9,40,56,58,107,21,242,10,2,12,254
11/06/2014,SAV,GA,ASO,ES,Combined TRACON& Tower with Radar,49,71,89,12,221,0,0,26,9,35,49,71,115,21,256,35,12,47,303
11/07/2014,SAV,GA,ASO,ES,Combined TRACON& Tower with Radar,55,55,70,26,206,0,1,53,8,62,55,56,123,34,268,8,5,13,281
11/08/2014,SAV,GA,ASO,ES,Combined TRACON& Tower with Radar,42,64,44,2,152,0,0,49,3,52,42,64,93,5,204,0,0,0,204
11/09/2014,SAV,GA,ASO,ES,Combined TRACON& Tower with Radar,51,56,55,3,165,0,0,28,2,30,51,56,83,5,195,2,0,2,197
11/10/2014,SAV,GA,ASO,ES,Combined TRACON& Tower with Radar,46,65,59,4,174,0,0,30,4,34,46,65,89,8,208,9,0,9,217
11/11/2014,SAV,GA,ASO,ES,Combined TRACON& Tower with Radar,52,58,36,3,149,0,1,29,4,34,52,59,65,7,183,66,0,66,249
11/12/2014,SAV,GA,ASO,ES,Combined TRACON& Tower with Radar,53,71,57,6,187,0,0,31,5,36,53,71,88,11,223,38,29,67,290
11/13/2014,SAV,GA,ASO,ES,Combined TRACON& Tower with Radar,54,67,67,8,196,0,2,34,7,43,54,69,101,15,239,28,4,32,271
11/14/2014,SAV,GA,ASO,ES,Combined TRACON& Tower with Radar,54,73,86,31,244,0,2,42,4,48,54,75,128,35,292,53,6,59,351
11/15/2014,SAV,GA,ASO,ES,Combined TRACON& Tower with Radar,43,65,46,13,167,0,0,41,4,45,43,65,87,17,212,0,0,0,212
11/16/2014,SAV,GA,ASO,ES,Combined TRACON& Tower with Radar,51,50,86,23,210,0,0,22,5,27,51,50,108,28,237,33,0,33,270
11/17/2014,SAV,GA,ASO,ES,Combined TRACON& Tower with Radar,46,56,40,10,152,0,0,3,0,3,46,56,43,10,155,2,2,4,159
11/18/2014,SAV,GA,ASO,ES,Combined TRACON& Tower with Radar,54,51,64,6,175,0,0,13,2,15,54,51,77,8,190,27,0,27,217
11/19/2014,SAV,GA,ASO,ES,Combined TRACON& Tower with Radar,52,72,48,15,187,0,0,26,3,29,52,72,74,18,216,3,16,19,235
11/20/2014,SAV,GA,ASO,ES,Combined TRACON& Tower with Radar,53,67,47,10,177,0,3,34,12,49,53,70,81,22,226,36,0,36,262
11/21/2014,SAV,GA,ASO,ES,Combined TRACON& Tower with Radar,54,61,80,28,223,0,1,68,4,73,54,62,148,32,296,29,14,43,339
11/22/2014,SAV,GA,ASO,ES,Combined TRACON& Tower with Radar,42,57,41,9,149,0,1,43,2,46,42,58,84,11,195,20,0,20,215
11/23/2014,SAV,GA,ASO,ES,Combined TRACON& Tower with Radar,45,52,32,9,138,0,0,0,0,0,45,52,32,9,138,0,0,0,138
11/24/2014,SAV,GA,ASO,ES,Combined TRACON& Tower with Radar,40,74,47,7,168,0,0,1,0,1,40,74,48,7,169,0,0,0,169
11/25/2014,SAV,GA,ASO,ES,Combined TRACON& Tower with Radar,52,77,45,6,180,0,0,0,0,0,52,77,45,6,180,0,0,0,180
11/26/2014,SAV,GA,ASO,ES,Combined TRACON& Tower with Radar,49,79,51,1,180,0,0,9,0,9,49,79,60,1,189,0,0,0,189
11/27/2014,SAV,GA,ASO,ES,Combined TRACON& Tower with Radar,27,29,18,0,74,0,0,10,5,15,27,29,28,5,89,8,18,26,115
11/28/2014,SAV,GA,ASO,ES,Combined TRACON& Tower with Radar,41,36,50,0,127,0,0,24,2,26,41,36,74,2,153,28,0,28,181
11/29/2014,SAV,GA,ASO,ES,Combined TRACON& Tower with Radar,53,76,52,2,183,0,0,46,2,48,53,76,98,4,231,19,0,19,250
11/30/2014,SAV,GA,ASO,ES,Combined TRACON& Tower with Radar,61,54,76,4,195,0,0,38,0,38,61,54,114,4,233,24,0,24,257
12/01/2014,SAV,GA,ASO,ES,Combined TRACON& Tower with Radar,50,61,40,18,169,0,0,15,2,17,50,61,55,20,186,0,4,4,190
12/02/2014,SAV,GA,ASO,ES,Combined TRACON& Tower with Radar,48,58,24,25,155,0,0,30,8,38,48,58,54,33,193,14,12,26,219
12/03/2014,SAV,GA,ASO,ES,Combined TRACON& Tower with Radar,51,57,39,11,158,0,1,8,2,11,51,58,47,13,169,0,0,0,169
12/04/2014,SAV,GA,ASO,ES,Combined TRACON& Tower with Radar,56,64,56,8,184,0,1,11,1,13,56,65,67,9,197,0,48,48,245
12/05/2014,SAV,GA,ASO,ES,Combined TRACON& Tower with Radar,51,78,51,13,193,0,0,16,2,18,51,78,67,15,211,2,0,2,213
12/06/2014,SAV,GA,ASO,ES,Combined TRACON& Tower with Radar,29,49,37,29,144,0,0,6,1,7,29,49,43,30,151,0,0,0,151
12/07/2014,SAV,GA,ASO,ES,Combined TRACON& Tower with Radar,51,43,70,25,189,0,0,10,6,16,51,43,80,31,205,12,18,30,235
12/08/2014,SAV,GA,ASO,ES,Combined TRACON& Tower with Radar,46,58,34,22,160,0,0,1,1,2,46,58,35,23,162,22,44,66,228
12/09/2014,SAV,GA,ASO,ES,Combined TRACON& Tower with Radar,49,46,65,33,193,0,1,21,7,29,49,47,86,40,222,26,0,26,248
12/10/2014,SAV,GA,ASO,ES,Combined TRACON& Tower with Radar,49,52,55,16,172,0,2,46,14,62,49,54,101,30,234,4,1,5,239
12/11/2014,SAV,GA,ASO,ES,Combined TRACON& Tower with Radar,51,53,71,19,194,0,1,40,9,50,51,54,111,28,244,30,7,37,281
12/12/2014,SAV,GA,ASO,ES,Combined TRACON& Tower with Radar,49,60,62,22,193,0,0,40,5,45,49,60,102,27,238,14,13,27,265
12/13/2014,SAV,GA,ASO,ES,Combined TRACON& Tower with Radar,30,45,46,18,139,0,0,45,1,46,30,45,91,19,185,65,0,65,250
12/14/2014,SAV,GA,ASO,ES,Combined TRACON& Tower with Radar,49,36,53,7,145,0,0,62,3,65,49,36,115,10,210,14,22,36,246
12/15/2014,SAV,GA,ASO,ES,Combined TRACON& Tower with Radar,48,61,57,20,186,0,0,18,6,24,48,61,75,26,210,28,0,28,238
12/16/2014,SAV,GA,ASO,ES,Combined TRACON& Tower with Radar,50,64,49,18,181,0,0,27,0,27,50,64,76,18,208,10,7,17,225
12/17/2014,SAV,GA,ASO,ES,Combined TRACON& Tower with Radar,48,47,70,16,181,0,0,22,5,27,48,47,92,21,208,18,3,21,229
12/18/2014,SAV,GA,ASO,ES,Combined TRACON& Tower with Radar,53,64,45,12,174,0,0,46,3,49,53,64,91,15,223,18,0,18,241
12/19/2014,SAV,GA,ASO,ES,Combined TRACON& Tower with Radar,56,49,59,31,195,0,2,39,3,44,56,51,98,34,239,44,10,54,293
12/20/2014,SAV,GA,ASO,ES,Combined TRACON& Tower with Radar,50,59,40,11,160,0,0,3,0,3,50,59,43,11,163,12,4,16,179
12/21/2014,SAV,GA,ASO,ES,Combined TRACON& Tower with Radar,48,50,28,15,141,0,0,0,0,0,48,50,28,15,141,0,0,0,141
12/22/2014,SAV,GA,ASO,ES,Combined TRACON& Tower with Radar,52,59,29,0,140,0,0,0,0,0,52,59,29,0,140,0,0,0,140
12/23/2014,SAV,GA,ASO,ES,Combined TRACON& Tower with Radar,45,59,22,2,128,0,0,0,0,0,45,59,22,2,128,0,0,0,128
12/24/2014,SAV,GA,ASO,ES,Combined TRACON& Tower with Radar,38,40,16,1,95,0,0,1,0,1,38,40,17,1,96,0,0,0,96
12/25/2014,SAV,GA,ASO,ES,Combined TRACON& Tower with Radar,38,30,15,0,83,0,0,9,0,9,38,30,24,0,92,4,0,4,96
12/26/2014,SAV,GA,ASO,ES,Combined TRACON& Tower with Radar,54,58,54,2,168,0,0,48,2,50,54,58,102,4,218,36,0,36,254
12/27/2014,SAV,GA,ASO,ES,Combined TRACON& Tower with Radar,48,73,59,0,180,0,0,61,2,63,48,73,120,2,243,20,0,20,263
12/28/2014,SAV,GA,ASO,ES,Combined TRACON& Tower with Radar,48,49,32,0,129,0,2,15,0,17,48,51,47,0,146,6,0,6,152
12/29/2014,SAV,GA,ASO,ES,Combined TRACON& Tower with Radar,51,49,59,0,159,0,0,4,0,4,51,49,63,0,163,0,0,0,163
12/30/2014,SAV,GA,ASO,ES,Combined TRACON& Tower with Radar,53,61,74,0,188,0,0,4,0,4,53,61,78,0,192,22,0,22,214
12/31/2014,SAV,GA,ASO,ES,Combined TRACON& Tower with Radar,39,42,43,7,131,0,0,46,0,46,39,42,89,7,177,79,0,79,256
01/01/2015,SAV,GA,ASO,ES,Combined TRACON& Tower with Radar,39,32,30,4,105,0,1,26,0,27,39,33,56,4,132,0,0,0,132
01/02/2015,SAV,GA,ASO,ES,Combined TRACON& Tower with Radar,51,56,56,6,169,0,0,29,0,29,51,56,85,6,198,12,0,12,210
01/03/2015,SAV,GA,ASO,ES,Combined TRACON& Tower with Radar,47,88,74,3,212,0,0,2,0,2,47,88,76,3,214,0,0,0,214
01/04/2015,SAV,GA,ASO,ES,Combined TRACON& Tower with Radar,47,55,52,6,160,0,0,4,2,6,47,55,56,8,166,20,26,46,212
01/05/2015,SAV,GA,ASO,ES,Combined TRACON& Tower with Radar,48,41,68,15,172,0,0,29,5,34,48,41,97,20,206,2,0,2,208
01/06/2015,SAV,GA,ASO,ES,Combined TRACON& Tower with Radar,38,50,60,12,160,0,0,40,4,44,38,50,100,16,204,5,6,11,215
01/07/2015,SAV,GA,ASO,ES,Combined TRACON& Tower with Radar,41,53,65,7,166,0,0,29,6,35,41,53,94,13,201,6,0,6,207
01/08/2015,SAV,GA,ASO,ES,Combined TRACON& Tower with Radar,43,57,48,16,164,0,0,26,1,27,43,57,74,17,191,8,0,8,199
01/09/2015,SAV,GA,ASO,ES,Combined TRACON& Tower with Radar,42,68,60,38,208,0,0,32,3,35,42,68,92,41,243,3,18,21,264
01/10/2015,SAV,GA,ASO,ES,Combined TRACON& Tower with Radar,38,41,51,27,157,0,0,50,6,56,38,41,101,33,213,10,14,24,237
01/11/2015,SAV,GA,ASO,ES,Combined TRACON& Tower with Radar,44,37,48,22,151,0,0,20,0,20,44,37,68,22,171,20,0,20,191
01/12/2015,SAV,GA,ASO,ES,Combined TRACON& Tower with Radar,36,44,19,5,104,0,0,0,0,0,36,44,19,5,104,0,0,0,104
01/13/2015,SAV,GA,ASO,ES,Combined TRACON& Tower with Radar,38,55,44,2,139,0,0,0,0,0,38,55,44,2,139,0,0,0,139
01/14/2015,SAV,GA,ASO,ES,Combined TRACON& Tower with Radar,43,58,61,9,171,0,0,6,2,8,43,58,67,11,179,1,0,1,180
01/15/2015,SAV,GA,ASO,ES,Combined TRACON& Tower with Radar,43,53,48,6,150,0,0,10,2,12,43,53,58,8,162,0,0,0,162
01/16/2015,SAV,GA,ASO,ES,Combined TRACON& Tower with Radar,43,63,57,1,164,0,0,41,5,46,43,63,98,6,210,35,0,35,245
01/17/2015,SAV,GA,ASO,ES,Combined TRACON& Tower with Radar,34,42,49,29,154,0,1,66,5,72,34,43,115,34,226,94,86,180,406
01/18/2015,SAV,GA,ASO,ES,Combined TRACON& Tower with Radar,38,44,41,3,126,0,0,27,6,33,38,44,68,9,159,4,4,8,167
01/19/2015,SAV,GA,ASO,ES,Combined TRACON& Tower with Radar,40,57,61,1,159,0,0,58,0,58,40,57,119,1,217,31,0,31,248
01/20/2015,SAV,GA,ASO,ES,Combined TRACON& Tower with Radar,39,48,58,9,154,0,0,32,9,41,39,48,90,18,195,24,18,42,237
01/21/2015,SAV,GA,ASO,ES,Combined TRACON& Tower with Radar,43,59,56,7,165,0,0,45,4,49,43,59,101,11,214,18,2,20,234
01/22/2015,SAV,GA,ASO,ES,Combined TRACON& Tower with Radar,45,51,57,14,167,0,0,35,2,37,45,51,92,16,204,36,0,36,240
01/23/2015,SAV,GA,ASO,ES,Combined TRACON& Tower with Radar,43,50,32,1,126,0,0,0,3,3,43,50,32,4,129,0,0,0,129
01/24/2015,SAV,GA,ASO,ES,Combined TRACON& Tower with Radar,34,37,40,7,118,0,0,9,4,13,34,37,49,11,131,24,0,24,155
01/25/2015,SAV,GA,ASO,ES,Combined TRACON& Tower with Radar,43,46,57,18,164,0,2,50,3,55,43,48,107,21,219,54,4,58,277
01/26/2015,SAV,GA,ASO,ES,Combined TRACON& Tower with Radar,31,48,55,15,149,0,0,2,1,3,31,48,57,16,152,14,2,16,168
01/27/2015,SAV,GA,ASO,ES,Combined TRACON& Tower with Radar,24,49,37,9,119,0,0,20,1,21,24,49,57,10,140,32,0,32,172
01/28/2015,SAV,GA,ASO,ES,Combined TRACON& Tower with Radar,40,56,64,5,165,0,1,29,0,30,40,57,93,5,195,45,6,51,246
01/29/2015,SAV,GA,ASO,ES,Combined TRACON& Tower with Radar,43,60,69,8,180,0,2,31,8,41,43,62,100,16,221,20,0,20,241
01/30/2015,SAV,GA,ASO,ES,Combined TRACON& Tower with Radar,43,49,67,34,193,0,1,26,1,28,43,50,93,35,221,0,0,0,221
01/31/2015,SAV,GA,ASO,ES,Combined TRACON& Tower with Radar,34,56,26,23,139,0,0,52,3,55,34,56,78,26,194,45,6,51,245
02/01/2015,SAV,GA,ASO,ES,Combined TRACON& Tower with Radar,42,31,37,9,119,0,0,40,6,46,42,31,77,15,165,15,0,15,180
02/02/2015,SAV,GA,ASO,ES,Combined TRACON& Tower with Radar,37,58,35,12,142,0,0,5,1,6,37,58,40,13,148,8,8,16,164
02/03/2015,SAV,GA,ASO,ES,Combined TRACON& Tower with Radar,42,41,51,17,151,0,2,48,6,56,42,43,99,23,207,18,0,18,225
02/04/2015,SAV,GA,ASO,ES,Combined TRACON& Tower with Radar,48,59,49,10,166,0,0,28,0,28,48,59,77,10,194,12,0,12,206
02/05/2015,SAV,GA,ASO,ES,Combined TRACON& Tower with Radar,46,53,43,8,150,0,0,34,2,36,46,53,77,10,186,30,0,30,216
02/06/2015,SAV,GA,ASO,ES,Combined TRACON& Tower with Radar,48,52,68,24,192,0,0,60,16,76,48,52,128,40,268,25,0,25,293
02/07/2015,SAV,GA,ASO,ES,Combined TRACON& Tower with Radar,40,40,41,33,154,0,0,63,33,96,40,40,104,66,250,30,8,38,288
02/08/2015,SAV,GA,ASO,ES,Combined TRACON& Tower with Radar,44,43,50,14,151,0,0,41,17,58,44,43,91,31,209,52,7,59,268
02/09/2015,SAV,GA,ASO,ES,Combined TRACON& Tower with Radar,36,50,40,60,186,0,0,17,13,30,36,50,57,73,216,28,2,30,246
02/10/2015,SAV,GA,ASO,ES,Combined TRACON& Tower with Radar,41,53,72,66,232,0,0,6,10,16,41,53,78,76,248,6,3,9,257
02/11/2015,SAV,GA,ASO,ES,Combined TRACON& Tower with Radar,46,58,47,81,232,0,0,31,19,50,46,58,78,100,282,5,8,13,295
02/12/2015,SAV,GA,ASO,ES,Combined TRACON& Tower with Radar,48,58,66,45,217,0,0,32,23,55,48,58,98,68,272,13,6,19,291
02/13/2015,SAV,GA,ASO,ES,Combined TRACON& Tower with Radar,50,58,54,49,211,0,0,39,15,54,50,58,93,64,265,6,0,6,271
02/14/2015,SAV,GA,ASO,ES,Combined TRACON& Tower with Radar,31,39,37,5,112,0,0,33,6,39,31,39,70,11,151,6,0,6,157
02/15/2015,SAV,GA,ASO,ES,Combined TRACON& Tower with Radar,39,37,38,6,120,0,0,45,1,46,39,37,83,7,166,2,0,2,168
02/16/2015,SAV,GA,ASO,ES,Combined TRACON& Tower with Radar,49,41,56,6,152,0,0,27,1,28,49,41,83,7,180,36,2,38,218
02/17/2015,SAV,GA,ASO,ES,Combined TRACON& Tower with Radar,45,52,61,32,190,0,0,6,4,10,45,52,67,36,200,34,12,46,246
02/18/2015,SAV,GA,ASO,ES,Combined TRACON& Tower with Radar,49,52,39,71,211,0,0,29,19,48,49,52,68,90,259,30,16,46,305
02/19/2015,SAV,GA,ASO,ES,Combined TRACON& Tower with Radar,49,51,48,40,188,0,1,25,16,42,49,52,73,56,230,24,4,28,258
02/20/2015,SAV,GA,ASO,ES,Combined TRACON& Tower with Radar,55,51,61,57,224,0,0,45,9,54,55,51,106,66,278,20,8,28,306
02/21/2015,SAV,GA,ASO,ES,Combined TRACON& Tower with Radar,40,34,43,39,156,0,0,49,6,55,40,34,92,45,211,15,0,15,226
02/22/2015,SAV,GA,ASO,ES,Combined TRACON& Tower with Radar,47,35,50,19,151,0,0,30,4,34,47,35,80,23,185,51,12,63,248
02/23/2015,SAV,GA,ASO,ES,Combined TRACON& Tower with Radar,49,49,53,10,161,0,0,3,12,15,49,49,56,22,176,6,4,10,186
02/24/2015,SAV,GA,ASO,ES,Combined TRACON& Tower with Radar,48,49,48,4,149,0,0,0,0,0,48,49,48,4,149,0,0,0,149
02/25/2015,SAV,GA,ASO,ES,Combined TRACON& Tower with Radar,46,64,52,10,172,0,1,11,1,13,46,65,63,11,185,6,0,6,191
02/26/2015,SAV,GA,ASO,ES,Combined TRACON& Tower with Radar,43,67,67,34,211,0,0,4,7,11,43,67,71,41,222,0,10,10,232
02/27/2015,SAV,GA,ASO,ES,Combined TRACON& Tower with Radar,52,58,62,62,234,0,1,63,8,72,52,59,125,70,306,7,32,39,345
02/28/2015,SAV,GA,ASO,ES,Combined TRACON& Tower with Radar,41,38,45,44,168,0,0,6,2,8,41,38,51,46,176,89,10,99,275
03/01/2015,SAV,GA,ASO,ES,Combined TRACON& Tower with Radar,45,43,45,10,143,0,0,0,0,0,45,43,45,10,143,0,0,0,143
03/02/2015,SAV,GA,ASO,ES,Combined TRACON& Tower with Radar,55,48,55,11,169,0,0,30,1,31,55,48,85,12,200,41,0,41,241
03/03/2015,SAV,GA,ASO,ES,Combined TRACON& Tower with Radar,48,73,56,10,187,0,4,13,6,23,48,77,69,16,210,8,32,40,250
03/04/2015,SAV,GA,ASO,ES,Combined TRACON& Tower with Radar,50,62,41,18,171,0,0,34,8,42,50,62,75,26,213,0,0,0,213
03/05/2015,SAV,GA,ASO,ES,Combined TRACON& Tower with Radar,47,52,46,16,161,0,0,12,1,13,47,52,58,17,174,30,2,32,206
03/06/2015,SAV,GA,ASO,ES,Combined TRACON& Tower with Radar,51,61,80,31,223,0,0,17,3,20,51,61,97,34,243,45,12,57,300
03/07/2015,SAV,GA,ASO,ES,Combined TRACON& Tower with Radar,46,51,50,28,175,0,0,104,3,107,46,51,154,31,282,9,0,9,291
03/08/2015,SAV,GA,ASO,ES,Combined TRACON& Tower with Radar,54,39,55,16,164,0,0,57,9,66,54,39,112,25,230,93,0,93,323
03/09/2015,SAV,GA,ASO,ES,Combined TRACON& Tower with Radar,53,54,45,5,157,0,4,24,7,35,53,58,69,12,192,23,4,27,219
03/10/2015,SAV,GA,ASO,ES,Combined TRACON& Tower with Radar,54,53,54,30,191,0,2,34,8,44,54,55,88,38,235,0,0,0,235
03/11/2015,SAV,GA,ASO,ES,Combined TRACON& Tower with Radar,55,60,82,18,215,0,0,34,4,38,55,60,116,22,253,16,2,18,271
03/12/2015,SAV,GA,ASO,ES,Combined TRACON& Tower with Radar,55,65,68,7,195,0,0,13,2,15,55,65,81,9,210,34,0,34,244
03/13/2015,SAV,GA,ASO,ES,Combined TRACON& Tower with Radar,55,60,69,24,208,0,0,0,0,0,55,60,69,24,208,0,0,0,208
03/14/2015,SAV,GA,ASO,ES,Combined TRACON& Tower with Radar,47,57,40,9,153,0,0,12,2,14,47,57,52,11,167,22,0,22,189
03/15/2015,SAV,GA,ASO,ES,Combined TRACON& Tower with Radar,51,50,44,10,155,0,0,60,4,64,51,50,104,14,219,26,0,26,245
03/16/2015,SAV,GA,ASO,ES,Combined TRACON& Tower with Radar,52,59,63,6,180,0,0,33,3,36,52,59,96,9,216,30,0,30,246
03/17/2015,SAV,GA,ASO,ES,Combined TRACON& Tower with Radar,49,52,37,8,146,0,1,28,7,36,49,53,65,15,182,0,0,0,182
03/18/2015,SAV,GA,ASO,ES,Combined TRACON& Tower with Radar,53,59,74,33,219,0,0,43,15,58,53,59,117,48,277,12,2,14,291
03/19/2015,SAV,GA,ASO,ES,Combined TRACON& Tower with Radar,53,63,56,14,186,0,0,0,0,0,53,63,56,14,186,0,0,0,186
03/20/2015,SAV,GA,ASO,ES,Combined TRACON& Tower with Radar,49,65,77,18,209,0,0,21,3,24,49,65,98,21,233,0,0,0,233
03/21/2015,SAV,GA,ASO,ES,Combined TRACON& Tower with Radar,45,56,48,8,157,0,3,57,1,61,45,59,105,9,218,46,0,46,264
03/22/2015,SAV,GA,ASO,ES,Combined TRACON& Tower with Radar,51,47,42,8,148,0,0,3,0,3,51,47,45,8,151,2,0,2,153
03/23/2015,SAV,GA,ASO,ES,Combined TRACON& Tower with Radar,53,52,51,16,172,0,0,0,0,0,53,52,51,16,172,0,0,0,172
03/24/2015,SAV,GA,ASO,ES,Combined TRACON& Tower with Radar,52,55,74,15,196,0,0,7,7,14,52,55,81,22,210,0,0,0,210
03/25/2015,SAV,GA,ASO,ES,Combined TRACON& Tower with Radar,57,64,76,23,220,0,0,14,21,35,57,64,90,44,255,3,0,3,258
03/26/2015,SAV,GA,ASO,ES,Combined TRACON& Tower with Radar,55,62,81,23,221,0,0,20,14,34,55,62,101,37,255,24,4,28,283
03/27/2015,SAV,GA,ASO,ES,Combined TRACON& Tower with Radar,53,57,76,8,194,0,0,25,2,27,53,57,101,10,221,8,6,14,235
03/28/2015,SAV,GA,ASO,ES,Combined TRACON& Tower with Radar,46,60,65,2,173,0,0,45,3,48,46,60,110,5,221,44,0,44,265
03/29/2015,SAV,GA,ASO,ES,Combined TRACON& Tower with Radar,53,58,59,7,177,0,1,69,3,73,53,59,128,10,250,22,0,22,272
03/30/2015,SAV,GA,ASO,ES,Combined TRACON& Tower with Radar,53,50,52,13,168,0,0,19,7,26,53,50,71,20,194,16,4,20,214
03/31/2015,SAV,GA,ASO,ES,Combined TRACON& Tower with Radar,52,50,76,10,188,0,0,22,3,25,52,50,98,13,213,12,16,28,241
04/01/2015,SAV,GA,ASO,ES,Combined TRACON& Tower with Radar,54,57,87,12,210,0,0,25,3,28,54,57,112,15,238,44,2,46,284
04/02/2015,SAV,GA,ASO,ES,Combined TRACON& Tower with Radar,54,75,59,19,207,0,1,38,4,43,54,76,97,23,250,25,14,39,289
04/03/2015,SAV,GA,ASO,ES,Combined TRACON& Tower with Radar,51,55,83,16,205,0,0,46,5,51,51,55,129,21,256,24,0,24,280
04/04/2015,SAV,GA,ASO,ES,Combined TRACON& Tower with Radar,41,55,64,8,168,0,0,22,5,27,41,55,86,13,195,19,37,56,251
04/05/2015,SAV,GA,ASO,ES,Combined TRACON& Tower with Radar,43,50,51,4,148,0,0,49,3,52,43,50,100,7,200,16,0,16,216
04/06/2015,SAV,GA,ASO,ES,Combined TRACON& Tower with Radar,49,71,72,18,210,0,0,24,4,28,49,71,96,22,238,22,2,24,262
04/07/2015,SAV,GA,ASO,ES,Combined TRACON& Tower with Radar,53,55,78,37,223,0,0,15,2,17,53,55,93,39,240,40,4,44,284
04/08/2015,SAV,GA,ASO,ES,Combined TRACON& Tower with Radar,54,69,57,14,194,0,1,33,13,47,54,70,90,27,241,12,2,14,255
04/09/2015,SAV,GA,ASO,ES,Combined TRACON& Tower with Radar,51,60,68,22,201,0,3,48,16,67,51,63,116,38,268,30,0,30,298
04/10/2015,SAV,GA,ASO,ES,Combined TRACON& Tower with Radar,53,71,61,27,212,0,1,31,16,48,53,72,92,43,260,26,7,33,293
04/11/2015,SAV,GA,ASO,ES,Combined TRACON& Tower with Radar,44,61,51,8,164,0,0,25,6,31,44,61,76,14,195,27,0,27,222
04/12/2015,SAV,GA,ASO,ES,Combined TRACON& Tower with Radar,55,64,70,8,197,0,0,15,9,24,55,64,85,17,221,2,0,2,223
04/13/2015,SAV,GA,ASO,ES,Combined TRACON& Tower with Radar,52,60,56,29,197,0,0,3,0,3,52,60,59,29,200,22,8,30,230
04/14/2015,SAV,GA,ASO,ES,Combined TRACON& Tower with Radar,54,63,62,14,193,0,2,12,4,18,54,65,74,18,211,28,4,32,243
04/15/2015,SAV,GA,ASO,ES,Combined TRACON& Tower with Radar,59,92,51,10,212,0,0,16,2,18,59,92,67,12,230,8,18,26,256
04/16/2015,SAV,GA,ASO,ES,Combined TRACON& Tower with Radar,53,75,82,22,232,0,0,2,0,2,53,75,84,22,234,0,0,0,234
04/17/2015,SAV,GA,ASO,ES,Combined TRACON& Tower with Radar,55,65,79,2,201,0,2,2,11,15,55,67,81,13,216,6,0,6,222
04/18/2015,SAV,GA,ASO,ES,Combined TRACON& Tower with Radar,47,65,58,0,170,0,1,9,3,13,47,66,67,3,183,12,0,12,195
04/19/2015,SAV,GA,ASO,ES,Combined TRACON& Tower with Radar,54,79,51,13,197,0,0,8,2,10,54,79,59,15,207,13,0,13,220
04/20/2015,SAV,GA,ASO,ES,Combined TRACON& Tower with Radar,42,49,50,18,159,0,0,23,3,26,42,49,73,21,185,0,6,6,191
04/21/2015,SAV,GA,ASO,ES,Combined TRACON& Tower with Radar,50,67,59,12,188,0,0,46,3,49,50,67,105,15,237,6,14,20,257
04/22/2015,SAV,GA,ASO,ES,Combined TRACON& Tower with Radar,55,82,85,16,238,0,3,45,9,57,55,85,130,25,295,16,6,22,317
04/23/2015,SAV,GA,ASO,ES,Combined TRACON& Tower with Radar,54,61,82,36,233,0,1,47,3,51,54,62,129,39,284,76,6,82,366
04/24/2015,SAV,GA,ASO,ES,Combined TRACON& Tower with Radar,54,58,88,45,245,0,2,77,2,81,54,60,165,47,326,14,8,22,348
04/25/2015,SAV,GA,ASO,ES,Combined TRACON& Tower with Radar,53,58,32,7,150,0,1,12,2,15,53,59,44,9,165,0,0,0,165
04/26/2015,SAV,GA,ASO,ES,Combined TRACON& Tower with Radar,56,69,87,12,224,0,2,45,3,50,56,71,132,15,274,18,0,18,292
04/27/2015,SAV,GA,ASO,ES,Combined TRACON& Tower with Radar,51,47,65,12,175,0,0,30,3,33,51,47,95,15,208,24,0,24,232
04/28/2015,SAV,GA,ASO,ES,Combined TRACON& Tower with Radar,54,64,68,17,203,0,0,19,6,25,54,64,87,23,228,4,10,14,242
04/29/2015,SAV,GA,ASO,ES,Combined TRACON& Tower with Radar,56,59,71,13,199,0,0,4,0,4,56,59,75,13,203,0,0,0,203
04/30/2015,SAV,GA,ASO,ES,Combined TRACON& Tower with Radar,53,73,72,24,222,0,3,44,7,54,53,76,116,31,276,53,0,53,329
05/01/2015,SAV,GA,ASO,ES,Combined TRACON& Tower with Radar,55,50,75,22,202,0,0,80,10,90,55,50,155,32,292,38,0,38,330
05/02/2015,SAV,GA,ASO,ES,Combined TRACON& Tower with Radar,48,60,49,20,177,0,0,54,12,66,48,60,103,32,243,31,24,55,298
05/03/2015,SAV,GA,ASO,ES,Combined TRACON& Tower with Radar,53,55,61,26,195,0,1,75,2,78,53,56,136,28,273,39,0,39,312
05/04/2015,SAV,GA,ASO,ES,Combined TRACON& Tower with Radar,56,47,55,46,204,0,0,33,14,47,56,47,88,60,251,34,14,48,299
05/05/2015,SAV,GA,ASO,ES,Combined TRACON& Tower with Radar,57,56,67,36,216,0,2,34,30,66,57,58,101,66,282,26,6,32,314
05/06/2015,SAV,GA,ASO,ES,Combined TRACON& Tower with Radar,61,68,76,53,258,0,1,26,14,41,61,69,102,67,299,43,19,62,361
05/07/2015,SAV,GA,ASO,ES,Combined TRACON& Tower with Radar,60,65,55,54,234,0,0,22,13,35,60,65,77,67,269,12,17,29,298
05/08/2015,SAV,GA,ASO,ES,Combined TRACON& Tower with Radar,63,76,73,71,283,0,4,36,24,64,63,80,109,95,347,11,30,41,388
05/09/2015,SAV,GA,ASO,ES,Combined TRACON& Tower with Radar,47,50,37,23,157,0,0,49,4,53,47,50,86,27,210,10,2,12,222
05/10/2015,SAV,GA,ASO,ES,Combined TRACON& Tower with Radar,53,51,44,27,175,0,0,50,8,58,53,51,94,35,233,31,0,31,264
05/11/2015,SAV,GA,ASO,ES,Combined TRACON& Tower with Radar,60,51,62,34,207,0,0,39,27,66,60,51,101,61,273,42,8,50,323
05/12/2015,SAV,GA,ASO,ES,Combined TRACON& Tower with Radar,59,62,63,42,226,0,2,32,20,54,59,64,95,62,280,7,5,12,292
05/13/2015,SAV,GA,ASO,ES,Combined TRACON& Tower with Radar,60,54,68,55,237,0,0,36,31,67,60,54,104,86,304,13,20,33,337
05/14/2015,SAV,GA,ASO,ES,Combined TRACON& Tower with Radar,59,63,93,64,279,0,3,27,25,55,59,66,120,89,334,18,20,38,372
05/15/2015,SAV,GA,ASO,ES,Combined TRACON& Tower with Radar,62,53,84,42,241,0,0,42,10,52,62,53,126,52,293,43,8,51,344
05/16/2015,SAV,GA,ASO,ES,Combined TRACON& Tower with Radar,51,52,46,10,159,0,0,54,10,64,51,52,100,20,223,40,0,40,263
05/17/2015,SAV,GA,ASO,ES,Combined TRACON& Tower with Radar,57,62,60,24,203,0,1,30,3,34,57,63,90,27,237,13,0,13,250
05/18/2015,SAV,GA,ASO,ES,Combined TRACON& Tower with Radar,60,55,59,13,187,0,4,30,8,42,60,59,89,21,229,76,0,76,305
05/19/2015,SAV,GA,ASO,ES,Combined TRACON& Tower with Radar,58,60,60,12,190,0,5,20,4,29,58,65,80,16,219,30,0,30,249
05/20/2015,SAV,GA,ASO,ES,Combined TRACON& Tower with Radar,60,45,53,5,163,0,1,31,2,34,60,46,84,7,197,26,2,28,225
05/21/2015,SAV,GA,ASO,ES,Combined TRACON& Tower with Radar,61,59,69,8,197,0,2,39,9,50,61,61,108,17,247,10,6,16,263
05/22/2015,SAV,GA,ASO,ES,Combined TRACON& Tower with Radar,62,61,74,6,203,0,0,53,3,56,62,61,127,9,259,6,0,6,265
05/23/2015,SAV,GA,ASO,ES,Combined TRACON& Tower with Radar,52,51,39,1,143,0,0,40,2,42,52,51,79,3,185,0,6,6,191
05/24/2015,SAV,GA,ASO,ES,Combined TRACON& Tower with Radar,48,41,39,2,130,0,0,30,1,31,48,41,69,3,161,0,0,0,161
05/25/2015,SAV,GA,ASO,ES,Combined TRACON& Tower with Radar,58,31,38,1,128,0,0,27,3,30,58,31,65,4,158,8,0,8,166
05/26/2015,SAV,GA,ASO,ES,Combined TRACON& Tower with Radar,64,58,50,19,191,0,3,26,9,38,64,61,76,28,229,21,20,41,270
05/27/2015,SAV,GA,ASO,ES,Combined TRACON& Tower with Radar,60,67,70,29,226,0,3,22,9,34,60,70,92,38,260,21,0,21,281
05/28/2015,SAV,GA,ASO,ES,Combined TRACON& Tower with Radar,65,53,73,26,217,0,3,37,10,50,65,56,110,36,267,26,11,37,304
05/29/2015,SAV,GA,ASO,ES,Combined TRACON& Tower with Radar,64,64,80,10,218,0,0,27,9,36,64,64,107,19,254,42,20,62,316
05/30/2015,SAV,GA,ASO,ES,Combined TRACON& Tower with Radar,53,47,47,13,160,0,2,21,2,25,53,49,68,15,185,4,2,6,191
05/31/2015,SAV,GA,ASO,ES,Combined TRACON& Tower with Radar,62,43,71,11,187,0,0,40,4,44,62,43,111,15,231,26,0,26,257
06/01/2015,SAV,GA,ASO,ES,Combined TRACON& Tower with Radar,57,41,51,17,166,0,5,29,2,36,57,46,80,19,202,2,7,9,211
06/02/2015,SAV,GA,ASO,ES,Combined TRACON& Tower with Radar,55,60,40,5,160,0,0,23,4,27,55,60,63,9,187,4,6,10,197
06/03/2015,SAV,GA,ASO,ES,Combined TRACON& Tower with Radar,58,67,50,9,184,0,0,9,7,16,58,67,59,16,200,25,0,25,225
06/04/2015,SAV,GA,ASO,ES,Combined TRACON& Tower with Radar,62,43,85,6,196,0,1,32,3,36,62,44,117,9,232,38,0,38,270
06/05/2015,SAV,GA,ASO,ES,Combined TRACON& Tower with Radar,59,53,69,11,192,0,0,31,5,36,59,53,100,16,228,52,8,60,288
06/06/2015,SAV,GA,ASO,ES,Combined TRACON& Tower with Radar,54,50,34,13,151,0,0,30,2,32,54,50,64,15,183,22,0,22,205
06/07/2015,SAV,GA,ASO,ES,Combined TRACON& Tower with Radar,61,40,41,6,148,0,0,37,3,40,61,40,78,9,188,20,22,42,230
06/08/2015,SAV,GA,ASO,ES,Combined TRACON& Tower with Radar,56,54,50,24,184,0,0,27,2,29,56,54,77,26,213,4,32,36,249
06/09/2015,SAV,GA,ASO,ES,Combined TRACON& Tower with Radar,57,46,75,12,190,0,1,17,7,25,57,47,92,19,215,46,3,49,264
06/10/2015,SAV,GA,ASO,ES,Combined TRACON& Tower with Radar,59,53,71,3,186,0,0,17,3,20,59,53,88,6,206,12,0,12,218
06/11/2015,SAV,GA,ASO,ES,Combined TRACON& Tower with Radar,62,65,52,13,192,0,3,20,0,23,62,68,72,13,215,24,10,34,249
06/12/2015,SAV,GA,ASO,ES,Combined TRACON& Tower with Radar,62,63,62,17,204,0,0,25,5,30,62,63,87,22,234,26,4,30,264
06/13/2015,SAV,GA,ASO,ES,Combined TRACON& Tower with Radar,54,46,49,10,159,0,0,37,12,49,54,46,86,22,208,27,30,57,265
06/14/2015,SAV,GA,ASO,ES,Combined TRACON& Tower with Radar,56,36,73,9,174,0,0,37,5,42,56,36,110,14,216,18,10,28,244
06/15/2015,SAV,GA,ASO,ES,Combined TRACON& Tower with Radar,57,36,52,8,153,0,2,44,9,55,57,38,96,17,208,24,4,28,236
06/16/2015,SAV,GA,ASO,ES,Combined TRACON& Tower with Radar,56,42,54,16,168,0,0,38,13,51,56,42,92,29,219,43,2,45,264
06/17/2015,SAV,GA,ASO,ES,Combined TRACON& Tower with Radar,55,50,79,22,206,0,1,26,8,35,55,51,105,30,241,10,8,18,259
06/18/2015,SAV,GA,ASO,ES,Combined TRACON& Tower with Radar,61,44,76,12,193,0,0,33,6,39,61,44,109,18,232,22,0,22,254
06/19/2015,SAV,GA,ASO,ES,Combined TRACON& Tower with Radar,69,67,65,26,227,0,2,40,6,48,69,69,105,32,275,12,0,12,287
06/20/2015,SAV,GA,ASO,ES,Combined TRACON& Tower with Radar,50,60,43,10,163,0,0,52,12,64,50,60,95,22,227,10,0,10,237
06/21/2015,SAV,GA,ASO,ES,Combined TRACON& Tower with Radar,55,38,52,29,174,0,0,28,19,47,55,38,80,48,221,26,6,32,253
06/22/2015,SAV,GA,ASO,ES,Combined TRACON& Tower with Radar,55,41,59,23,178,0,4,31,9,44,55,45,90,32,222,30,0,30,252
06/23/2015,SAV,GA,ASO,ES,Combined TRACON& Tower with Radar,50,38,62,12,162,0,0,31,9,40,50,38,93,21,202,90,4,94,296
06/24/2015,SAV,GA,ASO,ES,Combined TRACON& Tower with Radar,65,62,49,9,185,0,2,51,2,55,65,64,100,11,240,40,0,40,280
06/25/2015,SAV,GA,ASO,ES,Combined TRACON& Tower with Radar,64,49,75,7,195,0,0,33,3,36,64,49,108,10,231,4,2,6,237
06/26/2015,SAV,GA,ASO,ES,Combined TRACON& Tower with Radar,60,44,73,13,190,0,4,33,3,40,60,48,106,16,230,52,4,56,286
06/27/2015,SAV,GA,ASO,ES,Combined TRACON& Tower with Radar,51,47,31,8,137,0,0,24,8,32,51,47,55,16,169,29,2,31,200
06/28/2015,SAV,GA,ASO,ES,Combined TRACON& Tower with Radar,57,40,44,7,148,0,0,10,3,13,57,40,54,10,161,5,0,5,166
06/29/2015,SAV,GA,ASO,ES,Combined TRACON& Tower with Radar,62,36,54,11,163,0,1,43,16,60,62,37,97,27,223,55,0,55,278
06/30/2015,SAV,GA,ASO,ES,Combined TRACON& Tower with Radar,52,45,35,13,145,0,1,39,17,57,52,46,74,30,202,4,4,8,210
07/01/2015,SAV,GA,ASO,ES,Combined TRACON& Tower with Radar,60,47,57,9,173,0,2,39,12,53,60,49,96,21,226,24,2,26,252
07/02/2015,SAV,GA,ASO,ES,Combined TRACON& Tower with Radar,69,44,59,9,181,0,2,30,4,36,69,46,89,13,217,22,0,22,239
07/03/2015,SAV,GA,ASO,ES,Combined TRACON& Tower with Radar,64,28,30,2,124,0,0,33,8,41,64,28,63,10,165,14,0,14,179
07/04/2015,SAV,GA,ASO,ES,Combined TRACON& Tower with Radar,52,41,21,0,114,0,0,24,22,46,52,41,45,22,160,14,0,14,174
07/05/2015,SAV,GA,ASO,ES,Combined TRACON& Tower with Radar,60,36,50,1,147,0,0,27,2,29,60,36,77,3,176,0,0,0,176
07/06/2015,SAV,GA,ASO,ES,Combined TRACON& Tower with Radar,64,31,61,1,157,0,0,25,9,34,64,31,86,10,191,18,2,20,211
07/07/2015,SAV,GA,ASO,ES,Combined TRACON& Tower with Radar,55,42,56,6,159,0,0,30,4,34,55,42,86,10,193,0,2,2,195
07/08/2015,SAV,GA,ASO,ES,Combined TRACON& Tower with Radar,60,41,57,19,177,0,1,22,11,34,60,42,79,30,211,39,0,39,250
07/09/2015,SAV,GA,ASO,ES,Combined TRACON& Tower with Radar,66,53,62,22,203,0,1,43,7,51,66,54,105,29,254,28,0,28,282
07/10/2015,SAV,GA,ASO,ES,Combined TRACON& Tower with Radar,65,40,60,57,222,0,1,48,4,53,65,41,108,61,275,30,2,32,307
07/11/2015,SAV,GA,ASO,ES,Combined TRACON& Tower with Radar,59,44,46,22,171,0,0,48,16,64,59,44,94,38,235,8,16,24,259
07/12/2015,SAV,GA,ASO,ES,Combined TRACON& Tower with Radar,60,43,71,28,202,0,0,35,10,45,60,43,106,38,247,18,16,34,281
07/13/2015,SAV,GA,ASO,ES,Combined TRACON& Tower with Radar,64,29,50,8,151,0,0,24,3,27,64,29,74,11,178,36,0,36,214
07/14/2015,SAV,GA,ASO,ES,Combined TRACON& Tower with Radar,47,45,58,12,162,0,0,29,4,33,47,45,87,16,195,2,0,2,197
07/15/2015,SAV,GA,ASO,ES,Combined TRACON& Tower with Radar,63,69,57,2,191,0,5,20,2,27,63,74,77,4,218,7,0,7,225
07/16/2015,SAV,GA,ASO,ES,Combined TRACON& Tower with Radar,67,41,76,21,205,0,2,39,9,50,67,43,115,30,255,7,15,22,277
07/17/2015,SAV,GA,ASO,ES,Combined TRACON& Tower with Radar,64,44,61,15,184,0,0,43,18,61,64,44,104,33,245,31,0,31,276
07/18/2015,SAV,GA,ASO,ES,Combined TRACON& Tower with Radar,65,40,51,20,176,0,0,33,17,50,65,40,84,37,226,43,5,48,274
07/19/2015,SAV,GA,ASO,ES,Combined TRACON& Tower with Radar,65,34,49,15,163,0,0,28,12,40,65,34,77,27,203,4,0,4,207
07/20/2015,SAV,GA,ASO,ES,Combined TRACON& Tower with Radar,65,38,51,15,169,0,0,25,7,32,65,38,76,22,201,20,10,30,231
07/21/2015,SAV,GA,ASO,ES,Combined TRACON& Tower with Radar,49,45,52,9,155,0,0,24,12,36,49,45,76,21,191,6,4,10,201
07/22/2015,SAV,GA,ASO,ES,Combined TRACON& Tower with Radar,67,50,67,8,192,0,8,22,5,35,67,58,89,13,227,4,13,17,244
07/23/2015,SAV,GA,ASO,ES,Combined TRACON& Tower with Radar,66,52,48,13,179,0,0,17,9,26,66,52,65,22,205,7,8,15,220
07/24/2015,SAV,GA,ASO,ES,Combined TRACON& Tower with Radar,68,45,59,15,187,0,0,7,5,12,68,45,66,20,199,0,22,22,221
07/25/2015,SAV,GA,ASO,ES,Combined TRACON& Tower with Radar,60,48,62,7,177,0,2,41,18,61,60,50,103,25,238,6,0,6,244
07/26/2015,SAV,GA,ASO,ES,Combined TRACON& Tower with Radar,63,33,62,33,191,0,0,62,13,75,63,33,124,46,266,12,4,16,282
07/27/2015,SAV,GA,ASO,ES,Combined TRACON& Tower with Radar,64,43,59,15,181,0,0,23,8,31,64,43,82,23,212,4,4,8,220
07/28/2015,SAV,GA,ASO,ES,Combined TRACON& Tower with Radar,56,48,45,14,163,0,0,27,9,36,56,48,72,23,199,20,18,38,237
07/29/2015,SAV,GA,ASO,ES,Combined TRACON& Tower with Radar,63,41,66,13,183,0,0,28,10,38,63,41,94,23,221,20,0,20,241
07/30/2015,SAV,GA,ASO,ES,Combined TRACON& Tower with Radar,66,54,52,7,179,0,2,42,12,56,66,56,94,19,235,10,2,12,247
07/31/2015,SAV,GA,ASO,ES,Combined TRACON& Tower with Radar,62,46,70,18,196,0,0,24,2,26,62,46,94,20,222,42,0,42,264
08/01/2015,SAV,GA,ASO,ES,Combined TRACON& Tower with Radar,56,55,43,30,184,0,0,22,7,29,56,55,65,37,213,30,10,40,253
08/02/2015,SAV,GA,ASO,ES,Combined TRACON& Tower with Radar,60,48,53,16,177,0,0,15,4,19,60,48,68,20,196,0,0,0,196
08/03/2015,SAV,GA,ASO,ES,Combined TRACON& Tower with Radar,60,43,48,14,165,0,0,17,6,23,60,43,65,20,188,0,4,4,192
08/04/2015,SAV,GA,ASO,ES,Combined TRACON& Tower with Radar,55,65,69,7,196,0,0,35,7,42,55,65,104,14,238,26,0,26,264
08/05/2015,SAV,GA,ASO,ES,Combined TRACON& Tower with Radar,62,48,62,6,178,0,0,42,2,44,62,48,104,8,222,22,0,22,244
08/06/2015,SAV,GA,ASO,ES,Combined TRACON& Tower with Radar,65,47,56,2,170,0,0,33,0,33,65,47,89,2,203,47,0,47,250
08/07/2015,SAV,GA,ASO,ES,Combined TRACON& Tower with Radar,69,53,55,13,190,0,0,17,4,21,69,53,72,17,211,47,0,47,258
08/08/2015,SAV,GA,ASO,ES,Combined TRACON& Tower with Radar,63,52,55,10,180,0,0,53,18,71,63,52,108,28,251,6,0,6,257
08/09/2015,SAV,GA,ASO,ES,Combined TRACON& Tower with Radar,60,47,58,9,174,0,0,45,1,46,60,47,103,10,220,6,0,6,226
08/10/2015,SAV,GA,ASO,ES,Combined TRACON& Tower with Radar,70,43,58,10,181,0,2,31,0,33,70,45,89,10,214,34,0,34,248
08/11/2015,SAV,GA,ASO,ES,Combined TRACON& Tower with Radar,48,51,48,9,156,0,2,20,7,29,48,53,68,16,185,2,0,2,187
08/12/2015,SAV,GA,ASO,ES,Combined TRACON& Tower with Radar,64,66,62,1,193,0,2,26,0,28,64,68,88,1,221,22,0,22,243
08/13/2015,SAV,GA,ASO,ES,Combined TRACON& Tower with Radar,65,48,65,12,190,0,0,49,3,52,65,48,114,15,242,28,0,28,270
08/14/2015,SAV,GA,ASO,ES,Combined TRACON& Tower with Radar,61,52,78,13,204,0,1,38,7,46,61,53,116,20,250,8,0,8,258
08/15/2015,SAV,GA,ASO,ES,Combined TRACON& Tower with Radar,62,52,43,17,174,0,0,34,12,46,62,52,77,29,220,22,0,22,242
08/16/2015,SAV,GA,ASO,ES,Combined TRACON& Tower with Radar,57,52,49,9,167,0,2,34,3,39,57,54,83,12,206,16,0,16,222
08/17/2015,SAV,GA,ASO,ES,Combined TRACON& Tower with Radar,62,41,58,9,170,0,0,15,6,21,62,41,73,15,191,16,0,16,207
08/18/2015,SAV,GA,ASO,ES,Combined TRACON& Tower with Radar,61,57,56,23,197,0,1,17,8,26,61,58,73,31,223,2,0,2,225
08/19/2015,SAV,GA,ASO,ES,Combined TRACON& Tower with Radar,57,51,59,32,199,0,0,32,12,44,57,51,91,44,243,30,20,50,293
08/20/2015,SAV,GA,ASO,ES,Combined TRACON& Tower with Radar,62,48,71,30,211,0,0,34,7,41,62,48,105,37,252,34,0,34,286
08/21/2015,SAV,GA,ASO,ES,Combined TRACON& Tower with Radar,58,55,68,27,208,0,2,19,6,27,58,57,87,33,235,4,0,4,239
08/22/2015,SAV,GA,ASO,ES,Combined TRACON& Tower with Radar,49,40,37,9,135,0,0,31,7,38,49,40,68,16,173,24,4,28,201
08/23/2015,SAV,GA,ASO,ES,Combined TRACON& Tower with Radar,58,37,23,26,144,0,0,19,1,20,58,37,42,27,164,36,0,36,200
08/24/2015,SAV,GA,ASO,ES,Combined TRACON& Tower with Radar,58,40,65,34,197,0,0,18,3,21,58,40,83,37,218,18,0,18,236
08/25/2015,SAV,GA,ASO,ES,Combined TRACON& Tower with Radar,57,64,52,34,207,0,7,49,4,60,57,71,101,38,267,10,0,10,277
08/26/2015,SAV,GA,ASO,ES,Combined TRACON& Tower with Radar,59,50,57,19,185,0,6,33,5,44,59,56,90,24,229,10,4,14,243
08/27/2015,SAV,GA,ASO,ES,Combined TRACON& Tower with Radar,62,49,68,11,190,0,7,21,3,31,62,56,89,14,221,2,2,4,225
08/28/2015,SAV,GA,ASO,ES,Combined TRACON& Tower with Radar,61,48,59,15,183,0,6,17,5,28,61,54,76,20,211,12,0,12,223
08/29/2015,SAV,GA,ASO,ES,Combined TRACON& Tower with Radar,49,51,35,7,142,0,8,28,2,38,49,59,63,9,180,57,8,65,245
08/30/2015,SAV,GA,ASO,ES,Combined TRACON& Tower with Radar,59,40,44,4,147,0,3,11,0,14,59,43,55,4,161,25,4,29,190
08/31/2015,SAV,GA,ASO,ES,Combined TRACON& Tower with Radar,57,44,46,4,151,0,5,12,0,17,57,49,58,4,168,0,0,0,168
09/01/2015,SAV,GA,ASO,ES,Combined TRACON& Tower with Radar,57,65,52,2,176,0,2,20,1,23,57,67,72,3,199,50,0,50,249
09/02/2015,SAV,GA,ASO,ES,Combined TRACON& Tower with Radar,65,55,56,5,181,0,2,17,0,19,65,57,73,5,200,25,0,25,225
09/03/2015,SAV,GA,ASO,ES,Combined TRACON& Tower with Radar,63,67,77,5,212,0,6,25,5,36,63,73,102,10,248,21,18,39,287
09/04/2015,SAV,GA,ASO,ES,Combined TRACON& Tower with Radar,64,41,66,3,174,0,4,28,7,39,64,45,94,10,213,39,0,39,252
09/05/2015,SAV,GA,ASO,ES,Combined TRACON& Tower with Radar,42,60,42,2,146,0,8,52,3,63,42,68,94,5,209,40,0,40,249
09/06/2015,SAV,GA,ASO,ES,Combined TRACON& Tower with Radar,40,34,24,1,99,0,8,14,1,23,40,42,38,2,122,8,0,8,130
09/07/2015,SAV,GA,ASO,ES,Combined TRACON& Tower with Radar,49,39,56,0,144,0,0,5,0,5,49,39,61,0,149,38,0,38,187
09/08/2015,SAV,GA,ASO,ES,Combined TRACON& Tower with Radar,53,41,59,3,156,0,4,8,0,12,53,45,67,3,168,6,0,6,174
09/09/2015,SAV,GA,ASO,ES,Combined TRACON& Tower with Radar,48,58,57,20,183,0,4,45,5,54,48,62,102,25,237,28,10,38,275
09/10/2015,SAV,GA,ASO,ES,Combined TRACON& Tower with Radar,50,41,71,8,170,0,4,37,2,43,50,45,108,10,213,34,2,36,249
09/11/2015,SAV,GA,ASO,ES,Combined TRACON& Tower with Radar,56,46,66,10,178,0,11,27,5,43,56,57,93,15,221,4,0,4,225
09/12/2015,SAV,GA,ASO,ES,Combined TRACON& Tower with Radar,38,47,37,14,136,0,0,7,0,7,38,47,44,14,143,8,5,13,156
09/13/2015,SAV,GA,ASO,ES,Combined TRACON& Tower with Radar,59,40,66,14,179,0,8,66,1,75,59,48,132,15,254,27,6,33,287
09/14/2015,SAV,GA,ASO,ES,Combined TRACON& Tower with Radar,55,42,52,9,158,0,6,31,1,38,55,48,83,10,196,7,0,7,203
09/15/2015,SAV,GA,ASO,ES,Combined TRACON& Tower with Radar,49,34,48,11,142,0,4,31,1,36,49,38,79,12,178,32,0,32,210
09/16/2015,SAV,GA,ASO,ES,Combined TRACON& Tower with Radar,59,57,72,2,190,0,4,22,1,27,59,61,94,3,217,8,0,8,225
09/17/2015,SAV,GA,ASO,ES,Combined TRACON& Tower with Radar,62,62,60,12,196,0,0,26,1,27,62,62,86,13,223,0,0,0,223
09/18/2015,SAV,GA,ASO,ES,Combined TRACON& Tower with Radar,61,57,64,16,198,0,3,31,2,36,61,60,95,18,234,16,0,16,250
09/19/2015,SAV,GA,ASO,ES,Combined TRACON& Tower with Radar,46,44,45,10,145,0,16,58,4,78,46,60,103,14,223,34,30,64,287
09/20/2015,SAV,GA,ASO,ES,Combined TRACON& Tower with Radar,57,41,59,6,163,0,3,45,2,50,57,44,104,8,213,43,0,43,256
09/21/2015,SAV,GA,ASO,ES,Combined TRACON& Tower with Radar,58,40,39,32,169,0,12,32,4,48,58,52,71,36,217,46,2,48,265
09/22/2015,SAV,GA,ASO,ES,Combined TRACON& Tower with Radar,49,54,62,15,180,0,6,8,4,18,49,60,70,19,198,0,4,4,202
09/23/2015,SAV,GA,ASO,ES,Combined TRACON& Tower with Radar,55,59,64,24,202,0,5,9,4,18,55,64,73,28,220,32,0,32,252
09/24/2015,SAV,GA,ASO,ES,Combined TRACON& Tower with Radar,62,63,62,14,201,0,2,1,0,3,62,65,63,14,204,0,0,0,204
09/25/2015,SAV,GA,ASO,ES,Combined TRACON& Tower with Radar,58,69,51,11,189,0,2,16,1,19,58,71,67,12,208,13,0,13,221
09/26/2015,SAV,GA,ASO,ES,Combined TRACON& Tower with Radar,44,40,33,14,131,0,12,22,4,38,44,52,55,18,169,30,0,30,199
09/27/2015,SAV,GA,ASO,ES,Combined TRACON& Tower with Radar,61,48,63,9,181,0,6,2,0,8,61,54,65,9,189,52,0,52,241
09/28/2015,SAV,GA,ASO,ES,Combined TRACON& Tower with Radar,58,39,63,2,162,0,8,18,0,26,58,47,81,2,188,11,0,11,199
09/29/2015,SAV,GA,ASO,ES,Combined TRACON& Tower with Radar,52,48,52,13,165,0,0,9,5,14,52,48,61,18,179,20,0,20,199
09/30/2015,SAV,GA,ASO,ES,Combined TRACON& Tower with Radar,59,50,63,14,186,0,5,15,2,22,59,55,78,16,208,6,2,8,216
10/01/2015,SAV,GA,ASO,ES,Combined TRACON& Tower with Radar,59,51,39,7,156,0,0,1,0,1,59,51,40,7,157,0,0,0,157
10/02/2015,SAV,GA,ASO,ES,Combined TRACON& Tower with Radar,61,44,66,10,181,0,0,12,1,13,61,44,78,11,194,28,20,48,242
10/03/2015,SAV,GA,ASO,ES,Combined TRACON& Tower with Radar,45,44,49,12,150,0,0,0,0,0,45,44,49,12,150,0,0,0,150
10/04/2015,SAV,GA,ASO,ES,Combined TRACON& Tower with Radar,59,54,70,14,197,0,4,4,0,8,59,58,74,14,205,20,0,20,225
10/05/2015,SAV,GA,ASO,ES,Combined TRACON& Tower with Radar,61,44,59,13,177,0,2,0,2,4,61,46,59,15,181,54,0,54,235
10/06/2015,SAV,GA,ASO,ES,Combined TRACON& Tower with Radar,63,49,78,13,203,0,2,27,1,30,63,51,105,14,233,3,0,3,236
10/07/2015,SAV,GA,ASO,ES,Combined TRACON& Tower with Radar,64,64,85,5,218,0,2,62,2,66,64,66,147,7,284,22,0,22,306
10/08/2015,SAV,GA,ASO,ES,Combined TRACON& Tower with Radar,66,56,72,7,201,0,5,40,2,47,66,61,112,9,248,88,0,88,336
10/09/2015,SAV,GA,ASO,ES,Combined TRACON& Tower with Radar,60,57,86,4,207,0,10,28,1,39,60,67,114,5,246,17,0,17,263
10/10/2015,SAV,GA,ASO,ES,Combined TRACON& Tower with Radar,54,32,64,10,160,0,4,14,0,18,54,36,78,10,178,85,6,91,269
10/11/2015,SAV,GA,ASO,ES,Combined TRACON& Tower with Radar,66,54,77,11,208,0,2,6,0,8,66,56,83,11,216,25,0,25,241
10/12/2015,SAV,GA,ASO,ES,Combined TRACON& Tower with Radar,60,54,70,10,194,0,4,45,2,51,60,58,115,12,245,66,0,66,311
10/13/2015,SAV,GA,ASO,ES,Combined TRACON& Tower with Radar,63,50,75,6,194,0,0,45,6,51,63,50,120,12,245,45,2,47,292
10/14/2015,SAV,GA,ASO,ES,Combined TRACON& Tower with Radar,67,48,72,6,193,0,1,47,4,52,67,49,119,10,245,16,20,36,281
10/15/2015,SAV,GA,ASO,ES,Combined TRACON& Tower with Radar,63,67,76,16,222,0,3,58,3,64,63,70,134,19,286,36,2,38,324
10/16/2015,SAV,GA,ASO,ES,Combined TRACON& Tower with Radar,64,52,79,11,206,0,0,53,2,55,64,52,132,13,261,66,12,78,339
10/17/2015,SAV,GA,ASO,ES,Combined TRACON& Tower with Radar,55,41,40,2,138,0,5,56,1,62,55,46,96,3,200,91,0,91,291
10/18/2015,SAV,GA,ASO,ES,Combined TRACON& Tower with Radar,63,36,60,1,160,0,0,47,0,47,63,36,107,1,207,73,0,73,280
10/19/2015,SAV,GA,ASO,ES,Combined TRACON& Tower with Radar,63,56,61,8,188,0,1,39,18,58,63,57,100,26,246,95,15,110,356
10/20/2015,SAV,GA,ASO,ES,Combined TRACON& Tower with Radar,63,48,53,12,176,0,4,31,3,38,63,52,84,15,214,2,0,2,216
10/21/2015,SAV,GA,ASO,ES,Combined TRACON& Tower with Radar,63,65,69,13,210,0,9,26,3,38,63,74,95,16,248,16,0,16,264
10/22/2015,SAV,GA,ASO,ES,Combined TRACON& Tower with Radar,63,52,59,12,186,0,4,41,1,46,63,56,100,13,232,54,14,68,300
10/23/2015,SAV,GA,ASO,ES,Combined TRACON& Tower with Radar,64,59,67,12,202,0,4,55,5,64,64,63,122,17,266,55,0,55,321
10/24/2015,SAV,GA,ASO,ES,Combined TRACON& Tower with Radar,54,43,61,1,159,0,4,45,0,49,54,47,106,1,208,105,0,105,313
10/25/2015,SAV,GA,ASO,ES,Combined TRACON& Tower with Radar,67,37,69,3,176,0,4,28,6,38,67,41,97,9,214,84,0,84,298
10/26/2015,SAV,GA,ASO,ES,Combined TRACON& Tower with Radar,67,61,62,27,217,0,2,15,2,19,67,63,77,29,236,2,0,2,238
10/27/2015,SAV,GA,ASO,ES,Combined TRACON& Tower with Radar,60,49,49,34,192,0,0,2,0,2,60,49,51,34,194,0,0,0,194
10/28/2015,SAV,GA,ASO,ES,Combined TRACON& Tower with Radar,56,63,63,1,183,0,3,11,2,16,56,66,74,3,199,54,0,54,253
10/29/2015,SAV,GA,ASO,ES,Combined TRACON& Tower with Radar,67,39,67,2,175,0,3,47,3,53,67,42,114,5,228,67,0,67,295
10/30/2015,SAV,GA,ASO,ES,Combined TRACON& Tower with Radar,66,42,75,9,192,0,4,81,4,89,66,46,156,13,281,84,0,84,365
10/31/2015,SAV,GA,ASO,ES,Combined TRACON& Tower with Radar,45,32,39,5,121,0,6,52,2,60,45,38,91,7,181,94,16,110,291
11/01/2015,SAV,GA,ASO,ES,Combined TRACON& Tower with Radar,66,31,43,8,148,0,11,24,0,35,66,42,67,8,183,85,0,85,268
11/02/2015,SAV,GA,ASO,ES,Combined TRACON& Tower with Radar,67,38,51,5,161,0,3,9,6,18,67,41,60,11,179,12,0,12,191
11/03/2015,SAV,GA,ASO,ES,Combined TRACON& Tower with Radar,67,42,44,10,163,0,0,1,2,3,67,42,45,12,166,0,0,0,166
11/04/2015,SAV,GA,ASO,ES,Combined TRACON& Tower with Radar,62,51,70,18,201,0,0,1,10,11,62,51,71,28,212,1,0,1,213
11/05/2015,SAV,GA,ASO,ES,Combined TRACON& Tower with Radar,67,63,87,13,230,0,2,7,7,16,67,65,94,20,246,19,0,19,265
11/06/2015,SAV,GA,ASO,ES,Combined TRACON& Tower with Radar,68,60,90,14,232,0,4,26,11,41,68,64,116,25,273,18,0,18,291
11/07/2015,SAV,GA,ASO,ES,Combined TRACON& Tower with Radar,55,40,65,21,181,0,0,17,11,28,55,40,82,32,209,33,31,64,273
11/08/2015,SAV,GA,ASO,ES,Combined TRACON& Tower with Radar,63,49,78,14,204,0,0,5,5,10,63,49,83,19,214,0,0,0,214
11/09/2015,SAV,GA,ASO,ES,Combined TRACON& Tower with Radar,63,42,54,8,167,0,0,0,0,0,63,42,54,8,167,0,0,0,167
11/10/2015,SAV,GA,ASO,ES,Combined TRACON& Tower with Radar,67,54,66,9,196,0,0,10,10,20,67,54,76,19,216,54,0,54,270
11/11/2015,SAV,GA,ASO,ES,Combined TRACON& Tower with Radar,72,71,72,6,221,0,3,46,7,56,72,74,118,13,277,54,0,54,331
11/12/2015,SAV,GA,ASO,ES,Combined TRACON& Tower with Radar,67,58,79,3,207,0,3,40,13,56,67,61,119,16,263,16,0,16,279
11/13/2015,SAV,GA,ASO,ES,Combined TRACON& Tower with Radar,69,47,98,6,220,0,4,76,12,92,69,51,174,18,312,13,0,13,325
11/14/2015,SAV,GA,ASO,ES,Combined TRACON& Tower with Radar,58,31,60,2,151,0,11,80,5,96,58,42,140,7,247,77,0,77,324
11/15/2015,SAV,GA,ASO,ES,Combined TRACON& Tower with Radar,65,31,73,4,173,0,0,65,0,65,65,31,138,4,238,94,0,94,332
11/16/2015,SAV,GA,ASO,ES,Combined TRACON& Tower with Radar,64,41,62,9,176,0,6,33,3,42,64,47,95,12,218,4,4,8,226
11/17/2015,SAV,GA,ASO,ES,Combined TRACON& Tower with Radar,66,44,69,12,191,0,0,24,8,32,66,44,93,20,223,0,0,0,223
11/18/2015,SAV,GA,ASO,ES,Combined TRACON& Tower with Radar,70,44,55,11,180,0,0,10,6,16,70,44,65,17,196,0,0,0,196
11/19/2015,SAV,GA,ASO,ES,Combined TRACON& Tower with Radar,68,53,73,6,200,0,0,10,1,11,68,53,83,7,211,0,0,0,211
11/20/2015,SAV,GA,ASO,ES,Combined TRACON& Tower with Radar,67,50,103,27,247,0,8,55,7,70,67,58,158,34,317,33,0,33,350
11/21/2015,SAV,GA,ASO,ES,Combined TRACON& Tower with Radar,57,33,58,19,167,0,4,29,0,33,57,37,87,19,200,54,0,54,254
11/22/2015,SAV,GA,ASO,ES,Combined TRACON& Tower with Radar,61,43,48,11,163,0,2,30,0,32,61,45,78,11,195,31,0,31,226
11/23/2015,SAV,GA,ASO,ES,Combined TRACON& Tower with Radar,57,55,57,15,184,0,4,34,9,47,57,59,91,24,231,32,16,48,279
11/24/2015,SAV,GA,ASO,ES,Combined TRACON& Tower with Radar,65,66,56,7,194,0,5,30,6,41,65,71,86,13,235,50,0,50,285
11/25/2015,SAV,GA,ASO,ES,Combined TRACON& Tower with Radar,71,60,76,10,217,0,6,27,3,36,71,66,103,13,253,23,0,23,276
11/26/2015,SAV,GA,ASO,ES,Combined TRACON& Tower with Radar,41,20,17,0,78,0,0,11,3,14,41,20,28,3,92,54,0,54,146
11/27/2015,SAV,GA,ASO,ES,Combined TRACON& Tower with Radar,52,27,25,0,104,0,0,36,0,36,52,27,61,0,140,68,0,68,208
11/28/2015,SAV,GA,ASO,ES,Combined TRACON& Tower with Radar,64,39,61,0,164,0,2,27,0,29,64,41,88,0,193,99,0,99,292
11/29/2015,SAV,GA,ASO,ES,Combined TRACON& Tower with Radar,67,42,72,2,183,0,2,39,1,42,67,44,111,3,225,131,0,131,356
11/30/2015,SAV,GA,ASO,ES,Combined TRACON& Tower with Radar,63,40,72,8,183,0,1,27,4,32,63,41,99,12,215,72,0,72,287
12/01/2015,SAV,GA,ASO,ES,Combined TRACON& Tower with Radar,61,64,58,8,191,0,4,18,2,24,61,68,76,10,215,22,0,22,237
12/02/2015,SAV,GA,ASO,ES,Combined TRACON& Tower with Radar,56,48,49,14,167,0,0,12,1,13,56,48,61,15,180,6,0,6,186
12/03/2015,SAV,GA,ASO,ES,Combined TRACON& Tower with Radar,57,79,72,15,223,0,2,28,8,38,57,81,100,23,261,15,22,37,298
12/04/2015,SAV,GA,ASO,ES,Combined TRACON& Tower with Radar,59,47,68,35,209,0,3,43,11,57,59,50,111,46,266,22,0,22,288
12/05/2015,SAV,GA,ASO,ES,Combined TRACON& Tower with Radar,39,38,48,18,143,0,9,56,10,75,39,47,104,28,218,59,12,71,289
12/06/2015,SAV,GA,ASO,ES,Combined TRACON& Tower with Radar,58,31,56,29,174,0,0,56,7,63,58,31,112,36,237,17,24,41,278
12/07/2015,SAV,GA,ASO,ES,Combined TRACON& Tower with Radar,53,41,62,12,168,0,2,24,10,36,53,43,86,22,204,0,0,0,204
12/08/2015,SAV,GA,ASO,ES,Combined TRACON& Tower with Radar,60,42,70,28,200,0,0,31,0,31,60,42,101,28,231,20,0,20,251
12/09/2015,SAV,GA,ASO,ES,Combined TRACON& Tower with Radar,63,48,94,15,220,0,1,28,4,33,63,49,122,19,253,21,0,21,274
12/10/2015,SAV,GA,ASO,ES,Combined TRACON& Tower with Radar,63,39,96,16,214,0,3,52,6,61,63,42,148,22,275,4,8,12,287
12/11/2015,SAV,GA,ASO,ES,Combined TRACON& Tower with Radar,58,45,74,28,205,0,5,62,21,88,58,50,136,49,293,27,16,43,336
12/12/2015,SAV,GA,ASO,ES,Combined TRACON& Tower with Radar,47,43,27,13,130,0,13,45,3,61,47,56,72,16,191,10,0,10,201
12/13/2015,SAV,GA,ASO,ES,Combined TRACON& Tower with Radar,56,20,53,6,135,0,2,37,6,45,56,22,90,12,180,9,0,9,189
12/14/2015,SAV,GA,ASO,ES,Combined TRACON& Tower with Radar,49,58,53,18,178,0,0,4,1,5,49,58,57,19,183,6,8,14,197
12/15/2015,SAV,GA,ASO,ES,Combined TRACON& Tower with Radar,56,57,72,19,204,0,2,42,5,49,56,59,114,24,253,22,14,36,289
12/16/2015,SAV,GA,ASO,ES,Combined TRACON& Tower with Radar,59,51,65,17,192,0,9,33,3,45,59,60,98,20,237,46,2,48,285
12/17/2015,SAV,GA,ASO,ES,Combined TRACON& Tower with Radar,61,57,63,3,184,0,2,7,2,11,61,59,70,5,195,0,0,0,195
12/18/2015,SAV,GA,ASO,ES,Combined TRACON& Tower with Radar,63,49,61,13,186,0,2,25,3,30,63,51,86,16,216,6,12,18,234
12/19/2015,SAV,GA,ASO,ES,Combined TRACON& Tower with Radar,55,42,38,19,154,0,6,42,5,53,55,48,80,24,207,25,0,25,232
12/20/2015,SAV,GA,ASO,ES,Combined TRACON& Tower with Radar,59,33,38,5,135,0,2,50,0,52,59,35,88,5,187,53,0,53,240
12/21/2015,SAV,GA,ASO,ES,Combined TRACON& Tower with Radar,60,63,69,11,203,0,0,29,3,32,60,63,98,14,235,12,8,20,255
12/22/2015,SAV,GA,ASO,ES,Combined TRACON& Tower with Radar,61,67,35,10,173,0,2,6,1,9,61,69,41,11,182,10,4,14,196
12/23/2015,SAV,GA,ASO,ES,Combined TRACON& Tower with Radar,61,41,37,2,141,0,2,4,0,6,61,43,41,2,147,6,2,8,155
12/24/2015,SAV,GA,ASO,ES,Combined TRACON& Tower with Radar,50,36,37,0,123,0,0,4,0,4,50,36,41,0,127,0,0,0,127
12/25/2015,SAV,GA,ASO,ES,Combined TRACON& Tower with Radar,43,29,14,0,86,0,0,5,1,6,43,29,19,1,92,0,0,0,92
12/26/2015,SAV,GA,ASO,ES,Combined TRACON& Tower with Radar,56,55,70,0,181,0,4,15,3,22,56,59,85,3,203,11,0,11,214
12/27/2015,SAV,GA,ASO,ES,Combined TRACON& Tower with Radar,50,45,57,0,152,0,5,21,0,26,50,50,78,0,178,11,0,11,189
12/28/2015,SAV,GA,ASO,ES,Combined TRACON& Tower with Radar,52,56,46,6,160,0,6,16,7,29,52,62,62,13,189,46,2,48,237
12/29/2015,SAV,GA,ASO,ES,Combined TRACON& Tower with Radar,56,50,57,2,165,0,5,21,1,27,56,55,78,3,192,20,0,20,212
12/30/2015,SAV,GA,ASO,ES,Combined TRACON& Tower with Radar,63,52,39,3,157,0,6,39,1,46,63,58,78,4,203,6,0,6,209
12/31/2015,SAV,GA,ASO,ES,Combined TRACON& Tower with Radar,46,36,40,3,125,0,2,14,3,19,46,38,54,6,144,32,0,32,176
01/01/2016,SAV,GA,ASO,ES,Combined TRACON& Tower with Radar,47,28,33,0,108,0,2,2,0,4,47,30,35,0,112,0,0,0,112
01/02/2016,SAV,GA,ASO,ES,Combined TRACON& Tower with Radar,56,53,59,0,168,0,10,43,0,53,56,63,102,0,221,42,0,42,263
01/03/2016,SAV,GA,ASO,ES,Combined TRACON& Tower with Radar,62,35,67,0,164,0,2,32,1,35,62,37,99,1,199,16,0,16,215
01/04/2016,SAV,GA,ASO,ES,Combined TRACON& Tower with Radar,58,41,54,6,159,0,0,33,0,33,58,41,87,6,192,24,0,24,216
01/05/2016,SAV,GA,ASO,ES,Combined TRACON& Tower with Radar,53,52,55,6,166,0,0,24,0,24,53,52,79,6,190,24,0,24,214
01/06/2016,SAV,GA,ASO,ES,Combined TRACON& Tower with Radar,57,52,76,8,193,0,0,31,1,32,57,52,107,9,225,0,0,0,225
01/07/2016,SAV,GA,ASO,ES,Combined TRACON& Tower with Radar,54,63,56,11,184,0,1,25,1,27,54,64,81,12,211,33,0,33,244
01/08/2016,SAV,GA,ASO,ES,Combined TRACON& Tower with Radar,57,39,49,12,157,0,5,5,2,12,57,44,54,14,169,17,4,21,190
01/09/2016,SAV,GA,ASO,ES,Combined TRACON& Tower with Radar,45,31,47,3,126,0,0,0,0,0,45,31,47,3,126,0,0,0,126
01/10/2016,SAV,GA,ASO,ES,Combined TRACON& Tower with Radar,48,33,36,8,125,0,8,20,2,30,48,41,56,10,155,39,0,39,194
01/11/2016,SAV,GA,ASO,ES,Combined TRACON& Tower with Radar,52,32,46,9,139,0,0,29,2,31,52,32,75,11,170,24,0,24,194
01/12/2016,SAV,GA,ASO,ES,Combined TRACON& Tower with Radar,51,57,40,26,174,0,6,33,3,42,51,63,73,29,216,18,10,28,244
01/13/2016,SAV,GA,ASO,ES,Combined TRACON& Tower with Radar,55,47,67,10,179,0,4,48,5,57,55,51,115,15,236,22,0,22,258
01/14/2016,SAV,GA,ASO,ES,Combined TRACON& Tower with Radar,54,51,73,13,191,0,12,36,7,55,54,63,109,20,246,15,3,18,264
01/15/2016,SAV,GA,ASO,ES,Combined TRACON& Tower with Radar,56,60,65,3,184,0,0,4,0,4,56,60,69,3,188,0,0,0,188
01/16/2016,SAV,GA,ASO,ES,Combined TRACON& Tower with Radar,48,31,44,0,123,0,6,44,0,50,48,37,88,0,173,45,0,45,218
01/17/2016,SAV,GA,ASO,ES,Combined TRACON& Tower with Radar,41,28,29,6,104,0,0,11,0,11,41,28,40,6,115,0,0,0,115
01/18/2016,SAV,GA,ASO,ES,Combined TRACON& Tower with Radar,49,42,73,0,164,0,2,34,0,36,49,44,107,0,200,22,0,22,222
01/19/2016,SAV,GA,ASO,ES,Combined TRACON& Tower with Radar,51,36,51,23,161,0,0,35,2,37,51,36,86,25,198,52,0,52,250
01/20/2016,SAV,GA,ASO,ES,Combined TRACON& Tower with Radar,55,47,63,13,178,0,2,23,2,27,55,49,86,15,205,22,0,22,227
01/21/2016,SAV,GA,ASO,ES,Combined TRACON& Tower with Radar,54,58,80,15,207,0,3,27,4,34,54,61,107,19,241,76,0,76,317
01/22/2016,SAV,GA,ASO,ES,Combined TRACON& Tower with Radar,35,37,66,14,152,0,0,0,0,0,35,37,66,14,152,0,0,0,152
01/23/2016,SAV,GA,ASO,ES,Combined TRACON& Tower with Radar,29,16,17,20,82,0,0,0,1,1,29,16,17,21,83,0,0,0,83
01/24/2016,SAV,GA,ASO,ES,Combined TRACON& Tower with Radar,34,21,59,18,132,0,6,65,1,72,34,27,124,19,204,47,18,65,269
01/25/2016,SAV,GA,ASO,ES,Combined TRACON& Tower with Radar,48,45,60,52,205,0,1,36,16,53,48,46,96,68,258,30,0,30,288
01/26/2016,SAV,GA,ASO,ES,Combined TRACON& Tower with Radar,52,45,51,53,201,0,5,14,15,34,52,50,65,68,235,46,4,50,285
01/27/2016,SAV,GA,ASO,ES,Combined TRACON& Tower with Radar,53,70,52,49,224,0,1,17,9,27,53,71,69,58,251,15,22,37,288
01/28/2016,SAV,GA,ASO,ES,Combined TRACON& Tower with Radar,54,63,49,36,202,0,0,2,0,2,54,63,51,36,204,0,1,1,205
01/29/2016,SAV,GA,ASO,ES,Combined TRACON& Tower with Radar,56,44,66,43,209,0,2,53,18,73,56,46,119,61,282,32,11,43,325
01/30/2016,SAV,GA,ASO,ES,Combined TRACON& Tower with Radar,49,35,57,0,141,0,6,60,3,69,49,41,117,3,210,35,2,37,247
01/31/2016,SAV,GA,ASO,ES,Combined TRACON& Tower with Radar,48,41,46,10,145,0,4,37,4,45,48,45,83,14,190,49,0,49,239
02/01/2016,SAV,GA,ASO,ES,Combined TRACON& Tower with Radar,53,38,47,57,195,0,3,40,15,58,53,41,87,72,253,18,2,20,273
02/02/2016,SAV,GA,ASO,ES,Combined TRACON& Tower with Radar,56,56,51,49,212,0,8,28,12,48,56,64,79,61,260,18,4,22,282
02/03/2016,SAV,GA,ASO,ES,Combined TRACON& Tower with Radar,51,39,35,54,179,0,0,2,0,2,51,39,37,54,181,4,2,6,187
02/04/2016,SAV,GA,ASO,ES,Combined TRACON& Tower with Radar,57,50,53,7,167,0,0,0,0,0,57,50,53,7,167,0,2,2,169
02/05/2016,SAV,GA,ASO,ES,Combined TRACON& Tower with Radar,48,39,70,33,190,0,4,44,3,51,48,43,114,36,241,54,4,58,299
02/06/2016,SAV,GA,ASO,ES,Combined TRACON& Tower with Radar,46,23,40,14,123,0,8,46,0,54,46,31,86,14,177,37,0,37,214
02/07/2016,SAV,GA,ASO,ES,Combined TRACON& Tower with Radar,44,26,41,8,119,0,1,12,3,16,44,27,53,11,135,20,0,20,155
02/08/2016,SAV,GA,ASO,ES,Combined TRACON& Tower with Radar,48,39,44,14,145,0,0,24,5,29,48,39,68,19,174,28,0,28,202
02/09/2016,SAV,GA,ASO,ES,Combined TRACON& Tower with Radar,53,42,39,9,143,0,1,6,5,12,53,43,45,14,155,6,0,6,161
02/10/2016,SAV,GA,ASO,ES,Combined TRACON& Tower with Radar,54,59,59,7,179,0,0,25,1,26,54,59,84,8,205,2,0,2,207
02/11/2016,SAV,GA,ASO,ES,Combined TRACON& Tower with Radar,59,70,64,10,203,0,1,51,5,57,59,71,115,15,260,39,2,41,301
02/12/2016,SAV,GA,ASO,ES,Combined TRACON& Tower with Radar,60,68,76,8,212,0,5,23,4,32,60,73,99,12,244,46,0,46,290
02/13/2016,SAV,GA,ASO,ES,Combined TRACON& Tower with Radar,51,36,58,7,152,0,23,46,0,69,51,59,104,7,221,42,0,42,263
02/14/2016,SAV,GA,ASO,ES,Combined TRACON& Tower with Radar,47,29,53,0,129,0,31,34,0,65,47,60,87,0,194,27,0,27,221
02/15/2016,SAV,GA,ASO,ES,Combined TRACON& Tower with Radar,55,45,64,4,168,0,8,12,1,21,55,53,76,5,189,16,6,22,211
02/16/2016,SAV,GA,ASO,ES,Combined TRACON& Tower with Radar,56,45,51,8,160,0,12,31,2,45,56,57,82,10,205,18,0,18,223
02/17/2016,SAV,GA,ASO,ES,Combined TRACON& Tower with Radar,58,59,68,12,197,0,7,55,8,70,58,66,123,20,267,97,2,99,366
02/18/2016,SAV,GA,ASO,ES,Combined TRACON& Tower with Radar,61,53,78,13,205,0,11,50,5,66,61,64,128,18,271,26,5,31,302
02/19/2016,SAV,GA,ASO,ES,Combined TRACON& Tower with Radar,60,60,63,27,210,0,7,42,3,52,60,67,105,30,262,42,10,52,314
02/20/2016,SAV,GA,ASO,ES,Combined TRACON& Tower with Radar,48,32,38,31,149,0,15,58,2,75,48,47,96,33,224,41,16,57,281
02/21/2016,SAV,GA,ASO,ES,Combined TRACON& Tower with Radar,55,32,48,20,155,0,4,41,5,50,55,36,89,25,205,18,2,20,225
02/22/2016,SAV,GA,ASO,ES,Combined TRACON& Tower with Radar,61,50,49,21,181,0,3,42,0,45,61,53,91,21,226,61,8,69,295
02/23/2016,SAV,GA,ASO,ES,Combined TRACON& Tower with Radar,58,41,57,15,171,0,3,19,5,27,58,44,76,20,198,70,20,90,288
02/24/2016,SAV,GA,ASO,ES,Combined TRACON& Tower with Radar,50,31,37,4,122,0,2,4,0,6,50,33,41,4,128,0,0,0,128
02/25/2016,SAV,GA,ASO,ES,Combined TRACON& Tower with Radar,60,59,67,16,202,0,6,17,5,28,60,65,84,21,230,12,0,12,242
02/26/2016,SAV,GA,ASO,ES,Combined TRACON& Tower with Radar,59,58,62,25,204,0,10,41,13,64,59,68,103,38,268,0,0,0,268
02/27/2016,SAV,GA,ASO,ES,Combined TRACON& Tower with Radar,49,35,45,13,142,0,7,68,3,78,49,42,113,16,220,43,4,47,267
02/28/2016,SAV,GA,ASO,ES,Combined TRACON& Tower with Radar,57,40,72,7,176,0,4,47,4,55,57,44,119,11,231,101,0,101,332
02/29/2016,SAV,GA,ASO,ES,Combined TRACON& Tower with Radar,60,44,53,5,162,0,0,30,0,30,60,44,83,5,192,42,0,42,234
03/01/2016,SAV,GA,ASO,ES,Combined TRACON& Tower with Radar,64,53,69,11,197,0,1,40,2,43,64,54,109,13,240,44,6,50,290
03/02/2016,SAV,GA,ASO,ES,Combined TRACON& Tower with Radar,66,63,55,9,193,0,2,26,4,32,66,65,81,13,225,37,6,43,268
03/03/2016,SAV,GA,ASO,ES,Combined TRACON& Tower with Radar,67,64,64,13,208,0,2,36,5,43,67,66,100,18,251,15,17,32,283
03/04/2016,SAV,GA,ASO,ES,Combined TRACON& Tower with Radar,71,38,77,24,210,0,4,28,0,32,71,42,105,24,242,29,4,33,275
03/05/2016,SAV,GA,ASO,ES,Combined TRACON& Tower with Radar,66,42,60,7,175,0,6,68,2,76,66,48,128,9,251,32,4,36,287
03/06/2016,SAV,GA,ASO,ES,Combined TRACON& Tower with Radar,63,33,78,12,186,0,6,68,2,76,63,39,146,14,262,43,10,53,315
03/07/2016,SAV,GA,ASO,ES,Combined TRACON& Tower with Radar,69,43,81,10,203,0,3,43,1,47,69,46,124,11,250,52,0,52,302
03/08/2016,SAV,GA,ASO,ES,Combined TRACON& Tower with Radar,72,68,42,15,197,0,7,48,2,57,72,75,90,17,254,4,14,18,272
03/09/2016,SAV,GA,ASO,ES,Combined TRACON& Tower with Radar,71,70,64,13,218,0,21,38,7,66,71,91,102,20,284,11,2,13,297
03/10/2016,SAV,GA,ASO,ES,Combined TRACON& Tower with Radar,73,60,66,16,215,0,4,35,1,40,73,64,101,17,255,52,12,64,319
03/11/2016,SAV,GA,ASO,ES,Combined TRACON& Tower with Radar,65,54,79,33,231,0,5,44,7,56,65,59,123,40,287,13,8,21,308
03/12/2016,SAV,GA,ASO,ES,Combined TRACON& Tower with Radar,68,42,61,4,175,0,11,39,1,51,68,53,100,5,226,39,0,39,265
03/13/2016,SAV,GA,ASO,ES,Combined TRACON& Tower with Radar,67,34,59,6,166,0,0,26,6,32,67,34,85,12,198,37,4,41,239
03/14/2016,SAV,GA,ASO,ES,Combined TRACON& Tower with Radar,68,54,78,6,206,0,5,27,0,32,68,59,105,6,238,44,0,44,282
03/15/2016,SAV,GA,ASO,ES,Combined TRACON& Tower with Radar,70,61,70,10,211,0,3,61,1,65,70,64,131,11,276,38,12,50,326
03/16/2016,SAV,GA,ASO,ES,Combined TRACON& Tower with Radar,69,46,82,7,204,0,5,42,3,50,69,51,124,10,254,8,0,8,262
03/17/2016,SAV,GA,ASO,ES,Combined TRACON& Tower with Radar,71,65,82,10,228,0,7,31,4,42,71,72,113,14,270,29,0,29,299
03/18/2016,SAV,GA,ASO,ES,Combined TRACON& Tower with Radar,68,53,71,28,220,0,4,41,0,45,68,57,112,28,265,22,0,22,287
03/19/2016,SAV,GA,ASO,ES,Combined TRACON& Tower with Radar,67,33,31,0,131,0,5,34,0,39,67,38,65,0,170,42,0,42,212
03/20/2016,SAV,GA,ASO,ES,Combined TRACON& Tower with Radar,63,36,66,2,167,0,8,19,0,27,63,44,85,2,194,25,0,25,219
03/21/2016,SAV,GA,ASO,ES,Combined TRACON& Tower with Radar,66,40,57,3,166,0,3,48,2,53,66,43,105,5,219,16,0,16,235
03/22/2016,SAV,GA,ASO,ES,Combined TRACON& Tower with Radar,69,44,59,12,184,0,7,73,4,84,69,51,132,16,268,51,0,51,319
03/23/2016,SAV,GA,ASO,ES,Combined TRACON& Tower with Radar,70,58,92,10,230,0,13,56,0,69,70,71,148,10,299,56,0,56,355
03/24/2016,SAV,GA,ASO,ES,Combined TRACON& Tower with Radar,80,66,86,19,251,0,3,45,1,49,80,69,131,20,300,0,4,4,304
03/25/2016,SAV,GA,ASO,ES,Combined TRACON& Tower with Radar,70,35,70,9,184,0,3,17,0,20,70,38,87,9,204,11,0,11,215
03/26/2016,SAV,GA,ASO,ES,Combined TRACON& Tower with Radar,75,47,30,0,152,0,7,7,0,14,75,54,37,0,166,26,0,26,192
03/27/2016,SAV,GA,ASO,ES,Combined TRACON& Tower with Radar,65,37,45,7,154,0,0,0,0,0,65,37,45,7,154,0,0,0,154
03/28/2016,SAV,GA,ASO,ES,Combined TRACON& Tower with Radar,68,54,74,4,200,0,23,23,2,48,68,77,97,6,248,69,0,69,317
03/29/2016,SAV,GA,ASO,ES,Combined TRACON& Tower with Radar,70,50,69,11,200,0,8,51,1,60,70,58,120,12,260,72,0,72,332
03/30/2016,SAV,GA,ASO,ES,Combined TRACON& Tower with Radar,67,59,94,23,243,0,9,64,7,80,67,68,158,30,323,23,3,26,349
03/31/2016,SAV,GA,ASO,ES,Combined TRACON& Tower with Radar,72,42,71,12,197,0,4,23,2,29,72,46,94,14,226,15,0,15,241
04/01/2016,SAV,GA,ASO,ES,Combined TRACON& Tower with Radar,60,47,43,25,175,0,0,1,4,5,60,47,44,29,180,0,16,16,196
04/02/2016,SAV,GA,ASO,ES,Combined TRACON& Tower with Radar,70,59,49,25,203,0,2,15,4,21,70,61,64,29,224,2,8,10,234
04/03/2016,SAV,GA,ASO,ES,Combined TRACON& Tower with Radar,62,37,68,24,191,0,18,69,13,100,62,55,137,37,291,95,17,112,403
04/04/2016,SAV,GA,ASO,ES,Combined TRACON& Tower with Radar,68,44,63,15,190,0,11,31,5,47,68,55,94,20,237,38,0,38,275
04/05/2016,SAV,GA,ASO,ES,Combined TRACON& Tower with Radar,70,64,62,19,215,0,4,36,7,47,70,68,98,26,262,30,0,30,292
04/06/2016,SAV,GA,ASO,ES,Combined TRACON& Tower with Radar,65,60,71,37,233,0,3,42,5,50,65,63,113,42,283,32,2,34,317
04/07/2016,SAV,GA,ASO,ES,Combined TRACON& Tower with Radar,67,57,90,10,224,0,8,24,0,32,67,65,114,10,256,0,0,0,256
04/08/2016,SAV,GA,ASO,ES,Combined TRACON& Tower with Radar,70,62,63,27,222,0,5,52,3,60,70,67,115,30,282,16,6,22,304
04/09/2016,SAV,GA,ASO,ES,Combined TRACON& Tower with Radar,74,34,31,18,157,0,4,28,1,33,74,38,59,19,190,34,0,34,224
04/10/2016,SAV,GA,ASO,ES,Combined TRACON& Tower with Radar,72,41,73,9,195,0,8,59,4,71,72,49,132,13,266,17,0,17,283
04/11/2016,SAV,GA,ASO,ES,Combined TRACON& Tower with Radar,71,55,58,4,188,0,9,41,1,51,71,64,99,5,239,34,0,34,273
04/12/2016,SAV,GA,ASO,ES,Combined TRACON& Tower with Radar,72,64,72,6,214,0,0,11,1,12,72,64,83,7,226,12,0,12,238
04/13/2016,SAV,GA,ASO,ES,Combined TRACON& Tower with Radar,69,74,80,11,234,0,5,3,3,11,69,79,83,14,245,20,0,20,265
04/14/2016,SAV,GA,ASO,ES,Combined TRACON& Tower with Radar,70,64,78,5,217,0,1,31,1,33,70,65,109,6,250,10,2,12,262
04/15/2016,SAV,GA,ASO,ES,Combined TRACON& Tower with Radar,78,67,59,11,215,0,3,3,1,7,78,70,62,12,222,0,0,0,222
04/16/2016,SAV,GA,ASO,ES,Combined TRACON& Tower with Radar,74,38,52,14,178,0,15,63,3,81,74,53,115,17,259,47,5,52,311
04/17/2016,SAV,GA,ASO,ES,Combined TRACON& Tower with Radar,68,40,66,32,206,0,10,52,5,67,68,50,118,37,273,55,0,55,328
04/18/2016,SAV,GA,ASO,ES,Combined TRACON& Tower with Radar,78,59,62,14,213,0,8,40,1,49,78,67,102,15,262,26,2,28,290
04/19/2016,SAV,GA,ASO,ES,Combined TRACON& Tower with Radar,73,50,75,9,207,0,6,47,7,60,73,56,122,16,267,65,3,68,335
04/20/2016,SAV,GA,ASO,ES,Combined TRACON& Tower with Radar,66,64,74,8,212,0,7,49,3,59,66,71,123,11,271,44,0,44,315
04/21/2016,SAV,GA,ASO,ES,Combined TRACON& Tower with Radar,69,59,63,17,208,0,13,37,8,58,69,72,100,25,266,0,5,5,271
04/22/2016,SAV,GA,ASO,ES,Combined TRACON& Tower with Radar,80,63,61,7,211,0,0,25,3,28,80,63,86,10,239,6,0,6,245
04/23/2016,SAV,GA,ASO,ES,Combined TRACON& Tower with Radar,76,35,68,6,185,0,6,39,0,45,76,41,107,6,230,6,8,14,244
04/24/2016,SAV,GA,ASO,ES,Combined TRACON& Tower with Radar,69,41,62,14,186,0,13,59,3,75,69,54,121,17,261,30,0,30,291
04/25/2016,SAV,GA,ASO,ES,Combined TRACON& Tower with Radar,78,49,72,23,222,0,4,44,2,50,78,53,116,25,272,34,0,34,306
04/26/2016,SAV,GA,ASO,ES,Combined TRACON& Tower with Radar,66,55,76,22,219,0,4,30,6,40,66,59,106,28,259,16,7,23,282
04/27/2016,SAV,GA,ASO,ES,Combined TRACON& Tower with Radar,65,53,97,11,226,0,0,44,11,55,65,53,141,22,281,7,0,7,288
04/28/2016,SAV,GA,ASO,ES,Combined TRACON& Tower with Radar,68,82,70,5,225,0,2,25,7,34,68,84,95,12,259,48,0,48,307
04/29/2016,SAV,GA,ASO,ES,Combined TRACON& Tower with Radar,78,59,76,30,243,0,2,39,4,45,78,61,115,34,288,27,0,27,315
04/30/2016,SAV,GA,ASO,ES,Combined TRACON& Tower with Radar,79,40,50,18,187,0,20,31,4,55,79,60,81,22,242,61,5,66,308
05/01/2016,SAV,GA,ASO,ES,Combined TRACON& Tower with Radar,70,34,70,22,196,0,2,14,1,17,70,36,84,23,213,8,0,8,221
05/02/2016,SAV,GA,ASO,ES,Combined TRACON& Tower with Radar,74,56,53,21,204,0,4,19,6,29,74,60,72,27,233,0,9,9,242
05/03/2016,SAV,GA,ASO,ES,Combined TRACON& Tower with Radar,66,54,60,25,205,0,4,18,3,25,66,58,78,28,230,24,4,28,258
05/04/2016,SAV,GA,ASO,ES,Combined TRACON& Tower with Radar,65,66,73,24,228,0,7,32,4,43,65,73,105,28,271,27,24,51,322
05/05/2016,SAV,GA,ASO,ES,Combined TRACON& Tower with Radar,70,41,76,11,198,0,9,24,7,40,70,50,100,18,238,8,6,14,252
05/06/2016,SAV,GA,ASO,ES,Combined TRACON& Tower with Radar,76,50,67,43,236,0,10,65,1,76,76,60,132,44,312,22,14,36,348
05/07/2016,SAV,GA,ASO,ES,Combined TRACON& Tower with Radar,73,37,19,18,147,0,22,56,2,80,73,59,75,20,227,19,0,19,246
05/08/2016,SAV,GA,ASO,ES,Combined TRACON& Tower with Radar,63,39,49,8,159,0,9,46,0,55,63,48,95,8,214,6,0,6,220
05/09/2016,SAV,GA,ASO,ES,Combined TRACON& Tower with Radar,79,43,73,29,224,0,2,44,10,56,79,45,117,39,280,10,24,34,314
05/10/2016,SAV,GA,ASO,ES,Combined TRACON& Tower with Radar,66,52,74,21,213,0,6,42,10,58,66,58,116,31,271,70,20,90,361
05/11/2016,SAV,GA,ASO,ES,Combined TRACON& Tower with Radar,68,59,79,18,224,0,4,19,6,29,68,63,98,24,253,50,6,56,309
05/12/2016,SAV,GA,ASO,ES,Combined TRACON& Tower with Radar,68,55,82,33,238,0,7,35,9,51,68,62,117,42,289,12,14,26,315
05/13/2016,SAV,GA,ASO,ES,Combined TRACON& Tower with Radar,80,49,69,23,221,0,4,24,7,35,80,53,93,30,256,2,0,2,258
05/14/2016,SAV,GA,ASO,ES,Combined TRACON& Tower with Radar,69,39,56,7,171,0,12,54,0,66,69,51,110,7,237,0,0,0,237
05/15/2016,SAV,GA,ASO,ES,Combined TRACON& Tower with Radar,64,40,61,7,172,0,8,47,7,62,64,48,108,14,234,34,6,40,274
05/16/2016,SAV,GA,ASO,ES,Combined TRACON& Tower with Radar,79,41,80,29,229,0,7,23,3,33,79,48,103,32,262,4,0,4,266
05/17/2016,SAV,GA,ASO,ES,Combined TRACON& Tower with Radar,69,41,56,5,171,0,0,8,0,8,69,41,64,5,179,0,0,0,179
05/18/2016,SAV,GA,ASO,ES,Combined TRACON& Tower with Radar,89,76,65,8,238,6,1,23,4,34,95,77,88,12,272,86,0,86,358
05/19/2016,SAV,GA,ASO,ES,Combined TRACON& Tower with Radar,71,46,74,2,193,0,0,5,0,5,71,46,79,2,198,2,0,2,200
05/20/2016,SAV,GA,ASO,ES,Combined TRACON& Tower with Radar,74,47,78,16,215,0,2,9,5,16,74,49,87,21,231,0,2,2,233
05/21/2016,SAV,GA,ASO,ES,Combined TRACON& Tower with Radar,70,39,39,16,164,0,8,18,5,31,70,47,57,21,195,4,16,20,215
05/22/2016,SAV,GA,ASO,ES,Combined TRACON& Tower with Radar,67,35,57,11,170,0,6,41,4,51,67,41,98,15,221,4,0,4,225
05/23/2016,SAV,GA,ASO,ES,Combined TRACON& Tower with Radar,72,52,77,8,209,0,14,36,0,50,72,66,113,8,259,16,0,16,275
05/24/2016,SAV,GA,ASO,ES,Combined TRACON& Tower with Radar,68,52,47,6,173,0,4,41,0,45,68,56,88,6,218,2,0,2,220
05/25/2016,SAV,GA,ASO,ES,Combined TRACON& Tower with Radar,68,75,66,6,215,0,4,54,2,60,68,79,120,8,275,62,0,62,337
05/26/2016,SAV,GA,ASO,ES,Combined TRACON& Tower with Radar,71,66,71,6,214,0,11,34,0,45,71,77,105,6,259,19,0,19,278
05/27/2016,SAV,GA,ASO,ES,Combined TRACON& Tower with Radar,78,38,97,0,213,0,5,61,0,66,78,43,158,0,279,14,0,14,293
05/28/2016,SAV,GA,ASO,ES,Combined TRACON& Tower with Radar,74,29,37,1,141,0,2,34,0,36,74,31,71,1,177,16,2,18,195
05/29/2016,SAV,GA,ASO,ES,Combined TRACON& Tower with Radar,63,25,28,0,116,0,0,2,0,2,63,25,30,0,118,0,0,0,118
05/30/2016,SAV,GA,ASO,ES,Combined TRACON& Tower with Radar,73,38,38,3,152,0,5,37,0,42,73,43,75,3,194,66,0,66,260
05/31/2016,SAV,GA,ASO,ES,Combined TRACON& Tower with Radar,68,43,54,22,187,0,4,32,1,37,68,47,86,23,224,6,0,6,230
06/01/2016,SAV,GA,ASO,ES,Combined TRACON& Tower with Radar,69,49,66,18,202,0,4,36,2,42,69,53,102,20,244,4,35,39,283
06/02/2016,SAV,GA,ASO,ES,Combined TRACON& Tower with Radar,69,47,56,7,179,0,5,31,1,37,69,52,87,8,216,0,0,0,216
06/03/2016,SAV,GA,ASO,ES,Combined TRACON& Tower with Radar,76,62,65,10,213,0,5,20,11,36,76,67,85,21,249,44,0,44,293
06/04/2016,SAV,GA,ASO,ES,Combined TRACON& Tower with Radar,66,44,45,17,172,0,8,42,3,53,66,52,87,20,225,10,8,18,243
06/05/2016,SAV,GA,ASO,ES,Combined TRACON& Tower with Radar,66,34,52,12,164,0,1,19,3,23,66,35,71,15,187,30,0,30,217
06/06/2016,SAV,GA,ASO,ES,Combined TRACON& Tower with Radar,72,36,43,4,155,0,0,1,0,1,72,36,44,4,156,0,0,0,156
06/07/2016,SAV,GA,ASO,ES,Combined TRACON& Tower with Radar,67,55,54,7,183,0,2,30,3,35,67,57,84,10,218,42,2,44,262
06/08/2016,SAV,GA,ASO,ES,Combined TRACON& Tower with Radar,64,53,73,8,198,0,13,78,3,94,64,66,151,11,292,88,0,88,380
06/09/2016,SAV,GA,ASO,ES,Combined TRACON& Tower with Radar,72,68,69,23,232,0,6,37,3,46,72,74,106,26,278,40,5,45,323
06/10/2016,SAV,GA,ASO,ES,Combined TRACON& Tower with Radar,79,46,79,14,218,0,6,49,3,58,79,52,128,17,276,22,0,22,298
06/11/2016,SAV,GA,ASO,ES,Combined TRACON& Tower with Radar,76,52,60,19,207,0,15,47,2,64,76,67,107,21,271,53,10,63,334
06/12/2016,SAV,GA,ASO,ES,Combined TRACON& Tower with Radar,70,42,49,9,170,0,6,55,3,64,70,48,104,12,234,48,6,54,288
06/13/2016,SAV,GA,ASO,ES,Combined TRACON& Tower with Radar,78,35,58,16,187,0,8,66,2,76,78,43,124,18,263,112,0,112,375
06/14/2016,SAV,GA,ASO,ES,Combined TRACON& Tower with Radar,67,41,48,26,182,0,2,31,4,37,67,43,79,30,219,26,12,38,257
06/15/2016,SAV,GA,ASO,ES,Combined TRACON& Tower with Radar,68,58,77,19,222,0,6,19,4,29,68,64,96,23,251,33,10,43,294
06/16/2016,SAV,GA,ASO,ES,Combined TRACON& Tower with Radar,70,57,68,3,198,0,0,28,5,33,70,57,96,8,231,39,0,39,270
06/17/2016,SAV,GA,ASO,ES,Combined TRACON& Tower with Radar,81,65,64,11,221,0,8,37,0,45,81,73,101,11,266,23,0,23,289
06/18/2016,SAV,GA,ASO,ES,Combined TRACON& Tower with Radar,77,31,49,9,166,0,8,10,0,18,77,39,59,9,184,12,0,12,196
06/19/2016,SAV,GA,ASO,ES,Combined TRACON& Tower with Radar,73,41,47,14,175,0,13,42,2,57,73,54,89,16,232,6,0,6,238
06/20/2016,SAV,GA,ASO,ES,Combined TRACON& Tower with Radar,77,46,57,7,187,0,6,52,6,64,77,52,109,13,251,24,0,24,275
06/21/2016,SAV,GA,ASO,ES,Combined TRACON& Tower with Radar,64,54,50,19,187,0,11,45,8,64,64,65,95,27,251,33,0,33,284
06/22/2016,SAV,GA,ASO,ES,Combined TRACON& Tower with Radar,69,58,45,25,197,0,10,36,4,50,69,68,81,29,247,26,8,34,281
06/23/2016,SAV,GA,ASO,ES,Combined TRACON& Tower with Radar,73,54,75,11,213,0,7,47,11,65,73,61,122,22,278,10,5,15,293
06/24/2016,SAV,GA,ASO,ES,Combined TRACON& Tower with Radar,74,51,71,24,220,0,10,36,4,50,74,61,107,28,270,5,0,5,275
06/25/2016,SAV,GA,ASO,ES,Combined TRACON& Tower with Radar,76,30,48,0,154,0,17,49,2,68,76,47,97,2,222,6,0,6,228
06/26/2016,SAV,GA,ASO,ES,Combined TRACON& Tower with Radar,75,32,80,6,193,0,2,15,0,17,75,34,95,6,210,22,0,22,232
06/27/2016,SAV,GA,ASO,ES,Combined TRACON& Tower with Radar,76,49,68,13,206,0,4,35,8,47,76,53,103,21,253,19,4,23,276
06/28/2016,SAV,GA,ASO,ES,Combined TRACON& Tower with Radar,61,43,42,16,162,0,4,25,7,36,61,47,67,23,198,8,4,12,210
06/29/2016,SAV,GA,ASO,ES,Combined TRACON& Tower with Radar,69,55,67,13,204,0,6,16,3,25,69,61,83,16,229,54,0,54,283
06/30/2016,SAV,GA,ASO,ES,Combined TRACON& Tower with Radar,73,41,71,1,186,0,6,20,0,26,73,47,91,1,212,24,0,24,236
07/01/2016,SAV,GA,ASO,ES,Combined TRACON& Tower with Radar,70,38,94,8,210,0,4,47,0,51,70,42,141,8,261,6,0,6,267
07/02/2016,SAV,GA,ASO,ES,Combined TRACON& Tower with Radar,83,27,34,1,145,0,10,43,0,53,83,37,77,1,198,0,0,0,198
07/03/2016,SAV,GA,ASO,ES,Combined TRACON& Tower with Radar,63,22,22,0,107,0,2,23,0,25,63,24,45,0,132,14,0,14,146
07/04/2016,SAV,GA,ASO,ES,Combined TRACON& Tower with Radar,64,17,26,0,107,0,11,26,0,37,64,28,52,0,144,6,0,6,150
07/05/2016,SAV,GA,ASO,ES,Combined TRACON& Tower with Radar,79,41,61,2,183,0,6,39,2,47,79,47,100,4,230,14,0,14,244
07/06/2016,SAV,GA,ASO,ES,Combined TRACON& Tower with Radar,68,48,54,20,190,0,10,38,1,49,68,58,92,21,239,0,4,4,243
07/07/2016,SAV,GA,ASO,ES,Combined TRACON& Tower with Radar,73,44,56,6,179,0,3,34,8,45,73,47,90,14,224,9,2,11,235
07/08/2016,SAV,GA,ASO,ES,Combined TRACON& Tower with Radar,71,38,59,14,182,0,8,40,21,69,71,46,99,35,251,8,3,11,262
07/09/2016,SAV,GA,ASO,ES,Combined TRACON& Tower with Radar,80,28,29,3,140,0,6,35,11,52,80,34,64,14,192,14,2,16,208
07/10/2016,SAV,GA,ASO,ES,Combined TRACON& Tower with Radar,75,23,40,11,149,0,7,62,15,84,75,30,102,26,233,30,12,42,275
07/11/2016,SAV,GA,ASO,ES,Combined TRACON& Tower with Radar,81,34,52,18,185,0,8,24,2,34,81,42,76,20,219,22,2,24,243
07/12/2016,SAV,GA,ASO,ES,Combined TRACON& Tower with Radar,80,56,58,20,214,0,4,41,6,51,80,60,99,26,265,29,6,35,300
07/13/2016,SAV,GA,ASO,ES,Combined TRACON& Tower with Radar,68,45,72,17,202,0,2,48,5,55,68,47,120,22,257,51,6,57,314
07/14/2016,SAV,GA,ASO,ES,Combined TRACON& Tower with Radar,70,50,51,21,192,0,0,25,15,40,70,50,76,36,232,20,4,24,256
07/15/2016,SAV,GA,ASO,ES,Combined TRACON& Tower with Radar,74,46,75,21,216,0,3,29,5,37,74,49,104,26,253,6,5,11,264
07/16/2016,SAV,GA,ASO,ES,Combined TRACON& Tower with Radar,82,32,37,22,173,0,12,43,4,59,82,44,80,26,232,41,15,56,288
07/17/2016,SAV,GA,ASO,ES,Combined TRACON& Tower with Radar,72,37,40,8,157,0,4,38,8,50,72,41,78,16,207,0,6,6,213
07/18/2016,SAV,GA,ASO,ES,Combined TRACON& Tower with Radar,67,53,51,11,182,0,3,33,3,39,67,56,84,14,221,24,0,24,245
07/19/2016,SAV,GA,ASO,ES,Combined TRACON& Tower with Radar,61,52,54,4,171,0,2,24,4,30,61,54,78,8,201,18,0,18,219
07/20/2016,SAV,GA,ASO,ES,Combined TRACON& Tower with Radar,65,51,56,5,177,0,3,41,0,44,65,54,97,5,221,12,0,12,233
07/21/2016,SAV,GA,ASO,ES,Combined TRACON& Tower with Radar,79,49,71,14,213,0,12,38,3,53,79,61,109,17,266,10,3,13,279
07/22/2016,SAV,GA,ASO,ES,Combined TRACON& Tower with Radar,76,51,90,15,232,0,11,70,7,88,76,62,160,22,320,37,0,37,357
07/23/2016,SAV,GA,ASO,ES,Combined TRACON& Tower with Radar,83,30,43,6,162,0,13,42,7,62,83,43,85,13,224,7,4,11,235
07/24/2016,SAV,GA,ASO,ES,Combined TRACON& Tower with Radar,75,30,46,3,154,0,4,61,4,69,75,34,107,7,223,45,0,45,268
07/25/2016,SAV,GA,ASO,ES,Combined TRACON& Tower with Radar,68,40,60,37,205,0,3,30,11,44,68,43,90,48,249,10,0,10,259
07/26/2016,SAV,GA,ASO,ES,Combined TRACON& Tower with Radar,65,44,59,36,204,0,12,31,13,56,65,56,90,49,260,2,0,2,262
07/27/2016,SAV,GA,ASO,ES,Combined TRACON& Tower with Radar,65,54,59,38,216,0,5,40,11,56,65,59,99,49,272,37,4,41,313
07/28/2016,SAV,GA,ASO,ES,Combined TRACON& Tower with Radar,66,49,67,31,213,0,4,42,10,56,66,53,109,41,269,8,2,10,279
07/29/2016,SAV,GA,ASO,ES,Combined TRACON& Tower with Radar,77,53,85,42,257,0,15,51,11,77,77,68,136,53,334,40,8,48,382
07/30/2016,SAV,GA,ASO,ES,Combined TRACON& Tower with Radar,72,18,29,16,135,0,11,51,2,64,72,29,80,18,199,12,41,53,252
07/31/2016,SAV,GA,ASO,ES,Combined TRACON& Tower with Radar,73,27,37,10,147,0,8,43,0,51,73,35,80,10,198,52,0,52,250
08/01/2016,SAV,GA,ASO,ES,Combined TRACON& Tower with Radar,68,43,56,29,196,0,8,31,8,47,68,51,87,37,243,0,4,4,247
08/02/2016,SAV,GA,ASO,ES,Combined TRACON& Tower with Radar,71,54,68,34,227,0,6,40,6,52,71,60,108,40,279,39,8,47,326
08/03/2016,SAV,GA,ASO,ES,Combined TRACON& Tower with Radar,64,49,60,27,200,0,4,21,6,31,64,53,81,33,231,16,14,30,261
08/04/2016,SAV,GA,ASO,ES,Combined TRACON& Tower with Radar,71,48,62,33,214,0,9,30,4,43,71,57,92,37,257,33,2,35,292
08/05/2016,SAV,GA,ASO,ES,Combined TRACON& Tower with Radar,70,47,56,15,188,0,3,24,3,30,70,50,80,18,218,27,0,27,245
08/06/2016,SAV,GA,ASO,ES,Combined TRACON& Tower with Radar,80,28,38,9,155,0,8,38,1,47,80,36,76,10,202,28,0,28,230
08/07/2016,SAV,GA,ASO,ES,Combined TRACON& Tower with Radar,71,38,52,8,169,2,6,36,2,46,73,44,88,10,215,23,8,31,246
08/08/2016,SAV,GA,ASO,ES,Combined TRACON& Tower with Radar,56,44,49,6,155,0,2,20,1,23,56,46,69,7,178,4,0,4,182
08/09/2016,SAV,GA,ASO,ES,Combined TRACON& Tower with Radar,55,50,56,18,179,0,6,27,0,33,55,56,83,18,212,8,0,8,220
08/10/2016,SAV,GA,ASO,ES,Combined TRACON& Tower with Radar,57,40,51,14,162,0,5,32,2,39,57,45,83,16,201,14,9,23,224
08/11/2016,SAV,GA,ASO,ES,Combined TRACON& Tower with Radar,68,44,67,2,181,0,6,14,0,20,68,50,81,2,201,0,0,0,201
08/12/2016,SAV,GA,ASO,ES,Combined TRACON& Tower with Radar,71,46,58,7,182,0,11,32,1,44,71,57,90,8,226,10,0,10,236
08/13/2016,SAV,GA,ASO,ES,Combined TRACON& Tower with Radar,80,30,33,3,146,0,6,43,3,52,80,36,76,6,198,12,0,12,210
08/14/2016,SAV,GA,ASO,ES,Combined TRACON& Tower with Radar,74,28,34,6,142,0,5,22,4,31,74,33,56,10,173,28,0,28,201
08/15/2016,SAV,GA,ASO,ES,Combined TRACON& Tower with Radar,67,48,54,10,179,0,6,29,3,38,67,54,83,13,217,18,0,18,235
08/16/2016,SAV,GA,ASO,ES,Combined TRACON& Tower with Radar,57,53,59,8,177,0,7,24,3,34,57,60,83,11,211,10,0,10,221
08/17/2016,SAV,GA,ASO,ES,Combined TRACON& Tower with Radar,57,56,58,9,180,0,6,44,5,55,57,62,102,14,235,39,0,39,274
08/18/2016,SAV,GA,ASO,ES,Combined TRACON& Tower with Radar,60,56,61,12,189,0,13,43,3,59,60,69,104,15,248,10,6,16,264
08/19/2016,SAV,GA,ASO,ES,Combined TRACON& Tower with Radar,69,51,69,19,208,0,0,38,1,39,69,51,107,20,247,30,6,36,283
08/20/2016,SAV,GA,ASO,ES,Combined TRACON& Tower with Radar,63,35,46,29,173,0,1,35,5,41,63,36,81,34,214,19,24,43,257
08/21/2016,SAV,GA,ASO,ES,Combined TRACON& Tower with Radar,63,40,56,14,173,0,2,32,0,34,63,42,88,14,207,15,0,15,222
08/22/2016,SAV,GA,ASO,ES,Combined TRACON& Tower with Radar,65,63,49,7,184,0,6,39,1,46,65,69,88,8,230,56,0,56,286
08/23/2016,SAV,GA,ASO,ES,Combined TRACON& Tower with Radar,61,75,62,7,205,0,0,24,5,29,61,75,86,12,234,0,0,0,234
08/24/2016,SAV,GA,ASO,ES,Combined TRACON& Tower with Radar,59,66,74,14,213,0,1,33,2,36,59,67,107,16,249,8,0,8,257
08/25/2016,SAV,GA,ASO,ES,Combined TRACON& Tower with Radar,63,89,77,6,235,0,25,43,4,72,63,114,120,10,307,6,0,6,313
08/26/2016,SAV,GA,ASO,ES,Combined TRACON& Tower with Radar,69,77,64,45,255,0,4,33,10,47,69,81,97,55,302,26,2,28,330
08/27/2016,SAV,GA,ASO,ES,Combined TRACON& Tower with Radar,68,37,30,17,152,0,16,52,2,70,68,53,82,19,222,20,0,20,242
08/28/2016,SAV,GA,ASO,ES,Combined TRACON& Tower with Radar,68,35,44,11,158,0,11,26,8,45,68,46,70,19,203,12,27,39,242
08/29/2016,SAV,GA,ASO,ES,Combined TRACON& Tower with Radar,70,59,42,12,183,0,2,11,3,16,70,61,53,15,199,0,0,0,199
08/30/2016,SAV,GA,ASO,ES,Combined TRACON& Tower with Radar,60,66,60,11,197,0,5,11,2,18,60,71,71,13,215,0,4,4,219
08/31/2016,SAV,GA,ASO,ES,Combined TRACON& Tower with Radar,62,54,67,16,199,0,3,12,2,17,62,57,79,18,216,0,0,0,216
09/01/2016,SAV,GA,ASO,ES,Combined TRACON& Tower with Radar,70,46,45,0,161,0,1,13,0,14,70,47,58,0,175,0,0,0,175
09/02/2016,SAV,GA,ASO,ES,Combined TRACON& Tower with Radar,58,22,11,3,94,0,2,1,0,3,58,24,12,3,97,0,0,0,97
09/03/2016,SAV,GA,ASO,ES,Combined TRACON& Tower with Radar,55,34,49,6,144,0,6,35,1,42,55,40,84,7,186,10,0,10,196
09/04/2016,SAV,GA,ASO,ES,Combined TRACON& Tower with Radar,52,22,31,3,108,0,10,27,0,37,52,32,58,3,145,11,0,11,156
09/05/2016,SAV,GA,ASO,ES,Combined TRACON& Tower with Radar,65,30,38,0,133,0,4,50,0,54,65,34,88,0,187,6,0,6,193
09/06/2016,SAV,GA,ASO,ES,Combined TRACON& Tower with Radar,56,66,70,14,206,0,4,33,5,42,56,70,103,19,248,9,0,9,257
09/07/2016,SAV,GA,ASO,ES,Combined TRACON& Tower with Radar,62,57,60,5,184,0,7,37,1,45,62,64,97,6,229,38,0,38,267
09/08/2016,SAV,GA,ASO,ES,Combined TRACON& Tower with Radar,66,59,63,15,203,0,9,64,4,77,66,68,127,19,280,22,9,31,311
09/09/2016,SAV,GA,ASO,ES,Combined TRACON& Tower with Radar,72,49,65,18,204,0,4,45,6,55,72,53,110,24,259,21,14,35,294
09/10/2016,SAV,GA,ASO,ES,Combined TRACON& Tower with Radar,57,27,40,7,131,0,4,42,1,47,57,31,82,8,178,35,0,35,213
09/11/2016,SAV,GA,ASO,ES,Combined TRACON& Tower with Radar,65,36,60,16,177,0,2,48,5,55,65,38,108,21,232,29,6,35,267
09/12/2016,SAV,GA,ASO,ES,Combined TRACON& Tower with Radar,72,37,47,16,172,0,2,21,6,29,72,39,68,22,201,26,20,46,247
09/13/2016,SAV,GA,ASO,ES,Combined TRACON& Tower with Radar,62,71,40,7,180,0,1,6,2,9,62,72,46,9,189,0,2,2,191
09/14/2016,SAV,GA,ASO,ES,Combined TRACON& Tower with Radar,64,44,60,5,173,0,0,3,3,6,64,44,63,8,179,0,16,16,195
09/15/2016,SAV,GA,ASO,ES,Combined TRACON& Tower with Radar,68,59,79,13,219,0,0,22,7,29,68,59,101,20,248,8,0,8,256
09/16/2016,SAV,GA,ASO,ES,Combined TRACON& Tower with Radar,74,46,68,20,208,0,4,36,3,43,74,50,104,23,251,4,0,4,255
09/17/2016,SAV,GA,ASO,ES,Combined TRACON& Tower with Radar,66,28,45,4,143,0,5,19,0,24,66,33,64,4,167,18,0,18,185
09/18/2016,SAV,GA,ASO,ES,Combined TRACON& Tower with Radar,66,42,53,14,175,0,9,52,2,63,66,51,105,16,238,6,9,15,253
09/19/2016,SAV,GA,ASO,ES,Combined TRACON& Tower with Radar,71,51,48,9,179,0,4,22,2,28,71,55,70,11,207,7,0,7,214
09/20/2016,SAV,GA,ASO,ES,Combined TRACON& Tower with Radar,62,52,51,23,188,0,5,26,3,34,62,57,77,26,222,6,5,11,233
09/21/2016,SAV,GA,ASO,ES,Combined TRACON& Tower with Radar,64,63,102,24,253,0,2,24,1,27,64,65,126,25,280,46,0,46,326
09/22/2016,SAV,GA,ASO,ES,Combined TRACON& Tower with Radar,70,59,111,16,256,0,5,21,0,26,70,64,132,16,282,35,0,35,317
09/23/2016,SAV,GA,ASO,ES,Combined TRACON& Tower with Radar,75,56,75,21,227,0,3,15,5,23,75,59,90,26,250,0,0,0,250
09/24/2016,SAV,GA,ASO,ES,Combined TRACON& Tower with Radar,67,38,57,7,169,0,7,57,1,65,67,45,114,8,234,22,1,23,257
09/25/2016,SAV,GA,ASO,ES,Combined TRACON& Tower with Radar,68,40,88,10,206,0,5,42,2,49,68,45,130,12,255,48,0,48,303
09/26/2016,SAV,GA,ASO,ES,Combined TRACON& Tower with Radar,70,36,62,16,184,0,2,16,2,20,70,38,78,18,204,6,0,6,210
09/27/2016,SAV,GA,ASO,ES,Combined TRACON& Tower with Radar,62,72,66,6,206,0,2,30,3,35,62,74,96,9,241,0,0,0,241
09/28/2016,SAV,GA,ASO,ES,Combined TRACON& Tower with Radar,65,60,72,11,208,0,11,35,3,49,65,71,107,14,257,10,0,10,267
09/29/2016,SAV,GA,ASO,ES,Combined TRACON& Tower with Radar,67,46,77,8,198,0,9,24,3,36,67,55,101,11,234,19,2,21,255
09/30/2016,SAV,GA,ASO,ES,Combined TRACON& Tower with Radar,70,47,70,19,206,0,4,40,0,44,70,51,110,19,250,19,0,19,269
10/01/2016,SAV,GA,ASO,ES,Combined TRACON& Tower with Radar,67,32,63,5,167,0,13,46,17,76,67,45,109,22,243,36,0,36,279
10/02/2016,SAV,GA,ASO,ES,Combined TRACON& Tower with Radar,69,37,50,5,161,0,2,39,0,41,69,39,89,5,202,50,0,50,252
10/03/2016,SAV,GA,ASO,ES,Combined TRACON& Tower with Radar,71,62,59,3,195,0,3,25,1,29,71,65,84,4,224,0,0,0,224
10/04/2016,SAV,GA,ASO,ES,Combined TRACON& Tower with Radar,62,46,58,4,170,0,0,15,4,19,62,46,73,8,189,12,0,12,201
10/05/2016,SAV,GA,ASO,ES,Combined TRACON& Tower with Radar,68,88,110,13,279,0,1,8,0,9,68,89,118,13,288,0,0,0,288
10/06/2016,SAV,GA,ASO,ES,Combined TRACON& Tower with Radar,57,47,60,1,165,0,1,3,5,9,57,48,63,6,174,0,0,0,174
10/07/2016,SAV,GA,ASO,ES,Combined TRACON& Tower with Radar,0,0,4,0,4,0,0,0,2,2,0,0,4,2,6,0,0,0,6
10/08/2016,SAV,GA,ASO,ES,Combined TRACON& Tower with Radar,0,0,2,2,4,0,1,12,25,38,0,1,14,27,42,0,0,0,42
10/09/2016,SAV,GA,ASO,ES,Combined TRACON& Tower with Radar,4,11,28,9,52,0,0,73,28,101,4,11,101,37,153,0,0,0,153
10/10/2016,SAV,GA,ASO,ES,Combined TRACON& Tower with Radar,66,36,47,3,152,0,4,83,18,105,66,40,130,21,257,34,0,34,291
10/11/2016,SAV,GA,ASO,ES,Combined TRACON& Tower with Radar,60,65,86,16,227,0,1,44,2,47,60,66,130,18,274,20,0,20,294
10/12/2016,SAV,GA,ASO,ES,Combined TRACON& Tower with Radar,60,47,77,5,189,0,6,54,0,60,60,53,131,5,249,6,0,6,255
10/13/2016,SAV,GA,ASO,ES,Combined TRACON& Tower with Radar,67,75,72,3,217,0,9,53,5,67,67,84,125,8,284,26,0,26,310
10/14/2016,SAV,GA,ASO,ES,Combined TRACON& Tower with Radar,76,62,69,4,211,0,3,54,0,57,76,65,123,4,268,22,0,22,290
10/15/2016,SAV,GA,ASO,ES,Combined TRACON& Tower with Radar,67,32,66,9,174,0,3,22,1,26,67,35,88,10,200,22,0,22,222
10/16/2016,SAV,GA,ASO,ES,Combined TRACON& Tower with Radar,64,45,64,8,181,0,6,70,3,79,64,51,134,11,260,27,0,27,287
10/17/2016,SAV,GA,ASO,ES,Combined TRACON& Tower with Radar,71,68,56,9,204,0,5,29,4,38,71,73,85,13,242,18,0,18,260
10/18/2016,SAV,GA,ASO,ES,Combined TRACON& Tower with Radar,64,66,74,9,213,0,13,37,5,55,64,79,111,14,268,8,4,12,280
10/19/2016,SAV,GA,ASO,ES,Combined TRACON& Tower with Radar,65,59,70,7,201,0,8,57,2,67,65,67,127,9,268,0,8,8,276
10/20/2016,SAV,GA,ASO,ES,Combined TRACON& Tower with Radar,65,53,67,12,197,0,2,40,1,43,65,55,107,13,240,37,0,37,277
10/21/2016,SAV,GA,ASO,ES,Combined TRACON& Tower with Radar,75,64,62,13,214,0,6,52,1,59,75,70,114,14,273,12,0,12,285
10/22/2016,SAV,GA,ASO,ES,Combined TRACON& Tower with Radar,65,33,42,11,151,0,8,59,0,67,65,41,101,11,218,0,0,0,218
10/23/2016,SAV,GA,ASO,ES,Combined TRACON& Tower with Radar,66,50,75,0,191,0,4,66,2,72,66,54,141,2,263,30,10,40,303
10/24/2016,SAV,GA,ASO,ES,Combined TRACON& Tower with Radar,70,64,78,24,236,0,1,23,4,28,70,65,101,28,264,8,0,8,272
10/25/2016,SAV,GA,ASO,ES,Combined TRACON& Tower with Radar,61,55,67,24,207,0,6,35,9,50,61,61,102,33,257,20,0,20,277
10/26/2016,SAV,GA,ASO,ES,Combined TRACON& Tower with Radar,60,73,65,25,223,0,6,44,0,50,60,79,109,25,273,22,0,22,295
10/27/2016,SAV,GA,ASO,ES,Combined TRACON& Tower with Radar,66,55,82,30,233,0,10,31,4,45,66,65,113,34,278,8,6,14,292
10/28/2016,SAV,GA,ASO,ES,Combined TRACON& Tower with Radar,70,60,59,38,227,0,8,41,8,57,70,68,100,46,284,10,2,12,296
10/29/2016,SAV,GA,ASO,ES,Combined TRACON& Tower with Radar,66,34,43,9,152,0,17,49,4,70,66,51,92,13,222,57,2,59,281
10/30/2016,SAV,GA,ASO,ES,Combined TRACON& Tower with Radar,62,44,71,2,179,0,7,42,2,51,62,51,113,4,230,24,0,24,254
10/31/2016,SAV,GA,ASO,ES,Combined TRACON& Tower with Radar,69,44,55,43,211,0,5,31,9,45,69,49,86,52,256,92,2,94,350
11/01/2016,SAV,GA,ASO,ES,Combined TRACON& Tower with Radar,63,59,51,40,213,0,5,25,3,33,63,64,76,43,246,4,4,8,254
11/02/2016,SAV,GA,ASO,ES,Combined TRACON& Tower with Radar,63,39,74,60,236,0,3,25,14,42,63,42,99,74,278,0,0,0,278
11/03/2016,SAV,GA,ASO,ES,Combined TRACON& Tower with Radar,69,68,86,62,285,0,4,40,11,55,69,72,126,73,340,10,10,20,360
11/04/2016,SAV,GA,ASO,ES,Combined TRACON& Tower with Radar,73,50,73,48,244,0,10,38,11,59,73,60,111,59,303,4,0,4,307
11/05/2016,SAV,GA,ASO,ES,Combined TRACON& Tower with Radar,58,45,48,15,166,0,14,48,3,65,58,59,96,18,231,27,0,27,258
11/06/2016,SAV,GA,ASO,ES,Combined TRACON& Tower with Radar,66,45,70,6,187,0,3,53,1,57,66,48,123,7,244,46,8,54,298
11/07/2016,SAV,GA,ASO,ES,Combined TRACON& Tower with Radar,67,59,50,48,224,0,16,42,13,71,67,75,92,61,295,28,4,32,327
11/08/2016,SAV,GA,ASO,ES,Combined TRACON& Tower with Radar,61,59,73,56,249,0,8,27,18,53,61,67,100,74,302,31,8,39,341
11/09/2016,SAV,GA,ASO,ES,Combined TRACON& Tower with Radar,66,59,73,43,241,0,0,19,9,28,66,59,92,52,269,33,0,33,302
11/10/2016,SAV,GA,ASO,ES,Combined TRACON& Tower with Radar,67,49,90,16,222,0,0,26,4,30,67,49,116,20,252,32,0,32,284
11/11/2016,SAV,GA,ASO,ES,Combined TRACON& Tower with Radar,72,65,67,5,209,0,2,37,0,39,72,67,104,5,248,22,0,22,270
11/12/2016,SAV,GA,ASO,ES,Combined TRACON& Tower with Radar,60,24,62,1,147,0,3,34,0,37,60,27,96,1,184,24,0,24,208
11/13/2016,SAV,GA,ASO,ES,Combined TRACON& Tower with Radar,63,37,85,1,186,0,4,16,0,20,63,41,101,1,206,34,0,34,240
11/14/2016,SAV,GA,ASO,ES,Combined TRACON& Tower with Radar,68,60,61,15,204,0,0,9,0,9,68,60,70,15,213,0,0,0,213
11/15/2016,SAV,GA,ASO,ES,Combined TRACON& Tower with Radar,62,55,86,7,210,0,4,26,2,32,62,59,112,9,242,8,0,8,250
11/16/2016,SAV,GA,ASO,ES,Combined TRACON& Tower with Radar,69,70,75,9,223,0,2,32,2,36,69,72,107,11,259,8,0,8,267
11/17/2016,SAV,GA,ASO,ES,Combined TRACON& Tower with Radar,67,51,99,33,250,0,0,48,4,52,67,51,147,37,302,20,0,20,322
11/18/2016,SAV,GA,ASO,ES,Combined TRACON& Tower with Radar,71,56,76,18,221,0,6,51,0,57,71,62,127,18,278,14,8,22,300
11/19/2016,SAV,GA,ASO,ES,Combined TRACON& Tower with Radar,62,28,53,18,161,0,10,40,2,52,62,38,93,20,213,8,0,8,221
11/20/2016,SAV,GA,ASO,ES,Combined TRACON& Tower with Radar,63,47,51,13,174,0,2,41,2,45,63,49,92,15,219,2,16,18,237
11/21/2016,SAV,GA,ASO,ES,Combined TRACON& Tower with Radar,68,49,63,4,184,0,6,26,0,32,68,55,89,4,216,22,0,22,238
11/22/2016,SAV,GA,ASO,ES,Combined TRACON& Tower with Radar,63,54,77,10,204,0,7,37,0,44,63,61,114,10,248,16,2,18,266
11/23/2016,SAV,GA,ASO,ES,Combined TRACON& Tower with Radar,68,57,70,1,196,0,4,35,0,39,68,61,105,1,235,0,0,0,235
11/24/2016,SAV,GA,ASO,ES,Combined TRACON& Tower with Radar,42,32,27,0,101,0,0,18,0,18,42,32,45,0,119,12,0,12,131
11/25/2016,SAV,GA,ASO,ES,Combined TRACON& Tower with Radar,63,38,28,3,132,0,4,35,1,40,63,42,63,4,172,11,0,11,183
11/26/2016,SAV,GA,ASO,ES,Combined TRACON& Tower with Radar,71,54,57,0,182,0,4,43,0,47,71,58,100,0,229,24,0,24,253
11/27/2016,SAV,GA,ASO,ES,Combined TRACON& Tower with Radar,66,56,85,0,207,0,6,49,0,55,66,62,134,0,262,9,0,9,271
11/28/2016,SAV,GA,ASO,ES,Combined TRACON& Tower with Radar,66,51,41,6,164,0,4,18,2,24,66,55,59,8,188,32,0,32,220
11/29/2016,SAV,GA,ASO,ES,Combined TRACON& Tower with Radar,61,56,64,36,217,0,3,12,2,17,61,59,76,38,234,12,6,18,252
11/30/2016,SAV,GA,ASO,ES,Combined TRACON& Tower with Radar,63,51,89,8,211,0,1,12,5,18,63,52,101,13,229,34,1,35,264
12/01/2016,SAV,GA,ASO,ES,Combined TRACON& Tower with Radar,65,55,54,7,181,0,2,16,9,27,65,57,70,16,208,6,2,8,216
12/02/2016,SAV,GA,ASO,ES,Combined TRACON& Tower with Radar,67,68,81,20,236,0,13,36,5,54,67,81,117,25,290,64,0,64,354
12/03/2016,SAV,GA,ASO,ES,Combined TRACON& Tower with Radar,47,37,40,6,130,0,7,52,3,62,47,44,92,9,192,10,0,10,202
12/04/2016,SAV,GA,ASO,ES,Combined TRACON& Tower with Radar,59,31,48,10,148,0,2,35,7,44,59,33,83,17,192,72,13,85,277
12/05/2016,SAV,GA,ASO,ES,Combined TRACON& Tower with Radar,58,55,70,9,192,0,0,0,0,0,58,55,70,9,192,0,0,0,192
12/06/2016,SAV,GA,ASO,ES,Combined TRACON& Tower with Radar,57,48,44,16,165,0,1,7,2,10,57,49,51,18,175,22,0,22,197
12/07/2016,SAV,GA,ASO,ES,Combined TRACON& Tower with Radar,65,74,77,9,225,0,5,9,6,20,65,79,86,15,245,14,2,16,261
12/08/2016,SAV,GA,ASO,ES,Combined TRACON& Tower with Radar,64,51,75,10,200,0,6,31,16,53,64,57,106,26,253,24,4,28,281
12/09/2016,SAV,GA,ASO,ES,Combined TRACON& Tower with Radar,66,43,81,23,213,0,6,38,14,58,66,49,119,37,271,20,26,46,317
12/10/2016,SAV,GA,ASO,ES,Combined TRACON& Tower with Radar,47,32,49,22,150,0,7,57,6,70,47,39,106,28,220,62,0,62,282
12/11/2016,SAV,GA,ASO,ES,Combined TRACON& Tower with Radar,62,22,48,6,138,0,8,35,6,49,62,30,83,12,187,26,10,36,223
12/12/2016,SAV,GA,ASO,ES,Combined TRACON& Tower with Radar,64,49,46,8,167,0,2,7,0,9,64,51,53,8,176,32,0,32,208
12/13/2016,SAV,GA,ASO,ES,Combined TRACON& Tower with Radar,57,55,62,10,184,0,5,7,0,12,57,60,69,10,196,2,0,2,198
12/14/2016,SAV,GA,ASO,ES,Combined TRACON& Tower with Radar,65,84,62,3,214,0,0,4,0,4,65,84,66,3,218,0,0,0,218
12/15/2016,SAV,GA,ASO,ES,Combined TRACON& Tower with Radar,58,70,80,13,221,0,6,35,8,49,58,76,115,21,270,82,0,82,352
12/16/2016,SAV,GA,ASO,ES,Combined TRACON& Tower with Radar,60,64,71,23,218,0,2,17,0,19,60,66,88,23,237,20,4,24,261
12/17/2016,SAV,GA,ASO,ES,Combined TRACON& Tower with Radar,47,34,36,12,129,0,14,30,0,44,47,48,66,12,173,48,0,48,221
12/18/2016,SAV,GA,ASO,ES,Combined TRACON& Tower with Radar,51,33,44,19,147,0,0,14,0,14,51,33,58,19,161,2,0,2,163
12/19/2016,SAV,GA,ASO,ES,Combined TRACON& Tower with Radar,59,34,78,17,188,0,0,0,1,1,59,34,78,18,189,0,0,0,189
12/20/2016,SAV,GA,ASO,ES,Combined TRACON& Tower with Radar,58,74,57,3,192,0,0,0,0,0,58,74,57,3,192,0,0,0,192
12/21/2016,SAV,GA,ASO,ES,Combined TRACON& Tower with Radar,62,67,63,5,197,0,8,34,3,45,62,75,97,8,242,30,0,30,272
12/22/2016,SAV,GA,ASO,ES,Combined TRACON& Tower with Radar,60,40,58,19,177,0,11,31,2,44,60,51,89,21,221,16,1,17,238
12/23/2016,SAV,GA,ASO,ES,Combined TRACON& Tower with Radar,68,48,41,1,158,0,5,34,0,39,68,53,75,1,197,74,0,74,271
12/24/2016,SAV,GA,ASO,ES,Combined TRACON& Tower with Radar,49,27,20,0,96,0,4,17,0,21,49,31,37,0,117,16,0,16,133
12/25/2016,SAV,GA,ASO,ES,Combined TRACON& Tower with Radar,43,19,10,0,72,0,0,12,0,12,43,19,22,0,84,5,0,5,89
12/26/2016,SAV,GA,ASO,ES,Combined TRACON& Tower with Radar,65,44,51,0,160,0,4,2,0,6,65,48,53,0,166,0,0,0,166
12/27/2016,SAV,GA,ASO,ES,Combined TRACON& Tower with Radar,55,65,58,0,178,0,0,9,0,9,55,65,67,0,187,0,0,0,187
12/28/2016,SAV,GA,ASO,ES,Combined TRACON& Tower with Radar,62,55,50,10,177,0,8,30,1,39,62,63,80,11,216,4,0,4,220
12/29/2016,SAV,GA,ASO,ES,Combined TRACON& Tower with Radar,62,58,40,16,176,0,2,6,0,8,62,60,46,16,184,19,6,25,209
12/30/2016,SAV,GA,ASO,ES,Combined TRACON& Tower with Radar,63,51,34,5,153,0,21,42,1,64,63,72,76,6,217,32,0,32,249
12/31/2016,SAV,GA,ASO,ES,Combined TRACON& Tower with Radar,45,29,33,0,107,0,2,37,1,40,45,31,70,1,147,24,12,36,183
01/01/2017,SAV,GA,ASO,ES,Combined TRACON& Tower with Radar,48,34,34,1,117,0,12,9,1,22,48,46,43,2,139,20,8,28,167
01/02/2017,SAV,GA,ASO,ES,Combined TRACON& Tower with Radar,63,42,72,0,177,0,12,21,0,33,63,54,93,0,210,18,0,18,228
01/03/2017,SAV,GA,ASO,ES,Combined TRACON& Tower with Radar,53,51,47,13,164,0,2,4,1,7,53,53,51,14,171,0,0,0,171
01/04/2017,SAV,GA,ASO,ES,Combined TRACON& Tower with Radar,56,45,99,9,209,0,14,37,1,52,56,59,136,10,261,24,0,24,285
01/05/2017,SAV,GA,ASO,ES,Combined TRACON& Tower with Radar,59,44,65,7,175,0,10,37,2,49,59,54,102,9,224,42,7,49,273
01/06/2017,SAV,GA,ASO,ES,Combined TRACON& Tower with Radar,54,32,54,19,159,0,7,18,4,29,54,39,72,23,188,18,18,36,224
01/07/2017,SAV,GA,ASO,ES,Combined TRACON& Tower with Radar,40,36,23,16,115,0,3,8,1,12,40,39,31,17,127,0,0,0,127
01/08/2017,SAV,GA,ASO,ES,Combined TRACON& Tower with Radar,49,30,53,7,139,0,0,39,2,41,49,30,92,9,180,20,0,20,200
01/09/2017,SAV,GA,ASO,ES,Combined TRACON& Tower with Radar,53,49,40,24,166,0,3,31,5,39,53,52,71,29,205,4,28,32,237
01/10/2017,SAV,GA,ASO,ES,Combined TRACON& Tower with Radar,53,57,49,19,178,0,9,24,8,41,53,66,73,27,219,32,3,35,254
01/11/2017,SAV,GA,ASO,ES,Combined TRACON& Tower with Radar,56,43,56,8,163,0,2,35,5,42,56,45,91,13,205,44,6,50,255
01/12/2017,SAV,GA,ASO,ES,Combined TRACON& Tower with Radar,57,43,48,20,168,0,11,25,3,39,57,54,73,23,207,47,0,47,254
01/13/2017,SAV,GA,ASO,ES,Combined TRACON& Tower with Radar,59,32,59,9,159,0,8,41,6,55,59,40,100,15,214,16,6,22,236
01/14/2017,SAV,GA,ASO,ES,Combined TRACON& Tower with Radar,40,15,49,7,111,0,10,57,4,71,40,25,106,11,182,66,0,66,248
01/15/2017,SAV,GA,ASO,ES,Combined TRACON& Tower with Radar,47,16,38,6,107,0,7,36,5,48,47,23,74,11,155,39,0,39,194
01/16/2017,SAV,GA,ASO,ES,Combined TRACON& Tower with Radar,57,35,77,4,173,0,9,33,6,48,57,44,110,10,221,18,17,35,256
01/17/2017,SAV,GA,ASO,ES,Combined TRACON& Tower with Radar,58,46,71,15,190,0,6,18,2,26,58,52,89,17,216,43,10,53,269
01/18/2017,SAV,GA,ASO,ES,Combined TRACON& Tower with Radar,56,50,61,15,182,0,8,18,1,27,56,58,79,16,209,14,26,40,249
01/19/2017,SAV,GA,ASO,ES,Combined TRACON& Tower with Radar,58,62,65,30,215,0,11,37,4,52,58,73,102,34,267,8,29,37,304
01/20/2017,SAV,GA,ASO,ES,Combined TRACON& Tower with Radar,66,46,69,5,186,0,6,17,0,23,66,52,86,5,209,6,0,6,215
01/21/2017,SAV,GA,ASO,ES,Combined TRACON& Tower with Radar,70,20,28,1,119,0,2,3,0,5,70,22,31,1,124,0,0,0,124
01/22/2017,SAV,GA,ASO,ES,Combined TRACON& Tower with Radar,50,14,18,3,85,0,0,0,0,0,50,14,18,3,85,0,0,0,85
01/23/2017,SAV,GA,ASO,ES,Combined TRACON& Tower with Radar,56,48,58,24,186,0,0,4,0,4,56,48,62,24,190,2,0,2,192
01/24/2017,SAV,GA,ASO,ES,Combined TRACON& Tower with Radar,52,44,74,21,191,0,8,45,10,63,52,52,119,31,254,16,14,30,284
01/25/2017,SAV,GA,ASO,ES,Combined TRACON& Tower with Radar,56,45,73,16,190,0,6,37,2,45,56,51,110,18,235,22,10,32,267
01/26/2017,SAV,GA,ASO,ES,Combined TRACON& Tower with Radar,60,56,47,4,167,0,3,37,3,43,60,59,84,7,210,34,18,52,262
01/27/2017,SAV,GA,ASO,ES,Combined TRACON& Tower with Radar,60,50,76,37,223,0,8,69,8,85,60,58,145,45,308,20,24,44,352
01/28/2017,SAV,GA,ASO,ES,Combined TRACON& Tower with Radar,48,20,55,33,156,0,8,59,8,75,48,28,114,41,231,57,0,57,288
01/29/2017,SAV,GA,ASO,ES,Combined TRACON& Tower with Radar,46,34,48,17,145,0,8,41,11,60,46,42,89,28,205,14,21,35,240
01/30/2017,SAV,GA,ASO,ES,Combined TRACON& Tower with Radar,59,43,51,58,211,0,12,30,5,47,59,55,81,63,258,44,6,50,308
01/31/2017,SAV,GA,ASO,ES,Combined TRACON& Tower with Radar,51,33,68,36,188,0,4,34,9,47,51,37,102,45,235,30,8,38,273
02/01/2017,SAV,GA,ASO,ES,Combined TRACON& Tower with Radar,55,54,69,52,230,0,5,36,9,50,55,59,105,61,280,24,0,24,304
02/02/2017,SAV,GA,ASO,ES,Combined TRACON& Tower with Radar,59,49,56,36,200,0,3,40,8,51,59,52,96,44,251,37,30,67,318
02/03/2017,SAV,GA,ASO,ES,Combined TRACON& Tower with Radar,60,59,64,56,239,0,8,40,7,55,60,67,104,63,294,10,0,10,304
02/04/2017,SAV,GA,ASO,ES,Combined TRACON& Tower with Radar,43,28,51,12,134,0,7,56,7,70,43,35,107,19,204,56,4,60,264
02/05/2017,SAV,GA,ASO,ES,Combined TRACON& Tower with Radar,50,26,59,10,145,0,2,41,0,43,50,28,100,10,188,29,0,29,217
02/06/2017,SAV,GA,ASO,ES,Combined TRACON& Tower with Radar,57,39,62,45,203,0,4,28,10,42,57,43,90,55,245,0,0,0,245
02/07/2017,SAV,GA,ASO,ES,Combined TRACON& Tower with Radar,50,34,78,62,224,0,2,20,5,27,50,36,98,67,251,12,4,16,267
02/08/2017,SAV,GA,ASO,ES,Combined TRACON& Tower with Radar,55,46,75,53,229,0,4,14,6,24,55,50,89,59,253,0,18,18,271
02/09/2017,SAV,GA,ASO,ES,Combined TRACON& Tower with Radar,44,53,67,48,212,0,3,19,14,36,44,56,86,62,248,6,10,16,264
02/10/2017,SAV,GA,ASO,ES,Combined TRACON& Tower with Radar,60,55,92,39,246,0,11,51,6,68,60,66,143,45,314,2,6,8,322
02/11/2017,SAV,GA,ASO,ES,Combined TRACON& Tower with Radar,48,38,41,16,143,0,13,64,3,80,48,51,105,19,223,8,0,8,231
02/12/2017,SAV,GA,ASO,ES,Combined TRACON& Tower with Radar,49,30,52,13,144,0,8,43,0,51,49,38,95,13,195,27,16,43,238
02/13/2017,SAV,GA,ASO,ES,Combined TRACON& Tower with Radar,55,45,49,13,162,0,7,35,5,47,55,52,84,18,209,10,0,10,219
02/14/2017,SAV,GA,ASO,ES,Combined TRACON& Tower with Radar,50,32,54,16,152,0,12,37,4,53,50,44,91,20,205,30,2,32,237
02/15/2017,SAV,GA,ASO,ES,Combined TRACON& Tower with Radar,54,41,71,10,176,0,0,7,0,7,54,41,78,10,183,0,0,0,183
02/16/2017,SAV,GA,ASO,ES,Combined TRACON& Tower with Radar,64,57,87,8,216,0,4,47,1,52,64,61,134,9,268,8,4,12,280
02/17/2017,SAV,GA,ASO,ES,Combined TRACON& Tower with Radar,65,52,81,13,211,0,8,56,4,68,65,60,137,17,279,20,0,20,299
02/18/2017,SAV,GA,ASO,ES,Combined TRACON& Tower with Radar,51,40,49,11,151,0,6,58,1,65,51,46,107,12,216,54,16,70,286
02/19/2017,SAV,GA,ASO,ES,Combined TRACON& Tower with Radar,58,32,58,3,151,0,6,61,0,67,58,38,119,3,218,21,0,21,239
02/20/2017,SAV,GA,ASO,ES,Combined TRACON& Tower with Radar,66,49,64,2,181,0,6,59,0,65,66,55,123,2,246,40,0,40,286
02/21/2017,SAV,GA,ASO,ES,Combined TRACON& Tower with Radar,62,59,78,18,217,0,9,31,2,42,62,68,109,20,259,10,8,18,277
02/22/2017,SAV,GA,ASO,ES,Combined TRACON& Tower with Radar,65,64,63,20,212,0,2,8,1,11,65,66,71,21,223,0,12,12,235
02/23/2017,SAV,GA,ASO,ES,Combined TRACON& Tower with Radar,70,52,86,10,218,0,7,42,4,53,70,59,128,14,271,25,23,48,319
02/24/2017,SAV,GA,ASO,ES,Combined TRACON& Tower with Radar,67,49,60,13,189,0,12,55,4,71,67,61,115,17,260,0,16,16,276
02/25/2017,SAV,GA,ASO,ES,Combined TRACON& Tower with Radar,50,37,51,18,156,0,8,43,1,52,50,45,94,19,208,12,0,12,220
02/26/2017,SAV,GA,ASO,ES,Combined TRACON& Tower with Radar,66,40,100,5,211,0,10,71,3,84,66,50,171,8,295,0,0,0,295
02/27/2017,SAV,GA,ASO,ES,Combined TRACON& Tower with Radar,64,48,74,16,202,0,5,33,2,40,64,53,107,18,242,1,8,9,251
02/28/2017,SAV,GA,ASO,ES,Combined TRACON& Tower with Radar,59,51,56,13,179,0,9,26,4,39,59,60,82,17,218,0,2,2,220
03/01/2017,SAV,GA,ASO,ES,Combined TRACON& Tower with Radar,61,46,91,18,216,0,6,34,7,47,61,52,125,25,263,4,2,6,269
03/02/2017,SAV,GA,ASO,ES,Combined TRACON& Tower with Radar,68,48,103,17,236,0,12,22,5,39,68,60,125,22,275,18,4,22,297
03/03/2017,SAV,GA,ASO,ES,Combined TRACON& Tower with Radar,67,48,74,25,214,0,9,43,1,53,67,57,117,26,267,16,0,16,283
03/04/2017,SAV,GA,ASO,ES,Combined TRACON& Tower with Radar,54,29,52,18,153,0,9,68,3,80,54,38,120,21,233,16,6,22,255
03/05/2017,SAV,GA,ASO,ES,Combined TRACON& Tower with Radar,67,39,61,19,186,0,9,53,1,63,67,48,114,20,249,50,8,58,307
03/06/2017,SAV,GA,ASO,ES,Combined TRACON& Tower with Radar,68,41,51,19,179,0,6,31,1,38,68,47,82,20,217,0,0,0,217
03/07/2017,SAV,GA,ASO,ES,Combined TRACON& Tower with Radar,65,52,62,26,205,0,13,24,5,42,65,65,86,31,247,14,8,22,269
03/08/2017,SAV,GA,ASO,ES,Combined TRACON& Tower with Radar,65,54,57,13,189,0,9,18,6,33,65,63,75,19,222,21,0,21,243
03/09/2017,SAV,GA,ASO,ES,Combined TRACON& Tower with Radar,76,54,88,15,233,0,7,44,4,55,76,61,132,19,288,8,0,8,296
03/10/2017,SAV,GA,ASO,ES,Combined TRACON& Tower with Radar,76,44,88,10,218,0,4,38,0,42,76,48,126,10,260,29,0,29,289
03/11/2017,SAV,GA,ASO,ES,Combined TRACON& Tower with Radar,70,50,73,7,200,0,8,64,0,72,70,58,137,7,272,26,6,32,304
03/12/2017,SAV,GA,ASO,ES,Combined TRACON& Tower with Radar,78,33,41,8,160,0,6,5,1,12,78,39,46,9,172,19,2,21,193
03/13/2017,SAV,GA,ASO,ES,Combined TRACON& Tower with Radar,74,56,44,13,187,0,0,2,0,2,74,56,46,13,189,0,0,0,189
03/14/2017,SAV,GA,ASO,ES,Combined TRACON& Tower with Radar,49,45,65,11,170,0,11,23,2,36,49,56,88,13,206,31,4,35,241
03/15/2017,SAV,GA,ASO,ES,Combined TRACON& Tower with Radar,68,61,68,9,206,0,9,34,4,47,68,70,102,13,253,22,12,34,287
03/16/2017,SAV,GA,ASO,ES,Combined TRACON& Tower with Radar,76,62,74,12,224,0,11,53,2,66,76,73,127,14,290,55,0,55,345
03/17/2017,SAV,GA,ASO,ES,Combined TRACON& Tower with Radar,75,61,58,23,217,0,13,55,4,72,75,74,113,27,289,29,0,29,318
03/18/2017,SAV,GA,ASO,ES,Combined TRACON& Tower with Radar,70,43,45,17,175,0,12,25,3,40,70,55,70,20,215,15,4,19,234
03/19/2017,SAV,GA,ASO,ES,Combined TRACON& Tower with Radar,74,35,59,9,177,0,7,35,3,45,74,42,94,12,222,28,0,28,250
03/20/2017,SAV,GA,ASO,ES,Combined TRACON& Tower with Radar,78,41,46,15,180,0,9,20,4,33,78,50,66,19,213,2,0,2,215
03/21/2017,SAV,GA,ASO,ES,Combined TRACON& Tower with Radar,71,42,65,21,199,0,5,27,3,35,71,47,92,24,234,26,16,42,276
03/22/2017,SAV,GA,ASO,ES,Combined TRACON& Tower with Radar,69,49,72,12,202,0,10,23,6,39,69,59,95,18,241,11,0,11,252
03/23/2017,SAV,GA,ASO,ES,Combined TRACON& Tower with Radar,73,61,68,12,214,0,2,32,3,37,73,63,100,15,251,7,0,7,258
03/24/2017,SAV,GA,ASO,ES,Combined TRACON& Tower with Radar,73,54,83,27,237,0,6,57,3,66,73,60,140,30,303,2,2,4,307
03/25/2017,SAV,GA,ASO,ES,Combined TRACON& Tower with Radar,68,45,54,29,196,0,10,45,4,59,68,55,99,33,255,6,8,14,269
03/26/2017,SAV,GA,ASO,ES,Combined TRACON& Tower with Radar,77,40,61,5,183,0,4,46,4,54,77,44,107,9,237,22,2,24,261
03/27/2017,SAV,GA,ASO,ES,Combined TRACON& Tower with Radar,71,34,73,12,190,0,7,41,10,58,71,41,114,22,248,0,0,0,248
03/28/2017,SAV,GA,ASO,ES,Combined TRACON& Tower with Radar,67,50,65,14,196,0,4,44,34,82,67,54,109,48,278,0,0,0,278
03/29/2017,SAV,GA,ASO,ES,Combined TRACON& Tower with Radar,68,65,92,18,243,0,13,50,42,105,68,78,142,60,348,17,0,17,365
03/30/2017,SAV,GA,ASO,ES,Combined TRACON& Tower with Radar,75,78,75,13,241,0,8,16,3,27,75,86,91,16,268,22,0,22,290
03/31/2017,SAV,GA,ASO,ES,Combined TRACON& Tower with Radar,67,50,89,14,220,0,1,25,2,28,67,51,114,16,248,23,0,23,271
04/01/2017,SAV,GA,ASO,ES,Combined TRACON& Tower with Radar,68,52,66,12,198,0,5,71,6,82,68,57,137,18,280,2,10,12,292
04/02/2017,SAV,GA,ASO,ES,Combined TRACON& Tower with Radar,78,39,71,6,194,0,4,63,3,70,78,43,134,9,264,0,0,0,264
04/03/2017,SAV,GA,ASO,ES,Combined TRACON& Tower with Radar,74,60,53,5,192,0,5,14,1,20,74,65,67,6,212,2,0,2,214
04/04/2017,SAV,GA,ASO,ES,Combined TRACON& Tower with Radar,67,55,86,7,215,0,7,38,5,50,67,62,124,12,265,38,0,38,303
04/05/2017,SAV,GA,ASO,ES,Combined TRACON& Tower with Radar,66,49,79,6,200,0,2,11,1,14,66,51,90,7,214,6,0,6,220
04/06/2017,SAV,GA,ASO,ES,Combined TRACON& Tower with Radar,59,66,76,10,211,0,3,24,8,35,59,69,100,18,246,2,2,4,250
04/07/2017,SAV,GA,ASO,ES,Combined TRACON& Tower with Radar,70,65,93,12,240,0,10,36,3,49,70,75,129,15,289,4,4,8,297
04/08/2017,SAV,GA,ASO,ES,Combined TRACON& Tower with Radar,67,46,66,2,181,0,18,66,0,84,67,64,132,2,265,18,0,18,283
04/09/2017,SAV,GA,ASO,ES,Combined TRACON& Tower with Radar,78,32,80,6,196,0,6,45,2,53,78,38,125,8,249,12,0,12,261
04/10/2017,SAV,GA,ASO,ES,Combined TRACON& Tower with Radar,75,53,91,5,224,0,13,50,10,73,75,66,141,15,297,31,10,41,338
04/11/2017,SAV,GA,ASO,ES,Combined TRACON& Tower with Radar,74,62,73,5,214,0,1,47,0,48,74,63,120,5,262,16,4,20,282
04/12/2017,SAV,GA,ASO,ES,Combined TRACON& Tower with Radar,75,86,76,7,244,0,5,34,1,40,75,91,110,8,284,12,0,12,296
04/13/2017,SAV,GA,ASO,ES,Combined TRACON& Tower with Radar,80,72,88,6,246,0,15,60,7,82,80,87,148,13,328,4,0,4,332
04/14/2017,SAV,GA,ASO,ES,Combined TRACON& Tower with Radar,79,58,49,5,191,0,10,46,1,57,79,68,95,6,248,28,0,28,276
04/15/2017,SAV,GA,ASO,ES,Combined TRACON& Tower with Radar,76,37,41,4,158,0,12,46,0,58,76,49,87,4,216,12,0,12,228
04/16/2017,SAV,GA,ASO,ES,Combined TRACON& Tower with Radar,83,39,45,2,169,0,4,36,0,40,83,43,81,2,209,4,0,4,213
04/17/2017,SAV,GA,ASO,ES,Combined TRACON& Tower with Radar,78,69,79,16,242,0,10,55,0,65,78,79,134,16,307,8,0,8,315
04/18/2017,SAV,GA,ASO,ES,Combined TRACON& Tower with Radar,71,58,60,11,200,0,7,34,5,46,71,65,94,16,246,47,8,55,301
04/19/2017,SAV,GA,ASO,ES,Combined TRACON& Tower with Radar,77,59,85,15,236,0,0,24,2,26,77,59,109,17,262,0,0,0,262
04/20/2017,SAV,GA,ASO,ES,Combined TRACON& Tower with Radar,79,50,100,13,242,0,6,49,4,59,79,56,149,17,301,8,0,8,309
04/21/2017,SAV,GA,ASO,ES,Combined TRACON& Tower with Radar,79,49,88,17,233,0,19,62,9,90,79,68,150,26,323,53,0,53,376
04/22/2017,SAV,GA,ASO,ES,Combined TRACON& Tower with Radar,69,47,61,3,180,0,11,72,0,83,69,58,133,3,263,4,0,4,267
04/23/2017,SAV,GA,ASO,ES,Combined TRACON& Tower with Radar,78,38,60,12,188,0,2,47,5,54,78,40,107,17,242,26,0,26,268
04/24/2017,SAV,GA,ASO,ES,Combined TRACON& Tower with Radar,81,63,57,12,213,0,9,17,0,26,81,72,74,12,239,0,0,0,239
04/25/2017,SAV,GA,ASO,ES,Combined TRACON& Tower with Radar,69,65,68,17,219,0,5,29,4,38,69,70,97,21,257,12,0,12,269
04/26/2017,SAV,GA,ASO,ES,Combined TRACON& Tower with Radar,71,58,103,9,241,0,11,44,3,58,71,69,147,12,299,10,0,10,309
04/27/2017,SAV,GA,ASO,ES,Combined TRACON& Tower with Radar,81,55,116,18,270,0,7,42,7,56,81,62,158,25,326,15,8,23,349
04/28/2017,SAV,GA,ASO,ES,Combined TRACON& Tower with Radar,85,51,101,18,255,0,7,54,4,65,85,58,155,22,320,22,5,27,347
04/29/2017,SAV,GA,ASO,ES,Combined TRACON& Tower with Radar,73,45,58,27,203,0,12,52,1,65,73,57,110,28,268,0,4,4,272
04/30/2017,SAV,GA,ASO,ES,Combined TRACON& Tower with Radar,84,39,55,10,188,0,4,29,0,33,84,43,84,10,221,16,2,18,239
05/01/2017,SAV,GA,ASO,ES,Combined TRACON& Tower with Radar,77,46,65,11,199,0,0,13,0,13,77,46,78,11,212,10,0,10,222
05/02/2017,SAV,GA,ASO,ES,Combined TRACON& Tower with Radar,71,47,70,14,202,0,9,46,0,55,71,56,116,14,257,22,4,26,283
05/03/2017,SAV,GA,ASO,ES,Combined TRACON& Tower with Radar,74,47,100,20,241,0,8,51,1,60,74,55,151,21,301,18,0,18,319
05/04/2017,SAV,GA,ASO,ES,Combined TRACON& Tower with Radar,77,47,47,5,176,0,20,4,1,25,77,67,51,6,201,8,4,12,213
05/05/2017,SAV,GA,ASO,ES,Combined TRACON& Tower with Radar,72,52,68,21,213,0,4,30,5,39,72,56,98,26,252,16,4,20,272
05/06/2017,SAV,GA,ASO,ES,Combined TRACON& Tower with Radar,68,49,48,7,172,0,2,33,0,35,68,51,81,7,207,26,0,26,233
05/07/2017,SAV,GA,ASO,ES,Combined TRACON& Tower with Radar,71,48,75,19,213,0,16,59,7,82,71,64,134,26,295,40,18,58,353
05/08/2017,SAV,GA,ASO,ES,Combined TRACON& Tower with Radar,75,41,76,7,199,0,7,54,1,62,75,48,130,8,261,62,0,62,323
05/09/2017,SAV,GA,ASO,ES,Combined TRACON& Tower with Radar,70,61,82,15,228,0,6,43,3,52,70,67,125,18,280,25,0,25,305
05/10/2017,SAV,GA,ASO,ES,Combined TRACON& Tower with Radar,73,51,89,9,222,0,8,50,1,59,73,59,139,10,281,22,0,22,303
05/11/2017,SAV,GA,ASO,ES,Combined TRACON& Tower with Radar,79,51,67,5,202,0,4,49,1,54,79,55,116,6,256,12,15,27,283
05/12/2017,SAV,GA,ASO,ES,Combined TRACON& Tower with Radar,76,53,76,7,212,0,0,28,10,38,76,53,104,17,250,6,0,6,256
05/13/2017,SAV,GA,ASO,ES,Combined TRACON& Tower with Radar,64,50,35,4,153,0,1,2,0,3,64,51,37,4,156,0,0,0,156
05/14/2017,SAV,GA,ASO,ES,Combined TRACON& Tower with Radar,72,47,65,4,188,0,20,39,6,65,72,67,104,10,253,9,1,10,263
05/15/2017,SAV,GA,ASO,ES,Combined TRACON& Tower with Radar,76,48,69,14,207,0,11,45,0,56,76,59,114,14,263,16,4,20,283
05/16/2017,SAV,GA,ASO,ES,Combined TRACON& Tower with Radar,71,57,67,7,202,0,11,54,4,69,71,68,121,11,271,81,2,83,354
05/17/2017,SAV,GA,ASO,ES,Combined TRACON& Tower with Radar,72,78,88,5,243,0,13,39,1,53,72,91,127,6,296,40,0,40,336
05/18/2017,SAV,GA,ASO,ES,Combined TRACON& Tower with Radar,78,61,86,18,243,0,11,47,3,61,78,72,133,21,304,6,15,21,325
05/19/2017,SAV,GA,ASO,ES,Combined TRACON& Tower with Radar,73,55,73,13,214,0,15,50,3,68,73,70,123,16,282,19,6,25,307
05/20/2017,SAV,GA,ASO,ES,Combined TRACON& Tower with Radar,66,34,54,13,167,0,13,51,0,64,66,47,105,13,231,4,0,4,235
05/21/2017,SAV,GA,ASO,ES,Combined TRACON& Tower with Radar,78,34,39,6,157,0,0,18,2,20,78,34,57,8,177,0,1,1,178
05/22/2017,SAV,GA,ASO,ES,Combined TRACON& Tower with Radar,71,53,45,10,179,0,4,13,1,18,71,57,58,11,197,8,0,8,205
05/23/2017,SAV,GA,ASO,ES,Combined TRACON& Tower with Radar,78,51,47,3,179,0,2,5,0,7,78,53,52,3,186,1,0,1,187
05/24/2017,SAV,GA,ASO,ES,Combined TRACON& Tower with Radar,72,62,33,6,173,0,1,2,0,3,72,63,35,6,176,34,0,34,210
05/25/2017,SAV,GA,ASO,ES,Combined TRACON& Tower with Radar,73,67,86,9,235,0,12,38,6,56,73,79,124,15,291,38,2,40,331
05/26/2017,SAV,GA,ASO,ES,Combined TRACON& Tower with Radar,83,56,72,2,213,0,16,72,2,90,83,72,144,4,303,6,0,6,309
05/27/2017,SAV,GA,ASO,ES,Combined TRACON& Tower with Radar,78,32,37,0,147,0,16,59,0,75,78,48,96,0,222,11,0,11,233
05/28/2017,SAV,GA,ASO,ES,Combined TRACON& Tower with Radar,80,23,44,0,147,0,20,33,0,53,80,43,77,0,200,22,0,22,222
05/29/2017,SAV,GA,ASO,ES,Combined TRACON& Tower with Radar,84,35,53,2,174,0,6,53,0,59,84,41,106,2,233,13,0,13,246
05/30/2017,SAV,GA,ASO,ES,Combined TRACON& Tower with Radar,65,44,68,6,183,0,8,31,0,39,65,52,99,6,222,46,0,46,268
05/31/2017,SAV,GA,ASO,ES,Combined TRACON& Tower with Radar,74,52,83,10,219,0,2,17,3,22,74,54,100,13,241,15,0,15,256
06/01/2017,SAV,GA,ASO,ES,Combined TRACON& Tower with Radar,77,51,93,15,236,0,2,39,2,43,77,53,132,17,279,24,10,34,313
06/02/2017,SAV,GA,ASO,ES,Combined TRACON& Tower with Radar,75,72,110,11,268,0,5,33,1,39,75,77,143,12,307,4,4,8,315
06/03/2017,SAV,GA,ASO,ES,Combined TRACON& Tower with Radar,67,51,32,18,168,0,3,53,1,57,67,54,85,19,225,17,0,17,242
06/04/2017,SAV,GA,ASO,ES,Combined TRACON& Tower with Radar,74,42,51,7,174,0,4,42,0,46,74,46,93,7,220,1,0,1,221
06/05/2017,SAV,GA,ASO,ES,Combined TRACON& Tower with Radar,70,54,54,6,184,0,0,15,2,17,70,54,69,8,201,8,2,10,211
06/06/2017,SAV,GA,ASO,ES,Combined TRACON& Tower with Radar,69,73,56,19,217,0,2,11,3,16,69,75,67,22,233,20,20,40,273
06/07/2017,SAV,GA,ASO,ES,Combined TRACON& Tower with Radar,69,61,70,3,203,0,0,2,3,5,69,61,72,6,208,0,0,0,208
06/08/2017,SAV,GA,ASO,ES,Combined TRACON& Tower with Radar,76,64,72,8,220,0,10,39,2,51,76,74,111,10,271,10,20,30,301
06/09/2017,SAV,GA,ASO,ES,Combined TRACON& Tower with Radar,75,74,82,13,244,0,12,77,5,94,75,86,159,18,338,8,0,8,346
06/10/2017,SAV,GA,ASO,ES,Combined TRACON& Tower with Radar,73,48,46,21,188,0,11,47,2,60,73,59,93,23,248,37,0,37,285
06/11/2017,SAV,GA,ASO,ES,Combined TRACON& Tower with Radar,77,41,69,7,194,0,4,41,5,50,77,45,110,12,244,10,0,10,254
06/12/2017,SAV,GA,ASO,ES,Combined TRACON& Tower with Radar,77,49,66,26,218,0,11,52,4,67,77,60,118,30,285,0,14,14,299
06/13/2017,SAV,GA,ASO,ES,Combined TRACON& Tower with Radar,68,53,83,23,227,0,1,42,2,45,68,54,125,25,272,46,8,54,326
06/14/2017,SAV,GA,ASO,ES,Combined TRACON& Tower with Radar,70,50,58,24,202,0,3,33,4,40,70,53,91,28,242,19,8,27,269
06/15/2017,SAV,GA,ASO,ES,Combined TRACON& Tower with Radar,85,55,76,25,241,0,12,43,6,61,85,67,119,31,302,24,12,36,338
06/16/2017,SAV,GA,ASO,ES,Combined TRACON& Tower with Radar,81,60,81,21,243,0,10,15,8,33,81,70,96,29,276,45,0,45,321
06/17/2017,SAV,GA,ASO,ES,Combined TRACON& Tower with Radar,80,53,47,1,181,0,9,35,0,44,80,62,82,1,225,13,0,13,238
06/18/2017,SAV,GA,ASO,ES,Combined TRACON& Tower with Radar,80,40,52,12,184,0,21,47,3,71,80,61,99,15,255,0,0,0,255
06/19/2017,SAV,GA,ASO,ES,Combined TRACON& Tower with Radar,68,34,53,6,161,0,8,22,1,31,68,42,75,7,192,30,14,44,236
06/20/2017,SAV,GA,ASO,ES,Combined TRACON& Tower with Radar,73,54,48,7,182,0,8,10,2,20,73,62,58,9,202,0,0,0,202
06/21/2017,SAV,GA,ASO,ES,Combined TRACON& Tower with Radar,74,80,100,13,267,0,6,9,0,15,74,86,109,13,282,30,0,30,312
06/22/2017,SAV,GA,ASO,ES,Combined TRACON& Tower with Radar,73,60,71,10,214,0,3,24,0,27,73,63,95,10,241,10,0,10,251
06/23/2017,SAV,GA,ASO,ES,Combined TRACON& Tower with Radar,75,58,65,14,212,0,13,43,3,59,75,71,108,17,271,18,2,20,291
06/24/2017,SAV,GA,ASO,ES,Combined TRACON& Tower with Radar,77,50,59,3,189,0,14,49,0,63,77,64,108,3,252,12,0,12,264
06/25/2017,SAV,GA,ASO,ES,Combined TRACON& Tower with Radar,80,26,50,4,160,0,6,36,0,42,80,32,86,4,202,16,0,16,218
06/26/2017,SAV,GA,ASO,ES,Combined TRACON& Tower with Radar,80,50,63,11,204,0,14,16,2,32,80,64,79,13,236,6,0,6,242
06/27/2017,SAV,GA,ASO,ES,Combined TRACON& Tower with Radar,70,46,64,9,189,0,7,38,1,46,70,53,102,10,235,12,0,12,247
06/28/2017,SAV,GA,ASO,ES,Combined TRACON& Tower with Radar,74,80,80,29,263,0,29,55,3,87,74,109,135,32,350,67,6,73,423
06/29/2017,SAV,GA,ASO,ES,Combined TRACON& Tower with Radar,82,50,79,25,236,0,16,23,1,40,82,66,102,26,276,0,16,16,292
06/30/2017,SAV,GA,ASO,ES,Combined TRACON& Tower with Radar,82,74,61,24,241,0,10,25,2,37,82,84,86,26,278,20,10,30,308
07/01/2017,SAV,GA,ASO,ES,Combined TRACON& Tower with Radar,73,56,71,1,201,0,5,44,3,52,73,61,115,4,253,38,6,44,297
07/02/2017,SAV,GA,ASO,ES,Combined TRACON& Tower with Radar,72,19,30,0,121,0,11,39,1,51,72,30,69,1,172,6,0,6,178
07/03/2017,SAV,GA,ASO,ES,Combined TRACON& Tower with Radar,65,33,29,1,128,0,4,27,0,31,65,37,56,1,159,18,0,18,177
07/04/2017,SAV,GA,ASO,ES,Combined TRACON& Tower with Radar,56,26,31,1,114,0,8,30,0,38,56,34,61,1,152,25,0,25,177
07/05/2017,SAV,GA,ASO,ES,Combined TRACON& Tower with Radar,75,40,71,8,194,0,10,43,3,56,75,50,114,11,250,6,0,6,256
07/06/2017,SAV,GA,ASO,ES,Combined TRACON& Tower with Radar,78,52,71,8,209,0,3,53,4,60,78,55,124,12,269,27,13,40,309
07/07/2017,SAV,GA,ASO,ES,Combined TRACON& Tower with Radar,75,47,75,7,204,0,17,45,0,62,75,64,120,7,266,2,4,6,272
07/08/2017,SAV,GA,ASO,ES,Combined TRACON& Tower with Radar,80,50,40,7,177,0,10,46,4,60,80,60,86,11,237,20,0,20,257
07/09/2017,SAV,GA,ASO,ES,Combined TRACON& Tower with Radar,80,36,66,2,184,0,2,48,2,52,80,38,114,4,236,42,12,54,290
07/10/2017,SAV,GA,ASO,ES,Combined TRACON& Tower with Radar,79,47,56,5,187,0,4,24,0,28,79,51,80,5,215,19,0,19,234
07/11/2017,SAV,GA,ASO,ES,Combined TRACON& Tower with Radar,80,41,69,9,199,0,8,23,3,34,80,49,92,12,233,24,0,24,257
07/12/2017,SAV,GA,ASO,ES,Combined TRACON& Tower with Radar,72,47,75,17,211,0,11,44,3,58,72,58,119,20,269,25,0,25,294
07/13/2017,SAV,GA,ASO,ES,Combined TRACON& Tower with Radar,76,55,72,16,219,0,9,46,6,61,76,64,118,22,280,26,6,32,312
07/14/2017,SAV,GA,ASO,ES,Combined TRACON& Tower with Radar,72,43,58,17,190,0,15,41,0,56,72,58,99,17,246,29,0,29,275
07/15/2017,SAV,GA,ASO,ES,Combined TRACON& Tower with Radar,73,41,44,7,165,0,6,42,4,52,73,47,86,11,217,16,0,16,233
07/16/2017,SAV,GA,ASO,ES,Combined TRACON& Tower with Radar,79,42,58,6,185,0,2,30,0,32,79,44,88,6,217,0,0,0,217
07/17/2017,SAV,GA,ASO,ES,Combined TRACON& Tower with Radar,79,53,41,23,196,0,4,7,3,14,79,57,48,26,210,4,0,4,214
07/18/2017,SAV,GA,ASO,ES,Combined TRACON& Tower with Radar,71,56,78,37,242,0,11,34,14,59,71,67,112,51,301,10,6,16,317
07/19/2017,SAV,GA,ASO,ES,Combined TRACON& Tower with Radar,75,78,81,36,270,0,6,39,9,54,75,84,120,45,324,22,8,30,354
07/20/2017,SAV,GA,ASO,ES,Combined TRACON& Tower with Radar,82,68,65,15,230,0,8,49,10,67,82,76,114,25,297,0,2,2,299
07/21/2017,SAV,GA,ASO,ES,Combined TRACON& Tower with Radar,80,61,69,23,233,0,7,53,7,67,80,68,122,30,300,9,0,9,309
07/22/2017,SAV,GA,ASO,ES,Combined TRACON& Tower with Radar,86,42,40,0,168,0,16,70,2,88,86,58,110,2,256,24,0,24,280
07/23/2017,SAV,GA,ASO,ES,Combined TRACON& Tower with Radar,79,30,53,3,165,0,6,37,0,43,79,36,90,3,208,2,0,2,210
07/24/2017,SAV,GA,ASO,ES,Combined TRACON& Tower with Radar,82,53,72,36,243,0,9,25,5,39,82,62,97,41,282,14,5,19,301
07/25/2017,SAV,GA,ASO,ES,Combined TRACON& Tower with Radar,73,56,57,28,214,0,5,13,4,22,73,61,70,32,236,4,2,6,242
07/26/2017,SAV,GA,ASO,ES,Combined TRACON& Tower with Radar,75,62,73,45,255,0,3,22,4,29,75,65,95,49,284,21,0,21,305
07/27/2017,SAV,GA,ASO,ES,Combined TRACON& Tower with Radar,82,63,44,23,212,0,7,29,2,38,82,70,73,25,250,33,0,33,283
07/28/2017,SAV,GA,ASO,ES,Combined TRACON& Tower with Radar,89,43,54,11,197,0,10,64,8,82,89,53,118,19,279,29,0,29,308
07/29/2017,SAV,GA,ASO,ES,Combined TRACON& Tower with Radar,77,41,29,2,149,0,7,19,0,26,77,48,48,2,175,0,0,0,175
07/30/2017,SAV,GA,ASO,ES,Combined TRACON& Tower with Radar,84,28,46,10,168,0,3,38,2,43,84,31,84,12,211,0,0,0,211
07/31/2017,SAV,GA,ASO,ES,Combined TRACON& Tower with Radar,80,53,56,4,193,0,5,31,2,38,80,58,87,6,231,13,0,13,244
08/01/2017,SAV,GA,ASO,ES,Combined TRACON& Tower with Radar,73,34,64,9,180,0,8,47,1,56,73,42,111,10,236,23,11,34,270
08/02/2017,SAV,GA,ASO,ES,Combined TRACON& Tower with Radar,69,49,66,9,193,0,7,39,2,48,69,56,105,11,241,34,0,34,275
08/03/2017,SAV,GA,ASO,ES,Combined TRACON& Tower with Radar,74,58,65,3,200,0,4,14,2,20,74,62,79,5,220,14,6,20,240
08/04/2017,SAV,GA,ASO,ES,Combined TRACON& Tower with Radar,77,46,60,9,192,0,0,3,2,5,77,46,63,11,197,0,0,0,197
08/05/2017,SAV,GA,ASO,ES,Combined TRACON& Tower with Radar,77,47,29,7,160,0,14,24,0,38,77,61,53,7,198,54,0,54,252
08/06/2017,SAV,GA,ASO,ES,Combined TRACON& Tower with Radar,80,40,50,2,172,0,11,42,4,57,80,51,92,6,229,0,20,20,249
08/07/2017,SAV,GA,ASO,ES,Combined TRACON& Tower with Radar,75,41,60,8,184,0,4,21,2,27,75,45,81,10,211,0,0,0,211
08/08/2017,SAV,GA,ASO,ES,Combined TRACON& Tower with Radar,75,76,53,4,208,0,2,20,3,25,75,78,73,7,233,22,0,22,255
08/09/2017,SAV,GA,ASO,ES,Combined TRACON& Tower with Radar,74,51,73,28,226,0,4,16,7,27,74,55,89,35,253,10,16,26,279
08/10/2017,SAV,GA,ASO,ES,Combined TRACON& Tower with Radar,80,55,63,17,215,0,1,24,7,32,80,56,87,24,247,54,12,66,313
08/11/2017,SAV,GA,ASO,ES,Combined TRACON& Tower with Radar,79,54,84,6,223,0,4,35,5,44,79,58,119,11,267,29,0,29,296
08/12/2017,SAV,GA,ASO,ES,Combined TRACON& Tower with Radar,77,43,46,0,166,0,4,46,0,50,77,47,92,0,216,40,0,40,256
08/13/2017,SAV,GA,ASO,ES,Combined TRACON& Tower with Radar,76,31,34,5,146,0,1,40,1,42,76,32,74,6,188,28,0,28,216
08/14/2017,SAV,GA,ASO,ES,Combined TRACON& Tower with Radar,78,43,63,7,191,0,2,25,1,28,78,45,88,8,219,34,0,34,253
08/15/2017,SAV,GA,ASO,ES,Combined TRACON& Tower with Radar,72,44,68,10,194,0,2,40,3,45,72,46,108,13,239,28,5,33,272
08/16/2017,SAV,GA,ASO,ES,Combined TRACON& Tower with Radar,72,46,74,0,192,0,12,43,1,56,72,58,117,1,248,8,0,8,256
08/17/2017,SAV,GA,ASO,ES,Combined TRACON& Tower with Radar,78,60,59,3,200,0,7,39,7,53,78,67,98,10,253,15,3,18,271
08/18/2017,SAV,GA,ASO,ES,Combined TRACON& Tower with Radar,76,48,81,16,221,0,3,44,17,64,76,51,125,33,285,62,4,66,351
08/19/2017,SAV,GA,ASO,ES,Combined TRACON& Tower with Radar,75,44,44,14,177,0,10,58,4,72,75,54,102,18,249,16,10,26,275
08/20/2017,SAV,GA,ASO,ES,Combined TRACON& Tower with Radar,79,29,58,11,177,0,17,56,6,79,79,46,114,17,256,61,0,61,317
08/21/2017,SAV,GA,ASO,ES,Combined TRACON& Tower with Radar,76,37,87,9,209,0,2,34,1,37,76,39,121,10,246,6,2,8,254
08/22/2017,SAV,GA,ASO,ES,Combined TRACON& Tower with Radar,69,51,61,21,202,0,7,37,3,47,69,58,98,24,249,20,8,28,277
08/23/2017,SAV,GA,ASO,ES,Combined TRACON& Tower with Radar,74,32,82,21,209,0,9,23,1,33,74,41,105,22,242,0,6,6,248
08/24/2017,SAV,GA,ASO,ES,Combined TRACON& Tower with Radar,79,46,60,24,209,0,6,25,1,32,79,52,85,25,241,30,8,38,279
08/25/2017,SAV,GA,ASO,ES,Combined TRACON& Tower with Radar,82,38,73,22,215,0,6,27,2,35,82,44,100,24,250,4,4,8,258
08/26/2017,SAV,GA,ASO,ES,Combined TRACON& Tower with Radar,66,28,29,6,129,0,10,12,1,23,66,38,41,7,152,0,0,0,152
08/27/2017,SAV,GA,ASO,ES,Combined TRACON& Tower with Radar,75,29,48,12,164,0,4,5,0,9,75,33,53,12,173,0,0,0,173
08/28/2017,SAV,GA,ASO,ES,Combined TRACON& Tower with Radar,79,49,47,20,195,0,1,6,0,7,79,50,53,20,202,0,0,0,202
08/29/2017,SAV,GA,ASO,ES,Combined TRACON& Tower with Radar,70,44,64,22,200,0,6,8,4,18,70,50,72,26,218,6,6,12,230
08/30/2017,SAV,GA,ASO,ES,Combined TRACON& Tower with Radar,74,56,65,37,232,0,10,28,0,38,74,66,93,37,270,10,4,14,284
08/31/2017,SAV,GA,ASO,ES,Combined TRACON& Tower with Radar,84,36,63,13,196,0,11,34,2,47,84,47,97,15,243,18,0,18,261
09/01/2017,SAV,GA,ASO,ES,Combined TRACON& Tower with Radar,79,48,50,16,193,0,17,26,6,49,79,65,76,22,242,51,12,63,305
09/02/2017,SAV,GA,ASO,ES,Combined TRACON& Tower with Radar,62,33,27,0,122,0,12,32,0,44,62,45,59,0,166,17,0,17,183
09/03/2017,SAV,GA,ASO,ES,Combined TRACON& Tower with Radar,66,20,27,0,113,0,12,50,0,62,66,32,77,0,175,0,0,0,175
09/04/2017,SAV,GA,ASO,ES,Combined TRACON& Tower with Radar,76,18,42,1,137,0,4,55,2,61,76,22,97,3,198,8,0,8,206
09/05/2017,SAV,GA,ASO,ES,Combined TRACON& Tower with Radar,78,36,68,10,192,0,8,42,0,50,78,44,110,10,242,36,0,36,278
09/06/2017,SAV,GA,ASO,ES,Combined TRACON& Tower with Radar,66,51,61,6,184,0,0,22,2,24,66,51,83,8,208,38,0,38,246
09/07/2017,SAV,GA,ASO,ES,Combined TRACON& Tower with Radar,72,78,78,21,249,0,1,53,2,56,72,79,131,23,305,14,0,14,319
09/08/2017,SAV,GA,ASO,ES,Combined TRACON& Tower with Radar,79,44,84,7,214,0,3,35,2,40,79,47,119,9,254,0,0,0,254
09/09/2017,SAV,GA,ASO,ES,Combined TRACON& Tower with Radar,20,8,22,0,50,0,0,19,1,20,20,8,41,1,70,0,0,0,70
09/10/2017,SAV,GA,ASO,ES,Combined TRACON& Tower with Radar,13,0,5,0,18,0,0,4,0,4,13,0,9,0,22,0,0,0,22
09/11/2017,SAV,GA,ASO,ES,Combined TRACON& Tower with Radar,0,0,1,0,1,0,0,5,0,5,0,0,6,0,6,0,0,0,6
09/12/2017,SAV,GA,ASO,ES,Combined TRACON& Tower with Radar,43,28,51,10,132,0,0,41,21,62,43,28,92,31,194,10,0,10,204
09/13/2017,SAV,GA,ASO,ES,Combined TRACON& Tower with Radar,69,59,53,18,199,0,6,50,6,62,69,65,103,24,261,0,0,0,261
09/14/2017,SAV,GA,ASO,ES,Combined TRACON& Tower with Radar,81,52,42,6,181,0,4,19,2,25,81,56,61,8,206,0,0,0,206
09/15/2017,SAV,GA,ASO,ES,Combined TRACON& Tower with Radar,81,39,60,26,206,0,7,33,3,43,81,46,93,29,249,2,0,2,251
09/16/2017,SAV,GA,ASO,ES,Combined TRACON& Tower with Radar,64,31,36,11,142,0,11,32,3,46,64,42,68,14,188,4,0,4,192
09/17/2017,SAV,GA,ASO,ES,Combined TRACON& Tower with Radar,69,33,54,11,167,0,4,33,5,42,69,37,87,16,209,0,4,4,213
09/18/2017,SAV,GA,ASO,ES,Combined TRACON& Tower with Radar,79,65,40,19,203,0,6,30,2,38,79,71,70,21,241,34,52,86,327
09/19/2017,SAV,GA,ASO,ES,Combined TRACON& Tower with Radar,70,69,72,22,233,0,5,57,6,68,70,74,129,28,301,24,2,26,327
09/20/2017,SAV,GA,ASO,ES,Combined TRACON& Tower with Radar,70,55,48,15,188,0,9,55,5,69,70,64,103,20,257,24,28,52,309
09/21/2017,SAV,GA,ASO,ES,Combined TRACON& Tower with Radar,80,57,52,20,209,0,14,40,2,56,80,71,92,22,265,6,0,6,271
09/22/2017,SAV,GA,ASO,ES,Combined TRACON& Tower with Radar,80,87,60,25,252,0,34,27,8,69,80,121,87,33,321,23,0,23,344
09/23/2017,SAV,GA,ASO,ES,Combined TRACON& Tower with Radar,66,42,54,25,187,0,2,23,3,28,66,44,77,28,215,0,4,4,219
09/24/2017,SAV,GA,ASO,ES,Combined TRACON& Tower with Radar,69,34,64,29,196,0,8,51,4,63,69,42,115,33,259,27,0,27,286
09/25/2017,SAV,GA,ASO,ES,Combined TRACON& Tower with Radar,77,55,55,31,218,0,18,25,3,46,77,73,80,34,264,21,2,23,287
09/26/2017,SAV,GA,ASO,ES,Combined TRACON& Tower with Radar,71,52,43,24,190,0,10,30,5,45,71,62,73,29,235,27,0,27,262
09/27/2017,SAV,GA,ASO,ES,Combined TRACON& Tower with Radar,71,50,59,27,207,0,12,33,3,48,71,62,92,30,255,10,0,10,265
09/28/2017,SAV,GA,ASO,ES,Combined TRACON& Tower with Radar,78,69,68,49,264,0,10,44,3,57,78,79,112,52,321,44,16,60,381
09/29/2017,SAV,GA,ASO,ES,Combined TRACON& Tower with Radar,76,58,67,51,252,0,13,38,0,51,76,71,105,51,303,28,4,32,335
09/30/2017,SAV,GA,ASO,ES,Combined TRACON& Tower with Radar,59,31,41,24,155,0,9,29,2,40,59,40,70,26,195,0,0,0,195
10/01/2017,SAV,GA,ASO,ES,Combined TRACON& Tower with Radar,70,43,66,15,194,0,6,40,0,46,70,49,106,15,240,6,0,6,246
10/02/2017,SAV,GA,ASO,ES,Combined TRACON& Tower with Radar,82,55,60,23,220,0,1,17,2,20,82,56,77,25,240,4,0,4,244
10/03/2017,SAV,GA,ASO,ES,Combined TRACON& Tower with Radar,68,54,55,22,199,0,2,35,3,40,68,56,90,25,239,16,14,30,269
10/04/2017,SAV,GA,ASO,ES,Combined TRACON& Tower with Radar,70,69,67,26,232,0,7,37,2,46,70,76,104,28,278,12,0,12,290
10/05/2017,SAV,GA,ASO,ES,Combined TRACON& Tower with Radar,82,54,64,21,221,0,5,31,2,38,82,59,95,23,259,34,6,40,299
10/06/2017,SAV,GA,ASO,ES,Combined TRACON& Tower with Radar,77,61,96,13,247,0,2,22,0,24,77,63,118,13,271,6,0,6,277
10/07/2017,SAV,GA,ASO,ES,Combined TRACON& Tower with Radar,62,37,54,12,165,0,8,15,0,23,62,45,69,12,188,0,0,0,188
10/08/2017,SAV,GA,ASO,ES,Combined TRACON& Tower with Radar,72,40,44,6,162,0,4,9,0,13,72,44,53,6,175,6,0,6,181
10/09/2017,SAV,GA,ASO,ES,Combined TRACON& Tower with Radar,75,49,63,6,193,0,4,20,0,24,75,53,83,6,217,15,0,15,232
10/10/2017,SAV,GA,ASO,ES,Combined TRACON& Tower with Radar,72,64,55,22,213,0,3,20,3,26,72,67,75,25,239,4,2,6,245
10/11/2017,SAV,GA,ASO,ES,Combined TRACON& Tower with Radar,70,70,67,23,230,0,8,23,2,33,70,78,90,25,263,2,2,4,267
10/12/2017,SAV,GA,ASO,ES,Combined TRACON& Tower with Radar,81,52,65,26,224,0,12,45,1,58,81,64,110,27,282,30,2,32,314
10/13/2017,SAV,GA,ASO,ES,Combined TRACON& Tower with Radar,81,80,98,27,286,0,2,27,3,32,81,82,125,30,318,8,4,12,330
10/14/2017,SAV,GA,ASO,ES,Combined TRACON& Tower with Radar,59,42,52,30,183,0,8,36,10,54,59,50,88,40,237,4,19,23,260
10/15/2017,SAV,GA,ASO,ES,Combined TRACON& Tower with Radar,70,51,81,39,241,0,8,51,2,61,70,59,132,41,302,34,6,40,342
10/16/2017,SAV,GA,ASO,ES,Combined TRACON& Tower with Radar,76,37,61,21,195,0,6,9,0,15,76,43,70,21,210,0,0,0,210
10/17/2017,SAV,GA,ASO,ES,Combined TRACON& Tower with Radar,71,66,81,26,244,0,14,22,2,38,71,80,103,28,282,4,0,4,286
10/18/2017,SAV,GA,ASO,ES,Combined TRACON& Tower with Radar,71,55,76,15,217,0,6,44,7,57,71,61,120,22,274,14,0,14,288
10/19/2017,SAV,GA,ASO,ES,Combined TRACON& Tower with Radar,77,45,86,41,249,0,3,38,2,43,77,48,124,43,292,6,0,6,298
10/20/2017,SAV,GA,ASO,ES,Combined TRACON& Tower with Radar,81,67,78,55,281,0,2,47,1,50,81,69,125,56,331,16,0,16,347
10/21/2017,SAV,GA,ASO,ES,Combined TRACON& Tower with Radar,61,39,53,18,171,0,9,49,0,58,61,48,102,18,229,20,0,20,249
10/22/2017,SAV,GA,ASO,ES,Combined TRACON& Tower with Radar,70,57,71,5,203,0,8,13,2,23,70,65,84,7,226,12,6,18,244
10/23/2017,SAV,GA,ASO,ES,Combined TRACON& Tower with Radar,75,48,50,16,189,0,1,1,0,2,75,49,51,16,191,12,0,12,203
10/24/2017,SAV,GA,ASO,ES,Combined TRACON& Tower with Radar,63,68,73,35,239,0,4,37,2,43,63,72,110,37,282,13,0,13,295
10/25/2017,SAV,GA,ASO,ES,Combined TRACON& Tower with Radar,66,67,67,45,245,0,9,43,4,56,66,76,110,49,301,2,2,4,305
10/26/2017,SAV,GA,ASO,ES,Combined TRACON& Tower with Radar,77,61,91,45,274,0,16,48,7,71,77,77,139,52,345,4,20,24,369
10/27/2017,SAV,GA,ASO,ES,Combined TRACON& Tower with Radar,80,59,77,32,248,0,13,46,2,61,80,72,123,34,309,14,0,14,323
10/28/2017,SAV,GA,ASO,ES,Combined TRACON& Tower with Radar,60,38,81,15,194,0,15,50,5,70,60,53,131,20,264,53,2,55,319
10/29/2017,SAV,GA,ASO,ES,Combined TRACON& Tower with Radar,67,62,69,12,210,0,1,16,1,18,67,63,85,13,228,0,0,0,228
10/30/2017,SAV,GA,ASO,ES,Combined TRACON& Tower with Radar,76,46,58,18,198,0,12,40,1,53,76,58,98,19,251,8,0,8,259
10/31/2017,SAV,GA,ASO,ES,Combined TRACON& Tower with Radar,66,43,61,28,198,0,8,48,2,58,66,51,109,30,256,10,0,10,266
11/01/2017,SAV,GA,ASO,ES,Combined TRACON& Tower with Radar,70,59,68,40,237,0,5,37,0,42,70,64,105,40,279,6,0,6,285
11/02/2017,SAV,GA,ASO,ES,Combined TRACON& Tower with Radar,77,65,77,25,244,0,11,26,10,47,77,76,103,35,291,35,4,39,330
11/03/2017,SAV,GA,ASO,ES,Combined TRACON& Tower with Radar,79,56,63,19,217,0,15,35,1,51,79,71,98,20,268,24,4,28,296
11/04/2017,SAV,GA,ASO,ES,Combined TRACON& Tower with Radar,56,37,35,15,143,0,12,49,2,63,56,49,84,17,206,30,0,30,236
11/05/2017,SAV,GA,ASO,ES,Combined TRACON& Tower with Radar,66,34,76,10,186,0,5,21,2,28,66,39,97,12,214,4,0,4,218
11/06/2017,SAV,GA,ASO,ES,Combined TRACON& Tower with Radar,70,49,79,24,222,0,7,32,5,44,70,56,111,29,266,16,28,44,310
11/07/2017,SAV,GA,ASO,ES,Combined TRACON& Tower with Radar,68,55,91,17,231,0,6,32,2,40,68,61,123,19,271,6,16,22,293
11/08/2017,SAV,GA,ASO,ES,Combined TRACON& Tower with Radar,67,59,90,49,265,0,2,14,6,22,67,61,104,55,287,8,10,18,305
11/09/2017,SAV,GA,ASO,ES,Combined TRACON& Tower with Radar,73,55,87,4,219,0,0,0,0,0,73,55,87,4,219,0,0,0,219
11/10/2017,SAV,GA,ASO,ES,Combined TRACON& Tower with Radar,74,67,94,6,241,0,14,41,0,55,74,81,135,6,296,14,0,14,310
11/11/2017,SAV,GA,ASO,ES,Combined TRACON& Tower with Radar,57,48,44,9,158,0,2,23,1,26,57,50,67,10,184,4,2,6,190
11/12/2017,SAV,GA,ASO,ES,Combined TRACON& Tower with Radar,64,47,63,13,187,0,0,20,0,20,64,47,83,13,207,0,0,0,207
11/13/2017,SAV,GA,ASO,ES,Combined TRACON& Tower with Radar,70,45,51,11,177,0,13,33,1,47,70,58,84,12,224,30,0,30,254
11/14/2017,SAV,GA,ASO,ES,Combined TRACON& Tower with Radar,65,63,66,18,212,0,4,31,3,38,65,67,97,21,250,27,8,35,285
11/15/2017,SAV,GA,ASO,ES,Combined TRACON& Tower with Radar,66,72,70,51,259,0,10,24,10,44,66,82,94,61,303,16,14,30,333
11/16/2017,SAV,GA,ASO,ES,Combined TRACON& Tower with Radar,69,62,63,29,223,0,13,29,6,48,69,75,92,35,271,16,9,25,296
11/17/2017,SAV,GA,ASO,ES,Combined TRACON& Tower with Radar,72,63,83,14,232,0,1,37,4,42,72,64,120,18,274,0,9,9,283
11/18/2017,SAV,GA,ASO,ES,Combined TRACON& Tower with Radar,58,46,57,21,182,0,9,50,7,66,58,55,107,28,248,53,8,61,309
11/19/2017,SAV,GA,ASO,ES,Combined TRACON& Tower with Radar,61,35,58,14,168,0,2,25,2,29,61,37,83,16,197,0,6,6,203
11/20/2017,SAV,GA,ASO,ES,Combined TRACON& Tower with Radar,61,41,71,39,212,0,2,31,9,42,61,43,102,48,254,8,34,42,296
11/21/2017,SAV,GA,ASO,ES,Combined TRACON& Tower with Radar,64,89,80,22,255,0,15,24,4,43,64,104,104,26,298,62,0,62,360
11/22/2017,SAV,GA,ASO,ES,Combined TRACON& Tower with Radar,71,61,68,6,206,0,5,9,0,14,71,66,77,6,220,8,0,8,228
11/23/2017,SAV,GA,ASO,ES,Combined TRACON& Tower with Radar,39,19,22,0,80,0,0,5,0,5,39,19,27,0,85,0,0,0,85
11/24/2017,SAV,GA,ASO,ES,Combined TRACON& Tower with Radar,56,29,37,0,122,0,8,26,2,36,56,37,63,2,158,30,0,30,188
11/25/2017,SAV,GA,ASO,ES,Combined TRACON& Tower with Radar,69,52,48,0,169,0,0,32,0,32,69,52,80,0,201,24,0,24,225
11/26/2017,SAV,GA,ASO,ES,Combined TRACON& Tower with Radar,73,41,69,2,185,0,4,23,2,29,73,45,92,4,214,4,6,10,224
11/27/2017,SAV,GA,ASO,ES,Combined TRACON& Tower with Radar,69,57,63,12,201,0,6,17,2,25,69,63,80,14,226,148,4,152,378
11/28/2017,SAV,GA,ASO,ES,Combined TRACON& Tower with Radar,60,65,62,35,222,0,0,10,2,12,60,65,72,37,234,20,0,20,254
11/29/2017,SAV,GA,ASO,ES,Combined TRACON& Tower with Radar,62,61,60,45,228,0,6,29,1,36,62,67,89,46,264,52,2,54,318
11/30/2017,SAV,GA,ASO,ES,Combined TRACON& Tower with Radar,63,65,62,49,239,0,5,33,6,44,63,70,95,55,283,64,8,72,355
12/01/2017,SAV,GA,ASO,ES,Combined TRACON& Tower with Radar,61,49,57,38,205,0,2,37,4,43,61,51,94,42,248,15,0,15,263
12/02/2017,SAV,GA,ASO,ES,Combined TRACON& Tower with Radar,45,51,60,8,164,0,9,40,7,56,45,60,100,15,220,21,4,25,245
12/03/2017,SAV,GA,ASO,ES,Combined TRACON& Tower with Radar,59,38,89,11,197,0,2,48,3,53,59,40,137,14,250,16,0,16,266
12/04/2017,SAV,GA,ASO,ES,Combined TRACON& Tower with Radar,58,45,93,43,239,0,2,29,5,36,58,47,122,48,275,16,0,16,291
12/05/2017,SAV,GA,ASO,ES,Combined TRACON& Tower with Radar,61,44,61,49,215,0,6,28,4,38,61,50,89,53,253,4,0,4,257
12/06/2017,SAV,GA,ASO,ES,Combined TRACON& Tower with Radar,61,56,83,31,231,0,2,4,0,6,61,58,87,31,237,0,0,0,237
12/07/2017,SAV,GA,ASO,ES,Combined TRACON& Tower with Radar,61,57,81,21,220,0,0,14,4,18,61,57,95,25,238,6,0,6,244
12/08/2017,SAV,GA,ASO,ES,Combined TRACON& Tower with Radar,51,46,56,15,168,0,0,0,0,0,51,46,56,15,168,0,0,0,168
12/09/2017,SAV,GA,ASO,ES,Combined TRACON& Tower with Radar,42,48,43,17,150,0,2,5,2,9,42,50,48,19,159,15,0,15,174
12/10/2017,SAV,GA,ASO,ES,Combined TRACON& Tower with Radar,60,39,49,2,150,0,8,42,1,51,60,47,91,3,201,23,9,32,233
12/11/2017,SAV,GA,ASO,ES,Combined TRACON& Tower with Radar,57,48,48,5,158,0,13,29,2,44,57,61,77,7,202,46,0,46,248
12/12/2017,SAV,GA,ASO,ES,Combined TRACON& Tower with Radar,58,67,49,23,197,0,10,16,7,33,58,77,65,30,230,0,0,0,230
12/13/2017,SAV,GA,ASO,ES,Combined TRACON& Tower with Radar,58,54,63,28,203,0,4,24,3,31,58,58,87,31,234,0,0,0,234
12/14/2017,SAV,GA,ASO,ES,Combined TRACON& Tower with Radar,61,53,60,15,189,0,8,40,8,56,61,61,100,23,245,18,10,28,273
12/15/2017,SAV,GA,ASO,ES,Combined TRACON& Tower with Radar,58,54,45,15,172,0,10,36,2,48,58,64,81,17,220,54,3,57,277
12/16/2017,SAV,GA,ASO,ES,Combined TRACON& Tower with Radar,44,54,45,21,164,0,8,46,4,58,44,62,91,25,222,18,0,18,240
12/17/2017,SAV,GA,ASO,ES,Combined TRACON& Tower with Radar,49,41,46,10,146,0,4,31,2,37,49,45,77,12,183,54,0,54,237
12/18/2017,SAV,GA,ASO,ES,Combined TRACON& Tower with Radar,58,66,81,14,219,0,0,2,1,3,58,66,83,15,222,0,0,0,222
12/19/2017,SAV,GA,ASO,ES,Combined TRACON& Tower with Radar,63,59,88,6,216,0,8,22,1,31,63,67,110,7,247,47,2,49,296
12/20/2017,SAV,GA,ASO,ES,Combined TRACON& Tower with Radar,63,52,53,15,183,0,2,14,0,16,63,54,67,15,199,18,8,26,225
12/21/2017,SAV,GA,ASO,ES,Combined TRACON& Tower with Radar,66,54,49,6,175,0,0,3,1,4,66,54,52,7,179,0,0,0,179
12/22/2017,SAV,GA,ASO,ES,Combined TRACON& Tower with Radar,65,51,73,2,191,0,3,29,2,34,65,54,102,4,225,48,0,48,273
12/23/2017,SAV,GA,ASO,ES,Combined TRACON& Tower with Radar,55,50,34,0,139,0,8,13,0,21,55,58,47,0,160,8,0,8,168
12/24/2017,SAV,GA,ASO,ES,Combined TRACON& Tower with Radar,44,26,16,0,86,0,0,5,0,5,44,26,21,0,91,0,0,0,91
12/25/2017,SAV,GA,ASO,ES,Combined TRACON& Tower with Radar,42,25,12,0,79,0,0,15,0,15,42,25,27,0,94,6,0,6,100
12/26/2017,SAV,GA,ASO,ES,Combined TRACON& Tower with Radar,64,58,62,7,191,0,5,27,0,32,64,63,89,7,223,19,0,19,242
12/27/2017,SAV,GA,ASO,ES,Combined TRACON& Tower with Radar,65,61,52,2,180,0,0,3,0,3,65,61,55,2,183,0,0,0,183
12/28/2017,SAV,GA,ASO,ES,Combined TRACON& Tower with Radar,65,56,47,4,172,0,8,29,0,37,65,64,76,4,209,27,0,27,236
12/29/2017,SAV,GA,ASO,ES,Combined TRACON& Tower with Radar,64,44,64,14,186,0,4,40,0,44,64,48,104,14,230,12,0,12,242
12/30/2017,SAV,GA,ASO,ES,Combined TRACON& Tower with Radar,57,34,47,3,141,0,3,45,0,48,57,37,92,3,189,39,0,39,228
12/31/2017,SAV,GA,ASO,ES,Combined TRACON& Tower with Radar,49,22,53,0,124,0,0,29,0,29,49,22,82,0,153,13,0,13,166
01/01/2018,SAV,GA,ASO,ES,Combined TRACON& Tower with Radar,49,30,28,0,107,0,0,17,0,17,49,30,45,0,124,0,0,0,124
01/02/2018,SAV,GA,ASO,ES,Combined TRACON& Tower with Radar,62,47,66,2,177,0,2,21,0,23,62,49,87,2,200,18,0,18,218
01/03/2018,SAV,GA,ASO,ES,Combined TRACON& Tower with Radar,4,1,0,0,5,0,0,0,0,0,4,1,0,0,5,0,0,0,5
01/04/2018,SAV,GA,ASO,ES,Combined TRACON& Tower with Radar,20,14,11,0,45,0,1,5,0,6,20,15,16,0,51,0,0,0,51
01/05/2018,SAV,GA,ASO,ES,Combined TRACON& Tower with Radar,51,74,57,20,202,0,6,20,2,28,51,80,77,22,230,6,11,17,247
01/06/2018,SAV,GA,ASO,ES,Combined TRACON& Tower with Radar,51,46,47,21,165,0,7,38,6,51,51,53,85,27,216,30,0,30,246
01/07/2018,SAV,GA,ASO,ES,Combined TRACON& Tower with Radar,52,40,59,4,155,0,6,25,7,38,52,46,84,11,193,29,0,29,222
01/08/2018,SAV,GA,ASO,ES,Combined TRACON& Tower with Radar,48,46,59,23,176,0,2,17,0,19,48,48,76,23,195,4,0,4,199
01/09/2018,SAV,GA,ASO,ES,Combined TRACON& Tower with Radar,52,47,51,15,165,0,3,7,0,10,52,50,58,15,175,0,0,0,175
01/10/2018,SAV,GA,ASO,ES,Combined TRACON& Tower with Radar,57,53,54,15,179,0,1,5,2,8,57,54,59,17,187,12,0,12,199
01/11/2018,SAV,GA,ASO,ES,Combined TRACON& Tower with Radar,54,66,54,11,185,0,0,0,0,0,54,66,54,11,185,6,0,6,191
01/12/2018,SAV,GA,ASO,ES,Combined TRACON& Tower with Radar,45,43,65,9,162,0,0,0,0,0,45,43,65,9,162,0,0,0,162
01/13/2018,SAV,GA,ASO,ES,Combined TRACON& Tower with Radar,45,24,55,10,134,0,10,38,1,49,45,34,93,11,183,50,0,50,233
01/14/2018,SAV,GA,ASO,ES,Combined TRACON& Tower with Radar,46,20,46,2,114,0,1,67,0,68,46,21,113,2,182,23,0,23,205
01/15/2018,SAV,GA,ASO,ES,Combined TRACON& Tower with Radar,52,31,58,7,148,0,6,50,0,56,52,37,108,7,204,29,0,29,233
01/16/2018,SAV,GA,ASO,ES,Combined TRACON& Tower with Radar,49,50,68,15,182,0,9,52,6,67,49,59,120,21,249,20,0,20,269
01/17/2018,SAV,GA,ASO,ES,Combined TRACON& Tower with Radar,46,40,43,0,129,0,2,15,2,19,46,42,58,2,148,16,0,16,164
01/18/2018,SAV,GA,ASO,ES,Combined TRACON& Tower with Radar,47,47,54,13,161,0,9,42,3,54,47,56,96,16,215,37,4,41,256
01/19/2018,SAV,GA,ASO,ES,Combined TRACON& Tower with Radar,58,47,75,19,199,0,3,42,6,51,58,50,117,25,250,10,0,10,260
01/20/2018,SAV,GA,ASO,ES,Combined TRACON& Tower with Radar,46,34,33,0,113,0,1,37,1,39,46,35,70,1,152,26,8,34,186
01/21/2018,SAV,GA,ASO,ES,Combined TRACON& Tower with Radar,49,39,52,11,151,0,5,44,3,52,49,44,96,14,203,35,14,49,252
01/22/2018,SAV,GA,ASO,ES,Combined TRACON& Tower with Radar,54,39,54,4,151,0,3,11,2,16,54,42,65,6,167,5,0,5,172
01/23/2018,SAV,GA,ASO,ES,Combined TRACON& Tower with Radar,50,46,52,3,151,0,2,22,1,25,50,48,74,4,176,10,6,16,192
01/24/2018,SAV,GA,ASO,ES,Combined TRACON& Tower with Radar,57,56,76,14,203,0,9,29,3,41,57,65,105,17,244,31,0,31,275
01/25/2018,SAV,GA,ASO,ES,Combined TRACON& Tower with Radar,57,67,74,3,201,0,7,38,4,49,57,74,112,7,250,9,0,9,259
01/26/2018,SAV,GA,ASO,ES,Combined TRACON& Tower with Radar,56,40,70,16,182,0,1,20,6,27,56,41,90,22,209,8,3,11,220
01/27/2018,SAV,GA,ASO,ES,Combined TRACON& Tower with Radar,46,32,41,11,130,0,6,30,4,40,46,38,71,15,170,16,4,20,190
01/28/2018,SAV,GA,ASO,ES,Combined TRACON& Tower with Radar,51,32,57,22,162,0,2,3,0,5,51,34,60,22,167,0,0,0,167
01/29/2018,SAV,GA,ASO,ES,Combined TRACON& Tower with Radar,54,54,64,38,210,0,2,20,4,26,54,56,84,42,236,6,0,6,242
01/30/2018,SAV,GA,ASO,ES,Combined TRACON& Tower with Radar,53,41,53,49,196,0,2,41,14,57,53,43,94,63,253,22,8,30,283
01/31/2018,SAV,GA,ASO,ES,Combined TRACON& Tower with Radar,57,51,83,50,241,0,8,28,19,55,57,59,111,69,296,9,5,14,310
02/01/2018,SAV,GA,ASO,ES,Combined TRACON& Tower with Radar,60,53,73,52,238,0,3,33,6,42,60,56,106,58,280,39,8,47,327
02/02/2018,SAV,GA,ASO,ES,Combined TRACON& Tower with Radar,54,46,67,52,219,0,4,26,7,37,54,50,93,59,256,16,3,19,275
02/03/2018,SAV,GA,ASO,ES,Combined TRACON& Tower with Radar,46,25,31,1,103,0,0,42,0,42,46,25,73,1,145,46,0,46,191
02/04/2018,SAV,GA,ASO,ES,Combined TRACON& Tower with Radar,45,28,47,7,127,0,2,0,2,4,45,30,47,9,131,8,0,8,139
02/05/2018,SAV,GA,ASO,ES,Combined TRACON& Tower with Radar,54,44,41,43,182,0,7,25,4,36,54,51,66,47,218,0,6,6,224
02/06/2018,SAV,GA,ASO,ES,Combined TRACON& Tower with Radar,51,52,58,42,203,0,9,26,3,38,51,61,84,45,241,42,4,46,287
02/07/2018,SAV,GA,ASO,ES,Combined TRACON& Tower with Radar,58,50,49,37,194,0,2,6,6,14,58,52,55,43,208,6,0,6,214
02/08/2018,SAV,GA,ASO,ES,Combined TRACON& Tower with Radar,56,50,67,32,205,0,7,24,2,33,56,57,91,34,238,36,0,36,274
02/09/2018,SAV,GA,ASO,ES,Combined TRACON& Tower with Radar,57,40,63,26,186,0,1,9,1,11,57,41,72,27,197,12,0,12,209
02/10/2018,SAV,GA,ASO,ES,Combined TRACON& Tower with Radar,42,33,26,12,113,0,2,6,0,8,42,35,32,12,121,20,0,20,141
02/11/2018,SAV,GA,ASO,ES,Combined TRACON& Tower with Radar,49,37,48,11,145,0,8,15,0,23,49,45,63,11,168,21,0,21,189
02/12/2018,SAV,GA,ASO,ES,Combined TRACON& Tower with Radar,52,41,62,27,182,0,1,12,0,13,52,42,74,27,195,0,0,0,195
02/13/2018,SAV,GA,ASO,ES,Combined TRACON& Tower with Radar,53,33,71,6,163,0,0,2,0,2,53,33,73,6,165,6,0,6,171
02/14/2018,SAV,GA,ASO,ES,Combined TRACON& Tower with Radar,57,50,59,39,205,0,11,14,0,25,57,61,73,39,230,10,58,68,298
02/15/2018,SAV,GA,ASO,ES,Combined TRACON& Tower with Radar,68,64,56,30,218,0,9,20,1,30,68,73,76,31,248,8,17,25,273
02/16/2018,SAV,GA,ASO,ES,Combined TRACON& Tower with Radar,75,54,87,4,220,0,3,29,7,39,75,57,116,11,259,0,0,0,259
02/17/2018,SAV,GA,ASO,ES,Combined TRACON& Tower with Radar,56,42,66,3,167,0,11,36,1,48,56,53,102,4,215,35,0,35,250
02/18/2018,SAV,GA,ASO,ES,Combined TRACON& Tower with Radar,64,30,65,2,161,0,8,12,4,24,64,38,77,6,185,10,4,14,199
02/19/2018,SAV,GA,ASO,ES,Combined TRACON& Tower with Radar,69,50,104,4,227,0,4,25,0,29,69,54,129,4,256,28,0,28,284
02/20/2018,SAV,GA,ASO,ES,Combined TRACON& Tower with Radar,64,52,50,7,173,0,2,11,0,13,64,54,61,7,186,24,0,24,210
02/21/2018,SAV,GA,ASO,ES,Combined TRACON& Tower with Radar,67,53,59,12,191,0,3,8,1,12,67,56,67,13,203,59,4,63,266
02/22/2018,SAV,GA,ASO,ES,Combined TRACON& Tower with Radar,74,49,90,24,237,0,2,30,4,36,74,51,120,28,273,39,8,47,320
02/23/2018,SAV,GA,ASO,ES,Combined TRACON& Tower with Radar,74,59,71,29,233,0,3,36,2,41,74,62,107,31,274,57,6,63,337
02/24/2018,SAV,GA,ASO,ES,Combined TRACON& Tower with Radar,57,47,51,15,170,0,20,48,2,70,57,67,99,17,240,30,0,30,270
02/25/2018,SAV,GA,ASO,ES,Combined TRACON& Tower with Radar,70,49,67,6,192,0,14,35,0,49,70,63,102,6,241,8,0,8,249
02/26/2018,SAV,GA,ASO,ES,Combined TRACON& Tower with Radar,77,47,42,13,179,0,4,21,2,27,77,51,63,15,206,20,28,48,254
02/27/2018,SAV,GA,ASO,ES,Combined TRACON& Tower with Radar,65,72,79,14,230,0,9,34,3,46,65,81,113,17,276,16,10,26,302
02/28/2018,SAV,GA,ASO,ES,Combined TRACON& Tower with Radar,68,58,81,32,239,0,4,43,5,52,68,62,124,37,291,0,12,12,303
03/01/2018,SAV,GA,ASO,ES,Combined TRACON& Tower with Radar,69,67,50,11,197,0,2,14,5,21,69,69,64,16,218,7,2,9,227
03/02/2018,SAV,GA,ASO,ES,Combined TRACON& Tower with Radar,68,49,53,12,182,0,3,41,3,47,68,52,94,15,229,10,0,10,239
03/03/2018,SAV,GA,ASO,ES,Combined TRACON& Tower with Radar,64,49,42,9,164,0,4,46,5,55,64,53,88,14,219,32,2,34,253
03/04/2018,SAV,GA,ASO,ES,Combined TRACON& Tower with Radar,69,37,55,6,167,0,8,72,1,81,69,45,127,7,248,0,0,0,248
03/05/2018,SAV,GA,ASO,ES,Combined TRACON& Tower with Radar,82,49,82,5,218,0,6,31,2,39,82,55,113,7,257,0,0,0,257
03/06/2018,SAV,GA,ASO,ES,Combined TRACON& Tower with Radar,71,60,58,4,193,0,8,22,0,30,71,68,80,4,223,35,0,35,258
03/07/2018,SAV,GA,ASO,ES,Combined TRACON& Tower with Radar,62,52,69,32,215,0,16,14,4,34,62,68,83,36,249,8,19,27,276
03/08/2018,SAV,GA,ASO,ES,Combined TRACON& Tower with Radar,79,73,77,36,265,0,12,31,4,47,79,85,108,40,312,16,20,36,348
03/09/2018,SAV,GA,ASO,ES,Combined TRACON& Tower with Radar,84,61,75,29,249,0,0,49,5,54,84,61,124,34,303,42,0,42,345
03/10/2018,SAV,GA,ASO,ES,Combined TRACON& Tower with Radar,70,47,55,16,188,0,11,47,1,59,70,58,102,17,247,48,0,48,295
03/11/2018,SAV,GA,ASO,ES,Combined TRACON& Tower with Radar,78,38,35,10,161,0,2,30,1,33,78,40,65,11,194,9,0,9,203
03/12/2018,SAV,GA,ASO,ES,Combined TRACON& Tower with Radar,82,51,53,15,201,0,2,6,0,8,82,53,59,15,209,2,0,2,211
03/13/2018,SAV,GA,ASO,ES,Combined TRACON& Tower with Radar,66,48,63,26,203,0,10,32,6,48,66,58,95,32,251,26,6,32,283
03/14/2018,SAV,GA,ASO,ES,Combined TRACON& Tower with Radar,79,55,68,21,223,0,12,30,0,42,79,67,98,21,265,16,0,16,281
03/15/2018,SAV,GA,ASO,ES,Combined TRACON& Tower with Radar,80,58,82,34,254,0,20,34,1,55,80,78,116,35,309,23,20,43,352
03/16/2018,SAV,GA,ASO,ES,Combined TRACON& Tower with Radar,84,53,66,36,239,0,17,53,6,76,84,70,119,42,315,24,10,34,349
03/17/2018,SAV,GA,ASO,ES,Combined TRACON& Tower with Radar,73,51,54,3,181,0,3,21,2,26,73,54,75,5,207,10,0,10,217
03/18/2018,SAV,GA,ASO,ES,Combined TRACON& Tower with Radar,78,36,65,8,187,0,4,59,1,64,78,40,124,9,251,26,0,26,277
03/19/2018,SAV,GA,ASO,ES,Combined TRACON& Tower with Radar,82,54,31,25,192,0,0,8,0,8,82,54,39,25,200,28,0,28,228
03/20/2018,SAV,GA,ASO,ES,Combined TRACON& Tower with Radar,71,65,38,9,183,0,0,8,0,8,71,65,46,9,191,0,0,0,191
03/21/2018,SAV,GA,ASO,ES,Combined TRACON& Tower with Radar,55,68,60,29,212,0,6,22,5,33,55,74,82,34,245,0,10,10,255
03/22/2018,SAV,GA,ASO,ES,Combined TRACON& Tower with Radar,76,70,112,10,268,0,11,57,6,74,76,81,169,16,342,16,0,16,358
03/23/2018,SAV,GA,ASO,ES,Combined TRACON& Tower with Radar,83,66,96,56,301,0,10,57,3,70,83,76,153,59,371,54,25,79,450
03/24/2018,SAV,GA,ASO,ES,Combined TRACON& Tower with Radar,70,48,51,7,176,0,17,29,5,51,70,65,80,12,227,16,6,22,249
03/25/2018,SAV,GA,ASO,ES,Combined TRACON& Tower with Radar,75,42,63,7,187,0,1,2,5,8,75,43,65,12,195,13,0,13,208
03/26/2018,SAV,GA,ASO,ES,Combined TRACON& Tower with Radar,80,52,54,12,198,0,0,14,2,16,80,52,68,14,214,10,0,10,224
03/27/2018,SAV,GA,ASO,ES,Combined TRACON& Tower with Radar,74,83,80,18,255,0,1,9,4,14,74,84,89,22,269,18,2,20,289
03/28/2018,SAV,GA,ASO,ES,Combined TRACON& Tower with Radar,81,72,68,10,231,0,4,38,5,47,81,76,106,15,278,14,0,14,292
03/29/2018,SAV,GA,ASO,ES,Combined TRACON& Tower with Radar,78,73,98,7,256,0,4,32,4,40,78,77,130,11,296,6,0,6,302
03/30/2018,SAV,GA,ASO,ES,Combined TRACON& Tower with Radar,84,66,92,0,242,0,1,6,1,8,84,67,98,1,250,14,0,14,264
03/31/2018,SAV,GA,ASO,ES,Combined TRACON& Tower with Radar,71,51,32,0,154,0,12,50,2,64,71,63,82,2,218,14,0,14,232
04/01/2018,SAV,GA,ASO,ES,Combined TRACON& Tower with Radar,78,41,46,0,165,0,12,41,0,53,78,53,87,0,218,27,0,27,245
04/02/2018,SAV,GA,ASO,ES,Combined TRACON& Tower with Radar,78,58,72,5,213,0,14,28,1,43,78,72,100,6,256,56,0,56,312
04/03/2018,SAV,GA,ASO,ES,Combined TRACON& Tower with Radar,71,62,83,10,226,0,12,61,3,76,71,74,144,13,302,0,6,6,308
04/04/2018,SAV,GA,ASO,ES,Combined TRACON& Tower with Radar,77,89,60,15,241,0,5,15,0,20,77,94,75,15,261,12,6,18,279
04/05/2018,SAV,GA,ASO,ES,Combined TRACON& Tower with Radar,80,66,91,8,245,0,9,60,6,75,80,75,151,14,320,20,2,22,342
04/06/2018,SAV,GA,ASO,ES,Combined TRACON& Tower with Radar,86,62,83,47,278,0,12,37,2,51,86,74,120,49,329,2,0,2,331
04/07/2018,SAV,GA,ASO,ES,Combined TRACON& Tower with Radar,76,46,45,7,174,0,8,9,0,17,76,54,54,7,191,34,16,50,241
04/08/2018,SAV,GA,ASO,ES,Combined TRACON& Tower with Radar,78,49,75,29,231,0,1,39,2,42,78,50,114,31,273,14,5,19,292
04/09/2018,SAV,GA,ASO,ES,Combined TRACON& Tower with Radar,95,62,68,51,276,0,0,0,1,1,95,62,68,52,277,0,0,0,277
04/10/2018,SAV,GA,ASO,ES,Combined TRACON& Tower with Radar,95,60,63,11,229,0,6,11,0,17,95,66,74,11,246,0,0,0,246
04/11/2018,SAV,GA,ASO,ES,Combined TRACON& Tower with Radar,91,72,80,10,253,0,5,36,3,44,91,77,116,13,297,15,0,15,312
04/12/2018,SAV,GA,ASO,ES,Combined TRACON& Tower with Radar,92,68,83,11,254,0,0,47,3,50,92,68,130,14,304,22,0,22,326
04/13/2018,SAV,GA,ASO,ES,Combined TRACON& Tower with Radar,97,70,92,12,271,0,10,42,0,52,97,80,134,12,323,0,0,0,323
04/14/2018,SAV,GA,ASO,ES,Combined TRACON& Tower with Radar,84,34,53,8,179,0,15,56,2,73,84,49,109,10,252,21,0,21,273
04/15/2018,SAV,GA,ASO,ES,Combined TRACON& Tower with Radar,86,55,59,2,202,0,0,1,0,1,86,55,60,2,203,0,0,0,203
04/16/2018,SAV,GA,ASO,ES,Combined TRACON& Tower with Radar,83,69,61,19,232,0,4,6,3,13,83,73,67,22,245,7,10,17,262
04/17/2018,SAV,GA,ASO,ES,Combined TRACON& Tower with Radar,85,49,63,8,205,0,24,49,2,75,85,73,112,10,280,70,0,70,350
04/18/2018,SAV,GA,ASO,ES,Combined TRACON& Tower with Radar,90,66,75,19,250,0,8,39,2,49,90,74,114,21,299,6,2,8,307
04/19/2018,SAV,GA,ASO,ES,Combined TRACON& Tower with Radar,89,52,61,23,225,0,2,30,6,38,89,54,91,29,263,35,12,47,310
04/20/2018,SAV,GA,ASO,ES,Combined TRACON& Tower with Radar,92,74,87,16,269,0,10,36,1,47,92,84,123,17,316,51,0,51,367
04/21/2018,SAV,GA,ASO,ES,Combined TRACON& Tower with Radar,81,53,55,1,190,0,22,34,0,56,81,75,89,1,246,0,0,0,246
04/22/2018,SAV,GA,ASO,ES,Combined TRACON& Tower with Radar,83,51,55,3,192,0,6,18,0,24,83,57,73,3,216,4,0,4,220
04/23/2018,SAV,GA,ASO,ES,Combined TRACON& Tower with Radar,89,42,39,20,190,0,0,1,0,1,89,42,40,20,191,0,0,0,191
04/24/2018,SAV,GA,ASO,ES,Combined TRACON& Tower with Radar,76,49,94,8,227,0,4,39,7,50,76,53,133,15,277,2,2,4,281
04/25/2018,SAV,GA,ASO,ES,Combined TRACON& Tower with Radar,80,59,103,12,254,0,0,42,4,46,80,59,145,16,300,10,0,10,310
04/26/2018,SAV,GA,ASO,ES,Combined TRACON& Tower with Radar,83,72,92,11,258,0,3,41,8,52,83,75,133,19,310,8,4,12,322
04/27/2018,SAV,GA,ASO,ES,Combined TRACON& Tower with Radar,95,77,98,2,272,0,10,59,1,70,95,87,157,3,342,30,0,30,372
04/28/2018,SAV,GA,ASO,ES,Combined TRACON& Tower with Radar,87,37,39,5,168,0,16,41,9,66,87,53,80,14,234,18,20,38,272
04/29/2018,SAV,GA,ASO,ES,Combined TRACON& Tower with Radar,83,45,66,5,199,0,11,55,0,66,83,56,121,5,265,10,0,10,275
04/30/2018,SAV,GA,ASO,ES,Combined TRACON& Tower with Radar,91,46,71,6,214,0,5,21,5,31,91,51,92,11,245,32,0,32,277
05/01/2018,SAV,GA,ASO,ES,Combined TRACON& Tower with Radar,78,71,58,23,230,0,4,48,5,57,78,75,106,28,287,10,3,13,300
05/02/2018,SAV,GA,ASO,ES,Combined TRACON& Tower with Radar,77,57,72,6,212,0,4,44,2,50,77,61,116,8,262,9,0,9,271
05/03/2018,SAV,GA,ASO,ES,Combined TRACON& Tower with Radar,80,58,62,8,208,0,4,37,0,41,80,62,99,8,249,4,0,4,253
05/04/2018,SAV,GA,ASO,ES,Combined TRACON& Tower with Radar,93,59,78,9,239,0,5,63,1,69,93,64,141,10,308,14,0,14,322
05/05/2018,SAV,GA,ASO,ES,Combined TRACON& Tower with Radar,79,39,57,9,184,0,6,52,8,66,79,45,109,17,250,51,0,51,301
05/06/2018,SAV,GA,ASO,ES,Combined TRACON& Tower with Radar,86,40,69,10,205,0,2,34,1,37,86,42,103,11,242,0,0,0,242
05/07/2018,SAV,GA,ASO,ES,Combined TRACON& Tower with Radar,92,47,84,8,231,0,19,36,2,57,92,66,120,10,288,4,0,4,292
05/08/2018,SAV,GA,ASO,ES,Combined TRACON& Tower with Radar,83,53,107,35,278,0,7,31,8,46,83,60,138,43,324,4,2,6,330
05/09/2018,SAV,GA,ASO,ES,Combined TRACON& Tower with Radar,86,47,53,44,230,0,3,24,7,34,86,50,77,51,264,0,4,4,268
05/10/2018,SAV,GA,ASO,ES,Combined TRACON& Tower with Radar,86,63,60,50,259,0,5,43,5,53,86,68,103,55,312,21,18,39,351
05/11/2018,SAV,GA,ASO,ES,Combined TRACON& Tower with Radar,95,52,48,39,234,0,3,53,5,61,95,55,101,44,295,14,0,14,309
05/12/2018,SAV,GA,ASO,ES,Combined TRACON& Tower with Radar,83,29,26,7,145,0,0,48,1,49,83,29,74,8,194,43,0,43,237
05/13/2018,SAV,GA,ASO,ES,Combined TRACON& Tower with Radar,84,32,57,2,175,0,2,30,2,34,84,34,87,4,209,49,0,49,258
05/14/2018,SAV,GA,ASO,ES,Combined TRACON& Tower with Radar,91,31,63,44,229,0,2,13,1,16,91,33,76,45,245,2,1,3,248
05/15/2018,SAV,GA,ASO,ES,Combined TRACON& Tower with Radar,77,40,68,27,212,0,0,4,0,4,77,40,72,27,216,26,0,26,242
05/16/2018,SAV,GA,ASO,ES,Combined TRACON& Tower with Radar,77,45,44,21,187,0,1,10,0,11,77,46,54,21,198,0,0,0,198
05/17/2018,SAV,GA,ASO,ES,Combined TRACON& Tower with Radar,92,83,67,42,284,0,0,9,2,11,92,83,76,44,295,20,8,28,323
05/18/2018,SAV,GA,ASO,ES,Combined TRACON& Tower with Radar,92,79,71,45,287,0,4,7,0,11,92,83,78,45,298,0,0,0,298
05/19/2018,SAV,GA,ASO,ES,Combined TRACON& Tower with Radar,86,45,48,38,217,0,8,10,0,18,86,53,58,38,235,13,0,13,248
05/20/2018,SAV,GA,ASO,ES,Combined TRACON& Tower with Radar,95,37,47,15,194,0,6,16,1,23,95,43,63,16,217,40,0,40,257
05/21/2018,SAV,GA,ASO,ES,Combined TRACON& Tower with Radar,87,61,77,28,253,0,2,25,0,27,87,63,102,28,280,35,2,37,317
05/22/2018,SAV,GA,ASO,ES,Combined TRACON& Tower with Radar,87,75,63,34,259,0,2,15,1,18,87,77,78,35,277,19,0,19,296
05/23/2018,SAV,GA,ASO,ES,Combined TRACON& Tower with Radar,86,59,79,14,238,0,11,35,6,52,86,70,114,20,290,76,6,82,372
05/24/2018,SAV,GA,ASO,ES,Combined TRACON& Tower with Radar,92,54,84,8,238,0,2,17,2,21,92,56,101,10,259,2,17,19,278
05/25/2018,SAV,GA,ASO,ES,Combined TRACON& Tower with Radar,88,53,77,7,225,0,13,28,0,41,88,66,105,7,266,0,0,0,266
05/26/2018,SAV,GA,ASO,ES,Combined TRACON& Tower with Radar,82,43,30,2,157,0,8,11,2,21,82,51,41,4,178,0,0,0,178
05/27/2018,SAV,GA,ASO,ES,Combined TRACON& Tower with Radar,84,39,22,0,145,0,6,5,0,11,84,45,27,0,156,14,0,14,170
05/28/2018,SAV,GA,ASO,ES,Combined TRACON& Tower with Radar,90,40,38,3,171,0,8,6,0,14,90,48,44,3,185,0,0,0,185
05/29/2018,SAV,GA,ASO,ES,Combined TRACON& Tower with Radar,84,45,45,24,198,0,10,7,2,19,84,55,52,26,217,18,0,18,235
05/30/2018,SAV,GA,ASO,ES,Combined TRACON& Tower with Radar,84,57,59,9,209,0,5,9,0,14,84,62,68,9,223,0,0,0,223
05/31/2018,SAV,GA,ASO,ES,Combined TRACON& Tower with Radar,85,66,83,12,246,0,5,27,6,38,85,71,110,18,284,26,0,26,310
06/01/2018,SAV,GA,ASO,ES,Combined TRACON& Tower with Radar,94,53,55,10,212,0,7,40,9,56,94,60,95,19,268,0,0,0,268
06/02/2018,SAV,GA,ASO,ES,Combined TRACON& Tower with Radar,84,36,48,11,179,0,2,24,2,28,84,38,72,13,207,20,0,20,227
06/03/2018,SAV,GA,ASO,ES,Combined TRACON& Tower with Radar,89,36,78,16,219,0,5,32,6,43,89,41,110,22,262,4,0,4,266
06/04/2018,SAV,GA,ASO,ES,Combined TRACON& Tower with Radar,86,40,69,10,205,0,6,39,5,50,86,46,108,15,255,28,0,28,283
06/05/2018,SAV,GA,ASO,ES,Combined TRACON& Tower with Radar,87,54,74,15,230,0,16,38,8,62,87,70,112,23,292,37,2,39,331
06/06/2018,SAV,GA,ASO,ES,Combined TRACON& Tower with Radar,83,60,57,22,222,0,7,46,1,54,83,67,103,23,276,0,0,0,276
06/07/2018,SAV,GA,ASO,ES,Combined TRACON& Tower with Radar,98,52,66,9,225,0,4,41,6,51,98,56,107,15,276,37,0,37,313
06/08/2018,SAV,GA,ASO,ES,Combined TRACON& Tower with Radar,99,43,52,18,212,0,6,20,7,33,99,49,72,25,245,16,0,16,261
06/09/2018,SAV,GA,ASO,ES,Combined TRACON& Tower with Radar,95,32,49,24,200,0,8,25,0,33,95,40,74,24,233,32,6,38,271
06/10/2018,SAV,GA,ASO,ES,Combined TRACON& Tower with Radar,95,32,51,15,193,0,10,37,8,55,95,42,88,23,248,8,0,8,256
06/11/2018,SAV,GA,ASO,ES,Combined TRACON& Tower with Radar,101,46,42,6,195,0,5,27,6,38,101,51,69,12,233,4,0,4,237
06/12/2018,SAV,GA,ASO,ES,Combined TRACON& Tower with Radar,101,69,61,12,243,0,7,8,3,18,101,76,69,15,261,23,8,31,292
06/13/2018,SAV,GA,ASO,ES,Combined TRACON& Tower with Radar,88,57,66,7,218,0,1,21,0,22,88,58,87,7,240,6,0,6,246
06/14/2018,SAV,GA,ASO,ES,Combined TRACON& Tower with Radar,92,37,71,19,219,0,6,24,5,35,92,43,95,24,254,2,16,18,272
06/15/2018,SAV,GA,ASO,ES,Combined TRACON& Tower with Radar,85,45,85,16,231,0,15,45,4,64,85,60,130,20,295,28,0,28,323
06/16/2018,SAV,GA,ASO,ES,Combined TRACON& Tower with Radar,97,41,35,9,182,0,9,28,4,41,97,50,63,13,223,20,0,20,243
06/17/2018,SAV,GA,ASO,ES,Combined TRACON& Tower with Radar,88,34,49,13,184,0,0,32,2,34,88,34,81,15,218,16,0,16,234
06/18/2018,SAV,GA,ASO,ES,Combined TRACON& Tower with Radar,78,52,57,7,194,0,11,36,1,48,78,63,93,8,242,68,10,78,320
06/19/2018,SAV,GA,ASO,ES,Combined TRACON& Tower with Radar,82,49,86,17,234,0,8,24,6,38,82,57,110,23,272,36,4,40,312
06/20/2018,SAV,GA,ASO,ES,Combined TRACON& Tower with Radar,85,61,56,8,210,0,1,41,4,46,85,62,97,12,256,26,0,26,282
06/21/2018,SAV,GA,ASO,ES,Combined TRACON& Tower with Radar,96,51,70,11,228,0,12,43,4,59,96,63,113,15,287,9,2,11,298
06/22/2018,SAV,GA,ASO,ES,Combined TRACON& Tower with Radar,107,63,66,29,265,0,9,33,9,51,107,72,99,38,316,8,4,12,328
06/23/2018,SAV,GA,ASO,ES,Combined TRACON& Tower with Radar,100,46,52,10,208,0,10,47,1,58,100,56,99,11,266,4,2,6,272
06/24/2018,SAV,GA,ASO,ES,Combined TRACON& Tower with Radar,92,38,59,7,196,0,2,42,2,46,92,40,101,9,242,2,0,2,244
06/25/2018,SAV,GA,ASO,ES,Combined TRACON& Tower with Radar,98,43,54,10,205,0,17,11,4,32,98,60,65,14,237,38,0,38,275
06/26/2018,SAV,GA,ASO,ES,Combined TRACON& Tower with Radar,94,68,60,25,247,0,5,20,8,33,94,73,80,33,280,20,16,36,316
06/27/2018,SAV,GA,ASO,ES,Combined TRACON& Tower with Radar,93,59,41,23,216,0,8,36,1,45,93,67,77,24,261,6,4,10,271
06/28/2018,SAV,GA,ASO,ES,Combined TRACON& Tower with Radar,102,59,60,13,234,0,0,37,6,43,102,59,97,19,277,64,0,64,341
06/29/2018,SAV,GA,ASO,ES,Combined TRACON& Tower with Radar,91,89,92,10,282,0,4,47,1,52,91,93,139,11,334,32,0,32,366
06/30/2018,SAV,GA,ASO,ES,Combined TRACON& Tower with Radar,99,51,71,2,223,0,13,37,0,50,99,64,108,2,273,62,0,62,335
07/01/2018,SAV,GA,ASO,ES,Combined TRACON& Tower with Radar,88,44,43,19,194,0,13,39,4,56,88,57,82,23,250,8,0,8,258
07/02/2018,SAV,GA,ASO,ES,Combined TRACON& Tower with Radar,88,58,64,14,224,0,6,35,0,41,88,64,99,14,265,50,0,50,315
07/03/2018,SAV,GA,ASO,ES,Combined TRACON& Tower with Radar,78,54,51,18,201,0,1,33,8,42,78,55,84,26,243,26,8,34,277
07/04/2018,SAV,GA,ASO,ES,Combined TRACON& Tower with Radar,74,21,19,4,118,0,2,23,0,25,74,23,42,4,143,0,0,0,143
07/05/2018,SAV,GA,ASO,ES,Combined TRACON& Tower with Radar,95,40,48,6,189,0,0,34,5,39,95,40,82,11,228,18,0,18,246
07/06/2018,SAV,GA,ASO,ES,Combined TRACON& Tower with Radar,98,40,59,8,205,0,0,32,1,33,98,40,91,9,238,2,6,8,246
07/07/2018,SAV,GA,ASO,ES,Combined TRACON& Tower with Radar,100,44,42,5,191,0,12,25,2,39,100,56,67,7,230,59,0,59,289
07/08/2018,SAV,GA,ASO,ES,Combined TRACON& Tower with Radar,92,37,78,3,210,0,2,21,0,23,92,39,99,3,233,0,0,0,233
07/09/2018,SAV,GA,ASO,ES,Combined TRACON& Tower with Radar,94,44,71,19,228,0,1,42,0,43,94,45,113,19,271,47,7,54,325
07/10/2018,SAV,GA,ASO,ES,Combined TRACON& Tower with Radar,91,63,52,4,210,0,0,41,2,43,91,63,93,6,253,40,2,42,295
07/11/2018,SAV,GA,ASO,ES,Combined TRACON& Tower with Radar,85,51,62,12,210,0,14,33,3,50,85,65,95,15,260,74,7,81,341
07/12/2018,SAV,GA,ASO,ES,Combined TRACON& Tower with Radar,94,45,50,10,199,0,6,44,1,51,94,51,94,11,250,17,3,20,270
07/13/2018,SAV,GA,ASO,ES,Combined TRACON& Tower with Radar,93,44,44,7,188,0,8,23,0,31,93,52,67,7,219,0,3,3,222
07/14/2018,SAV,GA,ASO,ES,Combined TRACON& Tower with Radar,107,30,51,19,207,0,8,17,4,29,107,38,68,23,236,8,0,8,244
07/15/2018,SAV,GA,ASO,ES,Combined TRACON& Tower with Radar,78,36,33,16,163,0,10,36,3,49,78,46,69,19,212,10,0,10,222
07/16/2018,SAV,GA,ASO,ES,Combined TRACON& Tower with Radar,88,59,38,32,217,0,4,15,4,23,88,63,53,36,240,20,8,28,268
07/17/2018,SAV,GA,ASO,ES,Combined TRACON& Tower with Radar,83,52,50,28,213,0,7,16,13,36,83,59,66,41,249,41,2,43,292
07/18/2018,SAV,GA,ASO,ES,Combined TRACON& Tower with Radar,86,55,69,32,242,0,12,17,9,38,86,67,86,41,280,10,8,18,298
07/19/2018,SAV,GA,ASO,ES,Combined TRACON& Tower with Radar,97,66,52,36,251,0,5,9,3,17,97,71,61,39,268,0,0,0,268
07/20/2018,SAV,GA,ASO,ES,Combined TRACON& Tower with Radar,96,59,35,39,229,0,4,9,0,13,96,63,44,39,242,0,8,8,250
07/21/2018,SAV,GA,ASO,ES,Combined TRACON& Tower with Radar,98,39,29,16,182,0,2,26,2,30,98,41,55,18,212,39,0,39,251
07/22/2018,SAV,GA,ASO,ES,Combined TRACON& Tower with Radar,92,33,34,8,167,0,4,44,1,49,92,37,78,9,216,72,0,72,288
07/23/2018,SAV,GA,ASO,ES,Combined TRACON& Tower with Radar,85,48,65,41,239,0,15,27,5,47,85,63,92,46,286,22,6,28,314
07/24/2018,SAV,GA,ASO,ES,Combined TRACON& Tower with Radar,90,46,56,36,228,0,8,21,2,31,90,54,77,38,259,26,2,28,287
07/25/2018,SAV,GA,ASO,ES,Combined TRACON& Tower with Radar,82,64,56,37,239,0,10,26,8,44,82,74,82,45,283,24,0,24,307
07/26/2018,SAV,GA,ASO,ES,Combined TRACON& Tower with Radar,96,50,58,29,233,0,10,45,12,67,96,60,103,41,300,13,8,21,321
07/27/2018,SAV,GA,ASO,ES,Combined TRACON& Tower with Radar,84,37,58,19,198,0,4,51,4,59,84,41,109,23,257,32,0,32,289
07/28/2018,SAV,GA,ASO,ES,Combined TRACON& Tower with Radar,102,30,40,8,180,0,10,57,1,68,102,40,97,9,248,17,0,17,265
07/29/2018,SAV,GA,ASO,ES,Combined TRACON& Tower with Radar,88,31,36,11,166,0,0,45,1,46,88,31,81,12,212,3,0,3,215
07/30/2018,SAV,GA,ASO,ES,Combined TRACON& Tower with Radar,92,48,51,14,205,0,8,22,6,36,92,56,73,20,241,13,10,23,264
07/31/2018,SAV,GA,ASO,ES,Combined TRACON& Tower with Radar,88,47,57,11,203,0,2,14,4,20,88,49,71,15,223,0,6,6,229
08/01/2018,SAV,GA,ASO,ES,Combined TRACON& Tower with Radar,82,65,43,28,218,0,10,21,3,34,82,75,64,31,252,38,2,40,292
08/02/2018,SAV,GA,ASO,ES,Combined TRACON& Tower with Radar,85,61,58,7,211,0,6,27,4,37,85,67,85,11,248,28,0,28,276
08/03/2018,SAV,GA,ASO,ES,Combined TRACON& Tower with Radar,82,47,52,19,200,0,8,22,1,31,82,55,74,20,231,6,0,6,237
08/04/2018,SAV,GA,ASO,ES,Combined TRACON& Tower with Radar,87,35,33,8,163,0,6,33,2,41,87,41,66,10,204,43,7,50,254
08/05/2018,SAV,GA,ASO,ES,Combined TRACON& Tower with Radar,89,38,50,12,189,0,16,46,5,67,89,54,96,17,256,23,8,31,287
08/06/2018,SAV,GA,ASO,ES,Combined TRACON& Tower with Radar,92,58,60,7,217,0,7,27,2,36,92,65,87,9,253,45,0,45,298
08/07/2018,SAV,GA,ASO,ES,Combined TRACON& Tower with Radar,85,49,59,15,208,0,6,54,3,63,85,55,113,18,271,37,0,37,308
08/08/2018,SAV,GA,ASO,ES,Combined TRACON& Tower with Radar,75,51,54,20,200,0,6,70,4,80,75,57,124,24,280,43,2,45,325
08/09/2018,SAV,GA,ASO,ES,Combined TRACON& Tower with Radar,92,56,82,6,236,0,7,46,5,58,92,63,128,11,294,44,0,44,338
08/10/2018,SAV,GA,ASO,ES,Combined TRACON& Tower with Radar,91,62,71,29,253,0,4,46,3,53,91,66,117,32,306,18,0,18,324
08/11/2018,SAV,GA,ASO,ES,Combined TRACON& Tower with Radar,80,29,33,11,153,0,15,37,2,54,80,44,70,13,207,29,0,29,236
08/12/2018,SAV,GA,ASO,ES,Combined TRACON& Tower with Radar,83,36,50,11,180,0,3,44,0,47,83,39,94,11,227,12,0,12,239
08/13/2018,SAV,GA,ASO,ES,Combined TRACON& Tower with Radar,83,39,57,13,192,0,1,22,6,29,83,40,79,19,221,4,18,22,243
08/14/2018,SAV,GA,ASO,ES,Combined TRACON& Tower with Radar,81,56,72,7,216,0,7,32,8,47,81,63,104,15,263,27,0,27,290
08/15/2018,SAV,GA,ASO,ES,Combined TRACON& Tower with Radar,81,49,43,5,178,0,5,25,7,37,81,54,68,12,215,27,10,37,252
08/16/2018,SAV,GA,ASO,ES,Combined TRACON& Tower with Radar,82,64,68,9,223,0,3,34,10,47,82,67,102,19,270,46,0,46,316
08/17/2018,SAV,GA,ASO,ES,Combined TRACON& Tower with Radar,91,55,66,7,219,0,8,31,14,53,91,63,97,21,272,0,2,2,274
08/18/2018,SAV,GA,ASO,ES,Combined TRACON& Tower with Radar,91,41,40,13,185,0,11,39,7,57,91,52,79,20,242,27,0,27,269
08/19/2018,SAV,GA,ASO,ES,Combined TRACON& Tower with Radar,80,33,47,6,166,0,6,25,12,43,80,39,72,18,209,2,0,2,211
08/20/2018,SAV,GA,ASO,ES,Combined TRACON& Tower with Radar,92,37,62,14,205,0,9,32,3,44,92,46,94,17,249,40,0,40,289
08/21/2018,SAV,GA,ASO,ES,Combined TRACON& Tower with Radar,73,50,51,8,182,0,5,30,2,37,73,55,81,10,219,20,0,20,239
08/22/2018,SAV,GA,ASO,ES,Combined TRACON& Tower with Radar,76,48,65,10,199,0,6,30,8,44,76,54,95,18,243,32,0,32,275
08/23/2018,SAV,GA,ASO,ES,Combined TRACON& Tower with Radar,82,44,71,14,211,1,7,49,5,62,83,51,120,19,273,33,0,33,306
08/24/2018,SAV,GA,ASO,ES,Combined TRACON& Tower with Radar,86,43,97,12,238,0,6,51,0,57,86,49,148,12,295,26,0,26,321
08/25/2018,SAV,GA,ASO,ES,Combined TRACON& Tower with Radar,82,41,56,6,185,0,21,21,2,44,82,62,77,8,229,6,0,6,235
08/26/2018,SAV,GA,ASO,ES,Combined TRACON& Tower with Radar,78,31,54,5,168,0,7,30,0,37,78,38,84,5,205,5,0,5,210
08/27/2018,SAV,GA,ASO,ES,Combined TRACON& Tower with Radar,85,37,88,13,223,0,2,32,0,34,85,39,120,13,257,25,0,25,282
08/28/2018,SAV,GA,ASO,ES,Combined TRACON& Tower with Radar,71,39,53,6,169,0,2,11,2,15,71,41,64,8,184,28,2,30,214
08/29/2018,SAV,GA,ASO,ES,Combined TRACON& Tower with Radar,74,46,70,6,196,0,2,46,8,56,74,48,116,14,252,18,5,23,275
08/30/2018,SAV,GA,ASO,ES,Combined TRACON& Tower with Radar,81,49,77,14,221,0,5,38,0,43,81,54,115,14,264,14,0,14,278
08/31/2018,SAV,GA,ASO,ES,Combined TRACON& Tower with Radar,86,52,86,9,233,0,16,30,1,47,86,68,116,10,280,30,0,30,310
09/01/2018,SAV,GA,ASO,ES,Combined TRACON& Tower with Radar,65,24,57,3,149,0,16,29,2,47,65,40,86,5,196,18,0,18,214
09/02/2018,SAV,GA,ASO,ES,Combined TRACON& Tower with Radar,62,30,33,0,125,0,20,8,0,28,62,50,41,0,153,14,0,14,167
09/03/2018,SAV,GA,ASO,ES,Combined TRACON& Tower with Radar,85,33,58,4,180,0,4,14,4,22,85,37,72,8,202,37,0,37,239
09/04/2018,SAV,GA,ASO,ES,Combined TRACON& Tower with Radar,71,51,82,6,210,0,0,22,2,24,71,51,104,8,234,35,0,35,269
09/05/2018,SAV,GA,ASO,ES,Combined TRACON& Tower with Radar,71,56,71,6,204,0,5,31,3,39,71,61,102,9,243,47,6,53,296
09/06/2018,SAV,GA,ASO,ES,Combined TRACON& Tower with Radar,72,69,62,15,218,0,7,26,1,34,72,76,88,16,252,17,0,17,269
09/07/2018,SAV,GA,ASO,ES,Combined TRACON& Tower with Radar,77,57,54,11,199,0,12,25,0,37,77,69,79,11,236,15,0,15,251
09/08/2018,SAV,GA,ASO,ES,Combined TRACON& Tower with Radar,72,50,56,6,184,0,10,49,2,61,72,60,105,8,245,28,0,28,273
09/09/2018,SAV,GA,ASO,ES,Combined TRACON& Tower with Radar,79,40,50,10,179,0,5,41,2,48,79,45,91,12,227,40,0,40,267
09/10/2018,SAV,GA,ASO,ES,Combined TRACON& Tower with Radar,80,52,66,13,211,0,2,16,4,22,80,54,82,17,233,53,2,55,288
09/11/2018,SAV,GA,ASO,ES,Combined TRACON& Tower with Radar,73,39,79,4,195,5,4,21,6,36,78,43,100,10,231,18,0,18,249
09/12/2018,SAV,GA,ASO,ES,Combined TRACON& Tower with Radar,75,46,54,8,183,0,0,36,1,37,75,46,90,9,220,50,0,50,270
09/13/2018,SAV,GA,ASO,ES,Combined TRACON& Tower with Radar,83,59,49,4,195,0,8,36,0,44,83,67,85,4,239,0,0,0,239
09/14/2018,SAV,GA,ASO,ES,Combined TRACON& Tower with Radar,83,36,31,6,156,0,12,19,0,31,83,48,50,6,187,0,0,0,187
09/15/2018,SAV,GA,ASO,ES,Combined TRACON& Tower with Radar,66,34,14,0,114,0,0,8,3,11,66,34,22,3,125,2,0,2,127
09/16/2018,SAV,GA,ASO,ES,Combined TRACON& Tower with Radar,69,41,34,9,153,0,0,23,3,26,69,41,57,12,179,27,0,27,206
09/17/2018,SAV,GA,ASO,ES,Combined TRACON& Tower with Radar,84,61,43,11,199,0,0,27,4,31,84,61,70,15,230,30,0,30,260
09/18/2018,SAV,GA,ASO,ES,Combined TRACON& Tower with Radar,74,58,50,13,195,0,4,50,3,57,74,62,100,16,252,0,0,0,252
09/19/2018,SAV,GA,ASO,ES,Combined TRACON& Tower with Radar,79,45,70,16,210,0,7,42,4,53,79,52,112,20,263,12,0,12,275
09/20/2018,SAV,GA,ASO,ES,Combined TRACON& Tower with Radar,79,51,102,24,256,0,4,41,9,54,79,55,143,33,310,38,4,42,352
09/21/2018,SAV,GA,ASO,ES,Combined TRACON& Tower with Radar,86,65,72,29,252,0,3,30,5,38,86,68,102,34,290,2,2,4,294
09/22/2018,SAV,GA,ASO,ES,Combined TRACON& Tower with Radar,77,41,46,25,189,0,13,63,2,78,77,54,109,27,267,40,0,40,307
09/23/2018,SAV,GA,ASO,ES,Combined TRACON& Tower with Radar,73,53,72,14,212,0,4,50,1,55,73,57,122,15,267,38,0,38,305
09/24/2018,SAV,GA,ASO,ES,Combined TRACON& Tower with Radar,82,54,66,42,244,0,4,21,2,27,82,58,87,44,271,8,4,12,283
09/25/2018,SAV,GA,ASO,ES,Combined TRACON& Tower with Radar,72,56,70,51,249,0,2,33,15,50,72,58,103,66,299,35,30,65,364
09/26/2018,SAV,GA,ASO,ES,Combined TRACON& Tower with Radar,81,50,84,49,264,0,5,31,14,50,81,55,115,63,314,28,24,52,366
09/27/2018,SAV,GA,ASO,ES,Combined TRACON& Tower with Radar,81,50,69,30,230,0,3,38,0,41,81,53,107,30,271,0,0,0,271
09/28/2018,SAV,GA,ASO,ES,Combined TRACON& Tower with Radar,85,55,60,21,221,0,3,25,2,30,85,58,85,23,251,30,0,30,281
09/29/2018,SAV,GA,ASO,ES,Combined TRACON& Tower with Radar,75,28,45,2,150,0,2,30,2,34,75,30,75,4,184,24,0,24,208
09/30/2018,SAV,GA,ASO,ES,Combined TRACON& Tower with Radar,74,46,62,0,182,0,3,20,0,23,74,49,82,0,205,30,0,30,235
10/01/2018,SAV,GA,ASO,ES,Combined TRACON& Tower with Radar,85,38,58,31,212,0,1,20,1,22,85,39,78,32,234,35,22,57,291
10/02/2018,SAV,GA,ASO,ES,Combined TRACON& Tower with Radar,73,42,45,33,193,0,8,45,6,59,73,50,90,39,252,50,22,72,324
10/03/2018,SAV,GA,ASO,ES,Combined TRACON& Tower with Radar,76,64,52,19,211,0,1,59,6,66,76,65,111,25,277,45,12,57,334
10/04/2018,SAV,GA,ASO,ES,Combined TRACON& Tower with Radar,85,76,72,14,247,0,1,41,3,45,85,77,113,17,292,24,0,24,316
10/05/2018,SAV,GA,ASO,ES,Combined TRACON& Tower with Radar,96,62,75,0,233,0,8,53,8,69,96,70,128,8,302,0,0,0,302
10/06/2018,SAV,GA,ASO,ES,Combined TRACON& Tower with Radar,78,30,43,3,154,0,12,53,0,65,78,42,96,3,219,68,0,68,287
10/07/2018,SAV,GA,ASO,ES,Combined TRACON& Tower with Radar,85,42,70,0,197,0,12,37,1,50,85,54,107,1,247,38,0,38,285
10/08/2018,SAV,GA,ASO,ES,Combined TRACON& Tower with Radar,90,50,83,0,223,0,2,26,1,29,90,52,109,1,252,46,0,46,298
10/09/2018,SAV,GA,ASO,ES,Combined TRACON& Tower with Radar,78,62,62,13,215,0,0,8,1,9,78,62,70,14,224,17,0,17,241
10/10/2018,SAV,GA,ASO,ES,Combined TRACON& Tower with Radar,87,62,48,0,197,0,0,6,1,7,87,62,54,1,204,0,0,0,204
10/11/2018,SAV,GA,ASO,ES,Combined TRACON& Tower with Radar,64,25,13,0,102,0,0,5,0,5,64,25,18,0,107,16,0,16,123
10/12/2018,SAV,GA,ASO,ES,Combined TRACON& Tower with Radar,93,69,91,30,283,0,2,83,4,89,93,71,174,34,372,26,0,26,398
10/13/2018,SAV,GA,ASO,ES,Combined TRACON& Tower with Radar,79,40,48,5,172,0,16,60,1,77,79,56,108,6,249,22,0,22,271
10/14/2018,SAV,GA,ASO,ES,Combined TRACON& Tower with Radar,88,44,69,11,212,0,14,45,3,62,88,58,114,14,274,14,8,22,296
10/15/2018,SAV,GA,ASO,ES,Combined TRACON& Tower with Radar,90,50,70,4,214,0,3,46,5,54,90,53,116,9,268,59,0,59,327
10/16/2018,SAV,GA,ASO,ES,Combined TRACON& Tower with Radar,79,62,52,4,197,0,10,42,9,61,79,72,94,13,258,22,9,31,289
10/17/2018,SAV,GA,ASO,ES,Combined TRACON& Tower with Radar,86,50,64,8,208,0,12,42,5,59,86,62,106,13,267,50,2,52,319
10/18/2018,SAV,GA,ASO,ES,Combined TRACON& Tower with Radar,86,58,99,5,248,0,1,50,8,59,86,59,149,13,307,11,0,11,318
10/19/2018,SAV,GA,ASO,ES,Combined TRACON& Tower with Radar,94,57,79,18,248,0,7,50,6,63,94,64,129,24,311,33,0,33,344
10/20/2018,SAV,GA,ASO,ES,Combined TRACON& Tower with Radar,78,31,24,17,150,0,11,38,2,51,78,42,62,19,201,43,0,43,244
10/21/2018,SAV,GA,ASO,ES,Combined TRACON& Tower with Radar,82,41,65,10,198,0,11,64,5,80,82,52,129,15,278,25,4,29,307
10/22/2018,SAV,GA,ASO,ES,Combined TRACON& Tower with Radar,90,43,61,13,207,0,6,43,7,56,90,49,104,20,263,25,0,25,288
10/23/2018,SAV,GA,ASO,ES,Combined TRACON& Tower with Radar,79,55,58,8,200,0,0,28,2,30,79,55,86,10,230,58,52,110,340
10/24/2018,SAV,GA,ASO,ES,Combined TRACON& Tower with Radar,81,68,78,15,242,0,2,49,5,56,81,70,127,20,298,42,14,56,354
10/25/2018,SAV,GA,ASO,ES,Combined TRACON& Tower with Radar,83,52,57,30,222,0,5,33,14,52,83,57,90,44,274,33,28,61,335
10/26/2018,SAV,GA,ASO,ES,Combined TRACON& Tower with Radar,95,62,74,17,248,0,3,12,2,17,95,65,86,19,265,0,0,0,265
10/27/2018,SAV,GA,ASO,ES,Combined TRACON& Tower with Radar,72,33,44,11,160,0,4,29,0,33,72,37,73,11,193,17,0,17,210
10/28/2018,SAV,GA,ASO,ES,Combined TRACON& Tower with Radar,79,48,49,4,180,0,14,49,2,65,79,62,98,6,245,16,0,16,261
10/29/2018,SAV,GA,ASO,ES,Combined TRACON& Tower with Radar,88,35,75,9,207,0,4,55,10,69,88,39,130,19,276,44,11,55,331
10/30/2018,SAV,GA,ASO,ES,Combined TRACON& Tower with Radar,74,63,74,13,224,0,13,58,5,76,74,76,132,18,300,19,32,51,351
10/31/2018,SAV,GA,ASO,ES,Combined TRACON& Tower with Radar,68,52,65,27,212,0,1,39,4,44,68,53,104,31,256,0,6,6,262
11/01/2018,SAV,GA,ASO,ES,Combined TRACON& Tower with Radar,81,76,72,31,260,0,3,39,3,45,81,79,111,34,305,8,0,8,313
11/02/2018,SAV,GA,ASO,ES,Combined TRACON& Tower with Radar,97,51,82,10,240,0,6,11,8,25,97,57,93,18,265,0,0,0,265
11/03/2018,SAV,GA,ASO,ES,Combined TRACON& Tower with Radar,68,34,59,31,192,0,9,67,18,94,68,43,126,49,286,42,19,61,347
11/04/2018,SAV,GA,ASO,ES,Combined TRACON& Tower with Radar,82,56,89,23,250,0,8,48,3,59,82,64,137,26,309,23,0,23,332
11/05/2018,SAV,GA,ASO,ES,Combined TRACON& Tower with Radar,80,39,62,22,203,0,0,1,0,1,80,39,63,22,204,0,0,0,204
11/06/2018,SAV,GA,ASO,ES,Combined TRACON& Tower with Radar,71,43,49,22,185,0,8,31,5,44,71,51,80,27,229,31,10,41,270
11/07/2018,SAV,GA,ASO,ES,Combined TRACON& Tower with Radar,75,62,57,35,229,0,4,20,1,25,75,66,77,36,254,45,4,49,303
11/08/2018,SAV,GA,ASO,ES,Combined TRACON& Tower with Radar,87,70,86,23,266,0,2,4,0,6,87,72,90,23,272,8,0,8,280
11/09/2018,SAV,GA,ASO,ES,Combined TRACON& Tower with Radar,92,64,91,13,260,0,2,12,1,15,92,66,103,14,275,35,0,35,310
11/10/2018,SAV,GA,ASO,ES,Combined TRACON& Tower with Radar,71,42,52,22,187,0,22,33,4,59,71,64,85,26,246,48,4,52,298
11/11/2018,SAV,GA,ASO,ES,Combined TRACON& Tower with Radar,84,26,102,8,220,0,12,43,6,61,84,38,145,14,281,29,0,29,310
11/12/2018,SAV,GA,ASO,ES,Combined TRACON& Tower with Radar,91,50,80,4,225,0,0,5,0,5,91,50,85,4,230,33,22,55,285
11/13/2018,SAV,GA,ASO,ES,Combined TRACON& Tower with Radar,76,61,51,9,197,0,2,3,0,5,76,63,54,9,202,10,0,10,212
11/14/2018,SAV,GA,ASO,ES,Combined TRACON& Tower with Radar,79,43,66,11,199,0,0,2,0,2,79,43,68,11,201,0,0,0,201
11/15/2018,SAV,GA,ASO,ES,Combined TRACON& Tower with Radar,80,54,65,17,216,0,0,8,0,8,80,54,73,17,224,52,6,58,282
11/16/2018,SAV,GA,ASO,ES,Combined TRACON& Tower with Radar,91,67,88,15,261,0,6,57,9,72,91,73,145,24,333,2,0,2,335
11/17/2018,SAV,GA,ASO,ES,Combined TRACON& Tower with Radar,70,28,64,7,169,0,10,65,1,76,70,38,129,8,245,64,12,76,321
11/18/2018,SAV,GA,ASO,ES,Combined TRACON& Tower with Radar,82,53,47,3,185,0,1,22,0,23,82,54,69,3,208,30,0,30,238
11/19/2018,SAV,GA,ASO,ES,Combined TRACON& Tower with Radar,86,58,62,7,213,0,3,27,2,32,86,61,89,9,245,27,6,33,278
11/20/2018,SAV,GA,ASO,ES,Combined TRACON& Tower with Radar,85,55,54,17,211,0,6,38,2,46,85,61,92,19,257,14,2,16,273
11/21/2018,SAV,GA,ASO,ES,Combined TRACON& Tower with Radar,91,48,87,3,229,0,6,63,0,69,91,54,150,3,298,18,0,18,316
11/22/2018,SAV,GA,ASO,ES,Combined TRACON& Tower with Radar,48,12,15,0,75,0,0,23,0,23,48,12,38,0,98,8,0,8,106
11/23/2018,SAV,GA,ASO,ES,Combined TRACON& Tower with Radar,66,29,54,3,152,0,2,6,0,8,66,31,60,3,160,4,0,4,164
11/24/2018,SAV,GA,ASO,ES,Combined TRACON& Tower with Radar,89,39,54,0,182,0,10,0,0,10,89,49,54,0,192,0,0,0,192
11/25/2018,SAV,GA,ASO,ES,Combined TRACON& Tower with Radar,91,60,80,1,232,0,2,18,0,20,91,62,98,1,252,0,0,0,252
11/26/2018,SAV,GA,ASO,ES,Combined TRACON& Tower with Radar,79,60,62,9,210,0,0,6,0,6,79,60,68,9,216,18,0,18,234
11/27/2018,SAV,GA,ASO,ES,Combined TRACON& Tower with Radar,70,43,72,6,191,0,0,25,4,29,70,43,97,10,220,0,0,0,220
11/28/2018,SAV,GA,ASO,ES,Combined TRACON& Tower with Radar,67,57,78,25,227,0,7,25,6,38,67,64,103,31,265,12,35,47,312
11/29/2018,SAV,GA,ASO,ES,Combined TRACON& Tower with Radar,73,52,78,8,211,0,6,51,6,63,73,58,129,14,274,28,6,34,308
11/30/2018,SAV,GA,ASO,ES,Combined TRACON& Tower with Radar,77,47,90,23,237,0,0,53,1,54,77,47,143,24,291,43,0,43,334
12/01/2018,SAV,GA,ASO,ES,Combined TRACON& Tower with Radar,61,49,48,8,166,0,0,10,0,10,61,49,58,8,176,12,0,12,188
12/02/2018,SAV,GA,ASO,ES,Combined TRACON& Tower with Radar,69,31,54,2,156,0,0,0,0,0,69,31,54,2,156,0,0,0,156
12/03/2018,SAV,GA,ASO,ES,Combined TRACON& Tower with Radar,71,54,62,7,194,0,0,12,15,27,71,54,74,22,221,22,0,22,243
12/04/2018,SAV,GA,ASO,ES,Combined TRACON& Tower with Radar,66,64,76,8,214,0,3,50,1,54,66,67,126,9,268,32,2,34,302
12/05/2018,SAV,GA,ASO,ES,Combined TRACON& Tower with Radar,69,56,78,4,207,0,5,67,2,74,69,61,145,6,281,30,0,30,311
12/06/2018,SAV,GA,ASO,ES,Combined TRACON& Tower with Radar,74,75,79,10,238,0,6,47,5,58,74,81,126,15,296,52,0,52,348
12/07/2018,SAV,GA,ASO,ES,Combined TRACON& Tower with Radar,76,53,71,43,243,0,4,60,4,68,76,57,131,47,311,50,60,110,421
12/08/2018,SAV,GA,ASO,ES,Combined TRACON& Tower with Radar,58,41,47,11,157,0,8,18,1,27,58,49,65,12,184,52,19,71,255
12/09/2018,SAV,GA,ASO,ES,Combined TRACON& Tower with Radar,53,30,34,7,124,0,0,2,0,2,53,30,36,7,126,0,0,0,126
12/10/2018,SAV,GA,ASO,ES,Combined TRACON& Tower with Radar,68,52,40,14,174,0,0,2,1,3,68,52,42,15,177,0,12,12,189
12/11/2018,SAV,GA,ASO,ES,Combined TRACON& Tower with Radar,69,56,71,14,210,0,3,34,9,46,69,59,105,23,256,49,26,75,331
12/12/2018,SAV,GA,ASO,ES,Combined TRACON& Tower with Radar,73,63,88,15,239,0,3,62,4,69,73,66,150,19,308,59,0,59,367
12/13/2018,SAV,GA,ASO,ES,Combined TRACON& Tower with Radar,76,53,81,19,229,0,2,46,4,52,76,55,127,23,281,20,12,32,313
12/14/2018,SAV,GA,ASO,ES,Combined TRACON& Tower with Radar,81,39,45,7,172,0,0,0,0,0,81,39,45,7,172,0,0,0,172
12/15/2018,SAV,GA,ASO,ES,Combined TRACON& Tower with Radar,63,34,45,11,153,0,1,20,0,21,63,35,65,11,174,62,0,62,236
12/16/2018,SAV,GA,ASO,ES,Combined TRACON& Tower with Radar,67,38,75,15,195,0,1,32,2,35,67,39,107,17,230,55,10,65,295
12/17/2018,SAV,GA,ASO,ES,Combined TRACON& Tower with Radar,73,49,91,13,226,0,8,35,0,43,73,57,126,13,269,26,2,28,297
12/18/2018,SAV,GA,ASO,ES,Combined TRACON& Tower with Radar,66,52,92,10,220,0,2,58,2,62,66,54,150,12,282,46,14,60,342
12/19/2018,SAV,GA,ASO,ES,Combined TRACON& Tower with Radar,65,57,87,8,217,0,3,28,2,33,65,60,115,10,250,76,0,76,326
12/20/2018,SAV,GA,ASO,ES,Combined TRACON& Tower with Radar,73,52,51,10,186,0,0,6,0,6,73,52,57,10,192,24,6,30,222
12/21/2018,SAV,GA,ASO,ES,Combined TRACON& Tower with Radar,73,65,39,7,184,0,2,15,0,17,73,67,54,7,201,28,0,28,229
12/22/2018,SAV,GA,ASO,ES,Combined TRACON& Tower with Radar,71,51,64,0,186,0,9,30,2,41,71,60,94,2,227,19,0,19,246
12/23/2018,SAV,GA,ASO,ES,Combined TRACON& Tower with Radar,75,48,38,0,161,0,9,21,0,30,75,57,59,0,191,0,0,0,191
12/24/2018,SAV,GA,ASO,ES,Combined TRACON& Tower with Radar,55,35,24,0,114,0,10,14,0,24,55,45,38,0,138,15,0,15,153
12/25/2018,SAV,GA,ASO,ES,Combined TRACON& Tower with Radar,44,31,15,0,90,0,0,4,0,4,44,31,19,0,94,0,0,0,94
12/26/2018,SAV,GA,ASO,ES,Combined TRACON& Tower with Radar,66,55,42,0,163,0,12,37,0,49,66,67,79,0,212,2,0,2,214
12/27/2018,SAV,GA,ASO,ES,Combined TRACON& Tower with Radar,73,64,66,4,207,0,0,24,0,24,73,64,90,4,231,12,0,12,243
12/28/2018,SAV,GA,ASO,ES,Combined TRACON& Tower with Radar,75,64,50,0,189,0,6,1,0,7,75,70,51,0,196,2,0,2,198
12/29/2018,SAV,GA,ASO,ES,Combined TRACON& Tower with Radar,67,52,49,0,168,0,9,9,0,18,67,61,58,0,186,26,0,26,212
12/30/2018,SAV,GA,ASO,ES,Combined TRACON& Tower with Radar,72,53,37,0,162,0,0,0,0,0,72,53,37,0,162,0,0,0,162
12/31/2018,SAV,GA,ASO,ES,Combined TRACON& Tower with Radar,64,49,28,0,141,0,4,8,0,12,64,53,36,0,153,14,0,14,167
01/01/2019,SAV,GA,ASO,ES,Combined TRACON& Tower with Radar,51,35,47,0,133,0,5,24,0,29,51,40,71,0,162,38,0,38,200
01/02/2019,SAV,GA,ASO,ES,Combined TRACON& Tower with Radar,66,59,46,6,177,0,2,18,2,22,66,61,64,8,199,2,6,8,207
01/03/2019,SAV,GA,ASO,ES,Combined TRACON& Tower with Radar,67,57,48,14,186,0,2,14,0,16,67,59,62,14,202,18,4,22,224
01/04/2019,SAV,GA,ASO,ES,Combined TRACON& Tower with Radar,68,61,52,12,193,0,0,4,1,5,68,61,56,13,198,0,0,0,198
01/05/2019,SAV,GA,ASO,ES,Combined TRACON& Tower with Radar,59,49,65,17,190,0,6,53,5,64,59,55,118,22,254,16,0,16,270
01/06/2019,SAV,GA,ASO,ES,Combined TRACON& Tower with Radar,59,37,68,8,172,0,4,89,5,98,59,41,157,13,270,20,4,24,294
01/07/2019,SAV,GA,ASO,ES,Combined TRACON& Tower with Radar,72,34,41,10,157,0,3,35,3,41,72,37,76,13,198,14,0,14,212
01/08/2019,SAV,GA,ASO,ES,Combined TRACON& Tower with Radar,61,47,47,11,166,0,6,27,10,43,61,53,74,21,209,17,2,19,228
01/09/2019,SAV,GA,ASO,ES,Combined TRACON& Tower with Radar,61,43,42,16,162,0,5,28,1,34,61,48,70,17,196,2,0,2,198
01/10/2019,SAV,GA,ASO,ES,Combined TRACON& Tower with Radar,68,36,68,13,185,0,9,43,12,64,68,45,111,25,249,24,0,24,273
01/11/2019,SAV,GA,ASO,ES,Combined TRACON& Tower with Radar,72,45,89,27,233,0,6,55,6,67,72,51,144,33,300,50,0,50,350
01/12/2019,SAV,GA,ASO,ES,Combined TRACON& Tower with Radar,56,33,41,11,141,0,14,27,1,42,56,47,68,12,183,41,0,41,224
01/13/2019,SAV,GA,ASO,ES,Combined TRACON& Tower with Radar,58,28,40,7,133,0,0,2,3,5,58,28,42,10,138,2,0,2,140
01/14/2019,SAV,GA,ASO,ES,Combined TRACON& Tower with Radar,68,54,56,46,224,0,6,4,0,10,68,60,60,46,234,4,0,4,238
01/15/2019,SAV,GA,ASO,ES,Combined TRACON& Tower with Radar,60,49,61,13,183,0,1,15,1,17,60,50,76,14,200,56,0,56,256
01/16/2019,SAV,GA,ASO,ES,Combined TRACON& Tower with Radar,60,43,82,14,199,0,3,36,2,41,60,46,118,16,240,24,16,40,280
01/17/2019,SAV,GA,ASO,ES,Combined TRACON& Tower with Radar,68,51,75,9,203,0,5,45,1,51,68,56,120,10,254,34,8,42,296
01/18/2019,SAV,GA,ASO,ES,Combined TRACON& Tower with Radar,74,45,70,7,196,0,0,35,3,38,74,45,105,10,234,31,0,31,265
01/19/2019,SAV,GA,ASO,ES,Combined TRACON& Tower with Radar,48,26,32,8,114,0,11,46,1,58,48,37,78,9,172,38,0,38,210
01/20/2019,SAV,GA,ASO,ES,Combined TRACON& Tower with Radar,49,33,40,8,130,0,2,8,2,12,49,35,48,10,142,6,4,10,152
01/21/2019,SAV,GA,ASO,ES,Combined TRACON& Tower with Radar,67,42,60,5,174,0,5,47,1,53,67,47,107,6,227,14,0,14,241
01/22/2019,SAV,GA,ASO,ES,Combined TRACON& Tower with Radar,60,43,65,8,176,0,6,33,6,45,60,49,98,14,221,18,0,18,239
01/23/2019,SAV,GA,ASO,ES,Combined TRACON& Tower with Radar,68,36,75,2,181,0,5,6,0,11,68,41,81,2,192,8,0,8,200
01/24/2019,SAV,GA,ASO,ES,Combined TRACON& Tower with Radar,66,53,74,10,203,0,2,11,1,14,66,55,85,11,217,0,0,0,217
01/25/2019,SAV,GA,ASO,ES,Combined TRACON& Tower with Radar,70,55,77,19,221,0,4,51,1,56,70,59,128,20,277,8,0,8,285
01/26/2019,SAV,GA,ASO,ES,Combined TRACON& Tower with Radar,54,24,43,14,135,0,13,54,2,69,54,37,97,16,204,20,2,22,226
01/27/2019,SAV,GA,ASO,ES,Combined TRACON& Tower with Radar,58,35,52,9,154,0,0,44,8,52,58,35,96,17,206,72,2,74,280
01/28/2019,SAV,GA,ASO,ES,Combined TRACON& Tower with Radar,68,39,53,7,167,0,4,39,5,48,68,43,92,12,215,6,28,34,249
01/29/2019,SAV,GA,ASO,ES,Combined TRACON& Tower with Radar,57,54,29,16,156,0,2,11,1,14,57,56,40,17,170,26,16,42,212
01/30/2019,SAV,GA,ASO,ES,Combined TRACON& Tower with Radar,63,51,66,8,188,0,3,36,2,41,63,54,102,10,229,52,0,52,281
01/31/2019,SAV,GA,ASO,ES,Combined TRACON& Tower with Radar,71,57,73,13,214,0,1,48,3,52,71,58,121,16,266,23,2,25,291
02/01/2019,SAV,GA,ASO,ES,Combined TRACON& Tower with Radar,74,64,71,18,227,0,0,24,4,28,74,64,95,22,255,18,0,18,273
02/02/2019,SAV,GA,ASO,ES,Combined TRACON& Tower with Radar,52,31,48,9,140,0,8,32,0,40,52,39,80,9,180,60,0,60,240
02/03/2019,SAV,GA,ASO,ES,Combined TRACON& Tower with Radar,58,36,44,1,139,0,0,1,0,1,58,36,45,1,140,0,0,0,140
02/04/2019,SAV,GA,ASO,ES,Combined TRACON& Tower with Radar,70,38,52,10,170,0,4,22,0,26,70,42,74,10,196,16,0,16,212
02/05/2019,SAV,GA,ASO,ES,Combined TRACON& Tower with Radar,59,48,71,21,199,0,4,41,0,45,59,52,112,21,244,24,20,44,288
02/06/2019,SAV,GA,ASO,ES,Combined TRACON& Tower with Radar,61,59,58,14,192,0,4,48,4,56,61,63,106,18,248,8,54,62,310
02/07/2019,SAV,GA,ASO,ES,Combined TRACON& Tower with Radar,65,55,95,21,236,0,4,50,4,58,65,59,145,25,294,18,10,28,322
02/08/2019,SAV,GA,ASO,ES,Combined TRACON& Tower with Radar,72,54,78,25,229,0,8,38,11,57,72,62,116,36,286,23,4,27,313
02/09/2019,SAV,GA,ASO,ES,Combined TRACON& Tower with Radar,57,34,59,12,162,0,4,53,11,68,57,38,112,23,230,67,6,73,303
02/10/2019,SAV,GA,ASO,ES,Combined TRACON& Tower with Radar,62,27,65,10,164,0,9,12,7,28,62,36,77,17,192,90,34,124,316
02/11/2019,SAV,GA,ASO,ES,Combined TRACON& Tower with Radar,67,42,58,29,196,0,0,9,1,10,67,42,67,30,206,32,34,66,272
02/12/2019,SAV,GA,ASO,ES,Combined TRACON& Tower with Radar,54,42,61,11,168,0,2,10,4,16,54,44,71,15,184,14,6,20,204
02/13/2019,SAV,GA,ASO,ES,Combined TRACON& Tower with Radar,67,72,84,11,234,0,6,59,3,68,67,78,143,14,302,90,11,101,403
02/14/2019,SAV,GA,ASO,ES,Combined TRACON& Tower with Radar,75,66,77,11,229,0,8,42,8,58,75,74,119,19,287,42,21,63,350
02/15/2019,SAV,GA,ASO,ES,Combined TRACON& Tower with Radar,83,56,81,10,230,1,21,58,3,83,84,77,139,13,313,37,0,37,350
02/16/2019,SAV,GA,ASO,ES,Combined TRACON& Tower with Radar,60,59,59,11,189,0,13,20,0,33,60,72,79,11,222,4,0,4,226
02/17/2019,SAV,GA,ASO,ES,Combined TRACON& Tower with Radar,61,59,78,6,204,0,2,1,0,3,61,61,79,6,207,0,0,0,207
02/18/2019,SAV,GA,ASO,ES,Combined TRACON& Tower with Radar,73,77,65,3,218,0,0,23,0,23,73,77,88,3,241,22,0,22,263
02/19/2019,SAV,GA,ASO,ES,Combined TRACON& Tower with Radar,61,65,61,2,189,0,0,15,2,17,61,65,76,4,206,8,5,13,219
02/20/2019,SAV,GA,ASO,ES,Combined TRACON& Tower with Radar,60,53,58,20,191,0,0,0,0,0,60,53,58,20,191,0,0,0,191
02/21/2019,SAV,GA,ASO,ES,Combined TRACON& Tower with Radar,71,51,62,18,202,0,0,20,3,23,71,51,82,21,225,30,10,40,265
02/22/2019,SAV,GA,ASO,ES,Combined TRACON& Tower with Radar,75,62,78,22,237,0,2,31,7,40,75,64,109,29,277,41,10,51,328
02/23/2019,SAV,GA,ASO,ES,Combined TRACON& Tower with Radar,58,49,30,9,146,0,4,0,0,4,58,53,30,9,150,0,0,0,150
02/24/2019,SAV,GA,ASO,ES,Combined TRACON& Tower with Radar,66,63,49,15,193,0,4,19,10,33,66,67,68,25,226,22,0,22,248
02/25/2019,SAV,GA,ASO,ES,Combined TRACON& Tower with Radar,71,45,70,20,206,0,11,63,2,76,71,56,133,22,282,73,11,84,366
02/26/2019,SAV,GA,ASO,ES,Combined TRACON& Tower with Radar,60,63,71,20,214,0,3,50,6,59,60,66,121,26,273,74,14,88,361
02/27/2019,SAV,GA,ASO,ES,Combined TRACON& Tower with Radar,62,74,103,24,263,0,0,32,10,42,62,74,135,34,305,30,10,40,345
02/28/2019,SAV,GA,ASO,ES,Combined TRACON& Tower with Radar,75,69,64,16,224,0,0,31,20,51,75,69,95,36,275,20,6,26,301
03/01/2019,SAV,GA,ASO,ES,Combined TRACON& Tower with Radar,75,59,53,21,208,0,2,20,19,41,75,61,73,40,249,33,0,33,282
03/02/2019,SAV,GA,ASO,ES,Combined TRACON& Tower with Radar,70,40,56,23,189,0,3,23,13,39,70,43,79,36,228,16,37,53,281
03/03/2019,SAV,GA,ASO,ES,Combined TRACON& Tower with Radar,78,52,37,4,171,0,4,1,1,6,78,56,38,5,177,0,0,0,177
03/04/2019,SAV,GA,ASO,ES,Combined TRACON& Tower with Radar,78,57,76,28,239,0,3,52,29,84,78,60,128,57,323,44,16,60,383
03/05/2019,SAV,GA,ASO,ES,Combined TRACON& Tower with Radar,71,61,75,28,235,0,3,38,51,92,71,64,113,79,327,11,11,22,349
03/06/2019,SAV,GA,ASO,ES,Combined TRACON& Tower with Radar,74,69,97,38,278,0,1,60,73,134,74,70,157,111,412,17,16,33,445
03/07/2019,SAV,GA,ASO,ES,Combined TRACON& Tower with Radar,82,68,78,18,246,0,6,91,47,144,82,74,169,65,390,36,15,51,441
03/08/2019,SAV,GA,ASO,ES,Combined TRACON& Tower with Radar,96,52,77,29,254,0,8,53,12,73,96,60,130,41,327,29,21,50,377
03/09/2019,SAV,GA,ASO,ES,Combined TRACON& Tower with Radar,75,53,63,48,239,0,25,57,7,89,75,78,120,55,328,64,30,94,422
03/10/2019,SAV,GA,ASO,ES,Combined TRACON& Tower with Radar,90,43,88,16,237,0,8,37,7,52,90,51,125,23,289,17,0,17,306
03/11/2019,SAV,GA,ASO,ES,Combined TRACON& Tower with Radar,87,50,72,8,217,0,11,30,10,51,87,61,102,18,268,22,26,48,316
03/12/2019,SAV,GA,ASO,ES,Combined TRACON& Tower with Radar,82,42,63,20,207,0,4,57,13,74,82,46,120,33,281,13,28,41,322
03/13/2019,SAV,GA,ASO,ES,Combined TRACON& Tower with Radar,88,53,79,17,237,0,4,37,5,46,88,57,116,22,283,24,4,28,311
03/14/2019,SAV,GA,ASO,ES,Combined TRACON& Tower with Radar,88,63,77,18,246,0,9,48,3,60,88,72,125,21,306,35,4,39,345
03/15/2019,SAV,GA,ASO,ES,Combined TRACON& Tower with Radar,90,57,78,14,239,0,2,42,3,47,90,59,120,17,286,0,0,0,286
03/16/2019,SAV,GA,ASO,ES,Combined TRACON& Tower with Radar,74,47,78,5,204,0,5,76,0,81,74,52,154,5,285,6,0,6,291
03/17/2019,SAV,GA,ASO,ES,Combined TRACON& Tower with Radar,82,42,53,5,182,0,6,41,2,49,82,48,94,7,231,12,0,12,243
03/18/2019,SAV,GA,ASO,ES,Combined TRACON& Tower with Radar,91,51,62,10,214,0,1,49,1,51,91,52,111,11,265,38,0,38,303
03/19/2019,SAV,GA,ASO,ES,Combined TRACON& Tower with Radar,79,57,61,19,216,0,9,31,13,53,79,66,92,32,269,17,6,23,292
03/20/2019,SAV,GA,ASO,ES,Combined TRACON& Tower with Radar,80,50,108,24,262,0,3,40,2,45,80,53,148,26,307,24,14,38,345
03/21/2019,SAV,GA,ASO,ES,Combined TRACON& Tower with Radar,90,54,88,8,240,0,4,35,5,44,90,58,123,13,284,14,12,26,310
03/22/2019,SAV,GA,ASO,ES,Combined TRACON& Tower with Radar,90,60,80,18,248,0,8,44,2,54,90,68,124,20,302,16,8,24,326
03/23/2019,SAV,GA,ASO,ES,Combined TRACON& Tower with Radar,74,37,63,6,180,0,8,59,5,72,74,45,122,11,252,28,0,28,280
03/24/2019,SAV,GA,ASO,ES,Combined TRACON& Tower with Radar,85,43,75,5,208,0,18,50,2,70,85,61,125,7,278,70,0,70,348
03/25/2019,SAV,GA,ASO,ES,Combined TRACON& Tower with Radar,94,41,62,6,203,0,7,33,9,49,94,48,95,15,252,6,0,6,258
03/26/2019,SAV,GA,ASO,ES,Combined TRACON& Tower with Radar,85,46,60,10,201,0,2,10,3,15,85,48,70,13,216,20,2,22,238
03/27/2019,SAV,GA,ASO,ES,Combined TRACON& Tower with Radar,88,68,85,13,254,0,1,45,2,48,88,69,130,15,302,0,0,0,302
03/28/2019,SAV,GA,ASO,ES,Combined TRACON& Tower with Radar,90,70,73,14,247,0,6,47,4,57,90,76,120,18,304,39,0,39,343
03/29/2019,SAV,GA,ASO,ES,Combined TRACON& Tower with Radar,93,51,88,18,250,0,9,74,6,89,93,60,162,24,339,32,8,40,379
03/30/2019,SAV,GA,ASO,ES,Combined TRACON& Tower with Radar,77,51,62,8,198,0,16,63,4,83,77,67,125,12,281,5,0,5,286
03/31/2019,SAV,GA,ASO,ES,Combined TRACON& Tower with Radar,81,59,73,17,230,0,13,24,6,43,81,72,97,23,273,12,0,12,285
04/01/2019,SAV,GA,ASO,ES,Combined TRACON& Tower with Radar,90,61,72,24,247,0,0,24,2,26,90,61,96,26,273,34,23,57,330
04/02/2019,SAV,GA,ASO,ES,Combined TRACON& Tower with Radar,88,62,66,15,231,0,2,9,2,13,88,64,75,17,244,32,8,40,284
04/03/2019,SAV,GA,ASO,ES,Combined TRACON& Tower with Radar,84,72,78,10,244,0,3,62,4,69,84,75,140,14,313,28,0,28,341
04/04/2019,SAV,GA,ASO,ES,Combined TRACON& Tower with Radar,88,49,91,14,242,0,2,46,0,48,88,51,137,14,290,40,0,40,330
04/05/2019,SAV,GA,ASO,ES,Combined TRACON& Tower with Radar,92,55,66,32,245,0,0,14,6,20,92,55,80,38,265,12,47,59,324
04/06/2019,SAV,GA,ASO,ES,Combined TRACON& Tower with Radar,76,41,47,23,187,0,0,20,5,25,76,41,67,28,212,45,14,59,271
04/07/2019,SAV,GA,ASO,ES,Combined TRACON& Tower with Radar,79,44,58,11,192,0,0,33,3,36,79,44,91,14,228,0,8,8,236
04/08/2019,SAV,GA,ASO,ES,Combined TRACON& Tower with Radar,86,51,54,11,202,0,1,21,1,23,86,52,75,12,225,0,0,0,225
04/09/2019,SAV,GA,ASO,ES,Combined TRACON& Tower with Radar,82,53,61,29,225,0,0,13,4,17,82,53,74,33,242,11,11,22,264
04/10/2019,SAV,GA,ASO,ES,Combined TRACON& Tower with Radar,82,59,89,38,268,0,2,40,4,46,82,61,129,42,314,68,0,68,382
04/11/2019,SAV,GA,ASO,ES,Combined TRACON& Tower with Radar,88,61,88,42,279,0,1,34,1,36,88,62,122,43,315,41,0,41,356
04/12/2019,SAV,GA,ASO,ES,Combined TRACON& Tower with Radar,86,75,83,41,285,0,1,29,4,34,86,76,112,45,319,0,0,0,319
04/13/2019,SAV,GA,ASO,ES,Combined TRACON& Tower with Radar,76,51,48,17,192,0,0,23,0,23,76,51,71,17,215,46,0,46,261
04/14/2019,SAV,GA,ASO,ES,Combined TRACON& Tower with Radar,79,59,63,2,203,0,0,5,0,5,79,59,68,2,208,8,0,8,216
04/15/2019,SAV,GA,ASO,ES,Combined TRACON& Tower with Radar,87,64,72,33,256,0,2,40,4,46,87,66,112,37,302,38,6,44,346
04/16/2019,SAV,GA,ASO,ES,Combined TRACON& Tower with Radar,81,60,92,25,258,0,2,74,4,80,81,62,166,29,338,2,0,2,340
04/17/2019,SAV,GA,ASO,ES,Combined TRACON& Tower with Radar,82,56,75,15,228,0,1,59,4,64,82,57,134,19,292,44,0,44,336
04/18/2019,SAV,GA,ASO,ES,Combined TRACON& Tower with Radar,91,67,85,23,266,0,1,57,6,64,91,68,142,29,330,50,8,58,388
04/19/2019,SAV,GA,ASO,ES,Combined TRACON& Tower with Radar,85,47,36,6,174,0,0,3,2,5,85,47,39,8,179,0,0,0,179
04/20/2019,SAV,GA,ASO,ES,Combined TRACON& Tower with Radar,78,46,62,2,188,0,0,51,2,53,78,46,113,4,241,8,0,8,249
04/21/2019,SAV,GA,ASO,ES,Combined TRACON& Tower with Radar,86,53,47,3,189,0,0,35,1,36,86,53,82,4,225,0,0,0,225
04/22/2019,SAV,GA,ASO,ES,Combined TRACON& Tower with Radar,90,68,80,13,251,0,3,63,2,68,90,71,143,15,319,30,0,30,349
04/23/2019,SAV,GA,ASO,ES,Combined TRACON& Tower with Radar,80,64,80,17,241,0,9,45,6,60,80,73,125,23,301,40,13,53,354
04/24/2019,SAV,GA,ASO,ES,Combined TRACON& Tower with Radar,79,63,76,23,241,0,7,47,8,62,79,70,123,31,303,34,4,38,341
04/25/2019,SAV,GA,ASO,ES,Combined TRACON& Tower with Radar,89,64,74,24,251,0,1,46,7,54,89,65,120,31,305,17,2,19,324
04/26/2019,SAV,GA,ASO,ES,Combined TRACON& Tower with Radar,84,68,78,9,239,0,0,26,6,32,84,68,104,15,271,6,2,8,279
04/27/2019,SAV,GA,ASO,ES,Combined TRACON& Tower with Radar,74,40,82,3,199,0,0,85,0,85,74,40,167,3,284,48,0,48,332
04/28/2019,SAV,GA,ASO,ES,Combined TRACON& Tower with Radar,81,63,85,3,232,0,3,52,2,57,81,66,137,5,289,2,0,2,291
04/29/2019,SAV,GA,ASO,ES,Combined TRACON& Tower with Radar,92,67,71,33,263,0,2,47,7,56,92,69,118,40,319,28,4,32,351
04/30/2019,SAV,GA,ASO,ES,Combined TRACON& Tower with Radar,82,61,77,6,226,0,3,39,3,45,82,64,116,9,271,17,0,17,288
05/01/2019,SAV,GA,ASO,ES,Combined TRACON& Tower with Radar,82,62,81,10,235,0,3,50,11,64,82,65,131,21,299,12,14,26,325
05/02/2019,SAV,GA,ASO,ES,Combined TRACON& Tower with Radar,90,62,97,10,259,0,0,43,12,55,90,62,140,22,314,16,4,20,334
05/03/2019,SAV,GA,ASO,ES,Combined TRACON& Tower with Radar,93,53,66,22,234,0,0,8,6,14,93,53,74,28,248,0,14,14,262
05/04/2019,SAV,GA,ASO,ES,Combined TRACON& Tower with Radar,84,37,47,4,172,0,0,29,8,37,84,37,76,12,209,27,0,27,236
05/05/2019,SAV,GA,ASO,ES,Combined TRACON& Tower with Radar,88,49,70,24,231,0,2,7,6,15,88,51,77,30,246,11,0,11,257
05/06/2019,SAV,GA,ASO,ES,Combined TRACON& Tower with Radar,101,42,69,7,219,0,1,55,8,64,101,43,124,15,283,36,12,48,331
05/07/2019,SAV,GA,ASO,ES,Combined TRACON& Tower with Radar,80,46,55,7,188,0,1,35,2,38,80,47,90,9,226,32,4,36,262
05/08/2019,SAV,GA,ASO,ES,Combined TRACON& Tower with Radar,82,52,73,16,223,0,2,53,8,63,82,54,126,24,286,34,4,38,324
05/09/2019,SAV,GA,ASO,ES,Combined TRACON& Tower with Radar,94,71,96,18,279,0,2,32,7,41,94,73,128,25,320,16,14,30,350
05/10/2019,SAV,GA,ASO,ES,Combined TRACON& Tower with Radar,92,68,80,21,261,0,3,40,1,44,92,71,120,22,305,32,8,40,345
05/11/2019,SAV,GA,ASO,ES,Combined TRACON& Tower with Radar,81,33,54,3,171,0,0,45,0,45,81,33,99,3,216,84,0,84,300
05/12/2019,SAV,GA,ASO,ES,Combined TRACON& Tower with Radar,88,36,32,0,156,0,0,9,0,9,88,36,41,0,165,20,0,20,185
05/13/2019,SAV,GA,ASO,ES,Combined TRACON& Tower with Radar,101,63,70,5,239,0,0,19,2,21,101,63,89,7,260,58,0,58,318
05/14/2019,SAV,GA,ASO,ES,Combined TRACON& Tower with Radar,80,63,82,8,233,0,5,72,3,80,80,68,154,11,313,20,22,42,355
05/15/2019,SAV,GA,ASO,ES,Combined TRACON& Tower with Radar,85,66,82,11,244,0,5,50,4,59,85,71,132,15,303,97,0,97,400
05/16/2019,SAV,GA,ASO,ES,Combined TRACON& Tower with Radar,95,69,93,5,262,0,4,50,4,58,95,73,143,9,320,48,6,54,374
05/17/2019,SAV,GA,ASO,ES,Combined TRACON& Tower with Radar,100,62,94,21,277,0,3,66,0,69,100,65,160,21,346,14,0,14,360
05/18/2019,SAV,GA,ASO,ES,Combined TRACON& Tower with Radar,85,42,69,13,209,0,7,42,1,50,85,49,111,14,259,104,0,104,363
05/19/2019,SAV,GA,ASO,ES,Combined TRACON& Tower with Radar,90,56,76,9,231,0,2,42,0,44,90,58,118,9,275,30,8,38,313
05/20/2019,SAV,GA,ASO,ES,Combined TRACON& Tower with Radar,94,68,65,4,231,0,11,50,1,62,94,79,115,5,293,30,2,32,325
05/21/2019,SAV,GA,ASO,ES,Combined TRACON& Tower with Radar,80,70,97,8,255,0,2,48,1,51,80,72,145,9,306,66,6,72,378
05/22/2019,SAV,GA,ASO,ES,Combined TRACON& Tower with Radar,86,79,64,12,241,0,2,58,2,62,86,81,122,14,303,32,0,32,335
05/23/2019,SAV,GA,ASO,ES,Combined TRACON& Tower with Radar,94,60,76,16,246,0,0,57,1,58,94,60,133,17,304,73,0,73,377
05/24/2019,SAV,GA,ASO,ES,Combined TRACON& Tower with Radar,94,52,104,6,256,0,4,59,1,64,94,56,163,7,320,80,0,80,400
05/25/2019,SAV,GA,ASO,ES,Combined TRACON& Tower with Radar,91,32,47,0,170,0,0,45,0,45,91,32,92,0,215,78,0,78,293
05/26/2019,SAV,GA,ASO,ES,Combined TRACON& Tower with Radar,94,22,53,2,171,0,3,37,1,41,94,25,90,3,212,0,0,0,212
05/27/2019,SAV,GA,ASO,ES,Combined TRACON& Tower with Radar,94,33,70,0,197,0,2,36,0,38,94,35,106,0,235,30,0,30,265
05/28/2019,SAV,GA,ASO,ES,Combined TRACON& Tower with Radar,80,54,68,5,207,0,9,51,2,62,80,63,119,7,269,12,0,12,281
05/29/2019,SAV,GA,ASO,ES,Combined TRACON& Tower with Radar,84,53,64,8,209,0,2,36,2,40,84,55,100,10,249,25,0,25,274
05/30/2019,SAV,GA,ASO,ES,Combined TRACON& Tower with Radar,96,69,71,3,239,0,8,58,5,71,96,77,129,8,310,25,6,31,341
05/31/2019,SAV,GA,ASO,ES,Combined TRACON& Tower with Radar,97,50,61,17,225,0,1,46,2,49,97,51,107,19,274,76,0,76,350
06/01/2019,SAV,GA,ASO,ES,Combined TRACON& Tower with Radar,86,34,41,11,172,0,0,50,0,50,86,34,91,11,222,47,0,47,269
06/02/2019,SAV,GA,ASO,ES,Combined TRACON& Tower with Radar,91,35,71,6,203,0,6,27,1,34,91,41,98,7,237,72,6,78,315
06/03/2019,SAV,GA,ASO,ES,Combined TRACON& Tower with Radar,92,55,54,24,225,0,4,37,3,44,92,59,91,27,269,34,17,51,320
06/04/2019,SAV,GA,ASO,ES,Combined TRACON& Tower with Radar,81,52,75,7,215,0,2,38,3,43,81,54,113,10,258,60,0,60,318
06/05/2019,SAV,GA,ASO,ES,Combined TRACON& Tower with Radar,89,54,64,4,211,0,0,34,2,36,89,54,98,6,247,43,0,43,290
06/06/2019,SAV,GA,ASO,ES,Combined TRACON& Tower with Radar,101,52,57,4,214,0,0,19,0,19,101,52,76,4,233,30,0,30,263
06/07/2019,SAV,GA,ASO,ES,Combined TRACON& Tower with Radar,107,49,57,14,227,0,0,27,1,28,107,49,84,15,255,90,8,98,353
06/08/2019,SAV,GA,ASO,ES,Combined TRACON& Tower with Radar,114,37,35,17,203,0,0,12,0,12,114,37,47,17,215,111,4,115,330
06/09/2019,SAV,GA,ASO,ES,Combined TRACON& Tower with Radar,104,43,51,24,222,0,0,12,0,12,104,43,63,24,234,80,0,80,314
06/10/2019,SAV,GA,ASO,ES,Combined TRACON& Tower with Radar,104,40,56,10,210,0,1,11,1,13,104,41,67,11,223,32,5,37,260
06/11/2019,SAV,GA,ASO,ES,Combined TRACON& Tower with Radar,90,36,75,3,204,0,1,18,2,21,90,37,93,5,225,92,0,92,317
06/12/2019,SAV,GA,ASO,ES,Combined TRACON& Tower with Radar,102,47,40,12,201,0,0,6,0,6,102,47,46,12,207,20,0,20,227
06/13/2019,SAV,GA,ASO,ES,Combined TRACON& Tower with Radar,105,45,70,22,242,0,2,36,3,41,105,47,106,25,283,85,14,99,382
06/14/2019,SAV,GA,ASO,ES,Combined TRACON& Tower with Radar,103,55,65,10,233,0,7,70,9,86,103,62,135,19,319,103,7,110,429
06/15/2019,SAV,GA,ASO,ES,Combined TRACON& Tower with Radar,112,41,62,5,220,0,4,55,0,59,112,45,117,5,279,36,0,36,315
06/16/2019,SAV,GA,ASO,ES,Combined TRACON& Tower with Radar,102,33,66,5,206,0,4,45,2,51,102,37,111,7,257,24,12,36,293
06/17/2019,SAV,GA,ASO,ES,Combined TRACON& Tower with Radar,108,37,64,21,230,3,8,43,4,58,111,45,107,25,288,54,0,54,342
06/18/2019,SAV,GA,ASO,ES,Combined TRACON& Tower with Radar,92,46,56,25,219,0,8,29,3,40,92,54,85,28,259,60,0,60,319
06/19/2019,SAV,GA,ASO,ES,Combined TRACON& Tower with Radar,98,40,78,21,237,0,0,17,0,17,98,40,95,21,254,59,2,61,315
06/20/2019,SAV,GA,ASO,ES,Combined TRACON& Tower with Radar,102,48,67,19,236,0,6,26,3,35,102,54,93,22,271,77,0,77,348
06/21/2019,SAV,GA,ASO,ES,Combined TRACON& Tower with Radar,105,40,62,8,215,0,2,44,0,46,105,42,106,8,261,111,0,111,372
06/22/2019,SAV,GA,ASO,ES,Combined TRACON& Tower with Radar,109,31,39,2,181,0,0,31,0,31,109,31,70,2,212,45,0,45,257
06/23/2019,SAV,GA,ASO,ES,Combined TRACON& Tower with Radar,100,34,57,4,195,0,2,35,0,37,100,36,92,4,232,36,0,36,268
06/24/2019,SAV,GA,ASO,ES,Combined TRACON& Tower with Radar,102,40,74,9,225,0,4,54,2,60,102,44,128,11,285,49,14,63,348
06/25/2019,SAV,GA,ASO,ES,Combined TRACON& Tower with Radar,99,39,62,15,215,0,4,52,5,61,99,43,114,20,276,68,10,78,354
06/26/2019,SAV,GA,ASO,ES,Combined TRACON& Tower with Radar,102,40,60,9,211,0,0,45,3,48,102,40,105,12,259,140,0,140,399
06/27/2019,SAV,GA,ASO,ES,Combined TRACON& Tower with Radar,105,45,67,11,228,0,2,62,2,66,105,47,129,13,294,45,0,45,339
06/28/2019,SAV,GA,ASO,ES,Combined TRACON& Tower with Radar,101,34,65,19,219,0,0,41,4,45,101,34,106,23,264,66,0,66,330
06/29/2019,SAV,GA,ASO,ES,Combined TRACON& Tower with Radar,105,35,42,10,192,0,0,51,0,51,105,35,93,10,243,46,6,52,295
06/30/2019,SAV,GA,ASO,ES,Combined TRACON& Tower with Radar,100,28,48,4,180,0,0,41,1,42,100,28,89,5,222,46,0,46,268
07/01/2019,SAV,GA,ASO,ES,Combined TRACON& Tower with Radar,98,37,48,6,189,0,5,49,6,60,98,42,97,12,249,46,0,46,295
07/02/2019,SAV,GA,ASO,ES,Combined TRACON& Tower with Radar,92,35,61,7,195,0,4,48,5,57,92,39,109,12,252,60,4,64,316
07/03/2019,SAV,GA,ASO,ES,Combined TRACON& Tower with Radar,98,45,47,18,208,0,5,66,2,73,98,50,113,20,281,64,0,64,345
07/04/2019,SAV,GA,ASO,ES,Combined TRACON& Tower with Radar,85,19,22,1,127,0,0,30,0,30,85,19,52,1,157,32,0,32,189
07/05/2019,SAV,GA,ASO,ES,Combined TRACON& Tower with Radar,98,27,33,0,158,0,0,45,0,45,98,27,78,0,203,20,0,20,223
07/06/2019,SAV,GA,ASO,ES,Combined TRACON& Tower with Radar,99,27,59,1,186,0,0,48,1,49,99,27,107,2,235,87,0,87,322
07/07/2019,SAV,GA,ASO,ES,Combined TRACON& Tower with Radar,103,36,50,0,189,0,0,22,0,22,103,36,72,0,211,45,0,45,256
07/08/2019,SAV,GA,ASO,ES,Combined TRACON& Tower with Radar,107,46,55,15,223,0,3,38,2,43,107,49,93,17,266,48,0,48,314
07/09/2019,SAV,GA,ASO,ES,Combined TRACON& Tower with Radar,99,49,73,35,256,0,2,27,4,33,99,51,100,39,289,55,14,69,358
07/10/2019,SAV,GA,ASO,ES,Combined TRACON& Tower with Radar,103,33,44,16,196,0,2,31,5,38,103,35,75,21,234,29,20,49,283
07/11/2019,SAV,GA,ASO,ES,Combined TRACON& Tower with Radar,98,60,71,10,239,0,2,40,3,45,98,62,111,13,284,42,6,48,332
07/12/2019,SAV,GA,ASO,ES,Combined TRACON& Tower with Radar,111,34,48,13,206,0,0,36,3,39,111,34,84,16,245,42,0,42,287
07/13/2019,SAV,GA,ASO,ES,Combined TRACON& Tower with Radar,115,39,61,1,216,0,0,33,0,33,115,39,94,1,249,40,0,40,289
07/14/2019,SAV,GA,ASO,ES,Combined TRACON& Tower with Radar,107,33,39,9,188,0,0,29,2,31,107,33,68,11,219,14,6,20,239
07/15/2019,SAV,GA,ASO,ES,Combined TRACON& Tower with Radar,116,38,65,15,234,0,0,57,7,64,116,38,122,22,298,12,0,12,310
07/16/2019,SAV,GA,ASO,ES,Combined TRACON& Tower with Radar,103,41,60,42,246,0,4,47,7,58,103,45,107,49,304,59,34,93,397
07/17/2019,SAV,GA,ASO,ES,Combined TRACON& Tower with Radar,103,36,70,7,216,0,2,48,0,50,103,38,118,7,266,37,0,37,303
07/18/2019,SAV,GA,ASO,ES,Combined TRACON& Tower with Radar,93,38,55,13,199,0,3,47,2,52,93,41,102,15,251,59,10,69,320
07/19/2019,SAV,GA,ASO,ES,Combined TRACON& Tower with Radar,108,37,61,23,229,0,2,49,1,52,108,39,110,24,281,49,0,49,330
07/20/2019,SAV,GA,ASO,ES,Combined TRACON& Tower with Radar,114,40,48,8,210,0,8,42,6,56,114,48,90,14,266,74,11,85,351
07/21/2019,SAV,GA,ASO,ES,Combined TRACON& Tower with Radar,103,22,38,11,174,0,2,39,1,42,103,24,77,12,216,53,4,57,273
07/22/2019,SAV,GA,ASO,ES,Combined TRACON& Tower with Radar,102,59,45,9,215,0,0,47,4,51,102,59,92,13,266,110,2,112,378
07/23/2019,SAV,GA,ASO,ES,Combined TRACON& Tower with Radar,103,59,56,25,243,0,0,38,4,42,103,59,94,29,285,52,5,57,342
07/24/2019,SAV,GA,ASO,ES,Combined TRACON& Tower with Radar,103,42,71,17,233,0,0,30,3,33,103,42,101,20,266,16,0,16,282
07/25/2019,SAV,GA,ASO,ES,Combined TRACON& Tower with Radar,107,47,50,4,208,0,4,62,5,71,107,51,112,9,279,60,4,64,343
07/26/2019,SAV,GA,ASO,ES,Combined TRACON& Tower with Radar,110,29,73,5,217,0,4,60,1,65,110,33,133,6,282,46,0,46,328
07/27/2019,SAV,GA,ASO,ES,Combined TRACON& Tower with Radar,114,26,39,5,184,0,4,38,2,44,114,30,77,7,228,59,0,59,287
07/28/2019,SAV,GA,ASO,ES,Combined TRACON& Tower with Radar,107,24,51,11,193,0,0,48,4,52,107,24,99,15,245,48,0,48,293
07/29/2019,SAV,GA,ASO,ES,Combined TRACON& Tower with Radar,109,25,76,18,228,0,2,57,6,65,109,27,133,24,293,64,14,78,371
07/30/2019,SAV,GA,ASO,ES,Combined TRACON& Tower with Radar,98,42,51,10,201,0,10,65,5,80,98,52,116,15,281,129,0,129,410
07/31/2019,SAV,GA,ASO,ES,Combined TRACON& Tower with Radar,100,38,66,13,217,0,3,64,10,77,100,41,130,23,294,68,0,68,362
08/01/2019,SAV,GA,ASO,ES,Combined TRACON& Tower with Radar,102,42,64,8,216,0,5,58,12,75,102,47,122,20,291,68,0,68,359
08/02/2019,SAV,GA,ASO,ES,Combined TRACON& Tower with Radar,104,36,60,3,203,0,0,13,0,13,104,36,73,3,216,54,0,54,270
08/03/2019,SAV,GA,ASO,ES,Combined TRACON& Tower with Radar,113,26,40,6,185,0,1,23,1,25,113,27,63,7,210,46,0,46,256
08/04/2019,SAV,GA,ASO,ES,Combined TRACON& Tower with Radar,100,37,60,2,199,0,0,17,0,17,100,37,77,2,216,49,0,49,265
08/05/2019,SAV,GA,ASO,ES,Combined TRACON& Tower with Radar,106,38,41,21,206,0,0,31,1,32,106,38,72,22,238,76,0,76,314
08/06/2019,SAV,GA,ASO,ES,Combined TRACON& Tower with Radar,101,53,56,11,221,0,0,14,6,20,101,53,70,17,241,28,6,34,275
08/07/2019,SAV,GA,ASO,ES,Combined TRACON& Tower with Radar,82,35,61,35,213,0,4,64,1,69,82,39,125,36,282,24,0,24,306
08/08/2019,SAV,GA,ASO,ES,Combined TRACON& Tower with Radar,105,47,79,19,250,0,4,62,2,68,105,51,141,21,318,12,10,22,340
08/09/2019,SAV,GA,ASO,ES,Combined TRACON& Tower with Radar,109,43,59,9,220,0,0,65,4,69,109,43,124,13,289,55,12,67,356
08/10/2019,SAV,GA,ASO,ES,Combined TRACON& Tower with Radar,112,28,39,3,182,0,6,67,3,76,112,34,106,6,258,17,4,21,279
08/11/2019,SAV,GA,ASO,ES,Combined TRACON& Tower with Radar,109,36,48,4,197,0,2,34,2,38,109,38,82,6,235,76,10,86,321
08/12/2019,SAV,GA,ASO,ES,Combined TRACON& Tower with Radar,109,36,79,5,229,0,3,38,1,42,109,39,117,6,271,53,0,53,324
08/13/2019,SAV,GA,ASO,ES,Combined TRACON& Tower with Radar,92,48,64,28,232,0,2,56,4,62,92,50,120,32,294,65,29,94,388
08/14/2019,SAV,GA,ASO,ES,Combined TRACON& Tower with Radar,91,43,56,19,209,0,1,24,2,27,91,44,80,21,236,16,12,28,264
08/15/2019,SAV,GA,ASO,ES,Combined TRACON& Tower with Radar,99,55,66,4,224,0,1,45,0,46,99,56,111,4,270,28,0,28,298
08/16/2019,SAV,GA,ASO,ES,Combined TRACON& Tower with Radar,99,48,58,4,209,0,0,12,1,13,99,48,70,5,222,24,8,32,254
08/17/2019,SAV,GA,ASO,ES,Combined TRACON& Tower with Radar,103,19,43,5,170,0,1,9,0,10,103,20,52,5,180,33,0,33,213
08/18/2019,SAV,GA,ASO,ES,Combined TRACON& Tower with Radar,98,28,69,2,197,0,1,27,4,32,98,29,96,6,229,100,0,100,329
08/19/2019,SAV,GA,ASO,ES,Combined TRACON& Tower with Radar,96,38,77,21,232,0,0,36,1,37,96,38,113,22,269,52,0,52,321
08/20/2019,SAV,GA,ASO,ES,Combined TRACON& Tower with Radar,84,34,71,25,214,0,4,62,7,73,84,38,133,32,287,72,4,76,363
08/21/2019,SAV,GA,ASO,ES,Combined TRACON& Tower with Radar,89,39,59,17,204,0,8,50,12,70,89,47,109,29,274,50,16,66,340
08/22/2019,SAV,GA,ASO,ES,Combined TRACON& Tower with Radar,100,41,72,27,240,0,3,55,8,66,100,44,127,35,306,49,4,53,359
08/23/2019,SAV,GA,ASO,ES,Combined TRACON& Tower with Radar,96,44,101,22,263,0,2,71,8,81,96,46,172,30,344,15,0,15,359
08/24/2019,SAV,GA,ASO,ES,Combined TRACON& Tower with Radar,94,28,38,4,164,0,0,39,4,43,94,28,77,8,207,32,0,32,239
08/25/2019,SAV,GA,ASO,ES,Combined TRACON& Tower with Radar,98,30,57,9,194,0,0,15,2,17,98,30,72,11,211,4,0,4,215
08/26/2019,SAV,GA,ASO,ES,Combined TRACON& Tower with Radar,100,68,62,20,250,0,6,52,3,61,100,74,114,23,311,20,10,30,341
08/27/2019,SAV,GA,ASO,ES,Combined TRACON& Tower with Radar,92,39,57,23,211,0,0,43,3,46,92,39,100,26,257,45,0,45,302
08/28/2019,SAV,GA,ASO,ES,Combined TRACON& Tower with Radar,93,46,72,13,224,0,0,29,0,29,93,46,101,13,253,45,0,45,298
08/29/2019,SAV,GA,ASO,ES,Combined TRACON& Tower with Radar,101,45,56,15,217,0,6,45,1,52,101,51,101,16,269,64,0,64,333
08/30/2019,SAV,GA,ASO,ES,Combined TRACON& Tower with Radar,97,44,61,13,215,0,1,48,3,52,97,45,109,16,267,40,0,40,307
08/31/2019,SAV,GA,ASO,ES,Combined TRACON& Tower with Radar,86,26,33,3,148,0,0,9,0,9,86,26,42,3,157,26,0,26,183
09/01/2019,SAV,GA,ASO,ES,Combined TRACON& Tower with Radar,80,26,31,3,140,0,1,8,1,10,80,27,39,4,150,17,0,17,167
09/02/2019,SAV,GA,ASO,ES,Combined TRACON& Tower with Radar,98,59,58,0,215,0,3,14,1,18,98,62,72,1,233,0,0,0,233
09/03/2019,SAV,GA,ASO,ES,Combined TRACON& Tower with Radar,88,26,22,0,136,0,0,1,4,5,88,26,23,4,141,0,0,0,141
09/04/2019,SAV,GA,ASO,ES,Combined TRACON& Tower with Radar,34,2,3,0,39,0,0,1,0,1,34,2,4,0,40,0,0,0,40
09/05/2019,SAV,GA,ASO,ES,Combined TRACON& Tower with Radar,20,9,13,0,42,0,0,9,2,11,20,9,22,2,53,0,0,0,53
09/06/2019,SAV,GA,ASO,ES,Combined TRACON& Tower with Radar,83,59,63,12,217,0,2,73,7,82,83,61,136,19,299,10,0,10,309
09/07/2019,SAV,GA,ASO,ES,Combined TRACON& Tower with Radar,75,29,55,13,172,0,3,69,4,76,75,32,124,17,248,62,6,68,316
09/08/2019,SAV,GA,ASO,ES,Combined TRACON& Tower with Radar,91,42,46,9,188,0,0,29,3,32,91,42,75,12,220,48,7,55,275
09/09/2019,SAV,GA,ASO,ES,Combined TRACON& Tower with Radar,91,40,44,20,195,0,0,31,1,32,91,40,75,21,227,12,0,12,239
09/10/2019,SAV,GA,ASO,ES,Combined TRACON& Tower with Radar,87,50,59,23,219,0,1,48,5,54,87,51,107,28,273,35,13,48,321
09/11/2019,SAV,GA,ASO,ES,Combined TRACON& Tower with Radar,81,48,76,22,227,0,0,41,7,48,81,48,117,29,275,46,5,51,326
09/12/2019,SAV,GA,ASO,ES,Combined TRACON& Tower with Radar,93,67,70,28,258,0,2,49,4,55,93,69,119,32,313,35,6,41,354
09/13/2019,SAV,GA,ASO,ES,Combined TRACON& Tower with Radar,90,45,68,5,208,0,2,46,5,53,90,47,114,10,261,37,0,37,298
09/14/2019,SAV,GA,ASO,ES,Combined TRACON& Tower with Radar,78,51,55,3,187,0,0,13,3,16,78,51,68,6,203,44,0,44,247
09/15/2019,SAV,GA,ASO,ES,Combined TRACON& Tower with Radar,93,38,39,10,180,0,0,30,2,32,93,38,69,12,212,20,0,20,232
09/16/2019,SAV,GA,ASO,ES,Combined TRACON& Tower with Radar,91,51,63,17,222,0,0,43,1,44,91,51,106,18,266,22,10,32,298
09/17/2019,SAV,GA,ASO,ES,Combined TRACON& Tower with Radar,79,75,83,15,252,0,2,72,7,81,79,77,155,22,333,37,0,37,370
09/18/2019,SAV,GA,ASO,ES,Combined TRACON& Tower with Radar,82,62,61,19,224,0,0,17,3,20,82,62,78,22,244,22,16,38,282
09/19/2019,SAV,GA,ASO,ES,Combined TRACON& Tower with Radar,94,47,81,18,240,0,3,56,5,64,94,50,137,23,304,48,0,48,352
09/20/2019,SAV,GA,ASO,ES,Combined TRACON& Tower with Radar,91,56,69,20,236,0,3,76,5,84,91,59,145,25,320,46,0,46,366
09/21/2019,SAV,GA,ASO,ES,Combined TRACON& Tower with Radar,80,43,45,6,174,0,1,55,7,63,80,44,100,13,237,11,0,11,248
09/22/2019,SAV,GA,ASO,ES,Combined TRACON& Tower with Radar,93,46,86,10,235,0,2,56,9,67,93,48,142,19,302,12,0,12,314
09/23/2019,SAV,GA,ASO,ES,Combined TRACON& Tower with Radar,88,53,56,8,205,0,2,45,1,48,88,55,101,9,253,77,0,77,330
09/24/2019,SAV,GA,ASO,ES,Combined TRACON& Tower with Radar,84,59,71,13,227,0,3,58,5,66,84,62,129,18,293,69,6,75,368
09/25/2019,SAV,GA,ASO,ES,Combined TRACON& Tower with Radar,84,39,80,7,210,0,2,62,1,65,84,41,142,8,275,52,0,52,327
09/26/2019,SAV,GA,ASO,ES,Combined TRACON& Tower with Radar,97,61,82,8,248,0,3,59,6,68,97,64,141,14,316,52,10,62,378
09/27/2019,SAV,GA,ASO,ES,Combined TRACON& Tower with Radar,90,48,90,8,236,0,5,47,0,52,90,53,137,8,288,50,0,50,338
09/28/2019,SAV,GA,ASO,ES,Combined TRACON& Tower with Radar,85,36,35,10,166,0,4,56,1,61,85,40,91,11,227,34,0,34,261
09/29/2019,SAV,GA,ASO,ES,Combined TRACON& Tower with Radar,91,43,58,5,197,0,2,39,2,43,91,45,97,7,240,33,0,33,273
09/30/2019,SAV,GA,ASO,ES,Combined TRACON& Tower with Radar,89,48,62,12,211,0,0,59,4,63,89,48,121,16,274,39,32,71,345
10/01/2019,SAV,GA,ASO,ES,Combined TRACON& Tower with Radar,84,59,49,25,217,0,5,36,6,47,84,64,85,31,264,22,4,26,290
10/02/2019,SAV,GA,ASO,ES,Combined TRACON& Tower with Radar,83,39,67,17,206,0,2,47,1,50,83,41,114,18,256,54,2,56,312
10/03/2019,SAV,GA,ASO,ES,Combined TRACON& Tower with Radar,98,53,98,8,257,0,0,58,10,68,98,53,156,18,325,70,6,76,401
10/04/2019,SAV,GA,ASO,ES,Combined TRACON& Tower with Radar,95,50,64,26,235,0,8,49,7,64,95,58,113,33,299,39,12,51,350
10/05/2019,SAV,GA,ASO,ES,Combined TRACON& Tower with Radar,93,26,42,9,170,0,0,14,5,19,93,26,56,14,189,4,0,4,193
10/06/2019,SAV,GA,ASO,ES,Combined TRACON& Tower with Radar,96,42,66,8,212,0,0,32,0,32,96,42,98,8,244,68,0,68,312
10/07/2019,SAV,GA,ASO,ES,Combined TRACON& Tower with Radar,95,46,55,12,208,0,2,32,1,35,95,48,87,13,243,18,22,40,283
10/08/2019,SAV,GA,ASO,ES,Combined TRACON& Tower with Radar,82,49,53,15,199,0,0,47,4,51,82,49,100,19,250,44,28,72,322
10/09/2019,SAV,GA,ASO,ES,Combined TRACON& Tower with Radar,79,42,58,23,202,0,2,33,0,35,79,44,91,23,237,88,0,88,325
10/10/2019,SAV,GA,ASO,ES,Combined TRACON& Tower with Radar,98,67,65,9,239,0,1,51,6,58,98,68,116,15,297,77,4,81,378
10/11/2019,SAV,GA,ASO,ES,Combined TRACON& Tower with Radar,94,60,80,11,245,0,7,62,6,75,94,67,142,17,320,52,0,52,372
10/12/2019,SAV,GA,ASO,ES,Combined TRACON& Tower with Radar,91,25,55,4,175,0,1,47,0,48,91,26,102,4,223,28,0,28,251
10/13/2019,SAV,GA,ASO,ES,Combined TRACON& Tower with Radar,95,37,65,4,201,0,1,59,0,60,95,38,124,4,261,48,0,48,309
10/14/2019,SAV,GA,ASO,ES,Combined TRACON& Tower with Radar,95,53,65,0,213,0,1,42,0,43,95,54,107,0,256,10,0,10,266
10/15/2019,SAV,GA,ASO,ES,Combined TRACON& Tower with Radar,86,33,56,4,179,0,0,2,0,2,86,33,58,4,181,0,0,0,181
10/16/2019,SAV,GA,ASO,ES,Combined TRACON& Tower with Radar,79,43,53,10,185,0,3,17,1,21,79,46,70,11,206,4,0,4,210
10/17/2019,SAV,GA,ASO,ES,Combined TRACON& Tower with Radar,93,56,73,13,235,0,5,62,7,74,93,61,135,20,309,61,11,72,381
10/18/2019,SAV,GA,ASO,ES,Combined TRACON& Tower with Radar,97,49,99,9,254,0,0,60,1,61,97,49,159,10,315,92,0,92,407
10/19/2019,SAV,GA,ASO,ES,Combined TRACON& Tower with Radar,97,36,29,1,163,0,0,0,0,0,97,36,29,1,163,0,0,0,163
10/20/2019,SAV,GA,ASO,ES,Combined TRACON& Tower with Radar,97,38,86,7,228,0,0,36,0,36,97,38,122,7,264,24,0,24,288
10/21/2019,SAV,GA,ASO,ES,Combined TRACON& Tower with Radar,92,57,70,22,241,0,1,30,5,36,92,58,100,27,277,58,0,58,335
10/22/2019,SAV,GA,ASO,ES,Combined TRACON& Tower with Radar,84,54,59,22,219,0,0,27,5,32,84,54,86,27,251,59,7,66,317
10/23/2019,SAV,GA,ASO,ES,Combined TRACON& Tower with Radar,89,50,87,21,247,0,2,64,6,72,89,52,151,27,319,83,7,90,409
10/24/2019,SAV,GA,ASO,ES,Combined TRACON& Tower with Radar,100,65,69,15,249,0,1,46,4,51,100,66,115,19,300,51,0,51,351
10/25/2019,SAV,GA,ASO,ES,Combined TRACON& Tower with Radar,95,51,73,31,250,0,1,49,6,56,95,52,122,37,306,8,0,8,314
10/26/2019,SAV,GA,ASO,ES,Combined TRACON& Tower with Radar,94,50,51,14,209,0,2,45,2,49,94,52,96,16,258,12,3,15,273
10/27/2019,SAV,GA,ASO,ES,Combined TRACON& Tower with Radar,92,49,76,11,228,0,0,9,4,13,92,49,85,15,241,44,0,44,285
10/28/2019,SAV,GA,ASO,ES,Combined TRACON& Tower with Radar,84,42,80,19,225,0,4,72,2,78,84,46,152,21,303,46,4,50,353
10/29/2019,SAV,GA,ASO,ES,Combined TRACON& Tower with Radar,81,44,66,10,201,0,0,5,0,5,81,44,71,10,206,12,0,12,218
10/30/2019,SAV,GA,ASO,ES,Combined TRACON& Tower with Radar,74,45,75,22,216,0,2,5,2,9,74,47,80,24,225,20,20,40,265
10/31/2019,SAV,GA,ASO,ES,Combined TRACON& Tower with Radar,88,59,63,10,220,0,1,24,3,28,88,60,87,13,248,24,0,24,272
11/01/2019,SAV,GA,ASO,ES,Combined TRACON& Tower with Radar,83,53,80,16,232,0,2,65,2,69,83,55,145,18,301,68,8,76,377
11/02/2019,SAV,GA,ASO,ES,Combined TRACON& Tower with Radar,74,70,45,11,200,0,0,62,2,64,74,70,107,13,264,43,4,47,311
11/03/2019,SAV,GA,ASO,ES,Combined TRACON& Tower with Radar,91,49,64,6,210,0,2,58,0,60,91,51,122,6,270,51,0,51,321
11/04/2019,SAV,GA,ASO,ES,Combined TRACON& Tower with Radar,85,78,83,6,252,0,2,56,0,58,85,80,139,6,310,70,3,73,383
11/05/2019,SAV,GA,ASO,ES,Combined TRACON& Tower with Radar,71,43,68,4,186,0,0,40,3,43,71,43,108,7,229,18,4,22,251
11/06/2019,SAV,GA,ASO,ES,Combined TRACON& Tower with Radar,78,48,69,3,198,0,1,44,1,46,78,49,113,4,244,37,14,51,295
11/07/2019,SAV,GA,ASO,ES,Combined TRACON& Tower with Radar,93,62,84,18,257,0,0,25,2,27,93,62,109,20,284,14,0,14,298
11/08/2019,SAV,GA,ASO,ES,Combined TRACON& Tower with Radar,90,53,86,13,242,0,3,29,2,34,90,56,115,15,276,20,2,22,298
11/09/2019,SAV,GA,ASO,ES,Combined TRACON& Tower with Radar,71,70,60,1,202,0,2,65,1,68,71,72,125,2,270,33,0,33,303
11/10/2019,SAV,GA,ASO,ES,Combined TRACON& Tower with Radar,91,49,83,18,241,0,6,58,7,71,91,55,141,25,312,47,14,61,373
11/11/2019,SAV,GA,ASO,ES,Combined TRACON& Tower with Radar,86,44,68,6,204,0,17,52,0,69,86,61,120,6,273,40,0,40,313
11/12/2019,SAV,GA,ASO,ES,Combined TRACON& Tower with Radar,79,64,52,1,196,0,4,12,3,19,79,68,64,4,215,14,0,14,229
11/13/2019,SAV,GA,ASO,ES,Combined TRACON& Tower with Radar,75,64,77,20,236,0,3,41,6,50,75,67,118,26,286,90,14,104,390
11/14/2019,SAV,GA,ASO,ES,Combined TRACON& Tower with Radar,90,45,75,7,217,0,0,3,0,3,90,45,78,7,220,4,0,4,224
11/15/2019,SAV,GA,ASO,ES,Combined TRACON& Tower with Radar,96,35,56,7,194,0,0,0,0,0,96,35,56,7,194,0,0,0,194
11/16/2019,SAV,GA,ASO,ES,Combined TRACON& Tower with Radar,77,33,37,2,149,0,0,3,0,3,77,33,40,2,152,0,0,0,152
11/17/2019,SAV,GA,ASO,ES,Combined TRACON& Tower with Radar,90,56,52,21,219,0,3,33,0,36,90,59,85,21,255,51,0,51,306
11/18/2019,SAV,GA,ASO,ES,Combined TRACON& Tower with Radar,88,55,67,23,233,0,1,33,5,39,88,56,100,28,272,25,0,25,297
11/19/2019,SAV,GA,ASO,ES,Combined TRACON& Tower with Radar,77,40,47,17,181,0,2,49,9,60,77,42,96,26,241,57,2,59,300
11/20/2019,SAV,GA,ASO,ES,Combined TRACON& Tower with Radar,78,61,66,14,219,0,2,47,13,62,78,63,113,27,281,24,0,24,305
11/21/2019,SAV,GA,ASO,ES,Combined TRACON& Tower with Radar,94,89,76,33,292,0,0,53,13,66,94,89,129,46,358,23,14,37,395
11/22/2019,SAV,GA,ASO,ES,Combined TRACON& Tower with Radar,92,52,66,20,230,0,4,55,10,69,92,56,121,30,299,19,0,19,318
11/23/2019,SAV,GA,ASO,ES,Combined TRACON& Tower with Radar,77,47,51,3,178,0,0,43,0,43,77,47,94,3,221,37,0,37,258
11/24/2019,SAV,GA,ASO,ES,Combined TRACON& Tower with Radar,86,35,66,3,190,0,6,48,1,55,86,41,114,4,245,34,0,34,279
11/25/2019,SAV,GA,ASO,ES,Combined TRACON& Tower with Radar,87,60,55,19,221,0,3,57,3,63,87,63,112,22,284,49,4,53,337
11/26/2019,SAV,GA,ASO,ES,Combined TRACON& Tower with Radar,90,66,80,11,247,0,4,44,3,51,90,70,124,14,298,22,6,28,326
11/27/2019,SAV,GA,ASO,ES,Combined TRACON& Tower with Radar,94,56,59,2,211,0,2,49,0,51,94,58,108,2,262,37,0,37,299
11/28/2019,SAV,GA,ASO,ES,Combined TRACON& Tower with Radar,49,20,8,2,79,0,0,13,0,13,49,20,21,2,92,0,0,0,92
11/29/2019,SAV,GA,ASO,ES,Combined TRACON& Tower with Radar,62,32,31,0,125,0,3,56,0,59,62,35,87,0,184,13,0,13,197
11/30/2019,SAV,GA,ASO,ES,Combined TRACON& Tower with Radar,91,57,50,0,198,0,5,53,0,58,91,62,103,0,256,31,0,31,287
12/01/2019,SAV,GA,ASO,ES,Combined TRACON& Tower with Radar,91,50,78,0,219,0,0,9,0,9,91,50,87,0,228,6,0,6,234
12/02/2019,SAV,GA,ASO,ES,Combined TRACON& Tower with Radar,86,46,67,6,205,0,3,27,0,30,86,49,94,6,235,32,0,32,267
12/03/2019,SAV,GA,ASO,ES,Combined TRACON& Tower with Radar,78,57,77,7,219,0,3,48,2,53,78,60,125,9,272,29,0,29,301
12/04/2019,SAV,GA,ASO,ES,Combined TRACON& Tower with Radar,69,72,67,4,212,0,11,62,3,76,69,83,129,7,288,47,14,61,349
12/05/2019,SAV,GA,ASO,ES,Combined TRACON& Tower with Radar,76,63,92,13,244,0,1,68,5,74,76,64,160,18,318,56,2,58,376
12/06/2019,SAV,GA,ASO,ES,Combined TRACON& Tower with Radar,81,59,77,18,235,0,6,54,6,66,81,65,131,24,301,48,0,48,349
12/07/2019,SAV,GA,ASO,ES,Combined TRACON& Tower with Radar,64,58,57,2,181,0,8,40,0,48,64,66,97,2,229,50,0,50,279
12/08/2019,SAV,GA,ASO,ES,Combined TRACON& Tower with Radar,77,40,77,18,212,0,0,31,8,39,77,40,108,26,251,64,0,64,315
12/09/2019,SAV,GA,ASO,ES,Combined TRACON& Tower with Radar,73,47,68,19,207,0,0,33,3,36,73,47,101,22,243,33,0,33,276
12/10/2019,SAV,GA,ASO,ES,Combined TRACON& Tower with Radar,65,62,52,27,206,0,5,45,7,57,65,67,97,34,263,63,16,79,342
12/11/2019,SAV,GA,ASO,ES,Combined TRACON& Tower with Radar,66,66,59,20,211,0,0,38,5,43,66,66,97,25,254,55,0,55,309
12/12/2019,SAV,GA,ASO,ES,Combined TRACON& Tower with Radar,77,49,69,19,214,0,0,31,4,35,77,49,100,23,249,20,0,20,269
12/13/2019,SAV,GA,ASO,ES,Combined TRACON& Tower with Radar,71,34,42,6,153,0,0,0,0,0,71,34,42,6,153,0,0,0,153
12/14/2019,SAV,GA,ASO,ES,Combined TRACON& Tower with Radar,58,62,74,5,199,0,1,21,0,22,58,63,95,5,221,0,0,0,221
12/15/2019,SAV,GA,ASO,ES,Combined TRACON& Tower with Radar,74,40,85,8,207,0,2,82,0,84,74,42,167,8,291,77,0,77,368
12/16/2019,SAV,GA,ASO,ES,Combined TRACON& Tower with Radar,77,52,76,36,241,0,0,54,5,59,77,52,130,41,300,19,8,27,327
12/17/2019,SAV,GA,ASO,ES,Combined TRACON& Tower with Radar,62,45,65,34,206,0,0,3,0,3,62,45,68,34,209,24,0,24,233
12/18/2019,SAV,GA,ASO,ES,Combined TRACON& Tower with Radar,69,64,82,16,231,0,6,63,4,73,69,70,145,20,304,35,0,35,339
12/19/2019,SAV,GA,ASO,ES,Combined TRACON& Tower with Radar,79,64,99,18,260,0,11,81,2,94,79,75,180,20,354,16,0,16,370
12/20/2019,SAV,GA,ASO,ES,Combined TRACON& Tower with Radar,78,63,93,8,242,0,1,72,3,76,78,64,165,11,318,62,0,62,380
12/21/2019,SAV,GA,ASO,ES,Combined TRACON& Tower with Radar,77,45,54,1,177,0,0,52,0,52,77,45,106,1,229,61,0,61,290
12/22/2019,SAV,GA,ASO,ES,Combined TRACON& Tower with Radar,86,26,29,2,143,0,0,2,1,3,86,26,31,3,146,14,0,14,160
12/23/2019,SAV,GA,ASO,ES,Combined TRACON& Tower with Radar,79,49,48,0,176,0,0,0,0,0,79,49,48,0,176,0,0,0,176
12/24/2019,SAV,GA,ASO,ES,Combined TRACON& Tower with Radar,61,31,27,0,119,0,1,5,0,6,61,32,32,0,125,0,0,0,125
12/25/2019,SAV,GA,ASO,ES,Combined TRACON& Tower with Radar,51,20,12,0,83,0,0,11,0,11,51,20,23,0,94,0,0,0,94
12/26/2019,SAV,GA,ASO,ES,Combined TRACON& Tower with Radar,87,54,60,0,201,0,0,67,0,67,87,54,127,0,268,18,0,18,286
12/27/2019,SAV,GA,ASO,ES,Combined TRACON& Tower with Radar,81,44,72,0,197,0,1,43,0,44,81,45,115,0,241,18,0,18,259
12/28/2019,SAV,GA,ASO,ES,Combined TRACON& Tower with Radar,77,43,66,2,188,0,0,20,0,20,77,43,86,2,208,27,0,27,235
12/29/2019,SAV,GA,ASO,ES,Combined TRACON& Tower with Radar,86,40,48,0,174,0,0,5,0,5,86,40,53,0,179,14,0,14,193
12/30/2019,SAV,GA,ASO,ES,Combined TRACON& Tower with Radar,77,37,60,0,174,0,2,27,0,29,77,39,87,0,203,48,0,48,251
12/31/2019,SAV,GA,ASO,ES,Combined TRACON& Tower with Radar,63,35,40,0,138,0,2,61,0,63,63,37,101,0,201,6,0,6,207
01/01/2020,SAV,GA,ASO,ES,Combined TRACON& Tower with Radar,61,29,40,0,130,0,0,37,0,37,61,29,77,0,167,18,0,18,185
01/02/2020,SAV,GA,ASO,ES,Combined TRACON& Tower with Radar,77,36,46,12,171,0,4,49,0,53,77,40,95,12,224,61,3,64,288
01/03/2020,SAV,GA,ASO,ES,Combined TRACON& Tower with Radar,83,40,68,6,197,0,2,27,0,29,83,42,95,6,226,44,0,44,270
01/04/2020,SAV,GA,ASO,ES,Combined TRACON& Tower with Radar,68,35,62,0,165,0,0,15,0,15,68,35,77,0,180,25,0,25,205
01/05/2020,SAV,GA,ASO,ES,Combined TRACON& Tower with Radar,80,41,58,2,181,0,0,62,0,62,80,41,120,2,243,52,0,52,295
01/06/2020,SAV,GA,ASO,ES,Combined TRACON& Tower with Radar,74,36,46,6,162,0,6,58,1,65,74,42,104,7,227,26,0,26,253
01/07/2020,SAV,GA,ASO,ES,Combined TRACON& Tower with Radar,64,50,59,7,180,0,7,54,8,69,64,57,113,15,249,12,2,14,263
01/08/2020,SAV,GA,ASO,ES,Combined TRACON& Tower with Radar,66,44,61,18,189,0,9,62,4,75,66,53,123,22,264,70,0,70,334
01/09/2020,SAV,GA,ASO,ES,Combined TRACON& Tower with Radar,74,43,73,30,220,0,3,67,8,78,74,46,140,38,298,62,7,69,367
01/10/2020,SAV,GA,ASO,ES,Combined TRACON& Tower with Radar,70,50,55,20,195,0,2,30,2,34,70,52,85,22,229,43,2,45,274
01/11/2020,SAV,GA,ASO,ES,Combined TRACON& Tower with Radar,61,30,34,4,129,0,0,22,0,22,61,30,56,4,151,4,0,4,155
01/12/2020,SAV,GA,ASO,ES,Combined TRACON& Tower with Radar,75,41,57,19,192,0,1,10,0,11,75,42,67,19,203,35,0,35,238
01/13/2020,SAV,GA,ASO,ES,Combined TRACON& Tower with Radar,70,35,49,9,163,0,2,17,6,25,70,37,66,15,188,34,0,34,222
01/14/2020,SAV,GA,ASO,ES,Combined TRACON& Tower with Radar,65,45,63,5,178,0,4,38,6,48,65,49,101,11,226,18,0,18,244
01/15/2020,SAV,GA,ASO,ES,Combined TRACON& Tower with Radar,66,38,71,13,188,0,3,47,4,54,66,41,118,17,242,56,0,56,298
01/16/2020,SAV,GA,ASO,ES,Combined TRACON& Tower with Radar,74,46,80,21,221,0,4,35,3,42,74,50,115,24,263,42,0,42,305
01/17/2020,SAV,GA,ASO,ES,Combined TRACON& Tower with Radar,72,42,74,27,215,0,4,74,2,80,72,46,148,29,295,76,0,76,371
01/18/2020,SAV,GA,ASO,ES,Combined TRACON& Tower with Radar,56,30,47,21,154,0,4,61,2,67,56,34,108,23,221,60,2,62,283
01/19/2020,SAV,GA,ASO,ES,Combined TRACON& Tower with Radar,65,33,44,15,157,0,0,27,0,27,65,33,71,15,184,26,0,26,210
01/20/2020,SAV,GA,ASO,ES,Combined TRACON& Tower with Radar,68,35,62,8,173,0,4,53,2,59,68,39,115,10,232,76,2,78,310
01/21/2020,SAV,GA,ASO,ES,Combined TRACON& Tower with Radar,66,48,62,15,191,0,6,48,10,64,66,54,110,25,255,28,0,28,283
01/22/2020,SAV,GA,ASO,ES,Combined TRACON& Tower with Radar,66,52,71,0,189,0,2,57,4,63,66,54,128,4,252,50,0,50,302
01/23/2020,SAV,GA,ASO,ES,Combined TRACON& Tower with Radar,75,56,78,13,222,0,0,45,2,47,75,56,123,15,269,78,0,78,347
01/24/2020,SAV,GA,ASO,ES,Combined TRACON& Tower with Radar,73,44,78,8,203,0,0,8,0,8,73,44,86,8,211,51,0,51,262
01/25/2020,SAV,GA,ASO,ES,Combined TRACON& Tower with Radar,61,39,66,4,170,0,11,101,1,113,61,50,167,5,283,105,0,105,388
01/26/2020,SAV,GA,ASO,ES,Combined TRACON& Tower with Radar,73,54,71,7,205,0,6,78,0,84,73,60,149,7,289,57,2,59,348
01/27/2020,SAV,GA,ASO,ES,Combined TRACON& Tower with Radar,70,41,74,27,212,0,3,54,3,60,70,44,128,30,272,109,2,111,383
01/28/2020,SAV,GA,ASO,ES,Combined TRACON& Tower with Radar,69,56,73,7,205,0,6,48,5,59,69,62,121,12,264,48,0,48,312
01/29/2020,SAV,GA,ASO,ES,Combined TRACON& Tower with Radar,71,45,72,21,209,0,2,46,8,56,71,47,118,29,265,64,0,64,329
01/30/2020,SAV,GA,ASO,ES,Combined TRACON& Tower with Radar,77,55,74,7,213,0,2,39,7,48,77,57,113,14,261,42,0,42,303
01/31/2020,SAV,GA,ASO,ES,Combined TRACON& Tower with Radar,77,42,62,11,192,0,0,9,0,9,77,42,71,11,201,28,0,28,229
02/01/2020,SAV,GA,ASO,ES,Combined TRACON& Tower with Radar,56,39,49,8,152,0,1,0,0,1,56,40,49,8,153,0,0,0,153
02/02/2020,SAV,GA,ASO,ES,Combined TRACON& Tower with Radar,65,33,50,7,155,0,1,55,3,59,65,34,105,10,214,12,0,12,226
02/03/2020,SAV,GA,ASO,ES,Combined TRACON& Tower with Radar,66,54,58,8,186,0,7,48,3,58,66,61,106,11,244,40,14,54,298
02/04/2020,SAV,GA,ASO,ES,Combined TRACON& Tower with Radar,63,43,75,25,206,0,2,55,6,63,63,45,130,31,269,71,23,94,363
02/05/2020,SAV,GA,ASO,ES,Combined TRACON& Tower with Radar,63,47,65,22,197,0,5,46,5,56,63,52,111,27,253,82,12,94,347
02/06/2020,SAV,GA,ASO,ES,Combined TRACON& Tower with Radar,67,40,42,17,166,0,0,9,2,11,67,40,51,19,177,0,12,12,189
02/07/2020,SAV,GA,ASO,ES,Combined TRACON& Tower with Radar,64,48,57,22,191,0,4,36,8,48,64,52,93,30,239,28,2,30,269
02/08/2020,SAV,GA,ASO,ES,Combined TRACON& Tower with Radar,59,42,56,23,180,0,0,80,3,83,59,42,136,26,263,83,0,83,346
02/09/2020,SAV,GA,ASO,ES,Combined TRACON& Tower with Radar,73,37,62,12,184,0,0,49,6,55,73,37,111,18,239,75,4,79,318
02/10/2020,SAV,GA,ASO,ES,Combined TRACON& Tower with Radar,64,46,55,30,195,0,3,46,9,58,64,49,101,39,253,12,22,34,287
02/11/2020,SAV,GA,ASO,ES,Combined TRACON& Tower with Radar,63,42,57,25,187,0,5,38,12,55,63,47,95,37,242,64,10,74,316
02/12/2020,SAV,GA,ASO,ES,Combined TRACON& Tower with Radar,71,49,73,19,212,0,0,45,5,50,71,49,118,24,262,83,4,87,349
02/13/2020,SAV,GA,ASO,ES,Combined TRACON& Tower with Radar,80,55,78,4,217,0,0,8,1,9,80,55,86,5,226,25,23,48,274
02/14/2020,SAV,GA,ASO,ES,Combined TRACON& Tower with Radar,78,70,79,6,233,0,0,60,3,63,78,70,139,9,296,19,16,35,331
02/15/2020,SAV,GA,ASO,ES,Combined TRACON& Tower with Radar,60,44,66,6,176,0,3,89,2,94,60,47,155,8,270,58,0,58,328
02/16/2020,SAV,GA,ASO,ES,Combined TRACON& Tower with Radar,73,31,70,8,182,0,0,15,0,15,73,31,85,8,197,26,8,34,231
02/17/2020,SAV,GA,ASO,ES,Combined TRACON& Tower with Radar,83,61,92,9,245,0,1,11,0,12,83,62,103,9,257,10,0,10,267
02/18/2020,SAV,GA,ASO,ES,Combined TRACON& Tower with Radar,69,53,52,3,177,0,0,4,0,4,69,53,56,3,181,0,0,0,181
02/19/2020,SAV,GA,ASO,ES,Combined TRACON& Tower with Radar,69,54,84,14,221,0,0,20,0,20,69,54,104,14,241,78,10,88,329
02/20/2020,SAV,GA,ASO,ES,Combined TRACON& Tower with Radar,83,60,50,11,204,0,0,5,0,5,83,60,55,11,209,14,0,14,223
02/21/2020,SAV,GA,ASO,ES,Combined TRACON& Tower with Radar,82,67,86,42,277,0,0,58,3,61,82,67,144,45,338,44,0,44,382
02/22/2020,SAV,GA,ASO,ES,Combined TRACON& Tower with Radar,70,46,62,24,202,0,2,105,1,108,70,48,167,25,310,55,4,59,369
02/23/2020,SAV,GA,ASO,ES,Combined TRACON& Tower with Radar,77,43,74,30,224,0,1,78,2,81,77,44,152,32,305,114,8,122,427
02/24/2020,SAV,GA,ASO,ES,Combined TRACON& Tower with Radar,77,63,64,38,242,0,3,46,5,54,77,66,110,43,296,77,0,77,373
02/25/2020,SAV,GA,ASO,ES,Combined TRACON& Tower with Radar,69,58,47,18,192,0,1,18,1,20,69,59,65,19,212,38,14,52,264
02/26/2020,SAV,GA,ASO,ES,Combined TRACON& Tower with Radar,64,48,57,10,179,1,0,6,0,7,65,48,63,10,186,34,8,42,228
02/27/2020,SAV,GA,ASO,ES,Combined TRACON& Tower with Radar,75,78,77,21,251,0,7,55,0,62,75,85,132,21,313,42,12,54,367
02/28/2020,SAV,GA,ASO,ES,Combined TRACON& Tower with Radar,83,68,63,16,230,0,5,66,2,73,83,73,129,18,303,0,0,0,303
02/29/2020,SAV,GA,ASO,ES,Combined TRACON& Tower with Radar,65,39,37,10,151,0,8,56,1,65,65,47,93,11,216,4,0,4,220
03/01/2020,SAV,GA,ASO,ES,Combined TRACON& Tower with Radar,80,42,93,5,220,0,4,89,0,93,80,46,182,5,313,40,0,40,353
03/02/2020,SAV,GA,ASO,ES,Combined TRACON& Tower with Radar,80,46,62,15,203,0,2,80,2,84,80,48,142,17,287,20,10,30,317
03/03/2020,SAV,GA,ASO,ES,Combined TRACON& Tower with Radar,69,63,70,19,221,0,3,41,1,45,69,66,111,20,266,40,1,41,307
03/04/2020,SAV,GA,ASO,ES,Combined TRACON& Tower with Radar,69,53,40,3,165,0,0,1,0,1,69,53,41,3,166,0,0,0,166
03/05/2020,SAV,GA,ASO,ES,Combined TRACON& Tower with Radar,86,49,60,15,210,0,0,0,0,0,86,49,60,15,210,0,0,0,210
03/06/2020,SAV,GA,ASO,ES,Combined TRACON& Tower with Radar,84,50,73,18,225,0,0,42,0,42,84,50,115,18,267,24,0,24,291
03/07/2020,SAV,GA,ASO,ES,Combined TRACON& Tower with Radar,73,45,46,12,176,0,0,75,3,78,73,45,121,15,254,26,12,38,292
03/08/2020,SAV,GA,ASO,ES,Combined TRACON& Tower with Radar,89,44,70,9,212,0,2,79,1,82,89,46,149,10,294,102,0,102,396
03/09/2020,SAV,GA,ASO,ES,Combined TRACON& Tower with Radar,84,51,84,15,234,0,4,67,3,74,84,55,151,18,308,61,16,77,385
03/10/2020,SAV,GA,ASO,ES,Combined TRACON& Tower with Radar,80,47,82,11,220,0,1,64,2,67,80,48,146,13,287,112,4,116,403
03/11/2020,SAV,GA,ASO,ES,Combined TRACON& Tower with Radar,79,60,54,11,204,0,7,62,2,71,79,67,116,13,275,38,0,38,313
03/12/2020,SAV,GA,ASO,ES,Combined TRACON& Tower with Radar,96,73,86,22,277,0,5,52,5,62,96,78,138,27,339,28,6,34,373
03/13/2020,SAV,GA,ASO,ES,Combined TRACON& Tower with Radar,92,50,85,20,247,0,0,83,6,89,92,50,168,26,336,75,0,75,411
03/14/2020,SAV,GA,ASO,ES,Combined TRACON& Tower with Radar,90,49,52,7,198,0,2,57,0,59,90,51,109,7,257,0,0,0,257
03/15/2020,SAV,GA,ASO,ES,Combined TRACON& Tower with Radar,97,48,60,11,216,0,3,31,8,42,97,51,91,19,258,25,0,25,283
03/16/2020,SAV,GA,ASO,ES,Combined TRACON& Tower with Radar,91,37,48,9,185,0,0,22,0,22,91,37,70,9,207,0,0,0,207
03/17/2020,SAV,GA,ASO,ES,Combined TRACON& Tower with Radar,91,49,41,12,193,0,0,26,2,28,91,49,67,14,221,38,0,38,259
03/18/2020,SAV,GA,ASO,ES,Combined TRACON& Tower with Radar,87,48,72,6,213,0,0,32,4,36,87,48,104,10,249,43,0,43,292
03/19/2020,SAV,GA,ASO,ES,Combined TRACON& Tower with Radar,92,44,50,13,199,0,0,44,0,44,92,44,94,13,243,0,0,0,243
03/20/2020,SAV,GA,ASO,ES,Combined TRACON& Tower with Radar,77,57,52,9,195,0,0,48,0,48,77,57,100,9,243,0,0,0,243
03/21/2020,SAV,GA,ASO,ES,Combined TRACON& Tower with Radar,74,32,48,8,162,0,4,59,0,63,74,36,107,8,225,0,0,0,225
03/22/2020,SAV,GA,ASO,ES,Combined TRACON& Tower with Radar,79,32,43,1,155,0,0,9,0,9,79,32,52,1,164,0,0,0,164
03/23/2020,SAV,GA,ASO,ES,Combined TRACON& Tower with Radar,50,29,35,2,116,0,0,12,0,12,50,29,47,2,128,71,0,71,199
03/24/2020,SAV,GA,ASO,ES,Combined TRACON& Tower with Radar,48,39,25,9,121,0,0,35,0,35,48,39,60,9,156,70,2,72,228
03/25/2020,SAV,GA,ASO,ES,Combined TRACON& Tower with Radar,44,31,30,12,117,0,3,38,0,41,44,34,68,12,158,54,0,54,212
03/26/2020,SAV,GA,ASO,ES,Combined TRACON& Tower with Radar,41,29,42,4,116,0,0,58,2,60,41,29,100,6,176,63,0,63,239
03/27/2020,SAV,GA,ASO,ES,Combined TRACON& Tower with Radar,53,29,39,10,131,0,0,45,1,46,53,29,84,11,177,0,0,0,177
03/28/2020,SAV,GA,ASO,ES,Combined TRACON& Tower with Radar,36,20,25,0,81,0,7,46,0,53,36,27,71,0,134,0,0,0,134
03/29/2020,SAV,GA,ASO,ES,Combined TRACON& Tower with Radar,38,13,24,0,75,0,1,22,0,23,38,14,46,0,98,0,0,0,98
03/30/2020,SAV,GA,ASO,ES,Combined TRACON& Tower with Radar,42,39,37,0,118,0,3,61,2,66,42,42,98,2,184,0,0,0,184
03/31/2020,SAV,GA,ASO,ES,Combined TRACON& Tower with Radar,39,17,18,8,82,0,0,23,0,23,39,17,41,8,105,0,0,0,105
04/01/2020,SAV,GA,ASO,ES,Combined TRACON& Tower with Radar,36,19,28,14,97,0,0,33,4,37,36,19,61,18,134,80,52,132,266
04/02/2020,SAV,GA,ASO,ES,Combined TRACON& Tower with Radar,37,16,56,7,116,0,4,48,2,54,37,20,104,9,170,34,0,34,204
04/03/2020,SAV,GA,ASO,ES,Combined TRACON& Tower with Radar,37,11,20,16,84,0,2,53,1,56,37,13,73,17,140,58,0,58,198
04/04/2020,SAV,GA,ASO,ES,Combined TRACON& Tower with Radar,31,11,30,8,80,0,7,41,6,54,31,18,71,14,134,118,0,118,252
04/05/2020,SAV,GA,ASO,ES,Combined TRACON& Tower with Radar,35,5,20,1,61,0,2,25,0,27,35,7,45,1,88,70,0,70,158
04/06/2020,SAV,GA,ASO,ES,Combined TRACON& Tower with Radar,35,16,24,14,89,0,9,46,0,55,35,25,70,14,144,18,0,18,162
04/07/2020,SAV,GA,ASO,ES,Combined TRACON& Tower with Radar,33,19,24,20,96,0,1,28,0,29,33,20,52,20,125,42,20,62,187
04/08/2020,SAV,GA,ASO,ES,Combined TRACON& Tower with Radar,37,17,35,15,104,0,0,22,0,22,37,17,57,15,126,72,0,72,198
04/09/2020,SAV,GA,ASO,ES,Combined TRACON& Tower with Radar,30,22,28,12,92,0,3,28,0,31,30,25,56,12,123,68,0,68,191
04/10/2020,SAV,GA,ASO,ES,Combined TRACON& Tower with Radar,38,15,22,22,97,0,2,34,2,38,38,17,56,24,135,12,6,18,153
04/11/2020,SAV,GA,ASO,ES,Combined TRACON& Tower with Radar,31,8,26,15,80,0,4,52,3,59,31,12,78,18,139,69,0,69,208
04/12/2020,SAV,GA,ASO,ES,Combined TRACON& Tower with Radar,32,5,14,12,63,0,0,4,2,6,32,5,18,14,69,0,0,0,69
04/13/2020,SAV,GA,ASO,ES,Combined TRACON& Tower with Radar,34,13,17,10,74,0,0,20,0,20,34,13,37,10,94,0,0,0,94
04/14/2020,SAV,GA,ASO,ES,Combined TRACON& Tower with Radar,36,22,24,22,104,0,3,62,0,65,36,25,86,22,169,76,32,108,277
04/15/2020,SAV,GA,ASO,ES,Combined TRACON& Tower with Radar,30,23,45,23,121,0,0,20,3,23,30,23,65,26,144,6,0,6,150
04/16/2020,SAV,GA,ASO,ES,Combined TRACON& Tower with Radar,28,20,26,16,90,0,1,69,1,71,28,21,95,17,161,28,13,41,202
04/17/2020,SAV,GA,ASO,ES,Combined TRACON& Tower with Radar,32,27,39,21,119,0,3,75,0,78,32,30,114,21,197,39,10,49,246
04/18/2020,SAV,GA,ASO,ES,Combined TRACON& Tower with Radar,19,16,16,6,57,0,0,23,1,24,19,16,39,7,81,22,0,22,103
04/19/2020,SAV,GA,ASO,ES,Combined TRACON& Tower with Radar,27,7,7,2,43,0,1,4,0,5,27,8,11,2,48,40,48,88,136
04/20/2020,SAV,GA,ASO,ES,Combined TRACON& Tower with Radar,21,21,20,13,75,0,0,16,0,16,21,21,36,13,91,4,8,12,103
04/21/2020,SAV,GA,ASO,ES,Combined TRACON& Tower with Radar,23,23,55,14,115,0,5,66,0,71,23,28,121,14,186,76,8,84,270
04/22/2020,SAV,GA,ASO,ES,Combined TRACON& Tower with Radar,21,31,46,18,116,0,4,81,9,94,21,35,127,27,210,22,0,22,232
04/23/2020,SAV,GA,ASO,ES,Combined TRACON& Tower with Radar,22,24,22,8,76,0,3,11,4,18,22,27,33,12,94,34,19,53,147
04/24/2020,SAV,GA,ASO,ES,Combined TRACON& Tower with Radar,30,31,40,24,125,0,6,40,6,52,30,37,80,30,177,26,42,68,245
04/25/2020,SAV,GA,ASO,ES,Combined TRACON& Tower with Radar,23,8,38,16,85,0,0,69,12,81,23,8,107,28,166,35,34,69,235
04/26/2020,SAV,GA,ASO,ES,Combined TRACON& Tower with Radar,18,7,26,9,60,0,0,36,20,56,18,7,62,29,116,0,0,0,116
04/27/2020,SAV,GA,ASO,ES,Combined TRACON& Tower with Radar,20,16,36,15,87,0,2,66,5,73,20,18,102,20,160,40,0,40,200
04/28/2020,SAV,GA,ASO,ES,Combined TRACON& Tower with Radar,26,20,33,21,100,0,2,63,1,66,26,22,96,22,166,62,2,64,230
04/29/2020,SAV,GA,ASO,ES,Combined TRACON& Tower with Radar,22,18,43,3,86,0,0,38,2,40,22,18,81,5,126,18,0,18,144
04/30/2020,SAV,GA,ASO,ES,Combined TRACON& Tower with Radar,25,17,38,21,101,0,2,34,0,36,25,19,72,21,137,22,4,26,163
05/01/2020,SAV,GA,ASO,ES,Combined TRACON& Tower with Radar,29,25,30,10,94,0,2,49,3,54,29,27,79,13,148,38,0,38,186
05/02/2020,SAV,GA,ASO,ES,Combined TRACON& Tower with Radar,24,20,27,8,79,0,0,62,2,64,24,20,89,10,143,56,0,56,199
05/03/2020,SAV,GA,ASO,ES,Combined TRACON& Tower with Radar,29,8,53,2,92,0,2,47,1,50,29,10,100,3,142,48,4,52,194
05/04/2020,SAV,GA,ASO,ES,Combined TRACON& Tower with Radar,28,20,42,2,92,0,3,49,0,52,28,23,91,2,144,10,16,26,170
05/05/2020,SAV,GA,ASO,ES,Combined TRACON& Tower with Radar,26,21,36,14,97,0,2,52,0,54,26,23,88,14,151,30,2,32,183
05/06/2020,SAV,GA,ASO,ES,Combined TRACON& Tower with Radar,20,19,45,14,98,0,3,52,3,58,20,22,97,17,156,59,0,59,215
05/07/2020,SAV,GA,ASO,ES,Combined TRACON& Tower with Radar,30,21,47,12,110,0,0,65,2,67,30,21,112,14,177,57,2,59,236
05/08/2020,SAV,GA,ASO,ES,Combined TRACON& Tower with Radar,29,25,45,6,105,0,0,58,3,61,29,25,103,9,166,24,0,24,190
05/09/2020,SAV,GA,ASO,ES,Combined TRACON& Tower with Radar,22,14,30,7,73,0,2,58,2,62,22,16,88,9,135,122,0,122,257
05/10/2020,SAV,GA,ASO,ES,Combined TRACON& Tower with Radar,30,9,29,3,71,0,0,35,0,35,30,9,64,3,106,9,0,9,115
05/11/2020,SAV,GA,ASO,ES,Combined TRACON& Tower with Radar,27,17,43,15,102,0,4,57,0,61,27,21,100,15,163,78,0,78,241
05/12/2020,SAV,GA,ASO,ES,Combined TRACON& Tower with Radar,23,13,60,18,114,0,0,67,0,67,23,13,127,18,181,62,20,82,263
05/13/2020,SAV,GA,ASO,ES,Combined TRACON& Tower with Radar,25,15,41,23,104,0,2,41,6,49,25,17,82,29,153,77,32,109,262
05/14/2020,SAV,GA,ASO,ES,Combined TRACON& Tower with Radar,36,30,42,6,114,0,4,60,0,64,36,34,102,6,178,42,0,42,220
05/15/2020,SAV,GA,ASO,ES,Combined TRACON& Tower with Radar,32,30,44,24,130,0,0,57,3,60,32,30,101,27,190,29,2,31,221
05/16/2020,SAV,GA,ASO,ES,Combined TRACON& Tower with Radar,27,31,57,13,128,0,2,49,1,52,27,33,106,14,180,29,0,29,209
05/17/2020,SAV,GA,ASO,ES,Combined TRACON& Tower with Radar,32,15,52,4,103,0,0,17,0,17,32,15,69,4,120,42,0,42,162
05/18/2020,SAV,GA,ASO,ES,Combined TRACON& Tower with Radar,29,26,52,25,132,0,0,23,3,26,29,26,75,28,158,66,22,88,246
05/19/2020,SAV,GA,ASO,ES,Combined TRACON& Tower with Radar,21,37,47,22,127,0,2,34,13,49,21,39,81,35,176,66,50,116,292
05/20/2020,SAV,GA,ASO,ES,Combined TRACON& Tower with Radar,25,30,40,19,114,0,2,6,5,13,25,32,46,24,127,30,0,30,157
05/21/2020,SAV,GA,ASO,ES,Combined TRACON& Tower with Radar,36,40,49,13,138,0,0,18,0,18,36,40,67,13,156,36,0,36,192
05/22/2020,SAV,GA,ASO,ES,Combined TRACON& Tower with Radar,36,40,55,25,156,0,4,57,1,62,36,44,112,26,218,48,0,48,266
05/23/2020,SAV,GA,ASO,ES,Combined TRACON& Tower with Radar,25,23,29,2,79,0,1,47,0,48,25,24,76,2,127,36,0,36,163
05/24/2020,SAV,GA,ASO,ES,Combined TRACON& Tower with Radar,35,16,36,4,91,0,1,42,0,43,35,17,78,4,134,0,0,0,134
05/25/2020,SAV,GA,ASO,ES,Combined TRACON& Tower with Radar,32,16,32,8,88,0,0,5,1,6,32,16,37,9,94,6,8,14,108
05/26/2020,SAV,GA,ASO,ES,Combined TRACON& Tower with Radar,20,19,44,4,87,0,0,1,0,1,20,19,45,4,88,0,0,0,88
05/27/2020,SAV,GA,ASO,ES,Combined TRACON& Tower with Radar,24,32,66,17,139,0,0,4,7,11,24,32,70,24,150,0,0,0,150
05/28/2020,SAV,GA,ASO,ES,Combined TRACON& Tower with Radar,36,40,65,26,167,0,1,39,5,45,36,41,104,31,212,69,13,82,294
05/29/2020,SAV,GA,ASO,ES,Combined TRACON& Tower with Radar,34,32,49,18,133,0,2,30,0,32,34,34,79,18,165,87,8,95,260
05/30/2020,SAV,GA,ASO,ES,Combined TRACON& Tower with Radar,27,22,26,10,85,0,0,26,2,28,27,22,52,12,113,69,4,73,186
05/31/2020,SAV,GA,ASO,ES,Combined TRACON& Tower with Radar,43,22,63,4,132,0,0,68,4,72,43,22,131,8,204,34,4,38,242
06/01/2020,SAV,GA,ASO,ES,Combined TRACON& Tower with Radar,30,36,41,14,121,0,3,54,1,58,30,39,95,15,179,41,0,41,220
06/02/2020,SAV,GA,ASO,ES,Combined TRACON& Tower with Radar,18,34,58,23,133,0,1,71,5,77,18,35,129,28,210,49,0,49,259
06/03/2020,SAV,GA,ASO,ES,Combined TRACON& Tower with Radar,30,37,75,10,152,0,8,63,0,71,30,45,138,10,223,49,0,49,272
06/04/2020,SAV,GA,ASO,ES,Combined TRACON& Tower with Radar,44,31,48,7,130,0,0,30,2,32,44,31,78,9,162,14,10,24,186
06/05/2020,SAV,GA,ASO,ES,Combined TRACON& Tower with Radar,31,36,55,17,139,0,5,38,3,46,31,41,93,20,185,100,0,100,285
06/06/2020,SAV,GA,ASO,ES,Combined TRACON& Tower with Radar,34,14,40,10,98,0,0,52,4,56,34,14,92,14,154,65,14,79,233
06/07/2020,SAV,GA,ASO,ES,Combined TRACON& Tower with Radar,40,11,58,15,124,0,0,9,0,9,40,11,67,15,133,10,8,18,151
06/08/2020,SAV,GA,ASO,ES,Combined TRACON& Tower with Radar,31,34,54,15,134,0,2,25,0,27,31,36,79,15,161,6,0,6,167
06/09/2020,SAV,GA,ASO,ES,Combined TRACON& Tower with Radar,24,28,66,22,140,0,4,24,2,30,24,32,90,24,170,68,38,106,276
06/10/2020,SAV,GA,ASO,ES,Combined TRACON& Tower with Radar,30,24,63,8,125,0,5,47,2,54,30,29,110,10,179,64,0,64,243
06/11/2020,SAV,GA,ASO,ES,Combined TRACON& Tower with Radar,46,35,61,3,145,0,5,58,1,64,46,40,119,4,209,65,36,101,310
06/12/2020,SAV,GA,ASO,ES,Combined TRACON& Tower with Radar,34,33,70,9,146,0,1,18,0,19,34,34,88,9,165,28,0,28,193
06/13/2020,SAV,GA,ASO,ES,Combined TRACON& Tower with Radar,35,41,62,8,146,0,0,21,2,23,35,41,83,10,169,12,0,12,181
06/14/2020,SAV,GA,ASO,ES,Combined TRACON& Tower with Radar,42,30,51,9,132,0,0,43,0,43,42,30,94,9,175,32,0,32,207
06/15/2020,SAV,GA,ASO,ES,Combined TRACON& Tower with Radar,40,33,56,4,133,0,1,35,0,36,40,34,91,4,169,98,0,98,267
06/16/2020,SAV,GA,ASO,ES,Combined TRACON& Tower with Radar,25,55,85,17,182,0,3,28,3,34,25,58,113,20,216,69,20,89,305
06/17/2020,SAV,GA,ASO,ES,Combined TRACON& Tower with Radar,32,45,77,17,171,0,2,43,4,49,32,47,120,21,220,79,6,85,305
06/18/2020,SAV,GA,ASO,ES,Combined TRACON& Tower with Radar,43,50,75,23,191,0,0,59,1,60,43,50,134,24,251,70,28,98,349
06/19/2020,SAV,GA,ASO,ES,Combined TRACON& Tower with Radar,33,45,66,9,153,0,2,51,0,53,33,47,117,9,206,86,4,90,296
06/20/2020,SAV,GA,ASO,ES,Combined TRACON& Tower with Radar,39,16,48,2,105,0,0,58,0,58,39,16,106,2,163,6,0,6,169
06/21/2020,SAV,GA,ASO,ES,Combined TRACON& Tower with Radar,43,16,55,0,114,0,2,49,0,51,43,18,104,0,165,26,8,34,199
06/22/2020,SAV,GA,ASO,ES,Combined TRACON& Tower with Radar,37,29,47,19,132,0,8,61,2,71,37,37,108,21,203,34,6,40,243
06/23/2020,SAV,GA,ASO,ES,Combined TRACON& Tower with Radar,26,35,44,26,131,0,4,48,2,54,26,39,92,28,185,24,32,56,241
06/24/2020,SAV,GA,ASO,ES,Combined TRACON& Tower with Radar,33,40,65,11,149,0,4,55,6,65,33,44,120,17,214,13,0,13,227
06/25/2020,SAV,GA,ASO,ES,Combined TRACON& Tower with Radar,45,24,67,34,170,0,0,54,3,57,45,24,121,37,227,54,12,66,293
06/26/2020,SAV,GA,ASO,ES,Combined TRACON& Tower with Radar,33,43,79,7,162,0,6,65,2,73,33,49,144,9,235,33,1,34,269
06/27/2020,SAV,GA,ASO,ES,Combined TRACON& Tower with Radar,43,30,49,33,155,0,1,41,0,42,43,31,90,33,197,4,28,32,229
06/28/2020,SAV,GA,ASO,ES,Combined TRACON& Tower with Radar,46,18,35,7,106,0,0,37,1,38,46,18,72,8,144,25,11,36,180
06/29/2020,SAV,GA,ASO,ES,Combined TRACON& Tower with Radar,37,36,48,7,128,0,4,34,1,39,37,40,82,8,167,78,0,78,245
06/30/2020,SAV,GA,ASO,ES,Combined TRACON& Tower with Radar,28,34,56,14,132,0,2,53,2,57,28,36,109,16,189,75,0,75,264
07/01/2020,SAV,GA,ASO,ES,Combined TRACON& Tower with Radar,46,42,49,24,161,0,0,43,3,46,46,42,92,27,207,26,28,54,261
07/02/2020,SAV,GA,ASO,ES,Combined TRACON& Tower with Radar,58,26,56,0,140,0,0,46,0,46,58,26,102,0,186,55,0,55,241
07/03/2020,SAV,GA,ASO,ES,Combined TRACON& Tower with Radar,45,21,45,2,113,0,2,54,0,56,45,23,99,2,169,64,0,64,233
07/04/2020,SAV,GA,ASO,ES,Combined TRACON& Tower with Radar,50,13,12,4,79,0,0,19,0,19,50,13,31,4,98,0,0,0,98
07/05/2020,SAV,GA,ASO,ES,Combined TRACON& Tower with Radar,52,23,44,0,119,0,0,23,0,23,52,23,67,0,142,37,0,37,179
07/06/2020,SAV,GA,ASO,ES,Combined TRACON& Tower with Radar,42,28,49,0,119,0,0,22,0,22,42,28,71,0,141,0,0,0,141
07/07/2020,SAV,GA,ASO,ES,Combined TRACON& Tower with Radar,42,43,40,4,129,0,0,16,2,18,42,43,56,6,147,6,0,6,153
07/08/2020,SAV,GA,ASO,ES,Combined TRACON& Tower with Radar,48,39,64,7,158,0,1,22,1,24,48,40,86,8,182,56,0,56,238
07/09/2020,SAV,GA,ASO,ES,Combined TRACON& Tower with Radar,67,50,66,6,189,0,2,44,1,47,67,52,110,7,236,62,0,62,298
07/10/2020,SAV,GA,ASO,ES,Combined TRACON& Tower with Radar,54,25,71,9,159,0,5,62,2,69,54,30,133,11,228,95,0,95,323
07/11/2020,SAV,GA,ASO,ES,Combined TRACON& Tower with Radar,65,26,30,5,126,0,4,41,1,46,65,30,71,6,172,42,0,42,214
07/12/2020,SAV,GA,ASO,ES,Combined TRACON& Tower with Radar,66,26,41,8,141,0,1,55,3,59,66,27,96,11,200,52,0,52,252
07/13/2020,SAV,GA,ASO,ES,Combined TRACON& Tower with Radar,57,31,49,14,151,0,5,56,0,61,57,36,105,14,212,54,0,54,266
07/14/2020,SAV,GA,ASO,ES,Combined TRACON& Tower with Radar,42,39,65,4,150,0,2,70,1,73,42,41,135,5,223,72,2,74,297
07/15/2020,SAV,GA,ASO,ES,Combined TRACON& Tower with Radar,48,28,64,14,154,0,6,78,2,86,48,34,142,16,240,85,10,95,335
07/16/2020,SAV,GA,ASO,ES,Combined TRACON& Tower with Radar,65,36,68,3,172,0,4,53,1,58,65,40,121,4,230,70,0,70,300
07/17/2020,SAV,GA,ASO,ES,Combined TRACON& Tower with Radar,56,26,48,3,133,0,6,62,0,68,56,32,110,3,201,22,0,22,223
07/18/2020,SAV,GA,ASO,ES,Combined TRACON& Tower with Radar,65,19,49,4,137,0,2,57,2,61,65,21,106,6,198,50,0,50,248
07/19/2020,SAV,GA,ASO,ES,Combined TRACON& Tower with Radar,66,20,57,11,154,0,2,37,1,40,66,22,94,12,194,4,0,4,198
07/20/2020,SAV,GA,ASO,ES,Combined TRACON& Tower with Radar,67,32,52,2,153,0,8,54,0,62,67,40,106,2,215,36,0,36,251
07/21/2020,SAV,GA,ASO,ES,Combined TRACON& Tower with Radar,54,27,53,9,143,0,0,42,2,44,54,27,95,11,187,18,4,22,209
07/22/2020,SAV,GA,ASO,ES,Combined TRACON& Tower with Radar,46,23,59,6,134,0,5,45,2,52,46,28,104,8,186,81,0,81,267
07/23/2020,SAV,GA,ASO,ES,Combined TRACON& Tower with Radar,66,23,52,19,160,0,7,41,0,48,66,30,93,19,208,89,25,114,322
07/24/2020,SAV,GA,ASO,ES,Combined TRACON& Tower with Radar,58,22,45,3,128,0,4,39,2,45,58,26,84,5,173,60,0,60,233
07/25/2020,SAV,GA,ASO,ES,Combined TRACON& Tower with Radar,58,27,28,7,120,0,0,49,1,50,58,27,77,8,170,45,0,45,215
07/26/2020,SAV,GA,ASO,ES,Combined TRACON& Tower with Radar,64,39,49,10,162,0,2,58,0,60,64,41,107,10,222,23,4,27,249
07/27/2020,SAV,GA,ASO,ES,Combined TRACON& Tower with Radar,53,31,50,13,147,0,7,64,2,73,53,38,114,15,220,123,0,123,343
07/28/2020,SAV,GA,ASO,ES,Combined TRACON& Tower with Radar,42,39,58,27,166,0,5,60,4,69,42,44,118,31,235,42,6,48,283
07/29/2020,SAV,GA,ASO,ES,Combined TRACON& Tower with Radar,46,37,62,15,160,0,0,49,1,50,46,37,111,16,210,0,0,0,210
07/30/2020,SAV,GA,ASO,ES,Combined TRACON& Tower with Radar,63,30,71,7,171,0,2,25,1,28,63,32,96,8,199,34,0,34,233
07/31/2020,SAV,GA,ASO,ES,Combined TRACON& Tower with Radar,56,25,57,8,146,0,6,62,0,68,56,31,119,8,214,62,4,66,280
08/01/2020,SAV,GA,ASO,ES,Combined TRACON& Tower with Radar,70,22,59,15,166,0,2,71,0,73,70,24,130,15,239,67,0,67,306
08/02/2020,SAV,GA,ASO,ES,Combined TRACON& Tower with Radar,68,11,30,3,112,0,0,39,0,39,68,11,69,3,151,67,0,67,218
08/03/2020,SAV,GA,ASO,ES,Combined TRACON& Tower with Radar,66,15,24,0,105,0,0,3,0,3,66,15,27,0,108,3,0,3,111
08/04/2020,SAV,GA,ASO,ES,Combined TRACON& Tower with Radar,40,50,83,8,181,0,0,24,0,24,40,50,107,8,205,40,0,40,245
08/05/2020,SAV,GA,ASO,ES,Combined TRACON& Tower with Radar,56,36,60,19,171,0,2,58,6,66,56,38,118,25,237,44,12,56,293
08/06/2020,SAV,GA,ASO,ES,Combined TRACON& Tower with Radar,72,39,48,6,165,0,5,45,2,52,72,44,93,8,217,51,0,51,268
08/07/2020,SAV,GA,ASO,ES,Combined TRACON& Tower with Radar,61,30,61,10,162,0,4,51,1,56,61,34,112,11,218,92,0,92,310
08/08/2020,SAV,GA,ASO,ES,Combined TRACON& Tower with Radar,73,26,27,24,150,0,0,32,5,37,73,26,59,29,187,24,16,40,227
08/09/2020,SAV,GA,ASO,ES,Combined TRACON& Tower with Radar,72,17,38,5,132,0,0,34,6,40,72,17,72,11,172,3,0,3,175
08/10/2020,SAV,GA,ASO,ES,Combined TRACON& Tower with Radar,64,26,34,12,136,0,4,53,0,57,64,30,87,12,193,32,0,32,225
08/11/2020,SAV,GA,ASO,ES,Combined TRACON& Tower with Radar,46,26,63,2,137,0,4,52,8,64,46,30,115,10,201,62,0,62,263
08/12/2020,SAV,GA,ASO,ES,Combined TRACON& Tower with Radar,54,34,47,6,141,0,3,49,0,52,54,37,96,6,193,59,0,59,252
08/13/2020,SAV,GA,ASO,ES,Combined TRACON& Tower with Radar,76,36,47,22,181,0,2,42,8,52,76,38,89,30,233,64,0,64,297
08/14/2020,SAV,GA,ASO,ES,Combined TRACON& Tower with Radar,59,30,61,28,178,0,4,57,5,66,59,34,118,33,244,56,20,76,320
08/15/2020,SAV,GA,ASO,ES,Combined TRACON& Tower with Radar,70,16,39,3,128,0,1,29,4,34,70,17,68,7,162,18,0,18,180
08/16/2020,SAV,GA,ASO,ES,Combined TRACON& Tower with Radar,71,17,58,6,152,0,0,35,6,41,71,17,93,12,193,35,0,35,228
08/17/2020,SAV,GA,ASO,ES,Combined TRACON& Tower with Radar,56,36,48,25,165,0,2,63,7,72,56,38,111,32,237,52,20,72,309
08/18/2020,SAV,GA,ASO,ES,Combined TRACON& Tower with Radar,44,31,60,26,161,0,3,56,7,66,44,34,116,33,227,69,6,75,302
08/19/2020,SAV,GA,ASO,ES,Combined TRACON& Tower with Radar,44,47,51,27,169,0,13,54,9,76,44,60,105,36,245,133,10,143,388
08/20/2020,SAV,GA,ASO,ES,Combined TRACON& Tower with Radar,68,33,63,32,196,0,6,34,10,50,68,39,97,42,246,39,8,47,293
08/21/2020,SAV,GA,ASO,ES,Combined TRACON& Tower with Radar,57,32,44,19,152,0,7,42,9,58,57,39,86,28,210,64,14,78,288
08/22/2020,SAV,GA,ASO,ES,Combined TRACON& Tower with Radar,59,24,32,10,125,0,0,29,6,35,59,24,61,16,160,32,0,32,192
08/23/2020,SAV,GA,ASO,ES,Combined TRACON& Tower with Radar,67,13,39,5,124,0,0,11,1,12,67,13,50,6,136,28,0,28,164
08/24/2020,SAV,GA,ASO,ES,Combined TRACON& Tower with Radar,57,35,29,24,145,0,0,9,1,10,57,35,38,25,155,0,0,0,155
08/25/2020,SAV,GA,ASO,ES,Combined TRACON& Tower with Radar,43,30,56,37,166,0,3,27,4,34,43,33,83,41,200,16,4,20,220
08/26/2020,SAV,GA,ASO,ES,Combined TRACON& Tower with Radar,45,43,66,26,180,0,9,39,6,54,45,52,105,32,234,50,2,52,286
08/27/2020,SAV,GA,ASO,ES,Combined TRACON& Tower with Radar,64,45,54,34,197,0,6,57,4,67,64,51,111,38,264,33,0,33,297
08/28/2020,SAV,GA,ASO,ES,Combined TRACON& Tower with Radar,58,32,88,37,215,0,2,34,1,37,58,34,122,38,252,72,21,93,345
08/29/2020,SAV,GA,ASO,ES,Combined TRACON& Tower with Radar,57,12,33,5,107,0,2,31,2,35,57,14,64,7,142,0,0,0,142
08/30/2020,SAV,GA,ASO,ES,Combined TRACON& Tower with Radar,63,13,44,5,125,0,0,14,0,14,63,13,58,5,139,0,0,0,139
08/31/2020,SAV,GA,ASO,ES,Combined TRACON& Tower with Radar,57,30,61,5,153,0,3,42,9,54,57,33,103,14,207,48,0,48,255
09/01/2020,SAV,GA,ASO,ES,Combined TRACON& Tower with Radar,42,52,69,20,183,0,0,60,3,63,42,52,129,23,246,40,2,42,288
09/02/2020,SAV,GA,ASO,ES,Combined TRACON& Tower with Radar,41,46,76,5,168,0,5,54,1,60,41,51,130,6,228,91,0,91,319
09/03/2020,SAV,GA,ASO,ES,Combined TRACON& Tower with Radar,70,47,73,8,198,0,0,62,2,64,70,47,135,10,262,63,6,69,331
09/04/2020,SAV,GA,ASO,ES,Combined TRACON& Tower with Radar,63,27,94,0,184,0,8,73,0,81,63,35,167,0,265,20,0,20,285
09/05/2020,SAV,GA,ASO,ES,Combined TRACON& Tower with Radar,51,25,31,2,109,0,3,69,0,72,51,28,100,2,181,29,0,29,210
09/06/2020,SAV,GA,ASO,ES,Combined TRACON& Tower with Radar,55,12,41,0,108,0,0,28,0,28,55,12,69,0,136,28,0,28,164
09/07/2020,SAV,GA,ASO,ES,Combined TRACON& Tower with Radar,66,17,79,2,164,0,0,54,0,54,66,17,133,2,218,20,0,20,238
09/08/2020,SAV,GA,ASO,ES,Combined TRACON& Tower with Radar,40,20,68,6,134,0,0,60,2,62,40,20,128,8,196,43,10,53,249
09/09/2020,SAV,GA,ASO,ES,Combined TRACON& Tower with Radar,42,41,62,8,153,0,0,16,2,18,42,41,78,10,171,27,0,27,198
09/10/2020,SAV,GA,ASO,ES,Combined TRACON& Tower with Radar,65,34,58,20,177,0,0,19,4,23,65,34,77,24,200,35,0,35,235
09/11/2020,SAV,GA,ASO,ES,Combined TRACON& Tower with Radar,52,36,62,9,159,0,0,15,3,18,52,36,77,12,177,60,0,60,237
09/12/2020,SAV,GA,ASO,ES,Combined TRACON& Tower with Radar,51,17,39,18,125,0,0,22,4,26,51,17,61,22,151,12,6,18,169
09/13/2020,SAV,GA,ASO,ES,Combined TRACON& Tower with Radar,65,17,53,17,152,0,0,5,4,9,65,17,58,21,161,40,6,46,207
09/14/2020,SAV,GA,ASO,ES,Combined TRACON& Tower with Radar,53,26,63,28,170,0,2,69,6,77,53,28,132,34,247,45,6,51,298
09/15/2020,SAV,GA,ASO,ES,Combined TRACON& Tower with Radar,40,21,75,55,191,0,0,27,1,28,40,21,102,56,219,12,11,23,242
09/16/2020,SAV,GA,ASO,ES,Combined TRACON& Tower with Radar,42,28,41,61,172,0,0,4,2,6,42,28,45,63,178,0,0,0,178
09/17/2020,SAV,GA,ASO,ES,Combined TRACON& Tower with Radar,68,21,32,18,139,0,0,13,1,14,68,21,45,19,153,19,28,47,200
09/18/2020,SAV,GA,ASO,ES,Combined TRACON& Tower with Radar,56,40,81,39,216,0,0,17,1,18,56,40,98,40,234,24,0,24,258
09/19/2020,SAV,GA,ASO,ES,Combined TRACON& Tower with Radar,51,17,44,3,115,0,0,51,1,52,51,17,95,4,167,6,6,12,179
09/20/2020,SAV,GA,ASO,ES,Combined TRACON& Tower with Radar,64,30,57,1,152,0,0,48,0,48,64,30,105,1,200,47,0,47,247
09/21/2020,SAV,GA,ASO,ES,Combined TRACON& Tower with Radar,57,30,36,62,185,0,6,55,4,65,57,36,91,66,250,46,10,56,306
09/22/2020,SAV,GA,ASO,ES,Combined TRACON& Tower with Radar,40,41,70,41,192,0,4,80,9,93,40,45,150,50,285,74,14,88,373
09/23/2020,SAV,GA,ASO,ES,Combined TRACON& Tower with Radar,46,24,75,27,172,0,4,66,1,71,46,28,141,28,243,52,2,54,297
09/24/2020,SAV,GA,ASO,ES,Combined TRACON& Tower with Radar,66,52,65,16,199,0,1,78,2,81,66,53,143,18,280,84,6,90,370
09/25/2020,SAV,GA,ASO,ES,Combined TRACON& Tower with Radar,58,32,76,10,176,0,14,49,0,63,58,46,125,10,239,76,0,76,315
09/26/2020,SAV,GA,ASO,ES,Combined TRACON& Tower with Radar,55,14,54,6,129,0,1,36,0,37,55,15,90,6,166,41,0,41,207
09/27/2020,SAV,GA,ASO,ES,Combined TRACON& Tower with Radar,66,23,64,10,163,0,0,17,0,17,66,23,81,10,180,66,0,66,246
09/28/2020,SAV,GA,ASO,ES,Combined TRACON& Tower with Radar,57,30,77,0,164,0,2,9,0,11,57,32,86,0,175,33,0,33,208
09/29/2020,SAV,GA,ASO,ES,Combined TRACON& Tower with Radar,40,38,36,9,123,0,0,20,0,20,40,38,56,9,143,0,0,0,143
09/30/2020,SAV,GA,ASO,ES,Combined TRACON& Tower with Radar,42,33,89,21,185,0,3,87,2,92,42,36,176,23,277,28,0,28,305
10/01/2020,SAV,GA,ASO,ES,Combined TRACON& Tower with Radar,69,43,69,5,186,0,2,79,1,82,69,45,148,6,268,62,2,64,332
10/02/2020,SAV,GA,ASO,ES,Combined TRACON& Tower with Radar,65,31,59,27,182,0,6,86,4,96,65,37,145,31,278,48,2,50,328
10/03/2020,SAV,GA,ASO,ES,Combined TRACON& Tower with Radar,51,25,60,24,160,0,1,75,0,76,51,26,135,24,236,22,8,30,266
10/04/2020,SAV,GA,ASO,ES,Combined TRACON& Tower with Radar,70,37,71,19,197,0,0,45,2,47,70,37,116,21,244,14,0,14,258
10/05/2020,SAV,GA,ASO,ES,Combined TRACON& Tower with Radar,61,26,50,15,152,0,2,37,2,41,61,28,87,17,193,41,2,43,236
10/06/2020,SAV,GA,ASO,ES,Combined TRACON& Tower with Radar,41,40,71,11,163,0,2,25,0,27,41,42,96,11,190,83,2,85,275
10/07/2020,SAV,GA,ASO,ES,Combined TRACON& Tower with Radar,39,37,67,9,152,0,1,50,2,53,39,38,117,11,205,0,0,0,205
10/08/2020,SAV,GA,ASO,ES,Combined TRACON& Tower with Radar,75,41,79,23,218,0,3,63,4,70,75,44,142,27,288,48,4,52,340
10/09/2020,SAV,GA,ASO,ES,Combined TRACON& Tower with Radar,60,32,63,6,161,0,1,55,1,57,60,33,118,7,218,44,0,44,262
10/10/2020,SAV,GA,ASO,ES,Combined TRACON& Tower with Radar,57,23,33,0,113,0,0,21,2,23,57,23,54,2,136,45,0,45,181
10/11/2020,SAV,GA,ASO,ES,Combined TRACON& Tower with Radar,71,22,42,2,137,0,0,14,1,15,71,22,56,3,152,16,22,38,190
10/12/2020,SAV,GA,ASO,ES,Combined TRACON& Tower with Radar,66,28,88,1,183,0,4,36,0,40,66,32,124,1,223,76,0,76,299
10/13/2020,SAV,GA,ASO,ES,Combined TRACON& Tower with Radar,38,33,58,19,148,0,5,68,2,75,38,38,126,21,223,110,8,118,341
10/14/2020,SAV,GA,ASO,ES,Combined TRACON& Tower with Radar,41,40,75,11,167,0,4,62,1,67,41,44,137,12,234,26,6,32,266
10/15/2020,SAV,GA,ASO,ES,Combined TRACON& Tower with Radar,73,29,72,11,185,0,2,56,3,61,73,31,128,14,246,45,24,69,315
10/16/2020,SAV,GA,ASO,ES,Combined TRACON& Tower with Radar,60,29,86,34,209,0,5,83,2,90,60,34,169,36,299,54,12,66,365
10/17/2020,SAV,GA,ASO,ES,Combined TRACON& Tower with Radar,49,17,50,12,128,0,1,56,8,65,49,18,106,20,193,24,0,24,217
10/18/2020,SAV,GA,ASO,ES,Combined TRACON& Tower with Radar,72,27,71,16,186,0,2,61,0,63,72,29,132,16,249,54,2,56,305
10/19/2020,SAV,GA,ASO,ES,Combined TRACON& Tower with Radar,63,28,88,13,192,0,4,60,6,70,63,32,148,19,262,18,4,22,284
10/20/2020,SAV,GA,ASO,ES,Combined TRACON& Tower with Radar,38,20,78,17,153,0,1,26,3,30,38,21,104,20,183,39,18,57,240
10/21/2020,SAV,GA,ASO,ES,Combined TRACON& Tower with Radar,43,50,67,20,180,0,0,24,3,27,43,50,91,23,207,29,0,29,236
10/22/2020,SAV,GA,ASO,ES,Combined TRACON& Tower with Radar,73,25,81,15,194,0,0,47,2,49,73,25,128,17,243,52,0,52,295
10/23/2020,SAV,GA,ASO,ES,Combined TRACON& Tower with Radar,60,32,91,11,194,0,1,26,1,28,60,33,117,12,222,12,0,12,234
10/24/2020,SAV,GA,ASO,ES,Combined TRACON& Tower with Radar,45,17,40,15,117,0,0,48,4,52,45,17,88,19,169,35,4,39,208
10/25/2020,SAV,GA,ASO,ES,Combined TRACON& Tower with Radar,66,34,79,7,186,0,0,28,0,28,66,34,107,7,214,0,0,0,214
10/26/2020,SAV,GA,ASO,ES,Combined TRACON& Tower with Radar,60,41,82,4,187,0,0,11,0,11,60,41,93,4,198,0,0,0,198
10/27/2020,SAV,GA,ASO,ES,Combined TRACON& Tower with Radar,36,34,55,23,148,0,2,49,6,57,36,36,104,29,205,37,0,37,242
10/28/2020,SAV,GA,ASO,ES,Combined TRACON& Tower with Radar,40,24,63,16,143,0,10,65,4,79,40,34,128,20,222,84,4,88,310
10/29/2020,SAV,GA,ASO,ES,Combined TRACON& Tower with Radar,70,38,67,9,184,0,1,6,1,8,70,39,73,10,192,9,4,13,205
10/30/2020,SAV,GA,ASO,ES,Combined TRACON& Tower with Radar,53,46,62,35,196,0,2,92,4,98,53,48,154,39,294,54,2,56,350
10/31/2020,SAV,GA,ASO,ES,Combined TRACON& Tower with Radar,34,26,37,12,109,0,4,45,1,50,34,30,82,13,159,4,2,6,165
11/01/2020,SAV,GA,ASO,ES,Combined TRACON& Tower with Radar,61,20,63,7,151,0,0,24,0,24,61,20,87,7,175,48,0,48,223
11/02/2020,SAV,GA,ASO,ES,Combined TRACON& Tower with Radar,55,20,63,6,144,0,2,56,1,59,55,22,119,7,203,99,0,99,302
11/03/2020,SAV,GA,ASO,ES,Combined TRACON& Tower with Radar,36,22,41,23,122,0,12,77,3,92,36,34,118,26,214,31,26,57,271
11/04/2020,SAV,GA,ASO,ES,Combined TRACON& Tower with Radar,39,49,55,24,167,0,1,70,0,71,39,50,125,24,238,62,14,76,314
11/05/2020,SAV,GA,ASO,ES,Combined TRACON& Tower with Radar,70,39,79,37,225,0,6,65,13,84,70,45,144,50,309,38,16,54,363
11/06/2020,SAV,GA,ASO,ES,Combined TRACON& Tower with Radar,67,39,81,14,201,0,3,49,4,56,67,42,130,18,257,62,8,70,327
11/07/2020,SAV,GA,ASO,ES,Combined TRACON& Tower with Radar,53,25,32,6,116,0,0,33,2,35,53,25,65,8,151,20,4,24,175
11/08/2020,SAV,GA,ASO,ES,Combined TRACON& Tower with Radar,74,26,75,12,187,0,0,7,0,7,74,26,82,12,194,0,0,0,194
11/09/2020,SAV,GA,ASO,ES,Combined TRACON& Tower with Radar,66,55,50,13,184,0,4,27,0,31,66,59,77,13,215,6,8,14,229
11/10/2020,SAV,GA,ASO,ES,Combined TRACON& Tower with Radar,41,41,65,27,174,0,0,6,0,6,41,41,71,27,180,0,0,0,180
11/11/2020,SAV,GA,ASO,ES,Combined TRACON& Tower with Radar,46,62,67,11,186,0,0,8,2,10,46,62,75,13,196,36,0,36,232
11/12/2020,SAV,GA,ASO,ES,Combined TRACON& Tower with Radar,74,35,51,12,172,0,0,5,0,5,74,35,56,12,177,0,0,0,177
11/13/2020,SAV,GA,ASO,ES,Combined TRACON& Tower with Radar,65,46,74,13,198,0,4,46,0,50,65,50,120,13,248,62,0,62,310
11/14/2020,SAV,GA,ASO,ES,Combined TRACON& Tower with Radar,58,30,55,11,154,0,8,89,0,97,58,38,144,11,251,66,0,66,317
11/15/2020,SAV,GA,ASO,ES,Combined TRACON& Tower with Radar,75,42,61,19,197,0,1,48,1,50,75,43,109,20,247,52,0,52,299
11/16/2020,SAV,GA,ASO,ES,Combined TRACON& Tower with Radar,63,39,49,19,170,0,2,62,0,64,63,41,111,19,234,20,0,20,254
11/17/2020,SAV,GA,ASO,ES,Combined TRACON& Tower with Radar,37,35,78,22,172,0,5,60,9,74,37,40,138,31,246,24,0,24,270
11/18/2020,SAV,GA,ASO,ES,Combined TRACON& Tower with Radar,40,50,84,17,191,0,3,66,6,75,40,53,150,23,266,28,18,46,312
11/19/2020,SAV,GA,ASO,ES,Combined TRACON& Tower with Radar,68,47,78,51,244,0,5,55,11,71,68,52,133,62,315,90,12,102,417
11/20/2020,SAV,GA,ASO,ES,Combined TRACON& Tower with Radar,76,46,76,35,233,0,2,80,2,84,76,48,156,37,317,56,7,63,380
11/21/2020,SAV,GA,ASO,ES,Combined TRACON& Tower with Radar,63,35,54,26,178,0,0,89,3,92,63,35,143,29,270,38,17,55,325
11/22/2020,SAV,GA,ASO,ES,Combined TRACON& Tower with Radar,66,28,69,21,184,0,2,9,0,11,66,30,78,21,195,6,16,22,217
11/23/2020,SAV,GA,ASO,ES,Combined TRACON& Tower with Radar,59,36,51,11,157,0,2,55,1,58,59,38,106,12,215,52,12,64,279
11/24/2020,SAV,GA,ASO,ES,Combined TRACON& Tower with Radar,70,51,74,24,219,0,5,60,3,68,70,56,134,27,287,44,28,72,359
11/25/2020,SAV,GA,ASO,ES,Combined TRACON& Tower with Radar,74,37,65,9,185,0,3,56,1,60,74,40,121,10,245,93,10,103,348
11/26/2020,SAV,GA,ASO,ES,Combined TRACON& Tower with Radar,28,8,12,0,48,0,0,17,0,17,28,8,29,0,65,10,0,10,75
11/27/2020,SAV,GA,ASO,ES,Combined TRACON& Tower with Radar,48,21,31,2,102,0,2,40,0,42,48,23,71,2,144,39,0,39,183
11/28/2020,SAV,GA,ASO,ES,Combined TRACON& Tower with Radar,79,29,48,6,162,0,0,0,0,0,79,29,48,6,162,0,0,0,162
11/29/2020,SAV,GA,ASO,ES,Combined TRACON& Tower with Radar,75,38,79,5,197,0,0,10,0,10,75,38,89,5,207,53,0,53,260
11/30/2020,SAV,GA,ASO,ES,Combined TRACON& Tower with Radar,71,50,61,13,195,0,2,28,0,30,71,52,89,13,225,46,18,64,289
12/01/2020,SAV,GA,ASO,ES,Combined TRACON& Tower with Radar,49,38,67,16,170,0,3,47,2,52,49,41,114,18,222,34,10,44,266
12/02/2020,SAV,GA,ASO,ES,Combined TRACON& Tower with Radar,41,49,56,21,167,0,4,60,5,69,41,53,116,26,236,98,22,120,356
12/03/2020,SAV,GA,ASO,ES,Combined TRACON& Tower with Radar,68,56,69,27,220,0,10,63,5,78,68,66,132,32,298,74,10,84,382
12/04/2020,SAV,GA,ASO,ES,Combined TRACON& Tower with Radar,61,32,72,12,177,0,6,50,1,57,61,38,122,13,234,73,4,77,311
12/05/2020,SAV,GA,ASO,ES,Combined TRACON& Tower with Radar,50,22,53,2,127,0,4,78,0,82,50,26,131,2,209,47,0,47,256
12/06/2020,SAV,GA,ASO,ES,Combined TRACON& Tower with Radar,64,40,58,0,162,0,0,83,0,83,64,40,141,0,245,46,0,46,291
12/07/2020,SAV,GA,ASO,ES,Combined TRACON& Tower with Radar,63,35,61,47,206,0,0,45,7,52,63,35,106,54,258,26,26,52,310
12/08/2020,SAV,GA,ASO,ES,Combined TRACON& Tower with Radar,44,33,48,23,148,0,7,49,12,68,44,40,97,35,216,74,18,92,308
12/09/2020,SAV,GA,ASO,ES,Combined TRACON& Tower with Radar,42,46,67,27,182,0,3,69,9,81,42,49,136,36,263,92,11,103,366
12/10/2020,SAV,GA,ASO,ES,Combined TRACON& Tower with Radar,67,53,85,20,225,0,6,70,7,83,67,59,155,27,308,98,20,118,426
12/11/2020,SAV,GA,ASO,ES,Combined TRACON& Tower with Radar,64,54,77,36,231,0,4,66,11,81,64,58,143,47,312,85,21,106,418
12/12/2020,SAV,GA,ASO,ES,Combined TRACON& Tower with Radar,45,31,62,23,161,0,0,62,11,73,45,31,124,34,234,57,32,89,323
12/13/2020,SAV,GA,ASO,ES,Combined TRACON& Tower with Radar,70,29,60,15,174,0,0,37,3,40,70,29,97,18,214,24,0,24,238
12/14/2020,SAV,GA,ASO,ES,Combined TRACON& Tower with Radar,66,33,55,15,169,0,3,17,8,28,66,36,72,23,197,0,0,0,197
12/15/2020,SAV,GA,ASO,ES,Combined TRACON& Tower with Radar,41,40,83,13,177,0,5,31,0,36,41,45,114,13,213,0,0,0,213
12/16/2020,SAV,GA,ASO,ES,Combined TRACON& Tower with Radar,41,30,52,6,129,0,0,0,0,0,41,30,52,6,129,0,0,0,129
12/17/2020,SAV,GA,ASO,ES,Combined TRACON& Tower with Radar,59,28,84,24,195,0,2,17,1,20,59,30,101,25,215,49,0,49,264
12/18/2020,SAV,GA,ASO,ES,Combined TRACON& Tower with Radar,65,44,82,39,230,1,3,54,5,63,66,47,136,44,293,50,10,60,353
12/19/2020,SAV,GA,ASO,ES,Combined TRACON& Tower with Radar,72,23,55,12,162,0,0,64,6,70,72,23,119,18,232,150,8,158,390
12/20/2020,SAV,GA,ASO,ES,Combined TRACON& Tower with Radar,64,21,43,1,129,0,0,2,0,2,64,21,45,1,131,0,0,0,131
12/21/2020,SAV,GA,ASO,ES,Combined TRACON& Tower with Radar,68,34,64,12,178,0,0,45,2,47,68,34,109,14,225,36,0,36,261
12/22/2020,SAV,GA,ASO,ES,Combined TRACON& Tower with Radar,64,38,68,9,179,0,2,85,4,91,64,40,153,13,270,87,16,103,373
12/23/2020,SAV,GA,ASO,ES,Combined TRACON& Tower with Radar,72,41,68,0,181,0,0,68,0,68,72,41,136,0,249,42,0,42,291
12/24/2020,SAV,GA,ASO,ES,Combined TRACON& Tower with Radar,54,29,14,7,104,0,0,2,0,2,54,29,16,7,106,0,4,4,110
12/25/2020,SAV,GA,ASO,ES,Combined TRACON& Tower with Radar,29,6,12,6,53,0,0,7,0,7,29,6,19,6,60,0,4,4,64
12/26/2020,SAV,GA,ASO,ES,Combined TRACON& Tower with Radar,66,32,59,6,163,0,2,33,0,35,66,34,92,6,198,60,0,60,258
12/27/2020,SAV,GA,ASO,ES,Combined TRACON& Tower with Radar,68,20,50,9,147,0,0,41,2,43,68,20,91,11,190,44,16,60,250
12/28/2020,SAV,GA,ASO,ES,Combined TRACON& Tower with Radar,68,35,69,8,180,0,0,58,1,59,68,35,127,9,239,28,0,28,267
12/29/2020,SAV,GA,ASO,ES,Combined TRACON& Tower with Radar,66,22,53,12,153,0,0,84,1,85,66,22,137,13,238,121,6,127,365
12/30/2020,SAV,GA,ASO,ES,Combined TRACON& Tower with Radar,68,21,70,8,167,0,1,31,0,32,68,22,101,8,199,44,0,44,243
12/31/2020,SAV,GA,ASO,ES,Combined TRACON& Tower with Radar,44,24,40,2,110,0,0,5,0,5,44,24,45,2,115,0,0,0,115
01/01/2021,SAV,GA,ASO,ES,Combined TRACON& Tower with Radar,38,13,29,0,80,0,0,7,0,7,38,13,36,0,87,12,0,12,99
01/02/2021,SAV,GA,ASO,ES,Combined TRACON& Tower with Radar,76,19,79,3,177,0,0,0,0,0,76,19,79,3,177,0,0,0,177
01/03/2021,SAV,GA,ASO,ES,Combined TRACON& Tower with Radar,74,27,86,1,188,0,0,44,2,46,74,27,130,3,234,33,0,33,267
01/04/2021,SAV,GA,ASO,ES,Combined TRACON& Tower with Radar,62,22,67,9,160,0,1,68,3,72,62,23,135,12,232,70,18,88,320
01/05/2021,SAV,GA,ASO,ES,Combined TRACON& Tower with Radar,44,21,54,19,138,0,3,73,2,78,44,24,127,21,216,53,20,73,289
01/06/2021,SAV,GA,ASO,ES,Combined TRACON& Tower with Radar,40,22,48,12,122,0,4,81,5,90,40,26,129,17,212,112,14,126,338
01/07/2021,SAV,GA,ASO,ES,Combined TRACON& Tower with Radar,56,33,60,5,154,0,1,51,1,53,56,34,111,6,207,21,0,21,228
01/08/2021,SAV,GA,ASO,ES,Combined TRACON& Tower with Radar,50,26,48,6,130,0,0,1,0,1,50,26,49,6,131,0,0,0,131
01/09/2021,SAV,GA,ASO,ES,Combined TRACON& Tower with Radar,35,46,40,8,129,0,0,50,4,54,35,46,90,12,183,82,10,92,275
01/10/2021,SAV,GA,ASO,ES,Combined TRACON& Tower with Radar,54,29,53,16,152,0,1,69,6,76,54,30,122,22,228,102,12,114,342
01/11/2021,SAV,GA,ASO,ES,Combined TRACON& Tower with Radar,49,28,48,12,137,0,4,44,0,48,49,32,92,12,185,46,4,50,235
01/12/2021,SAV,GA,ASO,ES,Combined TRACON& Tower with Radar,40,17,52,18,127,0,0,3,4,7,40,17,55,22,134,71,28,99,233
01/13/2021,SAV,GA,ASO,ES,Combined TRACON& Tower with Radar,40,29,78,24,171,0,0,18,2,20,40,29,96,26,191,78,2,80,271
01/14/2021,SAV,GA,ASO,ES,Combined TRACON& Tower with Radar,59,36,73,19,187,0,11,88,7,106,59,47,161,26,293,37,12,49,342
01/15/2021,SAV,GA,ASO,ES,Combined TRACON& Tower with Radar,53,27,56,12,148,0,0,23,0,23,53,27,79,12,171,22,8,30,201
01/16/2021,SAV,GA,ASO,ES,Combined TRACON& Tower with Radar,34,39,29,5,107,0,0,49,3,52,34,39,78,8,159,20,0,20,179
01/17/2021,SAV,GA,ASO,ES,Combined TRACON& Tower with Radar,52,20,53,4,129,0,0,79,0,79,52,20,132,4,208,76,0,76,284
01/18/2021,SAV,GA,ASO,ES,Combined TRACON& Tower with Radar,49,44,61,0,154,0,4,65,2,71,49,48,126,2,225,78,0,78,303
01/19/2021,SAV,GA,ASO,ES,Combined TRACON& Tower with Radar,42,45,59,10,156,0,11,78,4,93,42,56,137,14,249,113,4,117,366
01/20/2021,SAV,GA,ASO,ES,Combined TRACON& Tower with Radar,40,33,62,6,141,0,2,60,1,63,40,35,122,7,204,62,0,62,266
01/21/2021,SAV,GA,ASO,ES,Combined TRACON& Tower with Radar,58,30,59,14,161,0,8,44,3,55,58,38,103,17,216,54,8,62,278
01/22/2021,SAV,GA,ASO,ES,Combined TRACON& Tower with Radar,50,39,57,6,152,0,0,0,0,0,50,39,57,6,152,0,0,0,152
01/23/2021,SAV,GA,ASO,ES,Combined TRACON& Tower with Radar,35,20,49,18,122,0,2,66,6,74,35,22,115,24,196,101,14,115,311
01/24/2021,SAV,GA,ASO,ES,Combined TRACON& Tower with Radar,56,26,64,18,164,0,0,53,2,55,56,26,117,20,219,20,2,22,241
01/25/2021,SAV,GA,ASO,ES,Combined TRACON& Tower with Radar,48,40,72,19,179,0,5,37,4,46,48,45,109,23,225,0,0,0,225
01/26/2021,SAV,GA,ASO,ES,Combined TRACON& Tower with Radar,41,58,50,11,160,0,0,57,14,71,41,58,107,25,231,0,0,0,231
01/27/2021,SAV,GA,ASO,ES,Combined TRACON& Tower with Radar,41,32,56,4,133,0,0,2,1,3,41,32,58,5,136,0,0,0,136
01/28/2021,SAV,GA,ASO,ES,Combined TRACON& Tower with Radar,49,47,67,21,184,0,2,46,1,49,49,49,113,22,233,18,4,22,255
01/29/2021,SAV,GA,ASO,ES,Combined TRACON& Tower with Radar,49,30,69,29,177,0,3,88,2,93,49,33,157,31,270,62,4,66,336
01/30/2021,SAV,GA,ASO,ES,Combined TRACON& Tower with Radar,36,28,74,1,139,0,1,75,1,77,36,29,149,2,216,51,0,51,267
01/31/2021,SAV,GA,ASO,ES,Combined TRACON& Tower with Radar,53,19,48,4,124,0,0,6,1,7,53,19,54,5,131,12,0,12,143
02/01/2021,SAV,GA,ASO,ES,Combined TRACON& Tower with Radar,43,41,48,11,143,0,0,27,9,36,43,41,75,20,179,0,0,0,179
02/02/2021,SAV,GA,ASO,ES,Combined TRACON& Tower with Radar,40,35,51,21,147,0,3,55,5,63,40,38,106,26,210,0,0,0,210
02/03/2021,SAV,GA,ASO,ES,Combined TRACON& Tower with Radar,42,41,52,14,149,0,7,119,13,139,42,48,171,27,288,0,0,0,288
02/04/2021,SAV,GA,ASO,ES,Combined TRACON& Tower with Radar,58,33,69,12,172,0,0,78,5,83,58,33,147,17,255,24,38,62,317
02/05/2021,SAV,GA,ASO,ES,Combined TRACON& Tower with Radar,52,25,64,6,147,0,0,7,0,7,52,25,71,6,154,26,0,26,180
02/06/2021,SAV,GA,ASO,ES,Combined TRACON& Tower with Radar,37,18,52,6,113,0,0,11,0,11,37,18,63,6,124,42,8,50,174
02/07/2021,SAV,GA,ASO,ES,Combined TRACON& Tower with Radar,50,30,54,10,144,0,2,14,1,17,50,32,68,11,161,46,0,46,207
02/08/2021,SAV,GA,ASO,ES,Combined TRACON& Tower with Radar,51,32,79,34,196,0,0,92,8,100,51,32,171,42,296,0,0,0,296
02/09/2021,SAV,GA,ASO,ES,Combined TRACON& Tower with Radar,44,45,55,8,152,0,0,1,0,1,44,45,56,8,153,0,0,0,153
02/10/2021,SAV,GA,ASO,ES,Combined TRACON& Tower with Radar,39,42,69,14,164,0,0,1,1,2,39,42,70,15,166,0,0,0,166
02/11/2021,SAV,GA,ASO,ES,Combined TRACON& Tower with Radar,57,37,30,4,128,0,0,2,0,2,57,37,32,4,130,0,0,0,130
02/12/2021,SAV,GA,ASO,ES,Combined TRACON& Tower with Radar,74,44,69,10,197,0,0,0,0,0,74,44,69,10,197,0,0,0,197
02/13/2021,SAV,GA,ASO,ES,Combined TRACON& Tower with Radar,47,27,31,6,111,0,0,0,0,0,47,27,31,6,111,0,0,0,111
02/14/2021,SAV,GA,ASO,ES,Combined TRACON& Tower with Radar,55,16,28,8,107,0,0,0,0,0,55,16,28,8,107,0,0,0,107
02/15/2021,SAV,GA,ASO,ES,Combined TRACON& Tower with Radar,60,27,40,8,135,0,0,0,0,0,60,27,40,8,135,0,0,0,135
02/16/2021,SAV,GA,ASO,ES,Combined TRACON& Tower with Radar,38,42,69,13,162,0,0,83,6,89,38,42,152,19,251,123,4,127,378
02/17/2021,SAV,GA,ASO,ES,Combined TRACON& Tower with Radar,33,43,79,8,163,0,1,66,3,70,33,44,145,11,233,70,2,72,305
02/18/2021,SAV,GA,ASO,ES,Combined TRACON& Tower with Radar,55,34,41,3,133,0,0,0,0,0,55,34,41,3,133,0,0,0,133
02/19/2021,SAV,GA,ASO,ES,Combined TRACON& Tower with Radar,60,48,96,14,218,0,0,4,2,6,60,48,100,16,224,12,0,12,236
02/20/2021,SAV,GA,ASO,ES,Combined TRACON& Tower with Radar,42,36,66,4,148,0,0,110,0,110,42,36,176,4,258,45,0,45,303
02/21/2021,SAV,GA,ASO,ES,Combined TRACON& Tower with Radar,68,24,73,8,173,0,2,101,12,115,68,26,174,20,288,2,0,2,290
02/22/2021,SAV,GA,ASO,ES,Combined TRACON& Tower with Radar,62,28,48,20,158,0,0,28,2,30,62,28,76,22,188,37,0,37,225
02/23/2021,SAV,GA,ASO,ES,Combined TRACON& Tower with Radar,44,35,69,16,164,0,2,87,5,94,44,37,156,21,258,74,18,92,350
02/24/2021,SAV,GA,ASO,ES,Combined TRACON& Tower with Radar,45,35,70,19,169,0,7,92,7,106,45,42,162,26,275,33,2,35,310
02/25/2021,SAV,GA,ASO,ES,Combined TRACON& Tower with Radar,69,30,88,18,205,0,1,108,7,116,69,31,196,25,321,50,8,58,379
02/26/2021,SAV,GA,ASO,ES,Combined TRACON& Tower with Radar,66,35,81,62,244,0,1,79,6,86,66,36,160,68,330,88,0,88,418
02/27/2021,SAV,GA,ASO,ES,Combined TRACON& Tower with Radar,42,23,66,12,143,0,0,85,1,86,42,23,151,13,229,34,8,42,271
02/28/2021,SAV,GA,ASO,ES,Combined TRACON& Tower with Radar,73,24,78,24,199,0,0,36,2,38,73,24,114,26,237,44,0,44,281
03/01/2021,SAV,GA,ASO,ES,Combined TRACON& Tower with Radar,63,36,57,10,166,0,1,27,0,28,63,37,84,10,194,36,0,36,230
03/02/2021,SAV,GA,ASO,ES,Combined TRACON& Tower with Radar,51,27,53,6,137,0,1,10,1,12,51,28,63,7,149,82,8,90,239
03/03/2021,SAV,GA,ASO,ES,Combined TRACON& Tower with Radar,50,37,77,29,193,0,2,22,0,24,50,39,99,29,217,10,6,16,233
03/04/2021,SAV,GA,ASO,ES,Combined TRACON& Tower with Radar,87,46,87,14,234,0,6,96,7,109,87,52,183,21,343,60,17,77,420
03/05/2021,SAV,GA,ASO,ES,Combined TRACON& Tower with Radar,87,32,117,10,246,0,15,106,3,124,87,47,223,13,370,69,2,71,441
03/06/2021,SAV,GA,ASO,ES,Combined TRACON& Tower with Radar,68,21,44,6,139,0,0,71,4,75,68,21,115,10,214,100,4,104,318
03/07/2021,SAV,GA,ASO,ES,Combined TRACON& Tower with Radar,80,33,99,10,222,0,0,88,7,95,80,33,187,17,317,10,8,18,335
03/08/2021,SAV,GA,ASO,ES,Combined TRACON& Tower with Radar,83,46,60,23,212,0,0,83,5,88,83,46,143,28,300,69,0,69,369
03/09/2021,SAV,GA,ASO,ES,Combined TRACON& Tower with Radar,61,38,53,19,171,0,8,89,3,100,61,46,142,22,271,63,4,67,338
03/10/2021,SAV,GA,ASO,ES,Combined TRACON& Tower with Radar,58,42,70,11,181,0,6,103,4,113,58,48,173,15,294,148,0,148,442
03/11/2021,SAV,GA,ASO,ES,Combined TRACON& Tower with Radar,102,46,82,6,236,0,5,75,4,84,102,51,157,10,320,93,0,93,413
03/12/2021,SAV,GA,ASO,ES,Combined TRACON& Tower with Radar,95,48,117,41,301,0,1,114,10,125,95,49,231,51,426,47,7,54,480
03/13/2021,SAV,GA,ASO,ES,Combined TRACON& Tower with Radar,83,22,55,12,172,0,3,99,2,104,83,25,154,14,276,78,4,82,358
03/14/2021,SAV,GA,ASO,ES,Combined TRACON& Tower with Radar,99,33,74,12,218,0,0,62,6,68,99,33,136,18,286,54,4,58,344
03/15/2021,SAV,GA,ASO,ES,Combined TRACON& Tower with Radar,93,36,72,3,204,0,3,59,1,63,93,39,131,4,267,0,0,0,267
03/16/2021,SAV,GA,ASO,ES,Combined TRACON& Tower with Radar,78,62,82,24,246,0,4,65,7,76,78,66,147,31,322,38,0,38,360
03/17/2021,SAV,GA,ASO,ES,Combined TRACON& Tower with Radar,67,37,77,19,200,0,0,4,0,4,67,37,81,19,204,0,0,0,204
03/18/2021,SAV,GA,ASO,ES,Combined TRACON& Tower with Radar,100,40,47,4,191,0,0,9,0,9,100,40,56,4,200,4,0,4,204
03/19/2021,SAV,GA,ASO,ES,Combined TRACON& Tower with Radar,97,56,112,16,281,0,5,82,1,88,97,61,194,17,369,56,4,60,429
03/20/2021,SAV,GA,ASO,ES,Combined TRACON& Tower with Radar,86,26,69,12,193,0,0,55,1,56,86,26,124,13,249,96,0,96,345
03/21/2021,SAV,GA,ASO,ES,Combined TRACON& Tower with Radar,96,30,52,7,185,1,0,2,0,3,97,30,54,7,188,0,0,0,188
03/22/2021,SAV,GA,ASO,ES,Combined TRACON& Tower with Radar,96,35,67,9,207,0,5,68,1,74,96,40,135,10,281,72,10,82,363
03/23/2021,SAV,GA,ASO,ES,Combined TRACON& Tower with Radar,76,38,102,25,241,0,2,71,0,73,76,40,173,25,314,90,2,92,406
03/24/2021,SAV,GA,ASO,ES,Combined TRACON& Tower with Radar,71,56,78,48,253,0,1,76,2,79,71,57,154,50,332,82,2,84,416
03/25/2021,SAV,GA,ASO,ES,Combined TRACON& Tower with Radar,100,43,89,20,252,0,0,56,4,60,100,43,145,24,312,6,18,24,336
03/26/2021,SAV,GA,ASO,ES,Combined TRACON& Tower with Radar,98,48,81,9,236,0,0,58,0,58,98,48,139,9,294,32,0,32,326
03/27/2021,SAV,GA,ASO,ES,Combined TRACON& Tower with Radar,85,36,83,7,211,0,0,68,0,68,85,36,151,7,279,111,2,113,392
03/28/2021,SAV,GA,ASO,ES,Combined TRACON& Tower with Radar,98,32,70,8,208,0,0,33,0,33,98,32,103,8,241,24,0,24,265
03/29/2021,SAV,GA,ASO,ES,Combined TRACON& Tower with Radar,97,29,74,7,207,0,1,73,6,80,97,30,147,13,287,61,0,61,348
03/30/2021,SAV,GA,ASO,ES,Combined TRACON& Tower with Radar,83,45,76,15,219,0,2,45,4,51,83,47,121,19,270,86,10,96,366
03/31/2021,SAV,GA,ASO,ES,Combined TRACON& Tower with Radar,73,42,72,28,215,0,3,37,2,42,73,45,109,30,257,84,10,94,351
04/01/2021,SAV,GA,ASO,ES,Combined TRACON& Tower with Radar,108,40,89,33,270,0,8,32,5,45,108,48,121,38,315,84,20,104,419
04/02/2021,SAV,GA,ASO,ES,Combined TRACON& Tower with Radar,97,33,97,10,237,0,2,97,2,101,97,35,194,12,338,168,0,168,506
04/03/2021,SAV,GA,ASO,ES,Combined TRACON& Tower with Radar,87,29,54,10,180,0,5,83,0,88,87,34,137,10,268,79,0,79,347
04/04/2021,SAV,GA,ASO,ES,Combined TRACON& Tower with Radar,102,23,51,9,185,0,2,66,1,69,102,25,117,10,254,34,6,40,294
04/05/2021,SAV,GA,ASO,ES,Combined TRACON& Tower with Radar,99,34,83,11,227,0,6,87,0,93,99,40,170,11,320,145,16,161,481
04/06/2021,SAV,GA,ASO,ES,Combined TRACON& Tower with Radar,83,30,64,12,189,0,0,72,1,73,83,30,136,13,262,51,0,51,313
04/07/2021,SAV,GA,ASO,ES,Combined TRACON& Tower with Radar,81,43,68,15,207,0,1,82,2,85,81,44,150,17,292,83,2,85,377
04/08/2021,SAV,GA,ASO,ES,Combined TRACON& Tower with Radar,110,50,90,24,274,0,5,93,5,103,110,55,183,29,377,8,50,58,435
04/09/2021,SAV,GA,ASO,ES,Combined TRACON& Tower with Radar,98,45,56,15,214,0,1,51,4,56,98,46,107,19,270,111,0,111,381
04/10/2021,SAV,GA,ASO,ES,Combined TRACON& Tower with Radar,89,35,52,38,214,0,0,40,8,48,89,35,92,46,262,55,8,63,325
04/11/2021,SAV,GA,ASO,ES,Combined TRACON& Tower with Radar,114,38,91,5,248,0,0,36,5,41,114,38,127,10,289,58,6,64,353
04/12/2021,SAV,GA,ASO,ES,Combined TRACON& Tower with Radar,101,55,83,42,281,0,2,76,2,80,101,57,159,44,361,8,0,8,369
04/13/2021,SAV,GA,ASO,ES,Combined TRACON& Tower with Radar,77,43,76,63,259,0,1,85,2,88,77,44,161,65,347,0,2,2,349
04/14/2021,SAV,GA,ASO,ES,Combined TRACON& Tower with Radar,81,46,75,39,241,0,5,80,5,90,81,51,155,44,331,12,4,16,347
04/15/2021,SAV,GA,ASO,ES,Combined TRACON& Tower with Radar,108,49,68,39,264,0,1,49,1,51,108,50,117,40,315,2,0,2,317
04/16/2021,SAV,GA,ASO,ES,Combined TRACON& Tower with Radar,100,42,83,39,264,0,8,96,8,112,100,50,179,47,376,46,0,46,422
04/17/2021,SAV,GA,ASO,ES,Combined TRACON& Tower with Radar,93,39,48,8,188,0,0,38,5,43,93,39,86,13,231,68,0,68,299
04/18/2021,SAV,GA,ASO,ES,Combined TRACON& Tower with Radar,105,28,98,10,241,1,1,45,7,54,106,29,143,17,295,8,2,10,305
04/19/2021,SAV,GA,ASO,ES,Combined TRACON& Tower with Radar,98,49,58,35,240,0,6,68,3,77,98,55,126,38,317,33,0,33,350
04/20/2021,SAV,GA,ASO,ES,Combined TRACON& Tower with Radar,75,31,61,47,214,0,4,64,3,71,75,35,125,50,285,10,4,14,299
04/21/2021,SAV,GA,ASO,ES,Combined TRACON& Tower with Radar,84,31,83,43,241,0,1,66,4,71,84,32,149,47,312,16,4,20,332
04/22/2021,SAV,GA,ASO,ES,Combined TRACON& Tower with Radar,109,40,94,32,275,0,5,84,7,96,109,45,178,39,371,82,22,104,475
04/23/2021,SAV,GA,ASO,ES,Combined TRACON& Tower with Radar,100,45,76,39,260,0,0,122,13,135,100,45,198,52,395,16,3,19,414
04/24/2021,SAV,GA,ASO,ES,Combined TRACON& Tower with Radar,94,19,32,11,156,0,0,7,0,7,94,19,39,11,163,22,0,22,185
04/25/2021,SAV,GA,ASO,ES,Combined TRACON& Tower with Radar,106,40,100,23,269,0,0,54,4,58,106,40,154,27,327,48,4,52,379
04/26/2021,SAV,GA,ASO,ES,Combined TRACON& Tower with Radar,98,43,87,6,234,0,3,72,6,81,98,46,159,12,315,58,0,58,373
04/27/2021,SAV,GA,ASO,ES,Combined TRACON& Tower with Radar,76,38,74,14,202,0,0,87,3,90,76,38,161,17,292,70,4,74,366
04/28/2021,SAV,GA,ASO,ES,Combined TRACON& Tower with Radar,77,36,95,17,225,0,4,94,2,100,77,40,189,19,325,81,6,87,412
04/29/2021,SAV,GA,ASO,ES,Combined TRACON& Tower with Radar,104,51,78,8,241,0,3,77,3,83,104,54,155,11,324,24,12,36,360
04/30/2021,SAV,GA,ASO,ES,Combined TRACON& Tower with Radar,98,47,87,22,254,0,6,58,5,69,98,53,145,27,323,56,28,84,407
05/01/2021,SAV,GA,ASO,ES,Combined TRACON& Tower with Radar,89,29,51,8,177,0,1,81,1,83,89,30,132,9,260,2,0,2,262
05/02/2021,SAV,GA,ASO,ES,Combined TRACON& Tower with Radar,105,31,66,11,213,0,1,47,3,51,105,32,113,14,264,24,0,24,288
05/03/2021,SAV,GA,ASO,ES,Combined TRACON& Tower with Radar,97,44,61,25,227,0,0,46,2,48,97,44,107,27,275,42,25,67,342
05/04/2021,SAV,GA,ASO,ES,Combined TRACON& Tower with Radar,87,31,70,10,198,0,2,36,4,42,87,33,106,14,240,28,6,34,274
05/05/2021,SAV,GA,ASO,ES,Combined TRACON& Tower with Radar,79,35,61,12,187,0,0,60,1,61,79,35,121,13,248,14,4,18,266
05/06/2021,SAV,GA,ASO,ES,Combined TRACON& Tower with Radar,114,44,109,10,277,0,0,85,6,91,114,44,194,16,368,49,17,66,434
05/07/2021,SAV,GA,ASO,ES,Combined TRACON& Tower with Radar,103,57,72,17,249,0,3,53,3,59,103,60,125,20,308,4,0,4,312
05/08/2021,SAV,GA,ASO,ES,Combined TRACON& Tower with Radar,103,27,50,10,190,0,3,86,0,89,103,30,136,10,279,38,0,38,317
05/09/2021,SAV,GA,ASO,ES,Combined TRACON& Tower with Radar,114,37,56,10,217,0,0,56,2,58,114,37,112,12,275,36,4,40,315
05/10/2021,SAV,GA,ASO,ES,Combined TRACON& Tower with Radar,107,44,59,27,237,0,0,55,0,55,107,44,114,27,292,62,0,62,354
05/11/2021,SAV,GA,ASO,ES,Combined TRACON& Tower with Radar,80,35,61,14,190,0,2,80,2,84,80,37,141,16,274,62,24,86,360
05/12/2021,SAV,GA,ASO,ES,Combined TRACON& Tower with Radar,79,40,61,24,204,0,0,1,1,2,79,40,62,25,206,0,0,0,206
05/13/2021,SAV,GA,ASO,ES,Combined TRACON& Tower with Radar,116,48,100,4,268,0,6,59,0,65,116,54,159,4,333,53,0,53,386
05/14/2021,SAV,GA,ASO,ES,Combined TRACON& Tower with Radar,107,30,94,10,241,0,5,89,3,97,107,35,183,13,338,0,0,0,338
05/15/2021,SAV,GA,ASO,ES,Combined TRACON& Tower with Radar,106,31,57,12,206,0,0,77,15,92,106,31,134,27,298,66,0,66,364
05/16/2021,SAV,GA,ASO,ES,Combined TRACON& Tower with Radar,110,40,91,16,257,0,0,65,3,68,110,40,156,19,325,32,14,46,371
05/17/2021,SAV,GA,ASO,ES,Combined TRACON& Tower with Radar,107,35,72,17,231,0,2,78,4,84,107,37,150,21,315,25,12,37,352
05/18/2021,SAV,GA,ASO,ES,Combined TRACON& Tower with Radar,84,44,69,26,223,0,4,64,2,70,84,48,133,28,293,45,0,45,338
05/19/2021,SAV,GA,ASO,ES,Combined TRACON& Tower with Radar,85,37,85,22,229,0,0,38,7,45,85,37,123,29,274,76,24,100,374
05/20/2021,SAV,GA,ASO,ES,Combined TRACON& Tower with Radar,116,55,81,17,269,0,0,66,8,74,116,55,147,25,343,39,7,46,389
05/21/2021,SAV,GA,ASO,ES,Combined TRACON& Tower with Radar,109,45,88,10,252,0,2,77,9,88,109,47,165,19,340,38,0,38,378
05/22/2021,SAV,GA,ASO,ES,Combined TRACON& Tower with Radar,109,23,65,6,203,0,2,74,2,78,109,25,139,8,281,80,0,80,361
05/23/2021,SAV,GA,ASO,ES,Combined TRACON& Tower with Radar,113,39,74,14,240,0,3,72,4,79,113,42,146,18,319,38,0,38,357
05/24/2021,SAV,GA,ASO,ES,Combined TRACON& Tower with Radar,104,35,67,7,213,0,6,91,2,99,104,41,158,9,312,88,0,88,400
05/25/2021,SAV,GA,ASO,ES,Combined TRACON& Tower with Radar,84,30,61,5,180,0,1,91,3,95,84,31,152,8,275,110,2,112,387
05/26/2021,SAV,GA,ASO,ES,Combined TRACON& Tower with Radar,99,36,79,6,220,0,10,96,2,108,99,46,175,8,328,49,2,51,379
05/27/2021,SAV,GA,ASO,ES,Combined TRACON& Tower with Radar,121,44,103,9,277,0,6,69,3,78,121,50,172,12,355,30,22,52,407
05/28/2021,SAV,GA,ASO,ES,Combined TRACON& Tower with Radar,121,44,91,7,263,0,0,86,1,87,121,44,177,8,350,46,2,48,398
05/29/2021,SAV,GA,ASO,ES,Combined TRACON& Tower with Radar,127,21,52,9,209,0,0,30,3,33,127,21,82,12,242,46,0,46,288
05/30/2021,SAV,GA,ASO,ES,Combined TRACON& Tower with Radar,115,33,36,12,196,0,1,28,4,33,115,34,64,16,229,26,0,26,255
05/31/2021,SAV,GA,ASO,ES,Combined TRACON& Tower with Radar,112,42,54,2,210,0,2,65,0,67,112,44,119,2,277,13,0,13,290
06/01/2021,SAV,GA,ASO,ES,Combined TRACON& Tower with Radar,87,38,75,7,207,0,3,59,3,65,87,41,134,10,272,104,0,104,376
06/02/2021,SAV,GA,ASO,ES,Combined TRACON& Tower with Radar,96,43,71,18,228,0,0,29,8,37,96,43,100,26,265,32,0,32,297
06/03/2021,SAV,GA,ASO,ES,Combined TRACON& Tower with Radar,116,46,61,12,235,0,0,10,0,10,116,46,71,12,245,12,0,12,257
06/04/2021,SAV,GA,ASO,ES,Combined TRACON& Tower with Radar,118,54,49,10,231,0,1,32,0,33,118,55,81,10,264,29,0,29,293
06/05/2021,SAV,GA,ASO,ES,Combined TRACON& Tower with Radar,130,24,40,1,195,0,0,40,0,40,130,24,80,1,235,21,0,21,256
06/06/2021,SAV,GA,ASO,ES,Combined TRACON& Tower with Radar,131,42,50,14,237,0,0,15,4,19,131,42,65,18,256,24,0,24,280
06/07/2021,SAV,GA,ASO,ES,Combined TRACON& Tower with Radar,121,32,58,17,228,0,0,20,1,21,121,32,78,18,249,10,0,10,259
06/08/2021,SAV,GA,ASO,ES,Combined TRACON& Tower with Radar,111,30,69,34,244,0,1,65,16,82,111,31,134,50,326,58,20,78,404
06/09/2021,SAV,GA,ASO,ES,Combined TRACON& Tower with Radar,114,45,70,31,260,0,6,66,4,76,114,51,136,35,336,26,0,26,362
06/10/2021,SAV,GA,ASO,ES,Combined TRACON& Tower with Radar,130,35,84,15,264,0,6,94,5,105,130,41,178,20,369,33,14,47,416
06/11/2021,SAV,GA,ASO,ES,Combined TRACON& Tower with Radar,127,52,79,30,288,0,5,76,7,88,127,57,155,37,376,10,0,10,386
06/12/2021,SAV,GA,ASO,ES,Combined TRACON& Tower with Radar,136,32,47,1,216,0,0,32,1,33,136,32,79,2,249,16,0,16,265
06/13/2021,SAV,GA,ASO,ES,Combined TRACON& Tower with Radar,129,45,80,6,260,0,0,3,0,3,129,45,83,6,263,4,0,4,267
06/14/2021,SAV,GA,ASO,ES,Combined TRACON& Tower with Radar,124,47,80,15,266,0,4,55,2,61,124,51,135,17,327,102,0,102,429
06/15/2021,SAV,GA,ASO,ES,Combined TRACON& Tower with Radar,111,39,71,9,230,0,0,88,0,88,111,39,159,9,318,44,0,44,362
06/16/2021,SAV,GA,ASO,ES,Combined TRACON& Tower with Radar,119,44,51,22,236,0,2,84,2,88,119,46,135,24,324,23,0,23,347
06/17/2021,SAV,GA,ASO,ES,Combined TRACON& Tower with Radar,132,38,86,16,272,0,4,80,1,85,132,42,166,17,357,81,2,83,440
06/18/2021,SAV,GA,ASO,ES,Combined TRACON& Tower with Radar,128,45,78,8,259,0,3,90,0,93,128,48,168,8,352,128,0,128,480
06/19/2021,SAV,GA,ASO,ES,Combined TRACON& Tower with Radar,139,26,58,8,231,0,0,59,3,62,139,26,117,11,293,12,0,12,305
06/20/2021,SAV,GA,ASO,ES,Combined TRACON& Tower with Radar,135,25,55,9,224,0,0,3,0,3,135,25,58,9,227,4,0,4,231
06/21/2021,SAV,GA,ASO,ES,Combined TRACON& Tower with Radar,122,28,79,1,230,0,4,49,1,54,122,32,128,2,284,14,0,14,298
06/22/2021,SAV,GA,ASO,ES,Combined TRACON& Tower with Radar,114,24,65,7,210,0,0,6,1,7,114,24,71,8,217,8,9,17,234
06/23/2021,SAV,GA,ASO,ES,Combined TRACON& Tower with Radar,122,37,93,22,274,0,6,66,1,73,122,43,159,23,347,50,6,56,403
06/24/2021,SAV,GA,ASO,ES,Combined TRACON& Tower with Radar,127,51,81,13,272,0,2,68,6,76,127,53,149,19,348,114,6,120,468
06/25/2021,SAV,GA,ASO,ES,Combined TRACON& Tower with Radar,137,38,74,15,264,0,4,92,2,98,137,42,166,17,362,37,0,37,399
06/26/2021,SAV,GA,ASO,ES,Combined TRACON& Tower with Radar,141,31,63,10,245,0,0,34,0,34,141,31,97,10,279,40,2,42,321
06/27/2021,SAV,GA,ASO,ES,Combined TRACON& Tower with Radar,135,32,94,18,279,0,0,61,3,64,135,32,155,21,343,14,12,26,369
06/28/2021,SAV,GA,ASO,ES,Combined TRACON& Tower with Radar,124,39,40,2,205,0,3,14,0,17,124,42,54,2,222,24,0,24,246
06/29/2021,SAV,GA,ASO,ES,Combined TRACON& Tower with Radar,110,47,80,10,247,0,13,60,5,78,110,60,140,15,325,76,4,80,405
06/30/2021,SAV,GA,ASO,ES,Combined TRACON& Tower with Radar,118,50,79,16,263,0,1,45,6,52,118,51,124,22,315,80,0,80,395
07/01/2021,SAV,GA,ASO,ES,Combined TRACON& Tower with Radar,124,48,90,12,274,0,2,37,0,39,124,50,127,12,313,136,6,142,455
07/02/2021,SAV,GA,ASO,ES,Combined TRACON& Tower with Radar,130,27,74,14,245,0,0,19,1,20,130,27,93,15,265,32,0,32,297
07/03/2021,SAV,GA,ASO,ES,Combined TRACON& Tower with Radar,142,18,69,8,237,0,0,13,0,13,142,18,82,8,250,28,0,28,278
07/04/2021,SAV,GA,ASO,ES,Combined TRACON& Tower with Radar,125,17,13,8,163,0,0,26,2,28,125,17,39,10,191,88,0,88,279
07/05/2021,SAV,GA,ASO,ES,Combined TRACON& Tower with Radar,127,17,61,0,205,0,0,46,0,46,127,17,107,0,251,90,0,90,341
07/06/2021,SAV,GA,ASO,ES,Combined TRACON& Tower with Radar,119,43,59,9,230,0,4,41,0,45,119,47,100,9,275,120,0,120,395
07/07/2021,SAV,GA,ASO,ES,Combined TRACON& Tower with Radar,125,27,28,0,180,0,1,4,0,5,125,28,32,0,185,0,0,0,185
07/08/2021,SAV,GA,ASO,ES,Combined TRACON& Tower with Radar,135,36,43,9,223,0,1,17,3,21,135,37,60,12,244,55,0,55,299
07/09/2021,SAV,GA,ASO,ES,Combined TRACON& Tower with Radar,124,38,71,4,237,0,0,64,2,66,124,38,135,6,303,34,0,34,337
07/10/2021,SAV,GA,ASO,ES,Combined TRACON& Tower with Radar,143,27,48,2,220,0,0,66,0,66,143,27,114,2,286,19,0,19,305
07/11/2021,SAV,GA,ASO,ES,Combined TRACON& Tower with Radar,129,36,50,1,216,0,0,44,2,46,129,36,94,3,262,51,0,51,313
07/12/2021,SAV,GA,ASO,ES,Combined TRACON& Tower with Radar,120,32,60,15,227,0,12,56,3,71,120,44,116,18,298,12,0,12,310
07/13/2021,SAV,GA,ASO,ES,Combined TRACON& Tower with Radar,119,34,82,11,246,0,0,54,5,59,119,34,136,16,305,46,8,54,359
07/14/2021,SAV,GA,ASO,ES,Combined TRACON& Tower with Radar,123,36,66,9,234,0,2,65,6,73,123,38,131,15,307,108,8,116,423
07/15/2021,SAV,GA,ASO,ES,Combined TRACON& Tower with Radar,131,37,68,6,242,0,5,77,2,84,131,42,145,8,326,70,0,70,396
07/16/2021,SAV,GA,ASO,ES,Combined TRACON& Tower with Radar,129,39,45,8,221,0,6,76,5,87,129,45,121,13,308,66,0,66,374
07/17/2021,SAV,GA,ASO,ES,Combined TRACON& Tower with Radar,143,21,51,2,217,0,2,59,2,63,143,23,110,4,280,20,0,20,300
07/18/2021,SAV,GA,ASO,ES,Combined TRACON& Tower with Radar,133,24,52,5,214,0,1,34,5,40,133,25,86,10,254,24,0,24,278
07/19/2021,SAV,GA,ASO,ES,Combined TRACON& Tower with Radar,125,25,48,6,204,0,4,41,2,47,125,29,89,8,251,2,0,2,253
07/20/2021,SAV,GA,ASO,ES,Combined TRACON& Tower with Radar,122,36,72,14,244,0,2,10,3,15,122,38,82,17,259,0,0,0,259
07/21/2021,SAV,GA,ASO,ES,Combined TRACON& Tower with Radar,123,44,86,10,263,0,1,56,1,58,123,45,142,11,321,100,0,100,421
07/22/2021,SAV,GA,ASO,ES,Combined TRACON& Tower with Radar,134,38,65,4,241,0,2,36,1,39,134,40,101,5,280,33,0,33,313
07/23/2021,SAV,GA,ASO,ES,Combined TRACON& Tower with Radar,129,37,85,11,262,0,0,133,5,138,129,37,218,16,400,0,0,0,400
07/24/2021,SAV,GA,ASO,ES,Combined TRACON& Tower with Radar,148,22,63,7,240,0,0,99,1,100,148,22,162,8,340,0,0,0,340
07/25/2021,SAV,GA,ASO,ES,Combined TRACON& Tower with Radar,128,28,41,5,202,0,6,107,2,115,128,34,148,7,317,0,0,0,317
07/26/2021,SAV,GA,ASO,ES,Combined TRACON& Tower with Radar,130,23,49,15,217,0,0,56,0,56,130,23,105,15,273,0,0,0,273
07/27/2021,SAV,GA,ASO,ES,Combined TRACON& Tower with Radar,130,26,63,6,225,0,0,14,1,15,130,26,77,7,240,0,0,0,240
07/28/2021,SAV,GA,ASO,ES,Combined TRACON& Tower with Radar,126,29,69,10,234,0,1,93,0,94,126,30,162,10,328,0,0,0,328
07/29/2021,SAV,GA,ASO,ES,Combined TRACON& Tower with Radar,129,37,80,6,252,0,0,78,3,81,129,37,158,9,333,0,0,0,333
07/30/2021,SAV,GA,ASO,ES,Combined TRACON& Tower with Radar,130,37,51,9,227,0,2,72,2,76,130,39,123,11,303,0,0,0,303
07/31/2021,SAV,GA,ASO,ES,Combined TRACON& Tower with Radar,145,24,42,10,221,0,0,67,0,67,145,24,109,10,288,0,0,0,288
08/01/2021,SAV,GA,ASO,ES,Combined TRACON& Tower with Radar,133,36,78,8,255,0,0,57,1,58,133,36,135,9,313,0,0,0,313
08/02/2021,SAV,GA,ASO,ES,Combined TRACON& Tower with Radar,126,21,47,4,198,0,0,54,3,57,126,21,101,7,255,0,0,0,255
08/03/2021,SAV,GA,ASO,ES,Combined TRACON& Tower with Radar,110,37,95,3,245,0,0,20,3,23,110,37,115,6,268,0,0,0,268
08/04/2021,SAV,GA,ASO,ES,Combined TRACON& Tower with Radar,117,33,68,17,235,0,1,48,16,65,117,34,116,33,300,0,0,0,300
08/05/2021,SAV,GA,ASO,ES,Combined TRACON& Tower with Radar,125,61,85,13,284,0,0,19,10,29,125,61,104,23,313,0,0,0,313
08/06/2021,SAV,GA,ASO,ES,Combined TRACON& Tower with Radar,123,25,68,10,226,0,2,91,1,94,123,27,159,11,320,0,0,0,320
08/07/2021,SAV,GA,ASO,ES,Combined TRACON& Tower with Radar,136,20,63,4,223,0,0,53,0,53,136,20,116,4,276,0,0,0,276
08/08/2021,SAV,GA,ASO,ES,Combined TRACON& Tower with Radar,131,31,71,6,239,0,2,80,24,106,131,33,151,30,345,0,0,0,345
08/09/2021,SAV,GA,ASO,ES,Combined TRACON& Tower with Radar,117,30,67,1,215,0,2,144,1,147,117,32,211,2,362,0,0,0,362
08/10/2021,SAV,GA,ASO,ES,Combined TRACON& Tower with Radar,105,39,59,4,207,0,7,133,7,147,105,46,192,11,354,0,0,0,354
08/11/2021,SAV,GA,ASO,ES,Combined TRACON& Tower with Radar,112,31,49,14,206,0,0,175,2,177,112,31,224,16,383,0,0,0,383
08/12/2021,SAV,GA,ASO,ES,Combined TRACON& Tower with Radar,118,41,56,13,228,0,11,187,5,203,118,52,243,18,431,0,0,0,431
08/13/2021,SAV,GA,ASO,ES,Combined TRACON& Tower with Radar,113,39,69,9,230,0,2,128,20,150,113,41,197,29,380,0,0,0,380
08/14/2021,SAV,GA,ASO,ES,Combined TRACON& Tower with Radar,126,18,57,3,204,0,0,69,2,71,126,18,126,5,275,0,0,0,275
08/15/2021,SAV,GA,ASO,ES,Combined TRACON& Tower with Radar,125,27,45,2,199,0,0,34,1,35,125,27,79,3,234,0,0,0,234
08/16/2021,SAV,GA,ASO,ES,Combined TRACON& Tower with Radar,123,29,36,5,193,0,0,39,1,40,123,29,75,6,233,0,0,0,233
08/17/2021,SAV,GA,ASO,ES,Combined TRACON& Tower with Radar,94,19,46,9,168,0,0,44,3,47,94,19,90,12,215,0,0,0,215
08/18/2021,SAV,GA,ASO,ES,Combined TRACON& Tower with Radar,99,28,79,7,213,0,3,84,2,89,99,31,163,9,302,0,0,0,302
08/19/2021,SAV,GA,ASO,ES,Combined TRACON& Tower with Radar,124,27,69,2,222,0,3,165,7,175,124,30,234,9,397,0,0,0,397
08/20/2021,SAV,GA,ASO,ES,Combined TRACON& Tower with Radar,111,29,75,11,226,0,6,90,0,96,111,35,165,11,322,0,0,0,322
08/21/2021,SAV,GA,ASO,ES,Combined TRACON& Tower with Radar,113,37,46,7,203,0,0,120,0,120,113,37,166,7,323,0,0,0,323
08/22/2021,SAV,GA,ASO,ES,Combined TRACON& Tower with Radar,118,29,52,4,203,0,0,27,0,27,118,29,79,4,230,0,0,0,230
08/23/2021,SAV,GA,ASO,ES,Combined TRACON& Tower with Radar,110,35,50,9,204,0,2,62,1,65,110,37,112,10,269,0,0,0,269
08/24/2021,SAV,GA,ASO,ES,Combined TRACON& Tower with Radar,97,40,62,8,207,0,1,58,10,69,97,41,120,18,276,0,0,0,276
08/25/2021,SAV,GA,ASO,ES,Combined TRACON& Tower with Radar,102,42,66,14,224,0,0,72,0,72,102,42,138,14,296,0,0,0,296
08/26/2021,SAV,GA,ASO,ES,Combined TRACON& Tower with Radar,119,49,69,15,252,0,0,103,1,104,119,49,172,16,356,0,0,0,356
08/27/2021,SAV,GA,ASO,ES,Combined TRACON& Tower with Radar,110,35,77,5,227,0,1,118,2,121,110,36,195,7,348,0,0,0,348
08/28/2021,SAV,GA,ASO,ES,Combined TRACON& Tower with Radar,110,20,36,13,179,0,0,50,1,51,110,20,86,14,230,0,0,0,230
08/29/2021,SAV,GA,ASO,ES,Combined TRACON& Tower with Radar,126,22,60,2,210,0,0,81,2,83,126,22,141,4,293,0,0,0,293
08/30/2021,SAV,GA,ASO,ES,Combined TRACON& Tower with Radar,108,23,48,6,185,0,8,43,0,51,108,31,91,6,236,0,0,0,236
08/31/2021,SAV,GA,ASO,ES,Combined TRACON& Tower with Radar,96,31,34,8,169,0,5,111,2,118,96,36,145,10,287,0,0,0,287
09/01/2021,SAV,GA,ASO,ES,Combined TRACON& Tower with Radar,91,20,79,12,202,0,3,123,4,130,91,23,202,16,332,0,0,0,332
09/02/2021,SAV,GA,ASO,ES,Combined TRACON& Tower with Radar,115,52,79,3,249,0,1,151,10,162,115,53,230,13,411,0,0,0,411
09/03/2021,SAV,GA,ASO,ES,Combined TRACON& Tower with Radar,119,32,72,2,225,0,11,84,0,95,119,43,156,2,320,0,0,0,320
09/04/2021,SAV,GA,ASO,ES,Combined TRACON& Tower with Radar,106,25,55,2,188,0,2,81,0,83,106,27,136,2,271,0,0,0,271
09/05/2021,SAV,GA,ASO,ES,Combined TRACON& Tower with Radar,111,15,43,0,169,0,0,47,0,47,111,15,90,0,216,0,0,0,216
09/06/2021,SAV,GA,ASO,ES,Combined TRACON& Tower with Radar,110,25,59,0,194,0,0,78,0,78,110,25,137,0,272,0,0,0,272
09/07/2021,SAV,GA,ASO,ES,Combined TRACON& Tower with Radar,95,34,66,7,202,0,3,107,3,113,95,37,173,10,315,0,0,0,315
09/08/2021,SAV,GA,ASO,ES,Combined TRACON& Tower with Radar,90,31,60,4,185,0,2,56,17,75,90,33,116,21,260,0,0,0,260
09/09/2021,SAV,GA,ASO,ES,Combined TRACON& Tower with Radar,107,41,65,9,222,0,1,45,11,57,107,42,110,20,279,0,0,0,279
09/10/2021,SAV,GA,ASO,ES,Combined TRACON& Tower with Radar,100,41,82,37,260,0,0,66,15,81,100,41,148,52,341,0,0,0,341
09/11/2021,SAV,GA,ASO,ES,Combined TRACON& Tower with Radar,96,24,46,11,177,0,0,89,29,118,96,24,135,40,295,0,0,0,295
09/12/2021,SAV,GA,ASO,ES,Combined TRACON& Tower with Radar,110,39,67,11,227,0,2,101,1,104,110,41,168,12,331,0,0,0,331
09/13/2021,SAV,GA,ASO,ES,Combined TRACON& Tower with Radar,101,39,57,9,206,0,8,71,4,83,101,47,128,13,289,0,0,0,289
09/14/2021,SAV,GA,ASO,ES,Combined TRACON& Tower with Radar,91,42,51,23,207,0,0,72,16,88,91,42,123,39,295,0,0,0,295
09/15/2021,SAV,GA,ASO,ES,Combined TRACON& Tower with Radar,90,26,86,5,207,0,0,48,11,59,90,26,134,16,266,22,0,22,288
09/16/2021,SAV,GA,ASO,ES,Combined TRACON& Tower with Radar,110,45,61,5,221,0,2,8,1,11,110,47,69,6,232,4,0,4,236
09/17/2021,SAV,GA,ASO,ES,Combined TRACON& Tower with Radar,109,50,93,3,255,0,2,43,0,45,109,52,136,3,300,2,28,30,330
09/18/2021,SAV,GA,ASO,ES,Combined TRACON& Tower with Radar,101,21,40,2,164,0,0,37,0,37,101,21,77,2,201,14,0,14,215
09/19/2021,SAV,GA,ASO,ES,Combined TRACON& Tower with Radar,117,21,63,0,201,0,2,31,0,33,117,23,94,0,234,0,0,0,234
09/20/2021,SAV,GA,ASO,ES,Combined TRACON& Tower with Radar,101,20,40,1,162,0,0,1,0,1,101,20,41,1,163,0,0,0,163
09/21/2021,SAV,GA,ASO,ES,Combined TRACON& Tower with Radar,97,32,54,4,187,0,0,13,3,16,97,32,67,7,203,30,2,32,235
09/22/2021,SAV,GA,ASO,ES,Combined TRACON& Tower with Radar,91,46,54,11,202,0,0,34,0,34,91,46,88,11,236,38,0,38,274
09/23/2021,SAV,GA,ASO,ES,Combined TRACON& Tower with Radar,100,36,72,1,209,0,3,102,0,105,100,39,174,1,314,12,0,12,326
09/24/2021,SAV,GA,ASO,ES,Combined TRACON& Tower with Radar,101,30,76,1,208,0,3,106,0,109,101,33,182,1,317,22,0,22,339
09/25/2021,SAV,GA,ASO,ES,Combined TRACON& Tower with Radar,95,26,57,0,178,0,2,69,0,71,95,28,126,0,249,16,0,16,265
09/26/2021,SAV,GA,ASO,ES,Combined TRACON& Tower with Radar,116,17,71,1,205,0,0,81,0,81,116,17,152,1,286,0,0,0,286
09/27/2021,SAV,GA,ASO,ES,Combined TRACON& Tower with Radar,101,38,65,0,204,0,3,63,0,66,101,41,128,0,270,10,0,10,280
09/28/2021,SAV,GA,ASO,ES,Combined TRACON& Tower with Radar,94,34,66,0,194,0,0,83,0,83,94,34,149,0,277,76,0,76,353
09/29/2021,SAV,GA,ASO,ES,Combined TRACON& Tower with Radar,93,29,58,8,188,0,7,77,2,86,93,36,135,10,274,76,0,76,350
09/30/2021,SAV,GA,ASO,ES,Combined TRACON& Tower with Radar,114,44,80,11,249,0,3,79,3,85,114,47,159,14,334,18,20,38,372
10/01/2021,SAV,GA,ASO,ES,Combined TRACON& Tower with Radar,108,43,110,26,287,0,2,90,1,93,108,45,200,27,380,35,0,35,415
10/02/2021,SAV,GA,ASO,ES,Combined TRACON& Tower with Radar,105,12,49,10,176,0,2,75,4,81,105,14,124,14,257,30,14,44,301
10/03/2021,SAV,GA,ASO,ES,Combined TRACON& Tower with Radar,117,51,78,8,254,0,0,44,0,44,117,51,122,8,298,6,0,6,304
10/04/2021,SAV,GA,ASO,ES,Combined TRACON& Tower with Radar,102,41,103,14,260,0,1,61,1,63,102,42,164,15,323,58,0,58,381
10/05/2021,SAV,GA,ASO,ES,Combined TRACON& Tower with Radar,99,34,74,13,220,0,3,47,3,53,99,37,121,16,273,12,0,12,285
10/06/2021,SAV,GA,ASO,ES,Combined TRACON& Tower with Radar,98,31,75,22,226,0,0,17,2,19,98,31,92,24,245,58,28,86,331
10/07/2021,SAV,GA,ASO,ES,Combined TRACON& Tower with Radar,114,50,82,8,254,0,0,34,0,34,114,50,116,8,288,40,0,40,328
10/08/2021,SAV,GA,ASO,ES,Combined TRACON& Tower with Radar,112,32,84,1,229,0,0,9,1,10,112,32,93,2,239,8,0,8,247
10/09/2021,SAV,GA,ASO,ES,Combined TRACON& Tower with Radar,104,34,56,0,194,0,1,23,0,24,104,35,79,0,218,0,0,0,218
10/10/2021,SAV,GA,ASO,ES,Combined TRACON& Tower with Radar,117,29,82,2,230,0,0,42,1,43,117,29,124,3,273,18,6,24,297
10/11/2021,SAV,GA,ASO,ES,Combined TRACON& Tower with Radar,114,30,67,0,211,0,11,73,0,84,114,41,140,0,295,52,0,52,347
10/12/2021,SAV,GA,ASO,ES,Combined TRACON& Tower with Radar,97,35,73,3,208,0,3,89,11,103,97,38,162,14,311,44,0,44,355
10/13/2021,SAV,GA,ASO,ES,Combined TRACON& Tower with Radar,100,39,67,12,218,0,3,78,7,88,100,42,145,19,306,57,0,57,363
10/14/2021,SAV,GA,ASO,ES,Combined TRACON& Tower with Radar,110,49,78,7,244,0,0,56,9,65,110,49,134,16,309,38,6,44,353
10/15/2021,SAV,GA,ASO,ES,Combined TRACON& Tower with Radar,114,39,90,9,252,0,1,83,2,86,114,40,173,11,338,21,0,21,359
10/16/2021,SAV,GA,ASO,ES,Combined TRACON& Tower with Radar,108,20,64,7,199,0,0,42,3,45,108,20,106,10,244,22,0,22,266
10/17/2021,SAV,GA,ASO,ES,Combined TRACON& Tower with Radar,116,42,76,1,235,0,0,57,0,57,116,42,133,1,292,0,0,0,292
10/18/2021,SAV,GA,ASO,ES,Combined TRACON& Tower with Radar,114,40,59,19,232,0,1,52,4,57,114,41,111,23,289,12,14,26,315
10/19/2021,SAV,GA,ASO,ES,Combined TRACON& Tower with Radar,97,49,46,29,221,0,3,61,2,66,97,52,107,31,287,20,14,34,321
10/20/2021,SAV,GA,ASO,ES,Combined TRACON& Tower with Radar,95,40,90,9,234,0,9,71,3,83,95,49,161,12,317,14,0,14,331
10/21/2021,SAV,GA,ASO,ES,Combined TRACON& Tower with Radar,113,52,91,15,271,0,1,89,2,92,113,53,180,17,363,59,4,63,426
10/22/2021,SAV,GA,ASO,ES,Combined TRACON& Tower with Radar,115,46,107,9,277,0,0,101,2,103,115,46,208,11,380,7,0,7,387
10/23/2021,SAV,GA,ASO,ES,Combined TRACON& Tower with Radar,106,30,81,9,226,0,4,72,2,78,106,34,153,11,304,4,4,8,312
10/24/2021,SAV,GA,ASO,ES,Combined TRACON& Tower with Radar,117,50,116,5,288,0,2,69,0,71,117,52,185,5,359,0,0,0,359
10/25/2021,SAV,GA,ASO,ES,Combined TRACON& Tower with Radar,107,45,67,2,221,0,1,20,3,24,107,46,87,5,245,16,0,16,261
10/26/2021,SAV,GA,ASO,ES,Combined TRACON& Tower with Radar,95,28,78,7,208,0,2,67,2,71,95,30,145,9,279,52,0,52,331
10/27/2021,SAV,GA,ASO,ES,Combined TRACON& Tower with Radar,93,59,71,15,238,0,10,79,6,95,93,69,150,21,333,34,6,40,373
10/28/2021,SAV,GA,ASO,ES,Combined TRACON& Tower with Radar,110,53,64,10,237,0,0,8,0,8,110,53,72,10,245,8,0,8,253
10/29/2021,SAV,GA,ASO,ES,Combined TRACON& Tower with Radar,110,62,105,3,280,0,4,49,1,54,110,66,154,4,334,22,0,22,356
10/30/2021,SAV,GA,ASO,ES,Combined TRACON& Tower with Radar,97,37,66,0,200,0,0,31,0,31,97,37,97,0,231,0,0,0,231
10/31/2021,SAV,GA,ASO,ES,Combined TRACON& Tower with Radar,102,32,83,0,217,0,0,78,0,78,102,32,161,0,295,14,0,14,309
11/01/2021,SAV,GA,ASO,ES,Combined TRACON& Tower with Radar,110,44,80,3,237,0,13,75,0,88,110,57,155,3,325,15,0,15,340
11/02/2021,SAV,GA,ASO,ES,Combined TRACON& Tower with Radar,96,38,72,20,226,0,7,75,1,83,96,45,147,21,309,42,0,42,351
11/03/2021,SAV,GA,ASO,ES,Combined TRACON& Tower with Radar,95,49,84,15,243,0,1,56,2,59,95,50,140,17,302,68,0,68,370
11/04/2021,SAV,GA,ASO,ES,Combined TRACON& Tower with Radar,112,66,111,8,297,0,0,46,2,48,112,66,157,10,345,16,0,16,361
11/05/2021,SAV,GA,ASO,ES,Combined TRACON& Tower with Radar,107,42,99,11,259,0,0,28,1,29,107,42,127,12,288,68,0,68,356
11/06/2021,SAV,GA,ASO,ES,Combined TRACON& Tower with Radar,99,31,31,1,162,0,0,0,1,1,99,31,31,2,163,0,0,0,163
11/07/2021,SAV,GA,ASO,ES,Combined TRACON& Tower with Radar,110,43,108,2,263,0,1,46,2,49,110,44,154,4,312,33,0,33,345
11/08/2021,SAV,GA,ASO,ES,Combined TRACON& Tower with Radar,106,44,67,10,227,0,3,65,0,68,106,47,132,10,295,20,0,20,315
11/09/2021,SAV,GA,ASO,ES,Combined TRACON& Tower with Radar,93,55,69,30,247,0,1,87,3,91,93,56,156,33,338,28,8,36,374
11/10/2021,SAV,GA,ASO,ES,Combined TRACON& Tower with Radar,98,53,98,17,266,0,5,75,1,81,98,58,173,18,347,64,0,64,411
11/11/2021,SAV,GA,ASO,ES,Combined TRACON& Tower with Radar,114,47,113,8,282,0,4,55,1,60,114,51,168,9,342,74,0,74,416
11/12/2021,SAV,GA,ASO,ES,Combined TRACON& Tower with Radar,105,52,118,10,285,0,4,102,2,108,105,56,220,12,393,12,2,14,407
11/13/2021,SAV,GA,ASO,ES,Combined TRACON& Tower with Radar,98,28,58,10,194,0,2,81,2,85,98,30,139,12,279,58,0,58,337
11/14/2021,SAV,GA,ASO,ES,Combined TRACON& Tower with Radar,109,32,89,0,230,0,2,85,0,87,109,34,174,0,317,13,0,13,330
11/15/2021,SAV,GA,ASO,ES,Combined TRACON& Tower with Radar,105,35,81,6,227,0,4,84,1,89,105,39,165,7,316,24,0,24,340
11/16/2021,SAV,GA,ASO,ES,Combined TRACON& Tower with Radar,93,42,91,11,237,0,6,102,5,113,93,48,193,16,350,35,4,39,389
11/17/2021,SAV,GA,ASO,ES,Combined TRACON& Tower with Radar,98,51,73,14,236,0,13,67,5,85,98,64,140,19,321,31,22,53,374
11/18/2021,SAV,GA,ASO,ES,Combined TRACON& Tower with Radar,104,59,108,17,288,0,2,52,4,58,104,61,160,21,346,48,0,48,394
11/19/2021,SAV,GA,ASO,ES,Combined TRACON& Tower with Radar,101,42,123,17,283,0,1,100,3,104,101,43,223,20,387,12,0,12,399
11/20/2021,SAV,GA,ASO,ES,Combined TRACON& Tower with Radar,93,26,65,22,206,0,0,75,7,82,93,26,140,29,288,20,0,20,308
11/21/2021,SAV,GA,ASO,ES,Combined TRACON& Tower with Radar,104,39,77,22,242,0,0,67,9,76,104,39,144,31,318,12,4,16,334
11/22/2021,SAV,GA,ASO,ES,Combined TRACON& Tower with Radar,101,73,76,5,255,0,10,42,5,57,101,83,118,10,312,10,6,16,328
11/23/2021,SAV,GA,ASO,ES,Combined TRACON& Tower with Radar,102,59,75,11,247,0,11,81,8,100,102,70,156,19,347,39,7,46,393
11/24/2021,SAV,GA,ASO,ES,Combined TRACON& Tower with Radar,103,49,78,2,232,0,7,73,0,80,103,56,151,2,312,38,0,38,350
11/25/2021,SAV,GA,ASO,ES,Combined TRACON& Tower with Radar,59,8,24,0,91,0,0,17,0,17,59,8,41,0,108,6,0,6,114
11/26/2021,SAV,GA,ASO,ES,Combined TRACON& Tower with Radar,86,27,45,0,158,0,1,30,0,31,86,28,75,0,189,0,0,0,189
11/27/2021,SAV,GA,ASO,ES,Combined TRACON& Tower with Radar,106,37,70,0,213,0,3,92,0,95,106,40,162,0,308,14,0,14,322
11/28/2021,SAV,GA,ASO,ES,Combined TRACON& Tower with Radar,99,35,108,1,243,0,0,51,0,51,99,35,159,1,294,16,0,16,310
11/29/2021,SAV,GA,ASO,ES,Combined TRACON& Tower with Radar,99,50,73,9,231,0,9,50,1,60,99,59,123,10,291,34,0,34,325
11/30/2021,SAV,GA,ASO,ES,Combined TRACON& Tower with Radar,96,32,74,10,212,0,5,78,2,85,96,37,152,12,297,16,0,16,313
12/01/2021,SAV,GA,ASO,ES,Combined TRACON& Tower with Radar,100,33,74,7,214,0,3,60,1,64,100,36,134,8,278,28,4,32,310
12/02/2021,SAV,GA,ASO,ES,Combined TRACON& Tower with Radar,107,51,66,5,229,0,6,95,3,104,107,57,161,8,333,42,0,42,375
12/03/2021,SAV,GA,ASO,ES,Combined TRACON& Tower with Radar,97,39,82,0,218,0,7,107,4,118,97,46,189,4,336,26,0,26,362
12/04/2021,SAV,GA,ASO,ES,Combined TRACON& Tower with Radar,87,20,90,29,226,0,0,101,13,114,87,20,191,42,340,16,0,16,356
12/05/2021,SAV,GA,ASO,ES,Combined TRACON& Tower with Radar,101,30,100,10,241,0,1,85,0,86,101,31,185,10,327,29,4,33,360
12/06/2021,SAV,GA,ASO,ES,Combined TRACON& Tower with Radar,92,38,66,3,199,0,7,57,1,65,92,45,123,4,264,20,2,22,286
12/07/2021,SAV,GA,ASO,ES,Combined TRACON& Tower with Radar,87,41,96,25,249,0,0,22,4,26,87,41,118,29,275,42,0,42,317
12/08/2021,SAV,GA,ASO,ES,Combined TRACON& Tower with Radar,90,36,90,17,233,0,1,3,0,4,90,37,93,17,237,0,0,0,237
12/09/2021,SAV,GA,ASO,ES,Combined TRACON& Tower with Radar,101,51,145,20,317,0,0,53,1,54,101,51,198,21,371,20,8,28,399
12/10/2021,SAV,GA,ASO,ES,Combined TRACON& Tower with Radar,96,49,96,38,279,0,6,71,6,83,96,55,167,44,362,31,4,35,397
12/11/2021,SAV,GA,ASO,ES,Combined TRACON& Tower with Radar,81,32,51,3,167,0,2,49,3,54,81,34,100,6,221,62,0,62,283
12/12/2021,SAV,GA,ASO,ES,Combined TRACON& Tower with Radar,96,22,96,10,224,0,0,59,5,64,96,22,155,15,288,16,0,16,304
12/13/2021,SAV,GA,ASO,ES,Combined TRACON& Tower with Radar,100,42,69,8,219,0,5,69,1,75,100,47,138,9,294,0,0,0,294
12/14/2021,SAV,GA,ASO,ES,Combined TRACON& Tower with Radar,87,45,64,7,203,0,3,77,0,80,87,48,141,7,283,42,0,42,325
12/15/2021,SAV,GA,ASO,ES,Combined TRACON& Tower with Radar,90,56,79,2,227,0,1,80,0,81,90,57,159,2,308,21,0,21,329
12/16/2021,SAV,GA,ASO,ES,Combined TRACON& Tower with Radar,104,69,108,4,285,0,4,61,3,68,104,73,169,7,353,0,0,0,353
12/17/2021,SAV,GA,ASO,ES,Combined TRACON& Tower with Radar,109,56,107,14,286,0,1,58,2,61,109,57,165,16,347,6,0,6,353
12/18/2021,SAV,GA,ASO,ES,Combined TRACON& Tower with Radar,82,35,46,15,178,0,0,46,0,46,82,35,92,15,224,6,2,8,232
12/19/2021,SAV,GA,ASO,ES,Combined TRACON& Tower with Radar,98,25,53,7,183,0,0,0,0,0,98,25,53,7,183,27,0,27,210
12/20/2021,SAV,GA,ASO,ES,Combined TRACON& Tower with Radar,102,46,74,10,232,0,1,53,2,56,102,47,127,12,288,11,0,11,299
12/21/2021,SAV,GA,ASO,ES,Combined TRACON& Tower with Radar,107,34,62,5,208,0,0,0,0,0,107,34,62,5,208,0,0,0,208
12/22/2021,SAV,GA,ASO,ES,Combined TRACON& Tower with Radar,101,35,85,3,224,0,1,69,3,73,101,36,154,6,297,0,0,0,297
12/23/2021,SAV,GA,ASO,ES,Combined TRACON& Tower with Radar,103,44,38,6,191,0,0,84,0,84,103,44,122,6,275,14,0,14,289
12/24/2021,SAV,GA,ASO,ES,Combined TRACON& Tower with Radar,81,20,23,1,125,0,0,34,0,34,81,20,57,1,159,2,0,2,161
12/25/2021,SAV,GA,ASO,ES,Combined TRACON& Tower with Radar,77,11,14,0,102,0,0,10,0,10,77,11,24,0,112,0,0,0,112
12/26/2021,SAV,GA,ASO,ES,Combined TRACON& Tower with Radar,97,34,68,0,199,0,0,51,0,51,97,34,119,0,250,0,0,0,250
12/27/2021,SAV,GA,ASO,ES,Combined TRACON& Tower with Radar,98,47,77,0,222,0,1,51,0,52,98,48,128,0,274,2,0,2,276
12/28/2021,SAV,GA,ASO,ES,Combined TRACON& Tower with Radar,98,55,67,5,225,0,0,48,0,48,98,55,115,5,273,18,0,18,291
12/29/2021,SAV,GA,ASO,ES,Combined TRACON& Tower with Radar,101,44,83,0,228,0,3,66,0,69,101,47,149,0,297,0,0,0,297
12/30/2021,SAV,GA,ASO,ES,Combined TRACON& Tower with Radar,99,55,75,0,229,0,0,35,0,35,99,55,110,0,264,18,0,18,282
12/31/2021,SAV,GA,ASO,ES,Combined TRACON& Tower with Radar,77,36,45,1,159,0,0,30,0,30,77,36,75,1,189,27,0,27,216
01/01/2022,SAV,GA,ASO,ES,Combined TRACON& Tower with Radar,74,20,24,2,120,0,0,29,0,29,74,20,53,2,149,0,0,0,149
01/02/2022,SAV,GA,ASO,ES,Combined TRACON& Tower with Radar,81,39,75,1,196,0,0,6,0,6,81,39,81,1,202,6,0,6,208
01/03/2022,SAV,GA,ASO,ES,Combined TRACON& Tower with Radar,80,39,64,1,184,0,3,14,0,17,80,42,78,1,201,0,0,0,201
01/04/2022,SAV,GA,ASO,ES,Combined TRACON& Tower with Radar,78,26,74,7,185,0,19,68,3,90,78,45,142,10,275,17,12,29,304
01/05/2022,SAV,GA,ASO,ES,Combined TRACON& Tower with Radar,83,21,71,19,194,0,0,31,1,32,83,21,102,20,226,29,0,29,255
01/06/2022,SAV,GA,ASO,ES,Combined TRACON& Tower with Radar,88,31,66,20,205,0,11,74,12,97,88,42,140,32,302,29,22,51,353
01/07/2022,SAV,GA,ASO,ES,Combined TRACON& Tower with Radar,85,27,68,7,187,0,0,87,5,92,85,27,155,12,279,10,8,18,297
01/08/2022,SAV,GA,ASO,ES,Combined TRACON& Tower with Radar,74,29,52,9,164,0,1,72,4,77,74,30,124,13,241,38,0,38,279
01/09/2022,SAV,GA,ASO,ES,Combined TRACON& Tower with Radar,87,33,61,16,197,0,0,53,2,55,87,33,114,18,252,6,0,6,258
01/10/2022,SAV,GA,ASO,ES,Combined TRACON& Tower with Radar,87,44,64,16,211,0,1,38,1,40,87,45,102,17,251,12,0,12,263
01/11/2022,SAV,GA,ASO,ES,Combined TRACON& Tower with Radar,86,25,71,24,206,0,3,76,4,83,86,28,147,28,289,20,0,20,309
01/12/2022,SAV,GA,ASO,ES,Combined TRACON& Tower with Radar,90,31,77,1,199,0,1,94,5,100,90,32,171,6,299,64,0,64,363
01/13/2022,SAV,GA,ASO,ES,Combined TRACON& Tower with Radar,92,51,74,11,228,0,1,67,7,75,92,52,141,18,303,12,20,32,335
01/14/2022,SAV,GA,ASO,ES,Combined TRACON& Tower with Radar,91,34,95,12,232,0,1,90,5,96,91,35,185,17,328,72,6,78,406
01/15/2022,SAV,GA,ASO,ES,Combined TRACON& Tower with Radar,75,17,79,10,181,0,0,93,3,96,75,17,172,13,277,44,0,44,321
01/16/2022,SAV,GA,ASO,ES,Combined TRACON& Tower with Radar,71,21,33,0,125,0,1,4,0,5,71,22,37,0,130,0,0,0,130
01/17/2022,SAV,GA,ASO,ES,Combined TRACON& Tower with Radar,87,38,61,3,189,0,0,26,0,26,87,38,87,3,215,5,0,5,220
01/18/2022,SAV,GA,ASO,ES,Combined TRACON& Tower with Radar,90,44,60,8,202,0,0,82,0,82,90,44,142,8,284,67,0,67,351
01/19/2022,SAV,GA,ASO,ES,Combined TRACON& Tower with Radar,90,38,73,7,208,0,1,80,0,81,90,39,153,7,289,20,0,20,309
01/20/2022,SAV,GA,ASO,ES,Combined TRACON& Tower with Radar,88,25,76,13,202,0,7,65,2,74,88,32,141,15,276,40,0,40,316
01/21/2022,SAV,GA,ASO,ES,Combined TRACON& Tower with Radar,95,20,55,2,172,0,0,0,0,0,95,20,55,2,172,0,0,0,172
01/22/2022,SAV,GA,ASO,ES,Combined TRACON& Tower with Radar,75,14,36,2,127,0,0,9,1,10,75,14,45,3,137,28,0,28,165
01/23/2022,SAV,GA,ASO,ES,Combined TRACON& Tower with Radar,92,10,53,3,158,0,0,67,2,69,92,10,120,5,227,48,0,48,275
01/24/2022,SAV,GA,ASO,ES,Combined TRACON& Tower with Radar,93,20,56,8,177,0,2,72,2,76,93,22,128,10,253,72,6,78,331
01/25/2022,SAV,GA,ASO,ES,Combined TRACON& Tower with Radar,92,30,82,16,220,0,6,66,17,89,92,36,148,33,309,40,0,40,349
01/26/2022,SAV,GA,ASO,ES,Combined TRACON& Tower with Radar,93,36,91,13,233,0,5,67,7,79,93,41,158,20,312,16,0,16,328
01/27/2022,SAV,GA,ASO,ES,Combined TRACON& Tower with Radar,97,51,88,25,261,0,2,90,5,97,97,53,178,30,358,14,12,26,384
01/28/2022,SAV,GA,ASO,ES,Combined TRACON& Tower with Radar,103,46,56,21,226,0,6,74,9,89,103,52,130,30,315,54,0,54,369
01/29/2022,SAV,GA,ASO,ES,Combined TRACON& Tower with Radar,59,18,23,9,109,0,1,36,2,39,59,19,59,11,148,0,0,0,148
01/30/2022,SAV,GA,ASO,ES,Combined TRACON& Tower with Radar,78,25,59,9,171,0,1,72,7,80,78,26,131,16,251,18,0,18,269
01/31/2022,SAV,GA,ASO,ES,Combined TRACON& Tower with Radar,92,33,59,6,190,0,7,76,0,83,92,40,135,6,273,21,0,21,294
02/01/2022,SAV,GA,ASO,ES,Combined TRACON& Tower with Radar,89,26,79,17,211,0,10,83,3,96,89,36,162,20,307,36,0,36,343
02/02/2022,SAV,GA,ASO,ES,Combined TRACON& Tower with Radar,94,53,83,10,240,0,6,78,1,85,94,59,161,11,325,29,8,37,362
02/03/2022,SAV,GA,ASO,ES,Combined TRACON& Tower with Radar,90,32,59,24,205,0,3,37,5,45,90,35,96,29,250,6,35,41,291
02/04/2022,SAV,GA,ASO,ES,Combined TRACON& Tower with Radar,70,22,54,9,155,0,0,11,1,12,70,22,65,10,167,77,0,77,244
02/05/2022,SAV,GA,ASO,ES,Combined TRACON& Tower with Radar,71,25,61,0,157,0,0,67,6,73,71,25,128,6,230,14,0,14,244
02/06/2022,SAV,GA,ASO,ES,Combined TRACON& Tower with Radar,94,26,57,6,183,0,0,4,0,4,94,26,61,6,187,0,0,0,187
02/07/2022,SAV,GA,ASO,ES,Combined TRACON& Tower with Radar,94,33,54,1,182,0,0,0,0,0,94,33,54,1,182,0,0,0,182
02/08/2022,SAV,GA,ASO,ES,Combined TRACON& Tower with Radar,92,29,75,7,203,0,2,70,3,75,92,31,145,10,278,72,0,72,350
02/09/2022,SAV,GA,ASO,ES,Combined TRACON& Tower with Radar,95,39,84,10,228,0,0,104,9,113,95,39,188,19,341,78,0,78,419
02/10/2022,SAV,GA,ASO,ES,Combined TRACON& Tower with Radar,94,45,92,10,241,0,2,104,6,112,94,47,196,16,353,0,0,0,353
02/11/2022,SAV,GA,ASO,ES,Combined TRACON& Tower with Radar,94,41,79,9,223,0,1,116,2,119,94,42,195,11,342,0,0,0,342
02/12/2022,SAV,GA,ASO,ES,Combined TRACON& Tower with Radar,78,25,84,29,216,0,2,80,4,86,78,27,164,33,302,0,0,0,302
02/13/2022,SAV,GA,ASO,ES,Combined TRACON& Tower with Radar,88,39,67,3,197,0,0,56,2,58,88,39,123,5,255,0,0,0,255
02/14/2022,SAV,GA,ASO,ES,Combined TRACON& Tower with Radar,93,31,52,4,180,0,2,77,0,79,93,33,129,4,259,0,0,0,259
02/15/2022,SAV,GA,ASO,ES,Combined TRACON& Tower with Radar,89,58,71,8,226,0,16,87,8,111,89,74,158,16,337,0,0,0,337
02/16/2022,SAV,GA,ASO,ES,Combined TRACON& Tower with Radar,94,42,106,16,258,0,6,56,6,68,94,48,162,22,326,32,0,32,358
02/17/2022,SAV,GA,ASO,ES,Combined TRACON& Tower with Radar,94,52,98,10,254,0,3,29,2,34,94,55,127,12,288,12,0,12,300
02/18/2022,SAV,GA,ASO,ES,Combined TRACON& Tower with Radar,92,38,108,11,249,0,2,23,0,25,92,40,131,11,274,0,0,0,274
02/19/2022,SAV,GA,ASO,ES,Combined TRACON& Tower with Radar,78,29,68,4,179,0,2,81,0,83,78,31,149,4,262,0,0,0,262
02/20/2022,SAV,GA,ASO,ES,Combined TRACON& Tower with Radar,91,39,79,1,210,0,0,99,9,108,91,39,178,10,318,0,0,0,318
02/21/2022,SAV,GA,ASO,ES,Combined TRACON& Tower with Radar,99,35,107,0,241,0,7,83,0,90,99,42,190,0,331,32,0,32,363
02/22/2022,SAV,GA,ASO,ES,Combined TRACON& Tower with Radar,95,48,68,21,232,0,1,67,0,68,95,49,135,21,300,38,20,58,358
02/23/2022,SAV,GA,ASO,ES,Combined TRACON& Tower with Radar,91,44,74,6,215,0,4,83,6,93,91,48,157,12,308,18,0,18,326
02/24/2022,SAV,GA,ASO,ES,Combined TRACON& Tower with Radar,90,45,88,21,244,0,6,88,13,107,90,51,176,34,351,58,4,62,413
02/25/2022,SAV,GA,ASO,ES,Combined TRACON& Tower with Radar,94,31,87,26,238,0,3,74,5,82,94,34,161,31,320,60,0,60,380
02/26/2022,SAV,GA,ASO,ES,Combined TRACON& Tower with Radar,78,18,70,4,170,0,6,69,1,76,78,24,139,5,246,4,0,4,250
02/27/2022,SAV,GA,ASO,ES,Combined TRACON& Tower with Radar,96,29,88,8,221,0,0,0,0,0,96,29,88,8,221,0,0,0,221
02/28/2022,SAV,GA,ASO,ES,Combined TRACON& Tower with Radar,96,30,66,7,199,0,0,65,3,68,96,30,131,10,267,26,0,26,293
03/01/2022,SAV,GA,ASO,ES,Combined TRACON& Tower with Radar,90,44,85,22,241,0,3,95,2,100,90,47,180,24,341,69,0,69,410
03/02/2022,SAV,GA,ASO,ES,Combined TRACON& Tower with Radar,93,49,76,5,223,0,0,76,3,79,93,49,152,8,302,14,0,14,316
03/03/2022,SAV,GA,ASO,ES,Combined TRACON& Tower with Radar,104,30,95,12,241,0,5,87,4,96,104,35,182,16,337,30,2,32,369
03/04/2022,SAV,GA,ASO,ES,Combined TRACON& Tower with Radar,100,55,83,20,258,0,2,80,5,87,100,57,163,25,345,2,0,2,347
03/05/2022,SAV,GA,ASO,ES,Combined TRACON& Tower with Radar,79,41,47,10,177,0,0,57,4,61,79,41,104,14,238,40,4,44,282
03/06/2022,SAV,GA,ASO,ES,Combined TRACON& Tower with Radar,100,38,73,21,232,0,0,81,10,91,100,38,154,31,323,0,14,14,337
03/07/2022,SAV,GA,ASO,ES,Combined TRACON& Tower with Radar,98,44,65,22,229,0,0,68,0,68,98,44,133,22,297,18,10,28,325
03/08/2022,SAV,GA,ASO,ES,Combined TRACON& Tower with Radar,102,40,62,3,207,0,1,46,3,50,102,41,108,6,257,16,19,35,292
03/09/2022,SAV,GA,ASO,ES,Combined TRACON& Tower with Radar,92,61,65,9,227,0,0,9,4,13,92,61,74,13,240,0,0,0,240
03/10/2022,SAV,GA,ASO,ES,Combined TRACON& Tower with Radar,106,52,76,6,240,0,0,20,1,21,106,52,96,7,261,0,0,0,261
03/11/2022,SAV,GA,ASO,ES,Combined TRACON& Tower with Radar,100,37,71,5,213,0,0,6,0,6,100,37,77,5,219,0,0,0,219
03/12/2022,SAV,GA,ASO,ES,Combined TRACON& Tower with Radar,85,50,55,1,191,0,0,2,0,2,85,50,57,1,193,0,0,0,193
03/13/2022,SAV,GA,ASO,ES,Combined TRACON& Tower with Radar,96,44,97,3,240,0,0,96,0,96,96,44,193,3,336,34,0,34,370
03/14/2022,SAV,GA,ASO,ES,Combined TRACON& Tower with Radar,105,56,65,7,233,0,10,82,6,98,105,66,147,13,331,22,0,22,353
03/15/2022,SAV,GA,ASO,ES,Combined TRACON& Tower with Radar,93,52,74,6,225,0,6,79,3,88,93,58,153,9,313,23,0,23,336
03/16/2022,SAV,GA,ASO,ES,Combined TRACON& Tower with Radar,98,54,78,8,238,0,0,7,1,8,98,54,85,9,246,59,0,59,305
03/17/2022,SAV,GA,ASO,ES,Combined TRACON& Tower with Radar,103,54,111,25,293,0,5,78,6,89,103,59,189,31,382,63,0,63,445
03/18/2022,SAV,GA,ASO,ES,Combined TRACON& Tower with Radar,100,50,90,24,264,0,4,49,1,54,100,54,139,25,318,17,6,23,341
03/19/2022,SAV,GA,ASO,ES,Combined TRACON& Tower with Radar,93,32,59,1,185,0,0,39,3,42,93,32,98,4,227,4,0,4,231
03/20/2022,SAV,GA,ASO,ES,Combined TRACON& Tower with Radar,103,33,107,3,246,0,0,80,0,80,103,33,187,3,326,20,0,20,346
03/21/2022,SAV,GA,ASO,ES,Combined TRACON& Tower with Radar,96,38,87,9,230,0,0,80,3,83,96,38,167,12,313,38,0,38,351
03/22/2022,SAV,GA,ASO,ES,Combined TRACON& Tower with Radar,99,37,75,4,215,0,7,75,5,87,99,44,150,9,302,38,0,38,340
03/23/2022,SAV,GA,ASO,ES,Combined TRACON& Tower with Radar,97,54,78,7,236,0,2,19,1,22,97,56,97,8,258,0,0,0,258
03/24/2022,SAV,GA,ASO,ES,Combined TRACON& Tower with Radar,109,36,72,2,219,0,1,4,0,5,109,37,76,2,224,4,0,4,228
03/25/2022,SAV,GA,ASO,ES,Combined TRACON& Tower with Radar,102,42,97,9,250,0,2,77,2,81,102,44,174,11,331,52,0,52,383
03/26/2022,SAV,GA,ASO,ES,Combined TRACON& Tower with Radar,97,41,55,0,193,0,1,40,0,41,97,42,95,0,234,22,0,22,256
03/27/2022,SAV,GA,ASO,ES,Combined TRACON& Tower with Radar,105,33,94,2,234,0,0,48,2,50,105,33,142,4,284,32,0,32,316
03/28/2022,SAV,GA,ASO,ES,Combined TRACON& Tower with Radar,104,34,94,7,239,0,8,77,2,87,104,42,171,9,326,30,4,34,360
03/29/2022,SAV,GA,ASO,ES,Combined TRACON& Tower with Radar,98,57,92,1,248,0,9,99,1,109,98,66,191,2,357,28,0,28,385
03/30/2022,SAV,GA,ASO,ES,Combined TRACON& Tower with Radar,107,31,72,18,228,0,4,32,3,39,107,35,104,21,267,12,0,12,279
03/31/2022,SAV,GA,ASO,ES,Combined TRACON& Tower with Radar,110,37,55,4,206,0,2,4,4,10,110,39,59,8,216,0,0,0,216
04/01/2022,SAV,GA,ASO,ES,Combined TRACON& Tower with Radar,104,31,94,18,247,0,2,87,2,91,104,33,181,20,338,24,0,24,362
04/02/2022,SAV,GA,ASO,ES,Combined TRACON& Tower with Radar,90,31,67,3,191,0,0,59,1,60,90,31,126,4,251,71,0,71,322
04/03/2022,SAV,GA,ASO,ES,Combined TRACON& Tower with Radar,94,47,78,7,226,0,1,78,0,79,94,48,156,7,305,6,0,6,311
04/04/2022,SAV,GA,ASO,ES,Combined TRACON& Tower with Radar,105,33,86,3,227,0,6,60,0,66,105,39,146,3,293,56,0,56,349
04/05/2022,SAV,GA,ASO,ES,Combined TRACON& Tower with Radar,105,34,71,9,219,0,0,24,2,26,105,34,95,11,245,100,2,102,347
04/06/2022,SAV,GA,ASO,ES,Combined TRACON& Tower with Radar,104,38,78,11,231,0,2,8,0,10,104,40,86,11,241,0,0,0,241
04/07/2022,SAV,GA,ASO,ES,Combined TRACON& Tower with Radar,114,67,114,22,317,0,0,42,1,43,114,67,156,23,360,4,0,4,364
04/08/2022,SAV,GA,ASO,ES,Combined TRACON& Tower with Radar,104,70,102,10,286,0,9,82,1,92,104,79,184,11,378,30,0,30,408
04/09/2022,SAV,GA,ASO,ES,Combined TRACON& Tower with Radar,99,42,68,0,209,0,0,53,2,55,99,42,121,2,264,32,0,32,296
04/10/2022,SAV,GA,ASO,ES,Combined TRACON& Tower with Radar,106,54,121,0,281,0,2,82,0,84,106,56,203,0,365,19,0,19,384
04/11/2022,SAV,GA,ASO,ES,Combined TRACON& Tower with Radar,110,46,99,6,261,0,14,65,6,85,110,60,164,12,346,72,0,72,418
04/12/2022,SAV,GA,ASO,ES,Combined TRACON& Tower with Radar,108,41,75,5,229,0,2,78,6,86,108,43,153,11,315,4,0,4,319
04/13/2022,SAV,GA,ASO,ES,Combined TRACON& Tower with Radar,109,70,95,5,279,0,0,61,2,63,109,70,156,7,342,6,10,16,358
04/14/2022,SAV,GA,ASO,ES,Combined TRACON& Tower with Radar,121,74,107,6,308,0,4,58,2,64,121,78,165,8,372,12,0,12,384
04/15/2022,SAV,GA,ASO,ES,Combined TRACON& Tower with Radar,115,53,103,15,286,0,2,75,0,77,115,55,178,15,363,11,0,11,374
04/16/2022,SAV,GA,ASO,ES,Combined TRACON& Tower with Radar,106,23,82,8,219,0,0,24,0,24,106,23,106,8,243,68,0,68,311
04/17/2022,SAV,GA,ASO,ES,Combined TRACON& Tower with Radar,115,24,51,0,190,0,0,27,0,27,115,24,78,0,217,12,0,12,229
04/18/2022,SAV,GA,ASO,ES,Combined TRACON& Tower with Radar,117,62,83,3,265,0,0,12,0,12,117,62,95,3,277,4,0,4,281
04/19/2022,SAV,GA,ASO,ES,Combined TRACON& Tower with Radar,106,52,77,3,238,0,6,88,2,96,106,58,165,5,334,42,0,42,376
04/20/2022,SAV,GA,ASO,ES,Combined TRACON& Tower with Radar,108,50,95,4,257,0,3,59,3,65,108,53,154,7,322,52,0,52,374
04/21/2022,SAV,GA,ASO,ES,Combined TRACON& Tower with Radar,122,60,99,9,290,0,6,84,2,92,122,66,183,11,382,79,2,81,463
04/22/2022,SAV,GA,ASO,ES,Combined TRACON& Tower with Radar,115,56,98,25,294,0,4,89,4,97,115,60,187,29,391,32,0,32,423
04/23/2022,SAV,GA,ASO,ES,Combined TRACON& Tower with Radar,107,34,74,3,218,0,1,74,0,75,107,35,148,3,293,14,4,18,311
04/24/2022,SAV,GA,ASO,ES,Combined TRACON& Tower with Radar,115,54,97,5,271,0,2,71,1,74,115,56,168,6,345,0,0,0,345
04/25/2022,SAV,GA,ASO,ES,Combined TRACON& Tower with Radar,117,33,73,7,230,0,8,71,6,85,117,41,144,13,315,28,12,40,355
04/26/2022,SAV,GA,ASO,ES,Combined TRACON& Tower with Radar,108,49,86,6,249,0,4,61,1,66,108,53,147,7,315,34,0,34,349
04/27/2022,SAV,GA,ASO,ES,Combined TRACON& Tower with Radar,107,52,95,19,273,0,1,65,4,70,107,53,160,23,343,13,0,13,356
04/28/2022,SAV,GA,ASO,ES,Combined TRACON& Tower with Radar,122,55,114,9,300,0,5,82,2,89,122,60,196,11,389,44,0,44,433
04/29/2022,SAV,GA,ASO,ES,Combined TRACON& Tower with Radar,124,44,92,15,275,0,2,63,1,66,124,46,155,16,341,12,2,14,355
04/30/2022,SAV,GA,ASO,ES,Combined TRACON& Tower with Radar,114,34,64,8,220,0,0,100,6,106,114,34,164,14,326,0,0,0,326
05/01/2022,SAV,GA,ASO,ES,Combined TRACON& Tower with Radar,128,40,78,5,251,0,0,74,2,76,128,40,152,7,327,10,0,10,337
05/02/2022,SAV,GA,ASO,ES,Combined TRACON& Tower with Radar,119,40,73,70,302,0,0,48,2,50,119,40,121,72,352,4,80,84,436
05/03/2022,SAV,GA,ASO,ES,Combined TRACON& Tower with Radar,104,44,74,49,271,0,5,45,5,55,104,49,119,54,326,2,53,55,381
05/04/2022,SAV,GA,ASO,ES,Combined TRACON& Tower with Radar,107,43,89,50,289,0,3,65,4,72,107,46,154,54,361,51,64,115,476
05/05/2022,SAV,GA,ASO,ES,Combined TRACON& Tower with Radar,123,57,68,59,307,0,3,67,11,81,123,60,135,70,388,50,106,156,544
05/06/2022,SAV,GA,ASO,ES,Combined TRACON& Tower with Radar,118,40,87,48,293,0,2,55,10,67,118,42,142,58,360,7,25,32,392
05/07/2022,SAV,GA,ASO,ES,Combined TRACON& Tower with Radar,110,36,49,1,196,0,2,43,6,51,110,38,92,7,247,18,0,18,265
05/08/2022,SAV,GA,ASO,ES,Combined TRACON& Tower with Radar,119,48,73,5,245,0,0,30,0,30,119,48,103,5,275,52,1,53,328
05/09/2022,SAV,GA,ASO,ES,Combined TRACON& Tower with Radar,115,47,88,46,296,0,3,66,8,77,115,50,154,54,373,48,46,94,467
05/10/2022,SAV,GA,ASO,ES,Combined TRACON& Tower with Radar,107,49,71,48,275,0,8,71,9,88,107,57,142,57,363,25,66,91,454
05/11/2022,SAV,GA,ASO,ES,Combined TRACON& Tower with Radar,109,56,90,54,309,0,6,76,6,88,109,62,166,60,397,32,90,122,519
05/12/2022,SAV,GA,ASO,ES,Combined TRACON& Tower with Radar,124,48,99,62,333,0,3,50,5,58,124,51,149,67,391,2,8,10,401
05/13/2022,SAV,GA,ASO,ES,Combined TRACON& Tower with Radar,117,52,69,15,253,0,0,24,4,28,117,52,93,19,281,38,0,38,319
05/14/2022,SAV,GA,ASO,ES,Combined TRACON& Tower with Radar,100,36,48,24,208,0,0,44,1,45,100,36,92,25,253,47,0,47,300
05/15/2022,SAV,GA,ASO,ES,Combined TRACON& Tower with Radar,123,57,77,5,262,0,0,67,5,72,123,57,144,10,334,42,0,42,376
05/16/2022,SAV,GA,ASO,ES,Combined TRACON& Tower with Radar,109,64,63,1,237,0,2,94,0,96,109,66,157,1,333,95,0,95,428
05/17/2022,SAV,GA,ASO,ES,Combined TRACON& Tower with Radar,106,38,91,5,240,0,12,88,0,100,106,50,179,5,340,72,0,72,412
05/18/2022,SAV,GA,ASO,ES,Combined TRACON& Tower with Radar,102,39,84,7,232,0,7,105,1,113,102,46,189,8,345,22,0,22,367
05/19/2022,SAV,GA,ASO,ES,Combined TRACON& Tower with Radar,113,48,103,3,267,0,3,85,5,93,113,51,188,8,360,14,0,14,374
05/20/2022,SAV,GA,ASO,ES,Combined TRACON& Tower with Radar,112,37,78,18,245,0,0,71,5,76,112,37,149,23,321,66,0,66,387
05/21/2022,SAV,GA,ASO,ES,Combined TRACON& Tower with Radar,108,29,43,14,194,0,0,39,1,40,108,29,82,15,234,27,6,33,267
05/22/2022,SAV,GA,ASO,ES,Combined TRACON& Tower with Radar,107,31,69,7,214,0,2,21,2,25,107,33,90,9,239,8,0,8,247
05/23/2022,SAV,GA,ASO,ES,Combined TRACON& Tower with Radar,118,31,71,9,229,0,0,26,2,28,118,31,97,11,257,89,0,89,346
05/24/2022,SAV,GA,ASO,ES,Combined TRACON& Tower with Radar,103,45,76,21,245,0,3,51,2,56,103,48,127,23,301,112,24,136,437
05/25/2022,SAV,GA,ASO,ES,Combined TRACON& Tower with Radar,101,52,91,2,246,1,6,57,7,71,102,58,148,9,317,31,2,33,350
05/26/2022,SAV,GA,ASO,ES,Combined TRACON& Tower with Radar,120,49,94,14,277,0,5,96,7,108,120,54,190,21,385,72,36,108,493
05/27/2022,SAV,GA,ASO,ES,Combined TRACON& Tower with Radar,111,40,78,1,230,0,0,42,1,43,111,40,120,2,273,26,8,34,307
05/28/2022,SAV,GA,ASO,ES,Combined TRACON& Tower with Radar,108,28,54,0,190,0,1,99,2,102,108,29,153,2,292,32,0,32,324
05/29/2022,SAV,GA,ASO,ES,Combined TRACON& Tower with Radar,110,25,34,0,169,0,1,86,0,87,110,26,120,0,256,44,0,44,300
05/30/2022,SAV,GA,ASO,ES,Combined TRACON& Tower with Radar,111,41,57,0,209,0,1,70,2,73,111,42,127,2,282,2,0,2,284
05/31/2022,SAV,GA,ASO,ES,Combined TRACON& Tower with Radar,105,65,61,3,234,0,2,57,3,62,105,67,118,6,296,0,0,0,296
06/01/2022,SAV,GA,ASO,ES,Combined TRACON& Tower with Radar,106,46,66,15,233,0,12,87,7,106,106,58,153,22,339,75,4,79,418
06/02/2022,SAV,GA,ASO,ES,Combined TRACON& Tower with Radar,109,65,80,0,254,0,1,83,0,84,109,66,163,0,338,70,0,70,408
06/03/2022,SAV,GA,ASO,ES,Combined TRACON& Tower with Radar,105,30,83,3,221,0,0,66,3,69,105,30,149,6,290,17,0,17,307
06/04/2022,SAV,GA,ASO,ES,Combined TRACON& Tower with Radar,124,36,45,9,214,0,0,9,0,9,124,36,54,9,223,0,0,0,223
06/05/2022,SAV,GA,ASO,ES,Combined TRACON& Tower with Radar,101,26,76,2,205,0,0,59,3,62,101,26,135,5,267,22,0,22,289
06/06/2022,SAV,GA,ASO,ES,Combined TRACON& Tower with Radar,109,31,65,5,210,0,1,53,1,55,109,32,118,6,265,76,0,76,341
06/07/2022,SAV,GA,ASO,ES,Combined TRACON& Tower with Radar,102,53,55,9,219,0,8,77,2,87,102,61,132,11,306,44,0,44,350
06/08/2022,SAV,GA,ASO,ES,Combined TRACON& Tower with Radar,113,35,76,13,237,0,1,76,1,78,113,36,152,14,315,56,0,56,371
06/09/2022,SAV,GA,ASO,ES,Combined TRACON& Tower with Radar,112,34,72,9,227,0,0,59,4,63,112,34,131,13,290,7,20,27,317
06/10/2022,SAV,GA,ASO,ES,Combined TRACON& Tower with Radar,113,51,68,14,246,0,2,94,13,109,113,53,162,27,355,2,0,2,357
06/11/2022,SAV,GA,ASO,ES,Combined TRACON& Tower with Radar,128,32,41,6,207,0,0,56,1,57,128,32,97,7,264,27,0,27,291
06/12/2022,SAV,GA,ASO,ES,Combined TRACON& Tower with Radar,99,26,73,28,226,0,0,87,5,92,99,26,160,33,318,32,0,32,350
06/13/2022,SAV,GA,ASO,ES,Combined TRACON& Tower with Radar,109,40,88,2,239,0,4,50,1,55,109,44,138,3,294,179,0,179,473
06/14/2022,SAV,GA,ASO,ES,Combined TRACON& Tower with Radar,101,40,77,3,221,0,5,82,4,91,101,45,159,7,312,50,6,56,368
06/15/2022,SAV,GA,ASO,ES,Combined TRACON& Tower with Radar,112,53,96,7,268,5,10,105,4,124,117,63,201,11,392,44,0,44,436
06/16/2022,SAV,GA,ASO,ES,Combined TRACON& Tower with Radar,92,37,90,6,225,0,2,92,8,102,92,39,182,14,327,68,0,68,395
06/17/2022,SAV,GA,ASO,ES,Combined TRACON& Tower with Radar,95,22,59,4,180,0,4,72,0,76,95,26,131,4,256,28,0,28,284
06/18/2022,SAV,GA,ASO,ES,Combined TRACON& Tower with Radar,123,25,50,5,203,0,0,76,0,76,123,25,126,5,279,10,0,10,289
06/19/2022,SAV,GA,ASO,ES,Combined TRACON& Tower with Radar,101,36,55,14,206,0,0,55,1,56,101,36,110,15,262,30,0,30,292
06/20/2022,SAV,GA,ASO,ES,Combined TRACON& Tower with Radar,109,45,92,2,248,0,4,89,3,96,109,49,181,5,344,28,0,28,372
06/21/2022,SAV,GA,ASO,ES,Combined TRACON& Tower with Radar,97,28,74,3,202,0,2,84,0,86,97,30,158,3,288,15,0,15,303
06/22/2022,SAV,GA,ASO,ES,Combined TRACON& Tower with Radar,97,52,88,7,244,0,6,87,5,98,97,58,175,12,342,20,0,20,362
06/23/2022,SAV,GA,ASO,ES,Combined TRACON& Tower with Radar,107,54,86,9,256,0,3,96,2,101,107,57,182,11,357,36,0,36,393
06/24/2022,SAV,GA,ASO,ES,Combined TRACON& Tower with Radar,120,32,89,8,249,0,4,81,1,86,120,36,170,9,335,14,0,14,349
06/25/2022,SAV,GA,ASO,ES,Combined TRACON& Tower with Radar,124,32,78,6,240,0,2,70,0,72,124,34,148,6,312,12,0,12,324
06/26/2022,SAV,GA,ASO,ES,Combined TRACON& Tower with Radar,110,39,79,8,236,0,0,65,1,66,110,39,144,9,302,53,20,73,375
06/27/2022,SAV,GA,ASO,ES,Combined TRACON& Tower with Radar,103,67,78,1,249,0,0,84,2,86,103,67,162,3,335,32,0,32,367
06/28/2022,SAV,GA,ASO,ES,Combined TRACON& Tower with Radar,96,42,79,6,223,0,2,42,2,46,96,44,121,8,269,42,0,42,311
06/29/2022,SAV,GA,ASO,ES,Combined TRACON& Tower with Radar,103,47,89,2,241,0,0,40,0,40,103,47,129,2,281,24,0,24,305
06/30/2022,SAV,GA,ASO,ES,Combined TRACON& Tower with Radar,113,52,97,3,265,0,0,50,0,50,113,52,147,3,315,18,0,18,333
07/01/2022,SAV,GA,ASO,ES,Combined TRACON& Tower with Radar,103,46,72,3,224,0,0,35,0,35,103,46,107,3,259,10,0,10,269
07/02/2022,SAV,GA,ASO,ES,Combined TRACON& Tower with Radar,119,24,64,1,208,0,0,47,0,47,119,24,111,1,255,34,0,34,289
07/03/2022,SAV,GA,ASO,ES,Combined TRACON& Tower with Radar,104,15,48,0,167,0,0,64,0,64,104,15,112,0,231,30,0,30,261
07/04/2022,SAV,GA,ASO,ES,Combined TRACON& Tower with Radar,101,22,28,0,151,0,0,66,0,66,101,22,94,0,217,42,0,42,259
07/05/2022,SAV,GA,ASO,ES,Combined TRACON& Tower with Radar,89,36,79,0,204,0,2,70,0,72,89,38,149,0,276,42,0,42,318
07/06/2022,SAV,GA,ASO,ES,Combined TRACON& Tower with Radar,97,34,75,8,214,0,3,76,6,85,97,37,151,14,299,0,0,0,299
07/07/2022,SAV,GA,ASO,ES,Combined TRACON& Tower with Radar,111,32,54,3,200,0,0,57,13,70,111,32,111,16,270,0,0,0,270
07/08/2022,SAV,GA,ASO,ES,Combined TRACON& Tower with Radar,109,31,42,1,183,0,3,49,3,55,109,34,91,4,238,29,6,35,273
07/09/2022,SAV,GA,ASO,ES,Combined TRACON& Tower with Radar,131,33,57,5,226,0,7,72,2,81,131,40,129,7,307,171,0,171,478
07/10/2022,SAV,GA,ASO,ES,Combined TRACON& Tower with Radar,114,30,63,9,216,0,0,8,0,8,114,30,71,9,224,13,0,13,237
07/11/2022,SAV,GA,ASO,ES,Combined TRACON& Tower with Radar,107,49,66,3,225,0,1,2,0,3,107,50,68,3,228,0,0,0,228
07/12/2022,SAV,GA,ASO,ES,Combined TRACON& Tower with Radar,88,47,66,2,203,0,0,24,0,24,88,47,90,2,227,28,4,32,259
07/13/2022,SAV,GA,ASO,ES,Combined TRACON& Tower with Radar,98,38,76,4,216,0,2,66,1,69,98,40,142,5,285,79,0,79,364
07/14/2022,SAV,GA,ASO,ES,Combined TRACON& Tower with Radar,110,42,84,9,245,0,0,70,0,70,110,42,154,9,315,2,0,2,317
07/15/2022,SAV,GA,ASO,ES,Combined TRACON& Tower with Radar,105,55,60,13,233,0,0,56,3,59,105,55,116,16,292,62,2,64,356
07/16/2022,SAV,GA,ASO,ES,Combined TRACON& Tower with Radar,115,26,48,6,195,0,0,47,3,50,115,26,95,9,245,0,0,0,245
07/17/2022,SAV,GA,ASO,ES,Combined TRACON& Tower with Radar,103,22,50,6,181,0,0,46,3,49,103,22,96,9,230,66,0,66,296
07/18/2022,SAV,GA,ASO,ES,Combined TRACON& Tower with Radar,95,29,76,3,203,0,0,65,1,66,95,29,141,4,269,10,0,10,279
07/19/2022,SAV,GA,ASO,ES,Combined TRACON& Tower with Radar,79,34,70,9,192,0,0,84,4,88,79,34,154,13,280,12,0,12,292
07/20/2022,SAV,GA,ASO,ES,Combined TRACON& Tower with Radar,97,48,85,16,246,0,1,52,3,56,97,49,137,19,302,20,0,20,322
07/21/2022,SAV,GA,ASO,ES,Combined TRACON& Tower with Radar,115,40,77,33,265,0,5,50,4,59,115,45,127,37,324,16,0,16,340
07/22/2022,SAV,GA,ASO,ES,Combined TRACON& Tower with Radar,106,49,70,34,259,0,5,67,1,73,106,54,137,35,332,66,10,76,408
07/23/2022,SAV,GA,ASO,ES,Combined TRACON& Tower with Radar,121,20,62,26,229,0,2,84,1,87,121,22,146,27,316,46,8,54,370
07/24/2022,SAV,GA,ASO,ES,Combined TRACON& Tower with Radar,104,18,48,12,182,0,2,75,3,80,104,20,123,15,262,28,0,28,290
07/25/2022,SAV,GA,ASO,ES,Combined TRACON& Tower with Radar,95,39,91,31,256,0,4,90,2,96,95,43,181,33,352,56,0,56,408
07/26/2022,SAV,GA,ASO,ES,Combined TRACON& Tower with Radar,87,35,81,32,235,0,2,96,2,100,87,37,177,34,335,40,10,50,385
07/27/2022,SAV,GA,ASO,ES,Combined TRACON& Tower with Radar,96,44,69,14,223,0,2,88,7,97,96,46,157,21,320,59,0,59,379
07/28/2022,SAV,GA,ASO,ES,Combined TRACON& Tower with Radar,107,47,73,11,238,0,1,101,1,103,107,48,174,12,341,62,20,82,423
07/29/2022,SAV,GA,ASO,ES,Combined TRACON& Tower with Radar,108,27,61,12,208,0,0,83,4,87,108,27,144,16,295,40,6,46,341
07/30/2022,SAV,GA,ASO,ES,Combined TRACON& Tower with Radar,121,20,54,1,196,0,0,68,1,69,121,20,122,2,265,56,0,56,321
07/31/2022,SAV,GA,ASO,ES,Combined TRACON& Tower with Radar,108,34,54,10,206,0,2,63,3,68,108,36,117,13,274,6,0,6,280
08/01/2022,SAV,GA,ASO,ES,Combined TRACON& Tower with Radar,104,48,74,4,230,0,0,79,1,80,104,48,153,5,310,34,0,34,344
08/02/2022,SAV,GA,ASO,ES,Combined TRACON& Tower with Radar,86,43,60,5,194,0,0,96,2,98,86,43,156,7,292,83,2,85,377
08/03/2022,SAV,GA,ASO,ES,Combined TRACON& Tower with Radar,101,43,46,5,195,0,1,72,8,81,101,44,118,13,276,44,4,48,324
08/04/2022,SAV,GA,ASO,ES,Combined TRACON& Tower with Radar,102,38,75,16,231,0,2,101,8,111,102,40,176,24,342,64,4,68,410
08/05/2022,SAV,GA,ASO,ES,Combined TRACON& Tower with Radar,89,43,89,26,247,0,0,80,13,93,89,43,169,39,340,97,0,97,437
08/06/2022,SAV,GA,ASO,ES,Combined TRACON& Tower with Radar,120,29,46,13,208,0,7,74,1,82,120,36,120,14,290,30,0,30,320
08/07/2022,SAV,GA,ASO,ES,Combined TRACON& Tower with Radar,103,23,54,13,193,0,1,30,3,34,103,24,84,16,227,39,0,39,266
08/08/2022,SAV,GA,ASO,ES,Combined TRACON& Tower with Radar,100,20,52,14,186,0,2,60,2,64,100,22,112,16,250,46,0,46,296
08/09/2022,SAV,GA,ASO,ES,Combined TRACON& Tower with Radar,83,23,65,24,195,0,3,91,9,103,83,26,156,33,298,50,14,64,362
08/10/2022,SAV,GA,ASO,ES,Combined TRACON& Tower with Radar,87,37,86,17,227,0,3,85,0,88,87,40,171,17,315,56,0,56,371
08/11/2022,SAV,GA,ASO,ES,Combined TRACON& Tower with Radar,103,21,66,13,203,0,2,56,8,66,103,23,122,21,269,44,0,44,313
08/12/2022,SAV,GA,ASO,ES,Combined TRACON& Tower with Radar,111,29,91,26,257,0,0,65,2,67,111,29,156,28,324,88,8,96,420
08/13/2022,SAV,GA,ASO,ES,Combined TRACON& Tower with Radar,123,12,69,21,225,0,0,58,0,58,123,12,127,21,283,42,0,42,325
08/14/2022,SAV,GA,ASO,ES,Combined TRACON& Tower with Radar,107,18,56,9,190,0,1,78,4,83,107,19,134,13,273,86,0,86,359
08/15/2022,SAV,GA,ASO,ES,Combined TRACON& Tower with Radar,99,27,84,11,221,0,0,82,6,88,99,27,166,17,309,29,0,29,338
08/16/2022,SAV,GA,ASO,ES,Combined TRACON& Tower with Radar,88,23,86,17,214,0,0,59,5,64,88,23,145,22,278,40,0,40,318
08/17/2022,SAV,GA,ASO,ES,Combined TRACON& Tower with Radar,89,29,77,9,204,0,0,76,3,79,89,29,153,12,283,98,0,98,381
08/18/2022,SAV,GA,ASO,ES,Combined TRACON& Tower with Radar,100,31,88,11,230,0,0,27,1,28,100,31,115,12,258,8,0,8,266
08/19/2022,SAV,GA,ASO,ES,Combined TRACON& Tower with Radar,98,37,63,9,207,0,1,39,7,47,98,38,102,16,254,66,0,66,320
08/20/2022,SAV,GA,ASO,ES,Combined TRACON& Tower with Radar,109,14,60,12,195,0,0,66,1,67,109,14,126,13,262,56,0,56,318
08/21/2022,SAV,GA,ASO,ES,Combined TRACON& Tower with Radar,97,15,50,8,170,0,0,29,4,33,97,15,79,12,203,66,0,66,269
08/22/2022,SAV,GA,ASO,ES,Combined TRACON& Tower with Radar,93,31,63,2,189,0,0,46,0,46,93,31,109,2,235,44,0,44,279
08/23/2022,SAV,GA,ASO,ES,Combined TRACON& Tower with Radar,83,40,80,23,226,0,3,71,2,76,83,43,151,25,302,56,0,56,358
08/24/2022,SAV,GA,ASO,ES,Combined TRACON& Tower with Radar,86,36,94,5,221,0,2,100,2,104,86,38,194,7,325,47,0,47,372
08/25/2022,SAV,GA,ASO,ES,Combined TRACON& Tower with Radar,105,35,77,3,220,0,0,38,2,40,105,35,115,5,260,130,2,132,392
08/26/2022,SAV,GA,ASO,ES,Combined TRACON& Tower with Radar,101,26,73,7,207,0,0,71,0,71,101,26,144,7,278,80,0,80,358
08/27/2022,SAV,GA,ASO,ES,Combined TRACON& Tower with Radar,108,19,47,10,184,0,0,53,0,53,108,19,100,10,237,30,0,30,267
08/28/2022,SAV,GA,ASO,ES,Combined TRACON& Tower with Radar,103,22,63,7,195,0,0,29,0,29,103,22,92,7,224,56,0,56,280
08/29/2022,SAV,GA,ASO,ES,Combined TRACON& Tower with Radar,100,32,60,2,194,0,0,15,4,19,100,32,75,6,213,34,4,38,251
08/30/2022,SAV,GA,ASO,ES,Combined TRACON& Tower with Radar,79,38,80,5,202,0,0,34,5,39,79,38,114,10,241,6,0,6,247
08/31/2022,SAV,GA,ASO,ES,Combined TRACON& Tower with Radar,89,46,82,13,230,0,4,90,8,102,89,50,172,21,332,49,30,79,411
09/01/2022,SAV,GA,ASO,ES,Combined TRACON& Tower with Radar,109,49,90,9,257,0,0,36,2,38,109,49,126,11,295,29,12,41,336
09/02/2022,SAV,GA,ASO,ES,Combined TRACON& Tower with Radar,116,44,96,3,259,0,0,75,1,76,116,44,171,4,335,11,0,11,346
09/03/2022,SAV,GA,ASO,ES,Combined TRACON& Tower with Radar,103,13,47,1,164,0,0,37,0,37,103,13,84,1,201,26,0,26,227
09/04/2022,SAV,GA,ASO,ES,Combined TRACON& Tower with Radar,91,12,43,2,148,0,0,29,1,30,91,12,72,3,178,61,0,61,239
09/05/2022,SAV,GA,ASO,ES,Combined TRACON& Tower with Radar,113,23,81,2,219,0,1,71,0,72,113,24,152,2,291,0,0,0,291
09/06/2022,SAV,GA,ASO,ES,Combined TRACON& Tower with Radar,93,27,88,10,218,0,1,106,2,109,93,28,194,12,327,46,8,54,381
09/07/2022,SAV,GA,ASO,ES,Combined TRACON& Tower with Radar,97,39,67,6,209,0,0,103,5,108,97,39,170,11,317,41,2,43,360
09/08/2022,SAV,GA,ASO,ES,Combined TRACON& Tower with Radar,104,44,95,12,255,0,5,41,0,46,104,49,136,12,301,46,0,46,347
09/09/2022,SAV,GA,ASO,ES,Combined TRACON& Tower with Radar,97,39,78,4,218,0,0,4,0,4,97,39,82,4,222,0,0,0,222
09/10/2022,SAV,GA,ASO,ES,Combined TRACON& Tower with Radar,108,31,52,2,193,0,0,49,0,49,108,31,101,2,242,64,0,64,306
09/11/2022,SAV,GA,ASO,ES,Combined TRACON& Tower with Radar,106,24,80,4,214,0,0,63,4,67,106,24,143,8,281,18,24,42,323
09/12/2022,SAV,GA,ASO,ES,Combined TRACON& Tower with Radar,96,27,74,5,202,0,4,75,1,80,96,31,149,6,282,56,4,60,342
09/13/2022,SAV,GA,ASO,ES,Combined TRACON& Tower with Radar,92,29,84,8,213,0,6,90,1,97,92,35,174,9,310,42,0,42,352
09/14/2022,SAV,GA,ASO,ES,Combined TRACON& Tower with Radar,95,47,68,9,219,0,1,112,6,119,95,48,180,15,338,66,6,72,410
09/15/2022,SAV,GA,ASO,ES,Combined TRACON& Tower with Radar,104,58,87,11,260,0,0,122,5,127,104,58,209,16,387,64,0,64,451
09/16/2022,SAV,GA,ASO,ES,Combined TRACON& Tower with Radar,103,40,97,13,253,0,2,91,1,94,103,42,188,14,347,45,2,47,394
09/17/2022,SAV,GA,ASO,ES,Combined TRACON& Tower with Radar,102,14,41,1,158,0,2,93,0,95,102,16,134,1,253,26,0,26,279
09/18/2022,SAV,GA,ASO,ES,Combined TRACON& Tower with Radar,108,25,48,2,183,0,4,57,2,63,108,29,105,4,246,30,0,30,276
09/19/2022,SAV,GA,ASO,ES,Combined TRACON& Tower with Radar,102,47,70,10,229,0,1,63,1,65,102,48,133,11,294,26,0,26,320
09/20/2022,SAV,GA,ASO,ES,Combined TRACON& Tower with Radar,93,29,57,9,188,0,2,110,4,116,93,31,167,13,304,42,0,42,346
09/21/2022,SAV,GA,ASO,ES,Combined TRACON& Tower with Radar,97,35,77,2,211,0,4,97,1,102,97,39,174,3,313,56,0,56,369
09/22/2022,SAV,GA,ASO,ES,Combined TRACON& Tower with Radar,97,37,88,6,228,0,0,101,2,103,97,37,189,8,331,24,0,24,355
09/23/2022,SAV,GA,ASO,ES,Combined TRACON& Tower with Radar,106,44,83,13,246,0,5,76,4,85,106,49,159,17,331,55,2,57,388
09/24/2022,SAV,GA,ASO,ES,Combined TRACON& Tower with Radar,105,24,51,2,182,0,0,107,5,112,105,24,158,7,294,62,0,62,356
09/25/2022,SAV,GA,ASO,ES,Combined TRACON& Tower with Radar,110,26,71,5,212,0,1,77,3,81,110,27,148,8,293,30,0,30,323
09/26/2022,SAV,GA,ASO,ES,Combined TRACON& Tower with Radar,101,36,71,4,212,0,7,102,1,110,101,43,173,5,322,50,0,50,372
09/27/2022,SAV,GA,ASO,ES,Combined TRACON& Tower with Radar,92,35,80,4,211,0,0,80,0,80,92,35,160,4,291,24,0,24,315
09/28/2022,SAV,GA,ASO,ES,Combined TRACON& Tower with Radar,93,46,51,10,200,0,0,25,0,25,93,46,76,10,225,8,0,8,233
09/29/2022,SAV,GA,ASO,ES,Combined TRACON& Tower with Radar,55,23,12,0,90,0,0,2,0,2,55,23,14,0,92,0,0,0,92
09/30/2022,SAV,GA,ASO,ES,Combined TRACON& Tower with Radar,12,10,1,0,23,0,0,2,2,4,12,10,3,2,27,0,0,0,27
10/01/2022,SAV,GA,ASO,ES,Combined TRACON& Tower with Radar,90,10,33,0,133,0,3,57,0,60,90,13,90,0,193,12,0,12,205
10/02/2022,SAV,GA,ASO,ES,Combined TRACON& Tower with Radar,113,38,46,5,202,0,0,61,0,61,113,38,107,5,263,44,0,44,307
10/03/2022,SAV,GA,ASO,ES,Combined TRACON& Tower with Radar,104,50,65,5,224,0,0,52,1,53,104,50,117,6,277,0,0,0,277
10/04/2022,SAV,GA,ASO,ES,Combined TRACON& Tower with Radar,95,38,69,11,213,0,6,102,2,110,95,44,171,13,323,0,0,0,323
10/05/2022,SAV,GA,ASO,ES,Combined TRACON& Tower with Radar,98,45,79,7,229,0,3,109,1,113,98,48,188,8,342,0,0,0,342
10/06/2022,SAV,GA,ASO,ES,Combined TRACON& Tower with Radar,109,68,96,10,283,0,4,98,2,104,109,72,194,12,387,0,0,0,387
10/07/2022,SAV,GA,ASO,ES,Combined TRACON& Tower with Radar,113,65,91,5,274,0,3,126,2,131,113,68,217,7,405,0,0,0,405
10/08/2022,SAV,GA,ASO,ES,Combined TRACON& Tower with Radar,109,37,67,2,215,0,2,80,1,83,109,39,147,3,298,0,0,0,298
10/09/2022,SAV,GA,ASO,ES,Combined TRACON& Tower with Radar,109,41,104,1,255,0,1,60,0,61,109,42,164,1,316,0,0,0,316
10/10/2022,SAV,GA,ASO,ES,Combined TRACON& Tower with Radar,112,32,83,0,227,0,1,42,0,43,112,33,125,0,270,0,0,0,270
10/11/2022,SAV,GA,ASO,ES,Combined TRACON& Tower with Radar,94,36,96,24,250,0,0,73,7,80,94,36,169,31,330,24,0,24,354
10/12/2022,SAV,GA,ASO,ES,Combined TRACON& Tower with Radar,95,42,70,8,215,0,0,54,7,61,95,42,124,15,276,0,0,0,276
10/13/2022,SAV,GA,ASO,ES,Combined TRACON& Tower with Radar,110,52,119,13,294,0,5,34,6,45,110,57,153,19,339,36,8,44,383
10/14/2022,SAV,GA,ASO,ES,Combined TRACON& Tower with Radar,112,40,96,11,259,0,3,107,12,122,112,43,203,23,381,0,0,0,381
10/15/2022,SAV,GA,ASO,ES,Combined TRACON& Tower with Radar,108,51,67,2,228,0,1,85,2,88,108,52,152,4,316,0,0,0,316
10/16/2022,SAV,GA,ASO,ES,Combined TRACON& Tower with Radar,115,51,104,4,274,0,2,71,17,90,115,53,175,21,364,0,0,0,364
10/17/2022,SAV,GA,ASO,ES,Combined TRACON& Tower with Radar,112,38,75,6,231,0,4,57,4,65,112,42,132,10,296,0,0,0,296
10/18/2022,SAV,GA,ASO,ES,Combined TRACON& Tower with Radar,99,38,79,4,220,0,4,82,8,94,99,42,161,12,314,0,0,0,314
10/19/2022,SAV,GA,ASO,ES,Combined TRACON& Tower with Radar,98,38,96,8,240,0,8,118,0,126,98,46,214,8,366,0,0,0,366
10/20/2022,SAV,GA,ASO,ES,Combined TRACON& Tower with Radar,113,44,75,14,246,0,7,86,14,107,113,51,161,28,353,0,0,0,353
10/21/2022,SAV,GA,ASO,ES,Combined TRACON& Tower with Radar,114,66,109,24,313,0,2,100,21,123,114,68,209,45,436,0,0,0,436
10/22/2022,SAV,GA,ASO,ES,Combined TRACON& Tower with Radar,110,24,31,1,166,0,0,66,2,68,110,24,97,3,234,0,0,0,234
10/23/2022,SAV,GA,ASO,ES,Combined TRACON& Tower with Radar,111,53,83,24,271,0,0,62,4,66,111,53,145,28,337,0,0,0,337
10/24/2022,SAV,GA,ASO,ES,Combined TRACON& Tower with Radar,108,46,101,4,259,0,5,76,1,82,108,51,177,5,341,30,0,30,371
10/25/2022,SAV,GA,ASO,ES,Combined TRACON& Tower with Radar,84,74,98,0,256,0,2,74,4,80,84,76,172,4,336,39,0,39,375
10/26/2022,SAV,GA,ASO,ES,Combined TRACON& Tower with Radar,94,54,77,2,227,0,2,74,0,76,94,56,151,2,303,58,0,58,361
10/27/2022,SAV,GA,ASO,ES,Combined TRACON& Tower with Radar,108,54,91,6,259,0,0,73,4,77,108,54,164,10,336,30,0,30,366
10/28/2022,SAV,GA,ASO,ES,Combined TRACON& Tower with Radar,119,51,85,15,270,0,1,52,3,56,119,52,137,18,326,0,0,0,326
10/29/2022,SAV,GA,ASO,ES,Combined TRACON& Tower with Radar,105,28,41,6,180,0,0,2,0,2,105,28,43,6,182,0,0,0,182
10/30/2022,SAV,GA,ASO,ES,Combined TRACON& Tower with Radar,98,42,58,2,200,0,0,2,0,2,98,42,60,2,202,0,0,0,202
10/31/2022,SAV,GA,ASO,ES,Combined TRACON& Tower with Radar,99,45,53,3,200,0,2,52,0,54,99,47,105,3,254,64,0,64,318
11/01/2022,SAV,GA,ASO,ES,Combined TRACON& Tower with Radar,60,39,36,4,139,0,1,50,3,54,60,40,86,7,193,65,0,65,258
11/02/2022,SAV,GA,ASO,ES,Combined TRACON& Tower with Radar,88,64,95,3,250,0,5,104,2,111,88,69,199,5,361,24,0,24,385
11/03/2022,SAV,GA,ASO,ES,Combined TRACON& Tower with Radar,100,44,107,13,264,0,3,99,3,105,100,47,206,16,369,48,0,48,417
11/04/2022,SAV,GA,ASO,ES,Combined TRACON& Tower with Radar,93,35,100,15,243,0,0,96,6,102,93,35,196,21,345,48,38,86,431
11/05/2022,SAV,GA,ASO,ES,Combined TRACON& Tower with Radar,91,29,75,14,209,0,2,42,4,48,91,31,117,18,257,34,2,36,293
11/06/2022,SAV,GA,ASO,ES,Combined TRACON& Tower with Radar,92,36,88,16,232,0,1,13,1,15,92,37,101,17,247,16,0,16,263
11/07/2022,SAV,GA,ASO,ES,Combined TRACON& Tower with Radar,102,42,82,10,236,0,0,72,1,73,102,42,154,11,309,10,0,10,319
11/08/2022,SAV,GA,ASO,ES,Combined TRACON& Tower with Radar,90,59,55,4,208,0,1,74,4,79,90,60,129,8,287,63,0,63,350
11/09/2022,SAV,GA,ASO,ES,Combined TRACON& Tower with Radar,90,71,83,2,246,0,1,34,0,35,90,72,117,2,281,34,0,34,315
11/10/2022,SAV,GA,ASO,ES,Combined TRACON& Tower with Radar,94,21,20,0,135,0,0,0,0,0,94,21,20,0,135,0,0,0,135
11/11/2022,SAV,GA,ASO,ES,Combined TRACON& Tower with Radar,89,35,32,1,157,0,0,0,0,0,89,35,32,1,157,0,0,0,157
11/12/2022,SAV,GA,ASO,ES,Combined TRACON& Tower with Radar,83,30,58,7,178,0,2,50,2,54,83,32,108,9,232,8,0,8,240
11/13/2022,SAV,GA,ASO,ES,Combined TRACON& Tower with Radar,93,29,66,4,192,0,3,60,0,63,93,32,126,4,255,16,0,16,271
11/14/2022,SAV,GA,ASO,ES,Combined TRACON& Tower with Radar,97,60,102,3,262,0,2,74,1,77,97,62,176,4,339,10,0,10,349
11/15/2022,SAV,GA,ASO,ES,Combined TRACON& Tower with Radar,87,62,77,8,234,0,2,61,0,63,87,64,138,8,297,72,4,76,373
11/16/2022,SAV,GA,ASO,ES,Combined TRACON& Tower with Radar,88,57,119,3,267,0,2,44,0,46,88,59,163,3,313,34,0,34,347
11/17/2022,SAV,GA,ASO,ES,Combined TRACON& Tower with Radar,96,48,92,16,252,0,4,97,2,103,96,52,189,18,355,38,0,38,393
11/18/2022,SAV,GA,ASO,ES,Combined TRACON& Tower with Radar,99,59,102,14,274,0,6,107,7,120,99,65,209,21,394,5,0,5,399
11/19/2022,SAV,GA,ASO,ES,Combined TRACON& Tower with Radar,84,35,77,8,204,0,4,116,6,126,84,39,193,14,330,28,0,28,358
11/20/2022,SAV,GA,ASO,ES,Combined TRACON& Tower with Radar,91,57,85,21,254,0,0,51,5,56,91,57,136,26,310,8,0,8,318
11/21/2022,SAV,GA,ASO,ES,Combined TRACON& Tower with Radar,96,54,105,4,259,0,2,75,1,78,96,56,180,5,337,16,0,16,353
11/22/2022,SAV,GA,ASO,ES,Combined TRACON& Tower with Radar,94,64,112,18,288,0,0,65,3,68,94,64,177,21,356,0,0,0,356
11/23/2022,SAV,GA,ASO,ES,Combined TRACON& Tower with Radar,101,54,81,3,239,0,0,23,0,23,101,54,104,3,262,2,0,2,264
11/24/2022,SAV,GA,ASO,ES,Combined TRACON& Tower with Radar,61,13,21,0,95,0,0,6,0,6,61,13,27,0,101,0,0,0,101
11/25/2022,SAV,GA,ASO,ES,Combined TRACON& Tower with Radar,83,35,20,1,139,0,0,2,0,2,83,35,22,1,141,0,0,0,141
11/26/2022,SAV,GA,ASO,ES,Combined TRACON& Tower with Radar,97,48,63,0,208,0,0,65,0,65,97,48,128,0,273,6,0,6,279
11/27/2022,SAV,GA,ASO,ES,Combined TRACON& Tower with Radar,96,76,91,0,263,0,0,14,0,14,96,76,105,0,277,4,0,4,281
11/28/2022,SAV,GA,ASO,ES,Combined TRACON& Tower with Radar,98,54,83,2,237,0,8,103,2,113,98,62,186,4,350,22,8,30,380
11/29/2022,SAV,GA,ASO,ES,Combined TRACON& Tower with Radar,83,57,74,18,232,0,16,80,0,96,83,73,154,18,328,16,0,16,344
11/30/2022,SAV,GA,ASO,ES,Combined TRACON& Tower with Radar,80,54,64,3,201,0,3,25,3,31,80,57,89,6,232,29,0,29,261
12/01/2022,SAV,GA,ASO,ES,Combined TRACON& Tower with Radar,89,52,84,9,234,0,5,95,1,101,89,57,179,10,335,23,8,31,366
12/02/2022,SAV,GA,ASO,ES,Combined TRACON& Tower with Radar,95,56,68,4,223,0,10,78,5,93,95,66,146,9,316,48,0,48,364
12/03/2022,SAV,GA,ASO,ES,Combined TRACON& Tower with Radar,76,23,68,1,168,0,3,66,0,69,76,26,134,1,237,7,1,8,245
12/04/2022,SAV,GA,ASO,ES,Combined TRACON& Tower with Radar,83,47,68,7,205,0,0,35,5,40,83,47,103,12,245,24,0,24,269
12/05/2022,SAV,GA,ASO,ES,Combined TRACON& Tower with Radar,93,55,78,2,228,0,5,14,6,25,93,60,92,8,253,16,4,20,273
12/06/2022,SAV,GA,ASO,ES,Combined TRACON& Tower with Radar,87,57,87,27,258,0,7,61,13,81,87,64,148,40,339,10,0,10,349
12/07/2022,SAV,GA,ASO,ES,Combined TRACON& Tower with Radar,80,53,79,15,227,0,8,88,3,99,80,61,167,18,326,98,2,100,426
12/08/2022,SAV,GA,ASO,ES,Combined TRACON& Tower with Radar,90,68,94,5,257,0,8,68,6,82,90,76,162,11,339,0,0,0,339
12/09/2022,SAV,GA,ASO,ES,Combined TRACON& Tower with Radar,94,57,74,13,238,0,5,47,5,57,94,62,121,18,295,23,0,23,318
12/10/2022,SAV,GA,ASO,ES,Combined TRACON& Tower with Radar,76,32,47,1,156,0,0,3,0,3,76,32,50,1,159,0,0,0,159
12/11/2022,SAV,GA,ASO,ES,Combined TRACON& Tower with Radar,86,37,73,15,211,0,0,34,3,37,86,37,107,18,248,18,2,20,268
12/12/2022,SAV,GA,ASO,ES,Combined TRACON& Tower with Radar,94,45,73,23,235,0,2,33,0,35,94,47,106,23,270,56,12,68,338
12/13/2022,SAV,GA,ASO,ES,Combined TRACON& Tower with Radar,79,54,95,15,243,0,7,76,1,84,79,61,171,16,327,14,4,18,345
12/14/2022,SAV,GA,ASO,ES,Combined TRACON& Tower with Radar,78,47,60,6,191,0,0,17,1,18,78,47,77,7,209,0,0,0,209
12/15/2022,SAV,GA,ASO,ES,Combined TRACON& Tower with Radar,81,51,56,8,196,0,0,9,1,10,81,51,65,9,206,4,10,14,220
12/16/2022,SAV,GA,ASO,ES,Combined TRACON& Tower with Radar,89,35,93,7,224,0,11,90,2,103,89,46,183,9,327,38,0,38,365
12/17/2022,SAV,GA,ASO,ES,Combined TRACON& Tower with Radar,87,36,63,0,186,0,0,85,0,85,87,36,148,0,271,20,0,20,291
12/18/2022,SAV,GA,ASO,ES,Combined TRACON& Tower with Radar,77,25,64,5,171,0,0,61,1,62,77,25,125,6,233,32,0,32,265
12/19/2022,SAV,GA,ASO,ES,Combined TRACON& Tower with Radar,90,45,76,2,213,0,8,88,0,96,90,53,164,2,309,2,0,2,311
12/20/2022,SAV,GA,ASO,ES,Combined TRACON& Tower with Radar,88,40,78,3,209,0,1,3,1,5,88,41,81,4,214,2,0,2,216
12/21/2022,SAV,GA,ASO,ES,Combined TRACON& Tower with Radar,92,34,62,4,192,0,0,0,0,0,92,34,62,4,192,0,0,0,192
12/22/2022,SAV,GA,ASO,ES,Combined TRACON& Tower with Radar,88,35,53,4,180,0,0,0,0,0,88,35,53,4,180,0,0,0,180
12/23/2022,SAV,GA,ASO,ES,Combined TRACON& Tower with Radar,76,29,34,4,143,0,0,10,2,12,76,29,44,6,155,8,0,8,163
12/24/2022,SAV,GA,ASO,ES,Combined TRACON& Tower with Radar,63,10,25,0,98,0,0,14,0,14,63,10,39,0,112,0,0,0,112
12/25/2022,SAV,GA,ASO,ES,Combined TRACON& Tower with Radar,56,16,11,0,83,0,0,5,0,5,56,16,16,0,88,0,0,0,88
12/26/2022,SAV,GA,ASO,ES,Combined TRACON& Tower with Radar,76,36,71,0,183,0,3,41,0,44,76,39,112,0,227,8,0,8,235
12/27/2022,SAV,GA,ASO,ES,Combined TRACON& Tower with Radar,75,34,59,0,168,0,0,72,0,72,75,34,131,0,240,32,0,32,272
12/28/2022,SAV,GA,ASO,ES,Combined TRACON& Tower with Radar,81,38,84,4,207,0,0,78,0,78,81,38,162,4,285,0,44,44,329
12/29/2022,SAV,GA,ASO,ES,Combined TRACON& Tower with Radar,79,37,83,5,204,0,0,105,0,105,79,37,188,5,309,12,0,12,321
12/30/2022,SAV,GA,ASO,ES,Combined TRACON& Tower with Radar,92,51,76,0,219,0,1,25,1,27,92,52,101,1,246,38,0,38,284
12/31/2022,SAV,GA,ASO,ES,Combined TRACON& Tower with Radar,68,22,33,0,123,0,0,5,0,5,68,22,38,0,128,0,0,0,128
01/01/2023,SAV,GA,ASO,ES,Combined TRACON& Tower with Radar,58,27,45,0,130,0,0,3,0,3,58,27,48,0,133,0,0,0,133
01/02/2023,SAV,GA,ASO,ES,Combined TRACON& Tower with Radar,92,32,80,0,204,0,0,65,0,65,92,32,145,0,269,0,0,0,269
01/03/2023,SAV,GA,ASO,ES,Combined TRACON& Tower with Radar,81,44,58,3,186,0,5,39,1,45,81,49,97,4,231,20,9,29,260
01/04/2023,SAV,GA,ASO,ES,Combined TRACON& Tower with Radar,79,32,34,4,149,0,1,2,0,3,79,33,36,4,152,0,0,0,152
01/05/2023,SAV,GA,ASO,ES,Combined TRACON& Tower with Radar,83,51,79,7,220,0,3,79,1,83,83,54,158,8,303,4,0,4,307
01/06/2023,SAV,GA,ASO,ES,Combined TRACON& Tower with Radar,82,45,67,15,209,0,2,83,4,89,82,47,150,19,298,46,0,46,344
01/07/2023,SAV,GA,ASO,ES,Combined TRACON& Tower with Radar,76,40,55,8,179,0,2,85,0,87,76,42,140,8,266,0,0,0,266
01/08/2023,SAV,GA,ASO,ES,Combined TRACON& Tower with Radar,84,21,54,16,175,0,0,54,8,62,84,21,108,24,237,25,0,25,262
01/09/2023,SAV,GA,ASO,ES,Combined TRACON& Tower with Radar,84,32,65,4,185,0,1,72,2,75,84,33,137,6,260,26,0,26,286
01/10/2023,SAV,GA,ASO,ES,Combined TRACON& Tower with Radar,81,35,65,14,195,0,3,60,3,66,81,38,125,17,261,52,0,52,313
01/11/2023,SAV,GA,ASO,ES,Combined TRACON& Tower with Radar,73,36,74,18,201,0,5,89,3,97,73,41,163,21,298,29,18,47,345
01/12/2023,SAV,GA,ASO,ES,Combined TRACON& Tower with Radar,84,45,59,3,191,0,3,67,4,74,84,48,126,7,265,38,0,38,303
01/13/2023,SAV,GA,ASO,ES,Combined TRACON& Tower with Radar,91,58,87,6,242,0,2,43,2,47,91,60,130,8,289,18,0,18,307
01/14/2023,SAV,GA,ASO,ES,Combined TRACON& Tower with Radar,71,29,44,2,146,0,9,40,1,50,71,38,84,3,196,26,0,26,222
01/15/2023,SAV,GA,ASO,ES,Combined TRACON& Tower with Radar,79,31,63,1,174,0,0,87,0,87,79,31,150,1,261,6,0,6,267
01/16/2023,SAV,GA,ASO,ES,Combined TRACON& Tower with Radar,87,38,75,0,200,0,8,86,0,94,87,46,161,0,294,8,0,8,302
01/17/2023,SAV,GA,ASO,ES,Combined TRACON& Tower with Radar,81,46,68,7,202,0,4,72,3,79,81,50,140,10,281,14,0,14,295
01/18/2023,SAV,GA,ASO,ES,Combined TRACON& Tower with Radar,77,50,90,5,222,0,3,26,8,37,77,53,116,13,259,7,0,7,266
01/19/2023,SAV,GA,ASO,ES,Combined TRACON& Tower with Radar,90,45,77,7,219,0,15,52,7,74,90,60,129,14,293,6,8,14,307
01/20/2023,SAV,GA,ASO,ES,Combined TRACON& Tower with Radar,93,41,80,16,230,0,9,93,6,108,93,50,173,22,338,51,12,63,401
01/21/2023,SAV,GA,ASO,ES,Combined TRACON& Tower with Radar,72,23,65,2,162,0,1,114,2,117,72,24,179,4,279,0,0,0,279
01/22/2023,SAV,GA,ASO,ES,Combined TRACON& Tower with Radar,85,24,31,2,142,0,0,0,0,0,85,24,31,2,142,0,0,0,142
01/23/2023,SAV,GA,ASO,ES,Combined TRACON& Tower with Radar,83,36,52,11,182,0,0,63,7,70,83,36,115,18,252,56,1,57,309
01/24/2023,SAV,GA,ASO,ES,Combined TRACON& Tower with Radar,80,40,87,11,218,0,3,103,8,114,80,43,190,19,332,24,6,30,362
01/25/2023,SAV,GA,ASO,ES,Combined TRACON& Tower with Radar,77,40,38,13,168,0,2,4,4,10,77,42,42,17,178,10,2,12,190
01/26/2023,SAV,GA,ASO,ES,Combined TRACON& Tower with Radar,89,48,75,12,224,0,3,77,11,91,89,51,152,23,315,10,0,10,325
01/27/2023,SAV,GA,ASO,ES,Combined TRACON& Tower with Radar,93,43,74,5,215,0,11,111,2,124,93,54,185,7,339,0,0,0,339
01/28/2023,SAV,GA,ASO,ES,Combined TRACON& Tower with Radar,75,24,73,1,173,0,2,83,3,88,75,26,156,4,261,24,0,24,285
01/29/2023,SAV,GA,ASO,ES,Combined TRACON& Tower with Radar,83,25,48,1,157,0,0,19,2,21,83,25,67,3,178,6,0,6,184
01/30/2023,SAV,GA,ASO,ES,Combined TRACON& Tower with Radar,77,38,62,6,183,0,0,2,0,2,77,38,64,6,185,0,0,0,185
01/31/2023,SAV,GA,ASO,ES,Combined TRACON& Tower with Radar,74,37,70,5,186,0,0,6,1,7,74,37,76,6,193,0,0,0,193
02/01/2023,SAV,GA,ASO,ES,Combined TRACON& Tower with Radar,73,30,60,4,167,0,5,62,0,67,73,35,122,4,234,28,0,28,262
02/02/2023,SAV,GA,ASO,ES,Combined TRACON& Tower with Radar,85,35,77,8,205,0,0,6,0,6,85,35,83,8,211,0,0,0,211
02/03/2023,SAV,GA,ASO,ES,Combined TRACON& Tower with Radar,92,33,71,9,205,0,1,32,2,35,92,34,103,11,240,28,0,28,268
02/04/2023,SAV,GA,ASO,ES,Combined TRACON& Tower with Radar,80,24,58,9,171,0,2,105,3,110,80,26,163,12,281,38,0,38,319
02/05/2023,SAV,GA,ASO,ES,Combined TRACON& Tower with Radar,83,28,64,10,185,0,2,51,1,54,83,30,115,11,239,10,0,10,249
02/06/2023,SAV,GA,ASO,ES,Combined TRACON& Tower with Radar,91,40,75,28,234,0,3,111,6,120,91,43,186,34,354,22,0,22,376
02/07/2023,SAV,GA,ASO,ES,Combined TRACON& Tower with Radar,81,45,78,36,240,0,5,94,6,105,81,50,172,42,345,12,3,15,360
02/08/2023,SAV,GA,ASO,ES,Combined TRACON& Tower with Radar,85,38,78,30,231,0,4,88,6,98,85,42,166,36,329,28,16,44,373
02/09/2023,SAV,GA,ASO,ES,Combined TRACON& Tower with Radar,88,33,114,40,275,0,3,92,8,103,88,36,206,48,378,34,0,34,412
02/10/2023,SAV,GA,ASO,ES,Combined TRACON& Tower with Radar,90,36,43,21,190,0,0,1,0,1,90,36,44,21,191,0,0,0,191
02/11/2023,SAV,GA,ASO,ES,Combined TRACON& Tower with Radar,81,21,20,0,122,0,0,0,0,0,81,21,20,0,122,0,0,0,122
02/12/2023,SAV,GA,ASO,ES,Combined TRACON& Tower with Radar,84,36,45,2,167,0,0,5,0,5,84,36,50,2,172,0,0,0,172
02/13/2023,SAV,GA,ASO,ES,Combined TRACON& Tower with Radar,91,44,74,33,242,0,7,107,1,115,91,51,181,34,357,25,0,25,382
02/14/2023,SAV,GA,ASO,ES,Combined TRACON& Tower with Radar,84,45,76,26,231,0,2,110,2,114,84,47,186,28,345,0,0,0,345
02/15/2023,SAV,GA,ASO,ES,Combined TRACON& Tower with Radar,85,43,72,32,232,0,2,99,1,102,85,45,171,33,334,12,0,12,346
02/16/2023,SAV,GA,ASO,ES,Combined TRACON& Tower with Radar,99,34,81,44,258,0,3,76,4,83,99,37,157,48,341,5,0,5,346
02/17/2023,SAV,GA,ASO,ES,Combined TRACON& Tower with Radar,96,53,107,14,270,0,2,20,1,23,96,55,127,15,293,0,0,0,293
02/18/2023,SAV,GA,ASO,ES,Combined TRACON& Tower with Radar,85,31,62,1,179,0,9,105,0,114,85,40,167,1,293,18,0,18,311
02/19/2023,SAV,GA,ASO,ES,Combined TRACON& Tower with Radar,94,33,79,5,211,0,5,68,0,73,94,38,147,5,284,0,5,5,289
02/20/2023,SAV,GA,ASO,ES,Combined TRACON& Tower with Radar,99,38,54,1,192,0,9,90,0,99,99,47,144,1,291,20,0,20,311
02/21/2023,SAV,GA,ASO,ES,Combined TRACON& Tower with Radar,87,44,83,23,237,0,3,57,4,64,87,47,140,27,301,44,0,44,345
02/22/2023,SAV,GA,ASO,ES,Combined TRACON& Tower with Radar,99,40,72,28,239,0,7,87,0,94,99,47,159,28,333,71,2,73,406
02/23/2023,SAV,GA,ASO,ES,Combined TRACON& Tower with Radar,98,44,79,11,232,0,3,63,5,71,98,47,142,16,303,12,0,12,315
02/24/2023,SAV,GA,ASO,ES,Combined TRACON& Tower with Radar,100,48,112,33,293,0,5,52,3,60,100,53,164,36,353,30,0,30,383
02/25/2023,SAV,GA,ASO,ES,Combined TRACON& Tower with Radar,87,25,53,4,169,0,3,31,4,38,87,28,84,8,207,18,0,18,225
02/26/2023,SAV,GA,ASO,ES,Combined TRACON& Tower with Radar,94,45,90,6,235,0,1,69,2,72,94,46,159,8,307,47,6,53,360
02/27/2023,SAV,GA,ASO,ES,Combined TRACON& Tower with Radar,98,44,70,14,226,0,2,44,2,48,98,46,114,16,274,8,0,8,282
02/28/2023,SAV,GA,ASO,ES,Combined TRACON& Tower with Radar,83,50,85,25,243,0,6,97,10,113,83,56,182,35,356,14,0,14,370
03/01/2023,SAV,GA,ASO,ES,Combined TRACON& Tower with Radar,93,54,92,12,251,0,3,54,4,61,93,57,146,16,312,25,12,37,349
03/02/2023,SAV,GA,ASO,ES,Combined TRACON& Tower with Radar,96,53,86,32,267,0,0,53,20,73,96,53,139,52,340,5,23,28,368
03/03/2023,SAV,GA,ASO,ES,Combined TRACON& Tower with Radar,109,52,71,24,256,0,0,43,16,59,109,52,114,40,315,12,4,16,331
03/04/2023,SAV,GA,ASO,ES,Combined TRACON& Tower with Radar,86,36,79,1,202,0,0,89,10,99,86,36,168,11,301,6,0,6,307
03/05/2023,SAV,GA,ASO,ES,Combined TRACON& Tower with Radar,96,31,89,7,223,0,2,105,9,116,96,33,194,16,339,26,2,28,367
03/06/2023,SAV,GA,ASO,ES,Combined TRACON& Tower with Radar,106,53,76,13,248,0,10,78,13,101,106,63,154,26,349,14,4,18,367
03/07/2023,SAV,GA,ASO,ES,Combined TRACON& Tower with Radar,90,48,72,6,216,0,1,61,15,77,90,49,133,21,293,16,0,16,309
03/08/2023,SAV,GA,ASO,ES,Combined TRACON& Tower with Radar,101,55,84,18,258,0,0,96,2,98,101,55,180,20,356,4,0,4,360
03/09/2023,SAV,GA,ASO,ES,Combined TRACON& Tower with Radar,104,55,72,6,237,0,7,83,3,93,104,62,155,9,330,8,0,8,338
03/10/2023,SAV,GA,ASO,ES,Combined TRACON& Tower with Radar,116,46,65,11,238,0,0,5,1,6,116,46,70,12,244,0,0,0,244
03/11/2023,SAV,GA,ASO,ES,Combined TRACON& Tower with Radar,103,55,76,2,236,0,4,104,2,110,103,59,180,4,346,12,0,12,358
03/12/2023,SAV,GA,ASO,ES,Combined TRACON& Tower with Radar,113,33,70,3,219,0,1,27,1,29,113,34,97,4,248,12,0,12,260
03/13/2023,SAV,GA,ASO,ES,Combined TRACON& Tower with Radar,111,52,94,4,261,0,0,45,3,48,111,52,139,7,309,12,0,12,321
03/14/2023,SAV,GA,ASO,ES,Combined TRACON& Tower with Radar,89,53,84,9,235,0,3,86,2,91,89,56,170,11,326,39,0,39,365
03/15/2023,SAV,GA,ASO,ES,Combined TRACON& Tower with Radar,108,70,79,16,273,0,15,126,3,144,108,85,205,19,417,14,0,14,431
03/16/2023,SAV,GA,ASO,ES,Combined TRACON& Tower with Radar,110,63,82,12,267,0,3,105,9,117,110,66,187,21,384,38,0,38,422
03/17/2023,SAV,GA,ASO,ES,Combined TRACON& Tower with Radar,109,47,57,10,223,0,4,52,7,63,109,51,109,17,286,14,0,14,300
03/18/2023,SAV,GA,ASO,ES,Combined TRACON& Tower with Radar,119,40,52,5,216,0,1,15,1,17,119,41,67,6,233,0,0,0,233
03/19/2023,SAV,GA,ASO,ES,Combined TRACON& Tower with Radar,113,41,76,1,231,0,2,91,2,95,113,43,167,3,326,0,0,0,326
03/20/2023,SAV,GA,ASO,ES,Combined TRACON& Tower with Radar,113,50,53,10,226,0,7,110,0,117,113,57,163,10,343,20,0,20,363
03/21/2023,SAV,GA,ASO,ES,Combined TRACON& Tower with Radar,95,44,63,5,207,0,3,94,1,98,95,47,157,6,305,35,3,38,343
03/22/2023,SAV,GA,ASO,ES,Combined TRACON& Tower with Radar,107,53,105,22,287,0,2,33,5,40,107,55,138,27,327,2,0,2,329
03/23/2023,SAV,GA,ASO,ES,Combined TRACON& Tower with Radar,108,74,104,16,302,0,3,99,2,104,108,77,203,18,406,20,0,20,426
03/24/2023,SAV,GA,ASO,ES,Combined TRACON& Tower with Radar,114,43,71,42,270,0,9,119,5,133,114,52,190,47,403,4,17,21,424
03/25/2023,SAV,GA,ASO,ES,Combined TRACON& Tower with Radar,107,32,73,3,215,0,0,32,5,37,107,32,105,8,252,4,0,4,256
03/26/2023,SAV,GA,ASO,ES,Combined TRACON& Tower with Radar,110,39,100,2,251,0,0,29,0,29,110,39,129,2,280,0,0,0,280
03/27/2023,SAV,GA,ASO,ES,Combined TRACON& Tower with Radar,117,47,64,4,232,0,1,50,0,51,117,48,114,4,283,14,0,14,297
03/28/2023,SAV,GA,ASO,ES,Combined TRACON& Tower with Radar,96,64,69,0,229,0,0,12,0,12,96,64,81,0,241,0,0,0,241
03/29/2023,SAV,GA,ASO,ES,Combined TRACON& Tower with Radar,105,49,64,17,235,0,1,108,3,112,105,50,172,20,347,16,0,16,363
03/30/2023,SAV,GA,ASO,ES,Combined TRACON& Tower with Radar,114,51,72,8,245,0,13,126,6,145,114,64,198,14,390,16,0,16,406
03/31/2023,SAV,GA,ASO,ES,Combined TRACON& Tower with Radar,110,39,112,4,265,0,0,116,2,118,110,39,228,6,383,0,0,0,383
04/01/2023,SAV,GA,ASO,ES,Combined TRACON& Tower with Radar,113,31,42,3,189,0,4,13,0,17,113,35,55,3,206,0,0,0,206
04/02/2023,SAV,GA,ASO,ES,Combined TRACON& Tower with Radar,114,45,82,0,241,0,3,67,0,70,114,48,149,0,311,0,0,0,311
04/03/2023,SAV,GA,ASO,ES,Combined TRACON& Tower with Radar,116,27,71,3,217,0,6,50,1,57,116,33,121,4,274,7,0,7,281
04/04/2023,SAV,GA,ASO,ES,Combined TRACON& Tower with Radar,96,38,83,6,223,0,1,53,1,55,96,39,136,7,278,81,0,81,359
04/05/2023,SAV,GA,ASO,ES,Combined TRACON& Tower with Radar,100,63,104,13,280,0,2,101,0,103,100,65,205,13,383,20,4,24,407
04/06/2023,SAV,GA,ASO,ES,Combined TRACON& Tower with Radar,110,75,102,4,291,0,3,95,1,99,110,78,197,5,390,0,0,0,390
04/07/2023,SAV,GA,ASO,ES,Combined TRACON& Tower with Radar,125,42,87,0,254,0,0,77,1,78,125,42,164,1,332,6,0,6,338
04/08/2023,SAV,GA,ASO,ES,Combined TRACON& Tower with Radar,109,39,37,0,185,0,0,0,0,0,109,39,37,0,185,0,0,0,185
04/09/2023,SAV,GA,ASO,ES,Combined TRACON& Tower with Radar,127,32,35,0,194,0,0,11,0,11,127,32,46,0,205,4,0,4,209
04/10/2023,SAV,GA,ASO,ES,Combined TRACON& Tower with Radar,121,46,98,1,266,0,3,75,0,78,121,49,173,1,344,5,0,5,349
04/11/2023,SAV,GA,ASO,ES,Combined TRACON& Tower with Radar,103,63,78,2,246,0,4,102,4,110,103,67,180,6,356,2,0,2,358
04/12/2023,SAV,GA,ASO,ES,Combined TRACON& Tower with Radar,108,49,75,6,238,0,2,98,3,103,108,51,173,9,341,8,0,8,349
04/13/2023,SAV,GA,ASO,ES,Combined TRACON& Tower with Radar,125,34,80,5,244,0,0,17,0,17,125,34,97,5,261,4,0,4,265
04/14/2023,SAV,GA,ASO,ES,Combined TRACON& Tower with Radar,125,44,96,17,282,0,0,54,2,56,125,44,150,19,338,4,0,4,342
04/15/2023,SAV,GA,ASO,ES,Combined TRACON& Tower with Radar,109,46,71,0,226,0,10,101,0,111,109,56,172,0,337,30,0,30,367
04/16/2023,SAV,GA,ASO,ES,Combined TRACON& Tower with Radar,126,56,73,6,261,0,0,42,0,42,126,56,115,6,303,23,0,23,326
04/17/2023,SAV,GA,ASO,ES,Combined TRACON& Tower with Radar,122,45,70,2,239,0,2,75,4,81,122,47,145,6,320,0,0,0,320
04/18/2023,SAV,GA,ASO,ES,Combined TRACON& Tower with Radar,104,59,61,11,235,0,3,108,4,115,104,62,169,15,350,58,0,58,408
04/19/2023,SAV,GA,ASO,ES,Combined TRACON& Tower with Radar,106,48,77,11,242,0,4,107,6,117,106,52,184,17,359,12,0,12,371
04/20/2023,SAV,GA,ASO,ES,Combined TRACON& Tower with Radar,120,64,99,5,288,0,1,104,7,112,120,65,203,12,400,4,0,4,404
04/21/2023,SAV,GA,ASO,ES,Combined TRACON& Tower with Radar,126,58,104,12,300,0,8,107,7,122,126,66,211,19,422,12,0,12,434
04/22/2023,SAV,GA,ASO,ES,Combined TRACON& Tower with Radar,116,33,54,7,210,0,0,55,5,60,116,33,109,12,270,0,0,0,270
04/23/2023,SAV,GA,ASO,ES,Combined TRACON& Tower with Radar,125,33,85,4,247,0,0,114,5,119,125,33,199,9,366,0,0,0,366
04/24/2023,SAV,GA,ASO,ES,Combined TRACON& Tower with Radar,124,50,96,11,281,0,5,54,6,65,124,55,150,17,346,8,0,8,354
04/25/2023,SAV,GA,ASO,ES,Combined TRACON& Tower with Radar,102,56,86,7,251,0,3,58,7,68,102,59,144,14,319,0,0,0,319
04/26/2023,SAV,GA,ASO,ES,Combined TRACON& Tower with Radar,104,37,57,14,212,0,3,61,7,71,104,40,118,21,283,30,0,30,313
04/27/2023,SAV,GA,ASO,ES,Combined TRACON& Tower with Radar,117,53,57,13,240,0,0,4,1,5,117,53,61,14,245,22,6,28,273
04/28/2023,SAV,GA,ASO,ES,Combined TRACON& Tower with Radar,127,62,82,6,277,0,1,28,2,31,127,63,110,8,308,0,0,0,308
04/29/2023,SAV,GA,ASO,ES,Combined TRACON& Tower with Radar,111,36,26,0,173,0,3,76,4,83,111,39,102,4,256,0,0,0,256
04/30/2023,SAV,GA,ASO,ES,Combined TRACON& Tower with Radar,122,27,72,0,221,0,0,10,0,10,122,27,82,0,231,0,0,0,231
05/01/2023,SAV,GA,ASO,ES,Combined TRACON& Tower with Radar,125,36,59,5,225,0,3,66,5,74,125,39,125,10,299,8,0,8,307
05/02/2023,SAV,GA,ASO,ES,Combined TRACON& Tower with Radar,103,47,68,5,223,0,0,72,1,73,103,47,140,6,296,20,0,20,316
05/03/2023,SAV,GA,ASO,ES,Combined TRACON& Tower with Radar,109,39,60,15,223,0,5,76,7,88,109,44,136,22,311,32,30,62,373
05/04/2023,SAV,GA,ASO,ES,Combined TRACON& Tower with Radar,118,49,89,16,272,0,3,151,5,159,118,52,240,21,431,36,1,37,468
05/05/2023,SAV,GA,ASO,ES,Combined TRACON& Tower with Radar,127,62,86,3,278,0,2,95,1,98,127,64,181,4,376,16,0,16,392
05/06/2023,SAV,GA,ASO,ES,Combined TRACON& Tower with Radar,118,44,67,2,231,0,1,26,2,29,118,45,93,4,260,0,0,0,260
05/07/2023,SAV,GA,ASO,ES,Combined TRACON& Tower with Radar,127,47,75,9,258,0,0,60,0,60,127,47,135,9,318,0,0,0,318
05/08/2023,SAV,GA,ASO,ES,Combined TRACON& Tower with Radar,119,36,77,10,242,0,7,82,1,90,119,43,159,11,332,41,0,41,373
05/09/2023,SAV,GA,ASO,ES,Combined TRACON& Tower with Radar,102,51,47,3,203,0,0,88,3,91,102,51,135,6,294,0,0,0,294
05/10/2023,SAV,GA,ASO,ES,Combined TRACON& Tower with Radar,107,63,111,5,286,0,1,47,3,51,107,64,158,8,337,12,0,12,349
05/11/2023,SAV,GA,ASO,ES,Combined TRACON& Tower with Radar,122,67,88,9,286,0,4,63,4,71,122,71,151,13,357,22,0,22,379
05/12/2023,SAV,GA,ASO,ES,Combined TRACON& Tower with Radar,125,34,83,6,248,0,4,63,2,69,125,38,146,8,317,0,4,4,321
05/13/2023,SAV,GA,ASO,ES,Combined TRACON& Tower with Radar,115,24,59,4,202,0,2,71,0,73,115,26,130,4,275,0,0,0,275
05/14/2023,SAV,GA,ASO,ES,Combined TRACON& Tower with Radar,123,43,56,2,224,0,0,73,0,73,123,43,129,2,297,13,0,13,310
05/15/2023,SAV,GA,ASO,ES,Combined TRACON& Tower with Radar,125,45,80,16,266,0,0,34,0,34,125,45,114,16,300,0,0,0,300
05/16/2023,SAV,GA,ASO,ES,Combined TRACON& Tower with Radar,109,45,68,14,236,0,8,99,3,110,109,53,167,17,346,0,10,10,356
05/17/2023,SAV,GA,ASO,ES,Combined TRACON& Tower with Radar,109,48,79,16,252,0,3,80,4,87,109,51,159,20,339,28,25,53,392
05/18/2023,SAV,GA,ASO,ES,Combined TRACON& Tower with Radar,117,54,112,3,286,0,1,2,2,5,117,55,114,5,291,0,0,0,291
05/19/2023,SAV,GA,ASO,ES,Combined TRACON& Tower with Radar,123,45,100,12,280,0,0,7,2,9,123,45,107,14,289,0,0,0,289
05/20/2023,SAV,GA,ASO,ES,Combined TRACON& Tower with Radar,118,27,74,11,230,0,0,81,2,83,118,27,155,13,313,6,0,6,319
05/21/2023,SAV,GA,ASO,ES,Combined TRACON& Tower with Radar,126,22,66,2,216,0,0,6,2,8,126,22,72,4,224,6,0,6,230
05/22/2023,SAV,GA,ASO,ES,Combined TRACON& Tower with Radar,127,29,81,5,242,0,2,36,3,41,127,31,117,8,283,14,0,14,297
05/23/2023,SAV,GA,ASO,ES,Combined TRACON& Tower with Radar,107,46,78,20,251,0,2,69,0,71,107,48,147,20,322,4,16,20,342
05/24/2023,SAV,GA,ASO,ES,Combined TRACON& Tower with Radar,104,60,71,4,239,0,0,120,4,124,104,60,191,8,363,15,0,15,378
05/25/2023,SAV,GA,ASO,ES,Combined TRACON& Tower with Radar,123,74,66,2,265,0,2,103,0,105,123,76,169,2,370,8,0,8,378
05/26/2023,SAV,GA,ASO,ES,Combined TRACON& Tower with Radar,127,43,93,3,266,0,1,22,0,23,127,44,115,3,289,0,0,0,289
05/27/2023,SAV,GA,ASO,ES,Combined TRACON& Tower with Radar,118,19,32,2,171,0,0,0,0,0,118,19,32,2,171,0,0,0,171
05/28/2023,SAV,GA,ASO,ES,Combined TRACON& Tower with Radar,120,25,43,4,192,0,1,3,0,4,120,26,46,4,196,0,0,0,196
05/29/2023,SAV,GA,ASO,ES,Combined TRACON& Tower with Radar,124,28,49,3,204,0,2,82,2,86,124,30,131,5,290,24,0,24,314
05/30/2023,SAV,GA,ASO,ES,Combined TRACON& Tower with Radar,107,44,62,5,218,0,7,106,3,116,107,51,168,8,334,28,0,28,362
05/31/2023,SAV,GA,ASO,ES,Combined TRACON& Tower with Radar,103,38,100,8,249,0,0,75,6,81,103,38,175,14,330,0,0,0,330
06/01/2023,SAV,GA,ASO,ES,Combined TRACON& Tower with Radar,118,52,89,7,266,0,0,86,6,92,118,52,175,13,358,12,5,17,375
06/02/2023,SAV,GA,ASO,ES,Combined TRACON& Tower with Radar,116,63,67,21,267,0,3,105,5,113,116,66,172,26,380,13,12,25,405
06/03/2023,SAV,GA,ASO,ES,Combined TRACON& Tower with Radar,128,31,50,4,213,0,1,69,1,71,128,32,119,5,284,0,0,0,284
06/04/2023,SAV,GA,ASO,ES,Combined TRACON& Tower with Radar,125,29,73,3,230,0,0,12,1,13,125,29,85,4,243,0,0,0,243
06/05/2023,SAV,GA,ASO,ES,Combined TRACON& Tower with Radar,119,52,82,4,257,0,4,108,0,112,119,56,190,4,369,14,0,14,383
06/06/2023,SAV,GA,ASO,ES,Combined TRACON& Tower with Radar,107,60,54,14,235,0,4,96,0,100,107,64,150,14,335,13,12,25,360
06/07/2023,SAV,GA,ASO,ES,Combined TRACON& Tower with Radar,103,29,85,12,229,0,7,81,1,89,103,36,166,13,318,11,0,11,329
06/08/2023,SAV,GA,ASO,ES,Combined TRACON& Tower with Radar,115,40,105,3,263,0,6,57,1,64,115,46,162,4,327,16,0,16,343
06/09/2023,SAV,GA,ASO,ES,Combined TRACON& Tower with Radar,116,39,104,20,279,0,8,88,3,99,116,47,192,23,378,27,0,27,405
06/10/2023,SAV,GA,ASO,ES,Combined TRACON& Tower with Radar,133,26,40,3,202,1,0,69,0,70,134,26,109,3,272,20,0,20,292
06/11/2023,SAV,GA,ASO,ES,Combined TRACON& Tower with Radar,127,36,68,5,236,0,0,31,0,31,127,36,99,5,267,0,0,0,267
06/12/2023,SAV,GA,ASO,ES,Combined TRACON& Tower with Radar,114,23,39,3,179,0,1,56,1,58,114,24,95,4,237,10,2,12,249
06/13/2023,SAV,GA,ASO,ES,Combined TRACON& Tower with Radar,104,39,60,1,204,0,5,74,0,79,104,44,134,1,283,10,0,10,293
06/14/2023,SAV,GA,ASO,ES,Combined TRACON& Tower with Radar,101,36,52,1,190,0,3,35,0,38,101,39,87,1,228,24,0,24,252
06/15/2023,SAV,GA,ASO,ES,Combined TRACON& Tower with Radar,114,57,71,4,246,0,3,36,4,43,114,60,107,8,289,18,0,18,307
06/16/2023,SAV,GA,ASO,ES,Combined TRACON& Tower with Radar,112,35,90,4,241,0,4,45,1,50,112,39,135,5,291,16,0,16,307
06/17/2023,SAV,GA,ASO,ES,Combined TRACON& Tower with Radar,127,15,69,1,212,0,1,76,0,77,127,16,145,1,289,36,0,36,325
06/18/2023,SAV,GA,ASO,ES,Combined TRACON& Tower with Radar,122,40,49,1,212,0,4,54,1,59,122,44,103,2,271,0,0,0,271
06/19/2023,SAV,GA,ASO,ES,Combined TRACON& Tower with Radar,112,39,75,0,226,0,0,17,2,19,112,39,92,2,245,20,0,20,265
06/20/2023,SAV,GA,ASO,ES,Combined TRACON& Tower with Radar,98,38,73,3,212,0,0,25,0,25,98,38,98,3,237,31,0,31,268
06/21/2023,SAV,GA,ASO,ES,Combined TRACON& Tower with Radar,96,40,55,5,196,0,4,48,0,52,96,44,103,5,248,38,0,38,286
06/22/2023,SAV,GA,ASO,ES,Combined TRACON& Tower with Radar,112,37,65,7,221,0,2,31,1,34,112,39,96,8,255,18,11,29,284
06/23/2023,SAV,GA,ASO,ES,Combined TRACON& Tower with Radar,110,34,68,4,216,0,0,44,1,45,110,34,112,5,261,20,0,20,281
06/24/2023,SAV,GA,ASO,ES,Combined TRACON& Tower with Radar,134,19,59,7,219,0,1,65,3,69,134,20,124,10,288,4,0,4,292
06/25/2023,SAV,GA,ASO,ES,Combined TRACON& Tower with Radar,125,20,61,1,207,0,3,79,1,83,125,23,140,2,290,0,0,0,290
06/26/2023,SAV,GA,ASO,ES,Combined TRACON& Tower with Radar,100,40,63,9,212,0,11,97,4,112,100,51,160,13,324,20,10,30,354
06/27/2023,SAV,GA,ASO,ES,Combined TRACON& Tower with Radar,95,48,62,14,219,0,7,94,1,102,95,55,156,15,321,12,0,12,333
06/28/2023,SAV,GA,ASO,ES,Combined TRACON& Tower with Radar,98,28,53,12,191,0,2,146,2,150,98,30,199,14,341,22,2,24,365
06/29/2023,SAV,GA,ASO,ES,Combined TRACON& Tower with Radar,117,50,83,19,269,0,9,107,1,117,117,59,190,20,386,36,0,36,422
06/30/2023,SAV,GA,ASO,ES,Combined TRACON& Tower with Radar,116,54,84,7,261,0,10,97,3,110,116,64,181,10,371,0,0,0,371
07/01/2023,SAV,GA,ASO,ES,Combined TRACON& Tower with Radar,134,28,63,0,225,0,0,59,0,59,134,28,122,0,284,0,0,0,284
07/02/2023,SAV,GA,ASO,ES,Combined TRACON& Tower with Radar,118,34,33,2,187,0,3,69,0,72,118,37,102,2,259,0,0,0,259
07/03/2023,SAV,GA,ASO,ES,Combined TRACON& Tower with Radar,105,27,22,0,154,0,2,60,0,62,105,29,82,0,216,2,0,2,218
07/04/2023,SAV,GA,ASO,ES,Combined TRACON& Tower with Radar,88,21,21,0,130,0,2,29,0,31,88,23,50,0,161,25,0,25,186
07/05/2023,SAV,GA,ASO,ES,Combined TRACON& Tower with Radar,114,24,57,7,202,0,9,60,1,70,114,33,117,8,272,20,0,20,292
07/06/2023,SAV,GA,ASO,ES,Combined TRACON& Tower with Radar,111,41,79,9,240,0,4,104,11,119,111,45,183,20,359,14,30,44,403
07/07/2023,SAV,GA,ASO,ES,Combined TRACON& Tower with Radar,122,26,51,5,204,0,1,95,6,102,122,27,146,11,306,11,0,11,317
07/08/2023,SAV,GA,ASO,ES,Combined TRACON& Tower with Radar,144,15,54,0,213,0,4,73,4,81,144,19,127,4,294,4,0,4,298
07/09/2023,SAV,GA,ASO,ES,Combined TRACON& Tower with Radar,120,21,63,6,210,0,0,43,7,50,120,21,106,13,260,18,0,18,278
07/10/2023,SAV,GA,ASO,ES,Combined TRACON& Tower with Radar,117,35,54,8,214,0,0,9,0,9,117,35,63,8,223,20,0,20,243
07/11/2023,SAV,GA,ASO,ES,Combined TRACON& Tower with Radar,100,38,69,8,215,0,2,85,2,89,100,40,154,10,304,0,0,0,304
07/12/2023,SAV,GA,ASO,ES,Combined TRACON& Tower with Radar,106,33,86,9,234,0,7,103,2,112,106,40,189,11,346,14,0,14,360
07/13/2023,SAV,GA,ASO,ES,Combined TRACON& Tower with Radar,113,26,76,18,233,0,1,67,0,68,113,27,143,18,301,0,0,0,301
07/14/2023,SAV,GA,ASO,ES,Combined TRACON& Tower with Radar,109,31,63,6,209,0,0,92,0,92,109,31,155,6,301,0,0,0,301
07/15/2023,SAV,GA,ASO,ES,Combined TRACON& Tower with Radar,145,35,78,6,264,0,2,58,0,60,145,37,136,6,324,16,0,16,340
07/16/2023,SAV,GA,ASO,ES,Combined TRACON& Tower with Radar,113,20,62,3,198,0,4,48,0,52,113,24,110,3,250,14,0,14,264
07/17/2023,SAV,GA,ASO,ES,Combined TRACON& Tower with Radar,115,38,60,3,216,0,0,73,0,73,115,38,133,3,289,0,0,0,289
07/18/2023,SAV,GA,ASO,ES,Combined TRACON& Tower with Radar,96,49,70,15,230,0,2,69,1,72,96,51,139,16,302,9,10,19,321
07/19/2023,SAV,GA,ASO,ES,Combined TRACON& Tower with Radar,110,31,71,3,215,0,4,64,0,68,110,35,135,3,283,6,0,6,289
07/20/2023,SAV,GA,ASO,ES,Combined TRACON& Tower with Radar,128,34,69,6,237,0,5,83,0,88,128,39,152,6,325,0,9,9,334
07/21/2023,SAV,GA,ASO,ES,Combined TRACON& Tower with Radar,121,33,65,15,234,0,12,66,3,81,121,45,131,18,315,6,8,14,329
07/22/2023,SAV,GA,ASO,ES,Combined TRACON& Tower with Radar,146,29,39,3,217,0,4,53,3,60,146,33,92,6,277,2,0,2,279
07/23/2023,SAV,GA,ASO,ES,Combined TRACON& Tower with Radar,125,21,48,15,209,0,0,39,1,40,125,21,87,16,249,4,0,4,253
07/24/2023,SAV,GA,ASO,ES,Combined TRACON& Tower with Radar,118,39,55,2,214,0,4,46,1,51,118,43,101,3,265,0,0,0,265
07/25/2023,SAV,GA,ASO,ES,Combined TRACON& Tower with Radar,99,37,93,4,233,0,6,86,2,94,99,43,179,6,327,18,0,18,345
07/26/2023,SAV,GA,ASO,ES,Combined TRACON& Tower with Radar,91,33,70,6,200,0,2,76,0,78,91,35,146,6,278,13,0,13,291
07/27/2023,SAV,GA,ASO,ES,Combined TRACON& Tower with Radar,119,39,99,3,260,0,2,56,0,58,119,41,155,3,318,22,0,22,340
07/28/2023,SAV,GA,ASO,ES,Combined TRACON& Tower with Radar,114,26,65,0,205,0,0,4,2,6,114,26,69,2,211,6,0,6,217
07/29/2023,SAV,GA,ASO,ES,Combined TRACON& Tower with Radar,140,24,41,0,205,0,0,3,0,3,140,24,44,0,208,20,0,20,228
07/30/2023,SAV,GA,ASO,ES,Combined TRACON& Tower with Radar,122,19,48,5,194,0,1,73,1,75,122,20,121,6,269,9,0,9,278
07/31/2023,SAV,GA,ASO,ES,Combined TRACON& Tower with Radar,123,44,91,10,268,0,0,59,0,59,123,44,150,10,327,14,6,20,347
08/01/2023,SAV,GA,ASO,ES,Combined TRACON& Tower with Radar,109,30,56,13,208,0,6,74,1,81,109,36,130,14,289,14,0,14,303
08/02/2023,SAV,GA,ASO,ES,Combined TRACON& Tower with Radar,106,50,69,10,235,0,4,77,0,81,106,54,146,10,316,14,0,14,330
08/03/2023,SAV,GA,ASO,ES,Combined TRACON& Tower with Radar,121,41,66,10,238,0,1,86,0,87,121,42,152,10,325,0,0,0,325
08/04/2023,SAV,GA,ASO,ES,Combined TRACON& Tower with Radar,109,33,59,3,204,0,0,22,0,22,109,33,81,3,226,4,0,4,230
08/05/2023,SAV,GA,ASO,ES,Combined TRACON& Tower with Radar,136,31,53,8,228,0,1,69,0,70,136,32,122,8,298,10,0,10,308
08/06/2023,SAV,GA,ASO,ES,Combined TRACON& Tower with Radar,133,24,60,3,220,0,0,37,0,37,133,24,97,3,257,0,0,0,257
08/07/2023,SAV,GA,ASO,ES,Combined TRACON& Tower with Radar,105,29,67,2,203,0,11,94,3,108,105,40,161,5,311,28,0,28,339
08/08/2023,SAV,GA,ASO,ES,Combined TRACON& Tower with Radar,99,47,45,6,197,0,5,75,0,80,99,52,120,6,277,4,0,4,281
08/09/2023,SAV,GA,ASO,ES,Combined TRACON& Tower with Radar,106,25,78,4,213,0,3,99,1,103,106,28,177,5,316,20,8,28,344
08/10/2023,SAV,GA,ASO,ES,Combined TRACON& Tower with Radar,113,38,75,3,229,0,7,86,4,97,113,45,161,7,326,39,0,39,365
08/11/2023,SAV,GA,ASO,ES,Combined TRACON& Tower with Radar,114,24,46,12,196,0,2,77,0,79,114,26,123,12,275,8,0,8,283
08/12/2023,SAV,GA,ASO,ES,Combined TRACON& Tower with Radar,141,33,49,1,224,0,4,95,0,99,141,37,144,1,323,0,0,0,323
08/13/2023,SAV,GA,ASO,ES,Combined TRACON& Tower with Radar,128,27,75,1,231,0,7,67,3,77,128,34,142,4,308,0,12,12,320
08/14/2023,SAV,GA,ASO,ES,Combined TRACON& Tower with Radar,114,26,56,0,196,0,7,59,3,69,114,33,115,3,265,34,0,34,299
08/15/2023,SAV,GA,ASO,ES,Combined TRACON& Tower with Radar,98,13,68,1,180,0,3,68,3,74,98,16,136,4,254,3,0,3,257
08/16/2023,SAV,GA,ASO,ES,Combined TRACON& Tower with Radar,109,33,78,5,225,0,0,64,8,72,109,33,142,13,297,0,0,0,297
08/17/2023,SAV,GA,ASO,ES,Combined TRACON& Tower with Radar,117,48,72,8,245,0,10,76,2,88,117,58,148,10,333,68,0,68,401
08/18/2023,SAV,GA,ASO,ES,Combined TRACON& Tower with Radar,109,33,62,14,218,0,9,126,9,144,109,42,188,23,362,30,16,46,408
08/19/2023,SAV,GA,ASO,ES,Combined TRACON& Tower with Radar,115,16,49,6,186,0,5,96,0,101,115,21,145,6,287,32,2,34,321
08/20/2023,SAV,GA,ASO,ES,Combined TRACON& Tower with Radar,113,29,52,4,198,0,1,47,6,54,113,30,99,10,252,9,0,9,261
08/21/2023,SAV,GA,ASO,ES,Combined TRACON& Tower with Radar,103,28,60,7,198,0,5,71,0,76,103,33,131,7,274,24,0,24,298
08/22/2023,SAV,GA,ASO,ES,Combined TRACON& Tower with Radar,102,45,63,11,221,0,0,115,1,116,102,45,178,12,337,2,2,4,341
08/23/2023,SAV,GA,ASO,ES,Combined TRACON& Tower with Radar,100,36,64,10,210,0,4,76,5,85,100,40,140,15,295,18,0,18,313
08/24/2023,SAV,GA,ASO,ES,Combined TRACON& Tower with Radar,110,40,60,9,219,0,2,97,6,105,110,42,157,15,324,12,0,12,336
08/25/2023,SAV,GA,ASO,ES,Combined TRACON& Tower with Radar,106,51,78,34,269,0,4,88,8,100,106,55,166,42,369,2,18,20,389
08/26/2023,SAV,GA,ASO,ES,Combined TRACON& Tower with Radar,115,25,35,2,177,0,2,94,6,102,115,27,129,8,279,21,0,21,300
08/27/2023,SAV,GA,ASO,ES,Combined TRACON& Tower with Radar,111,30,47,0,188,0,4,55,1,60,111,34,102,1,248,0,0,0,248
08/28/2023,SAV,GA,ASO,ES,Combined TRACON& Tower with Radar,103,58,84,12,257,0,1,47,1,49,103,59,131,13,306,4,0,4,310
08/29/2023,SAV,GA,ASO,ES,Combined TRACON& Tower with Radar,104,50,62,3,219,0,0,15,0,15,104,50,77,3,234,14,0,14,248
08/30/2023,SAV,GA,ASO,ES,Combined TRACON& Tower with Radar,32,3,2,0,37,0,0,0,0,0,32,3,2,0,37,0,0,0,37
08/31/2023,SAV,GA,ASO,ES,Combined TRACON& Tower with Radar,97,38,66,8,209,0,0,87,0,87,97,38,153,8,296,12,0,12,308
