01/01/2000,SBA,CA,AWP,WE,Towers with Radar,18,45,25,0,88,0,3,34,0,37,18,48,59,0,125,18,0,18,143
01/02/2000,SBA,CA,AWP,WE,Towers with Radar,27,49,44,0,120,1,5,110,0,116,28,54,154,0,236,50,0,50,286
01/03/2000,SBA,CA,AWP,WE,Towers with Radar,29,54,34,1,118,1,12,99,0,112,30,66,133,1,230,140,0,140,370
01/04/2000,SBA,CA,AWP,WE,Towers with Radar,31,87,40,6,164,1,29,137,1,168,32,116,177,7,332,232,0,232,564
01/05/2000,SBA,CA,AWP,WE,Towers with Radar,34,68,47,0,149,1,44,49,2,96,35,112,96,2,245,204,0,204,449
01/06/2000,SBA,CA,AWP,WE,Towers with Radar,27,59,48,5,139,1,8,119,3,131,28,67,167,8,270,176,0,176,446
01/07/2000,SBA,CA,AWP,WE,Towers with Radar,33,59,70,4,166,1,9,143,0,153,34,68,213,4,319,98,0,98,417
01/08/2000,SBA,CA,AWP,WE,Towers with Radar,26,51,37,0,114,1,11,187,1,200,27,62,224,1,314,116,0,116,430
01/09/2000,SBA,CA,AWP,WE,Towers with Radar,32,50,49,1,132,0,6,109,0,115,32,56,158,1,247,270,0,270,517
01/10/2000,SBA,CA,AWP,WE,Towers with Radar,29,58,46,3,136,0,7,95,0,102,29,65,141,3,238,150,0,150,388
01/11/2000,SBA,CA,AWP,WE,Towers with Radar,27,56,22,2,107,0,17,90,0,107,27,73,112,2,214,0,0,0,214
01/12/2000,SBA,CA,AWP,WE,Towers with Radar,28,63,47,1,139,0,21,89,0,110,28,84,136,1,249,148,0,148,397
01/13/2000,SBA,CA,AWP,WE,Towers with Radar,28,59,49,0,136,0,16,106,0,122,28,75,155,0,258,66,0,66,324
01/14/2000,SBA,CA,AWP,WE,Towers with Radar,32,52,45,4,133,0,10,122,2,134,32,62,167,6,267,124,0,124,391
01/15/2000,SBA,CA,AWP,WE,Towers with Radar,24,49,57,0,130,0,6,147,0,153,24,55,204,0,283,176,0,176,459
01/16/2000,SBA,CA,AWP,WE,Towers with Radar,30,42,53,0,125,0,8,67,0,75,30,50,120,0,200,112,0,112,312
01/17/2000,SBA,CA,AWP,WE,Towers with Radar,31,57,66,2,156,0,4,22,0,26,31,61,88,2,182,84,0,84,266
01/18/2000,SBA,CA,AWP,WE,Towers with Radar,33,38,50,0,121,0,11,75,0,86,33,49,125,0,207,92,0,92,299
01/19/2000,SBA,CA,AWP,WE,Towers with Radar,27,63,48,1,139,0,22,114,3,139,27,85,162,4,278,120,4,124,402
01/20/2000,SBA,CA,AWP,WE,Towers with Radar,31,63,68,0,162,0,11,83,0,94,31,74,151,0,256,206,0,206,462
01/21/2000,SBA,CA,AWP,WE,Towers with Radar,35,59,79,2,175,0,6,83,4,93,35,65,162,6,268,152,2,154,422
01/22/2000,SBA,CA,AWP,WE,Towers with Radar,28,53,67,0,148,0,6,118,0,124,28,59,185,0,272,218,0,218,490
01/23/2000,SBA,CA,AWP,WE,Towers with Radar,27,35,70,0,132,0,4,21,0,25,27,39,91,0,157,54,0,54,211
01/24/2000,SBA,CA,AWP,WE,Towers with Radar,27,51,56,0,134,0,8,35,0,43,27,59,91,0,177,126,0,126,303
01/25/2000,SBA,CA,AWP,WE,Towers with Radar,28,68,67,1,164,0,1,4,1,6,28,69,71,2,170,0,0,0,170
01/26/2000,SBA,CA,AWP,WE,Towers with Radar,35,52,23,3,113,0,17,160,0,177,35,69,183,3,290,204,0,204,494
01/27/2000,SBA,CA,AWP,WE,Towers with Radar,34,71,56,0,161,0,24,200,1,225,34,95,256,1,386,226,0,226,612
01/28/2000,SBA,CA,AWP,WE,Towers with Radar,36,65,72,0,173,0,19,202,1,222,36,84,274,1,395,266,0,266,661
01/29/2000,SBA,CA,AWP,WE,Towers with Radar,27,52,49,0,128,0,5,174,0,179,27,57,223,0,307,192,0,192,499
01/30/2000,SBA,CA,AWP,WE,Towers with Radar,27,48,59,0,134,0,0,17,0,17,27,48,76,0,151,34,0,34,185
01/31/2000,SBA,CA,AWP,WE,Towers with Radar,28,55,62,1,146,0,11,105,1,117,28,66,167,2,263,218,2,220,483
02/01/2000,SBA,CA,AWP,WE,Towers with Radar,29,72,56,3,160,1,24,131,0,156,30,96,187,3,316,136,0,136,452
02/02/2000,SBA,CA,AWP,WE,Towers with Radar,29,62,44,3,138,1,30,150,0,181,30,92,194,3,319,92,0,92,411
02/03/2000,SBA,CA,AWP,WE,Towers with Radar,28,58,41,5,132,1,25,130,1,157,29,83,171,6,289,204,0,204,493
02/04/2000,SBA,CA,AWP,WE,Towers with Radar,30,59,79,4,172,0,13,87,5,105,30,72,166,9,277,172,0,172,449
02/05/2000,SBA,CA,AWP,WE,Towers with Radar,27,56,58,3,144,0,13,106,2,121,27,69,164,5,265,126,0,126,391
02/06/2000,SBA,CA,AWP,WE,Towers with Radar,28,54,86,1,169,0,0,162,0,162,28,54,248,1,331,56,0,56,387
02/07/2000,SBA,CA,AWP,WE,Towers with Radar,22,30,62,3,117,0,6,64,2,72,22,36,126,5,189,38,0,38,227
02/08/2000,SBA,CA,AWP,WE,Towers with Radar,30,69,78,2,179,0,19,84,2,105,30,88,162,4,284,118,0,118,402
02/09/2000,SBA,CA,AWP,WE,Towers with Radar,24,56,35,5,120,0,52,25,3,80,24,108,60,8,200,138,0,138,338
02/10/2000,SBA,CA,AWP,WE,Towers with Radar,28,63,65,3,159,0,3,2,0,5,28,66,67,3,164,36,0,36,200
02/11/2000,SBA,CA,AWP,WE,Towers with Radar,29,56,87,0,172,0,9,51,1,61,29,65,138,1,233,152,0,152,385
02/12/2000,SBA,CA,AWP,WE,Towers with Radar,28,50,51,1,130,0,1,23,1,25,28,51,74,2,155,44,0,44,199
02/13/2000,SBA,CA,AWP,WE,Towers with Radar,27,38,76,0,141,0,1,0,0,1,27,39,76,0,142,0,0,0,142
02/14/2000,SBA,CA,AWP,WE,Towers with Radar,25,46,96,0,167,0,1,1,0,2,25,47,97,0,169,0,0,0,169
02/15/2000,SBA,CA,AWP,WE,Towers with Radar,28,58,66,1,153,3,23,93,0,119,31,81,159,1,272,116,0,116,388
02/16/2000,SBA,CA,AWP,WE,Towers with Radar,29,75,58,3,165,0,21,21,1,43,29,96,79,4,208,2,0,2,210
02/17/2000,SBA,CA,AWP,WE,Towers with Radar,31,63,75,0,169,0,17,150,2,169,31,80,225,2,338,158,0,158,496
02/18/2000,SBA,CA,AWP,WE,Towers with Radar,29,53,74,0,156,0,17,155,9,181,29,70,229,9,337,152,0,152,489
02/19/2000,SBA,CA,AWP,WE,Towers with Radar,28,44,66,4,142,0,12,206,1,219,28,56,272,5,361,142,0,142,503
02/20/2000,SBA,CA,AWP,WE,Towers with Radar,26,40,45,0,111,0,3,0,0,3,26,43,45,0,114,0,0,0,114
02/21/2000,SBA,CA,AWP,WE,Towers with Radar,22,46,51,0,119,6,7,2,0,15,28,53,53,0,134,34,0,34,168
02/22/2000,SBA,CA,AWP,WE,Towers with Radar,22,87,87,4,200,0,19,21,46,86,22,106,108,50,286,122,0,122,408
02/23/2000,SBA,CA,AWP,WE,Towers with Radar,23,59,45,0,127,0,8,29,0,37,23,67,74,0,164,88,0,88,252
02/24/2000,SBA,CA,AWP,WE,Towers with Radar,25,69,74,3,171,0,10,111,4,125,25,79,185,7,296,178,0,178,474
02/25/2000,SBA,CA,AWP,WE,Towers with Radar,30,68,92,4,194,2,7,28,3,40,32,75,120,7,234,216,0,216,450
02/26/2000,SBA,CA,AWP,WE,Towers with Radar,17,56,56,0,129,0,6,139,1,146,17,62,195,1,275,212,0,212,487
02/27/2000,SBA,CA,AWP,WE,Towers with Radar,26,53,47,0,126,0,3,9,2,14,26,56,56,2,140,16,0,16,156
02/28/2000,SBA,CA,AWP,WE,Towers with Radar,25,48,47,2,122,0,14,115,1,130,25,62,162,3,252,174,0,174,426
02/29/2000,SBA,CA,AWP,WE,Towers with Radar,31,62,49,0,142,0,13,51,0,64,31,75,100,0,206,244,0,244,450
03/01/2000,SBA,CA,AWP,WE,Towers with Radar,27,62,55,1,145,2,26,78,2,108,29,88,133,3,253,220,0,220,473
03/02/2000,SBA,CA,AWP,WE,Towers with Radar,25,60,70,2,157,1,16,110,3,130,26,76,180,5,287,242,0,242,529
03/03/2000,SBA,CA,AWP,WE,Towers with Radar,25,71,73,1,170,1,3,30,6,40,26,74,103,7,210,106,0,106,316
03/04/2000,SBA,CA,AWP,WE,Towers with Radar,31,53,93,0,177,0,12,81,1,94,31,65,174,1,271,212,0,212,483
03/05/2000,SBA,CA,AWP,WE,Towers with Radar,25,44,24,0,93,0,2,10,0,12,25,46,34,0,105,32,0,32,137
03/06/2000,SBA,CA,AWP,WE,Towers with Radar,26,53,57,11,147,0,7,37,4,48,26,60,94,15,195,120,0,120,315
03/07/2000,SBA,CA,AWP,WE,Towers with Radar,32,59,55,8,154,0,9,49,2,60,32,68,104,10,214,186,0,186,400
03/08/2000,SBA,CA,AWP,WE,Towers with Radar,23,64,60,6,153,0,23,56,0,79,23,87,116,6,232,140,0,140,372
03/09/2000,SBA,CA,AWP,WE,Towers with Radar,29,59,58,3,149,0,12,119,1,132,29,71,177,4,281,216,0,216,497
03/10/2000,SBA,CA,AWP,WE,Towers with Radar,34,64,61,2,161,0,13,199,2,214,34,77,260,4,375,128,0,128,503
03/11/2000,SBA,CA,AWP,WE,Towers with Radar,26,47,69,0,142,0,20,266,0,286,26,67,335,0,428,204,0,204,632
03/12/2000,SBA,CA,AWP,WE,Towers with Radar,27,53,52,0,132,0,1,255,0,256,27,54,307,0,388,178,0,178,566
03/13/2000,SBA,CA,AWP,WE,Towers with Radar,28,57,82,0,167,0,5,92,0,97,28,62,174,0,264,248,0,248,512
03/14/2000,SBA,CA,AWP,WE,Towers with Radar,28,59,66,0,153,0,10,97,0,107,28,69,163,0,260,148,0,148,408
03/15/2000,SBA,CA,AWP,WE,Towers with Radar,26,83,115,3,227,0,0,8,0,8,26,83,123,3,235,6,0,6,241
03/16/2000,SBA,CA,AWP,WE,Towers with Radar,28,54,81,3,166,0,15,91,1,107,28,69,172,4,273,72,0,72,345
03/17/2000,SBA,CA,AWP,WE,Towers with Radar,33,58,60,1,152,0,13,146,0,159,33,71,206,1,311,200,0,200,511
03/18/2000,SBA,CA,AWP,WE,Towers with Radar,28,42,49,2,121,0,9,247,0,256,28,51,296,2,377,156,0,156,533
03/19/2000,SBA,CA,AWP,WE,Towers with Radar,26,48,55,0,129,0,11,241,0,252,26,59,296,0,381,142,0,142,523
03/20/2000,SBA,CA,AWP,WE,Towers with Radar,29,51,34,4,118,0,17,80,1,98,29,68,114,5,216,164,0,164,380
03/21/2000,SBA,CA,AWP,WE,Towers with Radar,30,58,59,1,148,0,23,111,4,138,30,81,170,5,286,162,0,162,448
03/22/2000,SBA,CA,AWP,WE,Towers with Radar,8,29,31,0,68,0,10,74,3,87,8,39,105,3,155,0,0,0,155
03/23/2000,SBA,CA,AWP,WE,Towers with Radar,32,63,67,0,162,0,16,174,1,191,32,79,241,1,353,180,0,180,533
03/24/2000,SBA,CA,AWP,WE,Towers with Radar,31,69,75,2,177,0,3,171,3,177,31,72,246,5,354,230,0,230,584
03/25/2000,SBA,CA,AWP,WE,Towers with Radar,25,56,68,0,149,0,7,151,2,160,25,63,219,2,309,152,0,152,461
03/26/2000,SBA,CA,AWP,WE,Towers with Radar,28,50,58,0,136,0,1,218,0,219,28,51,276,0,355,138,0,138,493
03/27/2000,SBA,CA,AWP,WE,Towers with Radar,25,68,61,2,156,0,6,110,6,122,25,74,171,8,278,102,0,102,380
03/28/2000,SBA,CA,AWP,WE,Towers with Radar,32,60,49,1,142,0,17,99,5,121,32,77,148,6,263,140,0,140,403
03/29/2000,SBA,CA,AWP,WE,Towers with Radar,26,60,68,4,158,0,14,76,2,92,26,74,144,6,250,80,0,80,330
03/30/2000,SBA,CA,AWP,WE,Towers with Radar,28,56,61,1,146,6,20,91,2,119,34,76,152,3,265,126,0,126,391
03/31/2000,SBA,CA,AWP,WE,Towers with Radar,29,57,54,0,140,0,15,159,2,176,29,72,213,2,316,158,0,158,474
04/01/2000,SBA,CA,AWP,WE,Towers with Radar,29,45,40,0,114,0,11,182,8,201,29,56,222,8,315,112,0,112,427
04/02/2000,SBA,CA,AWP,WE,Towers with Radar,27,54,58,2,141,0,6,285,3,294,27,60,343,5,435,142,0,142,577
04/03/2000,SBA,CA,AWP,WE,Towers with Radar,32,54,30,1,117,0,5,137,1,143,32,59,167,2,260,106,0,106,366
04/04/2000,SBA,CA,AWP,WE,Towers with Radar,32,67,66,0,165,0,5,66,0,71,32,72,132,0,236,90,0,90,326
04/05/2000,SBA,CA,AWP,WE,Towers with Radar,28,66,76,2,172,0,10,111,2,123,28,76,187,4,295,134,0,134,429
04/06/2000,SBA,CA,AWP,WE,Towers with Radar,44,54,103,5,206,0,7,20,3,30,44,61,123,8,236,66,0,66,302
04/07/2000,SBA,CA,AWP,WE,Towers with Radar,30,63,94,2,189,0,15,99,2,116,30,78,193,4,305,130,0,130,435
04/08/2000,SBA,CA,AWP,WE,Towers with Radar,24,55,52,0,131,0,12,206,0,218,24,67,258,0,349,148,0,148,497
04/09/2000,SBA,CA,AWP,WE,Towers with Radar,28,56,46,0,130,0,3,226,1,230,28,59,272,1,360,140,0,140,500
04/10/2000,SBA,CA,AWP,WE,Towers with Radar,28,56,46,3,133,0,11,115,0,126,28,67,161,3,259,94,0,94,353
04/11/2000,SBA,CA,AWP,WE,Towers with Radar,33,64,46,4,147,0,14,129,3,146,33,78,175,7,293,68,2,70,363
04/12/2000,SBA,CA,AWP,WE,Towers with Radar,30,48,78,0,156,0,5,30,2,37,30,53,108,2,193,40,0,40,233
04/13/2000,SBA,CA,AWP,WE,Towers with Radar,31,56,85,9,181,0,14,86,3,103,31,70,171,12,284,188,0,188,472
04/14/2000,SBA,CA,AWP,WE,Towers with Radar,33,61,80,0,174,0,7,65,2,74,33,68,145,2,248,158,0,158,406
04/15/2000,SBA,CA,AWP,WE,Towers with Radar,28,49,77,1,155,0,4,119,0,123,28,53,196,1,278,164,0,164,442
04/16/2000,SBA,CA,AWP,WE,Towers with Radar,25,50,56,0,131,0,7,75,0,82,25,57,131,0,213,126,0,126,339
04/17/2000,SBA,CA,AWP,WE,Towers with Radar,26,46,30,0,102,0,6,6,0,12,26,52,36,0,114,2,0,2,116
04/18/2000,SBA,CA,AWP,WE,Towers with Radar,33,51,64,0,148,0,17,72,0,89,33,68,136,0,237,160,0,160,397
04/19/2000,SBA,CA,AWP,WE,Towers with Radar,32,54,47,1,134,0,18,165,5,188,32,72,212,6,322,228,0,228,550
04/20/2000,SBA,CA,AWP,WE,Towers with Radar,33,48,61,8,150,0,19,158,2,179,33,67,219,10,329,212,0,212,541
04/21/2000,SBA,CA,AWP,WE,Towers with Radar,27,59,97,1,184,0,13,62,0,75,27,72,159,1,259,178,0,178,437
04/22/2000,SBA,CA,AWP,WE,Towers with Radar,27,50,57,0,134,0,7,118,0,125,27,57,175,0,259,182,0,182,441
04/23/2000,SBA,CA,AWP,WE,Towers with Radar,31,50,83,2,166,0,4,122,0,126,31,54,205,2,292,64,0,64,356
04/24/2000,SBA,CA,AWP,WE,Towers with Radar,27,52,54,0,133,0,23,152,0,175,27,75,206,0,308,250,0,250,558
04/25/2000,SBA,CA,AWP,WE,Towers with Radar,30,54,62,1,147,3,33,138,4,178,33,87,200,5,325,130,0,130,455
04/26/2000,SBA,CA,AWP,WE,Towers with Radar,20,51,52,0,123,11,23,214,0,248,31,74,266,0,371,174,0,174,545
04/27/2000,SBA,CA,AWP,WE,Towers with Radar,29,64,87,2,182,0,5,55,0,60,29,69,142,2,242,86,0,86,328
04/28/2000,SBA,CA,AWP,WE,Towers with Radar,26,56,58,1,141,0,16,130,4,150,26,72,188,5,291,88,0,88,379
04/29/2000,SBA,CA,AWP,WE,Towers with Radar,27,50,28,0,105,0,7,228,0,235,27,57,256,0,340,180,0,180,520
04/30/2000,SBA,CA,AWP,WE,Towers with Radar,29,58,56,0,143,0,6,324,0,330,29,64,380,0,473,172,0,172,645
05/01/2000,SBA,CA,AWP,WE,Towers with Radar,31,55,49,3,138,0,16,144,7,167,31,71,193,10,305,220,0,220,525
05/02/2000,SBA,CA,AWP,WE,Towers with Radar,29,60,47,0,136,0,12,156,0,168,29,72,203,0,304,192,0,192,496
05/03/2000,SBA,CA,AWP,WE,Towers with Radar,28,56,45,1,130,0,29,142,2,173,28,85,187,3,303,154,0,154,457
05/04/2000,SBA,CA,AWP,WE,Towers with Radar,36,60,102,2,200,0,16,62,2,80,36,76,164,4,280,94,0,94,374
05/05/2000,SBA,CA,AWP,WE,Towers with Radar,30,65,85,1,181,0,8,126,1,135,30,73,211,2,316,194,0,194,510
05/06/2000,SBA,CA,AWP,WE,Towers with Radar,30,51,59,1,141,0,4,145,1,150,30,55,204,2,291,68,0,68,359
05/07/2000,SBA,CA,AWP,WE,Towers with Radar,27,48,52,1,128,0,3,179,0,182,27,51,231,1,310,118,0,118,428
05/08/2000,SBA,CA,AWP,WE,Towers with Radar,25,63,47,4,139,0,15,79,0,94,25,78,126,4,233,168,8,176,409
05/09/2000,SBA,CA,AWP,WE,Towers with Radar,28,58,41,0,127,0,19,100,0,119,28,77,141,0,246,154,0,154,400
05/10/2000,SBA,CA,AWP,WE,Towers with Radar,32,51,58,0,141,0,20,101,4,125,32,71,159,4,266,30,0,30,296
05/11/2000,SBA,CA,AWP,WE,Towers with Radar,28,55,52,2,137,3,28,137,0,168,31,83,189,2,305,114,0,114,419
05/12/2000,SBA,CA,AWP,WE,Towers with Radar,32,52,58,0,142,0,20,189,0,209,32,72,247,0,351,262,0,262,613
05/13/2000,SBA,CA,AWP,WE,Towers with Radar,24,53,48,0,125,0,19,236,0,255,24,72,284,0,380,234,0,234,614
05/14/2000,SBA,CA,AWP,WE,Towers with Radar,23,56,66,0,145,0,3,179,0,182,23,59,245,0,327,194,0,194,521
05/15/2000,SBA,CA,AWP,WE,Towers with Radar,29,68,65,0,162,0,4,71,0,75,29,72,136,0,237,150,0,150,387
05/16/2000,SBA,CA,AWP,WE,Towers with Radar,26,63,54,0,143,0,22,92,0,114,26,85,146,0,257,100,0,100,357
05/17/2000,SBA,CA,AWP,WE,Towers with Radar,30,57,38,2,127,0,20,135,1,156,30,77,173,3,283,216,0,216,499
05/18/2000,SBA,CA,AWP,WE,Towers with Radar,32,50,33,0,115,0,34,191,0,225,32,84,224,0,340,178,0,178,518
05/19/2000,SBA,CA,AWP,WE,Towers with Radar,33,48,48,2,131,0,31,174,0,205,33,79,222,2,336,204,0,204,540
05/20/2000,SBA,CA,AWP,WE,Towers with Radar,28,45,43,0,116,2,28,218,0,248,30,73,261,0,364,88,0,88,452
05/21/2000,SBA,CA,AWP,WE,Towers with Radar,26,52,64,1,143,0,6,170,0,176,26,58,234,1,319,52,0,52,371
05/22/2000,SBA,CA,AWP,WE,Towers with Radar,31,50,92,2,175,0,7,30,0,37,31,57,122,2,212,66,0,66,278
05/23/2000,SBA,CA,AWP,WE,Towers with Radar,34,82,107,0,223,1,3,7,0,11,35,85,114,0,234,0,0,0,234
05/24/2000,SBA,CA,AWP,WE,Towers with Radar,29,67,175,0,271,0,8,17,0,25,29,75,192,0,296,200,0,200,496
05/25/2000,SBA,CA,AWP,WE,Towers with Radar,31,62,57,0,150,0,6,59,0,65,31,68,116,0,215,214,0,214,429
05/26/2000,SBA,CA,AWP,WE,Towers with Radar,36,64,57,0,157,0,16,219,0,235,36,80,276,0,392,306,0,306,698
05/27/2000,SBA,CA,AWP,WE,Towers with Radar,26,50,42,0,118,0,20,180,0,200,26,70,222,0,318,210,0,210,528
05/28/2000,SBA,CA,AWP,WE,Towers with Radar,22,48,44,0,114,0,6,227,0,233,22,54,271,0,347,196,0,196,543
05/29/2000,SBA,CA,AWP,WE,Towers with Radar,26,41,62,0,129,0,4,193,1,198,26,45,255,1,327,186,0,186,513
05/30/2000,SBA,CA,AWP,WE,Towers with Radar,32,60,57,0,149,0,23,148,1,172,32,83,205,1,321,410,0,410,731
05/31/2000,SBA,CA,AWP,WE,Towers with Radar,32,61,57,0,150,0,28,117,4,149,32,89,174,4,299,246,0,246,545
06/01/2000,SBA,CA,AWP,WE,Towers with Radar,27,52,61,2,142,1,10,83,5,99,28,62,144,7,241,126,0,126,367
06/02/2000,SBA,CA,AWP,WE,Towers with Radar,29,54,70,0,153,1,11,89,3,104,30,65,159,3,257,94,0,94,351
06/03/2000,SBA,CA,AWP,WE,Towers with Radar,31,49,65,0,145,1,2,157,0,160,32,51,222,0,305,88,0,88,393
06/04/2000,SBA,CA,AWP,WE,Towers with Radar,24,50,51,2,127,1,4,187,5,197,25,54,238,7,324,144,0,144,468
06/05/2000,SBA,CA,AWP,WE,Towers with Radar,32,61,43,2,138,1,9,184,2,196,33,70,227,4,334,242,14,256,590
06/06/2000,SBA,CA,AWP,WE,Towers with Radar,32,61,46,3,142,1,15,153,0,169,33,76,199,3,311,206,0,206,517
06/07/2000,SBA,CA,AWP,WE,Towers with Radar,25,56,58,0,139,1,23,153,1,178,26,79,211,1,317,176,0,176,493
06/08/2000,SBA,CA,AWP,WE,Towers with Radar,30,55,69,0,154,1,10,73,3,87,31,65,142,3,241,174,0,174,415
06/09/2000,SBA,CA,AWP,WE,Towers with Radar,27,59,50,5,141,1,22,187,3,213,28,81,237,8,354,202,0,202,556
06/10/2000,SBA,CA,AWP,WE,Towers with Radar,22,46,54,1,123,1,14,174,4,193,23,60,228,5,316,224,0,224,540
06/11/2000,SBA,CA,AWP,WE,Towers with Radar,24,52,48,0,124,1,6,224,0,231,25,58,272,0,355,220,0,220,575
06/12/2000,SBA,CA,AWP,WE,Towers with Radar,27,58,60,0,145,3,19,161,5,188,30,77,221,5,333,192,0,192,525
06/13/2000,SBA,CA,AWP,WE,Towers with Radar,28,53,71,0,152,1,22,183,0,206,29,75,254,0,358,186,0,186,544
06/14/2000,SBA,CA,AWP,WE,Towers with Radar,26,65,97,2,190,1,6,56,0,63,27,71,153,2,253,88,0,88,341
06/15/2000,SBA,CA,AWP,WE,Towers with Radar,34,67,98,0,199,1,11,59,2,73,35,78,157,2,272,186,0,186,458
06/16/2000,SBA,CA,AWP,WE,Towers with Radar,28,63,142,1,234,1,2,15,2,20,29,65,157,3,254,140,0,140,394
06/17/2000,SBA,CA,AWP,WE,Towers with Radar,23,61,134,0,218,1,0,1,0,2,24,61,135,0,220,0,0,0,220
06/18/2000,SBA,CA,AWP,WE,Towers with Radar,31,54,101,0,186,0,0,82,0,82,31,54,183,0,268,126,0,126,394
06/19/2000,SBA,CA,AWP,WE,Towers with Radar,28,61,80,1,170,1,5,56,0,62,29,66,136,1,232,206,0,206,438
06/20/2000,SBA,CA,AWP,WE,Towers with Radar,36,64,52,4,156,1,17,121,5,144,37,81,173,9,300,182,0,182,482
06/21/2000,SBA,CA,AWP,WE,Towers with Radar,31,62,97,0,190,1,7,59,0,67,32,69,156,0,257,54,0,54,311
06/22/2000,SBA,CA,AWP,WE,Towers with Radar,33,64,76,3,176,0,10,72,6,88,33,74,148,9,264,186,0,186,450
06/23/2000,SBA,CA,AWP,WE,Towers with Radar,35,60,117,0,212,0,10,59,5,74,35,70,176,5,286,230,0,230,516
06/24/2000,SBA,CA,AWP,WE,Towers with Radar,24,66,84,1,175,0,10,108,2,120,24,76,192,3,295,150,0,150,445
06/25/2000,SBA,CA,AWP,WE,Towers with Radar,30,52,65,0,147,0,11,178,0,189,30,63,243,0,336,158,0,158,494
06/26/2000,SBA,CA,AWP,WE,Towers with Radar,25,60,32,1,118,1,21,135,0,157,26,81,167,1,275,220,0,220,495
06/27/2000,SBA,CA,AWP,WE,Towers with Radar,31,62,79,1,173,2,31,95,4,132,33,93,174,5,305,116,0,116,421
06/28/2000,SBA,CA,AWP,WE,Towers with Radar,35,98,89,1,223,6,53,85,0,144,41,151,174,1,367,88,0,88,455
06/29/2000,SBA,CA,AWP,WE,Towers with Radar,30,60,75,1,166,1,71,69,0,141,31,131,144,1,307,84,0,84,391
06/30/2000,SBA,CA,AWP,WE,Towers with Radar,37,85,104,0,226,0,20,134,0,154,37,105,238,0,380,100,0,100,480
07/01/2000,SBA,CA,AWP,WE,Towers with Radar,24,56,121,0,201,1,5,77,0,83,25,61,198,0,284,53,0,53,337
07/02/2000,SBA,CA,AWP,WE,Towers with Radar,29,48,73,2,152,1,3,112,0,116,30,51,185,2,268,90,0,90,358
07/03/2000,SBA,CA,AWP,WE,Towers with Radar,27,51,53,0,131,2,14,155,0,171,29,65,208,0,302,194,0,194,496
07/04/2000,SBA,CA,AWP,WE,Towers with Radar,28,56,33,0,117,1,6,159,0,166,29,62,192,0,283,166,0,166,449
07/05/2000,SBA,CA,AWP,WE,Towers with Radar,33,62,64,2,161,0,27,106,6,139,33,89,170,8,300,174,0,174,474
07/06/2000,SBA,CA,AWP,WE,Towers with Radar,29,51,52,1,133,2,16,152,0,170,31,67,204,1,303,128,0,128,431
07/07/2000,SBA,CA,AWP,WE,Towers with Radar,31,61,61,1,154,1,20,167,0,188,32,81,228,1,342,166,0,166,508
07/08/2000,SBA,CA,AWP,WE,Towers with Radar,32,59,44,2,137,1,15,205,0,221,33,74,249,2,358,196,0,196,554
07/09/2000,SBA,CA,AWP,WE,Towers with Radar,30,50,77,0,157,1,6,166,0,173,31,56,243,0,330,136,0,136,466
07/10/2000,SBA,CA,AWP,WE,Towers with Radar,33,64,99,0,196,1,12,53,0,66,34,76,152,0,262,162,0,162,424
07/11/2000,SBA,CA,AWP,WE,Towers with Radar,29,80,84,1,194,1,13,62,0,76,30,93,146,1,270,132,0,132,402
07/12/2000,SBA,CA,AWP,WE,Towers with Radar,31,67,71,2,171,0,30,109,0,139,31,97,180,2,310,206,0,206,516
07/13/2000,SBA,CA,AWP,WE,Towers with Radar,32,60,52,3,147,0,16,156,0,172,32,76,208,3,319,170,0,170,489
07/14/2000,SBA,CA,AWP,WE,Towers with Radar,33,59,40,1,133,0,19,175,0,194,33,78,215,1,327,220,0,220,547
07/15/2000,SBA,CA,AWP,WE,Towers with Radar,34,53,67,0,154,0,5,161,2,168,34,58,228,2,322,224,0,224,546
07/16/2000,SBA,CA,AWP,WE,Towers with Radar,33,51,68,0,152,0,8,143,2,153,33,59,211,2,305,148,0,148,453
07/17/2000,SBA,CA,AWP,WE,Towers with Radar,28,55,39,2,124,0,16,122,1,139,28,71,161,3,263,186,0,186,449
07/18/2000,SBA,CA,AWP,WE,Towers with Radar,32,59,52,0,143,0,15,171,1,187,32,74,223,1,330,224,0,224,554
07/19/2000,SBA,CA,AWP,WE,Towers with Radar,26,62,64,1,153,0,27,165,17,209,26,89,229,18,362,227,0,227,589
07/20/2000,SBA,CA,AWP,WE,Towers with Radar,34,68,69,2,173,0,20,183,4,207,34,88,252,6,380,294,0,294,674
07/21/2000,SBA,CA,AWP,WE,Towers with Radar,31,55,68,0,154,0,16,156,6,178,31,71,224,6,332,262,0,262,594
07/22/2000,SBA,CA,AWP,WE,Towers with Radar,31,49,27,2,109,0,21,227,2,250,31,70,254,4,359,180,0,180,539
07/23/2000,SBA,CA,AWP,WE,Towers with Radar,29,49,61,0,139,0,7,254,0,261,29,56,315,0,400,284,0,284,684
07/24/2000,SBA,CA,AWP,WE,Towers with Radar,31,60,43,1,135,0,10,116,1,127,31,70,159,2,262,170,0,170,432
07/25/2000,SBA,CA,AWP,WE,Towers with Radar,31,60,32,1,124,0,20,148,7,175,31,80,180,8,299,198,0,198,497
07/26/2000,SBA,CA,AWP,WE,Towers with Radar,33,56,39,2,130,0,38,174,1,213,33,94,213,3,343,230,0,230,573
07/27/2000,SBA,CA,AWP,WE,Towers with Radar,31,57,54,0,142,0,10,163,3,176,31,67,217,3,318,172,0,172,490
07/28/2000,SBA,CA,AWP,WE,Towers with Radar,33,53,64,12,162,2,8,138,2,150,35,61,202,14,312,138,0,138,450
07/29/2000,SBA,CA,AWP,WE,Towers with Radar,30,55,56,1,142,4,3,159,0,166,34,58,215,1,308,84,0,84,392
07/30/2000,SBA,CA,AWP,WE,Towers with Radar,24,50,58,0,132,0,6,207,1,214,24,56,265,1,346,204,0,204,550
07/31/2000,SBA,CA,AWP,WE,Towers with Radar,33,50,57,0,140,0,6,63,2,71,33,56,120,2,211,48,0,48,259
08/01/2000,SBA,CA,AWP,WE,Towers with Radar,29,63,49,2,143,0,55,147,1,203,29,118,196,3,346,168,0,168,514
08/02/2000,SBA,CA,AWP,WE,Towers with Radar,33,60,75,1,169,0,4,47,0,51,33,64,122,1,220,109,0,109,329
08/03/2000,SBA,CA,AWP,WE,Towers with Radar,32,60,67,1,160,0,4,109,11,124,32,64,176,12,284,170,0,170,454
08/04/2000,SBA,CA,AWP,WE,Towers with Radar,29,50,57,2,138,0,15,151,1,167,29,65,208,3,305,94,0,94,399
08/05/2000,SBA,CA,AWP,WE,Towers with Radar,33,60,59,2,154,0,9,249,0,258,33,69,308,2,412,286,0,286,698
08/06/2000,SBA,CA,AWP,WE,Towers with Radar,30,44,76,0,150,0,4,194,0,198,30,48,270,0,348,298,0,298,646
08/07/2000,SBA,CA,AWP,WE,Towers with Radar,28,49,92,1,170,0,9,140,20,169,28,58,232,21,339,222,0,222,561
08/08/2000,SBA,CA,AWP,WE,Towers with Radar,24,78,59,3,164,0,17,139,2,158,24,95,198,5,322,218,0,218,540
08/09/2000,SBA,CA,AWP,WE,Towers with Radar,29,63,55,4,151,0,15,96,18,129,29,78,151,22,280,252,0,252,532
08/10/2000,SBA,CA,AWP,WE,Towers with Radar,34,69,63,2,168,0,21,163,15,199,34,90,226,17,367,268,0,268,635
08/11/2000,SBA,CA,AWP,WE,Towers with Radar,33,63,71,2,169,0,19,194,6,219,33,82,265,8,388,218,0,218,606
08/12/2000,SBA,CA,AWP,WE,Towers with Radar,31,52,56,3,142,0,10,231,0,241,31,62,287,3,383,240,0,240,623
08/13/2000,SBA,CA,AWP,WE,Towers with Radar,35,62,60,0,157,0,4,258,0,262,35,66,318,0,419,226,0,226,645
08/14/2000,SBA,CA,AWP,WE,Towers with Radar,34,62,57,0,153,0,8,140,0,148,34,70,197,0,301,190,0,190,491
08/15/2000,SBA,CA,AWP,WE,Towers with Radar,28,79,43,0,150,0,21,155,4,180,28,100,198,4,330,246,0,246,576
08/16/2000,SBA,CA,AWP,WE,Towers with Radar,27,53,56,1,137,2,21,154,12,189,29,74,210,13,326,238,0,238,564
08/17/2000,SBA,CA,AWP,WE,Towers with Radar,27,52,56,1,136,6,22,197,1,226,33,74,253,2,362,340,0,340,702
08/18/2000,SBA,CA,AWP,WE,Towers with Radar,38,60,91,2,191,0,10,151,14,175,38,70,242,16,366,72,0,72,438
08/19/2000,SBA,CA,AWP,WE,Towers with Radar,29,52,39,0,120,0,9,251,4,264,29,61,290,4,384,178,0,178,562
08/20/2000,SBA,CA,AWP,WE,Towers with Radar,35,49,56,0,140,0,3,252,3,258,35,52,308,3,398,200,0,200,598
08/21/2000,SBA,CA,AWP,WE,Towers with Radar,35,55,64,1,155,0,17,143,0,160,35,72,207,1,315,204,0,204,519
08/22/2000,SBA,CA,AWP,WE,Towers with Radar,33,64,50,1,148,0,21,164,0,185,33,85,214,1,333,234,0,234,567
08/23/2000,SBA,CA,AWP,WE,Towers with Radar,34,57,81,4,176,0,57,119,1,177,34,114,200,5,353,145,8,153,506
08/24/2000,SBA,CA,AWP,WE,Towers with Radar,34,63,84,1,182,0,29,186,1,216,34,92,270,2,398,310,0,310,708
08/25/2000,SBA,CA,AWP,WE,Towers with Radar,36,77,85,0,198,0,13,108,1,122,36,90,193,1,320,162,0,162,482
08/26/2000,SBA,CA,AWP,WE,Towers with Radar,30,66,65,9,170,0,8,194,0,202,30,74,259,9,372,206,0,206,578
08/27/2000,SBA,CA,AWP,WE,Towers with Radar,31,56,66,0,153,1,5,167,0,173,32,61,233,0,326,164,0,164,490
08/28/2000,SBA,CA,AWP,WE,Towers with Radar,33,59,72,1,165,0,0,89,4,93,33,59,161,5,258,200,2,202,460
08/29/2000,SBA,CA,AWP,WE,Towers with Radar,30,70,76,1,177,0,25,31,5,61,30,95,107,6,238,234,0,234,472
08/30/2000,SBA,CA,AWP,WE,Towers with Radar,30,84,93,0,207,0,25,78,2,105,30,109,171,2,312,277,0,277,589
08/31/2000,SBA,CA,AWP,WE,Towers with Radar,30,62,93,2,187,0,14,106,0,120,30,76,199,2,307,312,0,312,619
09/01/2000,SBA,CA,AWP,WE,Towers with Radar,25,62,93,4,184,1,12,154,1,168,26,74,247,5,352,192,0,192,544
09/02/2000,SBA,CA,AWP,WE,Towers with Radar,18,59,55,0,132,4,6,235,0,245,22,65,290,0,377,252,0,252,629
09/03/2000,SBA,CA,AWP,WE,Towers with Radar,20,44,42,0,106,1,5,268,0,274,21,49,310,0,380,204,0,204,584
09/04/2000,SBA,CA,AWP,WE,Towers with Radar,28,49,68,0,145,1,15,299,0,315,29,64,367,0,460,258,0,258,718
09/05/2000,SBA,CA,AWP,WE,Towers with Radar,33,62,51,0,146,1,23,165,0,189,34,85,216,0,335,262,0,262,597
09/06/2000,SBA,CA,AWP,WE,Towers with Radar,27,79,58,0,164,2,45,177,3,227,29,124,235,3,391,206,0,206,597
09/07/2000,SBA,CA,AWP,WE,Towers with Radar,27,89,64,1,181,0,18,156,0,174,27,107,220,1,355,194,0,194,549
09/08/2000,SBA,CA,AWP,WE,Towers with Radar,24,73,63,1,161,0,9,163,0,172,24,82,226,1,333,116,0,116,449
09/09/2000,SBA,CA,AWP,WE,Towers with Radar,28,70,67,0,165,0,3,179,0,182,28,73,246,0,347,192,0,192,539
09/10/2000,SBA,CA,AWP,WE,Towers with Radar,24,65,51,0,140,0,44,224,0,268,24,109,275,0,408,180,0,180,588
09/11/2000,SBA,CA,AWP,WE,Towers with Radar,23,65,73,0,161,0,18,125,5,148,23,83,198,5,309,76,0,76,385
09/12/2000,SBA,CA,AWP,WE,Towers with Radar,25,76,58,0,159,0,9,65,1,75,25,85,123,1,234,168,0,168,402
09/13/2000,SBA,CA,AWP,WE,Towers with Radar,27,74,54,0,155,0,62,135,0,197,27,136,189,0,352,266,0,266,618
09/14/2000,SBA,CA,AWP,WE,Towers with Radar,20,85,63,0,168,0,21,116,2,139,20,106,179,2,307,226,0,226,533
09/15/2000,SBA,CA,AWP,WE,Towers with Radar,25,87,67,1,180,0,18,176,2,196,25,105,243,3,376,276,0,276,652
09/16/2000,SBA,CA,AWP,WE,Towers with Radar,22,63,43,0,128,0,14,210,1,225,22,77,253,1,353,166,1,167,520
09/17/2000,SBA,CA,AWP,WE,Towers with Radar,25,73,57,0,155,0,12,195,5,212,25,85,252,5,367,132,0,132,499
09/18/2000,SBA,CA,AWP,WE,Towers with Radar,22,62,81,1,166,0,2,48,7,57,22,64,129,8,223,60,0,60,283
09/19/2000,SBA,CA,AWP,WE,Towers with Radar,22,74,70,0,166,0,3,52,9,64,22,77,122,9,230,36,0,36,266
09/20/2000,SBA,CA,AWP,WE,Towers with Radar,25,83,100,1,209,0,12,53,5,70,25,95,153,6,279,110,0,110,389
09/21/2000,SBA,CA,AWP,WE,Towers with Radar,25,90,93,0,208,0,0,54,1,55,25,90,147,1,263,142,0,142,405
09/22/2000,SBA,CA,AWP,WE,Towers with Radar,26,72,116,0,214,0,13,55,0,68,26,85,171,0,282,210,0,210,492
09/23/2000,SBA,CA,AWP,WE,Towers with Radar,23,69,79,2,173,0,7,116,2,125,23,76,195,4,298,129,0,129,427
09/24/2000,SBA,CA,AWP,WE,Towers with Radar,19,71,83,0,173,0,0,265,4,269,19,71,348,4,442,166,0,166,608
09/25/2000,SBA,CA,AWP,WE,Towers with Radar,16,47,43,0,106,8,26,143,1,178,24,73,186,1,284,176,0,176,460
09/26/2000,SBA,CA,AWP,WE,Towers with Radar,26,80,50,2,158,0,10,134,0,144,26,90,184,2,302,170,0,170,472
09/27/2000,SBA,CA,AWP,WE,Towers with Radar,25,81,76,0,182,0,8,76,1,85,25,89,152,1,267,184,0,184,451
09/28/2000,SBA,CA,AWP,WE,Towers with Radar,24,94,68,2,188,0,15,128,0,143,24,109,196,2,331,258,0,258,589
09/29/2000,SBA,CA,AWP,WE,Towers with Radar,23,81,70,0,174,0,15,144,0,159,23,96,214,0,333,154,0,154,487
09/30/2000,SBA,CA,AWP,WE,Towers with Radar,23,72,104,0,199,0,7,85,0,92,23,79,189,0,291,64,6,70,361
10/01/2000,SBA,CA,AWP,WE,Towers with Radar,21,70,81,0,172,0,8,141,0,149,21,78,222,0,321,112,0,112,433
10/02/2000,SBA,CA,AWP,WE,Towers with Radar,22,67,69,1,159,2,45,2,0,49,24,112,71,1,208,54,0,54,262
10/03/2000,SBA,CA,AWP,WE,Towers with Radar,28,94,95,6,223,0,18,46,1,65,28,112,141,7,288,240,0,240,528
10/04/2000,SBA,CA,AWP,WE,Towers with Radar,31,96,98,1,226,0,2,58,3,63,31,98,156,4,289,282,0,282,571
10/05/2000,SBA,CA,AWP,WE,Towers with Radar,21,66,67,0,154,2,16,109,0,127,23,82,176,0,281,300,0,300,581
10/06/2000,SBA,CA,AWP,WE,Towers with Radar,25,86,122,1,234,0,8,25,2,35,25,94,147,3,269,189,0,189,458
10/07/2000,SBA,CA,AWP,WE,Towers with Radar,23,79,114,0,216,0,6,29,0,35,23,85,143,0,251,126,0,126,377
10/08/2000,SBA,CA,AWP,WE,Towers with Radar,20,77,116,0,213,0,20,51,0,71,20,97,167,0,284,130,0,130,414
10/09/2000,SBA,CA,AWP,WE,Towers with Radar,23,80,96,0,199,0,1,21,0,22,23,81,117,0,221,16,0,16,237
10/10/2000,SBA,CA,AWP,WE,Towers with Radar,25,77,67,4,173,0,7,19,6,32,25,84,86,10,205,130,0,130,335
10/11/2000,SBA,CA,AWP,WE,Towers with Radar,23,76,82,6,187,0,15,50,2,67,23,91,132,8,254,178,0,178,432
10/12/2000,SBA,CA,AWP,WE,Towers with Radar,22,78,64,2,166,0,14,91,3,108,22,92,155,5,274,198,0,198,472
10/13/2000,SBA,CA,AWP,WE,Towers with Radar,27,74,56,6,163,0,13,230,0,243,27,87,286,6,406,140,0,140,546
10/14/2000,SBA,CA,AWP,WE,Towers with Radar,25,85,60,0,170,0,10,210,0,220,25,95,270,0,390,236,0,236,626
10/15/2000,SBA,CA,AWP,WE,Towers with Radar,21,78,60,1,160,0,4,175,1,180,21,82,235,2,340,130,0,130,470
10/16/2000,SBA,CA,AWP,WE,Towers with Radar,21,72,67,0,160,0,8,66,1,75,21,80,133,1,235,48,0,48,283
10/17/2000,SBA,CA,AWP,WE,Towers with Radar,22,66,65,1,154,0,1,31,2,34,22,67,96,3,188,80,0,80,268
10/18/2000,SBA,CA,AWP,WE,Towers with Radar,27,52,93,0,172,0,51,30,10,91,27,103,123,10,263,24,0,24,287
10/19/2000,SBA,CA,AWP,WE,Towers with Radar,25,56,104,0,185,0,4,33,0,37,25,60,137,0,222,42,0,42,264
10/20/2000,SBA,CA,AWP,WE,Towers with Radar,21,90,127,0,238,0,3,28,0,31,21,93,155,0,269,32,0,32,301
10/21/2000,SBA,CA,AWP,WE,Towers with Radar,21,78,80,0,179,0,4,108,0,112,21,82,188,0,291,200,0,200,491
10/22/2000,SBA,CA,AWP,WE,Towers with Radar,22,74,66,2,164,0,1,159,0,160,22,75,225,2,324,192,0,192,516
10/23/2000,SBA,CA,AWP,WE,Towers with Radar,23,76,47,3,149,0,13,152,0,165,23,89,199,3,314,190,2,192,506
10/24/2000,SBA,CA,AWP,WE,Towers with Radar,20,65,66,1,152,1,35,114,0,150,21,100,180,1,302,218,0,218,520
10/25/2000,SBA,CA,AWP,WE,Towers with Radar,23,77,53,0,153,0,20,137,2,159,23,97,190,2,312,296,0,296,608
10/26/2000,SBA,CA,AWP,WE,Towers with Radar,27,89,89,1,206,0,5,0,3,8,27,94,89,4,214,8,0,8,222
10/27/2000,SBA,CA,AWP,WE,Towers with Radar,23,75,48,0,146,0,7,86,1,94,23,82,134,1,240,256,0,256,496
10/28/2000,SBA,CA,AWP,WE,Towers with Radar,21,70,86,1,178,0,15,145,2,162,21,85,231,3,340,284,0,284,624
10/29/2000,SBA,CA,AWP,WE,Towers with Radar,19,67,96,0,182,0,5,11,0,16,19,72,107,0,198,52,0,52,250
10/30/2000,SBA,CA,AWP,WE,Towers with Radar,21,84,51,3,159,1,10,104,0,115,22,94,155,3,274,140,0,140,414
10/31/2000,SBA,CA,AWP,WE,Towers with Radar,24,82,46,3,155,0,19,143,1,163,24,101,189,4,318,62,0,62,380
11/01/2000,SBA,CA,AWP,WE,Towers with Radar,32,88,76,1,197,2,9,190,1,202,34,97,266,2,399,310,0,310,709
11/02/2000,SBA,CA,AWP,WE,Towers with Radar,24,73,63,3,163,0,20,172,2,194,24,93,235,5,357,262,0,262,619
11/03/2000,SBA,CA,AWP,WE,Towers with Radar,22,83,70,0,175,0,27,162,0,189,22,110,232,0,364,204,0,204,568
11/04/2000,SBA,CA,AWP,WE,Towers with Radar,26,67,44,2,139,0,16,259,2,277,26,83,303,4,416,208,0,208,624
11/05/2000,SBA,CA,AWP,WE,Towers with Radar,20,65,77,0,162,0,12,224,0,236,20,77,301,0,398,196,0,196,594
11/06/2000,SBA,CA,AWP,WE,Towers with Radar,24,79,57,0,160,0,8,82,3,93,24,87,139,3,253,274,0,274,527
11/07/2000,SBA,CA,AWP,WE,Towers with Radar,30,81,60,2,173,0,19,93,1,113,30,100,153,3,286,216,0,216,502
11/08/2000,SBA,CA,AWP,WE,Towers with Radar,34,96,82,2,214,26,22,147,8,203,60,118,229,10,417,324,0,324,741
11/09/2000,SBA,CA,AWP,WE,Towers with Radar,30,93,69,2,194,0,16,96,3,115,30,109,165,5,309,150,0,150,459
11/10/2000,SBA,CA,AWP,WE,Towers with Radar,22,75,88,0,185,0,14,85,0,99,22,89,173,0,284,190,0,190,474
11/11/2000,SBA,CA,AWP,WE,Towers with Radar,23,74,60,1,158,0,11,150,1,162,23,85,210,2,320,146,0,146,466
11/12/2000,SBA,CA,AWP,WE,Towers with Radar,20,70,57,0,147,0,8,230,0,238,20,78,287,0,385,250,0,250,635
11/13/2000,SBA,CA,AWP,WE,Towers with Radar,27,75,48,0,150,0,21,149,2,172,27,96,197,2,322,124,0,124,446
11/14/2000,SBA,CA,AWP,WE,Towers with Radar,31,76,54,1,162,0,18,121,2,141,31,94,175,3,303,96,0,96,399
11/15/2000,SBA,CA,AWP,WE,Towers with Radar,27,82,74,0,183,0,24,134,2,160,27,106,208,2,343,122,0,122,465
11/16/2000,SBA,CA,AWP,WE,Towers with Radar,26,91,71,16,204,0,12,154,2,168,26,103,225,18,372,210,14,224,596
11/17/2000,SBA,CA,AWP,WE,Towers with Radar,36,84,39,2,161,1,20,173,5,199,37,104,212,7,360,250,0,250,610
11/18/2000,SBA,CA,AWP,WE,Towers with Radar,22,64,58,0,144,0,13,225,0,238,22,77,283,0,382,272,0,272,654
11/19/2000,SBA,CA,AWP,WE,Towers with Radar,27,69,63,0,159,0,12,274,0,286,27,81,337,0,445,86,0,86,531
11/20/2000,SBA,CA,AWP,WE,Towers with Radar,26,82,53,0,161,0,11,130,0,141,26,93,183,0,302,114,0,114,416
11/21/2000,SBA,CA,AWP,WE,Towers with Radar,35,99,90,1,225,0,28,171,0,199,35,127,261,1,424,272,0,272,696
11/22/2000,SBA,CA,AWP,WE,Towers with Radar,29,96,117,0,242,0,14,249,0,263,29,110,366,0,505,88,0,88,593
11/23/2000,SBA,CA,AWP,WE,Towers with Radar,23,67,58,0,148,0,29,112,0,141,23,96,170,0,289,20,0,20,309
11/24/2000,SBA,CA,AWP,WE,Towers with Radar,25,73,52,0,150,0,14,164,0,178,25,87,216,0,328,216,0,216,544
11/25/2000,SBA,CA,AWP,WE,Towers with Radar,23,69,47,0,139,0,10,182,0,192,23,79,229,0,331,118,0,118,449
11/26/2000,SBA,CA,AWP,WE,Towers with Radar,23,82,110,0,215,0,0,214,0,214,23,82,324,0,429,212,0,212,641
11/27/2000,SBA,CA,AWP,WE,Towers with Radar,22,78,69,1,170,0,12,89,0,101,22,90,158,1,271,72,0,72,343
11/28/2000,SBA,CA,AWP,WE,Towers with Radar,19,59,72,5,155,5,4,14,1,24,24,63,86,6,179,28,0,28,207
11/29/2000,SBA,CA,AWP,WE,Towers with Radar,28,86,69,0,183,0,27,116,1,144,28,113,185,1,327,248,0,248,575
11/30/2000,SBA,CA,AWP,WE,Towers with Radar,26,89,43,5,163,0,18,109,1,128,26,107,152,6,291,174,4,178,469
12/01/2000,SBA,CA,AWP,WE,Towers with Radar,27,61,54,0,142,0,8,142,10,160,27,69,196,10,302,268,0,268,570
12/02/2000,SBA,CA,AWP,WE,Towers with Radar,22,81,118,0,221,0,9,82,0,91,22,90,200,0,312,250,0,250,562
12/03/2000,SBA,CA,AWP,WE,Towers with Radar,34,71,61,0,166,0,5,142,0,147,34,76,203,0,313,148,0,148,461
12/04/2000,SBA,CA,AWP,WE,Towers with Radar,24,82,47,1,154,0,20,102,2,124,24,102,149,3,278,136,0,136,414
12/05/2000,SBA,CA,AWP,WE,Towers with Radar,31,78,54,2,165,0,20,135,1,156,31,98,189,3,321,242,0,242,563
12/06/2000,SBA,CA,AWP,WE,Towers with Radar,36,75,77,0,188,0,16,102,0,118,36,91,179,0,306,192,0,192,498
12/07/2000,SBA,CA,AWP,WE,Towers with Radar,30,85,58,3,176,0,10,121,6,137,30,95,179,9,313,196,0,196,509
12/08/2000,SBA,CA,AWP,WE,Towers with Radar,24,91,96,0,211,0,10,41,1,52,24,101,137,1,263,142,0,142,405
12/09/2000,SBA,CA,AWP,WE,Towers with Radar,20,76,56,0,152,0,13,84,0,97,20,89,140,0,249,214,0,214,463
12/10/2000,SBA,CA,AWP,WE,Towers with Radar,20,68,59,0,147,0,2,127,0,129,20,70,186,0,276,220,0,220,496
12/11/2000,SBA,CA,AWP,WE,Towers with Radar,23,78,55,4,160,0,9,95,10,114,23,87,150,14,274,218,0,218,492
12/12/2000,SBA,CA,AWP,WE,Towers with Radar,28,76,71,3,178,0,24,92,6,122,28,100,163,9,300,158,0,158,458
12/13/2000,SBA,CA,AWP,WE,Towers with Radar,22,73,45,0,140,0,22,138,2,162,22,95,183,2,302,182,0,182,484
12/14/2000,SBA,CA,AWP,WE,Towers with Radar,21,89,71,0,181,0,14,94,2,110,21,103,165,2,291,166,0,166,457
12/15/2000,SBA,CA,AWP,WE,Towers with Radar,18,81,58,1,158,0,19,142,0,161,18,100,200,1,319,254,0,254,573
12/16/2000,SBA,CA,AWP,WE,Towers with Radar,24,86,30,0,140,0,5,201,0,206,24,91,231,0,346,202,0,202,548
12/17/2000,SBA,CA,AWP,WE,Towers with Radar,20,77,49,0,146,0,4,255,0,259,20,81,304,0,405,276,0,276,681
12/18/2000,SBA,CA,AWP,WE,Towers with Radar,19,59,41,0,119,7,24,111,4,146,26,83,152,4,265,158,0,158,423
12/19/2000,SBA,CA,AWP,WE,Towers with Radar,31,86,54,4,175,0,35,131,1,167,31,121,185,5,342,206,0,206,548
12/20/2000,SBA,CA,AWP,WE,Towers with Radar,22,80,27,2,131,0,34,173,1,208,22,114,200,3,339,142,0,142,481
12/21/2000,SBA,CA,AWP,WE,Towers with Radar,29,88,75,3,195,0,9,86,3,98,29,97,161,6,293,116,0,116,409
12/22/2000,SBA,CA,AWP,WE,Towers with Radar,21,66,65,0,152,0,20,133,0,153,21,86,198,0,305,120,0,120,425
12/23/2000,SBA,CA,AWP,WE,Towers with Radar,25,69,48,0,142,0,5,116,0,121,25,74,164,0,263,88,0,88,351
12/24/2000,SBA,CA,AWP,WE,Towers with Radar,25,62,16,0,103,0,5,106,0,111,25,67,122,0,214,68,0,68,282
12/25/2000,SBA,CA,AWP,WE,Towers with Radar,14,43,30,0,87,12,42,48,0,102,26,85,78,0,189,10,0,10,199
12/26/2000,SBA,CA,AWP,WE,Towers with Radar,24,69,46,0,139,0,20,116,0,136,24,89,162,0,275,106,0,106,381
12/27/2000,SBA,CA,AWP,WE,Towers with Radar,23,68,49,0,140,1,21,169,3,194,24,89,218,3,334,106,0,106,440
12/28/2000,SBA,CA,AWP,WE,Towers with Radar,27,83,60,1,171,0,12,182,0,194,27,95,242,1,365,138,0,138,503
12/29/2000,SBA,CA,AWP,WE,Towers with Radar,24,74,54,5,157,0,15,216,0,231,24,89,270,5,388,198,0,198,586
12/30/2000,SBA,CA,AWP,WE,Towers with Radar,24,72,48,0,144,0,13,272,0,285,24,85,320,0,429,228,0,228,657
12/31/2000,SBA,CA,AWP,WE,Towers with Radar,22,65,33,0,120,0,0,168,0,168,22,65,201,0,288,60,0,60,348
01/01/2001,SBA,CA,AWP,WE,Towers with Radar,16,65,31,0,112,1,4,113,0,118,17,69,144,0,230,50,0,50,280
01/02/2001,SBA,CA,AWP,WE,Towers with Radar,21,72,73,0,166,1,3,137,1,142,22,75,210,1,308,82,0,82,390
01/03/2001,SBA,CA,AWP,WE,Towers with Radar,22,78,27,2,129,1,17,115,0,133,23,95,142,2,262,144,0,144,406
01/04/2001,SBA,CA,AWP,WE,Towers with Radar,22,74,54,0,150,1,13,174,3,191,23,87,228,3,341,182,0,182,523
01/05/2001,SBA,CA,AWP,WE,Towers with Radar,26,91,55,2,174,1,14,190,2,207,27,105,245,4,381,146,0,146,527
01/06/2001,SBA,CA,AWP,WE,Towers with Radar,19,70,69,0,158,1,7,179,0,187,20,77,248,0,345,232,0,232,577
01/07/2001,SBA,CA,AWP,WE,Towers with Radar,25,65,56,2,148,0,12,182,2,196,25,77,238,4,344,132,0,132,476
01/08/2001,SBA,CA,AWP,WE,Towers with Radar,26,76,58,0,160,0,1,25,0,26,26,77,83,0,186,102,0,102,288
01/09/2001,SBA,CA,AWP,WE,Towers with Radar,28,86,76,0,190,0,25,66,0,91,28,111,142,0,281,164,0,164,445
01/10/2001,SBA,CA,AWP,WE,Towers with Radar,21,76,59,0,156,0,8,10,0,18,21,84,69,0,174,54,0,54,228
01/11/2001,SBA,CA,AWP,WE,Towers with Radar,17,67,50,0,134,0,7,39,0,46,17,74,89,0,180,144,0,144,324
01/12/2001,SBA,CA,AWP,WE,Towers with Radar,24,78,69,6,177,0,5,51,1,57,24,83,120,7,234,138,0,138,372
01/13/2001,SBA,CA,AWP,WE,Towers with Radar,26,71,57,0,154,0,3,179,0,182,26,74,236,0,336,282,0,282,618
01/14/2001,SBA,CA,AWP,WE,Towers with Radar,24,68,57,3,152,0,1,176,0,177,24,69,233,3,329,142,0,142,471
01/15/2001,SBA,CA,AWP,WE,Towers with Radar,28,77,46,0,151,0,4,113,3,120,28,81,159,3,271,102,0,102,373
01/16/2001,SBA,CA,AWP,WE,Towers with Radar,23,74,56,0,153,2,11,133,0,146,25,85,189,0,299,190,0,190,489
01/17/2001,SBA,CA,AWP,WE,Towers with Radar,25,77,49,1,152,0,10,139,13,162,25,87,188,14,314,110,0,110,424
01/18/2001,SBA,CA,AWP,WE,Towers with Radar,26,75,63,0,164,0,13,147,2,162,26,88,210,2,326,178,0,178,504
01/19/2001,SBA,CA,AWP,WE,Towers with Radar,26,80,73,1,180,0,9,173,4,186,26,89,246,5,366,152,0,152,518
01/20/2001,SBA,CA,AWP,WE,Towers with Radar,24,73,33,1,131,0,3,208,0,211,24,76,241,1,342,268,0,268,610
01/21/2001,SBA,CA,AWP,WE,Towers with Radar,25,84,58,0,167,0,3,214,2,219,25,87,272,2,386,188,0,188,574
01/22/2001,SBA,CA,AWP,WE,Towers with Radar,25,95,42,4,166,0,11,109,0,120,25,106,151,4,286,178,0,178,464
01/23/2001,SBA,CA,AWP,WE,Towers with Radar,31,92,75,3,201,0,14,102,0,116,31,106,177,3,317,152,0,152,469
01/24/2001,SBA,CA,AWP,WE,Towers with Radar,27,87,46,0,160,0,16,41,0,57,27,103,87,0,217,182,0,182,399
01/25/2001,SBA,CA,AWP,WE,Towers with Radar,27,81,46,4,158,0,15,113,1,129,27,96,159,5,287,148,2,150,437
01/26/2001,SBA,CA,AWP,WE,Towers with Radar,21,84,59,0,164,0,6,27,0,33,21,90,86,0,197,140,0,140,337
01/27/2001,SBA,CA,AWP,WE,Towers with Radar,19,71,66,0,156,0,5,138,0,143,19,76,204,0,299,224,0,224,523
01/28/2001,SBA,CA,AWP,WE,Towers with Radar,25,68,46,0,139,0,8,135,0,143,25,76,181,0,282,204,0,204,486
01/29/2001,SBA,CA,AWP,WE,Towers with Radar,28,79,71,8,186,0,5,96,0,101,28,84,167,8,287,144,0,144,431
01/30/2001,SBA,CA,AWP,WE,Towers with Radar,24,80,42,1,147,0,18,62,0,80,24,98,104,1,227,180,0,180,407
01/31/2001,SBA,CA,AWP,WE,Towers with Radar,26,92,32,4,154,0,26,130,8,164,26,118,162,12,318,266,0,266,584
02/01/2001,SBA,CA,AWP,WE,Towers with Radar,18,80,49,1,148,1,19,147,0,167,19,99,196,1,315,202,0,202,517
02/02/2001,SBA,CA,AWP,WE,Towers with Radar,22,75,83,2,182,1,27,204,1,233,23,102,287,3,415,272,0,272,687
02/03/2001,SBA,CA,AWP,WE,Towers with Radar,20,74,65,3,162,1,17,260,0,278,21,91,325,3,440,206,0,206,646
02/04/2001,SBA,CA,AWP,WE,Towers with Radar,27,88,64,4,183,1,7,331,1,340,28,95,395,5,523,166,0,166,689
02/05/2001,SBA,CA,AWP,WE,Towers with Radar,26,81,52,7,166,1,11,165,1,178,27,92,217,8,344,158,0,158,502
02/06/2001,SBA,CA,AWP,WE,Towers with Radar,29,83,54,2,168,1,18,80,1,100,30,101,134,3,268,142,0,142,410
02/07/2001,SBA,CA,AWP,WE,Towers with Radar,22,78,30,0,130,1,14,74,0,89,23,92,104,0,219,110,0,110,329
02/08/2001,SBA,CA,AWP,WE,Towers with Radar,22,75,64,0,161,1,18,174,0,193,23,93,238,0,354,228,0,228,582
02/09/2001,SBA,CA,AWP,WE,Towers with Radar,24,74,67,3,168,0,4,52,1,57,24,78,119,4,225,126,0,126,351
02/10/2001,SBA,CA,AWP,WE,Towers with Radar,18,77,55,0,150,0,5,43,0,48,18,82,98,0,198,84,0,84,282
02/11/2001,SBA,CA,AWP,WE,Towers with Radar,23,69,55,0,147,0,3,7,0,10,23,72,62,0,157,12,0,12,169
02/12/2001,SBA,CA,AWP,WE,Towers with Radar,24,76,75,1,176,0,5,33,1,39,24,81,108,2,215,118,0,118,333
02/13/2001,SBA,CA,AWP,WE,Towers with Radar,24,71,35,0,130,0,8,5,0,13,24,79,40,0,143,18,0,18,161
02/14/2001,SBA,CA,AWP,WE,Towers with Radar,25,70,47,0,142,0,33,130,0,163,25,103,177,0,305,216,0,216,521
02/15/2001,SBA,CA,AWP,WE,Towers with Radar,22,83,63,0,168,0,17,197,2,216,22,100,260,2,384,62,0,62,446
02/16/2001,SBA,CA,AWP,WE,Towers with Radar,23,84,72,0,179,0,14,162,1,177,23,98,234,1,356,104,0,104,460
02/17/2001,SBA,CA,AWP,WE,Towers with Radar,21,82,65,0,168,0,14,124,0,138,21,96,189,0,306,108,0,108,414
02/18/2001,SBA,CA,AWP,WE,Towers with Radar,33,78,98,1,210,0,8,27,0,35,33,86,125,1,245,136,0,136,381
02/19/2001,SBA,CA,AWP,WE,Towers with Radar,23,80,59,0,162,0,13,10,0,23,23,93,69,0,185,22,0,22,207
02/20/2001,SBA,CA,AWP,WE,Towers with Radar,23,96,80,0,199,0,26,33,0,59,23,122,113,0,258,123,0,123,381
02/21/2001,SBA,CA,AWP,WE,Towers with Radar,26,74,56,1,157,0,22,145,0,167,26,96,201,1,324,102,0,102,426
02/22/2001,SBA,CA,AWP,WE,Towers with Radar,23,86,62,0,171,0,12,64,3,79,23,98,126,3,250,88,0,88,338
02/23/2001,SBA,CA,AWP,WE,Towers with Radar,23,88,66,1,178,0,6,78,12,96,23,94,144,13,274,108,0,108,382
02/24/2001,SBA,CA,AWP,WE,Towers with Radar,20,72,40,0,132,0,0,2,0,2,20,72,42,0,134,18,0,18,152
02/25/2001,SBA,CA,AWP,WE,Towers with Radar,27,70,60,0,157,0,2,34,1,37,27,72,94,1,194,98,0,98,292
02/26/2001,SBA,CA,AWP,WE,Towers with Radar,25,95,72,1,193,0,12,77,4,93,25,107,149,5,286,100,0,100,386
02/27/2001,SBA,CA,AWP,WE,Towers with Radar,26,101,71,0,198,0,21,39,0,60,26,122,110,0,258,174,0,174,432
02/28/2001,SBA,CA,AWP,WE,Towers with Radar,22,84,54,0,160,0,20,31,1,52,22,104,85,1,212,144,0,144,356
03/01/2001,SBA,CA,AWP,WE,Towers with Radar,23,82,85,2,192,1,20,156,3,180,24,102,241,5,372,146,0,146,518
03/02/2001,SBA,CA,AWP,WE,Towers with Radar,20,79,63,1,163,1,9,73,1,84,21,88,136,2,247,118,0,118,365
03/03/2001,SBA,CA,AWP,WE,Towers with Radar,18,86,58,2,164,1,7,85,0,93,19,93,143,2,257,210,0,210,467
03/04/2001,SBA,CA,AWP,WE,Towers with Radar,21,73,43,1,138,1,0,0,0,1,22,73,43,1,139,0,0,0,139
03/05/2001,SBA,CA,AWP,WE,Towers with Radar,19,72,50,3,144,1,0,0,1,2,20,72,50,4,146,0,0,0,146
03/06/2001,SBA,CA,AWP,WE,Towers with Radar,24,84,70,2,180,1,11,30,7,49,25,95,100,9,229,74,8,82,311
03/07/2001,SBA,CA,AWP,WE,Towers with Radar,25,88,81,10,204,1,19,137,0,157,26,107,218,10,361,240,0,240,601
03/08/2001,SBA,CA,AWP,WE,Towers with Radar,22,99,99,1,221,0,0,45,1,46,22,99,144,2,267,170,0,170,437
03/09/2001,SBA,CA,AWP,WE,Towers with Radar,28,83,90,1,202,0,2,66,1,69,28,85,156,2,271,152,0,152,423
03/10/2001,SBA,CA,AWP,WE,Towers with Radar,23,72,69,1,165,0,4,152,1,157,23,76,221,2,322,208,0,208,530
03/11/2001,SBA,CA,AWP,WE,Towers with Radar,26,94,122,0,242,0,4,144,0,148,26,98,266,0,390,284,0,284,674
03/12/2001,SBA,CA,AWP,WE,Towers with Radar,27,89,53,2,171,0,5,154,1,160,27,94,207,3,331,114,0,114,445
03/13/2001,SBA,CA,AWP,WE,Towers with Radar,24,90,81,1,196,0,21,202,0,223,24,111,283,1,419,216,0,216,635
03/14/2001,SBA,CA,AWP,WE,Towers with Radar,27,87,82,0,196,0,19,108,2,129,27,106,190,2,325,112,0,112,437
03/15/2001,SBA,CA,AWP,WE,Towers with Radar,25,90,95,3,213,0,9,95,1,105,25,99,190,4,318,132,0,132,450
03/16/2001,SBA,CA,AWP,WE,Towers with Radar,26,76,59,0,161,0,8,129,4,141,26,84,188,4,302,78,2,80,382
03/17/2001,SBA,CA,AWP,WE,Towers with Radar,23,73,44,0,140,0,11,251,0,262,23,84,295,0,402,188,0,188,590
03/18/2001,SBA,CA,AWP,WE,Towers with Radar,23,84,94,0,201,0,9,312,0,321,23,93,406,0,522,192,0,192,714
03/19/2001,SBA,CA,AWP,WE,Towers with Radar,27,90,45,1,163,0,8,156,0,164,27,98,201,1,327,276,0,276,603
03/20/2001,SBA,CA,AWP,WE,Towers with Radar,26,79,119,0,224,0,2,68,0,70,26,81,187,0,294,162,0,162,456
03/21/2001,SBA,CA,AWP,WE,Towers with Radar,26,89,110,0,225,0,1,4,0,5,26,90,114,0,230,14,0,14,244
03/22/2001,SBA,CA,AWP,WE,Towers with Radar,24,100,93,2,219,0,15,67,0,82,24,115,160,2,301,296,0,296,597
03/23/2001,SBA,CA,AWP,WE,Towers with Radar,27,82,92,2,203,0,16,74,0,90,27,98,166,2,293,204,0,204,497
03/24/2001,SBA,CA,AWP,WE,Towers with Radar,23,73,60,2,158,0,5,110,2,117,23,78,170,4,275,174,2,176,451
03/25/2001,SBA,CA,AWP,WE,Towers with Radar,24,77,82,1,184,0,5,135,0,140,24,82,217,1,324,178,0,178,502
03/26/2001,SBA,CA,AWP,WE,Towers with Radar,27,88,41,0,156,0,12,117,0,129,27,100,158,0,285,148,0,148,433
03/27/2001,SBA,CA,AWP,WE,Towers with Radar,25,87,83,1,196,0,46,118,1,165,25,133,201,2,361,294,0,294,655
03/28/2001,SBA,CA,AWP,WE,Towers with Radar,24,79,45,0,148,0,19,110,0,129,24,98,155,0,277,116,0,116,393
03/29/2001,SBA,CA,AWP,WE,Towers with Radar,22,74,70,1,167,2,22,120,5,149,24,96,190,6,316,218,4,222,538
03/30/2001,SBA,CA,AWP,WE,Towers with Radar,27,87,137,0,251,0,8,30,0,38,27,95,167,0,289,70,0,70,359
03/31/2001,SBA,CA,AWP,WE,Towers with Radar,21,78,130,0,229,0,2,0,1,3,21,80,130,1,232,46,0,46,278
04/01/2001,SBA,CA,AWP,WE,Towers with Radar,24,77,109,0,210,1,3,6,0,10,25,80,115,0,220,4,0,4,224
04/02/2001,SBA,CA,AWP,WE,Towers with Radar,24,73,47,1,145,1,12,92,1,106,25,85,139,2,251,146,0,146,397
04/03/2001,SBA,CA,AWP,WE,Towers with Radar,21,78,51,1,151,1,13,95,1,110,22,91,146,2,261,248,0,248,509
04/04/2001,SBA,CA,AWP,WE,Towers with Radar,29,92,38,1,160,1,11,80,0,92,30,103,118,1,252,228,0,228,480
04/05/2001,SBA,CA,AWP,WE,Towers with Radar,24,76,46,1,147,1,8,105,2,116,25,84,151,3,263,165,0,165,428
04/06/2001,SBA,CA,AWP,WE,Towers with Radar,24,81,61,0,166,1,8,54,0,63,25,89,115,0,229,68,0,68,297
04/07/2001,SBA,CA,AWP,WE,Towers with Radar,17,79,60,0,156,1,1,48,0,50,18,80,108,0,206,134,0,134,340
04/08/2001,SBA,CA,AWP,WE,Towers with Radar,27,82,54,0,163,1,12,188,2,203,28,94,242,2,366,112,0,112,478
04/09/2001,SBA,CA,AWP,WE,Towers with Radar,29,89,48,15,181,0,5,80,2,87,29,94,128,17,268,46,0,46,314
04/10/2001,SBA,CA,AWP,WE,Towers with Radar,33,83,47,3,166,0,58,105,0,163,33,141,152,3,329,178,0,178,507
04/11/2001,SBA,CA,AWP,WE,Towers with Radar,14,80,57,1,152,0,15,70,1,86,14,95,127,2,238,192,0,192,430
04/12/2001,SBA,CA,AWP,WE,Towers with Radar,27,86,77,0,190,0,18,152,0,170,27,104,229,0,360,376,0,376,736
04/13/2001,SBA,CA,AWP,WE,Towers with Radar,25,95,55,0,175,0,18,184,0,202,25,113,239,0,377,164,0,164,541
04/14/2001,SBA,CA,AWP,WE,Towers with Radar,17,73,60,0,150,0,3,229,0,232,17,76,289,0,382,188,0,188,570
04/15/2001,SBA,CA,AWP,WE,Towers with Radar,23,84,52,0,159,0,1,224,0,225,23,85,276,0,384,280,0,280,664
04/16/2001,SBA,CA,AWP,WE,Towers with Radar,25,91,75,0,191,0,24,162,0,186,25,115,237,0,377,156,0,156,533
04/17/2001,SBA,CA,AWP,WE,Towers with Radar,25,84,59,8,176,0,19,179,2,200,25,103,238,10,376,324,0,324,700
04/18/2001,SBA,CA,AWP,WE,Towers with Radar,29,83,52,3,167,0,25,133,1,159,29,108,185,4,326,174,0,174,500
04/19/2001,SBA,CA,AWP,WE,Towers with Radar,26,89,82,2,199,0,0,77,0,77,26,89,159,2,276,172,0,172,448
04/20/2001,SBA,CA,AWP,WE,Towers with Radar,22,83,97,0,202,0,11,50,0,61,22,94,147,0,263,138,0,138,401
04/21/2001,SBA,CA,AWP,WE,Towers with Radar,22,77,46,0,145,0,7,81,0,88,22,84,127,0,233,128,0,128,361
04/22/2001,SBA,CA,AWP,WE,Towers with Radar,24,78,66,0,168,0,5,234,0,239,24,83,300,0,407,210,0,210,617
04/23/2001,SBA,CA,AWP,WE,Towers with Radar,24,77,79,0,180,0,24,148,0,172,24,101,227,0,352,152,0,152,504
04/24/2001,SBA,CA,AWP,WE,Towers with Radar,22,83,47,1,153,0,23,205,0,228,22,106,252,1,381,220,0,220,601
04/25/2001,SBA,CA,AWP,WE,Towers with Radar,25,84,68,1,178,1,7,165,9,182,26,91,233,10,360,152,0,152,512
04/26/2001,SBA,CA,AWP,WE,Towers with Radar,24,79,79,3,185,0,3,13,4,20,24,82,92,7,205,0,0,0,205
04/27/2001,SBA,CA,AWP,WE,Towers with Radar,19,80,124,0,223,0,10,50,0,60,19,90,174,0,283,32,0,32,315
04/28/2001,SBA,CA,AWP,WE,Towers with Radar,22,76,99,1,198,0,7,44,0,51,22,83,143,1,249,102,0,102,351
04/29/2001,SBA,CA,AWP,WE,Towers with Radar,24,74,100,0,198,0,3,131,0,134,24,77,231,0,332,192,0,192,524
04/30/2001,SBA,CA,AWP,WE,Towers with Radar,27,84,52,4,167,0,11,145,0,156,27,95,197,4,323,204,0,204,527
05/01/2001,SBA,CA,AWP,WE,Towers with Radar,24,75,111,5,215,0,5,1,0,6,24,80,112,5,221,4,0,4,225
05/02/2001,SBA,CA,AWP,WE,Towers with Radar,32,93,87,0,212,0,19,99,1,119,32,112,186,1,331,250,0,250,581
05/03/2001,SBA,CA,AWP,WE,Towers with Radar,28,76,58,0,162,0,27,129,0,156,28,103,187,0,318,114,0,114,432
05/04/2001,SBA,CA,AWP,WE,Towers with Radar,25,82,66,1,174,0,7,217,0,224,25,89,283,1,398,212,0,212,610
05/05/2001,SBA,CA,AWP,WE,Towers with Radar,18,61,64,0,143,5,22,237,6,270,23,83,301,6,413,222,0,222,635
05/06/2001,SBA,CA,AWP,WE,Towers with Radar,23,84,83,0,190,0,3,254,0,257,23,87,337,0,447,182,0,182,629
05/07/2001,SBA,CA,AWP,WE,Towers with Radar,22,94,42,1,159,0,5,116,0,121,22,99,158,1,280,98,0,98,378
05/08/2001,SBA,CA,AWP,WE,Towers with Radar,27,91,63,0,181,0,5,80,0,85,27,96,143,0,266,88,0,88,354
05/09/2001,SBA,CA,AWP,WE,Towers with Radar,24,83,69,0,176,0,11,115,0,126,24,94,184,0,302,140,0,140,442
05/10/2001,SBA,CA,AWP,WE,Towers with Radar,26,89,97,0,212,0,0,28,0,28,26,89,125,0,240,8,0,8,248
05/11/2001,SBA,CA,AWP,WE,Towers with Radar,23,102,133,0,258,0,0,8,0,8,23,102,141,0,266,0,0,0,266
05/12/2001,SBA,CA,AWP,WE,Towers with Radar,22,74,79,0,175,0,1,22,0,23,22,75,101,0,198,86,0,86,284
05/13/2001,SBA,CA,AWP,WE,Towers with Radar,23,79,100,0,202,0,1,35,0,36,23,80,135,0,238,170,0,170,408
05/14/2001,SBA,CA,AWP,WE,Towers with Radar,22,96,78,4,200,6,25,135,1,167,28,121,213,5,367,182,0,182,549
05/15/2001,SBA,CA,AWP,WE,Towers with Radar,25,82,76,0,183,0,12,44,0,56,25,94,120,0,239,124,0,124,363
05/16/2001,SBA,CA,AWP,WE,Towers with Radar,26,99,157,5,287,0,0,1,0,1,26,99,158,5,288,0,0,0,288
05/17/2001,SBA,CA,AWP,WE,Towers with Radar,27,95,89,2,213,0,0,14,0,14,27,95,103,2,227,14,0,14,241
05/18/2001,SBA,CA,AWP,WE,Towers with Radar,24,99,117,2,242,0,6,17,1,24,24,105,134,3,266,126,0,126,392
05/19/2001,SBA,CA,AWP,WE,Towers with Radar,18,79,102,3,202,0,1,57,2,60,18,80,159,5,262,224,0,224,486
05/20/2001,SBA,CA,AWP,WE,Towers with Radar,23,85,141,0,249,0,5,15,0,20,23,90,156,0,269,42,0,42,311
05/21/2001,SBA,CA,AWP,WE,Towers with Radar,28,92,94,2,216,0,0,0,0,0,28,92,94,2,216,0,0,0,216
05/22/2001,SBA,CA,AWP,WE,Towers with Radar,23,84,93,0,200,0,10,29,0,39,23,94,122,0,239,80,0,80,319
05/23/2001,SBA,CA,AWP,WE,Towers with Radar,25,84,61,2,172,0,17,111,2,130,25,101,172,4,302,210,0,210,512
05/24/2001,SBA,CA,AWP,WE,Towers with Radar,23,82,111,0,216,0,4,5,0,9,23,86,116,0,225,14,0,14,239
05/25/2001,SBA,CA,AWP,WE,Towers with Radar,24,89,152,0,265,0,3,4,1,8,24,92,156,1,273,16,0,16,289
05/26/2001,SBA,CA,AWP,WE,Towers with Radar,16,74,114,0,204,0,1,0,0,1,16,75,114,0,205,0,0,0,205
05/27/2001,SBA,CA,AWP,WE,Towers with Radar,15,75,91,0,181,0,12,18,0,30,15,87,109,0,211,126,0,126,337
05/28/2001,SBA,CA,AWP,WE,Towers with Radar,19,94,71,3,187,0,13,150,0,163,19,107,221,3,350,224,0,224,574
05/29/2001,SBA,CA,AWP,WE,Towers with Radar,24,74,57,0,155,0,13,141,2,156,24,87,198,2,311,169,0,169,480
05/30/2001,SBA,CA,AWP,WE,Towers with Radar,24,77,59,4,164,0,22,185,0,207,24,99,244,4,371,326,0,326,697
05/31/2001,SBA,CA,AWP,WE,Towers with Radar,27,79,75,1,182,0,9,64,0,73,27,88,139,1,255,26,0,26,281
06/01/2001,SBA,CA,AWP,WE,Towers with Radar,23,80,132,0,235,0,4,12,0,16,23,84,144,0,251,134,0,134,385
06/02/2001,SBA,CA,AWP,WE,Towers with Radar,19,72,84,0,175,0,7,37,1,45,19,79,121,1,220,88,0,88,308
06/03/2001,SBA,CA,AWP,WE,Towers with Radar,19,90,83,0,192,0,4,137,0,141,19,94,220,0,333,90,0,90,423
06/04/2001,SBA,CA,AWP,WE,Towers with Radar,20,87,71,2,180,0,15,95,0,110,20,102,166,2,290,163,0,163,453
06/05/2001,SBA,CA,AWP,WE,Towers with Radar,25,80,75,1,181,0,16,118,1,135,25,96,193,2,316,308,0,308,624
06/06/2001,SBA,CA,AWP,WE,Towers with Radar,26,97,65,0,188,0,25,131,0,156,26,122,196,0,344,354,0,354,698
06/07/2001,SBA,CA,AWP,WE,Towers with Radar,27,95,150,3,275,0,1,0,0,1,27,96,150,3,276,1,0,1,277
06/08/2001,SBA,CA,AWP,WE,Towers with Radar,25,94,89,0,208,0,0,51,0,51,25,94,140,0,259,64,0,64,323
06/09/2001,SBA,CA,AWP,WE,Towers with Radar,20,70,73,0,163,0,4,92,0,96,20,74,165,0,259,116,0,116,375
06/10/2001,SBA,CA,AWP,WE,Towers with Radar,27,80,66,0,173,0,10,173,0,183,27,90,239,0,356,200,0,200,556
06/11/2001,SBA,CA,AWP,WE,Towers with Radar,24,77,64,9,174,0,11,123,0,134,24,88,187,9,308,136,0,136,444
06/12/2001,SBA,CA,AWP,WE,Towers with Radar,23,95,94,4,216,0,21,131,1,153,23,116,225,5,369,294,0,294,663
06/13/2001,SBA,CA,AWP,WE,Towers with Radar,23,87,45,2,157,0,34,122,0,156,23,121,167,2,313,268,0,268,581
06/14/2001,SBA,CA,AWP,WE,Towers with Radar,24,89,55,1,169,0,26,223,1,250,24,115,278,2,419,316,0,316,735
06/15/2001,SBA,CA,AWP,WE,Towers with Radar,23,85,60,3,171,0,17,191,6,214,23,102,251,9,385,318,0,318,703
06/16/2001,SBA,CA,AWP,WE,Towers with Radar,23,74,55,0,152,0,4,173,0,177,23,78,228,0,329,138,0,138,467
06/17/2001,SBA,CA,AWP,WE,Towers with Radar,24,74,64,0,162,0,3,164,1,168,24,77,228,1,330,90,0,90,420
06/18/2001,SBA,CA,AWP,WE,Towers with Radar,26,77,78,1,182,0,10,150,3,163,26,87,228,4,345,258,0,258,603
06/19/2001,SBA,CA,AWP,WE,Towers with Radar,28,86,72,1,187,0,23,150,0,173,28,109,222,1,360,206,0,206,566
06/20/2001,SBA,CA,AWP,WE,Towers with Radar,27,81,69,0,177,3,20,119,1,143,30,101,188,1,320,216,0,216,536
06/21/2001,SBA,CA,AWP,WE,Towers with Radar,21,74,58,0,153,0,6,83,3,92,21,80,141,3,245,16,0,16,261
06/22/2001,SBA,CA,AWP,WE,Towers with Radar,21,78,73,3,175,0,7,142,2,151,21,85,215,5,326,186,0,186,512
06/23/2001,SBA,CA,AWP,WE,Towers with Radar,19,77,76,0,172,0,4,135,0,139,19,81,211,0,311,108,0,108,419
06/24/2001,SBA,CA,AWP,WE,Towers with Radar,26,82,74,0,182,0,4,268,5,277,26,86,342,5,459,224,0,224,683
06/25/2001,SBA,CA,AWP,WE,Towers with Radar,23,94,79,3,199,1,32,171,1,205,24,126,250,4,404,116,0,116,520
06/26/2001,SBA,CA,AWP,WE,Towers with Radar,22,91,109,5,227,0,21,92,3,116,22,112,201,8,343,192,0,192,535
06/27/2001,SBA,CA,AWP,WE,Towers with Radar,19,66,61,1,147,2,48,172,1,223,21,114,233,2,370,210,0,210,580
06/28/2001,SBA,CA,AWP,WE,Towers with Radar,28,84,61,5,178,0,16,151,7,174,28,100,212,12,352,227,0,227,579
06/29/2001,SBA,CA,AWP,WE,Towers with Radar,20,88,49,0,157,0,30,213,2,245,20,118,262,2,402,234,0,234,636
06/30/2001,SBA,CA,AWP,WE,Towers with Radar,21,77,100,1,199,0,4,114,1,119,21,81,214,2,318,60,0,60,378
07/01/2001,SBA,CA,AWP,WE,Towers with Radar,26,71,71,1,169,0,6,167,0,173,26,77,238,1,342,116,0,116,458
07/02/2001,SBA,CA,AWP,WE,Towers with Radar,25,89,61,6,181,1,15,115,2,133,26,104,176,8,314,96,0,96,410
07/03/2001,SBA,CA,AWP,WE,Towers with Radar,22,103,47,2,174,0,15,163,7,185,22,118,210,9,359,266,0,266,625
07/04/2001,SBA,CA,AWP,WE,Towers with Radar,27,71,45,0,143,0,15,140,0,155,27,86,185,0,298,158,0,158,456
07/05/2001,SBA,CA,AWP,WE,Towers with Radar,27,73,53,0,153,0,14,141,0,155,27,87,194,0,308,92,0,92,400
07/06/2001,SBA,CA,AWP,WE,Towers with Radar,26,87,78,0,191,0,8,65,0,73,26,95,143,0,264,182,0,182,446
07/07/2001,SBA,CA,AWP,WE,Towers with Radar,22,80,72,0,174,1,1,107,0,109,23,81,179,0,283,108,0,108,391
07/08/2001,SBA,CA,AWP,WE,Towers with Radar,26,72,72,0,170,0,4,188,1,193,26,76,260,1,363,90,0,90,453
07/09/2001,SBA,CA,AWP,WE,Towers with Radar,22,68,62,0,152,6,19,112,0,137,28,87,174,0,289,198,0,198,487
07/10/2001,SBA,CA,AWP,WE,Towers with Radar,26,94,74,0,194,0,16,142,1,159,26,110,216,1,353,156,0,156,509
07/11/2001,SBA,CA,AWP,WE,Towers with Radar,36,88,91,2,217,0,15,142,2,159,36,103,233,4,376,161,8,169,545
07/12/2001,SBA,CA,AWP,WE,Towers with Radar,25,86,60,11,182,3,15,205,4,227,28,101,265,15,409,230,0,230,639
07/13/2001,SBA,CA,AWP,WE,Towers with Radar,29,81,59,4,173,0,6,200,3,209,29,87,259,7,382,314,0,314,696
07/14/2001,SBA,CA,AWP,WE,Towers with Radar,22,73,106,1,202,0,4,116,0,120,22,77,222,1,322,172,0,172,494
07/15/2001,SBA,CA,AWP,WE,Towers with Radar,27,68,91,0,186,0,5,75,0,80,27,73,166,0,266,72,0,72,338
07/16/2001,SBA,CA,AWP,WE,Towers with Radar,22,76,64,0,162,0,9,77,0,86,22,85,141,0,248,248,0,248,496
07/17/2001,SBA,CA,AWP,WE,Towers with Radar,28,90,85,1,204,0,24,146,2,172,28,114,231,3,376,156,0,156,532
07/18/2001,SBA,CA,AWP,WE,Towers with Radar,24,91,47,2,164,0,22,140,4,166,24,113,187,6,330,408,0,408,738
07/19/2001,SBA,CA,AWP,WE,Towers with Radar,30,81,91,0,202,1,15,176,4,196,31,96,267,4,398,276,0,276,674
07/20/2001,SBA,CA,AWP,WE,Towers with Radar,24,78,110,0,212,0,14,164,2,180,24,92,274,2,392,194,0,194,586
07/21/2001,SBA,CA,AWP,WE,Towers with Radar,21,74,72,0,167,0,9,196,1,206,21,83,268,1,373,126,0,126,499
07/22/2001,SBA,CA,AWP,WE,Towers with Radar,23,84,57,0,164,0,6,217,0,223,23,90,274,0,387,142,2,144,531
07/23/2001,SBA,CA,AWP,WE,Towers with Radar,22,92,68,2,184,0,22,95,0,117,22,114,163,2,301,152,0,152,453
07/24/2001,SBA,CA,AWP,WE,Towers with Radar,27,79,102,1,209,0,13,75,2,90,27,92,177,3,299,158,2,160,459
07/25/2001,SBA,CA,AWP,WE,Towers with Radar,27,100,83,0,210,0,3,61,1,65,27,103,144,1,275,108,0,108,383
07/26/2001,SBA,CA,AWP,WE,Towers with Radar,27,82,112,7,228,0,6,64,2,72,27,88,176,9,300,98,0,98,398
07/27/2001,SBA,CA,AWP,WE,Towers with Radar,27,87,94,0,208,0,9,86,3,98,27,96,180,3,306,56,0,56,362
07/28/2001,SBA,CA,AWP,WE,Towers with Radar,25,68,81,0,174,0,6,95,1,102,25,74,176,1,276,82,0,82,358
07/29/2001,SBA,CA,AWP,WE,Towers with Radar,27,75,103,0,205,0,3,76,0,79,27,78,179,0,284,88,0,88,372
07/30/2001,SBA,CA,AWP,WE,Towers with Radar,25,83,81,0,189,0,5,70,3,78,25,88,151,3,267,146,0,146,413
07/31/2001,SBA,CA,AWP,WE,Towers with Radar,28,87,79,8,202,0,11,61,0,72,28,98,140,8,274,96,0,96,370
08/01/2001,SBA,CA,AWP,WE,Towers with Radar,26,93,82,2,203,0,14,103,0,117,26,107,185,2,320,120,0,120,440
08/02/2001,SBA,CA,AWP,WE,Towers with Radar,24,82,113,1,220,0,3,85,0,88,24,85,198,1,308,106,0,106,414
08/03/2001,SBA,CA,AWP,WE,Towers with Radar,25,80,85,12,202,0,9,67,0,76,25,89,152,12,278,84,0,84,362
08/04/2001,SBA,CA,AWP,WE,Towers with Radar,22,69,67,0,158,0,5,123,0,128,22,74,190,0,286,56,0,56,342
08/05/2001,SBA,CA,AWP,WE,Towers with Radar,23,77,83,1,184,0,2,195,2,199,23,79,278,3,383,158,0,158,541
08/06/2001,SBA,CA,AWP,WE,Towers with Radar,29,72,84,5,190,0,13,150,2,165,29,85,234,7,355,192,0,192,547
08/07/2001,SBA,CA,AWP,WE,Towers with Radar,28,80,59,0,167,0,13,148,0,161,28,93,207,0,328,140,0,140,468
08/08/2001,SBA,CA,AWP,WE,Towers with Radar,27,82,110,0,219,0,7,58,0,65,27,89,168,0,284,0,0,0,284
08/09/2001,SBA,CA,AWP,WE,Towers with Radar,28,84,96,7,215,0,16,106,1,123,28,100,202,8,338,182,0,182,520
08/10/2001,SBA,CA,AWP,WE,Towers with Radar,26,92,95,3,216,0,2,138,7,147,26,94,233,10,363,90,0,90,453
08/11/2001,SBA,CA,AWP,WE,Towers with Radar,23,81,77,0,181,0,14,266,1,281,23,95,343,1,462,200,0,200,662
08/12/2001,SBA,CA,AWP,WE,Towers with Radar,24,79,68,0,171,1,7,227,5,240,25,86,295,5,411,186,0,186,597
08/13/2001,SBA,CA,AWP,WE,Towers with Radar,24,77,54,3,158,0,13,136,3,152,24,90,190,6,310,158,0,158,468
08/14/2001,SBA,CA,AWP,WE,Towers with Radar,28,89,88,3,208,0,19,151,2,172,28,108,239,5,380,222,0,222,602
08/15/2001,SBA,CA,AWP,WE,Towers with Radar,33,84,71,1,189,0,1,115,1,117,33,85,186,2,306,188,0,188,494
08/16/2001,SBA,CA,AWP,WE,Towers with Radar,29,87,80,4,200,8,26,141,2,177,37,113,221,6,377,46,0,46,423
08/17/2001,SBA,CA,AWP,WE,Towers with Radar,27,88,112,1,228,0,9,137,0,146,27,97,249,1,374,86,0,86,460
08/18/2001,SBA,CA,AWP,WE,Towers with Radar,19,57,58,0,134,2,7,206,0,215,21,64,264,0,349,170,0,170,519
08/19/2001,SBA,CA,AWP,WE,Towers with Radar,22,75,63,1,161,0,5,259,0,264,22,80,322,1,425,198,0,198,623
08/20/2001,SBA,CA,AWP,WE,Towers with Radar,25,80,70,1,176,0,4,64,0,68,25,84,134,1,244,112,0,112,356
08/21/2001,SBA,CA,AWP,WE,Towers with Radar,27,92,76,0,195,0,18,101,0,119,27,110,177,0,314,127,0,127,441
08/22/2001,SBA,CA,AWP,WE,Towers with Radar,26,82,86,0,194,0,24,133,6,163,26,106,219,6,357,0,284,284,641
08/23/2001,SBA,CA,AWP,WE,Towers with Radar,24,89,80,6,199,0,9,180,1,190,24,98,260,7,389,258,0,258,647
08/24/2001,SBA,CA,AWP,WE,Towers with Radar,27,57,59,1,144,0,17,206,2,225,27,74,265,3,369,218,0,218,587
08/25/2001,SBA,CA,AWP,WE,Towers with Radar,25,80,52,0,157,0,5,204,3,212,25,85,256,3,369,240,0,240,609
08/26/2001,SBA,CA,AWP,WE,Towers with Radar,25,75,82,0,182,0,5,160,2,167,25,80,242,2,349,140,0,140,489
08/27/2001,SBA,CA,AWP,WE,Towers with Radar,23,69,70,1,163,7,11,67,5,90,30,80,137,6,253,72,0,72,325
08/28/2001,SBA,CA,AWP,WE,Towers with Radar,25,64,114,0,203,0,6,35,0,41,25,70,149,0,244,14,0,14,258
08/29/2001,SBA,CA,AWP,WE,Towers with Radar,32,101,128,13,274,0,17,32,0,49,32,118,160,13,323,168,0,168,491
08/30/2001,SBA,CA,AWP,WE,Towers with Radar,26,85,87,2,200,0,12,63,2,77,26,97,150,4,277,144,0,144,421
08/31/2001,SBA,CA,AWP,WE,Towers with Radar,27,89,110,2,228,0,11,103,10,124,27,100,213,12,352,2,0,2,354
09/01/2001,SBA,CA,AWP,WE,Towers with Radar,21,86,75,0,182,0,7,172,0,179,21,93,247,0,361,136,0,136,497
09/02/2001,SBA,CA,AWP,WE,Towers with Radar,18,58,58,0,134,0,12,130,0,142,18,70,188,0,276,142,0,142,418
09/03/2001,SBA,CA,AWP,WE,Towers with Radar,24,68,120,3,215,0,3,108,4,115,24,71,228,7,330,216,0,216,546
09/04/2001,SBA,CA,AWP,WE,Towers with Radar,30,99,90,0,219,0,15,66,0,81,30,114,156,0,300,94,0,94,394
09/05/2001,SBA,CA,AWP,WE,Towers with Radar,27,100,72,1,200,0,22,120,10,152,27,122,192,11,352,174,0,174,526
09/06/2001,SBA,CA,AWP,WE,Towers with Radar,25,87,89,1,202,4,19,74,4,101,29,106,163,5,303,170,0,170,473
09/07/2001,SBA,CA,AWP,WE,Towers with Radar,23,89,114,0,226,0,2,52,0,54,23,91,166,0,280,150,0,150,430
09/08/2001,SBA,CA,AWP,WE,Towers with Radar,25,82,106,0,213,0,8,6,0,14,25,90,112,0,227,104,0,104,331
09/09/2001,SBA,CA,AWP,WE,Towers with Radar,28,84,95,0,207,0,1,77,0,78,28,85,172,0,285,114,0,114,399
09/10/2001,SBA,CA,AWP,WE,Towers with Radar,28,75,41,2,146,0,18,91,0,109,28,93,132,2,255,134,0,134,389
09/11/2001,SBA,CA,AWP,WE,Towers with Radar,2,2,2,0,6,0,0,5,0,5,2,2,7,0,11,0,0,0,11
09/12/2001,SBA,CA,AWP,WE,Towers with Radar,0,2,0,0,2,0,0,0,0,0,0,2,0,0,2,0,0,0,2
09/13/2001,SBA,CA,AWP,WE,Towers with Radar,3,35,0,2,40,0,0,0,0,0,3,35,0,2,40,0,0,0,40
09/14/2001,SBA,CA,AWP,WE,Towers with Radar,14,75,30,0,119,0,3,2,0,5,14,78,32,0,124,0,0,0,124
09/15/2001,SBA,CA,AWP,WE,Towers with Radar,16,76,91,0,183,1,48,1,0,50,17,124,92,0,233,0,0,0,233
09/16/2001,SBA,CA,AWP,WE,Towers with Radar,19,84,106,0,209,0,9,1,0,10,19,93,107,0,219,0,0,0,219
09/17/2001,SBA,CA,AWP,WE,Towers with Radar,18,75,81,4,178,0,3,2,3,8,18,78,83,7,186,0,0,0,186
09/18/2001,SBA,CA,AWP,WE,Towers with Radar,17,97,78,3,195,0,8,2,0,10,17,105,80,3,205,0,0,0,205
09/19/2001,SBA,CA,AWP,WE,Towers with Radar,25,93,117,3,238,0,0,1,0,1,25,93,118,3,239,0,0,0,239
09/20/2001,SBA,CA,AWP,WE,Towers with Radar,24,115,137,3,279,0,4,5,0,9,24,119,142,3,288,0,0,0,288
09/21/2001,SBA,CA,AWP,WE,Towers with Radar,25,83,128,2,238,0,1,52,0,53,25,84,180,2,291,48,0,48,339
09/22/2001,SBA,CA,AWP,WE,Towers with Radar,18,80,123,0,221,0,0,84,0,84,18,80,207,0,305,66,0,66,371
09/23/2001,SBA,CA,AWP,WE,Towers with Radar,23,67,111,1,202,0,10,94,0,104,23,77,205,1,306,148,0,148,454
09/24/2001,SBA,CA,AWP,WE,Towers with Radar,27,73,55,3,158,0,16,44,0,60,27,89,99,3,218,142,0,142,360
09/25/2001,SBA,CA,AWP,WE,Towers with Radar,33,85,77,3,198,0,14,100,0,114,33,99,177,3,312,142,0,142,454
09/26/2001,SBA,CA,AWP,WE,Towers with Radar,26,91,72,1,190,0,27,139,0,166,26,118,211,1,356,188,0,188,544
09/27/2001,SBA,CA,AWP,WE,Towers with Radar,29,85,70,5,189,0,17,106,0,123,29,102,176,5,312,162,0,162,474
09/28/2001,SBA,CA,AWP,WE,Towers with Radar,26,79,55,3,163,0,14,116,0,130,26,93,171,3,293,246,0,246,539
09/29/2001,SBA,CA,AWP,WE,Towers with Radar,24,62,70,0,156,0,16,175,0,191,24,78,245,0,347,380,0,380,727
09/30/2001,SBA,CA,AWP,WE,Towers with Radar,25,73,97,2,197,0,5,198,0,203,25,78,295,2,400,138,0,138,538
10/01/2001,SBA,CA,AWP,WE,Towers with Radar,25,67,55,0,147,1,17,73,0,91,26,84,128,0,238,182,0,182,420
10/02/2001,SBA,CA,AWP,WE,Towers with Radar,23,65,76,0,164,1,9,65,1,76,24,74,141,1,240,252,0,252,492
10/03/2001,SBA,CA,AWP,WE,Towers with Radar,27,84,73,1,185,1,15,70,9,95,28,99,143,10,280,156,0,156,436
10/04/2001,SBA,CA,AWP,WE,Towers with Radar,25,76,101,3,205,0,7,39,0,46,25,83,140,3,251,144,0,144,395
10/05/2001,SBA,CA,AWP,WE,Towers with Radar,25,69,137,3,234,0,9,34,0,43,25,78,171,3,277,132,0,132,409
10/06/2001,SBA,CA,AWP,WE,Towers with Radar,20,68,90,0,178,0,10,65,0,75,20,78,155,0,253,344,0,344,597
10/07/2001,SBA,CA,AWP,WE,Towers with Radar,21,64,79,0,164,0,5,153,0,158,21,69,232,0,322,102,0,102,424
10/08/2001,SBA,CA,AWP,WE,Towers with Radar,23,69,64,0,156,0,7,35,0,42,23,76,99,0,198,106,0,106,304
10/09/2001,SBA,CA,AWP,WE,Towers with Radar,27,76,70,5,178,0,14,61,0,75,27,90,131,5,253,276,0,276,529
10/10/2001,SBA,CA,AWP,WE,Towers with Radar,20,78,73,1,172,0,19,68,0,87,20,97,141,1,259,156,0,156,415
10/11/2001,SBA,CA,AWP,WE,Towers with Radar,27,74,110,3,214,0,19,79,1,99,27,93,189,4,313,178,0,178,491
10/12/2001,SBA,CA,AWP,WE,Towers with Radar,24,101,124,3,252,0,20,154,0,174,24,121,278,3,426,170,0,170,596
10/13/2001,SBA,CA,AWP,WE,Towers with Radar,24,68,81,0,173,0,9,170,1,180,24,77,251,1,353,278,0,278,631
10/14/2001,SBA,CA,AWP,WE,Towers with Radar,20,77,120,0,217,0,3,184,1,188,20,80,304,1,405,182,0,182,587
10/15/2001,SBA,CA,AWP,WE,Towers with Radar,23,73,80,0,176,0,4,77,1,82,23,77,157,1,258,204,0,204,462
10/16/2001,SBA,CA,AWP,WE,Towers with Radar,24,77,76,0,177,0,12,58,0,70,24,89,134,0,247,152,0,152,399
10/17/2001,SBA,CA,AWP,WE,Towers with Radar,44,73,77,0,194,0,16,95,0,111,44,89,172,0,305,224,0,224,529
10/18/2001,SBA,CA,AWP,WE,Towers with Radar,24,65,54,2,145,0,12,130,3,145,24,77,184,5,290,208,0,208,498
10/19/2001,SBA,CA,AWP,WE,Towers with Radar,24,96,140,0,260,0,5,99,0,104,24,101,239,0,364,120,0,120,484
10/20/2001,SBA,CA,AWP,WE,Towers with Radar,26,70,132,0,228,0,0,2,0,2,26,70,134,0,230,24,0,24,254
10/21/2001,SBA,CA,AWP,WE,Towers with Radar,23,62,88,0,173,0,0,41,0,41,23,62,129,0,214,26,0,26,240
10/22/2001,SBA,CA,AWP,WE,Towers with Radar,27,67,76,0,170,0,11,45,0,56,27,78,121,0,226,66,0,66,292
10/23/2001,SBA,CA,AWP,WE,Towers with Radar,27,73,97,1,198,0,7,36,2,45,27,80,133,3,243,28,0,28,271
10/24/2001,SBA,CA,AWP,WE,Towers with Radar,26,94,83,4,207,0,7,46,0,53,26,101,129,4,260,64,0,64,324
10/25/2001,SBA,CA,AWP,WE,Towers with Radar,28,77,72,3,180,0,15,45,1,61,28,92,117,4,241,50,0,50,291
10/26/2001,SBA,CA,AWP,WE,Towers with Radar,23,79,97,0,199,0,11,85,0,96,23,90,182,0,295,226,0,226,521
10/27/2001,SBA,CA,AWP,WE,Towers with Radar,22,64,77,0,163,0,10,135,0,145,22,74,212,0,308,260,0,260,568
10/28/2001,SBA,CA,AWP,WE,Towers with Radar,24,66,60,0,150,0,1,181,0,182,24,67,241,0,332,270,0,270,602
10/29/2001,SBA,CA,AWP,WE,Towers with Radar,21,65,68,1,155,0,14,111,1,126,21,79,179,2,281,156,0,156,437
10/30/2001,SBA,CA,AWP,WE,Towers with Radar,25,74,84,0,183,0,11,0,0,11,25,85,84,0,194,0,0,0,194
10/31/2001,SBA,CA,AWP,WE,Towers with Radar,22,55,52,0,129,0,16,135,1,152,22,71,187,1,281,254,0,254,535
11/01/2001,SBA,CA,AWP,WE,Towers with Radar,29,71,107,2,209,0,18,75,0,93,29,89,182,2,302,246,0,246,548
11/02/2001,SBA,CA,AWP,WE,Towers with Radar,27,74,136,0,237,0,13,38,4,55,27,87,174,4,292,124,0,124,416
11/03/2001,SBA,CA,AWP,WE,Towers with Radar,32,61,61,0,154,0,4,160,0,164,32,65,221,0,318,150,0,150,468
11/04/2001,SBA,CA,AWP,WE,Towers with Radar,28,55,74,0,157,0,5,60,1,66,28,60,134,1,223,56,0,56,279
11/05/2001,SBA,CA,AWP,WE,Towers with Radar,26,54,55,1,136,0,1,3,0,4,26,55,58,1,140,0,0,0,140
11/06/2001,SBA,CA,AWP,WE,Towers with Radar,33,60,83,2,178,0,10,29,1,40,33,70,112,3,218,106,0,106,324
11/07/2001,SBA,CA,AWP,WE,Towers with Radar,32,68,86,0,186,0,23,73,0,96,32,91,159,0,282,130,0,130,412
11/08/2001,SBA,CA,AWP,WE,Towers with Radar,30,65,55,7,157,0,8,154,4,166,30,73,209,11,323,186,0,186,509
11/09/2001,SBA,CA,AWP,WE,Towers with Radar,37,76,81,2,196,1,17,139,0,157,38,93,220,2,353,238,0,238,591
11/10/2001,SBA,CA,AWP,WE,Towers with Radar,38,59,126,0,223,0,7,46,0,53,38,66,172,0,276,116,0,116,392
11/11/2001,SBA,CA,AWP,WE,Towers with Radar,25,48,95,0,168,0,8,13,0,21,25,56,108,0,189,110,0,110,299
11/12/2001,SBA,CA,AWP,WE,Towers with Radar,32,67,67,0,166,0,4,9,0,13,32,71,76,0,179,0,0,0,179
11/13/2001,SBA,CA,AWP,WE,Towers with Radar,33,70,75,6,184,0,18,113,0,131,33,88,188,6,315,264,0,264,579
11/14/2001,SBA,CA,AWP,WE,Towers with Radar,39,73,69,9,190,0,18,176,0,194,39,91,245,9,384,312,0,312,696
11/15/2001,SBA,CA,AWP,WE,Towers with Radar,29,65,42,3,139,0,32,143,0,175,29,97,185,3,314,264,0,264,578
11/16/2001,SBA,CA,AWP,WE,Towers with Radar,31,65,85,2,183,0,16,129,2,147,31,81,214,4,330,168,0,168,498
11/17/2001,SBA,CA,AWP,WE,Towers with Radar,34,54,99,0,187,0,7,157,0,164,34,61,256,0,351,92,0,92,443
11/18/2001,SBA,CA,AWP,WE,Towers with Radar,25,50,62,0,137,0,6,121,2,129,25,56,183,2,266,138,0,138,404
11/19/2001,SBA,CA,AWP,WE,Towers with Radar,29,63,39,0,131,0,16,129,0,145,29,79,168,0,276,140,0,140,416
11/20/2001,SBA,CA,AWP,WE,Towers with Radar,32,64,92,0,188,0,23,143,0,166,32,87,235,0,354,264,0,264,618
11/21/2001,SBA,CA,AWP,WE,Towers with Radar,35,69,106,0,210,0,20,143,0,163,35,89,249,0,373,90,0,90,463
11/22/2001,SBA,CA,AWP,WE,Towers with Radar,32,49,37,0,118,0,5,45,0,50,32,54,82,0,168,34,0,34,202
11/23/2001,SBA,CA,AWP,WE,Towers with Radar,25,50,58,0,133,3,7,176,0,186,28,57,234,0,319,210,0,210,529
11/24/2001,SBA,CA,AWP,WE,Towers with Radar,33,67,35,0,135,0,0,1,0,1,33,67,36,0,136,0,0,0,136
11/25/2001,SBA,CA,AWP,WE,Towers with Radar,33,64,99,2,198,0,7,164,0,171,33,71,263,2,369,202,0,202,571
11/26/2001,SBA,CA,AWP,WE,Towers with Radar,34,67,36,1,138,1,6,54,0,61,35,73,90,1,199,144,0,144,343
11/27/2001,SBA,CA,AWP,WE,Towers with Radar,27,53,62,1,143,7,19,105,1,132,34,72,167,2,275,240,0,240,515
11/28/2001,SBA,CA,AWP,WE,Towers with Radar,35,64,59,3,161,0,23,127,1,151,35,87,186,4,312,254,0,254,566
11/29/2001,SBA,CA,AWP,WE,Towers with Radar,32,62,52,3,149,0,2,21,1,24,32,64,73,4,173,194,0,194,367
11/30/2001,SBA,CA,AWP,WE,Towers with Radar,31,73,58,5,167,0,18,137,3,158,31,91,195,8,325,264,0,264,589
12/01/2001,SBA,CA,AWP,WE,Towers with Radar,31,79,52,3,165,1,2,156,0,159,32,81,208,3,324,252,0,252,576
12/02/2001,SBA,CA,AWP,WE,Towers with Radar,32,46,64,0,142,1,1,16,0,18,33,47,80,0,160,80,0,80,240
12/03/2001,SBA,CA,AWP,WE,Towers with Radar,25,70,61,1,157,1,10,59,0,70,26,80,120,1,227,114,0,114,341
12/04/2001,SBA,CA,AWP,WE,Towers with Radar,32,52,31,6,121,1,23,103,1,128,33,75,134,7,249,184,0,184,433
12/05/2001,SBA,CA,AWP,WE,Towers with Radar,33,74,61,1,169,1,27,138,3,169,34,101,199,4,338,148,0,148,486
12/06/2001,SBA,CA,AWP,WE,Towers with Radar,28,62,67,0,157,1,14,173,0,188,29,76,240,0,345,206,0,206,551
12/07/2001,SBA,CA,AWP,WE,Towers with Radar,34,56,54,1,145,1,23,151,0,175,35,79,205,1,320,148,0,148,468
12/08/2001,SBA,CA,AWP,WE,Towers with Radar,35,55,52,0,142,0,5,169,0,174,35,60,221,0,316,210,0,210,526
12/09/2001,SBA,CA,AWP,WE,Towers with Radar,36,56,44,0,136,0,5,140,1,146,36,61,184,1,282,112,0,112,394
12/10/2001,SBA,CA,AWP,WE,Towers with Radar,36,56,25,5,122,0,15,96,2,113,36,71,121,7,235,146,0,146,381
12/11/2001,SBA,CA,AWP,WE,Towers with Radar,34,62,53,1,150,0,27,110,1,138,34,89,163,2,288,130,8,138,426
12/12/2001,SBA,CA,AWP,WE,Towers with Radar,29,59,95,1,184,0,21,80,1,102,29,80,175,2,286,140,0,140,426
12/13/2001,SBA,CA,AWP,WE,Towers with Radar,39,52,68,1,160,0,15,125,4,144,39,67,193,5,304,128,0,128,432
12/14/2001,SBA,CA,AWP,WE,Towers with Radar,34,77,88,0,199,0,4,26,0,30,34,81,114,0,229,50,0,50,279
12/15/2001,SBA,CA,AWP,WE,Towers with Radar,35,49,43,0,127,0,5,159,0,164,35,54,202,0,291,182,0,182,473
12/16/2001,SBA,CA,AWP,WE,Towers with Radar,40,43,55,0,138,0,7,206,0,213,40,50,261,0,351,148,0,148,499
12/17/2001,SBA,CA,AWP,WE,Towers with Radar,33,55,43,3,134,0,15,125,6,146,33,70,168,9,280,224,0,224,504
12/18/2001,SBA,CA,AWP,WE,Towers with Radar,36,62,45,0,143,0,21,143,0,164,36,83,188,0,307,112,0,112,419
12/19/2001,SBA,CA,AWP,WE,Towers with Radar,30,64,60,1,155,0,32,125,5,162,30,96,185,6,317,118,0,118,435
12/20/2001,SBA,CA,AWP,WE,Towers with Radar,31,61,70,3,165,0,11,24,1,36,31,72,94,4,201,164,0,164,365
12/21/2001,SBA,CA,AWP,WE,Towers with Radar,35,73,63,0,171,0,4,59,0,63,35,77,122,0,234,234,0,234,468
12/22/2001,SBA,CA,AWP,WE,Towers with Radar,34,50,52,0,136,0,8,136,0,144,34,58,188,0,280,36,0,36,316
12/23/2001,SBA,CA,AWP,WE,Towers with Radar,29,56,36,0,121,0,2,150,0,152,29,58,186,0,273,138,0,138,411
12/24/2001,SBA,CA,AWP,WE,Towers with Radar,27,53,25,0,105,0,13,129,0,142,27,66,154,0,247,74,0,74,321
12/25/2001,SBA,CA,AWP,WE,Towers with Radar,38,43,21,0,102,0,8,42,0,50,38,51,63,0,152,28,0,28,180
12/26/2001,SBA,CA,AWP,WE,Towers with Radar,39,72,48,0,159,0,25,140,0,165,39,97,188,0,324,46,0,46,370
12/27/2001,SBA,CA,AWP,WE,Towers with Radar,30,60,50,0,140,0,5,165,4,174,30,65,215,4,314,183,0,183,497
12/28/2001,SBA,CA,AWP,WE,Towers with Radar,37,61,72,2,172,0,4,57,0,61,37,65,129,2,233,156,0,156,389
12/29/2001,SBA,CA,AWP,WE,Towers with Radar,29,52,66,0,147,0,1,7,0,8,29,53,73,0,155,60,0,60,215
12/30/2001,SBA,CA,AWP,WE,Towers with Radar,31,55,69,0,155,0,3,16,0,19,31,58,85,0,174,106,0,106,280
12/31/2001,SBA,CA,AWP,WE,Towers with Radar,31,52,57,0,140,0,4,1,0,5,31,56,58,0,145,0,0,0,145
01/01/2002,SBA,CA,AWP,WE,Towers with Radar,21,48,39,0,108,1,9,95,0,105,22,57,134,0,213,92,0,92,305
01/02/2002,SBA,CA,AWP,WE,Towers with Radar,30,68,71,0,169,1,9,10,0,20,31,77,81,0,189,82,4,86,275
01/03/2002,SBA,CA,AWP,WE,Towers with Radar,29,56,55,0,140,1,20,63,0,84,30,76,118,0,224,93,0,93,317
01/04/2002,SBA,CA,AWP,WE,Towers with Radar,35,56,57,1,149,1,17,150,0,168,36,73,207,1,317,156,0,156,473
01/05/2002,SBA,CA,AWP,WE,Towers with Radar,34,51,65,0,150,1,13,215,0,229,35,64,280,0,379,160,0,160,539
01/06/2002,SBA,CA,AWP,WE,Towers with Radar,22,67,61,0,150,1,10,254,0,265,23,77,315,0,415,122,0,122,537
01/07/2002,SBA,CA,AWP,WE,Towers with Radar,28,54,45,0,127,1,8,89,0,98,29,62,134,0,225,164,0,164,389
01/08/2002,SBA,CA,AWP,WE,Towers with Radar,26,56,46,3,131,1,15,105,0,121,27,71,151,3,252,124,0,124,376
01/09/2002,SBA,CA,AWP,WE,Towers with Radar,46,56,50,4,156,1,21,92,1,115,47,77,142,5,271,200,4,204,475
01/10/2002,SBA,CA,AWP,WE,Towers with Radar,31,53,50,1,135,1,12,144,2,159,32,65,194,3,294,168,0,168,462
01/11/2002,SBA,CA,AWP,WE,Towers with Radar,29,59,62,0,150,0,12,191,0,203,29,71,253,0,353,158,0,158,511
01/12/2002,SBA,CA,AWP,WE,Towers with Radar,30,52,74,2,158,1,9,250,0,260,31,61,324,2,418,134,0,134,552
01/13/2002,SBA,CA,AWP,WE,Towers with Radar,30,52,144,0,226,1,5,127,1,134,31,57,271,1,360,245,0,245,605
01/14/2002,SBA,CA,AWP,WE,Towers with Radar,26,64,68,1,159,0,0,55,0,55,26,64,123,1,214,104,0,104,318
01/15/2002,SBA,CA,AWP,WE,Towers with Radar,31,58,61,0,150,0,2,46,0,48,31,60,107,0,198,64,0,64,262
01/16/2002,SBA,CA,AWP,WE,Towers with Radar,28,67,52,2,149,0,18,76,0,94,28,85,128,2,243,148,0,148,391
01/17/2002,SBA,CA,AWP,WE,Towers with Radar,34,59,70,4,167,0,19,159,0,178,34,78,229,4,345,188,0,188,533
01/18/2002,SBA,CA,AWP,WE,Towers with Radar,33,60,66,0,159,0,12,166,1,179,33,72,232,1,338,224,0,224,562
01/19/2002,SBA,CA,AWP,WE,Towers with Radar,28,53,52,1,134,0,15,202,0,217,28,68,254,1,351,160,0,160,511
01/20/2002,SBA,CA,AWP,WE,Towers with Radar,29,56,33,0,118,0,6,225,0,231,29,62,258,0,349,202,0,202,551
01/21/2002,SBA,CA,AWP,WE,Towers with Radar,26,64,73,0,163,0,16,179,0,195,26,80,252,0,358,216,0,216,574
01/22/2002,SBA,CA,AWP,WE,Towers with Radar,35,65,67,2,169,0,22,96,0,118,35,87,163,2,287,130,0,130,417
01/23/2002,SBA,CA,AWP,WE,Towers with Radar,34,73,49,1,157,0,25,98,0,123,34,98,147,1,280,122,0,122,402
01/24/2002,SBA,CA,AWP,WE,Towers with Radar,31,58,60,0,149,0,9,136,1,146,31,67,196,1,295,226,0,226,521
01/25/2002,SBA,CA,AWP,WE,Towers with Radar,36,70,93,4,203,0,15,168,0,183,36,85,261,4,386,138,0,138,524
01/26/2002,SBA,CA,AWP,WE,Towers with Radar,27,49,51,0,127,6,8,118,0,132,33,57,169,0,259,196,0,196,455
01/27/2002,SBA,CA,AWP,WE,Towers with Radar,35,47,35,0,117,0,1,37,0,38,35,48,72,0,155,0,0,0,155
01/28/2002,SBA,CA,AWP,WE,Towers with Radar,34,52,43,0,129,0,10,40,0,50,34,62,83,0,179,154,0,154,333
01/29/2002,SBA,CA,AWP,WE,Towers with Radar,36,65,50,0,151,0,15,85,0,100,36,80,135,0,251,144,0,144,395
01/30/2002,SBA,CA,AWP,WE,Towers with Radar,29,65,41,2,137,0,29,111,0,140,29,94,152,2,277,182,0,182,459
01/31/2002,SBA,CA,AWP,WE,Towers with Radar,31,67,70,1,169,0,13,166,3,182,31,80,236,4,351,174,0,174,525
02/01/2002,SBA,CA,AWP,WE,Towers with Radar,32,44,64,3,143,0,0,229,8,237,32,44,293,11,380,154,0,154,534
02/02/2002,SBA,CA,AWP,WE,Towers with Radar,25,45,47,0,117,5,0,231,0,236,30,45,278,0,353,114,0,114,467
02/03/2002,SBA,CA,AWP,WE,Towers with Radar,29,56,56,3,144,3,18,128,0,149,32,74,184,3,293,84,0,84,377
02/04/2002,SBA,CA,AWP,WE,Towers with Radar,32,66,47,3,148,0,8,137,0,145,32,74,184,3,293,84,0,84,377
02/05/2002,SBA,CA,AWP,WE,Towers with Radar,33,73,58,1,165,0,13,132,0,145,33,86,190,1,310,134,0,134,444
02/06/2002,SBA,CA,AWP,WE,Towers with Radar,33,57,49,2,141,0,17,132,2,151,33,74,181,4,292,128,0,128,420
02/07/2002,SBA,CA,AWP,WE,Towers with Radar,33,61,69,5,168,0,7,144,0,151,33,68,213,5,319,184,0,184,503
02/08/2002,SBA,CA,AWP,WE,Towers with Radar,36,66,72,1,175,0,12,144,0,156,36,78,216,1,331,150,0,150,481
02/09/2002,SBA,CA,AWP,WE,Towers with Radar,28,56,34,1,119,0,7,133,0,140,28,63,167,1,259,170,0,170,429
02/10/2002,SBA,CA,AWP,WE,Towers with Radar,32,42,44,2,120,0,14,180,0,194,32,56,224,2,314,187,0,187,501
02/11/2002,SBA,CA,AWP,WE,Towers with Radar,25,52,48,6,131,0,6,124,0,130,25,58,172,6,261,120,0,120,381
02/12/2002,SBA,CA,AWP,WE,Towers with Radar,27,51,51,0,129,4,35,97,0,136,31,86,148,0,265,184,0,184,449
02/13/2002,SBA,CA,AWP,WE,Towers with Radar,33,61,60,6,160,0,19,82,1,102,33,80,142,7,262,44,0,44,306
02/14/2002,SBA,CA,AWP,WE,Towers with Radar,32,74,95,2,203,0,6,109,2,117,32,80,204,4,320,170,0,170,490
02/15/2002,SBA,CA,AWP,WE,Towers with Radar,27,64,105,0,196,0,14,100,1,115,27,78,205,1,311,86,0,86,397
02/16/2002,SBA,CA,AWP,WE,Towers with Radar,30,67,74,0,171,0,4,58,0,62,30,71,132,0,233,196,0,196,429
02/17/2002,SBA,CA,AWP,WE,Towers with Radar,31,54,63,0,148,0,1,49,0,50,31,55,112,0,198,94,0,94,292
02/18/2002,SBA,CA,AWP,WE,Towers with Radar,24,69,89,0,182,0,7,156,0,163,24,76,245,0,345,220,0,220,565
02/19/2002,SBA,CA,AWP,WE,Towers with Radar,28,57,51,0,136,0,16,128,0,144,28,73,179,0,280,168,0,168,448
02/20/2002,SBA,CA,AWP,WE,Towers with Radar,28,66,68,1,163,0,13,129,0,142,28,79,197,1,305,198,0,198,503
02/21/2002,SBA,CA,AWP,WE,Towers with Radar,31,60,47,0,138,0,19,155,0,174,31,79,202,0,312,112,0,112,424
02/22/2002,SBA,CA,AWP,WE,Towers with Radar,32,70,69,4,175,0,12,180,0,192,32,82,249,4,367,180,0,180,547
02/23/2002,SBA,CA,AWP,WE,Towers with Radar,28,52,40,0,120,0,2,195,0,197,28,54,235,0,317,88,0,88,405
02/24/2002,SBA,CA,AWP,WE,Towers with Radar,30,51,49,1,131,0,0,256,0,256,30,51,305,1,387,232,0,232,619
02/25/2002,SBA,CA,AWP,WE,Towers with Radar,31,75,57,14,177,0,7,100,18,125,31,82,157,32,302,78,0,78,380
02/26/2002,SBA,CA,AWP,WE,Towers with Radar,32,69,56,0,157,0,25,136,4,165,32,94,192,4,322,164,0,164,486
02/27/2002,SBA,CA,AWP,WE,Towers with Radar,34,72,61,7,174,0,21,122,3,146,34,93,183,10,320,62,0,62,382
02/28/2002,SBA,CA,AWP,WE,Towers with Radar,31,62,128,2,223,0,3,36,3,42,31,65,164,5,265,62,0,62,327
03/01/2002,SBA,CA,AWP,WE,Towers with Radar,31,68,88,1,188,0,12,118,0,130,31,80,206,1,318,150,0,150,468
03/02/2002,SBA,CA,AWP,WE,Towers with Radar,31,52,55,0,138,0,7,187,67,261,31,59,242,67,399,134,0,134,533
03/03/2002,SBA,CA,AWP,WE,Towers with Radar,28,58,60,0,146,0,5,237,1,243,28,63,297,1,389,314,0,314,703
03/04/2002,SBA,CA,AWP,WE,Towers with Radar,36,57,65,0,158,0,9,133,1,143,36,66,198,1,301,34,8,42,343
03/05/2002,SBA,CA,AWP,WE,Towers with Radar,40,62,39,4,145,0,7,142,0,149,40,69,181,4,294,182,0,182,476
03/06/2002,SBA,CA,AWP,WE,Towers with Radar,37,75,72,0,184,0,19,27,0,46,37,94,99,0,230,64,0,64,294
03/07/2002,SBA,CA,AWP,WE,Towers with Radar,34,61,91,0,186,0,5,32,1,38,34,66,123,1,224,44,0,44,268
03/08/2002,SBA,CA,AWP,WE,Towers with Radar,33,54,57,0,144,0,9,183,1,193,33,63,240,1,337,156,0,156,493
03/09/2002,SBA,CA,AWP,WE,Towers with Radar,32,48,47,0,127,0,6,235,0,241,32,54,282,0,368,170,0,170,538
03/10/2002,SBA,CA,AWP,WE,Towers with Radar,16,49,56,0,121,17,0,188,2,207,33,49,244,2,328,46,0,46,374
03/11/2002,SBA,CA,AWP,WE,Towers with Radar,34,60,37,6,137,0,15,107,1,123,34,75,144,7,260,58,10,68,328
03/12/2002,SBA,CA,AWP,WE,Towers with Radar,36,64,64,0,164,0,8,143,1,152,36,72,207,1,316,108,0,108,424
03/13/2002,SBA,CA,AWP,WE,Towers with Radar,44,62,68,0,174,0,13,62,1,76,44,75,130,1,250,86,0,86,336
03/14/2002,SBA,CA,AWP,WE,Towers with Radar,19,77,70,0,166,17,9,85,0,111,36,86,155,0,277,128,0,128,405
03/15/2002,SBA,CA,AWP,WE,Towers with Radar,26,64,54,0,144,0,14,144,0,158,26,78,198,0,302,164,0,164,466
03/16/2002,SBA,CA,AWP,WE,Towers with Radar,0,76,24,0,100,0,4,83,3,90,0,80,107,3,190,48,0,48,238
03/17/2002,SBA,CA,AWP,WE,Towers with Radar,13,53,43,0,109,0,3,50,0,53,13,56,93,0,162,126,0,126,288
03/18/2002,SBA,CA,AWP,WE,Towers with Radar,3,89,47,4,143,0,4,128,4,136,3,93,175,8,279,220,0,220,499
03/19/2002,SBA,CA,AWP,WE,Towers with Radar,0,90,55,2,147,0,10,172,3,185,0,100,227,5,332,110,0,110,442
03/20/2002,SBA,CA,AWP,WE,Towers with Radar,0,78,61,8,147,0,7,183,0,190,0,85,244,8,337,206,0,206,543
03/21/2002,SBA,CA,AWP,WE,Towers with Radar,2,83,51,4,140,0,16,169,0,185,2,99,220,4,325,134,0,134,459
03/22/2002,SBA,CA,AWP,WE,Towers with Radar,0,97,70,0,167,0,9,139,2,150,0,106,209,2,317,152,0,152,469
03/23/2002,SBA,CA,AWP,WE,Towers with Radar,0,92,67,0,159,0,2,37,0,39,0,94,104,0,198,133,0,133,331
03/24/2002,SBA,CA,AWP,WE,Towers with Radar,0,99,60,0,159,0,2,160,0,162,0,101,220,0,321,88,0,88,409
03/25/2002,SBA,CA,AWP,WE,Towers with Radar,0,85,68,3,156,0,12,156,0,168,0,97,224,3,324,122,0,122,446
03/26/2002,SBA,CA,AWP,WE,Towers with Radar,0,86,58,0,144,0,16,149,1,166,0,102,207,1,310,110,0,110,420
03/27/2002,SBA,CA,AWP,WE,Towers with Radar,0,124,80,1,205,0,8,64,0,72,0,132,144,1,277,148,0,148,425
03/28/2002,SBA,CA,AWP,WE,Towers with Radar,0,87,70,3,160,0,15,79,1,95,0,102,149,4,255,80,0,80,335
03/29/2002,SBA,CA,AWP,WE,Towers with Radar,0,96,166,2,264,0,9,19,1,29,0,105,185,3,293,44,0,44,337
03/30/2002,SBA,CA,AWP,WE,Towers with Radar,0,91,141,0,232,0,1,2,0,3,0,92,143,0,235,0,0,0,235
03/31/2002,SBA,CA,AWP,WE,Towers with Radar,0,87,92,1,180,0,4,1,0,5,0,91,93,1,185,0,0,0,185
04/01/2002,SBA,CA,AWP,WE,Towers with Radar,0,99,118,2,219,0,0,12,0,12,0,99,130,2,231,12,0,12,243
04/02/2002,SBA,CA,AWP,WE,Towers with Radar,0,103,106,1,210,0,8,8,0,16,0,111,114,1,226,56,0,56,282
04/03/2002,SBA,CA,AWP,WE,Towers with Radar,1,91,99,0,191,0,10,32,2,44,1,101,131,2,235,98,12,110,345
04/04/2002,SBA,CA,AWP,WE,Towers with Radar,1,98,103,8,210,0,5,80,1,86,1,103,183,9,296,94,0,94,390
04/05/2002,SBA,CA,AWP,WE,Towers with Radar,0,103,99,2,204,0,7,88,0,95,0,110,187,2,299,162,0,162,461
04/06/2002,SBA,CA,AWP,WE,Towers with Radar,1,83,70,0,154,0,4,108,0,112,1,87,178,0,266,138,0,138,404
04/07/2002,SBA,CA,AWP,WE,Towers with Radar,0,93,89,0,182,0,4,50,0,54,0,97,139,0,236,104,0,104,340
04/08/2002,SBA,CA,AWP,WE,Towers with Radar,0,89,87,4,180,0,9,23,0,32,0,98,110,4,212,46,2,48,260
04/09/2002,SBA,CA,AWP,WE,Towers with Radar,0,123,89,1,213,0,10,71,0,81,0,133,160,1,294,66,0,66,360
04/10/2002,SBA,CA,AWP,WE,Towers with Radar,0,81,66,0,147,0,29,91,0,120,0,110,157,0,267,104,0,104,371
04/11/2002,SBA,CA,AWP,WE,Towers with Radar,0,106,100,1,207,0,14,70,1,85,0,120,170,2,292,100,0,100,392
04/12/2002,SBA,CA,AWP,WE,Towers with Radar,0,106,143,5,254,0,0,4,1,5,0,106,147,6,259,4,0,4,263
04/13/2002,SBA,CA,AWP,WE,Towers with Radar,0,88,71,0,159,0,7,53,0,60,0,95,124,0,219,46,0,46,265
04/14/2002,SBA,CA,AWP,WE,Towers with Radar,1,94,95,0,190,0,0,0,0,0,1,94,95,0,190,0,0,0,190
04/15/2002,SBA,CA,AWP,WE,Towers with Radar,0,96,51,2,149,0,8,105,0,113,0,104,156,2,262,42,0,42,304
04/16/2002,SBA,CA,AWP,WE,Towers with Radar,0,97,70,2,169,0,25,101,0,126,0,122,171,2,295,120,0,120,415
04/17/2002,SBA,CA,AWP,WE,Towers with Radar,1,102,51,2,156,0,20,72,1,93,1,122,123,3,249,56,0,56,305
04/18/2002,SBA,CA,AWP,WE,Towers with Radar,0,95,53,2,150,0,14,148,2,164,0,109,201,4,314,194,0,194,508
04/19/2002,SBA,CA,AWP,WE,Towers with Radar,0,83,49,2,134,0,11,154,4,169,0,94,203,6,303,108,0,108,411
04/20/2002,SBA,CA,AWP,WE,Towers with Radar,0,83,69,0,152,0,6,202,1,209,0,89,271,1,361,180,0,180,541
04/21/2002,SBA,CA,AWP,WE,Towers with Radar,0,84,62,0,146,0,2,307,0,309,0,86,369,0,455,374,0,374,829
04/22/2002,SBA,CA,AWP,WE,Towers with Radar,3,96,55,3,157,2,12,128,0,142,5,108,183,3,299,118,0,118,417
04/23/2002,SBA,CA,AWP,WE,Towers with Radar,0,93,63,0,156,0,13,135,1,149,0,106,198,1,305,178,0,178,483
04/24/2002,SBA,CA,AWP,WE,Towers with Radar,0,92,67,3,162,0,19,128,1,148,0,111,195,4,310,126,0,126,436
04/25/2002,SBA,CA,AWP,WE,Towers with Radar,0,97,67,1,165,0,16,97,0,113,0,113,164,1,278,132,0,132,410
04/26/2002,SBA,CA,AWP,WE,Towers with Radar,0,98,104,4,206,0,7,40,4,51,0,105,144,8,257,214,0,214,471
04/27/2002,SBA,CA,AWP,WE,Towers with Radar,0,84,79,2,165,0,13,85,4,102,0,97,164,6,267,194,0,194,461
04/28/2002,SBA,CA,AWP,WE,Towers with Radar,0,101,80,0,181,0,4,210,1,215,0,105,290,1,396,196,0,196,592
04/29/2002,SBA,CA,AWP,WE,Towers with Radar,0,86,61,1,148,0,8,112,0,120,0,94,173,1,268,214,0,214,482
04/30/2002,SBA,CA,AWP,WE,Towers with Radar,0,92,48,0,140,0,19,88,4,111,0,111,136,4,251,78,0,78,329
05/01/2002,SBA,CA,AWP,WE,Towers with Radar,0,118,66,3,187,0,29,91,1,121,0,147,157,4,308,22,0,22,330
05/02/2002,SBA,CA,AWP,WE,Towers with Radar,0,86,55,0,141,0,12,156,0,168,0,98,211,0,309,268,0,268,577
05/03/2002,SBA,CA,AWP,WE,Towers with Radar,0,95,68,1,164,0,30,205,1,236,0,125,273,2,400,172,0,172,572
05/04/2002,SBA,CA,AWP,WE,Towers with Radar,0,98,68,0,166,0,14,186,0,200,0,112,254,0,366,86,0,86,452
05/05/2002,SBA,CA,AWP,WE,Towers with Radar,0,99,124,1,224,0,11,22,0,33,0,110,146,1,257,38,0,38,295
05/06/2002,SBA,CA,AWP,WE,Towers with Radar,0,104,97,0,201,0,6,44,0,50,0,110,141,0,251,88,0,88,339
05/07/2002,SBA,CA,AWP,WE,Towers with Radar,0,112,66,0,178,0,12,88,0,100,0,124,154,0,278,122,0,122,400
05/08/2002,SBA,CA,AWP,WE,Towers with Radar,0,104,59,5,168,0,26,107,1,134,0,130,166,6,302,194,0,194,496
05/09/2002,SBA,CA,AWP,WE,Towers with Radar,0,108,75,3,186,0,13,123,2,138,0,121,198,5,324,182,0,182,506
05/10/2002,SBA,CA,AWP,WE,Towers with Radar,0,104,81,1,186,0,7,168,0,175,0,111,249,1,361,166,0,166,527
05/11/2002,SBA,CA,AWP,WE,Towers with Radar,0,92,74,0,166,0,92,202,0,294,0,184,276,0,460,198,0,198,658
05/12/2002,SBA,CA,AWP,WE,Towers with Radar,0,92,63,2,157,0,82,235,2,319,0,174,298,4,476,10,0,10,486
05/13/2002,SBA,CA,AWP,WE,Towers with Radar,0,77,62,0,139,0,17,146,0,163,0,94,208,0,302,114,0,114,416
05/14/2002,SBA,CA,AWP,WE,Towers with Radar,0,99,47,4,150,0,25,130,0,155,0,124,177,4,305,254,0,254,559
05/15/2002,SBA,CA,AWP,WE,Towers with Radar,0,109,89,2,200,0,19,99,2,120,0,128,188,4,320,242,0,242,562
05/16/2002,SBA,CA,AWP,WE,Towers with Radar,0,97,87,1,185,0,0,117,1,118,0,97,204,2,303,152,0,152,455
05/17/2002,SBA,CA,AWP,WE,Towers with Radar,2,110,75,0,187,0,14,186,0,200,2,124,261,0,387,162,0,162,549
05/18/2002,SBA,CA,AWP,WE,Towers with Radar,0,91,125,1,217,0,4,60,0,64,0,95,185,1,281,130,0,130,411
05/19/2002,SBA,CA,AWP,WE,Towers with Radar,0,89,79,0,168,0,2,119,0,121,0,91,198,0,289,178,0,178,467
05/20/2002,SBA,CA,AWP,WE,Towers with Radar,1,91,76,0,168,0,3,59,0,62,1,94,135,0,230,114,0,114,344
05/21/2002,SBA,CA,AWP,WE,Towers with Radar,0,90,52,0,142,0,23,90,3,116,0,113,142,3,258,78,8,86,344
05/22/2002,SBA,CA,AWP,WE,Towers with Radar,0,90,53,1,144,0,19,143,5,167,0,109,196,6,311,118,0,118,429
05/23/2002,SBA,CA,AWP,WE,Towers with Radar,0,96,71,0,167,0,20,197,0,217,0,116,268,0,384,218,0,218,602
05/24/2002,SBA,CA,AWP,WE,Towers with Radar,0,93,61,0,154,0,14,213,0,227,0,107,274,0,381,154,0,154,535
05/25/2002,SBA,CA,AWP,WE,Towers with Radar,0,86,96,0,182,0,13,72,0,85,0,99,168,0,267,120,0,120,387
05/26/2002,SBA,CA,AWP,WE,Towers with Radar,0,84,103,0,187,0,6,66,1,73,0,90,169,1,260,158,0,158,418
05/27/2002,SBA,CA,AWP,WE,Towers with Radar,0,88,92,0,180,0,0,93,0,93,0,88,185,0,273,166,0,166,439
05/28/2002,SBA,CA,AWP,WE,Towers with Radar,0,94,77,1,172,0,7,89,2,98,0,101,166,3,270,64,0,64,334
05/29/2002,SBA,CA,AWP,WE,Towers with Radar,0,105,76,3,184,0,4,71,0,75,0,109,147,3,259,94,0,94,353
05/30/2002,SBA,CA,AWP,WE,Towers with Radar,0,99,70,2,171,0,4,61,0,65,0,103,131,2,236,102,0,102,338
05/31/2002,SBA,CA,AWP,WE,Towers with Radar,0,110,92,0,202,0,0,106,0,106,0,110,198,0,308,132,0,132,440
06/01/2002,SBA,CA,AWP,WE,Towers with Radar,0,101,91,7,199,0,48,51,0,99,0,149,142,7,298,152,0,152,450
06/02/2002,SBA,CA,AWP,WE,Towers with Radar,0,93,86,1,180,0,64,116,1,181,0,157,202,2,361,0,146,146,507
06/03/2002,SBA,CA,AWP,WE,Towers with Radar,0,89,70,2,161,0,94,123,1,218,0,183,193,3,379,162,0,162,541
06/04/2002,SBA,CA,AWP,WE,Towers with Radar,1,105,52,1,159,0,55,169,0,224,1,160,221,1,383,86,0,86,469
06/05/2002,SBA,CA,AWP,WE,Towers with Radar,0,108,86,0,194,0,74,99,0,173,0,182,185,0,367,54,0,54,421
06/06/2002,SBA,CA,AWP,WE,Towers with Radar,0,108,111,2,221,0,59,98,4,161,0,167,209,6,382,66,0,66,448
06/07/2002,SBA,CA,AWP,WE,Towers with Radar,1,112,116,0,229,0,3,33,0,36,1,115,149,0,265,32,0,32,297
06/08/2002,SBA,CA,AWP,WE,Towers with Radar,0,109,107,2,218,0,8,33,0,41,0,117,140,2,259,76,2,78,337
06/09/2002,SBA,CA,AWP,WE,Towers with Radar,0,97,91,0,188,0,18,145,1,164,0,115,236,1,352,276,0,276,628
06/10/2002,SBA,CA,AWP,WE,Towers with Radar,0,104,71,0,175,0,11,114,0,125,0,115,185,0,300,216,0,216,516
06/11/2002,SBA,CA,AWP,WE,Towers with Radar,0,118,100,0,218,0,8,38,0,46,0,126,138,0,264,210,0,210,474
06/12/2002,SBA,CA,AWP,WE,Towers with Radar,0,100,73,2,175,0,15,148,2,165,0,115,221,4,340,78,0,78,418
06/13/2002,SBA,CA,AWP,WE,Towers with Radar,0,89,76,0,165,0,22,127,0,149,0,111,203,0,314,190,0,190,504
06/14/2002,SBA,CA,AWP,WE,Towers with Radar,0,95,71,1,167,0,13,256,1,270,0,108,327,2,437,138,0,138,575
06/15/2002,SBA,CA,AWP,WE,Towers with Radar,0,90,48,0,138,0,36,280,0,316,0,126,328,0,454,260,0,260,714
06/16/2002,SBA,CA,AWP,WE,Towers with Radar,0,96,75,0,171,0,103,285,0,388,0,199,360,0,559,20,0,20,579
06/17/2002,SBA,CA,AWP,WE,Towers with Radar,0,118,71,0,189,0,42,179,1,222,0,160,250,1,411,183,0,183,594
06/18/2002,SBA,CA,AWP,WE,Towers with Radar,0,104,64,2,170,0,29,164,4,197,0,133,228,6,367,224,0,224,591
06/19/2002,SBA,CA,AWP,WE,Towers with Radar,1,110,92,1,204,0,15,161,0,176,1,125,253,1,380,280,0,280,660
06/20/2002,SBA,CA,AWP,WE,Towers with Radar,0,106,95,1,202,0,6,82,2,90,0,112,177,3,292,220,0,220,512
06/21/2002,SBA,CA,AWP,WE,Towers with Radar,0,102,88,1,191,0,5,125,4,134,0,107,213,5,325,174,0,174,499
06/22/2002,SBA,CA,AWP,WE,Towers with Radar,0,80,70,1,151,0,14,147,0,161,0,94,217,1,312,108,0,108,420
06/23/2002,SBA,CA,AWP,WE,Towers with Radar,0,99,86,1,186,0,0,203,0,203,0,99,289,1,389,96,0,96,485
06/24/2002,SBA,CA,AWP,WE,Towers with Radar,0,95,130,9,234,0,3,102,1,106,0,98,232,10,340,164,0,164,504
06/25/2002,SBA,CA,AWP,WE,Towers with Radar,0,101,106,0,207,0,4,96,0,100,0,105,202,0,307,156,0,156,463
06/26/2002,SBA,CA,AWP,WE,Towers with Radar,0,107,92,2,201,0,7,83,0,90,0,114,175,2,291,100,0,100,391
06/27/2002,SBA,CA,AWP,WE,Towers with Radar,0,91,78,0,169,0,10,134,0,144,0,101,212,0,313,176,0,176,489
06/28/2002,SBA,CA,AWP,WE,Towers with Radar,0,112,91,2,205,0,7,116,4,127,0,119,207,6,332,132,0,132,464
06/29/2002,SBA,CA,AWP,WE,Towers with Radar,0,94,93,0,187,0,8,140,0,148,0,102,233,0,335,180,0,180,515
06/30/2002,SBA,CA,AWP,WE,Towers with Radar,0,90,132,0,222,0,6,65,0,71,0,96,197,0,293,140,0,140,433
07/01/2002,SBA,CA,AWP,WE,Towers with Radar,0,110,118,0,228,0,3,76,0,79,0,113,194,0,307,16,0,16,323
07/02/2002,SBA,CA,AWP,WE,Towers with Radar,0,106,84,3,193,0,7,142,0,149,0,113,226,3,342,196,0,196,538
07/03/2002,SBA,CA,AWP,WE,Towers with Radar,0,107,134,2,243,0,10,31,0,41,0,117,165,2,284,18,0,18,302
07/04/2002,SBA,CA,AWP,WE,Towers with Radar,0,78,69,0,147,0,4,22,0,26,0,82,91,0,173,30,0,30,203
07/05/2002,SBA,CA,AWP,WE,Towers with Radar,0,94,103,0,197,0,10,94,0,104,0,104,197,0,301,142,0,142,443
07/06/2002,SBA,CA,AWP,WE,Towers with Radar,0,85,74,0,159,0,3,137,0,140,0,88,211,0,299,140,0,140,439
07/07/2002,SBA,CA,AWP,WE,Towers with Radar,0,100,52,0,152,0,3,171,0,174,0,103,223,0,326,130,0,130,456
07/08/2002,SBA,CA,AWP,WE,Towers with Radar,0,100,51,0,151,0,4,98,0,102,0,104,149,0,253,142,0,142,395
07/09/2002,SBA,CA,AWP,WE,Towers with Radar,0,108,91,0,199,0,2,55,0,57,0,110,146,0,256,64,0,64,320
07/10/2002,SBA,CA,AWP,WE,Towers with Radar,0,126,102,0,228,0,13,51,0,64,0,139,153,0,292,24,0,24,316
07/11/2002,SBA,CA,AWP,WE,Towers with Radar,0,101,114,1,216,0,4,71,2,77,0,105,185,3,293,76,0,76,369
07/12/2002,SBA,CA,AWP,WE,Towers with Radar,0,99,80,1,180,0,7,133,5,145,0,106,213,6,325,132,0,132,457
07/13/2002,SBA,CA,AWP,WE,Towers with Radar,0,90,78,0,168,0,0,169,0,169,0,90,247,0,337,96,0,96,433
07/14/2002,SBA,CA,AWP,WE,Towers with Radar,0,94,99,1,194,0,3,199,1,203,0,97,298,2,397,194,0,194,591
07/15/2002,SBA,CA,AWP,WE,Towers with Radar,0,84,68,0,152,0,2,66,1,69,0,86,134,1,221,106,0,106,327
07/16/2002,SBA,CA,AWP,WE,Towers with Radar,0,107,69,6,182,0,11,132,0,143,0,118,201,6,325,294,0,294,619
07/17/2002,SBA,CA,AWP,WE,Towers with Radar,0,105,74,1,180,0,20,138,0,158,0,125,212,1,338,150,0,150,488
07/18/2002,SBA,CA,AWP,WE,Towers with Radar,0,97,62,0,159,0,6,107,2,115,0,103,169,2,274,94,0,94,368
07/19/2002,SBA,CA,AWP,WE,Towers with Radar,0,104,124,2,230,0,8,71,0,79,0,112,195,2,309,98,0,98,407
07/20/2002,SBA,CA,AWP,WE,Towers with Radar,0,104,141,0,245,0,0,11,0,11,0,104,152,0,256,16,0,16,272
07/21/2002,SBA,CA,AWP,WE,Towers with Radar,0,104,100,1,205,0,2,103,0,105,0,106,203,1,310,274,0,274,584
07/22/2002,SBA,CA,AWP,WE,Towers with Radar,0,93,75,0,168,0,14,118,0,132,0,107,193,0,300,250,0,250,550
07/23/2002,SBA,CA,AWP,WE,Towers with Radar,0,96,78,0,174,0,20,204,2,226,0,116,282,2,400,158,0,158,558
07/24/2002,SBA,CA,AWP,WE,Towers with Radar,0,84,53,2,139,0,22,159,0,181,0,106,212,2,320,298,0,298,618
07/25/2002,SBA,CA,AWP,WE,Towers with Radar,0,107,58,3,168,0,11,193,0,204,0,118,251,3,372,188,0,188,560
07/26/2002,SBA,CA,AWP,WE,Towers with Radar,0,86,48,3,137,0,11,193,1,205,0,97,241,4,342,164,0,164,506
07/27/2002,SBA,CA,AWP,WE,Towers with Radar,0,91,115,0,206,0,4,72,0,76,0,95,187,0,282,81,0,81,363
07/28/2002,SBA,CA,AWP,WE,Towers with Radar,0,92,34,1,127,0,4,183,0,187,0,96,217,1,314,258,0,258,572
07/29/2002,SBA,CA,AWP,WE,Towers with Radar,0,90,49,3,142,0,8,141,0,149,0,98,190,3,291,196,0,196,487
07/30/2002,SBA,CA,AWP,WE,Towers with Radar,0,107,63,0,170,0,8,136,2,146,0,115,199,2,316,204,0,204,520
07/31/2002,SBA,CA,AWP,WE,Towers with Radar,0,188,110,0,298,0,4,63,1,68,0,192,173,1,366,52,0,52,418
08/01/2002,SBA,CA,AWP,WE,Towers with Radar,0,119,74,1,194,0,8,136,2,146,0,127,210,3,340,188,0,188,528
08/02/2002,SBA,CA,AWP,WE,Towers with Radar,0,98,125,0,223,0,7,51,4,62,0,105,176,4,285,46,0,46,331
08/03/2002,SBA,CA,AWP,WE,Towers with Radar,0,96,114,1,211,0,5,67,0,72,0,101,181,1,283,42,0,42,325
08/04/2002,SBA,CA,AWP,WE,Towers with Radar,0,103,78,8,189,0,6,154,1,161,0,109,232,9,350,138,0,138,488
08/05/2002,SBA,CA,AWP,WE,Towers with Radar,0,111,66,0,177,0,12,98,1,111,0,123,164,1,288,144,0,144,432
08/06/2002,SBA,CA,AWP,WE,Towers with Radar,0,99,46,2,147,0,15,119,1,135,0,114,165,3,282,234,0,234,516
08/07/2002,SBA,CA,AWP,WE,Towers with Radar,0,113,61,1,175,0,13,146,1,160,0,126,207,2,335,156,0,156,491
08/08/2002,SBA,CA,AWP,WE,Towers with Radar,0,108,61,4,173,0,5,117,1,123,0,113,178,5,296,166,10,176,472
08/09/2002,SBA,CA,AWP,WE,Towers with Radar,0,96,58,0,154,0,8,61,2,71,0,104,119,2,225,164,0,164,389
08/10/2002,SBA,CA,AWP,WE,Towers with Radar,0,101,52,1,154,0,17,213,0,230,0,118,265,1,384,128,0,128,512
08/11/2002,SBA,CA,AWP,WE,Towers with Radar,0,91,71,0,162,0,26,261,0,287,0,117,332,0,449,194,0,194,643
08/12/2002,SBA,CA,AWP,WE,Towers with Radar,0,97,67,1,165,0,18,135,0,153,0,115,202,1,318,334,0,334,652
08/13/2002,SBA,CA,AWP,WE,Towers with Radar,1,113,79,1,194,0,4,84,0,88,1,117,163,1,282,133,0,133,415
08/14/2002,SBA,CA,AWP,WE,Towers with Radar,0,67,100,4,171,0,73,77,2,152,0,140,177,6,323,126,0,126,449
08/15/2002,SBA,CA,AWP,WE,Towers with Radar,0,119,128,0,247,0,17,48,1,66,0,136,176,1,313,2,0,2,315
08/16/2002,SBA,CA,AWP,WE,Towers with Radar,0,103,103,0,206,0,2,55,0,57,0,105,158,0,263,178,0,178,441
08/17/2002,SBA,CA,AWP,WE,Towers with Radar,0,111,146,0,257,0,0,48,2,50,0,111,194,2,307,72,0,72,379
08/18/2002,SBA,CA,AWP,WE,Towers with Radar,0,108,101,0,209,0,0,68,2,70,0,108,169,2,279,198,0,198,477
08/19/2002,SBA,CA,AWP,WE,Towers with Radar,0,111,87,0,198,0,0,45,1,46,0,111,132,1,244,242,0,242,486
08/20/2002,SBA,CA,AWP,WE,Towers with Radar,0,104,80,0,184,0,6,66,0,72,0,110,146,0,256,164,0,164,420
08/21/2002,SBA,CA,AWP,WE,Towers with Radar,0,119,108,0,227,0,2,56,0,58,0,121,164,0,285,174,0,174,459
08/22/2002,SBA,CA,AWP,WE,Towers with Radar,0,120,57,0,177,0,12,92,2,106,0,132,149,2,283,144,0,144,427
08/23/2002,SBA,CA,AWP,WE,Towers with Radar,0,94,62,1,157,0,10,162,0,172,0,104,224,1,329,268,0,268,597
08/24/2002,SBA,CA,AWP,WE,Towers with Radar,0,94,53,4,151,0,13,262,0,275,0,107,315,4,426,114,0,114,540
08/25/2002,SBA,CA,AWP,WE,Towers with Radar,0,103,66,5,174,0,4,256,0,260,0,107,322,5,434,198,0,198,632
08/26/2002,SBA,CA,AWP,WE,Towers with Radar,0,102,43,0,145,0,15,140,1,156,0,117,183,1,301,226,12,238,539
08/27/2002,SBA,CA,AWP,WE,Towers with Radar,0,116,91,1,208,0,11,82,0,93,0,127,173,1,301,94,0,94,395
08/28/2002,SBA,CA,AWP,WE,Towers with Radar,0,102,64,0,166,0,16,83,2,101,0,118,147,2,267,244,0,244,511
08/29/2002,SBA,CA,AWP,WE,Towers with Radar,0,103,73,4,180,0,17,101,0,118,0,120,174,4,298,240,0,240,538
08/30/2002,SBA,CA,AWP,WE,Towers with Radar,0,118,90,0,208,0,4,127,0,131,0,122,217,0,339,134,0,134,473
08/31/2002,SBA,CA,AWP,WE,Towers with Radar,0,91,77,0,168,0,11,177,0,188,0,102,254,0,356,144,0,144,500
09/01/2002,SBA,CA,AWP,WE,Towers with Radar,0,89,41,0,130,0,18,233,0,251,0,107,274,0,381,138,0,138,519
09/02/2002,SBA,CA,AWP,WE,Towers with Radar,0,107,58,0,165,0,8,254,0,262,0,115,312,0,427,296,0,296,723
09/03/2002,SBA,CA,AWP,WE,Towers with Radar,0,96,53,0,149,0,15,127,0,142,0,111,180,0,291,240,0,240,531
09/04/2002,SBA,CA,AWP,WE,Towers with Radar,0,102,53,0,155,0,23,132,0,155,0,125,185,0,310,170,0,170,480
09/05/2002,SBA,CA,AWP,WE,Towers with Radar,0,95,63,0,158,0,16,56,0,72,0,111,119,0,230,194,0,194,424
09/06/2002,SBA,CA,AWP,WE,Towers with Radar,0,105,69,1,175,0,8,162,0,170,0,113,231,1,345,220,0,220,565
09/07/2002,SBA,CA,AWP,WE,Towers with Radar,0,87,42,5,134,0,10,214,2,226,0,97,256,7,360,156,0,156,516
09/08/2002,SBA,CA,AWP,WE,Towers with Radar,0,97,81,2,180,0,1,223,1,225,0,98,304,3,405,94,0,94,499
09/09/2002,SBA,CA,AWP,WE,Towers with Radar,0,114,35,4,153,0,14,105,1,120,0,128,140,5,273,214,0,214,487
09/10/2002,SBA,CA,AWP,WE,Towers with Radar,0,96,48,1,145,0,22,152,2,176,0,118,200,3,321,306,0,306,627
09/11/2002,SBA,CA,AWP,WE,Towers with Radar,0,108,74,0,182,0,27,102,2,131,0,135,176,2,313,164,0,164,477
09/12/2002,SBA,CA,AWP,WE,Towers with Radar,0,117,75,5,197,0,8,70,3,81,0,125,145,8,278,116,0,116,394
09/13/2002,SBA,CA,AWP,WE,Towers with Radar,0,110,85,2,197,0,6,120,1,127,0,116,205,3,324,204,0,204,528
09/14/2002,SBA,CA,AWP,WE,Towers with Radar,4,84,68,1,157,0,3,110,4,117,4,87,178,5,274,92,0,92,366
09/15/2002,SBA,CA,AWP,WE,Towers with Radar,0,78,53,1,132,0,17,104,1,122,0,95,157,2,254,86,0,86,340
09/16/2002,SBA,CA,AWP,WE,Towers with Radar,0,89,53,4,146,0,12,133,1,146,0,101,186,5,292,124,0,124,416
09/17/2002,SBA,CA,AWP,WE,Towers with Radar,0,105,64,1,170,0,14,127,3,144,0,119,191,4,314,124,0,124,438
09/18/2002,SBA,CA,AWP,WE,Towers with Radar,0,103,84,0,187,0,13,72,0,85,0,116,156,0,272,176,0,176,448
09/19/2002,SBA,CA,AWP,WE,Towers with Radar,0,135,151,0,286,0,0,15,0,15,0,135,166,0,301,30,0,30,331
09/20/2002,SBA,CA,AWP,WE,Towers with Radar,0,112,105,2,219,0,5,69,3,77,0,117,174,5,296,66,0,66,362
09/21/2002,SBA,CA,AWP,WE,Towers with Radar,0,95,78,1,174,0,1,151,3,155,0,96,229,4,329,94,0,94,423
09/22/2002,SBA,CA,AWP,WE,Towers with Radar,0,102,61,0,163,0,0,297,0,297,0,102,358,0,460,174,0,174,634
09/23/2002,SBA,CA,AWP,WE,Towers with Radar,0,88,60,1,149,0,21,154,1,176,0,109,214,2,325,230,0,230,555
09/24/2002,SBA,CA,AWP,WE,Towers with Radar,0,103,53,1,157,0,11,102,1,114,0,114,155,2,271,140,0,140,411
09/25/2002,SBA,CA,AWP,WE,Towers with Radar,0,111,88,1,200,0,5,55,0,60,0,116,143,1,260,32,0,32,292
09/26/2002,SBA,CA,AWP,WE,Towers with Radar,0,100,91,5,196,0,3,49,2,54,0,103,140,7,250,54,0,54,304
09/27/2002,SBA,CA,AWP,WE,Towers with Radar,0,107,117,1,225,0,0,41,0,41,0,107,158,1,266,80,0,80,346
09/28/2002,SBA,CA,AWP,WE,Towers with Radar,0,98,112,1,211,0,4,21,0,25,0,102,133,1,236,36,0,36,272
09/29/2002,SBA,CA,AWP,WE,Towers with Radar,0,126,74,0,200,0,0,129,1,130,0,126,203,1,330,186,0,186,516
09/30/2002,SBA,CA,AWP,WE,Towers with Radar,0,101,48,3,152,0,9,98,11,118,0,110,146,14,270,204,0,204,474
10/01/2002,SBA,CA,AWP,WE,Towers with Radar,0,107,78,0,185,0,14,67,1,82,0,121,145,1,267,118,0,118,385
10/02/2002,SBA,CA,AWP,WE,Towers with Radar,0,104,55,0,159,0,19,134,2,155,0,123,189,2,314,230,0,230,544
10/03/2002,SBA,CA,AWP,WE,Towers with Radar,0,79,62,0,141,0,26,155,6,187,0,105,217,6,328,205,0,205,533
10/04/2002,SBA,CA,AWP,WE,Towers with Radar,0,120,86,0,206,0,14,174,4,192,0,134,260,4,398,158,0,158,556
10/05/2002,SBA,CA,AWP,WE,Towers with Radar,0,85,53,1,139,0,11,232,0,243,0,96,285,1,382,138,0,138,520
10/06/2002,SBA,CA,AWP,WE,Towers with Radar,0,98,66,0,164,0,8,318,1,327,0,106,384,1,491,274,0,274,765
10/07/2002,SBA,CA,AWP,WE,Towers with Radar,0,102,79,1,182,0,9,144,2,155,0,111,223,3,337,228,0,228,565
10/08/2002,SBA,CA,AWP,WE,Towers with Radar,0,99,71,0,170,0,8,112,1,121,0,107,183,1,291,78,0,78,369
10/09/2002,SBA,CA,AWP,WE,Towers with Radar,0,122,84,2,208,0,0,51,0,51,0,122,135,2,259,28,0,28,287
10/10/2002,SBA,CA,AWP,WE,Towers with Radar,0,99,114,0,213,0,5,55,0,60,0,104,169,0,273,174,0,174,447
10/11/2002,SBA,CA,AWP,WE,Towers with Radar,0,116,87,2,205,0,11,82,0,93,0,127,169,2,298,250,0,250,548
10/12/2002,SBA,CA,AWP,WE,Towers with Radar,0,96,59,0,155,0,8,160,1,169,0,104,219,1,324,192,0,192,516
10/13/2002,SBA,CA,AWP,WE,Towers with Radar,0,110,93,3,206,0,3,84,4,91,0,113,177,7,297,89,0,89,386
10/14/2002,SBA,CA,AWP,WE,Towers with Radar,0,116,114,1,231,0,6,30,0,36,0,122,144,1,267,78,0,78,345
10/15/2002,SBA,CA,AWP,WE,Towers with Radar,0,110,111,2,223,0,11,50,0,61,0,121,161,2,284,76,1,77,361
10/16/2002,SBA,CA,AWP,WE,Towers with Radar,0,112,93,0,205,0,14,40,0,54,0,126,133,0,259,126,0,126,385
10/17/2002,SBA,CA,AWP,WE,Towers with Radar,0,104,91,4,199,0,9,120,1,130,0,113,211,5,329,304,0,304,633
10/18/2002,SBA,CA,AWP,WE,Towers with Radar,0,95,112,5,212,0,6,111,1,118,0,101,223,6,330,236,0,236,566
10/19/2002,SBA,CA,AWP,WE,Towers with Radar,0,93,57,0,150,0,8,208,0,216,0,101,265,0,366,179,0,179,545
10/20/2002,SBA,CA,AWP,WE,Towers with Radar,0,98,160,0,258,0,0,32,0,32,0,98,192,0,290,120,0,120,410
10/21/2002,SBA,CA,AWP,WE,Towers with Radar,0,98,63,1,162,0,5,5,0,10,0,103,68,1,172,118,0,118,290
10/22/2002,SBA,CA,AWP,WE,Towers with Radar,0,97,66,3,166,0,10,46,0,56,0,107,112,3,222,182,0,182,404
10/23/2002,SBA,CA,AWP,WE,Towers with Radar,0,96,81,5,182,0,10,30,1,41,0,106,111,6,223,222,0,222,445
10/24/2002,SBA,CA,AWP,WE,Towers with Radar,0,105,82,0,187,0,6,40,0,46,0,111,122,0,233,122,0,122,355
10/25/2002,SBA,CA,AWP,WE,Towers with Radar,0,100,101,0,201,0,5,37,4,46,0,105,138,4,247,98,0,98,345
10/26/2002,SBA,CA,AWP,WE,Towers with Radar,0,93,66,3,162,0,5,79,0,84,0,98,145,3,246,108,0,108,354
10/27/2002,SBA,CA,AWP,WE,Towers with Radar,0,102,87,1,190,0,3,162,0,165,0,105,249,1,355,224,0,224,579
10/28/2002,SBA,CA,AWP,WE,Towers with Radar,0,102,38,0,140,0,8,147,0,155,0,110,185,0,295,174,0,174,469
10/29/2002,SBA,CA,AWP,WE,Towers with Radar,0,115,79,0,194,0,1,57,0,58,0,116,136,0,252,124,0,124,376
10/30/2002,SBA,CA,AWP,WE,Towers with Radar,0,103,70,2,175,0,16,73,0,89,0,119,143,2,264,112,0,112,376
10/31/2002,SBA,CA,AWP,WE,Towers with Radar,0,106,100,0,206,0,1,36,0,37,0,107,136,0,243,160,0,160,403
11/01/2002,SBA,CA,AWP,WE,Towers with Radar,0,101,67,1,169,0,10,90,0,100,0,111,157,1,269,116,0,116,385
11/02/2002,SBA,CA,AWP,WE,Towers with Radar,0,94,75,2,171,0,11,172,0,183,0,105,247,2,354,54,0,54,408
11/03/2002,SBA,CA,AWP,WE,Towers with Radar,0,99,56,3,158,0,10,163,2,175,0,109,219,5,333,172,0,172,505
11/04/2002,SBA,CA,AWP,WE,Towers with Radar,0,98,40,0,138,0,13,133,0,146,0,111,173,0,284,142,0,142,426
11/05/2002,SBA,CA,AWP,WE,Towers with Radar,0,107,62,0,169,0,4,59,0,63,0,111,121,0,232,122,0,122,354
11/06/2002,SBA,CA,AWP,WE,Towers with Radar,0,101,65,1,167,0,8,141,0,149,0,109,206,1,316,144,0,144,460
11/07/2002,SBA,CA,AWP,WE,Towers with Radar,0,102,80,1,183,0,2,5,0,7,0,104,85,1,190,20,0,20,210
11/08/2002,SBA,CA,AWP,WE,Towers with Radar,0,104,53,0,157,0,0,0,0,0,0,104,53,0,157,0,0,0,157
11/09/2002,SBA,CA,AWP,WE,Towers with Radar,0,95,63,0,158,0,0,2,0,2,0,95,65,0,160,0,0,0,160
11/10/2002,SBA,CA,AWP,WE,Towers with Radar,0,91,40,0,131,0,8,167,0,175,0,99,207,0,306,76,0,76,382
11/11/2002,SBA,CA,AWP,WE,Towers with Radar,0,96,56,2,154,0,5,183,0,188,0,101,239,2,342,300,0,300,642
11/12/2002,SBA,CA,AWP,WE,Towers with Radar,0,104,48,0,152,0,16,129,2,147,0,120,177,2,299,134,0,134,433
11/13/2002,SBA,CA,AWP,WE,Towers with Radar,1,105,42,2,150,0,14,164,3,181,1,119,206,5,331,184,1,185,516
11/14/2002,SBA,CA,AWP,WE,Towers with Radar,0,96,65,0,161,0,11,129,1,141,0,107,194,1,302,148,0,148,450
11/15/2002,SBA,CA,AWP,WE,Towers with Radar,0,123,88,0,211,0,8,170,2,180,0,131,258,2,391,80,0,80,471
11/16/2002,SBA,CA,AWP,WE,Towers with Radar,0,97,78,0,175,0,7,240,0,247,0,104,318,0,422,146,0,146,568
11/17/2002,SBA,CA,AWP,WE,Towers with Radar,0,87,58,2,147,0,1,244,0,245,0,88,302,2,392,132,0,132,524
11/18/2002,SBA,CA,AWP,WE,Towers with Radar,0,96,38,0,134,0,9,117,0,126,0,105,155,0,260,98,0,98,358
11/19/2002,SBA,CA,AWP,WE,Towers with Radar,0,106,44,0,150,0,18,153,2,173,0,124,197,2,323,190,0,190,513
11/20/2002,SBA,CA,AWP,WE,Towers with Radar,2,83,41,1,127,0,13,122,0,135,2,96,163,1,262,148,0,148,410
11/21/2002,SBA,CA,AWP,WE,Towers with Radar,0,100,56,4,160,0,13,156,0,169,0,113,212,4,329,176,0,176,505
11/22/2002,SBA,CA,AWP,WE,Towers with Radar,0,101,73,1,175,0,8,135,0,143,0,109,208,1,318,182,0,182,500
11/23/2002,SBA,CA,AWP,WE,Towers with Radar,0,94,62,2,158,0,5,148,1,154,0,99,210,3,312,236,0,236,548
11/24/2002,SBA,CA,AWP,WE,Towers with Radar,0,87,56,0,143,0,2,201,0,203,0,89,257,0,346,186,0,186,532
11/25/2002,SBA,CA,AWP,WE,Towers with Radar,0,98,37,0,135,0,9,87,0,96,0,107,124,0,231,172,0,172,403
11/26/2002,SBA,CA,AWP,WE,Towers with Radar,0,102,37,0,139,0,16,121,2,139,0,118,158,2,278,196,0,196,474
11/27/2002,SBA,CA,AWP,WE,Towers with Radar,0,104,75,0,179,0,11,163,0,174,0,115,238,0,353,150,0,150,503
11/28/2002,SBA,CA,AWP,WE,Towers with Radar,0,93,25,0,118,0,4,100,0,104,0,97,125,0,222,56,0,56,278
11/29/2002,SBA,CA,AWP,WE,Towers with Radar,0,84,56,1,141,0,7,110,1,118,0,91,166,2,259,162,0,162,421
11/30/2002,SBA,CA,AWP,WE,Towers with Radar,0,100,61,4,165,0,1,91,0,92,0,101,152,4,257,142,0,142,399
12/01/2002,SBA,CA,AWP,WE,Towers with Radar,0,96,93,1,190,0,7,250,0,257,0,103,343,1,447,94,0,94,541
12/02/2002,SBA,CA,AWP,WE,Towers with Radar,0,86,57,2,145,0,9,116,0,125,0,95,173,2,270,100,2,102,372
12/03/2002,SBA,CA,AWP,WE,Towers with Radar,0,103,37,0,140,0,29,142,0,171,0,132,179,0,311,76,0,76,387
12/04/2002,SBA,CA,AWP,WE,Towers with Radar,0,86,38,1,125,0,19,118,1,138,0,105,156,2,263,154,0,154,417
12/05/2002,SBA,CA,AWP,WE,Towers with Radar,0,111,36,1,148,0,17,137,1,155,0,128,173,2,303,140,0,140,443
12/06/2002,SBA,CA,AWP,WE,Towers with Radar,0,95,69,3,167,0,16,97,0,113,0,111,166,3,280,68,0,68,348
12/07/2002,SBA,CA,AWP,WE,Towers with Radar,0,93,66,0,159,0,7,112,0,119,0,100,178,0,278,104,0,104,382
12/08/2002,SBA,CA,AWP,WE,Towers with Radar,0,92,73,0,165,0,3,188,0,191,0,95,261,0,356,88,0,88,444
12/09/2002,SBA,CA,AWP,WE,Towers with Radar,0,93,54,0,147,0,10,88,0,98,0,103,142,0,245,84,0,84,329
12/10/2002,SBA,CA,AWP,WE,Towers with Radar,0,84,55,2,141,0,23,98,0,121,0,107,153,2,262,70,0,70,332
12/11/2002,SBA,CA,AWP,WE,Towers with Radar,0,96,65,2,163,0,24,140,0,164,0,120,205,2,327,126,0,126,453
12/12/2002,SBA,CA,AWP,WE,Towers with Radar,0,109,52,1,162,0,7,160,0,167,0,116,212,1,329,92,0,92,421
12/13/2002,SBA,CA,AWP,WE,Towers with Radar,0,44,23,4,71,0,7,60,0,67,0,51,83,4,138,0,0,0,138
12/14/2002,SBA,CA,AWP,WE,Towers with Radar,0,100,81,1,182,0,6,81,0,87,0,106,162,1,269,102,0,102,371
12/15/2002,SBA,CA,AWP,WE,Towers with Radar,0,83,48,0,131,0,5,56,0,61,0,88,104,0,192,126,0,126,318
12/16/2002,SBA,CA,AWP,WE,Towers with Radar,0,99,58,1,158,0,11,4,0,15,0,110,62,1,173,36,0,36,209
12/17/2002,SBA,CA,AWP,WE,Towers with Radar,0,103,63,2,168,0,20,43,1,64,0,123,106,3,232,44,0,44,276
12/18/2002,SBA,CA,AWP,WE,Towers with Radar,0,121,74,1,196,0,29,140,3,172,0,150,214,4,368,110,0,110,478
12/19/2002,SBA,CA,AWP,WE,Towers with Radar,0,119,42,4,165,0,17,55,2,74,0,136,97,6,239,60,0,60,299
12/20/2002,SBA,CA,AWP,WE,Towers with Radar,0,99,62,0,161,0,14,65,0,79,0,113,127,0,240,86,0,86,326
12/21/2002,SBA,CA,AWP,WE,Towers with Radar,0,97,67,0,164,0,5,11,0,16,0,102,78,0,180,0,0,0,180
12/22/2002,SBA,CA,AWP,WE,Towers with Radar,0,89,51,0,140,0,7,121,0,128,0,96,172,0,268,162,0,162,430
12/23/2002,SBA,CA,AWP,WE,Towers with Radar,0,104,47,2,153,0,11,140,0,151,0,115,187,2,304,190,0,190,494
12/24/2002,SBA,CA,AWP,WE,Towers with Radar,0,95,34,0,129,0,23,89,0,112,0,118,123,0,241,110,0,110,351
12/25/2002,SBA,CA,AWP,WE,Towers with Radar,0,81,22,0,103,0,8,53,0,61,0,89,75,0,164,68,0,68,232
12/26/2002,SBA,CA,AWP,WE,Towers with Radar,0,100,56,0,156,0,9,102,0,111,0,109,158,0,267,54,0,54,321
12/27/2002,SBA,CA,AWP,WE,Towers with Radar,0,86,65,0,151,0,0,147,0,147,0,86,212,0,298,76,0,76,374
12/28/2002,SBA,CA,AWP,WE,Towers with Radar,0,83,67,0,150,0,4,73,0,77,0,87,140,0,227,90,0,90,317
12/29/2002,SBA,CA,AWP,WE,Towers with Radar,0,91,60,0,151,0,6,94,0,100,0,97,154,0,251,102,0,102,353
12/30/2002,SBA,CA,AWP,WE,Towers with Radar,0,91,62,0,153,0,0,150,3,153,0,91,212,3,306,170,0,170,476
12/31/2002,SBA,CA,AWP,WE,Towers with Radar,0,99,67,0,166,0,15,64,0,79,0,114,131,0,245,94,0,94,339
01/01/2003,SBA,CA,AWP,WE,Towers with Radar,0,82,43,0,125,0,6,141,1,148,0,88,184,1,273,84,0,84,357
01/02/2003,SBA,CA,AWP,WE,Towers with Radar,0,94,50,0,144,0,7,128,2,137,0,101,178,2,281,102,0,102,383
01/03/2003,SBA,CA,AWP,WE,Towers with Radar,0,94,52,2,148,0,12,175,2,189,0,106,227,4,337,118,0,118,455
01/04/2003,SBA,CA,AWP,WE,Towers with Radar,0,91,61,0,152,0,8,189,0,197,0,99,250,0,349,164,0,164,513
01/05/2003,SBA,CA,AWP,WE,Towers with Radar,0,109,71,0,180,0,1,204,0,205,0,110,275,0,385,240,0,240,625
01/06/2003,SBA,CA,AWP,WE,Towers with Radar,0,100,31,0,131,0,6,47,0,53,0,106,78,0,184,68,0,68,252
01/07/2003,SBA,CA,AWP,WE,Towers with Radar,0,100,42,1,143,0,14,80,0,94,0,114,122,1,237,44,0,44,281
01/08/2003,SBA,CA,AWP,WE,Towers with Radar,0,101,64,0,165,0,15,90,0,105,0,116,154,0,270,74,0,74,344
01/09/2003,SBA,CA,AWP,WE,Towers with Radar,0,102,87,3,192,0,6,61,0,67,0,108,148,3,259,68,0,68,327
01/10/2003,SBA,CA,AWP,WE,Towers with Radar,0,95,69,2,166,0,7,63,0,70,0,102,132,2,236,154,0,154,390
01/11/2003,SBA,CA,AWP,WE,Towers with Radar,0,92,57,4,153,0,7,135,0,142,0,99,192,4,295,116,0,116,411
01/12/2003,SBA,CA,AWP,WE,Towers with Radar,0,93,126,0,219,0,2,47,0,49,0,95,173,0,268,0,0,0,268
01/13/2003,SBA,CA,AWP,WE,Towers with Radar,0,86,57,0,143,0,4,61,0,65,0,90,118,0,208,74,0,74,282
01/14/2003,SBA,CA,AWP,WE,Towers with Radar,0,95,57,6,158,0,6,49,0,55,0,101,106,6,213,50,0,50,263
01/15/2003,SBA,CA,AWP,WE,Towers with Radar,0,112,46,1,159,0,16,128,0,144,0,128,174,1,303,170,0,170,473
01/16/2003,SBA,CA,AWP,WE,Towers with Radar,0,90,58,1,149,0,9,148,1,158,0,99,206,2,307,120,0,120,427
01/17/2003,SBA,CA,AWP,WE,Towers with Radar,0,90,59,3,152,0,14,140,1,155,0,104,199,4,307,134,0,134,441
01/18/2003,SBA,CA,AWP,WE,Towers with Radar,0,99,82,1,182,0,6,272,0,278,0,105,354,1,460,162,0,162,622
01/19/2003,SBA,CA,AWP,WE,Towers with Radar,0,81,60,0,141,0,1,194,0,195,0,82,254,0,336,130,1,131,467
01/20/2003,SBA,CA,AWP,WE,Towers with Radar,0,97,78,0,175,0,8,113,1,122,0,105,191,1,297,110,0,110,407
01/21/2003,SBA,CA,AWP,WE,Towers with Radar,0,108,78,1,187,0,0,51,0,51,0,108,129,1,238,0,0,0,238
01/22/2003,SBA,CA,AWP,WE,Towers with Radar,0,106,72,0,178,0,15,66,0,81,0,121,138,0,259,104,0,104,363
01/23/2003,SBA,CA,AWP,WE,Towers with Radar,0,82,55,2,139,0,15,93,1,109,0,97,148,3,248,61,0,61,309
01/24/2003,SBA,CA,AWP,WE,Towers with Radar,0,94,58,2,154,0,15,156,1,172,0,109,214,3,326,118,0,118,444
01/25/2003,SBA,CA,AWP,WE,Towers with Radar,0,86,56,1,143,0,4,229,1,234,0,90,285,2,377,178,0,178,555
01/26/2003,SBA,CA,AWP,WE,Towers with Radar,0,88,49,0,137,0,1,200,0,201,0,89,249,0,338,242,0,242,580
01/27/2003,SBA,CA,AWP,WE,Towers with Radar,0,88,44,4,136,0,3,133,0,136,0,91,177,4,272,90,0,90,362
01/28/2003,SBA,CA,AWP,WE,Towers with Radar,0,89,48,0,137,0,14,105,0,119,0,103,153,0,256,156,0,156,412
01/29/2003,SBA,CA,AWP,WE,Towers with Radar,0,99,65,3,167,0,19,103,1,123,0,118,168,4,290,84,0,84,374
01/30/2003,SBA,CA,AWP,WE,Towers with Radar,0,100,48,2,150,0,11,184,0,195,0,111,232,2,345,184,0,184,529
01/31/2003,SBA,CA,AWP,WE,Towers with Radar,0,106,32,0,138,0,11,155,0,166,0,117,187,0,304,166,0,166,470
02/01/2003,SBA,CA,AWP,WE,Towers with Radar,0,97,43,5,145,0,2,117,4,123,0,99,160,9,268,84,0,84,352
02/02/2003,SBA,CA,AWP,WE,Towers with Radar,0,102,42,0,144,0,7,172,1,180,0,109,214,1,324,94,2,96,420
02/03/2003,SBA,CA,AWP,WE,Towers with Radar,0,104,58,0,162,0,8,137,0,145,0,112,195,0,307,66,0,66,373
02/04/2003,SBA,CA,AWP,WE,Towers with Radar,0,109,64,0,173,0,16,114,0,130,0,125,178,0,303,88,0,88,391
02/05/2003,SBA,CA,AWP,WE,Towers with Radar,0,108,44,0,152,0,12,128,0,140,0,120,172,0,292,132,0,132,424
02/06/2003,SBA,CA,AWP,WE,Towers with Radar,0,100,60,0,160,0,15,154,0,169,0,115,214,0,329,154,0,154,483
02/07/2003,SBA,CA,AWP,WE,Towers with Radar,0,101,39,1,141,0,10,105,3,118,0,111,144,4,259,124,0,124,383
02/08/2003,SBA,CA,AWP,WE,Towers with Radar,0,102,55,0,157,0,7,214,0,221,0,109,269,0,378,94,0,94,472
02/09/2003,SBA,CA,AWP,WE,Towers with Radar,0,102,51,0,153,0,0,280,0,280,0,102,331,0,433,130,0,130,563
02/10/2003,SBA,CA,AWP,WE,Towers with Radar,0,113,80,0,193,0,9,137,2,148,0,122,217,2,341,214,0,214,555
02/11/2003,SBA,CA,AWP,WE,Towers with Radar,0,113,39,0,152,0,10,33,1,44,0,123,72,1,196,138,0,138,334
02/12/2003,SBA,CA,AWP,WE,Towers with Radar,0,55,20,0,75,0,3,8,0,11,0,58,28,0,86,46,0,46,132
02/13/2003,SBA,CA,AWP,WE,Towers with Radar,0,106,86,5,197,0,5,19,1,25,0,111,105,6,222,126,0,126,348
02/14/2003,SBA,CA,AWP,WE,Towers with Radar,0,105,64,1,170,0,9,158,1,168,0,114,222,2,338,262,0,262,600
02/15/2003,SBA,CA,AWP,WE,Towers with Radar,0,88,106,0,194,0,4,35,0,39,0,92,141,0,233,174,0,174,407
02/16/2003,SBA,CA,AWP,WE,Towers with Radar,0,94,98,0,192,0,3,81,0,84,0,97,179,0,276,152,0,152,428
02/17/2003,SBA,CA,AWP,WE,Towers with Radar,0,104,82,0,186,0,11,199,0,210,0,115,281,0,396,154,0,154,550
02/18/2003,SBA,CA,AWP,WE,Towers with Radar,0,100,61,1,162,0,20,106,6,132,0,120,167,7,294,208,0,208,502
02/19/2003,SBA,CA,AWP,WE,Towers with Radar,0,95,58,0,153,0,15,93,0,108,0,110,151,0,261,196,0,196,457
02/20/2003,SBA,CA,AWP,WE,Towers with Radar,0,100,60,1,161,0,17,53,4,74,0,117,113,5,235,92,0,92,327
02/21/2003,SBA,CA,AWP,WE,Towers with Radar,0,99,56,0,155,0,14,225,0,239,0,113,281,0,394,226,1,227,621
02/22/2003,SBA,CA,AWP,WE,Towers with Radar,0,88,53,0,141,0,16,230,0,246,0,104,283,0,387,202,0,202,589
02/23/2003,SBA,CA,AWP,WE,Towers with Radar,0,98,109,0,207,0,4,65,0,69,0,102,174,0,276,150,1,151,427
02/24/2003,SBA,CA,AWP,WE,Towers with Radar,0,111,98,1,210,0,8,29,0,37,0,119,127,1,247,102,0,102,349
02/25/2003,SBA,CA,AWP,WE,Towers with Radar,0,95,58,0,153,0,15,93,0,108,0,110,151,0,261,196,0,196,457
02/26/2003,SBA,CA,AWP,WE,Towers with Radar,0,105,54,1,160,0,15,113,6,134,0,120,167,7,294,208,0,208,502
02/27/2003,SBA,CA,AWP,WE,Towers with Radar,0,116,72,0,188,0,0,70,6,76,0,116,142,6,264,0,164,164,428
02/28/2003,SBA,CA,AWP,WE,Towers with Radar,0,99,49,2,150,0,11,159,0,170,0,110,208,2,320,144,0,144,464
03/01/2003,SBA,CA,AWP,WE,Towers with Radar,0,118,76,1,195,0,7,145,0,152,0,125,221,1,347,128,0,128,475
03/02/2003,SBA,CA,AWP,WE,Towers with Radar,0,98,52,0,150,0,7,224,0,231,0,105,276,0,381,120,0,120,501
03/03/2003,SBA,CA,AWP,WE,Towers with Radar,0,98,62,0,160,0,11,80,2,93,0,109,142,2,253,112,0,112,365
03/04/2003,SBA,CA,AWP,WE,Towers with Radar,0,95,71,2,168,0,23,79,3,105,0,118,150,5,273,184,0,184,457
03/05/2003,SBA,CA,AWP,WE,Towers with Radar,0,96,61,0,157,0,24,143,2,169,0,120,204,2,326,256,0,256,582
03/06/2003,SBA,CA,AWP,WE,Towers with Radar,0,99,44,0,143,0,11,143,9,163,0,110,187,9,306,166,0,166,472
03/07/2003,SBA,CA,AWP,WE,Towers with Radar,0,105,67,0,172,0,26,156,2,184,0,131,223,2,356,156,0,156,512
03/08/2003,SBA,CA,AWP,WE,Towers with Radar,0,91,56,0,147,0,8,167,0,175,0,99,223,0,322,72,0,72,394
03/09/2003,SBA,CA,AWP,WE,Towers with Radar,0,85,54,0,139,0,16,193,0,209,0,101,247,0,348,200,0,200,548
03/10/2003,SBA,CA,AWP,WE,Towers with Radar,0,93,50,0,143,0,12,142,0,154,0,105,192,0,297,174,0,174,471
03/11/2003,SBA,CA,AWP,WE,Towers with Radar,0,105,66,0,171,0,9,63,0,72,0,114,129,0,243,42,0,42,285
03/12/2003,SBA,CA,AWP,WE,Towers with Radar,0,121,89,0,210,0,0,66,2,68,0,121,155,2,278,52,0,52,330
03/13/2003,SBA,CA,AWP,WE,Towers with Radar,0,114,98,0,212,0,0,36,1,37,0,114,134,1,249,0,0,0,249
03/14/2003,SBA,CA,AWP,WE,Towers with Radar,0,103,73,0,176,0,0,53,0,53,0,103,126,0,229,38,0,38,267
03/15/2003,SBA,CA,AWP,WE,Towers with Radar,0,92,56,0,148,0,1,0,1,2,0,93,56,1,150,0,0,0,150
03/16/2003,SBA,CA,AWP,WE,Towers with Radar,0,103,65,0,168,0,1,119,0,120,0,104,184,0,288,98,0,98,386
03/17/2003,SBA,CA,AWP,WE,Towers with Radar,0,71,45,0,116,0,27,36,0,63,0,98,81,0,179,117,0,117,296
03/18/2003,SBA,CA,AWP,WE,Towers with Radar,0,80,50,0,130,0,39,79,2,120,0,119,129,2,250,72,0,72,322
03/19/2003,SBA,CA,AWP,WE,Towers with Radar,0,85,54,0,139,0,20,116,0,136,0,105,170,0,275,60,0,60,335
03/20/2003,SBA,CA,AWP,WE,Towers with Radar,0,100,52,0,152,0,6,102,0,108,0,106,154,0,260,148,0,148,408
03/21/2003,SBA,CA,AWP,WE,Towers with Radar,0,110,69,0,179,1,3,185,1,190,1,113,254,1,369,181,0,181,550
03/22/2003,SBA,CA,AWP,WE,Towers with Radar,0,92,46,0,138,0,10,232,0,242,0,102,278,0,380,210,0,210,590
03/23/2003,SBA,CA,AWP,WE,Towers with Radar,0,117,72,0,189,0,0,142,0,142,0,117,214,0,331,76,0,76,407
03/24/2003,SBA,CA,AWP,WE,Towers with Radar,0,108,83,0,191,0,9,59,0,68,0,117,142,0,259,98,0,98,357
03/25/2003,SBA,CA,AWP,WE,Towers with Radar,0,93,57,1,151,0,8,113,1,122,0,101,170,2,273,120,0,120,393
03/26/2003,SBA,CA,AWP,WE,Towers with Radar,0,48,27,0,75,0,7,41,0,48,0,55,68,0,123,0,0,0,123
03/27/2003,SBA,CA,AWP,WE,Towers with Radar,0,118,52,1,171,0,13,118,0,131,0,131,170,1,302,118,0,118,420
03/28/2003,SBA,CA,AWP,WE,Towers with Radar,0,106,64,0,170,0,13,158,0,171,0,119,222,0,341,160,0,160,501
03/29/2003,SBA,CA,AWP,WE,Towers with Radar,0,82,53,0,135,0,10,157,0,167,0,92,210,0,302,170,0,170,472
03/30/2003,SBA,CA,AWP,WE,Towers with Radar,0,102,83,1,186,0,3,195,1,199,0,105,278,2,385,124,0,124,509
03/31/2003,SBA,CA,AWP,WE,Towers with Radar,0,93,45,0,138,0,8,133,0,141,0,101,178,0,279,170,0,170,449
04/01/2003,SBA,CA,AWP,WE,Towers with Radar,0,100,79,1,180,0,8,51,0,59,0,108,130,1,239,174,0,174,413
04/02/2003,SBA,CA,AWP,WE,Towers with Radar,0,104,75,0,179,0,24,69,0,93,0,128,144,0,272,54,0,54,326
04/03/2003,SBA,CA,AWP,WE,Towers with Radar,0,105,58,2,165,0,14,115,1,130,0,119,173,3,295,192,0,192,487
04/04/2003,SBA,CA,AWP,WE,Towers with Radar,0,103,74,1,178,0,17,72,0,89,0,120,146,1,267,176,0,176,443
04/05/2003,SBA,CA,AWP,WE,Towers with Radar,0,84,69,5,158,0,15,153,2,170,0,99,222,7,328,120,0,120,448
04/06/2003,SBA,CA,AWP,WE,Towers with Radar,0,89,64,0,153,0,14,207,0,221,0,103,271,0,374,110,0,110,484
04/07/2003,SBA,CA,AWP,WE,Towers with Radar,0,95,64,3,162,0,8,136,1,145,0,103,200,4,307,160,0,160,467
04/08/2003,SBA,CA,AWP,WE,Towers with Radar,0,87,59,1,147,0,20,176,2,198,0,107,235,3,345,136,0,136,481
04/09/2003,SBA,CA,AWP,WE,Towers with Radar,0,93,39,6,138,0,22,161,1,184,0,115,200,7,322,233,0,233,555
04/10/2003,SBA,CA,AWP,WE,Towers with Radar,0,97,54,1,152,0,9,119,1,129,0,106,173,2,281,210,0,210,491
04/11/2003,SBA,CA,AWP,WE,Towers with Radar,0,101,103,0,204,0,3,35,0,38,0,104,138,0,242,30,0,30,272
04/12/2003,SBA,CA,AWP,WE,Towers with Radar,0,95,67,0,162,0,6,40,0,46,0,101,107,0,208,0,142,142,350
04/13/2003,SBA,CA,AWP,WE,Towers with Radar,0,73,62,4,139,0,3,0,0,3,0,76,62,4,142,0,0,0,142
04/14/2003,SBA,CA,AWP,WE,Towers with Radar,0,103,73,1,177,0,2,23,0,25,0,105,96,1,202,102,0,102,304
04/15/2003,SBA,CA,AWP,WE,Towers with Radar,0,99,41,3,143,0,22,121,3,146,0,121,162,6,289,178,0,178,467
04/16/2003,SBA,CA,AWP,WE,Towers with Radar,0,97,46,1,144,0,13,131,2,146,0,110,177,3,290,190,0,190,480
04/17/2003,SBA,CA,AWP,WE,Towers with Radar,0,100,92,1,193,0,9,62,0,71,0,109,154,1,264,154,0,154,418
04/18/2003,SBA,CA,AWP,WE,Towers with Radar,0,98,72,0,170,0,0,119,0,119,0,98,191,0,289,104,0,104,393
04/19/2003,SBA,CA,AWP,WE,Towers with Radar,0,85,68,0,153,0,14,262,0,276,0,99,330,0,429,130,0,130,559
04/20/2003,SBA,CA,AWP,WE,Towers with Radar,0,88,64,0,152,0,1,177,1,179,0,89,241,1,331,82,0,82,413
04/21/2003,SBA,CA,AWP,WE,Towers with Radar,0,95,69,0,164,0,0,87,1,88,0,95,156,1,252,116,0,116,368
04/22/2003,SBA,CA,AWP,WE,Towers with Radar,0,95,53,0,148,0,15,99,2,116,0,110,152,2,264,84,0,84,348
04/23/2003,SBA,CA,AWP,WE,Towers with Radar,0,98,64,1,163,0,19,145,5,169,0,117,209,6,332,190,0,190,522
04/24/2003,SBA,CA,AWP,WE,Towers with Radar,0,105,90,0,195,0,8,75,0,83,0,113,165,0,278,130,0,130,408
04/25/2003,SBA,CA,AWP,WE,Towers with Radar,0,116,77,0,193,0,7,99,1,107,0,123,176,1,300,148,0,148,448
04/26/2003,SBA,CA,AWP,WE,Towers with Radar,0,81,50,0,131,0,7,199,0,206,0,88,249,0,337,162,0,162,499
04/27/2003,SBA,CA,AWP,WE,Towers with Radar,0,100,63,13,176,0,1,155,1,157,0,101,218,14,333,122,0,122,455
04/28/2003,SBA,CA,AWP,WE,Towers with Radar,0,95,98,0,193,0,9,46,0,55,0,104,144,0,248,70,0,70,318
04/29/2003,SBA,CA,AWP,WE,Towers with Radar,0,100,55,0,155,0,14,141,1,156,0,114,196,1,311,137,0,137,448
04/30/2003,SBA,CA,AWP,WE,Towers with Radar,0,87,63,0,150,0,16,149,3,168,0,103,212,3,318,256,0,256,574
05/01/2003,SBA,CA,AWP,WE,Towers with Radar,0,99,74,6,179,0,14,113,3,130,0,113,187,9,309,178,0,178,487
05/02/2003,SBA,CA,AWP,WE,Towers with Radar,0,101,94,0,195,0,3,26,0,29,0,104,120,0,224,22,0,22,246
05/03/2003,SBA,CA,AWP,WE,Towers with Radar,0,81,75,0,156,0,0,12,0,12,0,81,87,0,168,66,0,66,234
05/04/2003,SBA,CA,AWP,WE,Towers with Radar,0,96,75,1,172,0,4,103,1,108,0,100,178,2,280,104,0,104,384
05/05/2003,SBA,CA,AWP,WE,Towers with Radar,0,106,51,2,159,0,7,116,3,126,0,113,167,5,285,166,0,166,451
05/06/2003,SBA,CA,AWP,WE,Towers with Radar,0,93,85,0,178,0,9,84,1,94,0,102,169,1,272,136,0,136,408
05/07/2003,SBA,CA,AWP,WE,Towers with Radar,0,104,87,3,194,0,17,62,0,79,0,121,149,3,273,88,0,88,361
05/08/2003,SBA,CA,AWP,WE,Towers with Radar,0,90,71,1,162,0,13,64,4,81,0,103,135,5,243,116,0,116,359
05/09/2003,SBA,CA,AWP,WE,Towers with Radar,0,100,58,7,165,0,14,144,0,158,0,114,202,7,323,134,0,134,457
05/10/2003,SBA,CA,AWP,WE,Towers with Radar,0,91,63,0,154,0,5,246,0,251,0,96,309,0,405,234,0,234,639
05/11/2003,SBA,CA,AWP,WE,Towers with Radar,0,94,54,0,148,0,0,281,2,283,0,94,335,2,431,168,0,168,599
05/12/2003,SBA,CA,AWP,WE,Towers with Radar,0,101,57,3,161,0,13,148,1,162,0,114,205,4,323,220,0,220,543
05/13/2003,SBA,CA,AWP,WE,Towers with Radar,0,99,98,2,199,0,3,46,0,49,0,102,144,2,248,0,128,128,376
05/14/2003,SBA,CA,AWP,WE,Towers with Radar,0,98,87,4,189,0,13,53,0,66,0,111,140,4,255,206,0,206,461
05/15/2003,SBA,CA,AWP,WE,Towers with Radar,0,92,86,1,179,0,15,147,0,162,0,107,233,1,341,140,0,140,481
05/16/2003,SBA,CA,AWP,WE,Towers with Radar,0,94,64,0,158,0,14,200,0,214,0,108,264,0,372,202,0,202,574
05/17/2003,SBA,CA,AWP,WE,Towers with Radar,0,82,50,0,132,0,8,167,0,175,0,90,217,0,307,162,0,162,469
05/18/2003,SBA,CA,AWP,WE,Towers with Radar,0,86,80,0,166,0,9,180,0,189,0,95,260,0,355,100,0,100,455
05/19/2003,SBA,CA,AWP,WE,Towers with Radar,0,104,51,4,159,0,17,147,0,164,0,121,198,4,323,186,0,186,509
05/20/2003,SBA,CA,AWP,WE,Towers with Radar,0,102,63,0,165,0,26,104,0,130,0,128,167,0,295,116,0,116,411
05/21/2003,SBA,CA,AWP,WE,Towers with Radar,0,98,78,3,179,0,12,92,1,105,0,110,170,4,284,142,4,146,430
05/22/2003,SBA,CA,AWP,WE,Towers with Radar,0,98,78,1,177,0,15,94,0,109,0,113,172,1,286,142,0,142,428
05/23/2003,SBA,CA,AWP,WE,Towers with Radar,0,123,146,0,269,0,3,17,0,20,0,126,163,0,289,18,0,18,307
05/24/2003,SBA,CA,AWP,WE,Towers with Radar,2,92,118,0,212,0,0,44,0,44,2,92,162,0,256,92,0,92,348
05/25/2003,SBA,CA,AWP,WE,Towers with Radar,0,92,90,0,182,0,3,33,1,37,0,95,123,1,219,128,0,128,347
05/26/2003,SBA,CA,AWP,WE,Towers with Radar,0,99,68,0,167,0,3,229,0,232,0,102,297,0,399,74,0,74,473
05/27/2003,SBA,CA,AWP,WE,Towers with Radar,0,82,51,0,133,0,10,82,0,92,0,92,133,0,225,150,0,150,375
05/28/2003,SBA,CA,AWP,WE,Towers with Radar,0,101,57,0,158,0,5,95,1,101,0,106,152,1,259,136,0,136,395
05/29/2003,SBA,CA,AWP,WE,Towers with Radar,0,99,96,2,197,0,6,67,0,73,0,105,163,2,270,0,134,134,404
05/30/2003,SBA,CA,AWP,WE,Towers with Radar,2,110,76,0,188,0,6,143,0,149,2,116,219,0,337,194,0,194,531
05/31/2003,SBA,CA,AWP,WE,Towers with Radar,1,94,128,0,223,0,7,55,0,62,1,101,183,0,285,88,0,88,373
06/01/2003,SBA,CA,AWP,WE,Towers with Radar,1,92,139,0,232,1,0,16,0,17,2,92,155,0,249,14,0,14,263
06/02/2003,SBA,CA,AWP,WE,Towers with Radar,4,97,84,0,185,1,0,10,0,11,5,97,94,0,196,0,0,0,196
06/03/2003,SBA,CA,AWP,WE,Towers with Radar,2,108,119,0,229,1,0,0,0,1,3,108,119,0,230,0,0,0,230
06/04/2003,SBA,CA,AWP,WE,Towers with Radar,5,106,108,1,220,0,6,26,0,32,5,112,134,1,252,194,0,194,446
06/05/2003,SBA,CA,AWP,WE,Towers with Radar,4,98,102,1,205,0,7,10,1,18,4,105,112,2,223,102,0,102,325
06/06/2003,SBA,CA,AWP,WE,Towers with Radar,2,114,118,1,235,2,0,24,0,26,4,114,142,1,261,202,0,202,463
06/07/2003,SBA,CA,AWP,WE,Towers with Radar,2,82,109,2,195,0,0,47,0,47,2,82,156,2,242,146,0,146,388
06/08/2003,SBA,CA,AWP,WE,Towers with Radar,2,108,111,0,221,0,0,30,0,30,2,108,141,0,251,102,0,102,353
06/09/2003,SBA,CA,AWP,WE,Towers with Radar,3,94,122,5,224,0,6,18,0,24,3,100,140,5,248,126,0,126,374
06/10/2003,SBA,CA,AWP,WE,Towers with Radar,1,103,93,5,202,0,3,12,2,17,1,106,105,7,219,158,2,160,379
06/11/2003,SBA,CA,AWP,WE,Towers with Radar,5,103,81,2,191,0,16,71,0,87,5,119,152,2,278,224,0,224,502
06/12/2003,SBA,CA,AWP,WE,Towers with Radar,0,104,98,0,202,0,10,105,0,115,0,114,203,0,317,96,0,96,413
06/13/2003,SBA,CA,AWP,WE,Towers with Radar,0,86,81,0,167,0,22,143,10,175,0,108,224,10,342,192,0,192,534
06/14/2003,SBA,CA,AWP,WE,Towers with Radar,1,81,76,0,158,1,12,192,0,205,2,93,268,0,363,224,0,224,587
06/15/2003,SBA,CA,AWP,WE,Towers with Radar,6,96,71,0,173,0,0,291,0,291,6,96,362,0,464,104,0,104,568
06/16/2003,SBA,CA,AWP,WE,Towers with Radar,2,87,82,0,171,1,44,84,1,130,3,131,166,1,301,114,0,114,415
06/17/2003,SBA,CA,AWP,WE,Towers with Radar,1,103,80,0,184,0,4,51,1,56,1,107,131,1,240,162,0,162,402
06/18/2003,SBA,CA,AWP,WE,Towers with Radar,0,128,98,0,226,0,7,47,0,54,0,135,145,0,280,156,0,156,436
06/19/2003,SBA,CA,AWP,WE,Towers with Radar,0,111,125,2,238,0,9,49,0,58,0,120,174,2,296,264,0,264,560
06/20/2003,SBA,CA,AWP,WE,Towers with Radar,2,100,89,0,191,0,5,111,2,118,2,105,200,2,309,138,2,140,449
06/21/2003,SBA,CA,AWP,WE,Towers with Radar,1,78,74,0,153,0,16,89,0,105,1,94,163,0,258,104,0,104,362
06/22/2003,SBA,CA,AWP,WE,Towers with Radar,1,88,90,1,180,0,0,84,2,86,1,88,174,3,266,48,0,48,314
06/23/2003,SBA,CA,AWP,WE,Towers with Radar,2,86,58,2,148,0,6,57,0,63,2,92,115,2,211,204,0,204,415
06/24/2003,SBA,CA,AWP,WE,Towers with Radar,1,87,46,2,136,0,23,138,0,161,1,110,184,2,297,260,0,260,557
06/25/2003,SBA,CA,AWP,WE,Towers with Radar,2,106,64,2,174,0,18,169,0,187,2,124,233,2,361,206,0,206,567
06/26/2003,SBA,CA,AWP,WE,Towers with Radar,2,103,59,4,168,0,8,105,1,114,2,111,164,5,282,152,0,152,434
06/27/2003,SBA,CA,AWP,WE,Towers with Radar,1,95,104,1,201,0,0,72,4,76,1,95,176,5,277,42,0,42,319
06/28/2003,SBA,CA,AWP,WE,Towers with Radar,0,91,108,0,199,0,2,42,0,44,0,93,150,0,243,48,0,48,291
06/29/2003,SBA,CA,AWP,WE,Towers with Radar,2,87,108,1,198,0,2,48,0,50,2,89,156,1,248,116,0,116,364
06/30/2003,SBA,CA,AWP,WE,Towers with Radar,2,76,72,0,150,1,20,138,0,159,3,96,210,0,309,138,0,138,447
07/01/2003,SBA,CA,AWP,WE,Towers with Radar,9,88,33,2,132,0,20,134,0,154,9,108,167,2,286,278,0,278,564
07/02/2003,SBA,CA,AWP,WE,Towers with Radar,7,94,61,1,163,0,19,174,0,193,7,113,235,1,356,226,0,226,582
07/03/2003,SBA,CA,AWP,WE,Towers with Radar,10,104,47,0,161,0,10,214,0,224,10,114,261,0,385,246,0,246,631
07/04/2003,SBA,CA,AWP,WE,Towers with Radar,7,94,61,1,163,0,19,174,0,193,7,113,235,1,356,226,0,226,582
07/05/2003,SBA,CA,AWP,WE,Towers with Radar,10,92,42,0,144,0,6,189,0,195,10,98,231,0,339,68,0,68,407
07/06/2003,SBA,CA,AWP,WE,Towers with Radar,8,99,65,0,172,0,6,286,0,292,8,105,351,0,464,116,0,116,580
07/07/2003,SBA,CA,AWP,WE,Towers with Radar,6,90,32,0,128,0,13,129,1,143,6,103,161,1,271,182,0,182,453
07/08/2003,SBA,CA,AWP,WE,Towers with Radar,9,89,42,12,152,0,18,132,0,150,9,107,174,12,302,162,0,162,464
07/09/2003,SBA,CA,AWP,WE,Towers with Radar,7,100,80,3,190,0,0,40,0,40,7,100,120,3,230,6,0,6,236
07/10/2003,SBA,CA,AWP,WE,Towers with Radar,8,91,77,4,180,0,6,80,1,87,8,97,157,5,267,74,0,74,341
07/11/2003,SBA,CA,AWP,WE,Towers with Radar,6,105,57,0,168,0,11,150,2,163,6,116,207,2,331,154,0,154,485
07/12/2003,SBA,CA,AWP,WE,Towers with Radar,12,95,81,0,188,0,4,122,1,127,12,99,203,1,315,72,0,72,387
07/13/2003,SBA,CA,AWP,WE,Towers with Radar,8,107,47,5,167,0,5,188,4,197,8,112,235,9,364,194,2,196,560
07/14/2003,SBA,CA,AWP,WE,Towers with Radar,9,96,23,0,128,0,9,139,0,148,9,105,162,0,276,188,0,188,464
07/15/2003,SBA,CA,AWP,WE,Towers with Radar,6,78,50,2,136,2,29,125,0,156,8,107,175,2,292,166,0,166,458
07/16/2003,SBA,CA,AWP,WE,Towers with Radar,15,113,51,2,181,0,18,158,0,176,15,131,209,2,357,135,4,139,496
07/17/2003,SBA,CA,AWP,WE,Towers with Radar,6,94,49,2,151,0,10,136,0,146,6,104,185,2,297,112,0,112,409
07/18/2003,SBA,CA,AWP,WE,Towers with Radar,10,105,67,1,183,3,10,124,5,142,13,115,191,6,325,117,0,117,442
07/19/2003,SBA,CA,AWP,WE,Towers with Radar,10,87,42,0,139,0,8,139,2,149,10,95,181,2,288,134,0,134,422
07/20/2003,SBA,CA,AWP,WE,Towers with Radar,6,93,66,0,165,0,10,241,0,251,6,103,307,0,416,114,0,114,530
07/21/2003,SBA,CA,AWP,WE,Towers with Radar,8,105,75,0,188,1,9,56,0,66,9,114,131,0,254,104,0,104,358
07/22/2003,SBA,CA,AWP,WE,Towers with Radar,9,81,44,2,136,0,10,95,0,105,9,91,139,2,241,148,0,148,389
07/23/2003,SBA,CA,AWP,WE,Towers with Radar,8,98,98,0,204,0,7,96,0,103,8,105,194,0,307,78,0,78,385
07/24/2003,SBA,CA,AWP,WE,Towers with Radar,7,122,127,5,261,0,4,15,0,19,7,126,142,5,280,0,0,0,280
07/25/2003,SBA,CA,AWP,WE,Towers with Radar,7,98,88,0,193,0,10,78,1,89,7,108,166,1,282,104,0,104,386
07/26/2003,SBA,CA,AWP,WE,Towers with Radar,9,101,95,0,205,5,5,143,0,153,14,106,238,0,358,130,0,130,488
07/27/2003,SBA,CA,AWP,WE,Towers with Radar,10,86,85,0,181,0,10,178,0,188,10,96,263,0,369,80,0,80,449
07/28/2003,SBA,CA,AWP,WE,Towers with Radar,8,92,55,4,159,0,13,117,0,130,8,105,172,4,289,212,0,212,501
07/29/2003,SBA,CA,AWP,WE,Towers with Radar,7,91,51,1,150,0,9,94,0,103,7,100,145,1,253,212,0,212,465
07/30/2003,SBA,CA,AWP,WE,Towers with Radar,10,99,73,3,185,0,10,87,1,98,10,109,160,4,283,118,0,118,401
07/31/2003,SBA,CA,AWP,WE,Towers with Radar,3,105,76,1,185,0,18,101,0,119,3,123,177,1,304,120,0,120,424
08/01/2003,SBA,CA,AWP,WE,Towers with Radar,6,124,76,4,210,0,13,136,1,150,6,137,212,5,360,94,0,94,454
08/02/2003,SBA,CA,AWP,WE,Towers with Radar,8,88,54,0,150,0,7,165,1,173,8,95,219,1,323,222,0,222,545
08/03/2003,SBA,CA,AWP,WE,Towers with Radar,8,92,63,0,163,0,6,209,0,215,8,98,272,0,378,162,0,162,540
08/04/2003,SBA,CA,AWP,WE,Towers with Radar,10,98,58,0,166,0,15,127,0,142,10,113,185,0,308,208,0,208,516
08/05/2003,SBA,CA,AWP,WE,Towers with Radar,5,96,39,0,140,0,19,124,2,145,5,115,163,2,285,226,0,226,511
08/06/2003,SBA,CA,AWP,WE,Towers with Radar,8,80,49,1,138,0,21,184,1,206,8,101,233,2,344,254,0,254,598
08/07/2003,SBA,CA,AWP,WE,Towers with Radar,6,111,64,1,182,0,17,159,0,176,6,128,223,1,358,198,0,198,556
08/08/2003,SBA,CA,AWP,WE,Towers with Radar,7,99,70,0,176,0,13,179,0,192,7,112,249,0,368,104,0,104,472
08/09/2003,SBA,CA,AWP,WE,Towers with Radar,7,79,47,0,133,2,9,228,1,240,9,88,275,1,373,154,0,154,527
08/10/2003,SBA,CA,AWP,WE,Towers with Radar,13,96,61,0,170,0,8,253,0,261,13,104,314,0,431,260,0,260,691
08/11/2003,SBA,CA,AWP,WE,Towers with Radar,10,103,40,2,155,0,16,131,4,151,10,119,171,6,306,186,8,194,500
08/12/2003,SBA,CA,AWP,WE,Towers with Radar,8,85,42,0,135,0,19,136,5,160,8,104,178,5,295,134,0,134,429
08/13/2003,SBA,CA,AWP,WE,Towers with Radar,6,99,51,2,158,0,18,183,0,201,6,117,234,2,359,206,0,206,565
08/14/2003,SBA,CA,AWP,WE,Towers with Radar,9,99,58,0,166,0,25,132,0,157,9,124,190,0,323,154,0,154,477
08/15/2003,SBA,CA,AWP,WE,Towers with Radar,9,95,51,2,157,0,20,153,1,174,9,115,204,3,331,140,0,140,471
08/16/2003,SBA,CA,AWP,WE,Towers with Radar,8,102,63,0,173,0,14,255,3,272,8,116,318,3,445,112,0,112,557
08/17/2003,SBA,CA,AWP,WE,Towers with Radar,9,101,50,0,160,0,8,264,0,272,9,109,314,0,432,166,0,166,598
08/18/2003,SBA,CA,AWP,WE,Towers with Radar,8,90,39,0,137,0,14,127,3,144,8,104,166,3,281,112,0,112,393
08/19/2003,SBA,CA,AWP,WE,Towers with Radar,9,98,57,0,164,3,7,105,2,117,12,105,162,2,281,198,0,198,479
08/20/2003,SBA,CA,AWP,WE,Towers with Radar,9,98,52,3,162,0,8,112,0,120,9,106,164,3,282,248,0,248,530
08/21/2003,SBA,CA,AWP,WE,Towers with Radar,7,98,78,0,183,0,13,111,0,124,7,111,189,0,307,84,0,84,391
08/22/2003,SBA,CA,AWP,WE,Towers with Radar,9,115,74,1,199,0,11,152,3,166,9,126,226,4,365,180,0,180,545
08/23/2003,SBA,CA,AWP,WE,Towers with Radar,8,92,73,0,173,0,12,202,2,216,8,104,275,2,389,178,0,178,567
08/24/2003,SBA,CA,AWP,WE,Towers with Radar,8,98,87,4,197,0,17,213,0,230,8,115,300,4,427,100,0,100,527
08/25/2003,SBA,CA,AWP,WE,Towers with Radar,7,85,36,1,129,0,7,112,0,119,7,92,148,1,248,148,0,148,396
08/26/2003,SBA,CA,AWP,WE,Towers with Radar,13,101,72,1,187,0,11,69,0,80,13,112,141,1,267,178,0,178,445
08/27/2003,SBA,CA,AWP,WE,Towers with Radar,7,92,35,0,134,0,14,145,3,162,7,106,180,3,296,242,0,242,538
08/28/2003,SBA,CA,AWP,WE,Towers with Radar,7,92,49,0,148,0,11,155,1,167,7,103,204,1,315,182,0,182,497
08/29/2003,SBA,CA,AWP,WE,Towers with Radar,5,99,49,5,158,0,7,197,0,204,5,106,246,5,362,94,0,94,456
08/30/2003,SBA,CA,AWP,WE,Towers with Radar,4,81,47,0,132,0,1,201,0,202,4,82,248,0,334,102,0,102,436
08/31/2003,SBA,CA,AWP,WE,Towers with Radar,6,70,41,0,117,1,11,194,1,207,7,81,235,1,324,100,0,100,424
09/01/2003,SBA,CA,AWP,WE,Towers with Radar,11,83,80,1,175,0,3,99,1,103,11,86,179,2,278,2,0,2,280
09/02/2003,SBA,CA,AWP,WE,Towers with Radar,6,92,51,1,150,0,3,68,0,71,6,95,119,1,221,122,0,122,343
09/03/2003,SBA,CA,AWP,WE,Towers with Radar,8,97,75,0,180,0,14,115,1,130,8,111,190,1,310,134,6,140,450
09/04/2003,SBA,CA,AWP,WE,Towers with Radar,8,95,50,2,155,0,7,126,2,135,8,102,176,4,290,146,0,146,436
09/05/2003,SBA,CA,AWP,WE,Towers with Radar,7,102,52,0,161,0,16,187,1,204,7,118,239,1,365,152,0,152,517
09/06/2003,SBA,CA,AWP,WE,Towers with Radar,5,78,42,2,127,0,1,201,1,203,5,79,243,3,330,154,0,154,484
09/07/2003,SBA,CA,AWP,WE,Towers with Radar,8,88,46,0,142,0,0,202,2,204,8,88,248,2,346,140,0,140,486
09/08/2003,SBA,CA,AWP,WE,Towers with Radar,7,98,61,6,172,0,16,110,5,131,7,114,171,11,303,138,0,138,441
09/09/2003,SBA,CA,AWP,WE,Towers with Radar,9,80,64,2,155,0,20,93,0,113,9,100,157,2,268,85,0,85,353
09/10/2003,SBA,CA,AWP,WE,Towers with Radar,8,91,57,1,157,0,18,114,0,132,8,109,171,1,289,120,0,120,409
09/11/2003,SBA,CA,AWP,WE,Towers with Radar,8,96,76,2,182,2,10,47,0,59,10,106,123,2,241,0,0,0,241
09/12/2003,SBA,CA,AWP,WE,Towers with Radar,9,117,103,0,229,0,0,86,0,86,9,117,189,0,315,34,0,34,349
09/13/2003,SBA,CA,AWP,WE,Towers with Radar,10,85,91,0,186,0,1,20,0,21,10,86,111,0,207,12,0,12,219
09/14/2003,SBA,CA,AWP,WE,Towers with Radar,8,102,113,4,227,0,1,10,0,11,8,103,123,4,238,0,0,0,238
09/15/2003,SBA,CA,AWP,WE,Towers with Radar,6,98,84,2,190,0,8,58,0,66,6,106,142,2,256,30,0,30,286
09/16/2003,SBA,CA,AWP,WE,Towers with Radar,8,100,74,2,184,0,10,75,0,85,8,110,149,2,269,56,0,56,325
09/17/2003,SBA,CA,AWP,WE,Towers with Radar,6,90,72,1,169,1,29,93,8,131,7,119,165,9,300,170,0,170,470
09/18/2003,SBA,CA,AWP,WE,Towers with Radar,10,86,45,1,142,1,2,94,0,97,11,88,139,1,239,114,0,114,353
09/19/2003,SBA,CA,AWP,WE,Towers with Radar,5,113,140,0,258,0,1,17,0,18,5,114,157,0,276,2,0,2,278
09/20/2003,SBA,CA,AWP,WE,Towers with Radar,6,90,74,0,170,0,5,92,0,97,6,95,166,0,267,36,0,36,303
09/21/2003,SBA,CA,AWP,WE,Towers with Radar,6,85,68,0,159,3,5,150,0,158,9,90,218,0,317,82,0,82,399
09/22/2003,SBA,CA,AWP,WE,Towers with Radar,4,93,92,14,203,0,0,33,0,33,4,93,125,14,236,0,10,10,246
09/23/2003,SBA,CA,AWP,WE,Towers with Radar,7,100,61,0,168,0,5,76,0,81,7,105,137,0,249,70,0,70,319
09/24/2003,SBA,CA,AWP,WE,Towers with Radar,5,94,73,1,173,0,20,68,1,89,5,114,141,2,262,54,0,54,316
09/25/2003,SBA,CA,AWP,WE,Towers with Radar,7,104,61,3,175,0,10,133,7,150,7,114,194,10,325,156,0,156,481
09/26/2003,SBA,CA,AWP,WE,Towers with Radar,7,100,76,0,183,0,12,170,0,182,7,112,246,0,365,90,0,90,455
09/27/2003,SBA,CA,AWP,WE,Towers with Radar,3,82,73,2,160,0,2,48,0,50,3,84,121,2,210,42,0,42,252
09/28/2003,SBA,CA,AWP,WE,Towers with Radar,7,113,127,0,247,0,2,6,0,8,7,115,133,0,255,0,0,0,255
09/29/2003,SBA,CA,AWP,WE,Towers with Radar,3,89,79,0,171,0,4,9,0,13,3,93,88,0,184,0,8,8,192
09/30/2003,SBA,CA,AWP,WE,Towers with Radar,7,109,105,0,221,0,1,0,0,1,7,110,105,0,222,0,0,0,222
10/01/2003,SBA,CA,AWP,WE,Towers with Radar,5,103,83,1,192,0,0,94,0,94,5,103,177,1,286,82,0,82,368
10/02/2003,SBA,CA,AWP,WE,Towers with Radar,6,109,101,1,217,0,0,39,0,39,6,109,140,1,256,38,0,38,294
10/03/2003,SBA,CA,AWP,WE,Towers with Radar,6,106,97,0,209,0,0,60,0,60,6,106,157,0,269,140,0,140,409
10/04/2003,SBA,CA,AWP,WE,Towers with Radar,5,82,66,1,154,2,21,99,0,122,7,103,165,1,276,244,0,244,520
10/05/2003,SBA,CA,AWP,WE,Towers with Radar,8,93,95,1,197,0,0,49,0,49,8,93,144,1,246,0,0,0,246
10/06/2003,SBA,CA,AWP,WE,Towers with Radar,6,100,88,2,196,0,0,31,1,32,6,100,119,3,228,0,0,0,228
10/07/2003,SBA,CA,AWP,WE,Towers with Radar,8,110,88,2,208,0,5,14,1,20,8,115,102,3,228,4,0,4,232
10/08/2003,SBA,CA,AWP,WE,Towers with Radar,7,117,104,2,230,0,0,64,0,64,7,117,168,2,294,40,0,40,334
10/09/2003,SBA,CA,AWP,WE,Towers with Radar,7,113,91,0,211,0,5,69,0,74,7,118,160,0,285,50,0,50,335
10/10/2003,SBA,CA,AWP,WE,Towers with Radar,6,111,89,1,207,0,10,111,0,121,6,121,200,1,328,150,0,150,478
10/11/2003,SBA,CA,AWP,WE,Towers with Radar,7,86,69,0,162,0,11,164,0,175,7,97,233,0,337,196,0,196,533
10/12/2003,SBA,CA,AWP,WE,Towers with Radar,5,81,65,1,152,2,6,180,0,188,7,87,245,1,340,134,0,134,474
10/13/2003,SBA,CA,AWP,WE,Towers with Radar,5,76,61,1,143,5,38,141,1,185,10,114,202,2,328,86,0,86,414
10/14/2003,SBA,CA,AWP,WE,Towers with Radar,8,98,79,1,186,1,0,30,3,34,9,98,109,4,220,10,0,10,230
10/15/2003,SBA,CA,AWP,WE,Towers with Radar,6,90,79,1,176,0,0,16,2,18,6,90,95,3,194,0,0,0,194
10/16/2003,SBA,CA,AWP,WE,Towers with Radar,6,102,80,1,189,0,4,79,2,85,6,106,159,3,274,90,0,90,364
10/17/2003,SBA,CA,AWP,WE,Towers with Radar,5,100,78,1,184,0,10,108,0,118,5,110,186,1,302,94,0,94,396
10/18/2003,SBA,CA,AWP,WE,Towers with Radar,5,69,54,0,128,1,27,182,0,210,6,96,236,0,338,208,0,208,546
10/19/2003,SBA,CA,AWP,WE,Towers with Radar,7,102,80,0,189,0,15,221,0,236,7,117,301,0,425,162,0,162,587
10/20/2003,SBA,CA,AWP,WE,Towers with Radar,5,68,53,0,126,2,22,118,8,150,7,90,171,8,276,90,0,90,366
10/21/2003,SBA,CA,AWP,WE,Towers with Radar,4,95,75,1,175,0,33,142,7,182,4,128,217,8,357,158,0,158,515
10/22/2003,SBA,CA,AWP,WE,Towers with Radar,7,101,79,1,188,2,23,111,1,137,9,124,190,2,325,132,0,132,457
10/23/2003,SBA,CA,AWP,WE,Towers with Radar,6,100,79,0,185,0,23,168,0,191,6,123,247,0,376,178,0,178,554
10/24/2003,SBA,CA,AWP,WE,Towers with Radar,7,96,75,0,178,3,58,152,0,213,10,154,227,0,391,200,0,200,591
10/25/2003,SBA,CA,AWP,WE,Towers with Radar,5,79,61,0,145,7,22,112,0,141,12,101,173,0,286,86,0,86,372
10/26/2003,SBA,CA,AWP,WE,Towers with Radar,5,63,49,0,117,5,10,128,0,143,10,73,177,0,260,102,0,102,362
10/27/2003,SBA,CA,AWP,WE,Towers with Radar,5,70,54,0,129,3,19,81,2,105,8,89,135,2,234,66,0,66,300
10/28/2003,SBA,CA,AWP,WE,Towers with Radar,5,83,65,1,154,2,30,48,0,80,7,113,113,1,234,114,0,114,348
10/29/2003,SBA,CA,AWP,WE,Towers with Radar,7,118,91,1,217,0,6,0,0,6,7,124,91,1,223,14,0,14,237
10/30/2003,SBA,CA,AWP,WE,Towers with Radar,7,103,82,1,193,2,16,81,3,102,9,119,163,4,295,138,0,138,433
10/31/2003,SBA,CA,AWP,WE,Towers with Radar,5,106,84,0,195,0,10,45,0,55,5,116,129,0,250,46,0,46,296
11/01/2003,SBA,CA,AWP,WE,Towers with Radar,8,111,71,2,192,0,11,185,0,196,8,122,256,2,388,234,0,234,622
11/02/2003,SBA,CA,AWP,WE,Towers with Radar,8,106,67,0,181,0,5,189,0,194,8,111,256,0,375,148,0,148,523
11/03/2003,SBA,CA,AWP,WE,Towers with Radar,7,101,64,0,172,1,5,46,0,52,8,106,110,0,224,112,0,112,336
11/04/2003,SBA,CA,AWP,WE,Towers with Radar,6,84,55,1,146,3,44,119,6,172,9,128,174,7,318,148,0,148,466
11/05/2003,SBA,CA,AWP,WE,Towers with Radar,9,120,77,2,208,0,14,147,8,169,9,134,224,10,377,76,6,82,459
11/06/2003,SBA,CA,AWP,WE,Towers with Radar,8,103,66,0,177,0,5,138,0,143,8,108,204,0,320,118,0,118,438
11/07/2003,SBA,CA,AWP,WE,Towers with Radar,7,109,70,2,188,0,11,150,1,162,7,120,220,3,350,116,0,116,466
11/08/2003,SBA,CA,AWP,WE,Towers with Radar,8,97,69,0,174,0,0,43,0,43,8,97,112,0,217,228,0,228,445
11/09/2003,SBA,CA,AWP,WE,Towers with Radar,6,89,62,0,157,0,0,77,0,77,6,89,139,0,234,56,0,56,290
11/10/2003,SBA,CA,AWP,WE,Towers with Radar,6,92,59,0,157,0,29,104,0,133,6,121,163,0,290,82,0,82,372
11/11/2003,SBA,CA,AWP,WE,Towers with Radar,7,88,57,0,152,0,31,151,0,182,7,119,208,0,334,174,0,174,508
11/12/2003,SBA,CA,AWP,WE,Towers with Radar,4,115,74,0,193,0,13,41,0,54,4,128,115,0,247,72,0,72,319
11/13/2003,SBA,CA,AWP,WE,Towers with Radar,7,93,60,1,161,0,16,157,1,174,7,109,217,2,335,194,0,194,529
11/14/2003,SBA,CA,AWP,WE,Towers with Radar,6,107,69,1,183,0,7,116,0,123,6,114,185,1,306,132,0,132,438
11/15/2003,SBA,CA,AWP,WE,Towers with Radar,7,91,59,0,157,0,8,63,0,71,7,99,122,0,228,144,0,144,372
11/16/2003,SBA,CA,AWP,WE,Towers with Radar,5,98,63,0,166,0,1,224,0,225,5,99,287,0,391,118,0,118,509
11/17/2003,SBA,CA,AWP,WE,Towers with Radar,7,97,61,1,166,1,26,97,2,126,8,123,158,3,292,68,0,68,360
11/18/2003,SBA,CA,AWP,WE,Towers with Radar,6,82,51,0,139,4,36,146,2,188,10,118,197,2,327,58,0,58,385
11/19/2003,SBA,CA,AWP,WE,Towers with Radar,6,83,52,0,141,4,18,117,1,140,10,101,169,1,281,52,0,52,333
11/20/2003,SBA,CA,AWP,WE,Towers with Radar,6,120,78,1,205,0,0,51,2,53,6,120,129,3,258,2,0,2,260
11/21/2003,SBA,CA,AWP,WE,Towers with Radar,7,119,75,1,202,0,6,92,3,101,7,125,167,4,303,68,0,68,371
11/22/2003,SBA,CA,AWP,WE,Towers with Radar,5,85,54,0,144,0,26,142,0,168,5,111,196,0,312,220,0,220,532
11/23/2003,SBA,CA,AWP,WE,Towers with Radar,7,88,55,0,150,1,22,194,0,217,8,110,249,0,367,154,0,154,521
11/24/2003,SBA,CA,AWP,WE,Towers with Radar,5,89,56,0,150,0,23,111,4,138,5,112,167,4,288,118,0,118,406
11/25/2003,SBA,CA,AWP,WE,Towers with Radar,8,104,65,0,177,2,15,133,2,152,10,119,198,2,329,115,0,115,444
11/26/2003,SBA,CA,AWP,WE,Towers with Radar,9,114,72,1,196,1,11,211,2,225,10,125,283,3,421,130,0,130,551
11/27/2003,SBA,CA,AWP,WE,Towers with Radar,5,58,36,0,99,2,15,81,0,98,7,73,117,0,197,16,0,16,213
11/28/2003,SBA,CA,AWP,WE,Towers with Radar,6,76,48,0,130,2,17,157,1,177,8,93,205,1,307,30,0,30,337
11/29/2003,SBA,CA,AWP,WE,Towers with Radar,7,93,58,0,158,1,3,191,0,195,8,96,249,0,353,232,0,232,585
11/30/2003,SBA,CA,AWP,WE,Towers with Radar,8,105,76,0,189,0,0,206,0,206,8,105,282,0,395,122,0,122,517
12/01/2003,SBA,CA,AWP,WE,Towers with Radar,5,102,58,0,165,0,6,82,0,88,5,108,140,0,253,58,0,58,311
12/02/2003,SBA,CA,AWP,WE,Towers with Radar,7,85,48,0,140,4,17,72,0,93,11,102,120,0,233,81,0,81,314
12/03/2003,SBA,CA,AWP,WE,Towers with Radar,7,90,51,1,149,2,19,86,1,108,9,109,137,2,257,142,0,142,399
12/04/2003,SBA,CA,AWP,WE,Towers with Radar,8,97,55,1,161,1,16,81,0,98,9,113,136,1,259,68,0,68,327
12/05/2003,SBA,CA,AWP,WE,Towers with Radar,7,87,49,0,143,0,21,81,0,102,7,108,130,0,245,48,0,48,293
12/06/2003,SBA,CA,AWP,WE,Towers with Radar,6,94,53,0,153,0,1,51,0,52,6,95,104,0,205,102,0,102,307
12/07/2003,SBA,CA,AWP,WE,Towers with Radar,7,92,59,1,159,0,0,39,1,40,7,92,98,2,199,4,0,4,203
12/08/2003,SBA,CA,AWP,WE,Towers with Radar,4,83,47,1,135,0,19,122,4,145,4,102,169,5,280,76,6,82,362
12/09/2003,SBA,CA,AWP,WE,Towers with Radar,8,97,55,1,161,1,11,128,9,149,9,108,183,10,310,112,0,112,422
12/10/2003,SBA,CA,AWP,WE,Towers with Radar,8,100,57,1,166,0,10,40,3,53,8,110,97,4,219,54,0,54,273
12/11/2003,SBA,CA,AWP,WE,Towers with Radar,4,107,61,1,173,0,0,55,1,56,4,107,116,2,229,94,0,94,323
12/12/2003,SBA,CA,AWP,WE,Towers with Radar,8,113,65,0,186,0,11,128,0,139,8,124,193,0,325,132,0,132,457
12/13/2003,SBA,CA,AWP,WE,Towers with Radar,4,77,45,0,126,0,14,235,0,249,4,91,280,0,375,228,0,228,603
12/14/2003,SBA,CA,AWP,WE,Towers with Radar,7,90,52,0,149,0,4,49,0,53,7,94,101,0,202,74,0,74,276
12/15/2003,SBA,CA,AWP,WE,Towers with Radar,8,85,50,0,143,0,24,96,0,120,8,109,146,0,263,72,0,72,335
12/16/2003,SBA,CA,AWP,WE,Towers with Radar,8,97,57,1,163,0,22,113,0,135,8,119,170,1,298,176,0,176,474
12/17/2003,SBA,CA,AWP,WE,Towers with Radar,7,92,54,1,154,0,12,176,2,190,7,104,230,3,344,182,0,182,526
12/18/2003,SBA,CA,AWP,WE,Towers with Radar,9,100,58,1,168,1,13,144,4,162,10,113,202,5,330,132,0,132,462
12/19/2003,SBA,CA,AWP,WE,Towers with Radar,9,95,56,1,161,1,7,123,3,134,10,102,179,4,295,132,6,138,433
12/20/2003,SBA,CA,AWP,WE,Towers with Radar,7,110,66,0,183,0,0,105,0,105,7,110,171,0,288,206,0,206,494
12/21/2003,SBA,CA,AWP,WE,Towers with Radar,8,92,56,1,157,0,0,117,1,118,8,92,173,2,275,116,0,116,391
12/22/2003,SBA,CA,AWP,WE,Towers with Radar,8,90,53,1,152,2,12,119,0,133,10,102,172,1,285,138,0,138,423
12/23/2003,SBA,CA,AWP,WE,Towers with Radar,10,104,62,0,176,2,0,0,0,2,12,104,62,0,178,8,0,8,186
12/24/2003,SBA,CA,AWP,WE,Towers with Radar,9,93,61,0,163,0,0,2,0,2,9,93,63,0,165,0,0,0,165
12/25/2003,SBA,CA,AWP,WE,Towers with Radar,6,65,30,0,101,3,15,0,0,18,9,80,30,0,119,0,0,0,119
12/26/2003,SBA,CA,AWP,WE,Towers with Radar,9,97,57,0,163,0,18,126,0,144,9,115,183,0,307,104,0,104,411
12/27/2003,SBA,CA,AWP,WE,Towers with Radar,8,87,51,0,146,0,21,254,0,275,8,108,305,0,421,248,0,248,669
12/28/2003,SBA,CA,AWP,WE,Towers with Radar,7,77,44,0,128,2,15,163,0,180,9,92,207,0,308,210,0,210,518
12/29/2003,SBA,CA,AWP,WE,Towers with Radar,6,69,39,0,114,4,17,29,0,50,10,86,68,0,164,60,0,60,224
12/30/2003,SBA,CA,AWP,WE,Towers with Radar,9,94,54,0,157,1,7,35,2,45,10,101,89,2,202,150,0,150,352
12/31/2003,SBA,CA,AWP,WE,Towers with Radar,8,84,48,0,140,2,20,109,0,131,10,104,157,0,271,118,0,118,389
01/01/2004,SBA,CA,AWP,WE,Towers with Radar,5,72,44,0,121,9,6,91,0,106,14,78,135,0,227,108,0,108,335
01/02/2004,SBA,CA,AWP,WE,Towers with Radar,9,101,63,2,175,1,1,3,0,5,10,102,66,2,180,0,0,0,180
01/03/2004,SBA,CA,AWP,WE,Towers with Radar,7,76,48,0,131,2,15,165,0,182,9,91,213,0,313,120,0,120,433
01/04/2004,SBA,CA,AWP,WE,Towers with Radar,8,86,54,0,148,1,2,187,0,190,9,88,241,0,338,124,0,124,462
01/05/2004,SBA,CA,AWP,WE,Towers with Radar,8,78,48,0,134,1,18,84,0,103,9,96,132,0,237,70,0,70,307
01/06/2004,SBA,CA,AWP,WE,Towers with Radar,9,87,54,0,150,0,17,77,0,94,9,104,131,0,244,168,0,168,412
01/07/2004,SBA,CA,AWP,WE,Towers with Radar,9,84,52,0,145,0,35,78,0,113,9,119,130,0,258,52,0,52,310
01/08/2004,SBA,CA,AWP,WE,Towers with Radar,8,86,53,2,149,0,9,141,0,150,8,95,194,2,299,143,0,143,442
01/09/2004,SBA,CA,AWP,WE,Towers with Radar,8,87,54,2,151,0,10,161,0,171,8,97,215,2,322,94,6,100,422
01/10/2004,SBA,CA,AWP,WE,Towers with Radar,6,80,50,0,136,0,2,240,0,242,6,82,290,0,378,194,0,194,572
01/11/2004,SBA,CA,AWP,WE,Towers with Radar,8,84,52,0,144,0,2,224,0,226,8,86,276,0,370,157,0,157,527
01/12/2004,SBA,CA,AWP,WE,Towers with Radar,7,103,64,2,176,0,2,35,5,42,7,105,99,7,218,70,0,70,288
01/13/2004,SBA,CA,AWP,WE,Towers with Radar,8,80,50,1,139,0,27,80,2,109,8,107,130,3,248,71,0,71,319
01/14/2004,SBA,CA,AWP,WE,Towers with Radar,8,88,53,2,151,1,19,85,2,107,9,107,138,4,258,64,0,64,322
01/15/2004,SBA,CA,AWP,WE,Towers with Radar,9,95,57,2,163,2,14,139,5,160,11,109,196,7,323,118,0,118,441
01/16/2004,SBA,CA,AWP,WE,Towers with Radar,6,113,84,3,206,0,0,84,1,85,6,113,168,4,291,78,0,78,369
01/17/2004,SBA,CA,AWP,WE,Towers with Radar,6,94,57,0,157,0,0,122,0,122,6,94,179,0,279,94,0,94,373
01/18/2004,SBA,CA,AWP,WE,Towers with Radar,8,97,64,1,170,0,0,103,0,103,8,97,167,1,273,74,0,74,347
01/19/2004,SBA,CA,AWP,WE,Towers with Radar,9,93,56,0,158,0,15,119,0,134,9,108,175,0,292,142,0,142,434
01/20/2004,SBA,CA,AWP,WE,Towers with Radar,7,104,63,2,176,0,12,18,1,31,7,116,81,3,207,51,0,51,258
01/21/2004,SBA,CA,AWP,WE,Towers with Radar,9,91,55,2,157,0,16,78,4,98,9,107,133,6,255,38,10,48,303
01/22/2004,SBA,CA,AWP,WE,Towers with Radar,8,91,55,2,156,2,16,85,0,103,10,107,140,2,259,89,0,89,348
01/23/2004,SBA,CA,AWP,WE,Towers with Radar,8,92,55,2,157,0,25,157,2,184,8,117,212,4,341,93,28,121,462
01/24/2004,SBA,CA,AWP,WE,Towers with Radar,8,79,53,0,140,3,0,57,0,60,11,79,110,0,200,157,0,157,357
01/25/2004,SBA,CA,AWP,WE,Towers with Radar,7,76,46,1,130,0,10,218,1,229,7,86,264,2,359,178,26,204,563
01/26/2004,SBA,CA,AWP,WE,Towers with Radar,9,97,59,2,167,1,13,97,7,118,10,110,156,9,285,81,8,89,374
01/27/2004,SBA,CA,AWP,WE,Towers with Radar,9,96,58,2,165,0,2,35,4,41,9,98,93,6,206,28,0,28,234
01/28/2004,SBA,CA,AWP,WE,Towers with Radar,9,93,56,2,160,2,19,127,3,151,11,112,183,5,311,126,10,136,447
01/29/2004,SBA,CA,AWP,WE,Towers with Radar,6,89,55,2,152,0,18,132,8,158,6,107,187,10,310,92,0,92,402
01/30/2004,SBA,CA,AWP,WE,Towers with Radar,7,98,61,0,166,0,2,129,0,131,7,100,190,0,297,38,0,38,335
01/31/2004,SBA,CA,AWP,WE,Towers with Radar,6,73,45,1,125,3,1,140,0,144,9,74,185,1,269,110,0,110,379
02/01/2004,SBA,CA,AWP,WE,Towers with Radar,8,80,51,0,139,2,1,85,0,88,10,81,136,0,227,124,0,124,351
02/02/2004,SBA,CA,AWP,WE,Towers with Radar,8,92,66,3,169,0,0,27,1,28,8,92,93,4,197,19,0,19,216
02/03/2004,SBA,CA,AWP,WE,Towers with Radar,7,75,48,2,132,3,20,19,4,46,10,95,67,6,178,50,0,50,228
02/04/2004,SBA,CA,AWP,WE,Towers with Radar,9,92,58,2,161,0,37,82,7,126,9,129,140,9,287,85,0,85,372
02/05/2004,SBA,CA,AWP,WE,Towers with Radar,8,98,62,3,171,0,12,150,11,173,8,110,212,14,344,128,0,128,472
02/06/2004,SBA,CA,AWP,WE,Towers with Radar,7,85,54,2,148,3,31,156,1,191,10,116,210,3,339,184,0,184,523
02/07/2004,SBA,CA,AWP,WE,Towers with Radar,7,76,48,2,133,2,6,180,5,193,9,82,228,7,326,56,0,56,382
02/08/2004,SBA,CA,AWP,WE,Towers with Radar,7,82,54,0,143,0,12,197,0,209,7,94,251,0,352,130,2,132,484
02/09/2004,SBA,CA,AWP,WE,Towers with Radar,6,78,51,0,135,0,24,110,0,134,6,102,161,0,269,76,0,76,345
02/10/2004,SBA,CA,AWP,WE,Towers with Radar,8,77,50,1,136,2,26,82,0,110,10,103,132,1,246,104,0,104,350
02/11/2004,SBA,CA,AWP,WE,Towers with Radar,9,83,55,1,148,1,19,147,0,167,10,102,202,1,315,94,0,94,409
02/12/2004,SBA,CA,AWP,WE,Towers with Radar,9,86,56,1,152,2,14,156,0,172,11,100,212,1,324,69,0,69,393
02/13/2004,SBA,CA,AWP,WE,Towers with Radar,10,97,64,1,172,2,9,159,0,170,12,106,223,1,342,121,0,121,463
02/14/2004,SBA,CA,AWP,WE,Towers with Radar,8,70,46,0,124,2,16,159,0,177,10,86,205,0,301,141,0,141,442
02/15/2004,SBA,CA,AWP,WE,Towers with Radar,9,85,55,2,151,0,2,194,0,196,9,87,249,2,347,253,0,253,600
02/16/2004,SBA,CA,AWP,WE,Towers with Radar,9,105,71,0,185,0,0,169,0,169,9,105,240,0,354,126,0,126,480
02/17/2004,SBA,CA,AWP,WE,Towers with Radar,9,82,54,2,147,2,13,95,0,110,11,95,149,2,257,70,0,70,327
02/18/2004,SBA,CA,AWP,WE,Towers with Radar,9,86,45,0,140,0,3,0,0,3,9,89,45,0,143,20,0,20,163
02/19/2004,SBA,CA,AWP,WE,Towers with Radar,8,97,66,2,173,0,0,96,0,96,8,97,162,2,269,110,0,110,379
02/20/2004,SBA,CA,AWP,WE,Towers with Radar,9,107,77,2,195,0,0,60,0,60,9,107,137,2,255,84,0,84,339
02/21/2004,SBA,CA,AWP,WE,Towers with Radar,9,79,52,0,140,1,0,13,0,14,10,79,65,0,154,76,0,76,230
02/22/2004,SBA,CA,AWP,WE,Towers with Radar,6,79,52,0,137,0,0,12,0,12,6,79,64,0,149,20,0,20,169
02/23/2004,SBA,CA,AWP,WE,Towers with Radar,9,90,57,1,157,0,6,73,2,81,9,96,130,3,238,84,0,84,322
02/24/2004,SBA,CA,AWP,WE,Towers with Radar,9,98,63,2,172,0,11,61,2,74,9,109,124,4,246,104,0,104,350
02/25/2004,SBA,CA,AWP,WE,Towers with Radar,9,85,47,0,141,1,0,0,0,1,10,85,47,0,142,0,0,0,142
02/26/2004,SBA,CA,AWP,WE,Towers with Radar,9,86,54,0,149,0,36,32,0,68,9,122,86,0,217,138,0,138,355
02/27/2004,SBA,CA,AWP,WE,Towers with Radar,6,100,64,2,172,0,14,95,10,119,6,114,159,12,291,123,0,123,414
02/28/2004,SBA,CA,AWP,WE,Towers with Radar,8,75,48,0,131,0,17,170,0,187,8,92,218,0,318,120,0,120,438
02/29/2004,SBA,CA,AWP,WE,Towers with Radar,9,93,60,1,163,0,0,204,3,207,9,93,264,4,370,165,0,165,535
03/01/2004,SBA,CA,AWP,WE,Towers with Radar,8,93,67,2,170,0,6,4,3,13,8,99,71,5,183,40,0,40,223
03/02/2004,SBA,CA,AWP,WE,Towers with Radar,7,82,60,0,149,2,22,63,0,87,9,104,123,0,236,74,0,74,310
03/03/2004,SBA,CA,AWP,WE,Towers with Radar,8,88,65,1,162,2,17,96,0,115,10,105,161,1,277,117,0,117,394
03/04/2004,SBA,CA,AWP,WE,Towers with Radar,8,84,63,2,157,1,19,85,2,107,9,103,148,4,264,144,0,144,408
03/05/2004,SBA,CA,AWP,WE,Towers with Radar,8,99,73,2,182,0,16,140,1,157,8,115,213,3,339,90,0,90,429
03/06/2004,SBA,CA,AWP,WE,Towers with Radar,6,72,53,1,132,0,25,219,0,244,6,97,272,1,376,106,0,106,482
03/07/2004,SBA,CA,AWP,WE,Towers with Radar,7,94,69,1,171,0,16,250,0,266,7,110,319,1,437,140,0,140,577
03/08/2004,SBA,CA,AWP,WE,Towers with Radar,8,77,57,2,144,0,30,116,0,146,8,107,173,2,290,102,0,102,392
03/09/2004,SBA,CA,AWP,WE,Towers with Radar,7,84,62,2,155,7,43,146,0,196,14,127,208,2,351,227,0,227,578
03/10/2004,SBA,CA,AWP,WE,Towers with Radar,8,82,61,0,151,0,35,96,0,131,8,117,157,0,282,193,0,193,475
03/11/2004,SBA,CA,AWP,WE,Towers with Radar,7,79,58,2,146,5,29,109,2,145,12,108,167,4,291,140,0,140,431
03/12/2004,SBA,CA,AWP,WE,Towers with Radar,8,112,101,2,223,0,0,30,0,30,8,112,131,2,253,12,2,14,267
03/13/2004,SBA,CA,AWP,WE,Towers with Radar,5,88,77,0,170,0,0,88,0,88,5,88,165,0,258,112,0,112,370
03/14/2004,SBA,CA,AWP,WE,Towers with Radar,6,92,87,0,185,0,0,37,0,37,6,92,124,0,222,0,0,0,222
03/15/2004,SBA,CA,AWP,WE,Towers with Radar,7,99,80,0,186,0,0,25,0,25,7,99,105,0,211,0,0,0,211
03/16/2004,SBA,CA,AWP,WE,Towers with Radar,7,86,64,1,158,0,15,53,0,68,7,101,117,1,226,122,0,122,348
03/17/2004,SBA,CA,AWP,WE,Towers with Radar,9,75,73,1,158,1,0,47,1,49,10,75,120,2,207,2,0,2,209
03/18/2004,SBA,CA,AWP,WE,Towers with Radar,6,68,0,1,75,4,21,0,0,25,10,89,0,1,100,50,0,50,150
03/19/2004,SBA,CA,AWP,WE,Towers with Radar,7,105,104,1,217,0,0,67,0,67,7,105,171,1,284,2,0,2,286
03/20/2004,SBA,CA,AWP,WE,Towers with Radar,8,95,87,0,190,0,0,60,0,60,8,95,147,0,250,10,0,10,260
03/21/2004,SBA,CA,AWP,WE,Towers with Radar,9,84,73,0,166,1,0,97,0,98,10,84,170,0,264,50,0,50,314
03/22/2004,SBA,CA,AWP,WE,Towers with Radar,9,85,71,0,165,2,0,26,0,28,11,85,97,0,193,0,0,0,193
03/23/2004,SBA,CA,AWP,WE,Towers with Radar,9,90,75,1,175,1,0,32,0,33,10,90,107,1,208,67,0,67,275
03/24/2004,SBA,CA,AWP,WE,Towers with Radar,8,92,66,1,167,2,14,77,3,96,10,106,143,4,263,110,0,110,373
03/25/2004,SBA,CA,AWP,WE,Towers with Radar,10,105,76,1,192,0,1,117,11,129,10,106,193,12,321,130,0,130,451
03/26/2004,SBA,CA,AWP,WE,Towers with Radar,7,87,63,1,158,0,22,62,2,86,7,109,125,3,244,130,0,130,374
03/27/2004,SBA,CA,AWP,WE,Towers with Radar,6,65,46,0,117,2,26,183,0,211,8,91,229,0,328,167,0,167,495
03/28/2004,SBA,CA,AWP,WE,Towers with Radar,7,77,56,1,141,1,10,263,1,275,8,87,319,2,416,174,0,174,590
03/29/2004,SBA,CA,AWP,WE,Towers with Radar,6,70,50,1,127,3,34,103,0,140,9,104,153,1,267,70,0,70,337
03/30/2004,SBA,CA,AWP,WE,Towers with Radar,9,89,64,1,163,3,38,56,3,100,12,127,120,4,263,123,0,123,386
03/31/2004,SBA,CA,AWP,WE,Towers with Radar,8,87,63,1,159,2,20,93,11,126,10,107,156,12,285,68,0,68,353
04/01/2004,SBA,CA,AWP,WE,Towers with Radar,10,104,72,0,186,0,10,62,0,72,10,114,134,0,258,187,0,187,445
04/02/2004,SBA,CA,AWP,WE,Towers with Radar,11,86,60,0,157,0,37,120,0,157,11,123,180,0,314,24,0,24,338
04/03/2004,SBA,CA,AWP,WE,Towers with Radar,9,93,65,0,167,0,3,88,0,91,9,96,153,0,258,104,0,104,362
04/04/2004,SBA,CA,AWP,WE,Towers with Radar,11,79,55,0,145,0,13,227,0,240,11,92,282,0,385,123,0,123,508
04/05/2004,SBA,CA,AWP,WE,Towers with Radar,11,88,61,0,160,2,11,66,0,79,13,99,127,0,239,60,0,60,299
04/06/2004,SBA,CA,AWP,WE,Towers with Radar,10,89,63,3,165,2,10,58,0,70,12,99,121,3,235,180,0,180,415
04/07/2004,SBA,CA,AWP,WE,Towers with Radar,9,88,62,2,161,0,14,109,0,123,9,102,171,2,284,155,0,155,439
04/08/2004,SBA,CA,AWP,WE,Towers with Radar,10,99,82,2,193,0,0,54,0,54,10,99,136,2,247,55,0,55,302
04/09/2004,SBA,CA,AWP,WE,Towers with Radar,12,112,86,0,210,0,0,84,0,84,12,112,170,0,294,102,0,102,396
04/10/2004,SBA,CA,AWP,WE,Towers with Radar,9,73,75,0,157,0,0,51,0,51,9,73,126,0,208,2,0,2,210
04/11/2004,SBA,CA,AWP,WE,Towers with Radar,10,81,57,0,148,2,12,148,0,162,12,93,205,0,310,110,0,110,420
04/12/2004,SBA,CA,AWP,WE,Towers with Radar,11,94,66,2,173,5,0,60,0,65,16,94,126,2,238,24,0,24,262
04/13/2004,SBA,CA,AWP,WE,Towers with Radar,11,95,67,3,176,0,5,61,2,68,11,100,128,5,244,174,0,174,418
04/14/2004,SBA,CA,AWP,WE,Towers with Radar,9,82,58,3,152,2,12,142,1,157,11,94,200,4,309,122,0,122,431
04/15/2004,SBA,CA,AWP,WE,Towers with Radar,11,91,67,0,169,0,0,84,0,84,11,91,151,0,253,138,0,138,391
04/16/2004,SBA,CA,AWP,WE,Towers with Radar,10,106,76,2,194,0,0,136,4,140,10,106,212,6,334,91,0,91,425
04/17/2004,SBA,CA,AWP,WE,Towers with Radar,8,89,69,2,168,0,0,28,35,63,8,89,97,37,231,85,0,85,316
04/18/2004,SBA,CA,AWP,WE,Towers with Radar,10,90,62,0,162,1,1,190,0,192,11,91,252,0,354,226,0,226,580
04/19/2004,SBA,CA,AWP,WE,Towers with Radar,11,94,65,2,172,2,25,110,4,141,13,119,175,6,313,106,0,106,419
04/20/2004,SBA,CA,AWP,WE,Towers with Radar,10,84,58,2,154,1,32,95,1,129,11,116,153,3,283,43,0,43,326
04/21/2004,SBA,CA,AWP,WE,Towers with Radar,10,85,58,2,155,1,31,85,3,120,11,116,143,5,275,105,10,115,390
04/22/2004,SBA,CA,AWP,WE,Towers with Radar,10,90,62,2,164,4,37,119,0,160,14,127,181,2,324,205,0,205,529
04/23/2004,SBA,CA,AWP,WE,Towers with Radar,8,87,60,1,156,0,19,175,0,194,8,106,235,1,350,196,0,196,546
04/24/2004,SBA,CA,AWP,WE,Towers with Radar,10,79,54,0,143,3,20,218,0,241,13,99,272,0,384,183,0,183,567
04/25/2004,SBA,CA,AWP,WE,Towers with Radar,9,89,61,0,159,0,1,233,0,234,9,90,294,0,393,204,0,204,597
04/26/2004,SBA,CA,AWP,WE,Towers with Radar,9,84,58,2,153,0,29,102,1,132,9,113,160,3,285,78,0,78,363
04/27/2004,SBA,CA,AWP,WE,Towers with Radar,10,79,54,1,144,4,36,107,0,147,14,115,161,1,291,191,0,191,482
04/28/2004,SBA,CA,AWP,WE,Towers with Radar,9,84,58,1,152,1,7,57,0,65,10,91,115,1,217,139,0,139,356
04/29/2004,SBA,CA,AWP,WE,Towers with Radar,12,108,75,0,195,0,8,103,0,111,12,116,178,0,306,76,0,76,382
04/30/2004,SBA,CA,AWP,WE,Towers with Radar,12,105,72,2,191,1,11,170,0,182,13,116,242,2,373,104,0,104,477
05/01/2004,SBA,CA,AWP,WE,Towers with Radar,6,64,41,2,113,2,21,198,0,221,8,85,239,2,334,66,0,66,400
05/02/2004,SBA,CA,AWP,WE,Towers with Radar,9,88,58,1,156,4,5,229,0,238,13,93,287,1,394,117,0,117,511
05/03/2004,SBA,CA,AWP,WE,Towers with Radar,8,84,55,2,149,2,45,119,4,170,10,129,174,6,319,104,0,104,423
05/04/2004,SBA,CA,AWP,WE,Towers with Radar,10,96,63,1,170,0,50,104,0,154,10,146,167,1,324,152,0,152,476
05/05/2004,SBA,CA,AWP,WE,Towers with Radar,9,95,62,2,168,3,39,75,2,119,12,134,137,4,287,84,0,84,371
05/06/2004,SBA,CA,AWP,WE,Towers with Radar,6,89,58,2,155,0,22,101,1,124,6,111,159,3,279,133,0,133,412
05/07/2004,SBA,CA,AWP,WE,Towers with Radar,7,91,60,2,160,0,30,153,2,185,7,121,213,4,345,190,0,190,535
05/08/2004,SBA,CA,AWP,WE,Towers with Radar,7,76,50,0,133,1,20,222,0,243,8,96,272,0,376,87,0,87,463
05/09/2004,SBA,CA,AWP,WE,Towers with Radar,9,87,57,2,155,5,13,202,1,221,14,100,259,3,376,79,0,79,455
05/10/2004,SBA,CA,AWP,WE,Towers with Radar,7,82,54,2,145,0,13,92,2,107,7,95,146,4,252,142,0,142,394
05/11/2004,SBA,CA,AWP,WE,Towers with Radar,6,108,71,2,187,0,25,119,1,145,6,133,190,3,332,78,0,78,410
05/12/2004,SBA,CA,AWP,WE,Towers with Radar,8,100,66,2,176,0,13,106,4,123,8,113,172,6,299,98,0,98,397
05/13/2004,SBA,CA,AWP,WE,Towers with Radar,9,89,58,0,156,1,19,167,0,187,10,108,225,0,343,137,0,137,480
05/14/2004,SBA,CA,AWP,WE,Towers with Radar,9,94,65,1,169,0,0,206,13,219,9,94,271,14,388,137,0,137,525
05/15/2004,SBA,CA,AWP,WE,Towers with Radar,7,79,52,0,138,1,1,204,0,206,8,80,256,0,344,174,0,174,518
05/16/2004,SBA,CA,AWP,WE,Towers with Radar,7,91,63,1,162,0,0,236,1,237,7,91,299,2,399,153,0,153,552
05/17/2004,SBA,CA,AWP,WE,Towers with Radar,9,92,62,1,164,0,0,95,3,98,9,92,157,4,262,145,0,145,407
05/18/2004,SBA,CA,AWP,WE,Towers with Radar,9,96,62,1,168,0,14,142,0,156,9,110,204,1,324,156,0,156,480
05/19/2004,SBA,CA,AWP,WE,Towers with Radar,9,86,55,1,151,0,24,94,1,119,9,110,149,2,270,125,0,125,395
05/20/2004,SBA,CA,AWP,WE,Towers with Radar,10,100,64,1,175,0,8,94,4,106,10,108,158,5,281,66,0,66,347
05/21/2004,SBA,CA,AWP,WE,Towers with Radar,9,96,61,1,167,0,0,126,8,134,9,96,187,9,301,127,0,127,428
05/22/2004,SBA,CA,AWP,WE,Towers with Radar,6,72,46,1,125,0,7,189,0,196,6,79,235,1,321,76,0,76,397
05/23/2004,SBA,CA,AWP,WE,Towers with Radar,9,93,60,1,163,1,0,162,0,163,10,93,222,1,326,70,0,70,396
05/24/2004,SBA,CA,AWP,WE,Towers with Radar,9,93,62,1,165,2,0,76,6,84,11,93,138,7,249,110,0,110,359
05/25/2004,SBA,CA,AWP,WE,Towers with Radar,8,108,69,1,186,0,7,106,1,114,8,115,175,2,300,92,0,92,392
05/26/2004,SBA,CA,AWP,WE,Towers with Radar,6,84,54,1,145,0,22,102,0,124,6,106,156,1,269,49,0,49,318
05/27/2004,SBA,CA,AWP,WE,Towers with Radar,7,106,68,1,182,0,7,79,1,87,7,113,147,2,269,32,0,32,301
05/28/2004,SBA,CA,AWP,WE,Towers with Radar,8,107,71,1,187,0,0,113,2,115,8,107,184,3,302,115,0,115,417
05/29/2004,SBA,CA,AWP,WE,Towers with Radar,8,73,46,0,127,3,25,193,0,221,11,98,239,0,348,162,0,162,510
05/30/2004,SBA,CA,AWP,WE,Towers with Radar,6,68,43,0,117,1,24,204,0,229,7,92,247,0,346,110,0,110,456
05/31/2004,SBA,CA,AWP,WE,Towers with Radar,9,97,62,0,168,2,12,298,0,312,11,109,360,0,480,126,0,126,606
06/01/2004,SBA,CA,AWP,WE,Towers with Radar,8,85,65,1,159,4,15,120,1,140,12,100,185,2,299,114,0,114,413
06/02/2004,SBA,CA,AWP,WE,Towers with Radar,7,74,57,1,139,1,28,101,5,135,8,102,158,6,274,184,2,186,460
06/03/2004,SBA,CA,AWP,WE,Towers with Radar,9,101,78,1,189,0,19,81,1,101,9,120,159,2,290,57,0,57,347
06/04/2004,SBA,CA,AWP,WE,Towers with Radar,9,96,74,1,180,4,15,104,0,123,13,111,178,1,303,106,0,106,409
06/05/2004,SBA,CA,AWP,WE,Towers with Radar,7,81,62,1,151,4,79,206,0,289,11,160,268,1,440,64,0,64,504
06/06/2004,SBA,CA,AWP,WE,Towers with Radar,8,98,75,0,181,0,74,130,0,204,8,172,205,0,385,68,0,68,453
06/07/2004,SBA,CA,AWP,WE,Towers with Radar,9,102,78,1,190,4,5,46,1,56,13,107,124,2,246,50,0,50,296
06/08/2004,SBA,CA,AWP,WE,Towers with Radar,8,86,66,1,161,2,29,72,2,105,10,115,138,3,266,98,0,98,364
06/09/2004,SBA,CA,AWP,WE,Towers with Radar,7,98,75,1,181,0,26,68,1,95,7,124,143,2,276,72,0,72,348
06/10/2004,SBA,CA,AWP,WE,Towers with Radar,7,84,64,1,156,1,35,130,0,166,8,119,194,1,322,193,0,193,515
06/11/2004,SBA,CA,AWP,WE,Towers with Radar,9,105,80,1,195,0,21,119,7,147,9,126,199,8,342,198,0,198,540
06/12/2004,SBA,CA,AWP,WE,Towers with Radar,8,85,66,1,160,1,20,177,1,199,9,105,243,2,359,211,0,211,570
06/13/2004,SBA,CA,AWP,WE,Towers with Radar,7,83,65,1,156,1,22,179,1,203,8,105,244,2,359,98,0,98,457
06/14/2004,SBA,CA,AWP,WE,Towers with Radar,9,89,70,1,169,0,25,81,2,108,9,114,151,3,277,100,0,100,377
06/15/2004,SBA,CA,AWP,WE,Towers with Radar,10,105,82,1,198,2,3,82,0,87,12,108,164,1,285,92,0,92,377
06/16/2004,SBA,CA,AWP,WE,Towers with Radar,10,110,99,2,221,0,0,37,1,38,10,110,136,3,259,38,0,38,297
06/17/2004,SBA,CA,AWP,WE,Towers with Radar,10,112,106,2,230,0,0,60,4,64,10,112,166,6,294,99,0,99,393
06/18/2004,SBA,CA,AWP,WE,Towers with Radar,6,102,96,1,205,0,0,72,2,74,6,102,168,3,279,45,0,45,324
06/19/2004,SBA,CA,AWP,WE,Towers with Radar,11,109,85,1,206,0,1,42,1,44,11,110,127,2,250,85,0,85,335
06/20/2004,SBA,CA,AWP,WE,Towers with Radar,11,95,98,0,204,0,0,77,0,77,11,95,175,0,281,41,0,41,322
06/21/2004,SBA,CA,AWP,WE,Towers with Radar,12,106,94,1,213,0,0,35,0,35,12,106,129,1,248,54,0,54,302
06/22/2004,SBA,CA,AWP,WE,Towers with Radar,8,98,77,0,183,0,0,45,0,45,8,98,122,0,228,100,0,100,328
06/23/2004,SBA,CA,AWP,WE,Towers with Radar,8,99,78,0,185,0,8,23,1,32,8,107,101,1,217,114,0,114,331
06/24/2004,SBA,CA,AWP,WE,Towers with Radar,10,99,78,0,187,5,14,88,0,107,15,113,166,0,294,117,0,117,411
06/25/2004,SBA,CA,AWP,WE,Towers with Radar,8,105,82,0,195,0,22,97,2,121,8,127,179,2,316,63,0,63,379
06/26/2004,SBA,CA,AWP,WE,Towers with Radar,8,83,66,0,157,0,20,133,1,154,8,103,199,1,311,75,0,75,386
06/27/2004,SBA,CA,AWP,WE,Towers with Radar,9,85,67,0,161,0,30,160,0,190,9,115,227,0,351,176,0,176,527
06/28/2004,SBA,CA,AWP,WE,Towers with Radar,9,93,83,0,185,0,0,51,4,55,9,93,134,4,240,8,0,8,248
06/29/2004,SBA,CA,AWP,WE,Towers with Radar,7,107,82,0,196,0,15,34,0,49,7,122,116,0,245,14,0,14,259
06/30/2004,SBA,CA,AWP,WE,Towers with Radar,8,98,75,0,181,0,15,51,0,66,8,113,126,0,247,28,0,28,275
07/01/2004,SBA,CA,AWP,WE,Towers with Radar,8,99,69,1,177,0,6,153,2,161,8,105,222,3,338,0,129,129,467
07/02/2004,SBA,CA,AWP,WE,Towers with Radar,9,98,70,0,177,0,15,193,0,208,9,113,263,0,385,197,0,197,582
07/03/2004,SBA,CA,AWP,WE,Towers with Radar,7,84,81,0,172,0,0,57,0,57,7,84,138,0,229,45,0,45,274
07/04/2004,SBA,CA,AWP,WE,Towers with Radar,8,71,52,0,131,1,0,75,0,76,9,71,127,0,207,34,0,34,241
07/05/2004,SBA,CA,AWP,WE,Towers with Radar,11,107,83,0,201,2,0,110,0,112,13,107,193,0,313,4,0,4,317
07/06/2004,SBA,CA,AWP,WE,Towers with Radar,8,110,80,0,198,0,10,44,0,54,8,120,124,0,252,56,0,56,308
07/07/2004,SBA,CA,AWP,WE,Towers with Radar,9,113,83,1,206,0,0,60,1,61,9,113,143,2,267,22,0,22,289
07/08/2004,SBA,CA,AWP,WE,Towers with Radar,11,116,84,0,211,5,4,76,0,85,16,120,160,0,296,129,0,129,425
07/09/2004,SBA,CA,AWP,WE,Towers with Radar,9,102,74,1,186,0,10,140,1,151,9,112,214,2,337,133,0,133,470
07/10/2004,SBA,CA,AWP,WE,Towers with Radar,7,73,53,0,133,1,16,156,0,173,8,89,209,0,306,154,0,154,460
07/11/2004,SBA,CA,AWP,WE,Towers with Radar,8,84,61,1,154,1,4,231,0,236,9,88,292,1,390,172,0,172,562
07/12/2004,SBA,CA,AWP,WE,Towers with Radar,8,89,64,1,162,0,21,103,3,127,8,110,167,4,289,228,0,228,517
07/13/2004,SBA,CA,AWP,WE,Towers with Radar,8,95,68,1,172,0,22,97,0,119,8,117,165,1,291,177,0,177,468
07/14/2004,SBA,CA,AWP,WE,Towers with Radar,7,88,64,1,160,0,18,122,4,144,7,106,186,5,304,115,0,115,419
07/15/2004,SBA,CA,AWP,WE,Towers with Radar,8,98,71,1,178,0,7,104,1,112,8,105,175,2,290,79,0,79,369
07/16/2004,SBA,CA,AWP,WE,Towers with Radar,10,102,74,1,187,4,26,189,2,221,14,128,263,3,408,155,1,156,564
07/17/2004,SBA,CA,AWP,WE,Towers with Radar,8,86,63,0,157,2,10,232,0,244,10,96,295,0,401,170,0,170,571
07/18/2004,SBA,CA,AWP,WE,Towers with Radar,8,90,65,0,163,1,13,229,0,243,9,103,294,0,406,160,0,160,566
07/19/2004,SBA,CA,AWP,WE,Towers with Radar,8,87,63,1,159,3,23,148,4,178,11,110,211,5,337,182,0,182,519
07/20/2004,SBA,CA,AWP,WE,Towers with Radar,8,91,64,1,164,1,23,137,1,162,9,114,201,2,326,257,0,257,583
07/21/2004,SBA,CA,AWP,WE,Towers with Radar,9,92,65,1,167,0,27,124,1,152,9,119,189,2,319,232,0,232,551
07/22/2004,SBA,CA,AWP,WE,Towers with Radar,9,105,74,0,188,0,5,92,0,97,9,110,166,0,285,126,0,126,411
07/23/2004,SBA,CA,AWP,WE,Towers with Radar,8,107,75,0,190,0,2,155,0,157,8,109,230,0,347,181,0,181,528
07/24/2004,SBA,CA,AWP,WE,Towers with Radar,10,104,74,0,188,5,0,233,0,238,15,104,307,0,426,203,0,203,629
07/25/2004,SBA,CA,AWP,WE,Towers with Radar,8,83,58,0,149,0,22,236,0,258,8,105,294,0,407,174,0,174,581
07/26/2004,SBA,CA,AWP,WE,Towers with Radar,7,92,65,0,164,0,12,117,0,129,7,104,182,0,293,212,0,212,505
07/27/2004,SBA,CA,AWP,WE,Towers with Radar,10,106,75,0,191,0,20,87,1,108,10,126,162,1,299,200,0,200,499
07/28/2004,SBA,CA,AWP,WE,Towers with Radar,7,89,63,0,159,0,13,93,4,110,7,102,156,4,269,164,0,164,433
07/29/2004,SBA,CA,AWP,WE,Towers with Radar,9,94,66,0,169,0,20,101,2,123,9,114,167,2,292,188,0,188,480
07/30/2004,SBA,CA,AWP,WE,Towers with Radar,8,110,78,0,196,0,29,151,2,182,8,139,229,2,378,172,0,172,550
07/31/2004,SBA,CA,AWP,WE,Towers with Radar,9,99,70,0,178,0,7,168,1,176,9,106,238,1,354,167,0,167,521
08/01/2004,SBA,CA,AWP,WE,Towers with Radar,8,108,88,0,204,2,0,141,0,143,10,108,229,0,347,245,0,245,592
08/02/2004,SBA,CA,AWP,WE,Towers with Radar,6,77,57,0,140,3,32,91,0,126,9,109,148,0,266,106,0,106,372
08/03/2004,SBA,CA,AWP,WE,Towers with Radar,7,94,70,1,172,4,49,107,0,160,11,143,177,1,332,209,0,209,541
08/04/2004,SBA,CA,AWP,WE,Towers with Radar,6,105,78,1,190,0,16,73,6,95,6,121,151,7,285,106,0,106,391
08/05/2004,SBA,CA,AWP,WE,Towers with Radar,8,115,86,1,210,0,1,101,2,104,8,116,187,3,314,107,0,107,421
08/06/2004,SBA,CA,AWP,WE,Towers with Radar,7,95,71,1,174,1,19,141,0,161,8,114,212,1,335,201,0,201,536
08/07/2004,SBA,CA,AWP,WE,Towers with Radar,8,98,73,1,180,0,0,200,2,202,8,98,273,3,382,172,0,172,554
08/08/2004,SBA,CA,AWP,WE,Towers with Radar,7,93,71,1,172,1,0,201,0,202,8,93,272,1,374,166,0,166,540
08/09/2004,SBA,CA,AWP,WE,Towers with Radar,7,85,64,1,157,2,31,118,1,152,9,116,182,2,309,176,0,176,485
08/10/2004,SBA,CA,AWP,WE,Towers with Radar,8,92,70,0,170,1,49,128,0,178,9,141,198,0,348,110,0,110,458
08/11/2004,SBA,CA,AWP,WE,Towers with Radar,7,112,86,0,205,0,9,128,0,137,7,121,214,0,342,168,0,168,510
08/12/2004,SBA,CA,AWP,WE,Towers with Radar,10,117,92,0,219,0,0,93,0,93,10,117,185,0,312,57,0,57,369
08/13/2004,SBA,CA,AWP,WE,Towers with Radar,8,93,71,1,173,1,24,146,1,172,9,117,217,2,345,105,0,105,450
08/14/2004,SBA,CA,AWP,WE,Towers with Radar,7,82,63,0,152,2,12,210,0,224,9,94,273,0,376,102,0,102,478
08/15/2004,SBA,CA,AWP,WE,Towers with Radar,7,94,72,0,173,0,58,216,0,274,7,152,288,0,447,91,0,91,538
08/16/2004,SBA,CA,AWP,WE,Towers with Radar,7,125,95,0,227,0,9,93,0,102,7,134,188,0,329,86,0,86,415
08/17/2004,SBA,CA,AWP,WE,Towers with Radar,9,114,100,2,225,0,0,40,2,42,9,114,140,4,267,0,0,0,267
08/18/2004,SBA,CA,AWP,WE,Towers with Radar,7,99,85,1,192,0,0,25,0,25,7,99,110,1,217,0,0,0,217
08/19/2004,SBA,CA,AWP,WE,Towers with Radar,9,119,102,0,230,0,0,67,0,67,9,119,169,0,297,50,0,50,347
08/20/2004,SBA,CA,AWP,WE,Towers with Radar,9,111,85,0,205,0,7,143,0,150,9,118,228,0,355,201,0,201,556
08/21/2004,SBA,CA,AWP,WE,Towers with Radar,8,103,86,0,197,0,0,71,0,71,8,103,157,0,268,171,0,171,439
08/22/2004,SBA,CA,AWP,WE,Towers with Radar,7,90,69,1,167,2,4,173,0,179,9,94,242,1,346,64,0,64,410
08/23/2004,SBA,CA,AWP,WE,Towers with Radar,8,94,72,0,174,4,10,109,0,123,12,104,181,0,297,288,0,288,585
08/24/2004,SBA,CA,AWP,WE,Towers with Radar,8,114,87,0,209,0,7,89,3,99,8,121,176,3,308,202,0,202,510
08/25/2004,SBA,CA,AWP,WE,Towers with Radar,7,87,66,0,160,1,15,119,0,135,8,102,185,0,295,102,0,102,397
08/26/2004,SBA,CA,AWP,WE,Towers with Radar,10,122,92,1,225,2,3,128,0,133,12,125,220,1,358,103,0,103,461
08/27/2004,SBA,CA,AWP,WE,Towers with Radar,8,104,78,0,190,0,17,122,0,139,8,121,200,0,329,206,0,206,535
08/28/2004,SBA,CA,AWP,WE,Towers with Radar,7,106,83,0,196,0,0,114,1,115,7,106,197,1,311,122,0,122,433
08/29/2004,SBA,CA,AWP,WE,Towers with Radar,7,104,79,0,190,0,0,195,0,195,7,104,274,0,385,74,0,74,459
08/30/2004,SBA,CA,AWP,WE,Towers with Radar,9,99,74,0,182,1,18,94,0,113,10,117,168,0,295,108,0,108,403
08/31/2004,SBA,CA,AWP,WE,Towers with Radar,9,101,75,0,185,0,28,85,3,116,9,129,160,3,301,120,0,120,421
09/01/2004,SBA,CA,AWP,WE,Towers with Radar,7,94,58,2,161,2,20,102,0,124,9,114,160,2,285,138,2,140,425
09/02/2004,SBA,CA,AWP,WE,Towers with Radar,9,110,68,2,189,0,11,136,2,149,9,121,204,4,338,240,0,240,578
09/03/2004,SBA,CA,AWP,WE,Towers with Radar,8,108,67,2,185,1,6,205,0,212,9,114,272,2,397,106,0,106,503
09/04/2004,SBA,CA,AWP,WE,Towers with Radar,5,61,38,1,105,4,17,162,0,183,9,78,200,1,288,178,0,178,466
09/05/2004,SBA,CA,AWP,WE,Towers with Radar,6,73,45,0,124,2,6,195,0,203,8,79,240,0,327,275,0,275,602
09/06/2004,SBA,CA,AWP,WE,Towers with Radar,7,91,56,0,154,3,0,233,0,236,10,91,289,0,390,168,0,168,558
09/07/2004,SBA,CA,AWP,WE,Towers with Radar,6,83,51,0,140,2,22,93,0,117,8,105,144,0,257,104,0,104,361
09/08/2004,SBA,CA,AWP,WE,Towers with Radar,6,94,58,2,160,2,25,129,2,158,8,119,187,4,318,230,0,230,548
09/09/2004,SBA,CA,AWP,WE,Towers with Radar,8,107,67,2,184,3,11,116,1,131,11,118,183,3,315,86,0,86,401
09/10/2004,SBA,CA,AWP,WE,Towers with Radar,9,102,64,1,176,0,12,130,0,142,9,114,194,1,318,81,0,81,399
09/11/2004,SBA,CA,AWP,WE,Towers with Radar,6,78,49,2,135,1,15,200,0,216,7,93,249,2,351,128,0,128,479
09/12/2004,SBA,CA,AWP,WE,Towers with Radar,6,83,53,2,144,2,15,182,0,199,8,98,235,2,343,78,0,78,421
09/13/2004,SBA,CA,AWP,WE,Towers with Radar,7,81,51,2,141,0,39,95,0,134,7,120,146,2,275,94,0,94,369
09/14/2004,SBA,CA,AWP,WE,Towers with Radar,5,96,61,0,162,0,18,85,0,103,5,114,146,0,265,76,0,76,341
09/15/2004,SBA,CA,AWP,WE,Towers with Radar,5,112,71,1,189,0,6,75,7,88,5,118,146,8,277,44,0,44,321
09/16/2004,SBA,CA,AWP,WE,Towers with Radar,9,108,83,1,201,0,0,75,1,76,9,108,158,2,277,112,0,112,389
09/17/2004,SBA,CA,AWP,WE,Towers with Radar,7,106,90,2,205,0,0,110,0,110,7,106,200,2,315,168,0,168,483
09/18/2004,SBA,CA,AWP,WE,Towers with Radar,9,87,67,1,164,0,0,135,0,135,9,87,202,1,299,167,0,167,466
09/19/2004,SBA,CA,AWP,WE,Towers with Radar,4,94,59,0,157,0,13,137,0,150,4,107,196,0,307,60,0,60,367
09/20/2004,SBA,CA,AWP,WE,Towers with Radar,8,90,57,1,156,1,29,93,1,124,9,119,150,2,280,92,0,92,372
09/21/2004,SBA,CA,AWP,WE,Towers with Radar,8,86,55,0,149,1,43,107,0,151,9,129,162,0,300,142,0,142,442
09/22/2004,SBA,CA,AWP,WE,Towers with Radar,8,85,54,0,147,2,26,132,0,160,10,111,186,0,307,107,0,107,414
09/23/2004,SBA,CA,AWP,WE,Towers with Radar,8,89,57,1,155,0,27,117,5,149,8,116,174,6,304,168,0,168,472
09/24/2004,SBA,CA,AWP,WE,Towers with Radar,9,107,66,1,183,4,33,222,1,260,13,140,288,2,443,245,0,245,688
09/25/2004,SBA,CA,AWP,WE,Towers with Radar,8,86,53,0,147,0,15,197,0,212,8,101,250,0,359,195,0,195,554
09/26/2004,SBA,CA,AWP,WE,Towers with Radar,9,105,70,0,184,0,0,165,0,165,9,105,235,0,349,0,0,0,349
09/27/2004,SBA,CA,AWP,WE,Towers with Radar,8,115,71,1,195,0,2,94,1,97,8,117,165,2,292,124,0,124,416
09/28/2004,SBA,CA,AWP,WE,Towers with Radar,9,131,81,1,222,0,0,121,5,126,9,131,202,6,348,110,0,110,458
09/29/2004,SBA,CA,AWP,WE,Towers with Radar,8,131,89,2,230,0,0,94,5,99,8,131,183,7,329,84,0,84,413
09/30/2004,SBA,CA,AWP,WE,Towers with Radar,10,125,85,1,221,0,0,114,2,116,10,125,199,3,337,110,0,110,447
10/01/2004,SBA,CA,AWP,WE,Towers with Radar,8,110,103,5,226,0,10,105,3,118,8,120,208,8,344,205,0,205,549
10/02/2004,SBA,CA,AWP,WE,Towers with Radar,6,78,41,0,125,0,4,204,0,208,6,82,245,0,333,242,0,242,575
10/03/2004,SBA,CA,AWP,WE,Towers with Radar,8,93,83,0,184,0,5,163,0,168,8,98,246,0,352,130,0,130,482
10/04/2004,SBA,CA,AWP,WE,Towers with Radar,10,107,50,1,168,0,7,81,0,88,10,114,131,1,256,157,0,157,413
10/05/2004,SBA,CA,AWP,WE,Towers with Radar,6,107,69,2,184,0,16,100,2,118,6,123,169,4,302,104,0,104,406
10/06/2004,SBA,CA,AWP,WE,Towers with Radar,5,123,99,0,227,0,4,37,0,41,5,127,136,0,268,18,0,18,286
10/07/2004,SBA,CA,AWP,WE,Towers with Radar,10,114,80,0,204,0,8,79,0,87,10,122,159,0,291,170,0,170,461
10/08/2004,SBA,CA,AWP,WE,Towers with Radar,8,108,65,0,181,0,8,114,0,122,8,116,179,0,303,219,0,219,522
10/09/2004,SBA,CA,AWP,WE,Towers with Radar,6,79,51,0,136,0,9,149,0,158,6,88,200,0,294,182,0,182,476
10/10/2004,SBA,CA,AWP,WE,Towers with Radar,4,90,59,0,153,0,9,165,0,174,4,99,224,0,327,188,0,188,515
10/11/2004,SBA,CA,AWP,WE,Towers with Radar,7,89,44,0,140,0,9,100,0,109,7,98,144,0,249,86,0,86,335
10/12/2004,SBA,CA,AWP,WE,Towers with Radar,7,107,60,1,175,0,18,86,9,113,7,125,146,10,288,148,5,153,441
10/13/2004,SBA,CA,AWP,WE,Towers with Radar,5,98,65,1,169,0,6,69,2,77,5,104,134,3,246,149,0,149,395
10/14/2004,SBA,CA,AWP,WE,Towers with Radar,6,117,69,1,193,0,4,74,1,79,6,121,143,2,272,65,0,65,337
10/15/2004,SBA,CA,AWP,WE,Towers with Radar,6,106,71,0,183,0,1,76,0,77,6,107,147,0,260,83,0,83,343
10/16/2004,SBA,CA,AWP,WE,Towers with Radar,3,86,109,1,199,0,4,45,0,49,3,90,154,1,248,92,0,92,340
10/17/2004,SBA,CA,AWP,WE,Towers with Radar,7,90,63,0,160,0,0,18,0,18,7,90,81,0,178,69,0,69,247
10/18/2004,SBA,CA,AWP,WE,Towers with Radar,6,103,87,0,196,0,0,4,1,5,6,103,91,1,201,44,0,44,245
10/19/2004,SBA,CA,AWP,WE,Towers with Radar,3,102,43,4,152,0,7,4,0,11,3,109,47,4,163,12,0,12,175
10/20/2004,SBA,CA,AWP,WE,Towers with Radar,4,102,66,0,172,0,5,28,0,33,4,107,94,0,205,129,0,129,334
10/21/2004,SBA,CA,AWP,WE,Towers with Radar,6,105,51,3,165,0,14,114,0,128,6,119,165,3,293,153,0,153,446
10/22/2004,SBA,CA,AWP,WE,Towers with Radar,6,106,63,0,175,0,8,153,0,161,6,114,216,0,336,153,0,153,489
10/23/2004,SBA,CA,AWP,WE,Towers with Radar,7,100,73,0,180,0,11,187,0,198,7,111,260,0,378,181,0,181,559
10/24/2004,SBA,CA,AWP,WE,Towers with Radar,6,96,90,0,192,0,6,124,0,130,6,102,214,0,322,94,0,94,416
10/25/2004,SBA,CA,AWP,WE,Towers with Radar,6,98,67,3,174,0,4,51,1,56,6,102,118,4,230,196,0,196,426
10/26/2004,SBA,CA,AWP,WE,Towers with Radar,7,109,61,1,178,0,4,10,0,14,7,113,71,1,192,28,0,28,220
10/27/2004,SBA,CA,AWP,WE,Towers with Radar,6,108,69,0,183,0,5,48,1,54,6,113,117,1,237,103,0,103,340
10/28/2004,SBA,CA,AWP,WE,Towers with Radar,8,113,82,0,203,0,10,150,0,160,8,123,232,0,363,236,0,236,599
10/29/2004,SBA,CA,AWP,WE,Towers with Radar,8,108,74,3,193,0,24,214,0,238,8,132,288,3,431,235,0,235,666
10/30/2004,SBA,CA,AWP,WE,Towers with Radar,2,80,39,2,123,0,7,193,0,200,2,87,232,2,323,221,0,221,544
10/31/2004,SBA,CA,AWP,WE,Towers with Radar,6,80,31,0,117,0,4,180,0,184,6,84,211,0,301,84,0,84,385
11/01/2004,SBA,CA,AWP,WE,Combined TRACON& Tower with Radar,7,102,41,1,151,0,7,90,0,97,7,109,131,1,248,262,0,262,510
11/02/2004,SBA,CA,AWP,WE,Combined TRACON& Tower with Radar,4,109,37,2,152,0,11,119,0,130,4,120,156,2,282,217,0,217,499
11/03/2004,SBA,CA,AWP,WE,Combined TRACON& Tower with Radar,6,106,49,6,167,0,8,114,0,122,6,114,163,6,289,227,0,227,516
11/04/2004,SBA,CA,AWP,WE,Combined TRACON& Tower with Radar,8,111,82,0,201,0,8,18,9,35,8,119,100,9,236,116,0,116,352
11/05/2004,SBA,CA,AWP,WE,Combined TRACON& Tower with Radar,8,104,57,0,169,0,14,117,0,131,8,118,174,0,300,84,0,84,384
11/06/2004,SBA,CA,AWP,WE,Combined TRACON& Tower with Radar,6,73,42,0,121,0,5,129,0,134,6,78,171,0,255,89,0,89,344
11/07/2004,SBA,CA,AWP,WE,Combined TRACON& Tower with Radar,6,90,54,0,150,0,2,86,0,88,6,92,140,0,238,126,0,126,364
11/08/2004,SBA,CA,AWP,WE,Combined TRACON& Tower with Radar,8,103,48,0,159,0,8,60,0,68,8,111,108,0,227,158,0,158,385
11/09/2004,SBA,CA,AWP,WE,Combined TRACON& Tower with Radar,8,98,84,0,190,0,11,90,0,101,8,109,174,0,291,344,0,344,635
11/10/2004,SBA,CA,AWP,WE,Combined TRACON& Tower with Radar,5,119,70,0,194,0,7,116,0,123,5,126,186,0,317,216,0,216,533
11/11/2004,SBA,CA,AWP,WE,Combined TRACON& Tower with Radar,7,113,67,2,189,0,4,88,0,92,7,117,155,2,281,105,0,105,386
11/12/2004,SBA,CA,AWP,WE,Combined TRACON& Tower with Radar,8,118,62,0,188,0,5,153,0,158,8,123,215,0,346,101,0,101,447
11/13/2004,SBA,CA,AWP,WE,Combined TRACON& Tower with Radar,6,83,50,0,139,0,6,79,4,89,6,89,129,4,228,100,0,100,328
11/14/2004,SBA,CA,AWP,WE,Combined TRACON& Tower with Radar,4,94,57,0,155,0,1,161,1,163,4,95,218,1,318,90,0,90,408
11/15/2004,SBA,CA,AWP,WE,Combined TRACON& Tower with Radar,5,102,55,4,166,0,3,125,0,128,5,105,180,4,294,184,4,188,482
11/16/2004,SBA,CA,AWP,WE,Combined TRACON& Tower with Radar,5,124,62,0,191,0,12,141,0,153,5,136,203,0,344,242,1,243,587
11/17/2004,SBA,CA,AWP,WE,Combined TRACON& Tower with Radar,6,104,62,0,172,0,13,135,0,148,6,117,197,0,320,184,0,184,504
11/18/2004,SBA,CA,AWP,WE,Combined TRACON& Tower with Radar,7,111,54,0,172,0,9,175,2,186,7,120,229,2,358,217,0,217,575
11/19/2004,SBA,CA,AWP,WE,Combined TRACON& Tower with Radar,7,117,71,0,195,0,11,125,1,137,7,128,196,1,332,137,0,137,469
11/20/2004,SBA,CA,AWP,WE,Combined TRACON& Tower with Radar,4,84,50,0,138,0,2,137,0,139,4,86,187,0,277,178,0,178,455
11/21/2004,SBA,CA,AWP,WE,Combined TRACON& Tower with Radar,6,87,42,0,135,0,9,146,0,155,6,96,188,0,290,300,0,300,590
11/22/2004,SBA,CA,AWP,WE,Combined TRACON& Tower with Radar,4,99,53,0,156,0,7,117,1,125,4,106,170,1,281,232,0,232,513
11/23/2004,SBA,CA,AWP,WE,Combined TRACON& Tower with Radar,7,101,76,5,189,0,14,119,0,133,7,115,195,5,322,217,2,219,541
11/24/2004,SBA,CA,AWP,WE,Combined TRACON& Tower with Radar,7,103,67,0,177,0,14,197,0,211,7,117,264,0,388,139,0,139,527
11/25/2004,SBA,CA,AWP,WE,Combined TRACON& Tower with Radar,2,77,25,0,104,0,1,93,0,94,2,78,118,0,198,10,0,10,208
11/26/2004,SBA,CA,AWP,WE,Combined TRACON& Tower with Radar,7,86,48,0,141,0,5,135,17,157,7,91,183,17,298,93,0,93,391
11/27/2004,SBA,CA,AWP,WE,Combined TRACON& Tower with Radar,6,97,70,0,173,0,0,30,0,30,6,97,100,0,203,68,0,68,271
11/28/2004,SBA,CA,AWP,WE,Combined TRACON& Tower with Radar,7,116,55,0,178,0,2,152,0,154,7,118,207,0,332,104,0,104,436
11/29/2004,SBA,CA,AWP,WE,Combined TRACON& Tower with Radar,7,104,40,0,151,0,8,97,0,105,7,112,137,0,256,230,0,230,486
11/30/2004,SBA,CA,AWP,WE,Combined TRACON& Tower with Radar,8,108,42,0,158,0,10,109,2,121,8,118,151,2,279,204,1,205,484
12/01/2004,SBA,CA,AWP,WE,Combined TRACON& Tower with Radar,5,100,38,4,147,0,9,156,0,165,5,109,194,4,312,138,0,138,450
12/02/2004,SBA,CA,AWP,WE,Combined TRACON& Tower with Radar,6,106,57,0,169,0,7,64,0,71,6,113,121,0,240,135,0,135,375
12/03/2004,SBA,CA,AWP,WE,Combined TRACON& Tower with Radar,8,104,53,0,165,0,13,165,1,179,8,117,218,1,344,325,0,325,669
12/04/2004,SBA,CA,AWP,WE,Combined TRACON& Tower with Radar,5,82,35,0,122,0,4,153,0,157,5,86,188,0,279,228,0,228,507
12/05/2004,SBA,CA,AWP,WE,Combined TRACON& Tower with Radar,4,104,37,0,145,0,0,12,0,12,4,104,49,0,157,49,0,49,206
12/06/2004,SBA,CA,AWP,WE,Combined TRACON& Tower with Radar,6,96,52,0,154,0,6,79,0,85,6,102,131,0,239,205,0,205,444
12/07/2004,SBA,CA,AWP,WE,Combined TRACON& Tower with Radar,5,120,52,0,177,0,3,4,0,7,5,123,56,0,184,36,0,36,220
12/08/2004,SBA,CA,AWP,WE,Combined TRACON& Tower with Radar,5,100,42,0,147,0,4,50,2,56,5,104,92,2,203,114,0,114,317
12/09/2004,SBA,CA,AWP,WE,Combined TRACON& Tower with Radar,6,100,67,0,173,0,4,122,0,126,6,104,189,0,299,261,0,261,560
12/10/2004,SBA,CA,AWP,WE,Combined TRACON& Tower with Radar,6,107,52,0,165,0,10,161,0,171,6,117,213,0,336,220,0,220,556
12/11/2004,SBA,CA,AWP,WE,Combined TRACON& Tower with Radar,7,84,170,0,261,0,2,123,0,125,7,86,293,0,386,184,0,184,570
12/12/2004,SBA,CA,AWP,WE,Combined TRACON& Tower with Radar,4,98,125,1,228,0,0,9,0,9,4,98,134,1,237,35,0,35,272
12/13/2004,SBA,CA,AWP,WE,Combined TRACON& Tower with Radar,4,89,46,4,143,0,8,102,0,110,4,97,148,4,253,154,0,154,407
12/14/2004,SBA,CA,AWP,WE,Combined TRACON& Tower with Radar,3,100,48,0,151,0,11,121,0,132,3,111,169,0,283,72,0,72,355
12/15/2004,SBA,CA,AWP,WE,Combined TRACON& Tower with Radar,6,105,51,6,168,0,10,105,0,115,6,115,156,6,283,115,0,115,398
12/16/2004,SBA,CA,AWP,WE,Combined TRACON& Tower with Radar,7,110,47,0,164,0,13,109,1,123,7,123,156,1,287,157,0,157,444
12/17/2004,SBA,CA,AWP,WE,Combined TRACON& Tower with Radar,6,116,53,0,175,0,7,137,9,153,6,123,190,9,328,244,0,244,572
12/18/2004,SBA,CA,AWP,WE,Combined TRACON& Tower with Radar,6,86,52,0,144,0,5,179,0,184,6,91,231,0,328,157,0,157,485
12/19/2004,SBA,CA,AWP,WE,Combined TRACON& Tower with Radar,5,96,42,2,145,0,4,187,0,191,5,100,229,2,336,74,0,74,410
12/20/2004,SBA,CA,AWP,WE,Combined TRACON& Tower with Radar,5,105,44,5,159,0,15,128,2,145,5,120,172,7,304,152,0,152,456
12/21/2004,SBA,CA,AWP,WE,Combined TRACON& Tower with Radar,6,99,46,2,153,0,14,153,1,168,6,113,199,3,321,170,0,170,491
12/22/2004,SBA,CA,AWP,WE,Combined TRACON& Tower with Radar,6,94,53,0,153,0,9,93,0,102,6,103,146,0,255,138,0,138,393
12/23/2004,SBA,CA,AWP,WE,Combined TRACON& Tower with Radar,6,103,35,0,144,0,12,135,0,147,6,115,170,0,291,65,0,65,356
12/24/2004,SBA,CA,AWP,WE,Combined TRACON& Tower with Radar,5,80,16,0,101,0,5,110,0,115,5,85,126,0,216,52,0,52,268
12/25/2004,SBA,CA,AWP,WE,Combined TRACON& Tower with Radar,8,65,13,0,86,0,0,76,0,76,8,65,89,0,162,24,0,24,186
12/26/2004,SBA,CA,AWP,WE,Combined TRACON& Tower with Radar,5,90,76,0,171,0,2,62,0,64,5,92,138,0,235,186,0,186,421
12/27/2004,SBA,CA,AWP,WE,Combined TRACON& Tower with Radar,4,107,52,0,163,0,2,0,0,2,4,109,52,0,165,1,0,1,166
12/28/2004,SBA,CA,AWP,WE,Combined TRACON& Tower with Radar,9,98,16,1,124,0,10,5,0,15,9,108,21,1,139,81,0,81,220
12/29/2004,SBA,CA,AWP,WE,Combined TRACON& Tower with Radar,7,102,37,0,146,0,6,17,0,23,7,108,54,0,169,128,0,128,297
12/30/2004,SBA,CA,AWP,WE,Combined TRACON& Tower with Radar,7,110,92,0,209,0,1,6,2,9,7,111,98,2,218,26,0,26,244
12/31/2004,SBA,CA,AWP,WE,Combined TRACON& Tower with Radar,5,98,29,0,132,0,6,66,0,72,5,104,95,0,204,115,0,115,319
01/01/2005,SBA,CA,AWP,WE,Combined TRACON& Tower with Radar,5,79,55,0,139,0,7,33,0,40,5,86,88,0,179,34,0,34,213
01/02/2005,SBA,CA,AWP,WE,Combined TRACON& Tower with Radar,6,89,63,1,159,0,0,6,0,6,6,89,69,1,165,31,0,31,196
01/03/2005,SBA,CA,AWP,WE,Combined TRACON& Tower with Radar,5,88,49,0,142,0,5,35,0,40,5,93,84,0,182,62,0,62,244
01/04/2005,SBA,CA,AWP,WE,Combined TRACON& Tower with Radar,7,94,36,0,137,0,11,50,0,61,7,105,86,0,198,107,0,107,305
01/05/2005,SBA,CA,AWP,WE,Combined TRACON& Tower with Radar,5,97,58,4,164,0,10,84,0,94,5,107,142,4,258,96,0,96,354
01/06/2005,SBA,CA,AWP,WE,Combined TRACON& Tower with Radar,6,112,44,1,163,0,6,115,0,121,6,118,159,1,284,143,0,143,427
01/07/2005,SBA,CA,AWP,WE,Combined TRACON& Tower with Radar,19,101,17,0,137,0,0,2,0,2,19,101,19,0,139,14,0,14,153
01/08/2005,SBA,CA,AWP,WE,Combined TRACON& Tower with Radar,8,75,39,0,122,0,0,2,0,2,8,75,41,0,124,0,0,0,124
01/09/2005,SBA,CA,AWP,WE,Combined TRACON& Tower with Radar,6,84,26,0,116,0,0,0,0,0,6,84,26,0,116,0,0,0,116
01/10/2005,SBA,CA,AWP,WE,Combined TRACON& Tower with Radar,4,112,59,0,175,0,0,0,0,0,4,112,59,0,175,8,0,8,183
01/11/2005,SBA,CA,AWP,WE,Combined TRACON& Tower with Radar,6,136,55,12,209,0,30,128,2,160,6,166,183,14,369,121,20,141,510
01/12/2005,SBA,CA,AWP,WE,Combined TRACON& Tower with Radar,5,130,79,2,216,0,35,302,0,337,5,165,381,2,553,183,0,183,736
01/13/2005,SBA,CA,AWP,WE,Combined TRACON& Tower with Radar,3,149,97,0,249,2,23,259,0,284,5,172,356,0,533,227,0,227,760
01/14/2005,SBA,CA,AWP,WE,Combined TRACON& Tower with Radar,9,142,88,0,239,0,25,339,0,364,9,167,427,0,603,38,0,38,641
01/15/2005,SBA,CA,AWP,WE,Combined TRACON& Tower with Radar,4,90,65,0,159,0,12,238,0,250,4,102,303,0,409,236,0,236,645
01/16/2005,SBA,CA,AWP,WE,Combined TRACON& Tower with Radar,5,88,54,0,147,0,5,303,0,308,5,93,357,0,455,91,0,91,546
01/17/2005,SBA,CA,AWP,WE,Combined TRACON& Tower with Radar,9,116,88,0,213,0,12,168,1,181,9,128,256,1,394,174,0,174,568
01/18/2005,SBA,CA,AWP,WE,Combined TRACON& Tower with Radar,6,96,68,0,170,0,12,139,0,151,6,108,207,0,321,170,0,170,491
01/19/2005,SBA,CA,AWP,WE,Combined TRACON& Tower with Radar,7,116,52,0,175,0,6,120,0,126,7,122,172,0,301,128,0,128,429
01/20/2005,SBA,CA,AWP,WE,Combined TRACON& Tower with Radar,4,99,52,2,157,0,14,126,0,140,4,113,178,2,297,82,0,82,379
01/21/2005,SBA,CA,AWP,WE,Combined TRACON& Tower with Radar,8,98,73,2,181,0,7,154,1,162,8,105,227,3,343,125,0,125,468
01/22/2005,SBA,CA,AWP,WE,Combined TRACON& Tower with Radar,5,89,46,0,140,0,8,156,0,164,5,97,202,0,304,116,0,116,420
01/23/2005,SBA,CA,AWP,WE,Combined TRACON& Tower with Radar,5,85,71,0,161,0,1,113,0,114,5,86,184,0,275,64,0,64,339
01/24/2005,SBA,CA,AWP,WE,Combined TRACON& Tower with Radar,7,90,57,4,158,0,0,71,0,71,7,90,128,4,229,176,0,176,405
01/25/2005,SBA,CA,AWP,WE,Combined TRACON& Tower with Radar,6,98,58,0,162,0,12,35,1,48,6,110,93,1,210,112,0,112,322
01/26/2005,SBA,CA,AWP,WE,Combined TRACON& Tower with Radar,5,108,58,0,171,0,0,16,0,16,5,108,74,0,187,67,0,67,254
01/27/2005,SBA,CA,AWP,WE,Combined TRACON& Tower with Radar,8,109,67,7,191,0,5,121,1,127,8,114,188,8,318,124,0,124,442
01/28/2005,SBA,CA,AWP,WE,Combined TRACON& Tower with Radar,6,112,74,0,192,0,0,27,0,27,6,112,101,0,219,59,0,59,278
01/29/2005,SBA,CA,AWP,WE,Combined TRACON& Tower with Radar,5,85,47,0,137,0,3,175,0,178,5,88,222,0,315,250,0,250,565
01/30/2005,SBA,CA,AWP,WE,Combined TRACON& Tower with Radar,7,94,69,0,170,0,2,211,0,213,7,96,280,0,383,180,7,187,570
01/31/2005,SBA,CA,AWP,WE,Combined TRACON& Tower with Radar,8,100,46,0,154,0,4,117,0,121,8,104,163,0,275,252,0,252,527
02/01/2005,SBA,CA,AWP,WE,Combined TRACON& Tower with Radar,8,108,46,4,166,0,19,118,0,137,8,127,164,4,303,142,0,142,445
02/02/2005,SBA,CA,AWP,WE,Combined TRACON& Tower with Radar,7,93,59,0,159,0,8,137,0,145,7,101,196,0,304,100,0,100,404
02/03/2005,SBA,CA,AWP,WE,Combined TRACON& Tower with Radar,6,120,34,1,161,0,7,131,2,140,6,127,165,3,301,141,0,141,442
02/04/2005,SBA,CA,AWP,WE,Combined TRACON& Tower with Radar,7,110,49,2,168,0,11,171,2,184,7,121,220,4,352,73,0,73,425
02/05/2005,SBA,CA,AWP,WE,Combined TRACON& Tower with Radar,6,79,53,0,138,0,5,188,2,195,6,84,241,2,333,54,0,54,387
02/06/2005,SBA,CA,AWP,WE,Combined TRACON& Tower with Radar,5,78,66,0,149,0,2,56,0,58,5,80,122,0,207,151,0,151,358
02/07/2005,SBA,CA,AWP,WE,Combined TRACON& Tower with Radar,7,99,67,0,173,0,4,74,4,82,7,103,141,4,255,186,0,186,441
02/08/2005,SBA,CA,AWP,WE,Combined TRACON& Tower with Radar,4,102,48,0,154,0,9,116,0,125,4,111,164,0,279,133,0,133,412
02/09/2005,SBA,CA,AWP,WE,Combined TRACON& Tower with Radar,4,106,51,5,166,0,15,129,2,146,4,121,180,7,312,124,0,124,436
02/10/2005,SBA,CA,AWP,WE,Combined TRACON& Tower with Radar,7,99,51,0,157,0,5,120,2,127,7,104,171,2,284,130,0,130,414
02/11/2005,SBA,CA,AWP,WE,Combined TRACON& Tower with Radar,5,58,57,0,120,54,1,8,0,63,59,59,65,0,183,57,0,57,240
02/12/2005,SBA,CA,AWP,WE,Combined TRACON& Tower with Radar,7,86,51,0,144,0,5,94,0,99,7,91,145,0,243,128,0,128,371
02/13/2005,SBA,CA,AWP,WE,Combined TRACON& Tower with Radar,6,86,76,0,168,0,3,56,0,59,6,89,132,0,227,89,0,89,316
02/14/2005,SBA,CA,AWP,WE,Combined TRACON& Tower with Radar,7,103,57,0,167,0,7,81,0,88,7,110,138,0,255,144,0,144,399
02/15/2005,SBA,CA,AWP,WE,Combined TRACON& Tower with Radar,8,103,57,0,168,0,6,67,0,73,8,109,124,0,241,148,0,148,389
02/16/2005,SBA,CA,AWP,WE,Combined TRACON& Tower with Radar,8,105,81,2,196,0,1,23,0,24,8,106,104,2,220,63,0,63,283
02/17/2005,SBA,CA,AWP,WE,Combined TRACON& Tower with Radar,8,114,69,1,192,0,4,29,1,34,8,118,98,2,226,49,0,49,275
02/18/2005,SBA,CA,AWP,WE,Combined TRACON& Tower with Radar,13,114,90,3,220,0,1,26,0,27,13,115,116,3,247,135,0,135,382
02/19/2005,SBA,CA,AWP,WE,Combined TRACON& Tower with Radar,5,83,39,1,128,0,0,11,0,11,5,83,50,1,139,94,0,94,233
02/20/2005,SBA,CA,AWP,WE,Combined TRACON& Tower with Radar,7,83,43,0,133,0,2,16,0,18,7,85,59,0,151,23,0,23,174
02/21/2005,SBA,CA,AWP,WE,Combined TRACON& Tower with Radar,6,110,66,1,183,0,1,17,0,18,6,111,83,1,201,147,0,147,348
02/22/2005,SBA,CA,AWP,WE,Combined TRACON& Tower with Radar,6,114,27,1,148,0,5,3,0,8,6,119,30,1,156,0,0,0,156
02/23/2005,SBA,CA,AWP,WE,Combined TRACON& Tower with Radar,8,110,58,0,176,0,13,97,2,112,8,123,155,2,288,174,0,174,462
02/24/2005,SBA,CA,AWP,WE,Combined TRACON& Tower with Radar,10,116,82,0,208,0,8,173,0,181,10,124,255,0,389,153,0,153,542
02/25/2005,SBA,CA,AWP,WE,Combined TRACON& Tower with Radar,7,114,88,1,210,0,2,122,0,124,7,116,210,1,334,132,0,132,466
02/26/2005,SBA,CA,AWP,WE,Combined TRACON& Tower with Radar,7,93,79,1,180,0,2,89,0,91,7,95,168,1,271,109,0,109,380
02/27/2005,SBA,CA,AWP,WE,Combined TRACON& Tower with Radar,10,88,69,0,167,0,0,114,1,115,10,88,183,1,282,82,0,82,364
02/28/2005,SBA,CA,AWP,WE,Combined TRACON& Tower with Radar,8,103,65,0,176,0,14,35,0,49,8,117,100,0,225,22,0,22,247
03/01/2005,SBA,CA,AWP,WE,Combined TRACON& Tower with Radar,8,112,61,3,184,0,6,72,0,78,8,118,133,3,262,110,0,110,372
03/02/2005,SBA,CA,AWP,WE,Combined TRACON& Tower with Radar,7,117,105,1,230,0,0,6,1,7,7,117,111,2,237,50,0,50,287
03/03/2005,SBA,CA,AWP,WE,Combined TRACON& Tower with Radar,8,113,111,0,232,0,3,85,2,90,8,116,196,2,322,167,0,167,489
03/04/2005,SBA,CA,AWP,WE,Combined TRACON& Tower with Radar,7,111,93,2,213,0,0,39,0,39,7,111,132,2,252,74,0,74,326
03/05/2005,SBA,CA,AWP,WE,Combined TRACON& Tower with Radar,7,84,64,0,155,0,6,158,0,164,7,90,222,0,319,155,0,155,474
03/06/2005,SBA,CA,AWP,WE,Combined TRACON& Tower with Radar,6,84,81,0,171,0,3,217,0,220,6,87,298,0,391,91,0,91,482
03/07/2005,SBA,CA,AWP,WE,Combined TRACON& Tower with Radar,8,102,47,2,159,0,5,144,0,149,8,107,191,2,308,120,0,120,428
03/08/2005,SBA,CA,AWP,WE,Combined TRACON& Tower with Radar,9,103,95,0,207,0,2,18,0,20,9,105,113,0,227,4,0,4,231
03/09/2005,SBA,CA,AWP,WE,Combined TRACON& Tower with Radar,8,103,120,1,232,0,0,7,0,7,8,103,127,1,239,0,0,0,239
03/10/2005,SBA,CA,AWP,WE,Combined TRACON& Tower with Radar,10,123,90,2,225,0,2,79,0,81,10,125,169,2,306,72,0,72,378
03/11/2005,SBA,CA,AWP,WE,Combined TRACON& Tower with Radar,9,116,116,2,243,0,0,57,0,57,9,116,173,2,300,76,0,76,376
03/12/2005,SBA,CA,AWP,WE,Combined TRACON& Tower with Radar,8,93,124,0,225,0,0,4,0,4,8,93,128,0,229,1,0,1,230
03/13/2005,SBA,CA,AWP,WE,Combined TRACON& Tower with Radar,6,83,124,1,214,0,2,53,1,56,6,85,177,2,270,110,0,110,380
03/14/2005,SBA,CA,AWP,WE,Combined TRACON& Tower with Radar,7,105,56,1,169,0,1,115,1,117,7,106,171,2,286,136,0,136,422
03/15/2005,SBA,CA,AWP,WE,Combined TRACON& Tower with Radar,7,93,45,2,147,0,8,131,0,139,7,101,176,2,286,101,0,101,387
03/16/2005,SBA,CA,AWP,WE,Combined TRACON& Tower with Radar,7,105,64,5,181,0,22,175,1,198,7,127,239,6,379,147,0,147,526
03/17/2005,SBA,CA,AWP,WE,Combined TRACON& Tower with Radar,7,111,46,0,164,0,6,132,2,140,7,117,178,2,304,124,0,124,428
03/18/2005,SBA,CA,AWP,WE,Combined TRACON& Tower with Radar,8,119,81,0,208,0,1,21,0,22,8,120,102,0,230,88,0,88,318
03/19/2005,SBA,CA,AWP,WE,Combined TRACON& Tower with Radar,9,86,76,0,171,0,2,18,0,20,9,88,94,0,191,33,0,33,224
03/20/2005,SBA,CA,AWP,WE,Combined TRACON& Tower with Radar,8,90,58,0,156,0,5,110,1,116,8,95,168,1,272,104,0,104,376
03/21/2005,SBA,CA,AWP,WE,Combined TRACON& Tower with Radar,9,108,54,3,174,0,10,119,2,131,9,118,173,5,305,70,0,70,375
03/22/2005,SBA,CA,AWP,WE,Combined TRACON& Tower with Radar,9,103,67,0,179,0,0,1,0,1,9,103,68,0,180,0,0,0,180
03/23/2005,SBA,CA,AWP,WE,Combined TRACON& Tower with Radar,9,111,67,10,197,0,1,70,1,72,9,112,137,11,269,72,0,72,341
03/24/2005,SBA,CA,AWP,WE,Combined TRACON& Tower with Radar,9,116,52,0,177,0,6,60,3,69,9,122,112,3,246,980,0,980,1226
03/25/2005,SBA,CA,AWP,WE,Combined TRACON& Tower with Radar,8,112,94,0,214,0,8,192,1,201,8,120,286,1,415,124,0,124,539
03/26/2005,SBA,CA,AWP,WE,Combined TRACON& Tower with Radar,8,86,66,0,160,0,4,228,1,233,8,90,294,1,393,116,0,116,509
03/27/2005,SBA,CA,AWP,WE,Combined TRACON& Tower with Radar,4,83,47,0,134,0,0,143,0,143,4,83,190,0,277,94,0,94,371
03/28/2005,SBA,CA,AWP,WE,Combined TRACON& Tower with Radar,10,103,44,2,159,0,11,92,0,103,10,114,136,2,262,63,0,63,325
03/29/2005,SBA,CA,AWP,WE,Combined TRACON& Tower with Radar,9,101,54,3,167,0,20,109,0,129,9,121,163,3,296,104,0,104,400
03/30/2005,SBA,CA,AWP,WE,Combined TRACON& Tower with Radar,9,106,60,4,179,0,11,145,0,156,9,117,205,4,335,133,0,133,468
03/31/2005,SBA,CA,AWP,WE,Combined TRACON& Tower with Radar,11,104,50,9,174,0,9,141,0,150,11,113,191,9,324,128,0,128,452
04/01/2005,SBA,CA,AWP,WE,Combined TRACON& Tower with Radar,11,104,51,0,166,0,11,182,0,193,11,115,233,0,359,167,0,167,526
04/02/2005,SBA,CA,AWP,WE,Combined TRACON& Tower with Radar,11,90,57,0,158,0,7,277,0,284,11,97,334,0,442,161,0,161,603
04/03/2005,SBA,CA,AWP,WE,Combined TRACON& Tower with Radar,7,91,81,0,179,0,3,197,0,200,7,94,278,0,379,228,0,228,607
04/04/2005,SBA,CA,AWP,WE,Combined TRACON& Tower with Radar,10,100,49,0,159,0,2,73,1,76,10,102,122,1,235,168,2,170,405
04/05/2005,SBA,CA,AWP,WE,Combined TRACON& Tower with Radar,9,106,45,1,161,0,14,141,0,155,9,120,186,1,316,330,0,330,646
04/06/2005,SBA,CA,AWP,WE,Combined TRACON& Tower with Radar,9,99,62,2,172,0,6,157,2,165,9,105,219,4,337,171,0,171,508
04/07/2005,SBA,CA,AWP,WE,Combined TRACON& Tower with Radar,12,102,49,2,165,0,7,63,0,70,12,109,112,2,235,104,0,104,339
04/08/2005,SBA,CA,AWP,WE,Combined TRACON& Tower with Radar,10,105,65,0,180,0,11,72,1,84,10,116,137,1,264,138,0,138,402
04/09/2005,SBA,CA,AWP,WE,Combined TRACON& Tower with Radar,10,83,48,0,141,0,5,87,0,92,10,88,135,0,233,79,0,79,312
04/10/2005,SBA,CA,AWP,WE,Combined TRACON& Tower with Radar,7,84,57,0,148,0,4,222,0,226,7,88,279,0,374,114,0,114,488
04/11/2005,SBA,CA,AWP,WE,Combined TRACON& Tower with Radar,12,93,40,1,146,0,8,158,2,168,12,101,198,3,314,132,10,142,456
04/12/2005,SBA,CA,AWP,WE,Combined TRACON& Tower with Radar,12,108,29,5,154,0,17,136,0,153,12,125,165,5,307,228,0,228,535
04/13/2005,SBA,CA,AWP,WE,Combined TRACON& Tower with Radar,10,107,56,0,173,0,14,160,0,174,10,121,216,0,347,142,0,142,489
04/14/2005,SBA,CA,AWP,WE,Combined TRACON& Tower with Radar,12,111,82,6,211,0,1079,149,1,1229,12,1190,231,7,1440,287,2,289,1729
04/15/2005,SBA,CA,AWP,WE,Combined TRACON& Tower with Radar,13,110,70,0,193,0,27,208,0,235,13,137,278,0,428,136,0,136,564
04/16/2005,SBA,CA,AWP,WE,Combined TRACON& Tower with Radar,8,75,41,0,124,0,6,301,0,307,8,81,342,0,431,256,0,256,687
04/17/2005,SBA,CA,AWP,WE,Combined TRACON& Tower with Radar,9,86,51,0,146,0,15,157,0,172,9,101,208,0,318,177,0,177,495
04/18/2005,SBA,CA,AWP,WE,Combined TRACON& Tower with Radar,8,95,95,1,199,0,2,60,0,62,8,97,155,1,261,245,0,245,506
04/19/2005,SBA,CA,AWP,WE,Combined TRACON& Tower with Radar,8,102,70,0,180,0,10,145,0,155,8,112,215,0,335,225,0,225,560
04/20/2005,SBA,CA,AWP,WE,Combined TRACON& Tower with Radar,9,102,36,0,147,0,11,153,0,164,9,113,189,0,311,256,0,256,567
04/21/2005,SBA,CA,AWP,WE,Combined TRACON& Tower with Radar,11,104,67,2,184,0,6,159,0,165,11,110,226,2,349,149,0,149,498
04/22/2005,SBA,CA,AWP,WE,Combined TRACON& Tower with Radar,8,113,111,1,233,0,6,105,0,111,8,119,216,1,344,324,0,324,668
04/23/2005,SBA,CA,AWP,WE,Combined TRACON& Tower with Radar,9,74,65,0,148,0,8,115,0,123,9,82,180,0,271,84,0,84,355
04/24/2005,SBA,CA,AWP,WE,Combined TRACON& Tower with Radar,13,82,65,1,161,0,6,95,0,101,13,88,160,1,262,92,0,92,354
04/25/2005,SBA,CA,AWP,WE,Combined TRACON& Tower with Radar,11,100,47,1,159,0,12,124,0,136,11,112,171,1,295,96,0,96,391
04/26/2005,SBA,CA,AWP,WE,Combined TRACON& Tower with Radar,10,110,29,0,149,0,15,114,3,132,10,125,143,3,281,253,0,253,534
04/27/2005,SBA,CA,AWP,WE,Combined TRACON& Tower with Radar,11,99,63,0,173,0,2,32,1,35,11,101,95,1,208,164,0,164,372
04/28/2005,SBA,CA,AWP,WE,Combined TRACON& Tower with Radar,11,95,79,1,186,0,5,72,0,77,11,100,151,1,263,119,0,119,382
04/29/2005,SBA,CA,AWP,WE,Combined TRACON& Tower with Radar,10,102,72,0,184,1,23,168,0,192,11,125,240,0,376,251,0,251,627
04/30/2005,SBA,CA,AWP,WE,Combined TRACON& Tower with Radar,10,83,72,0,165,0,11,225,0,236,10,94,297,0,401,186,0,186,587
05/01/2005,SBA,CA,AWP,WE,Combined TRACON& Tower with Radar,9,91,100,0,200,0,0,172,0,172,9,91,272,0,372,85,0,85,457
05/02/2005,SBA,CA,AWP,WE,Combined TRACON& Tower with Radar,14,92,56,1,163,0,6,104,1,111,14,98,160,2,274,193,0,193,467
05/03/2005,SBA,CA,AWP,WE,Combined TRACON& Tower with Radar,16,100,46,0,162,0,15,145,1,161,16,115,191,1,323,218,0,218,541
05/04/2005,SBA,CA,AWP,WE,Combined TRACON& Tower with Radar,12,106,81,0,199,0,2,30,2,34,12,108,111,2,233,131,0,131,364
05/05/2005,SBA,CA,AWP,WE,Combined TRACON& Tower with Radar,15,103,105,3,226,0,0,4,0,4,15,103,109,3,230,24,0,24,254
05/06/2005,SBA,CA,AWP,WE,Combined TRACON& Tower with Radar,11,103,69,0,183,0,7,99,3,109,11,110,168,3,292,108,0,108,400
05/07/2005,SBA,CA,AWP,WE,Combined TRACON& Tower with Radar,10,78,49,0,137,0,752,176,0,928,10,830,225,0,1065,165,0,165,1230
05/08/2005,SBA,CA,AWP,WE,Combined TRACON& Tower with Radar,12,96,61,0,169,0,1,165,0,166,12,97,226,0,335,63,0,63,398
05/09/2005,SBA,CA,AWP,WE,Combined TRACON& Tower with Radar,10,96,52,4,162,0,1,65,2,68,10,97,117,6,230,212,0,212,442
05/10/2005,SBA,CA,AWP,WE,Combined TRACON& Tower with Radar,13,88,41,2,144,0,14,100,0,114,13,102,141,2,258,121,0,121,379
05/11/2005,SBA,CA,AWP,WE,Combined TRACON& Tower with Radar,11,102,64,0,177,0,8,148,0,156,11,110,212,0,333,168,0,168,501
05/12/2005,SBA,CA,AWP,WE,Combined TRACON& Tower with Radar,11,105,48,2,166,0,9,175,2,186,11,114,223,4,352,187,0,187,539
05/13/2005,SBA,CA,AWP,WE,Combined TRACON& Tower with Radar,13,98,69,0,180,0,5,211,0,216,13,103,280,0,396,142,0,142,538
05/14/2005,SBA,CA,AWP,WE,Combined TRACON& Tower with Radar,10,81,65,0,156,0,8,236,0,244,10,89,301,0,400,140,0,140,540
05/15/2005,SBA,CA,AWP,WE,Combined TRACON& Tower with Radar,8,101,68,0,177,0,1,228,1,230,8,102,296,1,407,38,0,38,445
05/16/2005,SBA,CA,AWP,WE,Combined TRACON& Tower with Radar,12,93,72,0,177,0,0,60,0,60,12,93,132,0,237,31,0,31,268
05/17/2005,SBA,CA,AWP,WE,Combined TRACON& Tower with Radar,5,93,58,0,156,0,9,102,0,111,5,102,160,0,267,162,0,162,429
05/18/2005,SBA,CA,AWP,WE,Combined TRACON& Tower with Radar,12,87,47,0,146,0,7,161,0,168,12,94,208,0,314,244,0,244,558
05/19/2005,SBA,CA,AWP,WE,Combined TRACON& Tower with Radar,10,95,58,2,165,0,6,148,0,154,10,101,206,2,319,245,0,245,564
05/20/2005,SBA,CA,AWP,WE,Combined TRACON& Tower with Radar,12,100,61,0,173,0,12,181,0,193,12,112,242,0,366,131,0,131,497
05/21/2005,SBA,CA,AWP,WE,Combined TRACON& Tower with Radar,10,78,44,0,132,0,6,230,1,237,10,84,274,1,369,104,0,104,473
05/22/2005,SBA,CA,AWP,WE,Combined TRACON& Tower with Radar,11,92,80,0,183,0,1,211,0,212,11,93,291,0,395,75,0,75,470
05/23/2005,SBA,CA,AWP,WE,Combined TRACON& Tower with Radar,12,117,107,1,237,0,6,49,0,55,12,123,156,1,292,62,0,62,354
05/24/2005,SBA,CA,AWP,WE,Combined TRACON& Tower with Radar,11,113,108,0,232,0,1,34,0,35,11,114,142,0,267,84,0,84,351
05/25/2005,SBA,CA,AWP,WE,Combined TRACON& Tower with Radar,10,116,93,7,226,0,1,40,0,41,10,117,133,7,267,10,0,10,277
05/26/2005,SBA,CA,AWP,WE,Combined TRACON& Tower with Radar,15,105,155,0,275,0,2,27,0,29,15,107,182,0,304,22,0,22,326
05/27/2005,SBA,CA,AWP,WE,Combined TRACON& Tower with Radar,8,111,145,0,264,0,0,29,0,29,8,111,174,0,293,131,0,131,424
05/28/2005,SBA,CA,AWP,WE,Combined TRACON& Tower with Radar,12,93,82,0,187,0,2,36,0,38,12,95,118,0,225,91,0,91,316
05/29/2005,SBA,CA,AWP,WE,Combined TRACON& Tower with Radar,7,81,55,0,143,0,2,106,0,108,7,83,161,0,251,124,0,124,375
05/30/2005,SBA,CA,AWP,WE,Combined TRACON& Tower with Radar,10,96,60,0,166,0,1,231,0,232,10,97,291,0,398,239,0,239,637
05/31/2005,SBA,CA,AWP,WE,Combined TRACON& Tower with Radar,8,94,33,0,135,0,12,105,2,119,8,106,138,2,254,214,0,214,468
06/01/2005,SBA,CA,AWP,WE,Combined TRACON& Tower with Radar,10,100,99,6,215,0,0,16,0,16,10,100,115,6,231,94,0,94,325
06/02/2005,SBA,CA,AWP,WE,Combined TRACON& Tower with Radar,11,107,97,2,217,0,0,49,0,49,11,107,146,2,266,202,0,202,468
06/03/2005,SBA,CA,AWP,WE,Combined TRACON& Tower with Radar,8,93,70,0,171,0,3,151,3,157,8,96,221,3,328,178,0,178,506
06/04/2005,SBA,CA,AWP,WE,Combined TRACON& Tower with Radar,12,70,99,0,181,0,2,65,0,67,12,72,164,0,248,250,0,250,498
06/05/2005,SBA,CA,AWP,WE,Combined TRACON& Tower with Radar,10,79,73,0,162,0,4,129,0,133,10,83,202,0,295,179,0,179,474
06/06/2005,SBA,CA,AWP,WE,Combined TRACON& Tower with Radar,12,94,42,4,152,0,4,116,1,121,12,98,158,5,273,92,0,92,365
06/07/2005,SBA,CA,AWP,WE,Combined TRACON& Tower with Radar,10,92,38,0,140,0,8,151,1,160,10,100,189,1,300,171,0,171,471
06/08/2005,SBA,CA,AWP,WE,Combined TRACON& Tower with Radar,10,102,36,2,150,0,5,117,1,123,10,107,153,3,273,94,0,94,367
06/09/2005,SBA,CA,AWP,WE,Combined TRACON& Tower with Radar,13,113,57,0,183,0,5,123,0,128,13,118,180,0,311,93,0,93,404
06/10/2005,SBA,CA,AWP,WE,Combined TRACON& Tower with Radar,15,94,119,2,230,0,0,78,0,78,15,94,197,2,308,76,0,76,384
06/11/2005,SBA,CA,AWP,WE,Combined TRACON& Tower with Radar,15,84,74,0,173,0,2,165,0,167,15,86,239,0,340,170,0,170,510
06/12/2005,SBA,CA,AWP,WE,Combined TRACON& Tower with Radar,10,82,102,0,194,0,0,77,0,77,10,82,179,0,271,101,0,101,372
06/13/2005,SBA,CA,AWP,WE,Combined TRACON& Tower with Radar,18,103,83,0,204,0,0,22,0,22,18,103,105,0,226,52,0,52,278
06/14/2005,SBA,CA,AWP,WE,Combined TRACON& Tower with Radar,10,110,115,0,235,0,2,17,0,19,10,112,132,0,254,5,0,5,259
06/15/2005,SBA,CA,AWP,WE,Combined TRACON& Tower with Radar,11,117,99,1,228,0,2,23,0,25,11,119,122,1,253,111,0,111,364
06/16/2005,SBA,CA,AWP,WE,Combined TRACON& Tower with Radar,11,106,86,0,203,0,6,73,0,79,11,112,159,0,282,175,0,175,457
06/17/2005,SBA,CA,AWP,WE,Combined TRACON& Tower with Radar,13,99,89,1,202,0,3,100,3,106,13,102,189,4,308,79,0,79,387
06/18/2005,SBA,CA,AWP,WE,Combined TRACON& Tower with Radar,11,81,47,0,139,0,5,190,0,195,11,86,237,0,334,166,0,166,500
06/19/2005,SBA,CA,AWP,WE,Combined TRACON& Tower with Radar,12,82,42,0,136,0,1,207,1,209,12,83,249,1,345,92,0,92,437
06/20/2005,SBA,CA,AWP,WE,Combined TRACON& Tower with Radar,11,91,45,1,148,0,2,176,0,178,11,93,221,1,326,204,0,204,530
06/21/2005,SBA,CA,AWP,WE,Combined TRACON& Tower with Radar,12,102,52,0,166,0,16,141,0,157,12,118,193,0,323,173,0,173,496
06/22/2005,SBA,CA,AWP,WE,Combined TRACON& Tower with Radar,12,93,32,2,139,0,6,160,2,168,12,99,192,4,307,229,0,229,536
06/23/2005,SBA,CA,AWP,WE,Combined TRACON& Tower with Radar,11,91,50,0,152,0,6,147,0,153,11,97,197,0,305,155,0,155,460
06/24/2005,SBA,CA,AWP,WE,Combined TRACON& Tower with Radar,12,100,50,0,162,0,4,156,1,161,12,104,206,1,323,145,0,145,468
06/25/2005,SBA,CA,AWP,WE,Combined TRACON& Tower with Radar,13,74,41,0,128,0,4,159,0,163,13,78,200,0,291,99,0,99,390
06/26/2005,SBA,CA,AWP,WE,Combined TRACON& Tower with Radar,15,87,72,0,174,0,1,168,0,169,15,88,240,0,343,96,0,96,439
06/27/2005,SBA,CA,AWP,WE,Combined TRACON& Tower with Radar,11,93,57,0,161,0,3,78,0,81,11,96,135,0,242,115,0,115,357
06/28/2005,SBA,CA,AWP,WE,Combined TRACON& Tower with Radar,10,107,50,2,169,0,15,119,4,138,10,122,169,6,307,256,0,256,563
06/29/2005,SBA,CA,AWP,WE,Combined TRACON& Tower with Radar,11,109,46,4,170,0,12,147,2,161,11,121,193,6,331,174,0,174,505
06/30/2005,SBA,CA,AWP,WE,Combined TRACON& Tower with Radar,12,113,87,3,215,0,4,47,1,52,12,117,134,4,267,10,0,10,277
07/01/2005,SBA,CA,AWP,WE,Combined TRACON& Tower with Radar,10,103,118,0,231,0,2,80,1,83,10,105,198,1,314,22,0,22,336
07/02/2005,SBA,CA,AWP,WE,Combined TRACON& Tower with Radar,11,81,66,0,158,0,0,61,0,61,11,81,127,0,219,18,0,18,237
07/03/2005,SBA,CA,AWP,WE,Combined TRACON& Tower with Radar,9,79,68,0,156,0,2,56,0,58,9,81,124,0,214,26,0,26,240
07/04/2005,SBA,CA,AWP,WE,Combined TRACON& Tower with Radar,11,74,64,0,149,0,1,81,0,82,11,75,145,0,231,22,0,22,253
07/05/2005,SBA,CA,AWP,WE,Combined TRACON& Tower with Radar,9,94,73,0,176,0,6,81,3,90,9,100,154,3,266,155,0,155,421
07/06/2005,SBA,CA,AWP,WE,Combined TRACON& Tower with Radar,10,96,58,0,164,0,5,77,1,83,10,101,135,1,247,83,4,87,334
07/07/2005,SBA,CA,AWP,WE,Combined TRACON& Tower with Radar,12,99,51,0,162,0,3,102,1,106,12,102,153,1,268,137,0,137,405
07/08/2005,SBA,CA,AWP,WE,Combined TRACON& Tower with Radar,10,103,66,1,180,0,5,157,0,162,10,108,223,1,342,164,0,164,506
07/09/2005,SBA,CA,AWP,WE,Combined TRACON& Tower with Radar,13,79,77,1,170,0,3,158,0,161,13,82,235,1,331,210,0,210,541
07/10/2005,SBA,CA,AWP,WE,Combined TRACON& Tower with Radar,11,84,80,0,175,0,4,174,0,178,11,88,254,0,353,85,0,85,438
07/11/2005,SBA,CA,AWP,WE,Combined TRACON& Tower with Radar,8,84,65,0,157,0,1,46,0,47,8,85,111,0,204,73,0,73,277
07/12/2005,SBA,CA,AWP,WE,Combined TRACON& Tower with Radar,11,99,84,9,203,0,2,18,1,21,11,101,102,10,224,5,0,5,229
07/13/2005,SBA,CA,AWP,WE,Combined TRACON& Tower with Radar,12,98,50,2,162,0,1,96,0,97,12,99,146,2,259,192,0,192,451
07/14/2005,SBA,CA,AWP,WE,Combined TRACON& Tower with Radar,11,98,35,0,144,0,5,121,0,126,11,103,156,0,270,319,0,319,589
07/15/2005,SBA,CA,AWP,WE,Combined TRACON& Tower with Radar,9,108,63,4,184,0,3,132,0,135,9,111,195,4,319,158,0,158,477
07/16/2005,SBA,CA,AWP,WE,Combined TRACON& Tower with Radar,11,83,82,2,178,0,0,130,0,130,11,83,212,2,308,59,0,59,367
07/17/2005,SBA,CA,AWP,WE,Combined TRACON& Tower with Radar,12,84,85,0,181,0,3,88,0,91,12,87,173,0,272,64,0,64,336
07/18/2005,SBA,CA,AWP,WE,Combined TRACON& Tower with Radar,10,101,73,0,184,0,2,89,0,91,10,103,162,0,275,100,0,100,375
07/19/2005,SBA,CA,AWP,WE,Combined TRACON& Tower with Radar,17,96,58,4,175,0,16,118,1,135,17,112,176,5,310,164,0,164,474
07/20/2005,SBA,CA,AWP,WE,Combined TRACON& Tower with Radar,10,91,40,0,141,0,13,165,4,182,10,104,205,4,323,122,0,122,445
07/21/2005,SBA,CA,AWP,WE,Combined TRACON& Tower with Radar,12,101,49,0,162,0,12,139,1,152,12,113,188,1,314,157,0,157,471
07/22/2005,SBA,CA,AWP,WE,Combined TRACON& Tower with Radar,10,94,67,3,174,0,9,190,2,201,10,103,257,5,375,143,0,143,518
07/23/2005,SBA,CA,AWP,WE,Combined TRACON& Tower with Radar,11,76,65,0,152,0,5,217,0,222,11,81,282,0,374,149,0,149,523
07/24/2005,SBA,CA,AWP,WE,Combined TRACON& Tower with Radar,12,90,91,0,193,0,1,164,0,165,12,91,255,0,358,37,0,37,395
07/25/2005,SBA,CA,AWP,WE,Combined TRACON& Tower with Radar,8,100,92,1,201,0,3,71,1,75,8,103,163,2,276,128,0,128,404
07/26/2005,SBA,CA,AWP,WE,Combined TRACON& Tower with Radar,9,108,64,0,181,0,2,76,0,78,9,110,140,0,259,75,0,75,334
07/27/2005,SBA,CA,AWP,WE,Combined TRACON& Tower with Radar,9,107,59,3,178,0,3,65,3,71,9,110,124,6,249,82,0,82,331
07/28/2005,SBA,CA,AWP,WE,Combined TRACON& Tower with Radar,11,110,73,1,195,0,4,97,2,103,11,114,170,3,298,113,0,113,411
07/29/2005,SBA,CA,AWP,WE,Combined TRACON& Tower with Radar,11,99,56,0,166,0,6,155,0,161,11,105,211,0,327,131,0,131,458
07/30/2005,SBA,CA,AWP,WE,Combined TRACON& Tower with Radar,11,76,47,0,134,0,3,236,0,239,11,79,283,0,373,246,0,246,619
07/31/2005,SBA,CA,AWP,WE,Combined TRACON& Tower with Radar,11,89,84,0,184,0,3,174,3,180,11,92,258,3,364,39,0,39,403
08/01/2005,SBA,CA,AWP,WE,Combined TRACON& Tower with Radar,10,98,76,0,184,0,5,62,0,67,10,103,138,0,251,67,0,67,318
08/02/2005,SBA,CA,AWP,WE,Combined TRACON& Tower with Radar,3,110,121,2,236,0,1,0,0,1,3,111,121,2,237,38,0,38,275
08/03/2005,SBA,CA,AWP,WE,Combined TRACON& Tower with Radar,9,97,69,0,175,0,0,88,0,88,9,97,157,0,263,124,0,124,387
08/04/2005,SBA,CA,AWP,WE,Combined TRACON& Tower with Radar,12,115,92,6,225,0,8,77,2,87,12,123,169,8,312,86,0,86,398
08/05/2005,SBA,CA,AWP,WE,Combined TRACON& Tower with Radar,12,106,59,3,180,0,6,117,2,125,12,112,176,5,305,144,0,144,449
08/06/2005,SBA,CA,AWP,WE,Combined TRACON& Tower with Radar,9,82,68,0,159,0,7,122,0,129,9,89,190,0,288,84,0,84,372
08/07/2005,SBA,CA,AWP,WE,Combined TRACON& Tower with Radar,10,88,72,2,172,0,0,145,0,145,10,88,217,2,317,16,0,16,333
08/08/2005,SBA,CA,AWP,WE,Combined TRACON& Tower with Radar,11,101,76,2,190,0,3,109,0,112,11,104,185,2,302,132,0,132,434
08/09/2005,SBA,CA,AWP,WE,Combined TRACON& Tower with Radar,10,104,65,4,183,0,3,135,0,138,10,107,200,4,321,156,0,156,477
08/10/2005,SBA,CA,AWP,WE,Combined TRACON& Tower with Radar,10,101,80,0,191,0,4,82,1,87,10,105,162,1,278,141,0,141,419
08/11/2005,SBA,CA,AWP,WE,Combined TRACON& Tower with Radar,8,108,99,4,219,0,4,104,0,108,8,112,203,4,327,85,0,85,412
08/12/2005,SBA,CA,AWP,WE,Combined TRACON& Tower with Radar,8,106,160,1,275,0,4,52,2,58,8,110,212,3,333,62,0,62,395
08/13/2005,SBA,CA,AWP,WE,Combined TRACON& Tower with Radar,11,85,133,0,229,0,0,29,0,29,11,85,162,0,258,123,0,123,381
08/14/2005,SBA,CA,AWP,WE,Combined TRACON& Tower with Radar,11,94,61,0,166,0,0,58,1,59,11,94,119,1,225,13,0,13,238
08/15/2005,SBA,CA,AWP,WE,Combined TRACON& Tower with Radar,10,94,70,1,175,0,2,60,5,67,10,96,130,6,242,102,0,102,344
08/16/2005,SBA,CA,AWP,WE,Combined TRACON& Tower with Radar,8,108,85,0,201,0,7,83,0,90,8,115,168,0,291,274,0,274,565
08/17/2005,SBA,CA,AWP,WE,Combined TRACON& Tower with Radar,10,98,101,0,209,0,3,119,0,122,10,101,220,0,331,198,0,198,529
08/18/2005,SBA,CA,AWP,WE,Combined TRACON& Tower with Radar,10,109,101,12,232,0,7,121,0,128,10,116,222,12,360,208,0,208,568
08/19/2005,SBA,CA,AWP,WE,Combined TRACON& Tower with Radar,12,112,100,1,225,0,6,141,1,148,12,118,241,2,373,172,0,172,545
08/20/2005,SBA,CA,AWP,WE,Combined TRACON& Tower with Radar,12,85,109,0,206,0,5,108,0,113,12,90,217,0,319,73,0,73,392
08/21/2005,SBA,CA,AWP,WE,Combined TRACON& Tower with Radar,10,101,99,0,210,0,4,182,0,186,10,105,281,0,396,93,0,93,489
08/22/2005,SBA,CA,AWP,WE,Combined TRACON& Tower with Radar,10,105,79,3,197,0,2,104,0,106,10,107,183,3,303,112,0,112,415
08/23/2005,SBA,CA,AWP,WE,Combined TRACON& Tower with Radar,8,119,92,2,221,0,4,91,0,95,8,123,183,2,316,161,0,161,477
08/24/2005,SBA,CA,AWP,WE,Combined TRACON& Tower with Radar,9,108,90,1,208,0,7,111,0,118,9,115,201,1,326,264,0,264,590
08/25/2005,SBA,CA,AWP,WE,Combined TRACON& Tower with Radar,8,106,231,2,347,0,0,0,0,0,8,106,231,2,347,287,0,287,634
08/26/2005,SBA,CA,AWP,WE,Combined TRACON& Tower with Radar,11,91,67,0,169,0,6,191,1,198,11,97,258,1,367,295,0,295,662
08/27/2005,SBA,CA,AWP,WE,Combined TRACON& Tower with Radar,9,73,32,1,115,0,8,184,0,192,9,81,216,1,307,152,0,152,459
08/28/2005,SBA,CA,AWP,WE,Combined TRACON& Tower with Radar,11,77,58,0,146,0,2,243,0,245,11,79,301,0,391,101,0,101,492
08/29/2005,SBA,CA,AWP,WE,Combined TRACON& Tower with Radar,10,104,43,0,157,0,5,114,0,119,10,109,157,0,276,120,0,120,396
08/30/2005,SBA,CA,AWP,WE,Combined TRACON& Tower with Radar,9,103,46,2,160,0,12,109,0,121,9,115,155,2,281,315,0,315,596
08/31/2005,SBA,CA,AWP,WE,Combined TRACON& Tower with Radar,12,98,73,2,185,0,5,76,1,82,12,103,149,3,267,98,0,98,365
09/01/2005,SBA,CA,AWP,WE,Combined TRACON& Tower with Radar,13,112,114,0,239,0,0,25,0,25,13,112,139,0,264,6,0,6,270
09/02/2005,SBA,CA,AWP,WE,Combined TRACON& Tower with Radar,9,101,84,8,202,0,2,138,2,142,9,103,222,10,344,304,0,304,648
09/03/2005,SBA,CA,AWP,WE,Combined TRACON& Tower with Radar,8,83,66,1,158,0,0,115,0,115,8,83,181,1,273,133,0,133,406
09/04/2005,SBA,CA,AWP,WE,Combined TRACON& Tower with Radar,12,66,58,0,136,0,1,150,1,152,12,67,208,1,288,30,0,30,318
09/05/2005,SBA,CA,AWP,WE,Combined TRACON& Tower with Radar,10,95,61,0,166,0,1,192,0,193,10,96,253,0,359,47,0,47,406
09/06/2005,SBA,CA,AWP,WE,Combined TRACON& Tower with Radar,6,93,60,0,159,0,11,100,0,111,6,104,160,0,270,125,0,125,395
09/07/2005,SBA,CA,AWP,WE,Combined TRACON& Tower with Radar,9,106,48,0,163,0,10,113,0,123,9,116,161,0,286,195,0,195,481
09/08/2005,SBA,CA,AWP,WE,Combined TRACON& Tower with Radar,11,90,41,1,143,0,15,128,0,143,11,105,169,1,286,208,0,208,494
09/09/2005,SBA,CA,AWP,WE,Combined TRACON& Tower with Radar,11,99,60,0,170,0,7,118,0,125,11,106,178,0,295,336,0,336,631
09/10/2005,SBA,CA,AWP,WE,Combined TRACON& Tower with Radar,10,88,73,0,171,0,4,99,0,103,10,92,172,0,274,169,0,169,443
09/11/2005,SBA,CA,AWP,WE,Combined TRACON& Tower with Radar,9,80,58,1,148,0,2,137,0,139,9,82,195,1,287,70,0,70,357
09/12/2005,SBA,CA,AWP,WE,Combined TRACON& Tower with Radar,10,85,46,2,143,0,2,82,1,85,10,87,128,3,228,104,0,104,332
09/13/2005,SBA,CA,AWP,WE,Combined TRACON& Tower with Radar,11,93,55,0,159,0,6,149,1,156,11,99,204,1,315,253,0,253,568
09/14/2005,SBA,CA,AWP,WE,Combined TRACON& Tower with Radar,12,101,51,0,164,0,5,149,1,155,12,106,200,1,319,187,0,187,506
09/15/2005,SBA,CA,AWP,WE,Combined TRACON& Tower with Radar,11,86,55,1,153,0,7,127,2,136,11,93,182,3,289,253,0,253,542
09/16/2005,SBA,CA,AWP,WE,Combined TRACON& Tower with Radar,13,106,66,2,187,0,5,103,0,108,13,111,169,2,295,152,2,154,449
09/17/2005,SBA,CA,AWP,WE,Combined TRACON& Tower with Radar,7,82,33,2,124,0,6,138,2,146,7,88,171,4,270,137,0,137,407
09/18/2005,SBA,CA,AWP,WE,Combined TRACON& Tower with Radar,16,90,64,0,170,0,3,178,0,181,16,93,242,0,351,15,0,15,366
09/19/2005,SBA,CA,AWP,WE,Combined TRACON& Tower with Radar,12,103,72,0,187,0,0,93,2,95,12,103,165,2,282,140,0,140,422
09/20/2005,SBA,CA,AWP,WE,Combined TRACON& Tower with Radar,9,92,50,4,155,0,5,80,0,85,9,97,130,4,240,205,0,205,445
09/21/2005,SBA,CA,AWP,WE,Combined TRACON& Tower with Radar,11,95,54,2,162,0,17,137,2,156,11,112,191,4,318,270,0,270,588
09/22/2005,SBA,CA,AWP,WE,Combined TRACON& Tower with Radar,7,107,62,2,178,0,10,133,2,145,7,117,195,4,323,150,0,150,473
09/23/2005,SBA,CA,AWP,WE,Combined TRACON& Tower with Radar,10,98,86,1,195,0,3,111,0,114,10,101,197,1,309,92,0,92,401
09/24/2005,SBA,CA,AWP,WE,Combined TRACON& Tower with Radar,12,77,51,0,140,0,1,111,0,112,12,78,162,0,252,77,0,77,329
09/25/2005,SBA,CA,AWP,WE,Combined TRACON& Tower with Radar,11,89,69,0,169,0,0,121,0,121,11,89,190,0,290,72,0,72,362
09/26/2005,SBA,CA,AWP,WE,Combined TRACON& Tower with Radar,11,94,49,0,154,0,6,50,0,56,11,100,99,0,210,100,0,100,310
09/27/2005,SBA,CA,AWP,WE,Combined TRACON& Tower with Radar,10,99,44,0,153,0,14,116,0,130,10,113,160,0,283,149,0,149,432
09/28/2005,SBA,CA,AWP,WE,Combined TRACON& Tower with Radar,10,93,28,0,131,0,15,110,6,131,10,108,138,6,262,163,0,163,425
09/29/2005,SBA,CA,AWP,WE,Combined TRACON& Tower with Radar,12,101,45,0,158,0,7,133,0,140,12,108,178,0,298,191,0,191,489
09/30/2005,SBA,CA,AWP,WE,Combined TRACON& Tower with Radar,10,105,65,0,180,0,11,154,1,166,10,116,219,1,346,132,0,132,478
10/01/2005,SBA,CA,AWP,WE,Combined TRACON& Tower with Radar,9,84,82,0,175,0,4,109,0,113,9,88,191,0,288,115,0,115,403
10/02/2005,SBA,CA,AWP,WE,Combined TRACON& Tower with Radar,8,82,98,0,188,0,1,85,0,86,8,83,183,0,274,54,0,54,328
10/03/2005,SBA,CA,AWP,WE,Combined TRACON& Tower with Radar,9,96,68,0,173,0,5,106,0,111,9,101,174,0,284,156,0,156,440
10/04/2005,SBA,CA,AWP,WE,Combined TRACON& Tower with Radar,7,85,38,0,130,0,10,78,0,88,7,95,116,0,218,186,0,186,404
10/05/2005,SBA,CA,AWP,WE,Combined TRACON& Tower with Radar,10,101,51,35,197,0,13,118,2,133,10,114,169,37,330,126,0,126,456
10/06/2005,SBA,CA,AWP,WE,Combined TRACON& Tower with Radar,10,97,77,0,184,0,3,148,0,151,10,100,225,0,335,249,0,249,584
10/07/2005,SBA,CA,AWP,WE,Combined TRACON& Tower with Radar,10,113,82,1,206,0,7,174,0,181,10,120,256,1,387,164,0,164,551
10/08/2005,SBA,CA,AWP,WE,Combined TRACON& Tower with Radar,7,83,54,0,144,0,4,141,0,145,7,87,195,0,289,163,0,163,452
10/09/2005,SBA,CA,AWP,WE,Combined TRACON& Tower with Radar,10,97,45,0,152,0,3,204,0,207,10,100,249,0,359,137,0,137,496
10/10/2005,SBA,CA,AWP,WE,Combined TRACON& Tower with Radar,10,96,51,0,157,0,3,143,0,146,10,99,194,0,303,102,0,102,405
10/11/2005,SBA,CA,AWP,WE,Combined TRACON& Tower with Radar,13,98,78,0,189,0,5,56,0,61,13,103,134,0,250,150,0,150,400
10/12/2005,SBA,CA,AWP,WE,Combined TRACON& Tower with Radar,10,97,67,3,177,0,6,118,1,125,10,103,185,4,302,185,0,185,487
10/13/2005,SBA,CA,AWP,WE,Combined TRACON& Tower with Radar,10,92,51,2,155,0,5,151,0,156,10,97,202,2,311,287,0,287,598
10/14/2005,SBA,CA,AWP,WE,Combined TRACON& Tower with Radar,12,100,73,0,185,0,7,179,0,186,12,107,252,0,371,201,0,201,572
10/15/2005,SBA,CA,AWP,WE,Combined TRACON& Tower with Radar,10,84,60,0,154,0,5,130,1,136,10,89,190,1,290,95,0,95,385
10/16/2005,SBA,CA,AWP,WE,Combined TRACON& Tower with Radar,10,86,67,0,163,0,4,98,0,102,10,90,165,0,265,79,0,79,344
10/17/2005,SBA,CA,AWP,WE,Combined TRACON& Tower with Radar,11,90,40,0,141,0,0,28,0,28,11,90,68,0,169,28,0,28,197
10/18/2005,SBA,CA,AWP,WE,Combined TRACON& Tower with Radar,5,102,52,0,159,0,5,60,0,65,5,107,112,0,224,206,0,206,430
10/19/2005,SBA,CA,AWP,WE,Combined TRACON& Tower with Radar,10,97,56,0,163,0,1,79,0,80,10,98,135,0,243,187,0,187,430
10/20/2005,SBA,CA,AWP,WE,Combined TRACON& Tower with Radar,8,110,86,1,205,0,2,86,0,88,8,112,172,1,293,144,0,144,437
10/21/2005,SBA,CA,AWP,WE,Combined TRACON& Tower with Radar,11,104,106,0,221,0,0,0,0,0,11,104,106,0,221,0,0,0,221
10/22/2005,SBA,CA,AWP,WE,Combined TRACON& Tower with Radar,10,84,119,0,213,0,0,0,0,0,10,84,119,0,213,0,0,0,213
10/23/2005,SBA,CA,AWP,WE,Combined TRACON& Tower with Radar,6,89,119,0,214,0,0,3,0,3,6,89,122,0,217,4,0,4,221
10/24/2005,SBA,CA,AWP,WE,Combined TRACON& Tower with Radar,11,105,78,0,194,0,3,2,0,5,11,108,80,0,199,0,0,0,199
10/25/2005,SBA,CA,AWP,WE,Combined TRACON& Tower with Radar,9,94,59,1,163,0,7,64,1,72,9,101,123,2,235,2,1,3,238
10/26/2005,SBA,CA,AWP,WE,Combined TRACON& Tower with Radar,8,104,73,2,187,0,5,104,0,109,8,109,177,2,296,52,0,52,348
10/27/2005,SBA,CA,AWP,WE,Combined TRACON& Tower with Radar,12,108,71,3,194,0,7,60,0,67,12,115,131,3,261,70,0,70,331
10/28/2005,SBA,CA,AWP,WE,Combined TRACON& Tower with Radar,10,101,59,0,170,0,4,138,0,142,10,105,197,0,312,232,0,232,544
10/29/2005,SBA,CA,AWP,WE,Combined TRACON& Tower with Radar,9,82,49,0,140,0,3,170,0,173,9,85,219,0,313,80,0,80,393
10/30/2005,SBA,CA,AWP,WE,Combined TRACON& Tower with Radar,7,85,52,0,144,0,0,247,1,248,7,85,299,1,392,120,0,120,512
10/31/2005,SBA,CA,AWP,WE,Combined TRACON& Tower with Radar,10,95,55,0,160,0,4,117,0,121,10,99,172,0,281,132,0,132,413
11/01/2005,SBA,CA,AWP,WE,Combined TRACON& Tower with Radar,7,98,33,2,140,0,12,127,0,139,7,110,160,2,279,118,0,118,397
11/02/2005,SBA,CA,AWP,WE,Combined TRACON& Tower with Radar,11,95,69,2,177,0,1,97,1,99,11,96,166,3,276,79,0,79,355
11/03/2005,SBA,CA,AWP,WE,Combined TRACON& Tower with Radar,8,108,73,0,189,0,6,109,0,115,8,114,182,0,304,184,0,184,488
11/04/2005,SBA,CA,AWP,WE,Combined TRACON& Tower with Radar,9,107,51,2,169,0,0,163,0,163,9,107,214,2,332,174,0,174,506
11/05/2005,SBA,CA,AWP,WE,Combined TRACON& Tower with Radar,7,76,39,3,125,0,2,190,0,192,7,78,229,3,317,179,0,179,496
11/06/2005,SBA,CA,AWP,WE,Combined TRACON& Tower with Radar,7,88,57,0,152,0,3,168,0,171,7,91,225,0,323,178,0,178,501
11/07/2005,SBA,CA,AWP,WE,Combined TRACON& Tower with Radar,9,91,61,0,161,0,0,48,0,48,9,91,109,0,209,38,0,38,247
11/08/2005,SBA,CA,AWP,WE,Combined TRACON& Tower with Radar,7,93,83,7,190,0,15,26,0,41,7,108,109,7,231,142,0,142,373
11/09/2005,SBA,CA,AWP,WE,Combined TRACON& Tower with Radar,8,105,60,0,173,0,0,21,0,21,8,105,81,0,194,96,0,96,290
11/10/2005,SBA,CA,AWP,WE,Combined TRACON& Tower with Radar,6,100,66,11,183,0,5,57,0,62,6,105,123,11,245,234,0,234,479
11/11/2005,SBA,CA,AWP,WE,Combined TRACON& Tower with Radar,9,91,71,0,171,0,1,140,0,141,9,92,211,0,312,152,0,152,464
11/12/2005,SBA,CA,AWP,WE,Combined TRACON& Tower with Radar,5,83,63,0,151,0,3,164,0,167,5,86,227,0,318,130,0,130,448
11/13/2005,SBA,CA,AWP,WE,Combined TRACON& Tower with Radar,6,85,71,0,162,0,0,225,0,225,6,85,296,0,387,215,0,215,602
11/14/2005,SBA,CA,AWP,WE,Combined TRACON& Tower with Radar,8,104,73,2,187,0,0,153,0,153,8,104,226,2,340,30,0,30,370
11/15/2005,SBA,CA,AWP,WE,Combined TRACON& Tower with Radar,4,109,57,0,170,0,10,132,0,142,4,119,189,0,312,123,0,123,435
11/16/2005,SBA,CA,AWP,WE,Combined TRACON& Tower with Radar,8,101,60,2,171,0,7,136,0,143,8,108,196,2,314,224,0,224,538
11/17/2005,SBA,CA,AWP,WE,Combined TRACON& Tower with Radar,8,86,55,1,150,0,10,138,1,149,8,96,193,2,299,198,0,198,497
11/18/2005,SBA,CA,AWP,WE,Combined TRACON& Tower with Radar,7,110,64,0,181,0,8,150,4,162,7,118,214,4,343,243,0,243,586
11/19/2005,SBA,CA,AWP,WE,Combined TRACON& Tower with Radar,6,84,55,1,146,0,7,185,0,192,6,91,240,1,338,147,0,147,485
11/20/2005,SBA,CA,AWP,WE,Combined TRACON& Tower with Radar,6,85,44,0,135,0,2,167,2,171,6,87,211,2,306,75,0,75,381
11/21/2005,SBA,CA,AWP,WE,Combined TRACON& Tower with Radar,6,106,45,3,160,0,6,110,0,116,6,112,155,3,276,154,0,154,430
11/22/2005,SBA,CA,AWP,WE,Combined TRACON& Tower with Radar,7,107,66,3,183,0,12,177,0,189,7,119,243,3,372,254,4,258,630
11/23/2005,SBA,CA,AWP,WE,Combined TRACON& Tower with Radar,5,111,62,0,178,0,10,182,1,193,5,121,244,1,371,108,0,108,479
11/24/2005,SBA,CA,AWP,WE,Combined TRACON& Tower with Radar,7,57,24,0,88,0,1,90,0,91,7,58,114,0,179,26,0,26,205
11/25/2005,SBA,CA,AWP,WE,Combined TRACON& Tower with Radar,8,68,37,0,113,0,1,95,0,96,8,69,132,0,209,84,1,85,294
11/26/2005,SBA,CA,AWP,WE,Combined TRACON& Tower with Radar,5,107,47,0,159,0,1,89,0,90,5,108,136,0,249,37,0,37,286
11/27/2005,SBA,CA,AWP,WE,Combined TRACON& Tower with Radar,8,97,69,0,174,0,4,173,0,177,8,101,242,0,351,78,0,78,429
11/28/2005,SBA,CA,AWP,WE,Combined TRACON& Tower with Radar,6,87,51,1,145,0,3,101,1,105,6,90,152,2,250,126,0,126,376
11/29/2005,SBA,CA,AWP,WE,Combined TRACON& Tower with Radar,5,103,47,0,155,0,7,65,0,72,5,110,112,0,227,228,0,228,455
11/30/2005,SBA,CA,AWP,WE,Combined TRACON& Tower with Radar,7,111,33,0,151,0,7,97,1,105,7,118,130,1,256,210,0,210,466
12/01/2005,SBA,CA,AWP,WE,Combined TRACON& Tower with Radar,5,108,70,1,184,0,2,60,0,62,5,110,130,1,246,122,0,122,368
12/02/2005,SBA,CA,AWP,WE,Combined TRACON& Tower with Radar,8,100,65,1,174,0,0,4,0,4,8,100,69,1,178,36,0,36,214
12/03/2005,SBA,CA,AWP,WE,Combined TRACON& Tower with Radar,9,75,25,0,109,0,11,123,0,134,9,86,148,0,243,111,0,111,354
12/04/2005,SBA,CA,AWP,WE,Combined TRACON& Tower with Radar,6,81,24,0,111,0,2,163,0,165,6,83,187,0,276,224,0,224,500
12/05/2005,SBA,CA,AWP,WE,Combined TRACON& Tower with Radar,10,89,38,0,137,0,5,103,2,110,10,94,141,2,247,84,0,84,331
12/06/2005,SBA,CA,AWP,WE,Combined TRACON& Tower with Radar,5,109,41,0,155,0,11,123,0,134,5,120,164,0,289,198,0,198,487
12/07/2005,SBA,CA,AWP,WE,Combined TRACON& Tower with Radar,6,105,50,4,165,0,3,116,1,120,6,108,166,5,285,117,0,117,402
12/08/2005,SBA,CA,AWP,WE,Combined TRACON& Tower with Radar,9,100,65,1,175,0,5,109,1,115,9,105,174,2,290,297,0,297,587
12/09/2005,SBA,CA,AWP,WE,Combined TRACON& Tower with Radar,10,93,45,0,148,0,1,100,0,101,10,94,145,0,249,178,0,178,427
12/10/2005,SBA,CA,AWP,WE,Combined TRACON& Tower with Radar,8,79,28,0,115,0,2,176,0,178,8,81,204,0,293,250,0,250,543
12/11/2005,SBA,CA,AWP,WE,Combined TRACON& Tower with Radar,8,84,41,0,133,0,5,171,0,176,8,89,212,0,309,46,0,46,355
12/12/2005,SBA,CA,AWP,WE,Combined TRACON& Tower with Radar,11,103,58,1,173,0,1,79,0,80,11,104,137,1,253,70,0,70,323
12/13/2005,SBA,CA,AWP,WE,Combined TRACON& Tower with Radar,7,105,50,1,163,0,6,112,1,119,7,111,162,2,282,210,0,210,492
12/14/2005,SBA,CA,AWP,WE,Combined TRACON& Tower with Radar,8,119,65,1,193,0,4,120,1,125,8,123,185,2,318,104,0,104,422
12/15/2005,SBA,CA,AWP,WE,Combined TRACON& Tower with Radar,9,95,54,0,158,0,4,100,0,104,9,99,154,0,262,191,0,191,453
12/16/2005,SBA,CA,AWP,WE,Combined TRACON& Tower with Radar,7,105,104,0,216,0,9,74,0,83,7,114,178,0,299,195,0,195,494
12/17/2005,SBA,CA,AWP,WE,Combined TRACON& Tower with Radar,6,92,56,0,154,0,3,55,0,58,6,95,111,0,212,110,0,110,322
12/18/2005,SBA,CA,AWP,WE,Combined TRACON& Tower with Radar,9,89,51,0,149,0,3,13,1,17,9,92,64,1,166,88,0,88,254
12/19/2005,SBA,CA,AWP,WE,Combined TRACON& Tower with Radar,9,94,38,3,144,0,2,78,1,81,9,96,116,4,225,127,0,127,352
12/20/2005,SBA,CA,AWP,WE,Combined TRACON& Tower with Radar,8,106,52,2,168,0,11,96,2,109,8,117,148,4,277,264,0,264,541
12/21/2005,SBA,CA,AWP,WE,Combined TRACON& Tower with Radar,7,98,52,2,159,0,20,114,14,148,7,118,166,16,307,174,0,174,481
12/22/2005,SBA,CA,AWP,WE,Combined TRACON& Tower with Radar,5,119,66,0,190,0,6,101,0,107,5,125,167,0,297,166,0,166,463
12/23/2005,SBA,CA,AWP,WE,Combined TRACON& Tower with Radar,7,106,64,0,177,0,6,51,0,57,7,112,115,0,234,24,0,24,258
12/24/2005,SBA,CA,AWP,WE,Combined TRACON& Tower with Radar,7,67,22,0,96,0,3,73,0,76,7,70,95,0,172,55,0,55,227
12/25/2005,SBA,CA,AWP,WE,Combined TRACON& Tower with Radar,8,60,24,0,92,2,1,0,0,3,10,61,24,0,95,0,0,0,95
12/26/2005,SBA,CA,AWP,WE,Combined TRACON& Tower with Radar,8,100,72,0,180,0,1,14,0,15,8,101,86,0,195,0,0,0,195
12/27/2005,SBA,CA,AWP,WE,Combined TRACON& Tower with Radar,8,89,64,0,161,0,7,99,1,107,8,96,163,1,268,186,0,186,454
12/28/2005,SBA,CA,AWP,WE,Combined TRACON& Tower with Radar,5,115,43,0,163,0,1,43,0,44,5,116,86,0,207,56,0,56,263
12/29/2005,SBA,CA,AWP,WE,Combined TRACON& Tower with Radar,7,97,122,0,226,0,8,58,2,68,7,105,180,2,294,119,0,119,413
12/30/2005,SBA,CA,AWP,WE,Combined TRACON& Tower with Radar,7,80,50,0,137,0,1,134,0,135,7,81,184,0,272,122,0,122,394
12/31/2005,SBA,CA,AWP,WE,Combined TRACON& Tower with Radar,6,84,28,0,118,0,0,1,0,1,6,84,29,0,119,10,0,10,129
01/01/2006,SBA,CA,AWP,WE,Combined TRACON& Tower with Radar,9,74,32,0,115,0,0,9,0,9,9,74,41,0,124,52,0,52,176
01/02/2006,SBA,CA,AWP,WE,Combined TRACON& Tower with Radar,8,85,34,0,127,0,0,0,0,0,8,85,34,0,127,0,0,0,127
01/03/2006,SBA,CA,AWP,WE,Combined TRACON& Tower with Radar,8,98,40,2,148,0,9,79,2,90,8,107,119,4,238,140,0,140,378
01/04/2006,SBA,CA,AWP,WE,Combined TRACON& Tower with Radar,7,105,40,4,156,0,14,82,1,97,7,119,122,5,253,153,0,153,406
01/05/2006,SBA,CA,AWP,WE,Combined TRACON& Tower with Radar,7,92,44,1,144,0,6,116,0,122,7,98,160,1,266,205,0,205,471
01/06/2006,SBA,CA,AWP,WE,Combined TRACON& Tower with Radar,6,107,55,0,168,0,7,140,0,147,6,114,195,0,315,171,0,171,486
01/07/2006,SBA,CA,AWP,WE,Combined TRACON& Tower with Radar,6,90,39,0,135,0,2,212,0,214,6,92,251,0,349,94,0,94,443
01/08/2006,SBA,CA,AWP,WE,Combined TRACON& Tower with Radar,8,90,45,1,144,0,0,201,0,201,8,90,246,1,345,132,0,132,477
01/09/2006,SBA,CA,AWP,WE,Combined TRACON& Tower with Radar,9,91,44,0,144,0,6,141,0,147,9,97,185,0,291,194,0,194,485
01/10/2006,SBA,CA,AWP,WE,Combined TRACON& Tower with Radar,8,102,38,2,150,0,8,109,0,117,8,110,147,2,267,232,0,232,499
01/11/2006,SBA,CA,AWP,WE,Combined TRACON& Tower with Radar,11,91,56,1,159,0,11,106,2,119,11,102,162,3,278,152,0,152,430
01/12/2006,SBA,CA,AWP,WE,Combined TRACON& Tower with Radar,11,110,72,1,194,0,14,115,0,129,11,124,187,1,323,70,0,70,393
01/13/2006,SBA,CA,AWP,WE,Combined TRACON& Tower with Radar,10,110,86,4,210,0,6,63,2,71,10,116,149,6,281,52,0,52,333
01/14/2006,SBA,CA,AWP,WE,Combined TRACON& Tower with Radar,8,71,52,0,131,0,3,21,0,24,8,74,73,0,155,67,0,67,222
01/15/2006,SBA,CA,AWP,WE,Combined TRACON& Tower with Radar,8,83,53,0,144,0,5,114,1,120,8,88,167,1,264,50,0,50,314
01/16/2006,SBA,CA,AWP,WE,Combined TRACON& Tower with Radar,8,91,44,0,143,0,9,115,0,124,8,100,159,0,267,150,0,150,417
01/17/2006,SBA,CA,AWP,WE,Combined TRACON& Tower with Radar,7,87,54,2,150,0,12,129,0,141,7,99,183,2,291,242,0,242,533
01/18/2006,SBA,CA,AWP,WE,Combined TRACON& Tower with Radar,10,104,66,1,181,0,2,31,1,34,10,106,97,2,215,128,0,128,343
01/19/2006,SBA,CA,AWP,WE,Combined TRACON& Tower with Radar,10,102,30,1,143,0,7,143,0,150,10,109,173,1,293,1260,0,1260,1553
01/20/2006,SBA,CA,AWP,WE,Combined TRACON& Tower with Radar,10,107,45,6,168,0,0,166,0,166,10,107,211,6,334,151,0,151,485
01/21/2006,SBA,CA,AWP,WE,Combined TRACON& Tower with Radar,5,79,58,0,142,0,3,166,6,175,5,82,224,6,317,139,0,139,456
01/22/2006,SBA,CA,AWP,WE,Combined TRACON& Tower with Radar,7,82,38,2,129,0,0,151,0,151,7,82,189,2,280,98,0,98,378
01/23/2006,SBA,CA,AWP,WE,Combined TRACON& Tower with Radar,11,80,43,0,134,0,4,49,0,53,11,84,92,0,187,118,0,118,305
01/24/2006,SBA,CA,AWP,WE,Combined TRACON& Tower with Radar,8,100,38,4,150,0,8,110,0,118,8,108,148,4,268,150,0,150,418
01/25/2006,SBA,CA,AWP,WE,Combined TRACON& Tower with Radar,8,106,53,0,167,0,3,83,0,86,8,109,136,0,253,117,0,117,370
01/26/2006,SBA,CA,AWP,WE,Combined TRACON& Tower with Radar,7,94,65,0,166,0,7,69,6,82,7,101,134,6,248,103,0,103,351
01/27/2006,SBA,CA,AWP,WE,Combined TRACON& Tower with Radar,12,115,63,8,198,0,7,141,2,150,12,122,204,10,348,82,4,86,434
01/28/2006,SBA,CA,AWP,WE,Combined TRACON& Tower with Radar,8,79,37,2,126,0,6,136,0,142,8,85,173,2,268,131,0,131,399
01/29/2006,SBA,CA,AWP,WE,Combined TRACON& Tower with Radar,10,89,59,2,160,0,3,167,2,172,10,92,226,4,332,108,0,108,440
01/30/2006,SBA,CA,AWP,WE,Combined TRACON& Tower with Radar,12,87,62,0,161,0,1,61,0,62,12,88,123,0,223,73,0,73,296
01/31/2006,SBA,CA,AWP,WE,Combined TRACON& Tower with Radar,11,91,60,1,163,0,13,106,0,119,11,104,166,1,282,145,0,145,427
02/01/2006,SBA,CA,AWP,WE,Combined TRACON& Tower with Radar,9,98,42,0,149,0,8,103,0,111,9,106,145,0,260,105,0,105,365
02/02/2006,SBA,CA,AWP,WE,Combined TRACON& Tower with Radar,8,101,47,0,156,0,6,79,0,85,8,107,126,0,241,75,0,75,316
02/03/2006,SBA,CA,AWP,WE,Combined TRACON& Tower with Radar,11,92,47,0,150,0,3,159,0,162,11,95,206,0,312,189,0,189,501
02/04/2006,SBA,CA,AWP,WE,Combined TRACON& Tower with Radar,5,76,72,0,153,1,2,100,0,103,6,78,172,0,256,134,0,134,390
02/05/2006,SBA,CA,AWP,WE,Combined TRACON& Tower with Radar,9,92,37,0,138,0,3,125,0,128,9,95,162,0,266,93,0,93,359
02/06/2006,SBA,CA,AWP,WE,Combined TRACON& Tower with Radar,10,99,34,5,148,0,1,79,0,80,10,100,113,5,228,38,4,42,270
02/07/2006,SBA,CA,AWP,WE,Combined TRACON& Tower with Radar,10,98,55,0,163,0,9,134,0,143,10,107,189,0,306,128,0,128,434
02/08/2006,SBA,CA,AWP,WE,Combined TRACON& Tower with Radar,8,96,43,2,149,0,8,101,0,109,8,104,144,2,258,112,0,112,370
02/09/2006,SBA,CA,AWP,WE,Combined TRACON& Tower with Radar,11,92,61,0,164,0,3,130,0,133,11,95,191,0,297,166,0,166,463
02/10/2006,SBA,CA,AWP,WE,Combined TRACON& Tower with Radar,10,98,80,0,188,0,1,54,0,55,10,99,134,0,243,81,0,81,324
02/11/2006,SBA,CA,AWP,WE,Combined TRACON& Tower with Radar,7,80,68,0,155,0,0,137,1,138,7,80,205,1,293,74,0,74,367
02/12/2006,SBA,CA,AWP,WE,Combined TRACON& Tower with Radar,11,74,46,0,131,0,3,209,0,212,11,77,255,0,343,90,0,90,433
02/13/2006,SBA,CA,AWP,WE,Combined TRACON& Tower with Radar,8,92,33,0,133,0,2,121,0,123,8,94,154,0,256,133,0,133,389
02/14/2006,SBA,CA,AWP,WE,Combined TRACON& Tower with Radar,11,100,62,0,173,0,5,94,1,100,11,105,156,1,273,69,0,69,342
02/15/2006,SBA,CA,AWP,WE,Combined TRACON& Tower with Radar,12,101,60,2,175,0,3,53,1,57,12,104,113,3,232,27,0,27,259
02/16/2006,SBA,CA,AWP,WE,Combined TRACON& Tower with Radar,9,99,79,6,193,0,8,163,0,171,9,107,242,6,364,172,0,172,536
02/17/2006,SBA,CA,AWP,WE,Combined TRACON& Tower with Radar,12,90,84,1,187,0,0,43,0,43,12,90,127,1,230,43,0,43,273
02/18/2006,SBA,CA,AWP,WE,Combined TRACON& Tower with Radar,7,70,53,0,130,0,1,41,0,42,7,71,94,0,172,81,0,81,253
02/19/2006,SBA,CA,AWP,WE,Combined TRACON& Tower with Radar,6,87,45,0,138,0,1,19,0,20,6,88,64,0,158,174,0,174,332
02/20/2006,SBA,CA,AWP,WE,Combined TRACON& Tower with Radar,8,101,66,0,175,0,5,190,0,195,8,106,256,0,370,81,0,81,451
02/21/2006,SBA,CA,AWP,WE,Combined TRACON& Tower with Radar,9,92,48,1,150,0,6,112,1,119,9,98,160,2,269,102,0,102,371
02/22/2006,SBA,CA,AWP,WE,Combined TRACON& Tower with Radar,10,93,38,5,146,0,14,117,0,131,10,107,155,5,277,128,0,128,405
02/23/2006,SBA,CA,AWP,WE,Combined TRACON& Tower with Radar,11,93,56,0,160,0,6,138,3,147,11,99,194,3,307,101,0,101,408
02/24/2006,SBA,CA,AWP,WE,Combined TRACON& Tower with Radar,9,102,60,0,171,0,1,152,1,154,9,103,212,1,325,63,0,63,388
02/25/2006,SBA,CA,AWP,WE,Combined TRACON& Tower with Radar,9,86,57,0,152,0,2,180,1,183,9,88,237,1,335,61,0,61,396
02/26/2006,SBA,CA,AWP,WE,Combined TRACON& Tower with Radar,12,83,61,0,156,0,1,162,0,163,12,84,223,0,319,92,0,92,411
02/27/2006,SBA,CA,AWP,WE,Combined TRACON& Tower with Radar,15,81,40,1,137,0,1,2,1,4,15,82,42,2,141,0,0,0,141
02/28/2006,SBA,CA,AWP,WE,Combined TRACON& Tower with Radar,14,96,54,0,164,0,10,44,3,57,14,106,98,3,221,77,0,77,298
03/01/2006,SBA,CA,AWP,WE,Combined TRACON& Tower with Radar,10,90,54,0,154,0,4,134,16,154,10,94,188,16,308,77,0,77,385
03/02/2006,SBA,CA,AWP,WE,Combined TRACON& Tower with Radar,9,101,69,1,180,0,7,58,1,66,9,108,127,2,246,42,0,42,288
03/03/2006,SBA,CA,AWP,WE,Combined TRACON& Tower with Radar,12,102,57,0,171,0,0,26,0,26,12,102,83,0,197,106,0,106,303
03/04/2006,SBA,CA,AWP,WE,Combined TRACON& Tower with Radar,8,95,52,0,155,0,6,195,0,201,8,101,247,0,356,112,0,112,468
03/05/2006,SBA,CA,AWP,WE,Combined TRACON& Tower with Radar,6,80,53,0,139,0,1,132,0,133,6,81,185,0,272,119,0,119,391
03/06/2006,SBA,CA,AWP,WE,Combined TRACON& Tower with Radar,10,94,58,0,162,0,0,1,0,1,10,94,59,0,163,9,0,9,172
03/07/2006,SBA,CA,AWP,WE,Combined TRACON& Tower with Radar,8,117,55,2,182,0,6,52,0,58,8,123,107,2,240,72,0,72,312
03/08/2006,SBA,CA,AWP,WE,Combined TRACON& Tower with Radar,8,98,40,0,146,0,4,134,0,138,8,102,174,0,284,92,0,92,376
03/09/2006,SBA,CA,AWP,WE,Combined TRACON& Tower with Radar,11,94,62,2,169,0,9,61,1,71,11,103,123,3,240,64,0,64,304
03/10/2006,SBA,CA,AWP,WE,Combined TRACON& Tower with Radar,8,111,52,2,173,0,2,18,0,20,8,113,70,2,193,69,0,69,262
03/11/2006,SBA,CA,AWP,WE,Combined TRACON& Tower with Radar,10,82,36,1,129,0,0,10,0,10,10,82,46,1,139,33,0,33,172
03/12/2006,SBA,CA,AWP,WE,Combined TRACON& Tower with Radar,6,89,52,0,147,0,3,57,0,60,6,92,109,0,207,155,0,155,362
03/13/2006,SBA,CA,AWP,WE,Combined TRACON& Tower with Radar,6,98,62,0,166,0,8,148,0,156,6,106,210,0,322,197,0,197,519
03/14/2006,SBA,CA,AWP,WE,Combined TRACON& Tower with Radar,10,95,52,1,158,0,3,64,0,67,10,98,116,1,225,67,0,67,292
03/15/2006,SBA,CA,AWP,WE,Combined TRACON& Tower with Radar,10,87,65,3,165,0,9,125,1,135,10,96,190,4,300,182,1,183,483
03/16/2006,SBA,CA,AWP,WE,Combined TRACON& Tower with Radar,11,86,50,0,147,0,4,126,2,132,11,90,176,2,279,230,0,230,509
03/17/2006,SBA,CA,AWP,WE,Combined TRACON& Tower with Radar,11,98,52,2,163,0,7,28,3,38,11,105,80,5,201,4,0,4,205
03/18/2006,SBA,CA,AWP,WE,Combined TRACON& Tower with Radar,7,82,29,0,118,0,2,65,1,68,7,84,94,1,186,141,0,141,327
03/19/2006,SBA,CA,AWP,WE,Combined TRACON& Tower with Radar,8,95,59,0,162,0,3,141,1,145,8,98,200,1,307,144,0,144,451
03/20/2006,SBA,CA,AWP,WE,Combined TRACON& Tower with Radar,7,99,46,3,155,0,9,37,1,47,7,108,83,4,202,110,0,110,312
03/21/2006,SBA,CA,AWP,WE,Combined TRACON& Tower with Radar,9,101,38,0,148,0,3,77,0,80,9,104,115,0,228,120,0,120,348
03/22/2006,SBA,CA,AWP,WE,Combined TRACON& Tower with Radar,10,91,40,0,141,0,2,161,0,163,10,93,201,0,304,247,0,247,551
03/23/2006,SBA,CA,AWP,WE,Combined TRACON& Tower with Radar,15,106,56,1,178,0,7,156,2,165,15,113,212,3,343,193,0,193,536
03/24/2006,SBA,CA,AWP,WE,Combined TRACON& Tower with Radar,10,110,80,2,202,0,8,176,3,187,10,118,256,5,389,121,0,121,510
03/25/2006,SBA,CA,AWP,WE,Combined TRACON& Tower with Radar,9,78,70,0,157,0,0,37,0,37,9,78,107,0,194,116,0,116,310
03/26/2006,SBA,CA,AWP,WE,Combined TRACON& Tower with Radar,9,88,64,0,161,0,1,198,0,199,9,89,262,0,360,176,0,176,536
03/27/2006,SBA,CA,AWP,WE,Combined TRACON& Tower with Radar,9,96,82,0,187,0,0,34,1,35,9,96,116,1,222,155,0,155,377
03/28/2006,SBA,CA,AWP,WE,Combined TRACON& Tower with Radar,7,94,47,0,148,0,4,0,0,4,7,98,47,0,152,48,0,48,200
03/29/2006,SBA,CA,AWP,WE,Combined TRACON& Tower with Radar,9,96,57,2,164,0,7,35,2,44,9,103,92,4,208,102,0,102,310
03/30/2006,SBA,CA,AWP,WE,Combined TRACON& Tower with Radar,7,92,71,2,172,0,2,119,0,121,7,94,190,2,293,150,0,150,443
03/31/2006,SBA,CA,AWP,WE,Combined TRACON& Tower with Radar,8,98,73,0,179,0,1,13,0,14,8,99,86,0,193,77,0,77,270
04/01/2006,SBA,CA,AWP,WE,Combined TRACON& Tower with Radar,5,68,39,1,113,1,10,99,4,114,6,78,138,5,227,52,0,52,279
04/02/2006,SBA,CA,AWP,WE,Combined TRACON& Tower with Radar,9,76,49,2,136,1,6,108,5,120,10,82,157,7,256,130,0,130,386
04/03/2006,SBA,CA,AWP,WE,Combined TRACON& Tower with Radar,10,73,36,1,120,1,11,7,1,20,11,84,43,2,140,0,0,0,140
04/04/2006,SBA,CA,AWP,WE,Combined TRACON& Tower with Radar,6,92,32,0,130,3,11,1,0,15,9,103,33,0,145,6,0,6,151
04/05/2006,SBA,CA,AWP,WE,Combined TRACON& Tower with Radar,9,88,41,0,138,2,4,15,1,22,11,92,56,1,160,26,0,26,186
04/06/2006,SBA,CA,AWP,WE,Combined TRACON& Tower with Radar,9,80,57,0,146,3,12,122,7,144,12,92,179,7,290,133,0,133,423
04/07/2006,SBA,CA,AWP,WE,Combined TRACON& Tower with Radar,10,75,72,0,157,1,12,104,5,122,11,87,176,5,279,159,0,159,438
04/08/2006,SBA,CA,AWP,WE,Combined TRACON& Tower with Radar,7,75,85,0,167,1,6,80,5,92,8,81,165,5,259,107,0,107,366
04/09/2006,SBA,CA,AWP,WE,Combined TRACON& Tower with Radar,9,84,68,0,161,1,4,105,0,110,10,88,173,0,271,108,0,108,379
04/10/2006,SBA,CA,AWP,WE,Combined TRACON& Tower with Radar,11,85,50,0,146,0,7,33,0,40,11,92,83,0,186,40,0,40,226
04/11/2006,SBA,CA,AWP,WE,Combined TRACON& Tower with Radar,10,72,53,0,135,1,11,38,2,52,11,83,91,2,187,108,0,108,295
04/12/2006,SBA,CA,AWP,WE,Combined TRACON& Tower with Radar,11,81,28,1,121,0,7,127,2,136,11,88,155,3,257,141,0,141,398
04/13/2006,SBA,CA,AWP,WE,Combined TRACON& Tower with Radar,11,86,61,0,158,0,7,149,0,156,11,93,210,0,314,182,0,182,496
04/14/2006,SBA,CA,AWP,WE,Combined TRACON& Tower with Radar,10,83,51,0,144,1,8,3,0,12,11,91,54,0,156,19,0,19,175
04/15/2006,SBA,CA,AWP,WE,Combined TRACON& Tower with Radar,10,68,59,0,137,1,4,85,1,91,11,72,144,1,228,205,0,205,433
04/16/2006,SBA,CA,AWP,WE,Combined TRACON& Tower with Radar,8,70,47,0,125,2,15,64,0,81,10,85,111,0,206,78,0,78,284
04/17/2006,SBA,CA,AWP,WE,Combined TRACON& Tower with Radar,13,82,59,0,154,0,14,103,0,117,13,96,162,0,271,86,0,86,357
04/18/2006,SBA,CA,AWP,WE,Combined TRACON& Tower with Radar,10,81,56,2,149,3,12,176,2,193,13,93,232,4,342,72,0,72,414
04/19/2006,SBA,CA,AWP,WE,Combined TRACON& Tower with Radar,12,86,62,0,160,1,14,171,7,193,13,100,233,7,353,173,0,173,526
04/20/2006,SBA,CA,AWP,WE,Combined TRACON& Tower with Radar,13,87,60,2,162,0,12,180,4,196,13,99,240,6,358,157,0,157,515
04/21/2006,SBA,CA,AWP,WE,Combined TRACON& Tower with Radar,10,81,59,0,150,1,13,116,3,133,11,94,175,3,283,154,0,154,437
04/22/2006,SBA,CA,AWP,WE,Combined TRACON& Tower with Radar,10,76,75,0,161,0,6,40,1,47,10,82,115,1,208,126,0,126,334
04/23/2006,SBA,CA,AWP,WE,Combined TRACON& Tower with Radar,9,78,89,0,176,1,6,113,0,120,10,84,202,0,296,105,0,105,401
04/24/2006,SBA,CA,AWP,WE,Combined TRACON& Tower with Radar,8,70,40,0,118,3,11,87,2,103,11,81,127,2,221,94,0,94,315
04/25/2006,SBA,CA,AWP,WE,Combined TRACON& Tower with Radar,10,74,67,3,154,1,12,20,0,33,11,86,87,3,187,74,0,74,261
04/26/2006,SBA,CA,AWP,WE,Combined TRACON& Tower with Radar,13,87,51,0,151,0,6,39,2,47,13,93,90,2,198,170,0,170,368
04/27/2006,SBA,CA,AWP,WE,Combined TRACON& Tower with Radar,7,81,67,3,158,4,17,71,0,92,11,98,138,3,250,241,0,241,491
04/28/2006,SBA,CA,AWP,WE,Combined TRACON& Tower with Radar,10,91,83,0,184,1,4,16,3,24,11,95,99,3,208,67,0,67,275
04/29/2006,SBA,CA,AWP,WE,Combined TRACON& Tower with Radar,10,70,75,0,155,2,6,35,0,43,12,76,110,0,198,73,0,73,271
04/30/2006,SBA,CA,AWP,WE,Combined TRACON& Tower with Radar,9,87,115,0,211,1,3,19,0,23,10,90,134,0,234,0,0,0,234
05/01/2006,SBA,CA,AWP,WE,Combined TRACON& Tower with Radar,10,82,74,0,166,1,11,2,0,14,11,93,76,0,180,15,0,15,195
05/02/2006,SBA,CA,AWP,WE,Combined TRACON& Tower with Radar,10,87,109,0,206,0,12,4,0,16,10,99,113,0,222,2,0,2,224
05/03/2006,SBA,CA,AWP,WE,Combined TRACON& Tower with Radar,12,90,101,4,207,0,11,24,0,35,12,101,125,4,242,86,0,86,328
05/04/2006,SBA,CA,AWP,WE,Combined TRACON& Tower with Radar,11,76,96,1,184,2,16,42,1,61,13,92,138,2,245,155,0,155,400
05/05/2006,SBA,CA,AWP,WE,Combined TRACON& Tower with Radar,12,106,93,0,211,1,7,126,4,138,13,113,219,4,349,132,0,132,481
05/06/2006,SBA,CA,AWP,WE,Combined TRACON& Tower with Radar,12,68,84,1,165,0,6,27,0,33,12,74,111,1,198,46,0,46,244
05/07/2006,SBA,CA,AWP,WE,Combined TRACON& Tower with Radar,11,80,85,1,177,1,7,85,1,94,12,87,170,2,271,85,0,85,356
05/08/2006,SBA,CA,AWP,WE,Combined TRACON& Tower with Radar,13,93,96,2,204,0,4,4,0,8,13,97,100,2,212,8,0,8,220
05/09/2006,SBA,CA,AWP,WE,Combined TRACON& Tower with Radar,11,75,80,1,167,2,8,45,0,55,13,83,125,1,222,55,2,57,279
05/10/2006,SBA,CA,AWP,WE,Combined TRACON& Tower with Radar,11,85,99,0,195,2,8,16,0,26,13,93,115,0,221,2,0,2,223
05/11/2006,SBA,CA,AWP,WE,Combined TRACON& Tower with Radar,11,88,96,2,197,2,14,12,1,29,13,102,108,3,226,0,0,0,226
05/12/2006,SBA,CA,AWP,WE,Combined TRACON& Tower with Radar,10,92,137,0,239,3,12,14,2,31,13,104,151,2,270,13,0,13,283
05/13/2006,SBA,CA,AWP,WE,Combined TRACON& Tower with Radar,12,59,81,0,152,0,4,20,0,24,12,63,101,0,176,32,0,32,208
05/14/2006,SBA,CA,AWP,WE,Combined TRACON& Tower with Radar,9,74,93,0,176,3,7,3,1,14,12,81,96,1,190,0,0,0,190
05/15/2006,SBA,CA,AWP,WE,Combined TRACON& Tower with Radar,13,94,91,3,201,0,2,18,3,23,13,96,109,6,224,32,0,32,256
05/16/2006,SBA,CA,AWP,WE,Combined TRACON& Tower with Radar,15,78,80,1,174,1,10,46,2,59,16,88,126,3,233,192,0,192,425
05/17/2006,SBA,CA,AWP,WE,Combined TRACON& Tower with Radar,13,74,110,4,201,0,7,3,0,10,13,81,113,4,211,0,0,0,211
05/18/2006,SBA,CA,AWP,WE,Combined TRACON& Tower with Radar,11,81,106,0,198,1,0,13,0,14,12,81,119,0,212,0,0,0,212
05/19/2006,SBA,CA,AWP,WE,Combined TRACON& Tower with Radar,12,90,93,0,195,2,11,9,0,22,14,101,102,0,217,0,0,0,217
05/20/2006,SBA,CA,AWP,WE,Combined TRACON& Tower with Radar,13,59,51,1,124,0,6,70,1,77,13,65,121,2,201,148,0,148,349
05/21/2006,SBA,CA,AWP,WE,Combined TRACON& Tower with Radar,10,75,56,0,141,2,5,25,0,32,12,80,81,0,173,38,0,38,211
05/22/2006,SBA,CA,AWP,WE,Combined TRACON& Tower with Radar,13,85,41,2,141,0,7,72,3,82,13,92,113,5,223,181,0,181,404
05/23/2006,SBA,CA,AWP,WE,Combined TRACON& Tower with Radar,13,76,36,1,126,0,12,155,11,178,13,88,191,12,304,250,0,250,554
05/24/2006,SBA,CA,AWP,WE,Combined TRACON& Tower with Radar,14,87,61,1,163,0,10,155,7,172,14,97,216,8,335,172,0,172,507
05/25/2006,SBA,CA,AWP,WE,Combined TRACON& Tower with Radar,11,96,54,1,162,1,15,138,1,155,12,111,192,2,317,283,0,283,600
05/26/2006,SBA,CA,AWP,WE,Combined TRACON& Tower with Radar,13,88,88,0,189,0,4,115,2,121,13,92,203,2,310,136,0,136,446
05/27/2006,SBA,CA,AWP,WE,Combined TRACON& Tower with Radar,12,65,42,0,119,0,8,82,1,91,12,73,124,1,210,0,0,0,210
05/28/2006,SBA,CA,AWP,WE,Combined TRACON& Tower with Radar,11,55,35,0,101,1,8,195,1,205,12,63,230,1,306,96,0,96,402
05/29/2006,SBA,CA,AWP,WE,Combined TRACON& Tower with Radar,12,89,58,0,159,3,10,246,1,260,15,99,304,1,419,124,0,124,543
05/30/2006,SBA,CA,AWP,WE,Combined TRACON& Tower with Radar,12,76,35,0,123,1,13,134,1,149,13,89,169,1,272,184,0,184,456
05/31/2006,SBA,CA,AWP,WE,Combined TRACON& Tower with Radar,10,78,43,0,131,3,25,144,2,174,13,103,187,2,305,241,0,241,546
06/01/2006,SBA,CA,AWP,WE,Combined TRACON& Tower with Radar,12,83,92,2,189,1,10,59,1,71,13,93,151,3,260,87,0,87,347
06/02/2006,SBA,CA,AWP,WE,Combined TRACON& Tower with Radar,12,91,76,1,180,1,7,89,1,98,13,98,165,2,278,59,0,59,337
06/03/2006,SBA,CA,AWP,WE,Combined TRACON& Tower with Radar,9,70,50,0,129,0,5,201,0,206,9,75,251,0,335,95,0,95,430
06/04/2006,SBA,CA,AWP,WE,Combined TRACON& Tower with Radar,11,66,49,0,126,1,7,206,0,214,12,73,255,0,340,182,0,182,522
06/05/2006,SBA,CA,AWP,WE,Combined TRACON& Tower with Radar,12,79,74,6,171,1,10,22,0,33,13,89,96,6,204,134,0,134,338
06/06/2006,SBA,CA,AWP,WE,Combined TRACON& Tower with Radar,12,79,60,2,153,1,8,23,0,32,13,87,83,2,185,114,0,114,299
06/07/2006,SBA,CA,AWP,WE,Combined TRACON& Tower with Radar,13,84,71,0,168,1,3,19,0,23,14,87,90,0,191,90,0,90,281
06/08/2006,SBA,CA,AWP,WE,Combined TRACON& Tower with Radar,6,93,62,2,163,2,11,29,0,42,8,104,91,2,205,222,0,222,427
06/09/2006,SBA,CA,AWP,WE,Combined TRACON& Tower with Radar,8,88,101,0,197,0,9,24,0,33,8,97,125,0,230,105,0,105,335
06/10/2006,SBA,CA,AWP,WE,Combined TRACON& Tower with Radar,4,69,63,0,136,1,9,33,1,44,5,78,96,1,180,114,0,114,294
06/11/2006,SBA,CA,AWP,WE,Combined TRACON& Tower with Radar,6,65,84,1,156,1,10,22,0,33,7,75,106,1,189,80,0,80,269
06/12/2006,SBA,CA,AWP,WE,Combined TRACON& Tower with Radar,7,74,48,1,130,1,10,57,1,69,8,84,105,2,199,61,0,61,260
06/13/2006,SBA,CA,AWP,WE,Combined TRACON& Tower with Radar,8,73,42,1,124,0,13,130,6,149,8,86,172,7,273,200,0,200,473
06/14/2006,SBA,CA,AWP,WE,Combined TRACON& Tower with Radar,6,82,47,0,135,2,10,125,0,137,8,92,172,0,272,183,0,183,455
06/15/2006,SBA,CA,AWP,WE,Combined TRACON& Tower with Radar,7,85,30,4,126,1,12,108,0,121,8,97,138,4,247,180,0,180,427
06/16/2006,SBA,CA,AWP,WE,Combined TRACON& Tower with Radar,7,95,58,0,160,1,15,176,1,193,8,110,234,1,353,79,0,79,432
06/17/2006,SBA,CA,AWP,WE,Combined TRACON& Tower with Radar,5,73,84,0,162,1,8,125,0,134,6,81,209,0,296,84,0,84,380
06/18/2006,SBA,CA,AWP,WE,Combined TRACON& Tower with Radar,7,75,71,0,153,1,5,84,0,90,8,80,155,0,243,62,0,62,305
06/19/2006,SBA,CA,AWP,WE,Combined TRACON& Tower with Radar,10,74,71,2,157,0,46,58,1,105,10,120,129,3,262,42,0,42,304
06/20/2006,SBA,CA,AWP,WE,Combined TRACON& Tower with Radar,10,73,68,1,152,0,28,76,3,107,10,101,144,4,259,115,0,115,374
06/21/2006,SBA,CA,AWP,WE,Combined TRACON& Tower with Radar,7,78,66,0,151,1,57,64,0,122,8,135,130,0,273,70,0,70,343
06/22/2006,SBA,CA,AWP,WE,Combined TRACON& Tower with Radar,8,77,86,1,172,0,21,92,1,114,8,98,178,2,286,207,0,207,493
06/23/2006,SBA,CA,AWP,WE,Combined TRACON& Tower with Radar,7,94,93,1,195,0,6,56,0,62,7,100,149,1,257,22,0,22,279
06/24/2006,SBA,CA,AWP,WE,Combined TRACON& Tower with Radar,5,81,60,0,146,0,5,61,1,67,5,86,121,1,213,37,0,37,250
06/25/2006,SBA,CA,AWP,WE,Combined TRACON& Tower with Radar,4,62,48,0,114,0,13,105,1,119,4,75,153,1,233,67,0,67,300
06/26/2006,SBA,CA,AWP,WE,Combined TRACON& Tower with Radar,8,85,36,0,129,0,17,93,1,111,8,102,129,1,240,136,0,136,376
06/27/2006,SBA,CA,AWP,WE,Combined TRACON& Tower with Radar,8,88,44,0,140,0,9,78,3,90,8,97,122,3,230,216,0,216,446
06/28/2006,SBA,CA,AWP,WE,Combined TRACON& Tower with Radar,8,93,57,0,158,0,5,121,0,126,8,98,178,0,284,172,0,172,456
06/29/2006,SBA,CA,AWP,WE,Combined TRACON& Tower with Radar,8,93,45,0,146,0,5,134,0,139,8,98,179,0,285,93,0,93,378
06/30/2006,SBA,CA,AWP,WE,Combined TRACON& Tower with Radar,9,84,41,0,134,0,20,134,1,155,9,104,175,1,289,79,0,79,368
07/01/2006,SBA,CA,AWP,WE,Combined TRACON& Tower with Radar,5,69,40,0,114,1,13,155,0,169,6,82,195,0,283,55,0,55,338
07/02/2006,SBA,CA,AWP,WE,Combined TRACON& Tower with Radar,5,70,43,2,120,1,4,159,2,166,6,74,202,4,286,89,0,89,375
07/03/2006,SBA,CA,AWP,WE,Combined TRACON& Tower with Radar,6,73,42,2,123,0,10,153,0,163,6,83,195,2,286,136,0,136,422
07/04/2006,SBA,CA,AWP,WE,Combined TRACON& Tower with Radar,8,68,21,0,97,0,10,153,2,165,8,78,174,2,262,106,0,106,368
07/05/2006,SBA,CA,AWP,WE,Combined TRACON& Tower with Radar,7,79,47,0,133,0,8,118,5,131,7,87,165,5,264,130,0,130,394
07/06/2006,SBA,CA,AWP,WE,Combined TRACON& Tower with Radar,7,98,33,0,138,0,10,111,8,129,7,108,144,8,267,198,0,198,465
07/07/2006,SBA,CA,AWP,WE,Combined TRACON& Tower with Radar,6,77,44,7,134,2,14,120,3,139,8,91,164,10,273,188,0,188,461
07/08/2006,SBA,CA,AWP,WE,Combined TRACON& Tower with Radar,6,70,41,2,119,0,8,149,2,159,6,78,190,4,278,103,0,103,381
07/09/2006,SBA,CA,AWP,WE,Combined TRACON& Tower with Radar,9,72,68,2,151,1,10,92,0,103,10,82,160,2,254,0,0,0,254
07/10/2006,SBA,CA,AWP,WE,Combined TRACON& Tower with Radar,7,79,50,1,137,1,5,69,3,78,8,84,119,4,215,106,0,106,321
07/11/2006,SBA,CA,AWP,WE,Combined TRACON& Tower with Radar,5,83,35,2,125,3,12,84,2,101,8,95,119,4,226,134,0,134,360
07/12/2006,SBA,CA,AWP,WE,Combined TRACON& Tower with Radar,6,86,48,0,140,2,12,135,3,152,8,98,183,3,292,113,0,113,405
07/13/2006,SBA,CA,AWP,WE,Combined TRACON& Tower with Radar,8,91,73,2,174,0,16,132,1,149,8,107,205,3,323,145,0,145,468
07/14/2006,SBA,CA,AWP,WE,Combined TRACON& Tower with Radar,7,79,64,3,153,1,6,129,2,138,8,85,193,5,291,150,0,150,441
07/15/2006,SBA,CA,AWP,WE,Combined TRACON& Tower with Radar,5,68,49,0,122,1,7,205,2,215,6,75,254,2,337,124,0,124,461
07/16/2006,SBA,CA,AWP,WE,Combined TRACON& Tower with Radar,10,86,45,0,141,0,9,199,0,208,10,95,244,0,349,72,0,72,421
07/17/2006,SBA,CA,AWP,WE,Combined TRACON& Tower with Radar,8,82,34,0,124,0,5,98,0,103,8,87,132,0,227,65,0,65,292
07/18/2006,SBA,CA,AWP,WE,Combined TRACON& Tower with Radar,6,81,43,3,133,0,4,90,1,95,6,85,133,4,228,138,0,138,366
07/19/2006,SBA,CA,AWP,WE,Combined TRACON& Tower with Radar,8,89,66,0,163,0,8,72,0,80,8,97,138,0,243,138,0,138,381
07/20/2006,SBA,CA,AWP,WE,Combined TRACON& Tower with Radar,7,87,48,3,145,1,13,92,2,108,8,100,140,5,253,38,2,40,293
07/21/2006,SBA,CA,AWP,WE,Combined TRACON& Tower with Radar,7,96,53,0,156,0,11,113,5,129,7,107,166,5,285,151,0,151,436
07/22/2006,SBA,CA,AWP,WE,Combined TRACON& Tower with Radar,4,66,52,3,125,2,22,185,6,215,6,88,237,9,340,152,0,152,492
07/23/2006,SBA,CA,AWP,WE,Combined TRACON& Tower with Radar,9,85,39,0,133,1,19,163,1,184,10,104,202,1,317,10,0,10,327
07/24/2006,SBA,CA,AWP,WE,Combined TRACON& Tower with Radar,8,80,42,3,133,0,12,85,0,97,8,92,127,3,230,96,0,96,326
07/25/2006,SBA,CA,AWP,WE,Combined TRACON& Tower with Radar,7,79,62,0,148,1,12,60,1,74,8,91,122,1,222,88,0,88,310
07/26/2006,SBA,CA,AWP,WE,Combined TRACON& Tower with Radar,9,83,38,0,130,1,57,114,0,172,10,140,152,0,302,148,0,148,450
07/27/2006,SBA,CA,AWP,WE,Combined TRACON& Tower with Radar,8,88,65,1,162,0,8,61,0,69,8,96,126,1,231,85,0,85,316
07/28/2006,SBA,CA,AWP,WE,Combined TRACON& Tower with Radar,10,86,49,2,147,0,8,88,2,98,10,94,137,4,245,150,0,150,395
07/29/2006,SBA,CA,AWP,WE,Combined TRACON& Tower with Radar,5,74,71,0,150,1,6,25,0,32,6,80,96,0,182,34,0,34,216
07/30/2006,SBA,CA,AWP,WE,Combined TRACON& Tower with Radar,10,79,105,0,194,0,7,40,0,47,10,86,145,0,241,66,0,66,307
07/31/2006,SBA,CA,AWP,WE,Combined TRACON& Tower with Radar,8,82,69,0,159,0,4,31,0,35,8,86,100,0,194,48,0,48,242
08/01/2006,SBA,CA,AWP,WE,Combined TRACON& Tower with Radar,8,91,53,0,152,0,8,129,2,139,8,99,182,2,291,286,0,286,577
08/02/2006,SBA,CA,AWP,WE,Combined TRACON& Tower with Radar,8,97,72,0,177,1,13,117,0,131,9,110,189,0,308,258,0,258,566
08/03/2006,SBA,CA,AWP,WE,Combined TRACON& Tower with Radar,8,103,112,0,223,0,5,34,3,42,8,108,146,3,265,172,0,172,437
08/04/2006,SBA,CA,AWP,WE,Combined TRACON& Tower with Radar,8,86,93,1,188,0,8,33,2,43,8,94,126,3,231,86,0,86,317
08/05/2006,SBA,CA,AWP,WE,Combined TRACON& Tower with Radar,6,78,40,0,124,0,5,140,4,149,6,83,180,4,273,72,0,72,345
08/06/2006,SBA,CA,AWP,WE,Combined TRACON& Tower with Radar,8,81,74,0,163,1,6,137,1,145,9,87,211,1,308,139,0,139,447
08/07/2006,SBA,CA,AWP,WE,Combined TRACON& Tower with Radar,8,74,40,3,125,0,8,69,1,78,8,82,109,4,203,122,0,122,325
08/08/2006,SBA,CA,AWP,WE,Combined TRACON& Tower with Radar,8,81,50,0,139,0,12,132,0,144,8,93,182,0,283,54,0,54,337
08/09/2006,SBA,CA,AWP,WE,Combined TRACON& Tower with Radar,7,84,55,5,151,1,10,72,1,84,8,94,127,6,235,34,0,34,269
08/10/2006,SBA,CA,AWP,WE,Combined TRACON& Tower with Radar,7,83,56,1,147,1,11,122,4,138,8,94,178,5,285,184,0,184,469
08/11/2006,SBA,CA,AWP,WE,Combined TRACON& Tower with Radar,8,87,86,3,184,0,13,92,1,106,8,100,178,4,290,143,0,143,433
08/12/2006,SBA,CA,AWP,WE,Combined TRACON& Tower with Radar,5,68,88,0,161,1,7,101,0,109,6,75,189,0,270,94,0,94,364
08/13/2006,SBA,CA,AWP,WE,Combined TRACON& Tower with Radar,10,79,79,1,169,0,7,128,1,136,10,86,207,2,305,115,0,115,420
08/14/2006,SBA,CA,AWP,WE,Combined TRACON& Tower with Radar,6,87,51,2,146,2,8,71,1,82,8,95,122,3,228,86,0,86,314
08/15/2006,SBA,CA,AWP,WE,Combined TRACON& Tower with Radar,8,97,35,4,144,0,11,137,5,153,8,108,172,9,297,152,0,152,449
08/16/2006,SBA,CA,AWP,WE,Combined TRACON& Tower with Radar,8,110,74,2,194,0,3,63,1,67,8,113,137,3,261,127,0,127,388
08/17/2006,SBA,CA,AWP,WE,Combined TRACON& Tower with Radar,8,98,75,0,181,0,6,91,9,106,8,104,166,9,287,92,0,92,379
08/18/2006,SBA,CA,AWP,WE,Combined TRACON& Tower with Radar,7,94,71,2,174,1,8,118,3,130,8,102,189,5,304,79,0,79,383
08/19/2006,SBA,CA,AWP,WE,Combined TRACON& Tower with Radar,4,73,57,1,135,2,9,106,1,118,6,82,163,2,253,53,0,53,306
08/20/2006,SBA,CA,AWP,WE,Combined TRACON& Tower with Radar,10,76,85,0,171,0,12,166,1,179,10,88,251,1,350,0,0,0,350
08/21/2006,SBA,CA,AWP,WE,Combined TRACON& Tower with Radar,8,89,31,2,130,0,6,115,2,123,8,95,146,4,253,198,0,198,451
08/22/2006,SBA,CA,AWP,WE,Combined TRACON& Tower with Radar,7,95,48,0,150,1,16,116,6,139,8,111,164,6,289,125,0,125,414
08/23/2006,SBA,CA,AWP,WE,Combined TRACON& Tower with Radar,8,72,58,0,138,0,4,86,2,92,8,76,144,2,230,149,0,149,379
08/24/2006,SBA,CA,AWP,WE,Combined TRACON& Tower with Radar,8,91,80,2,181,0,1,100,2,103,8,92,180,4,284,198,0,198,482
08/25/2006,SBA,CA,AWP,WE,Combined TRACON& Tower with Radar,8,94,56,1,159,0,12,137,5,154,8,106,193,6,313,87,0,87,400
08/26/2006,SBA,CA,AWP,WE,Combined TRACON& Tower with Radar,6,76,58,0,140,0,2,136,2,140,6,78,194,2,280,112,0,112,392
08/27/2006,SBA,CA,AWP,WE,Combined TRACON& Tower with Radar,9,78,63,1,151,0,4,151,5,160,9,82,214,6,311,48,0,48,359
08/28/2006,SBA,CA,AWP,WE,Combined TRACON& Tower with Radar,8,96,52,0,156,0,2,75,2,79,8,98,127,2,235,82,0,82,317
08/29/2006,SBA,CA,AWP,WE,Combined TRACON& Tower with Radar,8,94,51,1,154,0,7,92,1,100,8,101,143,2,254,84,0,84,338
08/30/2006,SBA,CA,AWP,WE,Combined TRACON& Tower with Radar,8,98,53,0,159,0,5,103,1,109,8,103,156,1,268,50,0,50,318
08/31/2006,SBA,CA,AWP,WE,Combined TRACON& Tower with Radar,8,112,79,0,199,0,4,87,1,92,8,116,166,1,291,17,0,17,308
09/01/2006,SBA,CA,AWP,WE,Combined TRACON& Tower with Radar,10,95,85,2,192,0,2,116,1,119,10,97,201,3,311,36,0,36,347
09/02/2006,SBA,CA,AWP,WE,Combined TRACON& Tower with Radar,6,72,36,1,115,0,3,176,2,181,6,75,212,3,296,104,0,104,400
09/03/2006,SBA,CA,AWP,WE,Combined TRACON& Tower with Radar,10,58,35,0,103,0,2,132,1,135,10,60,167,1,238,80,0,80,318
09/04/2006,SBA,CA,AWP,WE,Combined TRACON& Tower with Radar,10,89,39,0,138,0,3,221,3,227,10,92,260,3,365,46,0,46,411
09/05/2006,SBA,CA,AWP,WE,Combined TRACON& Tower with Radar,9,88,48,0,145,0,7,103,0,110,9,95,151,0,255,78,0,78,333
09/06/2006,SBA,CA,AWP,WE,Combined TRACON& Tower with Radar,11,86,35,0,132,0,5,89,4,98,11,91,124,4,230,124,0,124,354
09/07/2006,SBA,CA,AWP,WE,Combined TRACON& Tower with Radar,11,97,88,0,196,0,3,30,0,33,11,100,118,0,229,6,0,6,235
09/08/2006,SBA,CA,AWP,WE,Combined TRACON& Tower with Radar,11,90,126,1,228,0,5,68,2,75,11,95,194,3,303,87,0,87,390
09/09/2006,SBA,CA,AWP,WE,Combined TRACON& Tower with Radar,11,78,77,0,166,0,27,91,2,120,11,105,168,2,286,90,0,90,376
09/10/2006,SBA,CA,AWP,WE,Combined TRACON& Tower with Radar,12,79,56,0,147,0,1,130,0,131,12,80,186,0,278,30,0,30,308
09/11/2006,SBA,CA,AWP,WE,Combined TRACON& Tower with Radar,10,90,62,0,162,0,0,28,1,29,10,90,90,1,191,0,0,0,191
09/12/2006,SBA,CA,AWP,WE,Combined TRACON& Tower with Radar,11,89,57,0,157,0,0,58,0,58,11,89,115,0,215,14,0,14,229
09/13/2006,SBA,CA,AWP,WE,Combined TRACON& Tower with Radar,11,85,87,0,183,0,1,43,2,46,11,86,130,2,229,0,0,0,229
09/14/2006,SBA,CA,AWP,WE,Combined TRACON& Tower with Radar,11,109,90,0,210,0,0,5,0,5,11,109,95,0,215,54,0,54,269
09/15/2006,SBA,CA,AWP,WE,Combined TRACON& Tower with Radar,12,90,75,2,179,0,0,104,3,107,12,90,179,5,286,85,0,85,371
09/16/2006,SBA,CA,AWP,WE,Combined TRACON& Tower with Radar,12,79,39,0,130,0,4,129,0,133,12,83,168,0,263,61,0,61,324
09/17/2006,SBA,CA,AWP,WE,Combined TRACON& Tower with Radar,12,87,93,2,194,0,4,40,4,48,12,91,133,6,242,12,0,12,254
09/18/2006,SBA,CA,AWP,WE,Combined TRACON& Tower with Radar,12,92,43,4,151,0,21,83,2,106,12,113,126,6,257,54,0,54,311
09/19/2006,SBA,CA,AWP,WE,Combined TRACON& Tower with Radar,12,89,39,0,140,0,40,120,5,165,12,129,159,5,305,0,0,0,305
09/20/2006,SBA,CA,AWP,WE,Combined TRACON& Tower with Radar,12,96,46,2,156,0,36,100,2,138,12,132,146,4,294,114,0,114,408
09/21/2006,SBA,CA,AWP,WE,Combined TRACON& Tower with Radar,12,99,62,2,175,0,25,118,1,144,12,124,180,3,319,0,0,0,319
09/22/2006,SBA,CA,AWP,WE,Combined TRACON& Tower with Radar,12,109,85,0,206,0,29,72,0,101,12,138,157,0,307,46,0,46,353
09/23/2006,SBA,CA,AWP,WE,Combined TRACON& Tower with Radar,12,70,36,0,118,0,33,103,0,136,12,103,139,0,254,28,0,28,282
09/24/2006,SBA,CA,AWP,WE,Combined TRACON& Tower with Radar,10,89,46,0,145,0,49,150,1,200,10,138,196,1,345,38,0,38,383
09/25/2006,SBA,CA,AWP,WE,Combined TRACON& Tower with Radar,12,100,54,0,166,0,29,70,0,99,12,129,124,0,265,57,0,57,322
09/26/2006,SBA,CA,AWP,WE,Combined TRACON& Tower with Radar,12,111,55,5,183,0,17,67,3,87,12,128,122,8,270,116,0,116,386
09/27/2006,SBA,CA,AWP,WE,Combined TRACON& Tower with Radar,14,115,96,2,227,0,28,115,2,145,14,143,211,4,372,89,0,89,461
09/28/2006,SBA,CA,AWP,WE,Combined TRACON& Tower with Radar,11,95,46,2,154,0,31,91,2,124,11,126,137,4,278,46,0,46,324
09/29/2006,SBA,CA,AWP,WE,Combined TRACON& Tower with Radar,11,88,66,3,168,0,5,90,7,102,11,93,156,10,270,74,0,74,344
09/30/2006,SBA,CA,AWP,WE,Combined TRACON& Tower with Radar,17,71,52,1,141,0,10,105,3,118,17,81,157,4,259,78,0,78,337
10/01/2006,SBA,CA,AWP,WE,Combined TRACON& Tower with Radar,13,89,65,1,168,0,0,34,1,35,13,89,99,2,203,28,0,28,231
10/02/2006,SBA,CA,AWP,WE,Combined TRACON& Tower with Radar,14,82,56,0,152,0,4,87,2,93,14,86,143,2,245,101,0,101,346
10/03/2006,SBA,CA,AWP,WE,Combined TRACON& Tower with Radar,16,76,53,0,145,0,17,82,2,101,16,93,135,2,246,126,0,126,372
10/04/2006,SBA,CA,AWP,WE,Combined TRACON& Tower with Radar,13,89,35,0,137,0,3,106,3,112,13,92,141,3,249,140,0,140,389
10/05/2006,SBA,CA,AWP,WE,Combined TRACON& Tower with Radar,11,90,65,0,166,0,6,79,6,91,11,96,144,6,257,169,0,169,426
10/06/2006,SBA,CA,AWP,WE,Combined TRACON& Tower with Radar,12,92,69,4,177,0,2,135,1,138,12,94,204,5,315,68,6,74,389
10/07/2006,SBA,CA,AWP,WE,Combined TRACON& Tower with Radar,10,80,46,0,136,0,3,134,0,137,10,83,180,0,273,120,0,120,393
10/08/2006,SBA,CA,AWP,WE,Combined TRACON& Tower with Radar,14,80,49,0,143,0,1,159,0,160,14,81,208,0,303,20,0,20,323
10/09/2006,SBA,CA,AWP,WE,Combined TRACON& Tower with Radar,12,88,72,2,174,0,18,15,0,33,12,106,87,2,207,130,0,130,337
10/10/2006,SBA,CA,AWP,WE,Combined TRACON& Tower with Radar,12,88,61,2,163,0,3,70,1,74,12,91,131,3,237,60,2,62,299
10/11/2006,SBA,CA,AWP,WE,Combined TRACON& Tower with Radar,11,91,50,1,153,0,2,146,2,150,11,93,196,3,303,158,0,158,461
10/12/2006,SBA,CA,AWP,WE,Combined TRACON& Tower with Radar,11,90,41,4,146,0,6,75,5,86,11,96,116,9,232,216,0,216,448
10/13/2006,SBA,CA,AWP,WE,Combined TRACON& Tower with Radar,11,90,51,2,154,0,6,44,1,51,11,96,95,3,205,209,0,209,414
10/14/2006,SBA,CA,AWP,WE,Combined TRACON& Tower with Radar,9,70,37,0,116,0,3,71,0,74,9,73,108,0,190,125,0,125,315
10/15/2006,SBA,CA,AWP,WE,Combined TRACON& Tower with Radar,11,76,68,2,157,0,0,64,0,64,11,76,132,2,221,158,0,158,379
10/16/2006,SBA,CA,AWP,WE,Combined TRACON& Tower with Radar,13,89,46,0,148,0,0,56,2,58,13,89,102,2,206,80,0,80,286
10/17/2006,SBA,CA,AWP,WE,Combined TRACON& Tower with Radar,11,92,40,2,145,0,3,97,2,102,11,95,137,4,247,219,0,219,466
10/18/2006,SBA,CA,AWP,WE,Combined TRACON& Tower with Radar,11,97,54,1,163,0,3,100,5,108,11,100,154,6,271,214,0,214,485
10/19/2006,SBA,CA,AWP,WE,Combined TRACON& Tower with Radar,12,84,64,0,160,0,5,121,3,129,12,89,185,3,289,224,0,224,513
10/20/2006,SBA,CA,AWP,WE,Combined TRACON& Tower with Radar,12,88,73,1,174,0,4,163,4,171,12,92,236,5,345,128,0,128,473
10/21/2006,SBA,CA,AWP,WE,Combined TRACON& Tower with Radar,10,67,45,0,122,0,1,128,0,129,10,68,173,0,251,90,0,90,341
10/22/2006,SBA,CA,AWP,WE,Combined TRACON& Tower with Radar,12,75,70,0,157,0,1,145,1,147,12,76,215,1,304,94,0,94,398
10/23/2006,SBA,CA,AWP,WE,Combined TRACON& Tower with Radar,12,92,42,4,150,0,5,87,0,92,12,97,129,4,242,92,0,92,334
10/24/2006,SBA,CA,AWP,WE,Combined TRACON& Tower with Radar,12,91,70,2,175,0,1,65,2,68,12,92,135,4,243,213,0,213,456
10/25/2006,SBA,CA,AWP,WE,Combined TRACON& Tower with Radar,12,94,77,1,184,0,2,39,0,41,12,96,116,1,225,50,0,50,275
10/26/2006,SBA,CA,AWP,WE,Combined TRACON& Tower with Radar,12,86,53,2,153,0,4,95,0,99,12,90,148,2,252,254,20,274,526
10/27/2006,SBA,CA,AWP,WE,Combined TRACON& Tower with Radar,12,94,41,3,150,0,5,116,3,124,12,99,157,6,274,76,0,76,350
10/28/2006,SBA,CA,AWP,WE,Combined TRACON& Tower with Radar,10,85,40,0,135,0,1,176,0,177,10,86,216,0,312,83,0,83,395
10/29/2006,SBA,CA,AWP,WE,Combined TRACON& Tower with Radar,12,86,59,0,157,0,2,104,3,109,12,88,163,3,266,126,0,126,392
10/30/2006,SBA,CA,AWP,WE,Combined TRACON& Tower with Radar,10,84,62,0,156,0,2,36,1,39,10,86,98,1,195,90,0,90,285
10/31/2006,SBA,CA,AWP,WE,Combined TRACON& Tower with Radar,7,90,40,0,137,0,0,44,0,44,7,90,84,0,181,158,0,158,339
11/01/2006,SBA,CA,AWP,WE,Combined TRACON& Tower with Radar,10,87,47,2,146,0,1,95,2,98,10,88,142,4,244,140,0,140,384
11/02/2006,SBA,CA,AWP,WE,Combined TRACON& Tower with Radar,10,93,73,3,179,0,2,88,1,91,10,95,161,4,270,202,0,202,472
11/03/2006,SBA,CA,AWP,WE,Combined TRACON& Tower with Radar,10,97,66,2,175,0,2,85,0,87,10,99,151,2,262,59,0,59,321
11/04/2006,SBA,CA,AWP,WE,Combined TRACON& Tower with Radar,8,74,46,1,129,0,5,155,3,163,8,79,201,4,292,150,0,150,442
11/05/2006,SBA,CA,AWP,WE,Combined TRACON& Tower with Radar,10,85,70,2,167,0,4,148,1,153,10,89,218,3,320,247,0,247,567
11/06/2006,SBA,CA,AWP,WE,Combined TRACON& Tower with Radar,12,89,50,1,152,0,3,89,0,92,12,92,139,1,244,62,0,62,306
11/07/2006,SBA,CA,AWP,WE,Combined TRACON& Tower with Radar,10,91,49,1,151,0,1,103,0,104,10,92,152,1,255,134,0,134,389
11/08/2006,SBA,CA,AWP,WE,Combined TRACON& Tower with Radar,10,98,44,0,152,0,2,96,2,100,10,100,140,2,252,159,0,159,411
11/09/2006,SBA,CA,AWP,WE,Combined TRACON& Tower with Radar,10,103,42,3,158,0,7,89,0,96,10,110,131,3,254,191,0,191,445
11/10/2006,SBA,CA,AWP,WE,Combined TRACON& Tower with Radar,11,97,36,0,144,0,7,117,1,125,11,104,153,1,269,193,0,193,462
11/11/2006,SBA,CA,AWP,WE,Combined TRACON& Tower with Radar,8,75,47,0,130,0,0,74,0,74,8,75,121,0,204,86,0,86,290
11/12/2006,SBA,CA,AWP,WE,Combined TRACON& Tower with Radar,10,84,61,0,155,0,0,140,0,140,10,84,201,0,295,69,0,69,364
11/13/2006,SBA,CA,AWP,WE,Combined TRACON& Tower with Radar,10,76,43,0,129,0,0,90,4,94,10,76,133,4,223,78,0,78,301
11/14/2006,SBA,CA,AWP,WE,Combined TRACON& Tower with Radar,6,88,56,0,150,0,0,65,1,66,6,88,121,1,216,125,0,125,341
11/15/2006,SBA,CA,AWP,WE,Combined TRACON& Tower with Radar,10,94,62,1,167,0,1,108,2,111,10,95,170,3,278,234,0,234,512
11/16/2006,SBA,CA,AWP,WE,Combined TRACON& Tower with Radar,10,87,57,1,155,0,1,136,2,139,10,88,193,3,294,136,0,136,430
11/17/2006,SBA,CA,AWP,WE,Combined TRACON& Tower with Radar,12,92,67,3,174,0,1,145,4,150,12,93,212,7,324,90,0,90,414
11/18/2006,SBA,CA,AWP,WE,Combined TRACON& Tower with Radar,8,82,28,0,118,0,3,102,0,105,8,85,130,0,223,244,0,244,467
11/19/2006,SBA,CA,AWP,WE,Combined TRACON& Tower with Radar,8,84,58,0,150,0,1,156,2,159,8,85,214,2,309,84,0,84,393
11/20/2006,SBA,CA,AWP,WE,Combined TRACON& Tower with Radar,10,95,50,0,155,0,4,124,2,130,10,99,174,2,285,101,0,101,386
11/21/2006,SBA,CA,AWP,WE,Combined TRACON& Tower with Radar,10,93,96,0,199,0,2,40,0,42,10,95,136,0,241,117,0,117,358
11/22/2006,SBA,CA,AWP,WE,Combined TRACON& Tower with Radar,10,100,108,0,218,0,2,79,1,82,10,102,187,1,300,0,0,0,300
11/23/2006,SBA,CA,AWP,WE,Combined TRACON& Tower with Radar,5,69,24,0,98,0,0,67,0,67,5,69,91,0,165,8,0,8,173
11/24/2006,SBA,CA,AWP,WE,Combined TRACON& Tower with Radar,11,71,47,0,129,0,0,119,0,119,11,71,166,0,248,41,0,41,289
11/25/2006,SBA,CA,AWP,WE,Combined TRACON& Tower with Radar,8,93,43,0,144,0,0,126,0,126,8,93,169,0,270,24,0,24,294
11/26/2006,SBA,CA,AWP,WE,Combined TRACON& Tower with Radar,12,92,78,3,185,0,1,116,0,117,12,93,194,3,302,95,0,95,397
11/27/2006,SBA,CA,AWP,WE,Combined TRACON& Tower with Radar,10,79,57,0,146,0,0,25,0,25,10,79,82,0,171,66,0,66,237
11/28/2006,SBA,CA,AWP,WE,Combined TRACON& Tower with Radar,9,85,35,0,129,0,0,75,2,77,9,85,110,2,206,186,0,186,392
11/29/2006,SBA,CA,AWP,WE,Combined TRACON& Tower with Radar,10,92,25,1,128,0,6,59,14,79,10,98,84,15,207,80,0,80,287
11/30/2006,SBA,CA,AWP,WE,Combined TRACON& Tower with Radar,9,100,40,0,149,0,5,104,1,110,9,105,144,1,259,58,0,58,317
12/01/2006,SBA,CA,AWP,WE,Combined TRACON& Tower with Radar,10,96,43,0,149,0,1,109,4,114,10,97,152,4,263,137,0,137,400
12/02/2006,SBA,CA,AWP,WE,Combined TRACON& Tower with Radar,7,71,31,0,109,0,2,104,4,110,7,73,135,4,219,184,0,184,403
12/03/2006,SBA,CA,AWP,WE,Combined TRACON& Tower with Radar,10,86,44,0,140,0,2,131,3,136,10,88,175,3,276,301,0,301,577
12/04/2006,SBA,CA,AWP,WE,Combined TRACON& Tower with Radar,12,90,42,0,144,0,1,78,0,79,12,91,120,0,223,84,0,84,307
12/05/2006,SBA,CA,AWP,WE,Combined TRACON& Tower with Radar,10,92,37,0,139,0,0,104,0,104,10,92,141,0,243,0,0,0,243
12/06/2006,SBA,CA,AWP,WE,Combined TRACON& Tower with Radar,10,93,46,0,149,0,2,94,2,98,10,95,140,2,247,138,0,138,385
12/07/2006,SBA,CA,AWP,WE,Combined TRACON& Tower with Radar,10,88,56,0,154,0,0,90,0,90,10,88,146,0,244,134,0,134,378
12/08/2006,SBA,CA,AWP,WE,Combined TRACON& Tower with Radar,10,91,59,1,161,0,1,96,4,101,10,92,155,5,262,138,0,138,400
12/09/2006,SBA,CA,AWP,WE,Combined TRACON& Tower with Radar,8,73,40,2,123,0,1,10,2,13,8,74,50,4,136,6,0,6,142
12/10/2006,SBA,CA,AWP,WE,Combined TRACON& Tower with Radar,10,81,56,0,147,0,0,25,2,27,10,81,81,2,174,10,0,10,184
12/11/2006,SBA,CA,AWP,WE,Combined TRACON& Tower with Radar,10,89,50,0,149,0,8,77,0,85,10,97,127,0,234,68,0,68,302
12/12/2006,SBA,CA,AWP,WE,Combined TRACON& Tower with Radar,10,85,35,5,135,0,0,71,3,74,10,85,106,8,209,113,0,113,322
12/13/2006,SBA,CA,AWP,WE,Combined TRACON& Tower with Radar,10,86,57,1,154,0,2,91,1,94,10,88,148,2,248,43,0,43,291
12/14/2006,SBA,CA,AWP,WE,Combined TRACON& Tower with Radar,10,91,45,2,148,0,1,102,1,104,10,92,147,3,252,98,0,98,350
12/15/2006,SBA,CA,AWP,WE,Combined TRACON& Tower with Radar,8,96,67,1,172,0,0,95,3,98,8,96,162,4,270,71,0,71,341
12/16/2006,SBA,CA,AWP,WE,Combined TRACON& Tower with Radar,10,86,38,0,134,0,0,17,0,17,10,86,55,0,151,80,0,80,231
12/17/2006,SBA,CA,AWP,WE,Combined TRACON& Tower with Radar,10,82,38,0,130,0,0,82,2,84,10,82,120,2,214,52,0,52,266
12/18/2006,SBA,CA,AWP,WE,Combined TRACON& Tower with Radar,12,86,37,0,135,0,1,74,3,78,12,87,111,3,213,20,0,20,233
12/19/2006,SBA,CA,AWP,WE,Combined TRACON& Tower with Radar,11,101,58,0,170,0,3,107,1,111,11,104,165,1,281,88,0,88,369
12/20/2006,SBA,CA,AWP,WE,Combined TRACON& Tower with Radar,10,91,52,3,156,0,1,119,0,120,10,92,171,3,276,60,0,60,336
12/21/2006,SBA,CA,AWP,WE,Combined TRACON& Tower with Radar,7,104,69,1,181,0,6,74,2,82,7,110,143,3,263,104,0,104,367
12/22/2006,SBA,CA,AWP,WE,Combined TRACON& Tower with Radar,7,97,39,0,143,0,5,69,0,74,7,102,108,0,217,26,0,26,243
12/23/2006,SBA,CA,AWP,WE,Combined TRACON& Tower with Radar,9,85,51,0,145,0,4,109,0,113,9,89,160,0,258,22,0,22,280
12/24/2006,SBA,CA,AWP,WE,Combined TRACON& Tower with Radar,8,76,24,0,108,0,0,90,0,90,8,76,114,0,198,32,0,32,230
12/25/2006,SBA,CA,AWP,WE,Combined TRACON& Tower with Radar,9,63,14,0,86,0,0,63,0,63,9,63,77,0,149,16,0,16,165
12/26/2006,SBA,CA,AWP,WE,Combined TRACON& Tower with Radar,9,97,52,0,158,0,1,67,0,68,9,98,119,0,226,10,0,10,236
12/27/2006,SBA,CA,AWP,WE,Combined TRACON& Tower with Radar,9,97,23,0,129,0,0,7,1,8,9,97,30,1,137,0,0,0,137
12/28/2006,SBA,CA,AWP,WE,Combined TRACON& Tower with Radar,8,88,18,5,119,0,1,39,1,41,8,89,57,6,160,0,0,0,160
12/29/2006,SBA,CA,AWP,WE,Combined TRACON& Tower with Radar,9,95,39,0,143,0,2,107,0,109,9,97,146,0,252,61,0,61,313
12/30/2006,SBA,CA,AWP,WE,Combined TRACON& Tower with Radar,9,82,46,0,137,0,0,150,0,150,9,82,196,0,287,48,0,48,335
12/31/2006,SBA,CA,AWP,WE,Combined TRACON& Tower with Radar,8,71,22,0,101,0,0,82,0,82,8,71,104,0,183,100,0,100,283
01/01/2007,SBA,CA,AWP,WE,Combined TRACON& Tower with Radar,7,95,28,0,130,0,0,61,0,61,7,95,89,0,191,34,0,34,225
01/02/2007,SBA,CA,AWP,WE,Combined TRACON& Tower with Radar,10,100,55,0,165,0,3,71,0,74,10,103,126,0,239,66,0,66,305
01/03/2007,SBA,CA,AWP,WE,Combined TRACON& Tower with Radar,10,104,39,0,153,0,0,74,1,75,10,104,113,1,228,44,0,44,272
01/04/2007,SBA,CA,AWP,WE,Combined TRACON& Tower with Radar,9,93,46,2,150,0,2,20,0,22,9,95,66,2,172,96,0,96,268
01/05/2007,SBA,CA,AWP,WE,Combined TRACON& Tower with Radar,10,95,24,2,131,0,0,56,0,56,10,95,80,2,187,16,0,16,203
01/06/2007,SBA,CA,AWP,WE,Combined TRACON& Tower with Radar,9,84,34,0,127,0,1,118,0,119,9,85,152,0,246,130,0,130,376
01/07/2007,SBA,CA,AWP,WE,Combined TRACON& Tower with Radar,9,85,46,0,140,0,0,100,1,101,9,85,146,1,241,134,0,134,375
01/08/2007,SBA,CA,AWP,WE,Combined TRACON& Tower with Radar,9,93,34,0,136,0,1,80,0,81,9,94,114,0,217,65,0,65,282
01/09/2007,SBA,CA,AWP,WE,Combined TRACON& Tower with Radar,8,98,37,0,143,0,1,107,0,108,8,99,144,0,251,58,0,58,309
01/10/2007,SBA,CA,AWP,WE,Combined TRACON& Tower with Radar,8,97,61,2,168,0,3,80,1,84,8,100,141,3,252,90,0,90,342
01/11/2007,SBA,CA,AWP,WE,Combined TRACON& Tower with Radar,8,110,64,0,182,0,1,47,4,52,8,111,111,4,234,26,0,26,260
01/12/2007,SBA,CA,AWP,WE,Combined TRACON& Tower with Radar,6,96,76,3,181,0,1,72,2,75,6,97,148,5,256,24,0,24,280
01/13/2007,SBA,CA,AWP,WE,Combined TRACON& Tower with Radar,6,70,47,0,123,0,0,116,0,116,6,70,163,0,239,75,0,75,314
01/14/2007,SBA,CA,AWP,WE,Combined TRACON& Tower with Radar,8,89,35,11,143,0,0,179,0,179,8,89,214,11,322,68,0,68,390
01/15/2007,SBA,CA,AWP,WE,Combined TRACON& Tower with Radar,7,92,53,0,152,0,3,83,0,86,7,95,136,0,238,44,0,44,282
01/16/2007,SBA,CA,AWP,WE,Combined TRACON& Tower with Radar,7,89,45,0,141,0,0,102,1,103,7,89,147,1,244,121,0,121,365
01/17/2007,SBA,CA,AWP,WE,Combined TRACON& Tower with Radar,8,92,52,0,152,0,2,36,1,39,8,94,88,1,191,162,0,162,353
01/18/2007,SBA,CA,AWP,WE,Combined TRACON& Tower with Radar,8,90,47,1,146,0,0,101,5,106,8,90,148,6,252,60,0,60,312
01/19/2007,SBA,CA,AWP,WE,Combined TRACON& Tower with Radar,8,95,51,2,156,0,1,123,5,129,8,96,174,7,285,55,0,55,340
01/20/2007,SBA,CA,AWP,WE,Combined TRACON& Tower with Radar,6,75,49,0,130,0,1,128,1,130,6,76,177,1,260,156,0,156,416
01/21/2007,SBA,CA,AWP,WE,Combined TRACON& Tower with Radar,8,76,47,1,132,0,1,113,0,114,8,77,160,1,246,93,0,93,339
01/22/2007,SBA,CA,AWP,WE,Combined TRACON& Tower with Radar,8,81,52,4,145,0,1,89,2,92,8,82,141,6,237,64,10,74,311
01/23/2007,SBA,CA,AWP,WE,Combined TRACON& Tower with Radar,8,94,50,0,152,0,1,122,0,123,8,95,172,0,275,89,0,89,364
01/24/2007,SBA,CA,AWP,WE,Combined TRACON& Tower with Radar,8,109,32,0,149,0,3,110,0,113,8,112,142,0,262,102,0,102,364
01/25/2007,SBA,CA,AWP,WE,Combined TRACON& Tower with Radar,7,93,57,3,160,0,1,106,1,108,7,94,163,4,268,128,5,133,401
01/26/2007,SBA,CA,AWP,WE,Combined TRACON& Tower with Radar,8,94,79,3,184,0,0,141,2,143,8,94,220,5,327,91,0,91,418
01/27/2007,SBA,CA,AWP,WE,Combined TRACON& Tower with Radar,6,82,63,0,151,0,0,7,0,7,6,82,70,0,158,0,0,0,158
01/28/2007,SBA,CA,AWP,WE,Combined TRACON& Tower with Radar,8,85,86,0,179,0,0,8,0,8,8,85,94,0,187,30,0,30,217
01/29/2007,SBA,CA,AWP,WE,Combined TRACON& Tower with Radar,8,89,53,1,151,0,2,24,4,30,8,91,77,5,181,112,0,112,293
01/30/2007,SBA,CA,AWP,WE,Combined TRACON& Tower with Radar,8,101,62,0,171,0,1,19,1,21,8,102,81,1,192,24,0,24,216
01/31/2007,SBA,CA,AWP,WE,Combined TRACON& Tower with Radar,8,96,75,0,179,0,0,65,4,69,8,96,140,4,248,146,0,146,394
02/01/2007,SBA,CA,AWP,WE,Combined TRACON& Tower with Radar,5,98,56,2,161,0,0,107,4,111,5,98,163,6,272,59,0,59,331
02/02/2007,SBA,CA,AWP,WE,Combined TRACON& Tower with Radar,8,90,42,3,143,0,1,129,0,130,8,91,171,3,273,55,0,55,328
02/03/2007,SBA,CA,AWP,WE,Combined TRACON& Tower with Radar,8,72,62,10,152,0,3,216,1,220,8,75,278,11,372,130,0,130,502
02/04/2007,SBA,CA,AWP,WE,Combined TRACON& Tower with Radar,10,74,41,1,126,0,0,153,0,153,10,74,194,1,279,38,0,38,317
02/05/2007,SBA,CA,AWP,WE,Combined TRACON& Tower with Radar,10,86,49,2,147,0,0,88,2,90,10,86,137,4,237,52,0,52,289
02/06/2007,SBA,CA,AWP,WE,Combined TRACON& Tower with Radar,8,91,57,2,158,0,2,80,0,82,8,93,137,2,240,108,0,108,348
02/07/2007,SBA,CA,AWP,WE,Combined TRACON& Tower with Radar,10,79,45,3,137,0,2,48,1,51,10,81,93,4,188,78,0,78,266
02/08/2007,SBA,CA,AWP,WE,Combined TRACON& Tower with Radar,8,99,65,1,173,0,3,38,3,44,8,102,103,4,217,65,0,65,282
02/09/2007,SBA,CA,AWP,WE,Combined TRACON& Tower with Radar,8,100,73,2,183,0,0,53,0,53,8,100,126,2,236,24,0,24,260
02/10/2007,SBA,CA,AWP,WE,Combined TRACON& Tower with Radar,8,73,45,4,130,0,0,26,0,26,8,73,71,4,156,52,0,52,208
02/11/2007,SBA,CA,AWP,WE,Combined TRACON& Tower with Radar,8,85,55,0,148,0,0,61,0,61,8,85,116,0,209,14,0,14,223
02/12/2007,SBA,CA,AWP,WE,Combined TRACON& Tower with Radar,10,98,59,0,167,0,0,39,0,39,10,98,98,0,206,10,0,10,216
02/13/2007,SBA,CA,AWP,WE,Combined TRACON& Tower with Radar,8,96,45,0,149,0,1,38,0,39,8,97,83,0,188,26,0,26,214
02/14/2007,SBA,CA,AWP,WE,Combined TRACON& Tower with Radar,7,98,48,0,153,0,5,89,2,96,7,103,137,2,249,40,0,40,289
02/15/2007,SBA,CA,AWP,WE,Combined TRACON& Tower with Radar,10,102,59,1,172,0,5,150,1,156,10,107,209,2,328,95,0,95,423
02/16/2007,SBA,CA,AWP,WE,Combined TRACON& Tower with Radar,10,82,95,4,191,0,3,166,2,171,10,85,261,6,362,64,0,64,426
02/17/2007,SBA,CA,AWP,WE,Combined TRACON& Tower with Radar,6,84,55,0,145,0,5,201,7,213,6,89,256,7,358,28,0,28,386
02/18/2007,SBA,CA,AWP,WE,Combined TRACON& Tower with Radar,8,80,62,0,150,0,0,89,7,96,8,80,151,7,246,61,0,61,307
02/19/2007,SBA,CA,AWP,WE,Combined TRACON& Tower with Radar,8,104,75,0,187,0,1,65,0,66,8,105,140,0,253,64,0,64,317
02/20/2007,SBA,CA,AWP,WE,Combined TRACON& Tower with Radar,8,108,73,0,189,0,0,64,0,64,8,108,137,0,253,116,0,116,369
02/21/2007,SBA,CA,AWP,WE,Combined TRACON& Tower with Radar,8,90,90,2,190,0,0,41,0,41,8,90,131,2,231,151,0,151,382
02/22/2007,SBA,CA,AWP,WE,Combined TRACON& Tower with Radar,8,87,51,0,146,0,1,11,0,12,8,88,62,0,158,8,0,8,166
02/23/2007,SBA,CA,AWP,WE,Combined TRACON& Tower with Radar,8,98,68,2,176,0,1,82,0,83,8,99,150,2,259,12,0,12,271
02/24/2007,SBA,CA,AWP,WE,Combined TRACON& Tower with Radar,6,85,60,0,151,0,1,192,1,194,6,86,252,1,345,88,0,88,433
02/25/2007,SBA,CA,AWP,WE,Combined TRACON& Tower with Radar,8,91,86,0,185,0,0,42,0,42,8,91,128,0,227,23,0,23,250
02/26/2007,SBA,CA,AWP,WE,Combined TRACON& Tower with Radar,8,86,45,0,139,0,0,43,0,43,8,86,88,0,182,58,0,58,240
02/27/2007,SBA,CA,AWP,WE,Combined TRACON& Tower with Radar,8,99,40,0,147,0,0,30,0,30,8,99,70,0,177,62,0,62,239
02/28/2007,SBA,CA,AWP,WE,Combined TRACON& Tower with Radar,8,92,50,3,153,0,0,65,2,67,8,92,115,5,220,52,0,52,272
03/01/2007,SBA,CA,AWP,WE,Combined TRACON& Tower with Radar,10,101,53,4,168,0,3,72,0,75,10,104,125,4,243,53,0,53,296
03/02/2007,SBA,CA,AWP,WE,Combined TRACON& Tower with Radar,10,96,38,0,144,0,2,104,7,113,10,98,142,7,257,87,0,87,344
03/03/2007,SBA,CA,AWP,WE,Combined TRACON& Tower with Radar,6,88,42,0,136,0,1,119,0,120,6,89,161,0,256,40,0,40,296
03/04/2007,SBA,CA,AWP,WE,Combined TRACON& Tower with Radar,10,88,65,3,166,0,0,151,6,157,10,88,216,9,323,152,0,152,475
03/05/2007,SBA,CA,AWP,WE,Combined TRACON& Tower with Radar,10,89,42,1,142,0,0,117,3,120,10,89,159,4,262,80,0,80,342
03/06/2007,SBA,CA,AWP,WE,Combined TRACON& Tower with Radar,10,95,41,2,148,0,1,113,1,115,10,96,154,3,263,138,0,138,401
03/07/2007,SBA,CA,AWP,WE,Combined TRACON& Tower with Radar,10,88,43,0,141,0,3,112,0,115,10,91,155,0,256,102,0,102,358
03/08/2007,SBA,CA,AWP,WE,Combined TRACON& Tower with Radar,10,98,44,1,153,0,2,112,1,115,10,100,156,2,268,100,0,100,368
03/09/2007,SBA,CA,AWP,WE,Combined TRACON& Tower with Radar,12,91,87,0,190,0,0,97,1,98,12,91,184,1,288,53,0,53,341
03/10/2007,SBA,CA,AWP,WE,Combined TRACON& Tower with Radar,6,86,34,1,127,0,0,143,1,144,6,86,177,2,271,132,0,132,403
03/11/2007,SBA,CA,AWP,WE,Combined TRACON& Tower with Radar,10,85,41,0,136,0,0,189,0,189,10,85,230,0,325,85,0,85,410
03/12/2007,SBA,CA,AWP,WE,Combined TRACON& Tower with Radar,10,93,40,2,145,0,2,100,2,104,10,95,140,4,249,60,0,60,309
03/13/2007,SBA,CA,AWP,WE,Combined TRACON& Tower with Radar,10,87,54,2,153,0,3,104,3,110,10,90,158,5,263,141,0,141,404
03/14/2007,SBA,CA,AWP,WE,Combined TRACON& Tower with Radar,11,96,115,0,222,0,1,10,1,12,11,97,125,1,234,7,0,7,241
03/15/2007,SBA,CA,AWP,WE,Combined TRACON& Tower with Radar,9,107,115,0,231,0,3,11,1,15,9,110,126,1,246,0,0,0,246
03/16/2007,SBA,CA,AWP,WE,Combined TRACON& Tower with Radar,10,87,129,0,226,0,0,23,0,23,10,87,152,0,249,0,0,0,249
03/17/2007,SBA,CA,AWP,WE,Combined TRACON& Tower with Radar,6,70,77,0,153,0,1,6,0,7,6,71,83,0,160,0,0,0,160
03/18/2007,SBA,CA,AWP,WE,Combined TRACON& Tower with Radar,8,79,114,0,201,0,0,7,2,9,8,79,121,2,210,0,0,0,210
03/19/2007,SBA,CA,AWP,WE,Combined TRACON& Tower with Radar,10,92,85,3,190,0,1,10,1,12,10,93,95,4,202,54,0,54,256
03/20/2007,SBA,CA,AWP,WE,Combined TRACON& Tower with Radar,12,89,74,0,175,0,0,19,0,19,12,89,93,0,194,66,0,66,260
03/21/2007,SBA,CA,AWP,WE,Combined TRACON& Tower with Radar,11,90,83,2,186,0,0,62,0,62,11,90,145,2,248,72,6,78,326
03/22/2007,SBA,CA,AWP,WE,Combined TRACON& Tower with Radar,14,87,53,3,157,0,2,145,1,148,14,89,198,4,305,113,0,113,418
03/23/2007,SBA,CA,AWP,WE,Combined TRACON& Tower with Radar,12,94,50,3,159,0,1,159,1,161,12,95,209,4,320,52,0,52,372
03/24/2007,SBA,CA,AWP,WE,Combined TRACON& Tower with Radar,8,69,82,0,159,0,0,32,0,32,8,69,114,0,191,90,0,90,281
03/25/2007,SBA,CA,AWP,WE,Combined TRACON& Tower with Radar,12,88,85,0,185,0,0,28,0,28,12,88,113,0,213,0,0,0,213
03/26/2007,SBA,CA,AWP,WE,Combined TRACON& Tower with Radar,13,86,42,8,149,0,0,7,1,8,13,86,49,9,157,0,0,0,157
03/27/2007,SBA,CA,AWP,WE,Combined TRACON& Tower with Radar,13,87,31,0,131,0,0,33,1,34,13,87,64,1,165,14,0,14,179
03/28/2007,SBA,CA,AWP,WE,Combined TRACON& Tower with Radar,10,87,47,3,147,0,2,108,6,116,10,89,155,9,263,58,0,58,321
03/29/2007,SBA,CA,AWP,WE,Combined TRACON& Tower with Radar,9,89,52,0,150,0,4,145,3,152,9,93,197,3,302,96,0,96,398
03/30/2007,SBA,CA,AWP,WE,Combined TRACON& Tower with Radar,11,96,70,0,177,0,1,133,3,137,11,97,203,3,314,99,0,99,413
03/31/2007,SBA,CA,AWP,WE,Combined TRACON& Tower with Radar,6,81,63,0,150,0,1,154,0,155,6,82,217,0,305,32,0,32,337
04/01/2007,SBA,CA,AWP,WE,Combined TRACON& Tower with Radar,8,82,72,1,163,0,0,128,2,130,8,82,200,3,293,8,0,8,301
04/02/2007,SBA,CA,AWP,WE,Combined TRACON& Tower with Radar,11,83,69,2,165,0,9,48,0,57,11,92,117,2,222,26,0,26,248
04/03/2007,SBA,CA,AWP,WE,Combined TRACON& Tower with Radar,11,100,62,0,173,0,1,37,0,38,11,101,99,0,211,36,0,36,247
04/04/2007,SBA,CA,AWP,WE,Combined TRACON& Tower with Radar,8,90,95,0,193,0,0,28,1,29,8,90,123,1,222,12,0,12,234
04/05/2007,SBA,CA,AWP,WE,Combined TRACON& Tower with Radar,10,93,107,3,213,0,1,51,0,52,10,94,158,3,265,106,0,106,371
04/06/2007,SBA,CA,AWP,WE,Combined TRACON& Tower with Radar,11,95,120,1,227,0,0,14,0,14,11,95,134,1,241,0,0,0,241
04/07/2007,SBA,CA,AWP,WE,Combined TRACON& Tower with Radar,8,74,50,2,134,0,2,43,0,45,8,76,93,2,179,142,0,142,321
04/08/2007,SBA,CA,AWP,WE,Combined TRACON& Tower with Radar,10,81,77,0,168,0,0,40,0,40,10,81,117,0,208,16,0,16,224
04/09/2007,SBA,CA,AWP,WE,Combined TRACON& Tower with Radar,11,89,60,1,161,0,4,102,0,106,11,93,162,1,267,78,1,79,346
04/10/2007,SBA,CA,AWP,WE,Combined TRACON& Tower with Radar,12,92,43,1,148,0,2,134,2,138,12,94,177,3,286,127,0,127,413
04/11/2007,SBA,CA,AWP,WE,Combined TRACON& Tower with Radar,12,82,54,0,148,0,2,73,3,78,12,84,127,3,226,22,0,22,248
04/12/2007,SBA,CA,AWP,WE,Combined TRACON& Tower with Radar,12,81,54,1,148,0,1,40,6,47,12,82,94,7,195,0,0,0,195
04/13/2007,SBA,CA,AWP,WE,Combined TRACON& Tower with Radar,11,91,54,1,157,0,4,163,4,171,11,95,217,5,328,104,0,104,432
04/14/2007,SBA,CA,AWP,WE,Combined TRACON& Tower with Radar,9,76,48,0,133,0,1,97,1,99,9,77,145,1,232,83,0,83,315
04/15/2007,SBA,CA,AWP,WE,Combined TRACON& Tower with Radar,14,73,53,0,140,0,0,68,0,68,14,73,121,0,208,16,0,16,224
04/16/2007,SBA,CA,AWP,WE,Combined TRACON& Tower with Radar,12,81,50,0,143,0,1,93,0,94,12,82,143,0,237,134,0,134,371
04/17/2007,SBA,CA,AWP,WE,Combined TRACON& Tower with Radar,12,85,88,4,189,0,1,32,0,33,12,86,120,4,222,74,0,74,296
04/18/2007,SBA,CA,AWP,WE,Combined TRACON& Tower with Radar,12,88,59,0,159,0,9,62,0,71,12,97,121,0,230,0,0,0,230
04/19/2007,SBA,CA,AWP,WE,Combined TRACON& Tower with Radar,14,95,63,0,172,0,2,123,0,125,14,97,186,0,297,133,0,133,430
04/20/2007,SBA,CA,AWP,WE,Combined TRACON& Tower with Radar,12,98,69,3,182,0,0,37,1,38,12,98,106,4,220,73,0,73,293
04/21/2007,SBA,CA,AWP,WE,Combined TRACON& Tower with Radar,8,72,57,0,137,0,5,115,0,120,8,77,172,0,257,113,0,113,370
04/22/2007,SBA,CA,AWP,WE,Combined TRACON& Tower with Radar,12,86,59,0,157,0,0,8,0,8,12,86,67,0,165,0,0,0,165
04/23/2007,SBA,CA,AWP,WE,Combined TRACON& Tower with Radar,12,91,49,1,153,0,1,103,2,106,12,92,152,3,259,64,0,64,323
04/24/2007,SBA,CA,AWP,WE,Combined TRACON& Tower with Radar,13,79,58,1,151,0,2,124,2,128,13,81,182,3,279,69,0,69,348
04/25/2007,SBA,CA,AWP,WE,Combined TRACON& Tower with Radar,13,81,69,1,164,0,6,110,2,118,13,87,179,3,282,84,0,84,366
04/26/2007,SBA,CA,AWP,WE,Combined TRACON& Tower with Radar,14,83,43,0,140,0,6,116,0,122,14,89,159,0,262,155,0,155,417
04/27/2007,SBA,CA,AWP,WE,Combined TRACON& Tower with Radar,14,81,64,4,163,0,1,142,4,147,14,82,206,8,310,60,0,60,370
04/28/2007,SBA,CA,AWP,WE,Combined TRACON& Tower with Radar,10,68,65,1,144,0,0,73,0,73,10,68,138,1,217,20,0,20,237
04/29/2007,SBA,CA,AWP,WE,Combined TRACON& Tower with Radar,14,86,150,0,250,0,0,12,0,12,14,86,162,0,262,0,0,0,262
04/30/2007,SBA,CA,AWP,WE,Combined TRACON& Tower with Radar,14,85,94,0,193,0,0,18,0,18,14,85,112,0,211,28,0,28,239
05/01/2007,SBA,CA,AWP,WE,Combined TRACON& Tower with Radar,14,87,73,1,175,0,3,41,2,46,14,90,114,3,221,68,0,68,289
05/02/2007,SBA,CA,AWP,WE,Combined TRACON& Tower with Radar,14,97,61,2,174,0,1,59,7,67,14,98,120,9,241,54,0,54,295
05/03/2007,SBA,CA,AWP,WE,Combined TRACON& Tower with Radar,15,81,61,4,161,0,8,79,4,91,15,89,140,8,252,61,0,61,313
05/04/2007,SBA,CA,AWP,WE,Combined TRACON& Tower with Radar,13,90,73,2,178,0,0,33,0,33,13,90,106,2,211,0,4,4,215
05/05/2007,SBA,CA,AWP,WE,Combined TRACON& Tower with Radar,10,71,36,0,117,0,3,132,0,135,10,74,168,0,252,113,0,113,365
05/06/2007,SBA,CA,AWP,WE,Combined TRACON& Tower with Radar,16,85,60,0,161,0,0,164,1,165,16,85,224,1,326,148,0,148,474
05/07/2007,SBA,CA,AWP,WE,Combined TRACON& Tower with Radar,14,87,47,3,151,0,4,114,4,122,14,91,161,7,273,42,0,42,315
05/08/2007,SBA,CA,AWP,WE,Combined TRACON& Tower with Radar,12,61,42,0,115,0,3,102,4,109,12,64,144,4,224,161,0,161,385
05/09/2007,SBA,CA,AWP,WE,Combined TRACON& Tower with Radar,12,89,76,1,178,0,5,112,2,119,12,94,188,3,297,123,0,123,420
05/10/2007,SBA,CA,AWP,WE,Combined TRACON& Tower with Radar,14,85,76,0,175,0,6,102,9,117,14,91,178,9,292,161,0,161,453
05/11/2007,SBA,CA,AWP,WE,Combined TRACON& Tower with Radar,14,86,63,0,163,0,1,127,0,128,14,87,190,0,291,197,0,197,488
05/12/2007,SBA,CA,AWP,WE,Combined TRACON& Tower with Radar,10,63,51,0,124,0,0,150,2,152,10,63,201,2,276,155,0,155,431
05/13/2007,SBA,CA,AWP,WE,Combined TRACON& Tower with Radar,13,78,50,2,143,0,0,157,0,157,13,78,207,2,300,0,0,0,300
05/14/2007,SBA,CA,AWP,WE,Combined TRACON& Tower with Radar,12,86,66,0,164,0,4,98,0,102,12,90,164,0,266,48,0,48,314
05/15/2007,SBA,CA,AWP,WE,Combined TRACON& Tower with Radar,12,99,116,0,227,0,2,43,0,45,12,101,159,0,272,66,0,66,338
05/16/2007,SBA,CA,AWP,WE,Combined TRACON& Tower with Radar,15,94,101,0,210,0,3,31,1,35,15,97,132,1,245,64,0,64,309
05/17/2007,SBA,CA,AWP,WE,Combined TRACON& Tower with Radar,13,89,87,2,191,0,2,57,1,60,13,91,144,3,251,65,0,65,316
05/18/2007,SBA,CA,AWP,WE,Combined TRACON& Tower with Radar,15,89,76,0,180,0,0,65,3,68,15,89,141,3,248,28,0,28,276
05/19/2007,SBA,CA,AWP,WE,Combined TRACON& Tower with Radar,10,64,80,0,154,0,1,71,3,75,10,65,151,3,229,40,0,40,269
05/20/2007,SBA,CA,AWP,WE,Combined TRACON& Tower with Radar,14,76,84,0,174,0,0,81,2,83,14,76,165,2,257,58,0,58,315
05/21/2007,SBA,CA,AWP,WE,Combined TRACON& Tower with Radar,16,79,75,0,170,0,0,30,0,30,16,79,105,0,200,76,0,76,276
05/22/2007,SBA,CA,AWP,WE,Combined TRACON& Tower with Radar,14,82,69,2,167,1,3,72,0,76,15,85,141,2,243,84,0,84,327
05/23/2007,SBA,CA,AWP,WE,Combined TRACON& Tower with Radar,14,90,77,4,185,0,2,82,5,89,14,92,159,9,274,148,0,148,422
05/24/2007,SBA,CA,AWP,WE,Combined TRACON& Tower with Radar,14,103,91,6,214,0,0,39,2,41,14,103,130,8,255,17,0,17,272
05/25/2007,SBA,CA,AWP,WE,Combined TRACON& Tower with Radar,14,100,114,2,230,0,5,45,4,54,14,105,159,6,284,72,0,72,356
05/26/2007,SBA,CA,AWP,WE,Combined TRACON& Tower with Radar,10,74,92,1,177,0,3,28,0,31,10,77,120,1,208,42,0,42,250
05/27/2007,SBA,CA,AWP,WE,Combined TRACON& Tower with Radar,11,63,50,0,124,0,2,31,1,34,11,65,81,1,158,14,0,14,172
05/28/2007,SBA,CA,AWP,WE,Combined TRACON& Tower with Radar,15,90,118,1,224,0,0,65,2,67,15,90,183,3,291,90,0,90,381
05/29/2007,SBA,CA,AWP,WE,Combined TRACON& Tower with Radar,14,84,65,0,163,0,3,68,3,74,14,87,133,3,237,101,0,101,338
05/30/2007,SBA,CA,AWP,WE,Combined TRACON& Tower with Radar,14,89,80,0,183,0,2,53,0,55,14,91,133,0,238,0,0,0,238
05/31/2007,SBA,CA,AWP,WE,Combined TRACON& Tower with Radar,16,100,69,0,185,0,1,108,0,109,16,101,177,0,294,218,0,218,512
06/01/2007,SBA,CA,AWP,WE,Combined TRACON& Tower with Radar,14,93,83,0,190,0,2,84,4,90,14,95,167,4,280,143,0,143,423
06/02/2007,SBA,CA,AWP,WE,Combined TRACON& Tower with Radar,12,63,81,4,160,0,2,88,1,91,12,65,169,5,251,58,0,58,309
06/03/2007,SBA,CA,AWP,WE,Combined TRACON& Tower with Radar,14,80,102,0,196,0,1,39,3,43,14,81,141,3,239,14,0,14,253
06/04/2007,SBA,CA,AWP,WE,Combined TRACON& Tower with Radar,13,83,67,2,165,0,1,45,0,46,13,84,112,2,211,14,0,14,225
06/05/2007,SBA,CA,AWP,WE,Combined TRACON& Tower with Radar,13,87,56,0,156,0,3,62,0,65,13,90,118,0,221,128,0,128,349
06/06/2007,SBA,CA,AWP,WE,Combined TRACON& Tower with Radar,12,90,39,0,141,0,1,71,5,77,12,91,110,5,218,62,0,62,280
06/07/2007,SBA,CA,AWP,WE,Combined TRACON& Tower with Radar,9,86,47,0,142,0,2,114,1,117,9,88,161,1,259,100,0,100,359
06/08/2007,SBA,CA,AWP,WE,Combined TRACON& Tower with Radar,10,82,64,2,158,0,6,126,2,134,10,88,190,4,292,148,0,148,440
06/09/2007,SBA,CA,AWP,WE,Combined TRACON& Tower with Radar,6,76,59,0,141,0,13,100,1,114,6,89,159,1,255,149,0,149,404
06/10/2007,SBA,CA,AWP,WE,Combined TRACON& Tower with Radar,5,54,77,0,136,0,0,63,2,65,5,54,140,2,201,0,0,0,201
06/11/2007,SBA,CA,AWP,WE,Combined TRACON& Tower with Radar,10,86,73,1,170,0,0,34,4,38,10,86,107,5,208,156,0,156,364
06/12/2007,SBA,CA,AWP,WE,Combined TRACON& Tower with Radar,9,100,59,0,168,0,3,114,1,118,9,103,173,1,286,122,0,122,408
06/13/2007,SBA,CA,AWP,WE,Combined TRACON& Tower with Radar,10,95,64,0,169,0,4,82,0,86,10,99,146,0,255,122,0,122,377
06/14/2007,SBA,CA,AWP,WE,Combined TRACON& Tower with Radar,10,101,68,3,182,0,1,101,5,107,10,102,169,8,289,12,0,12,301
06/15/2007,SBA,CA,AWP,WE,Combined TRACON& Tower with Radar,10,109,101,1,221,0,4,93,3,100,10,113,194,4,321,102,0,102,423
06/16/2007,SBA,CA,AWP,WE,Combined TRACON& Tower with Radar,6,89,104,0,199,0,1,69,0,70,6,90,173,0,269,26,0,26,295
06/17/2007,SBA,CA,AWP,WE,Combined TRACON& Tower with Radar,10,94,77,0,181,0,2,86,1,89,10,96,163,1,270,0,0,0,270
06/18/2007,SBA,CA,AWP,WE,Combined TRACON& Tower with Radar,10,90,84,2,186,0,14,53,6,73,10,104,137,8,259,146,0,146,405
06/19/2007,SBA,CA,AWP,WE,Combined TRACON& Tower with Radar,10,90,71,3,174,0,2,95,3,100,10,92,166,6,274,132,0,132,406
06/20/2007,SBA,CA,AWP,WE,Combined TRACON& Tower with Radar,10,92,70,0,172,0,4,104,2,110,10,96,174,2,282,202,0,202,484
06/21/2007,SBA,CA,AWP,WE,Combined TRACON& Tower with Radar,10,94,38,2,144,0,2,101,1,104,10,96,139,3,248,158,0,158,406
06/22/2007,SBA,CA,AWP,WE,Combined TRACON& Tower with Radar,10,93,62,0,165,0,6,164,1,171,10,99,226,1,336,83,0,83,419
06/23/2007,SBA,CA,AWP,WE,Combined TRACON& Tower with Radar,6,75,80,0,161,0,0,155,9,164,6,75,235,9,325,68,0,68,393
06/24/2007,SBA,CA,AWP,WE,Combined TRACON& Tower with Radar,10,79,77,0,166,0,0,78,1,79,10,79,155,1,245,82,0,82,327
06/25/2007,SBA,CA,AWP,WE,Combined TRACON& Tower with Radar,10,89,52,1,152,0,3,114,3,120,10,92,166,4,272,62,0,62,334
06/26/2007,SBA,CA,AWP,WE,Combined TRACON& Tower with Radar,10,92,43,4,149,0,2,97,2,101,10,94,140,6,250,80,0,80,330
06/27/2007,SBA,CA,AWP,WE,Combined TRACON& Tower with Radar,10,91,56,3,160,0,1,120,1,122,10,92,176,4,282,134,0,134,416
06/28/2007,SBA,CA,AWP,WE,Combined TRACON& Tower with Radar,10,95,58,2,165,0,1,144,1,146,10,96,202,3,311,89,0,89,400
06/29/2007,SBA,CA,AWP,WE,Combined TRACON& Tower with Radar,10,94,73,0,177,0,2,113,3,118,10,96,186,3,295,62,0,62,357
06/30/2007,SBA,CA,AWP,WE,Combined TRACON& Tower with Radar,6,84,39,0,129,0,3,141,1,145,6,87,180,1,274,98,0,98,372
07/01/2007,SBA,CA,AWP,WE,Combined TRACON& Tower with Radar,9,84,49,0,142,0,0,180,0,180,9,84,229,0,322,112,0,112,434
07/02/2007,SBA,CA,AWP,WE,Combined TRACON& Tower with Radar,9,83,43,0,135,0,2,102,1,105,9,85,145,1,240,55,0,55,295
07/03/2007,SBA,CA,AWP,WE,Combined TRACON& Tower with Radar,10,85,28,0,123,0,20,132,0,152,10,105,160,0,275,80,0,80,355
07/04/2007,SBA,CA,AWP,WE,Combined TRACON& Tower with Radar,8,56,33,0,97,0,15,127,2,144,8,71,160,2,241,112,0,112,353
07/05/2007,SBA,CA,AWP,WE,Combined TRACON& Tower with Radar,10,92,93,2,197,0,1,55,1,57,10,93,148,3,254,89,0,89,343
07/06/2007,SBA,CA,AWP,WE,Combined TRACON& Tower with Radar,12,91,62,0,165,0,3,69,4,76,12,94,131,4,241,42,0,42,283
07/07/2007,SBA,CA,AWP,WE,Combined TRACON& Tower with Radar,6,92,49,0,147,0,0,85,1,86,6,92,134,1,233,129,0,129,362
07/08/2007,SBA,CA,AWP,WE,Combined TRACON& Tower with Radar,10,89,76,0,175,0,0,97,3,100,10,89,173,3,275,64,0,64,339
07/09/2007,SBA,CA,AWP,WE,Combined TRACON& Tower with Radar,10,99,59,2,170,0,0,32,1,33,10,99,91,3,203,114,0,114,317
07/10/2007,SBA,CA,AWP,WE,Combined TRACON& Tower with Radar,10,112,62,2,186,0,3,28,1,32,10,115,90,3,218,72,0,72,290
07/11/2007,SBA,CA,AWP,WE,Combined TRACON& Tower with Radar,9,103,59,2,173,0,3,58,0,61,9,106,117,2,234,125,0,125,359
07/12/2007,SBA,CA,AWP,WE,Combined TRACON& Tower with Radar,13,97,49,0,159,0,4,141,1,146,13,101,190,1,305,77,0,77,382
07/13/2007,SBA,CA,AWP,WE,Combined TRACON& Tower with Radar,10,88,49,0,147,0,2,130,4,136,10,90,179,4,283,180,0,180,463
07/14/2007,SBA,CA,AWP,WE,Combined TRACON& Tower with Radar,6,77,37,0,120,0,0,110,0,110,6,77,147,0,230,64,0,64,294
07/15/2007,SBA,CA,AWP,WE,Combined TRACON& Tower with Radar,8,94,49,0,151,0,2,178,0,180,8,96,227,0,331,34,0,34,365
07/16/2007,SBA,CA,AWP,WE,Combined TRACON& Tower with Radar,10,90,69,2,171,0,2,47,0,49,10,92,116,2,220,137,0,137,357
07/17/2007,SBA,CA,AWP,WE,Combined TRACON& Tower with Radar,10,91,49,1,151,0,2,105,1,108,10,93,154,2,259,190,0,190,449
07/18/2007,SBA,CA,AWP,WE,Combined TRACON& Tower with Radar,10,99,50,0,159,0,3,113,5,121,10,102,163,5,280,146,0,146,426
07/19/2007,SBA,CA,AWP,WE,Combined TRACON& Tower with Radar,10,99,56,0,165,0,4,111,7,122,10,103,167,7,287,86,0,86,373
07/20/2007,SBA,CA,AWP,WE,Combined TRACON& Tower with Radar,10,103,53,1,167,0,2,153,4,159,10,105,206,5,326,131,0,131,457
07/21/2007,SBA,CA,AWP,WE,Combined TRACON& Tower with Radar,6,90,76,0,172,0,0,104,0,104,6,90,180,0,276,64,0,64,340
07/22/2007,SBA,CA,AWP,WE,Combined TRACON& Tower with Radar,9,94,91,0,194,0,0,65,0,65,9,94,156,0,259,8,0,8,267
07/23/2007,SBA,CA,AWP,WE,Combined TRACON& Tower with Radar,11,91,51,0,153,0,3,79,3,85,11,94,130,3,238,134,0,134,372
07/24/2007,SBA,CA,AWP,WE,Combined TRACON& Tower with Radar,10,88,67,0,165,0,1,94,0,95,10,89,161,0,260,114,0,114,374
07/25/2007,SBA,CA,AWP,WE,Combined TRACON& Tower with Radar,10,91,66,0,167,0,2,114,0,116,10,93,180,0,283,134,0,134,417
07/26/2007,SBA,CA,AWP,WE,Combined TRACON& Tower with Radar,10,104,61,0,175,0,4,106,3,113,10,108,167,3,288,188,0,188,476
07/27/2007,SBA,CA,AWP,WE,Combined TRACON& Tower with Radar,10,95,58,0,163,0,3,156,3,162,10,98,214,3,325,121,0,121,446
07/28/2007,SBA,CA,AWP,WE,Combined TRACON& Tower with Radar,6,78,64,0,148,0,1,126,0,127,6,79,190,0,275,73,0,73,348
07/29/2007,SBA,CA,AWP,WE,Combined TRACON& Tower with Radar,10,82,84,0,176,0,0,123,1,124,10,82,207,1,300,102,0,102,402
07/30/2007,SBA,CA,AWP,WE,Combined TRACON& Tower with Radar,10,91,65,9,175,0,1,86,2,89,10,92,151,11,264,100,0,100,364
07/31/2007,SBA,CA,AWP,WE,Combined TRACON& Tower with Radar,10,87,72,0,169,0,0,58,0,58,10,87,130,0,227,72,0,72,299
08/01/2007,SBA,CA,AWP,WE,Combined TRACON& Tower with Radar,8,96,68,0,172,0,0,54,0,54,8,96,122,0,226,74,0,74,300
08/02/2007,SBA,CA,AWP,WE,Combined TRACON& Tower with Radar,9,104,53,2,168,0,0,66,0,66,9,104,119,2,234,48,0,48,282
08/03/2007,SBA,CA,AWP,WE,Combined TRACON& Tower with Radar,10,93,56,2,161,0,1,51,0,52,10,94,107,2,213,18,0,18,231
08/04/2007,SBA,CA,AWP,WE,Combined TRACON& Tower with Radar,6,78,38,0,122,0,0,73,0,73,6,78,111,0,195,141,0,141,336
08/05/2007,SBA,CA,AWP,WE,Combined TRACON& Tower with Radar,10,92,71,1,174,0,0,78,0,78,10,92,149,1,252,15,0,15,267
08/06/2007,SBA,CA,AWP,WE,Combined TRACON& Tower with Radar,10,92,65,8,175,0,2,58,1,61,10,94,123,9,236,34,0,34,270
08/07/2007,SBA,CA,AWP,WE,Combined TRACON& Tower with Radar,10,104,36,0,150,0,0,128,2,130,10,104,164,2,280,132,0,132,412
08/08/2007,SBA,CA,AWP,WE,Combined TRACON& Tower with Radar,11,94,73,4,182,0,3,121,2,126,11,97,194,6,308,134,0,134,442
08/09/2007,SBA,CA,AWP,WE,Combined TRACON& Tower with Radar,10,108,76,2,196,0,3,118,2,123,10,111,194,4,319,132,0,132,451
08/10/2007,SBA,CA,AWP,WE,Combined TRACON& Tower with Radar,8,105,101,2,216,0,2,82,7,91,8,107,183,9,307,8,0,8,315
08/11/2007,SBA,CA,AWP,WE,Combined TRACON& Tower with Radar,6,84,65,0,155,0,0,87,0,87,6,84,152,0,242,118,0,118,360
08/12/2007,SBA,CA,AWP,WE,Combined TRACON& Tower with Radar,12,91,80,0,183,0,2,130,0,132,12,93,210,0,315,96,0,96,411
08/13/2007,SBA,CA,AWP,WE,Combined TRACON& Tower with Radar,10,88,43,1,142,0,4,131,1,136,10,92,174,2,278,148,0,148,426
08/14/2007,SBA,CA,AWP,WE,Combined TRACON& Tower with Radar,10,100,28,0,138,0,1,144,7,152,10,101,172,7,290,68,0,68,358
08/15/2007,SBA,CA,AWP,WE,Combined TRACON& Tower with Radar,12,95,62,2,171,0,2,82,1,85,12,97,144,3,256,100,0,100,356
08/16/2007,SBA,CA,AWP,WE,Combined TRACON& Tower with Radar,10,100,58,2,170,0,5,65,2,72,10,105,123,4,242,50,0,50,292
08/17/2007,SBA,CA,AWP,WE,Combined TRACON& Tower with Radar,10,97,50,0,157,0,4,96,0,100,10,101,146,0,257,60,0,60,317
08/18/2007,SBA,CA,AWP,WE,Combined TRACON& Tower with Radar,6,85,59,2,152,0,4,131,6,141,6,89,190,8,293,98,0,98,391
08/19/2007,SBA,CA,AWP,WE,Combined TRACON& Tower with Radar,12,79,66,0,157,0,0,145,0,145,12,79,211,0,302,90,0,90,392
08/20/2007,SBA,CA,AWP,WE,Combined TRACON& Tower with Radar,10,96,68,1,175,0,2,93,3,98,10,98,161,4,273,78,0,78,351
08/21/2007,SBA,CA,AWP,WE,Combined TRACON& Tower with Radar,10,98,62,0,170,0,5,109,0,114,10,103,171,0,284,103,0,103,387
08/22/2007,SBA,CA,AWP,WE,Combined TRACON& Tower with Radar,10,102,69,0,181,0,4,70,1,75,10,106,139,1,256,42,0,42,298
08/23/2007,SBA,CA,AWP,WE,Combined TRACON& Tower with Radar,10,99,68,4,181,0,2,64,0,66,10,101,132,4,247,48,0,48,295
08/24/2007,SBA,CA,AWP,WE,Combined TRACON& Tower with Radar,10,107,70,0,187,0,1,84,3,88,10,108,154,3,275,101,0,101,376
08/25/2007,SBA,CA,AWP,WE,Combined TRACON& Tower with Radar,6,79,47,2,134,0,6,136,4,146,6,85,183,6,280,74,0,74,354
08/26/2007,SBA,CA,AWP,WE,Combined TRACON& Tower with Radar,10,87,62,0,159,0,5,100,3,108,10,92,162,3,267,74,0,74,341
08/27/2007,SBA,CA,AWP,WE,Combined TRACON& Tower with Radar,9,93,58,0,160,0,6,89,4,99,9,99,147,4,259,177,0,177,436
08/28/2007,SBA,CA,AWP,WE,Combined TRACON& Tower with Radar,9,91,57,2,159,0,2,99,0,101,9,93,156,2,260,122,0,122,382
08/29/2007,SBA,CA,AWP,WE,Combined TRACON& Tower with Radar,10,91,61,0,162,0,2,100,0,102,10,93,161,0,264,188,0,188,452
08/30/2007,SBA,CA,AWP,WE,Combined TRACON& Tower with Radar,10,98,60,5,173,0,3,103,3,109,10,101,163,8,282,118,0,118,400
08/31/2007,SBA,CA,AWP,WE,Combined TRACON& Tower with Radar,10,95,66,0,171,0,7,117,4,128,10,102,183,4,299,132,0,132,431
09/01/2007,SBA,CA,AWP,WE,Combined TRACON& Tower with Radar,6,84,47,0,137,0,4,145,0,149,6,88,192,0,286,86,0,86,372
09/02/2007,SBA,CA,AWP,WE,Combined TRACON& Tower with Radar,7,58,39,0,104,0,0,131,0,131,7,58,170,0,235,43,0,43,278
09/03/2007,SBA,CA,AWP,WE,Combined TRACON& Tower with Radar,11,89,61,0,161,0,1,145,0,146,11,90,206,0,307,40,0,40,347
09/04/2007,SBA,CA,AWP,WE,Combined TRACON& Tower with Radar,10,105,34,0,149,0,4,106,0,110,10,109,140,0,259,134,0,134,393
09/05/2007,SBA,CA,AWP,WE,Combined TRACON& Tower with Radar,15,93,52,6,166,0,3,82,0,85,15,96,134,6,251,82,0,82,333
09/06/2007,SBA,CA,AWP,WE,Combined TRACON& Tower with Radar,16,100,99,2,217,0,4,33,0,37,16,104,132,2,254,164,0,164,418
09/07/2007,SBA,CA,AWP,WE,Combined TRACON& Tower with Radar,16,99,61,0,176,0,1,77,7,85,16,100,138,7,261,158,0,158,419
09/08/2007,SBA,CA,AWP,WE,Combined TRACON& Tower with Radar,14,84,69,1,168,0,1,159,0,160,14,85,228,1,328,136,0,136,464
09/09/2007,SBA,CA,AWP,WE,Combined TRACON& Tower with Radar,15,77,67,1,160,0,0,167,0,167,15,77,234,1,327,74,0,74,401
09/10/2007,SBA,CA,AWP,WE,Combined TRACON& Tower with Radar,15,80,51,2,148,0,1,63,0,64,15,81,114,2,212,120,0,120,332
09/11/2007,SBA,CA,AWP,WE,Combined TRACON& Tower with Radar,15,81,42,1,139,0,2,111,3,116,15,83,153,4,255,142,0,142,397
09/12/2007,SBA,CA,AWP,WE,Combined TRACON& Tower with Radar,15,79,33,0,127,0,2,106,2,110,15,81,139,2,237,129,0,129,366
09/13/2007,SBA,CA,AWP,WE,Combined TRACON& Tower with Radar,16,89,40,0,145,0,2,102,10,114,16,91,142,10,259,198,0,198,457
09/14/2007,SBA,CA,AWP,WE,Combined TRACON& Tower with Radar,16,83,42,0,141,0,2,138,2,142,16,85,180,2,283,149,0,149,432
09/15/2007,SBA,CA,AWP,WE,Combined TRACON& Tower with Radar,14,64,41,0,119,0,2,154,0,156,14,66,195,0,275,69,0,69,344
09/16/2007,SBA,CA,AWP,WE,Combined TRACON& Tower with Radar,15,78,46,2,141,0,1,167,1,169,15,79,213,3,310,72,0,72,382
09/17/2007,SBA,CA,AWP,WE,Combined TRACON& Tower with Radar,17,81,37,10,145,0,3,78,0,81,17,84,115,10,226,116,0,116,342
09/18/2007,SBA,CA,AWP,WE,Combined TRACON& Tower with Radar,16,95,52,1,164,0,2,76,1,79,16,97,128,2,243,60,0,60,303
09/19/2007,SBA,CA,AWP,WE,Combined TRACON& Tower with Radar,16,85,57,5,163,0,1,37,1,39,16,86,94,6,202,140,0,140,342
09/20/2007,SBA,CA,AWP,WE,Combined TRACON& Tower with Radar,16,89,60,0,165,0,0,85,2,87,16,89,145,2,252,152,0,152,404
09/21/2007,SBA,CA,AWP,WE,Combined TRACON& Tower with Radar,16,86,73,0,175,0,0,40,0,40,16,86,113,0,215,50,0,50,265
09/22/2007,SBA,CA,AWP,WE,Combined TRACON& Tower with Radar,14,63,45,1,123,0,0,32,0,32,14,63,77,1,155,98,0,98,253
09/23/2007,SBA,CA,AWP,WE,Combined TRACON& Tower with Radar,16,74,71,2,163,0,1,136,0,137,16,75,207,2,300,69,0,69,369
09/24/2007,SBA,CA,AWP,WE,Combined TRACON& Tower with Radar,16,84,47,3,150,0,3,90,3,96,16,87,137,6,246,22,0,22,268
09/25/2007,SBA,CA,AWP,WE,Combined TRACON& Tower with Radar,16,84,32,0,132,0,1,98,1,100,16,85,130,1,232,140,0,140,372
09/26/2007,SBA,CA,AWP,WE,Combined TRACON& Tower with Radar,16,91,50,0,157,0,1,109,2,112,16,92,159,2,269,77,0,77,346
09/27/2007,SBA,CA,AWP,WE,Combined TRACON& Tower with Radar,14,100,46,1,161,0,3,70,1,74,14,103,116,2,235,24,0,24,259
09/28/2007,SBA,CA,AWP,WE,Combined TRACON& Tower with Radar,13,100,99,0,212,0,0,27,4,31,13,100,126,4,243,133,0,133,376
09/29/2007,SBA,CA,AWP,WE,Combined TRACON& Tower with Radar,14,66,43,1,124,0,3,104,5,112,14,69,147,6,236,92,0,92,328
09/30/2007,SBA,CA,AWP,WE,Combined TRACON& Tower with Radar,14,86,70,0,170,0,0,171,1,172,14,86,241,1,342,16,0,16,358
10/01/2007,SBA,CA,AWP,WE,Combined TRACON& Tower with Radar,14,84,31,4,133,0,4,103,0,107,14,88,134,4,240,58,0,58,298
10/02/2007,SBA,CA,AWP,WE,Combined TRACON& Tower with Radar,14,84,44,0,142,0,6,75,0,81,14,90,119,0,223,66,0,66,289
10/03/2007,SBA,CA,AWP,WE,Combined TRACON& Tower with Radar,14,85,50,2,151,0,5,90,3,98,14,90,140,5,249,56,0,56,305
10/04/2007,SBA,CA,AWP,WE,Combined TRACON& Tower with Radar,14,93,49,0,156,0,2,126,0,128,14,95,175,0,284,89,0,89,373
10/05/2007,SBA,CA,AWP,WE,Combined TRACON& Tower with Radar,16,99,39,0,154,0,2,81,4,87,16,101,120,4,241,22,0,22,263
10/06/2007,SBA,CA,AWP,WE,Combined TRACON& Tower with Radar,14,67,25,0,106,0,0,106,3,109,14,67,131,3,215,32,0,32,247
10/07/2007,SBA,CA,AWP,WE,Combined TRACON& Tower with Radar,14,85,54,0,153,0,3,141,0,144,14,88,195,0,297,16,0,16,313
10/08/2007,SBA,CA,AWP,WE,Combined TRACON& Tower with Radar,16,92,49,0,157,0,2,108,1,111,16,94,157,1,268,112,0,112,380
10/09/2007,SBA,CA,AWP,WE,Combined TRACON& Tower with Radar,16,93,75,0,184,0,1,80,0,81,16,94,155,0,265,60,0,60,325
10/10/2007,SBA,CA,AWP,WE,Combined TRACON& Tower with Radar,16,88,49,0,153,0,2,94,0,96,16,90,143,0,249,112,0,112,361
10/11/2007,SBA,CA,AWP,WE,Combined TRACON& Tower with Radar,18,92,44,0,154,0,4,96,2,102,18,96,140,2,256,88,0,88,344
10/12/2007,SBA,CA,AWP,WE,Combined TRACON& Tower with Radar,18,78,78,9,183,0,0,60,1,61,18,78,138,10,244,108,0,108,352
10/13/2007,SBA,CA,AWP,WE,Combined TRACON& Tower with Radar,12,82,44,0,138,0,0,64,0,64,12,82,108,0,202,8,0,8,210
10/14/2007,SBA,CA,AWP,WE,Combined TRACON& Tower with Radar,14,80,80,2,176,0,0,108,2,110,14,80,188,4,286,56,0,56,342
10/15/2007,SBA,CA,AWP,WE,Combined TRACON& Tower with Radar,16,87,67,0,170,0,0,10,1,11,16,87,77,1,181,14,0,14,195
10/16/2007,SBA,CA,AWP,WE,Combined TRACON& Tower with Radar,16,97,46,1,160,0,0,72,2,74,16,97,118,3,234,140,0,140,374
10/17/2007,SBA,CA,AWP,WE,Combined TRACON& Tower with Radar,16,99,52,0,167,0,2,68,2,72,16,101,120,2,239,150,0,150,389
10/18/2007,SBA,CA,AWP,WE,Combined TRACON& Tower with Radar,16,87,71,0,174,0,1,106,1,108,16,88,177,1,282,156,0,156,438
10/19/2007,SBA,CA,AWP,WE,Combined TRACON& Tower with Radar,14,93,58,0,165,0,2,138,0,140,14,95,196,0,305,158,0,158,463
10/20/2007,SBA,CA,AWP,WE,Combined TRACON& Tower with Radar,12,71,36,9,128,0,0,78,0,78,12,71,114,9,206,0,0,0,206
10/21/2007,SBA,CA,AWP,WE,Combined TRACON& Tower with Radar,14,80,51,1,146,0,2,68,3,73,14,82,119,4,219,28,0,28,247
10/22/2007,SBA,CA,AWP,WE,Combined TRACON& Tower with Radar,16,87,40,0,143,0,1,53,4,58,16,88,93,4,201,146,0,146,347
10/23/2007,SBA,CA,AWP,WE,Combined TRACON& Tower with Radar,15,87,62,0,164,0,4,62,2,68,15,91,124,2,232,132,0,132,364
10/24/2007,SBA,CA,AWP,WE,Combined TRACON& Tower with Radar,16,97,51,7,171,0,3,78,3,84,16,100,129,10,255,168,0,168,423
10/25/2007,SBA,CA,AWP,WE,Combined TRACON& Tower with Radar,16,91,57,0,164,0,5,82,2,89,16,96,139,2,253,145,0,145,398
10/26/2007,SBA,CA,AWP,WE,Combined TRACON& Tower with Radar,16,101,83,0,200,0,3,65,0,68,16,104,148,0,268,43,0,43,311
10/27/2007,SBA,CA,AWP,WE,Combined TRACON& Tower with Radar,12,75,95,0,182,0,0,48,0,48,12,75,143,0,230,136,0,136,366
10/28/2007,SBA,CA,AWP,WE,Combined TRACON& Tower with Radar,12,71,59,0,142,0,0,153,3,156,12,71,212,3,298,90,0,90,388
10/29/2007,SBA,CA,AWP,WE,Combined TRACON& Tower with Radar,16,84,47,0,147,0,1,81,0,82,16,85,128,0,229,104,0,104,333
10/30/2007,SBA,CA,AWP,WE,Combined TRACON& Tower with Radar,16,88,47,1,152,0,0,94,2,96,16,88,141,3,248,118,0,118,366
10/31/2007,SBA,CA,AWP,WE,Combined TRACON& Tower with Radar,16,87,49,2,154,0,1,88,5,94,16,88,137,7,248,188,0,188,436
11/01/2007,SBA,CA,AWP,WE,Combined TRACON& Tower with Radar,16,95,89,0,200,0,0,0,0,0,16,95,89,0,200,0,0,0,200
11/02/2007,SBA,CA,AWP,WE,Combined TRACON& Tower with Radar,14,82,124,0,220,0,0,32,2,34,14,82,156,2,254,0,0,0,254
11/03/2007,SBA,CA,AWP,WE,Combined TRACON& Tower with Radar,10,59,77,0,146,0,1,59,0,60,10,60,136,0,206,40,0,40,246
11/04/2007,SBA,CA,AWP,WE,Combined TRACON& Tower with Radar,9,77,94,0,180,0,1,20,0,21,9,78,114,0,201,0,0,0,201
11/05/2007,SBA,CA,AWP,WE,Combined TRACON& Tower with Radar,14,89,52,1,156,0,1,29,1,31,14,90,81,2,187,0,0,0,187
11/06/2007,SBA,CA,AWP,WE,Combined TRACON& Tower with Radar,14,90,51,0,155,0,1,54,0,55,14,91,105,0,210,140,0,140,350
11/07/2007,SBA,CA,AWP,WE,Combined TRACON& Tower with Radar,14,97,64,0,175,0,1,43,0,44,14,98,107,0,219,76,0,76,295
11/08/2007,SBA,CA,AWP,WE,Combined TRACON& Tower with Radar,14,97,96,0,207,0,0,20,1,21,14,97,116,1,228,204,0,204,432
11/09/2007,SBA,CA,AWP,WE,Combined TRACON& Tower with Radar,14,94,71,0,179,0,0,73,1,74,14,94,144,1,253,54,0,54,307
11/10/2007,SBA,CA,AWP,WE,Combined TRACON& Tower with Radar,12,63,42,0,117,0,0,149,2,151,12,63,191,2,268,164,0,164,432
11/11/2007,SBA,CA,AWP,WE,Combined TRACON& Tower with Radar,12,98,71,0,181,0,0,14,0,14,12,98,85,0,195,26,0,26,221
11/12/2007,SBA,CA,AWP,WE,Combined TRACON& Tower with Radar,14,102,51,0,167,0,2,135,1,138,14,104,186,1,305,158,0,158,463
11/13/2007,SBA,CA,AWP,WE,Combined TRACON& Tower with Radar,14,107,44,0,165,0,6,117,3,126,14,113,161,3,291,110,0,110,401
11/14/2007,SBA,CA,AWP,WE,Combined TRACON& Tower with Radar,12,108,50,2,172,0,6,105,1,112,12,114,155,3,284,142,0,142,426
11/15/2007,SBA,CA,AWP,WE,Combined TRACON& Tower with Radar,14,109,42,0,165,0,6,115,12,133,14,115,157,12,298,196,0,196,494
11/16/2007,SBA,CA,AWP,WE,Combined TRACON& Tower with Radar,14,88,84,0,186,0,4,72,3,79,14,92,156,3,265,40,0,40,305
11/17/2007,SBA,CA,AWP,WE,Combined TRACON& Tower with Radar,14,76,87,0,177,0,0,6,0,6,14,76,93,0,183,12,0,12,195
11/18/2007,SBA,CA,AWP,WE,Combined TRACON& Tower with Radar,18,90,87,0,195,0,0,1,0,1,18,90,88,0,196,0,0,0,196
11/19/2007,SBA,CA,AWP,WE,Combined TRACON& Tower with Radar,12,87,67,0,166,0,0,1,0,1,12,87,68,0,167,0,0,0,167
11/20/2007,SBA,CA,AWP,WE,Combined TRACON& Tower with Radar,14,106,83,0,203,0,0,67,0,67,14,106,150,0,270,94,0,94,364
11/21/2007,SBA,CA,AWP,WE,Combined TRACON& Tower with Radar,14,102,67,0,183,0,4,99,0,103,14,106,166,0,286,61,0,61,347
11/22/2007,SBA,CA,AWP,WE,Combined TRACON& Tower with Radar,8,64,22,0,94,0,0,59,0,59,8,64,81,0,153,48,0,48,201
11/23/2007,SBA,CA,AWP,WE,Combined TRACON& Tower with Radar,9,81,37,0,127,0,0,87,1,88,9,81,124,1,215,92,0,92,307
11/24/2007,SBA,CA,AWP,WE,Combined TRACON& Tower with Radar,12,93,34,0,139,0,0,104,0,104,12,93,138,0,243,74,0,74,317
11/25/2007,SBA,CA,AWP,WE,Combined TRACON& Tower with Radar,14,106,82,0,202,0,1,131,0,132,14,107,213,0,334,36,0,36,370
11/26/2007,SBA,CA,AWP,WE,Combined TRACON& Tower with Radar,15,102,31,0,148,0,3,105,3,111,15,105,136,3,259,116,0,116,375
11/27/2007,SBA,CA,AWP,WE,Combined TRACON& Tower with Radar,15,95,53,3,166,0,1,104,0,105,15,96,157,3,271,132,0,132,403
11/28/2007,SBA,CA,AWP,WE,Combined TRACON& Tower with Radar,14,99,68,2,183,0,11,89,0,100,14,110,157,2,283,183,0,183,466
11/29/2007,SBA,CA,AWP,WE,Combined TRACON& Tower with Radar,13,94,38,0,145,0,5,132,0,137,13,99,170,0,282,102,0,102,384
11/30/2007,SBA,CA,AWP,WE,Combined TRACON& Tower with Radar,14,98,66,0,178,0,4,61,1,66,14,102,127,1,244,166,0,166,410
12/01/2007,SBA,CA,AWP,WE,Combined TRACON& Tower with Radar,12,72,43,0,127,0,3,59,2,64,12,75,102,2,191,36,0,36,227
12/02/2007,SBA,CA,AWP,WE,Combined TRACON& Tower with Radar,12,85,37,0,134,0,0,150,0,150,12,85,187,0,284,78,0,78,362
12/03/2007,SBA,CA,AWP,WE,Combined TRACON& Tower with Radar,14,86,31,0,131,0,2,87,0,89,14,88,118,0,220,114,0,114,334
12/04/2007,SBA,CA,AWP,WE,Combined TRACON& Tower with Radar,14,93,30,2,139,0,1,68,0,69,14,94,98,2,208,169,0,169,377
12/05/2007,SBA,CA,AWP,WE,Combined TRACON& Tower with Radar,13,86,47,0,146,0,1,103,2,106,13,87,150,2,252,190,0,190,442
12/06/2007,SBA,CA,AWP,WE,Combined TRACON& Tower with Radar,13,91,46,0,150,0,3,26,2,31,13,94,72,2,181,98,0,98,279
12/07/2007,SBA,CA,AWP,WE,Combined TRACON& Tower with Radar,14,98,40,0,152,0,0,9,4,13,14,98,49,4,165,76,0,76,241
12/08/2007,SBA,CA,AWP,WE,Combined TRACON& Tower with Radar,12,66,20,1,99,0,0,33,0,33,12,66,53,1,132,66,0,66,198
12/09/2007,SBA,CA,AWP,WE,Combined TRACON& Tower with Radar,12,81,42,0,135,0,0,89,0,89,12,81,131,0,224,120,0,120,344
12/10/2007,SBA,CA,AWP,WE,Combined TRACON& Tower with Radar,13,91,37,0,141,0,3,72,0,75,13,94,109,0,216,172,0,172,388
12/11/2007,SBA,CA,AWP,WE,Combined TRACON& Tower with Radar,14,99,34,0,147,0,3,79,0,82,14,102,113,0,229,208,0,208,437
12/12/2007,SBA,CA,AWP,WE,Combined TRACON& Tower with Radar,13,90,41,1,145,0,1,76,1,78,13,91,117,2,223,132,0,132,355
12/13/2007,SBA,CA,AWP,WE,Combined TRACON& Tower with Radar,14,95,36,1,146,0,4,83,2,89,14,99,119,3,235,84,0,84,319
12/14/2007,SBA,CA,AWP,WE,Combined TRACON& Tower with Radar,14,92,48,2,156,0,1,100,0,101,14,93,148,2,257,78,0,78,335
12/15/2007,SBA,CA,AWP,WE,Combined TRACON& Tower with Radar,9,89,53,0,151,0,1,130,1,132,9,90,183,1,283,94,0,94,377
12/16/2007,SBA,CA,AWP,WE,Combined TRACON& Tower with Radar,13,92,43,0,148,0,0,117,0,117,13,92,160,0,265,86,0,86,351
12/17/2007,SBA,CA,AWP,WE,Combined TRACON& Tower with Radar,14,102,53,0,169,0,0,21,0,21,14,102,74,0,190,48,0,48,238
12/18/2007,SBA,CA,AWP,WE,Combined TRACON& Tower with Radar,12,95,44,0,151,0,0,0,0,0,12,95,44,0,151,8,0,8,159
12/19/2007,SBA,CA,AWP,WE,Combined TRACON& Tower with Radar,14,114,63,0,191,0,0,9,3,12,14,114,72,3,203,0,0,0,203
12/20/2007,SBA,CA,AWP,WE,Combined TRACON& Tower with Radar,14,112,33,0,159,0,2,11,1,14,14,114,44,1,173,82,0,82,255
12/21/2007,SBA,CA,AWP,WE,Combined TRACON& Tower with Radar,14,113,49,0,176,0,4,97,2,103,14,117,146,2,279,66,0,66,345
12/22/2007,SBA,CA,AWP,WE,Combined TRACON& Tower with Radar,9,109,40,0,158,0,2,115,1,118,9,111,155,1,276,54,0,54,330
12/23/2007,SBA,CA,AWP,WE,Combined TRACON& Tower with Radar,13,79,30,0,122,0,0,128,0,128,13,79,158,0,250,50,0,50,300
12/24/2007,SBA,CA,AWP,WE,Combined TRACON& Tower with Radar,14,74,18,0,106,0,3,52,1,56,14,77,70,1,162,48,0,48,210
12/25/2007,SBA,CA,AWP,WE,Combined TRACON& Tower with Radar,12,66,9,0,87,0,0,24,0,24,12,66,33,0,111,36,0,36,147
12/26/2007,SBA,CA,AWP,WE,Combined TRACON& Tower with Radar,16,110,37,0,163,0,1,46,0,47,16,111,83,0,210,100,0,100,310
12/27/2007,SBA,CA,AWP,WE,Combined TRACON& Tower with Radar,14,95,59,0,168,0,1,78,0,79,14,96,137,0,247,94,0,94,341
12/28/2007,SBA,CA,AWP,WE,Combined TRACON& Tower with Radar,13,98,68,0,179,0,2,21,0,23,13,100,89,0,202,56,0,56,258
12/29/2007,SBA,CA,AWP,WE,Combined TRACON& Tower with Radar,10,90,39,0,139,0,0,50,0,50,10,90,89,0,189,116,0,116,305
12/30/2007,SBA,CA,AWP,WE,Combined TRACON& Tower with Radar,13,92,40,0,145,0,0,73,0,73,13,92,113,0,218,64,0,64,282
12/31/2007,SBA,CA,AWP,WE,Combined TRACON& Tower with Radar,12,75,18,0,105,0,1,77,0,78,12,76,95,0,183,70,0,70,253
01/01/2008,SBA,CA,AWP,WE,Combined TRACON& Tower with Radar,12,79,22,0,113,0,0,69,0,69,12,79,91,0,182,8,0,8,190
01/02/2008,SBA,CA,AWP,WE,Combined TRACON& Tower with Radar,12,88,57,0,157,0,2,88,0,90,12,90,145,0,247,84,0,84,331
01/03/2008,SBA,CA,AWP,WE,Combined TRACON& Tower with Radar,12,93,43,0,148,0,2,45,1,48,12,95,88,1,196,156,0,156,352
01/04/2008,SBA,CA,AWP,WE,Combined TRACON& Tower with Radar,14,79,36,0,129,0,0,3,0,3,14,79,39,0,132,8,0,8,140
01/05/2008,SBA,CA,AWP,WE,Combined TRACON& Tower with Radar,9,74,29,0,112,0,1,3,1,5,9,75,32,1,117,8,0,8,125
01/06/2008,SBA,CA,AWP,WE,Combined TRACON& Tower with Radar,14,76,25,3,118,0,0,18,2,20,14,76,43,5,138,96,0,96,234
01/07/2008,SBA,CA,AWP,WE,Combined TRACON& Tower with Radar,18,78,26,0,122,0,0,51,1,52,18,78,77,1,174,36,10,46,220
01/08/2008,SBA,CA,AWP,WE,Combined TRACON& Tower with Radar,18,85,53,4,160,0,2,69,3,74,18,87,122,7,234,116,0,116,350
01/09/2008,SBA,CA,AWP,WE,Combined TRACON& Tower with Radar,18,89,64,0,171,0,0,40,0,40,18,89,104,0,211,82,0,82,293
01/10/2008,SBA,CA,AWP,WE,Combined TRACON& Tower with Radar,21,88,39,2,150,0,0,91,4,95,21,88,130,6,245,98,0,98,343
01/11/2008,SBA,CA,AWP,WE,Combined TRACON& Tower with Radar,19,83,51,0,153,0,1,135,2,138,19,84,186,2,291,72,0,72,363
01/12/2008,SBA,CA,AWP,WE,Combined TRACON& Tower with Radar,15,55,47,0,117,0,0,173,0,173,15,55,220,0,290,102,0,102,392
01/13/2008,SBA,CA,AWP,WE,Combined TRACON& Tower with Radar,19,77,52,0,148,0,0,140,0,140,19,77,192,0,288,122,0,122,410
01/14/2008,SBA,CA,AWP,WE,Combined TRACON& Tower with Radar,18,88,35,0,141,0,0,103,2,105,18,88,138,2,246,56,0,56,302
01/15/2008,SBA,CA,AWP,WE,Combined TRACON& Tower with Radar,18,96,28,2,144,0,1,95,2,98,18,97,123,4,242,103,0,103,345
01/16/2008,SBA,CA,AWP,WE,Combined TRACON& Tower with Radar,18,91,40,0,149,0,0,98,3,101,18,91,138,3,250,84,0,84,334
01/17/2008,SBA,CA,AWP,WE,Combined TRACON& Tower with Radar,21,80,36,4,141,0,0,102,2,104,21,80,138,6,245,140,0,140,385
01/18/2008,SBA,CA,AWP,WE,Combined TRACON& Tower with Radar,20,88,56,0,164,0,1,137,3,141,20,89,193,3,305,187,0,187,492
01/19/2008,SBA,CA,AWP,WE,Combined TRACON& Tower with Radar,16,58,33,0,107,0,2,177,0,179,16,60,210,0,286,114,0,114,400
01/20/2008,SBA,CA,AWP,WE,Combined TRACON& Tower with Radar,14,68,39,0,121,0,1,147,1,149,14,69,186,1,270,118,0,118,388
01/21/2008,SBA,CA,AWP,WE,Combined TRACON& Tower with Radar,18,85,42,0,145,0,0,50,0,50,18,85,92,0,195,92,0,92,287
01/22/2008,SBA,CA,AWP,WE,Combined TRACON& Tower with Radar,18,90,36,0,144,0,0,9,3,12,18,90,45,3,156,30,0,30,186
01/23/2008,SBA,CA,AWP,WE,Combined TRACON& Tower with Radar,14,90,23,0,127,0,0,3,0,3,14,90,26,0,130,0,0,0,130
01/24/2008,SBA,CA,AWP,WE,Combined TRACON& Tower with Radar,19,90,50,0,159,0,0,10,0,10,19,90,60,0,169,46,0,46,215
01/25/2008,SBA,CA,AWP,WE,Combined TRACON& Tower with Radar,19,79,33,0,131,0,1,6,3,10,19,80,39,3,141,34,0,34,175
01/26/2008,SBA,CA,AWP,WE,Combined TRACON& Tower with Radar,15,61,24,4,104,0,3,23,0,26,15,64,47,4,130,30,0,30,160
01/27/2008,SBA,CA,AWP,WE,Combined TRACON& Tower with Radar,17,63,22,0,102,0,0,10,0,10,17,63,32,0,112,0,0,0,112
01/28/2008,SBA,CA,AWP,WE,Combined TRACON& Tower with Radar,18,85,36,0,139,0,0,18,2,20,18,85,54,2,159,178,0,178,337
01/29/2008,SBA,CA,AWP,WE,Combined TRACON& Tower with Radar,17,87,33,0,137,0,2,87,0,89,17,89,120,0,226,44,0,44,270
01/30/2008,SBA,CA,AWP,WE,Combined TRACON& Tower with Radar,19,88,38,0,145,0,3,40,0,43,19,91,78,0,188,10,0,10,198
01/31/2008,SBA,CA,AWP,WE,Combined TRACON& Tower with Radar,18,98,31,2,149,0,4,110,4,118,18,102,141,6,267,62,0,62,329
02/01/2008,SBA,CA,AWP,WE,Combined TRACON& Tower with Radar,18,93,41,0,152,0,4,82,11,97,18,97,123,11,249,84,0,84,333
02/02/2008,SBA,CA,AWP,WE,Combined TRACON& Tower with Radar,15,62,33,0,110,0,2,125,2,129,15,64,158,2,239,127,0,127,366
02/03/2008,SBA,CA,AWP,WE,Combined TRACON& Tower with Radar,17,78,24,0,119,0,0,2,0,2,17,78,26,0,121,0,0,0,121
02/04/2008,SBA,CA,AWP,WE,Combined TRACON& Tower with Radar,21,87,47,4,159,0,0,72,0,72,21,87,119,4,231,0,0,0,231
02/05/2008,SBA,CA,AWP,WE,Combined TRACON& Tower with Radar,18,85,53,2,158,0,1,124,2,127,18,86,177,4,285,106,0,106,391
02/06/2008,SBA,CA,AWP,WE,Combined TRACON& Tower with Radar,18,83,47,2,150,0,5,101,2,108,18,88,148,4,258,79,0,79,337
02/07/2008,SBA,CA,AWP,WE,Combined TRACON& Tower with Radar,18,85,47,0,150,0,3,96,7,106,18,88,143,7,256,102,0,102,358
02/08/2008,SBA,CA,AWP,WE,Combined TRACON& Tower with Radar,19,89,43,0,151,0,2,121,7,130,19,91,164,7,281,73,0,73,354
02/09/2008,SBA,CA,AWP,WE,Combined TRACON& Tower with Radar,15,64,57,0,136,0,5,178,8,191,15,69,235,8,327,80,0,80,407
02/10/2008,SBA,CA,AWP,WE,Combined TRACON& Tower with Radar,17,76,51,2,146,0,1,185,5,191,17,77,236,7,337,118,0,118,455
02/11/2008,SBA,CA,AWP,WE,Combined TRACON& Tower with Radar,15,81,45,1,142,0,0,95,4,99,15,81,140,5,241,0,0,0,241
02/12/2008,SBA,CA,AWP,WE,Combined TRACON& Tower with Radar,17,84,40,0,141,0,2,128,0,130,17,86,168,0,271,86,0,86,357
02/13/2008,SBA,CA,AWP,WE,Combined TRACON& Tower with Radar,15,99,58,0,172,0,1,10,3,14,15,100,68,3,186,14,0,14,200
02/14/2008,SBA,CA,AWP,WE,Combined TRACON& Tower with Radar,18,94,58,1,171,0,4,57,1,62,18,98,115,2,233,141,0,141,374
02/15/2008,SBA,CA,AWP,WE,Combined TRACON& Tower with Radar,19,90,48,0,157,0,3,135,2,140,19,93,183,2,297,52,0,52,349
02/16/2008,SBA,CA,AWP,WE,Combined TRACON& Tower with Radar,15,63,24,0,102,0,0,174,0,174,15,63,198,0,276,46,0,46,322
02/17/2008,SBA,CA,AWP,WE,Combined TRACON& Tower with Radar,17,73,39,0,129,0,2,95,1,98,17,75,134,1,227,102,0,102,329
02/18/2008,SBA,CA,AWP,WE,Combined TRACON& Tower with Radar,19,98,111,2,230,0,1,22,3,26,19,99,133,5,256,0,0,0,256
02/19/2008,SBA,CA,AWP,WE,Combined TRACON& Tower with Radar,18,104,80,0,202,0,0,24,0,24,18,104,104,0,226,66,0,66,292
02/20/2008,SBA,CA,AWP,WE,Combined TRACON& Tower with Radar,18,98,70,0,186,0,0,21,0,21,18,98,91,0,207,22,0,22,229
02/21/2008,SBA,CA,AWP,WE,Combined TRACON& Tower with Radar,15,91,71,0,177,0,0,22,6,28,15,91,93,6,205,6,0,6,211
02/22/2008,SBA,CA,AWP,WE,Combined TRACON& Tower with Radar,17,87,79,0,183,0,0,35,0,35,17,87,114,0,218,75,0,75,293
02/23/2008,SBA,CA,AWP,WE,Combined TRACON& Tower with Radar,15,60,41,0,116,0,0,52,0,52,15,60,93,0,168,58,0,58,226
02/24/2008,SBA,CA,AWP,WE,Combined TRACON& Tower with Radar,17,74,42,0,133,0,0,16,0,16,17,74,58,0,149,0,0,0,149
02/25/2008,SBA,CA,AWP,WE,Combined TRACON& Tower with Radar,19,87,59,3,168,0,2,106,2,110,19,89,165,5,278,60,0,60,338
02/26/2008,SBA,CA,AWP,WE,Combined TRACON& Tower with Radar,18,89,58,1,166,0,2,147,1,150,18,91,205,2,316,90,0,90,406
02/27/2008,SBA,CA,AWP,WE,Combined TRACON& Tower with Radar,18,84,55,0,157,0,6,128,4,138,18,90,183,4,295,72,0,72,367
02/28/2008,SBA,CA,AWP,WE,Combined TRACON& Tower with Radar,17,93,58,1,169,0,6,101,3,110,17,99,159,4,279,28,0,28,307
02/29/2008,SBA,CA,AWP,WE,Combined TRACON& Tower with Radar,18,92,88,0,198,0,0,7,0,7,18,92,95,0,205,40,0,40,245
03/01/2008,SBA,CA,AWP,WE,Combined TRACON& Tower with Radar,15,73,62,0,150,0,0,39,2,41,15,73,101,2,191,176,0,176,367
03/02/2008,SBA,CA,AWP,WE,Combined TRACON& Tower with Radar,17,86,38,0,141,0,0,86,4,90,17,86,124,4,231,72,0,72,303
03/03/2008,SBA,CA,AWP,WE,Combined TRACON& Tower with Radar,19,90,37,0,146,0,4,79,3,86,19,94,116,3,232,74,0,74,306
03/04/2008,SBA,CA,AWP,WE,Combined TRACON& Tower with Radar,16,83,49,4,152,0,3,132,3,138,16,86,181,7,290,88,0,88,378
03/05/2008,SBA,CA,AWP,WE,Combined TRACON& Tower with Radar,16,82,61,2,161,0,3,90,4,97,16,85,151,6,258,62,0,62,320
03/06/2008,SBA,CA,AWP,WE,Combined TRACON& Tower with Radar,16,97,63,6,182,0,5,112,1,118,16,102,175,7,300,84,0,84,384
03/07/2008,SBA,CA,AWP,WE,Combined TRACON& Tower with Radar,16,85,45,0,146,0,2,141,4,147,16,87,186,4,293,56,0,56,349
03/08/2008,SBA,CA,AWP,WE,Combined TRACON& Tower with Radar,13,65,27,0,105,0,1,131,0,132,13,66,158,0,237,48,0,48,285
03/09/2008,SBA,CA,AWP,WE,Combined TRACON& Tower with Radar,15,84,41,2,142,0,0,133,0,133,15,84,174,2,275,72,0,72,347
03/10/2008,SBA,CA,AWP,WE,Combined TRACON& Tower with Radar,16,88,43,0,147,0,4,102,0,106,16,92,145,0,253,98,0,98,351
03/11/2008,SBA,CA,AWP,WE,Combined TRACON& Tower with Radar,16,88,29,0,133,0,0,107,2,109,16,88,136,2,242,124,0,124,366
03/12/2008,SBA,CA,AWP,WE,Combined TRACON& Tower with Radar,16,91,45,4,156,0,1,91,0,92,16,92,136,4,248,66,0,66,314
03/13/2008,SBA,CA,AWP,WE,Combined TRACON& Tower with Radar,16,94,53,0,163,0,0,98,10,108,16,94,151,10,271,68,0,68,339
03/14/2008,SBA,CA,AWP,WE,Combined TRACON& Tower with Radar,16,91,53,9,169,0,3,74,0,77,16,94,127,9,246,38,0,38,284
03/15/2008,SBA,CA,AWP,WE,Combined TRACON& Tower with Radar,13,67,40,0,120,0,2,36,0,38,13,69,76,0,158,48,0,48,206
03/16/2008,SBA,CA,AWP,WE,Combined TRACON& Tower with Radar,15,71,32,24,142,0,1,55,0,56,15,72,87,24,198,6,0,6,204
03/17/2008,SBA,CA,AWP,WE,Combined TRACON& Tower with Radar,16,83,41,0,140,0,1,93,13,107,16,84,134,13,247,136,0,136,383
03/18/2008,SBA,CA,AWP,WE,Combined TRACON& Tower with Radar,14,88,48,0,150,0,3,146,0,149,14,91,194,0,299,108,0,108,407
03/19/2008,SBA,CA,AWP,WE,Combined TRACON& Tower with Radar,16,111,69,3,199,0,2,50,5,57,16,113,119,8,256,66,0,66,322
03/20/2008,SBA,CA,AWP,WE,Combined TRACON& Tower with Radar,18,92,71,0,181,0,4,84,1,89,18,96,155,1,270,94,0,94,364
03/21/2008,SBA,CA,AWP,WE,Combined TRACON& Tower with Radar,17,88,74,0,179,0,6,160,4,170,17,94,234,4,349,134,0,134,483
03/22/2008,SBA,CA,AWP,WE,Combined TRACON& Tower with Radar,11,66,55,0,132,0,3,137,1,141,11,69,192,1,273,92,0,92,365
03/23/2008,SBA,CA,AWP,WE,Combined TRACON& Tower with Radar,15,72,39,0,126,0,0,119,0,119,15,72,158,0,245,70,0,70,315
03/24/2008,SBA,CA,AWP,WE,Combined TRACON& Tower with Radar,18,82,57,0,157,0,5,83,1,89,18,87,140,1,246,130,0,130,376
03/25/2008,SBA,CA,AWP,WE,Combined TRACON& Tower with Radar,16,89,31,2,138,0,3,107,2,112,16,92,138,4,250,116,0,116,366
03/26/2008,SBA,CA,AWP,WE,Combined TRACON& Tower with Radar,16,83,48,0,147,0,4,94,2,100,16,87,142,2,247,118,0,118,365
03/27/2008,SBA,CA,AWP,WE,Combined TRACON& Tower with Radar,16,87,53,1,157,0,10,100,7,117,16,97,153,8,274,68,0,68,342
03/28/2008,SBA,CA,AWP,WE,Combined TRACON& Tower with Radar,16,82,53,0,151,0,6,89,4,99,16,88,142,4,250,71,0,71,321
03/29/2008,SBA,CA,AWP,WE,Combined TRACON& Tower with Radar,12,74,44,0,130,0,0,77,0,77,12,74,121,0,207,116,0,116,323
03/30/2008,SBA,CA,AWP,WE,Combined TRACON& Tower with Radar,16,77,62,0,155,0,3,67,2,72,16,80,129,2,227,120,0,120,347
03/31/2008,SBA,CA,AWP,WE,Combined TRACON& Tower with Radar,16,85,62,0,163,0,4,91,0,95,16,89,153,0,258,116,0,116,374
04/01/2008,SBA,CA,AWP,WE,Combined TRACON& Tower with Radar,16,89,49,0,154,0,1,80,1,82,16,90,129,1,236,62,0,62,298
04/02/2008,SBA,CA,AWP,WE,Combined TRACON& Tower with Radar,16,83,50,1,150,0,0,8,1,9,16,83,58,2,159,78,0,78,237
04/03/2008,SBA,CA,AWP,WE,Combined TRACON& Tower with Radar,16,94,85,0,195,0,2,66,2,70,16,96,151,2,265,58,0,58,323
04/04/2008,SBA,CA,AWP,WE,Combined TRACON& Tower with Radar,19,82,120,2,223,0,0,3,1,4,19,82,123,3,227,10,0,10,237
04/05/2008,SBA,CA,AWP,WE,Combined TRACON& Tower with Radar,13,68,42,1,124,0,1,57,2,60,13,69,99,3,184,138,0,138,322
04/06/2008,SBA,CA,AWP,WE,Combined TRACON& Tower with Radar,16,84,89,2,191,0,1,66,0,67,16,85,155,2,258,90,0,90,348
04/07/2008,SBA,CA,AWP,WE,Combined TRACON& Tower with Radar,16,80,50,2,148,0,2,80,2,84,16,82,130,4,232,166,0,166,398
04/08/2008,SBA,CA,AWP,WE,Combined TRACON& Tower with Radar,16,79,41,3,139,0,2,52,1,55,16,81,93,4,194,56,0,56,250
04/09/2008,SBA,CA,AWP,WE,Combined TRACON& Tower with Radar,16,87,44,0,147,0,3,71,1,75,16,90,115,1,222,96,0,96,318
04/10/2008,SBA,CA,AWP,WE,Combined TRACON& Tower with Radar,18,88,46,0,152,0,3,131,3,137,18,91,177,3,289,154,0,154,443
04/11/2008,SBA,CA,AWP,WE,Combined TRACON& Tower with Radar,14,97,31,1,143,0,1,197,5,203,14,98,228,6,346,136,0,136,482
04/12/2008,SBA,CA,AWP,WE,Combined TRACON& Tower with Radar,13,80,47,0,140,0,2,158,2,162,13,82,205,2,302,111,0,111,413
04/13/2008,SBA,CA,AWP,WE,Combined TRACON& Tower with Radar,19,88,49,0,156,0,0,163,0,163,19,88,212,0,319,118,0,118,437
04/14/2008,SBA,CA,AWP,WE,Combined TRACON& Tower with Radar,16,78,29,0,123,0,4,100,1,105,16,82,129,1,228,24,0,24,252
04/15/2008,SBA,CA,AWP,WE,Combined TRACON& Tower with Radar,16,82,40,0,138,0,4,96,1,101,16,86,136,1,239,98,0,98,337
04/16/2008,SBA,CA,AWP,WE,Combined TRACON& Tower with Radar,15,92,56,0,163,0,4,104,1,109,15,96,160,1,272,128,0,128,400
04/17/2008,SBA,CA,AWP,WE,Combined TRACON& Tower with Radar,17,88,52,0,157,0,6,142,3,151,17,94,194,3,308,162,0,162,470
04/18/2008,SBA,CA,AWP,WE,Combined TRACON& Tower with Radar,14,85,59,2,160,0,2,129,4,135,14,87,188,6,295,146,0,146,441
04/19/2008,SBA,CA,AWP,WE,Combined TRACON& Tower with Radar,13,72,54,9,148,0,0,67,5,72,13,72,121,14,220,122,0,122,342
04/20/2008,SBA,CA,AWP,WE,Combined TRACON& Tower with Radar,17,71,48,0,136,0,0,122,2,124,17,71,170,2,260,48,0,48,308
04/21/2008,SBA,CA,AWP,WE,Combined TRACON& Tower with Radar,16,85,61,0,162,0,4,106,2,112,16,89,167,2,274,0,0,0,274
04/22/2008,SBA,CA,AWP,WE,Combined TRACON& Tower with Radar,16,83,33,2,134,0,6,107,0,113,16,89,140,2,247,127,0,127,374
04/23/2008,SBA,CA,AWP,WE,Combined TRACON& Tower with Radar,16,94,46,0,156,0,2,64,0,66,16,96,110,0,222,62,0,62,284
04/24/2008,SBA,CA,AWP,WE,Combined TRACON& Tower with Radar,16,86,53,0,155,0,3,109,5,117,16,89,162,5,272,166,0,166,438
04/25/2008,SBA,CA,AWP,WE,Combined TRACON& Tower with Radar,14,85,62,0,161,0,5,119,0,124,14,90,181,0,285,130,0,130,415
04/26/2008,SBA,CA,AWP,WE,Combined TRACON& Tower with Radar,13,72,52,0,137,0,1,122,0,123,13,73,174,0,260,222,0,222,482
04/27/2008,SBA,CA,AWP,WE,Combined TRACON& Tower with Radar,17,80,52,0,149,0,2,144,3,149,17,82,196,3,298,148,0,148,446
04/28/2008,SBA,CA,AWP,WE,Combined TRACON& Tower with Radar,16,80,44,2,142,0,3,97,3,103,16,83,141,5,245,116,0,116,361
04/29/2008,SBA,CA,AWP,WE,Combined TRACON& Tower with Radar,16,87,30,4,137,0,1,90,4,95,16,88,120,8,232,71,0,71,303
04/30/2008,SBA,CA,AWP,WE,Combined TRACON& Tower with Radar,16,81,43,2,142,0,4,94,3,101,16,85,137,5,243,62,0,62,305
05/01/2008,SBA,CA,AWP,WE,Combined TRACON& Tower with Radar,16,91,45,4,156,0,7,109,0,116,16,98,154,4,272,106,0,106,378
05/02/2008,SBA,CA,AWP,WE,Combined TRACON& Tower with Radar,14,90,42,1,147,0,7,135,7,149,14,97,177,8,296,90,0,90,386
05/03/2008,SBA,CA,AWP,WE,Combined TRACON& Tower with Radar,12,67,31,0,110,0,3,137,1,141,12,70,168,1,251,58,0,58,309
05/04/2008,SBA,CA,AWP,WE,Combined TRACON& Tower with Radar,19,73,85,0,177,0,1,41,3,45,19,74,126,3,222,46,0,46,268
05/05/2008,SBA,CA,AWP,WE,Combined TRACON& Tower with Radar,16,83,58,0,157,0,1,35,3,39,16,84,93,3,196,188,0,188,384
05/06/2008,SBA,CA,AWP,WE,Combined TRACON& Tower with Radar,14,80,76,1,171,0,1,37,1,39,14,81,113,2,210,114,0,114,324
05/07/2008,SBA,CA,AWP,WE,Combined TRACON& Tower with Radar,16,95,71,0,182,0,0,23,3,26,16,95,94,3,208,153,0,153,361
05/08/2008,SBA,CA,AWP,WE,Combined TRACON& Tower with Radar,16,83,76,0,175,0,2,71,2,75,16,85,147,2,250,153,0,153,403
05/09/2008,SBA,CA,AWP,WE,Combined TRACON& Tower with Radar,14,90,106,0,210,0,1,11,3,15,14,91,117,3,225,60,0,60,285
05/10/2008,SBA,CA,AWP,WE,Combined TRACON& Tower with Radar,13,70,60,0,143,0,0,44,2,46,13,70,104,2,189,142,0,142,331
05/11/2008,SBA,CA,AWP,WE,Combined TRACON& Tower with Radar,19,85,99,0,203,0,0,2,0,2,19,85,101,0,205,4,0,4,209
05/12/2008,SBA,CA,AWP,WE,Combined TRACON& Tower with Radar,15,81,69,4,169,0,5,27,1,33,15,86,96,5,202,66,0,66,268
05/13/2008,SBA,CA,AWP,WE,Combined TRACON& Tower with Radar,16,87,31,2,136,0,1,112,6,119,16,88,143,8,255,114,0,114,369
05/14/2008,SBA,CA,AWP,WE,Combined TRACON& Tower with Radar,16,81,32,2,131,0,2,130,0,132,16,83,162,2,263,150,0,150,413
05/15/2008,SBA,CA,AWP,WE,Combined TRACON& Tower with Radar,16,88,44,4,152,0,1,127,2,130,16,89,171,6,282,190,0,190,472
05/16/2008,SBA,CA,AWP,WE,Combined TRACON& Tower with Radar,14,91,41,1,147,0,3,139,6,148,14,94,180,7,295,107,0,107,402
05/17/2008,SBA,CA,AWP,WE,Combined TRACON& Tower with Radar,13,62,38,1,114,0,6,184,7,197,13,68,222,8,311,170,0,170,481
05/18/2008,SBA,CA,AWP,WE,Combined TRACON& Tower with Radar,19,75,47,0,141,0,0,169,1,170,19,75,216,1,311,20,0,20,331
05/19/2008,SBA,CA,AWP,WE,Combined TRACON& Tower with Radar,14,81,50,3,148,0,2,93,0,95,14,83,143,3,243,54,0,54,297
05/20/2008,SBA,CA,AWP,WE,Combined TRACON& Tower with Radar,16,82,64,4,166,0,4,50,0,54,16,86,114,4,220,90,0,90,310
05/21/2008,SBA,CA,AWP,WE,Combined TRACON& Tower with Radar,16,79,48,0,143,0,3,48,2,53,16,82,96,2,196,26,0,26,222
05/22/2008,SBA,CA,AWP,WE,Combined TRACON& Tower with Radar,16,83,39,3,141,0,5,71,7,83,16,88,110,10,224,70,0,70,294
05/23/2008,SBA,CA,AWP,WE,Combined TRACON& Tower with Radar,14,105,89,0,208,0,2,13,6,21,14,107,102,6,229,71,0,71,300
05/24/2008,SBA,CA,AWP,WE,Combined TRACON& Tower with Radar,13,70,46,1,130,0,1,54,1,56,13,71,100,2,186,190,0,190,376
05/25/2008,SBA,CA,AWP,WE,Combined TRACON& Tower with Radar,17,53,61,1,132,0,1,27,1,29,17,54,88,2,161,70,0,70,231
05/26/2008,SBA,CA,AWP,WE,Combined TRACON& Tower with Radar,16,101,66,0,183,0,0,132,3,135,16,101,198,3,318,227,0,227,545
05/27/2008,SBA,CA,AWP,WE,Combined TRACON& Tower with Radar,18,81,59,2,160,0,0,87,3,90,18,81,146,5,250,213,0,213,463
05/28/2008,SBA,CA,AWP,WE,Combined TRACON& Tower with Radar,14,90,39,0,143,0,4,130,0,134,14,94,169,0,277,98,0,98,375
05/29/2008,SBA,CA,AWP,WE,Combined TRACON& Tower with Radar,18,89,56,11,174,0,1,121,2,124,18,90,177,13,298,128,0,128,426
05/30/2008,SBA,CA,AWP,WE,Combined TRACON& Tower with Radar,14,90,39,3,146,0,3,127,2,132,14,93,166,5,278,186,0,186,464
05/31/2008,SBA,CA,AWP,WE,Combined TRACON& Tower with Radar,12,71,30,0,113,0,2,130,0,132,12,73,160,0,245,0,0,0,245
06/01/2008,SBA,CA,AWP,WE,Combined TRACON& Tower with Radar,21,79,46,0,146,0,2,138,0,140,21,81,184,0,286,106,0,106,392
06/02/2008,SBA,CA,AWP,WE,Combined TRACON& Tower with Radar,16,82,43,1,142,0,0,92,0,92,16,82,135,1,234,84,0,84,318
06/03/2008,SBA,CA,AWP,WE,Combined TRACON& Tower with Radar,16,82,36,0,134,0,4,92,7,103,16,86,128,7,237,92,0,92,329
06/04/2008,SBA,CA,AWP,WE,Combined TRACON& Tower with Radar,14,87,48,0,149,0,0,55,3,58,14,87,103,3,207,66,0,66,273
06/05/2008,SBA,CA,AWP,WE,Combined TRACON& Tower with Radar,12,97,41,4,154,0,7,128,1,136,12,104,169,5,290,158,0,158,448
06/06/2008,SBA,CA,AWP,WE,Combined TRACON& Tower with Radar,9,92,61,0,162,0,1,131,1,133,9,93,192,1,295,106,0,106,401
06/07/2008,SBA,CA,AWP,WE,Combined TRACON& Tower with Radar,8,86,31,0,125,0,4,175,9,188,8,90,206,9,313,90,0,90,403
06/08/2008,SBA,CA,AWP,WE,Combined TRACON& Tower with Radar,13,81,53,0,147,0,0,115,0,115,13,81,168,0,262,18,0,18,280
06/09/2008,SBA,CA,AWP,WE,Combined TRACON& Tower with Radar,7,103,78,8,196,0,1,32,0,33,7,104,110,8,229,32,0,32,261
06/10/2008,SBA,CA,AWP,WE,Combined TRACON& Tower with Radar,13,85,85,0,183,0,0,25,1,26,13,85,110,1,209,68,0,68,277
06/11/2008,SBA,CA,AWP,WE,Combined TRACON& Tower with Radar,8,93,48,0,149,0,3,85,0,88,8,96,133,0,237,162,0,162,399
06/12/2008,SBA,CA,AWP,WE,Combined TRACON& Tower with Radar,11,105,51,0,167,0,3,86,3,92,11,108,137,3,259,188,0,188,447
06/13/2008,SBA,CA,AWP,WE,Combined TRACON& Tower with Radar,10,98,87,0,195,0,0,60,2,62,10,98,147,2,257,64,0,64,321
06/14/2008,SBA,CA,AWP,WE,Combined TRACON& Tower with Radar,8,73,48,0,129,0,0,68,0,68,8,73,116,0,197,74,0,74,271
06/15/2008,SBA,CA,AWP,WE,Combined TRACON& Tower with Radar,13,96,54,2,165,0,0,98,0,98,13,96,152,2,263,6,0,6,269
06/16/2008,SBA,CA,AWP,WE,Combined TRACON& Tower with Radar,8,87,48,0,143,0,2,61,2,65,8,89,109,2,208,87,0,87,295
06/17/2008,SBA,CA,AWP,WE,Combined TRACON& Tower with Radar,12,86,30,2,130,0,5,98,5,108,12,91,128,7,238,84,0,84,322
06/18/2008,SBA,CA,AWP,WE,Combined TRACON& Tower with Radar,8,96,40,0,144,0,1,103,2,106,8,97,143,2,250,128,0,128,378
06/19/2008,SBA,CA,AWP,WE,Combined TRACON& Tower with Radar,13,86,35,0,134,0,8,79,1,88,13,94,114,1,222,184,0,184,406
06/20/2008,SBA,CA,AWP,WE,Combined TRACON& Tower with Radar,9,91,48,5,153,0,6,112,12,130,9,97,160,17,283,82,0,82,365
06/21/2008,SBA,CA,AWP,WE,Combined TRACON& Tower with Radar,8,73,35,0,116,0,3,132,0,135,8,76,167,0,251,95,0,95,346
06/22/2008,SBA,CA,AWP,WE,Combined TRACON& Tower with Radar,13,83,53,0,149,0,1,153,7,161,13,84,206,7,310,0,0,0,310
06/23/2008,SBA,CA,AWP,WE,Combined TRACON& Tower with Radar,10,91,58,1,160,0,3,85,9,97,10,94,143,10,257,0,0,0,257
06/24/2008,SBA,CA,AWP,WE,Combined TRACON& Tower with Radar,12,86,44,0,142,0,8,87,6,101,12,94,131,6,243,94,0,94,337
06/25/2008,SBA,CA,AWP,WE,Combined TRACON& Tower with Radar,8,92,42,4,146,0,1,58,0,59,8,93,100,4,205,132,0,132,337
06/26/2008,SBA,CA,AWP,WE,Combined TRACON& Tower with Radar,11,88,74,8,181,0,1,75,2,78,11,89,149,10,259,31,10,41,300
06/27/2008,SBA,CA,AWP,WE,Combined TRACON& Tower with Radar,9,89,89,0,187,0,1,80,3,84,9,90,169,3,271,60,0,60,331
06/28/2008,SBA,CA,AWP,WE,Combined TRACON& Tower with Radar,7,79,44,0,130,0,0,72,0,72,7,79,116,0,202,48,0,48,250
06/29/2008,SBA,CA,AWP,WE,Combined TRACON& Tower with Radar,12,91,65,1,169,0,0,83,4,87,12,91,148,5,256,4,0,4,260
06/30/2008,SBA,CA,AWP,WE,Combined TRACON& Tower with Radar,9,91,32,0,132,0,2,95,0,97,9,93,127,0,229,98,0,98,327
07/01/2008,SBA,CA,AWP,WE,Combined TRACON& Tower with Radar,14,92,27,0,133,0,3,90,4,97,14,95,117,4,230,102,0,102,332
07/02/2008,SBA,CA,AWP,WE,Combined TRACON& Tower with Radar,6,78,36,0,120,0,12,90,1,103,6,90,126,1,223,102,0,102,325
07/03/2008,SBA,CA,AWP,WE,Combined TRACON& Tower with Radar,13,94,61,1,169,0,2,59,5,66,13,96,120,6,235,42,0,42,277
07/04/2008,SBA,CA,AWP,WE,Combined TRACON& Tower with Radar,9,49,28,0,86,0,8,50,5,63,9,57,78,5,149,52,0,52,201
07/05/2008,SBA,CA,AWP,WE,Combined TRACON& Tower with Radar,8,69,20,2,99,0,1,72,1,74,8,70,92,3,173,15,0,15,188
07/06/2008,SBA,CA,AWP,WE,Combined TRACON& Tower with Radar,13,86,46,3,148,0,0,49,1,50,13,86,95,4,198,4,0,4,202
07/07/2008,SBA,CA,AWP,WE,Combined TRACON& Tower with Radar,10,90,54,0,154,0,0,27,0,27,10,90,81,0,181,8,0,8,189
07/08/2008,SBA,CA,AWP,WE,Combined TRACON& Tower with Radar,14,81,61,0,156,0,0,18,0,18,14,81,79,0,174,12,0,12,186
07/09/2008,SBA,CA,AWP,WE,Combined TRACON& Tower with Radar,10,93,56,1,160,0,0,49,1,50,10,93,105,2,210,12,0,12,222
07/10/2008,SBA,CA,AWP,WE,Combined TRACON& Tower with Radar,11,101,57,0,169,0,1,63,0,64,11,102,120,0,233,0,0,0,233
07/11/2008,SBA,CA,AWP,WE,Combined TRACON& Tower with Radar,11,88,39,0,138,0,1,78,4,83,11,89,117,4,221,0,0,0,221
07/12/2008,SBA,CA,AWP,WE,Combined TRACON& Tower with Radar,8,76,30,0,114,0,0,122,5,127,8,76,152,5,241,8,0,8,249
07/13/2008,SBA,CA,AWP,WE,Combined TRACON& Tower with Radar,12,86,66,0,164,0,0,86,7,93,12,86,152,7,257,12,0,12,269
07/14/2008,SBA,CA,AWP,WE,Combined TRACON& Tower with Radar,9,88,35,0,132,0,3,83,2,88,9,91,118,2,220,0,0,0,220
07/15/2008,SBA,CA,AWP,WE,Combined TRACON& Tower with Radar,14,83,40,2,139,0,2,93,7,102,14,85,133,9,241,94,0,94,335
07/16/2008,SBA,CA,AWP,WE,Combined TRACON& Tower with Radar,11,89,48,1,149,0,1,96,2,99,11,90,144,3,248,114,0,114,362
07/17/2008,SBA,CA,AWP,WE,Combined TRACON& Tower with Radar,13,93,43,4,153,0,7,114,2,123,13,100,157,6,276,98,0,98,374
07/18/2008,SBA,CA,AWP,WE,Combined TRACON& Tower with Radar,11,90,46,0,147,0,5,90,2,97,11,95,136,2,244,140,0,140,384
07/19/2008,SBA,CA,AWP,WE,Combined TRACON& Tower with Radar,8,69,97,0,174,0,0,18,4,22,8,69,115,4,196,44,0,44,240
07/20/2008,SBA,CA,AWP,WE,Combined TRACON& Tower with Radar,13,74,81,3,171,0,0,37,1,38,13,74,118,4,209,80,0,80,289
07/21/2008,SBA,CA,AWP,WE,Combined TRACON& Tower with Radar,12,76,46,1,135,0,2,86,7,95,12,78,132,8,230,108,0,108,338
07/22/2008,SBA,CA,AWP,WE,Combined TRACON& Tower with Radar,14,84,36,0,134,0,3,79,1,83,14,87,115,1,217,174,0,174,391
07/23/2008,SBA,CA,AWP,WE,Combined TRACON& Tower with Radar,10,99,76,0,185,0,1,66,1,68,10,100,142,1,253,70,0,70,323
07/24/2008,SBA,CA,AWP,WE,Combined TRACON& Tower with Radar,13,105,60,0,178,0,1,73,0,74,13,106,133,0,252,49,0,49,301
07/25/2008,SBA,CA,AWP,WE,Combined TRACON& Tower with Radar,11,94,50,0,155,0,2,106,0,108,11,96,156,0,263,162,0,162,425
07/26/2008,SBA,CA,AWP,WE,Combined TRACON& Tower with Radar,8,79,35,0,122,0,2,135,3,140,8,81,170,3,262,104,0,104,366
07/27/2008,SBA,CA,AWP,WE,Combined TRACON& Tower with Radar,13,95,78,2,188,0,0,81,2,83,13,95,159,4,271,100,0,100,371
07/28/2008,SBA,CA,AWP,WE,Combined TRACON& Tower with Radar,10,105,89,0,204,0,1,48,2,51,10,106,137,2,255,110,0,110,365
07/29/2008,SBA,CA,AWP,WE,Combined TRACON& Tower with Radar,16,85,66,0,167,0,1,43,0,44,16,86,109,0,211,134,0,134,345
07/30/2008,SBA,CA,AWP,WE,Combined TRACON& Tower with Radar,10,103,46,0,159,0,1,58,3,62,10,104,104,3,221,107,0,107,328
07/31/2008,SBA,CA,AWP,WE,Combined TRACON& Tower with Radar,13,89,100,2,204,0,2,52,2,56,13,91,152,4,260,12,0,12,272
08/01/2008,SBA,CA,AWP,WE,Combined TRACON& Tower with Radar,10,102,57,1,170,0,1,87,0,88,10,103,144,1,258,60,0,60,318
08/02/2008,SBA,CA,AWP,WE,Combined TRACON& Tower with Radar,8,80,51,0,139,0,0,79,0,79,8,80,130,0,218,44,0,44,262
08/03/2008,SBA,CA,AWP,WE,Combined TRACON& Tower with Radar,15,85,65,0,165,0,2,103,2,107,15,87,168,2,272,90,0,90,362
08/04/2008,SBA,CA,AWP,WE,Combined TRACON& Tower with Radar,10,84,44,0,138,0,7,66,0,73,10,91,110,0,211,0,0,0,211
08/05/2008,SBA,CA,AWP,WE,Combined TRACON& Tower with Radar,12,90,41,0,143,0,3,84,0,87,12,93,125,0,230,14,0,14,244
08/06/2008,SBA,CA,AWP,WE,Combined TRACON& Tower with Radar,10,88,23,0,121,0,3,114,0,117,10,91,137,0,238,158,0,158,396
08/07/2008,SBA,CA,AWP,WE,Combined TRACON& Tower with Radar,11,98,45,2,156,0,4,116,4,124,11,102,161,6,280,154,0,154,434
08/08/2008,SBA,CA,AWP,WE,Combined TRACON& Tower with Radar,11,94,36,2,143,0,3,119,2,124,11,97,155,4,267,88,0,88,355
08/09/2008,SBA,CA,AWP,WE,Combined TRACON& Tower with Radar,8,78,47,0,133,0,2,158,0,160,8,80,205,0,293,168,0,168,461
08/10/2008,SBA,CA,AWP,WE,Combined TRACON& Tower with Radar,14,91,42,1,148,0,2,145,2,149,14,93,187,3,297,104,0,104,401
08/11/2008,SBA,CA,AWP,WE,Combined TRACON& Tower with Radar,12,88,57,0,157,0,1,48,1,50,12,89,105,1,207,122,0,122,329
08/12/2008,SBA,CA,AWP,WE,Combined TRACON& Tower with Radar,14,87,57,0,158,0,2,67,2,71,14,89,124,2,229,26,0,26,255
08/13/2008,SBA,CA,AWP,WE,Combined TRACON& Tower with Radar,10,94,53,0,157,0,1,58,3,62,10,95,111,3,219,62,0,62,281
08/14/2008,SBA,CA,AWP,WE,Combined TRACON& Tower with Radar,15,89,52,1,157,0,5,95,2,102,15,94,147,3,259,84,14,98,357
08/15/2008,SBA,CA,AWP,WE,Combined TRACON& Tower with Radar,10,102,54,0,166,0,7,59,0,66,10,109,113,0,232,14,0,14,246
08/16/2008,SBA,CA,AWP,WE,Combined TRACON& Tower with Radar,7,80,54,0,141,0,0,91,0,91,7,80,145,0,232,26,0,26,258
08/17/2008,SBA,CA,AWP,WE,Combined TRACON& Tower with Radar,13,102,85,0,200,0,5,78,4,87,13,107,163,4,287,38,0,38,325
08/18/2008,SBA,CA,AWP,WE,Combined TRACON& Tower with Radar,9,89,96,0,194,0,2,49,4,55,9,91,145,4,249,0,0,0,249
08/19/2008,SBA,CA,AWP,WE,Combined TRACON& Tower with Radar,10,94,38,0,142,0,2,77,5,84,10,96,115,5,226,106,0,106,332
08/20/2008,SBA,CA,AWP,WE,Combined TRACON& Tower with Radar,8,89,56,0,153,0,3,85,6,94,8,92,141,6,247,160,0,160,407
08/21/2008,SBA,CA,AWP,WE,Combined TRACON& Tower with Radar,10,101,48,3,162,0,3,100,2,105,10,104,148,5,267,132,37,169,436
08/22/2008,SBA,CA,AWP,WE,Combined TRACON& Tower with Radar,8,98,65,1,172,0,1,73,0,74,8,99,138,1,246,74,0,74,320
08/23/2008,SBA,CA,AWP,WE,Combined TRACON& Tower with Radar,6,69,64,0,139,0,0,42,1,43,6,69,106,1,182,0,0,0,182
08/24/2008,SBA,CA,AWP,WE,Combined TRACON& Tower with Radar,9,86,50,6,151,0,1,82,1,84,9,87,132,7,235,12,0,12,247
08/25/2008,SBA,CA,AWP,WE,Combined TRACON& Tower with Radar,8,89,53,9,159,0,3,74,3,80,8,92,127,12,239,0,0,0,239
08/26/2008,SBA,CA,AWP,WE,Combined TRACON& Tower with Radar,10,81,42,0,133,0,5,92,3,100,10,86,134,3,233,94,0,94,327
08/27/2008,SBA,CA,AWP,WE,Combined TRACON& Tower with Radar,8,93,73,0,174,0,0,68,0,68,8,93,141,0,242,24,0,24,266
08/28/2008,SBA,CA,AWP,WE,Combined TRACON& Tower with Radar,10,96,100,0,206,0,0,6,0,6,10,96,106,0,212,0,0,0,212
08/29/2008,SBA,CA,AWP,WE,Combined TRACON& Tower with Radar,8,91,69,3,171,0,1,98,1,100,8,92,167,4,271,0,0,0,271
08/30/2008,SBA,CA,AWP,WE,Combined TRACON& Tower with Radar,10,61,52,0,123,0,0,41,2,43,10,61,93,2,166,0,0,0,166
08/31/2008,SBA,CA,AWP,WE,Combined TRACON& Tower with Radar,10,51,60,2,123,0,2,43,2,47,10,53,103,4,170,0,0,0,170
09/01/2008,SBA,CA,AWP,WE,Combined TRACON& Tower with Radar,8,86,51,1,146,0,0,109,3,112,8,86,160,4,258,0,0,0,258
09/02/2008,SBA,CA,AWP,WE,Combined TRACON& Tower with Radar,8,82,49,0,139,0,1,47,4,52,8,83,96,4,191,26,0,26,217
09/03/2008,SBA,CA,AWP,WE,Combined TRACON& Tower with Radar,8,82,41,0,131,0,2,57,2,61,8,84,98,2,192,114,0,114,306
09/04/2008,SBA,CA,AWP,WE,Combined TRACON& Tower with Radar,12,86,53,2,153,0,1,77,0,78,12,87,130,2,231,44,0,44,275
09/05/2008,SBA,CA,AWP,WE,Combined TRACON& Tower with Radar,10,84,50,1,145,0,1,107,6,114,10,85,157,7,259,253,0,253,512
09/06/2008,SBA,CA,AWP,WE,Combined TRACON& Tower with Radar,8,58,38,1,105,0,1,103,8,112,8,59,141,9,217,146,0,146,363
09/07/2008,SBA,CA,AWP,WE,Combined TRACON& Tower with Radar,12,77,88,0,177,0,1,64,8,73,12,78,152,8,250,44,0,44,294
09/08/2008,SBA,CA,AWP,WE,Combined TRACON& Tower with Radar,8,77,60,2,147,0,2,46,0,48,8,79,106,2,195,0,0,0,195
09/09/2008,SBA,CA,AWP,WE,Combined TRACON& Tower with Radar,8,85,64,0,157,0,3,46,0,49,8,88,110,0,206,51,0,51,257
09/10/2008,SBA,CA,AWP,WE,Combined TRACON& Tower with Radar,8,80,75,6,169,0,1,54,0,55,8,81,129,6,224,48,0,48,272
09/11/2008,SBA,CA,AWP,WE,Combined TRACON& Tower with Radar,12,80,64,0,156,0,1,81,0,82,12,81,145,0,238,135,0,135,373
09/12/2008,SBA,CA,AWP,WE,Combined TRACON& Tower with Radar,10,89,101,5,205,0,2,24,4,30,10,91,125,9,235,0,0,0,235
09/13/2008,SBA,CA,AWP,WE,Combined TRACON& Tower with Radar,8,69,60,0,137,0,0,51,2,53,8,69,111,2,190,0,0,0,190
09/14/2008,SBA,CA,AWP,WE,Combined TRACON& Tower with Radar,12,68,48,3,131,0,0,105,3,108,12,68,153,6,239,14,0,14,253
09/15/2008,SBA,CA,AWP,WE,Combined TRACON& Tower with Radar,8,78,57,0,143,0,1,56,0,57,8,79,113,0,200,116,0,116,316
09/16/2008,SBA,CA,AWP,WE,Combined TRACON& Tower with Radar,8,78,40,0,126,0,3,94,2,99,8,81,134,2,225,98,0,98,323
09/17/2008,SBA,CA,AWP,WE,Combined TRACON& Tower with Radar,8,82,42,0,132,0,4,87,3,94,8,86,129,3,226,118,0,118,344
09/18/2008,SBA,CA,AWP,WE,Combined TRACON& Tower with Radar,12,81,36,0,129,0,3,109,1,113,12,84,145,1,242,100,0,100,342
09/19/2008,SBA,CA,AWP,WE,Combined TRACON& Tower with Radar,10,80,44,0,134,0,5,156,0,161,10,85,200,0,295,90,0,90,385
09/20/2008,SBA,CA,AWP,WE,Combined TRACON& Tower with Radar,8,57,29,0,94,0,3,132,0,135,8,60,161,0,229,154,0,154,383
09/21/2008,SBA,CA,AWP,WE,Combined TRACON& Tower with Radar,12,76,77,0,165,0,0,83,2,85,12,76,160,2,250,0,0,0,250
09/22/2008,SBA,CA,AWP,WE,Combined TRACON& Tower with Radar,8,86,60,0,154,0,0,41,0,41,8,86,101,0,195,86,0,86,281
09/23/2008,SBA,CA,AWP,WE,Combined TRACON& Tower with Radar,8,73,46,0,127,0,2,58,0,60,8,75,104,0,187,130,0,130,317
09/24/2008,SBA,CA,AWP,WE,Combined TRACON& Tower with Radar,8,81,41,5,135,0,21,70,4,95,8,102,111,9,230,18,0,18,248
09/25/2008,SBA,CA,AWP,WE,Combined TRACON& Tower with Radar,12,71,43,0,126,0,333,85,1,419,12,404,128,1,545,17,0,17,562
09/26/2008,SBA,CA,AWP,WE,Combined TRACON& Tower with Radar,10,86,45,1,142,0,375,108,4,487,10,461,153,5,629,8,0,8,637
09/27/2008,SBA,CA,AWP,WE,Combined TRACON& Tower with Radar,8,71,51,0,130,0,228,51,0,279,8,299,102,0,409,0,0,0,409
09/28/2008,SBA,CA,AWP,WE,Combined TRACON& Tower with Radar,12,67,53,0,132,0,358,61,0,419,12,425,114,0,551,8,0,8,559
09/29/2008,SBA,CA,AWP,WE,Combined TRACON& Tower with Radar,8,82,32,0,122,0,392,80,0,472,8,474,112,0,594,16,0,16,610
09/30/2008,SBA,CA,AWP,WE,Combined TRACON& Tower with Radar,8,74,39,0,121,0,418,86,4,508,8,492,125,4,629,6,0,6,635
10/01/2008,SBA,CA,AWP,WE,Combined TRACON& Tower with Radar,9,76,35,0,120,0,7,85,4,96,9,83,120,4,216,6,0,6,222
10/02/2008,SBA,CA,AWP,WE,Combined TRACON& Tower with Radar,11,74,49,2,136,0,8,100,0,108,11,82,149,2,244,6,353,359,603
10/03/2008,SBA,CA,AWP,WE,Combined TRACON& Tower with Radar,9,91,48,0,148,0,405,77,6,488,9,496,125,6,636,0,0,0,636
10/04/2008,SBA,CA,AWP,WE,Combined TRACON& Tower with Radar,9,60,59,0,128,0,198,10,2,210,9,258,69,2,338,0,0,0,338
10/05/2008,SBA,CA,AWP,WE,Combined TRACON& Tower with Radar,14,78,55,0,147,0,392,138,0,530,14,470,193,0,677,0,0,0,677
10/06/2008,SBA,CA,AWP,WE,Combined TRACON& Tower with Radar,11,74,32,2,119,0,4,94,0,98,11,78,126,2,217,0,0,0,217
10/07/2008,SBA,CA,AWP,WE,Combined TRACON& Tower with Radar,10,74,16,0,100,0,401,97,2,500,10,475,113,2,600,10,0,10,610
10/08/2008,SBA,CA,AWP,WE,Combined TRACON& Tower with Radar,10,69,40,0,119,0,416,85,5,506,10,485,125,5,625,0,0,0,625
10/09/2008,SBA,CA,AWP,WE,Combined TRACON& Tower with Radar,11,90,33,0,134,0,344,89,3,436,11,434,122,3,570,50,0,50,620
10/10/2008,SBA,CA,AWP,WE,Combined TRACON& Tower with Radar,9,87,47,0,143,0,168,79,3,250,9,255,126,3,393,22,0,22,415
10/11/2008,SBA,CA,AWP,WE,Combined TRACON& Tower with Radar,9,54,26,0,89,0,149,70,0,219,9,203,96,0,308,20,0,20,328
10/12/2008,SBA,CA,AWP,WE,Combined TRACON& Tower with Radar,12,71,44,0,127,0,378,116,0,494,12,449,160,0,621,0,0,0,621
10/13/2008,SBA,CA,AWP,WE,Combined TRACON& Tower with Radar,10,78,32,0,120,0,451,49,1,501,10,529,81,1,621,40,0,40,661
10/14/2008,SBA,CA,AWP,WE,Combined TRACON& Tower with Radar,9,72,18,0,99,0,311,66,1,378,9,383,84,1,477,22,0,22,499
10/15/2008,SBA,CA,AWP,WE,Combined TRACON& Tower with Radar,7,73,47,0,127,0,5,98,4,107,7,78,145,4,234,68,0,68,302
10/16/2008,SBA,CA,AWP,WE,Combined TRACON& Tower with Radar,12,82,45,0,139,0,8,92,0,100,12,90,137,0,239,6,0,6,245
10/17/2008,SBA,CA,AWP,WE,Combined TRACON& Tower with Radar,10,77,38,5,130,0,5,108,6,119,10,82,146,11,249,192,0,192,441
10/18/2008,SBA,CA,AWP,WE,Combined TRACON& Tower with Radar,9,52,37,0,98,0,1,101,6,108,9,53,138,6,206,31,0,31,237
10/19/2008,SBA,CA,AWP,WE,Combined TRACON& Tower with Radar,12,71,46,0,129,0,0,82,0,82,12,71,128,0,211,82,0,82,293
10/20/2008,SBA,CA,AWP,WE,Combined TRACON& Tower with Radar,10,75,57,1,143,0,4,71,2,77,10,79,128,3,220,118,0,118,338
10/21/2008,SBA,CA,AWP,WE,Combined TRACON& Tower with Radar,7,68,33,2,110,0,4,115,2,121,7,72,148,4,231,42,0,42,273
10/22/2008,SBA,CA,AWP,WE,Combined TRACON& Tower with Radar,10,84,30,7,131,0,6,72,6,84,10,90,102,13,215,82,0,82,297
10/23/2008,SBA,CA,AWP,WE,Combined TRACON& Tower with Radar,12,82,54,4,152,0,5,117,0,122,12,87,171,4,274,91,0,91,365
10/24/2008,SBA,CA,AWP,WE,Combined TRACON& Tower with Radar,9,92,61,5,167,0,5,113,4,122,9,97,174,9,289,98,0,98,387
10/25/2008,SBA,CA,AWP,WE,Combined TRACON& Tower with Radar,10,70,40,0,120,0,3,108,0,111,10,73,148,0,231,88,0,88,319
10/26/2008,SBA,CA,AWP,WE,Combined TRACON& Tower with Radar,14,81,59,0,154,0,1,127,5,133,14,82,186,5,287,38,0,38,325
10/27/2008,SBA,CA,AWP,WE,Combined TRACON& Tower with Radar,11,79,46,0,136,0,9,48,3,60,11,88,94,3,196,0,0,0,196
10/28/2008,SBA,CA,AWP,WE,Combined TRACON& Tower with Radar,10,68,26,4,108,0,2,75,2,79,10,70,101,6,187,106,0,106,293
10/29/2008,SBA,CA,AWP,WE,Combined TRACON& Tower with Radar,9,75,55,9,148,0,8,74,5,87,9,83,129,14,235,131,4,135,370
10/30/2008,SBA,CA,AWP,WE,Combined TRACON& Tower with Radar,11,85,94,2,192,0,0,30,3,33,11,85,124,5,225,31,0,31,256
10/31/2008,SBA,CA,AWP,WE,Combined TRACON& Tower with Radar,10,70,52,1,133,0,5,39,3,47,10,75,91,4,180,92,0,92,272
11/01/2008,SBA,CA,AWP,WE,Combined TRACON& Tower with Radar,9,60,32,0,101,0,1,22,0,23,9,61,54,0,124,14,0,14,138
11/02/2008,SBA,CA,AWP,WE,Combined TRACON& Tower with Radar,11,65,43,0,119,0,0,33,5,38,11,65,76,5,157,16,0,16,173
11/03/2008,SBA,CA,AWP,WE,Combined TRACON& Tower with Radar,9,69,50,2,130,0,3,49,0,52,9,72,99,2,182,0,0,0,182
11/04/2008,SBA,CA,AWP,WE,Combined TRACON& Tower with Radar,9,66,29,4,108,0,3,47,0,50,9,69,76,4,158,28,0,28,186
11/05/2008,SBA,CA,AWP,WE,Combined TRACON& Tower with Radar,8,75,42,0,125,0,7,74,4,85,8,82,116,4,210,48,0,48,258
11/06/2008,SBA,CA,AWP,WE,Combined TRACON& Tower with Radar,10,82,54,4,150,0,9,108,2,119,10,91,162,6,269,68,0,68,337
11/07/2008,SBA,CA,AWP,WE,Combined TRACON& Tower with Radar,8,69,51,0,128,0,7,126,0,133,8,76,177,0,261,136,0,136,397
11/08/2008,SBA,CA,AWP,WE,Combined TRACON& Tower with Radar,8,52,36,0,96,0,3,152,3,158,8,55,188,3,254,110,0,110,364
11/09/2008,SBA,CA,AWP,WE,Combined TRACON& Tower with Radar,11,73,38,0,122,0,3,31,2,36,11,76,69,2,158,30,0,30,188
11/10/2008,SBA,CA,AWP,WE,Combined TRACON& Tower with Radar,10,69,43,4,126,0,2,95,0,97,10,71,138,4,223,22,0,22,245
11/11/2008,SBA,CA,AWP,WE,Combined TRACON& Tower with Radar,10,74,44,0,128,0,4,129,2,135,10,78,173,2,263,100,0,100,363
11/12/2008,SBA,CA,AWP,WE,Combined TRACON& Tower with Radar,10,76,35,7,128,0,7,101,3,111,10,83,136,10,239,130,0,130,369
11/13/2008,SBA,CA,AWP,WE,Combined TRACON& Tower with Radar,12,71,39,6,128,0,5,123,7,135,12,76,162,13,263,113,0,113,376
11/14/2008,SBA,CA,AWP,WE,Combined TRACON& Tower with Radar,10,74,22,0,106,0,12,97,2,111,10,86,119,2,217,48,0,48,265
11/15/2008,SBA,CA,AWP,WE,Combined TRACON& Tower with Radar,8,61,20,0,89,0,3,91,5,99,8,64,111,5,188,70,0,70,258
11/16/2008,SBA,CA,AWP,WE,Combined TRACON& Tower with Radar,12,62,35,0,109,0,0,104,5,109,12,62,139,5,218,31,0,31,249
11/17/2008,SBA,CA,AWP,WE,Combined TRACON& Tower with Radar,10,74,24,3,111,0,2,95,0,97,10,76,119,3,208,0,0,0,208
11/18/2008,SBA,CA,AWP,WE,Combined TRACON& Tower with Radar,10,72,20,0,102,0,4,85,2,91,10,76,105,2,193,116,0,116,309
11/19/2008,SBA,CA,AWP,WE,Combined TRACON& Tower with Radar,11,76,46,2,135,0,4,90,5,99,11,80,136,7,234,144,0,144,378
11/20/2008,SBA,CA,AWP,WE,Combined TRACON& Tower with Radar,14,87,36,6,143,0,6,98,0,104,14,93,134,6,247,140,0,140,387
11/21/2008,SBA,CA,AWP,WE,Combined TRACON& Tower with Radar,10,79,29,0,118,0,5,93,5,103,10,84,122,5,221,46,0,46,267
11/22/2008,SBA,CA,AWP,WE,Combined TRACON& Tower with Radar,8,61,42,0,111,0,4,132,0,136,8,65,174,0,247,124,0,124,371
11/23/2008,SBA,CA,AWP,WE,Combined TRACON& Tower with Radar,10,73,67,2,152,0,0,9,1,10,10,73,76,3,162,0,0,0,162
11/24/2008,SBA,CA,AWP,WE,Combined TRACON& Tower with Radar,10,77,58,4,149,0,1,78,0,79,10,78,136,4,228,168,0,168,396
11/25/2008,SBA,CA,AWP,WE,Combined TRACON& Tower with Radar,12,83,53,0,148,0,7,25,0,32,12,90,78,0,180,30,0,30,210
11/26/2008,SBA,CA,AWP,WE,Combined TRACON& Tower with Radar,14,88,88,0,190,0,2,12,0,14,14,90,100,0,204,8,0,8,212
11/27/2008,SBA,CA,AWP,WE,Combined TRACON& Tower with Radar,6,43,20,0,69,0,0,47,0,47,6,43,67,0,116,0,0,0,116
11/28/2008,SBA,CA,AWP,WE,Combined TRACON& Tower with Radar,11,53,56,1,121,0,3,80,1,84,11,56,136,2,205,47,0,47,252
11/29/2008,SBA,CA,AWP,WE,Combined TRACON& Tower with Radar,13,60,27,0,100,0,2,119,0,121,13,62,146,0,221,12,0,12,233
11/30/2008,SBA,CA,AWP,WE,Combined TRACON& Tower with Radar,12,81,67,0,160,0,0,131,0,131,12,81,198,0,291,10,0,10,301
12/01/2008,SBA,CA,AWP,WE,Combined TRACON& Tower with Radar,10,79,44,3,136,0,3,67,0,70,10,82,111,3,206,0,0,0,206
12/02/2008,SBA,CA,AWP,WE,Combined TRACON& Tower with Radar,10,78,64,0,152,0,0,13,0,13,10,78,77,0,165,4,0,4,169
12/03/2008,SBA,CA,AWP,WE,Combined TRACON& Tower with Radar,10,80,57,0,147,0,5,32,3,40,10,85,89,3,187,20,2,22,209
12/04/2008,SBA,CA,AWP,WE,Combined TRACON& Tower with Radar,10,79,41,1,131,0,3,68,1,72,10,82,109,2,203,42,0,42,245
12/05/2008,SBA,CA,AWP,WE,Combined TRACON& Tower with Radar,8,71,31,1,111,0,7,101,2,110,8,78,132,3,221,78,0,78,299
12/06/2008,SBA,CA,AWP,WE,Combined TRACON& Tower with Radar,4,55,31,0,90,0,4,130,0,134,4,59,161,0,224,86,0,86,310
12/07/2008,SBA,CA,AWP,WE,Combined TRACON& Tower with Radar,10,66,41,0,117,0,0,72,0,72,10,66,113,0,189,114,0,114,303
12/08/2008,SBA,CA,AWP,WE,Combined TRACON& Tower with Radar,8,77,31,2,118,0,2,45,1,48,8,79,76,3,166,0,0,0,166
12/09/2008,SBA,CA,AWP,WE,Combined TRACON& Tower with Radar,8,68,29,2,107,0,8,78,0,86,8,76,107,2,193,205,0,205,398
12/10/2008,SBA,CA,AWP,WE,Combined TRACON& Tower with Radar,8,79,43,5,135,0,5,118,1,124,8,84,161,6,259,37,0,37,296
12/11/2008,SBA,CA,AWP,WE,Combined TRACON& Tower with Radar,10,77,34,0,121,0,7,122,1,130,10,84,156,1,251,96,0,96,347
12/12/2008,SBA,CA,AWP,WE,Combined TRACON& Tower with Radar,8,78,69,0,155,0,3,106,6,115,8,81,175,6,270,142,0,142,412
12/13/2008,SBA,CA,AWP,WE,Combined TRACON& Tower with Radar,6,62,22,0,90,0,1,27,0,28,6,63,49,0,118,0,0,0,118
12/14/2008,SBA,CA,AWP,WE,Combined TRACON& Tower with Radar,10,61,36,0,107,0,1,42,2,45,10,62,78,2,152,14,0,14,166
12/15/2008,SBA,CA,AWP,WE,Combined TRACON& Tower with Radar,8,69,38,0,115,0,1,11,0,12,8,70,49,0,127,0,0,0,127
12/16/2008,SBA,CA,AWP,WE,Combined TRACON& Tower with Radar,7,74,35,0,116,0,1,30,0,31,7,75,65,0,147,42,0,42,189
12/17/2008,SBA,CA,AWP,WE,Combined TRACON& Tower with Radar,9,82,38,0,129,0,1,41,0,42,9,83,79,0,171,46,0,46,217
12/18/2008,SBA,CA,AWP,WE,Combined TRACON& Tower with Radar,15,74,40,6,135,0,11,93,2,106,15,85,133,8,241,50,0,50,291
12/19/2008,SBA,CA,AWP,WE,Combined TRACON& Tower with Radar,14,68,42,0,124,0,9,100,0,109,14,77,142,0,233,54,0,54,287
12/20/2008,SBA,CA,AWP,WE,Combined TRACON& Tower with Radar,11,62,37,1,111,0,4,124,1,129,11,66,161,2,240,96,0,96,336
12/21/2008,SBA,CA,AWP,WE,Combined TRACON& Tower with Radar,5,62,32,0,99,0,0,78,0,78,5,62,110,0,177,46,0,46,223
12/22/2008,SBA,CA,AWP,WE,Combined TRACON& Tower with Radar,12,72,20,0,104,0,1,11,0,12,12,73,31,0,116,28,0,28,144
12/23/2008,SBA,CA,AWP,WE,Combined TRACON& Tower with Radar,8,80,26,2,116,0,6,64,3,73,8,86,90,5,189,18,0,18,207
12/24/2008,SBA,CA,AWP,WE,Combined TRACON& Tower with Radar,10,71,27,0,108,0,0,2,0,2,10,71,29,0,110,0,0,0,110
12/25/2008,SBA,CA,AWP,WE,Combined TRACON& Tower with Radar,10,54,5,1,70,0,1,4,0,5,10,55,9,1,75,0,0,0,75
12/26/2008,SBA,CA,AWP,WE,Combined TRACON& Tower with Radar,11,69,28,0,108,0,2,46,0,48,11,71,74,0,156,36,0,36,192
12/27/2008,SBA,CA,AWP,WE,Combined TRACON& Tower with Radar,12,67,43,0,122,0,2,135,0,137,12,69,178,0,259,62,0,62,321
12/28/2008,SBA,CA,AWP,WE,Combined TRACON& Tower with Radar,9,68,27,0,104,0,1,129,0,130,9,69,156,0,234,78,0,78,312
12/29/2008,SBA,CA,AWP,WE,Combined TRACON& Tower with Radar,9,62,21,0,92,0,3,97,1,101,9,65,118,1,193,80,0,80,273
12/30/2008,SBA,CA,AWP,WE,Combined TRACON& Tower with Radar,10,65,34,2,111,0,8,126,0,134,10,73,160,2,245,64,0,64,309
12/31/2008,SBA,CA,AWP,WE,Combined TRACON& Tower with Radar,10,50,36,0,96,0,4,58,0,62,10,54,94,0,158,0,0,0,158
01/01/2009,SBA,CA,AWP,WE,Combined TRACON& Tower with Radar,12,42,23,0,77,0,0,29,0,29,12,42,52,0,106,20,0,20,126
01/02/2009,SBA,CA,AWP,WE,Combined TRACON& Tower with Radar,14,74,53,0,141,0,1,16,0,17,14,75,69,0,158,54,0,54,212
01/03/2009,SBA,CA,AWP,WE,Combined TRACON& Tower with Radar,10,69,44,0,123,0,0,41,1,42,10,69,85,1,165,70,0,70,235
01/04/2009,SBA,CA,AWP,WE,Combined TRACON& Tower with Radar,10,71,37,0,118,0,4,98,0,102,10,75,135,0,220,0,0,0,220
01/05/2009,SBA,CA,AWP,WE,Combined TRACON& Tower with Radar,12,76,28,0,116,0,0,33,2,35,12,76,61,2,151,40,0,40,191
01/06/2009,SBA,CA,AWP,WE,Combined TRACON& Tower with Radar,11,62,33,3,109,0,0,86,4,90,11,62,119,7,199,46,0,46,245
01/07/2009,SBA,CA,AWP,WE,Combined TRACON& Tower with Radar,11,80,26,1,118,0,2,111,1,114,11,82,137,2,232,34,0,34,266
01/08/2009,SBA,CA,AWP,WE,Combined TRACON& Tower with Radar,8,67,41,4,120,0,0,13,1,14,8,67,54,5,134,0,0,0,134
01/09/2009,SBA,CA,AWP,WE,Combined TRACON& Tower with Radar,11,72,35,12,130,0,4,62,4,70,11,76,97,16,200,69,2,71,271
01/10/2009,SBA,CA,AWP,WE,Combined TRACON& Tower with Radar,8,54,32,0,94,0,2,89,0,91,8,56,121,0,185,96,0,96,281
01/11/2009,SBA,CA,AWP,WE,Combined TRACON& Tower with Radar,8,67,22,2,99,0,0,109,0,109,8,67,131,2,208,86,0,86,294
01/12/2009,SBA,CA,AWP,WE,Combined TRACON& Tower with Radar,12,74,22,4,112,0,2,71,2,75,12,76,93,6,187,0,0,0,187
01/13/2009,SBA,CA,AWP,WE,Combined TRACON& Tower with Radar,10,65,37,2,114,0,1,123,0,124,10,66,160,2,238,56,2,58,296
01/14/2009,SBA,CA,AWP,WE,Combined TRACON& Tower with Radar,12,69,49,4,134,0,2,125,1,128,12,71,174,5,262,54,0,54,316
01/15/2009,SBA,CA,AWP,WE,Combined TRACON& Tower with Radar,8,75,46,2,131,0,1,137,1,139,8,76,183,3,270,122,0,122,392
01/16/2009,SBA,CA,AWP,WE,Combined TRACON& Tower with Radar,12,80,34,0,126,0,1,92,0,93,12,81,126,0,219,147,0,147,366
01/17/2009,SBA,CA,AWP,WE,Combined TRACON& Tower with Radar,8,61,25,0,94,0,2,130,1,133,8,63,155,1,227,74,0,74,301
01/18/2009,SBA,CA,AWP,WE,Combined TRACON& Tower with Radar,10,57,27,2,96,0,3,139,1,143,10,60,166,3,239,104,0,104,343
01/19/2009,SBA,CA,AWP,WE,Combined TRACON& Tower with Radar,10,77,45,0,132,0,1,148,1,150,10,78,193,1,282,70,0,70,352
01/20/2009,SBA,CA,AWP,WE,Combined TRACON& Tower with Radar,10,70,38,4,122,0,1,116,0,117,10,71,154,4,239,158,0,158,397
01/21/2009,SBA,CA,AWP,WE,Combined TRACON& Tower with Radar,12,82,27,7,128,0,3,55,1,59,12,85,82,8,187,110,0,110,297
01/22/2009,SBA,CA,AWP,WE,Combined TRACON& Tower with Radar,10,71,92,0,173,0,0,24,0,24,10,71,116,0,197,36,0,36,233
01/23/2009,SBA,CA,AWP,WE,Combined TRACON& Tower with Radar,12,72,61,6,151,0,0,3,1,4,12,72,64,7,155,0,0,0,155
01/24/2009,SBA,CA,AWP,WE,Combined TRACON& Tower with Radar,8,52,72,0,132,0,0,18,2,20,8,52,90,2,152,25,0,25,177
01/25/2009,SBA,CA,AWP,WE,Combined TRACON& Tower with Radar,10,66,36,0,112,0,1,41,0,42,10,67,77,0,154,0,0,0,154
01/26/2009,SBA,CA,AWP,WE,Combined TRACON& Tower with Radar,10,69,27,1,107,0,0,72,6,78,10,69,99,7,185,106,0,106,291
01/27/2009,SBA,CA,AWP,WE,Combined TRACON& Tower with Radar,10,65,30,0,105,0,8,108,2,118,10,73,138,2,223,164,0,164,387
01/28/2009,SBA,CA,AWP,WE,Combined TRACON& Tower with Radar,12,80,30,0,122,0,3,104,4,111,12,83,134,4,233,72,0,72,305
01/29/2009,SBA,CA,AWP,WE,Combined TRACON& Tower with Radar,10,75,29,0,114,0,0,87,0,87,10,75,116,0,201,60,0,60,261
01/30/2009,SBA,CA,AWP,WE,Combined TRACON& Tower with Radar,12,70,46,8,136,0,1,89,6,96,12,71,135,14,232,40,0,40,272
01/31/2009,SBA,CA,AWP,WE,Combined TRACON& Tower with Radar,8,48,44,0,100,0,2,157,3,162,8,50,201,3,262,56,0,56,318
02/01/2009,SBA,CA,AWP,WE,Combined TRACON& Tower with Radar,9,53,20,1,83,0,0,161,2,163,9,53,181,3,246,116,0,116,362
02/02/2009,SBA,CA,AWP,WE,Combined TRACON& Tower with Radar,9,74,37,2,122,0,5,85,2,92,9,79,122,4,214,68,0,68,282
02/03/2009,SBA,CA,AWP,WE,Combined TRACON& Tower with Radar,10,70,35,8,123,0,1,98,2,101,10,71,133,10,224,76,2,78,302
02/04/2009,SBA,CA,AWP,WE,Combined TRACON& Tower with Radar,12,76,41,0,129,0,0,96,1,97,12,76,137,1,226,84,0,84,310
02/05/2009,SBA,CA,AWP,WE,Combined TRACON& Tower with Radar,10,75,59,2,146,0,2,4,0,6,10,77,63,2,152,17,0,17,169
02/06/2009,SBA,CA,AWP,WE,Combined TRACON& Tower with Radar,12,75,71,0,158,0,0,2,1,3,12,75,73,1,161,82,0,82,243
02/07/2009,SBA,CA,AWP,WE,Combined TRACON& Tower with Radar,9,47,17,0,73,0,0,13,1,14,9,47,30,1,87,24,0,24,111
02/08/2009,SBA,CA,AWP,WE,Combined TRACON& Tower with Radar,9,75,44,7,135,0,0,39,6,45,9,75,83,13,180,10,0,10,190
02/09/2009,SBA,CA,AWP,WE,Combined TRACON& Tower with Radar,8,77,32,0,117,0,0,6,1,7,8,77,38,1,124,26,0,26,150
02/10/2009,SBA,CA,AWP,WE,Combined TRACON& Tower with Radar,8,79,34,1,122,0,10,93,4,107,8,89,127,5,229,76,0,76,305
02/11/2009,SBA,CA,AWP,WE,Combined TRACON& Tower with Radar,10,71,34,7,122,0,2,16,3,21,10,73,50,10,143,102,0,102,245
02/12/2009,SBA,CA,AWP,WE,Combined TRACON& Tower with Radar,8,86,51,0,145,0,2,65,0,67,8,88,116,0,212,128,0,128,340
02/13/2009,SBA,CA,AWP,WE,Combined TRACON& Tower with Radar,13,79,23,0,115,0,0,11,0,11,13,79,34,0,126,76,0,76,202
02/14/2009,SBA,CA,AWP,WE,Combined TRACON& Tower with Radar,6,62,17,0,85,0,2,122,0,124,6,64,139,0,209,24,0,24,233
02/15/2009,SBA,CA,AWP,WE,Combined TRACON& Tower with Radar,10,59,29,0,98,0,0,19,0,19,10,59,48,0,117,0,0,0,117
02/16/2009,SBA,CA,AWP,WE,Combined TRACON& Tower with Radar,8,92,36,0,136,0,0,4,0,4,8,92,40,0,140,0,0,0,140
02/17/2009,SBA,CA,AWP,WE,Combined TRACON& Tower with Radar,10,76,40,0,126,0,0,20,0,20,10,76,60,0,146,76,0,76,222
02/18/2009,SBA,CA,AWP,WE,Combined TRACON& Tower with Radar,12,72,32,0,116,0,2,97,3,102,12,74,129,3,218,70,0,70,288
02/19/2009,SBA,CA,AWP,WE,Combined TRACON& Tower with Radar,10,68,33,2,113,0,3,123,1,127,10,71,156,3,240,86,0,86,326
02/20/2009,SBA,CA,AWP,WE,Combined TRACON& Tower with Radar,12,72,44,0,128,0,3,107,0,110,12,75,151,0,238,62,0,62,300
02/21/2009,SBA,CA,AWP,WE,Combined TRACON& Tower with Radar,6,55,59,0,120,0,3,101,8,112,6,58,160,8,232,8,0,8,240
02/22/2009,SBA,CA,AWP,WE,Combined TRACON& Tower with Radar,11,58,69,2,140,0,0,43,2,45,11,58,112,4,185,28,0,28,213
02/23/2009,SBA,CA,AWP,WE,Combined TRACON& Tower with Radar,11,66,46,2,125,0,0,51,0,51,11,66,97,2,176,46,0,46,222
02/24/2009,SBA,CA,AWP,WE,Combined TRACON& Tower with Radar,10,65,45,5,125,0,0,100,1,101,10,65,145,6,226,114,0,114,340
02/25/2009,SBA,CA,AWP,WE,Combined TRACON& Tower with Radar,12,75,44,0,131,0,0,67,1,68,12,75,111,1,199,12,0,12,211
02/26/2009,SBA,CA,AWP,WE,Combined TRACON& Tower with Radar,10,76,52,0,138,0,0,60,7,67,10,76,112,7,205,45,0,45,250
02/27/2009,SBA,CA,AWP,WE,Combined TRACON& Tower with Radar,14,73,53,0,140,0,3,97,7,107,14,76,150,7,247,65,0,65,312
02/28/2009,SBA,CA,AWP,WE,Combined TRACON& Tower with Radar,6,55,20,0,81,0,2,160,0,162,6,57,180,0,243,64,0,64,307
03/01/2009,SBA,CA,AWP,WE,Combined TRACON& Tower with Radar,11,67,31,0,109,0,2,101,8,111,11,69,132,8,220,78,0,78,298
03/02/2009,SBA,CA,AWP,WE,Combined TRACON& Tower with Radar,10,74,55,0,139,0,0,21,2,23,10,74,76,2,162,42,10,52,214
03/03/2009,SBA,CA,AWP,WE,Combined TRACON& Tower with Radar,8,73,28,2,111,0,0,65,2,67,8,73,93,4,178,140,0,140,318
03/04/2009,SBA,CA,AWP,WE,Combined TRACON& Tower with Radar,12,70,38,1,121,0,2,23,0,25,12,72,61,1,146,112,0,112,258
03/05/2009,SBA,CA,AWP,WE,Combined TRACON& Tower with Radar,10,82,48,0,140,0,4,88,4,96,10,86,136,4,236,14,0,14,250
03/06/2009,SBA,CA,AWP,WE,Combined TRACON& Tower with Radar,12,76,41,0,129,0,0,88,4,92,12,76,129,4,221,57,0,57,278
03/07/2009,SBA,CA,AWP,WE,Combined TRACON& Tower with Radar,8,52,38,0,98,0,1,161,5,167,8,53,199,5,265,74,0,74,339
03/08/2009,SBA,CA,AWP,WE,Combined TRACON& Tower with Radar,9,59,46,0,114,0,0,128,0,128,9,59,174,0,242,40,0,40,282
03/09/2009,SBA,CA,AWP,WE,Combined TRACON& Tower with Radar,10,78,39,0,127,0,0,51,2,53,10,78,90,2,180,100,0,100,280
03/10/2009,SBA,CA,AWP,WE,Combined TRACON& Tower with Radar,12,72,29,1,114,0,0,97,3,100,12,72,126,4,214,76,0,76,290
03/11/2009,SBA,CA,AWP,WE,Combined TRACON& Tower with Radar,12,74,50,0,136,0,0,63,0,63,12,74,113,0,199,32,0,32,231
03/12/2009,SBA,CA,AWP,WE,Combined TRACON& Tower with Radar,10,72,38,2,122,0,1,109,3,113,10,73,147,5,235,70,0,70,305
03/13/2009,SBA,CA,AWP,WE,Combined TRACON& Tower with Radar,12,74,52,2,140,0,0,86,1,87,12,74,138,3,227,35,2,37,264
03/14/2009,SBA,CA,AWP,WE,Combined TRACON& Tower with Radar,8,57,58,0,123,0,2,54,0,56,8,59,112,0,179,14,0,14,193
03/15/2009,SBA,CA,AWP,WE,Combined TRACON& Tower with Radar,10,57,37,0,104,0,0,94,2,96,10,57,131,2,200,47,0,47,247
03/16/2009,SBA,CA,AWP,WE,Combined TRACON& Tower with Radar,9,75,31,2,117,0,6,98,2,106,9,81,129,4,223,90,0,90,313
03/17/2009,SBA,CA,AWP,WE,Combined TRACON& Tower with Radar,8,74,40,1,123,0,1,113,2,116,8,75,153,3,239,56,0,56,295
03/18/2009,SBA,CA,AWP,WE,Combined TRACON& Tower with Radar,12,73,45,0,130,0,1,108,4,113,12,74,153,4,243,22,0,22,265
03/19/2009,SBA,CA,AWP,WE,Combined TRACON& Tower with Radar,10,83,44,2,139,0,1,27,0,28,10,84,71,2,167,16,0,16,183
03/20/2009,SBA,CA,AWP,WE,Combined TRACON& Tower with Radar,12,79,105,12,208,0,0,3,0,3,12,79,108,12,211,34,0,34,245
03/21/2009,SBA,CA,AWP,WE,Combined TRACON& Tower with Radar,8,58,94,0,160,0,0,14,0,14,8,58,108,0,174,36,0,36,210
03/22/2009,SBA,CA,AWP,WE,Combined TRACON& Tower with Radar,11,61,28,0,100,0,0,9,0,9,11,61,37,0,109,0,0,0,109
03/23/2009,SBA,CA,AWP,WE,Combined TRACON& Tower with Radar,10,76,42,3,131,0,3,68,4,75,10,79,110,7,206,126,0,126,332
03/24/2009,SBA,CA,AWP,WE,Combined TRACON& Tower with Radar,10,72,35,2,119,0,2,106,5,113,10,74,141,7,232,88,0,88,320
03/25/2009,SBA,CA,AWP,WE,Combined TRACON& Tower with Radar,12,75,26,4,117,0,2,89,4,95,12,77,115,8,212,128,0,128,340
03/26/2009,SBA,CA,AWP,WE,Combined TRACON& Tower with Radar,10,71,33,3,117,0,5,63,6,74,10,76,96,9,191,57,0,57,248
03/27/2009,SBA,CA,AWP,WE,Combined TRACON& Tower with Radar,12,74,37,0,123,0,1,105,2,108,12,75,142,2,231,136,0,136,367
03/28/2009,SBA,CA,AWP,WE,Combined TRACON& Tower with Radar,8,57,46,0,111,0,1,167,0,168,8,58,213,0,279,71,0,71,350
03/29/2009,SBA,CA,AWP,WE,Combined TRACON& Tower with Radar,12,54,64,0,130,0,0,47,3,50,12,54,111,3,180,4,0,4,184
03/30/2009,SBA,CA,AWP,WE,Combined TRACON& Tower with Radar,8,67,41,0,116,0,2,82,2,86,8,69,123,2,202,110,0,110,312
03/31/2009,SBA,CA,AWP,WE,Combined TRACON& Tower with Radar,10,74,30,6,120,0,2,120,0,122,10,76,150,6,242,60,0,60,302
04/01/2009,SBA,CA,AWP,WE,Combined TRACON& Tower with Radar,12,73,30,0,115,0,1,83,2,86,12,74,113,2,201,110,0,110,311
04/02/2009,SBA,CA,AWP,WE,Combined TRACON& Tower with Radar,10,78,57,2,147,0,1,12,7,20,10,79,69,9,167,66,0,66,233
04/03/2009,SBA,CA,AWP,WE,Combined TRACON& Tower with Radar,11,71,41,0,123,0,0,59,1,60,11,71,100,1,183,55,0,55,238
04/04/2009,SBA,CA,AWP,WE,Combined TRACON& Tower with Radar,7,66,37,1,111,0,2,140,5,147,7,68,177,6,258,50,0,50,308
04/05/2009,SBA,CA,AWP,WE,Combined TRACON& Tower with Radar,11,65,41,1,118,0,0,151,6,157,11,65,192,7,275,82,10,92,367
04/06/2009,SBA,CA,AWP,WE,Combined TRACON& Tower with Radar,8,71,30,4,113,0,7,93,3,103,8,78,123,7,216,52,0,52,268
04/07/2009,SBA,CA,AWP,WE,Combined TRACON& Tower with Radar,8,72,43,3,126,0,0,40,3,43,8,72,83,6,169,32,0,32,201
04/08/2009,SBA,CA,AWP,WE,Combined TRACON& Tower with Radar,10,77,51,0,138,0,0,40,6,46,10,77,91,6,184,88,0,88,272
04/09/2009,SBA,CA,AWP,WE,Combined TRACON& Tower with Radar,8,71,49,0,128,0,0,61,2,63,8,71,110,2,191,112,0,112,303
04/10/2009,SBA,CA,AWP,WE,Combined TRACON& Tower with Radar,10,79,44,0,133,0,2,27,8,37,10,81,71,8,170,94,0,94,264
04/11/2009,SBA,CA,AWP,WE,Combined TRACON& Tower with Radar,6,56,51,0,113,0,0,84,2,86,6,56,135,2,199,22,0,22,221
04/12/2009,SBA,CA,AWP,WE,Combined TRACON& Tower with Radar,11,61,37,0,109,0,0,126,0,126,11,61,163,0,235,62,0,62,297
04/13/2009,SBA,CA,AWP,WE,Combined TRACON& Tower with Radar,6,80,51,0,137,0,2,96,1,99,6,82,147,1,236,142,0,142,378
04/14/2009,SBA,CA,AWP,WE,Combined TRACON& Tower with Radar,6,75,30,4,115,0,0,57,4,61,6,75,87,8,176,54,0,54,230
04/15/2009,SBA,CA,AWP,WE,Combined TRACON& Tower with Radar,7,74,41,2,124,0,4,40,1,45,7,78,81,3,169,72,0,72,241
04/16/2009,SBA,CA,AWP,WE,Combined TRACON& Tower with Radar,6,71,48,0,125,0,2,101,4,107,6,73,149,4,232,66,0,66,298
04/17/2009,SBA,CA,AWP,WE,Combined TRACON& Tower with Radar,9,71,26,2,108,0,3,127,1,131,9,74,153,3,239,28,0,28,267
04/18/2009,SBA,CA,AWP,WE,Combined TRACON& Tower with Radar,7,60,22,0,89,0,2,136,1,139,7,62,158,1,228,0,0,0,228
04/19/2009,SBA,CA,AWP,WE,Combined TRACON& Tower with Radar,9,61,31,0,101,0,1,176,4,181,9,62,207,4,282,0,0,0,282
04/20/2009,SBA,CA,AWP,WE,Combined TRACON& Tower with Radar,6,81,34,3,124,0,2,97,9,108,6,83,131,12,232,0,0,0,232
04/21/2009,SBA,CA,AWP,WE,Combined TRACON& Tower with Radar,6,65,45,2,118,0,2,95,3,100,6,67,140,5,218,50,10,60,278
04/22/2009,SBA,CA,AWP,WE,Combined TRACON& Tower with Radar,8,79,68,0,155,0,2,10,2,14,8,81,78,2,169,12,0,12,181
04/23/2009,SBA,CA,AWP,WE,Combined TRACON& Tower with Radar,6,76,85,2,169,0,0,19,2,21,6,76,104,4,190,90,0,90,280
04/24/2009,SBA,CA,AWP,WE,Combined TRACON& Tower with Radar,8,72,84,8,172,0,2,35,1,38,8,74,119,9,210,190,0,190,400
04/25/2009,SBA,CA,AWP,WE,Combined TRACON& Tower with Radar,5,53,36,0,94,0,1,96,0,97,5,54,132,0,191,12,0,12,203
04/26/2009,SBA,CA,AWP,WE,Combined TRACON& Tower with Radar,9,58,41,0,108,0,3,113,1,117,9,61,154,1,225,70,0,70,295
04/27/2009,SBA,CA,AWP,WE,Combined TRACON& Tower with Radar,8,71,42,2,123,0,1,64,4,69,8,72,106,6,192,62,0,62,254
04/28/2009,SBA,CA,AWP,WE,Combined TRACON& Tower with Radar,6,66,29,1,102,0,0,74,3,77,6,66,103,4,179,88,0,88,267
04/29/2009,SBA,CA,AWP,WE,Combined TRACON& Tower with Radar,10,73,28,2,113,0,6,118,1,125,10,79,146,3,238,152,0,152,390
04/30/2009,SBA,CA,AWP,WE,Combined TRACON& Tower with Radar,4,79,41,0,124,0,2,95,7,104,4,81,136,7,228,166,0,166,394
05/01/2009,SBA,CA,AWP,WE,Combined TRACON& Tower with Radar,8,69,48,0,125,0,1,78,3,82,8,70,126,3,207,90,0,90,297
05/02/2009,SBA,CA,AWP,WE,Combined TRACON& Tower with Radar,5,59,32,0,96,0,0,55,2,57,5,59,87,2,153,36,0,36,189
05/03/2009,SBA,CA,AWP,WE,Combined TRACON& Tower with Radar,10,66,47,0,123,0,2,89,1,92,10,68,136,1,215,30,0,30,245
05/04/2009,SBA,CA,AWP,WE,Combined TRACON& Tower with Radar,4,71,40,1,116,0,0,55,0,55,4,71,95,1,171,14,0,14,185
05/05/2009,SBA,CA,AWP,WE,Combined TRACON& Tower with Radar,6,68,29,0,103,0,5,71,1,77,6,73,100,1,180,0,0,0,180
05/06/2009,SBA,CA,AWP,WE,Combined TRACON& Tower with Radar,8,76,28,0,112,0,12,79,2,93,8,88,107,2,205,53,0,53,258
05/07/2009,SBA,CA,AWP,WE,Combined TRACON& Tower with Radar,8,83,40,0,131,0,4,100,1,105,8,87,140,1,236,54,0,54,290
05/08/2009,SBA,CA,AWP,WE,Combined TRACON& Tower with Radar,11,65,38,0,114,0,3,144,8,155,11,68,182,8,269,0,0,0,269
05/09/2009,SBA,CA,AWP,WE,Combined TRACON& Tower with Radar,7,58,22,3,90,0,1,30,1,32,7,59,52,4,122,114,0,114,236
05/10/2009,SBA,CA,AWP,WE,Combined TRACON& Tower with Radar,10,65,57,0,132,0,0,20,0,20,10,65,77,0,152,4,0,4,156
05/11/2009,SBA,CA,AWP,WE,Combined TRACON& Tower with Radar,7,84,44,6,141,0,1,20,0,21,7,85,64,6,162,52,0,52,214
05/12/2009,SBA,CA,AWP,WE,Combined TRACON& Tower with Radar,8,71,33,0,112,0,3,48,2,53,8,74,81,2,165,60,0,60,225
05/13/2009,SBA,CA,AWP,WE,Combined TRACON& Tower with Radar,8,74,41,0,123,0,3,83,2,88,8,77,124,2,211,36,0,36,247
05/14/2009,SBA,CA,AWP,WE,Combined TRACON& Tower with Radar,6,76,25,0,107,0,0,83,6,89,6,76,108,6,196,38,0,38,234
05/15/2009,SBA,CA,AWP,WE,Combined TRACON& Tower with Radar,8,79,58,2,147,0,1,75,4,80,8,80,133,6,227,86,0,86,313
05/16/2009,SBA,CA,AWP,WE,Combined TRACON& Tower with Radar,5,63,67,0,135,0,1,35,0,36,5,64,102,0,171,8,0,8,179
05/17/2009,SBA,CA,AWP,WE,Combined TRACON& Tower with Radar,12,54,79,0,145,0,0,17,0,17,12,54,96,0,162,0,0,0,162
05/18/2009,SBA,CA,AWP,WE,Combined TRACON& Tower with Radar,9,71,37,4,121,0,1,13,1,15,9,72,50,5,136,0,0,0,136
05/19/2009,SBA,CA,AWP,WE,Combined TRACON& Tower with Radar,6,69,60,0,135,0,1,31,0,32,6,70,91,0,167,8,0,8,175
05/20/2009,SBA,CA,AWP,WE,Combined TRACON& Tower with Radar,8,77,50,0,135,0,0,77,0,77,8,77,127,0,212,8,0,8,220
05/21/2009,SBA,CA,AWP,WE,Combined TRACON& Tower with Radar,8,79,59,0,146,0,7,106,6,119,8,86,165,6,265,60,0,60,325
05/22/2009,SBA,CA,AWP,WE,Combined TRACON& Tower with Radar,11,78,98,3,190,0,0,62,3,65,11,78,160,6,255,60,0,60,315
05/23/2009,SBA,CA,AWP,WE,Combined TRACON& Tower with Radar,9,58,55,0,122,0,1,68,5,74,9,59,123,5,196,30,0,30,226
05/24/2009,SBA,CA,AWP,WE,Combined TRACON& Tower with Radar,9,50,59,0,118,0,0,52,3,55,9,50,111,3,173,0,0,0,173
05/25/2009,SBA,CA,AWP,WE,Combined TRACON& Tower with Radar,8,77,74,2,161,0,0,43,2,45,8,77,117,4,206,16,0,16,222
05/26/2009,SBA,CA,AWP,WE,Combined TRACON& Tower with Radar,6,67,66,0,139,0,1,28,3,32,6,68,94,3,171,110,0,110,281
05/27/2009,SBA,CA,AWP,WE,Combined TRACON& Tower with Radar,8,73,59,1,141,0,0,47,1,48,8,73,106,2,189,66,0,66,255
05/28/2009,SBA,CA,AWP,WE,Combined TRACON& Tower with Radar,6,79,90,0,175,0,0,22,0,22,6,79,112,0,197,8,0,8,205
05/29/2009,SBA,CA,AWP,WE,Combined TRACON& Tower with Radar,8,82,93,0,183,0,0,8,0,8,8,82,101,0,191,0,0,0,191
05/30/2009,SBA,CA,AWP,WE,Combined TRACON& Tower with Radar,6,57,60,0,123,0,1,33,0,34,6,58,93,0,157,7,0,7,164
05/31/2009,SBA,CA,AWP,WE,Combined TRACON& Tower with Radar,13,56,74,0,143,0,0,47,0,47,13,56,121,0,190,54,0,54,244
06/01/2009,SBA,CA,AWP,WE,Combined TRACON& Tower with Radar,7,73,61,0,141,0,1,10,6,17,7,74,71,6,158,26,0,26,184
06/02/2009,SBA,CA,AWP,WE,Combined TRACON& Tower with Radar,8,74,57,8,147,0,0,45,4,49,8,74,102,12,196,86,4,90,286
06/03/2009,SBA,CA,AWP,WE,Combined TRACON& Tower with Radar,11,70,72,7,160,0,3,30,3,36,11,73,102,10,196,38,0,38,234
06/04/2009,SBA,CA,AWP,WE,Combined TRACON& Tower with Radar,12,74,53,4,143,0,1,89,5,95,12,75,142,9,238,26,0,26,264
06/05/2009,SBA,CA,AWP,WE,Combined TRACON& Tower with Radar,12,73,48,3,136,0,0,23,1,24,12,73,71,4,160,38,0,38,198
06/06/2009,SBA,CA,AWP,WE,Combined TRACON& Tower with Radar,9,63,47,4,123,0,2,77,5,84,9,65,124,9,207,16,0,16,223
06/07/2009,SBA,CA,AWP,WE,Combined TRACON& Tower with Radar,13,65,41,1,120,0,0,72,1,73,13,65,113,2,193,10,0,10,203
06/08/2009,SBA,CA,AWP,WE,Combined TRACON& Tower with Radar,12,82,64,0,158,0,0,27,4,31,12,82,91,4,189,78,0,78,267
06/09/2009,SBA,CA,AWP,WE,Combined TRACON& Tower with Radar,13,71,49,8,141,0,2,32,2,36,13,73,81,10,177,149,0,149,326
06/10/2009,SBA,CA,AWP,WE,Combined TRACON& Tower with Radar,14,72,67,2,155,0,0,35,1,36,14,72,102,3,191,137,0,137,328
06/11/2009,SBA,CA,AWP,WE,Combined TRACON& Tower with Radar,11,78,55,1,145,0,0,80,0,80,11,78,135,1,225,32,0,32,257
06/12/2009,SBA,CA,AWP,WE,Combined TRACON& Tower with Radar,12,78,89,4,183,0,0,43,2,45,12,78,132,6,228,134,0,134,362
06/13/2009,SBA,CA,AWP,WE,Combined TRACON& Tower with Radar,10,67,36,0,113,0,1,60,1,62,10,68,96,1,175,12,0,12,187
06/14/2009,SBA,CA,AWP,WE,Combined TRACON& Tower with Radar,12,70,40,0,122,0,2,101,0,103,12,72,141,0,225,46,0,46,271
06/15/2009,SBA,CA,AWP,WE,Combined TRACON& Tower with Radar,12,69,48,2,131,0,0,43,1,44,12,69,91,3,175,8,0,8,183
06/16/2009,SBA,CA,AWP,WE,Combined TRACON& Tower with Radar,12,73,49,2,136,0,0,57,2,59,12,73,106,4,195,91,0,91,286
06/17/2009,SBA,CA,AWP,WE,Combined TRACON& Tower with Radar,14,65,48,9,136,0,1,69,3,73,14,66,117,12,209,36,0,36,245
06/18/2009,SBA,CA,AWP,WE,Combined TRACON& Tower with Radar,12,67,53,1,133,0,2,105,4,111,12,69,158,5,244,74,0,74,318
06/19/2009,SBA,CA,AWP,WE,Combined TRACON& Tower with Radar,12,81,72,4,169,0,3,29,10,42,12,84,101,14,211,32,0,32,243
06/20/2009,SBA,CA,AWP,WE,Combined TRACON& Tower with Radar,10,66,64,1,141,0,2,77,4,83,10,68,141,5,224,54,0,54,278
06/21/2009,SBA,CA,AWP,WE,Combined TRACON& Tower with Radar,15,73,40,2,130,0,0,84,7,91,15,73,124,9,221,24,0,24,245
06/22/2009,SBA,CA,AWP,WE,Combined TRACON& Tower with Radar,13,68,33,5,119,0,14,85,10,109,13,82,118,15,228,60,0,60,288
06/23/2009,SBA,CA,AWP,WE,Combined TRACON& Tower with Radar,11,68,48,4,131,0,1,50,3,54,11,69,98,7,185,68,0,68,253
06/24/2009,SBA,CA,AWP,WE,Combined TRACON& Tower with Radar,16,67,63,6,152,0,1,32,0,33,16,68,95,6,185,58,0,58,243
06/25/2009,SBA,CA,AWP,WE,Combined TRACON& Tower with Radar,11,77,49,9,146,0,1,42,3,46,11,78,91,12,192,47,0,47,239
06/26/2009,SBA,CA,AWP,WE,Combined TRACON& Tower with Radar,13,73,39,1,126,0,3,81,0,84,13,76,120,1,210,88,0,88,298
06/27/2009,SBA,CA,AWP,WE,Combined TRACON& Tower with Radar,11,61,52,0,124,0,0,75,0,75,11,61,127,0,199,50,0,50,249
06/28/2009,SBA,CA,AWP,WE,Combined TRACON& Tower with Radar,14,72,57,0,143,0,0,85,0,85,14,72,142,0,228,16,0,16,244
06/29/2009,SBA,CA,AWP,WE,Combined TRACON& Tower with Radar,14,76,58,6,154,0,1,27,0,28,14,77,85,6,182,32,0,32,214
06/30/2009,SBA,CA,AWP,WE,Combined TRACON& Tower with Radar,13,72,54,6,145,0,1,65,0,66,13,73,119,6,211,78,0,78,289
07/01/2009,SBA,CA,AWP,WE,Combined TRACON& Tower with Radar,14,67,48,3,132,0,1,93,1,95,14,68,141,4,227,53,0,53,280
07/02/2009,SBA,CA,AWP,WE,Combined TRACON& Tower with Radar,19,66,56,2,143,0,1,91,2,94,19,67,147,4,237,75,0,75,312
07/03/2009,SBA,CA,AWP,WE,Combined TRACON& Tower with Radar,12,50,66,0,128,0,2,90,0,92,12,52,156,0,220,52,0,52,272
07/04/2009,SBA,CA,AWP,WE,Combined TRACON& Tower with Radar,7,44,20,0,71,0,0,58,0,58,7,44,78,0,129,30,0,30,159
07/05/2009,SBA,CA,AWP,WE,Combined TRACON& Tower with Radar,11,67,37,0,115,0,2,124,0,126,11,69,161,0,241,69,0,69,310
07/06/2009,SBA,CA,AWP,WE,Combined TRACON& Tower with Radar,12,77,32,2,123,0,1,84,0,85,12,78,116,2,208,0,0,0,208
07/07/2009,SBA,CA,AWP,WE,Combined TRACON& Tower with Radar,14,68,28,0,110,0,1,112,0,113,14,69,140,0,223,0,0,0,223
07/08/2009,SBA,CA,AWP,WE,Combined TRACON& Tower with Radar,14,74,43,0,131,0,2,89,4,95,14,76,132,4,226,47,0,47,273
07/09/2009,SBA,CA,AWP,WE,Combined TRACON& Tower with Radar,14,70,52,2,138,0,1,107,2,110,14,71,159,4,248,145,0,145,393
07/10/2009,SBA,CA,AWP,WE,Combined TRACON& Tower with Radar,14,69,48,3,134,0,2,151,8,161,14,71,199,11,295,100,0,100,395
07/11/2009,SBA,CA,AWP,WE,Combined TRACON& Tower with Radar,10,63,34,2,109,0,0,164,3,167,10,63,198,5,276,65,0,65,341
07/12/2009,SBA,CA,AWP,WE,Combined TRACON& Tower with Radar,16,59,48,0,123,0,1,138,5,144,16,60,186,5,267,62,0,62,329
07/13/2009,SBA,CA,AWP,WE,Combined TRACON& Tower with Radar,12,74,35,3,124,0,3,105,6,114,12,77,140,9,238,112,0,112,350
07/14/2009,SBA,CA,AWP,WE,Combined TRACON& Tower with Radar,14,64,39,2,119,0,5,117,4,126,14,69,156,6,245,161,0,161,406
07/15/2009,SBA,CA,AWP,WE,Combined TRACON& Tower with Radar,13,78,61,5,157,0,1,76,2,79,13,79,137,7,236,59,0,59,295
07/16/2009,SBA,CA,AWP,WE,Combined TRACON& Tower with Radar,13,76,46,3,138,0,8,63,1,72,13,84,109,4,210,30,0,30,240
07/17/2009,SBA,CA,AWP,WE,Combined TRACON& Tower with Radar,13,70,59,2,144,0,3,92,5,100,13,73,151,7,244,126,0,126,370
07/18/2009,SBA,CA,AWP,WE,Combined TRACON& Tower with Radar,9,71,34,0,114,0,0,132,0,132,9,71,166,0,246,104,0,104,350
07/19/2009,SBA,CA,AWP,WE,Combined TRACON& Tower with Radar,11,65,43,4,123,0,0,151,10,161,11,65,194,14,284,34,0,34,318
07/20/2009,SBA,CA,AWP,WE,Combined TRACON& Tower with Radar,12,73,45,0,130,0,2,99,0,101,12,75,144,0,231,130,0,130,361
07/21/2009,SBA,CA,AWP,WE,Combined TRACON& Tower with Radar,12,69,38,4,123,0,2,98,2,102,12,71,136,6,225,80,0,80,305
07/22/2009,SBA,CA,AWP,WE,Combined TRACON& Tower with Radar,14,74,50,2,140,0,2,106,3,111,14,76,156,5,251,112,0,112,363
07/23/2009,SBA,CA,AWP,WE,Combined TRACON& Tower with Radar,12,72,37,4,125,0,6,116,3,125,12,78,153,7,250,74,0,74,324
07/24/2009,SBA,CA,AWP,WE,Combined TRACON& Tower with Radar,15,72,41,2,130,0,4,92,4,100,15,76,133,6,230,58,0,58,288
07/25/2009,SBA,CA,AWP,WE,Combined TRACON& Tower with Radar,8,63,25,0,96,0,2,103,0,105,8,65,128,0,201,104,0,104,305
07/26/2009,SBA,CA,AWP,WE,Combined TRACON& Tower with Radar,11,67,46,0,124,0,3,124,0,127,11,70,170,0,251,54,0,54,305
07/27/2009,SBA,CA,AWP,WE,Combined TRACON& Tower with Radar,11,72,36,0,119,0,0,49,1,50,11,72,85,1,169,0,0,0,169
07/28/2009,SBA,CA,AWP,WE,Combined TRACON& Tower with Radar,12,79,33,0,124,0,1,76,0,77,12,80,109,0,201,56,0,56,257
07/29/2009,SBA,CA,AWP,WE,Combined TRACON& Tower with Radar,14,75,55,0,144,0,1,63,0,64,14,76,118,0,208,36,0,36,244
07/30/2009,SBA,CA,AWP,WE,Combined TRACON& Tower with Radar,12,69,61,1,143,0,0,45,2,47,12,69,106,3,190,137,0,137,327
07/31/2009,SBA,CA,AWP,WE,Combined TRACON& Tower with Radar,14,70,58,1,143,0,1,91,4,96,14,71,149,5,239,44,0,44,283
08/01/2009,SBA,CA,AWP,WE,Combined TRACON& Tower with Radar,8,66,69,0,143,0,2,63,0,65,8,68,132,0,208,0,0,0,208
08/02/2009,SBA,CA,AWP,WE,Combined TRACON& Tower with Radar,10,70,55,2,137,0,0,95,3,98,10,70,150,5,235,49,0,49,284
08/03/2009,SBA,CA,AWP,WE,Combined TRACON& Tower with Radar,12,67,29,0,108,0,3,77,2,82,12,70,106,2,190,76,0,76,266
08/04/2009,SBA,CA,AWP,WE,Combined TRACON& Tower with Radar,12,68,30,0,110,0,5,107,2,114,12,73,137,2,224,52,0,52,276
08/05/2009,SBA,CA,AWP,WE,Combined TRACON& Tower with Radar,13,73,42,0,128,0,2,98,2,102,13,75,140,2,230,40,0,40,270
08/06/2009,SBA,CA,AWP,WE,Combined TRACON& Tower with Radar,12,68,36,2,118,0,2,114,1,117,12,70,150,3,235,60,0,60,295
08/07/2009,SBA,CA,AWP,WE,Combined TRACON& Tower with Radar,12,75,44,0,131,0,2,118,2,122,12,77,162,2,253,74,0,74,327
08/08/2009,SBA,CA,AWP,WE,Combined TRACON& Tower with Radar,11,63,41,0,115,0,0,132,1,133,11,63,173,1,248,72,0,72,320
08/09/2009,SBA,CA,AWP,WE,Combined TRACON& Tower with Radar,11,71,72,0,154,0,0,70,1,71,11,71,142,1,225,10,0,10,235
08/10/2009,SBA,CA,AWP,WE,Combined TRACON& Tower with Radar,13,76,58,0,147,0,0,30,0,30,13,76,88,0,177,58,0,58,235
08/11/2009,SBA,CA,AWP,WE,Combined TRACON& Tower with Radar,10,80,63,4,157,0,0,30,2,32,10,80,93,6,189,48,0,48,237
08/12/2009,SBA,CA,AWP,WE,Combined TRACON& Tower with Radar,12,80,84,0,176,0,0,28,0,28,12,80,112,0,204,19,0,19,223
08/13/2009,SBA,CA,AWP,WE,Combined TRACON& Tower with Radar,12,71,75,2,160,0,0,10,3,13,12,71,85,5,173,0,0,0,173
08/14/2009,SBA,CA,AWP,WE,Combined TRACON& Tower with Radar,15,81,58,5,159,0,0,57,1,58,15,81,115,6,217,104,0,104,321
08/15/2009,SBA,CA,AWP,WE,Combined TRACON& Tower with Radar,8,63,61,0,132,0,0,53,2,55,8,63,114,2,187,121,0,121,308
08/16/2009,SBA,CA,AWP,WE,Combined TRACON& Tower with Radar,12,69,57,2,140,0,0,43,2,45,12,69,100,4,185,59,0,59,244
08/17/2009,SBA,CA,AWP,WE,Combined TRACON& Tower with Radar,12,82,59,3,156,0,0,19,2,21,12,82,78,5,177,69,0,69,246
08/18/2009,SBA,CA,AWP,WE,Combined TRACON& Tower with Radar,12,72,59,0,143,0,0,26,3,29,12,72,85,3,172,118,0,118,290
08/19/2009,SBA,CA,AWP,WE,Combined TRACON& Tower with Radar,14,81,73,1,169,0,1,44,0,45,14,82,117,1,214,136,0,136,350
08/20/2009,SBA,CA,AWP,WE,Combined TRACON& Tower with Radar,14,75,70,1,160,0,1,51,5,57,14,76,121,6,217,167,2,169,386
08/21/2009,SBA,CA,AWP,WE,Combined TRACON& Tower with Radar,15,75,67,1,158,0,2,87,5,94,15,77,154,6,252,146,0,146,398
08/22/2009,SBA,CA,AWP,WE,Combined TRACON& Tower with Radar,8,68,32,0,108,0,0,105,0,105,8,68,137,0,213,74,0,74,287
08/23/2009,SBA,CA,AWP,WE,Combined TRACON& Tower with Radar,10,67,38,0,115,0,0,118,3,121,10,67,156,3,236,0,0,0,236
08/24/2009,SBA,CA,AWP,WE,Combined TRACON& Tower with Radar,12,69,44,0,125,0,4,66,3,73,12,73,110,3,198,56,0,56,254
08/25/2009,SBA,CA,AWP,WE,Combined TRACON& Tower with Radar,12,67,67,1,147,0,5,127,0,132,12,72,194,1,279,212,0,212,491
08/26/2009,SBA,CA,AWP,WE,Combined TRACON& Tower with Radar,14,84,58,4,160,0,6,97,9,112,14,90,155,13,272,130,0,130,402
08/27/2009,SBA,CA,AWP,WE,Combined TRACON& Tower with Radar,12,90,34,4,140,0,6,103,9,118,12,96,137,13,258,160,0,160,418
08/28/2009,SBA,CA,AWP,WE,Combined TRACON& Tower with Radar,14,82,63,2,161,0,2,131,3,136,14,84,194,5,297,116,0,116,413
08/29/2009,SBA,CA,AWP,WE,Combined TRACON& Tower with Radar,6,74,29,0,109,0,7,126,3,136,6,81,155,3,245,51,0,51,296
08/30/2009,SBA,CA,AWP,WE,Combined TRACON& Tower with Radar,12,79,52,0,143,0,0,134,3,137,12,79,186,3,280,28,0,28,308
08/31/2009,SBA,CA,AWP,WE,Combined TRACON& Tower with Radar,12,72,28,2,114,0,0,79,3,82,12,72,107,5,196,86,0,86,282
09/01/2009,SBA,CA,AWP,WE,Combined TRACON& Tower with Radar,12,76,46,8,142,0,0,78,4,82,12,76,124,12,224,98,0,98,322
09/02/2009,SBA,CA,AWP,WE,Combined TRACON& Tower with Radar,14,69,41,2,126,0,6,80,2,88,14,75,121,4,214,89,0,89,303
09/03/2009,SBA,CA,AWP,WE,Combined TRACON& Tower with Radar,14,75,37,0,126,0,5,110,3,118,14,80,147,3,244,86,0,86,330
09/04/2009,SBA,CA,AWP,WE,Combined TRACON& Tower with Radar,14,79,42,0,135,0,2,96,2,100,14,81,138,2,235,166,0,166,401
09/05/2009,SBA,CA,AWP,WE,Combined TRACON& Tower with Radar,7,62,28,0,97,0,0,111,3,114,7,62,139,3,211,38,0,38,249
09/06/2009,SBA,CA,AWP,WE,Combined TRACON& Tower with Radar,8,50,36,0,94,0,4,107,0,111,8,54,143,0,205,14,0,14,219
09/07/2009,SBA,CA,AWP,WE,Combined TRACON& Tower with Radar,10,76,37,1,124,0,1,136,3,140,10,77,173,4,264,62,0,62,326
09/08/2009,SBA,CA,AWP,WE,Combined TRACON& Tower with Radar,13,67,29,7,116,0,0,86,8,94,13,67,115,15,210,18,2,20,230
09/09/2009,SBA,CA,AWP,WE,Combined TRACON& Tower with Radar,18,72,50,4,144,0,2,58,1,61,18,74,108,5,205,96,0,96,301
09/10/2009,SBA,CA,AWP,WE,Combined TRACON& Tower with Radar,13,76,36,7,132,0,3,90,2,95,13,79,126,9,227,78,0,78,305
09/11/2009,SBA,CA,AWP,WE,Combined TRACON& Tower with Radar,16,81,34,2,133,0,3,77,6,86,16,84,111,8,219,184,0,184,403
09/12/2009,SBA,CA,AWP,WE,Combined TRACON& Tower with Radar,8,57,60,0,125,0,0,37,6,43,8,57,97,6,168,28,0,28,196
09/13/2009,SBA,CA,AWP,WE,Combined TRACON& Tower with Radar,13,86,70,0,169,0,0,33,9,42,13,86,103,9,211,68,0,68,279
09/14/2009,SBA,CA,AWP,WE,Combined TRACON& Tower with Radar,16,74,47,2,139,0,0,51,0,51,16,74,98,2,190,66,0,66,256
09/15/2009,SBA,CA,AWP,WE,Combined TRACON& Tower with Radar,16,68,45,0,129,0,3,94,4,101,16,71,139,4,230,198,0,198,428
09/16/2009,SBA,CA,AWP,WE,Combined TRACON& Tower with Radar,16,69,32,3,120,0,8,84,3,95,16,77,116,6,215,397,0,397,612
09/17/2009,SBA,CA,AWP,WE,Combined TRACON& Tower with Radar,15,75,39,3,132,0,1,89,4,94,15,76,128,7,226,481,0,481,707
09/18/2009,SBA,CA,AWP,WE,Combined TRACON& Tower with Radar,14,68,56,0,138,0,0,61,1,62,14,68,117,1,200,272,0,272,472
09/19/2009,SBA,CA,AWP,WE,Combined TRACON& Tower with Radar,8,57,81,0,146,0,2,37,2,41,8,59,118,2,187,276,0,276,463
09/20/2009,SBA,CA,AWP,WE,Combined TRACON& Tower with Radar,13,75,62,1,151,0,0,44,0,44,13,75,106,1,195,139,0,139,334
09/21/2009,SBA,CA,AWP,WE,Combined TRACON& Tower with Radar,16,64,41,2,123,0,4,49,4,57,16,68,90,6,180,365,0,365,545
09/22/2009,SBA,CA,AWP,WE,Combined TRACON& Tower with Radar,16,63,50,4,133,0,0,61,3,64,16,63,111,7,197,354,0,354,551
09/23/2009,SBA,CA,AWP,WE,Combined TRACON& Tower with Radar,16,68,50,0,134,0,1,92,4,97,16,69,142,4,231,457,0,457,688
09/24/2009,SBA,CA,AWP,WE,Combined TRACON& Tower with Radar,14,71,48,0,133,0,4,94,5,103,14,75,142,5,236,483,0,483,719
09/25/2009,SBA,CA,AWP,WE,Combined TRACON& Tower with Radar,13,80,46,0,139,0,2,138,5,145,13,82,184,5,284,536,0,536,820
09/26/2009,SBA,CA,AWP,WE,Combined TRACON& Tower with Radar,8,60,36,2,106,0,0,120,4,124,8,60,156,6,230,515,0,515,745
09/27/2009,SBA,CA,AWP,WE,Combined TRACON& Tower with Radar,11,69,50,0,130,0,0,51,0,51,11,69,101,0,181,226,0,226,407
09/28/2009,SBA,CA,AWP,WE,Combined TRACON& Tower with Radar,16,68,64,0,148,0,0,23,0,23,16,68,87,0,171,238,0,238,409
09/29/2009,SBA,CA,AWP,WE,Combined TRACON& Tower with Radar,15,59,49,1,124,0,4,70,1,75,15,63,119,2,199,488,0,488,687
09/30/2009,SBA,CA,AWP,WE,Combined TRACON& Tower with Radar,16,69,32,2,119,0,4,93,3,100,16,73,125,5,219,445,0,445,664
10/01/2009,SBA,CA,AWP,WE,Combined TRACON& Tower with Radar,13,73,34,1,121,0,2,77,5,84,13,75,111,6,205,467,0,467,672
10/02/2009,SBA,CA,AWP,WE,Combined TRACON& Tower with Radar,12,77,45,2,136,0,1,114,4,119,12,78,159,6,255,517,0,517,772
10/03/2009,SBA,CA,AWP,WE,Combined TRACON& Tower with Radar,7,51,38,1,97,0,0,93,0,93,7,51,131,1,190,396,0,396,586
10/04/2009,SBA,CA,AWP,WE,Combined TRACON& Tower with Radar,10,63,40,0,113,0,2,50,0,52,10,65,90,0,165,12,0,12,177
10/05/2009,SBA,CA,AWP,WE,Combined TRACON& Tower with Radar,12,67,33,0,112,0,6,60,4,70,12,73,93,4,182,494,0,494,676
10/06/2009,SBA,CA,AWP,WE,Combined TRACON& Tower with Radar,11,73,30,3,117,0,1,79,1,81,11,74,109,4,198,509,0,509,707
10/07/2009,SBA,CA,AWP,WE,Combined TRACON& Tower with Radar,12,69,50,0,131,0,2,84,1,87,12,71,134,1,218,515,0,515,733
10/08/2009,SBA,CA,AWP,WE,Combined TRACON& Tower with Radar,13,75,38,6,132,0,2,89,2,93,13,77,127,8,225,568,0,568,793
10/09/2009,SBA,CA,AWP,WE,Combined TRACON& Tower with Radar,12,81,63,2,158,0,4,50,0,54,12,85,113,2,212,334,0,334,546
10/10/2009,SBA,CA,AWP,WE,Combined TRACON& Tower with Radar,7,62,81,1,151,0,0,30,0,30,7,62,111,1,181,152,0,152,333
10/11/2009,SBA,CA,AWP,WE,Combined TRACON& Tower with Radar,10,80,82,1,173,0,0,34,0,34,10,80,116,1,207,374,0,374,581
10/12/2009,SBA,CA,AWP,WE,Combined TRACON& Tower with Radar,12,75,46,0,133,0,0,35,6,41,12,75,81,6,174,509,0,509,683
10/13/2009,SBA,CA,AWP,WE,Combined TRACON& Tower with Radar,12,58,44,2,116,0,0,3,3,6,12,58,47,5,122,2,0,2,124
10/14/2009,SBA,CA,AWP,WE,Combined TRACON& Tower with Radar,12,68,73,2,155,0,0,0,0,0,12,68,73,2,155,0,0,0,155
10/15/2009,SBA,CA,AWP,WE,Combined TRACON& Tower with Radar,13,73,53,4,143,0,2,96,2,100,13,75,149,6,243,78,0,78,321
10/16/2009,SBA,CA,AWP,WE,Combined TRACON& Tower with Radar,11,79,50,0,140,0,9,123,1,133,11,88,173,1,273,96,0,96,369
10/17/2009,SBA,CA,AWP,WE,Combined TRACON& Tower with Radar,7,54,34,1,96,0,3,171,0,174,7,57,205,1,270,80,0,80,350
10/18/2009,SBA,CA,AWP,WE,Combined TRACON& Tower with Radar,10,67,72,0,149,0,2,16,0,18,10,69,88,0,167,0,0,0,167
10/19/2009,SBA,CA,AWP,WE,Combined TRACON& Tower with Radar,15,65,46,0,126,0,0,42,0,42,15,65,88,0,168,112,0,112,280
10/20/2009,SBA,CA,AWP,WE,Combined TRACON& Tower with Radar,12,76,34,3,125,0,0,99,2,101,12,76,133,5,226,120,0,120,346
10/21/2009,SBA,CA,AWP,WE,Combined TRACON& Tower with Radar,14,77,45,9,145,0,0,109,0,109,14,77,154,9,254,116,0,116,370
10/22/2009,SBA,CA,AWP,WE,Combined TRACON& Tower with Radar,13,77,40,5,135,0,0,91,1,92,13,77,131,6,227,91,0,91,318
10/23/2009,SBA,CA,AWP,WE,Combined TRACON& Tower with Radar,12,72,47,0,131,0,7,96,5,108,12,79,143,5,239,172,0,172,411
10/24/2009,SBA,CA,AWP,WE,Combined TRACON& Tower with Radar,9,60,28,0,97,0,3,126,4,133,9,63,154,4,230,80,0,80,310
10/25/2009,SBA,CA,AWP,WE,Combined TRACON& Tower with Radar,14,57,43,0,114,0,2,85,0,87,14,59,128,0,201,22,0,22,223
10/26/2009,SBA,CA,AWP,WE,Combined TRACON& Tower with Radar,14,58,25,2,99,0,1,56,0,57,14,59,81,2,156,60,0,60,216
10/27/2009,SBA,CA,AWP,WE,Combined TRACON& Tower with Radar,13,56,32,0,101,0,0,31,0,31,13,56,63,0,132,0,0,0,132
10/28/2009,SBA,CA,AWP,WE,Combined TRACON& Tower with Radar,16,59,32,3,110,0,0,71,6,77,16,59,103,9,187,178,0,178,365
10/29/2009,SBA,CA,AWP,WE,Combined TRACON& Tower with Radar,15,57,24,3,99,0,2,103,1,106,15,59,127,4,205,96,0,96,301
10/30/2009,SBA,CA,AWP,WE,Combined TRACON& Tower with Radar,14,65,52,0,131,0,0,116,0,116,14,65,168,0,247,66,0,66,313
10/31/2009,SBA,CA,AWP,WE,Combined TRACON& Tower with Radar,7,45,33,0,85,0,1,92,0,93,7,46,125,0,178,164,0,164,342
11/01/2009,SBA,CA,AWP,WE,Combined TRACON& Tower with Radar,12,59,40,0,111,0,0,153,4,157,12,59,193,4,268,83,0,83,351
11/02/2009,SBA,CA,AWP,WE,Combined TRACON& Tower with Radar,14,64,41,0,119,0,0,79,0,79,14,64,120,0,198,94,0,94,292
11/03/2009,SBA,CA,AWP,WE,Combined TRACON& Tower with Radar,14,64,42,2,122,0,0,32,1,33,14,64,74,3,155,0,0,0,155
11/04/2009,SBA,CA,AWP,WE,Combined TRACON& Tower with Radar,14,62,42,1,119,0,1,60,1,62,14,63,102,2,181,90,0,90,271
11/05/2009,SBA,CA,AWP,WE,Combined TRACON& Tower with Radar,15,65,58,0,138,0,0,74,2,76,15,65,132,2,214,40,0,40,254
11/06/2009,SBA,CA,AWP,WE,Combined TRACON& Tower with Radar,12,68,53,2,135,0,7,109,4,120,12,75,162,6,255,46,0,46,301
11/07/2009,SBA,CA,AWP,WE,Combined TRACON& Tower with Radar,7,49,55,0,111,0,0,71,0,71,7,49,126,0,182,86,0,86,268
11/08/2009,SBA,CA,AWP,WE,Combined TRACON& Tower with Radar,12,61,65,0,138,0,1,93,1,95,12,62,158,1,233,84,0,84,317
11/09/2009,SBA,CA,AWP,WE,Combined TRACON& Tower with Radar,14,65,31,2,112,0,0,74,2,76,14,65,105,4,188,110,0,110,298
11/10/2009,SBA,CA,AWP,WE,Combined TRACON& Tower with Radar,14,59,35,0,108,0,3,116,6,125,14,62,151,6,233,110,0,110,343
11/11/2009,SBA,CA,AWP,WE,Combined TRACON& Tower with Radar,14,61,53,0,128,0,2,106,1,109,14,63,159,1,237,88,0,88,325
11/12/2009,SBA,CA,AWP,WE,Combined TRACON& Tower with Radar,16,71,48,0,135,0,3,49,0,52,16,74,97,0,187,116,0,116,303
11/13/2009,SBA,CA,AWP,WE,Combined TRACON& Tower with Radar,12,69,49,1,131,0,0,69,2,71,12,69,118,3,202,54,0,54,256
11/14/2009,SBA,CA,AWP,WE,Combined TRACON& Tower with Radar,5,55,29,0,89,0,1,117,0,118,5,56,146,0,207,64,0,64,271
11/15/2009,SBA,CA,AWP,WE,Combined TRACON& Tower with Radar,12,62,37,1,112,0,0,135,3,138,12,62,172,4,250,130,0,130,380
11/16/2009,SBA,CA,AWP,WE,Combined TRACON& Tower with Radar,14,64,42,2,122,0,0,77,0,77,14,64,119,2,199,72,0,72,271
11/17/2009,SBA,CA,AWP,WE,Combined TRACON& Tower with Radar,14,62,48,2,126,0,0,124,4,128,14,62,172,6,254,130,0,130,384
11/18/2009,SBA,CA,AWP,WE,Combined TRACON& Tower with Radar,14,64,39,5,122,0,3,94,1,98,14,67,133,6,220,140,0,140,360
11/19/2009,SBA,CA,AWP,WE,Combined TRACON& Tower with Radar,15,66,37,2,120,0,1,110,0,111,15,67,147,2,231,119,0,119,350
11/20/2009,SBA,CA,AWP,WE,Combined TRACON& Tower with Radar,19,69,44,0,132,0,2,74,0,76,19,71,118,0,208,112,0,112,320
11/21/2009,SBA,CA,AWP,WE,Combined TRACON& Tower with Radar,10,52,43,0,105,0,0,85,0,85,10,52,128,0,190,84,0,84,274
11/22/2009,SBA,CA,AWP,WE,Combined TRACON& Tower with Radar,12,57,34,2,105,0,3,144,2,149,12,60,178,4,254,72,0,72,326
11/23/2009,SBA,CA,AWP,WE,Combined TRACON& Tower with Radar,14,61,37,1,113,0,0,84,6,90,14,61,121,7,203,104,0,104,307
11/24/2009,SBA,CA,AWP,WE,Combined TRACON& Tower with Radar,18,72,47,0,137,0,3,122,2,127,18,75,169,2,264,94,0,94,358
11/25/2009,SBA,CA,AWP,WE,Combined TRACON& Tower with Radar,17,72,42,0,131,0,3,142,1,146,17,75,184,1,277,146,0,146,423
11/26/2009,SBA,CA,AWP,WE,Combined TRACON& Tower with Radar,7,38,19,0,64,0,0,73,0,73,7,38,92,0,137,52,0,52,189
11/27/2009,SBA,CA,AWP,WE,Combined TRACON& Tower with Radar,7,55,43,0,105,0,0,88,0,88,7,55,131,0,193,20,0,20,213
11/28/2009,SBA,CA,AWP,WE,Combined TRACON& Tower with Radar,13,77,29,0,119,0,2,63,0,65,13,79,92,0,184,92,0,92,276
11/29/2009,SBA,CA,AWP,WE,Combined TRACON& Tower with Radar,15,75,63,0,153,0,3,120,2,125,15,78,183,2,278,40,0,40,318
11/30/2009,SBA,CA,AWP,WE,Combined TRACON& Tower with Radar,16,61,44,2,123,0,2,68,0,70,16,63,112,2,193,152,0,152,345
12/01/2009,SBA,CA,AWP,WE,Combined TRACON& Tower with Radar,14,58,36,4,112,0,3,85,0,88,14,61,121,4,200,70,0,70,270
12/02/2009,SBA,CA,AWP,WE,Combined TRACON& Tower with Radar,14,62,38,9,123,0,0,47,1,48,14,62,85,10,171,162,4,166,337
12/03/2009,SBA,CA,AWP,WE,Combined TRACON& Tower with Radar,13,68,28,0,109,0,3,81,3,87,13,71,109,3,196,102,0,102,298
12/04/2009,SBA,CA,AWP,WE,Combined TRACON& Tower with Radar,11,63,31,0,105,0,1,117,2,120,11,64,148,2,225,102,0,102,327
12/05/2009,SBA,CA,AWP,WE,Combined TRACON& Tower with Radar,7,55,47,0,109,0,0,44,0,44,7,55,91,0,153,132,0,132,285
12/06/2009,SBA,CA,AWP,WE,Combined TRACON& Tower with Radar,12,56,33,0,101,0,4,37,0,41,12,60,70,0,142,16,0,16,158
12/07/2009,SBA,CA,AWP,WE,Combined TRACON& Tower with Radar,13,58,20,0,91,0,0,8,0,8,13,58,28,0,99,0,0,0,99
12/08/2009,SBA,CA,AWP,WE,Combined TRACON& Tower with Radar,11,57,30,0,98,0,0,80,0,80,11,57,110,0,178,140,0,140,318
12/09/2009,SBA,CA,AWP,WE,Combined TRACON& Tower with Radar,13,68,40,2,123,0,4,70,1,75,13,72,110,3,198,162,0,162,360
12/10/2009,SBA,CA,AWP,WE,Combined TRACON& Tower with Radar,13,69,38,0,120,0,3,29,0,32,13,72,67,0,152,0,0,0,152
12/11/2009,SBA,CA,AWP,WE,Combined TRACON& Tower with Radar,12,68,23,0,103,0,0,6,0,6,12,68,29,0,109,28,0,28,137
12/12/2009,SBA,CA,AWP,WE,Combined TRACON& Tower with Radar,7,60,27,0,94,0,0,3,0,3,7,60,30,0,97,0,0,0,97
12/13/2009,SBA,CA,AWP,WE,Combined TRACON& Tower with Radar,10,58,35,3,106,0,0,30,3,33,10,58,65,6,139,0,0,0,139
12/14/2009,SBA,CA,AWP,WE,Combined TRACON& Tower with Radar,13,59,45,4,121,0,2,46,0,48,13,61,91,4,169,126,0,126,295
12/15/2009,SBA,CA,AWP,WE,Combined TRACON& Tower with Radar,14,62,24,11,111,0,2,91,1,94,14,64,115,12,205,96,0,96,301
12/16/2009,SBA,CA,AWP,WE,Combined TRACON& Tower with Radar,13,63,31,2,109,0,2,71,7,80,13,65,102,9,189,36,0,36,225
12/17/2009,SBA,CA,AWP,WE,Combined TRACON& Tower with Radar,9,71,55,9,144,0,3,73,3,79,9,74,128,12,223,114,0,114,337
12/18/2009,SBA,CA,AWP,WE,Combined TRACON& Tower with Radar,8,70,47,0,125,0,3,99,0,102,8,73,146,0,227,94,0,94,321
12/19/2009,SBA,CA,AWP,WE,Combined TRACON& Tower with Radar,10,62,34,0,106,0,1,123,4,128,10,63,157,4,234,50,0,50,284
12/20/2009,SBA,CA,AWP,WE,Combined TRACON& Tower with Radar,8,67,24,0,99,0,0,82,5,87,8,67,106,5,186,56,0,56,242
12/21/2009,SBA,CA,AWP,WE,Combined TRACON& Tower with Radar,8,67,38,3,116,0,0,48,1,49,8,67,86,4,165,60,0,60,225
12/22/2009,SBA,CA,AWP,WE,Combined TRACON& Tower with Radar,10,66,28,6,110,0,9,26,4,39,10,75,54,10,149,72,2,74,223
12/23/2009,SBA,CA,AWP,WE,Combined TRACON& Tower with Radar,10,69,22,6,107,0,4,72,0,76,10,73,94,6,183,76,0,76,259
12/24/2009,SBA,CA,AWP,WE,Combined TRACON& Tower with Radar,6,49,21,0,76,0,3,69,0,72,6,52,90,0,148,47,0,47,195
12/25/2009,SBA,CA,AWP,WE,Combined TRACON& Tower with Radar,4,58,17,0,79,0,1,52,2,55,4,59,69,2,134,34,0,34,168
12/26/2009,SBA,CA,AWP,WE,Combined TRACON& Tower with Radar,8,69,40,0,117,0,0,57,0,57,8,69,97,0,174,64,0,64,238
12/27/2009,SBA,CA,AWP,WE,Combined TRACON& Tower with Radar,10,75,33,0,118,0,2,64,4,70,10,77,97,4,188,16,0,16,204
12/28/2009,SBA,CA,AWP,WE,Combined TRACON& Tower with Radar,8,64,33,4,109,0,5,68,0,73,8,69,101,4,182,38,0,38,220
12/29/2009,SBA,CA,AWP,WE,Combined TRACON& Tower with Radar,8,66,41,3,118,0,1,89,1,91,8,67,130,4,209,54,0,54,263
12/30/2009,SBA,CA,AWP,WE,Combined TRACON& Tower with Radar,8,73,60,2,143,0,0,0,0,0,8,73,60,2,143,2,0,2,145
12/31/2009,SBA,CA,AWP,WE,Combined TRACON& Tower with Radar,7,61,31,0,99,0,2,112,0,114,7,63,143,0,213,160,0,160,373
01/01/2010,SBA,CA,AWP,WE,Combined TRACON& Tower with Radar,7,67,17,0,91,0,1,42,1,44,7,68,59,1,135,14,0,14,149
01/02/2010,SBA,CA,AWP,WE,Combined TRACON& Tower with Radar,8,72,49,0,129,0,5,85,0,90,8,77,134,0,219,50,0,50,269
01/03/2010,SBA,CA,AWP,WE,Combined TRACON& Tower with Radar,10,71,60,0,141,0,0,106,2,108,10,71,166,2,249,96,0,96,345
01/04/2010,SBA,CA,AWP,WE,Combined TRACON& Tower with Radar,8,75,29,0,112,0,1,57,0,58,8,76,86,0,170,78,0,78,248
01/05/2010,SBA,CA,AWP,WE,Combined TRACON& Tower with Radar,4,79,21,7,111,0,2,73,1,76,4,81,94,8,187,40,4,44,231
01/06/2010,SBA,CA,AWP,WE,Combined TRACON& Tower with Radar,6,76,28,0,110,0,2,86,0,88,6,78,114,0,198,98,6,104,302
01/07/2010,SBA,CA,AWP,WE,Combined TRACON& Tower with Radar,8,80,33,2,123,0,0,79,0,79,8,80,112,2,202,78,0,78,280
01/08/2010,SBA,CA,AWP,WE,Combined TRACON& Tower with Radar,8,77,38,2,125,0,2,106,0,108,8,79,144,2,233,99,0,99,332
01/09/2010,SBA,CA,AWP,WE,Combined TRACON& Tower with Radar,5,65,49,0,119,0,2,96,1,99,5,67,145,1,218,84,0,84,302
01/10/2010,SBA,CA,AWP,WE,Combined TRACON& Tower with Radar,8,69,34,0,111,0,0,153,0,153,8,69,187,0,264,109,0,109,373
01/11/2010,SBA,CA,AWP,WE,Combined TRACON& Tower with Radar,8,82,28,0,118,0,0,67,0,67,8,82,95,0,185,96,0,96,281
01/12/2010,SBA,CA,AWP,WE,Combined TRACON& Tower with Radar,4,76,31,0,111,0,1,54,0,55,4,77,85,0,166,92,0,92,258
01/13/2010,SBA,CA,AWP,WE,Combined TRACON& Tower with Radar,6,73,35,4,118,0,0,43,0,43,6,73,78,4,161,112,0,112,273
01/14/2010,SBA,CA,AWP,WE,Combined TRACON& Tower with Radar,8,81,43,0,132,0,0,101,0,101,8,81,144,0,233,102,0,102,335
01/15/2010,SBA,CA,AWP,WE,Combined TRACON& Tower with Radar,8,82,44,2,136,0,0,120,0,120,8,82,164,2,256,68,12,80,336
01/16/2010,SBA,CA,AWP,WE,Combined TRACON& Tower with Radar,5,60,34,0,99,0,1,118,0,119,5,61,152,0,218,98,0,98,316
01/17/2010,SBA,CA,AWP,WE,Combined TRACON& Tower with Radar,7,62,48,0,117,0,2,19,0,21,7,64,67,0,138,56,0,56,194
01/18/2010,SBA,CA,AWP,WE,Combined TRACON& Tower with Radar,8,73,18,0,99,0,0,5,3,8,8,73,23,3,107,42,0,42,149
01/19/2010,SBA,CA,AWP,WE,Combined TRACON& Tower with Radar,7,83,28,0,118,0,0,15,0,15,7,83,43,0,133,0,0,0,133
01/20/2010,SBA,CA,AWP,WE,Combined TRACON& Tower with Radar,8,65,17,2,92,0,1,8,0,9,8,66,25,2,101,0,0,0,101
01/21/2010,SBA,CA,AWP,WE,Combined TRACON& Tower with Radar,9,73,20,0,102,0,0,10,0,10,9,73,30,0,112,0,0,0,112
01/22/2010,SBA,CA,AWP,WE,Combined TRACON& Tower with Radar,8,72,38,8,126,0,0,6,1,7,8,72,44,9,133,14,0,14,147
01/23/2010,SBA,CA,AWP,WE,Combined TRACON& Tower with Radar,5,62,45,4,116,0,1,136,4,141,5,63,181,8,257,158,0,158,415
01/24/2010,SBA,CA,AWP,WE,Combined TRACON& Tower with Radar,11,62,40,8,121,0,4,122,0,126,11,66,162,8,247,58,0,58,305
01/25/2010,SBA,CA,AWP,WE,Combined TRACON& Tower with Radar,8,69,42,2,121,0,2,33,2,37,8,71,75,4,158,98,0,98,256
01/26/2010,SBA,CA,AWP,WE,Combined TRACON& Tower with Radar,4,81,37,0,122,0,0,15,5,20,4,81,52,5,142,70,0,70,212
01/27/2010,SBA,CA,AWP,WE,Combined TRACON& Tower with Radar,6,72,42,6,126,0,0,60,1,61,6,72,102,7,187,144,2,146,333
01/28/2010,SBA,CA,AWP,WE,Combined TRACON& Tower with Radar,10,76,26,0,112,0,0,104,0,104,10,76,130,0,216,150,0,150,366
01/29/2010,SBA,CA,AWP,WE,Combined TRACON& Tower with Radar,8,76,29,6,119,0,4,89,3,96,8,80,118,9,215,18,6,24,239
01/30/2010,SBA,CA,AWP,WE,Combined TRACON& Tower with Radar,5,65,39,0,109,0,3,78,0,81,5,68,117,0,190,174,0,174,364
01/31/2010,SBA,CA,AWP,WE,Combined TRACON& Tower with Radar,9,72,60,0,141,0,1,129,0,130,9,73,189,0,271,118,0,118,389
02/01/2010,SBA,CA,AWP,WE,Combined TRACON& Tower with Radar,8,77,40,0,125,0,0,70,8,78,8,77,110,8,203,60,0,60,263
02/02/2010,SBA,CA,AWP,WE,Combined TRACON& Tower with Radar,4,78,51,1,134,0,0,46,5,51,4,78,97,6,185,62,0,62,247
02/03/2010,SBA,CA,AWP,WE,Combined TRACON& Tower with Radar,6,78,52,0,136,0,0,77,2,79,6,78,129,2,215,87,0,87,302
02/04/2010,SBA,CA,AWP,WE,Combined TRACON& Tower with Radar,7,74,47,1,129,0,0,31,5,36,7,74,78,6,165,134,0,134,299
02/05/2010,SBA,CA,AWP,WE,Combined TRACON& Tower with Radar,6,86,68,0,160,0,0,2,0,2,6,86,70,0,162,8,0,8,170
02/06/2010,SBA,CA,AWP,WE,Combined TRACON& Tower with Radar,3,65,29,0,97,0,1,10,0,11,3,66,39,0,108,60,0,60,168
02/07/2010,SBA,CA,AWP,WE,Combined TRACON& Tower with Radar,9,69,46,0,124,0,0,46,0,46,9,69,92,0,170,72,0,72,242
02/08/2010,SBA,CA,AWP,WE,Combined TRACON& Tower with Radar,8,81,41,8,138,0,2,109,2,113,8,83,150,10,251,104,4,108,359
02/09/2010,SBA,CA,AWP,WE,Combined TRACON& Tower with Radar,4,82,40,2,128,0,0,20,0,20,4,82,60,2,148,112,0,112,260
02/10/2010,SBA,CA,AWP,WE,Combined TRACON& Tower with Radar,4,83,41,6,134,0,4,89,2,95,4,87,130,8,229,142,0,142,371
02/11/2010,SBA,CA,AWP,WE,Combined TRACON& Tower with Radar,8,90,53,4,155,0,2,111,0,113,8,92,164,4,268,137,0,137,405
02/12/2010,SBA,CA,AWP,WE,Combined TRACON& Tower with Radar,8,99,61,0,168,0,3,112,1,116,8,102,173,1,284,62,0,62,346
02/13/2010,SBA,CA,AWP,WE,Combined TRACON& Tower with Radar,6,72,22,0,100,0,1,166,1,168,6,73,188,1,268,74,0,74,342
02/14/2010,SBA,CA,AWP,WE,Combined TRACON& Tower with Radar,7,63,23,0,93,0,0,121,0,121,7,63,144,0,214,128,0,128,342
02/15/2010,SBA,CA,AWP,WE,Combined TRACON& Tower with Radar,9,86,56,0,151,0,1,151,1,153,9,87,207,1,304,170,0,170,474
02/16/2010,SBA,CA,AWP,WE,Combined TRACON& Tower with Radar,6,91,50,2,149,0,1,82,2,85,6,92,132,4,234,104,0,104,338
02/17/2010,SBA,CA,AWP,WE,Combined TRACON& Tower with Radar,10,90,42,3,145,0,2,129,2,133,10,92,171,5,278,136,0,136,414
02/18/2010,SBA,CA,AWP,WE,Combined TRACON& Tower with Radar,8,78,75,0,161,0,0,29,1,30,8,78,104,1,191,26,0,26,217
02/19/2010,SBA,CA,AWP,WE,Combined TRACON& Tower with Radar,8,84,59,4,155,0,1,28,0,29,8,85,87,4,184,198,0,198,382
02/20/2010,SBA,CA,AWP,WE,Combined TRACON& Tower with Radar,6,71,35,2,114,0,2,72,1,75,6,73,107,3,189,104,0,104,293
02/21/2010,SBA,CA,AWP,WE,Combined TRACON& Tower with Radar,7,68,34,2,111,0,0,20,0,20,7,68,54,2,131,152,0,152,283
02/22/2010,SBA,CA,AWP,WE,Combined TRACON& Tower with Radar,9,79,34,0,122,0,0,44,3,47,9,79,78,3,169,68,0,68,237
02/23/2010,SBA,CA,AWP,WE,Combined TRACON& Tower with Radar,6,76,39,1,122,0,2,90,1,93,6,78,129,2,215,196,0,196,411
02/24/2010,SBA,CA,AWP,WE,Combined TRACON& Tower with Radar,7,76,63,2,148,0,0,0,0,0,7,76,63,2,148,42,0,42,190
02/25/2010,SBA,CA,AWP,WE,Combined TRACON& Tower with Radar,8,75,37,2,122,0,1,103,2,106,8,76,140,4,228,81,0,81,309
02/26/2010,SBA,CA,AWP,WE,Combined TRACON& Tower with Radar,8,73,39,2,122,0,3,69,2,74,8,76,108,4,196,52,0,52,248
02/27/2010,SBA,CA,AWP,WE,Combined TRACON& Tower with Radar,6,62,17,0,85,0,1,4,1,6,6,63,21,1,91,46,0,46,137
02/28/2010,SBA,CA,AWP,WE,Combined TRACON& Tower with Radar,7,64,48,2,121,0,0,152,0,152,7,64,200,2,273,144,0,144,417
03/01/2010,SBA,CA,AWP,WE,Combined TRACON& Tower with Radar,10,69,35,2,116,0,0,55,0,55,10,69,90,2,171,112,0,112,283
03/02/2010,SBA,CA,AWP,WE,Combined TRACON& Tower with Radar,6,79,50,2,137,0,0,17,2,19,6,79,67,4,156,90,0,90,246
03/03/2010,SBA,CA,AWP,WE,Combined TRACON& Tower with Radar,8,79,57,2,146,0,1,45,3,49,8,80,102,5,195,54,0,54,249
03/04/2010,SBA,CA,AWP,WE,Combined TRACON& Tower with Radar,8,83,32,0,123,0,0,96,3,99,8,83,128,3,222,104,0,104,326
03/05/2010,SBA,CA,AWP,WE,Combined TRACON& Tower with Radar,8,82,61,2,153,0,5,87,10,102,8,87,148,12,255,102,0,102,357
03/06/2010,SBA,CA,AWP,WE,Combined TRACON& Tower with Radar,4,68,30,0,102,0,0,28,0,28,4,68,58,0,130,20,0,20,150
03/07/2010,SBA,CA,AWP,WE,Combined TRACON& Tower with Radar,8,61,37,0,106,0,0,67,0,67,8,61,104,0,173,40,0,40,213
03/08/2010,SBA,CA,AWP,WE,Combined TRACON& Tower with Radar,8,82,31,1,122,0,3,37,0,40,8,85,68,1,162,42,0,42,204
03/09/2010,SBA,CA,AWP,WE,Combined TRACON& Tower with Radar,6,82,27,2,117,0,1,46,9,56,6,83,73,11,173,26,0,26,199
03/10/2010,SBA,CA,AWP,WE,Combined TRACON& Tower with Radar,8,75,38,0,121,0,1,52,0,53,8,76,90,0,174,89,0,89,263
03/11/2010,SBA,CA,AWP,WE,Combined TRACON& Tower with Radar,10,80,53,2,145,0,2,115,4,121,10,82,168,6,266,72,0,72,338
03/12/2010,SBA,CA,AWP,WE,Combined TRACON& Tower with Radar,8,77,57,1,143,0,3,125,4,132,8,80,182,5,275,52,0,52,327
03/13/2010,SBA,CA,AWP,WE,Combined TRACON& Tower with Radar,4,68,29,0,101,0,4,95,2,101,4,72,124,2,202,114,0,114,316
03/14/2010,SBA,CA,AWP,WE,Combined TRACON& Tower with Radar,6,74,47,2,129,0,2,154,0,156,6,76,201,2,285,236,0,236,521
03/15/2010,SBA,CA,AWP,WE,Combined TRACON& Tower with Radar,8,76,36,2,122,0,2,81,3,86,8,78,117,5,208,0,0,0,208
03/16/2010,SBA,CA,AWP,WE,Combined TRACON& Tower with Radar,6,83,34,8,131,0,4,106,1,111,6,87,140,9,242,88,0,88,330
03/17/2010,SBA,CA,AWP,WE,Combined TRACON& Tower with Radar,10,78,45,0,133,0,3,87,2,92,10,81,132,2,225,24,0,24,249
03/18/2010,SBA,CA,AWP,WE,Combined TRACON& Tower with Radar,8,78,36,4,126,0,3,106,1,110,8,81,142,5,236,68,0,68,304
03/19/2010,SBA,CA,AWP,WE,Combined TRACON& Tower with Radar,8,74,60,1,143,0,2,109,2,113,8,76,169,3,256,58,0,58,314
03/20/2010,SBA,CA,AWP,WE,Combined TRACON& Tower with Radar,6,68,39,1,114,0,2,135,3,140,6,70,174,4,254,178,0,178,432
03/21/2010,SBA,CA,AWP,WE,Combined TRACON& Tower with Radar,6,65,51,0,122,0,0,115,0,115,6,65,166,0,237,86,0,86,323
03/22/2010,SBA,CA,AWP,WE,Combined TRACON& Tower with Radar,8,80,36,2,126,0,2,57,1,60,8,82,93,3,186,140,0,140,326
03/23/2010,SBA,CA,AWP,WE,Combined TRACON& Tower with Radar,6,81,40,3,130,0,2,72,2,76,6,83,112,5,206,113,0,113,319
03/24/2010,SBA,CA,AWP,WE,Combined TRACON& Tower with Radar,8,78,43,1,130,0,3,79,7,89,8,81,122,8,219,144,0,144,363
03/25/2010,SBA,CA,AWP,WE,Combined TRACON& Tower with Radar,10,80,57,1,148,0,2,53,9,64,10,82,110,10,212,42,0,42,254
03/26/2010,SBA,CA,AWP,WE,Combined TRACON& Tower with Radar,6,88,52,2,148,0,2,148,0,150,6,90,200,2,298,116,0,116,414
03/27/2010,SBA,CA,AWP,WE,Combined TRACON& Tower with Radar,4,75,42,2,123,0,1,101,2,104,4,76,143,4,227,200,0,200,427
03/28/2010,SBA,CA,AWP,WE,Combined TRACON& Tower with Radar,6,76,37,0,119,0,0,176,0,176,6,76,213,0,295,116,0,116,411
03/29/2010,SBA,CA,AWP,WE,Combined TRACON& Tower with Radar,6,80,42,1,129,0,4,75,3,82,6,84,117,4,211,64,0,64,275
03/30/2010,SBA,CA,AWP,WE,Combined TRACON& Tower with Radar,6,83,36,6,131,0,2,40,3,45,6,85,76,9,176,132,0,132,308
03/31/2010,SBA,CA,AWP,WE,Combined TRACON& Tower with Radar,8,76,36,2,122,0,1,38,3,42,8,77,74,5,164,26,2,28,192
04/01/2010,SBA,CA,AWP,WE,Combined TRACON& Tower with Radar,8,77,36,0,121,0,4,60,3,67,8,81,96,3,188,0,0,0,188
04/02/2010,SBA,CA,AWP,WE,Combined TRACON& Tower with Radar,8,73,40,1,122,0,3,116,4,123,8,76,156,5,245,58,0,58,303
04/03/2010,SBA,CA,AWP,WE,Combined TRACON& Tower with Radar,5,74,43,0,122,0,2,110,3,115,5,76,153,3,237,166,0,166,403
04/04/2010,SBA,CA,AWP,WE,Combined TRACON& Tower with Radar,7,75,46,0,128,0,0,37,0,37,7,75,83,0,165,23,0,23,188
04/05/2010,SBA,CA,AWP,WE,Combined TRACON& Tower with Radar,8,77,33,2,120,0,2,32,3,37,8,79,65,5,157,22,0,22,179
04/06/2010,SBA,CA,AWP,WE,Combined TRACON& Tower with Radar,7,79,30,2,118,0,4,98,0,102,7,83,128,2,220,74,0,74,294
04/07/2010,SBA,CA,AWP,WE,Combined TRACON& Tower with Radar,10,71,31,4,116,0,4,78,0,82,10,75,109,4,198,104,4,108,306
04/08/2010,SBA,CA,AWP,WE,Combined TRACON& Tower with Radar,10,76,45,4,135,0,4,139,2,145,10,80,184,6,280,118,0,118,398
04/09/2010,SBA,CA,AWP,WE,Combined TRACON& Tower with Radar,10,81,34,0,125,0,3,108,4,115,10,84,142,4,240,94,0,94,334
04/10/2010,SBA,CA,AWP,WE,Combined TRACON& Tower with Radar,6,61,54,0,121,0,0,45,2,47,6,61,99,2,168,82,0,82,250
04/11/2010,SBA,CA,AWP,WE,Combined TRACON& Tower with Radar,10,72,43,0,125,0,0,13,0,13,10,72,56,0,138,14,0,14,152
04/12/2010,SBA,CA,AWP,WE,Combined TRACON& Tower with Radar,10,75,43,0,128,0,0,20,0,20,10,75,63,0,148,0,0,0,148
04/13/2010,SBA,CA,AWP,WE,Combined TRACON& Tower with Radar,8,86,33,3,130,0,3,82,1,86,8,89,115,4,216,94,0,94,310
04/14/2010,SBA,CA,AWP,WE,Combined TRACON& Tower with Radar,10,75,43,0,128,0,6,107,10,123,10,81,150,10,251,102,0,102,353
04/15/2010,SBA,CA,AWP,WE,Combined TRACON& Tower with Radar,10,84,34,4,132,0,1,91,2,94,10,85,125,6,226,76,4,80,306
04/16/2010,SBA,CA,AWP,WE,Combined TRACON& Tower with Radar,9,85,46,1,141,0,4,113,3,120,9,89,159,4,261,154,12,166,427
04/17/2010,SBA,CA,AWP,WE,Combined TRACON& Tower with Radar,8,61,43,0,112,0,0,134,0,134,8,61,177,0,246,122,0,122,368
04/18/2010,SBA,CA,AWP,WE,Combined TRACON& Tower with Radar,12,75,56,2,145,0,2,106,0,108,12,77,162,2,253,60,0,60,313
04/19/2010,SBA,CA,AWP,WE,Combined TRACON& Tower with Radar,8,77,39,2,126,0,0,66,4,70,8,77,105,6,196,106,0,106,302
04/20/2010,SBA,CA,AWP,WE,Combined TRACON& Tower with Radar,8,74,44,0,126,0,0,9,2,11,8,74,53,2,137,6,0,6,143
04/21/2010,SBA,CA,AWP,WE,Combined TRACON& Tower with Radar,8,81,46,1,136,0,0,14,3,17,8,81,60,4,153,38,0,38,191
04/22/2010,SBA,CA,AWP,WE,Combined TRACON& Tower with Radar,12,71,60,2,145,0,1,46,2,49,12,72,106,4,194,0,0,0,194
04/23/2010,SBA,CA,AWP,WE,Combined TRACON& Tower with Radar,10,88,46,1,145,0,1,94,1,96,10,89,140,2,241,88,0,88,329
04/24/2010,SBA,CA,AWP,WE,Combined TRACON& Tower with Radar,8,67,46,4,125,0,0,60,1,61,8,67,106,5,186,196,4,200,386
04/25/2010,SBA,CA,AWP,WE,Combined TRACON& Tower with Radar,8,75,84,0,167,0,0,28,0,28,8,75,112,0,195,118,0,118,313
04/26/2010,SBA,CA,AWP,WE,Combined TRACON& Tower with Radar,10,77,71,0,158,0,0,21,0,21,10,77,92,0,179,42,0,42,221
04/27/2010,SBA,CA,AWP,WE,Combined TRACON& Tower with Radar,8,80,81,0,169,0,0,30,3,33,8,80,111,3,202,28,0,28,230
04/28/2010,SBA,CA,AWP,WE,Combined TRACON& Tower with Radar,10,93,37,1,141,0,1,32,2,35,10,94,69,3,176,10,0,10,186
04/29/2010,SBA,CA,AWP,WE,Combined TRACON& Tower with Radar,10,91,23,0,124,0,2,39,0,41,10,93,62,0,165,46,0,46,211
04/30/2010,SBA,CA,AWP,WE,Combined TRACON& Tower with Radar,10,83,38,0,131,0,3,77,2,82,10,86,115,2,213,38,0,38,251
05/01/2010,SBA,CA,AWP,WE,Combined TRACON& Tower with Radar,8,60,40,0,108,0,1,99,2,102,8,61,139,2,210,118,0,118,328
05/02/2010,SBA,CA,AWP,WE,Combined TRACON& Tower with Radar,10,62,49,2,123,0,2,104,2,108,10,64,153,4,231,62,0,62,293
05/03/2010,SBA,CA,AWP,WE,Combined TRACON& Tower with Radar,10,72,36,0,118,0,6,114,3,123,10,78,150,3,241,64,0,64,305
05/04/2010,SBA,CA,AWP,WE,Combined TRACON& Tower with Radar,8,78,32,2,120,0,4,88,0,92,8,82,120,2,212,68,0,68,280
05/05/2010,SBA,CA,AWP,WE,Combined TRACON& Tower with Radar,8,80,37,5,130,0,2,91,3,96,8,82,128,8,226,98,0,98,324
05/06/2010,SBA,CA,AWP,WE,Combined TRACON& Tower with Radar,10,79,71,0,160,0,6,109,2,117,10,85,180,2,277,140,0,140,417
05/07/2010,SBA,CA,AWP,WE,Combined TRACON& Tower with Radar,10,80,30,5,125,0,3,122,9,134,10,83,152,14,259,142,0,142,401
05/08/2010,SBA,CA,AWP,WE,Combined TRACON& Tower with Radar,8,67,31,0,106,0,5,156,0,161,8,72,187,0,267,126,0,126,393
05/09/2010,SBA,CA,AWP,WE,Combined TRACON& Tower with Radar,12,65,40,0,117,0,4,62,0,66,12,69,102,0,183,56,0,56,239
05/10/2010,SBA,CA,AWP,WE,Combined TRACON& Tower with Radar,12,75,31,6,124,0,1,51,5,57,12,76,82,11,181,54,6,60,241
05/11/2010,SBA,CA,AWP,WE,Combined TRACON& Tower with Radar,12,66,24,2,104,0,2,46,1,49,12,68,70,3,153,22,8,30,183
05/12/2010,SBA,CA,AWP,WE,Combined TRACON& Tower with Radar,11,72,25,1,109,0,2,88,7,97,11,74,113,8,206,110,0,110,316
05/13/2010,SBA,CA,AWP,WE,Combined TRACON& Tower with Radar,12,74,51,10,147,0,5,113,0,118,12,79,164,10,265,102,0,102,367
05/14/2010,SBA,CA,AWP,WE,Combined TRACON& Tower with Radar,12,77,83,1,173,0,2,40,1,43,12,79,123,2,216,92,0,92,308
05/15/2010,SBA,CA,AWP,WE,Combined TRACON& Tower with Radar,8,65,52,2,127,0,0,126,2,128,8,65,178,4,255,120,0,120,375
05/16/2010,SBA,CA,AWP,WE,Combined TRACON& Tower with Radar,10,70,116,0,196,0,1,23,1,25,10,71,139,1,221,106,0,106,327
05/17/2010,SBA,CA,AWP,WE,Combined TRACON& Tower with Radar,12,67,68,3,150,0,2,11,0,13,12,69,79,3,163,0,0,0,163
05/18/2010,SBA,CA,AWP,WE,Combined TRACON& Tower with Radar,11,72,79,2,164,0,1,12,0,13,11,73,91,2,177,80,0,80,257
05/19/2010,SBA,CA,AWP,WE,Combined TRACON& Tower with Radar,12,81,67,2,162,0,0,60,4,64,12,81,127,6,226,84,0,84,310
05/20/2010,SBA,CA,AWP,WE,Combined TRACON& Tower with Radar,12,71,26,3,112,0,3,84,0,87,12,74,110,3,199,121,0,121,320
05/21/2010,SBA,CA,AWP,WE,Combined TRACON& Tower with Radar,12,73,24,1,110,0,2,98,2,102,12,75,122,3,212,154,0,154,366
05/22/2010,SBA,CA,AWP,WE,Combined TRACON& Tower with Radar,7,62,31,0,100,0,2,58,0,60,7,64,89,0,160,18,0,18,178
05/23/2010,SBA,CA,AWP,WE,Combined TRACON& Tower with Radar,10,65,39,0,114,0,0,60,0,60,10,65,99,0,174,99,0,99,273
05/24/2010,SBA,CA,AWP,WE,Combined TRACON& Tower with Radar,12,76,52,2,142,0,0,72,0,72,12,76,124,2,214,130,4,134,348
05/25/2010,SBA,CA,AWP,WE,Combined TRACON& Tower with Radar,12,68,45,2,127,0,0,89,1,90,12,68,134,3,217,139,0,139,356
05/26/2010,SBA,CA,AWP,WE,Combined TRACON& Tower with Radar,12,81,63,4,160,0,4,42,2,48,12,85,105,6,208,178,0,178,386
05/27/2010,SBA,CA,AWP,WE,Combined TRACON& Tower with Radar,14,82,43,2,141,0,3,65,2,70,14,85,108,4,211,198,0,198,409
05/28/2010,SBA,CA,AWP,WE,Combined TRACON& Tower with Radar,12,75,39,0,126,0,4,98,1,103,12,79,137,1,229,192,0,192,421
05/29/2010,SBA,CA,AWP,WE,Combined TRACON& Tower with Radar,6,61,36,0,103,0,5,172,0,177,6,66,208,0,280,0,0,0,280
05/30/2010,SBA,CA,AWP,WE,Combined TRACON& Tower with Radar,12,52,24,0,88,0,0,137,4,141,12,52,161,4,229,94,0,94,323
05/31/2010,SBA,CA,AWP,WE,Combined TRACON& Tower with Radar,12,78,67,0,157,0,0,155,0,155,12,78,222,0,312,142,0,142,454
06/01/2010,SBA,CA,AWP,WE,Combined TRACON& Tower with Radar,14,76,66,0,156,0,1,31,0,32,14,77,97,0,188,62,0,62,250
06/02/2010,SBA,CA,AWP,WE,Combined TRACON& Tower with Radar,14,64,59,7,144,0,5,60,0,65,14,69,119,7,209,78,0,78,287
06/03/2010,SBA,CA,AWP,WE,Combined TRACON& Tower with Radar,14,77,83,0,174,0,0,18,0,18,14,77,101,0,192,0,0,0,192
06/04/2010,SBA,CA,AWP,WE,Combined TRACON& Tower with Radar,16,73,89,2,180,0,1,31,0,32,16,74,120,2,212,26,0,26,238
06/05/2010,SBA,CA,AWP,WE,Combined TRACON& Tower with Radar,15,63,47,2,127,0,0,40,0,40,15,63,87,2,167,102,0,102,269
06/06/2010,SBA,CA,AWP,WE,Combined TRACON& Tower with Radar,16,62,65,1,144,0,0,55,1,56,16,62,120,2,200,119,0,119,319
06/07/2010,SBA,CA,AWP,WE,Combined TRACON& Tower with Radar,17,62,62,0,141,0,1,23,0,24,17,63,85,0,165,0,0,0,165
06/08/2010,SBA,CA,AWP,WE,Combined TRACON& Tower with Radar,16,73,64,0,153,0,5,30,0,35,16,78,94,0,188,52,0,52,240
06/09/2010,SBA,CA,AWP,WE,Combined TRACON& Tower with Radar,16,69,54,2,141,0,5,59,4,68,16,74,113,6,209,124,0,124,333
06/10/2010,SBA,CA,AWP,WE,Combined TRACON& Tower with Radar,16,61,32,2,111,0,0,74,2,76,16,61,106,4,187,159,0,159,346
06/11/2010,SBA,CA,AWP,WE,Combined TRACON& Tower with Radar,17,71,41,0,129,0,9,92,3,104,17,80,133,3,233,212,0,212,445
06/12/2010,SBA,CA,AWP,WE,Combined TRACON& Tower with Radar,13,63,44,0,120,0,1,80,2,83,13,64,124,2,203,160,0,160,363
06/13/2010,SBA,CA,AWP,WE,Combined TRACON& Tower with Radar,17,68,58,0,143,0,0,62,3,65,17,68,120,3,208,0,0,0,208
06/14/2010,SBA,CA,AWP,WE,Combined TRACON& Tower with Radar,20,60,47,4,131,0,4,46,3,53,20,64,93,7,184,116,4,120,304
06/15/2010,SBA,CA,AWP,WE,Combined TRACON& Tower with Radar,20,57,47,2,126,0,4,69,4,77,20,61,116,6,203,84,0,84,287
06/16/2010,SBA,CA,AWP,WE,Combined TRACON& Tower with Radar,16,63,53,2,134,0,6,78,2,86,16,69,131,4,220,0,0,0,220
06/17/2010,SBA,CA,AWP,WE,Combined TRACON& Tower with Radar,18,61,46,0,125,0,4,100,0,104,18,65,146,0,229,124,0,124,353
06/18/2010,SBA,CA,AWP,WE,Combined TRACON& Tower with Radar,14,59,57,2,132,0,2,93,11,106,14,61,150,13,238,192,0,192,430
06/19/2010,SBA,CA,AWP,WE,Combined TRACON& Tower with Radar,13,53,37,2,105,0,5,111,0,116,13,58,148,2,221,102,0,102,323
06/20/2010,SBA,CA,AWP,WE,Combined TRACON& Tower with Radar,15,62,29,0,106,0,0,165,3,168,15,62,194,3,274,106,0,106,380
06/21/2010,SBA,CA,AWP,WE,Combined TRACON& Tower with Radar,17,72,63,0,152,0,2,48,16,66,17,74,111,16,218,45,0,45,263
06/22/2010,SBA,CA,AWP,WE,Combined TRACON& Tower with Radar,19,63,65,1,148,0,4,45,6,55,19,67,110,7,203,30,0,30,233
06/23/2010,SBA,CA,AWP,WE,Combined TRACON& Tower with Radar,22,65,86,1,174,0,6,52,1,59,22,71,138,2,233,68,0,68,301
06/24/2010,SBA,CA,AWP,WE,Combined TRACON& Tower with Radar,20,72,54,8,154,0,5,73,12,90,20,77,127,20,244,170,0,170,414
06/25/2010,SBA,CA,AWP,WE,Combined TRACON& Tower with Radar,19,57,44,0,120,0,3,131,7,141,19,60,175,7,261,130,0,130,391
06/26/2010,SBA,CA,AWP,WE,Combined TRACON& Tower with Radar,17,51,28,1,97,0,2,111,2,115,17,53,139,3,212,177,0,177,389
06/27/2010,SBA,CA,AWP,WE,Combined TRACON& Tower with Radar,15,71,65,2,153,0,0,56,0,56,15,71,121,2,209,66,0,66,275
06/28/2010,SBA,CA,AWP,WE,Combined TRACON& Tower with Radar,20,63,57,0,140,0,1,13,6,20,20,64,70,6,160,94,0,94,254
06/29/2010,SBA,CA,AWP,WE,Combined TRACON& Tower with Radar,20,63,83,0,166,0,1,1,0,2,20,64,84,0,168,32,0,32,200
06/30/2010,SBA,CA,AWP,WE,Combined TRACON& Tower with Radar,19,69,65,8,161,0,5,35,0,40,19,74,100,8,201,108,0,108,309
07/01/2010,SBA,CA,AWP,WE,Combined TRACON& Tower with Radar,18,69,48,0,135,0,4,118,0,122,18,73,166,0,257,150,0,150,407
07/02/2010,SBA,CA,AWP,WE,Combined TRACON& Tower with Radar,18,63,44,2,127,0,2,91,4,97,18,65,135,6,224,148,0,148,372
07/03/2010,SBA,CA,AWP,WE,Combined TRACON& Tower with Radar,11,59,62,0,132,0,0,40,2,42,11,59,102,2,174,128,0,128,302
07/04/2010,SBA,CA,AWP,WE,Combined TRACON& Tower with Radar,6,40,37,0,83,0,0,28,0,28,6,40,65,0,111,94,0,94,205
07/05/2010,SBA,CA,AWP,WE,Combined TRACON& Tower with Radar,20,68,91,0,179,0,1,12,0,13,20,69,103,0,192,100,0,100,292
07/06/2010,SBA,CA,AWP,WE,Combined TRACON& Tower with Radar,18,75,33,2,128,0,0,14,0,14,18,75,47,2,142,68,0,68,210
07/07/2010,SBA,CA,AWP,WE,Combined TRACON& Tower with Radar,18,62,54,2,136,0,5,21,0,26,18,67,75,2,162,102,0,102,264
07/08/2010,SBA,CA,AWP,WE,Combined TRACON& Tower with Radar,20,63,62,9,154,0,0,15,2,17,20,63,77,11,171,60,0,60,231
07/09/2010,SBA,CA,AWP,WE,Combined TRACON& Tower with Radar,22,63,57,2,144,0,3,38,2,43,22,66,95,4,187,144,0,144,331
07/10/2010,SBA,CA,AWP,WE,Combined TRACON& Tower with Radar,14,66,60,2,142,0,1,64,0,65,14,67,124,2,207,70,0,70,277
07/11/2010,SBA,CA,AWP,WE,Combined TRACON& Tower with Radar,12,74,69,0,155,0,0,33,1,34,12,74,102,1,189,126,0,126,315
07/12/2010,SBA,CA,AWP,WE,Combined TRACON& Tower with Radar,18,62,65,2,147,0,2,57,2,61,18,64,122,4,208,0,0,0,208
07/13/2010,SBA,CA,AWP,WE,Combined TRACON& Tower with Radar,16,66,34,2,118,0,0,112,4,116,16,66,146,6,234,153,0,153,387
07/14/2010,SBA,CA,AWP,WE,Combined TRACON& Tower with Radar,17,64,41,2,124,0,2,129,4,135,17,66,170,6,259,233,0,233,492
07/15/2010,SBA,CA,AWP,WE,Combined TRACON& Tower with Radar,18,67,53,6,144,0,2,103,0,105,18,69,156,6,249,203,0,203,452
07/16/2010,SBA,CA,AWP,WE,Combined TRACON& Tower with Radar,18,67,31,2,118,0,3,103,11,117,18,70,134,13,235,128,0,128,363
07/17/2010,SBA,CA,AWP,WE,Combined TRACON& Tower with Radar,13,59,42,1,115,0,1,156,3,160,13,60,198,4,275,74,0,74,349
07/18/2010,SBA,CA,AWP,WE,Combined TRACON& Tower with Radar,13,74,47,2,136,0,0,139,0,139,13,74,186,2,275,118,0,118,393
07/19/2010,SBA,CA,AWP,WE,Combined TRACON& Tower with Radar,20,59,57,5,141,0,0,53,1,54,20,59,110,6,195,106,4,110,305
07/20/2010,SBA,CA,AWP,WE,Combined TRACON& Tower with Radar,16,70,54,4,144,0,0,75,0,75,16,70,129,4,219,60,0,60,279
07/21/2010,SBA,CA,AWP,WE,Combined TRACON& Tower with Radar,18,61,67,4,150,0,0,115,0,115,18,61,182,4,265,10,0,10,275
07/22/2010,SBA,CA,AWP,WE,Combined TRACON& Tower with Radar,18,68,42,1,129,0,0,47,0,47,18,68,89,1,176,76,0,76,252
07/23/2010,SBA,CA,AWP,WE,Combined TRACON& Tower with Radar,17,62,61,0,140,0,0,59,0,59,17,62,120,0,199,76,0,76,275
07/24/2010,SBA,CA,AWP,WE,Combined TRACON& Tower with Radar,13,56,55,8,132,0,1,81,3,85,13,57,136,11,217,62,0,62,279
07/25/2010,SBA,CA,AWP,WE,Combined TRACON& Tower with Radar,13,69,64,2,148,0,2,91,1,94,13,71,155,3,242,40,0,40,282
07/26/2010,SBA,CA,AWP,WE,Combined TRACON& Tower with Radar,17,68,60,4,149,0,3,17,0,20,17,71,77,4,169,104,0,104,273
07/27/2010,SBA,CA,AWP,WE,Combined TRACON& Tower with Radar,16,59,61,4,140,0,7,45,6,58,16,66,106,10,198,212,0,212,410
07/28/2010,SBA,CA,AWP,WE,Combined TRACON& Tower with Radar,18,63,41,9,131,0,3,98,2,103,18,66,139,11,234,90,4,94,328
07/29/2010,SBA,CA,AWP,WE,Combined TRACON& Tower with Radar,18,64,36,4,122,0,0,270,0,270,18,64,306,4,392,0,0,0,392
07/30/2010,SBA,CA,AWP,WE,Combined TRACON& Tower with Radar,17,70,45,3,135,0,2,77,1,80,17,72,122,4,215,180,0,180,395
07/31/2010,SBA,CA,AWP,WE,Combined TRACON& Tower with Radar,15,54,63,0,132,0,0,82,0,82,15,54,145,0,214,66,0,66,280
08/01/2010,SBA,CA,AWP,WE,Combined TRACON& Tower with Radar,13,73,70,2,158,0,2,52,1,55,13,75,122,3,213,48,0,48,261
08/02/2010,SBA,CA,AWP,WE,Combined TRACON& Tower with Radar,18,60,50,4,132,0,1,58,0,59,18,61,108,4,191,90,0,90,281
08/03/2010,SBA,CA,AWP,WE,Combined TRACON& Tower with Radar,17,63,42,3,125,0,2,65,0,67,17,65,107,3,192,186,0,186,378
08/04/2010,SBA,CA,AWP,WE,Combined TRACON& Tower with Radar,17,71,59,7,154,0,6,69,2,77,17,77,128,9,231,218,0,218,449
08/05/2010,SBA,CA,AWP,WE,Combined TRACON& Tower with Radar,18,67,57,0,142,0,4,59,0,63,18,71,116,0,205,186,0,186,391
08/06/2010,SBA,CA,AWP,WE,Combined TRACON& Tower with Radar,18,70,51,0,139,0,2,70,0,72,18,72,121,0,211,54,0,54,265
08/07/2010,SBA,CA,AWP,WE,Combined TRACON& Tower with Radar,13,67,86,2,168,0,0,49,0,49,13,67,135,2,217,100,0,100,317
08/08/2010,SBA,CA,AWP,WE,Combined TRACON& Tower with Radar,13,80,67,2,162,0,1,98,0,99,13,81,165,2,261,2,0,2,263
08/09/2010,SBA,CA,AWP,WE,Combined TRACON& Tower with Radar,18,57,52,1,128,0,5,80,3,88,18,62,132,4,216,104,0,104,320
08/10/2010,SBA,CA,AWP,WE,Combined TRACON& Tower with Radar,16,71,68,3,158,0,4,39,1,44,16,75,107,4,202,28,0,28,230
08/11/2010,SBA,CA,AWP,WE,Combined TRACON& Tower with Radar,16,63,69,4,152,0,2,72,0,74,16,65,141,4,226,108,0,108,334
08/12/2010,SBA,CA,AWP,WE,Combined TRACON& Tower with Radar,18,64,42,2,126,0,7,82,0,89,18,71,124,2,215,188,0,188,403
08/13/2010,SBA,CA,AWP,WE,Combined TRACON& Tower with Radar,18,66,46,3,133,0,2,84,2,88,18,68,130,5,221,62,20,82,303
08/14/2010,SBA,CA,AWP,WE,Combined TRACON& Tower with Radar,12,61,45,0,118,0,0,103,0,103,12,61,148,0,221,34,0,34,255
08/15/2010,SBA,CA,AWP,WE,Combined TRACON& Tower with Radar,13,61,53,1,128,0,0,125,1,126,13,61,178,2,254,166,0,166,420
08/16/2010,SBA,CA,AWP,WE,Combined TRACON& Tower with Radar,18,66,42,1,127,0,0,68,0,68,18,66,110,1,195,106,0,106,301
08/17/2010,SBA,CA,AWP,WE,Combined TRACON& Tower with Radar,18,64,46,2,130,0,6,86,3,95,18,70,132,5,225,104,0,104,329
08/18/2010,SBA,CA,AWP,WE,Combined TRACON& Tower with Radar,16,53,42,3,114,0,5,136,3,144,16,58,178,6,258,224,0,224,482
08/19/2010,SBA,CA,AWP,WE,Combined TRACON& Tower with Radar,19,57,54,2,132,0,11,120,3,134,19,68,174,5,266,146,0,146,412
08/20/2010,SBA,CA,AWP,WE,Combined TRACON& Tower with Radar,17,76,55,0,148,0,3,110,5,118,17,79,165,5,266,150,0,150,416
08/21/2010,SBA,CA,AWP,WE,Combined TRACON& Tower with Radar,12,62,36,1,111,0,0,161,0,161,12,62,197,1,272,132,0,132,404
08/22/2010,SBA,CA,AWP,WE,Combined TRACON& Tower with Radar,11,64,38,2,115,0,0,167,5,172,11,64,205,7,287,92,0,92,379
08/23/2010,SBA,CA,AWP,WE,Combined TRACON& Tower with Radar,14,62,34,2,112,0,6,84,0,90,14,68,118,2,202,96,0,96,298
08/24/2010,SBA,CA,AWP,WE,Combined TRACON& Tower with Radar,14,64,47,0,125,0,8,83,4,95,14,72,130,4,220,28,4,32,252
08/25/2010,SBA,CA,AWP,WE,Combined TRACON& Tower with Radar,16,59,50,0,125,0,6,59,1,66,16,65,109,1,191,42,0,42,233
08/26/2010,SBA,CA,AWP,WE,Combined TRACON& Tower with Radar,12,69,52,8,141,0,5,190,0,195,12,74,242,8,336,0,0,0,336
08/27/2010,SBA,CA,AWP,WE,Combined TRACON& Tower with Radar,14,63,62,0,139,0,2,77,4,83,14,65,139,4,222,74,0,74,296
08/28/2010,SBA,CA,AWP,WE,Combined TRACON& Tower with Radar,9,54,53,6,122,0,4,75,2,81,9,58,128,8,203,56,0,56,259
08/29/2010,SBA,CA,AWP,WE,Combined TRACON& Tower with Radar,10,74,46,0,130,0,0,114,0,114,10,74,160,0,244,127,0,127,371
08/30/2010,SBA,CA,AWP,WE,Combined TRACON& Tower with Radar,12,75,49,2,138,0,3,94,3,100,12,78,143,5,238,140,0,140,378
08/31/2010,SBA,CA,AWP,WE,Combined TRACON& Tower with Radar,14,63,36,5,118,0,5,108,3,116,14,68,144,8,234,80,4,84,318
09/01/2010,SBA,CA,AWP,WE,Combined TRACON& Tower with Radar,14,58,48,4,124,0,4,52,0,56,14,62,100,4,180,70,0,70,250
09/02/2010,SBA,CA,AWP,WE,Combined TRACON& Tower with Radar,14,59,41,2,116,0,2,71,4,77,14,61,112,6,193,14,0,14,207
09/03/2010,SBA,CA,AWP,WE,Combined TRACON& Tower with Radar,14,72,57,5,148,0,2,88,3,93,14,74,145,8,241,200,0,200,441
09/04/2010,SBA,CA,AWP,WE,Combined TRACON& Tower with Radar,8,49,38,0,95,0,0,165,0,165,8,49,203,0,260,208,0,208,468
09/05/2010,SBA,CA,AWP,WE,Combined TRACON& Tower with Radar,11,46,30,0,87,0,0,74,1,75,11,46,104,1,162,52,0,52,214
09/06/2010,SBA,CA,AWP,WE,Combined TRACON& Tower with Radar,16,77,58,0,151,0,0,71,0,71,16,77,129,0,222,146,0,146,368
09/07/2010,SBA,CA,AWP,WE,Combined TRACON& Tower with Radar,15,67,68,2,152,0,0,4,2,6,15,67,72,4,158,113,0,113,271
09/08/2010,SBA,CA,AWP,WE,Combined TRACON& Tower with Radar,17,58,71,5,151,0,1,27,2,30,17,59,98,7,181,140,2,142,323
09/09/2010,SBA,CA,AWP,WE,Combined TRACON& Tower with Radar,14,66,40,5,125,0,4,59,0,63,14,70,99,5,188,136,0,136,324
09/10/2010,SBA,CA,AWP,WE,Combined TRACON& Tower with Radar,14,59,32,1,106,0,4,120,0,124,14,63,152,1,230,188,0,188,418
09/11/2010,SBA,CA,AWP,WE,Combined TRACON& Tower with Radar,14,53,55,2,124,0,2,62,0,64,14,55,117,2,188,58,0,58,246
09/12/2010,SBA,CA,AWP,WE,Combined TRACON& Tower with Radar,12,62,65,0,139,0,0,57,0,57,12,62,122,0,196,40,0,40,236
09/13/2010,SBA,CA,AWP,WE,Combined TRACON& Tower with Radar,13,62,50,1,126,0,6,62,2,70,13,68,112,3,196,72,0,72,268
09/14/2010,SBA,CA,AWP,WE,Combined TRACON& Tower with Radar,16,53,37,4,110,0,7,97,0,104,16,60,134,4,214,134,4,138,352
09/15/2010,SBA,CA,AWP,WE,Combined TRACON& Tower with Radar,16,52,63,0,131,0,3,73,4,80,16,55,136,4,211,56,0,56,267
09/16/2010,SBA,CA,AWP,WE,Combined TRACON& Tower with Radar,16,63,48,0,127,0,3,50,4,57,16,66,98,4,184,50,0,50,234
09/17/2010,SBA,CA,AWP,WE,Combined TRACON& Tower with Radar,14,56,63,2,135,0,2,41,0,43,14,58,104,2,178,106,0,106,284
09/18/2010,SBA,CA,AWP,WE,Combined TRACON& Tower with Radar,11,48,45,2,106,0,0,58,6,64,11,48,103,8,170,152,0,152,322
09/19/2010,SBA,CA,AWP,WE,Combined TRACON& Tower with Radar,11,58,44,2,115,0,0,95,5,100,11,58,139,7,215,158,0,158,373
09/20/2010,SBA,CA,AWP,WE,Combined TRACON& Tower with Radar,16,67,48,0,131,0,7,84,2,93,16,74,132,2,224,128,0,128,352
09/21/2010,SBA,CA,AWP,WE,Combined TRACON& Tower with Radar,16,56,83,6,161,0,4,28,4,36,16,60,111,10,197,124,4,128,325
09/22/2010,SBA,CA,AWP,WE,Combined TRACON& Tower with Radar,14,62,58,4,138,0,3,78,0,81,14,65,136,4,219,112,0,112,331
09/23/2010,SBA,CA,AWP,WE,Combined TRACON& Tower with Radar,16,59,29,2,106,0,3,74,2,79,16,62,103,4,185,108,0,108,293
09/24/2010,SBA,CA,AWP,WE,Combined TRACON& Tower with Radar,14,56,43,0,113,0,4,128,0,132,14,60,171,0,245,112,0,112,357
09/25/2010,SBA,CA,AWP,WE,Combined TRACON& Tower with Radar,12,44,47,1,104,0,2,134,3,139,12,46,181,4,243,164,0,164,407
09/26/2010,SBA,CA,AWP,WE,Combined TRACON& Tower with Radar,12,52,35,0,99,0,0,151,1,152,12,52,186,1,251,82,0,82,333
09/27/2010,SBA,CA,AWP,WE,Combined TRACON& Tower with Radar,14,53,35,0,102,0,4,81,5,90,14,57,116,5,192,0,0,0,192
09/28/2010,SBA,CA,AWP,WE,Combined TRACON& Tower with Radar,15,58,24,5,102,0,2,80,5,87,15,60,104,10,189,66,4,70,259
09/29/2010,SBA,CA,AWP,WE,Combined TRACON& Tower with Radar,16,57,30,2,105,0,4,97,6,107,16,61,127,8,212,106,0,106,318
09/30/2010,SBA,CA,AWP,WE,Combined TRACON& Tower with Radar,16,58,20,1,95,0,5,78,5,88,16,63,98,6,183,0,0,0,183
10/01/2010,SBA,CA,AWP,WE,Combined TRACON& Tower with Radar,13,58,39,7,117,0,5,79,0,84,13,63,118,7,201,132,0,132,333
10/02/2010,SBA,CA,AWP,WE,Combined TRACON& Tower with Radar,10,49,22,0,81,0,0,57,0,57,10,49,79,0,138,168,0,168,306
10/03/2010,SBA,CA,AWP,WE,Combined TRACON& Tower with Radar,11,59,53,0,123,0,0,2,1,3,11,59,55,1,126,0,0,0,126
10/04/2010,SBA,CA,AWP,WE,Combined TRACON& Tower with Radar,11,55,46,2,114,0,6,31,3,40,11,61,77,5,154,64,0,64,218
10/05/2010,SBA,CA,AWP,WE,Combined TRACON& Tower with Radar,13,56,30,2,101,0,0,38,1,39,13,56,68,3,140,208,0,208,348
10/06/2010,SBA,CA,AWP,WE,Combined TRACON& Tower with Radar,13,67,51,2,133,0,1,12,0,13,13,68,63,2,146,59,0,59,205
10/07/2010,SBA,CA,AWP,WE,Combined TRACON& Tower with Radar,14,58,73,1,146,0,5,87,0,92,14,63,160,1,238,122,0,122,360
10/08/2010,SBA,CA,AWP,WE,Combined TRACON& Tower with Radar,12,58,53,3,126,0,2,133,1,136,12,60,186,4,262,112,0,112,374
10/09/2010,SBA,CA,AWP,WE,Combined TRACON& Tower with Radar,10,50,35,0,95,0,1,123,0,124,10,51,158,0,219,196,0,196,415
10/10/2010,SBA,CA,AWP,WE,Combined TRACON& Tower with Radar,12,60,30,0,102,0,1,126,0,127,12,61,156,0,229,106,0,106,335
10/11/2010,SBA,CA,AWP,WE,Combined TRACON& Tower with Radar,15,65,64,1,145,0,1,41,0,42,15,66,105,1,187,12,0,12,199
10/12/2010,SBA,CA,AWP,WE,Combined TRACON& Tower with Radar,14,62,59,4,139,0,1,47,0,48,14,63,106,4,187,32,0,32,219
10/13/2010,SBA,CA,AWP,WE,Combined TRACON& Tower with Radar,14,60,85,0,159,0,0,28,0,28,14,60,113,0,187,12,0,12,199
10/14/2010,SBA,CA,AWP,WE,Combined TRACON& Tower with Radar,14,60,87,0,161,0,0,2,2,4,14,60,89,2,165,0,0,0,165
10/15/2010,SBA,CA,AWP,WE,Combined TRACON& Tower with Radar,11,63,110,0,184,0,0,2,0,2,11,63,112,0,186,2,0,2,188
10/16/2010,SBA,CA,AWP,WE,Combined TRACON& Tower with Radar,9,52,82,0,143,0,0,0,0,0,9,52,82,0,143,0,0,0,143
10/17/2010,SBA,CA,AWP,WE,Combined TRACON& Tower with Radar,10,60,81,0,151,0,2,3,0,5,10,62,84,0,156,4,0,4,160
10/18/2010,SBA,CA,AWP,WE,Combined TRACON& Tower with Radar,13,62,51,2,128,0,0,19,0,19,13,62,70,2,147,106,0,106,253
10/19/2010,SBA,CA,AWP,WE,Combined TRACON& Tower with Radar,13,59,35,0,107,0,0,14,0,14,13,59,49,0,121,56,0,56,177
10/20/2010,SBA,CA,AWP,WE,Combined TRACON& Tower with Radar,14,57,58,9,138,0,0,12,0,12,14,57,70,9,150,10,0,10,160
10/21/2010,SBA,CA,AWP,WE,Combined TRACON& Tower with Radar,14,66,80,2,162,0,0,9,0,9,14,66,89,2,171,48,0,48,219
10/22/2010,SBA,CA,AWP,WE,Combined TRACON& Tower with Radar,11,60,78,4,153,0,0,36,2,38,11,60,114,6,191,124,0,124,315
10/23/2010,SBA,CA,AWP,WE,Combined TRACON& Tower with Radar,9,53,56,2,120,0,0,34,0,34,9,53,90,2,154,72,4,76,230
10/24/2010,SBA,CA,AWP,WE,Combined TRACON& Tower with Radar,11,59,76,0,146,0,0,33,0,33,11,59,109,0,179,83,0,83,262
10/25/2010,SBA,CA,AWP,WE,Combined TRACON& Tower with Radar,13,54,44,0,111,0,2,40,0,42,13,56,84,0,153,48,0,48,201
10/26/2010,SBA,CA,AWP,WE,Combined TRACON& Tower with Radar,13,60,36,2,111,0,5,77,2,84,13,65,113,4,195,80,0,80,275
10/27/2010,SBA,CA,AWP,WE,Combined TRACON& Tower with Radar,14,53,68,3,138,0,5,111,1,117,14,58,179,4,255,170,0,170,425
10/28/2010,SBA,CA,AWP,WE,Combined TRACON& Tower with Radar,13,62,55,6,136,0,4,102,2,108,13,66,157,8,244,158,20,178,422
10/29/2010,SBA,CA,AWP,WE,Combined TRACON& Tower with Radar,10,61,45,0,116,0,3,84,2,89,10,64,129,2,205,164,0,164,369
10/30/2010,SBA,CA,AWP,WE,Combined TRACON& Tower with Radar,10,46,32,2,90,0,0,57,1,58,10,46,89,3,148,98,0,98,246
10/31/2010,SBA,CA,AWP,WE,Combined TRACON& Tower with Radar,11,51,44,0,106,0,0,85,0,85,11,51,129,0,191,96,0,96,287
11/01/2010,SBA,CA,AWP,WE,Combined TRACON& Tower with Radar,14,56,57,4,131,0,4,105,4,113,14,60,162,8,244,104,0,104,348
11/02/2010,SBA,CA,AWP,WE,Combined TRACON& Tower with Radar,14,50,22,4,90,0,4,85,1,90,14,54,107,5,180,124,0,124,304
11/03/2010,SBA,CA,AWP,WE,Combined TRACON& Tower with Radar,14,58,41,3,116,0,3,102,0,105,14,61,143,3,221,126,0,126,347
11/04/2010,SBA,CA,AWP,WE,Combined TRACON& Tower with Radar,14,59,56,3,132,0,4,112,0,116,14,63,168,3,248,82,2,84,332
11/05/2010,SBA,CA,AWP,WE,Combined TRACON& Tower with Radar,11,58,40,2,111,0,5,100,2,107,11,63,140,4,218,66,0,66,284
11/06/2010,SBA,CA,AWP,WE,Combined TRACON& Tower with Radar,6,51,55,0,112,0,0,34,0,34,6,51,89,0,146,70,0,70,216
11/07/2010,SBA,CA,AWP,WE,Combined TRACON& Tower with Radar,13,57,66,7,143,0,0,32,0,32,13,57,98,7,175,78,4,82,257
11/08/2010,SBA,CA,AWP,WE,Combined TRACON& Tower with Radar,13,61,51,0,125,0,2,51,2,55,13,63,102,2,180,0,0,0,180
11/09/2010,SBA,CA,AWP,WE,Combined TRACON& Tower with Radar,10,48,35,3,96,0,4,82,1,87,10,52,117,4,183,98,0,98,281
11/10/2010,SBA,CA,AWP,WE,Combined TRACON& Tower with Radar,12,54,42,3,111,0,3,102,0,105,12,57,144,3,216,92,0,92,308
11/11/2010,SBA,CA,AWP,WE,Combined TRACON& Tower with Radar,12,56,56,3,127,0,4,112,0,116,12,60,168,3,243,122,0,122,365
11/12/2010,SBA,CA,AWP,WE,Combined TRACON& Tower with Radar,9,56,39,2,106,0,5,101,2,108,9,61,140,4,214,146,2,148,362
11/13/2010,SBA,CA,AWP,WE,Combined TRACON& Tower with Radar,8,45,29,0,82,0,5,123,0,128,8,50,152,0,210,0,0,0,210
11/14/2010,SBA,CA,AWP,WE,Combined TRACON& Tower with Radar,11,51,45,0,107,0,2,143,1,146,11,53,188,1,253,0,0,0,253
11/15/2010,SBA,CA,AWP,WE,Combined TRACON& Tower with Radar,14,68,57,9,148,0,6,58,2,66,14,74,115,11,214,83,0,83,297
11/16/2010,SBA,CA,AWP,WE,Combined TRACON& Tower with Radar,13,51,50,2,116,0,1,38,5,44,13,52,88,7,160,0,0,0,160
11/17/2010,SBA,CA,AWP,WE,Combined TRACON& Tower with Radar,14,59,46,4,123,0,1,65,0,66,14,60,111,4,189,0,0,0,189
11/18/2010,SBA,CA,AWP,WE,Combined TRACON& Tower with Radar,13,53,33,8,107,0,3,46,3,52,13,56,79,11,159,104,6,110,269
11/19/2010,SBA,CA,AWP,WE,Combined TRACON& Tower with Radar,10,65,82,0,157,0,0,12,1,13,10,65,94,1,170,42,0,42,212
11/20/2010,SBA,CA,AWP,WE,Combined TRACON& Tower with Radar,9,47,38,0,94,0,0,23,2,25,9,47,61,2,119,138,0,138,257
11/21/2010,SBA,CA,AWP,WE,Combined TRACON& Tower with Radar,10,57,26,0,93,0,0,53,0,53,10,57,79,0,146,0,0,0,146
11/22/2010,SBA,CA,AWP,WE,Combined TRACON& Tower with Radar,13,66,51,4,134,0,6,71,1,78,13,72,122,5,212,0,0,0,212
11/23/2010,SBA,CA,AWP,WE,Combined TRACON& Tower with Radar,13,67,63,2,145,0,1,34,1,36,13,68,97,3,181,42,0,42,223
11/24/2010,SBA,CA,AWP,WE,Combined TRACON& Tower with Radar,13,67,64,2,146,0,4,121,0,125,13,71,185,2,271,78,0,78,349
11/25/2010,SBA,CA,AWP,WE,Combined TRACON& Tower with Radar,10,32,13,0,55,0,1,53,1,55,10,33,66,1,110,50,0,50,160
11/26/2010,SBA,CA,AWP,WE,Combined TRACON& Tower with Radar,10,45,40,0,95,0,6,141,0,147,10,51,181,0,242,106,0,106,348
11/27/2010,SBA,CA,AWP,WE,Combined TRACON& Tower with Radar,13,63,42,0,118,0,2,75,0,77,13,65,117,0,195,116,0,116,311
11/28/2010,SBA,CA,AWP,WE,Combined TRACON& Tower with Radar,10,63,55,0,128,0,0,80,0,80,10,63,135,0,208,70,0,70,278
11/29/2010,SBA,CA,AWP,WE,Combined TRACON& Tower with Radar,14,63,46,5,128,0,4,82,0,86,14,67,128,5,214,169,20,189,403
11/30/2010,SBA,CA,AWP,WE,Combined TRACON& Tower with Radar,14,60,30,1,105,0,2,85,3,90,14,62,115,4,195,118,0,118,313
12/01/2010,SBA,CA,AWP,WE,Combined TRACON& Tower with Radar,14,62,41,2,119,0,3,111,0,114,14,65,152,2,233,118,18,136,369
12/02/2010,SBA,CA,AWP,WE,Combined TRACON& Tower with Radar,14,53,44,1,112,0,3,80,1,84,14,56,124,2,196,118,0,118,314
12/03/2010,SBA,CA,AWP,WE,Combined TRACON& Tower with Radar,12,66,35,4,117,0,4,76,0,80,12,70,111,4,197,153,0,153,350
12/04/2010,SBA,CA,AWP,WE,Combined TRACON& Tower with Radar,9,47,26,0,82,0,2,35,4,41,9,49,61,4,123,174,0,174,297
12/05/2010,SBA,CA,AWP,WE,Combined TRACON& Tower with Radar,9,53,40,0,102,0,0,34,2,36,9,53,74,2,138,52,0,52,190
12/06/2010,SBA,CA,AWP,WE,Combined TRACON& Tower with Radar,14,51,33,6,104,0,1,54,2,57,14,52,87,8,161,60,4,64,225
12/07/2010,SBA,CA,AWP,WE,Combined TRACON& Tower with Radar,13,51,36,0,100,0,1,97,2,100,13,52,133,2,200,124,0,124,324
12/08/2010,SBA,CA,AWP,WE,Combined TRACON& Tower with Radar,15,56,39,3,113,0,1,74,0,75,15,57,113,3,188,64,0,64,252
12/09/2010,SBA,CA,AWP,WE,Combined TRACON& Tower with Radar,14,68,56,0,138,0,1,68,7,76,14,69,124,7,214,216,0,216,430
12/10/2010,SBA,CA,AWP,WE,Combined TRACON& Tower with Radar,12,63,69,0,144,0,1,66,0,67,12,64,135,0,211,128,0,128,339
12/11/2010,SBA,CA,AWP,WE,Combined TRACON& Tower with Radar,9,42,16,0,67,0,2,125,0,127,9,44,141,0,194,178,0,178,372
12/12/2010,SBA,CA,AWP,WE,Combined TRACON& Tower with Radar,12,71,37,0,120,0,0,178,0,178,12,71,215,0,298,84,0,84,382
12/13/2010,SBA,CA,AWP,WE,Combined TRACON& Tower with Radar,12,49,49,0,110,0,1,83,0,84,12,50,132,0,194,0,0,0,194
12/14/2010,SBA,CA,AWP,WE,Combined TRACON& Tower with Radar,13,52,69,13,147,0,0,11,0,11,13,52,80,13,158,84,10,94,252
12/15/2010,SBA,CA,AWP,WE,Combined TRACON& Tower with Radar,12,62,47,0,121,0,0,2,0,2,12,62,49,0,123,0,0,0,123
12/16/2010,SBA,CA,AWP,WE,Combined TRACON& Tower with Radar,12,63,51,0,126,0,0,62,2,64,12,63,113,2,190,160,0,160,350
12/17/2010,SBA,CA,AWP,WE,Combined TRACON& Tower with Radar,11,61,34,2,108,0,0,2,0,2,11,61,36,2,110,14,0,14,124
12/18/2010,SBA,CA,AWP,WE,Combined TRACON& Tower with Radar,10,52,30,0,92,0,0,0,0,0,10,52,30,0,92,60,0,60,152
12/19/2010,SBA,CA,AWP,WE,Combined TRACON& Tower with Radar,10,48,14,0,72,0,0,0,0,0,10,48,14,0,72,0,0,0,72
12/20/2010,SBA,CA,AWP,WE,Combined TRACON& Tower with Radar,11,63,38,0,112,0,0,7,0,7,11,63,45,0,119,88,0,88,207
12/21/2010,SBA,CA,AWP,WE,Combined TRACON& Tower with Radar,12,76,26,0,114,0,0,5,0,5,12,76,31,0,119,0,0,0,119
12/22/2010,SBA,CA,AWP,WE,Combined TRACON& Tower with Radar,12,59,16,0,87,0,0,13,0,13,12,59,29,0,100,8,0,8,108
12/23/2010,SBA,CA,AWP,WE,Combined TRACON& Tower with Radar,12,64,48,2,126,0,7,66,3,76,12,71,114,5,202,162,0,162,364
12/24/2010,SBA,CA,AWP,WE,Combined TRACON& Tower with Radar,8,53,19,0,80,0,1,112,1,114,8,54,131,1,194,112,0,112,306
12/25/2010,SBA,CA,AWP,WE,Combined TRACON& Tower with Radar,9,39,6,0,54,0,0,0,0,0,9,39,6,0,54,0,0,0,54
12/26/2010,SBA,CA,AWP,WE,Combined TRACON& Tower with Radar,12,61,39,2,114,0,1,41,0,42,12,62,80,2,156,96,0,96,252
12/27/2010,SBA,CA,AWP,WE,Combined TRACON& Tower with Radar,12,58,29,1,100,0,0,92,1,93,12,58,121,2,193,86,0,86,279
12/28/2010,SBA,CA,AWP,WE,Combined TRACON& Tower with Radar,12,63,30,0,105,0,2,76,2,80,12,65,106,2,185,93,2,95,280
12/29/2010,SBA,CA,AWP,WE,Combined TRACON& Tower with Radar,12,67,22,0,101,0,0,5,0,5,12,67,27,0,106,34,0,34,140
12/30/2010,SBA,CA,AWP,WE,Combined TRACON& Tower with Radar,11,58,30,0,99,0,4,63,0,67,11,62,93,0,166,24,0,24,190
12/31/2010,SBA,CA,AWP,WE,Combined TRACON& Tower with Radar,11,41,40,0,92,0,2,98,4,104,11,43,138,4,196,140,0,140,336
01/01/2011,SBA,CA,AWP,WE,Combined TRACON& Tower with Radar,10,45,34,0,89,0,0,31,0,31,10,45,65,0,120,20,0,20,140
01/02/2011,SBA,CA,AWP,WE,Combined TRACON& Tower with Radar,10,49,41,0,100,0,0,7,0,7,10,49,48,0,107,14,0,14,121
01/03/2011,SBA,CA,AWP,WE,Combined TRACON& Tower with Radar,12,60,33,3,108,0,3,29,0,32,12,63,62,3,140,32,0,32,172
01/04/2011,SBA,CA,AWP,WE,Combined TRACON& Tower with Radar,11,65,32,10,118,0,1,87,0,88,11,66,119,10,206,150,0,150,356
01/05/2011,SBA,CA,AWP,WE,Combined TRACON& Tower with Radar,12,59,32,5,108,0,4,76,3,83,12,63,108,8,191,116,6,122,313
01/06/2011,SBA,CA,AWP,WE,Combined TRACON& Tower with Radar,10,65,25,0,100,0,2,74,5,81,10,67,99,5,181,102,0,102,283
01/07/2011,SBA,CA,AWP,WE,Combined TRACON& Tower with Radar,8,59,39,0,106,0,0,75,0,75,8,59,114,0,181,164,0,164,345
01/08/2011,SBA,CA,AWP,WE,Combined TRACON& Tower with Radar,9,43,52,0,104,0,3,57,0,60,9,46,109,0,164,174,0,174,338
01/09/2011,SBA,CA,AWP,WE,Combined TRACON& Tower with Radar,6,54,33,0,93,0,0,59,0,59,6,54,92,0,152,100,0,100,252
01/10/2011,SBA,CA,AWP,WE,Combined TRACON& Tower with Radar,9,69,37,0,115,0,3,65,2,70,9,72,102,2,185,78,0,78,263
01/11/2011,SBA,CA,AWP,WE,Combined TRACON& Tower with Radar,10,68,31,3,112,0,1,62,2,65,10,69,93,5,177,169,2,171,348
01/12/2011,SBA,CA,AWP,WE,Combined TRACON& Tower with Radar,10,61,22,7,100,0,3,85,5,93,10,64,107,12,193,294,0,294,487
01/13/2011,SBA,CA,AWP,WE,Combined TRACON& Tower with Radar,9,68,48,0,125,0,2,70,1,73,9,70,118,1,198,300,0,300,498
01/14/2011,SBA,CA,AWP,WE,Combined TRACON& Tower with Radar,8,71,53,0,132,0,1,67,2,70,8,72,120,2,202,164,0,164,366
01/15/2011,SBA,CA,AWP,WE,Combined TRACON& Tower with Radar,7,46,28,0,81,0,2,101,0,103,7,48,129,0,184,106,0,106,290
01/16/2011,SBA,CA,AWP,WE,Combined TRACON& Tower with Radar,9,62,34,0,105,0,0,113,0,113,9,62,147,0,218,74,0,74,292
01/17/2011,SBA,CA,AWP,WE,Combined TRACON& Tower with Radar,8,59,60,0,127,0,1,113,0,114,8,60,173,0,241,76,0,76,317
01/18/2011,SBA,CA,AWP,WE,Combined TRACON& Tower with Radar,9,61,39,1,110,0,1,91,4,96,9,62,130,5,206,150,0,150,356
01/19/2011,SBA,CA,AWP,WE,Combined TRACON& Tower with Radar,10,58,49,0,117,0,1,65,0,66,10,59,114,0,183,144,0,144,327
01/20/2011,SBA,CA,AWP,WE,Combined TRACON& Tower with Radar,10,67,39,4,120,0,1,84,2,87,10,68,123,6,207,94,0,94,301
01/21/2011,SBA,CA,AWP,WE,Combined TRACON& Tower with Radar,8,72,31,0,111,0,1,112,1,114,8,73,143,1,225,106,0,106,331
01/22/2011,SBA,CA,AWP,WE,Combined TRACON& Tower with Radar,7,45,39,0,91,0,2,94,0,96,7,47,133,0,187,180,0,180,367
01/23/2011,SBA,CA,AWP,WE,Combined TRACON& Tower with Radar,9,61,44,1,115,0,0,129,0,129,9,61,173,1,244,112,0,112,356
01/24/2011,SBA,CA,AWP,WE,Combined TRACON& Tower with Radar,7,56,47,2,112,0,1,87,0,88,7,57,134,2,200,138,0,138,338
01/25/2011,SBA,CA,AWP,WE,Combined TRACON& Tower with Radar,8,56,42,0,106,0,1,106,0,107,8,57,148,0,213,130,0,130,343
01/26/2011,SBA,CA,AWP,WE,Combined TRACON& Tower with Radar,9,52,29,0,90,0,2,90,0,92,9,54,119,0,182,124,0,124,306
01/27/2011,SBA,CA,AWP,WE,Combined TRACON& Tower with Radar,8,59,51,0,118,0,1,113,2,116,8,60,164,2,234,124,0,124,358
01/28/2011,SBA,CA,AWP,WE,Combined TRACON& Tower with Radar,7,57,42,0,106,0,1,120,0,121,7,58,162,0,227,104,0,104,331
01/29/2011,SBA,CA,AWP,WE,Combined TRACON& Tower with Radar,7,44,34,0,85,0,0,120,1,121,7,44,154,1,206,110,0,110,316
01/30/2011,SBA,CA,AWP,WE,Combined TRACON& Tower with Radar,9,54,36,0,99,0,0,13,0,13,9,54,49,0,112,40,0,40,152
01/31/2011,SBA,CA,AWP,WE,Combined TRACON& Tower with Radar,9,59,37,2,107,0,2,72,2,76,9,61,109,4,183,86,0,86,269
02/01/2011,SBA,CA,AWP,WE,Combined TRACON& Tower with Radar,8,58,33,10,109,0,2,82,0,84,8,60,115,10,193,36,6,42,235
02/02/2011,SBA,CA,AWP,WE,Combined TRACON& Tower with Radar,12,58,31,2,103,0,4,61,0,65,12,62,92,2,168,44,0,44,212
02/03/2011,SBA,CA,AWP,WE,Combined TRACON& Tower with Radar,10,58,37,0,105,0,1,81,2,84,10,59,118,2,189,80,0,80,269
02/04/2011,SBA,CA,AWP,WE,Combined TRACON& Tower with Radar,7,63,46,4,120,0,2,122,0,124,7,65,168,4,244,164,4,168,412
02/05/2011,SBA,CA,AWP,WE,Combined TRACON& Tower with Radar,6,47,39,0,92,0,2,113,0,115,6,49,152,0,207,168,0,168,375
02/06/2011,SBA,CA,AWP,WE,Combined TRACON& Tower with Radar,7,59,29,0,95,0,2,94,1,97,7,61,123,1,192,124,0,124,316
02/07/2011,SBA,CA,AWP,WE,Combined TRACON& Tower with Radar,9,58,47,2,116,0,2,85,4,91,9,60,132,6,207,164,0,164,371
02/08/2011,SBA,CA,AWP,WE,Combined TRACON& Tower with Radar,8,66,41,9,124,0,1,70,2,73,8,67,111,11,197,194,0,194,391
02/09/2011,SBA,CA,AWP,WE,Combined TRACON& Tower with Radar,12,68,54,0,134,0,1,85,0,86,12,69,139,0,220,108,0,108,328
02/10/2011,SBA,CA,AWP,WE,Combined TRACON& Tower with Radar,10,64,42,5,121,0,2,75,0,77,10,66,117,5,198,168,0,168,366
02/11/2011,SBA,CA,AWP,WE,Combined TRACON& Tower with Radar,8,69,55,0,132,0,1,122,0,123,8,70,177,0,255,216,0,216,471
02/12/2011,SBA,CA,AWP,WE,Combined TRACON& Tower with Radar,7,44,41,0,92,0,3,142,5,150,7,47,183,5,242,160,0,160,402
02/13/2011,SBA,CA,AWP,WE,Combined TRACON& Tower with Radar,9,58,43,0,110,0,0,101,1,102,9,58,144,1,212,37,0,37,249
02/14/2011,SBA,CA,AWP,WE,Combined TRACON& Tower with Radar,7,61,70,2,140,0,0,51,0,51,7,61,121,2,191,166,0,166,357
02/15/2011,SBA,CA,AWP,WE,Combined TRACON& Tower with Radar,8,60,63,0,131,0,0,17,6,23,8,60,80,6,154,36,0,36,190
02/16/2011,SBA,CA,AWP,WE,Combined TRACON& Tower with Radar,10,65,52,0,127,0,0,16,0,16,10,65,68,0,143,96,0,96,239
02/17/2011,SBA,CA,AWP,WE,Combined TRACON& Tower with Radar,9,63,54,2,128,0,2,45,0,47,9,65,99,2,175,212,12,224,399
02/18/2011,SBA,CA,AWP,WE,Combined TRACON& Tower with Radar,8,55,48,0,111,0,0,4,0,4,8,55,52,0,115,100,0,100,215
02/19/2011,SBA,CA,AWP,WE,Combined TRACON& Tower with Radar,9,52,31,0,92,0,0,20,0,20,9,52,51,0,112,76,0,76,188
02/20/2011,SBA,CA,AWP,WE,Combined TRACON& Tower with Radar,9,59,47,2,117,0,2,113,1,116,9,61,160,3,233,136,0,136,369
02/21/2011,SBA,CA,AWP,WE,Combined TRACON& Tower with Radar,11,67,58,0,136,0,2,77,0,79,11,69,135,0,215,120,0,120,335
02/22/2011,SBA,CA,AWP,WE,Combined TRACON& Tower with Radar,9,64,31,2,106,0,2,100,1,103,9,66,131,3,209,266,0,266,475
02/23/2011,SBA,CA,AWP,WE,Combined TRACON& Tower with Radar,10,57,52,0,119,0,0,71,1,72,10,57,123,1,191,120,0,120,311
02/24/2011,SBA,CA,AWP,WE,Combined TRACON& Tower with Radar,10,59,34,0,103,0,0,85,4,89,10,59,119,4,192,162,0,162,354
02/25/2011,SBA,CA,AWP,WE,Combined TRACON& Tower with Radar,8,69,33,0,110,0,0,5,0,5,8,69,38,0,115,2,0,2,117
02/26/2011,SBA,CA,AWP,WE,Combined TRACON& Tower with Radar,9,48,16,0,73,0,0,32,0,32,9,48,48,0,105,46,0,46,151
02/27/2011,SBA,CA,AWP,WE,Combined TRACON& Tower with Radar,11,66,25,0,102,0,0,130,0,130,11,66,155,0,232,44,0,44,276
02/28/2011,SBA,CA,AWP,WE,Combined TRACON& Tower with Radar,10,65,30,2,107,0,1,87,0,88,10,66,117,2,195,144,0,144,339
03/01/2011,SBA,CA,AWP,WE,Combined TRACON& Tower with Radar,10,59,34,3,106,0,1,100,2,103,10,60,134,5,209,88,0,88,297
03/02/2011,SBA,CA,AWP,WE,Combined TRACON& Tower with Radar,10,61,80,1,152,0,0,13,0,13,10,61,93,1,165,18,0,18,183
03/03/2011,SBA,CA,AWP,WE,Combined TRACON& Tower with Radar,10,66,74,2,152,0,1,28,0,29,10,67,102,2,181,184,0,184,365
03/04/2011,SBA,CA,AWP,WE,Combined TRACON& Tower with Radar,10,64,67,7,148,0,1,114,2,117,10,65,181,9,265,142,0,142,407
03/05/2011,SBA,CA,AWP,WE,Combined TRACON& Tower with Radar,10,50,54,2,116,0,2,149,0,151,10,52,203,2,267,137,0,137,404
03/06/2011,SBA,CA,AWP,WE,Combined TRACON& Tower with Radar,8,56,63,0,127,0,0,34,0,34,8,56,97,0,161,74,0,74,235
03/07/2011,SBA,CA,AWP,WE,Combined TRACON& Tower with Radar,15,66,24,0,105,0,0,18,0,18,15,66,42,0,123,0,0,0,123
03/08/2011,SBA,CA,AWP,WE,Combined TRACON& Tower with Radar,12,61,48,4,125,0,6,84,4,94,12,67,132,8,219,148,0,148,367
03/09/2011,SBA,CA,AWP,WE,Combined TRACON& Tower with Radar,12,65,52,3,132,0,1,86,0,87,12,66,138,3,219,166,0,166,385
03/10/2011,SBA,CA,AWP,WE,Combined TRACON& Tower with Radar,14,53,41,2,110,0,1,110,0,111,14,54,151,2,221,104,0,104,325
03/11/2011,SBA,CA,AWP,WE,Combined TRACON& Tower with Radar,12,60,48,4,124,0,1,115,8,124,12,61,163,12,248,174,4,178,426
03/12/2011,SBA,CA,AWP,WE,Combined TRACON& Tower with Radar,8,48,30,0,86,0,2,106,2,110,8,50,136,2,196,138,0,138,334
03/13/2011,SBA,CA,AWP,WE,Combined TRACON& Tower with Radar,14,57,57,0,128,0,1,130,2,133,14,58,187,2,261,66,0,66,327
03/14/2011,SBA,CA,AWP,WE,Combined TRACON& Tower with Radar,15,55,42,4,116,0,2,75,1,78,15,57,117,5,194,79,0,79,273
03/15/2011,SBA,CA,AWP,WE,Combined TRACON& Tower with Radar,14,56,27,0,97,0,4,74,3,81,14,60,101,3,178,82,0,82,260
03/16/2011,SBA,CA,AWP,WE,Combined TRACON& Tower with Radar,14,50,46,2,112,0,2,84,0,86,14,52,130,2,198,174,0,174,372
03/17/2011,SBA,CA,AWP,WE,Combined TRACON& Tower with Radar,16,52,44,0,112,0,2,68,2,72,16,54,112,2,184,92,0,92,276
03/18/2011,SBA,CA,AWP,WE,Combined TRACON& Tower with Radar,13,62,45,0,120,0,4,90,10,104,13,66,135,10,224,100,0,100,324
03/19/2011,SBA,CA,AWP,WE,Combined TRACON& Tower with Radar,11,48,41,0,100,0,1,20,2,23,11,49,61,2,123,101,0,101,224
03/20/2011,SBA,CA,AWP,WE,Combined TRACON& Tower with Radar,13,50,15,0,78,0,0,1,0,1,13,50,16,0,79,0,0,0,79
03/21/2011,SBA,CA,AWP,WE,Combined TRACON& Tower with Radar,13,55,44,0,112,0,0,32,1,33,13,55,76,1,145,114,0,114,259
03/22/2011,SBA,CA,AWP,WE,Combined TRACON& Tower with Radar,12,66,45,2,125,0,2,67,1,70,12,68,112,3,195,212,2,214,409
03/23/2011,SBA,CA,AWP,WE,Combined TRACON& Tower with Radar,15,47,64,2,128,0,0,12,0,12,15,47,76,2,140,38,0,38,178
03/24/2011,SBA,CA,AWP,WE,Combined TRACON& Tower with Radar,14,62,59,0,135,0,0,15,0,15,14,62,74,0,150,44,0,44,194
03/25/2011,SBA,CA,AWP,WE,Combined TRACON& Tower with Radar,12,55,50,0,117,0,3,39,0,42,12,58,89,0,159,40,0,40,199
03/26/2011,SBA,CA,AWP,WE,Combined TRACON& Tower with Radar,11,49,31,0,91,0,0,26,0,26,11,49,57,0,117,132,0,132,249
03/27/2011,SBA,CA,AWP,WE,Combined TRACON& Tower with Radar,13,59,59,0,131,0,1,49,0,50,13,60,108,0,181,46,0,46,227
03/28/2011,SBA,CA,AWP,WE,Combined TRACON& Tower with Radar,14,53,45,2,114,0,1,93,0,94,14,54,138,2,208,28,0,28,236
03/29/2011,SBA,CA,AWP,WE,Combined TRACON& Tower with Radar,14,61,32,3,110,0,0,89,4,93,14,61,121,7,203,90,8,98,301
03/30/2011,SBA,CA,AWP,WE,Combined TRACON& Tower with Radar,16,55,37,6,114,0,2,79,2,83,16,57,116,8,197,144,0,144,341
03/31/2011,SBA,CA,AWP,WE,Combined TRACON& Tower with Radar,14,60,44,2,120,0,3,119,0,122,14,63,163,2,242,122,0,122,364
04/01/2011,SBA,CA,AWP,WE,Combined TRACON& Tower with Radar,14,61,27,0,102,0,2,127,0,129,14,63,154,0,231,142,0,142,373
04/02/2011,SBA,CA,AWP,WE,Combined TRACON& Tower with Radar,10,54,70,0,134,0,0,0,0,0,10,54,70,0,134,14,0,14,148
04/03/2011,SBA,CA,AWP,WE,Combined TRACON& Tower with Radar,13,61,57,1,132,0,0,54,0,54,13,61,111,1,186,63,0,63,249
04/04/2011,SBA,CA,AWP,WE,Combined TRACON& Tower with Radar,16,53,52,3,124,0,2,124,0,126,16,55,176,3,250,98,0,98,348
04/05/2011,SBA,CA,AWP,WE,Combined TRACON& Tower with Radar,14,56,44,0,114,0,2,92,4,98,14,58,136,4,212,98,0,98,310
04/06/2011,SBA,CA,AWP,WE,Combined TRACON& Tower with Radar,15,50,44,10,119,0,1,55,0,56,15,51,99,10,175,90,8,98,273
04/07/2011,SBA,CA,AWP,WE,Combined TRACON& Tower with Radar,15,52,49,4,120,0,6,21,0,27,15,58,70,4,147,142,0,142,289
04/08/2011,SBA,CA,AWP,WE,Combined TRACON& Tower with Radar,13,60,46,0,119,0,0,43,0,43,13,60,89,0,162,86,0,86,248
04/09/2011,SBA,CA,AWP,WE,Combined TRACON& Tower with Radar,11,48,37,0,96,0,2,108,0,110,11,50,145,0,206,145,0,145,351
04/10/2011,SBA,CA,AWP,WE,Combined TRACON& Tower with Radar,12,60,33,2,107,0,0,124,0,124,12,60,157,2,231,50,0,50,281
04/11/2011,SBA,CA,AWP,WE,Combined TRACON& Tower with Radar,15,54,39,0,108,0,3,58,0,61,15,57,97,0,169,64,0,64,233
04/12/2011,SBA,CA,AWP,WE,Combined TRACON& Tower with Radar,13,54,33,6,106,0,5,105,0,110,13,59,138,6,216,130,0,130,346
04/13/2011,SBA,CA,AWP,WE,Combined TRACON& Tower with Radar,15,52,50,2,119,0,2,55,0,57,15,54,105,2,176,91,0,91,267
04/14/2011,SBA,CA,AWP,WE,Combined TRACON& Tower with Radar,16,66,40,7,129,0,2,85,0,87,16,68,125,7,216,64,0,64,280
04/15/2011,SBA,CA,AWP,WE,Combined TRACON& Tower with Radar,14,63,52,0,129,0,2,113,0,115,14,65,165,0,244,91,0,91,335
04/16/2011,SBA,CA,AWP,WE,Combined TRACON& Tower with Radar,8,51,32,0,91,0,4,140,0,144,8,55,172,0,235,128,0,128,363
04/17/2011,SBA,CA,AWP,WE,Combined TRACON& Tower with Radar,12,62,54,0,128,0,0,123,2,125,12,62,177,2,253,160,0,160,413
04/18/2011,SBA,CA,AWP,WE,Combined TRACON& Tower with Radar,16,59,63,4,142,0,0,37,0,37,16,59,100,4,179,56,4,60,239
04/19/2011,SBA,CA,AWP,WE,Combined TRACON& Tower with Radar,13,54,73,0,140,0,2,26,0,28,13,56,99,0,168,76,0,76,244
04/20/2011,SBA,CA,AWP,WE,Combined TRACON& Tower with Radar,13,59,72,2,146,0,2,48,0,50,13,61,120,2,196,110,0,110,306
04/21/2011,SBA,CA,AWP,WE,Combined TRACON& Tower with Radar,15,60,53,6,134,0,3,56,3,62,15,63,109,9,196,151,0,151,347
04/22/2011,SBA,CA,AWP,WE,Combined TRACON& Tower with Radar,13,64,63,7,147,0,1,74,1,76,13,65,137,8,223,150,0,150,373
04/23/2011,SBA,CA,AWP,WE,Combined TRACON& Tower with Radar,9,42,55,0,106,0,3,85,2,90,9,45,140,2,196,98,0,98,294
04/24/2011,SBA,CA,AWP,WE,Combined TRACON& Tower with Radar,11,56,44,3,114,0,2,26,4,32,11,58,70,7,146,24,0,24,170
04/25/2011,SBA,CA,AWP,WE,Combined TRACON& Tower with Radar,15,55,43,13,126,0,4,69,2,75,15,59,112,15,201,84,0,84,285
04/26/2011,SBA,CA,AWP,WE,Combined TRACON& Tower with Radar,13,58,36,2,109,0,2,57,2,61,13,60,93,4,170,198,0,198,368
04/27/2011,SBA,CA,AWP,WE,Combined TRACON& Tower with Radar,13,54,31,4,102,0,3,113,1,117,13,57,144,5,219,64,0,64,283
04/28/2011,SBA,CA,AWP,WE,Combined TRACON& Tower with Radar,16,50,44,2,112,0,2,81,0,83,16,52,125,2,195,34,0,34,229
04/29/2011,SBA,CA,AWP,WE,Combined TRACON& Tower with Radar,13,58,36,0,107,0,4,109,0,113,13,62,145,0,220,76,0,76,296
04/30/2011,SBA,CA,AWP,WE,Combined TRACON& Tower with Radar,7,52,34,0,93,0,4,104,0,108,7,56,138,0,201,76,0,76,277
05/01/2011,SBA,CA,AWP,WE,Combined TRACON& Tower with Radar,12,58,48,0,118,0,2,139,0,141,12,60,187,0,259,111,0,111,370
05/02/2011,SBA,CA,AWP,WE,Combined TRACON& Tower with Radar,16,50,33,6,105,0,2,81,2,85,16,52,114,8,190,106,0,106,296
05/03/2011,SBA,CA,AWP,WE,Combined TRACON& Tower with Radar,13,58,24,0,95,0,4,106,0,110,13,62,130,0,205,144,0,144,349
05/04/2011,SBA,CA,AWP,WE,Combined TRACON& Tower with Radar,18,55,42,3,118,0,2,98,0,100,18,57,140,3,218,226,0,226,444
05/05/2011,SBA,CA,AWP,WE,Combined TRACON& Tower with Radar,15,69,62,13,159,0,2,55,2,59,15,71,117,15,218,16,10,26,244
05/06/2011,SBA,CA,AWP,WE,Combined TRACON& Tower with Radar,14,67,88,2,171,0,4,9,0,13,14,71,97,2,184,0,0,0,184
05/07/2011,SBA,CA,AWP,WE,Combined TRACON& Tower with Radar,10,56,63,0,129,0,0,13,0,13,10,56,76,0,142,59,0,59,201
05/08/2011,SBA,CA,AWP,WE,Combined TRACON& Tower with Radar,12,61,40,0,113,0,1,43,1,45,12,62,83,1,158,48,0,48,206
05/09/2011,SBA,CA,AWP,WE,Combined TRACON& Tower with Radar,16,61,38,7,122,0,2,54,1,57,16,63,92,8,179,132,0,132,311
05/10/2011,SBA,CA,AWP,WE,Combined TRACON& Tower with Radar,11,58,30,4,103,0,2,83,2,87,11,60,113,6,190,160,0,160,350
05/11/2011,SBA,CA,AWP,WE,Combined TRACON& Tower with Radar,15,54,51,0,120,0,3,95,3,101,15,57,146,3,221,128,0,128,349
05/12/2011,SBA,CA,AWP,WE,Combined TRACON& Tower with Radar,15,59,47,7,128,0,2,127,0,129,15,61,174,7,257,102,2,104,361
05/13/2011,SBA,CA,AWP,WE,Combined TRACON& Tower with Radar,14,75,51,2,142,0,2,120,0,122,14,77,171,2,264,120,10,130,394
05/14/2011,SBA,CA,AWP,WE,Combined TRACON& Tower with Radar,10,54,71,0,135,0,0,34,1,35,10,54,105,1,170,98,0,98,268
05/15/2011,SBA,CA,AWP,WE,Combined TRACON& Tower with Radar,12,78,72,2,164,0,0,39,0,39,12,78,111,2,203,56,0,56,259
05/16/2011,SBA,CA,AWP,WE,Combined TRACON& Tower with Radar,15,53,34,12,114,0,0,45,5,50,15,53,79,17,164,139,4,143,307
05/17/2011,SBA,CA,AWP,WE,Combined TRACON& Tower with Radar,16,50,31,0,97,0,0,22,0,22,16,50,53,0,119,44,0,44,163
05/18/2011,SBA,CA,AWP,WE,Combined TRACON& Tower with Radar,17,55,61,0,133,0,0,20,0,20,17,55,81,0,153,98,0,98,251
05/19/2011,SBA,CA,AWP,WE,Combined TRACON& Tower with Radar,17,58,59,2,136,0,2,104,6,112,17,60,163,8,248,192,0,192,440
05/20/2011,SBA,CA,AWP,WE,Combined TRACON& Tower with Radar,14,56,66,10,146,0,5,93,0,98,14,61,159,10,244,54,10,64,308
05/21/2011,SBA,CA,AWP,WE,Combined TRACON& Tower with Radar,10,61,40,0,111,0,1,91,1,93,10,62,131,1,204,77,0,77,281
05/22/2011,SBA,CA,AWP,WE,Combined TRACON& Tower with Radar,14,56,47,0,117,0,0,50,2,52,14,56,97,2,169,33,0,33,202
05/23/2011,SBA,CA,AWP,WE,Combined TRACON& Tower with Radar,17,52,63,2,134,0,1,64,0,65,17,53,127,2,199,74,0,74,273
05/24/2011,SBA,CA,AWP,WE,Combined TRACON& Tower with Radar,13,63,40,6,122,0,1,112,3,116,13,64,152,9,238,154,0,154,392
05/25/2011,SBA,CA,AWP,WE,Combined TRACON& Tower with Radar,17,63,51,14,145,0,2,110,0,112,17,65,161,14,257,205,8,213,470
05/26/2011,SBA,CA,AWP,WE,Combined TRACON& Tower with Radar,13,57,36,4,110,0,2,102,2,106,13,59,138,6,216,144,0,144,360
05/27/2011,SBA,CA,AWP,WE,Combined TRACON& Tower with Radar,13,68,56,0,137,0,5,108,0,113,13,73,164,0,250,133,0,133,383
05/28/2011,SBA,CA,AWP,WE,Combined TRACON& Tower with Radar,7,38,42,0,87,0,2,48,0,50,7,40,90,0,137,18,0,18,155
05/29/2011,SBA,CA,AWP,WE,Combined TRACON& Tower with Radar,7,47,27,0,81,0,0,40,0,40,7,47,67,0,121,0,0,0,121
05/30/2011,SBA,CA,AWP,WE,Combined TRACON& Tower with Radar,12,59,59,0,130,0,2,190,2,194,12,61,249,2,324,260,0,260,584
05/31/2011,SBA,CA,AWP,WE,Combined TRACON& Tower with Radar,13,59,47,0,119,0,4,80,2,86,13,63,127,2,205,216,0,216,421
06/01/2011,SBA,CA,AWP,WE,Combined TRACON& Tower with Radar,15,52,42,10,119,0,3,72,2,77,15,55,114,12,196,0,0,0,196
06/02/2011,SBA,CA,AWP,WE,Combined TRACON& Tower with Radar,13,54,50,0,117,0,2,74,2,78,13,56,124,2,195,84,0,84,279
06/03/2011,SBA,CA,AWP,WE,Combined TRACON& Tower with Radar,13,55,55,8,131,0,4,118,2,124,13,59,173,10,255,220,0,220,475
06/04/2011,SBA,CA,AWP,WE,Combined TRACON& Tower with Radar,8,49,51,0,108,0,1,13,0,14,8,50,64,0,122,22,0,22,144
06/05/2011,SBA,CA,AWP,WE,Combined TRACON& Tower with Radar,12,64,63,1,140,0,0,1,0,1,12,64,64,1,141,0,0,0,141
06/06/2011,SBA,CA,AWP,WE,Combined TRACON& Tower with Radar,13,55,36,2,106,0,0,63,0,63,13,55,99,2,169,72,0,72,241
06/07/2011,SBA,CA,AWP,WE,Combined TRACON& Tower with Radar,12,65,36,5,118,0,1,102,0,103,12,66,138,5,221,98,0,98,319
06/08/2011,SBA,CA,AWP,WE,Combined TRACON& Tower with Radar,13,58,82,4,157,0,2,46,0,48,13,60,128,4,205,98,4,102,307
06/09/2011,SBA,CA,AWP,WE,Combined TRACON& Tower with Radar,13,66,55,2,136,0,1,43,2,46,13,67,98,4,182,102,0,102,284
06/10/2011,SBA,CA,AWP,WE,Combined TRACON& Tower with Radar,10,79,85,0,174,0,0,31,1,32,10,79,116,1,206,50,0,50,256
06/11/2011,SBA,CA,AWP,WE,Combined TRACON& Tower with Radar,8,63,60,0,131,0,0,40,0,40,8,63,100,0,171,12,0,12,183
06/12/2011,SBA,CA,AWP,WE,Combined TRACON& Tower with Radar,9,74,84,0,167,0,0,32,0,32,9,74,116,0,199,130,0,130,329
06/13/2011,SBA,CA,AWP,WE,Combined TRACON& Tower with Radar,10,72,50,0,132,0,0,89,0,89,10,72,139,0,221,122,0,122,343
06/14/2011,SBA,CA,AWP,WE,Combined TRACON& Tower with Radar,8,69,58,3,138,0,1,38,0,39,8,70,96,3,177,98,0,98,275
06/15/2011,SBA,CA,AWP,WE,Combined TRACON& Tower with Radar,9,68,58,2,137,0,0,36,0,36,9,68,94,2,173,100,0,100,273
06/16/2011,SBA,CA,AWP,WE,Combined TRACON& Tower with Radar,11,70,64,0,145,0,0,12,1,13,11,70,76,1,158,95,0,95,253
06/17/2011,SBA,CA,AWP,WE,Combined TRACON& Tower with Radar,9,68,68,6,151,0,5,48,3,56,9,73,116,9,207,175,2,177,384
06/18/2011,SBA,CA,AWP,WE,Combined TRACON& Tower with Radar,8,64,60,0,132,0,3,49,3,55,8,67,109,3,187,120,0,120,307
06/19/2011,SBA,CA,AWP,WE,Combined TRACON& Tower with Radar,9,62,67,0,138,0,2,28,0,30,9,64,95,0,168,90,0,90,258
06/20/2011,SBA,CA,AWP,WE,Combined TRACON& Tower with Radar,12,58,51,4,125,0,5,64,2,71,12,63,115,6,196,136,0,136,332
06/21/2011,SBA,CA,AWP,WE,Combined TRACON& Tower with Radar,8,73,73,0,154,0,1,36,0,37,8,74,109,0,191,34,0,34,225
06/22/2011,SBA,CA,AWP,WE,Combined TRACON& Tower with Radar,10,68,66,4,148,0,0,23,0,23,10,68,89,4,171,68,0,68,239
06/23/2011,SBA,CA,AWP,WE,Combined TRACON& Tower with Radar,11,64,90,0,165,0,1,40,0,41,11,65,130,0,206,68,0,68,274
06/24/2011,SBA,CA,AWP,WE,Combined TRACON& Tower with Radar,10,75,77,4,166,0,0,32,0,32,10,75,109,4,198,120,0,120,318
06/25/2011,SBA,CA,AWP,WE,Combined TRACON& Tower with Radar,8,60,46,1,115,0,0,76,0,76,8,60,122,1,191,70,0,70,261
06/26/2011,SBA,CA,AWP,WE,Combined TRACON& Tower with Radar,9,66,45,0,120,0,0,129,2,131,9,66,174,2,251,148,0,148,399
06/27/2011,SBA,CA,AWP,WE,Combined TRACON& Tower with Radar,10,69,33,9,121,0,2,114,0,116,10,71,147,9,237,188,0,188,425
06/28/2011,SBA,CA,AWP,WE,Combined TRACON& Tower with Radar,7,58,47,4,116,0,2,80,0,82,7,60,127,4,198,196,0,196,394
06/29/2011,SBA,CA,AWP,WE,Combined TRACON& Tower with Radar,9,61,57,2,129,0,2,105,1,108,9,63,162,3,237,180,0,180,417
06/30/2011,SBA,CA,AWP,WE,Combined TRACON& Tower with Radar,9,68,51,2,130,0,2,100,3,105,9,70,151,5,235,259,0,259,494
07/01/2011,SBA,CA,AWP,WE,Combined TRACON& Tower with Radar,10,76,47,2,135,0,2,130,0,132,10,78,177,2,267,243,0,243,510
07/02/2011,SBA,CA,AWP,WE,Combined TRACON& Tower with Radar,8,56,31,3,98,0,2,79,1,82,8,58,110,4,180,32,0,32,212
07/03/2011,SBA,CA,AWP,WE,Combined TRACON& Tower with Radar,8,40,44,0,92,0,0,34,0,34,8,40,78,0,126,18,0,18,144
07/04/2011,SBA,CA,AWP,WE,Combined TRACON& Tower with Radar,10,50,22,0,82,0,2,41,0,43,10,52,63,0,125,101,0,101,226
07/05/2011,SBA,CA,AWP,WE,Combined TRACON& Tower with Radar,10,66,33,2,111,0,1,69,0,70,10,67,102,2,181,124,0,124,305
07/06/2011,SBA,CA,AWP,WE,Combined TRACON& Tower with Radar,11,65,46,3,125,0,4,73,2,79,11,69,119,5,204,78,0,78,282
07/07/2011,SBA,CA,AWP,WE,Combined TRACON& Tower with Radar,9,64,50,3,126,0,4,92,3,99,9,68,142,6,225,151,14,165,390
07/08/2011,SBA,CA,AWP,WE,Combined TRACON& Tower with Radar,9,65,48,0,122,0,2,141,0,143,9,67,189,0,265,146,0,146,411
07/09/2011,SBA,CA,AWP,WE,Combined TRACON& Tower with Radar,7,63,39,3,112,0,0,109,1,110,7,63,148,4,222,68,0,68,290
07/10/2011,SBA,CA,AWP,WE,Combined TRACON& Tower with Radar,10,68,45,1,124,0,1,116,3,120,10,69,161,4,244,130,0,130,374
07/11/2011,SBA,CA,AWP,WE,Combined TRACON& Tower with Radar,11,61,57,3,132,0,1,43,0,44,11,62,100,3,176,190,0,190,366
07/12/2011,SBA,CA,AWP,WE,Combined TRACON& Tower with Radar,7,64,56,7,134,0,1,38,2,41,7,65,94,9,175,106,0,106,281
07/13/2011,SBA,CA,AWP,WE,Combined TRACON& Tower with Radar,9,58,54,0,121,0,2,33,1,36,9,60,87,1,157,116,0,116,273
07/14/2011,SBA,CA,AWP,WE,Combined TRACON& Tower with Radar,11,77,51,0,139,0,1,41,2,44,11,78,92,2,183,54,0,54,237
07/15/2011,SBA,CA,AWP,WE,Combined TRACON& Tower with Radar,9,64,63,0,136,0,1,69,0,70,9,65,132,0,206,152,0,152,358
07/16/2011,SBA,CA,AWP,WE,Combined TRACON& Tower with Radar,8,54,50,0,112,0,0,95,0,95,8,54,145,0,207,60,0,60,267
07/17/2011,SBA,CA,AWP,WE,Combined TRACON& Tower with Radar,10,64,56,0,130,0,1,138,0,139,10,65,194,0,269,105,0,105,374
07/18/2011,SBA,CA,AWP,WE,Combined TRACON& Tower with Radar,9,62,34,0,105,0,3,118,1,122,9,65,152,1,227,81,0,81,308
07/19/2011,SBA,CA,AWP,WE,Combined TRACON& Tower with Radar,7,69,42,0,118,0,1,100,0,101,7,70,142,0,219,122,0,122,341
07/20/2011,SBA,CA,AWP,WE,Combined TRACON& Tower with Radar,9,60,97,4,170,0,2,58,0,60,9,62,155,4,230,70,0,70,300
07/21/2011,SBA,CA,AWP,WE,Combined TRACON& Tower with Radar,9,67,78,5,159,0,4,38,0,42,9,71,116,5,201,32,0,32,233
07/22/2011,SBA,CA,AWP,WE,Combined TRACON& Tower with Radar,8,70,83,3,164,0,2,41,1,44,8,72,124,4,208,84,0,84,292
07/23/2011,SBA,CA,AWP,WE,Combined TRACON& Tower with Radar,7,62,62,2,133,0,0,73,2,75,7,62,135,4,208,36,0,36,244
07/24/2011,SBA,CA,AWP,WE,Combined TRACON& Tower with Radar,10,65,59,0,134,0,0,98,0,98,10,65,157,0,232,42,0,42,274
07/25/2011,SBA,CA,AWP,WE,Combined TRACON& Tower with Radar,7,58,28,2,95,0,3,87,1,91,7,61,115,3,186,86,0,86,272
07/26/2011,SBA,CA,AWP,WE,Combined TRACON& Tower with Radar,7,61,51,0,119,0,3,93,0,96,7,64,144,0,215,90,0,90,305
07/27/2011,SBA,CA,AWP,WE,Combined TRACON& Tower with Radar,9,66,48,0,123,0,2,57,0,59,9,68,105,0,182,82,0,82,264
07/28/2011,SBA,CA,AWP,WE,Combined TRACON& Tower with Radar,10,58,75,5,148,0,1,66,2,69,10,59,141,7,217,134,0,134,351
07/29/2011,SBA,CA,AWP,WE,Combined TRACON& Tower with Radar,9,70,90,6,175,0,4,39,0,43,9,74,129,6,218,36,2,38,256
07/30/2011,SBA,CA,AWP,WE,Combined TRACON& Tower with Radar,10,56,33,0,99,0,0,80,0,80,10,56,113,0,179,76,0,76,255
07/31/2011,SBA,CA,AWP,WE,Combined TRACON& Tower with Radar,10,59,48,1,118,0,1,100,1,102,10,60,148,2,220,10,0,10,230
08/01/2011,SBA,CA,AWP,WE,Combined TRACON& Tower with Radar,9,61,33,0,103,0,2,117,10,129,9,63,150,10,232,116,0,116,348
08/02/2011,SBA,CA,AWP,WE,Combined TRACON& Tower with Radar,8,67,42,2,119,0,1,117,3,121,8,68,159,5,240,174,0,174,414
08/03/2011,SBA,CA,AWP,WE,Combined TRACON& Tower with Radar,9,64,30,3,106,0,1,95,1,97,9,65,125,4,203,96,0,96,299
08/04/2011,SBA,CA,AWP,WE,Combined TRACON& Tower with Radar,10,65,26,1,102,0,5,105,5,115,10,70,131,6,217,174,0,174,391
08/05/2011,SBA,CA,AWP,WE,Combined TRACON& Tower with Radar,10,62,44,0,116,0,2,106,0,108,10,64,150,0,224,46,0,46,270
08/06/2011,SBA,CA,AWP,WE,Combined TRACON& Tower with Radar,8,55,64,3,130,0,1,61,0,62,8,56,125,3,192,32,2,34,226
08/07/2011,SBA,CA,AWP,WE,Combined TRACON& Tower with Radar,10,62,61,2,135,0,1,93,0,94,10,63,154,2,229,14,0,14,243
08/08/2011,SBA,CA,AWP,WE,Combined TRACON& Tower with Radar,10,67,59,2,138,0,1,45,0,46,10,68,104,2,184,44,0,44,228
08/09/2011,SBA,CA,AWP,WE,Combined TRACON& Tower with Radar,10,67,73,0,150,0,0,15,0,15,10,67,88,0,165,28,0,28,193
08/10/2011,SBA,CA,AWP,WE,Combined TRACON& Tower with Radar,10,64,80,0,154,0,2,29,0,31,10,66,109,0,185,120,0,120,305
08/11/2011,SBA,CA,AWP,WE,Combined TRACON& Tower with Radar,9,73,62,11,155,0,1,45,2,48,9,74,107,13,203,201,0,201,404
08/12/2011,SBA,CA,AWP,WE,Combined TRACON& Tower with Radar,10,77,71,5,163,0,3,41,3,47,10,80,112,8,210,68,0,68,278
08/13/2011,SBA,CA,AWP,WE,Combined TRACON& Tower with Radar,8,59,60,2,129,0,0,57,0,57,8,59,117,2,186,136,0,136,322
08/14/2011,SBA,CA,AWP,WE,Combined TRACON& Tower with Radar,9,66,48,2,125,0,2,61,0,63,9,68,109,2,188,116,0,116,304
08/15/2011,SBA,CA,AWP,WE,Combined TRACON& Tower with Radar,9,74,53,0,136,0,4,32,0,36,9,78,85,0,172,48,0,48,220
08/16/2011,SBA,CA,AWP,WE,Combined TRACON& Tower with Radar,5,76,59,2,142,0,1,50,0,51,5,77,109,2,193,164,0,164,357
08/17/2011,SBA,CA,AWP,WE,Combined TRACON& Tower with Radar,9,75,32,1,117,0,3,71,0,74,9,78,103,1,191,164,0,164,355
08/18/2011,SBA,CA,AWP,WE,Combined TRACON& Tower with Radar,8,67,61,2,138,0,2,93,2,97,8,69,154,4,235,274,0,274,509
08/19/2011,SBA,CA,AWP,WE,Combined TRACON& Tower with Radar,9,71,65,4,149,0,2,56,2,60,9,73,121,6,209,176,0,176,385
08/20/2011,SBA,CA,AWP,WE,Combined TRACON& Tower with Radar,8,54,74,0,136,0,1,83,1,85,8,55,157,1,221,112,0,112,333
08/21/2011,SBA,CA,AWP,WE,Combined TRACON& Tower with Radar,12,63,60,0,135,0,0,107,0,107,12,63,167,0,242,121,0,121,363
08/22/2011,SBA,CA,AWP,WE,Combined TRACON& Tower with Radar,9,60,36,0,105,0,3,55,2,60,9,63,91,2,165,64,0,64,229
08/23/2011,SBA,CA,AWP,WE,Combined TRACON& Tower with Radar,6,70,63,6,145,0,4,78,0,82,6,74,141,6,227,110,0,110,337
08/24/2011,SBA,CA,AWP,WE,Combined TRACON& Tower with Radar,8,63,44,6,121,0,4,76,0,80,8,67,120,6,201,136,0,136,337
08/25/2011,SBA,CA,AWP,WE,Combined TRACON& Tower with Radar,8,60,41,0,109,0,5,97,3,105,8,65,138,3,214,198,0,198,412
08/26/2011,SBA,CA,AWP,WE,Combined TRACON& Tower with Radar,9,64,39,10,122,0,4,103,2,109,9,68,142,12,231,122,4,126,357
08/27/2011,SBA,CA,AWP,WE,Combined TRACON& Tower with Radar,8,49,28,0,85,0,2,131,2,135,8,51,159,2,220,106,0,106,326
08/28/2011,SBA,CA,AWP,WE,Combined TRACON& Tower with Radar,8,62,25,0,95,0,1,131,0,132,8,63,156,0,227,76,0,76,303
08/29/2011,SBA,CA,AWP,WE,Combined TRACON& Tower with Radar,10,65,36,15,126,0,2,89,3,94,10,67,125,18,220,90,0,90,310
08/30/2011,SBA,CA,AWP,WE,Combined TRACON& Tower with Radar,9,60,38,8,115,0,2,85,0,87,9,62,123,8,202,96,6,102,304
08/31/2011,SBA,CA,AWP,WE,Combined TRACON& Tower with Radar,9,59,60,5,133,0,2,58,1,61,9,61,118,6,194,148,0,148,342
09/01/2011,SBA,CA,AWP,WE,Combined TRACON& Tower with Radar,11,69,61,4,145,0,2,36,0,38,11,71,97,4,183,130,0,130,313
09/02/2011,SBA,CA,AWP,WE,Combined TRACON& Tower with Radar,9,77,71,0,157,0,5,60,0,65,9,82,131,0,222,144,0,144,366
09/03/2011,SBA,CA,AWP,WE,Combined TRACON& Tower with Radar,8,47,30,0,85,0,0,66,0,66,8,47,96,0,151,52,0,52,203
09/04/2011,SBA,CA,AWP,WE,Combined TRACON& Tower with Radar,7,44,34,0,85,0,0,86,0,86,7,44,120,0,171,48,0,48,219
09/05/2011,SBA,CA,AWP,WE,Combined TRACON& Tower with Radar,9,71,46,2,128,0,0,114,1,115,9,71,160,3,243,224,0,224,467
09/06/2011,SBA,CA,AWP,WE,Combined TRACON& Tower with Radar,7,69,26,2,104,0,3,100,0,103,7,72,126,2,207,82,0,82,289
09/07/2011,SBA,CA,AWP,WE,Combined TRACON& Tower with Radar,7,56,37,3,103,0,4,93,1,98,7,60,130,4,201,122,0,122,323
09/08/2011,SBA,CA,AWP,WE,Combined TRACON& Tower with Radar,6,70,31,5,112,0,1,220,5,226,6,71,251,10,338,0,0,0,338
09/09/2011,SBA,CA,AWP,WE,Combined TRACON& Tower with Radar,8,69,46,7,130,0,3,73,2,78,8,72,119,9,208,62,2,64,272
09/10/2011,SBA,CA,AWP,WE,Combined TRACON& Tower with Radar,8,51,57,2,118,0,0,20,0,20,8,51,77,2,138,48,0,48,186
09/11/2011,SBA,CA,AWP,WE,Combined TRACON& Tower with Radar,9,78,65,2,154,0,1,44,0,45,9,79,109,2,199,46,0,46,245
09/12/2011,SBA,CA,AWP,WE,Combined TRACON& Tower with Radar,6,66,42,0,114,0,2,92,1,95,6,68,134,1,209,112,0,112,321
09/13/2011,SBA,CA,AWP,WE,Combined TRACON& Tower with Radar,9,58,23,5,95,0,3,109,3,115,9,61,132,8,210,24,0,24,234
09/14/2011,SBA,CA,AWP,WE,Combined TRACON& Tower with Radar,8,55,75,9,147,0,1,41,3,45,8,56,116,12,192,20,6,26,218
09/15/2011,SBA,CA,AWP,WE,Combined TRACON& Tower with Radar,7,59,61,7,134,0,2,43,1,46,7,61,104,8,180,92,2,94,274
09/16/2011,SBA,CA,AWP,WE,Combined TRACON& Tower with Radar,8,70,86,0,164,0,1,6,3,10,8,71,92,3,174,24,0,24,198
09/17/2011,SBA,CA,AWP,WE,Combined TRACON& Tower with Radar,7,53,44,3,107,0,0,66,3,69,7,53,110,6,176,132,0,132,308
09/18/2011,SBA,CA,AWP,WE,Combined TRACON& Tower with Radar,8,64,45,0,117,0,5,105,1,111,8,69,150,1,228,108,0,108,336
09/19/2011,SBA,CA,AWP,WE,Combined TRACON& Tower with Radar,6,72,37,4,119,0,2,30,0,32,6,74,67,4,151,84,0,84,235
09/20/2011,SBA,CA,AWP,WE,Combined TRACON& Tower with Radar,8,60,73,10,151,0,0,9,0,9,8,60,82,10,160,0,0,0,160
09/21/2011,SBA,CA,AWP,WE,Combined TRACON& Tower with Radar,7,67,67,0,141,0,0,15,0,15,7,67,82,0,156,20,0,20,176
09/22/2011,SBA,CA,AWP,WE,Combined TRACON& Tower with Radar,7,71,60,8,146,0,0,36,1,37,7,71,96,9,183,60,2,62,245
09/23/2011,SBA,CA,AWP,WE,Combined TRACON& Tower with Radar,10,60,64,0,134,0,0,30,0,30,10,60,94,0,164,60,0,60,224
09/24/2011,SBA,CA,AWP,WE,Combined TRACON& Tower with Radar,5,45,90,0,140,0,0,2,0,2,5,45,92,0,142,12,0,12,154
09/25/2011,SBA,CA,AWP,WE,Combined TRACON& Tower with Radar,9,71,58,0,138,0,0,58,0,58,9,71,116,0,196,88,0,88,284
09/26/2011,SBA,CA,AWP,WE,Combined TRACON& Tower with Radar,6,68,38,4,116,0,0,49,2,51,6,68,87,6,167,120,0,120,287
09/27/2011,SBA,CA,AWP,WE,Combined TRACON& Tower with Radar,7,58,35,0,100,0,0,83,3,86,7,58,118,3,186,248,0,248,434
09/28/2011,SBA,CA,AWP,WE,Combined TRACON& Tower with Radar,6,64,96,2,168,0,0,10,0,10,6,64,106,2,178,0,0,0,178
09/29/2011,SBA,CA,AWP,WE,Combined TRACON& Tower with Radar,6,60,59,0,125,0,0,46,0,46,6,60,105,0,171,88,0,88,259
09/30/2011,SBA,CA,AWP,WE,Combined TRACON& Tower with Radar,8,72,52,0,132,0,1,88,0,89,8,73,140,0,221,84,0,84,305
10/01/2011,SBA,CA,AWP,WE,Combined TRACON& Tower with Radar,7,48,27,1,83,0,2,119,1,122,7,50,146,2,205,112,0,112,317
10/02/2011,SBA,CA,AWP,WE,Combined TRACON& Tower with Radar,9,67,33,0,109,0,0,96,2,98,9,67,129,2,207,83,0,83,290
10/03/2011,SBA,CA,AWP,WE,Combined TRACON& Tower with Radar,6,61,41,0,108,0,11,96,4,111,6,72,137,4,219,90,0,90,309
10/04/2011,SBA,CA,AWP,WE,Combined TRACON& Tower with Radar,7,52,49,12,120,0,0,38,0,38,7,52,87,12,158,120,6,126,284
10/05/2011,SBA,CA,AWP,WE,Combined TRACON& Tower with Radar,8,58,36,6,108,0,0,3,0,3,8,58,39,6,111,26,8,34,145
10/06/2011,SBA,CA,AWP,WE,Combined TRACON& Tower with Radar,5,70,33,4,112,0,2,64,4,70,5,72,97,8,182,84,0,84,266
10/07/2011,SBA,CA,AWP,WE,Combined TRACON& Tower with Radar,10,70,32,0,112,0,3,116,2,121,10,73,148,2,233,172,0,172,405
10/08/2011,SBA,CA,AWP,WE,Combined TRACON& Tower with Radar,8,41,28,0,77,0,3,117,1,121,8,44,145,1,198,161,0,161,359
10/09/2011,SBA,CA,AWP,WE,Combined TRACON& Tower with Radar,12,69,40,3,124,0,2,164,0,166,12,71,204,3,290,114,0,114,404
10/10/2011,SBA,CA,AWP,WE,Combined TRACON& Tower with Radar,9,63,54,0,126,0,2,61,0,63,9,65,115,0,189,101,0,101,290
10/11/2011,SBA,CA,AWP,WE,Combined TRACON& Tower with Radar,8,63,33,0,104,0,4,72,0,76,8,67,105,0,180,142,0,142,322
10/12/2011,SBA,CA,AWP,WE,Combined TRACON& Tower with Radar,8,67,38,0,113,0,2,93,5,100,8,69,131,5,213,0,0,0,213
10/13/2011,SBA,CA,AWP,WE,Combined TRACON& Tower with Radar,12,64,44,9,129,0,1,89,3,93,12,65,133,12,222,96,6,102,324
10/14/2011,SBA,CA,AWP,WE,Combined TRACON& Tower with Radar,10,72,56,4,142,0,6,88,0,94,10,78,144,4,236,182,0,182,418
10/15/2011,SBA,CA,AWP,WE,Combined TRACON& Tower with Radar,8,48,67,3,126,0,0,67,0,67,8,48,134,3,193,96,2,98,291
10/16/2011,SBA,CA,AWP,WE,Combined TRACON& Tower with Radar,9,62,40,2,113,0,0,104,2,106,9,62,144,4,219,80,0,80,299
10/17/2011,SBA,CA,AWP,WE,Combined TRACON& Tower with Radar,8,71,47,0,126,0,1,60,0,61,8,72,107,0,187,94,0,94,281
10/18/2011,SBA,CA,AWP,WE,Combined TRACON& Tower with Radar,9,53,54,0,116,0,3,33,0,36,9,56,87,0,152,36,0,36,188
10/19/2011,SBA,CA,AWP,WE,Combined TRACON& Tower with Radar,8,57,54,0,119,0,3,38,0,41,8,60,92,0,160,142,0,142,302
10/20/2011,SBA,CA,AWP,WE,Combined TRACON& Tower with Radar,10,60,85,0,155,0,0,1,0,1,10,60,86,0,156,10,0,10,166
10/21/2011,SBA,CA,AWP,WE,Combined TRACON& Tower with Radar,11,66,94,0,171,0,0,4,1,5,11,66,98,1,176,78,0,78,254
10/22/2011,SBA,CA,AWP,WE,Combined TRACON& Tower with Radar,10,43,46,0,99,0,0,30,0,30,10,43,76,0,129,54,0,54,183
10/23/2011,SBA,CA,AWP,WE,Combined TRACON& Tower with Radar,11,76,92,0,179,0,0,13,0,13,11,76,105,0,192,14,0,14,206
10/24/2011,SBA,CA,AWP,WE,Combined TRACON& Tower with Radar,8,59,55,0,122,0,0,20,0,20,8,59,75,0,142,106,0,106,248
10/25/2011,SBA,CA,AWP,WE,Combined TRACON& Tower with Radar,8,55,55,4,122,0,0,26,2,28,8,55,81,6,150,39,0,39,189
10/26/2011,SBA,CA,AWP,WE,Combined TRACON& Tower with Radar,10,58,33,0,101,0,0,73,0,73,10,58,106,0,174,222,0,222,396
10/27/2011,SBA,CA,AWP,WE,Combined TRACON& Tower with Radar,11,59,44,0,114,0,1,129,0,130,11,60,173,0,244,216,0,216,460
10/28/2011,SBA,CA,AWP,WE,Combined TRACON& Tower with Radar,10,61,55,2,128,0,3,152,5,160,10,64,207,7,288,226,0,226,514
10/29/2011,SBA,CA,AWP,WE,Combined TRACON& Tower with Radar,10,41,39,1,91,0,5,123,0,128,10,46,162,1,219,108,0,108,327
10/30/2011,SBA,CA,AWP,WE,Combined TRACON& Tower with Radar,9,67,48,0,124,0,1,139,0,140,9,68,187,0,264,92,0,92,356
10/31/2011,SBA,CA,AWP,WE,Combined TRACON& Tower with Radar,9,53,50,6,118,0,0,38,0,38,9,53,88,6,156,46,0,46,202
11/01/2011,SBA,CA,AWP,WE,Combined TRACON& Tower with Radar,7,57,53,0,117,0,0,57,2,59,7,57,110,2,176,158,12,170,346
11/02/2011,SBA,CA,AWP,WE,Combined TRACON& Tower with Radar,7,58,18,0,83,0,1,67,0,68,7,59,85,0,151,132,0,132,283
11/03/2011,SBA,CA,AWP,WE,Combined TRACON& Tower with Radar,7,60,39,0,106,0,0,55,1,56,7,60,94,1,162,164,0,164,326
11/04/2011,SBA,CA,AWP,WE,Combined TRACON& Tower with Radar,7,65,37,0,109,0,0,27,1,28,7,65,64,1,137,120,0,120,257
11/05/2011,SBA,CA,AWP,WE,Combined TRACON& Tower with Radar,7,45,27,1,80,0,4,85,2,91,7,49,112,3,171,98,0,98,269
11/06/2011,SBA,CA,AWP,WE,Combined TRACON& Tower with Radar,6,60,40,0,106,0,0,39,2,41,6,60,79,2,147,20,0,20,167
11/07/2011,SBA,CA,AWP,WE,Combined TRACON& Tower with Radar,6,68,35,0,109,0,0,76,0,76,6,68,111,0,185,184,0,184,369
11/08/2011,SBA,CA,AWP,WE,Combined TRACON& Tower with Radar,6,56,44,6,112,0,1,91,3,95,6,57,135,9,207,128,6,134,341
11/09/2011,SBA,CA,AWP,WE,Combined TRACON& Tower with Radar,4,62,47,0,113,0,3,81,0,84,4,65,128,0,197,148,0,148,345
11/10/2011,SBA,CA,AWP,WE,Combined TRACON& Tower with Radar,6,71,29,2,108,0,4,75,0,79,6,75,104,2,187,114,0,114,301
11/11/2011,SBA,CA,AWP,WE,Combined TRACON& Tower with Radar,6,59,49,0,114,0,0,31,0,31,6,59,80,0,145,54,0,54,199
11/12/2011,SBA,CA,AWP,WE,Combined TRACON& Tower with Radar,6,57,36,1,100,0,0,32,1,33,6,57,68,2,133,64,0,64,197
11/13/2011,SBA,CA,AWP,WE,Combined TRACON& Tower with Radar,8,58,53,0,119,0,1,93,2,96,8,59,146,2,215,28,0,28,243
11/14/2011,SBA,CA,AWP,WE,Combined TRACON& Tower with Radar,6,70,60,1,137,0,1,69,1,71,6,71,129,2,208,30,0,30,238
11/15/2011,SBA,CA,AWP,WE,Combined TRACON& Tower with Radar,6,67,54,0,127,0,2,69,1,72,6,69,123,1,199,66,0,66,265
11/16/2011,SBA,CA,AWP,WE,Combined TRACON& Tower with Radar,6,73,73,3,155,0,4,44,2,50,6,77,117,5,205,50,0,50,255
11/17/2011,SBA,CA,AWP,WE,Combined TRACON& Tower with Radar,6,69,55,0,130,0,0,93,0,93,6,69,148,0,223,100,0,100,323
11/18/2011,SBA,CA,AWP,WE,Combined TRACON& Tower with Radar,6,79,57,0,142,0,0,43,0,43,6,79,100,0,185,184,0,184,369
11/19/2011,SBA,CA,AWP,WE,Combined TRACON& Tower with Radar,4,61,50,0,115,0,1,75,0,76,4,62,125,0,191,90,0,90,281
11/20/2011,SBA,CA,AWP,WE,Combined TRACON& Tower with Radar,6,63,37,0,106,0,0,4,0,4,6,63,41,0,110,4,0,4,114
11/21/2011,SBA,CA,AWP,WE,Combined TRACON& Tower with Radar,6,64,51,6,127,0,3,104,4,111,6,67,155,10,238,36,6,42,280
11/22/2011,SBA,CA,AWP,WE,Combined TRACON& Tower with Radar,6,65,49,8,128,0,5,126,0,131,6,70,175,8,259,122,0,122,381
11/23/2011,SBA,CA,AWP,WE,Combined TRACON& Tower with Radar,6,72,83,0,161,0,9,126,0,135,6,81,209,0,296,64,0,64,360
11/24/2011,SBA,CA,AWP,WE,Combined TRACON& Tower with Radar,6,42,18,0,66,0,0,25,0,25,6,42,43,0,91,2,0,2,93
11/25/2011,SBA,CA,AWP,WE,Combined TRACON& Tower with Radar,6,53,29,0,88,0,3,115,1,119,6,56,144,1,207,34,0,34,241
11/26/2011,SBA,CA,AWP,WE,Combined TRACON& Tower with Radar,6,71,36,0,113,0,2,136,0,138,6,73,172,0,251,86,0,86,337
11/27/2011,SBA,CA,AWP,WE,Combined TRACON& Tower with Radar,7,67,59,0,133,0,0,174,4,178,7,67,233,4,311,44,0,44,355
11/28/2011,SBA,CA,AWP,WE,Combined TRACON& Tower with Radar,8,62,32,0,102,0,1,63,0,64,8,63,95,0,166,34,0,34,200
11/29/2011,SBA,CA,AWP,WE,Combined TRACON& Tower with Radar,7,55,37,11,110,0,2,71,4,77,7,57,108,15,187,56,20,76,263
11/30/2011,SBA,CA,AWP,WE,Combined TRACON& Tower with Radar,10,78,47,0,135,0,1,54,0,55,10,79,101,0,190,60,0,60,250
12/01/2011,SBA,CA,AWP,WE,Combined TRACON& Tower with Radar,6,67,16,0,89,0,1,33,0,34,6,68,49,0,123,74,0,74,197
12/02/2011,SBA,CA,AWP,WE,Combined TRACON& Tower with Radar,6,64,54,2,126,0,2,61,1,64,6,66,115,3,190,52,0,52,242
12/03/2011,SBA,CA,AWP,WE,Combined TRACON& Tower with Radar,2,50,25,1,78,0,2,64,0,66,2,52,89,1,144,44,0,44,188
12/04/2011,SBA,CA,AWP,WE,Combined TRACON& Tower with Radar,6,59,38,0,103,0,3,80,0,83,6,62,118,0,186,60,0,60,246
12/05/2011,SBA,CA,AWP,WE,Combined TRACON& Tower with Radar,6,66,37,14,123,0,1,42,0,43,6,67,79,14,166,130,16,146,312
12/06/2011,SBA,CA,AWP,WE,Combined TRACON& Tower with Radar,6,55,37,2,100,0,3,78,1,82,6,58,115,3,182,134,0,134,316
12/07/2011,SBA,CA,AWP,WE,Combined TRACON& Tower with Radar,4,66,35,6,111,0,1,92,0,93,4,67,127,6,204,172,28,200,404
12/08/2011,SBA,CA,AWP,WE,Combined TRACON& Tower with Radar,8,65,38,8,119,0,2,67,2,71,8,67,105,10,190,60,0,60,250
12/09/2011,SBA,CA,AWP,WE,Combined TRACON& Tower with Radar,7,76,38,1,122,0,4,118,0,122,7,80,156,1,244,178,0,178,422
12/10/2011,SBA,CA,AWP,WE,Combined TRACON& Tower with Radar,2,49,27,0,78,0,2,113,2,117,2,51,140,2,195,54,0,54,249
12/11/2011,SBA,CA,AWP,WE,Combined TRACON& Tower with Radar,6,68,45,0,119,0,0,43,0,43,6,68,88,0,162,72,0,72,234
12/12/2011,SBA,CA,AWP,WE,Combined TRACON& Tower with Radar,6,64,28,0,98,0,0,11,0,11,6,64,39,0,109,120,0,120,229
12/13/2011,SBA,CA,AWP,WE,Combined TRACON& Tower with Radar,4,67,42,0,113,0,2,69,0,71,4,69,111,0,184,220,0,220,404
12/14/2011,SBA,CA,AWP,WE,Combined TRACON& Tower with Radar,6,64,35,2,107,0,2,66,3,71,6,66,101,5,178,199,0,199,377
12/15/2011,SBA,CA,AWP,WE,Combined TRACON& Tower with Radar,6,71,36,5,118,0,2,50,1,53,6,73,86,6,171,144,0,144,315
12/16/2011,SBA,CA,AWP,WE,Combined TRACON& Tower with Radar,4,67,39,2,112,0,5,77,0,82,4,72,116,2,194,180,0,180,374
12/17/2011,SBA,CA,AWP,WE,Combined TRACON& Tower with Radar,7,49,27,0,83,0,3,61,0,64,7,52,88,0,147,115,0,115,262
12/18/2011,SBA,CA,AWP,WE,Combined TRACON& Tower with Radar,5,67,33,1,106,0,3,106,2,111,5,70,139,3,217,56,0,56,273
12/19/2011,SBA,CA,AWP,WE,Combined TRACON& Tower with Radar,6,58,62,3,129,0,0,23,0,23,6,58,85,3,152,72,0,72,224
12/20/2011,SBA,CA,AWP,WE,Combined TRACON& Tower with Radar,6,73,26,1,106,0,1,62,5,68,6,74,88,6,174,64,0,64,238
12/21/2011,SBA,CA,AWP,WE,Combined TRACON& Tower with Radar,6,70,43,4,123,0,3,111,4,118,6,73,154,8,241,250,2,252,493
12/22/2011,SBA,CA,AWP,WE,Combined TRACON& Tower with Radar,7,70,33,0,110,0,1,53,0,54,7,71,86,0,164,86,0,86,250
12/23/2011,SBA,CA,AWP,WE,Combined TRACON& Tower with Radar,7,60,35,0,102,0,6,91,0,97,7,66,126,0,199,52,0,52,251
12/24/2011,SBA,CA,AWP,WE,Combined TRACON& Tower with Radar,8,47,19,0,74,0,2,51,0,53,8,49,70,0,127,18,0,18,145
12/25/2011,SBA,CA,AWP,WE,Combined TRACON& Tower with Radar,8,47,17,0,72,0,0,43,0,43,8,47,60,0,115,4,0,4,119
12/26/2011,SBA,CA,AWP,WE,Combined TRACON& Tower with Radar,7,58,41,0,106,0,0,110,0,110,7,58,151,0,216,38,0,38,254
12/27/2011,SBA,CA,AWP,WE,Combined TRACON& Tower with Radar,9,58,45,1,113,0,1,99,2,102,9,59,144,3,215,102,0,102,317
12/28/2011,SBA,CA,AWP,WE,Combined TRACON& Tower with Radar,7,66,24,2,99,0,2,88,1,91,7,68,112,3,190,177,0,177,367
12/29/2011,SBA,CA,AWP,WE,Combined TRACON& Tower with Radar,6,58,28,7,99,0,2,105,3,110,6,60,133,10,209,172,0,172,381
12/30/2011,SBA,CA,AWP,WE,Combined TRACON& Tower with Radar,8,56,41,2,107,0,1,97,0,98,8,57,138,2,205,0,0,0,205
12/31/2011,SBA,CA,AWP,WE,Combined TRACON& Tower with Radar,8,35,26,0,69,0,0,53,0,53,8,35,79,0,122,62,0,62,184
01/01/2012,SBA,CA,AWP,WE,Combined TRACON& Tower with Radar,6,42,25,0,73,0,0,75,0,75,6,42,100,0,148,62,0,62,210
01/02/2012,SBA,CA,AWP,WE,Combined TRACON& Tower with Radar,6,66,48,0,120,0,0,83,1,84,6,66,131,1,204,19,0,19,223
01/03/2012,SBA,CA,AWP,WE,Combined TRACON& Tower with Radar,7,54,33,10,104,0,1,68,2,71,7,55,101,12,175,98,0,98,273
01/04/2012,SBA,CA,AWP,WE,Combined TRACON& Tower with Radar,6,59,31,4,100,0,1,76,2,79,6,60,107,6,179,88,0,88,267
01/05/2012,SBA,CA,AWP,WE,Combined TRACON& Tower with Radar,6,71,51,0,128,0,4,110,2,116,6,75,161,2,244,62,2,64,308
01/06/2012,SBA,CA,AWP,WE,Combined TRACON& Tower with Radar,6,74,39,4,123,0,1,112,0,113,6,75,151,4,236,120,4,124,360
01/07/2012,SBA,CA,AWP,WE,Combined TRACON& Tower with Radar,8,50,48,0,106,0,3,41,1,45,8,53,89,1,151,52,0,52,203
01/08/2012,SBA,CA,AWP,WE,Combined TRACON& Tower with Radar,6,65,39,0,110,0,4,82,1,87,6,69,121,1,197,116,0,116,313
01/09/2012,SBA,CA,AWP,WE,Combined TRACON& Tower with Radar,6,64,28,3,101,0,1,58,2,61,6,65,86,5,162,84,2,86,248
01/10/2012,SBA,CA,AWP,WE,Combined TRACON& Tower with Radar,6,65,24,2,97,0,3,60,0,63,6,68,84,2,160,32,0,32,192
01/11/2012,SBA,CA,AWP,WE,Combined TRACON& Tower with Radar,8,63,43,2,116,0,2,84,2,88,8,65,127,4,204,152,0,152,356
01/12/2012,SBA,CA,AWP,WE,Combined TRACON& Tower with Radar,6,74,39,4,123,0,4,84,2,90,6,78,123,6,213,30,4,34,247
01/13/2012,SBA,CA,AWP,WE,Combined TRACON& Tower with Radar,6,67,36,1,110,0,1,100,2,103,6,68,136,3,213,90,2,92,305
01/14/2012,SBA,CA,AWP,WE,Combined TRACON& Tower with Radar,8,52,46,2,108,0,3,104,1,108,8,55,150,3,216,142,0,142,358
01/15/2012,SBA,CA,AWP,WE,Combined TRACON& Tower with Radar,6,59,39,0,104,0,1,83,3,87,6,60,122,3,191,128,0,128,319
01/16/2012,SBA,CA,AWP,WE,Combined TRACON& Tower with Radar,8,67,26,4,105,0,1,51,2,54,8,68,77,6,159,151,0,151,310
01/17/2012,SBA,CA,AWP,WE,Combined TRACON& Tower with Radar,8,52,28,0,88,0,2,70,0,72,8,54,98,0,160,154,0,154,314
01/18/2012,SBA,CA,AWP,WE,Combined TRACON& Tower with Radar,8,53,43,5,109,0,4,88,2,94,8,57,131,7,203,102,6,108,311
01/19/2012,SBA,CA,AWP,WE,Combined TRACON& Tower with Radar,6,62,34,0,102,0,0,82,0,82,6,62,116,0,184,48,0,48,232
01/20/2012,SBA,CA,AWP,WE,Combined TRACON& Tower with Radar,6,58,41,4,109,0,1,48,0,49,6,59,89,4,158,88,2,90,248
01/21/2012,SBA,CA,AWP,WE,Combined TRACON& Tower with Radar,11,67,18,1,97,0,2,16,0,18,11,69,34,1,115,34,0,34,149
01/22/2012,SBA,CA,AWP,WE,Combined TRACON& Tower with Radar,8,56,53,0,117,0,2,54,1,57,8,58,107,1,174,38,0,38,212
01/23/2012,SBA,CA,AWP,WE,Combined TRACON& Tower with Radar,8,56,34,0,98,0,0,8,0,8,8,56,42,0,106,4,0,4,110
01/24/2012,SBA,CA,AWP,WE,Combined TRACON& Tower with Radar,8,59,36,0,103,0,6,86,0,92,8,65,122,0,195,0,0,0,195
01/25/2012,SBA,CA,AWP,WE,Combined TRACON& Tower with Radar,8,64,38,4,114,0,4,91,2,97,8,68,129,6,211,178,0,178,389
01/26/2012,SBA,CA,AWP,WE,Combined TRACON& Tower with Radar,10,65,30,2,107,0,1,96,0,97,10,66,126,2,204,134,0,134,338
01/27/2012,SBA,CA,AWP,WE,Combined TRACON& Tower with Radar,8,61,48,0,117,0,1,108,0,109,8,62,156,0,226,94,0,94,320
01/28/2012,SBA,CA,AWP,WE,Combined TRACON& Tower with Radar,8,52,28,0,88,0,1,92,0,93,8,53,120,0,181,90,0,90,271
01/29/2012,SBA,CA,AWP,WE,Combined TRACON& Tower with Radar,6,61,41,0,108,0,1,161,4,166,6,62,202,4,274,106,0,106,380
01/30/2012,SBA,CA,AWP,WE,Combined TRACON& Tower with Radar,6,66,32,3,107,0,0,90,0,90,6,66,122,3,197,104,0,104,301
01/31/2012,SBA,CA,AWP,WE,Combined TRACON& Tower with Radar,8,54,34,4,100,0,0,59,0,59,8,54,93,4,159,56,0,56,215
02/01/2012,SBA,CA,AWP,WE,Combined TRACON& Tower with Radar,6,62,46,2,116,0,2,95,2,99,6,64,141,4,215,0,0,0,215
02/02/2012,SBA,CA,AWP,WE,Combined TRACON& Tower with Radar,2,63,30,5,100,0,0,88,4,92,2,63,118,9,192,99,10,109,301
02/03/2012,SBA,CA,AWP,WE,Combined TRACON& Tower with Radar,6,76,32,7,121,0,0,89,2,91,6,76,121,9,212,194,2,196,408
02/04/2012,SBA,CA,AWP,WE,Combined TRACON& Tower with Radar,6,54,25,0,85,0,2,120,0,122,6,56,145,0,207,136,0,136,343
02/05/2012,SBA,CA,AWP,WE,Combined TRACON& Tower with Radar,6,64,36,0,106,0,1,107,0,108,6,65,143,0,214,46,0,46,260
02/06/2012,SBA,CA,AWP,WE,Combined TRACON& Tower with Radar,5,70,35,4,114,0,2,74,1,77,5,72,109,5,191,142,0,142,333
02/07/2012,SBA,CA,AWP,WE,Combined TRACON& Tower with Radar,7,59,37,0,103,0,2,15,0,17,7,61,52,0,120,14,0,14,134
02/08/2012,SBA,CA,AWP,WE,Combined TRACON& Tower with Radar,6,60,31,0,97,0,1,77,2,80,6,61,108,2,177,108,0,108,285
02/09/2012,SBA,CA,AWP,WE,Combined TRACON& Tower with Radar,6,77,51,0,134,0,3,91,0,94,6,80,142,0,228,102,0,102,330
02/10/2012,SBA,CA,AWP,WE,Combined TRACON& Tower with Radar,6,68,53,0,127,0,2,117,2,121,6,70,170,2,248,54,0,54,302
02/11/2012,SBA,CA,AWP,WE,Combined TRACON& Tower with Radar,4,51,41,2,98,0,1,45,0,46,4,52,86,2,144,112,0,112,256
02/12/2012,SBA,CA,AWP,WE,Combined TRACON& Tower with Radar,6,73,40,4,123,0,0,102,0,102,6,73,142,4,225,184,0,184,409
02/13/2012,SBA,CA,AWP,WE,Combined TRACON& Tower with Radar,6,68,20,8,102,0,0,22,2,24,6,68,42,10,126,50,0,50,176
02/14/2012,SBA,CA,AWP,WE,Combined TRACON& Tower with Radar,6,56,21,2,85,0,1,70,4,75,6,57,91,6,160,114,0,114,274
02/15/2012,SBA,CA,AWP,WE,Combined TRACON& Tower with Radar,6,63,39,0,108,0,0,18,0,18,6,63,57,0,126,86,0,86,212
02/16/2012,SBA,CA,AWP,WE,Combined TRACON& Tower with Radar,7,66,53,0,126,0,2,77,4,83,7,68,130,4,209,132,0,132,341
02/17/2012,SBA,CA,AWP,WE,Combined TRACON& Tower with Radar,8,67,69,2,146,0,0,106,0,106,8,67,175,2,252,169,0,169,421
02/18/2012,SBA,CA,AWP,WE,Combined TRACON& Tower with Radar,8,54,59,0,121,0,2,80,0,82,8,56,139,0,203,86,0,86,289
02/19/2012,SBA,CA,AWP,WE,Combined TRACON& Tower with Radar,8,67,30,0,105,0,1,72,0,73,8,68,102,0,178,150,0,150,328
02/20/2012,SBA,CA,AWP,WE,Combined TRACON& Tower with Radar,8,70,55,0,133,0,1,88,0,89,8,71,143,0,222,108,0,108,330
02/21/2012,SBA,CA,AWP,WE,Combined TRACON& Tower with Radar,8,63,34,3,108,0,3,83,1,87,8,66,117,4,195,94,0,94,289
02/22/2012,SBA,CA,AWP,WE,Combined TRACON& Tower with Radar,8,68,42,2,120,0,0,88,2,90,8,68,130,4,210,110,0,110,320
02/23/2012,SBA,CA,AWP,WE,Combined TRACON& Tower with Radar,10,62,56,9,137,0,3,118,7,128,10,65,174,16,265,128,14,142,407
02/24/2012,SBA,CA,AWP,WE,Combined TRACON& Tower with Radar,8,68,63,3,142,0,2,55,1,58,8,70,118,4,200,124,0,124,324
02/25/2012,SBA,CA,AWP,WE,Combined TRACON& Tower with Radar,8,53,94,0,155,0,0,64,0,64,8,53,158,0,219,86,0,86,305
02/26/2012,SBA,CA,AWP,WE,Combined TRACON& Tower with Radar,10,66,49,0,125,0,1,108,1,110,10,67,157,1,235,164,0,164,399
02/27/2012,SBA,CA,AWP,WE,Combined TRACON& Tower with Radar,8,65,40,2,115,0,2,17,0,19,8,67,57,2,134,44,0,44,178
02/28/2012,SBA,CA,AWP,WE,Combined TRACON& Tower with Radar,8,55,27,6,96,0,4,65,2,71,8,59,92,8,167,80,0,80,247
02/29/2012,SBA,CA,AWP,WE,Combined TRACON& Tower with Radar,8,58,44,2,112,0,0,26,0,26,8,58,70,2,138,96,0,96,234
03/01/2012,SBA,CA,AWP,WE,Combined TRACON& Tower with Radar,10,61,40,9,120,0,0,56,1,57,10,61,96,10,177,98,0,98,275
03/02/2012,SBA,CA,AWP,WE,Combined TRACON& Tower with Radar,8,66,47,0,121,0,1,100,4,105,8,67,147,4,226,162,0,162,388
03/03/2012,SBA,CA,AWP,WE,Combined TRACON& Tower with Radar,7,50,28,2,87,0,3,143,0,146,7,53,171,2,233,180,0,180,413
03/04/2012,SBA,CA,AWP,WE,Combined TRACON& Tower with Radar,4,70,46,0,120,0,0,143,1,144,4,70,189,1,264,126,0,126,390
03/05/2012,SBA,CA,AWP,WE,Combined TRACON& Tower with Radar,4,71,39,0,114,0,1,67,3,71,4,72,106,3,185,76,0,76,261
03/06/2012,SBA,CA,AWP,WE,Combined TRACON& Tower with Radar,4,65,33,0,102,0,0,27,2,29,4,65,60,2,131,40,0,40,171
03/07/2012,SBA,CA,AWP,WE,Combined TRACON& Tower with Radar,4,71,37,4,116,0,0,78,2,80,4,71,115,6,196,72,6,78,274
03/08/2012,SBA,CA,AWP,WE,Combined TRACON& Tower with Radar,4,66,47,4,121,0,2,107,0,109,4,68,154,4,230,116,2,118,348
03/09/2012,SBA,CA,AWP,WE,Combined TRACON& Tower with Radar,4,65,53,4,126,0,1,123,1,125,4,66,176,5,251,168,6,174,425
03/10/2012,SBA,CA,AWP,WE,Combined TRACON& Tower with Radar,4,55,38,2,99,0,2,130,1,133,4,57,168,3,232,64,0,64,296
03/11/2012,SBA,CA,AWP,WE,Combined TRACON& Tower with Radar,4,64,70,0,138,0,0,74,1,75,4,64,144,1,213,98,0,98,311
03/12/2012,SBA,CA,AWP,WE,Combined TRACON& Tower with Radar,4,64,64,11,143,0,3,46,0,49,4,67,110,11,192,100,0,100,292
03/13/2012,SBA,CA,AWP,WE,Combined TRACON& Tower with Radar,4,51,55,0,110,0,0,32,2,34,4,51,87,2,144,116,0,116,260
03/14/2012,SBA,CA,AWP,WE,Combined TRACON& Tower with Radar,4,61,79,2,146,0,1,60,0,61,4,62,139,2,207,30,0,30,237
03/15/2012,SBA,CA,AWP,WE,Combined TRACON& Tower with Radar,4,60,61,1,126,0,2,36,3,41,4,62,97,4,167,86,0,86,253
03/16/2012,SBA,CA,AWP,WE,Combined TRACON& Tower with Radar,4,62,69,2,137,0,0,14,4,18,4,62,83,6,155,56,0,56,211
03/17/2012,SBA,CA,AWP,WE,Combined TRACON& Tower with Radar,4,52,22,0,78,0,0,5,0,5,4,52,27,0,83,6,0,6,89
03/18/2012,SBA,CA,AWP,WE,Combined TRACON& Tower with Radar,5,63,46,0,114,0,0,18,2,20,5,63,64,2,134,0,0,0,134
03/19/2012,SBA,CA,AWP,WE,Combined TRACON& Tower with Radar,4,64,45,3,116,0,0,67,3,70,4,64,112,6,186,84,0,84,270
03/20/2012,SBA,CA,AWP,WE,Combined TRACON& Tower with Radar,4,56,48,0,108,0,0,100,0,100,4,56,148,0,208,70,0,70,278
03/21/2012,SBA,CA,AWP,WE,Combined TRACON& Tower with Radar,4,71,49,5,129,0,3,109,3,115,4,74,158,8,244,42,0,42,286
03/22/2012,SBA,CA,AWP,WE,Combined TRACON& Tower with Radar,4,78,70,0,152,0,2,95,0,97,4,80,165,0,249,110,0,110,359
03/23/2012,SBA,CA,AWP,WE,Combined TRACON& Tower with Radar,4,77,102,6,189,0,1,31,0,32,4,78,133,6,221,0,0,0,221
03/24/2012,SBA,CA,AWP,WE,Combined TRACON& Tower with Radar,4,57,86,0,147,0,0,57,0,57,4,57,143,0,204,100,0,100,304
03/25/2012,SBA,CA,AWP,WE,Combined TRACON& Tower with Radar,4,55,38,0,97,0,0,8,2,10,4,55,46,2,107,16,0,16,123
03/26/2012,SBA,CA,AWP,WE,Combined TRACON& Tower with Radar,4,58,55,10,127,0,0,83,0,83,4,58,138,10,210,92,0,92,302
03/27/2012,SBA,CA,AWP,WE,Combined TRACON& Tower with Radar,4,47,31,9,91,0,7,92,0,99,4,54,123,9,190,64,22,86,276
03/28/2012,SBA,CA,AWP,WE,Combined TRACON& Tower with Radar,4,56,47,0,107,0,0,39,3,42,4,56,86,3,149,56,0,56,205
03/29/2012,SBA,CA,AWP,WE,Combined TRACON& Tower with Radar,6,65,42,0,113,0,3,70,0,73,6,68,112,0,186,66,0,66,252
03/30/2012,SBA,CA,AWP,WE,Combined TRACON& Tower with Radar,4,78,81,1,164,0,1,26,1,28,4,79,107,2,192,28,0,28,220
03/31/2012,SBA,CA,AWP,WE,Combined TRACON& Tower with Radar,4,53,79,1,137,0,0,22,1,23,4,53,101,2,160,46,0,46,206
04/01/2012,SBA,CA,AWP,WE,Combined TRACON& Tower with Radar,4,69,44,0,117,0,0,52,2,54,4,69,96,2,171,30,0,30,201
04/02/2012,SBA,CA,AWP,WE,Combined TRACON& Tower with Radar,4,75,37,0,116,0,1,96,0,97,4,76,133,0,213,136,0,136,349
04/03/2012,SBA,CA,AWP,WE,Combined TRACON& Tower with Radar,6,57,39,1,103,0,2,148,0,150,6,59,187,1,253,66,0,66,319
04/04/2012,SBA,CA,AWP,WE,Combined TRACON& Tower with Radar,4,63,29,0,96,0,5,70,4,79,4,68,99,4,175,66,0,66,241
04/05/2012,SBA,CA,AWP,WE,Combined TRACON& Tower with Radar,4,61,29,2,96,0,5,62,0,67,4,66,91,2,163,26,2,28,191
04/06/2012,SBA,CA,AWP,WE,Combined TRACON& Tower with Radar,6,74,38,0,118,0,2,109,0,111,6,76,147,0,229,186,0,186,415
04/07/2012,SBA,CA,AWP,WE,Combined TRACON& Tower with Radar,6,49,40,1,96,0,3,154,1,158,6,52,194,2,254,72,0,72,326
04/08/2012,SBA,CA,AWP,WE,Combined TRACON& Tower with Radar,6,53,28,0,87,0,0,122,0,122,6,53,150,0,209,52,0,52,261
04/09/2012,SBA,CA,AWP,WE,Combined TRACON& Tower with Radar,8,60,48,0,116,0,1,81,3,85,8,61,129,3,201,58,0,58,259
04/10/2012,SBA,CA,AWP,WE,Combined TRACON& Tower with Radar,8,65,23,4,100,0,1,57,2,60,8,66,80,6,160,60,0,60,220
04/11/2012,SBA,CA,AWP,WE,Combined TRACON& Tower with Radar,8,65,43,2,118,0,0,15,0,15,8,65,58,2,133,90,0,90,223
04/12/2012,SBA,CA,AWP,WE,Combined TRACON& Tower with Radar,8,58,49,1,116,0,1,24,1,26,8,59,73,2,142,64,0,64,206
04/13/2012,SBA,CA,AWP,WE,Combined TRACON& Tower with Radar,7,63,31,0,101,0,0,8,1,9,7,63,39,1,110,34,0,34,144
04/14/2012,SBA,CA,AWP,WE,Combined TRACON& Tower with Radar,7,63,29,2,101,0,0,49,2,51,7,63,78,4,152,12,0,12,164
04/15/2012,SBA,CA,AWP,WE,Combined TRACON& Tower with Radar,8,58,35,2,103,0,0,179,2,181,8,58,214,4,284,140,0,140,424
04/16/2012,SBA,CA,AWP,WE,Combined TRACON& Tower with Radar,8,64,46,0,118,0,4,90,3,97,8,68,136,3,215,52,0,52,267
04/17/2012,SBA,CA,AWP,WE,Combined TRACON& Tower with Radar,8,63,24,4,99,0,3,106,0,109,8,66,130,4,208,166,0,166,374
04/18/2012,SBA,CA,AWP,WE,Combined TRACON& Tower with Radar,8,57,46,7,118,0,5,83,2,90,8,62,129,9,208,132,10,142,350
04/19/2012,SBA,CA,AWP,WE,Combined TRACON& Tower with Radar,8,64,55,3,130,0,2,56,0,58,8,66,111,3,188,92,0,92,280
04/20/2012,SBA,CA,AWP,WE,Combined TRACON& Tower with Radar,8,67,66,2,143,0,2,59,3,64,8,69,125,5,207,28,0,28,235
04/21/2012,SBA,CA,AWP,WE,Combined TRACON& Tower with Radar,6,54,48,2,110,0,0,25,0,25,6,54,73,2,135,26,2,28,163
04/22/2012,SBA,CA,AWP,WE,Combined TRACON& Tower with Radar,10,63,66,0,139,0,0,0,0,0,10,63,66,0,139,0,0,0,139
04/23/2012,SBA,CA,AWP,WE,Combined TRACON& Tower with Radar,8,62,71,10,151,0,2,9,1,12,8,64,80,11,163,119,0,119,282
04/24/2012,SBA,CA,AWP,WE,Combined TRACON& Tower with Radar,4,64,45,4,117,0,1,80,1,82,4,65,125,5,199,38,0,38,237
04/25/2012,SBA,CA,AWP,WE,Combined TRACON& Tower with Radar,8,58,56,8,130,0,0,39,6,45,8,58,95,14,175,42,2,44,219
04/26/2012,SBA,CA,AWP,WE,Combined TRACON& Tower with Radar,10,62,63,6,141,0,1,24,0,25,10,63,87,6,166,54,12,66,232
04/27/2012,SBA,CA,AWP,WE,Combined TRACON& Tower with Radar,6,64,47,2,119,0,3,98,2,103,6,67,145,4,222,138,0,138,360
04/28/2012,SBA,CA,AWP,WE,Combined TRACON& Tower with Radar,6,61,32,0,99,0,5,160,1,166,6,66,192,1,265,268,0,268,533
04/29/2012,SBA,CA,AWP,WE,Combined TRACON& Tower with Radar,6,56,55,5,122,0,1,132,0,133,6,57,187,5,255,54,0,54,309
04/30/2012,SBA,CA,AWP,WE,Combined TRACON& Tower with Radar,10,66,81,0,157,0,0,1,0,1,10,66,82,0,158,0,0,0,158
05/01/2012,SBA,CA,AWP,WE,Combined TRACON& Tower with Radar,6,62,59,5,132,0,2,26,0,28,6,64,85,5,160,60,0,60,220
05/02/2012,SBA,CA,AWP,WE,Combined TRACON& Tower with Radar,8,61,77,0,146,0,0,56,1,57,8,61,133,1,203,44,0,44,247
05/03/2012,SBA,CA,AWP,WE,Combined TRACON& Tower with Radar,7,67,43,2,119,0,2,84,2,88,7,69,127,4,207,178,2,180,387
05/04/2012,SBA,CA,AWP,WE,Combined TRACON& Tower with Radar,6,64,60,3,133,0,0,95,10,105,6,64,155,13,238,162,4,166,404
05/05/2012,SBA,CA,AWP,WE,Combined TRACON& Tower with Radar,8,45,32,0,85,0,5,98,1,104,8,50,130,1,189,78,0,78,267
05/06/2012,SBA,CA,AWP,WE,Combined TRACON& Tower with Radar,8,59,48,3,118,0,0,120,2,122,8,59,168,5,240,140,0,140,380
05/07/2012,SBA,CA,AWP,WE,Combined TRACON& Tower with Radar,8,62,42,5,117,0,1,82,2,85,8,63,124,7,202,80,2,82,284
05/08/2012,SBA,CA,AWP,WE,Combined TRACON& Tower with Radar,4,63,45,1,113,0,2,92,1,95,4,65,137,2,208,62,0,62,270
05/09/2012,SBA,CA,AWP,WE,Combined TRACON& Tower with Radar,6,62,75,6,149,0,4,71,3,78,6,66,146,9,227,98,0,98,325
05/10/2012,SBA,CA,AWP,WE,Combined TRACON& Tower with Radar,8,64,88,4,164,0,2,34,1,37,8,66,122,5,201,80,0,80,281
05/11/2012,SBA,CA,AWP,WE,Combined TRACON& Tower with Radar,6,70,112,0,188,0,0,21,0,21,6,70,133,0,209,22,0,22,231
05/12/2012,SBA,CA,AWP,WE,Combined TRACON& Tower with Radar,6,51,96,0,153,0,0,12,0,12,6,51,108,0,165,10,0,10,175
05/13/2012,SBA,CA,AWP,WE,Combined TRACON& Tower with Radar,8,66,73,0,147,0,0,53,0,53,8,66,126,0,200,10,0,10,210
05/14/2012,SBA,CA,AWP,WE,Combined TRACON& Tower with Radar,8,63,49,0,120,0,4,86,0,90,8,67,135,0,210,148,0,148,358
05/15/2012,SBA,CA,AWP,WE,Combined TRACON& Tower with Radar,8,59,45,2,114,0,2,126,4,132,8,61,171,6,246,78,0,78,324
05/16/2012,SBA,CA,AWP,WE,Combined TRACON& Tower with Radar,6,61,43,6,116,0,4,100,2,106,6,65,143,8,222,100,0,100,322
05/17/2012,SBA,CA,AWP,WE,Combined TRACON& Tower with Radar,9,54,42,4,109,0,3,98,0,101,9,57,140,4,210,92,0,92,302
05/18/2012,SBA,CA,AWP,WE,Combined TRACON& Tower with Radar,10,58,61,0,129,0,2,125,0,127,10,60,186,0,256,96,0,96,352
05/19/2012,SBA,CA,AWP,WE,Combined TRACON& Tower with Radar,7,49,42,2,100,0,0,93,0,93,7,49,135,2,193,50,0,50,243
05/20/2012,SBA,CA,AWP,WE,Combined TRACON& Tower with Radar,9,60,78,1,148,0,2,85,0,87,9,62,163,1,235,52,0,52,287
05/21/2012,SBA,CA,AWP,WE,Combined TRACON& Tower with Radar,9,58,49,5,121,0,4,82,1,87,9,62,131,6,208,122,0,122,330
05/22/2012,SBA,CA,AWP,WE,Combined TRACON& Tower with Radar,8,61,40,4,113,0,5,83,0,88,8,66,123,4,201,94,0,94,295
05/23/2012,SBA,CA,AWP,WE,Combined TRACON& Tower with Radar,8,52,31,3,94,0,2,68,3,73,8,54,99,6,167,110,2,112,279
05/24/2012,SBA,CA,AWP,WE,Combined TRACON& Tower with Radar,9,77,49,5,140,0,4,83,1,88,9,81,132,6,228,61,0,61,289
05/25/2012,SBA,CA,AWP,WE,Combined TRACON& Tower with Radar,9,69,59,2,139,0,2,67,0,69,9,71,126,2,208,70,0,70,278
05/26/2012,SBA,CA,AWP,WE,Combined TRACON& Tower with Radar,7,51,37,0,95,0,1,69,3,73,7,52,106,3,168,68,0,68,236
05/27/2012,SBA,CA,AWP,WE,Combined TRACON& Tower with Radar,7,42,21,0,70,0,3,97,0,100,7,45,118,0,170,48,0,48,218
05/28/2012,SBA,CA,AWP,WE,Combined TRACON& Tower with Radar,7,65,49,0,121,0,4,122,1,127,7,69,171,1,248,98,0,98,346
05/29/2012,SBA,CA,AWP,WE,Combined TRACON& Tower with Radar,8,61,35,0,104,0,7,77,3,87,8,68,112,3,191,74,0,74,265
05/30/2012,SBA,CA,AWP,WE,Combined TRACON& Tower with Radar,9,63,44,0,116,0,6,79,3,88,9,69,123,3,204,190,0,190,394
05/31/2012,SBA,CA,AWP,WE,Combined TRACON& Tower with Radar,10,71,38,4,123,0,5,122,2,129,10,76,160,6,252,174,0,174,426
06/01/2012,SBA,CA,AWP,WE,Combined TRACON& Tower with Radar,7,57,47,3,114,0,2,82,2,86,7,59,129,5,200,146,0,146,346
06/02/2012,SBA,CA,AWP,WE,Combined TRACON& Tower with Radar,7,49,67,0,123,0,0,70,0,70,7,49,137,0,193,0,0,0,193
06/03/2012,SBA,CA,AWP,WE,Combined TRACON& Tower with Radar,9,60,60,0,129,0,4,33,0,37,9,64,93,0,166,36,0,36,202
06/04/2012,SBA,CA,AWP,WE,Combined TRACON& Tower with Radar,7,57,61,2,127,0,0,36,2,38,7,57,97,4,165,54,0,54,219
06/05/2012,SBA,CA,AWP,WE,Combined TRACON& Tower with Radar,10,61,24,2,97,0,2,40,2,44,10,63,64,4,141,6,0,6,147
06/06/2012,SBA,CA,AWP,WE,Combined TRACON& Tower with Radar,10,57,54,4,125,0,2,73,2,77,10,59,127,6,202,88,0,88,290
06/07/2012,SBA,CA,AWP,WE,Combined TRACON& Tower with Radar,10,63,46,3,122,0,3,100,0,103,10,66,146,3,225,108,0,108,333
06/08/2012,SBA,CA,AWP,WE,Combined TRACON& Tower with Radar,10,66,36,1,113,0,1,87,1,89,10,67,123,2,202,8,0,8,210
06/09/2012,SBA,CA,AWP,WE,Combined TRACON& Tower with Radar,9,54,41,0,104,0,0,72,0,72,9,54,113,0,176,134,0,134,310
06/10/2012,SBA,CA,AWP,WE,Combined TRACON& Tower with Radar,9,66,66,1,142,0,0,56,2,58,9,66,122,3,200,8,0,8,208
06/11/2012,SBA,CA,AWP,WE,Combined TRACON& Tower with Radar,11,56,78,0,145,0,0,12,0,12,11,56,90,0,157,0,0,0,157
06/12/2012,SBA,CA,AWP,WE,Combined TRACON& Tower with Radar,8,65,66,6,145,0,1,37,0,38,8,66,103,6,183,34,0,34,217
06/13/2012,SBA,CA,AWP,WE,Combined TRACON& Tower with Radar,10,60,64,9,143,0,1,36,1,38,10,61,100,10,181,100,6,106,287
06/14/2012,SBA,CA,AWP,WE,Combined TRACON& Tower with Radar,8,77,57,4,146,0,1,39,0,40,8,78,96,4,186,210,0,210,396
06/15/2012,SBA,CA,AWP,WE,Combined TRACON& Tower with Radar,9,76,75,4,164,0,1,16,0,17,9,77,91,4,181,40,0,40,221
06/16/2012,SBA,CA,AWP,WE,Combined TRACON& Tower with Radar,11,67,44,0,122,0,3,70,0,73,11,70,114,0,195,140,0,140,335
06/17/2012,SBA,CA,AWP,WE,Combined TRACON& Tower with Radar,7,87,50,2,146,0,0,38,0,38,7,87,88,2,184,22,0,22,206
06/18/2012,SBA,CA,AWP,WE,Combined TRACON& Tower with Radar,11,66,62,0,139,0,2,16,0,18,11,68,78,0,157,64,0,64,221
06/19/2012,SBA,CA,AWP,WE,Combined TRACON& Tower with Radar,9,62,53,0,124,1,2,44,0,47,10,64,97,0,171,62,0,62,233
06/20/2012,SBA,CA,AWP,WE,Combined TRACON& Tower with Radar,10,62,67,1,140,0,1,26,1,28,10,63,93,2,168,62,0,62,230
06/21/2012,SBA,CA,AWP,WE,Combined TRACON& Tower with Radar,12,61,64,4,141,0,3,40,5,48,12,64,104,9,189,100,0,100,289
06/22/2012,SBA,CA,AWP,WE,Combined TRACON& Tower with Radar,12,54,47,2,115,0,5,75,3,83,12,59,122,5,198,100,0,100,298
06/23/2012,SBA,CA,AWP,WE,Combined TRACON& Tower with Radar,9,58,46,2,115,0,1,99,2,102,9,59,145,4,217,80,0,80,297
06/24/2012,SBA,CA,AWP,WE,Combined TRACON& Tower with Radar,11,62,34,4,111,0,2,112,2,116,11,64,146,6,227,72,0,72,299
06/25/2012,SBA,CA,AWP,WE,Combined TRACON& Tower with Radar,11,59,34,7,111,0,2,73,6,81,11,61,107,13,192,56,0,56,248
06/26/2012,SBA,CA,AWP,WE,Combined TRACON& Tower with Radar,10,60,29,2,101,0,2,112,6,120,10,62,141,8,221,148,0,148,369
06/27/2012,SBA,CA,AWP,WE,Combined TRACON& Tower with Radar,10,59,36,5,110,0,4,109,3,116,10,63,145,8,226,172,0,172,398
06/28/2012,SBA,CA,AWP,WE,Combined TRACON& Tower with Radar,13,71,34,8,126,0,1,113,3,117,13,72,147,11,243,46,0,46,289
06/29/2012,SBA,CA,AWP,WE,Combined TRACON& Tower with Radar,12,65,56,0,133,0,0,128,0,128,12,65,184,0,261,134,0,134,395
06/30/2012,SBA,CA,AWP,WE,Combined TRACON& Tower with Radar,11,63,27,0,101,0,1,121,1,123,11,64,148,1,224,94,0,94,318
07/01/2012,SBA,CA,AWP,WE,Combined TRACON& Tower with Radar,11,54,34,0,99,0,2,91,1,94,11,56,125,1,193,12,0,12,205
07/02/2012,SBA,CA,AWP,WE,Combined TRACON& Tower with Radar,11,60,42,3,116,0,0,66,1,67,11,60,108,4,183,117,0,117,300
07/03/2012,SBA,CA,AWP,WE,Combined TRACON& Tower with Radar,10,61,70,8,149,0,1,45,0,46,10,62,115,8,195,126,0,126,321
07/04/2012,SBA,CA,AWP,WE,Combined TRACON& Tower with Radar,8,60,44,0,112,0,1,10,0,11,8,61,54,0,123,36,0,36,159
07/05/2012,SBA,CA,AWP,WE,Combined TRACON& Tower with Radar,11,71,51,10,143,0,0,51,0,51,11,71,102,10,194,189,0,189,383
07/06/2012,SBA,CA,AWP,WE,Combined TRACON& Tower with Radar,11,67,86,2,166,0,1,35,0,36,11,68,121,2,202,72,0,72,274
07/07/2012,SBA,CA,AWP,WE,Combined TRACON& Tower with Radar,12,62,64,0,138,0,0,48,1,49,12,62,112,1,187,20,0,20,207
07/08/2012,SBA,CA,AWP,WE,Combined TRACON& Tower with Radar,11,61,59,2,133,0,1,96,0,97,11,62,155,2,230,128,0,128,358
07/09/2012,SBA,CA,AWP,WE,Combined TRACON& Tower with Radar,11,61,23,4,99,0,0,91,1,92,11,61,114,5,191,100,0,100,291
07/10/2012,SBA,CA,AWP,WE,Combined TRACON& Tower with Radar,10,69,29,5,113,0,1,115,2,118,10,70,144,7,231,164,0,164,395
07/11/2012,SBA,CA,AWP,WE,Combined TRACON& Tower with Radar,11,64,55,7,137,0,2,93,4,99,11,66,148,11,236,164,0,164,400
07/12/2012,SBA,CA,AWP,WE,Combined TRACON& Tower with Radar,12,68,46,4,130,0,2,64,0,66,12,70,110,4,196,94,0,94,290
07/13/2012,SBA,CA,AWP,WE,Combined TRACON& Tower with Radar,10,75,30,5,120,0,3,98,1,102,10,78,128,6,222,52,0,52,274
07/14/2012,SBA,CA,AWP,WE,Combined TRACON& Tower with Radar,11,66,39,0,116,0,0,79,0,79,11,66,118,0,195,68,0,68,263
07/15/2012,SBA,CA,AWP,WE,Combined TRACON& Tower with Radar,11,70,56,0,137,0,3,101,0,104,11,73,157,0,241,42,0,42,283
07/16/2012,SBA,CA,AWP,WE,Combined TRACON& Tower with Radar,9,62,73,9,153,0,2,46,0,48,9,64,119,9,201,68,0,68,269
07/17/2012,SBA,CA,AWP,WE,Combined TRACON& Tower with Radar,8,66,49,2,125,0,7,67,1,75,8,73,116,3,200,128,0,128,328
07/18/2012,SBA,CA,AWP,WE,Combined TRACON& Tower with Radar,11,64,42,1,118,0,2,95,3,100,11,66,137,4,218,136,0,136,354
07/19/2012,SBA,CA,AWP,WE,Combined TRACON& Tower with Radar,12,65,40,0,117,0,2,88,3,93,12,67,128,3,210,58,0,58,268
07/20/2012,SBA,CA,AWP,WE,Combined TRACON& Tower with Radar,12,67,34,0,113,0,2,120,0,122,12,69,154,0,235,122,0,122,357
07/21/2012,SBA,CA,AWP,WE,Combined TRACON& Tower with Radar,11,57,37,0,105,0,0,132,0,132,11,57,169,0,237,284,0,284,521
07/22/2012,SBA,CA,AWP,WE,Combined TRACON& Tower with Radar,13,55,61,2,131,0,0,78,0,78,13,55,139,2,209,56,0,56,265
07/23/2012,SBA,CA,AWP,WE,Combined TRACON& Tower with Radar,11,65,61,2,139,0,2,47,3,52,11,67,108,5,191,70,0,70,261
07/24/2012,SBA,CA,AWP,WE,Combined TRACON& Tower with Radar,10,65,73,7,155,0,2,60,0,62,10,67,133,7,217,54,0,54,271
07/25/2012,SBA,CA,AWP,WE,Combined TRACON& Tower with Radar,11,66,73,1,151,0,3,83,1,87,11,69,156,2,238,54,0,54,292
07/26/2012,SBA,CA,AWP,WE,Combined TRACON& Tower with Radar,12,66,75,2,155,0,8,63,7,78,12,74,138,9,233,58,0,58,291
07/27/2012,SBA,CA,AWP,WE,Combined TRACON& Tower with Radar,12,61,52,0,125,0,3,87,4,94,12,64,139,4,219,158,0,158,377
07/28/2012,SBA,CA,AWP,WE,Combined TRACON& Tower with Radar,11,61,36,0,108,0,1,102,0,103,11,62,138,0,211,110,0,110,321
07/29/2012,SBA,CA,AWP,WE,Combined TRACON& Tower with Radar,10,62,48,0,120,0,4,108,0,112,10,66,156,0,232,54,0,54,286
07/30/2012,SBA,CA,AWP,WE,Combined TRACON& Tower with Radar,11,62,42,0,115,0,4,60,2,66,11,66,102,2,181,60,0,60,241
07/31/2012,SBA,CA,AWP,WE,Combined TRACON& Tower with Radar,10,72,38,2,122,0,1,49,1,51,10,73,87,3,173,104,0,104,277
08/01/2012,SBA,CA,AWP,WE,Combined TRACON& Tower with Radar,9,76,52,7,144,0,6,65,1,72,9,82,117,8,216,42,0,42,258
08/02/2012,SBA,CA,AWP,WE,Combined TRACON& Tower with Radar,12,63,64,11,150,0,2,69,0,71,12,65,133,11,221,46,12,58,279
08/03/2012,SBA,CA,AWP,WE,Combined TRACON& Tower with Radar,12,72,45,3,132,0,4,51,1,56,12,76,96,4,188,178,0,178,366
08/04/2012,SBA,CA,AWP,WE,Combined TRACON& Tower with Radar,11,61,30,1,103,0,1,64,2,67,11,62,94,3,170,64,0,64,234
08/05/2012,SBA,CA,AWP,WE,Combined TRACON& Tower with Radar,11,53,46,1,111,0,0,103,0,103,11,53,149,1,214,52,0,52,266
08/06/2012,SBA,CA,AWP,WE,Combined TRACON& Tower with Radar,11,68,39,2,120,0,0,66,1,67,11,68,105,3,187,102,18,120,307
08/07/2012,SBA,CA,AWP,WE,Combined TRACON& Tower with Radar,10,66,31,0,107,0,2,75,0,77,10,68,106,0,184,50,0,50,234
08/08/2012,SBA,CA,AWP,WE,Combined TRACON& Tower with Radar,11,68,48,0,127,0,3,102,6,111,11,71,150,6,238,94,0,94,332
08/09/2012,SBA,CA,AWP,WE,Combined TRACON& Tower with Radar,12,76,42,0,130,0,2,95,0,97,12,78,137,0,227,88,0,88,315
08/10/2012,SBA,CA,AWP,WE,Combined TRACON& Tower with Radar,10,66,48,3,127,0,1,105,5,111,10,67,153,8,238,0,0,0,238
08/11/2012,SBA,CA,AWP,WE,Combined TRACON& Tower with Radar,9,55,34,0,98,0,5,120,1,126,9,60,154,1,224,64,0,64,288
08/12/2012,SBA,CA,AWP,WE,Combined TRACON& Tower with Radar,11,67,71,3,152,0,8,126,5,139,11,75,197,8,291,96,0,96,387
08/13/2012,SBA,CA,AWP,WE,Combined TRACON& Tower with Radar,11,72,40,0,123,0,2,78,2,82,11,74,118,2,205,122,0,122,327
08/14/2012,SBA,CA,AWP,WE,Combined TRACON& Tower with Radar,10,74,35,2,121,0,2,98,0,100,10,76,133,2,221,36,0,36,257
08/15/2012,SBA,CA,AWP,WE,Combined TRACON& Tower with Radar,8,74,42,7,131,0,2,67,0,69,8,76,109,7,200,42,4,46,246
08/16/2012,SBA,CA,AWP,WE,Combined TRACON& Tower with Radar,10,70,31,9,120,0,3,81,2,86,10,73,112,11,206,90,4,94,300
08/17/2012,SBA,CA,AWP,WE,Combined TRACON& Tower with Radar,10,69,44,5,128,0,1,71,2,74,10,70,115,7,202,16,0,16,218
08/18/2012,SBA,CA,AWP,WE,Combined TRACON& Tower with Radar,10,60,36,0,106,0,3,112,0,115,10,63,148,0,221,44,0,44,265
08/19/2012,SBA,CA,AWP,WE,Combined TRACON& Tower with Radar,10,71,55,0,136,0,0,128,1,129,10,71,183,1,265,36,0,36,301
08/20/2012,SBA,CA,AWP,WE,Combined TRACON& Tower with Radar,10,58,54,4,126,0,2,74,4,80,10,60,128,8,206,56,0,56,262
08/21/2012,SBA,CA,AWP,WE,Combined TRACON& Tower with Radar,6,72,26,7,111,0,2,97,0,99,6,74,123,7,210,130,0,130,340
08/22/2012,SBA,CA,AWP,WE,Combined TRACON& Tower with Radar,6,63,49,2,120,0,5,69,1,75,6,68,118,3,195,12,4,16,211
08/23/2012,SBA,CA,AWP,WE,Combined TRACON& Tower with Radar,6,71,49,8,134,0,6,50,0,56,6,77,99,8,190,40,0,40,230
08/24/2012,SBA,CA,AWP,WE,Combined TRACON& Tower with Radar,6,80,77,5,168,0,1,46,1,48,6,81,123,6,216,30,0,30,246
08/25/2012,SBA,CA,AWP,WE,Combined TRACON& Tower with Radar,6,56,66,1,129,0,0,24,1,25,6,56,90,2,154,36,0,36,190
08/26/2012,SBA,CA,AWP,WE,Combined TRACON& Tower with Radar,4,73,46,0,123,0,1,74,2,77,4,74,120,2,200,144,0,144,344
08/27/2012,SBA,CA,AWP,WE,Combined TRACON& Tower with Radar,4,74,26,0,104,0,2,85,2,89,4,76,111,2,193,98,0,98,291
08/28/2012,SBA,CA,AWP,WE,Combined TRACON& Tower with Radar,4,69,24,5,102,0,4,101,3,108,4,73,125,8,210,79,0,79,289
08/29/2012,SBA,CA,AWP,WE,Combined TRACON& Tower with Radar,4,63,37,2,106,0,4,81,0,85,4,67,118,2,191,54,0,54,245
08/30/2012,SBA,CA,AWP,WE,Combined TRACON& Tower with Radar,4,69,28,4,105,0,4,86,0,90,4,73,114,4,195,0,0,0,195
08/31/2012,SBA,CA,AWP,WE,Combined TRACON& Tower with Radar,4,68,61,0,133,0,2,92,1,95,4,70,153,1,228,88,0,88,316
09/01/2012,SBA,CA,AWP,WE,Combined TRACON& Tower with Radar,4,55,35,0,94,0,0,107,0,107,4,55,142,0,201,0,0,0,201
09/02/2012,SBA,CA,AWP,WE,Combined TRACON& Tower with Radar,4,46,33,0,83,0,0,96,0,96,4,46,129,0,179,74,0,74,253
09/03/2012,SBA,CA,AWP,WE,Combined TRACON& Tower with Radar,4,70,52,4,130,0,0,99,3,102,4,70,151,7,232,38,0,38,270
09/04/2012,SBA,CA,AWP,WE,Combined TRACON& Tower with Radar,4,62,39,3,108,0,2,46,1,49,4,64,85,4,157,132,0,132,289
09/05/2012,SBA,CA,AWP,WE,Combined TRACON& Tower with Radar,6,67,36,8,117,0,1,44,0,45,6,68,80,8,162,85,0,85,247
09/06/2012,SBA,CA,AWP,WE,Combined TRACON& Tower with Radar,6,64,49,0,119,0,2,65,2,69,6,66,114,2,188,162,0,162,350
09/07/2012,SBA,CA,AWP,WE,Combined TRACON& Tower with Radar,7,65,34,0,106,0,1,118,2,121,7,66,152,2,227,238,0,238,465
09/08/2012,SBA,CA,AWP,WE,Combined TRACON& Tower with Radar,6,44,37,0,87,0,1,103,0,104,6,45,140,0,191,132,0,132,323
09/09/2012,SBA,CA,AWP,WE,Combined TRACON& Tower with Radar,7,71,35,0,113,0,0,114,0,114,7,71,149,0,227,124,0,124,351
09/10/2012,SBA,CA,AWP,WE,Combined TRACON& Tower with Radar,7,68,29,15,119,0,1,59,0,60,7,69,88,15,179,120,0,120,299
09/11/2012,SBA,CA,AWP,WE,Combined TRACON& Tower with Radar,6,61,40,2,109,0,0,36,0,36,6,61,76,2,145,26,0,26,171
09/12/2012,SBA,CA,AWP,WE,Combined TRACON& Tower with Radar,4,77,47,2,130,0,0,37,5,42,4,77,84,7,172,28,0,28,200
09/13/2012,SBA,CA,AWP,WE,Combined TRACON& Tower with Radar,6,71,45,2,124,0,0,74,0,74,6,71,119,2,198,144,0,144,342
09/14/2012,SBA,CA,AWP,WE,Combined TRACON& Tower with Radar,7,73,30,5,115,0,3,107,5,115,7,76,137,10,230,176,0,176,406
09/15/2012,SBA,CA,AWP,WE,Combined TRACON& Tower with Radar,6,54,34,0,94,0,1,99,2,102,6,55,133,2,196,204,0,204,400
09/16/2012,SBA,CA,AWP,WE,Combined TRACON& Tower with Radar,6,64,60,0,130,0,0,120,0,120,6,64,180,0,250,20,0,20,270
09/17/2012,SBA,CA,AWP,WE,Combined TRACON& Tower with Radar,7,69,64,6,146,0,2,31,0,33,7,71,95,6,179,20,12,32,211
09/18/2012,SBA,CA,AWP,WE,Combined TRACON& Tower with Radar,6,70,35,0,111,0,2,67,0,69,6,72,102,0,180,42,0,42,222
09/19/2012,SBA,CA,AWP,WE,Combined TRACON& Tower with Radar,6,62,47,3,118,0,2,92,10,104,6,64,139,13,222,44,0,44,266
09/20/2012,SBA,CA,AWP,WE,Combined TRACON& Tower with Radar,7,59,56,1,123,0,3,88,3,94,7,62,144,4,217,142,0,142,359
09/21/2012,SBA,CA,AWP,WE,Combined TRACON& Tower with Radar,7,68,36,6,117,0,2,83,1,86,7,70,119,7,203,98,0,98,301
09/22/2012,SBA,CA,AWP,WE,Combined TRACON& Tower with Radar,6,51,42,0,99,0,1,95,3,99,6,52,137,3,198,74,0,74,272
09/23/2012,SBA,CA,AWP,WE,Combined TRACON& Tower with Radar,7,67,27,0,101,0,3,120,1,124,7,70,147,1,225,54,0,54,279
09/24/2012,SBA,CA,AWP,WE,Combined TRACON& Tower with Radar,7,69,30,4,110,0,2,67,2,71,7,71,97,6,181,116,0,116,297
09/25/2012,SBA,CA,AWP,WE,Combined TRACON& Tower with Radar,6,64,34,5,109,0,2,43,1,46,6,66,77,6,155,44,0,44,199
09/26/2012,SBA,CA,AWP,WE,Combined TRACON& Tower with Radar,6,60,53,4,123,0,5,72,0,77,6,65,125,4,200,58,0,58,258
09/27/2012,SBA,CA,AWP,WE,Combined TRACON& Tower with Radar,7,64,77,2,150,0,2,70,0,72,7,66,147,2,222,96,0,96,318
09/28/2012,SBA,CA,AWP,WE,Combined TRACON& Tower with Radar,7,76,47,4,134,0,0,83,0,83,7,76,130,4,217,118,0,118,335
09/29/2012,SBA,CA,AWP,WE,Combined TRACON& Tower with Radar,6,45,31,0,82,0,1,111,2,114,6,46,142,2,196,20,0,20,216
09/30/2012,SBA,CA,AWP,WE,Combined TRACON& Tower with Radar,7,72,45,2,126,0,9,126,3,138,7,81,171,5,264,94,0,94,358
10/01/2012,SBA,CA,AWP,WE,Combined TRACON& Tower with Radar,7,69,53,0,129,0,2,68,6,76,7,71,121,6,205,96,0,96,301
10/02/2012,SBA,CA,AWP,WE,Combined TRACON& Tower with Radar,8,62,39,1,110,0,3,82,1,86,8,65,121,2,196,18,0,18,214
10/03/2012,SBA,CA,AWP,WE,Combined TRACON& Tower with Radar,6,64,48,9,127,0,2,50,2,54,6,66,98,11,181,42,2,44,225
10/04/2012,SBA,CA,AWP,WE,Combined TRACON& Tower with Radar,6,66,45,4,121,0,2,70,0,72,6,68,115,4,193,186,0,186,379
10/05/2012,SBA,CA,AWP,WE,Combined TRACON& Tower with Radar,7,73,42,7,129,0,2,88,0,90,7,75,130,7,219,162,0,162,381
10/06/2012,SBA,CA,AWP,WE,Combined TRACON& Tower with Radar,6,48,34,0,88,0,0,124,0,124,6,48,158,0,212,78,0,78,290
10/07/2012,SBA,CA,AWP,WE,Combined TRACON& Tower with Radar,6,66,38,0,110,0,0,104,0,104,6,66,142,0,214,108,0,108,322
10/08/2012,SBA,CA,AWP,WE,Combined TRACON& Tower with Radar,5,68,38,2,113,0,3,79,0,82,5,71,117,2,195,192,8,200,395
10/09/2012,SBA,CA,AWP,WE,Combined TRACON& Tower with Radar,6,62,29,4,101,0,0,81,5,86,6,62,110,9,187,82,0,82,269
10/10/2012,SBA,CA,AWP,WE,Combined TRACON& Tower with Radar,6,61,50,0,117,0,0,43,2,45,6,61,93,2,162,54,2,56,218
10/11/2012,SBA,CA,AWP,WE,Combined TRACON& Tower with Radar,7,55,46,1,109,0,1,24,0,25,7,56,70,1,134,0,0,0,134
10/12/2012,SBA,CA,AWP,WE,Combined TRACON& Tower with Radar,7,64,58,0,129,0,1,60,0,61,7,65,118,0,190,82,6,88,278
10/13/2012,SBA,CA,AWP,WE,Combined TRACON& Tower with Radar,6,49,35,0,90,0,0,100,0,100,6,49,135,0,190,66,0,66,256
10/14/2012,SBA,CA,AWP,WE,Combined TRACON& Tower with Radar,7,65,38,0,110,0,0,110,0,110,7,65,148,0,220,92,0,92,312
10/15/2012,SBA,CA,AWP,WE,Combined TRACON& Tower with Radar,7,64,33,4,108,0,2,65,0,67,7,66,98,4,175,56,8,64,239
10/16/2012,SBA,CA,AWP,WE,Combined TRACON& Tower with Radar,6,59,27,2,94,0,2,93,4,99,6,61,120,6,193,32,0,32,225
10/17/2012,SBA,CA,AWP,WE,Combined TRACON& Tower with Radar,4,58,38,5,105,0,4,97,5,106,4,62,135,10,211,94,0,94,305
10/18/2012,SBA,CA,AWP,WE,Combined TRACON& Tower with Radar,7,62,47,7,123,0,1,51,0,52,7,63,98,7,175,70,0,70,245
10/19/2012,SBA,CA,AWP,WE,Combined TRACON& Tower with Radar,7,57,66,2,132,0,4,82,1,87,7,61,148,3,219,110,0,110,329
10/20/2012,SBA,CA,AWP,WE,Combined TRACON& Tower with Radar,6,50,86,5,147,0,1,13,0,14,6,51,99,5,161,146,2,148,309
10/21/2012,SBA,CA,AWP,WE,Combined TRACON& Tower with Radar,7,73,62,0,142,0,4,62,0,66,7,77,124,0,208,106,0,106,314
10/22/2012,SBA,CA,AWP,WE,Combined TRACON& Tower with Radar,7,61,56,2,126,0,1,35,1,37,7,62,91,3,163,116,0,116,279
10/23/2012,SBA,CA,AWP,WE,Combined TRACON& Tower with Radar,9,88,57,3,157,0,1,111,4,116,9,89,168,7,273,90,0,90,363
10/24/2012,SBA,CA,AWP,WE,Combined TRACON& Tower with Radar,6,64,48,4,122,0,0,76,0,76,6,64,124,4,198,40,2,42,240
10/25/2012,SBA,CA,AWP,WE,Combined TRACON& Tower with Radar,6,72,26,2,106,0,2,93,0,95,6,74,119,2,201,80,0,80,281
10/26/2012,SBA,CA,AWP,WE,Combined TRACON& Tower with Radar,7,69,44,0,120,0,2,104,0,106,7,71,148,0,226,104,0,104,330
10/27/2012,SBA,CA,AWP,WE,Combined TRACON& Tower with Radar,6,47,33,0,86,0,2,118,1,121,6,49,151,1,207,306,0,306,513
10/28/2012,SBA,CA,AWP,WE,Combined TRACON& Tower with Radar,6,74,31,0,111,0,6,137,2,145,6,80,168,2,256,138,0,138,394
10/29/2012,SBA,CA,AWP,WE,Combined TRACON& Tower with Radar,6,71,63,11,151,0,3,55,1,59,6,74,118,12,210,88,4,92,302
10/30/2012,SBA,CA,AWP,WE,Combined TRACON& Tower with Radar,6,66,36,0,108,0,0,76,0,76,6,66,112,0,184,22,0,22,206
10/31/2012,SBA,CA,AWP,WE,Combined TRACON& Tower with Radar,6,59,40,1,106,0,0,45,1,46,6,59,85,2,152,20,0,20,172
11/01/2012,SBA,CA,AWP,WE,Combined TRACON& Tower with Radar,6,64,51,3,124,0,0,56,1,57,6,64,107,4,181,60,0,60,241
11/02/2012,SBA,CA,AWP,WE,Combined TRACON& Tower with Radar,6,72,52,2,132,0,1,89,2,92,6,73,141,4,224,98,0,98,322
11/03/2012,SBA,CA,AWP,WE,Combined TRACON& Tower with Radar,6,47,37,0,90,0,1,107,4,112,6,48,144,4,202,174,0,174,376
11/04/2012,SBA,CA,AWP,WE,Combined TRACON& Tower with Radar,6,57,45,0,108,0,3,135,2,140,6,60,180,2,248,86,0,86,334
11/05/2012,SBA,CA,AWP,WE,Combined TRACON& Tower with Radar,6,54,36,0,96,0,1,74,5,80,6,55,110,5,176,124,0,124,300
11/06/2012,SBA,CA,AWP,WE,Combined TRACON& Tower with Radar,6,57,29,5,97,0,2,101,3,106,6,59,130,8,203,102,0,102,305
11/07/2012,SBA,CA,AWP,WE,Combined TRACON& Tower with Radar,6,56,61,11,134,0,0,45,4,49,6,56,106,15,183,90,2,92,275
11/08/2012,SBA,CA,AWP,WE,Combined TRACON& Tower with Radar,6,63,50,0,119,0,0,13,1,14,6,63,63,1,133,110,2,112,245
11/09/2012,SBA,CA,AWP,WE,Combined TRACON& Tower with Radar,6,70,30,2,108,0,3,57,0,60,6,73,87,2,168,128,0,128,296
11/10/2012,SBA,CA,AWP,WE,Combined TRACON& Tower with Radar,6,45,35,0,86,0,0,46,2,48,6,45,81,2,134,108,0,108,242
11/11/2012,SBA,CA,AWP,WE,Combined TRACON& Tower with Radar,6,66,39,0,111,0,0,127,0,127,6,66,166,0,238,162,0,162,400
11/12/2012,SBA,CA,AWP,WE,Combined TRACON& Tower with Radar,6,58,46,0,110,0,1,113,3,117,6,59,159,3,227,128,0,128,355
11/13/2012,SBA,CA,AWP,WE,Combined TRACON& Tower with Radar,6,51,31,2,90,0,1,89,2,92,6,52,120,4,182,96,0,96,278
11/14/2012,SBA,CA,AWP,WE,Combined TRACON& Tower with Radar,6,64,45,2,117,0,1,92,4,97,6,65,137,6,214,180,0,180,394
11/15/2012,SBA,CA,AWP,WE,Combined TRACON& Tower with Radar,6,61,65,9,141,0,1,40,6,47,6,62,105,15,188,74,0,74,262
11/16/2012,SBA,CA,AWP,WE,Combined TRACON& Tower with Radar,6,59,73,3,141,0,0,5,0,5,6,59,78,3,146,104,0,104,250
11/17/2012,SBA,CA,AWP,WE,Combined TRACON& Tower with Radar,6,54,59,0,119,0,0,0,0,0,6,54,59,0,119,0,0,0,119
11/18/2012,SBA,CA,AWP,WE,Combined TRACON& Tower with Radar,6,64,56,3,129,0,2,37,1,40,6,66,93,4,169,78,0,78,247
11/19/2012,SBA,CA,AWP,WE,Combined TRACON& Tower with Radar,7,61,77,3,148,0,0,55,0,55,7,61,132,3,203,116,0,116,319
11/20/2012,SBA,CA,AWP,WE,Combined TRACON& Tower with Radar,7,61,48,1,117,0,1,112,4,117,7,62,160,5,234,86,8,94,328
11/21/2012,SBA,CA,AWP,WE,Combined TRACON& Tower with Radar,8,64,66,0,138,0,1,115,2,118,8,65,181,2,256,106,0,106,362
11/22/2012,SBA,CA,AWP,WE,Combined TRACON& Tower with Radar,7,30,24,0,61,0,0,23,0,23,7,30,47,0,84,0,0,0,84
11/23/2012,SBA,CA,AWP,WE,Combined TRACON& Tower with Radar,6,38,35,0,79,0,0,39,0,39,6,38,74,0,118,48,0,48,166
11/24/2012,SBA,CA,AWP,WE,Combined TRACON& Tower with Radar,11,62,29,0,102,0,0,124,2,126,11,62,153,2,228,170,0,170,398
11/25/2012,SBA,CA,AWP,WE,Combined TRACON& Tower with Radar,7,56,95,0,158,0,0,62,0,62,7,56,157,0,220,24,0,24,244
11/26/2012,SBA,CA,AWP,WE,Combined TRACON& Tower with Radar,7,56,66,4,133,0,0,29,3,32,7,56,95,7,165,60,0,60,225
11/27/2012,SBA,CA,AWP,WE,Combined TRACON& Tower with Radar,6,67,34,0,107,0,0,59,1,60,6,67,93,1,167,80,0,80,247
11/28/2012,SBA,CA,AWP,WE,Combined TRACON& Tower with Radar,6,63,28,0,97,0,0,17,0,17,6,63,45,0,114,86,0,86,200
11/29/2012,SBA,CA,AWP,WE,Combined TRACON& Tower with Radar,6,61,42,0,109,0,0,1,0,1,6,61,43,0,110,0,0,0,110
11/30/2012,SBA,CA,AWP,WE,Combined TRACON& Tower with Radar,6,58,63,4,131,0,0,7,0,7,6,58,70,4,138,32,0,32,170
12/01/2012,SBA,CA,AWP,WE,Combined TRACON& Tower with Radar,4,43,25,0,72,0,0,4,0,4,4,43,29,0,76,0,0,0,76
12/02/2012,SBA,CA,AWP,WE,Combined TRACON& Tower with Radar,6,49,48,0,103,0,0,0,0,0,6,49,48,0,103,28,0,28,131
12/03/2012,SBA,CA,AWP,WE,Combined TRACON& Tower with Radar,6,66,49,6,127,0,0,42,3,45,6,66,91,9,172,76,0,76,248
12/04/2012,SBA,CA,AWP,WE,Combined TRACON& Tower with Radar,6,65,39,10,120,0,0,59,2,61,6,65,98,12,181,156,0,156,337
12/05/2012,SBA,CA,AWP,WE,Combined TRACON& Tower with Radar,6,61,41,10,118,0,0,48,1,49,6,61,89,11,167,94,0,94,261
12/06/2012,SBA,CA,AWP,WE,Combined TRACON& Tower with Radar,6,86,39,0,131,0,5,39,0,44,6,91,78,0,175,90,0,90,265
12/07/2012,SBA,CA,AWP,WE,Combined TRACON& Tower with Radar,6,72,45,2,125,0,0,84,5,89,6,72,129,7,214,140,0,140,354
12/08/2012,SBA,CA,AWP,WE,Combined TRACON& Tower with Radar,4,53,43,0,100,0,1,102,3,106,4,54,145,3,206,170,0,170,376
12/09/2012,SBA,CA,AWP,WE,Combined TRACON& Tower with Radar,6,61,44,8,119,0,0,56,0,56,6,61,100,8,175,80,0,80,255
12/10/2012,SBA,CA,AWP,WE,Combined TRACON& Tower with Radar,6,74,39,2,121,0,1,69,2,72,6,75,108,4,193,50,0,50,243
12/11/2012,SBA,CA,AWP,WE,Combined TRACON& Tower with Radar,6,67,42,2,117,0,3,94,6,103,6,70,136,8,220,40,10,50,270
12/12/2012,SBA,CA,AWP,WE,Combined TRACON& Tower with Radar,6,63,58,3,130,0,0,15,1,16,6,63,73,4,146,108,2,110,256
12/13/2012,SBA,CA,AWP,WE,Combined TRACON& Tower with Radar,6,71,42,0,119,0,3,54,0,57,6,74,96,0,176,86,0,86,262
12/14/2012,SBA,CA,AWP,WE,Combined TRACON& Tower with Radar,6,70,57,2,135,0,1,62,2,65,6,71,119,4,200,106,0,106,306
12/15/2012,SBA,CA,AWP,WE,Combined TRACON& Tower with Radar,6,50,42,0,98,0,0,69,0,69,6,50,111,0,167,92,0,92,259
12/16/2012,SBA,CA,AWP,WE,Combined TRACON& Tower with Radar,4,58,29,0,91,0,0,4,0,4,4,58,33,0,95,0,0,0,95
12/17/2012,SBA,CA,AWP,WE,Combined TRACON& Tower with Radar,6,67,57,2,132,0,0,19,0,19,6,67,76,2,151,70,0,70,221
12/18/2012,SBA,CA,AWP,WE,Combined TRACON& Tower with Radar,6,70,34,11,121,0,0,42,1,43,6,70,76,12,164,54,8,62,226
12/19/2012,SBA,CA,AWP,WE,Combined TRACON& Tower with Radar,4,67,30,0,101,0,3,107,4,114,4,70,137,4,215,106,0,106,321
12/20/2012,SBA,CA,AWP,WE,Combined TRACON& Tower with Radar,7,62,37,7,113,0,1,97,4,102,7,63,134,11,215,176,0,176,391
12/21/2012,SBA,CA,AWP,WE,Combined TRACON& Tower with Radar,7,55,40,0,102,0,3,94,0,97,7,58,134,0,199,144,0,144,343
12/22/2012,SBA,CA,AWP,WE,Combined TRACON& Tower with Radar,6,57,26,0,89,0,0,4,0,4,6,57,30,0,93,24,0,24,117
12/23/2012,SBA,CA,AWP,WE,Combined TRACON& Tower with Radar,7,56,34,0,97,0,1,14,0,15,7,57,48,0,112,102,0,102,214
12/24/2012,SBA,CA,AWP,WE,Combined TRACON& Tower with Radar,6,54,17,0,77,0,0,35,0,35,6,54,52,0,112,70,0,70,182
12/25/2012,SBA,CA,AWP,WE,Combined TRACON& Tower with Radar,6,41,9,0,56,0,0,26,0,26,6,41,35,0,82,0,0,0,82
12/26/2012,SBA,CA,AWP,WE,Combined TRACON& Tower with Radar,6,65,32,4,107,0,0,27,1,28,6,65,59,5,135,90,4,94,229
12/27/2012,SBA,CA,AWP,WE,Combined TRACON& Tower with Radar,6,65,38,0,109,0,3,75,2,80,6,68,113,2,189,130,0,130,319
12/28/2012,SBA,CA,AWP,WE,Combined TRACON& Tower with Radar,7,74,49,2,132,0,2,88,0,90,7,76,137,2,222,85,0,85,307
12/29/2012,SBA,CA,AWP,WE,Combined TRACON& Tower with Radar,7,59,27,0,93,0,2,14,0,16,7,61,41,0,109,110,0,110,219
12/30/2012,SBA,CA,AWP,WE,Combined TRACON& Tower with Radar,6,54,49,0,109,0,0,72,0,72,6,54,121,0,181,110,0,110,291
12/31/2012,SBA,CA,AWP,WE,Combined TRACON& Tower with Radar,6,55,18,0,79,0,0,67,0,67,6,55,85,0,146,22,0,22,168
01/01/2013,SBA,CA,AWP,WE,Combined TRACON& Tower with Radar,6,58,15,0,79,0,0,56,0,56,6,58,71,0,135,42,0,42,177
01/02/2013,SBA,CA,AWP,WE,Combined TRACON& Tower with Radar,7,68,40,3,118,0,0,79,2,81,7,68,119,5,199,98,0,98,297
01/03/2013,SBA,CA,AWP,WE,Combined TRACON& Tower with Radar,6,66,21,2,95,0,1,84,3,88,6,67,105,5,183,128,0,128,311
01/04/2013,SBA,CA,AWP,WE,Combined TRACON& Tower with Radar,6,69,31,1,107,0,1,92,3,96,6,70,123,4,203,70,0,70,273
01/05/2013,SBA,CA,AWP,WE,Combined TRACON& Tower with Radar,6,60,43,0,109,0,4,89,2,95,6,64,132,2,204,44,0,44,248
01/06/2013,SBA,CA,AWP,WE,Combined TRACON& Tower with Radar,3,68,42,0,113,0,0,13,0,13,3,68,55,0,126,8,0,8,134
01/07/2013,SBA,CA,AWP,WE,Combined TRACON& Tower with Radar,7,62,33,7,109,0,0,46,1,47,7,62,79,8,156,94,0,94,250
01/08/2013,SBA,CA,AWP,WE,Combined TRACON& Tower with Radar,6,66,39,6,117,0,1,71,4,76,6,67,110,10,193,40,6,46,239
01/09/2013,SBA,CA,AWP,WE,Combined TRACON& Tower with Radar,4,67,40,2,113,0,0,54,2,56,4,67,94,4,169,138,0,138,307
01/10/2013,SBA,CA,AWP,WE,Combined TRACON& Tower with Radar,4,75,37,0,116,0,2,31,5,38,4,77,68,5,154,100,0,100,254
01/11/2013,SBA,CA,AWP,WE,Combined TRACON& Tower with Radar,6,67,39,0,112,0,1,68,0,69,6,68,107,0,181,202,0,202,383
01/12/2013,SBA,CA,AWP,WE,Combined TRACON& Tower with Radar,4,55,26,0,85,0,0,98,0,98,4,55,124,0,183,172,0,172,355
01/13/2013,SBA,CA,AWP,WE,Combined TRACON& Tower with Radar,6,63,38,0,107,0,0,102,0,102,6,63,140,0,209,98,0,98,307
01/14/2013,SBA,CA,AWP,WE,Combined TRACON& Tower with Radar,6,63,42,8,119,0,4,34,0,38,6,67,76,8,157,68,22,90,247
01/15/2013,SBA,CA,AWP,WE,Combined TRACON& Tower with Radar,6,62,34,11,113,0,2,80,8,90,6,64,114,19,203,92,12,104,307
01/16/2013,SBA,CA,AWP,WE,Combined TRACON& Tower with Radar,4,68,38,3,113,0,4,63,3,70,4,72,101,6,183,110,0,110,293
01/17/2013,SBA,CA,AWP,WE,Combined TRACON& Tower with Radar,4,75,35,0,114,0,1,73,2,76,4,76,108,2,190,0,0,0,190
01/18/2013,SBA,CA,AWP,WE,Combined TRACON& Tower with Radar,6,76,43,4,129,0,1,82,5,88,6,77,125,9,217,110,0,110,327
01/19/2013,SBA,CA,AWP,WE,Combined TRACON& Tower with Radar,4,57,49,1,111,0,1,129,0,130,4,58,178,1,241,86,0,86,327
01/20/2013,SBA,CA,AWP,WE,Combined TRACON& Tower with Radar,4,70,38,0,112,0,0,114,0,114,4,70,152,0,226,130,0,130,356
01/21/2013,SBA,CA,AWP,WE,Combined TRACON& Tower with Radar,6,63,39,0,108,0,1,98,0,99,6,64,137,0,207,42,0,42,249
01/22/2013,SBA,CA,AWP,WE,Combined TRACON& Tower with Radar,6,66,38,0,110,0,0,89,4,93,6,66,127,4,203,72,0,72,275
01/23/2013,SBA,CA,AWP,WE,Combined TRACON& Tower with Radar,4,69,51,4,128,0,0,49,0,49,4,69,100,4,177,154,0,154,331
01/24/2013,SBA,CA,AWP,WE,Combined TRACON& Tower with Radar,4,68,62,0,134,0,1,2,0,3,4,69,64,0,137,10,0,10,147
01/25/2013,SBA,CA,AWP,WE,Combined TRACON& Tower with Radar,6,81,60,6,153,0,3,6,5,14,6,84,66,11,167,52,6,58,225
01/26/2013,SBA,CA,AWP,WE,Combined TRACON& Tower with Radar,2,55,41,2,100,0,1,11,0,12,2,56,52,2,112,30,0,30,142
01/27/2013,SBA,CA,AWP,WE,Combined TRACON& Tower with Radar,6,71,33,5,115,0,0,45,1,46,6,71,78,6,161,48,0,48,209
01/28/2013,SBA,CA,AWP,WE,Combined TRACON& Tower with Radar,6,78,27,0,111,0,0,46,4,50,6,78,73,4,161,54,0,54,215
01/29/2013,SBA,CA,AWP,WE,Combined TRACON& Tower with Radar,6,61,23,0,90,0,2,45,4,51,6,63,68,4,141,46,0,46,187
01/30/2013,SBA,CA,AWP,WE,Combined TRACON& Tower with Radar,4,67,35,1,107,0,1,87,4,92,4,68,122,5,199,96,0,96,295
01/31/2013,SBA,CA,AWP,WE,Combined TRACON& Tower with Radar,6,66,43,2,117,0,2,101,5,108,6,68,144,7,225,40,0,40,265
02/01/2013,SBA,CA,AWP,WE,Combined TRACON& Tower with Radar,6,73,43,2,124,0,1,93,0,94,6,74,136,2,218,70,0,70,288
02/02/2013,SBA,CA,AWP,WE,Combined TRACON& Tower with Radar,2,60,33,0,95,0,2,85,0,87,2,62,118,0,182,80,0,80,262
02/03/2013,SBA,CA,AWP,WE,Combined TRACON& Tower with Radar,4,60,27,0,91,0,1,59,0,60,4,61,86,0,151,68,0,68,219
02/04/2013,SBA,CA,AWP,WE,Combined TRACON& Tower with Radar,6,63,47,0,116,0,1,79,0,80,6,64,126,0,196,146,0,146,342
02/05/2013,SBA,CA,AWP,WE,Combined TRACON& Tower with Radar,6,67,54,2,129,0,0,18,1,19,6,67,72,3,148,0,2,2,150
02/06/2013,SBA,CA,AWP,WE,Combined TRACON& Tower with Radar,4,66,42,2,114,0,3,67,1,71,4,69,109,3,185,122,0,122,307
02/07/2013,SBA,CA,AWP,WE,Combined TRACON& Tower with Radar,4,67,59,6,136,0,3,29,1,33,4,70,88,7,169,108,0,108,277
02/08/2013,SBA,CA,AWP,WE,Combined TRACON& Tower with Radar,6,70,36,3,115,0,1,25,4,30,6,71,61,7,145,62,0,62,207
02/09/2013,SBA,CA,AWP,WE,Combined TRACON& Tower with Radar,2,49,28,1,80,0,0,100,0,100,2,49,128,1,180,126,0,126,306
02/10/2013,SBA,CA,AWP,WE,Combined TRACON& Tower with Radar,4,63,64,0,131,0,0,104,0,104,4,63,168,0,235,204,0,204,439
02/11/2013,SBA,CA,AWP,WE,Combined TRACON& Tower with Radar,6,68,31,0,105,0,0,89,2,91,6,68,120,2,196,102,0,102,298
02/12/2013,SBA,CA,AWP,WE,Combined TRACON& Tower with Radar,6,63,50,3,122,0,1,70,1,72,6,64,120,4,194,112,0,112,306
02/13/2013,SBA,CA,AWP,WE,Combined TRACON& Tower with Radar,6,64,45,1,116,0,4,101,3,108,6,68,146,4,224,84,42,126,350
02/14/2013,SBA,CA,AWP,WE,Combined TRACON& Tower with Radar,4,70,32,2,108,0,2,105,0,107,4,72,137,2,215,80,0,80,295
02/15/2013,SBA,CA,AWP,WE,Combined TRACON& Tower with Radar,4,80,74,0,158,0,1,111,1,113,4,81,185,1,271,110,0,110,381
02/16/2013,SBA,CA,AWP,WE,Combined TRACON& Tower with Radar,7,50,21,0,78,0,4,122,0,126,7,54,143,0,204,120,0,120,324
02/17/2013,SBA,CA,AWP,WE,Combined TRACON& Tower with Radar,7,62,30,2,101,0,0,117,2,119,7,62,147,4,220,98,2,100,320
02/18/2013,SBA,CA,AWP,WE,Combined TRACON& Tower with Radar,4,73,83,0,160,0,0,38,0,38,4,73,121,0,198,72,0,72,270
02/19/2013,SBA,CA,AWP,WE,Combined TRACON& Tower with Radar,4,68,38,0,110,0,1,23,2,26,4,69,61,2,136,38,0,38,174
02/20/2013,SBA,CA,AWP,WE,Combined TRACON& Tower with Radar,4,69,24,6,103,0,2,41,3,46,4,71,65,9,149,62,6,68,217
02/21/2013,SBA,CA,AWP,WE,Combined TRACON& Tower with Radar,4,70,38,6,118,0,4,57,0,61,4,74,95,6,179,46,0,46,225
02/22/2013,SBA,CA,AWP,WE,Combined TRACON& Tower with Radar,2,75,40,1,118,0,2,87,3,92,2,77,127,4,210,114,0,114,324
02/23/2013,SBA,CA,AWP,WE,Combined TRACON& Tower with Radar,4,49,24,2,79,0,1,89,0,90,4,50,113,2,169,90,0,90,259
02/24/2013,SBA,CA,AWP,WE,Combined TRACON& Tower with Radar,6,64,40,2,112,0,0,84,0,84,6,64,124,2,196,76,0,76,272
02/25/2013,SBA,CA,AWP,WE,Combined TRACON& Tower with Radar,4,67,28,7,106,0,1,88,2,91,4,68,116,9,197,48,4,52,249
02/26/2013,SBA,CA,AWP,WE,Combined TRACON& Tower with Radar,2,67,34,0,103,0,1,77,2,80,2,68,111,2,183,138,0,138,321
02/27/2013,SBA,CA,AWP,WE,Combined TRACON& Tower with Radar,4,61,37,0,102,0,0,99,2,101,4,61,136,2,203,112,0,112,315
02/28/2013,SBA,CA,AWP,WE,Combined TRACON& Tower with Radar,4,61,35,0,100,0,1,99,4,104,4,62,134,4,204,78,0,78,282
03/01/2013,SBA,CA,AWP,WE,Combined TRACON& Tower with Radar,2,65,43,0,110,0,1,109,0,110,2,66,152,0,220,118,0,118,338
03/02/2013,SBA,CA,AWP,WE,Combined TRACON& Tower with Radar,4,51,48,0,103,0,0,158,0,158,4,51,206,0,261,158,0,158,419
03/03/2013,SBA,CA,AWP,WE,Combined TRACON& Tower with Radar,6,58,44,0,108,0,0,103,0,103,6,58,147,0,211,76,0,76,287
03/04/2013,SBA,CA,AWP,WE,Combined TRACON& Tower with Radar,4,61,41,11,117,0,4,60,0,64,4,65,101,11,181,0,0,0,181
03/05/2013,SBA,CA,AWP,WE,Combined TRACON& Tower with Radar,2,68,57,0,127,0,0,11,2,13,2,68,68,2,140,48,0,48,188
03/06/2013,SBA,CA,AWP,WE,Combined TRACON& Tower with Radar,4,70,48,2,124,0,0,18,0,18,4,70,66,2,142,0,0,0,142
03/07/2013,SBA,CA,AWP,WE,Combined TRACON& Tower with Radar,4,63,45,0,112,0,1,14,2,17,4,64,59,2,129,42,0,42,171
03/08/2013,SBA,CA,AWP,WE,Combined TRACON& Tower with Radar,2,65,40,10,117,0,1,34,1,36,2,66,74,11,153,94,0,94,247
03/09/2013,SBA,CA,AWP,WE,Combined TRACON& Tower with Radar,4,48,21,3,76,0,2,57,3,62,4,50,78,6,138,74,0,74,212
03/10/2013,SBA,CA,AWP,WE,Combined TRACON& Tower with Radar,6,60,33,0,99,0,0,120,0,120,6,60,153,0,219,104,0,104,323
03/11/2013,SBA,CA,AWP,WE,Combined TRACON& Tower with Radar,4,66,37,2,109,0,6,101,3,110,4,72,138,5,219,28,2,30,249
03/12/2013,SBA,CA,AWP,WE,Combined TRACON& Tower with Radar,2,73,28,5,108,0,4,70,1,75,2,77,98,6,183,86,0,86,269
03/13/2013,SBA,CA,AWP,WE,Combined TRACON& Tower with Radar,2,67,45,2,116,0,2,54,0,56,2,69,99,2,172,44,0,44,216
03/14/2013,SBA,CA,AWP,WE,Combined TRACON& Tower with Radar,4,68,45,0,117,0,2,62,0,64,4,70,107,0,181,34,0,34,215
03/15/2013,SBA,CA,AWP,WE,Combined TRACON& Tower with Radar,2,80,85,2,169,0,0,12,0,12,2,80,97,2,181,0,0,0,181
03/16/2013,SBA,CA,AWP,WE,Combined TRACON& Tower with Radar,4,54,84,0,142,0,3,18,0,21,4,57,102,0,163,0,0,0,163
03/17/2013,SBA,CA,AWP,WE,Combined TRACON& Tower with Radar,6,66,39,0,111,0,0,67,0,67,6,66,106,0,178,20,0,20,198
03/18/2013,SBA,CA,AWP,WE,Combined TRACON& Tower with Radar,4,63,60,0,127,0,0,15,2,17,4,63,75,2,144,118,0,118,262
03/19/2013,SBA,CA,AWP,WE,Combined TRACON& Tower with Radar,2,78,25,6,111,0,1,32,0,33,2,79,57,6,144,62,0,62,206
03/20/2013,SBA,CA,AWP,WE,Combined TRACON& Tower with Radar,4,73,43,2,122,0,1,44,1,46,4,74,87,3,168,162,0,162,330
03/21/2013,SBA,CA,AWP,WE,Combined TRACON& Tower with Radar,4,67,45,0,116,0,9,87,1,97,4,76,132,1,213,108,0,108,321
03/22/2013,SBA,CA,AWP,WE,Combined TRACON& Tower with Radar,4,76,41,0,121,0,4,74,4,82,4,80,115,4,203,160,0,160,363
03/23/2013,SBA,CA,AWP,WE,Combined TRACON& Tower with Radar,4,51,46,0,101,0,2,131,2,135,4,53,177,2,236,94,0,94,330
03/24/2013,SBA,CA,AWP,WE,Combined TRACON& Tower with Radar,4,57,47,0,108,0,0,107,0,107,4,57,154,0,215,76,0,76,291
03/25/2013,SBA,CA,AWP,WE,Combined TRACON& Tower with Radar,4,60,34,4,102,0,3,57,1,61,4,63,91,5,163,72,0,72,235
03/26/2013,SBA,CA,AWP,WE,Combined TRACON& Tower with Radar,2,77,40,2,121,0,2,61,0,63,2,79,101,2,184,114,0,114,298
03/27/2013,SBA,CA,AWP,WE,Combined TRACON& Tower with Radar,4,65,55,4,128,0,2,64,0,66,4,67,119,4,194,46,2,48,242
03/28/2013,SBA,CA,AWP,WE,Combined TRACON& Tower with Radar,4,71,70,5,150,0,0,38,0,38,4,71,108,5,188,18,0,18,206
03/29/2013,SBA,CA,AWP,WE,Combined TRACON& Tower with Radar,2,66,70,0,138,0,0,23,0,23,2,66,93,0,161,0,0,0,161
03/30/2013,SBA,CA,AWP,WE,Combined TRACON& Tower with Radar,4,48,35,0,87,0,0,42,0,42,4,48,77,0,129,24,0,24,153
03/31/2013,SBA,CA,AWP,WE,Combined TRACON& Tower with Radar,6,63,59,0,128,0,2,23,0,25,6,65,82,0,153,4,0,4,157
04/01/2013,SBA,CA,AWP,WE,Combined TRACON& Tower with Radar,4,67,71,7,149,0,1,25,0,26,4,68,96,7,175,4,6,10,185
04/02/2013,SBA,CA,AWP,WE,Combined TRACON& Tower with Radar,2,59,31,0,92,0,2,88,4,94,2,61,119,4,186,72,0,72,258
04/03/2013,SBA,CA,AWP,WE,Combined TRACON& Tower with Radar,4,70,71,10,155,0,1,26,0,27,4,71,97,10,182,50,4,54,236
04/04/2013,SBA,CA,AWP,WE,Combined TRACON& Tower with Radar,4,59,46,8,117,0,2,29,0,31,4,61,75,8,148,22,0,22,170
04/05/2013,SBA,CA,AWP,WE,Combined TRACON& Tower with Radar,3,58,34,4,99,0,3,76,1,80,3,61,110,5,179,90,0,90,269
04/06/2013,SBA,CA,AWP,WE,Combined TRACON& Tower with Radar,4,62,32,0,98,0,0,80,2,82,4,62,112,2,180,88,0,88,268
04/07/2013,SBA,CA,AWP,WE,Combined TRACON& Tower with Radar,6,61,44,0,111,0,2,66,0,68,6,63,110,0,179,34,50,84,263
04/08/2013,SBA,CA,AWP,WE,Combined TRACON& Tower with Radar,4,72,26,0,102,0,3,23,0,26,4,75,49,0,128,18,0,18,146
04/09/2013,SBA,CA,AWP,WE,Combined TRACON& Tower with Radar,2,73,22,0,97,0,2,66,0,68,2,75,88,0,165,124,0,124,289
04/10/2013,SBA,CA,AWP,WE,Combined TRACON& Tower with Radar,4,70,34,17,125,0,0,79,1,80,4,70,113,18,205,114,4,118,323
04/11/2013,SBA,CA,AWP,WE,Combined TRACON& Tower with Radar,4,66,32,0,102,0,2,97,0,99,4,68,129,0,201,156,0,156,357
04/12/2013,SBA,CA,AWP,WE,Combined TRACON& Tower with Radar,2,69,53,0,124,0,0,61,0,61,2,69,114,0,185,72,0,72,257
04/13/2013,SBA,CA,AWP,WE,Combined TRACON& Tower with Radar,4,49,73,0,126,0,1,8,0,9,4,50,81,0,135,96,0,96,231
04/14/2013,SBA,CA,AWP,WE,Combined TRACON& Tower with Radar,6,56,73,4,139,0,0,29,0,29,6,56,102,4,168,66,0,66,234
04/15/2013,SBA,CA,AWP,WE,Combined TRACON& Tower with Radar,4,67,48,0,119,0,0,44,1,45,4,67,92,1,164,151,0,151,315
04/16/2013,SBA,CA,AWP,WE,Combined TRACON& Tower with Radar,2,62,33,0,97,0,1,45,0,46,2,63,78,0,143,32,0,32,175
04/17/2013,SBA,CA,AWP,WE,Combined TRACON& Tower with Radar,4,60,35,2,101,0,3,76,12,91,4,63,111,14,192,94,2,96,288
04/18/2013,SBA,CA,AWP,WE,Combined TRACON& Tower with Radar,4,69,40,0,113,0,1,76,2,79,4,70,116,2,192,100,0,100,292
04/19/2013,SBA,CA,AWP,WE,Combined TRACON& Tower with Radar,2,71,33,1,107,0,4,144,3,151,2,75,177,4,258,189,0,189,447
04/20/2013,SBA,CA,AWP,WE,Combined TRACON& Tower with Radar,4,50,39,3,96,0,3,142,2,147,4,53,181,5,243,140,0,140,383
04/21/2013,SBA,CA,AWP,WE,Combined TRACON& Tower with Radar,6,73,37,5,121,0,0,102,5,107,6,73,139,10,228,132,0,132,360
04/22/2013,SBA,CA,AWP,WE,Combined TRACON& Tower with Radar,4,61,65,0,130,0,0,29,0,29,4,61,94,0,159,44,0,44,203
04/23/2013,SBA,CA,AWP,WE,Combined TRACON& Tower with Radar,3,68,45,0,116,0,2,43,0,45,3,70,88,0,161,62,0,62,223
04/24/2013,SBA,CA,AWP,WE,Combined TRACON& Tower with Radar,2,66,67,1,136,0,0,9,1,10,2,66,76,2,146,14,0,14,160
04/25/2013,SBA,CA,AWP,WE,Combined TRACON& Tower with Radar,4,66,42,4,116,0,0,84,2,86,4,66,126,6,202,162,0,162,364
04/26/2013,SBA,CA,AWP,WE,Combined TRACON& Tower with Radar,2,73,26,0,101,0,2,129,2,133,2,75,155,2,234,140,0,140,374
04/27/2013,SBA,CA,AWP,WE,Combined TRACON& Tower with Radar,2,48,33,0,83,0,1,98,4,103,2,49,131,4,186,96,0,96,282
04/28/2013,SBA,CA,AWP,WE,Combined TRACON& Tower with Radar,8,67,80,0,155,0,0,57,2,59,8,67,137,2,214,0,0,0,214
04/29/2013,SBA,CA,AWP,WE,Combined TRACON& Tower with Radar,4,59,72,0,135,0,2,19,1,22,4,61,91,1,157,47,0,47,204
04/30/2013,SBA,CA,AWP,WE,Combined TRACON& Tower with Radar,2,66,87,2,157,0,0,12,0,12,2,66,99,2,169,0,0,0,169
05/01/2013,SBA,CA,AWP,WE,Combined TRACON& Tower with Radar,4,66,59,6,135,0,1,41,2,44,4,67,100,8,179,140,0,140,319
05/02/2013,SBA,CA,AWP,WE,Combined TRACON& Tower with Radar,4,68,45,0,117,0,2,77,3,82,4,70,122,3,199,68,0,68,267
05/03/2013,SBA,CA,AWP,WE,Combined TRACON& Tower with Radar,4,63,41,0,108,0,2,109,4,115,4,65,150,4,223,94,0,94,317
05/04/2013,SBA,CA,AWP,WE,Combined TRACON& Tower with Radar,4,47,49,0,100,0,0,50,0,50,4,47,99,0,150,47,0,47,197
05/05/2013,SBA,CA,AWP,WE,Combined TRACON& Tower with Radar,6,62,43,0,111,0,0,14,3,17,6,62,57,3,128,76,0,76,204
05/06/2013,SBA,CA,AWP,WE,Combined TRACON& Tower with Radar,4,68,47,4,123,0,0,23,1,24,4,68,70,5,147,124,0,124,271
05/07/2013,SBA,CA,AWP,WE,Combined TRACON& Tower with Radar,2,71,48,3,124,0,1,59,4,64,2,72,107,7,188,118,0,118,306
05/08/2013,SBA,CA,AWP,WE,Combined TRACON& Tower with Radar,4,65,68,2,139,0,4,87,0,91,4,69,155,2,230,167,0,167,397
05/09/2013,SBA,CA,AWP,WE,Combined TRACON& Tower with Radar,4,70,39,4,117,0,1,86,0,87,4,71,125,4,204,116,2,118,322
05/10/2013,SBA,CA,AWP,WE,Combined TRACON& Tower with Radar,2,65,41,1,109,0,0,108,0,108,2,65,149,1,217,16,0,16,233
05/11/2013,SBA,CA,AWP,WE,Combined TRACON& Tower with Radar,2,49,56,0,107,0,1,70,0,71,2,50,126,0,178,16,0,16,194
05/12/2013,SBA,CA,AWP,WE,Combined TRACON& Tower with Radar,6,61,33,0,100,0,1,97,3,101,6,62,130,3,201,88,0,88,289
05/13/2013,SBA,CA,AWP,WE,Combined TRACON& Tower with Radar,4,63,45,3,115,0,0,81,0,81,4,63,126,3,196,86,0,86,282
05/14/2013,SBA,CA,AWP,WE,Combined TRACON& Tower with Radar,2,70,34,0,106,0,1,85,2,88,2,71,119,2,194,122,0,122,316
05/15/2013,SBA,CA,AWP,WE,Combined TRACON& Tower with Radar,4,83,50,2,139,0,3,98,2,103,4,86,148,4,242,118,2,120,362
05/16/2013,SBA,CA,AWP,WE,Combined TRACON& Tower with Radar,4,66,69,4,143,0,2,51,2,55,4,68,120,6,198,192,0,192,390
05/17/2013,SBA,CA,AWP,WE,Combined TRACON& Tower with Radar,2,68,53,2,125,0,1,89,3,93,2,69,142,5,218,168,0,168,386
05/18/2013,SBA,CA,AWP,WE,Combined TRACON& Tower with Radar,2,47,31,0,80,0,0,95,0,95,2,47,126,0,175,90,0,90,265
05/19/2013,SBA,CA,AWP,WE,Combined TRACON& Tower with Radar,6,63,49,0,118,0,2,128,0,130,6,65,177,0,248,82,0,82,330
05/20/2013,SBA,CA,AWP,WE,Combined TRACON& Tower with Radar,4,65,54,0,123,0,0,87,3,90,4,65,141,3,213,128,0,128,341
05/21/2013,SBA,CA,AWP,WE,Combined TRACON& Tower with Radar,2,68,52,2,124,0,1,51,1,53,2,69,103,3,177,142,0,142,319
05/22/2013,SBA,CA,AWP,WE,Combined TRACON& Tower with Radar,4,72,48,9,133,0,3,86,4,93,4,75,134,13,226,124,8,132,358
05/23/2013,SBA,CA,AWP,WE,Combined TRACON& Tower with Radar,4,78,50,5,137,0,2,81,0,83,4,80,131,5,220,159,0,159,379
05/24/2013,SBA,CA,AWP,WE,Combined TRACON& Tower with Radar,2,78,68,1,149,0,0,130,1,131,2,78,198,2,280,184,0,184,464
05/25/2013,SBA,CA,AWP,WE,Combined TRACON& Tower with Radar,2,48,41,0,91,0,1,134,0,135,2,49,175,0,226,150,0,150,376
05/26/2013,SBA,CA,AWP,WE,Combined TRACON& Tower with Radar,4,47,26,0,77,0,0,97,0,97,4,47,123,0,174,116,0,116,290
05/27/2013,SBA,CA,AWP,WE,Combined TRACON& Tower with Radar,4,73,47,0,124,0,2,102,0,104,4,75,149,0,228,180,0,180,408
05/28/2013,SBA,CA,AWP,WE,Combined TRACON& Tower with Radar,2,67,32,2,103,0,1,59,2,62,2,68,91,4,165,50,0,50,215
05/29/2013,SBA,CA,AWP,WE,Combined TRACON& Tower with Radar,4,69,39,4,116,0,2,61,4,67,4,71,100,8,183,158,0,158,341
05/30/2013,SBA,CA,AWP,WE,Combined TRACON& Tower with Radar,4,73,40,6,123,0,0,100,3,103,4,73,140,9,226,170,0,170,396
05/31/2013,SBA,CA,AWP,WE,Combined TRACON& Tower with Radar,2,73,45,0,120,0,1,111,0,112,2,74,156,0,232,172,0,172,404
06/01/2013,SBA,CA,AWP,WE,Combined TRACON& Tower with Radar,4,50,63,2,119,0,0,76,2,78,4,50,139,4,197,38,0,38,235
06/02/2013,SBA,CA,AWP,WE,Combined TRACON& Tower with Radar,8,68,82,0,158,0,0,2,0,2,8,68,84,0,160,42,0,42,202
06/03/2013,SBA,CA,AWP,WE,Combined TRACON& Tower with Radar,6,69,74,2,151,0,0,16,0,16,6,69,90,2,167,96,0,96,263
06/04/2013,SBA,CA,AWP,WE,Combined TRACON& Tower with Radar,4,66,39,2,111,0,1,43,2,46,4,67,82,4,157,198,0,198,355
06/05/2013,SBA,CA,AWP,WE,Combined TRACON& Tower with Radar,10,66,59,2,137,0,2,78,1,81,10,68,137,3,218,166,0,166,384
06/06/2013,SBA,CA,AWP,WE,Combined TRACON& Tower with Radar,6,64,45,6,121,0,1,45,3,49,6,65,90,9,170,146,2,148,318
06/07/2013,SBA,CA,AWP,WE,Combined TRACON& Tower with Radar,4,72,76,0,152,0,4,45,0,49,4,76,121,0,201,156,0,156,357
06/08/2013,SBA,CA,AWP,WE,Combined TRACON& Tower with Radar,5,53,95,2,155,0,0,8,0,8,5,53,103,2,163,18,0,18,181
06/09/2013,SBA,CA,AWP,WE,Combined TRACON& Tower with Radar,8,65,79,0,152,0,0,3,1,4,8,65,82,1,156,6,0,6,162
06/10/2013,SBA,CA,AWP,WE,Combined TRACON& Tower with Radar,8,69,52,0,129,0,1,63,4,68,8,70,115,4,197,113,0,113,310
06/11/2013,SBA,CA,AWP,WE,Combined TRACON& Tower with Radar,8,63,48,2,121,0,0,76,0,76,8,63,124,2,197,190,0,190,387
06/12/2013,SBA,CA,AWP,WE,Combined TRACON& Tower with Radar,8,66,85,2,161,0,2,6,0,8,8,68,91,2,169,92,0,92,261
06/13/2013,SBA,CA,AWP,WE,Combined TRACON& Tower with Radar,8,71,53,7,139,0,0,50,0,50,8,71,103,7,189,171,24,195,384
06/14/2013,SBA,CA,AWP,WE,Combined TRACON& Tower with Radar,6,64,65,4,139,0,0,83,0,83,6,64,148,4,222,156,0,156,378
06/15/2013,SBA,CA,AWP,WE,Combined TRACON& Tower with Radar,6,64,58,0,128,0,1,36,0,37,6,65,94,0,165,106,0,106,271
06/16/2013,SBA,CA,AWP,WE,Combined TRACON& Tower with Radar,8,72,66,0,146,0,2,73,0,75,8,74,139,0,221,28,0,28,249
06/17/2013,SBA,CA,AWP,WE,Combined TRACON& Tower with Radar,8,61,35,4,108,0,0,92,3,95,8,61,127,7,203,88,0,88,291
06/18/2013,SBA,CA,AWP,WE,Combined TRACON& Tower with Radar,8,69,29,3,109,0,3,80,3,86,8,72,109,6,195,122,0,122,317
06/19/2013,SBA,CA,AWP,WE,Combined TRACON& Tower with Radar,8,62,34,7,111,0,0,90,1,91,8,62,124,8,202,134,0,134,336
06/20/2013,SBA,CA,AWP,WE,Combined TRACON& Tower with Radar,8,74,31,2,115,0,0,103,2,105,8,74,134,4,220,102,0,102,322
06/21/2013,SBA,CA,AWP,WE,Combined TRACON& Tower with Radar,8,72,49,2,131,0,4,112,7,123,8,76,161,9,254,286,0,286,540
06/22/2013,SBA,CA,AWP,WE,Combined TRACON& Tower with Radar,6,60,28,2,96,0,3,111,1,115,6,63,139,3,211,168,8,176,387
06/23/2013,SBA,CA,AWP,WE,Combined TRACON& Tower with Radar,8,68,72,0,148,0,3,60,1,64,8,71,132,1,212,0,0,0,212
06/24/2013,SBA,CA,AWP,WE,Combined TRACON& Tower with Radar,8,57,47,0,112,0,1,19,2,22,8,58,66,2,134,90,0,90,224
06/25/2013,SBA,CA,AWP,WE,Combined TRACON& Tower with Radar,9,53,65,1,128,0,4,57,3,64,9,57,122,4,192,24,0,24,216
06/26/2013,SBA,CA,AWP,WE,Combined TRACON& Tower with Radar,8,57,41,7,113,0,0,120,3,123,8,57,161,10,236,286,2,288,524
06/27/2013,SBA,CA,AWP,WE,Combined TRACON& Tower with Radar,8,57,49,6,120,0,5,88,1,94,8,62,137,7,214,108,0,108,322
06/28/2013,SBA,CA,AWP,WE,Combined TRACON& Tower with Radar,8,58,48,7,121,0,4,101,4,109,8,62,149,11,230,264,0,264,494
06/29/2013,SBA,CA,AWP,WE,Combined TRACON& Tower with Radar,7,59,33,0,99,0,2,121,0,123,7,61,154,0,222,120,0,120,342
06/30/2013,SBA,CA,AWP,WE,Combined TRACON& Tower with Radar,8,61,60,0,129,0,0,100,2,102,8,61,160,2,231,142,0,142,373
07/01/2013,SBA,CA,AWP,WE,Combined TRACON& Tower with Radar,10,58,51,0,119,0,3,60,4,67,10,61,111,4,186,128,0,128,314
07/02/2013,SBA,CA,AWP,WE,Combined TRACON& Tower with Radar,10,61,63,10,144,0,1,32,0,33,10,62,95,10,177,28,0,28,205
07/03/2013,SBA,CA,AWP,WE,Combined TRACON& Tower with Radar,7,68,77,0,152,0,0,31,0,31,7,68,108,0,183,64,0,64,247
07/04/2013,SBA,CA,AWP,WE,Combined TRACON& Tower with Radar,8,46,45,0,99,0,0,34,0,34,8,46,79,0,133,2,0,2,135
07/05/2013,SBA,CA,AWP,WE,Combined TRACON& Tower with Radar,7,47,75,2,131,0,0,37,0,37,7,47,112,2,168,90,0,90,258
07/06/2013,SBA,CA,AWP,WE,Combined TRACON& Tower with Radar,6,48,42,0,96,0,0,30,0,30,6,48,72,0,126,76,0,76,202
07/07/2013,SBA,CA,AWP,WE,Combined TRACON& Tower with Radar,7,65,37,0,109,0,0,77,0,77,7,65,114,0,186,140,0,140,326
07/08/2013,SBA,CA,AWP,WE,Combined TRACON& Tower with Radar,7,55,33,0,95,0,4,101,0,105,7,59,134,0,200,218,0,218,418
07/09/2013,SBA,CA,AWP,WE,Combined TRACON& Tower with Radar,5,71,36,1,113,0,1,92,6,99,5,72,128,7,212,78,0,78,290
07/10/2013,SBA,CA,AWP,WE,Combined TRACON& Tower with Radar,8,79,44,3,134,0,3,123,1,127,8,82,167,4,261,206,0,206,467
07/11/2013,SBA,CA,AWP,WE,Combined TRACON& Tower with Radar,8,71,41,2,122,0,0,61,4,65,8,71,102,6,187,130,0,130,317
07/12/2013,SBA,CA,AWP,WE,Combined TRACON& Tower with Radar,9,80,57,5,151,0,0,71,0,71,9,80,128,5,222,10,0,10,232
07/13/2013,SBA,CA,AWP,WE,Combined TRACON& Tower with Radar,6,68,56,2,132,0,2,91,0,93,6,70,147,2,225,54,0,54,279
07/14/2013,SBA,CA,AWP,WE,Combined TRACON& Tower with Radar,8,65,54,0,127,0,1,81,0,82,8,66,135,0,209,34,0,34,243
07/15/2013,SBA,CA,AWP,WE,Combined TRACON& Tower with Radar,10,72,41,0,123,0,0,101,1,102,10,72,142,1,225,130,0,130,355
07/16/2013,SBA,CA,AWP,WE,Combined TRACON& Tower with Radar,10,66,26,0,102,0,1,110,5,116,10,67,136,5,218,149,0,149,367
07/17/2013,SBA,CA,AWP,WE,Combined TRACON& Tower with Radar,10,77,33,0,120,0,0,91,0,91,10,77,124,0,211,317,0,317,528
07/18/2013,SBA,CA,AWP,WE,Combined TRACON& Tower with Radar,10,85,36,4,135,0,0,115,0,115,10,85,151,4,250,208,0,208,458
07/19/2013,SBA,CA,AWP,WE,Combined TRACON& Tower with Radar,8,76,52,0,136,0,1,114,3,118,8,77,166,3,254,120,0,120,374
07/20/2013,SBA,CA,AWP,WE,Combined TRACON& Tower with Radar,8,60,40,0,108,0,0,96,2,98,8,60,136,2,206,150,0,150,356
07/21/2013,SBA,CA,AWP,WE,Combined TRACON& Tower with Radar,10,77,63,2,152,0,0,75,4,79,10,77,138,6,231,156,0,156,387
07/22/2013,SBA,CA,AWP,WE,Combined TRACON& Tower with Radar,9,78,65,1,153,0,0,53,0,53,9,78,118,1,206,40,0,40,246
07/23/2013,SBA,CA,AWP,WE,Combined TRACON& Tower with Radar,11,68,48,0,127,0,0,45,3,48,11,68,93,3,175,90,0,90,265
07/24/2013,SBA,CA,AWP,WE,Combined TRACON& Tower with Radar,10,84,67,0,161,0,1,57,0,58,10,85,124,0,219,158,0,158,377
07/25/2013,SBA,CA,AWP,WE,Combined TRACON& Tower with Radar,10,71,39,2,122,0,4,76,1,81,10,75,115,3,203,116,0,116,319
07/26/2013,SBA,CA,AWP,WE,Combined TRACON& Tower with Radar,10,87,62,0,159,0,4,61,1,66,10,91,123,1,225,92,0,92,317
07/27/2013,SBA,CA,AWP,WE,Combined TRACON& Tower with Radar,7,70,49,1,127,0,1,86,4,91,7,71,135,5,218,74,0,74,292
07/28/2013,SBA,CA,AWP,WE,Combined TRACON& Tower with Radar,10,77,68,0,155,0,1,41,1,43,10,78,109,1,198,128,0,128,326
07/29/2013,SBA,CA,AWP,WE,Combined TRACON& Tower with Radar,10,71,70,6,157,0,0,41,5,46,10,71,111,11,203,114,0,114,317
07/30/2013,SBA,CA,AWP,WE,Combined TRACON& Tower with Radar,8,76,40,1,125,0,0,54,8,62,8,76,94,9,187,60,0,60,247
07/31/2013,SBA,CA,AWP,WE,Combined TRACON& Tower with Radar,10,67,53,10,140,0,1,61,1,63,10,68,114,11,203,142,0,142,345
08/01/2013,SBA,CA,AWP,WE,Combined TRACON& Tower with Radar,10,84,47,6,147,0,0,54,2,56,10,84,101,8,203,134,0,134,337
08/02/2013,SBA,CA,AWP,WE,Combined TRACON& Tower with Radar,9,73,62,2,146,0,0,77,5,82,9,73,139,7,228,46,0,46,274
08/03/2013,SBA,CA,AWP,WE,Combined TRACON& Tower with Radar,8,61,75,2,146,0,1,71,0,72,8,62,146,2,218,34,0,34,252
08/04/2013,SBA,CA,AWP,WE,Combined TRACON& Tower with Radar,10,73,82,0,165,0,0,88,0,88,10,73,170,0,253,40,0,40,293
08/05/2013,SBA,CA,AWP,WE,Combined TRACON& Tower with Radar,10,75,52,1,138,0,2,72,8,82,10,77,124,9,220,98,30,128,348
08/06/2013,SBA,CA,AWP,WE,Combined TRACON& Tower with Radar,10,82,39,7,138,0,1,49,1,51,10,83,88,8,189,56,4,60,249
08/07/2013,SBA,CA,AWP,WE,Combined TRACON& Tower with Radar,10,72,42,5,129,0,0,63,0,63,10,72,105,5,192,138,0,138,330
08/08/2013,SBA,CA,AWP,WE,Combined TRACON& Tower with Radar,10,59,38,7,114,0,1,75,3,79,10,60,113,10,193,172,0,172,365
08/09/2013,SBA,CA,AWP,WE,Combined TRACON& Tower with Radar,10,68,38,10,126,0,0,96,2,98,10,68,134,12,224,82,0,82,306
08/10/2013,SBA,CA,AWP,WE,Combined TRACON& Tower with Radar,8,59,26,0,93,0,2,119,0,121,8,61,145,0,214,54,0,54,268
08/11/2013,SBA,CA,AWP,WE,Combined TRACON& Tower with Radar,10,82,69,0,161,0,0,110,0,110,10,82,179,0,271,112,0,112,383
08/12/2013,SBA,CA,AWP,WE,Combined TRACON& Tower with Radar,10,86,36,2,134,0,0,70,4,74,10,86,106,6,208,68,0,68,276
08/13/2013,SBA,CA,AWP,WE,Combined TRACON& Tower with Radar,12,71,41,7,131,0,1,54,4,59,12,72,95,11,190,234,0,234,424
08/14/2013,SBA,CA,AWP,WE,Combined TRACON& Tower with Radar,10,70,78,11,169,0,0,42,0,42,10,70,120,11,211,118,0,118,329
08/15/2013,SBA,CA,AWP,WE,Combined TRACON& Tower with Radar,10,71,72,7,160,0,0,55,0,55,10,71,127,7,215,16,0,16,231
08/16/2013,SBA,CA,AWP,WE,Combined TRACON& Tower with Radar,10,87,47,0,144,0,1,76,2,79,10,88,123,2,223,70,0,70,293
08/17/2013,SBA,CA,AWP,WE,Combined TRACON& Tower with Radar,10,62,54,0,126,0,3,63,0,66,10,65,117,0,192,104,0,104,296
08/18/2013,SBA,CA,AWP,WE,Combined TRACON& Tower with Radar,10,73,71,0,154,0,1,115,2,118,10,74,186,2,272,152,0,152,424
08/19/2013,SBA,CA,AWP,WE,Combined TRACON& Tower with Radar,12,75,64,3,154,0,0,53,0,53,12,75,117,3,207,122,0,122,329
08/20/2013,SBA,CA,AWP,WE,Combined TRACON& Tower with Radar,8,73,52,5,138,0,2,43,0,45,8,75,95,5,183,28,2,30,213
08/21/2013,SBA,CA,AWP,WE,Combined TRACON& Tower with Radar,10,76,35,5,126,0,3,89,1,93,10,79,124,6,219,88,0,88,307
08/22/2013,SBA,CA,AWP,WE,Combined TRACON& Tower with Radar,10,73,34,0,117,0,1,118,0,119,10,74,152,0,236,76,0,76,312
08/23/2013,SBA,CA,AWP,WE,Combined TRACON& Tower with Radar,10,71,47,0,128,0,1,124,2,127,10,72,171,2,255,146,0,146,401
08/24/2013,SBA,CA,AWP,WE,Combined TRACON& Tower with Radar,12,56,31,0,99,0,0,106,0,106,12,56,137,0,205,110,0,110,315
08/25/2013,SBA,CA,AWP,WE,Combined TRACON& Tower with Radar,10,71,49,2,132,0,0,84,0,84,10,71,133,2,216,68,0,68,284
08/26/2013,SBA,CA,AWP,WE,Combined TRACON& Tower with Radar,10,74,25,4,113,0,0,80,5,85,10,74,105,9,198,60,0,60,258
08/27/2013,SBA,CA,AWP,WE,Combined TRACON& Tower with Radar,8,66,31,17,122,0,1,81,10,92,8,67,112,27,214,66,12,78,292
08/28/2013,SBA,CA,AWP,WE,Combined TRACON& Tower with Radar,10,66,27,3,106,0,6,85,5,96,10,72,112,8,202,70,2,72,274
08/29/2013,SBA,CA,AWP,WE,Combined TRACON& Tower with Radar,8,68,35,2,113,0,1,103,3,107,8,69,138,5,220,86,2,88,308
08/30/2013,SBA,CA,AWP,WE,Combined TRACON& Tower with Radar,10,93,41,0,144,0,5,131,1,137,10,98,172,1,281,126,0,126,407
08/31/2013,SBA,CA,AWP,WE,Combined TRACON& Tower with Radar,11,55,36,0,102,0,0,100,2,102,11,55,136,2,204,112,0,112,316
09/01/2013,SBA,CA,AWP,WE,Combined TRACON& Tower with Radar,7,52,35,0,94,0,0,102,0,102,7,52,137,0,196,58,0,58,254
09/02/2013,SBA,CA,AWP,WE,Combined TRACON& Tower with Radar,8,76,62,0,146,0,7,137,0,144,8,83,199,0,290,162,0,162,452
09/03/2013,SBA,CA,AWP,WE,Combined TRACON& Tower with Radar,8,72,21,3,104,0,4,56,3,63,8,76,77,6,167,62,2,64,231
09/04/2013,SBA,CA,AWP,WE,Combined TRACON& Tower with Radar,13,69,32,0,114,0,4,72,0,76,13,73,104,0,190,182,0,182,372
09/05/2013,SBA,CA,AWP,WE,Combined TRACON& Tower with Radar,14,67,26,0,107,0,3,96,3,102,14,70,122,3,209,84,0,84,293
09/06/2013,SBA,CA,AWP,WE,Combined TRACON& Tower with Radar,13,69,40,4,126,0,2,118,2,122,13,71,158,6,248,98,0,98,346
09/07/2013,SBA,CA,AWP,WE,Combined TRACON& Tower with Radar,12,57,30,0,99,0,0,90,1,91,12,57,120,1,190,182,0,182,372
09/08/2013,SBA,CA,AWP,WE,Combined TRACON& Tower with Radar,16,67,44,0,127,0,0,82,0,82,16,67,126,0,209,20,0,20,229
09/09/2013,SBA,CA,AWP,WE,Combined TRACON& Tower with Radar,14,68,49,0,131,0,0,40,0,40,14,68,89,0,171,46,0,46,217
09/10/2013,SBA,CA,AWP,WE,Combined TRACON& Tower with Radar,12,66,54,3,135,0,2,50,3,55,12,68,104,6,190,78,2,80,270
09/11/2013,SBA,CA,AWP,WE,Combined TRACON& Tower with Radar,14,66,38,1,119,0,2,70,0,72,14,68,108,1,191,69,2,71,262
09/12/2013,SBA,CA,AWP,WE,Combined TRACON& Tower with Radar,16,63,38,3,120,0,0,78,1,79,16,63,116,4,199,104,0,104,303
09/13/2013,SBA,CA,AWP,WE,Combined TRACON& Tower with Radar,14,68,34,0,116,0,2,105,8,115,14,70,139,8,231,130,0,130,361
09/14/2013,SBA,CA,AWP,WE,Combined TRACON& Tower with Radar,9,56,41,0,106,0,7,101,7,115,9,63,142,7,221,134,0,134,355
09/15/2013,SBA,CA,AWP,WE,Combined TRACON& Tower with Radar,15,62,31,0,108,0,4,130,5,139,15,66,161,5,247,22,0,22,269
09/16/2013,SBA,CA,AWP,WE,Combined TRACON& Tower with Radar,14,74,27,1,116,0,2,92,1,95,14,76,119,2,211,106,0,106,317
09/17/2013,SBA,CA,AWP,WE,Combined TRACON& Tower with Radar,12,58,38,0,108,0,2,63,0,65,12,60,101,0,173,56,0,56,229
09/18/2013,SBA,CA,AWP,WE,Combined TRACON& Tower with Radar,14,68,48,0,130,0,1,64,5,70,14,69,112,5,200,125,0,125,325
09/19/2013,SBA,CA,AWP,WE,Combined TRACON& Tower with Radar,15,64,45,3,127,0,1,43,1,45,15,65,88,4,172,90,0,90,262
09/20/2013,SBA,CA,AWP,WE,Combined TRACON& Tower with Radar,14,74,73,2,163,0,0,13,2,15,14,74,86,4,178,0,0,0,178
09/21/2013,SBA,CA,AWP,WE,Combined TRACON& Tower with Radar,10,57,42,0,109,0,2,56,0,58,10,59,98,0,167,54,0,54,221
09/22/2013,SBA,CA,AWP,WE,Combined TRACON& Tower with Radar,16,74,34,0,124,0,0,135,0,135,16,74,169,0,259,50,0,50,309
09/23/2013,SBA,CA,AWP,WE,Combined TRACON& Tower with Radar,14,67,31,0,112,0,2,68,2,72,14,69,99,2,184,78,2,80,264
09/24/2013,SBA,CA,AWP,WE,Combined TRACON& Tower with Radar,12,60,31,4,107,0,1,96,2,99,12,61,127,6,206,80,0,80,286
09/25/2013,SBA,CA,AWP,WE,Combined TRACON& Tower with Radar,14,67,34,4,119,0,4,57,4,65,14,71,91,8,184,48,0,48,232
09/26/2013,SBA,CA,AWP,WE,Combined TRACON& Tower with Radar,16,65,34,4,119,0,0,58,5,63,16,65,92,9,182,118,6,124,306
09/27/2013,SBA,CA,AWP,WE,Combined TRACON& Tower with Radar,14,68,42,2,126,0,2,112,5,119,14,70,154,7,245,102,2,104,349
09/28/2013,SBA,CA,AWP,WE,Combined TRACON& Tower with Radar,10,51,34,0,95,0,1,119,1,121,10,52,153,1,216,109,0,109,325
09/29/2013,SBA,CA,AWP,WE,Combined TRACON& Tower with Radar,16,64,41,0,121,0,0,120,0,120,16,64,161,0,241,26,0,26,267
09/30/2013,SBA,CA,AWP,WE,Combined TRACON& Tower with Radar,16,70,19,2,107,0,0,70,6,76,16,70,89,8,183,32,0,32,215
10/01/2013,SBA,CA,AWP,WE,Combined TRACON& Tower with Radar,12,55,53,0,120,0,1,87,0,88,12,56,140,0,208,56,6,62,270
10/02/2013,SBA,CA,AWP,WE,Combined TRACON& Tower with Radar,14,70,48,3,135,0,1,41,1,43,14,71,89,4,178,122,2,124,302
10/03/2013,SBA,CA,AWP,WE,Combined TRACON& Tower with Radar,12,78,46,0,136,0,2,70,0,72,12,80,116,0,208,150,0,150,358
10/04/2013,SBA,CA,AWP,WE,Combined TRACON& Tower with Radar,12,77,44,0,133,0,0,80,3,83,12,77,124,3,216,250,6,256,472
10/05/2013,SBA,CA,AWP,WE,Combined TRACON& Tower with Radar,10,52,30,0,92,0,0,82,1,83,10,52,112,1,175,160,0,160,335
10/06/2013,SBA,CA,AWP,WE,Combined TRACON& Tower with Radar,12,70,40,1,123,0,0,107,2,109,12,70,147,3,232,66,0,66,298
10/07/2013,SBA,CA,AWP,WE,Combined TRACON& Tower with Radar,12,68,30,0,110,0,0,70,0,70,12,68,100,0,180,16,0,16,196
10/08/2013,SBA,CA,AWP,WE,Combined TRACON& Tower with Radar,7,68,36,2,113,0,1,65,0,66,7,69,101,2,179,62,0,62,241
10/09/2013,SBA,CA,AWP,WE,Combined TRACON& Tower with Radar,12,66,35,0,113,0,1,12,0,13,12,67,47,0,126,122,0,122,248
10/10/2013,SBA,CA,AWP,WE,Combined TRACON& Tower with Radar,12,75,34,6,127,0,0,72,0,72,12,75,106,6,199,117,10,127,326
10/11/2013,SBA,CA,AWP,WE,Combined TRACON& Tower with Radar,10,82,23,0,115,0,1,89,0,90,10,83,112,0,205,160,0,160,365
10/12/2013,SBA,CA,AWP,WE,Combined TRACON& Tower with Radar,9,57,32,0,98,0,1,112,6,119,9,58,144,6,217,56,0,56,273
10/13/2013,SBA,CA,AWP,WE,Combined TRACON& Tower with Radar,11,65,58,0,134,0,0,82,0,82,11,65,140,0,216,40,0,40,256
10/14/2013,SBA,CA,AWP,WE,Combined TRACON& Tower with Radar,12,73,25,1,111,0,0,73,0,73,12,73,98,1,184,94,0,94,278
10/15/2013,SBA,CA,AWP,WE,Combined TRACON& Tower with Radar,8,73,29,0,110,0,2,68,0,70,8,75,97,0,180,60,0,60,240
10/16/2013,SBA,CA,AWP,WE,Combined TRACON& Tower with Radar,12,62,35,0,109,0,1,68,0,69,12,63,103,0,178,20,0,20,198
10/17/2013,SBA,CA,AWP,WE,Combined TRACON& Tower with Radar,12,68,40,0,120,0,2,77,0,79,12,70,117,0,199,80,0,80,279
10/18/2013,SBA,CA,AWP,WE,Combined TRACON& Tower with Radar,10,75,34,2,121,0,0,111,0,111,10,75,145,2,232,130,0,130,362
10/19/2013,SBA,CA,AWP,WE,Combined TRACON& Tower with Radar,9,58,30,0,97,0,0,79,2,81,9,58,109,2,178,98,0,98,276
10/20/2013,SBA,CA,AWP,WE,Combined TRACON& Tower with Radar,11,60,54,0,125,0,1,113,1,115,11,61,167,1,240,111,0,111,351
10/21/2013,SBA,CA,AWP,WE,Combined TRACON& Tower with Radar,12,67,38,4,121,0,3,50,3,56,12,70,88,7,177,68,0,68,245
10/22/2013,SBA,CA,AWP,WE,Combined TRACON& Tower with Radar,8,68,42,2,120,0,9,64,1,74,8,77,106,3,194,78,0,78,272
10/23/2013,SBA,CA,AWP,WE,Combined TRACON& Tower with Radar,12,67,52,4,135,0,0,25,0,25,12,67,77,4,160,102,2,104,264
10/24/2013,SBA,CA,AWP,WE,Combined TRACON& Tower with Radar,12,71,48,4,135,0,0,67,2,69,12,71,115,6,204,50,4,54,258
10/25/2013,SBA,CA,AWP,WE,Combined TRACON& Tower with Radar,10,84,48,0,142,0,0,64,0,64,10,84,112,0,206,42,0,42,248
10/26/2013,SBA,CA,AWP,WE,Combined TRACON& Tower with Radar,12,64,43,0,119,0,2,51,0,53,12,66,94,0,172,0,0,0,172
10/27/2013,SBA,CA,AWP,WE,Combined TRACON& Tower with Radar,13,75,44,0,132,0,2,100,2,104,13,77,144,2,236,28,1,29,265
10/28/2013,SBA,CA,AWP,WE,Combined TRACON& Tower with Radar,12,77,33,0,122,0,0,23,0,23,12,77,56,0,145,94,0,94,239
10/29/2013,SBA,CA,AWP,WE,Combined TRACON& Tower with Radar,8,67,21,0,96,0,2,56,0,58,8,69,77,0,154,94,0,94,248
10/30/2013,SBA,CA,AWP,WE,Combined TRACON& Tower with Radar,11,82,26,7,126,0,4,75,0,79,11,86,101,7,205,42,0,42,247
10/31/2013,SBA,CA,AWP,WE,Combined TRACON& Tower with Radar,10,68,26,4,108,0,3,98,2,103,10,71,124,6,211,102,12,114,325
11/01/2013,SBA,CA,AWP,WE,Combined TRACON& Tower with Radar,10,67,28,0,105,0,0,125,0,125,10,67,153,0,230,96,0,96,326
11/02/2013,SBA,CA,AWP,WE,Combined TRACON& Tower with Radar,8,62,34,0,104,0,1,126,0,127,8,63,160,0,231,67,0,67,298
11/03/2013,SBA,CA,AWP,WE,Combined TRACON& Tower with Radar,12,68,57,0,137,0,1,64,0,65,12,69,121,0,202,62,0,62,264
11/04/2013,SBA,CA,AWP,WE,Combined TRACON& Tower with Radar,8,78,38,0,124,0,0,60,3,63,8,78,98,3,187,38,0,38,225
11/05/2013,SBA,CA,AWP,WE,Combined TRACON& Tower with Radar,10,63,17,5,95,0,0,84,2,86,10,63,101,7,181,72,0,72,253
11/06/2013,SBA,CA,AWP,WE,Combined TRACON& Tower with Radar,10,73,44,0,127,0,0,78,4,82,10,73,122,4,209,114,0,114,323
11/07/2013,SBA,CA,AWP,WE,Combined TRACON& Tower with Radar,12,73,33,0,118,0,1,73,2,76,12,74,106,2,194,96,2,98,292
11/08/2013,SBA,CA,AWP,WE,Combined TRACON& Tower with Radar,12,60,43,2,117,0,2,117,2,121,12,62,160,4,238,96,0,96,334
11/09/2013,SBA,CA,AWP,WE,Combined TRACON& Tower with Radar,6,57,30,0,93,0,0,89,0,89,6,57,119,0,182,50,0,50,232
11/10/2013,SBA,CA,AWP,WE,Combined TRACON& Tower with Radar,12,73,52,0,137,0,0,122,0,122,12,73,174,0,259,0,0,0,259
11/11/2013,SBA,CA,AWP,WE,Combined TRACON& Tower with Radar,8,79,37,0,124,0,0,78,0,78,8,79,115,0,202,56,0,56,258
11/12/2013,SBA,CA,AWP,WE,Combined TRACON& Tower with Radar,10,65,29,0,104,0,3,80,3,86,10,68,109,3,190,64,0,64,254
11/13/2013,SBA,CA,AWP,WE,Combined TRACON& Tower with Radar,10,72,21,8,111,0,1,77,1,79,10,73,98,9,190,28,0,28,218
11/14/2013,SBA,CA,AWP,WE,Combined TRACON& Tower with Radar,12,64,31,12,119,0,1,104,1,106,12,65,135,13,225,0,0,0,225
11/15/2013,SBA,CA,AWP,WE,Combined TRACON& Tower with Radar,12,71,41,0,124,0,0,71,0,71,12,71,112,0,195,146,0,146,341
11/16/2013,SBA,CA,AWP,WE,Combined TRACON& Tower with Radar,6,59,33,0,98,0,0,60,0,60,6,59,93,0,158,151,0,151,309
11/17/2013,SBA,CA,AWP,WE,Combined TRACON& Tower with Radar,12,64,44,0,120,0,0,87,0,87,12,64,131,0,207,84,0,84,291
11/18/2013,SBA,CA,AWP,WE,Combined TRACON& Tower with Radar,8,76,46,6,136,0,0,33,0,33,8,76,79,6,169,34,0,34,203
11/19/2013,SBA,CA,AWP,WE,Combined TRACON& Tower with Radar,6,62,47,0,115,0,1,71,0,72,6,63,118,0,187,68,0,68,255
11/20/2013,SBA,CA,AWP,WE,Combined TRACON& Tower with Radar,10,61,50,5,126,0,2,26,2,30,10,63,76,7,156,76,0,76,232
11/21/2013,SBA,CA,AWP,WE,Combined TRACON& Tower with Radar,12,75,44,6,137,0,1,26,1,28,12,76,70,7,165,84,2,86,251
11/22/2013,SBA,CA,AWP,WE,Combined TRACON& Tower with Radar,12,63,34,4,113,0,0,50,2,52,12,63,84,6,165,116,0,116,281
11/23/2013,SBA,CA,AWP,WE,Combined TRACON& Tower with Radar,6,54,37,0,97,0,0,124,0,124,6,54,161,0,221,184,0,184,405
11/24/2013,SBA,CA,AWP,WE,Combined TRACON& Tower with Radar,12,72,41,0,125,0,0,108,0,108,12,72,149,0,233,124,0,124,357
11/25/2013,SBA,CA,AWP,WE,Combined TRACON& Tower with Radar,8,81,22,2,113,0,1,81,1,83,8,82,103,3,196,76,0,76,272
11/26/2013,SBA,CA,AWP,WE,Combined TRACON& Tower with Radar,12,71,68,0,151,0,0,80,2,82,12,71,148,2,233,66,4,70,303
11/27/2013,SBA,CA,AWP,WE,Combined TRACON& Tower with Radar,10,81,56,2,149,0,1,139,1,141,10,82,195,3,290,142,0,142,432
11/28/2013,SBA,CA,AWP,WE,Combined TRACON& Tower with Radar,12,27,9,0,48,0,0,42,0,42,12,27,51,0,90,44,0,44,134
11/29/2013,SBA,CA,AWP,WE,Combined TRACON& Tower with Radar,12,46,33,0,91,0,0,55,0,55,12,46,88,0,146,102,0,102,248
11/30/2013,SBA,CA,AWP,WE,Combined TRACON& Tower with Radar,6,83,45,0,134,0,1,127,0,128,6,84,172,0,262,60,0,60,322
12/01/2013,SBA,CA,AWP,WE,Combined TRACON& Tower with Radar,10,74,73,0,157,0,0,118,0,118,10,74,191,0,275,72,0,72,347
12/02/2013,SBA,CA,AWP,WE,Combined TRACON& Tower with Radar,8,79,37,2,126,0,0,55,2,57,8,79,92,4,183,20,0,20,203
12/03/2013,SBA,CA,AWP,WE,Combined TRACON& Tower with Radar,10,66,36,4,116,0,0,41,0,41,10,66,77,4,157,54,0,54,211
12/04/2013,SBA,CA,AWP,WE,Combined TRACON& Tower with Radar,8,75,31,5,119,0,5,62,3,70,8,80,93,8,189,70,0,70,259
12/05/2013,SBA,CA,AWP,WE,Combined TRACON& Tower with Radar,12,71,27,2,112,0,5,79,5,89,12,76,106,7,201,33,0,33,234
12/06/2013,SBA,CA,AWP,WE,Combined TRACON& Tower with Radar,12,76,36,0,124,0,2,73,1,76,12,78,109,1,200,112,0,112,312
12/07/2013,SBA,CA,AWP,WE,Combined TRACON& Tower with Radar,6,65,24,2,97,0,0,16,0,16,6,65,40,2,113,50,0,50,163
12/08/2013,SBA,CA,AWP,WE,Combined TRACON& Tower with Radar,10,74,27,0,111,0,1,68,0,69,10,75,95,0,180,60,0,60,240
12/09/2013,SBA,CA,AWP,WE,Combined TRACON& Tower with Radar,11,70,30,0,111,0,0,59,0,59,11,70,89,0,170,47,0,47,217
12/10/2013,SBA,CA,AWP,WE,Combined TRACON& Tower with Radar,9,66,30,0,105,0,1,50,1,52,9,67,80,1,157,36,0,36,193
12/11/2013,SBA,CA,AWP,WE,Combined TRACON& Tower with Radar,8,75,37,3,123,0,0,71,0,71,8,75,108,3,194,71,0,71,265
12/12/2013,SBA,CA,AWP,WE,Combined TRACON& Tower with Radar,14,71,25,2,112,0,0,69,2,71,14,71,94,4,183,114,0,114,297
12/13/2013,SBA,CA,AWP,WE,Combined TRACON& Tower with Radar,13,79,23,0,115,0,1,104,5,110,13,80,127,5,225,104,0,104,329
12/14/2013,SBA,CA,AWP,WE,Combined TRACON& Tower with Radar,6,53,25,0,84,0,2,120,0,122,6,55,145,0,206,70,0,70,276
12/15/2013,SBA,CA,AWP,WE,Combined TRACON& Tower with Radar,12,59,31,0,102,0,0,92,0,92,12,59,123,0,194,104,0,104,298
12/16/2013,SBA,CA,AWP,WE,Combined TRACON& Tower with Radar,12,67,18,5,102,0,0,82,0,82,12,67,100,5,184,24,2,26,210
12/17/2013,SBA,CA,AWP,WE,Combined TRACON& Tower with Radar,10,68,22,6,106,0,1,63,1,65,10,69,85,7,171,100,4,104,275
12/18/2013,SBA,CA,AWP,WE,Combined TRACON& Tower with Radar,11,73,36,2,122,0,1,45,0,46,11,74,81,2,168,65,0,65,233
12/19/2013,SBA,CA,AWP,WE,Combined TRACON& Tower with Radar,10,64,41,5,120,0,3,28,0,31,10,67,69,5,151,42,0,42,193
12/20/2013,SBA,CA,AWP,WE,Combined TRACON& Tower with Radar,10,68,42,1,121,0,0,161,3,164,10,68,203,4,285,0,0,0,285
12/21/2013,SBA,CA,AWP,WE,Combined TRACON& Tower with Radar,8,49,51,2,110,0,2,80,2,84,8,51,131,4,194,100,0,100,294
12/22/2013,SBA,CA,AWP,WE,Combined TRACON& Tower with Radar,10,56,30,0,96,0,0,99,0,99,10,56,129,0,195,104,0,104,299
12/23/2013,SBA,CA,AWP,WE,Combined TRACON& Tower with Radar,9,77,46,1,133,0,3,87,1,91,9,80,133,2,224,68,0,68,292
12/24/2013,SBA,CA,AWP,WE,Combined TRACON& Tower with Radar,10,46,16,2,74,0,1,81,0,82,10,47,97,2,156,30,0,30,186
12/25/2013,SBA,CA,AWP,WE,Combined TRACON& Tower with Radar,10,38,12,0,60,0,0,42,0,42,10,38,54,0,102,0,0,0,102
12/26/2013,SBA,CA,AWP,WE,Combined TRACON& Tower with Radar,5,73,30,0,108,0,2,78,2,82,5,75,108,2,190,66,0,66,256
12/27/2013,SBA,CA,AWP,WE,Combined TRACON& Tower with Radar,11,62,35,5,113,0,2,106,1,109,11,64,141,6,222,108,0,108,330
12/28/2013,SBA,CA,AWP,WE,Combined TRACON& Tower with Radar,8,60,43,0,111,0,1,90,1,92,8,61,133,1,203,40,0,40,243
12/29/2013,SBA,CA,AWP,WE,Combined TRACON& Tower with Radar,8,60,31,0,99,0,0,78,2,80,8,60,109,2,179,96,0,96,275
12/30/2013,SBA,CA,AWP,WE,Combined TRACON& Tower with Radar,10,78,49,0,137,0,0,97,0,97,10,78,146,0,234,90,0,90,324
12/31/2013,SBA,CA,AWP,WE,Combined TRACON& Tower with Radar,10,59,26,0,95,0,1,67,0,68,10,60,93,0,163,38,0,38,201
01/01/2014,SBA,CA,AWP,WE,Combined TRACON& Tower with Radar,10,48,28,0,86,0,3,99,0,102,10,51,127,0,188,82,0,82,270
01/02/2014,SBA,CA,AWP,WE,Combined TRACON& Tower with Radar,9,65,48,2,124,0,3,70,0,73,9,68,118,2,197,92,0,92,289
01/03/2014,SBA,CA,AWP,WE,Combined TRACON& Tower with Radar,6,72,29,0,107,0,4,75,0,79,6,76,104,0,186,104,0,104,290
01/04/2014,SBA,CA,AWP,WE,Combined TRACON& Tower with Radar,9,57,51,0,117,0,3,92,1,96,9,60,143,1,213,116,0,116,329
01/05/2014,SBA,CA,AWP,WE,Combined TRACON& Tower with Radar,7,59,38,0,104,0,0,110,0,110,7,59,148,0,214,110,0,110,324
01/06/2014,SBA,CA,AWP,WE,Combined TRACON& Tower with Radar,9,61,36,0,106,0,0,57,0,57,9,61,93,0,163,94,0,94,257
01/07/2014,SBA,CA,AWP,WE,Combined TRACON& Tower with Radar,10,64,22,5,101,0,4,79,2,85,10,68,101,7,186,50,6,56,242
01/08/2014,SBA,CA,AWP,WE,Combined TRACON& Tower with Radar,12,70,41,5,128,0,4,65,1,70,12,74,106,6,198,122,8,130,328
01/09/2014,SBA,CA,AWP,WE,Combined TRACON& Tower with Radar,12,75,52,4,143,0,1,61,0,62,12,76,113,4,205,68,0,68,273
01/10/2014,SBA,CA,AWP,WE,Combined TRACON& Tower with Radar,12,76,35,0,123,0,0,91,0,91,12,76,126,0,214,124,0,124,338
01/11/2014,SBA,CA,AWP,WE,Combined TRACON& Tower with Radar,10,46,22,0,78,0,0,106,2,108,10,46,128,2,186,126,0,126,312
01/12/2014,SBA,CA,AWP,WE,Combined TRACON& Tower with Radar,11,58,32,0,101,0,1,83,1,85,11,59,115,1,186,126,0,126,312
01/13/2014,SBA,CA,AWP,WE,Combined TRACON& Tower with Radar,14,74,25,2,115,0,3,77,4,84,14,77,102,6,199,128,0,128,327
01/14/2014,SBA,CA,AWP,WE,Combined TRACON& Tower with Radar,10,61,18,4,93,0,1,82,0,83,10,62,100,4,176,28,0,28,204
01/15/2014,SBA,CA,AWP,WE,Combined TRACON& Tower with Radar,12,66,39,2,119,0,2,88,4,94,12,68,127,6,213,39,0,39,252
01/16/2014,SBA,CA,AWP,WE,Combined TRACON& Tower with Radar,14,70,33,8,125,0,1,91,2,94,14,71,124,10,219,82,0,82,301
01/17/2014,SBA,CA,AWP,WE,Combined TRACON& Tower with Radar,14,70,36,0,120,0,0,114,0,114,14,70,150,0,234,122,0,122,356
01/18/2014,SBA,CA,AWP,WE,Combined TRACON& Tower with Radar,10,48,28,0,86,0,2,116,0,118,10,50,144,0,204,78,0,78,282
01/19/2014,SBA,CA,AWP,WE,Combined TRACON& Tower with Radar,12,64,37,0,113,0,0,109,0,109,12,64,146,0,222,16,0,16,238
01/20/2014,SBA,CA,AWP,WE,Combined TRACON& Tower with Radar,14,74,44,0,132,0,2,89,0,91,14,76,133,0,223,94,0,94,317
01/21/2014,SBA,CA,AWP,WE,Combined TRACON& Tower with Radar,10,66,31,1,108,0,5,78,4,87,10,71,109,5,195,112,0,112,307
01/22/2014,SBA,CA,AWP,WE,Combined TRACON& Tower with Radar,12,73,32,0,117,0,2,80,2,84,12,75,112,2,201,64,0,64,265
01/23/2014,SBA,CA,AWP,WE,Combined TRACON& Tower with Radar,14,72,38,0,124,0,1,53,0,54,14,73,91,0,178,80,0,80,258
01/24/2014,SBA,CA,AWP,WE,Combined TRACON& Tower with Radar,14,76,31,2,123,0,1,70,8,79,14,77,101,10,202,98,0,98,300
01/25/2014,SBA,CA,AWP,WE,Combined TRACON& Tower with Radar,10,47,33,2,92,0,0,120,0,120,10,47,153,2,212,40,0,40,252
01/26/2014,SBA,CA,AWP,WE,Combined TRACON& Tower with Radar,12,70,35,0,117,0,1,81,2,84,12,71,116,2,201,115,0,115,316
01/27/2014,SBA,CA,AWP,WE,Combined TRACON& Tower with Radar,14,70,31,1,116,0,0,77,3,80,14,70,108,4,196,85,0,85,281
01/28/2014,SBA,CA,AWP,WE,Combined TRACON& Tower with Radar,10,58,33,6,107,0,0,77,3,80,10,58,110,9,187,108,6,114,301
01/29/2014,SBA,CA,AWP,WE,Combined TRACON& Tower with Radar,14,67,35,5,121,0,0,51,0,51,14,67,86,5,172,52,0,52,224
01/30/2014,SBA,CA,AWP,WE,Combined TRACON& Tower with Radar,14,73,48,4,139,0,1,25,1,27,14,74,73,5,166,90,0,90,256
01/31/2014,SBA,CA,AWP,WE,Combined TRACON& Tower with Radar,10,76,36,2,124,0,0,56,0,56,10,76,92,2,180,108,0,108,288
02/01/2014,SBA,CA,AWP,WE,Combined TRACON& Tower with Radar,10,51,33,0,94,0,1,106,2,109,10,52,139,2,203,62,0,62,265
02/02/2014,SBA,CA,AWP,WE,Combined TRACON& Tower with Radar,12,53,23,0,88,0,2,36,1,39,12,55,59,1,127,68,0,68,195
02/03/2014,SBA,CA,AWP,WE,Combined TRACON& Tower with Radar,14,67,40,0,121,0,0,63,0,63,14,67,103,0,184,101,0,101,285
02/04/2014,SBA,CA,AWP,WE,Combined TRACON& Tower with Radar,10,61,25,1,97,0,1,61,2,64,10,62,86,3,161,92,0,92,253
02/05/2014,SBA,CA,AWP,WE,Combined TRACON& Tower with Radar,12,78,26,0,116,0,3,77,2,82,12,81,103,2,198,80,0,80,278
02/06/2014,SBA,CA,AWP,WE,Combined TRACON& Tower with Radar,13,64,61,2,140,0,0,9,1,10,13,64,70,3,150,32,0,32,182
02/07/2014,SBA,CA,AWP,WE,Combined TRACON& Tower with Radar,14,70,56,0,140,0,0,30,1,31,14,70,86,1,171,126,0,126,297
02/08/2014,SBA,CA,AWP,WE,Combined TRACON& Tower with Radar,12,44,66,0,122,0,0,17,0,17,12,44,83,0,139,25,0,25,164
02/09/2014,SBA,CA,AWP,WE,Combined TRACON& Tower with Radar,8,54,45,0,107,0,0,56,1,57,8,54,101,1,164,132,0,132,296
02/10/2014,SBA,CA,AWP,WE,Combined TRACON& Tower with Radar,14,70,43,3,130,0,3,59,0,62,14,73,102,3,192,110,0,110,302
02/11/2014,SBA,CA,AWP,WE,Combined TRACON& Tower with Radar,12,62,53,0,127,0,2,82,0,84,12,64,135,0,211,64,0,64,275
02/12/2014,SBA,CA,AWP,WE,Combined TRACON& Tower with Radar,12,72,45,1,130,0,1,82,6,89,12,73,127,7,219,146,4,150,369
02/13/2014,SBA,CA,AWP,WE,Combined TRACON& Tower with Radar,12,69,49,2,132,0,1,81,4,86,12,70,130,6,218,116,0,116,334
02/14/2014,SBA,CA,AWP,WE,Combined TRACON& Tower with Radar,11,73,47,1,132,0,2,125,0,127,11,75,172,1,259,18,0,18,277
02/15/2014,SBA,CA,AWP,WE,Combined TRACON& Tower with Radar,7,62,41,1,111,0,3,119,0,122,7,65,160,1,233,39,0,39,272
02/16/2014,SBA,CA,AWP,WE,Combined TRACON& Tower with Radar,10,63,34,0,107,0,2,119,0,121,10,65,153,0,228,60,0,60,288
02/17/2014,SBA,CA,AWP,WE,Combined TRACON& Tower with Radar,14,71,61,0,146,0,3,94,0,97,14,74,155,0,243,4,0,4,247
02/18/2014,SBA,CA,AWP,WE,Combined TRACON& Tower with Radar,10,68,54,0,132,0,0,62,1,63,10,68,116,1,195,130,0,130,325
02/19/2014,SBA,CA,AWP,WE,Combined TRACON& Tower with Radar,12,77,45,2,136,0,0,52,4,56,12,77,97,6,192,64,6,70,262
02/20/2014,SBA,CA,AWP,WE,Combined TRACON& Tower with Radar,12,72,51,2,137,0,1,70,0,71,12,73,121,2,208,116,0,116,324
02/21/2014,SBA,CA,AWP,WE,Combined TRACON& Tower with Radar,10,75,55,7,147,0,0,95,11,106,10,75,150,18,253,112,8,120,373
02/22/2014,SBA,CA,AWP,WE,Combined TRACON& Tower with Radar,7,53,46,0,106,0,0,91,2,93,7,53,137,2,199,80,0,80,279
02/23/2014,SBA,CA,AWP,WE,Combined TRACON& Tower with Radar,10,66,68,0,144,0,0,92,0,92,10,66,160,0,236,48,0,48,284
02/24/2014,SBA,CA,AWP,WE,Combined TRACON& Tower with Radar,12,73,38,4,127,0,1,51,4,56,12,74,89,8,183,99,4,103,286
02/25/2014,SBA,CA,AWP,WE,Combined TRACON& Tower with Radar,10,68,51,0,129,0,0,39,0,39,10,68,90,0,168,104,0,104,272
02/26/2014,SBA,CA,AWP,WE,Combined TRACON& Tower with Radar,10,64,60,3,137,0,0,22,0,22,10,64,82,3,159,122,0,122,281
02/27/2014,SBA,CA,AWP,WE,Combined TRACON& Tower with Radar,10,75,43,4,132,0,0,21,0,21,10,75,64,4,153,74,0,74,227
02/28/2014,SBA,CA,AWP,WE,Combined TRACON& Tower with Radar,9,55,36,0,100,0,0,8,2,10,9,55,44,2,110,8,0,8,118
03/01/2014,SBA,CA,AWP,WE,Combined TRACON& Tower with Radar,7,55,23,1,86,0,1,2,0,3,7,56,25,1,89,0,0,0,89
03/02/2014,SBA,CA,AWP,WE,Combined TRACON& Tower with Radar,10,61,70,0,141,0,0,25,0,25,10,61,95,0,166,119,0,119,285
03/03/2014,SBA,CA,AWP,WE,Combined TRACON& Tower with Radar,10,78,35,0,123,0,0,69,0,69,10,78,104,0,192,114,0,114,306
03/04/2014,SBA,CA,AWP,WE,Combined TRACON& Tower with Radar,8,79,25,2,114,0,3,52,0,55,8,82,77,2,169,50,0,50,219
03/05/2014,SBA,CA,AWP,WE,Combined TRACON& Tower with Radar,9,68,46,0,123,0,0,50,2,52,9,68,96,2,175,106,0,106,281
03/06/2014,SBA,CA,AWP,WE,Combined TRACON& Tower with Radar,8,76,34,2,120,0,1,76,0,77,8,77,110,2,197,116,0,116,313
03/07/2014,SBA,CA,AWP,WE,Combined TRACON& Tower with Radar,8,82,43,1,134,0,4,89,1,94,8,86,132,2,228,114,6,120,348
03/08/2014,SBA,CA,AWP,WE,Combined TRACON& Tower with Radar,6,51,29,0,86,0,0,138,2,140,6,51,167,2,226,174,0,174,400
03/09/2014,SBA,CA,AWP,WE,Combined TRACON& Tower with Radar,8,65,48,6,127,0,0,127,2,129,8,65,175,8,256,61,14,75,331
03/10/2014,SBA,CA,AWP,WE,Combined TRACON& Tower with Radar,8,64,35,2,109,0,1,99,4,104,8,65,134,6,213,138,6,144,357
03/11/2014,SBA,CA,AWP,WE,Combined TRACON& Tower with Radar,11,76,30,0,117,0,1,112,3,116,11,77,142,3,233,125,0,125,358
03/12/2014,SBA,CA,AWP,WE,Combined TRACON& Tower with Radar,11,84,23,5,123,0,1,89,1,91,11,85,112,6,214,92,4,96,310
03/13/2014,SBA,CA,AWP,WE,Combined TRACON& Tower with Radar,8,79,37,7,131,0,2,91,0,93,8,81,128,7,224,144,0,144,368
03/14/2014,SBA,CA,AWP,WE,Combined TRACON& Tower with Radar,8,76,63,1,148,0,0,113,3,116,8,76,176,4,264,138,0,138,402
03/15/2014,SBA,CA,AWP,WE,Combined TRACON& Tower with Radar,6,51,32,0,89,0,0,159,3,162,6,51,191,3,251,94,0,94,345
03/16/2014,SBA,CA,AWP,WE,Combined TRACON& Tower with Radar,8,69,40,0,117,0,0,127,0,127,8,69,167,0,244,205,0,205,449
03/17/2014,SBA,CA,AWP,WE,Combined TRACON& Tower with Radar,8,76,21,6,111,0,4,68,1,73,8,80,89,7,184,29,2,31,215
03/18/2014,SBA,CA,AWP,WE,Combined TRACON& Tower with Radar,8,77,32,6,123,0,0,83,2,85,8,77,115,8,208,78,6,84,292
03/19/2014,SBA,CA,AWP,WE,Combined TRACON& Tower with Radar,8,87,41,3,139,0,0,106,1,107,8,87,147,4,246,148,0,148,394
03/20/2014,SBA,CA,AWP,WE,Combined TRACON& Tower with Radar,8,81,42,9,140,0,4,66,2,72,8,85,108,11,212,100,0,100,312
03/21/2014,SBA,CA,AWP,WE,Combined TRACON& Tower with Radar,8,84,76,3,171,0,0,34,4,38,8,84,110,7,209,184,0,184,393
03/22/2014,SBA,CA,AWP,WE,Combined TRACON& Tower with Radar,7,54,59,4,124,0,1,28,0,29,7,55,87,4,153,108,0,108,261
03/23/2014,SBA,CA,AWP,WE,Combined TRACON& Tower with Radar,8,65,56,0,129,0,2,84,0,86,8,67,140,0,215,66,0,66,281
03/24/2014,SBA,CA,AWP,WE,Combined TRACON& Tower with Radar,8,72,77,4,161,0,0,23,2,25,8,72,100,6,186,78,0,78,264
03/25/2014,SBA,CA,AWP,WE,Combined TRACON& Tower with Radar,6,73,59,1,139,0,0,64,2,66,6,73,123,3,205,150,0,150,355
03/26/2014,SBA,CA,AWP,WE,Combined TRACON& Tower with Radar,6,70,27,1,104,0,2,44,0,46,6,72,71,1,150,98,0,98,248
03/27/2014,SBA,CA,AWP,WE,Combined TRACON& Tower with Radar,8,73,35,2,118,0,0,80,2,82,8,73,115,4,200,42,0,42,242
03/28/2014,SBA,CA,AWP,WE,Combined TRACON& Tower with Radar,8,87,66,2,163,0,3,110,9,122,8,90,176,11,285,74,2,76,361
03/29/2014,SBA,CA,AWP,WE,Combined TRACON& Tower with Radar,6,55,28,0,89,0,3,91,0,94,6,58,119,0,183,71,0,71,254
03/30/2014,SBA,CA,AWP,WE,Combined TRACON& Tower with Radar,8,73,40,0,121,0,0,95,0,95,8,73,135,0,216,55,0,55,271
03/31/2014,SBA,CA,AWP,WE,Combined TRACON& Tower with Radar,8,69,30,4,111,0,0,52,3,55,8,69,82,7,166,76,8,84,250
04/01/2014,SBA,CA,AWP,WE,Combined TRACON& Tower with Radar,8,59,29,0,96,0,0,55,0,55,8,59,84,0,151,112,0,112,263
04/02/2014,SBA,CA,AWP,WE,Combined TRACON& Tower with Radar,8,72,43,0,123,0,1,48,0,49,8,73,91,0,172,36,0,36,208
04/03/2014,SBA,CA,AWP,WE,Combined TRACON& Tower with Radar,9,66,28,2,105,0,3,118,0,121,9,69,146,2,226,84,0,84,310
04/04/2014,SBA,CA,AWP,WE,Combined TRACON& Tower with Radar,9,67,58,0,134,0,2,84,2,88,9,69,142,2,222,62,0,62,284
04/05/2014,SBA,CA,AWP,WE,Combined TRACON& Tower with Radar,6,49,31,0,86,0,1,108,0,109,6,50,139,0,195,74,0,74,269
04/06/2014,SBA,CA,AWP,WE,Combined TRACON& Tower with Radar,8,66,46,0,120,0,0,144,0,144,8,66,190,0,264,46,0,46,310
04/07/2014,SBA,CA,AWP,WE,Combined TRACON& Tower with Radar,8,63,44,0,115,0,1,100,0,101,8,64,144,0,216,160,0,160,376
04/08/2014,SBA,CA,AWP,WE,Combined TRACON& Tower with Radar,6,67,25,6,104,0,1,97,1,99,6,68,122,7,203,81,4,85,288
04/09/2014,SBA,CA,AWP,WE,Combined TRACON& Tower with Radar,8,67,32,1,108,0,2,90,0,92,8,69,122,1,200,76,0,76,276
04/10/2014,SBA,CA,AWP,WE,Combined TRACON& Tower with Radar,9,75,32,0,116,0,1,64,2,67,9,76,96,2,183,100,0,100,283
04/11/2014,SBA,CA,AWP,WE,Combined TRACON& Tower with Radar,9,72,52,3,136,0,2,71,4,77,9,74,123,7,213,82,0,82,295
04/12/2014,SBA,CA,AWP,WE,Combined TRACON& Tower with Radar,7,49,59,0,115,0,2,35,0,37,7,51,94,0,152,164,0,164,316
04/13/2014,SBA,CA,AWP,WE,Combined TRACON& Tower with Radar,10,59,49,0,118,0,1,108,5,114,10,60,157,5,232,67,2,69,301
04/14/2014,SBA,CA,AWP,WE,Combined TRACON& Tower with Radar,10,60,37,0,107,0,0,94,0,94,10,60,131,0,201,176,0,176,377
04/15/2014,SBA,CA,AWP,WE,Combined TRACON& Tower with Radar,8,68,43,0,119,0,1,76,0,77,8,69,119,0,196,148,0,148,344
04/16/2014,SBA,CA,AWP,WE,Combined TRACON& Tower with Radar,10,63,53,2,128,0,1,76,0,77,10,64,129,2,205,170,0,170,375
04/17/2014,SBA,CA,AWP,WE,Combined TRACON& Tower with Radar,10,61,77,10,158,0,0,46,0,46,10,61,123,10,204,200,0,200,404
04/18/2014,SBA,CA,AWP,WE,Combined TRACON& Tower with Radar,9,74,82,0,165,0,0,58,0,58,9,74,140,0,223,134,0,134,357
04/19/2014,SBA,CA,AWP,WE,Combined TRACON& Tower with Radar,7,49,22,0,78,0,1,132,0,133,7,50,154,0,211,180,0,180,391
04/20/2014,SBA,CA,AWP,WE,Combined TRACON& Tower with Radar,10,47,39,0,96,0,2,101,2,105,10,49,140,2,201,38,0,38,239
04/21/2014,SBA,CA,AWP,WE,Combined TRACON& Tower with Radar,9,62,68,2,141,0,0,37,0,37,9,62,105,2,178,0,0,0,178
04/22/2014,SBA,CA,AWP,WE,Combined TRACON& Tower with Radar,9,60,35,0,104,0,3,71,0,74,9,63,106,0,178,99,0,99,277
04/23/2014,SBA,CA,AWP,WE,Combined TRACON& Tower with Radar,10,58,46,4,118,0,1,93,0,94,10,59,139,4,212,174,4,178,390
04/24/2014,SBA,CA,AWP,WE,Combined TRACON& Tower with Radar,10,74,26,5,115,0,3,133,2,138,10,77,159,7,253,118,0,118,371
04/25/2014,SBA,CA,AWP,WE,Combined TRACON& Tower with Radar,9,68,58,0,135,0,2,38,2,42,9,70,96,2,177,96,0,96,273
04/26/2014,SBA,CA,AWP,WE,Combined TRACON& Tower with Radar,7,40,31,2,80,0,2,41,0,43,7,42,72,2,123,56,0,56,179
04/27/2014,SBA,CA,AWP,WE,Combined TRACON& Tower with Radar,10,60,52,1,123,0,2,103,3,108,10,62,155,4,231,92,0,92,323
04/28/2014,SBA,CA,AWP,WE,Combined TRACON& Tower with Radar,10,59,33,0,102,0,0,109,0,109,10,59,142,0,211,136,0,136,347
04/29/2014,SBA,CA,AWP,WE,Combined TRACON& Tower with Radar,8,54,21,6,89,0,2,95,3,100,8,56,116,9,189,156,11,167,356
04/30/2014,SBA,CA,AWP,WE,Combined TRACON& Tower with Radar,10,71,32,2,115,0,0,74,1,75,10,71,106,3,190,56,0,56,246
05/01/2014,SBA,CA,AWP,WE,Combined TRACON& Tower with Radar,10,62,33,2,107,0,2,95,2,99,10,64,128,4,206,184,0,184,390
05/02/2014,SBA,CA,AWP,WE,Combined TRACON& Tower with Radar,9,69,31,1,110,0,1,152,3,156,9,70,183,4,266,72,0,72,338
05/03/2014,SBA,CA,AWP,WE,Combined TRACON& Tower with Radar,7,44,28,1,80,0,2,104,3,109,7,46,132,4,189,126,2,128,317
05/04/2014,SBA,CA,AWP,WE,Combined TRACON& Tower with Radar,10,62,42,5,119,0,0,113,1,114,10,62,155,6,233,198,0,198,431
05/05/2014,SBA,CA,AWP,WE,Combined TRACON& Tower with Radar,10,60,39,1,110,0,0,60,6,66,10,60,99,7,176,58,0,58,234
05/06/2014,SBA,CA,AWP,WE,Combined TRACON& Tower with Radar,8,58,23,2,91,0,0,47,6,53,8,58,70,8,144,42,4,46,190
05/07/2014,SBA,CA,AWP,WE,Combined TRACON& Tower with Radar,10,76,52,2,140,0,1,83,4,88,10,77,135,6,228,170,0,170,398
05/08/2014,SBA,CA,AWP,WE,Combined TRACON& Tower with Radar,10,87,39,3,139,0,2,92,4,98,10,89,131,7,237,132,0,132,369
05/09/2014,SBA,CA,AWP,WE,Combined TRACON& Tower with Radar,9,66,42,0,117,0,2,108,0,110,9,68,150,0,227,134,0,134,361
05/10/2014,SBA,CA,AWP,WE,Combined TRACON& Tower with Radar,7,49,26,0,82,0,0,82,0,82,7,49,108,0,164,92,0,92,256
05/11/2014,SBA,CA,AWP,WE,Combined TRACON& Tower with Radar,10,63,34,0,107,0,1,89,2,92,10,64,123,2,199,30,0,30,229
05/12/2014,SBA,CA,AWP,WE,Combined TRACON& Tower with Radar,10,56,29,4,99,0,7,122,0,129,10,63,151,4,228,92,0,92,320
05/13/2014,SBA,CA,AWP,WE,Combined TRACON& Tower with Radar,8,59,36,2,105,0,4,134,0,138,8,63,170,2,243,79,0,79,322
05/14/2014,SBA,CA,AWP,WE,Combined TRACON& Tower with Radar,10,58,29,4,101,0,0,104,0,104,10,58,133,4,205,76,0,76,281
05/15/2014,SBA,CA,AWP,WE,Combined TRACON& Tower with Radar,10,63,43,0,116,0,1,85,2,88,10,64,128,2,204,72,0,72,276
05/16/2014,SBA,CA,AWP,WE,Combined TRACON& Tower with Radar,11,70,43,0,124,0,0,98,2,100,11,70,141,2,224,68,0,68,292
05/17/2014,SBA,CA,AWP,WE,Combined TRACON& Tower with Radar,7,45,33,0,85,0,2,131,0,133,7,47,164,0,218,62,0,62,280
05/18/2014,SBA,CA,AWP,WE,Combined TRACON& Tower with Radar,10,50,44,0,104,0,7,115,0,122,10,57,159,0,226,110,0,110,336
05/19/2014,SBA,CA,AWP,WE,Combined TRACON& Tower with Radar,11,64,56,0,131,0,4,90,9,103,11,68,146,9,234,62,0,62,296
05/20/2014,SBA,CA,AWP,WE,Combined TRACON& Tower with Radar,10,66,38,5,119,0,1,48,2,51,10,67,86,7,170,24,0,24,194
05/21/2014,SBA,CA,AWP,WE,Combined TRACON& Tower with Radar,10,68,49,2,129,0,7,84,0,91,10,75,133,2,220,102,0,102,322
05/22/2014,SBA,CA,AWP,WE,Combined TRACON& Tower with Radar,11,66,61,0,138,0,2,56,3,61,11,68,117,3,199,146,0,146,345
05/23/2014,SBA,CA,AWP,WE,Combined TRACON& Tower with Radar,9,80,58,4,151,0,0,88,0,88,9,80,146,4,239,116,0,116,355
05/24/2014,SBA,CA,AWP,WE,Combined TRACON& Tower with Radar,7,41,55,2,105,0,0,44,0,44,7,41,99,2,149,34,0,34,183
05/25/2014,SBA,CA,AWP,WE,Combined TRACON& Tower with Radar,6,37,23,0,66,0,0,81,0,81,6,37,104,0,147,48,0,48,195
05/26/2014,SBA,CA,AWP,WE,Combined TRACON& Tower with Radar,10,56,63,0,129,0,0,113,0,113,10,56,176,0,242,26,0,26,268
05/27/2014,SBA,CA,AWP,WE,Combined TRACON& Tower with Radar,10,66,45,0,121,0,3,44,0,47,10,69,89,0,168,68,0,68,236
05/28/2014,SBA,CA,AWP,WE,Combined TRACON& Tower with Radar,10,79,46,5,140,0,2,50,1,53,10,81,96,6,193,80,4,84,277
05/29/2014,SBA,CA,AWP,WE,Combined TRACON& Tower with Radar,10,64,54,2,130,0,2,62,4,68,10,66,116,6,198,116,0,116,314
05/30/2014,SBA,CA,AWP,WE,Combined TRACON& Tower with Radar,11,65,50,1,127,0,4,114,2,120,11,69,164,3,247,56,0,56,303
05/31/2014,SBA,CA,AWP,WE,Combined TRACON& Tower with Radar,8,45,29,1,83,0,2,134,0,136,8,47,163,1,219,83,0,83,302
06/01/2014,SBA,CA,AWP,WE,Combined TRACON& Tower with Radar,8,50,47,0,105,0,2,130,2,134,8,52,177,2,239,105,0,105,344
06/02/2014,SBA,CA,AWP,WE,Combined TRACON& Tower with Radar,10,51,55,3,119,0,2,74,1,77,10,53,129,4,196,87,0,87,283
06/03/2014,SBA,CA,AWP,WE,Combined TRACON& Tower with Radar,10,53,33,0,96,0,0,80,0,80,10,53,113,0,176,117,4,121,297
06/04/2014,SBA,CA,AWP,WE,Combined TRACON& Tower with Radar,10,63,26,1,100,0,0,89,3,92,10,63,115,4,192,124,0,124,316
06/05/2014,SBA,CA,AWP,WE,Combined TRACON& Tower with Radar,13,48,38,4,103,0,0,81,0,81,13,48,119,4,184,120,0,120,304
06/06/2014,SBA,CA,AWP,WE,Combined TRACON& Tower with Radar,11,54,55,0,120,0,1,68,3,72,11,55,123,3,192,68,0,68,260
06/07/2014,SBA,CA,AWP,WE,Combined TRACON& Tower with Radar,7,55,76,4,142,0,0,48,0,48,7,55,124,4,190,64,0,64,254
06/08/2014,SBA,CA,AWP,WE,Combined TRACON& Tower with Radar,10,47,60,0,117,0,0,43,1,44,10,47,103,1,161,43,0,43,204
06/09/2014,SBA,CA,AWP,WE,Combined TRACON& Tower with Radar,10,56,70,1,137,0,0,21,2,23,10,56,91,3,160,54,0,54,214
06/10/2014,SBA,CA,AWP,WE,Combined TRACON& Tower with Radar,12,59,60,6,137,0,1,14,3,18,12,60,74,9,155,58,0,58,213
06/11/2014,SBA,CA,AWP,WE,Combined TRACON& Tower with Radar,12,50,55,2,119,0,2,24,0,26,12,52,79,2,145,124,2,126,271
06/12/2014,SBA,CA,AWP,WE,Combined TRACON& Tower with Radar,12,51,48,0,111,0,2,42,2,46,12,53,90,2,157,116,2,118,275
06/13/2014,SBA,CA,AWP,WE,Combined TRACON& Tower with Radar,11,53,66,5,135,0,2,62,0,64,11,55,128,5,199,110,0,110,309
06/14/2014,SBA,CA,AWP,WE,Combined TRACON& Tower with Radar,11,47,53,0,111,0,0,81,0,81,11,47,134,0,192,87,0,87,279
06/15/2014,SBA,CA,AWP,WE,Combined TRACON& Tower with Radar,10,56,46,0,112,0,2,84,1,87,10,58,130,1,199,44,0,44,243
06/16/2014,SBA,CA,AWP,WE,Combined TRACON& Tower with Radar,12,57,39,1,109,0,0,69,1,70,12,57,108,2,179,50,6,56,235
06/17/2014,SBA,CA,AWP,WE,Combined TRACON& Tower with Radar,10,43,16,7,76,0,3,137,1,141,10,46,153,8,217,144,2,146,363
06/18/2014,SBA,CA,AWP,WE,Combined TRACON& Tower with Radar,12,52,27,0,91,0,2,93,0,95,12,54,120,0,186,110,0,110,296
06/19/2014,SBA,CA,AWP,WE,Combined TRACON& Tower with Radar,8,49,48,0,105,0,0,90,0,90,8,49,138,0,195,76,0,76,271
06/20/2014,SBA,CA,AWP,WE,Combined TRACON& Tower with Radar,11,55,60,3,129,0,3,117,4,124,11,58,177,7,253,176,0,176,429
06/21/2014,SBA,CA,AWP,WE,Combined TRACON& Tower with Radar,11,51,38,0,100,0,2,107,0,109,11,53,145,0,209,77,0,77,286
06/22/2014,SBA,CA,AWP,WE,Combined TRACON& Tower with Radar,10,45,48,0,103,0,0,83,5,88,10,45,131,5,191,94,0,94,285
06/23/2014,SBA,CA,AWP,WE,Combined TRACON& Tower with Radar,12,65,52,3,132,0,0,70,2,72,12,65,122,5,204,93,0,93,297
06/24/2014,SBA,CA,AWP,WE,Combined TRACON& Tower with Radar,10,53,40,2,105,0,2,74,2,78,10,55,114,4,183,90,0,90,273
06/25/2014,SBA,CA,AWP,WE,Combined TRACON& Tower with Radar,12,61,41,0,114,0,2,62,3,67,12,63,103,3,181,88,0,88,269
06/26/2014,SBA,CA,AWP,WE,Combined TRACON& Tower with Radar,10,55,27,2,94,0,1,98,0,99,10,56,125,2,193,126,0,126,319
06/27/2014,SBA,CA,AWP,WE,Combined TRACON& Tower with Radar,10,65,40,2,117,0,6,122,12,140,10,71,162,14,257,74,0,74,331
06/28/2014,SBA,CA,AWP,WE,Combined TRACON& Tower with Radar,9,41,27,2,79,0,1,124,4,129,9,42,151,6,208,54,0,54,262
06/29/2014,SBA,CA,AWP,WE,Combined TRACON& Tower with Radar,10,48,40,0,98,0,3,120,2,125,10,51,160,2,223,108,0,108,331
06/30/2014,SBA,CA,AWP,WE,Combined TRACON& Tower with Radar,15,52,79,0,146,1,4,31,4,40,16,56,110,4,186,142,0,142,328
07/01/2014,SBA,CA,AWP,WE,Combined TRACON& Tower with Radar,8,63,45,0,116,0,0,29,1,30,8,63,74,1,146,56,0,56,202
07/02/2014,SBA,CA,AWP,WE,Combined TRACON& Tower with Radar,12,62,56,4,134,0,1,39,0,40,12,63,95,4,174,100,0,100,274
07/03/2014,SBA,CA,AWP,WE,Combined TRACON& Tower with Radar,10,56,45,0,111,0,0,100,0,100,10,56,145,0,211,110,0,110,321
07/04/2014,SBA,CA,AWP,WE,Combined TRACON& Tower with Radar,13,30,22,0,65,0,1,60,0,61,13,31,82,0,126,34,0,34,160
07/05/2014,SBA,CA,AWP,WE,Combined TRACON& Tower with Radar,9,40,13,1,63,0,0,111,1,112,9,40,124,2,175,38,0,38,213
07/06/2014,SBA,CA,AWP,WE,Combined TRACON& Tower with Radar,9,52,27,1,89,0,0,123,1,124,9,52,150,2,213,104,0,104,317
07/07/2014,SBA,CA,AWP,WE,Combined TRACON& Tower with Radar,14,60,41,4,119,82,2,99,2,185,96,62,140,6,304,0,0,0,304
07/08/2014,SBA,CA,AWP,WE,Combined TRACON& Tower with Radar,14,44,33,8,99,0,0,66,0,66,14,44,99,8,165,110,0,110,275
07/09/2014,SBA,CA,AWP,WE,Combined TRACON& Tower with Radar,16,60,70,9,155,0,1,66,0,67,16,61,136,9,222,70,12,82,304
07/10/2014,SBA,CA,AWP,WE,Combined TRACON& Tower with Radar,15,55,68,6,144,0,0,54,2,56,15,55,122,8,200,94,0,94,294
07/11/2014,SBA,CA,AWP,WE,Combined TRACON& Tower with Radar,14,57,61,6,138,0,0,80,6,86,14,57,141,12,224,58,4,62,286
07/12/2014,SBA,CA,AWP,WE,Combined TRACON& Tower with Radar,13,30,34,0,77,0,0,143,3,146,13,30,177,3,223,107,0,107,330
07/13/2014,SBA,CA,AWP,WE,Combined TRACON& Tower with Radar,10,44,32,2,88,0,1,127,2,130,10,45,159,4,218,58,0,58,276
07/14/2014,SBA,CA,AWP,WE,Combined TRACON& Tower with Radar,16,57,44,0,117,0,0,49,4,53,16,57,93,4,170,127,0,127,297
07/15/2014,SBA,CA,AWP,WE,Combined TRACON& Tower with Radar,14,50,59,2,125,0,0,21,0,21,14,50,80,2,146,68,0,68,214
07/16/2014,SBA,CA,AWP,WE,Combined TRACON& Tower with Radar,14,55,72,0,141,0,0,40,2,42,14,55,112,2,183,92,8,100,283
07/17/2014,SBA,CA,AWP,WE,Combined TRACON& Tower with Radar,13,59,36,5,113,0,2,85,2,89,13,61,121,7,202,82,0,82,284
07/18/2014,SBA,CA,AWP,WE,Combined TRACON& Tower with Radar,12,59,38,2,111,0,1,87,0,88,12,60,125,2,199,84,0,84,283
07/19/2014,SBA,CA,AWP,WE,Combined TRACON& Tower with Radar,13,40,37,1,91,0,1,106,1,108,13,41,143,2,199,86,0,86,285
07/20/2014,SBA,CA,AWP,WE,Combined TRACON& Tower with Radar,10,53,51,0,114,0,1,95,0,96,10,54,146,0,210,108,0,108,318
07/21/2014,SBA,CA,AWP,WE,Combined TRACON& Tower with Radar,16,45,33,0,94,0,1,83,0,84,16,46,116,0,178,130,0,130,308
07/22/2014,SBA,CA,AWP,WE,Combined TRACON& Tower with Radar,14,57,28,8,107,0,3,107,2,112,14,60,135,10,219,126,0,126,345
07/23/2014,SBA,CA,AWP,WE,Combined TRACON& Tower with Radar,16,56,27,8,107,0,0,79,1,80,16,56,106,9,187,120,0,120,307
07/24/2014,SBA,CA,AWP,WE,Combined TRACON& Tower with Radar,14,60,37,3,114,0,1,92,1,94,14,61,129,4,208,110,0,110,318
07/25/2014,SBA,CA,AWP,WE,Combined TRACON& Tower with Radar,15,60,32,0,107,0,0,91,2,93,15,60,123,2,200,121,0,121,321
07/26/2014,SBA,CA,AWP,WE,Combined TRACON& Tower with Radar,13,38,30,0,81,0,0,80,2,82,13,38,110,2,163,126,0,126,289
07/27/2014,SBA,CA,AWP,WE,Combined TRACON& Tower with Radar,9,56,56,0,121,0,1,74,1,76,9,57,130,1,197,40,0,40,237
07/28/2014,SBA,CA,AWP,WE,Combined TRACON& Tower with Radar,16,48,49,0,113,0,1,86,0,87,16,49,135,0,200,132,0,132,332
07/29/2014,SBA,CA,AWP,WE,Combined TRACON& Tower with Radar,14,42,45,2,103,0,0,108,0,108,14,42,153,2,211,34,10,44,255
07/30/2014,SBA,CA,AWP,WE,Combined TRACON& Tower with Radar,16,55,34,0,105,0,0,107,0,107,16,55,141,0,212,58,0,58,270
07/31/2014,SBA,CA,AWP,WE,Combined TRACON& Tower with Radar,14,53,38,6,111,0,2,113,4,119,14,55,151,10,230,70,0,70,300
08/01/2014,SBA,CA,AWP,WE,Combined TRACON& Tower with Radar,15,55,51,0,121,0,1,76,2,79,15,56,127,2,200,88,0,88,288
08/02/2014,SBA,CA,AWP,WE,Combined TRACON& Tower with Radar,13,37,60,0,110,0,2,59,0,61,13,39,119,0,171,30,0,30,201
08/03/2014,SBA,CA,AWP,WE,Combined TRACON& Tower with Radar,10,51,58,0,119,0,1,72,0,73,10,52,130,0,192,66,0,66,258
08/04/2014,SBA,CA,AWP,WE,Combined TRACON& Tower with Radar,16,43,39,0,98,0,1,65,0,66,16,44,104,0,164,156,0,156,320
08/05/2014,SBA,CA,AWP,WE,Combined TRACON& Tower with Radar,14,49,48,3,114,0,2,97,1,100,14,51,145,4,214,178,0,178,392
08/06/2014,SBA,CA,AWP,WE,Combined TRACON& Tower with Radar,16,51,65,0,132,0,8,69,2,79,16,59,134,2,211,118,0,118,329
08/07/2014,SBA,CA,AWP,WE,Combined TRACON& Tower with Radar,14,54,69,4,141,0,0,96,3,99,14,54,165,7,240,182,2,184,424
08/08/2014,SBA,CA,AWP,WE,Combined TRACON& Tower with Radar,15,63,66,0,144,0,0,82,0,82,15,63,148,0,226,58,0,58,284
08/09/2014,SBA,CA,AWP,WE,Combined TRACON& Tower with Radar,13,35,58,0,106,0,1,84,0,85,13,36,142,0,191,52,0,52,243
08/10/2014,SBA,CA,AWP,WE,Combined TRACON& Tower with Radar,10,61,52,0,123,0,0,94,0,94,10,61,146,0,217,20,0,20,237
08/11/2014,SBA,CA,AWP,WE,Combined TRACON& Tower with Radar,16,55,56,0,127,0,0,58,0,58,16,55,114,0,185,70,0,70,255
08/12/2014,SBA,CA,AWP,WE,Combined TRACON& Tower with Radar,11,69,46,4,130,0,2,112,0,114,11,71,158,4,244,122,4,126,370
08/13/2014,SBA,CA,AWP,WE,Combined TRACON& Tower with Radar,14,58,58,2,132,0,0,72,1,73,14,58,130,3,205,52,1,53,258
08/14/2014,SBA,CA,AWP,WE,Combined TRACON& Tower with Radar,14,63,53,4,134,0,1,74,7,82,14,64,127,11,216,64,0,64,280
08/15/2014,SBA,CA,AWP,WE,Combined TRACON& Tower with Radar,15,61,69,3,148,0,0,95,4,99,15,61,164,7,247,72,0,72,319
08/16/2014,SBA,CA,AWP,WE,Combined TRACON& Tower with Radar,13,36,47,0,96,0,0,112,1,113,13,36,159,1,209,88,0,88,297
08/17/2014,SBA,CA,AWP,WE,Combined TRACON& Tower with Radar,10,41,47,0,98,0,1,121,0,122,10,42,168,0,220,28,0,28,248
08/18/2014,SBA,CA,AWP,WE,Combined TRACON& Tower with Radar,16,55,49,0,120,0,1,95,3,99,16,56,144,3,219,90,0,90,309
08/19/2014,SBA,CA,AWP,WE,Combined TRACON& Tower with Radar,10,56,53,1,120,0,2,52,2,56,10,58,105,3,176,122,0,122,298
08/20/2014,SBA,CA,AWP,WE,Combined TRACON& Tower with Radar,12,57,43,3,115,0,0,77,3,80,12,57,120,6,195,118,16,134,329
08/21/2014,SBA,CA,AWP,WE,Combined TRACON& Tower with Radar,10,73,44,2,129,0,3,111,0,114,10,76,155,2,243,156,0,156,399
08/22/2014,SBA,CA,AWP,WE,Combined TRACON& Tower with Radar,12,61,68,0,141,0,0,61,1,62,12,61,129,1,203,30,0,30,233
08/23/2014,SBA,CA,AWP,WE,Combined TRACON& Tower with Radar,12,47,58,0,117,0,0,83,0,83,12,47,141,0,200,103,0,103,303
08/24/2014,SBA,CA,AWP,WE,Combined TRACON& Tower with Radar,10,60,55,0,125,0,2,109,4,115,10,62,164,4,240,115,0,115,355
08/25/2014,SBA,CA,AWP,WE,Combined TRACON& Tower with Radar,14,63,38,0,115,0,2,73,4,79,14,65,111,4,194,66,0,66,260
08/26/2014,SBA,CA,AWP,WE,Combined TRACON& Tower with Radar,10,62,45,5,122,0,2,96,1,99,10,64,141,6,221,74,2,76,297
08/27/2014,SBA,CA,AWP,WE,Combined TRACON& Tower with Radar,12,67,35,1,115,0,2,97,1,100,12,69,132,2,215,156,2,158,373
08/28/2014,SBA,CA,AWP,WE,Combined TRACON& Tower with Radar,10,57,53,2,122,0,1,109,0,110,10,58,162,2,232,74,0,74,306
08/29/2014,SBA,CA,AWP,WE,Combined TRACON& Tower with Radar,12,70,51,0,133,0,1,130,0,131,12,71,181,0,264,90,0,90,354
08/30/2014,SBA,CA,AWP,WE,Combined TRACON& Tower with Radar,12,35,45,0,92,0,8,121,1,130,12,43,166,1,222,182,0,182,404
08/31/2014,SBA,CA,AWP,WE,Combined TRACON& Tower with Radar,8,42,27,0,77,0,0,110,0,110,8,42,137,0,187,136,0,136,323
09/01/2014,SBA,CA,AWP,WE,Combined TRACON& Tower with Radar,10,55,66,0,131,0,3,96,0,99,10,58,162,0,230,26,0,26,256
09/02/2014,SBA,CA,AWP,WE,Combined TRACON& Tower with Radar,10,66,32,2,110,0,3,62,0,65,10,69,94,2,175,118,0,118,293
09/03/2014,SBA,CA,AWP,WE,Combined TRACON& Tower with Radar,14,61,73,7,155,0,0,46,0,46,14,61,119,7,201,46,0,46,247
09/04/2014,SBA,CA,AWP,WE,Combined TRACON& Tower with Radar,10,66,69,4,149,0,2,38,3,43,10,68,107,7,192,68,0,68,260
09/05/2014,SBA,CA,AWP,WE,Combined TRACON& Tower with Radar,12,72,50,1,135,0,2,115,1,118,12,74,165,2,253,0,0,0,253
09/06/2014,SBA,CA,AWP,WE,Combined TRACON& Tower with Radar,13,39,38,0,90,0,0,98,0,98,13,39,136,0,188,104,0,104,292
09/07/2014,SBA,CA,AWP,WE,Combined TRACON& Tower with Radar,9,58,53,0,120,0,0,86,0,86,9,58,139,0,206,110,0,110,316
09/08/2014,SBA,CA,AWP,WE,Combined TRACON& Tower with Radar,12,58,31,0,101,0,0,70,2,72,12,58,101,2,173,88,0,88,261
09/09/2014,SBA,CA,AWP,WE,Combined TRACON& Tower with Radar,10,58,37,3,108,0,3,89,2,94,10,61,126,5,202,134,0,134,336
09/10/2014,SBA,CA,AWP,WE,Combined TRACON& Tower with Radar,12,68,31,4,115,0,1,62,1,64,12,69,93,5,179,154,2,156,335
09/11/2014,SBA,CA,AWP,WE,Combined TRACON& Tower with Radar,10,52,35,4,101,0,0,98,0,98,10,52,133,4,199,44,0,44,243
09/12/2014,SBA,CA,AWP,WE,Combined TRACON& Tower with Radar,12,65,54,4,135,0,2,87,2,91,12,67,141,6,226,54,0,54,280
09/13/2014,SBA,CA,AWP,WE,Combined TRACON& Tower with Radar,13,43,39,0,95,0,1,97,0,98,13,44,136,0,193,106,0,106,299
09/14/2014,SBA,CA,AWP,WE,Combined TRACON& Tower with Radar,9,59,38,0,106,0,4,121,4,129,9,63,159,4,235,56,0,56,291
09/15/2014,SBA,CA,AWP,WE,Combined TRACON& Tower with Radar,12,63,24,1,100,0,2,73,5,80,12,65,97,6,180,58,0,58,238
09/16/2014,SBA,CA,AWP,WE,Combined TRACON& Tower with Radar,10,55,31,4,100,0,3,82,0,85,10,58,113,4,185,71,4,75,260
09/17/2014,SBA,CA,AWP,WE,Combined TRACON& Tower with Radar,12,56,25,0,93,0,2,93,3,98,12,58,118,3,191,150,0,150,341
09/18/2014,SBA,CA,AWP,WE,Combined TRACON& Tower with Radar,10,51,33,2,96,0,0,217,2,219,10,51,250,4,315,0,0,0,315
09/19/2014,SBA,CA,AWP,WE,Combined TRACON& Tower with Radar,12,73,54,1,140,0,0,66,5,71,12,73,120,6,211,98,0,98,309
09/20/2014,SBA,CA,AWP,WE,Combined TRACON& Tower with Radar,11,44,45,0,100,0,2,62,2,66,11,46,107,2,166,136,0,136,302
09/21/2014,SBA,CA,AWP,WE,Combined TRACON& Tower with Radar,9,42,59,2,112,0,0,52,2,54,9,42,111,4,166,52,0,52,218
09/22/2014,SBA,CA,AWP,WE,Combined TRACON& Tower with Radar,12,56,40,4,112,68,1,56,0,125,80,57,96,4,237,0,0,0,237
09/23/2014,SBA,CA,AWP,WE,Combined TRACON& Tower with Radar,10,56,31,5,102,0,2,77,1,80,10,58,108,6,182,118,0,118,300
09/24/2014,SBA,CA,AWP,WE,Combined TRACON& Tower with Radar,12,68,49,10,139,0,1,69,4,74,12,69,118,14,213,94,0,94,307
09/25/2014,SBA,CA,AWP,WE,Combined TRACON& Tower with Radar,10,59,44,7,120,0,6,149,9,164,10,65,193,16,284,0,0,0,284
09/26/2014,SBA,CA,AWP,WE,Combined TRACON& Tower with Radar,12,65,61,4,142,0,1,105,0,106,12,66,166,4,248,122,4,126,374
09/27/2014,SBA,CA,AWP,WE,Combined TRACON& Tower with Radar,10,41,34,4,89,0,7,84,4,95,10,48,118,8,184,76,0,76,260
09/28/2014,SBA,CA,AWP,WE,Combined TRACON& Tower with Radar,9,59,57,0,125,0,0,112,0,112,9,59,169,0,237,74,0,74,311
09/29/2014,SBA,CA,AWP,WE,Combined TRACON& Tower with Radar,9,75,32,7,123,0,1,93,1,95,9,76,125,8,218,88,4,92,310
09/30/2014,SBA,CA,AWP,WE,Combined TRACON& Tower with Radar,9,68,32,7,116,0,1,87,3,91,9,69,119,10,207,50,0,50,257
10/01/2014,SBA,CA,AWP,WE,Combined TRACON& Tower with Radar,10,69,49,0,128,0,1,73,0,74,10,70,122,0,202,72,0,72,274
10/02/2014,SBA,CA,AWP,WE,Combined TRACON& Tower with Radar,10,67,48,2,127,0,1,102,5,108,10,68,150,7,235,174,0,174,409
10/03/2014,SBA,CA,AWP,WE,Combined TRACON& Tower with Radar,12,78,40,3,133,0,0,110,3,113,12,78,150,6,246,149,0,149,395
10/04/2014,SBA,CA,AWP,WE,Combined TRACON& Tower with Radar,12,46,29,2,89,0,4,103,2,109,12,50,132,4,198,86,0,86,284
10/05/2014,SBA,CA,AWP,WE,Combined TRACON& Tower with Radar,10,53,47,0,110,0,2,113,0,115,10,55,160,0,225,68,0,68,293
10/06/2014,SBA,CA,AWP,WE,Combined TRACON& Tower with Radar,12,58,28,0,98,0,1,70,0,71,12,59,98,0,169,58,0,58,227
10/07/2014,SBA,CA,AWP,WE,Combined TRACON& Tower with Radar,10,63,32,0,105,0,0,72,0,72,10,63,104,0,177,140,0,140,317
10/08/2014,SBA,CA,AWP,WE,Combined TRACON& Tower with Radar,12,51,51,0,114,0,2,84,1,87,12,53,135,1,201,44,0,44,245
10/09/2014,SBA,CA,AWP,WE,Combined TRACON& Tower with Radar,10,58,48,0,116,0,0,58,1,59,10,58,106,1,175,79,0,79,254
10/10/2014,SBA,CA,AWP,WE,Combined TRACON& Tower with Radar,12,65,51,6,134,0,1,78,1,80,12,66,129,7,214,146,0,146,360
10/11/2014,SBA,CA,AWP,WE,Combined TRACON& Tower with Radar,12,43,44,0,99,0,1,105,1,107,12,44,149,1,206,86,0,86,292
10/12/2014,SBA,CA,AWP,WE,Combined TRACON& Tower with Radar,10,54,41,0,105,0,1,88,1,90,10,55,129,1,195,30,0,30,225
10/13/2014,SBA,CA,AWP,WE,Combined TRACON& Tower with Radar,12,62,56,0,130,0,2,51,1,54,12,64,107,1,184,86,0,86,270
10/14/2014,SBA,CA,AWP,WE,Combined TRACON& Tower with Radar,10,78,77,1,166,0,1,21,0,22,10,79,98,1,188,70,0,70,258
10/15/2014,SBA,CA,AWP,WE,Combined TRACON& Tower with Radar,12,73,67,0,152,0,0,71,0,71,12,73,138,0,223,126,0,126,349
10/16/2014,SBA,CA,AWP,WE,Combined TRACON& Tower with Radar,8,61,67,1,137,0,1,145,4,150,8,62,212,5,287,0,0,0,287
10/17/2014,SBA,CA,AWP,WE,Combined TRACON& Tower with Radar,10,73,59,0,142,0,1,207,2,210,10,74,266,2,352,0,0,0,352
10/18/2014,SBA,CA,AWP,WE,Combined TRACON& Tower with Radar,12,39,31,2,84,0,3,112,2,117,12,42,143,4,201,150,0,150,351
10/19/2014,SBA,CA,AWP,WE,Combined TRACON& Tower with Radar,10,61,49,0,120,0,0,112,0,112,10,61,161,0,232,94,0,94,326
10/20/2014,SBA,CA,AWP,WE,Combined TRACON& Tower with Radar,12,69,43,2,126,0,0,60,0,60,12,69,103,2,186,208,0,208,394
10/21/2014,SBA,CA,AWP,WE,Combined TRACON& Tower with Radar,10,70,30,0,110,0,0,73,2,75,10,70,103,2,185,90,0,90,275
10/22/2014,SBA,CA,AWP,WE,Combined TRACON& Tower with Radar,14,60,46,3,123,0,1,102,3,106,14,61,148,6,229,52,0,52,281
10/23/2014,SBA,CA,AWP,WE,Combined TRACON& Tower with Radar,10,57,38,7,112,0,6,122,4,132,10,63,160,11,244,134,0,134,378
10/24/2014,SBA,CA,AWP,WE,Combined TRACON& Tower with Radar,14,69,56,0,139,0,0,96,6,102,14,69,152,6,241,122,0,122,363
10/25/2014,SBA,CA,AWP,WE,Combined TRACON& Tower with Radar,12,49,43,0,104,0,0,83,1,84,12,49,126,1,188,138,0,138,326
10/26/2014,SBA,CA,AWP,WE,Combined TRACON& Tower with Radar,12,65,54,0,131,0,0,109,4,113,12,65,163,4,244,70,0,70,314
10/27/2014,SBA,CA,AWP,WE,Combined TRACON& Tower with Radar,12,63,27,2,104,0,0,111,2,113,12,63,138,4,217,34,0,34,251
10/28/2014,SBA,CA,AWP,WE,Combined TRACON& Tower with Radar,10,65,23,0,98,0,1,82,0,83,10,66,105,0,181,64,0,64,245
10/29/2014,SBA,CA,AWP,WE,Combined TRACON& Tower with Radar,10,63,42,0,115,0,3,93,2,98,10,66,135,2,213,34,0,34,247
10/30/2014,SBA,CA,AWP,WE,Combined TRACON& Tower with Radar,10,55,42,1,108,0,1,169,5,175,10,56,211,6,283,0,0,0,283
10/31/2014,SBA,CA,AWP,WE,Combined TRACON& Tower with Radar,13,50,54,0,117,0,1,18,0,19,13,51,72,0,136,38,0,38,174
11/01/2014,SBA,CA,AWP,WE,Combined TRACON& Tower with Radar,10,36,29,0,75,0,0,42,2,44,10,36,71,2,119,106,0,106,225
11/02/2014,SBA,CA,AWP,WE,Combined TRACON& Tower with Radar,13,52,44,1,110,0,0,89,1,90,13,52,133,2,200,94,0,94,294
11/03/2014,SBA,CA,AWP,WE,Combined TRACON& Tower with Radar,14,60,28,0,102,0,3,99,0,102,14,63,127,0,204,80,0,80,284
11/04/2014,SBA,CA,AWP,WE,Combined TRACON& Tower with Radar,10,64,20,4,98,0,0,91,0,91,10,64,111,4,189,140,0,140,329
11/05/2014,SBA,CA,AWP,WE,Combined TRACON& Tower with Radar,12,64,42,2,120,0,1,88,2,91,12,65,130,4,211,78,0,78,289
11/06/2014,SBA,CA,AWP,WE,Combined TRACON& Tower with Radar,10,79,42,2,133,0,1,124,0,125,10,80,166,2,258,132,0,132,390
11/07/2014,SBA,CA,AWP,WE,Combined TRACON& Tower with Radar,12,77,46,5,140,0,4,103,0,107,12,81,149,5,247,152,0,152,399
11/08/2014,SBA,CA,AWP,WE,Combined TRACON& Tower with Radar,11,48,41,4,104,0,0,104,1,105,11,48,145,5,209,116,0,116,325
11/09/2014,SBA,CA,AWP,WE,Combined TRACON& Tower with Radar,12,68,58,0,138,0,0,83,0,83,12,68,141,0,221,56,0,56,277
11/10/2014,SBA,CA,AWP,WE,Combined TRACON& Tower with Radar,12,50,48,0,110,0,0,12,0,12,12,50,60,0,122,76,0,76,198
11/11/2014,SBA,CA,AWP,WE,Combined TRACON& Tower with Radar,8,63,52,0,123,0,0,38,0,38,8,63,90,0,161,98,0,98,259
11/12/2014,SBA,CA,AWP,WE,Combined TRACON& Tower with Radar,12,55,44,0,111,0,0,77,3,80,12,55,121,3,191,81,0,81,272
11/13/2014,SBA,CA,AWP,WE,Combined TRACON& Tower with Radar,10,58,59,12,139,0,0,83,1,84,10,58,142,13,223,0,0,0,223
11/14/2014,SBA,CA,AWP,WE,Combined TRACON& Tower with Radar,11,65,48,2,126,0,1,74,0,75,11,66,122,2,201,113,0,113,314
11/15/2014,SBA,CA,AWP,WE,Combined TRACON& Tower with Radar,11,45,36,0,92,0,1,71,0,72,11,46,107,0,164,171,0,171,335
11/16/2014,SBA,CA,AWP,WE,Combined TRACON& Tower with Radar,13,55,33,0,101,0,5,90,1,96,13,60,123,1,197,120,0,120,317
11/17/2014,SBA,CA,AWP,WE,Combined TRACON& Tower with Radar,12,73,31,0,116,0,7,80,0,87,12,80,111,0,203,70,0,70,273
11/18/2014,SBA,CA,AWP,WE,Combined TRACON& Tower with Radar,13,61,46,4,124,0,0,112,1,113,13,61,158,5,237,22,4,26,263
11/19/2014,SBA,CA,AWP,WE,Combined TRACON& Tower with Radar,12,53,48,0,113,0,0,73,0,73,12,53,121,0,186,156,0,156,342
11/20/2014,SBA,CA,AWP,WE,Combined TRACON& Tower with Radar,10,60,36,7,113,0,0,38,0,38,10,60,74,7,151,52,0,52,203
11/21/2014,SBA,CA,AWP,WE,Combined TRACON& Tower with Radar,12,59,40,5,116,0,0,80,2,82,12,59,120,7,198,102,2,104,302
11/22/2014,SBA,CA,AWP,WE,Combined TRACON& Tower with Radar,13,45,37,4,99,0,4,100,0,104,13,49,137,4,203,70,2,72,275
11/23/2014,SBA,CA,AWP,WE,Combined TRACON& Tower with Radar,10,50,42,2,104,0,1,71,2,74,10,51,113,4,178,56,0,56,234
11/24/2014,SBA,CA,AWP,WE,Combined TRACON& Tower with Radar,12,57,30,2,101,0,1,85,1,87,12,58,115,3,188,48,0,48,236
11/25/2014,SBA,CA,AWP,WE,Combined TRACON& Tower with Radar,10,57,59,0,126,0,5,91,2,98,10,62,150,2,224,56,0,56,280
11/26/2014,SBA,CA,AWP,WE,Combined TRACON& Tower with Radar,12,58,55,2,127,0,0,119,2,121,12,58,174,4,248,26,0,26,274
11/27/2014,SBA,CA,AWP,WE,Combined TRACON& Tower with Radar,8,24,6,0,38,0,0,61,0,61,8,24,67,0,99,84,0,84,183
11/28/2014,SBA,CA,AWP,WE,Combined TRACON& Tower with Radar,12,38,29,0,79,0,0,130,2,132,12,38,159,2,211,106,0,106,317
11/29/2014,SBA,CA,AWP,WE,Combined TRACON& Tower with Radar,10,57,43,0,110,0,0,102,0,102,10,57,145,0,212,40,0,40,252
11/30/2014,SBA,CA,AWP,WE,Combined TRACON& Tower with Radar,10,55,87,0,152,0,0,19,0,19,10,55,106,0,171,52,0,52,223
12/01/2014,SBA,CA,AWP,WE,Combined TRACON& Tower with Radar,12,63,70,2,147,0,2,53,2,57,12,65,123,4,204,32,0,32,236
12/02/2014,SBA,CA,AWP,WE,Combined TRACON& Tower with Radar,10,39,49,0,98,0,0,4,0,4,10,39,53,0,102,26,0,26,128
12/03/2014,SBA,CA,AWP,WE,Combined TRACON& Tower with Radar,12,53,52,5,122,0,0,20,3,23,12,53,72,8,145,66,0,66,211
12/04/2014,SBA,CA,AWP,WE,Combined TRACON& Tower with Radar,10,70,45,8,133,0,0,42,3,45,10,70,87,11,178,134,6,140,318
12/05/2014,SBA,CA,AWP,WE,Combined TRACON& Tower with Radar,12,68,54,4,138,0,0,36,1,37,12,68,90,5,175,44,0,44,219
12/06/2014,SBA,CA,AWP,WE,Combined TRACON& Tower with Radar,9,41,23,0,73,0,2,119,4,125,9,43,142,4,198,50,0,50,248
12/07/2014,SBA,CA,AWP,WE,Combined TRACON& Tower with Radar,9,60,39,0,108,0,0,76,1,77,9,60,115,1,185,94,0,94,279
12/08/2014,SBA,CA,AWP,WE,Combined TRACON& Tower with Radar,12,56,37,2,107,0,0,93,4,97,12,56,130,6,204,66,0,66,270
12/09/2014,SBA,CA,AWP,WE,Combined TRACON& Tower with Radar,10,59,20,0,89,0,1,74,5,80,10,60,94,5,169,50,0,50,219
12/10/2014,SBA,CA,AWP,WE,Combined TRACON& Tower with Radar,12,58,37,2,109,0,4,85,17,106,12,62,122,19,215,126,8,134,349
12/11/2014,SBA,CA,AWP,WE,Combined TRACON& Tower with Radar,12,53,31,6,102,0,0,2,2,4,12,53,33,8,106,10,0,10,116
12/12/2014,SBA,CA,AWP,WE,Combined TRACON& Tower with Radar,11,59,37,1,108,0,1,18,0,19,11,60,55,1,127,32,0,32,159
12/13/2014,SBA,CA,AWP,WE,Combined TRACON& Tower with Radar,9,46,28,4,87,0,0,95,10,105,9,46,123,14,192,104,8,112,304
12/14/2014,SBA,CA,AWP,WE,Combined TRACON& Tower with Radar,7,50,28,2,87,0,0,74,0,74,7,50,102,2,161,44,0,44,205
12/15/2014,SBA,CA,AWP,WE,Combined TRACON& Tower with Radar,9,46,54,2,111,0,0,30,4,34,9,46,84,6,145,46,0,46,191
12/16/2014,SBA,CA,AWP,WE,Combined TRACON& Tower with Radar,9,59,49,5,122,0,0,20,2,22,9,59,69,7,144,48,2,50,194
12/17/2014,SBA,CA,AWP,WE,Combined TRACON& Tower with Radar,12,64,41,2,119,0,3,43,3,49,12,67,84,5,168,60,2,62,230
12/18/2014,SBA,CA,AWP,WE,Combined TRACON& Tower with Radar,10,57,78,2,147,0,0,37,0,37,10,57,115,2,184,42,0,42,226
12/19/2014,SBA,CA,AWP,WE,Combined TRACON& Tower with Radar,12,63,48,2,125,0,1,63,1,65,12,64,111,3,190,134,0,134,324
12/20/2014,SBA,CA,AWP,WE,Combined TRACON& Tower with Radar,12,51,48,0,111,0,0,66,2,68,12,51,114,2,179,80,0,80,259
12/21/2014,SBA,CA,AWP,WE,Combined TRACON& Tower with Radar,12,46,41,0,99,0,2,69,0,71,12,48,110,0,170,68,0,68,238
12/22/2014,SBA,CA,AWP,WE,Combined TRACON& Tower with Radar,10,66,45,2,123,0,4,83,3,90,10,70,128,5,213,100,0,100,313
12/23/2014,SBA,CA,AWP,WE,Combined TRACON& Tower with Radar,10,53,35,6,104,0,3,78,2,83,10,56,113,8,187,136,0,136,323
12/24/2014,SBA,CA,AWP,WE,Combined TRACON& Tower with Radar,11,43,19,0,73,0,0,59,0,59,11,43,78,0,132,52,0,52,184
12/25/2014,SBA,CA,AWP,WE,Combined TRACON& Tower with Radar,12,25,6,0,43,0,0,22,0,22,12,25,28,0,65,0,0,0,65
12/26/2014,SBA,CA,AWP,WE,Combined TRACON& Tower with Radar,10,50,29,0,89,0,0,75,0,75,10,50,104,0,164,122,0,122,286
12/27/2014,SBA,CA,AWP,WE,Combined TRACON& Tower with Radar,12,53,44,0,109,0,3,104,0,107,12,56,148,0,216,108,0,108,324
12/28/2014,SBA,CA,AWP,WE,Combined TRACON& Tower with Radar,10,51,39,0,100,0,0,86,0,86,10,51,125,0,186,54,0,54,240
12/29/2014,SBA,CA,AWP,WE,Combined TRACON& Tower with Radar,10,53,38,5,106,0,0,70,0,70,10,53,108,5,176,40,0,40,216
12/30/2014,SBA,CA,AWP,WE,Combined TRACON& Tower with Radar,12,55,33,0,100,0,0,36,0,36,12,55,69,0,136,4,0,4,140
12/31/2014,SBA,CA,AWP,WE,Combined TRACON& Tower with Radar,7,50,35,0,92,0,3,46,0,49,7,53,81,0,141,16,0,16,157
01/01/2015,SBA,CA,AWP,WE,Combined TRACON& Tower with Radar,9,49,26,0,84,0,0,66,0,66,9,49,92,0,150,20,0,20,170
01/02/2015,SBA,CA,AWP,WE,Combined TRACON& Tower with Radar,7,67,44,0,118,0,2,74,0,76,7,69,118,0,194,54,0,54,248
01/03/2015,SBA,CA,AWP,WE,Combined TRACON& Tower with Radar,11,51,41,0,103,0,0,82,0,82,11,51,123,0,185,138,0,138,323
01/04/2015,SBA,CA,AWP,WE,Combined TRACON& Tower with Radar,10,54,54,0,118,0,0,293,0,293,10,54,347,0,411,0,0,0,411
01/05/2015,SBA,CA,AWP,WE,Combined TRACON& Tower with Radar,8,58,39,2,107,0,0,61,0,61,8,58,100,2,168,44,0,44,212
01/06/2015,SBA,CA,AWP,WE,Combined TRACON& Tower with Radar,8,53,28,3,92,0,3,70,1,74,8,56,98,4,166,42,0,42,208
01/07/2015,SBA,CA,AWP,WE,Combined TRACON& Tower with Radar,5,70,36,5,116,0,0,67,3,70,5,70,103,8,186,104,4,108,294
01/08/2015,SBA,CA,AWP,WE,Combined TRACON& Tower with Radar,9,60,34,2,105,0,3,72,0,75,9,63,106,2,180,178,0,178,358
01/09/2015,SBA,CA,AWP,WE,Combined TRACON& Tower with Radar,10,67,40,3,120,0,0,79,3,82,10,67,119,6,202,180,0,180,382
01/10/2015,SBA,CA,AWP,WE,Combined TRACON& Tower with Radar,10,40,42,0,92,0,0,21,0,21,10,40,63,0,113,62,0,62,175
01/11/2015,SBA,CA,AWP,WE,Combined TRACON& Tower with Radar,8,50,48,0,106,0,1,6,0,7,8,51,54,0,113,8,0,8,121
01/12/2015,SBA,CA,AWP,WE,Combined TRACON& Tower with Radar,8,52,42,5,107,0,1,116,6,123,8,53,158,11,230,0,0,0,230
01/13/2015,SBA,CA,AWP,WE,Combined TRACON& Tower with Radar,8,52,20,3,83,0,0,54,3,57,8,52,74,6,140,106,0,106,246
01/14/2015,SBA,CA,AWP,WE,Combined TRACON& Tower with Radar,4,59,35,1,99,0,2,209,4,215,4,61,244,5,314,0,0,0,314
01/15/2015,SBA,CA,AWP,WE,Combined TRACON& Tower with Radar,6,57,50,3,116,0,4,102,4,110,6,61,152,7,226,114,0,114,340
01/16/2015,SBA,CA,AWP,WE,Combined TRACON& Tower with Radar,10,67,37,4,118,0,2,101,1,104,10,69,138,5,222,94,4,98,320
01/17/2015,SBA,CA,AWP,WE,Combined TRACON& Tower with Radar,7,36,38,0,81,0,2,154,1,157,7,38,192,1,238,112,0,112,350
01/18/2015,SBA,CA,AWP,WE,Combined TRACON& Tower with Radar,11,51,38,0,100,0,0,98,0,98,11,51,136,0,198,40,0,40,238
01/19/2015,SBA,CA,AWP,WE,Combined TRACON& Tower with Radar,9,59,69,3,140,0,0,34,0,34,9,59,103,3,174,38,0,38,212
01/20/2015,SBA,CA,AWP,WE,Combined TRACON& Tower with Radar,5,66,47,2,120,0,0,25,0,25,5,66,72,2,145,54,0,54,199
01/21/2015,SBA,CA,AWP,WE,Combined TRACON& Tower with Radar,6,62,41,0,109,0,0,58,3,61,6,62,99,3,170,120,0,120,290
01/22/2015,SBA,CA,AWP,WE,Combined TRACON& Tower with Radar,8,68,40,8,124,0,3,86,0,89,8,71,126,8,213,56,4,60,273
01/23/2015,SBA,CA,AWP,WE,Combined TRACON& Tower with Radar,10,68,38,0,116,0,2,127,4,133,10,70,165,4,249,142,0,142,391
01/24/2015,SBA,CA,AWP,WE,Combined TRACON& Tower with Radar,7,44,35,0,86,0,3,78,1,82,7,47,113,1,168,66,0,66,234
01/25/2015,SBA,CA,AWP,WE,Combined TRACON& Tower with Radar,7,64,39,0,110,0,0,125,0,125,7,64,164,0,235,136,0,136,371
01/26/2015,SBA,CA,AWP,WE,Combined TRACON& Tower with Radar,8,58,33,0,99,0,0,59,0,59,8,58,92,0,158,64,0,64,222
01/27/2015,SBA,CA,AWP,WE,Combined TRACON& Tower with Radar,6,50,25,0,81,0,0,68,2,70,6,50,93,2,151,100,0,100,251
01/28/2015,SBA,CA,AWP,WE,Combined TRACON& Tower with Radar,6,57,50,1,114,0,0,70,3,73,6,57,120,4,187,170,0,170,357
01/29/2015,SBA,CA,AWP,WE,Combined TRACON& Tower with Radar,10,59,36,4,109,0,1,70,2,73,10,60,106,6,182,112,0,112,294
01/30/2015,SBA,CA,AWP,WE,Combined TRACON& Tower with Radar,10,67,44,2,123,0,2,102,5,109,10,69,146,7,232,140,0,140,372
01/31/2015,SBA,CA,AWP,WE,Combined TRACON& Tower with Radar,7,42,48,0,97,0,0,93,0,93,7,42,141,0,190,166,0,166,356
02/01/2015,SBA,CA,AWP,WE,Combined TRACON& Tower with Radar,5,53,39,0,97,0,1,92,0,93,5,54,131,0,190,95,0,95,285
02/02/2015,SBA,CA,AWP,WE,Combined TRACON& Tower with Radar,8,68,32,0,108,0,1,78,2,81,8,69,110,2,189,62,0,62,251
02/03/2015,SBA,CA,AWP,WE,Combined TRACON& Tower with Radar,7,67,35,0,109,0,1,44,1,46,7,68,79,1,155,126,0,126,281
02/04/2015,SBA,CA,AWP,WE,Combined TRACON& Tower with Radar,6,64,76,4,150,0,2,38,0,40,6,66,114,4,190,150,0,150,340
02/05/2015,SBA,CA,AWP,WE,Combined TRACON& Tower with Radar,9,61,55,4,129,0,4,61,2,67,9,65,116,6,196,66,0,66,262
02/06/2015,SBA,CA,AWP,WE,Combined TRACON& Tower with Radar,11,66,50,0,127,0,1,63,0,64,11,67,113,0,191,98,0,98,289
02/07/2015,SBA,CA,AWP,WE,Combined TRACON& Tower with Radar,8,40,67,2,117,0,0,1,0,1,8,40,68,2,118,4,0,4,122
02/08/2015,SBA,CA,AWP,WE,Combined TRACON& Tower with Radar,6,55,37,0,98,0,0,43,3,46,6,55,80,3,144,196,0,196,340
02/09/2015,SBA,CA,AWP,WE,Combined TRACON& Tower with Radar,9,63,32,3,107,0,0,60,3,63,9,63,92,6,170,32,0,32,202
02/10/2015,SBA,CA,AWP,WE,Combined TRACON& Tower with Radar,7,67,36,5,115,0,0,98,0,98,7,67,134,5,213,140,0,140,353
02/11/2015,SBA,CA,AWP,WE,Combined TRACON& Tower with Radar,7,55,42,6,110,0,0,86,0,86,7,55,128,6,196,186,0,186,382
02/12/2015,SBA,CA,AWP,WE,Combined TRACON& Tower with Radar,9,67,42,0,118,0,1,87,0,88,9,68,129,0,206,124,0,124,330
02/13/2015,SBA,CA,AWP,WE,Combined TRACON& Tower with Radar,11,52,41,0,104,0,0,111,5,116,11,52,152,5,220,66,0,66,286
02/14/2015,SBA,CA,AWP,WE,Combined TRACON& Tower with Radar,11,48,26,0,85,0,0,146,0,146,11,48,172,0,231,60,0,60,291
02/15/2015,SBA,CA,AWP,WE,Combined TRACON& Tower with Radar,8,45,53,0,106,0,2,132,3,137,8,47,185,3,243,94,0,94,337
02/16/2015,SBA,CA,AWP,WE,Combined TRACON& Tower with Radar,10,75,88,0,173,0,0,29,45,74,10,75,117,45,247,0,8,8,255
02/17/2015,SBA,CA,AWP,WE,Combined TRACON& Tower with Radar,9,72,59,5,145,0,3,50,2,55,9,75,109,7,200,104,0,104,304
02/18/2015,SBA,CA,AWP,WE,Combined TRACON& Tower with Radar,11,68,80,11,170,0,0,78,2,80,11,68,158,13,250,52,2,54,304
02/19/2015,SBA,CA,AWP,WE,Combined TRACON& Tower with Radar,11,65,74,3,153,0,0,38,1,39,11,65,112,4,192,48,0,48,240
02/20/2015,SBA,CA,AWP,WE,Combined TRACON& Tower with Radar,11,68,78,0,157,0,2,44,1,47,11,70,122,1,204,95,0,95,299
02/21/2015,SBA,CA,AWP,WE,Combined TRACON& Tower with Radar,11,48,28,2,89,0,0,31,0,31,11,48,59,2,120,146,0,146,266
02/22/2015,SBA,CA,AWP,WE,Combined TRACON& Tower with Radar,11,71,60,0,142,0,2,13,0,15,11,73,73,0,157,92,0,92,249
02/23/2015,SBA,CA,AWP,WE,Combined TRACON& Tower with Radar,9,63,53,0,125,0,2,45,2,49,9,65,98,2,174,112,2,114,288
02/24/2015,SBA,CA,AWP,WE,Combined TRACON& Tower with Radar,8,62,36,0,106,0,2,78,3,83,8,64,114,3,189,38,0,38,227
02/25/2015,SBA,CA,AWP,WE,Combined TRACON& Tower with Radar,11,61,61,4,137,0,1,96,9,106,11,62,157,13,243,182,0,182,425
02/26/2015,SBA,CA,AWP,WE,Combined TRACON& Tower with Radar,9,62,25,6,102,0,1,89,1,91,9,63,114,7,193,148,8,156,349
02/27/2015,SBA,CA,AWP,WE,Combined TRACON& Tower with Radar,11,61,54,0,126,0,0,57,8,65,11,61,111,8,191,20,0,20,211
02/28/2015,SBA,CA,AWP,WE,Combined TRACON& Tower with Radar,8,46,26,1,81,0,0,47,3,50,8,46,73,4,131,114,0,114,245
03/01/2015,SBA,CA,AWP,WE,Combined TRACON& Tower with Radar,8,48,44,0,100,0,0,52,5,57,8,48,96,5,157,112,0,112,269
03/02/2015,SBA,CA,AWP,WE,Combined TRACON& Tower with Radar,11,59,45,0,115,0,0,29,0,29,11,59,74,0,144,80,0,80,224
03/03/2015,SBA,CA,AWP,WE,Combined TRACON& Tower with Radar,9,63,39,7,118,0,0,81,4,85,9,63,120,11,203,104,0,104,307
03/04/2015,SBA,CA,AWP,WE,Combined TRACON& Tower with Radar,9,58,42,7,116,0,0,103,1,104,9,58,145,8,220,128,0,128,348
03/05/2015,SBA,CA,AWP,WE,Combined TRACON& Tower with Radar,8,64,29,1,102,0,2,101,1,104,8,66,130,2,206,138,0,138,344
03/06/2015,SBA,CA,AWP,WE,Combined TRACON& Tower with Radar,8,61,39,3,111,0,2,106,2,110,8,63,145,5,221,84,0,84,305
03/07/2015,SBA,CA,AWP,WE,Combined TRACON& Tower with Radar,10,41,25,1,77,0,0,128,0,128,10,41,153,1,205,124,0,124,329
03/08/2015,SBA,CA,AWP,WE,Combined TRACON& Tower with Radar,10,47,29,3,89,0,0,151,0,151,10,47,180,3,240,108,2,110,350
03/09/2015,SBA,CA,AWP,WE,Combined TRACON& Tower with Radar,8,57,47,2,114,0,1,48,0,49,8,58,95,2,163,84,2,86,249
03/10/2015,SBA,CA,AWP,WE,Combined TRACON& Tower with Radar,8,55,40,3,106,0,1,47,1,49,8,56,87,4,155,158,0,158,313
03/11/2015,SBA,CA,AWP,WE,Combined TRACON& Tower with Radar,10,54,39,2,105,0,0,74,1,75,10,54,113,3,180,86,0,86,266
03/12/2015,SBA,CA,AWP,WE,Combined TRACON& Tower with Radar,10,62,37,5,114,0,0,73,0,73,10,62,110,5,187,96,2,98,285
03/13/2015,SBA,CA,AWP,WE,Combined TRACON& Tower with Radar,10,62,49,2,123,0,2,87,3,92,10,64,136,5,215,82,0,82,297
03/14/2015,SBA,CA,AWP,WE,Combined TRACON& Tower with Radar,10,40,32,0,82,0,3,138,0,141,10,43,170,0,223,54,0,54,277
03/15/2015,SBA,CA,AWP,WE,Combined TRACON& Tower with Radar,12,44,42,0,98,0,0,123,3,126,12,44,165,3,224,112,0,112,336
03/16/2015,SBA,CA,AWP,WE,Combined TRACON& Tower with Radar,8,58,35,0,101,0,0,88,2,90,8,58,123,2,191,58,0,58,249
03/17/2015,SBA,CA,AWP,WE,Combined TRACON& Tower with Radar,10,61,30,0,101,0,0,85,1,86,10,61,115,1,187,112,0,112,299
03/18/2015,SBA,CA,AWP,WE,Combined TRACON& Tower with Radar,9,53,49,0,111,0,0,75,2,77,9,53,124,2,188,156,0,156,344
03/19/2015,SBA,CA,AWP,WE,Combined TRACON& Tower with Radar,9,72,71,5,157,0,0,83,6,89,9,72,154,11,246,70,0,70,316
03/20/2015,SBA,CA,AWP,WE,Combined TRACON& Tower with Radar,10,61,73,0,144,0,2,78,0,80,10,63,151,0,224,108,0,108,332
03/21/2015,SBA,CA,AWP,WE,Combined TRACON& Tower with Radar,10,41,56,0,107,0,0,82,0,82,10,41,138,0,189,104,0,104,293
03/22/2015,SBA,CA,AWP,WE,Combined TRACON& Tower with Radar,12,43,58,0,113,0,1,60,0,61,12,44,118,0,174,136,0,136,310
03/23/2015,SBA,CA,AWP,WE,Combined TRACON& Tower with Radar,10,50,38,0,98,0,2,78,0,80,10,52,116,0,178,96,0,96,274
03/24/2015,SBA,CA,AWP,WE,Combined TRACON& Tower with Radar,8,57,31,0,96,0,5,65,1,71,8,62,96,1,167,92,0,92,259
03/25/2015,SBA,CA,AWP,WE,Combined TRACON& Tower with Radar,10,57,38,11,116,0,2,88,7,97,10,59,126,18,213,78,8,86,299
03/26/2015,SBA,CA,AWP,WE,Combined TRACON& Tower with Radar,10,62,44,1,117,0,4,98,3,105,10,66,142,4,222,112,0,112,334
03/27/2015,SBA,CA,AWP,WE,Combined TRACON& Tower with Radar,10,57,35,0,102,0,2,117,0,119,10,59,152,0,221,74,0,74,295
03/28/2015,SBA,CA,AWP,WE,Combined TRACON& Tower with Radar,10,46,52,2,110,0,3,150,0,153,10,49,202,2,263,124,0,124,387
03/29/2015,SBA,CA,AWP,WE,Combined TRACON& Tower with Radar,10,45,40,0,95,0,0,97,1,98,10,45,137,1,193,52,0,52,245
03/30/2015,SBA,CA,AWP,WE,Combined TRACON& Tower with Radar,10,63,42,1,116,0,2,48,2,52,10,65,90,3,168,20,0,20,188
03/31/2015,SBA,CA,AWP,WE,Combined TRACON& Tower with Radar,12,57,54,2,125,0,3,52,2,57,12,60,106,4,182,50,0,50,232
04/01/2015,SBA,CA,AWP,WE,Combined TRACON& Tower with Radar,10,62,30,0,102,0,5,86,2,93,10,67,116,2,195,100,0,100,295
04/02/2015,SBA,CA,AWP,WE,Combined TRACON& Tower with Radar,10,66,39,3,118,0,3,69,2,74,10,69,108,5,192,108,0,108,300
04/03/2015,SBA,CA,AWP,WE,Combined TRACON& Tower with Radar,10,62,56,0,128,0,5,104,0,109,10,67,160,0,237,50,0,50,287
04/04/2015,SBA,CA,AWP,WE,Combined TRACON& Tower with Radar,10,40,41,0,91,0,1,110,2,113,10,41,151,2,204,78,0,78,282
04/05/2015,SBA,CA,AWP,WE,Combined TRACON& Tower with Radar,10,37,41,0,88,0,2,85,0,87,10,39,126,0,175,50,0,50,225
04/06/2015,SBA,CA,AWP,WE,Combined TRACON& Tower with Radar,10,61,28,4,103,12,2,79,0,93,22,63,107,4,196,72,0,72,268
04/07/2015,SBA,CA,AWP,WE,Combined TRACON& Tower with Radar,10,64,33,6,113,0,2,5,0,7,10,66,38,6,120,28,2,30,150
04/08/2015,SBA,CA,AWP,WE,Combined TRACON& Tower with Radar,10,64,33,0,107,0,2,73,3,78,10,66,106,3,185,204,0,204,389
04/09/2015,SBA,CA,AWP,WE,Combined TRACON& Tower with Radar,9,72,36,3,120,0,2,94,0,96,9,74,130,3,216,104,0,104,320
04/10/2015,SBA,CA,AWP,WE,Combined TRACON& Tower with Radar,8,61,46,1,116,0,4,121,3,128,8,65,167,4,244,70,0,70,314
04/11/2015,SBA,CA,AWP,WE,Combined TRACON& Tower with Radar,10,45,33,4,92,0,3,119,0,122,10,48,152,4,214,122,0,122,336
04/12/2015,SBA,CA,AWP,WE,Combined TRACON& Tower with Radar,8,52,37,2,99,0,4,107,0,111,8,56,144,2,210,82,0,82,292
04/13/2015,SBA,CA,AWP,WE,Combined TRACON& Tower with Radar,11,57,55,5,128,0,4,57,2,63,11,61,112,7,191,34,0,34,225
04/14/2015,SBA,CA,AWP,WE,Combined TRACON& Tower with Radar,10,64,28,6,108,0,2,87,0,89,10,66,115,6,197,98,0,98,295
04/15/2015,SBA,CA,AWP,WE,Combined TRACON& Tower with Radar,10,70,39,12,131,0,5,78,0,83,10,75,117,12,214,60,26,86,300
04/16/2015,SBA,CA,AWP,WE,Combined TRACON& Tower with Radar,10,63,49,2,124,0,3,92,0,95,10,66,141,2,219,104,0,104,323
04/17/2015,SBA,CA,AWP,WE,Combined TRACON& Tower with Radar,7,69,31,0,107,0,2,123,0,125,7,71,154,0,232,0,0,0,232
04/18/2015,SBA,CA,AWP,WE,Combined TRACON& Tower with Radar,9,40,21,0,70,0,0,117,2,119,9,40,138,2,189,106,0,106,295
04/19/2015,SBA,CA,AWP,WE,Combined TRACON& Tower with Radar,10,53,49,0,112,0,0,94,5,99,10,53,143,5,211,56,0,56,267
04/20/2015,SBA,CA,AWP,WE,Combined TRACON& Tower with Radar,9,63,69,0,141,0,2,47,0,49,9,65,116,0,190,150,0,150,340
04/21/2015,SBA,CA,AWP,WE,Combined TRACON& Tower with Radar,9,64,42,0,115,0,0,37,0,37,9,64,79,0,152,42,0,42,194
04/22/2015,SBA,CA,AWP,WE,Combined TRACON& Tower with Radar,11,62,56,1,130,0,0,58,1,59,11,62,114,2,189,70,0,70,259
04/23/2015,SBA,CA,AWP,WE,Combined TRACON& Tower with Radar,12,66,42,0,120,0,2,55,3,60,12,68,97,3,180,152,0,152,332
04/24/2015,SBA,CA,AWP,WE,Combined TRACON& Tower with Radar,9,67,50,0,126,0,0,57,0,57,9,67,107,0,183,82,0,82,265
04/25/2015,SBA,CA,AWP,WE,Combined TRACON& Tower with Radar,7,53,48,4,112,0,3,32,0,35,7,56,80,4,147,40,0,40,187
04/26/2015,SBA,CA,AWP,WE,Combined TRACON& Tower with Radar,10,55,44,0,109,0,1,95,0,96,10,56,139,0,205,54,0,54,259
04/27/2015,SBA,CA,AWP,WE,Combined TRACON& Tower with Radar,8,71,33,0,112,0,2,72,0,74,8,73,105,0,186,46,0,46,232
04/28/2015,SBA,CA,AWP,WE,Combined TRACON& Tower with Radar,8,62,23,7,100,0,6,85,4,95,8,68,108,11,195,74,0,74,269
04/29/2015,SBA,CA,AWP,WE,Combined TRACON& Tower with Radar,10,73,41,0,124,0,3,96,7,106,10,76,137,7,230,50,0,50,280
04/30/2015,SBA,CA,AWP,WE,Combined TRACON& Tower with Radar,10,76,52,0,138,0,5,99,1,105,10,81,151,1,243,48,0,48,291
05/01/2015,SBA,CA,AWP,WE,Combined TRACON& Tower with Radar,10,73,54,0,137,0,3,102,3,108,10,76,156,3,245,124,0,124,369
05/02/2015,SBA,CA,AWP,WE,Combined TRACON& Tower with Radar,10,41,33,0,84,0,3,124,0,127,10,44,157,0,211,94,0,94,305
05/03/2015,SBA,CA,AWP,WE,Combined TRACON& Tower with Radar,10,57,47,0,114,0,2,125,1,128,10,59,172,1,242,52,2,54,296
05/04/2015,SBA,CA,AWP,WE,Combined TRACON& Tower with Radar,10,72,54,3,139,0,4,38,1,43,10,76,92,4,182,102,0,102,284
05/05/2015,SBA,CA,AWP,WE,Combined TRACON& Tower with Radar,8,69,88,5,170,0,1,27,1,29,8,70,115,6,199,70,2,72,271
05/06/2015,SBA,CA,AWP,WE,Combined TRACON& Tower with Radar,11,61,48,3,123,0,1,60,6,67,11,62,108,9,190,54,0,54,244
05/07/2015,SBA,CA,AWP,WE,Combined TRACON& Tower with Radar,11,65,61,0,137,0,0,29,1,30,11,65,90,1,167,70,0,70,237
05/08/2015,SBA,CA,AWP,WE,Combined TRACON& Tower with Radar,12,68,50,5,135,0,1,37,6,44,12,69,87,11,179,74,0,74,253
05/09/2015,SBA,CA,AWP,WE,Combined TRACON& Tower with Radar,9,49,31,2,91,0,1,54,3,58,9,50,85,5,149,52,0,52,201
05/10/2015,SBA,CA,AWP,WE,Combined TRACON& Tower with Radar,10,56,43,0,109,0,0,122,5,127,10,56,165,5,236,98,0,98,334
05/11/2015,SBA,CA,AWP,WE,Combined TRACON& Tower with Radar,12,61,51,2,126,0,3,61,0,64,12,64,112,2,190,42,0,42,232
05/12/2015,SBA,CA,AWP,WE,Combined TRACON& Tower with Radar,10,63,46,2,121,0,2,86,0,88,10,65,132,2,209,70,0,70,279
05/13/2015,SBA,CA,AWP,WE,Combined TRACON& Tower with Radar,11,58,41,6,116,0,3,58,3,64,11,61,99,9,180,56,4,60,240
05/14/2015,SBA,CA,AWP,WE,Combined TRACON& Tower with Radar,12,60,60,6,138,0,1,18,0,19,12,61,78,6,157,42,2,44,201
05/15/2015,SBA,CA,AWP,WE,Combined TRACON& Tower with Radar,12,69,42,0,123,0,1,40,2,43,12,70,82,2,166,116,0,116,282
05/16/2015,SBA,CA,AWP,WE,Combined TRACON& Tower with Radar,10,48,40,0,98,0,0,76,2,78,10,48,116,2,176,154,0,154,330
05/17/2015,SBA,CA,AWP,WE,Combined TRACON& Tower with Radar,10,58,54,2,124,0,0,63,0,63,10,58,117,2,187,92,0,92,279
05/18/2015,SBA,CA,AWP,WE,Combined TRACON& Tower with Radar,10,66,29,6,111,0,0,43,1,44,10,66,72,7,155,74,12,86,241
05/19/2015,SBA,CA,AWP,WE,Combined TRACON& Tower with Radar,10,61,34,1,106,0,7,117,4,128,10,68,151,5,234,80,0,80,314
05/20/2015,SBA,CA,AWP,WE,Combined TRACON& Tower with Radar,12,61,46,1,120,0,8,89,4,101,12,69,135,5,221,110,0,110,331
05/21/2015,SBA,CA,AWP,WE,Combined TRACON& Tower with Radar,13,64,77,8,162,0,17,74,16,107,13,81,151,24,269,82,0,82,351
05/22/2015,SBA,CA,AWP,WE,Combined TRACON& Tower with Radar,13,73,47,4,137,0,14,68,4,86,13,87,115,8,223,177,0,177,400
05/23/2015,SBA,CA,AWP,WE,Combined TRACON& Tower with Radar,11,39,41,0,91,0,21,134,6,161,11,60,175,6,252,0,0,0,252
05/24/2015,SBA,CA,AWP,WE,Combined TRACON& Tower with Radar,15,42,45,1,103,0,18,98,3,119,15,60,143,4,222,60,0,60,282
05/25/2015,SBA,CA,AWP,WE,Combined TRACON& Tower with Radar,11,77,73,2,163,0,22,79,0,101,11,99,152,2,264,106,0,106,370
05/26/2015,SBA,CA,AWP,WE,Combined TRACON& Tower with Radar,10,58,43,2,113,0,22,32,3,57,10,80,75,5,170,62,0,62,232
05/27/2015,SBA,CA,AWP,WE,Combined TRACON& Tower with Radar,11,64,52,1,128,0,21,61,0,82,11,85,113,1,210,102,0,102,312
05/28/2015,SBA,CA,AWP,WE,Combined TRACON& Tower with Radar,10,69,41,3,123,0,22,91,0,113,10,91,132,3,236,62,0,62,298
05/29/2015,SBA,CA,AWP,WE,Combined TRACON& Tower with Radar,14,59,65,2,140,0,11,66,0,77,14,70,131,2,217,44,0,44,261
05/30/2015,SBA,CA,AWP,WE,Combined TRACON& Tower with Radar,11,49,68,0,128,0,9,54,0,63,11,58,122,0,191,60,0,60,251
05/31/2015,SBA,CA,AWP,WE,Combined TRACON& Tower with Radar,10,65,68,0,143,0,6,36,0,42,10,71,104,0,185,68,0,68,253
06/01/2015,SBA,CA,AWP,WE,Combined TRACON& Tower with Radar,10,66,66,3,145,0,20,61,5,86,10,86,127,8,231,168,0,168,399
06/02/2015,SBA,CA,AWP,WE,Combined TRACON& Tower with Radar,14,56,27,0,97,0,15,81,0,96,14,71,108,0,193,140,0,140,333
06/03/2015,SBA,CA,AWP,WE,Combined TRACON& Tower with Radar,12,64,59,0,135,0,16,46,0,62,12,80,105,0,197,114,0,114,311
06/04/2015,SBA,CA,AWP,WE,Combined TRACON& Tower with Radar,11,68,65,12,156,0,16,32,0,48,11,84,97,12,204,94,4,98,302
06/05/2015,SBA,CA,AWP,WE,Combined TRACON& Tower with Radar,10,69,60,0,139,0,17,55,3,75,10,86,115,3,214,138,0,138,352
06/06/2015,SBA,CA,AWP,WE,Combined TRACON& Tower with Radar,12,34,34,4,84,0,14,89,0,103,12,48,123,4,187,124,0,124,311
06/07/2015,SBA,CA,AWP,WE,Combined TRACON& Tower with Radar,9,57,37,0,103,0,10,89,9,108,9,67,126,9,211,82,0,82,293
06/08/2015,SBA,CA,AWP,WE,Combined TRACON& Tower with Radar,12,64,50,2,128,0,5,73,3,81,12,69,123,5,209,90,0,90,299
06/09/2015,SBA,CA,AWP,WE,Combined TRACON& Tower with Radar,11,59,41,4,115,0,5,19,0,24,11,64,60,4,139,88,2,90,229
06/10/2015,SBA,CA,AWP,WE,Combined TRACON& Tower with Radar,12,60,95,2,169,0,4,12,0,16,12,64,107,2,185,114,0,114,299
06/11/2015,SBA,CA,AWP,WE,Combined TRACON& Tower with Radar,12,71,102,4,189,0,3,11,2,16,12,74,113,6,205,62,0,62,267
06/12/2015,SBA,CA,AWP,WE,Combined TRACON& Tower with Radar,11,57,93,5,166,0,4,31,2,37,11,61,124,7,203,0,0,0,203
06/13/2015,SBA,CA,AWP,WE,Combined TRACON& Tower with Radar,12,29,69,2,112,0,3,30,0,33,12,32,99,2,145,108,0,108,253
06/14/2015,SBA,CA,AWP,WE,Combined TRACON& Tower with Radar,12,47,91,2,152,0,0,37,0,37,12,47,128,2,189,88,0,88,277
06/15/2015,SBA,CA,AWP,WE,Combined TRACON& Tower with Radar,12,67,60,1,140,0,9,44,1,54,12,76,104,2,194,123,0,123,317
06/16/2015,SBA,CA,AWP,WE,Combined TRACON& Tower with Radar,12,69,50,2,133,0,2,87,2,91,12,71,137,4,224,164,0,164,388
06/17/2015,SBA,CA,AWP,WE,Combined TRACON& Tower with Radar,12,59,46,3,120,0,2,90,2,94,12,61,136,5,214,106,0,106,320
06/18/2015,SBA,CA,AWP,WE,Combined TRACON& Tower with Radar,11,62,53,0,126,0,4,49,1,54,11,66,102,1,180,118,0,118,298
06/19/2015,SBA,CA,AWP,WE,Combined TRACON& Tower with Radar,12,65,45,1,123,0,2,91,6,99,12,67,136,7,222,68,0,68,290
06/20/2015,SBA,CA,AWP,WE,Combined TRACON& Tower with Radar,11,45,22,0,78,0,0,131,0,131,11,45,153,0,209,98,0,98,307
06/21/2015,SBA,CA,AWP,WE,Combined TRACON& Tower with Radar,12,47,30,0,89,0,1,104,0,105,12,48,134,0,194,228,0,228,422
06/22/2015,SBA,CA,AWP,WE,Combined TRACON& Tower with Radar,12,67,24,7,110,0,2,89,1,92,12,69,113,8,202,268,0,268,470
06/23/2015,SBA,CA,AWP,WE,Combined TRACON& Tower with Radar,9,69,38,0,116,0,5,73,2,80,9,74,111,2,196,110,0,110,306
06/24/2015,SBA,CA,AWP,WE,Combined TRACON& Tower with Radar,11,64,49,0,124,0,3,107,2,112,11,67,156,2,236,159,2,161,397
06/25/2015,SBA,CA,AWP,WE,Combined TRACON& Tower with Radar,12,70,45,9,136,0,2,81,0,83,12,72,126,9,219,112,6,118,337
06/26/2015,SBA,CA,AWP,WE,Combined TRACON& Tower with Radar,11,66,47,4,128,0,2,85,1,88,11,68,132,5,216,50,0,50,266
06/27/2015,SBA,CA,AWP,WE,Combined TRACON& Tower with Radar,12,41,31,0,84,0,0,123,0,123,12,41,154,0,207,60,0,60,267
06/28/2015,SBA,CA,AWP,WE,Combined TRACON& Tower with Radar,11,52,43,5,111,0,0,133,3,136,11,52,176,8,247,72,6,78,325
06/29/2015,SBA,CA,AWP,WE,Combined TRACON& Tower with Radar,12,67,33,1,113,0,2,98,2,102,12,69,131,3,215,166,0,166,381
06/30/2015,SBA,CA,AWP,WE,Combined TRACON& Tower with Radar,14,67,36,8,125,0,2,82,3,87,14,69,118,11,212,118,4,122,334
07/01/2015,SBA,CA,AWP,WE,Combined TRACON& Tower with Radar,12,61,44,0,117,0,3,94,0,97,12,64,138,0,214,144,0,144,358
07/02/2015,SBA,CA,AWP,WE,Combined TRACON& Tower with Radar,16,64,42,4,126,0,3,111,0,114,16,67,153,4,240,190,0,190,430
07/03/2015,SBA,CA,AWP,WE,Combined TRACON& Tower with Radar,11,49,69,0,129,0,1,68,0,69,11,50,137,0,198,84,0,84,282
07/04/2015,SBA,CA,AWP,WE,Combined TRACON& Tower with Radar,11,27,20,0,58,0,0,41,0,41,11,27,61,0,99,128,0,128,227
07/05/2015,SBA,CA,AWP,WE,Combined TRACON& Tower with Radar,18,48,93,0,159,0,0,53,0,53,18,48,146,0,212,56,0,56,268
07/06/2015,SBA,CA,AWP,WE,Combined TRACON& Tower with Radar,12,64,85,4,165,0,3,46,0,49,12,67,131,4,214,138,0,138,352
07/07/2015,SBA,CA,AWP,WE,Combined TRACON& Tower with Radar,13,70,44,12,139,0,4,51,3,58,13,74,95,15,197,140,4,144,341
07/08/2015,SBA,CA,AWP,WE,Combined TRACON& Tower with Radar,14,68,78,12,172,0,4,52,0,56,14,72,130,12,228,154,8,162,390
07/09/2015,SBA,CA,AWP,WE,Combined TRACON& Tower with Radar,14,73,37,0,124,0,0,86,0,86,14,73,123,0,210,156,0,156,366
07/10/2015,SBA,CA,AWP,WE,Combined TRACON& Tower with Radar,14,69,40,2,125,0,3,89,8,100,14,72,129,10,225,84,0,84,309
07/11/2015,SBA,CA,AWP,WE,Combined TRACON& Tower with Radar,13,46,17,3,79,0,1,123,3,127,13,47,140,6,206,92,0,92,298
07/12/2015,SBA,CA,AWP,WE,Combined TRACON& Tower with Radar,15,59,45,0,119,0,0,127,2,129,15,59,172,2,248,146,0,146,394
07/13/2015,SBA,CA,AWP,WE,Combined TRACON& Tower with Radar,13,69,36,2,120,0,6,98,2,106,13,75,134,4,226,94,6,100,326
07/14/2015,SBA,CA,AWP,WE,Combined TRACON& Tower with Radar,12,72,44,8,136,0,2,93,5,100,12,74,137,13,236,139,0,139,375
07/15/2015,SBA,CA,AWP,WE,Combined TRACON& Tower with Radar,12,72,67,2,153,0,1,57,0,58,12,73,124,2,211,138,0,138,349
07/16/2015,SBA,CA,AWP,WE,Combined TRACON& Tower with Radar,14,72,74,2,162,0,0,59,0,59,14,72,133,2,221,180,0,180,401
07/17/2015,SBA,CA,AWP,WE,Combined TRACON& Tower with Radar,14,68,77,1,160,0,2,75,3,80,14,70,152,4,240,80,0,80,320
07/18/2015,SBA,CA,AWP,WE,Combined TRACON& Tower with Radar,16,47,26,0,89,0,1,63,2,66,16,48,89,2,155,122,0,122,277
07/19/2015,SBA,CA,AWP,WE,Combined TRACON& Tower with Radar,16,51,54,1,122,0,0,52,1,53,16,51,106,2,175,136,0,136,311
07/20/2015,SBA,CA,AWP,WE,Combined TRACON& Tower with Radar,13,68,39,2,122,0,0,51,4,55,13,68,90,6,177,158,4,162,339
07/21/2015,SBA,CA,AWP,WE,Combined TRACON& Tower with Radar,12,69,86,4,171,0,0,26,0,26,12,69,112,4,197,46,0,46,243
07/22/2015,SBA,CA,AWP,WE,Combined TRACON& Tower with Radar,13,64,56,2,135,0,0,24,0,24,13,64,80,2,159,84,0,84,243
07/23/2015,SBA,CA,AWP,WE,Combined TRACON& Tower with Radar,12,75,62,2,151,0,1,25,0,26,12,76,87,2,177,116,0,116,293
07/24/2015,SBA,CA,AWP,WE,Combined TRACON& Tower with Radar,14,65,47,0,126,0,0,115,0,115,14,65,162,0,241,110,0,110,351
07/25/2015,SBA,CA,AWP,WE,Combined TRACON& Tower with Radar,14,44,40,0,98,0,0,128,0,128,14,44,168,0,226,30,0,30,256
07/26/2015,SBA,CA,AWP,WE,Combined TRACON& Tower with Radar,16,53,50,0,119,0,1,120,0,121,16,54,170,0,240,54,0,54,294
07/27/2015,SBA,CA,AWP,WE,Combined TRACON& Tower with Radar,14,65,46,4,129,0,2,61,4,67,14,67,107,8,196,196,0,196,392
07/28/2015,SBA,CA,AWP,WE,Combined TRACON& Tower with Radar,14,57,44,1,116,0,1,70,4,75,14,58,114,5,191,124,0,124,315
07/29/2015,SBA,CA,AWP,WE,Combined TRACON& Tower with Radar,15,69,74,6,164,0,0,78,5,83,15,69,152,11,247,46,0,46,293
07/30/2015,SBA,CA,AWP,WE,Combined TRACON& Tower with Radar,14,68,58,5,145,0,5,85,3,93,14,73,143,8,238,100,0,100,338
07/31/2015,SBA,CA,AWP,WE,Combined TRACON& Tower with Radar,14,64,53,6,137,0,2,100,2,104,14,66,153,8,241,68,0,68,309
08/01/2015,SBA,CA,AWP,WE,Combined TRACON& Tower with Radar,14,41,49,0,104,0,0,103,0,103,14,41,152,0,207,102,0,102,309
08/02/2015,SBA,CA,AWP,WE,Combined TRACON& Tower with Radar,16,45,34,0,95,0,0,95,2,97,16,45,129,2,192,82,0,82,274
08/03/2015,SBA,CA,AWP,WE,Combined TRACON& Tower with Radar,14,65,46,2,127,0,2,90,3,95,14,67,136,5,222,120,0,120,342
08/04/2015,SBA,CA,AWP,WE,Combined TRACON& Tower with Radar,14,73,34,2,123,0,2,93,0,95,14,75,127,2,218,170,0,170,388
08/05/2015,SBA,CA,AWP,WE,Combined TRACON& Tower with Radar,14,71,46,9,140,0,5,105,1,111,14,76,151,10,251,136,2,138,389
08/06/2015,SBA,CA,AWP,WE,Combined TRACON& Tower with Radar,14,74,45,7,140,0,3,96,3,102,14,77,141,10,242,152,16,168,410
08/07/2015,SBA,CA,AWP,WE,Combined TRACON& Tower with Radar,14,69,47,2,132,0,2,74,0,76,14,71,121,2,208,64,0,64,272
08/08/2015,SBA,CA,AWP,WE,Combined TRACON& Tower with Radar,11,46,56,2,115,0,0,91,0,91,11,46,147,2,206,90,0,90,296
08/09/2015,SBA,CA,AWP,WE,Combined TRACON& Tower with Radar,16,49,61,0,126,0,0,85,1,86,16,49,146,1,212,64,0,64,276
08/10/2015,SBA,CA,AWP,WE,Combined TRACON& Tower with Radar,14,69,60,3,146,0,2,53,0,55,14,71,113,3,201,150,0,150,351
08/11/2015,SBA,CA,AWP,WE,Combined TRACON& Tower with Radar,14,70,35,4,123,0,6,84,2,92,14,76,119,6,215,78,4,82,297
08/12/2015,SBA,CA,AWP,WE,Combined TRACON& Tower with Radar,13,72,48,4,137,0,6,107,3,116,13,78,155,7,253,108,0,108,361
08/13/2015,SBA,CA,AWP,WE,Combined TRACON& Tower with Radar,14,68,34,3,119,0,0,110,0,110,14,68,144,3,229,108,0,108,337
08/14/2015,SBA,CA,AWP,WE,Combined TRACON& Tower with Radar,12,69,45,0,126,0,0,95,7,102,12,69,140,7,228,94,0,94,322
08/15/2015,SBA,CA,AWP,WE,Combined TRACON& Tower with Radar,14,38,32,0,84,0,0,116,1,117,14,38,148,1,201,102,0,102,303
08/16/2015,SBA,CA,AWP,WE,Combined TRACON& Tower with Radar,16,47,50,0,113,0,1,92,0,93,16,48,142,0,206,140,0,140,346
08/17/2015,SBA,CA,AWP,WE,Combined TRACON& Tower with Radar,15,63,55,5,138,0,0,53,2,55,15,63,108,7,193,144,8,152,345
08/18/2015,SBA,CA,AWP,WE,Combined TRACON& Tower with Radar,14,69,55,1,139,0,0,61,3,64,14,69,116,4,203,56,0,56,259
08/19/2015,SBA,CA,AWP,WE,Combined TRACON& Tower with Radar,14,66,54,5,139,0,0,39,0,39,14,66,93,5,178,62,0,62,240
08/20/2015,SBA,CA,AWP,WE,Combined TRACON& Tower with Radar,16,76,64,4,160,0,0,68,2,70,16,76,132,6,230,150,4,154,384
08/21/2015,SBA,CA,AWP,WE,Combined TRACON& Tower with Radar,16,63,70,2,151,0,2,73,0,75,16,65,143,2,226,58,0,58,284
08/22/2015,SBA,CA,AWP,WE,Combined TRACON& Tower with Radar,15,39,37,0,91,0,0,84,0,84,15,39,121,0,175,96,0,96,271
08/23/2015,SBA,CA,AWP,WE,Combined TRACON& Tower with Radar,15,58,53,0,126,0,2,126,4,132,15,60,179,4,258,104,0,104,362
08/24/2015,SBA,CA,AWP,WE,Combined TRACON& Tower with Radar,16,62,50,0,128,0,1,91,5,97,16,63,141,5,225,102,0,102,327
08/25/2015,SBA,CA,AWP,WE,Combined TRACON& Tower with Radar,14,64,29,2,109,0,0,98,6,104,14,64,127,8,213,122,0,122,335
08/26/2015,SBA,CA,AWP,WE,Combined TRACON& Tower with Radar,13,78,53,9,153,0,0,96,3,99,13,78,149,12,252,110,2,112,364
08/27/2015,SBA,CA,AWP,WE,Combined TRACON& Tower with Radar,16,75,37,1,129,0,1,97,3,101,16,76,134,4,230,120,0,120,350
08/28/2015,SBA,CA,AWP,WE,Combined TRACON& Tower with Radar,16,61,36,0,113,0,0,193,10,203,16,61,229,10,316,8,0,8,324
08/29/2015,SBA,CA,AWP,WE,Combined TRACON& Tower with Radar,15,42,26,0,83,0,1,141,8,150,15,43,167,8,233,114,0,114,347
08/30/2015,SBA,CA,AWP,WE,Combined TRACON& Tower with Radar,17,49,62,0,128,0,1,150,2,153,17,50,212,2,281,104,0,104,385
08/31/2015,SBA,CA,AWP,WE,Combined TRACON& Tower with Radar,15,61,30,9,115,0,0,55,1,56,15,61,85,10,171,48,2,50,221
09/01/2015,SBA,CA,AWP,WE,Combined TRACON& Tower with Radar,14,68,30,2,114,0,0,38,0,38,14,68,68,2,152,100,0,100,252
09/02/2015,SBA,CA,AWP,WE,Combined TRACON& Tower with Radar,14,71,25,7,117,0,1,62,4,67,14,72,87,11,184,124,0,124,308
09/03/2015,SBA,CA,AWP,WE,Combined TRACON& Tower with Radar,15,67,50,2,134,0,0,72,3,75,15,67,122,5,209,120,0,120,329
09/04/2015,SBA,CA,AWP,WE,Combined TRACON& Tower with Radar,15,69,42,0,126,0,3,88,2,93,15,72,130,2,219,70,0,70,289
09/05/2015,SBA,CA,AWP,WE,Combined TRACON& Tower with Radar,14,36,17,0,67,0,0,99,0,99,14,36,116,0,166,114,0,114,280
09/06/2015,SBA,CA,AWP,WE,Combined TRACON& Tower with Radar,12,32,27,0,71,0,0,129,0,129,12,32,156,0,200,80,0,80,280
09/07/2015,SBA,CA,AWP,WE,Combined TRACON& Tower with Radar,14,55,56,2,127,0,1,245,3,249,14,56,301,5,376,0,0,0,376
09/08/2015,SBA,CA,AWP,WE,Combined TRACON& Tower with Radar,20,56,33,9,118,0,0,59,1,60,20,56,92,10,178,90,2,92,270
09/09/2015,SBA,CA,AWP,WE,Combined TRACON& Tower with Radar,14,67,25,10,116,0,1,84,3,88,14,68,109,13,204,0,0,0,204
09/10/2015,SBA,CA,AWP,WE,Combined TRACON& Tower with Radar,13,76,34,9,132,0,3,73,7,83,13,79,107,16,215,214,6,220,435
09/11/2015,SBA,CA,AWP,WE,Combined TRACON& Tower with Radar,17,63,39,0,119,0,0,196,10,206,17,63,235,10,325,0,0,0,325
09/12/2015,SBA,CA,AWP,WE,Combined TRACON& Tower with Radar,15,28,28,0,71,0,0,106,4,110,15,28,134,4,181,80,0,80,261
09/13/2015,SBA,CA,AWP,WE,Combined TRACON& Tower with Radar,13,62,38,0,113,0,0,90,4,94,13,62,128,4,207,68,0,68,275
09/14/2015,SBA,CA,AWP,WE,Combined TRACON& Tower with Radar,16,60,42,0,118,0,0,142,2,144,16,60,184,2,262,0,0,0,262
09/15/2015,SBA,CA,AWP,WE,Combined TRACON& Tower with Radar,15,69,65,0,149,0,2,15,1,18,15,71,80,1,167,95,0,95,262
09/16/2015,SBA,CA,AWP,WE,Combined TRACON& Tower with Radar,12,73,46,2,133,0,1,72,0,73,12,74,118,2,206,156,2,158,364
09/17/2015,SBA,CA,AWP,WE,Combined TRACON& Tower with Radar,17,64,49,3,133,0,2,105,1,108,17,66,154,4,241,110,0,110,351
09/18/2015,SBA,CA,AWP,WE,Combined TRACON& Tower with Radar,17,71,30,2,120,0,2,180,0,182,17,73,210,2,302,0,0,0,302
09/19/2015,SBA,CA,AWP,WE,Combined TRACON& Tower with Radar,15,38,23,0,76,0,1,116,0,117,15,39,139,0,193,104,0,104,297
09/20/2015,SBA,CA,AWP,WE,Combined TRACON& Tower with Radar,12,44,54,3,113,0,0,121,3,124,12,44,175,6,237,62,0,62,299
09/21/2015,SBA,CA,AWP,WE,Combined TRACON& Tower with Radar,17,63,35,1,116,0,2,73,1,76,17,65,108,2,192,86,0,86,278
09/22/2015,SBA,CA,AWP,WE,Combined TRACON& Tower with Radar,16,71,65,2,154,0,0,26,1,27,16,71,91,3,181,66,0,66,247
09/23/2015,SBA,CA,AWP,WE,Combined TRACON& Tower with Radar,12,67,43,0,122,0,6,64,0,70,12,73,107,0,192,174,0,174,366
09/24/2015,SBA,CA,AWP,WE,Combined TRACON& Tower with Radar,13,72,45,2,132,0,2,107,1,110,13,74,152,3,242,228,0,228,470
09/25/2015,SBA,CA,AWP,WE,Combined TRACON& Tower with Radar,13,86,59,0,158,0,3,117,0,120,13,89,176,0,278,80,0,80,358
09/26/2015,SBA,CA,AWP,WE,Combined TRACON& Tower with Radar,15,29,18,0,62,0,2,80,0,82,15,31,98,0,144,112,0,112,256
09/27/2015,SBA,CA,AWP,WE,Combined TRACON& Tower with Radar,12,68,51,0,131,0,4,116,0,120,12,72,167,0,251,72,0,72,323
09/28/2015,SBA,CA,AWP,WE,Combined TRACON& Tower with Radar,15,71,39,0,125,0,0,210,4,214,15,71,249,4,339,0,0,0,339
09/29/2015,SBA,CA,AWP,WE,Combined TRACON& Tower with Radar,14,64,28,4,110,0,3,105,3,111,14,67,133,7,221,103,0,103,324
09/30/2015,SBA,CA,AWP,WE,Combined TRACON& Tower with Radar,12,66,33,4,115,0,4,96,3,103,12,70,129,7,218,112,4,116,334
10/01/2015,SBA,CA,AWP,WE,Combined TRACON& Tower with Radar,14,80,36,4,134,0,3,73,3,79,14,83,109,7,213,127,0,127,340
10/02/2015,SBA,CA,AWP,WE,Combined TRACON& Tower with Radar,15,84,47,2,148,0,0,96,0,96,15,84,143,2,244,88,0,88,332
10/03/2015,SBA,CA,AWP,WE,Combined TRACON& Tower with Radar,16,41,21,0,78,0,3,97,0,100,16,44,118,0,178,110,0,110,288
10/04/2015,SBA,CA,AWP,WE,Combined TRACON& Tower with Radar,11,60,77,0,148,0,0,16,1,17,11,60,93,1,165,28,0,28,193
10/05/2015,SBA,CA,AWP,WE,Combined TRACON& Tower with Radar,15,75,31,8,129,0,3,72,2,77,15,78,103,10,206,184,6,190,396
10/06/2015,SBA,CA,AWP,WE,Combined TRACON& Tower with Radar,15,69,28,1,113,0,3,75,1,79,15,72,103,2,192,114,2,116,308
10/07/2015,SBA,CA,AWP,WE,Combined TRACON& Tower with Radar,14,70,35,0,119,0,3,87,3,93,14,73,122,3,212,102,0,102,314
10/08/2015,SBA,CA,AWP,WE,Combined TRACON& Tower with Radar,15,79,40,4,138,0,1,76,0,77,15,80,116,4,215,150,0,150,365
10/09/2015,SBA,CA,AWP,WE,Combined TRACON& Tower with Radar,15,62,39,1,117,0,3,104,4,111,15,65,143,5,228,166,0,166,394
10/10/2015,SBA,CA,AWP,WE,Combined TRACON& Tower with Radar,16,39,32,2,89,0,3,80,0,83,16,42,112,2,172,114,0,114,286
10/11/2015,SBA,CA,AWP,WE,Combined TRACON& Tower with Radar,15,46,33,0,94,0,1,114,1,116,15,47,147,1,210,88,0,88,298
10/12/2015,SBA,CA,AWP,WE,Combined TRACON& Tower with Radar,14,73,43,0,130,0,3,92,1,96,14,76,135,1,226,134,0,134,360
10/13/2015,SBA,CA,AWP,WE,Combined TRACON& Tower with Radar,14,77,25,2,118,0,4,66,2,72,14,81,91,4,190,110,0,110,300
10/14/2015,SBA,CA,AWP,WE,Combined TRACON& Tower with Radar,15,84,54,2,155,0,0,29,0,29,15,84,83,2,184,50,0,50,234
10/15/2015,SBA,CA,AWP,WE,Combined TRACON& Tower with Radar,15,80,48,9,152,0,1,23,3,27,15,81,71,12,179,98,2,100,279
10/16/2015,SBA,CA,AWP,WE,Combined TRACON& Tower with Radar,15,79,71,5,170,0,2,41,3,46,15,81,112,8,216,86,0,86,302
10/17/2015,SBA,CA,AWP,WE,Combined TRACON& Tower with Radar,14,44,48,2,108,0,3,55,0,58,14,47,103,2,166,78,0,78,244
10/18/2015,SBA,CA,AWP,WE,Combined TRACON& Tower with Radar,15,59,65,0,139,0,5,58,3,66,15,64,123,3,205,64,0,64,269
10/19/2015,SBA,CA,AWP,WE,Combined TRACON& Tower with Radar,15,69,48,0,132,0,4,57,2,63,15,73,105,2,195,90,0,90,285
10/20/2015,SBA,CA,AWP,WE,Combined TRACON& Tower with Radar,15,67,33,4,119,0,0,70,5,75,15,67,103,9,194,62,0,62,256
10/21/2015,SBA,CA,AWP,WE,Combined TRACON& Tower with Radar,15,66,48,2,131,0,3,119,0,122,15,69,167,2,253,86,0,86,339
10/22/2015,SBA,CA,AWP,WE,Combined TRACON& Tower with Radar,14,73,47,0,134,0,2,85,2,89,14,75,132,2,223,138,0,138,361
10/23/2015,SBA,CA,AWP,WE,Combined TRACON& Tower with Radar,15,66,69,0,150,0,0,136,1,137,15,66,205,1,287,108,0,108,395
10/24/2015,SBA,CA,AWP,WE,Combined TRACON& Tower with Radar,16,38,37,0,91,0,0,113,1,114,16,38,150,1,205,142,0,142,347
10/25/2015,SBA,CA,AWP,WE,Combined TRACON& Tower with Radar,16,51,52,1,120,0,0,114,5,119,16,51,166,6,239,102,0,102,341
10/26/2015,SBA,CA,AWP,WE,Combined TRACON& Tower with Radar,17,58,31,2,108,0,1,90,4,95,17,59,121,6,203,88,0,88,291
10/27/2015,SBA,CA,AWP,WE,Combined TRACON& Tower with Radar,15,63,31,5,114,0,4,59,7,70,15,67,90,12,184,64,0,64,248
10/28/2015,SBA,CA,AWP,WE,Combined TRACON& Tower with Radar,16,66,30,2,114,0,4,64,3,71,16,70,94,5,185,106,2,108,293
10/29/2015,SBA,CA,AWP,WE,Combined TRACON& Tower with Radar,18,81,44,1,144,0,8,79,0,87,18,89,123,1,231,142,0,142,373
10/30/2015,SBA,CA,AWP,WE,Combined TRACON& Tower with Radar,16,74,38,2,130,0,0,87,1,88,16,74,125,3,218,98,0,98,316
10/31/2015,SBA,CA,AWP,WE,Combined TRACON& Tower with Radar,14,45,24,4,87,0,2,112,1,115,14,47,136,5,202,112,2,114,316
11/01/2015,SBA,CA,AWP,WE,Combined TRACON& Tower with Radar,15,64,47,0,126,0,0,106,0,106,15,64,153,0,232,42,0,42,274
11/02/2015,SBA,CA,AWP,WE,Combined TRACON& Tower with Radar,15,60,32,0,107,0,1,67,2,70,15,61,99,2,177,0,0,0,177
11/03/2015,SBA,CA,AWP,WE,Combined TRACON& Tower with Radar,12,69,27,3,111,0,4,42,3,49,12,73,69,6,160,46,0,46,206
11/04/2015,SBA,CA,AWP,WE,Combined TRACON& Tower with Radar,13,71,32,7,123,0,3,59,0,62,13,74,91,7,185,138,4,142,327
11/05/2015,SBA,CA,AWP,WE,Combined TRACON& Tower with Radar,15,74,35,2,126,0,1,86,2,89,15,75,121,4,215,82,4,86,301
11/06/2015,SBA,CA,AWP,WE,Combined TRACON& Tower with Radar,15,68,36,0,119,0,1,101,1,103,15,69,137,1,222,38,0,38,260
11/07/2015,SBA,CA,AWP,WE,Combined TRACON& Tower with Radar,10,37,31,2,80,0,0,94,2,96,10,37,125,4,176,48,0,48,224
11/08/2015,SBA,CA,AWP,WE,Combined TRACON& Tower with Radar,15,63,52,0,130,0,0,96,0,96,15,63,148,0,226,118,0,118,344
11/09/2015,SBA,CA,AWP,WE,Combined TRACON& Tower with Radar,15,54,38,0,107,0,0,32,0,32,15,54,70,0,139,63,0,63,202
11/10/2015,SBA,CA,AWP,WE,Combined TRACON& Tower with Radar,15,60,31,1,107,0,3,46,0,49,15,63,77,1,156,38,0,38,194
11/11/2015,SBA,CA,AWP,WE,Combined TRACON& Tower with Radar,14,65,42,0,121,0,5,108,4,117,14,70,150,4,238,40,0,40,278
11/12/2015,SBA,CA,AWP,WE,Combined TRACON& Tower with Radar,12,75,47,7,141,0,1,109,0,110,12,76,156,7,251,132,0,132,383
11/13/2015,SBA,CA,AWP,WE,Combined TRACON& Tower with Radar,14,75,44,0,133,0,3,105,0,108,14,78,149,0,241,56,0,56,297
11/14/2015,SBA,CA,AWP,WE,Combined TRACON& Tower with Radar,9,47,25,2,83,0,1,108,1,110,9,48,133,3,193,45,0,45,238
11/15/2015,SBA,CA,AWP,WE,Combined TRACON& Tower with Radar,15,57,39,2,113,0,0,26,1,27,15,57,65,3,140,71,0,71,211
11/16/2015,SBA,CA,AWP,WE,Combined TRACON& Tower with Radar,15,63,19,2,99,0,0,39,0,39,15,63,58,2,138,118,0,118,256
11/17/2015,SBA,CA,AWP,WE,Combined TRACON& Tower with Radar,13,63,40,3,119,0,9,106,2,117,13,72,146,5,236,217,0,217,453
11/18/2015,SBA,CA,AWP,WE,Combined TRACON& Tower with Radar,14,63,22,5,104,0,5,85,1,91,14,68,107,6,195,124,0,124,319
11/19/2015,SBA,CA,AWP,WE,Combined TRACON& Tower with Radar,9,73,37,1,120,0,4,112,4,120,9,77,149,5,240,106,0,106,346
11/20/2015,SBA,CA,AWP,WE,Combined TRACON& Tower with Radar,12,72,56,2,142,0,4,200,2,206,12,76,256,4,348,0,0,0,348
11/21/2015,SBA,CA,AWP,WE,Combined TRACON& Tower with Radar,11,45,48,0,104,0,0,128,2,130,11,45,176,2,234,99,0,99,333
11/22/2015,SBA,CA,AWP,WE,Combined TRACON& Tower with Radar,15,50,23,0,88,0,1,151,0,152,15,51,174,0,240,0,0,0,240
11/23/2015,SBA,CA,AWP,WE,Combined TRACON& Tower with Radar,13,54,37,8,112,0,1,108,10,119,13,55,145,18,231,0,0,0,231
11/24/2015,SBA,CA,AWP,WE,Combined TRACON& Tower with Radar,12,72,62,3,149,0,3,56,3,62,12,75,118,6,211,132,0,132,343
11/25/2015,SBA,CA,AWP,WE,Combined TRACON& Tower with Radar,12,76,38,2,128,0,4,75,0,79,12,80,113,2,207,106,2,108,315
11/26/2015,SBA,CA,AWP,WE,Combined TRACON& Tower with Radar,9,15,26,0,50,0,0,52,0,52,9,15,78,0,102,22,0,22,124
11/27/2015,SBA,CA,AWP,WE,Combined TRACON& Tower with Radar,10,36,29,0,75,0,1,75,0,76,10,37,104,0,151,22,0,22,173
11/28/2015,SBA,CA,AWP,WE,Combined TRACON& Tower with Radar,13,58,47,0,118,0,0,86,0,86,13,58,133,0,204,50,0,50,254
11/29/2015,SBA,CA,AWP,WE,Combined TRACON& Tower with Radar,9,73,90,0,172,0,12,140,0,152,9,85,230,0,324,108,0,108,432
11/30/2015,SBA,CA,AWP,WE,Combined TRACON& Tower with Radar,10,71,29,4,114,0,0,59,0,59,10,71,88,4,173,94,0,94,267
12/01/2015,SBA,CA,AWP,WE,Combined TRACON& Tower with Radar,12,64,41,0,117,0,0,76,0,76,12,64,117,0,193,135,0,135,328
12/02/2015,SBA,CA,AWP,WE,Combined TRACON& Tower with Radar,10,68,41,6,125,0,0,62,0,62,10,68,103,6,187,132,0,132,319
12/03/2015,SBA,CA,AWP,WE,Combined TRACON& Tower with Radar,10,56,29,2,97,0,1,62,0,63,10,57,91,2,160,80,2,82,242
12/04/2015,SBA,CA,AWP,WE,Combined TRACON& Tower with Radar,10,63,38,8,119,0,0,97,1,98,10,63,135,9,217,76,22,98,315
12/05/2015,SBA,CA,AWP,WE,Combined TRACON& Tower with Radar,1,45,19,0,65,0,2,102,0,104,1,47,121,0,169,148,0,148,317
12/06/2015,SBA,CA,AWP,WE,Combined TRACON& Tower with Radar,10,50,35,0,95,0,5,188,1,194,10,55,223,1,289,0,0,0,289
12/07/2015,SBA,CA,AWP,WE,Combined TRACON& Tower with Radar,10,63,34,2,109,0,0,63,4,67,10,63,97,6,176,96,0,96,272
12/08/2015,SBA,CA,AWP,WE,Combined TRACON& Tower with Radar,10,68,20,6,104,0,5,82,0,87,10,73,102,6,191,86,4,90,281
12/09/2015,SBA,CA,AWP,WE,Combined TRACON& Tower with Radar,10,71,32,9,122,0,0,69,2,71,10,71,101,11,193,100,2,102,295
12/10/2015,SBA,CA,AWP,WE,Combined TRACON& Tower with Radar,10,79,65,0,154,0,0,24,0,24,10,79,89,0,178,38,0,38,216
12/11/2015,SBA,CA,AWP,WE,Combined TRACON& Tower with Radar,10,75,35,0,120,0,1,28,1,30,10,76,63,1,150,32,0,32,182
12/12/2015,SBA,CA,AWP,WE,Combined TRACON& Tower with Radar,3,35,23,0,61,0,2,68,0,70,3,37,91,0,131,136,0,136,267
12/13/2015,SBA,CA,AWP,WE,Combined TRACON& Tower with Radar,9,56,34,2,101,0,0,39,0,39,9,56,73,2,140,76,0,76,216
12/14/2015,SBA,CA,AWP,WE,Combined TRACON& Tower with Radar,9,61,24,0,94,0,0,39,2,41,9,61,63,2,135,96,0,96,231
12/15/2015,SBA,CA,AWP,WE,Combined TRACON& Tower with Radar,8,63,28,6,105,0,0,82,0,82,8,63,110,6,187,94,2,96,283
12/16/2015,SBA,CA,AWP,WE,Combined TRACON& Tower with Radar,10,66,14,5,95,0,7,74,0,81,10,73,88,5,176,46,28,74,250
12/17/2015,SBA,CA,AWP,WE,Combined TRACON& Tower with Radar,13,60,40,7,120,0,6,118,1,125,13,66,158,8,245,78,0,78,323
12/18/2015,SBA,CA,AWP,WE,Combined TRACON& Tower with Radar,12,58,25,2,97,0,3,92,1,96,12,61,117,3,193,80,0,80,273
12/19/2015,SBA,CA,AWP,WE,Combined TRACON& Tower with Radar,14,37,28,0,79,0,0,20,0,20,14,37,48,0,99,80,0,80,179
12/20/2015,SBA,CA,AWP,WE,Combined TRACON& Tower with Radar,12,48,50,3,113,0,2,86,5,93,12,50,136,8,206,114,0,114,320
12/21/2015,SBA,CA,AWP,WE,Combined TRACON& Tower with Radar,10,52,21,2,85,0,0,40,0,40,10,52,61,2,125,72,0,72,197
12/22/2015,SBA,CA,AWP,WE,Combined TRACON& Tower with Radar,14,46,28,4,92,0,1,2,0,3,14,47,30,4,95,56,0,56,151
12/23/2015,SBA,CA,AWP,WE,Combined TRACON& Tower with Radar,18,45,45,2,110,0,0,49,0,49,18,45,94,2,159,108,0,108,267
12/24/2015,SBA,CA,AWP,WE,Combined TRACON& Tower with Radar,14,23,10,0,47,0,2,36,0,38,14,25,46,0,85,34,0,34,119
12/25/2015,SBA,CA,AWP,WE,Combined TRACON& Tower with Radar,11,19,13,0,43,0,1,28,0,29,11,20,41,0,72,6,0,6,78
12/26/2015,SBA,CA,AWP,WE,Combined TRACON& Tower with Radar,13,39,27,0,79,0,7,65,0,72,13,46,92,0,151,46,0,46,197
12/27/2015,SBA,CA,AWP,WE,Combined TRACON& Tower with Radar,15,50,32,0,97,0,2,107,0,109,15,52,139,0,206,54,0,54,260
12/28/2015,SBA,CA,AWP,WE,Combined TRACON& Tower with Radar,14,51,27,5,97,0,0,35,3,38,14,51,62,8,135,18,0,18,153
12/29/2015,SBA,CA,AWP,WE,Combined TRACON& Tower with Radar,12,56,48,0,116,0,2,68,3,73,12,58,116,3,189,74,0,74,263
12/30/2015,SBA,CA,AWP,WE,Combined TRACON& Tower with Radar,15,45,29,2,91,0,6,91,0,97,15,51,120,2,188,64,2,66,254
12/31/2015,SBA,CA,AWP,WE,Combined TRACON& Tower with Radar,17,30,34,0,81,0,0,81,1,82,17,30,115,1,163,82,0,82,245
01/01/2016,SBA,CA,AWP,WE,Combined TRACON& Tower with Radar,14,26,15,0,55,0,0,78,0,78,14,26,93,0,133,44,0,44,177
01/02/2016,SBA,CA,AWP,WE,Combined TRACON& Tower with Radar,11,48,47,0,106,0,3,103,1,107,11,51,150,1,213,64,0,64,277
01/03/2016,SBA,CA,AWP,WE,Combined TRACON& Tower with Radar,17,48,65,0,130,0,1,31,2,34,17,49,96,2,164,80,0,80,244
01/04/2016,SBA,CA,AWP,WE,Combined TRACON& Tower with Radar,16,60,48,2,126,0,0,39,2,41,16,60,87,4,167,40,0,40,207
01/05/2016,SBA,CA,AWP,WE,Combined TRACON& Tower with Radar,16,61,28,2,107,0,1,2,0,3,16,62,30,2,110,22,2,24,134
01/06/2016,SBA,CA,AWP,WE,Combined TRACON& Tower with Radar,11,54,19,2,86,0,0,2,0,2,11,54,21,2,88,16,0,16,104
01/07/2016,SBA,CA,AWP,WE,Combined TRACON& Tower with Radar,15,52,34,2,103,0,0,22,0,22,15,52,56,2,125,62,0,62,187
01/08/2016,SBA,CA,AWP,WE,Combined TRACON& Tower with Radar,13,65,45,0,123,0,0,86,2,88,13,65,131,2,211,96,0,96,307
01/09/2016,SBA,CA,AWP,WE,Combined TRACON& Tower with Radar,10,32,49,1,92,0,0,18,1,19,10,32,67,2,111,104,0,104,215
01/10/2016,SBA,CA,AWP,WE,Combined TRACON& Tower with Radar,11,44,51,0,106,0,0,23,0,23,11,44,74,0,129,104,0,104,233
01/11/2016,SBA,CA,AWP,WE,Combined TRACON& Tower with Radar,10,64,26,6,106,0,0,67,1,68,10,64,93,7,174,82,0,82,256
01/12/2016,SBA,CA,AWP,WE,Combined TRACON& Tower with Radar,10,55,25,6,96,0,1,76,6,83,10,56,101,12,179,72,6,78,257
01/13/2016,SBA,CA,AWP,WE,Combined TRACON& Tower with Radar,11,60,44,0,115,0,0,40,3,43,11,60,84,3,158,112,0,112,270
01/14/2016,SBA,CA,AWP,WE,Combined TRACON& Tower with Radar,12,64,38,13,127,0,2,61,1,64,12,66,99,14,191,72,4,76,267
01/15/2016,SBA,CA,AWP,WE,Combined TRACON& Tower with Radar,10,72,44,0,126,0,2,49,0,51,10,74,93,0,177,116,0,116,293
01/16/2016,SBA,CA,AWP,WE,Combined TRACON& Tower with Radar,12,34,35,0,81,0,0,73,0,73,12,34,108,0,154,146,0,146,300
01/17/2016,SBA,CA,AWP,WE,Combined TRACON& Tower with Radar,12,28,51,2,93,0,0,42,0,42,12,28,93,2,135,12,0,12,147
01/18/2016,SBA,CA,AWP,WE,Combined TRACON& Tower with Radar,11,45,89,2,147,0,1,0,0,1,11,46,89,2,148,0,0,0,148
01/19/2016,SBA,CA,AWP,WE,Combined TRACON& Tower with Radar,11,66,58,3,138,0,0,2,1,3,11,66,60,4,141,0,0,0,141
01/20/2016,SBA,CA,AWP,WE,Combined TRACON& Tower with Radar,10,80,50,0,140,0,1,36,0,37,10,81,86,0,177,96,0,96,273
01/21/2016,SBA,CA,AWP,WE,Combined TRACON& Tower with Radar,12,72,33,3,120,0,0,89,1,90,12,72,122,4,210,164,0,164,374
01/22/2016,SBA,CA,AWP,WE,Combined TRACON& Tower with Radar,11,69,45,2,127,0,1,100,4,105,11,70,145,6,232,94,0,94,326
01/23/2016,SBA,CA,AWP,WE,Combined TRACON& Tower with Radar,7,34,38,2,81,0,1,47,0,48,7,35,85,2,129,58,0,58,187
01/24/2016,SBA,CA,AWP,WE,Combined TRACON& Tower with Radar,13,50,35,0,98,0,3,98,0,101,13,53,133,0,199,202,0,202,401
01/25/2016,SBA,CA,AWP,WE,Combined TRACON& Tower with Radar,11,67,28,2,108,0,2,103,0,105,11,69,131,2,213,76,2,78,291
01/26/2016,SBA,CA,AWP,WE,Combined TRACON& Tower with Radar,11,58,26,3,98,0,2,90,1,93,11,60,116,4,191,130,0,130,321
01/27/2016,SBA,CA,AWP,WE,Combined TRACON& Tower with Radar,13,72,28,1,114,0,0,101,0,101,13,72,129,1,215,58,0,58,273
01/28/2016,SBA,CA,AWP,WE,Combined TRACON& Tower with Radar,12,70,41,1,124,0,0,99,3,102,12,70,140,4,226,62,0,62,288
01/29/2016,SBA,CA,AWP,WE,Combined TRACON& Tower with Radar,12,66,49,0,127,0,1,92,0,93,12,67,141,0,220,82,0,82,302
01/30/2016,SBA,CA,AWP,WE,Combined TRACON& Tower with Radar,11,40,39,2,92,0,1,27,0,28,11,41,66,2,120,92,6,98,218
01/31/2016,SBA,CA,AWP,WE,Combined TRACON& Tower with Radar,15,47,24,0,86,0,0,6,0,6,15,47,30,0,92,28,0,28,120
02/01/2016,SBA,CA,AWP,WE,Combined TRACON& Tower with Radar,12,65,25,0,102,0,0,29,2,31,12,65,54,2,133,60,0,60,193
02/02/2016,SBA,CA,AWP,WE,Combined TRACON& Tower with Radar,12,51,32,5,100,0,0,73,2,75,12,51,105,7,175,90,4,94,269
02/03/2016,SBA,CA,AWP,WE,Combined TRACON& Tower with Radar,11,70,38,10,129,0,0,91,0,91,11,70,129,10,220,156,8,164,384
02/04/2016,SBA,CA,AWP,WE,Combined TRACON& Tower with Radar,12,69,40,11,132,0,0,98,1,99,12,69,138,12,231,94,6,100,331
02/05/2016,SBA,CA,AWP,WE,Combined TRACON& Tower with Radar,12,78,47,0,137,0,1,112,4,117,12,79,159,4,254,108,6,114,368
02/06/2016,SBA,CA,AWP,WE,Combined TRACON& Tower with Radar,11,39,33,1,84,0,3,118,0,121,11,42,151,1,205,129,0,129,334
02/07/2016,SBA,CA,AWP,WE,Combined TRACON& Tower with Radar,11,40,38,2,91,0,3,78,2,83,11,43,116,4,174,42,0,42,216
02/08/2016,SBA,CA,AWP,WE,Combined TRACON& Tower with Radar,12,73,26,6,117,0,1,79,11,91,12,74,105,17,208,136,0,136,344
02/09/2016,SBA,CA,AWP,WE,Combined TRACON& Tower with Radar,11,61,27,11,110,0,0,100,1,101,11,61,127,12,211,70,2,72,283
02/10/2016,SBA,CA,AWP,WE,Combined TRACON& Tower with Radar,11,69,41,6,127,0,2,76,0,78,11,71,117,6,205,64,2,66,271
02/11/2016,SBA,CA,AWP,WE,Combined TRACON& Tower with Radar,13,69,40,6,128,0,0,79,2,81,13,69,119,8,209,152,2,154,363
02/12/2016,SBA,CA,AWP,WE,Combined TRACON& Tower with Radar,14,69,54,6,143,0,0,103,6,109,14,69,157,12,252,124,8,132,384
02/13/2016,SBA,CA,AWP,WE,Combined TRACON& Tower with Radar,10,32,46,0,88,0,1,103,2,106,10,33,149,2,194,28,0,28,222
02/14/2016,SBA,CA,AWP,WE,Combined TRACON& Tower with Radar,19,34,28,0,81,0,0,128,0,128,19,34,156,0,209,94,0,94,303
02/15/2016,SBA,CA,AWP,WE,Combined TRACON& Tower with Radar,13,56,49,0,118,0,2,144,1,147,13,58,193,1,265,184,0,184,449
02/16/2016,SBA,CA,AWP,WE,Combined TRACON& Tower with Radar,13,75,32,1,121,0,0,77,2,79,13,75,109,3,200,102,0,102,302
02/17/2016,SBA,CA,AWP,WE,Combined TRACON& Tower with Radar,13,54,48,11,126,0,0,21,0,21,13,54,69,11,147,34,2,36,183
02/18/2016,SBA,CA,AWP,WE,Combined TRACON& Tower with Radar,13,55,34,0,102,0,0,64,0,64,13,55,98,0,166,52,0,52,218
02/19/2016,SBA,CA,AWP,WE,Combined TRACON& Tower with Radar,14,70,70,2,156,0,1,108,4,113,14,71,178,6,269,100,0,100,369
02/20/2016,SBA,CA,AWP,WE,Combined TRACON& Tower with Radar,12,37,34,0,83,0,2,106,0,108,12,39,140,0,191,118,0,118,309
02/21/2016,SBA,CA,AWP,WE,Combined TRACON& Tower with Radar,14,40,56,0,110,0,0,140,3,143,14,40,196,3,253,82,0,82,335
02/22/2016,SBA,CA,AWP,WE,Combined TRACON& Tower with Radar,13,57,41,2,113,0,1,73,2,76,13,58,114,4,189,110,0,110,299
02/23/2016,SBA,CA,AWP,WE,Combined TRACON& Tower with Radar,16,56,29,6,107,0,0,83,2,85,16,56,112,8,192,68,0,68,260
02/24/2016,SBA,CA,AWP,WE,Combined TRACON& Tower with Radar,15,57,50,4,126,0,2,95,16,113,15,59,145,20,239,106,12,118,357
02/25/2016,SBA,CA,AWP,WE,Combined TRACON& Tower with Radar,13,73,57,7,150,0,0,105,1,106,13,73,162,8,256,98,12,110,366
02/26/2016,SBA,CA,AWP,WE,Combined TRACON& Tower with Radar,14,63,50,0,127,0,1,95,5,101,14,64,145,5,228,118,0,118,346
02/27/2016,SBA,CA,AWP,WE,Combined TRACON& Tower with Radar,11,30,37,0,78,0,3,113,1,117,11,33,150,1,195,130,0,130,325
02/28/2016,SBA,CA,AWP,WE,Combined TRACON& Tower with Radar,11,51,56,3,121,0,1,109,2,112,11,52,165,5,233,66,0,66,299
02/29/2016,SBA,CA,AWP,WE,Combined TRACON& Tower with Radar,14,55,61,1,131,0,0,34,5,39,14,55,95,6,170,36,0,36,206
03/01/2016,SBA,CA,AWP,WE,Combined TRACON& Tower with Radar,11,55,57,13,136,0,0,22,1,23,11,55,79,14,159,42,2,44,203
03/02/2016,SBA,CA,AWP,WE,Combined TRACON& Tower with Radar,12,62,38,0,112,0,1,67,0,68,12,63,105,0,180,42,0,42,222
03/03/2016,SBA,CA,AWP,WE,Combined TRACON& Tower with Radar,14,65,39,5,123,0,0,68,3,71,14,65,107,8,194,84,0,84,278
03/04/2016,SBA,CA,AWP,WE,Combined TRACON& Tower with Radar,14,61,39,2,116,0,0,28,4,32,14,61,67,6,148,100,2,102,250
03/05/2016,SBA,CA,AWP,WE,Combined TRACON& Tower with Radar,7,31,60,2,100,0,0,0,0,0,7,31,60,2,100,0,0,0,100
03/06/2016,SBA,CA,AWP,WE,Combined TRACON& Tower with Radar,14,52,25,0,91,0,0,40,0,40,14,52,65,0,131,22,0,22,153
03/07/2016,SBA,CA,AWP,WE,Combined TRACON& Tower with Radar,15,69,15,0,99,0,0,6,2,8,15,69,21,2,107,12,0,12,119
03/08/2016,SBA,CA,AWP,WE,Combined TRACON& Tower with Radar,14,57,21,1,93,0,6,72,2,80,14,63,93,3,173,60,0,60,233
03/09/2016,SBA,CA,AWP,WE,Combined TRACON& Tower with Radar,13,64,39,3,119,0,1,98,8,107,13,65,137,11,226,96,0,96,322
03/10/2016,SBA,CA,AWP,WE,Combined TRACON& Tower with Radar,14,73,42,6,135,0,4,89,3,96,14,77,131,9,231,42,4,46,277
03/11/2016,SBA,CA,AWP,WE,Combined TRACON& Tower with Radar,14,53,46,2,115,0,0,7,0,7,14,53,53,2,122,30,0,30,152
03/12/2016,SBA,CA,AWP,WE,Combined TRACON& Tower with Radar,9,36,33,2,80,0,0,154,1,155,9,36,187,3,235,72,0,72,307
03/13/2016,SBA,CA,AWP,WE,Combined TRACON& Tower with Radar,12,54,55,0,121,0,0,47,0,47,12,54,102,0,168,86,0,86,254
03/14/2016,SBA,CA,AWP,WE,Combined TRACON& Tower with Radar,13,66,37,3,119,0,2,44,12,58,13,68,81,15,177,132,20,152,329
03/15/2016,SBA,CA,AWP,WE,Combined TRACON& Tower with Radar,14,63,42,0,119,0,0,79,2,81,14,63,121,2,200,134,0,134,334
03/16/2016,SBA,CA,AWP,WE,Combined TRACON& Tower with Radar,16,54,31,2,103,0,2,116,1,119,16,56,147,3,222,88,0,88,310
03/17/2016,SBA,CA,AWP,WE,Combined TRACON& Tower with Radar,14,69,37,3,123,0,2,100,0,102,14,71,137,3,225,56,2,58,283
03/18/2016,SBA,CA,AWP,WE,Combined TRACON& Tower with Radar,14,63,58,0,135,0,0,48,2,50,14,63,106,2,185,72,0,72,257
03/19/2016,SBA,CA,AWP,WE,Combined TRACON& Tower with Radar,10,42,61,2,115,0,0,19,0,19,10,42,80,2,134,12,0,12,146
03/20/2016,SBA,CA,AWP,WE,Combined TRACON& Tower with Radar,12,46,105,0,163,0,0,15,0,15,12,46,120,0,178,0,0,0,178
03/21/2016,SBA,CA,AWP,WE,Combined TRACON& Tower with Radar,14,62,30,0,106,0,1,50,0,51,14,63,80,0,157,74,0,74,231
03/22/2016,SBA,CA,AWP,WE,Combined TRACON& Tower with Radar,12,62,27,0,101,0,5,68,0,73,12,67,95,0,174,144,0,144,318
03/23/2016,SBA,CA,AWP,WE,Combined TRACON& Tower with Radar,13,67,37,3,120,0,0,107,1,108,13,67,144,4,228,148,2,150,378
03/24/2016,SBA,CA,AWP,WE,Combined TRACON& Tower with Radar,13,62,28,6,109,0,1,100,2,103,13,63,128,8,212,128,0,128,340
03/25/2016,SBA,CA,AWP,WE,Combined TRACON& Tower with Radar,16,68,40,2,126,0,1,124,5,130,16,69,164,7,256,46,2,48,304
03/26/2016,SBA,CA,AWP,WE,Combined TRACON& Tower with Radar,11,40,26,0,77,0,2,149,0,151,11,42,175,0,228,110,0,110,338
03/27/2016,SBA,CA,AWP,WE,Combined TRACON& Tower with Radar,14,43,47,0,104,0,0,67,0,67,14,43,114,0,171,20,0,20,191
03/28/2016,SBA,CA,AWP,WE,Combined TRACON& Tower with Radar,14,58,37,2,111,0,0,28,0,28,14,58,65,2,139,58,0,58,197
03/29/2016,SBA,CA,AWP,WE,Combined TRACON& Tower with Radar,12,64,36,6,118,0,0,45,5,50,12,64,81,11,168,60,4,64,232
03/30/2016,SBA,CA,AWP,WE,Combined TRACON& Tower with Radar,15,63,22,8,108,0,0,71,2,73,15,63,93,10,181,92,4,96,277
03/31/2016,SBA,CA,AWP,WE,Combined TRACON& Tower with Radar,15,66,34,4,119,0,1,77,2,80,15,67,111,6,199,32,0,32,231
04/01/2016,SBA,CA,AWP,WE,Combined TRACON& Tower with Radar,15,57,42,1,115,0,0,131,10,141,15,57,173,11,256,36,0,36,292
04/02/2016,SBA,CA,AWP,WE,Combined TRACON& Tower with Radar,8,37,44,0,89,0,3,131,3,137,8,40,175,3,226,62,0,62,288
04/03/2016,SBA,CA,AWP,WE,Combined TRACON& Tower with Radar,13,34,68,0,115,0,2,84,0,86,13,36,152,0,201,116,0,116,317
04/04/2016,SBA,CA,AWP,WE,Combined TRACON& Tower with Radar,14,52,14,8,88,0,1,91,5,97,14,53,105,13,185,66,4,70,255
04/05/2016,SBA,CA,AWP,WE,Combined TRACON& Tower with Radar,17,51,31,5,104,0,1,78,2,81,17,52,109,7,185,196,4,200,385
04/06/2016,SBA,CA,AWP,WE,Combined TRACON& Tower with Radar,22,63,52,6,143,0,5,69,0,74,22,68,121,6,217,126,0,126,343
04/07/2016,SBA,CA,AWP,WE,Combined TRACON& Tower with Radar,17,59,57,4,137,0,1,32,0,33,17,60,89,4,170,136,0,136,306
04/08/2016,SBA,CA,AWP,WE,Combined TRACON& Tower with Radar,18,58,76,5,157,0,0,4,0,4,18,58,80,5,161,38,0,38,199
04/09/2016,SBA,CA,AWP,WE,Combined TRACON& Tower with Radar,16,37,42,0,95,0,0,7,0,7,16,37,49,0,102,42,0,42,144
04/10/2016,SBA,CA,AWP,WE,Combined TRACON& Tower with Radar,14,41,43,0,98,0,1,46,0,47,14,42,89,0,145,82,0,82,227
04/11/2016,SBA,CA,AWP,WE,Combined TRACON& Tower with Radar,18,53,39,2,112,0,2,34,6,42,18,55,73,8,154,108,0,108,262
04/12/2016,SBA,CA,AWP,WE,Combined TRACON& Tower with Radar,19,60,40,1,120,0,2,79,2,83,19,62,119,3,203,108,2,110,313
04/13/2016,SBA,CA,AWP,WE,Combined TRACON& Tower with Radar,19,63,59,6,147,0,1,55,0,56,19,64,114,6,203,104,0,104,307
04/14/2016,SBA,CA,AWP,WE,Combined TRACON& Tower with Radar,18,48,37,0,103,0,1,47,1,49,18,49,84,1,152,130,0,130,282
04/15/2016,SBA,CA,AWP,WE,Combined TRACON& Tower with Radar,18,62,48,2,130,0,0,53,1,54,18,62,101,3,184,58,0,58,242
04/16/2016,SBA,CA,AWP,WE,Combined TRACON& Tower with Radar,16,41,32,0,89,0,2,131,1,134,16,43,163,1,223,178,0,178,401
04/17/2016,SBA,CA,AWP,WE,Combined TRACON& Tower with Radar,15,49,58,0,122,0,0,164,0,164,15,49,222,0,286,118,0,118,404
04/18/2016,SBA,CA,AWP,WE,Combined TRACON& Tower with Radar,16,63,27,3,109,0,0,99,4,103,16,63,126,7,212,78,0,78,290
04/19/2016,SBA,CA,AWP,WE,Combined TRACON& Tower with Radar,18,57,37,2,114,0,0,114,4,118,18,57,151,6,232,180,2,182,414
04/20/2016,SBA,CA,AWP,WE,Combined TRACON& Tower with Radar,20,56,39,0,115,0,0,116,2,118,20,56,155,2,233,112,0,112,345
04/21/2016,SBA,CA,AWP,WE,Combined TRACON& Tower with Radar,18,61,41,5,125,0,0,99,2,101,18,61,140,7,226,100,0,100,326
04/22/2016,SBA,CA,AWP,WE,Combined TRACON& Tower with Radar,17,55,48,4,124,0,0,51,1,52,17,55,99,5,176,42,2,44,220
04/23/2016,SBA,CA,AWP,WE,Combined TRACON& Tower with Radar,15,25,32,0,72,0,2,131,0,133,15,27,163,0,205,62,0,62,267
04/24/2016,SBA,CA,AWP,WE,Combined TRACON& Tower with Radar,15,43,72,0,130,0,0,123,0,123,15,43,195,0,253,190,0,190,443
04/25/2016,SBA,CA,AWP,WE,Combined TRACON& Tower with Radar,17,50,18,0,85,0,0,47,2,49,17,50,65,2,134,22,0,22,156
04/26/2016,SBA,CA,AWP,WE,Combined TRACON& Tower with Radar,18,60,41,0,119,0,0,70,3,73,18,60,111,3,192,94,0,94,286
04/27/2016,SBA,CA,AWP,WE,Combined TRACON& Tower with Radar,21,54,32,6,113,0,2,30,5,37,21,56,62,11,150,90,6,96,246
04/28/2016,SBA,CA,AWP,WE,Combined TRACON& Tower with Radar,17,71,35,4,127,0,1,58,3,62,17,72,93,7,189,78,0,78,267
04/29/2016,SBA,CA,AWP,WE,Combined TRACON& Tower with Radar,17,60,40,0,117,0,3,81,4,88,17,63,121,4,205,112,0,112,317
04/30/2016,SBA,CA,AWP,WE,Combined TRACON& Tower with Radar,17,30,47,0,94,0,0,137,1,138,17,30,184,1,232,104,0,104,336
05/01/2016,SBA,CA,AWP,WE,Combined TRACON& Tower with Radar,16,35,48,0,99,0,1,146,2,149,16,36,194,2,248,122,0,122,370
05/02/2016,SBA,CA,AWP,WE,Combined TRACON& Tower with Radar,17,61,44,0,122,0,1,58,0,59,17,62,102,0,181,50,0,50,231
05/03/2016,SBA,CA,AWP,WE,Combined TRACON& Tower with Radar,17,57,39,5,118,0,5,73,3,81,17,62,112,8,199,82,0,82,281
05/04/2016,SBA,CA,AWP,WE,Combined TRACON& Tower with Radar,18,72,42,0,132,0,2,30,0,32,18,74,72,0,164,52,0,52,216
05/05/2016,SBA,CA,AWP,WE,Combined TRACON& Tower with Radar,17,57,57,5,136,0,3,46,0,49,17,60,103,5,185,86,0,86,271
05/06/2016,SBA,CA,AWP,WE,Combined TRACON& Tower with Radar,14,54,69,2,139,0,2,49,2,53,14,56,118,4,192,115,0,115,307
05/07/2016,SBA,CA,AWP,WE,Combined TRACON& Tower with Radar,16,25,40,1,82,0,0,70,0,70,16,25,110,1,152,134,0,134,286
05/08/2016,SBA,CA,AWP,WE,Combined TRACON& Tower with Radar,19,36,63,1,119,0,0,65,0,65,19,36,128,1,184,158,0,158,342
05/09/2016,SBA,CA,AWP,WE,Combined TRACON& Tower with Radar,14,56,50,7,127,0,3,29,9,41,14,59,79,16,168,108,0,108,276
05/10/2016,SBA,CA,AWP,WE,Combined TRACON& Tower with Radar,14,58,80,1,153,0,2,17,1,20,14,60,97,2,173,114,0,114,287
05/11/2016,SBA,CA,AWP,WE,Combined TRACON& Tower with Radar,15,65,52,4,136,0,0,39,2,41,15,65,91,6,177,85,0,85,262
05/12/2016,SBA,CA,AWP,WE,Combined TRACON& Tower with Radar,15,61,80,4,160,0,19,88,0,107,15,80,168,4,267,58,0,58,325
05/13/2016,SBA,CA,AWP,WE,Combined TRACON& Tower with Radar,16,64,80,0,160,0,2,94,4,100,16,66,174,4,260,115,0,115,375
05/14/2016,SBA,CA,AWP,WE,Combined TRACON& Tower with Radar,19,34,68,0,121,0,0,81,2,83,19,34,149,2,204,58,0,58,262
05/15/2016,SBA,CA,AWP,WE,Combined TRACON& Tower with Radar,19,42,69,1,131,0,1,113,6,120,19,43,182,7,251,184,0,184,435
05/16/2016,SBA,CA,AWP,WE,Combined TRACON& Tower with Radar,12,48,49,0,109,0,0,75,1,76,12,48,124,1,185,56,0,56,241
05/17/2016,SBA,CA,AWP,WE,Combined TRACON& Tower with Radar,13,55,62,0,130,0,1,39,2,42,13,56,101,2,172,85,0,85,257
05/18/2016,SBA,CA,AWP,WE,Combined TRACON& Tower with Radar,15,67,107,9,198,0,1,5,0,6,15,68,112,9,204,0,0,0,204
05/19/2016,SBA,CA,AWP,WE,Combined TRACON& Tower with Radar,14,56,75,2,147,0,1,17,0,18,14,57,92,2,165,66,0,66,231
05/20/2016,SBA,CA,AWP,WE,Combined TRACON& Tower with Radar,14,55,49,0,118,0,0,68,0,68,14,55,117,0,186,80,0,80,266
05/21/2016,SBA,CA,AWP,WE,Combined TRACON& Tower with Radar,16,40,27,0,83,0,2,102,3,107,16,42,129,3,190,145,0,145,335
05/22/2016,SBA,CA,AWP,WE,Combined TRACON& Tower with Radar,17,50,55,4,126,0,0,124,0,124,17,50,179,4,250,160,0,160,410
05/23/2016,SBA,CA,AWP,WE,Combined TRACON& Tower with Radar,14,58,35,5,112,0,4,79,0,83,14,62,114,5,195,106,0,106,301
05/24/2016,SBA,CA,AWP,WE,Combined TRACON& Tower with Radar,14,65,45,0,124,0,4,77,2,83,14,69,122,2,207,72,0,72,279
05/25/2016,SBA,CA,AWP,WE,Combined TRACON& Tower with Radar,13,61,38,0,112,0,0,61,0,61,13,61,99,0,173,50,0,50,223
05/26/2016,SBA,CA,AWP,WE,Combined TRACON& Tower with Radar,14,63,56,6,139,0,2,100,1,103,14,65,156,7,242,32,0,32,274
05/27/2016,SBA,CA,AWP,WE,Combined TRACON& Tower with Radar,12,77,45,3,137,0,2,113,1,116,12,79,158,4,253,88,0,88,341
05/28/2016,SBA,CA,AWP,WE,Combined TRACON& Tower with Radar,16,54,56,0,126,0,2,28,0,30,16,56,84,0,156,88,0,88,244
05/29/2016,SBA,CA,AWP,WE,Combined TRACON& Tower with Radar,15,27,51,0,93,0,2,20,0,22,15,29,71,0,115,14,0,14,129
05/30/2016,SBA,CA,AWP,WE,Combined TRACON& Tower with Radar,14,60,101,2,177,0,4,46,1,51,14,64,147,3,228,26,0,26,254
05/31/2016,SBA,CA,AWP,WE,Combined TRACON& Tower with Radar,14,64,72,2,152,0,0,12,0,12,14,64,84,2,164,20,0,20,184
06/01/2016,SBA,CA,AWP,WE,Combined TRACON& Tower with Radar,15,66,66,9,156,0,0,16,1,17,15,66,82,10,173,110,4,114,287
06/02/2016,SBA,CA,AWP,WE,Combined TRACON& Tower with Radar,16,79,54,2,151,8,0,20,0,28,24,79,74,2,179,0,0,0,179
06/03/2016,SBA,CA,AWP,WE,Combined TRACON& Tower with Radar,13,68,50,1,132,10,1,63,1,75,23,69,113,2,207,0,0,0,207
06/04/2016,SBA,CA,AWP,WE,Combined TRACON& Tower with Radar,18,39,57,0,114,0,0,66,0,66,18,39,123,0,180,74,0,74,254
06/05/2016,SBA,CA,AWP,WE,Combined TRACON& Tower with Radar,21,46,60,0,127,0,1,53,2,56,21,47,113,2,183,102,0,102,285
06/06/2016,SBA,CA,AWP,WE,Combined TRACON& Tower with Radar,15,60,60,2,137,0,4,23,2,29,15,64,83,4,166,10,0,10,176
06/07/2016,SBA,CA,AWP,WE,Combined TRACON& Tower with Radar,16,59,62,6,143,0,0,32,3,35,16,59,94,9,178,86,0,86,264
06/08/2016,SBA,CA,AWP,WE,Combined TRACON& Tower with Radar,16,65,69,5,155,0,1,52,6,59,16,66,121,11,214,76,12,88,302
06/09/2016,SBA,CA,AWP,WE,Combined TRACON& Tower with Radar,17,71,47,3,138,128,2,64,3,197,145,73,111,6,335,0,0,0,335
06/10/2016,SBA,CA,AWP,WE,Combined TRACON& Tower with Radar,14,70,61,4,149,0,4,70,2,76,14,74,131,6,225,72,0,72,297
06/11/2016,SBA,CA,AWP,WE,Combined TRACON& Tower with Radar,17,34,55,0,106,34,0,23,0,57,51,34,78,0,163,0,0,0,163
06/12/2016,SBA,CA,AWP,WE,Combined TRACON& Tower with Radar,17,42,71,6,136,0,0,60,0,60,17,42,131,6,196,82,0,82,278
06/13/2016,SBA,CA,AWP,WE,Combined TRACON& Tower with Radar,13,60,55,5,133,0,3,69,5,77,13,63,124,10,210,46,0,46,256
06/14/2016,SBA,CA,AWP,WE,Combined TRACON& Tower with Radar,19,58,51,2,130,0,0,42,4,46,19,58,93,6,176,54,0,54,230
06/15/2016,SBA,CA,AWP,WE,Combined TRACON& Tower with Radar,17,70,23,0,110,0,8,64,2,74,17,78,87,2,184,64,0,64,248
06/16/2016,SBA,CA,AWP,WE,Combined TRACON& Tower with Radar,17,69,28,7,121,0,0,88,0,88,17,69,116,7,209,232,0,232,441
06/17/2016,SBA,CA,AWP,WE,Combined TRACON& Tower with Radar,16,65,48,0,129,28,2,94,0,124,44,67,142,0,253,0,0,0,253
06/18/2016,SBA,CA,AWP,WE,Combined TRACON& Tower with Radar,15,41,37,0,93,0,1,102,0,103,15,42,139,0,196,258,188,446,642
06/19/2016,SBA,CA,AWP,WE,Combined TRACON& Tower with Radar,16,46,50,0,112,0,2,114,3,119,16,48,164,3,231,122,0,122,353
06/20/2016,SBA,CA,AWP,WE,Combined TRACON& Tower with Radar,16,57,24,2,99,0,1,79,7,87,16,58,103,9,186,134,96,230,416
06/21/2016,SBA,CA,AWP,WE,Combined TRACON& Tower with Radar,19,59,26,0,104,0,1,59,5,65,19,60,85,5,169,32,54,86,255
06/22/2016,SBA,CA,AWP,WE,Combined TRACON& Tower with Radar,19,71,42,5,137,0,3,40,2,45,19,74,82,7,182,34,18,52,234
06/23/2016,SBA,CA,AWP,WE,Combined TRACON& Tower with Radar,18,58,77,1,154,0,1,36,4,41,18,59,113,5,195,58,10,68,263
06/24/2016,SBA,CA,AWP,WE,Combined TRACON& Tower with Radar,20,58,72,2,152,0,0,77,5,82,20,58,149,7,234,18,0,18,252
06/25/2016,SBA,CA,AWP,WE,Combined TRACON& Tower with Radar,18,39,47,0,104,0,0,120,0,120,18,39,167,0,224,56,0,56,280
06/26/2016,SBA,CA,AWP,WE,Combined TRACON& Tower with Radar,18,39,55,0,112,0,0,131,5,136,18,39,186,5,248,90,0,90,338
06/27/2016,SBA,CA,AWP,WE,Combined TRACON& Tower with Radar,17,58,31,6,112,0,1,57,4,62,17,59,88,10,174,44,6,50,224
06/28/2016,SBA,CA,AWP,WE,Combined TRACON& Tower with Radar,14,70,47,12,143,0,1,42,1,44,14,71,89,13,187,64,4,68,255
06/29/2016,SBA,CA,AWP,WE,Combined TRACON& Tower with Radar,16,70,39,9,134,0,0,87,2,89,16,70,126,11,223,80,10,90,313
06/30/2016,SBA,CA,AWP,WE,Combined TRACON& Tower with Radar,17,65,36,2,120,0,2,89,5,96,17,67,125,7,216,76,0,76,292
07/01/2016,SBA,CA,AWP,WE,Combined TRACON& Tower with Radar,21,68,56,2,147,0,0,42,0,42,21,68,98,2,189,109,0,109,298
07/02/2016,SBA,CA,AWP,WE,Combined TRACON& Tower with Radar,21,32,30,0,83,0,4,63,0,67,21,36,93,0,150,52,0,52,202
07/03/2016,SBA,CA,AWP,WE,Combined TRACON& Tower with Radar,23,24,27,0,74,0,0,91,0,91,23,24,118,0,165,158,0,158,323
07/04/2016,SBA,CA,AWP,WE,Combined TRACON& Tower with Radar,13,32,38,0,83,0,0,55,2,57,13,32,93,2,140,2,0,2,142
07/05/2016,SBA,CA,AWP,WE,Combined TRACON& Tower with Radar,21,56,65,0,142,0,0,27,0,27,21,56,92,0,169,20,0,20,189
07/06/2016,SBA,CA,AWP,WE,Combined TRACON& Tower with Radar,21,59,50,5,135,0,1,25,3,29,21,60,75,8,164,38,4,42,206
07/07/2016,SBA,CA,AWP,WE,Combined TRACON& Tower with Radar,19,49,39,0,107,0,0,71,0,71,19,49,110,0,178,0,0,0,178
07/08/2016,SBA,CA,AWP,WE,Combined TRACON& Tower with Radar,19,63,31,1,114,0,0,78,2,80,19,63,109,3,194,64,0,64,258
07/09/2016,SBA,CA,AWP,WE,Combined TRACON& Tower with Radar,24,39,26,0,89,0,0,113,0,113,24,39,139,0,202,60,0,60,262
07/10/2016,SBA,CA,AWP,WE,Combined TRACON& Tower with Radar,23,43,46,7,119,0,1,124,2,127,23,44,170,9,246,108,0,108,354
07/11/2016,SBA,CA,AWP,WE,Combined TRACON& Tower with Radar,19,60,27,0,106,0,0,92,2,94,19,60,119,2,200,48,0,48,248
07/12/2016,SBA,CA,AWP,WE,Combined TRACON& Tower with Radar,19,57,32,3,111,0,0,50,4,54,19,57,82,7,165,104,0,104,269
07/13/2016,SBA,CA,AWP,WE,Combined TRACON& Tower with Radar,21,64,28,3,116,0,0,84,3,87,21,64,112,6,203,96,0,96,299
07/14/2016,SBA,CA,AWP,WE,Combined TRACON& Tower with Radar,21,61,57,6,145,0,1,63,0,64,21,62,120,6,209,12,0,12,221
07/15/2016,SBA,CA,AWP,WE,Combined TRACON& Tower with Radar,19,67,75,1,162,0,1,55,3,59,19,68,130,4,221,42,0,42,263
07/16/2016,SBA,CA,AWP,WE,Combined TRACON& Tower with Radar,21,32,35,4,92,0,0,99,4,103,21,32,134,8,195,84,0,84,279
07/17/2016,SBA,CA,AWP,WE,Combined TRACON& Tower with Radar,22,44,49,0,115,0,0,123,1,124,22,44,172,1,239,82,0,82,321
07/18/2016,SBA,CA,AWP,WE,Combined TRACON& Tower with Radar,20,57,45,4,126,0,5,91,0,96,20,62,136,4,222,52,0,52,274
07/19/2016,SBA,CA,AWP,WE,Combined TRACON& Tower with Radar,19,56,19,3,97,0,0,79,8,87,19,56,98,11,184,110,6,116,300
07/20/2016,SBA,CA,AWP,WE,Combined TRACON& Tower with Radar,19,58,25,4,106,0,1,117,3,121,19,59,142,7,227,100,0,100,327
07/21/2016,SBA,CA,AWP,WE,Combined TRACON& Tower with Radar,18,69,44,4,135,0,5,105,2,112,18,74,149,6,247,50,0,50,297
07/22/2016,SBA,CA,AWP,WE,Combined TRACON& Tower with Radar,16,70,29,0,115,0,0,141,2,143,16,70,170,2,258,126,0,126,384
07/23/2016,SBA,CA,AWP,WE,Combined TRACON& Tower with Radar,16,35,25,0,76,0,3,114,0,117,16,38,139,0,193,116,0,116,309
07/24/2016,SBA,CA,AWP,WE,Combined TRACON& Tower with Radar,15,53,62,1,131,0,1,77,0,78,15,54,139,1,209,14,0,14,223
07/25/2016,SBA,CA,AWP,WE,Combined TRACON& Tower with Radar,15,63,53,4,135,0,0,72,4,76,15,63,125,8,211,60,0,60,271
07/26/2016,SBA,CA,AWP,WE,Combined TRACON& Tower with Radar,16,77,27,2,122,0,0,57,3,60,16,77,84,5,182,156,2,158,340
07/27/2016,SBA,CA,AWP,WE,Combined TRACON& Tower with Radar,14,66,31,4,115,0,1,70,9,80,14,67,101,13,195,58,0,58,253
07/28/2016,SBA,CA,AWP,WE,Combined TRACON& Tower with Radar,18,69,56,4,147,0,0,88,10,98,18,69,144,14,245,184,0,184,429
07/29/2016,SBA,CA,AWP,WE,Combined TRACON& Tower with Radar,15,65,37,1,118,0,2,101,2,105,15,67,138,3,223,64,0,64,287
07/30/2016,SBA,CA,AWP,WE,Combined TRACON& Tower with Radar,16,34,29,0,79,0,0,99,1,100,16,34,128,1,179,6,0,6,185
07/31/2016,SBA,CA,AWP,WE,Combined TRACON& Tower with Radar,19,46,46,0,111,0,2,84,4,90,19,48,130,4,201,30,0,30,231
08/01/2016,SBA,CA,AWP,WE,Combined TRACON& Tower with Radar,16,65,54,4,139,0,1,56,0,57,16,66,110,4,196,68,2,70,266
08/02/2016,SBA,CA,AWP,WE,Combined TRACON& Tower with Radar,16,64,45,0,125,0,0,65,2,67,16,64,110,2,192,122,0,122,314
08/03/2016,SBA,CA,AWP,WE,Combined TRACON& Tower with Radar,15,76,34,2,127,0,3,93,0,96,15,79,127,2,223,76,0,76,299
08/04/2016,SBA,CA,AWP,WE,Combined TRACON& Tower with Radar,16,64,78,12,170,0,3,55,0,58,16,67,133,12,228,70,4,74,302
08/05/2016,SBA,CA,AWP,WE,Combined TRACON& Tower with Radar,16,66,47,0,129,0,2,88,0,90,16,68,135,0,219,96,0,96,315
08/06/2016,SBA,CA,AWP,WE,Combined TRACON& Tower with Radar,16,43,36,4,99,0,0,95,4,99,16,43,131,8,198,48,0,48,246
08/07/2016,SBA,CA,AWP,WE,Combined TRACON& Tower with Radar,17,43,45,2,107,0,2,123,4,129,17,45,168,6,236,70,0,70,306
08/08/2016,SBA,CA,AWP,WE,Combined TRACON& Tower with Radar,17,68,57,4,146,0,0,57,0,57,17,68,114,4,203,162,12,174,377
08/09/2016,SBA,CA,AWP,WE,Combined TRACON& Tower with Radar,16,64,58,2,140,0,0,58,2,60,16,64,116,4,200,72,0,72,272
08/10/2016,SBA,CA,AWP,WE,Combined TRACON& Tower with Radar,15,72,57,0,144,0,8,67,5,80,15,80,124,5,224,92,0,92,316
08/11/2016,SBA,CA,AWP,WE,Combined TRACON& Tower with Radar,16,62,62,1,141,0,4,94,1,99,16,66,156,2,240,124,0,124,364
08/12/2016,SBA,CA,AWP,WE,Combined TRACON& Tower with Radar,16,61,38,2,117,0,2,80,3,85,16,63,118,5,202,90,0,90,292
08/13/2016,SBA,CA,AWP,WE,Combined TRACON& Tower with Radar,13,36,51,2,102,0,0,109,2,111,13,36,160,4,213,138,0,138,351
08/14/2016,SBA,CA,AWP,WE,Combined TRACON& Tower with Radar,17,47,41,1,106,0,0,117,1,118,17,47,158,2,224,52,0,52,276
08/15/2016,SBA,CA,AWP,WE,Combined TRACON& Tower with Radar,16,65,49,0,130,0,0,99,0,99,16,65,148,0,229,46,0,46,275
08/16/2016,SBA,CA,AWP,WE,Combined TRACON& Tower with Radar,20,68,43,1,132,0,2,81,3,86,20,70,124,4,218,206,0,206,424
08/17/2016,SBA,CA,AWP,WE,Combined TRACON& Tower with Radar,18,68,40,6,132,0,4,87,3,94,18,72,127,9,226,129,0,129,355
08/18/2016,SBA,CA,AWP,WE,Combined TRACON& Tower with Radar,17,70,48,5,140,0,2,76,3,81,17,72,124,8,221,116,2,118,339
08/19/2016,SBA,CA,AWP,WE,Combined TRACON& Tower with Radar,16,62,52,7,137,0,2,88,4,94,16,64,140,11,231,106,0,106,337
08/20/2016,SBA,CA,AWP,WE,Combined TRACON& Tower with Radar,14,51,42,1,108,0,4,98,6,108,14,55,140,7,216,98,0,98,314
08/21/2016,SBA,CA,AWP,WE,Combined TRACON& Tower with Radar,19,52,52,0,123,0,0,121,5,126,19,52,173,5,249,138,0,138,387
08/22/2016,SBA,CA,AWP,WE,Combined TRACON& Tower with Radar,16,74,40,4,134,0,1,64,2,67,16,75,104,6,201,76,0,76,277
08/23/2016,SBA,CA,AWP,WE,Combined TRACON& Tower with Radar,17,64,27,4,112,1,0,54,2,57,18,64,81,6,169,120,2,122,291
08/24/2016,SBA,CA,AWP,WE,Combined TRACON& Tower with Radar,14,75,32,0,121,0,2,82,0,84,14,77,114,0,205,120,0,120,325
08/25/2016,SBA,CA,AWP,WE,Combined TRACON& Tower with Radar,16,69,31,3,119,0,4,77,4,85,16,73,108,7,204,80,0,80,284
08/26/2016,SBA,CA,AWP,WE,Combined TRACON& Tower with Radar,16,76,59,0,151,0,0,50,5,55,16,76,109,5,206,132,0,132,338
08/27/2016,SBA,CA,AWP,WE,Combined TRACON& Tower with Radar,16,32,45,0,93,0,0,44,1,45,16,32,89,1,138,156,0,156,294
08/28/2016,SBA,CA,AWP,WE,Combined TRACON& Tower with Radar,19,45,48,0,112,0,0,110,3,113,19,45,158,3,225,68,0,68,293
08/29/2016,SBA,CA,AWP,WE,Combined TRACON& Tower with Radar,16,66,45,2,129,0,1,77,2,80,16,67,122,4,209,86,0,86,295
08/30/2016,SBA,CA,AWP,WE,Combined TRACON& Tower with Radar,17,63,35,7,122,0,2,92,2,96,17,65,127,9,218,100,8,108,326
08/31/2016,SBA,CA,AWP,WE,Combined TRACON& Tower with Radar,15,69,33,0,117,0,2,64,0,66,15,71,97,0,183,80,0,80,263
09/01/2016,SBA,CA,AWP,WE,Combined TRACON& Tower with Radar,18,68,42,2,130,0,7,96,0,103,18,75,138,2,233,86,0,86,319
09/02/2016,SBA,CA,AWP,WE,Combined TRACON& Tower with Radar,18,76,86,4,184,0,2,62,0,64,18,78,148,4,248,40,0,40,288
09/03/2016,SBA,CA,AWP,WE,Combined TRACON& Tower with Radar,15,27,63,0,105,0,0,60,2,62,15,27,123,2,167,26,0,26,193
09/04/2016,SBA,CA,AWP,WE,Combined TRACON& Tower with Radar,13,27,32,0,72,0,0,93,0,93,13,27,125,0,165,126,0,126,291
09/05/2016,SBA,CA,AWP,WE,Combined TRACON& Tower with Radar,16,57,49,0,122,0,2,98,4,104,16,59,147,4,226,130,0,130,356
09/06/2016,SBA,CA,AWP,WE,Combined TRACON& Tower with Radar,19,68,35,4,126,0,3,64,4,71,19,71,99,8,197,47,0,47,244
09/07/2016,SBA,CA,AWP,WE,Combined TRACON& Tower with Radar,13,70,45,5,133,0,0,56,0,56,13,70,101,5,189,100,2,102,291
09/08/2016,SBA,CA,AWP,WE,Combined TRACON& Tower with Radar,15,84,45,1,145,0,0,47,3,50,15,84,92,4,195,130,0,130,325
09/09/2016,SBA,CA,AWP,WE,Combined TRACON& Tower with Radar,17,71,50,12,150,0,0,51,1,52,17,71,101,13,202,84,4,88,290
09/10/2016,SBA,CA,AWP,WE,Combined TRACON& Tower with Radar,15,34,48,0,97,0,0,71,0,71,15,34,119,0,168,100,0,100,268
09/11/2016,SBA,CA,AWP,WE,Combined TRACON& Tower with Radar,19,48,46,0,113,0,2,81,1,84,19,50,127,1,197,18,0,18,215
09/12/2016,SBA,CA,AWP,WE,Combined TRACON& Tower with Radar,14,66,51,2,133,0,0,11,0,11,14,66,62,2,144,86,2,88,232
09/13/2016,SBA,CA,AWP,WE,Combined TRACON& Tower with Radar,16,59,32,5,112,0,0,36,4,40,16,59,68,9,152,106,8,114,266
09/14/2016,SBA,CA,AWP,WE,Combined TRACON& Tower with Radar,14,69,30,0,113,0,0,90,0,90,14,69,120,0,203,54,0,54,257
09/15/2016,SBA,CA,AWP,WE,Combined TRACON& Tower with Radar,16,69,21,6,112,0,4,72,0,76,16,73,93,6,188,78,0,78,266
09/16/2016,SBA,CA,AWP,WE,Combined TRACON& Tower with Radar,17,79,37,0,133,0,1,93,0,94,17,80,130,0,227,54,0,54,281
09/17/2016,SBA,CA,AWP,WE,Combined TRACON& Tower with Radar,22,27,19,0,68,0,3,75,0,78,22,30,94,0,146,52,0,52,198
09/18/2016,SBA,CA,AWP,WE,Combined TRACON& Tower with Radar,16,48,67,5,136,0,3,71,3,77,16,51,138,8,213,4,0,4,217
09/19/2016,SBA,CA,AWP,WE,Combined TRACON& Tower with Radar,15,69,28,1,113,0,1,43,1,45,15,70,71,2,158,106,0,106,264
09/20/2016,SBA,CA,AWP,WE,Combined TRACON& Tower with Radar,18,59,29,4,110,0,1,58,5,64,18,60,87,9,174,42,0,42,216
09/21/2016,SBA,CA,AWP,WE,Combined TRACON& Tower with Radar,16,66,38,3,123,0,1,75,4,80,16,67,113,7,203,134,0,134,337
09/22/2016,SBA,CA,AWP,WE,Combined TRACON& Tower with Radar,18,71,30,0,119,0,3,48,0,51,18,74,78,0,170,68,0,68,238
09/23/2016,SBA,CA,AWP,WE,Combined TRACON& Tower with Radar,16,80,45,1,142,0,7,61,1,69,16,87,106,2,211,72,0,72,283
09/24/2016,SBA,CA,AWP,WE,Combined TRACON& Tower with Radar,21,39,45,0,105,0,3,107,0,110,21,42,152,0,215,84,0,84,299
09/25/2016,SBA,CA,AWP,WE,Combined TRACON& Tower with Radar,20,52,55,3,130,0,1,90,5,96,20,53,145,8,226,100,0,100,326
09/26/2016,SBA,CA,AWP,WE,Combined TRACON& Tower with Radar,19,60,39,2,120,0,0,80,1,81,19,60,119,3,201,64,0,64,265
09/27/2016,SBA,CA,AWP,WE,Combined TRACON& Tower with Radar,18,55,27,0,100,0,3,67,4,74,18,58,94,4,174,68,0,68,242
09/28/2016,SBA,CA,AWP,WE,Combined TRACON& Tower with Radar,15,75,22,10,122,0,3,84,3,90,15,78,106,13,212,92,0,92,304
09/29/2016,SBA,CA,AWP,WE,Combined TRACON& Tower with Radar,15,85,66,0,166,0,0,99,0,99,15,85,165,0,265,46,0,46,311
09/30/2016,SBA,CA,AWP,WE,Combined TRACON& Tower with Radar,17,78,51,2,148,0,1,94,5,100,17,79,145,7,248,64,0,64,312
10/01/2016,SBA,CA,AWP,WE,Combined TRACON& Tower with Radar,22,26,30,2,80,0,1,114,0,115,22,27,144,2,195,70,0,70,265
10/02/2016,SBA,CA,AWP,WE,Combined TRACON& Tower with Radar,20,54,53,5,132,0,3,107,2,112,20,57,160,7,244,54,0,54,298
10/03/2016,SBA,CA,AWP,WE,Combined TRACON& Tower with Radar,17,62,35,4,118,0,1,52,3,56,17,63,87,7,174,87,0,87,261
10/04/2016,SBA,CA,AWP,WE,Combined TRACON& Tower with Radar,18,61,46,4,129,0,3,78,2,83,18,64,124,6,212,20,0,20,232
10/05/2016,SBA,CA,AWP,WE,Combined TRACON& Tower with Radar,19,70,26,3,118,0,4,82,0,86,19,74,108,3,204,88,2,90,294
10/06/2016,SBA,CA,AWP,WE,Combined TRACON& Tower with Radar,18,74,57,0,149,0,1,89,0,90,18,75,146,0,239,126,0,126,365
10/07/2016,SBA,CA,AWP,WE,Combined TRACON& Tower with Radar,18,80,48,2,148,0,1,116,0,117,18,81,164,2,265,102,0,102,367
10/08/2016,SBA,CA,AWP,WE,Combined TRACON& Tower with Radar,20,38,39,1,98,0,2,124,1,127,20,40,163,2,225,82,0,82,307
10/09/2016,SBA,CA,AWP,WE,Combined TRACON& Tower with Radar,19,48,47,0,114,0,1,127,3,131,19,49,174,3,245,34,0,34,279
10/10/2016,SBA,CA,AWP,WE,Combined TRACON& Tower with Radar,16,84,27,0,127,0,2,70,0,72,16,86,97,0,199,80,0,80,279
10/11/2016,SBA,CA,AWP,WE,Combined TRACON& Tower with Radar,18,62,42,2,124,0,0,57,5,62,18,62,99,7,186,90,0,90,276
10/12/2016,SBA,CA,AWP,WE,Combined TRACON& Tower with Radar,18,63,51,0,132,0,3,34,5,42,18,66,85,5,174,28,0,28,202
10/13/2016,SBA,CA,AWP,WE,Combined TRACON& Tower with Radar,18,81,64,8,171,0,0,37,1,38,18,81,101,9,209,58,0,58,267
10/14/2016,SBA,CA,AWP,WE,Combined TRACON& Tower with Radar,18,69,110,0,197,0,4,40,5,49,18,73,150,5,246,14,0,14,260
10/15/2016,SBA,CA,AWP,WE,Combined TRACON& Tower with Radar,19,35,36,0,90,0,0,48,0,48,19,35,84,0,138,22,0,22,160
10/16/2016,SBA,CA,AWP,WE,Combined TRACON& Tower with Radar,19,52,78,0,149,0,1,15,0,16,19,53,93,0,165,20,0,20,185
10/17/2016,SBA,CA,AWP,WE,Combined TRACON& Tower with Radar,18,62,42,2,124,0,1,39,0,40,18,63,81,2,164,74,0,74,238
10/18/2016,SBA,CA,AWP,WE,Combined TRACON& Tower with Radar,18,77,49,4,148,0,6,95,0,101,18,83,144,4,249,18,0,18,267
10/19/2016,SBA,CA,AWP,WE,Combined TRACON& Tower with Radar,18,75,46,2,141,0,2,74,3,79,18,77,120,5,220,72,2,74,294
10/20/2016,SBA,CA,AWP,WE,Combined TRACON& Tower with Radar,18,68,56,3,145,0,1,78,2,81,18,69,134,5,226,68,0,68,294
10/21/2016,SBA,CA,AWP,WE,Combined TRACON& Tower with Radar,18,76,56,2,152,0,0,108,2,110,18,76,164,4,262,88,0,88,350
10/22/2016,SBA,CA,AWP,WE,Combined TRACON& Tower with Radar,21,36,30,2,89,0,1,103,0,104,21,37,133,2,193,38,0,38,231
10/23/2016,SBA,CA,AWP,WE,Combined TRACON& Tower with Radar,19,46,87,0,152,0,0,72,1,73,19,46,159,1,225,60,0,60,285
10/24/2016,SBA,CA,AWP,WE,Combined TRACON& Tower with Radar,22,54,53,7,136,0,0,48,0,48,22,54,101,7,184,36,2,38,222
10/25/2016,SBA,CA,AWP,WE,Combined TRACON& Tower with Radar,18,53,23,0,94,0,1,74,3,78,18,54,97,3,172,98,0,98,270
10/26/2016,SBA,CA,AWP,WE,Combined TRACON& Tower with Radar,18,67,43,4,132,0,3,69,0,72,18,70,112,4,204,60,0,60,264
10/27/2016,SBA,CA,AWP,WE,Combined TRACON& Tower with Radar,18,76,53,2,149,0,3,53,1,57,18,79,106,3,206,48,0,48,254
10/28/2016,SBA,CA,AWP,WE,Combined TRACON& Tower with Radar,18,67,37,5,127,0,0,28,5,33,18,67,65,10,160,68,4,72,232
10/29/2016,SBA,CA,AWP,WE,Combined TRACON& Tower with Radar,15,32,40,0,87,0,1,79,1,81,15,33,119,1,168,108,0,108,276
10/30/2016,SBA,CA,AWP,WE,Combined TRACON& Tower with Radar,15,43,52,0,110,0,0,10,0,10,15,43,62,0,120,44,0,44,164
10/31/2016,SBA,CA,AWP,WE,Combined TRACON& Tower with Radar,17,54,26,2,99,0,3,52,8,63,17,57,78,10,162,114,0,114,276
11/01/2016,SBA,CA,AWP,WE,Combined TRACON& Tower with Radar,17,65,30,0,112,0,3,58,4,65,17,68,88,4,177,34,0,34,211
11/02/2016,SBA,CA,AWP,WE,Combined TRACON& Tower with Radar,17,69,36,3,125,0,0,103,0,103,17,69,139,3,228,78,2,80,308
11/03/2016,SBA,CA,AWP,WE,Combined TRACON& Tower with Radar,16,74,31,2,123,0,5,92,0,97,16,79,123,2,220,74,0,74,294
11/04/2016,SBA,CA,AWP,WE,Combined TRACON& Tower with Radar,21,66,54,0,141,0,0,104,5,109,21,66,158,5,250,78,0,78,328
11/05/2016,SBA,CA,AWP,WE,Combined TRACON& Tower with Radar,18,27,36,0,81,0,2,111,0,113,18,29,147,0,194,40,0,40,234
11/06/2016,SBA,CA,AWP,WE,Combined TRACON& Tower with Radar,21,41,34,4,100,0,0,89,2,91,21,41,123,6,191,60,0,60,251
11/07/2016,SBA,CA,AWP,WE,Combined TRACON& Tower with Radar,19,63,26,4,112,0,2,66,2,70,19,65,92,6,182,34,0,34,216
11/08/2016,SBA,CA,AWP,WE,Combined TRACON& Tower with Radar,19,60,22,8,109,0,6,76,3,85,19,66,98,11,194,74,0,74,268
11/09/2016,SBA,CA,AWP,WE,Combined TRACON& Tower with Radar,18,60,30,5,113,0,3,108,1,112,18,63,138,6,225,106,4,110,335
11/10/2016,SBA,CA,AWP,WE,Combined TRACON& Tower with Radar,19,78,37,4,138,0,1,80,3,84,19,79,117,7,222,40,0,40,262
11/11/2016,SBA,CA,AWP,WE,Combined TRACON& Tower with Radar,19,77,28,0,124,0,8,112,0,120,19,85,140,0,244,116,0,116,360
11/12/2016,SBA,CA,AWP,WE,Combined TRACON& Tower with Radar,19,45,27,0,91,0,5,131,2,138,19,50,158,2,229,80,0,80,309
11/13/2016,SBA,CA,AWP,WE,Combined TRACON& Tower with Radar,21,56,26,1,104,0,5,134,1,140,21,61,160,2,244,74,0,74,318
11/14/2016,SBA,CA,AWP,WE,Combined TRACON& Tower with Radar,19,65,39,1,124,0,1,70,1,72,19,66,109,2,196,172,0,172,368
11/15/2016,SBA,CA,AWP,WE,Combined TRACON& Tower with Radar,19,68,46,2,135,0,0,54,0,54,19,68,100,2,189,36,0,36,225
11/16/2016,SBA,CA,AWP,WE,Combined TRACON& Tower with Radar,19,63,35,0,117,0,4,60,1,65,19,67,95,1,182,16,0,16,198
11/17/2016,SBA,CA,AWP,WE,Combined TRACON& Tower with Radar,19,65,47,2,133,0,7,80,2,89,19,72,127,4,222,44,0,44,266
11/18/2016,SBA,CA,AWP,WE,Combined TRACON& Tower with Radar,19,70,32,5,126,0,0,120,0,120,19,70,152,5,246,76,0,76,322
11/19/2016,SBA,CA,AWP,WE,Combined TRACON& Tower with Radar,21,42,19,0,82,0,2,101,0,103,21,44,120,0,185,108,0,108,293
11/20/2016,SBA,CA,AWP,WE,Combined TRACON& Tower with Radar,22,36,44,0,102,0,0,31,0,31,22,36,75,0,133,80,0,80,213
11/21/2016,SBA,CA,AWP,WE,Combined TRACON& Tower with Radar,17,66,41,0,124,0,0,63,1,64,17,66,104,1,188,66,0,66,254
11/22/2016,SBA,CA,AWP,WE,Combined TRACON& Tower with Radar,16,72,42,6,136,0,4,78,3,85,16,76,120,9,221,134,0,134,355
11/23/2016,SBA,CA,AWP,WE,Combined TRACON& Tower with Radar,22,77,59,2,160,0,2,84,3,89,22,79,143,5,249,104,0,104,353
11/24/2016,SBA,CA,AWP,WE,Combined TRACON& Tower with Radar,14,19,22,0,55,0,0,50,0,50,14,19,72,0,105,8,0,8,113
11/25/2016,SBA,CA,AWP,WE,Combined TRACON& Tower with Radar,17,36,35,3,91,0,1,109,3,113,17,37,144,6,204,28,0,28,232
11/26/2016,SBA,CA,AWP,WE,Combined TRACON& Tower with Radar,19,40,50,1,110,0,2,16,0,18,19,42,66,1,128,38,0,38,166
11/27/2016,SBA,CA,AWP,WE,Combined TRACON& Tower with Radar,16,47,64,0,127,0,1,25,0,26,16,48,89,0,153,24,0,24,177
11/28/2016,SBA,CA,AWP,WE,Combined TRACON& Tower with Radar,21,63,34,2,120,0,0,34,0,34,21,63,68,2,154,42,0,42,196
11/29/2016,SBA,CA,AWP,WE,Combined TRACON& Tower with Radar,17,62,37,2,118,0,6,66,1,73,17,68,103,3,191,92,0,92,283
11/30/2016,SBA,CA,AWP,WE,Combined TRACON& Tower with Radar,17,61,20,10,108,0,1,90,4,95,17,62,110,14,203,50,0,50,253
12/01/2016,SBA,CA,AWP,WE,Combined TRACON& Tower with Radar,21,59,30,0,110,138,0,49,1,188,159,59,79,1,298,0,0,0,298
12/02/2016,SBA,CA,AWP,WE,Combined TRACON& Tower with Radar,19,68,24,1,112,0,1,54,2,57,19,69,78,3,169,98,0,98,267
12/03/2016,SBA,CA,AWP,WE,Combined TRACON& Tower with Radar,16,28,18,0,62,0,2,91,0,93,16,30,109,0,155,58,0,58,213
12/04/2016,SBA,CA,AWP,WE,Combined TRACON& Tower with Radar,20,39,49,3,111,0,0,106,3,109,20,39,155,6,220,128,0,128,348
12/05/2016,SBA,CA,AWP,WE,Combined TRACON& Tower with Radar,17,58,27,2,104,0,1,58,0,59,17,59,85,2,163,140,0,140,303
12/06/2016,SBA,CA,AWP,WE,Combined TRACON& Tower with Radar,17,70,38,1,126,0,4,40,3,47,17,74,78,4,173,18,0,18,191
12/07/2016,SBA,CA,AWP,WE,Combined TRACON& Tower with Radar,21,63,49,5,138,0,0,59,1,60,21,63,108,6,198,120,2,122,320
12/08/2016,SBA,CA,AWP,WE,Combined TRACON& Tower with Radar,21,66,64,12,163,0,3,18,0,21,21,69,82,12,184,64,4,68,252
12/09/2016,SBA,CA,AWP,WE,Combined TRACON& Tower with Radar,21,57,60,0,138,0,0,28,0,28,21,57,88,0,166,34,0,34,200
12/10/2016,SBA,CA,AWP,WE,Combined TRACON& Tower with Radar,18,27,49,0,94,0,0,18,2,20,18,27,67,2,114,48,0,48,162
12/11/2016,SBA,CA,AWP,WE,Combined TRACON& Tower with Radar,20,32,55,0,107,0,0,18,0,18,20,32,73,0,125,124,0,124,249
12/12/2016,SBA,CA,AWP,WE,Combined TRACON& Tower with Radar,21,61,67,6,155,0,0,0,0,0,21,61,67,6,155,0,0,0,155
12/13/2016,SBA,CA,AWP,WE,Combined TRACON& Tower with Radar,17,65,52,0,134,0,0,23,0,23,17,65,75,0,157,97,0,97,254
12/14/2016,SBA,CA,AWP,WE,Combined TRACON& Tower with Radar,19,67,35,0,121,0,1,69,6,76,19,68,104,6,197,128,0,128,325
12/15/2016,SBA,CA,AWP,WE,Combined TRACON& Tower with Radar,18,67,48,0,133,0,0,2,1,3,18,67,50,1,136,38,0,38,174
12/16/2016,SBA,CA,AWP,WE,Combined TRACON& Tower with Radar,15,76,24,0,115,0,0,18,0,18,15,76,42,0,133,48,0,48,181
12/17/2016,SBA,CA,AWP,WE,Combined TRACON& Tower with Radar,17,40,41,0,98,0,0,108,0,108,17,40,149,0,206,66,0,66,272
12/18/2016,SBA,CA,AWP,WE,Combined TRACON& Tower with Radar,14,52,42,0,108,0,2,105,0,107,14,54,147,0,215,44,0,44,259
12/19/2016,SBA,CA,AWP,WE,Combined TRACON& Tower with Radar,15,62,29,17,123,0,0,78,1,79,15,62,107,18,202,33,14,47,249
12/20/2016,SBA,CA,AWP,WE,Combined TRACON& Tower with Radar,14,69,36,11,130,0,0,76,1,77,14,69,112,12,207,106,10,116,323
12/21/2016,SBA,CA,AWP,WE,Combined TRACON& Tower with Radar,15,61,34,2,112,0,2,50,2,54,15,63,84,4,166,100,0,100,266
12/22/2016,SBA,CA,AWP,WE,Combined TRACON& Tower with Radar,17,71,41,10,139,0,0,66,2,68,17,71,107,12,207,78,8,86,293
12/23/2016,SBA,CA,AWP,WE,Combined TRACON& Tower with Radar,15,56,49,0,120,0,0,0,0,0,15,56,49,0,120,28,0,28,148
12/24/2016,SBA,CA,AWP,WE,Combined TRACON& Tower with Radar,16,32,17,0,65,0,0,28,0,28,16,32,45,0,93,22,0,22,115
12/25/2016,SBA,CA,AWP,WE,Combined TRACON& Tower with Radar,17,25,15,0,57,0,0,35,0,35,17,25,50,0,92,30,0,30,122
12/26/2016,SBA,CA,AWP,WE,Combined TRACON& Tower with Radar,13,55,47,0,115,0,0,113,1,114,13,55,160,1,229,0,0,0,229
12/27/2016,SBA,CA,AWP,WE,Combined TRACON& Tower with Radar,13,61,57,3,134,0,3,104,2,109,13,64,161,5,243,34,0,34,277
12/28/2016,SBA,CA,AWP,WE,Combined TRACON& Tower with Radar,13,67,43,8,131,0,2,98,1,101,13,69,141,9,232,52,8,60,292
12/29/2016,SBA,CA,AWP,WE,Combined TRACON& Tower with Radar,17,51,42,0,110,0,1,94,0,95,17,52,136,0,205,48,0,48,253
12/30/2016,SBA,CA,AWP,WE,Combined TRACON& Tower with Radar,15,62,49,5,131,0,0,20,0,20,15,62,69,5,151,52,4,56,207
12/31/2016,SBA,CA,AWP,WE,Combined TRACON& Tower with Radar,16,41,29,0,86,0,1,18,0,19,16,42,47,0,105,44,0,44,149
01/01/2017,SBA,CA,AWP,WE,Combined TRACON& Tower with Radar,15,38,34,0,87,0,2,73,1,76,15,40,107,1,163,18,0,18,181
01/02/2017,SBA,CA,AWP,WE,Combined TRACON& Tower with Radar,15,38,53,0,106,0,1,26,5,32,15,39,79,5,138,154,0,154,292
01/03/2017,SBA,CA,AWP,WE,Combined TRACON& Tower with Radar,15,63,46,3,127,0,1,29,1,31,15,64,75,4,158,98,10,108,266
01/04/2017,SBA,CA,AWP,WE,Combined TRACON& Tower with Radar,15,60,59,2,136,0,0,0,0,0,15,60,59,2,136,0,0,0,136
01/05/2017,SBA,CA,AWP,WE,Combined TRACON& Tower with Radar,16,74,33,3,126,0,1,15,0,16,16,75,48,3,142,30,0,30,172
01/06/2017,SBA,CA,AWP,WE,Combined TRACON& Tower with Radar,14,67,40,2,123,0,0,73,2,75,14,67,113,4,198,86,0,86,284
01/07/2017,SBA,CA,AWP,WE,Combined TRACON& Tower with Radar,13,30,38,0,81,0,0,17,0,17,13,30,55,0,98,12,0,12,110
01/08/2017,SBA,CA,AWP,WE,Combined TRACON& Tower with Radar,16,22,37,0,75,0,0,47,2,49,16,22,84,2,124,24,0,24,148
01/09/2017,SBA,CA,AWP,WE,Combined TRACON& Tower with Radar,16,53,42,0,111,0,0,14,0,14,16,53,56,0,125,18,0,18,143
01/10/2017,SBA,CA,AWP,WE,Combined TRACON& Tower with Radar,16,54,46,0,116,0,0,4,0,4,16,54,50,0,120,38,0,38,158
01/11/2017,SBA,CA,AWP,WE,Combined TRACON& Tower with Radar,18,59,43,0,120,0,0,30,0,30,18,59,73,0,150,106,0,106,256
01/12/2017,SBA,CA,AWP,WE,Combined TRACON& Tower with Radar,20,60,27,5,112,0,0,10,0,10,20,60,37,5,122,68,4,72,194
01/13/2017,SBA,CA,AWP,WE,Combined TRACON& Tower with Radar,19,65,43,6,133,0,1,61,5,67,19,66,104,11,200,42,0,42,242
01/14/2017,SBA,CA,AWP,WE,Combined TRACON& Tower with Radar,17,18,27,1,63,0,1,123,0,124,17,19,150,1,187,84,0,84,271
01/15/2017,SBA,CA,AWP,WE,Combined TRACON& Tower with Radar,20,34,38,3,95,0,2,71,0,73,20,36,109,3,168,102,0,102,270
01/16/2017,SBA,CA,AWP,WE,Combined TRACON& Tower with Radar,19,47,50,4,120,0,0,104,0,104,19,47,154,4,224,88,0,88,312
01/17/2017,SBA,CA,AWP,WE,Combined TRACON& Tower with Radar,13,60,26,0,99,0,2,91,0,93,13,62,117,0,192,96,0,96,288
01/18/2017,SBA,CA,AWP,WE,Combined TRACON& Tower with Radar,19,54,43,9,125,0,1,14,2,17,19,55,57,11,142,150,0,150,292
01/19/2017,SBA,CA,AWP,WE,Combined TRACON& Tower with Radar,20,64,47,6,137,18,0,25,0,43,38,64,72,6,180,40,0,40,220
01/20/2017,SBA,CA,AWP,WE,Combined TRACON& Tower with Radar,19,51,19,1,90,0,0,0,1,1,19,51,19,2,91,0,0,0,91
01/21/2017,SBA,CA,AWP,WE,Combined TRACON& Tower with Radar,17,28,26,0,71,0,1,45,0,46,17,29,71,0,117,90,0,90,207
01/22/2017,SBA,CA,AWP,WE,Combined TRACON& Tower with Radar,19,36,17,0,72,0,0,0,0,0,19,36,17,0,72,0,0,0,72
01/23/2017,SBA,CA,AWP,WE,Combined TRACON& Tower with Radar,18,62,26,1,107,0,1,9,4,14,18,63,35,5,121,70,0,70,191
01/24/2017,SBA,CA,AWP,WE,Combined TRACON& Tower with Radar,19,64,25,0,108,0,0,56,0,56,19,64,81,0,164,44,0,44,208
01/25/2017,SBA,CA,AWP,WE,Combined TRACON& Tower with Radar,19,68,47,6,140,0,0,90,1,91,19,68,137,7,231,68,2,70,301
01/26/2017,SBA,CA,AWP,WE,Combined TRACON& Tower with Radar,19,71,32,0,122,0,3,101,5,109,19,74,133,5,231,90,0,90,321
01/27/2017,SBA,CA,AWP,WE,Combined TRACON& Tower with Radar,19,78,41,2,140,0,2,88,4,94,19,80,129,6,234,92,2,94,328
01/28/2017,SBA,CA,AWP,WE,Combined TRACON& Tower with Radar,19,25,32,0,76,0,3,112,0,115,19,28,144,0,191,52,0,52,243
01/29/2017,SBA,CA,AWP,WE,Combined TRACON& Tower with Radar,19,42,48,4,113,0,0,119,0,119,19,42,167,4,232,72,0,72,304
01/30/2017,SBA,CA,AWP,WE,Combined TRACON& Tower with Radar,19,58,49,5,131,0,1,72,3,76,19,59,121,8,207,32,0,32,239
01/31/2017,SBA,CA,AWP,WE,Combined TRACON& Tower with Radar,17,66,29,0,112,0,0,99,0,99,17,66,128,0,211,38,0,38,249
02/01/2017,SBA,CA,AWP,WE,Combined TRACON& Tower with Radar,19,62,49,0,130,0,2,75,0,77,19,64,124,0,207,98,0,98,305
02/02/2017,SBA,CA,AWP,WE,Combined TRACON& Tower with Radar,20,64,65,3,152,0,0,15,0,15,20,64,80,3,167,112,0,112,279
02/03/2017,SBA,CA,AWP,WE,Combined TRACON& Tower with Radar,19,70,53,2,144,0,0,0,0,0,19,70,53,2,144,0,0,0,144
02/04/2017,SBA,CA,AWP,WE,Combined TRACON& Tower with Radar,21,31,46,0,98,0,0,72,0,72,21,31,118,0,170,94,0,94,264
02/05/2017,SBA,CA,AWP,WE,Combined TRACON& Tower with Radar,18,41,65,0,124,0,0,25,0,25,18,41,90,0,149,88,0,88,237
02/06/2017,SBA,CA,AWP,WE,Combined TRACON& Tower with Radar,16,53,48,4,121,0,0,5,0,5,16,53,53,4,126,48,4,52,178
02/07/2017,SBA,CA,AWP,WE,Combined TRACON& Tower with Radar,17,50,44,4,115,0,0,0,0,0,17,50,44,4,115,0,0,0,115
02/08/2017,SBA,CA,AWP,WE,Combined TRACON& Tower with Radar,17,76,64,0,157,0,0,4,0,4,17,76,68,0,161,32,0,32,193
02/09/2017,SBA,CA,AWP,WE,Combined TRACON& Tower with Radar,23,72,39,0,134,0,2,27,0,29,23,74,66,0,163,46,0,46,209
02/10/2017,SBA,CA,AWP,WE,Combined TRACON& Tower with Radar,20,67,70,2,159,0,0,0,0,0,20,67,70,2,159,0,0,0,159
02/11/2017,SBA,CA,AWP,WE,Combined TRACON& Tower with Radar,20,23,40,0,83,0,1,83,0,84,20,24,123,0,167,0,0,0,167
02/12/2017,SBA,CA,AWP,WE,Combined TRACON& Tower with Radar,22,29,39,0,90,0,0,157,2,159,22,29,196,2,249,100,0,100,349
02/13/2017,SBA,CA,AWP,WE,Combined TRACON& Tower with Radar,19,65,33,11,128,0,3,101,3,107,19,68,134,14,235,54,0,54,289
02/14/2017,SBA,CA,AWP,WE,Combined TRACON& Tower with Radar,17,67,23,2,109,0,1,90,6,97,17,68,113,8,206,76,0,76,282
02/15/2017,SBA,CA,AWP,WE,Combined TRACON& Tower with Radar,19,69,50,2,140,0,2,103,3,108,19,71,153,5,248,80,0,80,328
02/16/2017,SBA,CA,AWP,WE,Combined TRACON& Tower with Radar,20,71,50,2,143,0,0,11,0,11,20,71,61,2,154,46,0,46,200
02/17/2017,SBA,CA,AWP,WE,Combined TRACON& Tower with Radar,12,31,18,0,61,0,0,0,0,0,12,31,18,0,61,0,0,0,61
02/18/2017,SBA,CA,AWP,WE,Combined TRACON& Tower with Radar,18,36,18,0,72,0,0,17,0,17,18,36,35,0,89,12,0,12,101
02/19/2017,SBA,CA,AWP,WE,Combined TRACON& Tower with Radar,22,32,58,0,112,0,0,72,4,76,22,32,130,4,188,64,0,64,252
02/20/2017,SBA,CA,AWP,WE,Combined TRACON& Tower with Radar,20,44,65,0,129,0,0,0,0,0,20,44,65,0,129,2,0,2,131
02/21/2017,SBA,CA,AWP,WE,Combined TRACON& Tower with Radar,20,59,30,0,109,0,0,1,0,1,20,59,31,0,110,12,0,12,122
02/22/2017,SBA,CA,AWP,WE,Combined TRACON& Tower with Radar,20,66,47,2,135,0,2,71,0,73,20,68,118,2,208,62,2,64,272
02/23/2017,SBA,CA,AWP,WE,Combined TRACON& Tower with Radar,20,72,29,3,124,0,1,62,6,69,20,73,91,9,193,120,0,120,313
02/24/2017,SBA,CA,AWP,WE,Combined TRACON& Tower with Radar,19,65,36,0,120,0,0,127,2,129,19,65,163,2,249,150,0,150,399
02/25/2017,SBA,CA,AWP,WE,Combined TRACON& Tower with Radar,20,36,43,2,101,0,2,127,2,131,20,38,170,4,232,150,0,150,382
02/26/2017,SBA,CA,AWP,WE,Combined TRACON& Tower with Radar,20,37,41,0,98,0,1,53,4,58,20,38,94,4,156,100,0,100,256
02/27/2017,SBA,CA,AWP,WE,Combined TRACON& Tower with Radar,19,61,46,3,129,0,0,33,1,34,19,61,79,4,163,98,0,98,261
02/28/2017,SBA,CA,AWP,WE,Combined TRACON& Tower with Radar,20,60,32,9,121,0,2,70,1,73,20,62,102,10,194,58,2,60,254
03/01/2017,SBA,CA,AWP,WE,Combined TRACON& Tower with Radar,20,54,40,2,116,0,2,111,0,113,20,56,151,2,229,174,0,174,403
03/02/2017,SBA,CA,AWP,WE,Combined TRACON& Tower with Radar,21,64,24,4,113,0,0,96,2,98,21,64,120,6,211,108,0,108,319
03/03/2017,SBA,CA,AWP,WE,Combined TRACON& Tower with Radar,22,64,33,2,121,0,0,128,0,128,22,64,161,2,249,120,2,122,371
03/04/2017,SBA,CA,AWP,WE,Combined TRACON& Tower with Radar,22,27,36,2,87,0,2,106,0,108,22,29,142,2,195,50,0,50,245
03/05/2017,SBA,CA,AWP,WE,Combined TRACON& Tower with Radar,25,39,29,0,93,0,0,30,0,30,25,39,59,0,123,32,0,32,155
03/06/2017,SBA,CA,AWP,WE,Combined TRACON& Tower with Radar,20,68,33,3,124,0,1,60,1,62,20,69,93,4,186,98,0,98,284
03/07/2017,SBA,CA,AWP,WE,Combined TRACON& Tower with Radar,17,66,23,2,108,0,5,65,0,70,17,71,88,2,178,0,0,0,178
03/08/2017,SBA,CA,AWP,WE,Combined TRACON& Tower with Radar,20,60,28,3,111,0,0,89,4,93,20,60,117,7,204,112,0,112,316
03/09/2017,SBA,CA,AWP,WE,Combined TRACON& Tower with Radar,20,58,38,0,116,0,1,104,3,108,20,59,142,3,224,56,0,56,280
03/10/2017,SBA,CA,AWP,WE,Combined TRACON& Tower with Radar,18,67,38,2,125,0,2,93,4,99,18,69,131,6,224,134,0,134,358
03/11/2017,SBA,CA,AWP,WE,Combined TRACON& Tower with Radar,17,35,19,1,72,0,4,135,6,145,17,39,154,7,217,110,0,110,327
03/12/2017,SBA,CA,AWP,WE,Combined TRACON& Tower with Radar,20,38,64,5,127,0,0,122,1,123,20,38,186,6,250,72,4,76,326
03/13/2017,SBA,CA,AWP,WE,Combined TRACON& Tower with Radar,17,61,33,2,113,0,2,49,0,51,17,63,82,2,164,94,0,94,258
03/14/2017,SBA,CA,AWP,WE,Combined TRACON& Tower with Radar,18,63,36,2,119,0,0,42,0,42,18,63,78,2,161,52,0,52,213
03/15/2017,SBA,CA,AWP,WE,Combined TRACON& Tower with Radar,16,72,42,1,131,0,0,56,1,57,16,72,98,2,188,126,0,126,314
03/16/2017,SBA,CA,AWP,WE,Combined TRACON& Tower with Radar,19,76,30,12,137,0,0,90,4,94,19,76,120,16,231,94,4,98,329
03/17/2017,SBA,CA,AWP,WE,Combined TRACON& Tower with Radar,18,72,64,2,156,0,0,44,0,44,18,72,108,2,200,0,0,0,200
03/18/2017,SBA,CA,AWP,WE,Combined TRACON& Tower with Radar,20,39,72,2,133,0,0,53,1,54,20,39,125,3,187,34,0,34,221
03/19/2017,SBA,CA,AWP,WE,Combined TRACON& Tower with Radar,15,48,74,0,137,0,2,43,0,45,15,50,117,0,182,48,0,48,230
03/20/2017,SBA,CA,AWP,WE,Combined TRACON& Tower with Radar,18,59,32,8,117,0,1,51,1,53,18,60,83,9,170,206,2,208,378
03/21/2017,SBA,CA,AWP,WE,Combined TRACON& Tower with Radar,18,65,42,2,127,0,0,0,0,0,18,65,42,2,127,0,0,0,127
03/22/2017,SBA,CA,AWP,WE,Combined TRACON& Tower with Radar,18,60,24,3,105,0,1,28,4,33,18,61,52,7,138,98,10,108,246
03/23/2017,SBA,CA,AWP,WE,Combined TRACON& Tower with Radar,19,57,43,2,121,0,0,94,2,96,19,57,137,4,217,106,0,106,323
03/24/2017,SBA,CA,AWP,WE,Combined TRACON& Tower with Radar,20,71,42,2,135,0,0,69,4,73,20,71,111,6,208,176,0,176,384
03/25/2017,SBA,CA,AWP,WE,Combined TRACON& Tower with Radar,18,35,64,0,117,0,0,47,5,52,18,35,111,5,169,30,0,30,199
03/26/2017,SBA,CA,AWP,WE,Combined TRACON& Tower with Radar,22,36,52,0,110,0,0,99,0,99,22,36,151,0,209,100,0,100,309
03/27/2017,SBA,CA,AWP,WE,Combined TRACON& Tower with Radar,18,60,36,4,118,0,0,56,0,56,18,60,92,4,174,46,0,46,220
03/28/2017,SBA,CA,AWP,WE,Combined TRACON& Tower with Radar,18,69,27,1,115,0,2,67,3,72,18,71,94,4,187,22,0,22,209
03/29/2017,SBA,CA,AWP,WE,Combined TRACON& Tower with Radar,20,69,41,0,130,0,1,110,3,114,20,70,151,3,244,68,0,68,312
03/30/2017,SBA,CA,AWP,WE,Combined TRACON& Tower with Radar,18,63,27,3,111,0,2,63,1,66,18,65,90,4,177,76,2,78,255
03/31/2017,SBA,CA,AWP,WE,Combined TRACON& Tower with Radar,18,69,36,0,123,0,1,83,6,90,18,70,119,6,213,32,0,32,245
04/01/2017,SBA,CA,AWP,WE,Combined TRACON& Tower with Radar,22,37,43,0,102,0,2,146,3,151,22,39,189,3,253,66,0,66,319
04/02/2017,SBA,CA,AWP,WE,Combined TRACON& Tower with Radar,23,52,64,0,139,0,1,146,3,150,23,53,210,3,289,94,0,94,383
04/03/2017,SBA,CA,AWP,WE,Combined TRACON& Tower with Radar,15,67,76,4,162,0,0,1,0,1,15,67,77,4,163,0,0,0,163
04/04/2017,SBA,CA,AWP,WE,Combined TRACON& Tower with Radar,20,62,51,0,133,0,0,68,0,68,20,62,119,0,201,40,0,40,241
04/05/2017,SBA,CA,AWP,WE,Combined TRACON& Tower with Radar,22,63,37,2,124,0,5,114,5,124,22,68,151,7,248,118,0,118,366
04/06/2017,SBA,CA,AWP,WE,Combined TRACON& Tower with Radar,20,65,75,3,163,0,0,60,0,60,20,65,135,3,223,66,0,66,289
04/07/2017,SBA,CA,AWP,WE,Combined TRACON& Tower with Radar,21,52,55,4,132,0,1,35,0,36,21,53,90,4,168,52,0,52,220
04/08/2017,SBA,CA,AWP,WE,Combined TRACON& Tower with Radar,24,30,31,0,85,0,0,67,0,67,24,30,98,0,152,40,0,40,192
04/09/2017,SBA,CA,AWP,WE,Combined TRACON& Tower with Radar,23,25,38,0,86,0,0,104,2,106,23,25,142,2,192,170,0,170,362
04/10/2017,SBA,CA,AWP,WE,Combined TRACON& Tower with Radar,23,58,41,0,122,0,0,101,1,102,23,58,142,1,224,46,0,46,270
04/11/2017,SBA,CA,AWP,WE,Combined TRACON& Tower with Radar,22,59,36,2,119,0,3,64,0,67,22,62,100,2,186,118,0,118,304
04/12/2017,SBA,CA,AWP,WE,Combined TRACON& Tower with Radar,26,62,40,0,128,0,0,58,4,62,26,62,98,4,190,156,0,156,346
04/13/2017,SBA,CA,AWP,WE,Combined TRACON& Tower with Radar,22,73,55,0,150,0,0,42,0,42,22,73,97,0,192,22,0,22,214
04/14/2017,SBA,CA,AWP,WE,Combined TRACON& Tower with Radar,20,64,44,6,134,0,0,106,2,108,20,64,150,8,242,136,0,136,378
04/15/2017,SBA,CA,AWP,WE,Combined TRACON& Tower with Radar,23,26,28,0,77,0,2,137,2,141,23,28,165,2,218,116,0,116,334
04/16/2017,SBA,CA,AWP,WE,Combined TRACON& Tower with Radar,21,39,41,0,101,0,1,111,0,112,21,40,152,0,213,42,0,42,255
04/17/2017,SBA,CA,AWP,WE,Combined TRACON& Tower with Radar,23,62,58,2,145,0,0,8,0,8,23,62,66,2,153,30,0,30,183
04/18/2017,SBA,CA,AWP,WE,Combined TRACON& Tower with Radar,24,61,64,2,151,0,0,7,0,7,24,61,71,2,158,90,0,90,248
04/19/2017,SBA,CA,AWP,WE,Combined TRACON& Tower with Radar,23,51,59,0,133,0,1,88,4,93,23,52,147,4,226,182,0,182,408
04/20/2017,SBA,CA,AWP,WE,Combined TRACON& Tower with Radar,25,61,61,3,150,0,4,52,2,58,25,65,113,5,208,29,0,29,237
04/21/2017,SBA,CA,AWP,WE,Combined TRACON& Tower with Radar,23,67,47,3,140,0,7,127,3,137,23,74,174,6,277,106,0,106,383
04/22/2017,SBA,CA,AWP,WE,Combined TRACON& Tower with Radar,21,26,27,2,76,0,2,130,0,132,21,28,157,2,208,114,0,114,322
04/23/2017,SBA,CA,AWP,WE,Combined TRACON& Tower with Radar,23,36,37,0,96,0,0,120,4,124,23,36,157,4,220,86,0,86,306
04/24/2017,SBA,CA,AWP,WE,Combined TRACON& Tower with Radar,21,47,46,5,119,0,0,69,0,69,21,47,115,5,188,92,0,92,280
04/25/2017,SBA,CA,AWP,WE,Combined TRACON& Tower with Radar,21,59,26,6,112,0,0,45,1,46,21,59,71,7,158,54,0,54,212
04/26/2017,SBA,CA,AWP,WE,Combined TRACON& Tower with Radar,23,68,41,4,136,0,2,68,3,73,23,70,109,7,209,64,0,64,273
04/27/2017,SBA,CA,AWP,WE,Combined TRACON& Tower with Radar,23,53,49,7,132,0,0,65,2,67,23,53,114,9,199,126,0,126,325
04/28/2017,SBA,CA,AWP,WE,Combined TRACON& Tower with Radar,19,55,43,0,117,0,0,66,0,66,19,55,109,0,183,103,0,103,286
04/29/2017,SBA,CA,AWP,WE,Combined TRACON& Tower with Radar,26,25,18,0,69,0,2,98,0,100,26,27,116,0,169,80,0,80,249
04/30/2017,SBA,CA,AWP,WE,Combined TRACON& Tower with Radar,22,34,40,0,96,0,2,131,0,133,22,36,171,0,229,106,0,106,335
05/01/2017,SBA,CA,AWP,WE,Combined TRACON& Tower with Radar,22,57,36,7,122,0,3,127,5,135,22,60,163,12,257,70,0,70,327
05/02/2017,SBA,CA,AWP,WE,Combined TRACON& Tower with Radar,23,63,38,2,126,0,3,99,2,104,23,66,137,4,230,70,0,70,300
05/03/2017,SBA,CA,AWP,WE,Combined TRACON& Tower with Radar,25,60,44,2,131,0,4,82,3,89,25,64,126,5,220,36,0,36,256
05/04/2017,SBA,CA,AWP,WE,Combined TRACON& Tower with Radar,24,74,81,0,179,0,2,21,0,23,24,76,102,0,202,18,0,18,220
05/05/2017,SBA,CA,AWP,WE,Combined TRACON& Tower with Radar,20,64,92,3,179,0,0,11,1,12,20,64,103,4,191,0,0,0,191
05/06/2017,SBA,CA,AWP,WE,Combined TRACON& Tower with Radar,19,27,47,0,93,0,0,29,0,29,19,27,76,0,122,2,0,2,124
05/07/2017,SBA,CA,AWP,WE,Combined TRACON& Tower with Radar,28,35,47,0,110,0,0,20,4,24,28,35,67,4,134,168,0,168,302
05/08/2017,SBA,CA,AWP,WE,Combined TRACON& Tower with Radar,23,55,27,2,107,0,4,69,0,73,23,59,96,2,180,134,0,134,314
05/09/2017,SBA,CA,AWP,WE,Combined TRACON& Tower with Radar,21,57,67,2,147,0,2,11,0,13,21,59,78,2,160,16,0,16,176
05/10/2017,SBA,CA,AWP,WE,Combined TRACON& Tower with Radar,21,50,88,1,160,0,0,39,3,42,21,50,127,4,202,90,0,90,292
05/11/2017,SBA,CA,AWP,WE,Combined TRACON& Tower with Radar,20,59,42,6,127,0,1,70,2,73,20,60,112,8,200,46,0,46,246
05/12/2017,SBA,CA,AWP,WE,Combined TRACON& Tower with Radar,21,60,52,10,143,0,1,68,2,71,21,61,120,12,214,113,0,113,327
05/13/2017,SBA,CA,AWP,WE,Combined TRACON& Tower with Radar,21,21,27,0,69,0,4,114,0,118,21,25,141,0,187,52,0,52,239
05/14/2017,SBA,CA,AWP,WE,Combined TRACON& Tower with Radar,26,36,27,2,91,0,0,108,3,111,26,36,135,5,202,96,0,96,298
05/15/2017,SBA,CA,AWP,WE,Combined TRACON& Tower with Radar,22,60,46,1,129,0,4,46,4,54,22,64,92,5,183,94,0,94,277
05/16/2017,SBA,CA,AWP,WE,Combined TRACON& Tower with Radar,21,71,17,2,111,0,8,69,0,77,21,79,86,2,188,62,2,64,252
05/17/2017,SBA,CA,AWP,WE,Combined TRACON& Tower with Radar,20,67,35,8,130,0,3,65,5,73,20,70,100,13,203,36,10,46,249
05/18/2017,SBA,CA,AWP,WE,Combined TRACON& Tower with Radar,21,57,37,3,118,0,1,101,1,103,21,58,138,4,221,128,0,128,349
05/19/2017,SBA,CA,AWP,WE,Combined TRACON& Tower with Radar,21,62,44,0,127,0,2,121,8,131,21,64,165,8,258,88,0,88,346
05/20/2017,SBA,CA,AWP,WE,Combined TRACON& Tower with Radar,19,28,35,0,82,0,2,146,1,149,19,30,181,1,231,70,0,70,301
05/21/2017,SBA,CA,AWP,WE,Combined TRACON& Tower with Radar,24,35,37,2,98,0,0,110,5,115,24,35,147,7,213,82,0,82,295
05/22/2017,SBA,CA,AWP,WE,Combined TRACON& Tower with Radar,22,53,45,0,120,0,1,41,0,42,22,54,86,0,162,50,0,50,212
05/23/2017,SBA,CA,AWP,WE,Combined TRACON& Tower with Radar,21,62,55,5,143,0,1,43,1,45,21,63,98,6,188,44,0,44,232
05/24/2017,SBA,CA,AWP,WE,Combined TRACON& Tower with Radar,21,63,54,8,146,0,0,39,5,44,21,63,93,13,190,12,6,18,208
05/25/2017,SBA,CA,AWP,WE,Combined TRACON& Tower with Radar,19,60,64,1,144,0,0,25,2,27,19,60,89,3,171,70,0,70,241
05/26/2017,SBA,CA,AWP,WE,Combined TRACON& Tower with Radar,21,72,70,1,164,0,0,52,0,52,21,72,122,1,216,100,6,106,322
05/27/2017,SBA,CA,AWP,WE,Combined TRACON& Tower with Radar,21,21,33,0,75,0,1,111,2,114,21,22,144,2,189,88,0,88,277
05/28/2017,SBA,CA,AWP,WE,Combined TRACON& Tower with Radar,19,17,37,0,73,0,1,111,2,114,19,18,148,2,187,30,0,30,217
05/29/2017,SBA,CA,AWP,WE,Combined TRACON& Tower with Radar,22,48,60,5,135,0,3,98,0,101,22,51,158,5,236,60,0,60,296
05/30/2017,SBA,CA,AWP,WE,Combined TRACON& Tower with Radar,23,58,57,0,138,0,5,19,0,24,23,63,76,0,162,10,0,10,172
05/31/2017,SBA,CA,AWP,WE,Combined TRACON& Tower with Radar,21,67,60,6,154,0,0,43,3,46,21,67,103,9,200,20,2,22,222
06/01/2017,SBA,CA,AWP,WE,Combined TRACON& Tower with Radar,25,65,62,7,159,0,0,69,0,69,25,65,131,7,228,76,4,80,308
06/02/2017,SBA,CA,AWP,WE,Combined TRACON& Tower with Radar,19,61,59,0,139,0,0,104,0,104,19,61,163,0,243,40,0,40,283
06/03/2017,SBA,CA,AWP,WE,Combined TRACON& Tower with Radar,23,29,61,2,115,0,0,87,0,87,23,29,148,2,202,6,0,6,208
06/04/2017,SBA,CA,AWP,WE,Combined TRACON& Tower with Radar,18,41,88,0,147,0,0,69,2,71,18,41,157,2,218,8,0,8,226
06/05/2017,SBA,CA,AWP,WE,Combined TRACON& Tower with Radar,20,61,40,9,130,0,4,43,0,47,20,65,83,9,177,18,2,20,197
06/06/2017,SBA,CA,AWP,WE,Combined TRACON& Tower with Radar,20,64,53,5,142,0,1,21,4,26,20,65,74,9,168,102,4,106,274
06/07/2017,SBA,CA,AWP,WE,Combined TRACON& Tower with Radar,22,62,72,0,156,0,0,26,0,26,22,62,98,0,182,40,0,40,222
06/08/2017,SBA,CA,AWP,WE,Combined TRACON& Tower with Radar,24,53,54,7,138,0,4,42,0,46,24,57,96,7,184,76,0,76,260
06/09/2017,SBA,CA,AWP,WE,Combined TRACON& Tower with Radar,26,58,43,6,133,0,1,73,3,77,26,59,116,9,210,38,0,38,248
06/10/2017,SBA,CA,AWP,WE,Combined TRACON& Tower with Radar,23,37,38,4,102,0,1,60,8,69,23,38,98,12,171,142,0,142,313
06/11/2017,SBA,CA,AWP,WE,Combined TRACON& Tower with Radar,24,39,63,0,126,0,0,37,0,37,24,39,100,0,163,34,0,34,197
06/12/2017,SBA,CA,AWP,WE,Combined TRACON& Tower with Radar,24,55,32,7,118,0,0,49,3,52,24,55,81,10,170,30,4,34,204
06/13/2017,SBA,CA,AWP,WE,Combined TRACON& Tower with Radar,26,52,44,4,126,0,0,86,2,88,26,52,130,6,214,58,0,58,272
06/14/2017,SBA,CA,AWP,WE,Combined TRACON& Tower with Radar,26,62,22,6,116,0,0,86,0,86,26,62,108,6,202,156,4,160,362
06/15/2017,SBA,CA,AWP,WE,Combined TRACON& Tower with Radar,25,53,36,5,119,0,6,108,8,122,25,59,144,13,241,70,0,70,311
06/16/2017,SBA,CA,AWP,WE,Combined TRACON& Tower with Radar,26,66,62,2,156,0,2,121,1,124,26,68,183,3,280,89,0,89,369
06/17/2017,SBA,CA,AWP,WE,Combined TRACON& Tower with Radar,23,36,44,0,103,0,0,104,0,104,23,36,148,0,207,36,0,36,243
06/18/2017,SBA,CA,AWP,WE,Combined TRACON& Tower with Radar,22,43,56,1,122,0,0,68,0,68,22,43,124,1,190,40,0,40,230
06/19/2017,SBA,CA,AWP,WE,Combined TRACON& Tower with Radar,23,54,43,0,120,0,0,51,0,51,23,54,94,0,171,0,0,0,171
06/20/2017,SBA,CA,AWP,WE,Combined TRACON& Tower with Radar,24,52,49,0,125,0,2,62,3,67,24,54,111,3,192,74,0,74,266
06/21/2017,SBA,CA,AWP,WE,Combined TRACON& Tower with Radar,28,52,23,1,104,0,2,74,4,80,28,54,97,5,184,48,0,48,232
06/22/2017,SBA,CA,AWP,WE,Combined TRACON& Tower with Radar,26,62,54,5,147,0,1,31,0,32,26,63,85,5,179,40,2,42,221
06/23/2017,SBA,CA,AWP,WE,Combined TRACON& Tower with Radar,26,52,79,0,157,0,0,29,0,29,26,52,108,0,186,40,0,40,226
06/24/2017,SBA,CA,AWP,WE,Combined TRACON& Tower with Radar,23,29,28,0,80,0,2,80,0,82,23,31,108,0,162,12,0,12,174
06/25/2017,SBA,CA,AWP,WE,Combined TRACON& Tower with Radar,23,38,41,2,104,0,4,147,3,154,23,42,188,5,258,114,0,114,372
06/26/2017,SBA,CA,AWP,WE,Combined TRACON& Tower with Radar,26,58,31,0,115,0,5,95,1,101,26,63,126,1,216,66,0,66,282
06/27/2017,SBA,CA,AWP,WE,Combined TRACON& Tower with Radar,26,58,32,6,122,0,1,92,0,93,26,59,124,6,215,38,4,42,257
06/28/2017,SBA,CA,AWP,WE,Combined TRACON& Tower with Radar,26,62,29,6,123,0,2,70,4,76,26,64,99,10,199,102,0,102,301
06/29/2017,SBA,CA,AWP,WE,Combined TRACON& Tower with Radar,26,62,55,3,146,0,0,50,6,56,26,62,105,9,202,92,0,92,294
06/30/2017,SBA,CA,AWP,WE,Combined TRACON& Tower with Radar,26,70,52,6,154,0,2,82,2,86,26,72,134,8,240,130,0,130,370
07/01/2017,SBA,CA,AWP,WE,Combined TRACON& Tower with Radar,24,31,35,0,90,0,0,104,0,104,24,31,139,0,194,120,0,120,314
07/02/2017,SBA,CA,AWP,WE,Combined TRACON& Tower with Radar,22,29,49,0,100,0,0,56,0,56,22,29,105,0,156,44,0,44,200
07/03/2017,SBA,CA,AWP,WE,Combined TRACON& Tower with Radar,24,39,48,0,111,0,0,70,0,70,24,39,118,0,181,14,0,14,195
07/04/2017,SBA,CA,AWP,WE,Combined TRACON& Tower with Radar,23,22,34,1,80,0,0,54,1,55,23,22,88,2,135,30,0,30,165
07/05/2017,SBA,CA,AWP,WE,Combined TRACON& Tower with Radar,23,64,33,2,122,0,0,61,4,65,23,64,94,6,187,24,14,38,225
07/06/2017,SBA,CA,AWP,WE,Combined TRACON& Tower with Radar,21,53,34,4,112,0,1,83,3,87,21,54,117,7,199,48,2,50,249
07/07/2017,SBA,CA,AWP,WE,Combined TRACON& Tower with Radar,24,62,37,3,126,0,0,114,3,117,24,62,151,6,243,56,0,56,299
07/08/2017,SBA,CA,AWP,WE,Combined TRACON& Tower with Radar,25,37,47,0,109,0,2,133,0,135,25,39,180,0,244,56,0,56,300
07/09/2017,SBA,CA,AWP,WE,Combined TRACON& Tower with Radar,27,44,42,0,113,0,3,100,0,103,27,47,142,0,216,61,0,61,277
07/10/2017,SBA,CA,AWP,WE,Combined TRACON& Tower with Radar,25,61,35,5,126,0,0,58,6,64,25,61,93,11,190,32,2,34,224
07/11/2017,SBA,CA,AWP,WE,Combined TRACON& Tower with Radar,27,54,45,4,130,0,0,61,5,66,27,54,106,9,196,38,0,38,234
07/12/2017,SBA,CA,AWP,WE,Combined TRACON& Tower with Radar,24,75,72,8,179,0,1,28,1,30,24,76,100,9,209,0,0,0,209
07/13/2017,SBA,CA,AWP,WE,Combined TRACON& Tower with Radar,25,59,49,4,137,0,0,43,6,49,25,59,92,10,186,28,4,32,218
07/14/2017,SBA,CA,AWP,WE,Combined TRACON& Tower with Radar,25,66,63,0,154,0,0,39,4,43,25,66,102,4,197,0,0,0,197
07/15/2017,SBA,CA,AWP,WE,Combined TRACON& Tower with Radar,24,28,31,0,83,0,0,103,3,106,24,28,134,3,189,26,0,26,215
07/16/2017,SBA,CA,AWP,WE,Combined TRACON& Tower with Radar,27,40,49,0,116,0,0,81,5,86,27,40,130,5,202,28,0,28,230
07/17/2017,SBA,CA,AWP,WE,Combined TRACON& Tower with Radar,24,63,67,2,156,0,0,36,0,36,24,63,103,2,192,8,4,12,204
07/18/2017,SBA,CA,AWP,WE,Combined TRACON& Tower with Radar,25,59,44,0,128,0,0,49,3,52,25,59,93,3,180,0,0,0,180
07/19/2017,SBA,CA,AWP,WE,Combined TRACON& Tower with Radar,26,65,44,0,135,0,1,54,2,57,26,66,98,2,192,18,0,18,210
07/20/2017,SBA,CA,AWP,WE,Combined TRACON& Tower with Radar,25,65,32,1,123,0,0,92,1,93,25,65,124,2,216,31,4,35,251
07/21/2017,SBA,CA,AWP,WE,Combined TRACON& Tower with Radar,26,73,54,2,155,0,1,97,2,100,26,74,151,4,255,49,0,49,304
07/22/2017,SBA,CA,AWP,WE,Combined TRACON& Tower with Radar,23,27,41,0,91,0,2,89,3,94,23,29,130,3,185,86,0,86,271
07/23/2017,SBA,CA,AWP,WE,Combined TRACON& Tower with Radar,27,34,67,2,130,0,0,80,4,84,27,34,147,6,214,62,0,62,276
07/24/2017,SBA,CA,AWP,WE,Combined TRACON& Tower with Radar,24,56,53,0,133,0,1,51,0,52,24,57,104,0,185,64,0,64,249
07/25/2017,SBA,CA,AWP,WE,Combined TRACON& Tower with Radar,25,55,31,0,111,0,0,47,4,51,25,55,78,4,162,59,0,59,221
07/26/2017,SBA,CA,AWP,WE,Combined TRACON& Tower with Radar,25,56,44,0,125,0,2,83,1,86,25,58,127,1,211,48,0,48,259
07/27/2017,SBA,CA,AWP,WE,Combined TRACON& Tower with Radar,26,64,58,5,153,0,1,99,2,102,26,65,157,7,255,88,4,92,347
07/28/2017,SBA,CA,AWP,WE,Combined TRACON& Tower with Radar,26,70,59,7,162,0,0,54,1,55,26,70,113,8,217,32,0,32,249
07/29/2017,SBA,CA,AWP,WE,Combined TRACON& Tower with Radar,22,32,34,0,88,0,0,113,2,115,22,32,147,2,203,70,0,70,273
07/30/2017,SBA,CA,AWP,WE,Combined TRACON& Tower with Radar,27,48,83,0,158,0,0,57,0,57,27,48,140,0,215,24,0,24,239
07/31/2017,SBA,CA,AWP,WE,Combined TRACON& Tower with Radar,25,71,40,0,136,0,0,51,0,51,25,71,91,0,187,56,0,56,243
08/01/2017,SBA,CA,AWP,WE,Combined TRACON& Tower with Radar,27,55,47,0,129,0,0,59,3,62,27,55,106,3,191,102,0,102,293
08/02/2017,SBA,CA,AWP,WE,Combined TRACON& Tower with Radar,25,61,31,9,126,0,0,70,4,74,25,61,101,13,200,72,8,80,280
08/03/2017,SBA,CA,AWP,WE,Combined TRACON& Tower with Radar,25,51,28,8,112,0,3,89,2,94,25,54,117,10,206,138,20,158,364
08/04/2017,SBA,CA,AWP,WE,Combined TRACON& Tower with Radar,27,57,46,3,133,0,2,97,0,99,27,59,143,3,232,138,0,138,370
08/05/2017,SBA,CA,AWP,WE,Combined TRACON& Tower with Radar,26,38,39,3,106,0,2,112,2,116,26,40,151,5,222,106,0,106,328
08/06/2017,SBA,CA,AWP,WE,Combined TRACON& Tower with Radar,27,37,32,0,96,0,0,130,8,138,27,37,162,8,234,76,0,76,310
08/07/2017,SBA,CA,AWP,WE,Combined TRACON& Tower with Radar,24,62,45,0,131,0,1,78,2,81,24,63,123,2,212,130,0,130,342
08/08/2017,SBA,CA,AWP,WE,Combined TRACON& Tower with Radar,25,54,30,2,111,0,0,86,1,87,25,54,116,3,198,96,0,96,294
08/09/2017,SBA,CA,AWP,WE,Combined TRACON& Tower with Radar,22,59,33,3,117,0,1,60,0,61,22,60,93,3,178,70,0,70,248
08/10/2017,SBA,CA,AWP,WE,Combined TRACON& Tower with Radar,23,65,41,3,132,0,0,111,4,115,23,65,152,7,247,132,6,138,385
08/11/2017,SBA,CA,AWP,WE,Combined TRACON& Tower with Radar,26,58,36,0,120,0,1,91,0,92,26,59,127,0,212,88,0,88,300
08/12/2017,SBA,CA,AWP,WE,Combined TRACON& Tower with Radar,23,36,44,1,104,0,6,86,1,93,23,42,130,2,197,54,0,54,251
08/13/2017,SBA,CA,AWP,WE,Combined TRACON& Tower with Radar,27,46,80,3,156,0,2,78,2,82,27,48,158,5,238,52,0,52,290
08/14/2017,SBA,CA,AWP,WE,Combined TRACON& Tower with Radar,22,54,55,6,137,0,2,37,1,40,22,56,92,7,177,74,0,74,251
08/15/2017,SBA,CA,AWP,WE,Combined TRACON& Tower with Radar,21,58,45,5,129,0,1,26,5,32,21,59,71,10,161,84,2,86,247
08/16/2017,SBA,CA,AWP,WE,Combined TRACON& Tower with Radar,25,64,59,8,156,0,1,61,4,66,25,65,120,12,222,84,0,84,306
08/17/2017,SBA,CA,AWP,WE,Combined TRACON& Tower with Radar,24,71,55,2,152,0,0,92,0,92,24,71,147,2,244,80,0,80,324
08/18/2017,SBA,CA,AWP,WE,Combined TRACON& Tower with Radar,23,63,37,8,131,0,5,92,2,99,23,68,129,10,230,68,0,68,298
08/19/2017,SBA,CA,AWP,WE,Combined TRACON& Tower with Radar,21,39,48,1,109,0,0,55,1,56,21,39,103,2,165,56,0,56,221
08/20/2017,SBA,CA,AWP,WE,Combined TRACON& Tower with Radar,23,50,47,1,121,0,1,46,1,48,23,51,93,2,169,70,0,70,239
08/21/2017,SBA,CA,AWP,WE,Combined TRACON& Tower with Radar,23,64,43,2,132,0,0,56,0,56,23,64,99,2,188,36,0,36,224
08/22/2017,SBA,CA,AWP,WE,Combined TRACON& Tower with Radar,20,64,32,2,118,0,1,76,4,81,20,65,108,6,199,86,2,88,287
08/23/2017,SBA,CA,AWP,WE,Combined TRACON& Tower with Radar,22,62,45,10,139,0,0,42,0,42,22,62,87,10,181,22,6,28,209
08/24/2017,SBA,CA,AWP,WE,Combined TRACON& Tower with Radar,23,77,39,4,143,0,0,65,1,66,23,77,104,5,209,130,0,130,339
08/25/2017,SBA,CA,AWP,WE,Combined TRACON& Tower with Radar,23,72,62,0,157,0,0,32,0,32,23,72,94,0,189,32,0,32,221
08/26/2017,SBA,CA,AWP,WE,Combined TRACON& Tower with Radar,19,41,36,0,96,0,1,51,3,55,19,42,87,3,151,36,0,36,187
08/27/2017,SBA,CA,AWP,WE,Combined TRACON& Tower with Radar,19,46,35,0,100,0,1,95,0,96,19,47,130,0,196,62,0,62,258
08/28/2017,SBA,CA,AWP,WE,Combined TRACON& Tower with Radar,23,56,44,1,124,0,6,63,6,75,23,62,107,7,199,44,0,44,243
08/29/2017,SBA,CA,AWP,WE,Combined TRACON& Tower with Radar,20,48,23,2,93,0,0,114,2,116,20,48,137,4,209,50,0,50,259
08/30/2017,SBA,CA,AWP,WE,Combined TRACON& Tower with Radar,22,61,35,0,118,0,0,77,2,79,22,61,112,2,197,94,0,94,291
08/31/2017,SBA,CA,AWP,WE,Combined TRACON& Tower with Radar,23,60,37,6,126,0,5,78,2,85,23,65,115,8,211,70,0,70,281
09/01/2017,SBA,CA,AWP,WE,Combined TRACON& Tower with Radar,23,73,39,0,135,0,3,95,0,98,23,76,134,0,233,36,0,36,269
09/02/2017,SBA,CA,AWP,WE,Combined TRACON& Tower with Radar,19,32,37,3,91,0,1,103,1,105,19,33,140,4,196,82,0,82,278
09/03/2017,SBA,CA,AWP,WE,Combined TRACON& Tower with Radar,19,28,37,0,84,0,4,55,0,59,19,32,92,0,143,2,0,2,145
09/04/2017,SBA,CA,AWP,WE,Combined TRACON& Tower with Radar,21,44,93,0,158,0,0,17,2,19,21,44,110,2,177,40,0,40,217
09/05/2017,SBA,CA,AWP,WE,Combined TRACON& Tower with Radar,20,60,33,0,113,0,2,56,0,58,20,62,89,0,171,102,0,102,273
09/06/2017,SBA,CA,AWP,WE,Combined TRACON& Tower with Radar,25,50,50,7,132,0,0,53,1,54,25,50,103,8,186,104,0,104,290
09/07/2017,SBA,CA,AWP,WE,Combined TRACON& Tower with Radar,26,66,33,2,127,0,0,84,1,85,26,66,117,3,212,130,0,130,342
09/08/2017,SBA,CA,AWP,WE,Combined TRACON& Tower with Radar,27,61,41,4,133,0,2,107,4,113,27,63,148,8,246,114,0,114,360
09/09/2017,SBA,CA,AWP,WE,Combined TRACON& Tower with Radar,23,26,26,1,76,0,0,99,3,102,23,26,125,4,178,110,0,110,288
09/10/2017,SBA,CA,AWP,WE,Combined TRACON& Tower with Radar,24,42,35,0,101,0,0,74,1,75,24,42,109,1,176,128,0,128,304
09/11/2017,SBA,CA,AWP,WE,Combined TRACON& Tower with Radar,25,54,41,0,120,0,0,176,2,178,25,54,217,2,298,104,0,104,402
09/12/2017,SBA,CA,AWP,WE,Combined TRACON& Tower with Radar,29,52,36,0,117,0,0,48,3,51,29,52,84,3,168,110,0,110,278
09/13/2017,SBA,CA,AWP,WE,Combined TRACON& Tower with Radar,26,56,38,4,124,0,0,56,2,58,26,56,94,6,182,112,0,112,294
09/14/2017,SBA,CA,AWP,WE,Combined TRACON& Tower with Radar,27,62,47,9,145,0,2,73,3,78,27,64,120,12,223,102,0,102,325
09/15/2017,SBA,CA,AWP,WE,Combined TRACON& Tower with Radar,27,76,44,2,149,0,0,89,0,89,27,76,133,2,238,92,0,92,330
09/16/2017,SBA,CA,AWP,WE,Combined TRACON& Tower with Radar,23,32,28,1,84,0,0,101,4,105,23,32,129,5,189,90,0,90,279
09/17/2017,SBA,CA,AWP,WE,Combined TRACON& Tower with Radar,25,44,70,0,139,0,0,46,2,48,25,44,116,2,187,70,0,70,257
09/18/2017,SBA,CA,AWP,WE,Combined TRACON& Tower with Radar,28,51,43,3,125,0,0,80,2,82,28,51,123,5,207,38,0,38,245
09/19/2017,SBA,CA,AWP,WE,Combined TRACON& Tower with Radar,25,63,67,2,157,0,3,33,0,36,25,66,100,2,193,52,0,52,245
09/20/2017,SBA,CA,AWP,WE,Combined TRACON& Tower with Radar,26,55,28,4,113,0,0,48,7,55,26,55,76,11,168,118,0,118,286
09/21/2017,SBA,CA,AWP,WE,Combined TRACON& Tower with Radar,26,60,50,9,145,0,0,44,7,51,26,60,94,16,196,24,0,24,220
09/22/2017,SBA,CA,AWP,WE,Combined TRACON& Tower with Radar,27,68,37,0,132,0,0,95,1,96,27,68,132,1,228,64,0,64,292
09/23/2017,SBA,CA,AWP,WE,Combined TRACON& Tower with Radar,21,27,44,0,92,0,0,141,0,141,21,27,185,0,233,131,0,131,364
09/24/2017,SBA,CA,AWP,WE,Combined TRACON& Tower with Radar,25,50,43,5,123,0,1,103,2,106,25,51,146,7,229,78,4,82,311
09/25/2017,SBA,CA,AWP,WE,Combined TRACON& Tower with Radar,27,54,44,3,128,0,0,79,3,82,27,54,123,6,210,16,0,16,226
09/26/2017,SBA,CA,AWP,WE,Combined TRACON& Tower with Radar,26,51,32,2,111,0,0,76,0,76,26,51,108,2,187,116,0,116,303
09/27/2017,SBA,CA,AWP,WE,Combined TRACON& Tower with Radar,26,67,34,2,129,0,0,50,2,52,26,67,84,4,181,22,0,22,203
09/28/2017,SBA,CA,AWP,WE,Combined TRACON& Tower with Radar,27,77,54,3,161,0,0,66,3,69,27,77,120,6,230,96,0,96,326
09/29/2017,SBA,CA,AWP,WE,Combined TRACON& Tower with Radar,27,64,51,2,144,0,2,105,2,109,27,66,156,4,253,218,0,218,471
09/30/2017,SBA,CA,AWP,WE,Combined TRACON& Tower with Radar,21,29,31,0,81,0,5,77,0,82,21,34,108,0,163,70,0,70,233
10/01/2017,SBA,CA,AWP,WE,Combined TRACON& Tower with Radar,25,47,55,0,127,0,1,64,1,66,25,48,119,1,193,110,0,110,303
10/02/2017,SBA,CA,AWP,WE,Combined TRACON& Tower with Radar,27,56,42,0,125,0,2,66,0,68,27,58,108,0,193,18,0,18,211
10/03/2017,SBA,CA,AWP,WE,Combined TRACON& Tower with Radar,24,54,42,2,122,0,0,35,0,35,24,54,77,2,157,126,0,126,283
10/04/2017,SBA,CA,AWP,WE,Combined TRACON& Tower with Radar,26,55,53,4,138,0,1,77,2,80,26,56,130,6,218,42,4,46,264
10/05/2017,SBA,CA,AWP,WE,Combined TRACON& Tower with Radar,26,68,59,0,153,0,2,88,4,94,26,70,147,4,247,100,0,100,347
10/06/2017,SBA,CA,AWP,WE,Combined TRACON& Tower with Radar,26,86,52,0,164,0,6,97,4,107,26,92,149,4,271,50,0,50,321
10/07/2017,SBA,CA,AWP,WE,Combined TRACON& Tower with Radar,21,34,39,0,94,0,1,101,0,102,21,35,140,0,196,70,0,70,266
10/08/2017,SBA,CA,AWP,WE,Combined TRACON& Tower with Radar,26,42,61,0,129,0,3,105,1,109,26,45,166,1,238,130,0,130,368
10/09/2017,SBA,CA,AWP,WE,Combined TRACON& Tower with Radar,26,70,47,0,143,0,0,49,2,51,26,70,96,2,194,28,0,28,222
10/10/2017,SBA,CA,AWP,WE,Combined TRACON& Tower with Radar,26,63,32,5,126,0,1,71,4,76,26,64,103,9,202,82,0,82,284
10/11/2017,SBA,CA,AWP,WE,Combined TRACON& Tower with Radar,23,58,25,6,112,0,4,79,4,87,23,62,104,10,199,42,0,42,241
10/12/2017,SBA,CA,AWP,WE,Combined TRACON& Tower with Radar,25,64,57,0,146,0,1,81,2,84,25,65,138,2,230,124,0,124,354
10/13/2017,SBA,CA,AWP,WE,Combined TRACON& Tower with Radar,25,58,43,5,131,0,12,107,2,121,25,70,150,7,252,84,4,88,340
10/14/2017,SBA,CA,AWP,WE,Combined TRACON& Tower with Radar,21,41,23,0,85,0,1,88,1,90,21,42,111,1,175,72,0,72,247
10/15/2017,SBA,CA,AWP,WE,Combined TRACON& Tower with Radar,24,58,54,0,136,0,0,132,0,132,24,58,186,0,268,80,0,80,348
10/16/2017,SBA,CA,AWP,WE,Combined TRACON& Tower with Radar,26,63,42,4,135,0,2,82,4,88,26,65,124,8,223,144,0,144,367
10/17/2017,SBA,CA,AWP,WE,Combined TRACON& Tower with Radar,26,73,46,0,145,0,1,70,2,73,26,74,116,2,218,104,0,104,322
10/18/2017,SBA,CA,AWP,WE,Combined TRACON& Tower with Radar,26,66,42,2,136,0,2,77,4,83,26,68,119,6,219,50,0,50,269
10/19/2017,SBA,CA,AWP,WE,Combined TRACON& Tower with Radar,26,75,53,0,154,0,1,69,0,70,26,76,122,0,224,36,0,36,260
10/20/2017,SBA,CA,AWP,WE,Combined TRACON& Tower with Radar,26,58,44,1,129,0,1,40,0,41,26,59,84,1,170,28,0,28,198
10/21/2017,SBA,CA,AWP,WE,Combined TRACON& Tower with Radar,21,32,28,1,82,0,0,93,6,99,21,32,121,7,181,122,0,122,303
10/22/2017,SBA,CA,AWP,WE,Combined TRACON& Tower with Radar,24,50,50,5,129,0,1,106,2,109,24,51,156,7,238,94,0,94,332
10/23/2017,SBA,CA,AWP,WE,Combined TRACON& Tower with Radar,26,48,33,1,108,0,1,60,3,64,26,49,93,4,172,54,4,58,230
10/24/2017,SBA,CA,AWP,WE,Combined TRACON& Tower with Radar,26,59,33,5,123,0,2,69,3,74,26,61,102,8,197,118,0,118,315
10/25/2017,SBA,CA,AWP,WE,Combined TRACON& Tower with Radar,26,53,35,2,116,0,1,58,0,59,26,54,93,2,175,70,0,70,245
10/26/2017,SBA,CA,AWP,WE,Combined TRACON& Tower with Radar,26,52,47,3,128,0,1,94,1,96,26,53,141,4,224,84,0,84,308
10/27/2017,SBA,CA,AWP,WE,Combined TRACON& Tower with Radar,26,65,71,4,166,0,2,114,2,118,26,67,185,6,284,62,0,62,346
10/28/2017,SBA,CA,AWP,WE,Combined TRACON& Tower with Radar,22,29,42,0,93,0,0,61,7,68,22,29,103,7,161,0,0,0,161
10/29/2017,SBA,CA,AWP,WE,Combined TRACON& Tower with Radar,25,42,84,1,152,0,0,15,3,18,25,42,99,4,170,78,0,78,248
10/30/2017,SBA,CA,AWP,WE,Combined TRACON& Tower with Radar,30,40,52,1,123,0,1,19,0,20,30,41,71,1,143,110,0,110,253
10/31/2017,SBA,CA,AWP,WE,Combined TRACON& Tower with Radar,24,45,42,4,115,0,2,35,0,37,24,47,77,4,152,68,0,68,220
11/01/2017,SBA,CA,AWP,WE,Combined TRACON& Tower with Radar,30,42,60,0,132,0,4,48,0,52,30,46,108,0,184,78,0,78,262
11/02/2017,SBA,CA,AWP,WE,Combined TRACON& Tower with Radar,24,59,54,6,143,0,1,50,0,51,24,60,104,6,194,78,0,78,272
11/03/2017,SBA,CA,AWP,WE,Combined TRACON& Tower with Radar,23,52,65,0,140,0,0,58,0,58,23,52,123,0,198,46,0,46,244
11/04/2017,SBA,CA,AWP,WE,Combined TRACON& Tower with Radar,22,28,46,0,96,0,1,78,0,79,22,29,124,0,175,66,0,66,241
11/05/2017,SBA,CA,AWP,WE,Combined TRACON& Tower with Radar,20,44,54,0,118,0,0,92,0,92,20,44,146,0,210,60,0,60,270
11/06/2017,SBA,CA,AWP,WE,Combined TRACON& Tower with Radar,21,62,34,0,117,0,0,53,4,57,21,62,87,4,174,86,0,86,260
11/07/2017,SBA,CA,AWP,WE,Combined TRACON& Tower with Radar,16,45,30,0,91,0,4,78,0,82,16,49,108,0,173,80,0,80,253
11/08/2017,SBA,CA,AWP,WE,Combined TRACON& Tower with Radar,21,47,40,0,108,0,0,82,4,86,21,47,122,4,194,60,0,60,254
11/09/2017,SBA,CA,AWP,WE,Combined TRACON& Tower with Radar,22,55,40,0,117,0,0,43,1,44,22,55,83,1,161,84,0,84,245
11/10/2017,SBA,CA,AWP,WE,Combined TRACON& Tower with Radar,22,64,29,0,115,0,0,70,1,71,22,64,99,1,186,96,0,96,282
11/11/2017,SBA,CA,AWP,WE,Combined TRACON& Tower with Radar,17,31,43,0,91,0,1,97,2,100,17,32,140,2,191,44,0,44,235
11/12/2017,SBA,CA,AWP,WE,Combined TRACON& Tower with Radar,18,50,75,0,143,0,1,94,4,99,18,51,169,4,242,86,0,86,328
11/13/2017,SBA,CA,AWP,WE,Combined TRACON& Tower with Radar,21,49,47,4,121,0,3,66,0,69,21,52,113,4,190,68,2,70,260
11/14/2017,SBA,CA,AWP,WE,Combined TRACON& Tower with Radar,19,35,31,3,88,0,6,87,0,93,19,41,118,3,181,42,2,44,225
11/15/2017,SBA,CA,AWP,WE,Combined TRACON& Tower with Radar,20,41,24,4,89,0,3,71,2,76,20,44,95,6,165,100,0,100,265
11/16/2017,SBA,CA,AWP,WE,Combined TRACON& Tower with Radar,18,44,33,2,97,0,3,41,2,46,18,47,74,4,143,112,0,112,255
11/17/2017,SBA,CA,AWP,WE,Combined TRACON& Tower with Radar,25,49,48,1,123,0,3,71,2,76,25,52,119,3,199,132,0,132,331
11/18/2017,SBA,CA,AWP,WE,Combined TRACON& Tower with Radar,17,23,41,0,81,0,0,127,3,130,17,23,168,3,211,80,0,80,291
11/19/2017,SBA,CA,AWP,WE,Combined TRACON& Tower with Radar,18,37,40,3,98,0,4,83,4,91,18,41,123,7,189,118,0,118,307
11/20/2017,SBA,CA,AWP,WE,Combined TRACON& Tower with Radar,23,55,32,2,112,0,4,86,4,94,23,59,118,6,206,76,2,78,284
11/21/2017,SBA,CA,AWP,WE,Combined TRACON& Tower with Radar,22,58,54,2,136,0,1,111,3,115,22,59,165,5,251,84,0,84,335
11/22/2017,SBA,CA,AWP,WE,Combined TRACON& Tower with Radar,19,57,49,5,130,0,3,90,4,97,19,60,139,9,227,58,0,58,285
11/23/2017,SBA,CA,AWP,WE,Combined TRACON& Tower with Radar,9,16,9,0,34,0,0,54,0,54,9,16,63,0,88,36,0,36,124
11/24/2017,SBA,CA,AWP,WE,Combined TRACON& Tower with Radar,12,35,22,3,72,0,0,104,0,104,12,35,126,3,176,63,2,65,241
11/25/2017,SBA,CA,AWP,WE,Combined TRACON& Tower with Radar,21,38,51,0,110,0,2,109,4,115,21,40,160,4,225,80,0,80,305
11/26/2017,SBA,CA,AWP,WE,Combined TRACON& Tower with Radar,22,45,90,0,157,0,2,33,0,35,22,47,123,0,192,14,0,14,206
11/27/2017,SBA,CA,AWP,WE,Combined TRACON& Tower with Radar,22,54,32,2,110,0,1,38,0,39,22,55,70,2,149,42,2,44,193
11/28/2017,SBA,CA,AWP,WE,Combined TRACON& Tower with Radar,20,39,25,14,98,0,2,53,2,57,20,41,78,16,155,48,2,50,205
11/29/2017,SBA,CA,AWP,WE,Combined TRACON& Tower with Radar,22,40,39,9,110,0,3,91,6,100,22,43,130,15,210,30,2,32,242
11/30/2017,SBA,CA,AWP,WE,Combined TRACON& Tower with Radar,23,54,38,7,122,0,2,58,2,62,23,56,96,9,184,26,0,26,210
12/01/2017,SBA,CA,AWP,WE,Combined TRACON& Tower with Radar,23,41,46,4,114,0,1,78,0,79,23,42,124,4,193,111,0,111,304
12/02/2017,SBA,CA,AWP,WE,Combined TRACON& Tower with Radar,20,15,48,0,83,0,0,114,0,114,20,15,162,0,197,136,0,136,333
12/03/2017,SBA,CA,AWP,WE,Combined TRACON& Tower with Radar,25,39,41,3,108,0,0,94,0,94,25,39,135,3,202,60,0,60,262
12/04/2017,SBA,CA,AWP,WE,Combined TRACON& Tower with Radar,23,51,31,0,105,0,2,54,2,58,23,53,85,2,163,58,0,58,221
12/05/2017,SBA,CA,AWP,WE,Combined TRACON& Tower with Radar,20,40,24,0,84,0,0,30,0,30,20,40,54,0,114,52,0,52,166
12/06/2017,SBA,CA,AWP,WE,Combined TRACON& Tower with Radar,19,34,21,2,76,0,1,30,0,31,19,35,51,2,107,30,0,30,137
12/07/2017,SBA,CA,AWP,WE,Combined TRACON& Tower with Radar,23,62,38,0,123,0,0,5,2,7,23,62,43,2,130,0,0,0,130
12/08/2017,SBA,CA,AWP,WE,Combined TRACON& Tower with Radar,19,43,27,0,89,0,2,13,0,15,19,45,40,0,104,14,0,14,118
12/09/2017,SBA,CA,AWP,WE,Combined TRACON& Tower with Radar,2,1,0,0,3,0,0,0,0,0,2,1,0,0,3,0,0,0,3
12/10/2017,SBA,CA,AWP,WE,Combined TRACON& Tower with Radar,26,38,32,2,98,0,0,5,0,5,26,38,37,2,103,0,2,2,105
12/11/2017,SBA,CA,AWP,WE,Combined TRACON& Tower with Radar,26,54,19,0,99,0,0,9,2,11,26,54,28,2,110,18,0,18,128
12/12/2017,SBA,CA,AWP,WE,Combined TRACON& Tower with Radar,24,31,18,0,73,0,4,12,2,18,24,35,30,2,91,14,0,14,105
12/13/2017,SBA,CA,AWP,WE,Combined TRACON& Tower with Radar,24,36,21,0,81,0,2,31,1,34,24,38,52,1,115,10,0,10,125
12/14/2017,SBA,CA,AWP,WE,Combined TRACON& Tower with Radar,25,43,22,0,90,0,1,24,2,27,25,44,46,2,117,46,0,46,163
12/15/2017,SBA,CA,AWP,WE,Combined TRACON& Tower with Radar,18,43,18,0,79,0,0,42,0,42,18,43,60,0,121,82,0,82,203
12/16/2017,SBA,CA,AWP,WE,Combined TRACON& Tower with Radar,7,12,5,0,24,0,0,3,0,3,7,12,8,0,27,16,0,16,43
12/17/2017,SBA,CA,AWP,WE,Combined TRACON& Tower with Radar,20,22,8,0,50,0,2,24,3,29,20,24,32,3,79,42,0,42,121
12/18/2017,SBA,CA,AWP,WE,Combined TRACON& Tower with Radar,25,40,17,0,82,0,0,21,1,22,25,40,38,1,104,66,0,66,170
12/19/2017,SBA,CA,AWP,WE,Combined TRACON& Tower with Radar,21,30,20,4,75,0,0,52,0,52,21,30,72,4,127,0,0,0,127
12/20/2017,SBA,CA,AWP,WE,Combined TRACON& Tower with Radar,16,51,12,2,81,0,1,18,4,23,16,52,30,6,104,46,0,46,150
12/21/2017,SBA,CA,AWP,WE,Combined TRACON& Tower with Radar,15,39,14,0,68,0,0,37,2,39,15,39,51,2,107,28,0,28,135
12/22/2017,SBA,CA,AWP,WE,Combined TRACON& Tower with Radar,14,52,26,0,92,0,0,76,1,77,14,52,102,1,169,142,0,142,311
12/23/2017,SBA,CA,AWP,WE,Combined TRACON& Tower with Radar,13,35,36,0,84,0,0,67,0,67,13,35,103,0,151,54,0,54,205
12/24/2017,SBA,CA,AWP,WE,Combined TRACON& Tower with Radar,11,15,9,0,35,0,1,48,0,49,11,16,57,0,84,28,0,28,112
12/25/2017,SBA,CA,AWP,WE,Combined TRACON& Tower with Radar,9,20,11,0,40,0,0,21,0,21,9,20,32,0,61,0,0,0,61
12/26/2017,SBA,CA,AWP,WE,Combined TRACON& Tower with Radar,13,54,34,0,101,0,1,45,0,46,13,55,79,0,147,18,0,18,165
12/27/2017,SBA,CA,AWP,WE,Combined TRACON& Tower with Radar,15,46,29,4,94,0,2,79,0,81,15,48,108,4,175,40,0,40,215
12/28/2017,SBA,CA,AWP,WE,Combined TRACON& Tower with Radar,15,45,32,2,94,0,2,74,2,78,15,47,106,4,172,82,0,82,254
12/29/2017,SBA,CA,AWP,WE,Combined TRACON& Tower with Radar,13,46,30,5,94,0,3,83,3,89,13,49,113,8,183,72,0,72,255
12/30/2017,SBA,CA,AWP,WE,Combined TRACON& Tower with Radar,13,38,18,0,69,0,2,62,0,64,13,40,80,0,133,66,0,66,199
12/31/2017,SBA,CA,AWP,WE,Combined TRACON& Tower with Radar,8,26,19,1,54,0,1,36,0,37,8,27,55,1,91,22,0,22,113
01/01/2018,SBA,CA,AWP,WE,Combined TRACON& Tower with Radar,13,27,14,0,54,0,0,115,4,119,13,27,129,4,173,62,2,64,237
01/02/2018,SBA,CA,AWP,WE,Combined TRACON& Tower with Radar,14,56,41,0,111,0,2,67,2,71,14,58,108,2,182,122,0,122,304
01/03/2018,SBA,CA,AWP,WE,Combined TRACON& Tower with Radar,15,53,36,4,108,0,1,48,6,55,15,54,84,10,163,86,0,86,249
01/04/2018,SBA,CA,AWP,WE,Combined TRACON& Tower with Radar,18,51,34,2,105,0,0,24,0,24,18,51,58,2,129,70,0,70,199
01/05/2018,SBA,CA,AWP,WE,Combined TRACON& Tower with Radar,13,44,41,7,105,0,0,0,0,0,13,44,41,7,105,0,0,0,105
01/06/2018,SBA,CA,AWP,WE,Combined TRACON& Tower with Radar,13,41,47,0,101,0,6,21,0,27,13,47,68,0,128,62,0,62,190
01/07/2018,SBA,CA,AWP,WE,Combined TRACON& Tower with Radar,15,48,57,0,120,0,0,19,0,19,15,48,76,0,139,4,0,4,143
01/08/2018,SBA,CA,AWP,WE,Combined TRACON& Tower with Radar,16,40,30,0,86,0,1,9,0,10,16,41,39,0,96,62,0,62,158
01/09/2018,SBA,CA,AWP,WE,Combined TRACON& Tower with Radar,16,47,44,3,110,0,7,16,32,55,16,54,60,35,165,90,0,90,255
01/10/2018,SBA,CA,AWP,WE,Combined TRACON& Tower with Radar,17,52,39,3,111,0,14,303,21,338,17,66,342,24,449,0,0,0,449
01/11/2018,SBA,CA,AWP,WE,Combined TRACON& Tower with Radar,17,60,56,3,136,0,8,160,13,181,17,68,216,16,317,46,0,46,363
01/12/2018,SBA,CA,AWP,WE,Combined TRACON& Tower with Radar,18,63,68,3,152,0,6,140,19,165,18,69,208,22,317,12,2,14,331
01/13/2018,SBA,CA,AWP,WE,Combined TRACON& Tower with Radar,15,35,26,0,76,0,6,146,3,155,15,41,172,3,231,0,0,0,231
01/14/2018,SBA,CA,AWP,WE,Combined TRACON& Tower with Radar,17,33,17,0,67,0,0,111,11,122,17,33,128,11,189,4,0,4,193
01/15/2018,SBA,CA,AWP,WE,Combined TRACON& Tower with Radar,13,24,39,0,76,0,3,87,2,92,13,27,126,2,168,0,0,0,168
01/16/2018,SBA,CA,AWP,WE,Combined TRACON& Tower with Radar,13,31,25,0,69,0,11,89,1,101,13,42,114,1,170,0,0,0,170
01/17/2018,SBA,CA,AWP,WE,Combined TRACON& Tower with Radar,12,34,35,0,81,0,11,149,3,163,12,45,184,3,244,8,0,8,252
01/18/2018,SBA,CA,AWP,WE,Combined TRACON& Tower with Radar,17,55,46,3,121,0,15,130,4,149,17,70,176,7,270,48,0,48,318
01/19/2018,SBA,CA,AWP,WE,Combined TRACON& Tower with Radar,18,64,63,0,145,0,8,77,0,85,18,72,140,0,230,78,0,78,308
01/20/2018,SBA,CA,AWP,WE,Combined TRACON& Tower with Radar,18,25,23,0,66,0,4,87,0,91,18,29,110,0,157,80,0,80,237
01/21/2018,SBA,CA,AWP,WE,Combined TRACON& Tower with Radar,16,29,44,0,89,1,3,164,0,168,17,32,208,0,257,178,0,178,435
01/22/2018,SBA,CA,AWP,WE,Combined TRACON& Tower with Radar,18,43,22,0,83,0,5,81,2,88,18,48,103,2,171,68,0,68,239
01/23/2018,SBA,CA,AWP,WE,Combined TRACON& Tower with Radar,18,36,32,1,87,0,5,89,1,95,18,41,121,2,182,52,0,52,234
01/24/2018,SBA,CA,AWP,WE,Combined TRACON& Tower with Radar,17,49,30,5,101,0,5,72,3,80,17,54,102,8,181,124,0,124,305
01/25/2018,SBA,CA,AWP,WE,Combined TRACON& Tower with Radar,17,39,30,3,89,0,1,51,5,57,17,40,81,8,146,112,0,112,258
01/26/2018,SBA,CA,AWP,WE,Combined TRACON& Tower with Radar,18,48,31,0,97,0,4,104,5,113,18,52,135,5,210,82,0,82,292
01/27/2018,SBA,CA,AWP,WE,Combined TRACON& Tower with Radar,20,33,21,0,74,0,0,87,0,87,20,33,108,0,161,83,0,83,244
01/28/2018,SBA,CA,AWP,WE,Combined TRACON& Tower with Radar,17,39,30,0,86,0,0,78,0,78,17,39,108,0,164,98,0,98,262
01/29/2018,SBA,CA,AWP,WE,Combined TRACON& Tower with Radar,18,43,34,0,95,0,3,53,0,56,18,46,87,0,151,108,0,108,259
01/30/2018,SBA,CA,AWP,WE,Combined TRACON& Tower with Radar,16,46,37,2,101,0,4,106,4,114,16,50,143,6,215,78,0,78,293
01/31/2018,SBA,CA,AWP,WE,Combined TRACON& Tower with Radar,19,40,24,3,86,0,1,68,1,70,19,41,92,4,156,142,6,148,304
02/01/2018,SBA,CA,AWP,WE,Combined TRACON& Tower with Radar,17,49,33,2,101,0,0,78,1,79,17,49,111,3,180,52,0,52,232
02/02/2018,SBA,CA,AWP,WE,Combined TRACON& Tower with Radar,20,50,36,1,107,0,2,100,5,107,20,52,136,6,214,100,0,100,314
02/03/2018,SBA,CA,AWP,WE,Combined TRACON& Tower with Radar,19,24,28,0,71,0,2,140,0,142,19,26,168,0,213,136,0,136,349
02/04/2018,SBA,CA,AWP,WE,Combined TRACON& Tower with Radar,17,34,41,17,109,0,2,110,2,114,17,36,151,19,223,104,0,104,327
02/05/2018,SBA,CA,AWP,WE,Combined TRACON& Tower with Radar,17,50,40,2,109,0,0,36,0,36,17,50,76,2,145,34,0,34,179
02/06/2018,SBA,CA,AWP,WE,Combined TRACON& Tower with Radar,15,41,60,6,122,0,0,7,2,9,15,41,67,8,131,0,0,0,131
02/07/2018,SBA,CA,AWP,WE,Combined TRACON& Tower with Radar,17,40,16,1,74,0,10,76,4,90,17,50,92,5,164,132,0,132,296
02/08/2018,SBA,CA,AWP,WE,Combined TRACON& Tower with Radar,17,47,36,4,104,0,3,70,0,73,17,50,106,4,177,112,0,112,289
02/09/2018,SBA,CA,AWP,WE,Combined TRACON& Tower with Radar,18,42,60,0,120,0,1,38,0,39,18,43,98,0,159,0,0,0,159
02/10/2018,SBA,CA,AWP,WE,Combined TRACON& Tower with Radar,17,30,68,2,117,0,0,35,3,38,17,30,103,5,155,126,0,126,281
02/11/2018,SBA,CA,AWP,WE,Combined TRACON& Tower with Radar,16,38,46,4,104,0,2,109,2,113,16,40,155,6,217,164,0,164,381
02/12/2018,SBA,CA,AWP,WE,Combined TRACON& Tower with Radar,18,41,25,6,90,0,1,49,0,50,18,42,74,6,140,102,4,106,246
02/13/2018,SBA,CA,AWP,WE,Combined TRACON& Tower with Radar,16,44,33,3,96,0,1,46,5,52,16,45,79,8,148,92,0,92,240
02/14/2018,SBA,CA,AWP,WE,Combined TRACON& Tower with Radar,20,51,26,6,103,0,2,49,2,53,20,53,75,8,156,156,6,162,318
02/15/2018,SBA,CA,AWP,WE,Combined TRACON& Tower with Radar,15,71,40,7,133,0,6,76,1,83,15,77,116,8,216,92,0,92,308
02/16/2018,SBA,CA,AWP,WE,Combined TRACON& Tower with Radar,14,62,71,0,147,0,4,110,1,115,14,66,181,1,262,72,0,72,334
02/17/2018,SBA,CA,AWP,WE,Combined TRACON& Tower with Radar,14,32,28,0,74,0,0,128,0,128,14,32,156,0,202,148,0,148,350
02/18/2018,SBA,CA,AWP,WE,Combined TRACON& Tower with Radar,14,28,52,2,96,0,0,110,2,112,14,28,162,4,208,122,0,122,330
02/19/2018,SBA,CA,AWP,WE,Combined TRACON& Tower with Radar,14,50,41,0,105,0,0,35,3,38,14,50,76,3,143,42,0,42,185
02/20/2018,SBA,CA,AWP,WE,Combined TRACON& Tower with Radar,11,49,40,3,103,0,3,88,1,92,11,52,128,4,195,78,0,78,273
02/21/2018,SBA,CA,AWP,WE,Combined TRACON& Tower with Radar,14,56,28,3,101,0,5,64,3,72,14,61,92,6,173,28,0,28,201
02/22/2018,SBA,CA,AWP,WE,Combined TRACON& Tower with Radar,14,52,31,8,105,0,3,65,2,70,14,55,96,10,175,40,0,40,215
02/23/2018,SBA,CA,AWP,WE,Combined TRACON& Tower with Radar,14,57,15,0,86,0,3,60,1,64,14,60,75,1,150,30,0,30,180
02/24/2018,SBA,CA,AWP,WE,Combined TRACON& Tower with Radar,14,34,46,1,95,0,0,107,3,110,14,34,153,4,205,140,0,140,345
02/25/2018,SBA,CA,AWP,WE,Combined TRACON& Tower with Radar,14,40,36,2,92,0,3,128,1,132,14,43,164,3,224,140,0,140,364
02/26/2018,SBA,CA,AWP,WE,Combined TRACON& Tower with Radar,14,52,37,0,103,0,4,46,0,50,14,56,83,0,153,90,0,90,243
02/27/2018,SBA,CA,AWP,WE,Combined TRACON& Tower with Radar,13,47,23,1,84,0,3,49,0,52,13,50,72,1,136,68,2,70,206
02/28/2018,SBA,CA,AWP,WE,Combined TRACON& Tower with Radar,14,52,31,11,108,0,1,71,1,73,14,53,102,12,181,86,8,94,275
03/01/2018,SBA,CA,AWP,WE,Combined TRACON& Tower with Radar,14,42,44,0,100,0,3,9,6,18,14,45,53,6,118,46,0,46,164
03/02/2018,SBA,CA,AWP,WE,Combined TRACON& Tower with Radar,14,50,35,1,100,0,1,10,1,12,14,51,45,2,112,46,0,46,158
03/03/2018,SBA,CA,AWP,WE,Combined TRACON& Tower with Radar,14,23,37,0,74,0,0,40,0,40,14,23,77,0,114,128,0,128,242
03/04/2018,SBA,CA,AWP,WE,Combined TRACON& Tower with Radar,16,39,22,2,79,0,0,107,0,107,16,39,129,2,186,118,0,118,304
03/05/2018,SBA,CA,AWP,WE,Combined TRACON& Tower with Radar,16,45,42,2,105,0,0,71,2,73,16,45,113,4,178,94,0,94,272
03/06/2018,SBA,CA,AWP,WE,Combined TRACON& Tower with Radar,21,48,30,3,102,0,0,84,4,88,21,48,114,7,190,92,0,92,282
03/07/2018,SBA,CA,AWP,WE,Combined TRACON& Tower with Radar,14,43,51,5,113,0,1,68,3,72,14,44,119,8,185,56,0,56,241
03/08/2018,SBA,CA,AWP,WE,Combined TRACON& Tower with Radar,18,52,43,2,115,0,2,102,4,108,18,54,145,6,223,68,0,68,291
03/09/2018,SBA,CA,AWP,WE,Combined TRACON& Tower with Radar,13,56,47,0,116,0,5,81,4,90,13,61,128,4,206,122,0,122,328
03/10/2018,SBA,CA,AWP,WE,Combined TRACON& Tower with Radar,15,33,44,2,94,0,0,3,2,5,15,33,47,4,99,48,0,48,147
03/11/2018,SBA,CA,AWP,WE,Combined TRACON& Tower with Radar,15,45,59,0,119,0,0,42,3,45,15,45,101,3,164,94,0,94,258
03/12/2018,SBA,CA,AWP,WE,Combined TRACON& Tower with Radar,12,60,73,0,145,0,0,11,0,11,12,60,84,0,156,2,0,2,158
03/13/2018,SBA,CA,AWP,WE,Combined TRACON& Tower with Radar,14,46,44,0,104,0,0,0,0,0,14,46,44,0,104,6,0,6,110
03/14/2018,SBA,CA,AWP,WE,Combined TRACON& Tower with Radar,12,61,27,6,106,0,2,32,3,37,12,63,59,9,143,130,0,130,273
03/15/2018,SBA,CA,AWP,WE,Combined TRACON& Tower with Radar,12,66,22,6,106,0,1,58,2,61,12,67,80,8,167,44,0,44,211
03/16/2018,SBA,CA,AWP,WE,Combined TRACON& Tower with Radar,12,63,60,5,140,0,0,6,0,6,12,63,66,5,146,112,0,112,258
03/17/2018,SBA,CA,AWP,WE,Combined TRACON& Tower with Radar,13,34,27,0,74,0,0,49,2,51,13,34,76,2,125,132,0,132,257
03/18/2018,SBA,CA,AWP,WE,Combined TRACON& Tower with Radar,15,44,44,0,103,0,1,96,2,99,15,45,140,2,202,162,0,162,364
03/19/2018,SBA,CA,AWP,WE,Combined TRACON& Tower with Radar,12,57,38,0,107,0,1,95,0,96,12,58,133,0,203,104,0,104,307
03/20/2018,SBA,CA,AWP,WE,Combined TRACON& Tower with Radar,12,68,42,2,124,0,0,28,2,30,12,68,70,4,154,52,0,52,206
03/21/2018,SBA,CA,AWP,WE,Combined TRACON& Tower with Radar,12,51,13,2,78,0,0,0,0,0,12,51,13,2,78,0,0,0,78
03/22/2018,SBA,CA,AWP,WE,Combined TRACON& Tower with Radar,14,50,33,0,97,0,0,0,0,0,14,50,33,0,97,0,0,0,97
03/23/2018,SBA,CA,AWP,WE,Combined TRACON& Tower with Radar,12,64,28,2,106,0,0,86,4,90,12,64,114,6,196,126,0,126,322
03/24/2018,SBA,CA,AWP,WE,Combined TRACON& Tower with Radar,13,36,35,0,84,0,0,77,0,77,13,36,112,0,161,126,0,126,287
03/25/2018,SBA,CA,AWP,WE,Combined TRACON& Tower with Radar,16,33,54,0,103,0,3,94,2,99,16,36,148,2,202,62,0,62,264
03/26/2018,SBA,CA,AWP,WE,Combined TRACON& Tower with Radar,12,54,21,2,89,0,1,65,0,66,12,55,86,2,155,132,0,132,287
03/27/2018,SBA,CA,AWP,WE,Combined TRACON& Tower with Radar,10,48,26,8,92,0,1,81,3,85,10,49,107,11,177,160,0,160,337
03/28/2018,SBA,CA,AWP,WE,Combined TRACON& Tower with Radar,12,49,30,6,97,0,1,100,3,104,12,50,130,9,201,84,0,84,285
03/29/2018,SBA,CA,AWP,WE,Combined TRACON& Tower with Radar,12,61,51,13,137,0,0,26,3,29,12,61,77,16,166,14,0,14,180
03/30/2018,SBA,CA,AWP,WE,Combined TRACON& Tower with Radar,11,60,57,4,132,0,0,25,2,27,11,60,82,6,159,20,0,20,179
03/31/2018,SBA,CA,AWP,WE,Combined TRACON& Tower with Radar,14,28,72,0,114,0,0,13,0,13,14,28,85,0,127,0,0,0,127
04/01/2018,SBA,CA,AWP,WE,Combined TRACON& Tower with Radar,15,43,82,6,146,0,0,1,1,2,15,43,83,7,148,0,0,0,148
04/02/2018,SBA,CA,AWP,WE,Combined TRACON& Tower with Radar,12,58,57,3,130,0,2,15,1,18,12,60,72,4,148,150,0,150,298
04/03/2018,SBA,CA,AWP,WE,Combined TRACON& Tower with Radar,18,46,41,1,106,0,0,47,0,47,18,46,88,1,153,54,0,54,207
04/04/2018,SBA,CA,AWP,WE,Combined TRACON& Tower with Radar,13,56,63,4,136,0,0,5,0,5,13,56,68,4,141,34,0,34,175
04/05/2018,SBA,CA,AWP,WE,Combined TRACON& Tower with Radar,12,50,69,16,147,0,0,66,0,66,12,50,135,16,213,156,0,156,369
04/06/2018,SBA,CA,AWP,WE,Combined TRACON& Tower with Radar,12,53,45,0,110,0,0,76,2,78,12,53,121,2,188,154,0,154,342
04/07/2018,SBA,CA,AWP,WE,Combined TRACON& Tower with Radar,13,33,27,5,78,0,0,42,6,48,13,33,69,11,126,80,2,82,208
04/08/2018,SBA,CA,AWP,WE,Combined TRACON& Tower with Radar,16,53,44,0,113,0,2,161,3,166,16,55,205,3,279,116,0,116,395
04/09/2018,SBA,CA,AWP,WE,Combined TRACON& Tower with Radar,17,52,27,5,101,0,3,244,4,251,17,55,271,9,352,0,0,0,352
04/10/2018,SBA,CA,AWP,WE,Combined TRACON& Tower with Radar,19,51,38,5,113,0,3,85,0,88,19,54,123,5,201,138,0,138,339
04/11/2018,SBA,CA,AWP,WE,Combined TRACON& Tower with Radar,18,43,32,2,95,0,3,80,8,91,18,46,112,10,186,76,0,76,262
04/12/2018,SBA,CA,AWP,WE,Combined TRACON& Tower with Radar,18,49,35,1,103,0,4,49,1,54,18,53,84,2,157,54,0,54,211
04/13/2018,SBA,CA,AWP,WE,Combined TRACON& Tower with Radar,18,45,41,1,105,0,6,88,2,96,18,51,129,3,201,134,0,134,335
04/14/2018,SBA,CA,AWP,WE,Combined TRACON& Tower with Radar,17,29,37,0,83,0,2,175,2,179,17,31,212,2,262,132,0,132,394
04/15/2018,SBA,CA,AWP,WE,Combined TRACON& Tower with Radar,18,36,29,1,84,0,0,95,3,98,18,36,124,4,182,174,0,174,356
04/16/2018,SBA,CA,AWP,WE,Combined TRACON& Tower with Radar,18,57,34,2,111,0,0,36,0,36,18,57,70,2,147,68,0,68,215
04/17/2018,SBA,CA,AWP,WE,Combined TRACON& Tower with Radar,18,51,35,3,107,0,0,78,0,78,18,51,113,3,185,138,0,138,323
04/18/2018,SBA,CA,AWP,WE,Combined TRACON& Tower with Radar,20,54,37,9,120,0,2,112,3,117,20,56,149,12,237,136,0,136,373
04/19/2018,SBA,CA,AWP,WE,Combined TRACON& Tower with Radar,20,57,31,1,109,0,3,42,1,46,20,60,73,2,155,64,0,64,219
04/20/2018,SBA,CA,AWP,WE,Combined TRACON& Tower with Radar,18,57,61,2,138,0,1,121,0,122,18,58,182,2,260,180,0,180,440
04/21/2018,SBA,CA,AWP,WE,Combined TRACON& Tower with Radar,16,31,32,0,79,0,1,217,3,221,16,32,249,3,300,0,0,0,300
04/22/2018,SBA,CA,AWP,WE,Combined TRACON& Tower with Radar,18,40,38,0,96,0,1,114,1,116,18,41,152,1,212,48,0,48,260
04/23/2018,SBA,CA,AWP,WE,Combined TRACON& Tower with Radar,18,67,75,0,160,0,2,20,0,22,18,69,95,0,182,4,0,4,186
04/24/2018,SBA,CA,AWP,WE,Combined TRACON& Tower with Radar,18,43,66,2,129,0,0,14,0,14,18,43,80,2,143,6,0,6,149
04/25/2018,SBA,CA,AWP,WE,Combined TRACON& Tower with Radar,18,66,51,2,137,0,3,49,2,54,18,69,100,4,191,58,0,58,249
04/26/2018,SBA,CA,AWP,WE,Combined TRACON& Tower with Radar,18,54,52,4,128,0,1,62,1,64,18,55,114,5,192,82,0,82,274
04/27/2018,SBA,CA,AWP,WE,Combined TRACON& Tower with Radar,18,51,57,0,126,0,6,95,7,108,18,57,152,7,234,94,0,94,328
04/28/2018,SBA,CA,AWP,WE,Combined TRACON& Tower with Radar,14,40,35,0,89,0,2,79,1,82,14,42,114,1,171,84,0,84,255
04/29/2018,SBA,CA,AWP,WE,Combined TRACON& Tower with Radar,18,40,46,0,104,0,2,97,6,105,18,42,143,6,209,90,0,90,299
04/30/2018,SBA,CA,AWP,WE,Combined TRACON& Tower with Radar,17,63,39,6,125,0,1,62,0,63,17,64,101,6,188,116,0,116,304
05/01/2018,SBA,CA,AWP,WE,Combined TRACON& Tower with Radar,18,56,26,2,102,0,4,29,0,33,18,60,55,2,135,140,0,140,275
05/02/2018,SBA,CA,AWP,WE,Combined TRACON& Tower with Radar,17,57,40,6,120,0,4,32,3,39,17,61,72,9,159,172,0,172,331
05/03/2018,SBA,CA,AWP,WE,Combined TRACON& Tower with Radar,18,59,33,3,113,0,5,81,2,88,18,64,114,5,201,0,0,0,201
05/04/2018,SBA,CA,AWP,WE,Combined TRACON& Tower with Radar,20,54,46,0,120,0,3,114,2,119,20,57,160,2,239,89,0,89,328
05/05/2018,SBA,CA,AWP,WE,Combined TRACON& Tower with Radar,16,36,39,0,91,0,1,114,4,119,16,37,153,4,210,132,0,132,342
05/06/2018,SBA,CA,AWP,WE,Combined TRACON& Tower with Radar,20,53,65,2,140,0,1,129,0,130,20,54,194,2,270,142,0,142,412
05/07/2018,SBA,CA,AWP,WE,Combined TRACON& Tower with Radar,20,56,57,0,133,0,0,68,0,68,20,56,125,0,201,56,0,56,257
05/08/2018,SBA,CA,AWP,WE,Combined TRACON& Tower with Radar,20,55,43,7,125,0,2,40,2,44,20,57,83,9,169,76,4,80,249
05/09/2018,SBA,CA,AWP,WE,Combined TRACON& Tower with Radar,20,53,52,2,127,0,1,65,4,70,20,54,117,6,197,98,0,98,295
05/10/2018,SBA,CA,AWP,WE,Combined TRACON& Tower with Radar,24,58,40,0,122,0,4,97,3,104,24,62,137,3,226,154,0,154,380
05/11/2018,SBA,CA,AWP,WE,Combined TRACON& Tower with Radar,20,53,75,0,148,0,0,8,0,8,20,53,83,0,156,26,0,26,182
05/12/2018,SBA,CA,AWP,WE,Combined TRACON& Tower with Radar,17,33,57,0,107,0,0,45,0,45,17,33,102,0,152,130,0,130,282
05/13/2018,SBA,CA,AWP,WE,Combined TRACON& Tower with Radar,21,42,61,0,124,0,1,43,0,44,21,43,104,0,168,70,0,70,238
05/14/2018,SBA,CA,AWP,WE,Combined TRACON& Tower with Radar,20,57,47,8,132,0,5,84,2,91,20,62,131,10,223,156,0,156,379
05/15/2018,SBA,CA,AWP,WE,Combined TRACON& Tower with Radar,20,47,27,7,101,0,3,103,0,106,20,50,130,7,207,226,0,226,433
05/16/2018,SBA,CA,AWP,WE,Combined TRACON& Tower with Radar,20,47,39,3,109,0,9,67,1,77,20,56,106,4,186,96,0,96,282
05/17/2018,SBA,CA,AWP,WE,Combined TRACON& Tower with Radar,20,53,37,2,112,0,4,97,3,104,20,57,134,5,216,192,0,192,408
05/18/2018,SBA,CA,AWP,WE,Combined TRACON& Tower with Radar,19,49,53,3,124,0,8,66,4,78,19,57,119,7,202,74,2,76,278
05/19/2018,SBA,CA,AWP,WE,Combined TRACON& Tower with Radar,15,45,61,0,121,0,2,58,0,60,15,47,119,0,181,136,0,136,317
05/20/2018,SBA,CA,AWP,WE,Combined TRACON& Tower with Radar,22,44,71,0,137,0,1,62,2,65,22,45,133,2,202,168,0,168,370
05/21/2018,SBA,CA,AWP,WE,Combined TRACON& Tower with Radar,22,51,43,4,120,0,7,47,3,57,22,58,90,7,177,134,0,134,311
05/22/2018,SBA,CA,AWP,WE,Combined TRACON& Tower with Radar,22,55,42,2,121,0,7,55,4,66,22,62,97,6,187,138,0,138,325
05/23/2018,SBA,CA,AWP,WE,Combined TRACON& Tower with Radar,22,56,47,5,130,0,6,19,4,29,22,62,66,9,159,148,0,148,307
05/24/2018,SBA,CA,AWP,WE,Combined TRACON& Tower with Radar,22,52,90,0,164,0,0,15,0,15,22,52,105,0,179,88,0,88,267
05/25/2018,SBA,CA,AWP,WE,Combined TRACON& Tower with Radar,22,57,34,0,113,0,7,76,0,83,22,64,110,0,196,106,0,106,302
05/26/2018,SBA,CA,AWP,WE,Combined TRACON& Tower with Radar,17,31,44,0,92,0,0,80,2,82,17,31,124,2,174,110,0,110,284
05/27/2018,SBA,CA,AWP,WE,Combined TRACON& Tower with Radar,19,29,39,1,88,0,0,94,1,95,19,29,133,2,183,54,0,54,237
05/28/2018,SBA,CA,AWP,WE,Combined TRACON& Tower with Radar,22,59,66,0,147,0,2,63,0,65,22,61,129,0,212,34,0,34,246
05/29/2018,SBA,CA,AWP,WE,Combined TRACON& Tower with Radar,30,32,60,4,126,0,0,17,1,18,30,32,77,5,144,64,0,64,208
05/30/2018,SBA,CA,AWP,WE,Combined TRACON& Tower with Radar,21,42,75,4,142,0,0,6,0,6,21,42,81,4,148,52,4,56,204
05/31/2018,SBA,CA,AWP,WE,Combined TRACON& Tower with Radar,21,44,29,0,94,0,6,69,2,77,21,50,98,2,171,82,0,82,253
06/01/2018,SBA,CA,AWP,WE,Combined TRACON& Tower with Radar,22,51,41,3,117,0,3,103,2,108,22,54,144,5,225,102,0,102,327
06/02/2018,SBA,CA,AWP,WE,Combined TRACON& Tower with Radar,18,25,31,1,75,0,1,204,1,206,18,26,235,2,281,0,0,0,281
06/03/2018,SBA,CA,AWP,WE,Combined TRACON& Tower with Radar,21,34,45,0,100,0,0,122,0,122,21,34,167,0,222,42,0,42,264
06/04/2018,SBA,CA,AWP,WE,Combined TRACON& Tower with Radar,24,57,52,2,135,0,1,35,3,39,24,58,87,5,174,12,0,12,186
06/05/2018,SBA,CA,AWP,WE,Combined TRACON& Tower with Radar,22,43,44,10,119,0,2,21,0,23,22,45,65,10,142,106,0,106,248
06/06/2018,SBA,CA,AWP,WE,Combined TRACON& Tower with Radar,23,47,66,6,142,0,2,44,0,46,23,49,110,6,188,60,0,60,248
06/07/2018,SBA,CA,AWP,WE,Combined TRACON& Tower with Radar,21,52,36,0,109,0,2,85,4,91,21,54,121,4,200,138,0,138,338
06/08/2018,SBA,CA,AWP,WE,Combined TRACON& Tower with Radar,20,47,32,2,101,0,3,123,5,131,20,50,155,7,232,178,0,178,410
06/09/2018,SBA,CA,AWP,WE,Combined TRACON& Tower with Radar,23,27,28,0,78,0,1,198,0,199,23,28,226,0,277,0,0,0,277
06/10/2018,SBA,CA,AWP,WE,Combined TRACON& Tower with Radar,22,35,35,0,92,0,0,116,2,118,22,35,151,2,210,42,0,42,252
06/11/2018,SBA,CA,AWP,WE,Combined TRACON& Tower with Radar,23,55,26,0,104,0,3,81,3,87,23,58,107,3,191,184,0,184,375
06/12/2018,SBA,CA,AWP,WE,Combined TRACON& Tower with Radar,22,49,26,2,99,0,2,84,0,86,22,51,110,2,185,96,0,96,281
06/13/2018,SBA,CA,AWP,WE,Combined TRACON& Tower with Radar,23,50,50,0,123,0,0,54,2,56,23,50,104,2,179,92,0,92,271
06/14/2018,SBA,CA,AWP,WE,Combined TRACON& Tower with Radar,21,70,65,0,156,0,1,57,0,58,21,71,122,0,214,80,0,80,294
06/15/2018,SBA,CA,AWP,WE,Combined TRACON& Tower with Radar,21,48,57,0,126,0,1,103,6,110,21,49,160,6,236,54,0,54,290
06/16/2018,SBA,CA,AWP,WE,Combined TRACON& Tower with Radar,23,29,54,0,106,0,0,26,2,28,23,29,80,2,134,76,0,76,210
06/17/2018,SBA,CA,AWP,WE,Combined TRACON& Tower with Radar,22,40,54,4,120,0,0,42,2,44,22,40,96,6,164,58,0,58,222
06/18/2018,SBA,CA,AWP,WE,Combined TRACON& Tower with Radar,22,57,38,2,119,0,0,84,2,86,22,57,122,4,205,100,0,100,305
06/19/2018,SBA,CA,AWP,WE,Combined TRACON& Tower with Radar,24,44,46,4,118,0,1,71,0,72,24,45,117,4,190,140,0,140,330
06/20/2018,SBA,CA,AWP,WE,Combined TRACON& Tower with Radar,22,54,40,0,116,0,0,62,2,64,22,54,102,2,180,34,0,34,214
06/21/2018,SBA,CA,AWP,WE,Combined TRACON& Tower with Radar,20,52,61,3,136,0,0,53,2,55,20,52,114,5,191,56,0,56,247
06/22/2018,SBA,CA,AWP,WE,Combined TRACON& Tower with Radar,19,51,55,0,125,0,2,38,3,43,19,53,93,3,168,6,0,6,174
06/23/2018,SBA,CA,AWP,WE,Combined TRACON& Tower with Radar,23,31,68,0,122,0,0,4,0,4,23,31,72,0,126,12,0,12,138
06/24/2018,SBA,CA,AWP,WE,Combined TRACON& Tower with Radar,22,49,75,2,148,0,0,32,0,32,22,49,107,2,180,168,0,168,348
06/25/2018,SBA,CA,AWP,WE,Combined TRACON& Tower with Radar,21,55,64,3,143,0,6,58,4,68,21,61,122,7,211,118,2,120,331
06/26/2018,SBA,CA,AWP,WE,Combined TRACON& Tower with Radar,24,52,64,0,140,0,3,53,4,60,24,55,117,4,200,110,0,110,310
06/27/2018,SBA,CA,AWP,WE,Combined TRACON& Tower with Radar,22,48,51,10,131,0,2,67,9,78,22,50,118,19,209,160,0,160,369
06/28/2018,SBA,CA,AWP,WE,Combined TRACON& Tower with Radar,21,47,54,2,124,0,2,97,5,104,21,49,151,7,228,148,8,156,384
06/29/2018,SBA,CA,AWP,WE,Combined TRACON& Tower with Radar,21,48,65,0,134,0,2,47,6,55,21,50,112,6,189,132,0,132,321
06/30/2018,SBA,CA,AWP,WE,Combined TRACON& Tower with Radar,21,35,62,1,119,0,3,94,2,99,21,38,156,3,218,114,0,114,332
07/01/2018,SBA,CA,AWP,WE,Combined TRACON& Tower with Radar,22,40,64,3,129,0,3,90,1,94,22,43,154,4,223,88,0,88,311
07/02/2018,SBA,CA,AWP,WE,Combined TRACON& Tower with Radar,22,50,49,1,122,0,1,31,2,34,22,51,80,3,156,38,0,38,194
07/03/2018,SBA,CA,AWP,WE,Combined TRACON& Tower with Radar,21,40,44,0,105,0,0,38,0,38,21,40,82,0,143,86,0,86,229
07/04/2018,SBA,CA,AWP,WE,Combined TRACON& Tower with Radar,16,16,28,0,60,0,1,48,0,49,16,17,76,0,109,22,0,22,131
07/05/2018,SBA,CA,AWP,WE,Combined TRACON& Tower with Radar,20,39,41,0,100,0,0,68,6,74,20,39,109,6,174,120,0,120,294
07/06/2018,SBA,CA,AWP,WE,Combined TRACON& Tower with Radar,20,46,35,1,102,0,2,75,3,80,20,48,110,4,182,62,0,62,244
07/07/2018,SBA,CA,AWP,WE,Combined TRACON& Tower with Radar,18,37,28,0,83,0,2,81,2,85,18,39,109,2,168,190,0,190,358
07/08/2018,SBA,CA,AWP,WE,Combined TRACON& Tower with Radar,22,35,41,3,101,0,3,136,0,139,22,38,177,3,240,0,0,0,240
07/09/2018,SBA,CA,AWP,WE,Combined TRACON& Tower with Radar,21,59,34,9,123,0,0,87,3,90,21,59,121,12,213,78,0,78,291
07/10/2018,SBA,CA,AWP,WE,Combined TRACON& Tower with Radar,19,40,43,0,102,0,5,86,0,91,19,45,129,0,193,94,0,94,287
07/11/2018,SBA,CA,AWP,WE,Combined TRACON& Tower with Radar,19,47,53,7,126,0,1,66,6,73,19,48,119,13,199,88,0,88,287
07/12/2018,SBA,CA,AWP,WE,Combined TRACON& Tower with Radar,21,49,47,7,124,0,2,98,3,103,21,51,145,10,227,128,0,128,355
07/13/2018,SBA,CA,AWP,WE,Combined TRACON& Tower with Radar,19,41,50,3,113,0,1,107,3,111,19,42,157,6,224,44,0,44,268
07/14/2018,SBA,CA,AWP,WE,Combined TRACON& Tower with Radar,20,34,44,0,98,0,0,129,4,133,20,34,173,4,231,208,0,208,439
07/15/2018,SBA,CA,AWP,WE,Combined TRACON& Tower with Radar,21,36,51,0,108,0,0,144,2,146,21,36,195,2,254,104,0,104,358
07/16/2018,SBA,CA,AWP,WE,Combined TRACON& Tower with Radar,21,35,38,5,99,0,0,214,2,216,21,35,252,7,315,0,0,0,315
07/17/2018,SBA,CA,AWP,WE,Combined TRACON& Tower with Radar,21,38,52,6,117,0,0,58,2,60,21,38,110,8,177,74,6,80,257
07/18/2018,SBA,CA,AWP,WE,Combined TRACON& Tower with Radar,21,43,36,3,103,0,4,83,11,98,21,47,119,14,201,52,0,52,253
07/19/2018,SBA,CA,AWP,WE,Combined TRACON& Tower with Radar,21,53,47,1,122,0,2,104,4,110,21,55,151,5,232,124,2,126,358
07/20/2018,SBA,CA,AWP,WE,Combined TRACON& Tower with Radar,23,57,43,0,123,0,1,92,3,96,23,58,135,3,219,150,0,150,369
07/21/2018,SBA,CA,AWP,WE,Combined TRACON& Tower with Radar,21,40,56,1,118,0,0,130,0,130,21,40,186,1,248,108,0,108,356
07/22/2018,SBA,CA,AWP,WE,Combined TRACON& Tower with Radar,22,47,62,0,131,0,1,130,4,135,22,48,192,4,266,148,0,148,414
07/23/2018,SBA,CA,AWP,WE,Combined TRACON& Tower with Radar,19,47,40,7,113,0,2,111,7,120,19,49,151,14,233,113,2,115,348
07/24/2018,SBA,CA,AWP,WE,Combined TRACON& Tower with Radar,21,52,29,5,107,0,3,81,2,86,21,55,110,7,193,198,0,198,391
07/25/2018,SBA,CA,AWP,WE,Combined TRACON& Tower with Radar,21,45,60,0,126,0,5,74,5,84,21,50,134,5,210,88,0,88,298
07/26/2018,SBA,CA,AWP,WE,Combined TRACON& Tower with Radar,21,62,56,3,142,0,2,68,1,71,21,64,124,4,213,56,0,56,269
07/27/2018,SBA,CA,AWP,WE,Combined TRACON& Tower with Radar,21,52,33,2,108,0,5,105,4,114,21,57,138,6,222,106,0,106,328
07/28/2018,SBA,CA,AWP,WE,Combined TRACON& Tower with Radar,21,26,56,0,103,0,1,127,4,132,21,27,183,4,235,0,0,0,235
07/29/2018,SBA,CA,AWP,WE,Combined TRACON& Tower with Radar,22,43,72,0,137,0,0,72,0,72,22,43,144,0,209,42,0,42,251
07/30/2018,SBA,CA,AWP,WE,Combined TRACON& Tower with Radar,18,48,44,21,131,0,1,210,1,212,18,49,254,22,343,0,0,0,343
07/31/2018,SBA,CA,AWP,WE,Combined TRACON& Tower with Radar,23,39,42,0,104,0,1,97,6,104,23,40,139,6,208,184,0,184,392
08/01/2018,SBA,CA,AWP,WE,Combined TRACON& Tower with Radar,20,55,26,2,103,0,5,107,5,117,20,60,133,7,220,140,2,142,362
08/02/2018,SBA,CA,AWP,WE,Combined TRACON& Tower with Radar,18,51,40,3,112,0,1,95,4,100,18,52,135,7,212,76,0,76,288
08/03/2018,SBA,CA,AWP,WE,Combined TRACON& Tower with Radar,20,49,39,2,110,0,1,97,3,101,20,50,136,5,211,126,0,126,337
08/04/2018,SBA,CA,AWP,WE,Combined TRACON& Tower with Radar,22,37,35,2,96,0,2,112,3,117,22,39,147,5,213,96,0,96,309
08/05/2018,SBA,CA,AWP,WE,Combined TRACON& Tower with Radar,20,33,36,0,89,0,0,109,1,110,20,33,145,1,199,106,0,106,305
08/06/2018,SBA,CA,AWP,WE,Combined TRACON& Tower with Radar,21,57,36,0,114,0,2,85,4,91,21,59,121,4,205,88,0,88,293
08/07/2018,SBA,CA,AWP,WE,Combined TRACON& Tower with Radar,19,47,42,6,114,0,0,87,1,88,19,47,129,7,202,112,2,114,316
08/08/2018,SBA,CA,AWP,WE,Combined TRACON& Tower with Radar,20,52,46,4,122,0,0,79,6,85,20,52,125,10,207,60,2,62,269
08/09/2018,SBA,CA,AWP,WE,Combined TRACON& Tower with Radar,21,54,43,5,123,0,1,98,2,101,21,55,141,7,224,128,0,128,352
08/10/2018,SBA,CA,AWP,WE,Combined TRACON& Tower with Radar,21,51,46,3,121,0,5,124,7,136,21,56,170,10,257,82,0,82,339
08/11/2018,SBA,CA,AWP,WE,Combined TRACON& Tower with Radar,21,42,35,0,98,0,3,168,4,175,21,45,203,4,273,0,0,0,273
08/12/2018,SBA,CA,AWP,WE,Combined TRACON& Tower with Radar,21,43,40,0,104,0,0,178,0,178,21,43,218,0,282,0,0,0,282
08/13/2018,SBA,CA,AWP,WE,Combined TRACON& Tower with Radar,20,66,36,1,123,0,0,85,3,88,20,66,121,4,211,45,0,45,256
08/14/2018,SBA,CA,AWP,WE,Combined TRACON& Tower with Radar,20,53,45,0,118,0,2,78,4,84,20,55,123,4,202,0,0,0,202
08/15/2018,SBA,CA,AWP,WE,Combined TRACON& Tower with Radar,21,53,58,5,137,0,5,91,3,99,21,58,149,8,236,162,0,162,398
08/16/2018,SBA,CA,AWP,WE,Combined TRACON& Tower with Radar,23,61,58,6,148,0,0,78,3,81,23,61,136,9,229,126,4,130,359
08/17/2018,SBA,CA,AWP,WE,Combined TRACON& Tower with Radar,19,57,52,5,133,0,5,76,3,84,19,62,128,8,217,88,2,90,307
08/18/2018,SBA,CA,AWP,WE,Combined TRACON& Tower with Radar,21,37,70,0,128,0,1,127,6,134,21,38,197,6,262,0,0,0,262
08/19/2018,SBA,CA,AWP,WE,Combined TRACON& Tower with Radar,24,41,58,2,125,0,3,90,7,100,24,44,148,9,225,106,0,106,331
08/20/2018,SBA,CA,AWP,WE,Combined TRACON& Tower with Radar,23,47,54,0,124,0,1,46,2,49,23,48,100,2,173,66,0,66,239
08/21/2018,SBA,CA,AWP,WE,Combined TRACON& Tower with Radar,14,48,36,3,101,0,1,33,2,36,14,49,69,5,137,20,0,20,157
08/22/2018,SBA,CA,AWP,WE,Combined TRACON& Tower with Radar,18,49,41,4,112,0,1,46,2,49,18,50,87,6,161,40,6,46,207
08/23/2018,SBA,CA,AWP,WE,Combined TRACON& Tower with Radar,21,62,41,4,128,0,6,106,0,112,21,68,147,4,240,40,0,40,280
08/24/2018,SBA,CA,AWP,WE,Combined TRACON& Tower with Radar,20,53,49,6,128,0,6,92,1,99,20,59,141,7,227,84,0,84,311
08/25/2018,SBA,CA,AWP,WE,Combined TRACON& Tower with Radar,13,37,57,2,109,0,4,122,2,128,13,41,179,4,237,0,0,0,237
08/26/2018,SBA,CA,AWP,WE,Combined TRACON& Tower with Radar,22,33,73,3,131,0,1,39,2,42,22,34,112,5,173,80,0,80,253
08/27/2018,SBA,CA,AWP,WE,Combined TRACON& Tower with Radar,19,48,48,0,115,0,0,142,0,142,19,48,190,0,257,0,0,0,257
08/28/2018,SBA,CA,AWP,WE,Combined TRACON& Tower with Radar,17,48,31,11,107,0,2,54,1,57,17,50,85,12,164,64,4,68,232
08/29/2018,SBA,CA,AWP,WE,Combined TRACON& Tower with Radar,18,47,29,2,96,0,2,75,6,83,18,49,104,8,179,58,0,58,237
08/30/2018,SBA,CA,AWP,WE,Combined TRACON& Tower with Radar,23,44,48,4,119,0,5,83,4,92,23,49,131,8,211,118,0,118,329
08/31/2018,SBA,CA,AWP,WE,Combined TRACON& Tower with Radar,22,67,46,5,140,0,3,88,3,94,22,70,134,8,234,104,0,104,338
09/01/2018,SBA,CA,AWP,WE,Combined TRACON& Tower with Radar,12,48,30,0,90,0,4,198,1,203,12,52,228,1,293,0,0,0,293
09/02/2018,SBA,CA,AWP,WE,Combined TRACON& Tower with Radar,19,33,66,0,118,0,0,47,4,51,19,33,113,4,169,20,0,20,189
09/03/2018,SBA,CA,AWP,WE,Combined TRACON& Tower with Radar,19,61,66,0,146,0,1,220,1,222,19,62,286,1,368,0,0,0,368
09/04/2018,SBA,CA,AWP,WE,Combined TRACON& Tower with Radar,18,56,71,5,150,0,0,28,3,31,18,56,99,8,181,4,4,8,189
09/05/2018,SBA,CA,AWP,WE,Combined TRACON& Tower with Radar,18,39,62,0,119,0,2,18,0,20,18,41,80,0,139,64,0,64,203
09/06/2018,SBA,CA,AWP,WE,Combined TRACON& Tower with Radar,23,43,66,0,132,0,1,21,6,28,23,44,87,6,160,10,0,10,170
09/07/2018,SBA,CA,AWP,WE,Combined TRACON& Tower with Radar,19,50,72,5,146,0,1,38,3,42,19,51,110,8,188,6,0,6,194
09/08/2018,SBA,CA,AWP,WE,Combined TRACON& Tower with Radar,12,37,67,0,116,0,0,147,3,150,12,37,214,3,266,0,0,0,266
09/09/2018,SBA,CA,AWP,WE,Combined TRACON& Tower with Radar,21,39,54,0,114,0,2,70,0,72,21,41,124,0,186,66,0,66,252
09/10/2018,SBA,CA,AWP,WE,Combined TRACON& Tower with Radar,18,41,48,0,107,0,1,52,1,54,18,42,100,1,161,34,0,34,195
09/11/2018,SBA,CA,AWP,WE,Combined TRACON& Tower with Radar,16,46,49,3,114,0,2,46,4,52,16,48,95,7,166,48,2,50,216
09/12/2018,SBA,CA,AWP,WE,Combined TRACON& Tower with Radar,17,41,48,8,114,0,3,44,1,48,17,44,92,9,162,92,2,94,256
09/13/2018,SBA,CA,AWP,WE,Combined TRACON& Tower with Radar,22,45,31,2,100,0,5,75,0,80,22,50,106,2,180,84,0,84,264
09/14/2018,SBA,CA,AWP,WE,Combined TRACON& Tower with Radar,19,58,45,0,122,0,6,93,4,103,19,64,138,4,225,78,0,78,303
09/15/2018,SBA,CA,AWP,WE,Combined TRACON& Tower with Radar,12,34,31,0,77,0,2,126,5,133,12,36,157,5,210,140,0,140,350
09/16/2018,SBA,CA,AWP,WE,Combined TRACON& Tower with Radar,20,39,34,0,93,0,7,141,3,151,20,46,175,3,244,94,0,94,338
09/17/2018,SBA,CA,AWP,WE,Combined TRACON& Tower with Radar,23,40,22,0,85,0,2,81,4,87,23,42,103,4,172,46,0,46,218
09/18/2018,SBA,CA,AWP,WE,Combined TRACON& Tower with Radar,16,46,39,9,110,0,1,85,0,86,16,47,124,9,196,82,6,88,284
09/19/2018,SBA,CA,AWP,WE,Combined TRACON& Tower with Radar,18,29,27,0,74,0,3,88,5,96,18,32,115,5,170,46,0,46,216
09/20/2018,SBA,CA,AWP,WE,Combined TRACON& Tower with Radar,23,48,40,0,111,0,2,74,1,77,23,50,114,1,188,60,0,60,248
09/21/2018,SBA,CA,AWP,WE,Combined TRACON& Tower with Radar,19,72,70,0,161,0,8,72,4,84,19,80,142,4,245,86,12,98,343
09/22/2018,SBA,CA,AWP,WE,Combined TRACON& Tower with Radar,13,44,56,0,113,0,1,49,0,50,13,45,105,0,163,22,0,22,185
09/23/2018,SBA,CA,AWP,WE,Combined TRACON& Tower with Radar,24,57,42,0,123,0,1,73,2,76,24,58,115,2,199,14,0,14,213
09/24/2018,SBA,CA,AWP,WE,Combined TRACON& Tower with Radar,22,57,59,0,138,0,3,75,4,82,22,60,134,4,220,48,0,48,268
09/25/2018,SBA,CA,AWP,WE,Combined TRACON& Tower with Radar,18,47,60,6,131,0,2,14,0,16,18,49,74,6,147,4,6,10,157
09/26/2018,SBA,CA,AWP,WE,Combined TRACON& Tower with Radar,18,41,33,7,99,0,4,80,0,84,18,45,113,7,183,62,2,64,247
09/27/2018,SBA,CA,AWP,WE,Combined TRACON& Tower with Radar,24,48,40,0,112,0,4,55,1,60,24,52,95,1,172,64,0,64,236
09/28/2018,SBA,CA,AWP,WE,Combined TRACON& Tower with Radar,20,53,77,7,157,0,0,5,0,5,20,53,82,7,162,6,4,10,172
09/29/2018,SBA,CA,AWP,WE,Combined TRACON& Tower with Radar,16,40,34,0,90,0,0,188,2,190,16,40,222,2,280,0,0,0,280
09/30/2018,SBA,CA,AWP,WE,Combined TRACON& Tower with Radar,22,48,39,0,109,0,0,112,3,115,22,48,151,3,224,102,0,102,326
10/01/2018,SBA,CA,AWP,WE,Combined TRACON& Tower with Radar,20,46,32,8,106,0,1,78,1,80,20,47,110,9,186,44,4,48,234
10/02/2018,SBA,CA,AWP,WE,Combined TRACON& Tower with Radar,16,48,45,12,121,0,4,75,1,80,16,52,120,13,201,58,8,66,267
10/03/2018,SBA,CA,AWP,WE,Combined TRACON& Tower with Radar,18,51,47,1,117,0,1,10,0,11,18,52,57,1,128,26,0,26,154
10/04/2018,SBA,CA,AWP,WE,Combined TRACON& Tower with Radar,23,61,73,2,159,0,0,44,0,44,23,61,117,2,203,50,6,56,259
10/05/2018,SBA,CA,AWP,WE,Combined TRACON& Tower with Radar,25,53,67,1,146,0,4,106,1,111,25,57,173,2,257,50,0,50,307
10/06/2018,SBA,CA,AWP,WE,Combined TRACON& Tower with Radar,23,25,29,0,77,0,3,79,0,82,23,28,108,0,159,60,0,60,219
10/07/2018,SBA,CA,AWP,WE,Combined TRACON& Tower with Radar,28,36,53,0,117,0,2,125,2,129,28,38,178,2,246,112,0,112,358
10/08/2018,SBA,CA,AWP,WE,Combined TRACON& Tower with Radar,23,49,37,1,110,0,0,79,0,79,23,49,116,1,189,107,0,107,296
10/09/2018,SBA,CA,AWP,WE,Combined TRACON& Tower with Radar,25,44,49,1,119,0,1,58,1,60,25,45,107,2,179,174,0,174,353
10/10/2018,SBA,CA,AWP,WE,Combined TRACON& Tower with Radar,26,38,54,9,127,0,0,40,1,41,26,38,94,10,168,121,6,127,295
10/11/2018,SBA,CA,AWP,WE,Combined TRACON& Tower with Radar,31,69,60,0,160,0,5,57,2,64,31,74,117,2,224,122,0,122,346
10/12/2018,SBA,CA,AWP,WE,Combined TRACON& Tower with Radar,27,56,30,2,115,0,3,96,11,110,27,59,126,13,225,56,0,56,281
10/13/2018,SBA,CA,AWP,WE,Combined TRACON& Tower with Radar,23,32,43,0,98,0,2,177,0,179,23,34,220,0,277,0,0,0,277
10/14/2018,SBA,CA,AWP,WE,Combined TRACON& Tower with Radar,32,56,64,1,153,0,0,106,0,106,32,56,170,1,259,116,0,116,375
10/15/2018,SBA,CA,AWP,WE,Combined TRACON& Tower with Radar,22,51,29,0,102,0,3,57,3,63,22,54,86,3,165,70,0,70,235
10/16/2018,SBA,CA,AWP,WE,Combined TRACON& Tower with Radar,26,47,36,2,111,0,0,92,1,93,26,47,128,3,204,70,4,74,278
10/17/2018,SBA,CA,AWP,WE,Combined TRACON& Tower with Radar,23,56,52,4,135,0,1,107,0,108,23,57,159,4,243,72,0,72,315
10/18/2018,SBA,CA,AWP,WE,Combined TRACON& Tower with Radar,27,67,42,4,140,0,8,94,1,103,27,75,136,5,243,82,0,82,325
10/19/2018,SBA,CA,AWP,WE,Combined TRACON& Tower with Radar,23,56,44,8,131,0,0,98,1,99,23,56,142,9,230,70,0,70,300
10/20/2018,SBA,CA,AWP,WE,Combined TRACON& Tower with Radar,25,25,39,2,91,0,1,285,0,286,25,26,324,2,377,0,0,0,377
10/21/2018,SBA,CA,AWP,WE,Combined TRACON& Tower with Radar,29,49,49,1,128,0,2,102,1,105,29,51,151,2,233,58,0,58,291
10/22/2018,SBA,CA,AWP,WE,Combined TRACON& Tower with Radar,25,43,36,1,105,0,1,57,1,59,25,44,93,2,164,36,0,36,200
10/23/2018,SBA,CA,AWP,WE,Combined TRACON& Tower with Radar,25,42,32,0,99,0,4,74,0,78,25,46,106,0,177,76,0,76,253
10/24/2018,SBA,CA,AWP,WE,Combined TRACON& Tower with Radar,25,36,31,15,107,0,1,90,0,91,25,37,121,15,198,52,8,60,258
10/25/2018,SBA,CA,AWP,WE,Combined TRACON& Tower with Radar,29,52,32,3,116,0,1,84,0,85,29,53,116,3,201,104,0,104,305
10/26/2018,SBA,CA,AWP,WE,Combined TRACON& Tower with Radar,25,52,35,4,116,0,1,75,2,78,25,53,110,6,194,106,0,106,300
10/27/2018,SBA,CA,AWP,WE,Combined TRACON& Tower with Radar,22,39,43,0,104,0,0,130,0,130,22,39,173,0,234,0,0,0,234
10/28/2018,SBA,CA,AWP,WE,Combined TRACON& Tower with Radar,29,44,45,3,121,0,0,60,0,60,29,44,105,3,181,56,0,56,237
10/29/2018,SBA,CA,AWP,WE,Combined TRACON& Tower with Radar,27,51,27,0,105,0,0,92,6,98,27,51,119,6,203,0,0,0,203
10/30/2018,SBA,CA,AWP,WE,Combined TRACON& Tower with Radar,27,39,40,0,106,0,1,66,2,69,27,40,106,2,175,76,0,76,251
10/31/2018,SBA,CA,AWP,WE,Combined TRACON& Tower with Radar,22,38,21,0,81,0,9,69,2,80,22,47,90,2,161,44,0,44,205
11/01/2018,SBA,CA,AWP,WE,Combined TRACON& Tower with Radar,28,71,38,5,142,0,2,94,1,97,28,73,132,6,239,80,0,80,319
11/02/2018,SBA,CA,AWP,WE,Combined TRACON& Tower with Radar,24,51,53,0,128,0,2,105,2,109,24,53,158,2,237,108,0,108,345
11/03/2018,SBA,CA,AWP,WE,Combined TRACON& Tower with Radar,21,25,42,0,88,0,1,179,3,183,21,26,221,3,271,0,0,0,271
11/04/2018,SBA,CA,AWP,WE,Combined TRACON& Tower with Radar,27,45,38,0,110,0,1,104,2,107,27,46,142,2,217,188,0,188,405
11/05/2018,SBA,CA,AWP,WE,Combined TRACON& Tower with Radar,25,57,35,2,119,0,0,54,2,56,25,57,89,4,175,80,0,80,255
11/06/2018,SBA,CA,AWP,WE,Combined TRACON& Tower with Radar,22,43,43,0,108,0,0,69,2,71,22,43,112,2,179,78,0,78,257
11/07/2018,SBA,CA,AWP,WE,Combined TRACON& Tower with Radar,22,42,53,5,122,0,0,62,3,65,22,42,115,8,187,52,6,58,245
11/08/2018,SBA,CA,AWP,WE,Combined TRACON& Tower with Radar,28,49,58,0,135,0,8,72,11,91,28,57,130,11,226,120,0,120,346
11/09/2018,SBA,CA,AWP,WE,Combined TRACON& Tower with Radar,24,49,37,2,112,0,1,95,1,97,24,50,132,3,209,102,0,102,311
11/10/2018,SBA,CA,AWP,WE,Combined TRACON& Tower with Radar,19,29,27,1,76,0,1,122,3,126,19,30,149,4,202,0,0,0,202
11/11/2018,SBA,CA,AWP,WE,Combined TRACON& Tower with Radar,28,45,39,0,112,0,0,58,1,59,28,45,97,1,171,66,0,66,237
11/12/2018,SBA,CA,AWP,WE,Combined TRACON& Tower with Radar,24,48,34,0,106,0,0,61,1,62,24,48,95,1,168,140,0,140,308
11/13/2018,SBA,CA,AWP,WE,Combined TRACON& Tower with Radar,34,37,36,0,107,0,2,52,0,54,34,39,88,0,161,100,0,100,261
11/14/2018,SBA,CA,AWP,WE,Combined TRACON& Tower with Radar,22,41,39,2,104,0,0,70,7,77,22,41,109,9,181,102,0,102,283
11/15/2018,SBA,CA,AWP,WE,Combined TRACON& Tower with Radar,38,67,52,0,157,0,4,60,1,65,38,71,112,1,222,174,0,174,396
11/16/2018,SBA,CA,AWP,WE,Combined TRACON& Tower with Radar,24,59,52,0,135,0,3,89,4,96,24,62,141,4,231,134,0,134,365
11/17/2018,SBA,CA,AWP,WE,Combined TRACON& Tower with Radar,21,39,49,0,109,0,2,76,1,79,21,41,125,1,188,152,0,152,340
11/18/2018,SBA,CA,AWP,WE,Combined TRACON& Tower with Radar,28,45,47,1,121,0,2,63,1,66,28,47,110,2,187,128,0,128,315
11/19/2018,SBA,CA,AWP,WE,Combined TRACON& Tower with Radar,24,46,42,2,114,0,0,66,3,69,24,46,108,5,183,132,0,132,315
11/20/2018,SBA,CA,AWP,WE,Combined TRACON& Tower with Radar,26,52,36,4,118,0,0,128,2,130,26,52,164,6,248,188,2,190,438
11/21/2018,SBA,CA,AWP,WE,Combined TRACON& Tower with Radar,25,52,66,0,143,0,0,42,0,42,25,52,108,0,185,94,0,94,279
11/22/2018,SBA,CA,AWP,WE,Combined TRACON& Tower with Radar,17,11,12,3,43,0,0,25,0,25,17,11,37,3,68,28,0,28,96
11/23/2018,SBA,CA,AWP,WE,Combined TRACON& Tower with Radar,16,23,28,0,67,0,0,53,2,55,16,23,81,2,122,98,0,98,220
11/24/2018,SBA,CA,AWP,WE,Combined TRACON& Tower with Radar,24,33,41,0,98,0,0,66,0,66,24,33,107,0,164,108,0,108,272
11/25/2018,SBA,CA,AWP,WE,Combined TRACON& Tower with Radar,28,41,67,0,136,0,3,106,2,111,28,44,173,2,247,128,0,128,375
11/26/2018,SBA,CA,AWP,WE,Combined TRACON& Tower with Radar,24,50,27,2,103,0,1,68,0,69,24,51,95,2,172,80,0,80,252
11/27/2018,SBA,CA,AWP,WE,Combined TRACON& Tower with Radar,22,51,23,6,102,0,0,84,0,84,22,51,107,6,186,180,2,182,368
11/28/2018,SBA,CA,AWP,WE,Combined TRACON& Tower with Radar,27,42,42,0,111,0,1,10,0,11,27,43,52,0,122,34,0,34,156
11/29/2018,SBA,CA,AWP,WE,Combined TRACON& Tower with Radar,31,37,24,0,92,0,0,0,0,0,31,37,24,0,92,0,0,0,92
11/30/2018,SBA,CA,AWP,WE,Combined TRACON& Tower with Radar,27,43,29,0,99,0,2,60,2,64,27,45,89,2,163,124,0,124,287
12/01/2018,SBA,CA,AWP,WE,Combined TRACON& Tower with Radar,22,28,33,0,83,0,3,186,2,191,22,31,219,2,274,0,0,0,274
12/02/2018,SBA,CA,AWP,WE,Combined TRACON& Tower with Radar,32,30,54,0,116,0,5,81,2,88,32,35,135,2,204,68,0,68,272
12/03/2018,SBA,CA,AWP,WE,Combined TRACON& Tower with Radar,25,42,29,0,96,0,1,91,6,98,25,43,120,6,194,86,0,86,280
12/04/2018,SBA,CA,AWP,WE,Combined TRACON& Tower with Radar,25,44,31,4,104,0,1,61,2,64,25,45,92,6,168,64,2,66,234
12/05/2018,SBA,CA,AWP,WE,Combined TRACON& Tower with Radar,27,36,32,0,95,0,1,10,0,11,27,37,42,0,106,168,0,168,274
12/06/2018,SBA,CA,AWP,WE,Combined TRACON& Tower with Radar,31,44,45,0,120,0,0,29,5,34,31,44,74,5,154,120,0,120,274
12/07/2018,SBA,CA,AWP,WE,Combined TRACON& Tower with Radar,27,38,44,2,111,0,4,99,2,105,27,42,143,4,216,184,0,184,400
12/08/2018,SBA,CA,AWP,WE,Combined TRACON& Tower with Radar,25,32,25,2,84,0,4,136,0,140,25,36,161,2,224,114,0,114,338
12/09/2018,SBA,CA,AWP,WE,Combined TRACON& Tower with Radar,29,30,39,2,100,0,2,93,0,95,29,32,132,2,195,132,0,132,327
12/10/2018,SBA,CA,AWP,WE,Combined TRACON& Tower with Radar,29,37,31,4,101,0,0,47,0,47,29,37,78,4,148,68,0,68,216
12/11/2018,SBA,CA,AWP,WE,Combined TRACON& Tower with Radar,25,44,32,6,107,0,0,97,3,100,25,44,129,9,207,180,0,180,387
12/12/2018,SBA,CA,AWP,WE,Combined TRACON& Tower with Radar,25,43,33,5,106,0,0,85,1,86,25,43,118,6,192,118,8,126,318
12/13/2018,SBA,CA,AWP,WE,Combined TRACON& Tower with Radar,29,50,36,2,117,0,0,90,2,92,29,50,126,4,209,110,2,112,321
12/14/2018,SBA,CA,AWP,WE,Combined TRACON& Tower with Radar,27,58,29,2,116,0,1,74,2,77,27,59,103,4,193,170,0,170,363
12/15/2018,SBA,CA,AWP,WE,Combined TRACON& Tower with Radar,25,23,32,3,83,0,0,98,0,98,25,23,130,3,181,214,0,214,395
12/16/2018,SBA,CA,AWP,WE,Combined TRACON& Tower with Radar,28,27,34,1,90,0,0,95,1,96,28,27,129,2,186,158,0,158,344
12/17/2018,SBA,CA,AWP,WE,Combined TRACON& Tower with Radar,27,44,34,2,107,0,0,19,2,21,27,44,53,4,128,40,0,40,168
12/18/2018,SBA,CA,AWP,WE,Combined TRACON& Tower with Radar,25,43,30,0,98,0,2,71,1,74,25,45,101,1,172,116,0,116,288
12/19/2018,SBA,CA,AWP,WE,Combined TRACON& Tower with Radar,21,46,31,9,107,0,0,61,1,62,21,46,92,10,169,104,8,112,281
12/20/2018,SBA,CA,AWP,WE,Combined TRACON& Tower with Radar,23,51,34,11,119,0,1,89,5,95,23,52,123,16,214,124,0,124,338
12/21/2018,SBA,CA,AWP,WE,Combined TRACON& Tower with Radar,21,46,38,3,108,0,4,85,1,90,21,50,123,4,198,78,0,78,276
12/22/2018,SBA,CA,AWP,WE,Combined TRACON& Tower with Radar,23,34,44,3,104,0,1,65,0,66,23,35,109,3,170,138,2,140,310
12/23/2018,SBA,CA,AWP,WE,Combined TRACON& Tower with Radar,25,42,37,0,104,0,2,55,1,58,25,44,92,1,162,14,0,14,176
12/24/2018,SBA,CA,AWP,WE,Combined TRACON& Tower with Radar,15,26,17,0,58,0,0,52,0,52,15,26,69,0,110,10,0,10,120
12/25/2018,SBA,CA,AWP,WE,Combined TRACON& Tower with Radar,18,23,9,0,50,0,0,19,0,19,18,23,28,0,69,0,0,0,69
12/26/2018,SBA,CA,AWP,WE,Combined TRACON& Tower with Radar,23,54,43,6,126,0,0,78,0,78,23,54,121,6,204,80,2,82,286
12/27/2018,SBA,CA,AWP,WE,Combined TRACON& Tower with Radar,22,48,42,1,113,0,0,52,1,53,22,48,94,2,166,22,0,22,188
12/28/2018,SBA,CA,AWP,WE,Combined TRACON& Tower with Radar,21,49,28,4,102,0,0,78,0,78,21,49,106,4,180,78,0,78,258
12/29/2018,SBA,CA,AWP,WE,Combined TRACON& Tower with Radar,21,38,30,0,89,0,3,88,0,91,21,41,118,0,180,88,0,88,268
12/30/2018,SBA,CA,AWP,WE,Combined TRACON& Tower with Radar,23,40,22,0,85,0,0,88,0,88,23,40,110,0,173,152,0,152,325
12/31/2018,SBA,CA,AWP,WE,Combined TRACON& Tower with Radar,17,33,15,0,65,0,2,53,0,55,17,35,68,0,120,26,0,26,146
01/01/2019,SBA,CA,AWP,WE,Combined TRACON& Tower with Radar,20,36,19,0,75,0,0,37,0,37,20,36,56,0,112,46,0,46,158
01/02/2019,SBA,CA,AWP,WE,Combined TRACON& Tower with Radar,20,35,40,0,95,0,0,73,0,73,20,35,113,0,168,68,0,68,236
01/03/2019,SBA,CA,AWP,WE,Combined TRACON& Tower with Radar,23,43,18,2,86,0,0,80,0,80,23,43,98,2,166,160,0,160,326
01/04/2019,SBA,CA,AWP,WE,Combined TRACON& Tower with Radar,23,43,28,0,94,0,1,79,0,80,23,44,107,0,174,58,0,58,232
01/05/2019,SBA,CA,AWP,WE,Combined TRACON& Tower with Radar,20,33,59,0,112,0,2,16,0,18,20,35,75,0,130,78,0,78,208
01/06/2019,SBA,CA,AWP,WE,Combined TRACON& Tower with Radar,22,37,39,0,98,0,0,50,0,50,22,37,89,0,148,100,0,100,248
01/07/2019,SBA,CA,AWP,WE,Combined TRACON& Tower with Radar,22,52,48,0,122,0,0,2,0,2,22,52,50,0,124,0,0,0,124
01/08/2019,SBA,CA,AWP,WE,Combined TRACON& Tower with Radar,21,31,47,0,99,0,1,71,2,74,21,32,118,2,173,98,0,98,271
01/09/2019,SBA,CA,AWP,WE,Combined TRACON& Tower with Radar,21,32,51,0,104,0,3,17,0,20,21,35,68,0,124,56,0,56,180
01/10/2019,SBA,CA,AWP,WE,Combined TRACON& Tower with Radar,21,46,25,2,94,0,1,91,2,94,21,47,116,4,188,146,0,146,334
01/11/2019,SBA,CA,AWP,WE,Combined TRACON& Tower with Radar,18,42,64,3,127,0,0,20,2,22,18,42,84,5,149,96,0,96,245
01/12/2019,SBA,CA,AWP,WE,Combined TRACON& Tower with Radar,18,29,33,4,84,0,1,59,0,60,18,30,92,4,144,108,0,108,252
01/13/2019,SBA,CA,AWP,WE,Combined TRACON& Tower with Radar,22,39,47,1,109,0,0,68,3,71,22,39,115,4,180,106,0,106,286
01/14/2019,SBA,CA,AWP,WE,Combined TRACON& Tower with Radar,20,49,23,4,96,0,0,6,0,6,20,49,29,4,102,66,0,66,168
01/15/2019,SBA,CA,AWP,WE,Combined TRACON& Tower with Radar,20,36,51,3,110,0,1,1,0,2,20,37,52,3,112,6,0,6,118
01/16/2019,SBA,CA,AWP,WE,Combined TRACON& Tower with Radar,18,34,45,6,103,0,0,5,0,5,18,34,50,6,108,74,2,76,184
01/17/2019,SBA,CA,AWP,WE,Combined TRACON& Tower with Radar,21,44,29,0,94,0,1,4,0,5,21,45,33,0,99,20,0,20,119
01/18/2019,SBA,CA,AWP,WE,Combined TRACON& Tower with Radar,20,54,84,8,166,0,2,105,3,110,20,56,189,11,276,70,2,72,348
01/19/2019,SBA,CA,AWP,WE,Combined TRACON& Tower with Radar,17,29,25,0,71,0,0,137,2,139,17,29,162,2,210,180,0,180,390
01/20/2019,SBA,CA,AWP,WE,Combined TRACON& Tower with Radar,23,32,44,0,99,0,0,86,1,87,23,32,130,1,186,129,0,129,315
01/21/2019,SBA,CA,AWP,WE,Combined TRACON& Tower with Radar,20,37,41,3,101,0,1,68,1,70,20,38,109,4,171,98,2,100,271
01/22/2019,SBA,CA,AWP,WE,Combined TRACON& Tower with Radar,19,36,36,4,95,0,8,89,0,97,19,44,125,4,192,160,0,160,352
01/23/2019,SBA,CA,AWP,WE,Combined TRACON& Tower with Radar,21,35,41,0,97,0,3,107,4,114,21,38,148,4,211,148,0,148,359
01/24/2019,SBA,CA,AWP,WE,Combined TRACON& Tower with Radar,21,49,39,0,109,0,4,87,2,93,21,53,126,2,202,58,0,58,260
01/25/2019,SBA,CA,AWP,WE,Combined TRACON& Tower with Radar,19,37,36,11,103,0,2,103,5,110,19,39,139,16,213,124,0,124,337
01/26/2019,SBA,CA,AWP,WE,Combined TRACON& Tower with Radar,17,29,26,0,72,0,4,102,4,110,17,33,128,4,182,142,0,142,324
01/27/2019,SBA,CA,AWP,WE,Combined TRACON& Tower with Radar,23,36,35,0,94,0,0,147,0,147,23,36,182,0,241,84,0,84,325
01/28/2019,SBA,CA,AWP,WE,Combined TRACON& Tower with Radar,19,39,41,4,103,0,0,76,4,80,19,39,117,8,183,84,0,84,267
01/29/2019,SBA,CA,AWP,WE,Combined TRACON& Tower with Radar,19,44,36,0,99,0,4,76,1,81,19,48,112,1,180,78,0,78,258
01/30/2019,SBA,CA,AWP,WE,Combined TRACON& Tower with Radar,19,39,52,5,115,0,1,62,0,63,19,40,114,5,178,114,2,116,294
01/31/2019,SBA,CA,AWP,WE,Combined TRACON& Tower with Radar,23,47,32,0,102,0,0,24,0,24,23,47,56,0,126,128,0,128,254
02/01/2019,SBA,CA,AWP,WE,Combined TRACON& Tower with Radar,20,48,52,0,120,0,2,33,2,37,20,50,85,2,157,104,0,104,261
02/02/2019,SBA,CA,AWP,WE,Combined TRACON& Tower with Radar,17,24,8,0,49,0,0,2,0,2,17,24,10,0,51,0,0,0,51
02/03/2019,SBA,CA,AWP,WE,Combined TRACON& Tower with Radar,23,34,28,2,87,0,2,4,1,7,23,36,32,3,94,2,0,2,96
02/04/2019,SBA,CA,AWP,WE,Combined TRACON& Tower with Radar,19,40,21,0,80,0,1,5,0,6,19,41,26,0,86,78,0,78,164
02/05/2019,SBA,CA,AWP,WE,Combined TRACON& Tower with Radar,19,42,12,4,77,0,2,21,3,26,19,44,33,7,103,72,2,74,177
02/06/2019,SBA,CA,AWP,WE,Combined TRACON& Tower with Radar,20,35,34,2,91,0,3,73,1,77,20,38,107,3,168,32,2,34,202
02/07/2019,SBA,CA,AWP,WE,Combined TRACON& Tower with Radar,25,45,35,4,109,0,1,107,0,108,25,46,142,4,217,144,8,152,369
02/08/2019,SBA,CA,AWP,WE,Combined TRACON& Tower with Radar,21,53,46,14,134,0,1,97,5,103,21,54,143,19,237,172,12,184,421
02/09/2019,SBA,CA,AWP,WE,Combined TRACON& Tower with Radar,17,28,29,0,74,0,2,50,1,53,17,30,79,1,127,76,0,76,203
02/10/2019,SBA,CA,AWP,WE,Combined TRACON& Tower with Radar,21,39,43,6,109,0,0,9,2,11,21,39,52,8,120,50,0,50,170
02/11/2019,SBA,CA,AWP,WE,Combined TRACON& Tower with Radar,19,48,50,0,117,0,2,84,0,86,19,50,134,0,203,138,0,138,341
02/12/2019,SBA,CA,AWP,WE,Combined TRACON& Tower with Radar,17,41,25,0,83,0,4,65,1,70,17,45,90,1,153,114,0,114,267
02/13/2019,SBA,CA,AWP,WE,Combined TRACON& Tower with Radar,18,40,34,0,92,0,0,1,0,1,18,40,35,0,93,6,0,6,99
02/14/2019,SBA,CA,AWP,WE,Combined TRACON& Tower with Radar,26,39,36,0,101,0,0,1,2,3,26,39,37,2,104,0,0,0,104
02/15/2019,SBA,CA,AWP,WE,Combined TRACON& Tower with Radar,21,39,38,0,98,0,0,3,3,6,21,39,41,3,104,0,0,0,104
02/16/2019,SBA,CA,AWP,WE,Combined TRACON& Tower with Radar,23,28,25,2,78,0,1,105,4,110,23,29,130,6,188,52,8,60,248
02/17/2019,SBA,CA,AWP,WE,Combined TRACON& Tower with Radar,24,38,34,0,96,0,0,11,4,15,24,38,45,4,111,48,0,48,159
02/18/2019,SBA,CA,AWP,WE,Combined TRACON& Tower with Radar,23,42,40,0,105,0,3,97,0,100,23,45,137,0,205,98,0,98,303
02/19/2019,SBA,CA,AWP,WE,Combined TRACON& Tower with Radar,22,39,41,0,102,0,3,119,0,122,22,42,160,0,224,168,0,168,392
02/20/2019,SBA,CA,AWP,WE,Combined TRACON& Tower with Radar,25,31,36,4,96,0,2,34,3,39,25,33,70,7,135,92,4,96,231
02/21/2019,SBA,CA,AWP,WE,Combined TRACON& Tower with Radar,25,52,47,0,124,0,0,52,17,69,25,52,99,17,193,100,0,100,293
02/22/2019,SBA,CA,AWP,WE,Combined TRACON& Tower with Radar,22,39,40,1,102,0,3,92,9,104,22,42,132,10,206,62,0,62,268
02/23/2019,SBA,CA,AWP,WE,Combined TRACON& Tower with Radar,24,21,54,0,99,0,1,131,0,132,24,22,185,0,231,90,0,90,321
02/24/2019,SBA,CA,AWP,WE,Combined TRACON& Tower with Radar,24,41,50,0,115,0,3,143,2,148,24,44,193,2,263,120,0,120,383
02/25/2019,SBA,CA,AWP,WE,Combined TRACON& Tower with Radar,21,35,43,1,100,0,0,94,3,97,21,35,137,4,197,194,8,202,399
02/26/2019,SBA,CA,AWP,WE,Combined TRACON& Tower with Radar,24,31,50,1,106,0,3,63,4,70,24,34,113,5,176,184,0,184,360
02/27/2019,SBA,CA,AWP,WE,Combined TRACON& Tower with Radar,22,32,44,1,99,0,0,3,0,3,22,32,47,1,102,88,0,88,190
02/28/2019,SBA,CA,AWP,WE,Combined TRACON& Tower with Radar,26,37,61,5,129,0,2,2,1,5,26,39,63,6,134,8,0,8,142
03/01/2019,SBA,CA,AWP,WE,Combined TRACON& Tower with Radar,23,47,56,0,126,0,1,49,1,51,23,48,105,1,177,44,0,44,221
03/02/2019,SBA,CA,AWP,WE,Combined TRACON& Tower with Radar,23,23,40,1,87,0,0,0,0,0,23,23,40,1,87,0,0,0,87
03/03/2019,SBA,CA,AWP,WE,Combined TRACON& Tower with Radar,24,24,62,3,113,0,0,21,3,24,24,24,83,6,137,170,10,180,317
03/04/2019,SBA,CA,AWP,WE,Combined TRACON& Tower with Radar,23,42,48,0,113,0,5,67,2,74,23,47,115,2,187,132,0,132,319
03/05/2019,SBA,CA,AWP,WE,Combined TRACON& Tower with Radar,24,39,40,0,103,0,1,20,0,21,24,40,60,0,124,58,0,58,182
03/06/2019,SBA,CA,AWP,WE,Combined TRACON& Tower with Radar,23,26,23,0,72,0,2,3,0,5,23,28,26,0,77,38,0,38,115
03/07/2019,SBA,CA,AWP,WE,Combined TRACON& Tower with Radar,22,39,63,2,126,0,0,49,0,49,22,39,112,2,175,142,2,144,319
03/08/2019,SBA,CA,AWP,WE,Combined TRACON& Tower with Radar,17,53,42,0,112,0,3,85,0,88,17,56,127,0,200,136,0,136,336
03/09/2019,SBA,CA,AWP,WE,Combined TRACON& Tower with Radar,20,38,26,2,86,0,2,82,4,88,20,40,108,6,174,154,0,154,328
03/10/2019,SBA,CA,AWP,WE,Combined TRACON& Tower with Radar,21,38,44,0,103,0,0,47,1,48,21,38,91,1,151,154,0,154,305
03/11/2019,SBA,CA,AWP,WE,Combined TRACON& Tower with Radar,19,49,28,2,98,0,1,53,1,55,19,50,81,3,153,156,2,158,311
03/12/2019,SBA,CA,AWP,WE,Combined TRACON& Tower with Radar,21,45,21,0,87,0,2,54,1,57,21,47,75,1,144,84,0,84,228
03/13/2019,SBA,CA,AWP,WE,Combined TRACON& Tower with Radar,16,40,36,1,93,0,6,78,2,86,16,46,114,3,179,178,0,178,357
03/14/2019,SBA,CA,AWP,WE,Combined TRACON& Tower with Radar,17,58,38,4,117,0,6,98,5,109,17,64,136,9,226,166,0,166,392
03/15/2019,SBA,CA,AWP,WE,Combined TRACON& Tower with Radar,20,59,49,2,130,0,1,99,2,102,20,60,148,4,232,58,0,58,290
03/16/2019,SBA,CA,AWP,WE,Combined TRACON& Tower with Radar,17,34,37,0,88,0,0,119,4,123,17,34,156,4,211,100,0,100,311
03/17/2019,SBA,CA,AWP,WE,Combined TRACON& Tower with Radar,18,49,54,0,121,0,4,152,2,158,18,53,206,2,279,142,0,142,421
03/18/2019,SBA,CA,AWP,WE,Combined TRACON& Tower with Radar,18,58,22,0,98,0,2,99,2,103,18,60,121,2,201,78,0,78,279
03/19/2019,SBA,CA,AWP,WE,Combined TRACON& Tower with Radar,22,59,65,1,147,0,2,2,0,4,22,61,67,1,151,12,0,12,163
03/20/2019,SBA,CA,AWP,WE,Combined TRACON& Tower with Radar,18,57,27,0,102,0,0,24,0,24,18,57,51,0,126,88,0,88,214
03/21/2019,SBA,CA,AWP,WE,Combined TRACON& Tower with Radar,21,47,43,0,111,0,0,54,2,56,21,47,97,2,167,130,0,130,297
03/22/2019,SBA,CA,AWP,WE,Combined TRACON& Tower with Radar,18,56,47,3,124,0,1,90,3,94,18,57,137,6,218,172,2,174,392
03/23/2019,SBA,CA,AWP,WE,Combined TRACON& Tower with Radar,18,34,55,0,107,0,0,37,2,39,18,34,92,2,146,54,0,54,200
03/24/2019,SBA,CA,AWP,WE,Combined TRACON& Tower with Radar,26,42,39,1,108,0,0,135,1,136,26,42,174,2,244,68,0,68,312
03/25/2019,SBA,CA,AWP,WE,Combined TRACON& Tower with Radar,18,45,42,0,105,0,4,69,3,76,18,49,111,3,181,58,0,58,239
03/26/2019,SBA,CA,AWP,WE,Combined TRACON& Tower with Radar,22,46,37,0,105,0,2,80,0,82,22,48,117,0,187,110,0,110,297
03/27/2019,SBA,CA,AWP,WE,Combined TRACON& Tower with Radar,18,36,50,0,104,0,1,20,2,23,18,37,70,2,127,98,0,98,225
03/28/2019,SBA,CA,AWP,WE,Combined TRACON& Tower with Radar,20,46,53,1,120,0,2,64,7,73,20,48,117,8,193,134,6,140,333
03/29/2019,SBA,CA,AWP,WE,Combined TRACON& Tower with Radar,17,54,39,1,111,0,2,111,8,121,17,56,150,9,232,144,2,146,378
03/30/2019,SBA,CA,AWP,WE,Combined TRACON& Tower with Radar,18,32,35,0,85,0,1,143,9,153,18,33,178,9,238,122,0,122,360
03/31/2019,SBA,CA,AWP,WE,Combined TRACON& Tower with Radar,25,40,53,0,118,0,3,174,2,179,25,43,227,2,297,86,0,86,383
04/01/2019,SBA,CA,AWP,WE,Combined TRACON& Tower with Radar,23,36,27,0,86,0,3,80,7,90,23,39,107,7,176,58,0,58,234
04/02/2019,SBA,CA,AWP,WE,Combined TRACON& Tower with Radar,25,47,42,4,118,0,1,57,0,58,25,48,99,4,176,102,0,102,278
04/03/2019,SBA,CA,AWP,WE,Combined TRACON& Tower with Radar,23,33,45,4,105,0,0,37,2,39,23,33,82,6,144,100,0,100,244
04/04/2019,SBA,CA,AWP,WE,Combined TRACON& Tower with Radar,26,38,58,5,127,0,2,40,1,43,26,40,98,6,170,250,18,268,438
04/05/2019,SBA,CA,AWP,WE,Combined TRACON& Tower with Radar,24,43,34,2,103,0,0,57,3,60,24,43,91,5,163,140,0,140,303
04/06/2019,SBA,CA,AWP,WE,Combined TRACON& Tower with Radar,25,31,41,0,97,0,0,97,8,105,25,31,138,8,202,152,0,152,354
04/07/2019,SBA,CA,AWP,WE,Combined TRACON& Tower with Radar,26,44,43,2,115,0,0,134,8,142,26,44,177,10,257,150,0,150,407
04/08/2019,SBA,CA,AWP,WE,Combined TRACON& Tower with Radar,24,51,41,3,119,0,4,78,2,84,24,55,119,5,203,126,0,126,329
04/09/2019,SBA,CA,AWP,WE,Combined TRACON& Tower with Radar,26,46,24,0,96,0,4,54,0,58,26,50,78,0,154,80,0,80,234
04/10/2019,SBA,CA,AWP,WE,Combined TRACON& Tower with Radar,23,39,24,6,92,0,3,56,0,59,23,42,80,6,151,38,4,42,193
04/11/2019,SBA,CA,AWP,WE,Combined TRACON& Tower with Radar,23,43,35,0,101,0,0,53,2,55,23,43,88,2,156,72,0,72,228
04/12/2019,SBA,CA,AWP,WE,Combined TRACON& Tower with Radar,24,48,49,2,123,0,0,92,4,96,24,48,141,6,219,64,0,64,283
04/13/2019,SBA,CA,AWP,WE,Combined TRACON& Tower with Radar,22,25,46,0,93,0,3,153,4,160,22,28,199,4,253,180,0,180,433
04/14/2019,SBA,CA,AWP,WE,Combined TRACON& Tower with Radar,25,33,61,0,119,0,0,46,0,46,25,33,107,0,165,100,0,100,265
04/15/2019,SBA,CA,AWP,WE,Combined TRACON& Tower with Radar,23,50,46,1,120,0,0,37,3,40,23,50,83,4,160,32,0,32,192
04/16/2019,SBA,CA,AWP,WE,Combined TRACON& Tower with Radar,27,64,47,0,138,0,1,33,2,36,27,65,80,2,174,30,0,30,204
04/17/2019,SBA,CA,AWP,WE,Combined TRACON& Tower with Radar,24,53,27,2,106,0,3,116,4,123,24,56,143,6,229,182,0,182,411
04/18/2019,SBA,CA,AWP,WE,Combined TRACON& Tower with Radar,26,54,44,6,130,0,7,125,0,132,26,61,169,6,262,172,4,176,438
04/19/2019,SBA,CA,AWP,WE,Combined TRACON& Tower with Radar,23,56,77,0,156,0,0,37,2,39,23,56,114,2,195,44,0,44,239
04/20/2019,SBA,CA,AWP,WE,Combined TRACON& Tower with Radar,24,34,52,0,110,0,0,40,2,42,24,34,92,2,152,144,0,144,296
04/21/2019,SBA,CA,AWP,WE,Combined TRACON& Tower with Radar,26,42,39,0,107,0,0,141,2,143,26,42,180,2,250,74,0,74,324
04/22/2019,SBA,CA,AWP,WE,Combined TRACON& Tower with Radar,24,52,47,7,130,0,3,90,0,93,24,55,137,7,223,156,2,158,381
04/23/2019,SBA,CA,AWP,WE,Combined TRACON& Tower with Radar,26,58,28,20,132,0,4,78,7,89,26,62,106,27,221,98,6,104,325
04/24/2019,SBA,CA,AWP,WE,Combined TRACON& Tower with Radar,24,40,41,2,107,0,0,45,2,47,24,40,86,4,154,52,0,52,206
04/25/2019,SBA,CA,AWP,WE,Combined TRACON& Tower with Radar,26,56,62,4,148,0,0,4,1,5,26,56,66,5,153,4,0,4,157
04/26/2019,SBA,CA,AWP,WE,Combined TRACON& Tower with Radar,24,66,82,2,174,0,0,6,0,6,24,66,88,2,180,10,0,10,190
04/27/2019,SBA,CA,AWP,WE,Combined TRACON& Tower with Radar,24,36,74,0,134,0,0,3,0,3,24,36,77,0,137,14,0,14,151
04/28/2019,SBA,CA,AWP,WE,Combined TRACON& Tower with Radar,27,42,83,0,152,0,0,3,0,3,27,42,86,0,155,44,0,44,199
04/29/2019,SBA,CA,AWP,WE,Combined TRACON& Tower with Radar,22,41,74,2,139,0,0,40,2,42,22,41,114,4,181,118,0,118,299
04/30/2019,SBA,CA,AWP,WE,Combined TRACON& Tower with Radar,24,51,75,0,150,0,0,36,0,36,24,51,111,0,186,134,0,134,320
05/01/2019,SBA,CA,AWP,WE,Combined TRACON& Tower with Radar,22,60,42,0,124,0,1,75,5,81,22,61,117,5,205,134,0,134,339
05/02/2019,SBA,CA,AWP,WE,Combined TRACON& Tower with Radar,27,63,57,4,151,0,0,90,2,92,27,63,147,6,243,90,4,94,337
05/03/2019,SBA,CA,AWP,WE,Combined TRACON& Tower with Radar,26,54,78,0,158,0,3,67,1,71,26,57,145,1,229,120,0,120,349
05/04/2019,SBA,CA,AWP,WE,Combined TRACON& Tower with Radar,24,42,60,1,127,0,1,22,0,23,24,43,82,1,150,46,0,46,196
05/05/2019,SBA,CA,AWP,WE,Combined TRACON& Tower with Radar,29,43,83,2,157,0,0,32,3,35,29,43,115,5,192,62,2,64,256
05/06/2019,SBA,CA,AWP,WE,Combined TRACON& Tower with Radar,26,45,31,0,102,0,0,29,0,29,26,45,60,0,131,54,0,54,185
05/07/2019,SBA,CA,AWP,WE,Combined TRACON& Tower with Radar,28,69,53,2,152,0,0,57,2,59,28,69,110,4,211,176,0,176,387
05/08/2019,SBA,CA,AWP,WE,Combined TRACON& Tower with Radar,26,49,38,2,115,0,2,39,3,44,26,51,77,5,159,138,0,138,297
05/09/2019,SBA,CA,AWP,WE,Combined TRACON& Tower with Radar,30,57,80,1,168,0,0,19,0,19,30,57,99,1,187,94,0,94,281
05/10/2019,SBA,CA,AWP,WE,Combined TRACON& Tower with Radar,26,56,65,2,149,0,1,27,4,32,26,57,92,6,181,114,0,114,295
05/11/2019,SBA,CA,AWP,WE,Combined TRACON& Tower with Radar,23,36,25,0,84,0,0,101,9,110,23,36,126,9,194,196,0,196,390
05/12/2019,SBA,CA,AWP,WE,Combined TRACON& Tower with Radar,31,38,49,2,120,0,0,36,0,36,31,38,85,2,156,58,0,58,214
05/13/2019,SBA,CA,AWP,WE,Combined TRACON& Tower with Radar,26,53,77,2,158,0,1,9,0,10,26,54,86,2,168,24,0,24,192
05/14/2019,SBA,CA,AWP,WE,Combined TRACON& Tower with Radar,28,48,58,5,139,0,2,19,0,21,28,50,77,5,160,96,2,98,258
05/15/2019,SBA,CA,AWP,WE,Combined TRACON& Tower with Radar,27,41,75,2,145,0,2,10,1,13,27,43,85,3,158,140,2,142,300
05/16/2019,SBA,CA,AWP,WE,Combined TRACON& Tower with Radar,28,56,34,0,118,0,1,26,4,31,28,57,60,4,149,116,0,116,265
05/17/2019,SBA,CA,AWP,WE,Combined TRACON& Tower with Radar,26,62,42,0,130,0,1,87,1,89,26,63,129,1,219,114,0,114,333
05/18/2019,SBA,CA,AWP,WE,Combined TRACON& Tower with Radar,22,39,38,0,99,0,1,68,2,71,22,40,106,2,170,126,2,128,298
05/19/2019,SBA,CA,AWP,WE,Combined TRACON& Tower with Radar,26,40,64,0,130,0,0,11,0,11,26,40,75,0,141,84,0,84,225
05/20/2019,SBA,CA,AWP,WE,Combined TRACON& Tower with Radar,27,49,38,8,122,0,0,51,2,53,27,49,89,10,175,42,6,48,223
05/21/2019,SBA,CA,AWP,WE,Combined TRACON& Tower with Radar,26,45,34,8,113,0,2,34,2,38,26,47,68,10,151,52,2,54,205
05/22/2019,SBA,CA,AWP,WE,Combined TRACON& Tower with Radar,30,51,39,0,120,0,0,41,2,43,30,51,80,2,163,96,0,96,259
05/23/2019,SBA,CA,AWP,WE,Combined TRACON& Tower with Radar,30,61,69,0,160,0,1,29,4,34,30,62,98,4,194,216,0,216,410
05/24/2019,SBA,CA,AWP,WE,Combined TRACON& Tower with Radar,26,76,55,0,157,0,0,135,0,135,26,76,190,0,292,120,0,120,412
05/25/2019,SBA,CA,AWP,WE,Combined TRACON& Tower with Radar,24,34,55,0,113,0,0,29,0,29,24,34,84,0,142,94,0,94,236
05/26/2019,SBA,CA,AWP,WE,Combined TRACON& Tower with Radar,27,37,27,0,91,0,0,17,0,17,27,37,44,0,108,54,0,54,162
05/27/2019,SBA,CA,AWP,WE,Combined TRACON& Tower with Radar,26,64,60,0,150,0,1,124,1,126,26,65,184,1,276,90,0,90,366
05/28/2019,SBA,CA,AWP,WE,Combined TRACON& Tower with Radar,28,53,44,4,129,0,4,109,4,117,28,57,153,8,246,232,0,232,478
05/29/2019,SBA,CA,AWP,WE,Combined TRACON& Tower with Radar,26,54,33,0,113,0,4,106,10,120,26,58,139,10,233,228,0,228,461
05/30/2019,SBA,CA,AWP,WE,Combined TRACON& Tower with Radar,30,55,69,5,159,0,1,77,3,81,30,56,146,8,240,64,0,64,304
05/31/2019,SBA,CA,AWP,WE,Combined TRACON& Tower with Radar,25,73,107,0,205,0,1,20,3,24,25,74,127,3,229,48,0,48,277
06/01/2019,SBA,CA,AWP,WE,Combined TRACON& Tower with Radar,25,43,72,0,140,0,0,8,2,10,25,43,80,2,150,28,0,28,178
06/02/2019,SBA,CA,AWP,WE,Combined TRACON& Tower with Radar,28,46,71,0,145,0,1,10,0,11,28,47,81,0,156,106,0,106,262
06/03/2019,SBA,CA,AWP,WE,Combined TRACON& Tower with Radar,26,49,62,2,139,0,2,7,0,9,26,51,69,2,148,26,0,26,174
06/04/2019,SBA,CA,AWP,WE,Combined TRACON& Tower with Radar,28,47,85,3,163,0,1,11,0,12,28,48,96,3,175,34,0,34,209
06/05/2019,SBA,CA,AWP,WE,Combined TRACON& Tower with Radar,25,43,61,4,133,0,0,28,0,28,25,43,89,4,161,86,4,90,251
06/06/2019,SBA,CA,AWP,WE,Combined TRACON& Tower with Radar,29,52,89,8,178,0,0,8,2,10,29,52,97,10,188,14,4,18,206
06/07/2019,SBA,CA,AWP,WE,Combined TRACON& Tower with Radar,23,65,46,4,138,0,1,45,2,48,23,66,91,6,186,124,2,126,312
06/08/2019,SBA,CA,AWP,WE,Combined TRACON& Tower with Radar,19,44,48,0,111,0,0,99,3,102,19,44,147,3,213,110,0,110,323
06/09/2019,SBA,CA,AWP,WE,Combined TRACON& Tower with Radar,23,43,53,0,119,0,0,151,1,152,23,43,204,1,271,48,0,48,319
06/10/2019,SBA,CA,AWP,WE,Combined TRACON& Tower with Radar,24,55,26,2,107,0,3,76,0,79,24,58,102,2,186,94,0,94,280
06/11/2019,SBA,CA,AWP,WE,Combined TRACON& Tower with Radar,29,43,19,4,95,0,6,92,0,98,29,49,111,4,193,112,4,116,309
06/12/2019,SBA,CA,AWP,WE,Combined TRACON& Tower with Radar,26,37,67,0,130,0,1,83,0,84,26,38,150,0,214,128,0,128,342
06/13/2019,SBA,CA,AWP,WE,Combined TRACON& Tower with Radar,28,54,75,0,157,0,0,38,1,39,28,54,113,1,196,172,0,172,368
06/14/2019,SBA,CA,AWP,WE,Combined TRACON& Tower with Radar,25,61,85,0,171,0,0,27,0,27,25,61,112,0,198,54,0,54,252
06/15/2019,SBA,CA,AWP,WE,Combined TRACON& Tower with Radar,21,45,57,0,123,0,1,22,0,23,21,46,79,0,146,16,0,16,162
06/16/2019,SBA,CA,AWP,WE,Combined TRACON& Tower with Radar,28,43,87,0,158,0,0,13,2,15,28,43,100,2,173,24,0,24,197
06/17/2019,SBA,CA,AWP,WE,Combined TRACON& Tower with Radar,24,55,69,3,151,0,0,29,1,30,24,55,98,4,181,104,0,104,285
06/18/2019,SBA,CA,AWP,WE,Combined TRACON& Tower with Radar,26,56,57,0,139,0,2,11,2,15,26,58,68,2,154,130,0,130,284
06/19/2019,SBA,CA,AWP,WE,Combined TRACON& Tower with Radar,26,56,79,2,163,0,0,21,2,23,26,56,100,4,186,128,0,128,314
06/20/2019,SBA,CA,AWP,WE,Combined TRACON& Tower with Radar,28,64,86,7,185,0,0,7,0,7,28,64,93,7,192,100,0,100,292
06/21/2019,SBA,CA,AWP,WE,Combined TRACON& Tower with Radar,24,55,59,1,139,0,0,30,1,31,24,55,89,2,170,90,0,90,260
06/22/2019,SBA,CA,AWP,WE,Combined TRACON& Tower with Radar,24,38,40,2,104,0,1,66,3,70,24,39,106,5,174,110,0,110,284
06/23/2019,SBA,CA,AWP,WE,Combined TRACON& Tower with Radar,29,56,75,0,160,0,0,45,2,47,29,56,120,2,207,34,0,34,241
06/24/2019,SBA,CA,AWP,WE,Combined TRACON& Tower with Radar,25,68,106,0,199,0,1,2,1,4,25,69,108,1,203,38,0,38,241
06/25/2019,SBA,CA,AWP,WE,Combined TRACON& Tower with Radar,29,66,82,0,177,0,0,2,0,2,29,66,84,0,179,20,0,20,199
06/26/2019,SBA,CA,AWP,WE,Combined TRACON& Tower with Radar,27,75,72,0,174,0,0,23,2,25,27,75,95,2,199,150,0,150,349
06/27/2019,SBA,CA,AWP,WE,Combined TRACON& Tower with Radar,28,58,70,4,160,0,0,58,4,62,28,58,128,8,222,84,6,90,312
06/28/2019,SBA,CA,AWP,WE,Combined TRACON& Tower with Radar,25,53,41,0,119,0,1,87,0,88,25,54,128,0,207,34,0,34,241
06/29/2019,SBA,CA,AWP,WE,Combined TRACON& Tower with Radar,24,39,26,0,89,0,1,112,2,115,24,40,138,2,204,72,0,72,276
06/30/2019,SBA,CA,AWP,WE,Combined TRACON& Tower with Radar,29,48,41,0,118,0,0,157,2,159,29,48,198,2,277,180,2,182,459
07/01/2019,SBA,CA,AWP,WE,Combined TRACON& Tower with Radar,21,55,19,0,95,0,2,77,0,79,21,57,96,0,174,166,0,166,340
07/02/2019,SBA,CA,AWP,WE,Combined TRACON& Tower with Radar,29,58,32,3,122,0,1,91,4,96,29,59,123,7,218,134,2,136,354
07/03/2019,SBA,CA,AWP,WE,Combined TRACON& Tower with Radar,27,47,45,2,121,0,0,70,3,73,27,47,115,5,194,198,0,198,392
07/04/2019,SBA,CA,AWP,WE,Combined TRACON& Tower with Radar,23,30,27,0,80,0,0,59,2,61,23,30,86,2,141,46,0,46,187
07/05/2019,SBA,CA,AWP,WE,Combined TRACON& Tower with Radar,20,56,32,0,108,0,1,95,2,98,20,57,127,2,206,106,0,106,312
07/06/2019,SBA,CA,AWP,WE,Combined TRACON& Tower with Radar,24,43,48,0,115,0,1,37,0,38,24,44,85,0,153,36,0,36,189
07/07/2019,SBA,CA,AWP,WE,Combined TRACON& Tower with Radar,27,42,104,0,173,0,1,10,2,13,27,43,114,2,186,52,0,52,238
07/08/2019,SBA,CA,AWP,WE,Combined TRACON& Tower with Radar,27,55,33,4,119,0,0,42,0,42,27,55,75,4,161,138,0,138,299
07/09/2019,SBA,CA,AWP,WE,Combined TRACON& Tower with Radar,30,59,45,2,136,0,1,76,1,78,30,60,121,3,214,174,4,178,392
07/10/2019,SBA,CA,AWP,WE,Combined TRACON& Tower with Radar,28,55,43,0,126,0,0,100,2,102,28,55,143,2,228,118,0,118,346
07/11/2019,SBA,CA,AWP,WE,Combined TRACON& Tower with Radar,29,56,33,0,118,0,1,101,5,107,29,57,134,5,225,202,0,202,427
07/12/2019,SBA,CA,AWP,WE,Combined TRACON& Tower with Radar,26,53,48,2,129,0,2,131,4,137,26,55,179,6,266,122,0,122,388
07/13/2019,SBA,CA,AWP,WE,Combined TRACON& Tower with Radar,24,42,51,0,117,0,0,43,2,45,24,42,94,2,162,24,0,24,186
07/14/2019,SBA,CA,AWP,WE,Combined TRACON& Tower with Radar,30,45,70,0,145,0,0,78,0,78,30,45,148,0,223,0,2,2,225
07/15/2019,SBA,CA,AWP,WE,Combined TRACON& Tower with Radar,26,64,53,5,148,0,0,58,2,60,26,64,111,7,208,66,0,66,274
07/16/2019,SBA,CA,AWP,WE,Combined TRACON& Tower with Radar,28,55,23,7,113,0,0,84,0,84,28,55,107,7,197,160,0,160,357
07/17/2019,SBA,CA,AWP,WE,Combined TRACON& Tower with Radar,28,45,47,4,124,0,2,66,2,70,28,47,113,6,194,118,6,124,318
07/18/2019,SBA,CA,AWP,WE,Combined TRACON& Tower with Radar,30,58,61,2,151,0,0,77,1,78,30,58,138,3,229,116,0,116,345
07/19/2019,SBA,CA,AWP,WE,Combined TRACON& Tower with Radar,25,60,45,2,132,0,3,76,5,84,25,63,121,7,216,58,0,58,274
07/20/2019,SBA,CA,AWP,WE,Combined TRACON& Tower with Radar,24,49,55,0,128,0,1,60,1,62,24,50,115,1,190,122,0,122,312
07/21/2019,SBA,CA,AWP,WE,Combined TRACON& Tower with Radar,30,47,45,0,122,0,0,105,2,107,30,47,150,2,229,124,4,128,357
07/22/2019,SBA,CA,AWP,WE,Combined TRACON& Tower with Radar,28,46,51,3,128,0,3,82,2,87,28,49,133,5,215,36,0,36,251
07/23/2019,SBA,CA,AWP,WE,Combined TRACON& Tower with Radar,27,67,37,4,135,0,1,110,3,114,27,68,147,7,249,114,4,118,367
07/24/2019,SBA,CA,AWP,WE,Combined TRACON& Tower with Radar,26,47,43,3,119,0,1,122,7,130,26,48,165,10,249,138,0,138,387
07/25/2019,SBA,CA,AWP,WE,Combined TRACON& Tower with Radar,30,58,47,4,139,0,3,104,2,109,30,61,151,6,248,214,2,216,464
07/26/2019,SBA,CA,AWP,WE,Combined TRACON& Tower with Radar,26,65,39,0,130,0,3,108,4,115,26,68,147,4,245,90,0,90,335
07/27/2019,SBA,CA,AWP,WE,Combined TRACON& Tower with Radar,24,37,40,0,101,0,1,111,0,112,24,38,151,0,213,144,0,144,357
07/28/2019,SBA,CA,AWP,WE,Combined TRACON& Tower with Radar,29,46,56,0,131,0,0,123,7,130,29,46,179,7,261,58,0,58,319
07/29/2019,SBA,CA,AWP,WE,Combined TRACON& Tower with Radar,25,63,51,7,146,0,0,61,3,64,25,63,112,10,210,64,14,78,288
07/30/2019,SBA,CA,AWP,WE,Combined TRACON& Tower with Radar,30,43,32,6,111,0,1,87,2,90,30,44,119,8,201,146,0,146,347
07/31/2019,SBA,CA,AWP,WE,Combined TRACON& Tower with Radar,28,40,54,0,122,0,1,80,0,81,28,41,134,0,203,140,0,140,343
08/01/2019,SBA,CA,AWP,WE,Combined TRACON& Tower with Radar,28,54,38,6,126,0,1,82,8,91,28,55,120,14,217,102,2,104,321
08/02/2019,SBA,CA,AWP,WE,Combined TRACON& Tower with Radar,21,58,30,2,111,0,0,118,0,118,21,58,148,2,229,160,2,162,391
08/03/2019,SBA,CA,AWP,WE,Combined TRACON& Tower with Radar,24,34,42,0,100,0,2,96,6,104,24,36,138,6,204,170,0,170,374
08/04/2019,SBA,CA,AWP,WE,Combined TRACON& Tower with Radar,25,47,51,0,123,0,0,79,0,79,25,47,130,0,202,70,0,70,272
08/05/2019,SBA,CA,AWP,WE,Combined TRACON& Tower with Radar,24,56,53,8,141,0,0,74,4,78,24,56,127,12,219,104,2,106,325
08/06/2019,SBA,CA,AWP,WE,Combined TRACON& Tower with Radar,26,57,48,0,131,0,0,66,0,66,26,57,114,0,197,148,0,148,345
08/07/2019,SBA,CA,AWP,WE,Combined TRACON& Tower with Radar,26,62,56,16,160,0,4,70,2,76,26,66,126,18,236,58,0,58,294
08/08/2019,SBA,CA,AWP,WE,Combined TRACON& Tower with Radar,28,56,65,0,149,0,0,64,0,64,28,56,129,0,213,136,0,136,349
08/09/2019,SBA,CA,AWP,WE,Combined TRACON& Tower with Radar,26,63,44,5,138,0,0,134,2,136,26,63,178,7,274,100,0,100,374
08/10/2019,SBA,CA,AWP,WE,Combined TRACON& Tower with Radar,23,44,40,0,107,0,0,87,0,87,23,44,127,0,194,60,0,60,254
08/11/2019,SBA,CA,AWP,WE,Combined TRACON& Tower with Radar,28,56,76,0,160,0,0,130,1,131,28,56,206,1,291,64,0,64,355
08/12/2019,SBA,CA,AWP,WE,Combined TRACON& Tower with Radar,28,58,75,0,161,0,0,49,0,49,28,58,124,0,210,20,0,20,230
08/13/2019,SBA,CA,AWP,WE,Combined TRACON& Tower with Radar,31,50,58,10,149,0,0,31,0,31,31,50,89,10,180,8,6,14,194
08/14/2019,SBA,CA,AWP,WE,Combined TRACON& Tower with Radar,31,49,42,2,124,0,0,47,0,47,31,49,89,2,171,36,0,36,207
08/15/2019,SBA,CA,AWP,WE,Combined TRACON& Tower with Radar,33,56,66,0,155,0,2,44,2,48,33,58,110,2,203,38,0,38,241
08/16/2019,SBA,CA,AWP,WE,Combined TRACON& Tower with Radar,30,65,42,0,137,0,0,66,2,68,30,65,108,2,205,46,0,46,251
08/17/2019,SBA,CA,AWP,WE,Combined TRACON& Tower with Radar,28,41,60,4,133,0,0,67,2,69,28,41,127,6,202,46,0,46,248
08/18/2019,SBA,CA,AWP,WE,Combined TRACON& Tower with Radar,34,53,67,0,154,0,3,93,4,100,34,56,160,4,254,128,0,128,382
08/19/2019,SBA,CA,AWP,WE,Combined TRACON& Tower with Radar,30,54,50,0,134,0,0,106,1,107,30,54,156,1,241,132,0,132,373
08/20/2019,SBA,CA,AWP,WE,Combined TRACON& Tower with Radar,36,45,45,4,130,0,2,73,6,81,36,47,118,10,211,114,2,116,327
08/21/2019,SBA,CA,AWP,WE,Combined TRACON& Tower with Radar,36,60,35,3,134,0,0,79,5,84,36,60,114,8,218,72,2,74,292
08/22/2019,SBA,CA,AWP,WE,Combined TRACON& Tower with Radar,40,56,56,9,161,0,4,80,4,88,40,60,136,13,249,82,6,88,337
08/23/2019,SBA,CA,AWP,WE,Combined TRACON& Tower with Radar,36,54,57,2,149,0,0,68,1,69,36,54,125,3,218,74,0,74,292
08/24/2019,SBA,CA,AWP,WE,Combined TRACON& Tower with Radar,30,38,52,0,120,0,1,103,3,107,30,39,155,3,227,124,0,124,351
08/25/2019,SBA,CA,AWP,WE,Combined TRACON& Tower with Radar,38,50,52,0,140,0,0,119,1,120,38,50,171,1,260,60,0,60,320
08/26/2019,SBA,CA,AWP,WE,Combined TRACON& Tower with Radar,0,2,5,0,7,0,0,14,2,16,0,2,19,2,23,4,0,4,27
08/27/2019,SBA,CA,AWP,WE,Combined TRACON& Tower with Radar,36,51,29,9,125,0,1,101,0,102,36,52,130,9,227,138,6,144,371
08/28/2019,SBA,CA,AWP,WE,Combined TRACON& Tower with Radar,36,49,39,7,131,0,1,45,0,46,36,50,84,7,177,80,0,80,257
08/29/2019,SBA,CA,AWP,WE,Combined TRACON& Tower with Radar,40,59,50,0,149,0,2,81,2,85,40,61,131,2,234,144,0,144,378
08/30/2019,SBA,CA,AWP,WE,Combined TRACON& Tower with Radar,36,73,54,4,167,0,2,121,2,125,36,75,175,6,292,166,4,170,462
08/31/2019,SBA,CA,AWP,WE,Combined TRACON& Tower with Radar,28,42,48,0,118,0,1,105,3,109,28,43,153,3,227,68,0,68,295
09/01/2019,SBA,CA,AWP,WE,Combined TRACON& Tower with Radar,31,35,60,0,126,0,0,39,3,42,31,35,99,3,168,58,0,58,226
09/02/2019,SBA,CA,AWP,WE,Combined TRACON& Tower with Radar,38,68,62,0,168,0,0,97,4,101,38,68,159,4,269,70,0,70,339
09/03/2019,SBA,CA,AWP,WE,Combined TRACON& Tower with Radar,33,38,34,1,106,0,2,81,7,90,33,40,115,8,196,180,2,182,378
09/04/2019,SBA,CA,AWP,WE,Combined TRACON& Tower with Radar,32,41,23,6,102,0,0,65,1,66,32,41,88,7,168,88,4,92,260
09/05/2019,SBA,CA,AWP,WE,Combined TRACON& Tower with Radar,34,53,54,0,141,0,0,111,0,111,34,53,165,0,252,178,0,178,430
09/06/2019,SBA,CA,AWP,WE,Combined TRACON& Tower with Radar,33,59,26,0,118,0,1,112,4,117,33,60,138,4,235,146,0,146,381
09/07/2019,SBA,CA,AWP,WE,Combined TRACON& Tower with Radar,31,33,27,0,91,0,0,132,0,132,31,33,159,0,223,164,0,164,387
09/08/2019,SBA,CA,AWP,WE,Combined TRACON& Tower with Radar,34,40,33,0,107,0,0,108,4,112,34,40,141,4,219,62,0,62,281
09/09/2019,SBA,CA,AWP,WE,Combined TRACON& Tower with Radar,29,57,20,4,110,0,2,50,0,52,29,59,70,4,162,74,4,78,240
09/10/2019,SBA,CA,AWP,WE,Combined TRACON& Tower with Radar,31,50,35,2,118,0,4,52,0,56,31,54,87,2,174,122,0,122,296
09/11/2019,SBA,CA,AWP,WE,Combined TRACON& Tower with Radar,31,47,29,0,107,0,0,79,0,79,31,47,108,0,186,64,0,64,250
09/12/2019,SBA,CA,AWP,WE,Combined TRACON& Tower with Radar,34,54,41,0,129,0,2,73,6,81,34,56,114,6,210,56,0,56,266
09/13/2019,SBA,CA,AWP,WE,Combined TRACON& Tower with Radar,32,63,31,4,130,0,3,87,0,90,32,66,118,4,220,36,4,40,260
09/14/2019,SBA,CA,AWP,WE,Combined TRACON& Tower with Radar,30,39,29,6,104,0,4,93,1,98,30,43,122,7,202,114,0,114,316
09/15/2019,SBA,CA,AWP,WE,Combined TRACON& Tower with Radar,33,50,68,4,155,0,0,53,1,54,33,50,121,5,209,24,2,26,235
09/16/2019,SBA,CA,AWP,WE,Combined TRACON& Tower with Radar,31,44,27,2,104,0,3,68,4,75,31,47,95,6,179,102,0,102,281
09/17/2019,SBA,CA,AWP,WE,Combined TRACON& Tower with Radar,34,50,34,5,123,0,0,76,2,78,34,50,110,7,201,122,0,122,323
09/18/2019,SBA,CA,AWP,WE,Combined TRACON& Tower with Radar,31,68,42,12,153,0,4,84,8,96,31,72,126,20,249,86,12,98,347
09/19/2019,SBA,CA,AWP,WE,Combined TRACON& Tower with Radar,33,58,27,0,118,0,0,97,2,99,33,58,124,2,217,170,0,170,387
09/20/2019,SBA,CA,AWP,WE,Combined TRACON& Tower with Radar,31,66,56,0,153,0,4,106,3,113,31,70,162,3,266,58,0,58,324
09/21/2019,SBA,CA,AWP,WE,Combined TRACON& Tower with Radar,30,47,37,0,114,0,1,117,4,122,30,48,154,4,236,90,0,90,326
09/22/2019,SBA,CA,AWP,WE,Combined TRACON& Tower with Radar,34,46,59,0,139,1,0,144,2,147,35,46,203,2,286,104,0,104,390
09/23/2019,SBA,CA,AWP,WE,Combined TRACON& Tower with Radar,31,56,59,5,151,0,4,75,7,86,31,60,134,12,237,94,0,94,331
09/24/2019,SBA,CA,AWP,WE,Combined TRACON& Tower with Radar,31,46,51,1,129,0,2,53,4,59,31,48,104,5,188,96,2,98,286
09/25/2019,SBA,CA,AWP,WE,Combined TRACON& Tower with Radar,32,56,35,12,135,0,5,64,5,74,32,61,99,17,209,120,12,132,341
09/26/2019,SBA,CA,AWP,WE,Combined TRACON& Tower with Radar,33,46,73,8,160,0,1,35,5,41,33,47,108,13,201,154,8,162,363
09/27/2019,SBA,CA,AWP,WE,Combined TRACON& Tower with Radar,32,70,66,1,169,0,0,33,0,33,32,70,99,1,202,118,0,118,320
09/28/2019,SBA,CA,AWP,WE,Combined TRACON& Tower with Radar,29,34,33,0,96,0,1,49,2,52,29,35,82,2,148,138,0,138,286
09/29/2019,SBA,CA,AWP,WE,Combined TRACON& Tower with Radar,34,47,49,1,131,0,4,92,3,99,34,51,141,4,230,100,0,100,330
09/30/2019,SBA,CA,AWP,WE,Combined TRACON& Tower with Radar,34,55,43,8,140,0,2,93,2,97,34,57,136,10,237,74,4,78,315
10/01/2019,SBA,CA,AWP,WE,Combined TRACON& Tower with Radar,31,46,35,0,112,0,0,95,0,95,31,46,130,0,207,196,0,196,403
10/02/2019,SBA,CA,AWP,WE,Combined TRACON& Tower with Radar,31,53,42,0,126,0,0,75,5,80,31,53,117,5,206,104,0,104,310
10/03/2019,SBA,CA,AWP,WE,Combined TRACON& Tower with Radar,31,73,46,0,150,0,3,112,2,117,31,76,158,2,267,50,0,50,317
10/04/2019,SBA,CA,AWP,WE,Combined TRACON& Tower with Radar,35,59,41,7,142,0,4,110,2,116,35,63,151,9,258,126,0,126,384
10/05/2019,SBA,CA,AWP,WE,Combined TRACON& Tower with Radar,25,33,28,0,86,0,1,92,0,93,25,34,120,0,179,106,0,106,285
10/06/2019,SBA,CA,AWP,WE,Combined TRACON& Tower with Radar,32,68,52,0,152,0,0,109,0,109,32,68,161,0,261,126,0,126,387
10/07/2019,SBA,CA,AWP,WE,Combined TRACON& Tower with Radar,28,61,38,1,128,0,1,66,7,74,28,62,104,8,202,88,0,88,290
10/08/2019,SBA,CA,AWP,WE,Combined TRACON& Tower with Radar,32,45,26,9,112,0,1,74,0,75,32,46,100,9,187,126,0,126,313
10/09/2019,SBA,CA,AWP,WE,Combined TRACON& Tower with Radar,27,66,41,7,141,0,1,44,4,49,27,67,85,11,190,74,4,78,268
10/10/2019,SBA,CA,AWP,WE,Combined TRACON& Tower with Radar,31,67,51,2,151,0,1,68,0,69,31,68,119,2,220,120,0,120,340
10/11/2019,SBA,CA,AWP,WE,Combined TRACON& Tower with Radar,30,75,33,4,142,0,1,85,0,86,30,76,118,4,228,112,4,116,344
10/12/2019,SBA,CA,AWP,WE,Combined TRACON& Tower with Radar,26,38,29,0,93,0,1,113,0,114,26,39,142,0,207,206,0,206,413
10/13/2019,SBA,CA,AWP,WE,Combined TRACON& Tower with Radar,31,57,40,0,128,0,0,84,2,86,31,57,124,2,214,108,0,108,322
10/14/2019,SBA,CA,AWP,WE,Combined TRACON& Tower with Radar,27,66,43,0,136,0,0,70,3,73,27,66,113,3,209,135,0,135,344
10/15/2019,SBA,CA,AWP,WE,Combined TRACON& Tower with Radar,29,63,28,0,120,0,0,106,0,106,29,63,134,0,226,142,0,142,368
10/16/2019,SBA,CA,AWP,WE,Combined TRACON& Tower with Radar,26,60,43,2,131,0,9,104,2,115,26,69,147,4,246,180,0,180,426
10/17/2019,SBA,CA,AWP,WE,Combined TRACON& Tower with Radar,29,69,54,2,154,0,0,104,2,106,29,69,158,4,260,122,0,122,382
10/18/2019,SBA,CA,AWP,WE,Combined TRACON& Tower with Radar,30,77,49,2,158,0,2,122,1,125,30,79,171,3,283,80,0,80,363
10/19/2019,SBA,CA,AWP,WE,Combined TRACON& Tower with Radar,24,45,19,5,93,0,0,108,2,110,24,45,127,7,203,62,0,62,265
10/20/2019,SBA,CA,AWP,WE,Combined TRACON& Tower with Radar,32,65,34,0,131,0,0,100,0,100,32,65,134,0,231,118,18,136,367
10/21/2019,SBA,CA,AWP,WE,Combined TRACON& Tower with Radar,27,59,19,2,107,0,1,87,1,89,27,60,106,3,196,72,0,72,268
10/22/2019,SBA,CA,AWP,WE,Combined TRACON& Tower with Radar,30,72,22,12,136,0,1,82,1,84,30,73,104,13,220,152,10,162,382
10/23/2019,SBA,CA,AWP,WE,Combined TRACON& Tower with Radar,27,47,35,0,109,0,2,117,4,123,27,49,152,4,232,168,0,168,400
10/24/2019,SBA,CA,AWP,WE,Combined TRACON& Tower with Radar,30,59,29,1,119,0,0,56,3,59,30,59,85,4,178,158,0,158,336
10/25/2019,SBA,CA,AWP,WE,Combined TRACON& Tower with Radar,28,64,46,2,140,0,2,93,4,99,28,66,139,6,239,130,2,132,371
10/26/2019,SBA,CA,AWP,WE,Combined TRACON& Tower with Radar,24,40,39,0,103,0,0,130,0,130,24,40,169,0,233,113,0,113,346
10/27/2019,SBA,CA,AWP,WE,Combined TRACON& Tower with Radar,33,43,66,0,142,0,3,52,0,55,33,46,118,0,197,90,0,90,287
10/28/2019,SBA,CA,AWP,WE,Combined TRACON& Tower with Radar,31,59,36,0,126,0,1,60,2,63,31,60,96,2,189,48,0,48,237
10/29/2019,SBA,CA,AWP,WE,Combined TRACON& Tower with Radar,31,45,23,2,101,0,2,104,0,106,31,47,127,2,207,58,0,58,265
10/30/2019,SBA,CA,AWP,WE,Combined TRACON& Tower with Radar,32,44,14,0,90,0,3,50,0,53,32,47,64,0,143,170,0,170,313
10/31/2019,SBA,CA,AWP,WE,Combined TRACON& Tower with Radar,27,50,24,2,103,0,4,84,1,89,27,54,108,3,192,168,0,168,360
11/01/2019,SBA,CA,AWP,WE,Combined TRACON& Tower with Radar,29,63,42,1,135,0,3,101,1,105,29,66,143,2,240,138,2,140,380
11/02/2019,SBA,CA,AWP,WE,Combined TRACON& Tower with Radar,30,41,23,0,94,0,0,118,2,120,30,41,141,2,214,102,0,102,316
11/03/2019,SBA,CA,AWP,WE,Combined TRACON& Tower with Radar,30,49,29,0,108,0,2,101,0,103,30,51,130,0,211,112,0,112,323
11/04/2019,SBA,CA,AWP,WE,Combined TRACON& Tower with Radar,34,56,29,4,123,0,0,63,4,67,34,56,92,8,190,134,4,138,328
11/05/2019,SBA,CA,AWP,WE,Combined TRACON& Tower with Radar,33,49,35,0,117,0,4,75,4,83,33,53,110,4,200,100,0,100,300
11/06/2019,SBA,CA,AWP,WE,Combined TRACON& Tower with Radar,30,43,50,0,123,0,1,51,0,52,30,44,101,0,175,154,0,154,329
11/07/2019,SBA,CA,AWP,WE,Combined TRACON& Tower with Radar,34,63,53,9,159,0,0,79,1,80,34,63,132,10,239,172,2,174,413
11/08/2019,SBA,CA,AWP,WE,Combined TRACON& Tower with Radar,34,57,44,1,136,0,2,122,2,126,34,59,166,3,262,190,0,190,452
11/09/2019,SBA,CA,AWP,WE,Combined TRACON& Tower with Radar,27,37,37,1,102,0,2,182,2,186,27,39,219,3,288,226,0,226,514
11/10/2019,SBA,CA,AWP,WE,Combined TRACON& Tower with Radar,32,53,42,0,127,0,0,101,0,101,32,53,143,0,228,144,0,144,372
11/11/2019,SBA,CA,AWP,WE,Combined TRACON& Tower with Radar,31,49,67,0,147,0,0,78,1,79,31,49,145,1,226,102,0,102,328
11/12/2019,SBA,CA,AWP,WE,Combined TRACON& Tower with Radar,34,50,57,0,141,0,4,34,2,40,34,54,91,2,181,96,0,96,277
11/13/2019,SBA,CA,AWP,WE,Combined TRACON& Tower with Radar,33,45,45,0,123,0,1,43,2,46,33,46,88,2,169,60,0,60,229
11/14/2019,SBA,CA,AWP,WE,Combined TRACON& Tower with Radar,31,48,37,5,121,0,0,74,4,78,31,48,111,9,199,92,0,92,291
11/15/2019,SBA,CA,AWP,WE,Combined TRACON& Tower with Radar,32,48,45,3,128,0,3,89,3,95,32,51,134,6,223,204,0,204,427
11/16/2019,SBA,CA,AWP,WE,Combined TRACON& Tower with Radar,27,35,29,3,94,0,0,131,1,132,27,35,160,4,226,110,2,112,338
11/17/2019,SBA,CA,AWP,WE,Combined TRACON& Tower with Radar,30,48,60,4,142,0,1,91,0,92,30,49,151,4,234,46,6,52,286
11/18/2019,SBA,CA,AWP,WE,Combined TRACON& Tower with Radar,32,49,19,3,103,0,0,101,2,103,32,49,120,5,206,104,0,104,310
11/19/2019,SBA,CA,AWP,WE,Combined TRACON& Tower with Radar,34,46,28,3,111,0,0,71,0,71,34,46,99,3,182,132,0,132,314
11/20/2019,SBA,CA,AWP,WE,Combined TRACON& Tower with Radar,31,45,38,0,114,0,0,29,2,31,31,45,67,2,145,129,0,129,274
11/21/2019,SBA,CA,AWP,WE,Combined TRACON& Tower with Radar,31,57,40,1,129,0,0,94,2,96,31,57,134,3,225,128,0,128,353
11/22/2019,SBA,CA,AWP,WE,Combined TRACON& Tower with Radar,32,55,46,2,135,0,2,91,0,93,32,57,137,2,228,120,2,122,350
11/23/2019,SBA,CA,AWP,WE,Combined TRACON& Tower with Radar,29,47,39,0,115,0,3,132,1,136,29,50,171,1,251,204,0,204,455
11/24/2019,SBA,CA,AWP,WE,Combined TRACON& Tower with Radar,28,46,35,0,109,0,3,128,2,133,28,49,163,2,242,84,0,84,326
11/25/2019,SBA,CA,AWP,WE,Combined TRACON& Tower with Radar,29,46,30,0,105,0,6,85,8,99,29,52,115,8,204,268,0,268,472
11/26/2019,SBA,CA,AWP,WE,Combined TRACON& Tower with Radar,32,59,24,1,116,0,2,60,1,63,32,61,84,2,179,146,0,146,325
11/27/2019,SBA,CA,AWP,WE,Combined TRACON& Tower with Radar,31,52,23,0,106,0,2,8,4,14,31,54,31,4,120,32,0,32,152
11/28/2019,SBA,CA,AWP,WE,Combined TRACON& Tower with Radar,19,19,11,0,49,0,0,0,0,0,19,19,11,0,49,16,0,16,65
11/29/2019,SBA,CA,AWP,WE,Combined TRACON& Tower with Radar,23,51,31,0,105,0,2,38,2,42,23,53,69,2,147,52,0,52,199
11/30/2019,SBA,CA,AWP,WE,Combined TRACON& Tower with Radar,29,48,34,0,111,0,0,31,0,31,29,48,65,0,142,38,0,38,180
12/01/2019,SBA,CA,AWP,WE,Combined TRACON& Tower with Radar,32,48,54,0,134,0,0,42,1,43,32,48,96,1,177,60,0,60,237
12/02/2019,SBA,CA,AWP,WE,Combined TRACON& Tower with Radar,31,53,36,0,120,0,2,53,3,58,31,55,89,3,178,72,0,72,250
12/03/2019,SBA,CA,AWP,WE,Combined TRACON& Tower with Radar,33,50,28,3,114,0,0,39,3,42,33,50,67,6,156,132,0,132,288
12/04/2019,SBA,CA,AWP,WE,Combined TRACON& Tower with Radar,29,47,48,4,128,0,0,4,4,8,29,47,52,8,136,82,0,82,218
12/05/2019,SBA,CA,AWP,WE,Combined TRACON& Tower with Radar,32,48,43,4,127,0,1,31,8,40,32,49,74,12,167,88,0,88,255
12/06/2019,SBA,CA,AWP,WE,Combined TRACON& Tower with Radar,30,50,41,0,121,0,1,50,5,56,30,51,91,5,177,118,0,118,295
12/07/2019,SBA,CA,AWP,WE,Combined TRACON& Tower with Radar,26,35,74,1,136,0,0,1,1,2,26,35,75,2,138,12,0,12,150
12/08/2019,SBA,CA,AWP,WE,Combined TRACON& Tower with Radar,34,38,26,0,98,0,0,7,0,7,34,38,33,0,105,34,0,34,139
12/09/2019,SBA,CA,AWP,WE,Combined TRACON& Tower with Radar,30,38,37,1,106,0,0,89,5,94,30,38,126,6,200,78,0,78,278
12/10/2019,SBA,CA,AWP,WE,Combined TRACON& Tower with Radar,28,48,32,8,116,0,0,65,1,66,28,48,97,9,182,98,6,104,286
12/11/2019,SBA,CA,AWP,WE,Combined TRACON& Tower with Radar,28,42,34,0,104,0,1,89,0,90,28,43,123,0,194,44,0,44,238
12/12/2019,SBA,CA,AWP,WE,Combined TRACON& Tower with Radar,31,55,48,2,136,0,2,76,9,87,31,57,124,11,223,98,8,106,329
12/13/2019,SBA,CA,AWP,WE,Combined TRACON& Tower with Radar,31,52,29,4,116,0,0,88,3,91,31,52,117,7,207,114,2,116,323
12/14/2019,SBA,CA,AWP,WE,Combined TRACON& Tower with Radar,27,34,26,0,87,0,0,40,1,41,27,34,66,1,128,88,0,88,216
12/15/2019,SBA,CA,AWP,WE,Combined TRACON& Tower with Radar,30,46,29,1,106,0,3,71,5,79,30,49,100,6,185,68,0,68,253
12/16/2019,SBA,CA,AWP,WE,Combined TRACON& Tower with Radar,30,50,30,4,114,0,0,81,4,85,30,50,111,8,199,56,2,58,257
12/17/2019,SBA,CA,AWP,WE,Combined TRACON& Tower with Radar,31,51,35,2,119,0,0,56,0,56,31,51,91,2,175,96,2,98,273
12/18/2019,SBA,CA,AWP,WE,Combined TRACON& Tower with Radar,29,45,49,7,130,0,0,92,3,95,29,45,141,10,225,128,2,130,355
12/19/2019,SBA,CA,AWP,WE,Combined TRACON& Tower with Radar,28,63,39,4,134,0,1,111,2,114,28,64,150,6,248,150,0,150,398
12/20/2019,SBA,CA,AWP,WE,Combined TRACON& Tower with Radar,29,54,41,4,128,0,3,101,10,114,29,57,142,14,242,114,0,114,356
12/21/2019,SBA,CA,AWP,WE,Combined TRACON& Tower with Radar,28,42,30,2,102,0,2,101,5,108,28,44,131,7,210,136,0,136,346
12/22/2019,SBA,CA,AWP,WE,Combined TRACON& Tower with Radar,27,39,41,0,107,0,1,3,0,4,27,40,44,0,111,2,0,2,113
12/23/2019,SBA,CA,AWP,WE,Combined TRACON& Tower with Radar,27,55,32,1,115,0,0,8,1,9,27,55,40,2,124,46,0,46,170
12/24/2019,SBA,CA,AWP,WE,Combined TRACON& Tower with Radar,21,34,21,0,76,0,1,45,2,48,21,35,66,2,124,64,0,64,188
12/25/2019,SBA,CA,AWP,WE,Combined TRACON& Tower with Radar,19,29,5,0,53,0,0,0,0,0,19,29,5,0,53,0,0,0,53
12/26/2019,SBA,CA,AWP,WE,Combined TRACON& Tower with Radar,27,56,28,0,111,0,0,42,0,42,27,56,70,0,153,58,0,58,211
12/27/2019,SBA,CA,AWP,WE,Combined TRACON& Tower with Radar,31,66,45,0,142,0,3,104,1,108,31,69,149,1,250,92,0,92,342
12/28/2019,SBA,CA,AWP,WE,Combined TRACON& Tower with Radar,29,45,25,1,100,0,0,96,4,100,29,45,121,5,200,136,0,136,336
12/29/2019,SBA,CA,AWP,WE,Combined TRACON& Tower with Radar,31,50,43,0,124,0,2,61,0,63,31,52,104,0,187,156,0,156,343
12/30/2019,SBA,CA,AWP,WE,Combined TRACON& Tower with Radar,28,57,31,2,118,0,1,48,2,51,28,58,79,4,169,84,0,84,253
12/31/2019,SBA,CA,AWP,WE,Combined TRACON& Tower with Radar,29,43,23,0,95,0,0,54,4,58,29,43,77,4,153,114,0,114,267
01/01/2020,SBA,CA,AWP,WE,Combined TRACON& Tower with Radar,27,42,28,0,97,0,1,47,0,48,27,43,75,0,145,22,0,22,167
01/02/2020,SBA,CA,AWP,WE,Combined TRACON& Tower with Radar,28,52,63,3,146,0,0,67,2,69,28,52,130,5,215,136,0,136,351
01/03/2020,SBA,CA,AWP,WE,Combined TRACON& Tower with Radar,28,56,38,0,122,0,4,87,2,93,28,60,125,2,215,122,0,122,337
01/04/2020,SBA,CA,AWP,WE,Combined TRACON& Tower with Radar,28,49,43,0,120,0,4,84,0,88,28,53,127,0,208,124,0,124,332
01/05/2020,SBA,CA,AWP,WE,Combined TRACON& Tower with Radar,29,46,51,0,126,0,3,86,0,89,29,49,137,0,215,78,0,78,293
01/06/2020,SBA,CA,AWP,WE,Combined TRACON& Tower with Radar,29,50,29,2,110,0,2,68,0,70,29,52,97,2,180,52,0,52,232
01/07/2020,SBA,CA,AWP,WE,Combined TRACON& Tower with Radar,26,47,32,3,108,0,0,83,2,85,26,47,115,5,193,148,0,148,341
01/08/2020,SBA,CA,AWP,WE,Combined TRACON& Tower with Radar,30,42,35,6,113,0,2,67,1,70,30,44,102,7,183,138,4,142,325
01/09/2020,SBA,CA,AWP,WE,Combined TRACON& Tower with Radar,32,55,35,2,124,0,0,41,4,45,32,55,76,6,169,82,0,82,251
01/10/2020,SBA,CA,AWP,WE,Combined TRACON& Tower with Radar,26,46,38,2,112,0,8,90,3,101,26,54,128,5,213,226,0,226,439
01/11/2020,SBA,CA,AWP,WE,Combined TRACON& Tower with Radar,23,32,39,0,94,0,1,76,0,77,23,33,115,0,171,176,0,176,347
01/12/2020,SBA,CA,AWP,WE,Combined TRACON& Tower with Radar,30,36,39,0,105,0,0,94,0,94,30,36,133,0,199,162,0,162,361
01/13/2020,SBA,CA,AWP,WE,Combined TRACON& Tower with Radar,29,49,36,5,119,0,2,68,0,70,29,51,104,5,189,98,0,98,287
01/14/2020,SBA,CA,AWP,WE,Combined TRACON& Tower with Radar,26,43,40,0,109,0,3,74,1,78,26,46,114,1,187,122,0,122,309
01/15/2020,SBA,CA,AWP,WE,Combined TRACON& Tower with Radar,31,46,31,10,118,0,2,75,0,77,31,48,106,10,195,138,24,162,357
01/16/2020,SBA,CA,AWP,WE,Combined TRACON& Tower with Radar,30,50,46,4,130,0,0,9,2,11,30,50,55,6,141,168,0,168,309
01/17/2020,SBA,CA,AWP,WE,Combined TRACON& Tower with Radar,30,57,36,4,127,0,1,105,0,106,30,58,141,4,233,126,0,126,359
01/18/2020,SBA,CA,AWP,WE,Combined TRACON& Tower with Radar,22,37,35,0,94,0,2,85,2,89,22,39,120,2,183,96,0,96,279
01/19/2020,SBA,CA,AWP,WE,Combined TRACON& Tower with Radar,33,52,44,0,129,0,0,95,1,96,33,52,139,1,225,62,0,62,287
01/20/2020,SBA,CA,AWP,WE,Combined TRACON& Tower with Radar,29,55,53,0,137,0,1,86,0,87,29,56,139,0,224,118,2,120,344
01/21/2020,SBA,CA,AWP,WE,Combined TRACON& Tower with Radar,27,57,53,2,139,0,2,59,0,61,27,59,112,2,200,70,2,72,272
01/22/2020,SBA,CA,AWP,WE,Combined TRACON& Tower with Radar,29,40,34,0,103,0,0,60,5,65,29,40,94,5,168,102,0,102,270
01/23/2020,SBA,CA,AWP,WE,Combined TRACON& Tower with Radar,29,60,37,5,131,0,2,92,1,95,29,62,129,6,226,64,0,64,290
01/24/2020,SBA,CA,AWP,WE,Combined TRACON& Tower with Radar,29,64,32,4,129,0,2,113,3,118,29,66,145,7,247,192,0,192,439
01/25/2020,SBA,CA,AWP,WE,Combined TRACON& Tower with Radar,24,32,33,1,90,0,1,113,2,116,24,33,146,3,206,144,0,144,350
01/26/2020,SBA,CA,AWP,WE,Combined TRACON& Tower with Radar,31,47,50,0,128,0,0,40,0,40,31,47,90,0,168,120,0,120,288
01/27/2020,SBA,CA,AWP,WE,Combined TRACON& Tower with Radar,29,59,39,0,127,0,3,63,0,66,29,62,102,0,193,82,0,82,275
01/28/2020,SBA,CA,AWP,WE,Combined TRACON& Tower with Radar,26,47,25,2,100,0,1,67,3,71,26,48,92,5,171,142,0,142,313
01/29/2020,SBA,CA,AWP,WE,Combined TRACON& Tower with Radar,28,40,35,0,103,0,3,37,0,40,28,43,72,0,143,132,0,132,275
01/30/2020,SBA,CA,AWP,WE,Combined TRACON& Tower with Radar,30,48,32,2,112,0,1,85,2,88,30,49,117,4,200,142,0,142,342
01/31/2020,SBA,CA,AWP,WE,Combined TRACON& Tower with Radar,30,45,43,1,119,0,2,96,0,98,30,47,139,1,217,96,0,96,313
02/01/2020,SBA,CA,AWP,WE,Combined TRACON& Tower with Radar,24,34,21,0,79,0,0,116,0,116,24,34,137,0,195,64,0,64,259
02/02/2020,SBA,CA,AWP,WE,Combined TRACON& Tower with Radar,28,37,24,2,91,0,0,43,0,43,28,37,67,2,134,98,2,100,234
02/03/2020,SBA,CA,AWP,WE,Combined TRACON& Tower with Radar,29,46,19,1,95,0,1,33,0,34,29,47,52,1,129,28,0,28,157
02/04/2020,SBA,CA,AWP,WE,Combined TRACON& Tower with Radar,28,41,26,8,103,0,1,75,1,77,28,42,101,9,180,94,2,96,276
02/05/2020,SBA,CA,AWP,WE,Combined TRACON& Tower with Radar,33,38,31,0,102,0,7,113,0,120,33,45,144,0,222,90,0,90,312
02/06/2020,SBA,CA,AWP,WE,Combined TRACON& Tower with Radar,33,41,43,2,119,0,3,102,3,108,33,44,145,5,227,152,0,152,379
02/07/2020,SBA,CA,AWP,WE,Combined TRACON& Tower with Radar,32,49,36,0,117,0,0,107,0,107,32,49,143,0,224,62,0,62,286
02/08/2020,SBA,CA,AWP,WE,Combined TRACON& Tower with Radar,25,35,50,0,110,0,1,59,2,62,25,36,109,2,172,60,0,60,232
02/09/2020,SBA,CA,AWP,WE,Combined TRACON& Tower with Radar,29,51,35,0,115,0,0,42,5,47,29,51,77,5,162,120,0,120,282
02/10/2020,SBA,CA,AWP,WE,Combined TRACON& Tower with Radar,29,51,35,0,115,0,0,62,0,62,29,51,97,0,177,45,0,45,222
02/11/2020,SBA,CA,AWP,WE,Combined TRACON& Tower with Radar,26,44,26,9,105,0,0,58,0,58,26,44,84,9,163,188,4,192,355
02/12/2020,SBA,CA,AWP,WE,Combined TRACON& Tower with Radar,32,50,37,5,124,0,2,75,0,77,32,52,112,5,201,88,0,88,289
02/13/2020,SBA,CA,AWP,WE,Combined TRACON& Tower with Radar,33,54,29,2,118,0,1,99,0,100,33,55,128,2,218,154,0,154,372
02/14/2020,SBA,CA,AWP,WE,Combined TRACON& Tower with Radar,31,52,71,0,154,0,2,108,0,110,31,54,179,0,264,102,0,102,366
02/15/2020,SBA,CA,AWP,WE,Combined TRACON& Tower with Radar,28,34,29,1,92,0,0,136,1,137,28,34,165,2,229,82,0,82,311
02/16/2020,SBA,CA,AWP,WE,Combined TRACON& Tower with Radar,28,40,38,0,106,0,0,129,0,129,28,40,167,0,235,144,0,144,379
02/17/2020,SBA,CA,AWP,WE,Combined TRACON& Tower with Radar,31,53,57,0,141,0,3,103,0,106,31,56,160,0,247,80,0,80,327
02/18/2020,SBA,CA,AWP,WE,Combined TRACON& Tower with Radar,30,45,55,0,130,0,1,44,0,45,30,46,99,0,175,76,0,76,251
02/19/2020,SBA,CA,AWP,WE,Combined TRACON& Tower with Radar,29,43,52,0,124,0,0,65,2,67,29,43,117,2,191,28,2,30,221
02/20/2020,SBA,CA,AWP,WE,Combined TRACON& Tower with Radar,31,64,57,2,154,0,4,80,1,85,31,68,137,3,239,76,6,82,321
02/21/2020,SBA,CA,AWP,WE,Combined TRACON& Tower with Radar,32,55,43,3,133,0,2,97,1,100,32,57,140,4,233,114,2,116,349
02/22/2020,SBA,CA,AWP,WE,Combined TRACON& Tower with Radar,27,36,38,0,101,0,1,33,0,34,27,37,71,0,135,104,0,104,239
02/23/2020,SBA,CA,AWP,WE,Combined TRACON& Tower with Radar,31,36,55,3,125,0,1,118,1,120,31,37,173,4,245,167,8,175,420
02/24/2020,SBA,CA,AWP,WE,Combined TRACON& Tower with Radar,32,45,31,2,110,0,0,80,0,80,32,45,111,2,190,146,0,146,336
02/25/2020,SBA,CA,AWP,WE,Combined TRACON& Tower with Radar,31,44,23,2,100,0,2,102,0,104,31,46,125,2,204,158,0,158,362
02/26/2020,SBA,CA,AWP,WE,Combined TRACON& Tower with Radar,29,43,30,0,102,0,0,79,0,79,29,43,109,0,181,54,0,54,235
02/27/2020,SBA,CA,AWP,WE,Combined TRACON& Tower with Radar,31,48,41,4,124,0,3,113,0,116,31,51,154,4,240,148,0,148,388
02/28/2020,SBA,CA,AWP,WE,Combined TRACON& Tower with Radar,29,60,44,0,133,0,0,92,0,92,29,60,136,0,225,108,0,108,333
02/29/2020,SBA,CA,AWP,WE,Combined TRACON& Tower with Radar,28,37,40,0,105,0,1,120,2,123,28,38,160,2,228,82,0,82,310
03/01/2020,SBA,CA,AWP,WE,Combined TRACON& Tower with Radar,33,55,41,0,129,0,1,18,1,20,33,56,59,1,149,130,0,130,279
03/02/2020,SBA,CA,AWP,WE,Combined TRACON& Tower with Radar,34,45,20,6,105,0,1,51,5,57,34,46,71,11,162,48,0,48,210
03/03/2020,SBA,CA,AWP,WE,Combined TRACON& Tower with Radar,29,43,20,1,93,0,1,63,1,65,29,44,83,2,158,92,0,92,250
03/04/2020,SBA,CA,AWP,WE,Combined TRACON& Tower with Radar,28,49,63,2,142,0,1,23,0,24,28,50,86,2,166,124,0,124,290
03/05/2020,SBA,CA,AWP,WE,Combined TRACON& Tower with Radar,35,53,49,4,141,0,1,75,5,81,35,54,124,9,222,102,12,114,336
03/06/2020,SBA,CA,AWP,WE,Combined TRACON& Tower with Radar,31,65,47,0,143,0,0,77,1,78,31,65,124,1,221,110,0,110,331
03/07/2020,SBA,CA,AWP,WE,Combined TRACON& Tower with Radar,30,41,37,0,108,0,0,39,0,39,30,41,76,0,147,182,0,182,329
03/08/2020,SBA,CA,AWP,WE,Combined TRACON& Tower with Radar,34,57,41,2,134,0,3,93,0,96,34,60,134,2,230,94,0,94,324
03/09/2020,SBA,CA,AWP,WE,Combined TRACON& Tower with Radar,31,60,35,4,130,0,2,45,0,47,31,62,80,4,177,66,0,66,243
03/10/2020,SBA,CA,AWP,WE,Combined TRACON& Tower with Radar,33,46,33,8,120,0,0,0,0,0,33,46,33,8,120,46,8,54,174
03/11/2020,SBA,CA,AWP,WE,Combined TRACON& Tower with Radar,30,49,67,0,146,0,0,19,0,19,30,49,86,0,165,98,0,98,263
03/12/2020,SBA,CA,AWP,WE,Combined TRACON& Tower with Radar,31,58,43,2,134,0,0,26,0,26,31,58,69,2,160,132,2,134,294
03/13/2020,SBA,CA,AWP,WE,Combined TRACON& Tower with Radar,29,50,88,0,167,0,0,0,0,0,29,50,88,0,167,74,4,78,245
03/14/2020,SBA,CA,AWP,WE,Combined TRACON& Tower with Radar,31,30,41,9,111,0,2,2,0,4,31,32,43,9,115,102,0,102,217
03/15/2020,SBA,CA,AWP,WE,Combined TRACON& Tower with Radar,32,48,33,0,113,0,2,20,2,24,32,50,53,2,137,66,0,66,203
03/16/2020,SBA,CA,AWP,WE,Combined TRACON& Tower with Radar,29,40,25,0,94,0,0,3,0,3,29,40,28,0,97,24,0,24,121
03/17/2020,SBA,CA,AWP,WE,Combined TRACON& Tower with Radar,29,42,18,0,89,0,0,32,0,32,29,42,50,0,121,162,0,162,283
03/18/2020,SBA,CA,AWP,WE,Combined TRACON& Tower with Radar,23,40,37,7,107,0,1,75,0,76,23,41,112,7,183,174,2,176,359
03/19/2020,SBA,CA,AWP,WE,Combined TRACON& Tower with Radar,27,36,19,0,82,0,1,33,2,36,27,37,52,2,118,144,0,144,262
03/20/2020,SBA,CA,AWP,WE,Combined TRACON& Tower with Radar,23,31,21,2,77,0,0,17,1,18,23,31,38,3,95,76,0,76,171
03/21/2020,SBA,CA,AWP,WE,Combined TRACON& Tower with Radar,26,21,25,0,72,0,0,78,0,78,26,21,103,0,150,132,0,132,282
03/22/2020,SBA,CA,AWP,WE,Combined TRACON& Tower with Radar,23,12,15,0,50,0,0,13,0,13,23,12,28,0,63,58,0,58,121
03/23/2020,SBA,CA,AWP,WE,Combined TRACON& Tower with Radar,18,22,22,0,62,0,0,26,0,26,18,22,48,0,88,36,0,36,124
03/24/2020,SBA,CA,AWP,WE,Combined TRACON& Tower with Radar,17,21,10,0,48,0,1,23,2,26,17,22,33,2,74,128,0,128,202
03/25/2020,SBA,CA,AWP,WE,Combined TRACON& Tower with Radar,15,20,14,4,53,0,0,28,0,28,15,20,42,4,81,70,0,70,151
03/26/2020,SBA,CA,AWP,WE,Combined TRACON& Tower with Radar,14,24,18,2,58,0,5,22,0,27,14,29,40,2,85,52,0,52,137
03/27/2020,SBA,CA,AWP,WE,Combined TRACON& Tower with Radar,16,23,21,2,62,0,0,61,0,61,16,23,82,2,123,46,2,48,171
03/28/2020,SBA,CA,AWP,WE,Combined TRACON& Tower with Radar,11,12,19,1,43,0,5,81,1,87,11,17,100,2,130,102,4,106,236
03/29/2020,SBA,CA,AWP,WE,Combined TRACON& Tower with Radar,16,15,17,2,50,0,0,36,1,37,16,15,53,3,87,16,0,16,103
03/30/2020,SBA,CA,AWP,WE,Combined TRACON& Tower with Radar,15,14,16,2,47,0,0,74,0,74,15,14,90,2,121,98,0,98,219
03/31/2020,SBA,CA,AWP,WE,Combined TRACON& Tower with Radar,11,19,13,9,52,0,0,84,2,86,11,19,97,11,138,60,8,68,206
04/01/2020,SBA,CA,AWP,WE,Combined TRACON& Tower with Radar,7,10,14,2,33,0,1,58,1,60,7,11,72,3,93,2,0,2,95
04/02/2020,SBA,CA,AWP,WE,Combined TRACON& Tower with Radar,9,13,8,2,32,0,1,63,0,64,9,14,71,2,96,28,0,28,124
04/03/2020,SBA,CA,AWP,WE,Combined TRACON& Tower with Radar,10,11,20,0,41,0,2,85,1,88,10,13,105,1,129,4,0,4,133
04/04/2020,SBA,CA,AWP,WE,Combined TRACON& Tower with Radar,10,12,13,0,35,0,0,39,0,39,10,12,52,0,74,0,0,0,74
04/05/2020,SBA,CA,AWP,WE,Combined TRACON& Tower with Radar,10,6,6,0,22,0,0,2,0,2,10,6,8,0,24,2,0,2,26
04/06/2020,SBA,CA,AWP,WE,Combined TRACON& Tower with Radar,10,10,9,2,31,0,0,12,0,12,10,10,21,2,43,0,0,0,43
04/07/2020,SBA,CA,AWP,WE,Combined TRACON& Tower with Radar,12,11,10,0,33,0,0,30,3,33,12,11,40,3,66,0,0,0,66
04/08/2020,SBA,CA,AWP,WE,Combined TRACON& Tower with Radar,13,10,9,1,33,0,0,19,3,22,13,10,28,4,55,22,4,26,81
04/09/2020,SBA,CA,AWP,WE,Combined TRACON& Tower with Radar,8,17,16,0,41,0,0,2,2,4,8,17,18,2,45,0,0,0,45
04/10/2020,SBA,CA,AWP,WE,Combined TRACON& Tower with Radar,13,11,4,1,29,0,0,69,2,71,13,11,73,3,100,0,0,0,100
04/11/2020,SBA,CA,AWP,WE,Combined TRACON& Tower with Radar,12,5,14,0,31,0,5,119,2,126,12,10,133,2,157,16,0,16,173
04/12/2020,SBA,CA,AWP,WE,Combined TRACON& Tower with Radar,12,5,29,1,47,0,0,0,2,2,12,5,29,3,49,0,0,0,49
04/13/2020,SBA,CA,AWP,WE,Combined TRACON& Tower with Radar,9,6,19,1,35,0,3,28,0,31,9,9,47,1,66,17,0,17,83
04/14/2020,SBA,CA,AWP,WE,Combined TRACON& Tower with Radar,11,12,9,4,36,0,1,77,2,80,11,13,86,6,116,20,0,20,136
04/15/2020,SBA,CA,AWP,WE,Combined TRACON& Tower with Radar,13,9,8,0,30,0,4,94,2,100,13,13,102,2,130,14,0,14,144
04/16/2020,SBA,CA,AWP,WE,Combined TRACON& Tower with Radar,9,5,22,0,36,0,0,66,6,72,9,5,88,6,108,16,2,18,126
04/17/2020,SBA,CA,AWP,WE,Combined TRACON& Tower with Radar,10,10,14,6,40,0,0,45,2,47,10,10,59,8,87,12,6,18,105
04/18/2020,SBA,CA,AWP,WE,Combined TRACON& Tower with Radar,7,8,14,2,31,0,0,29,1,30,7,8,43,3,61,4,2,6,67
04/19/2020,SBA,CA,AWP,WE,Combined TRACON& Tower with Radar,10,0,28,0,38,0,0,27,2,29,10,0,55,2,67,0,0,0,67
04/20/2020,SBA,CA,AWP,WE,Combined TRACON& Tower with Radar,9,11,9,0,29,0,2,33,2,37,9,13,42,2,66,2,0,2,68
04/21/2020,SBA,CA,AWP,WE,Combined TRACON& Tower with Radar,10,4,12,0,26,0,0,75,1,76,10,4,87,1,102,10,0,10,112
04/22/2020,SBA,CA,AWP,WE,Combined TRACON& Tower with Radar,10,9,19,2,40,0,4,89,0,93,10,13,108,2,133,12,0,12,145
04/23/2020,SBA,CA,AWP,WE,Combined TRACON& Tower with Radar,9,10,10,0,29,0,8,47,0,55,9,18,57,0,84,0,0,0,84
04/24/2020,SBA,CA,AWP,WE,Combined TRACON& Tower with Radar,10,11,15,2,38,0,0,99,2,101,10,11,114,4,139,0,0,0,139
04/25/2020,SBA,CA,AWP,WE,Combined TRACON& Tower with Radar,9,13,14,0,36,0,2,128,3,133,9,15,142,3,169,6,0,6,175
04/26/2020,SBA,CA,AWP,WE,Combined TRACON& Tower with Radar,9,7,19,0,35,0,3,107,0,110,9,10,126,0,145,0,0,0,145
04/27/2020,SBA,CA,AWP,WE,Combined TRACON& Tower with Radar,9,11,13,0,33,0,1,66,0,67,9,12,79,0,100,2,0,2,102
04/28/2020,SBA,CA,AWP,WE,Combined TRACON& Tower with Radar,7,15,22,1,45,0,0,67,1,68,7,15,89,2,113,36,0,36,149
04/29/2020,SBA,CA,AWP,WE,Combined TRACON& Tower with Radar,9,10,25,0,44,0,0,1,0,1,9,10,26,0,45,0,0,0,45
04/30/2020,SBA,CA,AWP,WE,Combined TRACON& Tower with Radar,10,18,31,2,61,0,0,28,0,28,10,18,59,2,89,38,0,38,127
05/01/2020,SBA,CA,AWP,WE,Combined TRACON& Tower with Radar,10,11,15,2,38,0,4,81,0,85,10,15,96,2,123,20,0,20,143
05/02/2020,SBA,CA,AWP,WE,Combined TRACON& Tower with Radar,10,9,12,0,31,0,2,85,2,89,10,11,97,2,120,14,0,14,134
05/03/2020,SBA,CA,AWP,WE,Combined TRACON& Tower with Radar,12,13,18,0,43,0,1,84,0,85,12,14,102,0,128,10,0,10,138
05/04/2020,SBA,CA,AWP,WE,Combined TRACON& Tower with Radar,12,12,13,0,37,0,0,82,0,82,12,12,95,0,119,32,0,32,151
05/05/2020,SBA,CA,AWP,WE,Combined TRACON& Tower with Radar,9,12,11,0,32,0,1,65,0,66,9,13,76,0,98,6,0,6,104
05/06/2020,SBA,CA,AWP,WE,Combined TRACON& Tower with Radar,12,15,14,3,44,0,0,75,1,76,12,15,89,4,120,16,6,22,142
05/07/2020,SBA,CA,AWP,WE,Combined TRACON& Tower with Radar,13,16,13,0,42,0,4,96,0,100,13,20,109,0,142,4,0,4,146
05/08/2020,SBA,CA,AWP,WE,Combined TRACON& Tower with Radar,12,17,11,0,40,0,1,79,0,80,12,18,90,0,120,0,0,0,120
05/09/2020,SBA,CA,AWP,WE,Combined TRACON& Tower with Radar,8,11,46,0,65,0,0,20,0,20,8,11,66,0,85,0,0,0,85
05/10/2020,SBA,CA,AWP,WE,Combined TRACON& Tower with Radar,12,6,28,0,46,0,0,4,0,4,12,6,32,0,50,0,0,0,50
05/11/2020,SBA,CA,AWP,WE,Combined TRACON& Tower with Radar,14,22,26,5,67,0,0,26,1,27,14,22,52,6,94,0,0,0,94
05/12/2020,SBA,CA,AWP,WE,Combined TRACON& Tower with Radar,8,12,27,0,47,0,3,46,0,49,8,15,73,0,96,0,0,0,96
05/13/2020,SBA,CA,AWP,WE,Combined TRACON& Tower with Radar,12,17,13,1,43,0,0,76,1,77,12,17,89,2,120,4,4,8,128
05/14/2020,SBA,CA,AWP,WE,Combined TRACON& Tower with Radar,15,24,18,3,60,0,0,63,2,65,15,24,81,5,125,20,4,24,149
05/15/2020,SBA,CA,AWP,WE,Combined TRACON& Tower with Radar,13,22,9,2,46,0,2,69,3,74,13,24,78,5,120,28,0,28,148
05/16/2020,SBA,CA,AWP,WE,Combined TRACON& Tower with Radar,10,12,27,0,49,0,2,127,1,130,10,14,154,1,179,54,0,54,233
05/17/2020,SBA,CA,AWP,WE,Combined TRACON& Tower with Radar,12,14,35,1,62,0,0,75,1,76,12,14,110,2,138,18,0,18,156
05/18/2020,SBA,CA,AWP,WE,Combined TRACON& Tower with Radar,14,18,11,0,43,0,0,16,1,17,14,18,27,1,60,0,0,0,60
05/19/2020,SBA,CA,AWP,WE,Combined TRACON& Tower with Radar,10,14,13,0,37,0,3,41,2,46,10,17,54,2,83,8,0,8,91
05/20/2020,SBA,CA,AWP,WE,Combined TRACON& Tower with Radar,12,17,20,2,51,0,0,99,2,101,12,17,119,4,152,26,2,28,180
05/21/2020,SBA,CA,AWP,WE,Combined TRACON& Tower with Radar,14,22,17,0,53,0,3,110,4,117,14,25,127,4,170,50,0,50,220
05/22/2020,SBA,CA,AWP,WE,Combined TRACON& Tower with Radar,12,17,27,1,57,0,4,84,5,93,12,21,111,6,150,20,0,20,170
05/23/2020,SBA,CA,AWP,WE,Combined TRACON& Tower with Radar,10,13,26,0,49,0,2,78,2,82,10,15,104,2,131,0,0,0,131
05/24/2020,SBA,CA,AWP,WE,Combined TRACON& Tower with Radar,12,14,28,0,54,0,4,117,1,122,12,18,145,1,176,0,0,0,176
05/25/2020,SBA,CA,AWP,WE,Combined TRACON& Tower with Radar,14,10,22,0,46,0,0,123,4,127,14,10,145,4,173,0,0,0,173
05/26/2020,SBA,CA,AWP,WE,Combined TRACON& Tower with Radar,12,20,34,1,67,0,3,31,1,35,12,23,65,2,102,0,0,0,102
05/27/2020,SBA,CA,AWP,WE,Combined TRACON& Tower with Radar,12,27,34,0,73,0,0,35,1,36,12,27,69,1,109,0,0,0,109
05/28/2020,SBA,CA,AWP,WE,Combined TRACON& Tower with Radar,14,17,37,3,71,0,3,32,0,35,14,20,69,3,106,10,0,10,116
05/29/2020,SBA,CA,AWP,WE,Combined TRACON& Tower with Radar,12,17,40,0,69,0,1,6,0,7,12,18,46,0,76,8,0,8,84
05/30/2020,SBA,CA,AWP,WE,Combined TRACON& Tower with Radar,10,11,30,0,51,0,5,84,2,91,10,16,114,2,142,0,0,0,142
05/31/2020,SBA,CA,AWP,WE,Combined TRACON& Tower with Radar,12,12,18,0,42,0,5,80,1,86,12,17,98,1,128,36,0,36,164
06/01/2020,SBA,CA,AWP,WE,Combined TRACON& Tower with Radar,14,29,19,0,62,0,1,70,2,73,14,30,89,2,135,52,0,52,187
06/02/2020,SBA,CA,AWP,WE,Combined TRACON& Tower with Radar,10,26,17,0,53,0,5,62,1,68,10,31,79,1,121,72,0,72,193
06/03/2020,SBA,CA,AWP,WE,Combined TRACON& Tower with Radar,10,8,12,0,30,0,4,78,0,82,10,12,90,0,112,116,0,116,228
06/04/2020,SBA,CA,AWP,WE,Combined TRACON& Tower with Radar,12,19,46,0,77,0,0,21,0,21,12,19,67,0,98,88,0,88,186
06/05/2020,SBA,CA,AWP,WE,Combined TRACON& Tower with Radar,10,23,51,1,85,0,7,22,0,29,10,30,73,1,114,38,0,38,152
06/06/2020,SBA,CA,AWP,WE,Combined TRACON& Tower with Radar,14,14,40,0,68,0,0,63,4,67,14,14,103,4,135,98,0,98,233
06/07/2020,SBA,CA,AWP,WE,Combined TRACON& Tower with Radar,14,15,29,0,58,0,1,90,3,94,14,16,119,3,152,0,0,0,152
06/08/2020,SBA,CA,AWP,WE,Combined TRACON& Tower with Radar,12,11,23,0,46,0,4,76,2,82,12,15,99,2,128,40,0,40,168
06/09/2020,SBA,CA,AWP,WE,Combined TRACON& Tower with Radar,14,12,24,2,52,0,3,115,4,122,14,15,139,6,174,2,0,2,176
06/10/2020,SBA,CA,AWP,WE,Combined TRACON& Tower with Radar,12,12,21,1,46,0,2,103,0,105,12,14,124,1,151,0,0,0,151
06/11/2020,SBA,CA,AWP,WE,Combined TRACON& Tower with Radar,14,31,28,1,74,0,1,109,2,112,14,32,137,3,186,0,0,0,186
06/12/2020,SBA,CA,AWP,WE,Combined TRACON& Tower with Radar,12,23,54,2,91,0,3,69,2,74,12,26,123,4,165,128,2,130,295
06/13/2020,SBA,CA,AWP,WE,Combined TRACON& Tower with Radar,16,9,29,0,54,0,0,88,0,88,16,9,117,0,142,60,0,60,202
06/14/2020,SBA,CA,AWP,WE,Combined TRACON& Tower with Radar,14,19,41,0,74,0,1,154,0,155,14,20,195,0,229,78,0,78,307
06/15/2020,SBA,CA,AWP,WE,Combined TRACON& Tower with Radar,12,19,27,11,69,0,6,109,1,116,12,25,136,12,185,126,4,130,315
06/16/2020,SBA,CA,AWP,WE,Combined TRACON& Tower with Radar,14,19,49,6,88,0,0,40,2,42,14,19,89,8,130,90,6,96,226
06/17/2020,SBA,CA,AWP,WE,Combined TRACON& Tower with Radar,12,29,48,2,91,0,6,52,0,58,12,35,100,2,149,100,2,102,251
06/18/2020,SBA,CA,AWP,WE,Combined TRACON& Tower with Radar,14,20,71,1,106,0,3,8,1,12,14,23,79,2,118,12,0,12,130
06/19/2020,SBA,CA,AWP,WE,Combined TRACON& Tower with Radar,12,17,57,0,86,0,0,29,0,29,12,17,86,0,115,108,0,108,223
06/20/2020,SBA,CA,AWP,WE,Combined TRACON& Tower with Radar,14,23,50,2,89,0,0,19,2,21,14,23,69,4,110,44,2,46,156
06/21/2020,SBA,CA,AWP,WE,Combined TRACON& Tower with Radar,14,21,47,0,82,0,3,26,0,29,14,24,73,0,111,74,0,74,185
06/22/2020,SBA,CA,AWP,WE,Combined TRACON& Tower with Radar,14,22,74,5,115,0,4,29,1,34,14,26,103,6,149,24,4,28,177
06/23/2020,SBA,CA,AWP,WE,Combined TRACON& Tower with Radar,14,21,50,0,85,0,2,38,0,40,14,23,88,0,125,152,0,152,277
06/24/2020,SBA,CA,AWP,WE,Combined TRACON& Tower with Radar,12,22,70,2,106,0,2,39,0,41,12,24,109,2,147,44,0,44,191
06/25/2020,SBA,CA,AWP,WE,Combined TRACON& Tower with Radar,14,36,58,2,110,0,5,47,2,54,14,41,105,4,164,88,0,88,252
06/26/2020,SBA,CA,AWP,WE,Combined TRACON& Tower with Radar,12,32,59,6,109,0,1,25,1,27,12,33,84,7,136,32,2,34,170
06/27/2020,SBA,CA,AWP,WE,Combined TRACON& Tower with Radar,14,25,55,2,96,0,0,63,3,66,14,25,118,5,162,92,0,92,254
06/28/2020,SBA,CA,AWP,WE,Combined TRACON& Tower with Radar,17,26,63,5,111,0,0,30,2,32,17,26,93,7,143,126,0,126,269
06/29/2020,SBA,CA,AWP,WE,Combined TRACON& Tower with Radar,13,18,49,4,84,0,0,85,1,86,13,18,134,5,170,120,0,120,290
06/30/2020,SBA,CA,AWP,WE,Combined TRACON& Tower with Radar,14,22,50,0,86,0,5,91,1,97,14,27,141,1,183,130,0,130,313
07/01/2020,SBA,CA,AWP,WE,Combined TRACON& Tower with Radar,15,31,74,3,123,0,1,19,0,20,15,32,93,3,143,208,0,208,351
07/02/2020,SBA,CA,AWP,WE,Combined TRACON& Tower with Radar,20,37,53,0,110,0,1,84,0,85,20,38,137,0,195,192,0,192,387
07/03/2020,SBA,CA,AWP,WE,Combined TRACON& Tower with Radar,17,26,35,0,78,0,4,138,2,144,17,30,173,2,222,140,0,140,362
07/04/2020,SBA,CA,AWP,WE,Combined TRACON& Tower with Radar,16,9,22,0,47,0,3,69,2,74,16,12,91,2,121,66,0,66,187
07/05/2020,SBA,CA,AWP,WE,Combined TRACON& Tower with Radar,16,22,41,0,79,0,4,102,0,106,16,26,143,0,185,114,0,114,299
07/06/2020,SBA,CA,AWP,WE,Combined TRACON& Tower with Radar,17,23,28,0,68,0,2,98,3,103,17,25,126,3,171,136,0,136,307
07/07/2020,SBA,CA,AWP,WE,Combined TRACON& Tower with Radar,14,21,24,0,59,0,3,101,0,104,14,24,125,0,163,118,0,118,281
07/08/2020,SBA,CA,AWP,WE,Combined TRACON& Tower with Radar,18,20,27,2,67,0,6,131,0,137,18,26,158,2,204,218,0,218,422
07/09/2020,SBA,CA,AWP,WE,Combined TRACON& Tower with Radar,18,22,59,1,100,0,6,58,1,65,18,28,117,2,165,24,0,24,189
07/10/2020,SBA,CA,AWP,WE,Combined TRACON& Tower with Radar,20,17,41,2,80,0,1,63,2,66,20,18,104,4,146,188,0,188,334
07/11/2020,SBA,CA,AWP,WE,Combined TRACON& Tower with Radar,18,19,33,0,70,0,0,111,3,114,18,19,144,3,184,54,0,54,238
07/12/2020,SBA,CA,AWP,WE,Combined TRACON& Tower with Radar,20,18,56,0,94,0,1,130,6,137,20,19,186,6,231,98,0,98,329
07/13/2020,SBA,CA,AWP,WE,Combined TRACON& Tower with Radar,19,13,34,2,68,0,1,67,4,72,19,14,101,6,140,106,0,106,246
07/14/2020,SBA,CA,AWP,WE,Combined TRACON& Tower with Radar,14,17,34,0,65,0,1,54,0,55,14,18,88,0,120,120,0,120,240
07/15/2020,SBA,CA,AWP,WE,Combined TRACON& Tower with Radar,17,22,68,6,113,0,0,52,4,56,17,22,120,10,169,148,4,152,321
07/16/2020,SBA,CA,AWP,WE,Combined TRACON& Tower with Radar,18,19,58,0,95,0,0,71,1,72,18,19,129,1,167,156,0,156,323
07/17/2020,SBA,CA,AWP,WE,Combined TRACON& Tower with Radar,22,33,50,3,108,0,1,96,1,98,22,34,146,4,206,100,0,100,306
07/18/2020,SBA,CA,AWP,WE,Combined TRACON& Tower with Radar,18,18,22,0,58,0,3,107,4,114,18,21,129,4,172,68,0,68,240
07/19/2020,SBA,CA,AWP,WE,Combined TRACON& Tower with Radar,18,20,47,0,85,0,0,68,2,70,18,20,115,2,155,76,0,76,231
07/20/2020,SBA,CA,AWP,WE,Combined TRACON& Tower with Radar,20,27,43,1,91,0,0,74,3,77,20,27,117,4,168,112,10,122,290
07/21/2020,SBA,CA,AWP,WE,Combined TRACON& Tower with Radar,14,20,32,8,74,0,4,86,4,94,14,24,118,12,168,186,2,188,356
07/22/2020,SBA,CA,AWP,WE,Combined TRACON& Tower with Radar,18,21,55,0,94,0,0,27,0,27,18,21,82,0,121,100,0,100,221
07/23/2020,SBA,CA,AWP,WE,Combined TRACON& Tower with Radar,18,34,64,3,119,0,0,36,0,36,18,34,100,3,155,128,2,130,285
07/24/2020,SBA,CA,AWP,WE,Combined TRACON& Tower with Radar,18,31,47,0,96,0,2,89,4,95,18,33,136,4,191,146,0,146,337
07/25/2020,SBA,CA,AWP,WE,Combined TRACON& Tower with Radar,18,14,65,0,97,0,6,85,2,93,18,20,150,2,190,174,0,174,364
07/26/2020,SBA,CA,AWP,WE,Combined TRACON& Tower with Radar,20,31,67,0,118,0,0,95,1,96,20,31,162,1,214,76,2,78,292
07/27/2020,SBA,CA,AWP,WE,Combined TRACON& Tower with Radar,20,21,40,6,87,0,0,59,1,60,20,21,99,7,147,124,0,124,271
07/28/2020,SBA,CA,AWP,WE,Combined TRACON& Tower with Radar,14,31,33,11,89,0,0,73,0,73,14,31,106,11,162,178,8,186,348
07/29/2020,SBA,CA,AWP,WE,Combined TRACON& Tower with Radar,18,30,54,3,105,0,2,60,1,63,18,32,114,4,168,40,0,40,208
07/30/2020,SBA,CA,AWP,WE,Combined TRACON& Tower with Radar,18,23,33,3,77,0,2,87,7,96,18,25,120,10,173,154,0,154,327
07/31/2020,SBA,CA,AWP,WE,Combined TRACON& Tower with Radar,20,29,52,0,101,0,4,114,2,120,20,33,166,2,221,216,0,216,437
08/01/2020,SBA,CA,AWP,WE,Combined TRACON& Tower with Radar,18,20,33,0,71,0,4,113,2,119,18,24,146,2,190,184,0,184,374
08/02/2020,SBA,CA,AWP,WE,Combined TRACON& Tower with Radar,18,20,57,0,95,0,2,123,1,126,18,22,180,1,221,96,0,96,317
08/03/2020,SBA,CA,AWP,WE,Combined TRACON& Tower with Radar,15,28,44,2,89,0,1,49,0,50,15,29,93,2,139,92,0,92,231
08/04/2020,SBA,CA,AWP,WE,Combined TRACON& Tower with Radar,12,30,50,5,97,0,2,39,0,41,12,32,89,5,138,106,0,106,244
08/05/2020,SBA,CA,AWP,WE,Combined TRACON& Tower with Radar,12,25,51,4,92,0,4,65,2,71,12,29,116,6,163,144,4,148,311
08/06/2020,SBA,CA,AWP,WE,Combined TRACON& Tower with Radar,14,28,46,0,88,0,1,57,2,60,14,29,103,2,148,136,0,136,284
08/07/2020,SBA,CA,AWP,WE,Combined TRACON& Tower with Radar,14,35,31,3,83,0,3,84,0,87,14,38,115,3,170,136,0,136,306
08/08/2020,SBA,CA,AWP,WE,Combined TRACON& Tower with Radar,14,27,28,4,73,0,4,102,0,106,14,31,130,4,179,184,0,184,363
08/09/2020,SBA,CA,AWP,WE,Combined TRACON& Tower with Radar,14,24,55,4,97,0,3,84,0,87,14,27,139,4,184,84,0,84,268
08/10/2020,SBA,CA,AWP,WE,Combined TRACON& Tower with Radar,14,36,51,4,105,0,0,54,1,55,14,36,105,5,160,172,0,172,332
08/11/2020,SBA,CA,AWP,WE,Combined TRACON& Tower with Radar,12,31,54,6,103,0,0,51,0,51,12,31,105,6,154,64,6,70,224
08/12/2020,SBA,CA,AWP,WE,Combined TRACON& Tower with Radar,12,38,42,0,92,0,4,84,0,88,12,42,126,0,180,118,0,118,298
08/13/2020,SBA,CA,AWP,WE,Combined TRACON& Tower with Radar,14,39,38,5,96,0,4,63,2,69,14,43,101,7,165,102,4,106,271
08/14/2020,SBA,CA,AWP,WE,Combined TRACON& Tower with Radar,14,32,59,0,105,0,4,106,0,110,14,36,165,0,215,238,0,238,453
08/15/2020,SBA,CA,AWP,WE,Combined TRACON& Tower with Radar,14,26,44,0,84,0,3,101,0,104,14,29,145,0,188,126,0,126,314
08/16/2020,SBA,CA,AWP,WE,Combined TRACON& Tower with Radar,13,29,36,0,78,0,3,113,5,121,13,32,149,5,199,60,0,60,259
08/17/2020,SBA,CA,AWP,WE,Combined TRACON& Tower with Radar,14,37,45,4,100,0,8,88,0,96,14,45,133,4,196,110,0,110,306
08/18/2020,SBA,CA,AWP,WE,Combined TRACON& Tower with Radar,12,28,41,8,89,0,2,78,4,84,12,30,119,12,173,168,0,168,341
08/19/2020,SBA,CA,AWP,WE,Combined TRACON& Tower with Radar,12,21,53,3,89,0,3,59,4,66,12,24,112,7,155,100,2,102,257
08/20/2020,SBA,CA,AWP,WE,Combined TRACON& Tower with Radar,12,32,46,5,95,0,2,53,5,60,12,34,99,10,155,126,12,138,293
08/21/2020,SBA,CA,AWP,WE,Combined TRACON& Tower with Radar,14,21,45,0,80,0,3,36,0,39,14,24,81,0,119,214,0,214,333
08/22/2020,SBA,CA,AWP,WE,Combined TRACON& Tower with Radar,14,23,47,1,85,0,3,66,1,70,14,26,113,2,155,238,24,262,417
08/23/2020,SBA,CA,AWP,WE,Combined TRACON& Tower with Radar,14,26,47,2,89,0,1,81,1,83,14,27,128,3,172,178,2,180,352
08/24/2020,SBA,CA,AWP,WE,Combined TRACON& Tower with Radar,14,24,33,0,71,0,4,41,0,45,14,28,74,0,116,102,0,102,218
08/25/2020,SBA,CA,AWP,WE,Combined TRACON& Tower with Radar,12,28,44,8,92,0,5,78,0,83,12,33,122,8,175,94,14,108,283
08/26/2020,SBA,CA,AWP,WE,Combined TRACON& Tower with Radar,12,29,36,4,81,0,2,78,2,82,12,31,114,6,163,102,0,102,265
08/27/2020,SBA,CA,AWP,WE,Combined TRACON& Tower with Radar,14,27,36,3,80,0,2,118,1,121,14,29,154,4,201,190,0,190,391
08/28/2020,SBA,CA,AWP,WE,Combined TRACON& Tower with Radar,14,42,53,9,118,0,3,89,0,92,14,45,142,9,210,122,6,128,338
08/29/2020,SBA,CA,AWP,WE,Combined TRACON& Tower with Radar,14,22,40,0,76,0,2,93,0,95,14,24,133,0,171,152,0,152,323
08/30/2020,SBA,CA,AWP,WE,Combined TRACON& Tower with Radar,14,28,57,0,99,0,0,103,0,103,14,28,160,0,202,100,0,100,302
08/31/2020,SBA,CA,AWP,WE,Combined TRACON& Tower with Radar,13,29,55,2,99,0,2,49,1,52,13,31,104,3,151,106,2,108,259
09/01/2020,SBA,CA,AWP,WE,Combined TRACON& Tower with Radar,13,33,67,6,119,0,0,47,2,49,13,33,114,8,168,124,4,128,296
09/02/2020,SBA,CA,AWP,WE,Combined TRACON& Tower with Radar,16,27,41,4,88,0,0,79,2,81,16,27,120,6,169,162,0,162,331
09/03/2020,SBA,CA,AWP,WE,Combined TRACON& Tower with Radar,18,33,45,3,99,0,0,97,0,97,18,33,142,3,196,176,0,176,372
09/04/2020,SBA,CA,AWP,WE,Combined TRACON& Tower with Radar,18,33,40,0,91,0,4,124,0,128,18,37,164,0,219,150,0,150,369
09/05/2020,SBA,CA,AWP,WE,Combined TRACON& Tower with Radar,17,19,33,5,74,0,1,119,0,120,17,20,152,5,194,126,2,128,322
09/06/2020,SBA,CA,AWP,WE,Combined TRACON& Tower with Radar,16,22,28,2,68,0,2,60,0,62,16,24,88,2,130,136,0,136,266
09/07/2020,SBA,CA,AWP,WE,Combined TRACON& Tower with Radar,19,21,57,0,97,0,0,70,2,72,19,21,127,2,169,70,0,70,239
09/08/2020,SBA,CA,AWP,WE,Combined TRACON& Tower with Radar,14,27,48,5,94,0,0,4,2,6,14,27,52,7,100,126,0,126,226
09/09/2020,SBA,CA,AWP,WE,Combined TRACON& Tower with Radar,18,40,60,0,118,0,0,39,1,40,18,40,99,1,158,106,0,106,264
09/10/2020,SBA,CA,AWP,WE,Combined TRACON& Tower with Radar,18,35,42,4,99,0,0,33,1,34,18,35,75,5,133,124,2,126,259
09/11/2020,SBA,CA,AWP,WE,Combined TRACON& Tower with Radar,18,31,45,3,97,0,0,43,0,43,18,31,88,3,140,82,0,82,222
09/12/2020,SBA,CA,AWP,WE,Combined TRACON& Tower with Radar,18,21,48,4,91,0,1,26,0,27,18,22,74,4,118,70,0,70,188
09/13/2020,SBA,CA,AWP,WE,Combined TRACON& Tower with Radar,16,31,61,2,110,0,2,35,0,37,16,33,96,2,147,38,0,38,185
09/14/2020,SBA,CA,AWP,WE,Combined TRACON& Tower with Radar,18,21,33,1,73,0,3,19,0,22,18,24,52,1,95,38,0,38,133
09/15/2020,SBA,CA,AWP,WE,Combined TRACON& Tower with Radar,16,28,56,3,103,0,0,28,1,29,16,28,84,4,132,122,0,122,254
09/16/2020,SBA,CA,AWP,WE,Combined TRACON& Tower with Radar,17,28,47,4,96,0,5,39,0,44,17,33,86,4,140,78,0,78,218
09/17/2020,SBA,CA,AWP,WE,Combined TRACON& Tower with Radar,19,26,34,6,85,0,1,65,0,66,19,27,99,6,151,154,6,160,311
09/18/2020,SBA,CA,AWP,WE,Combined TRACON& Tower with Radar,18,36,35,7,96,0,1,94,5,100,18,37,129,12,196,126,2,128,324
09/19/2020,SBA,CA,AWP,WE,Combined TRACON& Tower with Radar,18,22,47,0,87,0,1,106,0,107,18,23,153,0,194,160,0,160,354
09/20/2020,SBA,CA,AWP,WE,Combined TRACON& Tower with Radar,18,20,62,4,104,0,0,45,3,48,18,20,107,7,152,38,0,38,190
09/21/2020,SBA,CA,AWP,WE,Combined TRACON& Tower with Radar,18,31,37,5,91,0,0,54,2,56,18,31,91,7,147,60,0,60,207
09/22/2020,SBA,CA,AWP,WE,Combined TRACON& Tower with Radar,16,28,63,12,119,0,0,73,0,73,16,28,136,12,192,166,10,176,368
09/23/2020,SBA,CA,AWP,WE,Combined TRACON& Tower with Radar,18,29,32,10,89,0,0,95,3,98,18,29,127,13,187,66,8,74,261
09/24/2020,SBA,CA,AWP,WE,Combined TRACON& Tower with Radar,18,40,44,0,102,0,0,73,0,73,18,40,117,0,175,122,0,122,297
09/25/2020,SBA,CA,AWP,WE,Combined TRACON& Tower with Radar,18,38,49,6,111,0,1,88,5,94,18,39,137,11,205,68,0,68,273
09/26/2020,SBA,CA,AWP,WE,Combined TRACON& Tower with Radar,18,31,47,4,100,0,0,81,2,83,18,31,128,6,183,76,0,76,259
09/27/2020,SBA,CA,AWP,WE,Combined TRACON& Tower with Radar,18,35,47,0,100,0,5,65,13,83,18,40,112,13,183,44,0,44,227
09/28/2020,SBA,CA,AWP,WE,Combined TRACON& Tower with Radar,18,49,53,6,126,0,2,16,0,18,18,51,69,6,144,0,0,0,144
09/29/2020,SBA,CA,AWP,WE,Combined TRACON& Tower with Radar,16,43,28,4,91,0,2,74,2,78,16,45,102,6,169,108,0,108,277
09/30/2020,SBA,CA,AWP,WE,Combined TRACON& Tower with Radar,18,41,44,1,104,0,4,67,6,77,18,45,111,7,181,160,0,160,341
10/01/2020,SBA,CA,AWP,WE,Combined TRACON& Tower with Radar,18,38,40,4,100,0,0,75,0,75,18,38,115,4,175,178,0,178,353
10/02/2020,SBA,CA,AWP,WE,Combined TRACON& Tower with Radar,17,36,53,1,107,0,4,78,2,84,17,40,131,3,191,80,0,80,271
10/03/2020,SBA,CA,AWP,WE,Combined TRACON& Tower with Radar,19,23,36,0,78,0,4,109,0,113,19,27,145,0,191,142,0,142,333
10/04/2020,SBA,CA,AWP,WE,Combined TRACON& Tower with Radar,19,26,45,1,91,0,1,71,2,74,19,27,116,3,165,98,0,98,263
10/05/2020,SBA,CA,AWP,WE,Combined TRACON& Tower with Radar,19,31,27,5,82,0,0,44,2,46,19,31,71,7,128,82,8,90,218
10/06/2020,SBA,CA,AWP,WE,Combined TRACON& Tower with Radar,17,26,38,3,84,0,1,39,1,41,17,27,77,4,125,84,4,88,213
10/07/2020,SBA,CA,AWP,WE,Combined TRACON& Tower with Radar,22,19,50,6,97,0,2,69,0,71,22,21,119,6,168,100,0,100,268
10/08/2020,SBA,CA,AWP,WE,Combined TRACON& Tower with Radar,21,41,66,2,130,0,1,48,2,51,21,42,114,4,181,70,0,70,251
10/09/2020,SBA,CA,AWP,WE,Combined TRACON& Tower with Radar,21,43,41,11,116,0,0,55,0,55,21,43,96,11,171,128,4,132,303
10/10/2020,SBA,CA,AWP,WE,Combined TRACON& Tower with Radar,21,26,42,4,93,0,6,60,0,66,21,32,102,4,159,128,0,128,287
10/11/2020,SBA,CA,AWP,WE,Combined TRACON& Tower with Radar,21,33,55,3,112,0,5,135,2,142,21,38,190,5,254,138,0,138,392
10/12/2020,SBA,CA,AWP,WE,Combined TRACON& Tower with Radar,21,31,37,4,93,0,4,82,1,87,21,35,119,5,180,30,0,30,210
10/13/2020,SBA,CA,AWP,WE,Combined TRACON& Tower with Radar,22,33,25,3,83,0,1,71,2,74,22,34,96,5,157,134,0,134,291
10/14/2020,SBA,CA,AWP,WE,Combined TRACON& Tower with Radar,21,38,31,1,91,0,3,113,0,116,21,41,144,1,207,158,0,158,365
10/15/2020,SBA,CA,AWP,WE,Combined TRACON& Tower with Radar,23,25,34,5,87,0,8,91,4,103,23,33,125,9,190,104,2,106,296
10/16/2020,SBA,CA,AWP,WE,Combined TRACON& Tower with Radar,21,34,35,6,96,0,6,108,1,115,21,40,143,7,211,38,2,40,251
10/17/2020,SBA,CA,AWP,WE,Combined TRACON& Tower with Radar,21,16,32,12,81,0,2,126,0,128,21,18,158,12,209,144,0,144,353
10/18/2020,SBA,CA,AWP,WE,Combined TRACON& Tower with Radar,21,42,74,9,146,0,1,67,0,68,21,43,141,9,214,42,0,42,256
10/19/2020,SBA,CA,AWP,WE,Combined TRACON& Tower with Radar,21,21,67,11,120,0,1,31,0,32,21,22,98,11,152,8,0,8,160
10/20/2020,SBA,CA,AWP,WE,Combined TRACON& Tower with Radar,20,18,106,4,148,0,0,3,0,3,20,18,109,4,151,22,4,26,177
10/21/2020,SBA,CA,AWP,WE,Combined TRACON& Tower with Radar,21,36,88,0,145,0,0,1,0,1,21,36,89,0,146,14,0,14,160
10/22/2020,SBA,CA,AWP,WE,Combined TRACON& Tower with Radar,21,50,43,0,114,0,0,16,0,16,21,50,59,0,130,128,0,128,258
10/23/2020,SBA,CA,AWP,WE,Combined TRACON& Tower with Radar,21,33,93,12,159,0,2,24,2,28,21,35,117,14,187,110,6,116,303
10/24/2020,SBA,CA,AWP,WE,Combined TRACON& Tower with Radar,23,19,46,0,88,0,2,30,0,32,23,21,76,0,120,216,0,216,336
10/25/2020,SBA,CA,AWP,WE,Combined TRACON& Tower with Radar,20,30,70,0,120,0,3,44,0,47,20,33,114,0,167,130,0,130,297
10/26/2020,SBA,CA,AWP,WE,Combined TRACON& Tower with Radar,21,23,27,0,71,0,3,47,3,53,21,26,74,3,124,176,0,176,300
10/27/2020,SBA,CA,AWP,WE,Combined TRACON& Tower with Radar,20,29,43,14,106,0,1,95,0,96,20,30,138,14,202,170,4,174,376
10/28/2020,SBA,CA,AWP,WE,Combined TRACON& Tower with Radar,20,24,33,4,81,0,1,134,0,135,20,25,167,4,216,150,4,154,370
10/29/2020,SBA,CA,AWP,WE,Combined TRACON& Tower with Radar,22,27,27,1,77,0,1,124,2,127,22,28,151,3,204,174,0,174,378
10/30/2020,SBA,CA,AWP,WE,Combined TRACON& Tower with Radar,21,36,42,4,103,0,3,98,1,102,21,39,140,5,205,80,4,84,289
10/31/2020,SBA,CA,AWP,WE,Combined TRACON& Tower with Radar,17,8,36,0,61,0,1,103,2,106,17,9,139,2,167,54,0,54,221
11/01/2020,SBA,CA,AWP,WE,Combined TRACON& Tower with Radar,21,20,36,0,77,0,0,122,0,122,21,20,158,0,199,118,0,118,317
11/02/2020,SBA,CA,AWP,WE,Combined TRACON& Tower with Radar,21,26,62,2,111,0,0,11,0,11,21,26,73,2,122,6,2,8,130
11/03/2020,SBA,CA,AWP,WE,Combined TRACON& Tower with Radar,21,12,33,6,72,0,0,38,1,39,21,12,71,7,111,164,6,170,281
11/04/2020,SBA,CA,AWP,WE,Combined TRACON& Tower with Radar,21,21,32,6,80,0,0,107,2,109,21,21,139,8,189,138,4,142,331
11/05/2020,SBA,CA,AWP,WE,Combined TRACON& Tower with Radar,19,26,28,18,91,0,1,95,2,98,19,27,123,20,189,158,10,168,357
11/06/2020,SBA,CA,AWP,WE,Combined TRACON& Tower with Radar,19,35,49,1,104,0,0,44,1,45,19,35,93,2,149,76,0,76,225
11/07/2020,SBA,CA,AWP,WE,Combined TRACON& Tower with Radar,19,16,19,0,54,0,0,20,0,20,19,16,39,0,74,182,0,182,256
11/08/2020,SBA,CA,AWP,WE,Combined TRACON& Tower with Radar,19,31,28,0,78,0,2,17,0,19,19,33,45,0,97,82,0,82,179
11/09/2020,SBA,CA,AWP,WE,Combined TRACON& Tower with Radar,20,28,28,0,76,0,4,86,0,90,20,32,114,0,166,138,0,138,304
11/10/2020,SBA,CA,AWP,WE,Combined TRACON& Tower with Radar,19,29,33,0,81,0,1,96,2,99,19,30,129,2,180,202,0,202,382
11/11/2020,SBA,CA,AWP,WE,Combined TRACON& Tower with Radar,19,27,47,2,95,0,3,109,1,113,19,30,156,3,208,74,0,74,282
11/12/2020,SBA,CA,AWP,WE,Combined TRACON& Tower with Radar,19,25,37,0,81,0,1,87,0,88,19,26,124,0,169,126,0,126,295
11/13/2020,SBA,CA,AWP,WE,Combined TRACON& Tower with Radar,19,32,42,0,93,0,5,112,2,119,19,37,154,2,212,158,0,158,370
11/14/2020,SBA,CA,AWP,WE,Combined TRACON& Tower with Radar,19,12,31,1,63,0,0,95,0,95,19,12,126,1,158,92,0,92,250
11/15/2020,SBA,CA,AWP,WE,Combined TRACON& Tower with Radar,19,31,38,1,89,0,2,155,2,159,19,33,193,3,248,164,2,166,414
11/16/2020,SBA,CA,AWP,WE,Combined TRACON& Tower with Radar,19,30,21,3,73,0,2,70,4,76,19,32,91,7,149,108,4,112,261
11/17/2020,SBA,CA,AWP,WE,Combined TRACON& Tower with Radar,19,21,37,0,77,0,0,68,3,71,19,21,105,3,148,120,0,120,268
11/18/2020,SBA,CA,AWP,WE,Combined TRACON& Tower with Radar,21,24,47,3,95,0,0,19,0,19,21,24,66,3,114,146,2,148,262
11/19/2020,SBA,CA,AWP,WE,Combined TRACON& Tower with Radar,19,28,45,6,98,0,1,50,1,52,19,29,95,7,150,10,6,16,166
11/20/2020,SBA,CA,AWP,WE,Combined TRACON& Tower with Radar,21,36,57,0,114,0,1,106,6,113,21,37,163,6,227,196,0,196,423
11/21/2020,SBA,CA,AWP,WE,Combined TRACON& Tower with Radar,21,29,37,2,89,0,4,111,0,115,21,33,148,2,204,104,2,106,310
11/22/2020,SBA,CA,AWP,WE,Combined TRACON& Tower with Radar,21,21,27,0,69,0,5,132,5,142,21,26,159,5,211,104,0,104,315
11/23/2020,SBA,CA,AWP,WE,Combined TRACON& Tower with Radar,21,36,24,8,89,0,1,85,0,86,21,37,109,8,175,108,6,114,289
11/24/2020,SBA,CA,AWP,WE,Combined TRACON& Tower with Radar,23,41,50,7,121,0,3,96,0,99,23,44,146,7,220,162,6,168,388
11/25/2020,SBA,CA,AWP,WE,Combined TRACON& Tower with Radar,23,16,25,3,67,0,5,75,0,80,23,21,100,3,147,156,2,158,305
11/26/2020,SBA,CA,AWP,WE,Combined TRACON& Tower with Radar,10,10,7,0,27,0,0,34,0,34,10,10,41,0,61,38,0,38,99
11/27/2020,SBA,CA,AWP,WE,Combined TRACON& Tower with Radar,21,28,22,0,71,0,1,78,0,79,21,29,100,0,150,150,0,150,300
11/28/2020,SBA,CA,AWP,WE,Combined TRACON& Tower with Radar,27,17,41,2,87,0,0,122,0,122,27,17,163,2,209,98,0,98,307
11/29/2020,SBA,CA,AWP,WE,Combined TRACON& Tower with Radar,25,34,51,0,110,0,1,124,2,127,25,35,175,2,237,132,0,132,369
11/30/2020,SBA,CA,AWP,WE,Combined TRACON& Tower with Radar,23,16,31,0,70,0,1,57,2,60,23,17,88,2,130,60,0,60,190
12/01/2020,SBA,CA,AWP,WE,Combined TRACON& Tower with Radar,23,37,22,0,82,0,0,65,0,65,23,37,87,0,147,176,0,176,323
12/02/2020,SBA,CA,AWP,WE,Combined TRACON& Tower with Radar,21,21,24,4,70,0,5,72,0,77,21,26,96,4,147,158,4,162,309
12/03/2020,SBA,CA,AWP,WE,Combined TRACON& Tower with Radar,21,23,22,0,66,0,2,52,0,54,21,25,74,0,120,88,0,88,208
12/04/2020,SBA,CA,AWP,WE,Combined TRACON& Tower with Radar,19,27,33,2,81,0,0,65,0,65,19,27,98,2,146,92,0,92,238
12/05/2020,SBA,CA,AWP,WE,Combined TRACON& Tower with Radar,17,12,32,0,61,0,0,114,0,114,17,12,146,0,175,170,0,170,345
12/06/2020,SBA,CA,AWP,WE,Combined TRACON& Tower with Radar,19,21,30,0,70,0,0,105,0,105,19,21,135,0,175,102,0,102,277
12/07/2020,SBA,CA,AWP,WE,Combined TRACON& Tower with Radar,19,21,19,0,59,0,0,38,0,38,19,21,57,0,97,44,0,44,141
12/08/2020,SBA,CA,AWP,WE,Combined TRACON& Tower with Radar,21,14,21,5,61,0,4,34,0,38,21,18,55,5,99,106,4,110,209
12/09/2020,SBA,CA,AWP,WE,Combined TRACON& Tower with Radar,19,27,26,0,72,0,3,93,2,98,19,30,119,2,170,102,0,102,272
12/10/2020,SBA,CA,AWP,WE,Combined TRACON& Tower with Radar,21,18,40,0,79,0,0,44,0,44,21,18,84,0,123,130,0,130,253
12/11/2020,SBA,CA,AWP,WE,Combined TRACON& Tower with Radar,19,31,29,8,87,0,2,56,0,58,19,33,85,8,145,70,0,70,215
12/12/2020,SBA,CA,AWP,WE,Combined TRACON& Tower with Radar,19,18,19,0,56,0,1,20,0,21,19,19,39,0,77,112,0,112,189
12/13/2020,SBA,CA,AWP,WE,Combined TRACON& Tower with Radar,21,23,35,0,79,0,0,70,2,72,21,23,105,2,151,88,0,88,239
12/14/2020,SBA,CA,AWP,WE,Combined TRACON& Tower with Radar,23,17,26,2,68,0,0,31,0,31,23,17,57,2,99,28,0,28,127
12/15/2020,SBA,CA,AWP,WE,Combined TRACON& Tower with Radar,19,11,23,0,53,0,2,59,0,61,19,13,82,0,114,114,0,114,228
12/16/2020,SBA,CA,AWP,WE,Combined TRACON& Tower with Radar,21,20,25,7,73,0,1,69,0,70,21,21,94,7,143,92,2,94,237
12/17/2020,SBA,CA,AWP,WE,Combined TRACON& Tower with Radar,21,37,34,4,96,0,2,24,0,26,21,39,58,4,122,12,0,12,134
12/18/2020,SBA,CA,AWP,WE,Combined TRACON& Tower with Radar,21,27,56,2,106,0,1,67,0,68,21,28,123,2,174,146,0,146,320
12/19/2020,SBA,CA,AWP,WE,Combined TRACON& Tower with Radar,22,27,41,4,94,0,0,116,0,116,22,27,157,4,210,152,0,152,362
12/20/2020,SBA,CA,AWP,WE,Combined TRACON& Tower with Radar,23,26,41,4,94,0,4,123,0,127,23,30,164,4,221,118,0,118,339
12/21/2020,SBA,CA,AWP,WE,Combined TRACON& Tower with Radar,19,20,28,0,67,0,4,81,2,87,19,24,109,2,154,144,8,152,306
12/22/2020,SBA,CA,AWP,WE,Combined TRACON& Tower with Radar,21,26,30,8,85,0,6,82,0,88,21,32,112,8,173,72,4,76,249
12/23/2020,SBA,CA,AWP,WE,Combined TRACON& Tower with Radar,20,27,39,2,88,0,0,55,0,55,20,27,94,2,143,204,0,204,347
12/24/2020,SBA,CA,AWP,WE,Combined TRACON& Tower with Radar,17,16,13,0,46,0,0,30,0,30,17,16,43,0,76,142,0,142,218
12/25/2020,SBA,CA,AWP,WE,Combined TRACON& Tower with Radar,17,7,9,0,33,0,0,29,0,29,17,7,38,0,62,36,0,36,98
12/26/2020,SBA,CA,AWP,WE,Combined TRACON& Tower with Radar,20,37,36,2,95,0,1,65,0,66,20,38,101,2,161,106,0,106,267
12/27/2020,SBA,CA,AWP,WE,Combined TRACON& Tower with Radar,21,22,39,0,82,0,1,30,0,31,21,23,69,0,113,24,0,24,137
12/28/2020,SBA,CA,AWP,WE,Combined TRACON& Tower with Radar,21,29,39,0,89,0,0,0,0,0,21,29,39,0,89,8,0,8,97
12/29/2020,SBA,CA,AWP,WE,Combined TRACON& Tower with Radar,22,29,43,2,96,0,4,66,0,70,22,33,109,2,166,82,2,84,250
12/30/2020,SBA,CA,AWP,WE,Combined TRACON& Tower with Radar,22,33,25,0,80,0,3,91,2,96,22,36,116,2,176,106,0,106,282
12/31/2020,SBA,CA,AWP,WE,Combined TRACON& Tower with Radar,17,17,19,0,53,0,1,27,0,28,17,18,46,0,81,54,0,54,135
01/01/2021,SBA,CA,AWP,WE,Combined TRACON& Tower with Radar,19,10,18,0,47,0,3,57,1,61,19,13,75,1,108,14,0,14,122
01/02/2021,SBA,CA,AWP,WE,Combined TRACON& Tower with Radar,21,23,52,0,96,0,3,76,0,79,21,26,128,0,175,68,0,68,243
01/03/2021,SBA,CA,AWP,WE,Combined TRACON& Tower with Radar,21,14,44,0,79,0,0,53,0,53,21,14,97,0,132,16,0,16,148
01/04/2021,SBA,CA,AWP,WE,Combined TRACON& Tower with Radar,22,23,39,0,84,0,0,31,0,31,22,23,70,0,115,58,0,58,173
01/05/2021,SBA,CA,AWP,WE,Combined TRACON& Tower with Radar,19,12,41,2,74,0,1,60,1,62,19,13,101,3,136,94,4,98,234
01/06/2021,SBA,CA,AWP,WE,Combined TRACON& Tower with Radar,20,18,28,0,66,0,0,52,0,52,20,18,80,0,118,80,0,80,198
01/07/2021,SBA,CA,AWP,WE,Combined TRACON& Tower with Radar,23,24,13,1,61,0,1,56,0,57,23,25,69,1,118,74,0,74,192
01/08/2021,SBA,CA,AWP,WE,Combined TRACON& Tower with Radar,25,22,31,1,79,0,2,75,2,79,25,24,106,3,158,52,0,52,210
01/09/2021,SBA,CA,AWP,WE,Combined TRACON& Tower with Radar,20,18,26,1,65,0,4,78,0,82,20,22,104,1,147,136,0,136,283
01/10/2021,SBA,CA,AWP,WE,Combined TRACON& Tower with Radar,23,20,44,1,88,0,1,102,0,103,23,21,146,1,191,108,0,108,299
01/11/2021,SBA,CA,AWP,WE,Combined TRACON& Tower with Radar,28,16,28,1,73,1,0,53,0,54,29,16,81,1,127,92,0,92,219
01/12/2021,SBA,CA,AWP,WE,Combined TRACON& Tower with Radar,20,24,27,4,75,0,0,84,2,86,20,24,111,6,161,86,0,86,247
01/13/2021,SBA,CA,AWP,WE,Combined TRACON& Tower with Radar,20,19,39,6,84,0,2,71,4,77,20,21,110,10,161,134,6,140,301
01/14/2021,SBA,CA,AWP,WE,Combined TRACON& Tower with Radar,23,23,25,8,79,0,5,82,0,87,23,28,107,8,166,120,0,120,286
01/15/2021,SBA,CA,AWP,WE,Combined TRACON& Tower with Radar,23,19,29,6,77,0,0,79,5,84,23,19,108,11,161,44,4,48,209
01/16/2021,SBA,CA,AWP,WE,Combined TRACON& Tower with Radar,19,30,40,1,90,0,6,99,1,106,19,36,139,2,196,188,0,188,384
01/17/2021,SBA,CA,AWP,WE,Combined TRACON& Tower with Radar,23,22,20,0,65,0,1,129,1,131,23,23,149,1,196,96,0,96,292
01/18/2021,SBA,CA,AWP,WE,Combined TRACON& Tower with Radar,23,29,29,2,83,0,1,78,1,80,23,30,107,3,163,64,2,66,229
01/19/2021,SBA,CA,AWP,WE,Combined TRACON& Tower with Radar,19,16,21,5,61,0,1,4,3,8,19,17,25,8,69,106,4,110,179
01/20/2021,SBA,CA,AWP,WE,Combined TRACON& Tower with Radar,18,18,25,4,65,0,2,60,0,62,18,20,85,4,127,176,0,176,303
01/21/2021,SBA,CA,AWP,WE,Combined TRACON& Tower with Radar,23,32,45,0,100,0,0,111,2,113,23,32,156,2,213,126,10,136,349
01/22/2021,SBA,CA,AWP,WE,Combined TRACON& Tower with Radar,23,18,48,0,89,0,4,29,0,33,23,22,77,0,122,98,0,98,220
01/23/2021,SBA,CA,AWP,WE,Combined TRACON& Tower with Radar,19,13,34,0,66,0,0,24,0,24,19,13,58,0,90,76,0,76,166
01/24/2021,SBA,CA,AWP,WE,Combined TRACON& Tower with Radar,22,22,34,0,78,0,0,51,0,51,22,22,85,0,129,80,0,80,209
01/25/2021,SBA,CA,AWP,WE,Combined TRACON& Tower with Radar,25,16,23,0,64,0,0,6,1,7,25,16,29,1,71,0,0,0,71
01/26/2021,SBA,CA,AWP,WE,Combined TRACON& Tower with Radar,19,23,59,2,103,0,2,71,1,74,19,25,130,3,177,60,0,60,237
01/27/2021,SBA,CA,AWP,WE,Combined TRACON& Tower with Radar,19,17,16,0,52,0,0,0,0,0,19,17,16,0,52,0,0,0,52
01/28/2021,SBA,CA,AWP,WE,Combined TRACON& Tower with Radar,23,13,9,0,45,0,0,0,0,0,23,13,9,0,45,6,0,6,51
01/29/2021,SBA,CA,AWP,WE,Combined TRACON& Tower with Radar,22,21,51,0,94,0,0,14,0,14,22,21,65,0,108,94,2,96,204
01/30/2021,SBA,CA,AWP,WE,Combined TRACON& Tower with Radar,19,18,47,0,84,0,2,144,0,146,19,20,191,0,230,116,0,116,346
01/31/2021,SBA,CA,AWP,WE,Combined TRACON& Tower with Radar,23,22,40,0,85,0,2,96,0,98,23,24,136,0,183,48,0,48,231
02/01/2021,SBA,CA,AWP,WE,Combined TRACON& Tower with Radar,24,18,27,2,71,0,2,57,0,59,24,20,84,2,130,90,0,90,220
02/02/2021,SBA,CA,AWP,WE,Combined TRACON& Tower with Radar,20,22,19,0,61,0,5,54,0,59,20,27,73,0,120,164,0,164,284
02/03/2021,SBA,CA,AWP,WE,Combined TRACON& Tower with Radar,19,20,29,0,68,0,5,83,0,88,19,25,112,0,156,150,0,150,306
02/04/2021,SBA,CA,AWP,WE,Combined TRACON& Tower with Radar,24,33,47,0,104,0,3,98,0,101,24,36,145,0,205,184,0,184,389
02/05/2021,SBA,CA,AWP,WE,Combined TRACON& Tower with Radar,23,24,44,0,91,0,0,112,0,112,23,24,156,0,203,92,0,92,295
02/06/2021,SBA,CA,AWP,WE,Combined TRACON& Tower with Radar,20,18,34,0,72,0,0,149,0,149,20,18,183,0,221,138,0,138,359
02/07/2021,SBA,CA,AWP,WE,Combined TRACON& Tower with Radar,24,23,47,0,94,0,1,68,0,69,24,24,115,0,163,94,0,94,257
02/08/2021,SBA,CA,AWP,WE,Combined TRACON& Tower with Radar,25,19,57,2,103,0,0,19,0,19,25,19,76,2,122,38,0,38,160
02/09/2021,SBA,CA,AWP,WE,Combined TRACON& Tower with Radar,20,31,44,0,95,0,2,7,0,9,20,33,51,0,104,80,0,80,184
02/10/2021,SBA,CA,AWP,WE,Combined TRACON& Tower with Radar,20,36,42,0,98,0,1,85,4,90,20,37,127,4,188,74,4,78,266
02/11/2021,SBA,CA,AWP,WE,Combined TRACON& Tower with Radar,21,35,55,1,112,0,0,35,2,37,21,35,90,3,149,80,0,80,229
02/12/2021,SBA,CA,AWP,WE,Combined TRACON& Tower with Radar,24,39,32,2,97,0,1,37,0,38,24,40,69,2,135,60,0,60,195
02/13/2021,SBA,CA,AWP,WE,Combined TRACON& Tower with Radar,16,22,20,0,58,0,0,31,0,31,16,22,51,0,89,84,0,84,173
02/14/2021,SBA,CA,AWP,WE,Combined TRACON& Tower with Radar,17,27,29,0,73,0,0,62,0,62,17,27,91,0,135,60,0,60,195
02/15/2021,SBA,CA,AWP,WE,Combined TRACON& Tower with Radar,19,32,44,0,95,0,5,49,0,54,19,37,93,0,149,136,0,136,285
02/16/2021,SBA,CA,AWP,WE,Combined TRACON& Tower with Radar,15,36,30,2,83,0,0,51,0,51,15,36,81,2,134,24,0,24,158
02/17/2021,SBA,CA,AWP,WE,Combined TRACON& Tower with Radar,18,32,44,16,110,0,1,41,3,45,18,33,85,19,155,64,6,70,225
02/18/2021,SBA,CA,AWP,WE,Combined TRACON& Tower with Radar,21,28,45,4,98,0,2,93,1,96,21,30,138,5,194,100,12,112,306
02/19/2021,SBA,CA,AWP,WE,Combined TRACON& Tower with Radar,23,30,33,13,99,0,1,107,3,111,23,31,140,16,210,180,2,182,392
02/20/2021,SBA,CA,AWP,WE,Combined TRACON& Tower with Radar,21,31,26,1,79,0,2,33,2,37,21,33,59,3,116,10,0,10,126
02/21/2021,SBA,CA,AWP,WE,Combined TRACON& Tower with Radar,23,32,54,2,111,0,0,143,1,144,23,32,197,3,255,254,0,254,509
02/22/2021,SBA,CA,AWP,WE,Combined TRACON& Tower with Radar,23,18,44,2,87,0,0,67,2,69,23,18,111,4,156,98,0,98,254
02/23/2021,SBA,CA,AWP,WE,Combined TRACON& Tower with Radar,19,17,38,16,90,0,1,68,0,69,19,18,106,16,159,46,14,60,219
02/24/2021,SBA,CA,AWP,WE,Combined TRACON& Tower with Radar,19,31,21,1,72,0,3,94,0,97,19,34,115,1,169,104,0,104,273
02/25/2021,SBA,CA,AWP,WE,Combined TRACON& Tower with Radar,23,26,30,0,79,0,2,50,0,52,23,28,80,0,131,112,0,112,243
02/26/2021,SBA,CA,AWP,WE,Combined TRACON& Tower with Radar,23,35,45,0,103,0,2,97,0,99,23,37,142,0,202,120,0,120,322
02/27/2021,SBA,CA,AWP,WE,Combined TRACON& Tower with Radar,21,21,25,2,69,0,0,66,2,68,21,21,91,4,137,62,0,62,199
02/28/2021,SBA,CA,AWP,WE,Combined TRACON& Tower with Radar,23,33,50,2,108,0,2,85,0,87,23,35,135,2,195,198,0,198,393
03/01/2021,SBA,CA,AWP,WE,Combined TRACON& Tower with Radar,23,35,33,0,91,0,0,77,0,77,23,35,110,0,168,72,0,72,240
03/02/2021,SBA,CA,AWP,WE,Combined TRACON& Tower with Radar,21,28,43,0,92,0,7,78,0,85,21,35,121,0,177,98,2,100,277
03/03/2021,SBA,CA,AWP,WE,Combined TRACON& Tower with Radar,19,36,49,1,105,0,1,16,2,19,19,37,65,3,124,88,0,88,212
03/04/2021,SBA,CA,AWP,WE,Combined TRACON& Tower with Radar,20,35,46,6,107,0,4,125,2,131,20,39,171,8,238,152,4,156,394
03/05/2021,SBA,CA,AWP,WE,Combined TRACON& Tower with Radar,23,32,45,2,102,0,0,103,3,106,23,32,148,5,208,212,2,214,422
03/06/2021,SBA,CA,AWP,WE,Combined TRACON& Tower with Radar,23,19,38,0,80,0,5,111,1,117,23,24,149,1,197,94,0,94,291
03/07/2021,SBA,CA,AWP,WE,Combined TRACON& Tower with Radar,23,23,83,1,130,0,0,30,0,30,23,23,113,1,160,116,0,116,276
03/08/2021,SBA,CA,AWP,WE,Combined TRACON& Tower with Radar,23,23,39,7,92,0,0,40,3,43,23,23,79,10,135,94,6,100,235
03/09/2021,SBA,CA,AWP,WE,Combined TRACON& Tower with Radar,20,33,31,1,85,0,0,20,0,20,20,33,51,1,105,52,0,52,157
03/10/2021,SBA,CA,AWP,WE,Combined TRACON& Tower with Radar,20,26,32,3,81,0,1,3,0,4,20,27,35,3,85,72,0,72,157
03/11/2021,SBA,CA,AWP,WE,Combined TRACON& Tower with Radar,23,34,45,2,104,0,0,32,10,42,23,34,77,12,146,40,2,42,188
03/12/2021,SBA,CA,AWP,WE,Combined TRACON& Tower with Radar,23,43,40,2,108,0,3,43,3,49,23,46,83,5,157,56,14,70,227
03/13/2021,SBA,CA,AWP,WE,Combined TRACON& Tower with Radar,23,22,31,0,76,0,0,69,1,70,23,22,100,1,146,54,0,54,200
03/14/2021,SBA,CA,AWP,WE,Combined TRACON& Tower with Radar,22,33,50,1,106,0,0,49,2,51,22,33,99,3,157,176,0,176,333
03/15/2021,SBA,CA,AWP,WE,Combined TRACON& Tower with Radar,22,25,31,0,78,0,0,8,2,10,22,25,39,2,88,6,0,6,94
03/16/2021,SBA,CA,AWP,WE,Combined TRACON& Tower with Radar,19,30,48,8,105,0,3,112,0,115,19,33,160,8,220,174,2,176,396
03/17/2021,SBA,CA,AWP,WE,Combined TRACON& Tower with Radar,19,28,35,3,85,0,4,91,1,96,19,32,126,4,181,232,4,236,417
03/18/2021,SBA,CA,AWP,WE,Combined TRACON& Tower with Radar,23,30,43,3,99,0,1,109,8,118,23,31,152,11,217,124,10,134,351
03/19/2021,SBA,CA,AWP,WE,Combined TRACON& Tower with Radar,23,34,45,0,102,0,2,63,3,68,23,36,108,3,170,100,0,100,270
03/20/2021,SBA,CA,AWP,WE,Combined TRACON& Tower with Radar,23,32,50,0,105,0,1,52,1,54,23,33,102,1,159,88,0,88,247
03/21/2021,SBA,CA,AWP,WE,Combined TRACON& Tower with Radar,24,42,33,1,100,0,0,76,1,77,24,42,109,2,177,68,0,68,245
03/22/2021,SBA,CA,AWP,WE,Combined TRACON& Tower with Radar,23,36,34,2,95,0,1,71,0,72,23,37,105,2,167,46,2,48,215
03/23/2021,SBA,CA,AWP,WE,Combined TRACON& Tower with Radar,20,19,48,11,98,0,1,52,4,57,20,20,100,15,155,80,22,102,257
03/24/2021,SBA,CA,AWP,WE,Combined TRACON& Tower with Radar,20,34,36,2,92,0,1,81,0,82,20,35,117,2,174,72,2,74,248
03/25/2021,SBA,CA,AWP,WE,Combined TRACON& Tower with Radar,23,28,39,4,94,0,6,28,1,35,23,34,67,5,129,55,2,57,186
03/26/2021,SBA,CA,AWP,WE,Combined TRACON& Tower with Radar,23,29,69,6,127,0,5,100,1,106,23,34,169,7,233,146,0,146,379
03/27/2021,SBA,CA,AWP,WE,Combined TRACON& Tower with Radar,23,31,45,1,100,0,3,129,1,133,23,34,174,2,233,148,0,148,381
03/28/2021,SBA,CA,AWP,WE,Combined TRACON& Tower with Radar,21,29,50,0,100,0,1,147,1,149,21,30,197,1,249,66,0,66,315
03/29/2021,SBA,CA,AWP,WE,Combined TRACON& Tower with Radar,24,32,35,0,91,0,4,107,1,112,24,36,142,1,203,86,0,86,289
03/30/2021,SBA,CA,AWP,WE,Combined TRACON& Tower with Radar,21,26,48,0,95,0,0,66,0,66,21,26,114,0,161,162,0,162,323
03/31/2021,SBA,CA,AWP,WE,Combined TRACON& Tower with Radar,21,33,37,2,93,0,4,74,0,78,21,37,111,2,171,162,2,164,335
04/01/2021,SBA,CA,AWP,WE,Combined TRACON& Tower with Radar,23,36,47,12,118,0,0,110,3,113,23,36,157,15,231,126,12,138,369
04/02/2021,SBA,CA,AWP,WE,Combined TRACON& Tower with Radar,24,33,39,0,96,0,1,85,2,88,24,34,124,2,184,76,0,76,260
04/03/2021,SBA,CA,AWP,WE,Combined TRACON& Tower with Radar,23,28,60,0,111,0,4,112,2,118,23,32,172,2,229,106,0,106,335
04/04/2021,SBA,CA,AWP,WE,Combined TRACON& Tower with Radar,27,25,38,5,95,0,0,70,2,72,27,25,108,7,167,62,0,62,229
04/05/2021,SBA,CA,AWP,WE,Combined TRACON& Tower with Radar,25,33,48,2,108,0,2,67,2,71,25,35,115,4,179,82,0,82,261
04/06/2021,SBA,CA,AWP,WE,Combined TRACON& Tower with Radar,23,32,49,5,109,0,1,75,2,78,23,33,124,7,187,58,4,62,249
04/07/2021,SBA,CA,AWP,WE,Combined TRACON& Tower with Radar,23,26,52,4,105,0,6,91,2,99,23,32,143,6,204,0,0,0,204
04/08/2021,SBA,CA,AWP,WE,Combined TRACON& Tower with Radar,25,31,38,0,94,0,6,93,5,104,25,37,131,5,198,142,0,142,340
04/09/2021,SBA,CA,AWP,WE,Combined TRACON& Tower with Radar,26,25,39,0,90,0,1,97,3,101,26,26,136,3,191,96,0,96,287
04/10/2021,SBA,CA,AWP,WE,Combined TRACON& Tower with Radar,23,25,43,3,94,0,0,93,1,94,23,25,136,4,188,164,2,166,354
04/11/2021,SBA,CA,AWP,WE,Combined TRACON& Tower with Radar,25,36,43,1,105,0,0,99,4,103,25,36,142,5,208,96,0,96,304
04/12/2021,SBA,CA,AWP,WE,Combined TRACON& Tower with Radar,34,23,42,5,104,0,0,27,1,28,34,23,69,6,132,96,4,100,232
04/13/2021,SBA,CA,AWP,WE,Combined TRACON& Tower with Radar,33,30,49,1,113,0,1,14,1,16,33,31,63,2,129,64,0,64,193
04/14/2021,SBA,CA,AWP,WE,Combined TRACON& Tower with Radar,33,38,46,3,120,0,0,58,0,58,33,38,104,3,178,116,0,116,294
04/15/2021,SBA,CA,AWP,WE,Combined TRACON& Tower with Radar,35,39,44,11,129,0,1,138,1,140,35,40,182,12,269,116,2,118,387
04/16/2021,SBA,CA,AWP,WE,Combined TRACON& Tower with Radar,35,44,44,1,124,0,0,121,1,122,35,44,165,2,246,38,0,38,284
04/17/2021,SBA,CA,AWP,WE,Combined TRACON& Tower with Radar,33,14,30,0,77,0,5,107,2,114,33,19,137,2,191,86,4,90,281
04/18/2021,SBA,CA,AWP,WE,Combined TRACON& Tower with Radar,35,34,41,0,110,0,2,80,6,88,35,36,121,6,198,74,0,74,272
04/19/2021,SBA,CA,AWP,WE,Combined TRACON& Tower with Radar,34,22,49,5,110,0,0,67,1,68,34,22,116,6,178,116,4,120,298
04/20/2021,SBA,CA,AWP,WE,Combined TRACON& Tower with Radar,31,24,41,3,99,0,1,73,0,74,31,25,114,3,173,104,0,104,277
04/21/2021,SBA,CA,AWP,WE,Combined TRACON& Tower with Radar,33,37,52,1,123,0,1,52,2,55,33,38,104,3,178,118,0,118,296
04/22/2021,SBA,CA,AWP,WE,Combined TRACON& Tower with Radar,36,28,63,0,127,0,0,37,2,39,36,28,100,2,166,136,0,136,302
04/23/2021,SBA,CA,AWP,WE,Combined TRACON& Tower with Radar,35,30,83,1,149,0,3,50,0,53,35,33,133,1,202,116,0,116,318
04/24/2021,SBA,CA,AWP,WE,Combined TRACON& Tower with Radar,33,26,58,1,118,0,0,67,0,67,33,26,125,1,185,128,0,128,313
04/25/2021,SBA,CA,AWP,WE,Combined TRACON& Tower with Radar,35,33,73,6,147,0,1,39,0,40,35,34,112,6,187,130,4,134,321
04/26/2021,SBA,CA,AWP,WE,Combined TRACON& Tower with Radar,35,29,28,6,98,0,2,64,1,67,35,31,92,7,165,30,14,44,209
04/27/2021,SBA,CA,AWP,WE,Combined TRACON& Tower with Radar,32,20,42,0,94,0,3,90,0,93,32,23,132,0,187,114,2,116,303
04/28/2021,SBA,CA,AWP,WE,Combined TRACON& Tower with Radar,36,20,28,0,84,0,1,96,0,97,36,21,124,0,181,92,2,94,275
04/29/2021,SBA,CA,AWP,WE,Combined TRACON& Tower with Radar,35,31,40,0,106,0,0,137,0,137,35,31,177,0,243,146,0,146,389
04/30/2021,SBA,CA,AWP,WE,Combined TRACON& Tower with Radar,35,28,48,0,111,0,3,123,0,126,35,31,171,0,237,68,0,68,305
05/01/2021,SBA,CA,AWP,WE,Combined TRACON& Tower with Radar,33,20,51,0,104,0,0,127,0,127,33,20,178,0,231,158,0,158,389
05/02/2021,SBA,CA,AWP,WE,Combined TRACON& Tower with Radar,34,31,42,0,107,0,2,85,0,87,34,33,127,0,194,74,0,74,268
05/03/2021,SBA,CA,AWP,WE,Combined TRACON& Tower with Radar,35,35,42,1,113,0,2,94,2,98,35,37,136,3,211,50,10,60,271
05/04/2021,SBA,CA,AWP,WE,Combined TRACON& Tower with Radar,33,34,41,3,111,0,0,71,3,74,33,34,112,6,185,98,0,98,283
05/05/2021,SBA,CA,AWP,WE,Combined TRACON& Tower with Radar,32,33,64,0,129,0,0,21,0,21,32,33,85,0,150,24,0,24,174
05/06/2021,SBA,CA,AWP,WE,Combined TRACON& Tower with Radar,36,41,99,6,182,0,0,7,0,7,36,41,106,6,189,18,0,18,207
05/07/2021,SBA,CA,AWP,WE,Combined TRACON& Tower with Radar,36,35,61,4,136,0,1,58,0,59,36,36,119,4,195,106,0,106,301
05/08/2021,SBA,CA,AWP,WE,Combined TRACON& Tower with Radar,41,36,45,0,122,0,1,119,0,120,41,37,164,0,242,134,0,134,376
05/09/2021,SBA,CA,AWP,WE,Combined TRACON& Tower with Radar,39,41,50,0,130,0,0,29,4,33,39,41,79,4,163,96,0,96,259
05/10/2021,SBA,CA,AWP,WE,Combined TRACON& Tower with Radar,36,42,56,2,136,0,1,8,2,11,36,43,64,4,147,4,0,4,151
05/11/2021,SBA,CA,AWP,WE,Combined TRACON& Tower with Radar,34,33,55,10,132,0,0,32,1,33,34,33,87,11,165,44,6,50,215
05/12/2021,SBA,CA,AWP,WE,Combined TRACON& Tower with Radar,36,37,90,4,167,0,1,2,0,3,36,38,92,4,170,0,4,4,174
05/13/2021,SBA,CA,AWP,WE,Combined TRACON& Tower with Radar,38,42,98,2,180,0,0,1,0,1,38,42,99,2,181,4,2,6,187
05/14/2021,SBA,CA,AWP,WE,Combined TRACON& Tower with Radar,39,35,83,0,157,0,4,2,0,6,39,39,85,0,163,10,0,10,173
05/15/2021,SBA,CA,AWP,WE,Combined TRACON& Tower with Radar,39,29,41,0,109,0,1,43,7,51,39,30,84,7,160,266,0,266,426
05/16/2021,SBA,CA,AWP,WE,Combined TRACON& Tower with Radar,39,32,49,0,120,0,0,46,0,46,39,32,95,0,166,170,2,172,338
05/17/2021,SBA,CA,AWP,WE,Combined TRACON& Tower with Radar,37,24,66,0,127,0,0,41,0,41,37,24,107,0,168,88,0,88,256
05/18/2021,SBA,CA,AWP,WE,Combined TRACON& Tower with Radar,33,27,35,6,101,0,0,79,0,79,33,27,114,6,180,118,6,124,304
05/19/2021,SBA,CA,AWP,WE,Combined TRACON& Tower with Radar,35,42,42,3,122,0,4,89,0,93,35,46,131,3,215,74,0,74,289
05/20/2021,SBA,CA,AWP,WE,Combined TRACON& Tower with Radar,38,39,54,5,136,0,4,90,2,96,38,43,144,7,232,120,0,120,352
05/21/2021,SBA,CA,AWP,WE,Combined TRACON& Tower with Radar,39,33,34,4,110,0,1,62,1,64,39,34,96,5,174,26,8,34,208
05/22/2021,SBA,CA,AWP,WE,Combined TRACON& Tower with Radar,38,22,47,0,107,0,0,104,0,104,38,22,151,0,211,162,0,162,373
05/23/2021,SBA,CA,AWP,WE,Combined TRACON& Tower with Radar,39,34,38,0,111,0,7,122,0,129,39,41,160,0,240,150,2,152,392
05/24/2021,SBA,CA,AWP,WE,Combined TRACON& Tower with Radar,37,51,33,4,125,0,0,124,0,124,37,51,157,4,249,96,6,102,351
05/25/2021,SBA,CA,AWP,WE,Combined TRACON& Tower with Radar,33,35,30,4,102,0,1,98,0,99,33,36,128,4,201,104,0,104,305
05/26/2021,SBA,CA,AWP,WE,Combined TRACON& Tower with Radar,35,37,53,3,128,0,8,99,0,107,35,45,152,3,235,196,2,198,433
05/27/2021,SBA,CA,AWP,WE,Combined TRACON& Tower with Radar,37,45,69,2,153,0,1,60,1,62,37,46,129,3,215,140,0,140,355
05/28/2021,SBA,CA,AWP,WE,Combined TRACON& Tower with Radar,37,63,75,0,175,0,1,90,0,91,37,64,165,0,266,74,0,74,340
05/29/2021,SBA,CA,AWP,WE,Combined TRACON& Tower with Radar,38,33,44,0,115,0,0,51,2,53,38,33,95,2,168,122,0,122,290
05/30/2021,SBA,CA,AWP,WE,Combined TRACON& Tower with Radar,38,21,30,0,89,0,2,89,0,91,38,23,119,0,180,200,0,200,380
05/31/2021,SBA,CA,AWP,WE,Combined TRACON& Tower with Radar,36,54,63,0,153,0,2,67,1,70,36,56,130,1,223,56,0,56,279
06/01/2021,SBA,CA,AWP,WE,Combined TRACON& Tower with Radar,33,59,52,0,144,0,0,18,0,18,33,59,70,0,162,38,0,38,200
06/02/2021,SBA,CA,AWP,WE,Combined TRACON& Tower with Radar,35,50,58,2,145,0,3,37,0,40,35,53,95,2,185,50,0,50,235
06/03/2021,SBA,CA,AWP,WE,Combined TRACON& Tower with Radar,37,45,77,0,159,0,1,60,0,61,37,46,137,0,220,82,0,82,302
06/04/2021,SBA,CA,AWP,WE,Combined TRACON& Tower with Radar,36,48,54,0,138,0,3,45,0,48,36,51,99,0,186,10,0,10,196
06/05/2021,SBA,CA,AWP,WE,Combined TRACON& Tower with Radar,37,35,49,0,121,0,0,55,0,55,37,35,104,0,176,74,0,74,250
06/06/2021,SBA,CA,AWP,WE,Combined TRACON& Tower with Radar,35,47,57,0,139,0,0,54,0,54,35,47,111,0,193,116,0,116,309
06/07/2021,SBA,CA,AWP,WE,Combined TRACON& Tower with Radar,35,28,49,1,113,0,0,21,1,22,35,28,70,2,135,72,0,72,207
06/08/2021,SBA,CA,AWP,WE,Combined TRACON& Tower with Radar,35,43,46,0,124,0,0,77,0,77,35,43,123,0,201,130,0,130,331
06/09/2021,SBA,CA,AWP,WE,Combined TRACON& Tower with Radar,35,41,35,2,113,0,4,80,7,91,35,45,115,9,204,54,10,64,268
06/10/2021,SBA,CA,AWP,WE,Combined TRACON& Tower with Radar,33,37,35,0,105,0,2,90,0,92,33,39,125,0,197,114,0,114,311
06/11/2021,SBA,CA,AWP,WE,Combined TRACON& Tower with Radar,36,47,46,4,133,0,1,136,0,137,36,48,182,4,270,182,0,182,452
06/12/2021,SBA,CA,AWP,WE,Combined TRACON& Tower with Radar,38,31,34,1,104,0,6,115,2,123,38,37,149,3,227,82,0,82,309
06/13/2021,SBA,CA,AWP,WE,Combined TRACON& Tower with Radar,37,32,48,0,117,0,0,91,0,91,37,32,139,0,208,156,0,156,364
06/14/2021,SBA,CA,AWP,WE,Combined TRACON& Tower with Radar,36,39,44,0,119,0,1,89,2,92,36,40,133,2,211,126,0,126,337
06/15/2021,SBA,CA,AWP,WE,Combined TRACON& Tower with Radar,35,35,55,2,127,0,0,75,0,75,35,35,130,2,202,98,2,100,302
06/16/2021,SBA,CA,AWP,WE,Combined TRACON& Tower with Radar,33,34,53,4,124,0,3,100,0,103,33,37,153,4,227,120,0,120,347
06/17/2021,SBA,CA,AWP,WE,Combined TRACON& Tower with Radar,38,36,54,5,133,0,0,13,0,13,38,36,67,5,146,8,2,10,156
06/18/2021,SBA,CA,AWP,WE,Combined TRACON& Tower with Radar,38,48,105,0,191,0,0,15,0,15,38,48,120,0,206,6,0,6,212
06/19/2021,SBA,CA,AWP,WE,Combined TRACON& Tower with Radar,39,30,83,1,153,0,1,46,0,47,39,31,129,1,200,58,0,58,258
06/20/2021,SBA,CA,AWP,WE,Combined TRACON& Tower with Radar,38,33,66,0,137,0,0,23,0,23,38,33,89,0,160,4,0,4,164
06/21/2021,SBA,CA,AWP,WE,Combined TRACON& Tower with Radar,36,43,81,0,160,0,0,46,0,46,36,43,127,0,206,16,0,16,222
06/22/2021,SBA,CA,AWP,WE,Combined TRACON& Tower with Radar,35,34,45,0,114,0,0,71,0,71,35,34,116,0,185,50,0,50,235
06/23/2021,SBA,CA,AWP,WE,Combined TRACON& Tower with Radar,43,48,27,1,119,0,1,97,3,101,43,49,124,4,220,116,0,116,336
06/24/2021,SBA,CA,AWP,WE,Combined TRACON& Tower with Radar,36,33,45,2,116,0,1,79,2,82,36,34,124,4,198,80,0,80,278
06/25/2021,SBA,CA,AWP,WE,Combined TRACON& Tower with Radar,36,45,53,2,136,0,0,107,1,108,36,45,160,3,244,64,0,64,308
06/26/2021,SBA,CA,AWP,WE,Combined TRACON& Tower with Radar,38,36,43,2,119,0,4,124,0,128,38,40,167,2,247,150,0,150,397
06/27/2021,SBA,CA,AWP,WE,Combined TRACON& Tower with Radar,38,37,67,2,144,0,2,124,0,126,38,39,191,2,270,224,0,224,494
06/28/2021,SBA,CA,AWP,WE,Combined TRACON& Tower with Radar,36,45,46,0,127,0,0,62,0,62,36,45,108,0,189,64,0,64,253
06/29/2021,SBA,CA,AWP,WE,Combined TRACON& Tower with Radar,37,44,50,9,140,0,0,25,0,25,37,44,75,9,165,32,8,40,205
06/30/2021,SBA,CA,AWP,WE,Combined TRACON& Tower with Radar,37,35,51,2,125,0,0,31,0,31,37,35,82,2,156,46,0,46,202
07/01/2021,SBA,CA,AWP,WE,Combined TRACON& Tower with Radar,35,51,67,5,158,0,3,82,0,85,35,54,149,5,243,194,0,194,437
07/02/2021,SBA,CA,AWP,WE,Combined TRACON& Tower with Radar,39,38,73,0,150,0,0,85,0,85,39,38,158,0,235,98,0,98,333
07/03/2021,SBA,CA,AWP,WE,Combined TRACON& Tower with Radar,38,32,32,0,102,0,0,102,0,102,38,32,134,0,204,108,0,108,312
07/04/2021,SBA,CA,AWP,WE,Combined TRACON& Tower with Radar,37,19,35,0,91,0,1,48,0,49,37,20,83,0,140,22,0,22,162
07/05/2021,SBA,CA,AWP,WE,Combined TRACON& Tower with Radar,39,24,57,0,120,0,0,113,0,113,39,24,170,0,233,110,0,110,343
07/06/2021,SBA,CA,AWP,WE,Combined TRACON& Tower with Radar,39,52,73,2,166,0,0,51,1,52,39,52,124,3,218,76,2,78,296
07/07/2021,SBA,CA,AWP,WE,Combined TRACON& Tower with Radar,33,48,42,1,124,0,0,72,1,73,33,48,114,2,197,198,0,198,395
07/08/2021,SBA,CA,AWP,WE,Combined TRACON& Tower with Radar,39,46,46,3,134,0,2,105,4,111,39,48,151,7,245,188,0,188,433
07/09/2021,SBA,CA,AWP,WE,Combined TRACON& Tower with Radar,38,49,43,3,133,0,1,128,2,131,38,50,171,5,264,114,0,114,378
07/10/2021,SBA,CA,AWP,WE,Combined TRACON& Tower with Radar,41,33,27,2,103,0,0,99,0,99,41,33,126,2,202,100,0,100,302
07/11/2021,SBA,CA,AWP,WE,Combined TRACON& Tower with Radar,42,22,48,0,112,0,0,124,0,124,42,22,172,0,236,106,0,106,342
07/12/2021,SBA,CA,AWP,WE,Combined TRACON& Tower with Radar,39,45,36,2,122,0,0,76,4,80,39,45,112,6,202,58,0,58,260
07/13/2021,SBA,CA,AWP,WE,Combined TRACON& Tower with Radar,39,36,48,13,136,0,0,61,0,61,39,36,109,13,197,88,10,98,295
07/14/2021,SBA,CA,AWP,WE,Combined TRACON& Tower with Radar,34,38,41,0,113,0,0,65,0,65,34,38,106,0,178,74,0,74,252
07/15/2021,SBA,CA,AWP,WE,Combined TRACON& Tower with Radar,39,51,55,0,145,0,0,58,0,58,39,51,113,0,203,122,0,122,325
07/16/2021,SBA,CA,AWP,WE,Combined TRACON& Tower with Radar,39,46,61,9,155,0,0,80,1,81,39,46,141,10,236,152,0,152,388
07/17/2021,SBA,CA,AWP,WE,Combined TRACON& Tower with Radar,41,29,38,3,111,0,2,111,0,113,41,31,149,3,224,106,2,108,332
07/18/2021,SBA,CA,AWP,WE,Combined TRACON& Tower with Radar,41,43,39,0,123,0,0,83,0,83,41,43,122,0,206,114,0,114,320
07/19/2021,SBA,CA,AWP,WE,Combined TRACON& Tower with Radar,41,35,37,6,119,0,0,86,0,86,41,35,123,6,205,76,0,76,281
07/20/2021,SBA,CA,AWP,WE,Combined TRACON& Tower with Radar,37,38,42,4,121,0,2,103,0,105,37,40,145,4,226,88,0,88,314
07/21/2021,SBA,CA,AWP,WE,Combined TRACON& Tower with Radar,35,44,46,6,131,0,3,100,3,106,35,47,146,9,237,146,0,146,383
07/22/2021,SBA,CA,AWP,WE,Combined TRACON& Tower with Radar,38,37,52,10,137,0,4,124,7,135,38,41,176,17,272,150,8,158,430
07/23/2021,SBA,CA,AWP,WE,Combined TRACON& Tower with Radar,40,45,43,6,134,0,1,85,0,86,40,46,128,6,220,190,4,194,414
07/24/2021,SBA,CA,AWP,WE,Combined TRACON& Tower with Radar,41,33,87,1,162,0,0,19,0,19,41,33,106,1,181,8,0,8,189
07/25/2021,SBA,CA,AWP,WE,Combined TRACON& Tower with Radar,42,41,64,0,147,0,0,45,0,45,42,41,109,0,192,74,0,74,266
07/26/2021,SBA,CA,AWP,WE,Combined TRACON& Tower with Radar,39,46,67,1,153,0,1,54,1,56,39,47,121,2,209,124,0,124,333
07/27/2021,SBA,CA,AWP,WE,Combined TRACON& Tower with Radar,41,47,51,8,147,0,2,49,0,51,41,49,100,8,198,176,0,176,374
07/28/2021,SBA,CA,AWP,WE,Combined TRACON& Tower with Radar,35,48,33,5,121,0,0,71,0,71,35,48,104,5,192,219,0,219,411
07/29/2021,SBA,CA,AWP,WE,Combined TRACON& Tower with Radar,38,43,40,4,125,0,3,82,0,85,38,46,122,4,210,120,4,124,334
07/30/2021,SBA,CA,AWP,WE,Combined TRACON& Tower with Radar,39,43,49,10,141,0,0,85,0,85,39,43,134,10,226,108,12,120,346
07/31/2021,SBA,CA,AWP,WE,Combined TRACON& Tower with Radar,42,31,59,0,132,0,0,64,0,64,42,31,123,0,196,156,0,156,352
08/01/2021,SBA,CA,AWP,WE,Combined TRACON& Tower with Radar,35,59,48,0,142,0,0,120,1,121,35,59,168,1,263,46,0,46,309
08/02/2021,SBA,CA,AWP,WE,Combined TRACON& Tower with Radar,33,44,26,0,103,0,0,91,0,91,33,44,117,0,194,138,0,138,332
08/03/2021,SBA,CA,AWP,WE,Combined TRACON& Tower with Radar,35,44,31,11,121,0,0,99,5,104,35,44,130,16,225,150,16,166,391
08/04/2021,SBA,CA,AWP,WE,Combined TRACON& Tower with Radar,35,51,44,8,138,0,1,89,0,90,35,52,133,8,228,188,8,196,424
08/05/2021,SBA,CA,AWP,WE,Combined TRACON& Tower with Radar,39,45,49,2,135,0,1,98,0,99,39,46,147,2,234,178,0,178,412
08/06/2021,SBA,CA,AWP,WE,Combined TRACON& Tower with Radar,31,54,47,1,133,0,0,88,7,95,31,54,135,8,228,238,54,292,520
08/07/2021,SBA,CA,AWP,WE,Combined TRACON& Tower with Radar,38,35,78,0,151,0,0,58,1,59,38,35,136,1,210,54,0,54,264
08/08/2021,SBA,CA,AWP,WE,Combined TRACON& Tower with Radar,35,52,74,0,161,0,0,43,0,43,35,52,117,0,204,34,0,34,238
08/09/2021,SBA,CA,AWP,WE,Combined TRACON& Tower with Radar,34,45,51,3,133,0,0,58,3,61,34,45,109,6,194,86,2,88,282
08/10/2021,SBA,CA,AWP,WE,Combined TRACON& Tower with Radar,35,42,49,2,128,0,0,63,0,63,35,42,112,2,191,0,0,0,191
08/11/2021,SBA,CA,AWP,WE,Combined TRACON& Tower with Radar,33,51,50,1,135,0,2,90,1,93,33,53,140,2,228,196,20,216,444
08/12/2021,SBA,CA,AWP,WE,Combined TRACON& Tower with Radar,37,61,38,2,138,0,0,114,1,115,37,61,152,3,253,206,2,208,461
08/13/2021,SBA,CA,AWP,WE,Combined TRACON& Tower with Radar,36,43,48,0,127,0,3,114,4,121,36,46,162,4,248,80,0,80,328
08/14/2021,SBA,CA,AWP,WE,Combined TRACON& Tower with Radar,37,39,47,0,123,0,0,76,0,76,37,39,123,0,199,142,0,142,341
08/15/2021,SBA,CA,AWP,WE,Combined TRACON& Tower with Radar,39,48,71,0,158,0,0,119,4,123,39,48,190,4,281,138,0,138,419
08/16/2021,SBA,CA,AWP,WE,Combined TRACON& Tower with Radar,34,45,45,7,131,0,0,80,0,80,34,45,125,7,211,0,0,0,211
08/17/2021,SBA,CA,AWP,WE,Combined TRACON& Tower with Radar,31,41,63,3,138,0,0,44,0,44,31,41,107,3,182,86,0,86,268
08/18/2021,SBA,CA,AWP,WE,Combined TRACON& Tower with Radar,32,55,94,0,181,0,0,3,0,3,32,55,97,0,184,66,0,66,250
08/19/2021,SBA,CA,AWP,WE,Combined TRACON& Tower with Radar,36,38,39,8,121,0,0,54,1,55,36,38,93,9,176,130,4,134,310
08/20/2021,SBA,CA,AWP,WE,Combined TRACON& Tower with Radar,35,71,70,2,178,0,1,65,0,66,35,72,135,2,244,96,0,96,340
08/21/2021,SBA,CA,AWP,WE,Combined TRACON& Tower with Radar,35,41,50,0,126,0,3,20,2,25,35,44,70,2,151,84,0,84,235
08/22/2021,SBA,CA,AWP,WE,Combined TRACON& Tower with Radar,37,33,64,5,139,0,1,67,0,68,37,34,131,5,207,84,6,90,297
08/23/2021,SBA,CA,AWP,WE,Combined TRACON& Tower with Radar,35,43,60,4,142,0,2,53,0,55,35,45,113,4,197,84,4,88,285
08/24/2021,SBA,CA,AWP,WE,Combined TRACON& Tower with Radar,32,43,68,7,150,0,0,64,3,67,32,43,132,10,217,128,4,132,349
08/25/2021,SBA,CA,AWP,WE,Combined TRACON& Tower with Radar,33,46,35,6,120,0,0,94,0,94,33,46,129,6,214,70,4,74,288
08/26/2021,SBA,CA,AWP,WE,Combined TRACON& Tower with Radar,33,57,39,4,133,0,2,105,0,107,33,59,144,4,240,172,0,172,412
08/27/2021,SBA,CA,AWP,WE,Combined TRACON& Tower with Radar,36,55,53,0,144,0,3,110,2,115,36,58,163,2,259,78,2,80,339
08/28/2021,SBA,CA,AWP,WE,Combined TRACON& Tower with Radar,37,49,47,0,133,0,0,73,0,73,37,49,120,0,206,30,0,30,236
08/29/2021,SBA,CA,AWP,WE,Combined TRACON& Tower with Radar,36,55,80,0,171,0,0,89,0,89,36,55,169,0,260,22,0,22,282
08/30/2021,SBA,CA,AWP,WE,Combined TRACON& Tower with Radar,35,43,66,0,144,0,0,44,0,44,35,43,110,0,188,16,0,16,204
08/31/2021,SBA,CA,AWP,WE,Combined TRACON& Tower with Radar,33,34,48,4,119,0,0,31,2,33,33,34,79,6,152,86,4,90,242
09/01/2021,SBA,CA,AWP,WE,Combined TRACON& Tower with Radar,33,32,60,6,131,0,1,42,0,43,33,33,102,6,174,90,4,94,268
09/02/2021,SBA,CA,AWP,WE,Combined TRACON& Tower with Radar,35,39,64,1,139,0,1,80,1,82,35,40,144,2,221,102,0,102,323
09/03/2021,SBA,CA,AWP,WE,Combined TRACON& Tower with Radar,34,43,50,0,127,0,1,109,0,110,34,44,159,0,237,132,0,132,369
09/04/2021,SBA,CA,AWP,WE,Combined TRACON& Tower with Radar,37,33,49,0,119,0,1,73,0,74,37,34,122,0,193,58,0,58,251
09/05/2021,SBA,CA,AWP,WE,Combined TRACON& Tower with Radar,39,32,42,0,113,0,0,81,0,81,39,32,123,0,194,60,0,60,254
09/06/2021,SBA,CA,AWP,WE,Combined TRACON& Tower with Radar,35,49,62,1,147,0,1,87,0,88,35,50,149,1,235,150,0,150,385
09/07/2021,SBA,CA,AWP,WE,Combined TRACON& Tower with Radar,34,45,39,5,123,0,2,79,0,81,34,47,118,5,204,162,0,162,366
09/08/2021,SBA,CA,AWP,WE,Combined TRACON& Tower with Radar,36,44,50,9,139,0,1,21,0,22,36,45,71,9,161,22,6,28,189
09/09/2021,SBA,CA,AWP,WE,Combined TRACON& Tower with Radar,39,44,50,3,136,0,1,94,4,99,39,45,144,7,235,102,0,102,337
09/10/2021,SBA,CA,AWP,WE,Combined TRACON& Tower with Radar,38,36,46,1,121,0,3,92,0,95,38,39,138,1,216,134,0,134,350
09/11/2021,SBA,CA,AWP,WE,Combined TRACON& Tower with Radar,36,33,37,0,106,0,6,127,0,133,36,39,164,0,239,212,0,212,451
09/12/2021,SBA,CA,AWP,WE,Combined TRACON& Tower with Radar,40,38,58,0,136,0,0,104,2,106,40,38,162,2,242,106,0,106,348
09/13/2021,SBA,CA,AWP,WE,Combined TRACON& Tower with Radar,37,33,56,0,126,0,0,47,0,47,37,33,103,0,173,28,0,28,201
09/14/2021,SBA,CA,AWP,WE,Combined TRACON& Tower with Radar,37,38,41,4,120,0,2,53,0,55,37,40,94,4,175,60,6,66,241
09/15/2021,SBA,CA,AWP,WE,Combined TRACON& Tower with Radar,37,65,51,16,169,0,2,76,0,78,37,67,127,16,247,110,10,120,367
09/16/2021,SBA,CA,AWP,WE,Combined TRACON& Tower with Radar,39,47,56,2,144,0,0,63,0,63,39,47,119,2,207,122,0,122,329
09/17/2021,SBA,CA,AWP,WE,Combined TRACON& Tower with Radar,39,32,78,0,149,0,0,74,0,74,39,32,152,0,223,102,0,102,325
09/18/2021,SBA,CA,AWP,WE,Combined TRACON& Tower with Radar,35,33,35,0,103,0,1,87,0,88,35,34,122,0,191,138,0,138,329
09/19/2021,SBA,CA,AWP,WE,Combined TRACON& Tower with Radar,39,33,68,0,140,0,0,126,0,126,39,33,194,0,266,154,0,154,420
09/20/2021,SBA,CA,AWP,WE,Combined TRACON& Tower with Radar,37,29,31,0,97,0,1,80,0,81,37,30,111,0,178,114,2,116,294
09/21/2021,SBA,CA,AWP,WE,Combined TRACON& Tower with Radar,37,36,44,9,126,0,0,65,0,65,37,36,109,9,191,110,2,112,303
09/22/2021,SBA,CA,AWP,WE,Combined TRACON& Tower with Radar,36,48,47,0,131,0,2,86,0,88,36,50,133,0,219,158,0,158,377
09/23/2021,SBA,CA,AWP,WE,Combined TRACON& Tower with Radar,40,46,64,0,150,0,1,71,0,72,40,47,135,0,222,72,0,72,294
09/24/2021,SBA,CA,AWP,WE,Combined TRACON& Tower with Radar,39,45,95,7,186,0,0,6,0,6,39,45,101,7,192,12,4,16,208
09/25/2021,SBA,CA,AWP,WE,Combined TRACON& Tower with Radar,35,31,48,0,114,0,0,39,0,39,35,31,87,0,153,58,0,58,211
09/26/2021,SBA,CA,AWP,WE,Combined TRACON& Tower with Radar,38,51,98,0,187,0,1,4,0,5,38,52,102,0,192,65,0,65,257
09/27/2021,SBA,CA,AWP,WE,Combined TRACON& Tower with Radar,39,36,56,7,138,0,0,13,1,14,39,36,69,8,152,68,0,68,220
09/28/2021,SBA,CA,AWP,WE,Combined TRACON& Tower with Radar,36,46,44,15,141,0,1,38,2,41,36,47,82,17,182,96,4,100,282
09/29/2021,SBA,CA,AWP,WE,Combined TRACON& Tower with Radar,36,42,36,4,118,0,0,106,0,106,36,42,142,4,224,142,0,142,366
09/30/2021,SBA,CA,AWP,WE,Combined TRACON& Tower with Radar,38,48,32,4,122,0,2,97,0,99,38,50,129,4,221,132,0,132,353
10/01/2021,SBA,CA,AWP,WE,Combined TRACON& Tower with Radar,36,52,47,0,135,0,2,117,0,119,36,54,164,0,254,96,4,100,354
10/02/2021,SBA,CA,AWP,WE,Combined TRACON& Tower with Radar,33,32,28,0,93,0,1,104,0,105,33,33,132,0,198,132,0,132,330
10/03/2021,SBA,CA,AWP,WE,Combined TRACON& Tower with Radar,37,41,50,0,128,0,0,128,0,128,37,41,178,0,256,78,0,78,334
10/04/2021,SBA,CA,AWP,WE,Combined TRACON& Tower with Radar,38,39,29,5,111,0,0,64,0,64,38,39,93,5,175,20,0,20,195
10/05/2021,SBA,CA,AWP,WE,Combined TRACON& Tower with Radar,34,41,26,7,108,0,2,91,2,95,34,43,117,9,203,104,4,108,311
10/06/2021,SBA,CA,AWP,WE,Combined TRACON& Tower with Radar,33,35,75,5,148,0,1,42,1,44,33,36,117,6,192,96,0,96,288
10/07/2021,SBA,CA,AWP,WE,Combined TRACON& Tower with Radar,31,54,81,2,168,0,1,1,0,2,31,55,82,2,170,16,0,16,186
10/08/2021,SBA,CA,AWP,WE,Combined TRACON& Tower with Radar,34,56,73,3,166,0,3,64,1,68,34,59,137,4,234,54,2,56,290
10/09/2021,SBA,CA,AWP,WE,Combined TRACON& Tower with Radar,26,32,37,0,95,0,3,110,0,113,26,35,147,0,208,58,0,58,266
10/10/2021,SBA,CA,AWP,WE,Combined TRACON& Tower with Radar,27,29,66,0,122,0,0,111,0,111,27,29,177,0,233,44,0,44,277
10/11/2021,SBA,CA,AWP,WE,Combined TRACON& Tower with Radar,28,41,32,0,101,0,1,46,0,47,28,42,78,0,148,26,2,28,176
10/12/2021,SBA,CA,AWP,WE,Combined TRACON& Tower with Radar,28,46,26,0,100,0,0,67,0,67,28,46,93,0,167,134,0,134,301
10/13/2021,SBA,CA,AWP,WE,Combined TRACON& Tower with Radar,27,34,43,0,104,0,0,69,1,70,27,34,112,1,174,42,0,42,216
10/14/2021,SBA,CA,AWP,WE,Combined TRACON& Tower with Radar,31,49,47,2,129,0,14,68,0,82,31,63,115,2,211,174,0,174,385
10/15/2021,SBA,CA,AWP,WE,Combined TRACON& Tower with Radar,33,45,38,2,118,0,10,91,2,103,33,55,129,4,221,198,16,214,435
10/16/2021,SBA,CA,AWP,WE,Combined TRACON& Tower with Radar,28,47,47,0,122,0,3,97,8,108,28,50,144,8,230,154,22,176,406
10/17/2021,SBA,CA,AWP,WE,Combined TRACON& Tower with Radar,31,68,52,0,151,0,2,101,1,104,31,70,153,1,255,66,0,66,321
10/18/2021,SBA,CA,AWP,WE,Combined TRACON& Tower with Radar,32,38,44,2,116,0,0,36,1,37,32,38,80,3,153,68,0,68,221
10/19/2021,SBA,CA,AWP,WE,Combined TRACON& Tower with Radar,29,43,43,5,120,0,0,74,3,77,29,43,117,8,197,166,4,170,367
10/20/2021,SBA,CA,AWP,WE,Combined TRACON& Tower with Radar,27,32,44,0,103,0,0,97,2,99,27,32,141,2,202,134,0,134,336
10/21/2021,SBA,CA,AWP,WE,Combined TRACON& Tower with Radar,30,53,49,2,134,0,0,71,0,71,30,53,120,2,205,154,0,154,359
10/22/2021,SBA,CA,AWP,WE,Combined TRACON& Tower with Radar,25,34,80,4,143,0,0,29,0,29,25,34,109,4,172,14,0,14,186
10/23/2021,SBA,CA,AWP,WE,Combined TRACON& Tower with Radar,28,35,42,1,106,0,0,65,0,65,28,35,107,1,171,194,0,194,365
10/24/2021,SBA,CA,AWP,WE,Combined TRACON& Tower with Radar,33,43,60,1,137,0,0,51,0,51,33,43,111,1,188,72,0,72,260
10/25/2021,SBA,CA,AWP,WE,Combined TRACON& Tower with Radar,31,32,35,0,98,0,1,7,0,8,31,33,42,0,106,20,0,20,126
10/26/2021,SBA,CA,AWP,WE,Combined TRACON& Tower with Radar,28,41,46,6,121,0,7,100,2,109,28,48,146,8,230,70,2,72,302
10/27/2021,SBA,CA,AWP,WE,Combined TRACON& Tower with Radar,28,50,60,3,141,0,6,99,2,107,28,56,159,5,248,74,2,76,324
10/28/2021,SBA,CA,AWP,WE,Combined TRACON& Tower with Radar,29,54,31,3,117,0,7,80,4,91,29,61,111,7,208,70,10,80,288
10/29/2021,SBA,CA,AWP,WE,Combined TRACON& Tower with Radar,37,50,56,3,146,0,3,122,2,127,37,53,178,5,273,156,0,156,429
10/30/2021,SBA,CA,AWP,WE,Combined TRACON& Tower with Radar,27,31,81,0,139,0,0,0,0,0,27,31,81,0,139,0,0,0,139
10/31/2021,SBA,CA,AWP,WE,Combined TRACON& Tower with Radar,32,37,63,0,132,0,0,10,0,10,32,37,73,0,142,8,0,8,150
11/01/2021,SBA,CA,AWP,WE,Combined TRACON& Tower with Radar,32,42,55,10,139,0,3,49,1,53,32,45,104,11,192,34,4,38,230
11/02/2021,SBA,CA,AWP,WE,Combined TRACON& Tower with Radar,31,30,39,5,105,0,1,56,0,57,31,31,95,5,162,68,4,72,234
11/03/2021,SBA,CA,AWP,WE,Combined TRACON& Tower with Radar,33,55,52,7,147,0,1,52,2,55,33,56,104,9,202,20,0,20,222
11/04/2021,SBA,CA,AWP,WE,Combined TRACON& Tower with Radar,32,49,39,0,120,0,0,15,0,15,32,49,54,0,135,18,0,18,153
11/05/2021,SBA,CA,AWP,WE,Combined TRACON& Tower with Radar,47,37,64,4,152,0,0,18,0,18,47,37,82,4,170,6,0,6,176
11/06/2021,SBA,CA,AWP,WE,Combined TRACON& Tower with Radar,35,28,42,1,106,0,0,11,0,11,35,28,53,1,117,16,0,16,133
11/07/2021,SBA,CA,AWP,WE,Combined TRACON& Tower with Radar,35,44,59,0,138,0,1,52,0,53,35,45,111,0,191,54,0,54,245
11/08/2021,SBA,CA,AWP,WE,Combined TRACON& Tower with Radar,34,30,47,2,113,0,0,40,0,40,34,30,87,2,153,64,0,64,217
11/09/2021,SBA,CA,AWP,WE,Combined TRACON& Tower with Radar,33,40,52,8,133,0,0,25,0,25,33,40,77,8,158,64,8,72,230
11/10/2021,SBA,CA,AWP,WE,Combined TRACON& Tower with Radar,34,36,44,5,119,0,5,92,4,101,34,41,136,9,220,120,10,130,350
11/11/2021,SBA,CA,AWP,WE,Combined TRACON& Tower with Radar,35,46,45,0,126,0,2,116,0,118,35,48,161,0,244,318,0,318,562
11/12/2021,SBA,CA,AWP,WE,Combined TRACON& Tower with Radar,37,43,56,0,136,0,0,120,0,120,37,43,176,0,256,276,0,276,532
11/13/2021,SBA,CA,AWP,WE,Combined TRACON& Tower with Radar,31,30,25,0,86,0,0,121,0,121,31,30,146,0,207,194,0,194,401
11/14/2021,SBA,CA,AWP,WE,Combined TRACON& Tower with Radar,36,47,71,0,154,0,1,140,0,141,36,48,211,0,295,66,0,66,361
11/15/2021,SBA,CA,AWP,WE,Combined TRACON& Tower with Radar,38,20,64,2,124,0,0,41,1,42,38,20,105,3,166,80,4,84,250
11/16/2021,SBA,CA,AWP,WE,Combined TRACON& Tower with Radar,34,41,58,4,137,0,1,57,0,58,34,42,115,4,195,116,2,118,313
11/17/2021,SBA,CA,AWP,WE,Combined TRACON& Tower with Radar,36,46,53,11,146,0,2,55,2,59,36,48,108,13,205,84,8,92,297
11/18/2021,SBA,CA,AWP,WE,Combined TRACON& Tower with Radar,36,42,49,4,131,0,0,55,0,55,36,42,104,4,186,80,0,80,266
11/19/2021,SBA,CA,AWP,WE,Combined TRACON& Tower with Radar,38,47,57,0,142,0,1,67,4,72,38,48,124,4,214,214,0,214,428
11/20/2021,SBA,CA,AWP,WE,Combined TRACON& Tower with Radar,35,37,58,4,134,0,0,53,0,53,35,37,111,4,187,108,0,108,295
11/21/2021,SBA,CA,AWP,WE,Combined TRACON& Tower with Radar,37,40,45,2,124,0,2,108,0,110,37,42,153,2,234,96,0,96,330
11/22/2021,SBA,CA,AWP,WE,Combined TRACON& Tower with Radar,37,31,46,5,119,0,0,91,3,94,37,31,137,8,213,192,0,192,405
11/23/2021,SBA,CA,AWP,WE,Combined TRACON& Tower with Radar,35,42,37,5,119,0,1,100,0,101,35,43,137,5,220,150,0,150,370
11/24/2021,SBA,CA,AWP,WE,Combined TRACON& Tower with Radar,40,47,59,0,146,0,4,113,0,117,40,51,172,0,263,240,2,242,505
11/25/2021,SBA,CA,AWP,WE,Combined TRACON& Tower with Radar,23,17,10,0,50,0,0,24,0,24,23,17,34,0,74,8,0,8,82
11/26/2021,SBA,CA,AWP,WE,Combined TRACON& Tower with Radar,33,35,30,0,98,0,0,111,0,111,33,35,141,0,209,168,0,168,377
11/27/2021,SBA,CA,AWP,WE,Combined TRACON& Tower with Radar,37,28,51,0,116,0,0,98,0,98,37,28,149,0,214,170,0,170,384
11/28/2021,SBA,CA,AWP,WE,Combined TRACON& Tower with Radar,39,37,83,0,159,0,2,120,0,122,39,39,203,0,281,80,0,80,361
11/29/2021,SBA,CA,AWP,WE,Combined TRACON& Tower with Radar,39,45,36,4,124,0,2,89,0,91,39,47,125,4,215,82,4,86,301
11/30/2021,SBA,CA,AWP,WE,Combined TRACON& Tower with Radar,37,40,49,1,127,0,1,28,0,29,37,41,77,1,156,48,0,48,204
12/01/2021,SBA,CA,AWP,WE,Combined TRACON& Tower with Radar,30,29,43,3,105,0,0,15,1,16,30,29,58,4,121,14,0,14,135
12/02/2021,SBA,CA,AWP,WE,Combined TRACON& Tower with Radar,38,31,96,2,167,0,0,5,0,5,38,31,101,2,172,0,0,0,172
12/03/2021,SBA,CA,AWP,WE,Combined TRACON& Tower with Radar,35,31,75,0,141,0,1,23,1,25,35,32,98,1,166,74,0,74,240
12/04/2021,SBA,CA,AWP,WE,Combined TRACON& Tower with Radar,28,25,52,0,105,0,0,40,0,40,28,25,92,0,145,100,0,100,245
12/05/2021,SBA,CA,AWP,WE,Combined TRACON& Tower with Radar,35,33,35,0,103,0,0,95,0,95,35,33,130,0,198,102,0,102,300
12/06/2021,SBA,CA,AWP,WE,Combined TRACON& Tower with Radar,35,28,76,2,141,0,0,18,0,18,35,28,94,2,159,34,0,34,193
12/07/2021,SBA,CA,AWP,WE,Combined TRACON& Tower with Radar,32,21,48,0,101,0,0,20,4,24,32,21,68,4,125,168,0,168,293
12/08/2021,SBA,CA,AWP,WE,Combined TRACON& Tower with Radar,31,33,39,2,105,0,2,73,5,80,31,35,112,7,185,178,0,178,363
12/09/2021,SBA,CA,AWP,WE,Combined TRACON& Tower with Radar,36,46,38,7,127,0,2,22,0,24,36,48,60,7,151,124,6,130,281
12/10/2021,SBA,CA,AWP,WE,Combined TRACON& Tower with Radar,32,31,50,2,115,0,0,115,2,117,32,31,165,4,232,156,0,156,388
12/11/2021,SBA,CA,AWP,WE,Combined TRACON& Tower with Radar,29,30,16,4,79,0,0,105,3,108,29,30,121,7,187,220,0,220,407
12/12/2021,SBA,CA,AWP,WE,Combined TRACON& Tower with Radar,33,36,36,7,112,0,1,97,1,99,33,37,133,8,211,110,0,110,321
12/13/2021,SBA,CA,AWP,WE,Combined TRACON& Tower with Radar,35,29,45,0,109,0,0,5,0,5,35,29,50,0,114,96,0,96,210
12/14/2021,SBA,CA,AWP,WE,Combined TRACON& Tower with Radar,31,27,30,0,88,0,0,5,0,5,31,27,35,0,93,46,0,46,139
12/15/2021,SBA,CA,AWP,WE,Combined TRACON& Tower with Radar,34,37,57,15,143,0,3,93,1,97,34,40,150,16,240,128,12,140,380
12/16/2021,SBA,CA,AWP,WE,Combined TRACON& Tower with Radar,28,49,49,4,130,0,0,4,0,4,28,49,53,4,134,12,0,12,146
12/17/2021,SBA,CA,AWP,WE,Combined TRACON& Tower with Radar,30,34,54,2,120,0,2,94,0,96,30,36,148,2,216,236,0,236,452
12/18/2021,SBA,CA,AWP,WE,Combined TRACON& Tower with Radar,29,26,58,0,113,0,0,107,0,107,29,26,165,0,220,180,0,180,400
12/19/2021,SBA,CA,AWP,WE,Combined TRACON& Tower with Radar,31,36,52,0,119,0,1,122,0,123,31,37,174,0,242,134,0,134,376
12/20/2021,SBA,CA,AWP,WE,Combined TRACON& Tower with Radar,33,27,46,6,112,0,0,65,1,66,33,27,111,7,178,120,2,122,300
12/21/2021,SBA,CA,AWP,WE,Combined TRACON& Tower with Radar,29,35,30,0,94,0,1,91,0,92,29,36,121,0,186,134,2,136,322
12/22/2021,SBA,CA,AWP,WE,Combined TRACON& Tower with Radar,28,36,55,6,125,0,0,35,0,35,28,36,90,6,160,172,6,178,338
12/23/2021,SBA,CA,AWP,WE,Combined TRACON& Tower with Radar,30,41,30,0,101,0,0,0,0,0,30,41,30,0,101,0,0,0,101
12/24/2021,SBA,CA,AWP,WE,Combined TRACON& Tower with Radar,28,12,38,0,78,0,0,14,0,14,28,12,52,0,92,114,0,114,206
12/25/2021,SBA,CA,AWP,WE,Combined TRACON& Tower with Radar,21,13,13,0,47,0,0,5,0,5,21,13,18,0,52,0,0,0,52
12/26/2021,SBA,CA,AWP,WE,Combined TRACON& Tower with Radar,32,31,39,0,102,0,0,74,0,74,32,31,113,0,176,90,0,90,266
12/27/2021,SBA,CA,AWP,WE,Combined TRACON& Tower with Radar,33,34,25,0,92,0,2,1,0,3,33,36,26,0,95,2,0,2,97
12/28/2021,SBA,CA,AWP,WE,Combined TRACON& Tower with Radar,30,50,65,0,145,0,4,48,0,52,30,54,113,0,197,66,0,66,263
12/29/2021,SBA,CA,AWP,WE,Combined TRACON& Tower with Radar,28,34,24,0,86,0,0,0,0,0,28,34,24,0,86,4,0,4,90
12/30/2021,SBA,CA,AWP,WE,Combined TRACON& Tower with Radar,30,41,34,0,105,0,0,12,0,12,30,41,46,0,117,120,0,120,237
12/31/2021,SBA,CA,AWP,WE,Combined TRACON& Tower with Radar,32,36,26,0,94,0,0,69,0,69,32,36,95,0,163,106,0,106,269
01/01/2022,SBA,CA,AWP,WE,Combined TRACON& Tower with Radar,23,28,21,0,72,0,0,83,0,83,23,28,104,0,155,6,0,6,161
01/02/2022,SBA,CA,AWP,WE,Combined TRACON& Tower with Radar,29,27,66,0,122,0,0,104,0,104,29,27,170,0,226,134,0,134,360
01/03/2022,SBA,CA,AWP,WE,Combined TRACON& Tower with Radar,31,33,46,0,110,0,1,77,0,78,31,34,123,0,188,116,0,116,304
01/04/2022,SBA,CA,AWP,WE,Combined TRACON& Tower with Radar,32,41,42,2,117,0,4,83,0,87,32,45,125,2,204,138,0,138,342
01/05/2022,SBA,CA,AWP,WE,Combined TRACON& Tower with Radar,28,25,29,1,83,0,1,48,1,50,28,26,77,2,133,164,0,164,297
01/06/2022,SBA,CA,AWP,WE,Combined TRACON& Tower with Radar,34,30,36,4,104,0,1,99,0,100,34,31,135,4,204,104,4,108,312
01/07/2022,SBA,CA,AWP,WE,Combined TRACON& Tower with Radar,34,36,46,0,116,0,0,21,0,21,34,36,67,0,137,108,0,108,245
01/08/2022,SBA,CA,AWP,WE,Combined TRACON& Tower with Radar,26,16,32,0,74,0,0,70,1,71,26,16,102,1,145,102,0,102,247
01/09/2022,SBA,CA,AWP,WE,Combined TRACON& Tower with Radar,31,28,39,2,100,0,0,111,0,111,31,28,150,2,211,248,0,248,459
01/10/2022,SBA,CA,AWP,WE,Combined TRACON& Tower with Radar,36,25,21,0,82,0,1,61,0,62,36,26,82,0,144,108,0,108,252
01/11/2022,SBA,CA,AWP,WE,Combined TRACON& Tower with Radar,30,24,35,2,91,0,2,96,0,98,30,26,131,2,189,170,0,170,359
01/12/2022,SBA,CA,AWP,WE,Combined TRACON& Tower with Radar,26,28,37,7,98,0,1,82,1,84,26,29,119,8,182,96,2,98,280
01/13/2022,SBA,CA,AWP,WE,Combined TRACON& Tower with Radar,33,44,46,2,125,0,1,102,3,106,33,45,148,5,231,152,2,154,385
01/14/2022,SBA,CA,AWP,WE,Combined TRACON& Tower with Radar,31,28,56,1,116,0,2,88,3,93,31,30,144,4,209,178,0,178,387
01/15/2022,SBA,CA,AWP,WE,Combined TRACON& Tower with Radar,26,23,44,1,94,0,2,67,0,69,26,25,111,1,163,128,0,128,291
01/16/2022,SBA,CA,AWP,WE,Combined TRACON& Tower with Radar,35,12,41,2,90,0,0,116,0,116,35,12,157,2,206,122,0,122,328
01/17/2022,SBA,CA,AWP,WE,Combined TRACON& Tower with Radar,36,32,67,0,135,0,0,34,0,34,36,32,101,0,169,86,0,86,255
01/18/2022,SBA,CA,AWP,WE,Combined TRACON& Tower with Radar,30,30,37,0,97,0,0,49,0,49,30,30,86,0,146,170,0,170,316
01/19/2022,SBA,CA,AWP,WE,Combined TRACON& Tower with Radar,29,37,51,10,127,0,1,28,0,29,29,38,79,10,156,150,6,156,312
01/20/2022,SBA,CA,AWP,WE,Combined TRACON& Tower with Radar,36,31,34,6,107,0,3,106,0,109,36,34,140,6,216,208,4,212,428
01/21/2022,SBA,CA,AWP,WE,Combined TRACON& Tower with Radar,33,29,38,0,100,0,1,76,1,78,33,30,114,1,178,192,0,192,370
01/22/2022,SBA,CA,AWP,WE,Combined TRACON& Tower with Radar,27,17,17,0,61,0,1,89,0,90,27,18,106,0,151,100,0,100,251
01/23/2022,SBA,CA,AWP,WE,Combined TRACON& Tower with Radar,33,37,40,0,110,0,0,120,0,120,33,37,160,0,230,122,0,122,352
01/24/2022,SBA,CA,AWP,WE,Combined TRACON& Tower with Radar,33,22,37,2,94,0,0,115,0,115,33,22,152,2,209,172,0,172,381
01/25/2022,SBA,CA,AWP,WE,Combined TRACON& Tower with Radar,28,35,36,2,101,0,0,102,0,102,28,35,138,2,203,222,0,222,425
01/26/2022,SBA,CA,AWP,WE,Combined TRACON& Tower with Radar,33,34,38,8,113,0,0,79,0,79,33,34,117,8,192,184,0,184,376
01/27/2022,SBA,CA,AWP,WE,Combined TRACON& Tower with Radar,35,28,37,3,103,0,2,100,1,103,35,30,137,4,206,162,0,162,368
01/28/2022,SBA,CA,AWP,WE,Combined TRACON& Tower with Radar,34,42,42,2,120,0,4,84,2,90,34,46,126,4,210,62,0,62,272
01/29/2022,SBA,CA,AWP,WE,Combined TRACON& Tower with Radar,25,28,42,1,96,0,0,108,1,109,25,28,150,2,205,136,0,136,341
01/30/2022,SBA,CA,AWP,WE,Combined TRACON& Tower with Radar,34,41,50,1,126,0,0,131,0,131,34,41,181,1,257,64,0,64,321
01/31/2022,SBA,CA,AWP,WE,Combined TRACON& Tower with Radar,37,36,31,1,105,0,2,74,0,76,37,38,105,1,181,86,2,88,269
02/01/2022,SBA,CA,AWP,WE,Combined TRACON& Tower with Radar,31,28,31,5,95,0,0,72,1,73,31,28,103,6,168,134,0,134,302
02/02/2022,SBA,CA,AWP,WE,Combined TRACON& Tower with Radar,29,26,18,0,73,0,1,57,4,62,29,27,75,4,135,274,0,274,409
02/03/2022,SBA,CA,AWP,WE,Combined TRACON& Tower with Radar,30,29,25,1,85,0,0,85,4,89,30,29,110,5,174,136,0,136,310
02/04/2022,SBA,CA,AWP,WE,Combined TRACON& Tower with Radar,34,25,42,0,101,0,0,82,0,82,34,25,124,0,183,114,0,114,297
02/05/2022,SBA,CA,AWP,WE,Combined TRACON& Tower with Radar,28,24,34,3,89,0,2,101,1,104,28,26,135,4,193,137,0,137,330
02/06/2022,SBA,CA,AWP,WE,Combined TRACON& Tower with Radar,36,30,50,0,116,0,0,96,1,97,36,30,146,1,213,140,0,140,353
02/07/2022,SBA,CA,AWP,WE,Combined TRACON& Tower with Radar,39,34,36,6,115,0,5,92,0,97,39,39,128,6,212,132,0,132,344
02/08/2022,SBA,CA,AWP,WE,Combined TRACON& Tower with Radar,32,28,31,1,92,0,5,116,6,127,32,33,147,7,219,164,0,164,383
02/09/2022,SBA,CA,AWP,WE,Combined TRACON& Tower with Radar,34,42,34,0,110,0,2,100,0,102,34,44,134,0,212,228,0,228,440
02/10/2022,SBA,CA,AWP,WE,Combined TRACON& Tower with Radar,38,54,30,0,122,0,0,82,0,82,38,54,112,0,204,220,0,220,424
02/11/2022,SBA,CA,AWP,WE,Combined TRACON& Tower with Radar,34,44,40,0,118,0,1,123,1,125,34,45,163,1,243,210,0,210,453
02/12/2022,SBA,CA,AWP,WE,Combined TRACON& Tower with Radar,26,34,47,0,107,0,1,95,2,98,26,35,142,2,205,176,0,176,381
02/13/2022,SBA,CA,AWP,WE,Combined TRACON& Tower with Radar,32,42,35,0,109,0,0,75,1,76,32,42,110,1,185,152,0,152,337
02/14/2022,SBA,CA,AWP,WE,Combined TRACON& Tower with Radar,33,31,26,1,91,0,0,86,0,86,33,31,112,1,177,74,0,74,251
02/15/2022,SBA,CA,AWP,WE,Combined TRACON& Tower with Radar,25,40,26,8,99,0,0,17,2,19,25,40,43,10,118,6,0,6,124
02/16/2022,SBA,CA,AWP,WE,Combined TRACON& Tower with Radar,27,47,26,4,104,0,1,86,2,89,27,48,112,6,193,180,2,182,375
02/17/2022,SBA,CA,AWP,WE,Combined TRACON& Tower with Radar,33,39,43,0,115,0,0,84,0,84,33,39,127,0,199,136,0,136,335
02/18/2022,SBA,CA,AWP,WE,Combined TRACON& Tower with Radar,34,48,39,0,121,0,0,139,0,139,34,48,178,0,260,76,0,76,336
02/19/2022,SBA,CA,AWP,WE,Combined TRACON& Tower with Radar,25,29,40,0,94,0,0,118,0,118,25,29,158,0,212,138,0,138,350
02/20/2022,SBA,CA,AWP,WE,Combined TRACON& Tower with Radar,33,36,54,0,123,0,0,43,0,43,33,36,97,0,166,20,0,20,186
02/21/2022,SBA,CA,AWP,WE,Combined TRACON& Tower with Radar,33,38,40,0,111,0,0,65,0,65,33,38,105,0,176,96,0,96,272
02/22/2022,SBA,CA,AWP,WE,Combined TRACON& Tower with Radar,27,44,42,2,115,0,0,21,0,21,27,44,63,2,136,50,4,54,190
02/23/2022,SBA,CA,AWP,WE,Combined TRACON& Tower with Radar,26,42,37,4,109,0,1,48,0,49,26,43,85,4,158,24,2,26,184
02/24/2022,SBA,CA,AWP,WE,Combined TRACON& Tower with Radar,31,37,43,1,112,0,5,87,1,93,31,42,130,2,205,118,2,120,325
02/25/2022,SBA,CA,AWP,WE,Combined TRACON& Tower with Radar,29,51,44,6,130,0,1,101,0,102,29,52,145,6,232,88,0,88,320
02/26/2022,SBA,CA,AWP,WE,Combined TRACON& Tower with Radar,27,26,46,2,101,0,2,117,4,123,27,28,163,6,224,176,4,180,404
02/27/2022,SBA,CA,AWP,WE,Combined TRACON& Tower with Radar,32,48,45,0,125,0,0,140,0,140,32,48,185,0,265,142,0,142,407
02/28/2022,SBA,CA,AWP,WE,Combined TRACON& Tower with Radar,34,38,27,2,101,0,3,72,0,75,34,41,99,2,176,92,0,92,268
03/01/2022,SBA,CA,AWP,WE,Combined TRACON& Tower with Radar,27,45,16,2,90,0,1,78,0,79,27,46,94,2,169,148,2,150,319
03/02/2022,SBA,CA,AWP,WE,Combined TRACON& Tower with Radar,30,40,42,1,113,0,1,78,0,79,30,41,120,1,192,110,0,110,302
03/03/2022,SBA,CA,AWP,WE,Combined TRACON& Tower with Radar,32,53,39,4,128,0,0,58,0,58,32,53,97,4,186,94,0,94,280
03/04/2022,SBA,CA,AWP,WE,Combined TRACON& Tower with Radar,29,49,33,0,111,0,0,27,0,27,29,49,60,0,138,106,0,106,244
03/05/2022,SBA,CA,AWP,WE,Combined TRACON& Tower with Radar,24,21,8,1,54,0,0,23,2,25,24,21,31,3,79,30,32,62,141
03/06/2022,SBA,CA,AWP,WE,Combined TRACON& Tower with Radar,32,36,25,3,96,0,1,120,0,121,32,37,145,3,217,158,0,158,375
03/07/2022,SBA,CA,AWP,WE,Combined TRACON& Tower with Radar,32,27,29,2,90,0,0,75,6,81,32,27,104,8,171,154,0,154,325
03/08/2022,SBA,CA,AWP,WE,Combined TRACON& Tower with Radar,26,31,32,5,94,0,0,87,0,87,26,31,119,5,181,80,0,80,261
03/09/2022,SBA,CA,AWP,WE,Combined TRACON& Tower with Radar,26,34,30,8,98,0,2,97,0,99,26,36,127,8,197,110,0,110,307
03/10/2022,SBA,CA,AWP,WE,Combined TRACON& Tower with Radar,32,29,36,2,99,0,0,69,10,79,32,29,105,12,178,82,0,82,260
03/11/2022,SBA,CA,AWP,WE,Combined TRACON& Tower with Radar,32,34,66,3,135,0,5,103,0,108,32,39,169,3,243,162,0,162,405
03/12/2022,SBA,CA,AWP,WE,Combined TRACON& Tower with Radar,25,33,41,3,102,0,2,137,1,140,25,35,178,4,242,150,12,162,404
03/13/2022,SBA,CA,AWP,WE,Combined TRACON& Tower with Radar,31,24,66,0,121,0,2,103,0,105,31,26,169,0,226,38,0,38,264
03/14/2022,SBA,CA,AWP,WE,Combined TRACON& Tower with Radar,33,26,39,0,98,0,0,95,0,95,33,26,134,0,193,100,0,100,293
03/15/2022,SBA,CA,AWP,WE,Combined TRACON& Tower with Radar,26,35,53,2,116,0,0,65,0,65,26,35,118,2,181,110,0,110,291
03/16/2022,SBA,CA,AWP,WE,Combined TRACON& Tower with Radar,26,35,43,2,106,0,0,57,0,57,26,35,100,2,163,64,2,66,229
03/17/2022,SBA,CA,AWP,WE,Combined TRACON& Tower with Radar,36,53,51,0,140,0,0,111,4,115,36,53,162,4,255,78,0,78,333
03/18/2022,SBA,CA,AWP,WE,Combined TRACON& Tower with Radar,35,45,51,1,132,0,0,107,0,107,35,45,158,1,239,210,0,210,449
03/19/2022,SBA,CA,AWP,WE,Combined TRACON& Tower with Radar,30,41,46,0,117,0,0,55,0,55,30,41,101,0,172,210,0,210,382
03/20/2022,SBA,CA,AWP,WE,Combined TRACON& Tower with Radar,35,36,44,0,115,0,0,39,0,39,35,36,83,0,154,36,0,36,190
03/21/2022,SBA,CA,AWP,WE,Combined TRACON& Tower with Radar,35,34,38,0,107,0,1,82,0,83,35,35,120,0,190,100,0,100,290
03/22/2022,SBA,CA,AWP,WE,Combined TRACON& Tower with Radar,29,49,44,6,128,0,3,93,0,96,29,52,137,6,224,138,0,138,362
03/23/2022,SBA,CA,AWP,WE,Combined TRACON& Tower with Radar,27,35,52,3,117,0,1,90,2,93,27,36,142,5,210,220,2,222,432
03/24/2022,SBA,CA,AWP,WE,Combined TRACON& Tower with Radar,34,38,47,2,121,0,1,91,0,92,34,39,138,2,213,98,0,98,311
03/25/2022,SBA,CA,AWP,WE,Combined TRACON& Tower with Radar,36,40,58,4,138,0,0,67,0,67,36,40,125,4,205,140,0,140,345
03/26/2022,SBA,CA,AWP,WE,Combined TRACON& Tower with Radar,29,35,69,0,133,0,0,35,2,37,29,35,104,2,170,4,0,4,174
03/27/2022,SBA,CA,AWP,WE,Combined TRACON& Tower with Radar,34,35,108,0,177,0,0,13,0,13,34,35,121,0,190,140,4,144,334
03/28/2022,SBA,CA,AWP,WE,Combined TRACON& Tower with Radar,33,31,60,3,127,0,0,3,1,4,33,31,63,4,131,50,2,52,183
03/29/2022,SBA,CA,AWP,WE,Combined TRACON& Tower with Radar,28,43,42,10,123,0,0,62,0,62,28,43,104,10,185,110,8,118,303
03/30/2022,SBA,CA,AWP,WE,Combined TRACON& Tower with Radar,28,51,66,0,145,0,1,72,3,76,28,52,138,3,221,148,0,148,369
03/31/2022,SBA,CA,AWP,WE,Combined TRACON& Tower with Radar,34,63,59,1,157,0,0,44,1,45,34,63,103,2,202,120,0,120,322
04/01/2022,SBA,CA,AWP,WE,Combined TRACON& Tower with Radar,35,39,74,0,148,0,0,97,0,97,35,39,171,0,245,164,0,164,409
04/02/2022,SBA,CA,AWP,WE,Combined TRACON& Tower with Radar,30,29,63,0,122,0,0,16,0,16,30,29,79,0,138,60,0,60,198
04/03/2022,SBA,CA,AWP,WE,Combined TRACON& Tower with Radar,33,33,82,0,148,0,0,30,0,30,33,33,112,0,178,180,0,180,358
04/04/2022,SBA,CA,AWP,WE,Combined TRACON& Tower with Radar,31,34,34,1,100,0,1,75,1,77,31,35,109,2,177,152,0,152,329
04/05/2022,SBA,CA,AWP,WE,Combined TRACON& Tower with Radar,28,37,54,4,123,0,4,66,1,71,28,41,120,5,194,54,4,58,252
04/06/2022,SBA,CA,AWP,WE,Combined TRACON& Tower with Radar,31,42,38,1,112,0,3,103,1,107,31,45,141,2,219,110,0,110,329
04/07/2022,SBA,CA,AWP,WE,Combined TRACON& Tower with Radar,36,30,31,0,97,0,1,70,0,71,36,31,101,0,168,124,0,124,292
04/08/2022,SBA,CA,AWP,WE,Combined TRACON& Tower with Radar,38,31,40,3,112,0,2,114,3,119,38,33,154,6,231,194,4,198,429
04/09/2022,SBA,CA,AWP,WE,Combined TRACON& Tower with Radar,31,29,30,2,92,0,1,112,0,113,31,30,142,2,205,142,0,142,347
04/10/2022,SBA,CA,AWP,WE,Combined TRACON& Tower with Radar,35,35,42,0,112,0,0,56,0,56,35,35,98,0,168,82,0,82,250
04/11/2022,SBA,CA,AWP,WE,Combined TRACON& Tower with Radar,35,42,41,1,119,0,0,36,0,36,35,42,77,1,155,78,0,78,233
04/12/2022,SBA,CA,AWP,WE,Combined TRACON& Tower with Radar,34,53,28,5,120,0,1,37,1,39,34,54,65,6,159,26,4,30,189
04/13/2022,SBA,CA,AWP,WE,Combined TRACON& Tower with Radar,33,46,40,2,121,0,3,101,4,108,33,49,141,6,229,110,10,120,349
04/14/2022,SBA,CA,AWP,WE,Combined TRACON& Tower with Radar,37,36,71,9,153,0,1,122,0,123,37,37,193,9,276,130,6,136,412
04/15/2022,SBA,CA,AWP,WE,Combined TRACON& Tower with Radar,37,54,47,2,140,0,1,117,4,122,37,55,164,6,262,134,4,138,400
04/16/2022,SBA,CA,AWP,WE,Combined TRACON& Tower with Radar,31,28,56,0,115,0,0,59,3,62,31,28,115,3,177,44,0,44,221
04/17/2022,SBA,CA,AWP,WE,Combined TRACON& Tower with Radar,35,47,44,0,126,0,0,66,0,66,35,47,110,0,192,158,0,158,350
04/18/2022,SBA,CA,AWP,WE,Combined TRACON& Tower with Radar,38,36,34,1,109,0,1,107,0,108,38,37,141,1,217,154,0,154,371
04/19/2022,SBA,CA,AWP,WE,Combined TRACON& Tower with Radar,34,34,41,6,115,0,4,68,1,73,34,38,109,7,188,112,2,114,302
04/20/2022,SBA,CA,AWP,WE,Combined TRACON& Tower with Radar,35,41,47,4,127,0,0,93,0,93,35,41,140,4,220,148,0,148,368
04/21/2022,SBA,CA,AWP,WE,Combined TRACON& Tower with Radar,40,41,61,2,144,0,1,47,0,48,40,42,108,2,192,154,2,156,348
04/22/2022,SBA,CA,AWP,WE,Combined TRACON& Tower with Radar,35,41,44,2,122,0,1,59,0,60,35,42,103,2,182,62,0,62,244
04/23/2022,SBA,CA,AWP,WE,Combined TRACON& Tower with Radar,32,34,35,0,101,0,1,136,0,137,32,35,171,0,238,186,0,186,424
04/24/2022,SBA,CA,AWP,WE,Combined TRACON& Tower with Radar,35,50,50,0,135,0,2,135,0,137,35,52,185,0,272,238,0,238,510
04/25/2022,SBA,CA,AWP,WE,Combined TRACON& Tower with Radar,36,46,42,0,124,0,0,104,0,104,36,46,146,0,228,166,0,166,394
04/26/2022,SBA,CA,AWP,WE,Combined TRACON& Tower with Radar,34,33,41,1,109,0,2,87,0,89,34,35,128,1,198,195,0,195,393
04/27/2022,SBA,CA,AWP,WE,Combined TRACON& Tower with Radar,35,54,40,1,130,0,0,64,1,65,35,54,104,2,195,108,4,112,307
04/28/2022,SBA,CA,AWP,WE,Combined TRACON& Tower with Radar,37,46,48,0,131,0,1,96,1,98,37,47,144,1,229,136,0,136,365
04/29/2022,SBA,CA,AWP,WE,Combined TRACON& Tower with Radar,37,39,40,4,120,0,3,87,0,90,37,42,127,4,210,166,2,168,378
04/30/2022,SBA,CA,AWP,WE,Combined TRACON& Tower with Radar,31,23,50,0,104,0,2,155,0,157,31,25,205,0,261,164,0,164,425
05/01/2022,SBA,CA,AWP,WE,Combined TRACON& Tower with Radar,33,43,44,2,122,0,0,118,1,119,33,43,162,3,241,128,0,128,369
05/02/2022,SBA,CA,AWP,WE,Combined TRACON& Tower with Radar,39,47,53,3,142,0,1,24,0,25,39,48,77,3,167,116,0,116,283
05/03/2022,SBA,CA,AWP,WE,Combined TRACON& Tower with Radar,35,54,59,2,150,0,0,68,0,68,35,54,127,2,218,122,2,124,342
05/04/2022,SBA,CA,AWP,WE,Combined TRACON& Tower with Radar,32,58,45,4,139,0,0,119,1,120,32,58,164,5,259,134,0,134,393
05/05/2022,SBA,CA,AWP,WE,Combined TRACON& Tower with Radar,35,67,96,0,198,0,0,54,0,54,35,67,150,0,252,144,0,144,396
05/06/2022,SBA,CA,AWP,WE,Combined TRACON& Tower with Radar,36,38,38,2,114,0,0,115,3,118,36,38,153,5,232,182,0,182,414
05/07/2022,SBA,CA,AWP,WE,Combined TRACON& Tower with Radar,30,31,31,2,94,0,3,113,0,116,30,34,144,2,210,186,0,186,396
05/08/2022,SBA,CA,AWP,WE,Combined TRACON& Tower with Radar,33,38,35,0,106,0,3,53,0,56,33,41,88,0,162,14,0,14,176
05/09/2022,SBA,CA,AWP,WE,Combined TRACON& Tower with Radar,37,41,30,2,110,0,0,66,0,66,37,41,96,2,176,24,0,24,200
05/10/2022,SBA,CA,AWP,WE,Combined TRACON& Tower with Radar,33,32,38,2,105,0,1,63,0,64,33,33,101,2,169,44,0,44,213
05/11/2022,SBA,CA,AWP,WE,Combined TRACON& Tower with Radar,33,28,38,4,103,0,2,60,0,62,33,30,98,4,165,50,2,52,217
05/12/2022,SBA,CA,AWP,WE,Combined TRACON& Tower with Radar,37,42,50,4,133,0,0,105,4,109,37,42,155,8,242,94,0,94,336
05/13/2022,SBA,CA,AWP,WE,Combined TRACON& Tower with Radar,36,44,47,2,129,0,3,121,0,124,36,47,168,2,253,102,0,102,355
05/14/2022,SBA,CA,AWP,WE,Combined TRACON& Tower with Radar,32,29,36,0,97,0,6,139,0,145,32,35,175,0,242,150,0,150,392
05/15/2022,SBA,CA,AWP,WE,Combined TRACON& Tower with Radar,38,31,59,0,128,0,0,96,2,98,38,31,155,2,226,152,0,152,378
05/16/2022,SBA,CA,AWP,WE,Combined TRACON& Tower with Radar,35,35,46,9,125,0,2,83,3,88,35,37,129,12,213,176,0,176,389
05/17/2022,SBA,CA,AWP,WE,Combined TRACON& Tower with Radar,31,27,46,0,104,0,3,71,0,74,31,30,117,0,178,80,0,80,258
05/18/2022,SBA,CA,AWP,WE,Combined TRACON& Tower with Radar,31,26,45,0,102,0,0,75,0,75,31,26,120,0,177,122,0,122,299
05/19/2022,SBA,CA,AWP,WE,Combined TRACON& Tower with Radar,39,37,55,0,131,0,0,14,0,14,39,37,69,0,145,82,0,82,227
05/20/2022,SBA,CA,AWP,WE,Combined TRACON& Tower with Radar,36,56,84,1,177,0,1,16,3,20,36,57,100,4,197,64,0,64,261
05/21/2022,SBA,CA,AWP,WE,Combined TRACON& Tower with Radar,30,22,44,0,96,0,4,68,0,72,30,26,112,0,168,108,0,108,276
05/22/2022,SBA,CA,AWP,WE,Combined TRACON& Tower with Radar,35,43,62,2,142,0,0,77,0,77,35,43,139,2,219,44,0,44,263
05/23/2022,SBA,CA,AWP,WE,Combined TRACON& Tower with Radar,32,35,76,0,143,0,0,21,0,21,32,35,97,0,164,86,0,86,250
05/24/2022,SBA,CA,AWP,WE,Combined TRACON& Tower with Radar,37,44,72,11,164,0,0,33,0,33,37,44,105,11,197,64,0,64,261
05/25/2022,SBA,CA,AWP,WE,Combined TRACON& Tower with Radar,32,49,72,4,157,0,0,17,0,17,32,49,89,4,174,0,0,0,174
05/26/2022,SBA,CA,AWP,WE,Combined TRACON& Tower with Radar,35,38,99,0,172,0,0,0,0,0,35,38,99,0,172,12,0,12,184
05/27/2022,SBA,CA,AWP,WE,Combined TRACON& Tower with Radar,37,44,82,0,163,0,2,35,2,39,37,46,117,2,202,118,0,118,320
05/28/2022,SBA,CA,AWP,WE,Combined TRACON& Tower with Radar,30,24,44,0,98,0,4,70,0,74,30,28,114,0,172,222,0,222,394
05/29/2022,SBA,CA,AWP,WE,Combined TRACON& Tower with Radar,32,25,21,0,78,0,1,57,1,59,32,26,78,1,137,90,0,90,227
05/30/2022,SBA,CA,AWP,WE,Combined TRACON& Tower with Radar,34,43,56,0,133,0,2,112,1,115,34,45,168,1,248,188,0,188,436
05/31/2022,SBA,CA,AWP,WE,Combined TRACON& Tower with Radar,31,35,46,10,122,0,2,90,1,93,31,37,136,11,215,146,0,146,361
06/01/2022,SBA,CA,AWP,WE,Combined TRACON& Tower with Radar,30,37,35,4,106,0,3,84,0,87,30,40,119,4,193,140,6,146,339
06/02/2022,SBA,CA,AWP,WE,Combined TRACON& Tower with Radar,33,25,21,3,82,0,6,72,3,81,33,31,93,6,163,126,0,126,289
06/03/2022,SBA,CA,AWP,WE,Combined TRACON& Tower with Radar,36,42,77,0,155,0,2,32,0,34,36,44,109,0,189,134,0,134,323
06/04/2022,SBA,CA,AWP,WE,Combined TRACON& Tower with Radar,33,34,38,0,105,0,2,45,0,47,33,36,83,0,152,108,0,108,260
06/05/2022,SBA,CA,AWP,WE,Combined TRACON& Tower with Radar,42,45,56,2,145,0,3,95,2,100,42,48,151,4,245,150,0,150,395
06/06/2022,SBA,CA,AWP,WE,Combined TRACON& Tower with Radar,39,22,45,2,108,0,0,107,2,109,39,22,152,4,217,130,4,134,351
06/07/2022,SBA,CA,AWP,WE,Combined TRACON& Tower with Radar,40,29,38,2,109,0,2,99,0,101,40,31,137,2,210,94,0,94,304
06/08/2022,SBA,CA,AWP,WE,Combined TRACON& Tower with Radar,40,25,63,1,129,0,0,64,1,65,40,25,127,2,194,130,0,130,324
06/09/2022,SBA,CA,AWP,WE,Combined TRACON& Tower with Radar,40,41,54,1,136,0,1,35,5,41,40,42,89,6,177,42,6,48,225
06/10/2022,SBA,CA,AWP,WE,Combined TRACON& Tower with Radar,40,40,68,0,148,0,0,19,0,19,40,40,87,0,167,46,0,46,213
06/11/2022,SBA,CA,AWP,WE,Combined TRACON& Tower with Radar,34,27,60,0,121,0,2,38,0,40,34,29,98,0,161,8,0,8,169
06/12/2022,SBA,CA,AWP,WE,Combined TRACON& Tower with Radar,40,24,57,0,121,0,0,57,0,57,40,24,114,0,178,10,0,10,188
06/13/2022,SBA,CA,AWP,WE,Combined TRACON& Tower with Radar,40,25,63,5,133,0,0,80,0,80,40,25,143,5,213,142,0,142,355
06/14/2022,SBA,CA,AWP,WE,Combined TRACON& Tower with Radar,39,21,37,9,106,0,0,80,1,81,39,21,117,10,187,228,4,232,419
06/15/2022,SBA,CA,AWP,WE,Combined TRACON& Tower with Radar,42,42,31,5,120,0,1,111,1,113,42,43,142,6,233,216,2,218,451
06/16/2022,SBA,CA,AWP,WE,Combined TRACON& Tower with Radar,42,36,81,2,161,0,2,37,2,41,42,38,118,4,202,108,0,108,310
06/17/2022,SBA,CA,AWP,WE,Combined TRACON& Tower with Radar,37,32,41,2,112,0,2,62,0,64,37,34,103,2,176,174,0,174,350
06/18/2022,SBA,CA,AWP,WE,Combined TRACON& Tower with Radar,33,19,43,0,95,0,3,123,0,126,33,22,166,0,221,182,0,182,403
06/19/2022,SBA,CA,AWP,WE,Combined TRACON& Tower with Radar,43,18,39,0,100,0,0,116,0,116,43,18,155,0,216,202,0,202,418
06/20/2022,SBA,CA,AWP,WE,Combined TRACON& Tower with Radar,46,52,53,0,151,0,3,122,0,125,46,55,175,0,276,186,0,186,462
06/21/2022,SBA,CA,AWP,WE,Combined TRACON& Tower with Radar,39,43,53,0,135,0,1,74,0,75,39,44,127,0,210,176,0,176,386
06/22/2022,SBA,CA,AWP,WE,Combined TRACON& Tower with Radar,39,42,45,4,130,0,2,46,1,49,39,44,91,5,179,170,4,174,353
06/23/2022,SBA,CA,AWP,WE,Combined TRACON& Tower with Radar,41,30,52,6,129,0,1,55,5,61,41,31,107,11,190,72,0,72,262
06/24/2022,SBA,CA,AWP,WE,Combined TRACON& Tower with Radar,41,27,56,2,126,0,0,69,2,71,41,27,125,4,197,62,4,66,263
06/25/2022,SBA,CA,AWP,WE,Combined TRACON& Tower with Radar,34,24,36,0,94,0,0,87,1,88,34,24,123,1,182,136,0,136,318
06/26/2022,SBA,CA,AWP,WE,Combined TRACON& Tower with Radar,41,36,62,0,139,0,0,82,5,87,41,36,144,5,226,32,0,32,258
06/27/2022,SBA,CA,AWP,WE,Combined TRACON& Tower with Radar,43,21,47,3,114,0,0,79,1,80,43,21,126,4,194,74,0,74,268
06/28/2022,SBA,CA,AWP,WE,Combined TRACON& Tower with Radar,37,34,34,2,107,0,1,82,2,85,37,35,116,4,192,152,4,156,348
06/29/2022,SBA,CA,AWP,WE,Combined TRACON& Tower with Radar,37,29,54,1,121,0,1,92,1,94,37,30,146,2,215,130,0,130,345
06/30/2022,SBA,CA,AWP,WE,Combined TRACON& Tower with Radar,41,27,54,0,122,0,3,86,1,90,41,30,140,1,212,216,4,220,432
07/01/2022,SBA,CA,AWP,WE,Combined TRACON& Tower with Radar,40,36,49,0,125,0,4,81,2,87,40,40,130,2,212,172,4,176,388
07/02/2022,SBA,CA,AWP,WE,Combined TRACON& Tower with Radar,33,29,37,0,99,0,2,112,0,114,33,31,149,0,213,176,0,176,389
07/03/2022,SBA,CA,AWP,WE,Combined TRACON& Tower with Radar,40,11,30,0,81,0,0,99,0,99,40,11,129,0,180,152,0,152,332
07/04/2022,SBA,CA,AWP,WE,Combined TRACON& Tower with Radar,42,27,24,0,93,0,0,63,0,63,42,27,87,0,156,12,0,12,168
07/05/2022,SBA,CA,AWP,WE,Combined TRACON& Tower with Radar,37,34,36,0,107,0,2,69,0,71,37,36,105,0,178,166,0,166,344
07/06/2022,SBA,CA,AWP,WE,Combined TRACON& Tower with Radar,36,32,36,10,114,0,0,75,0,75,36,32,111,10,189,170,6,176,365
07/07/2022,SBA,CA,AWP,WE,Combined TRACON& Tower with Radar,40,29,43,7,119,0,1,93,1,95,40,30,136,8,214,146,6,152,366
07/08/2022,SBA,CA,AWP,WE,Combined TRACON& Tower with Radar,40,32,56,2,130,0,1,65,0,66,40,33,121,2,196,82,0,82,278
07/09/2022,SBA,CA,AWP,WE,Combined TRACON& Tower with Radar,34,28,42,0,104,0,0,55,0,55,34,28,97,0,159,116,0,116,275
07/10/2022,SBA,CA,AWP,WE,Combined TRACON& Tower with Radar,40,38,35,0,113,0,0,124,2,126,40,38,159,2,239,190,0,190,429
07/11/2022,SBA,CA,AWP,WE,Combined TRACON& Tower with Radar,39,36,48,6,129,0,0,51,1,52,39,36,99,7,181,40,0,40,221
07/12/2022,SBA,CA,AWP,WE,Combined TRACON& Tower with Radar,38,31,56,0,125,0,1,39,0,40,38,32,95,0,165,56,0,56,221
07/13/2022,SBA,CA,AWP,WE,Combined TRACON& Tower with Radar,36,33,43,0,112,0,0,33,0,33,36,33,76,0,145,96,0,96,241
07/14/2022,SBA,CA,AWP,WE,Combined TRACON& Tower with Radar,37,43,44,6,130,0,1,57,1,59,37,44,101,7,189,66,4,70,259
07/15/2022,SBA,CA,AWP,WE,Combined TRACON& Tower with Radar,38,39,37,0,114,0,1,110,4,115,38,40,147,4,229,172,0,172,401
07/16/2022,SBA,CA,AWP,WE,Combined TRACON& Tower with Radar,33,25,34,0,92,0,3,96,0,99,33,28,130,0,191,192,0,192,383
07/17/2022,SBA,CA,AWP,WE,Combined TRACON& Tower with Radar,40,32,36,0,108,0,4,106,2,112,40,36,142,2,220,134,0,134,354
07/18/2022,SBA,CA,AWP,WE,Combined TRACON& Tower with Radar,39,37,38,0,114,0,0,81,0,81,39,37,119,0,195,274,0,274,469
07/19/2022,SBA,CA,AWP,WE,Combined TRACON& Tower with Radar,37,27,48,2,114,0,0,52,0,52,37,27,100,2,166,142,0,142,308
07/20/2022,SBA,CA,AWP,WE,Combined TRACON& Tower with Radar,38,31,42,2,113,0,2,101,2,105,38,33,143,4,218,78,0,78,296
07/21/2022,SBA,CA,AWP,WE,Combined TRACON& Tower with Radar,40,40,36,0,116,0,0,70,4,74,40,40,106,4,190,172,0,172,362
07/22/2022,SBA,CA,AWP,WE,Combined TRACON& Tower with Radar,40,43,43,0,126,0,0,78,0,78,40,43,121,0,204,118,0,118,322
07/23/2022,SBA,CA,AWP,WE,Combined TRACON& Tower with Radar,35,19,44,0,98,0,0,74,1,75,35,19,118,1,173,136,0,136,309
07/24/2022,SBA,CA,AWP,WE,Combined TRACON& Tower with Radar,38,31,59,0,128,0,0,81,1,82,38,31,140,1,210,88,0,88,298
07/25/2022,SBA,CA,AWP,WE,Combined TRACON& Tower with Radar,40,26,50,2,118,0,0,22,0,22,40,26,72,2,140,38,0,38,178
07/26/2022,SBA,CA,AWP,WE,Combined TRACON& Tower with Radar,36,22,41,2,101,0,0,19,0,19,36,22,60,2,120,42,0,42,162
07/27/2022,SBA,CA,AWP,WE,Combined TRACON& Tower with Radar,36,43,42,4,125,0,1,56,0,57,36,44,98,4,182,92,4,96,278
07/28/2022,SBA,CA,AWP,WE,Combined TRACON& Tower with Radar,39,29,38,0,106,0,0,58,5,63,39,29,96,5,169,94,0,94,263
07/29/2022,SBA,CA,AWP,WE,Combined TRACON& Tower with Radar,40,36,33,0,109,0,2,94,0,96,40,38,127,0,205,192,0,192,397
07/30/2022,SBA,CA,AWP,WE,Combined TRACON& Tower with Radar,32,30,39,0,101,0,6,78,0,84,32,36,117,0,185,68,0,68,253
07/31/2022,SBA,CA,AWP,WE,Combined TRACON& Tower with Radar,40,44,49,0,133,0,1,108,0,109,40,45,157,0,242,84,0,84,326
08/01/2022,SBA,CA,AWP,WE,Combined TRACON& Tower with Radar,41,44,47,2,134,0,4,81,0,85,41,48,128,2,219,118,0,118,337
08/02/2022,SBA,CA,AWP,WE,Combined TRACON& Tower with Radar,38,35,44,0,117,0,0,56,1,57,38,35,100,1,174,36,14,50,224
08/03/2022,SBA,CA,AWP,WE,Combined TRACON& Tower with Radar,37,22,37,4,100,0,1,97,0,98,37,23,134,4,198,158,4,162,360
08/04/2022,SBA,CA,AWP,WE,Combined TRACON& Tower with Radar,37,43,33,14,127,0,2,106,4,112,37,45,139,18,239,182,20,202,441
08/05/2022,SBA,CA,AWP,WE,Combined TRACON& Tower with Radar,41,42,48,0,131,0,0,114,0,114,41,42,162,0,245,162,0,162,407
08/06/2022,SBA,CA,AWP,WE,Combined TRACON& Tower with Radar,32,28,39,0,99,0,2,100,0,102,32,30,139,0,201,228,0,228,429
08/07/2022,SBA,CA,AWP,WE,Combined TRACON& Tower with Radar,38,43,49,0,130,0,1,126,0,127,38,44,175,0,257,108,0,108,365
08/08/2022,SBA,CA,AWP,WE,Combined TRACON& Tower with Radar,36,26,38,6,106,0,0,81,0,81,36,26,119,6,187,168,4,172,359
08/09/2022,SBA,CA,AWP,WE,Combined TRACON& Tower with Radar,36,36,34,10,116,0,0,97,3,100,36,36,131,13,216,170,14,184,400
08/10/2022,SBA,CA,AWP,WE,Combined TRACON& Tower with Radar,36,34,52,11,133,0,1,96,3,100,36,35,148,14,233,170,16,186,419
08/11/2022,SBA,CA,AWP,WE,Combined TRACON& Tower with Radar,39,37,46,6,128,0,3,73,8,84,39,40,119,14,212,150,2,152,364
08/12/2022,SBA,CA,AWP,WE,Combined TRACON& Tower with Radar,38,40,47,0,125,0,3,123,0,126,38,43,170,0,251,240,0,240,491
08/13/2022,SBA,CA,AWP,WE,Combined TRACON& Tower with Radar,30,38,38,0,106,0,2,120,0,122,30,40,158,0,228,219,0,219,447
08/14/2022,SBA,CA,AWP,WE,Combined TRACON& Tower with Radar,37,44,47,0,128,0,2,118,0,120,37,46,165,0,248,86,0,86,334
08/15/2022,SBA,CA,AWP,WE,Combined TRACON& Tower with Radar,39,47,41,12,139,0,0,81,0,81,39,47,122,12,220,64,8,72,292
08/16/2022,SBA,CA,AWP,WE,Combined TRACON& Tower with Radar,38,36,45,3,122,0,0,62,3,65,38,36,107,6,187,118,14,132,319
08/17/2022,SBA,CA,AWP,WE,Combined TRACON& Tower with Radar,39,44,45,9,137,0,2,88,0,90,39,46,133,9,227,136,2,138,365
08/18/2022,SBA,CA,AWP,WE,Combined TRACON& Tower with Radar,39,41,53,13,146,0,2,62,6,70,39,43,115,19,216,46,4,50,266
08/19/2022,SBA,CA,AWP,WE,Combined TRACON& Tower with Radar,37,48,55,2,142,0,4,84,2,90,37,52,139,4,232,140,0,140,372
08/20/2022,SBA,CA,AWP,WE,Combined TRACON& Tower with Radar,31,32,53,0,116,0,1,81,3,85,31,33,134,3,201,126,0,126,327
08/21/2022,SBA,CA,AWP,WE,Combined TRACON& Tower with Radar,37,53,63,0,153,0,1,44,0,45,37,54,107,0,198,132,0,132,330
08/22/2022,SBA,CA,AWP,WE,Combined TRACON& Tower with Radar,41,47,40,0,128,0,1,52,2,55,41,48,92,2,183,48,0,48,231
08/23/2022,SBA,CA,AWP,WE,Combined TRACON& Tower with Radar,38,42,52,0,132,0,3,60,0,63,38,45,112,0,195,56,0,56,251
08/24/2022,SBA,CA,AWP,WE,Combined TRACON& Tower with Radar,35,35,27,4,101,0,1,94,0,95,35,36,121,4,196,80,0,80,276
08/25/2022,SBA,CA,AWP,WE,Combined TRACON& Tower with Radar,37,43,42,6,128,0,0,85,0,85,37,43,127,6,213,106,0,106,319
08/26/2022,SBA,CA,AWP,WE,Combined TRACON& Tower with Radar,34,49,81,4,168,0,5,76,0,81,34,54,157,4,249,76,2,78,327
08/27/2022,SBA,CA,AWP,WE,Combined TRACON& Tower with Radar,30,47,51,0,128,0,0,59,0,59,30,47,110,0,187,108,0,108,295
08/28/2022,SBA,CA,AWP,WE,Combined TRACON& Tower with Radar,40,34,66,0,140,0,2,49,2,53,40,36,115,2,193,48,0,48,241
08/29/2022,SBA,CA,AWP,WE,Combined TRACON& Tower with Radar,39,30,40,8,117,0,0,107,0,107,39,30,147,8,224,174,6,180,404
08/30/2022,SBA,CA,AWP,WE,Combined TRACON& Tower with Radar,38,36,33,1,108,0,2,79,2,83,38,38,112,3,191,78,4,82,273
08/31/2022,SBA,CA,AWP,WE,Combined TRACON& Tower with Radar,40,40,54,4,138,0,4,102,1,107,40,44,156,5,245,144,0,144,389
09/01/2022,SBA,CA,AWP,WE,Combined TRACON& Tower with Radar,37,53,42,8,140,0,0,122,4,126,37,53,164,12,266,184,6,190,456
09/02/2022,SBA,CA,AWP,WE,Combined TRACON& Tower with Radar,39,42,46,0,127,0,7,111,0,118,39,49,157,0,245,178,0,178,423
09/03/2022,SBA,CA,AWP,WE,Combined TRACON& Tower with Radar,30,39,40,0,109,0,4,107,0,111,30,43,147,0,220,96,0,96,316
09/04/2022,SBA,CA,AWP,WE,Combined TRACON& Tower with Radar,35,23,31,0,89,0,0,76,0,76,35,23,107,0,165,60,0,60,225
09/05/2022,SBA,CA,AWP,WE,Combined TRACON& Tower with Radar,42,47,43,0,132,0,3,132,0,135,42,50,175,0,267,192,0,192,459
09/06/2022,SBA,CA,AWP,WE,Combined TRACON& Tower with Radar,39,39,32,4,114,0,0,86,0,86,39,39,118,4,200,162,2,164,364
09/07/2022,SBA,CA,AWP,WE,Combined TRACON& Tower with Radar,34,32,38,8,112,0,1,86,4,91,34,33,124,12,203,46,10,56,259
09/08/2022,SBA,CA,AWP,WE,Combined TRACON& Tower with Radar,36,45,23,2,106,0,2,55,2,59,36,47,78,4,165,30,2,32,197
09/09/2022,SBA,CA,AWP,WE,Combined TRACON& Tower with Radar,35,44,47,0,126,0,0,56,1,57,35,44,103,1,183,120,0,120,303
09/10/2022,SBA,CA,AWP,WE,Combined TRACON& Tower with Radar,30,40,38,0,108,0,6,28,0,34,30,46,66,0,142,84,0,84,226
09/11/2022,SBA,CA,AWP,WE,Combined TRACON& Tower with Radar,35,33,69,0,137,0,1,38,0,39,35,34,107,0,176,106,0,106,282
09/12/2022,SBA,CA,AWP,WE,Combined TRACON& Tower with Radar,36,38,31,4,109,0,0,94,0,94,36,38,125,4,203,130,4,134,337
09/13/2022,SBA,CA,AWP,WE,Combined TRACON& Tower with Radar,32,27,54,4,117,0,2,85,4,91,32,29,139,8,208,186,8,194,402
09/14/2022,SBA,CA,AWP,WE,Combined TRACON& Tower with Radar,33,37,51,0,121,0,6,72,0,78,33,43,123,0,199,100,0,100,299
09/15/2022,SBA,CA,AWP,WE,Combined TRACON& Tower with Radar,34,34,37,2,107,0,0,77,0,77,34,34,114,2,184,148,2,150,334
09/16/2022,SBA,CA,AWP,WE,Combined TRACON& Tower with Radar,35,25,31,0,91,0,5,110,0,115,35,30,141,0,206,148,0,148,354
09/17/2022,SBA,CA,AWP,WE,Combined TRACON& Tower with Radar,32,31,40,2,105,0,0,66,3,69,32,31,106,5,174,168,0,168,342
09/18/2022,SBA,CA,AWP,WE,Combined TRACON& Tower with Radar,36,36,66,0,138,0,0,55,0,55,36,36,121,0,193,138,0,138,331
09/19/2022,SBA,CA,AWP,WE,Combined TRACON& Tower with Radar,35,30,47,2,114,0,4,34,0,38,35,34,81,2,152,66,0,66,218
09/20/2022,SBA,CA,AWP,WE,Combined TRACON& Tower with Radar,33,34,35,8,110,0,1,35,0,36,33,35,70,8,146,104,4,108,254
09/21/2022,SBA,CA,AWP,WE,Combined TRACON& Tower with Radar,33,51,29,0,113,0,1,70,2,73,33,52,99,2,186,80,0,80,266
09/22/2022,SBA,CA,AWP,WE,Combined TRACON& Tower with Radar,35,39,30,0,104,0,1,91,4,96,35,40,121,4,200,116,0,116,316
09/23/2022,SBA,CA,AWP,WE,Combined TRACON& Tower with Radar,35,50,25,0,110,0,1,117,0,118,35,51,142,0,228,124,0,124,352
09/24/2022,SBA,CA,AWP,WE,Combined TRACON& Tower with Radar,31,25,36,0,92,0,0,108,1,109,31,25,144,1,201,108,2,110,311
09/25/2022,SBA,CA,AWP,WE,Combined TRACON& Tower with Radar,34,28,46,0,108,0,1,95,1,97,34,29,141,1,205,130,0,130,335
09/26/2022,SBA,CA,AWP,WE,Combined TRACON& Tower with Radar,38,37,37,2,114,0,1,96,0,97,38,38,133,2,211,124,2,126,337
09/27/2022,SBA,CA,AWP,WE,Combined TRACON& Tower with Radar,32,39,29,4,104,0,2,79,0,81,32,41,108,4,185,108,4,112,297
09/28/2022,SBA,CA,AWP,WE,Combined TRACON& Tower with Radar,33,42,31,2,108,0,0,89,0,89,33,42,120,2,197,126,2,128,325
09/29/2022,SBA,CA,AWP,WE,Combined TRACON& Tower with Radar,35,45,49,0,129,0,2,85,1,88,35,47,134,1,217,204,2,206,423
09/30/2022,SBA,CA,AWP,WE,Combined TRACON& Tower with Radar,35,38,77,3,153,0,0,69,1,70,35,38,146,4,223,104,0,104,327
10/01/2022,SBA,CA,AWP,WE,Combined TRACON& Tower with Radar,28,32,34,0,94,0,2,37,0,39,28,34,71,0,133,68,0,68,201
10/02/2022,SBA,CA,AWP,WE,Combined TRACON& Tower with Radar,38,49,50,0,137,0,0,88,1,89,38,49,138,1,226,68,0,68,294
10/03/2022,SBA,CA,AWP,WE,Combined TRACON& Tower with Radar,36,36,25,6,103,0,5,79,3,87,36,41,104,9,190,106,0,106,296
10/04/2022,SBA,CA,AWP,WE,Combined TRACON& Tower with Radar,35,29,32,3,99,0,0,81,1,82,35,29,113,4,181,128,0,128,309
10/05/2022,SBA,CA,AWP,WE,Combined TRACON& Tower with Radar,34,25,55,4,118,0,2,32,1,35,34,27,87,5,153,6,4,10,163
10/06/2022,SBA,CA,AWP,WE,Combined TRACON& Tower with Radar,37,46,77,0,160,0,0,3,0,3,37,46,80,0,163,8,0,8,171
10/07/2022,SBA,CA,AWP,WE,Combined TRACON& Tower with Radar,33,43,79,0,155,0,0,32,1,33,33,43,111,1,188,20,0,20,208
10/08/2022,SBA,CA,AWP,WE,Combined TRACON& Tower with Radar,33,34,52,1,120,0,0,3,0,3,33,34,55,1,123,0,0,0,123
10/09/2022,SBA,CA,AWP,WE,Combined TRACON& Tower with Radar,37,32,83,0,152,0,0,50,0,50,37,32,133,0,202,32,0,32,234
10/10/2022,SBA,CA,AWP,WE,Combined TRACON& Tower with Radar,36,43,76,2,157,0,0,10,0,10,36,43,86,2,167,0,0,0,167
10/11/2022,SBA,CA,AWP,WE,Combined TRACON& Tower with Radar,35,37,51,6,129,0,2,22,2,26,35,39,73,8,155,72,2,74,229
10/12/2022,SBA,CA,AWP,WE,Combined TRACON& Tower with Radar,35,38,43,2,118,0,0,10,0,10,35,38,53,2,128,16,0,16,144
10/13/2022,SBA,CA,AWP,WE,Combined TRACON& Tower with Radar,33,41,67,0,141,0,0,4,0,4,33,41,71,0,145,0,0,0,145
10/14/2022,SBA,CA,AWP,WE,Combined TRACON& Tower with Radar,37,55,95,0,187,0,0,3,0,3,37,55,98,0,190,16,0,16,206
10/15/2022,SBA,CA,AWP,WE,Combined TRACON& Tower with Radar,31,40,55,0,126,0,2,15,0,17,31,42,70,0,143,30,0,30,173
10/16/2022,SBA,CA,AWP,WE,Combined TRACON& Tower with Radar,38,45,67,2,152,0,0,42,0,42,38,45,109,2,194,82,0,82,276
10/17/2022,SBA,CA,AWP,WE,Combined TRACON& Tower with Radar,37,46,32,3,118,0,0,93,1,94,37,46,125,4,212,66,2,68,280
10/18/2022,SBA,CA,AWP,WE,Combined TRACON& Tower with Radar,35,27,33,9,104,0,2,102,3,107,35,29,135,12,211,120,24,144,355
10/19/2022,SBA,CA,AWP,WE,Combined TRACON& Tower with Radar,35,28,26,4,93,0,2,73,2,77,35,30,99,6,170,82,6,88,258
10/20/2022,SBA,CA,AWP,WE,Combined TRACON& Tower with Radar,35,35,46,1,117,0,1,103,6,110,35,36,149,7,227,152,0,152,379
10/21/2022,SBA,CA,AWP,WE,Combined TRACON& Tower with Radar,37,24,69,1,131,0,2,62,1,65,37,26,131,2,196,106,0,106,302
10/22/2022,SBA,CA,AWP,WE,Combined TRACON& Tower with Radar,33,21,45,0,99,0,0,15,0,15,33,21,60,0,114,104,0,104,218
10/23/2022,SBA,CA,AWP,WE,Combined TRACON& Tower with Radar,37,36,53,0,126,0,0,124,0,124,37,36,177,0,250,124,0,124,374
10/24/2022,SBA,CA,AWP,WE,Combined TRACON& Tower with Radar,36,39,41,5,121,0,3,76,1,80,36,42,117,6,201,120,4,124,325
10/25/2022,SBA,CA,AWP,WE,Combined TRACON& Tower with Radar,35,34,39,4,112,0,2,110,0,112,35,36,149,4,224,144,0,144,368
10/26/2022,SBA,CA,AWP,WE,Combined TRACON& Tower with Radar,36,35,35,0,106,0,2,99,0,101,36,37,134,0,207,130,0,130,337
10/27/2022,SBA,CA,AWP,WE,Combined TRACON& Tower with Radar,37,36,27,0,100,0,0,95,0,95,37,36,122,0,195,116,0,116,311
10/28/2022,SBA,CA,AWP,WE,Combined TRACON& Tower with Radar,38,46,27,0,111,0,1,104,0,105,38,47,131,0,216,170,0,170,386
10/29/2022,SBA,CA,AWP,WE,Combined TRACON& Tower with Radar,29,34,23,0,86,0,1,104,0,105,29,35,127,0,191,84,0,84,275
10/30/2022,SBA,CA,AWP,WE,Combined TRACON& Tower with Radar,37,28,37,0,102,0,5,112,0,117,37,33,149,0,219,116,0,116,335
10/31/2022,SBA,CA,AWP,WE,Combined TRACON& Tower with Radar,33,25,33,0,91,0,4,92,0,96,33,29,125,0,187,122,0,122,309
11/01/2022,SBA,CA,AWP,WE,Combined TRACON& Tower with Radar,34,36,39,4,113,0,0,25,2,27,34,36,64,6,140,38,2,40,180
11/02/2022,SBA,CA,AWP,WE,Combined TRACON& Tower with Radar,33,29,33,4,99,0,0,37,4,41,33,29,70,8,140,82,12,94,234
11/03/2022,SBA,CA,AWP,WE,Combined TRACON& Tower with Radar,34,32,33,0,99,0,1,47,1,49,34,33,80,1,148,56,0,56,204
11/04/2022,SBA,CA,AWP,WE,Combined TRACON& Tower with Radar,33,46,46,2,127,0,0,106,5,111,33,46,152,7,238,292,0,292,530
11/05/2022,SBA,CA,AWP,WE,Combined TRACON& Tower with Radar,31,36,37,0,104,0,0,98,0,98,31,36,135,0,202,102,0,102,304
11/06/2022,SBA,CA,AWP,WE,Combined TRACON& Tower with Radar,35,31,53,0,119,0,6,94,0,100,35,37,147,0,219,56,0,56,275
11/07/2022,SBA,CA,AWP,WE,Combined TRACON& Tower with Radar,34,32,42,0,108,0,0,3,0,3,34,32,45,0,111,0,0,0,111
11/08/2022,SBA,CA,AWP,WE,Combined TRACON& Tower with Radar,33,37,12,0,82,0,0,0,0,0,33,37,12,0,82,10,0,10,92
11/09/2022,SBA,CA,AWP,WE,Combined TRACON& Tower with Radar,33,27,34,8,102,0,3,76,2,81,33,30,110,10,183,72,4,76,259
11/10/2022,SBA,CA,AWP,WE,Combined TRACON& Tower with Radar,31,34,35,1,101,0,0,108,0,108,31,34,143,1,209,0,0,0,209
11/11/2022,SBA,CA,AWP,WE,Combined TRACON& Tower with Radar,35,38,36,0,109,0,1,105,2,108,35,39,141,2,217,146,0,146,363
11/12/2022,SBA,CA,AWP,WE,Combined TRACON& Tower with Radar,30,18,24,2,74,0,2,87,0,89,30,20,111,2,163,142,0,142,305
11/13/2022,SBA,CA,AWP,WE,Combined TRACON& Tower with Radar,34,27,52,0,113,0,0,75,1,76,34,27,127,1,189,86,0,86,275
11/14/2022,SBA,CA,AWP,WE,Combined TRACON& Tower with Radar,34,38,32,0,104,0,0,99,0,99,34,38,131,0,203,74,0,74,277
11/15/2022,SBA,CA,AWP,WE,Combined TRACON& Tower with Radar,34,41,45,4,124,0,0,81,2,83,34,41,126,6,207,164,0,164,371
11/16/2022,SBA,CA,AWP,WE,Combined TRACON& Tower with Radar,33,37,33,0,103,0,2,60,2,64,33,39,93,2,167,74,0,74,241
11/17/2022,SBA,CA,AWP,WE,Combined TRACON& Tower with Radar,33,38,51,3,125,0,3,91,0,94,33,41,142,3,219,98,0,98,317
11/18/2022,SBA,CA,AWP,WE,Combined TRACON& Tower with Radar,32,43,56,1,132,0,3,112,1,116,32,46,168,2,248,152,0,152,400
11/19/2022,SBA,CA,AWP,WE,Combined TRACON& Tower with Radar,32,30,49,0,111,0,0,76,0,76,32,30,125,0,187,150,0,150,337
11/20/2022,SBA,CA,AWP,WE,Combined TRACON& Tower with Radar,34,39,50,0,123,0,0,101,0,101,34,39,151,0,224,148,0,148,372
11/21/2022,SBA,CA,AWP,WE,Combined TRACON& Tower with Radar,33,37,21,1,92,0,2,98,3,103,33,39,119,4,195,132,0,132,327
11/22/2022,SBA,CA,AWP,WE,Combined TRACON& Tower with Radar,33,29,42,4,108,0,2,91,0,93,33,31,133,4,201,104,4,108,309
11/23/2022,SBA,CA,AWP,WE,Combined TRACON& Tower with Radar,36,36,56,3,131,0,1,108,1,110,36,37,164,4,241,96,2,98,339
11/24/2022,SBA,CA,AWP,WE,Combined TRACON& Tower with Radar,26,8,9,0,43,0,0,43,0,43,26,8,52,0,86,32,0,32,118
11/25/2022,SBA,CA,AWP,WE,Combined TRACON& Tower with Radar,33,26,40,0,99,0,1,89,0,90,33,27,129,0,189,26,0,26,215
11/26/2022,SBA,CA,AWP,WE,Combined TRACON& Tower with Radar,33,32,41,0,106,0,4,96,0,100,33,36,137,0,206,50,0,50,256
11/27/2022,SBA,CA,AWP,WE,Combined TRACON& Tower with Radar,34,36,62,0,132,0,4,110,0,114,34,40,172,0,246,66,0,66,312
11/28/2022,SBA,CA,AWP,WE,Combined TRACON& Tower with Radar,33,34,42,1,110,0,1,33,0,34,33,35,75,1,144,42,0,42,186
11/29/2022,SBA,CA,AWP,WE,Combined TRACON& Tower with Radar,33,23,21,2,79,0,2,55,0,57,33,25,76,2,136,88,0,88,224
11/30/2022,SBA,CA,AWP,WE,Combined TRACON& Tower with Radar,31,36,34,1,102,0,0,17,0,17,31,36,51,1,119,154,0,154,273
12/01/2022,SBA,CA,AWP,WE,Combined TRACON& Tower with Radar,29,36,41,0,106,0,0,0,0,0,29,36,41,0,106,60,0,60,166
12/02/2022,SBA,CA,AWP,WE,Combined TRACON& Tower with Radar,34,33,48,2,117,0,0,2,0,2,34,33,50,2,119,12,0,12,131
12/03/2022,SBA,CA,AWP,WE,Combined TRACON& Tower with Radar,28,26,31,0,85,0,0,15,0,15,28,26,46,0,100,64,0,64,164
12/04/2022,SBA,CA,AWP,WE,Combined TRACON& Tower with Radar,33,26,42,0,101,0,0,7,0,7,33,26,49,0,108,32,0,32,140
12/05/2022,SBA,CA,AWP,WE,Combined TRACON& Tower with Radar,32,22,25,2,81,0,2,71,0,73,32,24,96,2,154,72,0,72,226
12/06/2022,SBA,CA,AWP,WE,Combined TRACON& Tower with Radar,34,26,27,2,89,0,0,40,0,40,34,26,67,2,129,146,0,146,275
12/07/2022,SBA,CA,AWP,WE,Combined TRACON& Tower with Radar,32,27,43,0,102,0,3,78,0,81,32,30,121,0,183,64,0,64,247
12/08/2022,SBA,CA,AWP,WE,Combined TRACON& Tower with Radar,31,30,33,6,100,0,0,75,7,82,31,30,108,13,182,96,22,118,300
12/09/2022,SBA,CA,AWP,WE,Combined TRACON& Tower with Radar,34,48,39,5,126,0,2,98,1,101,34,50,137,6,227,74,0,74,301
12/10/2022,SBA,CA,AWP,WE,Combined TRACON& Tower with Radar,28,14,35,2,79,0,0,0,0,0,28,14,35,2,79,0,0,0,79
12/11/2022,SBA,CA,AWP,WE,Combined TRACON& Tower with Radar,33,26,27,1,87,0,0,17,0,17,33,26,44,1,104,54,0,54,158
12/12/2022,SBA,CA,AWP,WE,Combined TRACON& Tower with Radar,32,34,28,2,96,0,0,31,1,32,32,34,59,3,128,68,0,68,196
12/13/2022,SBA,CA,AWP,WE,Combined TRACON& Tower with Radar,32,30,37,5,104,0,1,86,4,91,32,31,123,9,195,128,8,136,331
12/14/2022,SBA,CA,AWP,WE,Combined TRACON& Tower with Radar,31,34,35,1,101,0,0,83,1,84,31,34,118,2,185,46,0,46,231
12/15/2022,SBA,CA,AWP,WE,Combined TRACON& Tower with Radar,29,44,48,2,123,0,3,67,1,71,29,47,115,3,194,112,0,112,306
12/16/2022,SBA,CA,AWP,WE,Combined TRACON& Tower with Radar,29,53,49,3,134,0,3,88,1,92,29,56,137,4,226,136,0,136,362
12/17/2022,SBA,CA,AWP,WE,Combined TRACON& Tower with Radar,30,27,40,0,97,0,0,90,0,90,30,27,130,0,187,96,0,96,283
12/18/2022,SBA,CA,AWP,WE,Combined TRACON& Tower with Radar,31,30,25,0,86,0,0,108,0,108,31,30,133,0,194,60,0,60,254
12/19/2022,SBA,CA,AWP,WE,Combined TRACON& Tower with Radar,31,30,44,0,105,0,2,74,0,76,31,32,118,0,181,92,0,92,273
12/20/2022,SBA,CA,AWP,WE,Combined TRACON& Tower with Radar,31,40,19,10,100,0,2,59,0,61,31,42,78,10,161,94,8,102,263
12/21/2022,SBA,CA,AWP,WE,Combined TRACON& Tower with Radar,28,38,27,1,94,0,1,86,1,88,28,39,113,2,182,128,0,128,310
12/22/2022,SBA,CA,AWP,WE,Combined TRACON& Tower with Radar,25,35,32,0,92,0,0,89,0,89,25,35,121,0,181,96,0,96,277
12/23/2022,SBA,CA,AWP,WE,Combined TRACON& Tower with Radar,23,45,28,2,98,0,0,96,0,96,23,45,124,2,194,160,4,164,358
12/24/2022,SBA,CA,AWP,WE,Combined TRACON& Tower with Radar,14,19,16,0,49,0,0,64,0,64,14,19,80,0,113,80,0,80,193
12/25/2022,SBA,CA,AWP,WE,Combined TRACON& Tower with Radar,16,17,10,0,43,0,0,45,0,45,16,17,55,0,88,10,0,10,98
12/26/2022,SBA,CA,AWP,WE,Combined TRACON& Tower with Radar,25,30,58,0,113,0,2,94,1,97,25,32,152,1,210,118,0,118,328
12/27/2022,SBA,CA,AWP,WE,Combined TRACON& Tower with Radar,25,28,37,0,90,0,0,9,0,9,25,28,46,0,99,0,0,0,99
12/28/2022,SBA,CA,AWP,WE,Combined TRACON& Tower with Radar,23,34,53,0,110,0,0,74,0,74,23,34,127,0,184,96,0,96,280
12/29/2022,SBA,CA,AWP,WE,Combined TRACON& Tower with Radar,23,48,44,3,118,0,0,10,1,11,23,48,54,4,129,38,4,42,171
12/30/2022,SBA,CA,AWP,WE,Combined TRACON& Tower with Radar,35,43,49,0,127,0,0,0,0,0,35,43,49,0,127,4,0,4,131
12/31/2022,SBA,CA,AWP,WE,Combined TRACON& Tower with Radar,27,25,18,0,70,0,0,0,0,0,27,25,18,0,70,0,0,0,70
01/01/2023,SBA,CA,AWP,WE,Combined TRACON& Tower with Radar,29,28,25,0,82,0,9,12,0,21,29,37,37,0,103,0,0,0,103
01/02/2023,SBA,CA,AWP,WE,Combined TRACON& Tower with Radar,34,35,49,0,118,0,1,36,0,37,34,36,85,0,155,48,0,48,203
01/03/2023,SBA,CA,AWP,WE,Combined TRACON& Tower with Radar,31,31,32,2,96,0,0,27,0,27,31,31,59,2,123,138,0,138,261
01/04/2023,SBA,CA,AWP,WE,Combined TRACON& Tower with Radar,32,44,10,4,90,0,0,0,0,0,32,44,10,4,90,0,0,0,90
01/05/2023,SBA,CA,AWP,WE,Combined TRACON& Tower with Radar,33,24,15,4,76,0,4,2,0,6,33,28,17,4,82,0,2,2,84
01/06/2023,SBA,CA,AWP,WE,Combined TRACON& Tower with Radar,32,38,43,1,114,0,7,129,1,137,32,45,172,2,251,176,0,176,427
01/07/2023,SBA,CA,AWP,WE,Combined TRACON& Tower with Radar,30,32,22,2,86,0,1,52,0,53,30,33,74,2,139,156,0,156,295
01/08/2023,SBA,CA,AWP,WE,Combined TRACON& Tower with Radar,29,32,46,0,107,0,1,9,0,10,29,33,55,0,117,62,0,62,179
01/09/2023,SBA,CA,AWP,WE,Combined TRACON& Tower with Radar,9,4,2,0,15,0,0,0,0,0,9,4,2,0,15,0,0,0,15
01/10/2023,SBA,CA,AWP,WE,Combined TRACON& Tower with Radar,3,7,4,0,14,0,6,0,2,8,3,13,4,2,22,0,0,0,22
01/11/2023,SBA,CA,AWP,WE,Combined TRACON& Tower with Radar,28,38,28,2,96,0,2,41,2,45,28,40,69,4,141,46,0,46,187
01/12/2023,SBA,CA,AWP,WE,Combined TRACON& Tower with Radar,29,27,26,1,83,0,1,65,3,69,29,28,91,4,152,98,0,98,250
01/13/2023,SBA,CA,AWP,WE,Combined TRACON& Tower with Radar,33,45,23,1,102,0,0,62,0,62,33,45,85,1,164,50,0,50,214
01/14/2023,SBA,CA,AWP,WE,Combined TRACON& Tower with Radar,30,17,16,1,64,0,0,0,0,0,30,17,16,1,64,0,0,0,64
01/15/2023,SBA,CA,AWP,WE,Combined TRACON& Tower with Radar,29,15,18,0,62,0,0,10,0,10,29,15,28,0,72,48,0,48,120
01/16/2023,SBA,CA,AWP,WE,Combined TRACON& Tower with Radar,31,27,23,0,81,0,0,7,0,7,31,27,30,0,88,16,0,16,104
01/17/2023,SBA,CA,AWP,WE,Combined TRACON& Tower with Radar,30,24,26,4,84,0,1,58,0,59,30,25,84,4,143,48,8,56,199
01/18/2023,SBA,CA,AWP,WE,Combined TRACON& Tower with Radar,29,26,31,2,88,0,2,74,0,76,29,28,105,2,164,107,2,109,273
01/19/2023,SBA,CA,AWP,WE,Combined TRACON& Tower with Radar,29,31,40,7,107,0,4,34,0,38,29,35,74,7,145,92,4,96,241
01/20/2023,SBA,CA,AWP,WE,Combined TRACON& Tower with Radar,33,32,36,0,101,0,1,102,1,104,33,33,138,1,205,40,0,40,245
01/21/2023,SBA,CA,AWP,WE,Combined TRACON& Tower with Radar,28,19,34,0,81,0,0,137,0,137,28,19,171,0,218,170,0,170,388
01/22/2023,SBA,CA,AWP,WE,Combined TRACON& Tower with Radar,29,33,31,0,93,0,0,101,0,101,29,33,132,0,194,108,0,108,302
01/23/2023,SBA,CA,AWP,WE,Combined TRACON& Tower with Radar,29,30,27,2,88,0,1,59,0,60,29,31,86,2,148,0,0,0,148
01/24/2023,SBA,CA,AWP,WE,Combined TRACON& Tower with Radar,30,25,32,6,93,0,4,74,1,79,30,29,106,7,172,82,8,90,262
01/25/2023,SBA,CA,AWP,WE,Combined TRACON& Tower with Radar,31,45,41,1,118,0,1,74,1,76,31,46,115,2,194,74,0,74,268
01/26/2023,SBA,CA,AWP,WE,Combined TRACON& Tower with Radar,33,40,25,2,100,0,5,55,1,61,33,45,80,3,161,66,4,70,231
01/27/2023,SBA,CA,AWP,WE,Combined TRACON& Tower with Radar,36,32,47,4,119,0,3,124,0,127,36,35,171,4,246,164,4,168,414
01/28/2023,SBA,CA,AWP,WE,Combined TRACON& Tower with Radar,28,21,38,1,88,0,0,116,2,118,28,21,154,3,206,144,0,144,350
01/29/2023,SBA,CA,AWP,WE,Combined TRACON& Tower with Radar,29,31,42,0,102,0,1,29,0,30,29,32,71,0,132,160,0,160,292
01/30/2023,SBA,CA,AWP,WE,Combined TRACON& Tower with Radar,29,24,26,0,79,0,0,27,0,27,29,24,53,0,106,84,0,84,190
01/31/2023,SBA,CA,AWP,WE,Combined TRACON& Tower with Radar,28,29,21,4,82,0,6,52,1,59,28,35,73,5,141,117,4,121,262
02/01/2023,SBA,CA,AWP,WE,Combined TRACON& Tower with Radar,29,30,17,0,76,0,0,93,0,93,29,30,110,0,169,118,4,122,291
02/02/2023,SBA,CA,AWP,WE,Combined TRACON& Tower with Radar,28,36,33,0,97,0,1,91,0,92,28,37,124,0,189,58,0,58,247
02/03/2023,SBA,CA,AWP,WE,Combined TRACON& Tower with Radar,31,41,45,2,119,0,2,100,6,108,31,43,145,8,227,90,0,90,317
02/04/2023,SBA,CA,AWP,WE,Combined TRACON& Tower with Radar,27,29,39,0,95,0,5,134,4,143,27,34,173,4,238,108,0,108,346
02/05/2023,SBA,CA,AWP,WE,Combined TRACON& Tower with Radar,30,26,26,2,84,0,0,33,2,35,30,26,59,4,119,14,2,16,135
02/06/2023,SBA,CA,AWP,WE,Combined TRACON& Tower with Radar,29,38,23,0,90,0,0,69,0,69,29,38,92,0,159,118,0,118,277
02/07/2023,SBA,CA,AWP,WE,Combined TRACON& Tower with Radar,29,27,28,0,84,0,1,75,0,76,29,28,103,0,160,178,0,178,338
02/08/2023,SBA,CA,AWP,WE,Combined TRACON& Tower with Radar,29,38,35,2,104,0,0,93,0,93,29,38,128,2,197,128,4,132,329
02/09/2023,SBA,CA,AWP,WE,Combined TRACON& Tower with Radar,29,42,39,4,114,0,0,81,0,81,29,42,120,4,195,158,6,164,359
02/10/2023,SBA,CA,AWP,WE,Combined TRACON& Tower with Radar,36,45,34,2,117,0,1,128,2,131,36,46,162,4,248,174,0,174,422
02/11/2023,SBA,CA,AWP,WE,Combined TRACON& Tower with Radar,30,24,21,0,75,0,0,44,0,44,30,24,65,0,119,16,0,16,135
02/12/2023,SBA,CA,AWP,WE,Combined TRACON& Tower with Radar,33,26,24,0,83,0,0,91,2,93,33,26,115,2,176,161,0,161,337
02/13/2023,SBA,CA,AWP,WE,Combined TRACON& Tower with Radar,32,31,36,8,107,0,2,42,0,44,32,33,78,8,151,126,8,134,285
02/14/2023,SBA,CA,AWP,WE,Combined TRACON& Tower with Radar,32,33,23,7,95,0,3,19,1,23,32,36,42,8,118,62,18,80,198
02/15/2023,SBA,CA,AWP,WE,Combined TRACON& Tower with Radar,33,39,33,0,105,0,6,80,4,90,33,45,113,4,195,96,0,96,291
02/16/2023,SBA,CA,AWP,WE,Combined TRACON& Tower with Radar,37,52,43,0,132,0,2,77,2,81,37,54,120,2,213,88,0,88,301
02/17/2023,SBA,CA,AWP,WE,Combined TRACON& Tower with Radar,37,48,51,2,138,0,2,83,0,85,37,50,134,2,223,96,0,96,319
02/18/2023,SBA,CA,AWP,WE,Combined TRACON& Tower with Radar,30,37,38,0,105,0,0,136,0,136,30,37,174,0,241,110,0,110,351
02/19/2023,SBA,CA,AWP,WE,Combined TRACON& Tower with Radar,32,23,46,0,101,0,0,111,0,111,32,23,157,0,212,130,0,130,342
02/20/2023,SBA,CA,AWP,WE,Combined TRACON& Tower with Radar,35,33,54,0,122,0,0,114,1,115,35,33,168,1,237,64,0,64,301
02/21/2023,SBA,CA,AWP,WE,Combined TRACON& Tower with Radar,35,34,29,2,100,0,0,34,5,39,35,34,63,7,139,88,2,90,229
02/22/2023,SBA,CA,AWP,WE,Combined TRACON& Tower with Radar,34,13,12,3,62,0,0,11,9,20,34,13,23,12,82,0,2,2,84
02/23/2023,SBA,CA,AWP,WE,Combined TRACON& Tower with Radar,34,23,28,0,85,0,0,4,0,4,34,23,32,0,89,46,0,46,135
02/24/2023,SBA,CA,AWP,WE,Combined TRACON& Tower with Radar,30,24,11,0,65,0,0,0,0,0,30,24,11,0,65,0,0,0,65
02/25/2023,SBA,CA,AWP,WE,Combined TRACON& Tower with Radar,30,32,17,0,79,0,0,6,0,6,30,32,23,0,85,32,0,32,117
02/26/2023,SBA,CA,AWP,WE,Combined TRACON& Tower with Radar,33,34,30,3,100,0,0,58,1,59,33,34,88,4,159,110,0,110,269
02/27/2023,SBA,CA,AWP,WE,Combined TRACON& Tower with Radar,35,22,9,0,66,0,0,10,0,10,35,22,19,0,76,110,0,110,186
02/28/2023,SBA,CA,AWP,WE,Combined TRACON& Tower with Radar,36,27,23,2,88,0,2,27,3,32,36,29,50,5,120,128,0,128,248
03/01/2023,SBA,CA,AWP,WE,Combined TRACON& Tower with Radar,34,35,19,5,93,0,0,11,3,14,34,35,30,8,107,0,0,0,107
03/02/2023,SBA,CA,AWP,WE,Combined TRACON& Tower with Radar,36,35,53,0,124,0,2,135,2,139,36,37,188,2,263,168,2,170,433
03/03/2023,SBA,CA,AWP,WE,Combined TRACON& Tower with Radar,33,35,38,0,106,0,0,116,0,116,33,35,154,0,222,132,0,132,354
03/04/2023,SBA,CA,AWP,WE,Combined TRACON& Tower with Radar,36,16,28,2,82,0,0,24,1,25,36,16,52,3,107,92,0,92,199
03/05/2023,SBA,CA,AWP,WE,Combined TRACON& Tower with Radar,32,48,35,1,116,0,0,20,2,22,32,48,55,3,138,58,0,58,196
03/06/2023,SBA,CA,AWP,WE,Combined TRACON& Tower with Radar,33,34,41,0,108,0,0,65,2,67,33,34,106,2,175,86,2,88,263
03/07/2023,SBA,CA,AWP,WE,Combined TRACON& Tower with Radar,33,34,30,2,99,0,1,115,0,116,33,35,145,2,215,106,0,106,321
03/08/2023,SBA,CA,AWP,WE,Combined TRACON& Tower with Radar,33,40,50,4,127,0,4,51,0,55,33,44,101,4,182,107,0,107,289
03/09/2023,SBA,CA,AWP,WE,Combined TRACON& Tower with Radar,34,40,34,4,112,0,0,92,1,93,34,40,126,5,205,112,6,118,323
03/10/2023,SBA,CA,AWP,WE,Combined TRACON& Tower with Radar,33,21,29,0,83,0,0,0,0,0,33,21,29,0,83,4,0,4,87
03/11/2023,SBA,CA,AWP,WE,Combined TRACON& Tower with Radar,33,21,54,0,108,0,0,1,0,1,33,21,55,0,109,0,0,0,109
03/12/2023,SBA,CA,AWP,WE,Combined TRACON& Tower with Radar,31,30,41,0,102,0,0,9,0,9,31,30,50,0,111,0,0,0,111
03/13/2023,SBA,CA,AWP,WE,Combined TRACON& Tower with Radar,31,31,69,0,131,0,0,0,0,0,31,31,69,0,131,10,0,10,141
03/14/2023,SBA,CA,AWP,WE,Combined TRACON& Tower with Radar,32,29,21,0,82,0,0,0,0,0,32,29,21,0,82,0,0,0,82
03/15/2023,SBA,CA,AWP,WE,Combined TRACON& Tower with Radar,34,26,40,2,102,0,3,39,0,42,34,29,79,2,144,72,0,72,216
03/16/2023,SBA,CA,AWP,WE,Combined TRACON& Tower with Radar,33,29,46,3,111,0,4,40,1,45,33,33,86,4,156,200,0,200,356
03/17/2023,SBA,CA,AWP,WE,Combined TRACON& Tower with Radar,35,40,38,0,113,0,6,90,0,96,35,46,128,0,209,112,0,112,321
03/18/2023,SBA,CA,AWP,WE,Combined TRACON& Tower with Radar,34,28,41,0,103,0,5,139,0,144,34,33,180,0,247,186,0,186,433
03/19/2023,SBA,CA,AWP,WE,Combined TRACON& Tower with Radar,32,31,55,2,120,0,0,14,0,14,32,31,69,2,134,70,0,70,204
03/20/2023,SBA,CA,AWP,WE,Combined TRACON& Tower with Radar,34,33,47,6,120,0,0,7,0,7,34,33,54,6,127,34,6,40,167
03/21/2023,SBA,CA,AWP,WE,Combined TRACON& Tower with Radar,29,16,8,0,53,0,0,0,0,0,29,16,8,0,53,0,0,0,53
03/22/2023,SBA,CA,AWP,WE,Combined TRACON& Tower with Radar,35,39,21,0,95,0,0,7,0,7,35,39,28,0,102,76,0,76,178
03/23/2023,SBA,CA,AWP,WE,Combined TRACON& Tower with Radar,34,29,34,0,97,0,0,48,2,50,34,29,82,2,147,98,0,98,245
03/24/2023,SBA,CA,AWP,WE,Combined TRACON& Tower with Radar,34,37,37,0,108,0,4,83,1,88,34,41,120,1,196,90,0,90,286
03/25/2023,SBA,CA,AWP,WE,Combined TRACON& Tower with Radar,33,22,39,2,96,0,0,100,2,102,33,22,139,4,198,156,0,156,354
03/26/2023,SBA,CA,AWP,WE,Combined TRACON& Tower with Radar,29,37,48,0,114,0,3,106,0,109,29,40,154,0,223,86,0,86,309
03/27/2023,SBA,CA,AWP,WE,Combined TRACON& Tower with Radar,29,33,36,3,101,0,1,99,1,101,29,34,135,4,202,112,2,114,316
03/28/2023,SBA,CA,AWP,WE,Combined TRACON& Tower with Radar,33,37,28,0,98,0,1,79,0,80,33,38,107,0,178,86,0,86,264
03/29/2023,SBA,CA,AWP,WE,Combined TRACON& Tower with Radar,31,31,18,0,80,0,2,17,0,19,31,33,35,0,99,26,0,26,125
03/30/2023,SBA,CA,AWP,WE,Combined TRACON& Tower with Radar,31,35,33,3,102,0,2,33,4,39,31,37,66,7,141,120,2,122,263
03/31/2023,SBA,CA,AWP,WE,Combined TRACON& Tower with Radar,27,47,28,0,102,0,0,102,3,105,27,47,130,3,207,132,0,132,339
04/01/2023,SBA,CA,AWP,WE,Combined TRACON& Tower with Radar,28,32,34,4,98,0,5,136,0,141,28,37,170,4,239,64,0,64,303
04/02/2023,SBA,CA,AWP,WE,Combined TRACON& Tower with Radar,26,36,34,3,99,0,3,130,1,134,26,39,164,4,233,92,0,92,325
04/03/2023,SBA,CA,AWP,WE,Combined TRACON& Tower with Radar,31,39,12,7,89,0,0,20,3,23,31,39,32,10,112,22,0,22,134
04/04/2023,SBA,CA,AWP,WE,Combined TRACON& Tower with Radar,32,39,26,6,103,0,1,47,2,50,32,40,73,8,153,54,0,54,207
04/05/2023,SBA,CA,AWP,WE,Combined TRACON& Tower with Radar,31,42,34,7,114,0,2,105,2,109,31,44,139,9,223,90,6,96,319
04/06/2023,SBA,CA,AWP,WE,Combined TRACON& Tower with Radar,30,42,53,6,131,0,2,109,0,111,30,44,162,6,242,92,0,92,334
04/07/2023,SBA,CA,AWP,WE,Combined TRACON& Tower with Radar,30,43,31,0,104,0,2,92,1,95,30,45,123,1,199,140,0,140,339
04/08/2023,SBA,CA,AWP,WE,Combined TRACON& Tower with Radar,28,26,27,4,85,0,0,113,0,113,28,26,140,4,198,110,0,110,308
04/09/2023,SBA,CA,AWP,WE,Combined TRACON& Tower with Radar,28,32,45,0,105,0,1,18,0,19,28,33,63,0,124,0,0,0,124
04/10/2023,SBA,CA,AWP,WE,Combined TRACON& Tower with Radar,30,50,63,0,143,0,0,15,0,15,30,50,78,0,158,2,0,2,160
04/11/2023,SBA,CA,AWP,WE,Combined TRACON& Tower with Radar,36,41,62,3,142,0,0,3,1,4,36,41,65,4,146,2,0,2,148
04/12/2023,SBA,CA,AWP,WE,Combined TRACON& Tower with Radar,33,53,57,0,143,0,2,6,1,9,33,55,63,1,152,2,0,2,154
04/13/2023,SBA,CA,AWP,WE,Combined TRACON& Tower with Radar,32,41,32,0,105,0,0,53,2,55,32,41,85,2,160,62,2,64,224
04/14/2023,SBA,CA,AWP,WE,Combined TRACON& Tower with Radar,29,49,35,0,113,0,0,74,0,74,29,49,109,0,187,92,0,92,279
04/15/2023,SBA,CA,AWP,WE,Combined TRACON& Tower with Radar,29,31,43,0,103,0,0,125,0,125,29,31,168,0,228,68,0,68,296
04/16/2023,SBA,CA,AWP,WE,Combined TRACON& Tower with Radar,29,38,60,0,127,0,0,43,2,45,29,38,103,2,172,56,0,56,228
04/17/2023,SBA,CA,AWP,WE,Combined TRACON& Tower with Radar,31,57,54,4,146,0,1,13,0,14,31,58,67,4,160,42,0,42,202
04/18/2023,SBA,CA,AWP,WE,Combined TRACON& Tower with Radar,29,81,60,2,172,0,1,78,0,79,29,82,138,2,251,63,2,65,316
04/19/2023,SBA,CA,AWP,WE,Combined TRACON& Tower with Radar,30,41,42,0,113,0,0,87,1,88,30,41,129,1,201,104,0,104,305
04/20/2023,SBA,CA,AWP,WE,Combined TRACON& Tower with Radar,29,73,64,0,166,0,6,127,4,137,29,79,191,4,303,146,0,146,449
04/21/2023,SBA,CA,AWP,WE,Combined TRACON& Tower with Radar,30,62,38,2,132,0,3,137,0,140,30,65,175,2,272,126,0,126,398
04/22/2023,SBA,CA,AWP,WE,Combined TRACON& Tower with Radar,31,52,30,0,113,0,4,113,2,119,31,56,143,2,232,170,0,170,402
04/23/2023,SBA,CA,AWP,WE,Combined TRACON& Tower with Radar,30,36,41,2,109,0,3,116,0,119,30,39,157,2,228,92,0,92,320
04/24/2023,SBA,CA,AWP,WE,Combined TRACON& Tower with Radar,29,39,36,2,106,0,6,59,0,65,29,45,95,2,171,66,0,66,237
04/25/2023,SBA,CA,AWP,WE,Combined TRACON& Tower with Radar,28,37,51,2,118,0,2,36,1,39,28,39,87,3,157,134,2,136,293
04/26/2023,SBA,CA,AWP,WE,Combined TRACON& Tower with Radar,29,33,76,0,138,0,0,7,0,7,29,33,83,0,145,0,0,0,145
04/27/2023,SBA,CA,AWP,WE,Combined TRACON& Tower with Radar,28,52,47,0,127,0,1,9,0,10,28,53,56,0,137,0,0,0,137
04/28/2023,SBA,CA,AWP,WE,Combined TRACON& Tower with Radar,40,68,64,0,172,0,2,13,0,15,40,70,77,0,187,2,0,2,189
04/29/2023,SBA,CA,AWP,WE,Combined TRACON& Tower with Radar,35,30,53,1,119,0,0,14,1,15,35,30,67,2,134,6,0,6,140
04/30/2023,SBA,CA,AWP,WE,Combined TRACON& Tower with Radar,34,51,85,1,171,0,0,24,0,24,34,51,109,1,195,18,0,18,213
05/01/2023,SBA,CA,AWP,WE,Combined TRACON& Tower with Radar,31,50,51,1,133,0,7,31,0,38,31,57,82,1,171,108,0,108,279
05/02/2023,SBA,CA,AWP,WE,Combined TRACON& Tower with Radar,29,28,27,2,86,0,1,28,0,29,29,29,55,2,115,60,0,60,175
05/03/2023,SBA,CA,AWP,WE,Combined TRACON& Tower with Radar,31,55,28,2,116,0,1,42,6,49,31,56,70,8,165,112,0,112,277
05/04/2023,SBA,CA,AWP,WE,Combined TRACON& Tower with Radar,30,40,34,7,111,0,1,31,5,37,30,41,65,12,148,134,0,134,282
05/05/2023,SBA,CA,AWP,WE,Combined TRACON& Tower with Radar,30,43,42,0,115,0,0,66,2,68,30,43,108,2,183,134,0,134,317
05/06/2023,SBA,CA,AWP,WE,Combined TRACON& Tower with Radar,30,35,39,1,105,0,4,101,1,106,30,39,140,2,211,118,0,118,329
05/07/2023,SBA,CA,AWP,WE,Combined TRACON& Tower with Radar,30,42,55,0,127,0,4,108,0,112,30,46,163,0,239,132,0,132,371
05/08/2023,SBA,CA,AWP,WE,Combined TRACON& Tower with Radar,32,39,44,4,119,0,5,104,0,109,32,44,148,4,228,146,2,148,376
05/09/2023,SBA,CA,AWP,WE,Combined TRACON& Tower with Radar,28,44,56,4,132,0,1,29,4,34,28,45,85,8,166,90,4,94,260
05/10/2023,SBA,CA,AWP,WE,Combined TRACON& Tower with Radar,31,42,41,2,116,0,8,104,2,114,31,50,145,4,230,180,0,180,410
05/11/2023,SBA,CA,AWP,WE,Combined TRACON& Tower with Radar,35,74,35,0,144,0,5,92,0,97,35,79,127,0,241,166,0,166,407
05/12/2023,SBA,CA,AWP,WE,Combined TRACON& Tower with Radar,31,55,44,0,130,0,9,111,3,123,31,64,155,3,253,110,0,110,363
05/13/2023,SBA,CA,AWP,WE,Combined TRACON& Tower with Radar,33,29,65,0,127,0,7,23,1,31,33,36,88,1,158,16,0,16,174
05/14/2023,SBA,CA,AWP,WE,Combined TRACON& Tower with Radar,29,39,60,0,128,0,1,6,0,7,29,40,66,0,135,0,0,0,135
05/15/2023,SBA,CA,AWP,WE,Combined TRACON& Tower with Radar,31,34,60,4,129,0,0,0,0,0,31,34,60,4,129,0,0,0,129
05/16/2023,SBA,CA,AWP,WE,Combined TRACON& Tower with Radar,28,40,61,2,131,0,0,4,0,4,28,40,65,2,135,0,2,2,137
05/17/2023,SBA,CA,AWP,WE,Combined TRACON& Tower with Radar,32,47,55,0,134,0,0,10,0,10,32,47,65,0,144,34,0,34,178
05/18/2023,SBA,CA,AWP,WE,Combined TRACON& Tower with Radar,31,47,43,2,123,0,0,1,0,1,31,47,44,2,124,28,4,32,156
05/19/2023,SBA,CA,AWP,WE,Combined TRACON& Tower with Radar,31,54,83,2,170,0,0,6,2,8,31,54,89,4,178,54,0,54,232
05/20/2023,SBA,CA,AWP,WE,Combined TRACON& Tower with Radar,30,47,65,0,142,0,1,39,0,40,30,48,104,0,182,114,0,114,296
05/21/2023,SBA,CA,AWP,WE,Combined TRACON& Tower with Radar,30,53,67,0,150,0,5,5,2,12,30,58,72,2,162,6,0,6,168
05/22/2023,SBA,CA,AWP,WE,Combined TRACON& Tower with Radar,33,67,67,0,167,0,0,1,0,1,33,67,68,0,168,0,0,0,168
05/23/2023,SBA,CA,AWP,WE,Combined TRACON& Tower with Radar,28,62,58,0,148,0,0,3,0,3,28,62,61,0,151,40,0,40,191
05/24/2023,SBA,CA,AWP,WE,Combined TRACON& Tower with Radar,33,52,78,0,163,0,3,31,0,34,33,55,109,0,197,206,0,206,403
05/25/2023,SBA,CA,AWP,WE,Combined TRACON& Tower with Radar,32,62,52,5,151,0,3,33,1,37,32,65,85,6,188,150,14,164,352
05/26/2023,SBA,CA,AWP,WE,Combined TRACON& Tower with Radar,32,66,65,4,167,0,1,48,0,49,32,67,113,4,216,110,0,110,326
05/27/2023,SBA,CA,AWP,WE,Combined TRACON& Tower with Radar,29,37,38,0,104,0,3,57,0,60,29,40,95,0,164,164,0,164,328
05/28/2023,SBA,CA,AWP,WE,Combined TRACON& Tower with Radar,29,30,54,0,113,0,0,4,0,4,29,30,58,0,117,74,0,74,191
05/29/2023,SBA,CA,AWP,WE,Combined TRACON& Tower with Radar,34,56,70,0,160,0,2,23,0,25,34,58,93,0,185,80,0,80,265
05/30/2023,SBA,CA,AWP,WE,Combined TRACON& Tower with Radar,30,50,35,4,119,0,0,13,2,15,30,50,48,6,134,120,2,122,256
05/31/2023,SBA,CA,AWP,WE,Combined TRACON& Tower with Radar,32,55,65,4,156,0,0,50,8,58,32,55,115,12,214,154,2,156,370
06/01/2023,SBA,CA,AWP,WE,Combined TRACON& Tower with Radar,30,43,61,8,142,0,3,31,2,36,30,46,92,10,178,156,4,160,338
06/02/2023,SBA,CA,AWP,WE,Combined TRACON& Tower with Radar,33,42,39,0,114,0,0,85,4,89,33,42,124,4,203,116,0,116,319
06/03/2023,SBA,CA,AWP,WE,Combined TRACON& Tower with Radar,30,33,34,4,101,0,6,148,1,155,30,39,182,5,256,104,0,104,360
06/04/2023,SBA,CA,AWP,WE,Combined TRACON& Tower with Radar,26,34,51,1,112,0,2,3,0,5,26,36,54,1,117,0,0,0,117
06/05/2023,SBA,CA,AWP,WE,Combined TRACON& Tower with Radar,32,31,43,3,109,0,0,7,0,7,32,31,50,3,116,22,0,22,138
06/06/2023,SBA,CA,AWP,WE,Combined TRACON& Tower with Radar,30,52,47,0,129,0,0,12,3,15,30,52,59,3,144,68,0,68,212
06/07/2023,SBA,CA,AWP,WE,Combined TRACON& Tower with Radar,32,41,65,4,142,0,2,44,0,46,32,43,109,4,188,118,0,118,306
06/08/2023,SBA,CA,AWP,WE,Combined TRACON& Tower with Radar,32,40,59,2,133,0,4,38,2,44,32,44,97,4,177,160,0,160,337
06/09/2023,SBA,CA,AWP,WE,Combined TRACON& Tower with Radar,32,43,69,0,144,0,1,6,0,7,32,44,75,0,151,230,0,230,381
06/10/2023,SBA,CA,AWP,WE,Combined TRACON& Tower with Radar,29,48,60,2,139,0,1,13,2,16,29,49,73,4,155,32,0,32,187
06/11/2023,SBA,CA,AWP,WE,Combined TRACON& Tower with Radar,26,29,51,0,106,0,0,23,0,23,26,29,74,0,129,82,0,82,211
06/12/2023,SBA,CA,AWP,WE,Combined TRACON& Tower with Radar,33,44,59,2,138,0,5,29,0,34,33,49,88,2,172,86,0,86,258
06/13/2023,SBA,CA,AWP,WE,Combined TRACON& Tower with Radar,31,31,50,4,116,0,0,30,1,31,31,31,80,5,147,132,2,134,281
06/14/2023,SBA,CA,AWP,WE,Combined TRACON& Tower with Radar,31,43,47,0,121,0,1,2,2,5,31,44,49,2,126,120,0,120,246
06/15/2023,SBA,CA,AWP,WE,Combined TRACON& Tower with Radar,31,45,58,1,135,0,3,7,1,11,31,48,65,2,146,84,0,84,230
06/16/2023,SBA,CA,AWP,WE,Combined TRACON& Tower with Radar,34,39,74,0,147,0,2,17,0,19,34,41,91,0,166,132,0,132,298
06/17/2023,SBA,CA,AWP,WE,Combined TRACON& Tower with Radar,31,32,48,0,111,0,3,92,0,95,31,35,140,0,206,42,0,42,248
06/18/2023,SBA,CA,AWP,WE,Combined TRACON& Tower with Radar,27,38,62,1,128,0,0,8,2,10,27,38,70,3,138,22,1,23,161
06/19/2023,SBA,CA,AWP,WE,Combined TRACON& Tower with Radar,33,65,60,0,158,0,0,67,1,68,33,65,127,1,226,148,0,148,374
06/20/2023,SBA,CA,AWP,WE,Combined TRACON& Tower with Radar,31,47,28,4,110,0,1,114,4,119,31,48,142,8,229,108,8,116,345
06/21/2023,SBA,CA,AWP,WE,Combined TRACON& Tower with Radar,31,61,36,0,128,0,2,105,2,109,31,63,141,2,237,202,4,206,443
06/22/2023,SBA,CA,AWP,WE,Combined TRACON& Tower with Radar,31,37,30,4,102,0,2,64,0,66,31,39,94,4,168,124,2,126,294
06/23/2023,SBA,CA,AWP,WE,Combined TRACON& Tower with Radar,32,47,45,0,124,0,1,95,0,96,32,48,140,0,220,80,0,80,300
06/24/2023,SBA,CA,AWP,WE,Combined TRACON& Tower with Radar,29,32,40,0,101,0,3,112,0,115,29,35,152,0,216,124,0,124,340
06/25/2023,SBA,CA,AWP,WE,Combined TRACON& Tower with Radar,24,42,41,0,107,0,8,123,0,131,24,50,164,0,238,146,0,146,384
06/26/2023,SBA,CA,AWP,WE,Combined TRACON& Tower with Radar,32,35,34,13,114,0,6,88,1,95,32,41,122,14,209,64,2,66,275
06/27/2023,SBA,CA,AWP,WE,Combined TRACON& Tower with Radar,29,48,40,3,120,0,1,110,2,113,29,49,150,5,233,102,12,114,347
06/28/2023,SBA,CA,AWP,WE,Combined TRACON& Tower with Radar,29,38,50,5,122,0,0,97,1,98,29,38,147,6,220,154,26,180,400
06/29/2023,SBA,CA,AWP,WE,Combined TRACON& Tower with Radar,29,36,71,1,137,0,3,79,3,85,29,39,150,4,222,102,10,112,334
06/30/2023,SBA,CA,AWP,WE,Combined TRACON& Tower with Radar,32,43,83,0,158,0,1,31,0,32,32,44,114,0,190,6,0,6,196
07/01/2023,SBA,CA,AWP,WE,Combined TRACON& Tower with Radar,31,38,83,0,152,0,0,26,0,26,31,38,109,0,178,36,0,36,214
07/02/2023,SBA,CA,AWP,WE,Combined TRACON& Tower with Radar,26,26,34,0,86,0,0,35,0,35,26,26,69,0,121,28,0,28,149
07/03/2023,SBA,CA,AWP,WE,Combined TRACON& Tower with Radar,31,30,36,1,98,0,4,60,0,64,31,34,96,1,162,46,0,46,208
07/04/2023,SBA,CA,AWP,WE,Combined TRACON& Tower with Radar,31,14,27,0,72,0,0,20,0,20,31,14,47,0,92,14,0,14,106
07/05/2023,SBA,CA,AWP,WE,Combined TRACON& Tower with Radar,34,45,51,1,131,0,2,41,0,43,34,47,92,1,174,40,0,40,214
07/06/2023,SBA,CA,AWP,WE,Combined TRACON& Tower with Radar,34,37,52,2,125,0,0,84,2,86,34,37,136,4,211,96,0,96,307
07/07/2023,SBA,CA,AWP,WE,Combined TRACON& Tower with Radar,38,34,49,0,121,0,0,52,0,52,38,34,101,0,173,98,0,98,271
07/08/2023,SBA,CA,AWP,WE,Combined TRACON& Tower with Radar,31,33,57,2,123,0,0,107,0,107,31,33,164,2,230,148,0,148,378
07/09/2023,SBA,CA,AWP,WE,Combined TRACON& Tower with Radar,28,39,39,0,106,0,1,108,0,109,28,40,147,0,215,162,0,162,377
07/10/2023,SBA,CA,AWP,WE,Combined TRACON& Tower with Radar,35,53,32,0,120,0,7,99,0,106,35,60,131,0,226,158,0,158,384
07/11/2023,SBA,CA,AWP,WE,Combined TRACON& Tower with Radar,32,42,24,4,102,0,1,33,0,34,32,43,57,4,136,22,0,22,158
07/12/2023,SBA,CA,AWP,WE,Combined TRACON& Tower with Radar,35,40,37,0,112,0,5,79,2,86,35,45,116,2,198,98,0,98,296
07/13/2023,SBA,CA,AWP,WE,Combined TRACON& Tower with Radar,21,36,20,2,79,0,2,64,0,66,21,38,84,2,145,82,4,86,231
07/14/2023,SBA,CA,AWP,WE,Combined TRACON& Tower with Radar,36,43,36,8,123,0,1,118,0,119,36,44,154,8,242,184,2,186,428
07/15/2023,SBA,CA,AWP,WE,Combined TRACON& Tower with Radar,31,37,33,1,102,0,6,109,1,116,31,43,142,2,218,134,0,134,352
07/16/2023,SBA,CA,AWP,WE,Combined TRACON& Tower with Radar,29,41,46,1,117,0,2,86,0,88,29,43,132,1,205,62,0,62,267
07/17/2023,SBA,CA,AWP,WE,Combined TRACON& Tower with Radar,36,36,29,3,104,0,1,72,0,73,36,37,101,3,177,121,0,121,298
07/18/2023,SBA,CA,AWP,WE,Combined TRACON& Tower with Radar,34,33,32,8,107,0,4,65,2,71,34,37,97,10,178,48,12,60,238
07/19/2023,SBA,CA,AWP,WE,Combined TRACON& Tower with Radar,36,29,48,4,117,0,3,67,0,70,36,32,115,4,187,60,0,60,247
07/20/2023,SBA,CA,AWP,WE,Combined TRACON& Tower with Radar,34,39,51,1,125,0,3,89,3,95,34,42,140,4,220,106,4,110,330
07/21/2023,SBA,CA,AWP,WE,Combined TRACON& Tower with Radar,35,52,32,1,120,0,3,86,1,90,35,55,118,2,210,86,0,86,296
07/22/2023,SBA,CA,AWP,WE,Combined TRACON& Tower with Radar,33,28,63,0,124,0,1,59,2,62,33,29,122,2,186,18,2,20,206
07/23/2023,SBA,CA,AWP,WE,Combined TRACON& Tower with Radar,28,44,44,0,116,0,2,39,0,41,28,46,83,0,157,40,0,40,197
07/24/2023,SBA,CA,AWP,WE,Combined TRACON& Tower with Radar,35,46,40,8,129,0,2,58,0,60,35,48,98,8,189,140,2,142,331
07/25/2023,SBA,CA,AWP,WE,Combined TRACON& Tower with Radar,33,35,27,2,97,0,5,50,0,55,33,40,77,2,152,84,2,86,238
07/26/2023,SBA,CA,AWP,WE,Combined TRACON& Tower with Radar,35,46,24,0,105,0,2,107,0,109,35,48,131,0,214,98,0,98,312
07/27/2023,SBA,CA,AWP,WE,Combined TRACON& Tower with Radar,35,36,39,1,111,0,4,104,3,111,35,40,143,4,222,114,14,128,350
07/28/2023,SBA,CA,AWP,WE,Combined TRACON& Tower with Radar,34,42,53,0,129,0,2,92,0,94,34,44,145,0,223,54,0,54,277
07/29/2023,SBA,CA,AWP,WE,Combined TRACON& Tower with Radar,30,40,37,0,107,0,0,133,0,133,30,40,170,0,240,132,0,132,372
07/30/2023,SBA,CA,AWP,WE,Combined TRACON& Tower with Radar,31,48,35,0,114,0,3,92,0,95,31,51,127,0,209,70,0,70,279
07/31/2023,SBA,CA,AWP,WE,Combined TRACON& Tower with Radar,35,31,37,0,103,0,0,53,0,53,35,31,90,0,156,32,0,32,188
08/01/2023,SBA,CA,AWP,WE,Combined TRACON& Tower with Radar,34,45,32,0,111,0,6,91,0,97,34,51,123,0,208,116,0,116,324
08/02/2023,SBA,CA,AWP,WE,Combined TRACON& Tower with Radar,35,43,24,5,107,0,2,84,1,87,35,45,108,6,194,68,0,68,262
08/03/2023,SBA,CA,AWP,WE,Combined TRACON& Tower with Radar,36,48,38,0,122,0,0,108,0,108,36,48,146,0,230,156,0,156,386
08/04/2023,SBA,CA,AWP,WE,Combined TRACON& Tower with Radar,35,43,32,0,110,0,0,109,2,111,35,43,141,2,221,152,0,152,373
08/05/2023,SBA,CA,AWP,WE,Combined TRACON& Tower with Radar,34,27,29,0,90,0,0,134,0,134,34,27,163,0,224,88,0,88,312
08/06/2023,SBA,CA,AWP,WE,Combined TRACON& Tower with Radar,29,41,74,0,144,0,2,73,0,75,29,43,147,0,219,28,0,28,247
08/07/2023,SBA,CA,AWP,WE,Combined TRACON& Tower with Radar,37,42,42,10,131,0,0,48,0,48,37,42,90,10,179,132,2,134,313
08/08/2023,SBA,CA,AWP,WE,Combined TRACON& Tower with Radar,38,47,18,2,105,0,5,70,0,75,38,52,88,2,180,54,0,54,234
08/09/2023,SBA,CA,AWP,WE,Combined TRACON& Tower with Radar,36,52,63,0,151,0,5,43,1,49,36,57,106,1,200,22,0,22,222
08/10/2023,SBA,CA,AWP,WE,Combined TRACON& Tower with Radar,35,51,59,0,145,0,0,7,0,7,35,51,66,0,152,0,0,0,152
08/11/2023,SBA,CA,AWP,WE,Combined TRACON& Tower with Radar,36,53,51,0,140,0,0,13,0,13,36,53,64,0,153,62,0,62,215
08/12/2023,SBA,CA,AWP,WE,Combined TRACON& Tower with Radar,33,28,52,0,113,0,1,78,0,79,33,29,130,0,192,150,0,150,342
08/13/2023,SBA,CA,AWP,WE,Combined TRACON& Tower with Radar,32,47,50,0,129,0,2,133,0,135,32,49,183,0,264,84,0,84,348
08/14/2023,SBA,CA,AWP,WE,Combined TRACON& Tower with Radar,36,32,59,0,127,0,0,24,0,24,36,32,83,0,151,14,0,14,165
08/15/2023,SBA,CA,AWP,WE,Combined TRACON& Tower with Radar,33,45,28,7,113,0,0,50,1,51,33,45,78,8,164,24,8,32,196
08/16/2023,SBA,CA,AWP,WE,Combined TRACON& Tower with Radar,36,42,37,0,115,0,7,64,0,71,36,49,101,0,186,56,0,56,242
08/17/2023,SBA,CA,AWP,WE,Combined TRACON& Tower with Radar,34,44,41,4,123,0,1,54,0,55,34,45,95,4,178,78,0,78,256
08/18/2023,SBA,CA,AWP,WE,Combined TRACON& Tower with Radar,32,47,50,0,129,0,4,84,0,88,32,51,134,0,217,96,0,96,313
08/19/2023,SBA,CA,AWP,WE,Combined TRACON& Tower with Radar,31,30,44,0,105,0,0,82,0,82,31,30,126,0,187,120,0,120,307
08/20/2023,SBA,CA,AWP,WE,Combined TRACON& Tower with Radar,35,35,18,1,89,0,0,12,0,12,35,35,30,1,101,30,0,30,131
08/21/2023,SBA,CA,AWP,WE,Combined TRACON& Tower with Radar,34,33,38,1,106,0,1,28,0,29,34,34,66,1,135,44,0,44,179
08/22/2023,SBA,CA,AWP,WE,Combined TRACON& Tower with Radar,34,43,40,0,117,0,5,84,0,89,34,48,124,0,206,94,0,94,300
08/23/2023,SBA,CA,AWP,WE,Combined TRACON& Tower with Radar,36,42,35,3,116,0,1,81,2,84,36,43,116,5,200,58,2,60,260
08/24/2023,SBA,CA,AWP,WE,Combined TRACON& Tower with Radar,37,42,62,7,148,0,3,59,0,62,37,45,121,7,210,36,0,36,246
08/25/2023,SBA,CA,AWP,WE,Combined TRACON& Tower with Radar,34,54,36,0,124,0,3,109,0,112,34,57,145,0,236,88,0,88,324
08/26/2023,SBA,CA,AWP,WE,Combined TRACON& Tower with Radar,31,34,37,0,102,0,3,104,0,107,31,37,141,0,209,50,0,50,259
08/27/2023,SBA,CA,AWP,WE,Combined TRACON& Tower with Radar,33,37,47,0,117,0,5,120,0,125,33,42,167,0,242,52,0,52,294
08/28/2023,SBA,CA,AWP,WE,Combined TRACON& Tower with Radar,34,41,44,0,119,0,6,80,0,86,34,47,124,0,205,80,0,80,285
08/29/2023,SBA,CA,AWP,WE,Combined TRACON& Tower with Radar,34,57,31,3,125,0,6,86,4,96,34,63,117,7,221,78,20,98,319
08/30/2023,SBA,CA,AWP,WE,Combined TRACON& Tower with Radar,35,37,38,1,111,0,7,87,1,95,35,44,125,2,206,90,0,90,296
08/31/2023,SBA,CA,AWP,WE,Combined TRACON& Tower with Radar,31,46,56,0,133,0,0,35,0,35,31,46,91,0,168,46,0,46,214
