01/01/2000,SBP,CA,AWP,WE,Federal Contract Tower,0,29,12,0,41,0,8,21,0,29,0,37,33,0,70,2,0,2,72
01/02/2000,SBP,CA,AWP,WE,Federal Contract Tower,0,28,12,0,40,0,8,103,0,111,0,36,115,0,151,4,0,4,155
01/03/2000,SBP,CA,AWP,WE,Federal Contract Tower,0,35,14,0,49,0,22,113,0,135,0,57,127,0,184,88,0,88,272
01/04/2000,SBP,CA,AWP,WE,Federal Contract Tower,0,32,13,0,45,0,26,113,0,139,0,58,126,0,184,66,0,66,250
01/05/2000,SBP,CA,AWP,WE,Federal Contract Tower,0,31,13,0,44,0,15,131,0,146,0,46,144,0,190,38,0,38,228
01/06/2000,SBP,CA,AWP,WE,Federal Contract Tower,0,38,15,0,53,0,17,132,0,149,0,55,147,0,202,144,0,144,346
01/07/2000,SBP,CA,AWP,WE,Federal Contract Tower,0,38,15,0,53,0,6,157,4,167,0,44,172,4,220,160,0,160,380
01/08/2000,SBP,CA,AWP,WE,Federal Contract Tower,0,27,11,0,38,0,12,186,3,201,0,39,197,3,239,120,0,120,359
01/09/2000,SBP,CA,AWP,WE,Federal Contract Tower,0,33,13,0,46,0,1,156,0,157,0,34,169,0,203,130,0,130,333
01/10/2000,SBP,CA,AWP,WE,Federal Contract Tower,0,38,16,0,54,0,5,101,2,108,0,43,117,2,162,76,0,76,238
01/11/2000,SBP,CA,AWP,WE,Federal Contract Tower,0,51,21,0,72,0,13,94,1,108,0,64,115,1,180,60,0,60,240
01/12/2000,SBP,CA,AWP,WE,Federal Contract Tower,0,45,17,0,62,0,9,113,0,122,0,54,130,0,184,86,0,86,270
01/13/2000,SBP,CA,AWP,WE,Federal Contract Tower,0,34,13,0,47,0,16,142,0,158,0,50,155,0,205,110,0,110,315
01/14/2000,SBP,CA,AWP,WE,Federal Contract Tower,0,35,14,0,49,0,16,123,0,139,0,51,137,0,188,196,0,196,384
01/15/2000,SBP,CA,AWP,WE,Federal Contract Tower,0,33,12,0,45,0,5,86,0,91,0,38,98,0,136,132,0,132,268
01/16/2000,SBP,CA,AWP,WE,Federal Contract Tower,0,39,12,0,51,0,5,0,0,5,0,44,12,0,56,0,0,0,56
01/17/2000,SBP,CA,AWP,WE,Federal Contract Tower,0,36,19,0,55,0,0,55,0,55,0,36,74,0,110,110,0,110,220
01/18/2000,SBP,CA,AWP,WE,Federal Contract Tower,0,56,23,0,79,0,0,19,0,19,0,56,42,0,98,0,0,0,98
01/19/2000,SBP,CA,AWP,WE,Federal Contract Tower,0,52,20,0,72,0,2,112,3,117,0,54,132,3,189,188,0,188,377
01/20/2000,SBP,CA,AWP,WE,Federal Contract Tower,0,53,24,0,77,0,0,19,0,19,0,53,43,0,96,0,0,0,96
01/21/2000,SBP,CA,AWP,WE,Federal Contract Tower,0,39,15,0,54,0,12,191,1,204,0,51,206,1,258,206,0,206,464
01/22/2000,SBP,CA,AWP,WE,Federal Contract Tower,0,34,13,0,47,0,3,170,2,175,0,37,183,2,222,156,0,156,378
01/23/2000,SBP,CA,AWP,WE,Federal Contract Tower,0,36,19,0,55,0,0,19,0,19,0,36,38,0,74,0,0,0,74
01/24/2000,SBP,CA,AWP,WE,Federal Contract Tower,0,47,20,0,67,0,0,39,0,39,0,47,59,0,106,56,0,56,162
01/25/2000,SBP,CA,AWP,WE,Federal Contract Tower,0,57,21,0,78,0,5,31,0,36,0,62,52,0,114,62,0,62,176
01/26/2000,SBP,CA,AWP,WE,Federal Contract Tower,0,40,15,0,55,0,15,146,0,161,0,55,161,0,216,154,0,154,370
01/27/2000,SBP,CA,AWP,WE,Federal Contract Tower,0,38,14,0,52,0,14,147,0,161,0,52,161,0,213,222,0,222,435
01/28/2000,SBP,CA,AWP,WE,Federal Contract Tower,0,29,11,0,40,0,10,186,2,198,0,39,197,2,238,162,0,162,400
01/29/2000,SBP,CA,AWP,WE,Federal Contract Tower,0,36,15,0,51,0,0,132,0,132,0,36,147,0,183,132,0,132,315
01/30/2000,SBP,CA,AWP,WE,Federal Contract Tower,0,37,16,0,53,0,0,29,0,29,0,37,45,0,82,124,0,124,206
01/31/2000,SBP,CA,AWP,WE,Federal Contract Tower,0,42,16,0,58,0,0,111,0,111,0,42,127,0,169,166,0,166,335
02/01/2000,SBP,CA,AWP,WE,Federal Contract Tower,0,41,19,0,60,0,10,145,0,155,0,51,164,0,215,210,10,220,435
02/02/2000,SBP,CA,AWP,WE,Federal Contract Tower,0,33,16,0,49,0,17,170,0,187,0,50,186,0,236,136,0,136,372
02/03/2000,SBP,CA,AWP,WE,Federal Contract Tower,0,43,19,2,64,0,7,80,1,88,0,50,99,3,152,10,0,10,162
02/04/2000,SBP,CA,AWP,WE,Federal Contract Tower,0,41,18,1,60,0,6,84,0,90,0,47,102,1,150,224,0,224,374
02/05/2000,SBP,CA,AWP,WE,Federal Contract Tower,0,35,15,0,50,0,6,115,0,121,0,41,130,0,171,230,0,230,401
02/06/2000,SBP,CA,AWP,WE,Federal Contract Tower,0,39,19,2,60,0,0,220,2,222,0,39,239,4,282,160,0,160,442
02/07/2000,SBP,CA,AWP,WE,Federal Contract Tower,0,35,15,2,52,0,6,99,0,105,0,41,114,2,157,192,0,192,349
02/08/2000,SBP,CA,AWP,WE,Federal Contract Tower,0,29,12,0,41,0,19,145,0,164,0,48,157,0,205,122,0,122,327
02/09/2000,SBP,CA,AWP,WE,Federal Contract Tower,0,45,29,1,75,0,0,19,0,19,0,45,48,1,94,0,0,0,94
02/10/2000,SBP,CA,AWP,WE,Federal Contract Tower,0,47,21,0,68,0,2,12,0,14,0,49,33,0,82,0,0,0,82
02/11/2000,SBP,CA,AWP,WE,Federal Contract Tower,0,37,23,2,62,0,0,24,0,24,0,37,47,2,86,40,0,40,126
02/12/2000,SBP,CA,AWP,WE,Federal Contract Tower,0,34,17,2,53,0,0,22,7,29,0,34,39,9,82,14,0,14,96
02/13/2000,SBP,CA,AWP,WE,Federal Contract Tower,0,30,13,2,45,0,2,0,0,2,0,32,13,2,47,0,0,0,47
02/14/2000,SBP,CA,AWP,WE,Federal Contract Tower,0,45,20,0,65,0,10,53,0,63,0,55,73,0,128,84,0,84,212
02/15/2000,SBP,CA,AWP,WE,Federal Contract Tower,0,38,17,0,55,0,13,120,0,133,0,51,137,0,188,272,0,272,460
02/16/2000,SBP,CA,AWP,WE,Federal Contract Tower,0,43,20,2,65,0,2,41,1,44,0,45,61,3,109,72,0,72,181
02/17/2000,SBP,CA,AWP,WE,Federal Contract Tower,0,41,18,2,61,0,17,173,6,196,0,58,191,8,257,174,0,174,431
02/18/2000,SBP,CA,AWP,WE,Federal Contract Tower,0,34,15,1,50,0,21,140,1,162,0,55,155,2,212,178,0,178,390
02/19/2000,SBP,CA,AWP,WE,Federal Contract Tower,0,34,16,1,51,0,0,142,0,142,0,34,158,1,193,200,0,200,393
02/20/2000,SBP,CA,AWP,WE,Federal Contract Tower,0,20,9,0,29,0,4,6,2,12,0,24,15,2,41,44,0,44,85
02/21/2000,SBP,CA,AWP,WE,Federal Contract Tower,0,40,18,0,58,0,0,4,0,4,0,40,22,0,62,0,0,0,62
02/22/2000,SBP,CA,AWP,WE,Federal Contract Tower,0,49,22,0,71,0,0,20,0,20,0,49,42,0,91,104,0,104,195
02/23/2000,SBP,CA,AWP,WE,Federal Contract Tower,0,37,16,0,53,0,11,62,0,73,0,48,78,0,126,188,0,188,314
02/24/2000,SBP,CA,AWP,WE,Federal Contract Tower,0,40,17,1,58,0,9,129,3,141,0,49,146,4,199,238,4,242,441
02/25/2000,SBP,CA,AWP,WE,Federal Contract Tower,0,48,22,2,72,0,0,92,0,92,0,48,114,2,164,280,0,280,444
02/26/2000,SBP,CA,AWP,WE,Federal Contract Tower,0,34,16,1,51,0,0,124,1,125,0,34,140,2,176,150,0,150,326
02/27/2000,SBP,CA,AWP,WE,Federal Contract Tower,0,31,13,1,45,0,4,11,0,15,0,35,24,1,60,28,0,28,88
02/28/2000,SBP,CA,AWP,WE,Federal Contract Tower,0,33,14,1,48,0,12,118,1,131,0,45,132,2,179,144,0,144,323
02/29/2000,SBP,CA,AWP,WE,Federal Contract Tower,0,46,20,1,67,0,6,36,5,47,0,52,56,6,114,142,0,142,256
03/01/2000,SBP,CA,AWP,WE,Federal Contract Tower,0,33,13,1,47,0,17,216,0,233,0,50,229,1,280,140,0,140,420
03/02/2000,SBP,CA,AWP,WE,Federal Contract Tower,0,43,18,1,62,0,0,74,1,75,0,43,92,2,137,164,0,164,301
03/03/2000,SBP,CA,AWP,WE,Federal Contract Tower,0,42,18,1,61,0,13,100,1,114,0,55,118,2,175,126,0,126,301
03/04/2000,SBP,CA,AWP,WE,Federal Contract Tower,0,38,22,2,62,0,0,63,0,63,0,38,85,2,125,136,0,136,261
03/05/2000,SBP,CA,AWP,WE,Federal Contract Tower,0,28,12,0,40,0,4,9,0,13,0,32,21,0,53,10,0,10,63
03/06/2000,SBP,CA,AWP,WE,Federal Contract Tower,0,40,16,0,56,0,3,88,0,91,0,43,104,0,147,110,0,110,257
03/07/2000,SBP,CA,AWP,WE,Federal Contract Tower,0,51,22,0,73,0,0,86,0,86,0,51,108,0,159,98,0,98,257
03/08/2000,SBP,CA,AWP,WE,Federal Contract Tower,0,42,18,1,61,0,0,96,20,116,0,42,114,21,177,150,2,152,329
03/09/2000,SBP,CA,AWP,WE,Federal Contract Tower,0,45,18,1,64,0,3,95,1,99,0,48,113,2,163,202,0,202,365
03/10/2000,SBP,CA,AWP,WE,Federal Contract Tower,0,40,16,1,57,0,8,162,2,172,0,48,178,3,229,178,2,180,409
03/11/2000,SBP,CA,AWP,WE,Federal Contract Tower,0,37,15,1,53,0,0,213,0,213,0,37,228,1,266,124,0,124,390
03/12/2000,SBP,CA,AWP,WE,Federal Contract Tower,0,30,12,1,43,0,6,199,0,205,0,36,211,1,248,58,0,58,306
03/13/2000,SBP,CA,AWP,WE,Federal Contract Tower,0,31,13,0,44,0,20,99,0,119,0,51,112,0,163,106,0,106,269
03/14/2000,SBP,CA,AWP,WE,Federal Contract Tower,0,32,13,1,46,0,15,128,2,145,0,47,141,3,191,96,0,96,287
03/15/2000,SBP,CA,AWP,WE,Federal Contract Tower,0,38,15,1,54,0,17,168,1,186,0,55,183,2,240,204,2,206,446
03/16/2000,SBP,CA,AWP,WE,Federal Contract Tower,0,38,15,0,53,0,14,139,0,153,0,52,154,0,206,124,0,124,330
03/17/2000,SBP,CA,AWP,WE,Federal Contract Tower,0,38,16,0,54,0,4,169,0,173,0,42,185,0,227,78,0,78,305
03/18/2000,SBP,CA,AWP,WE,Federal Contract Tower,0,31,13,0,44,0,0,156,0,156,0,31,169,0,200,90,0,90,290
03/19/2000,SBP,CA,AWP,WE,Federal Contract Tower,0,36,15,0,51,0,0,182,0,182,0,36,197,0,233,84,0,84,317
03/20/2000,SBP,CA,AWP,WE,Federal Contract Tower,0,34,12,0,46,0,12,91,0,103,0,46,103,0,149,134,0,134,283
03/21/2000,SBP,CA,AWP,WE,Federal Contract Tower,0,39,14,0,53,0,13,207,0,220,0,52,221,0,273,152,0,152,425
03/22/2000,SBP,CA,AWP,WE,Federal Contract Tower,0,44,18,0,62,0,6,197,3,206,0,50,215,3,268,224,0,224,492
03/23/2000,SBP,CA,AWP,WE,Federal Contract Tower,0,39,15,0,54,0,5,197,2,204,0,44,212,2,258,140,0,140,398
03/24/2000,SBP,CA,AWP,WE,Federal Contract Tower,0,43,18,0,61,0,4,141,2,147,0,47,159,2,208,186,0,186,394
03/25/2000,SBP,CA,AWP,WE,Federal Contract Tower,0,34,14,0,48,0,3,120,0,123,0,37,134,0,171,140,0,140,311
03/26/2000,SBP,CA,AWP,WE,Federal Contract Tower,0,33,13,0,46,0,2,215,0,217,0,35,228,0,263,148,0,148,411
03/27/2000,SBP,CA,AWP,WE,Federal Contract Tower,0,38,15,0,53,0,6,104,15,125,0,44,119,15,178,183,0,183,361
03/28/2000,SBP,CA,AWP,WE,Federal Contract Tower,0,38,15,0,53,0,17,114,4,135,0,55,129,4,188,128,0,128,316
03/29/2000,SBP,CA,AWP,WE,Federal Contract Tower,0,43,17,0,60,0,10,141,3,154,0,53,158,3,214,154,0,154,368
03/30/2000,SBP,CA,AWP,WE,Federal Contract Tower,0,39,16,0,55,0,10,194,7,211,0,49,210,7,266,214,0,214,480
03/31/2000,SBP,CA,AWP,WE,Federal Contract Tower,0,29,12,0,41,0,10,179,6,195,0,39,191,6,236,150,0,150,386
04/01/2000,SBP,CA,AWP,WE,Federal Contract Tower,0,32,14,1,47,0,11,170,5,186,0,43,184,6,233,134,0,134,367
04/02/2000,SBP,CA,AWP,WE,Federal Contract Tower,0,36,16,1,53,0,8,242,1,251,0,44,258,2,304,98,0,98,402
04/03/2000,SBP,CA,AWP,WE,Federal Contract Tower,0,35,15,0,50,0,7,139,0,146,0,42,154,0,196,214,0,214,410
04/04/2000,SBP,CA,AWP,WE,Federal Contract Tower,0,47,20,0,67,0,6,88,0,94,0,53,108,0,161,50,0,50,211
04/05/2000,SBP,CA,AWP,WE,Federal Contract Tower,0,43,19,0,62,0,13,110,0,123,0,56,129,0,185,94,0,94,279
04/06/2000,SBP,CA,AWP,WE,Federal Contract Tower,0,45,23,2,70,0,0,99,2,101,0,45,122,4,171,134,0,134,305
04/07/2000,SBP,CA,AWP,WE,Federal Contract Tower,0,48,22,1,71,0,0,124,1,125,0,48,146,2,196,186,0,186,382
04/08/2000,SBP,CA,AWP,WE,Federal Contract Tower,0,43,18,1,62,0,0,127,1,128,0,43,145,2,190,146,0,146,336
04/09/2000,SBP,CA,AWP,WE,Federal Contract Tower,0,29,13,1,43,0,13,174,1,188,0,42,187,2,231,148,0,148,379
04/10/2000,SBP,CA,AWP,WE,Federal Contract Tower,0,30,13,0,43,0,16,120,0,136,0,46,133,0,179,178,0,178,357
04/11/2000,SBP,CA,AWP,WE,Federal Contract Tower,0,28,12,1,41,0,17,114,1,132,0,45,126,2,173,208,0,208,381
04/12/2000,SBP,CA,AWP,WE,Federal Contract Tower,0,34,15,1,50,0,10,129,2,141,0,44,144,3,191,150,0,150,341
04/13/2000,SBP,CA,AWP,WE,Federal Contract Tower,0,46,19,1,66,0,1,67,1,69,0,47,86,2,135,174,0,174,309
04/14/2000,SBP,CA,AWP,WE,Federal Contract Tower,0,41,21,0,62,0,0,47,0,47,0,41,68,0,109,4,0,4,113
04/15/2000,SBP,CA,AWP,WE,Federal Contract Tower,0,36,20,1,57,0,0,70,20,90,0,36,90,21,147,143,26,169,316
04/16/2000,SBP,CA,AWP,WE,Federal Contract Tower,0,34,18,1,53,0,0,46,0,46,0,34,64,1,99,86,0,86,185
04/17/2000,SBP,CA,AWP,WE,Federal Contract Tower,0,31,12,1,44,0,11,23,1,35,0,42,35,2,79,86,0,86,165
04/18/2000,SBP,CA,AWP,WE,Federal Contract Tower,0,35,14,1,50,0,9,99,1,109,0,44,113,2,159,120,0,120,279
04/19/2000,SBP,CA,AWP,WE,Federal Contract Tower,0,33,12,1,46,0,22,157,1,180,0,55,169,2,226,118,0,118,344
04/20/2000,SBP,CA,AWP,WE,Federal Contract Tower,0,38,15,1,54,0,11,154,2,167,0,49,169,3,221,106,0,106,327
04/21/2000,SBP,CA,AWP,WE,Federal Contract Tower,0,44,18,0,62,0,1,125,0,126,0,45,143,0,188,146,0,146,334
04/22/2000,SBP,CA,AWP,WE,Federal Contract Tower,0,34,15,0,49,0,0,136,0,136,0,34,151,0,185,172,0,172,357
04/23/2000,SBP,CA,AWP,WE,Federal Contract Tower,0,30,13,0,43,0,9,146,0,155,0,39,159,0,198,62,0,62,260
04/24/2000,SBP,CA,AWP,WE,Federal Contract Tower,0,30,12,0,42,0,15,125,0,140,0,45,137,0,182,72,0,72,254
04/25/2000,SBP,CA,AWP,WE,Federal Contract Tower,0,37,16,0,53,0,18,145,6,169,0,55,161,6,222,70,0,70,292
04/26/2000,SBP,CA,AWP,WE,Federal Contract Tower,0,32,13,0,45,0,22,188,1,211,0,54,201,1,256,128,0,128,384
04/27/2000,SBP,CA,AWP,WE,Federal Contract Tower,0,36,16,0,52,0,0,129,0,129,0,36,145,0,181,150,0,150,331
04/28/2000,SBP,CA,AWP,WE,Federal Contract Tower,0,43,18,0,61,0,0,136,2,138,0,43,154,2,199,38,0,38,237
04/29/2000,SBP,CA,AWP,WE,Federal Contract Tower,0,30,13,0,43,0,8,161,2,171,0,38,174,2,214,192,0,192,406
04/30/2000,SBP,CA,AWP,WE,Federal Contract Tower,0,27,11,0,38,0,17,220,0,237,0,44,231,0,275,126,0,126,401
05/01/2000,SBP,CA,AWP,WE,Federal Contract Tower,0,29,14,0,43,0,15,133,0,148,0,44,147,0,191,210,0,210,401
05/02/2000,SBP,CA,AWP,WE,Federal Contract Tower,0,35,17,0,52,0,0,107,0,107,0,35,124,0,159,96,0,96,255
05/03/2000,SBP,CA,AWP,WE,Federal Contract Tower,0,36,17,0,53,0,22,147,2,171,0,58,164,2,224,182,0,182,406
05/04/2000,SBP,CA,AWP,WE,Federal Contract Tower,0,35,17,0,52,0,17,153,0,170,0,52,170,0,222,223,0,223,445
05/05/2000,SBP,CA,AWP,WE,Federal Contract Tower,0,35,16,0,51,0,10,122,2,134,0,45,138,2,185,214,0,214,399
05/06/2000,SBP,CA,AWP,WE,Federal Contract Tower,0,38,17,1,56,0,0,126,1,127,0,38,143,2,183,140,0,140,323
05/07/2000,SBP,CA,AWP,WE,Federal Contract Tower,0,32,16,0,48,0,0,131,0,131,0,32,147,0,179,126,0,126,305
05/08/2000,SBP,CA,AWP,WE,Federal Contract Tower,0,41,19,0,60,0,0,57,0,57,0,41,76,0,117,78,0,78,195
05/09/2000,SBP,CA,AWP,WE,Federal Contract Tower,0,35,16,0,51,0,14,119,0,133,0,49,135,0,184,156,0,156,340
05/10/2000,SBP,CA,AWP,WE,Federal Contract Tower,0,34,15,1,50,0,27,83,0,110,0,61,98,1,160,118,0,118,278
05/11/2000,SBP,CA,AWP,WE,Federal Contract Tower,0,35,15,0,50,0,16,114,0,130,0,51,129,0,180,114,0,114,294
05/12/2000,SBP,CA,AWP,WE,Federal Contract Tower,0,0,0,0,0,0,43,180,0,223,0,43,180,0,223,212,0,212,435
05/13/2000,SBP,CA,AWP,WE,Federal Contract Tower,0,33,14,0,47,0,8,180,0,188,0,41,194,0,235,180,0,180,415
05/14/2000,SBP,CA,AWP,WE,Federal Contract Tower,0,28,12,0,40,0,1,120,0,121,0,29,132,0,161,60,0,60,221
05/15/2000,SBP,CA,AWP,WE,Federal Contract Tower,0,45,24,0,69,0,0,51,0,51,0,45,75,0,120,100,0,100,220
05/16/2000,SBP,CA,AWP,WE,Federal Contract Tower,0,37,16,0,53,0,3,100,0,103,0,40,116,0,156,140,0,140,296
05/17/2000,SBP,CA,AWP,WE,Federal Contract Tower,0,33,14,0,47,0,10,105,0,115,0,43,119,0,162,86,0,86,248
05/18/2000,SBP,CA,AWP,WE,Federal Contract Tower,0,28,12,0,40,0,18,86,0,104,0,46,98,0,144,94,0,94,238
05/19/2000,SBP,CA,AWP,WE,Federal Contract Tower,0,39,16,0,55,0,5,138,0,143,0,44,154,0,198,134,0,134,332
05/20/2000,SBP,CA,AWP,WE,Federal Contract Tower,0,32,14,0,46,3,18,172,0,193,3,50,186,0,239,224,0,224,463
05/21/2000,SBP,CA,AWP,WE,Federal Contract Tower,0,37,16,0,53,0,0,166,0,166,0,37,182,0,219,60,0,60,279
05/22/2000,SBP,CA,AWP,WE,Federal Contract Tower,0,36,15,0,51,0,10,111,0,121,0,46,126,0,172,132,0,132,304
05/23/2000,SBP,CA,AWP,WE,Federal Contract Tower,0,38,16,0,54,0,6,64,0,70,0,44,80,0,124,98,0,98,222
05/24/2000,SBP,CA,AWP,WE,Federal Contract Tower,0,49,34,0,83,0,0,37,4,41,0,49,71,4,124,156,0,156,280
05/25/2000,SBP,CA,AWP,WE,Federal Contract Tower,0,50,24,0,74,0,0,92,0,92,0,50,116,0,166,166,0,166,332
05/26/2000,SBP,CA,AWP,WE,Federal Contract Tower,0,34,15,0,49,0,7,181,5,193,0,41,196,5,242,110,0,110,352
05/27/2000,SBP,CA,AWP,WE,Federal Contract Tower,0,32,14,0,46,0,3,193,0,196,0,35,207,0,242,16,0,16,258
05/28/2000,SBP,CA,AWP,WE,Federal Contract Tower,0,32,14,0,46,0,7,180,0,187,0,39,194,0,233,98,0,98,331
05/29/2000,SBP,CA,AWP,WE,Federal Contract Tower,0,36,15,0,51,0,2,170,0,172,0,38,185,0,223,80,0,80,303
05/30/2000,SBP,CA,AWP,WE,Federal Contract Tower,0,32,14,0,46,0,12,107,0,119,0,44,121,0,165,172,0,172,337
05/31/2000,SBP,CA,AWP,WE,Federal Contract Tower,0,30,12,0,42,0,21,118,4,143,0,51,130,4,185,168,0,168,353
06/01/2000,SBP,CA,AWP,WE,Federal Contract Tower,0,41,19,1,61,0,10,139,1,150,0,51,158,2,211,192,0,192,403
06/02/2000,SBP,CA,AWP,WE,Federal Contract Tower,0,38,17,1,56,0,18,95,2,115,0,56,112,3,171,124,0,124,295
06/03/2000,SBP,CA,AWP,WE,Federal Contract Tower,0,38,17,0,55,0,4,126,0,130,0,42,143,0,185,138,0,138,323
06/04/2000,SBP,CA,AWP,WE,Federal Contract Tower,0,30,14,0,44,0,7,135,0,142,0,37,149,0,186,178,0,178,364
06/05/2000,SBP,CA,AWP,WE,Federal Contract Tower,0,33,15,0,48,0,18,114,0,132,0,51,129,0,180,98,0,98,278
06/06/2000,SBP,CA,AWP,WE,Federal Contract Tower,0,32,15,1,48,0,18,120,1,139,0,50,135,2,187,104,0,104,291
06/07/2000,SBP,CA,AWP,WE,Federal Contract Tower,0,42,19,0,61,0,11,132,0,143,0,53,151,0,204,144,0,144,348
06/08/2000,SBP,CA,AWP,WE,Federal Contract Tower,0,45,20,1,66,0,5,86,0,91,0,50,106,1,157,124,0,124,281
06/09/2000,SBP,CA,AWP,WE,Federal Contract Tower,0,33,15,1,49,0,6,156,3,165,0,39,171,4,214,116,0,116,330
06/10/2000,SBP,CA,AWP,WE,Federal Contract Tower,0,30,14,0,44,0,9,177,0,186,0,39,191,0,230,108,0,108,338
06/11/2000,SBP,CA,AWP,WE,Federal Contract Tower,0,31,14,0,45,0,4,207,0,211,0,35,221,0,256,56,0,56,312
06/12/2000,SBP,CA,AWP,WE,Federal Contract Tower,0,28,13,1,42,0,19,117,3,139,0,47,130,4,181,118,0,118,299
06/13/2000,SBP,CA,AWP,WE,Federal Contract Tower,0,33,15,0,48,0,15,145,0,160,0,48,160,0,208,170,0,170,378
06/14/2000,SBP,CA,AWP,WE,Federal Contract Tower,0,32,14,1,47,0,24,126,2,152,0,56,140,3,199,194,0,194,393
06/15/2000,SBP,CA,AWP,WE,Federal Contract Tower,0,36,16,1,53,0,8,131,1,140,0,44,147,2,193,176,0,176,369
06/16/2000,SBP,CA,AWP,WE,Federal Contract Tower,0,43,19,0,62,0,0,93,0,93,0,43,112,0,155,154,0,154,309
06/17/2000,SBP,CA,AWP,WE,Federal Contract Tower,0,43,27,1,71,0,0,59,1,60,0,43,86,2,131,6,0,6,137
06/18/2000,SBP,CA,AWP,WE,Federal Contract Tower,0,31,17,1,49,0,0,139,0,139,0,31,156,1,188,52,0,52,240
06/19/2000,SBP,CA,AWP,WE,Federal Contract Tower,0,48,24,0,72,0,0,76,1,77,0,48,100,1,149,106,0,106,255
06/20/2000,SBP,CA,AWP,WE,Federal Contract Tower,0,37,16,0,53,0,4,126,2,132,0,41,142,2,185,170,0,170,355
06/21/2000,SBP,CA,AWP,WE,Federal Contract Tower,0,46,21,0,67,0,3,132,0,135,0,49,153,0,202,192,0,192,394
06/22/2000,SBP,CA,AWP,WE,Federal Contract Tower,0,44,23,0,67,6,0,78,0,84,6,44,101,0,151,48,0,48,199
06/23/2000,SBP,CA,AWP,WE,Federal Contract Tower,0,47,22,0,69,0,0,103,2,105,0,47,125,2,174,97,0,97,271
06/24/2000,SBP,CA,AWP,WE,Federal Contract Tower,0,36,18,0,54,0,0,167,3,170,0,36,185,3,224,182,0,182,406
06/25/2000,SBP,CA,AWP,WE,Federal Contract Tower,0,35,15,0,50,0,0,158,1,159,0,35,173,1,209,112,10,122,331
06/26/2000,SBP,CA,AWP,WE,Federal Contract Tower,0,33,14,0,47,0,13,123,6,142,0,46,137,6,189,148,0,148,337
06/27/2000,SBP,CA,AWP,WE,Federal Contract Tower,0,37,16,0,53,0,13,114,3,130,0,50,130,3,183,218,0,218,401
06/28/2000,SBP,CA,AWP,WE,Federal Contract Tower,0,42,19,0,61,0,6,125,4,135,0,48,144,4,196,161,0,161,357
06/29/2000,SBP,CA,AWP,WE,Federal Contract Tower,0,45,23,0,68,0,0,107,7,114,0,45,130,7,182,52,0,52,234
06/30/2000,SBP,CA,AWP,WE,Federal Contract Tower,0,41,18,0,59,0,3,130,0,133,0,44,148,0,192,178,0,178,370
07/01/2000,SBP,CA,AWP,WE,Federal Contract Tower,0,38,16,0,54,0,0,131,0,131,0,38,147,0,185,90,0,90,275
07/02/2000,SBP,CA,AWP,WE,Federal Contract Tower,0,36,15,0,51,0,13,91,0,104,0,49,106,0,155,32,0,32,187
07/03/2000,SBP,CA,AWP,WE,Federal Contract Tower,0,37,16,0,53,0,4,126,0,130,0,41,142,0,183,138,0,138,321
07/04/2000,SBP,CA,AWP,WE,Federal Contract Tower,0,32,14,0,46,0,3,101,0,104,0,35,115,0,150,118,0,118,268
07/05/2000,SBP,CA,AWP,WE,Federal Contract Tower,0,32,13,0,45,0,14,133,0,147,0,46,146,0,192,74,0,74,266
07/06/2000,SBP,CA,AWP,WE,Federal Contract Tower,0,46,20,0,66,0,4,112,0,116,0,50,132,0,182,105,0,105,287
07/07/2000,SBP,CA,AWP,WE,Federal Contract Tower,0,45,22,1,68,0,0,161,4,165,0,45,183,5,233,140,0,140,373
07/08/2000,SBP,CA,AWP,WE,Federal Contract Tower,0,38,16,0,54,0,3,144,0,147,0,41,160,0,201,130,0,130,331
07/09/2000,SBP,CA,AWP,WE,Federal Contract Tower,0,41,18,0,59,0,0,147,0,147,0,41,165,0,206,60,0,60,266
07/10/2000,SBP,CA,AWP,WE,Federal Contract Tower,0,42,18,0,60,0,6,81,0,87,0,48,99,0,147,106,0,106,253
07/11/2000,SBP,CA,AWP,WE,Federal Contract Tower,0,46,21,0,67,0,0,74,0,74,0,46,95,0,141,108,0,108,249
07/12/2000,SBP,CA,AWP,WE,Federal Contract Tower,0,44,20,0,64,0,0,82,0,82,0,44,102,0,146,87,0,87,233
07/13/2000,SBP,CA,AWP,WE,Federal Contract Tower,0,34,14,0,48,0,15,114,0,129,0,49,128,0,177,126,0,126,303
07/14/2000,SBP,CA,AWP,WE,Federal Contract Tower,0,42,18,0,60,0,0,159,6,165,0,42,177,6,225,176,0,176,401
07/15/2000,SBP,CA,AWP,WE,Federal Contract Tower,0,35,14,0,49,0,9,122,0,131,0,44,136,0,180,98,0,98,278
07/16/2000,SBP,CA,AWP,WE,Federal Contract Tower,0,37,16,0,53,0,0,144,1,145,0,37,160,1,198,58,0,58,256
07/17/2000,SBP,CA,AWP,WE,Federal Contract Tower,0,33,14,0,47,0,6,136,10,152,0,39,150,10,199,102,0,102,301
07/18/2000,SBP,CA,AWP,WE,Federal Contract Tower,0,42,18,0,60,0,6,126,0,132,0,48,144,0,192,106,0,106,298
07/19/2000,SBP,CA,AWP,WE,Federal Contract Tower,0,33,13,0,46,0,19,167,10,196,0,52,180,10,242,152,0,152,394
07/20/2000,SBP,CA,AWP,WE,Federal Contract Tower,0,40,16,0,56,0,9,145,10,164,0,49,161,10,220,172,0,172,392
07/21/2000,SBP,CA,AWP,WE,Federal Contract Tower,0,45,20,0,65,0,0,124,2,126,0,45,144,2,191,112,0,112,303
07/22/2000,SBP,CA,AWP,WE,Federal Contract Tower,0,33,13,0,46,0,8,168,4,180,0,41,181,4,226,168,0,168,394
07/23/2000,SBP,CA,AWP,WE,Federal Contract Tower,0,26,11,0,37,0,8,212,1,221,0,34,223,1,258,30,0,30,288
07/24/2000,SBP,CA,AWP,WE,Federal Contract Tower,0,34,14,0,48,0,18,114,2,134,0,52,128,2,182,144,0,144,326
07/25/2000,SBP,CA,AWP,WE,Federal Contract Tower,0,41,17,0,58,0,8,116,25,149,0,49,133,25,207,160,0,160,367
07/26/2000,SBP,CA,AWP,WE,Federal Contract Tower,0,38,16,0,54,0,7,130,40,177,0,45,146,40,231,114,0,114,345
07/27/2000,SBP,CA,AWP,WE,Federal Contract Tower,0,36,15,0,51,0,17,150,43,210,0,53,165,43,261,128,0,128,389
07/28/2000,SBP,CA,AWP,WE,Federal Contract Tower,0,39,16,0,55,0,4,160,18,182,0,43,176,18,237,182,0,182,419
07/29/2000,SBP,CA,AWP,WE,Federal Contract Tower,0,37,15,0,52,0,0,148,3,151,0,37,163,3,203,70,0,70,273
07/30/2000,SBP,CA,AWP,WE,Federal Contract Tower,0,33,16,0,49,0,0,174,1,175,0,33,190,1,224,68,0,68,292
07/31/2000,SBP,CA,AWP,WE,Federal Contract Tower,0,44,19,0,63,0,0,137,0,137,0,44,156,0,200,90,0,90,290
08/01/2000,SBP,CA,AWP,WE,Federal Contract Tower,0,33,13,1,47,0,13,133,3,149,0,46,146,4,196,144,0,144,340
08/02/2000,SBP,CA,AWP,WE,Federal Contract Tower,0,35,13,1,49,0,14,141,1,156,0,49,154,2,205,182,0,182,387
08/03/2000,SBP,CA,AWP,WE,Federal Contract Tower,0,40,16,1,57,0,7,155,4,166,0,47,171,5,223,176,0,176,399
08/04/2000,SBP,CA,AWP,WE,Federal Contract Tower,0,45,18,1,64,0,5,138,3,146,0,50,156,4,210,188,0,188,398
08/05/2000,SBP,CA,AWP,WE,Federal Contract Tower,0,35,14,1,50,0,6,175,12,193,0,41,189,13,243,104,0,104,347
08/06/2000,SBP,CA,AWP,WE,Federal Contract Tower,0,30,12,0,42,0,4,147,0,151,0,34,159,0,193,100,0,100,293
08/07/2000,SBP,CA,AWP,WE,Federal Contract Tower,0,35,14,1,50,0,4,101,9,114,0,39,115,10,164,134,0,134,298
08/08/2000,SBP,CA,AWP,WE,Federal Contract Tower,0,41,16,1,58,0,10,129,17,156,0,51,145,18,214,90,0,90,304
08/09/2000,SBP,CA,AWP,WE,Federal Contract Tower,0,47,18,1,66,0,5,232,8,245,0,52,250,9,311,178,0,178,489
08/10/2000,SBP,CA,AWP,WE,Federal Contract Tower,0,33,12,1,46,0,12,217,5,234,0,45,229,6,280,160,0,160,440
08/11/2000,SBP,CA,AWP,WE,Federal Contract Tower,0,37,14,1,52,0,12,174,13,199,0,49,188,14,251,142,0,142,393
08/12/2000,SBP,CA,AWP,WE,Federal Contract Tower,0,36,14,1,51,0,3,258,3,264,0,39,272,4,315,80,0,80,395
08/13/2000,SBP,CA,AWP,WE,Federal Contract Tower,0,36,14,0,50,0,0,167,0,167,0,36,181,0,217,128,0,128,345
08/14/2000,SBP,CA,AWP,WE,Federal Contract Tower,0,33,12,1,46,0,16,152,13,181,0,49,164,14,227,96,0,96,323
08/15/2000,SBP,CA,AWP,WE,Federal Contract Tower,0,30,11,1,42,0,18,142,10,170,0,48,153,11,212,92,0,92,304
08/16/2000,SBP,CA,AWP,WE,Federal Contract Tower,0,31,11,1,43,0,16,141,20,177,0,47,152,21,220,118,0,118,338
08/17/2000,SBP,CA,AWP,WE,Federal Contract Tower,0,30,10,1,41,0,14,142,14,170,0,44,152,15,211,116,0,116,327
08/18/2000,SBP,CA,AWP,WE,Federal Contract Tower,0,30,10,1,41,0,15,181,11,207,0,45,191,12,248,190,0,190,438
08/19/2000,SBP,CA,AWP,WE,Federal Contract Tower,0,39,13,0,52,0,2,165,0,167,0,41,178,0,219,176,0,176,395
08/20/2000,SBP,CA,AWP,WE,Federal Contract Tower,0,40,15,1,56,0,0,177,0,177,0,40,192,1,233,86,0,86,319
08/21/2000,SBP,CA,AWP,WE,Federal Contract Tower,0,44,15,1,60,0,3,126,1,130,0,47,141,2,190,200,0,200,390
08/22/2000,SBP,CA,AWP,WE,Federal Contract Tower,0,41,15,1,57,0,15,126,4,145,0,56,141,5,202,142,0,142,344
08/23/2000,SBP,CA,AWP,WE,Federal Contract Tower,0,44,15,1,60,0,2,110,1,113,0,46,125,2,173,124,0,124,297
08/24/2000,SBP,CA,AWP,WE,Federal Contract Tower,0,40,15,0,55,0,10,96,5,111,0,50,111,5,166,170,0,170,336
08/25/2000,SBP,CA,AWP,WE,Federal Contract Tower,0,0,0,0,0,0,47,204,4,255,0,47,204,4,255,172,0,172,427
08/26/2000,SBP,CA,AWP,WE,Federal Contract Tower,0,40,15,0,55,0,4,170,0,174,0,44,185,0,229,170,0,170,399
08/27/2000,SBP,CA,AWP,WE,Federal Contract Tower,0,34,14,0,48,0,0,135,0,135,0,34,149,0,183,46,0,46,229
08/28/2000,SBP,CA,AWP,WE,Federal Contract Tower,0,45,18,0,63,0,0,106,8,114,0,45,124,8,177,88,0,88,265
08/29/2000,SBP,CA,AWP,WE,Federal Contract Tower,0,45,17,0,62,0,2,112,2,116,0,47,129,2,178,74,0,74,252
08/30/2000,SBP,CA,AWP,WE,Federal Contract Tower,0,47,17,1,65,0,0,105,1,106,0,47,122,2,171,134,0,134,305
08/31/2000,SBP,CA,AWP,WE,Federal Contract Tower,0,46,17,0,63,0,7,130,0,137,0,53,147,0,200,100,0,100,300
09/01/2000,SBP,CA,AWP,WE,Federal Contract Tower,0,35,13,0,48,0,4,126,0,130,0,39,139,0,178,140,0,140,318
09/02/2000,SBP,CA,AWP,WE,Federal Contract Tower,0,34,13,0,47,0,4,121,0,125,0,38,134,0,172,98,0,98,270
09/03/2000,SBP,CA,AWP,WE,Federal Contract Tower,0,31,12,0,43,0,4,128,0,132,0,35,140,0,175,22,0,22,197
09/04/2000,SBP,CA,AWP,WE,Federal Contract Tower,0,35,13,0,48,0,8,162,0,170,0,43,175,0,218,104,0,104,322
09/05/2000,SBP,CA,AWP,WE,Federal Contract Tower,0,32,13,1,46,0,18,104,2,124,0,50,117,3,170,72,0,72,242
09/06/2000,SBP,CA,AWP,WE,Federal Contract Tower,0,36,14,1,51,0,15,137,5,157,0,51,151,6,208,142,0,142,350
09/07/2000,SBP,CA,AWP,WE,Federal Contract Tower,0,30,11,1,42,0,12,175,3,190,0,42,186,4,232,180,0,180,412
09/08/2000,SBP,CA,AWP,WE,Federal Contract Tower,0,45,18,1,64,0,4,154,1,159,0,49,172,2,223,96,0,96,319
09/09/2000,SBP,CA,AWP,WE,Federal Contract Tower,0,40,16,1,57,0,0,155,12,167,0,40,171,13,224,131,0,131,355
09/10/2000,SBP,CA,AWP,WE,Federal Contract Tower,0,40,15,1,56,0,1,149,0,150,0,41,164,1,206,134,0,134,340
09/11/2000,SBP,CA,AWP,WE,Federal Contract Tower,0,45,18,1,64,0,8,120,3,131,0,53,138,4,195,120,0,120,315
09/12/2000,SBP,CA,AWP,WE,Federal Contract Tower,0,35,14,0,49,0,14,111,0,125,0,49,125,0,174,110,0,110,284
09/13/2000,SBP,CA,AWP,WE,Federal Contract Tower,0,32,12,1,45,0,11,135,1,147,0,43,147,2,192,160,0,160,352
09/14/2000,SBP,CA,AWP,WE,Federal Contract Tower,0,40,16,0,56,0,5,85,0,90,0,45,101,0,146,82,0,82,228
09/15/2000,SBP,CA,AWP,WE,Federal Contract Tower,0,15,13,0,28,0,0,104,0,104,0,15,117,0,132,76,0,76,208
09/16/2000,SBP,CA,AWP,WE,Federal Contract Tower,0,33,13,0,46,0,7,227,0,234,0,40,240,0,280,144,0,144,424
09/17/2000,SBP,CA,AWP,WE,Federal Contract Tower,0,33,13,1,47,0,1,167,1,169,0,34,180,2,216,94,0,94,310
09/18/2000,SBP,CA,AWP,WE,Federal Contract Tower,0,25,9,1,35,0,13,103,3,119,0,38,112,4,154,64,0,64,218
09/19/2000,SBP,CA,AWP,WE,Federal Contract Tower,0,36,13,1,50,0,17,104,6,127,0,53,117,7,177,76,0,76,253
09/20/2000,SBP,CA,AWP,WE,Federal Contract Tower,0,50,20,1,71,0,0,97,10,107,0,50,117,11,178,78,0,78,256
09/21/2000,SBP,CA,AWP,WE,Federal Contract Tower,0,46,28,0,74,0,0,34,0,34,0,46,62,0,108,4,0,4,112
09/22/2000,SBP,CA,AWP,WE,Federal Contract Tower,0,44,20,0,64,0,0,70,0,70,0,44,90,0,134,62,0,62,196
09/23/2000,SBP,CA,AWP,WE,Federal Contract Tower,0,36,13,0,49,0,3,124,0,127,0,39,137,0,176,94,12,106,282
09/24/2000,SBP,CA,AWP,WE,Federal Contract Tower,0,31,12,0,43,0,2,142,2,146,0,33,154,2,189,60,0,60,249
09/25/2000,SBP,CA,AWP,WE,Federal Contract Tower,0,36,13,0,49,0,10,124,0,134,0,46,137,0,183,88,0,88,271
09/26/2000,SBP,CA,AWP,WE,Federal Contract Tower,0,41,16,0,57,0,10,106,4,120,0,51,122,4,177,96,0,96,273
09/27/2000,SBP,CA,AWP,WE,Federal Contract Tower,0,49,19,0,68,0,0,86,2,88,0,49,105,2,156,133,0,133,289
09/28/2000,SBP,CA,AWP,WE,Federal Contract Tower,0,36,14,0,50,0,12,135,2,149,0,48,149,2,199,102,0,102,301
09/29/2000,SBP,CA,AWP,WE,Federal Contract Tower,0,36,13,0,49,0,12,154,2,168,0,48,167,2,217,58,0,58,275
09/30/2000,SBP,CA,AWP,WE,Federal Contract Tower,0,29,11,0,40,0,1,232,2,235,0,30,243,2,275,152,0,152,427
10/01/2000,SBP,CA,AWP,WE,Federal Contract Tower,0,28,15,1,44,0,6,130,0,136,0,34,145,1,180,86,0,86,266
10/02/2000,SBP,CA,AWP,WE,Federal Contract Tower,0,34,19,1,54,0,9,65,7,81,0,43,84,8,135,118,0,118,253
10/03/2000,SBP,CA,AWP,WE,Federal Contract Tower,0,40,20,2,62,0,8,113,7,128,0,48,133,9,190,68,1,69,259
10/04/2000,SBP,CA,AWP,WE,Federal Contract Tower,0,36,19,1,56,0,13,80,0,93,0,49,99,1,149,106,0,106,255
10/05/2000,SBP,CA,AWP,WE,Federal Contract Tower,0,35,21,2,58,0,0,123,3,126,0,35,144,5,184,82,0,82,266
10/06/2000,SBP,CA,AWP,WE,Federal Contract Tower,0,39,39,3,81,0,0,45,1,46,0,39,84,4,127,20,0,20,147
10/07/2000,SBP,CA,AWP,WE,Federal Contract Tower,0,39,28,0,67,0,0,51,0,51,0,39,79,0,118,93,0,93,211
10/08/2000,SBP,CA,AWP,WE,Federal Contract Tower,0,34,19,1,54,0,13,133,1,147,0,47,152,2,201,70,0,70,271
10/09/2000,SBP,CA,AWP,WE,Federal Contract Tower,0,39,21,0,60,0,0,61,0,61,0,39,82,0,121,118,0,118,239
10/10/2000,SBP,CA,AWP,WE,Federal Contract Tower,0,41,21,0,62,0,4,36,0,40,0,45,57,0,102,40,0,40,142
10/11/2000,SBP,CA,AWP,WE,Federal Contract Tower,0,42,22,2,66,0,4,59,1,64,0,46,81,3,130,63,0,63,193
10/12/2000,SBP,CA,AWP,WE,Federal Contract Tower,0,33,18,0,51,0,14,61,0,75,0,47,79,0,126,124,0,124,250
10/13/2000,SBP,CA,AWP,WE,Federal Contract Tower,0,36,18,1,55,0,8,124,3,135,0,44,142,4,190,164,0,164,354
10/14/2000,SBP,CA,AWP,WE,Federal Contract Tower,0,28,14,1,43,0,8,186,4,198,0,36,200,5,241,134,0,134,375
10/15/2000,SBP,CA,AWP,WE,Federal Contract Tower,0,32,16,1,49,0,1,155,4,160,0,33,171,5,209,110,0,110,319
10/16/2000,SBP,CA,AWP,WE,Federal Contract Tower,0,28,14,1,43,0,18,129,2,149,0,46,143,3,192,129,0,129,321
10/17/2000,SBP,CA,AWP,WE,Federal Contract Tower,0,31,15,1,47,0,12,107,1,120,0,43,122,2,167,147,0,147,314
10/18/2000,SBP,CA,AWP,WE,Federal Contract Tower,0,41,20,0,61,0,9,122,0,131,0,50,142,0,192,184,0,184,376
10/19/2000,SBP,CA,AWP,WE,Federal Contract Tower,0,23,12,0,35,0,17,131,3,151,0,40,143,3,186,144,0,144,330
10/20/2000,SBP,CA,AWP,WE,Federal Contract Tower,0,41,21,0,62,0,2,129,0,131,0,43,150,0,193,136,0,136,329
10/21/2000,SBP,CA,AWP,WE,Federal Contract Tower,0,31,16,0,47,0,10,84,0,94,0,41,100,0,141,160,0,160,301
10/22/2000,SBP,CA,AWP,WE,Federal Contract Tower,0,24,13,0,37,0,8,147,0,155,0,32,160,0,192,48,0,48,240
10/23/2000,SBP,CA,AWP,WE,Federal Contract Tower,0,32,17,0,49,0,19,116,3,138,0,51,133,3,187,188,0,188,375
10/24/2000,SBP,CA,AWP,WE,Federal Contract Tower,0,30,16,0,46,0,14,117,5,136,0,44,133,5,182,143,0,143,325
10/25/2000,SBP,CA,AWP,WE,Federal Contract Tower,0,44,24,1,69,0,0,63,10,73,0,44,87,11,142,71,0,71,213
10/26/2000,SBP,CA,AWP,WE,Federal Contract Tower,0,45,23,0,68,0,4,18,0,22,0,49,41,0,90,24,0,24,114
10/27/2000,SBP,CA,AWP,WE,Federal Contract Tower,0,33,17,0,50,0,10,104,4,118,0,43,121,4,168,138,0,138,306
10/28/2000,SBP,CA,AWP,WE,Federal Contract Tower,0,35,19,0,54,0,0,81,2,83,0,35,100,2,137,88,0,88,225
10/29/2000,SBP,CA,AWP,WE,Federal Contract Tower,0,29,15,0,44,0,0,65,0,65,0,29,80,0,109,42,0,42,151
10/30/2000,SBP,CA,AWP,WE,Federal Contract Tower,0,32,17,0,49,0,13,93,2,108,0,45,110,2,157,126,0,126,283
10/31/2000,SBP,CA,AWP,WE,Federal Contract Tower,0,35,18,0,53,0,13,114,0,127,0,48,132,0,180,130,0,130,310
11/01/2000,SBP,CA,AWP,WE,Federal Contract Tower,0,36,12,0,48,0,12,162,0,174,0,48,174,0,222,186,0,186,408
11/02/2000,SBP,CA,AWP,WE,Federal Contract Tower,0,38,13,1,52,0,11,142,2,155,0,49,155,3,207,82,0,82,289
11/03/2000,SBP,CA,AWP,WE,Federal Contract Tower,0,43,15,1,59,0,1,149,0,150,0,44,164,1,209,144,0,144,353
11/04/2000,SBP,CA,AWP,WE,Federal Contract Tower,0,41,14,1,56,0,6,194,0,200,0,47,208,1,256,199,0,199,455
11/05/2000,SBP,CA,AWP,WE,Federal Contract Tower,0,34,15,1,50,0,0,186,1,187,0,34,201,2,237,72,0,72,309
11/06/2000,SBP,CA,AWP,WE,Federal Contract Tower,0,38,13,1,52,0,6,132,0,138,0,44,145,1,190,105,0,105,295
11/07/2000,SBP,CA,AWP,WE,Federal Contract Tower,0,40,13,1,54,0,1,111,3,115,0,41,124,4,169,48,0,48,217
11/08/2000,SBP,CA,AWP,WE,Federal Contract Tower,0,34,11,1,46,0,6,104,1,111,0,40,115,2,157,174,0,174,331
11/09/2000,SBP,CA,AWP,WE,Federal Contract Tower,0,43,14,1,58,0,4,132,3,139,0,47,146,4,197,92,0,92,289
11/10/2000,SBP,CA,AWP,WE,Federal Contract Tower,0,40,14,0,54,0,3,91,0,94,0,43,105,0,148,148,0,148,296
11/11/2000,SBP,CA,AWP,WE,Federal Contract Tower,0,35,13,0,48,0,0,189,0,189,0,35,202,0,237,84,0,84,321
11/12/2000,SBP,CA,AWP,WE,Federal Contract Tower,0,32,10,0,42,0,0,192,0,192,0,32,202,0,234,76,0,76,310
11/13/2000,SBP,CA,AWP,WE,Federal Contract Tower,0,34,11,0,45,0,9,95,0,104,0,43,106,0,149,92,0,92,241
11/14/2000,SBP,CA,AWP,WE,Federal Contract Tower,0,38,12,0,50,0,5,96,0,101,0,43,108,0,151,172,0,172,323
11/15/2000,SBP,CA,AWP,WE,Federal Contract Tower,0,40,14,1,55,0,7,87,3,97,0,47,101,4,152,44,0,44,196
11/16/2000,SBP,CA,AWP,WE,Federal Contract Tower,0,39,11,1,51,0,9,118,1,128,0,48,129,2,179,156,0,156,335
11/17/2000,SBP,CA,AWP,WE,Federal Contract Tower,0,37,11,1,49,0,7,159,5,171,0,44,170,6,220,114,0,114,334
11/18/2000,SBP,CA,AWP,WE,Federal Contract Tower,0,35,14,0,49,0,0,197,1,198,0,35,211,1,247,187,0,187,434
11/19/2000,SBP,CA,AWP,WE,Federal Contract Tower,0,35,12,0,47,0,0,200,2,202,0,35,212,2,249,154,0,154,403
11/20/2000,SBP,CA,AWP,WE,Federal Contract Tower,0,36,11,0,47,0,8,81,2,91,0,44,92,2,138,116,0,116,254
11/21/2000,SBP,CA,AWP,WE,Federal Contract Tower,0,47,15,0,62,0,7,91,9,107,0,54,106,9,169,45,0,45,214
11/22/2000,SBP,CA,AWP,WE,Federal Contract Tower,0,40,13,0,53,0,7,134,0,141,0,47,147,0,194,90,0,90,284
11/23/2000,SBP,CA,AWP,WE,Federal Contract Tower,0,30,10,0,40,0,5,82,0,87,0,35,92,0,127,10,0,10,137
11/24/2000,SBP,CA,AWP,WE,Federal Contract Tower,0,41,14,0,55,0,5,140,0,145,0,46,154,0,200,92,0,92,292
11/25/2000,SBP,CA,AWP,WE,Federal Contract Tower,0,32,10,0,42,0,2,133,0,135,0,34,143,0,177,100,1,101,278
11/26/2000,SBP,CA,AWP,WE,Federal Contract Tower,0,35,11,0,46,0,0,178,0,178,0,35,189,0,224,96,0,96,320
11/27/2000,SBP,CA,AWP,WE,Federal Contract Tower,0,36,12,0,48,0,24,67,0,91,0,60,79,0,139,74,0,74,213
11/28/2000,SBP,CA,AWP,WE,Federal Contract Tower,0,41,13,0,54,0,12,128,0,140,0,53,141,0,194,74,0,74,268
11/29/2000,SBP,CA,AWP,WE,Federal Contract Tower,0,56,21,0,77,0,0,50,2,52,0,56,71,2,129,28,0,28,157
11/30/2000,SBP,CA,AWP,WE,Federal Contract Tower,0,39,12,0,51,0,10,134,0,144,0,49,146,0,195,92,0,92,287
12/01/2000,SBP,CA,AWP,WE,Federal Contract Tower,0,39,14,0,53,0,5,96,2,103,0,44,110,2,156,122,0,122,278
12/02/2000,SBP,CA,AWP,WE,Federal Contract Tower,0,37,13,0,50,0,2,131,1,134,0,39,144,1,184,134,0,134,318
12/03/2000,SBP,CA,AWP,WE,Federal Contract Tower,0,32,12,0,44,0,4,163,0,167,0,36,175,0,211,103,0,103,314
12/04/2000,SBP,CA,AWP,WE,Federal Contract Tower,0,39,14,0,53,0,11,89,0,100,0,50,103,0,153,72,0,72,225
12/05/2000,SBP,CA,AWP,WE,Federal Contract Tower,0,38,13,0,51,0,16,86,0,102,0,54,99,0,153,70,0,70,223
12/06/2000,SBP,CA,AWP,WE,Federal Contract Tower,0,43,14,0,57,0,21,104,0,125,0,64,118,0,182,164,0,164,346
12/07/2000,SBP,CA,AWP,WE,Federal Contract Tower,0,37,12,0,49,0,18,121,0,139,0,55,133,0,188,141,0,141,329
12/08/2000,SBP,CA,AWP,WE,Federal Contract Tower,0,40,21,0,61,0,0,49,0,49,0,40,70,0,110,60,0,60,170
12/09/2000,SBP,CA,AWP,WE,Federal Contract Tower,0,36,18,0,54,0,0,49,0,49,0,36,67,0,103,130,0,130,233
12/10/2000,SBP,CA,AWP,WE,Federal Contract Tower,0,37,14,0,51,0,0,88,0,88,0,37,102,0,139,38,0,38,177
12/11/2000,SBP,CA,AWP,WE,Federal Contract Tower,0,40,13,0,53,0,6,98,2,106,0,46,111,2,159,82,0,82,241
12/12/2000,SBP,CA,AWP,WE,Federal Contract Tower,0,43,14,0,57,0,5,94,2,101,0,48,108,2,158,131,0,131,289
12/13/2000,SBP,CA,AWP,WE,Federal Contract Tower,0,39,13,0,52,0,13,77,2,92,0,52,90,2,144,96,0,96,240
12/14/2000,SBP,CA,AWP,WE,Federal Contract Tower,0,38,12,0,50,0,7,93,0,100,0,45,105,0,150,76,0,76,226
12/15/2000,SBP,CA,AWP,WE,Federal Contract Tower,0,33,10,0,43,0,14,101,3,118,0,47,111,3,161,91,0,91,252
12/16/2000,SBP,CA,AWP,WE,Federal Contract Tower,0,32,10,0,42,0,8,200,0,208,0,40,210,0,250,110,0,110,360
12/17/2000,SBP,CA,AWP,WE,Federal Contract Tower,0,34,11,0,45,0,0,150,0,150,0,34,161,0,195,56,0,56,251
12/18/2000,SBP,CA,AWP,WE,Federal Contract Tower,0,35,11,0,46,2,10,82,2,96,2,45,93,2,142,84,0,84,226
12/19/2000,SBP,CA,AWP,WE,Federal Contract Tower,0,35,11,0,46,0,17,95,0,112,0,52,106,0,158,80,0,80,238
12/20/2000,SBP,CA,AWP,WE,Federal Contract Tower,0,36,11,0,47,0,28,152,3,183,0,64,163,3,230,140,0,140,370
12/21/2000,SBP,CA,AWP,WE,Federal Contract Tower,0,41,13,0,54,0,14,86,0,100,0,55,99,0,154,82,0,82,236
12/22/2000,SBP,CA,AWP,WE,Federal Contract Tower,0,38,12,0,50,0,17,100,0,117,0,55,112,0,167,119,0,119,286
12/23/2000,SBP,CA,AWP,WE,Federal Contract Tower,0,34,11,0,45,0,4,138,0,142,0,38,149,0,187,74,0,74,261
12/24/2000,SBP,CA,AWP,WE,Federal Contract Tower,0,27,9,0,36,0,5,54,0,59,0,32,63,0,95,14,0,14,109
12/25/2000,SBP,CA,AWP,WE,Federal Contract Tower,0,28,9,0,37,0,7,43,0,50,0,35,52,0,87,33,0,33,120
12/26/2000,SBP,CA,AWP,WE,Federal Contract Tower,0,33,11,0,44,0,18,127,0,145,0,51,138,0,189,26,0,26,215
12/27/2000,SBP,CA,AWP,WE,Federal Contract Tower,0,45,15,0,60,0,0,131,2,133,0,45,146,2,193,76,0,76,269
12/28/2000,SBP,CA,AWP,WE,Federal Contract Tower,0,39,13,0,52,0,2,134,0,136,0,41,147,0,188,112,0,112,300
12/29/2000,SBP,CA,AWP,WE,Federal Contract Tower,0,45,15,0,60,0,3,210,0,213,0,48,225,0,273,128,0,128,401
12/30/2000,SBP,CA,AWP,WE,Federal Contract Tower,0,36,12,0,48,0,1,183,0,184,0,37,195,0,232,186,0,186,418
12/31/2000,SBP,CA,AWP,WE,Federal Contract Tower,0,33,10,0,43,0,2,109,0,111,0,35,119,0,154,21,0,21,175
01/01/2001,SBP,CA,AWP,WE,Federal Contract Tower,0,31,8,0,39,0,5,101,0,106,0,36,109,0,145,40,0,40,185
01/02/2001,SBP,CA,AWP,WE,Federal Contract Tower,0,36,10,0,46,0,3,79,0,82,0,39,89,0,128,72,0,72,200
01/03/2001,SBP,CA,AWP,WE,Federal Contract Tower,0,41,11,0,52,0,11,125,2,138,0,52,136,2,190,114,0,114,304
01/04/2001,SBP,CA,AWP,WE,Federal Contract Tower,0,34,9,0,43,0,16,125,4,145,0,50,134,4,188,68,0,68,256
01/05/2001,SBP,CA,AWP,WE,Federal Contract Tower,0,36,10,0,46,0,10,122,1,133,0,46,132,1,179,80,0,80,259
01/06/2001,SBP,CA,AWP,WE,Federal Contract Tower,0,35,9,0,44,0,0,209,4,213,0,35,218,4,257,168,0,168,425
01/07/2001,SBP,CA,AWP,WE,Federal Contract Tower,0,37,12,0,49,0,0,97,8,105,0,37,109,8,154,44,0,44,198
01/08/2001,SBP,CA,AWP,WE,Federal Contract Tower,0,42,13,0,55,0,0,13,0,13,0,42,26,0,68,16,0,16,84
01/09/2001,SBP,CA,AWP,WE,Federal Contract Tower,0,38,10,0,48,0,7,114,4,125,0,45,124,4,173,156,0,156,329
01/10/2001,SBP,CA,AWP,WE,Federal Contract Tower,0,39,11,0,50,0,3,3,0,6,0,42,14,0,56,6,0,6,62
01/11/2001,SBP,CA,AWP,WE,Federal Contract Tower,0,33,10,0,43,0,0,28,0,28,0,33,38,0,71,52,0,52,123
01/12/2001,SBP,CA,AWP,WE,Federal Contract Tower,0,26,8,1,35,0,22,70,5,97,0,48,78,6,132,130,0,130,262
01/13/2001,SBP,CA,AWP,WE,Federal Contract Tower,0,36,10,1,47,0,6,154,0,160,0,42,164,1,207,246,0,246,453
01/14/2001,SBP,CA,AWP,WE,Federal Contract Tower,0,35,10,1,46,0,0,164,13,177,0,35,174,14,223,116,0,116,339
01/15/2001,SBP,CA,AWP,WE,Federal Contract Tower,0,35,10,0,45,0,5,121,0,126,0,40,131,0,171,110,0,110,281
01/16/2001,SBP,CA,AWP,WE,Federal Contract Tower,0,37,9,1,47,0,11,99,1,111,0,48,108,2,158,110,0,110,268
01/17/2001,SBP,CA,AWP,WE,Federal Contract Tower,0,36,9,0,45,0,16,131,0,147,0,52,140,0,192,110,0,110,302
01/18/2001,SBP,CA,AWP,WE,Federal Contract Tower,0,37,9,0,46,0,18,109,0,127,0,55,118,0,173,136,0,136,309
01/19/2001,SBP,CA,AWP,WE,Federal Contract Tower,0,39,9,0,48,0,5,121,0,126,0,44,130,0,174,86,0,86,260
01/20/2001,SBP,CA,AWP,WE,Federal Contract Tower,0,35,10,1,46,0,0,171,2,173,0,35,181,3,219,248,0,248,467
01/21/2001,SBP,CA,AWP,WE,Federal Contract Tower,0,35,8,0,43,0,3,120,0,123,0,38,128,0,166,108,0,108,274
01/22/2001,SBP,CA,AWP,WE,Federal Contract Tower,0,39,9,0,48,0,3,101,0,104,0,42,110,0,152,152,0,152,304
01/23/2001,SBP,CA,AWP,WE,Federal Contract Tower,0,44,12,0,56,0,8,47,0,55,0,52,59,0,111,6,0,6,117
01/24/2001,SBP,CA,AWP,WE,Federal Contract Tower,0,41,11,0,52,0,3,22,0,25,0,44,33,0,77,66,0,66,143
01/25/2001,SBP,CA,AWP,WE,Federal Contract Tower,0,37,10,0,47,0,8,103,0,111,0,45,113,0,158,172,0,172,330
01/26/2001,SBP,CA,AWP,WE,Federal Contract Tower,0,29,11,0,40,0,0,59,4,63,0,29,70,4,103,54,0,54,157
01/27/2001,SBP,CA,AWP,WE,Federal Contract Tower,0,42,11,0,53,0,3,162,2,167,0,45,173,2,220,172,0,172,392
01/28/2001,SBP,CA,AWP,WE,Federal Contract Tower,0,36,10,0,46,0,0,164,0,164,0,36,174,0,210,64,0,64,274
01/29/2001,SBP,CA,AWP,WE,Federal Contract Tower,0,41,11,0,52,0,1,68,0,69,0,42,79,0,121,116,0,116,237
01/30/2001,SBP,CA,AWP,WE,Federal Contract Tower,0,36,9,0,45,0,11,105,0,116,0,47,114,0,161,60,0,60,221
01/31/2001,SBP,CA,AWP,WE,Federal Contract Tower,0,41,11,0,52,0,3,126,2,131,0,44,137,2,183,120,0,120,303
02/01/2001,SBP,CA,AWP,WE,Federal Contract Tower,0,19,6,0,25,0,10,161,0,171,0,29,167,0,196,18,0,18,214
02/02/2001,SBP,CA,AWP,WE,Federal Contract Tower,0,32,11,1,44,0,6,167,4,177,0,38,178,5,221,114,0,114,335
02/03/2001,SBP,CA,AWP,WE,Federal Contract Tower,0,32,11,1,44,0,7,141,2,150,0,39,152,3,194,128,0,128,322
02/04/2001,SBP,CA,AWP,WE,Federal Contract Tower,0,31,11,1,43,0,5,212,1,218,0,36,223,2,261,110,0,110,371
02/05/2001,SBP,CA,AWP,WE,Federal Contract Tower,0,31,11,0,42,0,21,99,0,120,0,52,110,0,162,34,0,34,196
02/06/2001,SBP,CA,AWP,WE,Federal Contract Tower,0,38,13,1,52,0,8,87,1,96,0,46,100,2,148,100,0,100,248
02/07/2001,SBP,CA,AWP,WE,Federal Contract Tower,0,39,14,1,54,0,9,91,1,101,0,48,105,2,155,138,0,138,293
02/08/2001,SBP,CA,AWP,WE,Federal Contract Tower,0,39,13,1,53,0,14,124,6,144,0,53,137,7,197,106,0,106,303
02/09/2001,SBP,CA,AWP,WE,Federal Contract Tower,0,49,17,0,66,0,4,21,0,25,0,53,38,0,91,20,0,20,111
02/10/2001,SBP,CA,AWP,WE,Federal Contract Tower,0,31,11,1,43,0,5,22,5,32,0,36,33,6,75,68,0,68,143
02/11/2001,SBP,CA,AWP,WE,Federal Contract Tower,0,38,13,0,51,0,1,16,0,17,0,39,29,0,68,46,0,46,114
02/12/2001,SBP,CA,AWP,WE,Federal Contract Tower,0,42,15,0,57,0,4,27,0,31,0,46,42,0,88,22,0,22,110
02/13/2001,SBP,CA,AWP,WE,Federal Contract Tower,0,45,15,1,61,0,2,24,1,27,0,47,39,2,88,20,0,20,108
02/14/2001,SBP,CA,AWP,WE,Federal Contract Tower,0,39,13,1,53,0,17,84,5,106,0,56,97,6,159,70,0,70,229
02/15/2001,SBP,CA,AWP,WE,Federal Contract Tower,0,39,12,1,52,0,9,134,1,144,0,48,146,2,196,104,0,104,300
02/16/2001,SBP,CA,AWP,WE,Federal Contract Tower,0,39,12,1,52,0,10,184,3,197,0,49,196,4,249,110,0,110,359
02/17/2001,SBP,CA,AWP,WE,Federal Contract Tower,0,32,10,0,42,0,3,114,0,117,0,35,124,0,159,192,0,192,351
02/18/2001,SBP,CA,AWP,WE,Federal Contract Tower,0,33,13,0,46,0,0,40,0,40,0,33,53,0,86,34,0,34,120
02/19/2001,SBP,CA,AWP,WE,Federal Contract Tower,0,33,12,0,45,0,0,30,0,30,0,33,42,0,75,16,0,16,91
02/20/2001,SBP,CA,AWP,WE,Federal Contract Tower,0,48,17,0,65,0,0,44,2,46,0,48,61,2,111,32,0,32,143
02/21/2001,SBP,CA,AWP,WE,Federal Contract Tower,0,43,15,0,58,0,8,86,2,96,0,51,101,2,154,186,0,186,340
02/22/2001,SBP,CA,AWP,WE,Federal Contract Tower,0,48,17,0,65,0,0,61,20,81,0,48,78,20,146,112,0,112,258
02/23/2001,SBP,CA,AWP,WE,Federal Contract Tower,0,38,14,0,52,0,0,46,6,52,0,38,60,6,104,104,0,104,208
02/24/2001,SBP,CA,AWP,WE,Federal Contract Tower,0,32,10,0,42,0,2,3,0,5,0,34,13,0,47,22,0,22,69
02/25/2001,SBP,CA,AWP,WE,Federal Contract Tower,0,27,9,0,36,0,2,44,0,46,0,29,53,0,82,132,0,132,214
02/26/2001,SBP,CA,AWP,WE,Federal Contract Tower,0,45,16,0,61,0,0,42,2,44,0,45,58,2,105,76,0,76,181
02/27/2001,SBP,CA,AWP,WE,Federal Contract Tower,0,48,16,0,64,0,9,106,2,117,0,57,122,2,181,184,0,184,365
02/28/2001,SBP,CA,AWP,WE,Federal Contract Tower,0,49,17,0,66,0,8,69,5,82,0,57,86,5,148,72,0,72,220
03/01/2001,SBP,CA,AWP,WE,Federal Contract Tower,0,32,16,1,49,0,15,149,3,167,0,47,165,4,216,136,0,136,352
03/02/2001,SBP,CA,AWP,WE,Federal Contract Tower,0,44,22,1,67,0,4,40,3,47,0,48,62,4,114,166,0,166,280
03/03/2001,SBP,CA,AWP,WE,Federal Contract Tower,0,36,18,0,54,0,0,92,0,92,0,36,110,0,146,120,0,120,266
03/04/2001,SBP,CA,AWP,WE,Federal Contract Tower,0,30,14,0,44,0,2,1,0,3,0,32,15,0,47,0,0,0,47
03/05/2001,SBP,CA,AWP,WE,Federal Contract Tower,0,36,18,1,55,0,6,14,2,22,0,42,32,3,77,32,0,32,109
03/06/2001,SBP,CA,AWP,WE,Federal Contract Tower,0,38,19,1,58,0,13,52,1,66,0,51,71,2,124,76,0,76,200
03/07/2001,SBP,CA,AWP,WE,Federal Contract Tower,0,40,19,1,60,0,23,180,1,204,0,63,199,2,264,170,0,170,434
03/08/2001,SBP,CA,AWP,WE,Federal Contract Tower,0,48,30,2,80,0,0,63,0,63,0,48,93,2,143,96,0,96,239
03/09/2001,SBP,CA,AWP,WE,Federal Contract Tower,0,41,23,0,64,0,0,36,0,36,0,41,59,0,100,40,0,40,140
03/10/2001,SBP,CA,AWP,WE,Federal Contract Tower,0,38,18,0,56,0,0,186,0,186,0,38,204,0,242,164,0,164,406
03/11/2001,SBP,CA,AWP,WE,Federal Contract Tower,0,35,24,0,59,0,0,78,0,78,0,35,102,0,137,130,0,130,267
03/12/2001,SBP,CA,AWP,WE,Federal Contract Tower,0,32,14,0,46,0,12,134,0,146,0,44,148,0,192,138,0,138,330
03/13/2001,SBP,CA,AWP,WE,Federal Contract Tower,0,36,16,1,53,0,15,153,9,177,0,51,169,10,230,194,0,194,424
03/14/2001,SBP,CA,AWP,WE,Federal Contract Tower,0,41,18,0,59,0,7,97,0,104,0,48,115,0,163,78,0,78,241
03/15/2001,SBP,CA,AWP,WE,Federal Contract Tower,0,45,21,1,67,0,7,98,4,109,0,52,119,5,176,186,0,186,362
03/16/2001,SBP,CA,AWP,WE,Federal Contract Tower,0,29,13,0,42,0,13,106,0,119,0,42,119,0,161,154,0,154,315
03/17/2001,SBP,CA,AWP,WE,Federal Contract Tower,0,36,16,1,53,0,0,181,1,182,0,36,197,2,235,144,0,144,379
03/18/2001,SBP,CA,AWP,WE,Federal Contract Tower,0,28,12,0,40,0,5,207,0,212,0,33,219,0,252,114,0,114,366
03/19/2001,SBP,CA,AWP,WE,Federal Contract Tower,0,33,15,1,49,0,12,133,3,148,0,45,148,4,197,132,0,132,329
03/20/2001,SBP,CA,AWP,WE,Federal Contract Tower,0,34,15,0,49,0,12,156,0,168,0,46,171,0,217,164,0,164,381
03/21/2001,SBP,CA,AWP,WE,Federal Contract Tower,0,37,24,2,63,0,0,20,0,20,0,37,44,2,83,26,0,26,109
03/22/2001,SBP,CA,AWP,WE,Federal Contract Tower,0,36,17,0,53,0,6,127,0,133,0,42,144,0,186,178,0,178,364
03/23/2001,SBP,CA,AWP,WE,Federal Contract Tower,0,42,30,1,73,0,0,62,3,65,0,42,92,4,138,152,0,152,290
03/24/2001,SBP,CA,AWP,WE,Federal Contract Tower,0,38,21,0,59,0,0,77,2,79,0,38,98,2,138,114,0,114,252
03/25/2001,SBP,CA,AWP,WE,Federal Contract Tower,0,34,17,0,51,0,0,151,2,153,0,34,168,2,204,62,0,62,266
03/26/2001,SBP,CA,AWP,WE,Federal Contract Tower,0,36,17,0,53,0,8,89,0,97,0,44,106,0,150,78,0,78,228
03/27/2001,SBP,CA,AWP,WE,Federal Contract Tower,0,33,16,0,49,0,22,144,2,168,0,55,160,2,217,120,0,120,337
03/28/2001,SBP,CA,AWP,WE,Federal Contract Tower,0,33,15,0,48,0,19,100,0,119,0,52,115,0,167,92,0,92,259
03/29/2001,SBP,CA,AWP,WE,Federal Contract Tower,0,37,18,0,55,0,9,115,0,124,0,46,133,0,179,78,0,78,257
03/30/2001,SBP,CA,AWP,WE,Federal Contract Tower,0,32,15,0,47,0,4,122,4,130,0,36,137,4,177,98,0,98,275
03/31/2001,SBP,CA,AWP,WE,Federal Contract Tower,0,38,19,0,57,0,0,132,0,132,0,38,151,0,189,52,0,52,241
04/01/2001,SBP,CA,AWP,WE,Federal Contract Tower,0,35,32,0,67,0,0,51,0,51,0,35,83,0,118,0,0,0,118
04/02/2001,SBP,CA,AWP,WE,Federal Contract Tower,0,42,7,0,49,0,14,98,0,112,0,56,105,0,161,160,0,160,321
04/03/2001,SBP,CA,AWP,WE,Federal Contract Tower,0,40,17,0,57,0,10,100,0,110,0,50,117,0,167,226,0,226,393
04/04/2001,SBP,CA,AWP,WE,Federal Contract Tower,0,43,15,2,60,0,10,85,0,95,0,53,100,2,155,162,0,162,317
04/05/2001,SBP,CA,AWP,WE,Federal Contract Tower,0,44,12,0,56,0,16,101,0,117,0,60,113,0,173,190,0,190,363
04/06/2001,SBP,CA,AWP,WE,Federal Contract Tower,0,44,28,1,73,0,0,73,2,75,0,44,101,3,148,80,0,80,228
04/07/2001,SBP,CA,AWP,WE,Federal Contract Tower,0,37,16,0,53,0,3,27,0,30,0,40,43,0,83,106,0,106,189
04/08/2001,SBP,CA,AWP,WE,Federal Contract Tower,0,37,16,0,53,0,7,148,0,155,0,44,164,0,208,94,0,94,302
04/09/2001,SBP,CA,AWP,WE,Federal Contract Tower,0,43,19,0,62,0,11,49,0,60,0,54,68,0,122,60,0,60,182
04/10/2001,SBP,CA,AWP,WE,Federal Contract Tower,0,46,11,7,64,0,11,114,1,126,0,57,125,8,190,154,0,154,344
04/11/2001,SBP,CA,AWP,WE,Federal Contract Tower,0,46,28,1,75,0,0,40,2,42,0,46,68,3,117,128,0,128,245
04/12/2001,SBP,CA,AWP,WE,Federal Contract Tower,0,40,9,3,52,0,13,146,5,164,0,53,155,8,216,62,0,62,278
04/13/2001,SBP,CA,AWP,WE,Federal Contract Tower,0,40,14,0,54,0,14,140,3,157,0,54,154,3,211,140,0,140,351
04/14/2001,SBP,CA,AWP,WE,Federal Contract Tower,0,38,8,0,46,0,10,176,0,186,0,48,184,0,232,105,0,105,337
04/15/2001,SBP,CA,AWP,WE,Federal Contract Tower,0,38,11,0,49,0,5,141,0,146,0,43,152,0,195,24,0,24,219
04/16/2001,SBP,CA,AWP,WE,Federal Contract Tower,0,36,17,0,53,0,12,104,0,116,0,48,121,0,169,38,0,38,207
04/17/2001,SBP,CA,AWP,WE,Federal Contract Tower,0,43,11,0,54,0,12,106,0,118,0,55,117,0,172,84,0,84,256
04/18/2001,SBP,CA,AWP,WE,Federal Contract Tower,0,47,44,2,93,0,1,60,0,61,0,48,104,2,154,136,0,136,290
04/19/2001,SBP,CA,AWP,WE,Federal Contract Tower,0,42,36,2,80,0,3,61,0,64,0,45,97,2,144,128,0,128,272
04/20/2001,SBP,CA,AWP,WE,Federal Contract Tower,0,44,36,0,80,0,5,30,0,35,0,49,66,0,115,18,0,18,133
04/21/2001,SBP,CA,AWP,WE,Federal Contract Tower,0,41,11,0,52,0,2,123,0,125,0,43,134,0,177,124,0,124,301
04/22/2001,SBP,CA,AWP,WE,Federal Contract Tower,0,33,16,0,49,0,8,219,0,227,0,41,235,0,276,96,0,96,372
04/23/2001,SBP,CA,AWP,WE,Federal Contract Tower,0,40,9,0,49,0,13,145,0,158,0,53,154,0,207,140,0,140,347
04/24/2001,SBP,CA,AWP,WE,Federal Contract Tower,0,44,12,1,57,0,13,146,2,161,0,57,158,3,218,208,0,208,426
04/25/2001,SBP,CA,AWP,WE,Federal Contract Tower,0,35,16,0,51,0,14,104,3,121,0,49,120,3,172,124,0,124,296
04/26/2001,SBP,CA,AWP,WE,Federal Contract Tower,0,36,29,4,69,0,5,43,0,48,0,41,72,4,117,56,0,56,173
04/27/2001,SBP,CA,AWP,WE,Federal Contract Tower,0,42,29,4,75,0,2,98,0,100,0,44,127,4,175,64,0,64,239
04/28/2001,SBP,CA,AWP,WE,Federal Contract Tower,0,38,12,0,50,0,9,149,1,159,0,47,161,1,209,82,0,82,291
04/29/2001,SBP,CA,AWP,WE,Federal Contract Tower,0,39,17,0,56,0,1,186,2,189,0,40,203,2,245,110,0,110,355
04/30/2001,SBP,CA,AWP,WE,Federal Contract Tower,0,42,5,0,47,0,5,85,0,90,0,47,90,0,137,132,0,132,269
05/01/2001,SBP,CA,AWP,WE,Federal Contract Tower,0,41,5,0,46,0,4,92,0,96,0,45,97,0,142,96,0,96,238
05/02/2001,SBP,CA,AWP,WE,Federal Contract Tower,0,45,10,0,55,0,15,93,0,108,0,60,103,0,163,74,0,74,237
05/03/2001,SBP,CA,AWP,WE,Federal Contract Tower,0,44,9,6,59,0,12,148,20,180,0,56,157,26,239,98,0,98,337
05/04/2001,SBP,CA,AWP,WE,Federal Contract Tower,0,39,11,2,52,0,7,177,2,186,0,46,188,4,238,110,0,110,348
05/05/2001,SBP,CA,AWP,WE,Federal Contract Tower,0,43,12,0,55,0,2,167,0,169,0,45,179,0,224,124,0,124,348
05/06/2001,SBP,CA,AWP,WE,Federal Contract Tower,0,38,12,0,50,0,0,219,0,219,0,38,231,0,269,132,0,132,401
05/07/2001,SBP,CA,AWP,WE,Federal Contract Tower,0,39,10,2,51,0,9,118,0,127,0,48,128,2,178,97,0,97,275
05/08/2001,SBP,CA,AWP,WE,Federal Contract Tower,0,40,7,0,47,0,7,95,0,102,0,47,102,0,149,107,0,107,256
05/09/2001,SBP,CA,AWP,WE,Federal Contract Tower,0,43,9,0,52,0,4,133,0,137,0,47,142,0,189,142,0,142,331
05/10/2001,SBP,CA,AWP,WE,Federal Contract Tower,0,47,18,0,65,0,8,91,6,105,0,55,109,6,170,76,0,76,246
05/11/2001,SBP,CA,AWP,WE,Federal Contract Tower,0,46,17,0,63,0,6,111,0,117,0,52,128,0,180,66,0,66,246
05/12/2001,SBP,CA,AWP,WE,Federal Contract Tower,0,37,33,0,70,0,4,98,2,104,0,41,131,2,174,58,0,58,232
05/13/2001,SBP,CA,AWP,WE,Federal Contract Tower,0,39,32,0,71,0,0,95,0,95,0,39,127,0,166,46,0,46,212
05/14/2001,SBP,CA,AWP,WE,Federal Contract Tower,0,43,11,1,55,0,2,153,1,156,0,45,164,2,211,92,0,92,303
05/15/2001,SBP,CA,AWP,WE,Federal Contract Tower,0,45,8,1,54,0,14,132,1,147,0,59,140,2,201,78,0,78,279
05/16/2001,SBP,CA,AWP,WE,Federal Contract Tower,0,40,6,0,46,0,10,145,0,155,0,50,151,0,201,130,0,130,331
05/17/2001,SBP,CA,AWP,WE,Federal Contract Tower,0,44,15,0,59,0,13,157,3,173,0,57,172,3,232,86,0,86,318
05/18/2001,SBP,CA,AWP,WE,Federal Contract Tower,0,40,19,0,59,0,0,100,0,100,0,40,119,0,159,62,0,62,221
05/19/2001,SBP,CA,AWP,WE,Federal Contract Tower,0,40,26,0,66,0,0,109,0,109,0,40,135,0,175,108,0,108,283
05/20/2001,SBP,CA,AWP,WE,Federal Contract Tower,0,40,16,0,56,0,2,111,1,114,0,42,127,1,170,60,0,60,230
05/21/2001,SBP,CA,AWP,WE,Federal Contract Tower,0,39,20,0,59,0,0,89,1,90,0,39,109,1,149,43,0,43,192
05/22/2001,SBP,CA,AWP,WE,Federal Contract Tower,0,45,13,0,58,0,7,88,0,95,0,52,101,0,153,182,0,182,335
05/23/2001,SBP,CA,AWP,WE,Federal Contract Tower,0,45,4,0,49,0,6,104,5,115,0,51,108,5,164,102,0,102,266
05/24/2001,SBP,CA,AWP,WE,Federal Contract Tower,0,40,4,2,46,0,13,140,0,153,0,53,144,2,199,196,0,196,395
05/25/2001,SBP,CA,AWP,WE,Federal Contract Tower,0,46,23,0,69,0,0,128,0,128,0,46,151,0,197,150,0,150,347
05/26/2001,SBP,CA,AWP,WE,Federal Contract Tower,0,35,32,0,67,0,2,95,0,97,0,37,127,0,164,86,0,86,250
05/27/2001,SBP,CA,AWP,WE,Federal Contract Tower,0,35,25,0,60,0,0,46,0,46,0,35,71,0,106,24,0,24,130
05/28/2001,SBP,CA,AWP,WE,Federal Contract Tower,0,40,15,0,55,0,2,222,0,224,0,42,237,0,279,16,0,16,295
05/29/2001,SBP,CA,AWP,WE,Federal Contract Tower,0,46,10,0,56,0,11,125,0,136,0,57,135,0,192,110,0,110,302
05/30/2001,SBP,CA,AWP,WE,Federal Contract Tower,0,44,9,0,53,0,10,155,0,165,0,54,164,0,218,172,0,172,390
05/31/2001,SBP,CA,AWP,WE,Federal Contract Tower,0,40,10,0,50,0,11,162,1,174,0,51,172,1,224,146,0,146,370
06/01/2001,SBP,CA,AWP,WE,Federal Contract Tower,0,40,18,0,58,0,6,115,0,121,0,46,133,0,179,114,0,114,293
06/02/2001,SBP,CA,AWP,WE,Federal Contract Tower,0,37,20,0,57,0,3,124,0,127,0,40,144,0,184,92,0,92,276
06/03/2001,SBP,CA,AWP,WE,Federal Contract Tower,0,42,12,1,55,0,4,123,3,130,0,46,135,4,185,42,0,42,227
06/04/2001,SBP,CA,AWP,WE,Federal Contract Tower,0,43,6,0,49,0,1,91,0,92,0,44,97,0,141,84,0,84,225
06/05/2001,SBP,CA,AWP,WE,Federal Contract Tower,0,46,13,0,59,0,7,157,0,164,0,53,170,0,223,128,0,128,351
06/06/2001,SBP,CA,AWP,WE,Federal Contract Tower,0,42,9,0,51,0,9,150,0,159,0,51,159,0,210,108,0,108,318
06/07/2001,SBP,CA,AWP,WE,Federal Contract Tower,0,40,6,0,46,0,7,144,0,151,0,47,150,0,197,158,0,158,355
06/08/2001,SBP,CA,AWP,WE,Federal Contract Tower,0,40,9,1,50,0,16,144,1,161,0,56,153,2,211,112,0,112,323
06/09/2001,SBP,CA,AWP,WE,Federal Contract Tower,0,37,10,0,47,0,0,152,0,152,0,37,162,0,199,90,0,90,289
06/10/2001,SBP,CA,AWP,WE,Federal Contract Tower,0,34,15,1,50,0,0,137,1,138,0,34,152,2,188,75,0,75,263
06/11/2001,SBP,CA,AWP,WE,Federal Contract Tower,0,40,11,1,52,0,5,164,2,171,0,45,175,3,223,112,0,112,335
06/12/2001,SBP,CA,AWP,WE,Federal Contract Tower,0,41,10,0,51,0,10,132,7,149,0,51,142,7,200,100,0,100,300
06/13/2001,SBP,CA,AWP,WE,Federal Contract Tower,0,44,18,0,62,0,10,144,1,155,0,54,162,1,217,156,0,156,373
06/14/2001,SBP,CA,AWP,WE,Federal Contract Tower,0,43,9,0,52,0,12,139,1,152,0,55,148,1,204,180,0,180,384
06/15/2001,SBP,CA,AWP,WE,Federal Contract Tower,0,40,10,0,50,0,6,122,4,132,0,46,132,4,182,110,0,110,292
06/16/2001,SBP,CA,AWP,WE,Federal Contract Tower,0,40,13,1,54,0,3,198,5,206,0,43,211,6,260,198,0,198,458
06/17/2001,SBP,CA,AWP,WE,Federal Contract Tower,0,34,16,0,50,0,0,210,0,210,0,34,226,0,260,142,0,142,402
06/18/2001,SBP,CA,AWP,WE,Federal Contract Tower,0,40,6,4,50,0,7,129,0,136,0,47,135,4,186,180,0,180,366
06/19/2001,SBP,CA,AWP,WE,Federal Contract Tower,0,41,9,9,59,0,10,167,0,177,0,51,176,9,236,100,0,100,336
06/20/2001,SBP,CA,AWP,WE,Federal Contract Tower,0,39,6,0,45,0,13,160,3,176,0,52,166,3,221,192,4,196,417
06/21/2001,SBP,CA,AWP,WE,Federal Contract Tower,0,42,12,0,54,0,8,155,3,166,0,50,167,3,220,158,0,158,378
06/22/2001,SBP,CA,AWP,WE,Federal Contract Tower,0,43,14,1,58,0,6,152,4,162,0,49,166,5,220,140,0,140,360
06/23/2001,SBP,CA,AWP,WE,Federal Contract Tower,0,32,19,0,51,0,10,141,0,151,0,42,160,0,202,134,0,134,336
06/24/2001,SBP,CA,AWP,WE,Federal Contract Tower,0,40,18,0,58,0,2,175,0,177,0,42,193,0,235,106,0,106,341
06/25/2001,SBP,CA,AWP,WE,Federal Contract Tower,0,43,21,0,64,0,15,137,0,152,0,58,158,0,216,200,0,200,416
06/26/2001,SBP,CA,AWP,WE,Federal Contract Tower,0,42,9,0,51,0,12,169,0,181,0,54,178,0,232,160,0,160,392
06/27/2001,SBP,CA,AWP,WE,Federal Contract Tower,0,47,11,0,58,0,8,154,1,163,0,55,165,1,221,156,0,156,377
06/28/2001,SBP,CA,AWP,WE,Federal Contract Tower,0,44,13,2,59,0,8,165,5,178,0,52,178,7,237,184,0,184,421
06/29/2001,SBP,CA,AWP,WE,Federal Contract Tower,0,47,9,1,57,0,4,181,0,185,0,51,190,1,242,195,0,195,437
06/30/2001,SBP,CA,AWP,WE,Federal Contract Tower,0,36,18,0,54,0,1,225,0,226,0,37,243,0,280,122,0,122,402
07/01/2001,SBP,CA,AWP,WE,Federal Contract Tower,0,40,13,0,53,0,1,182,2,185,0,41,195,2,238,112,0,112,350
07/02/2001,SBP,CA,AWP,WE,Federal Contract Tower,0,41,7,0,48,0,18,147,0,165,0,59,154,0,213,162,0,162,375
07/03/2001,SBP,CA,AWP,WE,Federal Contract Tower,0,42,7,3,52,0,11,138,1,150,0,53,145,4,202,154,0,154,356
07/04/2001,SBP,CA,AWP,WE,Federal Contract Tower,0,41,11,2,54,0,2,126,0,128,0,43,137,2,182,140,0,140,322
07/05/2001,SBP,CA,AWP,WE,Federal Contract Tower,0,43,13,0,56,0,8,156,0,164,0,51,169,0,220,162,0,162,382
07/06/2001,SBP,CA,AWP,WE,Federal Contract Tower,0,41,16,4,61,0,3,113,0,116,0,44,129,4,177,165,0,165,342
07/07/2001,SBP,CA,AWP,WE,Federal Contract Tower,0,41,20,0,61,0,1,113,2,116,0,42,133,2,177,80,0,80,257
07/08/2001,SBP,CA,AWP,WE,Federal Contract Tower,0,39,28,0,67,0,0,146,0,146,0,39,174,0,213,88,0,88,301
07/09/2001,SBP,CA,AWP,WE,Federal Contract Tower,0,48,17,2,67,0,8,115,0,123,0,56,132,2,190,202,0,202,392
07/10/2001,SBP,CA,AWP,WE,Federal Contract Tower,0,46,23,2,71,0,11,122,1,134,0,57,145,3,205,246,0,246,451
07/11/2001,SBP,CA,AWP,WE,Federal Contract Tower,0,48,24,0,72,0,8,181,4,193,0,56,205,4,265,278,0,278,543
07/12/2001,SBP,CA,AWP,WE,Federal Contract Tower,0,41,9,0,50,0,10,162,0,172,0,51,171,0,222,204,0,204,426
07/13/2001,SBP,CA,AWP,WE,Federal Contract Tower,0,48,16,0,64,0,10,158,4,172,0,58,174,4,236,169,0,169,405
07/14/2001,SBP,CA,AWP,WE,Federal Contract Tower,0,44,14,1,59,0,5,158,1,164,0,49,172,2,223,186,0,186,409
07/15/2001,SBP,CA,AWP,WE,Federal Contract Tower,0,44,20,1,65,0,0,79,3,82,0,44,99,4,147,40,0,40,187
07/16/2001,SBP,CA,AWP,WE,Federal Contract Tower,0,42,19,0,61,0,6,82,0,88,0,48,101,0,149,156,0,156,305
07/17/2001,SBP,CA,AWP,WE,Federal Contract Tower,0,51,24,0,75,0,10,128,3,141,0,61,152,3,216,190,0,190,406
07/18/2001,SBP,CA,AWP,WE,Federal Contract Tower,0,56,28,1,85,0,10,121,3,134,0,66,149,4,219,142,0,142,361
07/19/2001,SBP,CA,AWP,WE,Federal Contract Tower,0,49,20,4,73,0,4,121,2,127,0,53,141,6,200,172,0,172,372
07/20/2001,SBP,CA,AWP,WE,Federal Contract Tower,0,45,22,2,69,0,3,158,2,163,0,48,180,4,232,144,0,144,376
07/21/2001,SBP,CA,AWP,WE,Federal Contract Tower,0,40,15,0,55,0,0,181,0,181,0,40,196,0,236,127,0,127,363
07/22/2001,SBP,CA,AWP,WE,Federal Contract Tower,0,42,16,0,58,0,0,162,0,162,0,42,178,0,220,50,0,50,270
07/23/2001,SBP,CA,AWP,WE,Federal Contract Tower,0,51,18,1,70,0,7,133,7,147,0,58,151,8,217,186,0,186,403
07/24/2001,SBP,CA,AWP,WE,Federal Contract Tower,0,49,22,1,72,0,8,111,0,119,0,57,133,1,191,136,0,136,327
07/25/2001,SBP,CA,AWP,WE,Federal Contract Tower,0,54,25,0,79,0,8,145,0,153,0,62,170,0,232,140,0,140,372
07/26/2001,SBP,CA,AWP,WE,Federal Contract Tower,0,48,17,0,65,0,5,146,0,151,0,53,163,0,216,150,0,150,366
07/27/2001,SBP,CA,AWP,WE,Federal Contract Tower,0,47,11,0,58,0,3,186,2,191,0,50,197,2,249,268,0,268,517
07/28/2001,SBP,CA,AWP,WE,Federal Contract Tower,0,47,6,1,54,0,0,123,6,129,0,47,129,7,183,92,0,92,275
07/29/2001,SBP,CA,AWP,WE,Federal Contract Tower,0,40,17,1,58,0,0,177,1,178,0,40,194,2,236,116,0,116,352
07/30/2001,SBP,CA,AWP,WE,Federal Contract Tower,0,43,21,0,64,0,6,103,1,110,0,49,124,1,174,140,0,140,314
07/31/2001,SBP,CA,AWP,WE,Federal Contract Tower,0,48,22,0,70,0,7,83,0,90,0,55,105,0,160,210,0,210,370
08/01/2001,SBP,CA,AWP,WE,Federal Contract Tower,0,44,25,1,70,0,11,113,3,127,0,55,138,4,197,98,0,98,295
08/02/2001,SBP,CA,AWP,WE,Federal Contract Tower,0,43,26,0,69,0,15,123,0,138,0,58,149,0,207,190,0,190,397
08/03/2001,SBP,CA,AWP,WE,Federal Contract Tower,0,48,17,0,65,0,4,136,0,140,0,52,153,0,205,138,0,138,343
08/04/2001,SBP,CA,AWP,WE,Federal Contract Tower,0,38,15,0,53,0,6,196,1,203,0,44,211,1,256,134,0,134,390
08/05/2001,SBP,CA,AWP,WE,Federal Contract Tower,0,43,16,0,59,0,0,208,2,210,0,43,224,2,269,184,0,184,453
08/06/2001,SBP,CA,AWP,WE,Federal Contract Tower,0,43,8,0,51,0,10,102,0,112,0,53,110,0,163,166,0,166,329
08/07/2001,SBP,CA,AWP,WE,Federal Contract Tower,0,46,10,2,58,0,4,140,6,150,0,50,150,8,208,206,0,206,414
08/08/2001,SBP,CA,AWP,WE,Federal Contract Tower,0,49,15,1,65,0,2,142,17,161,0,51,157,18,226,258,0,258,484
08/09/2001,SBP,CA,AWP,WE,Federal Contract Tower,0,47,21,0,68,0,3,122,0,125,0,50,143,0,193,158,0,158,351
08/10/2001,SBP,CA,AWP,WE,Federal Contract Tower,0,48,18,0,66,0,2,155,17,174,0,50,173,17,240,120,0,120,360
08/11/2001,SBP,CA,AWP,WE,Federal Contract Tower,0,42,13,1,56,0,1,228,1,230,0,43,241,2,286,100,0,100,386
08/12/2001,SBP,CA,AWP,WE,Federal Contract Tower,0,40,5,0,45,0,0,194,2,196,0,40,199,2,241,162,0,162,403
08/13/2001,SBP,CA,AWP,WE,Federal Contract Tower,0,44,1,1,46,0,11,121,1,133,0,55,122,2,179,154,0,154,333
08/14/2001,SBP,CA,AWP,WE,Federal Contract Tower,0,44,19,0,63,0,11,132,28,171,0,55,151,28,234,252,0,252,486
08/15/2001,SBP,CA,AWP,WE,Federal Contract Tower,0,46,21,1,68,0,7,124,1,132,0,53,145,2,200,138,0,138,338
08/16/2001,SBP,CA,AWP,WE,Federal Contract Tower,0,49,18,0,67,0,2,155,24,181,0,51,173,24,248,210,0,210,458
08/17/2001,SBP,CA,AWP,WE,Federal Contract Tower,0,42,22,1,65,0,1,145,2,148,0,43,167,3,213,164,0,164,377
08/18/2001,SBP,CA,AWP,WE,Federal Contract Tower,0,41,15,0,56,0,1,171,0,172,0,42,186,0,228,86,0,86,314
08/19/2001,SBP,CA,AWP,WE,Federal Contract Tower,0,42,13,0,55,0,2,181,0,183,0,44,194,0,238,178,0,178,416
08/20/2001,SBP,CA,AWP,WE,Federal Contract Tower,0,44,19,2,65,0,9,105,0,114,0,53,124,2,179,84,0,84,263
08/21/2001,SBP,CA,AWP,WE,Federal Contract Tower,0,44,13,0,57,0,6,99,2,107,0,50,112,2,164,106,0,106,270
08/22/2001,SBP,CA,AWP,WE,Federal Contract Tower,0,41,19,5,65,0,15,114,26,155,0,56,133,31,220,142,14,156,376
08/23/2001,SBP,CA,AWP,WE,Federal Contract Tower,0,45,13,0,58,0,10,139,6,155,0,55,152,6,213,160,0,160,373
08/24/2001,SBP,CA,AWP,WE,Federal Contract Tower,0,47,6,2,55,0,7,128,0,135,0,54,134,2,190,116,0,116,306
08/25/2001,SBP,CA,AWP,WE,Federal Contract Tower,0,43,15,0,58,0,6,136,0,142,0,49,151,0,200,142,0,142,342
08/26/2001,SBP,CA,AWP,WE,Federal Contract Tower,0,37,9,0,46,0,1,244,0,245,0,38,253,0,291,116,0,116,407
08/27/2001,SBP,CA,AWP,WE,Federal Contract Tower,0,39,4,0,43,0,10,118,1,129,0,49,122,1,172,38,0,38,210
08/28/2001,SBP,CA,AWP,WE,Federal Contract Tower,0,43,9,0,52,0,5,104,13,122,0,48,113,13,174,130,0,130,304
08/29/2001,SBP,CA,AWP,WE,Federal Contract Tower,0,48,46,0,94,0,0,20,2,22,0,48,66,2,116,60,0,60,176
08/30/2001,SBP,CA,AWP,WE,Federal Contract Tower,0,53,40,2,95,0,2,52,4,58,0,55,92,6,153,48,0,48,201
08/31/2001,SBP,CA,AWP,WE,Federal Contract Tower,0,41,9,0,50,0,13,150,2,165,0,54,159,2,215,142,0,142,357
09/01/2001,SBP,CA,AWP,WE,Federal Contract Tower,0,33,16,0,49,0,1,136,0,137,0,34,152,0,186,44,0,44,230
09/02/2001,SBP,CA,AWP,WE,Federal Contract Tower,0,42,3,0,45,0,1,169,1,171,0,43,172,1,216,28,0,28,244
09/03/2001,SBP,CA,AWP,WE,Federal Contract Tower,0,40,2,0,42,0,0,190,29,219,0,40,192,29,261,12,0,12,273
09/04/2001,SBP,CA,AWP,WE,Federal Contract Tower,0,43,9,0,52,0,7,117,30,154,0,50,126,30,206,136,0,136,342
09/05/2001,SBP,CA,AWP,WE,Federal Contract Tower,0,49,9,4,62,0,7,96,13,116,0,56,105,17,178,154,0,154,332
09/06/2001,SBP,CA,AWP,WE,Federal Contract Tower,0,46,13,0,59,0,8,93,21,122,0,54,106,21,181,78,0,78,259
09/07/2001,SBP,CA,AWP,WE,Federal Contract Tower,0,45,20,0,65,0,4,130,2,136,0,49,150,2,201,80,0,80,281
09/08/2001,SBP,CA,AWP,WE,Federal Contract Tower,0,42,35,0,77,0,0,41,0,41,0,42,76,0,118,82,0,82,200
09/09/2001,SBP,CA,AWP,WE,Federal Contract Tower,0,38,23,0,61,0,0,101,0,101,0,38,124,0,162,94,0,94,256
09/10/2001,SBP,CA,AWP,WE,Federal Contract Tower,0,41,5,0,46,0,8,132,0,140,0,49,137,0,186,98,0,98,284
09/11/2001,SBP,CA,AWP,WE,Federal Contract Tower,0,6,1,0,7,0,0,7,0,7,0,6,8,0,14,0,0,0,14
09/12/2001,SBP,CA,AWP,WE,Federal Contract Tower,0,0,2,0,2,0,0,0,0,0,0,0,2,0,2,0,0,0,2
09/13/2001,SBP,CA,AWP,WE,Federal Contract Tower,0,17,1,0,18,0,0,1,0,1,0,17,2,0,19,0,0,0,19
09/14/2001,SBP,CA,AWP,WE,Federal Contract Tower,0,37,16,0,53,0,10,0,0,10,0,47,16,0,63,0,0,0,63
09/15/2001,SBP,CA,AWP,WE,Federal Contract Tower,0,32,43,0,75,0,1,7,0,8,0,33,50,0,83,0,0,0,83
09/16/2001,SBP,CA,AWP,WE,Federal Contract Tower,0,35,35,0,70,0,0,7,2,9,0,35,42,2,79,0,0,0,79
09/17/2001,SBP,CA,AWP,WE,Federal Contract Tower,0,45,42,2,89,0,2,1,0,3,0,47,43,2,92,0,0,0,92
09/18/2001,SBP,CA,AWP,WE,Federal Contract Tower,0,55,39,0,94,0,3,0,3,6,0,58,39,3,100,0,0,0,100
09/19/2001,SBP,CA,AWP,WE,Federal Contract Tower,0,45,51,5,101,0,1,13,0,14,0,46,64,5,115,0,0,0,115
09/20/2001,SBP,CA,AWP,WE,Federal Contract Tower,0,44,22,0,66,0,8,79,0,87,0,52,101,0,153,0,0,0,153
09/21/2001,SBP,CA,AWP,WE,Federal Contract Tower,0,39,19,1,59,0,6,80,2,88,0,45,99,3,147,0,0,0,147
09/22/2001,SBP,CA,AWP,WE,Federal Contract Tower,0,40,18,1,59,0,0,80,0,80,0,40,98,1,139,172,0,172,311
09/23/2001,SBP,CA,AWP,WE,Federal Contract Tower,0,33,25,0,58,0,0,141,0,141,0,33,166,0,199,156,0,156,355
09/24/2001,SBP,CA,AWP,WE,Federal Contract Tower,0,46,11,0,57,0,9,105,0,114,0,55,116,0,171,148,0,148,319
09/25/2001,SBP,CA,AWP,WE,Federal Contract Tower,0,47,19,0,66,0,18,103,0,121,0,65,122,0,187,148,0,148,335
09/26/2001,SBP,CA,AWP,WE,Federal Contract Tower,0,45,14,4,63,0,8,145,2,155,0,53,159,6,218,166,0,166,384
09/27/2001,SBP,CA,AWP,WE,Federal Contract Tower,0,45,14,0,59,0,16,132,2,150,0,61,146,2,209,114,0,114,323
09/28/2001,SBP,CA,AWP,WE,Federal Contract Tower,0,43,14,0,57,0,11,149,0,160,0,54,163,0,217,100,0,100,317
09/29/2001,SBP,CA,AWP,WE,Federal Contract Tower,0,40,14,0,54,0,2,167,0,169,0,42,181,0,223,86,0,86,309
09/30/2001,SBP,CA,AWP,WE,Federal Contract Tower,0,40,19,2,61,0,0,157,0,157,0,40,176,2,218,180,0,180,398
10/01/2001,SBP,CA,AWP,WE,Federal Contract Tower,0,42,9,0,51,0,8,116,0,124,0,50,125,0,175,144,0,144,319
10/02/2001,SBP,CA,AWP,WE,Federal Contract Tower,0,37,18,1,56,0,6,90,1,97,0,43,108,2,153,118,0,118,271
10/03/2001,SBP,CA,AWP,WE,Federal Contract Tower,0,35,21,0,56,0,18,110,0,128,0,53,131,0,184,176,0,176,360
10/04/2001,SBP,CA,AWP,WE,Federal Contract Tower,0,32,23,1,56,0,4,74,2,80,0,36,97,3,136,54,0,54,190
10/05/2001,SBP,CA,AWP,WE,Federal Contract Tower,0,39,37,0,76,0,4,62,0,66,0,43,99,0,142,150,0,150,292
10/06/2001,SBP,CA,AWP,WE,Federal Contract Tower,0,39,23,0,62,0,0,113,10,123,0,39,136,10,185,128,0,128,313
10/07/2001,SBP,CA,AWP,WE,Federal Contract Tower,0,32,20,0,52,0,0,106,0,106,0,32,126,0,158,134,0,134,292
10/08/2001,SBP,CA,AWP,WE,Federal Contract Tower,0,30,19,0,49,0,5,80,0,85,0,35,99,0,134,96,0,96,230
10/09/2001,SBP,CA,AWP,WE,Federal Contract Tower,0,42,30,0,72,0,11,110,2,123,0,53,140,2,195,198,0,198,393
10/10/2001,SBP,CA,AWP,WE,Federal Contract Tower,0,39,8,0,47,0,7,114,10,131,0,46,122,10,178,134,0,134,312
10/11/2001,SBP,CA,AWP,WE,Federal Contract Tower,0,39,5,0,44,0,8,166,4,178,0,47,171,4,222,220,0,220,442
10/12/2001,SBP,CA,AWP,WE,Federal Contract Tower,0,37,7,0,44,0,9,160,0,169,0,46,167,0,213,170,0,170,383
10/13/2001,SBP,CA,AWP,WE,Federal Contract Tower,0,36,15,4,55,0,4,253,0,257,0,40,268,4,312,198,0,198,510
10/14/2001,SBP,CA,AWP,WE,Federal Contract Tower,0,35,24,0,59,0,0,202,0,202,0,35,226,0,261,140,0,140,401
10/15/2001,SBP,CA,AWP,WE,Federal Contract Tower,0,35,12,0,47,0,7,116,0,123,0,42,128,0,170,146,0,146,316
10/16/2001,SBP,CA,AWP,WE,Federal Contract Tower,0,33,10,0,43,0,11,93,2,106,0,44,103,2,149,124,0,124,273
10/17/2001,SBP,CA,AWP,WE,Federal Contract Tower,0,41,20,0,61,0,7,91,0,98,0,48,111,0,159,84,0,84,243
10/18/2001,SBP,CA,AWP,WE,Federal Contract Tower,0,40,11,0,51,0,4,135,0,139,0,44,146,0,190,150,0,150,340
10/19/2001,SBP,CA,AWP,WE,Federal Contract Tower,0,31,23,0,54,0,12,141,0,153,0,43,164,0,207,130,0,130,337
10/20/2001,SBP,CA,AWP,WE,Federal Contract Tower,0,31,0,0,31,0,4,99,0,103,0,35,99,0,134,110,0,110,244
10/21/2001,SBP,CA,AWP,WE,Federal Contract Tower,0,35,20,0,55,0,3,115,0,118,0,38,135,0,173,142,0,142,315
10/22/2001,SBP,CA,AWP,WE,Federal Contract Tower,0,38,11,0,49,0,8,110,0,118,0,46,121,0,167,124,0,124,291
10/23/2001,SBP,CA,AWP,WE,Federal Contract Tower,0,41,17,0,58,0,14,108,3,125,0,55,125,3,183,116,0,116,299
10/24/2001,SBP,CA,AWP,WE,Federal Contract Tower,0,40,12,0,52,0,8,144,2,154,0,48,156,2,206,199,0,199,405
10/25/2001,SBP,CA,AWP,WE,Federal Contract Tower,0,38,24,0,62,0,15,122,0,137,0,53,146,0,199,153,0,153,352
10/26/2001,SBP,CA,AWP,WE,Federal Contract Tower,0,38,20,0,58,0,5,72,0,77,0,43,92,0,135,102,0,102,237
10/27/2001,SBP,CA,AWP,WE,Federal Contract Tower,0,33,13,0,46,0,12,158,0,170,0,45,171,0,216,170,0,170,386
10/28/2001,SBP,CA,AWP,WE,Federal Contract Tower,0,35,23,1,59,0,0,116,1,117,0,35,139,2,176,162,0,162,338
10/29/2001,SBP,CA,AWP,WE,Federal Contract Tower,0,38,15,0,53,0,2,122,3,127,0,40,137,3,180,118,0,118,298
10/30/2001,SBP,CA,AWP,WE,Federal Contract Tower,0,50,16,4,70,0,4,2,0,6,0,54,18,4,76,0,0,0,76
10/31/2001,SBP,CA,AWP,WE,Federal Contract Tower,0,46,3,0,49,0,12,133,0,145,0,58,136,0,194,106,0,106,300
11/01/2001,SBP,CA,AWP,WE,Federal Contract Tower,0,48,9,6,63,0,0,104,0,104,0,48,113,6,167,68,0,68,235
11/02/2001,SBP,CA,AWP,WE,Federal Contract Tower,0,53,15,0,68,0,0,12,1,13,0,53,27,1,81,14,0,14,95
11/03/2001,SBP,CA,AWP,WE,Federal Contract Tower,0,45,13,4,62,0,2,94,6,102,0,47,107,10,164,70,0,70,234
11/04/2001,SBP,CA,AWP,WE,Federal Contract Tower,0,34,6,2,42,0,5,108,0,113,0,39,114,2,155,60,0,60,215
11/05/2001,SBP,CA,AWP,WE,Federal Contract Tower,0,41,2,2,45,0,4,101,1,106,0,45,103,3,151,118,0,118,269
11/06/2001,SBP,CA,AWP,WE,Federal Contract Tower,0,50,13,2,65,0,1,16,0,17,0,51,29,2,82,2,0,2,84
11/07/2001,SBP,CA,AWP,WE,Federal Contract Tower,0,45,21,0,66,0,2,103,0,105,0,47,124,0,171,208,0,208,379
11/08/2001,SBP,CA,AWP,WE,Federal Contract Tower,0,43,11,6,60,0,9,184,3,196,0,52,195,9,256,186,0,186,442
11/09/2001,SBP,CA,AWP,WE,Federal Contract Tower,0,40,17,0,57,0,6,148,0,154,0,46,165,0,211,142,0,142,353
11/10/2001,SBP,CA,AWP,WE,Federal Contract Tower,0,37,21,0,58,0,3,75,2,80,0,40,96,2,138,102,0,102,240
11/11/2001,SBP,CA,AWP,WE,Federal Contract Tower,0,30,26,0,56,0,3,51,0,54,0,33,77,0,110,50,0,50,160
11/12/2001,SBP,CA,AWP,WE,Federal Contract Tower,0,33,14,0,47,0,0,6,0,6,0,33,20,0,53,0,0,0,53
11/13/2001,SBP,CA,AWP,WE,Federal Contract Tower,0,46,16,2,64,0,6,85,0,91,0,52,101,2,155,120,0,120,275
11/14/2001,SBP,CA,AWP,WE,Federal Contract Tower,0,37,13,2,52,0,14,134,0,148,0,51,147,2,200,218,0,218,418
11/15/2001,SBP,CA,AWP,WE,Federal Contract Tower,0,45,18,2,65,0,6,117,0,123,0,51,135,2,188,114,0,114,302
11/16/2001,SBP,CA,AWP,WE,Federal Contract Tower,0,50,31,4,85,0,4,81,6,91,0,54,112,10,176,104,0,104,280
11/17/2001,SBP,CA,AWP,WE,Federal Contract Tower,0,28,15,0,43,0,3,112,0,115,0,31,127,0,158,123,0,123,281
11/18/2001,SBP,CA,AWP,WE,Federal Contract Tower,0,32,12,0,44,0,4,146,0,150,0,36,158,0,194,166,0,166,360
11/19/2001,SBP,CA,AWP,WE,Federal Contract Tower,0,41,5,0,46,0,2,100,1,103,0,43,105,1,149,36,0,36,185
11/20/2001,SBP,CA,AWP,WE,Federal Contract Tower,0,45,12,3,60,0,9,133,1,143,0,54,145,4,203,112,0,112,315
11/21/2001,SBP,CA,AWP,WE,Federal Contract Tower,0,42,28,0,70,0,10,104,0,114,0,52,132,0,184,60,0,60,244
11/22/2001,SBP,CA,AWP,WE,Federal Contract Tower,0,32,14,0,46,0,2,22,0,24,0,34,36,0,70,2,0,2,72
11/23/2001,SBP,CA,AWP,WE,Federal Contract Tower,0,35,14,0,49,0,3,166,0,169,0,38,180,0,218,72,0,72,290
11/24/2001,SBP,CA,AWP,WE,Federal Contract Tower,0,29,4,0,33,0,0,2,0,2,0,29,6,0,35,12,0,12,47
11/25/2001,SBP,CA,AWP,WE,Federal Contract Tower,0,31,16,0,47,0,3,134,6,143,0,34,150,6,190,132,0,132,322
11/26/2001,SBP,CA,AWP,WE,Federal Contract Tower,0,38,12,0,50,0,5,70,0,75,0,43,82,0,125,54,0,54,179
11/27/2001,SBP,CA,AWP,WE,Federal Contract Tower,0,42,11,2,55,0,7,132,2,141,0,49,143,4,196,106,0,106,302
11/28/2001,SBP,CA,AWP,WE,Federal Contract Tower,0,46,13,0,59,0,5,112,0,117,0,51,125,0,176,114,0,114,290
11/29/2001,SBP,CA,AWP,WE,Federal Contract Tower,0,44,30,3,77,0,7,33,0,40,0,51,63,3,117,8,0,8,125
11/30/2001,SBP,CA,AWP,WE,Federal Contract Tower,0,42,14,0,56,0,7,113,0,120,0,49,127,0,176,64,0,64,240
12/01/2001,SBP,CA,AWP,WE,Federal Contract Tower,0,33,17,0,50,0,3,81,0,84,0,36,98,0,134,142,0,142,276
12/02/2001,SBP,CA,AWP,WE,Federal Contract Tower,0,30,26,0,56,0,1,0,0,1,0,31,26,0,57,0,0,0,57
12/03/2001,SBP,CA,AWP,WE,Federal Contract Tower,0,43,15,0,58,0,6,68,0,74,0,49,83,0,132,86,0,86,218
12/04/2001,SBP,CA,AWP,WE,Federal Contract Tower,0,37,13,0,50,0,10,87,2,99,0,47,100,2,149,106,0,106,255
12/05/2001,SBP,CA,AWP,WE,Federal Contract Tower,0,36,14,0,50,0,6,103,5,114,0,42,117,5,164,56,0,56,220
12/06/2001,SBP,CA,AWP,WE,Federal Contract Tower,0,40,12,0,52,0,15,125,4,144,0,55,137,4,196,94,16,110,306
12/07/2001,SBP,CA,AWP,WE,Federal Contract Tower,0,38,15,0,53,0,14,109,0,123,0,52,124,0,176,58,0,58,234
12/08/2001,SBP,CA,AWP,WE,Federal Contract Tower,0,32,9,0,41,0,4,161,0,165,0,36,170,0,206,196,0,196,402
12/09/2001,SBP,CA,AWP,WE,Federal Contract Tower,0,29,17,0,46,0,2,55,2,59,0,31,72,2,105,48,0,48,153
12/10/2001,SBP,CA,AWP,WE,Federal Contract Tower,0,35,12,0,47,0,8,98,0,106,0,43,110,0,153,72,0,72,225
12/11/2001,SBP,CA,AWP,WE,Federal Contract Tower,0,46,13,2,61,0,4,129,0,133,0,50,142,2,194,166,0,166,360
12/12/2001,SBP,CA,AWP,WE,Federal Contract Tower,0,43,14,0,57,0,5,121,0,126,0,48,135,0,183,134,2,136,319
12/13/2001,SBP,CA,AWP,WE,Federal Contract Tower,0,40,14,2,56,0,12,133,4,149,0,52,147,6,205,106,0,106,311
12/14/2001,SBP,CA,AWP,WE,Federal Contract Tower,0,39,18,0,57,0,6,33,1,40,0,45,51,1,97,32,0,32,129
12/15/2001,SBP,CA,AWP,WE,Federal Contract Tower,0,39,18,0,57,0,1,212,7,220,0,40,230,7,277,98,0,98,375
12/16/2001,SBP,CA,AWP,WE,Federal Contract Tower,0,38,17,0,55,0,0,153,9,162,0,38,170,9,217,122,0,122,339
12/17/2001,SBP,CA,AWP,WE,Federal Contract Tower,0,44,25,1,70,0,0,55,4,59,0,44,80,5,129,30,0,30,159
12/18/2001,SBP,CA,AWP,WE,Federal Contract Tower,0,39,17,1,57,0,18,106,1,125,0,57,123,2,182,186,0,186,368
12/19/2001,SBP,CA,AWP,WE,Federal Contract Tower,0,44,19,1,64,0,10,105,6,121,0,54,124,7,185,142,0,142,327
12/20/2001,SBP,CA,AWP,WE,Federal Contract Tower,0,52,22,1,75,0,11,23,1,35,0,63,45,2,110,24,0,24,134
12/21/2001,SBP,CA,AWP,WE,Federal Contract Tower,0,41,24,1,66,0,11,60,0,71,0,52,84,1,137,48,0,48,185
12/22/2001,SBP,CA,AWP,WE,Federal Contract Tower,0,39,25,0,64,0,1,122,0,123,0,40,147,0,187,80,0,80,267
12/23/2001,SBP,CA,AWP,WE,Federal Contract Tower,0,33,13,0,46,0,2,118,0,120,0,35,131,0,166,44,0,44,210
12/24/2001,SBP,CA,AWP,WE,Federal Contract Tower,0,36,3,0,39,0,8,123,0,131,0,44,126,0,170,28,0,28,198
12/25/2001,SBP,CA,AWP,WE,Federal Contract Tower,0,33,7,0,40,0,3,59,0,62,0,36,66,0,102,22,0,22,124
12/26/2001,SBP,CA,AWP,WE,Federal Contract Tower,0,45,17,0,62,0,8,91,0,99,0,53,108,0,161,150,0,150,311
12/27/2001,SBP,CA,AWP,WE,Federal Contract Tower,0,45,10,0,55,0,1,125,0,126,0,46,135,0,181,178,0,178,359
12/28/2001,SBP,CA,AWP,WE,Federal Contract Tower,0,44,16,0,60,0,4,36,1,41,0,48,52,1,101,46,0,46,147
12/29/2001,SBP,CA,AWP,WE,Federal Contract Tower,0,38,26,0,64,0,0,5,0,5,0,38,31,0,69,4,0,4,73
12/30/2001,SBP,CA,AWP,WE,Federal Contract Tower,0,30,26,0,56,0,1,10,0,11,0,31,36,0,67,56,0,56,123
12/31/2001,SBP,CA,AWP,WE,Federal Contract Tower,0,42,18,0,60,0,3,59,0,62,0,45,77,0,122,108,0,108,230
01/01/2002,SBP,CA,AWP,WE,Federal Contract Tower,0,33,19,0,52,0,0,31,0,31,0,33,50,0,83,12,0,12,95
01/02/2002,SBP,CA,AWP,WE,Federal Contract Tower,0,49,23,0,72,0,9,6,0,15,0,58,29,0,87,18,0,18,105
01/03/2002,SBP,CA,AWP,WE,Federal Contract Tower,0,41,11,0,52,0,9,76,0,85,0,50,87,0,137,130,0,130,267
01/04/2002,SBP,CA,AWP,WE,Federal Contract Tower,0,41,21,0,62,0,5,135,0,140,0,46,156,0,202,212,0,212,414
01/05/2002,SBP,CA,AWP,WE,Federal Contract Tower,0,39,27,0,66,0,4,166,2,172,0,43,193,2,238,144,0,144,382
01/06/2002,SBP,CA,AWP,WE,Federal Contract Tower,0,34,19,0,53,0,1,175,0,176,0,35,194,0,229,150,0,150,379
01/07/2002,SBP,CA,AWP,WE,Federal Contract Tower,0,42,10,0,52,0,3,93,0,96,0,45,103,0,148,174,0,174,322
01/08/2002,SBP,CA,AWP,WE,Federal Contract Tower,0,40,17,0,57,0,8,88,2,98,0,48,105,2,155,64,0,64,219
01/09/2002,SBP,CA,AWP,WE,Federal Contract Tower,0,49,17,2,68,0,5,102,3,110,0,54,119,5,178,112,0,112,290
01/10/2002,SBP,CA,AWP,WE,Federal Contract Tower,0,46,8,0,54,0,13,130,0,143,0,59,138,0,197,116,0,116,313
01/11/2002,SBP,CA,AWP,WE,Federal Contract Tower,0,44,8,0,52,0,1,145,0,146,0,45,153,0,198,118,0,118,316
01/12/2002,SBP,CA,AWP,WE,Federal Contract Tower,0,37,15,5,57,0,2,168,1,171,0,39,183,6,228,168,8,176,404
01/13/2002,SBP,CA,AWP,WE,Federal Contract Tower,0,34,16,2,52,0,0,151,8,159,0,34,167,10,211,94,0,94,305
01/14/2002,SBP,CA,AWP,WE,Federal Contract Tower,0,44,15,1,60,0,5,100,3,108,0,49,115,4,168,96,0,96,264
01/15/2002,SBP,CA,AWP,WE,Federal Contract Tower,0,41,15,3,59,0,5,100,1,106,0,46,115,4,165,112,0,112,277
01/16/2002,SBP,CA,AWP,WE,Federal Contract Tower,0,49,8,4,61,0,4,96,0,100,0,53,104,4,161,144,0,144,305
01/17/2002,SBP,CA,AWP,WE,Federal Contract Tower,0,49,13,0,62,0,0,134,0,134,0,49,147,0,196,88,0,88,284
01/18/2002,SBP,CA,AWP,WE,Federal Contract Tower,0,49,8,0,57,0,0,145,1,146,0,49,153,1,203,146,0,146,349
01/19/2002,SBP,CA,AWP,WE,Federal Contract Tower,0,36,16,1,53,0,4,211,0,215,0,40,227,1,268,129,0,129,397
01/20/2002,SBP,CA,AWP,WE,Federal Contract Tower,0,31,14,0,45,0,0,170,0,170,0,31,184,0,215,56,0,56,271
01/21/2002,SBP,CA,AWP,WE,Federal Contract Tower,0,39,11,0,50,0,3,140,0,143,0,42,151,0,193,114,0,114,307
01/22/2002,SBP,CA,AWP,WE,Federal Contract Tower,0,45,5,0,50,0,5,109,0,114,0,50,114,0,164,136,0,136,300
01/23/2002,SBP,CA,AWP,WE,Federal Contract Tower,0,42,6,0,48,0,7,99,6,112,0,49,105,6,160,76,0,76,236
01/24/2002,SBP,CA,AWP,WE,Federal Contract Tower,0,43,16,0,59,0,7,165,3,175,0,50,181,3,234,118,0,118,352
01/25/2002,SBP,CA,AWP,WE,Federal Contract Tower,0,42,13,0,55,0,3,154,2,159,0,45,167,2,214,100,0,100,314
01/26/2002,SBP,CA,AWP,WE,Federal Contract Tower,0,36,20,0,56,0,0,50,0,50,0,36,70,0,106,78,0,78,184
01/27/2002,SBP,CA,AWP,WE,Federal Contract Tower,0,33,18,0,51,0,0,17,0,17,0,33,35,0,68,10,0,10,78
01/28/2002,SBP,CA,AWP,WE,Federal Contract Tower,0,45,8,2,55,0,4,47,2,53,0,49,55,4,108,52,0,52,160
01/29/2002,SBP,CA,AWP,WE,Federal Contract Tower,0,44,6,0,50,0,4,64,0,68,0,48,70,0,118,74,0,74,192
01/30/2002,SBP,CA,AWP,WE,Federal Contract Tower,0,41,17,0,58,0,12,166,0,178,0,53,183,0,236,106,0,106,342
01/31/2002,SBP,CA,AWP,WE,Federal Contract Tower,0,44,16,0,60,0,15,140,16,171,0,59,156,16,231,86,0,86,317
02/01/2002,SBP,CA,AWP,WE,Federal Contract Tower,0,41,12,0,53,0,8,164,0,172,0,49,176,0,225,60,0,60,285
02/02/2002,SBP,CA,AWP,WE,Federal Contract Tower,0,36,14,1,51,0,5,195,1,201,0,41,209,2,252,126,0,126,378
02/03/2002,SBP,CA,AWP,WE,Federal Contract Tower,0,31,10,0,41,0,3,135,0,138,0,34,145,0,179,68,0,68,247
02/04/2002,SBP,CA,AWP,WE,Federal Contract Tower,0,39,11,0,50,0,13,132,2,147,0,52,143,2,197,114,0,114,311
02/05/2002,SBP,CA,AWP,WE,Federal Contract Tower,0,43,11,0,54,0,8,133,0,141,0,51,144,0,195,107,0,107,302
02/06/2002,SBP,CA,AWP,WE,Federal Contract Tower,0,46,16,0,62,0,2,124,0,126,0,48,140,0,188,112,0,112,300
02/07/2002,SBP,CA,AWP,WE,Federal Contract Tower,0,50,36,0,86,0,4,92,0,96,0,54,128,0,182,114,0,114,296
02/08/2002,SBP,CA,AWP,WE,Federal Contract Tower,0,47,17,0,64,0,2,141,0,143,0,49,158,0,207,132,0,132,339
02/09/2002,SBP,CA,AWP,WE,Federal Contract Tower,0,37,9,1,47,0,4,156,1,161,0,41,165,2,208,132,0,132,340
02/10/2002,SBP,CA,AWP,WE,Federal Contract Tower,0,33,4,0,37,0,0,160,2,162,0,33,164,2,199,86,0,86,285
02/11/2002,SBP,CA,AWP,WE,Federal Contract Tower,0,45,3,0,48,0,1,130,0,131,0,46,133,0,179,144,0,144,323
02/12/2002,SBP,CA,AWP,WE,Federal Contract Tower,0,42,7,0,49,0,6,117,2,125,0,48,124,2,174,116,0,116,290
02/13/2002,SBP,CA,AWP,WE,Federal Contract Tower,0,48,10,0,58,0,8,127,2,137,0,56,137,2,195,120,0,120,315
02/14/2002,SBP,CA,AWP,WE,Federal Contract Tower,0,46,14,3,63,0,5,103,5,113,0,51,117,8,176,80,0,80,256
02/15/2002,SBP,CA,AWP,WE,Federal Contract Tower,0,43,29,0,72,0,2,102,5,109,0,45,131,5,181,100,0,100,281
02/16/2002,SBP,CA,AWP,WE,Federal Contract Tower,0,35,26,1,62,0,3,137,4,144,0,38,163,5,206,110,4,114,320
02/17/2002,SBP,CA,AWP,WE,Federal Contract Tower,0,31,7,0,38,0,0,50,0,50,0,31,57,0,88,48,0,48,136
02/18/2002,SBP,CA,AWP,WE,Federal Contract Tower,0,35,24,0,59,0,8,156,0,164,0,43,180,0,223,254,0,254,477
02/19/2002,SBP,CA,AWP,WE,Federal Contract Tower,0,45,16,0,61,0,3,106,0,109,0,48,122,0,170,114,0,114,284
02/20/2002,SBP,CA,AWP,WE,Federal Contract Tower,0,39,9,4,52,0,5,118,1,124,0,44,127,5,176,66,0,66,242
02/21/2002,SBP,CA,AWP,WE,Federal Contract Tower,0,0,0,0,0,0,48,171,0,219,0,48,171,0,219,90,0,90,309
02/22/2002,SBP,CA,AWP,WE,Federal Contract Tower,0,41,13,3,57,0,5,197,3,205,0,46,210,6,262,94,8,102,364
02/23/2002,SBP,CA,AWP,WE,Federal Contract Tower,0,37,13,0,50,0,0,125,0,125,0,37,138,0,175,80,0,80,255
02/24/2002,SBP,CA,AWP,WE,Federal Contract Tower,0,34,13,0,47,0,1,177,0,178,0,35,190,0,225,62,0,62,287
02/25/2002,SBP,CA,AWP,WE,Federal Contract Tower,0,39,10,0,49,0,10,104,2,116,0,49,114,2,165,58,0,58,223
02/26/2002,SBP,CA,AWP,WE,Federal Contract Tower,0,41,14,1,56,0,9,153,8,170,0,50,167,9,226,118,0,118,344
02/27/2002,SBP,CA,AWP,WE,Federal Contract Tower,0,38,11,2,51,0,13,150,6,169,0,51,161,8,220,104,0,104,324
02/28/2002,SBP,CA,AWP,WE,Federal Contract Tower,0,40,26,0,66,0,10,133,0,143,0,50,159,0,209,106,0,106,315
03/01/2002,SBP,CA,AWP,WE,Federal Contract Tower,0,41,15,0,56,0,11,145,0,156,0,52,160,0,212,74,0,74,286
03/02/2002,SBP,CA,AWP,WE,Federal Contract Tower,0,38,11,0,49,0,4,162,4,170,0,42,173,4,219,60,0,60,279
03/03/2002,SBP,CA,AWP,WE,Federal Contract Tower,0,30,10,1,41,0,1,189,1,191,0,31,199,2,232,106,0,106,338
03/04/2002,SBP,CA,AWP,WE,Federal Contract Tower,0,40,7,1,48,0,6,133,1,140,0,46,140,2,188,126,0,126,314
03/05/2002,SBP,CA,AWP,WE,Federal Contract Tower,0,39,10,0,49,0,11,132,0,143,0,50,142,0,192,90,0,90,282
03/06/2002,SBP,CA,AWP,WE,Federal Contract Tower,0,45,44,0,89,0,4,23,0,27,0,49,67,0,116,44,0,44,160
03/07/2002,SBP,CA,AWP,WE,Federal Contract Tower,0,49,36,0,85,0,1,14,0,15,0,50,50,0,100,12,0,12,112
03/08/2002,SBP,CA,AWP,WE,Federal Contract Tower,0,43,20,0,63,0,14,150,0,164,0,57,170,0,227,74,0,74,301
03/09/2002,SBP,CA,AWP,WE,Federal Contract Tower,0,36,10,0,46,0,3,181,0,184,0,39,191,0,230,182,0,182,412
03/10/2002,SBP,CA,AWP,WE,Federal Contract Tower,0,28,14,0,42,0,0,79,0,79,0,28,93,0,121,86,0,86,207
03/11/2002,SBP,CA,AWP,WE,Federal Contract Tower,0,39,4,0,43,0,8,123,0,131,0,47,127,0,174,116,0,116,290
03/12/2002,SBP,CA,AWP,WE,Federal Contract Tower,0,35,8,0,43,0,11,97,0,108,0,46,105,0,151,118,0,118,269
03/13/2002,SBP,CA,AWP,WE,Federal Contract Tower,0,44,12,0,56,0,18,65,0,83,0,62,77,0,139,30,0,30,169
03/14/2002,SBP,CA,AWP,WE,Federal Contract Tower,0,43,8,1,52,0,13,111,1,125,0,56,119,2,177,72,0,72,249
03/15/2002,SBP,CA,AWP,WE,Federal Contract Tower,0,41,21,0,62,0,3,141,0,144,0,44,162,0,206,98,0,98,304
03/16/2002,SBP,CA,AWP,WE,Federal Contract Tower,0,37,8,0,45,0,0,98,0,98,0,37,106,0,143,116,0,116,259
03/17/2002,SBP,CA,AWP,WE,Federal Contract Tower,0,31,18,0,49,0,5,10,0,15,0,36,28,0,64,30,0,30,94
03/18/2002,SBP,CA,AWP,WE,Federal Contract Tower,0,37,10,0,47,0,8,97,2,107,0,45,107,2,154,150,0,150,304
03/19/2002,SBP,CA,AWP,WE,Federal Contract Tower,0,39,15,2,56,0,10,184,0,194,0,49,199,2,250,150,0,150,400
03/20/2002,SBP,CA,AWP,WE,Federal Contract Tower,0,39,10,0,49,0,18,175,2,195,0,57,185,2,244,114,0,114,358
03/21/2002,SBP,CA,AWP,WE,Federal Contract Tower,0,40,6,0,46,0,12,153,0,165,0,52,159,0,211,132,0,132,343
03/22/2002,SBP,CA,AWP,WE,Federal Contract Tower,0,47,31,0,78,0,7,74,0,81,0,54,105,0,159,72,0,72,231
03/23/2002,SBP,CA,AWP,WE,Federal Contract Tower,0,37,35,0,72,0,1,3,0,4,0,38,38,0,76,26,0,26,102
03/24/2002,SBP,CA,AWP,WE,Federal Contract Tower,0,28,19,0,47,0,0,101,0,101,0,28,120,0,148,42,0,42,190
03/25/2002,SBP,CA,AWP,WE,Federal Contract Tower,0,43,11,0,54,3,9,146,1,159,3,52,157,1,213,128,0,128,341
03/26/2002,SBP,CA,AWP,WE,Federal Contract Tower,0,44,7,2,53,0,6,154,2,162,0,50,161,4,215,166,0,166,381
03/27/2002,SBP,CA,AWP,WE,Federal Contract Tower,0,43,19,0,62,0,7,132,2,141,0,50,151,2,203,122,0,122,325
03/28/2002,SBP,CA,AWP,WE,Federal Contract Tower,0,49,16,2,67,0,3,105,0,108,0,52,121,2,175,98,0,98,273
03/29/2002,SBP,CA,AWP,WE,Federal Contract Tower,0,43,41,2,86,0,2,85,2,89,0,45,126,4,175,48,0,48,223
03/30/2002,SBP,CA,AWP,WE,Federal Contract Tower,0,41,21,0,62,0,0,93,0,93,0,41,114,0,155,112,0,112,267
03/31/2002,SBP,CA,AWP,WE,Federal Contract Tower,0,32,29,0,61,0,2,65,0,67,0,34,94,0,128,14,0,14,142
04/01/2002,SBP,CA,AWP,WE,Federal Contract Tower,0,49,54,0,103,0,2,35,0,37,0,51,89,0,140,72,0,72,212
04/02/2002,SBP,CA,AWP,WE,Federal Contract Tower,0,52,25,0,77,0,0,7,0,7,0,52,32,0,84,34,0,34,118
04/03/2002,SBP,CA,AWP,WE,Federal Contract Tower,0,53,39,4,96,0,0,18,0,18,0,53,57,4,114,34,0,34,148
04/04/2002,SBP,CA,AWP,WE,Federal Contract Tower,0,54,31,0,85,0,0,99,0,99,0,54,130,0,184,136,0,136,320
04/05/2002,SBP,CA,AWP,WE,Federal Contract Tower,0,46,30,0,76,0,0,66,8,74,0,46,96,8,150,142,0,142,292
04/06/2002,SBP,CA,AWP,WE,Federal Contract Tower,0,37,17,0,54,0,1,127,0,128,0,38,144,0,182,122,0,122,304
04/07/2002,SBP,CA,AWP,WE,Federal Contract Tower,0,31,17,0,48,0,3,143,4,150,0,34,160,4,198,116,0,116,314
04/08/2002,SBP,CA,AWP,WE,Federal Contract Tower,0,47,34,0,81,0,0,32,12,44,0,47,66,12,125,34,0,34,159
04/09/2002,SBP,CA,AWP,WE,Federal Contract Tower,0,43,16,4,63,0,8,115,2,125,0,51,131,6,188,146,0,146,334
04/10/2002,SBP,CA,AWP,WE,Federal Contract Tower,0,40,21,0,61,0,7,104,0,111,0,47,125,0,172,118,0,118,290
04/11/2002,SBP,CA,AWP,WE,Federal Contract Tower,0,41,22,0,63,0,4,173,0,177,0,45,195,0,240,108,0,108,348
04/12/2002,SBP,CA,AWP,WE,Federal Contract Tower,0,36,18,0,54,0,8,138,0,146,0,44,156,0,200,140,0,140,340
04/13/2002,SBP,CA,AWP,WE,Federal Contract Tower,0,35,19,0,54,0,4,168,0,172,0,39,187,0,226,54,0,54,280
04/14/2002,SBP,CA,AWP,WE,Federal Contract Tower,0,34,15,0,49,0,1,145,4,150,0,35,160,4,199,118,0,118,317
04/15/2002,SBP,CA,AWP,WE,Federal Contract Tower,0,42,6,0,48,0,10,73,0,83,0,52,79,0,131,12,0,12,143
04/16/2002,SBP,CA,AWP,WE,Federal Contract Tower,0,38,6,0,44,0,12,113,2,127,0,50,119,2,171,146,0,146,317
04/17/2002,SBP,CA,AWP,WE,Federal Contract Tower,0,42,17,0,59,0,9,65,2,76,0,51,82,2,135,66,0,66,201
04/18/2002,SBP,CA,AWP,WE,Federal Contract Tower,0,39,6,0,45,0,8,111,4,123,0,47,117,4,168,84,0,84,252
04/19/2002,SBP,CA,AWP,WE,Federal Contract Tower,0,38,15,2,55,0,9,194,0,203,0,47,209,2,258,66,0,66,324
04/20/2002,SBP,CA,AWP,WE,Federal Contract Tower,0,34,26,0,60,0,0,159,0,159,0,34,185,0,219,66,0,66,285
04/21/2002,SBP,CA,AWP,WE,Federal Contract Tower,0,32,13,0,45,0,1,232,0,233,0,33,245,0,278,144,0,144,422
04/22/2002,SBP,CA,AWP,WE,Federal Contract Tower,0,34,11,0,45,0,5,104,0,109,0,39,115,0,154,58,0,58,212
04/23/2002,SBP,CA,AWP,WE,Federal Contract Tower,0,38,11,0,49,0,8,100,9,117,0,46,111,9,166,98,0,98,264
04/24/2002,SBP,CA,AWP,WE,Federal Contract Tower,0,33,5,0,38,0,22,129,2,153,0,55,134,2,191,114,0,114,305
04/25/2002,SBP,CA,AWP,WE,Federal Contract Tower,0,49,24,0,73,0,8,122,2,132,0,57,146,2,205,86,0,86,291
04/26/2002,SBP,CA,AWP,WE,Federal Contract Tower,0,44,55,0,99,0,3,6,1,10,0,47,61,1,109,0,0,0,109
04/27/2002,SBP,CA,AWP,WE,Federal Contract Tower,0,38,17,0,55,0,2,77,2,81,0,40,94,2,136,118,0,118,254
04/28/2002,SBP,CA,AWP,WE,Federal Contract Tower,0,33,11,0,44,0,0,174,0,174,0,33,185,0,218,88,0,88,306
04/29/2002,SBP,CA,AWP,WE,Federal Contract Tower,0,40,21,2,63,0,12,96,0,108,0,52,117,2,171,102,0,102,273
04/30/2002,SBP,CA,AWP,WE,Federal Contract Tower,0,43,6,0,49,0,12,127,10,149,0,55,133,10,198,138,0,138,336
05/01/2002,SBP,CA,AWP,WE,Federal Contract Tower,0,39,28,2,69,0,9,85,0,94,0,48,113,2,163,118,0,118,281
05/02/2002,SBP,CA,AWP,WE,Federal Contract Tower,0,37,16,2,55,0,11,128,0,139,0,48,144,2,194,174,0,174,368
05/03/2002,SBP,CA,AWP,WE,Federal Contract Tower,0,38,20,2,60,0,10,149,0,159,0,48,169,2,219,114,0,114,333
05/04/2002,SBP,CA,AWP,WE,Federal Contract Tower,0,33,14,0,47,0,0,156,0,156,0,33,170,0,203,116,0,116,319
05/05/2002,SBP,CA,AWP,WE,Federal Contract Tower,0,35,18,0,53,0,3,160,4,167,0,38,178,4,220,70,0,70,290
05/06/2002,SBP,CA,AWP,WE,Federal Contract Tower,0,41,10,0,51,0,5,128,0,133,0,46,138,0,184,114,0,114,298
05/07/2002,SBP,CA,AWP,WE,Federal Contract Tower,0,38,14,3,55,0,6,149,3,158,0,44,163,6,213,144,0,144,357
05/08/2002,SBP,CA,AWP,WE,Federal Contract Tower,0,43,14,0,57,0,8,139,0,147,0,51,153,0,204,160,0,160,364
05/09/2002,SBP,CA,AWP,WE,Federal Contract Tower,0,41,21,1,63,0,17,145,3,165,0,58,166,4,228,102,0,102,330
05/10/2002,SBP,CA,AWP,WE,Federal Contract Tower,0,44,11,0,55,0,9,161,0,170,0,53,172,0,225,80,0,80,305
05/11/2002,SBP,CA,AWP,WE,Federal Contract Tower,0,37,21,0,58,0,0,197,4,201,0,37,218,4,259,68,0,68,327
05/12/2002,SBP,CA,AWP,WE,Federal Contract Tower,0,32,10,0,42,0,1,226,2,229,0,33,236,2,271,56,0,56,327
05/13/2002,SBP,CA,AWP,WE,Federal Contract Tower,0,39,9,0,48,0,5,135,0,140,0,44,144,0,188,44,0,44,232
05/14/2002,SBP,CA,AWP,WE,Federal Contract Tower,0,37,8,0,45,0,13,137,0,150,0,50,145,0,195,116,0,116,311
05/15/2002,SBP,CA,AWP,WE,Federal Contract Tower,0,40,22,0,62,0,12,114,0,126,0,52,136,0,188,150,0,150,338
05/16/2002,SBP,CA,AWP,WE,Federal Contract Tower,0,39,18,3,60,0,6,127,2,135,0,45,145,5,195,76,0,76,271
05/17/2002,SBP,CA,AWP,WE,Federal Contract Tower,0,39,13,1,53,0,5,168,0,173,0,44,181,1,226,40,0,40,266
05/18/2002,SBP,CA,AWP,WE,Federal Contract Tower,0,38,31,0,69,0,3,224,0,227,0,41,255,0,296,22,0,22,318
05/19/2002,SBP,CA,AWP,WE,Federal Contract Tower,0,32,33,0,65,0,0,109,0,109,0,32,142,0,174,78,0,78,252
05/20/2002,SBP,CA,AWP,WE,Federal Contract Tower,0,37,21,0,58,0,5,21,1,27,0,42,42,1,85,6,0,6,91
05/21/2002,SBP,CA,AWP,WE,Federal Contract Tower,0,40,23,0,63,0,5,98,2,105,0,45,121,2,168,86,0,86,254
05/22/2002,SBP,CA,AWP,WE,Federal Contract Tower,0,38,9,1,48,0,17,106,1,124,0,55,115,2,172,70,0,70,242
05/23/2002,SBP,CA,AWP,WE,Federal Contract Tower,0,41,7,1,49,0,6,188,4,198,0,47,195,5,247,34,0,34,281
05/24/2002,SBP,CA,AWP,WE,Federal Contract Tower,0,37,17,0,54,0,10,198,4,212,0,47,215,4,266,124,5,129,395
05/25/2002,SBP,CA,AWP,WE,Federal Contract Tower,0,40,24,0,64,0,0,65,1,66,0,40,89,1,130,46,12,58,188
05/26/2002,SBP,CA,AWP,WE,Federal Contract Tower,0,34,35,0,69,0,0,66,3,69,0,34,101,3,138,68,0,68,206
05/27/2002,SBP,CA,AWP,WE,Federal Contract Tower,0,33,13,0,46,0,0,156,0,156,0,33,169,0,202,100,0,100,302
05/28/2002,SBP,CA,AWP,WE,Federal Contract Tower,0,39,10,1,50,0,7,89,1,97,0,46,99,2,147,50,0,50,197
05/29/2002,SBP,CA,AWP,WE,Federal Contract Tower,0,41,10,4,55,0,9,156,1,166,0,50,166,5,221,122,0,122,343
05/30/2002,SBP,CA,AWP,WE,Federal Contract Tower,0,39,18,1,58,0,7,164,6,177,0,46,182,7,235,108,12,120,355
05/31/2002,SBP,CA,AWP,WE,Federal Contract Tower,0,42,22,0,64,0,4,115,0,119,0,46,137,0,183,84,0,84,267
06/01/2002,SBP,CA,AWP,WE,Federal Contract Tower,0,33,30,0,63,0,2,67,0,69,0,35,97,0,132,24,0,24,156
06/02/2002,SBP,CA,AWP,WE,Federal Contract Tower,0,29,14,0,43,0,1,149,4,154,0,30,163,4,197,120,0,120,317
06/03/2002,SBP,CA,AWP,WE,Federal Contract Tower,0,35,15,0,50,0,13,133,3,149,0,48,148,3,199,84,0,84,283
06/04/2002,SBP,CA,AWP,WE,Federal Contract Tower,0,36,11,2,49,0,14,132,0,146,0,50,143,2,195,46,0,46,241
06/05/2002,SBP,CA,AWP,WE,Federal Contract Tower,0,36,13,0,49,0,10,141,0,151,0,46,154,0,200,56,0,56,256
06/06/2002,SBP,CA,AWP,WE,Federal Contract Tower,0,39,7,0,46,0,9,168,0,177,0,48,175,0,223,122,0,122,345
06/07/2002,SBP,CA,AWP,WE,Federal Contract Tower,0,37,11,1,49,0,15,163,3,181,0,52,174,4,230,106,0,106,336
06/08/2002,SBP,CA,AWP,WE,Federal Contract Tower,0,35,26,2,63,0,6,136,2,144,0,41,162,4,207,100,0,100,307
06/09/2002,SBP,CA,AWP,WE,Federal Contract Tower,0,30,16,0,46,0,0,141,13,154,0,30,157,13,200,54,0,54,254
06/10/2002,SBP,CA,AWP,WE,Federal Contract Tower,0,36,10,0,46,0,10,130,0,140,0,46,140,0,186,62,0,62,248
06/11/2002,SBP,CA,AWP,WE,Federal Contract Tower,0,43,15,0,58,0,12,87,0,99,0,55,102,0,157,58,0,58,215
06/12/2002,SBP,CA,AWP,WE,Federal Contract Tower,0,44,15,5,64,0,6,147,2,155,0,50,162,7,219,46,0,46,265
06/13/2002,SBP,CA,AWP,WE,Federal Contract Tower,0,43,14,1,58,0,10,142,1,153,0,53,156,2,211,42,0,42,253
06/14/2002,SBP,CA,AWP,WE,Federal Contract Tower,0,40,18,0,58,0,4,163,0,167,0,44,181,0,225,70,0,70,295
06/15/2002,SBP,CA,AWP,WE,Federal Contract Tower,0,33,0,0,33,0,3,208,0,211,0,36,208,0,244,70,0,70,314
06/16/2002,SBP,CA,AWP,WE,Federal Contract Tower,0,33,19,0,52,0,0,172,1,173,0,33,191,1,225,38,0,38,263
06/17/2002,SBP,CA,AWP,WE,Federal Contract Tower,0,35,12,0,47,0,7,112,0,119,0,42,124,0,166,90,0,90,256
06/18/2002,SBP,CA,AWP,WE,Federal Contract Tower,0,40,7,1,48,0,8,131,3,142,0,48,138,4,190,122,0,122,312
06/19/2002,SBP,CA,AWP,WE,Federal Contract Tower,0,40,18,2,60,0,5,115,0,120,0,45,133,2,180,70,0,70,250
06/20/2002,SBP,CA,AWP,WE,Federal Contract Tower,0,50,21,0,71,0,1,45,0,46,0,51,66,0,117,54,0,54,171
06/21/2002,SBP,CA,AWP,WE,Federal Contract Tower,0,40,28,0,68,0,6,135,0,141,0,46,163,0,209,92,0,92,301
06/22/2002,SBP,CA,AWP,WE,Federal Contract Tower,0,35,6,0,41,0,3,198,0,201,0,38,204,0,242,88,0,88,330
06/23/2002,SBP,CA,AWP,WE,Federal Contract Tower,0,31,14,2,47,0,0,301,1,302,0,31,315,3,349,42,0,42,391
06/24/2002,SBP,CA,AWP,WE,Federal Contract Tower,0,40,22,0,62,0,6,127,4,137,0,46,149,4,199,74,0,74,273
06/25/2002,SBP,CA,AWP,WE,Federal Contract Tower,0,46,19,0,65,0,0,126,0,126,0,46,145,0,191,110,0,110,301
06/26/2002,SBP,CA,AWP,WE,Federal Contract Tower,0,44,21,0,65,0,0,105,4,109,0,44,126,4,174,98,0,98,272
06/27/2002,SBP,CA,AWP,WE,Federal Contract Tower,0,41,28,0,69,0,6,92,0,98,0,47,120,0,167,106,0,106,273
06/28/2002,SBP,CA,AWP,WE,Federal Contract Tower,0,39,18,0,57,0,0,142,0,142,0,39,160,0,199,146,0,146,345
06/29/2002,SBP,CA,AWP,WE,Federal Contract Tower,0,31,14,0,45,0,4,155,0,159,0,35,169,0,204,104,0,104,308
06/30/2002,SBP,CA,AWP,WE,Federal Contract Tower,0,32,15,0,47,0,3,168,0,171,0,35,183,0,218,66,0,66,284
07/01/2002,SBP,CA,AWP,WE,Federal Contract Tower,0,35,4,0,39,0,11,117,0,128,0,46,121,0,167,102,0,102,269
07/02/2002,SBP,CA,AWP,WE,Federal Contract Tower,0,45,26,1,72,0,5,99,3,107,0,50,125,4,179,124,0,124,303
07/03/2002,SBP,CA,AWP,WE,Federal Contract Tower,0,44,22,0,66,0,9,153,0,162,0,53,175,0,228,184,0,184,412
07/04/2002,SBP,CA,AWP,WE,Federal Contract Tower,0,32,9,0,41,0,0,79,0,79,0,32,88,0,120,20,0,20,140
07/05/2002,SBP,CA,AWP,WE,Federal Contract Tower,0,37,15,0,52,0,0,129,0,129,0,37,144,0,181,56,0,56,237
07/06/2002,SBP,CA,AWP,WE,Federal Contract Tower,0,39,12,0,51,0,1,185,0,186,0,40,197,0,237,52,0,52,289
07/07/2002,SBP,CA,AWP,WE,Federal Contract Tower,0,31,15,0,46,0,1,157,1,159,0,32,172,1,205,32,0,32,237
07/08/2002,SBP,CA,AWP,WE,Federal Contract Tower,0,35,8,2,45,0,12,101,1,114,0,47,109,3,159,22,0,22,181
07/09/2002,SBP,CA,AWP,WE,Federal Contract Tower,0,36,15,2,53,0,10,144,4,158,0,46,159,6,211,134,0,134,345
07/10/2002,SBP,CA,AWP,WE,Federal Contract Tower,0,42,11,4,57,0,9,128,2,139,0,51,139,6,196,54,0,54,250
07/11/2002,SBP,CA,AWP,WE,Federal Contract Tower,0,43,8,0,51,0,7,168,2,177,0,50,176,2,228,176,0,176,404
07/12/2002,SBP,CA,AWP,WE,Federal Contract Tower,0,37,12,2,51,0,8,187,8,203,0,45,199,10,254,108,0,108,362
07/13/2002,SBP,CA,AWP,WE,Federal Contract Tower,0,34,21,2,57,0,0,153,2,155,0,34,174,4,212,80,0,80,292
07/14/2002,SBP,CA,AWP,WE,Federal Contract Tower,0,34,10,0,44,0,0,152,6,158,0,34,162,6,202,68,0,68,270
07/15/2002,SBP,CA,AWP,WE,Federal Contract Tower,0,42,14,2,58,0,4,123,4,131,0,46,137,6,189,96,0,96,285
07/16/2002,SBP,CA,AWP,WE,Federal Contract Tower,0,42,18,0,60,0,8,125,4,137,0,50,143,4,197,122,0,122,319
07/17/2002,SBP,CA,AWP,WE,Federal Contract Tower,0,42,13,2,57,0,9,94,2,105,0,51,107,4,162,132,0,132,294
07/18/2002,SBP,CA,AWP,WE,Federal Contract Tower,0,40,17,0,57,0,12,129,0,141,0,52,146,0,198,122,0,122,320
07/19/2002,SBP,CA,AWP,WE,Federal Contract Tower,0,41,22,0,63,0,2,149,0,151,0,43,171,0,214,60,0,60,274
07/20/2002,SBP,CA,AWP,WE,Federal Contract Tower,0,36,25,0,61,0,0,85,0,85,0,36,110,0,146,36,0,36,182
07/21/2002,SBP,CA,AWP,WE,Federal Contract Tower,0,36,22,2,60,0,0,106,0,106,0,36,128,2,166,118,0,118,284
07/22/2002,SBP,CA,AWP,WE,Federal Contract Tower,0,36,9,2,47,0,11,106,4,121,0,47,115,6,168,94,6,100,268
07/23/2002,SBP,CA,AWP,WE,Federal Contract Tower,0,37,11,6,54,0,12,148,6,166,0,49,159,12,220,102,0,102,322
07/24/2002,SBP,CA,AWP,WE,Federal Contract Tower,0,36,14,0,50,0,19,171,10,200,0,55,185,10,250,126,0,126,376
07/25/2002,SBP,CA,AWP,WE,Federal Contract Tower,0,43,22,0,65,0,6,155,2,163,0,49,177,2,228,102,0,102,330
07/26/2002,SBP,CA,AWP,WE,Federal Contract Tower,0,39,20,0,59,0,5,138,3,146,0,44,158,3,205,138,0,138,343
07/27/2002,SBP,CA,AWP,WE,Federal Contract Tower,0,35,24,0,59,0,0,156,4,160,0,35,180,4,219,42,0,42,261
07/28/2002,SBP,CA,AWP,WE,Federal Contract Tower,0,32,15,0,47,0,0,158,0,158,0,32,173,0,205,114,0,114,319
07/29/2002,SBP,CA,AWP,WE,Federal Contract Tower,0,37,7,0,44,0,11,143,0,154,0,48,150,0,198,100,0,100,298
07/30/2002,SBP,CA,AWP,WE,Federal Contract Tower,0,44,18,1,63,0,7,103,0,110,0,51,121,1,173,149,0,149,322
07/31/2002,SBP,CA,AWP,WE,Federal Contract Tower,0,42,14,1,57,0,8,123,1,132,0,50,137,2,189,94,0,94,283
08/01/2002,SBP,CA,AWP,WE,Federal Contract Tower,0,40,23,0,63,0,9,126,0,135,0,49,149,0,198,128,0,128,326
08/02/2002,SBP,CA,AWP,WE,Federal Contract Tower,0,43,32,0,75,0,8,121,0,129,0,51,153,0,204,184,0,184,388
08/03/2002,SBP,CA,AWP,WE,Federal Contract Tower,0,35,34,0,69,0,1,66,0,67,0,36,100,0,136,38,0,38,174
08/04/2002,SBP,CA,AWP,WE,Federal Contract Tower,0,32,19,0,51,0,0,153,0,153,0,32,172,0,204,100,0,100,304
08/05/2002,SBP,CA,AWP,WE,Federal Contract Tower,0,38,18,0,56,0,5,140,0,145,0,43,158,0,201,114,0,114,315
08/06/2002,SBP,CA,AWP,WE,Federal Contract Tower,0,37,10,0,47,0,13,112,0,125,0,50,122,0,172,156,0,156,328
08/07/2002,SBP,CA,AWP,WE,Federal Contract Tower,0,40,21,0,61,0,9,130,0,139,0,49,151,0,200,128,0,128,328
08/08/2002,SBP,CA,AWP,WE,Federal Contract Tower,0,39,16,0,55,0,11,195,0,206,0,50,211,0,261,112,0,112,373
08/09/2002,SBP,CA,AWP,WE,Federal Contract Tower,0,36,8,0,44,0,0,156,0,156,0,36,164,0,200,192,0,192,392
08/10/2002,SBP,CA,AWP,WE,Federal Contract Tower,0,34,12,1,47,0,7,208,1,216,0,41,220,2,263,92,0,92,355
08/11/2002,SBP,CA,AWP,WE,Federal Contract Tower,0,31,20,0,51,0,0,187,0,187,0,31,207,0,238,116,0,116,354
08/12/2002,SBP,CA,AWP,WE,Federal Contract Tower,0,35,21,0,56,0,8,123,0,131,0,43,144,0,187,118,0,118,305
08/13/2002,SBP,CA,AWP,WE,Federal Contract Tower,0,40,12,0,52,0,2,106,0,108,0,42,118,0,160,124,0,124,284
08/14/2002,SBP,CA,AWP,WE,Federal Contract Tower,0,47,18,0,65,0,14,130,0,144,0,61,148,0,209,154,0,154,363
08/15/2002,SBP,CA,AWP,WE,Federal Contract Tower,0,41,31,4,76,0,8,131,0,139,0,49,162,4,215,140,0,140,355
08/16/2002,SBP,CA,AWP,WE,Federal Contract Tower,0,40,41,0,81,0,4,104,0,108,0,44,145,0,189,40,0,40,229
08/17/2002,SBP,CA,AWP,WE,Federal Contract Tower,0,33,30,2,65,0,0,99,0,99,0,33,129,2,164,58,0,58,222
08/18/2002,SBP,CA,AWP,WE,Federal Contract Tower,0,29,29,0,58,0,0,105,0,105,0,29,134,0,163,62,0,62,225
08/19/2002,SBP,CA,AWP,WE,Federal Contract Tower,0,38,24,1,63,0,9,62,3,74,0,47,86,4,137,70,0,70,207
08/20/2002,SBP,CA,AWP,WE,Federal Contract Tower,0,38,26,4,68,0,8,70,5,83,0,46,96,9,151,84,0,84,235
08/21/2002,SBP,CA,AWP,WE,Federal Contract Tower,0,41,24,2,67,0,6,96,5,107,0,47,120,7,174,140,0,140,314
08/22/2002,SBP,CA,AWP,WE,Federal Contract Tower,0,48,27,0,75,0,3,121,3,127,0,51,148,3,202,80,0,80,282
08/23/2002,SBP,CA,AWP,WE,Federal Contract Tower,0,39,22,0,61,0,5,132,2,139,0,44,154,2,200,112,0,112,312
08/24/2002,SBP,CA,AWP,WE,Federal Contract Tower,0,31,17,0,48,0,9,160,0,169,0,40,177,0,217,60,0,60,277
08/25/2002,SBP,CA,AWP,WE,Federal Contract Tower,0,31,16,0,47,0,0,193,0,193,0,31,209,0,240,124,0,124,364
08/26/2002,SBP,CA,AWP,WE,Federal Contract Tower,0,41,20,0,61,0,3,153,0,156,0,44,173,0,217,126,0,126,343
08/27/2002,SBP,CA,AWP,WE,Federal Contract Tower,0,39,10,0,49,0,12,127,0,139,0,51,137,0,188,72,0,72,260
08/28/2002,SBP,CA,AWP,WE,Federal Contract Tower,0,42,15,0,57,0,9,172,4,185,0,51,187,4,242,64,0,64,306
08/29/2002,SBP,CA,AWP,WE,Federal Contract Tower,0,43,33,1,77,0,15,143,4,162,0,58,176,5,239,74,0,74,313
08/30/2002,SBP,CA,AWP,WE,Federal Contract Tower,0,40,29,1,70,0,7,164,1,172,0,47,193,2,242,160,0,160,402
08/31/2002,SBP,CA,AWP,WE,Federal Contract Tower,0,34,17,0,51,0,1,173,0,174,0,35,190,0,225,86,0,86,311
09/01/2002,SBP,CA,AWP,WE,Federal Contract Tower,0,29,9,0,38,0,0,218,0,218,0,29,227,0,256,114,0,114,370
09/02/2002,SBP,CA,AWP,WE,Federal Contract Tower,0,31,7,0,38,0,0,278,2,280,0,31,285,2,318,138,0,138,456
09/03/2002,SBP,CA,AWP,WE,Federal Contract Tower,0,36,7,0,43,0,8,135,0,143,0,44,142,0,186,118,0,118,304
09/04/2002,SBP,CA,AWP,WE,Federal Contract Tower,0,39,9,0,48,0,13,108,0,121,0,52,117,0,169,106,0,106,275
09/05/2002,SBP,CA,AWP,WE,Federal Contract Tower,0,42,12,0,54,0,6,107,0,113,0,48,119,0,167,62,0,62,229
09/06/2002,SBP,CA,AWP,WE,Federal Contract Tower,0,39,16,0,55,0,10,101,1,112,0,49,117,1,167,54,0,54,221
09/07/2002,SBP,CA,AWP,WE,Federal Contract Tower,0,38,10,0,48,0,2,137,3,142,0,40,147,3,190,120,0,120,310
09/08/2002,SBP,CA,AWP,WE,Federal Contract Tower,0,32,8,0,40,0,0,126,1,127,0,32,134,1,167,80,0,80,247
09/09/2002,SBP,CA,AWP,WE,Federal Contract Tower,0,27,10,0,37,0,18,112,22,152,0,45,122,22,189,92,0,92,281
09/10/2002,SBP,CA,AWP,WE,Federal Contract Tower,0,42,17,0,59,0,11,119,0,130,0,53,136,0,189,138,0,138,327
09/11/2002,SBP,CA,AWP,WE,Federal Contract Tower,0,37,15,2,54,0,7,99,0,106,0,44,114,2,160,120,0,120,280
09/12/2002,SBP,CA,AWP,WE,Federal Contract Tower,0,48,19,0,67,0,6,121,0,127,0,54,140,0,194,100,0,100,294
09/13/2002,SBP,CA,AWP,WE,Federal Contract Tower,0,40,22,0,62,0,13,173,0,186,0,53,195,0,248,46,0,46,294
09/14/2002,SBP,CA,AWP,WE,Federal Contract Tower,0,34,9,0,43,0,0,156,0,156,0,34,165,0,199,52,0,52,251
09/15/2002,SBP,CA,AWP,WE,Federal Contract Tower,0,33,15,0,48,0,0,150,0,150,0,33,165,0,198,56,0,56,254
09/16/2002,SBP,CA,AWP,WE,Federal Contract Tower,0,39,7,0,46,0,9,124,24,157,0,48,131,24,203,62,0,62,265
09/17/2002,SBP,CA,AWP,WE,Federal Contract Tower,0,41,8,2,51,0,6,142,4,152,0,47,150,6,203,106,0,106,309
09/18/2002,SBP,CA,AWP,WE,Federal Contract Tower,0,41,20,0,61,0,15,129,0,144,0,56,149,0,205,142,0,142,347
09/19/2002,SBP,CA,AWP,WE,Federal Contract Tower,0,38,17,0,55,0,21,119,3,143,0,59,136,3,198,106,0,106,304
09/20/2002,SBP,CA,AWP,WE,Federal Contract Tower,0,41,31,0,72,0,7,121,2,130,0,48,152,2,202,32,0,32,234
09/21/2002,SBP,CA,AWP,WE,Federal Contract Tower,0,31,21,0,52,0,6,167,3,176,0,37,188,3,228,98,0,98,326
09/22/2002,SBP,CA,AWP,WE,Federal Contract Tower,0,32,14,2,48,0,2,201,0,203,0,34,215,2,251,40,0,40,291
09/23/2002,SBP,CA,AWP,WE,Federal Contract Tower,0,38,28,1,67,0,6,75,1,82,0,44,103,2,149,46,0,46,195
09/24/2002,SBP,CA,AWP,WE,Federal Contract Tower,0,41,12,0,53,0,12,123,0,135,0,53,135,0,188,144,0,144,332
09/25/2002,SBP,CA,AWP,WE,Federal Contract Tower,0,40,22,3,65,0,7,99,1,107,0,47,121,4,172,120,0,120,292
09/26/2002,SBP,CA,AWP,WE,Federal Contract Tower,0,44,21,2,67,3,9,123,0,135,3,53,144,2,202,134,0,134,336
09/27/2002,SBP,CA,AWP,WE,Federal Contract Tower,0,43,62,2,107,0,0,31,2,33,0,43,93,4,140,76,0,76,216
09/28/2002,SBP,CA,AWP,WE,Federal Contract Tower,0,38,35,2,75,0,0,13,0,13,0,38,48,2,88,28,0,28,116
09/29/2002,SBP,CA,AWP,WE,Federal Contract Tower,0,32,14,0,46,0,0,104,16,120,0,32,118,16,166,56,0,56,222
09/30/2002,SBP,CA,AWP,WE,Federal Contract Tower,0,39,18,0,57,0,10,122,2,134,0,49,140,2,191,102,0,102,293
10/01/2002,SBP,CA,AWP,WE,Federal Contract Tower,0,43,10,1,54,0,7,101,1,109,0,50,111,2,163,76,0,76,239
10/02/2002,SBP,CA,AWP,WE,Federal Contract Tower,0,40,11,2,53,0,11,124,0,135,0,51,135,2,188,158,0,158,346
10/03/2002,SBP,CA,AWP,WE,Federal Contract Tower,0,42,15,2,59,0,13,157,0,170,0,55,172,2,229,142,0,142,371
10/04/2002,SBP,CA,AWP,WE,Federal Contract Tower,0,44,7,0,51,0,12,176,0,188,0,56,183,0,239,90,0,90,329
10/05/2002,SBP,CA,AWP,WE,Federal Contract Tower,0,23,11,0,34,0,15,163,0,178,0,38,174,0,212,72,0,72,284
10/06/2002,SBP,CA,AWP,WE,Federal Contract Tower,0,36,13,0,49,0,7,151,0,158,0,43,164,0,207,110,0,110,317
10/07/2002,SBP,CA,AWP,WE,Federal Contract Tower,0,37,15,0,52,0,9,158,0,167,0,46,173,0,219,84,0,84,303
10/08/2002,SBP,CA,AWP,WE,Federal Contract Tower,0,41,11,0,52,0,4,118,12,134,0,45,129,12,186,128,0,128,314
10/09/2002,SBP,CA,AWP,WE,Federal Contract Tower,0,41,26,3,70,0,10,111,2,123,0,51,137,5,193,116,0,116,309
10/10/2002,SBP,CA,AWP,WE,Federal Contract Tower,0,45,28,0,73,0,8,96,4,108,0,53,124,4,181,152,0,152,333
10/11/2002,SBP,CA,AWP,WE,Federal Contract Tower,0,43,10,0,53,0,10,150,10,170,0,53,160,10,223,166,0,166,389
10/12/2002,SBP,CA,AWP,WE,Federal Contract Tower,0,38,23,0,61,0,3,137,1,141,0,41,160,1,202,68,0,68,270
10/13/2002,SBP,CA,AWP,WE,Federal Contract Tower,0,34,18,0,52,0,0,140,3,143,0,34,158,3,195,89,0,89,284
10/14/2002,SBP,CA,AWP,WE,Federal Contract Tower,0,41,21,0,62,0,5,118,0,123,0,46,139,0,185,118,0,118,303
10/15/2002,SBP,CA,AWP,WE,Federal Contract Tower,0,41,29,0,70,0,5,86,0,91,0,46,115,0,161,154,0,154,315
10/16/2002,SBP,CA,AWP,WE,Federal Contract Tower,0,46,27,0,73,0,6,81,0,87,0,52,108,0,160,212,0,212,372
10/17/2002,SBP,CA,AWP,WE,Federal Contract Tower,0,44,14,4,62,0,10,125,4,139,0,54,139,8,201,122,0,122,323
10/18/2002,SBP,CA,AWP,WE,Federal Contract Tower,0,42,32,0,74,0,3,100,5,108,0,45,132,5,182,150,0,150,332
10/19/2002,SBP,CA,AWP,WE,Federal Contract Tower,0,35,14,0,49,0,3,149,1,153,0,38,163,1,202,96,0,96,298
10/20/2002,SBP,CA,AWP,WE,Federal Contract Tower,0,35,31,0,66,0,0,137,1,138,0,35,168,1,204,66,0,66,270
10/21/2002,SBP,CA,AWP,WE,Federal Contract Tower,0,45,24,0,69,0,0,18,2,20,0,45,42,2,89,84,0,84,173
10/22/2002,SBP,CA,AWP,WE,Federal Contract Tower,0,47,23,0,70,0,6,95,5,106,0,53,118,5,176,84,0,84,260
10/23/2002,SBP,CA,AWP,WE,Federal Contract Tower,0,50,44,0,94,0,2,40,4,46,0,52,84,4,140,122,0,122,262
10/24/2002,SBP,CA,AWP,WE,Federal Contract Tower,0,44,29,0,73,0,8,72,0,80,0,52,101,0,153,80,0,80,233
10/25/2002,SBP,CA,AWP,WE,Federal Contract Tower,0,43,29,0,72,0,3,88,0,91,0,46,117,0,163,90,0,90,253
10/26/2002,SBP,CA,AWP,WE,Federal Contract Tower,0,33,25,0,58,0,0,126,0,126,0,33,151,0,184,76,0,76,260
10/27/2002,SBP,CA,AWP,WE,Federal Contract Tower,0,35,25,0,60,0,0,147,0,147,0,35,172,0,207,84,0,84,291
10/28/2002,SBP,CA,AWP,WE,Federal Contract Tower,0,39,15,0,54,0,8,133,0,141,0,47,148,0,195,166,0,166,361
10/29/2002,SBP,CA,AWP,WE,Federal Contract Tower,0,47,16,0,63,0,2,120,0,122,0,49,136,0,185,116,0,116,301
10/30/2002,SBP,CA,AWP,WE,Federal Contract Tower,0,40,16,0,56,0,15,119,0,134,0,55,135,0,190,170,0,170,360
10/31/2002,SBP,CA,AWP,WE,Federal Contract Tower,0,46,36,0,82,0,8,101,0,109,0,54,137,0,191,106,0,106,297
11/01/2002,SBP,CA,AWP,WE,Federal Contract Tower,0,45,19,0,64,0,7,160,0,167,0,52,179,0,231,120,0,120,351
11/02/2002,SBP,CA,AWP,WE,Federal Contract Tower,0,35,17,0,52,0,10,158,0,168,0,45,175,0,220,76,0,76,296
11/03/2002,SBP,CA,AWP,WE,Federal Contract Tower,0,37,16,2,55,0,1,181,0,182,0,38,197,2,237,168,0,168,405
11/04/2002,SBP,CA,AWP,WE,Federal Contract Tower,0,38,11,0,49,0,5,125,0,130,0,43,136,0,179,80,0,80,259
11/05/2002,SBP,CA,AWP,WE,Federal Contract Tower,0,44,16,0,60,0,11,123,0,134,0,55,139,0,194,104,0,104,298
11/06/2002,SBP,CA,AWP,WE,Federal Contract Tower,0,42,17,0,59,0,18,145,0,163,0,60,162,0,222,146,0,146,368
11/07/2002,SBP,CA,AWP,WE,Federal Contract Tower,0,51,30,0,81,0,1,5,0,6,0,52,35,0,87,10,0,10,97
11/08/2002,SBP,CA,AWP,WE,Federal Contract Tower,0,36,12,0,48,0,0,5,0,5,0,36,17,0,53,0,0,0,53
11/09/2002,SBP,CA,AWP,WE,Federal Contract Tower,0,38,20,0,58,0,0,28,0,28,0,38,48,0,86,56,0,56,142
11/10/2002,SBP,CA,AWP,WE,Federal Contract Tower,0,32,18,0,50,0,0,143,0,143,0,32,161,0,193,108,0,108,301
11/11/2002,SBP,CA,AWP,WE,Federal Contract Tower,0,27,9,0,36,0,19,163,0,182,0,46,172,0,218,152,0,152,370
11/12/2002,SBP,CA,AWP,WE,Federal Contract Tower,0,44,5,0,49,0,9,100,1,110,0,53,105,1,159,120,0,120,279
11/13/2002,SBP,CA,AWP,WE,Federal Contract Tower,0,45,6,0,51,0,4,134,0,138,0,49,140,0,189,116,0,116,305
11/14/2002,SBP,CA,AWP,WE,Federal Contract Tower,0,41,7,0,48,0,10,97,3,110,0,51,104,3,158,20,2,22,180
11/15/2002,SBP,CA,AWP,WE,Federal Contract Tower,0,37,12,0,49,0,5,129,0,134,0,42,141,0,183,248,0,248,431
11/16/2002,SBP,CA,AWP,WE,Federal Contract Tower,0,33,8,0,41,0,0,159,0,159,0,33,167,0,200,128,0,128,328
11/17/2002,SBP,CA,AWP,WE,Federal Contract Tower,0,37,7,0,44,0,2,205,6,213,0,39,212,6,257,154,0,154,411
11/18/2002,SBP,CA,AWP,WE,Federal Contract Tower,0,41,11,0,52,0,7,138,0,145,0,48,149,0,197,124,0,124,321
11/19/2002,SBP,CA,AWP,WE,Federal Contract Tower,0,40,4,0,44,0,7,167,0,174,0,47,171,0,218,146,0,146,364
11/20/2002,SBP,CA,AWP,WE,Federal Contract Tower,0,41,14,0,55,0,10,121,0,131,0,51,135,0,186,138,0,138,324
11/21/2002,SBP,CA,AWP,WE,Federal Contract Tower,0,41,20,2,63,0,10,142,0,152,0,51,162,2,215,76,0,76,291
11/22/2002,SBP,CA,AWP,WE,Federal Contract Tower,0,39,22,0,61,0,6,134,2,142,0,45,156,2,203,56,0,56,259
11/23/2002,SBP,CA,AWP,WE,Federal Contract Tower,0,37,12,0,49,0,0,115,3,118,0,37,127,3,167,102,0,102,269
11/24/2002,SBP,CA,AWP,WE,Federal Contract Tower,0,34,10,0,44,0,0,167,0,167,0,34,177,0,211,212,0,212,423
11/25/2002,SBP,CA,AWP,WE,Federal Contract Tower,0,38,8,0,46,0,8,122,0,130,0,46,130,0,176,212,0,212,388
11/26/2002,SBP,CA,AWP,WE,Federal Contract Tower,0,44,14,0,58,0,5,114,0,119,0,49,128,0,177,220,0,220,397
11/27/2002,SBP,CA,AWP,WE,Federal Contract Tower,0,39,16,2,57,0,9,123,1,133,0,48,139,3,190,148,0,148,338
11/28/2002,SBP,CA,AWP,WE,Federal Contract Tower,0,32,6,0,38,0,2,50,0,52,0,34,56,0,90,20,0,20,110
11/29/2002,SBP,CA,AWP,WE,Federal Contract Tower,0,39,13,0,52,0,2,100,0,102,0,41,113,0,154,152,0,152,306
11/30/2002,SBP,CA,AWP,WE,Federal Contract Tower,0,39,24,0,63,0,1,78,0,79,0,40,102,0,142,118,0,118,260
12/01/2002,SBP,CA,AWP,WE,Federal Contract Tower,0,33,20,2,55,0,3,188,0,191,0,36,208,2,246,92,0,92,338
12/02/2002,SBP,CA,AWP,WE,Federal Contract Tower,0,39,11,0,50,0,4,137,0,141,0,43,148,0,191,154,0,154,345
12/03/2002,SBP,CA,AWP,WE,Federal Contract Tower,0,37,8,0,45,0,11,120,2,133,0,48,128,2,178,140,0,140,318
12/04/2002,SBP,CA,AWP,WE,Federal Contract Tower,0,39,20,1,60,0,10,99,2,111,0,49,119,3,171,124,0,124,295
12/05/2002,SBP,CA,AWP,WE,Federal Contract Tower,0,38,11,0,49,0,7,122,0,129,0,45,133,0,178,86,0,86,264
12/06/2002,SBP,CA,AWP,WE,Federal Contract Tower,0,35,30,0,65,0,3,73,0,76,0,38,103,0,141,166,0,166,307
12/07/2002,SBP,CA,AWP,WE,Federal Contract Tower,0,33,15,0,48,0,3,89,0,92,0,36,104,0,140,180,0,180,320
12/08/2002,SBP,CA,AWP,WE,Federal Contract Tower,0,31,9,0,40,0,1,186,0,187,0,32,195,0,227,134,0,134,361
12/09/2002,SBP,CA,AWP,WE,Federal Contract Tower,0,41,32,2,75,0,1,38,0,39,0,42,70,2,114,100,0,100,214
12/10/2002,SBP,CA,AWP,WE,Federal Contract Tower,0,39,7,2,48,0,13,91,0,104,0,52,98,2,152,122,0,122,274
12/11/2002,SBP,CA,AWP,WE,Federal Contract Tower,0,39,11,0,50,0,12,129,4,145,0,51,140,4,195,118,0,118,313
12/12/2002,SBP,CA,AWP,WE,Federal Contract Tower,0,45,8,0,53,0,3,130,0,133,0,48,138,0,186,82,0,82,268
12/13/2002,SBP,CA,AWP,WE,Federal Contract Tower,0,46,17,0,63,0,2,83,2,87,0,48,100,2,150,104,0,104,254
12/14/2002,SBP,CA,AWP,WE,Federal Contract Tower,0,32,10,0,42,0,0,18,0,18,0,32,28,0,60,22,0,22,82
12/15/2002,SBP,CA,AWP,WE,Federal Contract Tower,0,29,17,0,46,0,1,69,0,70,0,30,86,0,116,84,0,84,200
12/16/2002,SBP,CA,AWP,WE,Federal Contract Tower,0,45,11,1,57,0,0,2,1,3,0,45,13,2,60,0,0,0,60
12/17/2002,SBP,CA,AWP,WE,Federal Contract Tower,0,51,14,0,65,0,10,24,0,34,0,61,38,0,99,26,0,26,125
12/18/2002,SBP,CA,AWP,WE,Federal Contract Tower,0,45,21,1,67,0,8,138,1,147,0,53,159,2,214,64,0,64,278
12/19/2002,SBP,CA,AWP,WE,Federal Contract Tower,0,36,15,0,51,0,0,16,0,16,0,36,31,0,67,24,0,24,91
12/20/2002,SBP,CA,AWP,WE,Federal Contract Tower,0,39,14,0,53,0,0,23,0,23,0,39,37,0,76,56,0,56,132
12/21/2002,SBP,CA,AWP,WE,Federal Contract Tower,0,35,4,0,39,0,0,7,0,7,0,35,11,0,46,0,0,0,46
12/22/2002,SBP,CA,AWP,WE,Federal Contract Tower,0,30,7,0,37,0,3,103,0,106,0,33,110,0,143,96,0,96,239
12/23/2002,SBP,CA,AWP,WE,Federal Contract Tower,0,41,16,0,57,0,8,129,0,137,0,49,145,0,194,82,0,82,276
12/24/2002,SBP,CA,AWP,WE,Federal Contract Tower,0,39,6,0,45,0,11,85,0,96,0,50,91,0,141,90,0,90,231
12/25/2002,SBP,CA,AWP,WE,Federal Contract Tower,0,31,5,0,36,0,1,42,0,43,0,32,47,0,79,12,0,12,91
12/26/2002,SBP,CA,AWP,WE,Federal Contract Tower,0,45,28,0,73,0,3,44,0,47,0,48,72,0,120,34,0,34,154
12/27/2002,SBP,CA,AWP,WE,Federal Contract Tower,0,38,21,1,60,0,1,31,1,33,0,39,52,2,93,26,0,26,119
12/28/2002,SBP,CA,AWP,WE,Federal Contract Tower,0,33,15,0,48,0,2,38,0,40,0,35,53,0,88,36,0,36,124
12/29/2002,SBP,CA,AWP,WE,Federal Contract Tower,0,31,15,0,46,0,0,94,0,94,0,31,109,0,140,60,0,60,200
12/30/2002,SBP,CA,AWP,WE,Federal Contract Tower,0,34,12,0,46,0,6,116,0,122,0,40,128,0,168,78,0,78,246
12/31/2002,SBP,CA,AWP,WE,Federal Contract Tower,0,37,6,0,43,0,3,58,0,61,0,40,64,0,104,14,0,14,118
01/01/2003,SBP,CA,AWP,WE,Federal Contract Tower,0,30,11,0,41,0,0,83,0,83,0,30,94,0,124,40,0,40,164
01/02/2003,SBP,CA,AWP,WE,Federal Contract Tower,0,42,14,0,56,0,6,128,0,134,0,48,142,0,190,112,0,112,302
01/03/2003,SBP,CA,AWP,WE,Federal Contract Tower,0,38,17,0,55,0,11,125,0,136,0,49,142,0,191,72,0,72,263
01/04/2003,SBP,CA,AWP,WE,Federal Contract Tower,0,32,15,0,47,0,4,158,0,162,0,36,173,0,209,86,0,86,295
01/05/2003,SBP,CA,AWP,WE,Federal Contract Tower,0,33,19,0,52,0,0,151,0,151,0,33,170,0,203,36,0,36,239
01/06/2003,SBP,CA,AWP,WE,Federal Contract Tower,0,38,5,0,43,0,7,92,0,99,0,45,97,0,142,100,0,100,242
01/07/2003,SBP,CA,AWP,WE,Federal Contract Tower,0,34,15,0,49,0,10,59,0,69,0,44,74,0,118,54,0,54,172
01/08/2003,SBP,CA,AWP,WE,Federal Contract Tower,0,35,16,2,53,0,13,121,4,138,0,48,137,6,191,62,0,62,253
01/09/2003,SBP,CA,AWP,WE,Federal Contract Tower,0,37,35,0,72,0,7,62,0,69,0,44,97,0,141,118,0,118,259
01/10/2003,SBP,CA,AWP,WE,Federal Contract Tower,0,38,35,2,75,0,1,28,0,29,0,39,63,2,104,66,0,66,170
01/11/2003,SBP,CA,AWP,WE,Federal Contract Tower,0,33,16,2,51,0,2,132,0,134,0,35,148,2,185,184,0,184,369
01/12/2003,SBP,CA,AWP,WE,Federal Contract Tower,0,31,17,0,48,0,0,92,0,92,0,31,109,0,140,118,0,118,258
01/13/2003,SBP,CA,AWP,WE,Federal Contract Tower,0,36,24,0,60,0,4,62,0,66,0,40,86,0,126,92,0,92,218
01/14/2003,SBP,CA,AWP,WE,Federal Contract Tower,0,39,14,0,53,0,4,107,0,111,0,43,121,0,164,154,0,154,318
01/15/2003,SBP,CA,AWP,WE,Federal Contract Tower,0,36,10,0,46,0,7,150,0,157,0,43,160,0,203,158,0,158,361
01/16/2003,SBP,CA,AWP,WE,Federal Contract Tower,0,38,12,0,50,0,6,138,0,144,0,44,150,0,194,164,2,166,360
01/17/2003,SBP,CA,AWP,WE,Federal Contract Tower,0,33,12,0,45,0,10,169,0,179,0,43,181,0,224,138,0,138,362
01/18/2003,SBP,CA,AWP,WE,Federal Contract Tower,0,30,28,0,58,0,4,218,0,222,0,34,246,0,280,128,0,128,408
01/19/2003,SBP,CA,AWP,WE,Federal Contract Tower,0,28,17,0,45,0,0,194,0,194,0,28,211,0,239,118,0,118,357
01/20/2003,SBP,CA,AWP,WE,Federal Contract Tower,0,32,30,0,62,0,1,73,2,76,0,33,103,2,138,54,0,54,192
01/21/2003,SBP,CA,AWP,WE,Federal Contract Tower,0,38,20,0,58,0,8,87,0,95,0,46,107,0,153,158,0,158,311
01/22/2003,SBP,CA,AWP,WE,Federal Contract Tower,0,42,33,1,76,0,7,24,1,32,0,49,57,2,108,106,0,106,214
01/23/2003,SBP,CA,AWP,WE,Federal Contract Tower,0,43,17,0,60,0,9,107,0,116,0,52,124,0,176,142,0,142,318
01/24/2003,SBP,CA,AWP,WE,Federal Contract Tower,0,38,14,0,52,0,6,148,2,156,0,44,162,2,208,102,0,102,310
01/25/2003,SBP,CA,AWP,WE,Federal Contract Tower,0,32,19,0,51,0,6,170,0,176,0,38,189,0,227,44,0,44,271
01/26/2003,SBP,CA,AWP,WE,Federal Contract Tower,0,28,13,0,41,0,0,183,0,183,0,28,196,0,224,144,0,144,368
01/27/2003,SBP,CA,AWP,WE,Federal Contract Tower,0,36,12,0,48,0,14,138,0,152,0,50,150,0,200,156,0,156,356
01/28/2003,SBP,CA,AWP,WE,Federal Contract Tower,0,35,18,4,57,0,9,99,0,108,0,44,117,4,165,88,0,88,253
01/29/2003,SBP,CA,AWP,WE,Federal Contract Tower,0,36,13,0,49,0,11,141,3,155,0,47,154,3,204,144,0,144,348
01/30/2003,SBP,CA,AWP,WE,Federal Contract Tower,0,35,21,0,56,0,12,127,0,139,0,47,148,0,195,42,0,42,237
01/31/2003,SBP,CA,AWP,WE,Federal Contract Tower,0,34,17,0,51,0,3,148,0,151,0,37,165,0,202,190,0,190,392
02/01/2003,SBP,CA,AWP,WE,Federal Contract Tower,0,32,25,2,59,0,0,48,1,49,0,32,73,3,108,50,0,50,158
02/02/2003,SBP,CA,AWP,WE,Federal Contract Tower,0,31,4,0,35,0,0,127,0,127,0,31,131,0,162,22,0,22,184
02/03/2003,SBP,CA,AWP,WE,Federal Contract Tower,0,34,14,0,48,0,3,122,0,125,0,37,136,0,173,150,0,150,323
02/04/2003,SBP,CA,AWP,WE,Federal Contract Tower,0,38,9,2,49,0,13,128,0,141,0,51,137,2,190,114,0,114,304
02/05/2003,SBP,CA,AWP,WE,Federal Contract Tower,0,35,13,0,48,0,8,139,4,151,0,43,152,4,199,172,0,172,371
02/06/2003,SBP,CA,AWP,WE,Federal Contract Tower,0,34,13,0,47,0,10,155,4,169,0,44,168,4,216,120,4,124,340
02/07/2003,SBP,CA,AWP,WE,Federal Contract Tower,0,35,14,0,49,0,5,157,0,162,0,40,171,0,211,172,0,172,383
02/08/2003,SBP,CA,AWP,WE,Federal Contract Tower,0,32,7,2,41,0,2,180,0,182,0,34,187,2,223,94,0,94,317
02/09/2003,SBP,CA,AWP,WE,Federal Contract Tower,0,28,15,0,43,0,2,215,9,226,0,30,230,9,269,150,0,150,419
02/10/2003,SBP,CA,AWP,WE,Federal Contract Tower,0,33,5,2,40,0,6,140,0,146,0,39,145,2,186,176,0,176,362
02/11/2003,SBP,CA,AWP,WE,Federal Contract Tower,0,38,22,4,64,0,5,61,2,68,0,43,83,6,132,90,4,94,226
02/12/2003,SBP,CA,AWP,WE,Federal Contract Tower,0,39,14,1,54,0,2,14,1,17,0,41,28,2,71,28,0,28,99
02/13/2003,SBP,CA,AWP,WE,Federal Contract Tower,0,46,26,0,72,0,3,30,0,33,0,49,56,0,105,16,0,16,121
02/14/2003,SBP,CA,AWP,WE,Federal Contract Tower,0,35,26,0,61,0,1,100,0,101,0,36,126,0,162,80,0,80,242
02/15/2003,SBP,CA,AWP,WE,Federal Contract Tower,0,35,21,2,58,0,3,66,2,71,0,38,87,4,129,110,0,110,239
02/16/2003,SBP,CA,AWP,WE,Federal Contract Tower,0,30,21,2,53,0,1,84,0,85,0,31,105,2,138,140,0,140,278
02/17/2003,SBP,CA,AWP,WE,Federal Contract Tower,0,33,9,0,42,0,5,139,0,144,0,38,148,0,186,126,0,126,312
02/18/2003,SBP,CA,AWP,WE,Federal Contract Tower,0,39,10,0,49,0,5,121,0,126,0,44,131,0,175,124,0,124,299
02/19/2003,SBP,CA,AWP,WE,Federal Contract Tower,0,42,12,0,54,0,5,86,2,93,0,47,98,2,147,92,0,92,239
02/20/2003,SBP,CA,AWP,WE,Federal Contract Tower,0,37,11,0,48,8,9,115,0,132,8,46,126,0,180,84,0,84,264
02/21/2003,SBP,CA,AWP,WE,Federal Contract Tower,0,36,14,0,50,0,9,165,1,175,0,45,179,1,225,124,0,124,349
02/22/2003,SBP,CA,AWP,WE,Federal Contract Tower,0,33,14,0,47,0,0,208,0,208,0,33,222,0,255,118,0,118,373
02/23/2003,SBP,CA,AWP,WE,Federal Contract Tower,0,29,25,0,54,0,0,94,0,94,0,29,119,0,148,108,0,108,256
02/24/2003,SBP,CA,AWP,WE,Federal Contract Tower,0,42,15,0,57,0,0,32,2,34,0,42,47,2,91,124,0,124,215
02/25/2003,SBP,CA,AWP,WE,Federal Contract Tower,0,41,14,0,55,0,7,76,6,89,0,48,90,6,144,176,0,176,320
02/26/2003,SBP,CA,AWP,WE,Federal Contract Tower,0,40,26,0,66,0,7,91,0,98,0,47,117,0,164,108,0,108,272
02/27/2003,SBP,CA,AWP,WE,Federal Contract Tower,0,38,11,0,49,0,11,89,1,101,0,49,100,1,150,106,0,106,256
02/28/2003,SBP,CA,AWP,WE,Federal Contract Tower,0,39,15,0,54,0,7,149,2,158,0,46,164,2,212,158,0,158,370
03/01/2003,SBP,CA,AWP,WE,Federal Contract Tower,0,34,10,0,44,0,0,160,0,160,0,34,170,0,204,224,0,224,428
03/02/2003,SBP,CA,AWP,WE,Federal Contract Tower,0,27,19,0,46,0,0,143,0,143,0,27,162,0,189,130,0,130,319
03/03/2003,SBP,CA,AWP,WE,Federal Contract Tower,0,37,19,0,56,0,7,58,0,65,0,44,77,0,121,104,0,104,225
03/04/2003,SBP,CA,AWP,WE,Federal Contract Tower,0,37,12,0,49,0,10,47,0,57,0,47,59,0,106,94,0,94,200
03/05/2003,SBP,CA,AWP,WE,Federal Contract Tower,0,34,12,0,46,0,9,134,0,143,0,43,146,0,189,92,0,92,281
03/06/2003,SBP,CA,AWP,WE,Federal Contract Tower,0,36,13,0,49,0,10,143,3,156,0,46,156,3,205,126,0,126,331
03/07/2003,SBP,CA,AWP,WE,Federal Contract Tower,0,40,15,0,55,0,2,189,1,192,0,42,204,1,247,134,0,134,381
03/08/2003,SBP,CA,AWP,WE,Federal Contract Tower,0,31,8,0,39,0,2,183,4,189,0,33,191,4,228,116,0,116,344
03/09/2003,SBP,CA,AWP,WE,Federal Contract Tower,0,29,8,0,37,0,0,192,2,194,0,29,200,2,231,74,0,74,305
03/10/2003,SBP,CA,AWP,WE,Federal Contract Tower,0,35,22,0,57,0,9,106,2,117,0,44,128,2,174,108,0,108,282
03/11/2003,SBP,CA,AWP,WE,Federal Contract Tower,0,40,16,0,56,0,11,72,0,83,0,51,88,0,139,174,0,174,313
03/12/2003,SBP,CA,AWP,WE,Federal Contract Tower,0,39,10,2,51,0,6,152,0,158,0,45,162,2,209,202,0,202,411
03/13/2003,SBP,CA,AWP,WE,Federal Contract Tower,0,44,48,0,92,0,0,1,0,1,0,44,49,0,93,0,0,0,93
03/14/2003,SBP,CA,AWP,WE,Federal Contract Tower,0,41,32,0,73,0,0,58,0,58,0,41,90,0,131,98,0,98,229
03/15/2003,SBP,CA,AWP,WE,Federal Contract Tower,0,29,3,0,32,0,0,32,0,32,0,29,35,0,64,34,0,34,98
03/16/2003,SBP,CA,AWP,WE,Federal Contract Tower,0,29,12,0,41,0,1,62,0,63,0,30,74,0,104,70,0,70,174
03/17/2003,SBP,CA,AWP,WE,Federal Contract Tower,0,31,8,2,41,0,7,87,2,96,0,38,95,4,137,72,0,72,209
03/18/2003,SBP,CA,AWP,WE,Federal Contract Tower,0,38,9,0,47,0,10,114,0,124,0,48,123,0,171,112,0,112,283
03/19/2003,SBP,CA,AWP,WE,Federal Contract Tower,0,33,12,0,45,0,16,117,0,133,0,49,129,0,178,140,0,140,318
03/20/2003,SBP,CA,AWP,WE,Federal Contract Tower,0,39,11,0,50,0,9,118,0,127,0,48,129,0,177,84,0,84,261
03/21/2003,SBP,CA,AWP,WE,Federal Contract Tower,0,37,21,0,58,0,6,148,0,154,0,43,169,0,212,180,0,180,392
03/22/2003,SBP,CA,AWP,WE,Federal Contract Tower,0,33,12,0,45,0,6,131,0,137,0,39,143,0,182,210,0,210,392
03/23/2003,SBP,CA,AWP,WE,Federal Contract Tower,0,33,30,0,63,0,2,89,0,91,0,35,119,0,154,132,0,132,286
03/24/2003,SBP,CA,AWP,WE,Federal Contract Tower,0,39,12,2,53,0,8,75,0,83,0,47,87,2,136,106,0,106,242
03/25/2003,SBP,CA,AWP,WE,Federal Contract Tower,0,35,8,0,43,0,10,118,2,130,0,45,126,2,173,166,0,166,339
03/26/2003,SBP,CA,AWP,WE,Federal Contract Tower,0,42,14,1,57,0,8,101,9,118,0,50,115,10,175,84,0,84,259
03/27/2003,SBP,CA,AWP,WE,Federal Contract Tower,0,41,5,3,49,0,12,129,0,141,0,53,134,3,190,114,0,114,304
03/28/2003,SBP,CA,AWP,WE,Federal Contract Tower,0,37,8,0,45,0,7,124,0,131,0,44,132,0,176,84,0,84,260
03/29/2003,SBP,CA,AWP,WE,Federal Contract Tower,0,32,9,0,41,0,2,166,2,170,0,34,175,2,211,134,0,134,345
03/30/2003,SBP,CA,AWP,WE,Federal Contract Tower,0,30,11,0,41,0,0,124,0,124,0,30,135,0,165,50,0,50,215
03/31/2003,SBP,CA,AWP,WE,Federal Contract Tower,0,33,6,3,42,0,5,134,4,143,0,38,140,7,185,118,0,118,303
04/01/2003,SBP,CA,AWP,WE,Federal Contract Tower,0,43,22,0,65,0,6,78,0,84,0,49,100,0,149,142,0,142,291
04/02/2003,SBP,CA,AWP,WE,Federal Contract Tower,0,39,16,4,59,0,9,78,0,87,0,48,94,4,146,100,0,100,246
04/03/2003,SBP,CA,AWP,WE,Federal Contract Tower,0,37,11,1,49,0,14,87,0,101,0,51,98,1,150,137,0,137,287
04/04/2003,SBP,CA,AWP,WE,Federal Contract Tower,0,42,14,1,57,0,5,45,0,50,0,47,59,1,107,96,0,96,203
04/05/2003,SBP,CA,AWP,WE,Federal Contract Tower,0,33,12,0,45,0,3,139,0,142,0,36,151,0,187,132,0,132,319
04/06/2003,SBP,CA,AWP,WE,Federal Contract Tower,0,33,16,0,49,0,1,140,2,143,0,34,156,2,192,84,0,84,276
04/07/2003,SBP,CA,AWP,WE,Federal Contract Tower,0,36,7,0,43,0,5,113,0,118,0,41,120,0,161,100,0,100,261
04/08/2003,SBP,CA,AWP,WE,Federal Contract Tower,0,34,12,0,46,0,11,122,2,135,0,45,134,2,181,166,0,166,347
04/09/2003,SBP,CA,AWP,WE,Federal Contract Tower,0,37,16,0,53,0,13,132,2,147,0,50,148,2,200,146,0,146,346
04/10/2003,SBP,CA,AWP,WE,Federal Contract Tower,0,37,27,2,66,0,8,160,2,170,0,45,187,4,236,98,0,98,334
04/11/2003,SBP,CA,AWP,WE,Federal Contract Tower,0,33,49,0,82,0,9,103,0,112,0,42,152,0,194,130,0,130,324
04/12/2003,SBP,CA,AWP,WE,Federal Contract Tower,0,30,15,0,45,0,0,35,0,35,0,30,50,0,80,78,0,78,158
04/13/2003,SBP,CA,AWP,WE,Federal Contract Tower,0,33,18,0,51,0,0,12,0,12,0,33,30,0,63,40,0,40,103
04/14/2003,SBP,CA,AWP,WE,Federal Contract Tower,0,40,19,0,59,0,8,58,4,70,0,48,77,4,129,70,0,70,199
04/15/2003,SBP,CA,AWP,WE,Federal Contract Tower,0,38,12,4,54,0,9,149,0,158,0,47,161,4,212,110,0,110,322
04/16/2003,SBP,CA,AWP,WE,Federal Contract Tower,0,36,14,0,50,0,16,100,0,116,0,52,114,0,166,158,0,158,324
04/17/2003,SBP,CA,AWP,WE,Federal Contract Tower,0,39,12,0,51,0,8,94,4,106,0,47,106,4,157,216,0,216,373
04/18/2003,SBP,CA,AWP,WE,Federal Contract Tower,0,40,14,0,54,0,7,148,0,155,0,47,162,0,209,220,0,220,429
04/19/2003,SBP,CA,AWP,WE,Federal Contract Tower,0,33,13,0,46,0,4,216,0,220,0,37,229,0,266,202,0,202,468
04/20/2003,SBP,CA,AWP,WE,Federal Contract Tower,0,32,9,0,41,0,0,142,2,144,0,32,151,2,185,178,0,178,363
04/21/2003,SBP,CA,AWP,WE,Federal Contract Tower,0,32,19,0,51,0,11,85,4,100,0,43,104,4,151,112,22,134,285
04/22/2003,SBP,CA,AWP,WE,Federal Contract Tower,0,39,22,0,61,0,6,84,4,94,0,45,106,4,155,166,0,166,321
04/23/2003,SBP,CA,AWP,WE,Federal Contract Tower,0,39,22,0,61,0,5,128,0,133,0,44,150,0,194,192,0,192,386
04/24/2003,SBP,CA,AWP,WE,Federal Contract Tower,0,44,40,1,85,0,2,22,0,24,0,46,62,1,109,88,0,88,197
04/25/2003,SBP,CA,AWP,WE,Federal Contract Tower,0,42,21,0,63,0,3,83,0,86,0,45,104,0,149,258,0,258,407
04/26/2003,SBP,CA,AWP,WE,Federal Contract Tower,0,36,15,0,51,0,0,183,0,183,0,36,198,0,234,104,0,104,338
04/27/2003,SBP,CA,AWP,WE,Federal Contract Tower,0,32,17,2,51,0,0,156,0,156,0,32,173,2,207,78,0,78,285
04/28/2003,SBP,CA,AWP,WE,Federal Contract Tower,0,37,18,0,55,0,8,82,0,90,0,45,100,0,145,182,0,182,327
04/29/2003,SBP,CA,AWP,WE,Federal Contract Tower,0,35,10,4,49,0,10,87,5,102,0,45,97,9,151,140,0,140,291
04/30/2003,SBP,CA,AWP,WE,Federal Contract Tower,0,37,23,0,60,0,4,118,0,122,0,41,141,0,182,130,0,130,312
05/01/2003,SBP,CA,AWP,WE,Federal Contract Tower,0,34,16,2,52,0,5,120,0,125,0,39,136,2,177,306,0,306,483
05/02/2003,SBP,CA,AWP,WE,Federal Contract Tower,0,36,14,3,53,0,0,22,0,22,0,36,36,3,75,32,0,32,107
05/03/2003,SBP,CA,AWP,WE,Federal Contract Tower,0,31,14,0,45,0,0,6,0,6,0,31,20,0,51,26,0,26,77
05/04/2003,SBP,CA,AWP,WE,Federal Contract Tower,0,31,31,0,62,0,0,111,1,112,0,31,142,1,174,131,0,131,305
05/05/2003,SBP,CA,AWP,WE,Federal Contract Tower,0,29,13,0,42,0,9,87,0,96,0,38,100,0,138,92,0,92,230
05/06/2003,SBP,CA,AWP,WE,Federal Contract Tower,0,32,17,0,49,0,14,102,0,116,0,46,119,0,165,98,0,98,263
05/07/2003,SBP,CA,AWP,WE,Federal Contract Tower,0,34,21,0,55,0,11,62,0,73,0,45,83,0,128,114,0,114,242
05/08/2003,SBP,CA,AWP,WE,Federal Contract Tower,0,32,8,0,40,0,10,106,0,116,0,42,114,0,156,194,0,194,350
05/09/2003,SBP,CA,AWP,WE,Federal Contract Tower,0,39,10,1,50,0,7,119,0,126,0,46,129,1,176,206,0,206,382
05/10/2003,SBP,CA,AWP,WE,Federal Contract Tower,0,32,6,0,38,0,0,166,6,172,0,32,172,6,210,150,0,150,360
05/11/2003,SBP,CA,AWP,WE,Federal Contract Tower,0,33,6,0,39,0,1,163,0,164,0,34,169,0,203,98,0,98,301
05/12/2003,SBP,CA,AWP,WE,Federal Contract Tower,0,29,10,0,39,0,14,98,0,112,0,43,108,0,151,158,0,158,309
05/13/2003,SBP,CA,AWP,WE,Federal Contract Tower,0,36,30,0,66,0,15,91,0,106,0,51,121,0,172,116,0,116,288
05/14/2003,SBP,CA,AWP,WE,Federal Contract Tower,0,35,30,0,65,0,2,63,0,65,0,37,93,0,130,126,0,126,256
05/15/2003,SBP,CA,AWP,WE,Federal Contract Tower,0,37,10,0,47,0,9,104,0,113,0,46,114,0,160,148,0,148,308
05/16/2003,SBP,CA,AWP,WE,Federal Contract Tower,0,37,12,0,49,0,10,144,0,154,0,47,156,0,203,118,0,118,321
05/17/2003,SBP,CA,AWP,WE,Federal Contract Tower,0,27,12,0,39,0,0,124,0,124,0,27,136,0,163,94,0,94,257
05/18/2003,SBP,CA,AWP,WE,Federal Contract Tower,0,30,16,0,46,0,5,141,0,146,0,35,157,0,192,62,0,62,254
05/19/2003,SBP,CA,AWP,WE,Federal Contract Tower,0,30,8,0,38,0,13,110,8,131,0,43,118,8,169,126,0,126,295
05/20/2003,SBP,CA,AWP,WE,Federal Contract Tower,0,34,2,0,36,0,15,153,1,169,0,49,155,1,205,186,0,186,391
05/21/2003,SBP,CA,AWP,WE,Federal Contract Tower,0,30,13,0,43,0,13,126,0,139,0,43,139,0,182,218,0,218,400
05/22/2003,SBP,CA,AWP,WE,Federal Contract Tower,0,34,24,0,58,0,8,130,8,146,0,42,154,8,204,184,0,184,388
05/23/2003,SBP,CA,AWP,WE,Federal Contract Tower,0,35,33,0,68,0,3,105,2,110,0,38,138,2,178,72,0,72,250
05/24/2003,SBP,CA,AWP,WE,Federal Contract Tower,0,30,20,0,50,0,5,77,2,84,0,35,97,2,134,108,0,108,242
05/25/2003,SBP,CA,AWP,WE,Federal Contract Tower,0,28,20,1,49,0,0,100,1,101,0,28,120,2,150,70,0,70,220
05/26/2003,SBP,CA,AWP,WE,Federal Contract Tower,0,30,14,0,44,0,16,182,0,198,0,46,196,0,242,74,0,74,316
05/27/2003,SBP,CA,AWP,WE,Federal Contract Tower,0,30,18,0,48,0,12,156,0,168,0,42,174,0,216,192,0,192,408
05/28/2003,SBP,CA,AWP,WE,Federal Contract Tower,0,31,5,2,38,0,9,134,0,143,0,40,139,2,181,256,0,256,437
05/29/2003,SBP,CA,AWP,WE,Federal Contract Tower,0,32,11,2,45,0,6,107,0,113,0,38,118,2,158,224,0,224,382
05/30/2003,SBP,CA,AWP,WE,Federal Contract Tower,0,32,12,1,45,0,14,116,3,133,0,46,128,4,178,180,0,180,358
05/31/2003,SBP,CA,AWP,WE,Federal Contract Tower,0,31,17,1,49,0,0,183,2,185,0,31,200,3,234,128,0,128,362
06/01/2003,SBP,CA,AWP,WE,Federal Contract Tower,0,30,14,0,44,0,0,146,0,146,0,30,160,0,190,139,0,139,329
06/02/2003,SBP,CA,AWP,WE,Federal Contract Tower,0,33,14,0,47,0,7,110,2,119,0,40,124,2,166,110,0,110,276
06/03/2003,SBP,CA,AWP,WE,Federal Contract Tower,0,41,26,1,68,0,0,34,6,40,0,41,60,7,108,136,0,136,244
06/04/2003,SBP,CA,AWP,WE,Federal Contract Tower,0,37,27,2,66,0,6,53,0,59,0,43,80,2,125,118,0,118,243
06/05/2003,SBP,CA,AWP,WE,Federal Contract Tower,0,44,56,2,102,0,0,20,2,22,0,44,76,4,124,106,0,106,230
06/06/2003,SBP,CA,AWP,WE,Federal Contract Tower,0,35,53,1,89,0,3,40,2,45,0,38,93,3,134,65,0,65,199
06/07/2003,SBP,CA,AWP,WE,Federal Contract Tower,0,29,19,4,52,0,0,90,2,92,0,29,109,6,144,166,0,166,310
06/08/2003,SBP,CA,AWP,WE,Federal Contract Tower,0,30,29,1,60,0,1,85,0,86,0,31,114,1,146,64,0,64,210
06/09/2003,SBP,CA,AWP,WE,Federal Contract Tower,0,43,22,0,65,0,0,53,2,55,0,43,75,2,120,148,0,148,268
06/10/2003,SBP,CA,AWP,WE,Federal Contract Tower,0,43,37,4,84,0,1,70,1,72,0,44,107,5,156,202,0,202,358
06/11/2003,SBP,CA,AWP,WE,Federal Contract Tower,0,41,41,4,86,0,1,40,0,41,0,42,81,4,127,46,0,46,173
06/12/2003,SBP,CA,AWP,WE,Federal Contract Tower,0,40,25,0,65,0,9,94,4,107,0,49,119,4,172,220,0,220,392
06/13/2003,SBP,CA,AWP,WE,Federal Contract Tower,0,28,15,0,43,0,7,145,1,153,0,35,160,1,196,64,0,64,260
06/14/2003,SBP,CA,AWP,WE,Federal Contract Tower,0,29,11,0,40,0,4,259,2,265,0,33,270,2,305,114,0,114,419
06/15/2003,SBP,CA,AWP,WE,Federal Contract Tower,0,33,12,0,45,0,2,192,2,196,0,35,204,2,241,74,0,74,315
06/16/2003,SBP,CA,AWP,WE,Federal Contract Tower,0,34,9,0,43,0,11,122,2,135,0,45,131,2,178,120,0,120,298
06/17/2003,SBP,CA,AWP,WE,Federal Contract Tower,0,33,15,0,48,0,5,138,1,144,0,38,153,1,192,184,0,184,376
06/18/2003,SBP,CA,AWP,WE,Federal Contract Tower,0,40,23,0,63,0,8,107,3,118,0,48,130,3,181,178,0,178,359
06/19/2003,SBP,CA,AWP,WE,Federal Contract Tower,0,35,28,1,64,0,0,39,7,46,0,35,67,8,110,304,0,304,414
06/20/2003,SBP,CA,AWP,WE,Federal Contract Tower,0,38,24,2,64,0,5,97,1,103,0,43,121,3,167,156,0,156,323
06/21/2003,SBP,CA,AWP,WE,Federal Contract Tower,0,31,16,2,49,0,2,122,4,128,0,33,138,6,177,158,2,160,337
06/22/2003,SBP,CA,AWP,WE,Federal Contract Tower,0,28,23,0,51,0,3,105,0,108,0,31,128,0,159,60,0,60,219
06/23/2003,SBP,CA,AWP,WE,Federal Contract Tower,0,34,28,0,62,0,10,90,0,100,0,44,118,0,162,216,0,216,378
06/24/2003,SBP,CA,AWP,WE,Federal Contract Tower,0,35,5,1,41,0,17,134,2,153,0,52,139,3,194,214,0,214,408
06/25/2003,SBP,CA,AWP,WE,Federal Contract Tower,0,37,10,2,49,0,11,152,3,166,0,48,162,5,215,70,0,70,285
06/26/2003,SBP,CA,AWP,WE,Federal Contract Tower,0,27,16,0,43,0,15,110,0,125,0,42,126,0,168,146,0,146,314
06/27/2003,SBP,CA,AWP,WE,Federal Contract Tower,0,31,11,1,43,0,6,169,6,181,0,37,180,7,224,200,0,200,424
06/28/2003,SBP,CA,AWP,WE,Federal Contract Tower,0,34,16,1,51,0,0,138,0,138,0,34,154,1,189,106,0,106,295
06/29/2003,SBP,CA,AWP,WE,Federal Contract Tower,0,31,19,1,51,0,0,146,1,147,0,31,165,2,198,62,0,62,260
06/30/2003,SBP,CA,AWP,WE,Federal Contract Tower,0,32,10,0,42,0,19,107,2,128,0,51,117,2,170,140,0,140,310
07/01/2003,SBP,CA,AWP,WE,Federal Contract Tower,0,33,18,3,54,0,14,107,2,123,0,47,125,5,177,148,0,148,325
07/02/2003,SBP,CA,AWP,WE,Federal Contract Tower,0,33,13,1,47,0,14,184,3,201,0,47,197,4,248,270,0,270,518
07/03/2003,SBP,CA,AWP,WE,Federal Contract Tower,0,33,14,2,49,0,5,140,2,147,0,38,154,4,196,180,0,180,376
07/04/2003,SBP,CA,AWP,WE,Federal Contract Tower,0,31,11,0,42,0,0,89,0,89,0,31,100,0,131,28,0,28,159
07/05/2003,SBP,CA,AWP,WE,Federal Contract Tower,0,31,9,0,40,0,6,144,0,150,0,37,153,0,190,90,0,90,280
07/06/2003,SBP,CA,AWP,WE,Federal Contract Tower,0,30,13,0,43,0,0,156,0,156,0,30,169,0,199,86,0,86,285
07/07/2003,SBP,CA,AWP,WE,Federal Contract Tower,0,30,12,0,42,0,8,123,2,133,0,38,135,2,175,112,0,112,287
07/08/2003,SBP,CA,AWP,WE,Federal Contract Tower,0,32,13,0,45,0,8,111,2,121,0,40,124,2,166,120,0,120,286
07/09/2003,SBP,CA,AWP,WE,Federal Contract Tower,0,31,22,0,53,0,6,112,0,118,0,37,134,0,171,200,0,200,371
07/10/2003,SBP,CA,AWP,WE,Federal Contract Tower,0,32,10,0,42,0,10,120,0,130,0,42,130,0,172,200,0,200,372
07/11/2003,SBP,CA,AWP,WE,Federal Contract Tower,0,38,8,0,46,0,2,137,0,139,0,40,145,0,185,166,0,166,351
07/12/2003,SBP,CA,AWP,WE,Federal Contract Tower,0,30,4,0,34,0,0,133,0,133,0,30,137,0,167,162,0,162,329
07/13/2003,SBP,CA,AWP,WE,Federal Contract Tower,0,32,9,0,41,0,4,142,0,146,0,36,151,0,187,52,0,52,239
07/14/2003,SBP,CA,AWP,WE,Federal Contract Tower,0,31,9,2,42,0,8,110,0,118,0,39,119,2,160,140,6,146,306
07/15/2003,SBP,CA,AWP,WE,Federal Contract Tower,0,33,2,2,37,0,11,119,5,135,0,44,121,7,172,194,18,212,384
07/16/2003,SBP,CA,AWP,WE,Federal Contract Tower,0,33,18,2,53,0,12,126,0,138,0,45,144,2,191,150,0,150,341
07/17/2003,SBP,CA,AWP,WE,Federal Contract Tower,0,36,4,0,40,0,3,128,1,132,0,39,132,1,172,154,0,154,326
07/18/2003,SBP,CA,AWP,WE,Federal Contract Tower,0,32,10,2,44,0,10,94,1,105,0,42,104,3,149,202,0,202,351
07/19/2003,SBP,CA,AWP,WE,Federal Contract Tower,0,29,20,0,49,0,0,127,1,128,0,29,147,1,177,170,0,170,347
07/20/2003,SBP,CA,AWP,WE,Federal Contract Tower,0,29,11,0,40,0,0,164,4,168,0,29,175,4,208,142,0,142,350
07/21/2003,SBP,CA,AWP,WE,Federal Contract Tower,0,31,11,2,44,0,10,109,9,128,0,41,120,11,172,230,0,230,402
07/22/2003,SBP,CA,AWP,WE,Federal Contract Tower,0,35,17,2,54,0,9,126,12,147,0,44,143,14,201,184,0,184,385
07/23/2003,SBP,CA,AWP,WE,Federal Contract Tower,0,33,12,0,45,0,16,117,10,143,0,49,129,10,188,150,0,150,338
07/24/2003,SBP,CA,AWP,WE,Federal Contract Tower,0,34,21,2,57,0,13,156,13,182,0,47,177,15,239,199,0,199,438
07/25/2003,SBP,CA,AWP,WE,Federal Contract Tower,0,37,24,0,61,0,8,118,7,133,0,45,142,7,194,114,0,114,308
07/26/2003,SBP,CA,AWP,WE,Federal Contract Tower,0,31,28,0,59,0,1,102,0,103,0,32,130,0,162,122,0,122,284
07/27/2003,SBP,CA,AWP,WE,Federal Contract Tower,0,30,11,0,41,0,0,167,1,168,0,30,178,1,209,78,0,78,287
07/28/2003,SBP,CA,AWP,WE,Federal Contract Tower,0,35,15,0,50,0,6,110,2,118,0,41,125,2,168,124,0,124,292
07/29/2003,SBP,CA,AWP,WE,Federal Contract Tower,0,34,16,1,51,0,13,130,0,143,0,47,146,1,194,172,0,172,366
07/30/2003,SBP,CA,AWP,WE,Federal Contract Tower,0,32,11,0,43,0,10,97,0,107,0,42,108,0,150,159,0,159,309
07/31/2003,SBP,CA,AWP,WE,Federal Contract Tower,0,31,23,0,54,0,11,122,0,133,0,42,145,0,187,278,0,278,465
08/01/2003,SBP,CA,AWP,WE,Federal Contract Tower,0,37,19,0,56,0,5,112,2,119,0,42,131,2,175,174,0,174,349
08/02/2003,SBP,CA,AWP,WE,Federal Contract Tower,0,31,23,0,54,0,0,102,0,102,0,31,125,0,156,118,0,118,274
08/03/2003,SBP,CA,AWP,WE,Federal Contract Tower,0,29,16,0,45,0,0,150,6,156,0,29,166,6,201,84,0,84,285
08/04/2003,SBP,CA,AWP,WE,Federal Contract Tower,0,32,17,0,49,0,9,144,16,169,0,41,161,16,218,96,0,96,314
08/05/2003,SBP,CA,AWP,WE,Federal Contract Tower,0,31,15,0,46,0,14,90,2,106,0,45,105,2,152,118,0,118,270
08/06/2003,SBP,CA,AWP,WE,Federal Contract Tower,0,37,16,0,53,0,9,113,1,123,0,46,129,1,176,66,0,66,242
08/07/2003,SBP,CA,AWP,WE,Federal Contract Tower,0,31,14,1,46,0,17,147,3,167,0,48,161,4,213,90,0,90,303
08/08/2003,SBP,CA,AWP,WE,Federal Contract Tower,0,31,7,2,40,0,5,141,6,152,0,36,148,8,192,196,0,196,388
08/09/2003,SBP,CA,AWP,WE,Federal Contract Tower,0,32,8,0,40,0,2,176,1,179,0,34,184,1,219,104,0,104,323
08/10/2003,SBP,CA,AWP,WE,Federal Contract Tower,0,32,12,0,44,0,1,167,1,169,0,33,179,1,213,76,0,76,289
08/11/2003,SBP,CA,AWP,WE,Federal Contract Tower,0,29,9,0,38,0,12,120,4,136,0,41,129,4,174,78,0,78,252
08/12/2003,SBP,CA,AWP,WE,Federal Contract Tower,0,31,6,0,37,0,18,146,0,164,0,49,152,0,201,200,0,200,401
08/13/2003,SBP,CA,AWP,WE,Federal Contract Tower,0,35,24,0,59,0,9,137,0,146,0,44,161,0,205,126,0,126,331
08/14/2003,SBP,CA,AWP,WE,Federal Contract Tower,0,34,18,4,56,0,11,140,0,151,0,45,158,4,207,166,0,166,373
08/15/2003,SBP,CA,AWP,WE,Federal Contract Tower,0,34,17,0,51,0,13,148,0,161,0,47,165,0,212,178,0,178,390
08/16/2003,SBP,CA,AWP,WE,Federal Contract Tower,0,33,8,0,41,0,6,159,0,165,0,39,167,0,206,152,0,152,358
08/17/2003,SBP,CA,AWP,WE,Federal Contract Tower,0,31,17,0,48,0,0,180,0,180,0,31,197,0,228,82,0,82,310
08/18/2003,SBP,CA,AWP,WE,Federal Contract Tower,0,33,16,0,49,0,12,109,4,125,0,45,125,4,174,186,0,186,360
08/19/2003,SBP,CA,AWP,WE,Federal Contract Tower,0,37,22,0,59,0,2,85,0,87,0,39,107,0,146,167,0,167,313
08/20/2003,SBP,CA,AWP,WE,Federal Contract Tower,0,37,16,0,53,0,10,105,8,123,0,47,121,8,176,134,0,134,310
08/21/2003,SBP,CA,AWP,WE,Federal Contract Tower,0,36,38,0,74,0,10,93,2,105,0,46,131,2,179,126,0,126,305
08/22/2003,SBP,CA,AWP,WE,Federal Contract Tower,0,33,15,2,50,0,10,141,2,153,0,43,156,4,203,228,0,228,431
08/23/2003,SBP,CA,AWP,WE,Federal Contract Tower,0,28,14,4,46,0,2,170,3,175,0,30,184,7,221,152,0,152,373
08/24/2003,SBP,CA,AWP,WE,Federal Contract Tower,0,27,13,0,40,0,0,212,0,212,0,27,225,0,252,144,0,144,396
08/25/2003,SBP,CA,AWP,WE,Federal Contract Tower,0,33,14,0,47,0,9,128,2,139,0,42,142,2,186,132,0,132,318
08/26/2003,SBP,CA,AWP,WE,Federal Contract Tower,0,35,18,0,53,0,8,100,0,108,0,43,118,0,161,144,0,144,305
08/27/2003,SBP,CA,AWP,WE,Federal Contract Tower,0,37,17,0,54,0,8,127,0,135,0,45,144,0,189,166,0,166,355
08/28/2003,SBP,CA,AWP,WE,Federal Contract Tower,0,35,30,1,66,0,10,137,1,148,0,45,167,2,214,132,0,132,346
08/29/2003,SBP,CA,AWP,WE,Federal Contract Tower,0,35,25,0,60,0,3,115,0,118,0,38,140,0,178,98,0,98,276
08/30/2003,SBP,CA,AWP,WE,Federal Contract Tower,0,29,8,0,37,0,0,150,0,150,0,29,158,0,187,114,0,114,301
08/31/2003,SBP,CA,AWP,WE,Federal Contract Tower,0,28,19,0,47,0,2,161,0,163,0,30,180,0,210,98,0,98,308
09/01/2003,SBP,CA,AWP,WE,Federal Contract Tower,0,31,14,0,45,0,1,197,0,198,0,32,211,0,243,78,0,78,321
09/02/2003,SBP,CA,AWP,WE,Federal Contract Tower,0,34,22,0,56,0,9,86,0,95,0,43,108,0,151,114,0,114,265
09/03/2003,SBP,CA,AWP,WE,Federal Contract Tower,0,35,21,0,56,0,14,72,0,86,0,49,93,0,142,152,0,152,294
09/04/2003,SBP,CA,AWP,WE,Federal Contract Tower,0,33,20,0,53,0,14,109,4,127,0,47,129,4,180,134,0,134,314
09/05/2003,SBP,CA,AWP,WE,Federal Contract Tower,0,35,19,1,55,0,3,141,4,148,0,38,160,5,203,96,0,96,299
09/06/2003,SBP,CA,AWP,WE,Federal Contract Tower,0,29,7,0,36,0,2,145,6,153,0,31,152,6,189,128,0,128,317
09/07/2003,SBP,CA,AWP,WE,Federal Contract Tower,0,28,11,2,41,0,1,175,0,176,0,29,186,2,217,62,0,62,279
09/08/2003,SBP,CA,AWP,WE,Federal Contract Tower,0,29,13,0,42,0,13,112,0,125,0,42,125,0,167,124,0,124,291
09/09/2003,SBP,CA,AWP,WE,Federal Contract Tower,0,33,10,1,44,0,9,111,1,121,0,42,121,2,165,82,0,82,247
09/10/2003,SBP,CA,AWP,WE,Federal Contract Tower,0,38,7,2,47,0,11,114,0,125,0,49,121,2,172,90,0,90,262
09/11/2003,SBP,CA,AWP,WE,Federal Contract Tower,0,34,6,5,45,0,13,112,5,130,0,47,118,10,175,120,0,120,295
09/12/2003,SBP,CA,AWP,WE,Federal Contract Tower,0,32,23,0,55,0,4,148,6,158,0,36,171,6,213,158,0,158,371
09/13/2003,SBP,CA,AWP,WE,Federal Contract Tower,0,31,9,5,45,0,2,166,5,173,0,33,175,10,218,152,0,152,370
09/14/2003,SBP,CA,AWP,WE,Federal Contract Tower,0,27,18,0,45,0,0,116,0,116,0,27,134,0,161,140,0,140,301
09/15/2003,SBP,CA,AWP,WE,Federal Contract Tower,0,34,21,0,55,0,8,112,0,120,0,42,133,0,175,168,0,168,343
09/16/2003,SBP,CA,AWP,WE,Federal Contract Tower,0,36,14,0,50,0,5,92,7,104,0,41,106,7,154,100,0,100,254
09/17/2003,SBP,CA,AWP,WE,Federal Contract Tower,0,32,9,1,42,0,11,112,1,124,0,43,121,2,166,184,0,184,350
09/18/2003,SBP,CA,AWP,WE,Federal Contract Tower,0,33,24,1,58,0,11,124,1,136,0,44,148,2,194,106,0,106,300
09/19/2003,SBP,CA,AWP,WE,Federal Contract Tower,0,34,9,0,43,0,8,126,0,134,0,42,135,0,177,152,0,152,329
09/20/2003,SBP,CA,AWP,WE,Federal Contract Tower,0,31,23,2,56,0,0,104,3,107,0,31,127,5,163,92,4,96,259
09/21/2003,SBP,CA,AWP,WE,Federal Contract Tower,0,26,11,0,37,0,0,179,0,179,0,26,190,0,216,106,0,106,322
09/22/2003,SBP,CA,AWP,WE,Federal Contract Tower,0,36,19,2,57,0,9,104,0,113,0,45,123,2,170,66,0,66,236
09/23/2003,SBP,CA,AWP,WE,Federal Contract Tower,0,41,18,1,60,0,9,111,1,121,0,50,129,2,181,94,0,94,275
09/24/2003,SBP,CA,AWP,WE,Federal Contract Tower,0,38,25,6,69,0,6,71,0,77,0,44,96,6,146,124,0,124,270
09/25/2003,SBP,CA,AWP,WE,Federal Contract Tower,0,34,22,0,56,0,8,112,0,120,0,42,134,0,176,50,0,50,226
09/26/2003,SBP,CA,AWP,WE,Federal Contract Tower,0,35,16,1,52,0,4,123,1,128,0,39,139,2,180,120,0,120,300
09/27/2003,SBP,CA,AWP,WE,Federal Contract Tower,0,37,21,0,58,0,0,84,0,84,0,37,105,0,142,112,0,112,254
09/28/2003,SBP,CA,AWP,WE,Federal Contract Tower,0,29,24,0,53,0,0,121,4,125,0,29,145,4,178,84,0,84,262
09/29/2003,SBP,CA,AWP,WE,Federal Contract Tower,0,30,23,0,53,0,6,108,0,114,0,36,131,0,167,132,0,132,299
09/30/2003,SBP,CA,AWP,WE,Federal Contract Tower,0,42,18,2,62,0,9,78,0,87,0,51,96,2,149,110,8,118,267
10/01/2003,SBP,CA,AWP,WE,Federal Contract Tower,0,40,18,0,58,0,8,113,0,121,0,48,131,0,179,134,0,134,313
10/02/2003,SBP,CA,AWP,WE,Federal Contract Tower,0,42,18,0,60,0,6,121,0,127,0,48,139,0,187,102,0,102,289
10/03/2003,SBP,CA,AWP,WE,Federal Contract Tower,0,40,19,2,61,0,0,120,4,124,0,40,139,6,185,60,0,60,245
10/04/2003,SBP,CA,AWP,WE,Federal Contract Tower,0,32,14,0,46,0,2,105,0,107,0,34,119,0,153,112,0,112,265
10/05/2003,SBP,CA,AWP,WE,Federal Contract Tower,0,32,14,1,47,0,0,112,1,113,0,32,126,2,160,70,0,70,230
10/06/2003,SBP,CA,AWP,WE,Federal Contract Tower,0,35,16,0,51,0,7,89,0,96,0,42,105,0,147,98,0,98,245
10/07/2003,SBP,CA,AWP,WE,Federal Contract Tower,0,36,17,1,54,0,15,87,1,103,0,51,104,2,157,80,0,80,237
10/08/2003,SBP,CA,AWP,WE,Federal Contract Tower,0,47,20,0,67,0,0,126,0,126,0,47,146,0,193,110,0,110,303
10/09/2003,SBP,CA,AWP,WE,Federal Contract Tower,0,36,17,1,54,0,14,104,3,121,0,50,121,4,175,50,0,50,225
10/10/2003,SBP,CA,AWP,WE,Federal Contract Tower,0,40,18,1,59,0,1,122,3,126,0,41,140,4,185,106,0,106,291
10/11/2003,SBP,CA,AWP,WE,Federal Contract Tower,0,31,17,1,49,0,0,174,1,175,0,31,191,2,224,124,2,126,350
10/12/2003,SBP,CA,AWP,WE,Federal Contract Tower,0,30,14,1,45,0,3,202,0,205,0,33,216,1,250,58,0,58,308
10/13/2003,SBP,CA,AWP,WE,Federal Contract Tower,0,29,13,1,43,0,8,99,1,108,0,37,112,2,151,112,0,112,263
10/14/2003,SBP,CA,AWP,WE,Federal Contract Tower,0,27,13,0,40,0,22,111,0,133,0,49,124,0,173,116,0,116,289
10/15/2003,SBP,CA,AWP,WE,Federal Contract Tower,0,43,18,1,62,0,6,99,0,105,0,49,117,1,167,88,6,94,261
10/16/2003,SBP,CA,AWP,WE,Federal Contract Tower,0,36,16,1,53,0,26,143,1,170,0,62,159,2,223,158,0,158,381
10/17/2003,SBP,CA,AWP,WE,Federal Contract Tower,0,36,17,1,54,0,8,129,3,140,0,44,146,4,194,76,0,76,270
10/18/2003,SBP,CA,AWP,WE,Federal Contract Tower,0,31,12,1,44,0,3,131,3,137,0,34,143,4,181,128,0,128,309
10/19/2003,SBP,CA,AWP,WE,Federal Contract Tower,0,31,13,0,44,0,0,165,0,165,0,31,178,0,209,112,0,112,321
10/20/2003,SBP,CA,AWP,WE,Federal Contract Tower,0,32,13,1,46,0,10,117,1,128,0,42,130,2,174,122,0,122,296
10/21/2003,SBP,CA,AWP,WE,Federal Contract Tower,0,30,12,1,43,0,13,124,0,137,0,43,136,1,180,130,0,130,310
10/22/2003,SBP,CA,AWP,WE,Federal Contract Tower,0,33,15,0,48,0,10,130,12,152,0,43,145,12,200,110,0,110,310
10/23/2003,SBP,CA,AWP,WE,Federal Contract Tower,0,35,15,0,50,0,9,128,6,143,0,44,143,6,193,80,0,80,273
10/24/2003,SBP,CA,AWP,WE,Federal Contract Tower,0,27,12,0,39,0,16,147,2,165,0,43,159,2,204,102,0,102,306
10/25/2003,SBP,CA,AWP,WE,Federal Contract Tower,0,26,12,0,38,0,3,179,0,182,0,29,191,0,220,124,0,124,344
10/26/2003,SBP,CA,AWP,WE,Federal Contract Tower,0,18,7,0,25,0,3,155,0,158,0,21,162,0,183,116,0,116,299
10/27/2003,SBP,CA,AWP,WE,Federal Contract Tower,0,28,12,0,40,0,11,134,2,147,0,39,146,2,187,114,0,114,301
10/28/2003,SBP,CA,AWP,WE,Federal Contract Tower,0,30,13,0,43,0,14,89,0,103,0,44,102,0,146,194,0,194,340
10/29/2003,SBP,CA,AWP,WE,Federal Contract Tower,0,45,26,0,71,0,0,37,0,37,0,45,63,0,108,154,12,166,274
10/30/2003,SBP,CA,AWP,WE,Federal Contract Tower,0,33,15,0,48,0,12,71,4,87,0,45,86,4,135,116,0,116,251
10/31/2003,SBP,CA,AWP,WE,Federal Contract Tower,0,38,18,0,56,0,0,21,0,21,0,38,39,0,77,34,0,34,111
11/01/2003,SBP,CA,AWP,WE,Federal Contract Tower,0,27,14,0,41,0,4,159,0,163,0,31,173,0,204,80,0,80,284
11/02/2003,SBP,CA,AWP,WE,Federal Contract Tower,0,26,13,0,39,0,1,156,0,157,0,27,169,0,196,84,0,84,280
11/03/2003,SBP,CA,AWP,WE,Federal Contract Tower,0,43,23,1,67,0,0,66,3,69,0,43,89,4,136,202,0,202,338
11/04/2003,SBP,CA,AWP,WE,Federal Contract Tower,0,33,17,1,51,0,18,95,1,114,0,51,112,2,165,116,0,116,281
11/05/2003,SBP,CA,AWP,WE,Federal Contract Tower,0,33,17,1,51,0,11,134,3,148,0,44,151,4,199,186,0,186,385
11/06/2003,SBP,CA,AWP,WE,Federal Contract Tower,0,35,17,0,52,0,10,135,0,145,0,45,152,0,197,128,0,128,325
11/07/2003,SBP,CA,AWP,WE,Federal Contract Tower,0,39,19,1,59,0,1,109,3,113,0,40,128,4,172,106,0,106,278
11/08/2003,SBP,CA,AWP,WE,Federal Contract Tower,0,32,16,0,48,0,2,14,0,16,0,34,30,0,64,38,0,38,102
11/09/2003,SBP,CA,AWP,WE,Federal Contract Tower,0,28,14,0,42,0,2,47,0,49,0,30,61,0,91,78,0,78,169
11/10/2003,SBP,CA,AWP,WE,Federal Contract Tower,0,32,16,0,48,0,12,91,0,103,0,44,107,0,151,162,0,162,313
11/11/2003,SBP,CA,AWP,WE,Federal Contract Tower,0,35,18,0,53,0,8,137,0,145,0,43,155,0,198,98,0,98,296
11/12/2003,SBP,CA,AWP,WE,Federal Contract Tower,0,36,18,1,55,0,6,87,3,96,0,42,105,4,151,150,0,150,301
11/13/2003,SBP,CA,AWP,WE,Federal Contract Tower,0,43,21,0,64,0,5,121,0,126,0,48,142,0,190,122,0,122,312
11/14/2003,SBP,CA,AWP,WE,Federal Contract Tower,0,46,24,1,71,0,0,130,9,139,0,46,154,10,210,136,18,154,364
11/15/2003,SBP,CA,AWP,WE,Federal Contract Tower,0,31,19,0,50,0,0,52,0,52,0,31,71,0,102,94,0,94,196
11/16/2003,SBP,CA,AWP,WE,Federal Contract Tower,0,30,14,0,44,0,4,271,0,275,0,34,285,0,319,74,0,74,393
11/17/2003,SBP,CA,AWP,WE,Federal Contract Tower,0,36,18,0,54,0,6,97,0,103,0,42,115,0,157,160,0,160,317
11/18/2003,SBP,CA,AWP,WE,Federal Contract Tower,0,34,16,0,50,0,12,161,3,176,0,46,177,3,226,158,0,158,384
11/19/2003,SBP,CA,AWP,WE,Federal Contract Tower,0,32,15,0,47,0,14,153,8,175,0,46,168,8,222,252,0,252,474
11/20/2003,SBP,CA,AWP,WE,Federal Contract Tower,0,44,21,0,65,0,5,95,0,100,0,49,116,0,165,144,0,144,309
11/21/2003,SBP,CA,AWP,WE,Federal Contract Tower,0,34,16,0,50,0,11,126,2,139,0,45,142,2,189,200,0,200,389
11/22/2003,SBP,CA,AWP,WE,Federal Contract Tower,0,25,12,0,37,0,10,116,0,126,0,35,128,0,163,86,0,86,249
11/23/2003,SBP,CA,AWP,WE,Federal Contract Tower,0,28,13,0,41,0,0,175,0,175,0,28,188,0,216,142,0,142,358
11/24/2003,SBP,CA,AWP,WE,Federal Contract Tower,0,40,20,0,60,0,6,95,4,105,0,46,115,4,165,164,0,164,329
11/25/2003,SBP,CA,AWP,WE,Federal Contract Tower,0,32,16,0,48,0,14,130,2,146,0,46,146,2,194,114,0,114,308
11/26/2003,SBP,CA,AWP,WE,Federal Contract Tower,0,41,20,0,61,0,15,166,2,183,0,56,186,2,244,120,0,120,364
11/27/2003,SBP,CA,AWP,WE,Federal Contract Tower,0,24,11,0,35,0,5,57,0,62,0,29,68,0,97,20,0,20,117
11/28/2003,SBP,CA,AWP,WE,Federal Contract Tower,0,28,14,0,42,0,9,138,0,147,0,37,152,0,189,132,0,132,321
11/29/2003,SBP,CA,AWP,WE,Federal Contract Tower,0,34,16,0,50,0,0,150,0,150,0,34,166,0,200,146,0,146,346
11/30/2003,SBP,CA,AWP,WE,Federal Contract Tower,0,27,18,0,45,0,0,102,0,102,0,27,120,0,147,80,0,80,227
12/01/2003,SBP,CA,AWP,WE,Federal Contract Tower,0,41,20,0,61,0,0,88,0,88,0,41,108,0,149,90,0,90,239
12/02/2003,SBP,CA,AWP,WE,Federal Contract Tower,0,33,16,0,49,0,10,92,0,102,0,43,108,0,151,116,0,116,267
12/03/2003,SBP,CA,AWP,WE,Federal Contract Tower,0,34,16,1,51,0,5,88,7,100,0,39,104,8,151,98,0,98,249
12/04/2003,SBP,CA,AWP,WE,Federal Contract Tower,0,39,18,1,58,0,12,127,1,140,0,51,145,2,198,96,0,96,294
12/05/2003,SBP,CA,AWP,WE,Federal Contract Tower,0,40,19,1,60,0,0,93,1,94,0,40,112,2,154,152,0,152,306
12/06/2003,SBP,CA,AWP,WE,Federal Contract Tower,0,34,25,0,59,0,0,20,0,20,0,34,45,0,79,0,0,0,79
12/07/2003,SBP,CA,AWP,WE,Federal Contract Tower,0,34,18,0,52,0,0,34,0,34,0,34,52,0,86,26,0,26,112
12/08/2003,SBP,CA,AWP,WE,Federal Contract Tower,0,39,19,1,59,0,7,121,4,132,0,46,140,5,191,132,0,132,323
12/09/2003,SBP,CA,AWP,WE,Federal Contract Tower,0,40,19,1,60,0,5,77,0,82,0,45,96,1,142,106,0,106,248
12/10/2003,SBP,CA,AWP,WE,Federal Contract Tower,0,46,22,1,69,0,3,23,5,31,0,49,45,6,100,18,0,18,118
12/11/2003,SBP,CA,AWP,WE,Federal Contract Tower,0,35,17,0,52,0,17,55,0,72,0,52,72,0,124,114,0,114,238
12/12/2003,SBP,CA,AWP,WE,Federal Contract Tower,0,34,17,0,51,0,15,105,0,120,0,49,122,0,171,118,0,118,289
12/13/2003,SBP,CA,AWP,WE,Federal Contract Tower,0,27,13,0,40,0,4,143,0,147,0,31,156,0,187,106,0,106,293
12/14/2003,SBP,CA,AWP,WE,Federal Contract Tower,0,29,14,0,43,0,2,33,0,35,0,31,47,0,78,74,0,74,152
12/15/2003,SBP,CA,AWP,WE,Federal Contract Tower,0,34,16,0,50,0,14,116,0,130,0,48,132,0,180,172,0,172,352
12/16/2003,SBP,CA,AWP,WE,Federal Contract Tower,0,39,17,1,57,0,6,117,5,128,0,45,134,6,185,252,0,252,437
12/17/2003,SBP,CA,AWP,WE,Federal Contract Tower,0,42,18,1,61,0,5,243,1,249,0,47,261,2,310,154,0,154,464
12/18/2003,SBP,CA,AWP,WE,Federal Contract Tower,0,31,14,1,46,0,16,124,0,140,0,47,138,1,186,132,0,132,318
12/19/2003,SBP,CA,AWP,WE,Federal Contract Tower,0,40,17,1,58,0,3,116,3,122,0,43,133,4,180,94,0,94,274
12/20/2003,SBP,CA,AWP,WE,Federal Contract Tower,0,29,13,0,42,0,2,71,0,73,0,31,84,0,115,116,0,116,231
12/21/2003,SBP,CA,AWP,WE,Federal Contract Tower,0,29,14,0,43,0,3,156,0,159,0,32,170,0,202,199,0,199,401
12/22/2003,SBP,CA,AWP,WE,Federal Contract Tower,0,35,17,0,52,0,8,102,6,116,0,43,119,6,168,114,0,114,282
12/23/2003,SBP,CA,AWP,WE,Federal Contract Tower,0,43,21,0,64,0,0,11,0,11,0,43,32,0,75,62,0,62,137
12/24/2003,SBP,CA,AWP,WE,Federal Contract Tower,0,38,17,0,55,0,5,0,0,5,0,43,17,0,60,0,0,0,60
12/25/2003,SBP,CA,AWP,WE,Federal Contract Tower,0,21,8,0,29,0,6,0,0,6,0,27,8,0,35,10,0,10,45
12/26/2003,SBP,CA,AWP,WE,Federal Contract Tower,0,29,14,0,43,0,8,103,0,111,0,37,117,0,154,156,0,156,310
12/27/2003,SBP,CA,AWP,WE,Federal Contract Tower,0,28,14,0,42,0,0,203,0,203,0,28,217,0,245,148,0,148,393
12/28/2003,SBP,CA,AWP,WE,Federal Contract Tower,0,28,13,0,41,0,2,156,0,158,0,30,169,0,199,142,0,142,341
12/29/2003,SBP,CA,AWP,WE,Federal Contract Tower,0,33,16,0,49,0,9,26,3,38,0,42,42,3,87,26,0,26,113
12/30/2003,SBP,CA,AWP,WE,Federal Contract Tower,0,35,17,0,52,0,9,73,3,85,0,44,90,3,137,112,0,112,249
12/31/2003,SBP,CA,AWP,WE,Federal Contract Tower,0,39,18,0,57,0,7,137,0,144,0,46,155,0,201,84,0,84,285
01/01/2004,SBP,CA,AWP,WE,Federal Contract Tower,0,23,10,0,33,0,4,24,0,28,0,27,34,0,61,34,0,34,95
01/02/2004,SBP,CA,AWP,WE,Federal Contract Tower,0,43,20,1,64,0,1,47,0,48,0,44,67,1,112,88,0,88,200
01/03/2004,SBP,CA,AWP,WE,Federal Contract Tower,0,24,11,0,35,0,6,116,0,122,0,30,127,0,157,66,0,66,223
01/04/2004,SBP,CA,AWP,WE,Federal Contract Tower,0,25,12,0,37,0,8,138,0,146,0,33,150,0,183,38,0,38,221
01/05/2004,SBP,CA,AWP,WE,Federal Contract Tower,0,31,15,0,46,0,9,100,0,109,0,40,115,0,155,88,0,88,243
01/06/2004,SBP,CA,AWP,WE,Federal Contract Tower,0,34,16,1,51,0,8,99,3,110,0,42,115,4,161,160,0,160,321
01/07/2004,SBP,CA,AWP,WE,Federal Contract Tower,0,39,18,0,57,0,1,108,0,109,0,40,126,0,166,120,0,120,286
01/08/2004,SBP,CA,AWP,WE,Federal Contract Tower,0,37,18,0,55,0,7,99,0,106,0,44,117,0,161,120,0,120,281
01/09/2004,SBP,CA,AWP,WE,Federal Contract Tower,0,37,18,1,56,0,14,111,4,129,0,51,129,5,185,162,0,162,347
01/10/2004,SBP,CA,AWP,WE,Federal Contract Tower,0,24,11,0,35,0,7,191,0,198,0,31,202,0,233,152,0,152,385
01/11/2004,SBP,CA,AWP,WE,Federal Contract Tower,0,31,15,1,47,0,0,145,6,151,0,31,160,7,198,92,0,92,290
01/12/2004,SBP,CA,AWP,WE,Federal Contract Tower,0,35,17,0,52,0,6,88,0,94,0,41,105,0,146,116,0,116,262
01/13/2004,SBP,CA,AWP,WE,Federal Contract Tower,0,34,16,0,50,0,12,94,0,106,0,46,110,0,156,142,0,142,298
01/14/2004,SBP,CA,AWP,WE,Federal Contract Tower,0,35,17,1,53,0,12,87,2,101,0,47,104,3,154,58,0,58,212
01/15/2004,SBP,CA,AWP,WE,Federal Contract Tower,0,40,17,0,57,0,3,114,0,117,0,43,131,0,174,114,0,114,288
01/16/2004,SBP,CA,AWP,WE,Federal Contract Tower,0,34,15,0,49,0,0,166,0,166,0,34,181,0,215,114,0,114,329
01/17/2004,SBP,CA,AWP,WE,Federal Contract Tower,0,34,15,0,49,0,3,241,0,244,0,37,256,0,293,134,0,134,427
01/18/2004,SBP,CA,AWP,WE,Federal Contract Tower,0,29,12,0,41,0,3,185,0,188,0,32,197,0,229,102,0,102,331
01/19/2004,SBP,CA,AWP,WE,Federal Contract Tower,0,30,12,0,42,0,6,117,0,123,0,36,129,0,165,84,0,84,249
01/20/2004,SBP,CA,AWP,WE,Federal Contract Tower,0,39,17,0,56,0,15,108,0,123,0,54,125,0,179,140,0,140,319
01/21/2004,SBP,CA,AWP,WE,Federal Contract Tower,0,40,17,1,58,0,4,125,2,131,0,44,142,3,189,100,0,100,289
01/22/2004,SBP,CA,AWP,WE,Federal Contract Tower,0,31,13,1,45,0,15,103,1,119,0,46,116,2,164,114,0,114,278
01/23/2004,SBP,CA,AWP,WE,Federal Contract Tower,0,38,17,1,56,0,2,166,0,168,0,40,183,1,224,168,0,168,392
01/24/2004,SBP,CA,AWP,WE,Federal Contract Tower,0,29,20,0,49,0,0,16,0,16,0,29,36,0,65,18,0,18,83
01/25/2004,SBP,CA,AWP,WE,Federal Contract Tower,0,32,15,0,47,0,4,161,1,166,0,36,176,1,213,86,0,86,299
01/26/2004,SBP,CA,AWP,WE,Federal Contract Tower,0,31,14,0,45,0,9,90,0,99,0,40,104,0,144,122,0,122,266
01/27/2004,SBP,CA,AWP,WE,Federal Contract Tower,0,45,25,1,71,0,0,54,3,57,0,45,79,4,128,160,0,160,288
01/28/2004,SBP,CA,AWP,WE,Federal Contract Tower,0,35,16,0,51,0,4,85,1,90,0,39,101,1,141,170,0,170,311
01/29/2004,SBP,CA,AWP,WE,Federal Contract Tower,0,43,19,0,62,0,4,119,4,127,0,47,138,4,189,186,0,186,375
01/30/2004,SBP,CA,AWP,WE,Federal Contract Tower,0,48,21,1,70,0,2,127,4,133,0,50,148,5,203,168,0,168,371
01/31/2004,SBP,CA,AWP,WE,Federal Contract Tower,0,32,15,0,47,0,2,155,3,160,0,34,170,3,207,89,0,89,296
02/01/2004,SBP,CA,AWP,WE,Federal Contract Tower,0,31,16,1,48,0,0,142,0,142,0,31,158,1,190,98,0,98,288
02/02/2004,SBP,CA,AWP,WE,Federal Contract Tower,0,42,20,0,62,0,0,11,0,11,0,42,31,0,73,0,0,0,73
02/03/2004,SBP,CA,AWP,WE,Federal Contract Tower,0,44,19,0,63,0,2,37,0,39,0,46,56,0,102,42,0,42,144
02/04/2004,SBP,CA,AWP,WE,Federal Contract Tower,0,40,18,1,59,0,8,75,7,90,0,48,93,8,149,174,0,174,323
02/05/2004,SBP,CA,AWP,WE,Federal Contract Tower,0,36,16,0,52,0,11,131,0,142,0,47,147,0,194,144,0,144,338
02/06/2004,SBP,CA,AWP,WE,Federal Contract Tower,0,35,15,1,51,0,8,162,9,179,0,43,177,10,230,250,0,250,480
02/07/2004,SBP,CA,AWP,WE,Federal Contract Tower,0,34,15,0,49,0,6,136,0,142,0,40,151,0,191,70,0,70,261
02/08/2004,SBP,CA,AWP,WE,Federal Contract Tower,0,29,12,1,42,0,3,218,2,223,0,32,230,3,265,142,0,142,407
02/09/2004,SBP,CA,AWP,WE,Federal Contract Tower,0,27,12,1,40,0,20,142,3,165,0,47,154,4,205,196,0,196,401
02/10/2004,SBP,CA,AWP,WE,Federal Contract Tower,0,31,14,1,46,0,16,111,0,127,0,47,125,1,173,138,0,138,311
02/11/2004,SBP,CA,AWP,WE,Federal Contract Tower,0,37,15,1,53,0,12,151,1,164,0,49,166,2,217,168,0,168,385
02/12/2004,SBP,CA,AWP,WE,Federal Contract Tower,0,37,15,1,53,0,17,149,5,171,0,54,164,6,224,183,0,183,407
02/13/2004,SBP,CA,AWP,WE,Federal Contract Tower,0,44,19,1,64,0,0,127,3,130,0,44,146,4,194,144,0,144,338
02/14/2004,SBP,CA,AWP,WE,Federal Contract Tower,0,30,12,0,42,0,7,141,0,148,0,37,153,0,190,89,0,89,279
02/15/2004,SBP,CA,AWP,WE,Federal Contract Tower,0,33,15,1,49,0,0,116,2,118,0,33,131,3,167,122,0,122,289
02/16/2004,SBP,CA,AWP,WE,Federal Contract Tower,0,38,17,0,55,0,0,85,0,85,0,38,102,0,140,192,0,192,332
02/17/2004,SBP,CA,AWP,WE,Federal Contract Tower,0,36,15,1,52,0,15,78,3,96,0,51,93,4,148,150,0,150,298
02/18/2004,SBP,CA,AWP,WE,Federal Contract Tower,0,40,16,0,56,0,7,0,0,7,0,47,16,0,63,0,0,0,63
02/19/2004,SBP,CA,AWP,WE,Federal Contract Tower,0,40,16,0,56,0,5,123,0,128,0,45,139,0,184,212,0,212,396
02/20/2004,SBP,CA,AWP,WE,Federal Contract Tower,0,44,19,1,64,0,0,23,1,24,0,44,42,2,88,84,0,84,172
02/21/2004,SBP,CA,AWP,WE,Federal Contract Tower,0,36,16,0,52,0,18,42,0,60,0,54,58,0,112,74,0,74,186
02/22/2004,SBP,CA,AWP,WE,Federal Contract Tower,0,30,13,0,43,0,2,5,2,9,0,32,18,2,52,6,0,6,58
02/23/2004,SBP,CA,AWP,WE,Federal Contract Tower,0,48,21,0,69,0,2,108,0,110,0,50,129,0,179,96,0,96,275
02/24/2004,SBP,CA,AWP,WE,Federal Contract Tower,0,48,22,0,70,0,0,60,2,62,0,48,82,2,132,162,0,162,294
02/25/2004,SBP,CA,AWP,WE,Federal Contract Tower,0,39,8,0,47,0,8,0,0,8,0,47,8,0,55,6,0,6,61
02/26/2004,SBP,CA,AWP,WE,Federal Contract Tower,0,47,20,0,67,0,3,58,2,63,0,50,78,2,130,156,0,156,286
02/27/2004,SBP,CA,AWP,WE,Federal Contract Tower,0,36,16,0,52,0,1,102,4,107,0,37,118,4,159,208,0,208,367
02/28/2004,SBP,CA,AWP,WE,Federal Contract Tower,0,32,14,0,46,0,6,212,0,218,0,38,226,0,264,170,0,170,434
02/29/2004,SBP,CA,AWP,WE,Federal Contract Tower,0,34,15,0,49,0,0,152,0,152,0,34,167,0,201,104,0,104,305
03/01/2004,SBP,CA,AWP,WE,Federal Contract Tower,0,42,23,0,65,0,1,8,0,9,0,43,31,0,74,36,0,36,110
03/02/2004,SBP,CA,AWP,WE,Federal Contract Tower,0,33,18,1,52,0,13,72,7,92,0,46,90,8,144,158,0,158,302
03/03/2004,SBP,CA,AWP,WE,Federal Contract Tower,0,33,19,0,52,0,11,104,0,115,0,44,123,0,167,194,0,194,361
03/04/2004,SBP,CA,AWP,WE,Federal Contract Tower,0,39,22,1,62,0,10,182,5,197,0,49,204,6,259,100,0,100,359
03/05/2004,SBP,CA,AWP,WE,Federal Contract Tower,0,38,22,1,61,0,14,186,7,207,0,52,208,8,268,184,0,184,452
03/06/2004,SBP,CA,AWP,WE,Federal Contract Tower,0,31,18,0,49,0,5,170,0,175,0,36,188,0,224,132,0,132,356
03/07/2004,SBP,CA,AWP,WE,Federal Contract Tower,0,28,16,0,44,0,3,173,0,176,0,31,189,0,220,74,0,74,294
03/08/2004,SBP,CA,AWP,WE,Federal Contract Tower,0,29,16,1,46,0,14,145,1,160,0,43,161,2,206,168,0,168,374
03/09/2004,SBP,CA,AWP,WE,Federal Contract Tower,0,29,16,1,46,0,16,153,0,169,0,45,169,1,215,112,0,112,327
03/10/2004,SBP,CA,AWP,WE,Federal Contract Tower,0,33,18,1,52,0,15,139,1,155,0,48,157,2,207,164,0,164,371
03/11/2004,SBP,CA,AWP,WE,Federal Contract Tower,0,36,21,0,57,0,19,169,0,188,0,55,190,0,245,184,0,184,429
03/12/2004,SBP,CA,AWP,WE,Federal Contract Tower,0,51,33,0,84,0,0,75,0,75,0,51,108,0,159,46,0,46,205
03/13/2004,SBP,CA,AWP,WE,Federal Contract Tower,0,34,21,1,56,0,0,94,1,95,0,34,115,2,151,88,0,88,239
03/14/2004,SBP,CA,AWP,WE,Federal Contract Tower,0,33,22,1,56,0,0,180,1,181,0,33,202,2,237,64,0,64,301
03/15/2004,SBP,CA,AWP,WE,Federal Contract Tower,0,38,21,1,60,0,4,122,2,128,0,42,143,3,188,110,0,110,298
03/16/2004,SBP,CA,AWP,WE,Federal Contract Tower,0,30,15,1,46,0,17,104,1,122,0,47,119,2,168,270,0,270,438
03/17/2004,SBP,CA,AWP,WE,Federal Contract Tower,0,36,19,0,55,0,14,142,0,156,0,50,161,0,211,148,0,148,359
03/18/2004,SBP,CA,AWP,WE,Federal Contract Tower,0,47,25,1,73,0,0,136,3,139,0,47,161,4,212,120,0,120,332
03/19/2004,SBP,CA,AWP,WE,Federal Contract Tower,0,41,30,0,71,0,0,73,6,79,0,41,103,6,150,54,0,54,204
03/20/2004,SBP,CA,AWP,WE,Federal Contract Tower,0,35,34,0,69,0,0,29,2,31,0,35,63,2,100,0,0,0,100
03/21/2004,SBP,CA,AWP,WE,Federal Contract Tower,0,29,21,0,50,0,0,79,1,80,0,29,100,1,130,58,0,58,188
03/22/2004,SBP,CA,AWP,WE,Federal Contract Tower,0,35,19,0,54,0,5,74,0,79,0,40,93,0,133,48,0,48,181
03/23/2004,SBP,CA,AWP,WE,Federal Contract Tower,0,47,26,0,73,0,0,89,5,94,0,47,115,5,167,244,0,244,411
03/24/2004,SBP,CA,AWP,WE,Federal Contract Tower,0,36,20,0,56,0,8,114,0,122,0,44,134,0,178,128,0,128,306
03/25/2004,SBP,CA,AWP,WE,Federal Contract Tower,0,41,22,0,63,0,8,98,0,106,0,49,120,0,169,164,0,164,333
03/26/2004,SBP,CA,AWP,WE,Federal Contract Tower,0,34,19,0,53,0,7,89,2,98,0,41,108,2,151,80,0,80,231
03/27/2004,SBP,CA,AWP,WE,Federal Contract Tower,0,23,13,0,36,0,12,122,2,136,0,35,135,2,172,108,0,108,280
03/28/2004,SBP,CA,AWP,WE,Federal Contract Tower,0,29,16,0,45,0,3,190,0,193,0,32,206,0,238,128,0,128,366
03/29/2004,SBP,CA,AWP,WE,Federal Contract Tower,0,27,15,0,42,0,16,88,0,104,0,43,103,0,146,160,0,160,306
03/30/2004,SBP,CA,AWP,WE,Federal Contract Tower,0,43,24,0,67,0,1,88,0,89,0,44,112,0,156,178,0,178,334
03/31/2004,SBP,CA,AWP,WE,Federal Contract Tower,0,33,18,0,51,0,11,133,0,144,0,44,151,0,195,60,0,60,255
04/01/2004,SBP,CA,AWP,WE,Federal Contract Tower,0,35,16,1,52,0,14,120,1,135,0,49,136,2,187,156,0,156,343
04/02/2004,SBP,CA,AWP,WE,Federal Contract Tower,0,34,16,0,50,0,10,131,0,141,0,44,147,0,191,122,0,122,313
04/03/2004,SBP,CA,AWP,WE,Federal Contract Tower,0,40,19,1,60,0,0,164,1,165,0,40,183,2,225,152,0,152,377
04/04/2004,SBP,CA,AWP,WE,Federal Contract Tower,0,31,15,1,47,0,0,113,1,114,0,31,128,2,161,88,0,88,249
04/05/2004,SBP,CA,AWP,WE,Federal Contract Tower,0,36,17,1,54,0,7,117,1,125,0,43,134,2,179,126,0,126,305
04/06/2004,SBP,CA,AWP,WE,Federal Contract Tower,0,34,16,0,50,0,20,102,0,122,0,54,118,0,172,258,0,258,430
04/07/2004,SBP,CA,AWP,WE,Federal Contract Tower,0,38,18,1,57,0,6,128,1,135,0,44,146,2,192,129,0,129,321
04/08/2004,SBP,CA,AWP,WE,Federal Contract Tower,0,38,17,1,56,0,8,101,3,112,0,46,118,4,168,104,0,104,272
04/09/2004,SBP,CA,AWP,WE,Federal Contract Tower,0,52,26,0,78,0,0,153,0,153,0,52,179,0,231,154,0,154,385
04/10/2004,SBP,CA,AWP,WE,Federal Contract Tower,0,32,17,1,50,0,0,154,0,154,0,32,171,1,204,116,0,116,320
04/11/2004,SBP,CA,AWP,WE,Federal Contract Tower,0,31,15,0,46,0,2,139,0,141,0,33,154,0,187,108,0,108,295
04/12/2004,SBP,CA,AWP,WE,Federal Contract Tower,0,42,20,1,63,0,11,57,1,69,0,53,77,2,132,96,0,96,228
04/13/2004,SBP,CA,AWP,WE,Federal Contract Tower,0,48,22,1,71,0,7,99,4,110,0,55,121,5,181,104,0,104,285
04/14/2004,SBP,CA,AWP,WE,Federal Contract Tower,0,36,16,1,53,0,19,107,1,127,0,55,123,2,180,40,0,40,220
04/15/2004,SBP,CA,AWP,WE,Federal Contract Tower,0,44,21,1,66,0,9,127,3,139,0,53,148,4,205,100,0,100,305
04/16/2004,SBP,CA,AWP,WE,Federal Contract Tower,0,38,17,0,55,0,9,157,0,166,0,47,174,0,221,116,0,116,337
04/17/2004,SBP,CA,AWP,WE,Federal Contract Tower,0,32,15,1,48,0,2,133,4,139,0,34,148,5,187,102,0,102,289
04/18/2004,SBP,CA,AWP,WE,Federal Contract Tower,0,32,17,0,49,0,0,168,0,168,0,32,185,0,217,170,0,170,387
04/19/2004,SBP,CA,AWP,WE,Federal Contract Tower,0,36,16,0,52,0,9,122,5,136,0,45,138,5,188,256,0,256,444
04/20/2004,SBP,CA,AWP,WE,Federal Contract Tower,0,34,15,0,49,0,20,68,2,90,0,54,83,2,139,174,0,174,313
04/21/2004,SBP,CA,AWP,WE,Federal Contract Tower,0,47,21,0,68,0,5,90,2,97,0,52,111,2,165,44,0,44,209
04/22/2004,SBP,CA,AWP,WE,Federal Contract Tower,0,34,15,0,49,0,18,123,2,143,0,52,138,2,192,80,0,80,272
04/23/2004,SBP,CA,AWP,WE,Federal Contract Tower,0,41,18,0,59,0,7,174,0,181,0,48,192,0,240,124,0,124,364
04/24/2004,SBP,CA,AWP,WE,Federal Contract Tower,0,28,12,0,40,0,6,162,2,170,0,34,174,2,210,154,0,154,364
04/25/2004,SBP,CA,AWP,WE,Federal Contract Tower,0,32,14,0,46,0,4,208,2,214,0,36,222,2,260,76,0,76,336
04/26/2004,SBP,CA,AWP,WE,Federal Contract Tower,0,34,15,0,49,0,8,124,3,135,0,42,139,3,184,172,0,172,356
04/27/2004,SBP,CA,AWP,WE,Federal Contract Tower,0,32,14,0,46,0,15,125,2,142,0,47,139,2,188,130,0,130,318
04/28/2004,SBP,CA,AWP,WE,Federal Contract Tower,0,43,20,0,63,0,1,125,0,126,0,44,145,0,189,102,0,102,291
04/29/2004,SBP,CA,AWP,WE,Federal Contract Tower,0,48,22,0,70,0,5,152,4,161,0,53,174,4,231,170,0,170,401
04/30/2004,SBP,CA,AWP,WE,Federal Contract Tower,0,41,18,0,59,0,10,178,11,199,0,51,196,11,258,174,0,174,432
05/01/2004,SBP,CA,AWP,WE,Federal Contract Tower,0,33,16,0,49,0,4,156,4,164,0,37,172,4,213,204,0,204,417
05/02/2004,SBP,CA,AWP,WE,Federal Contract Tower,0,32,15,0,47,0,3,165,0,168,0,35,180,0,215,88,0,88,303
05/03/2004,SBP,CA,AWP,WE,Federal Contract Tower,0,31,15,0,46,0,14,105,4,123,0,45,120,4,169,138,0,138,307
05/04/2004,SBP,CA,AWP,WE,Federal Contract Tower,0,33,16,0,49,0,16,148,12,176,0,49,164,12,225,170,0,170,395
05/05/2004,SBP,CA,AWP,WE,Federal Contract Tower,0,42,20,0,62,0,5,110,1,116,0,47,130,1,178,142,0,142,320
05/06/2004,SBP,CA,AWP,WE,Federal Contract Tower,0,40,18,1,59,0,16,90,3,109,0,56,108,4,168,150,0,150,318
05/07/2004,SBP,CA,AWP,WE,Federal Contract Tower,0,40,18,1,59,0,11,169,2,182,0,51,187,3,241,182,0,182,423
05/08/2004,SBP,CA,AWP,WE,Federal Contract Tower,0,32,14,1,47,0,1,159,3,163,0,33,173,4,210,54,0,54,264
05/09/2004,SBP,CA,AWP,WE,Federal Contract Tower,0,27,12,0,39,0,6,137,0,143,0,33,149,0,182,58,0,58,240
05/10/2004,SBP,CA,AWP,WE,Federal Contract Tower,0,29,14,1,44,0,19,81,2,102,0,48,95,3,146,46,0,46,192
05/11/2004,SBP,CA,AWP,WE,Federal Contract Tower,0,35,16,1,52,0,5,86,1,92,0,40,102,2,144,60,0,60,204
05/12/2004,SBP,CA,AWP,WE,Federal Contract Tower,0,34,15,0,49,0,17,105,0,122,0,51,120,0,171,82,0,82,253
05/13/2004,SBP,CA,AWP,WE,Federal Contract Tower,0,35,16,1,52,0,19,138,1,158,0,54,154,2,210,140,0,140,350
05/14/2004,SBP,CA,AWP,WE,Federal Contract Tower,0,37,17,1,55,0,9,165,9,183,0,46,182,10,238,182,0,182,420
05/15/2004,SBP,CA,AWP,WE,Federal Contract Tower,0,27,13,1,41,0,6,148,17,171,0,33,161,18,212,84,0,84,296
05/16/2004,SBP,CA,AWP,WE,Federal Contract Tower,0,26,12,1,39,0,4,146,9,159,0,30,158,10,198,62,0,62,260
05/17/2004,SBP,CA,AWP,WE,Federal Contract Tower,0,42,20,1,63,0,0,105,1,106,0,42,125,2,169,144,0,144,313
05/18/2004,SBP,CA,AWP,WE,Federal Contract Tower,0,35,16,1,52,0,13,130,1,144,0,48,146,2,196,112,0,112,308
05/19/2004,SBP,CA,AWP,WE,Federal Contract Tower,0,30,14,0,44,0,17,132,0,149,0,47,146,0,193,108,0,108,301
05/20/2004,SBP,CA,AWP,WE,Federal Contract Tower,0,51,24,0,75,0,0,91,2,93,0,51,115,2,168,144,0,144,312
05/21/2004,SBP,CA,AWP,WE,Federal Contract Tower,0,42,21,0,63,0,0,110,0,110,0,42,131,0,173,160,0,160,333
05/22/2004,SBP,CA,AWP,WE,Federal Contract Tower,0,34,17,0,51,0,0,212,0,212,0,34,229,0,263,58,0,58,321
05/23/2004,SBP,CA,AWP,WE,Federal Contract Tower,0,32,17,0,49,0,0,167,2,169,0,32,184,2,218,86,0,86,304
05/24/2004,SBP,CA,AWP,WE,Federal Contract Tower,0,42,21,0,63,0,0,116,2,118,0,42,137,2,181,156,0,156,337
05/25/2004,SBP,CA,AWP,WE,Federal Contract Tower,0,39,17,0,56,0,10,88,7,105,0,49,105,7,161,70,0,70,231
05/26/2004,SBP,CA,AWP,WE,Federal Contract Tower,0,42,19,0,61,0,3,119,0,122,0,45,138,0,183,98,0,98,281
05/27/2004,SBP,CA,AWP,WE,Federal Contract Tower,0,51,25,0,76,0,0,59,4,63,0,51,84,4,139,62,0,62,201
05/28/2004,SBP,CA,AWP,WE,Federal Contract Tower,0,43,22,0,65,0,0,135,0,135,0,43,157,0,200,106,0,106,306
05/29/2004,SBP,CA,AWP,WE,Federal Contract Tower,0,33,14,0,47,0,2,153,0,155,0,35,167,0,202,34,0,34,236
05/30/2004,SBP,CA,AWP,WE,Federal Contract Tower,0,29,14,0,43,0,0,164,0,164,0,29,178,0,207,60,0,60,267
05/31/2004,SBP,CA,AWP,WE,Federal Contract Tower,0,30,13,0,43,0,3,208,2,213,0,33,221,2,256,146,0,146,402
06/01/2004,SBP,CA,AWP,WE,Federal Contract Tower,0,34,19,2,55,0,9,121,20,150,0,43,140,22,205,66,0,66,271
06/02/2004,SBP,CA,AWP,WE,Federal Contract Tower,0,32,19,1,52,0,15,70,1,86,0,47,89,2,138,114,0,114,252
06/03/2004,SBP,CA,AWP,WE,Federal Contract Tower,0,42,23,2,67,0,5,105,0,110,0,47,128,2,177,58,0,58,235
06/04/2004,SBP,CA,AWP,WE,Federal Contract Tower,0,37,20,2,59,0,2,143,2,147,0,39,163,4,206,110,0,110,316
06/05/2004,SBP,CA,AWP,WE,Federal Contract Tower,0,35,19,2,56,0,6,127,5,138,0,41,146,7,194,90,0,90,284
06/06/2004,SBP,CA,AWP,WE,Federal Contract Tower,0,35,20,2,57,0,0,132,11,143,0,35,152,13,200,40,0,40,240
06/07/2004,SBP,CA,AWP,WE,Federal Contract Tower,0,36,20,2,58,0,6,103,6,115,0,42,123,8,173,70,0,70,243
06/08/2004,SBP,CA,AWP,WE,Federal Contract Tower,0,33,20,1,54,0,17,114,5,136,0,50,134,6,190,74,0,74,264
06/09/2004,SBP,CA,AWP,WE,Federal Contract Tower,0,43,26,2,71,0,0,108,10,118,0,43,134,12,189,122,0,122,311
06/10/2004,SBP,CA,AWP,WE,Federal Contract Tower,0,29,17,0,46,0,18,120,0,138,0,47,137,0,184,96,0,96,280
06/11/2004,SBP,CA,AWP,WE,Federal Contract Tower,0,34,19,2,55,0,8,129,3,140,0,42,148,5,195,114,0,114,309
06/12/2004,SBP,CA,AWP,WE,Federal Contract Tower,0,26,15,1,42,0,7,166,1,174,0,33,181,2,216,118,0,118,334
06/13/2004,SBP,CA,AWP,WE,Federal Contract Tower,0,31,18,1,50,0,9,166,7,182,0,40,184,8,232,90,0,90,322
06/14/2004,SBP,CA,AWP,WE,Federal Contract Tower,0,32,19,1,52,0,17,89,1,107,0,49,108,2,159,78,0,78,237
06/15/2004,SBP,CA,AWP,WE,Federal Contract Tower,0,34,19,0,53,0,11,123,0,134,0,45,142,0,187,148,0,148,335
06/16/2004,SBP,CA,AWP,WE,Federal Contract Tower,0,50,29,1,80,0,0,93,5,98,0,50,122,6,178,124,0,124,302
06/17/2004,SBP,CA,AWP,WE,Federal Contract Tower,0,45,34,0,79,0,0,52,0,52,0,45,86,0,131,162,0,162,293
06/18/2004,SBP,CA,AWP,WE,Federal Contract Tower,0,42,26,1,69,0,0,108,1,109,0,42,134,2,178,108,0,108,286
06/19/2004,SBP,CA,AWP,WE,Federal Contract Tower,0,26,14,0,40,0,3,158,2,163,0,29,172,2,203,162,0,162,365
06/20/2004,SBP,CA,AWP,WE,Federal Contract Tower,0,26,15,0,41,0,2,118,0,120,0,28,133,0,161,48,0,48,209
06/21/2004,SBP,CA,AWP,WE,Federal Contract Tower,0,39,22,0,61,0,5,93,0,98,0,44,115,0,159,116,0,116,275
06/22/2004,SBP,CA,AWP,WE,Federal Contract Tower,0,40,22,1,63,0,12,113,8,133,0,52,135,9,196,138,0,138,334
06/23/2004,SBP,CA,AWP,WE,Federal Contract Tower,0,32,18,0,50,0,12,110,0,122,0,44,128,0,172,84,0,84,256
06/24/2004,SBP,CA,AWP,WE,Federal Contract Tower,0,36,19,1,56,0,9,138,1,148,0,45,157,2,204,90,0,90,294
06/25/2004,SBP,CA,AWP,WE,Federal Contract Tower,0,38,20,0,58,0,5,134,0,139,0,43,154,0,197,72,0,72,269
06/26/2004,SBP,CA,AWP,WE,Federal Contract Tower,0,25,14,0,39,0,5,118,2,125,0,30,132,2,164,84,0,84,248
06/27/2004,SBP,CA,AWP,WE,Federal Contract Tower,0,29,17,0,46,0,3,169,0,172,0,32,186,0,218,52,0,52,270
06/28/2004,SBP,CA,AWP,WE,Federal Contract Tower,0,40,26,1,67,0,0,64,1,65,0,40,90,2,132,100,0,100,232
06/29/2004,SBP,CA,AWP,WE,Federal Contract Tower,0,45,27,1,73,0,0,92,0,92,0,45,119,1,165,126,0,126,291
06/30/2004,SBP,CA,AWP,WE,Federal Contract Tower,0,0,0,0,0,0,0,0,0,0,0,44,0,0,44,116,0,116,307
07/01/2004,SBP,CA,AWP,WE,Federal Contract Tower,0,30,18,0,48,0,10,117,0,127,0,40,135,0,175,122,0,122,297
07/02/2004,SBP,CA,AWP,WE,Federal Contract Tower,0,38,21,0,59,0,3,156,0,159,0,41,177,0,218,136,0,136,354
07/03/2004,SBP,CA,AWP,WE,Federal Contract Tower,0,31,17,0,48,0,0,120,0,120,0,31,137,0,168,20,0,20,188
07/04/2004,SBP,CA,AWP,WE,Federal Contract Tower,0,24,14,0,38,0,9,60,0,69,0,33,74,0,107,42,0,42,149
07/05/2004,SBP,CA,AWP,WE,Federal Contract Tower,0,33,18,0,51,0,2,153,0,155,0,35,171,0,206,42,0,42,248
07/06/2004,SBP,CA,AWP,WE,Federal Contract Tower,0,42,24,1,67,0,5,122,1,128,0,47,146,2,195,154,0,154,349
07/07/2004,SBP,CA,AWP,WE,Federal Contract Tower,0,43,24,1,68,0,10,107,1,118,0,53,131,2,186,70,0,70,256
07/08/2004,SBP,CA,AWP,WE,Federal Contract Tower,0,40,22,0,62,0,2,57,0,59,0,42,79,0,121,92,0,92,213
07/09/2004,SBP,CA,AWP,WE,Federal Contract Tower,0,42,25,1,68,0,0,95,1,96,0,42,120,2,164,114,0,114,278
07/10/2004,SBP,CA,AWP,WE,Federal Contract Tower,0,30,17,1,48,0,4,144,1,149,0,34,161,2,197,92,0,92,289
07/11/2004,SBP,CA,AWP,WE,Federal Contract Tower,0,31,18,0,49,0,1,180,0,181,0,32,198,0,230,58,0,58,288
07/12/2004,SBP,CA,AWP,WE,Federal Contract Tower,0,40,23,1,64,0,4,116,3,123,0,44,139,4,187,82,0,82,269
07/13/2004,SBP,CA,AWP,WE,Federal Contract Tower,0,36,20,0,56,0,12,135,0,147,0,48,155,0,203,138,0,138,341
07/14/2004,SBP,CA,AWP,WE,Federal Contract Tower,0,41,23,1,65,0,6,142,1,149,0,47,165,2,214,132,0,132,346
07/15/2004,SBP,CA,AWP,WE,Federal Contract Tower,0,32,18,1,51,0,21,154,4,179,0,53,172,5,230,100,0,100,330
07/16/2004,SBP,CA,AWP,WE,Federal Contract Tower,0,33,18,0,51,0,10,151,0,161,0,43,169,0,212,108,0,108,320
07/17/2004,SBP,CA,AWP,WE,Federal Contract Tower,0,27,15,0,42,0,11,183,0,194,0,38,198,0,236,69,0,69,305
07/18/2004,SBP,CA,AWP,WE,Federal Contract Tower,0,29,16,0,45,0,3,144,2,149,0,32,160,2,194,76,0,76,270
07/19/2004,SBP,CA,AWP,WE,Federal Contract Tower,0,33,18,0,51,0,10,152,4,166,0,43,170,4,217,142,0,142,359
07/20/2004,SBP,CA,AWP,WE,Federal Contract Tower,0,30,17,0,47,0,17,136,2,155,0,47,153,2,202,78,0,78,280
07/21/2004,SBP,CA,AWP,WE,Federal Contract Tower,0,41,22,0,63,0,9,154,0,163,0,50,176,0,226,134,0,134,360
07/22/2004,SBP,CA,AWP,WE,Federal Contract Tower,0,44,25,0,69,0,0,135,8,143,0,44,160,8,212,164,0,164,376
07/23/2004,SBP,CA,AWP,WE,Federal Contract Tower,0,41,24,0,65,0,0,126,4,130,0,41,150,4,195,114,0,114,309
07/24/2004,SBP,CA,AWP,WE,Federal Contract Tower,0,34,19,0,53,0,0,137,0,137,0,34,156,0,190,114,0,114,304
07/25/2004,SBP,CA,AWP,WE,Federal Contract Tower,0,32,18,0,50,0,0,169,0,169,0,32,187,0,219,48,0,48,267
07/26/2004,SBP,CA,AWP,WE,Federal Contract Tower,0,44,24,0,68,0,4,117,0,121,0,48,141,0,189,128,0,128,317
07/27/2004,SBP,CA,AWP,WE,Federal Contract Tower,0,39,21,0,60,0,7,99,10,116,0,46,120,10,176,104,0,104,280
07/28/2004,SBP,CA,AWP,WE,Federal Contract Tower,0,37,21,0,58,0,7,130,2,139,0,44,151,2,197,154,0,154,351
07/29/2004,SBP,CA,AWP,WE,Federal Contract Tower,0,41,22,0,63,0,7,127,10,144,0,48,149,10,207,110,0,110,317
07/30/2004,SBP,CA,AWP,WE,Federal Contract Tower,0,44,29,0,73,0,0,129,0,129,0,44,158,0,202,90,0,90,292
07/31/2004,SBP,CA,AWP,WE,Federal Contract Tower,0,34,18,0,52,0,4,114,4,122,0,38,132,4,174,118,0,118,292
08/01/2004,SBP,CA,AWP,WE,Federal Contract Tower,0,32,23,0,55,0,0,133,0,133,0,32,156,0,188,74,0,74,262
08/02/2004,SBP,CA,AWP,WE,Federal Contract Tower,0,33,21,0,54,0,13,96,4,113,0,46,117,4,167,148,0,148,315
08/03/2004,SBP,CA,AWP,WE,Federal Contract Tower,0,36,23,0,59,0,8,119,4,131,0,44,142,4,190,80,12,92,282
08/04/2004,SBP,CA,AWP,WE,Federal Contract Tower,0,33,20,1,54,0,7,127,1,135,0,40,147,2,189,112,0,112,301
08/05/2004,SBP,CA,AWP,WE,Federal Contract Tower,0,38,22,1,61,0,5,116,1,122,0,43,138,2,183,134,0,134,317
08/06/2004,SBP,CA,AWP,WE,Federal Contract Tower,0,34,20,1,55,0,9,159,1,169,0,43,179,2,224,122,0,122,346
08/07/2004,SBP,CA,AWP,WE,Federal Contract Tower,0,23,13,0,36,0,7,163,0,170,0,30,176,0,206,144,0,144,350
08/08/2004,SBP,CA,AWP,WE,Federal Contract Tower,0,26,15,0,41,0,3,135,0,138,0,29,150,0,179,44,0,44,223
08/09/2004,SBP,CA,AWP,WE,Federal Contract Tower,0,37,22,1,60,0,2,119,5,126,0,39,141,6,186,84,0,84,270
08/10/2004,SBP,CA,AWP,WE,Federal Contract Tower,0,34,20,1,55,0,11,121,4,136,0,45,141,5,191,154,0,154,345
08/11/2004,SBP,CA,AWP,WE,Federal Contract Tower,0,38,22,1,61,0,9,135,1,145,0,47,157,2,206,126,0,126,332
08/12/2004,SBP,CA,AWP,WE,Federal Contract Tower,0,35,20,1,56,0,5,123,2,130,0,40,143,3,186,120,0,120,306
08/13/2004,SBP,CA,AWP,WE,Federal Contract Tower,0,38,23,1,62,0,4,122,2,128,0,42,145,3,190,168,0,168,358
08/14/2004,SBP,CA,AWP,WE,Federal Contract Tower,0,26,17,0,43,0,0,131,0,131,0,26,148,0,174,108,0,108,282
08/15/2004,SBP,CA,AWP,WE,Federal Contract Tower,0,29,17,0,46,0,1,182,0,183,0,30,199,0,229,80,0,80,309
08/16/2004,SBP,CA,AWP,WE,Federal Contract Tower,0,23,13,1,37,0,17,129,7,153,0,40,142,8,190,192,0,192,382
08/17/2004,SBP,CA,AWP,WE,Federal Contract Tower,0,31,19,1,51,0,9,128,9,146,0,40,147,10,197,210,0,210,407
08/18/2004,SBP,CA,AWP,WE,Federal Contract Tower,0,34,20,1,55,0,17,122,1,140,0,51,142,2,195,102,0,102,297
08/19/2004,SBP,CA,AWP,WE,Federal Contract Tower,0,37,22,1,60,0,5,109,9,123,0,42,131,10,183,134,0,134,317
08/20/2004,SBP,CA,AWP,WE,Federal Contract Tower,0,38,25,1,64,0,0,124,3,127,0,38,149,4,191,62,0,62,253
08/21/2004,SBP,CA,AWP,WE,Federal Contract Tower,0,30,21,1,52,0,0,109,3,112,0,30,130,4,164,80,0,80,244
08/22/2004,SBP,CA,AWP,WE,Federal Contract Tower,0,28,17,1,46,0,1,141,1,143,0,29,158,2,189,70,0,70,259
08/23/2004,SBP,CA,AWP,WE,Federal Contract Tower,0,28,18,1,47,0,18,101,2,121,0,46,119,3,168,184,0,184,352
08/24/2004,SBP,CA,AWP,WE,Federal Contract Tower,0,32,20,1,53,0,10,105,2,117,0,42,125,3,170,130,0,130,300
08/25/2004,SBP,CA,AWP,WE,Federal Contract Tower,0,37,23,1,61,0,4,124,3,131,0,41,147,4,192,150,0,150,342
08/26/2004,SBP,CA,AWP,WE,Federal Contract Tower,0,35,21,1,57,0,10,119,1,130,0,45,140,2,187,108,0,108,295
08/27/2004,SBP,CA,AWP,WE,Federal Contract Tower,0,33,20,0,53,0,13,161,0,174,0,46,181,0,227,124,0,124,351
08/28/2004,SBP,CA,AWP,WE,Federal Contract Tower,0,29,18,0,47,0,5,108,9,122,0,34,126,9,169,62,0,62,231
08/29/2004,SBP,CA,AWP,WE,Federal Contract Tower,0,33,23,0,56,0,0,150,0,150,0,33,173,0,206,100,0,100,306
08/30/2004,SBP,CA,AWP,WE,Federal Contract Tower,0,34,20,0,54,0,11,99,2,112,0,45,119,2,166,120,0,120,286
08/31/2004,SBP,CA,AWP,WE,Federal Contract Tower,0,0,0,0,0,0,0,0,0,0,0,53,0,0,53,170,0,170,360
09/01/2004,SBP,CA,AWP,WE,Federal Contract Tower,0,30,18,0,48,0,13,114,0,127,0,43,132,0,175,118,0,118,293
09/02/2004,SBP,CA,AWP,WE,Federal Contract Tower,0,35,20,1,56,0,13,100,0,113,0,48,120,1,169,66,0,66,235
09/03/2004,SBP,CA,AWP,WE,Federal Contract Tower,0,37,21,1,59,0,12,161,1,174,0,49,182,2,233,118,0,118,351
09/04/2004,SBP,CA,AWP,WE,Federal Contract Tower,0,20,12,1,33,0,11,134,1,146,0,31,146,2,179,58,0,58,237
09/05/2004,SBP,CA,AWP,WE,Federal Contract Tower,0,22,12,0,34,0,5,135,0,140,0,27,147,0,174,134,0,134,308
09/06/2004,SBP,CA,AWP,WE,Federal Contract Tower,0,28,16,1,45,0,3,204,0,207,0,31,220,1,252,104,0,104,356
09/07/2004,SBP,CA,AWP,WE,Federal Contract Tower,0,27,15,1,43,0,13,140,2,155,0,40,155,3,198,105,0,105,303
09/08/2004,SBP,CA,AWP,WE,Federal Contract Tower,0,27,15,1,43,0,19,77,1,97,0,46,92,2,140,72,0,72,212
09/09/2004,SBP,CA,AWP,WE,Federal Contract Tower,0,28,17,0,45,0,17,126,0,143,0,45,143,0,188,120,0,120,308
09/10/2004,SBP,CA,AWP,WE,Federal Contract Tower,0,33,20,0,53,0,6,124,0,130,0,39,144,0,183,34,0,34,217
09/11/2004,SBP,CA,AWP,WE,Federal Contract Tower,0,24,14,0,38,0,11,129,0,140,0,35,143,0,178,138,0,138,316
09/12/2004,SBP,CA,AWP,WE,Federal Contract Tower,0,34,20,1,55,0,0,172,1,173,0,34,192,2,228,92,0,92,320
09/13/2004,SBP,CA,AWP,WE,Federal Contract Tower,0,41,23,1,65,0,4,85,3,92,0,45,108,4,157,68,0,68,225
09/14/2004,SBP,CA,AWP,WE,Federal Contract Tower,0,30,16,0,46,0,14,98,0,112,0,44,114,0,158,80,0,80,238
09/15/2004,SBP,CA,AWP,WE,Federal Contract Tower,0,34,19,1,54,0,9,110,7,126,0,43,129,8,180,112,0,112,292
09/16/2004,SBP,CA,AWP,WE,Federal Contract Tower,0,43,24,1,68,0,3,78,0,81,0,46,102,1,149,104,0,104,253
09/17/2004,SBP,CA,AWP,WE,Federal Contract Tower,0,47,26,1,74,0,0,85,1,86,0,47,111,2,160,102,0,102,262
09/18/2004,SBP,CA,AWP,WE,Federal Contract Tower,0,26,14,0,40,0,14,119,0,133,0,40,133,0,173,44,0,44,217
09/19/2004,SBP,CA,AWP,WE,Federal Contract Tower,0,34,19,0,53,0,4,105,0,109,0,38,124,0,162,82,0,82,244
09/20/2004,SBP,CA,AWP,WE,Federal Contract Tower,0,30,16,0,46,0,15,95,0,110,0,45,111,0,156,56,0,56,212
09/21/2004,SBP,CA,AWP,WE,Federal Contract Tower,0,29,17,0,46,0,18,115,5,138,0,47,132,5,184,138,6,144,328
09/22/2004,SBP,CA,AWP,WE,Federal Contract Tower,0,37,21,0,58,0,7,119,6,132,0,44,140,6,190,154,0,154,344
09/23/2004,SBP,CA,AWP,WE,Federal Contract Tower,0,37,21,0,58,0,15,129,6,150,0,52,150,6,208,170,0,170,378
09/24/2004,SBP,CA,AWP,WE,Federal Contract Tower,0,34,19,0,53,0,15,157,2,174,0,49,176,2,227,126,0,126,353
09/25/2004,SBP,CA,AWP,WE,Federal Contract Tower,0,31,18,0,49,0,4,92,2,98,0,35,110,2,147,55,0,55,202
09/26/2004,SBP,CA,AWP,WE,Federal Contract Tower,0,26,15,0,41,0,7,146,2,155,0,33,161,2,196,100,0,100,296
09/27/2004,SBP,CA,AWP,WE,Federal Contract Tower,0,34,20,0,54,0,7,71,4,82,0,41,91,4,136,118,0,118,254
09/28/2004,SBP,CA,AWP,WE,Federal Contract Tower,0,38,21,0,59,0,8,112,4,124,0,46,133,4,183,122,2,124,307
09/29/2004,SBP,CA,AWP,WE,Federal Contract Tower,0,37,21,0,58,0,14,101,12,127,0,51,122,12,185,112,0,112,297
09/30/2004,SBP,CA,AWP,WE,Federal Contract Tower,0,51,29,0,80,0,2,62,0,64,0,53,91,0,144,96,0,96,240
10/01/2004,SBP,CA,AWP,WE,Federal Contract Tower,0,34,21,1,56,0,13,164,1,178,0,47,185,2,234,168,0,168,402
10/02/2004,SBP,CA,AWP,WE,Federal Contract Tower,0,30,12,0,42,0,2,131,0,133,0,32,143,0,175,120,0,120,295
10/03/2004,SBP,CA,AWP,WE,Federal Contract Tower,0,29,22,0,51,0,0,104,0,104,0,29,126,0,155,50,0,50,205
10/04/2004,SBP,CA,AWP,WE,Federal Contract Tower,0,33,30,0,63,0,6,72,0,78,0,39,102,0,141,60,0,60,201
10/05/2004,SBP,CA,AWP,WE,Federal Contract Tower,0,37,17,0,54,0,10,90,4,104,0,47,107,4,158,106,0,106,264
10/06/2004,SBP,CA,AWP,WE,Federal Contract Tower,0,36,16,0,52,0,20,111,2,133,0,56,127,2,185,116,0,116,301
10/07/2004,SBP,CA,AWP,WE,Federal Contract Tower,0,33,9,0,42,0,4,114,0,118,0,37,123,0,160,134,0,134,294
10/08/2004,SBP,CA,AWP,WE,Federal Contract Tower,0,33,20,0,53,0,22,130,3,155,0,55,150,3,208,132,0,132,340
10/09/2004,SBP,CA,AWP,WE,Federal Contract Tower,0,31,16,1,48,0,3,91,0,94,0,34,107,1,142,116,0,116,258
10/10/2004,SBP,CA,AWP,WE,Federal Contract Tower,0,28,23,0,51,0,2,135,0,137,0,30,158,0,188,96,0,96,284
10/11/2004,SBP,CA,AWP,WE,Federal Contract Tower,0,30,16,0,46,0,7,97,0,104,0,37,113,0,150,100,0,100,250
10/12/2004,SBP,CA,AWP,WE,Federal Contract Tower,0,30,17,0,47,0,17,79,0,96,0,47,96,0,143,132,0,132,275
10/13/2004,SBP,CA,AWP,WE,Federal Contract Tower,0,33,10,3,46,0,17,107,3,127,0,50,117,6,173,164,0,164,337
10/14/2004,SBP,CA,AWP,WE,Federal Contract Tower,0,35,23,3,61,0,17,104,4,125,0,52,127,7,186,106,0,106,292
10/15/2004,SBP,CA,AWP,WE,Federal Contract Tower,0,37,27,0,64,0,3,103,0,106,0,40,130,0,170,98,0,98,268
10/16/2004,SBP,CA,AWP,WE,Federal Contract Tower,0,32,30,0,62,0,0,29,0,29,0,32,59,0,91,71,0,71,162
10/17/2004,SBP,CA,AWP,WE,Federal Contract Tower,0,34,51,0,85,0,0,9,0,9,0,34,60,0,94,0,0,0,94
10/18/2004,SBP,CA,AWP,WE,Federal Contract Tower,0,37,24,0,61,0,7,44,0,51,0,44,68,0,112,96,0,96,208
10/19/2004,SBP,CA,AWP,WE,Federal Contract Tower,0,39,18,0,57,0,5,5,0,10,0,44,23,0,67,26,0,26,93
10/20/2004,SBP,CA,AWP,WE,Federal Contract Tower,0,32,17,0,49,0,9,48,0,57,0,41,65,0,106,110,0,110,216
10/21/2004,SBP,CA,AWP,WE,Federal Contract Tower,0,39,12,2,53,0,10,126,2,138,0,49,138,4,191,92,0,92,283
10/22/2004,SBP,CA,AWP,WE,Federal Contract Tower,0,33,13,0,46,0,8,158,0,166,0,41,171,0,212,144,0,144,356
10/23/2004,SBP,CA,AWP,WE,Federal Contract Tower,0,30,12,0,42,0,0,129,0,129,0,30,141,0,171,156,0,156,327
10/24/2004,SBP,CA,AWP,WE,Federal Contract Tower,0,28,43,0,71,0,0,17,0,17,0,28,60,0,88,18,0,18,106
10/25/2004,SBP,CA,AWP,WE,Federal Contract Tower,0,34,17,0,51,0,8,74,0,82,0,42,91,0,133,152,0,152,285
10/26/2004,SBP,CA,AWP,WE,Federal Contract Tower,0,38,23,0,61,0,2,2,0,4,0,40,25,0,65,0,0,0,65
10/27/2004,SBP,CA,AWP,WE,Federal Contract Tower,0,36,22,0,58,0,9,97,0,106,0,45,119,0,164,166,0,166,330
10/28/2004,SBP,CA,AWP,WE,Federal Contract Tower,0,36,28,1,65,0,9,110,1,120,0,45,138,2,185,148,0,148,333
10/29/2004,SBP,CA,AWP,WE,Federal Contract Tower,0,31,17,1,49,0,15,146,3,164,0,46,163,4,213,198,0,198,411
10/30/2004,SBP,CA,AWP,WE,Federal Contract Tower,0,29,16,0,45,0,7,117,2,126,0,36,133,2,171,164,0,164,335
10/31/2004,SBP,CA,AWP,WE,Federal Contract Tower,0,34,9,0,43,0,4,129,1,134,0,38,138,1,177,72,0,72,249
11/01/2004,SBP,CA,AWP,WE,Federal Contract Tower,0,31,12,0,43,0,25,96,2,123,0,56,108,2,166,83,0,83,249
11/02/2004,SBP,CA,AWP,WE,Federal Contract Tower,0,36,10,0,46,0,15,96,0,111,0,51,106,0,157,98,0,98,255
11/03/2004,SBP,CA,AWP,WE,Federal Contract Tower,0,33,27,0,60,0,19,68,2,89,0,52,95,2,149,116,0,116,265
11/04/2004,SBP,CA,AWP,WE,Federal Contract Tower,0,41,25,0,66,0,2,6,0,8,0,43,31,0,74,0,0,0,74
11/05/2004,SBP,CA,AWP,WE,Federal Contract Tower,0,34,17,0,51,0,8,91,0,99,0,42,108,0,150,114,0,114,264
11/06/2004,SBP,CA,AWP,WE,Federal Contract Tower,0,32,16,0,48,0,3,104,1,108,0,35,120,1,156,70,0,70,226
11/07/2004,SBP,CA,AWP,WE,Federal Contract Tower,0,29,17,0,46,0,4,114,0,118,0,33,131,0,164,72,0,72,236
11/08/2004,SBP,CA,AWP,WE,Federal Contract Tower,0,42,25,0,67,0,4,37,0,41,0,46,62,0,108,148,0,148,256
11/09/2004,SBP,CA,AWP,WE,Federal Contract Tower,0,43,39,0,82,0,1,42,2,45,0,44,81,2,127,140,0,140,267
11/10/2004,SBP,CA,AWP,WE,Federal Contract Tower,0,28,38,0,66,0,11,58,0,69,0,39,96,0,135,74,0,74,209
11/11/2004,SBP,CA,AWP,WE,Federal Contract Tower,0,36,33,0,69,0,3,54,0,57,0,39,87,0,126,118,0,118,244
11/12/2004,SBP,CA,AWP,WE,Federal Contract Tower,0,37,24,4,65,0,6,118,0,124,0,43,142,4,189,170,0,170,359
11/13/2004,SBP,CA,AWP,WE,Federal Contract Tower,0,30,15,0,45,0,2,89,0,91,0,32,104,0,136,112,0,112,248
11/14/2004,SBP,CA,AWP,WE,Federal Contract Tower,0,32,16,0,48,0,7,177,1,185,0,39,193,1,233,124,0,124,357
11/15/2004,SBP,CA,AWP,WE,Federal Contract Tower,0,35,19,1,55,0,6,105,1,112,0,41,124,2,167,150,0,150,317
11/16/2004,SBP,CA,AWP,WE,Federal Contract Tower,0,37,17,0,54,0,8,107,0,115,0,45,124,0,169,76,0,76,245
11/17/2004,SBP,CA,AWP,WE,Federal Contract Tower,0,36,10,0,46,0,21,112,0,133,0,57,122,0,179,108,0,108,287
11/18/2004,SBP,CA,AWP,WE,Federal Contract Tower,0,39,23,0,62,0,10,120,7,137,0,49,143,7,199,160,0,160,359
11/19/2004,SBP,CA,AWP,WE,Federal Contract Tower,0,34,12,3,49,0,5,111,9,125,0,39,123,12,174,132,0,132,306
11/20/2004,SBP,CA,AWP,WE,Federal Contract Tower,0,31,12,0,43,0,2,135,1,138,0,33,147,1,181,188,0,188,369
11/21/2004,SBP,CA,AWP,WE,Federal Contract Tower,0,29,8,0,37,0,4,83,1,88,0,33,91,1,125,12,0,12,137
11/22/2004,SBP,CA,AWP,WE,Federal Contract Tower,0,38,8,4,50,0,15,128,1,144,0,53,136,5,194,148,0,148,342
11/23/2004,SBP,CA,AWP,WE,Federal Contract Tower,0,39,23,0,62,0,12,138,4,154,0,51,161,4,216,200,0,200,416
11/24/2004,SBP,CA,AWP,WE,Federal Contract Tower,0,38,16,2,56,0,13,186,2,201,0,51,202,4,257,194,2,196,453
11/25/2004,SBP,CA,AWP,WE,Federal Contract Tower,0,23,6,0,29,0,3,76,2,81,0,26,82,2,110,72,0,72,182
11/26/2004,SBP,CA,AWP,WE,Federal Contract Tower,0,29,16,0,45,0,8,137,0,145,0,37,153,0,190,72,0,72,262
11/27/2004,SBP,CA,AWP,WE,Federal Contract Tower,0,31,17,0,48,0,1,13,0,14,0,32,30,0,62,16,0,16,78
11/28/2004,SBP,CA,AWP,WE,Federal Contract Tower,0,31,23,0,54,0,2,131,0,133,0,33,154,0,187,30,0,30,217
11/29/2004,SBP,CA,AWP,WE,Federal Contract Tower,0,37,15,2,54,0,15,100,2,117,0,52,115,4,171,96,0,96,267
11/30/2004,SBP,CA,AWP,WE,Federal Contract Tower,0,46,11,0,57,0,6,98,6,110,0,52,109,6,167,156,0,156,323
12/01/2004,SBP,CA,AWP,WE,Federal Contract Tower,0,40,11,0,51,0,6,103,4,113,0,46,114,4,164,212,0,212,376
12/02/2004,SBP,CA,AWP,WE,Federal Contract Tower,0,35,12,2,49,0,12,116,7,135,0,47,128,9,184,180,0,180,364
12/03/2004,SBP,CA,AWP,WE,Federal Contract Tower,0,36,19,0,55,0,11,101,0,112,0,47,120,0,167,170,0,170,337
12/04/2004,SBP,CA,AWP,WE,Federal Contract Tower,0,29,10,0,39,0,2,202,3,207,0,31,212,3,246,36,0,36,282
12/05/2004,SBP,CA,AWP,WE,Federal Contract Tower,0,31,12,0,43,0,1,32,0,33,0,32,44,0,76,24,0,24,100
12/06/2004,SBP,CA,AWP,WE,Federal Contract Tower,0,35,9,2,46,0,2,73,2,77,0,37,82,4,123,110,0,110,233
12/07/2004,SBP,CA,AWP,WE,Federal Contract Tower,0,47,12,0,59,0,5,2,0,7,0,52,14,0,66,0,0,0,66
12/08/2004,SBP,CA,AWP,WE,Federal Contract Tower,0,48,33,0,81,0,6,19,2,27,0,54,52,2,108,90,0,90,198
12/09/2004,SBP,CA,AWP,WE,Federal Contract Tower,0,51,28,0,79,0,9,108,10,127,0,60,136,10,206,168,0,168,374
12/10/2004,SBP,CA,AWP,WE,Federal Contract Tower,0,37,21,0,58,0,11,141,0,152,0,48,162,0,210,196,0,196,406
12/11/2004,SBP,CA,AWP,WE,Federal Contract Tower,0,31,17,0,48,0,4,205,2,211,0,35,222,2,259,126,0,126,385
12/12/2004,SBP,CA,AWP,WE,Federal Contract Tower,0,31,44,0,75,0,2,0,0,2,0,33,44,0,77,0,0,0,77
12/13/2004,SBP,CA,AWP,WE,Federal Contract Tower,0,37,16,2,55,0,8,73,2,83,0,45,89,4,138,218,0,218,356
12/14/2004,SBP,CA,AWP,WE,Federal Contract Tower,0,39,11,0,50,0,8,63,0,71,0,47,74,0,121,214,0,214,335
12/15/2004,SBP,CA,AWP,WE,Federal Contract Tower,0,39,14,1,54,0,13,90,3,106,0,52,104,4,160,112,0,112,272
12/16/2004,SBP,CA,AWP,WE,Federal Contract Tower,0,42,16,0,58,0,10,153,4,167,0,52,169,4,225,78,0,78,303
12/17/2004,SBP,CA,AWP,WE,Federal Contract Tower,0,35,9,0,44,0,7,143,0,150,0,42,152,0,194,122,0,122,316
12/18/2004,SBP,CA,AWP,WE,Federal Contract Tower,0,31,12,0,43,0,0,133,1,134,0,31,145,1,177,80,0,80,257
12/19/2004,SBP,CA,AWP,WE,Federal Contract Tower,0,36,13,0,49,0,0,140,2,142,0,36,153,2,191,68,0,68,259
12/20/2004,SBP,CA,AWP,WE,Federal Contract Tower,0,41,6,0,47,0,10,97,0,107,0,51,103,0,154,76,0,76,230
12/21/2004,SBP,CA,AWP,WE,Federal Contract Tower,0,44,9,0,53,0,12,114,4,130,0,56,123,4,183,172,0,172,355
12/22/2004,SBP,CA,AWP,WE,Federal Contract Tower,0,40,10,0,50,0,15,111,0,126,0,55,121,0,176,118,0,118,294
12/23/2004,SBP,CA,AWP,WE,Federal Contract Tower,0,37,10,0,47,0,9,132,0,141,0,46,142,0,188,152,0,152,340
12/24/2004,SBP,CA,AWP,WE,Federal Contract Tower,0,38,4,0,42,0,11,91,0,102,0,49,95,0,144,52,0,52,196
12/25/2004,SBP,CA,AWP,WE,Federal Contract Tower,0,23,3,0,26,0,0,61,0,61,0,23,64,0,87,0,0,0,87
12/26/2004,SBP,CA,AWP,WE,Federal Contract Tower,0,30,33,0,63,0,0,31,0,31,0,30,64,0,94,44,0,44,138
12/27/2004,SBP,CA,AWP,WE,Federal Contract Tower,0,35,11,0,46,0,1,2,2,5,0,36,13,2,51,0,0,0,51
12/28/2004,SBP,CA,AWP,WE,Federal Contract Tower,0,37,7,0,44,0,0,4,0,4,0,37,11,0,48,6,0,6,54
12/29/2004,SBP,CA,AWP,WE,Federal Contract Tower,0,33,9,0,42,0,10,37,0,47,0,43,46,0,89,106,0,106,195
12/30/2004,SBP,CA,AWP,WE,Federal Contract Tower,0,38,12,2,52,0,0,0,0,0,0,38,12,2,52,0,0,0,52
12/31/2004,SBP,CA,AWP,WE,Federal Contract Tower,0,32,7,0,39,0,1,33,0,34,0,33,40,0,73,96,0,96,169
01/01/2005,SBP,CA,AWP,WE,Federal Contract Tower,0,27,18,0,45,0,8,22,0,30,0,35,40,0,75,0,0,0,75
01/02/2005,SBP,CA,AWP,WE,Federal Contract Tower,0,28,28,0,56,0,0,18,0,18,0,28,46,0,74,44,0,44,118
01/03/2005,SBP,CA,AWP,WE,Federal Contract Tower,0,37,11,0,48,0,2,32,0,34,0,39,43,0,82,84,0,84,166
01/04/2005,SBP,CA,AWP,WE,Federal Contract Tower,0,36,11,0,47,0,8,42,0,50,0,44,53,0,97,120,0,120,217
01/05/2005,SBP,CA,AWP,WE,Federal Contract Tower,0,43,23,0,66,0,8,112,0,120,0,51,135,0,186,180,0,180,366
01/06/2005,SBP,CA,AWP,WE,Federal Contract Tower,0,36,13,0,49,0,15,96,2,113,0,51,109,2,162,162,0,162,324
01/07/2005,SBP,CA,AWP,WE,Federal Contract Tower,0,34,14,0,48,0,5,0,0,5,0,39,14,0,53,0,0,0,53
01/08/2005,SBP,CA,AWP,WE,Federal Contract Tower,0,27,12,0,39,0,0,2,0,2,0,27,14,0,41,0,0,0,41
01/09/2005,SBP,CA,AWP,WE,Federal Contract Tower,0,30,12,0,42,0,0,0,0,0,0,30,12,0,42,0,0,0,42
01/10/2005,SBP,CA,AWP,WE,Federal Contract Tower,0,36,11,0,47,0,3,0,0,3,0,39,11,0,50,2,0,2,52
01/11/2005,SBP,CA,AWP,WE,Federal Contract Tower,0,47,21,4,72,0,13,33,0,46,0,60,54,4,118,48,0,48,166
01/12/2005,SBP,CA,AWP,WE,Federal Contract Tower,0,38,14,2,54,0,15,169,0,184,0,53,183,2,238,110,0,110,348
01/13/2005,SBP,CA,AWP,WE,Federal Contract Tower,0,36,15,0,51,0,11,146,0,157,0,47,161,0,208,106,0,106,314
01/14/2005,SBP,CA,AWP,WE,Federal Contract Tower,0,40,24,2,66,0,13,197,0,210,0,53,221,2,276,48,10,58,334
01/15/2005,SBP,CA,AWP,WE,Federal Contract Tower,0,28,4,0,32,0,2,166,0,168,0,30,170,0,200,84,0,84,284
01/16/2005,SBP,CA,AWP,WE,Federal Contract Tower,0,29,17,2,48,0,9,190,2,201,0,38,207,4,249,52,0,52,301
01/17/2005,SBP,CA,AWP,WE,Federal Contract Tower,0,32,7,0,39,0,2,140,0,142,0,34,147,0,181,110,0,110,291
01/18/2005,SBP,CA,AWP,WE,Federal Contract Tower,0,36,10,0,46,0,19,80,0,99,0,55,90,0,145,120,0,120,265
01/19/2005,SBP,CA,AWP,WE,Federal Contract Tower,0,37,19,0,56,0,47,152,4,203,0,84,171,4,259,140,0,140,399
01/20/2005,SBP,CA,AWP,WE,Federal Contract Tower,0,41,7,0,48,0,10,165,3,178,0,51,172,3,226,194,0,194,420
01/21/2005,SBP,CA,AWP,WE,Federal Contract Tower,0,37,16,0,53,0,4,90,4,98,0,41,106,4,151,164,0,164,315
01/22/2005,SBP,CA,AWP,WE,Federal Contract Tower,0,28,23,0,51,0,5,107,0,112,0,33,130,0,163,132,0,132,295
01/23/2005,SBP,CA,AWP,WE,Federal Contract Tower,0,30,18,0,48,0,5,93,0,98,0,35,111,0,146,56,0,56,202
01/24/2005,SBP,CA,AWP,WE,Federal Contract Tower,0,35,12,0,47,0,5,62,0,67,0,40,74,0,114,178,0,178,292
01/25/2005,SBP,CA,AWP,WE,Federal Contract Tower,0,39,13,0,52,0,27,55,0,82,0,66,68,0,134,245,0,245,379
01/26/2005,SBP,CA,AWP,WE,Federal Contract Tower,0,44,32,0,76,0,6,6,0,12,0,50,38,0,88,42,0,42,130
01/27/2005,SBP,CA,AWP,WE,Federal Contract Tower,0,35,31,0,66,0,10,73,0,83,0,45,104,0,149,112,0,112,261
01/28/2005,SBP,CA,AWP,WE,Federal Contract Tower,0,40,25,0,65,0,4,31,2,37,0,44,56,2,102,112,0,112,214
01/29/2005,SBP,CA,AWP,WE,Federal Contract Tower,0,28,12,0,40,0,4,132,2,138,0,32,144,2,178,124,0,124,302
01/30/2005,SBP,CA,AWP,WE,Federal Contract Tower,0,30,12,0,42,0,13,251,1,265,0,43,263,1,307,22,0,22,329
01/31/2005,SBP,CA,AWP,WE,Federal Contract Tower,0,34,7,0,41,0,12,146,0,158,0,46,153,0,199,102,0,102,301
02/01/2005,SBP,CA,AWP,WE,Federal Contract Tower,0,34,16,5,55,0,9,117,9,135,0,43,133,14,190,198,0,198,388
02/02/2005,SBP,CA,AWP,WE,Federal Contract Tower,0,40,12,0,52,0,18,103,0,121,0,58,115,0,173,172,0,172,345
02/03/2005,SBP,CA,AWP,WE,Federal Contract Tower,0,36,15,2,53,0,8,159,0,167,0,44,174,2,220,198,0,198,418
02/04/2005,SBP,CA,AWP,WE,Federal Contract Tower,0,35,11,5,51,0,16,197,1,214,0,51,208,6,265,136,0,136,401
02/05/2005,SBP,CA,AWP,WE,Federal Contract Tower,0,30,16,0,46,0,4,130,2,136,0,34,146,2,182,60,0,60,242
02/06/2005,SBP,CA,AWP,WE,Federal Contract Tower,0,33,21,0,54,0,8,69,0,77,0,41,90,0,131,24,0,24,155
02/07/2005,SBP,CA,AWP,WE,Federal Contract Tower,0,37,32,0,69,0,14,74,1,89,0,51,106,1,158,88,0,88,246
02/08/2005,SBP,CA,AWP,WE,Federal Contract Tower,0,42,19,0,61,0,8,109,2,119,0,50,128,2,180,78,0,78,258
02/09/2005,SBP,CA,AWP,WE,Federal Contract Tower,0,35,17,1,53,0,17,137,1,155,0,52,154,2,208,170,0,170,378
02/10/2005,SBP,CA,AWP,WE,Federal Contract Tower,0,41,5,0,46,0,10,105,2,117,0,51,110,2,163,84,0,84,247
02/11/2005,SBP,CA,AWP,WE,Federal Contract Tower,0,38,33,0,71,0,12,37,0,49,0,50,70,0,120,38,0,38,158
02/12/2005,SBP,CA,AWP,WE,Federal Contract Tower,0,33,14,0,47,0,4,81,0,85,0,37,95,0,132,118,0,118,250
02/13/2005,SBP,CA,AWP,WE,Federal Contract Tower,0,29,36,0,65,0,7,13,0,20,0,36,49,0,85,24,0,24,109
02/14/2005,SBP,CA,AWP,WE,Federal Contract Tower,0,37,16,0,53,0,8,110,0,118,0,45,126,0,171,132,0,132,303
02/15/2005,SBP,CA,AWP,WE,Federal Contract Tower,0,43,37,0,80,0,2,7,0,9,0,45,44,0,89,14,0,14,103
02/16/2005,SBP,CA,AWP,WE,Federal Contract Tower,0,37,31,0,68,0,5,67,0,72,0,42,98,0,140,146,0,146,286
02/17/2005,SBP,CA,AWP,WE,Federal Contract Tower,0,39,32,0,71,0,4,8,0,12,0,43,40,0,83,10,0,10,93
02/18/2005,SBP,CA,AWP,WE,Federal Contract Tower,0,37,27,0,64,0,6,50,2,58,0,43,77,2,122,72,0,72,194
02/19/2005,SBP,CA,AWP,WE,Federal Contract Tower,0,31,9,2,42,0,2,3,0,5,0,33,12,2,47,0,0,0,47
02/20/2005,SBP,CA,AWP,WE,Federal Contract Tower,0,29,11,0,40,0,3,31,0,34,0,32,42,0,74,8,0,8,82
02/21/2005,SBP,CA,AWP,WE,Federal Contract Tower,0,33,14,1,48,0,2,3,1,6,0,35,17,2,54,0,0,0,54
02/22/2005,SBP,CA,AWP,WE,Federal Contract Tower,0,38,15,0,53,0,2,25,0,27,0,40,40,0,80,66,0,66,146
02/23/2005,SBP,CA,AWP,WE,Federal Contract Tower,0,39,17,3,59,0,16,121,7,144,0,55,138,10,203,162,0,162,365
02/24/2005,SBP,CA,AWP,WE,Federal Contract Tower,0,35,22,2,59,0,7,134,0,141,0,42,156,2,200,100,0,100,300
02/25/2005,SBP,CA,AWP,WE,Federal Contract Tower,0,36,25,2,63,0,10,68,0,78,0,46,93,2,141,156,0,156,297
02/26/2005,SBP,CA,AWP,WE,Federal Contract Tower,0,28,29,0,57,0,17,78,0,95,0,45,107,0,152,90,0,90,242
02/27/2005,SBP,CA,AWP,WE,Federal Contract Tower,0,28,27,2,57,0,0,60,0,60,0,28,87,2,117,50,0,50,167
02/28/2005,SBP,CA,AWP,WE,Federal Contract Tower,0,34,15,2,51,0,4,50,0,54,0,38,65,2,105,100,0,100,205
03/01/2005,SBP,CA,AWP,WE,Federal Contract Tower,0,35,35,0,70,0,7,57,0,64,0,42,92,0,134,276,0,276,410
03/02/2005,SBP,CA,AWP,WE,Federal Contract Tower,0,31,28,2,61,0,9,55,9,73,0,40,83,11,134,106,6,112,246
03/03/2005,SBP,CA,AWP,WE,Federal Contract Tower,0,41,37,1,79,0,4,45,0,49,0,45,82,1,128,134,0,134,262
03/04/2005,SBP,CA,AWP,WE,Federal Contract Tower,0,39,19,0,58,0,0,33,1,34,0,39,52,1,92,82,0,82,174
03/05/2005,SBP,CA,AWP,WE,Federal Contract Tower,0,32,14,1,47,0,7,178,4,189,0,39,192,5,236,122,0,122,358
03/06/2005,SBP,CA,AWP,WE,Federal Contract Tower,0,31,22,0,53,0,3,190,4,197,0,34,212,4,250,82,0,82,332
03/07/2005,SBP,CA,AWP,WE,Federal Contract Tower,0,34,11,0,45,0,16,114,0,130,0,50,125,0,175,114,0,114,289
03/08/2005,SBP,CA,AWP,WE,Federal Contract Tower,0,43,18,2,63,0,0,77,0,77,0,43,95,2,140,144,0,144,284
03/09/2005,SBP,CA,AWP,WE,Federal Contract Tower,0,34,19,4,57,0,13,149,0,162,0,47,168,4,219,174,0,174,393
03/10/2005,SBP,CA,AWP,WE,Federal Contract Tower,0,37,18,0,55,0,2,103,5,110,0,39,121,5,165,102,0,102,267
03/11/2005,SBP,CA,AWP,WE,Federal Contract Tower,0,37,20,0,57,0,13,121,0,134,0,50,141,0,191,124,0,124,315
03/12/2005,SBP,CA,AWP,WE,Federal Contract Tower,0,32,49,2,83,0,1,0,0,1,0,33,49,2,84,10,0,10,94
03/13/2005,SBP,CA,AWP,WE,Federal Contract Tower,0,27,50,0,77,0,2,14,0,16,0,29,64,0,93,54,0,54,147
03/14/2005,SBP,CA,AWP,WE,Federal Contract Tower,0,34,10,0,44,0,8,96,0,104,0,42,106,0,148,112,0,112,260
03/15/2005,SBP,CA,AWP,WE,Federal Contract Tower,0,39,19,2,60,0,9,131,0,140,0,48,150,2,200,170,0,170,370
03/16/2005,SBP,CA,AWP,WE,Federal Contract Tower,0,37,13,0,50,0,2,143,0,145,0,39,156,0,195,150,0,150,345
03/17/2005,SBP,CA,AWP,WE,Federal Contract Tower,0,36,20,0,56,0,9,114,2,125,0,45,134,2,181,152,0,152,333
03/18/2005,SBP,CA,AWP,WE,Federal Contract Tower,0,37,32,0,69,0,5,19,0,24,0,42,51,0,93,62,0,62,155
03/19/2005,SBP,CA,AWP,WE,Federal Contract Tower,0,33,24,0,57,0,0,8,0,8,0,33,32,0,65,14,0,14,79
03/20/2005,SBP,CA,AWP,WE,Federal Contract Tower,0,31,19,2,52,0,0,47,0,47,0,31,66,2,99,74,0,74,173
03/21/2005,SBP,CA,AWP,WE,Federal Contract Tower,0,37,18,0,55,0,4,65,0,69,0,41,83,0,124,80,0,80,204
03/22/2005,SBP,CA,AWP,WE,Federal Contract Tower,0,40,21,0,61,0,1,0,0,1,0,41,21,0,62,0,0,0,62
03/23/2005,SBP,CA,AWP,WE,Federal Contract Tower,0,38,24,2,64,0,6,55,0,61,0,44,79,2,125,124,0,124,249
03/24/2005,SBP,CA,AWP,WE,Federal Contract Tower,0,36,30,0,66,0,12,67,4,83,0,48,97,4,149,74,0,74,223
03/25/2005,SBP,CA,AWP,WE,Federal Contract Tower,0,39,24,0,63,0,14,168,0,182,0,53,192,0,245,104,0,104,349
03/26/2005,SBP,CA,AWP,WE,Federal Contract Tower,0,33,21,0,54,0,2,168,0,170,0,35,189,0,224,116,0,116,340
03/27/2005,SBP,CA,AWP,WE,Federal Contract Tower,0,31,14,0,45,0,1,118,2,121,0,32,132,2,166,34,0,34,200
03/28/2005,SBP,CA,AWP,WE,Federal Contract Tower,0,35,26,0,61,0,6,54,0,60,0,41,80,0,121,28,0,28,149
03/29/2005,SBP,CA,AWP,WE,Federal Contract Tower,0,41,11,0,52,0,19,87,0,106,0,60,98,0,158,90,0,90,248
03/30/2005,SBP,CA,AWP,WE,Federal Contract Tower,0,36,9,0,45,0,13,131,0,144,0,49,140,0,189,112,0,112,301
03/31/2005,SBP,CA,AWP,WE,Federal Contract Tower,0,38,9,0,47,0,10,114,0,124,0,48,123,0,171,92,0,92,263
04/01/2005,SBP,CA,AWP,WE,Federal Contract Tower,0,37,8,4,49,0,2,149,2,153,0,39,157,6,202,120,0,120,322
04/02/2005,SBP,CA,AWP,WE,Federal Contract Tower,0,33,19,0,52,0,0,158,2,160,0,33,177,2,212,114,0,114,326
04/03/2005,SBP,CA,AWP,WE,Federal Contract Tower,0,29,27,0,56,0,2,88,2,92,0,31,115,2,148,48,0,48,196
04/04/2005,SBP,CA,AWP,WE,Federal Contract Tower,0,33,16,0,49,0,7,88,0,95,0,40,104,0,144,114,0,114,258
04/05/2005,SBP,CA,AWP,WE,Federal Contract Tower,0,35,20,0,55,0,14,149,0,163,0,49,169,0,218,136,0,136,354
04/06/2005,SBP,CA,AWP,WE,Federal Contract Tower,0,39,11,0,50,0,4,131,3,138,0,43,142,3,188,74,0,74,262
04/07/2005,SBP,CA,AWP,WE,Federal Contract Tower,0,38,33,0,71,0,8,28,0,36,0,46,61,0,107,98,0,98,205
04/08/2005,SBP,CA,AWP,WE,Federal Contract Tower,0,37,23,0,60,0,4,58,0,62,0,41,81,0,122,124,0,124,246
04/09/2005,SBP,CA,AWP,WE,Federal Contract Tower,0,33,18,0,51,0,4,69,0,73,0,37,87,0,124,106,0,106,230
04/10/2005,SBP,CA,AWP,WE,Federal Contract Tower,0,36,19,0,55,0,2,133,0,135,0,38,152,0,190,54,0,54,244
04/11/2005,SBP,CA,AWP,WE,Federal Contract Tower,0,33,20,2,55,0,13,125,2,140,0,46,145,4,195,156,0,156,351
04/12/2005,SBP,CA,AWP,WE,Federal Contract Tower,0,33,8,2,43,0,19,94,0,113,0,52,102,2,156,122,0,122,278
04/13/2005,SBP,CA,AWP,WE,Federal Contract Tower,0,34,14,0,48,0,26,78,4,108,0,60,92,4,156,38,0,38,194
04/14/2005,SBP,CA,AWP,WE,Federal Contract Tower,0,38,3,0,41,0,6,87,0,93,0,44,90,0,134,66,0,66,200
04/15/2005,SBP,CA,AWP,WE,Federal Contract Tower,0,36,18,0,54,0,12,125,0,137,0,48,143,0,191,86,0,86,277
04/16/2005,SBP,CA,AWP,WE,Federal Contract Tower,0,32,22,0,54,0,2,147,0,149,0,34,169,0,203,154,0,154,357
04/17/2005,SBP,CA,AWP,WE,Federal Contract Tower,0,35,30,0,65,0,2,156,2,160,0,37,186,2,225,94,0,94,319
04/18/2005,SBP,CA,AWP,WE,Federal Contract Tower,0,32,16,0,48,0,13,80,0,93,0,45,96,0,141,90,0,90,231
04/19/2005,SBP,CA,AWP,WE,Federal Contract Tower,0,36,8,0,44,0,18,130,0,148,0,54,138,0,192,188,0,188,380
04/20/2005,SBP,CA,AWP,WE,Federal Contract Tower,0,36,18,0,54,0,12,106,0,118,0,48,124,0,172,164,0,164,336
04/21/2005,SBP,CA,AWP,WE,Federal Contract Tower,0,34,17,0,51,0,11,150,0,161,0,45,167,0,212,116,0,116,328
04/22/2005,SBP,CA,AWP,WE,Federal Contract Tower,0,35,34,0,69,0,5,40,0,45,0,40,74,0,114,54,0,54,168
04/23/2005,SBP,CA,AWP,WE,Federal Contract Tower,0,29,26,3,58,0,9,43,1,53,0,38,69,4,111,34,0,34,145
04/24/2005,SBP,CA,AWP,WE,Federal Contract Tower,0,32,22,0,54,0,1,97,0,98,0,33,119,0,152,146,0,146,298
04/25/2005,SBP,CA,AWP,WE,Federal Contract Tower,0,36,12,2,50,0,11,98,0,109,0,47,110,2,159,92,0,92,251
04/26/2005,SBP,CA,AWP,WE,Federal Contract Tower,0,33,10,0,43,0,19,128,0,147,0,52,138,0,190,130,0,130,320
04/27/2005,SBP,CA,AWP,WE,Federal Contract Tower,0,39,19,2,60,0,9,19,0,28,0,48,38,2,88,18,0,18,106
04/28/2005,SBP,CA,AWP,WE,Federal Contract Tower,0,42,38,0,80,0,8,20,0,28,0,50,58,0,108,42,0,42,150
04/29/2005,SBP,CA,AWP,WE,Federal Contract Tower,0,37,25,0,62,0,13,136,0,149,0,50,161,0,211,144,0,144,355
04/30/2005,SBP,CA,AWP,WE,Federal Contract Tower,0,37,25,0,62,0,0,146,2,148,0,37,171,2,210,116,0,116,326
05/01/2005,SBP,CA,AWP,WE,Federal Contract Tower,0,32,13,0,45,0,4,144,0,148,0,36,157,0,193,38,0,38,231
05/02/2005,SBP,CA,AWP,WE,Federal Contract Tower,0,39,9,0,48,0,15,137,0,152,0,54,146,0,200,80,0,80,280
05/03/2005,SBP,CA,AWP,WE,Federal Contract Tower,0,39,9,2,50,0,11,122,0,133,0,50,131,2,183,32,0,32,215
05/04/2005,SBP,CA,AWP,WE,Federal Contract Tower,0,47,47,1,95,0,5,57,1,63,0,52,104,2,158,32,0,32,190
05/05/2005,SBP,CA,AWP,WE,Federal Contract Tower,0,48,25,1,74,0,10,15,1,26,0,58,40,2,100,32,0,32,132
05/06/2005,SBP,CA,AWP,WE,Federal Contract Tower,0,40,26,0,66,0,8,77,0,85,0,48,103,0,151,124,0,124,275
05/07/2005,SBP,CA,AWP,WE,Federal Contract Tower,0,32,15,0,47,0,5,142,0,147,0,37,157,0,194,86,0,86,280
05/08/2005,SBP,CA,AWP,WE,Federal Contract Tower,0,32,22,0,54,0,1,67,0,68,0,33,89,0,122,20,0,20,142
05/09/2005,SBP,CA,AWP,WE,Federal Contract Tower,0,36,19,0,55,0,10,50,0,60,0,46,69,0,115,62,0,62,177
05/10/2005,SBP,CA,AWP,WE,Federal Contract Tower,0,40,8,0,48,0,4,80,0,84,0,44,88,0,132,88,0,88,220
05/11/2005,SBP,CA,AWP,WE,Federal Contract Tower,0,36,18,2,56,0,8,103,0,111,0,44,121,2,167,72,4,76,243
05/12/2005,SBP,CA,AWP,WE,Federal Contract Tower,0,37,8,0,45,0,12,149,0,161,0,49,157,0,206,194,0,194,400
05/13/2005,SBP,CA,AWP,WE,Federal Contract Tower,0,34,12,2,48,0,14,138,1,153,0,48,150,3,201,88,0,88,289
05/14/2005,SBP,CA,AWP,WE,Federal Contract Tower,0,32,16,0,48,0,1,128,7,136,0,33,144,7,184,42,0,42,226
05/15/2005,SBP,CA,AWP,WE,Federal Contract Tower,0,34,17,2,53,0,9,156,0,165,0,43,173,2,218,18,0,18,236
05/16/2005,SBP,CA,AWP,WE,Federal Contract Tower,0,40,15,1,56,0,1,39,1,41,0,41,54,2,97,66,0,66,163
05/17/2005,SBP,CA,AWP,WE,Federal Contract Tower,0,40,16,0,56,0,8,83,0,91,0,48,99,0,147,70,0,70,217
05/18/2005,SBP,CA,AWP,WE,Federal Contract Tower,0,33,8,0,41,0,10,116,2,128,0,43,124,2,169,158,0,158,327
05/19/2005,SBP,CA,AWP,WE,Federal Contract Tower,0,35,20,0,55,0,17,117,0,134,0,52,137,0,189,120,0,120,309
05/20/2005,SBP,CA,AWP,WE,Federal Contract Tower,0,37,18,0,55,0,1,102,0,103,0,38,120,0,158,60,0,60,218
05/21/2005,SBP,CA,AWP,WE,Federal Contract Tower,0,34,20,0,54,0,2,141,0,143,0,36,161,0,197,0,80,80,277
05/22/2005,SBP,CA,AWP,WE,Federal Contract Tower,0,34,15,0,49,0,1,167,0,168,0,35,182,0,217,12,0,12,229
05/23/2005,SBP,CA,AWP,WE,Federal Contract Tower,0,32,12,0,44,0,14,90,0,104,0,46,102,0,148,30,0,30,178
05/24/2005,SBP,CA,AWP,WE,Federal Contract Tower,0,35,15,0,50,0,8,103,0,111,0,43,118,0,161,104,0,104,265
05/25/2005,SBP,CA,AWP,WE,Federal Contract Tower,0,40,28,0,68,0,4,84,0,88,0,44,112,0,156,76,0,76,232
05/26/2005,SBP,CA,AWP,WE,Federal Contract Tower,0,38,35,2,75,0,4,74,0,78,0,42,109,2,153,100,0,100,253
05/27/2005,SBP,CA,AWP,WE,Federal Contract Tower,0,38,39,0,77,0,0,100,0,100,0,38,139,0,177,62,0,62,239
05/28/2005,SBP,CA,AWP,WE,Federal Contract Tower,0,28,22,0,50,0,4,77,2,83,0,32,99,2,133,82,0,82,215
05/29/2005,SBP,CA,AWP,WE,Federal Contract Tower,0,27,9,0,36,0,9,102,2,113,0,36,111,2,149,12,0,12,161
05/30/2005,SBP,CA,AWP,WE,Federal Contract Tower,0,30,12,0,42,0,1,198,0,199,0,31,210,0,241,116,0,116,357
05/31/2005,SBP,CA,AWP,WE,Federal Contract Tower,0,40,18,0,58,0,6,95,0,101,0,46,113,0,159,76,0,76,235
06/01/2005,SBP,CA,AWP,WE,Federal Contract Tower,0,34,26,0,60,0,18,112,0,130,0,52,138,0,190,130,0,130,320
06/02/2005,SBP,CA,AWP,WE,Federal Contract Tower,0,42,36,1,79,0,14,100,3,117,0,56,136,4,196,72,0,72,268
06/03/2005,SBP,CA,AWP,WE,Federal Contract Tower,0,39,32,0,71,0,12,124,0,136,0,51,156,0,207,96,0,96,303
06/04/2005,SBP,CA,AWP,WE,Federal Contract Tower,0,36,30,0,66,0,3,108,0,111,0,39,138,0,177,112,0,112,289
06/05/2005,SBP,CA,AWP,WE,Federal Contract Tower,0,31,15,2,48,0,1,151,0,152,0,32,166,2,200,40,0,40,240
06/06/2005,SBP,CA,AWP,WE,Federal Contract Tower,0,32,13,4,49,0,21,119,0,140,0,53,132,4,189,40,0,40,229
06/07/2005,SBP,CA,AWP,WE,Federal Contract Tower,0,36,12,0,48,0,12,129,0,141,0,48,141,0,189,120,0,120,309
06/08/2005,SBP,CA,AWP,WE,Federal Contract Tower,0,33,16,2,51,0,5,83,0,88,0,38,99,2,139,116,0,116,255
06/09/2005,SBP,CA,AWP,WE,Federal Contract Tower,0,35,26,2,63,0,1,65,9,75,0,36,91,11,138,78,0,78,216
06/10/2005,SBP,CA,AWP,WE,Federal Contract Tower,0,36,30,1,67,0,10,110,1,121,0,46,140,2,188,78,0,78,266
06/11/2005,SBP,CA,AWP,WE,Federal Contract Tower,0,34,22,0,56,0,2,131,2,135,0,36,153,2,191,110,0,110,301
06/12/2005,SBP,CA,AWP,WE,Federal Contract Tower,0,33,19,0,52,0,1,147,0,148,0,34,166,0,200,30,0,30,230
06/13/2005,SBP,CA,AWP,WE,Federal Contract Tower,0,34,14,0,48,0,6,109,0,115,0,40,123,0,163,150,0,150,313
06/14/2005,SBP,CA,AWP,WE,Federal Contract Tower,0,43,37,1,81,0,9,84,1,94,0,52,121,2,175,82,0,82,257
06/15/2005,SBP,CA,AWP,WE,Federal Contract Tower,0,48,31,0,79,0,1,76,2,79,0,49,107,2,158,36,0,36,194
06/16/2005,SBP,CA,AWP,WE,Federal Contract Tower,0,43,28,0,71,0,3,71,0,74,0,46,99,0,145,136,0,136,281
06/17/2005,SBP,CA,AWP,WE,Federal Contract Tower,0,43,30,0,73,0,6,111,2,119,0,49,141,2,192,56,0,56,248
06/18/2005,SBP,CA,AWP,WE,Federal Contract Tower,0,38,21,0,59,0,7,95,0,102,0,45,116,0,161,80,0,80,241
06/19/2005,SBP,CA,AWP,WE,Federal Contract Tower,0,34,13,0,47,0,1,169,2,172,0,35,182,2,219,66,0,66,285
06/20/2005,SBP,CA,AWP,WE,Federal Contract Tower,0,36,14,0,50,0,8,97,0,105,0,44,111,0,155,98,0,98,253
06/21/2005,SBP,CA,AWP,WE,Federal Contract Tower,0,40,19,0,59,0,8,105,0,113,0,48,124,0,172,118,0,118,290
06/22/2005,SBP,CA,AWP,WE,Federal Contract Tower,0,36,11,4,51,0,6,93,0,99,0,42,104,4,150,110,10,120,270
06/23/2005,SBP,CA,AWP,WE,Federal Contract Tower,0,40,21,0,61,0,15,105,2,122,0,55,126,2,183,22,0,22,205
06/24/2005,SBP,CA,AWP,WE,Federal Contract Tower,0,42,21,2,65,0,14,125,0,139,0,56,146,2,204,94,0,94,298
06/25/2005,SBP,CA,AWP,WE,Federal Contract Tower,0,35,15,0,50,0,4,109,0,113,0,39,124,0,163,92,0,92,255
06/26/2005,SBP,CA,AWP,WE,Federal Contract Tower,0,39,21,0,60,0,0,129,0,129,0,39,150,0,189,54,0,54,243
06/27/2005,SBP,CA,AWP,WE,Federal Contract Tower,0,38,23,0,61,0,5,53,0,58,0,43,76,0,119,6,0,6,125
06/28/2005,SBP,CA,AWP,WE,Federal Contract Tower,0,44,14,2,60,0,16,68,0,84,0,60,82,2,144,72,0,72,216
06/29/2005,SBP,CA,AWP,WE,Federal Contract Tower,0,42,26,0,68,0,12,110,0,122,0,54,136,0,190,98,0,98,288
06/30/2005,SBP,CA,AWP,WE,Federal Contract Tower,0,42,17,0,59,0,8,104,0,112,0,50,121,0,171,142,0,142,313
07/01/2005,SBP,CA,AWP,WE,Federal Contract Tower,0,44,17,0,61,0,7,122,8,137,0,51,139,8,198,150,0,150,348
07/02/2005,SBP,CA,AWP,WE,Federal Contract Tower,0,37,18,0,55,0,3,107,12,122,0,40,125,12,177,44,0,44,221
07/03/2005,SBP,CA,AWP,WE,Federal Contract Tower,0,27,7,0,34,0,2,99,0,101,0,29,106,0,135,150,0,150,285
07/04/2005,SBP,CA,AWP,WE,Federal Contract Tower,0,31,9,0,40,0,0,75,2,77,0,31,84,2,117,0,0,0,117
07/05/2005,SBP,CA,AWP,WE,Federal Contract Tower,0,46,27,0,73,0,5,114,2,121,0,51,141,2,194,96,0,96,290
07/06/2005,SBP,CA,AWP,WE,Federal Contract Tower,0,45,24,1,70,0,12,112,1,125,0,57,136,2,195,142,0,142,337
07/07/2005,SBP,CA,AWP,WE,Federal Contract Tower,0,45,26,0,71,0,8,154,0,162,0,53,180,0,233,86,0,86,319
07/08/2005,SBP,CA,AWP,WE,Federal Contract Tower,0,39,13,3,55,0,21,113,3,137,0,60,126,6,192,72,0,72,264
07/09/2005,SBP,CA,AWP,WE,Federal Contract Tower,0,41,19,0,60,0,11,98,0,109,0,52,117,0,169,82,0,82,251
07/10/2005,SBP,CA,AWP,WE,Federal Contract Tower,0,35,6,0,41,0,14,127,2,143,0,49,133,2,184,32,0,32,216
07/11/2005,SBP,CA,AWP,WE,Federal Contract Tower,0,41,9,2,52,0,5,101,2,108,0,46,110,4,160,78,0,78,238
07/12/2005,SBP,CA,AWP,WE,Federal Contract Tower,0,34,6,0,40,0,14,100,0,114,0,48,106,0,154,62,0,62,216
07/13/2005,SBP,CA,AWP,WE,Federal Contract Tower,0,39,16,0,55,0,7,137,0,144,0,46,153,0,199,156,0,156,355
07/14/2005,SBP,CA,AWP,WE,Federal Contract Tower,0,39,14,0,53,0,13,130,0,143,0,52,144,0,196,70,0,70,266
07/15/2005,SBP,CA,AWP,WE,Federal Contract Tower,0,41,28,0,69,0,2,97,0,99,0,43,125,0,168,68,0,68,236
07/16/2005,SBP,CA,AWP,WE,Federal Contract Tower,0,36,18,0,54,0,1,103,0,104,0,37,121,0,158,104,0,104,262
07/17/2005,SBP,CA,AWP,WE,Federal Contract Tower,0,43,17,0,60,0,1,131,2,134,0,44,148,2,194,92,0,92,286
07/18/2005,SBP,CA,AWP,WE,Federal Contract Tower,0,45,15,0,60,0,3,92,0,95,0,48,107,0,155,40,0,40,195
07/19/2005,SBP,CA,AWP,WE,Federal Contract Tower,0,42,11,0,53,0,4,73,0,77,0,46,84,0,130,66,0,66,196
07/20/2005,SBP,CA,AWP,WE,Federal Contract Tower,0,43,10,1,54,0,5,116,2,123,0,48,126,3,177,150,8,158,335
07/21/2005,SBP,CA,AWP,WE,Federal Contract Tower,0,38,14,0,52,0,8,140,0,148,0,46,154,0,200,58,0,58,258
07/22/2005,SBP,CA,AWP,WE,Federal Contract Tower,0,40,14,4,58,0,10,121,1,132,0,50,135,5,190,86,0,86,276
07/23/2005,SBP,CA,AWP,WE,Federal Contract Tower,0,35,10,0,45,0,13,129,0,142,0,48,139,0,187,106,0,106,293
07/24/2005,SBP,CA,AWP,WE,Federal Contract Tower,0,36,9,0,45,0,1,120,2,123,0,37,129,2,168,82,0,82,250
07/25/2005,SBP,CA,AWP,WE,Federal Contract Tower,0,40,15,2,57,0,5,97,5,107,0,45,112,7,164,124,0,124,288
07/26/2005,SBP,CA,AWP,WE,Federal Contract Tower,0,44,9,1,54,0,4,100,1,105,0,48,109,2,159,102,0,102,261
07/27/2005,SBP,CA,AWP,WE,Federal Contract Tower,0,42,24,1,67,0,10,77,0,87,0,52,101,1,154,172,0,172,326
07/28/2005,SBP,CA,AWP,WE,Federal Contract Tower,0,41,18,0,59,0,16,146,0,162,0,57,164,0,221,168,0,168,389
07/29/2005,SBP,CA,AWP,WE,Federal Contract Tower,0,42,9,0,51,0,9,122,3,134,0,51,131,3,185,136,0,136,321
07/30/2005,SBP,CA,AWP,WE,Federal Contract Tower,0,34,17,1,52,0,2,183,3,188,0,36,200,4,240,108,0,108,348
07/31/2005,SBP,CA,AWP,WE,Federal Contract Tower,0,38,15,0,53,0,3,139,4,146,0,41,154,4,199,26,0,26,225
08/01/2005,SBP,CA,AWP,WE,Federal Contract Tower,0,43,27,2,72,0,10,86,0,96,0,53,113,2,168,130,0,130,298
08/02/2005,SBP,CA,AWP,WE,Federal Contract Tower,0,46,18,0,64,0,11,85,0,96,0,57,103,0,160,160,0,160,320
08/03/2005,SBP,CA,AWP,WE,Federal Contract Tower,0,39,20,5,64,0,8,101,3,112,0,47,121,8,176,134,0,134,310
08/04/2005,SBP,CA,AWP,WE,Federal Contract Tower,0,43,23,0,66,0,15,99,0,114,0,58,122,0,180,120,0,120,300
08/05/2005,SBP,CA,AWP,WE,Federal Contract Tower,0,39,10,3,52,0,8,130,2,140,0,47,140,5,192,124,0,124,316
08/06/2005,SBP,CA,AWP,WE,Federal Contract Tower,0,34,13,1,48,0,6,133,8,147,0,40,146,9,195,84,0,84,279
08/07/2005,SBP,CA,AWP,WE,Federal Contract Tower,0,34,12,0,46,0,5,164,0,169,0,39,176,0,215,86,0,86,301
08/08/2005,SBP,CA,AWP,WE,Federal Contract Tower,0,41,26,1,68,0,18,95,3,116,0,59,121,4,184,104,0,104,288
08/09/2005,SBP,CA,AWP,WE,Federal Contract Tower,0,45,14,0,59,0,12,114,2,128,0,57,128,2,187,90,0,90,277
08/10/2005,SBP,CA,AWP,WE,Federal Contract Tower,0,48,24,1,73,0,14,96,5,115,0,62,120,6,188,123,0,123,311
08/11/2005,SBP,CA,AWP,WE,Federal Contract Tower,0,40,25,0,65,0,12,119,0,131,0,52,144,0,196,162,0,162,358
08/12/2005,SBP,CA,AWP,WE,Federal Contract Tower,0,39,18,0,57,0,20,115,0,135,0,59,133,0,192,54,0,54,246
08/13/2005,SBP,CA,AWP,WE,Federal Contract Tower,0,41,33,4,78,0,3,59,0,62,0,44,92,4,140,60,0,60,200
08/14/2005,SBP,CA,AWP,WE,Federal Contract Tower,0,37,27,0,64,0,6,95,0,101,0,43,122,0,165,70,0,70,235
08/15/2005,SBP,CA,AWP,WE,Federal Contract Tower,0,42,16,5,63,0,6,55,1,62,0,48,71,6,125,106,0,106,231
08/16/2005,SBP,CA,AWP,WE,Federal Contract Tower,0,44,17,2,63,0,0,90,3,93,0,44,107,5,156,94,0,94,250
08/17/2005,SBP,CA,AWP,WE,Federal Contract Tower,0,48,23,0,71,0,3,71,2,76,0,51,94,2,147,128,0,128,275
08/18/2005,SBP,CA,AWP,WE,Federal Contract Tower,0,44,35,0,79,0,14,62,4,80,0,58,97,4,159,66,0,66,225
08/19/2005,SBP,CA,AWP,WE,Federal Contract Tower,0,42,34,0,76,0,12,123,2,137,0,54,157,2,213,66,0,66,279
08/20/2005,SBP,CA,AWP,WE,Federal Contract Tower,0,39,23,0,62,0,10,143,1,154,0,49,166,1,216,56,0,56,272
08/21/2005,SBP,CA,AWP,WE,Federal Contract Tower,0,44,22,0,66,0,2,132,4,138,0,46,154,4,204,49,0,49,253
08/22/2005,SBP,CA,AWP,WE,Federal Contract Tower,0,43,22,0,65,0,7,81,0,88,0,50,103,0,153,132,0,132,285
08/23/2005,SBP,CA,AWP,WE,Federal Contract Tower,0,48,11,0,59,0,11,114,0,125,0,59,125,0,184,140,0,140,324
08/24/2005,SBP,CA,AWP,WE,Federal Contract Tower,0,43,19,0,62,0,3,80,0,83,0,46,99,0,145,94,0,94,239
08/25/2005,SBP,CA,AWP,WE,Federal Contract Tower,0,37,18,0,55,0,11,86,0,97,0,48,104,0,152,106,0,106,258
08/26/2005,SBP,CA,AWP,WE,Federal Contract Tower,0,39,7,0,46,0,12,151,0,163,0,51,158,0,209,76,0,76,285
08/27/2005,SBP,CA,AWP,WE,Federal Contract Tower,0,34,8,0,42,0,10,125,2,137,0,44,133,2,179,128,0,128,307
08/28/2005,SBP,CA,AWP,WE,Federal Contract Tower,0,42,11,0,53,0,5,150,2,157,0,47,161,2,210,108,0,108,318
08/29/2005,SBP,CA,AWP,WE,Federal Contract Tower,0,38,11,0,49,0,11,86,0,97,0,49,97,0,146,82,0,82,228
08/30/2005,SBP,CA,AWP,WE,Federal Contract Tower,0,43,5,0,48,0,15,109,10,134,0,58,114,10,182,56,0,56,238
08/31/2005,SBP,CA,AWP,WE,Federal Contract Tower,0,48,19,2,69,0,5,94,18,117,0,53,113,20,186,118,0,118,304
09/01/2005,SBP,CA,AWP,WE,Federal Contract Tower,0,46,22,0,68,0,8,65,0,73,0,54,87,0,141,110,0,110,251
09/02/2005,SBP,CA,AWP,WE,Federal Contract Tower,0,48,17,0,65,0,3,97,0,100,0,51,114,0,165,88,0,88,253
09/03/2005,SBP,CA,AWP,WE,Federal Contract Tower,0,39,14,0,53,0,6,95,0,101,0,45,109,0,154,136,0,136,290
09/04/2005,SBP,CA,AWP,WE,Federal Contract Tower,0,37,7,1,45,0,0,121,0,121,0,37,128,1,166,8,0,8,174
09/05/2005,SBP,CA,AWP,WE,Federal Contract Tower,0,37,11,0,48,0,3,134,0,137,0,40,145,0,185,74,0,74,259
09/06/2005,SBP,CA,AWP,WE,Federal Contract Tower,0,36,18,1,55,0,12,122,1,135,0,48,140,2,190,162,0,162,352
09/07/2005,SBP,CA,AWP,WE,Federal Contract Tower,0,46,17,2,65,0,7,92,0,99,0,53,109,2,164,124,0,124,288
09/08/2005,SBP,CA,AWP,WE,Federal Contract Tower,2,47,27,1,77,0,5,76,0,81,2,52,103,1,158,116,0,116,274
09/09/2005,SBP,CA,AWP,WE,Federal Contract Tower,0,44,25,0,69,0,10,79,0,89,0,54,104,0,158,108,0,108,266
09/10/2005,SBP,CA,AWP,WE,Federal Contract Tower,0,36,18,0,54,0,4,96,0,100,0,40,114,0,154,110,0,110,264
09/11/2005,SBP,CA,AWP,WE,Federal Contract Tower,0,38,16,2,56,0,1,116,2,119,0,39,132,4,175,66,0,66,241
09/12/2005,SBP,CA,AWP,WE,Federal Contract Tower,0,39,14,0,53,0,6,87,0,93,0,45,101,0,146,34,0,34,180
09/13/2005,SBP,CA,AWP,WE,Federal Contract Tower,0,43,21,0,64,0,7,109,0,116,0,50,130,0,180,76,0,76,256
09/14/2005,SBP,CA,AWP,WE,Federal Contract Tower,0,42,14,0,56,0,6,107,0,113,0,48,121,0,169,116,0,116,285
09/15/2005,SBP,CA,AWP,WE,Federal Contract Tower,0,40,28,0,68,0,4,94,0,98,0,44,122,0,166,104,0,104,270
09/16/2005,SBP,CA,AWP,WE,Federal Contract Tower,0,47,26,0,73,0,7,108,0,115,0,54,134,0,188,162,0,162,350
09/17/2005,SBP,CA,AWP,WE,Federal Contract Tower,0,36,13,0,49,0,0,97,0,97,0,36,110,0,146,62,0,62,208
09/18/2005,SBP,CA,AWP,WE,Federal Contract Tower,0,42,11,0,53,0,2,85,0,87,0,44,96,0,140,58,0,58,198
09/19/2005,SBP,CA,AWP,WE,Federal Contract Tower,0,39,10,0,49,0,17,101,0,118,0,56,111,0,167,126,0,126,293
09/20/2005,SBP,CA,AWP,WE,Federal Contract Tower,0,51,9,0,60,0,6,63,0,69,0,57,72,0,129,178,0,178,307
09/21/2005,SBP,CA,AWP,WE,Federal Contract Tower,0,41,13,0,54,0,4,74,0,78,0,45,87,0,132,136,0,136,268
09/22/2005,SBP,CA,AWP,WE,Federal Contract Tower,0,41,9,4,54,0,8,120,0,128,0,49,129,4,182,94,0,94,276
09/23/2005,SBP,CA,AWP,WE,Federal Contract Tower,0,39,26,0,65,0,8,106,0,114,0,47,132,0,179,78,0,78,257
09/24/2005,SBP,CA,AWP,WE,Federal Contract Tower,0,31,8,0,39,0,2,150,2,154,0,33,158,2,193,164,0,164,357
09/25/2005,SBP,CA,AWP,WE,Federal Contract Tower,0,40,17,0,57,0,0,111,0,111,0,40,128,0,168,98,0,98,266
09/26/2005,SBP,CA,AWP,WE,Federal Contract Tower,0,32,17,0,49,0,11,51,0,62,0,43,68,0,111,168,0,168,279
09/27/2005,SBP,CA,AWP,WE,Federal Contract Tower,0,40,15,2,57,0,3,81,2,86,0,43,96,4,143,94,0,94,237
09/28/2005,SBP,CA,AWP,WE,Federal Contract Tower,0,39,10,2,51,0,12,86,0,98,0,51,96,2,149,120,0,120,269
09/29/2005,SBP,CA,AWP,WE,Federal Contract Tower,0,38,14,0,52,0,7,136,0,143,0,45,150,0,195,114,0,114,309
09/30/2005,SBP,CA,AWP,WE,Federal Contract Tower,0,43,12,0,55,0,3,116,1,120,0,46,128,1,175,95,0,95,270
10/01/2005,SBP,CA,AWP,WE,Federal Contract Tower,0,38,7,1,46,0,1,112,1,114,0,39,119,2,160,82,0,82,242
10/02/2005,SBP,CA,AWP,WE,Federal Contract Tower,0,34,19,0,53,0,0,127,0,127,0,34,146,0,180,66,0,66,246
10/03/2005,SBP,CA,AWP,WE,Federal Contract Tower,0,36,6,0,42,0,15,82,0,97,0,51,88,0,139,28,0,28,167
10/04/2005,SBP,CA,AWP,WE,Federal Contract Tower,0,38,4,0,42,0,6,80,0,86,0,44,84,0,128,80,0,80,208
10/05/2005,SBP,CA,AWP,WE,Federal Contract Tower,0,42,3,0,45,0,15,76,0,91,0,57,79,0,136,50,0,50,186
10/06/2005,SBP,CA,AWP,WE,Federal Contract Tower,0,41,6,2,49,0,7,141,2,150,0,48,147,4,199,162,0,162,361
10/07/2005,SBP,CA,AWP,WE,Federal Contract Tower,0,31,16,1,48,0,9,146,3,158,0,40,162,4,206,162,0,162,368
10/08/2005,SBP,CA,AWP,WE,Federal Contract Tower,0,37,14,0,51,0,0,106,0,106,0,37,120,0,157,100,0,100,257
10/09/2005,SBP,CA,AWP,WE,Federal Contract Tower,0,34,13,0,47,0,1,103,0,104,0,35,116,0,151,54,0,54,205
10/10/2005,SBP,CA,AWP,WE,Federal Contract Tower,0,38,6,0,44,0,3,99,0,102,0,41,105,0,146,110,0,110,256
10/11/2005,SBP,CA,AWP,WE,Federal Contract Tower,0,44,11,2,57,0,10,84,0,94,0,54,95,2,151,124,0,124,275
10/12/2005,SBP,CA,AWP,WE,Federal Contract Tower,0,39,21,2,62,0,9,94,0,103,0,48,115,2,165,102,0,102,267
10/13/2005,SBP,CA,AWP,WE,Federal Contract Tower,0,46,7,1,54,0,2,103,0,105,0,48,110,1,159,174,0,174,333
10/14/2005,SBP,CA,AWP,WE,Federal Contract Tower,0,41,16,0,57,0,2,169,0,171,0,43,185,0,228,142,0,142,370
10/15/2005,SBP,CA,AWP,WE,Federal Contract Tower,0,36,13,0,49,0,13,70,6,89,0,49,83,6,138,58,0,58,196
10/16/2005,SBP,CA,AWP,WE,Federal Contract Tower,0,39,18,0,57,0,8,127,0,135,0,47,145,0,192,50,0,50,242
10/17/2005,SBP,CA,AWP,WE,Federal Contract Tower,0,45,9,0,54,0,8,56,0,64,0,53,65,0,118,60,0,60,178
10/18/2005,SBP,CA,AWP,WE,Federal Contract Tower,0,47,23,1,71,0,5,56,1,62,0,52,79,2,133,34,0,34,167
10/19/2005,SBP,CA,AWP,WE,Federal Contract Tower,0,41,22,0,63,0,7,91,0,98,0,48,113,0,161,94,0,94,255
10/20/2005,SBP,CA,AWP,WE,Federal Contract Tower,0,45,22,0,67,0,14,91,0,105,0,59,113,0,172,162,0,162,334
10/21/2005,SBP,CA,AWP,WE,Federal Contract Tower,0,41,21,0,62,0,9,133,0,142,0,50,154,0,204,168,0,168,372
10/22/2005,SBP,CA,AWP,WE,Federal Contract Tower,0,33,36,0,69,0,0,45,0,45,0,33,81,0,114,64,0,64,178
10/23/2005,SBP,CA,AWP,WE,Federal Contract Tower,0,35,63,0,98,0,0,0,0,0,0,35,63,0,98,0,0,0,98
10/24/2005,SBP,CA,AWP,WE,Federal Contract Tower,0,43,38,0,81,0,1,19,0,20,0,44,57,0,101,62,0,62,163
10/25/2005,SBP,CA,AWP,WE,Federal Contract Tower,0,41,23,0,64,0,7,80,0,87,0,48,103,0,151,156,0,156,307
10/26/2005,SBP,CA,AWP,WE,Federal Contract Tower,0,42,15,0,57,0,5,92,4,101,0,47,107,4,158,48,0,48,206
10/27/2005,SBP,CA,AWP,WE,Federal Contract Tower,0,41,17,2,60,0,6,65,0,71,0,47,82,2,131,130,0,130,261
10/28/2005,SBP,CA,AWP,WE,Federal Contract Tower,0,43,17,0,60,0,7,126,0,133,0,50,143,0,193,138,0,138,331
10/29/2005,SBP,CA,AWP,WE,Federal Contract Tower,0,31,23,0,54,0,5,109,0,114,0,36,132,0,168,80,0,80,248
10/30/2005,SBP,CA,AWP,WE,Federal Contract Tower,0,37,24,0,61,0,1,179,0,180,0,38,203,0,241,64,0,64,305
10/31/2005,SBP,CA,AWP,WE,Federal Contract Tower,0,35,6,2,43,0,26,90,4,120,0,61,96,6,163,78,0,78,241
11/01/2005,SBP,CA,AWP,WE,Federal Contract Tower,0,42,18,0,60,0,12,124,0,136,0,54,142,0,196,58,0,58,254
11/02/2005,SBP,CA,AWP,WE,Federal Contract Tower,0,41,31,0,72,0,5,67,0,72,0,46,98,0,144,36,0,36,180
11/03/2005,SBP,CA,AWP,WE,Federal Contract Tower,0,41,29,0,70,0,6,91,2,99,0,47,120,2,169,128,0,128,297
11/04/2005,SBP,CA,AWP,WE,Federal Contract Tower,0,43,22,1,66,0,5,126,1,132,0,48,148,2,198,86,0,86,284
11/05/2005,SBP,CA,AWP,WE,Federal Contract Tower,0,33,12,2,47,0,6,151,2,159,0,39,163,4,206,94,0,94,300
11/06/2005,SBP,CA,AWP,WE,Federal Contract Tower,0,33,17,0,50,0,5,122,0,127,0,38,139,0,177,34,0,34,211
11/07/2005,SBP,CA,AWP,WE,Federal Contract Tower,0,42,19,0,61,0,4,85,0,89,0,46,104,0,150,110,0,110,260
11/08/2005,SBP,CA,AWP,WE,Federal Contract Tower,0,41,17,1,59,0,3,9,1,13,0,44,26,2,72,14,0,14,86
11/09/2005,SBP,CA,AWP,WE,Federal Contract Tower,0,42,22,0,64,0,2,19,2,23,0,44,41,2,87,32,0,32,119
11/10/2005,SBP,CA,AWP,WE,Federal Contract Tower,0,42,33,2,77,0,5,55,0,60,0,47,88,2,137,178,0,178,315
11/11/2005,SBP,CA,AWP,WE,Federal Contract Tower,0,43,23,0,66,0,0,136,0,136,0,43,159,0,202,124,0,124,326
11/12/2005,SBP,CA,AWP,WE,Federal Contract Tower,0,31,21,0,52,0,1,97,0,98,0,32,118,0,150,56,0,56,206
11/13/2005,SBP,CA,AWP,WE,Federal Contract Tower,0,39,22,0,61,0,0,127,0,127,0,39,149,0,188,90,0,90,278
11/14/2005,SBP,CA,AWP,WE,Federal Contract Tower,0,41,19,0,60,0,3,95,0,98,0,44,114,0,158,86,0,86,244
11/15/2005,SBP,CA,AWP,WE,Federal Contract Tower,0,40,11,2,53,0,11,110,2,123,0,51,121,4,176,136,0,136,312
11/16/2005,SBP,CA,AWP,WE,Federal Contract Tower,0,41,16,0,57,0,6,100,0,106,0,47,116,0,163,204,0,204,367
11/17/2005,SBP,CA,AWP,WE,Federal Contract Tower,0,40,14,2,56,0,6,117,2,125,0,46,131,4,181,68,0,68,249
11/18/2005,SBP,CA,AWP,WE,Federal Contract Tower,0,42,14,0,56,0,6,144,0,150,0,48,158,0,206,140,0,140,346
11/19/2005,SBP,CA,AWP,WE,Federal Contract Tower,0,33,12,0,45,0,3,139,0,142,0,36,151,0,187,120,0,120,307
11/20/2005,SBP,CA,AWP,WE,Federal Contract Tower,0,36,16,0,52,0,4,132,0,136,0,40,148,0,188,64,0,64,252
11/21/2005,SBP,CA,AWP,WE,Federal Contract Tower,0,39,14,0,53,0,16,108,0,124,0,55,122,0,177,77,0,77,254
11/22/2005,SBP,CA,AWP,WE,Federal Contract Tower,0,38,16,0,54,0,18,124,0,142,0,56,140,0,196,124,0,124,320
11/23/2005,SBP,CA,AWP,WE,Federal Contract Tower,0,40,23,0,63,0,6,175,0,181,0,46,198,0,244,224,0,224,468
11/24/2005,SBP,CA,AWP,WE,Federal Contract Tower,0,30,9,0,39,0,0,47,0,47,0,30,56,0,86,2,0,2,88
11/25/2005,SBP,CA,AWP,WE,Federal Contract Tower,0,34,24,0,58,0,5,27,0,32,0,39,51,0,90,60,0,60,150
11/26/2005,SBP,CA,AWP,WE,Federal Contract Tower,0,31,19,0,50,0,4,79,0,83,0,35,98,0,133,24,0,24,157
11/27/2005,SBP,CA,AWP,WE,Federal Contract Tower,0,35,15,0,50,0,1,153,0,154,0,36,168,0,204,46,0,46,250
11/28/2005,SBP,CA,AWP,WE,Federal Contract Tower,0,38,17,0,55,0,11,87,0,98,0,49,104,0,153,152,0,152,305
11/29/2005,SBP,CA,AWP,WE,Federal Contract Tower,0,46,20,1,67,0,2,20,1,23,0,48,40,2,90,94,0,94,184
11/30/2005,SBP,CA,AWP,WE,Federal Contract Tower,0,50,7,2,59,0,5,97,0,102,0,55,104,2,161,170,0,170,331
12/01/2005,SBP,CA,AWP,WE,Federal Contract Tower,0,54,27,4,85,0,0,17,0,17,0,54,44,4,102,72,0,72,174
12/02/2005,SBP,CA,AWP,WE,Federal Contract Tower,0,47,17,0,64,0,0,31,0,31,0,47,48,0,95,62,0,62,157
12/03/2005,SBP,CA,AWP,WE,Federal Contract Tower,0,31,10,0,41,0,4,111,0,115,0,35,121,0,156,90,0,90,246
12/04/2005,SBP,CA,AWP,WE,Federal Contract Tower,0,0,0,0,0,0,36,153,0,189,0,36,153,0,189,150,0,150,339
12/05/2005,SBP,CA,AWP,WE,Federal Contract Tower,0,39,5,0,44,0,4,100,0,104,0,43,105,0,148,156,0,156,304
12/06/2005,SBP,CA,AWP,WE,Federal Contract Tower,0,46,9,0,55,0,2,131,0,133,0,48,140,0,188,242,0,242,430
12/07/2005,SBP,CA,AWP,WE,Federal Contract Tower,0,48,7,0,55,0,2,132,0,134,0,50,139,0,189,278,0,278,467
12/08/2005,SBP,CA,AWP,WE,Federal Contract Tower,0,48,29,0,77,0,8,32,0,40,0,56,61,0,117,64,0,64,181
12/09/2005,SBP,CA,AWP,WE,Federal Contract Tower,0,44,27,0,71,0,2,68,2,72,0,46,95,2,143,142,0,142,285
12/10/2005,SBP,CA,AWP,WE,Federal Contract Tower,0,33,11,0,44,0,2,85,2,89,0,35,96,2,133,108,0,108,241
12/11/2005,SBP,CA,AWP,WE,Federal Contract Tower,0,39,21,2,62,0,3,95,3,101,0,42,116,5,163,60,0,60,223
12/12/2005,SBP,CA,AWP,WE,Federal Contract Tower,0,41,21,1,63,0,4,86,1,91,0,45,107,2,154,96,0,96,250
12/13/2005,SBP,CA,AWP,WE,Federal Contract Tower,0,41,27,0,68,0,0,88,0,88,0,41,115,0,156,138,0,138,294
12/14/2005,SBP,CA,AWP,WE,Federal Contract Tower,0,48,18,0,66,0,1,81,0,82,0,49,99,0,148,106,0,106,254
12/15/2005,SBP,CA,AWP,WE,Federal Contract Tower,0,52,21,0,73,0,1,69,0,70,0,53,90,0,143,78,0,78,221
12/16/2005,SBP,CA,AWP,WE,Federal Contract Tower,0,39,26,0,65,0,0,64,2,66,0,39,90,2,131,56,0,56,187
12/17/2005,SBP,CA,AWP,WE,Federal Contract Tower,0,35,28,0,63,0,8,47,0,55,0,43,75,0,118,68,0,68,186
12/18/2005,SBP,CA,AWP,WE,Federal Contract Tower,0,32,12,0,44,0,0,2,0,2,0,32,14,0,46,2,0,2,48
12/19/2005,SBP,CA,AWP,WE,Federal Contract Tower,0,40,12,0,52,0,7,65,0,72,0,47,77,0,124,60,0,60,184
12/20/2005,SBP,CA,AWP,WE,Federal Contract Tower,0,48,19,2,69,0,0,80,0,80,0,48,99,2,149,40,0,40,189
12/21/2005,SBP,CA,AWP,WE,Federal Contract Tower,0,45,25,0,70,0,4,44,4,52,0,49,69,4,122,84,0,84,206
12/22/2005,SBP,CA,AWP,WE,Federal Contract Tower,0,49,35,0,84,0,0,4,0,4,0,49,39,0,88,8,0,8,96
12/23/2005,SBP,CA,AWP,WE,Federal Contract Tower,0,46,22,0,68,0,12,99,0,111,0,58,121,0,179,40,0,40,219
12/24/2005,SBP,CA,AWP,WE,Federal Contract Tower,0,36,5,0,41,0,5,67,0,72,0,41,72,0,113,56,0,56,169
12/25/2005,SBP,CA,AWP,WE,Federal Contract Tower,0,29,13,0,42,0,0,0,0,0,0,29,13,0,42,0,0,0,42
12/26/2005,SBP,CA,AWP,WE,Federal Contract Tower,0,37,24,0,61,0,4,44,0,48,0,41,68,0,109,110,0,110,219
12/27/2005,SBP,CA,AWP,WE,Federal Contract Tower,0,38,23,0,61,0,6,67,0,73,0,44,90,0,134,56,0,56,190
12/28/2005,SBP,CA,AWP,WE,Federal Contract Tower,0,44,11,0,55,0,5,12,0,17,0,49,23,0,72,80,0,80,152
12/29/2005,SBP,CA,AWP,WE,Federal Contract Tower,0,43,23,0,66,0,2,104,0,106,0,45,127,0,172,74,0,74,246
12/30/2005,SBP,CA,AWP,WE,Federal Contract Tower,0,39,22,0,61,0,6,74,0,80,0,45,96,0,141,148,0,148,289
12/31/2005,SBP,CA,AWP,WE,Federal Contract Tower,0,31,12,0,43,0,2,4,0,6,0,33,16,0,49,0,0,0,49
01/01/2006,SBP,CA,AWP,WE,Federal Contract Tower,0,34,25,0,59,0,3,6,0,9,0,37,31,0,68,4,0,4,72
01/02/2006,SBP,CA,AWP,WE,Federal Contract Tower,0,33,10,0,43,0,0,0,0,0,0,33,10,0,43,0,0,0,43
01/03/2006,SBP,CA,AWP,WE,Federal Contract Tower,0,39,19,0,58,0,5,59,2,66,0,44,78,2,124,94,0,94,218
01/04/2006,SBP,CA,AWP,WE,Federal Contract Tower,0,37,11,0,48,0,14,95,0,109,0,51,106,0,157,154,0,154,311
01/05/2006,SBP,CA,AWP,WE,Federal Contract Tower,0,42,15,2,59,0,3,76,0,79,0,45,91,2,138,106,0,106,244
01/06/2006,SBP,CA,AWP,WE,Federal Contract Tower,0,41,23,0,64,0,2,107,0,109,0,43,130,0,173,60,0,60,233
01/07/2006,SBP,CA,AWP,WE,Federal Contract Tower,0,34,21,0,55,0,2,88,0,90,0,36,109,0,145,116,0,116,261
01/08/2006,SBP,CA,AWP,WE,Federal Contract Tower,0,42,12,0,54,0,1,147,1,149,0,43,159,1,203,74,0,74,277
01/09/2006,SBP,CA,AWP,WE,Federal Contract Tower,0,40,21,0,61,0,2,103,0,105,0,42,124,0,166,102,0,102,268
01/10/2006,SBP,CA,AWP,WE,Federal Contract Tower,0,43,15,3,61,0,4,105,0,109,0,47,120,3,170,112,4,116,286
01/11/2006,SBP,CA,AWP,WE,Federal Contract Tower,0,38,16,0,54,0,11,82,2,95,0,49,98,2,149,86,0,86,235
01/12/2006,SBP,CA,AWP,WE,Federal Contract Tower,0,45,15,0,60,0,13,109,4,126,0,58,124,4,186,84,0,84,270
01/13/2006,SBP,CA,AWP,WE,Federal Contract Tower,0,40,28,0,68,0,5,57,0,62,0,45,85,0,130,110,0,110,240
01/14/2006,SBP,CA,AWP,WE,Federal Contract Tower,0,33,22,0,55,0,4,16,2,22,0,37,38,2,77,26,0,26,103
01/15/2006,SBP,CA,AWP,WE,Federal Contract Tower,0,31,12,0,43,0,8,104,0,112,0,39,116,0,155,88,0,88,243
01/16/2006,SBP,CA,AWP,WE,Federal Contract Tower,0,35,9,0,44,0,0,102,0,102,0,35,111,0,146,142,0,142,288
01/17/2006,SBP,CA,AWP,WE,Federal Contract Tower,0,38,15,0,53,0,1,99,0,100,0,39,114,0,153,110,0,110,263
01/18/2006,SBP,CA,AWP,WE,Federal Contract Tower,0,41,27,2,70,0,3,31,2,36,0,44,58,4,106,92,0,92,198
01/19/2006,SBP,CA,AWP,WE,Federal Contract Tower,0,43,15,0,58,0,2,109,0,111,0,45,124,0,169,100,0,100,269
01/20/2006,SBP,CA,AWP,WE,Federal Contract Tower,0,45,21,0,66,0,12,161,2,175,0,57,182,2,241,126,0,126,367
01/21/2006,SBP,CA,AWP,WE,Federal Contract Tower,0,26,18,0,44,0,1,157,0,158,0,27,175,0,202,145,0,145,347
01/22/2006,SBP,CA,AWP,WE,Federal Contract Tower,0,34,8,0,42,0,3,91,0,94,0,37,99,0,136,16,0,16,152
01/23/2006,SBP,CA,AWP,WE,Federal Contract Tower,0,37,9,0,46,0,11,96,0,107,0,48,105,0,153,250,0,250,403
01/24/2006,SBP,CA,AWP,WE,Federal Contract Tower,0,36,14,0,50,0,5,96,0,101,0,41,110,0,151,128,0,128,279
01/25/2006,SBP,CA,AWP,WE,Federal Contract Tower,0,41,25,2,68,0,3,87,0,90,0,44,112,2,158,108,0,108,266
01/26/2006,SBP,CA,AWP,WE,Federal Contract Tower,0,45,27,0,72,0,2,30,0,32,0,47,57,0,104,52,0,52,156
01/27/2006,SBP,CA,AWP,WE,Federal Contract Tower,0,39,26,0,65,0,0,101,0,101,0,39,127,0,166,64,0,64,230
01/28/2006,SBP,CA,AWP,WE,Federal Contract Tower,0,29,19,0,48,0,1,122,0,123,0,30,141,0,171,156,0,156,327
01/29/2006,SBP,CA,AWP,WE,Federal Contract Tower,0,33,40,0,73,0,10,66,0,76,0,43,106,0,149,72,0,72,221
01/30/2006,SBP,CA,AWP,WE,Federal Contract Tower,0,36,15,0,51,0,0,71,0,71,0,36,86,0,122,164,0,164,286
01/31/2006,SBP,CA,AWP,WE,Federal Contract Tower,0,39,15,0,54,0,5,85,0,90,0,44,100,0,144,112,0,112,256
02/01/2006,SBP,CA,AWP,WE,Federal Contract Tower,0,43,20,1,64,0,4,111,0,115,0,47,131,1,179,174,0,174,353
02/02/2006,SBP,CA,AWP,WE,Federal Contract Tower,0,39,45,4,88,0,5,63,0,68,0,44,108,4,156,106,0,106,262
02/03/2006,SBP,CA,AWP,WE,Federal Contract Tower,0,38,21,0,59,0,4,150,0,154,0,42,171,0,213,186,0,186,399
02/04/2006,SBP,CA,AWP,WE,Federal Contract Tower,0,30,20,0,50,0,0,88,0,88,0,30,108,0,138,122,0,122,260
02/05/2006,SBP,CA,AWP,WE,Federal Contract Tower,0,33,20,0,53,0,1,93,0,94,0,34,113,0,147,56,0,56,203
02/06/2006,SBP,CA,AWP,WE,Federal Contract Tower,0,39,14,1,54,0,8,76,1,85,0,47,90,2,139,134,0,134,273
02/07/2006,SBP,CA,AWP,WE,Federal Contract Tower,0,38,12,2,52,0,5,95,0,100,0,43,107,2,152,84,0,84,236
02/08/2006,SBP,CA,AWP,WE,Federal Contract Tower,0,41,8,0,49,0,6,131,0,137,0,47,139,0,186,80,0,80,266
02/09/2006,SBP,CA,AWP,WE,Federal Contract Tower,0,40,13,2,55,0,7,157,3,167,0,47,170,5,222,126,0,126,348
02/10/2006,SBP,CA,AWP,WE,Federal Contract Tower,0,47,16,0,63,0,4,148,4,156,0,51,164,4,219,176,0,176,395
02/11/2006,SBP,CA,AWP,WE,Federal Contract Tower,0,34,17,1,52,0,5,142,0,147,0,39,159,1,199,102,0,102,301
02/12/2006,SBP,CA,AWP,WE,Federal Contract Tower,0,32,16,0,48,0,0,154,0,154,0,32,170,0,202,100,0,100,302
02/13/2006,SBP,CA,AWP,WE,Federal Contract Tower,0,40,14,0,54,0,7,106,0,113,0,47,120,0,167,154,0,154,321
02/14/2006,SBP,CA,AWP,WE,Federal Contract Tower,0,44,15,0,59,0,10,76,0,86,0,54,91,0,145,108,0,108,253
02/15/2006,SBP,CA,AWP,WE,Federal Contract Tower,0,42,7,0,49,0,6,69,0,75,0,48,76,0,124,132,0,132,256
02/16/2006,SBP,CA,AWP,WE,Federal Contract Tower,0,42,16,3,61,0,9,163,3,175,0,51,179,6,236,104,0,104,340
02/17/2006,SBP,CA,AWP,WE,Federal Contract Tower,0,41,19,0,60,0,4,19,0,23,0,45,38,0,83,66,0,66,149
02/18/2006,SBP,CA,AWP,WE,Federal Contract Tower,0,30,13,0,43,0,1,36,0,37,0,31,49,0,80,164,0,164,244
02/19/2006,SBP,CA,AWP,WE,Federal Contract Tower,0,35,14,0,49,0,0,46,0,46,0,35,60,0,95,66,0,66,161
02/20/2006,SBP,CA,AWP,WE,Federal Contract Tower,0,35,14,0,49,0,3,126,0,129,0,38,140,0,178,172,0,172,350
02/21/2006,SBP,CA,AWP,WE,Federal Contract Tower,0,38,12,0,50,0,4,110,0,114,0,42,122,0,164,186,0,186,350
02/22/2006,SBP,CA,AWP,WE,Federal Contract Tower,0,43,18,0,61,0,6,135,0,141,0,49,153,0,202,174,0,174,376
02/23/2006,SBP,CA,AWP,WE,Federal Contract Tower,0,39,20,0,59,0,14,176,2,192,0,53,196,2,251,152,0,152,403
02/24/2006,SBP,CA,AWP,WE,Federal Contract Tower,0,37,15,0,52,0,15,150,2,167,0,52,165,2,219,106,0,106,325
02/25/2006,SBP,CA,AWP,WE,Federal Contract Tower,0,34,28,0,62,0,4,148,0,152,0,38,176,0,214,106,0,106,320
02/26/2006,SBP,CA,AWP,WE,Federal Contract Tower,0,34,26,0,60,0,3,88,0,91,0,37,114,0,151,110,0,110,261
02/27/2006,SBP,CA,AWP,WE,Federal Contract Tower,0,35,16,0,51,0,4,3,0,7,0,39,19,0,58,0,0,0,58
02/28/2006,SBP,CA,AWP,WE,Federal Contract Tower,0,38,17,1,56,0,7,52,2,61,0,45,69,3,117,172,0,172,289
03/01/2006,SBP,CA,AWP,WE,Federal Contract Tower,0,45,13,0,58,0,9,125,0,134,0,54,138,0,192,272,0,272,464
03/02/2006,SBP,CA,AWP,WE,Federal Contract Tower,0,39,30,2,71,0,5,24,0,29,0,44,54,2,100,76,0,76,176
03/03/2006,SBP,CA,AWP,WE,Federal Contract Tower,0,43,14,1,58,0,1,35,1,37,0,44,49,2,95,62,0,62,157
03/04/2006,SBP,CA,AWP,WE,Federal Contract Tower,0,34,11,0,45,0,7,101,0,108,0,41,112,0,153,188,0,188,341
03/05/2006,SBP,CA,AWP,WE,Federal Contract Tower,0,36,14,0,50,0,4,78,0,82,0,40,92,0,132,24,0,24,156
03/06/2006,SBP,CA,AWP,WE,Federal Contract Tower,0,39,21,0,60,0,1,8,0,9,0,40,29,0,69,36,0,36,105
03/07/2006,SBP,CA,AWP,WE,Federal Contract Tower,0,42,27,0,69,0,2,37,2,41,0,44,64,2,110,112,0,112,222
03/08/2006,SBP,CA,AWP,WE,Federal Contract Tower,0,37,24,1,62,0,4,106,1,111,0,41,130,2,173,120,2,122,295
03/09/2006,SBP,CA,AWP,WE,Federal Contract Tower,0,43,30,0,73,0,4,59,2,65,0,47,89,2,138,140,0,140,278
03/10/2006,SBP,CA,AWP,WE,Federal Contract Tower,0,36,28,0,64,0,3,7,2,12,0,39,35,2,76,74,0,74,150
03/11/2006,SBP,CA,AWP,WE,Federal Contract Tower,0,34,6,0,40,0,6,5,0,11,0,40,11,0,51,56,0,56,107
03/12/2006,SBP,CA,AWP,WE,Federal Contract Tower,0,34,14,0,48,0,6,37,0,43,0,40,51,0,91,14,0,14,105
03/13/2006,SBP,CA,AWP,WE,Federal Contract Tower,0,40,24,2,66,0,1,162,0,163,0,41,186,2,229,134,0,134,363
03/14/2006,SBP,CA,AWP,WE,Federal Contract Tower,0,40,20,0,60,0,4,14,0,18,0,44,34,0,78,2,0,2,80
03/15/2006,SBP,CA,AWP,WE,Federal Contract Tower,0,40,13,0,53,0,10,109,1,120,0,50,122,1,173,222,0,222,395
03/16/2006,SBP,CA,AWP,WE,Federal Contract Tower,0,48,28,0,76,0,5,94,0,99,0,53,122,0,175,110,0,110,285
03/17/2006,SBP,CA,AWP,WE,Federal Contract Tower,0,47,33,2,82,0,10,16,0,26,0,57,49,2,108,56,0,56,164
03/18/2006,SBP,CA,AWP,WE,Federal Contract Tower,0,37,11,0,48,0,5,85,0,90,0,42,96,0,138,92,0,92,230
03/19/2006,SBP,CA,AWP,WE,Federal Contract Tower,0,31,14,0,45,0,1,124,0,125,0,32,138,0,170,104,0,104,274
03/20/2006,SBP,CA,AWP,WE,Federal Contract Tower,0,35,25,0,60,0,1,10,0,11,0,36,35,0,71,26,0,26,97
03/21/2006,SBP,CA,AWP,WE,Federal Contract Tower,0,44,25,0,69,0,9,87,0,96,0,53,112,0,165,96,0,96,261
03/22/2006,SBP,CA,AWP,WE,Federal Contract Tower,0,40,20,1,61,0,4,108,1,113,0,44,128,2,174,84,0,84,258
03/23/2006,SBP,CA,AWP,WE,Federal Contract Tower,0,44,20,0,64,0,11,140,0,151,0,55,160,0,215,166,0,166,381
03/24/2006,SBP,CA,AWP,WE,Federal Contract Tower,0,37,13,0,50,0,10,143,2,155,0,47,156,2,205,188,0,188,393
03/25/2006,SBP,CA,AWP,WE,Federal Contract Tower,0,33,18,0,51,0,1,15,0,16,0,34,33,0,67,50,0,50,117
03/26/2006,SBP,CA,AWP,WE,Federal Contract Tower,0,32,27,0,59,0,0,127,0,127,0,32,154,0,186,50,0,50,236
03/27/2006,SBP,CA,AWP,WE,Federal Contract Tower,0,44,27,3,74,0,2,25,1,28,0,46,52,4,102,30,0,30,132
03/28/2006,SBP,CA,AWP,WE,Federal Contract Tower,0,37,15,0,52,0,2,1,0,3,0,39,16,0,55,0,0,0,55
03/29/2006,SBP,CA,AWP,WE,Federal Contract Tower,0,42,11,0,53,0,0,21,0,21,0,42,32,0,74,32,0,32,106
03/30/2006,SBP,CA,AWP,WE,Federal Contract Tower,0,39,37,0,76,0,1,68,4,73,0,40,105,4,149,160,0,160,309
03/31/2006,SBP,CA,AWP,WE,Federal Contract Tower,0,40,36,0,76,0,6,25,0,31,0,46,61,0,107,14,0,14,121
04/01/2006,SBP,CA,AWP,WE,Federal Contract Tower,0,33,22,0,55,0,3,96,0,99,0,36,118,0,154,114,0,114,268
04/02/2006,SBP,CA,AWP,WE,Federal Contract Tower,0,30,40,0,70,0,4,91,0,95,0,34,131,0,165,70,0,70,235
04/03/2006,SBP,CA,AWP,WE,Federal Contract Tower,0,40,18,0,58,0,1,0,2,3,0,41,18,2,61,0,0,0,61
04/04/2006,SBP,CA,AWP,WE,Federal Contract Tower,0,45,16,0,61,0,0,0,0,0,0,45,16,0,61,16,0,16,77
04/05/2006,SBP,CA,AWP,WE,Federal Contract Tower,0,44,25,0,69,0,6,17,0,23,0,50,42,0,92,50,0,50,142
04/06/2006,SBP,CA,AWP,WE,Federal Contract Tower,0,41,26,0,67,0,2,130,0,132,0,43,156,0,199,168,0,168,367
04/07/2006,SBP,CA,AWP,WE,Federal Contract Tower,0,42,24,0,66,0,0,58,2,60,0,42,82,2,126,70,0,70,196
04/08/2006,SBP,CA,AWP,WE,Federal Contract Tower,0,29,19,0,48,0,2,116,0,118,0,31,135,0,166,144,0,144,310
04/09/2006,SBP,CA,AWP,WE,Federal Contract Tower,0,37,20,0,57,0,8,100,0,108,0,45,120,0,165,72,0,72,237
04/10/2006,SBP,CA,AWP,WE,Federal Contract Tower,0,39,19,1,59,0,5,14,1,20,0,44,33,2,79,38,0,38,117
04/11/2006,SBP,CA,AWP,WE,Federal Contract Tower,0,36,19,0,55,0,5,20,0,25,0,41,39,0,80,50,0,50,130
04/12/2006,SBP,CA,AWP,WE,Federal Contract Tower,0,37,17,0,54,0,1,75,0,76,0,38,92,0,130,32,0,32,162
04/13/2006,SBP,CA,AWP,WE,Federal Contract Tower,0,40,18,2,60,0,0,129,2,131,0,40,147,4,191,112,0,112,303
04/14/2006,SBP,CA,AWP,WE,Federal Contract Tower,0,41,24,0,65,0,0,12,0,12,0,41,36,0,77,10,0,10,87
04/15/2006,SBP,CA,AWP,WE,Federal Contract Tower,0,31,30,0,61,0,8,37,0,45,0,39,67,0,106,94,0,94,200
04/16/2006,SBP,CA,AWP,WE,Federal Contract Tower,0,31,24,0,55,0,0,14,0,14,0,31,38,0,69,6,0,6,75
04/17/2006,SBP,CA,AWP,WE,Federal Contract Tower,0,37,21,0,58,0,8,86,0,94,0,45,107,0,152,52,0,52,204
04/18/2006,SBP,CA,AWP,WE,Federal Contract Tower,0,41,22,0,63,0,2,138,0,140,0,43,160,0,203,114,0,114,317
04/19/2006,SBP,CA,AWP,WE,Federal Contract Tower,0,40,11,0,51,0,0,104,0,104,0,40,115,0,155,130,0,130,285
04/20/2006,SBP,CA,AWP,WE,Federal Contract Tower,0,42,20,1,63,0,5,128,1,134,0,47,148,2,197,126,0,126,323
04/21/2006,SBP,CA,AWP,WE,Federal Contract Tower,0,45,53,2,100,0,2,53,0,55,0,47,106,2,155,162,0,162,317
04/22/2006,SBP,CA,AWP,WE,Federal Contract Tower,0,33,34,0,67,0,6,47,0,53,0,39,81,0,120,70,0,70,190
04/23/2006,SBP,CA,AWP,WE,Federal Contract Tower,0,34,41,0,75,0,0,85,0,85,0,34,126,0,160,86,0,86,246
04/24/2006,SBP,CA,AWP,WE,Federal Contract Tower,0,40,17,0,57,0,2,90,0,92,0,42,107,0,149,112,0,112,261
04/25/2006,SBP,CA,AWP,WE,Federal Contract Tower,0,44,35,0,79,0,0,20,0,20,0,44,55,0,99,72,0,72,171
04/26/2006,SBP,CA,AWP,WE,Federal Contract Tower,0,46,27,0,73,0,0,5,0,5,0,46,32,0,78,18,0,18,96
04/27/2006,SBP,CA,AWP,WE,Federal Contract Tower,0,47,55,2,104,0,2,10,1,13,0,49,65,3,117,118,0,118,235
04/28/2006,SBP,CA,AWP,WE,Federal Contract Tower,0,38,74,1,113,0,2,6,0,8,0,40,80,1,121,62,0,62,183
04/29/2006,SBP,CA,AWP,WE,Federal Contract Tower,0,36,45,0,81,0,5,0,0,5,0,41,45,0,86,28,0,28,114
04/30/2006,SBP,CA,AWP,WE,Federal Contract Tower,0,33,23,0,56,0,0,131,0,131,0,33,154,0,187,108,0,108,295
05/01/2006,SBP,CA,AWP,WE,Federal Contract Tower,0,34,32,1,67,0,6,57,1,64,0,40,89,2,131,98,0,98,229
05/02/2006,SBP,CA,AWP,WE,Federal Contract Tower,0,46,62,1,109,0,0,1,1,2,0,46,63,2,111,0,0,0,111
05/03/2006,SBP,CA,AWP,WE,Federal Contract Tower,0,48,45,2,95,0,2,12,0,14,0,50,57,2,109,80,0,80,189
05/04/2006,SBP,CA,AWP,WE,Federal Contract Tower,0,45,43,0,88,0,5,83,0,88,0,50,126,0,176,162,0,162,338
05/05/2006,SBP,CA,AWP,WE,Federal Contract Tower,0,41,37,0,78,0,8,117,0,125,0,49,154,0,203,114,0,114,317
05/06/2006,SBP,CA,AWP,WE,Federal Contract Tower,0,30,26,0,56,0,4,43,0,47,0,34,69,0,103,56,0,56,159
05/07/2006,SBP,CA,AWP,WE,Federal Contract Tower,0,28,20,0,48,0,6,132,0,138,0,34,152,0,186,68,0,68,254
05/08/2006,SBP,CA,AWP,WE,Federal Contract Tower,0,41,20,1,62,0,8,85,1,94,0,49,105,2,156,138,0,138,294
05/09/2006,SBP,CA,AWP,WE,Federal Contract Tower,0,43,22,0,65,0,4,59,0,63,0,47,81,0,128,102,0,102,230
05/10/2006,SBP,CA,AWP,WE,Federal Contract Tower,0,46,26,4,76,0,3,110,0,113,0,49,136,4,189,190,0,190,379
05/11/2006,SBP,CA,AWP,WE,Federal Contract Tower,0,44,29,0,73,0,5,96,0,101,0,49,125,0,174,116,0,116,290
05/12/2006,SBP,CA,AWP,WE,Federal Contract Tower,0,41,34,0,75,0,8,132,0,140,0,49,166,0,215,186,0,186,401
05/13/2006,SBP,CA,AWP,WE,Federal Contract Tower,0,35,17,0,52,0,0,131,0,131,0,35,148,0,183,144,0,144,327
05/14/2006,SBP,CA,AWP,WE,Federal Contract Tower,0,30,31,0,61,0,1,140,0,141,0,31,171,0,202,54,0,54,256
05/15/2006,SBP,CA,AWP,WE,Federal Contract Tower,0,43,44,0,87,0,2,68,0,70,0,45,112,0,157,162,0,162,319
05/16/2006,SBP,CA,AWP,WE,Federal Contract Tower,0,53,36,0,89,0,10,100,0,110,0,63,136,0,199,150,0,150,349
05/17/2006,SBP,CA,AWP,WE,Federal Contract Tower,0,41,25,2,68,0,13,83,2,98,0,54,108,4,166,52,28,80,246
05/18/2006,SBP,CA,AWP,WE,Federal Contract Tower,0,41,36,3,80,0,6,105,2,113,0,47,141,5,193,104,0,104,297
05/19/2006,SBP,CA,AWP,WE,Federal Contract Tower,0,42,38,0,80,0,3,61,0,64,0,45,99,0,144,76,0,76,220
05/20/2006,SBP,CA,AWP,WE,Federal Contract Tower,0,34,25,0,59,0,4,109,0,113,0,38,134,0,172,70,0,70,242
05/21/2006,SBP,CA,AWP,WE,Federal Contract Tower,0,30,16,0,46,0,0,1,0,1,0,30,17,0,47,0,0,0,47
05/22/2006,SBP,CA,AWP,WE,Federal Contract Tower,0,38,23,0,61,0,11,51,0,62,0,49,74,0,123,76,0,76,199
05/23/2006,SBP,CA,AWP,WE,Federal Contract Tower,0,43,10,0,53,0,8,113,2,123,0,51,123,2,176,110,0,110,286
05/24/2006,SBP,CA,AWP,WE,Federal Contract Tower,0,39,23,0,62,0,5,102,0,107,0,44,125,0,169,38,0,38,207
05/25/2006,SBP,CA,AWP,WE,Federal Contract Tower,0,37,12,0,49,0,11,83,2,96,0,48,95,2,145,0,0,0,145
05/26/2006,SBP,CA,AWP,WE,Federal Contract Tower,0,42,22,0,64,0,2,94,0,96,0,44,116,0,160,16,0,16,176
05/27/2006,SBP,CA,AWP,WE,Federal Contract Tower,0,32,13,0,45,0,3,71,0,74,0,35,84,0,119,54,0,54,173
05/28/2006,SBP,CA,AWP,WE,Federal Contract Tower,0,22,14,0,36,0,4,92,0,96,0,26,106,0,132,80,0,80,212
05/29/2006,SBP,CA,AWP,WE,Federal Contract Tower,0,28,24,0,52,0,7,140,0,147,0,35,164,0,199,110,0,110,309
05/30/2006,SBP,CA,AWP,WE,Federal Contract Tower,0,37,19,0,56,0,10,88,0,98,0,47,107,0,154,76,0,76,230
05/31/2006,SBP,CA,AWP,WE,Federal Contract Tower,0,43,28,0,71,0,8,106,0,114,0,51,134,0,185,140,0,140,325
06/01/2006,SBP,CA,AWP,WE,Federal Contract Tower,0,41,15,0,56,0,2,112,4,118,0,43,127,4,174,200,0,200,374
06/02/2006,SBP,CA,AWP,WE,Federal Contract Tower,0,40,15,0,55,0,1,139,4,144,0,41,154,4,199,68,0,68,267
06/03/2006,SBP,CA,AWP,WE,Federal Contract Tower,0,33,3,0,36,0,3,104,0,107,0,36,107,0,143,82,0,82,225
06/04/2006,SBP,CA,AWP,WE,Federal Contract Tower,0,30,13,0,43,0,5,156,2,163,0,35,169,2,206,18,0,18,224
06/05/2006,SBP,CA,AWP,WE,Federal Contract Tower,0,36,18,0,54,0,1,73,0,74,0,37,91,0,128,98,0,98,226
06/06/2006,SBP,CA,AWP,WE,Federal Contract Tower,0,43,20,0,63,0,1,72,1,74,0,44,92,1,137,142,0,142,279
06/07/2006,SBP,CA,AWP,WE,Federal Contract Tower,0,41,13,0,54,0,9,88,2,99,0,50,101,2,153,174,0,174,327
06/08/2006,SBP,CA,AWP,WE,Federal Contract Tower,0,36,24,0,60,0,4,127,8,139,0,40,151,8,199,176,0,176,375
06/09/2006,SBP,CA,AWP,WE,Federal Contract Tower,0,41,34,0,75,0,10,75,0,85,0,51,109,0,160,86,0,86,246
06/10/2006,SBP,CA,AWP,WE,Federal Contract Tower,0,32,34,0,66,0,4,89,0,93,0,36,123,0,159,22,0,22,181
06/11/2006,SBP,CA,AWP,WE,Federal Contract Tower,0,31,58,0,89,0,2,22,0,24,0,33,80,0,113,68,0,68,181
06/12/2006,SBP,CA,AWP,WE,Federal Contract Tower,0,35,41,0,76,0,8,67,0,75,0,43,108,0,151,52,0,52,203
06/13/2006,SBP,CA,AWP,WE,Federal Contract Tower,0,43,26,0,69,0,6,91,0,97,0,49,117,0,166,44,0,44,210
06/14/2006,SBP,CA,AWP,WE,Federal Contract Tower,0,44,20,1,65,0,2,109,1,112,0,46,129,2,177,128,0,128,305
06/15/2006,SBP,CA,AWP,WE,Federal Contract Tower,0,41,14,1,56,0,15,163,0,178,0,56,177,1,234,77,0,77,311
06/16/2006,SBP,CA,AWP,WE,Federal Contract Tower,0,39,19,0,58,0,6,122,4,132,0,45,141,4,190,146,0,146,336
06/17/2006,SBP,CA,AWP,WE,Federal Contract Tower,0,29,12,0,41,0,0,146,0,146,0,29,158,0,187,122,0,122,309
06/18/2006,SBP,CA,AWP,WE,Federal Contract Tower,0,30,11,0,41,0,0,144,0,144,0,30,155,0,185,52,0,52,237
06/19/2006,SBP,CA,AWP,WE,Federal Contract Tower,0,39,20,0,59,0,4,82,0,86,0,43,102,0,145,56,0,56,201
06/20/2006,SBP,CA,AWP,WE,Federal Contract Tower,0,42,26,0,68,0,7,100,0,107,0,49,126,0,175,88,0,88,263
06/21/2006,SBP,CA,AWP,WE,Federal Contract Tower,0,38,19,2,59,0,5,129,1,135,0,43,148,3,194,170,0,170,364
06/22/2006,SBP,CA,AWP,WE,Federal Contract Tower,0,37,21,0,58,0,3,86,0,89,0,40,107,0,147,168,0,168,315
06/23/2006,SBP,CA,AWP,WE,Federal Contract Tower,0,36,27,0,63,0,1,89,0,90,0,37,116,0,153,148,0,148,301
06/24/2006,SBP,CA,AWP,WE,Federal Contract Tower,0,31,24,4,59,0,6,95,0,101,0,37,119,4,160,50,0,50,210
06/25/2006,SBP,CA,AWP,WE,Federal Contract Tower,0,29,17,0,46,0,5,96,0,101,0,34,113,0,147,114,0,114,261
06/26/2006,SBP,CA,AWP,WE,Federal Contract Tower,0,43,17,2,62,0,7,86,2,95,0,50,103,4,157,146,2,148,305
06/27/2006,SBP,CA,AWP,WE,Federal Contract Tower,0,45,22,0,67,0,2,68,0,70,0,47,90,0,137,82,0,82,219
06/28/2006,SBP,CA,AWP,WE,Federal Contract Tower,0,47,18,0,65,0,8,122,0,130,0,55,140,0,195,134,0,134,329
06/29/2006,SBP,CA,AWP,WE,Federal Contract Tower,0,41,22,0,63,0,17,150,0,167,0,58,172,0,230,134,0,134,364
06/30/2006,SBP,CA,AWP,WE,Federal Contract Tower,0,39,11,0,50,0,4,163,0,167,0,43,174,0,217,110,0,110,327
07/01/2006,SBP,CA,AWP,WE,Federal Contract Tower,0,32,22,0,54,0,0,110,0,110,0,32,132,0,164,84,0,84,248
07/02/2006,SBP,CA,AWP,WE,Federal Contract Tower,0,30,18,0,48,0,4,126,0,130,0,34,144,0,178,102,0,102,280
07/03/2006,SBP,CA,AWP,WE,Federal Contract Tower,0,35,19,0,54,0,2,88,0,90,0,37,107,0,144,68,0,68,212
07/04/2006,SBP,CA,AWP,WE,Federal Contract Tower,0,32,17,0,49,0,5,69,0,74,0,37,86,0,123,32,0,32,155
07/05/2006,SBP,CA,AWP,WE,Federal Contract Tower,0,44,25,0,69,0,1,110,0,111,0,45,135,0,180,130,0,130,310
07/06/2006,SBP,CA,AWP,WE,Federal Contract Tower,0,40,38,0,78,0,11,102,0,113,0,51,140,0,191,100,0,100,291
07/07/2006,SBP,CA,AWP,WE,Federal Contract Tower,0,40,23,0,63,0,13,128,2,143,0,53,151,2,206,132,0,132,338
07/08/2006,SBP,CA,AWP,WE,Federal Contract Tower,0,34,19,0,53,0,4,131,0,135,0,38,150,0,188,136,0,136,324
07/09/2006,SBP,CA,AWP,WE,Federal Contract Tower,0,33,22,2,57,0,7,136,0,143,0,40,158,2,200,92,0,92,292
07/10/2006,SBP,CA,AWP,WE,Federal Contract Tower,0,45,23,0,68,0,10,91,0,101,0,55,114,0,169,116,0,116,285
07/11/2006,SBP,CA,AWP,WE,Federal Contract Tower,0,30,20,0,50,0,18,95,0,113,0,48,115,0,163,110,0,110,273
07/12/2006,SBP,CA,AWP,WE,Federal Contract Tower,0,47,34,0,81,0,10,80,0,90,0,57,114,0,171,104,0,104,275
07/13/2006,SBP,CA,AWP,WE,Federal Contract Tower,0,43,19,1,63,0,1,132,0,133,0,44,151,1,196,98,0,98,294
07/14/2006,SBP,CA,AWP,WE,Federal Contract Tower,0,39,21,0,60,0,7,139,0,146,0,46,160,0,206,134,0,134,340
07/15/2006,SBP,CA,AWP,WE,Federal Contract Tower,0,34,26,0,60,0,6,123,0,129,0,40,149,0,189,76,0,76,265
07/16/2006,SBP,CA,AWP,WE,Federal Contract Tower,0,34,20,0,54,0,1,166,0,167,0,35,186,0,221,66,0,66,287
07/17/2006,SBP,CA,AWP,WE,Federal Contract Tower,0,39,26,0,65,0,15,112,0,127,0,54,138,0,192,192,0,192,384
07/18/2006,SBP,CA,AWP,WE,Federal Contract Tower,0,42,14,0,56,0,4,96,2,102,0,46,110,2,158,108,0,108,266
07/19/2006,SBP,CA,AWP,WE,Federal Contract Tower,0,43,15,2,60,0,11,116,0,127,0,54,131,2,187,72,0,72,259
07/20/2006,SBP,CA,AWP,WE,Federal Contract Tower,0,42,25,2,69,0,2,118,0,120,0,44,143,2,189,156,0,156,345
07/21/2006,SBP,CA,AWP,WE,Federal Contract Tower,0,38,12,2,52,0,7,152,3,162,0,45,164,5,214,128,0,128,342
07/22/2006,SBP,CA,AWP,WE,Federal Contract Tower,0,33,16,0,49,0,0,160,0,160,0,33,176,0,209,104,0,104,313
07/23/2006,SBP,CA,AWP,WE,Federal Contract Tower,0,34,19,0,53,0,5,145,0,150,0,39,164,0,203,74,0,74,277
07/24/2006,SBP,CA,AWP,WE,Federal Contract Tower,0,39,29,0,68,0,1,96,0,97,0,40,125,0,165,54,0,54,219
07/25/2006,SBP,CA,AWP,WE,Federal Contract Tower,0,42,25,0,67,0,16,129,3,148,0,58,154,3,215,124,0,124,339
07/26/2006,SBP,CA,AWP,WE,Federal Contract Tower,0,43,30,2,75,0,3,100,4,107,0,46,130,6,182,90,0,90,272
07/27/2006,SBP,CA,AWP,WE,Federal Contract Tower,0,41,20,0,61,0,7,108,0,115,0,48,128,0,176,96,0,96,272
07/28/2006,SBP,CA,AWP,WE,Federal Contract Tower,0,43,28,2,73,0,4,108,0,112,0,47,136,2,185,94,0,94,279
07/29/2006,SBP,CA,AWP,WE,Federal Contract Tower,0,35,35,0,70,0,6,63,0,69,0,41,98,0,139,82,0,82,221
07/30/2006,SBP,CA,AWP,WE,Federal Contract Tower,0,29,33,0,62,0,3,83,0,86,0,32,116,0,148,56,0,56,204
07/31/2006,SBP,CA,AWP,WE,Federal Contract Tower,0,41,36,0,77,0,23,79,0,102,0,64,115,0,179,132,0,132,311
08/01/2006,SBP,CA,AWP,WE,Federal Contract Tower,0,42,18,0,60,0,7,96,2,105,0,49,114,2,165,118,0,118,283
08/02/2006,SBP,CA,AWP,WE,Federal Contract Tower,0,46,22,0,68,0,1,89,0,90,0,47,111,0,158,100,0,100,258
08/03/2006,SBP,CA,AWP,WE,Federal Contract Tower,0,49,36,0,85,0,6,82,0,88,0,55,118,0,173,124,0,124,297
08/04/2006,SBP,CA,AWP,WE,Federal Contract Tower,0,46,56,2,104,0,1,35,0,36,0,47,91,2,140,44,0,44,184
08/05/2006,SBP,CA,AWP,WE,Federal Contract Tower,0,34,25,0,59,0,12,137,2,151,0,46,162,2,210,78,0,78,288
08/06/2006,SBP,CA,AWP,WE,Federal Contract Tower,0,36,13,0,49,0,7,131,0,138,0,43,144,0,187,90,0,90,277
08/07/2006,SBP,CA,AWP,WE,Federal Contract Tower,0,37,14,3,54,0,16,121,1,138,0,53,135,4,192,74,0,74,266
08/08/2006,SBP,CA,AWP,WE,Federal Contract Tower,0,41,7,0,48,0,13,106,2,121,0,54,113,2,169,106,0,106,275
08/09/2006,SBP,CA,AWP,WE,Federal Contract Tower,0,41,20,0,61,0,8,129,0,137,0,49,149,0,198,138,0,138,336
08/10/2006,SBP,CA,AWP,WE,Federal Contract Tower,0,39,23,2,64,0,0,106,8,114,0,39,129,10,178,62,0,62,240
08/11/2006,SBP,CA,AWP,WE,Federal Contract Tower,0,41,30,0,71,0,10,161,0,171,0,51,191,0,242,86,0,86,328
08/12/2006,SBP,CA,AWP,WE,Federal Contract Tower,0,33,23,0,56,0,7,108,0,115,0,40,131,0,171,56,0,56,227
08/13/2006,SBP,CA,AWP,WE,Federal Contract Tower,0,36,24,0,60,0,2,126,0,128,0,38,150,0,188,90,0,90,278
08/14/2006,SBP,CA,AWP,WE,Federal Contract Tower,0,35,45,2,82,0,1,60,2,63,0,36,105,4,145,74,0,74,219
08/15/2006,SBP,CA,AWP,WE,Federal Contract Tower,0,41,25,0,66,0,10,126,4,140,0,51,151,4,206,68,0,68,274
08/16/2006,SBP,CA,AWP,WE,Federal Contract Tower,0,45,35,0,80,0,4,105,0,109,0,49,140,0,189,126,0,126,315
08/17/2006,SBP,CA,AWP,WE,Federal Contract Tower,0,41,37,6,84,0,7,83,7,97,0,48,120,13,181,164,0,164,345
08/18/2006,SBP,CA,AWP,WE,Federal Contract Tower,0,37,27,2,66,0,6,101,0,107,0,43,128,2,173,70,0,70,243
08/19/2006,SBP,CA,AWP,WE,Federal Contract Tower,0,35,24,0,59,0,5,136,1,142,0,40,160,1,201,66,0,66,267
08/20/2006,SBP,CA,AWP,WE,Federal Contract Tower,0,35,29,0,64,0,0,143,0,143,0,35,172,0,207,12,0,12,219
08/21/2006,SBP,CA,AWP,WE,Federal Contract Tower,0,35,26,0,61,0,8,91,0,99,0,43,117,0,160,86,0,86,246
08/22/2006,SBP,CA,AWP,WE,Federal Contract Tower,0,44,23,0,67,0,1,84,7,92,0,45,107,7,159,90,0,90,249
08/23/2006,SBP,CA,AWP,WE,Federal Contract Tower,0,42,24,0,66,0,1,80,2,83,0,43,104,2,149,40,2,42,191
08/24/2006,SBP,CA,AWP,WE,Federal Contract Tower,0,45,29,2,76,0,7,112,4,123,0,52,141,6,199,199,0,199,398
08/25/2006,SBP,CA,AWP,WE,Federal Contract Tower,0,34,27,0,61,0,8,104,0,112,0,42,131,0,173,90,0,90,263
08/26/2006,SBP,CA,AWP,WE,Federal Contract Tower,0,35,17,0,52,0,5,122,0,127,0,40,139,0,179,96,0,96,275
08/27/2006,SBP,CA,AWP,WE,Federal Contract Tower,0,32,30,0,62,0,8,137,0,145,0,40,167,0,207,44,0,44,251
08/28/2006,SBP,CA,AWP,WE,Federal Contract Tower,0,37,32,0,69,0,9,128,0,137,0,46,160,0,206,102,0,102,308
08/29/2006,SBP,CA,AWP,WE,Federal Contract Tower,0,42,40,0,82,0,8,98,0,106,0,50,138,0,188,82,0,82,270
08/30/2006,SBP,CA,AWP,WE,Federal Contract Tower,0,43,23,0,66,0,8,77,0,85,0,51,100,0,151,120,0,120,271
08/31/2006,SBP,CA,AWP,WE,Federal Contract Tower,0,50,20,0,70,0,1,151,0,152,0,51,171,0,222,54,0,54,276
09/01/2006,SBP,CA,AWP,WE,Federal Contract Tower,0,46,33,1,80,0,7,111,1,119,0,53,144,2,199,60,0,60,259
09/02/2006,SBP,CA,AWP,WE,Federal Contract Tower,0,32,19,0,51,0,5,114,0,119,0,37,133,0,170,28,0,28,198
09/03/2006,SBP,CA,AWP,WE,Federal Contract Tower,0,30,13,0,43,0,6,124,0,130,0,36,137,0,173,62,0,62,235
09/04/2006,SBP,CA,AWP,WE,Federal Contract Tower,0,34,30,0,64,0,3,159,1,163,0,37,189,1,227,62,0,62,289
09/05/2006,SBP,CA,AWP,WE,Federal Contract Tower,0,39,34,0,73,0,1,84,0,85,0,40,118,0,158,118,0,118,276
09/06/2006,SBP,CA,AWP,WE,Federal Contract Tower,0,43,32,0,75,0,5,80,4,89,0,48,112,4,164,50,0,50,214
09/07/2006,SBP,CA,AWP,WE,Federal Contract Tower,0,43,30,2,75,0,5,110,2,117,0,48,140,4,192,82,0,82,274
09/08/2006,SBP,CA,AWP,WE,Federal Contract Tower,0,41,60,0,101,0,0,17,0,17,0,41,77,0,118,38,0,38,156
09/09/2006,SBP,CA,AWP,WE,Federal Contract Tower,0,32,23,0,55,0,0,82,0,82,0,32,105,0,137,124,0,124,261
09/10/2006,SBP,CA,AWP,WE,Federal Contract Tower,0,29,30,0,59,0,4,108,0,112,0,33,138,0,171,82,0,82,253
09/11/2006,SBP,CA,AWP,WE,Federal Contract Tower,0,35,27,0,62,0,7,90,0,97,0,42,117,0,159,120,0,120,279
09/12/2006,SBP,CA,AWP,WE,Federal Contract Tower,0,36,10,0,46,0,9,110,0,119,0,45,120,0,165,120,0,120,285
09/13/2006,SBP,CA,AWP,WE,Federal Contract Tower,0,45,26,0,71,0,9,91,0,100,0,54,117,0,171,46,0,46,217
09/14/2006,SBP,CA,AWP,WE,Federal Contract Tower,0,54,63,0,117,0,1,18,0,19,0,55,81,0,136,20,0,20,156
09/15/2006,SBP,CA,AWP,WE,Federal Contract Tower,0,40,19,0,59,0,4,116,0,120,0,44,135,0,179,78,0,78,257
09/16/2006,SBP,CA,AWP,WE,Federal Contract Tower,0,30,8,0,38,0,2,110,0,112,0,32,118,0,150,26,0,26,176
09/17/2006,SBP,CA,AWP,WE,Federal Contract Tower,0,34,16,0,50,0,2,139,0,141,0,36,155,0,191,86,0,86,277
09/18/2006,SBP,CA,AWP,WE,Federal Contract Tower,0,39,22,3,64,0,7,114,1,122,0,46,136,4,186,132,0,132,318
09/19/2006,SBP,CA,AWP,WE,Federal Contract Tower,0,39,20,0,59,0,16,120,0,136,0,55,140,0,195,58,0,58,253
09/20/2006,SBP,CA,AWP,WE,Federal Contract Tower,0,42,20,0,62,0,8,102,0,110,0,50,122,0,172,42,4,46,218
09/21/2006,SBP,CA,AWP,WE,Federal Contract Tower,0,39,21,0,60,0,5,124,0,129,0,44,145,0,189,140,0,140,329
09/22/2006,SBP,CA,AWP,WE,Federal Contract Tower,0,46,35,0,81,0,17,113,4,134,0,63,148,4,215,78,0,78,293
09/23/2006,SBP,CA,AWP,WE,Federal Contract Tower,0,30,21,0,51,0,0,110,2,112,0,30,131,2,163,44,0,44,207
09/24/2006,SBP,CA,AWP,WE,Federal Contract Tower,0,33,14,1,48,0,3,175,1,179,0,36,189,2,227,0,54,54,281
09/25/2006,SBP,CA,AWP,WE,Federal Contract Tower,0,37,17,0,54,0,8,85,0,93,0,45,102,0,147,76,0,76,223
09/26/2006,SBP,CA,AWP,WE,Federal Contract Tower,0,40,20,0,60,0,13,90,0,103,0,53,110,0,163,144,0,144,307
09/27/2006,SBP,CA,AWP,WE,Federal Contract Tower,0,43,37,0,80,0,5,111,0,116,0,48,148,0,196,100,0,100,296
09/28/2006,SBP,CA,AWP,WE,Federal Contract Tower,0,44,28,0,72,0,1,106,0,107,0,45,134,0,179,180,0,180,359
09/29/2006,SBP,CA,AWP,WE,Federal Contract Tower,0,40,34,0,74,0,1,99,2,102,0,41,133,2,176,68,0,68,244
09/30/2006,SBP,CA,AWP,WE,Federal Contract Tower,0,29,21,2,52,0,8,77,2,87,0,37,98,4,139,48,0,48,187
10/01/2006,SBP,CA,AWP,WE,Federal Contract Tower,0,29,40,0,69,0,4,94,0,98,0,33,134,0,167,42,0,42,209
10/02/2006,SBP,CA,AWP,WE,Federal Contract Tower,0,38,34,0,72,0,32,95,2,129,0,70,129,2,201,78,0,78,279
10/03/2006,SBP,CA,AWP,WE,Federal Contract Tower,0,39,28,0,67,0,9,92,2,103,0,48,120,2,170,50,0,50,220
10/04/2006,SBP,CA,AWP,WE,Federal Contract Tower,0,38,23,2,63,0,11,144,0,155,0,49,167,2,218,98,0,98,316
10/05/2006,SBP,CA,AWP,WE,Federal Contract Tower,0,41,28,1,70,0,2,52,0,54,0,43,80,1,124,36,0,36,160
10/06/2006,SBP,CA,AWP,WE,Federal Contract Tower,0,34,39,0,73,0,8,120,0,128,0,42,159,0,201,154,0,154,355
10/07/2006,SBP,CA,AWP,WE,Federal Contract Tower,0,31,20,0,51,0,2,148,0,150,0,33,168,0,201,70,0,70,271
10/08/2006,SBP,CA,AWP,WE,Federal Contract Tower,0,31,22,0,53,0,4,162,0,166,0,35,184,0,219,70,0,70,289
10/09/2006,SBP,CA,AWP,WE,Federal Contract Tower,0,35,23,0,58,0,11,112,0,123,0,46,135,0,181,56,0,56,237
10/10/2006,SBP,CA,AWP,WE,Federal Contract Tower,0,42,39,1,82,0,6,42,3,51,0,48,81,4,133,180,0,180,313
10/11/2006,SBP,CA,AWP,WE,Federal Contract Tower,0,44,23,1,68,0,10,105,3,118,0,54,128,4,186,64,0,64,250
10/12/2006,SBP,CA,AWP,WE,Federal Contract Tower,0,42,18,0,60,0,6,115,0,121,0,48,133,0,181,122,0,122,303
10/13/2006,SBP,CA,AWP,WE,Federal Contract Tower,0,36,36,0,72,0,6,93,0,99,0,42,129,0,171,176,0,176,347
10/14/2006,SBP,CA,AWP,WE,Federal Contract Tower,0,25,46,0,71,0,4,61,0,65,0,29,107,0,136,74,0,74,210
10/15/2006,SBP,CA,AWP,WE,Federal Contract Tower,0,36,34,2,72,0,8,67,0,75,0,44,101,2,147,70,0,70,217
10/16/2006,SBP,CA,AWP,WE,Federal Contract Tower,0,37,26,0,63,0,3,64,0,67,0,40,90,0,130,62,0,62,192
10/17/2006,SBP,CA,AWP,WE,Federal Contract Tower,0,40,13,2,55,0,11,120,0,131,0,51,133,2,186,98,0,98,284
10/18/2006,SBP,CA,AWP,WE,Federal Contract Tower,0,39,14,0,53,0,9,105,0,114,0,48,119,0,167,98,0,98,265
10/19/2006,SBP,CA,AWP,WE,Federal Contract Tower,0,40,8,2,50,0,4,170,2,176,0,44,178,4,226,118,2,120,346
10/20/2006,SBP,CA,AWP,WE,Federal Contract Tower,0,41,25,0,66,0,3,134,0,137,0,44,159,0,203,108,0,108,311
10/21/2006,SBP,CA,AWP,WE,Federal Contract Tower,0,33,25,0,58,0,7,148,0,155,0,40,173,0,213,82,0,82,295
10/22/2006,SBP,CA,AWP,WE,Federal Contract Tower,0,31,30,0,61,0,10,183,0,193,0,41,213,0,254,84,0,84,338
10/23/2006,SBP,CA,AWP,WE,Federal Contract Tower,0,36,23,0,59,0,9,120,0,129,0,45,143,0,188,82,0,82,270
10/24/2006,SBP,CA,AWP,WE,Federal Contract Tower,0,42,34,0,76,0,8,86,0,94,0,50,120,0,170,82,0,82,252
10/25/2006,SBP,CA,AWP,WE,Federal Contract Tower,0,39,39,0,78,0,8,115,0,123,0,47,154,0,201,122,0,122,323
10/26/2006,SBP,CA,AWP,WE,Federal Contract Tower,0,44,19,0,63,0,4,113,0,117,0,48,132,0,180,64,0,64,244
10/27/2006,SBP,CA,AWP,WE,Federal Contract Tower,0,40,26,0,66,0,12,140,4,156,0,52,166,4,222,82,0,82,304
10/28/2006,SBP,CA,AWP,WE,Federal Contract Tower,0,28,12,0,40,0,0,164,0,164,0,28,176,0,204,46,0,46,250
10/29/2006,SBP,CA,AWP,WE,Federal Contract Tower,0,32,36,0,68,0,8,110,0,118,0,40,146,0,186,26,0,26,212
10/30/2006,SBP,CA,AWP,WE,Federal Contract Tower,0,40,34,0,74,0,9,103,0,112,0,49,137,0,186,118,0,118,304
10/31/2006,SBP,CA,AWP,WE,Federal Contract Tower,0,39,33,0,72,0,12,88,0,100,0,51,121,0,172,66,0,66,238
11/01/2006,SBP,CA,AWP,WE,Federal Contract Tower,0,39,22,0,61,0,3,130,0,133,0,42,152,0,194,114,0,114,308
11/02/2006,SBP,CA,AWP,WE,Federal Contract Tower,0,38,32,1,71,0,12,80,1,93,0,50,112,2,164,64,0,64,228
11/03/2006,SBP,CA,AWP,WE,Federal Contract Tower,0,48,53,0,101,0,1,68,4,73,0,49,121,4,174,73,0,73,247
11/04/2006,SBP,CA,AWP,WE,Federal Contract Tower,0,32,15,0,47,0,5,123,0,128,0,37,138,0,175,88,0,88,263
11/05/2006,SBP,CA,AWP,WE,Federal Contract Tower,0,30,25,0,55,0,0,132,2,134,0,30,157,2,189,48,0,48,237
11/06/2006,SBP,CA,AWP,WE,Federal Contract Tower,0,40,23,0,63,0,6,100,0,106,0,46,123,0,169,138,0,138,307
11/07/2006,SBP,CA,AWP,WE,Federal Contract Tower,0,37,13,0,50,0,11,112,0,123,0,48,125,0,173,82,0,82,255
11/08/2006,SBP,CA,AWP,WE,Federal Contract Tower,0,47,12,2,61,0,10,91,2,103,0,57,103,4,164,46,0,46,210
11/09/2006,SBP,CA,AWP,WE,Federal Contract Tower,0,47,26,2,75,0,6,131,1,138,0,53,157,3,213,92,0,92,305
11/10/2006,SBP,CA,AWP,WE,Federal Contract Tower,0,42,20,0,62,0,8,139,0,147,0,50,159,0,209,130,0,130,339
11/11/2006,SBP,CA,AWP,WE,Federal Contract Tower,0,32,20,0,52,0,5,14,0,19,0,37,34,0,71,40,0,40,111
11/12/2006,SBP,CA,AWP,WE,Federal Contract Tower,0,34,22,0,56,0,0,154,0,154,0,34,176,0,210,84,0,84,294
11/13/2006,SBP,CA,AWP,WE,Federal Contract Tower,0,38,16,0,54,0,3,71,4,78,0,41,87,4,132,78,0,78,210
11/14/2006,SBP,CA,AWP,WE,Federal Contract Tower,0,44,22,1,67,0,6,53,1,60,0,50,75,2,127,100,0,100,227
11/15/2006,SBP,CA,AWP,WE,Federal Contract Tower,0,41,18,1,60,0,10,126,1,137,0,51,144,2,197,126,0,126,323
11/16/2006,SBP,CA,AWP,WE,Federal Contract Tower,0,39,35,0,74,0,2,131,2,135,0,41,166,2,209,38,0,38,247
11/17/2006,SBP,CA,AWP,WE,Federal Contract Tower,0,40,32,2,74,0,3,144,1,148,0,43,176,3,222,148,6,154,376
11/18/2006,SBP,CA,AWP,WE,Federal Contract Tower,0,27,22,0,49,0,8,136,0,144,0,35,158,0,193,28,0,28,221
11/19/2006,SBP,CA,AWP,WE,Federal Contract Tower,0,26,19,0,45,0,1,126,0,127,0,27,145,0,172,72,0,72,244
11/20/2006,SBP,CA,AWP,WE,Federal Contract Tower,0,37,34,2,73,0,7,137,0,144,0,44,171,2,217,136,0,136,353
11/21/2006,SBP,CA,AWP,WE,Federal Contract Tower,0,44,43,2,89,0,8,91,0,99,0,52,134,2,188,102,0,102,290
11/22/2006,SBP,CA,AWP,WE,Federal Contract Tower,0,40,28,0,68,0,6,126,0,132,0,46,154,0,200,56,0,56,256
11/23/2006,SBP,CA,AWP,WE,Federal Contract Tower,0,27,5,0,32,0,0,51,0,51,0,27,56,0,83,10,0,10,93
11/24/2006,SBP,CA,AWP,WE,Federal Contract Tower,0,36,14,0,50,0,7,148,0,155,0,43,162,0,205,80,0,80,285
11/25/2006,SBP,CA,AWP,WE,Federal Contract Tower,0,33,19,0,52,0,1,156,0,157,0,34,175,0,209,94,0,94,303
11/26/2006,SBP,CA,AWP,WE,Federal Contract Tower,0,34,31,0,65,0,0,97,0,97,0,34,128,0,162,192,0,192,354
11/27/2006,SBP,CA,AWP,WE,Federal Contract Tower,0,39,25,0,64,0,2,42,0,44,0,41,67,0,108,88,0,88,196
11/28/2006,SBP,CA,AWP,WE,Federal Contract Tower,0,44,21,0,65,0,7,83,2,92,0,51,104,2,157,66,0,66,223
11/29/2006,SBP,CA,AWP,WE,Federal Contract Tower,0,40,17,0,57,0,13,93,6,112,0,53,110,6,169,104,0,104,273
11/30/2006,SBP,CA,AWP,WE,Federal Contract Tower,0,52,20,0,72,0,4,119,2,125,0,56,139,2,197,86,0,86,283
12/01/2006,SBP,CA,AWP,WE,Federal Contract Tower,0,39,20,0,59,0,11,114,0,125,0,50,134,0,184,76,0,76,260
12/02/2006,SBP,CA,AWP,WE,Federal Contract Tower,0,27,12,0,39,0,4,119,0,123,0,31,131,0,162,88,0,88,250
12/03/2006,SBP,CA,AWP,WE,Federal Contract Tower,0,33,22,0,55,0,2,115,0,117,0,35,137,0,172,82,0,82,254
12/04/2006,SBP,CA,AWP,WE,Federal Contract Tower,0,40,23,0,63,0,12,124,0,136,0,52,147,0,199,116,0,116,315
12/05/2006,SBP,CA,AWP,WE,Federal Contract Tower,0,42,19,0,61,0,3,134,0,137,0,45,153,0,198,62,0,62,260
12/06/2006,SBP,CA,AWP,WE,Federal Contract Tower,0,39,19,1,59,0,12,127,0,139,0,51,146,1,198,74,0,74,272
12/07/2006,SBP,CA,AWP,WE,Federal Contract Tower,0,41,18,1,60,0,4,137,1,142,0,45,155,2,202,120,0,120,322
12/08/2006,SBP,CA,AWP,WE,Federal Contract Tower,0,37,20,0,57,0,5,66,0,71,0,42,86,0,128,38,0,38,166
12/09/2006,SBP,CA,AWP,WE,Federal Contract Tower,0,27,29,0,56,0,0,20,0,20,0,27,49,0,76,40,0,40,116
12/10/2006,SBP,CA,AWP,WE,Federal Contract Tower,0,30,10,0,40,0,0,9,0,9,0,30,19,0,49,0,0,0,49
12/11/2006,SBP,CA,AWP,WE,Federal Contract Tower,0,38,15,0,53,0,4,132,0,136,0,42,147,0,189,108,0,108,297
12/12/2006,SBP,CA,AWP,WE,Federal Contract Tower,0,35,20,0,55,0,5,91,0,96,0,40,111,0,151,122,0,122,273
12/13/2006,SBP,CA,AWP,WE,Federal Contract Tower,0,39,20,0,59,0,12,89,0,101,0,51,109,0,160,84,0,84,244
12/14/2006,SBP,CA,AWP,WE,Federal Contract Tower,0,43,25,0,68,0,6,99,0,105,0,49,124,0,173,52,0,52,225
12/15/2006,SBP,CA,AWP,WE,Federal Contract Tower,0,42,18,0,60,0,2,75,0,77,0,44,93,0,137,30,0,30,167
12/16/2006,SBP,CA,AWP,WE,Federal Contract Tower,0,33,11,0,44,0,0,29,0,29,0,33,40,0,73,50,0,50,123
12/17/2006,SBP,CA,AWP,WE,Federal Contract Tower,0,35,20,0,55,0,6,81,0,87,0,41,101,0,142,74,0,74,216
12/18/2006,SBP,CA,AWP,WE,Federal Contract Tower,0,39,16,1,56,0,7,92,7,106,0,46,108,8,162,80,0,80,242
12/19/2006,SBP,CA,AWP,WE,Federal Contract Tower,0,42,25,0,67,0,23,115,0,138,0,65,140,0,205,134,0,134,339
12/20/2006,SBP,CA,AWP,WE,Federal Contract Tower,0,44,16,0,60,0,8,97,0,105,0,52,113,0,165,78,0,78,243
12/21/2006,SBP,CA,AWP,WE,Federal Contract Tower,0,43,34,0,77,0,6,89,0,95,0,49,123,0,172,90,0,90,262
12/22/2006,SBP,CA,AWP,WE,Federal Contract Tower,0,37,17,1,55,0,12,59,1,72,0,49,76,2,127,6,0,6,133
12/23/2006,SBP,CA,AWP,WE,Federal Contract Tower,0,28,18,0,46,0,10,118,0,128,0,38,136,0,174,74,0,74,248
12/24/2006,SBP,CA,AWP,WE,Federal Contract Tower,0,33,18,0,51,0,0,61,0,61,0,33,79,0,112,20,0,20,132
12/25/2006,SBP,CA,AWP,WE,Federal Contract Tower,0,33,6,0,39,0,0,55,0,55,0,33,61,0,94,6,0,6,100
12/26/2006,SBP,CA,AWP,WE,Federal Contract Tower,0,34,25,0,59,0,7,84,0,91,0,41,109,0,150,38,0,38,188
12/27/2006,SBP,CA,AWP,WE,Federal Contract Tower,0,38,17,1,56,0,2,19,1,22,0,40,36,2,78,0,0,0,78
12/28/2006,SBP,CA,AWP,WE,Federal Contract Tower,0,39,17,3,59,0,9,81,1,91,0,48,98,4,150,26,0,26,176
12/29/2006,SBP,CA,AWP,WE,Federal Contract Tower,0,37,20,0,57,0,10,122,0,132,0,47,142,0,189,40,0,40,229
12/30/2006,SBP,CA,AWP,WE,Federal Contract Tower,0,31,24,0,55,0,1,142,0,143,0,32,166,0,198,48,0,48,246
12/31/2006,SBP,CA,AWP,WE,Federal Contract Tower,0,32,23,0,55,0,2,50,0,52,0,34,73,0,107,8,0,8,115
01/01/2007,SBP,CA,AWP,WE,Federal Contract Tower,0,32,12,0,44,0,1,81,0,82,0,33,93,0,126,46,0,46,172
01/02/2007,SBP,CA,AWP,WE,Federal Contract Tower,0,38,9,0,47,0,6,109,0,115,0,44,118,0,162,64,0,64,226
01/03/2007,SBP,CA,AWP,WE,Federal Contract Tower,0,41,22,0,63,0,14,96,0,110,0,55,118,0,173,46,0,46,219
01/04/2007,SBP,CA,AWP,WE,Federal Contract Tower,0,45,30,5,80,0,1,12,1,14,0,46,42,6,94,0,0,0,94
01/05/2007,SBP,CA,AWP,WE,Federal Contract Tower,0,36,13,0,49,0,4,66,0,70,0,40,79,0,119,52,0,52,171
01/06/2007,SBP,CA,AWP,WE,Federal Contract Tower,0,36,13,0,49,0,4,145,2,151,0,40,158,2,200,94,0,94,294
01/07/2007,SBP,CA,AWP,WE,Federal Contract Tower,0,32,8,0,40,0,7,75,0,82,0,39,83,0,122,8,0,8,130
01/08/2007,SBP,CA,AWP,WE,Federal Contract Tower,0,36,13,0,49,0,13,89,0,102,0,49,102,0,151,116,0,116,267
01/09/2007,SBP,CA,AWP,WE,Federal Contract Tower,0,43,12,0,55,0,7,103,0,110,0,50,115,0,165,72,0,72,237
01/10/2007,SBP,CA,AWP,WE,Federal Contract Tower,0,40,17,0,57,0,16,119,0,135,0,56,136,0,192,96,0,96,288
01/11/2007,SBP,CA,AWP,WE,Federal Contract Tower,0,41,13,0,54,0,9,60,0,69,0,50,73,0,123,60,0,60,183
01/12/2007,SBP,CA,AWP,WE,Federal Contract Tower,0,39,11,0,50,0,8,94,0,102,0,47,105,0,152,78,0,78,230
01/13/2007,SBP,CA,AWP,WE,Federal Contract Tower,0,27,10,0,37,0,5,135,0,140,0,32,145,0,177,92,0,92,269
01/14/2007,SBP,CA,AWP,WE,Federal Contract Tower,0,34,20,0,54,0,2,134,0,136,0,36,154,0,190,50,0,50,240
01/15/2007,SBP,CA,AWP,WE,Federal Contract Tower,0,35,7,0,42,0,8,161,0,169,0,43,168,0,211,84,0,84,295
01/16/2007,SBP,CA,AWP,WE,Federal Contract Tower,0,40,11,0,51,0,7,110,4,121,0,47,121,4,172,58,0,58,230
01/17/2007,SBP,CA,AWP,WE,Federal Contract Tower,0,39,10,0,49,0,5,64,0,69,0,44,74,0,118,60,0,60,178
01/18/2007,SBP,CA,AWP,WE,Federal Contract Tower,0,40,15,1,56,0,2,153,5,160,0,42,168,6,216,178,0,178,394
01/19/2007,SBP,CA,AWP,WE,Federal Contract Tower,0,35,19,0,54,0,7,149,2,158,0,42,168,2,212,122,0,122,334
01/20/2007,SBP,CA,AWP,WE,Federal Contract Tower,0,26,27,0,53,0,3,156,0,159,0,29,183,0,212,72,0,72,284
01/21/2007,SBP,CA,AWP,WE,Federal Contract Tower,0,27,17,0,44,0,5,136,0,141,0,32,153,0,185,76,0,76,261
01/22/2007,SBP,CA,AWP,WE,Federal Contract Tower,0,37,26,1,64,0,17,121,1,139,0,54,147,2,203,106,0,106,309
01/23/2007,SBP,CA,AWP,WE,Federal Contract Tower,0,39,15,0,54,0,7,122,0,129,0,46,137,0,183,148,0,148,331
01/24/2007,SBP,CA,AWP,WE,Federal Contract Tower,0,40,19,0,59,0,4,109,0,113,0,44,128,0,172,72,0,72,244
01/25/2007,SBP,CA,AWP,WE,Federal Contract Tower,0,40,21,1,62,0,7,127,9,143,0,47,148,10,205,128,0,128,333
01/26/2007,SBP,CA,AWP,WE,Federal Contract Tower,0,35,26,0,61,0,9,102,2,113,0,44,128,2,174,100,0,100,274
01/27/2007,SBP,CA,AWP,WE,Federal Contract Tower,0,24,19,0,43,0,0,12,0,12,0,24,31,0,55,34,0,34,89
01/28/2007,SBP,CA,AWP,WE,Federal Contract Tower,0,24,26,0,50,0,7,52,0,59,0,31,78,0,109,50,0,50,159
01/29/2007,SBP,CA,AWP,WE,Federal Contract Tower,0,36,18,1,55,0,3,59,0,62,0,39,77,1,117,52,0,52,169
01/30/2007,SBP,CA,AWP,WE,Federal Contract Tower,0,45,25,0,70,0,0,44,4,48,0,45,69,4,118,98,0,98,216
01/31/2007,SBP,CA,AWP,WE,Federal Contract Tower,0,40,26,2,68,0,4,84,7,95,0,44,110,9,163,178,0,178,341
02/01/2007,SBP,CA,AWP,WE,Federal Contract Tower,0,37,21,0,58,0,4,113,4,121,0,41,134,4,179,126,0,126,305
02/02/2007,SBP,CA,AWP,WE,Federal Contract Tower,0,36,26,0,62,0,2,136,0,138,0,38,162,0,200,136,0,136,336
02/03/2007,SBP,CA,AWP,WE,Federal Contract Tower,0,26,19,0,45,0,2,164,0,166,0,28,183,0,211,132,0,132,343
02/04/2007,SBP,CA,AWP,WE,Federal Contract Tower,0,26,19,0,45,0,2,112,0,114,0,28,131,0,159,82,0,82,241
02/05/2007,SBP,CA,AWP,WE,Federal Contract Tower,0,37,21,0,58,0,3,123,0,126,0,40,144,0,184,84,0,84,268
02/06/2007,SBP,CA,AWP,WE,Federal Contract Tower,0,36,26,0,62,0,5,113,0,118,0,41,139,0,180,140,0,140,320
02/07/2007,SBP,CA,AWP,WE,Federal Contract Tower,0,36,17,1,54,0,2,47,1,50,0,38,64,2,104,62,0,62,166
02/08/2007,SBP,CA,AWP,WE,Federal Contract Tower,0,35,49,0,84,0,6,3,0,9,0,41,52,0,93,26,0,26,119
02/09/2007,SBP,CA,AWP,WE,Federal Contract Tower,0,40,24,0,64,0,5,30,0,35,0,45,54,0,99,58,0,58,157
02/10/2007,SBP,CA,AWP,WE,Federal Contract Tower,0,28,21,0,49,0,0,1,0,1,0,28,22,0,50,0,0,0,50
02/11/2007,SBP,CA,AWP,WE,Federal Contract Tower,0,26,21,0,47,0,5,29,2,36,0,31,50,2,83,58,0,58,141
02/12/2007,SBP,CA,AWP,WE,Federal Contract Tower,0,37,19,3,59,0,6,96,1,103,0,43,115,4,162,58,0,58,220
02/13/2007,SBP,CA,AWP,WE,Federal Contract Tower,0,42,21,0,63,0,6,82,6,94,0,48,103,6,157,106,0,106,263
02/14/2007,SBP,CA,AWP,WE,Federal Contract Tower,0,41,20,0,61,0,4,142,0,146,0,45,162,0,207,130,0,130,337
02/15/2007,SBP,CA,AWP,WE,Federal Contract Tower,0,42,18,0,60,0,14,153,0,167,0,56,171,0,227,182,0,182,409
02/16/2007,SBP,CA,AWP,WE,Federal Contract Tower,0,36,21,2,59,0,11,146,0,157,0,47,167,2,216,24,0,24,240
02/17/2007,SBP,CA,AWP,WE,Federal Contract Tower,0,35,24,0,59,0,4,165,0,169,0,39,189,0,228,128,0,128,356
02/18/2007,SBP,CA,AWP,WE,Federal Contract Tower,0,33,48,0,81,0,4,20,0,24,0,37,68,0,105,0,0,0,105
02/19/2007,SBP,CA,AWP,WE,Federal Contract Tower,0,33,23,0,56,0,0,107,0,107,0,33,130,0,163,64,0,64,227
02/20/2007,SBP,CA,AWP,WE,Federal Contract Tower,0,37,20,0,57,0,13,119,2,134,0,50,139,2,191,122,0,122,313
02/21/2007,SBP,CA,AWP,WE,Federal Contract Tower,0,36,31,0,67,0,7,95,0,102,0,43,126,0,169,136,0,136,305
02/22/2007,SBP,CA,AWP,WE,Federal Contract Tower,0,43,27,0,70,0,11,10,0,21,0,54,37,0,91,28,0,28,119
02/23/2007,SBP,CA,AWP,WE,Federal Contract Tower,0,39,27,0,66,0,6,101,2,109,0,45,128,2,175,52,0,52,227
02/24/2007,SBP,CA,AWP,WE,Federal Contract Tower,0,32,15,0,47,0,2,202,0,204,0,34,217,0,251,72,0,72,323
02/25/2007,SBP,CA,AWP,WE,Federal Contract Tower,0,33,34,0,67,0,1,40,0,41,0,34,74,0,108,26,0,26,134
02/26/2007,SBP,CA,AWP,WE,Federal Contract Tower,0,30,31,0,61,0,5,36,0,41,0,35,67,0,102,72,0,72,174
02/27/2007,SBP,CA,AWP,WE,Federal Contract Tower,0,40,22,0,62,0,5,51,0,56,0,45,73,0,118,76,0,76,194
02/28/2007,SBP,CA,AWP,WE,Federal Contract Tower,0,38,25,0,63,0,9,77,0,86,0,47,102,0,149,128,0,128,277
03/01/2007,SBP,CA,AWP,WE,Federal Contract Tower,0,37,27,0,64,0,10,116,0,126,0,47,143,0,190,62,0,62,252
03/02/2007,SBP,CA,AWP,WE,Federal Contract Tower,0,38,21,0,59,0,3,145,2,150,0,41,166,2,209,56,0,56,265
03/03/2007,SBP,CA,AWP,WE,Federal Contract Tower,0,30,26,1,57,0,1,189,1,191,0,31,215,2,248,98,0,98,346
03/04/2007,SBP,CA,AWP,WE,Federal Contract Tower,0,34,33,0,67,0,0,207,0,207,0,34,240,0,274,80,0,80,354
03/05/2007,SBP,CA,AWP,WE,Federal Contract Tower,0,37,18,2,57,0,4,103,2,109,0,41,121,4,166,132,0,132,298
03/06/2007,SBP,CA,AWP,WE,Federal Contract Tower,0,39,34,0,73,0,2,156,2,160,0,41,190,2,233,182,0,182,415
03/07/2007,SBP,CA,AWP,WE,Federal Contract Tower,0,41,35,0,76,0,2,61,2,65,0,43,96,2,141,110,0,110,251
03/08/2007,SBP,CA,AWP,WE,Federal Contract Tower,0,42,24,0,66,0,5,140,0,145,0,47,164,0,211,136,0,136,347
03/09/2007,SBP,CA,AWP,WE,Federal Contract Tower,0,39,32,0,71,0,2,147,5,154,0,41,179,5,225,120,0,120,345
03/10/2007,SBP,CA,AWP,WE,Federal Contract Tower,0,33,12,0,45,0,0,137,0,137,0,33,149,0,182,72,0,72,254
03/11/2007,SBP,CA,AWP,WE,Federal Contract Tower,0,33,22,0,55,0,1,114,2,117,0,34,136,2,172,32,0,32,204
03/12/2007,SBP,CA,AWP,WE,Federal Contract Tower,0,38,18,1,57,0,8,104,2,114,0,46,122,3,171,80,0,80,251
03/13/2007,SBP,CA,AWP,WE,Federal Contract Tower,0,37,14,0,51,0,3,120,2,125,0,40,134,2,176,118,0,118,294
03/14/2007,SBP,CA,AWP,WE,Federal Contract Tower,0,40,25,0,65,0,3,88,0,91,0,43,113,0,156,104,0,104,260
03/15/2007,SBP,CA,AWP,WE,Federal Contract Tower,0,43,17,0,60,0,6,130,2,138,0,49,147,2,198,72,0,72,270
03/16/2007,SBP,CA,AWP,WE,Federal Contract Tower,0,40,23,5,68,0,3,154,1,158,0,43,177,6,226,66,0,66,292
03/17/2007,SBP,CA,AWP,WE,Federal Contract Tower,0,31,56,4,91,0,6,10,0,16,0,37,66,4,107,36,0,36,143
03/18/2007,SBP,CA,AWP,WE,Federal Contract Tower,0,31,31,0,62,0,3,115,0,118,0,34,146,0,180,86,0,86,266
03/19/2007,SBP,CA,AWP,WE,Federal Contract Tower,0,41,32,0,73,0,0,29,0,29,0,41,61,0,102,102,0,102,204
03/20/2007,SBP,CA,AWP,WE,Federal Contract Tower,0,34,19,0,53,0,7,7,0,14,0,41,26,0,67,28,0,28,95
03/21/2007,SBP,CA,AWP,WE,Federal Contract Tower,0,46,30,0,76,0,27,101,0,128,0,73,131,0,204,204,0,204,408
03/22/2007,SBP,CA,AWP,WE,Federal Contract Tower,0,41,19,0,60,0,9,164,2,175,0,50,183,2,235,206,0,206,441
03/23/2007,SBP,CA,AWP,WE,Federal Contract Tower,0,43,28,0,71,0,8,156,0,164,0,51,184,0,235,148,0,148,383
03/24/2007,SBP,CA,AWP,WE,Federal Contract Tower,0,26,55,0,81,0,6,13,0,19,0,32,68,0,100,54,0,54,154
03/25/2007,SBP,CA,AWP,WE,Federal Contract Tower,0,29,28,0,57,0,4,96,0,100,0,33,124,0,157,76,0,76,233
03/26/2007,SBP,CA,AWP,WE,Federal Contract Tower,0,41,31,2,74,0,0,26,0,26,0,41,57,2,100,92,0,92,192
03/27/2007,SBP,CA,AWP,WE,Federal Contract Tower,0,39,13,0,52,0,6,25,0,31,0,45,38,0,83,0,0,0,83
03/28/2007,SBP,CA,AWP,WE,Federal Contract Tower,0,43,29,2,74,0,17,120,0,137,0,60,149,2,211,92,0,92,303
03/29/2007,SBP,CA,AWP,WE,Federal Contract Tower,0,40,23,0,63,0,13,147,2,162,0,53,170,2,225,122,0,122,347
03/30/2007,SBP,CA,AWP,WE,Federal Contract Tower,0,41,21,0,62,0,19,137,0,156,0,60,158,0,218,90,0,90,308
03/31/2007,SBP,CA,AWP,WE,Federal Contract Tower,0,31,28,0,59,0,0,108,0,108,0,31,136,0,167,84,0,84,251
04/01/2007,SBP,CA,AWP,WE,Federal Contract Tower,0,31,36,0,67,0,2,147,0,149,0,33,183,0,216,60,0,60,276
04/02/2007,SBP,CA,AWP,WE,Federal Contract Tower,0,34,24,0,58,0,10,102,0,112,0,44,126,0,170,76,0,76,246
04/03/2007,SBP,CA,AWP,WE,Federal Contract Tower,0,43,19,0,62,0,2,101,0,103,0,45,120,0,165,68,0,68,233
04/04/2007,SBP,CA,AWP,WE,Federal Contract Tower,0,38,24,5,67,0,3,95,3,101,0,41,119,8,168,100,0,100,268
04/05/2007,SBP,CA,AWP,WE,Federal Contract Tower,0,37,30,1,68,0,10,112,0,122,0,47,142,1,190,146,0,146,336
04/06/2007,SBP,CA,AWP,WE,Federal Contract Tower,0,44,40,0,84,0,10,39,0,49,0,54,79,0,133,32,0,32,165
04/07/2007,SBP,CA,AWP,WE,Federal Contract Tower,0,32,23,0,55,0,10,72,0,82,0,42,95,0,137,52,0,52,189
04/08/2007,SBP,CA,AWP,WE,Federal Contract Tower,0,37,24,0,61,0,0,89,0,89,0,37,113,0,150,46,0,46,196
04/09/2007,SBP,CA,AWP,WE,Federal Contract Tower,0,43,14,0,57,0,12,116,0,128,0,55,130,0,185,36,0,36,221
04/10/2007,SBP,CA,AWP,WE,Federal Contract Tower,0,40,12,0,52,0,9,109,2,120,0,49,121,2,172,18,0,18,190
04/11/2007,SBP,CA,AWP,WE,Federal Contract Tower,0,38,31,0,69,0,1,50,0,51,0,39,81,0,120,46,0,46,166
04/12/2007,SBP,CA,AWP,WE,Federal Contract Tower,0,39,15,0,54,0,9,72,5,86,0,48,87,5,140,64,0,64,204
04/13/2007,SBP,CA,AWP,WE,Federal Contract Tower,0,37,30,0,67,0,6,146,0,152,0,43,176,0,219,84,0,84,303
04/14/2007,SBP,CA,AWP,WE,Federal Contract Tower,0,30,26,0,56,0,0,36,0,36,0,30,62,0,92,68,0,68,160
04/15/2007,SBP,CA,AWP,WE,Federal Contract Tower,0,32,34,0,66,0,17,101,2,120,0,49,135,2,186,70,0,70,256
04/16/2007,SBP,CA,AWP,WE,Federal Contract Tower,0,39,19,0,58,0,9,126,0,135,0,48,145,0,193,70,0,70,263
04/17/2007,SBP,CA,AWP,WE,Federal Contract Tower,0,42,30,0,72,0,7,93,0,100,0,49,123,0,172,12,0,12,184
04/18/2007,SBP,CA,AWP,WE,Federal Contract Tower,0,40,15,0,55,0,3,64,2,69,0,43,79,2,124,22,0,22,146
04/19/2007,SBP,CA,AWP,WE,Federal Contract Tower,0,37,22,0,59,0,3,91,2,96,0,40,113,2,155,164,0,164,319
04/20/2007,SBP,CA,AWP,WE,Federal Contract Tower,0,39,34,0,73,0,0,31,0,31,0,39,65,0,104,12,0,12,116
04/21/2007,SBP,CA,AWP,WE,Federal Contract Tower,0,31,28,0,59,0,7,117,2,126,0,38,145,2,185,160,0,160,345
04/22/2007,SBP,CA,AWP,WE,Federal Contract Tower,0,31,22,0,53,0,0,22,0,22,0,31,44,0,75,36,0,36,111
04/23/2007,SBP,CA,AWP,WE,Federal Contract Tower,0,37,23,0,60,0,9,114,4,127,0,46,137,4,187,54,0,54,241
04/24/2007,SBP,CA,AWP,WE,Federal Contract Tower,0,42,13,2,57,0,22,142,4,168,0,64,155,6,225,40,0,40,265
04/25/2007,SBP,CA,AWP,WE,Federal Contract Tower,0,40,15,2,57,0,5,121,3,129,0,45,136,5,186,72,0,72,258
04/26/2007,SBP,CA,AWP,WE,Federal Contract Tower,0,39,28,0,67,0,6,141,0,147,0,45,169,0,214,132,0,132,346
04/27/2007,SBP,CA,AWP,WE,Federal Contract Tower,0,39,26,0,65,0,5,154,0,159,0,44,180,0,224,139,0,139,363
04/28/2007,SBP,CA,AWP,WE,Federal Contract Tower,0,35,24,0,59,0,0,183,0,183,0,35,207,0,242,114,0,114,356
04/29/2007,SBP,CA,AWP,WE,Federal Contract Tower,0,40,22,0,62,0,0,138,0,138,0,40,160,0,200,54,0,54,254
04/30/2007,SBP,CA,AWP,WE,Federal Contract Tower,0,41,37,0,78,0,14,108,0,122,0,55,145,0,200,132,0,132,332
05/01/2007,SBP,CA,AWP,WE,Federal Contract Tower,0,42,15,2,59,0,4,113,2,119,0,46,128,4,178,126,0,126,304
05/02/2007,SBP,CA,AWP,WE,Federal Contract Tower,0,43,35,0,78,0,7,87,1,95,0,50,122,1,173,64,0,64,237
05/03/2007,SBP,CA,AWP,WE,Federal Contract Tower,0,43,21,0,64,0,13,103,0,116,0,56,124,0,180,132,0,132,312
05/04/2007,SBP,CA,AWP,WE,Federal Contract Tower,0,39,34,3,76,0,4,32,3,39,0,43,66,6,115,0,0,0,115
05/05/2007,SBP,CA,AWP,WE,Federal Contract Tower,0,34,30,0,64,0,4,122,2,128,0,38,152,2,192,60,0,60,252
05/06/2007,SBP,CA,AWP,WE,Federal Contract Tower,0,33,38,0,71,0,5,192,0,197,0,38,230,0,268,44,0,44,312
05/07/2007,SBP,CA,AWP,WE,Federal Contract Tower,0,38,17,2,57,0,7,104,0,111,0,45,121,2,168,80,0,80,248
05/08/2007,SBP,CA,AWP,WE,Federal Contract Tower,0,45,23,1,69,0,9,102,3,114,0,54,125,4,183,212,0,212,395
05/09/2007,SBP,CA,AWP,WE,Federal Contract Tower,0,39,29,0,68,0,2,113,0,115,0,41,142,0,183,136,0,136,319
05/10/2007,SBP,CA,AWP,WE,Federal Contract Tower,0,43,31,0,74,0,0,121,2,123,0,43,152,2,197,64,0,64,261
05/11/2007,SBP,CA,AWP,WE,Federal Contract Tower,0,43,34,0,77,0,7,158,2,167,0,50,192,2,244,68,0,68,312
05/12/2007,SBP,CA,AWP,WE,Federal Contract Tower,0,31,19,0,50,0,10,171,0,181,0,41,190,0,231,138,0,138,369
05/13/2007,SBP,CA,AWP,WE,Federal Contract Tower,0,33,29,0,62,0,4,148,0,152,0,37,177,0,214,60,0,60,274
05/14/2007,SBP,CA,AWP,WE,Federal Contract Tower,0,35,27,0,62,0,7,145,0,152,0,42,172,0,214,68,0,68,282
05/15/2007,SBP,CA,AWP,WE,Federal Contract Tower,0,44,27,0,71,0,7,49,0,56,0,51,76,0,127,94,0,94,221
05/16/2007,SBP,CA,AWP,WE,Federal Contract Tower,0,48,33,0,81,0,5,96,0,101,0,53,129,0,182,162,0,162,344
05/17/2007,SBP,CA,AWP,WE,Federal Contract Tower,0,42,25,0,67,0,4,95,0,99,0,46,120,0,166,104,0,104,270
05/18/2007,SBP,CA,AWP,WE,Federal Contract Tower,0,39,21,0,60,0,8,125,4,137,0,47,146,4,197,90,0,90,287
05/19/2007,SBP,CA,AWP,WE,Federal Contract Tower,0,33,21,0,54,0,1,101,0,102,0,34,122,0,156,22,0,22,178
05/20/2007,SBP,CA,AWP,WE,Federal Contract Tower,0,36,24,0,60,0,4,133,0,137,0,40,157,0,197,54,0,54,251
05/21/2007,SBP,CA,AWP,WE,Federal Contract Tower,0,41,15,0,56,0,4,88,0,92,0,45,103,0,148,68,0,68,216
05/22/2007,SBP,CA,AWP,WE,Federal Contract Tower,0,36,17,0,53,0,6,92,0,98,0,42,109,0,151,152,0,152,303
05/23/2007,SBP,CA,AWP,WE,Federal Contract Tower,0,43,29,0,72,0,13,84,0,97,0,56,113,0,169,126,0,126,295
05/24/2007,SBP,CA,AWP,WE,Federal Contract Tower,0,40,32,0,72,0,8,107,0,115,0,48,139,0,187,108,0,108,295
05/25/2007,SBP,CA,AWP,WE,Federal Contract Tower,0,45,38,0,83,0,12,138,0,150,0,57,176,0,233,144,0,144,377
05/26/2007,SBP,CA,AWP,WE,Federal Contract Tower,0,28,45,0,73,0,0,64,0,64,0,28,109,0,137,64,0,64,201
05/27/2007,SBP,CA,AWP,WE,Federal Contract Tower,0,23,28,0,51,0,6,100,0,106,0,29,128,0,157,18,0,18,175
05/28/2007,SBP,CA,AWP,WE,Federal Contract Tower,0,26,36,0,62,0,6,139,0,145,0,32,175,0,207,56,0,56,263
05/29/2007,SBP,CA,AWP,WE,Federal Contract Tower,0,42,49,0,91,0,5,43,0,48,0,47,92,0,139,98,0,98,237
05/30/2007,SBP,CA,AWP,WE,Federal Contract Tower,0,40,37,0,77,0,2,72,0,74,0,42,109,0,151,118,0,118,269
05/31/2007,SBP,CA,AWP,WE,Federal Contract Tower,0,46,44,0,90,0,10,109,0,119,0,56,153,0,209,146,0,146,355
06/01/2007,SBP,CA,AWP,WE,Federal Contract Tower,0,38,44,3,85,0,10,108,3,121,0,48,152,6,206,186,0,186,392
06/02/2007,SBP,CA,AWP,WE,Federal Contract Tower,0,34,29,0,63,0,0,107,0,107,0,34,136,0,170,48,0,48,218
06/03/2007,SBP,CA,AWP,WE,Federal Contract Tower,0,34,16,0,50,0,3,145,0,148,0,37,161,0,198,108,0,108,306
06/04/2007,SBP,CA,AWP,WE,Federal Contract Tower,0,34,30,0,64,0,1,84,0,85,0,35,114,0,149,86,0,86,235
06/05/2007,SBP,CA,AWP,WE,Federal Contract Tower,0,38,32,0,70,0,9,59,0,68,0,47,91,0,138,30,0,30,168
06/06/2007,SBP,CA,AWP,WE,Federal Contract Tower,0,40,30,0,70,0,7,92,0,99,0,47,122,0,169,90,0,90,259
06/07/2007,SBP,CA,AWP,WE,Federal Contract Tower,0,39,24,0,63,0,9,102,2,113,0,48,126,2,176,216,0,216,392
06/08/2007,SBP,CA,AWP,WE,Federal Contract Tower,0,40,17,0,57,0,0,0,0,0,0,40,17,0,57,164,0,164,221
06/09/2007,SBP,CA,AWP,WE,Federal Contract Tower,0,33,14,0,47,0,3,140,2,145,0,36,154,2,192,88,0,88,280
06/10/2007,SBP,CA,AWP,WE,Federal Contract Tower,0,32,24,0,56,0,2,164,0,166,0,34,188,0,222,112,0,112,334
06/11/2007,SBP,CA,AWP,WE,Federal Contract Tower,0,47,32,1,80,0,12,105,3,120,0,59,137,4,200,178,0,178,378
06/12/2007,SBP,CA,AWP,WE,Federal Contract Tower,0,42,18,0,60,0,12,106,0,118,0,54,124,0,178,128,0,128,306
06/13/2007,SBP,CA,AWP,WE,Federal Contract Tower,0,47,12,0,59,0,8,154,3,165,0,55,166,3,224,128,0,128,352
06/14/2007,SBP,CA,AWP,WE,Federal Contract Tower,0,49,18,1,68,0,5,129,5,139,0,54,147,6,207,134,0,134,341
06/15/2007,SBP,CA,AWP,WE,Federal Contract Tower,0,45,21,0,66,0,15,129,4,148,0,60,150,4,214,76,0,76,290
06/16/2007,SBP,CA,AWP,WE,Federal Contract Tower,0,35,35,0,70,0,7,132,6,145,0,42,167,6,215,28,0,28,243
06/17/2007,SBP,CA,AWP,WE,Federal Contract Tower,0,34,31,0,65,0,4,118,0,122,0,38,149,0,187,60,0,60,247
06/18/2007,SBP,CA,AWP,WE,Federal Contract Tower,0,39,18,0,57,0,1,97,8,106,0,40,115,8,163,163,0,163,326
06/19/2007,SBP,CA,AWP,WE,Federal Contract Tower,0,41,27,0,68,0,7,81,0,88,0,48,108,0,156,120,0,120,276
06/20/2007,SBP,CA,AWP,WE,Federal Contract Tower,0,44,15,1,60,0,7,102,1,110,0,51,117,2,170,112,0,112,282
06/21/2007,SBP,CA,AWP,WE,Federal Contract Tower,0,42,20,0,62,0,9,120,0,129,0,51,140,0,191,126,0,126,317
06/22/2007,SBP,CA,AWP,WE,Federal Contract Tower,0,49,18,0,67,0,0,115,0,115,0,49,133,0,182,118,0,118,300
06/23/2007,SBP,CA,AWP,WE,Federal Contract Tower,0,36,24,0,60,0,2,135,4,141,0,38,159,4,201,62,0,62,263
06/24/2007,SBP,CA,AWP,WE,Federal Contract Tower,0,38,16,0,54,0,3,149,0,152,0,41,165,0,206,62,0,62,268
06/25/2007,SBP,CA,AWP,WE,Federal Contract Tower,0,38,21,0,59,0,10,136,0,146,0,48,157,0,205,72,0,72,277
06/26/2007,SBP,CA,AWP,WE,Federal Contract Tower,0,42,16,0,58,0,16,205,4,225,0,58,221,4,283,116,0,116,399
06/27/2007,SBP,CA,AWP,WE,Federal Contract Tower,0,46,21,0,67,0,9,149,0,158,0,55,170,0,225,52,0,52,277
06/28/2007,SBP,CA,AWP,WE,Federal Contract Tower,0,40,20,0,60,0,11,203,0,214,0,51,223,0,274,18,0,18,292
06/29/2007,SBP,CA,AWP,WE,Federal Contract Tower,0,39,15,0,54,0,2,128,0,130,0,41,143,0,184,100,0,100,284
06/30/2007,SBP,CA,AWP,WE,Federal Contract Tower,0,36,15,0,51,0,9,159,0,168,0,45,174,0,219,70,0,70,289
07/01/2007,SBP,CA,AWP,WE,Federal Contract Tower,0,37,16,0,53,0,6,150,0,156,0,43,166,0,209,42,0,42,251
07/02/2007,SBP,CA,AWP,WE,Federal Contract Tower,0,36,16,2,54,0,15,101,6,122,0,51,117,8,176,80,2,82,258
07/03/2007,SBP,CA,AWP,WE,Federal Contract Tower,0,41,14,2,57,0,8,135,2,145,0,49,149,4,202,138,0,138,340
07/04/2007,SBP,CA,AWP,WE,Federal Contract Tower,0,26,6,0,32,0,11,104,0,115,0,37,110,0,147,98,0,98,245
07/05/2007,SBP,CA,AWP,WE,Federal Contract Tower,0,43,18,0,61,0,11,119,0,130,0,54,137,0,191,104,0,104,295
07/06/2007,SBP,CA,AWP,WE,Federal Contract Tower,0,40,19,0,59,0,1,122,2,125,0,41,141,2,184,132,0,132,316
07/07/2007,SBP,CA,AWP,WE,Federal Contract Tower,0,34,34,0,68,0,0,122,0,122,0,34,156,0,190,90,0,90,280
07/08/2007,SBP,CA,AWP,WE,Federal Contract Tower,0,36,43,0,79,0,2,123,0,125,0,38,166,0,204,60,0,60,264
07/09/2007,SBP,CA,AWP,WE,Federal Contract Tower,0,46,35,0,81,0,4,35,1,40,0,50,70,1,121,8,0,8,129
07/10/2007,SBP,CA,AWP,WE,Federal Contract Tower,0,44,54,0,98,0,1,11,0,12,0,45,65,0,110,14,0,14,124
07/11/2007,SBP,CA,AWP,WE,Federal Contract Tower,0,40,41,0,81,0,5,71,0,76,0,45,112,0,157,58,0,58,215
07/12/2007,SBP,CA,AWP,WE,Federal Contract Tower,0,40,14,0,54,0,3,158,0,161,0,43,172,0,215,110,0,110,325
07/13/2007,SBP,CA,AWP,WE,Federal Contract Tower,0,42,26,0,68,0,5,125,1,131,0,47,151,1,199,52,0,52,251
07/14/2007,SBP,CA,AWP,WE,Federal Contract Tower,0,34,10,0,44,0,3,113,0,116,0,37,123,0,160,64,0,64,224
07/15/2007,SBP,CA,AWP,WE,Federal Contract Tower,0,33,20,0,53,0,1,137,0,138,0,34,157,0,191,124,0,124,315
07/16/2007,SBP,CA,AWP,WE,Federal Contract Tower,0,43,30,1,74,0,5,88,0,93,0,48,118,1,167,136,0,136,303
07/17/2007,SBP,CA,AWP,WE,Federal Contract Tower,0,43,21,1,65,0,9,90,0,99,0,52,111,1,164,68,0,68,232
07/18/2007,SBP,CA,AWP,WE,Federal Contract Tower,0,47,30,3,80,0,2,109,1,112,0,49,139,4,192,32,0,32,224
07/19/2007,SBP,CA,AWP,WE,Federal Contract Tower,0,43,24,0,67,0,6,123,0,129,0,49,147,0,196,114,0,114,310
07/20/2007,SBP,CA,AWP,WE,Federal Contract Tower,0,40,24,0,64,0,12,156,1,169,0,52,180,1,233,90,0,90,323
07/21/2007,SBP,CA,AWP,WE,Federal Contract Tower,0,38,15,0,53,0,10,131,0,141,0,48,146,0,194,180,0,180,374
07/22/2007,SBP,CA,AWP,WE,Federal Contract Tower,0,37,25,1,63,0,1,173,0,174,0,38,198,1,237,100,0,100,337
07/23/2007,SBP,CA,AWP,WE,Federal Contract Tower,0,39,20,0,59,0,4,98,0,102,0,43,118,0,161,168,0,168,329
07/24/2007,SBP,CA,AWP,WE,Federal Contract Tower,0,42,29,1,72,0,12,132,1,145,0,54,161,2,217,108,0,108,325
07/25/2007,SBP,CA,AWP,WE,Federal Contract Tower,0,46,27,0,73,0,5,116,0,121,0,51,143,0,194,90,0,90,284
07/26/2007,SBP,CA,AWP,WE,Federal Contract Tower,0,48,32,0,80,0,2,98,0,100,0,50,130,0,180,130,0,130,310
07/27/2007,SBP,CA,AWP,WE,Federal Contract Tower,0,41,22,0,63,0,6,105,0,111,0,47,127,0,174,92,0,92,266
07/28/2007,SBP,CA,AWP,WE,Federal Contract Tower,0,36,25,0,61,0,6,113,6,125,0,42,138,6,186,110,0,110,296
07/29/2007,SBP,CA,AWP,WE,Federal Contract Tower,0,36,18,0,54,0,1,156,0,157,0,37,174,0,211,92,0,92,303
07/30/2007,SBP,CA,AWP,WE,Federal Contract Tower,0,45,25,0,70,0,9,116,0,125,0,54,141,0,195,104,0,104,299
07/31/2007,SBP,CA,AWP,WE,Federal Contract Tower,0,44,24,0,68,0,4,107,0,111,0,48,131,0,179,174,0,174,353
08/01/2007,SBP,CA,AWP,WE,Federal Contract Tower,0,44,25,0,69,0,10,76,0,86,0,54,101,0,155,96,0,96,251
08/02/2007,SBP,CA,AWP,WE,Federal Contract Tower,0,47,37,0,84,0,4,108,0,112,0,51,145,0,196,135,0,135,331
08/03/2007,SBP,CA,AWP,WE,Federal Contract Tower,0,56,31,0,87,0,0,136,0,136,0,56,167,0,223,178,0,178,401
08/04/2007,SBP,CA,AWP,WE,Federal Contract Tower,0,35,15,0,50,0,12,124,0,136,0,47,139,0,186,156,0,156,342
08/05/2007,SBP,CA,AWP,WE,Federal Contract Tower,0,39,31,0,70,0,2,85,0,87,0,41,116,0,157,96,0,96,253
08/06/2007,SBP,CA,AWP,WE,Federal Contract Tower,0,41,31,2,74,0,8,79,2,89,0,49,110,4,163,94,0,94,257
08/07/2007,SBP,CA,AWP,WE,Federal Contract Tower,0,42,15,0,57,0,3,96,0,99,0,45,111,0,156,138,0,138,294
08/08/2007,SBP,CA,AWP,WE,Federal Contract Tower,0,43,26,0,69,0,9,117,0,126,0,52,143,0,195,98,0,98,293
08/09/2007,SBP,CA,AWP,WE,Federal Contract Tower,0,44,37,0,81,0,5,79,0,84,0,49,116,0,165,118,0,118,283
08/10/2007,SBP,CA,AWP,WE,Federal Contract Tower,0,52,25,1,78,0,14,154,5,173,0,66,179,6,251,160,0,160,411
08/11/2007,SBP,CA,AWP,WE,Federal Contract Tower,0,35,22,0,57,0,9,145,1,155,0,44,167,1,212,68,0,68,280
08/12/2007,SBP,CA,AWP,WE,Federal Contract Tower,0,35,20,0,55,0,9,153,2,164,0,44,173,2,219,100,0,100,319
08/13/2007,SBP,CA,AWP,WE,Federal Contract Tower,0,41,21,0,62,0,15,108,3,126,0,56,129,3,188,122,0,122,310
08/14/2007,SBP,CA,AWP,WE,Federal Contract Tower,0,43,27,0,70,0,14,115,0,129,0,57,142,0,199,174,0,174,373
08/15/2007,SBP,CA,AWP,WE,Federal Contract Tower,0,42,29,4,75,0,8,119,3,130,0,50,148,7,205,134,0,134,339
08/16/2007,SBP,CA,AWP,WE,Federal Contract Tower,0,39,18,0,57,0,8,123,10,141,0,47,141,10,198,30,0,30,228
08/17/2007,SBP,CA,AWP,WE,Federal Contract Tower,0,46,23,0,69,0,9,127,4,140,0,55,150,4,209,110,0,110,319
08/18/2007,SBP,CA,AWP,WE,Federal Contract Tower,0,44,13,0,57,0,14,244,1,259,0,58,257,1,316,110,0,110,426
08/19/2007,SBP,CA,AWP,WE,Federal Contract Tower,0,35,19,0,54,0,1,121,2,124,0,36,140,2,178,88,0,88,266
08/20/2007,SBP,CA,AWP,WE,Federal Contract Tower,0,40,28,0,68,0,11,102,4,117,0,51,130,4,185,98,0,98,283
08/21/2007,SBP,CA,AWP,WE,Federal Contract Tower,0,45,21,0,66,0,14,110,2,126,0,59,131,2,192,154,0,154,346
08/22/2007,SBP,CA,AWP,WE,Federal Contract Tower,0,44,31,0,75,0,8,99,0,107,0,52,130,0,182,106,0,106,288
08/23/2007,SBP,CA,AWP,WE,Federal Contract Tower,0,47,28,0,75,0,8,110,0,118,0,55,138,0,193,54,0,54,247
08/24/2007,SBP,CA,AWP,WE,Federal Contract Tower,0,45,31,0,76,0,8,93,0,101,0,53,124,0,177,52,0,52,229
08/25/2007,SBP,CA,AWP,WE,Federal Contract Tower,0,37,12,2,51,0,1,116,2,119,0,38,128,4,170,98,0,98,268
08/26/2007,SBP,CA,AWP,WE,Federal Contract Tower,0,34,22,0,56,0,0,83,4,87,0,34,105,4,143,110,0,110,253
08/27/2007,SBP,CA,AWP,WE,Federal Contract Tower,0,44,29,0,73,0,3,115,0,118,0,47,144,0,191,110,0,110,301
08/28/2007,SBP,CA,AWP,WE,Federal Contract Tower,0,39,25,1,65,0,6,99,4,109,0,45,124,5,174,150,0,150,324
08/29/2007,SBP,CA,AWP,WE,Federal Contract Tower,0,44,32,0,76,0,16,141,0,157,0,60,173,0,233,196,0,196,429
08/30/2007,SBP,CA,AWP,WE,Federal Contract Tower,0,42,32,2,76,0,10,103,0,113,0,52,135,2,189,140,0,140,329
08/31/2007,SBP,CA,AWP,WE,Federal Contract Tower,0,41,28,0,69,0,17,160,0,177,0,58,188,0,246,170,0,170,416
09/01/2007,SBP,CA,AWP,WE,Federal Contract Tower,0,35,14,0,49,0,6,134,0,140,0,41,148,0,189,78,0,78,267
09/02/2007,SBP,CA,AWP,WE,Federal Contract Tower,0,28,12,0,40,0,2,109,2,113,0,30,121,2,153,60,0,60,213
09/03/2007,SBP,CA,AWP,WE,Federal Contract Tower,0,35,13,0,48,0,5,126,0,131,0,40,139,0,179,52,0,52,231
09/04/2007,SBP,CA,AWP,WE,Federal Contract Tower,0,40,20,1,61,0,14,74,0,88,0,54,94,1,149,6,0,6,155
09/05/2007,SBP,CA,AWP,WE,Federal Contract Tower,0,41,29,2,72,0,13,107,3,123,0,54,136,5,195,102,0,102,297
09/06/2007,SBP,CA,AWP,WE,Federal Contract Tower,0,47,32,0,79,0,11,70,0,81,0,58,102,0,160,100,0,100,260
09/07/2007,SBP,CA,AWP,WE,Federal Contract Tower,0,43,20,1,64,0,5,106,1,112,0,48,126,2,176,106,0,106,282
09/08/2007,SBP,CA,AWP,WE,Federal Contract Tower,0,36,16,0,52,0,5,153,2,160,0,41,169,2,212,114,0,114,326
09/09/2007,SBP,CA,AWP,WE,Federal Contract Tower,0,36,17,2,55,0,2,144,0,146,0,38,161,2,201,76,0,76,277
09/10/2007,SBP,CA,AWP,WE,Federal Contract Tower,0,38,11,0,49,0,12,129,0,141,0,50,140,0,190,50,0,50,240
09/11/2007,SBP,CA,AWP,WE,Federal Contract Tower,0,46,20,0,66,0,10,79,0,89,0,56,99,0,155,98,0,98,253
09/12/2007,SBP,CA,AWP,WE,Federal Contract Tower,0,44,27,0,71,0,6,89,0,95,0,50,116,0,166,32,0,32,198
09/13/2007,SBP,CA,AWP,WE,Federal Contract Tower,0,46,23,0,69,0,11,105,9,125,0,57,128,9,194,24,0,24,218
09/14/2007,SBP,CA,AWP,WE,Federal Contract Tower,0,40,19,0,59,0,8,120,4,132,0,48,139,4,191,24,0,24,215
09/15/2007,SBP,CA,AWP,WE,Federal Contract Tower,0,36,16,0,52,0,11,119,0,130,0,47,135,0,182,40,0,40,222
09/16/2007,SBP,CA,AWP,WE,Federal Contract Tower,0,34,15,0,49,0,4,108,0,112,0,38,123,0,161,82,0,82,243
09/17/2007,SBP,CA,AWP,WE,Federal Contract Tower,0,38,30,0,68,0,9,104,0,113,0,47,134,0,181,72,0,72,253
09/18/2007,SBP,CA,AWP,WE,Federal Contract Tower,0,48,29,0,77,0,6,85,0,91,0,54,114,0,168,86,0,86,254
09/19/2007,SBP,CA,AWP,WE,Federal Contract Tower,0,42,39,0,81,0,3,22,0,25,0,45,61,0,106,102,0,102,208
09/20/2007,SBP,CA,AWP,WE,Federal Contract Tower,0,41,33,0,74,0,7,84,2,93,0,48,117,2,167,106,0,106,273
09/21/2007,SBP,CA,AWP,WE,Federal Contract Tower,0,42,29,0,71,0,11,84,0,95,0,53,113,0,166,78,0,78,244
09/22/2007,SBP,CA,AWP,WE,Federal Contract Tower,0,39,15,0,54,0,7,55,4,66,0,46,70,4,120,132,0,132,252
09/23/2007,SBP,CA,AWP,WE,Federal Contract Tower,0,37,21,0,58,0,2,121,0,123,0,39,142,0,181,62,0,62,243
09/24/2007,SBP,CA,AWP,WE,Federal Contract Tower,0,39,11,0,50,0,10,77,0,87,0,49,88,0,137,61,0,61,198
09/25/2007,SBP,CA,AWP,WE,Federal Contract Tower,0,43,12,0,55,0,9,111,0,120,0,52,123,0,175,100,0,100,275
09/26/2007,SBP,CA,AWP,WE,Federal Contract Tower,0,43,13,0,56,0,18,101,0,119,0,61,114,0,175,170,0,170,345
09/27/2007,SBP,CA,AWP,WE,Federal Contract Tower,0,45,13,0,58,0,24,125,0,149,0,69,138,0,207,134,0,134,341
09/28/2007,SBP,CA,AWP,WE,Federal Contract Tower,0,44,47,1,92,0,3,88,0,91,0,47,135,1,183,50,0,50,233
09/29/2007,SBP,CA,AWP,WE,Federal Contract Tower,0,37,19,0,56,0,8,119,0,127,0,45,138,0,183,48,0,48,231
09/30/2007,SBP,CA,AWP,WE,Federal Contract Tower,0,40,10,1,51,0,3,179,0,182,0,43,189,1,233,118,0,118,351
10/01/2007,SBP,CA,AWP,WE,Federal Contract Tower,0,39,19,3,61,0,15,99,0,114,0,54,118,3,175,12,0,12,187
10/02/2007,SBP,CA,AWP,WE,Federal Contract Tower,0,42,12,0,54,0,13,125,0,138,0,55,137,0,192,90,0,90,282
10/03/2007,SBP,CA,AWP,WE,Federal Contract Tower,0,51,17,0,68,0,1,102,0,103,0,52,119,0,171,150,0,150,321
10/04/2007,SBP,CA,AWP,WE,Federal Contract Tower,0,43,18,0,61,0,7,78,2,87,0,50,96,2,148,98,0,98,246
10/05/2007,SBP,CA,AWP,WE,Federal Contract Tower,0,39,17,0,56,0,16,97,2,115,0,55,114,2,171,116,0,116,287
10/06/2007,SBP,CA,AWP,WE,Federal Contract Tower,0,35,12,0,47,0,5,137,0,142,0,40,149,0,189,62,0,62,251
10/07/2007,SBP,CA,AWP,WE,Federal Contract Tower,0,35,20,0,55,0,8,180,0,188,0,43,200,0,243,56,0,56,299
10/08/2007,SBP,CA,AWP,WE,Federal Contract Tower,0,40,28,0,68,0,2,149,0,151,0,42,177,0,219,122,0,122,341
10/09/2007,SBP,CA,AWP,WE,Federal Contract Tower,0,38,26,3,67,0,18,112,4,134,0,56,138,7,201,58,0,58,259
10/10/2007,SBP,CA,AWP,WE,Federal Contract Tower,0,51,22,0,73,0,6,56,4,66,0,57,78,4,139,102,0,102,241
10/11/2007,SBP,CA,AWP,WE,Federal Contract Tower,0,47,19,0,66,0,10,145,3,158,0,57,164,3,224,128,0,128,352
10/12/2007,SBP,CA,AWP,WE,Federal Contract Tower,0,40,32,2,74,0,4,22,0,26,0,44,54,2,100,62,0,62,162
10/13/2007,SBP,CA,AWP,WE,Federal Contract Tower,0,39,23,0,62,0,8,126,2,136,0,47,149,2,198,114,0,114,312
10/14/2007,SBP,CA,AWP,WE,Federal Contract Tower,0,42,24,0,66,0,5,180,0,185,0,47,204,0,251,88,0,88,339
10/15/2007,SBP,CA,AWP,WE,Federal Contract Tower,0,42,29,1,72,0,9,46,1,56,0,51,75,2,128,146,0,146,274
10/16/2007,SBP,CA,AWP,WE,Federal Contract Tower,0,43,17,3,63,0,10,81,0,91,0,53,98,3,154,138,0,138,292
10/17/2007,SBP,CA,AWP,WE,Federal Contract Tower,0,45,28,0,73,0,1,75,3,79,0,46,103,3,152,116,0,116,268
10/18/2007,SBP,CA,AWP,WE,Federal Contract Tower,0,47,16,0,63,0,8,137,5,150,0,55,153,5,213,84,0,84,297
10/19/2007,SBP,CA,AWP,WE,Federal Contract Tower,0,38,28,0,66,0,12,121,0,133,0,50,149,0,199,102,0,102,301
10/20/2007,SBP,CA,AWP,WE,Federal Contract Tower,0,34,11,1,46,0,5,76,1,82,0,39,87,2,128,8,0,8,136
10/21/2007,SBP,CA,AWP,WE,Federal Contract Tower,0,35,11,0,46,0,5,101,3,109,0,40,112,3,155,8,0,8,163
10/22/2007,SBP,CA,AWP,WE,Federal Contract Tower,0,41,27,0,68,0,12,100,0,112,0,53,127,0,180,128,0,128,308
10/23/2007,SBP,CA,AWP,WE,Federal Contract Tower,0,41,18,0,59,0,4,130,0,134,0,45,148,0,193,214,0,214,407
10/24/2007,SBP,CA,AWP,WE,Federal Contract Tower,0,47,21,0,68,0,12,127,0,139,0,59,148,0,207,112,0,112,319
10/25/2007,SBP,CA,AWP,WE,Federal Contract Tower,0,55,10,0,65,0,5,135,2,142,0,60,145,2,207,66,0,66,273
10/26/2007,SBP,CA,AWP,WE,Federal Contract Tower,0,49,27,0,76,0,0,88,0,88,0,49,115,0,164,82,0,82,246
10/27/2007,SBP,CA,AWP,WE,Federal Contract Tower,0,36,46,0,82,0,0,90,0,90,0,36,136,0,172,26,0,26,198
10/28/2007,SBP,CA,AWP,WE,Federal Contract Tower,0,33,40,0,73,0,0,182,0,182,0,33,222,0,255,88,0,88,343
10/29/2007,SBP,CA,AWP,WE,Federal Contract Tower,0,36,24,0,60,0,8,59,0,67,0,44,83,0,127,50,0,50,177
10/30/2007,SBP,CA,AWP,WE,Federal Contract Tower,0,44,32,0,76,0,14,88,0,102,0,58,120,0,178,92,0,92,270
10/31/2007,SBP,CA,AWP,WE,Federal Contract Tower,0,41,24,1,66,0,9,92,11,112,0,50,116,12,178,64,0,64,242
11/01/2007,SBP,CA,AWP,WE,Federal Contract Tower,0,48,28,1,77,0,16,122,0,138,0,64,150,1,215,90,0,90,305
11/02/2007,SBP,CA,AWP,WE,Federal Contract Tower,0,38,29,0,67,0,10,129,0,139,0,48,158,0,206,138,0,138,344
11/03/2007,SBP,CA,AWP,WE,Federal Contract Tower,0,37,20,0,57,0,1,131,3,135,0,38,151,3,192,112,0,112,304
11/04/2007,SBP,CA,AWP,WE,Federal Contract Tower,0,34,23,0,57,0,2,122,0,124,0,36,145,0,181,96,0,96,277
11/05/2007,SBP,CA,AWP,WE,Federal Contract Tower,0,41,40,0,81,0,5,27,0,32,0,46,67,0,113,60,0,60,173
11/06/2007,SBP,CA,AWP,WE,Federal Contract Tower,0,45,44,0,89,0,1,74,0,75,0,46,118,0,164,114,0,114,278
11/07/2007,SBP,CA,AWP,WE,Federal Contract Tower,0,44,30,2,76,0,0,54,0,54,0,44,84,2,130,34,0,34,164
11/08/2007,SBP,CA,AWP,WE,Federal Contract Tower,0,40,54,0,94,0,2,26,0,28,0,42,80,0,122,38,0,38,160
11/09/2007,SBP,CA,AWP,WE,Federal Contract Tower,0,47,25,0,72,0,3,60,2,65,0,50,85,2,137,44,0,44,181
11/10/2007,SBP,CA,AWP,WE,Federal Contract Tower,0,35,14,0,49,0,7,116,0,123,0,42,130,0,172,114,0,114,286
11/11/2007,SBP,CA,AWP,WE,Federal Contract Tower,0,34,35,0,69,0,12,29,0,41,0,46,64,0,110,22,0,22,132
11/12/2007,SBP,CA,AWP,WE,Federal Contract Tower,0,39,22,0,61,0,8,116,0,124,0,47,138,0,185,124,0,124,309
11/13/2007,SBP,CA,AWP,WE,Federal Contract Tower,0,40,23,0,63,0,5,90,0,95,0,45,113,0,158,70,0,70,228
11/14/2007,SBP,CA,AWP,WE,Federal Contract Tower,0,41,30,0,71,0,2,121,0,123,0,43,151,0,194,118,0,118,312
11/15/2007,SBP,CA,AWP,WE,Federal Contract Tower,0,44,32,0,76,0,7,119,0,126,0,51,151,0,202,84,0,84,286
11/16/2007,SBP,CA,AWP,WE,Federal Contract Tower,0,42,26,0,68,0,1,84,0,85,0,43,110,0,153,74,0,74,227
11/17/2007,SBP,CA,AWP,WE,Federal Contract Tower,0,32,11,0,43,0,0,47,0,47,0,32,58,0,90,126,0,126,216
11/18/2007,SBP,CA,AWP,WE,Federal Contract Tower,0,30,31,0,61,0,6,78,0,84,0,36,109,0,145,124,0,124,269
11/19/2007,SBP,CA,AWP,WE,Federal Contract Tower,0,37,24,0,61,0,3,85,0,88,0,40,109,0,149,164,0,164,313
11/20/2007,SBP,CA,AWP,WE,Federal Contract Tower,0,49,29,0,78,0,10,122,0,132,0,59,151,0,210,116,0,116,326
11/21/2007,SBP,CA,AWP,WE,Federal Contract Tower,0,49,33,0,82,0,8,158,0,166,0,57,191,0,248,120,0,120,368
11/22/2007,SBP,CA,AWP,WE,Federal Contract Tower,0,28,5,0,33,0,2,62,0,64,0,30,67,0,97,18,0,18,115
11/23/2007,SBP,CA,AWP,WE,Federal Contract Tower,0,29,24,0,53,0,3,81,0,84,0,32,105,0,137,10,0,10,147
11/24/2007,SBP,CA,AWP,WE,Federal Contract Tower,0,35,16,0,51,0,2,103,0,105,0,37,119,0,156,64,0,64,220
11/25/2007,SBP,CA,AWP,WE,Federal Contract Tower,0,37,31,0,68,0,4,141,0,145,0,41,172,0,213,102,0,102,315
11/26/2007,SBP,CA,AWP,WE,Federal Contract Tower,0,38,15,0,53,0,4,95,0,99,0,42,110,0,152,104,0,104,256
11/27/2007,SBP,CA,AWP,WE,Federal Contract Tower,0,45,19,0,64,0,2,117,0,119,0,47,136,0,183,128,0,128,311
11/28/2007,SBP,CA,AWP,WE,Federal Contract Tower,0,41,13,0,54,0,10,105,0,115,0,51,118,0,169,114,0,114,283
11/29/2007,SBP,CA,AWP,WE,Federal Contract Tower,0,43,15,0,58,0,11,113,0,124,0,54,128,0,182,160,0,160,342
11/30/2007,SBP,CA,AWP,WE,Federal Contract Tower,0,54,30,0,84,0,5,83,0,88,0,59,113,0,172,94,0,94,266
12/01/2007,SBP,CA,AWP,WE,Federal Contract Tower,0,36,21,0,57,0,6,79,0,85,0,42,100,0,142,150,0,150,292
12/02/2007,SBP,CA,AWP,WE,Federal Contract Tower,0,35,18,0,53,0,6,91,0,97,0,41,109,0,150,50,0,50,200
12/03/2007,SBP,CA,AWP,WE,Federal Contract Tower,0,39,13,0,52,0,9,86,0,95,0,48,99,0,147,104,0,104,251
12/04/2007,SBP,CA,AWP,WE,Federal Contract Tower,0,47,28,0,75,0,7,131,0,138,0,54,159,0,213,108,0,108,321
12/05/2007,SBP,CA,AWP,WE,Federal Contract Tower,0,40,14,0,54,0,6,99,0,105,0,46,113,0,159,66,0,66,225
12/06/2007,SBP,CA,AWP,WE,Federal Contract Tower,0,48,24,0,72,0,3,69,0,72,0,51,93,0,144,74,0,74,218
12/07/2007,SBP,CA,AWP,WE,Federal Contract Tower,0,43,28,0,71,0,2,3,0,5,0,45,31,0,76,0,0,0,76
12/08/2007,SBP,CA,AWP,WE,Federal Contract Tower,0,34,23,0,57,0,5,25,0,30,0,39,48,0,87,172,0,172,259
12/09/2007,SBP,CA,AWP,WE,Federal Contract Tower,0,33,12,0,45,0,4,89,0,93,0,37,101,0,138,88,0,88,226
12/10/2007,SBP,CA,AWP,WE,Federal Contract Tower,0,42,17,2,61,0,13,101,1,115,0,55,118,3,176,176,0,176,352
12/11/2007,SBP,CA,AWP,WE,Federal Contract Tower,0,51,22,0,73,0,6,116,0,122,0,57,138,0,195,142,0,142,337
12/12/2007,SBP,CA,AWP,WE,Federal Contract Tower,0,42,26,0,68,0,3,111,0,114,0,45,137,0,182,132,0,132,314
12/13/2007,SBP,CA,AWP,WE,Federal Contract Tower,0,46,28,0,74,0,4,109,0,113,0,50,137,0,187,154,0,154,341
12/14/2007,SBP,CA,AWP,WE,Federal Contract Tower,0,43,33,1,77,0,8,123,2,133,0,51,156,3,210,154,0,154,364
12/15/2007,SBP,CA,AWP,WE,Federal Contract Tower,0,32,29,0,61,0,0,138,0,138,0,32,167,0,199,148,2,150,349
12/16/2007,SBP,CA,AWP,WE,Federal Contract Tower,0,34,19,0,53,0,2,98,0,100,0,36,117,0,153,104,0,104,257
12/17/2007,SBP,CA,AWP,WE,Federal Contract Tower,0,43,46,0,89,0,2,13,0,15,0,45,59,0,104,2,0,2,106
12/18/2007,SBP,CA,AWP,WE,Federal Contract Tower,0,45,16,1,62,0,0,0,0,0,0,45,16,1,62,0,0,0,62
12/19/2007,SBP,CA,AWP,WE,Federal Contract Tower,0,44,31,0,75,0,10,73,0,83,0,54,104,0,158,94,0,94,252
12/20/2007,SBP,CA,AWP,WE,Federal Contract Tower,0,53,38,0,91,0,2,37,0,39,0,55,75,0,130,54,0,54,184
12/21/2007,SBP,CA,AWP,WE,Federal Contract Tower,0,46,34,0,80,0,12,115,0,127,0,58,149,0,207,44,0,44,251
12/22/2007,SBP,CA,AWP,WE,Federal Contract Tower,0,36,23,0,59,0,4,135,0,139,0,40,158,0,198,84,0,84,282
12/23/2007,SBP,CA,AWP,WE,Federal Contract Tower,0,30,19,0,49,0,4,80,0,84,0,34,99,0,133,14,0,14,147
12/24/2007,SBP,CA,AWP,WE,Federal Contract Tower,0,36,3,0,39,0,2,50,0,52,0,38,53,0,91,20,0,20,111
12/25/2007,SBP,CA,AWP,WE,Federal Contract Tower,0,32,5,0,37,0,2,42,0,44,0,34,47,0,81,8,0,8,89
12/26/2007,SBP,CA,AWP,WE,Federal Contract Tower,0,43,25,0,68,0,2,79,0,81,0,45,104,0,149,80,0,80,229
12/27/2007,SBP,CA,AWP,WE,Federal Contract Tower,0,41,18,0,59,0,5,119,0,124,0,46,137,0,183,78,0,78,261
12/28/2007,SBP,CA,AWP,WE,Federal Contract Tower,0,38,46,0,84,0,4,29,0,33,0,42,75,0,117,66,0,66,183
12/29/2007,SBP,CA,AWP,WE,Federal Contract Tower,0,33,14,0,47,0,9,63,0,72,0,42,77,0,119,64,0,64,183
12/30/2007,SBP,CA,AWP,WE,Federal Contract Tower,0,34,19,0,53,0,5,86,0,91,0,39,105,0,144,12,0,12,156
12/31/2007,SBP,CA,AWP,WE,Federal Contract Tower,0,35,4,0,39,0,8,65,0,73,0,43,69,0,112,28,0,28,140
01/01/2008,SBP,CA,AWP,WE,Federal Contract Tower,0,35,9,0,44,0,7,92,0,99,0,42,101,0,143,78,0,78,221
01/02/2008,SBP,CA,AWP,WE,Federal Contract Tower,0,44,18,1,63,0,5,96,1,102,0,49,114,2,165,196,0,196,361
01/03/2008,SBP,CA,AWP,WE,Federal Contract Tower,0,40,17,0,57,0,7,41,0,48,0,47,58,0,105,88,0,88,193
01/04/2008,SBP,CA,AWP,WE,Federal Contract Tower,0,24,10,0,34,0,2,0,0,2,0,26,10,0,36,0,0,0,36
01/05/2008,SBP,CA,AWP,WE,Federal Contract Tower,0,28,15,0,43,0,3,8,0,11,0,31,23,0,54,46,0,46,100
01/06/2008,SBP,CA,AWP,WE,Federal Contract Tower,0,29,16,0,45,0,4,19,0,23,0,33,35,0,68,12,0,12,80
01/07/2008,SBP,CA,AWP,WE,Federal Contract Tower,0,45,26,0,71,0,0,47,0,47,0,45,73,0,118,44,0,44,162
01/08/2008,SBP,CA,AWP,WE,Federal Contract Tower,0,37,25,0,62,0,6,61,2,69,0,43,86,2,131,104,0,104,235
01/09/2008,SBP,CA,AWP,WE,Federal Contract Tower,0,43,25,0,68,0,4,77,0,81,0,47,102,0,149,84,0,84,233
01/10/2008,SBP,CA,AWP,WE,Federal Contract Tower,0,35,34,0,69,0,3,70,4,77,0,38,104,4,146,54,0,54,200
01/11/2008,SBP,CA,AWP,WE,Federal Contract Tower,0,41,28,0,69,0,6,101,0,107,0,47,129,0,176,98,0,98,274
01/12/2008,SBP,CA,AWP,WE,Federal Contract Tower,0,28,9,0,37,0,5,121,0,126,0,33,130,0,163,44,0,44,207
01/13/2008,SBP,CA,AWP,WE,Federal Contract Tower,0,32,13,0,45,0,7,100,0,107,0,39,113,0,152,46,0,46,198
01/14/2008,SBP,CA,AWP,WE,Federal Contract Tower,0,37,24,3,64,0,15,92,0,107,0,52,116,3,171,124,0,124,295
01/15/2008,SBP,CA,AWP,WE,Federal Contract Tower,0,46,23,0,69,0,10,100,0,110,0,56,123,0,179,90,0,90,269
01/16/2008,SBP,CA,AWP,WE,Federal Contract Tower,0,41,26,2,69,0,3,74,3,80,0,44,100,5,149,16,0,16,165
01/17/2008,SBP,CA,AWP,WE,Federal Contract Tower,0,37,27,0,64,0,0,86,0,86,0,37,113,0,150,210,0,210,360
01/18/2008,SBP,CA,AWP,WE,Federal Contract Tower,0,35,16,0,51,0,8,123,1,132,0,43,139,1,183,112,0,112,295
01/19/2008,SBP,CA,AWP,WE,Federal Contract Tower,0,30,11,0,41,0,3,154,0,157,0,33,165,0,198,118,0,118,316
01/20/2008,SBP,CA,AWP,WE,Federal Contract Tower,0,31,35,0,66,0,7,67,0,74,0,38,102,0,140,86,0,86,226
01/21/2008,SBP,CA,AWP,WE,Federal Contract Tower,0,34,33,0,67,0,4,33,0,37,0,38,66,0,104,36,0,36,140
01/22/2008,SBP,CA,AWP,WE,Federal Contract Tower,0,37,27,0,64,0,0,4,2,6,0,37,31,2,70,30,20,50,120
01/23/2008,SBP,CA,AWP,WE,Federal Contract Tower,0,37,13,0,50,0,1,2,0,3,0,38,15,0,53,4,0,4,57
01/24/2008,SBP,CA,AWP,WE,Federal Contract Tower,0,35,21,0,56,0,1,6,0,7,0,36,27,0,63,2,0,2,65
01/25/2008,SBP,CA,AWP,WE,Federal Contract Tower,0,39,21,0,60,0,2,5,0,7,0,41,26,0,67,0,0,0,67
01/26/2008,SBP,CA,AWP,WE,Federal Contract Tower,0,28,13,0,41,0,6,27,0,33,0,34,40,0,74,2,0,2,76
01/27/2008,SBP,CA,AWP,WE,Federal Contract Tower,0,28,13,0,41,0,0,0,0,0,0,28,13,0,41,0,0,0,41
01/28/2008,SBP,CA,AWP,WE,Federal Contract Tower,0,34,15,2,51,0,7,60,2,69,0,41,75,4,120,168,0,168,288
01/29/2008,SBP,CA,AWP,WE,Federal Contract Tower,0,40,16,0,56,0,16,110,2,128,0,56,126,2,184,50,0,50,234
01/30/2008,SBP,CA,AWP,WE,Federal Contract Tower,0,40,14,0,54,0,9,72,0,81,0,49,86,0,135,104,0,104,239
01/31/2008,SBP,CA,AWP,WE,Federal Contract Tower,0,39,18,0,57,0,11,114,0,125,0,50,132,0,182,114,1,115,297
02/01/2008,SBP,CA,AWP,WE,Federal Contract Tower,0,41,23,1,65,0,9,73,0,82,0,50,96,1,147,110,0,110,257
02/02/2008,SBP,CA,AWP,WE,Federal Contract Tower,0,28,24,0,52,0,2,149,0,151,0,30,173,0,203,54,0,54,257
02/03/2008,SBP,CA,AWP,WE,Federal Contract Tower,0,30,14,0,44,0,0,3,0,3,0,30,17,0,47,6,0,6,53
02/04/2008,SBP,CA,AWP,WE,Federal Contract Tower,0,37,27,2,66,0,7,92,0,99,0,44,119,2,165,132,0,132,297
02/05/2008,SBP,CA,AWP,WE,Federal Contract Tower,0,36,27,0,63,0,10,150,0,160,0,46,177,0,223,104,0,104,327
02/06/2008,SBP,CA,AWP,WE,Federal Contract Tower,0,40,21,2,63,0,16,99,0,115,0,56,120,2,178,116,0,116,294
02/07/2008,SBP,CA,AWP,WE,Federal Contract Tower,0,37,19,0,56,0,3,119,0,122,0,40,138,0,178,88,0,88,266
02/08/2008,SBP,CA,AWP,WE,Federal Contract Tower,0,32,16,0,48,0,14,120,0,134,0,46,136,0,182,80,0,80,262
02/09/2008,SBP,CA,AWP,WE,Federal Contract Tower,0,28,32,0,60,0,10,150,0,160,0,38,182,0,220,50,0,50,270
02/10/2008,SBP,CA,AWP,WE,Federal Contract Tower,0,30,25,0,55,0,3,186,0,189,0,33,211,0,244,48,0,48,292
02/11/2008,SBP,CA,AWP,WE,Federal Contract Tower,0,35,16,0,51,0,8,100,0,108,0,43,116,0,159,84,0,84,243
02/12/2008,SBP,CA,AWP,WE,Federal Contract Tower,0,37,29,0,66,0,13,138,6,157,0,50,167,6,223,96,0,96,319
02/13/2008,SBP,CA,AWP,WE,Federal Contract Tower,0,42,43,0,85,0,0,15,0,15,0,42,58,0,100,62,0,62,162
02/14/2008,SBP,CA,AWP,WE,Federal Contract Tower,0,39,22,0,61,0,3,102,0,105,0,42,124,0,166,146,0,146,312
02/15/2008,SBP,CA,AWP,WE,Federal Contract Tower,0,39,27,0,66,0,5,143,0,148,0,44,170,0,214,82,0,82,296
02/16/2008,SBP,CA,AWP,WE,Federal Contract Tower,0,32,13,0,45,0,6,141,0,147,0,38,154,0,192,142,0,142,334
02/17/2008,SBP,CA,AWP,WE,Federal Contract Tower,0,30,31,0,61,0,1,136,0,137,0,31,167,0,198,104,0,104,302
02/18/2008,SBP,CA,AWP,WE,Federal Contract Tower,0,39,68,0,107,0,0,18,0,18,0,39,86,0,125,42,0,42,167
02/19/2008,SBP,CA,AWP,WE,Federal Contract Tower,0,39,51,0,90,0,4,29,0,33,0,43,80,0,123,58,0,58,181
02/20/2008,SBP,CA,AWP,WE,Federal Contract Tower,0,43,29,0,72,0,1,34,0,35,0,44,63,0,107,120,0,120,227
02/21/2008,SBP,CA,AWP,WE,Federal Contract Tower,0,43,32,1,76,0,1,15,3,19,0,44,47,4,95,4,0,4,99
02/22/2008,SBP,CA,AWP,WE,Federal Contract Tower,0,39,33,0,72,0,1,14,0,15,0,40,47,0,87,68,0,68,155
02/23/2008,SBP,CA,AWP,WE,Federal Contract Tower,0,25,14,0,39,0,2,3,0,5,0,27,17,0,44,46,0,46,90
02/24/2008,SBP,CA,AWP,WE,Federal Contract Tower,0,25,20,0,45,0,0,3,0,3,0,25,23,0,48,0,0,0,48
02/25/2008,SBP,CA,AWP,WE,Federal Contract Tower,0,38,24,0,62,0,10,111,0,121,0,48,135,0,183,176,0,176,359
02/26/2008,SBP,CA,AWP,WE,Federal Contract Tower,0,43,35,1,79,0,8,143,1,152,0,51,178,2,231,206,0,206,437
02/27/2008,SBP,CA,AWP,WE,Federal Contract Tower,0,39,43,0,82,0,11,176,0,187,0,50,219,0,269,222,0,222,491
02/28/2008,SBP,CA,AWP,WE,Federal Contract Tower,0,39,40,0,79,0,13,129,0,142,0,52,169,0,221,176,0,176,397
02/29/2008,SBP,CA,AWP,WE,Federal Contract Tower,0,43,66,1,110,0,0,4,1,5,0,43,70,2,115,0,0,0,115
03/01/2008,SBP,CA,AWP,WE,Federal Contract Tower,0,31,27,0,58,0,4,84,0,88,0,35,111,0,146,132,0,132,278
03/02/2008,SBP,CA,AWP,WE,Federal Contract Tower,0,30,26,0,56,0,4,114,0,118,0,34,140,0,174,30,0,30,204
03/03/2008,SBP,CA,AWP,WE,Federal Contract Tower,0,35,30,0,65,0,10,108,0,118,0,45,138,0,183,94,0,94,277
03/04/2008,SBP,CA,AWP,WE,Federal Contract Tower,0,38,26,0,64,0,6,117,1,124,0,44,143,1,188,116,0,116,304
03/05/2008,SBP,CA,AWP,WE,Federal Contract Tower,0,42,34,0,76,0,14,124,0,138,0,56,158,0,214,154,0,154,368
03/06/2008,SBP,CA,AWP,WE,Federal Contract Tower,0,38,27,3,68,0,2,128,0,130,0,40,155,3,198,112,0,112,310
03/07/2008,SBP,CA,AWP,WE,Federal Contract Tower,0,32,25,0,57,0,12,160,0,172,0,44,185,0,229,134,0,134,363
03/08/2008,SBP,CA,AWP,WE,Federal Contract Tower,0,29,22,0,51,0,7,168,0,175,0,36,190,0,226,146,0,146,372
03/09/2008,SBP,CA,AWP,WE,Federal Contract Tower,0,30,30,0,60,0,2,187,0,189,0,32,217,0,249,90,0,90,339
03/10/2008,SBP,CA,AWP,WE,Federal Contract Tower,0,39,18,0,57,0,4,92,0,96,0,43,110,0,153,122,0,122,275
03/11/2008,SBP,CA,AWP,WE,Federal Contract Tower,0,37,28,0,65,0,7,118,0,125,0,44,146,0,190,130,0,130,320
03/12/2008,SBP,CA,AWP,WE,Federal Contract Tower,0,44,19,0,63,0,9,117,0,126,0,53,136,0,189,118,0,118,307
03/13/2008,SBP,CA,AWP,WE,Federal Contract Tower,0,41,31,0,72,0,6,83,0,89,0,47,114,0,161,146,0,146,307
03/14/2008,SBP,CA,AWP,WE,Federal Contract Tower,0,40,28,0,68,0,7,97,0,104,0,47,125,0,172,96,0,96,268
03/15/2008,SBP,CA,AWP,WE,Federal Contract Tower,0,27,28,0,55,0,2,49,0,51,0,29,77,0,106,50,0,50,156
03/16/2008,SBP,CA,AWP,WE,Federal Contract Tower,0,31,24,0,55,0,4,113,0,117,0,35,137,0,172,54,0,54,226
03/17/2008,SBP,CA,AWP,WE,Federal Contract Tower,0,35,17,1,53,0,9,125,0,134,0,44,142,1,187,118,0,118,305
03/18/2008,SBP,CA,AWP,WE,Federal Contract Tower,0,36,13,0,49,0,10,90,6,106,0,46,103,6,155,132,0,132,287
03/19/2008,SBP,CA,AWP,WE,Federal Contract Tower,0,38,40,1,79,0,5,69,0,74,0,43,109,1,153,32,0,32,185
03/20/2008,SBP,CA,AWP,WE,Federal Contract Tower,0,40,14,0,54,0,5,102,1,108,0,45,116,1,162,80,0,80,242
03/21/2008,SBP,CA,AWP,WE,Federal Contract Tower,0,34,31,0,65,0,10,149,0,159,0,44,180,0,224,96,0,96,320
03/22/2008,SBP,CA,AWP,WE,Federal Contract Tower,0,26,25,0,51,0,6,116,0,122,0,32,141,0,173,94,0,94,267
03/23/2008,SBP,CA,AWP,WE,Federal Contract Tower,0,32,16,0,48,0,6,106,0,112,0,38,122,0,160,56,0,56,216
03/24/2008,SBP,CA,AWP,WE,Federal Contract Tower,0,33,25,0,58,0,9,109,2,120,0,42,134,2,178,124,0,124,302
03/25/2008,SBP,CA,AWP,WE,Federal Contract Tower,0,37,17,1,55,0,3,112,1,116,0,40,129,2,171,90,0,90,261
03/26/2008,SBP,CA,AWP,WE,Federal Contract Tower,0,39,19,0,58,0,9,93,0,102,0,48,112,0,160,84,0,84,244
03/27/2008,SBP,CA,AWP,WE,Federal Contract Tower,0,42,26,0,68,0,6,107,0,113,0,48,133,0,181,64,0,64,245
03/28/2008,SBP,CA,AWP,WE,Federal Contract Tower,0,35,23,0,58,0,7,98,2,107,0,42,121,2,165,68,0,68,233
03/29/2008,SBP,CA,AWP,WE,Federal Contract Tower,0,26,21,0,47,0,3,32,0,35,0,29,53,0,82,46,0,46,128
03/30/2008,SBP,CA,AWP,WE,Federal Contract Tower,0,34,43,0,77,0,4,50,0,54,0,38,93,0,131,18,0,18,149
03/31/2008,SBP,CA,AWP,WE,Federal Contract Tower,0,41,33,0,74,0,8,119,0,127,0,49,152,0,201,154,0,154,355
04/01/2008,SBP,CA,AWP,WE,Federal Contract Tower,0,41,24,0,65,0,8,96,0,104,0,49,120,0,169,170,0,170,339
04/02/2008,SBP,CA,AWP,WE,Federal Contract Tower,0,49,27,0,76,0,4,5,0,9,0,53,32,0,85,10,0,10,95
04/03/2008,SBP,CA,AWP,WE,Federal Contract Tower,0,38,33,2,73,0,9,114,0,123,0,47,147,2,196,126,0,126,322
04/04/2008,SBP,CA,AWP,WE,Federal Contract Tower,0,34,34,0,68,0,8,159,0,167,0,42,193,0,235,100,0,100,335
04/05/2008,SBP,CA,AWP,WE,Federal Contract Tower,0,28,16,0,44,0,8,96,2,106,0,36,112,2,150,26,0,26,176
04/06/2008,SBP,CA,AWP,WE,Federal Contract Tower,0,31,27,0,58,0,4,114,2,120,0,35,141,2,178,80,0,80,258
04/07/2008,SBP,CA,AWP,WE,Federal Contract Tower,0,35,28,4,67,0,15,90,2,107,0,50,118,6,174,36,0,36,210
04/08/2008,SBP,CA,AWP,WE,Federal Contract Tower,0,37,20,0,57,0,12,97,2,111,0,49,117,2,168,84,0,84,252
04/09/2008,SBP,CA,AWP,WE,Federal Contract Tower,0,44,19,3,66,0,4,110,0,114,0,48,129,3,180,44,0,44,224
04/10/2008,SBP,CA,AWP,WE,Federal Contract Tower,0,41,16,2,59,0,7,124,6,137,0,48,140,8,196,66,0,66,262
04/11/2008,SBP,CA,AWP,WE,Federal Contract Tower,0,38,23,0,61,0,4,128,0,132,0,42,151,0,193,106,0,106,299
04/12/2008,SBP,CA,AWP,WE,Federal Contract Tower,0,29,22,0,51,0,5,146,0,151,0,34,168,0,202,92,0,92,294
04/13/2008,SBP,CA,AWP,WE,Federal Contract Tower,0,33,21,0,54,0,6,161,2,169,0,39,182,2,223,62,0,62,285
04/14/2008,SBP,CA,AWP,WE,Federal Contract Tower,0,40,31,0,71,0,3,91,0,94,0,43,122,0,165,40,0,40,205
04/15/2008,SBP,CA,AWP,WE,Federal Contract Tower,0,43,15,0,58,0,10,74,0,84,0,53,89,0,142,84,0,84,226
04/16/2008,SBP,CA,AWP,WE,Federal Contract Tower,0,42,15,5,62,0,5,134,0,139,0,47,149,5,201,114,0,114,315
04/17/2008,SBP,CA,AWP,WE,Federal Contract Tower,0,58,28,0,86,0,9,146,0,155,0,67,174,0,241,94,0,94,335
04/18/2008,SBP,CA,AWP,WE,Federal Contract Tower,0,39,28,0,67,0,2,141,0,143,0,41,169,0,210,188,0,188,398
04/19/2008,SBP,CA,AWP,WE,Federal Contract Tower,0,32,26,0,58,0,4,63,0,67,0,36,89,0,125,146,0,146,271
04/20/2008,SBP,CA,AWP,WE,Federal Contract Tower,0,32,26,0,58,0,6,131,0,137,0,38,157,0,195,14,0,14,209
04/21/2008,SBP,CA,AWP,WE,Federal Contract Tower,0,38,20,0,58,0,5,93,0,98,0,43,113,0,156,122,0,122,278
04/22/2008,SBP,CA,AWP,WE,Federal Contract Tower,0,37,19,0,56,0,11,113,0,124,0,48,132,0,180,96,0,96,276
04/23/2008,SBP,CA,AWP,WE,Federal Contract Tower,0,41,22,0,63,0,2,66,0,68,0,43,88,0,131,106,0,106,237
04/24/2008,SBP,CA,AWP,WE,Federal Contract Tower,0,44,25,0,69,0,10,117,0,127,0,54,142,0,196,66,0,66,262
04/25/2008,SBP,CA,AWP,WE,Federal Contract Tower,0,36,28,0,64,0,16,142,0,158,0,52,170,0,222,142,0,142,364
04/26/2008,SBP,CA,AWP,WE,Federal Contract Tower,0,31,23,0,54,0,6,146,2,154,0,37,169,2,208,136,0,136,344
04/27/2008,SBP,CA,AWP,WE,Federal Contract Tower,0,32,21,0,53,0,0,147,0,147,0,32,168,0,200,34,0,34,234
04/28/2008,SBP,CA,AWP,WE,Federal Contract Tower,0,39,25,1,65,0,16,106,0,122,0,55,131,1,187,52,2,54,241
04/29/2008,SBP,CA,AWP,WE,Federal Contract Tower,0,42,20,0,62,0,6,98,0,104,0,48,118,0,166,96,0,96,262
04/30/2008,SBP,CA,AWP,WE,Federal Contract Tower,0,43,17,1,61,0,5,85,4,94,0,48,102,5,155,72,0,72,227
05/01/2008,SBP,CA,AWP,WE,Federal Contract Tower,0,39,38,0,77,0,9,116,0,125,0,48,154,0,202,124,0,124,326
05/02/2008,SBP,CA,AWP,WE,Federal Contract Tower,0,40,21,0,61,0,8,145,0,153,0,48,166,0,214,126,0,126,340
05/03/2008,SBP,CA,AWP,WE,Federal Contract Tower,0,29,21,1,51,0,0,111,0,111,0,29,132,1,162,90,0,90,252
05/04/2008,SBP,CA,AWP,WE,Federal Contract Tower,0,35,66,2,103,0,0,4,0,4,0,35,70,2,107,14,0,14,121
05/05/2008,SBP,CA,AWP,WE,Federal Contract Tower,0,39,35,0,74,0,11,69,0,80,0,50,104,0,154,92,0,92,246
05/06/2008,SBP,CA,AWP,WE,Federal Contract Tower,0,38,36,0,74,0,7,78,0,85,0,45,114,0,159,220,0,220,379
05/07/2008,SBP,CA,AWP,WE,Federal Contract Tower,0,41,44,0,85,0,1,49,0,50,0,42,93,0,135,120,0,120,255
05/08/2008,SBP,CA,AWP,WE,Federal Contract Tower,0,41,34,1,76,0,4,102,1,107,0,45,136,2,183,120,0,120,303
05/09/2008,SBP,CA,AWP,WE,Federal Contract Tower,0,43,30,0,73,0,10,127,0,137,0,53,157,0,210,68,0,68,278
05/10/2008,SBP,CA,AWP,WE,Federal Contract Tower,0,30,23,0,53,0,4,121,0,125,0,34,144,0,178,114,0,114,292
05/11/2008,SBP,CA,AWP,WE,Federal Contract Tower,0,31,13,0,44,0,0,123,0,123,0,31,136,0,167,62,0,62,229
05/12/2008,SBP,CA,AWP,WE,Federal Contract Tower,0,38,29,0,67,0,10,107,0,117,0,48,136,0,184,52,0,52,236
05/13/2008,SBP,CA,AWP,WE,Federal Contract Tower,0,40,27,2,69,0,9,99,0,108,0,49,126,2,177,52,0,52,229
05/14/2008,SBP,CA,AWP,WE,Federal Contract Tower,0,41,29,0,70,0,5,150,0,155,0,46,179,0,225,92,0,92,317
05/15/2008,SBP,CA,AWP,WE,Federal Contract Tower,0,42,24,0,66,0,7,128,2,137,0,49,152,2,203,100,0,100,303
05/16/2008,SBP,CA,AWP,WE,Federal Contract Tower,0,38,31,0,69,0,17,133,2,152,0,55,164,2,221,4,0,4,225
05/17/2008,SBP,CA,AWP,WE,Federal Contract Tower,0,31,20,0,51,0,9,180,2,191,0,40,200,2,242,28,0,28,270
05/18/2008,SBP,CA,AWP,WE,Federal Contract Tower,0,34,12,0,46,0,9,154,0,163,0,43,166,0,209,40,0,40,249
05/19/2008,SBP,CA,AWP,WE,Federal Contract Tower,0,39,30,0,69,0,12,110,0,122,0,51,140,0,191,130,12,142,333
05/20/2008,SBP,CA,AWP,WE,Federal Contract Tower,0,38,26,0,64,0,10,74,1,85,0,48,100,1,149,82,0,82,231
05/21/2008,SBP,CA,AWP,WE,Federal Contract Tower,0,40,15,0,55,0,9,69,0,78,0,49,84,0,133,42,0,42,175
05/22/2008,SBP,CA,AWP,WE,Federal Contract Tower,0,40,22,0,62,0,4,67,2,73,0,44,89,2,135,34,0,34,169
05/23/2008,SBP,CA,AWP,WE,Federal Contract Tower,0,40,46,0,86,0,4,66,4,74,0,44,112,4,160,118,0,118,278
05/24/2008,SBP,CA,AWP,WE,Federal Contract Tower,0,32,20,0,52,0,4,55,0,59,0,36,75,0,111,28,0,28,139
05/25/2008,SBP,CA,AWP,WE,Federal Contract Tower,0,25,25,0,50,0,6,53,5,64,0,31,78,5,114,30,0,30,144
05/26/2008,SBP,CA,AWP,WE,Federal Contract Tower,0,32,35,0,67,0,4,102,0,106,0,36,137,0,173,78,0,78,251
05/27/2008,SBP,CA,AWP,WE,Federal Contract Tower,0,35,29,0,64,0,1,72,0,73,0,36,101,0,137,122,0,122,259
05/28/2008,SBP,CA,AWP,WE,Federal Contract Tower,0,43,15,0,58,0,9,113,0,122,0,52,128,0,180,88,0,88,268
05/29/2008,SBP,CA,AWP,WE,Federal Contract Tower,0,44,25,0,69,0,9,116,0,125,0,53,141,0,194,76,0,76,270
05/30/2008,SBP,CA,AWP,WE,Federal Contract Tower,0,39,23,0,62,0,6,108,2,116,0,45,131,2,178,100,2,102,280
05/31/2008,SBP,CA,AWP,WE,Federal Contract Tower,0,32,25,0,57,0,2,65,0,67,0,34,90,0,124,84,0,84,208
06/01/2008,SBP,CA,AWP,WE,Federal Contract Tower,0,35,16,0,51,0,6,124,0,130,0,41,140,0,181,12,0,12,193
06/02/2008,SBP,CA,AWP,WE,Federal Contract Tower,0,38,31,0,69,0,5,96,0,101,0,43,127,0,170,24,0,24,194
06/03/2008,SBP,CA,AWP,WE,Federal Contract Tower,0,32,27,0,59,0,1,84,1,86,0,33,111,1,145,56,0,56,201
06/04/2008,SBP,CA,AWP,WE,Federal Contract Tower,0,42,21,0,63,0,2,75,0,77,0,44,96,0,140,76,0,76,216
06/05/2008,SBP,CA,AWP,WE,Federal Contract Tower,0,31,40,3,74,0,8,100,12,120,0,39,140,15,194,96,0,96,290
06/06/2008,SBP,CA,AWP,WE,Federal Contract Tower,0,33,15,2,50,0,4,84,0,88,0,37,99,2,138,68,16,84,222
06/07/2008,SBP,CA,AWP,WE,Federal Contract Tower,0,29,20,0,49,0,5,139,0,144,0,34,159,0,193,98,16,114,307
06/08/2008,SBP,CA,AWP,WE,Federal Contract Tower,0,30,20,2,52,0,2,132,2,136,0,32,152,4,188,88,0,88,276
06/09/2008,SBP,CA,AWP,WE,Federal Contract Tower,0,32,24,2,58,0,8,99,2,109,0,40,123,4,167,92,0,92,259
06/10/2008,SBP,CA,AWP,WE,Federal Contract Tower,0,40,18,1,59,0,12,105,4,121,0,52,123,5,180,46,0,46,226
06/11/2008,SBP,CA,AWP,WE,Federal Contract Tower,0,42,23,1,66,0,8,107,3,118,0,50,130,4,184,84,0,84,268
06/12/2008,SBP,CA,AWP,WE,Federal Contract Tower,0,35,32,2,69,0,10,137,0,147,0,45,169,2,216,80,0,80,296
06/13/2008,SBP,CA,AWP,WE,Federal Contract Tower,0,37,32,0,69,0,11,173,0,184,0,48,205,0,253,152,0,152,405
06/14/2008,SBP,CA,AWP,WE,Federal Contract Tower,0,30,19,0,49,0,0,135,0,135,0,30,154,0,184,136,0,136,320
06/15/2008,SBP,CA,AWP,WE,Federal Contract Tower,0,41,13,0,54,0,1,154,0,155,0,42,167,0,209,34,0,34,243
06/16/2008,SBP,CA,AWP,WE,Federal Contract Tower,0,41,18,0,59,0,10,91,0,101,0,51,109,0,160,146,0,146,306
06/17/2008,SBP,CA,AWP,WE,Federal Contract Tower,0,38,28,0,66,0,19,109,0,128,0,57,137,0,194,126,0,126,320
06/18/2008,SBP,CA,AWP,WE,Federal Contract Tower,0,41,19,0,60,0,14,87,6,107,0,55,106,6,167,154,0,154,321
06/19/2008,SBP,CA,AWP,WE,Federal Contract Tower,0,41,21,0,62,0,10,152,0,162,0,51,173,0,224,260,0,260,484
06/20/2008,SBP,CA,AWP,WE,Federal Contract Tower,0,33,18,1,52,0,15,136,5,156,0,48,154,6,208,106,0,106,314
06/21/2008,SBP,CA,AWP,WE,Federal Contract Tower,0,29,19,0,48,0,7,88,0,95,0,36,107,0,143,140,0,140,283
06/22/2008,SBP,CA,AWP,WE,Federal Contract Tower,0,30,14,0,44,0,8,128,2,138,0,38,142,2,182,60,0,60,242
06/23/2008,SBP,CA,AWP,WE,Federal Contract Tower,0,33,27,0,60,0,7,83,0,90,0,40,110,0,150,228,0,228,378
06/24/2008,SBP,CA,AWP,WE,Federal Contract Tower,0,36,22,0,58,0,2,59,6,67,0,38,81,6,125,206,0,206,331
06/25/2008,SBP,CA,AWP,WE,Federal Contract Tower,0,39,49,0,88,0,5,45,0,50,0,44,94,0,138,190,0,190,328
06/26/2008,SBP,CA,AWP,WE,Federal Contract Tower,0,37,41,0,78,0,8,102,0,110,0,45,143,0,188,126,0,126,314
06/27/2008,SBP,CA,AWP,WE,Federal Contract Tower,0,41,51,1,93,0,8,108,0,116,0,49,159,1,209,124,0,124,333
06/28/2008,SBP,CA,AWP,WE,Federal Contract Tower,0,30,32,0,62,0,3,87,0,90,0,33,119,0,152,140,0,140,292
06/29/2008,SBP,CA,AWP,WE,Federal Contract Tower,0,33,32,0,65,0,6,122,0,128,0,39,154,0,193,98,0,98,291
06/30/2008,SBP,CA,AWP,WE,Federal Contract Tower,0,36,33,0,69,0,7,77,0,84,0,43,110,0,153,170,0,170,323
07/01/2008,SBP,CA,AWP,WE,Federal Contract Tower,0,42,29,2,73,0,3,30,0,33,0,45,59,2,106,72,0,72,178
07/02/2008,SBP,CA,AWP,WE,Federal Contract Tower,0,38,24,0,62,0,51,115,0,166,0,89,139,0,228,120,0,120,348
07/03/2008,SBP,CA,AWP,WE,Federal Contract Tower,0,33,13,0,46,0,43,129,0,172,0,76,142,0,218,150,0,150,368
07/04/2008,SBP,CA,AWP,WE,Federal Contract Tower,0,25,11,0,36,0,28,72,0,100,0,53,83,0,136,66,0,66,202
07/05/2008,SBP,CA,AWP,WE,Federal Contract Tower,0,29,9,0,38,0,3,98,0,101,0,32,107,0,139,182,0,182,321
07/06/2008,SBP,CA,AWP,WE,Federal Contract Tower,0,35,18,0,53,0,4,109,0,113,0,39,127,0,166,56,0,56,222
07/07/2008,SBP,CA,AWP,WE,Federal Contract Tower,0,38,30,0,68,0,2,127,0,129,0,40,157,0,197,184,0,184,381
07/08/2008,SBP,CA,AWP,WE,Federal Contract Tower,0,41,31,0,72,0,5,100,0,105,0,46,131,0,177,124,0,124,301
07/09/2008,SBP,CA,AWP,WE,Federal Contract Tower,0,37,30,0,67,0,2,93,0,95,0,39,123,0,162,94,0,94,256
07/10/2008,SBP,CA,AWP,WE,Federal Contract Tower,0,39,26,0,65,0,11,125,0,136,0,50,151,0,201,164,0,164,365
07/11/2008,SBP,CA,AWP,WE,Federal Contract Tower,0,45,32,0,77,0,14,67,0,81,0,59,99,0,158,66,0,66,224
07/12/2008,SBP,CA,AWP,WE,Federal Contract Tower,0,33,22,0,55,0,1,99,0,100,0,34,121,0,155,84,0,84,239
07/13/2008,SBP,CA,AWP,WE,Federal Contract Tower,0,32,25,0,57,0,4,86,0,90,0,36,111,0,147,40,0,40,187
07/14/2008,SBP,CA,AWP,WE,Federal Contract Tower,0,38,35,0,73,0,3,82,8,93,0,41,117,8,166,130,0,130,296
07/15/2008,SBP,CA,AWP,WE,Federal Contract Tower,0,40,28,0,68,0,9,87,0,96,0,49,115,0,164,178,0,178,342
07/16/2008,SBP,CA,AWP,WE,Federal Contract Tower,0,40,36,0,76,0,15,118,0,133,0,55,154,0,209,142,0,142,351
07/17/2008,SBP,CA,AWP,WE,Federal Contract Tower,0,36,35,0,71,0,20,107,0,127,0,56,142,0,198,100,0,100,298
07/18/2008,SBP,CA,AWP,WE,Federal Contract Tower,0,37,22,0,59,0,16,111,0,127,0,53,133,0,186,166,0,166,352
07/19/2008,SBP,CA,AWP,WE,Federal Contract Tower,0,29,25,0,54,0,4,116,0,120,0,33,141,0,174,84,0,84,258
07/20/2008,SBP,CA,AWP,WE,Federal Contract Tower,0,31,42,0,73,0,0,65,0,65,0,31,107,0,138,94,0,94,232
07/21/2008,SBP,CA,AWP,WE,Federal Contract Tower,0,38,28,0,66,0,1,92,0,93,0,39,120,0,159,208,0,208,367
07/22/2008,SBP,CA,AWP,WE,Federal Contract Tower,0,42,21,0,63,0,2,127,0,129,0,44,148,0,192,144,4,148,340
07/23/2008,SBP,CA,AWP,WE,Federal Contract Tower,0,41,21,0,62,0,1,114,0,115,0,42,135,0,177,130,0,130,307
07/24/2008,SBP,CA,AWP,WE,Federal Contract Tower,0,39,30,0,69,0,6,130,0,136,0,45,160,0,205,110,0,110,315
07/25/2008,SBP,CA,AWP,WE,Federal Contract Tower,0,41,24,0,65,0,1,150,0,151,0,42,174,0,216,176,0,176,392
07/26/2008,SBP,CA,AWP,WE,Federal Contract Tower,0,29,21,0,50,0,2,103,0,105,0,31,124,0,155,96,0,96,251
07/27/2008,SBP,CA,AWP,WE,Federal Contract Tower,0,31,30,0,61,0,5,90,0,95,0,36,120,0,156,28,0,28,184
07/28/2008,SBP,CA,AWP,WE,Federal Contract Tower,0,37,33,0,70,0,3,57,0,60,0,40,90,0,130,102,0,102,232
07/29/2008,SBP,CA,AWP,WE,Federal Contract Tower,0,38,24,0,62,0,7,90,0,97,0,45,114,0,159,156,0,156,315
07/30/2008,SBP,CA,AWP,WE,Federal Contract Tower,0,37,28,2,67,0,9,114,0,123,0,46,142,2,190,118,0,118,308
07/31/2008,SBP,CA,AWP,WE,Federal Contract Tower,0,38,23,0,61,0,3,93,0,96,0,41,116,0,157,170,0,170,327
08/01/2008,SBP,CA,AWP,WE,Federal Contract Tower,0,33,24,0,57,0,6,106,0,112,0,39,130,0,169,52,0,52,221
08/02/2008,SBP,CA,AWP,WE,Federal Contract Tower,0,31,17,0,48,0,0,92,1,93,0,31,109,1,141,54,0,54,195
08/03/2008,SBP,CA,AWP,WE,Federal Contract Tower,0,31,16,0,47,0,3,113,0,116,0,34,129,0,163,18,0,18,181
08/04/2008,SBP,CA,AWP,WE,Federal Contract Tower,0,34,24,0,58,0,7,79,0,86,0,41,103,0,144,76,0,76,220
08/05/2008,SBP,CA,AWP,WE,Federal Contract Tower,0,38,12,0,50,0,7,103,0,110,0,45,115,0,160,130,0,130,290
08/06/2008,SBP,CA,AWP,WE,Federal Contract Tower,0,36,19,0,55,0,4,99,0,103,0,40,118,0,158,124,0,124,282
08/07/2008,SBP,CA,AWP,WE,Federal Contract Tower,0,40,27,0,67,0,5,119,0,124,0,45,146,0,191,96,0,96,287
08/08/2008,SBP,CA,AWP,WE,Federal Contract Tower,0,38,25,0,63,0,2,104,0,106,0,40,129,0,169,80,0,80,249
08/09/2008,SBP,CA,AWP,WE,Federal Contract Tower,0,31,24,0,55,0,5,102,0,107,0,36,126,0,162,52,0,52,214
08/10/2008,SBP,CA,AWP,WE,Federal Contract Tower,0,35,24,0,59,0,0,128,0,128,0,35,152,0,187,16,0,16,203
08/11/2008,SBP,CA,AWP,WE,Federal Contract Tower,0,37,30,0,67,0,1,116,2,119,0,38,146,2,186,122,0,122,308
08/12/2008,SBP,CA,AWP,WE,Federal Contract Tower,0,44,15,0,59,0,3,87,0,90,0,47,102,0,149,94,0,94,243
08/13/2008,SBP,CA,AWP,WE,Federal Contract Tower,0,37,28,0,65,0,8,111,0,119,0,45,139,0,184,140,0,140,324
08/14/2008,SBP,CA,AWP,WE,Federal Contract Tower,0,44,26,0,70,0,5,116,1,122,0,49,142,1,192,198,0,198,390
08/15/2008,SBP,CA,AWP,WE,Federal Contract Tower,0,39,25,2,66,0,14,107,0,121,0,53,132,2,187,38,0,38,225
08/16/2008,SBP,CA,AWP,WE,Federal Contract Tower,0,32,25,2,59,0,0,93,2,95,0,32,118,4,154,86,0,86,240
08/17/2008,SBP,CA,AWP,WE,Federal Contract Tower,0,35,37,0,72,0,0,96,0,96,0,35,133,0,168,32,0,32,200
08/18/2008,SBP,CA,AWP,WE,Federal Contract Tower,0,36,38,0,74,0,3,81,0,84,0,39,119,0,158,166,0,166,324
08/19/2008,SBP,CA,AWP,WE,Federal Contract Tower,0,36,32,0,68,0,8,78,0,86,0,44,110,0,154,90,0,90,244
08/20/2008,SBP,CA,AWP,WE,Federal Contract Tower,0,38,27,0,65,0,12,118,0,130,0,50,145,0,195,136,0,136,331
08/21/2008,SBP,CA,AWP,WE,Federal Contract Tower,0,36,20,0,56,0,6,105,0,111,0,42,125,0,167,104,0,104,271
08/22/2008,SBP,CA,AWP,WE,Federal Contract Tower,0,35,27,2,64,0,5,107,2,114,0,40,134,4,178,116,0,116,294
08/23/2008,SBP,CA,AWP,WE,Federal Contract Tower,0,28,37,0,65,0,2,122,2,126,0,30,159,2,191,116,0,116,307
08/24/2008,SBP,CA,AWP,WE,Federal Contract Tower,0,28,26,0,54,0,8,143,0,151,0,36,169,0,205,86,0,86,291
08/25/2008,SBP,CA,AWP,WE,Federal Contract Tower,0,36,23,0,59,0,4,105,0,109,0,40,128,0,168,32,0,32,200
08/26/2008,SBP,CA,AWP,WE,Federal Contract Tower,0,40,28,0,68,0,7,126,0,133,0,47,154,0,201,154,0,154,355
08/27/2008,SBP,CA,AWP,WE,Federal Contract Tower,0,41,26,0,67,0,7,103,0,110,0,48,129,0,177,106,0,106,283
08/28/2008,SBP,CA,AWP,WE,Federal Contract Tower,0,39,30,0,69,0,8,126,0,134,0,47,156,0,203,136,0,136,339
08/29/2008,SBP,CA,AWP,WE,Federal Contract Tower,0,34,11,0,45,0,5,157,0,162,0,39,168,0,207,52,0,52,259
08/30/2008,SBP,CA,AWP,WE,Federal Contract Tower,0,27,28,0,55,0,3,120,0,123,0,30,148,0,178,20,0,20,198
08/31/2008,SBP,CA,AWP,WE,Federal Contract Tower,0,21,19,0,40,0,7,109,1,117,0,28,128,1,157,14,2,16,173
09/01/2008,SBP,CA,AWP,WE,Federal Contract Tower,0,27,17,0,44,0,4,170,0,174,0,31,187,0,218,82,0,82,300
09/02/2008,SBP,CA,AWP,WE,Federal Contract Tower,0,31,20,0,51,0,8,106,0,114,0,39,126,0,165,202,0,202,367
09/03/2008,SBP,CA,AWP,WE,Federal Contract Tower,0,34,11,0,45,0,5,121,0,126,0,39,132,0,171,142,0,142,313
09/04/2008,SBP,CA,AWP,WE,Federal Contract Tower,0,33,9,0,42,0,7,125,0,132,0,40,134,0,174,128,0,128,302
09/05/2008,SBP,CA,AWP,WE,Federal Contract Tower,0,37,25,2,64,0,5,117,1,123,0,42,142,3,187,116,0,116,303
09/06/2008,SBP,CA,AWP,WE,Federal Contract Tower,0,31,11,0,42,0,0,146,0,146,0,31,157,0,188,54,0,54,242
09/07/2008,SBP,CA,AWP,WE,Federal Contract Tower,0,27,14,0,41,0,0,118,0,118,0,27,132,0,159,76,0,76,235
09/08/2008,SBP,CA,AWP,WE,Federal Contract Tower,0,35,25,0,60,0,4,77,2,83,0,39,102,2,143,44,0,44,187
09/09/2008,SBP,CA,AWP,WE,Federal Contract Tower,0,36,32,0,68,0,5,54,0,59,0,41,86,0,127,38,0,38,165
09/10/2008,SBP,CA,AWP,WE,Federal Contract Tower,0,34,33,0,67,0,5,67,0,72,0,39,100,0,139,112,0,112,251
09/11/2008,SBP,CA,AWP,WE,Federal Contract Tower,0,33,22,0,55,0,6,112,0,118,0,39,134,0,173,110,0,110,283
09/12/2008,SBP,CA,AWP,WE,Federal Contract Tower,0,35,33,0,68,0,1,104,1,106,0,36,137,1,174,66,0,66,240
09/13/2008,SBP,CA,AWP,WE,Federal Contract Tower,0,27,25,0,52,0,2,99,0,101,0,29,124,0,153,72,0,72,225
09/14/2008,SBP,CA,AWP,WE,Federal Contract Tower,0,27,14,0,41,0,2,123,2,127,0,29,137,2,168,36,0,36,204
09/15/2008,SBP,CA,AWP,WE,Federal Contract Tower,0,34,19,0,53,0,2,89,0,91,0,36,108,0,144,76,0,76,220
09/16/2008,SBP,CA,AWP,WE,Federal Contract Tower,0,40,21,3,64,0,3,88,3,94,0,43,109,6,158,92,0,92,250
09/17/2008,SBP,CA,AWP,WE,Federal Contract Tower,0,36,24,4,64,0,6,90,4,100,0,42,114,8,164,120,0,120,284
09/18/2008,SBP,CA,AWP,WE,Federal Contract Tower,0,34,16,1,51,0,3,148,1,152,0,37,164,2,203,134,0,134,337
09/19/2008,SBP,CA,AWP,WE,Federal Contract Tower,0,33,14,0,47,0,2,135,0,137,0,35,149,0,184,120,0,120,304
09/20/2008,SBP,CA,AWP,WE,Federal Contract Tower,0,29,13,0,42,0,8,122,0,130,0,37,135,0,172,52,0,52,224
09/21/2008,SBP,CA,AWP,WE,Federal Contract Tower,0,29,12,1,42,0,1,107,1,109,0,30,119,2,151,18,0,18,169
09/22/2008,SBP,CA,AWP,WE,Federal Contract Tower,0,32,18,0,50,0,8,114,0,122,0,40,132,0,172,94,0,94,266
09/23/2008,SBP,CA,AWP,WE,Federal Contract Tower,0,33,10,0,43,0,2,124,3,129,0,35,134,3,172,212,0,212,384
09/24/2008,SBP,CA,AWP,WE,Federal Contract Tower,0,39,33,0,72,0,13,109,0,122,0,52,142,0,194,92,0,92,286
09/25/2008,SBP,CA,AWP,WE,Federal Contract Tower,0,33,25,0,58,0,5,100,0,105,0,38,125,0,163,126,0,126,289
09/26/2008,SBP,CA,AWP,WE,Federal Contract Tower,0,33,13,0,46,0,4,141,0,145,0,37,154,0,191,180,0,180,371
09/27/2008,SBP,CA,AWP,WE,Federal Contract Tower,0,30,18,0,48,0,2,119,0,121,0,32,137,0,169,92,0,92,261
09/28/2008,SBP,CA,AWP,WE,Federal Contract Tower,0,25,20,0,45,0,0,176,0,176,0,25,196,0,221,112,0,112,333
09/29/2008,SBP,CA,AWP,WE,Federal Contract Tower,0,34,16,0,50,0,4,88,0,92,0,38,104,0,142,54,0,54,196
09/30/2008,SBP,CA,AWP,WE,Federal Contract Tower,0,38,17,0,55,0,9,117,0,126,0,47,134,0,181,90,0,90,271
10/01/2008,SBP,CA,AWP,WE,Federal Contract Tower,0,32,11,0,43,0,4,106,0,110,0,36,117,0,153,90,0,90,243
10/02/2008,SBP,CA,AWP,WE,Federal Contract Tower,0,34,20,0,54,0,8,61,0,69,0,42,81,0,123,74,0,74,197
10/03/2008,SBP,CA,AWP,WE,Federal Contract Tower,1,33,38,0,72,0,1,66,0,67,1,34,104,0,139,144,0,144,283
10/04/2008,SBP,CA,AWP,WE,Federal Contract Tower,1,30,30,4,65,0,0,22,0,22,1,30,52,4,87,56,0,56,143
10/05/2008,SBP,CA,AWP,WE,Federal Contract Tower,0,25,37,0,62,0,45,93,0,138,0,70,130,0,200,54,0,54,254
10/06/2008,SBP,CA,AWP,WE,Federal Contract Tower,1,33,13,0,47,0,12,82,0,94,1,45,95,0,141,70,0,70,211
10/07/2008,SBP,CA,AWP,WE,Federal Contract Tower,1,31,8,0,40,0,7,96,3,106,1,38,104,3,146,134,0,134,280
10/08/2008,SBP,CA,AWP,WE,Federal Contract Tower,1,33,15,4,53,0,8,115,0,123,1,41,130,4,176,56,0,56,232
10/09/2008,SBP,CA,AWP,WE,Federal Contract Tower,1,31,17,0,49,0,5,100,0,105,1,36,117,0,154,52,0,52,206
10/10/2008,SBP,CA,AWP,WE,Federal Contract Tower,1,34,8,0,43,0,6,79,0,85,1,40,87,0,128,70,0,70,198
10/11/2008,SBP,CA,AWP,WE,Federal Contract Tower,1,27,12,0,40,0,4,134,0,138,1,31,146,0,178,100,0,100,278
10/12/2008,SBP,CA,AWP,WE,Federal Contract Tower,0,26,11,0,37,0,0,95,0,95,0,26,106,0,132,44,0,44,176
10/13/2008,SBP,CA,AWP,WE,Federal Contract Tower,1,28,17,0,46,0,11,82,0,93,1,39,99,0,139,138,0,138,277
10/14/2008,SBP,CA,AWP,WE,Federal Contract Tower,1,35,13,0,49,0,20,61,0,81,1,55,74,0,130,88,0,88,218
10/15/2008,SBP,CA,AWP,WE,Federal Contract Tower,1,32,24,0,57,0,13,99,0,112,1,45,123,0,169,162,0,162,331
10/16/2008,SBP,CA,AWP,WE,Federal Contract Tower,1,36,23,0,60,0,10,114,10,134,1,46,137,10,194,86,0,86,280
10/17/2008,SBP,CA,AWP,WE,Federal Contract Tower,1,31,14,0,46,0,3,141,2,146,1,34,155,2,192,144,0,144,336
10/18/2008,SBP,CA,AWP,WE,Federal Contract Tower,1,31,10,0,42,0,2,114,0,116,1,33,124,0,158,150,0,150,308
10/19/2008,SBP,CA,AWP,WE,Federal Contract Tower,0,31,14,0,45,0,0,128,0,128,0,31,142,0,173,76,0,76,249
10/20/2008,SBP,CA,AWP,WE,Federal Contract Tower,1,31,15,1,48,0,4,69,0,73,1,35,84,1,121,96,0,96,217
10/21/2008,SBP,CA,AWP,WE,Federal Contract Tower,1,34,15,0,50,0,2,70,2,74,1,36,85,2,124,42,0,42,166
10/22/2008,SBP,CA,AWP,WE,Federal Contract Tower,1,34,14,0,49,0,12,111,2,125,1,46,125,2,174,102,0,102,276
10/23/2008,SBP,CA,AWP,WE,Federal Contract Tower,3,32,19,0,54,0,4,135,0,139,3,36,154,0,193,108,0,108,301
10/24/2008,SBP,CA,AWP,WE,Federal Contract Tower,1,37,26,0,64,0,3,143,5,151,1,40,169,5,215,186,0,186,401
10/25/2008,SBP,CA,AWP,WE,Federal Contract Tower,1,30,11,0,42,0,0,137,0,137,1,30,148,0,179,146,0,146,325
10/26/2008,SBP,CA,AWP,WE,Federal Contract Tower,0,30,22,0,52,0,1,131,2,134,0,31,153,2,186,132,0,132,318
10/27/2008,SBP,CA,AWP,WE,Federal Contract Tower,2,29,25,0,56,0,4,88,0,92,2,33,113,0,148,66,0,66,214
10/28/2008,SBP,CA,AWP,WE,Federal Contract Tower,1,37,20,2,60,0,7,76,0,83,1,44,96,2,143,126,0,126,269
10/29/2008,SBP,CA,AWP,WE,Federal Contract Tower,1,29,19,0,49,0,9,117,0,126,1,38,136,0,175,160,0,160,335
10/30/2008,SBP,CA,AWP,WE,Federal Contract Tower,1,34,24,0,59,0,16,63,0,79,1,50,87,0,138,100,0,100,238
10/31/2008,SBP,CA,AWP,WE,Federal Contract Tower,1,37,17,0,55,0,3,43,0,46,1,40,60,0,101,54,0,54,155
11/01/2008,SBP,CA,AWP,WE,Federal Contract Tower,1,29,18,0,48,0,0,29,2,31,1,29,47,2,79,62,0,62,141
11/02/2008,SBP,CA,AWP,WE,Federal Contract Tower,3,12,21,0,36,0,0,39,0,39,3,12,60,0,75,104,0,104,179
11/03/2008,SBP,CA,AWP,WE,Federal Contract Tower,3,20,26,0,49,0,0,42,0,42,3,20,68,0,91,88,0,88,179
11/04/2008,SBP,CA,AWP,WE,Federal Contract Tower,3,21,14,0,38,0,3,58,0,61,3,24,72,0,99,88,0,88,187
11/05/2008,SBP,CA,AWP,WE,Federal Contract Tower,3,24,23,0,50,0,8,139,0,147,3,32,162,0,197,86,0,86,283
11/06/2008,SBP,CA,AWP,WE,Federal Contract Tower,3,25,15,0,43,0,6,118,0,124,3,31,133,0,167,72,0,72,239
11/07/2008,SBP,CA,AWP,WE,Federal Contract Tower,3,25,9,0,37,0,3,147,4,154,3,28,156,4,191,192,0,192,383
11/08/2008,SBP,CA,AWP,WE,Federal Contract Tower,4,20,16,0,40,0,1,86,0,87,4,21,102,0,127,86,0,86,213
11/09/2008,SBP,CA,AWP,WE,Federal Contract Tower,3,17,16,0,36,0,0,45,0,45,3,17,61,0,81,42,0,42,123
11/10/2008,SBP,CA,AWP,WE,Federal Contract Tower,3,21,24,0,48,0,3,117,0,120,3,24,141,0,168,108,0,108,276
11/11/2008,SBP,CA,AWP,WE,Federal Contract Tower,3,22,14,0,39,0,2,115,0,117,3,24,129,0,156,84,0,84,240
11/12/2008,SBP,CA,AWP,WE,Federal Contract Tower,3,27,3,0,33,0,4,94,0,98,3,31,97,0,131,92,0,92,223
11/13/2008,SBP,CA,AWP,WE,Federal Contract Tower,3,23,5,0,31,0,6,86,0,92,3,29,91,0,123,20,0,20,143
11/14/2008,SBP,CA,AWP,WE,Federal Contract Tower,7,21,12,0,40,0,13,137,0,150,7,34,149,0,190,52,0,52,242
11/15/2008,SBP,CA,AWP,WE,Federal Contract Tower,4,15,15,0,34,0,3,86,0,89,4,18,101,0,123,36,0,36,159
11/16/2008,SBP,CA,AWP,WE,Federal Contract Tower,3,13,17,0,33,0,2,145,0,147,3,15,162,0,180,36,0,36,216
11/17/2008,SBP,CA,AWP,WE,Federal Contract Tower,3,22,9,2,36,0,7,145,2,154,3,29,154,4,190,58,0,58,248
11/18/2008,SBP,CA,AWP,WE,Federal Contract Tower,3,23,9,0,35,0,6,109,0,115,3,29,118,0,150,126,0,126,276
11/19/2008,SBP,CA,AWP,WE,Federal Contract Tower,2,30,23,0,55,0,5,62,0,67,2,35,85,0,122,64,0,64,186
11/20/2008,SBP,CA,AWP,WE,Federal Contract Tower,3,21,15,0,39,0,7,96,0,103,3,28,111,0,142,42,0,42,184
11/21/2008,SBP,CA,AWP,WE,Federal Contract Tower,3,21,23,0,47,0,7,149,5,161,3,28,172,5,208,66,2,68,276
11/22/2008,SBP,CA,AWP,WE,Federal Contract Tower,4,17,8,0,29,0,0,98,0,98,4,17,106,0,127,106,0,106,233
11/23/2008,SBP,CA,AWP,WE,Federal Contract Tower,3,14,30,0,47,0,1,96,1,98,3,15,126,1,145,30,0,30,175
11/24/2008,SBP,CA,AWP,WE,Federal Contract Tower,3,21,32,0,56,0,9,77,2,88,3,30,109,2,144,88,0,88,232
11/25/2008,SBP,CA,AWP,WE,Federal Contract Tower,3,28,27,0,58,0,4,35,0,39,3,32,62,0,97,54,0,54,151
11/26/2008,SBP,CA,AWP,WE,Federal Contract Tower,3,29,45,0,77,0,2,16,0,18,3,31,61,0,95,46,0,46,141
11/27/2008,SBP,CA,AWP,WE,Federal Contract Tower,2,10,11,0,23,0,0,46,0,46,2,10,57,0,69,0,0,0,69
11/28/2008,SBP,CA,AWP,WE,Federal Contract Tower,3,14,16,0,33,0,9,116,0,125,3,23,132,0,158,86,0,86,244
11/29/2008,SBP,CA,AWP,WE,Federal Contract Tower,3,15,23,0,41,0,4,133,0,137,3,19,156,0,178,122,0,122,300
11/30/2008,SBP,CA,AWP,WE,Federal Contract Tower,5,18,25,0,48,0,0,152,0,152,5,18,177,0,200,32,0,32,232
12/01/2008,SBP,CA,AWP,WE,Federal Contract Tower,3,21,15,0,39,0,2,52,0,54,3,23,67,0,93,100,0,100,193
12/02/2008,SBP,CA,AWP,WE,Federal Contract Tower,3,22,18,0,43,0,29,72,0,101,3,51,90,0,144,196,0,196,340
12/03/2008,SBP,CA,AWP,WE,Federal Contract Tower,3,24,15,0,42,0,6,78,0,84,3,30,93,0,126,90,0,90,216
12/04/2008,SBP,CA,AWP,WE,Federal Contract Tower,3,25,18,0,46,0,2,81,0,83,3,27,99,0,129,164,0,164,293
12/05/2008,SBP,CA,AWP,WE,Federal Contract Tower,3,29,20,0,52,0,2,132,0,134,3,31,152,0,186,88,0,88,274
12/06/2008,SBP,CA,AWP,WE,Federal Contract Tower,1,19,19,0,39,0,0,130,0,130,1,19,149,0,169,92,0,92,261
12/07/2008,SBP,CA,AWP,WE,Federal Contract Tower,1,13,17,0,31,0,0,80,0,80,1,13,97,0,111,112,0,112,223
12/08/2008,SBP,CA,AWP,WE,Federal Contract Tower,3,22,22,0,47,0,22,84,0,106,3,44,106,0,153,154,0,154,307
12/09/2008,SBP,CA,AWP,WE,Federal Contract Tower,3,22,9,0,34,0,14,113,0,127,3,36,122,0,161,122,0,122,283
12/10/2008,SBP,CA,AWP,WE,Federal Contract Tower,3,25,13,0,41,0,5,116,0,121,3,30,129,0,162,116,8,124,286
12/11/2008,SBP,CA,AWP,WE,Federal Contract Tower,3,29,11,0,43,0,5,139,0,144,3,34,150,0,187,174,0,174,361
12/12/2008,SBP,CA,AWP,WE,Federal Contract Tower,2,29,15,0,46,0,1,111,0,112,2,30,126,0,158,114,0,114,272
12/13/2008,SBP,CA,AWP,WE,Federal Contract Tower,4,17,10,0,31,0,6,59,0,65,4,23,69,0,96,70,0,70,166
12/14/2008,SBP,CA,AWP,WE,Federal Contract Tower,3,17,10,0,30,0,0,34,0,34,3,17,44,0,64,26,0,26,90
12/15/2008,SBP,CA,AWP,WE,Federal Contract Tower,3,20,16,0,39,0,1,18,0,19,3,21,34,0,58,42,0,42,100
12/16/2008,SBP,CA,AWP,WE,Federal Contract Tower,1,28,13,0,42,0,2,23,0,25,1,30,36,0,67,90,0,90,157
12/17/2008,SBP,CA,AWP,WE,Federal Contract Tower,3,30,27,0,60,1,4,36,0,41,4,34,63,0,101,22,0,22,123
12/18/2008,SBP,CA,AWP,WE,Federal Contract Tower,3,29,25,0,57,0,8,107,1,116,3,37,132,1,173,86,0,86,259
12/19/2008,SBP,CA,AWP,WE,Federal Contract Tower,5,28,21,0,54,0,18,68,0,86,5,46,89,0,140,64,0,64,204
12/20/2008,SBP,CA,AWP,WE,Federal Contract Tower,3,22,12,0,37,0,10,113,0,123,3,32,125,0,160,140,0,140,300
12/21/2008,SBP,CA,AWP,WE,Federal Contract Tower,3,15,8,0,26,0,0,85,0,85,3,15,93,0,111,32,0,32,143
12/22/2008,SBP,CA,AWP,WE,Federal Contract Tower,3,22,18,0,43,0,4,22,0,26,3,26,40,0,69,76,0,76,145
12/23/2008,SBP,CA,AWP,WE,Federal Contract Tower,3,28,20,0,51,0,7,71,0,78,3,35,91,0,129,98,0,98,227
12/24/2008,SBP,CA,AWP,WE,Federal Contract Tower,3,33,7,0,43,0,5,10,0,15,3,38,17,0,58,62,0,62,120
12/25/2008,SBP,CA,AWP,WE,Federal Contract Tower,3,16,4,0,23,0,1,3,0,4,3,17,7,0,27,0,0,0,27
12/26/2008,SBP,CA,AWP,WE,Federal Contract Tower,3,22,22,0,47,0,4,90,0,94,3,26,112,0,141,50,0,50,191
12/27/2008,SBP,CA,AWP,WE,Federal Contract Tower,3,18,12,0,33,0,0,106,0,106,3,18,118,0,139,116,0,116,255
12/28/2008,SBP,CA,AWP,WE,Federal Contract Tower,3,17,11,0,31,0,4,98,0,102,3,21,109,0,133,42,0,42,175
12/29/2008,SBP,CA,AWP,WE,Federal Contract Tower,3,21,12,0,36,0,26,105,0,131,3,47,117,0,167,94,0,94,261
12/30/2008,SBP,CA,AWP,WE,Federal Contract Tower,3,24,12,1,40,0,13,96,0,109,3,37,108,1,149,92,0,92,241
12/31/2008,SBP,CA,AWP,WE,Federal Contract Tower,3,20,10,0,33,0,10,121,0,131,3,30,131,0,164,96,0,96,260
01/01/2009,SBP,CA,AWP,WE,Federal Contract Tower,3,16,14,0,33,0,2,53,0,55,3,18,67,0,88,64,0,64,152
01/02/2009,SBP,CA,AWP,WE,Federal Contract Tower,3,23,22,0,48,0,4,41,0,45,3,27,63,0,93,88,0,88,181
01/03/2009,SBP,CA,AWP,WE,Federal Contract Tower,4,20,19,0,43,0,4,101,0,105,4,24,120,0,148,108,0,108,256
01/04/2009,SBP,CA,AWP,WE,Federal Contract Tower,3,19,21,0,43,0,2,108,0,110,3,21,129,0,153,108,0,108,261
01/05/2009,SBP,CA,AWP,WE,Federal Contract Tower,3,21,15,0,39,0,6,49,0,55,3,27,64,0,94,100,0,100,194
01/06/2009,SBP,CA,AWP,WE,Federal Contract Tower,3,20,10,3,36,0,20,64,0,84,3,40,74,3,120,140,2,142,262
01/07/2009,SBP,CA,AWP,WE,Federal Contract Tower,3,24,12,4,43,0,15,122,1,138,3,39,134,5,181,160,10,170,351
01/08/2009,SBP,CA,AWP,WE,Federal Contract Tower,3,20,13,1,37,0,4,59,0,63,3,24,72,1,100,38,10,48,148
01/09/2009,SBP,CA,AWP,WE,Federal Contract Tower,3,25,18,3,49,0,20,93,0,113,3,45,111,3,162,121,2,123,285
01/10/2009,SBP,CA,AWP,WE,Federal Contract Tower,3,20,10,0,33,0,6,134,0,140,3,26,144,0,173,104,0,104,277
01/11/2009,SBP,CA,AWP,WE,Federal Contract Tower,3,18,10,0,31,0,0,131,0,131,3,18,141,0,162,46,0,46,208
01/12/2009,SBP,CA,AWP,WE,Federal Contract Tower,1,23,17,0,41,0,18,91,0,109,1,41,108,0,150,172,0,172,322
01/13/2009,SBP,CA,AWP,WE,Federal Contract Tower,3,19,15,0,37,0,22,94,0,116,3,41,109,0,153,162,0,162,315
01/14/2009,SBP,CA,AWP,WE,Federal Contract Tower,1,28,11,0,40,0,35,129,0,164,1,63,140,0,204,104,0,104,308
01/15/2009,SBP,CA,AWP,WE,Federal Contract Tower,3,26,17,0,46,0,38,127,2,167,3,64,144,2,213,146,0,146,359
01/16/2009,SBP,CA,AWP,WE,Federal Contract Tower,1,25,16,1,43,0,49,172,1,222,1,74,188,2,265,146,0,146,411
01/17/2009,SBP,CA,AWP,WE,Federal Contract Tower,3,17,8,0,28,0,2,128,0,130,3,19,136,0,158,88,0,88,246
01/18/2009,SBP,CA,AWP,WE,Federal Contract Tower,3,17,18,0,38,0,1,134,0,135,3,18,152,0,173,96,0,96,269
01/19/2009,SBP,CA,AWP,WE,Federal Contract Tower,5,25,10,0,40,0,2,128,0,130,5,27,138,0,170,146,0,146,316
01/20/2009,SBP,CA,AWP,WE,Federal Contract Tower,3,22,15,3,43,0,4,81,0,85,3,26,96,3,128,50,0,50,178
01/21/2009,SBP,CA,AWP,WE,Federal Contract Tower,3,25,12,0,40,0,11,50,0,61,3,36,62,0,101,60,0,60,161
01/22/2009,SBP,CA,AWP,WE,Federal Contract Tower,3,28,23,0,54,0,4,8,0,12,3,32,31,0,66,0,0,0,66
01/23/2009,SBP,CA,AWP,WE,Federal Contract Tower,5,22,19,2,48,0,4,12,0,16,5,26,31,2,64,2,0,2,66
01/24/2009,SBP,CA,AWP,WE,Federal Contract Tower,3,21,28,0,52,0,0,9,0,9,3,21,37,0,61,26,0,26,87
01/25/2009,SBP,CA,AWP,WE,Federal Contract Tower,3,17,36,0,56,0,0,55,0,55,3,17,91,0,111,32,0,32,143
01/26/2009,SBP,CA,AWP,WE,Federal Contract Tower,3,28,8,0,39,0,5,84,0,89,3,33,92,0,128,94,0,94,222
01/27/2009,SBP,CA,AWP,WE,Federal Contract Tower,3,21,6,0,30,0,7,89,2,98,3,28,95,2,128,94,0,94,222
01/28/2009,SBP,CA,AWP,WE,Federal Contract Tower,3,27,17,0,47,0,9,100,0,109,3,36,117,0,156,20,0,20,176
01/29/2009,SBP,CA,AWP,WE,Federal Contract Tower,3,32,9,4,48,0,7,90,2,99,3,39,99,6,147,96,0,96,243
01/30/2009,SBP,CA,AWP,WE,Federal Contract Tower,3,28,19,2,52,0,11,157,2,170,3,39,176,4,222,206,10,216,438
01/31/2009,SBP,CA,AWP,WE,Federal Contract Tower,3,15,13,0,31,0,6,153,0,159,3,21,166,0,190,104,0,104,294
02/01/2009,SBP,CA,AWP,WE,Federal Contract Tower,3,19,11,0,33,0,0,105,0,105,3,19,116,0,138,50,0,50,188
02/02/2009,SBP,CA,AWP,WE,Federal Contract Tower,3,25,13,0,41,0,7,121,0,128,3,32,134,0,169,100,0,100,269
02/03/2009,SBP,CA,AWP,WE,Federal Contract Tower,3,22,9,2,36,0,12,111,1,124,3,34,120,3,160,148,0,148,308
02/04/2009,SBP,CA,AWP,WE,Federal Contract Tower,3,26,13,0,42,0,6,133,0,139,3,32,146,0,181,80,0,80,261
02/05/2009,SBP,CA,AWP,WE,Federal Contract Tower,3,21,25,0,49,0,5,18,0,23,3,26,43,0,72,84,0,84,156
02/06/2009,SBP,CA,AWP,WE,Federal Contract Tower,3,26,15,0,44,0,4,8,0,12,3,30,23,0,56,2,0,2,58
02/07/2009,SBP,CA,AWP,WE,Federal Contract Tower,3,17,11,0,31,0,5,23,0,28,3,22,34,0,59,62,0,62,121
02/08/2009,SBP,CA,AWP,WE,Federal Contract Tower,3,16,38,0,57,0,0,23,6,29,3,16,61,6,86,46,0,46,132
02/09/2009,SBP,CA,AWP,WE,Federal Contract Tower,4,25,13,0,42,0,6,37,0,43,4,31,50,0,85,80,0,80,165
02/10/2009,SBP,CA,AWP,WE,Federal Contract Tower,3,20,7,0,30,0,6,130,0,136,3,26,137,0,166,134,0,134,300
02/11/2009,SBP,CA,AWP,WE,Federal Contract Tower,3,26,29,0,58,0,4,26,0,30,3,30,55,0,88,52,0,52,140
02/12/2009,SBP,CA,AWP,WE,Federal Contract Tower,3,29,19,0,51,0,5,83,0,88,3,34,102,0,139,94,0,94,233
02/13/2009,SBP,CA,AWP,WE,Federal Contract Tower,3,26,13,2,44,0,4,8,0,12,3,30,21,2,56,0,0,0,56
02/14/2009,SBP,CA,AWP,WE,Federal Contract Tower,3,17,10,0,30,0,2,80,0,82,3,19,90,0,112,118,0,118,230
02/15/2009,SBP,CA,AWP,WE,Federal Contract Tower,3,15,8,0,26,0,0,6,0,6,3,15,14,0,32,10,0,10,42
02/16/2009,SBP,CA,AWP,WE,Federal Contract Tower,3,18,6,0,27,0,3,4,0,7,3,21,10,0,34,16,0,16,50
02/17/2009,SBP,CA,AWP,WE,Federal Contract Tower,3,30,12,2,47,0,11,21,0,32,3,41,33,2,79,40,0,40,119
02/18/2009,SBP,CA,AWP,WE,Federal Contract Tower,3,27,18,1,49,0,9,135,0,144,3,36,153,1,193,184,0,184,377
02/19/2009,SBP,CA,AWP,WE,Federal Contract Tower,3,26,27,0,56,0,5,164,0,169,3,31,191,0,225,120,0,120,345
02/20/2009,SBP,CA,AWP,WE,Federal Contract Tower,3,25,24,2,54,0,6,193,0,199,3,31,217,2,253,168,4,172,425
02/21/2009,SBP,CA,AWP,WE,Federal Contract Tower,3,15,17,0,35,0,2,123,0,125,3,17,140,0,160,96,0,96,256
02/22/2009,SBP,CA,AWP,WE,Federal Contract Tower,3,20,11,0,34,0,2,22,2,26,3,22,33,2,60,26,0,26,86
02/23/2009,SBP,CA,AWP,WE,Federal Contract Tower,5,21,15,0,41,0,3,45,0,48,5,24,60,0,89,70,0,70,159
02/24/2009,SBP,CA,AWP,WE,Federal Contract Tower,3,35,17,1,56,0,33,81,0,114,3,68,98,1,170,68,0,68,238
02/25/2009,SBP,CA,AWP,WE,Federal Contract Tower,3,25,16,2,46,0,9,109,2,120,3,34,125,4,166,52,0,52,218
02/26/2009,SBP,CA,AWP,WE,Federal Contract Tower,3,26,18,0,47,0,2,71,0,73,3,28,89,0,120,36,0,36,156
02/27/2009,SBP,CA,AWP,WE,Federal Contract Tower,3,29,20,0,52,0,6,120,0,126,3,35,140,0,178,154,0,154,332
02/28/2009,SBP,CA,AWP,WE,Federal Contract Tower,3,13,17,0,33,0,2,150,0,152,3,15,167,0,185,118,0,118,303
03/01/2009,SBP,CA,AWP,WE,Federal Contract Tower,3,16,16,0,35,0,1,124,0,125,3,17,140,0,160,54,0,54,214
03/02/2009,SBP,CA,AWP,WE,Federal Contract Tower,3,25,19,0,47,0,2,4,0,6,3,27,23,0,53,12,0,12,65
03/03/2009,SBP,CA,AWP,WE,Federal Contract Tower,3,24,16,0,43,0,1,30,0,31,3,25,46,0,74,28,0,28,102
03/04/2009,SBP,CA,AWP,WE,Federal Contract Tower,3,27,9,0,39,0,2,47,2,51,3,29,56,2,90,110,0,110,200
03/05/2009,SBP,CA,AWP,WE,Federal Contract Tower,3,26,16,0,45,0,1,107,1,109,3,27,123,1,154,84,0,84,238
03/06/2009,SBP,CA,AWP,WE,Federal Contract Tower,3,26,25,0,54,0,7,112,0,119,3,33,137,0,173,119,0,119,292
03/07/2009,SBP,CA,AWP,WE,Federal Contract Tower,3,15,10,0,28,0,1,199,2,202,3,16,209,2,230,62,0,62,292
03/08/2009,SBP,CA,AWP,WE,Federal Contract Tower,3,18,21,0,42,0,2,143,0,145,3,20,164,0,187,60,0,60,247
03/09/2009,SBP,CA,AWP,WE,Federal Contract Tower,3,20,24,2,49,0,3,64,0,67,3,23,88,2,116,118,0,118,234
03/10/2009,SBP,CA,AWP,WE,Federal Contract Tower,1,28,11,0,40,0,14,120,0,134,1,42,131,0,174,76,0,76,250
03/11/2009,SBP,CA,AWP,WE,Federal Contract Tower,3,26,14,0,43,0,2,114,0,116,3,28,128,0,159,68,0,68,227
03/12/2009,SBP,CA,AWP,WE,Federal Contract Tower,3,24,14,0,41,0,9,107,0,116,3,33,121,0,157,84,0,84,241
03/13/2009,SBP,CA,AWP,WE,Federal Contract Tower,4,21,15,2,42,0,10,143,0,153,4,31,158,2,195,98,0,98,293
03/14/2009,SBP,CA,AWP,WE,Federal Contract Tower,3,21,26,0,50,0,5,68,0,73,3,26,94,0,123,86,0,86,209
03/15/2009,SBP,CA,AWP,WE,Federal Contract Tower,3,16,18,0,37,0,1,140,1,142,3,17,158,1,179,107,0,107,286
03/16/2009,SBP,CA,AWP,WE,Federal Contract Tower,3,21,19,0,43,0,8,122,0,130,3,29,141,0,173,170,0,170,343
03/17/2009,SBP,CA,AWP,WE,Federal Contract Tower,3,27,16,0,46,0,1,112,0,113,3,28,128,0,159,50,0,50,209
03/18/2009,SBP,CA,AWP,WE,Federal Contract Tower,3,22,13,0,38,0,5,87,0,92,3,27,100,0,130,56,0,56,186
03/19/2009,SBP,CA,AWP,WE,Federal Contract Tower,3,27,16,0,46,0,10,101,0,111,3,37,117,0,157,94,0,94,251
03/20/2009,SBP,CA,AWP,WE,Federal Contract Tower,3,24,27,0,54,0,9,101,0,110,3,33,128,0,164,126,0,126,290
03/21/2009,SBP,CA,AWP,WE,Federal Contract Tower,3,19,37,0,59,0,2,10,0,12,3,21,47,0,71,38,0,38,109
03/22/2009,SBP,CA,AWP,WE,Federal Contract Tower,3,17,14,0,34,0,4,26,0,30,3,21,40,0,64,10,0,10,74
03/23/2009,SBP,CA,AWP,WE,Federal Contract Tower,3,21,16,0,40,0,5,76,0,81,3,26,92,0,121,52,0,52,173
03/24/2009,SBP,CA,AWP,WE,Federal Contract Tower,3,23,17,0,43,0,5,108,0,113,3,28,125,0,156,94,0,94,250
03/25/2009,SBP,CA,AWP,WE,Federal Contract Tower,3,26,24,0,53,0,6,128,0,134,3,32,152,0,187,102,0,102,289
03/26/2009,SBP,CA,AWP,WE,Federal Contract Tower,3,26,21,0,50,0,12,129,0,141,3,38,150,0,191,130,0,130,321
03/27/2009,SBP,CA,AWP,WE,Federal Contract Tower,3,26,11,0,40,0,6,206,0,212,3,32,217,0,252,36,0,36,288
03/28/2009,SBP,CA,AWP,WE,Federal Contract Tower,3,17,17,0,37,0,6,194,12,212,3,23,211,12,249,58,0,58,307
03/29/2009,SBP,CA,AWP,WE,Federal Contract Tower,3,16,34,0,53,0,2,120,0,122,3,18,154,0,175,40,0,40,215
03/30/2009,SBP,CA,AWP,WE,Federal Contract Tower,3,21,22,0,46,0,11,105,0,116,3,32,127,0,162,92,0,92,254
03/31/2009,SBP,CA,AWP,WE,Federal Contract Tower,3,24,11,0,38,0,5,121,0,126,3,29,132,0,164,110,0,110,274
04/01/2009,SBP,CA,AWP,WE,Federal Contract Tower,3,25,12,0,40,0,6,83,0,89,3,31,95,0,129,28,0,28,157
04/02/2009,SBP,CA,AWP,WE,Federal Contract Tower,3,30,27,0,60,0,3,80,0,83,3,33,107,0,143,34,0,34,177
04/03/2009,SBP,CA,AWP,WE,Federal Contract Tower,3,23,13,0,39,0,11,91,4,106,3,34,104,4,145,54,2,56,201
04/04/2009,SBP,CA,AWP,WE,Federal Contract Tower,3,15,9,0,27,0,3,191,0,194,3,18,200,0,221,66,0,66,287
04/05/2009,SBP,CA,AWP,WE,Federal Contract Tower,3,16,11,0,30,0,1,160,0,161,3,17,171,0,191,54,0,54,245
04/06/2009,SBP,CA,AWP,WE,Federal Contract Tower,3,23,17,0,43,0,5,108,0,113,3,28,125,0,156,136,0,136,292
04/07/2009,SBP,CA,AWP,WE,Federal Contract Tower,3,21,15,0,39,0,2,21,0,23,3,23,36,0,62,32,0,32,94
04/08/2009,SBP,CA,AWP,WE,Federal Contract Tower,3,24,15,0,42,0,15,51,6,72,3,39,66,6,114,108,0,108,222
04/09/2009,SBP,CA,AWP,WE,Federal Contract Tower,3,22,22,2,49,0,11,70,2,83,3,33,92,4,132,170,0,170,302
04/10/2009,SBP,CA,AWP,WE,Federal Contract Tower,3,28,26,0,57,0,3,75,2,80,3,31,101,2,137,80,0,80,217
04/11/2009,SBP,CA,AWP,WE,Federal Contract Tower,3,14,17,0,34,0,5,103,0,108,3,19,120,0,142,88,0,88,230
04/12/2009,SBP,CA,AWP,WE,Federal Contract Tower,3,19,14,0,36,0,2,113,0,115,3,21,127,0,151,26,0,26,177
04/13/2009,SBP,CA,AWP,WE,Federal Contract Tower,3,24,13,0,40,0,6,85,0,91,3,30,98,0,131,74,0,74,205
04/14/2009,SBP,CA,AWP,WE,Federal Contract Tower,3,22,11,3,39,0,6,48,3,57,3,28,59,6,96,42,0,42,138
04/15/2009,SBP,CA,AWP,WE,Federal Contract Tower,3,27,5,0,35,0,2,66,0,68,3,29,71,0,103,80,0,80,183
04/16/2009,SBP,CA,AWP,WE,Federal Contract Tower,3,25,8,0,36,0,7,101,0,108,3,32,109,0,144,96,0,96,240
04/17/2009,SBP,CA,AWP,WE,Federal Contract Tower,3,25,20,0,48,0,2,139,0,141,3,27,159,0,189,160,0,160,349
04/18/2009,SBP,CA,AWP,WE,Federal Contract Tower,3,18,12,0,33,0,0,150,4,154,3,18,162,4,187,100,0,100,287
04/19/2009,SBP,CA,AWP,WE,Federal Contract Tower,3,18,18,0,39,0,0,155,0,155,3,18,173,0,194,36,0,36,230
04/20/2009,SBP,CA,AWP,WE,Federal Contract Tower,3,26,14,2,45,0,3,104,0,107,3,29,118,2,152,46,0,46,198
04/21/2009,SBP,CA,AWP,WE,Federal Contract Tower,3,20,10,0,33,0,4,113,0,117,3,24,123,0,150,62,0,62,212
04/22/2009,SBP,CA,AWP,WE,Federal Contract Tower,3,26,28,2,59,0,1,81,0,82,3,27,109,2,141,74,0,74,215
04/23/2009,SBP,CA,AWP,WE,Federal Contract Tower,3,25,47,0,75,0,2,15,0,17,3,27,62,0,92,32,0,32,124
04/24/2009,SBP,CA,AWP,WE,Federal Contract Tower,3,24,42,1,70,0,4,74,0,78,3,28,116,1,148,62,0,62,210
04/25/2009,SBP,CA,AWP,WE,Federal Contract Tower,3,13,12,0,28,0,0,108,1,109,3,13,120,1,137,72,0,72,209
04/26/2009,SBP,CA,AWP,WE,Federal Contract Tower,3,29,17,0,49,0,0,123,2,125,3,29,140,2,174,22,0,22,196
04/27/2009,SBP,CA,AWP,WE,Federal Contract Tower,3,22,40,0,65,0,7,55,2,64,3,29,95,2,129,68,0,68,197
04/28/2009,SBP,CA,AWP,WE,Federal Contract Tower,3,20,12,0,35,0,4,56,1,61,3,24,68,1,96,20,0,20,116
04/29/2009,SBP,CA,AWP,WE,Federal Contract Tower,3,24,22,1,50,0,8,84,1,93,3,32,106,2,143,12,0,12,155
04/30/2009,SBP,CA,AWP,WE,Federal Contract Tower,3,26,25,1,55,0,9,115,1,125,3,35,140,2,180,92,0,92,272
05/01/2009,SBP,CA,AWP,WE,Federal Contract Tower,3,23,32,0,58,0,3,72,2,77,3,26,104,2,135,74,0,74,209
05/02/2009,SBP,CA,AWP,WE,Federal Contract Tower,3,14,19,0,36,0,2,72,0,74,3,16,91,0,110,62,0,62,172
05/03/2009,SBP,CA,AWP,WE,Federal Contract Tower,3,15,22,0,40,0,2,87,0,89,3,17,109,0,129,24,0,24,153
05/04/2009,SBP,CA,AWP,WE,Federal Contract Tower,2,26,26,0,54,0,3,105,5,113,2,29,131,5,167,68,10,78,245
05/05/2009,SBP,CA,AWP,WE,Federal Contract Tower,3,21,27,0,51,0,4,65,6,75,3,25,92,6,126,24,0,24,150
05/06/2009,SBP,CA,AWP,WE,Federal Contract Tower,3,24,18,0,45,0,8,96,2,106,3,32,114,2,151,32,0,32,183
05/07/2009,SBP,CA,AWP,WE,Federal Contract Tower,3,20,8,0,31,0,6,83,4,93,3,26,91,4,124,0,0,0,124
05/08/2009,SBP,CA,AWP,WE,Federal Contract Tower,3,25,23,1,52,0,5,161,1,167,3,30,184,2,219,82,0,82,301
05/09/2009,SBP,CA,AWP,WE,Federal Contract Tower,3,16,19,2,40,0,5,117,0,122,3,21,136,2,162,58,0,58,220
05/10/2009,SBP,CA,AWP,WE,Federal Contract Tower,3,17,15,0,35,0,1,110,0,111,3,18,125,0,146,60,0,60,206
05/11/2009,SBP,CA,AWP,WE,Federal Contract Tower,3,23,7,0,33,0,4,105,0,109,3,27,112,0,142,106,0,106,248
05/12/2009,SBP,CA,AWP,WE,Federal Contract Tower,3,21,15,0,39,0,2,107,0,109,3,23,122,0,148,110,0,110,258
05/13/2009,SBP,CA,AWP,WE,Federal Contract Tower,3,25,17,0,45,0,4,100,2,106,3,29,117,2,151,86,0,86,237
05/14/2009,SBP,CA,AWP,WE,Federal Contract Tower,3,22,13,0,38,0,8,116,0,124,3,30,129,0,162,60,0,60,222
05/15/2009,SBP,CA,AWP,WE,Federal Contract Tower,3,21,20,0,44,0,3,126,0,129,3,24,146,0,173,106,0,106,279
05/16/2009,SBP,CA,AWP,WE,Federal Contract Tower,3,15,17,1,36,0,4,144,1,149,3,19,161,2,185,94,0,94,279
05/17/2009,SBP,CA,AWP,WE,Federal Contract Tower,3,18,16,0,37,0,1,127,0,128,3,19,143,0,165,86,0,86,251
05/18/2009,SBP,CA,AWP,WE,Federal Contract Tower,3,30,20,0,53,0,13,78,0,91,3,43,98,0,144,130,0,130,274
05/19/2009,SBP,CA,AWP,WE,Federal Contract Tower,3,25,16,0,44,0,4,66,0,70,3,29,82,0,114,64,0,64,178
05/20/2009,SBP,CA,AWP,WE,Federal Contract Tower,3,27,23,0,53,0,1,102,0,103,3,28,125,0,156,144,0,144,300
05/21/2009,SBP,CA,AWP,WE,Federal Contract Tower,3,25,34,2,64,0,1,116,0,117,3,26,150,2,181,142,0,142,323
05/22/2009,SBP,CA,AWP,WE,Federal Contract Tower,3,27,31,2,63,0,9,131,0,140,3,36,162,2,203,104,0,104,307
05/23/2009,SBP,CA,AWP,WE,Federal Contract Tower,3,13,22,0,38,0,2,90,0,92,3,15,112,0,130,102,0,102,232
05/24/2009,SBP,CA,AWP,WE,Federal Contract Tower,3,12,20,0,35,0,4,128,0,132,3,16,148,0,167,96,0,96,263
05/25/2009,SBP,CA,AWP,WE,Federal Contract Tower,3,18,29,0,50,0,2,125,0,127,3,20,154,0,177,124,0,124,301
05/26/2009,SBP,CA,AWP,WE,Federal Contract Tower,3,20,17,0,40,0,8,105,0,113,3,28,122,0,153,176,0,176,329
05/27/2009,SBP,CA,AWP,WE,Federal Contract Tower,3,24,21,0,48,0,3,66,0,69,3,27,87,0,117,96,0,96,213
05/28/2009,SBP,CA,AWP,WE,Federal Contract Tower,3,30,45,0,78,0,0,61,0,61,3,30,106,0,139,70,0,70,209
05/29/2009,SBP,CA,AWP,WE,Federal Contract Tower,3,27,44,0,74,0,5,67,0,72,3,32,111,0,146,102,0,102,248
05/30/2009,SBP,CA,AWP,WE,Federal Contract Tower,3,15,22,0,40,0,1,72,0,73,3,16,94,0,113,148,0,148,261
05/31/2009,SBP,CA,AWP,WE,Federal Contract Tower,1,19,37,0,57,0,1,102,0,103,1,20,139,0,160,88,0,88,248
06/01/2009,SBP,CA,AWP,WE,Federal Contract Tower,3,24,29,0,56,0,1,58,0,59,3,25,87,0,115,102,0,102,217
06/02/2009,SBP,CA,AWP,WE,Federal Contract Tower,3,25,15,0,43,0,4,44,0,48,3,29,59,0,91,58,0,58,149
06/03/2009,SBP,CA,AWP,WE,Federal Contract Tower,3,27,35,2,67,0,12,81,2,95,3,39,116,4,162,98,0,98,260
06/04/2009,SBP,CA,AWP,WE,Federal Contract Tower,3,27,22,0,52,0,4,118,2,124,3,31,140,2,176,96,0,96,272
06/05/2009,SBP,CA,AWP,WE,Federal Contract Tower,3,27,22,0,52,0,2,24,2,28,3,29,46,2,80,18,0,18,98
06/06/2009,SBP,CA,AWP,WE,Federal Contract Tower,5,22,13,2,42,0,1,86,1,88,5,23,99,3,130,80,0,80,210
06/07/2009,SBP,CA,AWP,WE,Federal Contract Tower,3,18,22,0,43,0,0,124,0,124,3,18,146,0,167,76,0,76,243
06/08/2009,SBP,CA,AWP,WE,Federal Contract Tower,3,23,14,0,40,0,4,65,0,69,3,27,79,0,109,70,0,70,179
06/09/2009,SBP,CA,AWP,WE,Federal Contract Tower,3,27,26,0,56,0,6,56,0,62,3,33,82,0,118,180,0,180,298
06/10/2009,SBP,CA,AWP,WE,Federal Contract Tower,3,32,35,0,70,0,10,65,0,75,3,42,100,0,145,132,0,132,277
06/11/2009,SBP,CA,AWP,WE,Federal Contract Tower,3,29,41,1,74,0,7,90,1,98,3,36,131,2,172,40,0,40,212
06/12/2009,SBP,CA,AWP,WE,Federal Contract Tower,3,25,32,4,64,0,2,96,0,98,3,27,128,4,162,52,0,52,214
06/13/2009,SBP,CA,AWP,WE,Federal Contract Tower,3,17,35,0,55,0,0,116,0,116,3,17,151,0,171,46,0,46,217
06/14/2009,SBP,CA,AWP,WE,Federal Contract Tower,3,20,16,0,39,0,0,127,0,127,3,20,143,0,166,28,0,28,194
06/15/2009,SBP,CA,AWP,WE,Federal Contract Tower,3,25,17,0,45,0,1,93,0,94,3,26,110,0,139,96,0,96,235
06/16/2009,SBP,CA,AWP,WE,Federal Contract Tower,3,28,20,0,51,0,2,98,0,100,3,30,118,0,151,80,0,80,231
06/17/2009,SBP,CA,AWP,WE,Federal Contract Tower,3,30,23,2,58,0,2,81,0,83,3,32,104,2,141,114,0,114,255
06/18/2009,SBP,CA,AWP,WE,Federal Contract Tower,3,28,31,0,62,0,7,143,0,150,3,35,174,0,212,56,0,56,268
06/19/2009,SBP,CA,AWP,WE,Federal Contract Tower,3,32,20,2,57,0,13,126,0,139,3,45,146,2,196,158,0,158,354
06/20/2009,SBP,CA,AWP,WE,Federal Contract Tower,5,25,49,0,79,0,0,34,0,34,5,25,83,0,113,60,6,66,179
06/21/2009,SBP,CA,AWP,WE,Federal Contract Tower,3,26,21,0,50,0,0,135,0,135,3,26,156,0,185,22,0,22,207
06/22/2009,SBP,CA,AWP,WE,Federal Contract Tower,3,23,19,0,45,0,9,130,0,139,3,32,149,0,184,72,0,72,256
06/23/2009,SBP,CA,AWP,WE,Federal Contract Tower,3,18,23,1,45,0,5,108,0,113,3,23,131,1,158,84,0,84,242
06/24/2009,SBP,CA,AWP,WE,Federal Contract Tower,3,31,31,0,65,0,9,80,0,89,3,40,111,0,154,84,0,84,238
06/25/2009,SBP,CA,AWP,WE,Federal Contract Tower,4,27,20,0,51,0,6,109,0,115,4,33,129,0,166,100,0,100,266
06/26/2009,SBP,CA,AWP,WE,Federal Contract Tower,5,34,19,0,58,0,5,132,0,137,5,39,151,0,195,138,0,138,333
06/27/2009,SBP,CA,AWP,WE,Federal Contract Tower,5,18,10,0,33,0,1,131,0,132,5,19,141,0,165,54,0,54,219
06/28/2009,SBP,CA,AWP,WE,Federal Contract Tower,3,20,23,0,46,0,0,169,0,169,3,20,192,0,215,74,0,74,289
06/29/2009,SBP,CA,AWP,WE,Federal Contract Tower,3,29,26,0,58,0,6,63,0,69,3,35,89,0,127,62,0,62,189
06/30/2009,SBP,CA,AWP,WE,Federal Contract Tower,3,29,23,0,55,0,1,86,0,87,3,30,109,0,142,52,0,52,194
07/01/2009,SBP,CA,AWP,WE,Federal Contract Tower,3,27,23,0,53,0,9,125,0,134,3,36,148,0,187,120,0,120,307
07/02/2009,SBP,CA,AWP,WE,Federal Contract Tower,3,23,20,1,47,0,6,144,1,151,3,29,164,2,198,226,0,226,424
07/03/2009,SBP,CA,AWP,WE,Federal Contract Tower,3,19,18,0,40,0,3,137,0,140,3,22,155,0,180,182,0,182,362
07/04/2009,SBP,CA,AWP,WE,Federal Contract Tower,3,13,17,0,33,0,0,72,0,72,3,13,89,0,105,84,0,84,189
07/05/2009,SBP,CA,AWP,WE,Federal Contract Tower,5,17,21,0,43,0,0,133,0,133,5,17,154,0,176,20,0,20,196
07/06/2009,SBP,CA,AWP,WE,Federal Contract Tower,3,23,19,0,45,0,11,114,2,127,3,34,133,2,172,102,0,102,274
07/07/2009,SBP,CA,AWP,WE,Federal Contract Tower,3,25,6,1,35,0,10,127,0,137,3,35,133,1,172,126,2,128,300
07/08/2009,SBP,CA,AWP,WE,Federal Contract Tower,3,28,13,0,44,0,14,19,0,33,3,42,32,0,77,120,0,120,197
07/09/2009,SBP,CA,AWP,WE,Federal Contract Tower,3,24,13,2,42,0,8,143,0,151,3,32,156,2,193,132,0,132,325
07/10/2009,SBP,CA,AWP,WE,Federal Contract Tower,1,29,21,0,51,0,7,183,1,191,1,36,204,1,242,146,0,146,388
07/11/2009,SBP,CA,AWP,WE,Federal Contract Tower,3,21,22,0,46,0,0,155,0,155,3,21,177,0,201,96,0,96,297
07/12/2009,SBP,CA,AWP,WE,Federal Contract Tower,3,21,12,0,36,0,0,146,0,146,3,21,158,0,182,58,0,58,240
07/13/2009,SBP,CA,AWP,WE,Federal Contract Tower,3,24,13,0,40,0,8,107,0,115,3,32,120,0,155,82,0,82,237
07/14/2009,SBP,CA,AWP,WE,Federal Contract Tower,3,25,17,0,45,0,9,125,4,138,3,34,142,4,183,118,0,118,301
07/15/2009,SBP,CA,AWP,WE,Federal Contract Tower,3,23,23,0,49,0,6,108,0,114,3,29,131,0,163,54,0,54,217
07/16/2009,SBP,CA,AWP,WE,Federal Contract Tower,3,29,16,1,49,0,3,131,3,137,3,32,147,4,186,84,0,84,270
07/17/2009,SBP,CA,AWP,WE,Federal Contract Tower,1,30,24,0,55,0,0,158,0,158,1,30,182,0,213,32,0,32,245
07/18/2009,SBP,CA,AWP,WE,Federal Contract Tower,3,14,26,0,43,0,2,137,0,139,3,16,163,0,182,110,0,110,292
07/19/2009,SBP,CA,AWP,WE,Federal Contract Tower,3,20,12,0,35,0,0,128,0,128,3,20,140,0,163,24,0,24,187
07/20/2009,SBP,CA,AWP,WE,Federal Contract Tower,3,26,22,0,51,0,5,92,0,97,3,31,114,0,148,104,0,104,252
07/21/2009,SBP,CA,AWP,WE,Federal Contract Tower,2,29,21,0,52,0,6,101,0,107,2,35,122,0,159,66,0,66,225
07/22/2009,SBP,CA,AWP,WE,Federal Contract Tower,3,17,28,2,50,0,7,140,1,148,3,24,168,3,198,138,4,142,340
07/23/2009,SBP,CA,AWP,WE,Federal Contract Tower,4,36,30,2,72,0,0,106,0,106,4,36,136,2,178,102,0,102,280
07/24/2009,SBP,CA,AWP,WE,Federal Contract Tower,3,26,18,4,51,0,13,143,3,159,3,39,161,7,210,160,0,160,370
07/25/2009,SBP,CA,AWP,WE,Federal Contract Tower,3,19,21,0,43,0,2,148,0,150,3,21,169,0,193,32,0,32,225
07/26/2009,SBP,CA,AWP,WE,Federal Contract Tower,3,19,20,0,42,0,8,150,0,158,3,27,170,0,200,6,0,6,206
07/27/2009,SBP,CA,AWP,WE,Federal Contract Tower,3,22,15,0,40,0,13,103,2,118,3,35,118,2,158,192,0,192,350
07/28/2009,SBP,CA,AWP,WE,Federal Contract Tower,4,28,25,0,57,0,4,89,0,93,4,32,114,0,150,144,0,144,294
07/29/2009,SBP,CA,AWP,WE,Federal Contract Tower,5,26,32,0,63,0,6,90,0,96,5,32,122,0,159,104,0,104,263
07/30/2009,SBP,CA,AWP,WE,Federal Contract Tower,6,30,25,0,61,0,15,95,0,110,6,45,120,0,171,144,0,144,315
07/31/2009,SBP,CA,AWP,WE,Federal Contract Tower,16,27,18,4,65,0,4,106,0,110,16,31,124,4,175,128,0,128,303
08/01/2009,SBP,CA,AWP,WE,Federal Contract Tower,3,18,23,0,44,0,0,141,0,141,3,18,164,0,185,100,0,100,285
08/02/2009,SBP,CA,AWP,WE,Federal Contract Tower,5,18,25,0,48,0,2,107,4,113,5,20,132,4,161,48,0,48,209
08/03/2009,SBP,CA,AWP,WE,Federal Contract Tower,3,27,26,1,57,0,11,126,1,138,3,38,152,2,195,206,0,206,401
08/04/2009,SBP,CA,AWP,WE,Federal Contract Tower,3,27,11,0,41,0,15,113,0,128,3,42,124,0,169,156,0,156,325
08/05/2009,SBP,CA,AWP,WE,Federal Contract Tower,3,27,15,0,45,0,14,71,0,85,3,41,86,0,130,82,0,82,212
08/06/2009,SBP,CA,AWP,WE,Federal Contract Tower,7,28,22,2,59,0,3,99,0,102,7,31,121,2,161,152,0,152,313
08/07/2009,SBP,CA,AWP,WE,Federal Contract Tower,3,27,12,0,42,0,7,102,0,109,3,34,114,0,151,152,0,152,303
08/08/2009,SBP,CA,AWP,WE,Federal Contract Tower,3,15,11,0,29,0,0,153,0,153,3,15,164,0,182,180,0,180,362
08/09/2009,SBP,CA,AWP,WE,Federal Contract Tower,3,21,27,0,51,0,4,171,0,175,3,25,198,0,226,130,0,130,356
08/10/2009,SBP,CA,AWP,WE,Federal Contract Tower,3,32,28,3,66,0,6,84,0,90,3,38,112,3,156,204,0,204,360
08/11/2009,SBP,CA,AWP,WE,Federal Contract Tower,3,31,26,0,60,0,8,63,0,71,3,39,89,0,131,134,0,134,265
08/12/2009,SBP,CA,AWP,WE,Federal Contract Tower,3,36,13,0,52,0,22,100,2,124,3,58,113,2,176,100,0,100,276
08/13/2009,SBP,CA,AWP,WE,Federal Contract Tower,3,31,14,5,53,0,133,191,0,324,3,164,205,5,377,74,0,74,451
08/14/2009,SBP,CA,AWP,WE,Federal Contract Tower,3,26,21,0,50,0,20,131,2,153,3,46,152,2,203,142,0,142,345
08/15/2009,SBP,CA,AWP,WE,Federal Contract Tower,3,15,19,3,40,0,0,105,2,107,3,15,124,5,147,100,0,100,247
08/16/2009,SBP,CA,AWP,WE,Federal Contract Tower,3,18,27,0,48,0,0,126,0,126,3,18,153,0,174,18,0,18,192
08/17/2009,SBP,CA,AWP,WE,Federal Contract Tower,3,27,30,0,60,0,3,92,0,95,3,30,122,0,155,172,0,172,327
08/18/2009,SBP,CA,AWP,WE,Federal Contract Tower,3,30,27,0,60,0,11,88,2,101,3,41,115,2,161,214,0,214,375
08/19/2009,SBP,CA,AWP,WE,Federal Contract Tower,3,30,44,0,77,0,1,103,0,104,3,31,147,0,181,132,0,132,313
08/20/2009,SBP,CA,AWP,WE,Federal Contract Tower,3,28,25,0,56,0,3,75,0,78,3,31,100,0,134,64,0,64,198
08/21/2009,SBP,CA,AWP,WE,Federal Contract Tower,3,30,21,0,54,0,4,146,0,150,3,34,167,0,204,60,0,60,264
08/22/2009,SBP,CA,AWP,WE,Federal Contract Tower,3,17,15,0,35,0,6,102,0,108,3,23,117,0,143,126,0,126,269
08/23/2009,SBP,CA,AWP,WE,Federal Contract Tower,3,18,26,0,47,0,0,134,0,134,3,18,160,0,181,72,0,72,253
08/24/2009,SBP,CA,AWP,WE,Federal Contract Tower,3,27,26,0,56,0,11,79,0,90,3,38,105,0,146,48,0,48,194
08/25/2009,SBP,CA,AWP,WE,Federal Contract Tower,3,30,24,1,58,0,4,107,0,111,3,34,131,1,169,52,6,58,227
08/26/2009,SBP,CA,AWP,WE,Federal Contract Tower,3,29,17,0,49,0,4,106,0,110,3,33,123,0,159,178,0,178,337
08/27/2009,SBP,CA,AWP,WE,Federal Contract Tower,5,26,6,0,37,0,10,129,2,141,5,36,135,2,178,118,0,118,296
08/28/2009,SBP,CA,AWP,WE,Federal Contract Tower,3,27,13,1,44,3,143,6,0,152,6,170,19,1,196,50,0,50,246
08/29/2009,SBP,CA,AWP,WE,Federal Contract Tower,3,18,9,0,30,0,2,125,6,133,3,20,134,6,163,42,0,42,205
08/30/2009,SBP,CA,AWP,WE,Federal Contract Tower,3,17,12,0,32,0,0,149,0,149,3,17,161,0,181,28,0,28,209
08/31/2009,SBP,CA,AWP,WE,Federal Contract Tower,3,24,17,0,44,0,1,108,0,109,3,25,125,0,153,84,0,84,237
09/01/2009,SBP,CA,AWP,WE,Federal Contract Tower,3,32,15,0,50,0,8,100,0,108,3,40,115,0,158,86,0,86,244
09/02/2009,SBP,CA,AWP,WE,Federal Contract Tower,3,24,17,0,44,0,21,85,2,108,3,45,102,2,152,50,0,50,202
09/03/2009,SBP,CA,AWP,WE,Federal Contract Tower,3,26,14,0,43,0,14,111,0,125,3,40,125,0,168,0,32,32,200
09/04/2009,SBP,CA,AWP,WE,Federal Contract Tower,3,22,19,0,44,0,8,122,2,132,3,30,141,2,176,124,0,124,300
09/05/2009,SBP,CA,AWP,WE,Federal Contract Tower,3,16,11,0,30,0,0,100,0,100,3,16,111,0,130,54,0,54,184
09/06/2009,SBP,CA,AWP,WE,Federal Contract Tower,2,12,6,0,20,0,0,104,0,104,2,12,110,0,124,40,0,40,164
09/07/2009,SBP,CA,AWP,WE,Federal Contract Tower,3,22,20,0,45,0,3,157,0,160,3,25,177,0,205,36,0,36,241
09/08/2009,SBP,CA,AWP,WE,Federal Contract Tower,3,27,11,0,41,0,15,145,0,160,3,42,156,0,201,74,0,74,275
09/09/2009,SBP,CA,AWP,WE,Federal Contract Tower,3,33,17,0,53,0,8,120,4,132,3,41,137,4,185,112,0,112,297
09/10/2009,SBP,CA,AWP,WE,Federal Contract Tower,3,25,17,0,45,0,7,150,0,157,3,32,167,0,202,96,0,96,298
09/11/2009,SBP,CA,AWP,WE,Federal Contract Tower,3,28,21,0,52,0,19,136,0,155,3,47,157,0,207,52,0,52,259
09/12/2009,SBP,CA,AWP,WE,Federal Contract Tower,4,14,26,0,44,0,0,87,0,87,4,14,113,0,131,24,0,24,155
09/13/2009,SBP,CA,AWP,WE,Federal Contract Tower,3,18,21,0,42,0,0,78,0,78,3,18,99,0,120,38,0,38,158
09/14/2009,SBP,CA,AWP,WE,Federal Contract Tower,3,28,21,0,52,0,11,62,0,73,3,39,83,0,125,38,0,38,163
09/15/2009,SBP,CA,AWP,WE,Federal Contract Tower,3,24,7,0,34,0,6,86,1,93,3,30,93,1,127,38,0,38,165
09/16/2009,SBP,CA,AWP,WE,Federal Contract Tower,5,27,15,0,47,0,7,125,3,135,5,34,140,3,182,58,0,58,240
09/17/2009,SBP,CA,AWP,WE,Federal Contract Tower,3,24,19,0,46,0,12,98,0,110,3,36,117,0,156,104,0,104,260
09/18/2009,SBP,CA,AWP,WE,Federal Contract Tower,3,25,23,0,51,0,17,153,0,170,3,42,176,0,221,88,0,88,309
09/19/2009,SBP,CA,AWP,WE,Federal Contract Tower,4,21,13,0,38,0,8,98,0,106,4,29,111,0,144,56,0,56,200
09/20/2009,SBP,CA,AWP,WE,Federal Contract Tower,3,17,12,0,32,0,0,126,0,126,3,17,138,0,158,32,0,32,190
09/21/2009,SBP,CA,AWP,WE,Federal Contract Tower,3,27,25,2,57,0,1,76,2,79,3,28,101,4,136,74,0,74,210
09/22/2009,SBP,CA,AWP,WE,Federal Contract Tower,3,27,21,0,51,0,3,106,0,109,3,30,127,0,160,98,0,98,258
09/23/2009,SBP,CA,AWP,WE,Federal Contract Tower,3,28,29,3,63,0,14,129,2,145,3,42,158,5,208,38,0,38,246
09/24/2009,SBP,CA,AWP,WE,Federal Contract Tower,3,28,21,0,52,0,9,128,0,137,3,37,149,0,189,116,0,116,305
09/25/2009,SBP,CA,AWP,WE,Federal Contract Tower,3,27,18,0,48,0,3,141,6,150,3,30,159,6,198,86,0,86,284
09/26/2009,SBP,CA,AWP,WE,Federal Contract Tower,4,17,11,0,32,0,10,161,0,171,4,27,172,0,203,76,0,76,279
09/27/2009,SBP,CA,AWP,WE,Federal Contract Tower,3,16,17,0,36,0,1,163,0,164,3,17,180,0,200,22,0,22,222
09/28/2009,SBP,CA,AWP,WE,Federal Contract Tower,3,26,27,0,56,0,1,56,0,57,3,27,83,0,113,42,0,42,155
09/29/2009,SBP,CA,AWP,WE,Federal Contract Tower,3,28,28,0,59,0,10,87,0,97,3,38,115,0,156,40,0,40,196
09/30/2009,SBP,CA,AWP,WE,Federal Contract Tower,3,25,14,0,42,0,15,81,2,98,3,40,95,2,140,32,0,32,172
10/01/2009,SBP,CA,AWP,WE,Federal Contract Tower,3,25,11,2,41,0,19,99,1,119,3,44,110,3,160,58,0,58,218
10/02/2009,SBP,CA,AWP,WE,Federal Contract Tower,3,31,15,0,49,0,16,133,0,149,3,47,148,0,198,148,0,148,346
10/03/2009,SBP,CA,AWP,WE,Federal Contract Tower,4,16,27,0,47,0,4,94,0,98,4,20,121,0,145,90,0,90,235
10/04/2009,SBP,CA,AWP,WE,Federal Contract Tower,3,21,20,0,44,0,0,102,0,102,3,21,122,0,146,16,0,16,162
10/05/2009,SBP,CA,AWP,WE,Federal Contract Tower,3,21,15,0,39,0,8,101,0,109,3,29,116,0,148,116,0,116,264
10/06/2009,SBP,CA,AWP,WE,Federal Contract Tower,5,23,21,0,49,0,5,83,0,88,5,28,104,0,137,52,0,52,189
10/07/2009,SBP,CA,AWP,WE,Federal Contract Tower,4,25,16,0,45,0,17,90,0,107,4,42,106,0,152,94,0,94,246
10/08/2009,SBP,CA,AWP,WE,Federal Contract Tower,3,29,35,0,67,0,5,71,0,76,3,34,106,0,143,64,0,64,207
10/09/2009,SBP,CA,AWP,WE,Federal Contract Tower,3,27,18,0,48,0,6,83,0,89,3,33,101,0,137,184,0,184,321
10/10/2009,SBP,CA,AWP,WE,Federal Contract Tower,4,16,22,3,45,0,2,113,1,116,4,18,135,4,161,66,0,66,227
10/11/2009,SBP,CA,AWP,WE,Federal Contract Tower,3,15,29,0,47,0,8,105,0,113,3,23,134,0,160,92,0,92,252
10/12/2009,SBP,CA,AWP,WE,Federal Contract Tower,3,27,27,0,57,0,17,72,0,89,3,44,99,0,146,56,0,56,202
10/13/2009,SBP,CA,AWP,WE,Federal Contract Tower,3,26,11,0,40,0,0,0,0,0,3,26,11,0,40,0,0,0,40
10/14/2009,SBP,CA,AWP,WE,Federal Contract Tower,3,23,34,0,60,0,1,7,0,8,3,24,41,0,68,0,0,0,68
10/15/2009,SBP,CA,AWP,WE,Federal Contract Tower,3,24,12,0,39,0,9,51,0,60,3,33,63,0,99,118,0,118,217
10/16/2009,SBP,CA,AWP,WE,Federal Contract Tower,5,24,26,0,55,0,15,110,0,125,5,39,136,0,180,110,0,110,290
10/17/2009,SBP,CA,AWP,WE,Federal Contract Tower,4,14,9,0,27,0,24,148,0,172,4,38,157,0,199,170,0,170,369
10/18/2009,SBP,CA,AWP,WE,Federal Contract Tower,3,16,31,0,50,0,11,151,2,164,3,27,182,2,214,58,0,58,272
10/19/2009,SBP,CA,AWP,WE,Federal Contract Tower,3,21,19,2,45,0,4,53,2,59,3,25,72,4,104,100,0,100,204
10/20/2009,SBP,CA,AWP,WE,Federal Contract Tower,3,24,10,1,38,0,5,87,1,93,3,29,97,2,131,50,0,50,181
10/21/2009,SBP,CA,AWP,WE,Federal Contract Tower,3,27,16,0,46,0,3,94,0,97,3,30,110,0,143,102,0,102,245
10/22/2009,SBP,CA,AWP,WE,Federal Contract Tower,3,28,21,1,53,0,15,126,1,142,3,43,147,2,195,186,0,186,381
10/23/2009,SBP,CA,AWP,WE,Federal Contract Tower,3,29,17,1,50,0,9,110,1,120,3,38,127,2,170,130,0,130,300
10/24/2009,SBP,CA,AWP,WE,Federal Contract Tower,4,17,16,0,37,0,12,139,0,151,4,29,155,0,188,102,0,102,290
10/25/2009,SBP,CA,AWP,WE,Federal Contract Tower,3,19,29,0,51,0,0,134,0,134,3,19,163,0,185,44,0,44,229
10/26/2009,SBP,CA,AWP,WE,Federal Contract Tower,3,22,9,0,34,0,5,97,0,102,3,27,106,0,136,120,0,120,256
10/27/2009,SBP,CA,AWP,WE,Federal Contract Tower,3,24,10,0,37,0,0,42,0,42,3,24,52,0,79,0,0,0,79
10/28/2009,SBP,CA,AWP,WE,Federal Contract Tower,3,25,9,1,38,0,10,45,1,56,3,35,54,2,94,8,0,8,102
10/29/2009,SBP,CA,AWP,WE,Federal Contract Tower,3,28,8,2,41,0,26,102,2,130,3,54,110,4,171,156,0,156,327
10/30/2009,SBP,CA,AWP,WE,Federal Contract Tower,3,24,19,0,46,0,13,130,16,159,3,37,149,16,205,182,0,182,387
10/31/2009,SBP,CA,AWP,WE,Federal Contract Tower,4,17,12,0,33,0,7,136,0,143,4,24,148,0,176,142,0,142,318
11/01/2009,SBP,CA,AWP,WE,Federal Contract Tower,5,18,16,0,39,0,5,123,2,130,5,23,139,2,169,36,0,36,205
11/02/2009,SBP,CA,AWP,WE,Federal Contract Tower,3,27,19,0,49,0,11,91,0,102,3,38,110,0,151,64,0,64,215
11/03/2009,SBP,CA,AWP,WE,Federal Contract Tower,5,22,15,0,42,10,96,2,0,108,15,118,17,0,150,102,6,108,258
11/04/2009,SBP,CA,AWP,WE,Federal Contract Tower,3,35,21,2,61,0,3,33,0,36,3,38,54,2,97,68,0,68,165
11/05/2009,SBP,CA,AWP,WE,Federal Contract Tower,5,26,21,3,55,0,10,106,2,118,5,36,127,5,173,152,0,152,325
11/06/2009,SBP,CA,AWP,WE,Federal Contract Tower,3,32,29,0,64,0,14,168,0,182,3,46,197,0,246,130,0,130,376
11/07/2009,SBP,CA,AWP,WE,Federal Contract Tower,4,19,18,0,41,0,4,141,0,145,4,23,159,0,186,112,0,112,298
11/08/2009,SBP,CA,AWP,WE,Federal Contract Tower,5,17,19,0,41,0,3,117,2,122,5,20,136,2,163,100,0,100,263
11/09/2009,SBP,CA,AWP,WE,Federal Contract Tower,3,23,12,1,39,0,13,101,2,116,3,36,113,3,155,120,0,120,275
11/10/2009,SBP,CA,AWP,WE,Federal Contract Tower,3,30,18,0,51,0,2,114,0,116,3,32,132,0,167,114,0,114,281
11/11/2009,SBP,CA,AWP,WE,Federal Contract Tower,3,27,15,0,45,0,4,109,0,113,3,31,124,0,158,120,0,120,278
11/12/2009,SBP,CA,AWP,WE,Federal Contract Tower,3,31,26,0,60,0,11,71,0,82,3,42,97,0,142,114,0,114,256
11/13/2009,SBP,CA,AWP,WE,Federal Contract Tower,3,30,23,0,56,0,18,129,0,147,3,48,152,0,203,138,0,138,341
11/14/2009,SBP,CA,AWP,WE,Federal Contract Tower,4,19,14,0,37,0,3,124,0,127,4,22,138,0,164,84,0,84,248
11/15/2009,SBP,CA,AWP,WE,Federal Contract Tower,5,16,26,0,47,0,1,126,0,127,5,17,152,0,174,54,0,54,228
11/16/2009,SBP,CA,AWP,WE,Federal Contract Tower,3,24,24,0,51,0,10,105,2,117,3,34,129,2,168,126,0,126,294
11/17/2009,SBP,CA,AWP,WE,Federal Contract Tower,3,29,16,0,48,0,24,114,0,138,3,53,130,0,186,0,128,128,314
11/18/2009,SBP,CA,AWP,WE,Federal Contract Tower,3,31,28,0,62,0,8,83,0,91,3,39,111,0,153,46,0,46,199
11/19/2009,SBP,CA,AWP,WE,Federal Contract Tower,3,26,20,0,49,0,5,123,2,130,3,31,143,2,179,96,0,96,275
11/20/2009,SBP,CA,AWP,WE,Federal Contract Tower,3,29,25,2,59,0,6,65,1,72,3,35,90,3,131,130,0,130,261
11/21/2009,SBP,CA,AWP,WE,Federal Contract Tower,4,16,11,0,31,0,0,101,0,101,4,16,112,0,132,44,0,44,176
11/22/2009,SBP,CA,AWP,WE,Federal Contract Tower,5,16,25,0,46,0,0,85,0,85,5,16,110,0,131,98,0,98,229
11/23/2009,SBP,CA,AWP,WE,Federal Contract Tower,3,26,9,2,40,0,15,84,0,99,3,41,93,2,139,32,0,32,171
11/24/2009,SBP,CA,AWP,WE,Federal Contract Tower,3,29,18,0,50,0,23,112,0,135,3,52,130,0,185,200,0,200,385
11/25/2009,SBP,CA,AWP,WE,Federal Contract Tower,3,29,25,0,57,0,14,176,0,190,3,43,201,0,247,116,0,116,363
11/26/2009,SBP,CA,AWP,WE,Federal Contract Tower,2,11,6,0,19,0,2,79,0,81,2,13,85,0,100,26,0,26,126
11/27/2009,SBP,CA,AWP,WE,Federal Contract Tower,3,23,42,0,68,0,3,24,0,27,3,26,66,0,95,12,0,12,107
11/28/2009,SBP,CA,AWP,WE,Federal Contract Tower,3,20,13,0,36,0,0,71,0,71,3,20,84,0,107,144,0,144,251
11/29/2009,SBP,CA,AWP,WE,Federal Contract Tower,3,20,21,0,44,0,2,147,2,151,3,22,168,2,195,48,0,48,243
11/30/2009,SBP,CA,AWP,WE,Federal Contract Tower,3,25,11,0,39,0,16,97,0,113,3,41,108,0,152,194,0,194,346
12/01/2009,SBP,CA,AWP,WE,Federal Contract Tower,3,33,19,0,55,0,18,81,0,99,3,51,100,0,154,160,0,160,314
12/02/2009,SBP,CA,AWP,WE,Federal Contract Tower,3,36,27,0,66,0,2,52,0,54,3,38,79,0,120,114,0,114,234
12/03/2009,SBP,CA,AWP,WE,Federal Contract Tower,5,36,26,0,67,0,5,87,0,92,5,41,113,0,159,32,0,32,191
12/04/2009,SBP,CA,AWP,WE,Federal Contract Tower,3,30,16,1,50,0,5,76,1,82,3,35,92,2,132,106,0,106,238
12/05/2009,SBP,CA,AWP,WE,Federal Contract Tower,4,19,37,0,60,0,1,17,0,18,4,20,54,0,78,90,0,90,168
12/06/2009,SBP,CA,AWP,WE,Federal Contract Tower,3,22,21,0,46,0,12,56,0,68,3,34,77,0,114,0,104,104,218
12/07/2009,SBP,CA,AWP,WE,Federal Contract Tower,1,26,14,0,41,0,1,1,0,2,1,27,15,0,43,0,0,0,43
12/08/2009,SBP,CA,AWP,WE,Federal Contract Tower,3,25,17,0,45,0,6,74,0,80,3,31,91,0,125,122,0,122,247
12/09/2009,SBP,CA,AWP,WE,Federal Contract Tower,3,28,10,0,41,0,18,119,0,137,3,46,129,0,178,182,0,182,360
12/10/2009,SBP,CA,AWP,WE,Federal Contract Tower,3,29,28,0,60,0,2,14,0,16,3,31,42,0,76,16,0,16,92
12/11/2009,SBP,CA,AWP,WE,Federal Contract Tower,5,29,25,0,59,0,0,11,2,13,5,29,36,2,72,60,0,60,132
12/12/2009,SBP,CA,AWP,WE,Federal Contract Tower,3,19,12,0,34,0,0,2,0,2,3,19,14,0,36,4,0,4,40
12/13/2009,SBP,CA,AWP,WE,Federal Contract Tower,4,17,27,0,48,0,7,35,0,42,4,24,62,0,90,66,0,66,156
12/14/2009,SBP,CA,AWP,WE,Federal Contract Tower,3,27,9,4,43,0,9,85,4,98,3,36,94,8,141,70,0,70,211
12/15/2009,SBP,CA,AWP,WE,Federal Contract Tower,3,31,24,3,61,0,8,96,0,104,3,39,120,3,165,152,0,152,317
12/16/2009,SBP,CA,AWP,WE,Federal Contract Tower,3,29,14,5,51,0,4,75,1,80,3,33,89,6,131,46,0,46,177
12/17/2009,SBP,CA,AWP,WE,Federal Contract Tower,3,29,15,0,47,0,3,104,0,107,3,32,119,0,154,34,0,34,188
12/18/2009,SBP,CA,AWP,WE,Federal Contract Tower,3,30,19,0,52,0,4,116,0,120,3,34,135,0,172,20,0,20,192
12/19/2009,SBP,CA,AWP,WE,Federal Contract Tower,5,26,20,0,51,0,8,150,0,158,5,34,170,0,209,128,0,128,337
12/20/2009,SBP,CA,AWP,WE,Federal Contract Tower,3,21,16,0,40,0,8,91,0,99,3,29,107,0,139,42,0,42,181
12/21/2009,SBP,CA,AWP,WE,Federal Contract Tower,3,30,19,0,52,0,11,43,0,54,3,41,62,0,106,24,0,24,130
12/22/2009,SBP,CA,AWP,WE,Federal Contract Tower,3,32,11,0,46,0,11,51,1,63,3,43,62,1,109,14,0,14,123
12/23/2009,SBP,CA,AWP,WE,Federal Contract Tower,3,33,10,0,46,0,13,79,0,92,3,46,89,0,138,52,0,52,190
12/24/2009,SBP,CA,AWP,WE,Federal Contract Tower,3,29,15,0,47,0,3,86,0,89,3,32,101,0,136,10,0,10,146
12/25/2009,SBP,CA,AWP,WE,Federal Contract Tower,3,21,4,0,28,0,0,49,0,49,3,21,53,0,77,18,0,18,95
12/26/2009,SBP,CA,AWP,WE,Federal Contract Tower,3,18,27,0,48,0,0,49,0,49,3,18,76,0,97,0,0,0,97
12/27/2009,SBP,CA,AWP,WE,Federal Contract Tower,3,19,20,0,42,0,2,40,0,42,3,21,60,0,84,14,0,14,98
12/28/2009,SBP,CA,AWP,WE,Federal Contract Tower,3,28,17,0,48,0,15,69,0,84,3,43,86,0,132,84,0,84,216
12/29/2009,SBP,CA,AWP,WE,Federal Contract Tower,3,27,12,2,44,0,13,105,2,120,3,40,117,4,164,42,0,42,206
12/30/2009,SBP,CA,AWP,WE,Federal Contract Tower,3,28,12,0,43,0,2,13,0,15,3,30,25,0,58,20,0,20,78
12/31/2009,SBP,CA,AWP,WE,Federal Contract Tower,3,26,24,0,53,0,2,105,0,107,3,28,129,0,160,80,0,80,240
01/01/2010,SBP,CA,AWP,WE,Federal Contract Tower,3,17,7,0,27,0,1,52,0,53,3,18,59,0,80,14,0,14,94
01/02/2010,SBP,CA,AWP,WE,Federal Contract Tower,3,18,21,0,42,0,6,116,0,122,3,24,137,0,164,66,0,66,230
01/03/2010,SBP,CA,AWP,WE,Federal Contract Tower,3,19,21,2,45,0,10,169,2,181,3,29,190,4,226,40,0,40,266
01/04/2010,SBP,CA,AWP,WE,Federal Contract Tower,3,24,14,0,41,0,12,94,0,106,3,36,108,0,147,127,0,127,274
01/05/2010,SBP,CA,AWP,WE,Federal Contract Tower,3,22,8,0,33,0,7,90,0,97,3,29,98,0,130,156,0,156,286
01/06/2010,SBP,CA,AWP,WE,Federal Contract Tower,3,25,11,2,41,0,3,79,1,83,3,28,90,3,124,222,0,222,346
01/07/2010,SBP,CA,AWP,WE,Federal Contract Tower,3,26,17,0,46,0,5,92,2,99,3,31,109,2,145,100,0,100,245
01/08/2010,SBP,CA,AWP,WE,Federal Contract Tower,3,26,25,1,55,0,6,99,0,105,3,32,124,1,160,154,20,174,334
01/09/2010,SBP,CA,AWP,WE,Federal Contract Tower,3,21,10,0,34,0,5,117,0,122,3,26,127,0,156,98,0,98,254
01/10/2010,SBP,CA,AWP,WE,Federal Contract Tower,3,13,17,0,33,0,1,120,0,121,3,14,137,0,154,86,0,86,240
01/11/2010,SBP,CA,AWP,WE,Federal Contract Tower,3,21,30,0,54,0,5,84,0,89,3,26,114,0,143,188,0,188,331
01/12/2010,SBP,CA,AWP,WE,Federal Contract Tower,3,23,19,0,45,0,2,31,0,33,3,25,50,0,78,122,0,122,200
01/13/2010,SBP,CA,AWP,WE,Federal Contract Tower,3,34,23,0,60,0,11,45,0,56,3,45,68,0,116,72,0,72,188
01/14/2010,SBP,CA,AWP,WE,Federal Contract Tower,3,33,18,0,54,0,15,124,4,143,3,48,142,4,197,160,0,160,357
01/15/2010,SBP,CA,AWP,WE,Federal Contract Tower,3,37,21,0,61,0,7,138,0,145,3,44,159,0,206,78,0,78,284
01/16/2010,SBP,CA,AWP,WE,Federal Contract Tower,3,20,14,0,37,0,7,119,0,126,3,27,133,0,163,90,0,90,253
01/17/2010,SBP,CA,AWP,WE,Federal Contract Tower,3,17,15,1,36,0,0,11,1,12,3,17,26,2,48,42,0,42,90
01/18/2010,SBP,CA,AWP,WE,Federal Contract Tower,3,23,6,0,32,0,1,2,0,3,3,24,8,0,35,2,0,2,37
01/19/2010,SBP,CA,AWP,WE,Federal Contract Tower,3,24,13,0,40,0,0,0,0,0,3,24,13,0,40,0,0,0,40
01/20/2010,SBP,CA,AWP,WE,Federal Contract Tower,3,23,7,0,33,0,0,0,0,0,3,23,7,0,33,0,0,0,33
01/21/2010,SBP,CA,AWP,WE,Federal Contract Tower,3,24,7,0,34,0,0,0,0,0,3,24,7,0,34,0,0,0,34
01/22/2010,SBP,CA,AWP,WE,Federal Contract Tower,2,29,13,0,44,0,1,2,0,3,2,30,15,0,47,0,0,0,47
01/23/2010,SBP,CA,AWP,WE,Federal Contract Tower,3,23,9,0,35,0,10,136,0,146,3,33,145,0,181,168,0,168,349
01/24/2010,SBP,CA,AWP,WE,Federal Contract Tower,3,18,15,2,38,0,1,112,0,113,3,19,127,2,151,92,0,92,243
01/25/2010,SBP,CA,AWP,WE,Federal Contract Tower,3,22,7,0,32,0,1,71,0,72,3,23,78,0,104,92,0,92,196
01/26/2010,SBP,CA,AWP,WE,Federal Contract Tower,3,28,14,0,45,0,1,2,0,3,3,29,16,0,48,8,0,8,56
01/27/2010,SBP,CA,AWP,WE,Federal Contract Tower,3,24,22,2,51,0,14,69,0,83,3,38,91,2,134,146,0,146,280
01/28/2010,SBP,CA,AWP,WE,Federal Contract Tower,3,27,14,0,44,0,9,126,0,135,3,36,140,0,179,166,0,166,345
01/29/2010,SBP,CA,AWP,WE,Federal Contract Tower,3,26,20,0,49,0,6,88,0,94,3,32,108,0,143,178,0,178,321
01/30/2010,SBP,CA,AWP,WE,Federal Contract Tower,3,20,26,0,49,0,0,112,0,112,3,20,138,0,161,164,0,164,325
01/31/2010,SBP,CA,AWP,WE,Federal Contract Tower,3,19,21,0,43,0,3,155,0,158,3,22,176,0,201,66,0,66,267
02/01/2010,SBP,CA,AWP,WE,Federal Contract Tower,3,27,22,2,54,0,15,55,0,70,3,42,77,2,124,186,2,188,312
02/02/2010,SBP,CA,AWP,WE,Federal Contract Tower,3,27,10,1,41,0,4,51,2,57,3,31,61,3,98,124,4,128,226
02/03/2010,SBP,CA,AWP,WE,Federal Contract Tower,3,31,15,0,49,0,15,104,2,121,3,46,119,2,170,120,0,120,290
02/04/2010,SBP,CA,AWP,WE,Federal Contract Tower,3,27,23,0,53,0,10,52,0,62,3,37,75,0,115,74,0,74,189
02/05/2010,SBP,CA,AWP,WE,Federal Contract Tower,3,27,23,0,53,0,5,9,0,14,3,32,32,0,67,0,0,0,67
02/06/2010,SBP,CA,AWP,WE,Federal Contract Tower,3,19,11,0,33,0,0,7,0,7,3,19,18,0,40,0,0,0,40
02/07/2010,SBP,CA,AWP,WE,Federal Contract Tower,3,17,27,0,47,0,3,105,0,108,3,20,132,0,155,74,0,74,229
02/08/2010,SBP,CA,AWP,WE,Federal Contract Tower,1,30,34,0,65,0,13,118,0,131,1,43,152,0,196,206,0,206,402
02/09/2010,SBP,CA,AWP,WE,Federal Contract Tower,3,23,15,0,41,0,2,4,0,6,3,25,19,0,47,0,0,0,47
02/10/2010,SBP,CA,AWP,WE,Federal Contract Tower,3,22,24,0,49,0,4,83,0,87,3,26,107,0,136,182,0,182,318
02/11/2010,SBP,CA,AWP,WE,Federal Contract Tower,3,27,29,0,59,0,12,115,0,127,3,39,144,0,186,190,0,190,376
02/12/2010,SBP,CA,AWP,WE,Federal Contract Tower,1,31,28,0,60,0,20,150,2,172,1,51,178,2,232,190,0,190,422
02/13/2010,SBP,CA,AWP,WE,Federal Contract Tower,3,15,20,0,38,0,8,207,0,215,3,23,227,0,253,172,0,172,425
02/14/2010,SBP,CA,AWP,WE,Federal Contract Tower,1,19,14,0,34,0,0,127,0,127,1,19,141,0,161,100,0,100,261
02/15/2010,SBP,CA,AWP,WE,Federal Contract Tower,3,23,27,0,53,0,4,145,1,150,3,27,172,1,203,116,0,116,319
02/16/2010,SBP,CA,AWP,WE,Federal Contract Tower,3,24,12,0,39,0,7,67,0,74,3,31,79,0,113,188,0,188,301
02/17/2010,SBP,CA,AWP,WE,Federal Contract Tower,3,23,18,1,45,0,9,126,4,139,3,32,144,5,184,186,0,186,370
02/18/2010,SBP,CA,AWP,WE,Federal Contract Tower,2,34,46,1,83,0,5,71,2,78,2,39,117,3,161,146,0,146,307
02/19/2010,SBP,CA,AWP,WE,Federal Contract Tower,3,33,34,1,71,0,2,43,4,49,3,35,77,5,120,62,0,62,182
02/20/2010,SBP,CA,AWP,WE,Federal Contract Tower,3,15,24,0,42,0,2,95,0,97,3,17,119,0,139,88,0,88,227
02/21/2010,SBP,CA,AWP,WE,Federal Contract Tower,3,19,28,0,50,0,0,17,0,17,3,19,45,0,67,12,0,12,79
02/22/2010,SBP,CA,AWP,WE,Federal Contract Tower,3,23,17,0,43,0,2,55,0,57,3,25,72,0,100,66,0,66,166
02/23/2010,SBP,CA,AWP,WE,Federal Contract Tower,3,27,13,2,45,0,7,109,2,118,3,34,122,4,163,90,0,90,253
02/24/2010,SBP,CA,AWP,WE,Federal Contract Tower,3,26,18,0,47,0,0,0,0,0,3,26,18,0,47,0,0,0,47
02/25/2010,SBP,CA,AWP,WE,Federal Contract Tower,3,27,15,3,48,0,18,155,0,173,3,45,170,3,221,170,0,170,391
02/26/2010,SBP,CA,AWP,WE,Federal Contract Tower,3,26,25,2,56,0,0,10,0,10,3,26,35,2,66,24,0,24,90
02/27/2010,SBP,CA,AWP,WE,Federal Contract Tower,1,17,9,0,27,0,0,1,0,1,1,17,10,0,28,0,0,0,28
02/28/2010,SBP,CA,AWP,WE,Federal Contract Tower,3,18,23,0,44,0,0,119,0,119,3,18,142,0,163,108,0,108,271
03/01/2010,SBP,CA,AWP,WE,Federal Contract Tower,3,25,26,0,54,0,2,62,0,64,3,27,88,0,118,56,0,56,174
03/02/2010,SBP,CA,AWP,WE,Federal Contract Tower,3,28,23,0,54,0,2,4,0,6,3,30,27,0,60,0,0,0,60
03/03/2010,SBP,CA,AWP,WE,Federal Contract Tower,3,27,17,0,47,0,4,5,0,9,3,31,22,0,56,0,0,0,56
03/04/2010,SBP,CA,AWP,WE,Federal Contract Tower,3,27,21,3,54,0,13,131,4,148,3,40,152,7,202,164,0,164,366
03/05/2010,SBP,CA,AWP,WE,Federal Contract Tower,3,29,31,6,69,0,15,121,2,138,3,44,152,8,207,164,6,170,377
03/06/2010,SBP,CA,AWP,WE,Federal Contract Tower,3,16,8,0,27,0,0,36,0,36,3,16,44,0,63,82,0,82,145
03/07/2010,SBP,CA,AWP,WE,Federal Contract Tower,3,20,28,0,51,0,4,54,0,58,3,24,82,0,109,58,0,58,167
03/08/2010,SBP,CA,AWP,WE,Federal Contract Tower,3,27,16,0,46,0,7,86,0,93,3,34,102,0,139,90,0,90,229
03/09/2010,SBP,CA,AWP,WE,Federal Contract Tower,3,25,13,0,41,0,3,60,0,63,3,28,73,0,104,58,0,58,162
03/10/2010,SBP,CA,AWP,WE,Federal Contract Tower,3,24,23,0,50,0,8,51,0,59,3,32,74,0,109,140,0,140,249
03/11/2010,SBP,CA,AWP,WE,Federal Contract Tower,2,28,17,4,51,0,5,149,0,154,2,33,166,4,205,174,2,176,381
03/12/2010,SBP,CA,AWP,WE,Federal Contract Tower,3,21,36,0,60,0,6,137,0,143,3,27,173,0,203,204,0,204,407
03/13/2010,SBP,CA,AWP,WE,Federal Contract Tower,3,15,13,0,31,0,3,80,0,83,3,18,93,0,114,18,0,18,132
03/14/2010,SBP,CA,AWP,WE,Federal Contract Tower,3,21,13,0,37,0,0,187,0,187,3,21,200,0,224,70,0,70,294
03/15/2010,SBP,CA,AWP,WE,Federal Contract Tower,3,25,5,4,37,0,9,99,0,108,3,34,104,4,145,126,0,126,271
03/16/2010,SBP,CA,AWP,WE,Federal Contract Tower,3,28,22,0,53,0,10,133,0,143,3,38,155,0,196,188,0,188,384
03/17/2010,SBP,CA,AWP,WE,Federal Contract Tower,3,30,14,0,47,0,12,108,0,120,3,42,122,0,167,124,0,124,291
03/18/2010,SBP,CA,AWP,WE,Federal Contract Tower,3,24,14,0,41,0,5,121,0,126,3,29,135,0,167,122,0,122,289
03/19/2010,SBP,CA,AWP,WE,Federal Contract Tower,3,19,13,0,35,0,10,180,0,190,3,29,193,0,225,188,0,188,413
03/20/2010,SBP,CA,AWP,WE,Federal Contract Tower,3,16,16,0,35,0,2,145,0,147,3,18,161,0,182,92,0,92,274
03/21/2010,SBP,CA,AWP,WE,Federal Contract Tower,3,20,22,0,45,0,3,131,0,134,3,23,153,0,179,102,0,102,281
03/22/2010,SBP,CA,AWP,WE,Federal Contract Tower,3,26,12,0,41,0,13,100,0,113,3,39,112,0,154,140,0,140,294
03/23/2010,SBP,CA,AWP,WE,Federal Contract Tower,3,29,7,2,41,0,23,134,2,159,3,52,141,4,200,126,0,126,326
03/24/2010,SBP,CA,AWP,WE,Federal Contract Tower,3,22,11,0,36,0,4,95,0,99,3,26,106,0,135,122,0,122,257
03/25/2010,SBP,CA,AWP,WE,Federal Contract Tower,3,26,20,0,49,0,3,69,0,72,3,29,89,0,121,98,0,98,219
03/26/2010,SBP,CA,AWP,WE,Federal Contract Tower,3,26,22,0,51,0,5,101,2,108,3,31,123,2,159,74,0,74,233
03/27/2010,SBP,CA,AWP,WE,Federal Contract Tower,3,15,6,0,24,0,2,183,0,185,3,17,189,0,209,58,0,58,267
03/28/2010,SBP,CA,AWP,WE,Federal Contract Tower,3,18,17,1,39,0,3,170,0,173,3,21,187,1,212,50,8,58,270
03/29/2010,SBP,CA,AWP,WE,Federal Contract Tower,3,28,16,0,47,0,10,101,0,111,3,38,117,0,158,108,0,108,266
03/30/2010,SBP,CA,AWP,WE,Federal Contract Tower,3,29,20,2,54,0,5,23,0,28,3,34,43,2,82,22,0,22,104
03/31/2010,SBP,CA,AWP,WE,Federal Contract Tower,3,27,9,0,39,0,1,74,0,75,3,28,83,0,114,222,0,222,336
04/01/2010,SBP,CA,AWP,WE,Federal Contract Tower,3,30,24,0,57,0,4,74,0,78,3,34,98,0,135,66,0,66,201
04/02/2010,SBP,CA,AWP,WE,Federal Contract Tower,3,22,14,0,39,0,2,111,1,114,3,24,125,1,153,108,0,108,261
04/03/2010,SBP,CA,AWP,WE,Federal Contract Tower,2,18,7,0,27,0,4,112,7,123,2,22,119,7,150,184,0,184,334
04/04/2010,SBP,CA,AWP,WE,Federal Contract Tower,3,20,21,0,44,0,2,35,0,37,3,22,56,0,81,58,0,58,139
04/05/2010,SBP,CA,AWP,WE,Federal Contract Tower,3,26,11,0,40,0,6,64,0,70,3,32,75,0,110,182,0,182,292
04/06/2010,SBP,CA,AWP,WE,Federal Contract Tower,3,29,14,0,46,0,5,88,2,95,3,34,102,2,141,14,0,14,155
04/07/2010,SBP,CA,AWP,WE,Federal Contract Tower,3,28,12,0,43,0,3,95,0,98,3,31,107,0,141,157,0,157,298
04/08/2010,SBP,CA,AWP,WE,Federal Contract Tower,1,33,19,1,54,0,5,106,0,111,1,38,125,1,165,132,4,136,301
04/09/2010,SBP,CA,AWP,WE,Federal Contract Tower,3,27,29,0,59,0,3,91,0,94,3,30,120,0,153,132,0,132,285
04/10/2010,SBP,CA,AWP,WE,Federal Contract Tower,3,15,21,0,39,0,2,25,0,27,3,17,46,0,66,0,0,0,66
04/11/2010,SBP,CA,AWP,WE,Federal Contract Tower,3,20,12,0,35,0,0,5,0,5,3,20,17,0,40,0,0,0,40
04/12/2010,SBP,CA,AWP,WE,Federal Contract Tower,3,26,23,1,53,0,3,4,2,9,3,29,27,3,62,20,2,22,84
04/13/2010,SBP,CA,AWP,WE,Federal Contract Tower,3,29,9,0,41,0,3,77,0,80,3,32,86,0,121,90,0,90,211
04/14/2010,SBP,CA,AWP,WE,Federal Contract Tower,3,27,20,0,50,0,10,114,2,126,3,37,134,2,176,146,0,146,322
04/15/2010,SBP,CA,AWP,WE,Federal Contract Tower,3,27,24,0,54,0,6,113,0,119,3,33,137,0,173,58,0,58,231
04/16/2010,SBP,CA,AWP,WE,Federal Contract Tower,3,33,27,1,64,0,5,161,2,168,3,38,188,3,232,122,0,122,354
04/17/2010,SBP,CA,AWP,WE,Federal Contract Tower,3,17,15,0,35,0,7,196,18,221,3,24,211,18,256,16,0,16,272
04/18/2010,SBP,CA,AWP,WE,Federal Contract Tower,1,18,23,0,42,0,1,143,2,146,1,19,166,2,188,36,0,36,224
04/19/2010,SBP,CA,AWP,WE,Federal Contract Tower,1,31,11,2,45,0,6,60,0,66,1,37,71,2,111,96,4,100,211
04/20/2010,SBP,CA,AWP,WE,Federal Contract Tower,2,29,14,0,45,0,1,7,2,10,2,30,21,2,55,52,0,52,107
04/21/2010,SBP,CA,AWP,WE,Federal Contract Tower,3,27,23,0,53,0,2,24,0,26,3,29,47,0,79,8,0,8,87
04/22/2010,SBP,CA,AWP,WE,Federal Contract Tower,3,30,29,0,62,0,2,11,2,15,3,32,40,2,77,120,0,120,197
04/23/2010,SBP,CA,AWP,WE,Federal Contract Tower,3,25,15,0,43,0,2,139,1,142,3,27,154,1,185,96,0,96,281
04/24/2010,SBP,CA,AWP,WE,Federal Contract Tower,3,16,24,0,43,0,0,142,0,142,3,16,166,0,185,78,0,78,263
04/25/2010,SBP,CA,AWP,WE,Federal Contract Tower,1,22,23,0,46,0,4,135,0,139,1,26,158,0,185,76,0,76,261
04/26/2010,SBP,CA,AWP,WE,Federal Contract Tower,3,27,10,0,40,0,12,107,0,119,3,39,117,0,159,134,0,134,293
04/27/2010,SBP,CA,AWP,WE,Federal Contract Tower,3,31,23,0,57,0,1,1,2,4,3,32,24,2,61,34,0,34,95
04/28/2010,SBP,CA,AWP,WE,Federal Contract Tower,3,28,6,0,37,0,2,71,2,75,3,30,77,2,112,160,0,160,272
04/29/2010,SBP,CA,AWP,WE,Federal Contract Tower,3,34,9,2,48,0,3,63,2,68,3,37,72,4,116,52,0,52,168
04/30/2010,SBP,CA,AWP,WE,Federal Contract Tower,3,30,15,0,48,0,4,98,2,104,3,34,113,2,152,178,0,178,330
05/01/2010,SBP,CA,AWP,WE,Federal Contract Tower,3,20,11,0,34,0,3,144,0,147,3,23,155,0,181,102,0,102,283
05/02/2010,SBP,CA,AWP,WE,Federal Contract Tower,3,20,18,0,41,0,0,120,0,120,3,20,138,0,161,58,0,58,219
05/03/2010,SBP,CA,AWP,WE,Federal Contract Tower,3,27,12,0,42,0,25,90,0,115,3,52,102,0,157,138,0,138,295
05/04/2010,SBP,CA,AWP,WE,Federal Contract Tower,3,29,21,2,55,0,7,75,2,84,3,36,96,4,139,66,0,66,205
05/05/2010,SBP,CA,AWP,WE,Federal Contract Tower,3,31,11,0,45,0,35,75,0,110,3,66,86,0,155,128,0,128,283
05/06/2010,SBP,CA,AWP,WE,Federal Contract Tower,3,29,21,1,54,0,21,108,3,132,3,50,129,4,186,122,0,122,308
05/07/2010,SBP,CA,AWP,WE,Federal Contract Tower,7,28,12,0,47,0,27,115,4,146,7,55,127,4,193,204,0,204,397
05/08/2010,SBP,CA,AWP,WE,Federal Contract Tower,3,16,3,2,24,0,16,129,0,145,3,32,132,2,169,144,0,144,313
05/09/2010,SBP,CA,AWP,WE,Federal Contract Tower,2,18,19,0,39,0,3,51,0,54,2,21,70,0,93,56,0,56,149
05/10/2010,SBP,CA,AWP,WE,Federal Contract Tower,2,22,6,1,31,0,5,62,0,67,2,27,68,1,98,140,0,140,238
05/11/2010,SBP,CA,AWP,WE,Federal Contract Tower,3,34,11,0,48,0,18,74,0,92,3,52,85,0,140,84,0,84,224
05/12/2010,SBP,CA,AWP,WE,Federal Contract Tower,3,28,14,0,45,0,10,105,4,119,3,38,119,4,164,130,0,130,294
05/13/2010,SBP,CA,AWP,WE,Federal Contract Tower,3,29,21,0,53,0,7,107,5,119,3,36,128,5,172,52,0,52,224
05/14/2010,SBP,CA,AWP,WE,Federal Contract Tower,3,32,19,0,54,0,12,140,4,156,3,44,159,4,210,128,0,128,338
05/15/2010,SBP,CA,AWP,WE,Federal Contract Tower,3,15,24,2,44,0,2,112,0,114,3,17,136,2,158,80,0,80,238
05/16/2010,SBP,CA,AWP,WE,Federal Contract Tower,3,23,25,1,52,0,0,41,0,41,3,23,66,1,93,106,0,106,199
05/17/2010,SBP,CA,AWP,WE,Federal Contract Tower,3,28,32,1,64,0,1,9,1,11,3,29,41,2,75,34,0,34,109
05/18/2010,SBP,CA,AWP,WE,Federal Contract Tower,3,34,36,0,73,0,4,48,1,53,3,38,84,1,126,102,0,102,228
05/19/2010,SBP,CA,AWP,WE,Federal Contract Tower,3,33,16,0,52,0,12,97,0,109,3,45,113,0,161,128,0,128,289
05/20/2010,SBP,CA,AWP,WE,Federal Contract Tower,3,29,13,1,46,0,9,139,0,148,3,38,152,1,194,122,0,122,316
05/21/2010,SBP,CA,AWP,WE,Federal Contract Tower,3,26,9,2,40,0,3,104,0,107,3,29,113,2,147,48,0,48,195
05/22/2010,SBP,CA,AWP,WE,Federal Contract Tower,3,16,13,0,32,0,2,135,0,137,3,18,148,0,169,92,0,92,261
05/23/2010,SBP,CA,AWP,WE,Federal Contract Tower,3,19,20,0,42,0,2,70,0,72,3,21,90,0,114,32,0,32,146
05/24/2010,SBP,CA,AWP,WE,Federal Contract Tower,3,27,9,0,39,0,5,76,0,81,3,32,85,0,120,74,0,74,194
05/25/2010,SBP,CA,AWP,WE,Federal Contract Tower,3,32,24,4,63,0,0,67,0,67,3,32,91,4,130,80,6,86,216
05/26/2010,SBP,CA,AWP,WE,Federal Contract Tower,3,30,24,0,57,0,3,44,3,50,3,33,68,3,107,70,0,70,177
05/27/2010,SBP,CA,AWP,WE,Federal Contract Tower,3,29,24,0,56,0,15,66,0,81,3,44,90,0,137,58,0,58,195
05/28/2010,SBP,CA,AWP,WE,Federal Contract Tower,3,26,21,0,50,0,8,139,1,148,3,34,160,1,198,50,0,50,248
05/29/2010,SBP,CA,AWP,WE,Federal Contract Tower,3,19,8,0,30,0,3,103,0,106,3,22,111,0,136,10,0,10,146
05/30/2010,SBP,CA,AWP,WE,Federal Contract Tower,3,11,16,0,30,0,3,139,0,142,3,14,155,0,172,36,0,36,208
05/31/2010,SBP,CA,AWP,WE,Federal Contract Tower,3,19,27,0,49,0,3,154,0,157,3,22,181,0,206,98,0,98,304
06/01/2010,SBP,CA,AWP,WE,Federal Contract Tower,3,30,20,0,53,0,0,68,0,68,3,30,88,0,121,154,0,154,275
06/02/2010,SBP,CA,AWP,WE,Federal Contract Tower,3,29,15,0,47,0,5,84,0,89,3,34,99,0,136,38,0,38,174
06/03/2010,SBP,CA,AWP,WE,Federal Contract Tower,4,29,17,0,50,0,10,87,0,97,4,39,104,0,147,150,0,150,297
06/04/2010,SBP,CA,AWP,WE,Federal Contract Tower,3,27,15,2,47,0,8,101,0,109,3,35,116,2,156,150,0,150,306
06/05/2010,SBP,CA,AWP,WE,Federal Contract Tower,3,18,11,2,34,0,1,104,0,105,3,19,115,2,139,38,4,42,181
06/06/2010,SBP,CA,AWP,WE,Federal Contract Tower,3,21,10,0,34,0,1,120,0,121,3,22,130,0,155,34,0,34,189
06/07/2010,SBP,CA,AWP,WE,Federal Contract Tower,3,28,15,0,46,0,4,70,0,74,3,32,85,0,120,86,0,86,206
06/08/2010,SBP,CA,AWP,WE,Federal Contract Tower,3,27,13,0,43,0,1,94,0,95,3,28,107,0,138,94,0,94,232
06/09/2010,SBP,CA,AWP,WE,Federal Contract Tower,3,31,15,0,49,0,1,67,0,68,3,32,82,0,117,50,0,50,167
06/10/2010,SBP,CA,AWP,WE,Federal Contract Tower,3,33,13,0,49,0,7,78,0,85,3,40,91,0,134,74,0,74,208
06/11/2010,SBP,CA,AWP,WE,Federal Contract Tower,3,26,19,0,48,0,5,149,0,154,3,31,168,0,202,182,0,182,384
06/12/2010,SBP,CA,AWP,WE,Federal Contract Tower,3,21,10,0,34,0,4,150,0,154,3,25,160,0,188,86,0,86,274
06/13/2010,SBP,CA,AWP,WE,Federal Contract Tower,3,22,15,0,40,0,2,156,0,158,3,24,171,0,198,38,0,38,236
06/14/2010,SBP,CA,AWP,WE,Federal Contract Tower,3,31,15,0,49,0,7,88,0,95,3,38,103,0,144,104,0,104,248
06/15/2010,SBP,CA,AWP,WE,Federal Contract Tower,3,30,15,0,48,0,2,65,0,67,3,32,80,0,115,106,0,106,221
06/16/2010,SBP,CA,AWP,WE,Federal Contract Tower,3,30,14,0,47,0,2,58,0,60,3,32,72,0,107,102,0,102,209
06/17/2010,SBP,CA,AWP,WE,Federal Contract Tower,3,34,15,0,52,0,18,140,0,158,3,52,155,0,210,102,0,102,312
06/18/2010,SBP,CA,AWP,WE,Federal Contract Tower,3,32,47,1,83,0,11,112,9,132,3,43,159,10,215,126,0,126,341
06/19/2010,SBP,CA,AWP,WE,Federal Contract Tower,3,15,9,1,28,0,6,99,0,105,3,21,108,1,133,72,2,74,207
06/20/2010,SBP,CA,AWP,WE,Federal Contract Tower,3,21,10,0,34,0,6,130,0,136,3,27,140,0,170,20,0,20,190
06/21/2010,SBP,CA,AWP,WE,Federal Contract Tower,3,28,25,0,56,0,9,112,0,121,3,37,137,0,177,98,0,98,275
06/22/2010,SBP,CA,AWP,WE,Federal Contract Tower,3,33,13,0,49,0,7,70,0,77,3,40,83,0,126,112,0,112,238
06/23/2010,SBP,CA,AWP,WE,Federal Contract Tower,3,31,13,0,47,0,10,91,0,101,3,41,104,0,148,100,0,100,248
06/24/2010,SBP,CA,AWP,WE,Federal Contract Tower,3,28,20,0,51,0,6,126,3,135,3,34,146,3,186,22,0,22,208
06/25/2010,SBP,CA,AWP,WE,Federal Contract Tower,3,31,25,0,59,0,1,122,0,123,3,32,147,0,182,144,0,144,326
06/26/2010,SBP,CA,AWP,WE,Federal Contract Tower,3,19,13,0,35,0,6,86,0,92,3,25,99,0,127,110,0,110,237
06/27/2010,SBP,CA,AWP,WE,Federal Contract Tower,3,22,11,0,36,0,2,123,0,125,3,24,134,0,161,54,0,54,215
06/28/2010,SBP,CA,AWP,WE,Federal Contract Tower,3,29,20,0,52,0,5,89,0,94,3,34,109,0,146,74,0,74,220
06/29/2010,SBP,CA,AWP,WE,Federal Contract Tower,3,31,36,0,70,0,9,54,0,63,3,40,90,0,133,90,0,90,223
06/30/2010,SBP,CA,AWP,WE,Federal Contract Tower,3,30,25,0,58,0,9,141,0,150,3,39,166,0,208,108,0,108,316
07/01/2010,SBP,CA,AWP,WE,Federal Contract Tower,3,29,15,0,47,0,7,150,0,157,3,36,165,0,204,90,0,90,294
07/02/2010,SBP,CA,AWP,WE,Federal Contract Tower,3,27,17,0,47,0,8,108,0,116,3,35,125,0,163,148,0,148,311
07/03/2010,SBP,CA,AWP,WE,Federal Contract Tower,3,17,20,0,40,0,4,109,0,113,3,21,129,0,153,120,0,120,273
07/04/2010,SBP,CA,AWP,WE,Federal Contract Tower,3,16,16,0,35,0,4,55,0,59,3,20,71,0,94,16,0,16,110
07/05/2010,SBP,CA,AWP,WE,Federal Contract Tower,3,19,28,0,50,0,3,80,1,84,3,22,108,1,134,58,0,58,192
07/06/2010,SBP,CA,AWP,WE,Federal Contract Tower,3,30,24,0,57,0,6,31,0,37,3,36,55,0,94,44,0,44,138
07/07/2010,SBP,CA,AWP,WE,Federal Contract Tower,3,38,30,0,71,0,7,50,1,58,3,45,80,1,129,92,0,92,221
07/08/2010,SBP,CA,AWP,WE,Federal Contract Tower,3,36,25,0,64,0,4,69,0,73,3,40,94,0,137,38,0,38,175
07/09/2010,SBP,CA,AWP,WE,Federal Contract Tower,3,36,26,0,65,0,7,143,0,150,3,43,169,0,215,76,0,76,291
07/10/2010,SBP,CA,AWP,WE,Federal Contract Tower,3,20,37,0,60,0,1,127,0,128,3,21,164,0,188,2,0,2,190
07/11/2010,SBP,CA,AWP,WE,Federal Contract Tower,3,25,17,0,45,0,0,109,10,119,3,25,126,10,164,80,0,80,244
07/12/2010,SBP,CA,AWP,WE,Federal Contract Tower,3,27,17,0,47,0,2,63,0,65,3,29,80,0,112,52,0,52,164
07/13/2010,SBP,CA,AWP,WE,Federal Contract Tower,3,28,15,0,46,0,9,116,3,128,3,37,131,3,174,46,0,46,220
07/14/2010,SBP,CA,AWP,WE,Federal Contract Tower,3,26,16,0,45,0,9,126,0,135,3,35,142,0,180,84,0,84,264
07/15/2010,SBP,CA,AWP,WE,Federal Contract Tower,3,24,14,0,41,6,127,2,0,135,9,151,16,0,176,46,0,46,222
07/16/2010,SBP,CA,AWP,WE,Federal Contract Tower,3,32,11,0,46,0,6,107,0,113,3,38,118,0,159,68,0,68,227
07/17/2010,SBP,CA,AWP,WE,Federal Contract Tower,3,20,18,0,41,0,0,132,0,132,3,20,150,0,173,110,0,110,283
07/18/2010,SBP,CA,AWP,WE,Federal Contract Tower,2,21,12,0,35,0,0,129,0,129,2,21,141,0,164,38,0,38,202
07/19/2010,SBP,CA,AWP,WE,Federal Contract Tower,3,26,20,0,49,0,4,84,0,88,3,30,104,0,137,28,0,28,165
07/20/2010,SBP,CA,AWP,WE,Federal Contract Tower,3,32,14,0,49,0,6,55,0,61,3,38,69,0,110,102,0,102,212
07/21/2010,SBP,CA,AWP,WE,Federal Contract Tower,3,30,33,0,66,0,2,76,0,78,3,32,109,0,144,98,0,98,242
07/22/2010,SBP,CA,AWP,WE,Federal Contract Tower,4,27,25,0,56,0,2,85,4,91,4,29,110,4,147,110,2,112,259
07/23/2010,SBP,CA,AWP,WE,Federal Contract Tower,3,29,15,0,47,0,1,88,0,89,3,30,103,0,136,128,0,128,264
07/24/2010,SBP,CA,AWP,WE,Federal Contract Tower,3,16,26,0,45,0,0,144,0,144,3,16,170,0,189,96,0,96,285
07/25/2010,SBP,CA,AWP,WE,Federal Contract Tower,3,29,18,0,50,0,3,109,0,112,3,32,127,0,162,18,0,18,180
07/26/2010,SBP,CA,AWP,WE,Federal Contract Tower,3,33,19,0,55,0,6,44,0,50,3,39,63,0,105,68,0,68,173
07/27/2010,SBP,CA,AWP,WE,Federal Contract Tower,3,29,15,0,47,0,9,70,0,79,3,38,85,0,126,48,0,48,174
07/28/2010,SBP,CA,AWP,WE,Federal Contract Tower,3,32,19,0,54,0,7,74,0,81,3,39,93,0,135,120,0,120,255
07/29/2010,SBP,CA,AWP,WE,Federal Contract Tower,3,38,19,1,61,0,4,123,2,129,3,42,142,3,190,84,30,114,304
07/30/2010,SBP,CA,AWP,WE,Federal Contract Tower,3,31,24,0,58,0,1,120,0,121,3,32,144,0,179,152,0,152,331
07/31/2010,SBP,CA,AWP,WE,Federal Contract Tower,3,23,30,3,59,0,0,87,0,87,3,23,117,3,146,78,0,78,224
08/01/2010,SBP,CA,AWP,WE,Federal Contract Tower,1,24,17,0,42,0,1,117,0,118,1,25,134,0,160,60,0,60,220
08/02/2010,SBP,CA,AWP,WE,Federal Contract Tower,3,31,17,0,51,0,11,90,0,101,3,42,107,0,152,66,0,66,218
08/03/2010,SBP,CA,AWP,WE,Federal Contract Tower,3,37,18,2,60,0,10,105,4,119,3,47,123,6,179,70,0,70,249
08/04/2010,SBP,CA,AWP,WE,Federal Contract Tower,3,37,18,2,60,0,8,95,4,107,3,45,113,6,167,144,2,146,313
08/05/2010,SBP,CA,AWP,WE,Federal Contract Tower,3,31,33,0,67,0,6,98,0,104,3,37,131,0,171,110,0,110,281
08/06/2010,SBP,CA,AWP,WE,Federal Contract Tower,3,33,18,0,54,0,2,118,0,120,3,35,136,0,174,104,0,104,278
08/07/2010,SBP,CA,AWP,WE,Federal Contract Tower,3,17,30,0,50,0,4,121,2,127,3,21,151,2,177,84,0,84,261
08/08/2010,SBP,CA,AWP,WE,Federal Contract Tower,3,24,24,0,51,0,1,108,0,109,3,25,132,0,160,84,0,84,244
08/09/2010,SBP,CA,AWP,WE,Federal Contract Tower,3,27,18,0,48,0,3,59,0,62,3,30,77,0,110,84,0,84,194
08/10/2010,SBP,CA,AWP,WE,Federal Contract Tower,3,21,26,0,50,0,0,57,0,57,3,21,83,0,107,122,0,122,229
08/11/2010,SBP,CA,AWP,WE,Federal Contract Tower,3,26,14,2,45,0,12,71,0,83,3,38,85,2,128,88,0,88,216
08/12/2010,SBP,CA,AWP,WE,Federal Contract Tower,3,37,21,6,67,0,11,101,1,113,3,48,122,7,180,74,0,74,254
08/13/2010,SBP,CA,AWP,WE,Federal Contract Tower,3,30,27,0,60,0,7,107,0,114,3,37,134,0,174,132,0,132,306
08/14/2010,SBP,CA,AWP,WE,Federal Contract Tower,3,16,32,3,54,0,5,114,0,119,3,21,146,3,173,70,2,72,245
08/15/2010,SBP,CA,AWP,WE,Federal Contract Tower,1,20,14,0,35,0,4,157,0,161,1,24,171,0,196,84,0,84,280
08/16/2010,SBP,CA,AWP,WE,Federal Contract Tower,3,27,6,0,36,0,2,98,0,100,3,29,104,0,136,84,0,84,220
08/17/2010,SBP,CA,AWP,WE,Federal Contract Tower,3,29,22,0,54,0,6,86,2,94,3,35,108,2,148,14,0,14,162
08/18/2010,SBP,CA,AWP,WE,Federal Contract Tower,3,28,9,0,40,0,5,89,2,96,3,33,98,2,136,108,0,108,244
08/19/2010,SBP,CA,AWP,WE,Federal Contract Tower,3,31,26,0,60,0,5,114,2,121,3,36,140,2,181,110,0,110,291
08/20/2010,SBP,CA,AWP,WE,Federal Contract Tower,3,29,20,0,52,0,5,139,0,144,3,34,159,0,196,80,0,80,276
08/21/2010,SBP,CA,AWP,WE,Federal Contract Tower,3,16,12,0,31,0,2,104,0,106,3,18,116,0,137,52,0,52,189
08/22/2010,SBP,CA,AWP,WE,Federal Contract Tower,3,23,17,0,43,0,3,146,7,156,3,26,163,7,199,54,0,54,253
08/23/2010,SBP,CA,AWP,WE,Federal Contract Tower,3,25,9,0,37,0,19,125,0,144,3,44,134,0,181,90,0,90,271
08/24/2010,SBP,CA,AWP,WE,Federal Contract Tower,3,27,12,0,42,0,16,105,2,123,3,43,117,2,165,80,0,80,245
08/25/2010,SBP,CA,AWP,WE,Federal Contract Tower,3,25,14,0,42,0,9,88,0,97,3,34,102,0,139,106,0,106,245
08/26/2010,SBP,CA,AWP,WE,Federal Contract Tower,3,28,16,0,47,0,2,121,0,123,3,30,137,0,170,114,0,114,284
08/27/2010,SBP,CA,AWP,WE,Federal Contract Tower,3,31,13,1,48,0,0,85,0,85,3,31,98,1,133,70,0,70,203
08/28/2010,SBP,CA,AWP,WE,Federal Contract Tower,3,13,14,0,30,0,4,123,0,127,3,17,137,0,157,26,2,28,185
08/29/2010,SBP,CA,AWP,WE,Federal Contract Tower,3,21,18,0,42,0,6,144,0,150,3,27,162,0,192,64,0,64,256
08/30/2010,SBP,CA,AWP,WE,Federal Contract Tower,3,24,8,2,37,0,17,99,2,118,3,41,107,4,155,54,0,54,209
08/31/2010,SBP,CA,AWP,WE,Federal Contract Tower,5,28,9,0,42,0,11,107,0,118,5,39,116,0,160,72,0,72,232
09/01/2010,SBP,CA,AWP,WE,Federal Contract Tower,3,28,14,1,46,0,7,106,1,114,3,35,120,2,160,48,0,48,208
09/02/2010,SBP,CA,AWP,WE,Federal Contract Tower,3,27,30,2,62,0,5,128,0,133,3,32,158,2,195,96,4,100,295
09/03/2010,SBP,CA,AWP,WE,Federal Contract Tower,3,37,19,1,60,0,8,137,2,147,3,45,156,3,207,86,2,88,295
09/04/2010,SBP,CA,AWP,WE,Federal Contract Tower,3,12,18,0,33,0,0,143,0,143,3,12,161,0,176,104,0,104,280
09/05/2010,SBP,CA,AWP,WE,Federal Contract Tower,3,14,18,0,35,0,2,127,2,131,3,16,145,2,166,44,0,44,210
09/06/2010,SBP,CA,AWP,WE,Federal Contract Tower,3,26,16,0,45,0,5,174,0,179,3,31,190,0,224,116,0,116,340
09/07/2010,SBP,CA,AWP,WE,Federal Contract Tower,3,33,47,3,86,0,1,30,0,31,3,34,77,3,117,30,0,30,147
09/08/2010,SBP,CA,AWP,WE,Federal Contract Tower,3,28,43,0,74,0,2,54,0,56,3,30,97,0,130,70,0,70,200
09/09/2010,SBP,CA,AWP,WE,Federal Contract Tower,3,31,20,0,54,0,3,110,0,113,3,34,130,0,167,54,0,54,221
09/10/2010,SBP,CA,AWP,WE,Federal Contract Tower,3,26,10,0,39,0,14,146,0,160,3,40,156,0,199,146,0,146,345
09/11/2010,SBP,CA,AWP,WE,Federal Contract Tower,3,14,16,0,33,0,0,133,0,133,3,14,149,0,166,78,0,78,244
09/12/2010,SBP,CA,AWP,WE,Federal Contract Tower,3,19,20,1,43,0,0,100,2,102,3,19,120,3,145,46,0,46,191
09/13/2010,SBP,CA,AWP,WE,Federal Contract Tower,4,25,21,2,52,0,2,102,0,104,4,27,123,2,156,92,0,92,248
09/14/2010,SBP,CA,AWP,WE,Federal Contract Tower,3,27,15,0,45,0,2,90,0,92,3,29,105,0,137,66,0,66,203
09/15/2010,SBP,CA,AWP,WE,Federal Contract Tower,3,30,30,0,63,0,12,114,0,126,3,42,144,0,189,76,0,76,265
09/16/2010,SBP,CA,AWP,WE,Federal Contract Tower,3,36,11,0,50,0,4,111,0,115,3,40,122,0,165,60,0,60,225
09/17/2010,SBP,CA,AWP,WE,Federal Contract Tower,3,28,25,0,56,0,4,115,0,119,3,32,140,0,175,66,0,66,241
09/18/2010,SBP,CA,AWP,WE,Federal Contract Tower,3,18,23,0,44,0,3,61,2,66,3,21,84,2,110,46,0,46,156
09/19/2010,SBP,CA,AWP,WE,Federal Contract Tower,3,18,24,0,45,0,0,89,0,89,3,18,113,0,134,28,0,28,162
09/20/2010,SBP,CA,AWP,WE,Federal Contract Tower,3,24,15,0,42,0,6,72,0,78,3,30,87,0,120,48,0,48,168
09/21/2010,SBP,CA,AWP,WE,Federal Contract Tower,3,29,31,0,63,0,1,60,1,62,3,30,91,1,125,60,0,60,185
09/22/2010,SBP,CA,AWP,WE,Federal Contract Tower,3,31,12,0,46,0,5,117,0,122,3,36,129,0,168,98,0,98,266
09/23/2010,SBP,CA,AWP,WE,Federal Contract Tower,3,27,18,0,48,0,6,98,0,104,3,33,116,0,152,56,0,56,208
09/24/2010,SBP,CA,AWP,WE,Federal Contract Tower,3,27,11,0,41,0,9,140,6,155,3,36,151,6,196,94,0,94,290
09/25/2010,SBP,CA,AWP,WE,Federal Contract Tower,3,15,13,0,31,0,7,106,8,121,3,22,119,8,152,28,0,28,180
09/26/2010,SBP,CA,AWP,WE,Federal Contract Tower,3,20,12,0,35,0,3,133,0,136,3,23,145,0,171,52,0,52,223
09/27/2010,SBP,CA,AWP,WE,Federal Contract Tower,3,23,6,0,32,0,9,71,0,80,3,32,77,0,112,62,0,62,174
09/28/2010,SBP,CA,AWP,WE,Federal Contract Tower,3,28,17,0,48,0,7,74,0,81,3,35,91,0,129,40,0,40,169
09/29/2010,SBP,CA,AWP,WE,Federal Contract Tower,3,29,8,0,40,0,18,104,4,126,3,47,112,4,166,104,0,104,270
09/30/2010,SBP,CA,AWP,WE,Federal Contract Tower,3,32,15,5,55,0,14,123,0,137,3,46,138,5,192,92,0,92,284
10/01/2010,SBP,CA,AWP,WE,Federal Contract Tower,3,26,21,0,50,0,6,133,2,141,3,32,154,2,191,38,0,38,229
10/02/2010,SBP,CA,AWP,WE,Federal Contract Tower,3,13,7,0,23,0,4,81,0,85,3,17,88,0,108,24,0,24,132
10/03/2010,SBP,CA,AWP,WE,Federal Contract Tower,3,18,31,0,52,0,102,0,0,102,3,120,31,0,154,54,0,54,208
10/04/2010,SBP,CA,AWP,WE,Federal Contract Tower,3,28,38,0,69,0,8,46,0,54,3,36,84,0,123,24,6,30,153
10/05/2010,SBP,CA,AWP,WE,Federal Contract Tower,3,40,22,2,67,0,10,48,0,58,3,50,70,2,125,30,0,30,155
10/06/2010,SBP,CA,AWP,WE,Federal Contract Tower,3,35,30,1,69,0,0,14,0,14,3,35,44,1,83,0,0,0,83
10/07/2010,SBP,CA,AWP,WE,Federal Contract Tower,3,33,24,3,63,0,12,119,1,132,3,45,143,4,195,158,0,158,353
10/08/2010,SBP,CA,AWP,WE,Federal Contract Tower,3,30,21,1,55,0,7,152,1,160,3,37,173,2,215,112,0,112,327
10/09/2010,SBP,CA,AWP,WE,Federal Contract Tower,3,16,11,0,30,0,6,145,0,151,3,22,156,0,181,102,0,102,283
10/10/2010,SBP,CA,AWP,WE,Federal Contract Tower,3,19,17,0,39,0,1,126,2,129,3,20,143,2,168,10,0,10,178
10/11/2010,SBP,CA,AWP,WE,Federal Contract Tower,3,21,9,0,33,0,6,109,0,115,3,27,118,0,148,70,0,70,218
10/12/2010,SBP,CA,AWP,WE,Federal Contract Tower,3,33,8,1,45,0,4,81,0,85,3,37,89,1,130,62,0,62,192
10/13/2010,SBP,CA,AWP,WE,Federal Contract Tower,3,36,17,0,56,0,4,90,0,94,3,40,107,0,150,124,0,124,274
10/14/2010,SBP,CA,AWP,WE,Federal Contract Tower,3,41,18,2,64,0,11,65,0,76,3,52,83,2,140,48,0,48,188
10/15/2010,SBP,CA,AWP,WE,Federal Contract Tower,3,30,52,0,85,0,1,68,0,69,3,31,120,0,154,64,0,64,218
10/16/2010,SBP,CA,AWP,WE,Federal Contract Tower,3,16,35,0,54,0,2,36,0,38,3,18,71,0,92,58,0,58,150
10/17/2010,SBP,CA,AWP,WE,Federal Contract Tower,3,18,21,0,42,0,0,11,0,11,3,18,32,0,53,0,0,0,53
10/18/2010,SBP,CA,AWP,WE,Federal Contract Tower,3,26,16,0,45,0,5,63,0,68,3,31,79,0,113,98,0,98,211
10/19/2010,SBP,CA,AWP,WE,Federal Contract Tower,3,26,9,0,38,0,7,56,0,63,3,33,65,0,101,48,0,48,149
10/20/2010,SBP,CA,AWP,WE,Federal Contract Tower,3,37,21,1,62,0,5,45,0,50,3,42,66,1,112,96,0,96,208
10/21/2010,SBP,CA,AWP,WE,Federal Contract Tower,3,43,57,0,103,0,1,6,0,7,3,44,63,0,110,0,0,0,110
10/22/2010,SBP,CA,AWP,WE,Federal Contract Tower,3,31,22,0,56,0,4,68,2,74,3,35,90,2,130,174,0,174,304
10/23/2010,SBP,CA,AWP,WE,Federal Contract Tower,3,15,20,0,38,0,4,85,0,89,3,19,105,0,127,66,0,66,193
10/24/2010,SBP,CA,AWP,WE,Federal Contract Tower,3,19,26,0,48,0,0,1,0,1,3,19,27,0,49,0,0,0,49
10/25/2010,SBP,CA,AWP,WE,Federal Contract Tower,3,27,11,0,41,0,1,58,0,59,3,28,69,0,100,42,0,42,142
10/26/2010,SBP,CA,AWP,WE,Federal Contract Tower,3,26,17,0,46,0,5,74,0,79,3,31,91,0,125,66,0,66,191
10/27/2010,SBP,CA,AWP,WE,Federal Contract Tower,3,32,11,0,46,0,2,125,0,127,3,34,136,0,173,108,0,108,281
10/28/2010,SBP,CA,AWP,WE,Federal Contract Tower,3,32,10,0,45,0,8,123,2,133,3,40,133,2,178,84,0,84,262
10/29/2010,SBP,CA,AWP,WE,Federal Contract Tower,3,31,14,0,48,0,11,110,0,121,3,42,124,0,169,164,0,164,333
10/30/2010,SBP,CA,AWP,WE,Federal Contract Tower,3,15,27,0,45,0,0,61,0,61,3,15,88,0,106,74,0,74,180
10/31/2010,SBP,CA,AWP,WE,Federal Contract Tower,3,21,13,0,37,0,1,129,0,130,3,22,142,0,167,36,0,36,203
11/01/2010,SBP,CA,AWP,WE,Federal Contract Tower,3,29,11,0,43,0,7,101,0,108,3,36,112,0,151,64,0,64,215
11/02/2010,SBP,CA,AWP,WE,Federal Contract Tower,3,27,27,0,57,0,9,111,0,120,3,36,138,0,177,94,0,94,271
11/03/2010,SBP,CA,AWP,WE,Federal Contract Tower,3,30,16,0,49,0,8,125,5,138,3,38,141,5,187,88,0,88,275
11/04/2010,SBP,CA,AWP,WE,Federal Contract Tower,3,34,18,0,55,0,6,115,0,121,3,40,133,0,176,74,0,74,250
11/05/2010,SBP,CA,AWP,WE,Federal Contract Tower,3,35,18,0,56,0,8,138,0,146,3,43,156,0,202,120,0,120,322
11/06/2010,SBP,CA,AWP,WE,Federal Contract Tower,2,17,14,0,33,0,0,10,0,10,2,17,24,0,43,0,0,0,43
11/07/2010,SBP,CA,AWP,WE,Federal Contract Tower,3,18,29,0,50,0,0,10,0,10,3,18,39,0,60,0,0,0,60
11/08/2010,SBP,CA,AWP,WE,Federal Contract Tower,3,28,17,0,48,0,14,81,0,95,3,42,98,0,143,42,0,42,185
11/09/2010,SBP,CA,AWP,WE,Federal Contract Tower,3,31,10,0,44,0,5,111,0,116,3,36,121,0,160,142,0,142,302
11/10/2010,SBP,CA,AWP,WE,Federal Contract Tower,3,33,20,1,57,0,1,102,0,103,3,34,122,1,160,94,2,96,256
11/11/2010,SBP,CA,AWP,WE,Federal Contract Tower,3,28,18,0,49,0,4,178,0,182,3,32,196,0,231,154,0,154,385
11/12/2010,SBP,CA,AWP,WE,Federal Contract Tower,3,31,18,0,52,0,4,184,0,188,3,35,202,0,240,160,0,160,400
11/13/2010,SBP,CA,AWP,WE,Federal Contract Tower,3,23,10,0,36,0,2,143,0,145,3,25,153,0,181,40,0,40,221
11/14/2010,SBP,CA,AWP,WE,Federal Contract Tower,3,30,19,0,52,0,3,168,0,171,3,33,187,0,223,32,0,32,255
11/15/2010,SBP,CA,AWP,WE,Federal Contract Tower,3,27,21,2,53,0,11,124,2,137,3,38,145,4,190,120,0,120,310
11/16/2010,SBP,CA,AWP,WE,Federal Contract Tower,3,27,11,0,41,0,17,150,0,167,3,44,161,0,208,122,0,122,330
11/17/2010,SBP,CA,AWP,WE,Federal Contract Tower,3,36,22,0,61,0,12,109,0,121,3,48,131,0,182,156,0,156,338
11/18/2010,SBP,CA,AWP,WE,Federal Contract Tower,2,35,45,0,82,0,0,41,0,41,2,35,86,0,123,84,0,84,207
11/19/2010,SBP,CA,AWP,WE,Federal Contract Tower,3,26,50,0,79,0,0,0,0,0,3,26,50,0,79,0,0,0,79
11/20/2010,SBP,CA,AWP,WE,Federal Contract Tower,2,18,11,0,31,0,0,36,0,36,2,18,47,0,67,64,0,64,131
11/21/2010,SBP,CA,AWP,WE,Federal Contract Tower,3,15,19,0,37,0,0,33,0,33,3,15,52,0,70,32,0,32,102
11/22/2010,SBP,CA,AWP,WE,Federal Contract Tower,3,27,17,2,49,0,23,103,0,126,3,50,120,2,175,32,0,32,207
11/23/2010,SBP,CA,AWP,WE,Federal Contract Tower,3,33,23,2,61,0,0,0,0,0,3,33,23,2,61,48,0,48,109
11/24/2010,SBP,CA,AWP,WE,Federal Contract Tower,3,32,20,0,55,0,4,141,0,145,3,36,161,0,200,126,0,126,326
11/25/2010,SBP,CA,AWP,WE,Federal Contract Tower,4,14,5,0,23,0,0,49,0,49,4,14,54,0,72,40,0,40,112
11/26/2010,SBP,CA,AWP,WE,Federal Contract Tower,3,22,9,0,34,0,7,156,0,163,3,29,165,0,197,46,0,46,243
11/27/2010,SBP,CA,AWP,WE,Federal Contract Tower,3,17,33,0,53,0,0,16,0,16,3,17,49,0,69,68,0,68,137
11/28/2010,SBP,CA,AWP,WE,Federal Contract Tower,3,22,21,0,46,0,0,150,0,150,3,22,171,0,196,70,0,70,266
11/29/2010,SBP,CA,AWP,WE,Federal Contract Tower,3,27,15,0,45,0,6,91,0,97,3,33,106,0,142,92,0,92,234
11/30/2010,SBP,CA,AWP,WE,Federal Contract Tower,3,30,12,1,46,0,12,104,2,118,3,42,116,3,164,186,0,186,350
12/01/2010,SBP,CA,AWP,WE,Federal Contract Tower,3,31,10,0,44,0,12,110,3,125,3,43,120,3,169,146,2,148,317
12/02/2010,SBP,CA,AWP,WE,Federal Contract Tower,3,32,23,0,58,0,103,140,2,245,3,135,163,2,303,168,0,168,471
12/03/2010,SBP,CA,AWP,WE,Federal Contract Tower,3,30,8,0,41,0,3,100,0,103,3,33,108,0,144,192,0,192,336
12/04/2010,SBP,CA,AWP,WE,Federal Contract Tower,2,22,21,0,45,0,0,61,0,61,2,22,82,0,106,42,0,42,148
12/05/2010,SBP,CA,AWP,WE,Federal Contract Tower,3,16,11,0,30,0,0,16,0,16,3,16,27,0,46,20,0,20,66
12/06/2010,SBP,CA,AWP,WE,Federal Contract Tower,2,25,17,0,44,0,4,66,0,70,2,29,83,0,114,135,0,135,249
12/07/2010,SBP,CA,AWP,WE,Federal Contract Tower,3,31,4,0,38,0,3,93,2,98,3,34,97,2,136,144,0,144,280
12/08/2010,SBP,CA,AWP,WE,Federal Contract Tower,3,32,23,2,60,0,7,97,0,104,3,39,120,2,164,122,0,122,286
12/09/2010,SBP,CA,AWP,WE,Federal Contract Tower,3,36,29,1,69,0,2,65,1,68,3,38,94,2,137,148,0,148,285
12/10/2010,SBP,CA,AWP,WE,Federal Contract Tower,3,33,33,0,69,0,0,53,0,53,3,33,86,0,122,102,0,102,224
12/11/2010,SBP,CA,AWP,WE,Federal Contract Tower,3,21,13,2,39,0,0,147,2,149,3,21,160,4,188,80,0,80,268
12/12/2010,SBP,CA,AWP,WE,Federal Contract Tower,3,18,18,0,39,0,4,169,0,173,3,22,187,0,212,88,0,88,300
12/13/2010,SBP,CA,AWP,WE,Federal Contract Tower,3,27,20,2,52,0,6,105,2,113,3,33,125,4,165,156,14,170,335
12/14/2010,SBP,CA,AWP,WE,Federal Contract Tower,3,25,21,4,53,0,3,52,2,57,3,28,73,6,110,66,0,66,176
12/15/2010,SBP,CA,AWP,WE,Federal Contract Tower,3,34,25,0,62,0,3,39,0,42,3,37,64,0,104,124,0,124,228
12/16/2010,SBP,CA,AWP,WE,Federal Contract Tower,3,30,12,2,47,0,4,107,2,113,3,34,119,4,160,128,0,128,288
12/17/2010,SBP,CA,AWP,WE,Federal Contract Tower,3,33,23,0,59,0,6,2,0,8,3,39,25,0,67,6,0,6,73
12/18/2010,SBP,CA,AWP,WE,Federal Contract Tower,3,19,15,0,37,0,0,0,0,0,3,19,15,0,37,0,0,0,37
12/19/2010,SBP,CA,AWP,WE,Federal Contract Tower,2,19,11,0,32,0,0,2,0,2,2,19,13,0,34,0,0,0,34
12/20/2010,SBP,CA,AWP,WE,Federal Contract Tower,3,25,20,0,48,0,0,1,0,1,3,25,21,0,49,0,0,0,49
12/21/2010,SBP,CA,AWP,WE,Federal Contract Tower,4,36,11,0,51,0,2,18,0,20,4,38,29,0,71,14,0,14,85
12/22/2010,SBP,CA,AWP,WE,Federal Contract Tower,3,32,17,0,52,0,0,2,0,2,3,32,19,0,54,4,0,4,58
12/23/2010,SBP,CA,AWP,WE,Federal Contract Tower,3,37,22,1,63,0,8,86,1,95,3,45,108,2,158,86,0,86,244
12/24/2010,SBP,CA,AWP,WE,Federal Contract Tower,3,38,18,0,59,0,0,87,0,87,3,38,105,0,146,66,0,66,212
12/25/2010,SBP,CA,AWP,WE,Federal Contract Tower,3,12,7,0,22,0,0,2,0,2,3,12,9,0,24,0,0,0,24
12/26/2010,SBP,CA,AWP,WE,Federal Contract Tower,3,15,14,0,32,0,0,66,0,66,3,15,80,0,98,0,0,0,98
12/27/2010,SBP,CA,AWP,WE,Federal Contract Tower,3,24,19,0,46,0,8,118,2,128,3,32,137,2,174,68,0,68,242
12/28/2010,SBP,CA,AWP,WE,Federal Contract Tower,3,28,16,2,49,0,4,83,2,89,3,32,99,4,138,44,0,44,182
12/29/2010,SBP,CA,AWP,WE,Federal Contract Tower,3,31,9,0,43,0,2,7,0,9,3,33,16,0,52,0,0,0,52
12/30/2010,SBP,CA,AWP,WE,Federal Contract Tower,3,29,4,2,38,0,2,72,0,74,3,31,76,2,112,6,0,6,118
12/31/2010,SBP,CA,AWP,WE,Federal Contract Tower,3,24,9,1,37,0,9,161,2,172,3,33,170,3,209,126,0,126,335
01/01/2011,SBP,CA,AWP,WE,Federal Contract Tower,3,13,5,0,21,0,0,2,0,2,3,13,7,0,23,4,0,4,27
01/02/2011,SBP,CA,AWP,WE,Federal Contract Tower,3,15,25,0,43,0,0,0,0,0,3,15,25,0,43,0,0,0,43
01/03/2011,SBP,CA,AWP,WE,Federal Contract Tower,3,25,13,0,41,0,3,53,0,56,3,28,66,0,97,188,0,188,285
01/04/2011,SBP,CA,AWP,WE,Federal Contract Tower,3,30,10,0,43,0,6,108,0,114,3,36,118,0,157,174,0,174,331
01/05/2011,SBP,CA,AWP,WE,Federal Contract Tower,3,26,8,0,37,0,2,74,0,76,3,28,82,0,113,174,0,174,287
01/06/2011,SBP,CA,AWP,WE,Federal Contract Tower,3,25,15,0,43,0,3,107,0,110,3,28,122,0,153,102,0,102,255
01/07/2011,SBP,CA,AWP,WE,Federal Contract Tower,3,23,18,1,45,0,14,94,0,108,3,37,112,1,153,114,0,114,267
01/08/2011,SBP,CA,AWP,WE,Federal Contract Tower,3,14,14,0,31,0,0,104,0,104,3,14,118,0,135,108,0,108,243
01/09/2011,SBP,CA,AWP,WE,Federal Contract Tower,3,14,15,0,32,0,0,109,0,109,3,14,124,0,141,20,0,20,161
01/10/2011,SBP,CA,AWP,WE,Federal Contract Tower,3,28,11,0,42,0,6,122,0,128,3,34,133,0,170,176,0,176,346
01/11/2011,SBP,CA,AWP,WE,Federal Contract Tower,3,27,17,2,49,0,12,86,0,98,3,39,103,2,147,82,0,82,229
01/12/2011,SBP,CA,AWP,WE,Federal Contract Tower,3,30,10,0,43,0,6,137,0,143,3,36,147,0,186,144,0,144,330
01/13/2011,SBP,CA,AWP,WE,Federal Contract Tower,3,23,20,0,46,0,2,105,0,107,3,25,125,0,153,146,0,146,299
01/14/2011,SBP,CA,AWP,WE,Federal Contract Tower,3,27,25,0,55,0,8,77,0,85,3,35,102,0,140,52,0,52,192
01/15/2011,SBP,CA,AWP,WE,Federal Contract Tower,3,18,11,0,32,0,0,128,0,128,3,18,139,0,160,94,0,94,254
01/16/2011,SBP,CA,AWP,WE,Federal Contract Tower,3,15,11,2,31,0,8,136,0,144,3,23,147,2,175,28,4,32,207
01/17/2011,SBP,CA,AWP,WE,Federal Contract Tower,3,21,10,0,34,0,4,126,0,130,3,25,136,0,164,156,0,156,320
01/18/2011,SBP,CA,AWP,WE,Federal Contract Tower,3,23,10,2,38,0,7,75,2,84,3,30,85,4,122,52,4,56,178
01/19/2011,SBP,CA,AWP,WE,Federal Contract Tower,3,28,20,0,51,0,18,97,4,119,3,46,117,4,170,136,0,136,306
01/20/2011,SBP,CA,AWP,WE,Federal Contract Tower,3,27,16,0,46,0,9,159,2,170,3,36,175,2,216,70,0,70,286
01/21/2011,SBP,CA,AWP,WE,Federal Contract Tower,3,25,18,0,46,0,5,116,0,121,3,30,134,0,167,172,0,172,339
01/22/2011,SBP,CA,AWP,WE,Federal Contract Tower,3,16,17,0,36,0,4,157,0,161,3,20,174,0,197,148,0,148,345
01/23/2011,SBP,CA,AWP,WE,Federal Contract Tower,4,14,18,0,36,0,0,131,0,131,4,14,149,0,167,42,0,42,209
01/24/2011,SBP,CA,AWP,WE,Federal Contract Tower,3,29,10,0,42,0,7,100,0,107,3,36,110,0,149,150,0,150,299
01/25/2011,SBP,CA,AWP,WE,Federal Contract Tower,3,29,19,0,51,0,14,125,0,139,3,43,144,0,190,218,0,218,408
01/26/2011,SBP,CA,AWP,WE,Federal Contract Tower,3,33,24,0,60,0,1,108,0,109,3,34,132,0,169,88,0,88,257
01/27/2011,SBP,CA,AWP,WE,Federal Contract Tower,3,26,25,0,54,0,10,157,0,167,3,36,182,0,221,112,0,112,333
01/28/2011,SBP,CA,AWP,WE,Federal Contract Tower,3,26,18,0,47,0,4,156,0,160,3,30,174,0,207,196,0,196,403
01/29/2011,SBP,CA,AWP,WE,Federal Contract Tower,3,18,30,2,53,0,0,45,0,45,3,18,75,2,98,100,0,100,198
01/30/2011,SBP,CA,AWP,WE,Federal Contract Tower,4,19,23,0,46,0,0,9,0,9,4,19,32,0,55,40,0,40,95
01/31/2011,SBP,CA,AWP,WE,Federal Contract Tower,3,21,20,2,46,0,12,94,0,106,3,33,114,2,152,136,0,136,288
02/01/2011,SBP,CA,AWP,WE,Federal Contract Tower,3,28,16,1,48,0,5,90,0,95,3,33,106,1,143,158,0,158,301
02/02/2011,SBP,CA,AWP,WE,Federal Contract Tower,3,28,15,0,46,0,32,122,0,154,3,60,137,0,200,110,0,110,310
02/03/2011,SBP,CA,AWP,WE,Federal Contract Tower,3,26,17,0,46,0,7,170,0,177,3,33,187,0,223,148,0,148,371
02/04/2011,SBP,CA,AWP,WE,Federal Contract Tower,3,24,11,0,38,0,5,147,0,152,3,29,158,0,190,110,0,110,300
02/05/2011,SBP,CA,AWP,WE,Federal Contract Tower,3,17,4,0,24,0,2,120,0,122,3,19,124,0,146,14,0,14,160
02/06/2011,SBP,CA,AWP,WE,Federal Contract Tower,3,15,15,0,33,0,0,111,0,111,3,15,126,0,144,56,0,56,200
02/07/2011,SBP,CA,AWP,WE,Federal Contract Tower,3,26,20,0,49,0,10,109,0,119,3,36,129,0,168,72,0,72,240
02/08/2011,SBP,CA,AWP,WE,Federal Contract Tower,3,28,20,0,51,0,5,64,0,69,3,33,84,0,120,26,0,26,146
02/09/2011,SBP,CA,AWP,WE,Federal Contract Tower,3,26,20,0,49,0,2,107,0,109,3,28,127,0,158,148,0,148,306
02/10/2011,SBP,CA,AWP,WE,Federal Contract Tower,3,40,28,3,74,0,5,149,4,158,3,45,177,7,232,42,0,42,274
02/11/2011,SBP,CA,AWP,WE,Federal Contract Tower,3,31,20,2,56,0,3,143,4,150,3,34,163,6,206,132,0,132,338
02/12/2011,SBP,CA,AWP,WE,Federal Contract Tower,1,20,15,0,36,0,2,146,0,148,1,22,161,0,184,54,0,54,238
02/13/2011,SBP,CA,AWP,WE,Federal Contract Tower,3,15,16,0,34,0,2,191,6,199,3,17,207,6,233,28,0,28,261
02/14/2011,SBP,CA,AWP,WE,Federal Contract Tower,3,30,29,0,62,0,2,3,0,5,3,32,32,0,67,84,0,84,151
02/15/2011,SBP,CA,AWP,WE,Federal Contract Tower,3,25,18,1,47,0,10,31,0,41,3,35,49,1,88,56,2,58,146
02/16/2011,SBP,CA,AWP,WE,Federal Contract Tower,3,30,25,0,58,0,2,0,0,2,3,32,25,0,60,62,0,62,122
02/17/2011,SBP,CA,AWP,WE,Federal Contract Tower,3,26,12,0,41,0,3,31,0,34,3,29,43,0,75,18,0,18,93
02/18/2011,SBP,CA,AWP,WE,Federal Contract Tower,3,23,9,0,35,0,1,2,0,3,3,24,11,0,38,18,0,18,56
02/19/2011,SBP,CA,AWP,WE,Federal Contract Tower,3,19,21,0,43,0,1,10,0,11,3,20,31,0,54,60,0,60,114
02/20/2011,SBP,CA,AWP,WE,Federal Contract Tower,3,19,22,0,44,0,1,90,0,91,3,20,112,0,135,32,0,32,167
02/21/2011,SBP,CA,AWP,WE,Federal Contract Tower,3,20,22,0,45,0,5,114,0,119,3,25,136,0,164,88,0,88,252
02/22/2011,SBP,CA,AWP,WE,Federal Contract Tower,3,27,22,0,52,0,9,89,0,98,3,36,111,0,150,138,0,138,288
02/23/2011,SBP,CA,AWP,WE,Federal Contract Tower,3,22,21,0,46,0,8,53,1,62,3,30,74,1,108,138,0,138,246
02/24/2011,SBP,CA,AWP,WE,Federal Contract Tower,3,24,36,0,63,0,12,141,2,155,3,36,177,2,218,154,0,154,372
02/25/2011,SBP,CA,AWP,WE,Federal Contract Tower,3,25,11,0,39,0,0,0,0,0,3,25,11,0,39,0,0,0,39
02/26/2011,SBP,CA,AWP,WE,Federal Contract Tower,3,16,10,0,29,0,4,44,0,48,3,20,54,0,77,122,0,122,199
02/27/2011,SBP,CA,AWP,WE,Federal Contract Tower,3,18,13,0,34,0,0,123,0,123,3,18,136,0,157,2,0,2,159
02/28/2011,SBP,CA,AWP,WE,Federal Contract Tower,3,20,13,0,36,0,8,84,0,92,3,28,97,0,128,158,0,158,286
03/01/2011,SBP,CA,AWP,WE,Federal Contract Tower,3,32,14,0,49,0,8,113,0,121,3,40,127,0,170,60,0,60,230
03/02/2011,SBP,CA,AWP,WE,Federal Contract Tower,3,26,16,0,45,0,0,0,0,0,3,26,16,0,45,0,0,0,45
03/03/2011,SBP,CA,AWP,WE,Federal Contract Tower,3,28,26,0,57,0,3,93,0,96,3,31,119,0,153,94,0,94,247
03/04/2011,SBP,CA,AWP,WE,Federal Contract Tower,3,24,22,0,49,0,12,183,0,195,3,36,205,0,244,164,0,164,408
03/05/2011,SBP,CA,AWP,WE,Federal Contract Tower,3,17,13,0,33,0,3,170,1,174,3,20,183,1,207,128,0,128,335
03/06/2011,SBP,CA,AWP,WE,Federal Contract Tower,3,18,36,0,57,0,0,9,0,9,3,18,45,0,66,0,0,0,66
03/07/2011,SBP,CA,AWP,WE,Federal Contract Tower,3,27,18,2,50,0,7,60,0,67,3,34,78,2,117,110,0,110,227
03/08/2011,SBP,CA,AWP,WE,Federal Contract Tower,3,32,15,0,50,0,5,83,0,88,3,37,98,0,138,72,0,72,210
03/09/2011,SBP,CA,AWP,WE,Federal Contract Tower,3,27,20,0,50,0,16,148,0,164,3,43,168,0,214,82,0,82,296
03/10/2011,SBP,CA,AWP,WE,Federal Contract Tower,3,26,22,2,53,0,2,124,0,126,3,28,146,2,179,208,0,208,387
03/11/2011,SBP,CA,AWP,WE,Federal Contract Tower,3,29,24,0,56,0,1,158,2,161,3,30,182,2,217,66,0,66,283
03/12/2011,SBP,CA,AWP,WE,Federal Contract Tower,3,18,14,0,35,0,2,155,2,159,3,20,169,2,194,188,0,188,382
03/13/2011,SBP,CA,AWP,WE,Federal Contract Tower,3,21,21,0,45,0,1,121,0,122,3,22,142,0,167,114,0,114,281
03/14/2011,SBP,CA,AWP,WE,Federal Contract Tower,3,18,20,0,41,0,5,110,0,115,3,23,130,0,156,78,0,78,234
03/15/2011,SBP,CA,AWP,WE,Federal Contract Tower,2,26,12,0,40,0,5,100,1,106,2,31,112,1,146,116,0,116,262
03/16/2011,SBP,CA,AWP,WE,Federal Contract Tower,3,24,29,0,56,0,4,61,0,65,3,28,90,0,121,76,0,76,197
03/17/2011,SBP,CA,AWP,WE,Federal Contract Tower,3,23,18,3,47,0,18,145,0,163,3,41,163,3,210,86,0,86,296
03/18/2011,SBP,CA,AWP,WE,Federal Contract Tower,3,24,14,0,41,0,8,46,0,54,3,32,60,0,95,136,0,136,231
03/19/2011,SBP,CA,AWP,WE,Federal Contract Tower,3,18,12,0,33,0,1,4,0,5,3,19,16,0,38,10,0,10,48
03/20/2011,SBP,CA,AWP,WE,Federal Contract Tower,3,21,10,0,34,0,0,0,0,0,3,21,10,0,34,0,0,0,34
03/21/2011,SBP,CA,AWP,WE,Federal Contract Tower,3,21,11,0,35,0,17,29,0,46,3,38,40,0,81,116,0,116,197
03/22/2011,SBP,CA,AWP,WE,Federal Contract Tower,3,24,18,2,47,0,7,132,0,139,3,31,150,2,186,152,0,152,338
03/23/2011,SBP,CA,AWP,WE,Federal Contract Tower,3,24,24,0,51,0,0,4,0,4,3,24,28,0,55,0,0,0,55
03/24/2011,SBP,CA,AWP,WE,Federal Contract Tower,3,17,19,0,39,0,3,21,0,24,3,20,40,0,63,32,0,32,95
03/25/2011,SBP,CA,AWP,WE,Federal Contract Tower,3,24,15,0,42,0,6,32,0,38,3,30,47,0,80,72,0,72,152
03/26/2011,SBP,CA,AWP,WE,Federal Contract Tower,3,19,19,0,41,0,0,6,0,6,3,19,25,0,47,0,0,0,47
03/27/2011,SBP,CA,AWP,WE,Federal Contract Tower,5,22,20,0,47,0,10,120,0,130,5,32,140,0,177,58,0,58,235
03/28/2011,SBP,CA,AWP,WE,Federal Contract Tower,3,24,21,0,48,0,10,93,0,103,3,34,114,0,151,90,0,90,241
03/29/2011,SBP,CA,AWP,WE,Federal Contract Tower,3,26,12,4,45,0,15,120,2,137,3,41,132,6,182,178,0,178,360
03/30/2011,SBP,CA,AWP,WE,Federal Contract Tower,3,25,13,0,41,0,7,139,0,146,3,32,152,0,187,139,0,139,326
03/31/2011,SBP,CA,AWP,WE,Federal Contract Tower,3,28,12,0,43,0,7,119,0,126,3,35,131,0,169,242,0,242,411
04/01/2011,SBP,CA,AWP,WE,Federal Contract Tower,3,23,10,0,36,0,1,134,2,137,3,24,144,2,173,154,0,154,327
04/02/2011,SBP,CA,AWP,WE,Federal Contract Tower,3,16,33,0,52,0,1,51,0,52,3,17,84,0,104,76,0,76,180
04/03/2011,SBP,CA,AWP,WE,Federal Contract Tower,3,18,27,0,48,0,15,131,0,146,3,33,158,0,194,48,0,48,242
04/04/2011,SBP,CA,AWP,WE,Federal Contract Tower,5,22,16,0,43,0,9,105,2,116,5,31,121,2,159,160,0,160,319
04/05/2011,SBP,CA,AWP,WE,Federal Contract Tower,3,25,8,0,36,0,6,100,0,106,3,31,108,0,142,136,0,136,278
04/06/2011,SBP,CA,AWP,WE,Federal Contract Tower,3,24,19,0,46,0,4,88,0,92,3,28,107,0,138,80,0,80,218
04/07/2011,SBP,CA,AWP,WE,Federal Contract Tower,5,28,14,0,47,0,1,20,0,21,5,29,34,0,68,90,0,90,158
04/08/2011,SBP,CA,AWP,WE,Federal Contract Tower,3,21,11,0,35,0,4,46,0,50,3,25,57,0,85,116,0,116,201
04/09/2011,SBP,CA,AWP,WE,Federal Contract Tower,3,17,21,0,41,0,2,127,0,129,3,19,148,0,170,120,0,120,290
04/10/2011,SBP,CA,AWP,WE,Federal Contract Tower,3,18,20,1,42,0,3,137,2,142,3,21,157,3,184,60,0,60,244
04/11/2011,SBP,CA,AWP,WE,Federal Contract Tower,3,24,12,2,41,0,9,118,3,130,3,33,130,5,171,130,0,130,301
04/12/2011,SBP,CA,AWP,WE,Federal Contract Tower,3,27,13,0,43,0,9,90,0,99,3,36,103,0,142,124,0,124,266
04/13/2011,SBP,CA,AWP,WE,Federal Contract Tower,3,26,20,0,49,0,3,90,0,93,3,29,110,0,142,96,0,96,238
04/14/2011,SBP,CA,AWP,WE,Federal Contract Tower,3,33,20,0,56,0,10,104,0,114,3,43,124,0,170,82,0,82,252
04/15/2011,SBP,CA,AWP,WE,Federal Contract Tower,3,25,13,0,41,0,11,128,0,139,3,36,141,0,180,148,0,148,328
04/16/2011,SBP,CA,AWP,WE,Federal Contract Tower,3,20,15,0,38,0,2,156,0,158,3,22,171,0,196,38,0,38,234
04/17/2011,SBP,CA,AWP,WE,Federal Contract Tower,3,21,26,0,50,0,0,125,0,125,3,21,151,0,175,30,0,30,205
04/18/2011,SBP,CA,AWP,WE,Federal Contract Tower,3,24,14,0,41,0,4,56,0,60,3,28,70,0,101,60,0,60,161
04/19/2011,SBP,CA,AWP,WE,Federal Contract Tower,3,26,17,0,46,0,0,0,0,0,3,26,17,0,46,148,0,148,194
04/20/2011,SBP,CA,AWP,WE,Federal Contract Tower,3,23,27,0,53,0,5,71,0,76,3,28,98,0,129,112,0,112,241
04/21/2011,SBP,CA,AWP,WE,Federal Contract Tower,3,26,26,0,55,0,1,46,0,47,3,27,72,0,102,26,0,26,128
04/22/2011,SBP,CA,AWP,WE,Federal Contract Tower,3,20,29,0,52,0,2,104,0,106,3,22,133,0,158,100,0,100,258
04/23/2011,SBP,CA,AWP,WE,Federal Contract Tower,3,18,18,0,39,0,2,140,0,142,3,20,158,0,181,70,0,70,251
04/24/2011,SBP,CA,AWP,WE,Federal Contract Tower,3,19,26,2,50,0,0,30,0,30,3,19,56,2,80,24,12,36,116
04/25/2011,SBP,CA,AWP,WE,Federal Contract Tower,3,27,31,0,61,0,8,71,0,79,3,35,102,0,140,46,0,46,186
04/26/2011,SBP,CA,AWP,WE,Federal Contract Tower,3,28,15,0,46,0,5,81,0,86,3,33,96,0,132,16,0,16,148
04/27/2011,SBP,CA,AWP,WE,Federal Contract Tower,3,24,10,0,37,0,4,74,0,78,3,28,84,0,115,98,0,98,213
04/28/2011,SBP,CA,AWP,WE,Federal Contract Tower,3,27,12,0,42,0,7,102,0,109,3,34,114,0,151,42,0,42,193
04/29/2011,SBP,CA,AWP,WE,Federal Contract Tower,3,21,8,0,32,0,7,97,0,104,3,28,105,0,136,60,0,60,196
04/30/2011,SBP,CA,AWP,WE,Federal Contract Tower,3,15,17,0,35,0,0,90,0,90,3,15,107,0,125,44,0,44,169
05/01/2011,SBP,CA,AWP,WE,Federal Contract Tower,3,18,8,0,29,0,1,128,2,131,3,19,136,2,160,68,0,68,228
05/02/2011,SBP,CA,AWP,WE,Federal Contract Tower,3,20,13,1,37,0,7,69,2,78,3,27,82,3,115,116,0,116,231
05/03/2011,SBP,CA,AWP,WE,Federal Contract Tower,3,24,1,0,28,0,5,101,7,113,3,29,102,7,141,108,0,108,249
05/04/2011,SBP,CA,AWP,WE,Federal Contract Tower,3,27,23,0,53,0,10,142,0,152,3,37,165,0,205,134,0,134,339
05/05/2011,SBP,CA,AWP,WE,Federal Contract Tower,3,27,19,2,51,0,8,126,0,134,3,35,145,2,185,160,0,160,345
05/06/2011,SBP,CA,AWP,WE,Federal Contract Tower,3,32,12,0,47,0,5,91,2,98,3,37,103,2,145,94,0,94,239
05/07/2011,SBP,CA,AWP,WE,Federal Contract Tower,3,22,34,0,59,0,0,110,0,110,3,22,144,0,169,136,0,136,305
05/08/2011,SBP,CA,AWP,WE,Federal Contract Tower,3,22,18,0,43,0,0,58,0,58,3,22,76,0,101,30,0,30,131
05/09/2011,SBP,CA,AWP,WE,Federal Contract Tower,3,19,15,1,38,0,1,58,1,60,3,20,73,2,98,182,6,188,286
05/10/2011,SBP,CA,AWP,WE,Federal Contract Tower,3,21,16,0,40,0,8,84,0,92,3,29,100,0,132,128,0,128,260
05/11/2011,SBP,CA,AWP,WE,Federal Contract Tower,3,25,22,4,54,0,9,85,0,94,3,34,107,4,148,56,0,56,204
05/12/2011,SBP,CA,AWP,WE,Federal Contract Tower,3,25,23,1,52,0,5,127,0,132,3,30,150,1,184,70,0,70,254
05/13/2011,SBP,CA,AWP,WE,Federal Contract Tower,3,23,21,0,47,0,4,128,0,132,3,27,149,0,179,136,0,136,315
05/14/2011,SBP,CA,AWP,WE,Federal Contract Tower,3,20,12,0,35,0,9,107,0,116,3,29,119,0,151,82,0,82,233
05/15/2011,SBP,CA,AWP,WE,Federal Contract Tower,3,18,18,0,39,0,0,45,0,45,3,18,63,0,84,8,0,8,92
05/16/2011,SBP,CA,AWP,WE,Federal Contract Tower,3,20,17,0,40,0,1,45,2,48,3,21,62,2,88,0,78,78,166
05/17/2011,SBP,CA,AWP,WE,Federal Contract Tower,3,27,20,4,54,0,0,4,0,4,3,27,24,4,58,12,0,12,70
05/18/2011,SBP,CA,AWP,WE,Federal Contract Tower,3,33,23,0,59,0,5,37,0,42,3,38,60,0,101,2,0,2,103
05/19/2011,SBP,CA,AWP,WE,Federal Contract Tower,3,26,24,0,53,0,5,129,0,134,3,31,153,0,187,42,0,42,229
05/20/2011,SBP,CA,AWP,WE,Federal Contract Tower,2,23,16,0,41,0,12,122,0,134,2,35,138,0,175,84,0,84,259
05/21/2011,SBP,CA,AWP,WE,Federal Contract Tower,3,19,20,0,42,0,7,176,0,183,3,26,196,0,225,108,0,108,333
05/22/2011,SBP,CA,AWP,WE,Federal Contract Tower,3,18,14,1,36,0,0,102,0,102,3,18,116,1,138,16,0,16,154
05/23/2011,SBP,CA,AWP,WE,Federal Contract Tower,3,22,16,0,41,0,3,78,2,83,3,25,94,2,124,122,0,122,246
05/24/2011,SBP,CA,AWP,WE,Federal Contract Tower,3,26,15,1,45,0,3,72,0,75,3,29,87,1,120,36,2,38,158
05/25/2011,SBP,CA,AWP,WE,Federal Contract Tower,3,32,26,0,61,0,1,85,0,86,3,33,111,0,147,38,0,38,185
05/26/2011,SBP,CA,AWP,WE,Federal Contract Tower,3,27,9,2,41,0,4,106,4,114,3,31,115,6,155,24,0,24,179
05/27/2011,SBP,CA,AWP,WE,Federal Contract Tower,3,25,16,0,44,0,6,108,0,114,3,31,124,0,158,90,0,90,248
05/28/2011,SBP,CA,AWP,WE,Federal Contract Tower,3,16,10,0,29,0,4,104,0,108,3,20,114,0,137,62,0,62,199
05/29/2011,SBP,CA,AWP,WE,Federal Contract Tower,3,9,10,0,22,0,0,51,0,51,3,9,61,0,73,0,0,0,73
05/30/2011,SBP,CA,AWP,WE,Federal Contract Tower,3,16,19,0,38,0,2,134,0,136,3,18,153,0,174,34,0,34,208
05/31/2011,SBP,CA,AWP,WE,Federal Contract Tower,3,19,14,0,36,0,8,101,0,109,3,27,115,0,145,80,0,80,225
06/01/2011,SBP,CA,AWP,WE,Federal Contract Tower,3,23,13,2,41,0,5,87,0,92,3,28,100,2,133,152,0,152,285
06/02/2011,SBP,CA,AWP,WE,Federal Contract Tower,2,29,15,0,46,0,4,73,0,77,2,33,88,0,123,50,0,50,173
06/03/2011,SBP,CA,AWP,WE,Federal Contract Tower,3,25,13,0,41,0,7,160,0,167,3,32,173,0,208,124,0,124,332
06/04/2011,SBP,CA,AWP,WE,Federal Contract Tower,3,18,20,0,41,0,0,10,0,10,3,18,30,0,51,30,0,30,81
06/05/2011,SBP,CA,AWP,WE,Federal Contract Tower,2,21,19,0,42,0,0,14,0,14,2,21,33,0,56,16,0,16,72
06/06/2011,SBP,CA,AWP,WE,Federal Contract Tower,1,21,26,0,48,0,9,59,0,68,1,30,85,0,116,98,0,98,214
06/07/2011,SBP,CA,AWP,WE,Federal Contract Tower,2,24,10,0,36,0,5,93,0,98,2,29,103,0,134,113,0,113,247
06/08/2011,SBP,CA,AWP,WE,Federal Contract Tower,2,27,25,0,54,0,2,68,0,70,2,29,93,0,124,60,0,60,184
06/09/2011,SBP,CA,AWP,WE,Federal Contract Tower,3,29,33,3,68,0,7,72,1,80,3,36,105,4,148,192,0,192,340
06/10/2011,SBP,CA,AWP,WE,Federal Contract Tower,3,35,38,0,76,0,5,111,0,116,3,40,149,0,192,70,0,70,262
06/11/2011,SBP,CA,AWP,WE,Federal Contract Tower,2,20,14,2,38,0,2,87,0,89,2,22,101,2,127,124,0,124,251
06/12/2011,SBP,CA,AWP,WE,Federal Contract Tower,2,22,32,0,56,0,3,116,0,119,2,25,148,0,175,24,0,24,199
06/13/2011,SBP,CA,AWP,WE,Federal Contract Tower,2,19,22,0,43,0,3,79,0,82,2,22,101,0,125,62,0,62,187
06/14/2011,SBP,CA,AWP,WE,Federal Contract Tower,2,25,16,0,43,0,12,101,0,113,2,37,117,0,156,126,0,126,282
06/15/2011,SBP,CA,AWP,WE,Federal Contract Tower,2,29,19,0,50,0,2,116,0,118,2,31,135,0,168,128,0,128,296
06/16/2011,SBP,CA,AWP,WE,Federal Contract Tower,3,27,44,0,74,0,2,16,0,18,3,29,60,0,92,114,0,114,206
06/17/2011,SBP,CA,AWP,WE,Federal Contract Tower,2,22,21,0,45,0,3,92,0,95,2,25,113,0,140,142,0,142,282
06/18/2011,SBP,CA,AWP,WE,Federal Contract Tower,2,20,18,2,42,0,4,75,0,79,2,24,93,2,121,0,0,0,121
06/19/2011,SBP,CA,AWP,WE,Federal Contract Tower,2,20,12,0,34,0,0,56,0,56,2,20,68,0,90,4,0,4,94
06/20/2011,SBP,CA,AWP,WE,Federal Contract Tower,3,24,13,0,40,0,4,148,0,152,3,28,161,0,192,120,0,120,312
06/21/2011,SBP,CA,AWP,WE,Federal Contract Tower,2,25,12,0,39,0,3,130,0,133,2,28,142,0,172,208,0,208,380
06/22/2011,SBP,CA,AWP,WE,Federal Contract Tower,2,33,30,1,66,0,22,141,0,163,2,55,171,1,229,142,0,142,371
06/23/2011,SBP,CA,AWP,WE,Federal Contract Tower,3,23,24,1,51,0,11,119,1,131,3,34,143,2,182,144,0,144,326
06/24/2011,SBP,CA,AWP,WE,Federal Contract Tower,3,23,34,1,61,0,4,117,0,121,3,27,151,1,182,110,0,110,292
06/25/2011,SBP,CA,AWP,WE,Federal Contract Tower,2,19,18,0,39,0,3,100,0,103,2,22,118,0,142,52,0,52,194
06/26/2011,SBP,CA,AWP,WE,Federal Contract Tower,2,21,19,0,42,0,0,139,0,139,2,21,158,0,181,26,0,26,207
06/27/2011,SBP,CA,AWP,WE,Federal Contract Tower,2,30,16,2,50,0,7,94,0,101,2,37,110,2,151,38,4,42,193
06/28/2011,SBP,CA,AWP,WE,Federal Contract Tower,2,19,26,0,47,0,3,83,0,86,2,22,109,0,133,42,0,42,175
06/29/2011,SBP,CA,AWP,WE,Federal Contract Tower,2,28,16,0,46,0,18,63,0,81,2,46,79,0,127,60,0,60,187
06/30/2011,SBP,CA,AWP,WE,Federal Contract Tower,2,25,14,1,42,0,6,156,4,166,2,31,170,5,208,94,0,94,302
07/01/2011,SBP,CA,AWP,WE,Federal Contract Tower,2,26,19,1,48,0,6,182,0,188,2,32,201,1,236,108,0,108,344
07/02/2011,SBP,CA,AWP,WE,Federal Contract Tower,3,21,5,0,29,0,1,148,0,149,3,22,153,0,178,78,0,78,256
07/03/2011,SBP,CA,AWP,WE,Federal Contract Tower,2,7,12,0,21,0,0,119,0,119,2,7,131,0,140,80,0,80,220
07/04/2011,SBP,CA,AWP,WE,Federal Contract Tower,3,15,7,0,25,0,3,137,0,140,3,18,144,0,165,36,0,36,201
07/05/2011,SBP,CA,AWP,WE,Federal Contract Tower,2,22,18,0,42,0,5,126,0,131,2,27,144,0,173,100,0,100,273
07/06/2011,SBP,CA,AWP,WE,Federal Contract Tower,3,29,19,0,51,0,7,117,2,126,3,36,136,2,177,78,0,78,255
07/07/2011,SBP,CA,AWP,WE,Federal Contract Tower,2,25,12,1,40,0,3,110,0,113,2,28,122,1,153,82,0,82,235
07/08/2011,SBP,CA,AWP,WE,Federal Contract Tower,3,23,18,2,46,0,13,136,0,149,3,36,154,2,195,146,8,154,349
07/09/2011,SBP,CA,AWP,WE,Federal Contract Tower,2,20,28,0,50,0,4,168,0,172,2,24,196,0,222,70,0,70,292
07/10/2011,SBP,CA,AWP,WE,Federal Contract Tower,2,19,14,0,35,0,2,104,0,106,2,21,118,0,141,90,0,90,231
07/11/2011,SBP,CA,AWP,WE,Federal Contract Tower,3,24,27,0,54,0,2,100,0,102,3,26,127,0,156,26,0,26,182
07/12/2011,SBP,CA,AWP,WE,Federal Contract Tower,2,24,24,0,50,0,3,70,0,73,2,27,94,0,123,42,0,42,165
07/13/2011,SBP,CA,AWP,WE,Federal Contract Tower,2,33,35,0,70,0,7,79,0,86,2,40,114,0,156,40,0,40,196
07/14/2011,SBP,CA,AWP,WE,Federal Contract Tower,3,24,11,0,38,0,4,97,0,101,3,28,108,0,139,38,0,38,177
07/15/2011,SBP,CA,AWP,WE,Federal Contract Tower,2,27,16,1,46,0,2,87,0,89,2,29,103,1,135,68,0,68,203
07/16/2011,SBP,CA,AWP,WE,Federal Contract Tower,2,22,21,0,45,0,4,105,0,109,2,26,126,0,154,14,0,14,168
07/17/2011,SBP,CA,AWP,WE,Federal Contract Tower,2,20,12,0,34,0,27,166,0,193,2,47,178,0,227,64,0,64,291
07/18/2011,SBP,CA,AWP,WE,Federal Contract Tower,2,23,12,1,38,0,8,129,7,144,2,31,141,8,182,36,0,36,218
07/19/2011,SBP,CA,AWP,WE,Federal Contract Tower,2,25,14,2,43,0,4,113,0,117,2,29,127,2,160,164,0,164,324
07/20/2011,SBP,CA,AWP,WE,Federal Contract Tower,2,19,30,3,54,0,8,124,3,135,2,27,154,6,189,98,0,98,287
07/21/2011,SBP,CA,AWP,WE,Federal Contract Tower,3,25,25,0,53,0,3,95,0,98,3,28,120,0,151,42,0,42,193
07/22/2011,SBP,CA,AWP,WE,Federal Contract Tower,3,30,17,0,50,0,3,96,0,99,3,33,113,0,149,72,0,72,221
07/23/2011,SBP,CA,AWP,WE,Federal Contract Tower,2,23,22,0,47,0,0,111,0,111,2,23,133,0,158,100,0,100,258
07/24/2011,SBP,CA,AWP,WE,Federal Contract Tower,2,22,20,0,44,0,0,154,0,154,2,22,174,0,198,66,0,66,264
07/25/2011,SBP,CA,AWP,WE,Federal Contract Tower,2,25,26,0,53,0,10,111,0,121,2,35,137,0,174,100,0,100,274
07/26/2011,SBP,CA,AWP,WE,Federal Contract Tower,2,27,25,0,54,0,5,103,0,108,2,32,128,0,162,68,0,68,230
07/27/2011,SBP,CA,AWP,WE,Federal Contract Tower,3,29,22,0,54,0,1,58,4,63,3,30,80,4,117,12,0,12,129
07/28/2011,SBP,CA,AWP,WE,Federal Contract Tower,2,25,32,1,60,0,5,96,0,101,2,30,128,1,161,38,0,38,199
07/29/2011,SBP,CA,AWP,WE,Federal Contract Tower,3,25,27,0,55,0,4,100,0,104,3,29,127,0,159,70,0,70,229
07/30/2011,SBP,CA,AWP,WE,Federal Contract Tower,5,17,17,0,39,0,6,111,0,117,5,23,128,0,156,58,0,58,214
07/31/2011,SBP,CA,AWP,WE,Federal Contract Tower,2,21,15,0,38,0,1,98,0,99,2,22,113,0,137,44,0,44,181
08/01/2011,SBP,CA,AWP,WE,Federal Contract Tower,2,23,13,0,38,0,9,126,0,135,2,32,139,0,173,48,0,48,221
08/02/2011,SBP,CA,AWP,WE,Federal Contract Tower,3,22,15,0,40,0,5,112,0,117,3,27,127,0,157,60,0,60,217
08/03/2011,SBP,CA,AWP,WE,Federal Contract Tower,2,30,29,0,61,0,1,83,0,84,2,31,112,0,145,60,0,60,205
08/04/2011,SBP,CA,AWP,WE,Federal Contract Tower,2,25,14,2,43,0,6,110,0,116,2,31,124,2,159,76,0,76,235
08/05/2011,SBP,CA,AWP,WE,Federal Contract Tower,2,26,23,1,52,0,1,85,0,86,2,27,108,1,138,40,0,40,178
08/06/2011,SBP,CA,AWP,WE,Federal Contract Tower,2,21,18,3,44,0,0,136,3,139,2,21,154,6,183,70,0,70,253
08/07/2011,SBP,CA,AWP,WE,Federal Contract Tower,2,24,23,0,49,0,0,137,1,138,2,24,160,1,187,44,0,44,231
08/08/2011,SBP,CA,AWP,WE,Federal Contract Tower,2,24,13,1,40,0,12,80,1,93,2,36,93,2,133,30,0,30,163
08/09/2011,SBP,CA,AWP,WE,Federal Contract Tower,2,27,17,0,46,0,0,91,1,92,2,27,108,1,138,110,8,118,256
08/10/2011,SBP,CA,AWP,WE,Federal Contract Tower,2,33,27,0,62,0,4,58,0,62,2,37,85,0,124,54,0,54,178
08/11/2011,SBP,CA,AWP,WE,Federal Contract Tower,2,27,39,0,68,0,1,61,0,62,2,28,100,0,130,76,0,76,206
08/12/2011,SBP,CA,AWP,WE,Federal Contract Tower,4,23,21,0,48,0,3,89,0,92,4,26,110,0,140,140,0,140,280
08/13/2011,SBP,CA,AWP,WE,Federal Contract Tower,2,19,17,1,39,0,124,10,0,134,2,143,27,1,173,32,0,32,205
08/14/2011,SBP,CA,AWP,WE,Federal Contract Tower,2,19,14,0,35,0,0,148,0,148,2,19,162,0,183,74,0,74,257
08/15/2011,SBP,CA,AWP,WE,Federal Contract Tower,2,29,9,0,40,0,10,101,3,114,2,39,110,3,154,142,0,142,296
08/16/2011,SBP,CA,AWP,WE,Federal Contract Tower,2,27,16,0,45,0,2,105,0,107,2,29,121,0,152,110,0,110,262
08/17/2011,SBP,CA,AWP,WE,Federal Contract Tower,2,29,20,0,51,0,1,94,0,95,2,30,114,0,146,142,0,142,288
08/18/2011,SBP,CA,AWP,WE,Federal Contract Tower,2,26,19,0,47,0,6,105,0,111,2,32,124,0,158,130,0,130,288
08/19/2011,SBP,CA,AWP,WE,Federal Contract Tower,2,27,19,0,48,0,1,101,0,102,2,28,120,0,150,96,0,96,246
08/20/2011,SBP,CA,AWP,WE,Federal Contract Tower,2,19,25,0,46,0,0,91,0,91,2,19,116,0,137,80,0,80,217
08/21/2011,SBP,CA,AWP,WE,Federal Contract Tower,2,21,14,0,37,0,2,110,0,112,2,23,124,0,149,56,0,56,205
08/22/2011,SBP,CA,AWP,WE,Federal Contract Tower,2,22,13,0,37,0,5,53,0,58,2,27,66,0,95,46,0,46,141
08/23/2011,SBP,CA,AWP,WE,Federal Contract Tower,2,28,21,0,51,0,3,139,0,142,2,31,160,0,193,114,0,114,307
08/24/2011,SBP,CA,AWP,WE,Federal Contract Tower,2,27,16,0,45,0,3,169,0,172,2,30,185,0,217,104,0,104,321
08/25/2011,SBP,CA,AWP,WE,Federal Contract Tower,2,28,20,4,54,0,0,120,0,120,2,28,140,4,174,148,0,148,322
08/26/2011,SBP,CA,AWP,WE,Federal Contract Tower,2,32,21,0,55,0,9,78,2,89,2,41,99,2,144,70,0,70,214
08/27/2011,SBP,CA,AWP,WE,Federal Contract Tower,2,22,15,1,40,0,0,104,0,104,2,22,119,1,144,82,0,82,226
08/28/2011,SBP,CA,AWP,WE,Federal Contract Tower,2,20,18,0,40,0,3,105,0,108,2,23,123,0,148,36,0,36,184
08/29/2011,SBP,CA,AWP,WE,Federal Contract Tower,2,22,25,1,50,0,4,61,1,66,2,26,86,2,116,70,0,70,186
08/30/2011,SBP,CA,AWP,WE,Federal Contract Tower,1,23,23,0,47,0,12,53,0,65,1,35,76,0,112,58,0,58,170
08/31/2011,SBP,CA,AWP,WE,Federal Contract Tower,3,30,25,1,59,0,4,104,1,109,3,34,129,2,168,76,0,76,244
09/01/2011,SBP,CA,AWP,WE,Federal Contract Tower,2,29,15,0,46,0,6,85,0,91,2,35,100,0,137,12,0,12,149
09/02/2011,SBP,CA,AWP,WE,Federal Contract Tower,2,26,25,0,53,0,15,123,0,138,2,41,148,0,191,72,0,72,263
09/03/2011,SBP,CA,AWP,WE,Federal Contract Tower,2,19,22,0,43,0,1,134,0,135,2,20,156,0,178,146,0,146,324
09/04/2011,SBP,CA,AWP,WE,Federal Contract Tower,2,12,14,1,29,0,1,106,0,107,2,13,120,1,136,24,0,24,160
09/05/2011,SBP,CA,AWP,WE,Federal Contract Tower,2,19,30,0,51,0,0,136,0,136,2,19,166,0,187,44,0,44,231
09/06/2011,SBP,CA,AWP,WE,Federal Contract Tower,2,26,15,0,43,0,5,85,1,91,2,31,100,1,134,90,0,90,224
09/07/2011,SBP,CA,AWP,WE,Federal Contract Tower,2,21,10,0,33,0,8,91,0,99,2,29,101,0,132,70,0,70,202
09/08/2011,SBP,CA,AWP,WE,Federal Contract Tower,2,30,32,2,66,0,15,146,0,161,2,45,178,2,227,94,0,94,321
09/09/2011,SBP,CA,AWP,WE,Federal Contract Tower,2,29,20,0,51,0,1,136,0,137,2,30,156,0,188,122,0,122,310
09/10/2011,SBP,CA,AWP,WE,Federal Contract Tower,2,22,15,2,41,0,4,62,0,66,2,26,77,2,107,56,0,56,163
09/11/2011,SBP,CA,AWP,WE,Federal Contract Tower,2,22,34,0,58,0,0,66,0,66,2,22,100,0,124,72,0,72,196
09/12/2011,SBP,CA,AWP,WE,Federal Contract Tower,4,24,12,2,42,0,5,87,0,92,4,29,99,2,134,56,0,56,190
09/13/2011,SBP,CA,AWP,WE,Federal Contract Tower,2,25,10,0,37,0,7,76,0,83,2,32,86,0,120,46,0,46,166
09/14/2011,SBP,CA,AWP,WE,Federal Contract Tower,2,24,30,0,56,0,0,75,0,75,2,24,105,0,131,58,0,58,189
09/15/2011,SBP,CA,AWP,WE,Federal Contract Tower,2,30,38,0,70,0,0,103,0,103,2,30,141,0,173,46,0,46,219
09/16/2011,SBP,CA,AWP,WE,Federal Contract Tower,2,29,23,2,56,0,6,93,8,107,2,35,116,10,163,34,0,34,197
09/17/2011,SBP,CA,AWP,WE,Federal Contract Tower,2,22,28,1,53,0,8,92,0,100,2,30,120,1,153,54,0,54,207
09/18/2011,SBP,CA,AWP,WE,Federal Contract Tower,3,18,12,0,33,0,0,121,1,122,3,18,133,1,155,32,2,34,189
09/19/2011,SBP,CA,AWP,WE,Federal Contract Tower,2,21,13,0,36,0,7,86,0,93,2,28,99,0,129,86,0,86,215
09/20/2011,SBP,CA,AWP,WE,Federal Contract Tower,2,21,9,3,35,0,3,85,0,88,2,24,94,3,123,70,4,74,197
09/21/2011,SBP,CA,AWP,WE,Federal Contract Tower,2,24,14,1,41,0,0,49,0,49,2,24,63,1,90,70,0,70,160
09/22/2011,SBP,CA,AWP,WE,Federal Contract Tower,2,30,19,0,51,0,4,80,4,88,2,34,99,4,139,36,0,36,175
09/23/2011,SBP,CA,AWP,WE,Federal Contract Tower,2,24,11,0,37,0,5,101,0,106,2,29,112,0,143,102,0,102,245
09/24/2011,SBP,CA,AWP,WE,Federal Contract Tower,2,21,30,0,53,0,0,36,0,36,2,21,66,0,89,52,0,52,141
09/25/2011,SBP,CA,AWP,WE,Federal Contract Tower,2,19,18,0,39,0,2,77,0,79,2,21,95,0,118,50,0,50,168
09/26/2011,SBP,CA,AWP,WE,Federal Contract Tower,2,23,11,0,36,0,3,65,0,68,2,26,76,0,104,22,0,22,126
09/27/2011,SBP,CA,AWP,WE,Federal Contract Tower,2,18,12,0,32,0,7,120,0,127,2,25,132,0,159,58,0,58,217
09/28/2011,SBP,CA,AWP,WE,Federal Contract Tower,2,22,22,0,46,0,8,118,0,126,2,30,140,0,172,108,0,108,280
09/29/2011,SBP,CA,AWP,WE,Federal Contract Tower,2,28,28,2,60,0,5,87,0,92,2,33,115,2,152,30,0,30,182
09/30/2011,SBP,CA,AWP,WE,Federal Contract Tower,2,26,25,0,53,0,1,91,0,92,2,27,116,0,145,72,0,72,217
10/01/2011,SBP,CA,AWP,WE,Federal Contract Tower,2,21,12,0,35,0,1,121,0,122,2,22,133,0,157,106,0,106,263
10/02/2011,SBP,CA,AWP,WE,Federal Contract Tower,2,20,12,0,34,0,0,103,0,103,2,20,115,0,137,104,0,104,241
10/03/2011,SBP,CA,AWP,WE,Federal Contract Tower,2,19,8,1,30,0,5,80,0,85,2,24,88,1,115,48,2,50,165
10/04/2011,SBP,CA,AWP,WE,Federal Contract Tower,2,20,26,0,48,0,1,11,2,14,2,21,37,2,62,30,0,30,92
10/05/2011,SBP,CA,AWP,WE,Federal Contract Tower,2,22,13,2,39,0,1,36,0,37,2,23,49,2,76,32,0,32,108
10/06/2011,SBP,CA,AWP,WE,Federal Contract Tower,2,28,9,4,43,0,1,81,4,86,2,29,90,8,129,98,0,98,227
10/07/2011,SBP,CA,AWP,WE,Federal Contract Tower,2,24,19,0,45,0,1,151,2,154,2,25,170,2,199,86,0,86,285
10/08/2011,SBP,CA,AWP,WE,Federal Contract Tower,2,18,11,0,31,0,1,150,0,151,2,19,161,0,182,172,0,172,354
10/09/2011,SBP,CA,AWP,WE,Federal Contract Tower,2,18,14,0,34,0,2,122,0,124,2,20,136,0,158,30,0,30,188
10/10/2011,SBP,CA,AWP,WE,Federal Contract Tower,2,18,24,0,44,0,4,78,0,82,2,22,102,0,126,92,0,92,218
10/11/2011,SBP,CA,AWP,WE,Federal Contract Tower,2,23,4,0,29,0,2,62,0,64,2,25,66,0,93,46,0,46,139
10/12/2011,SBP,CA,AWP,WE,Federal Contract Tower,2,29,8,0,39,0,3,76,0,79,2,32,84,0,118,10,0,10,128
10/13/2011,SBP,CA,AWP,WE,Federal Contract Tower,2,29,20,2,53,0,1,151,1,153,2,30,171,3,206,86,2,88,294
10/14/2011,SBP,CA,AWP,WE,Federal Contract Tower,2,27,10,4,43,0,5,139,0,144,2,32,149,4,187,116,0,116,303
10/15/2011,SBP,CA,AWP,WE,Federal Contract Tower,2,20,18,4,44,0,1,97,0,98,2,21,115,4,142,120,0,120,262
10/16/2011,SBP,CA,AWP,WE,Federal Contract Tower,2,19,24,0,45,0,0,117,0,117,2,19,141,0,162,102,0,102,264
10/17/2011,SBP,CA,AWP,WE,Federal Contract Tower,2,25,19,0,46,0,2,73,0,75,2,27,92,0,121,34,0,34,155
10/18/2011,SBP,CA,AWP,WE,Federal Contract Tower,2,23,25,0,50,0,0,31,0,31,2,23,56,0,81,54,0,54,135
10/19/2011,SBP,CA,AWP,WE,Federal Contract Tower,2,24,10,0,36,0,5,61,0,66,2,29,71,0,102,48,0,48,150
10/20/2011,SBP,CA,AWP,WE,Federal Contract Tower,0,24,17,0,41,0,2,95,0,97,0,26,112,0,138,156,0,156,294
10/21/2011,SBP,CA,AWP,WE,Federal Contract Tower,2,22,17,0,41,0,4,105,7,116,2,26,122,7,157,124,0,124,281
10/22/2011,SBP,CA,AWP,WE,Federal Contract Tower,2,15,13,0,30,0,1,117,0,118,2,16,130,0,148,70,0,70,218
10/23/2011,SBP,CA,AWP,WE,Federal Contract Tower,2,18,13,0,33,0,1,145,0,146,2,19,158,0,179,76,0,76,255
10/24/2011,SBP,CA,AWP,WE,Federal Contract Tower,2,28,44,0,74,0,4,37,0,41,2,32,81,0,115,24,0,24,139
10/25/2011,SBP,CA,AWP,WE,Federal Contract Tower,2,24,20,0,46,0,8,52,0,60,2,32,72,0,106,94,0,94,200
10/26/2011,SBP,CA,AWP,WE,Federal Contract Tower,2,25,17,0,44,0,2,103,1,106,2,27,120,1,150,112,0,112,262
10/27/2011,SBP,CA,AWP,WE,Federal Contract Tower,2,28,13,1,44,0,3,131,0,134,2,31,144,1,178,134,0,134,312
10/28/2011,SBP,CA,AWP,WE,Federal Contract Tower,2,22,17,0,41,0,7,144,2,153,2,29,161,2,194,112,0,112,306
10/29/2011,SBP,CA,AWP,WE,Federal Contract Tower,3,17,14,0,34,0,0,127,0,127,3,17,141,0,161,80,0,80,241
10/30/2011,SBP,CA,AWP,WE,Federal Contract Tower,2,19,14,0,35,0,7,131,6,144,2,26,145,6,179,50,0,50,229
10/31/2011,SBP,CA,AWP,WE,Federal Contract Tower,2,22,13,0,37,0,5,81,0,86,2,27,94,0,123,140,0,140,263
11/01/2011,SBP,CA,AWP,WE,Federal Contract Tower,2,29,17,3,51,0,2,100,2,104,2,31,117,5,155,56,0,56,211
11/02/2011,SBP,CA,AWP,WE,Federal Contract Tower,2,27,7,0,36,0,8,102,0,110,2,35,109,0,146,42,0,42,188
11/03/2011,SBP,CA,AWP,WE,Federal Contract Tower,2,30,18,2,52,0,7,85,1,93,2,37,103,3,145,42,0,42,187
11/04/2011,SBP,CA,AWP,WE,Federal Contract Tower,2,26,21,0,49,0,1,36,0,37,2,27,57,0,86,92,0,92,178
11/05/2011,SBP,CA,AWP,WE,Federal Contract Tower,2,20,25,0,47,0,5,99,0,104,2,25,124,0,151,120,0,120,271
11/06/2011,SBP,CA,AWP,WE,Federal Contract Tower,2,21,18,0,41,0,2,41,0,43,2,23,59,0,84,36,0,36,120
11/07/2011,SBP,CA,AWP,WE,Federal Contract Tower,2,26,7,0,35,0,17,103,0,120,2,43,110,0,155,54,0,54,209
11/08/2011,SBP,CA,AWP,WE,Federal Contract Tower,2,24,8,1,35,0,12,110,0,122,2,36,118,1,157,130,0,130,287
11/09/2011,SBP,CA,AWP,WE,Federal Contract Tower,2,27,13,0,42,0,7,159,0,166,2,34,172,0,208,106,0,106,314
11/10/2011,SBP,CA,AWP,WE,Federal Contract Tower,1,28,24,0,53,0,8,110,0,118,1,36,134,0,171,108,0,108,279
11/11/2011,SBP,CA,AWP,WE,Federal Contract Tower,2,30,21,0,53,0,1,27,0,28,2,31,48,0,81,42,0,42,123
11/12/2011,SBP,CA,AWP,WE,Federal Contract Tower,2,23,18,0,43,0,3,82,0,85,2,26,100,0,128,108,0,108,236
11/13/2011,SBP,CA,AWP,WE,Federal Contract Tower,2,24,23,0,49,0,2,140,0,142,2,26,163,0,191,114,0,114,305
11/14/2011,SBP,CA,AWP,WE,Federal Contract Tower,2,27,38,0,67,0,7,95,0,102,2,34,133,0,169,94,0,94,263
11/15/2011,SBP,CA,AWP,WE,Federal Contract Tower,2,24,16,2,44,0,13,112,0,125,2,37,128,2,169,168,10,178,347
11/16/2011,SBP,CA,AWP,WE,Federal Contract Tower,2,25,9,0,36,0,7,85,0,92,2,32,94,0,128,176,0,176,304
11/17/2011,SBP,CA,AWP,WE,Federal Contract Tower,2,31,33,0,66,0,4,130,0,134,2,35,163,0,200,156,0,156,356
11/18/2011,SBP,CA,AWP,WE,Federal Contract Tower,2,40,21,0,63,0,3,43,2,48,2,43,64,2,111,108,0,108,219
11/19/2011,SBP,CA,AWP,WE,Federal Contract Tower,2,20,22,0,44,0,0,181,0,181,2,20,203,0,225,200,0,200,425
11/20/2011,SBP,CA,AWP,WE,Federal Contract Tower,0,20,13,0,33,0,0,0,0,0,0,20,13,0,33,0,0,0,33
11/21/2011,SBP,CA,AWP,WE,Federal Contract Tower,2,24,16,0,42,0,0,126,0,126,2,24,142,0,168,106,0,106,274
11/22/2011,SBP,CA,AWP,WE,Federal Contract Tower,2,26,16,0,44,0,5,154,0,159,2,31,170,0,203,136,0,136,339
11/23/2011,SBP,CA,AWP,WE,Federal Contract Tower,2,31,24,0,57,0,6,86,0,92,2,37,110,0,149,76,0,76,225
11/24/2011,SBP,CA,AWP,WE,Federal Contract Tower,2,17,8,0,27,0,0,11,0,11,2,17,19,0,38,30,0,30,68
11/25/2011,SBP,CA,AWP,WE,Federal Contract Tower,2,22,9,0,33,0,3,87,0,90,2,25,96,0,123,56,0,56,179
11/26/2011,SBP,CA,AWP,WE,Federal Contract Tower,2,23,10,0,35,0,166,1,0,167,2,189,11,0,202,140,0,140,342
11/27/2011,SBP,CA,AWP,WE,Federal Contract Tower,2,18,26,0,46,0,0,154,0,154,2,18,180,0,200,94,0,94,294
11/28/2011,SBP,CA,AWP,WE,Federal Contract Tower,2,27,9,0,38,0,5,108,0,113,2,32,117,0,151,100,0,100,251
11/29/2011,SBP,CA,AWP,WE,Federal Contract Tower,2,23,12,0,37,0,7,82,2,91,2,30,94,2,128,148,0,148,276
11/30/2011,SBP,CA,AWP,WE,Federal Contract Tower,2,30,13,5,50,0,7,55,0,62,2,37,68,5,112,80,14,94,206
12/01/2011,SBP,CA,AWP,WE,Federal Contract Tower,2,30,4,2,38,0,1,18,0,19,2,31,22,2,57,0,0,0,57
12/02/2011,SBP,CA,AWP,WE,Federal Contract Tower,3,28,17,2,50,0,13,98,1,112,3,41,115,3,162,100,0,100,262
12/03/2011,SBP,CA,AWP,WE,Federal Contract Tower,4,17,14,0,35,0,3,115,0,118,4,20,129,0,153,64,0,64,217
12/04/2011,SBP,CA,AWP,WE,Federal Contract Tower,3,19,10,0,32,0,0,105,0,105,3,19,115,0,137,38,0,38,175
12/05/2011,SBP,CA,AWP,WE,Federal Contract Tower,2,25,14,0,41,0,5,100,0,105,2,30,114,0,146,160,0,160,306
12/06/2011,SBP,CA,AWP,WE,Federal Contract Tower,3,20,13,0,36,0,6,89,2,97,3,26,102,2,133,68,0,68,201
12/07/2011,SBP,CA,AWP,WE,Federal Contract Tower,3,23,15,0,41,0,5,95,0,100,3,28,110,0,141,60,0,60,201
12/08/2011,SBP,CA,AWP,WE,Federal Contract Tower,3,29,20,0,52,0,17,120,0,137,3,46,140,0,189,118,0,118,307
12/09/2011,SBP,CA,AWP,WE,Federal Contract Tower,3,26,15,0,44,0,5,118,0,123,3,31,133,0,167,132,0,132,299
12/10/2011,SBP,CA,AWP,WE,Federal Contract Tower,4,17,9,1,31,0,2,118,2,122,4,19,127,3,153,84,0,84,237
12/11/2011,SBP,CA,AWP,WE,Federal Contract Tower,3,20,28,0,51,0,6,41,0,47,3,26,69,0,98,24,0,24,122
12/12/2011,SBP,CA,AWP,WE,Federal Contract Tower,3,24,13,0,40,0,3,6,0,9,3,27,19,0,49,44,0,44,93
12/13/2011,SBP,CA,AWP,WE,Federal Contract Tower,3,32,10,0,45,0,10,110,0,120,3,42,120,0,165,134,0,134,299
12/14/2011,SBP,CA,AWP,WE,Federal Contract Tower,3,26,16,0,45,0,15,105,0,120,3,41,121,0,165,128,0,128,293
12/15/2011,SBP,CA,AWP,WE,Federal Contract Tower,3,29,21,0,53,0,4,63,0,67,3,33,84,0,120,180,0,180,300
12/16/2011,SBP,CA,AWP,WE,Federal Contract Tower,3,30,19,4,56,0,8,134,4,146,3,38,153,8,202,146,0,146,348
12/17/2011,SBP,CA,AWP,WE,Federal Contract Tower,3,19,15,0,37,0,0,107,0,107,3,19,122,0,144,124,0,124,268
12/18/2011,SBP,CA,AWP,WE,Federal Contract Tower,3,15,20,0,38,0,0,82,0,82,3,15,102,0,120,106,0,106,226
12/19/2011,SBP,CA,AWP,WE,Federal Contract Tower,3,23,26,0,52,0,3,54,0,57,3,26,80,0,109,50,0,50,159
12/20/2011,SBP,CA,AWP,WE,Federal Contract Tower,3,29,12,0,44,0,6,122,0,128,3,35,134,0,172,94,0,94,266
12/21/2011,SBP,CA,AWP,WE,Federal Contract Tower,3,26,12,2,43,0,2,104,0,106,3,28,116,2,149,102,0,102,251
12/22/2011,SBP,CA,AWP,WE,Federal Contract Tower,3,27,12,0,42,0,8,82,1,91,3,35,94,1,133,102,0,102,235
12/23/2011,SBP,CA,AWP,WE,Federal Contract Tower,3,30,6,0,39,0,9,86,0,95,3,39,92,0,134,164,0,164,298
12/24/2011,SBP,CA,AWP,WE,Federal Contract Tower,3,19,4,0,26,0,2,92,14,108,3,21,96,14,134,32,0,32,166
12/25/2011,SBP,CA,AWP,WE,Federal Contract Tower,3,19,2,0,24,0,0,44,0,44,3,19,46,0,68,4,0,4,72
12/26/2011,SBP,CA,AWP,WE,Federal Contract Tower,3,22,15,0,40,0,0,84,0,84,3,22,99,0,124,32,0,32,156
12/27/2011,SBP,CA,AWP,WE,Federal Contract Tower,3,25,15,2,45,0,6,125,1,132,3,31,140,3,177,72,0,72,249
12/28/2011,SBP,CA,AWP,WE,Federal Contract Tower,3,26,16,0,45,0,2,121,0,123,3,28,137,0,168,102,0,102,270
12/29/2011,SBP,CA,AWP,WE,Federal Contract Tower,3,28,10,0,41,0,2,93,0,95,3,30,103,0,136,52,0,52,188
12/30/2011,SBP,CA,AWP,WE,Federal Contract Tower,3,29,14,0,46,0,9,97,0,106,3,38,111,0,152,118,0,118,270
12/31/2011,SBP,CA,AWP,WE,Federal Contract Tower,3,21,4,0,28,0,0,110,0,110,3,21,114,0,138,84,0,84,222
01/01/2012,SBP,CA,AWP,WE,Federal Contract Tower,3,21,12,0,36,0,0,72,0,72,3,21,84,0,108,26,0,26,134
01/02/2012,SBP,CA,AWP,WE,Federal Contract Tower,2,17,25,0,44,0,2,68,0,70,2,19,93,0,114,48,0,48,162
01/03/2012,SBP,CA,AWP,WE,Federal Contract Tower,3,21,7,0,31,0,3,65,0,68,3,24,72,0,99,36,0,36,135
01/04/2012,SBP,CA,AWP,WE,Federal Contract Tower,0,29,7,0,36,0,3,107,0,110,0,32,114,0,146,86,0,86,232
01/05/2012,SBP,CA,AWP,WE,Federal Contract Tower,0,32,14,0,46,0,14,114,0,128,0,46,128,0,174,54,0,54,228
01/06/2012,SBP,CA,AWP,WE,Federal Contract Tower,0,32,13,0,45,0,15,141,0,156,0,47,154,0,201,128,0,128,329
01/07/2012,SBP,CA,AWP,WE,Federal Contract Tower,0,25,8,0,33,0,5,118,0,123,0,30,126,0,156,50,0,50,206
01/08/2012,SBP,CA,AWP,WE,Federal Contract Tower,0,20,9,0,29,0,1,109,0,110,0,21,118,0,139,68,0,68,207
01/09/2012,SBP,CA,AWP,WE,Federal Contract Tower,0,27,15,0,42,0,1,75,0,76,0,28,90,0,118,142,0,142,260
01/10/2012,SBP,CA,AWP,WE,Federal Contract Tower,0,27,19,0,46,0,0,89,0,89,0,27,108,0,135,120,0,120,255
01/11/2012,SBP,CA,AWP,WE,Federal Contract Tower,0,27,8,0,35,0,13,95,0,108,0,40,103,0,143,56,0,56,199
01/12/2012,SBP,CA,AWP,WE,Federal Contract Tower,0,29,9,0,38,0,4,122,1,127,0,33,131,1,165,62,12,74,239
01/13/2012,SBP,CA,AWP,WE,Federal Contract Tower,0,36,11,0,47,0,12,119,0,131,0,48,130,0,178,106,0,106,284
01/14/2012,SBP,CA,AWP,WE,Federal Contract Tower,0,24,14,0,38,0,1,111,3,115,0,25,125,3,153,116,8,124,277
01/15/2012,SBP,CA,AWP,WE,Federal Contract Tower,0,21,17,0,38,0,2,87,0,89,0,23,104,0,127,18,0,18,145
01/16/2012,SBP,CA,AWP,WE,Federal Contract Tower,0,28,17,1,46,0,0,96,0,96,0,28,113,1,142,82,2,84,226
01/17/2012,SBP,CA,AWP,WE,Federal Contract Tower,0,26,11,0,37,0,0,84,0,84,0,26,95,0,121,118,0,118,239
01/18/2012,SBP,CA,AWP,WE,Federal Contract Tower,0,28,16,0,44,0,3,91,0,94,0,31,107,0,138,146,0,146,284
01/19/2012,SBP,CA,AWP,WE,Federal Contract Tower,0,28,11,3,42,0,7,110,0,117,0,35,121,3,159,100,2,102,261
01/20/2012,SBP,CA,AWP,WE,Federal Contract Tower,0,30,31,0,61,0,1,41,0,42,0,31,72,0,103,156,0,156,259
01/21/2012,SBP,CA,AWP,WE,Federal Contract Tower,2,25,11,0,38,0,0,45,0,45,2,25,56,0,83,18,0,18,101
01/22/2012,SBP,CA,AWP,WE,Federal Contract Tower,0,22,21,0,43,0,3,87,0,90,0,25,108,0,133,34,0,34,167
01/23/2012,SBP,CA,AWP,WE,Federal Contract Tower,0,24,20,0,44,0,2,3,0,5,0,26,23,0,49,3,1,4,53
01/24/2012,SBP,CA,AWP,WE,Federal Contract Tower,0,35,13,3,51,0,4,71,2,77,0,39,84,5,128,160,0,160,288
01/25/2012,SBP,CA,AWP,WE,Federal Contract Tower,0,21,13,0,34,0,5,68,2,75,0,26,81,2,109,76,0,76,185
01/26/2012,SBP,CA,AWP,WE,Federal Contract Tower,0,31,15,2,48,0,3,109,0,112,0,34,124,2,160,34,4,38,198
01/27/2012,SBP,CA,AWP,WE,Federal Contract Tower,0,26,11,0,37,0,10,100,0,110,0,36,111,0,147,32,0,32,179
01/28/2012,SBP,CA,AWP,WE,Federal Contract Tower,0,22,11,0,33,0,2,135,0,137,0,24,146,0,170,112,0,112,282
01/29/2012,SBP,CA,AWP,WE,Federal Contract Tower,0,24,9,0,33,0,2,136,0,138,0,26,145,0,171,54,0,54,225
01/30/2012,SBP,CA,AWP,WE,Federal Contract Tower,0,25,11,0,36,0,11,66,0,77,0,36,77,0,113,96,0,96,209
01/31/2012,SBP,CA,AWP,WE,Federal Contract Tower,0,26,9,0,35,0,11,56,2,69,0,37,65,2,104,164,0,164,268
02/01/2012,SBP,CA,AWP,WE,Federal Contract Tower,0,24,23,0,47,0,3,78,0,81,0,27,101,0,128,142,0,142,270
02/02/2012,SBP,CA,AWP,WE,Federal Contract Tower,0,31,18,1,50,0,10,100,0,110,0,41,118,1,160,182,0,182,342
02/03/2012,SBP,CA,AWP,WE,Federal Contract Tower,0,31,16,0,47,0,11,134,2,147,0,42,150,2,194,168,0,168,362
02/04/2012,SBP,CA,AWP,WE,Federal Contract Tower,2,21,6,0,29,0,1,125,0,126,2,22,131,0,155,94,0,94,249
02/05/2012,SBP,CA,AWP,WE,Federal Contract Tower,0,22,11,0,33,0,0,135,0,135,0,22,146,0,168,90,0,90,258
02/06/2012,SBP,CA,AWP,WE,Federal Contract Tower,0,24,21,0,45,0,9,64,0,73,0,33,85,0,118,106,0,106,224
02/07/2012,SBP,CA,AWP,WE,Federal Contract Tower,0,24,16,0,40,0,4,9,0,13,0,28,25,0,53,46,0,46,99
02/08/2012,SBP,CA,AWP,WE,Federal Contract Tower,0,23,12,0,35,0,2,81,0,83,0,25,93,0,118,134,0,134,252
02/09/2012,SBP,CA,AWP,WE,Federal Contract Tower,0,33,9,2,44,0,22,134,0,156,0,55,143,2,200,182,20,202,402
02/10/2012,SBP,CA,AWP,WE,Federal Contract Tower,0,33,33,4,70,0,9,98,4,111,0,42,131,8,181,44,0,44,225
02/11/2012,SBP,CA,AWP,WE,Federal Contract Tower,2,23,28,0,53,0,0,22,0,22,2,23,50,0,75,20,0,20,95
02/12/2012,SBP,CA,AWP,WE,Federal Contract Tower,0,23,21,0,44,0,0,103,0,103,0,23,124,0,147,56,0,56,203
02/13/2012,SBP,CA,AWP,WE,Federal Contract Tower,0,28,21,0,49,0,9,11,2,22,0,37,32,2,71,6,0,6,77
02/14/2012,SBP,CA,AWP,WE,Federal Contract Tower,0,28,13,0,41,0,17,95,0,112,0,45,108,0,153,116,0,116,269
02/15/2012,SBP,CA,AWP,WE,Federal Contract Tower,0,28,12,0,40,0,4,72,0,76,0,32,84,0,116,160,0,160,276
02/16/2012,SBP,CA,AWP,WE,Federal Contract Tower,0,29,20,2,51,0,4,118,0,122,0,33,138,2,173,70,0,70,243
02/17/2012,SBP,CA,AWP,WE,Federal Contract Tower,0,26,12,0,38,0,3,154,0,157,0,29,166,0,195,104,0,104,299
02/18/2012,SBP,CA,AWP,WE,Federal Contract Tower,2,24,20,0,46,0,3,57,0,60,2,27,77,0,106,70,0,70,176
02/19/2012,SBP,CA,AWP,WE,Federal Contract Tower,0,22,14,0,36,0,2,109,0,111,0,24,123,0,147,88,0,88,235
02/20/2012,SBP,CA,AWP,WE,Federal Contract Tower,0,27,23,0,50,0,4,86,0,90,0,31,109,0,140,40,0,40,180
02/21/2012,SBP,CA,AWP,WE,Federal Contract Tower,0,33,16,2,51,0,6,95,1,102,0,39,111,3,153,56,10,66,219
02/22/2012,SBP,CA,AWP,WE,Federal Contract Tower,0,25,9,5,39,0,3,80,0,83,0,28,89,5,122,112,0,112,234
02/23/2012,SBP,CA,AWP,WE,Federal Contract Tower,0,30,7,2,39,0,10,92,0,102,0,40,99,2,141,82,0,82,223
02/24/2012,SBP,CA,AWP,WE,Federal Contract Tower,0,31,14,2,47,0,5,116,0,121,0,36,130,2,168,126,0,126,294
02/25/2012,SBP,CA,AWP,WE,Federal Contract Tower,2,23,18,1,44,0,1,108,0,109,2,24,126,1,153,118,0,118,271
02/26/2012,SBP,CA,AWP,WE,Federal Contract Tower,0,25,12,1,38,0,1,122,0,123,0,26,134,1,161,84,0,84,245
02/27/2012,SBP,CA,AWP,WE,Federal Contract Tower,0,25,14,1,40,0,4,34,0,38,0,29,48,1,78,46,0,46,124
02/28/2012,SBP,CA,AWP,WE,Federal Contract Tower,0,27,11,0,38,0,3,74,0,77,0,30,85,0,115,102,0,102,217
02/29/2012,SBP,CA,AWP,WE,Federal Contract Tower,0,32,32,0,64,0,0,6,0,6,0,32,38,0,70,0,0,0,70
03/01/2012,SBP,CA,AWP,WE,Federal Contract Tower,0,25,18,0,43,0,3,70,0,73,0,28,88,0,116,20,0,20,136
03/02/2012,SBP,CA,AWP,WE,Federal Contract Tower,0,24,16,2,42,0,4,80,0,84,0,28,96,2,126,4,0,4,130
03/03/2012,SBP,CA,AWP,WE,Federal Contract Tower,2,19,11,1,33,0,9,135,0,144,2,28,146,1,177,98,0,98,275
03/04/2012,SBP,CA,AWP,WE,Federal Contract Tower,0,22,20,0,42,0,0,151,0,151,0,22,171,0,193,52,0,52,245
03/05/2012,SBP,CA,AWP,WE,Federal Contract Tower,0,28,11,0,39,0,2,125,0,127,0,30,136,0,166,104,0,104,270
03/06/2012,SBP,CA,AWP,WE,Federal Contract Tower,0,27,5,0,32,0,1,16,4,21,0,28,21,4,53,8,0,8,61
03/07/2012,SBP,CA,AWP,WE,Federal Contract Tower,0,27,15,0,42,0,0,71,0,71,0,27,86,0,113,18,0,18,131
03/08/2012,SBP,CA,AWP,WE,Federal Contract Tower,0,30,29,1,60,0,5,117,0,122,0,35,146,1,182,86,2,88,270
03/09/2012,SBP,CA,AWP,WE,Federal Contract Tower,0,30,18,0,48,0,5,156,0,161,0,35,174,0,209,120,0,120,329
03/10/2012,SBP,CA,AWP,WE,Federal Contract Tower,2,25,15,1,43,0,2,96,0,98,2,27,111,1,141,10,0,10,151
03/11/2012,SBP,CA,AWP,WE,Federal Contract Tower,0,28,41,0,69,0,0,40,0,40,0,28,81,0,109,10,0,10,119
03/12/2012,SBP,CA,AWP,WE,Federal Contract Tower,0,30,20,3,53,0,3,54,2,59,0,33,74,5,112,8,0,8,120
03/13/2012,SBP,CA,AWP,WE,Federal Contract Tower,0,30,24,0,54,0,10,79,0,89,0,40,103,0,143,22,0,22,165
03/14/2012,SBP,CA,AWP,WE,Federal Contract Tower,0,23,20,0,43,0,7,84,0,91,0,30,104,0,134,94,0,94,228
03/15/2012,SBP,CA,AWP,WE,Federal Contract Tower,0,25,26,0,51,0,2,50,0,52,0,27,76,0,103,84,0,84,187
03/16/2012,SBP,CA,AWP,WE,Federal Contract Tower,0,27,31,0,58,0,0,2,0,2,0,27,33,0,60,0,0,0,60
03/17/2012,SBP,CA,AWP,WE,Federal Contract Tower,0,25,12,0,37,0,0,0,0,0,0,25,12,0,37,0,0,0,37
03/18/2012,SBP,CA,AWP,WE,Federal Contract Tower,0,24,17,0,41,0,1,7,0,8,0,25,24,0,49,6,0,6,55
03/19/2012,SBP,CA,AWP,WE,Federal Contract Tower,0,27,19,1,47,0,3,79,1,83,0,30,98,2,130,52,0,52,182
03/20/2012,SBP,CA,AWP,WE,Federal Contract Tower,0,28,8,1,37,0,2,83,0,85,0,30,91,1,122,86,0,86,208
03/21/2012,SBP,CA,AWP,WE,Federal Contract Tower,0,26,10,0,36,0,5,136,0,141,0,31,146,0,177,68,0,68,245
03/22/2012,SBP,CA,AWP,WE,Federal Contract Tower,0,34,35,3,72,0,0,15,0,15,0,34,50,3,87,50,0,50,137
03/23/2012,SBP,CA,AWP,WE,Federal Contract Tower,0,30,10,0,40,0,3,123,0,126,0,33,133,0,166,132,0,132,298
03/24/2012,SBP,CA,AWP,WE,Federal Contract Tower,2,27,8,0,37,0,1,68,0,69,2,28,76,0,106,44,0,44,150
03/25/2012,SBP,CA,AWP,WE,Federal Contract Tower,0,25,8,0,33,0,3,18,0,21,0,28,26,0,54,34,0,34,88
03/26/2012,SBP,CA,AWP,WE,Federal Contract Tower,0,26,16,2,44,0,7,99,0,106,0,33,115,2,150,112,0,112,262
03/27/2012,SBP,CA,AWP,WE,Federal Contract Tower,0,24,11,0,35,0,11,87,0,98,0,35,98,0,133,42,0,42,175
03/28/2012,SBP,CA,AWP,WE,Federal Contract Tower,0,33,23,1,57,0,0,15,1,16,0,33,38,2,73,8,0,8,81
03/29/2012,SBP,CA,AWP,WE,Federal Contract Tower,0,35,15,0,50,0,6,83,0,89,0,41,98,0,139,90,0,90,229
03/30/2012,SBP,CA,AWP,WE,Federal Contract Tower,0,31,20,3,54,0,8,82,0,90,0,39,102,3,144,114,6,120,264
03/31/2012,SBP,CA,AWP,WE,Federal Contract Tower,2,19,20,0,41,0,1,23,0,24,2,20,43,0,65,50,0,50,115
04/01/2012,SBP,CA,AWP,WE,Federal Contract Tower,0,24,9,0,33,0,1,54,0,55,0,25,63,0,88,6,0,6,94
04/02/2012,SBP,CA,AWP,WE,Federal Contract Tower,0,23,15,2,40,0,4,75,0,79,0,27,90,2,119,90,0,90,209
04/03/2012,SBP,CA,AWP,WE,Federal Contract Tower,0,26,5,0,31,0,1,100,0,101,0,27,105,0,132,100,0,100,232
04/04/2012,SBP,CA,AWP,WE,Federal Contract Tower,0,27,14,1,42,0,2,70,0,72,0,29,84,1,114,12,2,14,128
04/05/2012,SBP,CA,AWP,WE,Federal Contract Tower,0,29,21,2,52,0,14,85,2,101,0,43,106,4,153,0,0,0,153
04/06/2012,SBP,CA,AWP,WE,Federal Contract Tower,0,31,10,0,41,0,8,117,1,126,0,39,127,1,167,86,0,86,253
04/07/2012,SBP,CA,AWP,WE,Federal Contract Tower,0,25,16,0,41,0,1,161,0,162,0,26,177,0,203,84,0,84,287
04/08/2012,SBP,CA,AWP,WE,Federal Contract Tower,0,25,17,0,42,0,1,110,0,111,0,26,127,0,153,42,0,42,195
04/09/2012,SBP,CA,AWP,WE,Federal Contract Tower,0,24,23,0,47,0,7,126,0,133,0,31,149,0,180,134,0,134,314
04/10/2012,SBP,CA,AWP,WE,Federal Contract Tower,0,23,12,0,35,0,1,27,0,28,0,24,39,0,63,12,0,12,75
04/11/2012,SBP,CA,AWP,WE,Federal Contract Tower,0,21,32,0,53,0,7,19,0,26,0,28,51,0,79,32,0,32,111
04/12/2012,SBP,CA,AWP,WE,Federal Contract Tower,0,30,25,2,57,0,1,2,0,3,0,31,27,2,60,0,0,0,60
04/13/2012,SBP,CA,AWP,WE,Federal Contract Tower,0,27,7,0,34,0,1,10,0,11,0,28,17,0,45,56,0,56,101
04/14/2012,SBP,CA,AWP,WE,Federal Contract Tower,2,27,16,0,45,0,97,4,0,101,2,124,20,0,146,78,0,78,224
04/15/2012,SBP,CA,AWP,WE,Federal Contract Tower,0,21,30,0,51,0,0,92,0,92,0,21,122,0,143,50,0,50,193
04/16/2012,SBP,CA,AWP,WE,Federal Contract Tower,0,24,9,0,33,0,6,88,0,94,0,30,97,0,127,38,0,38,165
04/17/2012,SBP,CA,AWP,WE,Federal Contract Tower,0,22,9,0,31,0,7,76,0,83,0,29,85,0,114,74,0,74,188
04/18/2012,SBP,CA,AWP,WE,Federal Contract Tower,0,31,11,0,42,0,7,89,0,96,0,38,100,0,138,72,0,72,210
04/19/2012,SBP,CA,AWP,WE,Federal Contract Tower,0,28,16,0,44,0,3,122,0,125,0,31,138,0,169,72,0,72,241
04/20/2012,SBP,CA,AWP,WE,Federal Contract Tower,0,27,11,0,38,0,6,139,0,145,0,33,150,0,183,122,0,122,305
04/21/2012,SBP,CA,AWP,WE,Federal Contract Tower,2,27,11,1,41,0,1,108,1,110,2,28,119,2,151,112,0,112,263
04/22/2012,SBP,CA,AWP,WE,Federal Contract Tower,0,28,35,0,63,0,0,55,0,55,0,28,90,0,118,40,0,40,158
04/23/2012,SBP,CA,AWP,WE,Federal Contract Tower,0,24,39,2,65,0,4,21,2,27,0,28,60,4,92,24,0,24,116
04/24/2012,SBP,CA,AWP,WE,Federal Contract Tower,0,26,16,0,42,0,6,67,0,73,0,32,83,0,115,106,0,106,221
04/25/2012,SBP,CA,AWP,WE,Federal Contract Tower,0,30,14,1,45,0,4,18,0,22,0,34,32,1,67,114,2,116,183
04/26/2012,SBP,CA,AWP,WE,Federal Contract Tower,0,34,17,0,51,0,1,31,0,32,0,35,48,0,83,72,0,72,155
04/27/2012,SBP,CA,AWP,WE,Federal Contract Tower,0,27,14,0,41,0,3,117,0,120,0,30,131,0,161,148,0,148,309
04/28/2012,SBP,CA,AWP,WE,Federal Contract Tower,2,23,8,0,33,0,0,134,0,134,2,23,142,0,167,108,0,108,275
04/29/2012,SBP,CA,AWP,WE,Federal Contract Tower,0,17,18,0,35,0,0,146,1,147,0,17,164,1,182,24,0,24,206
04/30/2012,SBP,CA,AWP,WE,Federal Contract Tower,0,26,29,0,55,0,0,60,0,60,0,26,89,0,115,82,0,82,197
05/01/2012,SBP,CA,AWP,WE,Federal Contract Tower,0,28,27,0,55,0,1,22,0,23,0,29,49,0,78,76,0,76,154
05/02/2012,SBP,CA,AWP,WE,Federal Contract Tower,0,28,11,0,39,0,7,98,3,108,0,35,109,3,147,150,0,150,297
05/03/2012,SBP,CA,AWP,WE,Federal Contract Tower,0,28,19,0,47,0,5,89,0,94,0,33,108,0,141,116,0,116,257
05/04/2012,SBP,CA,AWP,WE,Federal Contract Tower,0,25,20,0,45,0,4,99,0,103,0,29,119,0,148,100,0,100,248
05/05/2012,SBP,CA,AWP,WE,Federal Contract Tower,0,25,14,0,39,0,1,134,1,136,0,26,148,1,175,98,0,98,273
05/06/2012,SBP,CA,AWP,WE,Federal Contract Tower,0,22,13,0,35,0,1,119,0,120,0,23,132,0,155,56,0,56,211
05/07/2012,SBP,CA,AWP,WE,Federal Contract Tower,0,27,13,0,40,0,5,122,0,127,0,32,135,0,167,64,0,64,231
05/08/2012,SBP,CA,AWP,WE,Federal Contract Tower,0,26,20,2,48,0,4,96,0,100,0,30,116,2,148,108,0,108,256
05/09/2012,SBP,CA,AWP,WE,Federal Contract Tower,0,27,17,0,44,0,10,97,0,107,0,37,114,0,151,144,0,144,295
05/10/2012,SBP,CA,AWP,WE,Federal Contract Tower,0,38,34,0,72,0,5,70,0,75,0,43,104,0,147,74,0,74,221
05/11/2012,SBP,CA,AWP,WE,Federal Contract Tower,0,32,25,0,57,0,2,120,0,122,0,34,145,0,179,128,0,128,307
05/12/2012,SBP,CA,AWP,WE,Federal Contract Tower,0,25,21,0,46,0,1,107,0,108,0,26,128,0,154,68,0,68,222
05/13/2012,SBP,CA,AWP,WE,Federal Contract Tower,0,23,36,0,59,0,65,0,0,65,0,88,36,0,124,38,0,38,162
05/14/2012,SBP,CA,AWP,WE,Federal Contract Tower,0,26,17,0,43,0,6,82,0,88,0,32,99,0,131,76,0,76,207
05/15/2012,SBP,CA,AWP,WE,Federal Contract Tower,0,33,8,1,42,0,9,98,2,109,0,42,106,3,151,70,0,70,221
05/16/2012,SBP,CA,AWP,WE,Federal Contract Tower,0,25,13,0,38,0,1,72,2,75,0,26,85,2,113,108,0,108,221
05/17/2012,SBP,CA,AWP,WE,Federal Contract Tower,0,29,24,1,54,0,5,142,0,147,0,34,166,1,201,118,0,118,319
05/18/2012,SBP,CA,AWP,WE,Federal Contract Tower,0,29,12,3,44,0,9,96,3,108,0,38,108,6,152,8,0,8,160
05/19/2012,SBP,CA,AWP,WE,Federal Contract Tower,2,25,18,0,45,0,107,0,0,107,2,132,18,0,152,16,0,16,168
05/20/2012,SBP,CA,AWP,WE,Federal Contract Tower,0,24,16,0,40,0,2,124,0,126,0,26,140,0,166,60,0,60,226
05/21/2012,SBP,CA,AWP,WE,Federal Contract Tower,0,22,22,0,44,0,1,102,0,103,0,23,124,0,147,38,0,38,185
05/22/2012,SBP,CA,AWP,WE,Federal Contract Tower,0,23,14,0,37,0,7,57,0,64,0,30,71,0,101,20,0,20,121
05/23/2012,SBP,CA,AWP,WE,Federal Contract Tower,0,30,12,2,44,0,2,57,1,60,0,32,69,3,104,50,0,50,154
05/24/2012,SBP,CA,AWP,WE,Federal Contract Tower,0,32,16,0,48,0,3,90,2,95,0,35,106,2,143,28,0,28,171
05/25/2012,SBP,CA,AWP,WE,Federal Contract Tower,0,26,21,1,48,0,3,72,3,78,0,29,93,4,126,72,10,82,208
05/26/2012,SBP,CA,AWP,WE,Federal Contract Tower,0,19,32,0,51,0,0,60,0,60,0,19,92,0,111,76,0,76,187
05/27/2012,SBP,CA,AWP,WE,Federal Contract Tower,0,10,9,0,19,0,2,98,0,100,0,12,107,0,119,134,0,134,253
05/28/2012,SBP,CA,AWP,WE,Federal Contract Tower,0,18,12,0,30,0,0,158,0,158,0,18,170,0,188,64,0,64,252
05/29/2012,SBP,CA,AWP,WE,Federal Contract Tower,0,23,8,0,31,0,4,128,1,133,0,27,136,1,164,74,0,74,238
05/30/2012,SBP,CA,AWP,WE,Federal Contract Tower,0,29,15,2,46,0,2,86,1,89,0,31,101,3,135,96,0,96,231
05/31/2012,SBP,CA,AWP,WE,Federal Contract Tower,0,34,17,0,51,0,13,154,0,167,0,47,171,0,218,102,0,102,320
06/01/2012,SBP,CA,AWP,WE,Federal Contract Tower,0,27,21,0,48,0,33,94,0,127,0,60,115,0,175,144,0,144,319
06/02/2012,SBP,CA,AWP,WE,Federal Contract Tower,0,16,31,0,47,0,2,88,0,90,0,18,119,0,137,132,0,132,269
06/03/2012,SBP,CA,AWP,WE,Federal Contract Tower,0,23,18,0,41,0,1,102,0,103,0,24,120,0,144,36,0,36,180
06/04/2012,SBP,CA,AWP,WE,Federal Contract Tower,0,23,23,0,46,0,1,51,0,52,0,24,74,0,98,104,0,104,202
06/05/2012,SBP,CA,AWP,WE,Federal Contract Tower,0,24,2,0,26,0,3,66,0,69,0,27,68,0,95,0,0,0,95
06/06/2012,SBP,CA,AWP,WE,Federal Contract Tower,0,24,8,0,32,0,3,49,0,52,0,27,57,0,84,20,0,20,104
06/07/2012,SBP,CA,AWP,WE,Federal Contract Tower,0,24,16,0,40,0,4,85,0,89,0,28,101,0,129,52,0,52,181
06/08/2012,SBP,CA,AWP,WE,Federal Contract Tower,0,29,17,2,48,0,2,0,114,116,0,31,17,116,164,28,0,28,192
06/09/2012,SBP,CA,AWP,WE,Federal Contract Tower,0,24,12,1,37,0,1,106,1,108,0,25,118,2,145,106,0,106,251
06/10/2012,SBP,CA,AWP,WE,Federal Contract Tower,0,20,7,0,27,0,2,122,0,124,0,22,129,0,151,36,0,36,187
06/11/2012,SBP,CA,AWP,WE,Federal Contract Tower,0,30,19,0,49,0,7,77,1,85,0,37,96,1,134,176,0,176,310
06/12/2012,SBP,CA,AWP,WE,Federal Contract Tower,0,31,27,2,60,0,6,104,4,114,0,37,131,6,174,128,0,128,302
06/13/2012,SBP,CA,AWP,WE,Federal Contract Tower,0,35,20,0,55,0,0,90,0,90,0,35,110,0,145,82,0,82,227
06/14/2012,SBP,CA,AWP,WE,Federal Contract Tower,0,40,38,0,78,0,6,80,1,87,0,46,118,1,165,52,0,52,217
06/15/2012,SBP,CA,AWP,WE,Federal Contract Tower,0,34,32,0,66,0,2,65,3,70,0,36,97,3,136,76,0,76,212
06/16/2012,SBP,CA,AWP,WE,Federal Contract Tower,0,20,9,0,29,0,0,88,0,88,0,20,97,0,117,48,0,48,165
06/17/2012,SBP,CA,AWP,WE,Federal Contract Tower,0,22,23,0,45,0,0,122,0,122,0,22,145,0,167,40,0,40,207
06/18/2012,SBP,CA,AWP,WE,Federal Contract Tower,0,32,12,0,44,1,118,0,0,119,1,150,12,0,163,166,0,166,329
06/19/2012,SBP,CA,AWP,WE,Federal Contract Tower,0,28,28,2,58,0,5,76,0,81,0,33,104,2,139,32,0,32,171
06/20/2012,SBP,CA,AWP,WE,Federal Contract Tower,0,30,19,0,49,0,0,110,2,112,0,30,129,2,161,46,0,46,207
06/21/2012,SBP,CA,AWP,WE,Federal Contract Tower,0,37,35,0,72,0,3,105,4,112,0,40,140,4,184,50,0,50,234
06/22/2012,SBP,CA,AWP,WE,Federal Contract Tower,0,24,17,0,41,0,3,108,2,113,0,27,125,2,154,122,20,142,296
06/23/2012,SBP,CA,AWP,WE,Federal Contract Tower,0,23,19,0,42,0,2,123,0,125,0,25,142,0,167,76,0,76,243
06/24/2012,SBP,CA,AWP,WE,Federal Contract Tower,0,28,10,0,38,0,3,138,0,141,0,31,148,0,179,40,0,40,219
06/25/2012,SBP,CA,AWP,WE,Federal Contract Tower,0,23,8,0,31,0,4,91,0,95,0,27,99,0,126,66,0,66,192
06/26/2012,SBP,CA,AWP,WE,Federal Contract Tower,1,27,11,0,39,0,4,77,2,83,1,31,88,2,122,30,0,30,152
06/27/2012,SBP,CA,AWP,WE,Federal Contract Tower,1,29,9,0,39,0,5,103,2,110,1,34,112,2,149,84,0,84,233
06/28/2012,SBP,CA,AWP,WE,Federal Contract Tower,0,30,13,6,49,0,13,255,1,269,0,43,268,7,318,36,0,36,354
06/29/2012,SBP,CA,AWP,WE,Federal Contract Tower,0,30,24,2,56,0,4,89,0,93,0,34,113,2,149,108,0,108,257
06/30/2012,SBP,CA,AWP,WE,Federal Contract Tower,0,23,23,0,46,0,0,127,0,127,0,23,150,0,173,90,0,90,263
07/01/2012,SBP,CA,AWP,WE,Federal Contract Tower,1,19,19,0,39,0,0,84,0,84,1,19,103,0,123,16,0,16,139
07/02/2012,SBP,CA,AWP,WE,Federal Contract Tower,1,28,24,1,54,0,5,55,1,61,1,33,79,2,115,62,0,62,177
07/03/2012,SBP,CA,AWP,WE,Federal Contract Tower,1,30,23,0,54,0,1,130,0,131,1,31,153,0,185,122,0,122,307
07/04/2012,SBP,CA,AWP,WE,Federal Contract Tower,1,17,10,0,28,0,0,39,0,39,1,17,49,0,67,0,0,0,67
07/05/2012,SBP,CA,AWP,WE,Federal Contract Tower,1,31,23,0,55,0,3,100,0,103,1,34,123,0,158,110,0,110,268
07/06/2012,SBP,CA,AWP,WE,Federal Contract Tower,1,27,8,0,36,0,3,103,0,106,1,30,111,0,142,94,0,94,236
07/07/2012,SBP,CA,AWP,WE,Federal Contract Tower,1,23,16,0,40,0,1,87,0,88,1,24,103,0,128,98,0,98,226
07/08/2012,SBP,CA,AWP,WE,Federal Contract Tower,1,25,23,0,49,0,0,95,0,95,1,25,118,0,144,22,0,22,166
07/09/2012,SBP,CA,AWP,WE,Federal Contract Tower,1,22,12,0,35,0,4,67,0,71,1,26,79,0,106,108,0,108,214
07/10/2012,SBP,CA,AWP,WE,Federal Contract Tower,1,28,24,0,53,0,4,89,0,93,1,32,113,0,146,56,0,56,202
07/11/2012,SBP,CA,AWP,WE,Federal Contract Tower,0,37,18,0,55,0,5,125,0,130,0,42,143,0,185,74,0,74,259
07/12/2012,SBP,CA,AWP,WE,Federal Contract Tower,0,39,23,0,62,0,3,97,2,102,0,42,120,2,164,50,0,50,214
07/13/2012,SBP,CA,AWP,WE,Federal Contract Tower,0,24,20,0,44,0,6,99,0,105,0,30,119,0,149,88,0,88,237
07/14/2012,SBP,CA,AWP,WE,Federal Contract Tower,0,25,23,0,48,0,2,120,0,122,0,27,143,0,170,76,0,76,246
07/15/2012,SBP,CA,AWP,WE,Federal Contract Tower,0,24,22,0,46,0,1,121,0,122,0,25,143,0,168,22,0,22,190
07/16/2012,SBP,CA,AWP,WE,Federal Contract Tower,0,29,21,2,52,0,1,57,4,62,0,30,78,6,114,18,0,18,132
07/17/2012,SBP,CA,AWP,WE,Federal Contract Tower,0,31,25,0,56,0,1,56,0,57,0,32,81,0,113,68,0,68,181
07/18/2012,SBP,CA,AWP,WE,Federal Contract Tower,0,33,9,0,42,0,4,101,0,105,0,37,110,0,147,58,0,58,205
07/19/2012,SBP,CA,AWP,WE,Federal Contract Tower,0,29,11,0,40,0,3,114,2,119,0,32,125,2,159,126,0,126,285
07/20/2012,SBP,CA,AWP,WE,Federal Contract Tower,0,31,22,0,53,0,5,120,0,125,0,36,142,0,178,96,0,96,274
07/21/2012,SBP,CA,AWP,WE,Federal Contract Tower,0,27,14,0,41,0,1,134,0,135,0,28,148,0,176,70,0,70,246
07/22/2012,SBP,CA,AWP,WE,Federal Contract Tower,0,21,22,0,43,0,2,119,0,121,0,23,141,0,164,26,0,26,190
07/23/2012,SBP,CA,AWP,WE,Federal Contract Tower,0,28,15,1,44,0,0,57,0,57,0,28,72,1,101,40,0,40,141
07/24/2012,SBP,CA,AWP,WE,Federal Contract Tower,0,34,17,0,51,0,3,69,0,72,0,37,86,0,123,56,0,56,179
07/25/2012,SBP,CA,AWP,WE,Federal Contract Tower,0,32,20,0,52,0,0,73,1,74,0,32,93,1,126,84,0,84,210
07/26/2012,SBP,CA,AWP,WE,Federal Contract Tower,0,36,25,0,61,0,6,97,0,103,0,42,122,0,164,62,0,62,226
07/27/2012,SBP,CA,AWP,WE,Federal Contract Tower,0,33,25,0,58,0,3,91,0,94,0,36,116,0,152,82,0,82,234
07/28/2012,SBP,CA,AWP,WE,Federal Contract Tower,0,26,9,0,35,0,0,91,0,91,0,26,100,0,126,30,0,30,156
07/29/2012,SBP,CA,AWP,WE,Federal Contract Tower,0,23,9,0,32,0,108,0,0,108,0,131,9,0,140,94,0,94,234
07/30/2012,SBP,CA,AWP,WE,Federal Contract Tower,0,31,22,2,55,0,9,65,0,74,0,40,87,2,129,88,2,90,219
07/31/2012,SBP,CA,AWP,WE,Federal Contract Tower,0,33,17,1,51,0,6,54,0,60,0,39,71,1,111,78,0,78,189
08/01/2012,SBP,CA,AWP,WE,Federal Contract Tower,0,39,11,0,50,0,6,90,0,96,0,45,101,0,146,150,0,150,296
08/02/2012,SBP,CA,AWP,WE,Federal Contract Tower,0,38,17,0,55,0,4,100,2,106,0,42,117,2,161,160,0,160,321
08/03/2012,SBP,CA,AWP,WE,Federal Contract Tower,0,35,29,0,64,0,2,70,0,72,0,37,99,0,136,34,0,34,170
08/04/2012,SBP,CA,AWP,WE,Federal Contract Tower,0,29,16,0,45,0,2,56,0,58,0,31,72,0,103,64,0,64,167
08/05/2012,SBP,CA,AWP,WE,Federal Contract Tower,0,20,8,0,28,0,0,122,0,122,0,20,130,0,150,66,0,66,216
08/06/2012,SBP,CA,AWP,WE,Federal Contract Tower,0,28,10,0,38,0,2,79,1,82,0,30,89,1,120,136,0,136,256
08/07/2012,SBP,CA,AWP,WE,Federal Contract Tower,0,33,10,0,43,0,4,85,2,91,0,37,95,2,134,112,0,112,246
08/08/2012,SBP,CA,AWP,WE,Federal Contract Tower,0,32,8,0,40,0,1,89,0,90,0,33,97,0,130,44,0,44,174
08/09/2012,SBP,CA,AWP,WE,Federal Contract Tower,0,34,18,1,53,0,3,98,0,101,0,37,116,1,154,108,0,108,262
08/10/2012,SBP,CA,AWP,WE,Federal Contract Tower,0,31,12,0,43,0,7,118,0,125,0,38,130,0,168,54,0,54,222
08/11/2012,SBP,CA,AWP,WE,Federal Contract Tower,0,24,12,2,38,0,0,120,0,120,0,24,132,2,158,88,0,88,246
08/12/2012,SBP,CA,AWP,WE,Federal Contract Tower,0,20,14,1,35,0,0,108,0,108,0,20,122,1,143,38,0,38,181
08/13/2012,SBP,CA,AWP,WE,Federal Contract Tower,0,30,15,0,45,0,2,83,0,85,0,32,98,0,130,66,0,66,196
08/14/2012,SBP,CA,AWP,WE,Federal Contract Tower,0,31,13,0,44,0,2,71,2,75,0,33,84,2,119,118,0,118,237
08/15/2012,SBP,CA,AWP,WE,Federal Contract Tower,0,29,14,0,43,0,5,88,0,93,0,34,102,0,136,74,0,74,210
08/16/2012,SBP,CA,AWP,WE,Federal Contract Tower,0,29,27,0,56,0,3,92,0,95,0,32,119,0,151,180,0,180,331
08/17/2012,SBP,CA,AWP,WE,Federal Contract Tower,0,32,14,0,46,0,5,122,0,127,0,37,136,0,173,110,0,110,283
08/18/2012,SBP,CA,AWP,WE,Federal Contract Tower,0,26,13,0,39,0,3,153,0,156,0,29,166,0,195,22,0,22,217
08/19/2012,SBP,CA,AWP,WE,Federal Contract Tower,0,23,14,0,37,0,1,134,0,135,0,24,148,0,172,28,0,28,200
08/20/2012,SBP,CA,AWP,WE,Federal Contract Tower,0,30,27,0,57,0,1,114,0,115,0,31,141,0,172,84,0,84,256
08/21/2012,SBP,CA,AWP,WE,Federal Contract Tower,0,25,9,0,34,0,4,51,1,56,0,29,60,1,90,154,0,154,244
08/22/2012,SBP,CA,AWP,WE,Federal Contract Tower,0,34,21,0,55,0,3,84,0,87,0,37,105,0,142,104,0,104,246
08/23/2012,SBP,CA,AWP,WE,Federal Contract Tower,0,35,21,0,56,0,1,120,0,121,0,36,141,0,177,66,0,66,243
08/24/2012,SBP,CA,AWP,WE,Federal Contract Tower,0,31,25,2,58,0,3,116,0,119,0,34,141,2,177,86,0,86,263
08/25/2012,SBP,CA,AWP,WE,Federal Contract Tower,0,27,20,0,47,0,0,77,0,77,0,27,97,0,124,98,0,98,222
08/26/2012,SBP,CA,AWP,WE,Federal Contract Tower,0,23,13,0,36,0,0,105,0,105,0,23,118,0,141,84,0,84,225
08/27/2012,SBP,CA,AWP,WE,Federal Contract Tower,0,27,8,0,35,0,1,82,0,83,0,28,90,0,118,78,26,104,222
08/28/2012,SBP,CA,AWP,WE,Federal Contract Tower,0,31,16,0,47,0,4,67,0,71,0,35,83,0,118,72,0,72,190
08/29/2012,SBP,CA,AWP,WE,Federal Contract Tower,0,30,11,0,41,0,3,110,0,113,0,33,121,0,154,82,0,82,236
08/30/2012,SBP,CA,AWP,WE,Federal Contract Tower,0,33,24,0,57,0,8,90,0,98,0,41,114,0,155,90,0,90,245
08/31/2012,SBP,CA,AWP,WE,Federal Contract Tower,0,29,25,0,54,0,0,117,0,117,0,29,142,0,171,34,0,34,205
09/01/2012,SBP,CA,AWP,WE,Federal Contract Tower,0,22,14,0,36,0,0,103,0,103,0,22,117,0,139,70,0,70,209
09/02/2012,SBP,CA,AWP,WE,Federal Contract Tower,0,23,12,0,35,0,1,95,0,96,0,24,107,0,131,36,0,36,167
09/03/2012,SBP,CA,AWP,WE,Federal Contract Tower,0,23,15,0,38,0,5,144,0,149,0,28,159,0,187,142,0,142,329
09/04/2012,SBP,CA,AWP,WE,Federal Contract Tower,0,29,19,0,48,0,6,75,0,81,0,35,94,0,129,140,0,140,269
09/05/2012,SBP,CA,AWP,WE,Federal Contract Tower,0,39,15,0,54,0,4,72,0,76,0,43,87,0,130,88,0,88,218
09/06/2012,SBP,CA,AWP,WE,Federal Contract Tower,0,31,16,1,48,0,4,106,2,112,0,35,122,3,160,80,2,82,242
09/07/2012,SBP,CA,AWP,WE,Federal Contract Tower,0,42,7,0,49,0,5,91,0,96,0,47,98,0,145,58,0,58,203
09/08/2012,SBP,CA,AWP,WE,Federal Contract Tower,0,21,19,0,40,0,0,119,0,119,0,21,138,0,159,44,0,44,203
09/09/2012,SBP,CA,AWP,WE,Federal Contract Tower,0,22,13,0,35,0,1,114,2,117,0,23,127,2,152,66,0,66,218
09/10/2012,SBP,CA,AWP,WE,Federal Contract Tower,0,28,11,2,41,0,4,82,0,86,0,32,93,2,127,108,0,108,235
09/11/2012,SBP,CA,AWP,WE,Federal Contract Tower,0,37,17,0,54,0,2,66,0,68,0,39,83,0,122,68,0,68,190
09/12/2012,SBP,CA,AWP,WE,Federal Contract Tower,0,29,21,0,50,0,0,96,0,96,0,29,117,0,146,106,0,106,252
09/13/2012,SBP,CA,AWP,WE,Federal Contract Tower,0,31,22,0,53,0,1,100,0,101,0,32,122,0,154,72,0,72,226
09/14/2012,SBP,CA,AWP,WE,Federal Contract Tower,0,38,26,0,64,0,2,102,0,104,0,40,128,0,168,76,0,76,244
09/15/2012,SBP,CA,AWP,WE,Federal Contract Tower,0,22,11,0,33,0,2,76,0,78,0,24,87,0,111,106,0,106,217
09/16/2012,SBP,CA,AWP,WE,Federal Contract Tower,0,22,22,0,44,0,0,120,0,120,0,22,142,0,164,82,0,82,246
09/17/2012,SBP,CA,AWP,WE,Federal Contract Tower,0,28,20,0,48,0,52,0,0,52,0,80,20,0,100,68,0,68,168
09/18/2012,SBP,CA,AWP,WE,Federal Contract Tower,0,30,13,0,43,0,2,68,3,73,0,32,81,3,116,128,0,128,244
09/19/2012,SBP,CA,AWP,WE,Federal Contract Tower,0,34,23,0,57,0,1,84,2,87,0,35,107,2,144,106,0,106,250
09/20/2012,SBP,CA,AWP,WE,Federal Contract Tower,0,29,13,1,43,0,4,111,0,115,0,33,124,1,158,58,0,58,216
09/21/2012,SBP,CA,AWP,WE,Federal Contract Tower,0,31,12,0,43,0,3,105,4,112,0,34,117,4,155,50,0,50,205
09/22/2012,SBP,CA,AWP,WE,Federal Contract Tower,0,24,4,0,28,0,0,85,0,85,0,24,89,0,113,30,0,30,143
09/23/2012,SBP,CA,AWP,WE,Federal Contract Tower,0,23,13,0,36,0,0,148,0,148,0,23,161,0,184,36,0,36,220
09/24/2012,SBP,CA,AWP,WE,Federal Contract Tower,0,26,22,0,48,0,1,81,4,86,0,27,103,4,134,120,0,120,254
09/25/2012,SBP,CA,AWP,WE,Federal Contract Tower,0,32,13,1,46,0,1,52,2,55,0,33,65,3,101,54,0,54,155
09/26/2012,SBP,CA,AWP,WE,Federal Contract Tower,0,35,18,0,53,0,2,76,0,78,0,37,94,0,131,88,0,88,219
09/27/2012,SBP,CA,AWP,WE,Federal Contract Tower,0,33,16,0,49,0,0,82,0,82,0,33,98,0,131,72,0,72,203
09/28/2012,SBP,CA,AWP,WE,Federal Contract Tower,0,37,17,2,56,0,3,86,0,89,0,40,103,2,145,26,0,26,171
09/29/2012,SBP,CA,AWP,WE,Federal Contract Tower,0,19,7,0,26,0,0,101,0,101,0,19,108,0,127,26,0,26,153
09/30/2012,SBP,CA,AWP,WE,Federal Contract Tower,0,22,15,0,37,0,0,139,0,139,0,22,154,0,176,64,0,64,240
10/01/2012,SBP,CA,AWP,WE,Federal Contract Tower,0,26,7,0,33,0,3,65,0,68,0,29,72,0,101,70,0,70,171
10/02/2012,SBP,CA,AWP,WE,Federal Contract Tower,0,26,10,0,36,0,4,81,0,85,0,30,91,0,121,62,0,62,183
10/03/2012,SBP,CA,AWP,WE,Federal Contract Tower,0,30,21,0,51,0,7,69,0,76,0,37,90,0,127,88,0,88,215
10/04/2012,SBP,CA,AWP,WE,Federal Contract Tower,0,31,13,0,44,0,2,70,0,72,0,33,83,0,116,98,0,98,214
10/05/2012,SBP,CA,AWP,WE,Federal Contract Tower,0,30,19,0,49,0,6,95,0,101,0,36,114,0,150,52,0,52,202
10/06/2012,SBP,CA,AWP,WE,Federal Contract Tower,0,20,5,0,25,0,0,78,0,78,0,20,83,0,103,32,0,32,135
10/07/2012,SBP,CA,AWP,WE,Federal Contract Tower,0,21,7,1,29,0,2,110,0,112,0,23,117,1,141,28,0,28,169
10/08/2012,SBP,CA,AWP,WE,Federal Contract Tower,0,0,24,16,40,0,3,78,0,81,0,3,102,16,121,40,18,58,179
10/09/2012,SBP,CA,AWP,WE,Federal Contract Tower,0,30,20,0,50,0,4,46,2,52,0,34,66,2,102,66,0,66,168
10/10/2012,SBP,CA,AWP,WE,Federal Contract Tower,0,28,20,0,48,0,27,0,0,27,0,55,20,0,75,4,0,4,79
10/11/2012,SBP,CA,AWP,WE,Federal Contract Tower,0,32,17,0,49,0,3,21,2,26,0,35,38,2,75,24,0,24,99
10/12/2012,SBP,CA,AWP,WE,Federal Contract Tower,2,32,39,0,73,0,1,50,0,51,2,33,89,0,124,0,38,38,162
10/13/2012,SBP,CA,AWP,WE,Federal Contract Tower,1,25,3,0,29,0,0,114,0,114,1,25,117,0,143,72,0,72,215
10/14/2012,SBP,CA,AWP,WE,Federal Contract Tower,0,23,9,0,32,0,0,106,0,106,0,23,115,0,138,74,0,74,212
10/15/2012,SBP,CA,AWP,WE,Federal Contract Tower,0,24,4,1,29,0,2,67,0,69,0,26,71,1,98,62,0,62,160
10/16/2012,SBP,CA,AWP,WE,Federal Contract Tower,0,34,11,2,47,0,4,85,1,90,0,38,96,3,137,74,0,74,211
10/17/2012,SBP,CA,AWP,WE,Federal Contract Tower,0,31,16,0,47,0,0,95,0,95,0,31,111,0,142,64,0,64,206
10/18/2012,SBP,CA,AWP,WE,Federal Contract Tower,0,28,18,0,46,0,5,71,0,76,0,33,89,0,122,86,0,86,208
10/19/2012,SBP,CA,AWP,WE,Federal Contract Tower,0,26,22,0,48,0,3,75,1,79,0,29,97,1,127,78,0,78,205
10/20/2012,SBP,CA,AWP,WE,Federal Contract Tower,0,22,36,0,58,0,1,12,0,13,0,23,48,0,71,20,0,20,91
10/21/2012,SBP,CA,AWP,WE,Federal Contract Tower,0,30,22,1,53,0,0,106,3,109,0,30,128,4,162,32,0,32,194
10/22/2012,SBP,CA,AWP,WE,Federal Contract Tower,0,24,30,1,55,0,1,4,0,5,0,25,34,1,60,18,2,20,80
10/23/2012,SBP,CA,AWP,WE,Federal Contract Tower,0,28,16,2,46,0,9,76,2,87,0,37,92,4,133,132,0,132,265
10/24/2012,SBP,CA,AWP,WE,Federal Contract Tower,0,29,14,0,43,0,4,80,4,88,0,33,94,4,131,48,0,48,179
10/25/2012,SBP,CA,AWP,WE,Federal Contract Tower,0,25,16,0,41,0,2,88,0,90,0,27,104,0,131,70,0,70,201
10/26/2012,SBP,CA,AWP,WE,Federal Contract Tower,0,26,20,1,47,0,1,78,0,79,0,27,98,1,126,28,0,28,154
10/27/2012,SBP,CA,AWP,WE,Federal Contract Tower,0,21,11,0,32,0,0,108,0,108,0,21,119,0,140,62,0,62,202
10/28/2012,SBP,CA,AWP,WE,Federal Contract Tower,0,21,16,0,37,0,0,113,0,113,0,21,129,0,150,70,0,70,220
10/29/2012,SBP,CA,AWP,WE,Federal Contract Tower,0,23,11,1,35,0,1,99,4,104,0,24,110,5,139,142,0,142,281
10/30/2012,SBP,CA,AWP,WE,Federal Contract Tower,0,26,11,0,37,0,3,76,2,81,0,29,87,2,118,84,0,84,202
10/31/2012,SBP,CA,AWP,WE,Federal Contract Tower,0,25,19,0,44,0,2,63,0,65,0,27,82,0,109,46,2,48,157
11/01/2012,SBP,CA,AWP,WE,Federal Contract Tower,0,33,15,1,49,0,1,45,0,46,0,34,60,1,95,52,0,52,147
11/02/2012,SBP,CA,AWP,WE,Federal Contract Tower,0,33,15,1,49,0,1,122,4,127,0,34,137,5,176,110,0,110,286
11/03/2012,SBP,CA,AWP,WE,Federal Contract Tower,0,23,6,0,29,0,1,103,0,104,0,24,109,0,133,60,0,60,193
11/04/2012,SBP,CA,AWP,WE,Federal Contract Tower,0,20,9,0,29,0,0,94,0,94,0,20,103,0,123,44,0,44,167
11/05/2012,SBP,CA,AWP,WE,Federal Contract Tower,0,25,11,2,38,0,2,94,3,99,0,27,105,5,137,55,2,57,194
11/06/2012,SBP,CA,AWP,WE,Federal Contract Tower,0,30,8,1,39,0,7,82,3,92,0,37,90,4,131,54,0,54,185
11/07/2012,SBP,CA,AWP,WE,Federal Contract Tower,0,32,23,0,55,0,2,91,0,93,0,34,114,0,148,58,0,58,206
11/08/2012,SBP,CA,AWP,WE,Federal Contract Tower,0,26,33,0,59,0,0,29,0,29,0,26,62,0,88,94,0,94,182
11/09/2012,SBP,CA,AWP,WE,Federal Contract Tower,0,30,22,0,52,0,3,59,1,63,0,33,81,1,115,88,0,88,203
11/10/2012,SBP,CA,AWP,WE,Federal Contract Tower,0,24,13,0,37,0,0,88,0,88,0,24,101,0,125,80,0,80,205
11/11/2012,SBP,CA,AWP,WE,Federal Contract Tower,0,20,16,0,36,0,0,118,0,118,0,20,134,0,154,70,0,70,224
11/12/2012,SBP,CA,AWP,WE,Federal Contract Tower,0,25,8,0,33,0,2,74,0,76,0,27,82,0,109,46,0,46,155
11/13/2012,SBP,CA,AWP,WE,Federal Contract Tower,0,31,6,1,38,0,13,95,1,109,0,44,101,2,147,68,4,72,219
11/14/2012,SBP,CA,AWP,WE,Federal Contract Tower,0,32,10,4,46,0,14,87,0,101,0,46,97,4,147,124,6,130,277
11/15/2012,SBP,CA,AWP,WE,Federal Contract Tower,0,30,12,0,42,0,0,54,0,54,0,30,66,0,96,67,0,67,163
11/16/2012,SBP,CA,AWP,WE,Federal Contract Tower,0,38,26,0,64,0,0,9,0,9,0,38,35,0,73,10,0,10,83
11/17/2012,SBP,CA,AWP,WE,Federal Contract Tower,0,22,15,2,39,0,0,0,0,0,0,22,15,2,39,0,0,0,39
11/18/2012,SBP,CA,AWP,WE,Federal Contract Tower,0,24,21,0,45,0,1,14,0,15,0,25,35,0,60,0,0,0,60
11/19/2012,SBP,CA,AWP,WE,Federal Contract Tower,0,29,10,0,39,0,1,76,0,77,0,30,86,0,116,104,0,104,220
11/20/2012,SBP,CA,AWP,WE,Federal Contract Tower,0,32,11,0,43,0,1,81,0,82,0,33,92,0,125,60,0,60,185
11/21/2012,SBP,CA,AWP,WE,Federal Contract Tower,0,30,21,0,51,0,2,55,0,57,0,32,76,0,108,52,0,52,160
11/22/2012,SBP,CA,AWP,WE,Federal Contract Tower,0,16,6,0,22,0,40,0,0,40,0,56,6,0,62,34,0,34,96
11/23/2012,SBP,CA,AWP,WE,Federal Contract Tower,0,26,12,0,38,0,1,100,0,101,0,27,112,0,139,102,0,102,241
11/24/2012,SBP,CA,AWP,WE,Federal Contract Tower,0,21,23,0,44,0,0,95,0,95,0,21,118,0,139,80,0,80,219
11/25/2012,SBP,CA,AWP,WE,Federal Contract Tower,0,24,26,0,50,0,0,121,0,121,0,24,147,0,171,46,0,46,217
11/26/2012,SBP,CA,AWP,WE,Federal Contract Tower,0,30,26,1,57,0,0,51,0,51,0,30,77,1,108,94,0,94,202
11/27/2012,SBP,CA,AWP,WE,Federal Contract Tower,0,28,11,2,41,0,0,36,0,36,0,28,47,2,77,86,0,86,163
11/28/2012,SBP,CA,AWP,WE,Federal Contract Tower,0,30,13,0,43,0,0,0,0,0,0,30,13,0,43,0,0,0,43
11/29/2012,SBP,CA,AWP,WE,Federal Contract Tower,0,29,22,0,51,0,0,6,0,6,0,29,28,0,57,34,0,34,91
11/30/2012,SBP,CA,AWP,WE,Federal Contract Tower,0,28,22,0,50,0,1,0,0,1,0,29,22,0,51,0,0,0,51
12/01/2012,SBP,CA,AWP,WE,Federal Contract Tower,0,19,12,0,31,0,0,0,0,0,0,19,12,0,31,0,0,0,31
12/02/2012,SBP,CA,AWP,WE,Federal Contract Tower,0,20,8,0,28,0,0,0,0,0,0,20,8,0,28,0,0,0,28
12/03/2012,SBP,CA,AWP,WE,Federal Contract Tower,0,36,16,0,52,0,13,33,0,46,0,49,49,0,98,80,0,80,178
12/04/2012,SBP,CA,AWP,WE,Federal Contract Tower,0,36,20,0,56,0,3,37,0,40,0,39,57,0,96,72,0,72,168
12/05/2012,SBP,CA,AWP,WE,Federal Contract Tower,0,35,21,0,56,0,3,54,0,57,0,38,75,0,113,132,0,132,245
12/06/2012,SBP,CA,AWP,WE,Federal Contract Tower,0,32,25,1,58,0,1,0,0,1,0,33,25,1,59,0,118,118,177
12/07/2012,SBP,CA,AWP,WE,Federal Contract Tower,0,32,21,2,55,0,4,81,3,88,0,36,102,5,143,132,0,132,275
12/08/2012,SBP,CA,AWP,WE,Federal Contract Tower,0,19,18,0,37,0,1,98,9,108,0,20,116,9,145,162,0,162,307
12/09/2012,SBP,CA,AWP,WE,Federal Contract Tower,0,25,6,1,32,0,100,0,3,103,0,125,6,4,135,30,0,30,165
12/10/2012,SBP,CA,AWP,WE,Federal Contract Tower,0,31,12,7,50,0,4,55,4,63,0,35,67,11,113,90,2,92,205
12/11/2012,SBP,CA,AWP,WE,Federal Contract Tower,0,31,10,4,45,0,1,71,2,74,0,32,81,6,119,138,0,138,257
12/12/2012,SBP,CA,AWP,WE,Federal Contract Tower,0,35,15,0,50,0,0,0,0,0,0,35,15,0,50,8,0,8,58
12/13/2012,SBP,CA,AWP,WE,Federal Contract Tower,0,35,14,0,49,0,4,73,0,77,0,39,87,0,126,82,16,98,224
12/14/2012,SBP,CA,AWP,WE,Federal Contract Tower,0,32,17,3,52,0,4,63,0,67,0,36,80,3,119,94,0,94,213
12/15/2012,SBP,CA,AWP,WE,Federal Contract Tower,0,28,10,0,38,0,0,86,0,86,0,28,96,0,124,74,0,74,198
12/16/2012,SBP,CA,AWP,WE,Federal Contract Tower,0,20,23,0,43,0,0,2,0,2,0,20,25,0,45,8,0,8,53
12/17/2012,SBP,CA,AWP,WE,Federal Contract Tower,0,24,30,0,54,0,0,11,0,11,0,24,41,0,65,22,0,22,87
12/18/2012,SBP,CA,AWP,WE,Federal Contract Tower,0,36,10,0,46,0,4,41,2,47,0,40,51,2,93,2,0,2,95
12/19/2012,SBP,CA,AWP,WE,Federal Contract Tower,0,33,12,0,45,0,0,77,0,77,0,33,89,0,122,36,0,36,158
12/20/2012,SBP,CA,AWP,WE,Federal Contract Tower,0,33,14,0,47,0,7,89,0,96,0,40,103,0,143,104,0,104,247
12/21/2012,SBP,CA,AWP,WE,Federal Contract Tower,0,33,23,0,56,0,1,84,0,85,0,34,107,0,141,40,0,40,181
12/22/2012,SBP,CA,AWP,WE,Federal Contract Tower,0,26,14,0,40,0,0,0,0,0,0,26,14,0,40,0,0,0,40
12/23/2012,SBP,CA,AWP,WE,Federal Contract Tower,0,17,13,0,30,0,0,1,0,1,0,17,14,0,31,0,0,0,31
12/24/2012,SBP,CA,AWP,WE,Federal Contract Tower,0,24,11,0,35,0,0,55,0,55,0,24,66,0,90,16,0,16,106
12/25/2012,SBP,CA,AWP,WE,Federal Contract Tower,0,20,3,0,23,0,1,18,0,19,0,21,21,0,42,12,0,12,54
12/26/2012,SBP,CA,AWP,WE,Federal Contract Tower,0,30,16,0,46,0,5,29,0,34,0,35,45,0,80,49,0,49,129
12/27/2012,SBP,CA,AWP,WE,Federal Contract Tower,0,33,16,1,50,0,5,87,2,94,0,38,103,3,144,80,0,80,224
12/28/2012,SBP,CA,AWP,WE,Federal Contract Tower,0,33,10,0,43,0,19,49,0,68,0,52,59,0,111,52,0,52,163
12/29/2012,SBP,CA,AWP,WE,Federal Contract Tower,0,23,13,0,36,0,4,13,0,17,0,27,26,0,53,36,0,36,89
12/30/2012,SBP,CA,AWP,WE,Federal Contract Tower,0,21,15,0,36,0,0,70,0,70,0,21,85,0,106,50,0,50,156
12/31/2012,SBP,CA,AWP,WE,Federal Contract Tower,0,26,3,0,29,0,1,49,0,50,0,27,52,0,79,78,0,78,157
01/01/2013,SBP,CA,AWP,WE,Federal Contract Tower,0,23,10,0,33,0,0,42,0,42,0,23,52,0,75,30,0,30,105
01/02/2013,SBP,CA,AWP,WE,Federal Contract Tower,0,24,11,1,36,0,3,60,0,63,0,27,71,1,99,68,0,68,167
01/03/2013,SBP,CA,AWP,WE,Federal Contract Tower,0,29,11,0,40,0,2,76,0,78,0,31,87,0,118,94,0,94,212
01/04/2013,SBP,CA,AWP,WE,Federal Contract Tower,0,35,15,0,50,0,3,108,2,113,0,38,123,2,163,60,0,60,223
01/05/2013,SBP,CA,AWP,WE,Federal Contract Tower,0,24,16,0,40,0,1,95,0,96,0,25,111,0,136,88,0,88,224
01/06/2013,SBP,CA,AWP,WE,Federal Contract Tower,0,26,24,2,52,0,0,6,0,6,0,26,30,2,58,0,0,0,58
01/07/2013,SBP,CA,AWP,WE,Federal Contract Tower,0,25,13,2,40,0,0,51,0,51,0,25,64,2,91,42,0,42,133
01/08/2013,SBP,CA,AWP,WE,Federal Contract Tower,0,25,12,0,37,0,2,70,0,72,0,27,82,0,109,44,0,44,153
01/09/2013,SBP,CA,AWP,WE,Federal Contract Tower,0,30,15,1,46,0,0,29,1,30,0,30,44,2,76,80,8,88,164
01/10/2013,SBP,CA,AWP,WE,Federal Contract Tower,0,30,14,0,44,0,1,29,0,30,0,31,43,0,74,32,0,32,106
01/11/2013,SBP,CA,AWP,WE,Federal Contract Tower,0,28,17,0,45,0,8,84,0,92,0,36,101,0,137,74,0,74,211
01/12/2013,SBP,CA,AWP,WE,Federal Contract Tower,0,22,12,0,34,0,0,92,0,92,0,22,104,0,126,72,0,72,198
01/13/2013,SBP,CA,AWP,WE,Federal Contract Tower,0,23,13,0,36,0,0,82,0,82,0,23,95,0,118,130,0,130,248
01/14/2013,SBP,CA,AWP,WE,Federal Contract Tower,0,26,10,0,36,0,2,57,0,59,0,28,67,0,95,30,0,30,125
01/15/2013,SBP,CA,AWP,WE,Federal Contract Tower,30,11,0,0,41,0,59,0,0,59,30,70,0,0,100,64,0,64,164
01/16/2013,SBP,CA,AWP,WE,Federal Contract Tower,0,30,6,0,36,0,2,48,0,50,0,32,54,0,86,38,0,38,124
01/17/2013,SBP,CA,AWP,WE,Federal Contract Tower,0,29,7,1,37,0,2,78,2,82,0,31,85,3,119,124,0,124,243
01/18/2013,SBP,CA,AWP,WE,Federal Contract Tower,0,25,16,2,43,0,2,172,0,174,0,27,188,2,217,150,0,150,367
01/19/2013,SBP,CA,AWP,WE,Federal Contract Tower,0,23,14,0,37,0,1,135,2,138,0,24,149,2,175,110,0,110,285
01/20/2013,SBP,CA,AWP,WE,Federal Contract Tower,0,22,5,0,27,0,0,107,0,107,0,22,112,0,134,40,0,40,174
01/21/2013,SBP,CA,AWP,WE,Federal Contract Tower,0,29,22,0,51,0,0,101,0,101,0,29,123,0,152,66,0,66,218
01/22/2013,SBP,CA,AWP,WE,Federal Contract Tower,0,29,13,0,42,0,5,80,0,85,0,34,93,0,127,90,0,90,217
01/23/2013,SBP,CA,AWP,WE,Federal Contract Tower,0,27,23,0,50,0,0,39,0,39,0,27,62,0,89,74,0,74,163
01/24/2013,SBP,CA,AWP,WE,Federal Contract Tower,0,33,30,0,63,0,2,6,0,8,0,35,36,0,71,6,0,6,77
01/25/2013,SBP,CA,AWP,WE,Federal Contract Tower,0,34,21,0,55,0,3,44,1,48,0,37,65,1,103,148,0,148,251
01/26/2013,SBP,CA,AWP,WE,Federal Contract Tower,0,31,26,0,57,0,0,45,0,45,0,31,71,0,102,62,0,62,164
01/27/2013,SBP,CA,AWP,WE,Federal Contract Tower,0,22,20,0,42,0,0,56,2,58,0,22,76,2,100,52,0,52,152
01/28/2013,SBP,CA,AWP,WE,Federal Contract Tower,0,30,16,0,46,0,2,38,0,40,0,32,54,0,86,74,0,74,160
01/29/2013,SBP,CA,AWP,WE,Federal Contract Tower,0,29,7,0,36,0,5,75,0,80,0,34,82,0,116,82,0,82,198
01/30/2013,SBP,CA,AWP,WE,Federal Contract Tower,0,31,11,1,43,0,3,66,0,69,0,34,77,1,112,68,2,70,182
01/31/2013,SBP,CA,AWP,WE,Federal Contract Tower,0,34,10,0,44,0,3,96,0,99,0,37,106,0,143,94,14,108,251
02/01/2013,SBP,CA,AWP,WE,Federal Contract Tower,0,31,13,0,44,0,4,113,0,117,0,35,126,0,161,150,0,150,311
02/02/2013,SBP,CA,AWP,WE,Federal Contract Tower,0,24,9,0,33,0,0,70,0,70,0,24,79,0,103,56,0,56,159
02/03/2013,SBP,CA,AWP,WE,Federal Contract Tower,0,16,15,0,31,0,0,39,0,39,0,16,54,0,70,26,0,26,96
02/04/2013,SBP,CA,AWP,WE,Federal Contract Tower,0,27,14,1,42,0,2,61,0,63,0,29,75,1,105,92,0,92,197
02/05/2013,SBP,CA,AWP,WE,Federal Contract Tower,0,34,42,0,76,0,0,2,0,2,0,34,44,0,78,24,0,24,102
02/06/2013,SBP,CA,AWP,WE,Federal Contract Tower,0,32,7,2,41,0,1,61,1,63,0,33,68,3,104,60,0,60,164
02/07/2013,SBP,CA,AWP,WE,Federal Contract Tower,0,32,17,2,51,0,6,70,5,81,0,38,87,7,132,66,4,70,202
02/08/2013,SBP,CA,AWP,WE,Federal Contract Tower,0,31,16,4,51,0,0,12,7,19,0,31,28,11,70,38,0,38,108
02/09/2013,SBP,CA,AWP,WE,Federal Contract Tower,0,26,1,1,28,0,1,101,5,107,0,27,102,6,135,88,0,88,223
02/10/2013,SBP,CA,AWP,WE,Federal Contract Tower,0,24,12,0,36,0,2,75,2,79,0,26,87,2,115,58,0,58,173
02/11/2013,SBP,CA,AWP,WE,Federal Contract Tower,0,28,5,0,33,0,2,99,5,106,0,30,104,5,139,80,6,86,225
02/12/2013,SBP,CA,AWP,WE,Federal Contract Tower,0,30,14,0,44,0,1,73,1,75,0,31,87,1,119,36,0,36,155
02/13/2013,SBP,CA,AWP,WE,Federal Contract Tower,0,30,13,0,43,0,0,97,4,101,0,30,110,4,144,78,0,78,222
02/14/2013,SBP,CA,AWP,WE,Federal Contract Tower,0,28,10,0,38,0,4,123,5,132,0,32,133,5,170,44,0,44,214
02/15/2013,SBP,CA,AWP,WE,Federal Contract Tower,0,27,13,2,42,0,14,159,0,173,0,41,172,2,215,50,0,50,265
02/16/2013,SBP,CA,AWP,WE,Federal Contract Tower,0,28,11,0,39,0,1,108,0,109,0,29,119,0,148,80,0,80,228
02/17/2013,SBP,CA,AWP,WE,Federal Contract Tower,0,20,12,0,32,0,0,86,0,86,0,20,98,0,118,86,0,86,204
02/18/2013,SBP,CA,AWP,WE,Federal Contract Tower,0,26,53,1,80,0,0,1,0,1,0,26,54,1,81,0,0,0,81
02/19/2013,SBP,CA,AWP,WE,Federal Contract Tower,0,28,12,0,40,0,1,20,0,21,0,29,32,0,61,14,0,14,75
02/20/2013,SBP,CA,AWP,WE,Federal Contract Tower,0,31,12,1,44,0,3,65,1,69,0,34,77,2,113,70,0,70,183
02/21/2013,SBP,CA,AWP,WE,Federal Contract Tower,0,26,6,0,32,0,4,70,0,74,0,30,76,0,106,64,0,64,170
02/22/2013,SBP,CA,AWP,WE,Federal Contract Tower,0,28,13,0,41,0,6,96,0,102,0,34,109,0,143,136,0,136,279
02/23/2013,SBP,CA,AWP,WE,Federal Contract Tower,0,27,18,0,45,0,1,61,0,62,0,28,79,0,107,94,0,94,201
02/24/2013,SBP,CA,AWP,WE,Federal Contract Tower,0,21,17,0,38,0,0,103,0,103,0,21,120,0,141,72,4,76,217
02/25/2013,SBP,CA,AWP,WE,Federal Contract Tower,0,23,10,0,33,0,0,49,0,49,0,23,59,0,82,54,0,54,136
02/26/2013,SBP,CA,AWP,WE,Federal Contract Tower,0,34,7,1,42,0,1,36,0,37,0,35,43,1,79,28,0,28,107
02/27/2013,SBP,CA,AWP,WE,Federal Contract Tower,0,29,9,0,38,0,5,86,0,91,0,34,95,0,129,61,0,61,190
02/28/2013,SBP,CA,AWP,WE,Federal Contract Tower,0,30,12,0,42,0,3,119,0,122,0,33,131,0,164,86,0,86,250
03/01/2013,SBP,CA,AWP,WE,Federal Contract Tower,0,26,7,1,34,0,5,122,2,129,0,31,129,3,163,130,0,130,293
03/02/2013,SBP,CA,AWP,WE,Federal Contract Tower,0,23,10,0,33,0,1,149,0,150,0,24,159,0,183,105,0,105,288
03/03/2013,SBP,CA,AWP,WE,Federal Contract Tower,0,19,30,0,49,0,0,90,3,93,0,19,120,3,142,56,0,56,198
03/04/2013,SBP,CA,AWP,WE,Federal Contract Tower,0,25,9,0,34,0,4,55,0,59,0,29,64,0,93,38,0,38,131
03/05/2013,SBP,CA,AWP,WE,Federal Contract Tower,0,31,14,3,48,0,2,19,3,24,0,33,33,6,72,82,0,82,154
03/06/2013,SBP,CA,AWP,WE,Federal Contract Tower,0,32,23,0,55,0,0,6,0,6,0,32,29,0,61,58,0,58,119
03/07/2013,SBP,CA,AWP,WE,Federal Contract Tower,0,36,16,0,52,0,2,24,6,32,0,38,40,6,84,98,0,98,182
03/08/2013,SBP,CA,AWP,WE,Federal Contract Tower,0,28,24,0,52,0,1,44,0,45,0,29,68,0,97,182,0,182,279
03/09/2013,SBP,CA,AWP,WE,Federal Contract Tower,0,22,16,0,38,0,0,78,0,78,0,22,94,0,116,72,0,72,188
03/10/2013,SBP,CA,AWP,WE,Federal Contract Tower,0,19,19,0,38,0,0,74,0,74,0,19,93,0,112,52,0,52,164
03/11/2013,SBP,CA,AWP,WE,Federal Contract Tower,0,25,5,0,30,0,8,65,0,73,0,33,70,0,103,64,0,64,167
03/12/2013,SBP,CA,AWP,WE,Federal Contract Tower,0,29,10,2,41,0,6,93,0,99,0,35,103,2,140,114,0,114,254
03/13/2013,SBP,CA,AWP,WE,Federal Contract Tower,0,32,22,0,54,0,1,75,0,76,0,33,97,0,130,54,0,54,184
03/14/2013,SBP,CA,AWP,WE,Federal Contract Tower,0,32,31,0,63,0,3,96,0,99,0,35,127,0,162,120,0,120,282
03/15/2013,SBP,CA,AWP,WE,Federal Contract Tower,0,31,32,0,63,0,8,97,0,105,0,39,129,0,168,162,0,162,330
03/16/2013,SBP,CA,AWP,WE,Federal Contract Tower,0,23,16,0,39,0,0,129,0,129,0,23,145,0,168,90,0,90,258
03/17/2013,SBP,CA,AWP,WE,Federal Contract Tower,0,23,19,0,42,0,2,102,0,104,0,25,121,0,146,44,0,44,190
03/18/2013,SBP,CA,AWP,WE,Federal Contract Tower,0,25,11,0,36,0,3,78,0,81,0,28,89,0,117,74,0,74,191
03/19/2013,SBP,CA,AWP,WE,Federal Contract Tower,0,31,4,0,35,0,9,73,2,84,0,40,77,2,119,118,0,118,237
03/20/2013,SBP,CA,AWP,WE,Federal Contract Tower,0,28,18,0,46,0,3,27,0,30,0,31,45,0,76,36,0,36,112
03/21/2013,SBP,CA,AWP,WE,Federal Contract Tower,0,28,16,0,44,0,3,71,2,76,0,31,87,2,120,22,0,22,142
03/22/2013,SBP,CA,AWP,WE,Federal Contract Tower,0,30,13,0,43,0,7,122,1,130,0,37,135,1,173,84,0,84,257
03/23/2013,SBP,CA,AWP,WE,Federal Contract Tower,0,24,13,0,37,0,0,96,0,96,0,24,109,0,133,78,0,78,211
03/24/2013,SBP,CA,AWP,WE,Federal Contract Tower,0,23,21,0,44,0,0,121,0,121,0,23,142,0,165,54,0,54,219
03/25/2013,SBP,CA,AWP,WE,Federal Contract Tower,0,28,13,0,41,0,3,76,1,80,0,31,89,1,121,56,0,56,177
03/26/2013,SBP,CA,AWP,WE,Federal Contract Tower,0,27,19,2,48,0,2,60,0,62,0,29,79,2,110,32,0,32,142
03/27/2013,SBP,CA,AWP,WE,Federal Contract Tower,0,32,12,0,44,0,0,58,0,58,0,32,70,0,102,98,0,98,200
03/28/2013,SBP,CA,AWP,WE,Federal Contract Tower,0,35,22,0,57,0,1,39,0,40,0,36,61,0,97,146,0,146,243
03/29/2013,SBP,CA,AWP,WE,Federal Contract Tower,0,28,16,0,44,0,4,91,0,95,0,32,107,0,139,60,0,60,199
03/30/2013,SBP,CA,AWP,WE,Federal Contract Tower,0,23,10,1,34,0,0,77,0,77,0,23,87,1,111,50,0,50,161
03/31/2013,SBP,CA,AWP,WE,Federal Contract Tower,0,24,8,0,32,0,0,21,0,21,0,24,29,0,53,0,0,0,53
04/01/2013,SBP,CA,AWP,WE,Federal Contract Tower,0,26,26,1,53,0,1,28,0,29,0,27,54,1,82,66,0,66,148
04/02/2013,SBP,CA,AWP,WE,Federal Contract Tower,0,27,10,0,37,0,1,94,2,97,0,28,104,2,134,138,0,138,272
04/03/2013,SBP,CA,AWP,WE,Federal Contract Tower,0,29,20,0,49,0,1,49,5,55,0,30,69,5,104,102,0,102,206
04/04/2013,SBP,CA,AWP,WE,Federal Contract Tower,2,33,24,3,62,0,3,57,3,63,2,36,81,6,125,84,0,84,209
04/05/2013,SBP,CA,AWP,WE,Federal Contract Tower,0,28,16,4,48,0,2,109,8,119,0,30,125,12,167,108,0,108,275
04/06/2013,SBP,CA,AWP,WE,Federal Contract Tower,8,23,13,0,44,0,0,81,2,83,8,23,94,2,127,52,0,52,179
04/07/2013,SBP,CA,AWP,WE,Federal Contract Tower,0,21,14,0,35,0,0,72,0,72,0,21,86,0,107,50,0,50,157
04/08/2013,SBP,CA,AWP,WE,Federal Contract Tower,0,26,18,0,44,0,2,35,0,37,0,28,53,0,81,50,0,50,131
04/09/2013,SBP,CA,AWP,WE,Federal Contract Tower,1,29,8,2,40,0,1,80,1,82,1,30,88,3,122,108,0,108,230
04/10/2013,SBP,CA,AWP,WE,Federal Contract Tower,0,28,16,2,46,0,7,95,8,110,0,35,111,10,156,116,0,116,272
04/11/2013,SBP,CA,AWP,WE,Federal Contract Tower,0,31,18,3,52,0,4,77,4,85,0,35,95,7,137,26,0,26,163
04/12/2013,SBP,CA,AWP,WE,Federal Contract Tower,0,30,19,0,49,0,3,131,2,136,0,33,150,2,185,128,0,128,313
04/13/2013,SBP,CA,AWP,WE,Federal Contract Tower,0,23,10,1,34,0,0,109,0,109,0,23,119,1,143,56,0,56,199
04/14/2013,SBP,CA,AWP,WE,Federal Contract Tower,0,24,14,1,39,0,2,88,0,90,0,26,102,1,129,50,0,50,179
04/15/2013,SBP,CA,AWP,WE,Federal Contract Tower,0,24,26,1,51,0,0,46,2,48,0,24,72,3,99,54,0,54,153
04/16/2013,SBP,CA,AWP,WE,Federal Contract Tower,0,33,6,0,39,0,5,43,0,48,0,38,49,0,87,24,0,24,111
04/17/2013,SBP,CA,AWP,WE,Federal Contract Tower,0,31,17,2,50,0,7,81,0,88,0,38,98,2,138,32,0,32,170
04/18/2013,SBP,CA,AWP,WE,Federal Contract Tower,0,33,7,0,40,0,3,110,0,113,0,36,117,0,153,118,0,118,271
04/19/2013,SBP,CA,AWP,WE,Federal Contract Tower,0,22,12,0,34,0,3,147,0,150,0,25,159,0,184,80,0,80,264
04/20/2013,SBP,CA,AWP,WE,Federal Contract Tower,0,25,15,0,40,0,3,123,0,126,0,28,138,0,166,24,0,24,190
04/21/2013,SBP,CA,AWP,WE,Federal Contract Tower,0,23,14,0,37,0,0,100,0,100,0,23,114,0,137,24,0,24,161
04/22/2013,SBP,CA,AWP,WE,Federal Contract Tower,0,31,13,0,44,0,1,66,0,67,0,32,79,0,111,126,0,126,237
04/23/2013,SBP,CA,AWP,WE,Federal Contract Tower,0,31,19,0,50,0,1,65,0,66,0,32,84,0,116,96,0,96,212
04/24/2013,SBP,CA,AWP,WE,Federal Contract Tower,0,28,41,1,70,0,0,7,0,7,0,28,48,1,77,10,2,12,89
04/25/2013,SBP,CA,AWP,WE,Federal Contract Tower,1,32,19,0,52,0,3,106,0,109,1,35,125,0,161,78,0,78,239
04/26/2013,SBP,CA,AWP,WE,Federal Contract Tower,6,26,12,0,44,0,2,97,2,101,6,28,109,2,145,84,0,84,229
04/27/2013,SBP,CA,AWP,WE,Federal Contract Tower,0,23,17,0,40,0,0,107,0,107,0,23,124,0,147,100,0,100,247
04/28/2013,SBP,CA,AWP,WE,Federal Contract Tower,0,22,20,0,42,0,0,127,0,127,0,22,147,0,169,92,0,92,261
04/29/2013,SBP,CA,AWP,WE,Federal Contract Tower,0,29,11,0,40,0,2,72,0,74,0,31,83,0,114,54,0,54,168
04/30/2013,SBP,CA,AWP,WE,Federal Contract Tower,0,31,21,0,52,0,2,46,0,48,0,33,67,0,100,32,0,32,132
05/01/2013,SBP,CA,AWP,WE,Federal Contract Tower,0,30,18,0,48,0,2,74,0,76,0,32,92,0,124,37,0,37,161
05/02/2013,SBP,CA,AWP,WE,Federal Contract Tower,0,30,20,1,51,0,6,98,3,107,0,36,118,4,158,30,0,30,188
05/03/2013,SBP,CA,AWP,WE,Federal Contract Tower,0,28,9,0,37,0,2,127,5,134,0,30,136,5,171,54,0,54,225
05/04/2013,SBP,CA,AWP,WE,Federal Contract Tower,0,25,13,2,40,0,0,94,0,94,0,25,107,2,134,78,0,78,212
05/05/2013,SBP,CA,AWP,WE,Federal Contract Tower,0,21,17,0,38,0,1,23,0,24,0,22,40,0,62,0,0,0,62
05/06/2013,SBP,CA,AWP,WE,Federal Contract Tower,0,30,37,0,67,0,2,37,0,39,0,32,74,0,106,38,0,38,144
05/07/2013,SBP,CA,AWP,WE,Federal Contract Tower,0,32,17,0,49,0,14,67,0,81,0,46,84,0,130,106,0,106,236
05/08/2013,SBP,CA,AWP,WE,Federal Contract Tower,0,32,22,0,54,0,8,89,0,97,0,40,111,0,151,54,0,54,205
05/09/2013,SBP,CA,AWP,WE,Federal Contract Tower,0,29,19,0,48,0,9,90,3,102,0,38,109,3,150,42,0,42,192
05/10/2013,SBP,CA,AWP,WE,Federal Contract Tower,0,29,7,0,36,0,2,88,1,91,0,31,95,1,127,60,0,60,187
05/11/2013,SBP,CA,AWP,WE,Federal Contract Tower,0,21,8,0,29,0,1,200,0,201,0,22,208,0,230,32,0,32,262
05/12/2013,SBP,CA,AWP,WE,Federal Contract Tower,1,23,7,0,31,0,0,129,0,129,1,23,136,0,160,26,0,26,186
05/13/2013,SBP,CA,AWP,WE,Federal Contract Tower,0,27,22,1,50,0,3,76,0,79,0,30,98,1,129,58,0,58,187
05/14/2013,SBP,CA,AWP,WE,Federal Contract Tower,0,37,27,0,64,0,52,0,0,52,0,89,27,0,116,42,0,42,158
05/15/2013,SBP,CA,AWP,WE,Federal Contract Tower,0,28,25,0,53,0,3,94,6,103,0,31,119,6,156,116,2,118,274
05/16/2013,SBP,CA,AWP,WE,Federal Contract Tower,0,33,23,1,57,0,2,72,1,75,0,35,95,2,132,62,0,62,194
05/17/2013,SBP,CA,AWP,WE,Federal Contract Tower,0,31,17,2,50,0,12,91,0,103,0,43,108,2,153,50,14,64,217
05/18/2013,SBP,CA,AWP,WE,Federal Contract Tower,0,23,7,2,32,0,0,87,5,92,0,23,94,7,124,86,0,86,210
05/19/2013,SBP,CA,AWP,WE,Federal Contract Tower,0,20,16,0,36,0,0,104,4,108,0,20,120,4,144,8,0,8,152
05/20/2013,SBP,CA,AWP,WE,Federal Contract Tower,0,28,9,0,37,0,3,80,0,83,0,31,89,0,120,90,0,90,210
05/21/2013,SBP,CA,AWP,WE,Federal Contract Tower,0,37,23,0,60,0,4,74,0,78,0,41,97,0,138,76,0,76,214
05/22/2013,SBP,CA,AWP,WE,Federal Contract Tower,0,33,11,2,46,0,2,70,0,72,0,35,81,2,118,6,0,6,124
05/23/2013,SBP,CA,AWP,WE,Federal Contract Tower,0,38,7,0,45,0,3,83,0,86,0,41,90,0,131,30,0,30,161
05/24/2013,SBP,CA,AWP,WE,Federal Contract Tower,0,34,18,0,52,0,2,98,0,100,0,36,116,0,152,80,0,80,232
05/25/2013,SBP,CA,AWP,WE,Federal Contract Tower,0,25,15,0,40,0,2,93,0,95,0,27,108,0,135,18,0,18,153
05/26/2013,SBP,CA,AWP,WE,Federal Contract Tower,0,25,4,0,29,0,2,86,0,88,0,27,90,0,117,10,0,10,127
05/27/2013,SBP,CA,AWP,WE,Federal Contract Tower,0,26,17,0,43,0,2,88,0,90,0,28,105,0,133,26,0,26,159
05/28/2013,SBP,CA,AWP,WE,Federal Contract Tower,0,31,16,1,48,0,5,79,2,86,0,36,95,3,134,86,8,94,228
05/29/2013,SBP,CA,AWP,WE,Federal Contract Tower,0,28,2,0,30,0,14,63,1,78,0,42,65,1,108,54,0,54,162
05/30/2013,SBP,CA,AWP,WE,Federal Contract Tower,0,31,15,0,46,0,9,98,1,108,0,40,113,1,154,16,0,16,170
05/31/2013,SBP,CA,AWP,WE,Federal Contract Tower,0,28,4,0,32,0,8,93,1,102,0,36,97,1,134,66,0,66,200
06/01/2013,SBP,CA,AWP,WE,Federal Contract Tower,0,28,8,0,36,0,0,90,0,90,0,28,98,0,126,90,0,90,216
06/02/2013,SBP,CA,AWP,WE,Federal Contract Tower,1,25,22,0,48,0,70,0,0,70,1,95,22,0,118,56,0,56,174
06/03/2013,SBP,CA,AWP,WE,Federal Contract Tower,1,28,28,8,65,0,4,19,2,25,1,32,47,10,90,28,20,48,138
06/04/2013,SBP,CA,AWP,WE,Federal Contract Tower,1,31,24,0,56,0,3,51,8,62,1,34,75,8,118,140,0,140,258
06/05/2013,SBP,CA,AWP,WE,Federal Contract Tower,1,29,12,0,42,0,4,63,0,67,1,33,75,0,109,74,0,74,183
06/06/2013,SBP,CA,AWP,WE,Federal Contract Tower,1,31,19,2,53,0,5,59,0,64,1,36,78,2,117,76,0,76,193
06/07/2013,SBP,CA,AWP,WE,Federal Contract Tower,1,35,17,0,53,0,0,115,0,115,1,35,132,0,168,124,0,124,292
06/08/2013,SBP,CA,AWP,WE,Federal Contract Tower,0,21,28,0,49,0,0,101,0,101,0,21,129,0,150,114,0,114,264
06/09/2013,SBP,CA,AWP,WE,Federal Contract Tower,1,19,42,0,62,0,0,47,0,47,1,19,89,0,109,0,78,78,187
06/10/2013,SBP,CA,AWP,WE,Federal Contract Tower,1,25,19,0,45,0,2,72,0,74,1,27,91,0,119,118,0,118,237
06/11/2013,SBP,CA,AWP,WE,Federal Contract Tower,1,26,20,0,47,0,101,0,0,101,1,127,20,0,148,124,0,124,272
06/12/2013,SBP,CA,AWP,WE,Federal Contract Tower,1,34,15,1,51,0,0,84,0,84,1,34,99,1,135,56,20,76,211
06/13/2013,SBP,CA,AWP,WE,Federal Contract Tower,1,31,7,0,39,0,5,111,0,116,1,36,118,0,155,102,0,102,257
06/14/2013,SBP,CA,AWP,WE,Federal Contract Tower,1,28,17,0,46,0,8,152,1,161,1,36,169,1,207,114,0,114,321
06/15/2013,SBP,CA,AWP,WE,Federal Contract Tower,1,24,36,0,61,0,0,66,0,66,1,24,102,0,127,118,0,118,245
06/16/2013,SBP,CA,AWP,WE,Federal Contract Tower,1,23,16,0,40,0,5,116,0,121,1,28,132,0,161,34,0,34,195
06/17/2013,SBP,CA,AWP,WE,Federal Contract Tower,1,22,12,0,35,0,1,98,0,99,1,23,110,0,134,120,0,120,254
06/18/2013,SBP,CA,AWP,WE,Federal Contract Tower,1,30,10,0,41,0,0,71,0,71,1,30,81,0,112,84,0,84,196
06/19/2013,SBP,CA,AWP,WE,Federal Contract Tower,1,28,18,1,48,0,4,70,0,74,1,32,88,1,122,48,0,48,170
06/20/2013,SBP,CA,AWP,WE,Federal Contract Tower,1,31,10,0,42,0,7,66,2,75,1,38,76,2,117,60,0,60,177
06/21/2013,SBP,CA,AWP,WE,Federal Contract Tower,1,28,11,0,40,0,3,97,2,102,1,31,108,2,142,86,0,86,228
06/22/2013,SBP,CA,AWP,WE,Federal Contract Tower,1,24,3,0,28,0,0,106,0,106,1,24,109,0,134,80,0,80,214
06/23/2013,SBP,CA,AWP,WE,Federal Contract Tower,1,19,27,0,47,0,0,102,0,102,1,19,129,0,149,90,0,90,239
06/24/2013,SBP,CA,AWP,WE,Federal Contract Tower,1,28,30,0,59,0,9,76,0,85,1,37,106,0,144,46,0,46,190
06/25/2013,SBP,CA,AWP,WE,Federal Contract Tower,1,30,19,0,50,0,109,104,0,213,1,139,123,0,263,76,6,82,345
06/26/2013,SBP,CA,AWP,WE,Federal Contract Tower,1,29,15,0,45,0,130,84,0,214,1,159,99,0,259,104,0,104,363
06/27/2013,SBP,CA,AWP,WE,Federal Contract Tower,1,32,9,1,43,0,6,111,4,121,1,38,120,5,164,50,2,52,216
06/28/2013,SBP,CA,AWP,WE,Federal Contract Tower,1,24,9,3,37,0,7,118,1,126,1,31,127,4,163,48,0,48,211
06/29/2013,SBP,CA,AWP,WE,Federal Contract Tower,1,18,5,0,24,0,0,80,0,80,1,18,85,0,104,54,0,54,158
06/30/2013,SBP,CA,AWP,WE,Federal Contract Tower,1,23,10,0,34,0,2,97,0,99,1,25,107,0,133,30,0,30,163
07/01/2013,SBP,CA,AWP,WE,Federal Contract Tower,3,24,10,2,39,0,0,94,8,102,3,24,104,10,141,86,0,86,227
07/02/2013,SBP,CA,AWP,WE,Federal Contract Tower,3,25,14,1,43,0,10,129,1,140,3,35,143,2,183,138,0,138,321
07/03/2013,SBP,CA,AWP,WE,Federal Contract Tower,1,26,19,1,47,0,40,96,0,136,1,66,115,1,183,48,0,48,231
07/04/2013,SBP,CA,AWP,WE,Federal Contract Tower,4,14,4,0,22,0,1,49,0,50,4,15,53,0,72,34,0,34,106
07/05/2013,SBP,CA,AWP,WE,Federal Contract Tower,3,26,18,0,47,0,2,55,0,57,3,28,73,0,104,60,0,60,164
07/06/2013,SBP,CA,AWP,WE,Federal Contract Tower,1,22,21,0,44,0,0,78,0,78,1,22,99,0,122,42,0,42,164
07/07/2013,SBP,CA,AWP,WE,Federal Contract Tower,3,14,32,0,49,0,2,123,0,125,3,16,155,0,174,46,0,46,220
07/08/2013,SBP,CA,AWP,WE,Federal Contract Tower,3,21,13,1,38,0,9,116,0,125,3,30,129,1,163,122,2,124,287
07/09/2013,SBP,CA,AWP,WE,Federal Contract Tower,2,21,14,2,39,0,6,87,3,96,2,27,101,5,135,98,14,112,247
07/10/2013,SBP,CA,AWP,WE,Federal Contract Tower,3,25,15,0,43,0,1,90,0,91,3,26,105,0,134,84,0,84,218
07/11/2013,SBP,CA,AWP,WE,Federal Contract Tower,3,23,28,1,55,0,1,78,0,79,3,24,106,1,134,78,0,78,212
07/12/2013,SBP,CA,AWP,WE,Federal Contract Tower,3,21,11,0,35,0,2,111,0,113,3,23,122,0,148,48,0,48,196
07/13/2013,SBP,CA,AWP,WE,Federal Contract Tower,1,23,16,0,40,0,0,103,0,103,1,23,119,0,143,86,0,86,229
07/14/2013,SBP,CA,AWP,WE,Federal Contract Tower,2,20,22,0,44,0,2,81,0,83,2,22,103,0,127,0,0,0,127
07/15/2013,SBP,CA,AWP,WE,Federal Contract Tower,3,21,28,0,52,0,2,61,6,69,3,23,89,6,121,22,0,22,143
07/16/2013,SBP,CA,AWP,WE,Federal Contract Tower,4,23,14,0,41,0,4,67,3,74,4,27,81,3,115,96,0,96,211
07/17/2013,SBP,CA,AWP,WE,Federal Contract Tower,3,29,6,0,38,0,0,87,0,87,3,29,93,0,125,70,0,70,195
07/18/2013,SBP,CA,AWP,WE,Federal Contract Tower,5,25,23,0,53,0,2,108,0,110,5,27,131,0,163,88,0,88,251
07/19/2013,SBP,CA,AWP,WE,Federal Contract Tower,3,24,8,0,35,0,4,56,0,60,3,28,64,0,95,34,0,34,129
07/20/2013,SBP,CA,AWP,WE,Federal Contract Tower,1,24,18,0,43,0,0,80,0,80,1,24,98,0,123,58,0,58,181
07/21/2013,SBP,CA,AWP,WE,Federal Contract Tower,3,18,14,0,35,0,0,111,2,113,3,18,125,2,148,62,0,62,210
07/22/2013,SBP,CA,AWP,WE,Federal Contract Tower,2,21,13,2,38,0,4,83,1,88,2,25,96,3,126,96,0,96,222
07/23/2013,SBP,CA,AWP,WE,Federal Contract Tower,4,29,14,1,48,0,0,108,4,112,4,29,122,5,160,102,0,102,262
07/24/2013,SBP,CA,AWP,WE,Federal Contract Tower,3,26,19,6,54,0,3,74,10,87,3,29,93,16,141,56,0,56,197
07/25/2013,SBP,CA,AWP,WE,Federal Contract Tower,3,27,23,0,53,0,1,60,4,65,3,28,83,4,118,54,0,54,172
07/26/2013,SBP,CA,AWP,WE,Federal Contract Tower,3,30,16,0,49,0,1,68,0,69,3,31,84,0,118,74,0,74,192
07/27/2013,SBP,CA,AWP,WE,Federal Contract Tower,1,23,18,0,42,0,2,58,3,63,1,25,76,3,105,48,0,48,153
07/28/2013,SBP,CA,AWP,WE,Federal Contract Tower,3,18,16,4,41,0,6,96,4,106,3,24,112,8,147,120,8,128,275
07/29/2013,SBP,CA,AWP,WE,Federal Contract Tower,3,27,22,0,52,0,1,41,0,42,3,28,63,0,94,18,0,18,112
07/30/2013,SBP,CA,AWP,WE,Federal Contract Tower,3,26,15,0,44,0,4,52,0,56,3,30,67,0,100,8,0,8,108
07/31/2013,SBP,CA,AWP,WE,Federal Contract Tower,3,25,18,0,46,0,2,69,0,71,3,27,87,0,117,42,0,42,159
08/01/2013,SBP,CA,AWP,WE,Federal Contract Tower,3,28,14,1,46,0,6,69,0,75,3,34,83,1,121,58,20,78,199
08/02/2013,SBP,CA,AWP,WE,Federal Contract Tower,3,24,17,0,44,0,2,91,0,93,3,26,108,0,137,62,0,62,199
08/03/2013,SBP,CA,AWP,WE,Federal Contract Tower,3,27,13,0,43,0,0,62,0,62,3,27,75,0,105,52,0,52,157
08/04/2013,SBP,CA,AWP,WE,Federal Contract Tower,3,19,13,0,35,0,0,75,0,75,3,19,88,0,110,36,0,36,146
08/05/2013,SBP,CA,AWP,WE,Federal Contract Tower,3,22,20,0,45,0,6,81,0,87,3,28,101,0,132,80,0,80,212
08/06/2013,SBP,CA,AWP,WE,Federal Contract Tower,3,25,24,2,54,0,2,63,2,67,3,27,87,4,121,58,26,84,205
08/07/2013,SBP,CA,AWP,WE,Federal Contract Tower,3,27,22,2,54,0,0,43,0,43,3,27,65,2,97,40,4,44,141
08/08/2013,SBP,CA,AWP,WE,Federal Contract Tower,3,26,29,1,59,0,2,63,0,65,3,28,92,1,124,20,2,22,146
08/09/2013,SBP,CA,AWP,WE,Federal Contract Tower,3,31,13,1,48,0,6,56,1,63,3,37,69,2,111,50,0,50,161
08/10/2013,SBP,CA,AWP,WE,Federal Contract Tower,4,21,13,2,40,0,1,54,0,55,4,22,67,2,95,32,0,32,127
08/11/2013,SBP,CA,AWP,WE,Federal Contract Tower,3,22,17,0,42,0,0,91,0,91,3,22,108,0,133,48,0,48,181
08/12/2013,SBP,CA,AWP,WE,Federal Contract Tower,3,20,23,2,48,0,15,62,0,77,3,35,85,2,125,52,0,52,177
08/13/2013,SBP,CA,AWP,WE,Federal Contract Tower,3,28,10,4,45,0,3,74,9,86,3,31,84,13,131,110,10,120,251
08/14/2013,SBP,CA,AWP,WE,Federal Contract Tower,3,29,13,2,47,0,1,57,12,70,3,30,70,14,117,118,0,118,235
08/15/2013,SBP,CA,AWP,WE,Federal Contract Tower,3,21,15,0,39,0,1,56,0,57,3,22,71,0,96,68,0,68,164
08/16/2013,SBP,CA,AWP,WE,Federal Contract Tower,3,29,21,0,53,0,1,90,0,91,3,30,111,0,144,56,0,56,200
08/17/2013,SBP,CA,AWP,WE,Federal Contract Tower,3,17,23,0,43,0,0,93,0,93,3,17,116,0,136,136,0,136,272
08/18/2013,SBP,CA,AWP,WE,Federal Contract Tower,3,16,22,0,41,0,0,144,0,144,3,16,166,0,185,118,0,118,303
08/19/2013,SBP,CA,AWP,WE,Federal Contract Tower,3,22,13,0,38,0,2,72,0,74,3,24,85,0,112,98,0,98,210
08/20/2013,SBP,CA,AWP,WE,Federal Contract Tower,6,27,17,0,50,0,0,64,2,66,6,27,81,2,116,100,6,106,222
08/21/2013,SBP,CA,AWP,WE,Federal Contract Tower,3,25,11,5,44,0,0,81,6,87,3,25,92,11,131,22,6,28,159
08/22/2013,SBP,CA,AWP,WE,Federal Contract Tower,3,25,14,0,42,0,1,80,2,83,3,26,94,2,125,60,0,60,185
08/23/2013,SBP,CA,AWP,WE,Federal Contract Tower,3,26,14,0,43,0,7,97,0,104,3,33,111,0,147,86,0,86,233
08/24/2013,SBP,CA,AWP,WE,Federal Contract Tower,1,23,6,0,30,0,2,80,0,82,1,25,86,0,112,46,0,46,158
08/25/2013,SBP,CA,AWP,WE,Federal Contract Tower,3,21,16,1,41,0,0,115,0,115,3,21,131,1,156,66,0,66,222
08/26/2013,SBP,CA,AWP,WE,Federal Contract Tower,3,25,15,0,43,0,2,80,0,82,3,27,95,0,125,68,0,68,193
08/27/2013,SBP,CA,AWP,WE,Federal Contract Tower,6,28,16,0,50,0,0,26,0,26,6,28,42,0,76,6,0,6,82
08/28/2013,SBP,CA,AWP,WE,Federal Contract Tower,3,27,12,0,42,0,0,54,0,54,3,27,66,0,96,62,0,62,158
08/29/2013,SBP,CA,AWP,WE,Federal Contract Tower,3,27,19,0,49,0,4,84,0,88,3,31,103,0,137,82,0,82,219
08/30/2013,SBP,CA,AWP,WE,Federal Contract Tower,3,26,17,2,48,0,5,90,0,95,3,31,107,2,143,54,0,54,197
08/31/2013,SBP,CA,AWP,WE,Federal Contract Tower,1,23,5,0,29,0,0,114,2,116,1,23,119,2,145,20,4,24,169
09/01/2013,SBP,CA,AWP,WE,Federal Contract Tower,2,20,9,0,31,0,0,90,0,90,2,20,99,0,121,28,0,28,149
09/02/2013,SBP,CA,AWP,WE,Federal Contract Tower,3,23,17,0,43,0,3,110,0,113,3,26,127,0,156,102,0,102,258
09/03/2013,SBP,CA,AWP,WE,Federal Contract Tower,8,27,7,0,42,0,2,57,0,59,8,29,64,0,101,42,0,42,143
09/04/2013,SBP,CA,AWP,WE,Federal Contract Tower,3,31,11,1,46,0,1,69,9,79,3,32,80,10,125,34,0,34,159
09/05/2013,SBP,CA,AWP,WE,Federal Contract Tower,3,27,14,0,44,0,1,56,0,57,3,28,70,0,101,32,0,32,133
09/06/2013,SBP,CA,AWP,WE,Federal Contract Tower,3,28,8,0,39,0,1,90,2,93,3,29,98,2,132,34,0,34,166
09/07/2013,SBP,CA,AWP,WE,Federal Contract Tower,4,24,4,0,32,0,2,97,3,102,4,26,101,3,134,34,0,34,168
09/08/2013,SBP,CA,AWP,WE,Federal Contract Tower,3,18,21,0,42,0,0,126,0,126,3,18,147,0,168,60,0,60,228
09/09/2013,SBP,CA,AWP,WE,Federal Contract Tower,3,30,13,0,46,0,0,55,2,57,3,30,68,2,103,64,0,64,167
09/10/2013,SBP,CA,AWP,WE,Federal Contract Tower,4,27,18,0,49,0,0,32,0,32,4,27,50,0,81,44,0,44,125
09/11/2013,SBP,CA,AWP,WE,Federal Contract Tower,3,31,19,0,53,0,0,27,2,29,3,31,46,2,82,10,0,10,92
09/12/2013,SBP,CA,AWP,WE,Federal Contract Tower,3,32,15,0,50,0,1,58,0,59,3,33,73,0,109,88,0,88,197
09/13/2013,SBP,CA,AWP,WE,Federal Contract Tower,3,27,7,0,37,0,2,63,0,65,3,29,70,0,102,66,0,66,168
09/14/2013,SBP,CA,AWP,WE,Federal Contract Tower,4,22,18,0,44,0,5,51,2,58,4,27,69,2,102,54,0,54,156
09/15/2013,SBP,CA,AWP,WE,Federal Contract Tower,3,19,11,1,34,0,0,68,0,68,3,19,79,1,102,12,0,12,114
09/16/2013,SBP,CA,AWP,WE,Federal Contract Tower,3,24,17,1,45,0,2,69,0,71,3,26,86,1,116,108,0,108,224
09/17/2013,SBP,CA,AWP,WE,Federal Contract Tower,4,28,12,0,44,0,2,64,0,66,4,30,76,0,110,54,0,54,164
09/18/2013,SBP,CA,AWP,WE,Federal Contract Tower,3,31,9,0,43,0,1,57,20,78,3,32,66,20,121,34,0,34,155
09/19/2013,SBP,CA,AWP,WE,Federal Contract Tower,3,29,11,3,46,0,5,106,0,111,3,34,117,3,157,54,0,54,211
09/20/2013,SBP,CA,AWP,WE,Federal Contract Tower,3,27,33,0,63,0,1,57,0,58,3,28,90,0,121,28,0,28,149
09/21/2013,SBP,CA,AWP,WE,Federal Contract Tower,4,21,20,0,45,0,0,30,0,30,4,21,50,0,75,8,0,8,83
09/22/2013,SBP,CA,AWP,WE,Federal Contract Tower,3,18,16,1,38,0,0,97,1,98,3,18,113,2,136,48,0,48,184
09/23/2013,SBP,CA,AWP,WE,Federal Contract Tower,3,22,10,0,35,0,4,91,1,96,3,26,101,1,131,28,0,28,159
09/24/2013,SBP,CA,AWP,WE,Federal Contract Tower,3,31,9,2,45,0,4,55,2,61,3,35,64,4,106,48,0,48,154
09/25/2013,SBP,CA,AWP,WE,Federal Contract Tower,3,31,12,0,46,0,6,49,7,62,3,37,61,7,108,14,0,14,122
09/26/2013,SBP,CA,AWP,WE,Federal Contract Tower,3,34,10,0,47,0,2,88,0,90,3,36,98,0,137,50,0,50,187
09/27/2013,SBP,CA,AWP,WE,Federal Contract Tower,3,25,13,2,43,0,1,78,2,81,3,26,91,4,124,48,0,48,172
09/28/2013,SBP,CA,AWP,WE,Federal Contract Tower,4,21,8,1,34,0,0,88,0,88,4,21,96,1,122,24,0,24,146
09/29/2013,SBP,CA,AWP,WE,Federal Contract Tower,3,18,14,2,37,0,1,97,0,98,3,19,111,2,135,38,0,38,173
09/30/2013,SBP,CA,AWP,WE,Federal Contract Tower,3,19,10,0,32,0,4,85,3,92,3,23,95,3,124,82,0,82,206
10/01/2013,SBP,CA,AWP,WE,Federal Contract Tower,3,35,6,2,46,0,2,64,2,68,3,37,70,4,114,64,0,64,178
10/02/2013,SBP,CA,AWP,WE,Federal Contract Tower,3,30,9,1,43,0,0,55,1,56,3,30,64,2,99,74,0,74,173
10/03/2013,SBP,CA,AWP,WE,Federal Contract Tower,3,29,13,1,46,0,0,50,3,53,3,29,63,4,99,16,0,16,115
10/04/2013,SBP,CA,AWP,WE,Federal Contract Tower,3,25,13,0,41,0,4,64,1,69,3,29,77,1,110,76,0,76,186
10/05/2013,SBP,CA,AWP,WE,Federal Contract Tower,3,21,10,0,34,0,1,60,0,61,3,22,70,0,95,34,0,34,129
10/06/2013,SBP,CA,AWP,WE,Federal Contract Tower,3,20,13,0,36,0,1,89,0,90,3,21,102,0,126,15,0,15,141
10/07/2013,SBP,CA,AWP,WE,Federal Contract Tower,3,21,19,1,44,0,3,70,2,75,3,24,89,3,119,120,0,120,239
10/08/2013,SBP,CA,AWP,WE,Federal Contract Tower,3,31,15,1,50,0,0,64,2,66,3,31,79,3,116,102,0,102,218
10/09/2013,SBP,CA,AWP,WE,Federal Contract Tower,3,26,31,3,63,0,1,22,3,26,3,27,53,6,89,84,0,84,173
10/10/2013,SBP,CA,AWP,WE,Federal Contract Tower,3,26,10,0,39,0,0,95,2,97,3,26,105,2,136,86,0,86,222
10/11/2013,SBP,CA,AWP,WE,Federal Contract Tower,3,28,26,0,57,0,0,115,0,115,3,28,141,0,172,110,0,110,282
10/12/2013,SBP,CA,AWP,WE,Federal Contract Tower,4,26,11,0,41,0,6,66,0,72,4,32,77,0,113,90,0,90,203
10/13/2013,SBP,CA,AWP,WE,Federal Contract Tower,3,19,19,1,42,0,4,79,0,83,3,23,98,1,125,34,0,34,159
10/14/2013,SBP,CA,AWP,WE,Federal Contract Tower,3,21,11,0,35,0,4,76,0,80,3,25,87,0,115,48,0,48,163
10/15/2013,SBP,CA,AWP,WE,Federal Contract Tower,3,26,11,1,41,0,8,62,0,70,3,34,73,1,111,62,0,62,173
10/16/2013,SBP,CA,AWP,WE,Federal Contract Tower,3,27,8,0,38,0,6,55,0,61,3,33,63,0,99,54,0,54,153
10/17/2013,SBP,CA,AWP,WE,Federal Contract Tower,3,27,22,0,52,0,2,98,0,100,3,29,120,0,152,74,0,74,226
10/18/2013,SBP,CA,AWP,WE,Federal Contract Tower,1,24,17,0,42,0,2,169,0,171,1,26,186,0,213,100,0,100,313
10/19/2013,SBP,CA,AWP,WE,Federal Contract Tower,3,18,15,0,36,0,0,141,0,141,3,18,156,0,177,106,0,106,283
10/20/2013,SBP,CA,AWP,WE,Federal Contract Tower,3,17,21,0,41,0,0,118,0,118,3,17,139,0,159,54,0,54,213
10/21/2013,SBP,CA,AWP,WE,Federal Contract Tower,3,22,15,0,40,0,7,63,0,70,3,29,78,0,110,102,0,102,212
10/22/2013,SBP,CA,AWP,WE,Federal Contract Tower,0,3,30,15,48,0,0,56,0,56,0,3,86,15,104,66,0,66,170
10/23/2013,SBP,CA,AWP,WE,Federal Contract Tower,3,29,32,0,64,0,1,87,0,88,3,30,119,0,152,124,0,124,276
10/24/2013,SBP,CA,AWP,WE,Federal Contract Tower,3,26,24,0,53,0,1,64,0,65,3,27,88,0,118,80,0,80,198
10/25/2013,SBP,CA,AWP,WE,Federal Contract Tower,3,30,30,0,63,0,1,94,0,95,3,31,124,0,158,140,0,140,298
10/26/2013,SBP,CA,AWP,WE,Federal Contract Tower,3,22,9,0,34,0,0,84,0,84,3,22,93,0,118,44,0,44,162
10/27/2013,SBP,CA,AWP,WE,Federal Contract Tower,3,23,20,0,46,0,0,65,0,65,3,23,85,0,111,32,0,32,143
10/28/2013,SBP,CA,AWP,WE,Federal Contract Tower,3,28,21,0,52,0,0,16,0,16,3,28,37,0,68,74,0,74,142
10/29/2013,SBP,CA,AWP,WE,Federal Contract Tower,3,30,19,0,52,0,0,14,0,14,3,30,33,0,66,42,0,42,108
10/30/2013,SBP,CA,AWP,WE,Federal Contract Tower,4,23,6,0,33,0,2,77,2,81,4,25,83,2,114,56,0,56,170
10/31/2013,SBP,CA,AWP,WE,Federal Contract Tower,4,25,8,0,37,0,2,80,0,82,4,27,88,0,119,64,0,64,183
11/01/2013,SBP,CA,AWP,WE,Federal Contract Tower,3,24,9,0,36,0,0,74,0,74,3,24,83,0,110,74,0,74,184
11/02/2013,SBP,CA,AWP,WE,Federal Contract Tower,3,23,11,0,37,0,1,89,0,90,3,24,100,0,127,144,0,144,271
11/03/2013,SBP,CA,AWP,WE,Federal Contract Tower,3,26,9,0,38,0,3,91,0,94,3,29,100,0,132,62,0,62,194
11/04/2013,SBP,CA,AWP,WE,Federal Contract Tower,3,24,7,1,35,0,9,55,1,65,3,33,62,2,100,54,0,54,154
11/05/2013,SBP,CA,AWP,WE,Federal Contract Tower,3,29,8,0,40,0,1,78,0,79,3,30,86,0,119,48,0,48,167
11/06/2013,SBP,CA,AWP,WE,Federal Contract Tower,3,30,7,2,42,0,6,88,0,94,3,36,95,2,136,92,4,96,232
11/07/2013,SBP,CA,AWP,WE,Federal Contract Tower,2,26,13,0,41,0,5,83,0,88,2,31,96,0,129,76,0,76,205
11/08/2013,SBP,CA,AWP,WE,Federal Contract Tower,3,28,25,0,56,0,1,91,0,92,3,29,116,0,148,100,0,100,248
11/09/2013,SBP,CA,AWP,WE,Federal Contract Tower,3,21,11,0,35,0,2,78,0,80,3,23,89,0,115,60,0,60,175
11/10/2013,SBP,CA,AWP,WE,Federal Contract Tower,3,22,10,0,35,0,0,92,0,92,3,22,102,0,127,38,0,38,165
11/11/2013,SBP,CA,AWP,WE,Federal Contract Tower,3,26,16,0,45,0,2,67,0,69,3,28,83,0,114,98,0,98,212
11/12/2013,SBP,CA,AWP,WE,Federal Contract Tower,3,29,10,0,42,0,2,55,0,57,3,31,65,0,99,84,0,84,183
11/13/2013,SBP,CA,AWP,WE,Federal Contract Tower,3,29,11,0,43,0,2,67,0,69,3,31,78,0,112,10,0,10,122
11/14/2013,SBP,CA,AWP,WE,Federal Contract Tower,3,29,10,0,42,0,4,73,0,77,3,33,83,0,119,52,0,52,171
11/15/2013,SBP,CA,AWP,WE,Federal Contract Tower,3,29,14,8,54,0,1,80,0,81,3,30,94,8,135,64,0,64,199
11/16/2013,SBP,CA,AWP,WE,Federal Contract Tower,3,19,19,0,41,0,0,66,6,72,3,19,85,6,113,70,38,108,221
11/17/2013,SBP,CA,AWP,WE,Federal Contract Tower,3,21,12,0,36,0,0,117,0,117,3,21,129,0,153,52,0,52,205
11/18/2013,SBP,CA,AWP,WE,Federal Contract Tower,3,27,7,0,37,0,2,57,2,61,3,29,64,2,98,58,0,58,156
11/19/2013,SBP,CA,AWP,WE,Federal Contract Tower,3,26,21,0,50,0,4,51,0,55,3,30,72,0,105,48,2,50,155
11/20/2013,SBP,CA,AWP,WE,Federal Contract Tower,3,27,26,2,58,0,1,15,2,18,3,28,41,4,76,96,0,96,172
11/21/2013,SBP,CA,AWP,WE,Federal Contract Tower,3,36,25,0,64,0,0,37,0,37,3,36,62,0,101,68,0,68,169
11/22/2013,SBP,CA,AWP,WE,Federal Contract Tower,3,34,18,0,55,0,1,67,0,68,3,35,85,0,123,34,0,34,157
11/23/2013,SBP,CA,AWP,WE,Federal Contract Tower,3,24,11,0,38,0,0,79,0,79,3,24,90,0,117,54,0,54,171
11/24/2013,SBP,CA,AWP,WE,Federal Contract Tower,3,22,13,0,38,0,60,2,0,62,3,82,15,0,100,46,0,46,146
11/25/2013,SBP,CA,AWP,WE,Federal Contract Tower,3,28,12,0,43,0,2,66,0,68,3,30,78,0,111,102,0,102,213
11/26/2013,SBP,CA,AWP,WE,Federal Contract Tower,7,23,21,0,51,0,3,119,0,122,7,26,140,0,173,100,0,100,273
11/27/2013,SBP,CA,AWP,WE,Federal Contract Tower,7,24,15,0,46,0,4,103,0,107,7,28,118,0,153,26,0,26,179
11/28/2013,SBP,CA,AWP,WE,Federal Contract Tower,4,12,4,0,20,0,0,17,0,17,4,12,21,0,37,4,0,4,41
11/29/2013,SBP,CA,AWP,WE,Federal Contract Tower,4,21,14,0,39,0,0,42,0,42,4,21,56,0,81,48,0,48,129
11/30/2013,SBP,CA,AWP,WE,Federal Contract Tower,3,19,12,0,34,0,0,110,0,110,3,19,122,0,144,46,0,46,190
12/01/2013,SBP,CA,AWP,WE,Federal Contract Tower,3,19,26,0,48,0,2,85,0,87,3,21,111,0,135,28,0,28,163
12/02/2013,SBP,CA,AWP,WE,Federal Contract Tower,3,24,10,0,37,0,1,52,0,53,3,25,62,0,90,24,0,24,114
12/03/2013,SBP,CA,AWP,WE,Federal Contract Tower,3,28,13,0,44,0,4,36,0,40,3,32,49,0,84,8,0,8,92
12/04/2013,SBP,CA,AWP,WE,Federal Contract Tower,3,30,5,0,38,0,4,68,0,72,3,34,73,0,110,63,0,63,173
12/05/2013,SBP,CA,AWP,WE,Federal Contract Tower,3,33,13,0,49,0,3,71,0,74,3,36,84,0,123,46,0,46,169
12/06/2013,SBP,CA,AWP,WE,Federal Contract Tower,3,30,9,5,47,0,5,81,0,86,3,35,90,5,133,38,0,38,171
12/07/2013,SBP,CA,AWP,WE,Federal Contract Tower,4,21,7,0,32,0,0,21,0,21,4,21,28,0,53,10,0,10,63
12/08/2013,SBP,CA,AWP,WE,Federal Contract Tower,3,18,13,0,34,0,0,57,0,57,3,18,70,0,91,10,0,10,101
12/09/2013,SBP,CA,AWP,WE,Federal Contract Tower,4,33,13,0,50,0,2,56,1,59,4,35,69,1,109,20,0,20,129
12/10/2013,SBP,CA,AWP,WE,Federal Contract Tower,3,31,5,0,39,0,2,46,1,49,3,33,51,1,88,38,14,52,140
12/11/2013,SBP,CA,AWP,WE,Federal Contract Tower,3,24,8,1,36,0,2,64,1,67,3,26,72,2,103,86,0,86,189
12/12/2013,SBP,CA,AWP,WE,Federal Contract Tower,1,29,16,3,49,0,1,67,0,68,1,30,83,3,117,66,0,66,183
12/13/2013,SBP,CA,AWP,WE,Federal Contract Tower,3,32,19,0,54,0,3,85,0,88,3,35,104,0,142,72,0,72,214
12/14/2013,SBP,CA,AWP,WE,Federal Contract Tower,4,22,10,0,36,0,0,92,0,92,4,22,102,0,128,50,0,50,178
12/15/2013,SBP,CA,AWP,WE,Federal Contract Tower,3,20,9,0,32,0,0,83,0,83,3,20,92,0,115,36,0,36,151
12/16/2013,SBP,CA,AWP,WE,Federal Contract Tower,4,23,6,0,33,0,4,56,2,62,4,27,62,2,95,26,8,34,129
12/17/2013,SBP,CA,AWP,WE,Federal Contract Tower,4,28,11,0,43,0,2,80,0,82,4,30,91,0,125,68,0,68,193
12/18/2013,SBP,CA,AWP,WE,Federal Contract Tower,3,37,31,2,73,0,34,0,0,34,3,71,31,2,107,34,0,34,141
12/19/2013,SBP,CA,AWP,WE,Federal Contract Tower,3,38,21,0,62,0,5,39,0,44,3,43,60,0,106,46,0,46,152
12/20/2013,SBP,CA,AWP,WE,Federal Contract Tower,3,34,12,0,49,0,5,107,2,114,3,39,119,2,163,32,0,32,195
12/21/2013,SBP,CA,AWP,WE,Federal Contract Tower,0,3,24,17,44,0,0,85,2,87,0,3,109,19,131,34,0,34,165
12/22/2013,SBP,CA,AWP,WE,Federal Contract Tower,3,19,5,0,27,0,0,78,0,78,3,19,83,0,105,44,0,44,149
12/23/2013,SBP,CA,AWP,WE,Federal Contract Tower,3,27,8,0,38,0,1,52,0,53,3,28,60,0,91,20,6,26,117
12/24/2013,SBP,CA,AWP,WE,Federal Contract Tower,3,27,9,0,39,0,4,76,0,80,3,31,85,0,119,8,0,8,127
12/25/2013,SBP,CA,AWP,WE,Federal Contract Tower,3,18,7,0,28,0,0,28,0,28,3,18,35,0,56,10,0,10,66
12/26/2013,SBP,CA,AWP,WE,Federal Contract Tower,3,24,8,0,35,0,2,68,0,70,3,26,76,0,105,18,0,18,123
12/27/2013,SBP,CA,AWP,WE,Federal Contract Tower,3,35,9,0,47,0,3,82,0,85,3,38,91,0,132,56,0,56,188
12/28/2013,SBP,CA,AWP,WE,Federal Contract Tower,3,27,5,0,35,0,0,106,0,106,3,27,111,0,141,0,0,0,141
12/29/2013,SBP,CA,AWP,WE,Federal Contract Tower,3,21,15,0,39,0,2,59,1,62,3,23,74,1,101,2,0,2,103
12/30/2013,SBP,CA,AWP,WE,Federal Contract Tower,3,22,4,0,29,0,2,72,0,74,3,24,76,0,103,42,0,42,145
12/31/2013,SBP,CA,AWP,WE,Federal Contract Tower,3,26,7,1,37,0,2,94,0,96,3,28,101,1,133,22,0,22,155
01/01/2014,SBP,CA,AWP,WE,Federal Contract Tower,3,19,8,0,30,0,0,61,0,61,3,19,69,0,91,28,0,28,119
01/02/2014,SBP,CA,AWP,WE,Federal Contract Tower,3,26,12,0,41,0,5,100,0,105,3,31,112,0,146,30,0,30,176
01/03/2014,SBP,CA,AWP,WE,Federal Contract Tower,3,24,16,0,43,0,5,97,0,102,3,29,113,0,145,70,0,70,215
01/04/2014,SBP,CA,AWP,WE,Federal Contract Tower,3,20,18,0,41,0,0,82,0,82,3,20,100,0,123,63,0,63,186
01/05/2014,SBP,CA,AWP,WE,Federal Contract Tower,0,16,26,0,42,0,0,97,0,97,0,16,123,0,139,60,0,60,199
01/06/2014,SBP,CA,AWP,WE,Federal Contract Tower,3,31,20,0,54,0,8,71,0,79,3,39,91,0,133,30,0,30,163
01/07/2014,SBP,CA,AWP,WE,Federal Contract Tower,3,25,18,0,46,0,0,50,4,54,3,25,68,4,100,23,0,23,123
01/08/2014,SBP,CA,AWP,WE,Federal Contract Tower,3,29,19,0,51,0,9,64,0,73,3,38,83,0,124,26,0,26,150
01/09/2014,SBP,CA,AWP,WE,Federal Contract Tower,3,30,10,0,43,0,6,46,0,52,3,36,56,0,95,44,0,44,139
01/10/2014,SBP,CA,AWP,WE,Federal Contract Tower,3,28,14,0,45,0,2,86,0,88,3,30,100,0,133,86,0,86,219
01/11/2014,SBP,CA,AWP,WE,Federal Contract Tower,3,16,13,1,33,0,0,61,0,61,3,16,74,1,94,30,0,30,124
01/12/2014,SBP,CA,AWP,WE,Federal Contract Tower,3,25,12,0,40,0,0,58,0,58,3,25,70,0,98,14,0,14,112
01/13/2014,SBP,CA,AWP,WE,Federal Contract Tower,3,26,13,0,42,0,1,35,0,36,3,27,48,0,78,14,0,14,92
01/14/2014,SBP,CA,AWP,WE,Federal Contract Tower,4,29,11,0,44,0,9,69,4,82,4,38,80,4,126,6,0,6,132
01/15/2014,SBP,CA,AWP,WE,Federal Contract Tower,3,31,14,0,48,0,3,65,3,71,3,34,79,3,119,34,0,34,153
01/16/2014,SBP,CA,AWP,WE,Federal Contract Tower,2,25,14,0,41,0,0,86,2,88,2,25,100,2,129,78,0,78,207
01/17/2014,SBP,CA,AWP,WE,Federal Contract Tower,3,26,20,0,49,0,1,90,0,91,3,27,110,0,140,72,0,72,212
01/18/2014,SBP,CA,AWP,WE,Federal Contract Tower,3,18,10,2,33,0,0,118,0,118,3,18,128,2,151,54,0,54,205
01/19/2014,SBP,CA,AWP,WE,Federal Contract Tower,3,24,7,0,34,0,0,77,0,77,3,24,84,0,111,30,0,30,141
01/20/2014,SBP,CA,AWP,WE,Federal Contract Tower,2,25,21,0,48,0,2,72,0,74,2,27,93,0,122,62,0,62,184
01/21/2014,SBP,CA,AWP,WE,Federal Contract Tower,3,27,14,3,47,0,2,65,0,67,3,29,79,3,114,70,0,70,184
01/22/2014,SBP,CA,AWP,WE,Federal Contract Tower,3,27,13,0,43,0,2,82,1,85,3,29,95,1,128,60,2,62,190
01/23/2014,SBP,CA,AWP,WE,Federal Contract Tower,2,32,24,4,62,0,3,81,2,86,2,35,105,6,148,30,0,30,178
01/24/2014,SBP,CA,AWP,WE,Federal Contract Tower,3,29,16,3,51,0,3,59,0,62,3,32,75,3,113,94,0,94,207
01/25/2014,SBP,CA,AWP,WE,Federal Contract Tower,4,23,12,1,40,0,0,97,0,97,4,23,109,1,137,14,0,14,151
01/26/2014,SBP,CA,AWP,WE,Federal Contract Tower,3,18,12,0,33,0,0,68,0,68,3,18,80,0,101,6,0,6,107
01/27/2014,SBP,CA,AWP,WE,Federal Contract Tower,3,23,11,0,37,0,5,61,3,69,3,28,72,3,106,14,0,14,120
01/28/2014,SBP,CA,AWP,WE,Federal Contract Tower,3,29,15,0,47,0,9,65,4,78,3,38,80,4,125,28,0,28,153
01/29/2014,SBP,CA,AWP,WE,Federal Contract Tower,3,27,10,2,42,0,3,55,2,60,3,30,65,4,102,44,0,44,146
01/30/2014,SBP,CA,AWP,WE,Federal Contract Tower,3,26,30,3,62,0,0,11,4,15,3,26,41,7,77,66,0,66,143
01/31/2014,SBP,CA,AWP,WE,Federal Contract Tower,3,29,15,4,51,0,6,79,4,89,3,35,94,8,140,80,4,84,224
02/01/2014,SBP,CA,AWP,WE,Federal Contract Tower,3,20,10,0,33,0,2,101,0,103,3,22,111,0,136,112,0,112,248
02/02/2014,SBP,CA,AWP,WE,Federal Contract Tower,3,17,17,1,38,0,0,8,1,9,3,17,25,2,47,8,0,8,55
02/03/2014,SBP,CA,AWP,WE,Federal Contract Tower,3,27,11,0,41,0,7,61,3,71,3,34,72,3,112,70,0,70,182
02/04/2014,SBP,CA,AWP,WE,Federal Contract Tower,3,31,15,4,53,0,2,73,0,75,3,33,88,4,128,60,0,60,188
02/05/2014,SBP,CA,AWP,WE,Federal Contract Tower,3,28,8,0,39,0,3,76,0,79,3,31,84,0,118,74,0,74,192
02/06/2014,SBP,CA,AWP,WE,Federal Contract Tower,3,33,12,0,48,0,0,0,0,0,3,33,12,0,48,0,0,0,48
02/07/2014,SBP,CA,AWP,WE,Federal Contract Tower,2,20,19,0,41,0,2,52,2,56,2,22,71,2,97,104,0,104,201
02/08/2014,SBP,CA,AWP,WE,Federal Contract Tower,2,14,10,4,30,0,0,0,0,0,2,14,10,4,30,0,0,0,30
02/09/2014,SBP,CA,AWP,WE,Federal Contract Tower,3,19,25,0,47,0,0,8,0,8,3,19,33,0,55,58,0,58,113
02/10/2014,SBP,CA,AWP,WE,Federal Contract Tower,3,27,19,1,50,0,2,27,0,29,3,29,46,1,79,14,0,14,93
02/11/2014,SBP,CA,AWP,WE,Federal Contract Tower,3,29,15,1,48,0,2,93,0,95,3,31,108,1,143,116,0,116,259
02/12/2014,SBP,CA,AWP,WE,Federal Contract Tower,3,26,5,0,34,0,6,104,0,110,3,32,109,0,144,74,2,76,220
02/13/2014,SBP,CA,AWP,WE,Federal Contract Tower,3,24,22,2,51,0,4,106,0,110,3,28,128,2,161,112,0,112,273
02/14/2014,SBP,CA,AWP,WE,Federal Contract Tower,3,28,21,0,52,0,4,91,0,95,3,32,112,0,147,68,0,68,215
02/15/2014,SBP,CA,AWP,WE,Federal Contract Tower,3,20,13,0,36,0,0,76,0,76,3,20,89,0,112,46,0,46,158
02/16/2014,SBP,CA,AWP,WE,Federal Contract Tower,3,22,15,0,40,0,113,0,0,113,3,135,15,0,153,56,0,56,209
02/17/2014,SBP,CA,AWP,WE,Federal Contract Tower,1,33,27,0,61,0,0,89,0,89,1,33,116,0,150,56,0,56,206
02/18/2014,SBP,CA,AWP,WE,Federal Contract Tower,0,3,28,14,45,0,3,76,0,79,0,6,104,14,124,50,0,50,174
02/19/2014,SBP,CA,AWP,WE,Federal Contract Tower,0,3,30,9,42,0,0,53,0,53,0,3,83,9,95,6,0,6,101
02/20/2014,SBP,CA,AWP,WE,Federal Contract Tower,3,26,18,0,47,0,2,56,0,58,3,28,74,0,105,18,0,18,123
02/21/2014,SBP,CA,AWP,WE,Federal Contract Tower,3,26,13,0,42,0,0,68,2,70,3,26,81,2,112,82,0,82,194
02/22/2014,SBP,CA,AWP,WE,Federal Contract Tower,3,17,10,0,30,0,0,112,0,112,3,17,122,0,142,102,0,102,244
02/23/2014,SBP,CA,AWP,WE,Federal Contract Tower,3,20,22,2,47,0,0,126,2,128,3,20,148,4,175,78,0,78,253
02/24/2014,SBP,CA,AWP,WE,Federal Contract Tower,3,23,17,0,43,0,2,69,0,71,3,25,86,0,114,66,0,66,180
02/25/2014,SBP,CA,AWP,WE,Federal Contract Tower,3,33,33,1,70,0,2,38,1,41,3,35,71,2,111,26,0,26,137
02/26/2014,SBP,CA,AWP,WE,Federal Contract Tower,3,25,26,0,54,0,0,1,0,1,3,25,27,0,55,6,0,6,61
02/27/2014,SBP,CA,AWP,WE,Federal Contract Tower,3,28,16,0,47,0,1,54,0,55,3,29,70,0,102,38,0,38,140
02/28/2014,SBP,CA,AWP,WE,Federal Contract Tower,3,27,12,0,42,0,0,2,0,2,3,27,14,0,44,0,0,0,44
03/01/2014,SBP,CA,AWP,WE,Federal Contract Tower,3,23,6,0,32,0,1,0,0,1,3,24,6,0,33,0,0,0,33
03/02/2014,SBP,CA,AWP,WE,Federal Contract Tower,3,18,21,0,42,0,0,1,0,1,3,18,22,0,43,0,0,0,43
03/03/2014,SBP,CA,AWP,WE,Federal Contract Tower,3,24,12,0,39,0,1,37,0,38,3,25,49,0,77,86,0,86,163
03/04/2014,SBP,CA,AWP,WE,Federal Contract Tower,3,25,17,1,46,0,1,38,5,44,3,26,55,6,90,72,0,72,162
03/05/2014,SBP,CA,AWP,WE,Federal Contract Tower,3,28,25,0,56,0,6,44,0,50,3,34,69,0,106,50,0,50,156
03/06/2014,SBP,CA,AWP,WE,Federal Contract Tower,3,29,18,0,50,0,0,30,0,30,3,29,48,0,80,26,0,26,106
03/07/2014,SBP,CA,AWP,WE,Federal Contract Tower,3,30,25,0,58,0,1,93,0,94,3,31,118,0,152,50,0,50,202
03/08/2014,SBP,CA,AWP,WE,Federal Contract Tower,2,21,17,0,40,0,2,139,0,141,2,23,156,0,181,90,0,90,271
03/09/2014,SBP,CA,AWP,WE,Federal Contract Tower,3,23,25,0,51,0,0,92,0,92,3,23,117,0,143,44,0,44,187
03/10/2014,SBP,CA,AWP,WE,Federal Contract Tower,3,25,13,0,41,0,1,48,0,49,3,26,61,0,90,38,0,38,128
03/11/2014,SBP,CA,AWP,WE,Federal Contract Tower,3,24,13,0,40,0,5,51,0,56,3,29,64,0,96,40,0,40,136
03/12/2014,SBP,CA,AWP,WE,Federal Contract Tower,2,28,10,0,40,0,3,78,0,81,2,31,88,0,121,118,0,118,239
03/13/2014,SBP,CA,AWP,WE,Federal Contract Tower,3,25,16,0,44,0,2,96,2,100,3,27,112,2,144,52,6,58,202
03/14/2014,SBP,CA,AWP,WE,Federal Contract Tower,3,30,20,0,53,0,5,97,0,102,3,35,117,0,155,38,0,38,193
03/15/2014,SBP,CA,AWP,WE,Federal Contract Tower,2,23,15,0,40,0,0,169,0,169,2,23,184,0,209,40,0,40,249
03/16/2014,SBP,CA,AWP,WE,Federal Contract Tower,3,21,18,0,42,0,0,105,0,105,3,21,123,0,147,48,0,48,195
03/17/2014,SBP,CA,AWP,WE,Federal Contract Tower,3,21,13,0,37,0,2,72,1,75,3,23,85,1,112,32,0,32,144
03/18/2014,SBP,CA,AWP,WE,Federal Contract Tower,3,27,10,1,41,0,2,73,0,75,3,29,83,1,116,82,0,82,198
03/19/2014,SBP,CA,AWP,WE,Federal Contract Tower,3,28,5,0,36,0,1,86,0,87,3,29,91,0,123,88,0,88,211
03/20/2014,SBP,CA,AWP,WE,Federal Contract Tower,2,29,14,1,46,0,1,111,1,113,2,30,125,2,159,142,0,142,301
03/21/2014,SBP,CA,AWP,WE,Federal Contract Tower,3,33,46,0,82,0,0,59,0,59,3,33,105,0,141,102,0,102,243
03/22/2014,SBP,CA,AWP,WE,Federal Contract Tower,2,27,16,0,45,0,0,51,0,51,2,27,67,0,96,50,0,50,146
03/23/2014,SBP,CA,AWP,WE,Federal Contract Tower,3,26,22,0,51,0,0,103,0,103,3,26,125,0,154,40,0,40,194
03/24/2014,SBP,CA,AWP,WE,Federal Contract Tower,3,22,17,0,42,0,0,65,0,65,3,22,82,0,107,78,0,78,185
03/25/2014,SBP,CA,AWP,WE,Federal Contract Tower,3,34,20,0,57,0,1,50,1,52,3,35,70,1,109,100,0,100,209
03/26/2014,SBP,CA,AWP,WE,Federal Contract Tower,3,26,27,0,56,0,1,5,0,6,3,27,32,0,62,10,0,10,72
03/27/2014,SBP,CA,AWP,WE,Federal Contract Tower,2,30,14,0,46,0,2,81,0,83,2,32,95,0,129,156,0,156,285
03/28/2014,SBP,CA,AWP,WE,Federal Contract Tower,3,26,16,1,46,0,5,103,1,109,3,31,119,2,155,108,2,110,265
03/29/2014,SBP,CA,AWP,WE,Federal Contract Tower,2,22,13,0,37,0,1,69,0,70,2,23,82,0,107,122,0,122,229
03/30/2014,SBP,CA,AWP,WE,Federal Contract Tower,4,18,18,0,40,0,0,74,0,74,4,18,92,0,114,58,0,58,172
03/31/2014,SBP,CA,AWP,WE,Federal Contract Tower,3,18,22,0,43,0,0,40,5,45,3,18,62,5,88,58,0,58,146
04/01/2014,SBP,CA,AWP,WE,Federal Contract Tower,3,22,12,0,37,0,1,21,0,22,3,23,33,0,59,90,0,90,149
04/02/2014,SBP,CA,AWP,WE,Federal Contract Tower,3,27,14,0,44,0,2,38,0,40,3,29,52,0,84,84,0,84,168
04/03/2014,SBP,CA,AWP,WE,Federal Contract Tower,3,27,15,0,45,0,0,97,2,99,3,27,112,2,144,88,0,88,232
04/04/2014,SBP,CA,AWP,WE,Federal Contract Tower,2,22,22,0,46,0,5,49,1,55,2,27,71,1,101,58,8,66,167
04/05/2014,SBP,CA,AWP,WE,Federal Contract Tower,2,22,5,0,29,0,0,97,3,100,2,22,102,3,129,44,0,44,173
04/06/2014,SBP,CA,AWP,WE,Federal Contract Tower,3,19,15,0,37,0,93,2,0,95,3,112,17,0,132,42,0,42,174
04/07/2014,SBP,CA,AWP,WE,Federal Contract Tower,3,24,11,0,38,0,2,103,2,107,3,26,114,2,145,88,0,88,233
04/08/2014,SBP,CA,AWP,WE,Federal Contract Tower,3,24,9,0,36,0,3,85,3,91,3,27,94,3,127,96,0,96,223
04/09/2014,SBP,CA,AWP,WE,Federal Contract Tower,3,29,13,3,48,0,7,81,5,93,3,36,94,8,141,140,0,140,281
04/10/2014,SBP,CA,AWP,WE,Federal Contract Tower,3,33,18,0,54,0,1,81,3,85,3,34,99,3,139,94,0,94,233
04/11/2014,SBP,CA,AWP,WE,Federal Contract Tower,3,31,24,0,58,0,2,61,1,64,3,33,85,1,122,14,2,16,138
04/12/2014,SBP,CA,AWP,WE,Federal Contract Tower,3,24,20,0,47,0,1,40,0,41,3,25,60,0,88,66,0,66,154
04/13/2014,SBP,CA,AWP,WE,Federal Contract Tower,3,22,31,0,56,0,0,59,0,59,3,22,90,0,115,60,0,60,175
04/14/2014,SBP,CA,AWP,WE,Federal Contract Tower,3,21,18,1,43,0,3,58,0,61,3,24,76,1,104,64,0,64,168
04/15/2014,SBP,CA,AWP,WE,Federal Contract Tower,3,28,18,1,50,0,4,67,2,73,3,32,85,3,123,54,0,54,177
04/16/2014,SBP,CA,AWP,WE,Federal Contract Tower,3,27,14,1,45,0,3,70,1,74,3,30,84,2,119,38,0,38,157
04/17/2014,SBP,CA,AWP,WE,Federal Contract Tower,3,33,36,0,72,0,1,19,0,20,3,34,55,0,92,10,0,10,102
04/18/2014,SBP,CA,AWP,WE,Federal Contract Tower,3,30,46,0,79,0,0,56,0,56,3,30,102,0,135,62,0,62,197
04/19/2014,SBP,CA,AWP,WE,Federal Contract Tower,3,20,16,2,41,0,0,60,2,62,3,20,76,4,103,68,0,68,171
04/20/2014,SBP,CA,AWP,WE,Federal Contract Tower,2,22,17,0,41,0,2,63,0,65,2,24,80,0,106,4,0,4,110
04/21/2014,SBP,CA,AWP,WE,Federal Contract Tower,3,22,16,0,41,0,1,83,0,84,3,23,99,0,125,74,0,74,199
04/22/2014,SBP,CA,AWP,WE,Federal Contract Tower,3,27,7,0,37,0,0,45,0,45,3,27,52,0,82,6,0,6,88
04/23/2014,SBP,CA,AWP,WE,Federal Contract Tower,3,26,14,0,43,0,1,69,0,70,3,27,83,0,113,62,0,62,175
04/24/2014,SBP,CA,AWP,WE,Federal Contract Tower,3,26,17,0,46,0,7,100,0,107,3,33,117,0,153,80,0,80,233
04/25/2014,SBP,CA,AWP,WE,Federal Contract Tower,3,26,25,0,54,0,2,26,0,28,3,28,51,0,82,70,0,70,152
04/26/2014,SBP,CA,AWP,WE,Federal Contract Tower,3,22,19,0,44,0,1,50,0,51,3,23,69,0,95,50,0,50,145
04/27/2014,SBP,CA,AWP,WE,Federal Contract Tower,3,18,15,0,36,0,0,58,0,58,3,18,73,0,94,56,0,56,150
04/28/2014,SBP,CA,AWP,WE,Federal Contract Tower,3,27,15,0,45,0,3,61,2,66,3,30,76,2,111,38,0,38,149
04/29/2014,SBP,CA,AWP,WE,Federal Contract Tower,3,27,12,1,43,0,1,80,1,82,3,28,92,2,125,78,0,78,203
04/30/2014,SBP,CA,AWP,WE,Federal Contract Tower,3,23,17,1,44,0,10,92,1,103,3,33,109,2,147,76,0,76,223
05/01/2014,SBP,CA,AWP,WE,Federal Contract Tower,3,26,11,1,41,0,2,98,1,101,3,28,109,2,142,168,0,168,310
05/02/2014,SBP,CA,AWP,WE,Federal Contract Tower,3,25,21,0,49,0,0,90,1,91,3,25,111,1,140,78,0,78,218
05/03/2014,SBP,CA,AWP,WE,Federal Contract Tower,3,24,14,0,41,0,1,92,0,93,3,25,106,0,134,64,0,64,198
05/04/2014,SBP,CA,AWP,WE,Federal Contract Tower,3,23,21,0,47,0,0,97,0,97,3,23,118,0,144,64,0,64,208
05/05/2014,SBP,CA,AWP,WE,Federal Contract Tower,2,22,21,0,45,0,0,66,0,66,2,22,87,0,111,78,0,78,189
05/06/2014,SBP,CA,AWP,WE,Federal Contract Tower,3,27,10,0,40,0,6,68,0,74,3,33,78,0,114,48,0,48,162
05/07/2014,SBP,CA,AWP,WE,Federal Contract Tower,3,29,33,0,65,0,1,60,2,63,3,30,93,2,128,102,0,102,230
05/08/2014,SBP,CA,AWP,WE,Federal Contract Tower,3,31,18,0,52,0,7,95,0,102,3,38,113,0,154,130,0,130,284
05/09/2014,SBP,CA,AWP,WE,Federal Contract Tower,3,22,21,0,46,0,4,76,0,80,3,26,97,0,126,56,0,56,182
05/10/2014,SBP,CA,AWP,WE,Federal Contract Tower,3,25,15,0,43,0,0,87,0,87,3,25,102,0,130,46,0,46,176
05/11/2014,SBP,CA,AWP,WE,Federal Contract Tower,3,20,10,0,33,0,0,60,0,60,3,20,70,0,93,32,0,32,125
05/12/2014,SBP,CA,AWP,WE,Federal Contract Tower,3,24,12,0,39,0,2,61,2,65,3,26,73,2,104,44,0,44,148
05/13/2014,SBP,CA,AWP,WE,Federal Contract Tower,3,25,10,0,38,0,1,82,0,83,3,26,92,0,121,78,0,78,199
05/14/2014,SBP,CA,AWP,WE,Federal Contract Tower,3,26,16,2,47,0,1,88,3,92,3,27,104,5,139,66,0,66,205
05/15/2014,SBP,CA,AWP,WE,Federal Contract Tower,3,24,15,1,43,0,4,91,1,96,3,28,106,2,139,82,0,82,221
05/16/2014,SBP,CA,AWP,WE,Federal Contract Tower,3,24,15,0,42,0,4,82,0,86,3,28,97,0,128,68,0,68,196
05/17/2014,SBP,CA,AWP,WE,Federal Contract Tower,3,21,8,0,32,0,0,94,0,94,3,21,102,0,126,114,0,114,240
05/18/2014,SBP,CA,AWP,WE,Federal Contract Tower,4,20,17,0,41,0,0,89,0,89,4,20,106,0,130,60,0,60,190
05/19/2014,SBP,CA,AWP,WE,Federal Contract Tower,3,17,21,1,42,0,1,72,0,73,3,18,93,1,115,58,0,58,173
05/20/2014,SBP,CA,AWP,WE,Federal Contract Tower,3,29,21,0,53,0,0,53,2,55,3,29,74,2,108,78,0,78,186
05/21/2014,SBP,CA,AWP,WE,Federal Contract Tower,3,34,28,0,65,0,0,34,3,37,3,34,62,3,102,198,0,198,300
05/22/2014,SBP,CA,AWP,WE,Federal Contract Tower,3,34,23,1,61,0,1,61,0,62,3,35,84,1,123,122,0,122,245
05/23/2014,SBP,CA,AWP,WE,Federal Contract Tower,3,31,19,0,53,0,0,88,0,88,3,31,107,0,141,118,0,118,259
05/24/2014,SBP,CA,AWP,WE,Federal Contract Tower,3,22,15,2,42,0,0,83,0,83,3,22,98,2,125,82,0,82,207
05/25/2014,SBP,CA,AWP,WE,Federal Contract Tower,3,20,3,0,26,0,1,75,0,76,3,21,78,0,102,66,0,66,168
05/26/2014,SBP,CA,AWP,WE,Federal Contract Tower,3,21,14,0,38,0,0,126,0,126,3,21,140,0,164,86,0,86,250
05/27/2014,SBP,CA,AWP,WE,Federal Contract Tower,3,26,18,0,47,0,5,82,0,87,3,31,100,0,134,170,0,170,304
05/28/2014,SBP,CA,AWP,WE,Federal Contract Tower,3,26,13,0,42,0,1,78,4,83,3,27,91,4,125,66,0,66,191
05/29/2014,SBP,CA,AWP,WE,Federal Contract Tower,3,28,13,0,44,0,4,109,1,114,3,32,122,1,158,88,0,88,246
05/30/2014,SBP,CA,AWP,WE,Federal Contract Tower,1,27,21,0,49,0,2,93,0,95,1,29,114,0,144,72,0,72,216
05/31/2014,SBP,CA,AWP,WE,Federal Contract Tower,3,23,6,0,32,0,79,0,0,79,3,102,6,0,111,100,0,100,211
06/01/2014,SBP,CA,AWP,WE,Federal Contract Tower,3,19,18,0,40,0,0,91,0,91,3,19,109,0,131,64,0,64,195
06/02/2014,SBP,CA,AWP,WE,Federal Contract Tower,3,24,24,0,51,0,1,54,0,55,3,25,78,0,106,66,0,66,172
06/03/2014,SBP,CA,AWP,WE,Federal Contract Tower,3,26,9,1,39,0,0,80,2,82,3,26,89,3,121,146,0,146,267
06/04/2014,SBP,CA,AWP,WE,Federal Contract Tower,3,26,10,2,41,0,2,69,0,71,3,28,79,2,112,176,0,176,288
06/05/2014,SBP,CA,AWP,WE,Federal Contract Tower,3,29,14,0,46,0,0,76,0,76,3,29,90,0,122,132,0,132,254
06/06/2014,SBP,CA,AWP,WE,Federal Contract Tower,3,27,32,0,62,0,0,81,0,81,3,27,113,0,143,74,0,74,217
06/07/2014,SBP,CA,AWP,WE,Federal Contract Tower,3,17,17,0,37,0,0,67,0,67,3,17,84,0,104,74,0,74,178
06/08/2014,SBP,CA,AWP,WE,Federal Contract Tower,3,21,22,0,46,0,0,92,6,98,3,21,114,6,144,92,0,92,236
06/09/2014,SBP,CA,AWP,WE,Federal Contract Tower,3,22,22,0,47,0,2,75,0,77,3,24,97,0,124,110,0,110,234
06/10/2014,SBP,CA,AWP,WE,Federal Contract Tower,3,36,26,0,65,0,0,55,0,55,3,36,81,0,120,64,0,64,184
06/11/2014,SBP,CA,AWP,WE,Federal Contract Tower,3,26,26,0,55,0,1,43,2,46,3,27,69,2,101,34,0,34,135
06/12/2014,SBP,CA,AWP,WE,Federal Contract Tower,3,32,22,0,57,0,3,92,2,97,3,35,114,2,154,70,2,72,226
06/13/2014,SBP,CA,AWP,WE,Federal Contract Tower,3,26,21,2,52,0,4,95,0,99,3,30,116,2,151,74,0,74,225
06/14/2014,SBP,CA,AWP,WE,Federal Contract Tower,3,22,18,3,46,0,0,122,4,126,3,22,140,7,172,144,0,144,316
06/15/2014,SBP,CA,AWP,WE,Federal Contract Tower,1,22,33,3,59,0,0,66,7,73,1,22,99,10,132,41,0,41,173
06/16/2014,SBP,CA,AWP,WE,Federal Contract Tower,1,26,24,0,51,0,0,75,0,75,1,26,99,0,126,54,0,54,180
06/17/2014,SBP,CA,AWP,WE,Federal Contract Tower,3,24,20,4,51,0,4,108,0,112,3,28,128,4,163,98,0,98,261
06/18/2014,SBP,CA,AWP,WE,Federal Contract Tower,1,27,5,0,33,0,0,72,0,72,1,27,77,0,105,108,0,108,213
06/19/2014,SBP,CA,AWP,WE,Federal Contract Tower,3,33,18,2,56,0,2,75,0,77,3,35,93,2,133,44,0,44,177
06/20/2014,SBP,CA,AWP,WE,Federal Contract Tower,3,23,22,1,49,0,1,90,9,100,3,24,112,10,149,76,0,76,225
06/21/2014,SBP,CA,AWP,WE,Federal Contract Tower,3,23,23,0,49,0,0,105,4,109,3,23,128,4,158,92,0,92,250
06/22/2014,SBP,CA,AWP,WE,Federal Contract Tower,3,22,26,0,51,0,0,92,3,95,3,22,118,3,146,54,2,56,202
06/23/2014,SBP,CA,AWP,WE,Federal Contract Tower,3,26,24,2,55,0,4,60,0,64,3,30,84,2,119,44,0,44,163
06/24/2014,SBP,CA,AWP,WE,Federal Contract Tower,2,28,12,0,42,0,0,99,0,99,2,28,111,0,141,116,0,116,257
06/25/2014,SBP,CA,AWP,WE,Federal Contract Tower,3,25,17,2,47,0,0,97,1,98,3,25,114,3,145,148,0,148,293
06/26/2014,SBP,CA,AWP,WE,Federal Contract Tower,3,26,23,0,52,0,6,93,0,99,3,32,116,0,151,78,0,78,229
06/27/2014,SBP,CA,AWP,WE,Federal Contract Tower,3,27,12,1,43,0,0,90,4,94,3,27,102,5,137,26,0,26,163
06/28/2014,SBP,CA,AWP,WE,Federal Contract Tower,3,22,14,0,39,0,2,100,0,102,3,24,114,0,141,66,0,66,207
06/29/2014,SBP,CA,AWP,WE,Federal Contract Tower,3,18,14,0,35,0,2,104,4,110,3,20,118,4,145,94,0,94,239
06/30/2014,SBP,CA,AWP,WE,Federal Contract Tower,3,25,14,2,44,0,2,104,0,106,3,27,118,2,150,98,0,98,248
07/01/2014,SBP,CA,AWP,WE,Federal Contract Tower,3,25,21,0,49,0,0,70,0,70,3,25,91,0,119,68,0,68,187
07/02/2014,SBP,CA,AWP,WE,Federal Contract Tower,3,33,31,0,67,0,5,100,0,105,3,38,131,0,172,74,0,74,246
07/03/2014,SBP,CA,AWP,WE,Federal Contract Tower,3,30,19,0,52,0,0,74,0,74,3,30,93,0,126,52,0,52,178
07/04/2014,SBP,CA,AWP,WE,Federal Contract Tower,4,21,6,0,31,0,0,46,0,46,4,21,52,0,77,14,0,14,91
07/05/2014,SBP,CA,AWP,WE,Federal Contract Tower,3,25,12,2,42,0,0,70,0,70,3,25,82,2,112,38,0,38,150
07/06/2014,SBP,CA,AWP,WE,Federal Contract Tower,0,20,25,0,45,0,0,227,0,227,0,20,252,0,272,2,0,2,274
07/07/2014,SBP,CA,AWP,WE,Federal Contract Tower,3,25,35,2,65,0,0,127,2,129,3,25,162,4,194,52,0,52,246
07/08/2014,SBP,CA,AWP,WE,Federal Contract Tower,3,28,16,3,50,0,1,83,0,84,3,29,99,3,134,162,0,162,296
07/09/2014,SBP,CA,AWP,WE,Federal Contract Tower,3,31,25,5,64,0,0,112,1,113,3,31,137,6,177,144,0,144,321
07/10/2014,SBP,CA,AWP,WE,Federal Contract Tower,3,35,30,2,70,0,0,57,0,57,3,35,87,2,127,54,0,54,181
07/11/2014,SBP,CA,AWP,WE,Federal Contract Tower,3,27,23,0,53,0,1,70,0,71,3,28,93,0,124,74,0,74,198
07/12/2014,SBP,CA,AWP,WE,Federal Contract Tower,3,24,11,0,38,0,0,77,0,77,3,24,88,0,115,34,0,34,149
07/13/2014,SBP,CA,AWP,WE,Federal Contract Tower,3,27,18,2,50,0,0,128,0,128,3,27,146,2,178,32,0,32,210
07/14/2014,SBP,CA,AWP,WE,Federal Contract Tower,3,25,12,0,40,0,2,71,0,73,3,27,83,0,113,52,0,52,165
07/15/2014,SBP,CA,AWP,WE,Federal Contract Tower,3,31,25,0,59,0,3,62,1,66,3,34,87,1,125,74,0,74,199
07/16/2014,SBP,CA,AWP,WE,Federal Contract Tower,3,28,35,0,66,0,0,36,0,36,3,28,71,0,102,52,0,52,154
07/17/2014,SBP,CA,AWP,WE,Federal Contract Tower,3,28,9,3,43,0,0,71,4,75,3,28,80,7,118,76,6,82,200
07/18/2014,SBP,CA,AWP,WE,Federal Contract Tower,3,26,16,0,45,0,2,71,0,73,3,28,87,0,118,132,0,132,250
07/19/2014,SBP,CA,AWP,WE,Federal Contract Tower,0,24,4,0,28,0,0,73,2,75,0,24,77,2,103,58,0,58,161
07/20/2014,SBP,CA,AWP,WE,Federal Contract Tower,2,22,9,0,33,0,2,87,0,89,2,24,96,0,122,38,0,38,160
07/21/2014,SBP,CA,AWP,WE,Federal Contract Tower,3,27,24,0,54,0,3,83,0,86,3,30,107,0,140,30,0,30,170
07/22/2014,SBP,CA,AWP,WE,Federal Contract Tower,3,29,9,0,41,0,2,74,0,76,3,31,83,0,117,56,0,56,173
07/23/2014,SBP,CA,AWP,WE,Federal Contract Tower,3,25,10,0,38,0,1,106,0,107,3,26,116,0,145,66,0,66,211
07/24/2014,SBP,CA,AWP,WE,Federal Contract Tower,3,25,11,2,41,0,3,69,0,72,3,28,80,2,113,10,0,10,123
07/25/2014,SBP,CA,AWP,WE,Federal Contract Tower,3,32,14,0,49,0,3,87,3,93,3,35,101,3,142,54,0,54,196
07/26/2014,SBP,CA,AWP,WE,Federal Contract Tower,3,25,18,2,48,0,1,101,0,102,3,26,119,2,150,54,0,54,204
07/27/2014,SBP,CA,AWP,WE,Federal Contract Tower,3,22,24,0,49,0,2,100,0,102,3,24,124,0,151,66,0,66,217
07/28/2014,SBP,CA,AWP,WE,Federal Contract Tower,3,28,15,0,46,0,1,67,0,68,3,29,82,0,114,96,0,96,210
07/29/2014,SBP,CA,AWP,WE,Federal Contract Tower,3,33,9,0,45,0,1,55,0,56,3,34,64,0,101,66,0,66,167
07/30/2014,SBP,CA,AWP,WE,Federal Contract Tower,3,28,14,2,47,0,4,85,4,93,3,32,99,6,140,144,0,144,284
07/31/2014,SBP,CA,AWP,WE,Federal Contract Tower,3,32,21,1,57,0,2,85,4,91,3,34,106,5,148,34,0,34,182
08/01/2014,SBP,CA,AWP,WE,Federal Contract Tower,4,29,28,0,61,0,1,67,0,68,4,30,95,0,129,48,0,48,177
08/02/2014,SBP,CA,AWP,WE,Federal Contract Tower,3,25,17,0,45,0,0,71,0,71,3,25,88,0,116,30,0,30,146
08/03/2014,SBP,CA,AWP,WE,Federal Contract Tower,2,22,37,1,62,0,0,98,1,99,2,22,135,2,161,58,0,58,219
08/04/2014,SBP,CA,AWP,WE,Federal Contract Tower,3,27,12,0,42,0,3,53,0,56,3,30,65,0,98,26,0,26,124
08/05/2014,SBP,CA,AWP,WE,Federal Contract Tower,2,26,25,2,55,0,1,69,0,70,2,27,94,2,125,46,0,46,171
08/06/2014,SBP,CA,AWP,WE,Federal Contract Tower,3,29,29,0,61,0,62,0,0,62,3,91,29,0,123,86,0,86,209
08/07/2014,SBP,CA,AWP,WE,Federal Contract Tower,3,31,24,0,58,0,0,56,3,59,3,31,80,3,117,93,0,93,210
08/08/2014,SBP,CA,AWP,WE,Federal Contract Tower,3,27,24,0,54,0,0,63,0,63,3,27,87,0,117,54,0,54,171
08/09/2014,SBP,CA,AWP,WE,Federal Contract Tower,3,24,12,0,39,0,0,84,0,84,3,24,96,0,123,86,0,86,209
08/10/2014,SBP,CA,AWP,WE,Federal Contract Tower,3,23,25,0,51,0,0,92,2,94,3,23,117,2,145,20,0,20,165
08/11/2014,SBP,CA,AWP,WE,Federal Contract Tower,3,29,15,0,47,0,5,71,0,76,3,34,86,0,123,68,0,68,191
08/12/2014,SBP,CA,AWP,WE,Federal Contract Tower,3,28,12,0,43,0,5,70,0,75,3,33,82,0,118,38,0,38,156
08/13/2014,SBP,CA,AWP,WE,Federal Contract Tower,3,29,17,0,49,0,0,68,0,68,3,29,85,0,117,62,0,62,179
08/14/2014,SBP,CA,AWP,WE,Federal Contract Tower,2,31,15,0,48,0,1,69,0,70,2,32,84,0,118,100,0,100,218
08/15/2014,SBP,CA,AWP,WE,Federal Contract Tower,3,32,24,1,60,0,0,82,0,82,3,32,106,1,142,104,0,104,246
08/16/2014,SBP,CA,AWP,WE,Federal Contract Tower,3,24,13,0,40,0,7,70,0,77,3,31,83,0,117,68,0,68,185
08/17/2014,SBP,CA,AWP,WE,Federal Contract Tower,3,23,15,1,42,0,0,102,0,102,3,23,117,1,144,70,0,70,214
08/18/2014,SBP,CA,AWP,WE,Federal Contract Tower,7,27,18,0,52,0,1,70,0,71,7,28,88,0,123,77,0,77,200
08/19/2014,SBP,CA,AWP,WE,Federal Contract Tower,3,29,20,0,52,0,0,33,0,33,3,29,53,0,85,48,0,48,133
08/20/2014,SBP,CA,AWP,WE,Federal Contract Tower,3,33,30,0,66,0,1,60,0,61,3,34,90,0,127,100,0,100,227
08/21/2014,SBP,CA,AWP,WE,Federal Contract Tower,6,30,22,2,60,0,3,82,0,85,6,33,104,2,145,76,0,76,221
08/22/2014,SBP,CA,AWP,WE,Federal Contract Tower,7,25,30,1,63,0,2,88,0,90,7,27,118,1,153,88,2,90,243
08/23/2014,SBP,CA,AWP,WE,Federal Contract Tower,3,28,16,0,47,0,1,67,0,68,3,29,83,0,115,70,0,70,185
08/24/2014,SBP,CA,AWP,WE,Federal Contract Tower,3,25,21,0,49,0,0,103,0,103,3,25,124,0,152,22,0,22,174
08/25/2014,SBP,CA,AWP,WE,Federal Contract Tower,3,25,19,0,47,0,3,55,0,58,3,28,74,0,105,84,0,84,189
08/26/2014,SBP,CA,AWP,WE,Federal Contract Tower,4,28,11,1,44,0,9,127,0,136,4,37,138,1,180,168,12,180,360
08/27/2014,SBP,CA,AWP,WE,Federal Contract Tower,2,30,8,0,40,0,3,91,0,94,2,33,99,0,134,48,0,48,182
08/28/2014,SBP,CA,AWP,WE,Federal Contract Tower,7,24,22,3,56,0,0,79,0,79,7,24,101,3,135,66,0,66,201
08/29/2014,SBP,CA,AWP,WE,Federal Contract Tower,7,22,16,1,46,0,3,89,0,92,7,25,105,1,138,46,0,46,184
08/30/2014,SBP,CA,AWP,WE,Federal Contract Tower,3,19,10,0,32,0,0,124,0,124,3,19,134,0,156,28,0,28,184
08/31/2014,SBP,CA,AWP,WE,Federal Contract Tower,3,18,3,0,24,0,4,96,0,100,3,22,99,0,124,28,0,28,152
09/01/2014,SBP,CA,AWP,WE,Federal Contract Tower,3,22,17,0,42,0,4,115,0,119,3,26,132,0,161,76,0,76,237
09/02/2014,SBP,CA,AWP,WE,Federal Contract Tower,3,29,17,0,49,0,9,79,0,88,3,38,96,0,137,58,0,58,195
09/03/2014,SBP,CA,AWP,WE,Federal Contract Tower,3,35,28,0,66,0,4,73,0,77,3,39,101,0,143,98,0,98,241
09/04/2014,SBP,CA,AWP,WE,Federal Contract Tower,5,30,25,0,60,0,1,43,0,44,5,31,68,0,104,36,0,36,140
09/05/2014,SBP,CA,AWP,WE,Federal Contract Tower,5,22,22,0,49,0,2,70,1,73,5,24,92,1,122,102,0,102,224
09/06/2014,SBP,CA,AWP,WE,Federal Contract Tower,4,20,13,0,37,0,1,97,0,98,4,21,110,0,135,46,0,46,181
09/07/2014,SBP,CA,AWP,WE,Federal Contract Tower,5,18,20,0,43,0,0,102,0,102,5,18,122,0,145,64,0,64,209
09/08/2014,SBP,CA,AWP,WE,Federal Contract Tower,3,20,13,0,36,0,3,75,0,78,3,23,88,0,114,84,0,84,198
09/09/2014,SBP,CA,AWP,WE,Federal Contract Tower,3,30,20,0,53,0,1,63,2,66,3,31,83,2,119,92,0,92,211
09/10/2014,SBP,CA,AWP,WE,Federal Contract Tower,4,34,10,1,49,0,1,59,0,60,4,35,69,1,109,60,2,62,171
09/11/2014,SBP,CA,AWP,WE,Federal Contract Tower,4,30,12,0,46,0,3,59,0,62,4,33,71,0,108,42,0,42,150
09/12/2014,SBP,CA,AWP,WE,Federal Contract Tower,5,32,23,2,62,0,0,71,1,72,5,32,94,3,134,36,2,38,172
09/13/2014,SBP,CA,AWP,WE,Federal Contract Tower,4,26,23,0,53,0,6,99,0,105,4,32,122,0,158,36,0,36,194
09/14/2014,SBP,CA,AWP,WE,Federal Contract Tower,5,18,24,0,47,0,0,93,0,93,5,18,117,0,140,64,0,64,204
09/15/2014,SBP,CA,AWP,WE,Federal Contract Tower,5,24,16,0,45,0,0,88,0,88,5,24,104,0,133,34,0,34,167
09/16/2014,SBP,CA,AWP,WE,Federal Contract Tower,4,28,10,0,42,0,1,92,0,93,4,29,102,0,135,74,0,74,209
09/17/2014,SBP,CA,AWP,WE,Federal Contract Tower,3,31,16,0,50,0,1,89,0,90,3,32,105,0,140,72,0,72,212
09/18/2014,SBP,CA,AWP,WE,Federal Contract Tower,4,27,36,0,67,0,0,46,9,55,4,27,82,9,122,34,0,34,156
09/19/2014,SBP,CA,AWP,WE,Federal Contract Tower,5,24,11,0,40,0,3,115,0,118,5,27,126,0,158,30,0,30,188
09/20/2014,SBP,CA,AWP,WE,Federal Contract Tower,2,23,17,0,42,0,2,60,3,65,2,25,77,3,107,34,0,34,141
09/21/2014,SBP,CA,AWP,WE,Federal Contract Tower,3,15,25,0,43,0,0,87,1,88,3,15,112,1,131,26,0,26,157
09/22/2014,SBP,CA,AWP,WE,Federal Contract Tower,3,28,21,2,54,0,0,62,0,62,3,28,83,2,116,48,0,48,164
09/23/2014,SBP,CA,AWP,WE,Federal Contract Tower,4,28,16,0,48,0,1,66,0,67,4,29,82,0,115,64,0,64,179
09/24/2014,SBP,CA,AWP,WE,Federal Contract Tower,3,28,25,0,56,0,3,91,0,94,3,31,116,0,150,90,0,90,240
09/25/2014,SBP,CA,AWP,WE,Federal Contract Tower,5,25,13,0,43,0,0,74,3,77,5,25,87,3,120,8,0,8,128
09/26/2014,SBP,CA,AWP,WE,Federal Contract Tower,4,26,14,0,44,0,2,80,0,82,4,28,94,0,126,54,0,54,180
09/27/2014,SBP,CA,AWP,WE,Federal Contract Tower,4,20,13,0,37,0,0,78,2,80,4,20,91,2,117,32,0,32,149
09/28/2014,SBP,CA,AWP,WE,Federal Contract Tower,2,23,28,0,53,0,2,69,0,71,2,25,97,0,124,40,0,40,164
09/29/2014,SBP,CA,AWP,WE,Federal Contract Tower,3,24,13,0,40,0,1,64,0,65,3,25,77,0,105,30,0,30,135
09/30/2014,SBP,CA,AWP,WE,Federal Contract Tower,3,28,10,0,41,0,1,70,0,71,3,29,80,0,112,74,0,74,186
10/01/2014,SBP,CA,AWP,WE,Federal Contract Tower,2,30,15,0,47,0,6,92,0,98,2,36,107,0,145,58,0,58,203
10/02/2014,SBP,CA,AWP,WE,Federal Contract Tower,3,31,15,2,51,0,4,85,0,89,3,35,100,2,140,50,0,50,190
10/03/2014,SBP,CA,AWP,WE,Federal Contract Tower,3,31,18,0,52,0,3,96,0,99,3,34,114,0,151,76,0,76,227
10/04/2014,SBP,CA,AWP,WE,Federal Contract Tower,3,23,14,0,40,0,0,85,0,85,3,23,99,0,125,62,0,62,187
10/05/2014,SBP,CA,AWP,WE,Federal Contract Tower,3,23,16,0,42,0,0,104,0,104,3,23,120,0,146,72,0,72,218
10/06/2014,SBP,CA,AWP,WE,Federal Contract Tower,3,25,13,0,41,0,2,79,0,81,3,27,92,0,122,62,0,62,184
10/07/2014,SBP,CA,AWP,WE,Federal Contract Tower,3,24,17,2,46,0,2,71,0,73,3,26,88,2,119,42,0,42,161
10/08/2014,SBP,CA,AWP,WE,Federal Contract Tower,3,31,23,4,61,0,1,70,2,73,3,32,93,6,134,45,0,45,179
10/09/2014,SBP,CA,AWP,WE,Federal Contract Tower,3,34,12,0,49,0,15,65,0,80,3,49,77,0,129,64,0,64,193
10/10/2014,SBP,CA,AWP,WE,Federal Contract Tower,4,28,35,0,67,0,1,90,0,91,4,29,125,0,158,30,0,30,188
10/11/2014,SBP,CA,AWP,WE,Federal Contract Tower,4,25,15,0,44,0,1,72,0,73,4,26,87,0,117,58,0,58,175
10/12/2014,SBP,CA,AWP,WE,Federal Contract Tower,4,22,14,0,40,0,0,99,0,99,4,22,113,0,139,56,0,56,195
10/13/2014,SBP,CA,AWP,WE,Federal Contract Tower,3,27,13,0,43,0,2,75,0,77,3,29,88,0,120,108,0,108,228
10/14/2014,SBP,CA,AWP,WE,Federal Contract Tower,3,25,32,0,60,0,0,69,0,69,3,25,101,0,129,92,0,92,221
10/15/2014,SBP,CA,AWP,WE,Federal Contract Tower,3,28,26,3,60,0,1,67,1,69,3,29,93,4,129,84,0,84,213
10/16/2014,SBP,CA,AWP,WE,Federal Contract Tower,3,31,13,0,47,0,5,93,0,98,3,36,106,0,145,58,0,58,203
10/17/2014,SBP,CA,AWP,WE,Federal Contract Tower,4,25,22,0,51,0,0,100,0,100,4,25,122,0,151,52,0,52,203
10/18/2014,SBP,CA,AWP,WE,Federal Contract Tower,2,23,8,0,33,0,4,221,0,225,2,27,229,0,258,32,0,32,290
10/19/2014,SBP,CA,AWP,WE,Federal Contract Tower,5,18,27,0,50,0,0,121,0,121,5,18,148,0,171,71,0,71,242
10/20/2014,SBP,CA,AWP,WE,Federal Contract Tower,5,21,12,0,38,0,1,65,0,66,5,22,77,0,104,52,0,52,156
10/21/2014,SBP,CA,AWP,WE,Federal Contract Tower,3,28,6,0,37,0,5,65,6,76,3,33,71,6,113,26,0,26,139
10/22/2014,SBP,CA,AWP,WE,Federal Contract Tower,3,27,17,1,48,0,0,72,6,78,3,27,89,7,126,34,0,34,160
10/23/2014,SBP,CA,AWP,WE,Federal Contract Tower,3,28,18,2,51,0,1,125,0,126,3,29,143,2,177,118,0,118,295
10/24/2014,SBP,CA,AWP,WE,Federal Contract Tower,6,25,32,0,63,0,1,84,0,85,6,26,116,0,148,66,0,66,214
10/25/2014,SBP,CA,AWP,WE,Federal Contract Tower,3,20,13,1,37,0,0,98,0,98,3,20,111,1,135,64,0,64,199
10/26/2014,SBP,CA,AWP,WE,Federal Contract Tower,3,20,13,0,36,0,0,95,0,95,3,20,108,0,131,12,0,12,143
10/27/2014,SBP,CA,AWP,WE,Federal Contract Tower,3,23,12,0,38,0,2,103,6,111,3,25,115,6,149,72,0,72,221
10/28/2014,SBP,CA,AWP,WE,Federal Contract Tower,2,28,7,2,39,0,3,102,3,108,2,31,109,5,147,100,0,100,247
10/29/2014,SBP,CA,AWP,WE,Federal Contract Tower,3,25,13,1,42,0,6,83,9,98,3,31,96,10,140,64,4,68,208
10/30/2014,SBP,CA,AWP,WE,Federal Contract Tower,3,29,15,0,47,0,6,86,4,96,3,35,101,4,143,56,0,56,199
10/31/2014,SBP,CA,AWP,WE,Federal Contract Tower,3,28,37,0,68,0,3,16,1,20,3,31,53,1,88,54,0,54,142
11/01/2014,SBP,CA,AWP,WE,Federal Contract Tower,3,17,23,0,43,0,0,38,0,38,3,17,61,0,81,0,0,0,81
11/02/2014,SBP,CA,AWP,WE,Federal Contract Tower,4,23,11,0,38,0,2,104,0,106,4,25,115,0,144,22,0,22,166
11/03/2014,SBP,CA,AWP,WE,Federal Contract Tower,3,23,10,0,36,0,1,78,8,87,3,24,88,8,123,38,0,38,161
11/04/2014,SBP,CA,AWP,WE,Federal Contract Tower,3,27,12,0,42,0,1,84,3,88,3,28,96,3,130,52,0,52,182
11/05/2014,SBP,CA,AWP,WE,Federal Contract Tower,3,27,22,0,52,0,2,74,4,80,3,29,96,4,132,62,0,62,194
11/06/2014,SBP,CA,AWP,WE,Federal Contract Tower,3,29,18,0,50,0,4,127,3,134,3,33,145,3,184,86,0,86,270
11/07/2014,SBP,CA,AWP,WE,Federal Contract Tower,3,26,23,2,54,0,10,80,3,93,3,36,103,5,147,45,0,45,192
11/08/2014,SBP,CA,AWP,WE,Federal Contract Tower,2,21,14,0,37,0,0,154,2,156,2,21,168,2,193,72,0,72,265
11/09/2014,SBP,CA,AWP,WE,Federal Contract Tower,2,21,32,0,55,0,0,90,0,90,2,21,122,0,145,22,0,22,167
11/10/2014,SBP,CA,AWP,WE,Federal Contract Tower,3,27,35,2,67,0,0,25,0,25,3,27,60,2,92,0,0,0,92
11/11/2014,SBP,CA,AWP,WE,Federal Contract Tower,3,25,29,0,57,0,5,58,2,65,3,30,87,2,122,36,0,36,158
11/12/2014,SBP,CA,AWP,WE,Federal Contract Tower,3,28,18,6,55,0,5,77,3,85,3,33,95,9,140,70,0,70,210
11/13/2014,SBP,CA,AWP,WE,Federal Contract Tower,3,27,48,5,83,0,0,0,0,0,3,27,48,5,83,0,0,0,83
11/14/2014,SBP,CA,AWP,WE,Federal Contract Tower,3,27,30,4,64,0,3,98,1,102,3,30,128,5,166,44,0,44,210
11/15/2014,SBP,CA,AWP,WE,Federal Contract Tower,3,22,16,0,41,0,2,121,0,123,3,24,137,0,164,20,0,20,184
11/16/2014,SBP,CA,AWP,WE,Federal Contract Tower,3,19,16,1,39,0,0,93,0,93,3,19,109,1,132,66,0,66,198
11/17/2014,SBP,CA,AWP,WE,Federal Contract Tower,3,24,13,2,42,1,92,2,0,95,4,116,15,2,137,108,0,108,245
11/18/2014,SBP,CA,AWP,WE,Federal Contract Tower,3,28,6,0,37,0,5,87,0,92,3,33,93,0,129,86,0,86,215
11/19/2014,SBP,CA,AWP,WE,Federal Contract Tower,4,25,32,0,61,0,2,30,0,32,4,27,62,0,93,0,0,0,93
11/20/2014,SBP,CA,AWP,WE,Federal Contract Tower,3,28,35,2,68,0,0,35,0,35,3,28,70,2,103,82,0,82,185
11/21/2014,SBP,CA,AWP,WE,Federal Contract Tower,3,28,21,0,52,0,1,73,0,74,3,29,94,0,126,46,0,46,172
11/22/2014,SBP,CA,AWP,WE,Federal Contract Tower,3,22,21,0,46,0,1,97,0,98,3,23,118,0,144,40,0,40,184
11/23/2014,SBP,CA,AWP,WE,Federal Contract Tower,3,21,15,2,41,0,0,124,0,124,3,21,139,2,165,70,0,70,235
11/24/2014,SBP,CA,AWP,WE,Federal Contract Tower,3,27,23,0,53,0,67,5,0,72,3,94,28,0,125,46,0,46,171
11/25/2014,SBP,CA,AWP,WE,Federal Contract Tower,3,34,34,2,73,0,5,141,0,146,3,39,175,2,219,70,0,70,289
11/26/2014,SBP,CA,AWP,WE,Federal Contract Tower,3,26,23,0,52,1,5,78,0,84,4,31,101,0,136,30,0,30,166
11/27/2014,SBP,CA,AWP,WE,Federal Contract Tower,2,19,5,0,26,0,0,48,1,49,2,19,53,1,75,0,0,0,75
11/28/2014,SBP,CA,AWP,WE,Federal Contract Tower,3,20,8,0,31,0,2,112,0,114,3,22,120,0,145,90,0,90,235
11/29/2014,SBP,CA,AWP,WE,Federal Contract Tower,2,27,13,0,42,0,2,108,0,110,2,29,121,0,152,20,0,20,172
11/30/2014,SBP,CA,AWP,WE,Federal Contract Tower,3,19,49,0,71,0,0,22,0,22,3,19,71,0,93,0,0,0,93
12/01/2014,SBP,CA,AWP,WE,Federal Contract Tower,3,28,32,1,64,0,2,49,1,52,3,30,81,2,116,72,0,72,188
12/02/2014,SBP,CA,AWP,WE,Federal Contract Tower,3,28,6,0,37,0,0,0,0,0,3,28,6,0,37,0,0,0,37
12/03/2014,SBP,CA,AWP,WE,Federal Contract Tower,3,27,22,0,52,0,4,4,0,8,3,31,26,0,60,42,0,42,102
12/04/2014,SBP,CA,AWP,WE,Federal Contract Tower,2,32,26,0,60,0,0,3,1,4,2,32,29,1,64,0,0,0,64
12/05/2014,SBP,CA,AWP,WE,Federal Contract Tower,3,26,33,0,62,0,0,10,0,10,3,26,43,0,72,10,0,10,82
12/06/2014,SBP,CA,AWP,WE,Federal Contract Tower,3,23,14,0,40,0,0,90,3,93,3,23,104,3,133,134,12,146,279
12/07/2014,SBP,CA,AWP,WE,Federal Contract Tower,3,22,16,0,41,0,0,77,0,77,3,22,93,0,118,76,6,82,200
12/08/2014,SBP,CA,AWP,WE,Federal Contract Tower,4,30,10,1,45,0,0,82,4,86,4,30,92,5,131,106,0,106,237
12/09/2014,SBP,CA,AWP,WE,Federal Contract Tower,4,32,14,0,50,0,2,114,0,116,4,34,128,0,166,78,0,78,244
12/10/2014,SBP,CA,AWP,WE,Federal Contract Tower,3,27,16,0,46,0,5,68,2,75,3,32,84,2,121,60,0,60,181
12/11/2014,SBP,CA,AWP,WE,Federal Contract Tower,3,22,27,1,53,0,0,2,2,4,3,22,29,3,57,0,0,0,57
12/12/2014,SBP,CA,AWP,WE,Federal Contract Tower,3,24,19,0,46,0,0,12,4,16,3,24,31,4,62,36,0,36,98
12/13/2014,SBP,CA,AWP,WE,Federal Contract Tower,3,22,20,0,45,0,0,89,2,91,3,22,109,2,136,88,2,90,226
12/14/2014,SBP,CA,AWP,WE,Federal Contract Tower,3,24,20,0,47,0,1,102,0,103,3,25,122,0,150,80,0,80,230
12/15/2014,SBP,CA,AWP,WE,Federal Contract Tower,4,22,23,2,51,0,3,16,0,19,4,25,39,2,70,80,0,80,150
12/16/2014,SBP,CA,AWP,WE,Federal Contract Tower,4,29,12,0,45,0,2,35,1,38,4,31,47,1,83,64,0,64,147
12/17/2014,SBP,CA,AWP,WE,Federal Contract Tower,3,30,18,0,51,0,0,29,0,29,3,30,47,0,80,6,0,6,86
12/18/2014,SBP,CA,AWP,WE,Federal Contract Tower,3,32,38,0,73,0,6,29,0,35,3,38,67,0,108,42,0,42,150
12/19/2014,SBP,CA,AWP,WE,Federal Contract Tower,3,26,28,0,57,0,1,62,1,64,3,27,90,1,121,86,0,86,207
12/20/2014,SBP,CA,AWP,WE,Federal Contract Tower,3,19,24,0,46,0,0,35,0,35,3,19,59,0,81,50,0,50,131
12/21/2014,SBP,CA,AWP,WE,Federal Contract Tower,3,21,12,0,36,0,2,79,0,81,3,23,91,0,117,62,0,62,179
12/22/2014,SBP,CA,AWP,WE,Federal Contract Tower,3,23,13,0,39,0,2,81,0,83,3,25,94,0,122,22,0,22,144
12/23/2014,SBP,CA,AWP,WE,Federal Contract Tower,3,28,13,0,44,0,1,91,0,92,3,29,104,0,136,20,0,20,156
12/24/2014,SBP,CA,AWP,WE,Federal Contract Tower,3,28,16,0,47,0,0,47,0,47,3,28,63,0,94,44,0,44,138
12/25/2014,SBP,CA,AWP,WE,Federal Contract Tower,3,12,10,0,25,0,0,18,0,18,3,12,28,0,43,0,0,0,43
12/26/2014,SBP,CA,AWP,WE,Federal Contract Tower,3,26,10,0,39,0,0,79,0,79,3,26,89,0,118,50,6,56,174
12/27/2014,SBP,CA,AWP,WE,Federal Contract Tower,3,17,13,0,33,0,93,2,0,95,3,110,15,0,128,50,0,50,178
12/28/2014,SBP,CA,AWP,WE,Federal Contract Tower,3,14,11,0,28,0,0,109,0,109,3,14,120,0,137,36,0,36,173
12/29/2014,SBP,CA,AWP,WE,Federal Contract Tower,2,25,13,1,41,0,1,89,2,92,2,26,102,3,133,44,0,44,177
12/30/2014,SBP,CA,AWP,WE,Federal Contract Tower,3,20,10,0,33,0,0,57,0,57,3,20,67,0,90,96,0,96,186
12/31/2014,SBP,CA,AWP,WE,Federal Contract Tower,3,26,2,0,31,0,2,50,0,52,3,28,52,0,83,20,0,20,103
01/01/2015,SBP,CA,AWP,WE,Federal Contract Tower,3,20,11,0,34,0,0,58,0,58,3,20,69,0,92,6,0,6,98
01/02/2015,SBP,CA,AWP,WE,Federal Contract Tower,2,26,16,0,44,0,5,100,0,105,2,31,116,0,149,58,0,58,207
01/03/2015,SBP,CA,AWP,WE,Federal Contract Tower,3,18,9,0,30,0,0,122,0,122,3,18,131,0,152,16,0,16,168
01/04/2015,SBP,CA,AWP,WE,Federal Contract Tower,3,20,25,0,48,0,0,102,0,102,3,20,127,0,150,44,0,44,194
01/05/2015,SBP,CA,AWP,WE,Federal Contract Tower,1,28,10,0,39,0,4,64,0,68,1,32,74,0,107,76,0,76,183
01/06/2015,SBP,CA,AWP,WE,Federal Contract Tower,1,30,10,2,43,0,3,110,0,113,1,33,120,2,156,82,0,82,238
01/07/2015,SBP,CA,AWP,WE,Federal Contract Tower,2,30,12,2,46,0,2,99,2,103,2,32,111,4,149,30,0,30,179
01/08/2015,SBP,CA,AWP,WE,Federal Contract Tower,4,32,11,0,47,0,2,104,0,106,4,34,115,0,153,82,0,82,235
01/09/2015,SBP,CA,AWP,WE,Federal Contract Tower,1,27,9,1,38,0,23,63,4,90,1,50,72,5,128,78,0,78,206
01/10/2015,SBP,CA,AWP,WE,Federal Contract Tower,3,22,16,0,41,0,0,73,0,73,3,22,89,0,114,58,0,58,172
01/11/2015,SBP,CA,AWP,WE,Federal Contract Tower,3,23,16,4,46,0,0,63,1,64,3,23,79,5,110,46,0,46,156
01/12/2015,SBP,CA,AWP,WE,Federal Contract Tower,3,22,24,0,49,0,1,72,2,75,3,23,96,2,124,60,0,60,184
01/13/2015,SBP,CA,AWP,WE,Federal Contract Tower,2,31,20,3,56,0,0,85,4,89,2,31,105,7,145,94,2,96,241
01/14/2015,SBP,CA,AWP,WE,Federal Contract Tower,3,27,13,0,43,0,3,85,6,94,3,30,98,6,137,82,0,82,219
01/15/2015,SBP,CA,AWP,WE,Federal Contract Tower,3,28,19,0,50,0,1,91,4,96,3,29,110,4,146,108,0,108,254
01/16/2015,SBP,CA,AWP,WE,Federal Contract Tower,3,26,22,0,51,0,6,115,4,125,3,32,137,4,176,46,0,46,222
01/17/2015,SBP,CA,AWP,WE,Federal Contract Tower,3,21,12,2,38,0,1,111,2,114,3,22,123,4,152,64,2,66,218
01/18/2015,SBP,CA,AWP,WE,Federal Contract Tower,2,17,16,0,35,0,0,116,0,116,2,17,132,0,151,36,0,36,187
01/19/2015,SBP,CA,AWP,WE,Federal Contract Tower,3,22,16,0,41,0,5,100,0,105,3,27,116,0,146,38,0,38,184
01/20/2015,SBP,CA,AWP,WE,Federal Contract Tower,2,27,17,1,47,0,1,69,10,80,2,28,86,11,127,72,0,72,199
01/21/2015,SBP,CA,AWP,WE,Federal Contract Tower,3,27,17,1,48,0,2,73,0,75,3,29,90,1,123,78,2,80,203
01/22/2015,SBP,CA,AWP,WE,Federal Contract Tower,3,27,17,3,50,0,3,113,3,119,3,30,130,6,169,58,2,60,229
01/23/2015,SBP,CA,AWP,WE,Federal Contract Tower,3,26,11,0,40,0,3,122,0,125,3,29,133,0,165,48,0,48,213
01/24/2015,SBP,CA,AWP,WE,Federal Contract Tower,3,22,9,0,34,0,2,95,0,97,3,24,104,0,131,24,0,24,155
01/25/2015,SBP,CA,AWP,WE,Federal Contract Tower,3,19,11,0,33,0,2,152,0,154,3,21,163,0,187,28,0,28,215
01/26/2015,SBP,CA,AWP,WE,Federal Contract Tower,3,24,18,4,49,0,1,101,0,102,3,25,119,4,151,134,0,134,285
01/27/2015,SBP,CA,AWP,WE,Federal Contract Tower,4,28,21,0,53,0,4,78,2,84,4,32,99,2,137,104,0,104,241
01/28/2015,SBP,CA,AWP,WE,Federal Contract Tower,1,30,16,0,47,0,3,95,0,98,1,33,111,0,145,108,0,108,253
01/29/2015,SBP,CA,AWP,WE,Federal Contract Tower,3,30,18,4,55,0,1,113,2,116,3,31,131,6,171,86,6,92,263
01/30/2015,SBP,CA,AWP,WE,Federal Contract Tower,3,24,23,0,50,0,5,87,1,93,3,29,110,1,143,90,0,90,233
01/31/2015,SBP,CA,AWP,WE,Federal Contract Tower,3,23,14,0,40,0,0,115,4,119,3,23,129,4,159,82,0,82,241
02/01/2015,SBP,CA,AWP,WE,Federal Contract Tower,3,21,19,0,43,0,0,118,0,118,3,21,137,0,161,122,0,122,283
02/02/2015,SBP,CA,AWP,WE,Federal Contract Tower,2,27,10,0,39,0,1,87,0,88,2,28,97,0,127,100,0,100,227
02/03/2015,SBP,CA,AWP,WE,Federal Contract Tower,2,29,15,0,46,0,5,100,0,105,2,34,115,0,151,108,0,108,259
02/04/2015,SBP,CA,AWP,WE,Federal Contract Tower,3,31,16,0,50,0,7,53,2,62,3,38,69,2,112,16,0,16,128
02/05/2015,SBP,CA,AWP,WE,Federal Contract Tower,3,25,29,2,59,0,4,57,0,61,3,29,86,2,120,12,0,12,132
02/06/2015,SBP,CA,AWP,WE,Federal Contract Tower,3,23,20,0,46,0,3,33,0,36,3,26,53,0,82,16,0,16,98
02/07/2015,SBP,CA,AWP,WE,Federal Contract Tower,3,23,22,2,50,0,0,0,0,0,3,23,22,2,50,0,0,0,50
02/08/2015,SBP,CA,AWP,WE,Federal Contract Tower,5,16,24,2,47,0,0,6,0,6,5,16,30,2,53,0,0,0,53
02/09/2015,SBP,CA,AWP,WE,Federal Contract Tower,3,30,11,0,44,0,2,61,0,63,3,32,72,0,107,60,0,60,167
02/10/2015,SBP,CA,AWP,WE,Federal Contract Tower,1,31,7,2,41,0,4,88,2,94,1,35,95,4,135,28,0,28,163
02/11/2015,SBP,CA,AWP,WE,Federal Contract Tower,3,31,10,0,44,0,2,94,0,96,3,33,104,0,140,72,0,72,212
02/12/2015,SBP,CA,AWP,WE,Federal Contract Tower,3,28,14,0,45,0,3,124,2,129,3,31,138,2,174,94,0,94,268
02/13/2015,SBP,CA,AWP,WE,Federal Contract Tower,3,31,13,0,47,0,12,149,0,161,3,43,162,0,208,96,0,96,304
02/14/2015,SBP,CA,AWP,WE,Federal Contract Tower,3,20,13,0,36,0,1,124,0,125,3,21,137,0,161,74,0,74,235
02/15/2015,SBP,CA,AWP,WE,Federal Contract Tower,3,17,15,0,35,0,3,126,0,129,3,20,141,0,164,34,0,34,198
02/16/2015,SBP,CA,AWP,WE,Federal Contract Tower,3,25,32,0,60,0,0,80,0,80,3,25,112,0,140,6,0,6,146
02/17/2015,SBP,CA,AWP,WE,Federal Contract Tower,3,30,48,0,81,0,0,11,0,11,3,30,59,0,92,26,0,26,118
02/18/2015,SBP,CA,AWP,WE,Federal Contract Tower,3,26,14,0,43,0,0,85,0,85,3,26,99,0,128,40,0,40,168
02/19/2015,SBP,CA,AWP,WE,Federal Contract Tower,1,31,30,0,62,0,0,50,0,50,1,31,80,0,112,44,0,44,156
02/20/2015,SBP,CA,AWP,WE,Federal Contract Tower,3,28,32,0,63,0,7,85,0,92,3,35,117,0,155,84,0,84,239
02/21/2015,SBP,CA,AWP,WE,Federal Contract Tower,3,18,43,2,66,0,0,47,0,47,3,18,90,2,113,66,0,66,179
02/22/2015,SBP,CA,AWP,WE,Federal Contract Tower,3,20,27,0,50,0,0,13,0,13,3,20,40,0,63,44,0,44,107
02/23/2015,SBP,CA,AWP,WE,Federal Contract Tower,3,27,17,0,47,0,0,56,0,56,3,27,73,0,103,78,0,78,181
02/24/2015,SBP,CA,AWP,WE,Federal Contract Tower,3,26,17,1,47,0,8,93,0,101,3,34,110,1,148,88,0,88,236
02/25/2015,SBP,CA,AWP,WE,Federal Contract Tower,2,26,14,0,42,0,5,60,0,65,2,31,74,0,107,82,0,82,189
02/26/2015,SBP,CA,AWP,WE,Federal Contract Tower,4,27,14,0,45,0,1,117,1,119,4,28,131,1,164,60,0,60,224
02/27/2015,SBP,CA,AWP,WE,Federal Contract Tower,3,27,23,0,53,0,13,58,4,75,3,40,81,4,128,66,0,66,194
02/28/2015,SBP,CA,AWP,WE,Federal Contract Tower,3,20,16,0,39,0,0,9,0,9,3,20,25,0,48,10,0,10,58
03/01/2015,SBP,CA,AWP,WE,Federal Contract Tower,3,20,20,0,43,0,0,45,2,47,3,20,65,2,90,64,0,64,154
03/02/2015,SBP,CA,AWP,WE,Federal Contract Tower,3,22,13,0,38,0,0,21,2,23,3,22,34,2,61,40,0,40,101
03/03/2015,SBP,CA,AWP,WE,Federal Contract Tower,2,27,12,0,41,0,4,97,4,105,2,31,109,4,146,108,0,108,254
03/04/2015,SBP,CA,AWP,WE,Federal Contract Tower,3,19,28,0,50,0,1,89,3,93,3,20,117,3,143,152,8,160,303
03/05/2015,SBP,CA,AWP,WE,Federal Contract Tower,3,30,16,0,49,0,1,128,1,130,3,31,144,1,179,104,0,104,283
03/06/2015,SBP,CA,AWP,WE,Federal Contract Tower,3,27,11,0,41,0,5,82,0,87,3,32,93,0,128,98,0,98,226
03/07/2015,SBP,CA,AWP,WE,Federal Contract Tower,3,22,15,0,40,0,0,106,0,106,3,22,121,0,146,28,0,28,174
03/08/2015,SBP,CA,AWP,WE,Federal Contract Tower,3,14,14,2,33,0,2,125,0,127,3,16,139,2,160,34,0,34,194
03/09/2015,SBP,CA,AWP,WE,Federal Contract Tower,4,25,14,0,43,0,3,91,0,94,4,28,105,0,137,60,0,60,197
03/10/2015,SBP,CA,AWP,WE,Federal Contract Tower,3,28,8,1,40,0,1,71,0,72,3,29,79,1,112,122,2,124,236
03/11/2015,SBP,CA,AWP,WE,Federal Contract Tower,3,27,14,1,45,5,51,4,0,60,8,78,18,1,105,96,0,96,201
03/12/2015,SBP,CA,AWP,WE,Federal Contract Tower,3,27,22,2,54,0,1,118,2,121,3,28,140,4,175,120,0,120,295
03/13/2015,SBP,CA,AWP,WE,Federal Contract Tower,3,24,10,0,37,0,4,97,0,101,3,28,107,0,138,116,0,116,254
03/14/2015,SBP,CA,AWP,WE,Federal Contract Tower,3,24,9,0,36,0,0,86,0,86,3,24,95,0,122,52,0,52,174
03/15/2015,SBP,CA,AWP,WE,Federal Contract Tower,3,23,25,0,51,0,0,159,4,163,3,23,184,4,214,68,0,68,282
03/16/2015,SBP,CA,AWP,WE,Federal Contract Tower,3,25,7,0,35,0,7,114,2,123,3,32,121,2,158,122,0,122,280
03/17/2015,SBP,CA,AWP,WE,Federal Contract Tower,3,25,8,2,38,0,2,96,0,98,3,27,104,2,136,78,0,78,214
03/18/2015,SBP,CA,AWP,WE,Federal Contract Tower,3,23,18,0,44,0,5,84,0,89,3,28,102,0,133,36,0,36,169
03/19/2015,SBP,CA,AWP,WE,Federal Contract Tower,3,28,28,4,63,3,132,1,0,136,6,160,29,4,199,90,4,94,293
03/20/2015,SBP,CA,AWP,WE,Federal Contract Tower,3,27,15,0,45,0,1,139,0,140,3,28,154,0,185,152,0,152,337
03/21/2015,SBP,CA,AWP,WE,Federal Contract Tower,3,23,20,0,46,0,0,114,0,114,3,23,134,0,160,40,0,40,200
03/22/2015,SBP,CA,AWP,WE,Federal Contract Tower,3,21,24,0,48,0,2,98,0,100,3,23,122,0,148,92,0,92,240
03/23/2015,SBP,CA,AWP,WE,Federal Contract Tower,3,23,17,0,43,0,3,107,0,110,3,26,124,0,153,122,0,122,275
03/24/2015,SBP,CA,AWP,WE,Federal Contract Tower,3,27,12,0,42,0,1,99,0,100,3,28,111,0,142,58,0,58,200
03/25/2015,SBP,CA,AWP,WE,Federal Contract Tower,3,26,15,0,44,0,3,104,0,107,3,29,119,0,151,80,12,92,243
03/26/2015,SBP,CA,AWP,WE,Federal Contract Tower,3,25,11,0,39,0,1,79,1,81,3,26,90,1,120,124,0,124,244
03/27/2015,SBP,CA,AWP,WE,Federal Contract Tower,3,27,12,0,42,0,4,126,0,130,3,31,138,0,172,160,0,160,332
03/28/2015,SBP,CA,AWP,WE,Federal Contract Tower,3,21,17,0,41,0,3,113,0,116,3,24,130,0,157,48,0,48,205
03/29/2015,SBP,CA,AWP,WE,Federal Contract Tower,2,25,14,0,41,0,1,120,0,121,2,26,134,0,162,52,0,52,214
03/30/2015,SBP,CA,AWP,WE,Federal Contract Tower,3,24,11,0,38,0,2,95,0,97,3,26,106,0,135,104,0,104,239
03/31/2015,SBP,CA,AWP,WE,Federal Contract Tower,2,35,9,0,46,0,4,85,2,91,2,39,94,2,137,29,0,29,166
04/01/2015,SBP,CA,AWP,WE,Federal Contract Tower,4,27,11,0,42,0,7,121,6,134,4,34,132,6,176,90,0,90,266
04/02/2015,SBP,CA,AWP,WE,Federal Contract Tower,2,26,13,0,41,0,6,82,1,89,2,32,95,1,130,36,0,36,166
04/03/2015,SBP,CA,AWP,WE,Federal Contract Tower,2,24,20,1,47,0,8,115,1,124,2,32,135,2,171,76,0,76,247
04/04/2015,SBP,CA,AWP,WE,Federal Contract Tower,2,22,7,0,31,0,0,84,0,84,2,22,91,0,115,48,0,48,163
04/05/2015,SBP,CA,AWP,WE,Federal Contract Tower,2,24,25,0,51,0,0,59,0,59,2,24,84,0,110,14,0,14,124
04/06/2015,SBP,CA,AWP,WE,Federal Contract Tower,2,24,20,0,46,0,3,91,0,94,2,27,111,0,140,90,0,90,230
04/07/2015,SBP,CA,AWP,WE,Federal Contract Tower,2,17,14,0,33,0,0,8,0,8,2,17,22,0,41,4,0,4,45
04/08/2015,SBP,CA,AWP,WE,Federal Contract Tower,2,29,19,0,50,0,4,108,0,112,2,33,127,0,162,66,0,66,228
04/09/2015,SBP,CA,AWP,WE,Federal Contract Tower,2,20,11,1,34,0,2,118,0,120,2,22,129,1,154,90,6,96,250
04/10/2015,SBP,CA,AWP,WE,Federal Contract Tower,2,19,18,0,39,0,1,115,0,116,2,20,133,0,155,140,0,140,295
04/11/2015,SBP,CA,AWP,WE,Federal Contract Tower,2,16,7,0,25,0,1,117,0,118,2,17,124,0,143,60,0,60,203
04/12/2015,SBP,CA,AWP,WE,Federal Contract Tower,2,21,10,0,33,0,0,93,0,93,2,21,103,0,126,106,0,106,232
04/13/2015,SBP,CA,AWP,WE,Federal Contract Tower,2,15,22,0,39,0,0,67,0,67,2,15,89,0,106,12,0,12,118
04/14/2015,SBP,CA,AWP,WE,Federal Contract Tower,2,18,17,2,39,0,4,63,1,68,2,22,80,3,107,64,0,64,171
04/15/2015,SBP,CA,AWP,WE,Federal Contract Tower,2,25,12,0,39,0,2,69,0,71,2,27,81,0,110,70,0,70,180
04/16/2015,SBP,CA,AWP,WE,Federal Contract Tower,2,18,28,1,49,0,2,86,2,90,2,20,114,3,139,92,2,94,233
04/17/2015,SBP,CA,AWP,WE,Federal Contract Tower,2,19,22,0,43,0,10,111,0,121,2,29,133,0,164,64,0,64,228
04/18/2015,SBP,CA,AWP,WE,Federal Contract Tower,2,14,12,0,28,0,0,88,0,88,2,14,100,0,116,102,0,102,218
04/19/2015,SBP,CA,AWP,WE,Federal Contract Tower,2,10,18,0,30,0,0,122,0,122,2,10,140,0,152,82,0,82,234
04/20/2015,SBP,CA,AWP,WE,Federal Contract Tower,2,19,16,0,37,0,1,69,0,70,2,20,85,0,107,96,0,96,203
04/21/2015,SBP,CA,AWP,WE,Federal Contract Tower,2,16,32,0,50,0,0,48,0,48,2,16,80,0,98,102,0,102,200
04/22/2015,SBP,CA,AWP,WE,Federal Contract Tower,2,22,36,0,60,0,4,89,0,93,2,26,125,0,153,86,0,86,239
04/23/2015,SBP,CA,AWP,WE,Federal Contract Tower,2,18,22,0,42,0,0,50,0,50,2,18,72,0,92,96,0,96,188
04/24/2015,SBP,CA,AWP,WE,Federal Contract Tower,0,19,24,2,45,0,7,54,0,61,0,26,78,2,106,68,0,68,174
04/25/2015,SBP,CA,AWP,WE,Federal Contract Tower,2,17,36,0,55,0,0,12,0,12,2,17,48,0,67,0,0,0,67
04/26/2015,SBP,CA,AWP,WE,Federal Contract Tower,2,14,18,0,34,0,0,74,0,74,2,14,92,0,108,76,0,76,184
04/27/2015,SBP,CA,AWP,WE,Federal Contract Tower,1,17,12,0,30,0,1,99,0,100,1,18,111,0,130,62,0,62,192
04/28/2015,SBP,CA,AWP,WE,Federal Contract Tower,2,18,15,2,37,0,1,99,2,102,2,19,114,4,139,174,0,174,313
04/29/2015,SBP,CA,AWP,WE,Federal Contract Tower,2,20,13,0,35,0,2,100,0,102,2,22,113,0,137,52,0,52,189
04/30/2015,SBP,CA,AWP,WE,Federal Contract Tower,2,16,18,0,36,0,1,113,0,114,2,17,131,0,150,42,0,42,192
05/01/2015,SBP,CA,AWP,WE,Federal Contract Tower,0,23,22,4,49,0,4,96,0,100,0,27,118,4,149,40,0,40,189
05/02/2015,SBP,CA,AWP,WE,Federal Contract Tower,2,12,11,0,25,0,0,89,0,89,2,12,100,0,114,34,0,34,148
05/03/2015,SBP,CA,AWP,WE,Federal Contract Tower,2,21,20,0,43,0,0,116,0,116,2,21,136,0,159,94,0,94,253
05/04/2015,SBP,CA,AWP,WE,Federal Contract Tower,2,15,14,0,31,0,3,69,0,72,2,18,83,0,103,84,0,84,187
05/05/2015,SBP,CA,AWP,WE,Federal Contract Tower,2,19,30,0,51,0,0,39,0,39,2,19,69,0,90,78,0,78,168
05/06/2015,SBP,CA,AWP,WE,Federal Contract Tower,1,25,35,0,61,0,2,42,0,44,1,27,77,0,105,32,0,32,137
05/07/2015,SBP,CA,AWP,WE,Federal Contract Tower,3,20,34,0,57,0,0,5,0,5,3,20,39,0,62,10,0,10,72
05/08/2015,SBP,CA,AWP,WE,Federal Contract Tower,2,30,31,0,63,0,1,39,2,42,2,31,70,2,105,56,0,56,161
05/09/2015,SBP,CA,AWP,WE,Federal Contract Tower,2,20,17,0,39,0,1,72,0,73,2,21,89,0,112,20,0,20,132
05/10/2015,SBP,CA,AWP,WE,Federal Contract Tower,2,15,21,0,38,0,0,98,0,98,2,15,119,0,136,36,0,36,172
05/11/2015,SBP,CA,AWP,WE,Federal Contract Tower,1,15,20,0,36,0,3,81,2,86,1,18,101,2,122,30,0,30,152
05/12/2015,SBP,CA,AWP,WE,Federal Contract Tower,2,20,23,0,45,0,5,113,0,118,2,25,136,0,163,110,0,110,273
05/13/2015,SBP,CA,AWP,WE,Federal Contract Tower,2,18,12,0,32,0,0,115,0,115,2,18,127,0,147,40,0,40,187
05/14/2015,SBP,CA,AWP,WE,Federal Contract Tower,2,19,22,0,43,0,5,21,0,26,2,24,43,0,69,28,0,28,97
05/15/2015,SBP,CA,AWP,WE,Federal Contract Tower,0,16,23,0,39,0,0,47,0,47,0,16,70,0,86,30,0,30,116
05/16/2015,SBP,CA,AWP,WE,Federal Contract Tower,2,15,6,0,23,0,4,69,1,74,2,19,75,1,97,48,0,48,145
05/17/2015,SBP,CA,AWP,WE,Federal Contract Tower,2,13,42,0,57,0,0,61,1,62,2,13,103,1,119,65,0,65,184
05/18/2015,SBP,CA,AWP,WE,Federal Contract Tower,2,14,20,2,38,0,0,72,0,72,2,14,92,2,110,16,0,16,126
05/19/2015,SBP,CA,AWP,WE,Federal Contract Tower,2,21,21,0,44,0,7,65,5,77,2,28,86,5,121,60,0,60,181
05/20/2015,SBP,CA,AWP,WE,Federal Contract Tower,2,18,19,2,41,0,3,74,2,79,2,21,93,4,120,88,0,88,208
05/21/2015,SBP,CA,AWP,WE,Federal Contract Tower,2,25,34,1,62,0,2,54,0,56,2,27,88,1,118,84,0,84,202
05/22/2015,SBP,CA,AWP,WE,Federal Contract Tower,2,21,23,0,46,0,7,75,0,82,2,28,98,0,128,90,0,90,218
05/23/2015,SBP,CA,AWP,WE,Federal Contract Tower,1,16,38,0,55,0,2,27,0,29,1,18,65,0,84,34,0,34,118
05/24/2015,SBP,CA,AWP,WE,Federal Contract Tower,2,13,14,0,29,0,0,98,0,98,2,13,112,0,127,66,0,66,193
05/25/2015,SBP,CA,AWP,WE,Federal Contract Tower,2,18,38,0,58,0,0,98,0,98,2,18,136,0,156,160,0,160,316
05/26/2015,SBP,CA,AWP,WE,Federal Contract Tower,2,19,19,0,40,0,0,75,0,75,2,19,94,0,115,58,0,58,173
05/27/2015,SBP,CA,AWP,WE,Federal Contract Tower,2,25,21,0,48,0,4,74,0,78,2,29,95,0,126,60,0,60,186
05/28/2015,SBP,CA,AWP,WE,Federal Contract Tower,2,22,14,0,38,0,2,98,1,101,2,24,112,1,139,112,0,112,251
05/29/2015,SBP,CA,AWP,WE,Federal Contract Tower,2,18,29,0,49,0,1,84,0,85,2,19,113,0,134,50,0,50,184
05/30/2015,SBP,CA,AWP,WE,Federal Contract Tower,2,15,18,0,35,0,2,116,0,118,2,17,134,0,153,52,0,52,205
05/31/2015,SBP,CA,AWP,WE,Federal Contract Tower,2,14,26,1,43,0,0,93,0,93,2,14,119,1,136,42,0,42,178
06/01/2015,SBP,CA,AWP,WE,Federal Contract Tower,2,18,17,0,37,0,1,121,0,122,2,19,138,0,159,92,0,92,251
06/02/2015,SBP,CA,AWP,WE,Federal Contract Tower,2,20,17,0,39,0,1,96,4,101,2,21,113,4,140,26,0,26,166
06/03/2015,SBP,CA,AWP,WE,Federal Contract Tower,2,18,22,0,42,0,5,72,2,79,2,23,94,2,121,32,0,32,153
06/04/2015,SBP,CA,AWP,WE,Federal Contract Tower,2,19,42,1,64,0,1,40,2,43,2,20,82,3,107,86,0,86,193
06/05/2015,SBP,CA,AWP,WE,Federal Contract Tower,2,13,21,0,36,0,0,93,3,96,2,13,114,3,132,76,0,76,208
06/06/2015,SBP,CA,AWP,WE,Federal Contract Tower,2,13,24,2,41,0,0,85,4,89,2,13,109,6,130,78,0,78,208
06/07/2015,SBP,CA,AWP,WE,Federal Contract Tower,2,10,14,0,26,0,0,106,2,108,2,10,120,2,134,116,0,116,250
06/08/2015,SBP,CA,AWP,WE,Federal Contract Tower,2,16,21,1,40,0,2,100,7,109,2,18,121,8,149,138,4,142,291
06/09/2015,SBP,CA,AWP,WE,Federal Contract Tower,2,19,13,3,37,0,0,60,3,63,2,19,73,6,100,60,0,60,160
06/10/2015,SBP,CA,AWP,WE,Federal Contract Tower,2,17,16,1,36,0,0,95,2,97,2,17,111,3,133,108,2,110,243
06/11/2015,SBP,CA,AWP,WE,Federal Contract Tower,2,22,15,0,39,0,0,103,0,103,2,22,118,0,142,108,0,108,250
06/12/2015,SBP,CA,AWP,WE,Federal Contract Tower,2,19,23,1,45,0,0,106,2,108,2,19,129,3,153,126,0,126,279
06/13/2015,SBP,CA,AWP,WE,Federal Contract Tower,2,13,8,1,24,0,0,85,0,85,2,13,93,1,109,68,0,68,177
06/14/2015,SBP,CA,AWP,WE,Federal Contract Tower,0,16,33,2,51,0,0,116,0,116,0,16,149,2,167,100,0,100,267
06/15/2015,SBP,CA,AWP,WE,Federal Contract Tower,2,20,13,0,35,0,0,64,3,67,2,20,77,3,102,136,0,136,238
06/16/2015,SBP,CA,AWP,WE,Federal Contract Tower,2,16,18,0,36,0,1,107,4,112,2,17,125,4,148,88,0,88,236
06/17/2015,SBP,CA,AWP,WE,Federal Contract Tower,2,22,19,4,47,0,0,119,5,124,2,22,138,9,171,142,8,150,321
06/18/2015,SBP,CA,AWP,WE,Federal Contract Tower,2,21,19,0,42,0,2,107,3,112,2,23,126,3,154,108,0,108,262
06/19/2015,SBP,CA,AWP,WE,Federal Contract Tower,2,16,12,1,31,0,3,110,5,118,2,19,122,6,149,80,0,80,229
06/20/2015,SBP,CA,AWP,WE,Federal Contract Tower,2,12,8,0,22,0,3,140,0,143,2,15,148,0,165,58,0,58,223
06/21/2015,SBP,CA,AWP,WE,Federal Contract Tower,2,11,21,0,34,0,0,87,0,87,2,11,108,0,121,38,0,38,159
06/22/2015,SBP,CA,AWP,WE,Federal Contract Tower,2,14,14,2,32,0,1,88,2,91,2,15,102,4,123,94,0,94,217
06/23/2015,SBP,CA,AWP,WE,Federal Contract Tower,2,19,13,0,34,0,0,126,0,126,2,19,139,0,160,44,0,44,204
06/24/2015,SBP,CA,AWP,WE,Federal Contract Tower,2,18,13,0,33,0,5,110,0,115,2,23,123,0,148,132,0,132,280
06/25/2015,SBP,CA,AWP,WE,Federal Contract Tower,2,25,14,2,43,0,1,119,1,121,2,26,133,3,164,114,0,114,278
06/26/2015,SBP,CA,AWP,WE,Federal Contract Tower,2,20,19,0,41,0,4,106,0,110,2,24,125,0,151,92,0,92,243
06/27/2015,SBP,CA,AWP,WE,Federal Contract Tower,2,11,13,0,26,0,0,111,3,114,2,11,124,3,140,82,0,82,222
06/28/2015,SBP,CA,AWP,WE,Federal Contract Tower,2,11,21,1,35,0,0,106,2,108,2,11,127,3,143,36,0,36,179
06/29/2015,SBP,CA,AWP,WE,Federal Contract Tower,2,15,19,0,36,0,2,91,3,96,2,17,110,3,132,110,0,110,242
06/30/2015,SBP,CA,AWP,WE,Federal Contract Tower,2,22,15,0,39,0,3,138,2,143,2,25,153,2,182,104,0,104,286
07/01/2015,SBP,CA,AWP,WE,Federal Contract Tower,2,14,19,6,41,0,3,89,2,94,2,17,108,8,135,162,0,162,297
07/02/2015,SBP,CA,AWP,WE,Federal Contract Tower,2,13,29,0,44,0,6,94,0,100,2,19,123,0,144,124,0,124,268
07/03/2015,SBP,CA,AWP,WE,Federal Contract Tower,2,12,29,0,43,0,2,138,0,140,2,14,167,0,183,122,0,122,305
07/04/2015,SBP,CA,AWP,WE,Federal Contract Tower,2,8,9,0,19,0,0,75,0,75,2,8,84,0,94,34,0,34,128
07/05/2015,SBP,CA,AWP,WE,Federal Contract Tower,2,10,25,0,37,0,3,100,0,103,2,13,125,0,140,48,0,48,188
07/06/2015,SBP,CA,AWP,WE,Federal Contract Tower,4,10,28,0,42,0,0,112,2,114,4,10,140,2,156,86,0,86,242
07/07/2015,SBP,CA,AWP,WE,Federal Contract Tower,4,15,15,0,34,0,0,77,4,81,4,15,92,4,115,88,0,88,203
07/08/2015,SBP,CA,AWP,WE,Federal Contract Tower,4,18,33,0,55,0,0,83,2,85,4,18,116,2,140,50,0,50,190
07/09/2015,SBP,CA,AWP,WE,Federal Contract Tower,4,13,20,0,37,0,2,90,1,93,4,15,110,1,130,100,0,100,230
07/10/2015,SBP,CA,AWP,WE,Federal Contract Tower,4,12,27,3,46,0,0,106,2,108,4,12,133,5,154,70,0,70,224
07/11/2015,SBP,CA,AWP,WE,Federal Contract Tower,3,9,10,0,22,0,0,80,2,82,3,9,90,2,104,88,0,88,192
07/12/2015,SBP,CA,AWP,WE,Federal Contract Tower,4,7,21,0,32,0,0,116,0,116,4,7,137,0,148,46,0,46,194
07/13/2015,SBP,CA,AWP,WE,Federal Contract Tower,4,11,18,0,33,0,0,109,0,109,4,11,127,0,142,126,0,126,268
07/14/2015,SBP,CA,AWP,WE,Federal Contract Tower,4,14,17,2,37,0,1,96,1,98,4,15,113,3,135,168,0,168,303
07/15/2015,SBP,CA,AWP,WE,Federal Contract Tower,4,15,9,1,29,0,0,91,1,92,4,15,100,2,121,130,0,130,251
07/16/2015,SBP,CA,AWP,WE,Federal Contract Tower,4,14,23,0,41,0,1,125,1,127,4,15,148,1,168,148,0,148,316
07/17/2015,SBP,CA,AWP,WE,Federal Contract Tower,4,12,17,0,33,0,0,91,2,93,4,12,108,2,126,84,2,86,212
07/18/2015,SBP,CA,AWP,WE,Federal Contract Tower,4,12,10,0,26,0,0,93,11,104,4,12,103,11,130,60,0,60,190
07/19/2015,SBP,CA,AWP,WE,Federal Contract Tower,4,6,7,0,17,0,0,22,0,22,4,6,29,0,39,16,0,16,55
07/20/2015,SBP,CA,AWP,WE,Federal Contract Tower,4,14,18,0,36,0,0,74,0,74,4,14,92,0,110,122,0,122,232
07/21/2015,SBP,CA,AWP,WE,Federal Contract Tower,4,14,18,0,36,0,0,78,0,78,4,14,96,0,114,78,0,78,192
07/22/2015,SBP,CA,AWP,WE,Federal Contract Tower,4,15,40,0,59,0,4,75,0,79,4,19,115,0,138,184,0,184,322
07/23/2015,SBP,CA,AWP,WE,Federal Contract Tower,4,15,18,0,37,0,0,90,0,90,4,15,108,0,127,76,0,76,203
07/24/2015,SBP,CA,AWP,WE,Federal Contract Tower,4,14,16,0,34,0,1,103,0,104,4,15,119,0,138,98,0,98,236
07/25/2015,SBP,CA,AWP,WE,Federal Contract Tower,4,17,11,0,32,0,0,139,0,139,4,17,150,0,171,74,0,74,245
07/26/2015,SBP,CA,AWP,WE,Federal Contract Tower,5,9,19,1,34,0,0,84,0,84,5,9,103,1,118,80,0,80,198
07/27/2015,SBP,CA,AWP,WE,Federal Contract Tower,4,17,15,0,36,0,0,95,0,95,4,17,110,0,131,146,0,146,277
07/28/2015,SBP,CA,AWP,WE,Federal Contract Tower,2,24,14,2,42,0,0,82,1,83,2,24,96,3,125,120,0,120,245
07/29/2015,SBP,CA,AWP,WE,Federal Contract Tower,4,15,14,0,33,0,4,87,0,91,4,19,101,0,124,164,0,164,288
07/30/2015,SBP,CA,AWP,WE,Federal Contract Tower,4,14,15,0,33,0,1,99,0,100,4,15,114,0,133,104,0,104,237
07/31/2015,SBP,CA,AWP,WE,Federal Contract Tower,3,15,19,0,37,0,1,106,1,108,3,16,125,1,145,121,8,129,274
08/01/2015,SBP,CA,AWP,WE,Federal Contract Tower,4,10,18,0,32,0,3,106,2,111,4,13,124,2,143,64,0,64,207
08/02/2015,SBP,CA,AWP,WE,Federal Contract Tower,4,9,9,0,22,0,2,125,0,127,4,11,134,0,149,84,0,84,233
08/03/2015,SBP,CA,AWP,WE,Federal Contract Tower,4,10,9,0,23,0,1,99,0,100,4,11,108,0,123,20,0,20,143
08/04/2015,SBP,CA,AWP,WE,Federal Contract Tower,4,14,10,2,30,0,3,96,0,99,4,17,106,2,129,68,0,68,197
08/05/2015,SBP,CA,AWP,WE,Federal Contract Tower,4,18,11,1,34,0,2,103,0,105,4,20,114,1,139,70,4,74,213
08/06/2015,SBP,CA,AWP,WE,Federal Contract Tower,4,20,15,7,46,0,0,109,0,109,4,20,124,7,155,112,4,116,271
08/07/2015,SBP,CA,AWP,WE,Federal Contract Tower,4,12,25,0,41,0,0,106,0,106,4,12,131,0,147,74,0,74,221
08/08/2015,SBP,CA,AWP,WE,Federal Contract Tower,4,12,12,2,30,0,1,127,1,129,4,13,139,3,159,58,0,58,217
08/09/2015,SBP,CA,AWP,WE,Federal Contract Tower,4,11,16,0,31,0,0,122,0,122,4,11,138,0,153,48,0,48,201
08/10/2015,SBP,CA,AWP,WE,Federal Contract Tower,2,13,26,0,41,0,2,71,3,76,2,15,97,3,117,64,0,64,181
08/11/2015,SBP,CA,AWP,WE,Federal Contract Tower,4,18,27,0,49,0,0,59,1,60,4,18,86,1,109,44,0,44,153
08/12/2015,SBP,CA,AWP,WE,Federal Contract Tower,4,19,12,5,40,0,2,81,4,87,4,21,93,9,127,38,0,38,165
08/13/2015,SBP,CA,AWP,WE,Federal Contract Tower,2,27,7,0,36,0,0,103,0,103,2,27,110,0,139,30,0,30,169
08/14/2015,SBP,CA,AWP,WE,Federal Contract Tower,4,13,16,2,35,0,0,104,4,108,4,13,120,6,143,120,12,132,275
08/15/2015,SBP,CA,AWP,WE,Federal Contract Tower,4,16,14,2,36,0,1,92,0,93,4,17,106,2,129,54,0,54,183
08/16/2015,SBP,CA,AWP,WE,Federal Contract Tower,4,14,20,0,38,0,3,133,0,136,4,17,153,0,174,18,0,18,192
08/17/2015,SBP,CA,AWP,WE,Federal Contract Tower,4,13,24,0,41,0,0,100,4,104,4,13,124,4,145,10,0,10,155
08/18/2015,SBP,CA,AWP,WE,Federal Contract Tower,2,21,17,0,40,0,2,73,0,75,2,23,90,0,115,48,0,48,163
08/19/2015,SBP,CA,AWP,WE,Federal Contract Tower,2,26,14,0,42,0,1,79,0,80,2,27,93,0,122,62,8,70,192
08/20/2015,SBP,CA,AWP,WE,Federal Contract Tower,2,20,17,0,39,0,1,66,1,68,2,21,83,1,107,48,0,48,155
08/21/2015,SBP,CA,AWP,WE,Federal Contract Tower,2,17,18,0,37,0,1,85,0,86,2,18,103,0,123,102,0,102,225
08/22/2015,SBP,CA,AWP,WE,Federal Contract Tower,2,12,16,0,30,0,0,65,4,69,2,12,81,4,99,50,0,50,149
08/23/2015,SBP,CA,AWP,WE,Federal Contract Tower,2,9,29,3,43,0,4,109,0,113,2,13,138,3,156,90,0,90,246
08/24/2015,SBP,CA,AWP,WE,Federal Contract Tower,2,14,7,0,23,0,2,102,0,104,2,16,109,0,127,150,0,150,277
08/25/2015,SBP,CA,AWP,WE,Federal Contract Tower,2,16,12,1,31,0,1,54,2,57,2,17,66,3,88,50,0,50,138
08/26/2015,SBP,CA,AWP,WE,Federal Contract Tower,2,14,20,0,36,3,0,84,0,87,5,14,104,0,123,66,0,66,189
08/27/2015,SBP,CA,AWP,WE,Federal Contract Tower,2,17,12,0,31,0,3,90,7,100,2,20,102,7,131,94,2,96,227
08/28/2015,SBP,CA,AWP,WE,Federal Contract Tower,2,17,9,0,28,0,1,92,0,93,2,18,101,0,121,102,0,102,223
08/29/2015,SBP,CA,AWP,WE,Federal Contract Tower,2,10,12,0,24,0,3,80,0,83,2,13,92,0,107,16,0,16,123
08/30/2015,SBP,CA,AWP,WE,Federal Contract Tower,2,8,17,0,27,0,0,105,0,105,2,8,122,0,132,28,0,28,160
08/31/2015,SBP,CA,AWP,WE,Federal Contract Tower,2,17,11,1,31,0,74,1,0,75,2,91,12,1,106,54,4,58,164
09/01/2015,SBP,CA,AWP,WE,Federal Contract Tower,2,22,21,0,45,0,0,47,0,47,2,22,68,0,92,32,0,32,124
09/02/2015,SBP,CA,AWP,WE,Federal Contract Tower,2,20,19,0,41,0,2,80,0,82,2,22,99,0,123,36,0,36,159
09/03/2015,SBP,CA,AWP,WE,Federal Contract Tower,2,20,25,0,47,0,1,69,0,70,2,21,94,0,117,60,0,60,177
09/04/2015,SBP,CA,AWP,WE,Federal Contract Tower,2,21,16,0,39,0,1,87,0,88,2,22,103,0,127,46,0,46,173
09/05/2015,SBP,CA,AWP,WE,Federal Contract Tower,2,14,13,0,29,0,1,82,0,83,2,15,95,0,112,6,0,6,118
09/06/2015,SBP,CA,AWP,WE,Federal Contract Tower,2,12,5,0,19,0,0,108,0,108,2,12,113,0,127,96,0,96,223
09/07/2015,SBP,CA,AWP,WE,Federal Contract Tower,2,16,14,0,32,0,1,121,1,123,2,17,135,1,155,50,0,50,205
09/08/2015,SBP,CA,AWP,WE,Federal Contract Tower,2,18,8,2,30,0,0,96,2,98,2,18,104,4,128,66,0,66,194
09/09/2015,SBP,CA,AWP,WE,Federal Contract Tower,2,23,10,2,37,0,5,91,2,98,2,28,101,4,135,64,4,68,203
09/10/2015,SBP,CA,AWP,WE,Federal Contract Tower,2,19,10,4,35,0,3,56,0,59,2,22,66,4,94,62,0,62,156
09/11/2015,SBP,CA,AWP,WE,Federal Contract Tower,2,21,19,0,42,0,3,92,0,95,2,24,111,0,137,102,2,104,241
09/12/2015,SBP,CA,AWP,WE,Federal Contract Tower,2,17,8,0,27,0,0,80,0,80,2,17,88,0,107,66,0,66,173
09/13/2015,SBP,CA,AWP,WE,Federal Contract Tower,2,11,24,0,37,0,1,109,0,110,2,12,133,0,147,56,0,56,203
09/14/2015,SBP,CA,AWP,WE,Federal Contract Tower,2,14,32,2,50,0,2,42,2,46,2,16,74,4,96,46,0,46,142
09/15/2015,SBP,CA,AWP,WE,Federal Contract Tower,2,23,27,0,52,0,0,19,0,19,2,23,46,0,71,32,0,32,103
09/16/2015,SBP,CA,AWP,WE,Federal Contract Tower,2,23,12,0,37,0,1,117,0,118,2,24,129,0,155,78,2,80,235
09/17/2015,SBP,CA,AWP,WE,Federal Contract Tower,2,21,16,3,42,0,2,100,0,102,2,23,116,3,144,42,0,42,186
09/18/2015,SBP,CA,AWP,WE,Federal Contract Tower,2,23,17,0,42,0,4,98,2,104,2,27,115,2,146,32,0,32,178
09/19/2015,SBP,CA,AWP,WE,Federal Contract Tower,2,17,4,0,23,0,1,97,7,105,2,18,101,7,128,48,0,48,176
09/20/2015,SBP,CA,AWP,WE,Federal Contract Tower,2,15,15,0,32,0,0,97,0,97,2,15,112,0,129,56,0,56,185
09/21/2015,SBP,CA,AWP,WE,Federal Contract Tower,2,18,15,1,36,0,0,68,5,73,2,18,83,6,109,90,0,90,199
09/22/2015,SBP,CA,AWP,WE,Federal Contract Tower,2,21,17,0,40,0,1,69,1,71,2,22,86,1,111,90,0,90,201
09/23/2015,SBP,CA,AWP,WE,Federal Contract Tower,2,22,16,2,42,0,7,76,0,83,2,29,92,2,125,102,0,102,227
09/24/2015,SBP,CA,AWP,WE,Federal Contract Tower,2,17,19,2,40,0,1,99,0,100,2,18,118,2,140,70,0,70,210
09/25/2015,SBP,CA,AWP,WE,Federal Contract Tower,2,17,18,0,37,0,2,84,0,86,2,19,102,0,123,92,0,92,215
09/26/2015,SBP,CA,AWP,WE,Federal Contract Tower,2,14,15,0,31,0,1,108,1,110,2,15,123,1,141,56,0,56,197
09/27/2015,SBP,CA,AWP,WE,Federal Contract Tower,0,15,19,0,34,0,2,118,0,120,0,17,137,0,154,74,0,74,228
09/28/2015,SBP,CA,AWP,WE,Federal Contract Tower,2,17,26,4,49,0,0,66,3,69,2,17,92,7,118,64,2,66,184
09/29/2015,SBP,CA,AWP,WE,Federal Contract Tower,2,17,23,2,44,0,6,97,0,103,2,23,120,2,147,106,0,106,253
09/30/2015,SBP,CA,AWP,WE,Federal Contract Tower,2,19,10,0,31,0,5,76,0,81,2,24,86,0,112,86,0,86,198
10/01/2015,SBP,CA,AWP,WE,Federal Contract Tower,2,19,17,0,38,0,19,61,0,80,2,38,78,0,118,54,0,54,172
10/02/2015,SBP,CA,AWP,WE,Federal Contract Tower,2,19,18,0,39,0,4,96,0,100,2,23,114,0,139,46,6,52,191
10/03/2015,SBP,CA,AWP,WE,Federal Contract Tower,2,15,22,0,39,0,0,98,0,98,2,15,120,0,137,48,0,48,185
10/04/2015,SBP,CA,AWP,WE,Federal Contract Tower,2,14,44,0,60,0,0,60,0,60,2,14,104,0,120,114,0,114,234
10/05/2015,SBP,CA,AWP,WE,Federal Contract Tower,3,18,11,2,34,0,3,81,0,84,3,21,92,2,118,126,2,128,246
10/06/2015,SBP,CA,AWP,WE,Federal Contract Tower,3,24,10,0,37,0,6,77,0,83,3,30,87,0,120,116,0,116,236
10/07/2015,SBP,CA,AWP,WE,Federal Contract Tower,3,19,20,0,42,0,3,105,0,108,3,22,125,0,150,90,0,90,240
10/08/2015,SBP,CA,AWP,WE,Federal Contract Tower,3,19,25,0,47,0,2,77,0,79,3,21,102,0,126,90,0,90,216
10/09/2015,SBP,CA,AWP,WE,Federal Contract Tower,1,21,19,1,42,0,6,113,1,120,1,27,132,2,162,100,2,102,264
10/10/2015,SBP,CA,AWP,WE,Federal Contract Tower,3,16,13,0,32,0,4,228,0,232,3,20,241,0,264,38,0,38,302
10/11/2015,SBP,CA,AWP,WE,Federal Contract Tower,2,21,9,0,32,0,0,113,0,113,2,21,122,0,145,90,0,90,235
10/12/2015,SBP,CA,AWP,WE,Federal Contract Tower,3,16,17,0,36,0,2,98,3,103,3,18,115,3,139,78,0,78,217
10/13/2015,SBP,CA,AWP,WE,Federal Contract Tower,3,19,16,1,39,0,1,89,0,90,3,20,105,1,129,48,0,48,177
10/14/2015,SBP,CA,AWP,WE,Federal Contract Tower,3,23,12,1,39,0,8,73,4,85,3,31,85,5,124,38,0,38,162
10/15/2015,SBP,CA,AWP,WE,Federal Contract Tower,3,22,13,0,38,0,2,45,3,50,3,24,58,3,88,54,0,54,142
10/16/2015,SBP,CA,AWP,WE,Federal Contract Tower,3,23,23,0,49,0,2,73,0,75,3,25,96,0,124,74,0,74,198
10/17/2015,SBP,CA,AWP,WE,Federal Contract Tower,3,15,26,3,47,0,1,28,0,29,3,16,54,3,76,20,0,20,96
10/18/2015,SBP,CA,AWP,WE,Federal Contract Tower,3,16,14,0,33,0,4,94,0,98,3,20,108,0,131,34,0,34,165
10/19/2015,SBP,CA,AWP,WE,Federal Contract Tower,3,18,21,1,43,0,4,67,2,73,3,22,88,3,116,82,0,82,198
10/20/2015,SBP,CA,AWP,WE,Federal Contract Tower,3,22,17,1,43,0,5,89,4,98,3,27,106,5,141,68,0,68,209
10/21/2015,SBP,CA,AWP,WE,Federal Contract Tower,3,21,14,0,38,0,10,151,5,166,3,31,165,5,204,116,0,116,320
10/22/2015,SBP,CA,AWP,WE,Federal Contract Tower,3,20,33,1,57,0,2,91,4,97,3,22,124,5,154,56,2,58,212
10/23/2015,SBP,CA,AWP,WE,Federal Contract Tower,3,24,32,1,60,0,3,119,2,124,3,27,151,3,184,124,0,124,308
10/24/2015,SBP,CA,AWP,WE,Federal Contract Tower,3,17,16,0,36,0,0,147,0,147,3,17,163,0,183,70,0,70,253
10/25/2015,SBP,CA,AWP,WE,Federal Contract Tower,3,17,31,0,51,0,1,117,0,118,3,18,148,0,169,60,0,60,229
10/26/2015,SBP,CA,AWP,WE,Federal Contract Tower,3,15,15,0,33,0,3,126,2,131,3,18,141,2,164,70,0,70,234
10/27/2015,SBP,CA,AWP,WE,Federal Contract Tower,3,17,11,0,31,0,9,76,0,85,3,26,87,0,116,104,0,104,220
10/28/2015,SBP,CA,AWP,WE,Federal Contract Tower,3,16,13,5,37,0,0,73,2,75,3,16,86,7,112,102,0,102,214
10/29/2015,SBP,CA,AWP,WE,Federal Contract Tower,3,20,14,2,39,0,3,75,0,78,3,23,89,2,117,50,0,50,167
10/30/2015,SBP,CA,AWP,WE,Federal Contract Tower,3,18,19,0,40,0,4,129,0,133,3,22,148,0,173,32,0,32,205
10/31/2015,SBP,CA,AWP,WE,Federal Contract Tower,4,12,6,4,26,0,2,137,2,141,4,14,143,6,167,110,0,110,277
11/01/2015,SBP,CA,AWP,WE,Federal Contract Tower,3,14,9,0,26,0,0,124,0,124,3,14,133,0,150,84,0,84,234
11/02/2015,SBP,CA,AWP,WE,Federal Contract Tower,3,17,25,0,45,0,0,2,0,2,3,17,27,0,47,0,0,0,47
11/03/2015,SBP,CA,AWP,WE,Federal Contract Tower,3,20,10,0,33,0,5,66,0,71,3,25,76,0,104,110,0,110,214
11/04/2015,SBP,CA,AWP,WE,Federal Contract Tower,3,19,20,0,42,0,1,89,1,91,3,20,109,1,133,120,0,120,253
11/05/2015,SBP,CA,AWP,WE,Federal Contract Tower,5,20,17,3,45,0,4,126,0,130,5,24,143,3,175,88,0,88,263
11/06/2015,SBP,CA,AWP,WE,Federal Contract Tower,5,17,24,0,46,0,4,118,0,122,5,21,142,0,168,78,6,84,252
11/07/2015,SBP,CA,AWP,WE,Federal Contract Tower,4,19,6,0,29,0,0,129,1,130,4,19,135,1,159,58,0,58,217
11/08/2015,SBP,CA,AWP,WE,Federal Contract Tower,3,15,22,0,40,0,0,108,0,108,3,15,130,0,148,72,0,72,220
11/09/2015,SBP,CA,AWP,WE,Federal Contract Tower,5,14,19,0,38,0,4,67,0,71,5,18,86,0,109,64,0,64,173
11/10/2015,SBP,CA,AWP,WE,Federal Contract Tower,5,21,9,2,37,0,1,72,2,75,5,22,81,4,112,58,0,58,170
11/11/2015,SBP,CA,AWP,WE,Federal Contract Tower,5,23,8,0,36,0,6,95,0,101,5,29,103,0,137,22,0,22,159
11/12/2015,SBP,CA,AWP,WE,Federal Contract Tower,5,21,20,0,46,0,3,66,2,71,5,24,86,2,117,30,0,30,147
11/13/2015,SBP,CA,AWP,WE,Federal Contract Tower,5,18,26,1,50,0,1,124,0,125,5,19,150,1,175,58,0,58,233
11/14/2015,SBP,CA,AWP,WE,Federal Contract Tower,3,14,14,0,31,0,1,128,0,129,3,15,142,0,160,142,0,142,302
11/15/2015,SBP,CA,AWP,WE,Federal Contract Tower,5,13,22,0,40,0,0,6,0,6,5,13,28,0,46,0,0,0,46
11/16/2015,SBP,CA,AWP,WE,Federal Contract Tower,5,15,15,0,35,0,58,0,0,58,5,73,15,0,93,10,0,10,103
11/17/2015,SBP,CA,AWP,WE,Federal Contract Tower,5,20,12,0,37,0,1,88,0,89,5,21,100,0,126,28,0,28,154
11/18/2015,SBP,CA,AWP,WE,Federal Contract Tower,5,18,20,0,43,0,5,106,0,111,5,23,126,0,154,112,0,112,266
11/19/2015,SBP,CA,AWP,WE,Federal Contract Tower,5,18,27,2,52,0,24,72,2,98,5,42,99,4,150,36,0,36,186
11/20/2015,SBP,CA,AWP,WE,Federal Contract Tower,5,17,25,0,47,0,2,107,2,111,5,19,132,2,158,46,4,50,208
11/21/2015,SBP,CA,AWP,WE,Federal Contract Tower,3,16,19,3,41,0,2,166,0,168,3,18,185,3,209,116,0,116,325
11/22/2015,SBP,CA,AWP,WE,Federal Contract Tower,5,11,14,0,30,0,0,102,0,102,5,11,116,0,132,48,0,48,180
11/23/2015,SBP,CA,AWP,WE,Federal Contract Tower,5,21,21,0,47,0,3,111,2,116,5,24,132,2,163,54,0,54,217
11/24/2015,SBP,CA,AWP,WE,Federal Contract Tower,5,21,41,1,68,0,0,15,0,15,5,21,56,1,83,60,2,62,145
11/25/2015,SBP,CA,AWP,WE,Federal Contract Tower,5,18,30,0,53,0,5,59,7,71,5,23,89,7,124,14,0,14,138
11/26/2015,SBP,CA,AWP,WE,Federal Contract Tower,2,11,7,0,20,0,0,54,11,65,2,11,61,11,85,24,0,24,109
11/27/2015,SBP,CA,AWP,WE,Federal Contract Tower,4,16,14,0,34,0,9,79,0,88,4,25,93,0,122,62,2,64,186
11/28/2015,SBP,CA,AWP,WE,Federal Contract Tower,3,18,15,0,36,0,0,91,1,92,3,18,106,1,128,44,0,44,172
11/29/2015,SBP,CA,AWP,WE,Federal Contract Tower,5,11,33,0,49,0,1,136,4,141,5,12,169,4,190,44,0,44,234
11/30/2015,SBP,CA,AWP,WE,Federal Contract Tower,5,16,24,0,45,0,3,98,5,106,5,19,122,5,151,112,0,112,263
12/01/2015,SBP,CA,AWP,WE,Federal Contract Tower,5,24,4,1,34,0,2,92,5,99,5,26,96,6,133,70,0,70,203
12/02/2015,SBP,CA,AWP,WE,Federal Contract Tower,5,20,17,1,43,0,1,109,5,115,5,21,126,6,158,74,0,74,232
12/03/2015,SBP,CA,AWP,WE,Federal Contract Tower,5,22,21,0,48,0,2,58,1,61,5,24,79,1,109,40,0,40,149
12/04/2015,SBP,CA,AWP,WE,Federal Contract Tower,3,20,20,0,43,0,1,82,2,85,3,21,102,2,128,56,0,56,184
12/05/2015,SBP,CA,AWP,WE,Federal Contract Tower,4,14,12,0,30,0,13,94,1,108,4,27,106,1,138,40,0,40,178
12/06/2015,SBP,CA,AWP,WE,Federal Contract Tower,5,11,13,1,30,0,2,113,1,116,5,13,126,2,146,84,0,84,230
12/07/2015,SBP,CA,AWP,WE,Federal Contract Tower,6,18,5,1,30,0,2,81,5,88,6,20,86,6,118,84,0,84,202
12/08/2015,SBP,CA,AWP,WE,Federal Contract Tower,6,17,11,1,35,0,3,74,2,79,6,20,85,3,114,102,0,102,216
12/09/2015,SBP,CA,AWP,WE,Federal Contract Tower,5,22,15,0,42,0,2,61,2,65,5,24,76,2,107,38,0,38,145
12/10/2015,SBP,CA,AWP,WE,Federal Contract Tower,5,22,29,0,56,0,1,13,0,14,5,23,42,0,70,22,0,22,92
12/11/2015,SBP,CA,AWP,WE,Federal Contract Tower,5,18,27,0,50,0,4,15,0,19,5,22,42,0,69,0,0,0,69
12/12/2015,SBP,CA,AWP,WE,Federal Contract Tower,4,13,11,0,28,0,2,93,0,95,4,15,104,0,123,38,0,38,161
12/13/2015,SBP,CA,AWP,WE,Federal Contract Tower,5,16,16,0,37,0,0,11,0,11,5,16,27,0,48,44,0,44,92
12/14/2015,SBP,CA,AWP,WE,Federal Contract Tower,6,18,15,0,39,0,5,70,1,76,6,23,85,1,115,18,0,18,133
12/15/2015,SBP,CA,AWP,WE,Federal Contract Tower,6,21,14,0,41,0,3,70,0,73,6,24,84,0,114,32,0,32,146
12/16/2015,SBP,CA,AWP,WE,Federal Contract Tower,2,26,15,0,43,0,1,86,0,87,2,27,101,0,130,64,0,64,194
12/17/2015,SBP,CA,AWP,WE,Federal Contract Tower,7,28,16,0,51,0,2,109,0,111,7,30,125,0,162,48,0,48,210
12/18/2015,SBP,CA,AWP,WE,Federal Contract Tower,8,22,19,1,50,0,3,106,0,109,8,25,125,1,159,20,0,20,179
12/19/2015,SBP,CA,AWP,WE,Federal Contract Tower,5,22,20,0,47,0,0,3,0,3,5,22,23,0,50,0,0,0,50
12/20/2015,SBP,CA,AWP,WE,Federal Contract Tower,7,12,11,0,30,0,1,68,0,69,7,13,79,0,99,34,0,34,133
12/21/2015,SBP,CA,AWP,WE,Federal Contract Tower,7,19,21,2,49,0,0,1,0,1,7,19,22,2,50,8,2,10,60
12/22/2015,SBP,CA,AWP,WE,Federal Contract Tower,9,23,28,0,60,0,0,0,0,0,9,23,28,0,60,0,0,0,60
12/23/2015,SBP,CA,AWP,WE,Federal Contract Tower,7,26,20,0,53,0,7,72,0,79,7,33,92,0,132,36,0,36,168
12/24/2015,SBP,CA,AWP,WE,Federal Contract Tower,7,17,9,0,33,0,1,14,0,15,7,18,23,0,48,26,0,26,74
12/25/2015,SBP,CA,AWP,WE,Federal Contract Tower,7,13,10,0,30,0,0,21,0,21,7,13,31,0,51,8,0,8,59
12/26/2015,SBP,CA,AWP,WE,Federal Contract Tower,6,16,14,0,36,0,1,60,0,61,6,17,74,0,97,0,0,0,97
12/27/2015,SBP,CA,AWP,WE,Federal Contract Tower,5,14,14,0,33,0,1,78,0,79,5,15,92,0,112,40,0,40,152
12/28/2015,SBP,CA,AWP,WE,Federal Contract Tower,7,17,10,0,34,0,2,45,0,47,7,19,55,0,81,14,0,14,95
12/29/2015,SBP,CA,AWP,WE,Federal Contract Tower,5,27,11,3,46,0,3,103,0,106,5,30,114,3,152,70,0,70,222
12/30/2015,SBP,CA,AWP,WE,Federal Contract Tower,7,23,11,0,41,0,4,129,0,133,7,27,140,0,174,72,0,72,246
12/31/2015,SBP,CA,AWP,WE,Federal Contract Tower,7,16,15,1,39,0,4,78,1,83,7,20,93,2,122,56,0,56,178
01/01/2016,SBP,CA,AWP,WE,Federal Contract Tower,8,14,3,0,25,0,1,76,0,77,8,15,79,0,102,28,0,28,130
01/02/2016,SBP,CA,AWP,WE,Federal Contract Tower,5,13,21,0,39,0,3,94,2,99,5,16,115,2,138,42,0,42,180
01/03/2016,SBP,CA,AWP,WE,Federal Contract Tower,7,12,19,0,38,0,1,64,0,65,7,13,83,0,103,72,0,72,175
01/04/2016,SBP,CA,AWP,WE,Federal Contract Tower,7,15,19,0,41,0,1,28,0,29,7,16,47,0,70,106,0,106,176
01/05/2016,SBP,CA,AWP,WE,Federal Contract Tower,5,21,16,0,42,0,0,0,0,0,5,21,16,0,42,0,0,0,42
01/06/2016,SBP,CA,AWP,WE,Federal Contract Tower,1,17,10,0,28,0,0,2,0,2,1,17,12,0,30,0,0,0,30
01/07/2016,SBP,CA,AWP,WE,Federal Contract Tower,4,20,26,2,52,0,4,20,0,24,4,24,46,2,76,56,0,56,132
01/08/2016,SBP,CA,AWP,WE,Federal Contract Tower,4,20,25,2,51,0,4,20,0,24,4,24,45,2,75,56,0,56,131
01/09/2016,SBP,CA,AWP,WE,Federal Contract Tower,3,13,16,0,32,0,2,10,0,12,3,15,26,0,44,4,0,4,48
01/10/2016,SBP,CA,AWP,WE,Federal Contract Tower,5,13,34,1,53,0,0,44,1,45,5,13,78,2,98,32,0,32,130
01/11/2016,SBP,CA,AWP,WE,Federal Contract Tower,5,14,19,4,42,0,0,91,0,91,5,14,110,4,133,130,0,130,263
01/12/2016,SBP,CA,AWP,WE,Federal Contract Tower,5,20,14,0,39,0,3,107,0,110,5,23,121,0,149,134,0,134,283
01/13/2016,SBP,CA,AWP,WE,Federal Contract Tower,3,19,16,0,38,0,1,24,2,27,3,20,40,2,65,22,0,22,87
01/14/2016,SBP,CA,AWP,WE,Federal Contract Tower,5,17,15,2,39,0,1,66,6,73,5,18,81,8,112,42,0,42,154
01/15/2016,SBP,CA,AWP,WE,Federal Contract Tower,5,19,29,0,53,0,2,64,0,66,5,21,93,0,119,36,0,36,155
01/16/2016,SBP,CA,AWP,WE,Federal Contract Tower,3,15,18,0,36,0,1,73,0,74,3,16,91,0,110,104,0,104,214
01/17/2016,SBP,CA,AWP,WE,Federal Contract Tower,5,12,27,2,46,0,0,31,0,31,5,12,58,2,77,2,0,2,79
01/18/2016,SBP,CA,AWP,WE,Federal Contract Tower,5,15,24,0,44,0,0,24,0,24,5,15,48,0,68,22,0,22,90
01/19/2016,SBP,CA,AWP,WE,Federal Contract Tower,6,17,14,0,37,0,0,0,0,0,6,17,14,0,37,0,0,0,37
01/20/2016,SBP,CA,AWP,WE,Federal Contract Tower,3,19,26,2,50,0,1,76,0,77,3,20,102,2,127,72,0,72,199
01/21/2016,SBP,CA,AWP,WE,Federal Contract Tower,4,20,22,0,46,0,0,107,0,107,4,20,129,0,153,88,0,88,241
01/22/2016,SBP,CA,AWP,WE,Federal Contract Tower,5,15,26,1,47,0,4,44,1,49,5,19,70,2,96,36,0,36,132
01/23/2016,SBP,CA,AWP,WE,Federal Contract Tower,3,17,14,0,34,0,0,42,0,42,3,17,56,0,76,24,0,24,100
01/24/2016,SBP,CA,AWP,WE,Federal Contract Tower,5,11,18,0,34,0,0,131,0,131,5,11,149,0,165,62,0,62,227
01/25/2016,SBP,CA,AWP,WE,Federal Contract Tower,5,22,14,0,41,0,3,90,0,93,5,25,104,0,134,58,0,58,192
01/26/2016,SBP,CA,AWP,WE,Federal Contract Tower,6,18,11,0,35,0,3,110,0,113,6,21,121,0,148,174,0,174,322
01/27/2016,SBP,CA,AWP,WE,Federal Contract Tower,5,22,14,0,41,0,1,90,0,91,5,23,104,0,132,98,0,98,230
01/28/2016,SBP,CA,AWP,WE,Federal Contract Tower,5,19,19,3,46,0,5,104,1,110,5,24,123,4,156,60,0,60,216
01/29/2016,SBP,CA,AWP,WE,Federal Contract Tower,3,11,22,0,36,0,4,77,0,81,3,15,99,0,117,138,0,138,255
01/30/2016,SBP,CA,AWP,WE,Federal Contract Tower,2,19,24,0,45,0,2,45,0,47,2,21,69,0,92,56,0,56,148
01/31/2016,SBP,CA,AWP,WE,Federal Contract Tower,5,9,16,0,30,0,0,1,0,1,5,9,17,0,31,0,0,0,31
02/01/2016,SBP,CA,AWP,WE,Federal Contract Tower,5,13,9,0,27,0,1,56,2,59,5,14,65,2,86,84,0,84,170
02/02/2016,SBP,CA,AWP,WE,Federal Contract Tower,5,20,27,0,52,0,0,71,0,71,5,20,98,0,123,168,0,168,291
02/03/2016,SBP,CA,AWP,WE,Federal Contract Tower,5,16,15,4,40,0,3,109,2,114,5,19,124,6,154,112,0,112,266
02/04/2016,SBP,CA,AWP,WE,Federal Contract Tower,5,18,12,0,35,0,1,113,0,114,5,19,125,0,149,110,0,110,259
02/05/2016,SBP,CA,AWP,WE,Federal Contract Tower,5,19,31,4,59,0,0,126,1,127,5,19,157,5,186,152,2,154,340
02/06/2016,SBP,CA,AWP,WE,Federal Contract Tower,3,14,17,0,34,0,0,130,3,133,3,14,147,3,167,100,0,100,267
02/07/2016,SBP,CA,AWP,WE,Federal Contract Tower,5,12,13,0,30,0,0,109,1,110,5,12,122,1,140,68,0,68,208
02/08/2016,SBP,CA,AWP,WE,Federal Contract Tower,5,15,16,1,37,0,6,107,0,113,5,21,123,1,150,70,2,72,222
02/09/2016,SBP,CA,AWP,WE,Federal Contract Tower,6,17,15,0,38,0,0,103,2,105,6,17,118,2,143,72,0,72,215
02/10/2016,SBP,CA,AWP,WE,Federal Contract Tower,4,19,9,0,32,0,3,100,0,103,4,22,109,0,135,98,0,98,233
02/11/2016,SBP,CA,AWP,WE,Federal Contract Tower,5,20,28,0,53,0,3,137,0,140,5,23,165,0,193,152,0,152,345
02/12/2016,SBP,CA,AWP,WE,Federal Contract Tower,4,20,30,0,54,0,2,157,0,159,4,22,187,0,213,188,0,188,401
02/13/2016,SBP,CA,AWP,WE,Federal Contract Tower,2,18,11,0,31,0,0,113,2,115,2,18,124,2,146,32,2,34,180
02/14/2016,SBP,CA,AWP,WE,Federal Contract Tower,4,16,7,0,27,0,5,102,0,107,4,21,109,0,134,34,0,34,168
02/15/2016,SBP,CA,AWP,WE,Federal Contract Tower,4,18,22,0,44,0,4,113,0,117,4,22,135,0,161,82,0,82,243
02/16/2016,SBP,CA,AWP,WE,Federal Contract Tower,4,20,16,0,40,0,1,101,0,102,4,21,117,0,142,98,0,98,240
02/17/2016,SBP,CA,AWP,WE,Federal Contract Tower,4,21,17,1,43,0,2,37,1,40,4,23,54,2,83,48,0,48,131
02/18/2016,SBP,CA,AWP,WE,Federal Contract Tower,2,21,29,0,52,0,2,85,0,87,2,23,114,0,139,132,0,132,271
02/19/2016,SBP,CA,AWP,WE,Federal Contract Tower,4,20,20,4,48,0,11,136,0,147,4,31,156,4,195,140,0,140,335
02/20/2016,SBP,CA,AWP,WE,Federal Contract Tower,2,16,15,0,33,0,1,157,0,158,2,17,172,0,191,172,0,172,363
02/21/2016,SBP,CA,AWP,WE,Federal Contract Tower,4,17,16,0,37,0,5,127,0,132,4,22,143,0,169,112,0,112,281
02/22/2016,SBP,CA,AWP,WE,Federal Contract Tower,4,16,6,2,28,0,1,77,0,78,4,17,83,2,106,8,0,8,114
02/23/2016,SBP,CA,AWP,WE,Federal Contract Tower,4,21,11,0,36,0,2,99,0,101,4,23,110,0,137,142,0,142,279
02/24/2016,SBP,CA,AWP,WE,Federal Contract Tower,4,25,10,0,39,0,4,102,8,114,4,29,112,8,153,86,0,86,239
02/25/2016,SBP,CA,AWP,WE,Federal Contract Tower,4,25,18,2,49,0,3,114,0,117,4,28,132,2,166,134,0,134,300
02/26/2016,SBP,CA,AWP,WE,Federal Contract Tower,3,26,18,2,49,0,5,99,0,104,3,31,117,2,153,126,0,126,279
02/27/2016,SBP,CA,AWP,WE,Federal Contract Tower,2,15,12,3,32,0,2,128,1,131,2,17,140,4,163,88,0,88,251
02/28/2016,SBP,CA,AWP,WE,Federal Contract Tower,4,17,18,0,39,0,5,150,0,155,4,22,168,0,194,78,0,78,272
02/29/2016,SBP,CA,AWP,WE,Federal Contract Tower,6,21,10,1,38,0,0,108,1,109,6,21,118,2,147,120,0,120,267
03/01/2016,SBP,CA,AWP,WE,Federal Contract Tower,4,20,8,2,34,0,1,93,0,94,4,21,101,2,128,70,0,70,198
03/02/2016,SBP,CA,AWP,WE,Federal Contract Tower,2,26,17,0,45,0,1,66,0,67,2,27,83,0,112,54,0,54,166
03/03/2016,SBP,CA,AWP,WE,Federal Contract Tower,4,21,14,0,39,0,0,95,0,95,4,21,109,0,134,112,0,112,246
03/04/2016,SBP,CA,AWP,WE,Federal Contract Tower,4,17,27,0,48,0,0,33,4,37,4,17,60,4,85,48,0,48,133
03/05/2016,SBP,CA,AWP,WE,Federal Contract Tower,0,18,15,0,33,0,0,0,0,0,0,18,15,0,33,0,0,0,33
03/06/2016,SBP,CA,AWP,WE,Federal Contract Tower,4,5,25,0,34,0,0,53,2,55,4,5,78,2,89,42,0,42,131
03/07/2016,SBP,CA,AWP,WE,Federal Contract Tower,4,19,10,0,33,0,1,2,0,3,4,20,12,0,36,0,0,0,36
03/08/2016,SBP,CA,AWP,WE,Federal Contract Tower,4,22,20,0,46,0,0,97,0,97,4,22,117,0,143,60,2,62,205
03/09/2016,SBP,CA,AWP,WE,Federal Contract Tower,4,20,12,2,38,0,5,104,1,110,4,25,116,3,148,104,0,104,252
03/10/2016,SBP,CA,AWP,WE,Federal Contract Tower,4,20,16,0,40,0,0,136,2,138,4,20,152,2,178,172,0,172,350
03/11/2016,SBP,CA,AWP,WE,Federal Contract Tower,4,20,15,0,39,0,0,3,0,3,4,20,18,0,42,0,0,0,42
03/12/2016,SBP,CA,AWP,WE,Federal Contract Tower,0,18,12,0,30,0,0,75,3,78,0,18,87,3,108,68,0,68,176
03/13/2016,SBP,CA,AWP,WE,Federal Contract Tower,4,14,24,0,42,0,0,4,0,4,4,14,28,0,46,34,0,34,80
03/14/2016,SBP,CA,AWP,WE,Federal Contract Tower,4,16,19,0,39,0,0,50,1,51,4,16,69,1,90,54,0,54,144
03/15/2016,SBP,CA,AWP,WE,Federal Contract Tower,4,20,11,1,36,0,0,79,1,80,4,20,90,2,116,16,16,32,148
03/16/2016,SBP,CA,AWP,WE,Federal Contract Tower,4,21,20,1,46,0,5,104,5,114,4,26,124,6,160,60,0,60,220
03/17/2016,SBP,CA,AWP,WE,Federal Contract Tower,3,22,25,0,50,0,4,133,0,137,3,26,158,0,187,82,0,82,269
03/18/2016,SBP,CA,AWP,WE,Federal Contract Tower,4,20,37,3,64,0,4,50,0,54,4,24,87,3,118,40,0,40,158
03/19/2016,SBP,CA,AWP,WE,Federal Contract Tower,0,18,31,1,50,0,0,62,1,63,0,18,93,2,113,30,0,30,143
03/20/2016,SBP,CA,AWP,WE,Federal Contract Tower,4,14,21,1,40,0,0,106,0,106,4,14,127,1,146,104,0,104,250
03/21/2016,SBP,CA,AWP,WE,Federal Contract Tower,4,16,42,0,62,0,0,35,0,35,4,16,77,0,97,52,0,52,149
03/22/2016,SBP,CA,AWP,WE,Federal Contract Tower,4,18,10,0,32,0,4,82,0,86,4,22,92,0,118,68,0,68,186
03/24/2016,SBP,CA,AWP,WE,Federal Contract Tower,4,19,31,0,54,0,3,96,4,103,4,22,127,4,157,52,0,52,209
03/25/2016,SBP,CA,AWP,WE,Federal Contract Tower,4,19,41,0,64,0,2,111,0,113,4,21,152,0,177,82,0,82,259
03/26/2016,SBP,CA,AWP,WE,Federal Contract Tower,0,16,13,0,29,0,0,118,2,120,0,16,131,2,149,106,0,106,255
03/27/2016,SBP,CA,AWP,WE,Federal Contract Tower,4,14,20,0,38,0,3,109,0,112,4,17,129,0,150,34,0,34,184
03/28/2016,SBP,CA,AWP,WE,Federal Contract Tower,4,20,28,0,52,0,0,25,3,28,4,20,53,3,80,34,0,34,114
03/29/2016,SBP,CA,AWP,WE,Federal Contract Tower,4,22,23,0,49,0,0,54,2,56,4,22,77,2,105,18,0,18,123
03/30/2016,SBP,CA,AWP,WE,Federal Contract Tower,4,23,12,2,41,0,0,89,0,89,4,23,101,2,130,26,0,26,156
03/31/2016,SBP,CA,AWP,WE,Federal Contract Tower,3,22,14,0,39,0,1,100,0,101,3,23,114,0,140,42,0,42,182
04/01/2016,SBP,CA,AWP,WE,Federal Contract Tower,4,18,22,0,44,0,4,106,5,115,4,22,128,5,159,108,0,108,267
04/02/2016,SBP,CA,AWP,WE,Federal Contract Tower,0,23,19,1,43,0,0,114,1,115,0,23,133,2,158,62,0,62,220
04/03/2016,SBP,CA,AWP,WE,Federal Contract Tower,2,17,34,1,54,0,0,95,0,95,2,17,129,1,149,54,0,54,203
04/04/2016,SBP,CA,AWP,WE,Federal Contract Tower,4,17,8,0,29,0,3,60,0,63,4,20,68,0,92,64,0,64,156
04/05/2016,SBP,CA,AWP,WE,Federal Contract Tower,4,21,11,0,36,1,79,1,0,81,5,100,12,0,117,64,0,64,181
04/06/2016,SBP,CA,AWP,WE,Federal Contract Tower,4,27,10,0,41,0,2,142,0,144,4,29,152,0,185,62,0,62,247
04/07/2016,SBP,CA,AWP,WE,Federal Contract Tower,4,22,21,0,47,0,1,90,0,91,4,23,111,0,138,104,0,104,242
04/08/2016,SBP,CA,AWP,WE,Federal Contract Tower,4,20,37,0,61,0,0,4,0,4,4,20,41,0,65,16,0,16,81
04/09/2016,SBP,CA,AWP,WE,Federal Contract Tower,0,16,20,0,36,0,0,39,0,39,0,16,59,0,75,80,0,80,155
04/10/2016,SBP,CA,AWP,WE,Federal Contract Tower,3,19,18,0,40,0,0,42,0,42,3,19,60,0,82,78,0,78,160
04/11/2016,SBP,CA,AWP,WE,Federal Contract Tower,2,21,20,0,43,0,3,29,0,32,2,24,49,0,75,48,0,48,123
04/12/2016,SBP,CA,AWP,WE,Federal Contract Tower,4,27,27,0,58,1,68,0,0,69,5,95,27,0,127,82,0,82,209
04/13/2016,SBP,CA,AWP,WE,Federal Contract Tower,4,21,9,0,34,0,1,96,0,97,4,22,105,0,131,34,0,34,165
04/14/2016,SBP,CA,AWP,WE,Federal Contract Tower,4,26,20,0,50,0,1,82,0,83,4,27,102,0,133,58,0,58,191
04/15/2016,SBP,CA,AWP,WE,Federal Contract Tower,4,18,13,0,35,0,2,92,0,94,4,20,105,0,129,36,0,36,165
04/16/2016,SBP,CA,AWP,WE,Federal Contract Tower,0,20,8,2,30,0,0,152,0,152,0,20,160,2,182,52,0,52,234
04/17/2016,SBP,CA,AWP,WE,Federal Contract Tower,4,21,24,0,49,0,0,150,0,150,4,21,174,0,199,102,0,102,301
04/18/2016,SBP,CA,AWP,WE,Federal Contract Tower,4,16,17,0,37,0,0,87,0,87,4,16,104,0,124,76,0,76,200
04/19/2016,SBP,CA,AWP,WE,Federal Contract Tower,4,23,17,0,44,0,5,111,4,120,4,28,128,4,164,88,0,88,252
04/20/2016,SBP,CA,AWP,WE,Federal Contract Tower,4,20,21,0,45,0,0,190,1,191,4,20,211,1,236,130,0,130,366
04/21/2016,SBP,CA,AWP,WE,Federal Contract Tower,2,24,25,0,51,0,3,89,5,97,2,27,114,5,148,94,0,94,242
04/22/2016,SBP,CA,AWP,WE,Federal Contract Tower,4,19,40,0,63,0,2,51,0,53,4,21,91,0,116,92,0,92,208
04/23/2016,SBP,CA,AWP,WE,Federal Contract Tower,0,19,5,0,24,0,9,127,0,136,0,28,132,0,160,42,0,42,202
04/24/2016,SBP,CA,AWP,WE,Federal Contract Tower,4,14,15,0,33,0,2,79,0,81,4,16,94,0,114,64,0,64,178
04/25/2016,SBP,CA,AWP,WE,Federal Contract Tower,4,17,9,0,30,0,0,85,3,88,4,17,94,3,118,4,0,4,122
04/26/2016,SBP,CA,AWP,WE,Federal Contract Tower,4,20,10,0,34,0,0,80,0,80,4,20,90,0,114,46,0,46,160
04/27/2016,SBP,CA,AWP,WE,Federal Contract Tower,4,25,16,0,45,0,3,60,0,63,4,28,76,0,108,30,0,30,138
04/28/2016,SBP,CA,AWP,WE,Federal Contract Tower,4,30,9,0,43,0,7,73,1,81,4,37,82,1,124,82,0,82,206
04/29/2016,SBP,CA,AWP,WE,Federal Contract Tower,4,23,45,0,72,0,3,87,0,90,4,26,132,0,162,50,0,50,212
04/30/2016,SBP,CA,AWP,WE,Federal Contract Tower,0,16,19,0,35,0,0,155,3,158,0,16,174,3,193,120,0,120,313
05/01/2016,SBP,CA,AWP,WE,Federal Contract Tower,2,13,11,0,26,0,0,133,0,133,2,13,144,0,159,70,0,70,229
05/02/2016,SBP,CA,AWP,WE,Federal Contract Tower,4,19,31,1,55,0,0,76,2,78,4,19,107,3,133,88,0,88,221
05/03/2016,SBP,CA,AWP,WE,Federal Contract Tower,4,28,23,0,55,0,2,90,1,93,4,30,113,1,148,136,0,136,284
05/04/2016,SBP,CA,AWP,WE,Federal Contract Tower,4,29,34,0,67,0,2,30,1,33,4,31,64,1,100,20,0,20,120
05/05/2016,SBP,CA,AWP,WE,Federal Contract Tower,3,28,37,0,68,0,0,60,1,61,3,28,97,1,129,112,0,112,241
05/06/2016,SBP,CA,AWP,WE,Federal Contract Tower,4,23,39,3,69,0,5,59,2,66,4,28,98,5,135,108,12,120,255
05/07/2016,SBP,CA,AWP,WE,Federal Contract Tower,0,26,25,0,51,0,0,61,6,67,0,26,86,6,118,62,0,62,180
05/08/2016,SBP,CA,AWP,WE,Federal Contract Tower,4,14,32,0,50,0,0,86,0,86,4,14,118,0,136,56,0,56,192
05/09/2016,SBP,CA,AWP,WE,Federal Contract Tower,4,18,29,0,51,0,1,62,0,63,4,19,91,0,114,32,0,32,146
05/10/2016,SBP,CA,AWP,WE,Federal Contract Tower,3,28,36,0,67,0,1,66,0,67,3,29,102,0,134,54,0,54,188
05/11/2016,SBP,CA,AWP,WE,Federal Contract Tower,4,25,26,0,55,0,0,51,0,51,4,25,77,0,106,0,0,0,106
05/12/2016,SBP,CA,AWP,WE,Federal Contract Tower,4,26,31,4,65,0,0,89,0,89,4,26,120,4,154,64,0,64,218
05/13/2016,SBP,CA,AWP,WE,Federal Contract Tower,3,25,45,0,73,0,2,77,4,83,3,27,122,4,156,102,44,146,302
05/14/2016,SBP,CA,AWP,WE,Federal Contract Tower,0,19,10,0,29,0,14,103,7,124,0,33,113,7,153,64,0,64,217
05/15/2016,SBP,CA,AWP,WE,Federal Contract Tower,2,15,21,0,38,0,0,61,5,66,2,15,82,5,104,28,4,32,136
05/16/2016,SBP,CA,AWP,WE,Federal Contract Tower,4,19,24,0,47,0,0,56,0,56,4,19,80,0,103,42,0,42,145
05/17/2016,SBP,CA,AWP,WE,Federal Contract Tower,4,26,24,1,55,0,2,101,1,104,4,28,125,2,159,96,0,96,255
05/18/2016,SBP,CA,AWP,WE,Federal Contract Tower,4,25,26,2,57,0,5,95,1,101,4,30,121,3,158,126,0,126,284
05/19/2016,SBP,CA,AWP,WE,Federal Contract Tower,4,28,37,2,71,0,0,67,1,68,4,28,104,3,139,134,0,134,273
05/20/2016,SBP,CA,AWP,WE,Federal Contract Tower,4,24,27,1,56,0,1,68,0,69,4,25,95,1,125,110,0,110,235
05/21/2016,SBP,CA,AWP,WE,Federal Contract Tower,0,22,12,1,35,0,2,104,1,107,0,24,116,2,142,70,0,70,212
05/22/2016,SBP,CA,AWP,WE,Federal Contract Tower,4,14,21,1,40,0,0,106,2,108,4,14,127,3,148,38,0,38,186
05/23/2016,SBP,CA,AWP,WE,Federal Contract Tower,4,21,16,1,42,0,0,91,0,91,4,21,107,1,133,74,0,74,207
05/24/2016,SBP,CA,AWP,WE,Federal Contract Tower,2,22,31,2,57,0,0,58,0,58,2,22,89,2,115,80,0,80,195
05/25/2016,SBP,CA,AWP,WE,Federal Contract Tower,5,21,34,0,60,0,5,105,2,112,5,26,139,2,172,182,2,184,356
05/26/2016,SBP,CA,AWP,WE,Federal Contract Tower,4,23,25,0,52,0,8,125,0,133,4,31,150,0,185,112,0,112,297
05/27/2016,SBP,CA,AWP,WE,Federal Contract Tower,4,25,29,1,59,0,11,111,1,123,4,36,140,2,182,78,0,78,260
05/28/2016,SBP,CA,AWP,WE,Federal Contract Tower,0,19,18,0,37,0,1,138,1,140,0,20,156,1,177,42,0,42,219
05/29/2016,SBP,CA,AWP,WE,Federal Contract Tower,3,12,29,0,44,0,0,58,0,58,3,12,87,0,102,92,0,92,194
05/30/2016,SBP,CA,AWP,WE,Federal Contract Tower,5,21,34,0,60,0,1,175,0,176,5,22,209,0,236,14,0,14,250
05/31/2016,SBP,CA,AWP,WE,Federal Contract Tower,4,17,25,0,46,0,0,86,0,86,4,17,111,0,132,102,0,102,234
06/01/2016,SBP,CA,AWP,WE,Federal Contract Tower,3,29,20,0,52,0,1,79,0,80,3,30,99,0,132,118,0,118,250
06/02/2016,SBP,CA,AWP,WE,Federal Contract Tower,4,27,19,0,50,0,0,107,1,108,4,27,126,1,158,98,0,98,256
06/03/2016,SBP,CA,AWP,WE,Federal Contract Tower,4,19,9,2,34,0,4,127,0,131,4,23,136,2,165,110,0,110,275
06/04/2016,SBP,CA,AWP,WE,Federal Contract Tower,0,20,9,0,29,0,0,86,0,86,0,20,95,0,115,104,0,104,219
06/05/2016,SBP,CA,AWP,WE,Federal Contract Tower,2,18,24,0,44,0,1,109,0,110,2,19,133,0,154,88,0,88,242
06/06/2016,SBP,CA,AWP,WE,Federal Contract Tower,4,17,15,0,36,0,0,65,0,65,4,17,80,0,101,52,0,52,153
06/07/2016,SBP,CA,AWP,WE,Federal Contract Tower,2,23,33,1,59,0,2,85,2,89,2,25,118,3,148,74,0,74,222
06/08/2016,SBP,CA,AWP,WE,Federal Contract Tower,4,26,27,2,59,0,63,0,0,63,4,89,27,2,122,88,0,88,210
06/09/2016,SBP,CA,AWP,WE,Federal Contract Tower,4,21,26,0,51,0,85,0,0,85,4,106,26,0,136,100,0,100,236
06/10/2016,SBP,CA,AWP,WE,Federal Contract Tower,4,26,29,1,60,0,19,86,0,105,4,45,115,1,165,92,0,92,257
06/11/2016,SBP,CA,AWP,WE,Federal Contract Tower,0,24,30,0,54,0,0,40,3,43,0,24,70,3,97,50,0,50,147
06/12/2016,SBP,CA,AWP,WE,Federal Contract Tower,3,20,39,0,62,0,0,83,1,84,3,20,122,1,146,102,0,102,248
06/13/2016,SBP,CA,AWP,WE,Federal Contract Tower,4,20,24,0,48,0,0,0,0,0,4,20,24,0,48,116,0,116,164
06/14/2016,SBP,CA,AWP,WE,Federal Contract Tower,4,21,15,0,40,0,0,89,2,91,4,21,104,2,131,96,0,96,227
06/15/2016,SBP,CA,AWP,WE,Federal Contract Tower,4,19,17,0,40,0,4,64,2,70,4,23,81,2,110,66,0,66,176
06/16/2016,SBP,CA,AWP,WE,Federal Contract Tower,4,22,9,0,35,0,1,127,0,128,4,23,136,0,163,128,0,128,291
06/17/2016,SBP,CA,AWP,WE,Federal Contract Tower,4,21,24,0,49,0,7,128,0,135,4,28,152,0,184,110,0,110,294
06/18/2016,SBP,CA,AWP,WE,Federal Contract Tower,0,22,10,1,33,0,0,108,0,108,0,22,118,1,141,72,0,72,213
06/19/2016,SBP,CA,AWP,WE,Federal Contract Tower,2,19,11,0,32,0,1,118,2,121,2,20,129,2,153,72,10,82,235
06/20/2016,SBP,CA,AWP,WE,Federal Contract Tower,4,17,6,2,29,0,2,98,0,100,4,19,104,2,129,52,0,52,181
06/21/2016,SBP,CA,AWP,WE,Federal Contract Tower,4,20,8,2,34,0,5,86,0,91,4,25,94,2,125,104,0,104,229
06/22/2016,SBP,CA,AWP,WE,Federal Contract Tower,4,19,23,4,50,0,6,113,5,124,4,25,136,9,174,66,4,70,244
06/23/2016,SBP,CA,AWP,WE,Federal Contract Tower,4,23,21,2,50,0,3,105,0,108,4,26,126,2,158,86,0,86,244
06/24/2016,SBP,CA,AWP,WE,Federal Contract Tower,4,21,22,0,47,0,10,118,2,130,4,31,140,2,177,124,0,124,301
06/25/2016,SBP,CA,AWP,WE,Federal Contract Tower,0,19,12,0,31,0,4,96,0,100,0,23,108,0,131,50,0,50,181
06/26/2016,SBP,CA,AWP,WE,Federal Contract Tower,4,14,21,1,40,0,8,113,19,140,4,22,134,20,180,70,0,70,250
06/27/2016,SBP,CA,AWP,WE,Federal Contract Tower,4,17,11,0,32,0,1,101,80,182,4,18,112,80,214,64,0,64,278
06/28/2016,SBP,CA,AWP,WE,Federal Contract Tower,4,27,23,5,59,0,3,112,88,203,4,30,135,93,262,102,4,106,368
06/29/2016,SBP,CA,AWP,WE,Federal Contract Tower,4,26,16,0,46,0,32,97,3,132,4,58,113,3,178,62,0,62,240
06/30/2016,SBP,CA,AWP,WE,Federal Contract Tower,4,22,24,1,51,0,0,104,0,104,4,22,128,1,155,84,0,84,239
07/01/2016,SBP,CA,AWP,WE,Federal Contract Tower,4,21,28,0,53,0,2,134,0,136,4,23,162,0,189,56,0,56,245
07/02/2016,SBP,CA,AWP,WE,Federal Contract Tower,0,16,27,0,43,0,0,103,0,103,0,16,130,0,146,124,0,124,270
07/03/2016,SBP,CA,AWP,WE,Federal Contract Tower,4,14,15,0,33,0,0,76,0,76,4,14,91,0,109,48,0,48,157
07/04/2016,SBP,CA,AWP,WE,Federal Contract Tower,4,12,10,0,26,0,0,103,2,105,4,12,113,2,131,52,0,52,183
07/05/2016,SBP,CA,AWP,WE,Federal Contract Tower,6,18,39,0,63,0,0,120,0,120,6,18,159,0,183,34,0,34,217
07/06/2016,SBP,CA,AWP,WE,Federal Contract Tower,4,19,20,0,43,0,3,116,0,119,4,22,136,0,162,62,0,62,224
07/07/2016,SBP,CA,AWP,WE,Federal Contract Tower,4,22,26,0,52,0,0,111,1,112,4,22,137,1,164,118,0,118,282
07/08/2016,SBP,CA,AWP,WE,Federal Contract Tower,3,19,21,0,43,0,1,120,0,121,3,20,141,0,164,36,0,36,200
07/09/2016,SBP,CA,AWP,WE,Federal Contract Tower,0,19,14,1,34,0,3,137,0,140,0,22,151,1,174,40,0,40,214
07/10/2016,SBP,CA,AWP,WE,Federal Contract Tower,4,13,20,0,37,0,0,129,0,129,4,13,149,0,166,10,0,10,176
07/11/2016,SBP,CA,AWP,WE,Federal Contract Tower,4,17,15,2,38,0,2,104,4,110,4,19,119,6,148,12,0,12,160
07/12/2016,SBP,CA,AWP,WE,Federal Contract Tower,4,27,23,3,57,0,5,82,4,91,4,32,105,7,148,14,6,20,168
07/13/2016,SBP,CA,AWP,WE,Federal Contract Tower,4,26,19,0,49,0,5,113,2,120,4,31,132,2,169,64,0,64,233
07/14/2016,SBP,CA,AWP,WE,Federal Contract Tower,4,20,24,1,49,0,0,127,4,131,4,20,151,5,180,148,0,148,328
07/15/2016,SBP,CA,AWP,WE,Federal Contract Tower,4,19,19,1,43,0,1,100,0,101,4,20,119,1,144,32,2,34,178
07/16/2016,SBP,CA,AWP,WE,Federal Contract Tower,0,17,20,0,37,0,3,111,0,114,0,20,131,0,151,54,0,54,205
07/17/2016,SBP,CA,AWP,WE,Federal Contract Tower,4,12,31,0,47,0,2,133,0,135,4,14,164,0,182,80,0,80,262
07/18/2016,SBP,CA,AWP,WE,Federal Contract Tower,4,13,27,0,44,0,4,102,2,108,4,17,129,2,152,68,0,68,220
07/19/2016,SBP,CA,AWP,WE,Federal Contract Tower,4,21,30,4,59,0,0,108,6,114,4,21,138,10,173,34,0,34,207
07/20/2016,SBP,CA,AWP,WE,Federal Contract Tower,5,17,9,1,32,0,5,127,0,132,5,22,136,1,164,116,0,116,280
07/21/2016,SBP,CA,AWP,WE,Federal Contract Tower,5,21,18,0,44,0,5,117,3,125,5,26,135,3,169,62,0,62,231
07/22/2016,SBP,CA,AWP,WE,Federal Contract Tower,4,15,27,2,48,0,2,137,2,141,4,17,164,4,189,76,0,76,265
07/23/2016,SBP,CA,AWP,WE,Federal Contract Tower,0,16,11,0,27,0,1,90,3,94,0,17,101,3,121,40,0,40,161
07/24/2016,SBP,CA,AWP,WE,Federal Contract Tower,4,15,22,0,41,0,0,115,3,118,4,15,137,3,159,50,0,50,209
07/25/2016,SBP,CA,AWP,WE,Federal Contract Tower,4,16,13,0,33,0,3,101,1,105,4,19,114,1,138,46,0,46,184
07/26/2016,SBP,CA,AWP,WE,Federal Contract Tower,4,19,24,2,49,0,6,109,1,116,4,25,133,3,165,26,0,26,191
07/27/2016,SBP,CA,AWP,WE,Federal Contract Tower,4,16,25,0,45,0,1,147,3,151,4,17,172,3,196,28,0,28,224
07/28/2016,SBP,CA,AWP,WE,Federal Contract Tower,4,20,31,2,57,0,1,119,1,121,4,21,150,3,178,144,0,144,322
07/29/2016,SBP,CA,AWP,WE,Federal Contract Tower,4,18,16,0,38,0,4,115,0,119,4,22,131,0,157,72,0,72,229
07/30/2016,SBP,CA,AWP,WE,Federal Contract Tower,0,20,17,0,37,0,4,81,1,86,0,24,98,1,123,32,0,32,155
07/31/2016,SBP,CA,AWP,WE,Federal Contract Tower,4,12,13,0,29,0,4,117,1,122,4,16,130,1,151,90,0,90,241
08/01/2016,SBP,CA,AWP,WE,Federal Contract Tower,3,16,26,1,46,0,1,78,0,79,3,17,104,1,125,48,0,48,173
08/02/2016,SBP,CA,AWP,WE,Federal Contract Tower,4,21,22,1,48,0,1,80,0,81,4,22,102,1,129,58,0,58,187
08/03/2016,SBP,CA,AWP,WE,Federal Contract Tower,4,25,25,0,54,0,0,105,0,105,4,25,130,0,159,84,0,84,243
08/04/2016,SBP,CA,AWP,WE,Federal Contract Tower,4,24,39,0,67,0,2,58,0,60,4,26,97,0,127,22,0,22,149
08/05/2016,SBP,CA,AWP,WE,Federal Contract Tower,3,19,26,0,48,0,1,90,0,91,3,20,116,0,139,28,0,28,167
08/06/2016,SBP,CA,AWP,WE,Federal Contract Tower,0,18,18,1,37,0,0,80,2,82,0,18,98,3,119,62,2,64,183
08/07/2016,SBP,CA,AWP,WE,Federal Contract Tower,4,13,22,2,41,0,0,119,0,119,4,13,141,2,160,40,0,40,200
08/08/2016,SBP,CA,AWP,WE,Federal Contract Tower,4,18,31,1,54,0,0,39,0,39,4,18,70,1,93,40,0,40,133
08/09/2016,SBP,CA,AWP,WE,Federal Contract Tower,4,24,33,2,63,0,0,42,2,44,4,24,75,4,107,18,0,18,125
08/10/2016,SBP,CA,AWP,WE,Federal Contract Tower,2,22,27,1,52,0,2,69,5,76,2,24,96,6,128,76,0,76,204
08/11/2016,SBP,CA,AWP,WE,Federal Contract Tower,5,25,20,0,50,0,1,87,2,90,5,26,107,2,140,74,0,74,214
08/12/2016,SBP,CA,AWP,WE,Federal Contract Tower,8,18,35,1,62,0,6,118,3,127,8,24,153,4,189,110,8,118,307
08/13/2016,SBP,CA,AWP,WE,Federal Contract Tower,0,22,19,2,43,0,0,122,4,126,0,22,141,6,169,64,0,64,233
08/14/2016,SBP,CA,AWP,WE,Federal Contract Tower,7,18,14,2,41,0,0,92,0,92,7,18,106,2,133,38,0,38,171
08/15/2016,SBP,CA,AWP,WE,Federal Contract Tower,4,15,28,0,47,0,0,85,0,85,4,15,113,0,132,58,0,58,190
08/16/2016,SBP,CA,AWP,WE,Federal Contract Tower,2,19,31,0,52,0,0,92,2,94,2,19,123,2,146,52,0,52,198
08/17/2016,SBP,CA,AWP,WE,Federal Contract Tower,4,16,29,4,53,0,1,112,8,121,4,17,141,12,174,140,0,140,314
08/18/2016,SBP,CA,AWP,WE,Federal Contract Tower,2,19,12,1,34,0,0,70,1,71,2,19,82,2,105,62,0,62,167
08/19/2016,SBP,CA,AWP,WE,Federal Contract Tower,4,21,24,3,52,0,2,109,4,115,4,23,133,7,167,100,0,100,267
08/20/2016,SBP,CA,AWP,WE,Federal Contract Tower,0,21,16,2,39,0,1,113,5,119,0,22,129,7,158,92,0,92,250
08/21/2016,SBP,CA,AWP,WE,Federal Contract Tower,4,11,13,1,29,0,0,120,0,120,4,11,133,1,149,50,2,52,201
08/22/2016,SBP,CA,AWP,WE,Federal Contract Tower,4,20,27,0,51,0,0,88,0,88,4,20,115,0,139,90,0,90,229
08/23/2016,SBP,CA,AWP,WE,Federal Contract Tower,2,18,19,0,39,0,1,71,1,73,2,19,90,1,112,66,0,66,178
08/24/2016,SBP,CA,AWP,WE,Federal Contract Tower,4,19,27,0,50,0,2,40,0,42,4,21,67,0,92,88,0,88,180
08/25/2016,SBP,CA,AWP,WE,Federal Contract Tower,3,22,44,2,71,0,0,66,0,66,3,22,110,2,137,74,0,74,211
08/26/2016,SBP,CA,AWP,WE,Federal Contract Tower,10,24,47,2,83,0,1,90,0,91,10,25,137,2,174,62,0,62,236
08/27/2016,SBP,CA,AWP,WE,Federal Contract Tower,2,13,18,0,33,0,3,102,0,105,2,16,120,0,138,80,0,80,218
08/28/2016,SBP,CA,AWP,WE,Federal Contract Tower,2,13,13,0,28,0,0,139,0,139,2,13,152,0,167,32,0,32,199
08/29/2016,SBP,CA,AWP,WE,Federal Contract Tower,4,15,11,2,32,0,0,87,0,87,4,15,98,2,119,130,0,130,249
08/30/2016,SBP,CA,AWP,WE,Federal Contract Tower,2,18,24,2,46,0,0,103,1,104,2,18,127,3,150,24,0,24,174
08/31/2016,SBP,CA,AWP,WE,Federal Contract Tower,4,20,18,0,42,0,1,72,0,73,4,21,90,0,115,66,0,66,181
09/01/2016,SBP,CA,AWP,WE,Federal Contract Tower,4,19,32,2,57,0,0,84,2,86,4,19,116,4,143,68,0,68,211
09/02/2016,SBP,CA,AWP,WE,Federal Contract Tower,5,19,24,0,48,0,2,107,0,109,5,21,131,0,157,44,0,44,201
09/03/2016,SBP,CA,AWP,WE,Federal Contract Tower,2,14,37,0,53,0,0,40,0,40,2,14,77,0,93,54,0,54,147
09/04/2016,SBP,CA,AWP,WE,Federal Contract Tower,4,11,16,0,31,0,2,88,0,90,4,13,104,0,121,26,0,26,147
09/05/2016,SBP,CA,AWP,WE,Federal Contract Tower,4,19,23,0,46,0,0,157,0,157,4,19,180,0,203,88,0,88,291
09/06/2016,SBP,CA,AWP,WE,Federal Contract Tower,2,16,28,1,47,0,0,133,0,133,2,16,161,1,180,98,0,98,278
09/07/2016,SBP,CA,AWP,WE,Federal Contract Tower,4,32,20,0,56,0,4,85,0,89,4,36,105,0,145,54,0,54,199
09/08/2016,SBP,CA,AWP,WE,Federal Contract Tower,4,26,26,0,56,0,0,51,0,51,4,26,77,0,107,35,0,35,142
09/09/2016,SBP,CA,AWP,WE,Federal Contract Tower,5,20,23,0,48,0,1,113,1,115,5,21,136,1,163,56,0,56,219
09/10/2016,SBP,CA,AWP,WE,Federal Contract Tower,2,18,18,5,43,0,4,68,1,73,2,22,86,6,116,20,0,20,136
09/11/2016,SBP,CA,AWP,WE,Federal Contract Tower,4,16,21,2,43,0,0,98,4,102,4,16,119,6,145,24,0,24,169
09/12/2016,SBP,CA,AWP,WE,Federal Contract Tower,4,18,28,0,50,0,0,43,0,43,4,18,71,0,93,34,0,34,127
09/13/2016,SBP,CA,AWP,WE,Federal Contract Tower,2,22,14,2,40,0,1,61,0,62,2,23,75,2,102,38,0,38,140
09/14/2016,SBP,CA,AWP,WE,Federal Contract Tower,4,26,12,2,44,0,1,93,1,95,4,27,105,3,139,62,0,62,201
09/15/2016,SBP,CA,AWP,WE,Federal Contract Tower,3,20,20,0,43,0,0,90,2,92,3,20,110,2,135,44,0,44,179
09/16/2016,SBP,CA,AWP,WE,Federal Contract Tower,4,24,28,4,60,0,5,81,2,88,4,29,109,6,148,40,0,40,188
09/17/2016,SBP,CA,AWP,WE,Federal Contract Tower,2,16,13,0,31,0,9,117,0,126,2,25,130,0,157,50,0,50,207
09/18/2016,SBP,CA,AWP,WE,Federal Contract Tower,4,20,19,0,43,0,0,135,0,135,4,20,154,0,178,30,2,32,210
09/19/2016,SBP,CA,AWP,WE,Federal Contract Tower,3,21,18,0,42,0,0,83,0,83,3,21,101,0,125,58,0,58,183
09/20/2016,SBP,CA,AWP,WE,Federal Contract Tower,2,22,18,0,42,0,0,78,2,80,2,22,96,2,122,58,0,58,180
09/21/2016,SBP,CA,AWP,WE,Federal Contract Tower,5,24,24,2,55,0,0,76,2,78,5,24,100,4,133,62,0,62,195
09/22/2016,SBP,CA,AWP,WE,Federal Contract Tower,3,24,18,0,45,0,1,60,0,61,3,25,78,0,106,44,0,44,150
09/23/2016,SBP,CA,AWP,WE,Federal Contract Tower,3,23,17,0,43,0,0,116,2,118,3,23,133,2,161,86,0,86,247
09/24/2016,SBP,CA,AWP,WE,Federal Contract Tower,0,20,9,0,29,0,1,99,0,100,0,21,108,0,129,34,0,34,163
09/25/2016,SBP,CA,AWP,WE,Federal Contract Tower,1,21,14,0,36,0,3,112,0,115,1,24,126,0,151,72,0,72,223
09/26/2016,SBP,CA,AWP,WE,Federal Contract Tower,0,27,12,0,39,0,68,0,2,70,0,95,12,2,109,66,0,66,175
09/27/2016,SBP,CA,AWP,WE,Federal Contract Tower,2,29,13,0,44,0,0,86,0,86,2,29,99,0,130,38,0,38,168
09/28/2016,SBP,CA,AWP,WE,Federal Contract Tower,4,30,15,2,51,0,4,86,0,90,4,34,101,2,141,76,2,78,219
09/29/2016,SBP,CA,AWP,WE,Federal Contract Tower,4,22,24,0,50,0,3,94,0,97,4,25,118,0,147,130,0,130,277
09/30/2016,SBP,CA,AWP,WE,Federal Contract Tower,3,33,35,0,71,0,0,101,2,103,3,33,136,2,174,32,0,32,206
10/01/2016,SBP,CA,AWP,WE,Federal Contract Tower,1,17,9,0,27,0,0,93,0,93,1,17,102,0,120,66,0,66,186
10/02/2016,SBP,CA,AWP,WE,Federal Contract Tower,4,17,23,0,44,0,0,111,0,111,4,17,134,0,155,118,0,118,273
10/03/2016,SBP,CA,AWP,WE,Federal Contract Tower,3,18,19,1,41,0,0,60,4,64,3,18,79,5,105,52,2,54,159
10/04/2016,SBP,CA,AWP,WE,Federal Contract Tower,2,25,11,1,39,0,0,106,1,107,2,25,117,2,146,90,0,90,236
10/05/2016,SBP,CA,AWP,WE,Federal Contract Tower,4,26,13,4,47,0,1,88,4,93,4,27,101,8,140,80,0,80,220
10/06/2016,SBP,CA,AWP,WE,Federal Contract Tower,3,29,16,0,48,0,1,91,0,92,3,30,107,0,140,34,0,34,174
10/07/2016,SBP,CA,AWP,WE,Federal Contract Tower,4,25,19,0,48,0,6,136,0,142,4,31,155,0,190,148,0,148,338
10/08/2016,SBP,CA,AWP,WE,Federal Contract Tower,3,22,13,0,38,0,1,143,0,144,3,23,156,0,182,146,0,146,328
10/09/2016,SBP,CA,AWP,WE,Federal Contract Tower,4,13,12,0,29,0,0,125,0,125,4,13,137,0,154,122,0,122,276
10/10/2016,SBP,CA,AWP,WE,Federal Contract Tower,4,21,16,0,41,0,0,89,0,89,4,21,105,0,130,178,0,178,308
10/11/2016,SBP,CA,AWP,WE,Federal Contract Tower,4,21,27,2,54,0,5,63,8,76,4,26,90,10,130,154,0,154,284
10/12/2016,SBP,CA,AWP,WE,Federal Contract Tower,4,23,10,0,37,0,3,92,0,95,4,26,102,0,132,50,0,50,182
10/13/2016,SBP,CA,AWP,WE,Federal Contract Tower,4,22,32,0,58,0,0,83,0,83,4,22,115,0,141,26,0,26,167
10/14/2016,SBP,CA,AWP,WE,Federal Contract Tower,4,19,25,0,48,0,0,48,0,48,4,19,73,0,96,54,0,54,150
10/15/2016,SBP,CA,AWP,WE,Federal Contract Tower,5,23,13,0,41,0,0,0,0,0,5,23,13,0,41,0,0,0,41
10/16/2016,SBP,CA,AWP,WE,Federal Contract Tower,4,13,32,0,49,0,0,0,0,0,4,13,32,0,49,0,0,0,49
10/17/2016,SBP,CA,AWP,WE,Federal Contract Tower,3,20,19,0,42,0,0,71,0,71,3,20,90,0,113,20,0,20,133
10/18/2016,SBP,CA,AWP,WE,Federal Contract Tower,4,22,13,2,41,0,0,67,0,67,4,22,80,2,108,42,0,42,150
10/19/2016,SBP,CA,AWP,WE,Federal Contract Tower,4,23,16,0,43,0,2,72,2,76,4,25,88,2,119,20,0,20,139
10/20/2016,SBP,CA,AWP,WE,Federal Contract Tower,8,21,29,0,58,0,0,81,0,81,8,21,110,0,139,26,0,26,165
10/21/2016,SBP,CA,AWP,WE,Federal Contract Tower,5,21,25,0,51,0,5,128,4,137,5,26,153,4,188,94,0,94,282
10/22/2016,SBP,CA,AWP,WE,Federal Contract Tower,4,20,14,0,38,0,0,208,0,208,4,20,222,0,246,74,0,74,320
10/23/2016,SBP,CA,AWP,WE,Federal Contract Tower,3,18,42,0,63,0,0,87,0,87,3,18,129,0,150,32,0,32,182
10/24/2016,SBP,CA,AWP,WE,Federal Contract Tower,3,15,17,0,35,0,0,55,0,55,3,15,72,0,90,86,0,86,176
10/25/2016,SBP,CA,AWP,WE,Federal Contract Tower,4,23,15,0,42,0,0,88,0,88,4,23,103,0,130,98,0,98,228
10/26/2016,SBP,CA,AWP,WE,Federal Contract Tower,4,22,21,0,47,0,0,115,0,115,4,22,136,0,162,72,0,72,234
10/27/2016,SBP,CA,AWP,WE,Federal Contract Tower,4,22,26,1,53,0,0,67,0,67,4,22,93,1,120,104,0,104,224
10/28/2016,SBP,CA,AWP,WE,Federal Contract Tower,4,26,23,0,53,0,0,6,0,6,4,26,29,0,59,0,0,0,59
10/29/2016,SBP,CA,AWP,WE,Federal Contract Tower,6,15,19,0,40,0,0,64,0,64,6,15,83,0,104,100,0,100,204
10/30/2016,SBP,CA,AWP,WE,Federal Contract Tower,4,13,18,0,35,0,0,5,0,5,4,13,23,0,40,0,0,0,40
10/31/2016,SBP,CA,AWP,WE,Federal Contract Tower,4,19,18,0,41,0,0,71,0,71,4,19,89,0,112,46,0,46,158
11/01/2016,SBP,CA,AWP,WE,Federal Contract Tower,8,17,14,0,39,0,0,62,0,62,8,17,76,0,101,64,0,64,165
11/02/2016,SBP,CA,AWP,WE,Federal Contract Tower,4,22,22,0,48,0,0,98,0,98,4,22,120,0,146,6,0,6,152
11/03/2016,SBP,CA,AWP,WE,Federal Contract Tower,6,21,22,0,49,0,0,128,0,128,6,21,150,0,177,44,16,60,237
11/04/2016,SBP,CA,AWP,WE,Federal Contract Tower,4,21,25,0,50,0,1,114,0,115,4,22,139,0,165,56,0,56,221
11/05/2016,SBP,CA,AWP,WE,Federal Contract Tower,6,17,11,1,35,0,0,124,0,124,6,17,135,1,159,40,0,40,199
11/06/2016,SBP,CA,AWP,WE,Federal Contract Tower,4,16,25,0,45,0,0,136,0,136,4,16,161,0,181,76,0,76,257
11/07/2016,SBP,CA,AWP,WE,Federal Contract Tower,3,24,12,0,39,0,0,101,2,103,3,24,113,2,142,108,0,108,250
11/08/2016,SBP,CA,AWP,WE,Federal Contract Tower,7,18,11,0,36,0,2,97,1,100,7,20,108,1,136,32,0,32,168
11/09/2016,SBP,CA,AWP,WE,Federal Contract Tower,7,27,7,1,42,0,2,116,0,118,7,29,123,1,160,24,0,24,184
11/10/2016,SBP,CA,AWP,WE,Federal Contract Tower,4,25,31,0,60,0,1,97,0,98,4,26,128,0,158,48,0,48,206
11/11/2016,SBP,CA,AWP,WE,Federal Contract Tower,10,17,24,0,51,0,1,149,1,151,10,18,173,1,202,38,0,38,240
11/12/2016,SBP,CA,AWP,WE,Federal Contract Tower,4,19,12,0,35,0,1,132,0,133,4,20,144,0,168,96,0,96,264
11/13/2016,SBP,CA,AWP,WE,Federal Contract Tower,4,18,21,0,43,0,0,158,0,158,4,18,179,0,201,116,0,116,317
11/14/2016,SBP,CA,AWP,WE,Federal Contract Tower,7,16,22,2,47,0,1,67,1,69,7,17,89,3,116,54,0,54,170
11/15/2016,SBP,CA,AWP,WE,Federal Contract Tower,5,23,26,5,59,0,0,63,0,63,5,23,89,5,122,58,0,58,180
11/16/2016,SBP,CA,AWP,WE,Federal Contract Tower,4,24,18,0,46,0,0,77,0,77,4,24,95,0,123,28,0,28,151
11/17/2016,SBP,CA,AWP,WE,Federal Contract Tower,8,25,21,0,54,0,0,73,0,73,8,25,94,0,127,58,0,58,185
11/18/2016,SBP,CA,AWP,WE,Federal Contract Tower,9,22,15,0,46,0,0,119,4,123,9,22,134,4,169,78,0,78,247
11/19/2016,SBP,CA,AWP,WE,Federal Contract Tower,2,23,21,0,46,0,0,85,2,87,2,23,106,2,133,64,0,64,197
11/20/2016,SBP,CA,AWP,WE,Federal Contract Tower,2,22,32,0,56,0,0,14,0,14,2,22,46,0,70,0,0,0,70
11/21/2016,SBP,CA,AWP,WE,Federal Contract Tower,11,15,29,0,55,0,0,72,2,74,11,15,101,2,129,72,0,72,201
11/22/2016,SBP,CA,AWP,WE,Federal Contract Tower,8,22,25,2,57,0,1,90,0,91,8,23,115,2,148,42,0,42,190
11/23/2016,SBP,CA,AWP,WE,Federal Contract Tower,9,20,22,1,52,1,0,85,0,86,10,20,107,1,138,78,0,78,216
11/24/2016,SBP,CA,AWP,WE,Federal Contract Tower,2,8,8,0,18,0,4,43,0,47,2,12,51,0,65,14,0,14,79
11/25/2016,SBP,CA,AWP,WE,Federal Contract Tower,3,21,12,0,36,0,0,116,0,116,3,21,128,0,152,32,0,32,184
11/26/2016,SBP,CA,AWP,WE,Federal Contract Tower,8,14,16,0,38,0,0,2,0,2,8,14,18,0,40,0,0,0,40
11/27/2016,SBP,CA,AWP,WE,Federal Contract Tower,2,22,32,0,56,0,2,44,0,46,2,24,76,0,102,0,0,0,102
11/28/2016,SBP,CA,AWP,WE,Federal Contract Tower,6,22,27,2,57,0,0,42,0,42,6,22,69,2,99,42,0,42,141
11/29/2016,SBP,CA,AWP,WE,Federal Contract Tower,10,24,18,0,52,0,0,114,2,116,10,24,132,2,168,66,0,66,234
11/30/2016,SBP,CA,AWP,WE,Federal Contract Tower,4,29,15,2,50,0,2,115,0,117,4,31,130,2,167,115,0,115,282
12/01/2016,SBP,CA,AWP,WE,Federal Contract Tower,7,21,18,0,46,0,0,89,2,91,7,21,107,2,137,38,0,38,175
12/02/2016,SBP,CA,AWP,WE,Federal Contract Tower,5,26,13,0,44,0,1,114,0,115,5,27,127,0,159,18,0,18,177
12/03/2016,SBP,CA,AWP,WE,Federal Contract Tower,3,19,8,0,30,0,0,135,0,135,3,19,143,0,165,60,0,60,225
12/04/2016,SBP,CA,AWP,WE,Federal Contract Tower,3,18,10,0,31,0,2,121,0,123,3,20,131,0,154,50,0,50,204
12/05/2016,SBP,CA,AWP,WE,Federal Contract Tower,3,22,12,0,37,0,0,88,0,88,3,22,100,0,125,22,0,22,147
12/06/2016,SBP,CA,AWP,WE,Federal Contract Tower,8,20,23,0,51,0,0,68,0,68,8,20,91,0,119,98,0,98,217
12/07/2016,SBP,CA,AWP,WE,Federal Contract Tower,7,26,23,0,56,0,0,74,4,78,7,26,97,4,134,40,0,40,174
12/08/2016,SBP,CA,AWP,WE,Federal Contract Tower,3,25,30,0,58,0,0,0,0,0,3,25,30,0,58,0,0,0,58
12/09/2016,SBP,CA,AWP,WE,Federal Contract Tower,3,24,43,2,72,0,2,28,0,30,3,26,71,2,102,100,0,100,202
12/10/2016,SBP,CA,AWP,WE,Federal Contract Tower,1,20,21,0,42,0,0,0,0,0,1,20,21,0,42,0,0,0,42
12/11/2016,SBP,CA,AWP,WE,Federal Contract Tower,4,13,29,0,46,0,0,56,0,56,4,13,85,0,102,42,0,42,144
12/12/2016,SBP,CA,AWP,WE,Federal Contract Tower,5,23,36,1,65,0,0,34,1,35,5,23,70,2,100,40,0,40,140
12/13/2016,SBP,CA,AWP,WE,Federal Contract Tower,8,20,28,0,56,0,0,65,0,65,8,20,93,0,121,112,0,112,233
12/14/2016,SBP,CA,AWP,WE,Federal Contract Tower,7,16,28,2,53,0,2,68,0,70,7,18,96,2,123,78,0,78,201
12/15/2016,SBP,CA,AWP,WE,Federal Contract Tower,2,31,25,2,60,0,0,1,0,1,2,31,26,2,61,0,0,0,61
12/16/2016,SBP,CA,AWP,WE,Federal Contract Tower,4,28,38,2,72,0,0,53,1,54,4,28,91,3,126,22,0,22,148
12/17/2016,SBP,CA,AWP,WE,Federal Contract Tower,5,15,19,0,39,1,1,122,3,127,6,16,141,3,166,68,0,68,234
12/18/2016,SBP,CA,AWP,WE,Federal Contract Tower,6,9,23,0,38,0,0,97,0,97,6,9,120,0,135,18,0,18,153
12/19/2016,SBP,CA,AWP,WE,Federal Contract Tower,6,15,20,0,41,0,0,81,0,81,6,15,101,0,122,30,0,30,152
12/20/2016,SBP,CA,AWP,WE,Federal Contract Tower,7,16,13,0,36,0,0,116,0,116,7,16,129,0,152,48,0,48,200
12/21/2016,SBP,CA,AWP,WE,Federal Contract Tower,5,16,23,0,44,0,0,89,0,89,5,16,112,0,133,64,0,64,197
12/22/2016,SBP,CA,AWP,WE,Federal Contract Tower,4,23,25,0,52,0,1,99,0,100,4,24,124,0,152,36,0,36,188
12/23/2016,SBP,CA,AWP,WE,Federal Contract Tower,4,21,20,0,45,0,0,1,0,1,4,21,21,0,46,0,0,0,46
12/24/2016,SBP,CA,AWP,WE,Federal Contract Tower,8,15,9,0,32,0,0,49,3,52,8,15,58,3,84,18,0,18,102
12/25/2016,SBP,CA,AWP,WE,Federal Contract Tower,5,8,1,0,14,0,0,38,0,38,5,8,39,0,52,10,0,10,62
12/26/2016,SBP,CA,AWP,WE,Federal Contract Tower,9,7,23,0,39,0,0,81,0,81,9,7,104,0,120,4,0,4,124
12/27/2016,SBP,CA,AWP,WE,Federal Contract Tower,6,16,9,0,31,0,0,92,0,92,6,16,101,0,123,54,0,54,177
12/28/2016,SBP,CA,AWP,WE,Federal Contract Tower,5,20,13,1,39,0,2,106,0,108,5,22,119,1,147,62,0,62,209
12/29/2016,SBP,CA,AWP,WE,Federal Contract Tower,5,23,18,0,46,0,1,141,0,142,5,24,159,0,188,112,0,112,300
12/30/2016,SBP,CA,AWP,WE,Federal Contract Tower,4,22,19,0,45,0,1,30,0,31,4,23,49,0,76,18,0,18,94
12/31/2016,SBP,CA,AWP,WE,Federal Contract Tower,7,10,9,0,26,0,0,42,0,42,7,10,51,0,68,22,0,22,90
01/01/2017,SBP,CA,AWP,WE,Federal Contract Tower,9,8,24,0,41,0,0,37,0,37,9,8,61,0,78,0,0,0,78
01/02/2017,SBP,CA,AWP,WE,Federal Contract Tower,6,8,28,0,42,0,0,55,0,55,6,8,83,0,97,76,0,76,173
01/03/2017,SBP,CA,AWP,WE,Federal Contract Tower,5,16,31,0,52,0,0,39,0,39,5,16,70,0,91,72,0,72,163
01/04/2017,SBP,CA,AWP,WE,Federal Contract Tower,6,24,13,4,47,0,0,0,0,0,6,24,13,4,47,0,0,0,47
01/05/2017,SBP,CA,AWP,WE,Federal Contract Tower,5,21,20,0,46,0,0,14,0,14,5,21,34,0,60,32,0,32,92
01/06/2017,SBP,CA,AWP,WE,Federal Contract Tower,4,21,20,0,45,0,0,140,2,142,4,21,160,2,187,124,0,124,311
01/07/2017,SBP,CA,AWP,WE,Federal Contract Tower,7,10,12,1,30,0,0,2,0,2,7,10,14,1,32,2,0,2,34
01/08/2017,SBP,CA,AWP,WE,Federal Contract Tower,5,14,9,0,28,0,0,13,0,13,5,14,22,0,41,0,0,0,41
01/09/2017,SBP,CA,AWP,WE,Federal Contract Tower,3,14,20,0,37,0,0,2,0,2,3,14,22,0,39,12,0,12,51
01/10/2017,SBP,CA,AWP,WE,Federal Contract Tower,4,19,25,0,48,0,0,0,0,0,4,19,25,0,48,0,0,0,48
01/11/2017,SBP,CA,AWP,WE,Federal Contract Tower,4,21,28,3,56,0,0,12,0,12,4,21,40,3,68,0,0,0,68
01/12/2017,SBP,CA,AWP,WE,Federal Contract Tower,5,25,21,1,52,0,0,10,1,11,5,25,31,2,63,72,0,72,135
01/13/2017,SBP,CA,AWP,WE,Federal Contract Tower,5,22,22,3,52,0,1,111,0,112,5,23,133,3,164,60,0,60,224
01/14/2017,SBP,CA,AWP,WE,Federal Contract Tower,6,12,16,3,37,0,1,143,1,145,6,13,159,4,182,94,0,94,276
01/15/2017,SBP,CA,AWP,WE,Federal Contract Tower,4,22,12,0,38,0,2,97,0,99,4,24,109,0,137,58,0,58,195
01/16/2017,SBP,CA,AWP,WE,Federal Contract Tower,4,18,16,2,40,0,2,155,0,157,4,20,171,2,197,140,0,140,337
01/17/2017,SBP,CA,AWP,WE,Federal Contract Tower,4,27,12,1,44,0,0,117,2,119,4,27,129,3,163,100,0,100,263
01/18/2017,SBP,CA,AWP,WE,Federal Contract Tower,5,20,28,2,55,0,0,0,0,0,5,20,28,2,55,0,0,0,55
01/19/2017,SBP,CA,AWP,WE,Federal Contract Tower,4,20,23,4,51,0,0,4,0,4,4,20,27,4,55,36,0,36,91
01/20/2017,SBP,CA,AWP,WE,Federal Contract Tower,5,24,13,2,44,0,0,0,0,0,5,24,13,2,44,0,0,0,44
01/21/2017,SBP,CA,AWP,WE,Federal Contract Tower,5,14,16,2,37,0,3,14,0,17,5,17,30,2,54,14,0,14,68
01/22/2017,SBP,CA,AWP,WE,Federal Contract Tower,4,13,6,2,25,0,0,0,0,0,4,13,6,2,25,0,0,0,25
01/23/2017,SBP,CA,AWP,WE,Federal Contract Tower,2,25,12,0,39,0,0,10,0,10,2,25,22,0,49,20,0,20,69
01/24/2017,SBP,CA,AWP,WE,Federal Contract Tower,4,19,15,9,47,0,0,56,3,59,4,19,71,12,106,48,0,48,154
01/25/2017,SBP,CA,AWP,WE,Federal Contract Tower,4,28,25,1,58,0,0,120,0,120,4,28,145,1,178,148,0,148,326
01/26/2017,SBP,CA,AWP,WE,Federal Contract Tower,4,24,20,6,54,0,0,130,0,130,4,24,150,6,184,82,0,82,266
01/27/2017,SBP,CA,AWP,WE,Federal Contract Tower,6,16,28,0,50,0,2,179,0,181,6,18,207,0,231,96,0,96,327
01/28/2017,SBP,CA,AWP,WE,Federal Contract Tower,5,16,19,0,40,0,0,171,0,171,5,16,190,0,211,136,0,136,347
01/29/2017,SBP,CA,AWP,WE,Federal Contract Tower,5,11,23,1,40,0,0,122,0,122,5,11,145,1,162,70,0,70,232
01/30/2017,SBP,CA,AWP,WE,Federal Contract Tower,5,16,13,2,36,0,1,134,0,135,5,17,147,2,171,84,0,84,255
01/31/2017,SBP,CA,AWP,WE,Federal Contract Tower,3,19,24,0,46,0,0,136,0,136,3,19,160,0,182,118,0,118,300
02/01/2017,SBP,CA,AWP,WE,Federal Contract Tower,4,22,32,0,58,0,4,100,0,104,4,26,132,0,162,74,0,74,236
02/02/2017,SBP,CA,AWP,WE,Federal Contract Tower,6,19,23,0,48,0,0,0,0,0,6,19,23,0,48,0,0,0,48
02/03/2017,SBP,CA,AWP,WE,Federal Contract Tower,4,23,41,0,68,0,0,0,0,0,4,23,41,0,68,0,0,0,68
02/04/2017,SBP,CA,AWP,WE,Federal Contract Tower,5,13,27,0,45,0,2,49,2,53,5,15,76,2,98,38,0,38,136
02/05/2017,SBP,CA,AWP,WE,Federal Contract Tower,4,15,26,0,45,0,0,6,0,6,4,15,32,0,51,24,0,24,75
02/06/2017,SBP,CA,AWP,WE,Federal Contract Tower,3,17,24,0,44,0,0,10,0,10,3,17,34,0,54,50,0,50,104
02/07/2017,SBP,CA,AWP,WE,Federal Contract Tower,4,23,36,0,63,0,0,0,0,0,4,23,36,0,63,0,0,0,63
02/08/2017,SBP,CA,AWP,WE,Federal Contract Tower,5,24,25,0,54,0,0,22,0,22,5,24,47,0,76,40,0,40,116
02/09/2017,SBP,CA,AWP,WE,Federal Contract Tower,4,26,26,4,60,0,0,14,0,14,4,26,40,4,74,14,0,14,88
02/10/2017,SBP,CA,AWP,WE,Federal Contract Tower,7,18,51,0,76,0,0,2,0,2,7,18,53,0,78,0,0,0,78
02/11/2017,SBP,CA,AWP,WE,Federal Contract Tower,4,13,30,0,47,0,2,78,1,81,4,15,108,1,128,26,0,26,154
02/12/2017,SBP,CA,AWP,WE,Federal Contract Tower,3,15,25,0,43,0,7,186,0,193,3,22,211,0,236,48,0,48,284
02/13/2017,SBP,CA,AWP,WE,Federal Contract Tower,5,18,19,0,42,0,18,160,0,178,5,36,179,0,220,66,0,66,286
02/14/2017,SBP,CA,AWP,WE,Federal Contract Tower,3,22,13,0,38,0,0,128,1,129,3,22,141,1,167,14,0,14,181
02/15/2017,SBP,CA,AWP,WE,Federal Contract Tower,4,23,25,0,52,0,1,145,0,146,4,24,170,0,198,134,0,134,332
02/16/2017,SBP,CA,AWP,WE,Federal Contract Tower,5,24,29,0,58,0,0,10,0,10,5,24,39,0,68,10,0,10,78
02/17/2017,SBP,CA,AWP,WE,Federal Contract Tower,7,17,10,0,34,0,0,0,0,0,7,17,10,0,34,0,0,0,34
02/18/2017,SBP,CA,AWP,WE,Federal Contract Tower,7,12,18,0,37,0,0,4,0,4,7,12,22,0,41,0,0,0,41
02/19/2017,SBP,CA,AWP,WE,Federal Contract Tower,5,15,16,0,36,0,0,56,0,56,5,15,72,0,92,38,0,38,130
02/20/2017,SBP,CA,AWP,WE,Federal Contract Tower,6,19,12,0,37,0,0,0,0,0,6,19,12,0,37,0,0,0,37
02/21/2017,SBP,CA,AWP,WE,Federal Contract Tower,6,21,38,2,67,0,0,16,0,16,6,21,54,2,83,16,0,16,99
02/22/2017,SBP,CA,AWP,WE,Federal Contract Tower,7,19,14,0,40,0,1,107,1,109,7,20,121,1,149,110,0,110,259
02/23/2017,SBP,CA,AWP,WE,Federal Contract Tower,6,22,4,0,32,0,1,127,4,132,6,23,131,4,164,68,0,68,232
02/24/2017,SBP,CA,AWP,WE,Federal Contract Tower,7,16,25,0,48,0,0,170,0,170,7,16,195,0,218,92,0,92,310
02/25/2017,SBP,CA,AWP,WE,Federal Contract Tower,7,14,21,0,42,0,1,176,2,179,7,15,197,2,221,80,0,80,301
02/26/2017,SBP,CA,AWP,WE,Federal Contract Tower,7,17,18,0,42,0,0,60,0,60,7,17,78,0,102,48,0,48,150
02/27/2017,SBP,CA,AWP,WE,Federal Contract Tower,5,19,16,0,40,0,0,46,0,46,5,19,62,0,86,76,0,76,162
02/28/2017,SBP,CA,AWP,WE,Federal Contract Tower,7,19,15,0,41,0,0,99,0,99,7,19,114,0,140,26,8,34,174
03/01/2017,SBP,CA,AWP,WE,Federal Contract Tower,7,21,16,2,46,0,2,124,2,128,7,23,140,4,174,84,0,84,258
03/02/2017,SBP,CA,AWP,WE,Federal Contract Tower,7,23,10,0,40,0,1,138,0,139,7,24,148,0,179,60,0,60,239
03/03/2017,SBP,CA,AWP,WE,Federal Contract Tower,7,14,21,0,42,0,0,150,0,150,7,14,171,0,192,36,0,36,228
03/04/2017,SBP,CA,AWP,WE,Federal Contract Tower,7,12,22,0,41,0,1,119,0,120,7,13,141,0,161,48,0,48,209
03/05/2017,SBP,CA,AWP,WE,Federal Contract Tower,7,14,19,2,42,0,0,25,0,25,7,14,44,2,67,16,0,16,83
03/06/2017,SBP,CA,AWP,WE,Federal Contract Tower,6,15,18,1,40,0,1,98,0,99,6,16,116,1,139,70,6,76,215
03/07/2017,SBP,CA,AWP,WE,Federal Contract Tower,7,19,16,0,42,0,0,119,0,119,7,19,135,0,161,90,0,90,251
03/08/2017,SBP,CA,AWP,WE,Federal Contract Tower,7,21,10,5,43,0,0,95,2,97,7,21,105,7,140,8,0,8,148
03/09/2017,SBP,CA,AWP,WE,Federal Contract Tower,7,26,17,0,50,0,4,17,2,23,7,30,34,2,73,74,0,74,147
03/10/2017,SBP,CA,AWP,WE,Federal Contract Tower,7,26,21,0,54,0,0,148,0,148,7,26,169,0,202,94,0,94,296
03/11/2017,SBP,CA,AWP,WE,Federal Contract Tower,7,11,14,2,34,0,0,171,2,173,7,11,185,4,207,108,0,108,315
03/12/2017,SBP,CA,AWP,WE,Federal Contract Tower,5,15,15,0,35,0,0,97,1,98,5,15,112,1,133,4,0,4,137
03/13/2017,SBP,CA,AWP,WE,Federal Contract Tower,7,15,14,0,36,0,0,128,0,128,7,15,142,0,164,46,0,46,210
03/14/2017,SBP,CA,AWP,WE,Federal Contract Tower,9,21,18,0,48,0,1,92,0,93,9,22,110,0,141,48,0,48,189
03/15/2017,SBP,CA,AWP,WE,Federal Contract Tower,7,22,13,0,42,0,2,111,0,113,7,24,124,0,155,110,0,110,265
03/16/2017,SBP,CA,AWP,WE,Federal Contract Tower,6,19,24,0,49,0,0,121,0,121,6,19,145,0,170,68,0,68,238
03/17/2017,SBP,CA,AWP,WE,Federal Contract Tower,7,20,20,0,47,0,5,145,0,150,7,25,165,0,197,120,0,120,317
03/18/2017,SBP,CA,AWP,WE,Federal Contract Tower,9,21,36,0,66,0,1,102,0,103,9,22,138,0,169,38,0,38,207
03/19/2017,SBP,CA,AWP,WE,Federal Contract Tower,6,16,30,0,52,0,0,54,0,54,6,16,84,0,106,46,0,46,152
03/20/2017,SBP,CA,AWP,WE,Federal Contract Tower,7,17,35,3,62,0,0,115,2,117,7,17,150,5,179,96,0,96,275
03/21/2017,SBP,CA,AWP,WE,Federal Contract Tower,7,21,25,0,53,0,0,1,0,1,7,21,26,0,54,0,0,0,54
03/22/2017,SBP,CA,AWP,WE,Federal Contract Tower,7,20,18,2,47,0,0,28,3,31,7,20,46,5,78,26,0,26,104
03/23/2017,SBP,CA,AWP,WE,Federal Contract Tower,7,20,17,1,45,0,0,130,4,134,7,20,147,5,179,84,0,84,263
03/24/2017,SBP,CA,AWP,WE,Federal Contract Tower,7,16,21,2,46,0,0,97,0,97,7,16,118,2,143,60,0,60,203
03/25/2017,SBP,CA,AWP,WE,Federal Contract Tower,7,15,22,0,44,0,0,64,0,64,7,15,86,0,108,96,0,96,204
03/26/2017,SBP,CA,AWP,WE,Federal Contract Tower,7,13,24,0,44,0,0,113,3,116,7,13,137,3,160,38,0,38,198
03/27/2017,SBP,CA,AWP,WE,Federal Contract Tower,6,15,15,0,36,0,0,50,2,52,6,15,65,2,88,24,0,24,112
03/28/2017,SBP,CA,AWP,WE,Federal Contract Tower,7,20,18,0,45,0,0,119,0,119,7,20,137,0,164,104,0,104,268
03/29/2017,SBP,CA,AWP,WE,Federal Contract Tower,6,20,14,4,44,0,6,163,8,177,6,26,177,12,221,118,0,118,339
03/30/2017,SBP,CA,AWP,WE,Federal Contract Tower,7,22,14,1,44,0,4,108,1,113,7,26,122,2,157,78,0,78,235
03/31/2017,SBP,CA,AWP,WE,Federal Contract Tower,5,22,16,3,46,0,3,155,2,160,5,25,171,5,206,52,0,52,258
04/01/2017,SBP,CA,AWP,WE,Federal Contract Tower,7,14,9,1,31,0,4,170,6,180,7,18,179,7,211,142,6,148,359
04/02/2017,SBP,CA,AWP,WE,Federal Contract Tower,7,14,23,0,44,0,1,152,0,153,7,15,175,0,197,66,0,66,263
04/03/2017,SBP,CA,AWP,WE,Federal Contract Tower,4,18,23,0,45,0,0,70,2,72,4,18,93,2,117,12,0,12,129
04/04/2017,SBP,CA,AWP,WE,Federal Contract Tower,7,24,21,0,52,0,2,115,0,117,7,26,136,0,169,56,0,56,225
04/05/2017,SBP,CA,AWP,WE,Federal Contract Tower,7,26,19,0,52,0,6,151,1,158,7,32,170,1,210,178,2,180,390
04/06/2017,SBP,CA,AWP,WE,Federal Contract Tower,7,22,21,0,50,0,2,123,0,125,7,24,144,0,175,138,0,138,313
04/07/2017,SBP,CA,AWP,WE,Federal Contract Tower,5,27,45,0,77,0,0,0,0,0,5,27,45,0,77,0,0,0,77
04/08/2017,SBP,CA,AWP,WE,Federal Contract Tower,6,11,15,0,32,0,2,53,0,55,6,13,68,0,87,60,0,60,147
04/09/2017,SBP,CA,AWP,WE,Federal Contract Tower,7,17,19,0,43,0,0,130,0,130,7,17,149,0,173,34,0,34,207
04/10/2017,SBP,CA,AWP,WE,Federal Contract Tower,6,21,13,0,40,0,0,110,3,113,6,21,123,3,153,68,0,68,221
04/11/2017,SBP,CA,AWP,WE,Federal Contract Tower,4,26,13,0,43,0,0,109,0,109,4,26,122,0,152,130,0,130,282
04/12/2017,SBP,CA,AWP,WE,Federal Contract Tower,6,19,51,2,78,0,2,28,0,30,6,21,79,2,108,82,0,82,190
04/13/2017,SBP,CA,AWP,WE,Federal Contract Tower,9,22,22,0,53,0,3,60,0,63,9,25,82,0,116,118,0,118,234
04/14/2017,SBP,CA,AWP,WE,Federal Contract Tower,9,23,17,0,49,0,2,110,0,112,9,25,127,0,161,22,0,22,183
04/15/2017,SBP,CA,AWP,WE,Federal Contract Tower,10,16,10,0,36,0,8,190,0,198,10,24,200,0,234,132,0,132,366
04/16/2017,SBP,CA,AWP,WE,Federal Contract Tower,9,14,20,0,43,1,2,70,0,73,10,16,90,0,116,34,0,34,150
04/17/2017,SBP,CA,AWP,WE,Federal Contract Tower,9,18,43,0,70,0,0,1,0,1,9,18,44,0,71,0,0,0,71
04/18/2017,SBP,CA,AWP,WE,Federal Contract Tower,10,30,21,0,61,0,0,3,0,3,10,30,24,0,64,16,0,16,80
04/19/2017,SBP,CA,AWP,WE,Federal Contract Tower,8,24,17,0,49,0,5,127,0,132,8,29,144,0,181,104,0,104,285
04/20/2017,SBP,CA,AWP,WE,Federal Contract Tower,9,26,16,1,52,0,0,135,0,135,9,26,151,1,187,78,2,80,267
04/21/2017,SBP,CA,AWP,WE,Federal Contract Tower,9,21,22,0,52,0,1,150,0,151,9,22,172,0,203,30,0,30,233
04/22/2017,SBP,CA,AWP,WE,Federal Contract Tower,9,10,14,0,33,0,5,153,10,168,9,15,167,10,201,110,0,110,311
04/23/2017,SBP,CA,AWP,WE,Federal Contract Tower,9,14,18,0,41,0,0,114,2,116,9,14,132,2,157,24,0,24,181
04/24/2017,SBP,CA,AWP,WE,Federal Contract Tower,8,16,15,1,40,0,0,75,0,75,8,16,90,1,115,36,0,36,151
04/25/2017,SBP,CA,AWP,WE,Federal Contract Tower,9,20,15,1,45,0,2,67,1,70,9,22,82,2,115,92,6,98,213
04/26/2017,SBP,CA,AWP,WE,Federal Contract Tower,8,19,19,0,46,0,15,53,0,68,8,34,72,0,114,36,0,36,150
04/27/2017,SBP,CA,AWP,WE,Federal Contract Tower,8,20,14,0,42,0,4,78,3,85,8,24,92,3,127,18,0,18,145
04/28/2017,SBP,CA,AWP,WE,Federal Contract Tower,8,18,17,0,43,0,3,117,0,120,8,21,134,0,163,42,0,42,205
04/29/2017,SBP,CA,AWP,WE,Federal Contract Tower,9,11,8,0,28,0,1,162,0,163,9,12,170,0,191,62,0,62,253
04/30/2017,SBP,CA,AWP,WE,Federal Contract Tower,7,13,18,0,38,0,0,117,0,117,7,13,135,0,155,78,0,78,233
05/01/2017,SBP,CA,AWP,WE,Federal Contract Tower,9,17,22,0,48,0,0,125,0,125,9,17,147,0,173,68,0,68,241
05/02/2017,SBP,CA,AWP,WE,Federal Contract Tower,9,24,8,0,41,0,1,81,0,82,9,25,89,0,123,94,0,94,217
05/03/2017,SBP,CA,AWP,WE,Federal Contract Tower,9,25,11,0,45,0,0,119,9,128,9,25,130,9,173,94,14,108,281
05/04/2017,SBP,CA,AWP,WE,Federal Contract Tower,8,31,29,1,69,0,3,116,1,120,8,34,145,2,189,140,0,140,329
05/05/2017,SBP,CA,AWP,WE,Federal Contract Tower,10,24,43,0,77,0,2,74,0,76,10,26,117,0,153,42,0,42,195
05/06/2017,SBP,CA,AWP,WE,Federal Contract Tower,9,15,22,3,49,0,0,35,0,35,9,15,57,3,84,56,0,56,140
05/07/2017,SBP,CA,AWP,WE,Federal Contract Tower,8,14,27,1,50,0,0,4,0,4,8,14,31,1,54,0,0,0,54
05/08/2017,SBP,CA,AWP,WE,Federal Contract Tower,9,20,13,0,42,0,0,91,2,93,9,20,104,2,135,52,0,52,187
05/09/2017,SBP,CA,AWP,WE,Federal Contract Tower,9,23,27,2,61,0,0,52,0,52,9,23,79,2,113,52,0,52,165
05/10/2017,SBP,CA,AWP,WE,Federal Contract Tower,9,28,47,0,84,0,0,43,0,43,9,28,90,0,127,118,0,118,245
05/11/2017,SBP,CA,AWP,WE,Federal Contract Tower,8,21,28,0,57,0,3,83,2,88,8,24,111,2,145,152,0,152,297
05/12/2017,SBP,CA,AWP,WE,Federal Contract Tower,9,27,30,0,66,0,4,98,1,103,9,31,128,1,169,20,0,20,189
05/13/2017,SBP,CA,AWP,WE,Federal Contract Tower,9,16,13,0,38,0,0,118,0,118,9,16,131,0,156,44,0,44,200
05/14/2017,SBP,CA,AWP,WE,Federal Contract Tower,9,20,29,0,58,0,1,112,0,113,9,21,141,0,171,8,0,8,179
05/15/2017,SBP,CA,AWP,WE,Federal Contract Tower,8,19,38,1,66,0,4,44,0,48,8,23,82,1,114,89,0,89,203
05/16/2017,SBP,CA,AWP,WE,Federal Contract Tower,8,27,29,1,65,0,0,54,0,54,8,27,83,1,119,20,0,20,139
05/17/2017,SBP,CA,AWP,WE,Federal Contract Tower,8,22,14,3,47,0,0,59,3,62,8,22,73,6,109,40,0,40,149
05/18/2017,SBP,CA,AWP,WE,Federal Contract Tower,8,24,12,0,44,0,0,92,0,92,8,24,104,0,136,92,0,92,228
05/19/2017,SBP,CA,AWP,WE,Federal Contract Tower,8,21,19,2,50,0,8,129,2,139,8,29,148,4,189,88,0,88,277
05/20/2017,SBP,CA,AWP,WE,Federal Contract Tower,8,11,10,0,29,0,1,134,2,137,8,12,144,2,166,42,0,42,208
05/21/2017,SBP,CA,AWP,WE,Federal Contract Tower,10,13,11,0,34,0,2,122,2,126,10,15,133,2,160,46,0,46,206
05/22/2017,SBP,CA,AWP,WE,Federal Contract Tower,7,18,13,0,38,0,0,68,0,68,7,18,81,0,106,58,0,58,164
05/23/2017,SBP,CA,AWP,WE,Federal Contract Tower,8,27,16,0,51,0,0,71,0,71,8,27,87,0,122,60,0,60,182
05/24/2017,SBP,CA,AWP,WE,Federal Contract Tower,9,26,27,0,62,0,1,65,0,66,9,27,92,0,128,78,0,78,206
05/25/2017,SBP,CA,AWP,WE,Federal Contract Tower,9,25,44,1,79,0,1,15,0,16,9,26,59,1,95,8,0,8,103
05/26/2017,SBP,CA,AWP,WE,Federal Contract Tower,7,20,52,0,79,0,3,98,0,101,7,23,150,0,180,38,0,38,218
05/27/2017,SBP,CA,AWP,WE,Federal Contract Tower,0,8,10,13,31,0,1,130,0,131,0,9,140,13,162,36,0,36,198
05/28/2017,SBP,CA,AWP,WE,Federal Contract Tower,10,10,21,0,41,0,0,107,0,107,10,10,128,0,148,70,0,70,218
05/29/2017,SBP,CA,AWP,WE,Federal Contract Tower,9,15,30,0,54,0,0,101,2,103,9,15,131,2,157,44,0,44,201
05/30/2017,SBP,CA,AWP,WE,Federal Contract Tower,10,17,22,4,53,0,2,76,1,79,10,19,98,5,132,90,0,90,222
05/31/2017,SBP,CA,AWP,WE,Federal Contract Tower,8,22,22,5,57,0,3,56,1,60,8,25,78,6,117,32,0,32,149
06/01/2017,SBP,CA,AWP,WE,Federal Contract Tower,11,19,20,1,51,0,1,70,0,71,11,20,90,1,122,8,0,8,130
06/02/2017,SBP,CA,AWP,WE,Federal Contract Tower,7,26,10,0,43,0,6,110,0,116,7,32,120,0,159,74,0,74,233
06/03/2017,SBP,CA,AWP,WE,Federal Contract Tower,9,11,16,0,36,0,0,110,0,110,9,11,126,0,146,50,0,50,196
06/04/2017,SBP,CA,AWP,WE,Federal Contract Tower,7,15,15,0,37,0,1,128,0,129,7,16,143,0,166,12,0,12,178
06/05/2017,SBP,CA,AWP,WE,Federal Contract Tower,7,20,25,0,52,0,0,72,1,73,7,20,97,1,125,72,0,72,197
06/06/2017,SBP,CA,AWP,WE,Federal Contract Tower,7,18,14,2,41,0,0,104,0,104,7,18,118,2,145,128,0,128,273
06/07/2017,SBP,CA,AWP,WE,Federal Contract Tower,10,26,30,0,66,0,2,117,0,119,10,28,147,0,185,140,0,140,325
06/08/2017,SBP,CA,AWP,WE,Federal Contract Tower,10,25,13,2,50,0,111,0,0,111,10,136,13,2,161,92,0,92,253
06/09/2017,SBP,CA,AWP,WE,Federal Contract Tower,10,29,57,2,98,0,0,27,0,27,10,29,84,2,125,60,0,60,185
06/10/2017,SBP,CA,AWP,WE,Federal Contract Tower,8,16,21,0,45,0,3,68,0,71,8,19,89,0,116,86,0,86,202
06/11/2017,SBP,CA,AWP,WE,Federal Contract Tower,10,12,12,1,35,0,0,58,0,58,10,12,70,1,93,6,0,6,99
06/12/2017,SBP,CA,AWP,WE,Federal Contract Tower,9,17,20,2,48,0,1,70,0,71,9,18,90,2,119,74,0,74,193
06/13/2017,SBP,CA,AWP,WE,Federal Contract Tower,10,25,0,0,35,0,1,64,0,65,10,26,64,0,100,28,0,28,128
06/14/2017,SBP,CA,AWP,WE,Federal Contract Tower,7,24,0,0,31,0,4,95,2,101,7,28,95,2,132,46,0,46,178
06/15/2017,SBP,CA,AWP,WE,Federal Contract Tower,9,26,16,5,56,0,5,106,0,111,9,31,122,5,167,36,0,36,203
06/16/2017,SBP,CA,AWP,WE,Federal Contract Tower,8,19,20,0,47,0,6,125,0,131,8,25,145,0,178,64,0,64,242
06/17/2017,SBP,CA,AWP,WE,Federal Contract Tower,9,10,13,0,32,0,0,138,2,140,9,10,151,2,172,84,0,84,256
06/18/2017,SBP,CA,AWP,WE,Federal Contract Tower,9,18,14,0,41,0,0,171,1,172,9,18,185,1,213,30,0,30,243
06/19/2017,SBP,CA,AWP,WE,Federal Contract Tower,11,18,11,1,41,0,4,111,3,118,11,22,122,4,159,48,0,48,207
06/20/2017,SBP,CA,AWP,WE,Federal Contract Tower,7,21,9,0,37,0,1,89,2,92,7,22,98,2,129,68,0,68,197
06/21/2017,SBP,CA,AWP,WE,Federal Contract Tower,9,25,23,1,58,0,3,83,0,86,9,28,106,1,144,102,0,102,246
06/22/2017,SBP,CA,AWP,WE,Federal Contract Tower,7,25,14,0,46,0,2,93,0,95,7,27,107,0,141,122,0,122,263
06/23/2017,SBP,CA,AWP,WE,Federal Contract Tower,8,24,21,3,56,0,2,127,6,135,8,26,148,9,191,64,0,64,255
06/24/2017,SBP,CA,AWP,WE,Federal Contract Tower,9,11,12,0,32,0,16,86,0,102,9,27,98,0,134,74,0,74,208
06/25/2017,SBP,CA,AWP,WE,Federal Contract Tower,9,15,14,0,38,0,0,111,2,113,9,15,125,2,151,48,0,48,199
06/26/2017,SBP,CA,AWP,WE,Federal Contract Tower,9,19,8,0,36,0,3,86,14,103,9,22,94,14,139,24,0,24,163
06/27/2017,SBP,CA,AWP,WE,Federal Contract Tower,10,29,11,0,50,0,0,68,2,70,10,29,79,2,120,78,0,78,198
06/29/2017,SBP,CA,AWP,WE,Federal Contract Tower,9,27,21,3,60,0,1,100,1,102,9,28,121,4,162,98,0,98,260
06/30/2017,SBP,CA,AWP,WE,Federal Contract Tower,9,26,24,0,59,0,6,159,0,165,9,32,183,0,224,148,0,148,372
07/01/2017,SBP,CA,AWP,WE,Federal Contract Tower,9,23,14,0,46,0,1,99,0,100,9,24,113,0,146,82,0,82,228
07/02/2017,SBP,CA,AWP,WE,Federal Contract Tower,8,19,19,0,46,0,0,71,2,73,8,19,90,2,119,36,0,36,155
07/03/2017,SBP,CA,AWP,WE,Federal Contract Tower,8,17,21,0,46,0,2,90,0,92,8,19,111,0,138,92,0,92,230
07/04/2017,SBP,CA,AWP,WE,Federal Contract Tower,7,12,13,0,32,0,0,69,0,69,7,12,82,0,101,54,0,54,155
07/05/2017,SBP,CA,AWP,WE,Federal Contract Tower,10,27,30,0,67,0,2,131,0,133,10,29,161,0,200,88,0,88,288
07/06/2017,SBP,CA,AWP,WE,Federal Contract Tower,9,26,13,7,55,0,1,125,3,129,9,27,138,10,184,206,0,206,390
07/07/2017,SBP,CA,AWP,WE,Federal Contract Tower,7,17,11,4,39,0,3,112,0,115,7,20,123,4,154,142,0,142,296
07/08/2017,SBP,CA,AWP,WE,Federal Contract Tower,9,12,12,1,34,0,1,91,0,92,9,13,103,1,126,46,0,46,172
07/09/2017,SBP,CA,AWP,WE,Federal Contract Tower,9,14,10,0,33,0,2,103,0,105,9,16,113,0,138,92,0,92,230
07/10/2017,SBP,CA,AWP,WE,Federal Contract Tower,9,14,13,0,36,0,4,104,2,110,9,18,117,2,146,122,0,122,268
07/11/2017,SBP,CA,AWP,WE,Federal Contract Tower,9,20,17,0,46,0,0,77,2,79,9,20,94,2,125,90,0,90,215
07/12/2017,SBP,CA,AWP,WE,Federal Contract Tower,10,19,20,2,51,0,0,126,1,127,10,19,146,3,178,136,0,136,314
07/13/2017,SBP,CA,AWP,WE,Federal Contract Tower,9,16,23,2,50,0,0,98,0,98,9,16,121,2,148,140,0,140,288
07/14/2017,SBP,CA,AWP,WE,Federal Contract Tower,9,19,31,0,59,0,1,144,2,147,9,20,175,2,206,118,0,118,324
07/15/2017,SBP,CA,AWP,WE,Federal Contract Tower,10,12,13,0,35,0,1,147,0,148,10,13,160,0,183,122,0,122,305
07/16/2017,SBP,CA,AWP,WE,Federal Contract Tower,9,13,16,2,40,0,0,129,0,129,9,13,145,2,169,68,0,68,237
07/17/2017,SBP,CA,AWP,WE,Federal Contract Tower,8,20,11,0,39,0,3,92,4,99,8,23,103,4,138,84,0,84,222
07/18/2017,SBP,CA,AWP,WE,Federal Contract Tower,7,20,6,3,36,0,1,64,5,70,7,21,70,8,106,90,0,90,196
07/19/2017,SBP,CA,AWP,WE,Federal Contract Tower,8,24,21,3,56,0,2,121,7,130,8,26,142,10,186,126,0,126,312
07/20/2017,SBP,CA,AWP,WE,Federal Contract Tower,9,27,21,0,57,0,4,118,6,128,9,31,139,6,185,114,0,114,299
07/21/2017,SBP,CA,AWP,WE,Federal Contract Tower,9,27,18,0,54,0,5,124,7,136,9,32,142,7,190,96,0,96,286
07/22/2017,SBP,CA,AWP,WE,Federal Contract Tower,9,13,16,0,38,0,1,121,5,127,9,14,137,5,165,82,2,84,249
07/23/2017,SBP,CA,AWP,WE,Federal Contract Tower,8,18,18,0,44,0,0,133,7,140,8,18,151,7,184,74,0,74,258
07/24/2017,SBP,CA,AWP,WE,Federal Contract Tower,7,21,21,4,53,0,0,95,1,96,7,21,116,5,149,60,0,60,209
07/25/2017,SBP,CA,AWP,WE,Federal Contract Tower,9,23,18,2,52,0,0,81,3,84,9,23,99,5,136,62,2,64,200
07/26/2017,SBP,CA,AWP,WE,Federal Contract Tower,9,19,9,8,45,0,0,66,2,68,9,19,75,10,113,82,0,82,195
07/27/2017,SBP,CA,AWP,WE,Federal Contract Tower,8,26,26,1,61,0,2,125,3,130,8,28,151,4,191,60,0,60,251
07/28/2017,SBP,CA,AWP,WE,Federal Contract Tower,9,20,21,2,52,0,2,138,0,140,9,22,159,2,192,138,8,146,338
07/29/2017,SBP,CA,AWP,WE,Federal Contract Tower,9,15,15,1,40,0,2,78,0,80,9,17,93,1,120,106,0,106,226
07/30/2017,SBP,CA,AWP,WE,Federal Contract Tower,10,13,26,0,49,0,0,95,0,95,10,13,121,0,144,46,0,46,190
07/31/2017,SBP,CA,AWP,WE,Federal Contract Tower,9,22,21,2,54,0,1,70,0,71,9,23,91,2,125,78,0,78,203
08/01/2017,SBP,CA,AWP,WE,Federal Contract Tower,9,23,16,0,48,0,0,77,0,77,9,23,93,0,125,92,0,92,217
08/02/2017,SBP,CA,AWP,WE,Federal Contract Tower,9,20,10,0,39,0,4,38,0,42,9,24,48,0,81,64,0,64,145
08/03/2017,SBP,CA,AWP,WE,Federal Contract Tower,8,30,17,1,56,0,0,66,2,68,8,30,83,3,124,128,0,128,252
08/04/2017,SBP,CA,AWP,WE,Federal Contract Tower,9,20,20,0,49,0,1,120,0,121,9,21,140,0,170,76,0,76,246
08/05/2017,SBP,CA,AWP,WE,Federal Contract Tower,10,14,18,0,42,0,1,88,2,91,10,15,106,2,133,64,0,64,197
08/06/2017,SBP,CA,AWP,WE,Federal Contract Tower,9,16,16,0,41,0,0,130,0,130,9,16,146,0,171,64,0,64,235
08/07/2017,SBP,CA,AWP,WE,Federal Contract Tower,9,20,24,2,55,0,1,104,0,105,9,21,128,2,160,88,0,88,248
08/08/2017,SBP,CA,AWP,WE,Federal Contract Tower,9,18,21,0,48,0,2,58,3,63,9,20,79,3,111,86,0,86,197
08/09/2017,SBP,CA,AWP,WE,Federal Contract Tower,9,24,23,1,57,0,1,83,5,89,9,25,106,6,146,157,4,161,307
08/10/2017,SBP,CA,AWP,WE,Federal Contract Tower,9,20,30,0,59,0,2,76,0,78,9,22,106,0,137,80,0,80,217
08/11/2017,SBP,CA,AWP,WE,Federal Contract Tower,9,16,21,0,46,0,1,90,0,91,9,17,111,0,137,40,0,40,177
08/12/2017,SBP,CA,AWP,WE,Federal Contract Tower,9,15,20,0,44,0,4,104,1,109,9,19,124,1,153,66,0,66,219
08/13/2017,SBP,CA,AWP,WE,Federal Contract Tower,7,16,14,2,39,0,1,86,0,87,7,17,100,2,126,64,0,64,190
08/14/2017,SBP,CA,AWP,WE,Federal Contract Tower,9,21,35,6,71,0,2,69,2,73,9,23,104,8,144,40,0,40,184
08/15/2017,SBP,CA,AWP,WE,Federal Contract Tower,9,19,31,1,60,0,1,62,0,63,9,20,93,1,123,118,0,118,241
08/16/2017,SBP,CA,AWP,WE,Federal Contract Tower,9,17,23,8,57,0,0,1,87,88,9,17,24,95,145,82,0,82,227
08/17/2017,SBP,CA,AWP,WE,Federal Contract Tower,9,23,22,0,54,0,1,73,1,75,9,24,95,1,129,92,0,92,221
08/18/2017,SBP,CA,AWP,WE,Federal Contract Tower,9,23,19,0,51,0,1,127,0,128,9,24,146,0,179,120,0,120,299
08/19/2017,SBP,CA,AWP,WE,Federal Contract Tower,9,10,23,0,42,0,0,83,0,83,9,10,106,0,125,80,0,80,205
08/20/2017,SBP,CA,AWP,WE,Federal Contract Tower,8,14,51,0,73,0,0,36,0,36,8,14,87,0,109,6,0,6,115
08/21/2017,SBP,CA,AWP,WE,Federal Contract Tower,10,14,29,0,53,0,1,36,0,37,10,15,65,0,90,50,0,50,140
08/22/2017,SBP,CA,AWP,WE,Federal Contract Tower,6,23,14,0,43,0,0,65,0,65,6,23,79,0,108,82,0,82,190
08/23/2017,SBP,CA,AWP,WE,Federal Contract Tower,9,25,36,0,70,0,3,57,0,60,9,28,93,0,130,100,0,100,230
08/24/2017,SBP,CA,AWP,WE,Federal Contract Tower,9,26,35,0,70,0,2,86,0,88,9,28,121,0,158,82,0,82,240
08/25/2017,SBP,CA,AWP,WE,Federal Contract Tower,9,20,13,1,43,0,1,140,1,142,9,21,153,2,185,78,0,78,263
08/26/2017,SBP,CA,AWP,WE,Federal Contract Tower,6,12,9,1,28,0,0,106,0,106,6,12,115,1,134,106,0,106,240
08/27/2017,SBP,CA,AWP,WE,Federal Contract Tower,9,15,15,0,39,0,0,126,0,126,9,15,141,0,165,39,0,39,204
08/28/2017,SBP,CA,AWP,WE,Federal Contract Tower,9,16,24,0,49,0,2,98,0,100,9,18,122,0,149,54,0,54,203
08/29/2017,SBP,CA,AWP,WE,Federal Contract Tower,7,25,24,0,56,0,1,69,3,73,7,26,93,3,129,60,0,60,189
08/30/2017,SBP,CA,AWP,WE,Federal Contract Tower,9,21,14,0,44,0,3,103,0,106,9,24,117,0,150,34,0,34,184
08/31/2017,SBP,CA,AWP,WE,Federal Contract Tower,10,22,12,0,44,0,0,79,0,79,10,22,91,0,123,84,0,84,207
09/01/2017,SBP,CA,AWP,WE,Federal Contract Tower,9,20,11,0,40,0,1,98,6,105,9,21,109,6,145,82,0,82,227
09/02/2017,SBP,CA,AWP,WE,Federal Contract Tower,7,9,12,0,28,0,3,92,0,95,7,12,104,0,123,44,0,44,167
09/03/2017,SBP,CA,AWP,WE,Federal Contract Tower,7,10,10,0,27,0,0,60,0,60,7,10,70,0,87,42,0,42,129
09/04/2017,SBP,CA,AWP,WE,Federal Contract Tower,7,12,53,0,72,0,0,27,0,27,7,12,80,0,99,32,0,32,131
09/05/2017,SBP,CA,AWP,WE,Federal Contract Tower,5,18,33,0,56,0,0,58,0,58,5,18,91,0,114,44,0,44,158
09/06/2017,SBP,CA,AWP,WE,Federal Contract Tower,7,23,22,2,54,0,0,96,0,96,7,23,118,2,150,80,0,80,230
09/07/2017,SBP,CA,AWP,WE,Federal Contract Tower,9,19,26,0,54,0,0,85,0,85,9,19,111,0,139,30,0,30,169
09/08/2017,SBP,CA,AWP,WE,Federal Contract Tower,9,27,26,0,62,0,1,74,0,75,9,28,100,0,137,94,0,94,231
09/10/2017,SBP,CA,AWP,WE,Federal Contract Tower,8,12,18,0,38,0,0,92,0,92,8,12,110,0,130,60,0,60,190
09/11/2017,SBP,CA,AWP,WE,Federal Contract Tower,9,16,21,0,46,0,3,67,0,70,9,19,88,0,116,46,0,46,162
09/12/2017,SBP,CA,AWP,WE,Federal Contract Tower,8,26,38,0,72,0,4,46,0,50,8,30,84,0,122,36,0,36,158
09/13/2017,SBP,CA,AWP,WE,Federal Contract Tower,13,26,37,0,76,0,5,58,0,63,13,31,95,0,139,58,0,58,197
09/14/2017,SBP,CA,AWP,WE,Federal Contract Tower,7,30,36,0,73,0,2,48,0,50,7,32,84,0,123,86,0,86,209
09/15/2017,SBP,CA,AWP,WE,Federal Contract Tower,8,18,23,0,49,0,0,124,0,124,8,18,147,0,173,72,0,72,245
09/16/2017,SBP,CA,AWP,WE,Federal Contract Tower,8,12,15,0,35,0,1,62,0,63,8,13,77,0,98,14,0,14,112
09/17/2017,SBP,CA,AWP,WE,Federal Contract Tower,9,16,26,0,51,0,0,87,0,87,9,16,113,0,138,50,0,50,188
09/18/2017,SBP,CA,AWP,WE,Federal Contract Tower,8,19,11,0,38,0,2,35,0,37,8,21,46,0,75,10,0,10,85
09/19/2017,SBP,CA,AWP,WE,Federal Contract Tower,5,20,13,0,38,0,1,67,0,68,5,21,80,0,106,56,0,56,162
09/20/2017,SBP,CA,AWP,WE,Federal Contract Tower,6,21,25,0,52,0,3,83,0,86,6,24,108,0,138,0,0,0,138
09/21/2017,SBP,CA,AWP,WE,Federal Contract Tower,7,19,23,0,49,0,0,89,0,89,7,19,112,0,138,108,0,108,246
09/22/2017,SBP,CA,AWP,WE,Federal Contract Tower,9,23,15,0,47,0,0,99,1,100,9,23,114,1,147,78,0,78,225
09/24/2017,SBP,CA,AWP,WE,Federal Contract Tower,9,12,19,0,40,0,0,140,0,140,9,12,159,0,180,34,0,34,214
09/25/2017,SBP,CA,AWP,WE,Federal Contract Tower,9,15,14,0,38,0,4,79,1,84,9,19,93,1,122,94,0,94,216
09/26/2017,SBP,CA,AWP,WE,Federal Contract Tower,7,20,10,0,37,0,2,79,0,81,7,22,89,0,118,70,0,70,188
09/27/2017,SBP,CA,AWP,WE,Federal Contract Tower,7,25,23,0,55,0,0,99,0,99,7,25,122,0,154,84,0,84,238
09/28/2017,SBP,CA,AWP,WE,Federal Contract Tower,8,26,9,0,43,0,0,123,0,123,8,26,132,0,166,157,0,157,323
09/29/2017,SBP,CA,AWP,WE,Federal Contract Tower,10,29,27,0,66,0,1,110,0,111,10,30,137,0,177,64,0,64,241
09/30/2017,SBP,CA,AWP,WE,Federal Contract Tower,6,12,10,0,28,0,0,95,0,95,6,12,105,0,123,76,0,76,199
10/01/2017,SBP,CA,AWP,WE,Federal Contract Tower,8,21,16,0,45,0,3,127,0,130,8,24,143,0,175,70,0,70,245
10/02/2017,SBP,CA,AWP,WE,Federal Contract Tower,9,16,15,0,40,0,9,102,1,112,9,25,117,1,152,78,0,78,230
10/03/2017,SBP,CA,AWP,WE,Federal Contract Tower,6,19,15,1,41,0,0,61,0,61,6,19,76,1,102,96,0,96,198
10/04/2017,SBP,CA,AWP,WE,Federal Contract Tower,9,23,17,0,49,0,3,83,0,86,9,26,100,0,135,90,0,90,225
10/05/2017,SBP,CA,AWP,WE,Federal Contract Tower,9,20,14,1,44,0,2,92,0,94,9,22,106,1,138,30,0,30,168
10/06/2017,SBP,CA,AWP,WE,Federal Contract Tower,9,18,28,0,55,0,1,127,0,128,9,19,155,0,183,90,0,90,273
10/07/2017,SBP,CA,AWP,WE,Federal Contract Tower,6,12,14,0,32,0,1,121,0,122,6,13,135,0,154,74,0,74,228
10/08/2017,SBP,CA,AWP,WE,Federal Contract Tower,9,14,16,0,39,0,0,146,5,151,9,14,162,5,190,82,0,82,272
10/09/2017,SBP,CA,AWP,WE,Federal Contract Tower,9,15,14,0,38,0,0,90,0,90,9,15,104,0,128,168,0,168,296
10/10/2017,SBP,CA,AWP,WE,Federal Contract Tower,10,18,21,1,50,0,0,89,0,89,10,18,110,1,139,112,0,112,251
10/11/2017,SBP,CA,AWP,WE,Federal Contract Tower,9,25,19,0,53,0,0,113,0,113,9,25,132,0,166,106,0,106,272
10/12/2017,SBP,CA,AWP,WE,Federal Contract Tower,9,25,11,0,45,0,3,93,0,96,9,28,104,0,141,76,0,76,217
10/13/2017,SBP,CA,AWP,WE,Federal Contract Tower,9,26,11,0,46,0,0,96,0,96,9,26,107,0,142,68,0,68,210
10/14/2017,SBP,CA,AWP,WE,Federal Contract Tower,7,12,8,0,27,0,3,82,2,87,7,15,90,2,114,112,0,112,226
10/15/2017,SBP,CA,AWP,WE,Federal Contract Tower,8,14,18,0,40,0,0,121,0,121,8,14,139,0,161,76,0,76,237
10/16/2017,SBP,CA,AWP,WE,Federal Contract Tower,9,15,30,4,58,0,0,87,0,87,9,15,117,4,145,110,0,110,255
10/17/2017,SBP,CA,AWP,WE,Federal Contract Tower,9,20,18,0,47,0,1,95,4,100,9,21,113,4,147,86,0,86,233
10/18/2017,SBP,CA,AWP,WE,Federal Contract Tower,12,20,15,0,47,0,2,122,0,124,12,22,137,0,171,120,0,120,291
10/19/2017,SBP,CA,AWP,WE,Federal Contract Tower,9,31,37,2,79,0,1,110,0,111,9,32,147,2,190,48,2,50,240
10/20/2017,SBP,CA,AWP,WE,Federal Contract Tower,9,27,24,1,61,0,1,67,1,69,9,28,91,2,130,26,2,28,158
10/21/2017,SBP,CA,AWP,WE,Federal Contract Tower,7,53,20,0,80,0,0,66,0,66,7,53,86,0,146,84,0,84,230
10/22/2017,SBP,CA,AWP,WE,Federal Contract Tower,8,15,12,0,35,0,0,104,0,104,8,15,116,0,139,16,0,16,155
10/23/2017,SBP,CA,AWP,WE,Federal Contract Tower,9,23,5,0,37,0,2,84,0,86,9,25,89,0,123,70,0,70,193
10/24/2017,SBP,CA,AWP,WE,Federal Contract Tower,9,21,10,0,40,0,2,74,2,78,9,23,84,2,118,62,2,64,182
10/25/2017,SBP,CA,AWP,WE,Federal Contract Tower,10,24,7,0,41,0,4,137,0,141,10,28,144,0,182,96,0,96,278
10/26/2017,SBP,CA,AWP,WE,Federal Contract Tower,9,25,0,0,34,0,6,108,0,114,9,31,108,0,148,48,0,48,196
10/27/2017,SBP,CA,AWP,WE,Federal Contract Tower,9,28,17,0,54,0,1,126,0,127,9,29,143,0,181,128,0,128,309
10/28/2017,SBP,CA,AWP,WE,Federal Contract Tower,7,13,15,0,35,0,3,104,0,107,7,16,119,0,142,52,0,52,194
10/29/2017,SBP,CA,AWP,WE,Federal Contract Tower,9,18,32,0,59,0,0,26,0,26,9,18,58,0,85,6,0,6,91
10/30/2017,SBP,CA,AWP,WE,Federal Contract Tower,9,20,36,0,65,0,0,2,0,2,9,20,38,0,67,18,0,18,85
10/31/2017,SBP,CA,AWP,WE,Federal Contract Tower,7,22,21,0,50,0,0,62,0,62,7,22,83,0,112,50,0,50,162
11/01/2017,SBP,CA,AWP,WE,Federal Contract Tower,10,25,21,0,56,0,0,95,9,104,10,25,116,9,160,108,6,114,274
11/02/2017,SBP,CA,AWP,WE,Federal Contract Tower,10,25,43,0,78,0,0,89,0,89,10,25,132,0,167,92,0,92,259
11/03/2017,SBP,CA,AWP,WE,Federal Contract Tower,9,25,42,0,76,0,0,48,0,48,9,25,90,0,124,66,0,66,190
11/04/2017,SBP,CA,AWP,WE,Federal Contract Tower,7,18,21,6,52,0,0,64,0,64,7,18,85,6,116,116,0,116,232
11/05/2017,SBP,CA,AWP,WE,Federal Contract Tower,9,15,23,0,47,0,0,82,0,82,9,15,105,0,129,74,0,74,203
11/06/2017,SBP,CA,AWP,WE,Federal Contract Tower,8,20,3,0,31,0,0,66,0,66,8,20,69,0,97,132,0,132,229
11/07/2017,SBP,CA,AWP,WE,Federal Contract Tower,8,22,15,2,47,0,1,91,0,92,8,23,106,2,139,116,0,116,255
11/09/2017,SBP,CA,AWP,WE,Federal Contract Tower,7,37,49,0,93,0,0,38,0,38,7,37,87,0,131,12,0,12,143
11/10/2017,SBP,CA,AWP,WE,Federal Contract Tower,9,20,25,0,54,0,0,114,0,114,9,20,139,0,168,160,0,160,328
11/11/2017,SBP,CA,AWP,WE,Federal Contract Tower,6,11,16,4,37,0,1,114,0,115,6,12,130,4,152,40,0,40,192
11/12/2017,SBP,CA,AWP,WE,Federal Contract Tower,6,15,13,6,40,0,0,105,0,105,6,15,118,6,145,70,0,70,215
11/13/2017,SBP,CA,AWP,WE,Federal Contract Tower,8,20,25,1,54,0,0,83,1,84,8,20,108,2,138,82,0,82,220
11/14/2017,SBP,CA,AWP,WE,Federal Contract Tower,7,23,16,0,46,0,3,64,1,68,7,26,80,1,114,74,0,74,188
11/15/2017,SBP,CA,AWP,WE,Federal Contract Tower,9,22,16,0,47,0,3,110,0,113,9,25,126,0,160,88,2,90,250
11/16/2017,SBP,CA,AWP,WE,Federal Contract Tower,9,24,18,0,51,0,2,52,0,54,9,26,70,0,105,38,0,38,143
11/17/2017,SBP,CA,AWP,WE,Federal Contract Tower,9,22,34,0,65,0,0,83,4,87,9,22,117,4,152,70,0,70,222
11/18/2017,SBP,CA,AWP,WE,Federal Contract Tower,5,18,16,0,39,0,0,114,0,114,5,18,130,0,153,96,0,96,249
11/20/2017,SBP,CA,AWP,WE,Federal Contract Tower,9,18,16,2,45,0,6,88,2,96,9,24,104,4,141,70,0,70,211
11/21/2017,SBP,CA,AWP,WE,Federal Contract Tower,9,21,19,0,49,0,8,151,1,160,9,29,170,1,209,82,0,82,291
11/22/2017,SBP,CA,AWP,WE,Federal Contract Tower,9,20,22,0,51,0,2,133,0,135,9,22,155,0,186,118,0,118,304
11/23/2017,SBP,CA,AWP,WE,Federal Contract Tower,4,10,3,0,17,0,0,44,0,44,4,10,47,0,61,2,0,2,63
11/24/2017,SBP,CA,AWP,WE,Federal Contract Tower,4,18,8,0,30,0,0,77,0,77,4,18,85,0,107,6,0,6,113
11/25/2017,SBP,CA,AWP,WE,Federal Contract Tower,8,17,15,0,40,0,1,141,0,142,8,18,156,0,182,96,0,96,278
11/26/2017,SBP,CA,AWP,WE,Federal Contract Tower,9,18,29,0,56,0,4,28,0,32,9,22,57,0,88,0,0,0,88
11/27/2017,SBP,CA,AWP,WE,Federal Contract Tower,9,20,21,2,52,0,0,48,0,48,9,20,69,2,100,28,0,28,128
11/28/2017,SBP,CA,AWP,WE,Federal Contract Tower,8,22,11,0,41,0,1,71,0,72,8,23,82,0,113,78,0,78,191
11/29/2017,SBP,CA,AWP,WE,Federal Contract Tower,8,23,10,0,41,0,0,99,0,99,8,23,109,0,140,104,0,104,244
11/30/2017,SBP,CA,AWP,WE,Federal Contract Tower,8,28,9,2,47,0,0,84,0,84,8,28,93,2,131,104,0,104,235
12/01/2017,SBP,CA,AWP,WE,Federal Contract Tower,9,25,15,0,49,0,1,86,1,88,9,26,101,1,137,30,0,30,167
12/02/2017,SBP,CA,AWP,WE,Federal Contract Tower,6,9,13,0,28,0,2,147,0,149,6,11,160,0,177,60,0,60,237
12/03/2017,SBP,CA,AWP,WE,Federal Contract Tower,8,18,14,0,40,0,0,85,0,85,8,18,99,0,125,18,0,18,143
12/04/2017,SBP,CA,AWP,WE,Federal Contract Tower,9,15,13,1,38,6,22,36,2,66,15,37,49,3,104,56,0,56,160
12/05/2017,SBP,CA,AWP,WE,Federal Contract Tower,9,19,9,0,37,0,1,44,0,45,9,20,53,0,82,20,0,20,102
12/06/2017,SBP,CA,AWP,WE,Federal Contract Tower,9,23,15,0,47,0,2,83,0,85,9,25,98,0,132,100,0,100,232
12/07/2017,SBP,CA,AWP,WE,Federal Contract Tower,9,18,9,0,36,0,2,76,0,78,9,20,85,0,114,82,0,82,196
12/08/2017,SBP,CA,AWP,WE,Federal Contract Tower,7,25,31,0,63,0,1,108,0,109,7,26,139,0,172,100,0,100,272
12/09/2017,SBP,CA,AWP,WE,Federal Contract Tower,6,13,7,0,26,0,1,90,1,92,6,14,97,1,118,24,0,24,142
12/10/2017,SBP,CA,AWP,WE,Federal Contract Tower,9,18,17,0,44,0,0,55,0,55,9,18,72,0,99,78,0,78,177
12/11/2017,SBP,CA,AWP,WE,Federal Contract Tower,9,19,15,0,43,0,1,79,1,81,9,20,94,1,124,86,0,86,210
12/12/2017,SBP,CA,AWP,WE,Federal Contract Tower,9,25,14,0,48,0,7,74,0,81,9,32,88,0,129,102,0,102,231
12/13/2017,SBP,CA,AWP,WE,Federal Contract Tower,9,22,18,0,49,0,3,78,0,81,9,25,96,0,130,108,0,108,238
12/14/2017,SBP,CA,AWP,WE,Federal Contract Tower,8,27,25,0,60,0,1,133,0,134,8,28,158,0,194,108,0,108,302
12/15/2017,SBP,CA,AWP,WE,Federal Contract Tower,7,24,20,2,53,0,4,157,0,161,7,28,177,2,214,154,0,154,368
12/16/2017,SBP,CA,AWP,WE,Federal Contract Tower,6,16,15,0,37,0,2,51,0,53,6,18,66,0,90,20,0,20,110
12/17/2017,SBP,CA,AWP,WE,Federal Contract Tower,7,13,20,0,40,0,0,79,0,79,7,13,99,0,119,54,0,54,173
12/18/2017,SBP,CA,AWP,WE,Federal Contract Tower,7,19,14,1,41,0,2,119,0,121,7,21,133,1,162,126,0,126,288
12/19/2017,SBP,CA,AWP,WE,Federal Contract Tower,7,31,6,1,45,0,1,92,0,93,7,32,98,1,138,104,2,106,244
12/20/2017,SBP,CA,AWP,WE,Federal Contract Tower,8,29,17,2,56,0,0,3,0,3,8,29,20,2,59,4,0,4,63
12/21/2017,SBP,CA,AWP,WE,Federal Contract Tower,7,27,19,0,53,0,0,102,0,102,7,27,121,0,155,58,0,58,213
12/23/2017,SBP,CA,AWP,WE,Federal Contract Tower,7,21,18,0,46,0,4,97,0,101,7,25,115,0,147,90,0,90,237
12/24/2017,SBP,CA,AWP,WE,Federal Contract Tower,4,11,2,0,17,0,3,56,2,61,4,14,58,2,78,28,0,28,106
12/25/2017,SBP,CA,AWP,WE,Federal Contract Tower,5,5,5,0,15,0,0,44,0,44,5,5,49,0,59,10,0,10,69
12/26/2017,SBP,CA,AWP,WE,Federal Contract Tower,7,23,17,2,49,0,3,98,2,103,7,26,115,4,152,42,0,42,194
12/27/2017,SBP,CA,AWP,WE,Federal Contract Tower,7,21,23,0,51,0,0,110,0,110,7,21,133,0,161,70,0,70,231
12/28/2017,SBP,CA,AWP,WE,Federal Contract Tower,7,24,7,0,38,0,0,91,0,91,7,24,98,0,129,70,0,70,199
12/29/2017,SBP,CA,AWP,WE,Federal Contract Tower,7,22,14,0,43,0,0,82,0,82,7,22,96,0,125,54,0,54,179
12/30/2017,SBP,CA,AWP,WE,Federal Contract Tower,7,15,11,0,33,0,0,97,0,97,7,15,108,0,130,28,0,28,158
01/01/2018,SBP,CA,AWP,WE,Federal Contract Tower,7,12,8,0,27,0,4,63,0,67,7,16,71,0,94,48,0,48,142
01/02/2018,SBP,CA,AWP,WE,Federal Contract Tower,7,19,16,0,42,0,0,116,1,117,7,19,132,1,159,94,0,94,253
01/03/2018,SBP,CA,AWP,WE,Federal Contract Tower,10,24,24,0,58,0,14,43,3,60,10,38,67,3,118,6,0,6,124
01/04/2018,SBP,CA,AWP,WE,Federal Contract Tower,7,28,26,0,61,0,0,1,0,1,7,28,27,0,62,2,0,2,64
01/05/2018,SBP,CA,AWP,WE,Federal Contract Tower,7,22,25,0,54,0,0,40,0,40,7,22,65,0,94,50,0,50,144
01/06/2018,SBP,CA,AWP,WE,Federal Contract Tower,7,10,22,0,39,0,0,79,0,79,7,10,101,0,118,126,0,126,244
01/07/2018,SBP,CA,AWP,WE,Federal Contract Tower,5,13,22,0,40,0,0,110,0,110,5,13,132,0,150,150,0,150,300
01/08/2018,SBP,CA,AWP,WE,Federal Contract Tower,7,18,16,0,41,0,1,9,0,10,7,19,25,0,51,28,0,28,79
01/09/2018,SBP,CA,AWP,WE,Federal Contract Tower,5,29,11,0,45,0,1,8,0,9,5,30,19,0,54,30,0,30,84
01/10/2018,SBP,CA,AWP,WE,Federal Contract Tower,6,24,14,0,44,0,3,81,0,84,6,27,95,0,128,152,0,152,280
01/11/2018,SBP,CA,AWP,WE,Federal Contract Tower,7,25,17,0,49,0,0,104,0,104,7,25,121,0,153,62,0,62,215
01/12/2018,SBP,CA,AWP,WE,Federal Contract Tower,7,18,27,0,52,0,3,109,0,112,7,21,136,0,164,52,0,52,216
01/13/2018,SBP,CA,AWP,WE,Federal Contract Tower,7,10,12,1,30,0,1,136,0,137,7,11,148,1,167,126,0,126,293
01/14/2018,SBP,CA,AWP,WE,Federal Contract Tower,7,16,10,0,33,0,2,134,0,136,7,18,144,0,169,96,0,96,265
01/15/2018,SBP,CA,AWP,WE,Federal Contract Tower,7,19,24,0,50,0,0,129,0,129,7,19,153,0,179,196,0,196,375
01/16/2018,SBP,CA,AWP,WE,Federal Contract Tower,6,27,22,0,55,0,1,100,3,104,6,28,122,3,159,96,0,96,255
01/17/2018,SBP,CA,AWP,WE,Federal Contract Tower,7,23,19,0,49,0,5,75,0,80,7,28,94,0,129,70,0,70,199
01/18/2018,SBP,CA,AWP,WE,Federal Contract Tower,6,23,25,0,54,0,0,54,0,54,6,23,79,0,108,54,0,54,162
01/19/2018,SBP,CA,AWP,WE,Federal Contract Tower,6,25,40,0,71,0,0,38,0,38,6,25,78,0,109,24,0,24,133
01/20/2018,SBP,CA,AWP,WE,Federal Contract Tower,6,13,15,0,34,0,0,140,0,140,6,13,155,0,174,92,0,92,266
01/21/2018,SBP,CA,AWP,WE,Federal Contract Tower,7,12,19,0,38,0,2,182,0,184,7,14,201,0,222,106,0,106,328
01/22/2018,SBP,CA,AWP,WE,Federal Contract Tower,7,18,15,0,40,0,5,91,2,98,7,23,106,2,138,52,2,54,192
01/23/2018,SBP,CA,AWP,WE,Federal Contract Tower,6,20,22,0,48,0,3,100,0,103,6,23,122,0,151,80,0,80,231
01/24/2018,SBP,CA,AWP,WE,Federal Contract Tower,7,23,24,0,54,0,4,89,0,93,7,27,113,0,147,74,0,74,221
01/25/2018,SBP,CA,AWP,WE,Federal Contract Tower,8,24,23,1,56,0,2,93,0,95,8,26,116,1,151,40,6,46,197
01/26/2018,SBP,CA,AWP,WE,Federal Contract Tower,7,22,21,0,50,0,3,151,3,157,7,25,172,3,207,74,2,76,283
01/27/2018,SBP,CA,AWP,WE,Federal Contract Tower,8,13,16,0,37,0,1,110,0,111,8,14,126,0,148,20,0,20,168
01/28/2018,SBP,CA,AWP,WE,Federal Contract Tower,7,16,16,0,39,0,0,164,0,164,7,16,180,0,203,40,0,40,243
01/29/2018,SBP,CA,AWP,WE,Federal Contract Tower,7,21,16,1,45,0,0,82,7,89,7,21,98,8,134,60,0,60,194
01/30/2018,SBP,CA,AWP,WE,Federal Contract Tower,6,26,10,3,45,0,0,115,4,119,6,26,125,7,164,110,0,110,274
01/31/2018,SBP,CA,AWP,WE,Federal Contract Tower,7,23,14,0,44,0,0,86,0,86,7,23,100,0,130,74,0,74,204
02/01/2018,SBP,CA,AWP,WE,Federal Contract Tower,7,25,16,2,50,0,1,135,0,136,7,26,151,2,186,78,0,78,264
02/02/2018,SBP,CA,AWP,WE,Federal Contract Tower,7,22,13,0,42,0,0,85,0,85,7,22,98,0,127,34,0,34,161
02/03/2018,SBP,CA,AWP,WE,Federal Contract Tower,6,14,17,0,37,0,1,184,0,185,6,15,201,0,222,32,0,32,254
02/04/2018,SBP,CA,AWP,WE,Federal Contract Tower,7,17,11,0,35,0,0,98,0,98,7,17,109,0,133,54,0,54,187
02/05/2018,SBP,CA,AWP,WE,Federal Contract Tower,5,17,5,2,29,0,1,87,1,89,5,18,92,3,118,102,0,102,220
02/06/2018,SBP,CA,AWP,WE,Federal Contract Tower,8,22,26,0,56,0,1,66,0,67,8,23,92,0,123,56,0,56,179
02/07/2018,SBP,CA,AWP,WE,Federal Contract Tower,7,22,11,0,40,0,3,71,0,74,7,25,82,0,114,86,0,86,200
02/08/2018,SBP,CA,AWP,WE,Federal Contract Tower,6,25,13,0,44,0,9,108,0,117,6,34,121,0,161,94,0,94,255
02/09/2018,SBP,CA,AWP,WE,Federal Contract Tower,6,24,12,0,42,0,4,140,0,144,6,28,152,0,186,110,0,110,296
02/10/2018,SBP,CA,AWP,WE,Federal Contract Tower,7,15,17,2,41,0,0,86,1,87,7,15,103,3,128,56,0,56,184
02/11/2018,SBP,CA,AWP,WE,Federal Contract Tower,7,18,13,0,38,0,0,139,0,139,7,18,152,0,177,100,0,100,277
02/12/2018,SBP,CA,AWP,WE,Federal Contract Tower,7,20,22,0,49,0,0,60,0,60,7,20,82,0,109,96,0,96,205
02/13/2018,SBP,CA,AWP,WE,Federal Contract Tower,6,29,28,4,67,0,0,100,0,100,6,29,128,4,167,80,0,80,247
02/14/2018,SBP,CA,AWP,WE,Federal Contract Tower,6,27,12,1,46,0,3,72,6,81,6,30,84,7,127,92,0,92,219
02/15/2018,SBP,CA,AWP,WE,Federal Contract Tower,7,25,25,0,57,0,1,109,0,110,7,26,134,0,167,56,0,56,223
02/16/2018,SBP,CA,AWP,WE,Federal Contract Tower,7,21,19,0,47,0,2,159,0,161,7,23,178,0,208,92,0,92,300
02/17/2018,SBP,CA,AWP,WE,Federal Contract Tower,7,13,16,0,36,0,1,135,0,136,7,14,151,0,172,38,0,38,210
02/18/2018,SBP,CA,AWP,WE,Federal Contract Tower,8,12,20,0,40,0,1,90,1,92,8,13,110,1,132,4,0,4,136
02/19/2018,SBP,CA,AWP,WE,Federal Contract Tower,7,22,18,0,47,0,2,63,0,65,7,24,81,0,112,30,0,30,142
02/20/2018,SBP,CA,AWP,WE,Federal Contract Tower,7,24,11,3,45,0,2,86,1,89,7,26,97,4,134,120,0,120,254
02/21/2018,SBP,CA,AWP,WE,Federal Contract Tower,8,22,17,1,48,0,2,79,3,84,8,24,96,4,132,42,0,42,174
02/22/2018,SBP,CA,AWP,WE,Federal Contract Tower,5,23,24,0,52,0,6,52,0,58,5,29,76,0,110,46,0,46,156
02/23/2018,SBP,CA,AWP,WE,Federal Contract Tower,7,24,20,1,52,0,0,83,0,83,7,24,103,1,135,72,0,72,207
02/24/2018,SBP,CA,AWP,WE,Federal Contract Tower,7,12,16,0,35,0,0,131,0,131,7,12,147,0,166,90,0,90,256
02/25/2018,SBP,CA,AWP,WE,Federal Contract Tower,6,18,20,0,44,0,0,112,8,120,6,18,132,8,164,16,0,16,180
02/26/2018,SBP,CA,AWP,WE,Federal Contract Tower,7,16,20,0,43,0,0,20,0,20,7,16,40,0,63,20,0,20,83
02/27/2018,SBP,CA,AWP,WE,Federal Contract Tower,6,21,18,0,45,0,0,0,0,0,6,21,18,0,45,22,0,22,67
02/28/2018,SBP,CA,AWP,WE,Federal Contract Tower,6,20,21,5,52,0,0,121,0,121,6,20,142,5,173,86,0,86,259
03/01/2018,SBP,CA,AWP,WE,Federal Contract Tower,6,21,14,0,41,0,0,2,0,2,6,21,16,0,43,0,0,0,43
03/02/2018,SBP,CA,AWP,WE,Federal Contract Tower,6,23,23,0,52,0,2,7,0,9,6,25,30,0,61,18,0,18,79
03/03/2018,SBP,CA,AWP,WE,Federal Contract Tower,7,13,12,0,32,0,2,44,0,46,7,15,56,0,78,86,0,86,164
03/04/2018,SBP,CA,AWP,WE,Federal Contract Tower,6,13,22,0,41,0,0,178,1,179,6,13,200,1,220,178,0,178,398
03/05/2018,SBP,CA,AWP,WE,Federal Contract Tower,6,19,11,0,36,0,0,65,0,65,6,19,76,0,101,70,0,70,171
03/06/2018,SBP,CA,AWP,WE,Federal Contract Tower,6,20,17,0,43,0,2,128,1,131,6,22,145,1,174,190,0,190,364
03/07/2018,SBP,CA,AWP,WE,Federal Contract Tower,7,20,25,0,52,0,0,104,2,106,7,20,129,2,158,88,0,88,246
03/08/2018,SBP,CA,AWP,WE,Federal Contract Tower,7,21,13,1,42,0,0,89,2,91,7,21,102,3,133,177,0,177,310
03/09/2018,SBP,CA,AWP,WE,Federal Contract Tower,7,24,27,0,58,0,0,117,0,117,7,24,144,0,175,266,0,266,441
03/10/2018,SBP,CA,AWP,WE,Federal Contract Tower,10,19,21,1,51,0,0,30,0,30,10,19,51,1,81,124,0,124,205
03/11/2018,SBP,CA,AWP,WE,Federal Contract Tower,9,14,34,0,57,0,0,0,0,0,9,14,34,0,57,176,0,176,233
03/12/2018,SBP,CA,AWP,WE,Federal Contract Tower,7,21,24,0,52,0,0,45,2,47,7,21,69,2,99,68,0,68,167
03/13/2018,SBP,CA,AWP,WE,Federal Contract Tower,5,21,18,0,44,0,0,0,0,0,5,21,18,0,44,0,0,0,44
03/14/2018,SBP,CA,AWP,WE,Federal Contract Tower,9,18,41,4,72,0,0,6,0,6,9,18,47,4,78,12,0,12,90
03/15/2018,SBP,CA,AWP,WE,Federal Contract Tower,7,26,14,0,47,0,0,112,0,112,7,26,126,0,159,168,0,168,327
03/16/2018,SBP,CA,AWP,WE,Federal Contract Tower,9,25,28,0,62,0,0,5,0,5,9,25,33,0,67,16,0,16,83
03/17/2018,SBP,CA,AWP,WE,Federal Contract Tower,7,12,13,0,32,0,1,28,0,29,7,13,41,0,61,62,0,62,123
03/18/2018,SBP,CA,AWP,WE,Federal Contract Tower,7,14,33,0,54,0,0,181,1,182,7,14,214,1,236,50,0,50,286
03/19/2018,SBP,CA,AWP,WE,Federal Contract Tower,7,13,23,1,44,0,2,98,0,100,7,15,121,1,144,68,0,68,212
03/20/2018,SBP,CA,AWP,WE,Federal Contract Tower,8,19,24,0,51,0,1,18,0,19,8,20,42,0,70,12,0,12,82
03/21/2018,SBP,CA,AWP,WE,Federal Contract Tower,5,26,22,0,53,0,0,0,0,0,5,26,22,0,53,0,0,0,53
03/22/2018,SBP,CA,AWP,WE,Federal Contract Tower,9,22,16,0,47,0,0,0,0,0,9,22,16,0,47,0,0,0,47
03/23/2018,SBP,CA,AWP,WE,Federal Contract Tower,7,17,34,0,58,0,1,131,4,136,7,18,165,4,194,136,0,136,330
03/24/2018,SBP,CA,AWP,WE,Federal Contract Tower,7,11,20,0,38,0,2,93,2,97,7,13,113,2,135,78,0,78,213
03/25/2018,SBP,CA,AWP,WE,Federal Contract Tower,7,18,22,0,47,0,0,105,0,105,7,18,127,0,152,10,0,10,162
03/26/2018,SBP,CA,AWP,WE,Federal Contract Tower,7,15,19,0,41,0,2,94,0,96,7,17,113,0,137,48,0,48,185
03/27/2018,SBP,CA,AWP,WE,Federal Contract Tower,7,20,13,0,40,0,2,108,0,110,7,22,121,0,150,66,0,66,216
03/28/2018,SBP,CA,AWP,WE,Federal Contract Tower,7,20,20,5,52,0,2,154,2,158,7,22,174,7,210,94,0,94,304
03/29/2018,SBP,CA,AWP,WE,Federal Contract Tower,7,19,19,0,45,0,1,111,2,114,7,20,130,2,159,114,0,114,273
03/30/2018,SBP,CA,AWP,WE,Federal Contract Tower,7,18,11,1,37,0,1,121,0,122,7,19,132,1,159,80,0,80,239
03/31/2018,SBP,CA,AWP,WE,Federal Contract Tower,7,11,19,0,37,0,1,73,0,74,7,12,92,0,111,20,0,20,131
04/01/2018,SBP,CA,AWP,WE,Federal Contract Tower,7,16,23,0,46,0,0,103,0,103,7,16,126,0,149,110,0,110,259
04/02/2018,SBP,CA,AWP,WE,Federal Contract Tower,7,19,30,0,56,0,0,69,1,70,7,19,99,1,126,52,0,52,178
04/03/2018,SBP,CA,AWP,WE,Federal Contract Tower,7,21,23,0,51,0,0,47,0,47,7,21,70,0,98,34,2,36,134
04/04/2018,SBP,CA,AWP,WE,Federal Contract Tower,7,21,23,0,51,0,1,61,0,62,7,22,84,0,113,86,0,86,199
04/05/2018,SBP,CA,AWP,WE,Federal Contract Tower,7,22,23,1,53,0,0,92,0,92,7,22,115,1,145,48,8,56,201
04/06/2018,SBP,CA,AWP,WE,Federal Contract Tower,6,19,39,1,65,0,0,44,5,49,6,19,83,6,114,76,0,76,190
04/07/2018,SBP,CA,AWP,WE,Federal Contract Tower,7,13,22,0,42,0,0,4,0,4,7,13,26,0,46,12,0,12,58
04/08/2018,SBP,CA,AWP,WE,Federal Contract Tower,6,14,29,0,49,0,0,93,0,93,6,14,122,0,142,18,0,18,160
04/09/2018,SBP,CA,AWP,WE,Federal Contract Tower,12,16,20,0,48,0,1,97,0,98,12,17,117,0,146,40,0,40,186
04/10/2018,SBP,CA,AWP,WE,Federal Contract Tower,10,20,22,0,52,0,0,106,0,106,10,20,128,0,158,82,0,82,240
04/11/2018,SBP,CA,AWP,WE,Federal Contract Tower,17,23,21,0,61,0,0,43,0,43,17,23,64,0,104,0,2,2,106
04/12/2018,SBP,CA,AWP,WE,Federal Contract Tower,12,18,11,0,41,0,0,66,0,66,12,18,77,0,107,56,0,56,163
04/13/2018,SBP,CA,AWP,WE,Federal Contract Tower,13,20,9,0,42,0,2,88,0,90,13,22,97,0,132,22,0,22,154
04/14/2018,SBP,CA,AWP,WE,Federal Contract Tower,11,13,20,0,44,0,0,195,0,195,11,13,215,0,239,46,0,46,285
04/15/2018,SBP,CA,AWP,WE,Federal Contract Tower,12,11,12,0,35,0,1,62,1,64,12,12,74,1,99,56,0,56,155
04/16/2018,SBP,CA,AWP,WE,Federal Contract Tower,13,12,15,0,40,0,0,31,0,31,13,12,46,0,71,0,0,0,71
04/17/2018,SBP,CA,AWP,WE,Federal Contract Tower,14,20,13,4,51,0,0,105,0,105,14,20,118,4,156,32,0,32,188
04/18/2018,SBP,CA,AWP,WE,Federal Contract Tower,15,19,15,0,49,0,1,73,0,74,15,20,88,0,123,28,0,28,151
04/19/2018,SBP,CA,AWP,WE,Federal Contract Tower,12,16,13,0,41,0,1,68,0,69,12,17,81,0,110,62,0,62,172
04/20/2018,SBP,CA,AWP,WE,Federal Contract Tower,14,17,28,0,59,0,2,107,0,109,14,19,135,0,168,78,0,78,246
04/21/2018,SBP,CA,AWP,WE,Federal Contract Tower,12,7,16,0,35,0,0,122,0,122,12,7,138,0,157,76,0,76,233
04/22/2018,SBP,CA,AWP,WE,Federal Contract Tower,12,12,19,1,44,0,1,128,2,131,12,13,147,3,175,76,0,76,251
04/23/2018,SBP,CA,AWP,WE,Federal Contract Tower,53,0,0,0,53,63,0,0,0,63,116,0,0,0,116,80,0,80,196
04/24/2018,SBP,CA,AWP,WE,Federal Contract Tower,14,15,20,0,49,0,1,65,1,67,14,16,85,1,116,190,0,190,306
04/25/2018,SBP,CA,AWP,WE,Federal Contract Tower,17,13,23,0,53,0,0,59,0,59,17,13,82,0,112,120,0,120,232
04/26/2018,SBP,CA,AWP,WE,Federal Contract Tower,14,20,34,3,71,0,0,96,1,97,14,20,130,4,168,86,0,86,254
04/27/2018,SBP,CA,AWP,WE,Federal Contract Tower,17,16,27,0,60,0,0,56,0,56,17,16,83,0,116,66,0,66,182
04/28/2018,SBP,CA,AWP,WE,Federal Contract Tower,15,4,17,0,36,0,0,81,0,81,15,4,98,0,117,100,0,100,217
04/29/2018,SBP,CA,AWP,WE,Federal Contract Tower,14,12,19,0,45,0,0,77,0,77,14,12,96,0,122,10,0,10,132
04/30/2018,SBP,CA,AWP,WE,Federal Contract Tower,13,15,22,0,50,0,2,49,0,51,13,17,71,0,101,36,0,36,137
05/01/2018,SBP,CA,AWP,WE,Federal Contract Tower,14,16,25,0,55,0,0,82,0,82,14,16,107,0,137,110,0,110,247
05/02/2018,SBP,CA,AWP,WE,Federal Contract Tower,15,17,20,3,55,0,0,71,1,72,15,17,91,4,127,88,0,88,215
05/03/2018,SBP,CA,AWP,WE,Federal Contract Tower,14,17,29,0,60,0,1,150,3,154,14,18,179,3,214,106,0,106,320
05/04/2018,SBP,CA,AWP,WE,Federal Contract Tower,13,15,19,0,47,0,1,146,5,152,13,16,165,5,199,150,0,150,349
05/05/2018,SBP,CA,AWP,WE,Federal Contract Tower,13,14,17,2,46,0,1,71,0,72,13,15,88,2,118,58,0,58,176
05/06/2018,SBP,CA,AWP,WE,Federal Contract Tower,17,9,16,0,42,0,1,133,1,135,17,10,149,1,177,106,0,106,283
05/07/2018,SBP,CA,AWP,WE,Federal Contract Tower,14,16,18,1,49,0,1,70,1,72,14,17,88,2,121,62,0,62,183
05/08/2018,SBP,CA,AWP,WE,Federal Contract Tower,14,16,15,0,45,0,0,65,0,65,14,16,80,0,110,82,0,82,192
05/09/2018,SBP,CA,AWP,WE,Federal Contract Tower,20,17,23,0,60,0,2,73,3,78,20,19,96,3,138,80,0,80,218
05/10/2018,SBP,CA,AWP,WE,Federal Contract Tower,19,17,17,0,53,6,0,120,0,126,25,17,137,0,179,114,0,114,293
05/11/2018,SBP,CA,AWP,WE,Federal Contract Tower,15,19,52,0,86,0,1,37,0,38,15,20,89,0,124,62,0,62,186
05/12/2018,SBP,CA,AWP,WE,Federal Contract Tower,12,9,36,0,57,0,0,120,0,120,12,9,156,0,177,82,0,82,259
05/13/2018,SBP,CA,AWP,WE,Federal Contract Tower,17,13,42,0,72,0,0,56,0,56,17,13,98,0,128,42,0,42,170
05/14/2018,SBP,CA,AWP,WE,Federal Contract Tower,12,12,24,0,48,0,0,72,0,72,12,12,96,0,120,48,0,48,168
05/15/2018,SBP,CA,AWP,WE,Federal Contract Tower,13,14,24,0,51,0,2,72,0,74,13,16,96,0,125,216,0,216,341
05/16/2018,SBP,CA,AWP,WE,Federal Contract Tower,19,16,11,0,46,0,3,94,2,99,19,19,105,2,145,92,17,109,254
05/17/2018,SBP,CA,AWP,WE,Federal Contract Tower,22,21,16,0,59,0,0,79,2,81,22,21,95,2,140,154,0,154,294
05/18/2018,SBP,CA,AWP,WE,Federal Contract Tower,16,12,27,0,55,0,1,79,0,80,16,13,106,0,135,128,0,128,263
05/19/2018,SBP,CA,AWP,WE,Federal Contract Tower,15,7,13,4,39,0,0,77,1,78,15,7,90,5,117,86,0,86,203
05/20/2018,SBP,CA,AWP,WE,Federal Contract Tower,18,8,19,0,45,0,1,63,2,66,18,9,82,2,111,48,0,48,159
05/21/2018,SBP,CA,AWP,WE,Federal Contract Tower,15,16,41,0,72,0,0,23,0,23,15,16,64,0,95,122,0,122,217
05/22/2018,SBP,CA,AWP,WE,Federal Contract Tower,13,20,35,0,68,0,0,68,0,68,13,20,103,0,136,100,0,100,236
05/23/2018,SBP,CA,AWP,WE,Federal Contract Tower,18,11,45,1,75,0,0,45,1,46,18,11,90,2,121,98,0,98,219
05/24/2018,SBP,CA,AWP,WE,Federal Contract Tower,16,19,54,3,92,0,0,51,0,51,16,19,105,3,143,182,0,182,325
05/25/2018,SBP,CA,AWP,WE,Federal Contract Tower,16,16,39,0,71,0,0,72,0,72,16,16,111,0,143,112,0,112,255
05/26/2018,SBP,CA,AWP,WE,Federal Contract Tower,12,9,28,0,49,0,2,103,0,105,12,11,131,0,154,110,0,110,264
05/27/2018,SBP,CA,AWP,WE,Federal Contract Tower,14,10,20,0,44,0,1,93,0,94,14,11,113,0,138,70,0,70,208
05/28/2018,SBP,CA,AWP,WE,Federal Contract Tower,15,10,42,0,67,0,0,141,0,141,15,10,183,0,208,54,0,54,262
05/29/2018,SBP,CA,AWP,WE,Federal Contract Tower,14,11,29,0,54,0,0,54,0,54,14,11,83,0,108,80,0,80,188
05/30/2018,SBP,CA,AWP,WE,Federal Contract Tower,16,17,38,0,71,0,0,41,0,41,16,17,79,0,112,46,0,46,158
05/31/2018,SBP,CA,AWP,WE,Federal Contract Tower,15,16,22,0,53,0,1,82,0,83,15,17,104,0,136,110,0,110,246
06/01/2018,SBP,CA,AWP,WE,Federal Contract Tower,14,14,16,0,44,0,1,107,0,108,14,15,123,0,152,64,0,64,216
06/02/2018,SBP,CA,AWP,WE,Federal Contract Tower,12,9,16,0,37,0,0,103,0,103,12,9,119,0,140,96,0,96,236
06/03/2018,SBP,CA,AWP,WE,Federal Contract Tower,15,9,15,0,39,0,0,109,0,109,15,9,124,0,148,58,0,58,206
06/04/2018,SBP,CA,AWP,WE,Federal Contract Tower,12,13,22,0,47,0,0,83,0,83,12,13,105,0,130,200,0,200,330
06/05/2018,SBP,CA,AWP,WE,Federal Contract Tower,15,11,20,0,46,0,0,91,0,91,15,11,111,0,137,168,0,168,305
06/06/2018,SBP,CA,AWP,WE,Federal Contract Tower,16,15,35,0,66,0,0,94,0,94,16,15,129,0,160,172,0,172,332
06/07/2018,SBP,CA,AWP,WE,Federal Contract Tower,17,15,14,0,46,0,1,99,0,100,17,16,113,0,146,122,0,122,268
06/08/2018,SBP,CA,AWP,WE,Federal Contract Tower,15,16,19,0,50,0,1,78,1,80,15,17,97,1,130,88,0,88,218
06/09/2018,SBP,CA,AWP,WE,Federal Contract Tower,15,11,14,0,40,0,0,67,0,67,15,11,81,0,107,66,0,66,173
06/10/2018,SBP,CA,AWP,WE,Federal Contract Tower,16,9,20,0,45,0,0,72,0,72,16,9,92,0,117,37,0,37,154
06/11/2018,SBP,CA,AWP,WE,Federal Contract Tower,19,14,9,1,43,1,2,69,0,72,20,16,78,1,115,60,0,60,175
06/12/2018,SBP,CA,AWP,WE,Federal Contract Tower,16,21,11,2,50,0,0,82,1,83,16,21,93,3,133,82,2,84,217
06/13/2018,SBP,CA,AWP,WE,Federal Contract Tower,19,13,17,0,49,0,0,103,0,103,19,13,120,0,152,180,0,180,332
06/14/2018,SBP,CA,AWP,WE,Federal Contract Tower,18,15,26,0,59,0,0,84,0,84,18,15,110,0,143,126,0,126,269
06/15/2018,SBP,CA,AWP,WE,Federal Contract Tower,16,20,30,0,66,0,0,69,0,69,16,20,99,0,135,68,0,68,203
06/16/2018,SBP,CA,AWP,WE,Federal Contract Tower,10,18,47,0,75,0,0,30,0,30,10,18,77,0,105,34,0,34,139
06/17/2018,SBP,CA,AWP,WE,Federal Contract Tower,19,10,47,0,76,0,81,0,0,81,19,91,47,0,157,144,0,144,301
06/18/2018,SBP,CA,AWP,WE,Federal Contract Tower,17,0,13,0,30,0,0,67,0,67,17,0,80,0,97,52,0,52,149
06/19/2018,SBP,CA,AWP,WE,Federal Contract Tower,18,19,22,2,61,0,0,74,0,74,18,19,96,2,135,104,0,104,239
06/20/2018,SBP,CA,AWP,WE,Federal Contract Tower,14,24,20,0,58,0,0,62,0,62,14,24,82,0,120,40,2,42,162
06/21/2018,SBP,CA,AWP,WE,Federal Contract Tower,20,12,21,23,76,0,0,66,0,66,20,12,87,23,142,122,0,122,264
06/22/2018,SBP,CA,AWP,WE,Federal Contract Tower,14,15,11,1,41,0,0,90,0,90,14,15,101,1,131,100,0,100,231
06/23/2018,SBP,CA,AWP,WE,Federal Contract Tower,15,13,23,3,54,0,0,103,1,104,15,13,126,4,158,16,0,16,174
06/24/2018,SBP,CA,AWP,WE,Federal Contract Tower,18,5,33,0,56,0,0,62,0,62,18,5,95,0,118,102,0,102,220
06/25/2018,SBP,CA,AWP,WE,Federal Contract Tower,18,7,29,0,54,0,0,34,0,34,18,7,63,0,88,10,0,10,98
06/26/2018,SBP,CA,AWP,WE,Federal Contract Tower,17,14,19,1,51,0,0,74,0,74,17,14,93,1,125,46,0,46,171
06/27/2018,SBP,CA,AWP,WE,Federal Contract Tower,17,15,26,5,63,0,0,66,3,69,17,15,92,8,132,94,0,94,226
06/28/2018,SBP,CA,AWP,WE,Federal Contract Tower,20,20,20,0,60,0,0,0,0,0,20,20,20,0,60,106,0,106,166
06/29/2018,SBP,CA,AWP,WE,Federal Contract Tower,16,18,34,0,68,0,1,111,1,113,16,19,145,1,181,82,0,82,263
06/30/2018,SBP,CA,AWP,WE,Federal Contract Tower,14,15,19,0,48,0,0,76,0,76,14,15,95,0,124,54,0,54,178
07/01/2018,SBP,CA,AWP,WE,Federal Contract Tower,13,10,14,0,37,0,0,52,6,58,13,10,66,6,95,28,0,28,123
07/02/2018,SBP,CA,AWP,WE,Federal Contract Tower,14,12,28,0,54,0,0,63,0,63,14,12,91,0,117,62,0,62,179
07/03/2018,SBP,CA,AWP,WE,Federal Contract Tower,15,20,40,0,75,0,0,36,0,36,15,20,76,0,111,164,0,164,275
07/04/2018,SBP,CA,AWP,WE,Federal Contract Tower,13,8,12,0,33,0,0,48,0,48,13,8,60,0,81,26,0,26,107
07/05/2018,SBP,CA,AWP,WE,Federal Contract Tower,17,17,17,0,51,0,0,74,2,76,17,17,91,2,127,98,0,98,225
07/06/2018,SBP,CA,AWP,WE,Federal Contract Tower,13,19,18,0,50,0,2,102,0,104,13,21,120,0,154,118,0,118,272
07/07/2018,SBP,CA,AWP,WE,Federal Contract Tower,14,13,6,0,33,0,8,69,0,77,14,21,75,0,110,8,0,8,118
07/08/2018,SBP,CA,AWP,WE,Federal Contract Tower,18,8,20,0,46,0,0,105,0,105,18,8,125,0,151,18,0,18,169
07/09/2018,SBP,CA,AWP,WE,Federal Contract Tower,18,10,11,2,41,0,1,62,0,63,18,11,73,2,104,72,0,72,176
07/10/2018,SBP,CA,AWP,WE,Federal Contract Tower,14,20,7,1,42,0,2,74,4,80,14,22,81,5,122,60,0,60,182
07/11/2018,SBP,CA,AWP,WE,Federal Contract Tower,14,11,24,6,55,0,0,87,6,93,14,11,111,12,148,82,0,82,230
07/12/2018,SBP,CA,AWP,WE,Federal Contract Tower,18,12,22,2,54,0,2,104,2,108,18,14,126,4,162,76,0,76,238
07/13/2018,SBP,CA,AWP,WE,Federal Contract Tower,16,18,26,0,60,0,0,172,0,172,16,18,198,0,232,192,0,192,424
07/14/2018,SBP,CA,AWP,WE,Federal Contract Tower,14,14,17,0,45,0,0,98,2,100,14,14,115,2,145,44,2,46,191
07/15/2018,SBP,CA,AWP,WE,Federal Contract Tower,16,7,26,0,49,0,0,93,0,93,16,7,119,0,142,82,0,82,224
07/16/2018,SBP,CA,AWP,WE,Federal Contract Tower,17,15,21,2,55,0,0,45,0,45,17,15,66,2,100,52,0,52,152
07/17/2018,SBP,CA,AWP,WE,Federal Contract Tower,19,16,23,0,58,0,0,65,1,66,19,16,88,1,124,106,0,106,230
07/18/2018,SBP,CA,AWP,WE,Federal Contract Tower,19,12,28,1,60,0,0,121,3,124,19,12,149,4,184,96,0,96,280
07/19/2018,SBP,CA,AWP,WE,Federal Contract Tower,18,24,14,2,58,0,0,100,0,100,18,24,114,2,158,92,0,92,250
07/20/2018,SBP,CA,AWP,WE,Federal Contract Tower,18,15,30,1,64,0,1,132,0,133,18,16,162,1,197,50,0,50,247
07/21/2018,SBP,CA,AWP,WE,Federal Contract Tower,13,15,26,1,55,0,5,95,1,101,13,20,121,2,156,24,0,24,180
07/22/2018,SBP,CA,AWP,WE,Federal Contract Tower,17,13,29,0,59,0,0,128,9,137,17,13,157,9,196,54,0,54,250
07/23/2018,SBP,CA,AWP,WE,Federal Contract Tower,17,14,10,2,43,0,0,60,1,61,17,14,70,3,104,60,0,60,164
07/24/2018,SBP,CA,AWP,WE,Federal Contract Tower,18,18,9,0,45,0,0,71,2,73,18,18,80,2,118,32,0,32,150
07/25/2018,SBP,CA,AWP,WE,Federal Contract Tower,18,21,12,0,51,0,3,72,5,80,18,24,84,5,131,68,0,68,199
07/26/2018,SBP,CA,AWP,WE,Federal Contract Tower,20,16,20,0,56,0,0,120,8,128,20,16,140,8,184,114,12,126,310
07/27/2018,SBP,CA,AWP,WE,Federal Contract Tower,15,14,29,0,58,0,1,98,0,99,15,15,127,0,157,24,4,28,185
07/28/2018,SBP,CA,AWP,WE,Federal Contract Tower,16,12,15,2,45,0,0,104,2,106,16,12,119,4,151,64,0,64,215
07/29/2018,SBP,CA,AWP,WE,Federal Contract Tower,16,6,20,0,42,0,0,80,0,80,16,6,100,0,122,48,0,48,170
07/30/2018,SBP,CA,AWP,WE,Federal Contract Tower,18,11,26,1,56,0,1,61,1,63,18,12,87,2,119,74,0,74,193
07/31/2018,SBP,CA,AWP,WE,Federal Contract Tower,17,21,12,3,53,0,1,99,0,100,17,22,111,3,153,116,8,124,277
08/01/2018,SBP,CA,AWP,WE,Federal Contract Tower,17,17,21,3,58,0,0,89,0,89,17,17,110,3,147,108,4,112,259
08/02/2018,SBP,CA,AWP,WE,Federal Contract Tower,19,13,26,0,58,0,1,115,3,119,19,14,141,3,177,160,0,160,337
08/03/2018,SBP,CA,AWP,WE,Federal Contract Tower,16,13,32,0,61,0,3,95,0,98,16,16,127,0,159,52,0,52,211
08/04/2018,SBP,CA,AWP,WE,Federal Contract Tower,14,16,20,2,52,0,1,101,1,103,14,17,121,3,155,72,8,80,235
08/05/2018,SBP,CA,AWP,WE,Federal Contract Tower,20,6,19,0,45,0,2,105,0,107,20,8,124,0,152,32,0,32,184
08/06/2018,SBP,CA,AWP,WE,Federal Contract Tower,18,12,19,0,49,0,4,64,0,68,18,16,83,0,117,102,14,116,233
08/07/2018,SBP,CA,AWP,WE,Federal Contract Tower,20,16,20,0,56,0,0,110,0,110,20,16,130,0,166,178,0,178,344
08/08/2018,SBP,CA,AWP,WE,Federal Contract Tower,20,12,22,0,54,0,0,138,0,138,20,12,160,0,192,194,4,198,390
08/09/2018,SBP,CA,AWP,WE,Federal Contract Tower,20,11,19,1,51,0,0,145,0,145,20,11,164,1,196,166,0,166,362
08/10/2018,SBP,CA,AWP,WE,Federal Contract Tower,14,13,25,2,54,0,3,108,3,114,14,16,133,5,168,114,0,114,282
08/11/2018,SBP,CA,AWP,WE,Federal Contract Tower,15,14,8,0,37,0,1,107,3,111,15,15,115,3,148,62,0,62,210
08/12/2018,SBP,CA,AWP,WE,Federal Contract Tower,15,15,15,2,47,0,1,138,0,139,15,16,153,2,186,8,0,8,194
08/13/2018,SBP,CA,AWP,WE,Federal Contract Tower,18,14,29,0,61,0,0,77,0,77,18,14,106,0,138,102,0,102,240
08/14/2018,SBP,CA,AWP,WE,Federal Contract Tower,14,19,33,4,70,0,0,71,1,72,14,19,104,5,142,46,0,46,188
08/15/2018,SBP,CA,AWP,WE,Federal Contract Tower,19,16,30,1,66,0,0,125,1,126,19,16,155,2,192,136,0,136,328
08/16/2018,SBP,CA,AWP,WE,Federal Contract Tower,17,16,21,0,54,0,0,94,0,94,17,16,115,0,148,148,0,148,296
08/17/2018,SBP,CA,AWP,WE,Federal Contract Tower,18,12,13,1,44,0,1,107,0,108,18,13,120,1,152,120,0,120,272
08/18/2018,SBP,CA,AWP,WE,Federal Contract Tower,13,13,20,0,46,0,0,118,0,118,13,13,138,0,164,94,0,94,258
08/19/2018,SBP,CA,AWP,WE,Federal Contract Tower,18,8,29,0,55,0,0,160,2,162,18,8,189,2,217,102,0,102,319
08/20/2018,SBP,CA,AWP,WE,Federal Contract Tower,19,9,21,0,49,0,4,68,0,72,19,13,89,0,121,46,0,46,167
08/21/2018,SBP,CA,AWP,WE,Federal Contract Tower,16,17,24,4,61,0,0,60,3,63,16,17,84,7,124,108,0,108,232
08/22/2018,SBP,CA,AWP,WE,Federal Contract Tower,17,14,34,2,67,0,0,89,0,89,17,14,123,2,156,116,0,116,272
08/23/2018,SBP,CA,AWP,WE,Federal Contract Tower,15,13,27,1,56,0,0,88,0,88,15,13,115,1,144,68,2,70,214
08/24/2018,SBP,CA,AWP,WE,Federal Contract Tower,14,21,32,0,67,0,1,93,0,94,14,22,125,0,161,124,0,124,285
08/25/2018,SBP,CA,AWP,WE,Federal Contract Tower,7,15,31,2,55,0,4,79,0,83,7,19,110,2,138,54,0,54,192
08/26/2018,SBP,CA,AWP,WE,Federal Contract Tower,15,10,28,0,53,0,0,66,0,66,15,10,94,0,119,30,0,30,149
08/27/2018,SBP,CA,AWP,WE,Federal Contract Tower,15,13,35,4,67,0,0,58,0,58,15,13,93,4,125,84,0,84,209
08/28/2018,SBP,CA,AWP,WE,Federal Contract Tower,17,19,21,1,58,0,0,65,0,65,17,19,86,1,123,74,0,74,197
08/29/2018,SBP,CA,AWP,WE,Federal Contract Tower,16,15,27,0,58,0,0,113,6,119,16,15,140,6,177,104,0,104,281
08/30/2018,SBP,CA,AWP,WE,Federal Contract Tower,13,19,15,0,47,0,1,111,1,113,13,20,126,1,160,110,0,110,270
08/31/2018,SBP,CA,AWP,WE,Federal Contract Tower,10,20,27,4,61,0,2,115,0,117,10,22,142,4,178,82,0,82,260
09/01/2018,SBP,CA,AWP,WE,Federal Contract Tower,12,10,11,0,33,0,0,75,0,75,12,10,86,0,108,36,0,36,144
09/02/2018,SBP,CA,AWP,WE,Federal Contract Tower,16,8,19,0,43,0,0,64,2,66,16,8,83,2,109,18,0,18,127
09/03/2018,SBP,CA,AWP,WE,Federal Contract Tower,18,8,29,0,55,0,0,93,0,93,18,8,122,0,148,18,0,18,166
09/04/2018,SBP,CA,AWP,WE,Federal Contract Tower,15,19,32,0,66,0,0,28,0,28,15,19,60,0,94,46,0,46,140
09/05/2018,SBP,CA,AWP,WE,Federal Contract Tower,19,15,39,3,76,0,0,57,0,57,19,15,96,3,133,60,2,62,195
09/06/2018,SBP,CA,AWP,WE,Federal Contract Tower,16,17,31,3,67,0,0,93,2,95,16,17,124,5,162,66,0,66,228
09/07/2018,SBP,CA,AWP,WE,Federal Contract Tower,12,23,25,0,60,0,0,89,0,89,12,23,114,0,149,54,0,54,203
09/08/2018,SBP,CA,AWP,WE,Federal Contract Tower,6,16,9,0,31,0,2,121,0,123,6,18,130,0,154,57,0,57,211
09/09/2018,SBP,CA,AWP,WE,Federal Contract Tower,15,12,13,0,40,0,1,106,0,107,15,13,119,0,147,50,0,50,197
09/10/2018,SBP,CA,AWP,WE,Federal Contract Tower,17,11,23,0,51,0,1,68,0,69,17,12,91,0,120,42,0,42,162
09/11/2018,SBP,CA,AWP,WE,Federal Contract Tower,14,21,14,0,49,0,0,87,0,87,14,21,101,0,136,78,0,78,214
09/12/2018,SBP,CA,AWP,WE,Federal Contract Tower,16,28,21,0,65,0,0,66,0,66,16,28,87,0,131,108,0,108,239
09/13/2018,SBP,CA,AWP,WE,Federal Contract Tower,17,20,12,0,49,0,2,85,2,89,17,22,97,2,138,72,0,72,210
09/14/2018,SBP,CA,AWP,WE,Federal Contract Tower,13,19,25,1,58,0,0,122,0,122,13,19,147,1,180,92,0,92,272
09/15/2018,SBP,CA,AWP,WE,Federal Contract Tower,7,14,20,0,41,0,1,108,1,110,7,15,128,1,151,44,0,44,195
09/16/2018,SBP,CA,AWP,WE,Federal Contract Tower,13,14,17,0,44,0,3,94,0,97,13,17,111,0,141,24,0,24,165
09/17/2018,SBP,CA,AWP,WE,Federal Contract Tower,19,16,24,1,60,0,1,72,1,74,19,17,96,2,134,82,0,82,216
09/18/2018,SBP,CA,AWP,WE,Federal Contract Tower,17,17,24,0,58,0,0,74,7,81,17,17,98,7,139,168,0,168,307
09/19/2018,SBP,CA,AWP,WE,Federal Contract Tower,18,14,18,0,50,0,0,104,0,104,18,14,122,0,154,100,0,100,254
09/20/2018,SBP,CA,AWP,WE,Federal Contract Tower,16,24,22,1,63,0,0,106,4,110,16,24,128,5,173,72,0,72,245
09/21/2018,SBP,CA,AWP,WE,Federal Contract Tower,12,24,26,0,62,0,1,101,0,102,12,25,127,0,164,46,0,46,210
09/22/2018,SBP,CA,AWP,WE,Federal Contract Tower,7,14,20,0,41,0,2,78,0,80,7,16,98,0,121,54,0,54,175
09/23/2018,SBP,CA,AWP,WE,Federal Contract Tower,14,10,19,1,44,0,0,117,0,117,14,10,136,1,161,48,4,52,213
09/24/2018,SBP,CA,AWP,WE,Federal Contract Tower,12,21,33,3,69,0,0,59,0,59,12,21,92,3,128,76,0,76,204
09/25/2018,SBP,CA,AWP,WE,Federal Contract Tower,17,18,26,1,62,0,1,57,1,59,17,19,83,2,121,98,0,98,219
09/26/2018,SBP,CA,AWP,WE,Federal Contract Tower,15,20,20,0,55,0,0,75,0,75,15,20,95,0,130,148,0,148,278
09/27/2018,SBP,CA,AWP,WE,Federal Contract Tower,20,15,31,2,68,0,0,98,4,102,20,15,129,6,170,110,0,110,280
09/28/2018,SBP,CA,AWP,WE,Federal Contract Tower,12,19,35,0,66,0,0,95,0,95,12,19,130,0,161,88,0,88,249
09/29/2018,SBP,CA,AWP,WE,Federal Contract Tower,5,17,26,0,48,0,0,63,0,63,5,17,89,0,111,70,0,70,181
09/30/2018,SBP,CA,AWP,WE,Federal Contract Tower,14,8,23,0,45,0,0,121,0,121,14,8,144,0,166,16,0,16,182
10/01/2018,SBP,CA,AWP,WE,Federal Contract Tower,15,18,5,0,38,0,0,67,0,67,15,18,72,0,105,114,0,114,219
10/02/2018,SBP,CA,AWP,WE,Federal Contract Tower,14,27,24,0,65,0,0,55,0,55,14,27,79,0,120,116,0,116,236
10/03/2018,SBP,CA,AWP,WE,Federal Contract Tower,14,14,32,2,62,0,0,15,0,15,14,14,47,2,77,10,0,10,87
10/04/2018,SBP,CA,AWP,WE,Federal Contract Tower,16,14,36,2,68,0,0,44,0,44,16,14,80,2,112,86,0,86,198
10/05/2018,SBP,CA,AWP,WE,Federal Contract Tower,19,18,18,2,57,0,0,100,2,102,19,18,118,4,159,132,2,134,293
10/06/2018,SBP,CA,AWP,WE,Federal Contract Tower,20,11,11,0,42,0,1,76,2,79,20,12,87,2,121,16,0,16,137
10/07/2018,SBP,CA,AWP,WE,Federal Contract Tower,18,8,15,0,41,0,0,91,0,91,18,8,106,0,132,16,0,16,148
10/08/2018,SBP,CA,AWP,WE,Federal Contract Tower,21,5,14,0,40,0,0,100,0,100,21,5,114,0,140,140,2,142,282
10/09/2018,SBP,CA,AWP,WE,Federal Contract Tower,22,14,27,0,63,0,0,71,0,71,22,14,98,0,134,180,0,180,314
10/10/2018,SBP,CA,AWP,WE,Federal Contract Tower,21,13,53,0,87,0,0,42,0,42,21,13,95,0,129,44,0,44,173
10/11/2018,SBP,CA,AWP,WE,Federal Contract Tower,20,13,37,1,71,0,0,91,0,91,20,13,128,1,162,192,4,196,358
10/12/2018,SBP,CA,AWP,WE,Federal Contract Tower,18,13,22,2,55,0,1,88,1,90,18,14,110,3,145,38,0,38,183
10/13/2018,SBP,CA,AWP,WE,Federal Contract Tower,18,6,20,0,44,0,0,71,0,71,18,6,91,0,115,46,0,46,161
10/14/2018,SBP,CA,AWP,WE,Federal Contract Tower,17,4,27,0,48,0,0,89,0,89,17,4,116,0,137,18,0,18,155
10/15/2018,SBP,CA,AWP,WE,Federal Contract Tower,21,12,29,1,63,0,0,80,0,80,21,12,109,1,143,98,0,98,241
10/16/2018,SBP,CA,AWP,WE,Federal Contract Tower,18,18,13,0,49,0,0,122,0,122,18,18,135,0,171,158,0,158,329
10/17/2018,SBP,CA,AWP,WE,Federal Contract Tower,18,11,20,6,55,0,0,81,0,81,18,11,101,6,136,74,0,74,210
10/18/2018,SBP,CA,AWP,WE,Federal Contract Tower,15,17,22,0,54,0,2,100,0,102,15,19,122,0,156,90,0,90,246
10/19/2018,SBP,CA,AWP,WE,Federal Contract Tower,18,10,14,0,42,0,8,97,0,105,18,18,111,0,147,164,0,164,311
10/20/2018,SBP,CA,AWP,WE,Federal Contract Tower,17,14,13,0,44,0,1,102,0,103,17,15,115,0,147,72,0,72,219
10/21/2018,SBP,CA,AWP,WE,Federal Contract Tower,22,3,16,0,41,0,1,115,0,116,22,4,131,0,157,96,0,96,253
10/22/2018,SBP,CA,AWP,WE,Federal Contract Tower,21,6,25,0,52,0,2,88,0,90,21,8,113,0,142,88,0,88,230
10/23/2018,SBP,CA,AWP,WE,Federal Contract Tower,18,14,14,0,46,0,1,108,0,109,18,15,122,0,155,110,0,110,265
10/24/2018,SBP,CA,AWP,WE,Federal Contract Tower,19,17,17,0,53,0,1,90,0,91,19,18,107,0,144,46,0,46,190
10/25/2018,SBP,CA,AWP,WE,Federal Contract Tower,18,17,22,2,59,0,0,143,0,143,18,17,165,2,202,192,0,192,394
10/26/2018,SBP,CA,AWP,WE,Federal Contract Tower,21,14,30,0,65,0,2,130,10,142,21,16,160,10,207,158,0,158,365
10/27/2018,SBP,CA,AWP,WE,Federal Contract Tower,19,5,13,0,37,0,1,134,0,135,19,6,147,0,172,68,0,68,240
10/28/2018,SBP,CA,AWP,WE,Federal Contract Tower,16,9,13,0,38,0,0,131,0,131,16,9,144,0,169,86,0,86,255
10/29/2018,SBP,CA,AWP,WE,Federal Contract Tower,13,14,10,0,37,0,0,45,0,45,13,14,55,0,82,100,0,100,182
10/30/2018,SBP,CA,AWP,WE,Federal Contract Tower,14,17,13,0,44,0,3,61,0,64,14,20,74,0,108,126,0,126,234
10/31/2018,SBP,CA,AWP,WE,Federal Contract Tower,13,19,18,0,50,0,0,90,0,90,13,19,108,0,140,74,0,74,214
11/01/2018,SBP,CA,AWP,WE,Federal Contract Tower,14,15,20,0,49,0,1,77,1,79,14,16,97,1,128,102,0,102,230
11/02/2018,SBP,CA,AWP,WE,Federal Contract Tower,10,29,16,0,55,0,0,98,2,100,10,29,114,2,155,134,4,138,293
11/03/2018,SBP,CA,AWP,WE,Federal Contract Tower,17,14,8,0,39,0,0,115,0,115,17,14,123,0,154,92,0,92,246
11/04/2018,SBP,CA,AWP,WE,Federal Contract Tower,11,15,25,10,61,0,1,149,1,151,11,16,174,11,212,64,0,64,276
11/05/2018,SBP,CA,AWP,WE,Federal Contract Tower,9,27,21,0,57,0,0,70,2,72,9,27,91,2,129,116,4,120,249
11/06/2018,SBP,CA,AWP,WE,Federal Contract Tower,8,25,17,2,52,0,6,95,2,103,8,31,112,4,155,154,0,154,309
11/07/2018,SBP,CA,AWP,WE,Federal Contract Tower,11,21,26,2,60,0,3,128,1,132,11,24,154,3,192,210,6,216,408
11/08/2018,SBP,CA,AWP,WE,Federal Contract Tower,15,17,27,0,59,0,1,120,0,121,15,18,147,0,180,196,0,196,376
11/09/2018,SBP,CA,AWP,WE,Federal Contract Tower,13,19,19,0,51,0,2,115,0,117,13,21,134,0,168,118,0,118,286
11/10/2018,SBP,CA,AWP,WE,Federal Contract Tower,12,10,15,0,37,0,0,91,0,91,12,10,106,0,128,152,0,152,280
11/11/2018,SBP,CA,AWP,WE,Federal Contract Tower,17,10,17,1,45,0,0,76,0,76,17,10,93,1,121,82,0,82,203
11/12/2018,SBP,CA,AWP,WE,Federal Contract Tower,7,19,15,0,41,0,0,71,0,71,7,19,86,0,112,96,2,98,210
11/13/2018,SBP,CA,AWP,WE,Federal Contract Tower,8,27,20,0,55,0,0,75,2,77,8,27,95,2,132,170,0,170,302
11/14/2018,SBP,CA,AWP,WE,Federal Contract Tower,15,19,23,0,57,0,0,129,0,129,15,19,152,0,186,172,0,172,358
11/15/2018,SBP,CA,AWP,WE,Federal Contract Tower,9,22,31,0,62,0,1,130,0,131,9,23,161,0,193,294,0,294,487
11/16/2018,SBP,CA,AWP,WE,Federal Contract Tower,8,19,37,0,64,0,1,101,0,102,8,20,138,0,166,248,0,248,414
11/17/2018,SBP,CA,AWP,WE,Federal Contract Tower,7,15,14,0,36,0,0,93,0,93,7,15,107,0,129,86,0,86,215
11/18/2018,SBP,CA,AWP,WE,Federal Contract Tower,9,15,23,0,47,0,0,100,0,100,9,15,123,0,147,170,0,170,317
11/19/2018,SBP,CA,AWP,WE,Federal Contract Tower,7,21,27,3,58,0,2,87,2,91,7,23,114,5,149,116,0,116,265
11/20/2018,SBP,CA,AWP,WE,Federal Contract Tower,9,29,27,0,65,0,0,99,0,99,9,29,126,0,164,124,0,124,288
11/21/2018,SBP,CA,AWP,WE,Federal Contract Tower,10,22,50,1,83,0,0,36,0,36,10,22,86,1,119,48,0,48,167
11/22/2018,SBP,CA,AWP,WE,Federal Contract Tower,7,13,10,0,30,0,0,26,0,26,7,13,36,0,56,56,0,56,112
11/23/2018,SBP,CA,AWP,WE,Federal Contract Tower,5,19,42,0,66,0,0,1,0,1,5,19,43,0,67,4,0,4,71
11/24/2018,SBP,CA,AWP,WE,Federal Contract Tower,12,24,29,0,65,0,0,44,0,44,12,24,73,0,109,130,0,130,239
11/25/2018,SBP,CA,AWP,WE,Federal Contract Tower,9,18,33,0,60,0,0,79,0,79,9,18,112,0,139,26,0,26,165
11/26/2018,SBP,CA,AWP,WE,Federal Contract Tower,6,25,19,4,54,0,0,113,0,113,6,25,132,4,167,106,0,106,273
11/27/2018,SBP,CA,AWP,WE,Federal Contract Tower,8,20,17,0,45,0,4,62,0,66,8,24,79,0,111,90,0,90,201
11/28/2018,SBP,CA,AWP,WE,Federal Contract Tower,11,24,20,0,55,0,0,6,0,6,11,24,26,0,61,2,0,2,63
11/29/2018,SBP,CA,AWP,WE,Federal Contract Tower,9,22,16,0,47,0,0,5,0,5,9,22,21,0,52,8,0,8,60
11/30/2018,SBP,CA,AWP,WE,Federal Contract Tower,11,23,26,0,60,0,4,63,3,70,11,27,89,3,130,142,0,142,272
12/01/2018,SBP,CA,AWP,WE,Federal Contract Tower,11,12,14,0,37,0,1,36,0,37,11,13,50,0,74,50,0,50,124
12/02/2018,SBP,CA,AWP,WE,Federal Contract Tower,13,12,18,1,44,0,0,92,3,95,13,12,110,4,139,10,0,10,149
12/03/2018,SBP,CA,AWP,WE,Federal Contract Tower,12,18,19,0,49,0,0,61,0,61,12,18,80,0,110,114,0,114,224
12/04/2018,SBP,CA,AWP,WE,Federal Contract Tower,15,20,17,2,54,0,1,36,0,37,15,21,53,2,91,194,0,194,285
12/05/2018,SBP,CA,AWP,WE,Federal Contract Tower,11,27,22,0,60,0,0,19,0,19,11,27,41,0,79,144,0,144,223
12/06/2018,SBP,CA,AWP,WE,Federal Contract Tower,13,25,19,0,57,0,0,70,0,70,13,25,89,0,127,134,0,134,261
12/07/2018,SBP,CA,AWP,WE,Federal Contract Tower,51,22,17,0,90,0,0,89,0,89,51,22,106,0,179,50,0,50,229
12/08/2018,SBP,CA,AWP,WE,Federal Contract Tower,13,9,28,0,50,0,0,99,0,99,13,9,127,0,149,94,0,94,243
12/09/2018,SBP,CA,AWP,WE,Federal Contract Tower,13,12,22,0,47,0,0,99,2,101,13,12,121,2,148,68,0,68,216
12/10/2018,SBP,CA,AWP,WE,Federal Contract Tower,11,21,34,0,66,0,0,64,0,64,11,21,98,0,130,86,0,86,216
12/11/2018,SBP,CA,AWP,WE,Federal Contract Tower,9,17,19,0,45,0,3,64,0,67,9,20,83,0,112,146,0,146,258
12/12/2018,SBP,CA,AWP,WE,Federal Contract Tower,12,23,19,1,55,0,0,84,0,84,12,23,103,1,139,98,0,98,237
12/13/2018,SBP,CA,AWP,WE,Federal Contract Tower,11,25,17,3,56,0,1,117,1,119,11,26,134,4,175,184,0,184,359
12/14/2018,SBP,CA,AWP,WE,Federal Contract Tower,12,24,37,1,74,0,1,61,0,62,12,25,98,1,136,126,0,126,262
12/15/2018,SBP,CA,AWP,WE,Federal Contract Tower,11,18,19,3,51,0,2,147,0,149,11,20,166,3,200,116,0,116,316
12/16/2018,SBP,CA,AWP,WE,Federal Contract Tower,11,15,24,0,50,0,0,55,0,55,11,15,79,0,105,94,0,94,199
12/17/2018,SBP,CA,AWP,WE,Federal Contract Tower,11,23,32,0,66,0,0,40,0,40,11,23,72,0,106,62,0,62,168
12/18/2018,SBP,CA,AWP,WE,Federal Contract Tower,10,25,21,4,60,0,0,80,0,80,10,25,101,4,140,110,2,112,252
12/19/2018,SBP,CA,AWP,WE,Federal Contract Tower,12,28,16,2,58,0,2,125,0,127,12,30,141,2,185,104,2,106,291
12/20/2018,SBP,CA,AWP,WE,Federal Contract Tower,10,25,21,0,56,0,2,84,0,86,10,27,105,0,142,36,0,36,178
12/21/2018,SBP,CA,AWP,WE,Federal Contract Tower,11,28,13,2,54,0,1,104,1,106,11,29,117,3,160,80,4,84,244
12/22/2018,SBP,CA,AWP,WE,Federal Contract Tower,11,21,21,0,53,0,0,77,0,77,11,21,98,0,130,44,0,44,174
12/23/2018,SBP,CA,AWP,WE,Federal Contract Tower,9,15,13,0,37,0,0,67,0,67,9,15,80,0,104,30,0,30,134
12/24/2018,SBP,CA,AWP,WE,Federal Contract Tower,6,22,12,0,40,0,2,29,0,31,6,24,41,0,71,22,0,22,93
12/25/2018,SBP,CA,AWP,WE,Federal Contract Tower,10,11,5,0,26,0,0,15,0,15,10,11,20,0,41,10,0,10,51
12/26/2018,SBP,CA,AWP,WE,Federal Contract Tower,11,22,17,2,52,0,2,125,0,127,11,24,142,2,179,68,0,68,247
12/27/2018,SBP,CA,AWP,WE,Federal Contract Tower,9,21,19,1,50,0,0,58,1,59,9,21,77,2,109,58,2,60,169
12/28/2018,SBP,CA,AWP,WE,Federal Contract Tower,11,23,7,0,41,0,3,74,0,77,11,26,81,0,118,48,0,48,166
12/29/2018,SBP,CA,AWP,WE,Federal Contract Tower,11,13,14,0,38,0,1,89,0,90,11,14,103,0,128,68,0,68,196
12/30/2018,SBP,CA,AWP,WE,Federal Contract Tower,12,12,8,2,34,0,3,65,1,69,12,15,73,3,103,44,0,44,147
12/31/2018,SBP,CA,AWP,WE,Federal Contract Tower,9,19,8,2,38,0,0,41,3,44,9,19,49,5,82,146,0,146,228
01/01/2019,SBP,CA,AWP,WE,Federal Contract Tower,10,13,9,0,32,0,0,71,0,71,10,13,80,0,103,78,0,78,181
01/02/2019,SBP,CA,AWP,WE,Federal Contract Tower,14,15,18,2,49,0,3,96,0,99,14,18,114,2,148,208,0,208,356
01/03/2019,SBP,CA,AWP,WE,Federal Contract Tower,12,23,17,2,54,0,1,103,0,104,12,24,120,2,158,108,0,108,266
01/04/2019,SBP,CA,AWP,WE,Federal Contract Tower,10,22,19,3,54,0,0,104,0,104,10,22,123,3,158,66,0,66,224
01/05/2019,SBP,CA,AWP,WE,Federal Contract Tower,7,11,14,0,32,0,2,6,0,8,7,13,20,0,40,22,0,22,62
01/06/2019,SBP,CA,AWP,WE,Federal Contract Tower,8,10,23,1,42,0,0,11,2,13,8,10,34,3,55,38,0,38,93
01/07/2019,SBP,CA,AWP,WE,Federal Contract Tower,11,21,23,0,55,0,0,16,0,16,11,21,39,0,71,132,0,132,203
01/08/2019,SBP,CA,AWP,WE,Federal Contract Tower,9,20,22,0,51,0,1,54,1,56,9,21,76,1,107,102,0,102,209
01/09/2019,SBP,CA,AWP,WE,Federal Contract Tower,11,16,33,1,61,0,0,1,0,1,11,16,34,1,62,32,0,32,94
01/10/2019,SBP,CA,AWP,WE,Federal Contract Tower,15,26,37,1,79,0,3,146,2,151,15,29,183,3,230,200,0,200,430
01/11/2019,SBP,CA,AWP,WE,Federal Contract Tower,13,29,13,2,57,0,0,23,0,23,13,29,36,2,80,96,0,96,176
01/12/2019,SBP,CA,AWP,WE,Federal Contract Tower,13,14,6,4,37,0,0,49,0,49,13,14,55,4,86,140,0,140,226
01/13/2019,SBP,CA,AWP,WE,Federal Contract Tower,10,12,18,1,41,0,0,66,0,66,10,12,84,1,107,68,0,68,175
01/14/2019,SBP,CA,AWP,WE,Federal Contract Tower,13,16,18,1,48,0,0,6,0,6,13,16,24,1,54,18,0,18,72
01/15/2019,SBP,CA,AWP,WE,Federal Contract Tower,14,20,13,2,49,0,4,6,2,12,14,24,19,4,61,0,0,0,61
01/16/2019,SBP,CA,AWP,WE,Federal Contract Tower,13,16,22,0,51,0,0,32,0,32,13,16,54,0,83,72,0,72,155
01/17/2019,SBP,CA,AWP,WE,Federal Contract Tower,17,17,20,2,56,0,0,4,0,4,17,17,24,2,60,18,0,18,78
01/18/2019,SBP,CA,AWP,WE,Federal Contract Tower,12,17,29,4,62,0,0,100,4,104,12,17,129,8,166,28,0,28,194
01/19/2019,SBP,CA,AWP,WE,Federal Contract Tower,11,15,16,0,42,0,2,196,0,198,11,17,212,0,240,74,0,74,314
01/20/2019,SBP,CA,AWP,WE,Federal Contract Tower,11,15,23,0,49,0,0,13,0,13,11,15,36,0,62,0,0,0,62
01/21/2019,SBP,CA,AWP,WE,Federal Contract Tower,11,18,24,1,54,0,0,87,1,88,11,18,111,2,142,92,0,92,234
01/22/2019,SBP,CA,AWP,WE,Federal Contract Tower,9,18,17,2,46,0,4,105,3,112,9,22,122,5,158,82,0,82,240
01/23/2019,SBP,CA,AWP,WE,Federal Contract Tower,12,19,17,3,51,0,3,137,1,141,12,22,154,4,192,88,0,88,280
01/25/2019,SBP,CA,AWP,WE,Federal Contract Tower,11,19,14,0,44,0,3,108,3,114,11,22,122,3,158,102,0,102,260
01/26/2019,SBP,CA,AWP,WE,Federal Contract Tower,11,18,22,0,51,0,5,198,0,203,11,23,220,0,254,78,2,80,334
01/27/2019,SBP,CA,AWP,WE,Federal Contract Tower,11,13,20,0,44,0,2,99,0,101,11,15,119,0,145,30,0,30,175
01/28/2019,SBP,CA,AWP,WE,Federal Contract Tower,11,18,14,1,44,0,0,98,5,103,11,18,112,6,147,114,2,116,263
01/29/2019,SBP,CA,AWP,WE,Federal Contract Tower,10,28,32,2,72,0,1,48,0,49,10,29,80,2,121,158,0,158,279
01/30/2019,SBP,CA,AWP,WE,Federal Contract Tower,11,22,41,1,75,0,0,110,2,112,11,22,151,3,187,84,0,84,271
01/31/2019,SBP,CA,AWP,WE,Federal Contract Tower,9,20,28,2,59,0,2,35,3,40,9,22,63,5,99,66,0,66,165
02/01/2019,SBP,CA,AWP,WE,Federal Contract Tower,10,21,42,2,75,0,0,26,0,26,10,21,68,2,101,64,0,64,165
02/02/2019,SBP,CA,AWP,WE,Federal Contract Tower,13,9,5,1,28,0,0,4,0,4,13,9,9,1,32,0,0,0,32
02/03/2019,SBP,CA,AWP,WE,Federal Contract Tower,9,15,19,3,46,0,0,1,0,1,9,15,20,3,47,0,0,0,47
02/04/2019,SBP,CA,AWP,WE,Federal Contract Tower,8,21,22,0,51,0,0,11,0,11,8,21,33,0,62,104,0,104,166
02/05/2019,SBP,CA,AWP,WE,Federal Contract Tower,7,21,17,4,49,0,2,28,4,34,7,23,45,8,83,100,0,100,183
02/06/2019,SBP,CA,AWP,WE,Federal Contract Tower,13,18,27,0,58,0,0,127,0,127,13,18,154,0,185,214,0,214,399
02/07/2019,SBP,CA,AWP,WE,Federal Contract Tower,11,24,22,2,59,0,0,94,0,94,11,24,116,2,153,98,4,102,255
02/08/2019,SBP,CA,AWP,WE,Federal Contract Tower,8,24,26,0,58,0,0,54,0,54,8,24,80,0,112,220,0,220,332
02/09/2019,SBP,CA,AWP,WE,Federal Contract Tower,9,20,24,0,53,0,0,64,0,64,9,20,88,0,117,82,0,82,199
02/10/2019,SBP,CA,AWP,WE,Federal Contract Tower,11,16,17,1,45,0,0,16,0,16,11,16,33,1,61,0,0,0,61
02/11/2019,SBP,CA,AWP,WE,Federal Contract Tower,10,21,30,2,63,0,0,128,2,130,10,21,158,4,193,124,0,124,317
02/12/2019,SBP,CA,AWP,WE,Federal Contract Tower,10,20,21,0,51,0,5,79,0,84,10,25,100,0,135,42,0,42,177
02/14/2019,SBP,CA,AWP,WE,Federal Contract Tower,11,19,15,0,45,2,0,2,4,8,13,19,17,4,53,2,0,2,55
02/15/2019,SBP,CA,AWP,WE,Federal Contract Tower,12,22,26,0,60,0,1,3,0,4,12,23,29,0,64,62,0,62,126
02/16/2019,SBP,CA,AWP,WE,Federal Contract Tower,12,11,19,1,43,0,2,40,0,42,12,13,59,1,85,104,0,104,189
02/17/2019,SBP,CA,AWP,WE,Federal Contract Tower,13,10,14,0,37,0,0,6,1,7,13,10,20,1,44,8,0,8,52
02/18/2019,SBP,CA,AWP,WE,Federal Contract Tower,11,11,31,0,53,0,0,116,1,117,11,11,147,1,170,214,0,214,384
02/19/2019,SBP,CA,AWP,WE,Federal Contract Tower,13,16,24,3,56,0,0,114,4,118,13,16,138,7,174,214,0,214,388
02/20/2019,SBP,CA,AWP,WE,Federal Contract Tower,13,20,24,1,58,0,0,19,3,22,13,20,43,4,80,136,0,136,216
02/21/2019,SBP,CA,AWP,WE,Federal Contract Tower,12,19,21,3,55,0,3,71,0,74,12,22,92,3,129,162,0,162,291
02/22/2019,SBP,CA,AWP,WE,Federal Contract Tower,11,17,19,0,47,0,2,139,0,141,11,19,158,0,188,174,0,174,362
02/23/2019,SBP,CA,AWP,WE,Federal Contract Tower,13,15,21,0,49,0,0,162,0,162,13,15,183,0,211,94,0,94,305
02/24/2019,SBP,CA,AWP,WE,Federal Contract Tower,15,12,27,0,54,0,5,135,0,140,15,17,162,0,194,46,0,46,240
02/25/2019,SBP,CA,AWP,WE,Federal Contract Tower,13,18,25,0,56,0,0,87,0,87,13,18,112,0,143,100,0,100,243
02/26/2019,SBP,CA,AWP,WE,Federal Contract Tower,11,20,28,2,61,0,2,44,1,47,11,22,72,3,108,108,0,108,216
02/27/2019,SBP,CA,AWP,WE,Federal Contract Tower,12,22,22,2,58,0,0,3,0,3,12,22,25,2,61,16,0,16,77
02/28/2019,SBP,CA,AWP,WE,Federal Contract Tower,13,19,22,2,56,0,2,52,0,54,13,21,74,2,110,74,0,74,184
03/01/2019,SBP,CA,AWP,WE,Federal Contract Tower,12,24,37,2,75,0,76,1,1,78,12,100,38,3,153,112,0,112,265
03/02/2019,SBP,CA,AWP,WE,Federal Contract Tower,11,16,13,0,40,0,0,0,0,0,11,16,13,0,40,0,0,0,40
03/03/2019,SBP,CA,AWP,WE,Federal Contract Tower,10,11,38,0,59,0,0,6,0,6,10,11,44,0,65,20,0,20,85
03/04/2019,SBP,CA,AWP,WE,Federal Contract Tower,11,21,17,0,49,0,0,66,0,66,11,21,83,0,115,210,0,210,325
03/05/2019,SBP,CA,AWP,WE,Federal Contract Tower,13,16,19,0,48,0,2,1,0,3,13,18,20,0,51,8,0,8,59
03/06/2019,SBP,CA,AWP,WE,Federal Contract Tower,13,18,11,0,42,0,0,0,2,2,13,18,11,2,44,2,0,2,46
03/07/2019,SBP,CA,AWP,WE,Federal Contract Tower,13,16,34,0,63,0,1,27,0,28,13,17,61,0,91,90,0,90,181
03/08/2019,SBP,CA,AWP,WE,Federal Contract Tower,15,16,17,0,48,0,1,87,0,88,15,17,104,0,136,180,0,180,316
03/09/2019,SBP,CA,AWP,WE,Federal Contract Tower,15,10,16,0,41,0,1,105,0,106,15,11,121,0,147,148,0,148,295
03/10/2019,SBP,CA,AWP,WE,Federal Contract Tower,14,11,25,0,50,0,0,43,2,45,14,11,68,2,95,74,0,74,169
03/11/2019,SBP,CA,AWP,WE,Federal Contract Tower,15,14,20,0,49,0,1,63,1,65,15,15,83,1,114,70,2,72,186
03/12/2019,SBP,CA,AWP,WE,Federal Contract Tower,13,12,27,1,53,0,6,85,0,91,13,18,112,1,144,138,0,138,282
03/13/2019,SBP,CA,AWP,WE,Federal Contract Tower,14,13,13,5,45,0,1,115,3,119,14,14,128,8,164,114,18,132,296
03/14/2019,SBP,CA,AWP,WE,Federal Contract Tower,16,21,33,0,70,0,1,133,0,134,16,22,166,0,204,150,0,150,354
03/15/2019,SBP,CA,AWP,WE,Federal Contract Tower,22,13,21,0,56,0,3,130,0,133,22,16,151,0,189,126,0,126,315
03/16/2019,SBP,CA,AWP,WE,Federal Contract Tower,15,11,17,0,43,0,4,128,0,132,15,15,145,0,175,104,0,104,279
03/17/2019,SBP,CA,AWP,WE,Federal Contract Tower,16,8,27,0,51,0,1,144,0,145,16,9,171,0,196,132,0,132,328
03/18/2019,SBP,CA,AWP,WE,Federal Contract Tower,15,13,12,1,41,0,0,126,0,126,15,13,138,1,167,92,0,92,259
03/19/2019,SBP,CA,AWP,WE,Federal Contract Tower,16,16,20,3,55,0,1,53,0,54,16,17,73,3,109,86,2,88,197
03/20/2019,SBP,CA,AWP,WE,Federal Contract Tower,13,22,22,1,58,0,0,10,0,10,13,22,32,1,68,82,0,82,150
03/21/2019,SBP,CA,AWP,WE,Federal Contract Tower,16,17,47,0,80,0,1,64,0,65,16,18,111,0,145,202,0,202,347
03/22/2019,SBP,CA,AWP,WE,Federal Contract Tower,15,19,28,3,65,0,2,80,0,82,15,21,108,3,147,126,0,126,273
03/23/2019,SBP,CA,AWP,WE,Federal Contract Tower,13,14,27,3,57,0,0,25,2,27,13,14,52,5,84,78,0,78,162
03/24/2019,SBP,CA,AWP,WE,Federal Contract Tower,17,11,25,3,56,0,0,160,0,160,17,11,185,3,216,140,0,140,356
03/25/2019,SBP,CA,AWP,WE,Federal Contract Tower,15,10,20,2,47,0,0,79,0,79,15,10,99,2,126,136,0,136,262
03/26/2019,SBP,CA,AWP,WE,Federal Contract Tower,15,22,23,3,63,0,2,75,0,77,15,24,98,3,140,194,0,194,334
03/27/2019,SBP,CA,AWP,WE,Federal Contract Tower,13,23,28,2,66,0,0,8,1,9,13,23,36,3,75,34,0,34,109
03/28/2019,SBP,CA,AWP,WE,Federal Contract Tower,15,19,27,5,66,0,1,104,4,109,15,20,131,9,175,160,0,160,335
03/29/2019,SBP,CA,AWP,WE,Federal Contract Tower,15,13,24,5,57,0,3,108,2,113,15,16,132,7,170,78,0,78,248
03/30/2019,SBP,CA,AWP,WE,Federal Contract Tower,15,9,14,3,41,0,2,100,0,102,15,11,114,3,143,72,0,72,215
03/31/2019,SBP,CA,AWP,WE,Federal Contract Tower,16,12,24,1,53,0,0,163,0,163,16,12,187,1,216,22,0,22,238
04/01/2019,SBP,CA,AWP,WE,Federal Contract Tower,16,11,17,1,45,0,0,98,0,98,16,11,115,1,143,128,6,134,277
04/02/2019,SBP,CA,AWP,WE,Federal Contract Tower,16,19,44,1,80,0,2,47,0,49,16,21,91,1,129,92,2,94,223
04/03/2019,SBP,CA,AWP,WE,Federal Contract Tower,17,19,28,0,64,0,2,50,0,52,17,21,78,0,116,160,0,160,276
04/04/2019,SBP,CA,AWP,WE,Federal Contract Tower,17,19,30,0,66,0,0,27,0,27,17,19,57,0,93,102,0,102,195
04/05/2019,SBP,CA,AWP,WE,Federal Contract Tower,16,17,42,0,75,0,7,50,0,57,16,24,92,0,132,148,0,148,280
04/06/2019,SBP,CA,AWP,WE,Federal Contract Tower,16,7,19,1,43,0,2,101,0,103,16,9,120,1,146,70,2,72,218
04/07/2019,SBP,CA,AWP,WE,Federal Contract Tower,20,7,15,0,42,0,0,89,1,90,20,7,104,1,132,36,0,36,168
04/08/2019,SBP,CA,AWP,WE,Federal Contract Tower,17,17,28,0,62,0,2,61,0,63,17,19,89,0,125,126,0,126,251
04/09/2019,SBP,CA,AWP,WE,Federal Contract Tower,17,17,12,0,46,0,4,23,0,27,17,21,35,0,73,52,0,52,125
04/10/2019,SBP,CA,AWP,WE,Federal Contract Tower,15,15,18,0,48,0,3,66,0,69,15,18,84,0,117,134,0,134,251
04/11/2019,SBP,CA,AWP,WE,Federal Contract Tower,17,15,22,2,56,0,2,104,0,106,17,17,126,2,162,56,0,56,218
04/12/2019,SBP,CA,AWP,WE,Federal Contract Tower,17,14,20,0,51,0,5,94,4,103,17,19,114,4,154,92,8,100,254
04/13/2019,SBP,CA,AWP,WE,Federal Contract Tower,15,7,18,0,40,0,4,143,0,147,15,11,161,0,187,104,0,104,291
04/14/2019,SBP,CA,AWP,WE,Federal Contract Tower,16,7,20,0,43,0,2,106,0,108,16,9,126,0,151,48,0,48,199
04/15/2019,SBP,CA,AWP,WE,Federal Contract Tower,17,11,33,2,63,0,0,58,0,58,17,11,91,2,121,62,0,62,183
04/16/2019,SBP,CA,AWP,WE,Federal Contract Tower,15,19,27,2,63,0,0,22,0,22,15,19,49,2,85,56,0,56,141
04/17/2019,SBP,CA,AWP,WE,Federal Contract Tower,16,37,17,0,70,0,3,126,0,129,16,40,143,0,199,62,0,62,261
04/18/2019,SBP,CA,AWP,WE,Federal Contract Tower,16,17,24,2,59,0,3,142,2,147,16,20,166,4,206,84,0,84,290
04/19/2019,SBP,CA,AWP,WE,Federal Contract Tower,18,24,35,3,80,0,1,83,1,85,18,25,118,4,165,88,0,88,253
04/20/2019,SBP,CA,AWP,WE,Federal Contract Tower,17,14,22,1,54,0,1,38,1,40,17,15,60,2,94,88,0,88,182
04/21/2019,SBP,CA,AWP,WE,Federal Contract Tower,16,9,31,0,56,0,1,75,0,76,16,10,106,0,132,24,0,24,156
04/22/2019,SBP,CA,AWP,WE,Federal Contract Tower,17,18,31,2,68,0,5,75,0,80,17,23,106,2,148,90,0,90,238
04/23/2019,SBP,CA,AWP,WE,Federal Contract Tower,15,16,21,2,54,0,2,98,0,100,15,18,119,2,154,142,0,142,296
04/24/2019,SBP,CA,AWP,WE,Federal Contract Tower,15,18,28,0,61,0,2,134,0,136,15,20,162,0,197,138,0,138,335
04/25/2019,SBP,CA,AWP,WE,Federal Contract Tower,18,15,25,0,58,0,1,130,1,132,18,16,155,1,190,114,0,114,304
04/26/2019,SBP,CA,AWP,WE,Federal Contract Tower,17,19,39,0,75,0,2,43,0,45,17,21,82,0,120,86,0,86,206
04/27/2019,SBP,CA,AWP,WE,Federal Contract Tower,18,11,50,0,79,0,0,34,14,48,18,11,84,14,127,12,0,12,139
04/28/2019,SBP,CA,AWP,WE,Federal Contract Tower,20,12,66,0,98,0,0,27,0,27,20,12,93,0,125,38,0,38,163
04/29/2019,SBP,CA,AWP,WE,Federal Contract Tower,17,14,38,2,71,0,0,25,1,26,17,14,63,3,97,70,0,70,167
04/30/2019,SBP,CA,AWP,WE,Federal Contract Tower,17,17,31,4,69,0,1,44,0,45,17,18,75,4,114,154,0,154,268
05/01/2019,SBP,CA,AWP,WE,Federal Contract Tower,16,18,25,0,59,0,2,93,0,95,16,20,118,0,154,80,0,80,234
05/02/2019,SBP,CA,AWP,WE,Federal Contract Tower,15,18,11,2,46,0,3,141,0,144,15,21,152,2,190,120,0,120,310
05/03/2019,SBP,CA,AWP,WE,Federal Contract Tower,17,17,19,0,53,0,2,122,1,125,17,19,141,1,178,84,0,84,262
05/04/2019,SBP,CA,AWP,WE,Federal Contract Tower,15,13,16,0,44,0,0,101,2,103,15,13,117,2,147,46,0,46,193
05/05/2019,SBP,CA,AWP,WE,Federal Contract Tower,16,10,27,0,53,0,0,51,0,51,16,10,78,0,104,2,0,2,106
05/06/2019,SBP,CA,AWP,WE,Federal Contract Tower,17,16,33,0,66,0,1,20,0,21,17,17,53,0,87,112,0,112,199
05/07/2019,SBP,CA,AWP,WE,Federal Contract Tower,15,18,40,0,73,0,2,52,0,54,15,20,92,0,127,166,0,166,293
05/08/2019,SBP,CA,AWP,WE,Federal Contract Tower,17,27,34,3,81,0,2,77,1,80,17,29,111,4,161,158,0,158,319
05/09/2019,SBP,CA,AWP,WE,Federal Contract Tower,16,19,55,0,90,0,2,36,0,38,16,21,91,0,128,148,0,148,276
05/10/2019,SBP,CA,AWP,WE,Federal Contract Tower,17,21,33,2,73,0,2,22,0,24,17,23,55,2,97,54,0,54,151
05/11/2019,SBP,CA,AWP,WE,Federal Contract Tower,15,13,19,0,47,0,0,109,0,109,15,13,128,0,156,58,0,58,214
05/12/2019,SBP,CA,AWP,WE,Federal Contract Tower,14,11,24,0,49,0,2,106,0,108,14,13,130,0,157,58,0,58,215
05/13/2019,SBP,CA,AWP,WE,Federal Contract Tower,17,13,29,2,61,0,1,80,1,82,17,14,109,3,143,118,0,118,261
05/14/2019,SBP,CA,AWP,WE,Federal Contract Tower,17,21,24,2,64,0,1,77,1,79,17,22,101,3,143,160,0,160,303
05/15/2019,SBP,CA,AWP,WE,Federal Contract Tower,20,26,33,0,79,0,2,61,2,65,20,28,94,2,144,76,8,84,228
05/16/2019,SBP,CA,AWP,WE,Federal Contract Tower,18,19,21,0,58,0,2,35,0,37,18,21,56,0,95,94,0,94,189
05/17/2019,SBP,CA,AWP,WE,Federal Contract Tower,16,22,25,0,63,0,3,73,0,76,16,25,98,0,139,86,0,86,225
05/18/2019,SBP,CA,AWP,WE,Federal Contract Tower,15,10,15,0,40,0,3,59,0,62,15,13,74,0,102,146,0,146,248
05/19/2019,SBP,CA,AWP,WE,Federal Contract Tower,14,14,19,0,47,0,2,18,0,20,14,16,37,0,67,24,0,24,91
05/20/2019,SBP,CA,AWP,WE,Federal Contract Tower,17,16,19,1,53,0,6,47,5,58,17,22,66,6,111,128,2,130,241
05/21/2019,SBP,CA,AWP,WE,Federal Contract Tower,17,21,24,4,66,0,0,20,1,21,17,21,44,5,87,28,6,34,121
05/22/2019,SBP,CA,AWP,WE,Federal Contract Tower,17,18,22,1,58,0,4,96,2,102,17,22,118,3,160,144,2,146,306
05/23/2019,SBP,CA,AWP,WE,Federal Contract Tower,17,22,54,0,93,0,0,33,0,33,17,22,87,0,126,62,0,62,188
05/24/2019,SBP,CA,AWP,WE,Federal Contract Tower,17,13,29,0,59,0,2,111,0,113,17,15,140,0,172,108,0,108,280
05/25/2019,SBP,CA,AWP,WE,Federal Contract Tower,14,12,58,0,84,0,0,20,2,22,14,12,78,2,106,86,0,86,192
05/26/2019,SBP,CA,AWP,WE,Federal Contract Tower,13,5,16,0,34,0,0,4,0,4,13,5,20,0,38,0,0,0,38
05/27/2019,SBP,CA,AWP,WE,Federal Contract Tower,17,11,32,0,60,0,0,106,0,106,17,11,138,0,166,90,0,90,256
05/28/2019,SBP,CA,AWP,WE,Federal Contract Tower,17,13,19,1,50,0,0,70,4,74,17,13,89,5,124,56,0,56,180
05/29/2019,SBP,CA,AWP,WE,Federal Contract Tower,16,21,22,0,59,0,1,85,4,90,16,22,107,4,149,152,0,152,301
05/30/2019,SBP,CA,AWP,WE,Federal Contract Tower,18,23,46,0,87,0,0,84,0,84,18,23,130,0,171,132,0,132,303
05/31/2019,SBP,CA,AWP,WE,Federal Contract Tower,17,25,19,0,61,97,3,0,0,100,114,28,19,0,161,100,0,100,261
06/01/2019,SBP,CA,AWP,WE,Federal Contract Tower,14,13,35,0,62,0,0,45,1,46,14,13,80,1,108,16,0,16,124
06/02/2019,SBP,CA,AWP,WE,Federal Contract Tower,15,14,53,0,82,0,0,37,0,37,15,14,90,0,119,70,0,70,189
06/03/2019,SBP,CA,AWP,WE,Federal Contract Tower,16,12,37,0,65,0,0,75,0,75,16,12,112,0,140,104,0,104,244
06/04/2019,SBP,CA,AWP,WE,Federal Contract Tower,14,24,29,2,69,0,0,73,0,73,14,24,102,2,142,66,0,66,208
06/05/2019,SBP,CA,AWP,WE,Federal Contract Tower,19,16,37,0,72,0,0,88,0,88,19,16,125,0,160,100,0,100,260
06/06/2019,SBP,CA,AWP,WE,Federal Contract Tower,14,30,35,0,79,0,0,82,0,82,14,30,117,0,161,84,0,84,245
06/07/2019,SBP,CA,AWP,WE,Federal Contract Tower,16,22,15,3,56,0,4,86,3,93,16,26,101,6,149,90,0,90,239
06/08/2019,SBP,CA,AWP,WE,Federal Contract Tower,15,21,7,2,45,0,2,104,0,106,15,23,111,2,151,60,0,60,211
06/09/2019,SBP,CA,AWP,WE,Federal Contract Tower,14,14,26,0,54,0,0,132,0,132,14,14,158,0,186,78,0,78,264
06/10/2019,SBP,CA,AWP,WE,Federal Contract Tower,15,17,12,1,45,0,0,77,0,77,15,17,89,1,122,60,0,60,182
06/11/2019,SBP,CA,AWP,WE,Federal Contract Tower,15,26,23,0,64,0,4,104,2,110,15,30,127,2,174,76,0,76,250
06/12/2019,SBP,CA,AWP,WE,Federal Contract Tower,16,29,28,2,75,0,4,100,0,104,16,33,128,2,179,98,2,100,279
06/13/2019,SBP,CA,AWP,WE,Federal Contract Tower,16,31,25,3,75,0,0,68,0,68,16,31,93,3,143,108,0,108,251
06/14/2019,SBP,CA,AWP,WE,Federal Contract Tower,17,21,34,3,75,0,0,66,1,67,17,21,100,4,142,54,2,56,198
06/15/2019,SBP,CA,AWP,WE,Federal Contract Tower,15,15,42,1,73,0,0,65,3,68,15,15,107,4,141,52,0,52,193
06/16/2019,SBP,CA,AWP,WE,Federal Contract Tower,16,32,23,4,75,0,1,66,0,67,16,33,89,4,142,56,0,56,198
06/17/2019,SBP,CA,AWP,WE,Federal Contract Tower,15,21,44,3,83,0,1,63,2,66,15,22,107,5,149,42,0,42,191
06/18/2019,SBP,CA,AWP,WE,Federal Contract Tower,14,26,29,0,69,0,2,73,0,75,14,28,102,0,144,68,0,68,212
06/19/2019,SBP,CA,AWP,WE,Federal Contract Tower,15,25,51,1,92,0,0,60,1,61,15,25,111,2,153,96,0,96,249
06/20/2019,SBP,CA,AWP,WE,Federal Contract Tower,14,30,56,0,100,0,0,22,0,22,14,30,78,0,122,76,0,76,198
06/21/2019,SBP,CA,AWP,WE,Federal Contract Tower,12,25,37,0,74,0,3,97,0,100,12,28,134,0,174,122,2,124,298
06/22/2019,SBP,CA,AWP,WE,Federal Contract Tower,12,16,16,5,49,0,0,106,2,108,12,16,122,7,157,76,0,76,233
06/23/2019,SBP,CA,AWP,WE,Federal Contract Tower,14,14,34,1,63,0,0,75,0,75,14,14,109,1,138,79,0,79,217
06/24/2019,SBP,CA,AWP,WE,Federal Contract Tower,16,16,36,0,68,0,0,59,0,59,16,16,95,0,127,46,0,46,173
06/25/2019,SBP,CA,AWP,WE,Federal Contract Tower,13,29,39,0,81,0,0,42,0,42,13,29,81,0,123,32,0,32,155
06/26/2019,SBP,CA,AWP,WE,Federal Contract Tower,14,21,24,2,61,0,3,113,5,121,14,24,137,7,182,86,8,94,276
06/27/2019,SBP,CA,AWP,WE,Federal Contract Tower,13,24,24,0,61,0,1,90,0,91,13,25,114,0,152,38,0,38,190
06/28/2019,SBP,CA,AWP,WE,Federal Contract Tower,13,20,23,2,58,0,4,107,2,113,13,24,130,4,171,68,0,68,239
06/29/2019,SBP,CA,AWP,WE,Federal Contract Tower,13,15,15,0,43,0,2,94,2,98,13,17,109,2,141,120,0,120,261
06/30/2019,SBP,CA,AWP,WE,Federal Contract Tower,14,17,17,0,48,0,2,98,2,102,14,19,115,2,150,34,0,34,184
07/01/2019,SBP,CA,AWP,WE,Federal Contract Tower,13,17,13,0,43,0,0,81,0,81,13,17,94,0,124,100,0,100,224
07/02/2019,SBP,CA,AWP,WE,Federal Contract Tower,13,27,26,2,68,0,2,100,2,104,13,29,126,4,172,44,0,44,216
07/03/2019,SBP,CA,AWP,WE,Federal Contract Tower,13,23,24,0,60,0,6,81,0,87,13,29,105,0,147,50,0,50,197
07/04/2019,SBP,CA,AWP,WE,Federal Contract Tower,13,15,7,0,35,0,0,54,0,54,13,15,61,0,89,28,0,28,117
07/05/2019,SBP,CA,AWP,WE,Federal Contract Tower,12,25,18,0,55,0,5,67,1,73,12,30,85,1,128,62,0,62,190
07/06/2019,SBP,CA,AWP,WE,Federal Contract Tower,12,17,9,0,38,0,1,117,0,118,12,18,126,0,156,50,0,50,206
07/07/2019,SBP,CA,AWP,WE,Federal Contract Tower,14,17,30,0,61,0,5,52,0,57,14,22,82,0,118,42,0,42,160
07/08/2019,SBP,CA,AWP,WE,Federal Contract Tower,13,18,31,0,62,0,3,35,0,38,13,21,66,0,100,78,0,78,178
07/09/2019,SBP,CA,AWP,WE,Federal Contract Tower,13,44,12,6,75,0,18,103,2,123,13,62,115,8,198,122,0,122,320
07/10/2019,SBP,CA,AWP,WE,Federal Contract Tower,14,30,36,3,83,0,1,73,0,74,14,31,109,3,157,102,0,102,259
07/11/2019,SBP,CA,AWP,WE,Federal Contract Tower,9,20,22,3,54,0,4,59,2,65,9,24,81,5,119,92,0,92,211
07/12/2019,SBP,CA,AWP,WE,Federal Contract Tower,13,25,22,1,61,0,2,97,3,102,13,27,119,4,163,42,0,42,205
07/13/2019,SBP,CA,AWP,WE,Federal Contract Tower,13,15,16,2,46,0,0,85,0,85,13,15,101,2,131,14,0,14,145
07/14/2019,SBP,CA,AWP,WE,Federal Contract Tower,13,16,25,0,54,0,0,123,0,123,13,16,148,0,177,34,0,34,211
07/15/2019,SBP,CA,AWP,WE,Federal Contract Tower,11,15,14,0,40,0,0,61,0,61,11,15,75,0,101,66,0,66,167
07/16/2019,SBP,CA,AWP,WE,Federal Contract Tower,15,24,17,1,57,0,2,81,4,87,15,26,98,5,144,118,0,118,262
07/17/2019,SBP,CA,AWP,WE,Federal Contract Tower,13,23,22,5,63,0,2,94,0,96,13,25,116,5,159,70,0,70,229
07/18/2019,SBP,CA,AWP,WE,Federal Contract Tower,14,23,27,0,64,0,0,67,6,73,14,23,94,6,137,26,0,26,163
07/19/2019,SBP,CA,AWP,WE,Federal Contract Tower,13,26,28,0,67,0,1,48,0,49,13,27,76,0,116,82,18,100,216
07/20/2019,SBP,CA,AWP,WE,Federal Contract Tower,12,14,25,0,51,0,0,63,0,63,12,14,88,0,114,28,0,28,142
07/21/2019,SBP,CA,AWP,WE,Federal Contract Tower,14,17,25,0,56,0,0,101,0,101,14,17,126,0,157,38,0,38,195
07/22/2019,SBP,CA,AWP,WE,Federal Contract Tower,13,18,27,5,63,0,0,63,0,63,13,18,90,5,126,122,0,122,248
07/23/2019,SBP,CA,AWP,WE,Federal Contract Tower,13,22,29,5,69,0,6,62,6,74,13,28,91,11,143,98,6,104,247
07/24/2019,SBP,CA,AWP,WE,Federal Contract Tower,15,20,15,7,57,0,3,95,0,98,15,23,110,7,155,158,0,158,313
07/25/2019,SBP,CA,AWP,WE,Federal Contract Tower,14,21,21,3,59,0,2,78,4,84,14,23,99,7,143,88,0,88,231
07/26/2019,SBP,CA,AWP,WE,Federal Contract Tower,11,30,23,1,65,0,1,109,1,111,11,31,132,2,176,74,0,74,250
07/27/2019,SBP,CA,AWP,WE,Federal Contract Tower,13,18,18,0,49,0,2,95,0,97,13,20,113,0,146,58,0,58,204
07/28/2019,SBP,CA,AWP,WE,Federal Contract Tower,14,16,22,0,52,0,0,102,0,102,14,16,124,0,154,66,0,66,220
07/29/2019,SBP,CA,AWP,WE,Federal Contract Tower,13,18,22,1,54,0,0,64,1,65,13,18,86,2,119,96,0,96,215
07/30/2019,SBP,CA,AWP,WE,Federal Contract Tower,11,25,16,4,56,0,0,76,0,76,11,25,92,4,132,48,0,48,180
07/31/2019,SBP,CA,AWP,WE,Federal Contract Tower,13,27,48,3,91,0,0,80,2,82,13,27,128,5,173,52,0,52,225
08/01/2019,SBP,CA,AWP,WE,Federal Contract Tower,13,27,20,0,60,0,0,63,0,63,13,27,83,0,123,60,0,60,183
08/02/2019,SBP,CA,AWP,WE,Federal Contract Tower,19,21,26,2,68,0,3,100,1,104,19,24,126,3,172,92,0,92,264
08/03/2019,SBP,CA,AWP,WE,Federal Contract Tower,12,16,18,1,47,0,1,112,0,113,12,17,130,1,160,24,0,24,184
08/04/2019,SBP,CA,AWP,WE,Federal Contract Tower,13,18,15,0,46,0,0,103,0,103,13,18,118,0,149,42,0,42,191
08/05/2019,SBP,CA,AWP,WE,Federal Contract Tower,13,18,28,0,59,0,0,68,0,68,13,18,96,0,127,38,0,38,165
08/06/2019,SBP,CA,AWP,WE,Federal Contract Tower,13,24,22,0,59,0,0,83,0,83,13,24,105,0,142,60,0,60,202
08/07/2019,SBP,CA,AWP,WE,Federal Contract Tower,16,22,29,5,72,0,1,86,0,87,16,23,115,5,159,112,0,112,271
08/08/2019,SBP,CA,AWP,WE,Federal Contract Tower,14,25,19,2,60,0,3,64,0,67,14,28,83,2,127,40,0,40,167
08/09/2019,SBP,CA,AWP,WE,Federal Contract Tower,14,20,25,2,61,0,5,114,0,119,14,25,139,2,180,122,0,122,302
08/10/2019,SBP,CA,AWP,WE,Federal Contract Tower,11,22,22,2,57,0,1,120,0,121,11,23,142,2,178,90,0,90,268
08/11/2019,SBP,CA,AWP,WE,Federal Contract Tower,13,13,24,0,50,0,1,107,3,111,13,14,131,3,161,76,0,76,237
08/12/2019,SBP,CA,AWP,WE,Federal Contract Tower,13,19,16,0,48,0,15,72,1,88,13,34,88,1,136,44,0,44,180
08/13/2019,SBP,CA,AWP,WE,Federal Contract Tower,13,19,19,0,51,0,3,104,0,107,13,22,123,0,158,86,0,86,244
08/14/2019,SBP,CA,AWP,WE,Federal Contract Tower,13,23,21,3,60,0,3,100,2,105,13,26,121,5,165,32,0,32,197
08/15/2019,SBP,CA,AWP,WE,Federal Contract Tower,13,25,15,2,55,0,2,94,2,98,13,27,109,4,153,40,0,40,193
08/16/2019,SBP,CA,AWP,WE,Federal Contract Tower,12,22,25,1,60,0,1,76,2,79,12,23,101,3,139,38,0,38,177
08/17/2019,SBP,CA,AWP,WE,Federal Contract Tower,11,21,41,0,73,0,0,54,0,54,11,21,95,0,127,66,0,66,193
08/18/2019,SBP,CA,AWP,WE,Federal Contract Tower,16,12,42,0,70,0,0,71,2,73,16,12,113,2,143,34,0,34,177
08/19/2019,SBP,CA,AWP,WE,Federal Contract Tower,11,17,31,0,59,0,2,57,1,60,11,19,88,1,119,70,0,70,189
08/20/2019,SBP,CA,AWP,WE,Federal Contract Tower,16,22,23,1,62,0,0,73,1,74,16,22,96,2,136,118,0,118,254
08/21/2019,SBP,CA,AWP,WE,Federal Contract Tower,18,17,22,1,58,0,5,79,4,88,18,22,101,5,146,44,0,44,190
08/22/2019,SBP,CA,AWP,WE,Federal Contract Tower,18,18,26,0,62,0,5,119,0,124,18,23,145,0,186,60,0,60,246
08/23/2019,SBP,CA,AWP,WE,Federal Contract Tower,17,20,37,0,74,0,1,45,0,46,17,21,82,0,120,40,0,40,160
08/24/2019,SBP,CA,AWP,WE,Federal Contract Tower,14,15,17,0,46,0,2,116,2,120,14,17,133,2,166,58,0,58,224
08/25/2019,SBP,CA,AWP,WE,Federal Contract Tower,17,14,17,0,48,0,0,120,0,120,17,14,137,0,168,52,0,52,220
08/26/2019,SBP,CA,AWP,WE,Federal Contract Tower,16,14,20,0,50,0,0,56,0,56,16,14,76,0,106,60,0,60,166
08/27/2019,SBP,CA,AWP,WE,Federal Contract Tower,16,31,21,4,72,0,0,98,7,105,16,31,119,11,177,98,2,100,277
08/28/2019,SBP,CA,AWP,WE,Federal Contract Tower,17,29,27,0,73,0,3,83,0,86,17,32,110,0,159,74,0,74,233
08/29/2019,SBP,CA,AWP,WE,Federal Contract Tower,17,24,25,0,66,0,5,108,3,116,17,29,133,3,182,82,0,82,264
08/30/2019,SBP,CA,AWP,WE,Federal Contract Tower,16,22,18,3,59,0,0,101,0,101,16,22,119,3,160,52,0,52,212
08/31/2019,SBP,CA,AWP,WE,Federal Contract Tower,13,19,21,0,53,0,0,102,0,102,13,19,123,0,155,56,0,56,211
09/01/2019,SBP,CA,AWP,WE,Federal Contract Tower,13,14,17,0,44,0,0,98,0,98,13,14,115,0,142,22,0,22,164
09/02/2019,SBP,CA,AWP,WE,Federal Contract Tower,16,19,15,0,50,0,2,93,0,95,16,21,108,0,145,66,0,66,211
09/03/2019,SBP,CA,AWP,WE,Federal Contract Tower,16,18,15,0,49,0,1,71,0,72,16,19,86,0,121,32,0,32,153
09/04/2019,SBP,CA,AWP,WE,Federal Contract Tower,17,23,15,0,55,0,2,105,1,108,17,25,120,1,163,56,8,64,227
09/05/2019,SBP,CA,AWP,WE,Federal Contract Tower,17,22,29,2,70,0,0,74,2,76,17,22,103,4,146,90,2,92,238
09/06/2019,SBP,CA,AWP,WE,Federal Contract Tower,18,21,22,0,61,0,2,112,0,114,18,23,134,0,175,88,0,88,263
09/07/2019,SBP,CA,AWP,WE,Federal Contract Tower,17,10,24,0,51,0,0,65,0,65,17,10,89,0,116,50,0,50,166
09/08/2019,SBP,CA,AWP,WE,Federal Contract Tower,18,9,20,0,47,0,0,78,4,82,18,9,98,4,129,32,8,40,169
09/09/2019,SBP,CA,AWP,WE,Federal Contract Tower,17,15,15,2,49,0,0,43,0,43,17,15,58,2,92,24,6,30,122
09/10/2019,SBP,CA,AWP,WE,Federal Contract Tower,15,14,16,2,47,0,2,89,3,94,15,16,105,5,141,74,0,74,215
09/11/2019,SBP,CA,AWP,WE,Federal Contract Tower,17,17,22,0,56,0,4,96,2,102,17,21,118,2,158,102,0,102,260
09/12/2019,SBP,CA,AWP,WE,Federal Contract Tower,15,13,12,1,41,0,4,124,0,128,15,17,136,1,169,152,0,152,321
09/13/2019,SBP,CA,AWP,WE,Federal Contract Tower,17,15,11,0,43,0,2,104,4,110,17,17,115,4,153,122,0,122,275
09/14/2019,SBP,CA,AWP,WE,Federal Contract Tower,16,9,15,0,40,0,1,90,0,91,16,10,105,0,131,50,0,50,181
09/15/2019,SBP,CA,AWP,WE,Federal Contract Tower,18,6,16,0,40,0,0,95,1,96,18,6,111,1,136,18,0,18,154
09/16/2019,SBP,CA,AWP,WE,Federal Contract Tower,15,13,15,0,43,0,3,51,0,54,15,16,66,0,97,86,0,86,183
09/17/2019,SBP,CA,AWP,WE,Federal Contract Tower,14,21,9,1,45,0,2,65,0,67,14,23,74,1,112,56,6,62,174
09/18/2019,SBP,CA,AWP,WE,Federal Contract Tower,18,15,25,3,61,0,1,69,3,73,18,16,94,6,134,106,14,120,254
09/19/2019,SBP,CA,AWP,WE,Federal Contract Tower,17,23,24,0,64,0,2,80,0,82,17,25,104,0,146,78,0,78,224
09/20/2019,SBP,CA,AWP,WE,Federal Contract Tower,17,21,15,0,53,0,2,73,3,78,17,23,88,3,131,54,0,54,185
09/21/2019,SBP,CA,AWP,WE,Federal Contract Tower,15,11,12,0,38,0,2,135,1,138,15,13,147,1,176,70,0,70,246
09/22/2019,SBP,CA,AWP,WE,Federal Contract Tower,17,12,19,0,48,0,1,99,0,100,17,13,118,0,148,44,0,44,192
09/23/2019,SBP,CA,AWP,WE,Federal Contract Tower,15,18,15,0,48,0,0,65,0,65,15,18,80,0,113,20,0,20,133
09/24/2019,SBP,CA,AWP,WE,Federal Contract Tower,15,17,18,2,52,0,8,60,0,68,15,25,78,2,120,50,0,50,170
09/25/2019,SBP,CA,AWP,WE,Federal Contract Tower,15,25,15,6,61,0,4,88,0,92,15,29,103,6,153,68,0,68,221
09/26/2019,SBP,CA,AWP,WE,Federal Contract Tower,16,24,51,1,92,0,1,56,0,57,16,25,107,1,149,78,0,78,227
09/27/2019,SBP,CA,AWP,WE,Federal Contract Tower,19,25,45,2,91,0,0,22,1,23,19,25,67,3,114,74,0,74,188
09/28/2019,SBP,CA,AWP,WE,Federal Contract Tower,15,13,25,3,56,0,0,41,0,41,15,13,66,3,97,82,0,82,179
09/29/2019,SBP,CA,AWP,WE,Federal Contract Tower,18,13,11,0,42,0,0,99,0,99,18,13,110,0,141,50,0,50,191
09/30/2019,SBP,CA,AWP,WE,Federal Contract Tower,18,13,22,2,55,0,0,87,2,89,18,13,109,4,144,12,2,14,158
10/01/2019,SBP,CA,AWP,WE,Federal Contract Tower,15,26,20,1,62,0,2,67,4,73,15,28,87,5,135,48,6,54,189
10/02/2019,SBP,CA,AWP,WE,Federal Contract Tower,19,16,28,0,63,0,4,99,4,107,19,20,127,4,170,94,32,126,296
10/03/2019,SBP,CA,AWP,WE,Federal Contract Tower,15,25,21,0,61,0,2,82,0,84,15,27,103,0,145,36,0,36,181
10/04/2019,SBP,CA,AWP,WE,Federal Contract Tower,16,21,12,2,51,0,3,88,0,91,16,24,100,2,142,36,0,36,178
10/05/2019,SBP,CA,AWP,WE,Federal Contract Tower,16,14,5,4,39,0,1,111,0,112,16,15,116,4,151,46,0,46,197
10/06/2019,SBP,CA,AWP,WE,Federal Contract Tower,16,18,21,0,55,0,1,133,0,134,16,19,154,0,189,60,0,60,249
10/07/2019,SBP,CA,AWP,WE,Federal Contract Tower,15,19,11,0,45,0,3,66,0,69,15,22,77,0,114,44,0,44,158
10/08/2019,SBP,CA,AWP,WE,Federal Contract Tower,16,22,28,0,66,0,2,71,2,75,16,24,99,2,141,78,0,78,219
10/09/2019,SBP,CA,AWP,WE,Federal Contract Tower,15,27,39,0,81,0,0,61,0,61,15,27,100,0,142,46,0,46,188
10/10/2019,SBP,CA,AWP,WE,Federal Contract Tower,15,24,9,0,48,0,0,84,3,87,15,24,93,3,135,74,0,74,209
10/11/2019,SBP,CA,AWP,WE,Federal Contract Tower,17,20,14,0,51,0,3,62,0,65,17,23,76,0,116,34,0,34,150
10/12/2019,SBP,CA,AWP,WE,Federal Contract Tower,18,14,15,0,47,0,1,103,0,104,18,15,118,0,151,38,0,38,189
10/13/2019,SBP,CA,AWP,WE,Federal Contract Tower,14,14,15,0,43,0,3,108,0,111,14,17,123,0,154,98,0,98,252
10/14/2019,SBP,CA,AWP,WE,Federal Contract Tower,17,17,28,0,62,0,1,67,0,68,17,18,95,0,130,46,0,46,176
10/15/2019,SBP,CA,AWP,WE,Federal Contract Tower,19,27,17,2,65,0,0,66,2,68,19,27,83,4,133,100,0,100,233
10/16/2019,SBP,CA,AWP,WE,Federal Contract Tower,18,22,22,1,63,0,5,73,1,79,18,27,95,2,142,88,0,88,230
10/17/2019,SBP,CA,AWP,WE,Federal Contract Tower,18,28,22,1,69,0,7,74,0,81,18,35,96,1,150,54,0,54,204
10/18/2019,SBP,CA,AWP,WE,Federal Contract Tower,17,24,15,2,58,0,4,63,0,67,17,28,78,2,125,36,0,36,161
10/19/2019,SBP,CA,AWP,WE,Federal Contract Tower,16,17,15,0,48,0,3,95,2,100,16,20,110,2,148,32,0,32,180
10/20/2019,SBP,CA,AWP,WE,Federal Contract Tower,17,14,6,0,37,0,1,71,0,72,17,15,77,0,109,34,0,34,143
10/21/2019,SBP,CA,AWP,WE,Federal Contract Tower,17,21,13,2,53,0,0,69,0,69,17,21,82,2,122,20,0,20,142
10/22/2019,SBP,CA,AWP,WE,Federal Contract Tower,16,22,8,0,46,0,5,94,0,99,16,27,102,0,145,40,0,40,185
10/23/2019,SBP,CA,AWP,WE,Federal Contract Tower,18,20,20,1,59,0,9,97,3,109,18,29,117,4,168,52,0,52,220
10/24/2019,SBP,CA,AWP,WE,Federal Contract Tower,20,23,20,0,63,0,2,85,2,89,20,25,105,2,152,34,0,34,186
10/25/2019,SBP,CA,AWP,WE,Federal Contract Tower,16,21,20,0,57,2,3,100,0,105,18,24,120,0,162,34,0,34,196
10/26/2019,SBP,CA,AWP,WE,Federal Contract Tower,14,17,17,0,48,0,3,113,1,117,14,20,130,1,165,58,2,60,225
10/27/2019,SBP,CA,AWP,WE,Federal Contract Tower,17,18,30,0,65,0,1,71,0,72,17,19,101,0,137,16,0,16,153
10/28/2019,SBP,CA,AWP,WE,Federal Contract Tower,17,21,17,0,55,0,4,82,0,86,17,25,99,0,141,50,0,50,191
10/29/2019,SBP,CA,AWP,WE,Federal Contract Tower,13,25,11,0,49,0,3,79,0,82,13,28,90,0,131,66,0,66,197
10/30/2019,SBP,CA,AWP,WE,Federal Contract Tower,18,22,11,0,51,0,3,95,0,98,18,25,106,0,149,46,0,46,195
10/31/2019,SBP,CA,AWP,WE,Federal Contract Tower,12,22,11,0,45,1,3,87,0,91,13,25,98,0,136,84,0,84,220
11/01/2019,SBP,CA,AWP,WE,Federal Contract Tower,17,21,16,1,55,1,3,86,2,92,18,24,102,3,147,60,0,60,207
11/02/2019,SBP,CA,AWP,WE,Federal Contract Tower,12,15,16,8,51,1,1,101,0,103,13,16,117,8,154,14,0,14,168
11/03/2019,SBP,CA,AWP,WE,Federal Contract Tower,13,19,19,0,51,0,0,99,0,99,13,19,118,0,150,8,0,8,158
11/04/2019,SBP,CA,AWP,WE,Federal Contract Tower,16,16,19,1,52,0,0,84,4,88,16,16,103,5,140,50,0,50,190
11/05/2019,SBP,CA,AWP,WE,Federal Contract Tower,11,24,18,2,55,0,2,92,0,94,11,26,110,2,149,36,0,36,185
11/06/2019,SBP,CA,AWP,WE,Federal Contract Tower,16,29,20,1,66,0,1,65,0,66,16,30,85,1,132,60,0,60,192
11/07/2019,SBP,CA,AWP,WE,Federal Contract Tower,14,28,27,2,71,0,0,83,4,87,14,28,110,6,158,78,0,78,236
11/08/2019,SBP,CA,AWP,WE,Federal Contract Tower,14,25,12,0,51,0,0,97,0,97,14,25,109,0,148,64,0,64,212
11/09/2019,SBP,CA,AWP,WE,Federal Contract Tower,14,13,22,0,49,0,3,95,1,99,14,16,117,1,148,38,0,38,186
11/10/2019,SBP,CA,AWP,WE,Federal Contract Tower,16,16,15,0,47,0,0,109,2,111,16,16,124,2,158,58,0,58,216
11/11/2019,SBP,CA,AWP,WE,Federal Contract Tower,18,21,17,1,57,0,1,100,0,101,18,22,117,1,158,68,0,68,226
11/12/2019,SBP,CA,AWP,WE,Federal Contract Tower,13,26,23,0,62,0,50,7,0,57,13,76,30,0,119,66,0,66,185
11/13/2019,SBP,CA,AWP,WE,Federal Contract Tower,13,24,33,0,70,1,5,62,0,68,14,29,95,0,138,118,0,118,256
11/14/2019,SBP,CA,AWP,WE,Federal Contract Tower,18,23,46,1,88,0,6,41,0,47,18,29,87,1,135,46,0,46,181
11/15/2019,SBP,CA,AWP,WE,Federal Contract Tower,15,26,16,0,57,0,15,76,1,92,15,41,92,1,149,74,0,74,223
11/16/2019,SBP,CA,AWP,WE,Federal Contract Tower,14,20,17,0,51,1,135,8,0,144,15,155,25,0,195,6,0,6,201
11/17/2019,SBP,CA,AWP,WE,Federal Contract Tower,16,17,14,0,47,0,1,110,0,111,16,18,124,0,158,38,0,38,196
11/18/2019,SBP,CA,AWP,WE,Federal Contract Tower,17,27,20,0,64,0,1,74,1,76,17,28,94,1,140,92,0,92,232
11/19/2019,SBP,CA,AWP,WE,Federal Contract Tower,11,29,34,3,77,0,5,61,0,66,11,34,95,3,143,54,0,54,197
11/21/2019,SBP,CA,AWP,WE,Federal Contract Tower,16,25,21,1,63,0,8,79,1,88,16,33,100,2,151,36,0,36,187
11/22/2019,SBP,CA,AWP,WE,Federal Contract Tower,16,31,25,0,72,1,92,18,16,127,17,123,43,16,199,54,0,54,253
11/23/2019,SBP,CA,AWP,WE,Federal Contract Tower,14,15,6,0,35,0,1,133,1,135,14,16,139,1,170,24,0,24,194
11/24/2019,SBP,CA,AWP,WE,Federal Contract Tower,16,17,15,0,48,0,0,109,2,111,16,17,124,2,159,60,0,60,219
11/25/2019,SBP,CA,AWP,WE,Federal Contract Tower,15,21,11,0,47,0,1,56,3,60,15,22,67,3,107,26,0,26,133
11/26/2019,SBP,CA,AWP,WE,Federal Contract Tower,34,23,16,0,73,0,4,68,4,76,34,27,84,4,149,78,0,78,227
11/27/2019,SBP,CA,AWP,WE,Federal Contract Tower,17,20,21,0,58,0,1,8,0,9,17,21,29,0,67,16,0,16,83
11/28/2019,SBP,CA,AWP,WE,Federal Contract Tower,7,9,5,0,21,0,0,6,4,10,7,9,11,4,31,12,0,12,43
11/29/2019,SBP,CA,AWP,WE,Federal Contract Tower,10,18,13,0,41,0,2,33,7,42,10,20,46,7,83,28,0,28,111
11/30/2019,SBP,CA,AWP,WE,Federal Contract Tower,16,14,18,0,48,0,0,12,0,12,16,14,30,0,60,42,0,42,102
12/01/2019,SBP,CA,AWP,WE,Federal Contract Tower,16,13,24,0,53,0,0,17,0,17,16,13,41,0,70,0,0,0,70
12/02/2019,SBP,CA,AWP,WE,Federal Contract Tower,16,16,17,0,49,0,3,15,1,19,16,19,32,1,68,4,0,4,72
12/03/2019,SBP,CA,AWP,WE,Federal Contract Tower,12,29,27,0,68,0,5,35,0,40,12,34,62,0,108,54,0,54,162
12/04/2019,SBP,CA,AWP,WE,Federal Contract Tower,15,25,25,9,74,0,0,13,4,17,15,25,38,13,91,4,0,4,95
12/05/2019,SBP,CA,AWP,WE,Federal Contract Tower,13,30,37,2,82,0,0,33,0,33,13,30,70,2,115,54,0,54,169
12/06/2019,SBP,CA,AWP,WE,Federal Contract Tower,15,32,21,0,68,0,2,54,0,56,15,34,75,0,124,4,0,4,128
12/07/2019,SBP,CA,AWP,WE,Federal Contract Tower,10,17,13,0,40,0,0,9,0,9,10,17,22,0,49,10,0,10,59
12/08/2019,SBP,CA,AWP,WE,Federal Contract Tower,14,21,15,0,50,0,0,4,0,4,14,21,19,0,54,0,0,0,54
12/09/2019,SBP,CA,AWP,WE,Federal Contract Tower,13,22,24,0,59,0,0,101,2,103,13,22,125,2,162,146,0,146,308
12/10/2019,SBP,CA,AWP,WE,Federal Contract Tower,15,28,15,0,58,0,2,97,1,100,15,30,112,1,158,182,0,182,340
12/11/2019,SBP,CA,AWP,WE,Federal Contract Tower,13,30,26,1,70,0,2,78,0,80,13,32,104,1,150,208,0,208,358
12/12/2019,SBP,CA,AWP,WE,Federal Contract Tower,11,28,24,1,64,0,1,78,0,79,11,29,102,1,143,88,0,88,231
12/13/2019,SBP,CA,AWP,WE,Federal Contract Tower,14,34,29,0,77,0,1,81,0,82,14,35,110,0,159,68,0,68,227
12/14/2019,SBP,CA,AWP,WE,Federal Contract Tower,15,27,25,0,67,0,0,48,0,48,15,27,73,0,115,40,12,52,167
12/15/2019,SBP,CA,AWP,WE,Federal Contract Tower,14,23,15,0,52,0,0,96,0,96,14,23,111,0,148,8,0,8,156
12/16/2019,SBP,CA,AWP,WE,Federal Contract Tower,14,24,10,0,48,0,2,78,0,80,14,26,88,0,128,22,0,22,150
12/17/2019,SBP,CA,AWP,WE,Federal Contract Tower,11,30,19,2,62,0,1,94,4,99,11,31,113,6,161,44,0,44,205
12/18/2019,SBP,CA,AWP,WE,Federal Contract Tower,12,27,21,0,60,0,1,60,0,61,12,28,81,0,121,52,0,52,173
12/19/2019,SBP,CA,AWP,WE,Federal Contract Tower,15,34,9,0,58,0,1,101,0,102,15,35,110,0,160,116,0,116,276
12/20/2019,SBP,CA,AWP,WE,Federal Contract Tower,16,32,17,4,69,0,0,85,0,85,16,32,102,4,154,92,0,92,246
12/21/2019,SBP,CA,AWP,WE,Federal Contract Tower,17,19,23,0,59,0,1,90,0,91,17,20,113,0,150,16,0,16,166
12/22/2019,SBP,CA,AWP,WE,Federal Contract Tower,17,19,12,0,48,0,0,0,0,0,17,19,12,0,48,0,0,0,48
12/23/2019,SBP,CA,AWP,WE,Federal Contract Tower,18,24,17,1,60,0,0,35,0,35,18,24,52,1,95,76,0,76,171
12/24/2019,SBP,CA,AWP,WE,Federal Contract Tower,12,22,11,0,45,0,0,33,0,33,12,22,44,0,78,46,0,46,124
12/25/2019,SBP,CA,AWP,WE,Federal Contract Tower,12,17,5,0,34,0,0,8,0,8,12,17,13,0,42,4,0,4,46
12/26/2019,SBP,CA,AWP,WE,Federal Contract Tower,20,24,14,0,58,0,2,36,0,38,20,26,50,0,96,38,0,38,134
12/27/2019,SBP,CA,AWP,WE,Federal Contract Tower,16,26,14,1,57,0,0,94,0,94,16,26,108,1,151,66,0,66,217
12/28/2019,SBP,CA,AWP,WE,Federal Contract Tower,17,21,8,0,46,0,1,105,0,106,17,22,113,0,152,56,0,56,208
12/29/2019,SBP,CA,AWP,WE,Federal Contract Tower,17,16,18,0,51,0,0,26,0,26,17,16,44,0,77,88,0,88,165
12/30/2019,SBP,CA,AWP,WE,Federal Contract Tower,16,25,16,2,59,0,2,66,0,68,16,27,82,2,127,16,0,16,143
12/31/2019,SBP,CA,AWP,WE,Federal Contract Tower,13,24,5,2,44,0,2,90,3,95,13,26,95,5,139,46,0,46,185
01/01/2020,SBP,CA,AWP,WE,Federal Contract Tower,14,16,13,0,43,0,0,70,0,70,14,16,83,0,113,64,0,64,177
01/02/2020,SBP,CA,AWP,WE,Federal Contract Tower,22,24,14,0,60,0,4,72,0,76,22,28,86,0,136,24,0,24,160
01/04/2020,SBP,CA,AWP,WE,Federal Contract Tower,14,16,12,0,42,0,1,115,0,116,14,17,127,0,158,66,0,66,224
01/05/2020,SBP,CA,AWP,WE,Federal Contract Tower,16,20,19,0,55,0,0,64,0,64,16,20,83,0,119,28,0,28,147
01/06/2020,SBP,CA,AWP,WE,Federal Contract Tower,16,22,21,3,62,0,2,75,0,77,16,24,96,3,139,28,0,28,167
01/07/2020,SBP,CA,AWP,WE,Federal Contract Tower,16,20,26,2,64,0,2,86,7,95,16,22,112,9,159,96,0,96,255
01/08/2020,SBP,CA,AWP,WE,Federal Contract Tower,17,21,20,4,62,0,2,69,0,71,17,23,89,4,133,88,0,88,221
01/09/2020,SBP,CA,AWP,WE,Federal Contract Tower,18,28,25,0,71,0,2,40,0,42,18,30,65,0,113,35,0,35,148
01/10/2020,SBP,CA,AWP,WE,Federal Contract Tower,17,25,33,2,77,0,5,119,0,124,17,30,152,2,201,102,0,102,303
01/11/2020,SBP,CA,AWP,WE,Federal Contract Tower,15,14,21,0,50,0,1,113,1,115,15,15,134,1,165,66,0,66,231
01/12/2020,SBP,CA,AWP,WE,Federal Contract Tower,20,16,21,0,57,0,4,107,0,111,20,20,128,0,168,70,0,70,238
01/14/2020,SBP,CA,AWP,WE,Federal Contract Tower,17,21,22,1,61,0,8,77,4,89,17,29,99,5,150,76,0,76,226
01/15/2020,SBP,CA,AWP,WE,Federal Contract Tower,18,23,30,2,73,0,2,99,1,102,18,25,129,3,175,124,12,136,311
01/16/2020,SBP,CA,AWP,WE,Federal Contract Tower,19,27,24,0,70,0,2,13,0,15,19,29,37,0,85,26,0,26,111
01/17/2020,SBP,CA,AWP,WE,Federal Contract Tower,18,22,22,2,64,0,4,81,6,91,18,26,103,8,155,70,0,70,225
01/18/2020,SBP,CA,AWP,WE,Federal Contract Tower,15,12,32,0,59,0,1,110,0,111,15,13,142,0,170,60,0,60,230
01/19/2020,SBP,CA,AWP,WE,Federal Contract Tower,18,10,23,0,51,0,0,112,0,112,18,10,135,0,163,30,0,30,193
01/20/2020,SBP,CA,AWP,WE,Federal Contract Tower,19,19,27,0,65,0,1,71,6,78,19,20,98,6,143,40,0,40,183
01/21/2020,SBP,CA,AWP,WE,Federal Contract Tower,16,25,12,2,55,0,14,53,3,70,16,39,65,5,125,74,0,74,199
01/22/2020,SBP,CA,AWP,WE,Federal Contract Tower,18,25,26,3,72,0,4,55,6,65,18,29,81,9,137,58,0,58,195
01/23/2020,SBP,CA,AWP,WE,Federal Contract Tower,16,23,21,0,60,0,3,107,3,113,16,26,128,3,173,60,0,60,233
01/24/2020,SBP,CA,AWP,WE,Federal Contract Tower,19,27,30,0,76,0,5,86,3,94,19,32,116,3,170,78,0,78,248
01/25/2020,SBP,CA,AWP,WE,Federal Contract Tower,16,15,11,2,44,0,0,96,0,96,16,15,107,2,140,96,0,96,236
01/26/2020,SBP,CA,AWP,WE,Federal Contract Tower,18,17,17,0,52,0,0,26,0,26,18,17,43,0,78,6,0,6,84
01/27/2020,SBP,CA,AWP,WE,Federal Contract Tower,19,17,8,0,44,0,0,52,7,59,19,17,60,7,103,46,0,46,149
01/28/2020,SBP,CA,AWP,WE,Federal Contract Tower,16,22,29,4,71,0,3,68,3,74,16,25,97,7,145,72,0,72,217
01/29/2020,SBP,CA,AWP,WE,Federal Contract Tower,18,21,13,0,52,0,4,60,1,65,18,25,73,1,117,72,0,72,189
01/30/2020,SBP,CA,AWP,WE,Federal Contract Tower,20,24,29,1,74,0,5,97,10,112,20,29,126,11,186,86,0,86,272
01/31/2020,SBP,CA,AWP,WE,Federal Contract Tower,19,24,27,0,70,0,1,130,2,133,19,25,157,2,203,62,0,62,265
02/01/2020,SBP,CA,AWP,WE,Federal Contract Tower,17,13,13,0,43,0,3,105,0,108,17,16,118,0,151,74,0,74,225
02/02/2020,SBP,CA,AWP,WE,Federal Contract Tower,17,15,7,0,39,0,0,31,0,31,17,15,38,0,70,20,0,20,90
02/03/2020,SBP,CA,AWP,WE,Federal Contract Tower,20,23,8,0,51,0,0,38,0,38,20,23,46,0,89,34,0,34,123
02/04/2020,SBP,CA,AWP,WE,Federal Contract Tower,16,21,10,0,47,0,5,64,0,69,16,26,74,0,116,56,0,56,172
02/05/2020,SBP,CA,AWP,WE,Federal Contract Tower,18,24,14,2,58,0,4,100,3,107,18,28,114,5,165,118,0,118,283
02/06/2020,SBP,CA,AWP,WE,Federal Contract Tower,21,22,14,1,58,0,7,84,3,94,21,29,98,4,152,90,0,90,242
02/07/2020,SBP,CA,AWP,WE,Federal Contract Tower,18,22,22,1,63,0,3,109,0,112,18,25,131,1,175,86,0,86,261
02/08/2020,SBP,CA,AWP,WE,Federal Contract Tower,15,17,21,1,54,0,2,103,2,107,15,19,124,3,161,41,0,41,202
02/09/2020,SBP,CA,AWP,WE,Federal Contract Tower,19,21,13,0,53,0,0,57,0,57,19,21,70,0,110,58,0,58,168
02/10/2020,SBP,CA,AWP,WE,Federal Contract Tower,19,21,13,1,54,0,0,64,0,64,19,21,77,1,118,74,0,74,192
02/14/2020,SBP,CA,AWP,WE,Federal Contract Tower,19,40,26,0,85,0,3,85,0,88,19,43,111,0,173,48,0,48,221
02/15/2020,SBP,CA,AWP,WE,Federal Contract Tower,14,19,12,1,46,0,2,155,0,157,14,21,167,1,203,58,0,58,261
02/16/2020,SBP,CA,AWP,WE,Federal Contract Tower,17,16,15,0,48,0,0,116,0,116,17,16,131,0,164,40,24,64,228
02/17/2020,SBP,CA,AWP,WE,Federal Contract Tower,19,18,25,1,63,0,2,105,0,107,19,20,130,1,170,60,0,60,230
02/18/2020,SBP,CA,AWP,WE,Federal Contract Tower,18,21,8,2,49,0,6,58,1,65,18,27,66,3,114,100,0,100,214
02/19/2020,SBP,CA,AWP,WE,Federal Contract Tower,15,30,20,4,69,0,3,80,4,87,15,33,100,8,156,104,0,104,260
02/20/2020,SBP,CA,AWP,WE,Federal Contract Tower,22,25,23,2,72,0,2,121,3,126,22,27,144,5,198,130,0,130,328
02/21/2020,SBP,CA,AWP,WE,Federal Contract Tower,18,23,28,5,74,0,1,102,2,105,18,24,130,7,179,118,0,118,297
02/22/2020,SBP,CA,AWP,WE,Federal Contract Tower,14,15,17,0,46,0,0,48,0,48,14,15,65,0,94,134,0,134,228
02/23/2020,SBP,CA,AWP,WE,Federal Contract Tower,14,17,21,0,52,0,0,120,1,121,14,17,141,1,173,64,0,64,237
02/24/2020,SBP,CA,AWP,WE,Federal Contract Tower,15,21,16,2,54,0,1,89,1,91,15,22,105,3,145,34,0,34,179
02/25/2020,SBP,CA,AWP,WE,Federal Contract Tower,19,25,15,4,63,0,4,95,4,103,19,29,110,8,166,26,0,26,192
02/26/2020,SBP,CA,AWP,WE,Federal Contract Tower,14,23,19,0,56,0,1,78,0,79,14,24,97,0,135,86,0,86,221
02/27/2020,SBP,CA,AWP,WE,Federal Contract Tower,19,25,18,1,63,0,0,112,1,113,19,25,130,2,176,92,0,92,268
02/28/2020,SBP,CA,AWP,WE,Federal Contract Tower,18,21,17,0,56,0,5,129,0,134,18,26,146,0,190,68,0,68,258
02/29/2020,SBP,CA,AWP,WE,Federal Contract Tower,14,15,31,2,62,0,0,87,2,89,14,15,118,4,151,156,0,156,307
03/01/2020,SBP,CA,AWP,WE,Federal Contract Tower,18,19,17,0,54,0,0,36,0,36,18,19,53,0,90,38,0,38,128
03/02/2020,SBP,CA,AWP,WE,Federal Contract Tower,18,20,12,7,57,0,0,57,1,58,18,20,69,8,115,104,2,106,221
03/03/2020,SBP,CA,AWP,WE,Federal Contract Tower,19,24,11,0,54,0,2,71,0,73,19,26,82,0,127,48,0,48,175
03/04/2020,SBP,CA,AWP,WE,Federal Contract Tower,14,27,16,1,58,0,4,90,5,99,14,31,106,6,157,82,0,82,239
03/05/2020,SBP,CA,AWP,WE,Federal Contract Tower,13,26,28,0,67,0,0,74,0,74,13,26,102,0,141,126,0,126,267
03/06/2020,SBP,CA,AWP,WE,Federal Contract Tower,12,26,23,0,61,0,0,105,0,105,12,26,128,0,166,128,0,128,294
03/07/2020,SBP,CA,AWP,WE,Federal Contract Tower,13,17,18,0,48,0,0,23,0,23,13,17,41,0,71,52,0,52,123
03/08/2020,SBP,CA,AWP,WE,Federal Contract Tower,13,18,25,0,56,0,0,78,0,78,13,18,103,0,134,74,0,74,208
03/09/2020,SBP,CA,AWP,WE,Federal Contract Tower,14,21,9,2,46,0,0,48,0,48,14,21,57,2,94,92,0,92,186
03/10/2020,SBP,CA,AWP,WE,Federal Contract Tower,15,23,7,4,49,0,0,15,0,15,15,23,22,4,64,0,0,0,64
03/11/2020,SBP,CA,AWP,WE,Federal Contract Tower,15,26,20,0,61,0,0,32,0,32,15,26,52,0,93,50,0,50,143
03/12/2020,SBP,CA,AWP,WE,Federal Contract Tower,13,24,23,2,62,0,2,91,0,93,13,26,114,2,155,144,2,146,301
03/13/2020,SBP,CA,AWP,WE,Federal Contract Tower,13,29,30,2,74,0,0,18,9,27,13,29,48,11,101,126,0,126,227
03/14/2020,SBP,CA,AWP,WE,Federal Contract Tower,15,23,15,0,53,0,0,14,0,14,15,23,29,0,67,50,0,50,117
03/15/2020,SBP,CA,AWP,WE,Federal Contract Tower,14,19,11,0,44,0,0,5,0,5,14,19,16,0,49,14,0,14,63
03/16/2020,SBP,CA,AWP,WE,Federal Contract Tower,13,20,17,0,50,0,0,2,0,2,13,20,19,0,52,10,0,10,62
03/17/2020,SBP,CA,AWP,WE,Federal Contract Tower,14,26,9,2,51,0,2,35,0,37,14,28,44,2,88,42,0,42,130
03/18/2020,SBP,CA,AWP,WE,Federal Contract Tower,13,24,7,0,44,0,3,73,2,78,13,27,80,2,122,54,0,54,176
03/19/2020,SBP,CA,AWP,WE,Federal Contract Tower,13,19,6,0,38,0,4,51,0,55,13,23,57,0,93,118,0,118,211
03/20/2020,SBP,CA,AWP,WE,Federal Contract Tower,22,22,6,3,53,0,0,23,0,23,22,22,29,3,76,24,0,24,100
03/21/2020,SBP,CA,AWP,WE,Federal Contract Tower,14,9,9,0,32,0,0,42,0,42,14,9,51,0,74,32,0,32,106
03/22/2020,SBP,CA,AWP,WE,Federal Contract Tower,13,10,4,0,27,0,0,14,0,14,13,10,18,0,41,12,0,12,53
03/23/2020,SBP,CA,AWP,WE,Federal Contract Tower,11,13,2,3,29,0,0,3,0,3,11,13,5,3,32,2,0,2,34
03/24/2020,SBP,CA,AWP,WE,Federal Contract Tower,11,22,9,0,42,0,2,4,0,6,11,24,13,0,48,0,0,0,48
03/25/2020,SBP,CA,AWP,WE,Federal Contract Tower,11,23,1,0,35,0,4,11,0,15,11,27,12,0,50,0,0,0,50
03/26/2020,SBP,CA,AWP,WE,Federal Contract Tower,11,18,8,0,37,0,3,18,0,21,11,21,26,0,58,4,0,4,62
03/27/2020,SBP,CA,AWP,WE,Federal Contract Tower,13,22,7,1,43,0,3,63,1,67,13,25,70,2,110,12,2,14,124
03/28/2020,SBP,CA,AWP,WE,Federal Contract Tower,11,10,5,2,28,0,1,44,0,45,11,11,49,2,73,32,0,32,105
03/29/2020,SBP,CA,AWP,WE,Federal Contract Tower,11,8,1,0,20,0,0,23,0,23,11,8,24,0,43,32,0,32,75
03/30/2020,SBP,CA,AWP,WE,Federal Contract Tower,12,7,5,0,24,0,1,37,0,38,12,8,42,0,62,0,0,0,62
03/31/2020,SBP,CA,AWP,WE,Federal Contract Tower,13,14,4,0,31,0,3,30,0,33,13,17,34,0,64,0,0,0,64
04/01/2020,SBP,CA,AWP,WE,Federal Contract Tower,12,13,3,4,32,0,9,23,3,35,12,22,26,7,67,4,0,4,71
04/03/2020,SBP,CA,AWP,WE,Federal Contract Tower,8,14,6,0,28,0,4,70,0,74,8,18,76,0,102,24,0,24,126
04/04/2020,SBP,CA,AWP,WE,Federal Contract Tower,8,5,14,0,27,0,1,74,0,75,8,6,88,0,102,18,0,18,120
04/05/2020,SBP,CA,AWP,WE,Federal Contract Tower,8,5,4,0,17,0,0,0,0,0,8,5,4,0,17,0,0,0,17
04/06/2020,SBP,CA,AWP,WE,Federal Contract Tower,6,10,13,0,29,0,0,8,0,8,6,10,21,0,37,0,0,0,37
04/07/2020,SBP,CA,AWP,WE,Federal Contract Tower,3,13,2,0,18,2,16,2,0,20,5,29,4,0,38,0,0,0,38
04/08/2020,SBP,CA,AWP,WE,Federal Contract Tower,6,12,3,2,23,0,2,8,2,12,6,14,11,4,35,16,0,16,51
04/09/2020,SBP,CA,AWP,WE,Federal Contract Tower,4,15,6,0,25,0,0,2,2,4,4,15,8,2,29,42,0,42,71
04/10/2020,SBP,CA,AWP,WE,Federal Contract Tower,6,11,1,1,19,0,2,41,1,44,6,13,42,2,63,24,0,24,87
04/11/2020,SBP,CA,AWP,WE,Federal Contract Tower,6,7,10,0,23,0,1,83,0,84,6,8,93,0,107,18,0,18,125
04/12/2020,SBP,CA,AWP,WE,Federal Contract Tower,6,2,6,0,14,0,0,4,0,4,6,2,10,0,18,10,0,10,28
04/13/2020,SBP,CA,AWP,WE,Federal Contract Tower,5,5,23,0,33,0,0,0,0,0,5,5,23,0,33,0,0,0,33
04/14/2020,SBP,CA,AWP,WE,Federal Contract Tower,6,12,14,0,32,0,1,73,4,78,6,13,87,4,110,34,0,34,144
04/15/2020,SBP,CA,AWP,WE,Federal Contract Tower,4,14,4,1,23,0,2,86,6,94,4,16,90,7,117,10,0,10,127
04/16/2020,SBP,CA,AWP,WE,Federal Contract Tower,6,16,19,0,41,0,0,34,2,36,6,16,53,2,77,2,0,2,79
04/17/2020,SBP,CA,AWP,WE,Federal Contract Tower,7,16,7,0,30,0,0,15,2,17,7,16,22,2,47,20,0,20,67
04/18/2020,SBP,CA,AWP,WE,Federal Contract Tower,6,5,12,0,23,0,1,27,2,30,6,6,39,2,53,6,0,6,59
04/19/2020,SBP,CA,AWP,WE,Federal Contract Tower,6,5,8,0,19,0,0,51,2,53,6,5,59,2,72,10,0,10,82
04/20/2020,SBP,CA,AWP,WE,Federal Contract Tower,8,8,17,2,35,0,0,4,1,5,8,8,21,3,40,0,0,0,40
04/21/2020,SBP,CA,AWP,WE,Federal Contract Tower,3,12,7,3,25,0,2,32,1,35,3,14,39,4,60,10,0,10,70
04/22/2020,SBP,CA,AWP,WE,Federal Contract Tower,6,11,5,1,23,0,4,59,3,66,6,15,64,4,89,12,0,12,101
04/23/2020,SBP,CA,AWP,WE,Federal Contract Tower,5,9,5,2,21,2,2,41,2,47,7,11,46,4,68,10,0,10,78
04/24/2020,SBP,CA,AWP,WE,Federal Contract Tower,7,7,7,2,23,0,6,94,0,100,7,13,101,2,123,22,0,22,145
04/25/2020,SBP,CA,AWP,WE,Federal Contract Tower,6,4,2,0,12,0,3,123,0,126,6,7,125,0,138,34,0,34,172
04/26/2020,SBP,CA,AWP,WE,Federal Contract Tower,8,5,6,0,19,0,2,85,0,87,8,7,91,0,106,58,0,58,164
04/27/2020,SBP,CA,AWP,WE,Federal Contract Tower,7,10,7,0,24,0,3,45,0,48,7,13,52,0,72,12,0,12,84
04/28/2020,SBP,CA,AWP,WE,Federal Contract Tower,4,10,6,2,22,0,4,79,2,85,4,14,85,4,107,66,0,66,173
04/29/2020,SBP,CA,AWP,WE,Federal Contract Tower,9,14,9,2,34,3,8,59,2,72,12,22,68,4,106,46,0,46,152
04/30/2020,SBP,CA,AWP,WE,Federal Contract Tower,7,12,7,1,27,0,0,40,3,43,7,12,47,4,70,8,6,14,84
05/01/2020,SBP,CA,AWP,WE,Federal Contract Tower,7,12,4,0,23,0,5,58,0,63,7,17,62,0,86,38,0,38,124
05/02/2020,SBP,CA,AWP,WE,Federal Contract Tower,4,6,19,0,29,0,1,74,0,75,4,7,93,0,104,50,0,50,154
05/03/2020,SBP,CA,AWP,WE,Federal Contract Tower,7,1,9,0,17,0,1,60,0,61,7,2,69,0,78,68,0,68,146
05/04/2020,SBP,CA,AWP,WE,Federal Contract Tower,7,10,8,4,29,0,0,61,0,61,7,10,69,4,90,28,0,28,118
05/05/2020,SBP,CA,AWP,WE,Federal Contract Tower,6,13,11,0,30,0,3,60,0,63,6,16,71,0,93,30,0,30,123
05/06/2020,SBP,CA,AWP,WE,Federal Contract Tower,7,12,2,4,25,0,2,51,0,53,7,14,53,4,78,22,0,22,100
05/07/2020,SBP,CA,AWP,WE,Federal Contract Tower,9,11,11,2,33,0,5,80,3,88,9,16,91,5,121,48,0,48,169
05/08/2020,SBP,CA,AWP,WE,Federal Contract Tower,8,11,7,0,26,0,6,106,0,112,8,17,113,0,138,90,0,90,228
05/09/2020,SBP,CA,AWP,WE,Federal Contract Tower,7,8,11,0,26,0,0,83,0,83,7,8,94,0,109,140,0,140,249
05/10/2020,SBP,CA,AWP,WE,Federal Contract Tower,9,4,16,0,29,0,0,36,0,36,9,4,52,0,65,40,0,40,105
05/11/2020,SBP,CA,AWP,WE,Federal Contract Tower,10,6,10,0,26,0,0,49,0,49,10,6,59,0,75,62,0,62,137
05/12/2020,SBP,CA,AWP,WE,Federal Contract Tower,5,11,14,0,30,0,2,47,0,49,5,13,61,0,79,86,0,86,165
05/13/2020,SBP,CA,AWP,WE,Federal Contract Tower,10,10,12,2,34,0,1,73,0,74,10,11,85,2,108,116,0,116,224
05/14/2020,SBP,CA,AWP,WE,Federal Contract Tower,10,8,2,2,22,0,4,89,2,95,10,12,91,4,117,58,0,58,175
05/15/2020,SBP,CA,AWP,WE,Federal Contract Tower,9,8,14,0,31,0,5,87,2,94,9,13,101,2,125,70,0,70,195
05/16/2020,SBP,CA,AWP,WE,Federal Contract Tower,10,3,13,0,26,0,1,82,1,84,10,4,95,1,110,68,0,68,178
05/17/2020,SBP,CA,AWP,WE,Federal Contract Tower,9,6,12,0,27,0,3,44,0,47,9,9,56,0,74,92,0,92,166
05/18/2020,SBP,CA,AWP,WE,Federal Contract Tower,11,5,7,2,25,0,0,25,0,25,11,5,32,2,50,72,0,72,122
05/19/2020,SBP,CA,AWP,WE,Federal Contract Tower,6,11,8,0,25,0,2,72,0,74,6,13,80,0,99,86,0,86,185
05/20/2020,SBP,CA,AWP,WE,Federal Contract Tower,11,13,14,1,39,0,2,90,2,94,11,15,104,3,133,60,0,60,193
05/21/2020,SBP,CA,AWP,WE,Federal Contract Tower,11,10,8,0,29,0,4,76,2,82,11,14,84,2,111,110,0,110,221
05/22/2020,SBP,CA,AWP,WE,Federal Contract Tower,8,13,11,0,32,0,4,78,0,82,8,17,89,0,114,52,0,52,166
05/23/2020,SBP,CA,AWP,WE,Federal Contract Tower,9,5,13,0,27,0,1,112,0,113,9,6,125,0,140,24,0,24,164
05/24/2020,SBP,CA,AWP,WE,Federal Contract Tower,11,3,11,0,25,0,1,109,0,110,11,4,120,0,135,62,0,62,197
05/25/2020,SBP,CA,AWP,WE,Federal Contract Tower,9,5,16,0,30,0,0,103,0,103,9,5,119,0,133,108,0,108,241
05/26/2020,SBP,CA,AWP,WE,Federal Contract Tower,7,6,11,0,24,0,0,98,0,98,7,6,109,0,122,104,0,104,226
05/27/2020,SBP,CA,AWP,WE,Federal Contract Tower,13,8,14,4,39,0,4,111,0,115,13,12,125,4,154,102,2,104,258
05/28/2020,SBP,CA,AWP,WE,Federal Contract Tower,9,13,11,0,33,0,6,84,0,90,9,19,95,0,123,168,0,168,291
05/29/2020,SBP,CA,AWP,WE,Federal Contract Tower,8,14,30,0,52,0,0,24,0,24,8,14,54,0,76,44,0,44,120
05/30/2020,SBP,CA,AWP,WE,Federal Contract Tower,8,3,21,0,32,0,1,26,0,27,8,4,47,0,59,32,0,32,91
05/31/2020,SBP,CA,AWP,WE,Federal Contract Tower,12,2,22,0,36,0,0,89,0,89,12,2,111,0,125,68,0,68,193
06/01/2020,SBP,CA,AWP,WE,Federal Contract Tower,8,4,21,0,33,0,7,54,0,61,8,11,75,0,94,48,0,48,142
06/03/2020,SBP,CA,AWP,WE,Federal Contract Tower,6,21,8,4,39,0,8,49,4,61,6,29,57,8,100,36,0,36,136
06/04/2020,SBP,CA,AWP,WE,Federal Contract Tower,8,11,13,1,33,0,9,60,0,69,8,20,73,1,102,150,4,154,256
06/05/2020,SBP,CA,AWP,WE,Federal Contract Tower,5,12,29,0,46,0,3,27,0,30,5,15,56,0,76,146,0,146,222
06/06/2020,SBP,CA,AWP,WE,Federal Contract Tower,8,3,20,3,34,0,3,103,1,107,8,6,123,4,141,72,0,72,213
06/07/2020,SBP,CA,AWP,WE,Federal Contract Tower,5,2,14,0,21,0,1,24,0,25,5,3,38,0,46,66,0,66,112
06/08/2020,SBP,CA,AWP,WE,Federal Contract Tower,6,6,5,0,17,0,1,70,0,71,6,7,75,0,88,76,0,76,164
06/09/2020,SBP,CA,AWP,WE,Federal Contract Tower,8,15,6,2,31,0,4,103,0,107,8,19,109,2,138,130,0,130,268
06/10/2020,SBP,CA,AWP,WE,Federal Contract Tower,7,13,6,0,26,0,3,91,0,94,7,16,97,0,120,120,0,120,240
06/11/2020,SBP,CA,AWP,WE,Federal Contract Tower,9,12,9,0,30,0,6,109,4,119,9,18,118,4,149,146,0,146,295
06/12/2020,SBP,CA,AWP,WE,Federal Contract Tower,6,13,22,0,41,0,1,89,0,90,6,14,111,0,131,56,0,56,187
06/13/2020,SBP,CA,AWP,WE,Federal Contract Tower,7,8,9,0,24,0,2,131,0,133,7,10,140,0,157,40,0,40,197
06/14/2020,SBP,CA,AWP,WE,Federal Contract Tower,8,4,9,0,21,0,0,113,0,113,8,4,122,0,134,72,0,72,206
06/15/2020,SBP,CA,AWP,WE,Federal Contract Tower,6,10,7,0,23,0,4,62,0,66,6,14,69,0,89,98,2,100,189
06/16/2020,SBP,CA,AWP,WE,Federal Contract Tower,9,8,6,1,24,0,6,82,0,88,9,14,88,1,112,104,0,104,216
06/17/2020,SBP,CA,AWP,WE,Federal Contract Tower,7,13,17,1,38,0,4,111,4,119,7,17,128,5,157,114,0,114,271
06/18/2020,SBP,CA,AWP,WE,Federal Contract Tower,8,11,17,1,37,0,3,108,2,113,8,14,125,3,150,86,0,86,236
06/19/2020,SBP,CA,AWP,WE,Federal Contract Tower,7,12,36,0,55,0,1,64,0,65,7,13,100,0,120,78,0,78,198
06/20/2020,SBP,CA,AWP,WE,Federal Contract Tower,6,9,26,0,41,0,3,83,0,86,6,12,109,0,127,72,0,72,199
06/21/2020,SBP,CA,AWP,WE,Federal Contract Tower,7,3,18,0,28,0,1,106,0,107,7,4,124,0,135,66,0,66,201
06/22/2020,SBP,CA,AWP,WE,Federal Contract Tower,7,7,29,0,43,0,1,68,1,70,7,8,97,1,113,110,0,110,223
06/23/2020,SBP,CA,AWP,WE,Federal Contract Tower,9,15,16,0,40,0,2,94,9,105,9,17,110,9,145,114,0,114,259
06/24/2020,SBP,CA,AWP,WE,Federal Contract Tower,6,16,16,3,41,0,0,99,1,100,6,16,115,4,141,98,0,98,239
06/25/2020,SBP,CA,AWP,WE,Federal Contract Tower,9,12,32,1,54,0,0,67,1,68,9,12,99,2,122,60,0,60,182
06/26/2020,SBP,CA,AWP,WE,Federal Contract Tower,6,13,19,2,40,0,1,121,2,124,6,14,140,4,164,158,0,158,322
06/27/2020,SBP,CA,AWP,WE,Federal Contract Tower,7,7,17,2,33,0,0,95,1,96,7,7,112,3,129,92,0,92,221
06/28/2020,SBP,CA,AWP,WE,Federal Contract Tower,7,6,22,1,36,0,1,33,0,34,7,7,55,1,70,90,0,90,160
06/29/2020,SBP,CA,AWP,WE,Federal Contract Tower,7,5,13,1,26,0,2,107,0,109,7,7,120,1,135,114,0,114,249
06/30/2020,SBP,CA,AWP,WE,Federal Contract Tower,8,10,17,0,35,0,7,92,0,99,8,17,109,0,134,128,0,128,262
07/01/2020,SBP,CA,AWP,WE,Federal Contract Tower,4,15,34,0,53,0,0,61,0,61,4,15,95,0,114,96,0,96,210
07/02/2020,SBP,CA,AWP,WE,Federal Contract Tower,8,14,23,5,50,0,1,68,0,69,8,15,91,5,119,66,0,66,185
07/03/2020,SBP,CA,AWP,WE,Federal Contract Tower,4,19,16,0,39,0,0,97,0,97,4,19,113,0,136,128,0,128,264
07/04/2020,SBP,CA,AWP,WE,Federal Contract Tower,7,4,11,0,22,0,1,112,0,113,7,5,123,0,135,24,0,24,159
07/05/2020,SBP,CA,AWP,WE,Federal Contract Tower,10,1,17,0,28,0,1,88,0,89,10,2,105,0,117,18,0,18,135
07/06/2020,SBP,CA,AWP,WE,Federal Contract Tower,5,8,11,0,24,0,1,80,1,82,5,9,91,1,106,122,0,122,228
07/07/2020,SBP,CA,AWP,WE,Federal Contract Tower,7,21,15,0,43,0,6,76,2,84,7,27,91,2,127,134,0,134,261
07/08/2020,SBP,CA,AWP,WE,Federal Contract Tower,8,17,14,0,39,0,1,75,0,76,8,18,89,0,115,64,0,64,179
07/09/2020,SBP,CA,AWP,WE,Federal Contract Tower,10,23,24,2,59,0,0,115,1,116,10,23,139,3,175,138,0,138,313
07/10/2020,SBP,CA,AWP,WE,Federal Contract Tower,9,12,18,1,40,0,5,111,1,117,9,17,129,2,157,122,0,122,279
07/11/2020,SBP,CA,AWP,WE,Federal Contract Tower,7,11,10,0,28,0,1,149,0,150,7,12,159,0,178,90,0,90,268
07/12/2020,SBP,CA,AWP,WE,Federal Contract Tower,8,6,19,0,33,0,1,96,0,97,8,7,115,0,130,108,0,108,238
07/13/2020,SBP,CA,AWP,WE,Federal Contract Tower,9,12,15,0,36,0,1,91,0,92,9,13,106,0,128,78,0,78,206
07/14/2020,SBP,CA,AWP,WE,Federal Contract Tower,10,13,30,1,54,0,1,55,0,56,10,14,85,1,110,138,0,138,248
07/15/2020,SBP,CA,AWP,WE,Federal Contract Tower,8,19,19,1,47,0,0,76,1,77,8,19,95,2,124,116,0,116,240
07/16/2020,SBP,CA,AWP,WE,Federal Contract Tower,8,19,17,2,46,0,3,87,1,91,8,22,104,3,137,144,0,144,281
07/17/2020,SBP,CA,AWP,WE,Federal Contract Tower,9,17,21,2,49,0,1,81,0,82,9,18,102,2,131,136,0,136,267
07/18/2020,SBP,CA,AWP,WE,Federal Contract Tower,8,12,29,0,49,0,1,94,0,95,8,13,123,0,144,96,0,96,240
07/19/2020,SBP,CA,AWP,WE,Federal Contract Tower,10,8,17,0,35,0,0,93,0,93,10,8,110,0,128,66,0,66,194
07/21/2020,SBP,CA,AWP,WE,Federal Contract Tower,8,21,16,2,47,0,0,76,0,76,8,21,92,2,123,142,0,142,265
07/22/2020,SBP,CA,AWP,WE,Federal Contract Tower,8,21,26,2,57,0,3,84,0,87,8,24,110,2,144,150,0,150,294
07/23/2020,SBP,CA,AWP,WE,Federal Contract Tower,8,19,28,0,55,0,0,90,0,90,8,19,118,0,145,100,0,100,245
07/24/2020,SBP,CA,AWP,WE,Federal Contract Tower,9,20,29,0,58,0,2,115,0,117,9,22,144,0,175,90,0,90,265
07/25/2020,SBP,CA,AWP,WE,Federal Contract Tower,9,12,29,0,50,0,0,70,0,70,9,12,99,0,120,54,0,54,174
07/26/2020,SBP,CA,AWP,WE,Federal Contract Tower,6,9,22,0,37,0,1,111,4,116,6,10,133,4,153,78,0,78,231
07/27/2020,SBP,CA,AWP,WE,Federal Contract Tower,11,12,20,0,43,0,1,72,0,73,11,13,92,0,116,188,0,188,304
07/28/2020,SBP,CA,AWP,WE,Federal Contract Tower,9,22,22,2,55,0,3,90,0,93,9,25,112,2,148,174,0,174,322
07/29/2020,SBP,CA,AWP,WE,Federal Contract Tower,7,16,31,1,55,0,0,100,2,102,7,16,131,3,157,174,0,174,331
07/30/2020,SBP,CA,AWP,WE,Federal Contract Tower,8,21,13,0,42,0,1,82,0,83,8,22,95,0,125,52,0,52,177
07/31/2020,SBP,CA,AWP,WE,Federal Contract Tower,7,22,21,0,50,0,1,104,0,105,7,23,125,0,155,106,0,106,261
08/01/2020,SBP,CA,AWP,WE,Federal Contract Tower,8,13,14,0,35,0,1,104,0,105,8,14,118,0,140,46,0,46,186
08/02/2020,SBP,CA,AWP,WE,Federal Contract Tower,9,6,9,0,24,0,1,106,0,107,9,7,115,0,131,100,0,100,231
08/03/2020,SBP,CA,AWP,WE,Federal Contract Tower,12,14,11,0,37,0,1,84,3,88,12,15,95,3,125,90,0,90,215
08/04/2020,SBP,CA,AWP,WE,Federal Contract Tower,11,23,9,3,46,0,1,62,2,65,11,24,71,5,111,118,8,126,237
08/05/2020,SBP,CA,AWP,WE,Federal Contract Tower,10,21,26,1,58,0,0,71,0,71,10,21,97,1,129,96,0,96,225
08/06/2020,SBP,CA,AWP,WE,Federal Contract Tower,9,20,15,2,46,0,2,61,2,65,9,22,76,4,111,130,0,130,241
08/07/2020,SBP,CA,AWP,WE,Federal Contract Tower,11,15,16,1,43,0,1,95,0,96,11,16,111,1,139,102,0,102,241
08/08/2020,SBP,CA,AWP,WE,Federal Contract Tower,10,13,11,0,34,0,0,150,0,150,10,13,161,0,184,80,0,80,264
08/09/2020,SBP,CA,AWP,WE,Federal Contract Tower,10,6,21,2,39,0,1,146,0,147,10,7,167,2,186,104,0,104,290
08/10/2020,SBP,CA,AWP,WE,Federal Contract Tower,9,15,15,8,47,0,0,100,1,101,9,15,115,9,148,96,0,96,244
08/11/2020,SBP,CA,AWP,WE,Federal Contract Tower,10,23,29,0,62,0,0,86,0,86,10,23,115,0,148,114,0,114,262
08/12/2020,SBP,CA,AWP,WE,Federal Contract Tower,10,20,16,0,46,0,2,85,0,87,10,22,101,0,133,94,0,94,227
08/13/2020,SBP,CA,AWP,WE,Federal Contract Tower,10,19,13,0,42,0,5,55,0,60,10,24,68,0,102,32,0,32,134
08/14/2020,SBP,CA,AWP,WE,Federal Contract Tower,8,14,24,1,47,0,5,95,2,102,8,19,119,3,149,146,4,150,299
08/15/2020,SBP,CA,AWP,WE,Federal Contract Tower,9,16,12,1,38,0,1,107,0,108,9,17,119,1,146,60,0,60,206
08/16/2020,SBP,CA,AWP,WE,Federal Contract Tower,10,8,19,0,37,0,2,116,0,118,10,10,135,0,155,76,0,76,231
08/17/2020,SBP,CA,AWP,WE,Federal Contract Tower,10,14,18,0,42,0,1,106,4,111,10,15,124,4,153,136,0,136,289
08/18/2020,SBP,CA,AWP,WE,Federal Contract Tower,8,15,15,2,40,0,8,75,0,83,8,23,90,2,123,96,0,96,219
08/19/2020,SBP,CA,AWP,WE,Federal Contract Tower,7,20,31,0,58,0,0,10,0,10,7,20,41,0,68,36,0,36,104
08/20/2020,SBP,CA,AWP,WE,Federal Contract Tower,10,27,31,0,68,0,0,4,0,4,10,27,35,0,72,30,0,30,102
08/21/2020,SBP,CA,AWP,WE,Federal Contract Tower,9,19,27,2,57,0,1,14,0,15,9,20,41,2,72,20,0,20,92
08/22/2020,SBP,CA,AWP,WE,Federal Contract Tower,8,15,23,2,48,0,1,46,0,47,8,16,69,2,95,90,0,90,185
08/23/2020,SBP,CA,AWP,WE,Federal Contract Tower,9,8,18,2,37,0,0,63,1,64,9,8,81,3,101,14,0,14,115
08/24/2020,SBP,CA,AWP,WE,Federal Contract Tower,10,14,19,0,43,0,3,66,1,70,10,17,85,1,113,114,0,114,227
08/25/2020,SBP,CA,AWP,WE,Federal Contract Tower,10,26,25,0,61,0,0,49,0,49,10,26,74,0,110,54,0,54,164
08/26/2020,SBP,CA,AWP,WE,Federal Contract Tower,11,31,13,1,56,0,0,66,3,69,11,31,79,4,125,143,0,143,268
08/27/2020,SBP,CA,AWP,WE,Federal Contract Tower,10,24,18,1,53,0,1,94,1,96,10,25,112,2,149,98,6,104,253
08/28/2020,SBP,CA,AWP,WE,Federal Contract Tower,9,13,20,0,42,1,2,126,3,132,10,15,146,3,174,126,0,126,300
08/29/2020,SBP,CA,AWP,WE,Federal Contract Tower,8,11,22,0,41,0,1,92,2,95,8,12,114,2,136,106,0,106,242
08/30/2020,SBP,CA,AWP,WE,Federal Contract Tower,9,9,35,2,55,0,0,82,1,83,9,9,117,3,138,60,0,60,198
08/31/2020,SBP,CA,AWP,WE,Federal Contract Tower,9,15,28,4,56,0,0,54,0,54,9,15,82,4,110,78,0,78,188
09/01/2020,SBP,CA,AWP,WE,Federal Contract Tower,10,26,22,0,58,0,1,31,0,32,10,27,53,0,90,102,0,102,192
09/02/2020,SBP,CA,AWP,WE,Federal Contract Tower,8,20,16,0,44,0,2,88,0,90,8,22,104,0,134,134,0,134,268
09/03/2020,SBP,CA,AWP,WE,Federal Contract Tower,11,18,32,2,63,0,3,90,0,93,11,21,122,2,156,118,0,118,274
09/04/2020,SBP,CA,AWP,WE,Federal Contract Tower,7,19,21,0,47,0,2,105,1,108,7,21,126,1,155,48,12,60,215
09/05/2020,SBP,CA,AWP,WE,Federal Contract Tower,8,13,22,0,43,0,0,132,0,132,8,13,154,0,175,80,0,80,255
09/06/2020,SBP,CA,AWP,WE,Federal Contract Tower,7,8,13,0,28,0,4,61,0,65,7,12,74,0,93,50,0,50,143
09/07/2020,SBP,CA,AWP,WE,Federal Contract Tower,10,9,11,0,30,0,0,72,5,77,10,9,83,5,107,26,0,26,133
09/09/2020,SBP,CA,AWP,WE,Federal Contract Tower,12,22,23,2,59,0,1,56,0,57,12,23,79,2,116,64,0,64,180
09/10/2020,SBP,CA,AWP,WE,Federal Contract Tower,11,14,14,0,39,0,0,46,0,46,11,14,60,0,85,78,0,78,163
09/11/2020,SBP,CA,AWP,WE,Federal Contract Tower,7,23,23,4,57,0,0,17,0,17,7,23,40,4,74,30,0,30,104
09/12/2020,SBP,CA,AWP,WE,Federal Contract Tower,9,11,12,0,32,0,0,26,0,26,9,11,38,0,58,28,0,28,86
09/13/2020,SBP,CA,AWP,WE,Federal Contract Tower,9,13,33,0,55,0,0,10,0,10,9,13,43,0,65,8,0,8,73
09/14/2020,SBP,CA,AWP,WE,Federal Contract Tower,10,17,29,0,56,0,0,10,0,10,10,17,39,0,66,10,0,10,76
09/15/2020,SBP,CA,AWP,WE,Federal Contract Tower,8,20,22,2,52,0,3,39,0,42,8,23,61,2,94,106,0,106,200
09/16/2020,SBP,CA,AWP,WE,Federal Contract Tower,12,15,15,3,45,0,2,74,3,79,12,17,89,6,124,78,4,82,206
09/17/2020,SBP,CA,AWP,WE,Federal Contract Tower,11,15,23,1,50,0,5,62,1,68,11,20,85,2,118,120,0,120,238
09/18/2020,SBP,CA,AWP,WE,Federal Contract Tower,7,15,14,0,36,0,5,86,1,92,7,20,100,1,128,76,0,76,204
09/19/2020,SBP,CA,AWP,WE,Federal Contract Tower,10,13,7,0,30,0,0,124,0,124,10,13,131,0,154,80,0,80,234
09/20/2020,SBP,CA,AWP,WE,Federal Contract Tower,11,9,17,0,37,0,1,100,0,101,11,10,117,0,138,90,0,90,228
09/21/2020,SBP,CA,AWP,WE,Federal Contract Tower,11,11,12,0,34,0,2,67,0,69,11,13,79,0,103,164,0,164,267
09/22/2020,SBP,CA,AWP,WE,Federal Contract Tower,6,23,27,1,57,0,0,78,0,78,6,23,105,1,135,84,2,86,221
09/23/2020,SBP,CA,AWP,WE,Federal Contract Tower,11,9,19,2,41,0,2,99,2,103,11,11,118,4,144,108,2,110,254
09/24/2020,SBP,CA,AWP,WE,Federal Contract Tower,12,14,14,2,42,0,1,80,0,81,12,15,94,2,123,96,0,96,219
09/25/2020,SBP,CA,AWP,WE,Federal Contract Tower,9,18,18,2,47,0,2,95,3,100,9,20,113,5,147,98,2,100,247
09/26/2020,SBP,CA,AWP,WE,Federal Contract Tower,9,10,15,0,34,0,2,71,7,80,9,12,86,7,114,28,26,54,168
09/27/2020,SBP,CA,AWP,WE,Federal Contract Tower,10,11,8,0,29,0,2,128,0,130,10,13,136,0,159,50,0,50,209
09/28/2020,SBP,CA,AWP,WE,Federal Contract Tower,9,12,22,5,48,0,0,75,3,78,9,12,97,8,126,104,0,104,230
09/29/2020,SBP,CA,AWP,WE,Federal Contract Tower,10,14,13,0,37,0,5,88,8,101,10,19,101,8,138,138,4,142,280
09/30/2020,SBP,CA,AWP,WE,Federal Contract Tower,11,15,18,5,49,0,2,92,6,100,11,17,110,11,149,122,0,122,271
10/01/2020,SBP,CA,AWP,WE,Federal Contract Tower,12,16,13,3,44,0,3,80,5,88,12,19,93,8,132,90,2,92,224
10/02/2020,SBP,CA,AWP,WE,Federal Contract Tower,8,19,24,0,51,0,2,47,6,55,8,21,71,6,106,100,0,100,206
10/03/2020,SBP,CA,AWP,WE,Federal Contract Tower,8,12,15,0,35,0,1,47,0,48,8,13,62,0,83,50,0,50,133
10/04/2020,SBP,CA,AWP,WE,Federal Contract Tower,9,12,21,0,42,0,0,83,1,84,9,12,104,1,126,72,0,72,198
10/05/2020,SBP,CA,AWP,WE,Federal Contract Tower,7,15,14,0,36,0,0,62,3,65,7,15,76,3,101,126,0,126,227
10/06/2020,SBP,CA,AWP,WE,Federal Contract Tower,7,17,8,0,32,0,7,91,6,104,7,24,99,6,136,104,0,104,240
10/07/2020,SBP,CA,AWP,WE,Federal Contract Tower,10,22,15,2,49,0,1,95,2,98,10,23,110,4,147,138,0,138,285
10/08/2020,SBP,CA,AWP,WE,Federal Contract Tower,8,18,32,2,60,0,77,0,0,77,8,95,32,2,137,70,0,70,207
10/09/2020,SBP,CA,AWP,WE,Federal Contract Tower,6,18,24,0,48,0,3,87,0,90,6,21,111,0,138,110,2,112,250
10/10/2020,SBP,CA,AWP,WE,Federal Contract Tower,8,16,15,0,39,0,1,114,0,115,8,17,129,0,154,92,0,92,246
10/11/2020,SBP,CA,AWP,WE,Federal Contract Tower,8,11,13,0,32,0,0,135,0,135,8,11,148,0,167,80,0,80,247
10/12/2020,SBP,CA,AWP,WE,Federal Contract Tower,9,13,12,1,35,0,0,70,2,72,9,13,82,3,107,22,0,22,129
10/13/2020,SBP,CA,AWP,WE,Federal Contract Tower,8,19,13,0,40,0,4,86,0,90,8,23,99,0,130,98,0,98,228
10/14/2020,SBP,CA,AWP,WE,Federal Contract Tower,10,20,22,0,52,0,3,86,0,89,10,23,108,0,141,58,0,58,199
10/15/2020,SBP,CA,AWP,WE,Federal Contract Tower,11,18,18,0,47,0,4,122,0,126,11,22,140,0,173,126,0,126,299
10/16/2020,SBP,CA,AWP,WE,Federal Contract Tower,6,18,32,1,57,0,3,93,2,98,6,21,125,3,155,114,2,116,271
10/17/2020,SBP,CA,AWP,WE,Federal Contract Tower,8,15,20,1,44,0,0,132,1,133,8,15,152,2,177,110,0,110,287
10/18/2020,SBP,CA,AWP,WE,Federal Contract Tower,9,13,25,0,47,0,0,122,0,122,9,13,147,0,169,112,0,112,281
10/19/2020,SBP,CA,AWP,WE,Federal Contract Tower,9,13,20,2,44,0,0,74,0,74,9,13,94,2,118,40,0,40,158
10/20/2020,SBP,CA,AWP,WE,Federal Contract Tower,9,20,22,4,55,0,0,47,0,47,9,20,69,4,102,54,0,54,156
10/21/2020,SBP,CA,AWP,WE,Federal Contract Tower,10,16,30,0,56,0,1,64,0,65,10,17,94,0,121,64,0,64,185
10/22/2020,SBP,CA,AWP,WE,Federal Contract Tower,10,19,34,0,63,0,0,15,0,15,10,19,49,0,78,70,0,70,148
10/23/2020,SBP,CA,AWP,WE,Federal Contract Tower,8,20,21,2,51,0,1,63,0,64,8,21,84,2,115,70,0,70,185
10/24/2020,SBP,CA,AWP,WE,Federal Contract Tower,4,19,29,0,52,0,0,61,0,61,4,19,90,0,113,46,0,46,159
10/25/2020,SBP,CA,AWP,WE,Federal Contract Tower,7,15,24,0,46,0,0,25,0,25,7,15,49,0,71,68,0,68,139
10/26/2020,SBP,CA,AWP,WE,Federal Contract Tower,6,15,2,0,23,0,0,60,0,60,6,15,62,0,83,46,0,46,129
10/27/2020,SBP,CA,AWP,WE,Federal Contract Tower,9,17,12,2,40,0,2,82,0,84,9,19,94,2,124,78,4,82,206
10/28/2020,SBP,CA,AWP,WE,Federal Contract Tower,9,21,12,3,45,0,4,86,0,90,9,25,98,3,135,66,0,66,201
10/29/2020,SBP,CA,AWP,WE,Federal Contract Tower,10,19,9,0,38,0,2,113,1,116,10,21,122,1,154,72,0,72,226
10/30/2020,SBP,CA,AWP,WE,Federal Contract Tower,7,21,21,2,51,0,1,106,0,107,7,22,127,2,158,74,0,74,232
10/31/2020,SBP,CA,AWP,WE,Federal Contract Tower,6,14,7,0,27,0,2,113,0,115,6,16,120,0,142,44,0,44,186
11/01/2020,SBP,CA,AWP,WE,Federal Contract Tower,8,13,9,0,30,0,0,147,0,147,8,13,156,0,177,48,0,48,225
11/02/2020,SBP,CA,AWP,WE,Federal Contract Tower,9,14,12,2,37,0,0,63,0,63,9,14,75,2,100,42,0,42,142
11/03/2020,SBP,CA,AWP,WE,Federal Contract Tower,9,15,14,2,40,0,7,46,0,53,9,22,60,2,93,98,0,98,191
11/04/2020,SBP,CA,AWP,WE,Federal Contract Tower,9,15,13,0,37,0,2,93,0,95,9,17,106,0,132,64,0,64,196
11/05/2020,SBP,CA,AWP,WE,Federal Contract Tower,11,18,7,2,38,0,3,118,2,123,11,21,125,4,161,96,0,96,257
11/06/2020,SBP,CA,AWP,WE,Federal Contract Tower,8,36,15,0,59,0,1,46,1,48,8,37,61,1,107,18,0,18,125
11/07/2020,SBP,CA,AWP,WE,Federal Contract Tower,4,19,5,0,28,0,0,6,0,6,4,19,11,0,34,0,0,0,34
11/08/2020,SBP,CA,AWP,WE,Federal Contract Tower,10,9,10,0,29,0,0,11,0,11,10,9,21,0,40,0,0,0,40
11/09/2020,SBP,CA,AWP,WE,Federal Contract Tower,9,13,11,1,34,0,0,69,0,69,9,13,80,1,103,60,0,60,163
11/10/2020,SBP,CA,AWP,WE,Federal Contract Tower,9,18,14,2,43,0,7,66,0,73,9,25,80,2,116,42,0,42,158
11/11/2020,SBP,CA,AWP,WE,Federal Contract Tower,10,17,15,0,42,0,0,133,0,133,10,17,148,0,175,93,0,93,268
11/12/2020,SBP,CA,AWP,WE,Federal Contract Tower,10,18,11,0,39,0,4,123,0,127,10,22,134,0,166,148,0,148,314
11/13/2020,SBP,CA,AWP,WE,Federal Contract Tower,9,18,14,1,42,0,2,100,1,103,9,20,114,2,145,118,2,120,265
11/14/2020,SBP,CA,AWP,WE,Federal Contract Tower,8,10,6,2,26,0,1,107,0,108,8,11,113,2,134,80,0,80,214
11/15/2020,SBP,CA,AWP,WE,Federal Contract Tower,8,18,15,0,41,0,0,132,4,136,8,18,147,4,177,92,0,92,269
11/16/2020,SBP,CA,AWP,WE,Federal Contract Tower,8,17,8,0,33,0,0,65,0,65,8,17,73,0,98,74,0,74,172
11/17/2020,SBP,CA,AWP,WE,Federal Contract Tower,8,22,24,4,58,0,0,16,5,21,8,22,40,9,79,64,0,64,143
11/18/2020,SBP,CA,AWP,WE,Federal Contract Tower,10,19,13,2,44,0,0,16,0,16,10,19,29,2,60,34,2,36,96
11/19/2020,SBP,CA,AWP,WE,Federal Contract Tower,10,18,21,0,49,0,2,71,0,73,10,20,92,0,122,30,0,30,152
11/20/2020,SBP,CA,AWP,WE,Federal Contract Tower,5,22,11,0,38,3,10,50,0,63,8,32,61,0,101,108,0,108,209
11/21/2020,SBP,CA,AWP,WE,Federal Contract Tower,8,16,17,0,41,0,0,144,0,144,8,16,161,0,185,54,0,54,239
11/22/2020,SBP,CA,AWP,WE,Federal Contract Tower,10,11,12,0,33,0,0,113,0,113,10,11,125,0,146,70,0,70,216
11/23/2020,SBP,CA,AWP,WE,Federal Contract Tower,7,18,5,2,32,0,0,70,1,71,7,18,75,3,103,64,4,68,171
11/24/2020,SBP,CA,AWP,WE,Federal Contract Tower,10,22,17,0,49,0,4,109,1,114,10,26,126,1,163,66,0,66,229
11/25/2020,SBP,CA,AWP,WE,Federal Contract Tower,12,17,8,0,37,0,5,88,2,95,12,22,96,2,132,48,0,48,180
11/26/2020,SBP,CA,AWP,WE,Federal Contract Tower,3,9,1,0,13,0,4,26,4,34,3,13,27,4,47,6,0,6,53
11/27/2020,SBP,CA,AWP,WE,Federal Contract Tower,7,19,8,0,34,0,2,107,4,113,7,21,115,4,147,92,0,92,239
11/28/2020,SBP,CA,AWP,WE,Federal Contract Tower,7,16,14,1,38,0,0,127,1,128,7,16,141,2,166,34,0,34,200
11/29/2020,SBP,CA,AWP,WE,Federal Contract Tower,6,18,19,0,43,0,0,135,0,135,6,18,154,0,178,64,0,64,242
11/30/2020,SBP,CA,AWP,WE,Federal Contract Tower,11,16,8,2,37,0,0,88,0,88,11,16,96,2,125,38,0,38,163
12/01/2020,SBP,CA,AWP,WE,Federal Contract Tower,9,19,8,0,36,0,1,75,0,76,9,20,83,0,112,86,0,86,198
12/02/2020,SBP,CA,AWP,WE,Federal Contract Tower,9,15,14,1,39,0,3,78,0,81,9,18,92,1,120,102,0,102,222
12/03/2020,SBP,CA,AWP,WE,Federal Contract Tower,9,17,18,2,46,0,0,72,1,73,9,17,90,3,119,50,0,50,169
12/04/2020,SBP,CA,AWP,WE,Federal Contract Tower,7,18,8,0,33,0,0,102,0,102,7,18,110,0,135,64,0,64,199
12/05/2020,SBP,CA,AWP,WE,Federal Contract Tower,12,10,18,1,41,0,0,99,1,100,12,10,117,2,141,82,0,82,223
12/06/2020,SBP,CA,AWP,WE,Federal Contract Tower,9,10,12,0,31,0,4,97,0,101,9,14,109,0,132,86,0,86,218
12/07/2020,SBP,CA,AWP,WE,Federal Contract Tower,9,17,3,2,31,0,0,21,0,21,9,17,24,2,52,0,0,0,52
12/08/2020,SBP,CA,AWP,WE,Federal Contract Tower,7,21,15,2,45,0,2,49,2,53,7,23,64,4,98,12,0,12,110
12/09/2020,SBP,CA,AWP,WE,Federal Contract Tower,10,18,9,0,37,0,3,83,0,86,10,21,92,0,123,62,0,62,185
12/10/2020,SBP,CA,AWP,WE,Federal Contract Tower,10,22,12,2,46,0,1,82,0,83,10,23,94,2,129,108,0,108,237
12/11/2020,SBP,CA,AWP,WE,Federal Contract Tower,8,21,16,0,45,0,1,56,0,57,8,22,72,0,102,98,0,98,200
12/12/2020,SBP,CA,AWP,WE,Federal Contract Tower,9,11,11,0,31,0,0,9,0,9,9,11,20,0,40,2,0,2,42
12/13/2020,SBP,CA,AWP,WE,Federal Contract Tower,9,11,17,0,37,0,0,28,0,28,9,11,45,0,65,28,0,28,93
12/14/2020,SBP,CA,AWP,WE,Federal Contract Tower,7,16,16,0,39,0,1,64,0,65,7,17,80,0,104,56,0,56,160
12/15/2020,SBP,CA,AWP,WE,Federal Contract Tower,8,24,20,0,52,0,2,75,0,77,8,26,95,0,129,74,12,86,215
12/16/2020,SBP,CA,AWP,WE,Federal Contract Tower,11,16,4,0,31,0,2,99,5,106,11,18,103,5,137,98,0,98,235
12/17/2020,SBP,CA,AWP,WE,Federal Contract Tower,13,18,16,0,47,0,0,25,0,25,13,18,41,0,72,116,0,116,188
12/18/2020,SBP,CA,AWP,WE,Federal Contract Tower,10,20,17,0,47,0,2,85,2,89,10,22,102,2,136,82,0,82,218
12/19/2020,SBP,CA,AWP,WE,Federal Contract Tower,8,18,15,0,41,0,1,85,0,86,8,19,100,0,127,88,0,88,215
12/20/2020,SBP,CA,AWP,WE,Federal Contract Tower,10,13,7,0,30,0,0,117,0,117,10,13,124,0,147,112,0,112,259
12/21/2020,SBP,CA,AWP,WE,Federal Contract Tower,10,18,16,0,44,0,0,87,0,87,10,18,103,0,131,74,0,74,205
12/22/2020,SBP,CA,AWP,WE,Federal Contract Tower,11,23,10,2,46,0,0,74,1,75,11,23,84,3,121,94,0,94,215
12/23/2020,SBP,CA,AWP,WE,Federal Contract Tower,12,19,19,0,50,0,3,80,0,83,12,22,99,0,133,54,0,54,187
12/24/2020,SBP,CA,AWP,WE,Federal Contract Tower,8,17,8,0,33,0,2,42,0,44,8,19,50,0,77,22,0,22,99
12/25/2020,SBP,CA,AWP,WE,Federal Contract Tower,6,5,1,0,12,0,0,29,0,29,6,5,30,0,41,8,0,8,49
12/26/2020,SBP,CA,AWP,WE,Federal Contract Tower,12,12,18,0,42,0,0,51,0,51,12,12,69,0,93,72,0,72,165
12/27/2020,SBP,CA,AWP,WE,Federal Contract Tower,11,10,19,0,40,0,0,41,0,41,11,10,60,0,81,0,0,0,81
12/28/2020,SBP,CA,AWP,WE,Federal Contract Tower,11,12,12,0,35,0,0,2,0,2,11,12,14,0,37,0,0,0,37
12/29/2020,SBP,CA,AWP,WE,Federal Contract Tower,11,16,16,0,43,0,3,95,0,98,11,19,111,0,141,44,0,44,185
12/30/2020,SBP,CA,AWP,WE,Federal Contract Tower,14,21,9,1,45,0,2,102,6,110,14,23,111,7,155,98,0,98,253
12/31/2020,SBP,CA,AWP,WE,Federal Contract Tower,8,17,18,0,43,0,4,62,0,66,8,21,80,0,109,18,0,18,127
01/01/2021,SBP,CA,AWP,WE,Federal Contract Tower,10,13,4,0,27,0,0,77,0,77,10,13,81,0,104,50,0,50,154
01/02/2021,SBP,CA,AWP,WE,Federal Contract Tower,12,11,9,0,32,0,1,50,0,51,12,12,59,0,83,86,0,86,169
01/03/2021,SBP,CA,AWP,WE,Federal Contract Tower,12,6,16,0,34,0,0,67,0,67,12,6,83,0,101,34,0,34,135
01/04/2021,SBP,CA,AWP,WE,Federal Contract Tower,13,16,8,0,37,0,0,10,0,10,13,16,18,0,47,84,0,84,131
01/05/2021,SBP,CA,AWP,WE,Federal Contract Tower,6,17,6,0,29,0,1,71,0,72,6,18,77,0,101,70,0,70,171
01/06/2021,SBP,CA,AWP,WE,Federal Contract Tower,9,18,15,0,42,0,4,68,0,72,9,22,83,0,114,100,0,100,214
01/07/2021,SBP,CA,AWP,WE,Federal Contract Tower,11,18,22,2,53,0,3,78,0,81,11,21,100,2,134,50,0,50,184
01/08/2021,SBP,CA,AWP,WE,Federal Contract Tower,11,16,12,2,41,0,4,68,1,73,11,20,80,3,114,78,8,86,200
01/09/2021,SBP,CA,AWP,WE,Federal Contract Tower,10,13,10,1,34,0,1,86,0,87,10,14,96,1,121,74,0,74,195
01/10/2021,SBP,CA,AWP,WE,Federal Contract Tower,10,8,19,1,38,0,0,90,1,91,10,8,109,2,129,76,0,76,205
01/11/2021,SBP,CA,AWP,WE,Federal Contract Tower,10,12,5,2,29,0,0,72,3,75,10,12,77,5,104,60,0,60,164
01/12/2021,SBP,CA,AWP,WE,Federal Contract Tower,8,17,11,1,37,0,1,64,3,68,8,18,75,4,105,82,0,82,187
01/13/2021,SBP,CA,AWP,WE,Federal Contract Tower,8,23,12,2,45,0,1,63,6,70,8,24,75,8,115,38,4,42,157
01/14/2021,SBP,CA,AWP,WE,Federal Contract Tower,10,18,10,0,38,0,2,59,6,67,10,20,69,6,105,34,0,34,139
01/15/2021,SBP,CA,AWP,WE,Federal Contract Tower,11,26,11,0,48,0,0,89,0,89,11,26,100,0,137,132,0,132,269
01/16/2021,SBP,CA,AWP,WE,Federal Contract Tower,8,12,12,1,33,0,1,124,2,127,8,13,136,3,160,46,0,46,206
01/18/2021,SBP,CA,AWP,WE,Federal Contract Tower,10,17,16,0,43,0,0,75,1,76,10,17,91,1,119,44,0,44,163
01/19/2021,SBP,CA,AWP,WE,Federal Contract Tower,9,20,2,2,33,0,0,17,4,21,9,20,19,6,54,0,0,0,54
01/20/2021,SBP,CA,AWP,WE,Federal Contract Tower,8,20,6,0,34,0,6,55,6,67,8,26,61,6,101,6,0,6,107
01/21/2021,SBP,CA,AWP,WE,Federal Contract Tower,11,16,16,4,47,0,3,111,6,120,11,19,127,10,167,106,0,106,273
01/22/2021,SBP,CA,AWP,WE,Federal Contract Tower,13,25,4,3,45,0,2,8,1,11,13,27,12,4,56,38,0,38,94
01/23/2021,SBP,CA,AWP,WE,Federal Contract Tower,8,9,9,0,26,0,1,42,0,43,8,10,51,0,69,82,0,82,151
01/24/2021,SBP,CA,AWP,WE,Federal Contract Tower,9,9,14,0,32,0,2,61,0,63,9,11,75,0,95,58,0,58,153
01/25/2021,SBP,CA,AWP,WE,Federal Contract Tower,10,13,10,0,33,0,0,2,0,2,10,13,12,0,35,16,0,16,51
01/26/2021,SBP,CA,AWP,WE,Federal Contract Tower,8,16,5,1,30,0,1,109,4,114,8,17,114,5,144,70,0,70,214
01/27/2021,SBP,CA,AWP,WE,Federal Contract Tower,8,17,10,2,37,0,0,0,0,0,8,17,10,2,37,0,0,0,37
01/28/2021,SBP,CA,AWP,WE,Federal Contract Tower,10,16,15,0,41,0,0,0,0,0,10,16,15,0,41,0,0,0,41
01/29/2021,SBP,CA,AWP,WE,Federal Contract Tower,10,19,7,0,36,0,1,38,2,41,10,20,45,2,77,112,0,112,189
01/30/2021,SBP,CA,AWP,WE,Federal Contract Tower,8,13,7,0,28,0,1,157,0,158,8,14,164,0,186,82,0,82,268
01/31/2021,SBP,CA,AWP,WE,Federal Contract Tower,10,8,15,0,33,0,0,117,0,117,10,8,132,0,150,84,0,84,234
02/01/2021,SBP,CA,AWP,WE,Federal Contract Tower,11,8,10,2,31,0,1,50,0,51,11,9,60,2,82,72,0,72,154
02/02/2021,SBP,CA,AWP,WE,Federal Contract Tower,7,14,13,0,34,0,1,46,0,47,7,15,59,0,81,90,0,90,171
02/03/2021,SBP,CA,AWP,WE,Federal Contract Tower,8,14,14,0,36,0,2,83,0,85,8,16,97,0,121,126,0,126,247
02/04/2021,SBP,CA,AWP,WE,Federal Contract Tower,10,12,17,4,43,0,4,88,0,92,10,16,105,4,135,56,0,56,191
02/05/2021,SBP,CA,AWP,WE,Federal Contract Tower,10,14,20,1,45,0,3,98,2,103,10,17,118,3,148,46,4,50,198
02/06/2021,SBP,CA,AWP,WE,Federal Contract Tower,8,11,25,0,44,0,1,133,0,134,8,12,158,0,178,72,0,72,250
02/07/2021,SBP,CA,AWP,WE,Federal Contract Tower,9,9,15,1,34,0,0,128,0,128,9,9,143,1,162,54,0,54,216
02/08/2021,SBP,CA,AWP,WE,Federal Contract Tower,13,12,10,2,37,0,2,28,0,30,13,14,38,2,67,48,0,48,115
02/09/2021,SBP,CA,AWP,WE,Federal Contract Tower,8,20,21,2,51,0,0,16,0,16,8,20,37,2,67,42,0,42,109
02/10/2021,SBP,CA,AWP,WE,Federal Contract Tower,8,13,18,0,39,0,2,114,2,118,8,15,132,2,157,94,16,110,267
02/11/2021,SBP,CA,AWP,WE,Federal Contract Tower,12,16,9,0,37,0,3,74,2,79,12,19,83,2,116,94,0,94,210
02/12/2021,SBP,CA,AWP,WE,Federal Contract Tower,12,13,20,0,45,0,5,48,16,69,12,18,68,16,114,34,8,42,156
02/13/2021,SBP,CA,AWP,WE,Federal Contract Tower,7,8,17,0,32,0,0,45,0,45,7,8,62,0,77,166,0,166,243
02/14/2021,SBP,CA,AWP,WE,Federal Contract Tower,8,7,13,0,28,0,0,70,0,70,8,7,83,0,98,54,0,54,152
02/15/2021,SBP,CA,AWP,WE,Federal Contract Tower,9,9,27,0,45,0,0,58,0,58,9,9,85,0,103,46,0,46,149
02/16/2021,SBP,CA,AWP,WE,Federal Contract Tower,7,11,10,0,28,0,1,71,0,72,7,12,81,0,100,48,0,48,148
02/17/2021,SBP,CA,AWP,WE,Federal Contract Tower,7,17,10,4,38,0,3,74,0,77,7,20,84,4,115,64,0,64,179
02/18/2021,SBP,CA,AWP,WE,Federal Contract Tower,12,11,23,1,47,0,7,104,0,111,12,18,127,1,158,98,0,98,256
02/19/2021,SBP,CA,AWP,WE,Federal Contract Tower,12,17,31,5,65,0,4,114,5,123,12,21,145,10,188,102,0,102,290
02/20/2021,SBP,CA,AWP,WE,Federal Contract Tower,10,5,7,0,22,0,1,40,4,45,10,6,47,4,67,6,0,6,73
02/21/2021,SBP,CA,AWP,WE,Federal Contract Tower,11,9,13,0,33,0,0,137,0,137,11,9,150,0,170,74,0,74,244
02/22/2021,SBP,CA,AWP,WE,Federal Contract Tower,12,15,11,0,38,0,0,88,0,88,12,15,99,0,126,98,0,98,224
02/23/2021,SBP,CA,AWP,WE,Federal Contract Tower,8,13,18,5,44,0,1,104,0,105,8,14,122,5,149,50,4,54,203
02/24/2021,SBP,CA,AWP,WE,Federal Contract Tower,7,11,6,4,28,0,5,112,0,117,7,16,118,4,145,150,0,150,295
02/25/2021,SBP,CA,AWP,WE,Federal Contract Tower,10,12,17,0,39,0,4,89,0,93,10,16,106,0,132,62,0,62,194
02/26/2021,SBP,CA,AWP,WE,Federal Contract Tower,12,10,13,1,36,0,3,81,0,84,12,13,94,1,120,60,0,60,180
02/27/2021,SBP,CA,AWP,WE,Federal Contract Tower,9,6,4,0,19,0,2,89,0,91,9,8,93,0,110,12,0,12,122
02/28/2021,SBP,CA,AWP,WE,Federal Contract Tower,10,7,18,0,35,0,0,134,0,134,10,7,152,0,169,109,0,109,278
03/01/2021,SBP,CA,AWP,WE,Federal Contract Tower,12,8,14,1,35,0,0,93,0,93,12,8,107,1,128,42,0,42,170
03/02/2021,SBP,CA,AWP,WE,Federal Contract Tower,9,12,11,0,32,0,4,69,1,74,9,16,80,1,106,50,0,50,156
03/03/2021,SBP,CA,AWP,WE,Federal Contract Tower,8,16,16,0,40,0,2,64,0,66,8,18,80,0,106,76,0,76,182
03/04/2021,SBP,CA,AWP,WE,Federal Contract Tower,9,13,15,2,39,0,2,80,0,82,9,15,95,2,121,52,0,52,173
03/05/2021,SBP,CA,AWP,WE,Federal Contract Tower,10,17,24,0,51,0,1,106,0,107,10,18,130,0,158,56,0,56,214
03/06/2021,SBP,CA,AWP,WE,Federal Contract Tower,10,11,32,0,53,0,1,58,0,59,10,12,90,0,112,72,0,72,184
03/07/2021,SBP,CA,AWP,WE,Federal Contract Tower,10,9,17,0,36,0,0,116,0,116,10,9,133,0,152,80,0,80,232
03/08/2021,SBP,CA,AWP,WE,Federal Contract Tower,11,9,2,0,22,0,1,49,0,50,11,10,51,0,72,140,0,140,212
03/09/2021,SBP,CA,AWP,WE,Federal Contract Tower,10,10,11,0,31,0,0,40,0,40,10,10,51,0,71,84,0,84,155
03/10/2021,SBP,CA,AWP,WE,Federal Contract Tower,11,20,13,0,44,0,2,13,4,19,11,22,26,4,63,12,0,12,75
03/11/2021,SBP,CA,AWP,WE,Federal Contract Tower,10,18,24,2,54,0,2,26,2,30,10,20,50,4,84,30,0,30,114
03/12/2021,SBP,CA,AWP,WE,Federal Contract Tower,10,9,29,0,48,0,3,75,0,78,10,12,104,0,126,100,0,100,226
03/13/2021,SBP,CA,AWP,WE,Federal Contract Tower,10,13,27,0,50,0,0,50,0,50,10,13,77,0,100,48,0,48,148
03/14/2021,SBP,CA,AWP,WE,Federal Contract Tower,11,6,37,0,54,0,0,52,0,52,11,6,89,0,106,64,0,64,170
03/15/2021,SBP,CA,AWP,WE,Federal Contract Tower,10,12,11,0,33,0,0,30,0,30,10,12,41,0,63,20,0,20,83
03/16/2021,SBP,CA,AWP,WE,Federal Contract Tower,11,14,14,0,39,0,4,84,0,88,11,18,98,0,127,122,0,122,249
03/17/2021,SBP,CA,AWP,WE,Federal Contract Tower,10,20,24,2,56,0,2,96,2,100,10,22,120,4,156,102,12,114,270
03/18/2021,SBP,CA,AWP,WE,Federal Contract Tower,12,16,16,0,44,0,4,77,2,83,12,20,93,2,127,38,0,38,165
03/19/2021,SBP,CA,AWP,WE,Federal Contract Tower,12,18,31,0,61,0,1,31,0,32,12,19,62,0,93,50,0,50,143
03/20/2021,SBP,CA,AWP,WE,Federal Contract Tower,12,12,24,0,48,0,1,79,0,80,12,13,103,0,128,62,0,62,190
03/21/2021,SBP,CA,AWP,WE,Federal Contract Tower,12,13,24,0,49,0,1,113,0,114,12,14,137,0,163,50,0,50,213
03/22/2021,SBP,CA,AWP,WE,Federal Contract Tower,12,7,14,0,33,0,0,55,0,55,12,7,69,0,88,56,0,56,144
03/23/2021,SBP,CA,AWP,WE,Federal Contract Tower,12,15,7,3,37,0,3,50,0,53,12,18,57,3,90,56,0,56,146
03/24/2021,SBP,CA,AWP,WE,Federal Contract Tower,12,19,22,0,53,0,5,81,5,91,12,24,103,5,144,64,0,64,208
03/25/2021,SBP,CA,AWP,WE,Federal Contract Tower,12,18,27,3,60,0,1,30,20,51,12,19,57,23,111,74,0,74,185
03/26/2021,SBP,CA,AWP,WE,Federal Contract Tower,12,15,20,0,47,0,3,158,0,161,12,18,178,0,208,128,0,128,336
03/27/2021,SBP,CA,AWP,WE,Federal Contract Tower,13,10,23,0,46,0,1,179,0,180,13,11,202,0,226,98,0,98,324
03/28/2021,SBP,CA,AWP,WE,Federal Contract Tower,13,6,22,0,41,0,2,148,0,150,13,8,170,0,191,28,0,28,219
03/29/2021,SBP,CA,AWP,WE,Federal Contract Tower,14,6,14,0,34,0,0,61,0,61,14,6,75,0,95,96,0,96,191
03/30/2021,SBP,CA,AWP,WE,Federal Contract Tower,12,15,9,1,37,0,5,86,1,92,12,20,95,2,129,62,0,62,191
03/31/2021,SBP,CA,AWP,WE,Federal Contract Tower,13,19,10,0,42,0,4,85,4,93,13,23,95,4,135,66,2,68,203
04/01/2021,SBP,CA,AWP,WE,Federal Contract Tower,15,17,19,2,53,0,3,90,0,93,15,20,109,2,146,84,0,84,230
04/02/2021,SBP,CA,AWP,WE,Federal Contract Tower,13,17,20,0,50,0,0,78,2,80,13,17,98,2,130,142,0,142,272
04/03/2021,SBP,CA,AWP,WE,Federal Contract Tower,12,8,24,0,44,0,0,85,0,85,12,8,109,0,129,40,0,40,169
04/04/2021,SBP,CA,AWP,WE,Federal Contract Tower,13,7,16,0,36,0,0,96,0,96,13,7,112,0,132,30,0,30,162
04/05/2021,SBP,CA,AWP,WE,Federal Contract Tower,13,10,8,0,31,0,3,68,0,71,13,13,76,0,102,92,0,92,194
04/06/2021,SBP,CA,AWP,WE,Federal Contract Tower,13,14,15,2,44,0,1,76,0,77,13,15,91,2,121,78,0,78,199
04/07/2021,SBP,CA,AWP,WE,Federal Contract Tower,13,17,19,2,51,0,4,120,0,124,13,21,139,2,175,122,0,122,297
04/08/2021,SBP,CA,AWP,WE,Federal Contract Tower,14,15,23,0,52,0,4,100,0,104,14,19,123,0,156,166,0,166,322
04/09/2021,SBP,CA,AWP,WE,Federal Contract Tower,13,14,18,0,45,0,3,73,0,76,13,17,91,0,121,74,0,74,195
04/10/2021,SBP,CA,AWP,WE,Federal Contract Tower,13,9,13,2,37,0,1,79,0,80,13,10,92,2,117,56,0,56,173
04/11/2021,SBP,CA,AWP,WE,Federal Contract Tower,15,7,13,0,35,0,2,114,0,116,15,9,127,0,151,96,0,96,247
04/12/2021,SBP,CA,AWP,WE,Federal Contract Tower,12,9,18,6,45,0,2,43,0,45,12,11,61,6,90,88,0,88,178
04/13/2021,SBP,CA,AWP,WE,Federal Contract Tower,13,13,41,2,69,0,0,21,0,21,13,13,62,2,90,100,0,100,190
04/14/2021,SBP,CA,AWP,WE,Federal Contract Tower,12,17,19,2,50,0,2,78,0,80,12,19,97,2,130,198,0,198,328
04/15/2021,SBP,CA,AWP,WE,Federal Contract Tower,13,14,22,0,49,0,2,90,0,92,13,16,112,0,141,78,0,78,219
04/16/2021,SBP,CA,AWP,WE,Federal Contract Tower,12,14,19,0,45,0,3,101,2,106,12,17,120,2,151,146,0,146,297
04/17/2021,SBP,CA,AWP,WE,Federal Contract Tower,13,11,14,0,38,0,2,91,0,93,13,13,105,0,131,106,0,106,237
04/18/2021,SBP,CA,AWP,WE,Federal Contract Tower,13,12,18,0,43,0,0,103,1,104,13,12,121,1,147,72,0,72,219
04/19/2021,SBP,CA,AWP,WE,Federal Contract Tower,12,9,15,2,38,0,0,49,0,49,12,9,64,2,87,112,0,112,199
04/20/2021,SBP,CA,AWP,WE,Federal Contract Tower,13,14,26,0,53,0,1,44,0,45,13,15,70,0,98,148,0,148,246
04/21/2021,SBP,CA,AWP,WE,Federal Contract Tower,13,19,47,0,79,0,0,14,0,14,13,19,61,0,93,72,0,72,165
04/22/2021,SBP,CA,AWP,WE,Federal Contract Tower,13,23,37,4,77,0,0,24,0,24,13,23,61,4,101,14,0,14,115
04/23/2021,SBP,CA,AWP,WE,Federal Contract Tower,13,19,37,0,69,0,0,48,0,48,13,19,85,0,117,124,0,124,241
04/24/2021,SBP,CA,AWP,WE,Federal Contract Tower,13,9,39,0,61,0,0,67,0,67,13,9,106,0,128,112,0,112,240
04/25/2021,SBP,CA,AWP,WE,Federal Contract Tower,13,14,25,0,52,0,0,45,0,45,13,14,70,0,97,90,0,90,187
04/26/2021,SBP,CA,AWP,WE,Federal Contract Tower,12,8,6,4,30,0,58,3,0,61,12,66,9,4,91,90,0,90,181
04/27/2021,SBP,CA,AWP,WE,Federal Contract Tower,12,11,23,0,46,0,1,124,3,128,12,12,147,3,174,120,0,120,294
04/28/2021,SBP,CA,AWP,WE,Federal Contract Tower,13,17,9,0,39,0,3,126,0,129,13,20,135,0,168,172,0,172,340
04/29/2021,SBP,CA,AWP,WE,Federal Contract Tower,13,19,15,0,47,0,3,102,0,105,13,22,117,0,152,96,0,96,248
04/30/2021,SBP,CA,AWP,WE,Federal Contract Tower,13,18,15,3,49,0,2,121,1,124,13,20,136,4,173,144,0,144,317
05/01/2021,SBP,CA,AWP,WE,Federal Contract Tower,11,11,17,0,39,0,0,99,2,101,11,11,116,2,140,58,0,58,198
05/02/2021,SBP,CA,AWP,WE,Federal Contract Tower,14,14,17,0,45,0,0,84,0,84,14,14,101,0,129,68,0,68,197
05/03/2021,SBP,CA,AWP,WE,Federal Contract Tower,13,10,23,2,48,0,0,69,0,69,13,10,92,2,117,172,0,172,289
05/04/2021,SBP,CA,AWP,WE,Federal Contract Tower,13,17,17,0,47,0,1,116,0,117,13,18,133,0,164,118,0,118,282
05/05/2021,SBP,CA,AWP,WE,Federal Contract Tower,14,16,18,0,48,0,2,95,0,97,14,18,113,0,145,156,0,156,301
05/06/2021,SBP,CA,AWP,WE,Federal Contract Tower,12,15,27,3,57,0,0,103,0,103,12,15,130,3,160,88,0,88,248
05/07/2021,SBP,CA,AWP,WE,Federal Contract Tower,12,20,21,3,56,0,2,107,0,109,12,22,128,3,165,66,0,66,231
05/08/2021,SBP,CA,AWP,WE,Federal Contract Tower,13,9,11,0,33,0,0,113,0,113,13,9,124,0,146,76,0,76,222
05/09/2021,SBP,CA,AWP,WE,Federal Contract Tower,13,14,18,0,45,0,0,87,0,87,13,14,105,0,132,62,0,62,194
05/10/2021,SBP,CA,AWP,WE,Federal Contract Tower,13,9,22,0,44,0,2,72,0,74,13,11,94,0,118,40,0,40,158
05/11/2021,SBP,CA,AWP,WE,Federal Contract Tower,13,17,15,0,45,0,2,82,0,84,13,19,97,0,129,106,0,106,235
05/12/2021,SBP,CA,AWP,WE,Federal Contract Tower,13,18,19,0,50,0,1,71,0,72,13,19,90,0,122,64,0,64,186
05/13/2021,SBP,CA,AWP,WE,Federal Contract Tower,14,19,25,4,62,0,0,65,0,65,14,19,90,4,127,70,0,70,197
05/14/2021,SBP,CA,AWP,WE,Federal Contract Tower,13,19,33,1,66,0,1,65,1,67,13,20,98,2,133,76,0,76,209
05/15/2021,SBP,CA,AWP,WE,Federal Contract Tower,13,10,56,0,79,0,0,15,1,16,13,10,71,1,95,34,0,34,129
05/16/2021,SBP,CA,AWP,WE,Federal Contract Tower,13,9,49,0,71,0,0,39,0,39,13,9,88,0,110,84,0,84,194
05/17/2021,SBP,CA,AWP,WE,Federal Contract Tower,13,7,24,0,44,0,0,55,0,55,13,7,79,0,99,38,0,38,137
05/18/2021,SBP,CA,AWP,WE,Federal Contract Tower,13,16,9,0,38,0,0,65,0,65,13,16,74,0,103,24,2,26,129
05/19/2021,SBP,CA,AWP,WE,Federal Contract Tower,15,14,6,3,38,0,2,77,0,79,15,16,83,3,117,70,0,70,187
05/20/2021,SBP,CA,AWP,WE,Federal Contract Tower,12,14,15,5,46,0,3,71,0,74,12,17,86,5,120,26,0,26,146
05/21/2021,SBP,CA,AWP,WE,Federal Contract Tower,14,17,20,0,51,0,1,67,0,68,14,18,87,0,119,102,0,102,221
05/22/2021,SBP,CA,AWP,WE,Federal Contract Tower,15,12,20,0,47,0,0,76,0,76,15,12,96,0,123,106,0,106,229
05/23/2021,SBP,CA,AWP,WE,Federal Contract Tower,13,9,25,0,47,0,2,112,0,114,13,11,137,0,161,92,0,92,253
05/24/2021,SBP,CA,AWP,WE,Federal Contract Tower,13,7,9,2,31,0,0,87,1,88,13,7,96,3,119,88,0,88,207
05/25/2021,SBP,CA,AWP,WE,Federal Contract Tower,13,15,13,0,41,0,1,83,1,85,13,16,96,1,126,66,0,66,192
05/26/2021,SBP,CA,AWP,WE,Federal Contract Tower,12,16,19,0,47,0,1,90,0,91,12,17,109,0,138,110,0,110,248
05/27/2021,SBP,CA,AWP,WE,Federal Contract Tower,11,16,21,1,49,0,1,85,0,86,11,17,106,1,135,100,0,100,235
05/28/2021,SBP,CA,AWP,WE,Federal Contract Tower,11,15,24,0,50,0,0,102,0,102,11,15,126,0,152,38,0,38,190
05/29/2021,SBP,CA,AWP,WE,Federal Contract Tower,11,12,24,0,47,0,0,92,0,92,11,12,116,0,139,4,0,4,143
05/30/2021,SBP,CA,AWP,WE,Federal Contract Tower,11,6,17,0,34,0,0,96,0,96,11,6,113,0,130,132,0,132,262
05/31/2021,SBP,CA,AWP,WE,Federal Contract Tower,10,4,18,0,32,0,0,132,0,132,10,4,150,0,164,88,0,88,252
06/01/2021,SBP,CA,AWP,WE,Federal Contract Tower,14,12,22,3,51,0,1,106,1,108,14,13,128,4,159,138,6,144,303
06/02/2021,SBP,CA,AWP,WE,Federal Contract Tower,13,16,16,0,45,0,0,90,0,90,13,16,106,0,135,150,0,150,285
06/03/2021,SBP,CA,AWP,WE,Federal Contract Tower,13,16,15,0,44,0,4,62,0,66,13,20,77,0,110,34,0,34,144
06/04/2021,SBP,CA,AWP,WE,Federal Contract Tower,13,17,21,1,52,0,0,109,0,109,13,17,130,1,161,110,0,110,271
06/05/2021,SBP,CA,AWP,WE,Federal Contract Tower,12,7,17,0,36,0,0,97,0,97,12,7,114,0,133,24,0,24,157
06/06/2021,SBP,CA,AWP,WE,Federal Contract Tower,12,7,52,0,71,0,2,64,0,66,12,9,116,0,137,76,0,76,213
06/07/2021,SBP,CA,AWP,WE,Federal Contract Tower,12,8,24,2,46,0,3,54,0,57,12,11,78,2,103,40,0,40,143
06/08/2021,SBP,CA,AWP,WE,Federal Contract Tower,12,15,23,3,53,0,2,104,0,106,12,17,127,3,159,104,0,104,263
06/09/2021,SBP,CA,AWP,WE,Federal Contract Tower,12,14,13,3,42,0,2,73,0,75,12,16,86,3,117,72,0,72,189
06/10/2021,SBP,CA,AWP,WE,Federal Contract Tower,12,12,17,2,43,0,3,61,0,64,12,15,78,2,107,32,0,32,139
06/11/2021,SBP,CA,AWP,WE,Federal Contract Tower,13,18,21,0,52,0,4,103,0,107,13,22,124,0,159,90,0,90,249
06/12/2021,SBP,CA,AWP,WE,Federal Contract Tower,11,10,19,0,40,0,0,142,1,143,11,10,161,1,183,102,0,102,285
06/13/2021,SBP,CA,AWP,WE,Federal Contract Tower,13,14,23,0,50,0,0,119,0,119,13,14,142,0,169,28,0,28,197
06/14/2021,SBP,CA,AWP,WE,Federal Contract Tower,13,10,14,0,37,0,0,87,4,91,13,10,101,4,128,68,0,68,196
06/15/2021,SBP,CA,AWP,WE,Federal Contract Tower,13,14,10,5,42,0,1,47,2,50,13,15,57,7,92,26,0,26,118
06/16/2021,SBP,CA,AWP,WE,Federal Contract Tower,12,14,10,2,38,0,12,66,4,82,12,26,76,6,120,86,0,86,206
06/17/2021,SBP,CA,AWP,WE,Federal Contract Tower,16,20,18,4,58,0,4,116,4,124,16,24,134,8,182,98,0,98,280
06/18/2021,SBP,CA,AWP,WE,Federal Contract Tower,19,15,23,1,58,0,1,108,0,109,19,16,131,1,167,154,0,154,321
06/19/2021,SBP,CA,AWP,WE,Federal Contract Tower,17,8,22,1,48,0,1,177,0,178,17,9,199,1,226,46,0,46,272
06/20/2021,SBP,CA,AWP,WE,Federal Contract Tower,16,8,25,1,50,0,0,114,0,114,16,8,139,1,164,60,0,60,224
06/21/2021,SBP,CA,AWP,WE,Federal Contract Tower,15,9,23,3,50,0,0,51,2,53,15,9,74,5,103,30,0,30,133
06/22/2021,SBP,CA,AWP,WE,Federal Contract Tower,17,15,12,3,47,0,2,79,2,83,17,17,91,5,130,80,0,80,210
06/23/2021,SBP,CA,AWP,WE,Federal Contract Tower,16,19,25,3,63,0,6,87,2,95,16,25,112,5,158,76,0,76,234
06/24/2021,SBP,CA,AWP,WE,Federal Contract Tower,16,17,32,2,67,0,3,85,0,88,16,20,117,2,155,56,0,56,211
06/25/2021,SBP,CA,AWP,WE,Federal Contract Tower,16,13,25,4,58,0,39,72,2,113,16,52,97,6,171,74,0,74,245
06/26/2021,SBP,CA,AWP,WE,Federal Contract Tower,16,11,15,0,42,0,0,117,0,117,16,11,132,0,159,28,0,28,187
06/27/2021,SBP,CA,AWP,WE,Federal Contract Tower,16,5,32,0,53,0,0,87,0,87,16,5,119,0,140,26,0,26,166
06/28/2021,SBP,CA,AWP,WE,Federal Contract Tower,14,8,11,3,36,0,3,87,0,90,14,11,98,3,126,96,0,96,222
06/29/2021,SBP,CA,AWP,WE,Federal Contract Tower,17,15,8,0,40,0,2,109,0,111,17,17,117,0,151,58,0,58,209
06/30/2021,SBP,CA,AWP,WE,Federal Contract Tower,15,17,36,3,71,0,1,87,3,91,15,18,123,6,162,52,2,54,216
07/01/2021,SBP,CA,AWP,WE,Federal Contract Tower,19,13,24,2,58,0,2,103,13,118,19,15,127,15,176,50,2,52,228
07/02/2021,SBP,CA,AWP,WE,Federal Contract Tower,17,15,29,2,63,0,0,104,92,196,17,15,133,94,259,70,0,70,329
07/03/2021,SBP,CA,AWP,WE,Federal Contract Tower,13,10,25,1,49,0,0,110,0,110,13,10,135,1,159,58,0,58,217
07/04/2021,SBP,CA,AWP,WE,Federal Contract Tower,15,4,10,0,29,0,2,78,0,80,15,6,88,0,109,36,0,36,145
07/05/2021,SBP,CA,AWP,WE,Federal Contract Tower,16,11,14,0,41,0,1,105,2,108,16,12,119,2,149,52,0,52,201
07/06/2021,SBP,CA,AWP,WE,Federal Contract Tower,16,10,19,4,49,0,3,72,4,79,16,13,91,8,128,64,0,64,192
07/07/2021,SBP,CA,AWP,WE,Federal Contract Tower,18,14,24,2,58,0,2,106,12,120,18,16,130,14,178,60,0,60,238
07/08/2021,SBP,CA,AWP,WE,Federal Contract Tower,16,16,10,1,43,0,1,121,2,124,16,17,131,3,167,68,0,68,235
07/10/2021,SBP,CA,AWP,WE,Federal Contract Tower,17,9,18,0,44,0,3,104,1,108,17,12,122,1,152,36,0,36,188
07/11/2021,SBP,CA,AWP,WE,Federal Contract Tower,17,9,22,0,48,0,1,124,0,125,17,10,146,0,173,82,0,82,255
07/12/2021,SBP,CA,AWP,WE,Federal Contract Tower,2,0,2,0,4,0,2,0,0,2,2,2,2,0,6,0,0,0,6
07/13/2021,SBP,CA,AWP,WE,Federal Contract Tower,0,0,0,0,0,0,0,0,0,0,0,0,0,0,0,0,0,0,0
07/14/2021,SBP,CA,AWP,WE,Federal Contract Tower,15,20,29,2,66,0,0,73,0,73,15,20,102,2,139,90,0,90,229
07/15/2021,SBP,CA,AWP,WE,Federal Contract Tower,16,20,26,2,64,0,2,65,2,69,16,22,91,4,133,40,0,40,173
07/16/2021,SBP,CA,AWP,WE,Federal Contract Tower,15,15,25,0,55,0,0,119,1,120,15,15,144,1,175,132,0,132,307
07/17/2021,SBP,CA,AWP,WE,Federal Contract Tower,16,6,21,0,43,0,1,109,0,110,16,7,130,0,153,42,0,42,195
07/18/2021,SBP,CA,AWP,WE,Federal Contract Tower,17,12,22,2,53,0,0,89,4,93,17,12,111,6,146,78,0,78,224
07/19/2021,SBP,CA,AWP,WE,Federal Contract Tower,15,7,20,0,42,0,0,66,0,66,15,7,86,0,108,28,4,32,140
07/20/2021,SBP,CA,AWP,WE,Federal Contract Tower,14,13,19,0,46,0,5,83,4,92,14,18,102,4,138,88,0,88,226
07/21/2021,SBP,CA,AWP,WE,Federal Contract Tower,16,17,10,0,43,0,6,78,0,84,16,23,88,0,127,96,0,96,223
07/22/2021,SBP,CA,AWP,WE,Federal Contract Tower,18,21,21,3,63,0,0,92,0,92,18,21,113,3,155,106,0,106,261
07/23/2021,SBP,CA,AWP,WE,Federal Contract Tower,16,24,18,4,62,0,0,96,1,97,16,24,114,5,159,118,0,118,277
07/24/2021,SBP,CA,AWP,WE,Federal Contract Tower,19,7,29,0,55,0,1,87,0,88,19,8,116,0,143,94,0,94,237
07/25/2021,SBP,CA,AWP,WE,Federal Contract Tower,16,6,16,0,38,0,1,82,3,86,16,7,98,3,124,50,0,50,174
07/26/2021,SBP,CA,AWP,WE,Federal Contract Tower,16,10,18,0,44,0,3,46,2,51,16,13,64,2,95,38,0,38,133
07/27/2021,SBP,CA,AWP,WE,Federal Contract Tower,16,15,16,2,49,0,1,63,3,67,16,16,79,5,116,90,0,90,206
07/28/2021,SBP,CA,AWP,WE,Federal Contract Tower,17,16,23,2,58,0,1,79,3,83,17,17,102,5,141,92,0,92,233
07/29/2021,SBP,CA,AWP,WE,Federal Contract Tower,17,17,21,1,56,0,1,84,4,89,17,18,105,5,145,90,2,92,237
07/30/2021,SBP,CA,AWP,WE,Federal Contract Tower,16,15,16,2,49,0,0,92,0,92,16,15,108,2,141,108,0,108,249
07/31/2021,SBP,CA,AWP,WE,Federal Contract Tower,17,9,29,4,59,0,0,94,2,96,17,9,123,6,155,40,0,40,195
08/02/2021,SBP,CA,AWP,WE,Federal Contract Tower,15,9,6,0,30,0,6,79,0,85,15,15,85,0,115,48,0,48,163
08/03/2021,SBP,CA,AWP,WE,Federal Contract Tower,14,16,14,1,45,0,0,80,6,86,14,16,94,7,131,96,2,98,229
08/04/2021,SBP,CA,AWP,WE,Federal Contract Tower,16,15,16,2,49,0,0,91,2,93,16,15,107,4,142,84,0,84,226
08/05/2021,SBP,CA,AWP,WE,Federal Contract Tower,16,21,21,0,58,0,1,67,1,69,16,22,88,1,127,66,6,72,199
08/06/2021,SBP,CA,AWP,WE,Federal Contract Tower,14,28,13,2,57,0,0,108,4,112,14,28,121,6,169,36,0,36,205
08/07/2021,SBP,CA,AWP,WE,Federal Contract Tower,17,12,32,3,64,0,0,84,0,84,17,12,116,3,148,60,0,60,208
08/08/2021,SBP,CA,AWP,WE,Federal Contract Tower,18,11,24,0,53,0,0,123,0,123,18,11,147,0,176,106,0,106,282
08/09/2021,SBP,CA,AWP,WE,Federal Contract Tower,16,8,23,1,48,0,0,80,1,81,16,8,103,2,129,46,0,46,175
08/10/2021,SBP,CA,AWP,WE,Federal Contract Tower,16,18,8,0,42,0,1,58,0,59,16,19,66,0,101,90,0,90,191
08/11/2021,SBP,CA,AWP,WE,Federal Contract Tower,16,14,22,0,52,0,2,102,0,104,16,16,124,0,156,66,0,66,222
08/12/2021,SBP,CA,AWP,WE,Federal Contract Tower,13,13,6,0,32,0,3,78,0,81,13,16,84,0,113,86,0,86,199
08/13/2021,SBP,CA,AWP,WE,Federal Contract Tower,17,18,20,0,55,0,4,64,13,81,17,22,84,13,136,44,0,44,180
08/14/2021,SBP,CA,AWP,WE,Federal Contract Tower,17,9,22,1,49,0,2,114,0,116,17,11,136,1,165,54,0,54,219
08/15/2021,SBP,CA,AWP,WE,Federal Contract Tower,16,13,18,0,47,0,0,114,1,115,16,13,132,1,162,90,0,90,252
08/16/2021,SBP,CA,AWP,WE,Federal Contract Tower,2,1,1,0,4,0,0,0,0,0,2,1,1,0,4,0,0,0,4
08/17/2021,SBP,CA,AWP,WE,Federal Contract Tower,0,0,0,0,0,0,0,0,0,0,0,0,0,0,0,0,0,0,0
08/18/2021,SBP,CA,AWP,WE,Federal Contract Tower,8,15,35,4,62,0,0,29,0,29,8,15,64,4,91,120,0,120,211
08/19/2021,SBP,CA,AWP,WE,Federal Contract Tower,15,20,36,3,74,0,2,65,1,68,15,22,101,4,142,86,0,86,228
08/20/2021,SBP,CA,AWP,WE,Federal Contract Tower,16,22,28,2,68,0,2,78,7,87,16,24,106,9,155,66,0,66,221
08/21/2021,SBP,CA,AWP,WE,Federal Contract Tower,17,7,37,0,61,0,1,28,2,31,17,8,65,2,92,60,0,60,152
08/22/2021,SBP,CA,AWP,WE,Federal Contract Tower,15,7,29,1,52,0,1,91,0,92,15,8,120,1,144,76,0,76,220
08/23/2021,SBP,CA,AWP,WE,Federal Contract Tower,17,9,24,2,52,0,0,66,0,66,17,9,90,2,118,68,0,68,186
08/24/2021,SBP,CA,AWP,WE,Federal Contract Tower,16,19,28,0,63,0,1,70,0,71,16,20,98,0,134,96,0,96,230
08/25/2021,SBP,CA,AWP,WE,Federal Contract Tower,15,17,26,0,58,0,0,72,0,72,15,17,98,0,130,48,0,48,178
08/26/2021,SBP,CA,AWP,WE,Federal Contract Tower,17,11,27,0,55,0,9,86,2,97,17,20,113,2,152,70,2,72,224
08/27/2021,SBP,CA,AWP,WE,Federal Contract Tower,16,10,16,1,43,0,4,101,0,105,16,14,117,1,148,54,0,54,202
08/28/2021,SBP,CA,AWP,WE,Federal Contract Tower,17,8,23,0,48,0,0,71,0,71,17,8,94,0,119,44,0,44,163
08/29/2021,SBP,CA,AWP,WE,Federal Contract Tower,16,7,20,0,43,0,1,104,0,105,16,8,124,0,148,40,0,40,188
08/30/2021,SBP,CA,AWP,WE,Federal Contract Tower,15,16,19,2,52,0,2,64,0,66,15,18,83,2,118,30,0,30,148
08/31/2021,SBP,CA,AWP,WE,Federal Contract Tower,17,17,16,0,50,0,1,47,0,48,17,18,63,0,98,76,0,76,174
09/01/2021,SBP,CA,AWP,WE,Federal Contract Tower,17,16,21,0,54,0,3,43,2,48,17,19,64,2,102,82,0,82,184
09/02/2021,SBP,CA,AWP,WE,Federal Contract Tower,15,17,24,0,56,0,2,74,0,76,15,19,98,0,132,66,2,68,200
09/03/2021,SBP,CA,AWP,WE,Federal Contract Tower,16,17,14,0,47,0,2,119,2,123,16,19,133,2,170,152,0,152,322
09/04/2021,SBP,CA,AWP,WE,Federal Contract Tower,17,10,29,0,56,0,0,85,0,85,17,10,114,0,141,52,0,52,193
09/05/2021,SBP,CA,AWP,WE,Federal Contract Tower,14,4,12,1,31,0,0,82,2,84,14,4,94,3,115,62,0,62,177
09/06/2021,SBP,CA,AWP,WE,Federal Contract Tower,16,7,27,1,51,0,5,115,2,122,16,12,142,3,173,100,0,100,273
09/07/2021,SBP,CA,AWP,WE,Federal Contract Tower,16,12,9,0,37,0,0,73,0,73,16,12,82,0,110,56,0,56,166
09/08/2021,SBP,CA,AWP,WE,Federal Contract Tower,18,9,15,0,42,0,5,74,0,79,18,14,89,0,121,136,0,136,257
09/09/2021,SBP,CA,AWP,WE,Federal Contract Tower,18,8,25,2,53,0,1,81,0,82,18,9,106,2,135,86,0,86,221
09/10/2021,SBP,CA,AWP,WE,Federal Contract Tower,18,8,15,1,42,0,3,78,0,81,18,11,93,1,123,94,0,94,217
09/11/2021,SBP,CA,AWP,WE,Federal Contract Tower,19,5,25,0,49,0,0,145,0,145,19,5,170,0,194,90,0,90,284
09/12/2021,SBP,CA,AWP,WE,Federal Contract Tower,19,7,37,0,63,0,4,120,4,128,19,11,157,4,191,100,0,100,291
09/13/2021,SBP,CA,AWP,WE,Federal Contract Tower,19,4,16,2,41,0,0,83,0,83,19,4,99,2,124,86,0,86,210
09/14/2021,SBP,CA,AWP,WE,Federal Contract Tower,19,14,30,1,64,0,0,82,3,85,19,14,112,4,149,120,0,120,269
09/15/2021,SBP,CA,AWP,WE,Federal Contract Tower,20,15,23,1,59,0,3,84,1,88,20,18,107,2,147,86,0,86,233
09/16/2021,SBP,CA,AWP,WE,Federal Contract Tower,18,13,28,0,59,0,1,77,2,80,18,14,105,2,139,74,0,74,213
09/17/2021,SBP,CA,AWP,WE,Federal Contract Tower,19,14,39,3,75,0,0,71,3,74,19,14,110,6,149,102,0,102,251
09/18/2021,SBP,CA,AWP,WE,Federal Contract Tower,19,8,26,0,53,0,0,99,0,99,19,8,125,0,152,102,0,102,254
09/19/2021,SBP,CA,AWP,WE,Federal Contract Tower,18,5,28,0,51,0,0,85,0,85,18,5,113,0,136,42,0,42,178
09/20/2021,SBP,CA,AWP,WE,Federal Contract Tower,18,3,15,0,36,0,0,81,0,81,18,3,96,0,117,178,0,178,295
09/21/2021,SBP,CA,AWP,WE,Federal Contract Tower,18,8,10,0,36,0,2,113,0,115,18,10,123,0,151,168,0,168,319
09/22/2021,SBP,CA,AWP,WE,Federal Contract Tower,18,11,23,2,54,0,4,88,2,94,18,15,111,4,148,130,0,130,278
09/23/2021,SBP,CA,AWP,WE,Federal Contract Tower,17,13,32,2,64,0,0,81,0,81,17,13,113,2,145,82,0,82,227
09/24/2021,SBP,CA,AWP,WE,Federal Contract Tower,20,15,33,1,69,0,0,65,0,65,20,15,98,1,134,96,0,96,230
09/25/2021,SBP,CA,AWP,WE,Federal Contract Tower,20,3,28,0,51,0,0,83,0,83,20,3,111,0,134,120,0,120,254
09/27/2021,SBP,CA,AWP,WE,Federal Contract Tower,18,8,25,1,52,0,0,32,0,32,18,8,57,1,84,102,0,102,186
09/28/2021,SBP,CA,AWP,WE,Federal Contract Tower,18,8,10,2,38,0,2,46,1,49,18,10,56,3,87,38,4,42,129
09/29/2021,SBP,CA,AWP,WE,Federal Contract Tower,18,11,8,4,41,0,4,98,0,102,18,15,106,4,143,132,0,132,275
09/30/2021,SBP,CA,AWP,WE,Federal Contract Tower,17,16,16,3,52,0,3,68,4,75,17,19,84,7,127,86,0,86,213
10/01/2021,SBP,CA,AWP,WE,Federal Contract Tower,23,11,17,0,51,0,3,117,0,120,23,14,134,0,171,92,0,92,263
10/02/2021,SBP,CA,AWP,WE,Federal Contract Tower,17,6,13,0,36,0,0,113,0,113,17,6,126,0,149,116,0,116,265
10/03/2021,SBP,CA,AWP,WE,Federal Contract Tower,19,11,17,0,47,0,0,112,2,114,19,11,129,2,161,78,0,78,239
10/04/2021,SBP,CA,AWP,WE,Federal Contract Tower,19,6,13,4,42,0,0,76,0,76,19,6,89,4,118,164,0,164,282
10/05/2021,SBP,CA,AWP,WE,Federal Contract Tower,16,11,17,2,46,0,7,84,0,91,16,18,101,2,137,138,0,138,275
10/06/2021,SBP,CA,AWP,WE,Federal Contract Tower,14,16,31,0,61,0,1,89,2,92,14,17,120,2,153,122,0,122,275
10/07/2021,SBP,CA,AWP,WE,Federal Contract Tower,12,19,23,0,54,0,0,78,0,78,12,19,101,0,132,150,0,150,282
10/08/2021,SBP,CA,AWP,WE,Federal Contract Tower,21,19,22,0,62,0,2,83,4,89,21,21,105,4,151,66,0,66,217
10/09/2021,SBP,CA,AWP,WE,Federal Contract Tower,15,15,17,2,49,0,2,149,0,151,15,17,166,2,200,74,0,74,274
10/10/2021,SBP,CA,AWP,WE,Federal Contract Tower,18,11,21,0,50,0,0,123,0,123,18,11,144,0,173,50,0,50,223
10/11/2021,SBP,CA,AWP,WE,Federal Contract Tower,24,8,11,1,44,0,1,50,0,51,24,9,61,1,95,68,0,68,163
10/12/2021,SBP,CA,AWP,WE,Federal Contract Tower,15,13,9,1,38,0,1,61,2,64,15,14,70,3,102,92,0,92,194
10/13/2021,SBP,CA,AWP,WE,Federal Contract Tower,12,15,17,0,44,0,5,58,0,63,12,20,75,0,107,108,0,108,215
10/14/2021,SBP,CA,AWP,WE,Federal Contract Tower,18,18,33,0,69,0,6,116,1,123,18,24,149,1,192,52,0,52,244
10/15/2021,SBP,CA,AWP,WE,Federal Contract Tower,15,10,27,0,52,0,1,109,0,110,15,11,136,0,162,102,0,102,264
10/16/2021,SBP,CA,AWP,WE,Federal Contract Tower,20,7,21,0,48,0,0,144,0,144,20,7,165,0,192,78,0,78,270
10/17/2021,SBP,CA,AWP,WE,Federal Contract Tower,19,6,22,1,48,1,0,121,0,122,20,6,143,1,170,72,0,72,242
10/18/2021,SBP,CA,AWP,WE,Federal Contract Tower,18,6,23,0,47,0,0,57,1,58,18,6,80,1,105,148,0,148,253
10/19/2021,SBP,CA,AWP,WE,Federal Contract Tower,16,16,8,0,40,0,4,80,0,84,16,20,88,0,124,102,0,102,226
10/20/2021,SBP,CA,AWP,WE,Federal Contract Tower,14,11,18,1,44,0,4,115,1,120,14,15,133,2,164,116,0,116,280
10/21/2021,SBP,CA,AWP,WE,Federal Contract Tower,11,16,34,1,62,0,13,56,3,72,11,29,90,4,134,120,2,122,256
10/22/2021,SBP,CA,AWP,WE,Federal Contract Tower,13,18,40,2,73,0,0,21,0,21,13,18,61,2,94,108,0,108,202
10/23/2021,SBP,CA,AWP,WE,Federal Contract Tower,16,11,30,0,57,0,0,86,1,87,16,11,116,1,144,172,0,172,316
10/24/2021,SBP,CA,AWP,WE,Federal Contract Tower,17,7,27,0,51,0,0,6,0,6,17,7,33,0,57,20,0,20,77
10/25/2021,SBP,CA,AWP,WE,Federal Contract Tower,18,12,11,0,41,0,0,16,0,16,18,12,27,0,57,38,0,38,95
10/26/2021,SBP,CA,AWP,WE,Federal Contract Tower,12,20,24,4,60,0,1,85,0,86,12,21,109,4,146,72,0,72,218
10/28/2021,SBP,CA,AWP,WE,Federal Contract Tower,15,16,15,0,46,0,4,110,4,118,15,20,125,4,164,134,0,134,298
10/29/2021,SBP,CA,AWP,WE,Federal Contract Tower,20,14,16,1,51,0,3,118,1,122,20,17,134,2,173,70,0,70,243
10/30/2021,SBP,CA,AWP,WE,Federal Contract Tower,13,8,35,0,56,0,0,46,0,46,13,8,81,0,102,82,0,82,184
10/31/2021,SBP,CA,AWP,WE,Federal Contract Tower,18,11,20,0,49,0,0,85,0,85,18,11,105,0,134,32,0,32,166
11/01/2021,SBP,CA,AWP,WE,Federal Contract Tower,15,14,32,0,61,0,0,18,2,20,15,14,50,2,81,10,0,10,91
11/02/2021,SBP,CA,AWP,WE,Federal Contract Tower,10,19,19,0,48,0,0,75,0,75,10,19,94,0,123,228,0,228,351
11/03/2021,SBP,CA,AWP,WE,Federal Contract Tower,12,22,24,0,58,0,1,84,2,87,12,23,108,2,145,142,0,142,287
11/04/2021,SBP,CA,AWP,WE,Federal Contract Tower,14,20,20,2,56,0,0,79,3,82,14,20,99,5,138,60,0,60,198
11/05/2021,SBP,CA,AWP,WE,Federal Contract Tower,15,23,28,0,66,0,4,107,1,112,15,27,135,1,178,158,0,158,336
11/06/2021,SBP,CA,AWP,WE,Federal Contract Tower,10,15,20,0,45,0,0,178,0,178,10,15,198,0,223,118,0,118,341
11/07/2021,SBP,CA,AWP,WE,Federal Contract Tower,16,14,20,0,50,0,0,73,0,73,16,14,93,0,123,12,0,12,135
11/08/2021,SBP,CA,AWP,WE,Federal Contract Tower,16,18,18,0,52,0,0,63,0,63,16,18,81,0,115,44,0,44,159
11/09/2021,SBP,CA,AWP,WE,Federal Contract Tower,11,26,41,0,78,0,0,0,0,0,11,26,41,0,78,0,0,0,78
11/10/2021,SBP,CA,AWP,WE,Federal Contract Tower,12,21,14,0,47,0,3,83,0,86,12,24,97,0,133,116,0,116,249
11/11/2021,SBP,CA,AWP,WE,Federal Contract Tower,16,19,16,0,51,0,5,113,0,118,16,24,129,0,169,78,0,78,247
11/12/2021,SBP,CA,AWP,WE,Federal Contract Tower,18,19,31,0,68,0,2,96,0,98,18,21,127,0,166,154,0,154,320
11/13/2021,SBP,CA,AWP,WE,Federal Contract Tower,12,15,20,0,47,0,0,131,0,131,12,15,151,0,178,96,0,96,274
11/14/2021,SBP,CA,AWP,WE,Federal Contract Tower,15,19,18,0,52,0,0,106,0,106,15,19,124,0,158,58,0,58,216
11/15/2021,SBP,CA,AWP,WE,Federal Contract Tower,16,18,19,3,56,0,1,77,2,80,16,19,96,5,136,86,0,86,222
11/16/2021,SBP,CA,AWP,WE,Federal Contract Tower,10,18,15,0,43,0,0,75,0,75,10,18,90,0,118,124,0,124,242
11/17/2021,SBP,CA,AWP,WE,Federal Contract Tower,12,22,10,0,44,0,4,76,3,83,12,26,86,3,127,144,0,144,271
11/18/2021,SBP,CA,AWP,WE,Federal Contract Tower,12,21,35,0,68,0,9,75,3,87,12,30,110,3,155,126,6,132,287
11/19/2021,SBP,CA,AWP,WE,Federal Contract Tower,14,17,36,0,67,0,1,96,0,97,14,18,132,0,164,110,0,110,274
11/20/2021,SBP,CA,AWP,WE,Federal Contract Tower,11,15,27,2,55,0,1,113,1,115,11,16,140,3,170,144,0,144,314
11/21/2021,SBP,CA,AWP,WE,Federal Contract Tower,9,14,17,0,40,0,0,91,0,91,9,14,108,0,131,76,0,76,207
11/22/2021,SBP,CA,AWP,WE,Federal Contract Tower,13,21,11,3,48,0,0,81,5,86,13,21,92,8,134,154,0,154,288
11/23/2021,SBP,CA,AWP,WE,Federal Contract Tower,10,27,16,0,53,0,3,78,0,81,10,30,94,0,134,150,0,150,284
11/24/2021,SBP,CA,AWP,WE,Federal Contract Tower,12,21,13,0,46,0,3,92,0,95,12,24,105,0,141,22,0,22,163
11/25/2021,SBP,CA,AWP,WE,Federal Contract Tower,6,8,4,0,18,0,0,58,0,58,6,8,62,0,76,30,0,30,106
11/26/2021,SBP,CA,AWP,WE,Federal Contract Tower,11,21,12,0,44,0,3,100,0,103,11,24,112,0,147,50,0,50,197
11/27/2021,SBP,CA,AWP,WE,Federal Contract Tower,9,13,23,0,45,0,0,119,1,120,9,13,142,1,165,74,0,74,239
11/28/2021,SBP,CA,AWP,WE,Federal Contract Tower,12,16,30,0,58,0,0,101,0,101,12,16,131,0,159,104,0,104,263
11/29/2021,SBP,CA,AWP,WE,Federal Contract Tower,12,16,21,2,51,0,1,87,3,91,12,17,108,5,142,72,0,72,214
11/30/2021,SBP,CA,AWP,WE,Federal Contract Tower,11,24,25,0,60,0,2,81,4,87,11,26,106,4,147,164,0,164,311
12/01/2021,SBP,CA,AWP,WE,Federal Contract Tower,12,24,25,8,69,0,2,101,4,107,12,26,126,12,176,98,12,110,286
12/02/2021,SBP,CA,AWP,WE,Federal Contract Tower,17,20,28,6,71,0,0,74,1,75,17,20,102,7,146,108,10,118,264
12/03/2021,SBP,CA,AWP,WE,Federal Contract Tower,16,22,44,1,83,0,0,12,0,12,16,22,56,1,95,8,0,8,103
12/04/2021,SBP,CA,AWP,WE,Federal Contract Tower,8,21,32,0,61,0,2,90,0,92,8,23,122,0,153,96,0,96,249
12/05/2021,SBP,CA,AWP,WE,Federal Contract Tower,16,14,35,0,65,0,0,68,0,68,16,14,103,0,133,94,0,94,227
12/06/2021,SBP,CA,AWP,WE,Federal Contract Tower,16,17,25,3,61,0,0,48,1,49,16,17,73,4,110,102,0,102,212
12/07/2021,SBP,CA,AWP,WE,Federal Contract Tower,10,21,21,2,54,0,0,28,1,29,10,21,49,3,83,86,0,86,169
12/08/2021,SBP,CA,AWP,WE,Federal Contract Tower,12,30,21,1,64,0,2,55,0,57,12,32,76,1,121,52,0,52,173
12/09/2021,SBP,CA,AWP,WE,Federal Contract Tower,16,28,21,0,65,0,0,17,0,17,16,28,38,0,82,76,0,76,158
12/10/2021,SBP,CA,AWP,WE,Federal Contract Tower,16,25,28,0,69,0,0,141,0,141,16,25,169,0,210,72,0,72,282
12/11/2021,SBP,CA,AWP,WE,Federal Contract Tower,7,11,23,0,41,0,0,137,2,139,7,11,160,2,180,54,0,54,234
12/12/2021,SBP,CA,AWP,WE,Federal Contract Tower,16,11,27,0,54,0,0,109,0,109,16,11,136,0,163,72,0,72,235
12/13/2021,SBP,CA,AWP,WE,Federal Contract Tower,16,17,10,2,45,0,0,0,0,0,16,17,10,2,45,0,0,0,45
12/14/2021,SBP,CA,AWP,WE,Federal Contract Tower,10,20,13,0,43,0,0,0,0,0,10,20,13,0,43,0,0,0,43
12/15/2021,SBP,CA,AWP,WE,Federal Contract Tower,12,26,16,0,54,0,2,90,5,97,12,28,106,5,151,80,0,80,231
12/16/2021,SBP,CA,AWP,WE,Federal Contract Tower,12,21,22,0,55,0,0,6,1,7,12,21,28,1,62,0,0,0,62
12/17/2021,SBP,CA,AWP,WE,Federal Contract Tower,15,23,29,1,68,0,2,119,4,125,15,25,148,5,193,100,0,100,293
12/18/2021,SBP,CA,AWP,WE,Federal Contract Tower,17,11,27,0,55,0,1,112,0,113,17,12,139,0,168,120,0,120,288
12/19/2021,SBP,CA,AWP,WE,Federal Contract Tower,16,11,31,0,58,0,0,96,0,96,16,11,127,0,154,94,0,94,248
12/20/2021,SBP,CA,AWP,WE,Federal Contract Tower,14,17,13,0,44,0,1,57,0,58,14,18,70,0,102,140,0,140,242
12/21/2021,SBP,CA,AWP,WE,Federal Contract Tower,12,23,11,0,46,0,2,56,0,58,12,25,67,0,104,66,0,66,170
12/22/2021,SBP,CA,AWP,WE,Federal Contract Tower,9,20,24,2,55,0,0,1,0,1,9,20,25,2,56,0,0,0,56
12/23/2021,SBP,CA,AWP,WE,Federal Contract Tower,13,22,14,0,49,0,0,0,0,0,13,22,14,0,49,0,0,0,49
12/24/2021,SBP,CA,AWP,WE,Federal Contract Tower,17,17,20,0,54,0,0,3,0,3,17,17,23,0,57,0,0,0,57
12/25/2021,SBP,CA,AWP,WE,Federal Contract Tower,6,5,4,0,15,0,0,9,0,9,6,5,13,0,24,4,0,4,28
12/26/2021,SBP,CA,AWP,WE,Federal Contract Tower,14,9,18,0,41,0,0,65,0,65,14,9,83,0,106,34,0,34,140
12/27/2021,SBP,CA,AWP,WE,Federal Contract Tower,16,13,10,0,39,0,1,0,0,1,16,14,10,0,40,0,0,0,40
12/28/2021,SBP,CA,AWP,WE,Federal Contract Tower,3,5,6,0,14,0,0,44,0,44,3,5,50,0,58,28,0,28,86
12/29/2021,SBP,CA,AWP,WE,Federal Contract Tower,12,18,22,0,52,0,0,0,0,0,12,18,22,0,52,0,0,0,52
12/30/2021,SBP,CA,AWP,WE,Federal Contract Tower,11,16,16,0,43,0,2,55,4,61,11,18,71,4,104,34,0,34,138
12/31/2021,SBP,CA,AWP,WE,Federal Contract Tower,16,16,14,0,46,0,1,66,0,67,16,17,80,0,113,42,0,42,155
01/01/2022,SBP,CA,AWP,WE,Federal Contract Tower,8,8,17,0,33,0,1,83,0,84,8,9,100,0,117,48,0,48,165
01/02/2022,SBP,CA,AWP,WE,Federal Contract Tower,16,12,24,0,52,0,0,124,0,124,16,12,148,0,176,48,0,48,224
01/03/2022,SBP,CA,AWP,WE,Federal Contract Tower,12,11,25,0,48,0,0,70,0,70,12,11,95,0,118,130,0,130,248
01/04/2022,SBP,CA,AWP,WE,Federal Contract Tower,15,15,25,2,57,0,2,67,0,69,15,17,92,2,126,98,4,102,228
01/05/2022,SBP,CA,AWP,WE,Federal Contract Tower,13,14,21,0,48,0,0,78,7,85,13,14,99,7,133,128,0,128,261
01/06/2022,SBP,CA,AWP,WE,Federal Contract Tower,19,25,26,4,74,0,0,77,2,79,19,25,103,6,153,96,0,96,249
01/07/2022,SBP,CA,AWP,WE,Federal Contract Tower,17,17,18,2,54,0,0,55,0,55,17,17,73,2,109,100,0,100,209
01/08/2022,SBP,CA,AWP,WE,Federal Contract Tower,13,13,21,1,48,0,0,111,0,111,13,13,132,1,159,66,0,66,225
01/09/2022,SBP,CA,AWP,WE,Federal Contract Tower,17,7,25,1,50,0,1,111,0,112,17,8,136,1,162,84,0,84,246
01/10/2022,SBP,CA,AWP,WE,Federal Contract Tower,16,12,12,1,41,0,2,83,0,85,16,14,95,1,126,110,0,110,236
01/11/2022,SBP,CA,AWP,WE,Federal Contract Tower,15,13,15,0,43,0,6,111,0,117,15,19,126,0,160,14,0,14,174
01/12/2022,SBP,CA,AWP,WE,Federal Contract Tower,13,17,13,4,47,0,3,92,4,99,13,20,105,8,146,62,0,62,208
01/13/2022,SBP,CA,AWP,WE,Federal Contract Tower,19,14,18,1,52,0,3,83,5,91,19,17,101,6,143,42,0,42,185
01/14/2022,SBP,CA,AWP,WE,Federal Contract Tower,18,14,31,0,63,0,4,122,0,126,18,18,153,0,189,66,0,66,255
01/15/2022,SBP,CA,AWP,WE,Federal Contract Tower,11,7,18,0,36,0,0,111,0,111,11,7,129,0,147,68,0,68,215
01/16/2022,SBP,CA,AWP,WE,Federal Contract Tower,19,5,24,0,48,0,1,107,0,108,19,6,131,0,156,68,0,68,224
01/17/2022,SBP,CA,AWP,WE,Federal Contract Tower,19,10,30,0,59,0,0,74,2,76,19,10,104,2,135,106,0,106,241
01/18/2022,SBP,CA,AWP,WE,Federal Contract Tower,12,22,17,1,52,0,3,70,2,75,12,25,87,3,127,118,0,118,245
01/19/2022,SBP,CA,AWP,WE,Federal Contract Tower,13,20,13,6,52,0,0,77,5,82,13,20,90,11,134,98,0,98,232
01/20/2022,SBP,CA,AWP,WE,Federal Contract Tower,15,12,16,3,46,0,4,91,2,97,15,16,107,5,143,36,0,36,179
01/21/2022,SBP,CA,AWP,WE,Federal Contract Tower,18,13,16,7,54,0,0,98,1,99,18,13,114,8,153,30,0,30,183
01/22/2022,SBP,CA,AWP,WE,Federal Contract Tower,13,7,12,0,32,0,0,145,0,145,13,7,157,0,177,0,0,0,177
01/23/2022,SBP,CA,AWP,WE,Federal Contract Tower,17,10,19,0,46,0,0,138,0,138,17,10,157,0,184,18,0,18,202
01/24/2022,SBP,CA,AWP,WE,Federal Contract Tower,18,12,12,0,42,0,0,80,0,80,18,12,92,0,122,0,0,0,122
01/25/2022,SBP,CA,AWP,WE,Federal Contract Tower,15,16,10,2,43,0,2,105,1,108,15,18,115,3,151,0,0,0,151
01/26/2022,SBP,CA,AWP,WE,Federal Contract Tower,12,16,18,2,48,0,2,103,1,106,12,18,121,3,154,42,0,42,196
01/27/2022,SBP,CA,AWP,WE,Federal Contract Tower,13,6,8,2,29,0,0,101,2,103,13,6,109,4,132,0,0,0,132
01/28/2022,SBP,CA,AWP,WE,Federal Contract Tower,11,8,11,0,30,0,0,111,1,112,11,8,122,1,142,28,0,28,170
01/29/2022,SBP,CA,AWP,WE,Federal Contract Tower,12,11,26,0,49,0,0,118,1,119,12,11,144,1,168,8,0,8,176
01/30/2022,SBP,CA,AWP,WE,Federal Contract Tower,18,7,17,0,42,0,0,160,2,162,18,7,177,2,204,108,0,108,312
01/31/2022,SBP,CA,AWP,WE,Federal Contract Tower,18,13,14,1,46,0,1,66,0,67,18,14,80,1,113,68,0,68,181
02/01/2022,SBP,CA,AWP,WE,Federal Contract Tower,10,15,4,0,29,0,1,66,0,67,10,16,70,0,96,102,0,102,198
02/02/2022,SBP,CA,AWP,WE,Federal Contract Tower,11,17,16,8,52,0,2,79,0,81,11,19,95,8,133,44,0,44,177
02/03/2022,SBP,CA,AWP,WE,Federal Contract Tower,16,16,15,0,47,0,4,114,3,121,16,20,129,3,168,76,0,76,244
02/04/2022,SBP,CA,AWP,WE,Federal Contract Tower,18,12,16,0,46,0,2,103,4,109,18,14,119,4,155,102,8,110,265
02/05/2022,SBP,CA,AWP,WE,Federal Contract Tower,0,0,0,0,0,0,0,0,0,0,0,0,0,0,0,0,0,0,0
02/06/2022,SBP,CA,AWP,WE,Federal Contract Tower,17,8,25,0,50,0,0,127,0,127,17,8,152,0,177,48,0,48,225
02/07/2022,SBP,CA,AWP,WE,Federal Contract Tower,15,9,10,1,35,0,1,121,0,122,15,10,131,1,157,96,0,96,253
02/08/2022,SBP,CA,AWP,WE,Federal Contract Tower,11,16,14,0,41,0,1,111,0,112,11,17,125,0,153,152,0,152,305
02/09/2022,SBP,CA,AWP,WE,Federal Contract Tower,11,13,24,0,48,0,3,107,0,110,11,16,131,0,158,74,0,74,232
02/10/2022,SBP,CA,AWP,WE,Federal Contract Tower,15,19,13,0,47,0,4,120,1,125,15,23,133,1,172,120,0,120,292
02/11/2022,SBP,CA,AWP,WE,Federal Contract Tower,11,13,24,0,48,0,3,107,0,110,11,16,131,0,158,74,0,74,232
02/12/2022,SBP,CA,AWP,WE,Federal Contract Tower,15,19,13,0,47,0,4,120,1,125,15,23,133,1,172,120,0,120,292
02/13/2022,SBP,CA,AWP,WE,Federal Contract Tower,17,11,10,0,38,0,0,115,0,115,17,11,125,0,153,80,0,80,233
02/14/2022,SBP,CA,AWP,WE,Federal Contract Tower,12,29,17,0,58,0,0,80,4,84,12,29,97,4,142,8,0,8,150
02/15/2022,SBP,CA,AWP,WE,Federal Contract Tower,7,19,16,0,42,0,4,34,0,38,7,23,50,0,80,98,0,98,178
02/16/2022,SBP,CA,AWP,WE,Federal Contract Tower,11,15,15,2,43,0,4,137,1,142,11,19,152,3,185,80,0,80,265
02/17/2022,SBP,CA,AWP,WE,Federal Contract Tower,15,18,16,1,50,0,4,128,0,132,15,22,144,1,182,68,2,70,252
02/18/2022,SBP,CA,AWP,WE,Federal Contract Tower,17,21,28,0,66,0,0,162,0,162,17,21,190,0,228,96,0,96,324
02/19/2022,SBP,CA,AWP,WE,Federal Contract Tower,11,14,19,0,44,0,2,195,0,197,11,16,214,0,241,72,0,72,313
02/20/2022,SBP,CA,AWP,WE,Federal Contract Tower,14,9,31,0,54,0,0,114,0,114,14,9,145,0,168,74,0,74,242
02/21/2022,SBP,CA,AWP,WE,Federal Contract Tower,17,18,11,1,47,0,0,94,0,94,17,18,105,1,141,86,0,86,227
02/22/2022,SBP,CA,AWP,WE,Federal Contract Tower,12,22,12,0,46,0,3,22,0,25,12,25,34,0,71,64,0,64,135
02/23/2022,SBP,CA,AWP,WE,Federal Contract Tower,7,17,8,5,37,0,4,103,10,117,7,21,111,15,154,114,10,124,278
02/24/2022,SBP,CA,AWP,WE,Federal Contract Tower,12,19,14,0,45,0,0,0,0,0,12,19,14,0,45,74,0,74,119
02/25/2022,SBP,CA,AWP,WE,Federal Contract Tower,17,20,16,0,53,0,3,132,0,135,17,23,148,0,188,72,0,72,260
02/26/2022,SBP,CA,AWP,WE,Federal Contract Tower,6,14,8,0,28,0,0,112,0,112,6,14,120,0,140,122,0,122,262
02/27/2022,SBP,CA,AWP,WE,Federal Contract Tower,13,13,13,0,39,0,1,119,1,121,13,14,132,1,160,54,0,54,214
02/28/2022,SBP,CA,AWP,WE,Federal Contract Tower,15,14,10,0,39,0,0,73,0,73,15,14,83,0,112,76,0,76,188
03/01/2022,SBP,CA,AWP,WE,Federal Contract Tower,12,17,9,1,39,0,0,122,0,122,12,17,131,1,161,162,0,162,323
03/02/2022,SBP,CA,AWP,WE,Federal Contract Tower,10,19,8,0,37,0,3,128,2,133,10,22,136,2,170,260,4,264,434
03/03/2022,SBP,CA,AWP,WE,Federal Contract Tower,15,16,19,6,56,0,9,70,0,79,15,25,89,6,135,160,0,160,295
03/04/2022,SBP,CA,AWP,WE,Federal Contract Tower,16,20,38,1,75,0,2,15,0,17,16,22,53,1,92,16,0,16,108
03/05/2022,SBP,CA,AWP,WE,Federal Contract Tower,11,9,7,0,27,0,0,51,0,51,11,9,58,0,78,24,0,24,102
03/06/2022,SBP,CA,AWP,WE,Federal Contract Tower,15,10,18,0,43,0,0,108,0,108,15,10,126,0,151,104,0,104,255
03/07/2022,SBP,CA,AWP,WE,Federal Contract Tower,15,12,12,0,39,0,0,103,1,104,15,12,115,1,143,136,0,136,279
03/08/2022,SBP,CA,AWP,WE,Federal Contract Tower,12,16,16,0,44,0,2,134,0,136,12,18,150,0,180,170,0,170,350
03/09/2022,SBP,CA,AWP,WE,Federal Contract Tower,13,15,25,1,54,0,4,128,12,144,13,19,153,13,198,210,0,210,408
03/10/2022,SBP,CA,AWP,WE,Federal Contract Tower,15,16,19,1,51,0,2,104,0,106,15,18,123,1,157,102,0,102,259
03/11/2022,SBP,CA,AWP,WE,Federal Contract Tower,18,14,19,1,52,0,4,141,4,149,18,18,160,5,201,138,0,138,339
03/12/2022,SBP,CA,AWP,WE,Federal Contract Tower,11,9,13,6,39,0,0,128,1,129,11,9,141,7,168,66,0,66,234
03/13/2022,SBP,CA,AWP,WE,Federal Contract Tower,15,7,22,3,47,0,0,113,0,113,15,7,135,3,160,46,0,46,206
03/14/2022,SBP,CA,AWP,WE,Federal Contract Tower,15,12,19,10,56,0,0,79,0,79,15,12,98,10,135,54,0,54,189
03/15/2022,SBP,CA,AWP,WE,Federal Contract Tower,12,19,19,3,53,0,1,81,0,82,12,20,100,3,135,88,0,88,223
03/16/2022,SBP,CA,AWP,WE,Federal Contract Tower,12,22,19,3,56,0,3,122,0,125,12,25,141,3,181,100,0,100,281
03/17/2022,SBP,CA,AWP,WE,Federal Contract Tower,15,16,17,5,53,0,4,134,2,140,15,20,151,7,193,98,0,98,291
03/18/2022,SBP,CA,AWP,WE,Federal Contract Tower,15,13,24,6,58,0,2,152,0,154,15,15,176,6,212,112,0,112,324
03/19/2022,SBP,CA,AWP,WE,Federal Contract Tower,11,9,34,2,56,0,0,3,2,5,11,9,37,4,61,2,0,2,63
03/20/2022,SBP,CA,AWP,WE,Federal Contract Tower,11,7,13,1,32,0,0,36,2,38,11,7,49,3,70,36,2,38,108
03/21/2022,SBP,CA,AWP,WE,Federal Contract Tower,15,10,13,3,41,0,0,72,0,72,15,10,85,3,113,112,0,112,225
03/22/2022,SBP,CA,AWP,WE,Federal Contract Tower,14,13,17,7,51,0,3,95,2,100,14,16,112,9,151,58,6,64,215
03/23/2022,SBP,CA,AWP,WE,Federal Contract Tower,14,19,17,0,50,0,2,124,1,127,14,21,141,1,177,144,0,144,321
03/24/2022,SBP,CA,AWP,WE,Federal Contract Tower,19,20,26,0,65,0,6,133,0,139,19,26,159,0,204,80,0,80,284
03/25/2022,SBP,CA,AWP,WE,Federal Contract Tower,15,17,17,1,50,0,0,93,0,93,15,17,110,1,143,94,0,94,237
03/26/2022,SBP,CA,AWP,WE,Federal Contract Tower,11,12,23,1,47,0,0,80,0,80,11,12,103,1,127,98,0,98,225
03/27/2022,SBP,CA,AWP,WE,Federal Contract Tower,14,11,44,1,70,0,2,31,0,33,14,13,75,1,103,52,0,52,155
03/28/2022,SBP,CA,AWP,WE,Federal Contract Tower,15,12,12,2,41,0,1,1,0,2,15,13,13,2,43,0,0,0,43
03/29/2022,SBP,CA,AWP,WE,Federal Contract Tower,13,18,30,2,63,0,0,89,0,89,13,18,119,2,152,152,0,152,304
03/30/2022,SBP,CA,AWP,WE,Federal Contract Tower,13,20,27,2,62,0,2,119,4,125,13,22,146,6,187,144,0,144,331
03/31/2022,SBP,CA,AWP,WE,Federal Contract Tower,14,18,26,2,60,0,3,102,2,107,14,21,128,4,167,164,0,164,331
04/01/2022,SBP,CA,AWP,WE,Federal Contract Tower,13,10,30,3,56,0,4,110,0,114,13,14,140,3,170,92,0,92,262
04/02/2022,SBP,CA,AWP,WE,Federal Contract Tower,10,12,42,2,66,0,0,36,0,36,10,12,78,2,102,34,0,34,136
04/03/2022,SBP,CA,AWP,WE,Federal Contract Tower,14,10,42,1,67,0,4,49,0,53,14,14,91,1,120,52,0,52,172
04/04/2022,SBP,CA,AWP,WE,Federal Contract Tower,15,10,9,2,36,0,0,68,0,68,15,10,77,2,104,102,0,102,206
04/05/2022,SBP,CA,AWP,WE,Federal Contract Tower,8,18,12,0,38,0,1,101,2,104,8,19,113,2,142,54,0,54,196
04/06/2022,SBP,CA,AWP,WE,Federal Contract Tower,11,15,16,0,42,0,4,81,0,85,11,19,97,0,127,52,0,52,179
04/07/2022,SBP,CA,AWP,WE,Federal Contract Tower,17,15,20,7,59,0,2,129,0,131,17,17,149,7,190,96,0,96,286
04/08/2022,SBP,CA,AWP,WE,Federal Contract Tower,15,19,18,1,53,0,3,165,0,168,15,22,183,1,221,98,0,98,319
04/09/2022,SBP,CA,AWP,WE,Federal Contract Tower,11,12,16,0,39,0,0,113,0,113,11,12,129,0,152,50,0,50,202
04/10/2022,SBP,CA,AWP,WE,Federal Contract Tower,14,11,10,0,35,0,5,123,0,128,14,16,133,0,163,86,0,86,249
04/11/2022,SBP,CA,AWP,WE,Federal Contract Tower,15,10,17,4,46,0,0,33,0,33,15,10,50,4,79,94,0,94,173
04/12/2022,SBP,CA,AWP,WE,Federal Contract Tower,9,12,5,3,29,0,3,70,0,73,9,15,75,3,102,40,0,40,142
04/13/2022,SBP,CA,AWP,WE,Federal Contract Tower,11,14,16,6,47,0,4,83,3,90,11,18,99,9,137,124,0,124,261
04/14/2022,SBP,CA,AWP,WE,Federal Contract Tower,15,16,18,4,53,0,4,76,1,81,15,20,94,5,134,100,0,100,234
04/15/2022,SBP,CA,AWP,WE,Federal Contract Tower,15,10,28,0,53,0,3,114,0,117,15,13,142,0,170,176,0,176,346
04/16/2022,SBP,CA,AWP,WE,Federal Contract Tower,10,9,32,5,56,0,0,18,0,18,10,9,50,5,74,32,0,32,106
04/17/2022,SBP,CA,AWP,WE,Federal Contract Tower,14,18,14,2,48,0,0,127,0,127,14,18,141,2,175,74,0,74,249
04/18/2022,SBP,CA,AWP,WE,Federal Contract Tower,15,14,28,1,58,0,0,97,0,97,15,14,125,1,155,152,0,152,307
04/19/2022,SBP,CA,AWP,WE,Federal Contract Tower,11,15,33,5,64,0,3,67,2,72,11,18,100,7,136,70,0,70,206
04/20/2022,SBP,CA,AWP,WE,Federal Contract Tower,10,21,24,2,57,0,5,130,5,140,10,26,154,7,197,160,0,160,357
04/21/2022,SBP,CA,AWP,WE,Federal Contract Tower,15,22,25,7,69,0,0,29,0,29,15,22,54,7,98,26,2,28,126
04/22/2022,SBP,CA,AWP,WE,Federal Contract Tower,14,24,15,7,60,0,1,55,0,56,14,25,70,7,116,44,0,44,160
04/23/2022,SBP,CA,AWP,WE,Federal Contract Tower,11,12,19,7,49,0,0,128,0,128,11,12,147,7,177,88,0,88,265
04/24/2022,SBP,CA,AWP,WE,Federal Contract Tower,15,13,9,2,39,0,0,157,0,157,15,13,166,2,196,104,0,104,300
04/25/2022,SBP,CA,AWP,WE,Federal Contract Tower,15,10,19,5,49,0,0,181,0,181,15,10,200,5,230,166,0,166,396
04/26/2022,SBP,CA,AWP,WE,Federal Contract Tower,10,18,12,0,40,0,3,64,0,67,10,21,76,0,107,84,0,84,191
04/27/2022,SBP,CA,AWP,WE,Federal Contract Tower,11,26,20,1,58,0,2,105,6,113,11,28,125,7,171,142,0,142,313
04/28/2022,SBP,CA,AWP,WE,Federal Contract Tower,15,19,14,2,50,0,5,99,0,104,15,24,113,2,154,68,2,70,224
04/29/2022,SBP,CA,AWP,WE,Federal Contract Tower,16,22,12,0,50,0,1,103,0,104,16,23,115,0,154,34,0,34,188
04/30/2022,SBP,CA,AWP,WE,Federal Contract Tower,11,11,15,0,37,0,1,121,0,122,11,12,136,0,159,146,0,146,305
05/01/2022,SBP,CA,AWP,WE,Federal Contract Tower,16,13,22,0,51,0,0,145,0,145,16,13,167,0,196,36,0,36,232
05/02/2022,SBP,CA,AWP,WE,Federal Contract Tower,15,12,15,1,43,0,1,55,2,58,15,13,70,3,101,8,0,8,109
05/03/2022,SBP,CA,AWP,WE,Federal Contract Tower,11,16,14,4,45,0,0,104,0,104,11,16,118,4,149,104,2,106,255
05/04/2022,SBP,CA,AWP,WE,Federal Contract Tower,11,16,19,2,48,0,2,107,0,109,11,18,126,2,157,184,0,184,341
05/05/2022,SBP,CA,AWP,WE,Federal Contract Tower,13,22,26,2,63,0,4,106,2,112,13,26,132,4,175,182,0,182,357
05/06/2022,SBP,CA,AWP,WE,Federal Contract Tower,17,17,18,2,54,0,0,94,0,94,17,17,112,2,148,74,0,74,222
05/07/2022,SBP,CA,AWP,WE,Federal Contract Tower,12,8,8,2,30,0,1,40,2,43,12,9,48,4,73,108,0,108,181
05/08/2022,SBP,CA,AWP,WE,Federal Contract Tower,18,8,18,1,45,0,0,59,0,59,18,8,77,1,104,20,0,20,124
05/09/2022,SBP,CA,AWP,WE,Federal Contract Tower,18,7,9,0,34,0,2,58,0,60,18,9,67,0,94,126,0,126,220
05/10/2022,SBP,CA,AWP,WE,Federal Contract Tower,13,12,15,0,40,0,0,76,0,76,13,12,91,0,116,126,0,126,242
05/11/2022,SBP,CA,AWP,WE,Federal Contract Tower,11,19,17,1,48,0,3,76,1,80,11,22,93,2,128,176,0,176,304
05/12/2022,SBP,CA,AWP,WE,Federal Contract Tower,18,14,14,0,46,0,3,121,0,124,18,17,135,0,170,90,20,110,280
05/13/2022,SBP,CA,AWP,WE,Federal Contract Tower,18,11,12,0,41,0,4,91,4,99,18,15,103,4,140,80,0,80,220
05/14/2022,SBP,CA,AWP,WE,Federal Contract Tower,12,6,12,0,30,0,1,146,2,149,12,7,158,2,179,150,0,150,329
05/15/2022,SBP,CA,AWP,WE,Federal Contract Tower,18,12,22,0,52,0,0,89,3,92,18,12,111,3,144,136,0,136,280
05/16/2022,SBP,CA,AWP,WE,Federal Contract Tower,17,9,13,5,44,0,0,82,0,82,17,9,95,5,126,108,0,108,234
05/17/2022,SBP,CA,AWP,WE,Federal Contract Tower,11,20,13,4,48,0,1,76,3,80,11,21,89,7,128,158,0,158,286
05/18/2022,SBP,CA,AWP,WE,Federal Contract Tower,12,18,17,2,49,0,2,105,8,115,12,20,122,10,164,118,0,118,282
05/19/2022,SBP,CA,AWP,WE,Federal Contract Tower,18,16,18,4,56,0,0,91,3,94,18,16,109,7,150,144,0,144,294
05/20/2022,SBP,CA,AWP,WE,Federal Contract Tower,18,21,18,5,62,0,1,110,1,112,18,22,128,6,174,158,0,158,332
05/21/2022,SBP,CA,AWP,WE,Federal Contract Tower,14,10,11,1,36,0,0,134,0,134,14,10,145,1,170,224,0,224,394
05/22/2022,SBP,CA,AWP,WE,Federal Contract Tower,18,7,23,1,49,0,0,109,0,109,18,7,132,1,158,130,0,130,288
05/23/2022,SBP,CA,AWP,WE,Federal Contract Tower,17,17,10,0,44,0,2,91,0,93,17,19,101,0,137,78,0,78,215
05/24/2022,SBP,CA,AWP,WE,Federal Contract Tower,15,14,10,2,41,0,0,103,4,107,15,14,113,6,148,166,0,166,314
05/25/2022,SBP,CA,AWP,WE,Federal Contract Tower,14,18,22,3,57,0,1,87,4,92,14,19,109,7,149,140,0,140,289
05/26/2022,SBP,CA,AWP,WE,Federal Contract Tower,18,18,40,0,76,0,1,43,1,45,18,19,83,1,121,86,0,86,207
05/27/2022,SBP,CA,AWP,WE,Federal Contract Tower,18,25,30,0,73,0,6,74,0,80,18,31,104,0,153,94,0,94,247
05/28/2022,SBP,CA,AWP,WE,Federal Contract Tower,13,13,20,0,46,0,1,90,0,91,13,14,110,0,137,148,0,148,285
05/29/2022,SBP,CA,AWP,WE,Federal Contract Tower,18,6,18,0,42,0,0,80,0,80,18,6,98,0,122,86,0,86,208
05/30/2022,SBP,CA,AWP,WE,Federal Contract Tower,38,12,30,0,80,0,0,96,0,96,38,12,126,0,176,152,0,152,328
05/31/2022,SBP,CA,AWP,WE,Federal Contract Tower,14,9,18,0,41,0,1,101,0,102,14,10,119,0,143,142,0,142,285
06/01/2022,SBP,CA,AWP,WE,Federal Contract Tower,14,14,9,0,37,0,1,88,0,89,14,15,97,0,126,158,0,158,284
06/02/2022,SBP,CA,AWP,WE,Federal Contract Tower,21,14,9,0,44,0,0,101,0,101,21,14,110,0,145,154,0,154,299
06/03/2022,SBP,CA,AWP,WE,Federal Contract Tower,17,15,22,1,55,0,0,93,0,93,17,15,115,1,148,126,0,126,274
06/04/2022,SBP,CA,AWP,WE,Federal Contract Tower,30,15,16,2,63,0,0,91,0,91,30,15,107,2,154,172,0,172,326
06/05/2022,SBP,CA,AWP,WE,Federal Contract Tower,16,10,28,1,55,0,0,78,1,79,16,10,106,2,134,66,0,66,200
06/06/2022,SBP,CA,AWP,WE,Federal Contract Tower,16,11,20,4,51,0,1,78,5,84,16,12,98,9,135,106,0,106,241
06/07/2022,SBP,CA,AWP,WE,Federal Contract Tower,17,22,20,4,63,0,5,89,1,95,17,27,109,5,158,154,0,154,312
06/08/2022,SBP,CA,AWP,WE,Federal Contract Tower,16,15,10,4,45,0,7,100,3,110,16,22,110,7,155,66,0,66,221
06/09/2022,SBP,CA,AWP,WE,Federal Contract Tower,17,17,25,3,62,0,3,105,0,108,17,20,130,3,170,168,0,168,338
06/10/2022,SBP,CA,AWP,WE,Federal Contract Tower,17,21,15,3,56,0,1,96,0,97,17,22,111,3,153,134,0,134,287
06/11/2022,SBP,CA,AWP,WE,Federal Contract Tower,19,13,11,1,44,0,1,154,0,155,19,14,165,1,199,178,0,178,377
06/12/2022,SBP,CA,AWP,WE,Federal Contract Tower,17,15,23,2,57,0,0,116,0,116,17,15,139,2,173,90,0,90,263
06/13/2022,SBP,CA,AWP,WE,Federal Contract Tower,19,15,18,0,52,0,1,72,3,76,19,16,90,3,128,48,0,48,176
06/14/2022,SBP,CA,AWP,WE,Federal Contract Tower,17,16,13,3,49,0,1,52,5,58,17,17,65,8,107,98,0,98,205
06/15/2022,SBP,CA,AWP,WE,Federal Contract Tower,14,17,22,2,55,0,4,115,7,126,14,21,137,9,181,26,0,26,207
06/16/2022,SBP,CA,AWP,WE,Federal Contract Tower,20,19,13,2,54,0,3,100,4,107,20,22,113,6,161,90,0,90,251
06/17/2022,SBP,CA,AWP,WE,Federal Contract Tower,18,12,33,1,64,0,5,102,0,107,18,17,135,1,171,34,0,34,205
06/18/2022,SBP,CA,AWP,WE,Federal Contract Tower,19,7,14,0,40,0,1,117,2,120,19,8,131,2,160,32,0,32,192
06/19/2022,SBP,CA,AWP,WE,Federal Contract Tower,19,9,13,0,41,0,7,126,0,133,19,16,139,0,174,34,0,34,208
06/20/2022,SBP,CA,AWP,WE,Federal Contract Tower,20,12,33,1,66,0,0,120,0,120,20,12,153,1,186,60,0,60,246
06/21/2022,SBP,CA,AWP,WE,Federal Contract Tower,21,16,9,2,48,0,1,98,2,101,21,17,107,4,149,160,0,160,309
06/22/2022,SBP,CA,AWP,WE,Federal Contract Tower,18,18,7,1,44,0,3,67,0,70,18,21,74,1,114,60,2,62,176
06/23/2022,SBP,CA,AWP,WE,Federal Contract Tower,19,17,13,5,54,0,1,82,4,87,19,18,95,9,141,86,2,88,229
06/24/2022,SBP,CA,AWP,WE,Federal Contract Tower,20,16,29,1,66,0,3,113,1,117,20,19,142,2,183,192,0,192,375
06/25/2022,SBP,CA,AWP,WE,Federal Contract Tower,21,13,18,0,52,0,0,120,2,122,21,13,138,2,174,86,0,86,260
06/26/2022,SBP,CA,AWP,WE,Federal Contract Tower,19,9,28,0,56,0,0,131,6,137,19,9,159,6,193,106,0,106,299
06/27/2022,SBP,CA,AWP,WE,Federal Contract Tower,19,11,11,2,43,0,0,80,2,82,19,11,91,4,125,86,0,86,211
06/28/2022,SBP,CA,AWP,WE,Federal Contract Tower,19,15,16,2,52,0,1,90,1,92,19,16,106,3,144,106,0,106,250
06/29/2022,SBP,CA,AWP,WE,Federal Contract Tower,19,20,11,1,51,0,4,100,1,105,19,24,111,2,156,200,0,200,356
06/30/2022,SBP,CA,AWP,WE,Federal Contract Tower,20,16,16,3,55,0,2,76,1,79,20,18,92,4,134,114,16,130,264
07/01/2022,SBP,CA,AWP,WE,Federal Contract Tower,18,17,17,2,54,0,0,96,0,96,18,17,113,2,150,198,0,198,348
07/02/2022,SBP,CA,AWP,WE,Federal Contract Tower,19,13,20,0,52,0,1,94,0,95,19,14,114,0,147,26,0,26,173
07/03/2022,SBP,CA,AWP,WE,Federal Contract Tower,19,6,13,0,38,0,3,93,0,96,19,9,106,0,134,114,0,114,248
07/04/2022,SBP,CA,AWP,WE,Federal Contract Tower,18,6,3,0,27,0,2,53,0,55,18,8,56,0,82,30,0,30,112
07/05/2022,SBP,CA,AWP,WE,Federal Contract Tower,19,14,19,1,53,0,0,97,2,99,19,14,116,3,152,50,0,50,202
07/06/2022,SBP,CA,AWP,WE,Federal Contract Tower,20,20,26,0,66,0,1,86,3,90,20,21,112,3,156,122,0,122,278
07/07/2022,SBP,CA,AWP,WE,Federal Contract Tower,19,19,18,5,61,0,0,89,6,95,19,19,107,11,156,106,0,106,262
07/08/2022,SBP,CA,AWP,WE,Federal Contract Tower,19,17,14,6,56,0,3,107,0,110,19,20,121,6,166,148,0,148,314
07/09/2022,SBP,CA,AWP,WE,Federal Contract Tower,18,12,6,0,36,0,0,125,0,125,18,12,131,0,161,138,0,138,299
07/10/2022,SBP,CA,AWP,WE,Federal Contract Tower,19,8,13,2,42,0,0,135,0,135,19,8,148,2,177,96,0,96,273
07/11/2022,SBP,CA,AWP,WE,Federal Contract Tower,19,9,19,2,49,0,0,72,1,73,19,9,91,3,122,72,0,72,194
07/12/2022,SBP,CA,AWP,WE,Federal Contract Tower,19,25,19,2,65,0,1,72,2,75,19,26,91,4,140,150,0,150,290
07/13/2022,SBP,CA,AWP,WE,Federal Contract Tower,19,25,18,1,63,0,1,84,1,86,19,26,102,2,149,144,0,144,293
07/14/2022,SBP,CA,AWP,WE,Federal Contract Tower,18,18,18,1,55,0,5,72,1,78,18,23,90,2,133,114,0,114,247
07/15/2022,SBP,CA,AWP,WE,Federal Contract Tower,20,17,10,1,48,0,0,100,3,103,20,17,110,4,151,94,2,96,247
07/16/2022,SBP,CA,AWP,WE,Federal Contract Tower,20,12,15,0,47,0,2,125,0,127,20,14,140,0,174,130,0,130,304
07/17/2022,SBP,CA,AWP,WE,Federal Contract Tower,19,11,14,0,44,0,0,97,0,97,19,11,111,0,141,40,0,40,181
07/18/2022,SBP,CA,AWP,WE,Federal Contract Tower,19,9,20,0,48,0,0,70,2,72,19,9,90,2,120,112,0,112,232
07/19/2022,SBP,CA,AWP,WE,Federal Contract Tower,19,16,15,2,52,0,2,98,1,101,19,18,113,3,153,116,0,116,269
07/20/2022,SBP,CA,AWP,WE,Federal Contract Tower,19,16,30,10,75,0,0,96,3,99,19,16,126,13,174,96,0,96,270
07/21/2022,SBP,CA,AWP,WE,Federal Contract Tower,19,21,31,4,75,0,2,104,8,114,19,23,135,12,189,122,0,122,311
07/22/2022,SBP,CA,AWP,WE,Federal Contract Tower,21,21,26,0,68,0,5,138,2,145,21,26,164,2,213,30,0,30,243
07/23/2022,SBP,CA,AWP,WE,Federal Contract Tower,19,13,13,2,47,0,0,118,0,118,19,13,131,2,165,24,0,24,189
07/24/2022,SBP,CA,AWP,WE,Federal Contract Tower,16,12,35,0,63,0,1,79,0,80,16,13,114,0,143,34,0,34,177
07/25/2022,SBP,CA,AWP,WE,Federal Contract Tower,20,16,17,2,55,0,2,79,1,82,20,18,96,3,137,0,108,108,245
07/26/2022,SBP,CA,AWP,WE,Federal Contract Tower,19,16,16,3,54,0,1,79,3,83,19,17,95,6,137,132,0,132,269
07/27/2022,SBP,CA,AWP,WE,Federal Contract Tower,19,19,11,3,52,0,1,87,3,91,19,20,98,6,143,88,0,88,231
07/28/2022,SBP,CA,AWP,WE,Federal Contract Tower,17,25,20,3,65,0,0,100,5,105,17,25,120,8,170,150,0,150,320
07/29/2022,SBP,CA,AWP,WE,Federal Contract Tower,18,21,28,4,71,0,0,89,1,90,18,21,117,5,161,98,0,98,259
07/30/2022,SBP,CA,AWP,WE,Federal Contract Tower,18,12,23,0,53,0,1,84,1,86,18,13,107,1,139,70,0,70,209
07/31/2022,SBP,CA,AWP,WE,Federal Contract Tower,18,10,17,0,45,0,0,81,0,81,18,10,98,0,126,60,0,60,186
08/01/2022,SBP,CA,AWP,WE,Federal Contract Tower,18,8,20,5,51,0,1,81,3,85,18,9,101,8,136,46,0,46,182
08/02/2022,SBP,CA,AWP,WE,Federal Contract Tower,16,17,13,2,48,0,0,70,3,73,16,17,83,5,121,152,0,152,273
08/03/2022,SBP,CA,AWP,WE,Federal Contract Tower,16,23,18,2,59,0,4,110,4,118,16,27,128,6,177,103,0,103,280
08/04/2022,SBP,CA,AWP,WE,Federal Contract Tower,19,17,15,1,52,0,4,129,2,135,19,21,144,3,187,150,2,152,339
08/05/2022,SBP,CA,AWP,WE,Federal Contract Tower,18,20,21,0,59,0,0,107,3,110,18,20,128,3,169,146,0,146,315
08/06/2022,SBP,CA,AWP,WE,Federal Contract Tower,17,11,19,1,48,0,1,114,0,115,17,12,133,1,163,32,0,32,195
08/07/2022,SBP,CA,AWP,WE,Federal Contract Tower,17,13,17,1,48,0,1,103,0,104,17,14,120,1,152,56,0,56,208
08/08/2022,SBP,CA,AWP,WE,Federal Contract Tower,17,12,17,1,47,0,2,88,3,93,17,14,105,4,140,154,10,164,304
08/09/2022,SBP,CA,AWP,WE,Federal Contract Tower,16,24,36,2,78,0,0,99,1,100,16,24,135,3,178,120,0,120,298
08/10/2022,SBP,CA,AWP,WE,Federal Contract Tower,16,21,21,0,58,0,4,95,0,99,16,25,116,0,157,154,0,154,311
08/11/2022,SBP,CA,AWP,WE,Federal Contract Tower,18,22,18,2,60,0,0,97,1,98,18,22,115,3,158,150,0,150,308
08/12/2022,SBP,CA,AWP,WE,Federal Contract Tower,18,18,20,1,57,0,4,122,12,138,18,22,142,13,195,20,0,20,215
08/13/2022,SBP,CA,AWP,WE,Federal Contract Tower,18,10,9,2,39,0,1,106,4,111,18,11,115,6,150,102,0,102,252
08/14/2022,SBP,CA,AWP,WE,Federal Contract Tower,18,7,19,5,49,0,0,122,4,126,18,7,141,9,175,44,0,44,219
08/15/2022,SBP,CA,AWP,WE,Federal Contract Tower,19,16,25,4,64,0,1,105,2,108,19,17,130,6,172,86,0,86,258
08/16/2022,SBP,CA,AWP,WE,Federal Contract Tower,9,23,12,2,46,0,0,100,0,100,9,23,112,2,146,62,2,64,210
08/17/2022,SBP,CA,AWP,WE,Federal Contract Tower,8,18,22,4,52,0,4,143,2,149,8,22,165,6,201,128,0,128,329
08/18/2022,SBP,CA,AWP,WE,Federal Contract Tower,14,28,24,4,70,0,0,122,5,127,14,28,146,9,197,114,0,114,311
08/19/2022,SBP,CA,AWP,WE,Federal Contract Tower,16,22,25,0,63,0,1,112,0,113,16,23,137,0,176,94,0,94,270
08/20/2022,SBP,CA,AWP,WE,Federal Contract Tower,14,16,23,0,53,0,0,110,0,110,14,16,133,0,163,68,0,68,231
08/21/2022,SBP,CA,AWP,WE,Federal Contract Tower,16,20,35,1,72,0,0,73,0,73,16,20,108,1,145,56,0,56,201
08/22/2022,SBP,CA,AWP,WE,Federal Contract Tower,16,12,13,0,41,0,4,73,2,79,16,16,86,2,120,54,0,54,174
08/23/2022,SBP,CA,AWP,WE,Federal Contract Tower,10,18,7,2,37,0,2,79,2,83,10,20,86,4,120,54,0,54,174
08/24/2022,SBP,CA,AWP,WE,Federal Contract Tower,12,21,23,3,59,0,0,109,2,111,12,21,132,5,170,126,0,126,296
08/25/2022,SBP,CA,AWP,WE,Federal Contract Tower,14,22,13,4,53,0,2,106,1,109,14,24,119,5,162,94,0,94,256
08/26/2022,SBP,CA,AWP,WE,Federal Contract Tower,16,22,26,2,66,0,1,106,6,113,16,23,132,8,179,30,0,30,209
08/27/2022,SBP,CA,AWP,WE,Federal Contract Tower,14,12,20,0,46,0,0,153,0,153,14,12,173,0,199,52,0,52,251
08/28/2022,SBP,CA,AWP,WE,Federal Contract Tower,16,14,45,0,75,0,1,111,0,112,16,15,156,0,187,54,0,54,241
08/29/2022,SBP,CA,AWP,WE,Federal Contract Tower,17,13,19,0,49,0,2,81,0,83,17,15,100,0,132,48,0,48,180
08/30/2022,SBP,CA,AWP,WE,Federal Contract Tower,10,22,4,2,38,0,6,107,0,113,10,28,111,2,151,62,0,62,213
08/31/2022,SBP,CA,AWP,WE,Federal Contract Tower,10,16,13,2,41,0,3,116,0,119,10,19,129,2,160,104,10,114,274
09/01/2022,SBP,CA,AWP,WE,Federal Contract Tower,14,18,12,3,47,2,5,104,8,119,16,23,116,11,166,82,4,86,252
09/02/2022,SBP,CA,AWP,WE,Federal Contract Tower,16,17,22,2,57,0,10,116,0,126,16,27,138,2,183,36,0,36,219
09/03/2022,SBP,CA,AWP,WE,Federal Contract Tower,14,9,16,0,39,0,0,107,0,107,14,9,123,0,146,46,0,46,192
09/04/2022,SBP,CA,AWP,WE,Federal Contract Tower,15,6,11,0,32,0,0,78,2,80,15,6,89,2,112,16,0,16,128
09/05/2022,SBP,CA,AWP,WE,Federal Contract Tower,16,15,15,0,46,0,5,92,0,97,16,20,107,0,143,16,0,16,159
09/06/2022,SBP,CA,AWP,WE,Federal Contract Tower,10,22,16,3,51,0,3,92,1,96,10,25,108,4,147,40,2,42,189
09/07/2022,SBP,CA,AWP,WE,Federal Contract Tower,16,19,11,0,46,0,6,87,1,94,16,25,98,1,140,68,2,70,210
09/08/2022,SBP,CA,AWP,WE,Federal Contract Tower,14,21,16,6,57,0,4,73,2,79,14,25,89,8,136,18,0,18,154
09/09/2022,SBP,CA,AWP,WE,Federal Contract Tower,19,24,15,0,58,0,1,116,0,117,19,25,131,0,175,46,0,46,221
09/10/2022,SBP,CA,AWP,WE,Federal Contract Tower,16,16,15,0,47,0,9,49,0,58,16,25,64,0,105,98,0,98,203
09/11/2022,SBP,CA,AWP,WE,Federal Contract Tower,17,16,27,2,62,0,3,66,0,69,17,19,93,2,131,24,0,24,155
09/12/2022,SBP,CA,AWP,WE,Federal Contract Tower,18,17,23,1,59,0,1,90,0,91,18,18,113,1,150,44,0,44,194
09/13/2022,SBP,CA,AWP,WE,Federal Contract Tower,16,20,30,3,69,0,5,78,0,83,16,25,108,3,152,6,0,6,158
09/14/2022,SBP,CA,AWP,WE,Federal Contract Tower,15,21,14,0,50,0,1,80,0,81,15,22,94,0,131,84,0,84,215
09/15/2022,SBP,CA,AWP,WE,Federal Contract Tower,16,21,17,0,54,0,1,100,2,103,16,22,117,2,157,88,0,88,245
09/16/2022,SBP,CA,AWP,WE,Federal Contract Tower,20,20,18,2,60,0,4,126,4,134,20,24,144,6,194,2,0,2,196
09/17/2022,SBP,CA,AWP,WE,Federal Contract Tower,17,12,26,2,57,0,4,62,2,68,17,16,88,4,125,28,0,28,153
09/18/2022,SBP,CA,AWP,WE,Federal Contract Tower,16,13,19,0,48,0,0,39,0,39,16,13,58,0,87,12,0,12,99
09/19/2022,SBP,CA,AWP,WE,Federal Contract Tower,19,18,22,2,61,0,0,0,0,0,19,18,22,2,61,0,0,0,61
09/20/2022,SBP,CA,AWP,WE,Federal Contract Tower,17,23,20,0,60,0,0,71,1,72,17,23,91,1,132,10,0,10,142
09/21/2022,SBP,CA,AWP,WE,Federal Contract Tower,16,16,16,0,48,0,4,103,6,113,16,20,119,6,161,28,0,28,189
09/22/2022,SBP,CA,AWP,WE,Federal Contract Tower,17,19,21,0,57,0,3,77,1,81,17,22,98,1,138,34,0,34,172
09/23/2022,SBP,CA,AWP,WE,Federal Contract Tower,20,16,16,5,57,0,2,140,0,142,20,18,156,5,199,82,0,82,281
09/24/2022,SBP,CA,AWP,WE,Federal Contract Tower,17,18,14,0,49,0,0,128,0,128,17,18,142,0,177,26,0,26,203
09/25/2022,SBP,CA,AWP,WE,Federal Contract Tower,13,16,21,4,54,0,2,125,1,128,13,18,146,5,182,66,0,66,248
09/26/2022,SBP,CA,AWP,WE,Federal Contract Tower,20,19,20,2,61,0,0,72,0,72,20,19,92,2,133,66,0,66,199
09/27/2022,SBP,CA,AWP,WE,Federal Contract Tower,18,19,20,6,63,0,1,86,0,87,18,20,106,6,150,64,0,64,214
09/28/2022,SBP,CA,AWP,WE,Federal Contract Tower,16,18,20,1,55,0,4,117,0,121,16,22,137,1,176,158,0,158,334
09/29/2022,SBP,CA,AWP,WE,Federal Contract Tower,17,21,18,2,58,0,4,102,2,108,17,25,120,4,166,198,2,200,366
09/30/2022,SBP,CA,AWP,WE,Federal Contract Tower,18,29,31,2,80,0,0,92,4,96,18,29,123,6,176,70,0,70,246
10/01/2022,SBP,CA,AWP,WE,Federal Contract Tower,15,28,43,0,86,0,0,14,8,22,15,28,57,8,108,78,0,78,186
10/02/2022,SBP,CA,AWP,WE,Federal Contract Tower,16,23,27,0,66,0,0,84,2,86,16,23,111,2,152,54,0,54,206
10/03/2022,SBP,CA,AWP,WE,Federal Contract Tower,18,16,18,0,52,0,0,86,0,86,18,16,104,0,138,144,0,144,282
10/05/2022,SBP,CA,AWP,WE,Federal Contract Tower,15,21,14,0,50,0,2,90,2,94,15,23,104,2,144,132,0,132,276
10/06/2022,SBP,CA,AWP,WE,Federal Contract Tower,16,21,25,2,64,0,0,110,3,113,16,21,135,5,177,74,0,74,251
10/07/2022,SBP,CA,AWP,WE,Federal Contract Tower,18,23,21,0,62,0,2,134,0,136,18,25,155,0,198,148,0,148,346
10/08/2022,SBP,CA,AWP,WE,Federal Contract Tower,12,13,30,1,56,0,1,100,0,101,12,14,130,1,157,86,0,86,243
10/09/2022,SBP,CA,AWP,WE,Federal Contract Tower,14,13,37,7,71,0,3,98,0,101,14,16,135,7,172,56,0,56,228
10/10/2022,SBP,CA,AWP,WE,Federal Contract Tower,15,16,29,5,65,0,1,86,0,87,15,17,115,5,152,200,0,200,352
10/11/2022,SBP,CA,AWP,WE,Federal Contract Tower,12,19,28,9,68,0,0,41,7,48,12,19,69,16,116,16,0,16,132
10/12/2022,SBP,CA,AWP,WE,Federal Contract Tower,11,22,27,3,63,0,0,74,0,74,11,22,101,3,137,110,0,110,247
10/13/2022,SBP,CA,AWP,WE,Federal Contract Tower,18,22,18,3,61,0,2,95,0,97,18,24,113,3,158,126,0,126,284
10/14/2022,SBP,CA,AWP,WE,Federal Contract Tower,18,23,39,2,82,0,0,58,0,58,18,23,97,2,140,42,0,42,182
10/15/2022,SBP,CA,AWP,WE,Federal Contract Tower,11,20,33,2,66,0,0,27,0,27,11,20,60,2,93,144,0,144,237
10/16/2022,SBP,CA,AWP,WE,Federal Contract Tower,15,11,33,0,59,0,2,66,0,68,15,13,99,0,127,54,0,54,181
10/17/2022,SBP,CA,AWP,WE,Federal Contract Tower,15,12,17,2,46,0,2,102,0,104,15,14,119,2,150,120,0,120,270
10/18/2022,SBP,CA,AWP,WE,Federal Contract Tower,11,23,19,2,55,0,6,91,0,97,11,29,110,2,152,70,0,70,222
10/19/2022,SBP,CA,AWP,WE,Federal Contract Tower,11,20,13,3,47,0,1,92,12,105,11,21,105,15,152,50,0,50,202
10/20/2022,SBP,CA,AWP,WE,Federal Contract Tower,15,22,25,1,63,0,2,118,2,122,15,24,143,3,185,80,0,80,265
10/21/2022,SBP,CA,AWP,WE,Federal Contract Tower,17,17,30,0,64,0,0,97,0,97,17,17,127,0,161,50,0,50,211
10/22/2022,SBP,CA,AWP,WE,Federal Contract Tower,11,15,52,0,78,0,0,44,0,44,11,15,96,0,122,198,0,198,320
10/23/2022,SBP,CA,AWP,WE,Federal Contract Tower,15,11,32,0,58,0,0,107,0,107,15,11,139,0,165,10,0,10,175
10/24/2022,SBP,CA,AWP,WE,Federal Contract Tower,15,13,21,0,49,0,0,91,2,93,15,13,112,2,142,58,0,58,200
10/25/2022,SBP,CA,AWP,WE,Federal Contract Tower,11,20,24,0,55,0,5,104,0,109,11,25,128,0,164,100,0,100,264
10/26/2022,SBP,CA,AWP,WE,Federal Contract Tower,11,17,21,3,52,0,6,93,9,108,11,23,114,12,160,90,0,90,250
10/27/2022,SBP,CA,AWP,WE,Federal Contract Tower,15,18,14,0,47,0,2,123,0,125,15,20,137,0,172,174,0,174,346
10/28/2022,SBP,CA,AWP,WE,Federal Contract Tower,15,26,18,1,60,0,0,107,1,108,15,26,125,2,168,182,0,182,350
10/29/2022,SBP,CA,AWP,WE,Federal Contract Tower,10,11,12,1,34,0,2,93,2,97,10,13,105,3,131,70,0,70,201
10/30/2022,SBP,CA,AWP,WE,Federal Contract Tower,18,2,26,1,47,0,1,109,3,113,18,3,135,4,160,96,0,96,256
10/31/2022,SBP,CA,AWP,WE,Federal Contract Tower,17,5,17,0,39,0,1,81,0,82,17,6,98,0,121,136,0,136,257
11/01/2022,SBP,CA,AWP,WE,Federal Contract Tower,43,15,25,3,86,0,2,38,0,40,43,17,63,3,126,158,0,158,284
11/02/2022,SBP,CA,AWP,WE,Federal Contract Tower,13,15,13,2,43,0,2,86,5,93,13,17,99,7,136,254,0,254,390
11/03/2022,SBP,CA,AWP,WE,Federal Contract Tower,15,18,19,7,59,1,9,110,0,120,16,27,129,7,179,102,0,102,281
11/04/2022,SBP,CA,AWP,WE,Federal Contract Tower,17,20,26,1,64,0,6,163,0,169,17,26,189,1,233,46,0,46,279
11/05/2022,SBP,CA,AWP,WE,Federal Contract Tower,13,13,28,2,56,0,0,126,0,126,13,13,154,2,182,14,0,14,196
11/06/2022,SBP,CA,AWP,WE,Federal Contract Tower,15,11,27,1,54,0,0,54,0,54,15,11,81,1,108,0,0,0,108
11/07/2022,SBP,CA,AWP,WE,Federal Contract Tower,17,10,23,3,53,0,0,8,0,8,17,10,31,3,61,0,0,0,61
11/08/2022,SBP,CA,AWP,WE,Federal Contract Tower,13,13,12,3,41,0,0,3,0,3,13,13,15,3,44,20,0,20,64
11/09/2022,SBP,CA,AWP,WE,Federal Contract Tower,12,18,12,4,46,0,3,103,2,108,12,21,115,6,154,180,0,180,334
11/10/2022,SBP,CA,AWP,WE,Federal Contract Tower,20,18,14,1,53,0,2,110,2,114,20,20,124,3,167,44,0,44,211
11/11/2022,SBP,CA,AWP,WE,Federal Contract Tower,16,11,21,1,49,0,4,140,0,144,16,15,161,1,193,92,0,92,285
11/12/2022,SBP,CA,AWP,WE,Federal Contract Tower,11,5,13,0,29,0,0,54,0,54,11,5,67,0,83,94,0,94,177
11/13/2022,SBP,CA,AWP,WE,Federal Contract Tower,19,8,16,0,43,0,2,98,0,100,19,10,114,0,143,34,0,34,177
11/14/2022,SBP,CA,AWP,WE,Federal Contract Tower,20,8,12,0,40,0,0,90,0,90,20,8,102,0,130,98,0,98,228
11/15/2022,SBP,CA,AWP,WE,Federal Contract Tower,9,7,14,0,30,0,3,37,0,40,9,10,51,0,70,0,0,0,70
11/16/2022,SBP,CA,AWP,WE,Federal Contract Tower,14,14,9,2,39,0,3,86,4,93,14,17,95,6,132,28,0,28,160
11/17/2022,SBP,CA,AWP,WE,Federal Contract Tower,17,13,16,2,48,0,2,134,0,136,17,15,150,2,184,12,0,12,196
11/18/2022,SBP,CA,AWP,WE,Federal Contract Tower,10,8,16,1,35,0,2,70,0,72,10,10,86,1,107,0,0,0,107
11/19/2022,SBP,CA,AWP,WE,Federal Contract Tower,17,9,18,0,44,0,0,106,0,106,17,9,124,0,150,2,0,2,152
11/20/2022,SBP,CA,AWP,WE,Federal Contract Tower,18,6,20,0,44,0,2,107,0,109,18,8,127,0,153,42,0,42,195
11/21/2022,SBP,CA,AWP,WE,Federal Contract Tower,16,8,25,1,50,0,6,83,0,89,16,14,108,1,139,30,0,30,169
11/22/2022,SBP,CA,AWP,WE,Federal Contract Tower,18,16,20,3,57,0,5,113,0,118,18,21,133,3,175,0,0,0,175
11/23/2022,SBP,CA,AWP,WE,Federal Contract Tower,17,12,16,0,45,0,0,124,0,124,17,12,140,0,169,4,0,4,173
11/24/2022,SBP,CA,AWP,WE,Federal Contract Tower,15,3,4,0,22,0,2,40,0,42,15,5,44,0,64,0,0,0,64
11/25/2022,SBP,CA,AWP,WE,Federal Contract Tower,17,10,13,0,40,0,0,120,0,120,17,10,133,0,160,4,0,4,164
11/26/2022,SBP,CA,AWP,WE,Federal Contract Tower,19,12,15,0,46,0,1,134,0,135,19,13,149,0,181,18,0,18,199
11/27/2022,SBP,CA,AWP,WE,Federal Contract Tower,17,8,29,0,54,0,0,101,0,101,17,8,130,0,155,54,0,54,209
11/28/2022,SBP,CA,AWP,WE,Federal Contract Tower,18,5,17,0,40,0,0,42,0,42,18,5,59,0,82,22,0,22,104
11/29/2022,SBP,CA,AWP,WE,Federal Contract Tower,15,21,5,0,41,0,0,86,0,86,15,21,91,0,127,182,0,182,309
11/30/2022,SBP,CA,AWP,WE,Federal Contract Tower,13,19,23,0,55,0,1,58,4,63,13,20,81,4,118,92,0,92,210
12/01/2022,SBP,CA,AWP,WE,Federal Contract Tower,18,20,22,1,61,0,1,3,0,4,18,21,25,1,65,0,0,0,65
12/02/2022,SBP,CA,AWP,WE,Federal Contract Tower,15,16,37,1,69,0,0,16,0,16,15,16,53,1,85,46,0,46,131
12/03/2022,SBP,CA,AWP,WE,Federal Contract Tower,11,7,18,0,36,0,0,0,0,0,11,7,18,0,36,0,0,0,36
12/04/2022,SBP,CA,AWP,WE,Federal Contract Tower,15,9,23,2,49,0,2,89,0,91,15,11,112,2,140,56,0,56,196
12/05/2022,SBP,CA,AWP,WE,Federal Contract Tower,17,9,22,5,53,0,0,59,0,59,17,9,81,5,112,8,0,8,120
12/06/2022,SBP,CA,AWP,WE,Federal Contract Tower,12,17,13,4,46,0,0,32,0,32,12,17,45,4,78,66,0,66,144
12/07/2022,SBP,CA,AWP,WE,Federal Contract Tower,13,16,13,3,45,0,3,113,0,116,13,19,126,3,161,76,0,76,237
12/08/2022,SBP,CA,AWP,WE,Federal Contract Tower,14,20,21,1,56,0,0,102,0,102,14,20,123,1,158,93,14,107,265
12/09/2022,SBP,CA,AWP,WE,Federal Contract Tower,15,23,17,1,56,0,0,68,0,68,15,23,85,1,124,36,0,36,160
12/10/2022,SBP,CA,AWP,WE,Federal Contract Tower,12,11,14,2,39,0,0,0,0,0,12,11,14,2,39,0,0,0,39
12/11/2022,SBP,CA,AWP,WE,Federal Contract Tower,17,7,14,3,41,0,0,18,0,18,17,7,32,3,59,8,0,8,67
12/12/2022,SBP,CA,AWP,WE,Federal Contract Tower,15,16,11,1,43,0,0,30,0,30,15,16,41,1,73,50,0,50,123
12/13/2022,SBP,CA,AWP,WE,Federal Contract Tower,11,23,27,3,64,0,1,115,5,121,11,24,142,8,185,80,0,80,265
12/14/2022,SBP,CA,AWP,WE,Federal Contract Tower,13,19,10,0,42,0,1,87,4,92,13,20,97,4,134,154,0,154,288
12/15/2022,SBP,CA,AWP,WE,Federal Contract Tower,18,22,22,3,65,0,2,96,0,98,18,24,118,3,163,126,10,136,299
12/16/2022,SBP,CA,AWP,WE,Federal Contract Tower,19,11,19,0,49,0,1,117,0,118,19,12,136,0,167,32,0,32,199
12/17/2022,SBP,CA,AWP,WE,Federal Contract Tower,18,8,17,0,43,0,0,99,0,99,18,8,116,0,142,156,0,156,298
12/18/2022,SBP,CA,AWP,WE,Federal Contract Tower,15,6,28,0,49,0,0,120,7,127,15,6,148,7,176,76,0,76,252
12/19/2022,SBP,CA,AWP,WE,Federal Contract Tower,21,10,21,0,52,0,1,116,0,117,21,11,137,0,169,36,0,36,205
12/20/2022,SBP,CA,AWP,WE,Federal Contract Tower,18,15,27,1,61,0,1,102,0,103,18,16,129,1,164,85,0,85,249
12/21/2022,SBP,CA,AWP,WE,Federal Contract Tower,20,15,15,0,50,0,4,96,0,100,20,19,111,0,150,76,0,76,226
12/22/2022,SBP,CA,AWP,WE,Federal Contract Tower,21,11,16,0,48,0,0,99,0,99,21,11,115,0,147,88,0,88,235
12/23/2022,SBP,CA,AWP,WE,Federal Contract Tower,14,13,38,0,65,0,0,83,0,83,14,13,121,0,148,18,0,18,166
12/24/2022,SBP,CA,AWP,WE,Federal Contract Tower,19,9,18,0,46,0,0,70,0,70,19,9,88,0,116,8,0,8,124
12/25/2022,SBP,CA,AWP,WE,Federal Contract Tower,19,4,7,0,30,0,0,47,0,47,19,4,54,0,77,0,0,0,77
12/26/2022,SBP,CA,AWP,WE,Federal Contract Tower,19,11,16,0,46,0,0,101,0,101,19,11,117,0,147,18,0,18,165
12/27/2022,SBP,CA,AWP,WE,Federal Contract Tower,21,10,21,0,52,0,0,0,0,0,21,10,21,0,52,0,0,0,52
12/28/2022,SBP,CA,AWP,WE,Federal Contract Tower,20,17,9,2,48,0,1,105,0,106,20,18,114,2,154,82,0,82,236
12/29/2022,SBP,CA,AWP,WE,Federal Contract Tower,21,14,9,0,44,0,2,7,0,9,21,16,16,0,53,6,0,6,59
12/30/2022,SBP,CA,AWP,WE,Federal Contract Tower,21,11,24,0,56,0,0,0,0,0,21,11,24,0,56,0,0,0,56
12/31/2022,SBP,CA,AWP,WE,Federal Contract Tower,20,4,10,0,34,0,0,0,0,0,20,4,10,0,34,0,0,0,34
01/01/2023,SBP,CA,AWP,WE,Federal Contract Tower,18,10,9,0,37,0,0,33,0,33,18,10,42,0,70,36,0,36,106
01/02/2023,SBP,CA,AWP,WE,Federal Contract Tower,19,3,19,0,41,0,0,36,0,36,19,3,55,0,77,54,0,54,131
01/03/2023,SBP,CA,AWP,WE,Federal Contract Tower,19,8,15,2,44,0,0,44,0,44,19,8,59,2,88,168,0,168,256
01/04/2023,SBP,CA,AWP,WE,Federal Contract Tower,20,8,13,0,41,0,0,1,0,1,20,8,14,0,42,10,0,10,52
01/05/2023,SBP,CA,AWP,WE,Federal Contract Tower,19,5,8,1,33,0,0,0,0,0,19,5,8,1,33,66,0,66,99
01/06/2023,SBP,CA,AWP,WE,Federal Contract Tower,21,12,16,2,51,0,2,144,0,146,21,14,160,2,197,10,0,10,207
01/07/2023,SBP,CA,AWP,WE,Federal Contract Tower,21,3,15,4,43,0,0,86,1,87,21,3,101,5,130,104,0,104,234
01/08/2023,SBP,CA,AWP,WE,Federal Contract Tower,20,5,22,4,51,0,0,3,1,4,20,5,25,5,55,4,0,4,59
01/09/2023,SBP,CA,AWP,WE,Federal Contract Tower,17,2,12,4,35,0,0,0,1,1,17,2,12,5,36,0,0,0,36
01/10/2023,SBP,CA,AWP,WE,Federal Contract Tower,16,14,2,6,38,0,1,13,2,16,16,15,15,8,54,92,0,92,146
01/11/2023,SBP,CA,AWP,WE,Federal Contract Tower,16,11,17,6,50,0,1,32,0,33,16,12,49,6,83,160,0,160,243
01/12/2023,SBP,CA,AWP,WE,Federal Contract Tower,16,11,36,0,63,0,3,104,3,110,16,14,140,3,173,212,0,212,385
01/13/2023,SBP,CA,AWP,WE,Federal Contract Tower,19,14,15,0,48,0,2,9,0,11,19,16,24,0,59,8,0,8,67
01/14/2023,SBP,CA,AWP,WE,Federal Contract Tower,17,3,13,1,34,0,0,0,0,0,17,3,13,1,34,0,0,0,34
01/15/2023,SBP,CA,AWP,WE,Federal Contract Tower,18,0,4,0,22,0,0,11,3,14,18,0,15,3,36,60,0,60,96
01/16/2023,SBP,CA,AWP,WE,Federal Contract Tower,19,8,15,0,42,0,0,13,0,13,19,8,28,0,55,102,0,102,157
01/17/2023,SBP,CA,AWP,WE,Federal Contract Tower,16,14,23,7,60,0,0,119,0,119,16,14,142,7,179,90,0,90,269
01/18/2023,SBP,CA,AWP,WE,Federal Contract Tower,16,13,18,3,50,0,3,122,5,130,16,16,140,8,180,144,0,144,324
01/19/2023,SBP,CA,AWP,WE,Federal Contract Tower,17,17,24,0,58,0,3,55,1,59,17,20,79,1,117,80,2,82,199
01/20/2023,SBP,CA,AWP,WE,Federal Contract Tower,20,11,16,0,47,0,2,188,2,192,20,13,204,2,239,94,0,94,333
01/21/2023,SBP,CA,AWP,WE,Federal Contract Tower,17,2,17,0,36,0,3,131,0,134,17,5,148,0,170,139,0,139,309
01/22/2023,SBP,CA,AWP,WE,Federal Contract Tower,18,4,19,1,42,0,2,74,0,76,18,6,93,1,118,34,0,34,152
01/23/2023,SBP,CA,AWP,WE,Federal Contract Tower,19,5,14,1,39,0,0,81,0,81,19,5,95,1,120,118,32,150,270
01/24/2023,SBP,CA,AWP,WE,Federal Contract Tower,15,7,19,1,42,0,4,141,3,148,15,11,160,4,190,114,0,114,304
01/25/2023,SBP,CA,AWP,WE,Federal Contract Tower,16,7,10,0,33,0,6,108,0,114,16,13,118,0,147,106,0,106,253
01/26/2023,SBP,CA,AWP,WE,Federal Contract Tower,19,7,12,1,39,0,3,104,1,108,19,10,116,2,147,60,0,60,207
01/27/2023,SBP,CA,AWP,WE,Federal Contract Tower,20,7,28,2,57,0,2,121,0,123,20,9,149,2,180,136,0,136,316
01/28/2023,SBP,CA,AWP,WE,Federal Contract Tower,19,8,26,0,53,0,1,155,0,156,19,9,181,0,209,112,0,112,321
01/29/2023,SBP,CA,AWP,WE,Federal Contract Tower,13,2,21,0,36,0,0,3,0,3,13,2,24,0,39,0,0,0,39
01/30/2023,SBP,CA,AWP,WE,Federal Contract Tower,17,9,11,3,40,0,0,67,0,67,17,9,78,3,107,72,0,72,179
01/31/2023,SBP,CA,AWP,WE,Federal Contract Tower,13,9,17,7,46,0,7,109,4,120,13,16,126,11,166,52,6,58,224
02/01/2023,SBP,CA,AWP,WE,Federal Contract Tower,13,13,17,4,47,0,5,120,1,126,13,18,137,5,173,51,0,51,224
02/02/2023,SBP,CA,AWP,WE,Federal Contract Tower,18,15,28,0,61,0,6,121,0,127,18,21,149,0,188,86,0,86,274
02/03/2023,SBP,CA,AWP,WE,Federal Contract Tower,21,9,22,1,53,0,4,147,0,151,21,13,169,1,204,132,0,132,336
02/04/2023,SBP,CA,AWP,WE,Federal Contract Tower,17,18,11,1,47,0,0,147,0,147,17,18,158,1,194,72,0,72,266
02/05/2023,SBP,CA,AWP,WE,Federal Contract Tower,21,3,25,0,49,0,0,63,0,63,21,3,88,0,112,8,0,8,120
02/06/2023,SBP,CA,AWP,WE,Federal Contract Tower,20,7,15,1,43,0,0,83,0,83,20,7,98,1,126,50,2,52,178
02/07/2023,SBP,CA,AWP,WE,Federal Contract Tower,17,7,18,0,42,0,0,128,6,134,17,7,146,6,176,148,2,150,326
02/08/2023,SBP,CA,AWP,WE,Federal Contract Tower,16,12,27,2,57,0,3,138,2,143,16,15,165,4,200,26,0,26,226
02/09/2023,SBP,CA,AWP,WE,Federal Contract Tower,18,5,25,4,52,0,5,142,0,147,18,10,167,4,199,44,0,44,243
02/10/2023,SBP,CA,AWP,WE,Federal Contract Tower,21,4,36,1,62,0,4,135,0,139,21,8,171,1,201,12,0,12,213
02/11/2023,SBP,CA,AWP,WE,Federal Contract Tower,17,3,21,2,43,0,1,50,0,51,17,4,71,2,94,0,0,0,94
02/12/2023,SBP,CA,AWP,WE,Federal Contract Tower,19,2,24,1,46,0,0,116,0,116,19,2,140,1,162,0,0,0,162
02/13/2023,SBP,CA,AWP,WE,Federal Contract Tower,22,6,40,0,68,0,0,44,0,44,22,6,84,0,112,138,0,138,250
02/14/2023,SBP,CA,AWP,WE,Federal Contract Tower,15,11,14,2,42,0,3,50,2,55,15,14,64,4,97,40,8,48,145
02/15/2023,SBP,CA,AWP,WE,Federal Contract Tower,17,16,18,2,53,0,4,118,0,122,17,20,136,2,175,108,0,108,283
02/16/2023,SBP,CA,AWP,WE,Federal Contract Tower,21,9,23,2,55,0,4,133,0,137,21,13,156,2,192,60,0,60,252
02/17/2023,SBP,CA,AWP,WE,Federal Contract Tower,21,24,22,0,67,0,2,149,0,151,21,26,171,0,218,6,0,6,224
02/18/2023,SBP,CA,AWP,WE,Federal Contract Tower,19,6,32,0,57,0,1,179,4,184,19,7,211,4,241,114,0,114,355
02/19/2023,SBP,CA,AWP,WE,Federal Contract Tower,22,4,22,0,48,0,0,183,0,183,22,4,205,0,231,56,0,56,287
02/20/2023,SBP,CA,AWP,WE,Federal Contract Tower,24,11,18,0,53,0,1,136,0,137,24,12,154,0,190,50,0,50,240
02/21/2023,SBP,CA,AWP,WE,Federal Contract Tower,19,15,20,2,56,0,3,50,0,53,19,18,70,2,109,50,0,50,159
02/22/2023,SBP,CA,AWP,WE,Federal Contract Tower,20,14,10,0,44,0,2,23,4,29,20,16,33,4,73,10,0,10,83
02/23/2023,SBP,CA,AWP,WE,Federal Contract Tower,20,17,9,0,46,0,0,25,0,25,20,17,34,0,71,44,0,44,115
02/24/2023,SBP,CA,AWP,WE,Federal Contract Tower,23,7,4,0,34,0,0,0,0,0,23,7,4,0,34,0,0,0,34
02/25/2023,SBP,CA,AWP,WE,Federal Contract Tower,19,5,5,2,31,0,0,34,0,34,19,5,39,2,65,104,0,104,169
02/26/2023,SBP,CA,AWP,WE,Federal Contract Tower,19,1,13,2,35,0,1,89,0,90,19,2,102,2,125,90,0,90,215
02/27/2023,SBP,CA,AWP,WE,Federal Contract Tower,20,7,18,2,47,0,0,11,0,11,20,7,29,2,58,30,0,30,88
02/28/2023,SBP,CA,AWP,WE,Federal Contract Tower,18,13,14,2,47,0,3,9,2,14,18,16,23,4,61,0,0,0,61
03/01/2023,SBP,CA,AWP,WE,Federal Contract Tower,16,11,10,0,37,0,2,56,0,58,16,13,66,0,95,88,0,88,183
03/02/2023,SBP,CA,AWP,WE,Federal Contract Tower,19,11,20,1,51,0,1,167,0,168,19,12,187,1,219,36,0,36,255
03/03/2023,SBP,CA,AWP,WE,Federal Contract Tower,22,7,21,2,52,0,2,126,0,128,22,9,147,2,180,100,0,100,280
03/04/2023,SBP,CA,AWP,WE,Federal Contract Tower,20,2,29,0,51,0,0,41,0,41,20,2,70,0,92,158,0,158,250
03/05/2023,SBP,CA,AWP,WE,Federal Contract Tower,20,4,21,0,45,0,2,18,0,20,20,6,39,0,65,62,0,62,127
03/06/2023,SBP,CA,AWP,WE,Federal Contract Tower,22,6,9,0,37,0,1,92,0,93,22,7,101,0,130,158,0,158,288
03/07/2023,SBP,CA,AWP,WE,Federal Contract Tower,19,14,10,3,46,0,4,100,0,104,19,18,110,3,150,86,2,88,238
03/08/2023,SBP,CA,AWP,WE,Federal Contract Tower,21,16,18,0,55,0,2,138,6,146,21,18,156,6,201,106,0,106,307
03/09/2023,SBP,CA,AWP,WE,Federal Contract Tower,22,16,25,2,65,0,0,68,0,68,22,16,93,2,133,8,0,8,141
03/10/2023,SBP,CA,AWP,WE,Federal Contract Tower,21,7,9,0,37,0,0,0,0,0,21,7,9,0,37,0,0,0,37
03/11/2023,SBP,CA,AWP,WE,Federal Contract Tower,19,7,14,0,40,0,0,0,0,0,19,7,14,0,40,0,0,0,40
03/12/2023,SBP,CA,AWP,WE,Federal Contract Tower,21,6,36,0,63,0,0,28,0,28,21,6,64,0,91,16,0,16,107
03/13/2023,SBP,CA,AWP,WE,Federal Contract Tower,21,6,13,1,41,0,0,65,2,67,21,6,78,3,108,58,0,58,166
03/14/2023,SBP,CA,AWP,WE,Federal Contract Tower,21,10,6,0,37,0,0,0,0,0,21,10,6,0,37,0,0,0,37
03/15/2023,SBP,CA,AWP,WE,Federal Contract Tower,20,15,14,4,53,0,0,65,0,65,20,15,79,4,118,116,0,116,234
03/16/2023,SBP,CA,AWP,WE,Federal Contract Tower,23,19,43,0,85,0,3,129,3,135,23,22,172,3,220,56,0,56,276
03/17/2023,SBP,CA,AWP,WE,Federal Contract Tower,24,12,23,0,59,0,0,106,0,106,24,12,129,0,165,120,0,120,285
03/18/2023,SBP,CA,AWP,WE,Federal Contract Tower,22,5,19,0,46,0,1,131,0,132,22,6,150,0,178,92,0,92,270
03/22/2023,SBP,CA,AWP,WE,Federal Contract Tower,19,10,15,2,46,0,0,6,1,7,19,10,21,3,53,18,0,18,71
03/25/2023,SBP,CA,AWP,WE,Federal Contract Tower,21,7,21,0,49,0,0,116,1,117,21,7,137,1,166,40,0,40,206
03/26/2023,SBP,CA,AWP,WE,Federal Contract Tower,23,12,17,0,52,0,0,153,0,153,23,12,170,0,205,44,0,44,249
03/27/2023,SBP,CA,AWP,WE,Federal Contract Tower,21,11,22,0,54,0,2,144,3,149,21,13,166,3,203,142,0,142,345
03/28/2023,SBP,CA,AWP,WE,Federal Contract Tower,16,12,12,0,40,0,0,85,0,85,16,12,97,0,125,100,0,100,225
03/29/2023,SBP,CA,AWP,WE,Federal Contract Tower,20,13,10,2,45,0,2,21,0,23,20,15,31,2,68,30,0,30,98
03/30/2023,SBP,CA,AWP,WE,Federal Contract Tower,18,9,19,2,48,0,3,75,0,78,18,12,94,2,126,78,0,78,204
03/31/2023,SBP,CA,AWP,WE,Federal Contract Tower,21,13,24,2,60,0,1,183,0,184,21,14,207,2,244,96,0,96,340
04/01/2023,SBP,CA,AWP,WE,Federal Contract Tower,20,12,8,0,40,0,1,123,0,124,20,13,131,0,164,76,0,76,240
04/02/2023,SBP,CA,AWP,WE,Federal Contract Tower,22,4,23,0,49,2,119,2,0,123,24,123,25,0,172,52,0,52,224
04/03/2023,SBP,CA,AWP,WE,Federal Contract Tower,21,7,4,0,32,0,0,34,2,36,21,7,38,2,68,16,0,16,84
04/04/2023,SBP,CA,AWP,WE,Federal Contract Tower,20,16,12,2,50,0,1,90,4,95,20,17,102,6,145,92,0,92,237
04/05/2023,SBP,CA,AWP,WE,Federal Contract Tower,19,12,11,3,45,0,5,147,3,155,19,17,158,6,200,154,0,154,354
04/06/2023,SBP,CA,AWP,WE,Federal Contract Tower,21,12,23,3,59,0,5,133,1,139,21,17,156,4,198,60,0,60,258
04/07/2023,SBP,CA,AWP,WE,Federal Contract Tower,20,14,30,4,68,0,3,127,1,131,20,17,157,5,199,66,0,66,265
04/08/2023,SBP,CA,AWP,WE,Federal Contract Tower,20,14,24,0,58,0,1,94,0,95,20,15,118,0,153,12,0,12,165
04/09/2023,SBP,CA,AWP,WE,Federal Contract Tower,23,12,11,0,46,0,2,106,0,108,23,14,117,0,154,14,0,14,168
04/10/2023,SBP,CA,AWP,WE,Federal Contract Tower,22,11,10,0,43,0,4,92,0,96,22,15,102,0,139,130,0,130,269
04/11/2023,SBP,CA,AWP,WE,Federal Contract Tower,22,14,18,0,54,0,0,99,2,101,22,14,117,2,155,12,0,12,167
04/12/2023,SBP,CA,AWP,WE,Federal Contract Tower,20,14,8,0,42,1,4,82,1,88,21,18,90,1,130,62,0,62,192
04/13/2023,SBP,CA,AWP,WE,Federal Contract Tower,20,11,16,1,48,0,9,83,0,92,20,20,99,1,140,70,0,70,210
04/14/2023,SBP,CA,AWP,WE,Federal Contract Tower,21,18,15,3,57,0,1,142,4,147,21,19,157,7,204,148,0,148,352
04/15/2023,SBP,CA,AWP,WE,Federal Contract Tower,19,10,16,1,46,0,0,121,4,125,19,10,137,5,171,40,0,40,211
04/16/2023,SBP,CA,AWP,WE,Federal Contract Tower,19,11,24,0,54,0,8,85,1,94,19,19,109,1,148,24,0,24,172
04/17/2023,SBP,CA,AWP,WE,Federal Contract Tower,23,25,26,0,74,0,0,58,0,58,23,25,84,0,132,26,0,26,158
04/18/2023,SBP,CA,AWP,WE,Federal Contract Tower,17,16,10,5,48,0,2,77,0,79,17,18,87,5,127,6,0,6,133
04/19/2023,SBP,CA,AWP,WE,Federal Contract Tower,18,14,18,3,53,0,2,83,0,85,18,16,101,3,138,50,0,50,188
04/20/2023,SBP,CA,AWP,WE,Federal Contract Tower,24,15,22,3,64,0,3,98,0,101,24,18,120,3,165,8,8,16,181
04/21/2023,SBP,CA,AWP,WE,Federal Contract Tower,17,14,9,1,41,0,5,118,1,124,17,19,127,2,165,32,0,32,197
04/22/2023,SBP,CA,AWP,WE,Federal Contract Tower,20,17,11,2,50,0,0,100,4,104,20,17,111,6,154,90,0,90,244
04/23/2023,SBP,CA,AWP,WE,Federal Contract Tower,22,9,16,0,47,0,3,130,0,133,22,12,146,0,180,146,0,146,326
04/24/2023,SBP,CA,AWP,WE,Federal Contract Tower,22,10,18,2,52,0,1,67,0,68,22,11,85,2,120,70,0,70,190
04/25/2023,SBP,CA,AWP,WE,Federal Contract Tower,17,18,7,7,49,0,3,94,2,99,17,21,101,9,148,124,0,124,272
04/26/2023,SBP,CA,AWP,WE,Federal Contract Tower,19,18,4,3,44,0,1,75,1,77,19,19,79,4,121,82,0,82,203
04/27/2023,SBP,CA,AWP,WE,Federal Contract Tower,21,17,18,3,59,0,3,67,2,72,21,20,85,5,131,110,0,110,241
04/28/2023,SBP,CA,AWP,WE,Federal Contract Tower,22,16,12,0,50,1,2,90,0,93,23,18,102,0,143,132,0,132,275
04/29/2023,SBP,CA,AWP,WE,Federal Contract Tower,25,13,16,2,56,0,3,100,6,109,25,16,116,8,165,94,0,94,259
04/30/2023,SBP,CA,AWP,WE,Federal Contract Tower,19,13,33,0,65,0,0,161,0,161,19,13,194,0,226,24,0,24,250
05/01/2023,SBP,CA,AWP,WE,Federal Contract Tower,20,21,19,0,60,0,0,35,0,35,20,21,54,0,95,28,0,28,123
05/02/2023,SBP,CA,AWP,WE,Federal Contract Tower,19,10,18,1,48,0,2,16,0,18,19,12,34,1,66,16,0,16,82
05/03/2023,SBP,CA,AWP,WE,Federal Contract Tower,17,15,16,2,50,0,4,17,2,23,17,19,33,4,73,0,0,0,73
05/04/2023,SBP,CA,AWP,WE,Federal Contract Tower,18,16,26,1,61,0,2,46,0,48,18,18,72,1,109,122,0,122,231
05/05/2023,SBP,CA,AWP,WE,Federal Contract Tower,19,23,17,0,59,0,3,59,0,62,19,26,76,0,121,138,0,138,259
05/06/2023,SBP,CA,AWP,WE,Federal Contract Tower,18,24,13,0,55,0,0,97,2,99,18,24,110,2,154,12,0,12,166
05/07/2023,SBP,CA,AWP,WE,Federal Contract Tower,19,14,24,0,57,0,3,121,0,124,19,17,145,0,181,46,0,46,227
05/08/2023,SBP,CA,AWP,WE,Federal Contract Tower,22,16,14,0,52,0,3,99,2,104,22,19,113,2,156,10,0,10,166
05/09/2023,SBP,CA,AWP,WE,Federal Contract Tower,15,16,18,7,56,0,1,75,2,78,15,17,93,9,134,32,0,32,166
05/10/2023,SBP,CA,AWP,WE,Federal Contract Tower,18,22,21,8,69,0,4,81,1,86,18,26,102,9,155,76,0,76,231
05/11/2023,SBP,CA,AWP,WE,Federal Contract Tower,19,23,20,3,65,0,3,113,1,117,19,26,133,4,182,160,0,160,342
05/12/2023,SBP,CA,AWP,WE,Federal Contract Tower,23,14,10,0,47,0,4,117,0,121,23,18,127,0,168,92,0,92,260
05/13/2023,SBP,CA,AWP,WE,Federal Contract Tower,20,12,22,2,56,0,1,147,0,148,20,13,169,2,204,24,0,24,228
05/14/2023,SBP,CA,AWP,WE,Federal Contract Tower,20,11,18,0,49,0,0,110,0,110,20,11,128,0,159,78,2,80,239
05/15/2023,SBP,CA,AWP,WE,Federal Contract Tower,24,4,34,2,64,0,9,44,0,53,24,13,78,2,117,58,0,58,175
05/16/2023,SBP,CA,AWP,WE,Federal Contract Tower,13,20,15,1,49,0,2,63,0,65,13,22,78,1,114,52,0,52,166
05/17/2023,SBP,CA,AWP,WE,Federal Contract Tower,19,19,13,1,52,0,0,86,1,87,19,19,99,2,139,38,0,38,177
05/18/2023,SBP,CA,AWP,WE,Federal Contract Tower,21,13,13,6,53,0,2,78,1,81,21,15,91,7,134,68,0,68,202
05/19/2023,SBP,CA,AWP,WE,Federal Contract Tower,22,15,42,2,81,0,0,63,0,63,22,15,105,2,144,68,0,68,212
05/20/2023,SBP,CA,AWP,WE,Federal Contract Tower,12,18,24,1,55,0,1,72,0,73,12,19,96,1,128,12,0,12,140
05/21/2023,SBP,CA,AWP,WE,Federal Contract Tower,20,13,30,4,67,0,1,106,1,108,20,14,136,5,175,142,0,142,317
05/22/2023,SBP,CA,AWP,WE,Federal Contract Tower,23,7,22,2,54,0,5,54,0,59,23,12,76,2,113,28,0,28,141
05/23/2023,SBP,CA,AWP,WE,Federal Contract Tower,12,21,27,6,66,0,0,22,3,25,12,21,49,9,91,56,0,56,147
05/24/2023,SBP,CA,AWP,WE,Federal Contract Tower,15,16,34,5,70,0,2,38,0,40,15,18,72,5,110,138,0,138,248
05/25/2023,SBP,CA,AWP,WE,Federal Contract Tower,19,20,18,0,57,0,2,100,0,102,19,22,118,0,159,78,0,78,237
05/26/2023,SBP,CA,AWP,WE,Federal Contract Tower,21,12,30,4,67,0,3,79,0,82,21,15,109,4,149,114,0,114,263
05/27/2023,SBP,CA,AWP,WE,Federal Contract Tower,17,13,21,4,55,0,0,62,0,62,17,13,83,4,117,26,0,26,143
05/28/2023,SBP,CA,AWP,WE,Federal Contract Tower,19,14,31,0,64,0,0,5,0,5,19,14,36,0,69,0,0,0,69
05/29/2023,SBP,CA,AWP,WE,Federal Contract Tower,23,13,47,2,85,0,1,43,0,44,23,14,90,2,129,16,0,16,145
05/30/2023,SBP,CA,AWP,WE,Federal Contract Tower,12,11,23,3,49,0,0,53,4,57,12,11,76,7,106,116,6,122,228
05/31/2023,SBP,CA,AWP,WE,Federal Contract Tower,14,16,17,0,47,0,4,84,1,89,14,20,101,1,136,134,0,134,270
06/01/2023,SBP,CA,AWP,WE,Federal Contract Tower,16,21,31,6,74,0,2,56,0,58,16,23,87,6,132,108,0,108,240
06/02/2023,SBP,CA,AWP,WE,Federal Contract Tower,24,18,20,3,65,0,0,82,0,82,24,18,102,3,147,30,0,30,177
06/03/2023,SBP,CA,AWP,WE,Federal Contract Tower,17,17,16,0,50,0,0,117,2,119,17,17,133,2,169,52,0,52,221
06/04/2023,SBP,CA,AWP,WE,Federal Contract Tower,23,6,25,2,56,0,0,64,0,64,23,6,89,2,120,0,0,0,120
06/05/2023,SBP,CA,AWP,WE,Federal Contract Tower,2,17,37,2,58,0,0,4,0,4,2,17,41,2,62,72,0,72,134
06/06/2023,SBP,CA,AWP,WE,Federal Contract Tower,0,14,26,3,43,0,0,5,2,7,0,14,31,5,50,50,6,56,106
06/07/2023,SBP,CA,AWP,WE,Federal Contract Tower,0,16,33,5,54,0,0,39,0,39,0,16,72,5,93,156,0,156,249
06/08/2023,SBP,CA,AWP,WE,Federal Contract Tower,9,15,17,3,44,0,5,88,0,93,9,20,105,3,137,178,0,178,315
06/09/2023,SBP,CA,AWP,WE,Federal Contract Tower,18,20,43,1,82,0,1,20,0,21,18,21,63,1,103,98,0,98,201
06/10/2023,SBP,CA,AWP,WE,Federal Contract Tower,15,18,34,0,67,0,0,38,0,38,15,18,72,0,105,162,0,162,267
06/11/2023,SBP,CA,AWP,WE,Federal Contract Tower,19,10,38,0,67,0,1,74,3,78,19,11,112,3,145,80,2,82,227
06/13/2023,SBP,CA,AWP,WE,Federal Contract Tower,12,22,14,1,49,0,0,62,1,63,12,22,76,2,112,94,0,94,206
06/14/2023,SBP,CA,AWP,WE,Federal Contract Tower,11,23,30,2,66,0,3,71,2,76,11,26,101,4,142,96,0,96,238
06/15/2023,SBP,CA,AWP,WE,Federal Contract Tower,21,24,40,0,85,0,2,24,0,26,21,26,64,0,111,114,0,114,225
06/16/2023,SBP,CA,AWP,WE,Federal Contract Tower,21,16,48,2,87,0,16,55,5,76,21,32,103,7,163,94,6,100,263
06/17/2023,SBP,CA,AWP,WE,Federal Contract Tower,18,12,34,0,64,0,1,149,0,150,18,13,183,0,214,85,0,85,299
06/18/2023,SBP,CA,AWP,WE,Federal Contract Tower,21,14,34,5,74,0,0,74,1,75,21,14,108,6,149,68,0,68,217
06/19/2023,SBP,CA,AWP,WE,Federal Contract Tower,21,8,25,0,54,0,1,83,0,84,21,9,108,0,138,56,0,56,194
06/20/2023,SBP,CA,AWP,WE,Federal Contract Tower,18,18,9,3,48,0,9,90,4,103,18,27,99,7,151,112,0,112,263
06/21/2023,SBP,CA,AWP,WE,Federal Contract Tower,19,12,14,3,48,0,18,113,1,132,19,30,127,4,180,108,0,108,288
06/22/2023,SBP,CA,AWP,WE,Federal Contract Tower,24,8,29,4,65,0,4,72,0,76,24,12,101,4,141,112,0,112,253
06/23/2023,SBP,CA,AWP,WE,Federal Contract Tower,21,22,27,8,78,0,3,102,5,110,21,25,129,13,188,76,0,76,264
06/24/2023,SBP,CA,AWP,WE,Federal Contract Tower,16,15,21,0,52,0,0,103,0,103,16,15,124,0,155,24,0,24,179
06/25/2023,SBP,CA,AWP,WE,Federal Contract Tower,21,7,27,2,57,0,2,91,0,93,21,9,118,2,150,72,0,72,222
06/26/2023,SBP,CA,AWP,WE,Federal Contract Tower,18,11,17,2,48,0,1,68,0,69,18,12,85,2,117,88,0,88,205
06/27/2023,SBP,CA,AWP,WE,Federal Contract Tower,15,20,16,7,58,0,2,91,0,93,15,22,107,7,151,88,0,88,239
06/28/2023,SBP,CA,AWP,WE,Federal Contract Tower,17,19,27,5,68,0,2,70,2,74,17,21,97,7,142,88,10,98,240
06/29/2023,SBP,CA,AWP,WE,Federal Contract Tower,21,23,20,5,69,0,3,114,0,117,21,26,134,5,186,138,0,138,324
06/30/2023,SBP,CA,AWP,WE,Federal Contract Tower,23,15,21,1,60,0,3,104,2,109,23,18,125,3,169,80,0,80,249
07/01/2023,SBP,CA,AWP,WE,Federal Contract Tower,18,11,24,0,53,0,2,144,0,146,18,13,168,0,199,16,0,16,215
07/02/2023,SBP,CA,AWP,WE,Federal Contract Tower,20,7,17,0,44,0,0,93,0,93,20,7,110,0,137,64,0,64,201
07/03/2023,SBP,CA,AWP,WE,Federal Contract Tower,18,9,23,1,51,0,2,113,1,116,18,11,136,2,167,100,0,100,267
07/04/2023,SBP,CA,AWP,WE,Federal Contract Tower,12,3,12,0,27,0,1,64,0,65,12,4,76,0,92,18,2,20,112
07/05/2023,SBP,CA,AWP,WE,Federal Contract Tower,15,19,23,0,57,0,4,84,1,89,15,23,107,1,146,80,0,80,226
07/06/2023,SBP,CA,AWP,WE,Federal Contract Tower,23,23,17,0,63,0,0,90,0,90,23,23,107,0,153,60,0,60,213
07/07/2023,SBP,CA,AWP,WE,Federal Contract Tower,21,19,30,1,71,0,2,100,1,103,21,21,130,2,174,70,0,70,244
07/08/2023,SBP,CA,AWP,WE,Federal Contract Tower,19,10,11,0,40,0,0,137,0,137,19,10,148,0,177,146,0,146,323
07/09/2023,SBP,CA,AWP,WE,Federal Contract Tower,21,11,27,0,59,0,0,86,0,86,21,11,113,0,145,56,0,56,201
07/10/2023,SBP,CA,AWP,WE,Federal Contract Tower,19,15,12,0,46,0,1,73,0,74,19,16,85,0,120,128,0,128,248
07/11/2023,SBP,CA,AWP,WE,Federal Contract Tower,14,21,9,1,45,0,2,97,6,105,14,23,106,7,150,128,10,138,288
07/12/2023,SBP,CA,AWP,WE,Federal Contract Tower,15,19,17,0,51,0,7,108,2,117,15,26,125,2,168,120,0,120,288
07/13/2023,SBP,CA,AWP,WE,Federal Contract Tower,20,14,22,0,56,0,4,114,0,118,20,18,136,0,174,114,0,114,288
07/14/2023,SBP,CA,AWP,WE,Federal Contract Tower,22,21,15,1,59,0,8,139,1,148,22,29,154,2,207,120,0,120,327
07/15/2023,SBP,CA,AWP,WE,Federal Contract Tower,18,10,14,0,42,0,0,151,0,151,18,10,165,0,193,106,0,106,299
07/16/2023,SBP,CA,AWP,WE,Federal Contract Tower,21,6,22,0,49,0,4,142,0,146,21,10,164,0,195,96,0,96,291
07/17/2023,SBP,CA,AWP,WE,Federal Contract Tower,19,14,16,0,49,0,1,126,3,130,19,15,142,3,179,110,0,110,289
07/18/2023,SBP,CA,AWP,WE,Federal Contract Tower,14,16,19,2,51,0,5,128,2,135,14,21,147,4,186,98,0,98,284
07/19/2023,SBP,CA,AWP,WE,Federal Contract Tower,15,16,21,4,56,0,2,95,0,97,15,18,116,4,153,56,0,56,209
07/20/2023,SBP,CA,AWP,WE,Federal Contract Tower,21,19,23,0,63,0,3,108,0,111,21,22,131,0,174,132,8,140,314
07/21/2023,SBP,CA,AWP,WE,Federal Contract Tower,22,18,12,0,52,0,3,136,0,139,22,21,148,0,191,74,0,74,265
07/22/2023,SBP,CA,AWP,WE,Federal Contract Tower,17,6,18,4,45,0,1,156,0,157,17,7,174,4,202,132,0,132,334
07/23/2023,SBP,CA,AWP,WE,Federal Contract Tower,21,6,15,0,42,0,1,115,0,116,21,7,130,0,158,144,0,144,302
07/24/2023,SBP,CA,AWP,WE,Federal Contract Tower,18,8,15,3,44,0,1,102,1,104,18,9,117,4,148,64,0,64,212
07/25/2023,SBP,CA,AWP,WE,Federal Contract Tower,15,18,15,0,48,0,2,114,6,122,15,20,129,6,170,118,2,120,290
07/27/2023,SBP,CA,AWP,WE,Federal Contract Tower,21,18,21,4,64,0,5,111,3,119,21,23,132,7,183,134,12,146,329
07/28/2023,SBP,CA,AWP,WE,Federal Contract Tower,21,18,8,4,51,0,48,124,4,176,21,66,132,8,227,50,0,50,277
07/29/2023,SBP,CA,AWP,WE,Federal Contract Tower,19,14,20,0,53,0,2,152,0,154,19,16,172,0,207,56,0,56,263
07/30/2023,SBP,CA,AWP,WE,Federal Contract Tower,20,14,16,0,50,0,0,132,0,132,20,14,148,0,182,48,0,48,230
07/31/2023,SBP,CA,AWP,WE,Federal Contract Tower,18,8,11,2,39,0,1,118,0,119,18,9,129,2,158,90,0,90,248
08/01/2023,SBP,CA,AWP,WE,Federal Contract Tower,17,21,20,4,62,0,1,67,2,70,17,22,87,6,132,122,4,126,258
08/02/2023,SBP,CA,AWP,WE,Federal Contract Tower,21,20,9,5,55,0,1,79,17,97,21,21,88,22,152,0,0,0,152
08/03/2023,SBP,CA,AWP,WE,Federal Contract Tower,26,17,11,1,55,0,1,100,0,101,26,18,111,1,156,118,0,118,274
08/04/2023,SBP,CA,AWP,WE,Federal Contract Tower,21,16,9,8,54,0,6,122,2,130,21,22,131,10,184,64,0,64,248
08/05/2023,SBP,CA,AWP,WE,Federal Contract Tower,19,10,22,12,63,0,1,101,1,103,19,11,123,13,166,52,0,52,218
08/06/2023,SBP,CA,AWP,WE,Federal Contract Tower,25,8,19,3,55,0,1,127,1,129,25,9,146,4,184,94,0,94,278
08/07/2023,SBP,CA,AWP,WE,Federal Contract Tower,22,10,11,8,51,0,2,72,5,79,22,12,83,13,130,162,0,162,292
08/08/2023,SBP,CA,AWP,WE,Federal Contract Tower,18,13,16,2,49,0,2,81,0,83,18,15,97,2,132,88,0,88,220
08/09/2023,SBP,CA,AWP,WE,Federal Contract Tower,25,12,19,4,60,0,1,80,3,84,25,13,99,7,144,124,0,124,268
08/10/2023,SBP,CA,AWP,WE,Federal Contract Tower,23,20,40,1,84,0,0,38,0,38,23,20,78,1,122,76,0,76,198
08/11/2023,SBP,CA,AWP,WE,Federal Contract Tower,24,13,24,0,61,0,3,106,0,109,24,16,130,0,170,162,0,162,332
08/12/2023,SBP,CA,AWP,WE,Federal Contract Tower,19,13,8,0,40,0,2,118,1,121,19,15,126,1,161,88,0,88,249
08/13/2023,SBP,CA,AWP,WE,Federal Contract Tower,22,6,16,0,44,0,0,126,0,126,22,6,142,0,170,28,0,28,198
08/14/2023,SBP,CA,AWP,WE,Federal Contract Tower,20,11,21,5,57,0,1,81,0,82,20,12,102,5,139,74,0,74,213
08/15/2023,SBP,CA,AWP,WE,Federal Contract Tower,16,17,28,0,61,0,11,60,0,71,16,28,88,0,132,60,0,60,192
08/16/2023,SBP,CA,AWP,WE,Federal Contract Tower,22,18,18,1,59,0,7,73,0,80,22,25,91,1,139,114,0,114,253
08/17/2023,SBP,CA,AWP,WE,Federal Contract Tower,22,14,22,0,58,0,6,118,0,124,22,20,140,0,182,110,0,110,292
08/18/2023,SBP,CA,AWP,WE,Federal Contract Tower,23,15,32,4,74,0,0,115,4,119,23,15,147,8,193,60,0,60,253
08/19/2023,SBP,CA,AWP,WE,Federal Contract Tower,19,9,14,0,42,0,2,107,1,110,19,11,121,1,152,30,0,30,182
08/20/2023,SBP,CA,AWP,WE,Federal Contract Tower,20,10,16,0,46,0,1,51,2,54,20,11,67,2,100,24,0,24,124
08/21/2023,SBP,CA,AWP,WE,Federal Contract Tower,21,7,20,2,50,0,0,26,0,26,21,7,46,2,76,6,0,6,82
08/22/2023,SBP,CA,AWP,WE,Federal Contract Tower,18,8,18,3,47,0,5,84,12,101,18,13,102,15,148,108,4,112,260
08/23/2023,SBP,CA,AWP,WE,Federal Contract Tower,21,27,5,1,54,0,1,91,10,102,21,28,96,11,156,66,4,70,226
08/24/2023,SBP,CA,AWP,WE,Federal Contract Tower,22,17,33,2,74,0,1,55,1,57,22,18,88,3,131,54,0,54,185
08/25/2023,SBP,CA,AWP,WE,Federal Contract Tower,23,10,18,0,51,0,3,136,0,139,23,13,154,0,190,82,0,82,272
08/26/2023,SBP,CA,AWP,WE,Federal Contract Tower,19,9,25,0,53,0,0,112,0,112,19,9,137,0,165,32,0,32,197
08/27/2023,SBP,CA,AWP,WE,Federal Contract Tower,21,6,13,0,40,0,0,123,0,123,21,6,136,0,163,42,0,42,205
08/28/2023,SBP,CA,AWP,WE,Federal Contract Tower,22,12,10,3,47,0,5,78,1,84,22,17,88,4,131,68,0,68,199
08/29/2023,SBP,CA,AWP,WE,Federal Contract Tower,19,13,18,1,51,0,2,102,4,108,19,15,120,5,159,34,0,34,193
08/30/2023,SBP,CA,AWP,WE,Federal Contract Tower,21,10,11,0,42,0,5,93,0,98,21,15,104,0,140,56,0,56,196
08/31/2023,SBP,CA,AWP,WE,Federal Contract Tower,23,17,9,0,49,0,2,87,0,89,23,19,96,0,138,84,8,92,230
