01/01/2000,SBY,MD,AEA,EN,Federal Contract Tower,15,0,6,0,21,0,0,36,0,36,15,0,42,0,57,0,0,0,57
01/02/2000,SBY,MD,AEA,EN,Federal Contract Tower,14,0,5,0,19,7,0,59,0,66,21,0,64,0,85,26,0,26,111
01/03/2000,SBY,MD,AEA,EN,Federal Contract Tower,22,2,7,0,31,2,0,36,0,38,24,2,43,0,69,28,0,28,97
01/04/2000,SBY,MD,AEA,EN,Federal Contract Tower,22,3,7,0,32,1,1,0,2,4,23,4,7,2,36,0,2,2,38
01/05/2000,SBY,MD,AEA,EN,Federal Contract Tower,20,3,7,0,30,5,1,30,6,42,25,4,37,6,72,8,6,14,86
01/06/2000,SBY,MD,AEA,EN,Federal Contract Tower,23,3,8,0,34,2,1,64,2,69,25,4,72,2,103,66,0,66,169
01/07/2000,SBY,MD,AEA,EN,Federal Contract Tower,24,3,9,0,36,0,0,59,6,65,24,3,68,6,101,26,0,26,127
01/08/2000,SBY,MD,AEA,EN,Federal Contract Tower,18,1,6,0,25,1,0,63,2,66,19,1,69,2,91,44,2,46,137
01/09/2000,SBY,MD,AEA,EN,Federal Contract Tower,18,0,6,0,24,4,0,57,0,61,22,0,63,0,85,22,0,22,107
01/10/2000,SBY,MD,AEA,EN,Federal Contract Tower,20,2,6,0,28,5,0,0,0,5,25,2,6,0,33,0,0,0,33
01/11/2000,SBY,MD,AEA,EN,Federal Contract Tower,27,4,9,0,40,0,0,32,8,40,27,4,41,8,80,30,30,60,140
01/12/2000,SBY,MD,AEA,EN,Federal Contract Tower,26,3,10,1,40,0,3,78,7,88,26,6,88,8,128,46,28,74,202
01/13/2000,SBY,MD,AEA,EN,Federal Contract Tower,25,2,9,1,37,0,2,19,1,22,25,4,28,2,59,10,4,14,73
01/14/2000,SBY,MD,AEA,EN,Federal Contract Tower,24,3,8,1,36,3,0,11,7,21,27,3,19,8,57,0,16,16,73
01/15/2000,SBY,MD,AEA,EN,Federal Contract Tower,17,1,5,0,23,0,0,104,0,104,17,1,109,0,127,50,0,50,177
01/16/2000,SBY,MD,AEA,EN,Federal Contract Tower,16,0,5,0,21,4,0,41,0,45,20,0,46,0,66,16,0,16,82
01/17/2000,SBY,MD,AEA,EN,Federal Contract Tower,23,2,7,0,32,2,2,14,0,18,25,4,21,0,50,0,0,0,50
01/18/2000,SBY,MD,AEA,EN,Federal Contract Tower,26,3,10,1,40,0,1,23,3,27,26,4,33,4,67,12,28,40,107
01/19/2000,SBY,MD,AEA,EN,Federal Contract Tower,24,3,8,1,36,0,1,28,1,30,24,4,36,2,66,54,14,68,134
01/20/2000,SBY,MD,AEA,EN,Federal Contract Tower,16,1,3,0,20,1,1,0,0,2,17,2,3,0,22,0,0,0,22
01/21/2000,SBY,MD,AEA,EN,Federal Contract Tower,25,3,8,1,37,0,2,14,2,18,25,5,22,3,55,0,6,6,61
01/22/2000,SBY,MD,AEA,EN,Federal Contract Tower,17,1,6,0,24,0,0,43,0,43,17,1,49,0,67,62,0,62,129
01/23/2000,SBY,MD,AEA,EN,Federal Contract Tower,19,0,4,0,23,3,0,0,0,3,22,0,4,0,26,0,0,0,26
01/24/2000,SBY,MD,AEA,EN,Federal Contract Tower,25,2,3,1,31,1,0,0,3,4,26,2,3,4,35,0,0,0,35
01/25/2000,SBY,MD,AEA,EN,Federal Contract Tower,0,0,0,0,0,0,0,0,0,0,0,0,0,0,0,0,0,0,0
01/26/2000,SBY,MD,AEA,EN,Federal Contract Tower,12,0,3,0,15,2,0,0,0,2,14,0,3,0,17,0,0,0,17
01/27/2000,SBY,MD,AEA,EN,Federal Contract Tower,24,3,10,0,37,0,1,36,3,40,24,4,46,3,77,18,2,20,97
01/28/2000,SBY,MD,AEA,EN,Federal Contract Tower,27,2,9,0,38,0,1,17,0,18,27,3,26,0,56,0,0,0,56
01/29/2000,SBY,MD,AEA,EN,Federal Contract Tower,17,1,6,0,24,0,0,55,0,55,17,1,61,0,79,34,0,34,113
01/30/2000,SBY,MD,AEA,EN,Federal Contract Tower,13,0,4,0,17,4,0,3,0,7,17,0,7,0,24,0,0,0,24
01/31/2000,SBY,MD,AEA,EN,Federal Contract Tower,23,2,8,0,33,0,0,13,0,13,23,2,21,0,46,8,0,8,54
02/01/2000,SBY,MD,AEA,EN,Federal Contract Tower,24,4,9,1,38,1,1,31,3,36,25,5,40,4,74,20,34,54,128
02/02/2000,SBY,MD,AEA,EN,Federal Contract Tower,21,3,8,0,32,4,1,15,2,22,25,4,23,2,54,28,22,50,104
02/03/2000,SBY,MD,AEA,EN,Federal Contract Tower,25,4,9,1,39,0,0,38,2,40,25,4,47,3,79,16,16,32,111
02/04/2000,SBY,MD,AEA,EN,Federal Contract Tower,24,3,12,1,40,0,0,13,3,16,24,3,25,4,56,26,4,30,86
02/05/2000,SBY,MD,AEA,EN,Federal Contract Tower,17,1,7,0,25,1,0,43,0,44,18,1,50,0,69,18,0,18,87
02/06/2000,SBY,MD,AEA,EN,Federal Contract Tower,15,0,6,0,21,5,0,53,0,58,20,0,59,0,79,30,0,30,109
02/07/2000,SBY,MD,AEA,EN,Federal Contract Tower,24,2,9,2,37,2,0,39,4,45,26,2,48,6,82,68,20,88,170
02/08/2000,SBY,MD,AEA,EN,Federal Contract Tower,21,2,8,1,32,4,2,50,3,59,25,4,58,4,91,82,18,100,191
02/09/2000,SBY,MD,AEA,EN,Federal Contract Tower,23,3,9,1,36,1,1,36,9,47,24,4,45,10,83,34,62,96,179
02/10/2000,SBY,MD,AEA,EN,Federal Contract Tower,22,3,9,1,35,3,1,68,3,75,25,4,77,4,110,30,2,32,142
02/11/2000,SBY,MD,AEA,EN,Federal Contract Tower,21,3,8,1,33,7,0,14,7,28,28,3,22,8,61,38,26,64,125
02/12/2000,SBY,MD,AEA,EN,Federal Contract Tower,15,1,6,0,22,0,0,4,0,4,15,1,10,0,26,0,0,0,26
02/13/2000,SBY,MD,AEA,EN,Federal Contract Tower,23,0,8,0,31,1,0,26,0,27,24,0,34,0,58,6,0,6,64
02/14/2000,SBY,MD,AEA,EN,Federal Contract Tower,24,2,8,1,35,1,0,1,5,7,25,2,9,6,42,10,40,50,92
02/15/2000,SBY,MD,AEA,EN,Federal Contract Tower,22,3,7,0,32,5,1,36,0,42,27,4,43,0,74,44,0,44,118
02/16/2000,SBY,MD,AEA,EN,Federal Contract Tower,25,3,9,2,39,0,1,32,3,36,25,4,41,5,75,2,10,12,87
02/17/2000,SBY,MD,AEA,EN,Federal Contract Tower,24,3,10,2,39,0,2,62,3,67,24,5,72,5,106,36,22,58,164
02/18/2000,SBY,MD,AEA,EN,Federal Contract Tower,22,3,6,0,31,2,0,0,0,2,24,3,6,0,33,0,0,0,33
02/19/2000,SBY,MD,AEA,EN,Federal Contract Tower,16,2,5,0,23,0,0,22,0,22,16,2,27,0,45,2,0,2,47
02/20/2000,SBY,MD,AEA,EN,Federal Contract Tower,20,0,7,0,27,0,0,69,0,69,20,0,76,0,96,44,0,44,140
02/21/2000,SBY,MD,AEA,EN,Federal Contract Tower,24,2,8,1,35,0,0,88,1,89,24,2,96,2,124,60,4,64,188
02/22/2000,SBY,MD,AEA,EN,Federal Contract Tower,25,3,9,0,37,0,1,44,0,45,25,4,53,0,82,88,0,88,170
02/23/2000,SBY,MD,AEA,EN,Federal Contract Tower,28,3,11,1,43,0,1,54,5,60,28,4,65,6,103,54,10,64,167
02/24/2000,SBY,MD,AEA,EN,Federal Contract Tower,25,3,10,1,39,0,1,54,9,64,25,4,64,10,103,56,52,108,211
02/25/2000,SBY,MD,AEA,EN,Federal Contract Tower,25,3,9,1,38,0,1,68,11,80,25,4,77,12,118,62,46,108,226
02/26/2000,SBY,MD,AEA,EN,Federal Contract Tower,16,1,6,0,23,1,0,0,0,1,17,1,6,0,24,0,0,0,24
02/27/2000,SBY,MD,AEA,EN,Federal Contract Tower,20,0,8,0,28,2,0,35,0,37,22,0,43,0,65,14,0,14,79
02/28/2000,SBY,MD,AEA,EN,Federal Contract Tower,25,2,9,1,37,1,0,37,11,49,26,2,46,12,86,8,36,44,130
02/29/2000,SBY,MD,AEA,EN,Federal Contract Tower,24,3,9,0,36,1,1,71,6,79,25,4,80,6,115,18,30,48,163
03/01/2000,SBY,MD,AEA,EN,Federal Contract Tower,27,4,13,1,45,0,0,57,5,62,27,4,70,6,107,42,24,66,173
03/02/2000,SBY,MD,AEA,EN,Federal Contract Tower,25,4,11,1,41,0,0,26,1,27,25,4,37,2,68,4,0,4,72
03/03/2000,SBY,MD,AEA,EN,Federal Contract Tower,23,3,10,1,37,2,0,22,7,31,25,3,32,8,68,22,16,38,106
03/04/2000,SBY,MD,AEA,EN,Federal Contract Tower,18,1,8,0,27,0,0,115,4,119,18,1,123,4,146,26,0,26,172
03/05/2000,SBY,MD,AEA,EN,Federal Contract Tower,18,0,8,0,26,2,0,71,0,73,20,0,79,0,99,16,0,16,115
03/06/2000,SBY,MD,AEA,EN,Federal Contract Tower,25,2,11,1,39,0,0,59,9,68,25,2,70,10,107,64,52,116,223
03/07/2000,SBY,MD,AEA,EN,Federal Contract Tower,19,3,8,0,30,4,1,81,10,96,23,4,89,10,126,109,72,181,307
03/08/2000,SBY,MD,AEA,EN,Federal Contract Tower,23,2,10,2,37,5,2,72,4,83,28,4,82,6,120,112,18,130,250
03/09/2000,SBY,MD,AEA,EN,Federal Contract Tower,25,3,10,2,40,0,1,36,6,43,25,4,46,8,83,36,16,52,135
03/10/2000,SBY,MD,AEA,EN,Federal Contract Tower,28,4,12,2,46,0,2,82,8,92,28,6,94,10,138,64,40,104,242
03/11/2000,SBY,MD,AEA,EN,Federal Contract Tower,17,0,7,0,24,0,0,19,0,19,17,0,26,0,43,0,0,0,43
03/12/2000,SBY,MD,AEA,EN,Federal Contract Tower,17,0,7,0,24,3,0,36,0,39,20,0,43,0,63,8,0,8,71
03/13/2000,SBY,MD,AEA,EN,Federal Contract Tower,20,2,8,1,31,5,0,44,7,56,25,2,52,8,87,38,24,62,149
03/14/2000,SBY,MD,AEA,EN,Federal Contract Tower,25,3,11,2,41,0,1,73,14,88,25,4,84,16,129,92,36,128,257
03/15/2000,SBY,MD,AEA,EN,Federal Contract Tower,24,3,9,2,38,1,1,95,0,97,25,4,104,2,135,80,24,104,239
03/16/2000,SBY,MD,AEA,EN,Federal Contract Tower,24,3,10,2,39,0,1,38,1,40,24,4,48,3,79,10,28,38,117
03/17/2000,SBY,MD,AEA,EN,Federal Contract Tower,25,3,10,2,40,0,0,10,8,18,25,3,20,10,58,2,8,10,68
03/18/2000,SBY,MD,AEA,EN,Federal Contract Tower,18,1,6,0,25,3,0,99,0,102,21,1,105,0,127,30,0,30,157
03/19/2000,SBY,MD,AEA,EN,Federal Contract Tower,20,2,8,0,30,0,0,58,0,58,20,2,66,0,88,16,0,16,104
03/20/2000,SBY,MD,AEA,EN,Federal Contract Tower,26,2,10,1,39,1,0,13,5,19,27,2,23,6,58,16,30,46,104
03/21/2000,SBY,MD,AEA,EN,Federal Contract Tower,22,3,10,0,35,0,3,4,0,7,22,6,14,0,42,0,0,0,42
03/22/2000,SBY,MD,AEA,EN,Federal Contract Tower,21,3,4,0,28,3,1,0,0,4,24,4,4,0,32,0,0,0,32
03/23/2000,SBY,MD,AEA,EN,Federal Contract Tower,25,3,12,1,41,0,1,65,2,68,25,4,77,3,109,52,64,116,225
03/24/2000,SBY,MD,AEA,EN,Federal Contract Tower,27,3,11,1,42,0,0,107,1,108,27,3,118,2,150,62,2,64,214
03/25/2000,SBY,MD,AEA,EN,Federal Contract Tower,13,1,5,0,19,4,0,64,0,68,17,1,69,0,87,20,0,20,107
03/26/2000,SBY,MD,AEA,EN,Federal Contract Tower,17,2,7,0,26,3,0,40,0,43,20,2,47,0,69,10,0,10,79
03/27/2000,SBY,MD,AEA,EN,Federal Contract Tower,20,2,8,0,30,9,0,45,0,54,29,2,53,0,84,20,0,20,104
03/28/2000,SBY,MD,AEA,EN,Federal Contract Tower,25,3,9,0,37,0,1,18,0,19,25,4,27,0,56,2,0,2,58
03/29/2000,SBY,MD,AEA,EN,Federal Contract Tower,26,3,9,1,39,3,1,39,1,44,29,4,48,2,83,52,32,84,167
03/30/2000,SBY,MD,AEA,EN,Federal Contract Tower,24,2,9,1,36,1,2,60,1,64,25,4,69,2,100,16,0,16,116
03/31/2000,SBY,MD,AEA,EN,Federal Contract Tower,24,2,9,1,36,1,1,56,7,65,25,3,65,8,101,50,22,72,173
04/01/2000,SBY,MD,AEA,EN,Federal Contract Tower,13,1,7,0,21,8,0,103,12,123,21,1,110,12,144,30,0,30,174
04/02/2000,SBY,MD,AEA,EN,Federal Contract Tower,19,0,10,0,29,3,0,45,0,48,22,0,55,0,77,28,0,28,105
04/03/2000,SBY,MD,AEA,EN,Federal Contract Tower,25,2,14,0,41,0,0,9,4,13,25,2,23,4,54,0,12,12,66
04/04/2000,SBY,MD,AEA,EN,Federal Contract Tower,24,3,13,0,40,1,2,8,4,15,25,5,21,4,55,4,2,6,61
04/05/2000,SBY,MD,AEA,EN,Federal Contract Tower,22,4,12,0,38,3,0,29,9,41,25,4,41,9,79,6,22,28,107
04/06/2000,SBY,MD,AEA,EN,Federal Contract Tower,19,3,11,0,33,6,1,40,2,49,25,4,51,2,82,6,20,26,108
04/07/2000,SBY,MD,AEA,EN,Federal Contract Tower,23,3,13,0,39,2,0,124,4,130,25,3,137,4,169,10,38,48,217
04/08/2000,SBY,MD,AEA,EN,Federal Contract Tower,15,2,9,0,26,2,1,26,0,29,17,3,35,0,55,4,0,4,59
04/09/2000,SBY,MD,AEA,EN,Federal Contract Tower,13,0,7,0,20,6,0,1,0,7,19,0,8,0,27,0,0,0,27
04/10/2000,SBY,MD,AEA,EN,Federal Contract Tower,22,2,12,0,36,4,0,34,2,40,26,2,46,2,76,58,0,58,134
04/11/2000,SBY,MD,AEA,EN,Federal Contract Tower,23,3,13,0,39,1,1,38,6,46,24,4,51,6,85,34,46,80,165
04/12/2000,SBY,MD,AEA,EN,Federal Contract Tower,23,3,14,1,41,0,1,46,3,50,23,4,60,4,91,36,24,60,151
04/13/2000,SBY,MD,AEA,EN,Federal Contract Tower,25,3,17,1,46,0,1,69,11,81,25,4,86,12,127,38,18,56,183
04/14/2000,SBY,MD,AEA,EN,Federal Contract Tower,30,3,16,1,50,0,0,71,1,72,30,3,87,2,122,40,8,48,170
04/15/2000,SBY,MD,AEA,EN,Federal Contract Tower,19,1,10,0,30,0,0,3,0,3,19,1,13,0,33,0,0,0,33
04/16/2000,SBY,MD,AEA,EN,Federal Contract Tower,20,0,11,0,31,0,0,55,0,55,20,0,66,0,86,44,0,44,130
04/17/2000,SBY,MD,AEA,EN,Federal Contract Tower,27,3,13,0,43,0,0,2,0,2,27,3,15,0,45,0,0,0,45
04/18/2000,SBY,MD,AEA,EN,Federal Contract Tower,22,2,4,0,28,3,5,0,0,8,25,7,4,0,36,0,0,0,36
04/19/2000,SBY,MD,AEA,EN,Federal Contract Tower,28,3,16,1,48,0,1,29,3,33,28,4,45,4,81,14,4,18,99
04/20/2000,SBY,MD,AEA,EN,Federal Contract Tower,27,4,15,1,47,0,2,98,11,111,27,6,113,12,158,36,22,58,216
04/21/2000,SBY,MD,AEA,EN,Federal Contract Tower,20,2,10,0,32,7,1,8,0,16,27,3,18,0,48,0,0,0,48
04/22/2000,SBY,MD,AEA,EN,Federal Contract Tower,16,1,13,0,30,0,0,24,0,24,16,1,37,0,54,2,0,2,56
04/23/2000,SBY,MD,AEA,EN,Federal Contract Tower,24,0,12,0,36,2,0,40,0,42,26,0,52,0,78,4,0,4,82
04/24/2000,SBY,MD,AEA,EN,Federal Contract Tower,23,2,11,1,37,4,0,62,5,71,27,2,73,6,108,14,8,22,130
04/25/2000,SBY,MD,AEA,EN,Federal Contract Tower,23,2,9,0,34,2,2,0,0,4,25,4,9,0,38,0,0,0,38
04/26/2000,SBY,MD,AEA,EN,Federal Contract Tower,27,4,15,1,47,0,0,35,3,38,27,4,50,4,85,24,2,26,111
04/27/2000,SBY,MD,AEA,EN,Federal Contract Tower,26,4,17,0,47,0,0,45,0,45,26,4,62,0,92,14,0,14,106
04/28/2000,SBY,MD,AEA,EN,Federal Contract Tower,27,3,14,0,44,0,2,45,4,51,27,5,59,4,95,24,10,34,129
04/29/2000,SBY,MD,AEA,EN,Federal Contract Tower,16,1,9,0,26,1,0,95,0,96,17,1,104,0,122,56,0,56,178
04/30/2000,SBY,MD,AEA,EN,Federal Contract Tower,17,0,9,0,26,6,0,80,0,86,23,0,89,0,112,20,0,20,132
05/01/2000,SBY,MD,AEA,EN,Federal Contract Tower,0,20,8,1,29,0,6,49,1,56,0,26,57,2,85,32,16,48,133
05/02/2000,SBY,MD,AEA,EN,Federal Contract Tower,0,29,11,2,42,0,0,37,2,39,0,29,48,4,81,12,8,20,101
05/03/2000,SBY,MD,AEA,EN,Federal Contract Tower,0,26,12,0,38,0,4,81,0,85,0,30,93,0,123,20,0,20,143
05/04/2000,SBY,MD,AEA,EN,Federal Contract Tower,0,28,11,2,41,0,1,71,4,76,0,29,82,6,117,22,24,46,163
05/05/2000,SBY,MD,AEA,EN,Federal Contract Tower,0,29,12,0,41,0,0,71,0,71,0,29,83,0,112,46,0,46,158
05/06/2000,SBY,MD,AEA,EN,Federal Contract Tower,0,17,8,0,25,0,1,70,0,71,0,18,78,0,96,34,0,34,130
05/07/2000,SBY,MD,AEA,EN,Federal Contract Tower,0,20,8,0,28,0,0,59,0,59,0,20,67,0,87,26,0,26,113
05/08/2000,SBY,MD,AEA,EN,Federal Contract Tower,0,20,9,0,29,0,8,17,0,25,0,28,26,0,54,12,22,34,88
05/09/2000,SBY,MD,AEA,EN,Federal Contract Tower,0,26,12,1,39,0,5,44,1,50,0,31,56,2,89,30,8,38,127
05/10/2000,SBY,MD,AEA,EN,Federal Contract Tower,0,25,11,1,37,0,2,10,1,13,0,27,21,2,50,38,2,40,90
05/11/2000,SBY,MD,AEA,EN,Federal Contract Tower,0,31,14,2,47,0,0,76,4,80,0,31,90,6,127,48,20,68,195
05/12/2000,SBY,MD,AEA,EN,Federal Contract Tower,0,28,11,2,41,0,3,53,4,60,0,31,64,6,101,54,22,76,177
05/13/2000,SBY,MD,AEA,EN,Federal Contract Tower,0,19,9,1,29,0,0,68,3,71,0,19,77,4,100,34,6,40,140
05/14/2000,SBY,MD,AEA,EN,Federal Contract Tower,0,15,5,0,20,0,6,99,0,105,0,21,104,0,125,18,0,18,143
05/15/2000,SBY,MD,AEA,EN,Federal Contract Tower,0,25,10,1,36,0,3,63,7,73,0,28,73,8,109,14,72,86,195
05/16/2000,SBY,MD,AEA,EN,Federal Contract Tower,0,31,13,0,44,0,0,68,0,68,0,31,81,0,112,44,0,44,156
05/17/2000,SBY,MD,AEA,EN,Federal Contract Tower,0,26,10,1,37,0,5,73,1,79,0,31,83,2,116,34,14,48,164
05/18/2000,SBY,MD,AEA,EN,Federal Contract Tower,0,27,11,1,39,0,2,43,3,48,0,29,54,4,87,36,56,92,179
05/19/2000,SBY,MD,AEA,EN,Federal Contract Tower,0,27,10,1,38,0,2,28,1,31,0,29,38,2,69,14,0,14,83
05/20/2000,SBY,MD,AEA,EN,Federal Contract Tower,0,20,11,0,31,0,0,7,0,7,0,20,18,0,38,2,0,2,40
05/21/2000,SBY,MD,AEA,EN,Federal Contract Tower,0,25,12,0,37,0,0,2,0,2,0,25,14,0,39,0,0,0,39
05/22/2000,SBY,MD,AEA,EN,Federal Contract Tower,0,27,10,0,37,0,2,0,0,2,0,29,10,0,39,0,0,0,39
05/23/2000,SBY,MD,AEA,EN,Federal Contract Tower,0,31,12,0,43,0,0,19,0,19,0,31,31,0,62,38,0,38,100
05/24/2000,SBY,MD,AEA,EN,Federal Contract Tower,0,26,11,0,37,0,2,63,4,69,0,28,74,4,106,18,10,28,134
05/25/2000,SBY,MD,AEA,EN,Federal Contract Tower,0,34,16,1,51,0,0,41,19,60,0,34,57,20,111,0,36,36,147
05/26/2000,SBY,MD,AEA,EN,Federal Contract Tower,0,29,13,1,43,0,0,75,17,92,0,29,88,18,135,14,4,18,153
05/27/2000,SBY,MD,AEA,EN,Federal Contract Tower,0,18,8,0,26,0,1,50,0,51,0,19,58,0,77,24,0,24,101
05/28/2000,SBY,MD,AEA,EN,Federal Contract Tower,0,17,8,0,25,0,0,31,0,31,0,17,39,0,56,12,0,12,68
05/29/2000,SBY,MD,AEA,EN,Federal Contract Tower,0,24,11,0,35,0,0,9,0,9,0,24,20,0,44,0,0,0,44
05/30/2000,SBY,MD,AEA,EN,Federal Contract Tower,0,27,12,0,39,0,0,18,8,26,0,27,30,8,65,0,42,42,107
05/31/2000,SBY,MD,AEA,EN,Federal Contract Tower,0,30,15,1,46,0,0,86,9,95,0,30,101,10,141,66,42,108,249
06/01/2000,SBY,MD,AEA,EN,Federal Contract Tower,0,30,15,2,47,0,0,90,0,90,0,30,105,2,137,20,24,44,181
06/02/2000,SBY,MD,AEA,EN,Federal Contract Tower,0,26,15,2,43,0,0,36,8,44,0,26,51,10,87,0,18,18,105
06/03/2000,SBY,MD,AEA,EN,Federal Contract Tower,0,19,9,0,28,0,0,64,0,64,0,19,73,0,92,58,0,58,150
06/04/2000,SBY,MD,AEA,EN,Federal Contract Tower,0,17,9,1,27,0,5,71,4,80,0,22,80,5,107,18,0,18,125
06/05/2000,SBY,MD,AEA,EN,Federal Contract Tower,0,28,13,2,43,0,0,20,2,22,0,28,33,4,65,8,0,8,73
06/06/2000,SBY,MD,AEA,EN,Federal Contract Tower,0,29,22,0,51,0,0,0,0,0,0,29,22,0,51,38,0,38,89
06/07/2000,SBY,MD,AEA,EN,Federal Contract Tower,0,24,12,2,38,0,4,55,1,60,0,28,67,3,98,0,16,16,114
06/08/2000,SBY,MD,AEA,EN,Federal Contract Tower,0,22,12,1,35,0,7,89,5,101,0,29,101,6,136,40,32,72,208
06/09/2000,SBY,MD,AEA,EN,Federal Contract Tower,0,24,12,2,38,0,8,99,4,111,0,32,111,6,149,20,38,58,207
06/10/2000,SBY,MD,AEA,EN,Federal Contract Tower,0,18,10,1,29,0,0,75,1,76,0,18,85,2,105,74,2,76,181
06/11/2000,SBY,MD,AEA,EN,Federal Contract Tower,0,19,10,1,30,0,5,67,0,72,0,24,77,1,102,0,0,0,102
06/12/2000,SBY,MD,AEA,EN,Federal Contract Tower,0,20,11,1,32,0,0,24,3,27,0,20,35,4,59,10,4,14,73
06/13/2000,SBY,MD,AEA,EN,Federal Contract Tower,0,27,15,2,44,0,0,5,6,11,0,27,20,8,55,0,0,0,55
06/14/2000,SBY,MD,AEA,EN,Federal Contract Tower,0,24,12,0,36,0,0,5,0,5,0,24,17,0,41,0,0,0,41
06/15/2000,SBY,MD,AEA,EN,Federal Contract Tower,0,22,14,1,37,0,0,45,7,52,0,22,59,8,89,26,4,30,119
06/16/2000,SBY,MD,AEA,EN,Federal Contract Tower,0,25,11,1,37,0,3,48,7,58,0,28,59,8,95,38,4,42,137
06/17/2000,SBY,MD,AEA,EN,Federal Contract Tower,0,14,6,0,20,0,2,60,2,64,0,16,66,2,84,42,6,48,132
06/18/2000,SBY,MD,AEA,EN,Federal Contract Tower,0,17,9,0,26,0,0,24,2,26,0,17,33,2,52,0,0,0,52
06/19/2000,SBY,MD,AEA,EN,Federal Contract Tower,0,28,14,0,42,0,0,8,0,8,0,28,22,0,50,0,0,0,50
06/20/2000,SBY,MD,AEA,EN,Federal Contract Tower,0,25,13,1,39,0,0,95,5,100,0,25,108,6,139,56,24,80,219
06/21/2000,SBY,MD,AEA,EN,Federal Contract Tower,0,22,11,0,33,0,7,35,6,48,0,29,46,6,81,12,0,12,93
06/22/2000,SBY,MD,AEA,EN,Federal Contract Tower,0,24,12,0,36,0,3,42,2,47,0,27,54,2,83,20,22,42,125
06/23/2000,SBY,MD,AEA,EN,Federal Contract Tower,0,25,12,1,38,0,1,90,11,102,0,26,102,12,140,34,16,50,190
06/24/2000,SBY,MD,AEA,EN,Federal Contract Tower,0,16,9,0,25,0,0,89,0,89,0,16,98,0,114,52,0,52,166
06/25/2000,SBY,MD,AEA,EN,Federal Contract Tower,0,18,8,0,26,0,5,51,0,56,0,23,59,0,82,16,0,16,98
06/26/2000,SBY,MD,AEA,EN,Federal Contract Tower,0,23,11,0,34,0,3,30,2,35,0,26,41,2,69,6,4,10,79
06/27/2000,SBY,MD,AEA,EN,Federal Contract Tower,0,24,12,0,36,0,4,15,6,25,0,28,27,6,61,12,22,34,95
06/28/2000,SBY,MD,AEA,EN,Federal Contract Tower,0,25,11,1,37,0,3,0,1,4,0,28,11,2,41,0,0,0,41
06/29/2000,SBY,MD,AEA,EN,Federal Contract Tower,0,26,14,1,41,0,0,12,19,31,0,26,26,20,72,8,14,22,94
06/30/2000,SBY,MD,AEA,EN,Federal Contract Tower,0,25,12,1,38,0,5,83,8,96,0,30,95,9,134,14,18,32,166
07/01/2000,SBY,MD,AEA,EN,Federal Contract Tower,0,16,9,0,25,0,1,80,6,87,0,17,89,6,112,16,0,16,128
07/02/2000,SBY,MD,AEA,EN,Federal Contract Tower,0,18,8,0,26,0,2,75,0,77,0,20,83,0,103,10,0,10,113
07/03/2000,SBY,MD,AEA,EN,Federal Contract Tower,0,16,8,0,24,0,6,30,0,36,0,22,38,0,60,16,0,16,76
07/04/2000,SBY,MD,AEA,EN,Federal Contract Tower,0,21,9,0,30,0,7,18,0,25,0,28,27,0,55,6,0,6,61
07/05/2000,SBY,MD,AEA,EN,Federal Contract Tower,0,29,14,2,45,0,0,57,2,59,0,29,71,4,104,12,4,16,120
07/06/2000,SBY,MD,AEA,EN,Federal Contract Tower,0,18,9,0,27,0,8,115,0,123,0,26,124,0,150,50,0,50,200
07/07/2000,SBY,MD,AEA,EN,Federal Contract Tower,0,28,12,0,40,0,5,82,0,87,0,33,94,0,127,26,0,26,153
07/08/2000,SBY,MD,AEA,EN,Federal Contract Tower,0,14,7,0,21,0,4,62,0,66,0,18,69,0,87,6,0,6,93
07/09/2000,SBY,MD,AEA,EN,Federal Contract Tower,0,16,7,1,24,0,6,66,1,73,0,22,73,2,97,22,0,22,119
07/10/2000,SBY,MD,AEA,EN,Federal Contract Tower,0,18,9,1,28,0,3,14,4,21,0,21,23,5,49,12,12,24,73
07/11/2000,SBY,MD,AEA,EN,Federal Contract Tower,0,24,10,0,34,0,3,34,0,37,0,27,44,0,71,20,0,20,91
07/12/2000,SBY,MD,AEA,EN,Federal Contract Tower,0,25,11,2,38,0,2,71,5,78,0,27,82,7,116,66,24,90,206
07/13/2000,SBY,MD,AEA,EN,Federal Contract Tower,0,27,12,2,41,0,3,89,6,98,0,30,101,8,139,108,30,138,277
07/14/2000,SBY,MD,AEA,EN,Federal Contract Tower,0,23,11,2,36,0,0,20,2,22,0,23,31,4,58,16,0,16,74
07/15/2000,SBY,MD,AEA,EN,Federal Contract Tower,0,20,12,0,32,0,0,17,0,17,0,20,29,0,49,0,0,0,49
07/16/2000,SBY,MD,AEA,EN,Federal Contract Tower,0,19,9,0,28,0,3,9,0,12,0,22,18,0,40,6,0,6,46
07/17/2000,SBY,MD,AEA,EN,Federal Contract Tower,0,27,13,0,40,0,0,51,0,51,0,27,64,0,91,38,6,44,135
07/18/2000,SBY,MD,AEA,EN,Federal Contract Tower,0,27,16,1,44,0,0,78,6,84,0,27,94,7,128,8,22,30,158
07/19/2000,SBY,MD,AEA,EN,Federal Contract Tower,0,29,13,1,43,0,2,22,1,25,0,31,35,2,68,24,4,28,96
07/20/2000,SBY,MD,AEA,EN,Federal Contract Tower,0,27,12,1,40,0,1,50,1,52,0,28,62,2,92,24,0,24,116
07/21/2000,SBY,MD,AEA,EN,Federal Contract Tower,0,26,12,1,39,0,0,37,1,38,0,26,49,2,77,28,0,28,105
07/22/2000,SBY,MD,AEA,EN,Federal Contract Tower,0,15,7,0,22,0,2,36,2,40,0,17,43,2,62,18,0,18,80
07/23/2000,SBY,MD,AEA,EN,Federal Contract Tower,0,22,11,1,34,0,0,70,1,71,0,22,81,2,105,48,2,50,155
07/24/2000,SBY,MD,AEA,EN,Federal Contract Tower,0,20,9,0,29,0,7,8,0,15,0,27,17,0,44,12,0,12,56
07/25/2000,SBY,MD,AEA,EN,Federal Contract Tower,0,31,14,0,45,0,0,11,0,11,0,31,25,0,56,4,0,4,60
07/26/2000,SBY,MD,AEA,EN,Federal Contract Tower,0,24,10,0,34,0,2,1,0,3,0,26,11,0,37,2,0,2,39
07/27/2000,SBY,MD,AEA,EN,Federal Contract Tower,0,32,17,1,50,0,0,28,7,35,0,32,45,8,85,46,0,46,131
07/28/2000,SBY,MD,AEA,EN,Federal Contract Tower,0,26,13,1,40,0,0,40,3,43,0,26,53,4,83,8,0,8,91
07/29/2000,SBY,MD,AEA,EN,Federal Contract Tower,0,15,9,0,24,0,0,26,0,26,0,15,35,0,50,10,0,10,60
07/30/2000,SBY,MD,AEA,EN,Federal Contract Tower,0,19,9,0,28,0,0,21,0,21,0,19,30,0,49,12,0,12,61
07/31/2000,SBY,MD,AEA,EN,Federal Contract Tower,0,20,10,1,31,0,0,15,3,18,0,20,25,4,49,30,2,32,81
08/01/2000,SBY,MD,AEA,EN,Federal Contract Tower,0,24,11,1,36,0,2,18,2,22,0,26,29,3,58,8,36,44,102
08/02/2000,SBY,MD,AEA,EN,Federal Contract Tower,0,22,10,1,33,0,2,34,0,36,0,24,44,1,69,24,20,44,113
08/03/2000,SBY,MD,AEA,EN,Federal Contract Tower,0,23,12,1,36,0,0,24,1,25,0,23,36,2,61,6,12,18,79
08/04/2000,SBY,MD,AEA,EN,Federal Contract Tower,0,22,14,2,38,0,0,26,0,26,0,22,40,2,64,2,2,4,68
08/05/2000,SBY,MD,AEA,EN,Federal Contract Tower,0,14,7,0,21,0,1,105,0,106,0,15,112,0,127,40,0,40,167
08/06/2000,SBY,MD,AEA,EN,Federal Contract Tower,0,22,11,0,33,0,0,32,0,32,0,22,43,0,65,24,0,24,89
08/07/2000,SBY,MD,AEA,EN,Federal Contract Tower,0,24,12,1,37,0,2,27,1,30,0,26,39,2,67,42,0,42,109
08/08/2000,SBY,MD,AEA,EN,Federal Contract Tower,0,22,11,1,34,0,8,36,3,47,0,30,47,4,81,50,0,50,131
08/09/2000,SBY,MD,AEA,EN,Federal Contract Tower,0,22,10,1,33,0,6,34,0,40,0,28,44,1,73,32,0,32,105
08/10/2000,SBY,MD,AEA,EN,Federal Contract Tower,0,30,14,2,46,0,1,51,0,52,0,31,65,2,98,18,4,22,120
08/11/2000,SBY,MD,AEA,EN,Federal Contract Tower,0,24,15,2,41,0,0,40,2,42,0,24,55,4,83,6,10,16,99
08/12/2000,SBY,MD,AEA,EN,Federal Contract Tower,0,22,10,1,33,0,1,69,2,72,0,23,79,3,105,16,0,16,121
08/13/2000,SBY,MD,AEA,EN,Federal Contract Tower,0,25,12,0,37,0,0,7,0,7,0,25,19,0,44,0,0,0,44
08/14/2000,SBY,MD,AEA,EN,Federal Contract Tower,0,22,10,1,33,0,6,18,1,25,0,28,28,2,58,20,0,20,78
08/15/2000,SBY,MD,AEA,EN,Federal Contract Tower,0,30,12,2,44,0,0,76,12,88,0,30,88,14,132,38,0,38,170
08/16/2000,SBY,MD,AEA,EN,Federal Contract Tower,0,28,11,2,41,0,5,58,17,80,0,33,69,19,121,44,28,72,193
08/17/2000,SBY,MD,AEA,EN,Federal Contract Tower,0,33,14,2,49,0,1,135,6,142,0,34,149,8,191,66,0,66,257
08/18/2000,SBY,MD,AEA,EN,Federal Contract Tower,0,28,14,1,43,0,0,13,3,16,0,28,27,4,59,4,0,4,63
08/19/2000,SBY,MD,AEA,EN,Federal Contract Tower,0,14,6,0,20,0,4,116,0,120,0,18,122,0,140,36,0,36,176
08/20/2000,SBY,MD,AEA,EN,Federal Contract Tower,0,20,9,0,29,0,3,78,0,81,0,23,87,0,110,32,0,32,142
08/21/2000,SBY,MD,AEA,EN,Federal Contract Tower,0,19,9,0,28,0,9,52,2,63,0,28,61,2,91,40,12,52,143
08/22/2000,SBY,MD,AEA,EN,Federal Contract Tower,0,28,14,1,43,0,0,70,1,71,0,28,84,2,114,34,14,48,162
08/23/2000,SBY,MD,AEA,EN,Federal Contract Tower,0,26,12,0,38,0,1,30,2,33,0,27,42,2,71,8,8,16,87
08/24/2000,SBY,MD,AEA,EN,Federal Contract Tower,0,29,13,1,43,0,0,9,5,14,0,29,22,6,57,2,22,24,81
08/25/2000,SBY,MD,AEA,EN,Federal Contract Tower,0,33,18,1,52,0,0,17,1,18,0,33,35,2,70,38,10,48,118
08/26/2000,SBY,MD,AEA,EN,Federal Contract Tower,0,17,8,0,25,0,0,103,0,103,0,17,111,0,128,58,0,58,186
08/27/2000,SBY,MD,AEA,EN,Federal Contract Tower,0,16,7,0,23,0,0,19,0,19,0,16,26,0,42,4,0,4,46
08/28/2000,SBY,MD,AEA,EN,Federal Contract Tower,0,27,12,0,39,0,4,6,0,10,0,31,18,0,49,4,0,4,53
08/29/2000,SBY,MD,AEA,EN,Federal Contract Tower,0,27,12,1,40,0,0,7,5,12,0,27,19,6,52,0,12,12,64
08/30/2000,SBY,MD,AEA,EN,Federal Contract Tower,0,26,12,0,38,0,0,10,0,10,0,26,22,0,48,4,0,4,52
08/31/2000,SBY,MD,AEA,EN,Federal Contract Tower,0,29,13,0,42,0,1,18,0,19,0,30,31,0,61,8,0,8,69
09/01/2000,SBY,MD,AEA,EN,Federal Contract Tower,0,24,9,0,33,0,3,25,0,28,0,27,34,0,61,0,2,2,63
09/02/2000,SBY,MD,AEA,EN,Federal Contract Tower,0,18,8,0,26,0,0,23,0,23,0,18,31,0,49,2,0,2,51
09/03/2000,SBY,MD,AEA,EN,Federal Contract Tower,0,15,7,0,22,0,0,15,0,15,0,15,22,0,37,0,0,0,37
09/04/2000,SBY,MD,AEA,EN,Federal Contract Tower,0,19,7,0,26,0,1,14,0,15,0,20,21,0,41,0,0,0,41
09/05/2000,SBY,MD,AEA,EN,Federal Contract Tower,0,27,10,1,38,0,0,36,3,39,0,27,46,4,77,46,2,48,125
09/06/2000,SBY,MD,AEA,EN,Federal Contract Tower,0,22,8,1,31,0,5,41,5,51,0,27,49,6,82,14,28,42,124
09/07/2000,SBY,MD,AEA,EN,Federal Contract Tower,0,31,12,0,43,0,1,78,0,79,0,32,90,0,122,86,26,112,234
09/08/2000,SBY,MD,AEA,EN,Federal Contract Tower,0,25,9,0,34,0,2,65,0,67,0,27,74,0,101,56,8,64,165
09/09/2000,SBY,MD,AEA,EN,Federal Contract Tower,0,16,7,1,24,0,0,122,1,123,0,16,129,2,147,66,0,66,213
09/10/2000,SBY,MD,AEA,EN,Federal Contract Tower,0,23,9,0,32,0,0,106,0,106,0,23,115,0,138,68,0,68,206
09/11/2000,SBY,MD,AEA,EN,Federal Contract Tower,0,21,8,1,30,0,5,50,11,66,0,26,58,12,96,50,0,50,146
09/12/2000,SBY,MD,AEA,EN,Federal Contract Tower,0,23,9,1,33,0,8,53,5,66,0,31,62,6,99,20,0,20,119
09/13/2000,SBY,MD,AEA,EN,Federal Contract Tower,0,27,10,1,38,0,0,61,16,77,0,27,71,17,115,24,46,70,185
09/14/2000,SBY,MD,AEA,EN,Federal Contract Tower,0,30,11,1,42,0,1,106,3,110,0,31,117,4,152,46,36,82,234
09/15/2000,SBY,MD,AEA,EN,Federal Contract Tower,0,30,12,1,43,0,0,38,1,39,0,30,50,2,82,26,36,62,144
09/16/2000,SBY,MD,AEA,EN,Federal Contract Tower,0,18,8,1,27,0,0,80,1,81,0,18,88,2,108,52,0,52,160
09/17/2000,SBY,MD,AEA,EN,Federal Contract Tower,0,23,7,0,30,0,0,117,0,117,0,23,124,0,147,46,0,46,193
09/18/2000,SBY,MD,AEA,EN,Federal Contract Tower,0,21,7,1,29,0,6,59,1,66,0,27,66,2,95,80,22,102,197
09/19/2000,SBY,MD,AEA,EN,Federal Contract Tower,0,29,14,0,43,0,0,5,6,11,0,29,19,6,54,20,16,36,90
09/20/2000,SBY,MD,AEA,EN,Federal Contract Tower,0,28,10,0,38,0,0,115,6,121,0,28,125,6,159,78,44,122,281
09/21/2000,SBY,MD,AEA,EN,Federal Contract Tower,0,32,12,0,44,0,4,58,0,62,0,36,70,0,106,36,42,78,184
09/22/2000,SBY,MD,AEA,EN,Federal Contract Tower,0,23,9,0,32,0,5,101,2,108,0,28,110,2,140,30,78,108,248
09/23/2000,SBY,MD,AEA,EN,Federal Contract Tower,0,16,8,0,24,0,0,8,0,8,0,16,16,0,32,2,0,2,34
09/24/2000,SBY,MD,AEA,EN,Federal Contract Tower,0,22,8,0,30,0,0,24,0,24,0,22,32,0,54,4,0,4,58
09/25/2000,SBY,MD,AEA,EN,Federal Contract Tower,0,25,10,0,35,0,0,0,0,0,0,25,10,0,35,4,0,4,39
09/26/2000,SBY,MD,AEA,EN,Federal Contract Tower,0,27,11,0,38,0,0,4,0,4,0,27,15,0,42,0,0,0,42
09/27/2000,SBY,MD,AEA,EN,Federal Contract Tower,0,23,8,0,31,0,3,135,0,138,0,26,143,0,169,68,10,78,247
09/28/2000,SBY,MD,AEA,EN,Federal Contract Tower,0,25,9,0,34,0,3,78,6,87,0,28,87,6,121,44,46,90,211
09/29/2000,SBY,MD,AEA,EN,Federal Contract Tower,0,27,10,0,37,0,2,64,2,68,0,29,74,2,105,30,4,34,139
09/30/2000,SBY,MD,AEA,EN,Federal Contract Tower,0,16,5,0,21,0,2,151,0,153,0,18,156,0,174,54,0,54,228
10/01/2000,SBY,MD,AEA,EN,Federal Contract Tower,0,22,8,0,30,0,0,90,0,90,0,22,98,0,120,50,0,50,170
10/02/2000,SBY,MD,AEA,EN,Federal Contract Tower,0,23,8,1,32,0,4,67,1,72,0,27,75,2,104,34,10,44,148
10/03/2000,SBY,MD,AEA,EN,Federal Contract Tower,0,28,10,1,39,0,0,67,7,74,0,28,77,8,113,56,16,72,185
10/04/2000,SBY,MD,AEA,EN,Federal Contract Tower,0,23,8,0,31,0,5,68,0,73,0,28,76,0,104,54,2,56,160
10/05/2000,SBY,MD,AEA,EN,Federal Contract Tower,0,32,15,0,47,0,0,17,0,17,0,32,32,0,64,0,0,0,64
10/06/2000,SBY,MD,AEA,EN,Federal Contract Tower,0,26,10,1,37,0,0,36,7,43,0,26,46,8,80,36,18,54,134
10/07/2000,SBY,MD,AEA,EN,Federal Contract Tower,0,16,8,1,25,0,0,86,0,86,0,16,94,1,111,16,0,16,127
10/08/2000,SBY,MD,AEA,EN,Federal Contract Tower,0,21,8,0,29,0,2,73,0,75,0,23,81,0,104,44,0,44,148
10/09/2000,SBY,MD,AEA,EN,Federal Contract Tower,0,26,10,1,37,0,0,30,1,31,0,26,40,2,68,10,0,10,78
10/10/2000,SBY,MD,AEA,EN,Federal Contract Tower,0,28,10,1,39,0,2,34,1,37,0,30,44,2,76,16,4,20,96
10/11/2000,SBY,MD,AEA,EN,Federal Contract Tower,0,27,11,1,39,0,0,79,3,82,0,27,90,4,121,62,4,66,187
10/12/2000,SBY,MD,AEA,EN,Federal Contract Tower,0,25,9,1,35,0,4,121,5,130,0,29,130,6,165,40,26,66,231
10/13/2000,SBY,MD,AEA,EN,Federal Contract Tower,0,20,7,1,28,0,3,64,5,72,0,23,71,6,100,54,8,62,162
10/14/2000,SBY,MD,AEA,EN,Federal Contract Tower,0,17,7,0,24,0,1,161,0,162,0,18,168,0,186,44,0,44,230
10/15/2000,SBY,MD,AEA,EN,Federal Contract Tower,0,20,7,1,28,0,1,101,1,103,0,21,108,2,131,40,0,40,171
10/16/2000,SBY,MD,AEA,EN,Federal Contract Tower,0,25,9,1,35,0,1,34,3,38,0,26,43,4,73,54,36,90,163
10/17/2000,SBY,MD,AEA,EN,Federal Contract Tower,0,26,10,0,36,0,1,13,0,14,0,27,23,0,50,12,0,12,62
10/18/2000,SBY,MD,AEA,EN,Federal Contract Tower,0,28,10,0,38,0,0,15,0,15,0,28,25,0,53,20,0,20,73
10/19/2000,SBY,MD,AEA,EN,Federal Contract Tower,0,24,8,0,32,0,4,49,2,55,0,28,57,2,87,46,26,72,159
10/20/2000,SBY,MD,AEA,EN,Federal Contract Tower,0,27,10,0,37,0,0,91,4,95,0,27,101,4,132,76,6,82,214
10/21/2000,SBY,MD,AEA,EN,Federal Contract Tower,0,15,5,0,20,0,1,133,0,134,0,16,138,0,154,58,0,58,212
10/22/2000,SBY,MD,AEA,EN,Federal Contract Tower,0,16,6,0,22,0,6,82,0,88,0,22,88,0,110,48,0,48,158
10/23/2000,SBY,MD,AEA,EN,Federal Contract Tower,0,25,12,0,37,0,0,54,0,54,0,25,66,0,91,4,4,8,99
10/24/2000,SBY,MD,AEA,EN,Federal Contract Tower,0,30,11,0,41,0,0,52,2,54,0,30,63,2,95,50,0,50,145
10/25/2000,SBY,MD,AEA,EN,Federal Contract Tower,0,27,10,0,37,0,0,75,6,81,0,27,85,6,118,62,62,124,242
10/26/2000,SBY,MD,AEA,EN,Federal Contract Tower,0,25,12,0,37,0,0,20,2,22,0,25,32,2,59,10,26,36,95
10/27/2000,SBY,MD,AEA,EN,Federal Contract Tower,0,26,9,0,35,0,0,39,0,39,0,26,48,0,74,24,0,24,98
10/28/2000,SBY,MD,AEA,EN,Federal Contract Tower,0,18,7,0,25,0,4,30,0,34,0,22,37,0,59,14,0,14,73
10/29/2000,SBY,MD,AEA,EN,Federal Contract Tower,0,16,6,0,22,0,4,40,0,44,0,20,46,0,66,4,0,4,70
10/30/2000,SBY,MD,AEA,EN,Federal Contract Tower,0,23,8,0,31,0,3,52,0,55,0,26,60,0,86,44,0,44,130
10/31/2000,SBY,MD,AEA,EN,Federal Contract Tower,0,24,9,0,33,0,3,51,8,62,0,27,60,8,95,36,6,42,137
11/01/2000,SBY,MD,AEA,EN,Federal Contract Tower,0,25,10,0,35,0,0,85,4,89,0,25,95,4,124,50,24,74,198
11/02/2000,SBY,MD,AEA,EN,Federal Contract Tower,0,24,9,0,33,0,3,77,14,94,0,27,86,14,127,56,64,120,247
11/03/2000,SBY,MD,AEA,EN,Federal Contract Tower,0,23,8,1,32,0,5,56,3,64,0,28,64,4,96,72,0,72,168
11/04/2000,SBY,MD,AEA,EN,Federal Contract Tower,0,16,6,0,22,0,0,123,0,123,0,16,129,0,145,78,0,78,223
11/05/2000,SBY,MD,AEA,EN,Federal Contract Tower,0,23,8,1,32,0,0,56,3,59,0,23,64,4,91,34,4,38,129
11/06/2000,SBY,MD,AEA,EN,Federal Contract Tower,0,26,9,0,35,0,0,82,0,82,0,26,91,0,117,24,6,30,147
11/07/2000,SBY,MD,AEA,EN,Federal Contract Tower,0,28,9,1,38,0,2,34,10,46,0,30,43,11,84,60,56,116,200
11/08/2000,SBY,MD,AEA,EN,Federal Contract Tower,0,25,8,1,34,0,3,47,3,53,0,28,55,4,87,24,12,36,123
11/09/2000,SBY,MD,AEA,EN,Federal Contract Tower,0,30,10,1,41,0,0,4,3,7,0,30,14,4,48,12,2,14,62
11/10/2000,SBY,MD,AEA,EN,Federal Contract Tower,0,24,8,0,32,0,6,20,0,26,0,30,28,0,58,10,0,10,68
11/11/2000,SBY,MD,AEA,EN,Federal Contract Tower,0,19,6,0,25,0,1,42,0,43,0,20,48,0,68,6,0,6,74
11/12/2000,SBY,MD,AEA,EN,Federal Contract Tower,0,18,7,0,25,0,0,67,0,67,0,18,74,0,92,40,0,40,132
11/13/2000,SBY,MD,AEA,EN,Federal Contract Tower,0,23,7,0,30,0,2,53,0,55,0,25,60,0,85,48,0,48,133
11/14/2000,SBY,MD,AEA,EN,Federal Contract Tower,0,25,8,0,33,0,0,4,0,4,0,25,12,0,37,22,0,22,59
11/15/2000,SBY,MD,AEA,EN,Federal Contract Tower,0,23,8,1,32,0,3,64,3,70,0,26,72,4,102,28,0,28,130
11/16/2000,SBY,MD,AEA,EN,Federal Contract Tower,0,27,9,1,37,0,0,59,3,62,0,27,68,4,99,32,0,32,131
11/17/2000,SBY,MD,AEA,EN,Federal Contract Tower,0,23,7,0,30,0,3,33,2,38,0,26,40,2,68,38,10,48,116
11/18/2000,SBY,MD,AEA,EN,Federal Contract Tower,0,16,5,0,21,0,0,87,4,91,0,16,92,4,112,12,20,32,144
11/19/2000,SBY,MD,AEA,EN,Federal Contract Tower,0,15,5,0,20,0,2,43,0,45,0,17,48,0,65,38,0,38,103
11/20/2000,SBY,MD,AEA,EN,Federal Contract Tower,0,22,8,0,30,0,0,38,0,38,0,22,46,0,68,26,0,26,94
11/21/2000,SBY,MD,AEA,EN,Federal Contract Tower,0,23,7,0,30,0,4,20,0,24,0,27,27,0,54,42,0,42,96
11/22/2000,SBY,MD,AEA,EN,Federal Contract Tower,0,26,8,0,34,0,5,33,0,38,0,31,41,0,72,38,12,50,122
11/23/2000,SBY,MD,AEA,EN,Federal Contract Tower,0,18,5,0,23,0,0,43,0,43,0,18,48,0,66,0,0,0,66
11/24/2000,SBY,MD,AEA,EN,Federal Contract Tower,0,18,8,0,26,0,0,89,0,89,0,18,97,0,115,38,0,38,153
11/25/2000,SBY,MD,AEA,EN,Federal Contract Tower,0,18,6,0,24,0,1,42,0,43,0,19,48,0,67,24,0,24,91
11/26/2000,SBY,MD,AEA,EN,Federal Contract Tower,0,25,9,0,34,0,0,19,0,19,0,25,28,0,53,4,0,4,57
11/27/2000,SBY,MD,AEA,EN,Federal Contract Tower,0,22,7,0,29,0,2,35,0,37,0,24,42,0,66,8,0,8,74
11/28/2000,SBY,MD,AEA,EN,Federal Contract Tower,0,24,8,0,32,0,3,37,7,47,0,27,45,7,79,58,26,84,163
11/29/2000,SBY,MD,AEA,EN,Federal Contract Tower,0,25,9,0,34,0,0,51,3,54,0,25,60,3,88,26,18,44,132
11/30/2000,SBY,MD,AEA,EN,Federal Contract Tower,0,24,7,0,31,0,2,16,4,22,0,26,23,4,53,2,8,10,63
12/01/2000,SBY,MD,AEA,EN,Federal Contract Tower,0,25,9,2,36,0,1,54,6,61,0,26,63,8,97,48,50,98,195
12/02/2000,SBY,MD,AEA,EN,Federal Contract Tower,0,14,6,0,20,0,0,104,0,104,0,14,110,0,124,58,0,58,182
12/03/2000,SBY,MD,AEA,EN,Federal Contract Tower,0,14,6,0,20,0,1,26,0,27,0,15,32,0,47,14,0,14,61
12/04/2000,SBY,MD,AEA,EN,Federal Contract Tower,0,22,7,2,31,0,1,53,0,54,0,23,60,2,85,40,2,42,127
12/05/2000,SBY,MD,AEA,EN,Federal Contract Tower,0,22,12,2,36,0,0,57,8,65,0,22,69,10,101,28,0,28,129
12/06/2000,SBY,MD,AEA,EN,Federal Contract Tower,0,18,7,0,25,0,4,60,0,64,0,22,67,0,89,94,4,98,187
12/07/2000,SBY,MD,AEA,EN,Federal Contract Tower,0,21,10,2,33,0,0,59,0,59,0,21,69,2,92,34,6,40,132
12/08/2000,SBY,MD,AEA,EN,Federal Contract Tower,0,22,7,2,31,0,0,59,0,59,0,22,66,2,90,50,20,70,160
12/09/2000,SBY,MD,AEA,EN,Federal Contract Tower,0,13,5,0,18,0,0,90,0,90,0,13,95,0,108,54,0,54,162
12/10/2000,SBY,MD,AEA,EN,Federal Contract Tower,0,12,4,0,16,0,3,22,0,25,0,15,26,0,41,44,0,44,85
12/11/2000,SBY,MD,AEA,EN,Federal Contract Tower,0,16,6,0,22,0,2,1,0,3,0,18,7,0,25,0,0,0,25
12/12/2000,SBY,MD,AEA,EN,Federal Contract Tower,0,19,8,1,28,0,1,5,3,9,0,20,13,4,37,0,0,0,37
12/13/2000,SBY,MD,AEA,EN,Federal Contract Tower,0,22,7,0,29,0,0,43,0,43,0,22,50,0,72,56,24,80,152
12/14/2000,SBY,MD,AEA,EN,Federal Contract Tower,0,21,8,0,29,0,0,4,0,4,0,21,12,0,33,0,0,0,33
12/15/2000,SBY,MD,AEA,EN,Federal Contract Tower,0,22,7,2,31,0,9,64,0,73,0,31,71,2,104,44,22,66,170
12/16/2000,SBY,MD,AEA,EN,Federal Contract Tower,0,15,5,0,20,0,0,8,0,8,0,15,13,0,28,0,0,0,28
12/17/2000,SBY,MD,AEA,EN,Federal Contract Tower,0,13,4,0,17,0,3,6,0,9,0,16,10,0,26,0,0,0,26
12/18/2000,SBY,MD,AEA,EN,Federal Contract Tower,0,21,7,1,29,0,0,53,1,54,0,21,60,2,83,22,32,54,137
12/19/2000,SBY,MD,AEA,EN,Federal Contract Tower,0,20,7,0,27,0,3,27,5,35,0,23,34,5,62,28,24,52,114
12/20/2000,SBY,MD,AEA,EN,Federal Contract Tower,0,19,7,0,26,0,1,12,0,13,0,20,19,0,39,0,0,0,39
12/21/2000,SBY,MD,AEA,EN,Federal Contract Tower,0,23,9,1,33,0,0,70,4,74,0,23,79,5,107,26,8,34,141
12/22/2000,SBY,MD,AEA,EN,Federal Contract Tower,0,20,6,0,26,0,1,0,2,3,0,21,6,2,29,0,0,0,29
12/23/2000,SBY,MD,AEA,EN,Federal Contract Tower,0,13,5,0,18,0,0,77,0,77,0,13,82,0,95,52,0,52,147
12/24/2000,SBY,MD,AEA,EN,Federal Contract Tower,0,10,4,0,14,0,4,22,0,26,0,14,26,0,40,8,0,8,48
12/25/2000,SBY,MD,AEA,EN,Federal Contract Tower,0,10,4,0,14,0,4,2,0,6,0,14,6,0,20,0,0,0,20
12/26/2000,SBY,MD,AEA,EN,Federal Contract Tower,0,19,7,0,26,0,0,38,0,38,0,19,45,0,64,18,0,18,82
12/27/2000,SBY,MD,AEA,EN,Federal Contract Tower,0,22,10,1,33,0,0,54,5,59,0,22,64,6,92,68,8,76,168
12/28/2000,SBY,MD,AEA,EN,Federal Contract Tower,0,20,8,0,28,0,6,10,0,16,0,26,18,0,44,4,0,4,48
12/29/2000,SBY,MD,AEA,EN,Federal Contract Tower,0,20,8,0,28,0,2,52,2,56,0,22,60,2,84,78,6,84,168
12/30/2000,SBY,MD,AEA,EN,Federal Contract Tower,0,10,4,0,14,0,2,11,0,13,0,12,15,0,27,2,0,2,29
12/31/2000,SBY,MD,AEA,EN,Federal Contract Tower,0,13,4,0,17,0,2,14,0,16,0,15,18,0,33,10,0,10,43
01/01/2001,SBY,MD,AEA,EN,Federal Contract Tower,0,12,4,0,16,0,3,40,0,43,0,15,44,0,59,12,0,12,71
01/02/2001,SBY,MD,AEA,EN,Federal Contract Tower,0,22,8,1,31,0,0,34,5,39,0,22,42,6,70,36,16,52,122
01/03/2001,SBY,MD,AEA,EN,Federal Contract Tower,0,22,7,1,30,0,0,73,11,84,0,22,80,12,114,44,44,88,202
01/04/2001,SBY,MD,AEA,EN,Federal Contract Tower,0,21,6,1,28,0,3,82,1,86,0,24,88,2,114,58,0,58,172
01/05/2001,SBY,MD,AEA,EN,Federal Contract Tower,0,24,7,1,32,0,1,22,3,26,0,25,29,4,58,24,12,36,94
01/06/2001,SBY,MD,AEA,EN,Federal Contract Tower,0,18,5,1,24,0,0,34,1,35,0,18,39,2,59,18,24,42,101
01/07/2001,SBY,MD,AEA,EN,Federal Contract Tower,0,17,5,1,23,0,2,88,1,91,0,19,93,2,114,38,0,38,152
01/08/2001,SBY,MD,AEA,EN,Federal Contract Tower,0,22,7,0,29,0,1,8,0,9,0,23,15,0,38,2,0,2,40
01/09/2001,SBY,MD,AEA,EN,Federal Contract Tower,0,23,7,1,31,0,5,35,1,41,0,28,42,2,72,18,14,32,104
01/10/2001,SBY,MD,AEA,EN,Federal Contract Tower,0,22,7,1,30,0,4,80,1,85,0,26,87,2,115,52,24,76,191
01/11/2001,SBY,MD,AEA,EN,Federal Contract Tower,0,25,7,0,32,0,1,87,0,88,0,26,94,0,120,90,0,90,210
01/12/2001,SBY,MD,AEA,EN,Federal Contract Tower,0,25,8,2,35,0,0,89,4,93,0,25,97,6,128,54,12,66,194
01/13/2001,SBY,MD,AEA,EN,Federal Contract Tower,0,16,5,0,21,0,0,143,0,143,0,16,148,0,164,110,0,110,274
01/14/2001,SBY,MD,AEA,EN,Federal Contract Tower,0,17,5,1,23,0,1,58,3,62,0,18,63,4,85,40,0,40,125
01/15/2001,SBY,MD,AEA,EN,Federal Contract Tower,0,25,7,0,32,0,1,1,0,2,0,26,8,0,34,0,0,0,34
01/16/2001,SBY,MD,AEA,EN,Federal Contract Tower,0,21,7,1,29,0,5,34,1,40,0,26,41,2,69,60,6,66,135
01/17/2001,SBY,MD,AEA,EN,Federal Contract Tower,0,25,9,1,35,0,0,52,1,53,0,25,61,2,88,46,6,52,140
01/18/2001,SBY,MD,AEA,EN,Federal Contract Tower,0,36,10,2,48,0,3,7,6,16,0,39,17,8,64,48,28,76,140
01/19/2001,SBY,MD,AEA,EN,Federal Contract Tower,0,26,6,0,32,0,0,1,0,1,0,26,7,0,33,0,0,0,33
01/20/2001,SBY,MD,AEA,EN,Federal Contract Tower,0,14,0,0,14,0,4,0,0,4,0,18,0,0,18,0,0,0,18
01/21/2001,SBY,MD,AEA,EN,Federal Contract Tower,0,15,3,0,18,0,4,8,0,12,0,19,11,0,30,12,0,12,42
01/22/2001,SBY,MD,AEA,EN,Federal Contract Tower,0,22,5,1,28,0,2,40,7,49,0,24,45,8,77,62,0,62,139
01/23/2001,SBY,MD,AEA,EN,Federal Contract Tower,0,26,8,0,34,0,0,44,2,46,0,26,52,2,80,54,0,54,134
01/24/2001,SBY,MD,AEA,EN,Federal Contract Tower,0,25,8,0,33,0,0,51,3,54,0,25,59,3,87,64,20,84,171
01/25/2001,SBY,MD,AEA,EN,Federal Contract Tower,0,24,7,0,31,0,0,38,4,42,0,24,45,4,73,28,8,36,109
01/26/2001,SBY,MD,AEA,EN,Federal Contract Tower,0,26,7,0,33,0,1,92,0,93,0,27,99,0,126,54,4,58,184
01/27/2001,SBY,MD,AEA,EN,Federal Contract Tower,0,15,4,0,19,0,0,27,0,27,0,15,31,0,46,62,0,62,108
01/28/2001,SBY,MD,AEA,EN,Federal Contract Tower,0,17,6,0,23,0,0,101,2,103,0,17,107,2,126,72,0,72,198
01/29/2001,SBY,MD,AEA,EN,Federal Contract Tower,0,22,7,0,29,0,0,50,6,56,0,22,57,6,85,62,8,70,155
01/30/2001,SBY,MD,AEA,EN,Federal Contract Tower,0,22,6,0,28,0,1,3,2,6,0,23,9,2,34,2,0,2,36
01/31/2001,SBY,MD,AEA,EN,Federal Contract Tower,0,23,8,0,31,0,0,39,7,46,0,23,47,7,77,18,8,26,103
02/01/2001,SBY,MD,AEA,EN,Federal Contract Tower,0,24,8,0,32,0,0,85,0,85,0,24,93,0,117,60,0,60,177
02/02/2001,SBY,MD,AEA,EN,Federal Contract Tower,0,23,8,0,31,0,1,27,0,28,0,24,35,0,59,28,0,28,87
02/03/2001,SBY,MD,AEA,EN,Federal Contract Tower,0,13,5,0,18,0,0,105,0,105,0,13,110,0,123,42,0,42,165
02/04/2001,SBY,MD,AEA,EN,Federal Contract Tower,0,18,6,0,24,0,5,112,0,117,0,23,118,0,141,62,0,62,203
02/05/2001,SBY,MD,AEA,EN,Federal Contract Tower,0,16,0,0,16,0,6,0,0,6,0,22,0,0,22,0,0,0,22
02/06/2001,SBY,MD,AEA,EN,Federal Contract Tower,0,24,8,1,33,0,2,37,3,42,0,26,45,4,75,22,38,60,135
02/07/2001,SBY,MD,AEA,EN,Federal Contract Tower,0,23,9,1,33,0,0,51,3,54,0,23,60,4,87,82,8,90,177
02/08/2001,SBY,MD,AEA,EN,Federal Contract Tower,0,25,9,1,35,0,0,53,7,60,0,25,62,8,95,88,48,136,231
02/09/2001,SBY,MD,AEA,EN,Federal Contract Tower,0,19,7,1,27,0,3,39,3,45,0,22,46,4,72,16,28,44,116
02/10/2001,SBY,MD,AEA,EN,Federal Contract Tower,0,10,3,0,13,0,5,9,0,14,0,15,12,0,27,2,0,2,29
02/11/2001,SBY,MD,AEA,EN,Federal Contract Tower,0,19,7,0,26,0,1,95,0,96,0,20,102,0,122,12,0,12,134
02/12/2001,SBY,MD,AEA,EN,Federal Contract Tower,0,20,7,0,27,0,2,23,0,25,0,22,30,0,52,46,2,48,100
02/13/2001,SBY,MD,AEA,EN,Federal Contract Tower,0,23,10,0,33,0,0,36,0,36,0,23,46,0,69,24,14,38,107
02/14/2001,SBY,MD,AEA,EN,Federal Contract Tower,0,33,12,2,47,0,0,17,6,23,0,33,29,8,70,6,0,6,76
02/15/2001,SBY,MD,AEA,EN,Federal Contract Tower,0,25,9,1,35,0,0,7,1,8,0,25,16,2,43,2,0,2,45
02/16/2001,SBY,MD,AEA,EN,Federal Contract Tower,0,22,9,0,31,0,0,8,0,8,0,22,17,0,39,10,0,10,49
02/17/2001,SBY,MD,AEA,EN,Federal Contract Tower,0,12,4,0,16,0,1,8,0,9,0,13,12,0,25,0,0,0,25
02/18/2001,SBY,MD,AEA,EN,Federal Contract Tower,0,16,8,0,24,0,0,110,0,110,0,16,118,0,134,70,0,70,204
02/19/2001,SBY,MD,AEA,EN,Federal Contract Tower,0,19,6,0,25,0,3,40,0,43,0,22,46,0,68,40,0,40,108
02/20/2001,SBY,MD,AEA,EN,Federal Contract Tower,0,24,8,0,32,0,0,62,2,64,0,24,70,2,96,54,30,84,180
02/21/2001,SBY,MD,AEA,EN,Federal Contract Tower,0,18,6,0,24,0,5,18,6,29,0,23,24,6,53,20,50,70,123
02/22/2001,SBY,MD,AEA,EN,Federal Contract Tower,0,17,6,0,23,0,2,5,0,7,0,19,11,0,30,26,0,26,56
02/23/2001,SBY,MD,AEA,EN,Federal Contract Tower,0,23,8,0,31,0,0,36,0,36,0,23,44,0,67,30,0,30,97
02/24/2001,SBY,MD,AEA,EN,Federal Contract Tower,0,11,4,0,15,0,1,91,6,98,0,12,95,6,113,82,8,90,203
02/25/2001,SBY,MD,AEA,EN,Federal Contract Tower,0,18,6,0,24,0,0,7,0,7,0,18,13,0,31,2,0,2,33
02/26/2001,SBY,MD,AEA,EN,Federal Contract Tower,0,22,7,0,29,0,1,24,15,40,0,23,31,15,69,20,52,72,141
02/27/2001,SBY,MD,AEA,EN,Federal Contract Tower,0,22,8,0,30,0,1,72,4,77,0,23,80,4,107,80,0,80,187
02/28/2001,SBY,MD,AEA,EN,Federal Contract Tower,0,25,9,0,34,0,4,29,18,51,0,29,38,18,85,38,44,82,167
03/01/2001,SBY,MD,AEA,EN,Federal Contract Tower,0,20,8,0,28,0,3,86,14,103,0,23,94,14,131,70,84,154,285
03/02/2001,SBY,MD,AEA,EN,Federal Contract Tower,0,20,7,1,28,0,3,57,7,67,0,23,64,8,95,72,44,116,211
03/03/2001,SBY,MD,AEA,EN,Federal Contract Tower,0,12,5,0,17,0,0,90,0,90,0,12,95,0,107,40,0,40,147
03/04/2001,SBY,MD,AEA,EN,Federal Contract Tower,0,15,4,0,19,0,2,0,0,2,0,17,4,0,21,0,0,0,21
03/05/2001,SBY,MD,AEA,EN,Federal Contract Tower,0,16,3,0,19,0,8,0,0,8,0,24,3,0,27,0,0,0,27
03/06/2001,SBY,MD,AEA,EN,Federal Contract Tower,0,20,1,0,21,0,7,0,0,7,0,27,1,0,28,0,0,0,28
03/07/2001,SBY,MD,AEA,EN,Federal Contract Tower,0,20,7,1,28,0,5,31,9,45,0,25,38,10,73,16,56,72,145
03/08/2001,SBY,MD,AEA,EN,Federal Contract Tower,0,26,10,1,37,0,3,73,5,81,0,29,83,6,118,32,56,88,206
03/09/2001,SBY,MD,AEA,EN,Federal Contract Tower,0,19,7,1,27,0,4,7,7,18,0,23,14,8,45,16,68,84,129
03/10/2001,SBY,MD,AEA,EN,Federal Contract Tower,0,16,6,0,22,0,1,65,0,66,0,17,71,0,88,10,0,10,98
03/11/2001,SBY,MD,AEA,EN,Federal Contract Tower,0,18,8,0,26,0,0,59,0,59,0,18,67,0,85,34,0,34,119
03/12/2001,SBY,MD,AEA,EN,Federal Contract Tower,0,20,7,1,28,0,1,43,7,51,0,21,50,8,79,16,34,50,129
03/13/2001,SBY,MD,AEA,EN,Federal Contract Tower,0,25,10,1,36,0,2,15,5,22,0,27,25,6,58,4,30,34,92
03/14/2001,SBY,MD,AEA,EN,Federal Contract Tower,0,22,8,1,31,0,4,26,13,43,0,26,34,14,74,38,50,88,162
03/15/2001,SBY,MD,AEA,EN,Federal Contract Tower,0,29,11,1,41,0,2,9,2,13,0,31,20,3,54,28,14,42,96
03/16/2001,SBY,MD,AEA,EN,Federal Contract Tower,0,26,10,1,37,0,0,20,6,26,0,26,30,7,63,60,2,62,125
03/17/2001,SBY,MD,AEA,EN,Federal Contract Tower,0,17,9,0,26,0,0,12,0,12,0,17,21,0,38,8,0,8,46
03/18/2001,SBY,MD,AEA,EN,Federal Contract Tower,0,17,6,0,23,0,0,31,6,37,0,17,37,6,60,20,0,20,80
03/19/2001,SBY,MD,AEA,EN,Federal Contract Tower,0,25,9,0,34,0,2,85,12,99,0,27,94,12,133,70,38,108,241
03/20/2001,SBY,MD,AEA,EN,Federal Contract Tower,0,25,10,0,35,0,0,47,10,57,0,25,57,10,92,6,22,28,120
03/21/2001,SBY,MD,AEA,EN,Federal Contract Tower,0,21,7,0,28,0,3,0,0,3,0,24,7,0,31,0,0,0,31
03/22/2001,SBY,MD,AEA,EN,Federal Contract Tower,0,28,10,0,38,0,0,5,3,8,0,28,15,3,46,4,12,16,62
03/23/2001,SBY,MD,AEA,EN,Federal Contract Tower,0,22,9,0,31,0,0,29,8,37,0,22,38,8,68,10,36,46,114
03/24/2001,SBY,MD,AEA,EN,Federal Contract Tower,0,14,6,0,20,0,0,37,0,37,0,14,43,0,57,8,0,8,65
03/25/2001,SBY,MD,AEA,EN,Federal Contract Tower,0,17,7,0,24,0,0,74,0,74,0,17,81,0,98,128,0,128,226
03/26/2001,SBY,MD,AEA,EN,Federal Contract Tower,0,23,9,0,32,0,0,16,0,16,0,23,25,0,48,2,0,2,50
03/27/2001,SBY,MD,AEA,EN,Federal Contract Tower,0,25,10,0,35,0,0,54,8,62,0,25,64,8,97,58,50,108,205
03/28/2001,SBY,MD,AEA,EN,Federal Contract Tower,0,27,11,0,38,0,0,96,16,112,0,27,107,16,150,84,64,148,298
03/29/2001,SBY,MD,AEA,EN,Federal Contract Tower,0,25,9,0,34,0,0,15,2,17,0,25,24,2,51,54,8,62,113
03/30/2001,SBY,MD,AEA,EN,Federal Contract Tower,0,28,10,0,38,0,1,10,2,13,0,29,20,2,51,14,14,28,79
03/31/2001,SBY,MD,AEA,EN,Federal Contract Tower,0,16,10,0,26,0,0,45,0,45,0,16,55,0,71,38,0,38,109
04/01/2001,SBY,MD,AEA,EN,Federal Contract Tower,0,17,12,0,29,0,0,28,0,28,0,17,40,0,57,24,4,28,85
04/02/2001,SBY,MD,AEA,EN,Federal Contract Tower,0,22,13,0,35,0,1,46,4,51,0,23,59,4,86,18,16,34,120
04/03/2001,SBY,MD,AEA,EN,Federal Contract Tower,0,25,10,3,38,0,0,66,7,73,0,25,76,10,111,70,42,112,223
04/04/2001,SBY,MD,AEA,EN,Federal Contract Tower,0,25,15,0,40,0,0,57,12,69,0,25,72,12,109,40,72,112,221
04/05/2001,SBY,MD,AEA,EN,Federal Contract Tower,0,26,11,2,39,0,0,73,6,79,0,26,84,8,118,48,6,54,172
04/06/2001,SBY,MD,AEA,EN,Federal Contract Tower,0,28,12,4,44,0,0,52,2,54,0,28,64,6,98,26,10,36,134
04/07/2001,SBY,MD,AEA,EN,Federal Contract Tower,0,19,22,0,41,0,0,23,0,23,0,19,45,0,64,10,0,10,74
04/08/2001,SBY,MD,AEA,EN,Federal Contract Tower,0,21,16,0,37,0,1,44,2,47,0,22,60,2,84,12,0,12,96
04/09/2001,SBY,MD,AEA,EN,Federal Contract Tower,0,20,13,0,33,0,0,65,2,67,0,20,78,2,100,22,0,22,122
04/10/2001,SBY,MD,AEA,EN,Federal Contract Tower,0,30,17,0,47,0,0,42,2,44,0,30,59,2,91,46,8,54,145
04/11/2001,SBY,MD,AEA,EN,Federal Contract Tower,0,25,19,2,46,0,0,0,0,0,0,25,19,2,46,0,0,0,46
04/12/2001,SBY,MD,AEA,EN,Federal Contract Tower,0,23,28,0,51,0,2,43,2,47,0,25,71,2,98,46,4,50,148
04/13/2001,SBY,MD,AEA,EN,Federal Contract Tower,0,25,26,2,53,0,1,93,0,94,0,26,119,2,147,102,0,102,249
04/14/2001,SBY,MD,AEA,EN,Federal Contract Tower,0,17,13,0,30,0,1,116,0,117,0,18,129,0,147,70,0,70,217
04/15/2001,SBY,MD,AEA,EN,Federal Contract Tower,0,18,15,0,33,0,0,51,0,51,0,18,66,0,84,12,0,12,96
04/16/2001,SBY,MD,AEA,EN,Federal Contract Tower,0,31,8,1,40,0,0,18,1,19,0,31,26,2,59,32,0,32,91
04/17/2001,SBY,MD,AEA,EN,Federal Contract Tower,0,25,12,0,37,0,1,37,0,38,0,26,49,0,75,38,0,38,113
04/18/2001,SBY,MD,AEA,EN,Federal Contract Tower,0,26,13,2,41,0,1,23,2,26,0,27,36,4,67,8,16,24,91
04/19/2001,SBY,MD,AEA,EN,Federal Contract Tower,0,22,15,4,41,0,4,78,12,94,0,26,93,16,135,46,10,56,191
04/20/2001,SBY,MD,AEA,EN,Federal Contract Tower,0,24,16,2,42,0,4,70,4,78,0,28,86,6,120,42,8,50,170
04/21/2001,SBY,MD,AEA,EN,Federal Contract Tower,0,20,16,0,36,0,0,72,0,72,0,20,88,0,108,32,0,32,140
04/22/2001,SBY,MD,AEA,EN,Federal Contract Tower,0,19,10,0,29,0,2,87,0,89,0,21,97,0,118,28,0,28,146
04/23/2001,SBY,MD,AEA,EN,Federal Contract Tower,0,25,4,1,30,0,2,53,1,56,0,27,57,2,86,54,4,58,144
04/24/2001,SBY,MD,AEA,EN,Federal Contract Tower,0,25,8,3,36,0,0,38,5,43,0,25,46,8,79,24,20,44,123
04/25/2001,SBY,MD,AEA,EN,Federal Contract Tower,0,26,5,1,32,0,0,46,1,47,0,26,51,2,79,44,0,44,123
04/26/2001,SBY,MD,AEA,EN,Federal Contract Tower,0,24,8,0,32,0,2,39,6,47,0,26,47,6,79,76,24,100,179
04/27/2001,SBY,MD,AEA,EN,Federal Contract Tower,0,25,6,0,31,0,0,82,2,84,0,25,88,2,115,92,26,118,233
04/28/2001,SBY,MD,AEA,EN,Federal Contract Tower,0,19,7,2,28,0,1,73,2,76,0,20,80,4,104,36,0,36,140
04/29/2001,SBY,MD,AEA,EN,Federal Contract Tower,0,18,4,0,22,0,0,103,0,103,0,18,107,0,125,44,0,44,169
04/30/2001,SBY,MD,AEA,EN,Federal Contract Tower,0,25,6,2,33,0,5,73,2,80,0,30,79,4,113,86,0,86,199
05/01/2001,SBY,MD,AEA,EN,Federal Contract Tower,0,22,10,1,33,0,6,75,13,94,0,28,85,14,127,56,44,100,227
05/02/2001,SBY,MD,AEA,EN,Federal Contract Tower,0,27,8,6,41,0,0,66,10,76,0,27,74,16,117,54,26,80,197
05/03/2001,SBY,MD,AEA,EN,Federal Contract Tower,0,27,6,2,35,0,4,79,8,91,0,31,85,10,126,98,16,114,240
05/04/2001,SBY,MD,AEA,EN,Federal Contract Tower,0,29,16,5,50,0,0,69,5,74,0,29,85,10,124,76,24,100,224
05/05/2001,SBY,MD,AEA,EN,Federal Contract Tower,0,15,7,0,22,0,0,75,8,83,0,15,82,8,105,44,0,44,149
05/06/2001,SBY,MD,AEA,EN,Federal Contract Tower,0,17,10,0,27,0,1,65,0,66,0,18,75,0,93,16,0,16,109
05/07/2001,SBY,MD,AEA,EN,Federal Contract Tower,0,26,10,1,37,0,0,49,7,56,0,26,59,8,93,48,28,76,169
05/08/2001,SBY,MD,AEA,EN,Federal Contract Tower,0,25,14,2,41,0,1,67,2,70,0,26,81,4,111,88,4,92,203
05/09/2001,SBY,MD,AEA,EN,Federal Contract Tower,0,25,8,4,37,0,0,69,6,75,0,25,77,10,112,46,10,56,168
05/10/2001,SBY,MD,AEA,EN,Federal Contract Tower,0,25,14,1,40,0,0,102,3,105,0,25,116,4,145,100,10,110,255
05/11/2001,SBY,MD,AEA,EN,Federal Contract Tower,0,26,11,0,37,0,2,103,2,107,0,28,114,2,144,76,4,80,224
05/12/2001,SBY,MD,AEA,EN,Federal Contract Tower,0,17,4,0,21,0,0,68,0,68,0,17,72,0,89,54,0,54,143
05/13/2001,SBY,MD,AEA,EN,Federal Contract Tower,0,17,8,0,25,0,4,69,0,73,0,21,77,0,98,18,0,18,116
05/14/2001,SBY,MD,AEA,EN,Federal Contract Tower,0,24,7,2,33,0,2,91,4,97,0,26,98,6,130,68,32,100,230
05/15/2001,SBY,MD,AEA,EN,Federal Contract Tower,0,26,5,0,31,0,0,68,2,70,0,26,73,2,101,32,0,32,133
05/16/2001,SBY,MD,AEA,EN,Federal Contract Tower,0,24,1,2,27,0,1,66,8,75,0,25,67,10,102,48,50,98,200
05/17/2001,SBY,MD,AEA,EN,Federal Contract Tower,0,25,19,4,48,0,0,38,4,42,0,25,57,8,90,64,10,74,164
05/18/2001,SBY,MD,AEA,EN,Federal Contract Tower,0,23,16,1,40,0,0,14,3,17,0,23,30,4,57,10,0,10,67
05/19/2001,SBY,MD,AEA,EN,Federal Contract Tower,0,16,10,0,26,0,0,9,0,9,0,16,19,0,35,12,0,12,47
05/20/2001,SBY,MD,AEA,EN,Federal Contract Tower,0,18,11,0,29,0,0,0,0,0,0,18,11,0,29,0,0,0,29
05/21/2001,SBY,MD,AEA,EN,Federal Contract Tower,0,22,16,0,38,0,0,1,0,1,0,22,17,0,39,0,0,0,39
05/22/2001,SBY,MD,AEA,EN,Federal Contract Tower,0,17,14,3,34,0,1,26,13,40,0,18,40,16,74,14,8,22,96
05/23/2001,SBY,MD,AEA,EN,Federal Contract Tower,0,29,13,1,43,0,1,47,1,49,0,30,60,2,92,56,0,56,148
05/24/2001,SBY,MD,AEA,EN,Federal Contract Tower,0,26,19,2,47,0,0,104,10,114,0,26,123,12,161,76,46,122,283
05/25/2001,SBY,MD,AEA,EN,Federal Contract Tower,0,27,14,0,41,0,0,32,0,32,0,27,46,0,73,34,0,34,107
05/26/2001,SBY,MD,AEA,EN,Federal Contract Tower,0,15,4,0,19,0,0,6,0,6,0,15,10,0,25,4,0,4,29
05/27/2001,SBY,MD,AEA,EN,Federal Contract Tower,0,20,10,0,30,0,1,41,0,42,0,21,51,0,72,8,0,8,80
05/28/2001,SBY,MD,AEA,EN,Federal Contract Tower,0,22,7,0,29,0,0,48,0,48,0,22,55,0,77,52,0,52,129
05/29/2001,SBY,MD,AEA,EN,Federal Contract Tower,0,29,12,1,42,0,1,31,3,35,0,30,43,4,77,30,20,50,127
05/30/2001,SBY,MD,AEA,EN,Federal Contract Tower,0,29,9,1,39,0,0,52,7,59,0,29,61,8,98,24,16,40,138
05/31/2001,SBY,MD,AEA,EN,Federal Contract Tower,0,26,3,5,34,0,2,74,11,87,0,28,77,16,121,58,60,118,239
06/01/2001,SBY,MD,AEA,EN,Federal Contract Tower,0,23,8,0,31,0,1,47,0,48,0,24,55,0,79,18,0,18,97
06/02/2001,SBY,MD,AEA,EN,Federal Contract Tower,0,17,12,0,29,0,1,39,0,40,0,18,51,0,69,6,0,6,75
06/03/2001,SBY,MD,AEA,EN,Federal Contract Tower,0,15,1,0,16,0,5,85,0,90,0,20,86,0,106,8,0,8,114
06/04/2001,SBY,MD,AEA,EN,Federal Contract Tower,0,26,5,0,31,0,0,54,16,70,0,26,59,16,101,32,52,84,185
06/05/2001,SBY,MD,AEA,EN,Federal Contract Tower,0,33,23,3,59,0,0,46,5,51,0,33,69,8,110,58,24,82,192
06/06/2001,SBY,MD,AEA,EN,Federal Contract Tower,0,26,9,0,35,0,0,44,2,46,0,26,53,2,81,98,16,114,195
06/07/2001,SBY,MD,AEA,EN,Federal Contract Tower,0,25,21,0,46,0,0,9,0,9,0,25,30,0,55,18,0,18,73
06/08/2001,SBY,MD,AEA,EN,Federal Contract Tower,0,22,16,0,38,0,3,92,4,99,0,25,108,4,137,84,12,96,233
06/09/2001,SBY,MD,AEA,EN,Federal Contract Tower,0,16,11,0,27,0,0,147,8,155,0,16,158,8,182,38,0,38,220
06/10/2001,SBY,MD,AEA,EN,Federal Contract Tower,0,17,4,0,21,0,0,114,0,114,0,17,118,0,135,52,0,52,187
06/11/2001,SBY,MD,AEA,EN,Federal Contract Tower,0,25,9,0,34,0,1,70,4,75,0,26,79,4,109,38,18,56,165
06/12/2001,SBY,MD,AEA,EN,Federal Contract Tower,0,23,15,0,38,0,0,56,0,56,0,23,71,0,94,60,0,60,154
06/13/2001,SBY,MD,AEA,EN,Federal Contract Tower,0,26,7,1,34,0,1,40,3,44,0,27,47,4,78,34,10,44,122
06/14/2001,SBY,MD,AEA,EN,Federal Contract Tower,0,29,13,2,44,0,0,66,7,73,0,29,79,9,117,78,28,106,223
06/15/2001,SBY,MD,AEA,EN,Federal Contract Tower,0,26,17,0,43,0,0,5,0,5,0,26,22,0,48,28,0,28,76
06/16/2001,SBY,MD,AEA,EN,Federal Contract Tower,0,17,10,0,27,0,0,8,0,8,0,17,18,0,35,0,0,0,35
06/17/2001,SBY,MD,AEA,EN,Federal Contract Tower,0,19,4,0,23,0,1,33,0,34,0,20,37,0,57,34,0,34,91
06/18/2001,SBY,MD,AEA,EN,Federal Contract Tower,0,23,13,1,37,0,0,115,9,124,0,23,128,10,161,68,56,124,285
06/19/2001,SBY,MD,AEA,EN,Federal Contract Tower,0,27,5,4,36,0,0,135,6,141,0,27,140,10,177,32,36,68,245
06/20/2001,SBY,MD,AEA,EN,Federal Contract Tower,0,23,11,0,34,0,2,67,4,73,0,25,78,4,107,52,4,56,163
06/21/2001,SBY,MD,AEA,EN,Federal Contract Tower,0,24,11,0,35,0,6,59,8,73,0,30,70,8,108,46,2,48,156
06/22/2001,SBY,MD,AEA,EN,Federal Contract Tower,0,28,21,0,49,0,0,45,2,47,0,28,66,2,96,26,18,44,140
06/23/2001,SBY,MD,AEA,EN,Federal Contract Tower,0,16,0,0,16,0,0,28,0,28,0,16,28,0,44,4,0,4,48
06/24/2001,SBY,MD,AEA,EN,Federal Contract Tower,0,17,11,0,28,0,1,180,0,181,0,18,191,0,209,64,0,64,273
06/25/2001,SBY,MD,AEA,EN,Federal Contract Tower,0,23,14,1,38,0,1,75,3,79,0,24,89,4,117,88,0,88,205
06/26/2001,SBY,MD,AEA,EN,Federal Contract Tower,0,28,13,1,42,0,0,67,7,74,0,28,80,8,116,36,28,64,180
06/27/2001,SBY,MD,AEA,EN,Federal Contract Tower,0,25,4,1,30,0,1,60,12,73,0,26,64,13,103,76,50,126,229
06/28/2001,SBY,MD,AEA,EN,Federal Contract Tower,0,27,12,2,41,0,0,70,8,78,0,27,82,10,119,50,22,72,191
06/29/2001,SBY,MD,AEA,EN,Federal Contract Tower,0,27,15,0,42,0,0,45,4,49,0,27,60,4,91,46,4,50,141
06/30/2001,SBY,MD,AEA,EN,Federal Contract Tower,0,21,15,0,36,0,0,87,0,87,0,21,102,0,123,46,0,46,169
07/01/2001,SBY,MD,AEA,EN,Federal Contract Tower,0,13,5,0,18,0,0,72,0,72,0,13,77,0,90,38,0,38,128
07/02/2001,SBY,MD,AEA,EN,Federal Contract Tower,0,25,1,2,28,0,2,77,6,85,0,27,78,8,113,24,6,30,143
07/03/2001,SBY,MD,AEA,EN,Federal Contract Tower,0,26,6,4,36,0,1,88,5,94,0,27,94,9,130,40,22,62,192
07/04/2001,SBY,MD,AEA,EN,Federal Contract Tower,0,22,5,0,27,0,2,39,0,41,0,24,44,0,68,12,0,12,80
07/05/2001,SBY,MD,AEA,EN,Federal Contract Tower,0,29,5,1,35,0,0,63,1,64,0,29,68,2,99,42,20,62,161
07/06/2001,SBY,MD,AEA,EN,Federal Contract Tower,0,22,5,1,28,0,1,76,3,80,0,23,81,4,108,34,16,50,158
07/07/2001,SBY,MD,AEA,EN,Federal Contract Tower,0,18,4,0,22,0,1,122,0,123,0,19,126,0,145,54,0,54,199
07/08/2001,SBY,MD,AEA,EN,Federal Contract Tower,0,19,8,0,27,0,1,32,0,33,0,20,40,0,60,6,0,6,66
07/09/2001,SBY,MD,AEA,EN,Federal Contract Tower,0,25,12,2,39,0,0,78,6,84,0,25,90,8,123,40,6,46,169
07/10/2001,SBY,MD,AEA,EN,Federal Contract Tower,0,23,17,0,40,0,1,44,4,49,0,24,61,4,89,52,8,60,149
07/11/2001,SBY,MD,AEA,EN,Federal Contract Tower,0,27,9,0,36,0,0,29,2,31,0,27,38,2,67,18,62,80,147
07/12/2001,SBY,MD,AEA,EN,Federal Contract Tower,0,26,9,2,37,0,2,97,12,111,0,28,106,14,148,78,2,80,228
07/13/2001,SBY,MD,AEA,EN,Federal Contract Tower,0,24,7,1,32,0,0,64,1,65,0,24,71,2,97,72,0,72,169
07/14/2001,SBY,MD,AEA,EN,Federal Contract Tower,0,18,4,0,22,0,0,125,2,127,0,18,129,2,149,48,0,48,197
07/15/2001,SBY,MD,AEA,EN,Federal Contract Tower,0,19,6,0,25,0,2,83,0,85,0,21,89,0,110,46,0,46,156
07/16/2001,SBY,MD,AEA,EN,Federal Contract Tower,0,22,6,2,30,0,0,47,6,53,0,22,53,8,83,6,8,14,97
07/17/2001,SBY,MD,AEA,EN,Federal Contract Tower,0,26,14,5,45,0,1,62,7,70,0,27,76,12,115,40,24,64,179
07/18/2001,SBY,MD,AEA,EN,Federal Contract Tower,0,27,11,6,44,0,0,5,0,5,0,27,16,6,49,2,0,2,51
07/19/2001,SBY,MD,AEA,EN,Federal Contract Tower,0,25,23,2,50,0,0,35,1,36,0,25,58,3,86,14,4,18,104
07/20/2001,SBY,MD,AEA,EN,Federal Contract Tower,0,26,17,0,43,0,1,68,2,71,0,27,85,2,114,22,0,22,136
07/21/2001,SBY,MD,AEA,EN,Federal Contract Tower,0,18,9,0,27,0,0,124,0,124,0,18,133,0,151,44,0,44,195
07/22/2001,SBY,MD,AEA,EN,Federal Contract Tower,0,19,2,0,21,0,0,113,0,113,0,19,115,0,134,54,0,54,188
07/23/2001,SBY,MD,AEA,EN,Federal Contract Tower,0,23,8,2,33,0,1,27,2,30,0,24,35,4,63,20,0,20,83
07/24/2001,SBY,MD,AEA,EN,Federal Contract Tower,0,27,13,0,40,0,0,30,6,36,0,27,43,6,76,36,32,68,144
07/25/2001,SBY,MD,AEA,EN,Federal Contract Tower,0,25,9,2,36,0,0,22,0,22,0,25,31,2,58,12,2,14,72
07/26/2001,SBY,MD,AEA,EN,Federal Contract Tower,0,25,6,9,40,0,0,21,1,22,0,25,27,10,62,22,18,40,102
07/27/2001,SBY,MD,AEA,EN,Federal Contract Tower,0,27,16,2,45,0,0,71,10,81,0,27,87,12,126,34,76,110,236
07/28/2001,SBY,MD,AEA,EN,Federal Contract Tower,0,21,9,0,30,0,2,97,0,99,0,23,106,0,129,28,0,28,157
07/29/2001,SBY,MD,AEA,EN,Federal Contract Tower,0,18,14,0,32,0,0,4,0,4,0,18,18,0,36,0,0,0,36
07/30/2001,SBY,MD,AEA,EN,Federal Contract Tower,0,22,19,2,43,0,1,46,7,54,0,23,65,9,97,26,30,56,153
07/31/2001,SBY,MD,AEA,EN,Federal Contract Tower,0,25,5,1,31,0,0,115,5,120,0,25,120,6,151,76,30,106,257
08/01/2001,SBY,MD,AEA,EN,Federal Contract Tower,0,28,16,2,46,0,0,92,8,100,0,28,108,10,146,52,44,96,242
08/02/2001,SBY,MD,AEA,EN,Federal Contract Tower,0,30,17,0,47,0,0,112,2,114,0,30,129,2,161,42,6,48,209
08/03/2001,SBY,MD,AEA,EN,Federal Contract Tower,0,26,11,0,37,0,0,54,4,58,0,26,65,4,95,58,12,70,165
08/04/2001,SBY,MD,AEA,EN,Federal Contract Tower,0,21,9,0,30,0,0,89,0,89,0,21,98,0,119,16,0,16,135
08/05/2001,SBY,MD,AEA,EN,Federal Contract Tower,0,18,16,0,34,0,0,33,0,33,0,18,49,0,67,4,0,4,71
08/06/2001,SBY,MD,AEA,EN,Federal Contract Tower,0,27,12,0,39,0,1,38,6,45,0,28,50,6,84,28,24,52,136
08/07/2001,SBY,MD,AEA,EN,Federal Contract Tower,0,28,10,0,38,0,1,48,8,57,0,29,58,8,95,20,16,36,131
08/08/2001,SBY,MD,AEA,EN,Federal Contract Tower,0,26,10,2,38,0,0,33,4,37,0,26,43,6,75,24,12,36,111
08/09/2001,SBY,MD,AEA,EN,Federal Contract Tower,0,28,20,0,48,0,0,65,2,67,0,28,85,2,115,6,14,20,135
08/10/2001,SBY,MD,AEA,EN,Federal Contract Tower,0,22,14,0,36,0,1,23,2,26,0,23,37,2,62,38,14,52,114
08/11/2001,SBY,MD,AEA,EN,Federal Contract Tower,0,20,10,0,30,0,0,20,0,20,0,20,30,0,50,0,0,0,50
08/12/2001,SBY,MD,AEA,EN,Federal Contract Tower,0,19,4,0,23,0,0,24,0,24,0,19,28,0,47,0,0,0,47
08/13/2001,SBY,MD,AEA,EN,Federal Contract Tower,0,28,16,0,44,0,0,13,5,18,0,28,29,5,62,6,0,6,68
08/14/2001,SBY,MD,AEA,EN,Federal Contract Tower,0,25,14,0,39,0,0,31,10,41,0,25,45,10,80,52,10,62,142
08/15/2001,SBY,MD,AEA,EN,Federal Contract Tower,0,26,16,2,44,0,1,93,12,106,0,27,109,14,150,72,22,94,244
08/16/2001,SBY,MD,AEA,EN,Federal Contract Tower,0,26,19,2,47,0,0,107,13,120,0,26,126,15,167,68,0,68,235
08/17/2001,SBY,MD,AEA,EN,Federal Contract Tower,0,29,18,0,47,0,0,43,5,48,0,29,61,5,95,38,10,48,143
08/18/2001,SBY,MD,AEA,EN,Federal Contract Tower,0,19,11,0,30,0,0,57,0,57,0,19,68,0,87,10,0,10,97
08/19/2001,SBY,MD,AEA,EN,Federal Contract Tower,0,20,12,0,32,0,1,40,0,41,0,21,52,0,73,4,0,4,77
08/20/2001,SBY,MD,AEA,EN,Federal Contract Tower,0,22,9,0,31,0,1,37,0,38,0,23,46,0,69,22,0,22,91
08/21/2001,SBY,MD,AEA,EN,Federal Contract Tower,0,25,7,1,33,0,1,76,3,80,0,26,83,4,113,34,6,40,153
08/22/2001,SBY,MD,AEA,EN,Federal Contract Tower,0,26,10,1,37,0,2,93,9,104,0,28,103,10,141,65,26,91,232
08/23/2001,SBY,MD,AEA,EN,Federal Contract Tower,0,28,10,4,42,0,3,47,8,58,0,31,57,12,100,44,22,66,166
08/24/2001,SBY,MD,AEA,EN,Federal Contract Tower,0,31,18,0,49,0,0,78,6,84,0,31,96,6,133,30,52,82,215
08/25/2001,SBY,MD,AEA,EN,Federal Contract Tower,0,20,14,0,34,0,1,175,2,178,0,21,189,2,212,20,0,20,232
08/26/2001,SBY,MD,AEA,EN,Federal Contract Tower,0,20,5,0,25,0,0,135,0,135,0,20,140,0,160,8,0,8,168
08/27/2001,SBY,MD,AEA,EN,Federal Contract Tower,0,21,13,1,35,0,1,40,7,48,0,22,53,8,83,12,10,22,105
08/28/2001,SBY,MD,AEA,EN,Federal Contract Tower,0,23,11,2,36,0,0,29,6,35,0,23,40,8,71,16,42,58,129
08/29/2001,SBY,MD,AEA,EN,Federal Contract Tower,0,24,15,1,40,0,1,66,6,73,0,25,81,7,113,44,20,64,177
08/30/2001,SBY,MD,AEA,EN,Federal Contract Tower,0,27,14,1,42,0,0,32,1,33,0,27,46,2,75,4,0,4,79
08/31/2001,SBY,MD,AEA,EN,Federal Contract Tower,0,17,20,2,39,0,0,37,2,39,0,17,57,4,78,56,16,72,150
09/01/2001,SBY,MD,AEA,EN,Federal Contract Tower,0,19,12,0,31,0,0,55,0,55,0,19,67,0,86,16,0,16,102
09/02/2001,SBY,MD,AEA,EN,Federal Contract Tower,0,15,0,0,15,0,1,141,0,142,0,16,141,0,157,12,0,12,169
09/03/2001,SBY,MD,AEA,EN,Federal Contract Tower,0,19,4,0,23,0,0,82,0,82,0,19,86,0,105,10,0,10,115
09/04/2001,SBY,MD,AEA,EN,Federal Contract Tower,0,22,5,0,27,0,0,44,6,50,0,22,49,6,77,40,16,56,133
09/05/2001,SBY,MD,AEA,EN,Federal Contract Tower,0,28,2,9,39,0,0,61,5,66,0,28,63,14,105,60,18,78,183
09/06/2001,SBY,MD,AEA,EN,Federal Contract Tower,0,29,9,0,38,0,1,106,7,114,0,30,115,7,152,84,14,98,250
09/07/2001,SBY,MD,AEA,EN,Federal Contract Tower,0,24,9,0,33,0,1,88,4,93,0,25,97,4,126,60,2,62,188
09/08/2001,SBY,MD,AEA,EN,Federal Contract Tower,0,18,5,0,23,0,3,160,4,167,0,21,165,4,190,90,0,90,280
09/09/2001,SBY,MD,AEA,EN,Federal Contract Tower,0,18,8,0,26,0,2,53,0,55,0,20,61,0,81,24,0,24,105
09/10/2001,SBY,MD,AEA,EN,Federal Contract Tower,0,20,14,0,34,0,0,44,4,48,0,20,58,4,82,22,20,42,124
09/11/2001,SBY,MD,AEA,EN,Federal Contract Tower,0,8,2,0,10,0,0,12,0,12,0,8,14,0,22,6,0,6,28
09/12/2001,SBY,MD,AEA,EN,Federal Contract Tower,0,0,0,0,0,0,0,2,0,2,0,0,2,0,2,0,0,0,2
09/13/2001,SBY,MD,AEA,EN,Federal Contract Tower,0,9,0,0,9,0,0,0,2,2,0,9,0,2,11,0,0,0,11
09/14/2001,SBY,MD,AEA,EN,Federal Contract Tower,0,25,2,0,27,0,0,1,0,1,0,25,3,0,28,0,0,0,28
09/15/2001,SBY,MD,AEA,EN,Federal Contract Tower,0,19,6,0,25,0,0,3,0,3,0,19,9,0,28,0,0,0,28
09/16/2001,SBY,MD,AEA,EN,Federal Contract Tower,0,19,6,0,25,0,0,3,0,3,0,19,9,0,28,0,0,0,28
09/17/2001,SBY,MD,AEA,EN,Federal Contract Tower,0,24,5,2,31,0,0,2,2,4,0,24,7,4,35,0,12,12,47
09/18/2001,SBY,MD,AEA,EN,Federal Contract Tower,0,26,15,2,43,0,0,2,6,8,0,26,17,8,51,0,38,38,89
09/19/2001,SBY,MD,AEA,EN,Federal Contract Tower,0,25,28,2,55,0,0,11,2,13,0,25,39,4,68,0,10,10,78
09/20/2001,SBY,MD,AEA,EN,Federal Contract Tower,0,25,12,4,41,0,0,4,2,6,0,25,16,6,47,0,4,4,51
09/21/2001,SBY,MD,AEA,EN,Federal Contract Tower,0,19,25,0,44,0,1,11,4,16,0,20,36,4,60,4,20,24,84
09/22/2001,SBY,MD,AEA,EN,Federal Contract Tower,0,17,15,0,32,0,0,69,0,69,0,17,84,0,101,12,0,12,113
09/23/2001,SBY,MD,AEA,EN,Federal Contract Tower,0,19,13,0,32,0,0,36,0,36,0,19,49,0,68,16,0,16,84
09/24/2001,SBY,MD,AEA,EN,Federal Contract Tower,0,18,9,0,27,0,0,18,0,18,0,18,27,0,45,12,0,12,57
09/25/2001,SBY,MD,AEA,EN,Federal Contract Tower,0,23,11,3,37,0,0,13,5,18,0,23,24,8,55,6,12,18,73
09/26/2001,SBY,MD,AEA,EN,Federal Contract Tower,0,22,17,0,39,0,0,67,2,69,0,22,84,2,108,66,10,76,184
09/27/2001,SBY,MD,AEA,EN,Federal Contract Tower,0,21,4,0,25,0,1,73,2,76,0,22,77,2,101,62,26,88,189
09/28/2001,SBY,MD,AEA,EN,Federal Contract Tower,0,20,7,1,28,0,0,50,3,53,0,20,57,4,81,56,14,70,151
09/29/2001,SBY,MD,AEA,EN,Federal Contract Tower,0,19,11,0,30,0,0,33,0,33,0,19,44,0,63,8,0,8,71
09/30/2001,SBY,MD,AEA,EN,Federal Contract Tower,0,23,12,0,35,0,0,26,0,26,0,23,38,0,61,4,0,4,65
10/01/2001,SBY,MD,AEA,EN,Federal Contract Tower,0,28,15,0,43,0,0,22,0,22,0,28,37,0,65,20,0,20,85
10/02/2001,SBY,MD,AEA,EN,Federal Contract Tower,0,26,20,0,46,0,0,52,2,54,0,26,72,2,100,70,12,82,182
10/03/2001,SBY,MD,AEA,EN,Federal Contract Tower,0,26,20,0,46,0,0,56,10,66,0,26,76,10,112,48,54,102,214
10/04/2001,SBY,MD,AEA,EN,Federal Contract Tower,0,26,15,1,42,0,1,126,14,141,0,27,141,15,183,50,26,76,259
10/05/2001,SBY,MD,AEA,EN,Federal Contract Tower,0,28,17,4,49,0,0,64,8,72,0,28,81,12,121,28,14,42,163
10/06/2001,SBY,MD,AEA,EN,Federal Contract Tower,0,20,11,0,31,0,0,49,0,49,0,20,60,0,80,2,0,2,82
10/07/2001,SBY,MD,AEA,EN,Federal Contract Tower,0,20,16,0,36,0,0,103,0,103,0,20,119,0,139,30,0,30,169
10/08/2001,SBY,MD,AEA,EN,Federal Contract Tower,0,28,10,0,38,0,2,65,0,67,0,30,75,0,105,44,0,44,149
10/09/2001,SBY,MD,AEA,EN,Federal Contract Tower,0,28,9,0,37,0,0,58,4,62,0,28,67,4,99,42,16,58,157
10/10/2001,SBY,MD,AEA,EN,Federal Contract Tower,0,26,6,0,32,0,0,64,6,70,0,26,70,6,102,80,12,92,194
10/11/2001,SBY,MD,AEA,EN,Federal Contract Tower,0,24,20,3,47,0,1,104,19,124,0,25,124,22,171,90,20,110,281
10/12/2001,SBY,MD,AEA,EN,Federal Contract Tower,0,27,9,2,38,0,0,54,4,58,0,27,63,6,96,62,10,72,168
10/13/2001,SBY,MD,AEA,EN,Federal Contract Tower,0,17,16,0,33,0,0,186,2,188,0,17,202,2,221,123,0,123,344
10/14/2001,SBY,MD,AEA,EN,Federal Contract Tower,0,17,11,0,28,0,0,19,0,19,0,17,30,0,47,18,0,18,65
10/15/2001,SBY,MD,AEA,EN,Federal Contract Tower,0,24,8,0,32,0,0,59,0,59,0,24,67,0,91,44,0,44,135
10/16/2001,SBY,MD,AEA,EN,Federal Contract Tower,0,26,4,1,31,0,0,36,1,37,0,26,40,2,68,28,2,30,98
10/17/2001,SBY,MD,AEA,EN,Federal Contract Tower,0,27,11,5,43,0,0,17,1,18,0,27,28,6,61,28,0,28,89
10/18/2001,SBY,MD,AEA,EN,Federal Contract Tower,0,27,23,2,52,0,1,73,10,84,0,28,96,12,136,36,50,86,222
10/19/2001,SBY,MD,AEA,EN,Federal Contract Tower,0,29,11,0,40,0,0,69,4,73,0,29,80,4,113,86,14,100,213
10/20/2001,SBY,MD,AEA,EN,Federal Contract Tower,0,19,13,0,32,0,0,95,0,95,0,19,108,0,127,60,0,60,187
10/21/2001,SBY,MD,AEA,EN,Federal Contract Tower,0,18,19,0,37,0,0,68,0,68,0,18,87,0,105,64,0,64,169
10/22/2001,SBY,MD,AEA,EN,Federal Contract Tower,0,24,10,0,34,0,1,53,0,54,0,25,63,0,88,48,0,48,136
10/23/2001,SBY,MD,AEA,EN,Federal Contract Tower,0,23,6,2,31,0,0,42,6,48,0,23,48,8,79,58,20,78,157
10/24/2001,SBY,MD,AEA,EN,Federal Contract Tower,0,23,17,1,41,0,0,41,1,42,0,23,58,2,83,100,6,106,189
10/25/2001,SBY,MD,AEA,EN,Federal Contract Tower,0,25,3,0,28,0,0,22,12,34,0,25,25,12,62,30,10,40,102
10/26/2001,SBY,MD,AEA,EN,Federal Contract Tower,0,26,4,1,31,0,2,33,3,38,0,28,37,4,69,28,24,52,121
10/27/2001,SBY,MD,AEA,EN,Federal Contract Tower,0,17,1,0,18,0,0,54,0,54,0,17,55,0,72,32,0,32,104
10/28/2001,SBY,MD,AEA,EN,Federal Contract Tower,0,18,18,0,36,0,0,44,0,44,0,18,62,0,80,12,0,12,92
10/29/2001,SBY,MD,AEA,EN,Federal Contract Tower,0,24,12,4,40,0,1,65,10,76,0,25,77,14,116,76,56,132,248
10/30/2001,SBY,MD,AEA,EN,Federal Contract Tower,0,26,7,3,36,0,0,88,11,99,0,26,95,14,135,50,68,118,253
10/31/2001,SBY,MD,AEA,EN,Federal Contract Tower,0,27,12,2,41,0,0,77,10,87,0,27,89,12,128,63,81,144,272
11/01/2001,SBY,MD,AEA,EN,Federal Contract Tower,0,24,13,3,40,0,2,55,2,59,0,26,68,5,99,54,38,92,191
11/02/2001,SBY,MD,AEA,EN,Federal Contract Tower,0,27,14,2,43,0,1,69,10,80,0,28,83,12,123,86,56,142,265
11/03/2001,SBY,MD,AEA,EN,Federal Contract Tower,0,17,9,1,27,0,1,69,1,71,0,18,78,2,98,56,0,56,154
11/04/2001,SBY,MD,AEA,EN,Federal Contract Tower,0,17,16,0,33,0,1,67,0,68,0,18,83,0,101,40,0,40,141
11/05/2001,SBY,MD,AEA,EN,Federal Contract Tower,0,19,12,0,31,0,2,30,4,36,0,21,42,4,67,54,10,64,131
11/06/2001,SBY,MD,AEA,EN,Federal Contract Tower,0,21,12,1,34,0,1,49,5,55,0,22,61,6,89,74,16,90,179
11/07/2001,SBY,MD,AEA,EN,Federal Contract Tower,0,21,20,1,42,0,1,53,3,57,0,22,73,4,99,106,6,112,211
11/08/2001,SBY,MD,AEA,EN,Federal Contract Tower,0,23,16,0,39,0,1,76,4,81,0,24,92,4,120,136,16,152,272
11/09/2001,SBY,MD,AEA,EN,Federal Contract Tower,0,23,3,1,27,0,1,34,7,42,0,24,37,8,69,24,30,54,123
11/10/2001,SBY,MD,AEA,EN,Federal Contract Tower,0,14,7,0,21,0,1,98,0,99,0,15,105,0,120,94,0,94,214
11/11/2001,SBY,MD,AEA,EN,Federal Contract Tower,0,18,14,0,32,0,1,40,0,41,0,19,54,0,73,26,0,26,99
11/12/2001,SBY,MD,AEA,EN,Federal Contract Tower,0,17,8,0,25,0,1,67,0,68,0,18,75,0,93,120,0,120,213
11/13/2001,SBY,MD,AEA,EN,Federal Contract Tower,0,23,8,0,31,0,1,72,4,77,0,24,80,4,108,117,38,155,263
11/14/2001,SBY,MD,AEA,EN,Federal Contract Tower,0,21,9,0,30,0,1,42,0,43,0,22,51,0,73,110,0,110,183
11/15/2001,SBY,MD,AEA,EN,Federal Contract Tower,0,22,7,1,30,0,2,55,5,62,0,24,62,6,92,36,12,48,140
11/16/2001,SBY,MD,AEA,EN,Federal Contract Tower,0,19,13,2,34,0,1,65,7,73,0,20,78,9,107,58,18,76,183
11/17/2001,SBY,MD,AEA,EN,Federal Contract Tower,0,15,14,1,30,0,2,49,7,58,0,17,63,8,88,42,0,42,130
11/18/2001,SBY,MD,AEA,EN,Federal Contract Tower,0,21,10,0,31,0,0,109,0,109,0,21,119,0,140,52,0,52,192
11/19/2001,SBY,MD,AEA,EN,Federal Contract Tower,0,18,9,0,27,0,0,56,16,72,0,18,65,16,99,66,0,66,165
11/20/2001,SBY,MD,AEA,EN,Federal Contract Tower,0,21,13,1,35,0,0,43,5,48,0,21,56,6,83,52,16,68,151
11/21/2001,SBY,MD,AEA,EN,Federal Contract Tower,0,27,14,1,42,0,1,60,1,62,0,28,74,2,104,94,2,96,200
11/22/2001,SBY,MD,AEA,EN,Federal Contract Tower,0,14,7,0,21,0,0,47,0,47,0,14,54,0,68,16,0,16,84
11/23/2001,SBY,MD,AEA,EN,Federal Contract Tower,0,17,12,0,29,0,0,55,0,55,0,17,67,0,84,58,0,58,142
11/24/2001,SBY,MD,AEA,EN,Federal Contract Tower,0,18,11,0,29,0,0,31,0,31,0,18,42,0,60,28,0,28,88
11/25/2001,SBY,MD,AEA,EN,Federal Contract Tower,0,17,14,0,31,0,0,27,0,27,0,17,41,0,58,12,0,12,70
11/26/2001,SBY,MD,AEA,EN,Federal Contract Tower,0,20,25,0,45,0,0,25,2,27,0,20,50,2,72,26,12,38,110
11/27/2001,SBY,MD,AEA,EN,Federal Contract Tower,0,23,18,1,42,0,0,30,5,35,0,23,48,6,77,34,54,88,165
11/28/2001,SBY,MD,AEA,EN,Federal Contract Tower,0,21,14,4,39,0,0,25,0,25,0,21,39,4,64,32,2,34,98
11/29/2001,SBY,MD,AEA,EN,Federal Contract Tower,0,32,9,0,41,0,1,29,2,32,0,33,38,2,73,26,6,32,105
11/30/2001,SBY,MD,AEA,EN,Federal Contract Tower,0,20,4,0,24,0,0,33,0,33,0,20,37,0,57,30,0,30,87
12/01/2001,SBY,MD,AEA,EN,Federal Contract Tower,0,14,12,0,26,0,1,102,0,103,0,15,114,0,129,74,0,74,203
12/02/2001,SBY,MD,AEA,EN,Federal Contract Tower,0,16,14,0,30,0,1,65,4,70,0,17,79,4,100,44,0,44,144
12/03/2001,SBY,MD,AEA,EN,Federal Contract Tower,0,20,8,0,28,0,1,55,0,56,0,21,63,0,84,66,0,66,150
12/04/2001,SBY,MD,AEA,EN,Federal Contract Tower,0,21,5,0,26,0,1,59,2,62,0,22,64,2,88,74,0,74,162
12/05/2001,SBY,MD,AEA,EN,Federal Contract Tower,0,21,16,4,41,0,1,78,2,81,0,22,94,6,122,102,8,110,232
12/06/2001,SBY,MD,AEA,EN,Federal Contract Tower,0,20,13,0,33,0,3,68,0,71,0,23,81,0,104,38,0,38,142
12/07/2001,SBY,MD,AEA,EN,Federal Contract Tower,0,21,11,0,32,0,1,47,4,52,0,22,58,4,84,34,34,68,152
12/08/2001,SBY,MD,AEA,EN,Federal Contract Tower,0,15,14,0,29,0,2,19,0,21,0,17,33,0,50,34,0,34,84
12/09/2001,SBY,MD,AEA,EN,Federal Contract Tower,0,19,10,0,29,0,0,36,0,36,0,19,46,0,65,24,0,24,89
12/10/2001,SBY,MD,AEA,EN,Federal Contract Tower,0,22,4,0,26,0,0,49,6,55,0,22,53,6,81,36,10,46,127
12/11/2001,SBY,MD,AEA,EN,Federal Contract Tower,0,24,23,0,47,0,0,9,0,9,0,24,32,0,56,6,0,6,62
12/12/2001,SBY,MD,AEA,EN,Federal Contract Tower,0,21,5,6,32,0,0,17,2,19,0,21,22,8,51,48,10,58,109
12/13/2001,SBY,MD,AEA,EN,Federal Contract Tower,0,23,16,0,39,0,0,6,0,6,0,23,22,0,45,0,0,0,45
12/14/2001,SBY,MD,AEA,EN,Federal Contract Tower,0,19,10,0,29,0,0,13,0,13,0,19,23,0,42,10,0,10,52
12/15/2001,SBY,MD,AEA,EN,Federal Contract Tower,0,17,10,0,27,0,0,39,0,39,0,17,49,0,66,32,0,32,98
12/16/2001,SBY,MD,AEA,EN,Federal Contract Tower,0,18,8,0,26,0,1,88,0,89,0,19,96,0,115,72,0,72,187
12/17/2001,SBY,MD,AEA,EN,Federal Contract Tower,0,20,4,4,28,0,1,44,4,49,0,21,48,8,77,66,6,72,149
12/18/2001,SBY,MD,AEA,EN,Federal Contract Tower,0,21,9,0,30,0,0,18,2,20,0,21,27,2,50,18,10,28,78
12/19/2001,SBY,MD,AEA,EN,Federal Contract Tower,0,27,16,1,44,0,0,72,9,81,0,27,88,10,125,64,16,80,205
12/20/2001,SBY,MD,AEA,EN,Federal Contract Tower,0,26,9,0,35,0,0,21,8,29,0,26,30,8,64,16,10,26,90
12/21/2001,SBY,MD,AEA,EN,Federal Contract Tower,0,23,5,1,29,0,0,26,1,27,0,23,31,2,56,24,10,34,90
12/22/2001,SBY,MD,AEA,EN,Federal Contract Tower,0,16,10,0,26,0,1,73,0,74,0,17,83,0,100,20,0,20,120
12/23/2001,SBY,MD,AEA,EN,Federal Contract Tower,0,19,10,0,29,0,0,62,0,62,0,19,72,0,91,10,0,10,101
12/24/2001,SBY,MD,AEA,EN,Federal Contract Tower,0,15,2,0,17,0,1,22,0,23,0,16,24,0,40,4,0,4,44
12/25/2001,SBY,MD,AEA,EN,Federal Contract Tower,0,19,0,0,19,0,0,8,0,8,0,19,8,0,27,6,0,6,33
12/26/2001,SBY,MD,AEA,EN,Federal Contract Tower,0,21,6,0,27,0,0,24,0,24,0,21,30,0,51,12,0,12,63
12/27/2001,SBY,MD,AEA,EN,Federal Contract Tower,0,21,7,3,31,0,1,78,3,82,0,22,85,6,113,26,6,32,145
12/28/2001,SBY,MD,AEA,EN,Federal Contract Tower,0,20,14,1,35,0,0,58,9,67,0,20,72,10,102,32,48,80,182
12/29/2001,SBY,MD,AEA,EN,Federal Contract Tower,0,15,5,1,21,0,0,63,3,66,0,15,68,4,87,36,2,38,125
12/30/2001,SBY,MD,AEA,EN,Federal Contract Tower,0,17,3,0,20,0,6,52,0,58,0,23,55,0,78,34,0,34,112
12/31/2001,SBY,MD,AEA,EN,Federal Contract Tower,0,15,4,0,19,0,1,30,0,31,0,16,34,0,50,16,0,16,66
01/01/2002,SBY,MD,AEA,EN,Federal Contract Tower,0,17,6,0,23,0,0,46,0,46,0,17,52,0,69,14,0,14,83
01/02/2002,SBY,MD,AEA,EN,Federal Contract Tower,0,23,5,0,28,0,0,59,0,59,0,23,64,0,87,22,0,22,109
01/03/2002,SBY,MD,AEA,EN,Federal Contract Tower,0,23,15,0,38,0,0,2,0,2,0,23,17,0,40,0,0,0,40
01/04/2002,SBY,MD,AEA,EN,Federal Contract Tower,0,26,6,0,32,0,0,38,2,40,0,26,44,2,72,46,0,46,118
01/05/2002,SBY,MD,AEA,EN,Federal Contract Tower,0,18,12,0,30,0,0,104,0,104,0,18,116,0,134,68,0,68,202
01/06/2002,SBY,MD,AEA,EN,Federal Contract Tower,0,23,0,0,23,0,0,10,0,10,0,23,10,0,33,4,0,4,37
01/07/2002,SBY,MD,AEA,EN,Federal Contract Tower,0,25,5,0,30,0,0,5,0,5,0,25,10,0,35,6,0,6,41
01/08/2002,SBY,MD,AEA,EN,Federal Contract Tower,0,28,10,0,38,0,0,42,6,48,0,28,52,6,86,30,20,50,136
01/09/2002,SBY,MD,AEA,EN,Federal Contract Tower,0,26,7,0,33,0,0,37,8,45,0,26,44,8,78,44,12,56,134
01/10/2002,SBY,MD,AEA,EN,Federal Contract Tower,0,20,11,0,31,0,0,52,0,52,0,20,63,0,83,48,0,48,131
01/11/2002,SBY,MD,AEA,EN,Federal Contract Tower,0,20,6,2,28,0,0,3,0,3,0,20,9,2,31,2,0,2,33
01/12/2002,SBY,MD,AEA,EN,Federal Contract Tower,0,18,6,0,24,0,1,93,0,94,0,19,99,0,118,52,0,52,170
01/13/2002,SBY,MD,AEA,EN,Federal Contract Tower,0,17,2,0,19,0,0,5,0,5,0,17,7,0,24,0,0,0,24
01/14/2002,SBY,MD,AEA,EN,Federal Contract Tower,0,20,5,0,25,0,2,35,2,39,0,22,40,2,64,12,16,28,92
01/15/2002,SBY,MD,AEA,EN,Federal Contract Tower,0,21,10,0,31,0,0,38,8,46,0,21,48,8,77,18,46,64,141
01/16/2002,SBY,MD,AEA,EN,Federal Contract Tower,0,22,4,2,28,0,0,50,6,56,0,22,54,8,84,54,10,64,148
01/17/2002,SBY,MD,AEA,EN,Federal Contract Tower,0,22,12,0,34,0,0,37,2,39,0,22,49,2,73,26,8,34,107
01/18/2002,SBY,MD,AEA,EN,Federal Contract Tower,0,22,11,0,33,0,0,23,0,23,0,22,34,0,56,42,0,42,98
01/19/2002,SBY,MD,AEA,EN,Federal Contract Tower,0,13,2,0,15,0,2,0,0,2,0,15,2,0,17,0,0,0,17
01/20/2002,SBY,MD,AEA,EN,Federal Contract Tower,0,18,8,0,26,0,0,61,0,61,0,18,69,0,87,48,0,48,135
01/21/2002,SBY,MD,AEA,EN,Federal Contract Tower,0,20,4,2,26,0,1,14,0,15,0,21,18,2,41,16,0,16,57
01/22/2002,SBY,MD,AEA,EN,Federal Contract Tower,0,21,6,1,28,0,0,67,7,74,0,21,73,8,102,66,0,66,168
01/23/2002,SBY,MD,AEA,EN,Federal Contract Tower,0,21,25,2,48,0,0,13,2,15,0,21,38,4,63,42,18,60,123
01/24/2002,SBY,MD,AEA,EN,Federal Contract Tower,0,20,3,0,23,0,0,17,0,17,0,20,20,0,40,4,0,4,44
01/25/2002,SBY,MD,AEA,EN,Federal Contract Tower,0,21,3,3,27,0,0,43,13,56,0,21,46,16,83,66,68,134,217
01/26/2002,SBY,MD,AEA,EN,Federal Contract Tower,0,15,12,0,27,0,2,111,0,113,0,17,123,0,140,162,0,162,302
01/27/2002,SBY,MD,AEA,EN,Federal Contract Tower,0,16,11,0,27,0,0,100,0,100,0,16,111,0,127,86,0,86,213
01/28/2002,SBY,MD,AEA,EN,Federal Contract Tower,0,23,9,0,32,0,0,86,7,93,0,23,95,7,125,102,0,102,227
01/29/2002,SBY,MD,AEA,EN,Federal Contract Tower,0,21,5,1,27,0,0,73,9,82,0,21,78,10,109,66,16,82,191
01/30/2002,SBY,MD,AEA,EN,Federal Contract Tower,0,18,7,3,28,0,0,66,3,69,0,18,73,6,97,50,22,72,169
01/31/2002,SBY,MD,AEA,EN,Federal Contract Tower,0,21,11,0,32,0,0,2,0,2,0,21,13,0,34,0,0,0,34
02/01/2002,SBY,MD,AEA,EN,Federal Contract Tower,0,17,9,1,27,0,2,14,3,19,0,19,23,4,46,0,6,6,52
02/02/2002,SBY,MD,AEA,EN,Federal Contract Tower,0,16,8,0,24,0,1,85,4,90,0,17,93,4,114,36,0,36,150
02/03/2002,SBY,MD,AEA,EN,Federal Contract Tower,0,17,16,0,33,0,0,68,2,70,0,17,84,2,103,30,0,30,133
02/04/2002,SBY,MD,AEA,EN,Federal Contract Tower,0,22,10,1,33,0,0,27,5,32,0,22,37,6,65,18,14,32,97
02/05/2002,SBY,MD,AEA,EN,Federal Contract Tower,0,22,7,1,30,0,1,57,1,59,0,23,64,2,89,64,4,68,157
02/06/2002,SBY,MD,AEA,EN,Federal Contract Tower,0,22,8,0,30,0,0,68,4,72,0,22,76,4,102,98,16,114,216
02/07/2002,SBY,MD,AEA,EN,Federal Contract Tower,0,29,0,0,29,0,0,0,0,0,0,29,0,0,29,0,0,0,29
02/08/2002,SBY,MD,AEA,EN,Federal Contract Tower,0,21,13,2,36,0,1,98,0,99,0,22,111,2,135,44,0,44,179
02/09/2002,SBY,MD,AEA,EN,Federal Contract Tower,0,13,9,0,22,0,0,124,0,124,0,13,133,0,146,106,0,106,252
02/10/2002,SBY,MD,AEA,EN,Federal Contract Tower,0,18,5,0,23,0,0,24,0,24,0,18,29,0,47,58,0,58,105
02/11/2002,SBY,MD,AEA,EN,Federal Contract Tower,0,21,3,1,25,0,0,8,3,11,0,21,11,4,36,2,4,6,42
02/12/2002,SBY,MD,AEA,EN,Federal Contract Tower,0,24,10,0,34,0,0,50,2,52,0,24,60,2,86,42,0,42,128
02/13/2002,SBY,MD,AEA,EN,Federal Contract Tower,0,18,10,2,30,0,3,34,5,42,0,21,44,7,72,62,22,84,156
02/14/2002,SBY,MD,AEA,EN,Federal Contract Tower,0,26,6,0,32,0,0,48,30,78,0,26,54,30,110,106,50,156,266
02/15/2002,SBY,MD,AEA,EN,Federal Contract Tower,0,24,11,2,37,0,0,54,4,58,0,24,65,6,95,28,32,60,155
02/16/2002,SBY,MD,AEA,EN,Federal Contract Tower,0,15,7,0,22,0,0,94,0,94,0,15,101,0,116,54,0,54,170
02/17/2002,SBY,MD,AEA,EN,Federal Contract Tower,0,16,3,0,19,0,0,15,0,15,0,16,18,0,34,10,0,10,44
02/18/2002,SBY,MD,AEA,EN,Federal Contract Tower,0,21,6,0,27,0,0,52,0,52,0,21,58,0,79,42,0,42,121
02/19/2002,SBY,MD,AEA,EN,Federal Contract Tower,0,22,14,2,38,0,0,56,4,60,0,22,70,6,98,70,34,104,202
02/20/2002,SBY,MD,AEA,EN,Federal Contract Tower,0,21,13,0,34,0,0,30,2,32,0,21,43,2,66,40,10,50,116
02/21/2002,SBY,MD,AEA,EN,Federal Contract Tower,0,24,9,3,36,0,2,70,9,81,0,26,79,12,117,80,8,88,205
02/22/2002,SBY,MD,AEA,EN,Federal Contract Tower,0,20,5,0,25,0,0,46,2,48,0,20,51,2,73,64,22,86,159
02/23/2002,SBY,MD,AEA,EN,Federal Contract Tower,0,15,10,0,25,0,0,74,0,74,0,15,84,0,99,160,0,160,259
02/24/2002,SBY,MD,AEA,EN,Federal Contract Tower,0,17,8,0,25,0,0,115,0,115,0,17,123,0,140,66,2,68,208
02/25/2002,SBY,MD,AEA,EN,Federal Contract Tower,0,23,8,0,31,0,0,53,12,65,0,23,61,12,96,42,42,84,180
02/26/2002,SBY,MD,AEA,EN,Federal Contract Tower,0,22,1,0,23,0,0,33,2,35,0,22,34,2,58,30,18,48,106
02/27/2002,SBY,MD,AEA,EN,Federal Contract Tower,0,23,0,0,23,0,0,11,6,17,0,23,11,6,40,2,44,46,86
02/28/2002,SBY,MD,AEA,EN,Federal Contract Tower,0,25,4,0,29,0,0,49,6,55,0,25,53,6,84,80,16,96,180
03/01/2002,SBY,MD,AEA,EN,Federal Contract Tower,0,19,7,1,27,0,1,86,11,98,0,20,93,12,125,120,32,152,277
03/02/2002,SBY,MD,AEA,EN,Federal Contract Tower,0,17,9,0,26,0,0,18,0,18,0,17,27,0,44,8,0,8,52
03/03/2002,SBY,MD,AEA,EN,Federal Contract Tower,0,18,16,0,34,0,0,3,0,3,0,18,19,0,37,0,0,0,37
03/04/2002,SBY,MD,AEA,EN,Federal Contract Tower,0,25,13,1,39,0,0,53,5,58,0,25,66,6,97,34,30,64,161
03/05/2002,SBY,MD,AEA,EN,Federal Contract Tower,0,20,8,1,29,0,1,74,1,76,0,21,82,2,105,106,4,110,215
03/06/2002,SBY,MD,AEA,EN,Federal Contract Tower,0,20,6,3,29,0,3,50,5,58,0,23,56,8,87,90,30,120,207
03/07/2002,SBY,MD,AEA,EN,Federal Contract Tower,0,21,4,0,25,0,0,64,2,66,0,21,68,2,91,114,6,120,211
03/08/2002,SBY,MD,AEA,EN,Federal Contract Tower,0,18,13,0,31,0,0,53,0,53,0,18,66,0,84,88,4,92,176
03/09/2002,SBY,MD,AEA,EN,Federal Contract Tower,0,12,8,0,20,0,0,40,2,42,0,12,48,2,62,20,2,22,84
03/10/2002,SBY,MD,AEA,EN,Federal Contract Tower,0,18,2,0,20,0,0,20,0,20,0,18,22,0,40,8,0,8,48
03/11/2002,SBY,MD,AEA,EN,Federal Contract Tower,0,22,9,0,31,0,1,53,8,62,0,23,62,8,93,86,38,124,217
03/12/2002,SBY,MD,AEA,EN,Federal Contract Tower,0,24,12,4,40,0,2,22,2,26,0,26,34,6,66,58,6,64,130
03/13/2002,SBY,MD,AEA,EN,Federal Contract Tower,0,27,2,0,29,0,0,0,0,0,0,27,2,0,29,0,0,0,29
03/14/2002,SBY,MD,AEA,EN,Federal Contract Tower,0,22,17,1,40,0,0,91,7,98,0,22,108,8,138,84,32,116,254
03/15/2002,SBY,MD,AEA,EN,Federal Contract Tower,0,21,17,1,39,0,0,18,0,18,0,21,35,1,57,18,18,36,93
03/16/2002,SBY,MD,AEA,EN,Federal Contract Tower,0,11,23,0,34,0,4,96,0,100,0,15,119,0,134,56,0,56,190
03/17/2002,SBY,MD,AEA,EN,Federal Contract Tower,0,15,9,0,24,0,1,12,0,13,0,16,21,0,37,0,0,0,37
03/18/2002,SBY,MD,AEA,EN,Federal Contract Tower,0,22,6,2,30,0,0,1,0,1,0,22,7,2,31,0,8,8,39
03/19/2002,SBY,MD,AEA,EN,Federal Contract Tower,0,22,30,2,54,0,4,24,4,32,0,26,54,6,86,66,0,66,152
03/20/2002,SBY,MD,AEA,EN,Federal Contract Tower,0,25,8,0,33,0,0,0,0,0,0,25,8,0,33,0,0,0,33
03/21/2002,SBY,MD,AEA,EN,Federal Contract Tower,0,19,4,2,25,0,1,66,14,81,0,20,70,16,106,60,20,80,186
03/22/2002,SBY,MD,AEA,EN,Federal Contract Tower,0,19,10,0,29,0,1,2,0,3,0,20,12,0,32,8,0,8,40
03/23/2002,SBY,MD,AEA,EN,Federal Contract Tower,0,12,8,0,20,0,1,42,0,43,0,13,50,0,63,38,0,38,101
03/24/2002,SBY,MD,AEA,EN,Federal Contract Tower,0,18,6,0,24,0,0,75,0,75,0,18,81,0,99,72,0,72,171
03/25/2002,SBY,MD,AEA,EN,Federal Contract Tower,0,24,5,0,29,0,0,33,4,37,0,24,38,4,66,24,24,48,114
03/26/2002,SBY,MD,AEA,EN,Federal Contract Tower,0,22,5,0,27,0,0,1,0,1,0,22,6,0,28,12,0,12,40
03/27/2002,SBY,MD,AEA,EN,Federal Contract Tower,0,20,10,9,39,0,1,52,3,56,0,21,62,12,95,90,80,170,265
03/28/2002,SBY,MD,AEA,EN,Federal Contract Tower,0,25,21,0,46,0,0,87,0,87,0,25,108,0,133,114,0,114,247
03/29/2002,SBY,MD,AEA,EN,Federal Contract Tower,0,21,13,1,35,0,2,59,3,64,0,23,72,4,99,66,40,106,205
03/30/2002,SBY,MD,AEA,EN,Federal Contract Tower,0,14,5,0,19,0,0,56,0,56,0,14,61,0,75,8,0,8,83
03/31/2002,SBY,MD,AEA,EN,Federal Contract Tower,0,14,4,0,18,0,0,23,0,23,0,14,27,0,41,2,0,2,43
04/01/2002,SBY,MD,AEA,EN,Federal Contract Tower,0,22,8,0,30,0,1,49,2,52,0,23,57,2,82,82,6,88,170
04/02/2002,SBY,MD,AEA,EN,Federal Contract Tower,0,21,2,1,24,0,0,57,9,66,0,21,59,10,90,40,66,106,196
04/03/2002,SBY,MD,AEA,EN,Federal Contract Tower,0,18,10,0,28,0,0,17,2,19,0,18,27,2,47,22,2,24,71
04/04/2002,SBY,MD,AEA,EN,Federal Contract Tower,0,19,16,0,35,0,2,104,10,116,0,21,120,10,151,82,50,132,283
04/05/2002,SBY,MD,AEA,EN,Federal Contract Tower,0,20,11,0,31,0,0,91,10,101,0,20,102,10,132,88,4,92,224
04/06/2002,SBY,MD,AEA,EN,Federal Contract Tower,0,16,14,0,30,0,0,89,0,89,0,16,103,0,119,54,0,54,173
04/07/2002,SBY,MD,AEA,EN,Federal Contract Tower,0,15,3,0,18,0,0,89,2,91,0,15,92,2,109,38,4,42,151
04/08/2002,SBY,MD,AEA,EN,Federal Contract Tower,0,19,12,1,32,0,0,68,9,77,0,19,80,10,109,56,50,106,215
04/09/2002,SBY,MD,AEA,EN,Federal Contract Tower,0,22,2,0,24,0,2,32,4,38,0,24,34,4,62,8,16,24,86
04/10/2002,SBY,MD,AEA,EN,Federal Contract Tower,0,23,9,4,36,0,0,69,6,75,0,23,78,10,111,104,30,134,245
04/11/2002,SBY,MD,AEA,EN,Federal Contract Tower,0,21,11,0,32,0,0,57,2,59,0,21,68,2,91,86,32,118,209
04/12/2002,SBY,MD,AEA,EN,Federal Contract Tower,0,22,24,0,46,0,1,9,0,10,0,23,33,0,56,0,0,0,56
04/13/2002,SBY,MD,AEA,EN,Federal Contract Tower,0,15,20,0,35,0,0,49,0,49,0,15,69,0,84,44,0,44,128
04/14/2002,SBY,MD,AEA,EN,Federal Contract Tower,0,16,5,0,21,0,0,79,0,79,0,16,84,0,100,20,0,20,120
04/15/2002,SBY,MD,AEA,EN,Federal Contract Tower,0,21,13,0,34,0,1,58,2,61,0,22,71,2,95,68,4,72,167
04/16/2002,SBY,MD,AEA,EN,Federal Contract Tower,0,19,7,2,28,0,2,73,6,81,0,21,80,8,109,122,16,138,247
04/17/2002,SBY,MD,AEA,EN,Federal Contract Tower,0,18,5,3,26,0,1,61,2,64,0,19,66,5,90,54,40,94,184
04/18/2002,SBY,MD,AEA,EN,Federal Contract Tower,0,19,11,3,33,0,0,28,7,35,0,19,39,10,68,22,44,66,134
04/19/2002,SBY,MD,AEA,EN,Federal Contract Tower,0,18,6,1,25,0,1,45,1,47,0,19,51,2,72,78,20,98,170
04/20/2002,SBY,MD,AEA,EN,Federal Contract Tower,0,15,2,2,19,0,0,73,0,73,0,15,75,2,92,16,4,20,112
04/21/2002,SBY,MD,AEA,EN,Federal Contract Tower,0,16,23,0,39,0,0,44,2,46,0,16,67,2,85,34,0,34,119
04/22/2002,SBY,MD,AEA,EN,Federal Contract Tower,0,18,9,3,30,0,0,9,1,10,0,18,18,4,40,0,0,0,40
04/23/2002,SBY,MD,AEA,EN,Federal Contract Tower,0,15,11,2,28,0,2,59,4,65,0,17,70,6,93,52,14,66,159
04/24/2002,SBY,MD,AEA,EN,Federal Contract Tower,0,17,12,0,29,0,2,110,4,116,0,19,122,4,145,116,20,136,281
04/25/2002,SBY,MD,AEA,EN,Federal Contract Tower,0,16,9,0,25,0,0,22,0,22,0,16,31,0,47,8,0,8,55
04/26/2002,SBY,MD,AEA,EN,Federal Contract Tower,0,19,12,0,31,0,3,60,0,63,0,22,72,0,94,98,22,120,214
04/27/2002,SBY,MD,AEA,EN,Federal Contract Tower,0,12,11,0,23,0,2,123,0,125,0,14,134,0,148,78,0,78,226
04/28/2002,SBY,MD,AEA,EN,Federal Contract Tower,0,13,2,0,15,0,1,14,2,17,0,14,16,2,32,0,0,0,32
04/29/2002,SBY,MD,AEA,EN,Federal Contract Tower,0,19,8,2,29,0,0,28,5,33,0,19,36,7,62,30,14,44,106
04/30/2002,SBY,MD,AEA,EN,Federal Contract Tower,0,19,9,0,28,0,0,69,11,80,0,19,78,11,108,58,36,94,202
05/01/2002,SBY,MD,AEA,EN,Federal Contract Tower,0,20,10,0,30,0,2,47,12,61,0,22,57,12,91,66,60,126,217
05/02/2002,SBY,MD,AEA,EN,Federal Contract Tower,0,19,9,0,28,0,0,5,2,7,0,19,14,2,35,12,0,12,47
05/03/2002,SBY,MD,AEA,EN,Federal Contract Tower,0,21,8,0,29,0,0,57,8,65,0,21,65,8,94,24,22,46,140
05/04/2002,SBY,MD,AEA,EN,Federal Contract Tower,0,13,6,0,19,0,0,116,0,116,0,13,122,0,135,80,0,80,215
05/05/2002,SBY,MD,AEA,EN,Federal Contract Tower,0,16,11,0,27,0,1,56,0,57,0,17,67,0,84,12,0,12,96
05/06/2002,SBY,MD,AEA,EN,Federal Contract Tower,0,22,8,2,32,0,0,76,7,83,0,22,84,9,115,60,0,60,175
05/07/2002,SBY,MD,AEA,EN,Federal Contract Tower,0,23,6,2,31,0,0,40,4,44,0,23,46,6,75,50,28,78,153
05/08/2002,SBY,MD,AEA,EN,Federal Contract Tower,0,23,12,0,35,0,1,39,11,51,0,24,51,11,86,56,44,100,186
05/09/2002,SBY,MD,AEA,EN,Federal Contract Tower,0,22,22,0,44,0,0,3,0,3,0,22,25,0,47,0,0,0,47
05/10/2002,SBY,MD,AEA,EN,Federal Contract Tower,0,23,8,0,31,0,0,69,9,78,0,23,77,9,109,70,8,78,187
05/11/2002,SBY,MD,AEA,EN,Federal Contract Tower,0,17,14,0,31,0,0,127,0,127,0,17,141,0,158,50,0,50,208
05/12/2002,SBY,MD,AEA,EN,Federal Contract Tower,0,18,10,0,28,0,1,17,0,18,0,19,27,0,46,10,0,10,56
05/13/2002,SBY,MD,AEA,EN,Federal Contract Tower,0,14,4,0,18,0,0,25,10,35,0,14,29,10,53,24,22,46,99
05/14/2002,SBY,MD,AEA,EN,Federal Contract Tower,0,21,8,0,29,0,0,25,2,27,0,21,33,2,56,20,6,26,82
05/15/2002,SBY,MD,AEA,EN,Federal Contract Tower,0,22,9,2,33,0,1,50,2,53,0,23,59,4,86,94,8,102,188
05/16/2002,SBY,MD,AEA,EN,Federal Contract Tower,0,24,10,0,34,0,0,68,2,70,0,24,78,2,104,50,8,58,162
05/17/2002,SBY,MD,AEA,EN,Federal Contract Tower,0,28,4,1,33,0,1,34,4,39,0,29,38,5,72,32,26,58,130
05/18/2002,SBY,MD,AEA,EN,Federal Contract Tower,0,16,4,0,20,0,1,3,0,4,0,17,7,0,24,0,0,0,24
05/19/2002,SBY,MD,AEA,EN,Federal Contract Tower,0,18,4,0,22,0,0,92,0,92,0,18,96,0,114,38,0,38,152
05/20/2002,SBY,MD,AEA,EN,Federal Contract Tower,0,20,17,2,39,0,1,74,8,83,0,21,91,10,122,64,2,66,188
05/21/2002,SBY,MD,AEA,EN,Federal Contract Tower,0,21,10,1,32,0,2,77,7,86,0,23,87,8,118,94,34,128,246
05/22/2002,SBY,MD,AEA,EN,Federal Contract Tower,0,20,10,3,33,0,4,61,7,72,0,24,71,10,105,82,42,124,229
05/23/2002,SBY,MD,AEA,EN,Federal Contract Tower,0,24,11,1,36,0,2,64,10,76,0,26,75,11,112,50,66,116,228
05/24/2002,SBY,MD,AEA,EN,Federal Contract Tower,0,25,10,0,35,0,1,54,0,55,0,26,64,0,90,14,0,14,104
05/25/2002,SBY,MD,AEA,EN,Federal Contract Tower,0,19,6,0,25,0,0,84,0,84,0,19,90,0,109,22,0,22,131
05/26/2002,SBY,MD,AEA,EN,Federal Contract Tower,0,14,16,0,30,0,0,38,0,38,0,14,54,0,68,24,0,24,92
05/27/2002,SBY,MD,AEA,EN,Federal Contract Tower,0,20,8,0,28,0,0,34,0,34,0,20,42,0,62,62,0,62,124
05/28/2002,SBY,MD,AEA,EN,Federal Contract Tower,0,17,6,3,26,0,4,47,13,64,0,21,53,16,90,52,76,128,218
05/29/2002,SBY,MD,AEA,EN,Federal Contract Tower,0,23,9,3,35,0,0,48,7,55,0,23,57,10,90,80,38,118,208
05/30/2002,SBY,MD,AEA,EN,Federal Contract Tower,0,23,19,1,43,0,0,39,8,47,0,23,58,9,90,32,22,54,144
05/31/2002,SBY,MD,AEA,EN,Federal Contract Tower,0,22,6,2,30,0,1,45,0,46,0,23,51,2,76,24,4,28,104
06/01/2002,SBY,MD,AEA,EN,Federal Contract Tower,0,12,12,0,24,0,1,76,0,77,0,13,88,0,101,58,0,58,159
06/02/2002,SBY,MD,AEA,EN,Federal Contract Tower,0,20,13,0,33,0,0,76,0,76,0,20,89,0,109,20,0,20,129
06/03/2002,SBY,MD,AEA,EN,Federal Contract Tower,0,23,8,0,31,0,0,57,0,57,0,23,65,0,88,50,0,50,138
06/04/2002,SBY,MD,AEA,EN,Federal Contract Tower,0,26,4,2,32,0,1,36,3,40,0,27,40,5,72,54,28,82,154
06/05/2002,SBY,MD,AEA,EN,Federal Contract Tower,0,24,8,2,34,0,0,70,11,81,0,24,78,13,115,52,30,82,197
06/06/2002,SBY,MD,AEA,EN,Federal Contract Tower,0,18,4,6,28,0,2,32,7,41,0,20,36,13,69,36,38,74,143
06/07/2002,SBY,MD,AEA,EN,Federal Contract Tower,0,25,20,2,47,0,0,25,12,37,0,25,45,14,84,14,12,26,110
06/08/2002,SBY,MD,AEA,EN,Federal Contract Tower,0,12,15,0,27,0,0,162,1,163,0,12,177,1,190,42,0,42,232
06/09/2002,SBY,MD,AEA,EN,Federal Contract Tower,0,22,5,0,27,0,0,130,4,134,0,22,135,4,161,58,0,58,219
06/10/2002,SBY,MD,AEA,EN,Federal Contract Tower,0,23,12,2,37,0,1,74,4,79,0,24,86,6,116,72,12,84,200
06/11/2002,SBY,MD,AEA,EN,Federal Contract Tower,0,23,10,1,34,0,0,43,5,48,0,23,53,6,82,34,26,60,142
06/12/2002,SBY,MD,AEA,EN,Federal Contract Tower,0,26,19,0,45,0,0,57,2,59,0,26,76,2,104,56,0,56,160
06/13/2002,SBY,MD,AEA,EN,Federal Contract Tower,0,27,13,4,44,0,0,9,4,13,0,27,22,8,57,0,0,0,57
06/14/2002,SBY,MD,AEA,EN,Federal Contract Tower,0,26,21,0,47,0,0,1,0,1,0,26,22,0,48,0,0,0,48
06/15/2002,SBY,MD,AEA,EN,Federal Contract Tower,0,12,12,0,24,0,1,45,0,46,0,13,57,0,70,36,0,36,106
06/16/2002,SBY,MD,AEA,EN,Federal Contract Tower,0,20,11,0,31,0,0,129,1,130,0,20,140,1,161,40,0,40,201
06/17/2002,SBY,MD,AEA,EN,Federal Contract Tower,0,23,11,0,34,0,0,79,8,87,0,23,90,8,121,26,56,82,203
06/18/2002,SBY,MD,AEA,EN,Federal Contract Tower,0,28,4,1,33,0,0,69,14,83,0,28,73,15,116,34,18,52,168
06/19/2002,SBY,MD,AEA,EN,Federal Contract Tower,0,27,5,6,38,0,0,33,12,45,0,27,38,18,83,20,30,50,133
06/20/2002,SBY,MD,AEA,EN,Federal Contract Tower,0,25,10,1,36,0,0,99,11,110,0,25,109,12,146,46,38,84,230
06/21/2002,SBY,MD,AEA,EN,Federal Contract Tower,0,27,12,1,40,0,1,77,3,81,0,28,89,4,121,10,46,56,177
06/22/2002,SBY,MD,AEA,EN,Federal Contract Tower,0,14,11,1,26,0,0,82,11,93,0,14,93,12,119,48,0,48,167
06/23/2002,SBY,MD,AEA,EN,Federal Contract Tower,0,16,8,0,24,0,1,84,0,85,0,17,92,0,109,44,0,44,153
06/24/2002,SBY,MD,AEA,EN,Federal Contract Tower,0,21,3,0,24,0,0,72,2,74,0,21,75,2,98,98,14,112,210
06/25/2002,SBY,MD,AEA,EN,Federal Contract Tower,0,22,5,2,29,0,0,39,4,43,0,22,44,6,72,72,66,138,210
06/26/2002,SBY,MD,AEA,EN,Federal Contract Tower,0,25,7,1,33,0,0,39,13,52,0,25,46,14,85,40,42,82,167
06/27/2002,SBY,MD,AEA,EN,Federal Contract Tower,0,21,14,3,38,0,1,33,2,36,0,22,47,5,74,20,20,40,114
06/28/2002,SBY,MD,AEA,EN,Federal Contract Tower,0,27,9,2,38,0,0,46,4,50,0,27,55,6,88,6,10,16,104
06/29/2002,SBY,MD,AEA,EN,Federal Contract Tower,0,14,7,0,21,0,0,111,7,118,0,14,118,7,139,32,0,32,171
06/30/2002,SBY,MD,AEA,EN,Federal Contract Tower,0,22,4,0,26,0,0,95,0,95,0,22,99,0,121,34,0,34,155
07/01/2002,SBY,MD,AEA,EN,Federal Contract Tower,0,16,10,0,26,0,1,50,2,53,0,17,60,2,79,22,6,28,107
07/02/2002,SBY,MD,AEA,EN,Federal Contract Tower,0,19,9,1,29,0,2,59,1,62,0,21,68,2,91,54,2,56,147
07/03/2002,SBY,MD,AEA,EN,Federal Contract Tower,0,18,19,5,42,0,0,57,2,59,0,18,76,7,101,34,22,56,157
07/04/2002,SBY,MD,AEA,EN,Federal Contract Tower,0,16,7,0,23,0,0,40,0,40,0,16,47,0,63,12,0,12,75
07/05/2002,SBY,MD,AEA,EN,Federal Contract Tower,0,18,4,0,22,0,1,77,0,78,0,19,81,0,100,34,0,34,134
07/06/2002,SBY,MD,AEA,EN,Federal Contract Tower,0,13,15,0,28,0,2,84,0,86,0,15,99,0,114,56,0,56,170
07/07/2002,SBY,MD,AEA,EN,Federal Contract Tower,0,17,21,0,38,0,1,48,0,49,0,18,69,0,87,14,0,14,101
07/08/2002,SBY,MD,AEA,EN,Federal Contract Tower,0,22,20,1,43,0,0,15,3,18,0,22,35,4,61,22,8,30,91
07/09/2002,SBY,MD,AEA,EN,Federal Contract Tower,0,20,8,1,29,0,3,58,7,68,0,23,66,8,97,36,2,38,135
07/10/2002,SBY,MD,AEA,EN,Federal Contract Tower,0,24,7,0,31,0,0,46,0,46,0,24,53,0,77,52,0,52,129
07/11/2002,SBY,MD,AEA,EN,Federal Contract Tower,0,23,7,4,34,0,0,101,7,108,0,23,108,11,142,68,12,80,222
07/12/2002,SBY,MD,AEA,EN,Federal Contract Tower,0,22,9,0,31,0,0,119,1,120,0,22,128,1,151,60,6,66,217
07/13/2002,SBY,MD,AEA,EN,Federal Contract Tower,0,15,6,0,21,0,0,200,0,200,0,15,206,0,221,102,0,102,323
07/14/2002,SBY,MD,AEA,EN,Federal Contract Tower,0,19,12,0,31,0,1,34,0,35,0,20,46,0,66,12,0,12,78
07/15/2002,SBY,MD,AEA,EN,Federal Contract Tower,0,23,14,0,37,0,0,72,0,72,0,23,86,0,109,46,0,46,155
07/16/2002,SBY,MD,AEA,EN,Federal Contract Tower,0,26,5,2,33,0,0,61,8,69,0,26,66,10,102,40,12,52,154
07/17/2002,SBY,MD,AEA,EN,Federal Contract Tower,0,27,8,3,38,0,0,59,7,66,0,27,67,10,104,30,36,66,170
07/18/2002,SBY,MD,AEA,EN,Federal Contract Tower,0,25,13,1,39,0,1,35,10,46,0,26,48,11,85,40,90,130,215
07/19/2002,SBY,MD,AEA,EN,Federal Contract Tower,0,25,13,1,39,0,1,22,3,26,0,26,35,4,65,6,46,52,117
07/20/2002,SBY,MD,AEA,EN,Federal Contract Tower,0,16,10,0,26,0,1,73,0,74,0,17,83,0,100,0,0,0,100
07/21/2002,SBY,MD,AEA,EN,Federal Contract Tower,0,18,6,0,24,0,0,88,2,90,0,18,94,2,114,46,0,46,160
07/22/2002,SBY,MD,AEA,EN,Federal Contract Tower,0,22,13,3,38,0,1,80,1,82,0,23,93,4,120,0,0,0,120
07/23/2002,SBY,MD,AEA,EN,Federal Contract Tower,0,22,26,0,48,0,0,45,6,51,0,22,71,6,99,34,24,58,157
07/24/2002,SBY,MD,AEA,EN,Federal Contract Tower,0,26,23,0,49,0,1,5,1,7,0,27,28,1,56,0,0,0,56
07/25/2002,SBY,MD,AEA,EN,Federal Contract Tower,0,27,13,0,40,0,0,32,0,32,0,27,45,0,72,18,0,18,90
07/26/2002,SBY,MD,AEA,EN,Federal Contract Tower,0,29,11,1,41,0,1,40,3,44,0,30,51,4,85,18,10,28,113
07/27/2002,SBY,MD,AEA,EN,Federal Contract Tower,0,11,13,0,24,0,2,33,0,35,0,13,46,0,59,4,0,4,63
07/28/2002,SBY,MD,AEA,EN,Federal Contract Tower,0,22,13,0,35,0,0,63,0,63,0,22,76,0,98,12,0,12,110
07/29/2002,SBY,MD,AEA,EN,Federal Contract Tower,0,24,4,3,31,0,0,86,8,94,0,24,90,11,125,114,42,156,281
07/30/2002,SBY,MD,AEA,EN,Federal Contract Tower,0,27,12,2,41,0,0,67,8,75,0,27,79,10,116,108,48,156,272
07/31/2002,SBY,MD,AEA,EN,Federal Contract Tower,0,26,6,0,32,0,1,69,6,76,0,27,75,6,108,36,40,76,184
08/01/2002,SBY,MD,AEA,EN,Federal Contract Tower,0,22,10,0,32,0,1,91,10,102,0,23,101,10,134,52,38,90,224
08/02/2002,SBY,MD,AEA,EN,Federal Contract Tower,0,21,12,0,33,0,1,56,4,61,0,22,68,4,94,20,8,28,122
08/03/2002,SBY,MD,AEA,EN,Federal Contract Tower,0,19,6,0,25,0,2,75,0,77,0,21,81,0,102,58,0,58,160
08/04/2002,SBY,MD,AEA,EN,Federal Contract Tower,0,21,17,0,38,0,1,85,0,86,0,22,102,0,124,30,0,30,154
08/05/2002,SBY,MD,AEA,EN,Federal Contract Tower,0,25,7,0,32,0,3,52,7,62,0,28,59,7,94,38,54,92,186
08/06/2002,SBY,MD,AEA,EN,Federal Contract Tower,0,20,11,2,33,0,0,77,8,85,0,20,88,10,118,28,32,60,178
08/07/2002,SBY,MD,AEA,EN,Federal Contract Tower,0,24,10,3,37,0,1,104,12,117,0,25,114,15,154,84,40,124,278
08/08/2002,SBY,MD,AEA,EN,Federal Contract Tower,0,23,25,0,48,0,0,80,11,91,0,23,105,11,139,98,42,140,279
08/09/2002,SBY,MD,AEA,EN,Federal Contract Tower,0,23,16,0,39,0,2,91,3,96,0,25,107,3,135,64,10,74,209
08/10/2002,SBY,MD,AEA,EN,Federal Contract Tower,0,15,12,0,27,0,0,129,0,129,0,15,141,0,156,46,0,46,202
08/11/2002,SBY,MD,AEA,EN,Federal Contract Tower,0,18,11,0,29,0,0,98,3,101,0,18,109,3,130,14,0,14,144
08/12/2002,SBY,MD,AEA,EN,Federal Contract Tower,0,19,18,7,44,0,0,80,15,95,0,19,98,22,139,50,60,110,249
08/13/2002,SBY,MD,AEA,EN,Federal Contract Tower,0,25,7,1,33,0,0,55,11,66,0,25,62,12,99,86,6,92,191
08/14/2002,SBY,MD,AEA,EN,Federal Contract Tower,0,27,5,1,33,0,0,62,14,76,0,27,67,15,109,24,16,40,149
08/15/2002,SBY,MD,AEA,EN,Federal Contract Tower,0,29,14,0,43,0,3,79,12,94,0,32,93,12,137,56,46,102,239
08/16/2002,SBY,MD,AEA,EN,Federal Contract Tower,0,24,9,0,33,0,3,51,6,60,0,27,60,6,93,44,0,44,137
08/17/2002,SBY,MD,AEA,EN,Federal Contract Tower,0,14,11,0,25,0,1,95,0,96,0,15,106,0,121,42,0,42,163
08/18/2002,SBY,MD,AEA,EN,Federal Contract Tower,0,16,9,0,25,0,0,70,0,70,0,16,79,0,95,42,0,42,137
08/19/2002,SBY,MD,AEA,EN,Federal Contract Tower,0,25,5,0,30,0,0,53,0,53,0,25,58,0,83,14,0,14,97
08/20/2002,SBY,MD,AEA,EN,Federal Contract Tower,0,26,14,2,42,0,0,60,14,74,0,26,74,16,116,72,78,150,266
08/21/2002,SBY,MD,AEA,EN,Federal Contract Tower,0,22,6,2,30,0,1,86,7,94,0,23,92,9,124,38,24,62,186
08/22/2002,SBY,MD,AEA,EN,Federal Contract Tower,0,30,12,2,44,0,4,41,5,50,0,34,53,7,94,20,50,70,164
08/23/2002,SBY,MD,AEA,EN,Federal Contract Tower,0,24,16,1,41,0,0,73,16,89,0,24,89,17,130,16,12,28,158
08/24/2002,SBY,MD,AEA,EN,Federal Contract Tower,0,13,7,0,20,0,0,19,0,19,0,13,26,0,39,2,0,2,41
08/25/2002,SBY,MD,AEA,EN,Federal Contract Tower,0,18,22,0,40,0,0,81,9,90,0,18,103,9,130,32,0,32,162
08/26/2002,SBY,MD,AEA,EN,Federal Contract Tower,0,22,7,0,29,0,0,57,4,61,0,22,64,4,90,20,16,36,126
08/27/2002,SBY,MD,AEA,EN,Federal Contract Tower,0,24,13,1,38,0,0,56,9,65,0,24,69,10,103,52,22,74,177
08/28/2002,SBY,MD,AEA,EN,Federal Contract Tower,0,22,8,1,31,0,0,12,3,15,0,22,20,4,46,40,8,48,94
08/29/2002,SBY,MD,AEA,EN,Federal Contract Tower,0,24,14,2,40,0,0,0,0,0,0,24,14,2,40,0,0,0,40
08/30/2002,SBY,MD,AEA,EN,Federal Contract Tower,0,24,13,0,37,0,0,51,0,51,0,24,64,0,88,54,0,54,142
08/31/2002,SBY,MD,AEA,EN,Federal Contract Tower,0,15,10,0,25,0,0,43,0,43,0,15,53,0,68,4,0,4,72
09/01/2002,SBY,MD,AEA,EN,Federal Contract Tower,0,12,6,0,18,0,0,3,0,3,0,12,9,0,21,0,0,0,21
09/02/2002,SBY,MD,AEA,EN,Federal Contract Tower,0,16,10,0,26,0,0,34,0,34,0,16,44,0,60,32,0,32,92
09/03/2002,SBY,MD,AEA,EN,Federal Contract Tower,0,21,9,2,32,0,1,65,3,69,0,22,74,5,101,74,28,102,203
09/04/2002,SBY,MD,AEA,EN,Federal Contract Tower,0,23,12,0,35,0,1,67,20,88,0,24,79,20,123,68,14,82,205
09/05/2002,SBY,MD,AEA,EN,Federal Contract Tower,0,22,6,5,33,0,1,92,1,94,0,23,98,6,127,74,34,108,235
09/06/2002,SBY,MD,AEA,EN,Federal Contract Tower,0,19,6,0,25,0,1,101,0,102,0,20,107,0,127,78,0,78,205
09/07/2002,SBY,MD,AEA,EN,Federal Contract Tower,0,14,8,1,23,0,0,179,0,179,0,14,187,1,202,112,0,112,314
09/08/2002,SBY,MD,AEA,EN,Federal Contract Tower,0,14,3,0,17,0,0,102,0,102,0,14,105,0,119,36,0,36,155
09/09/2002,SBY,MD,AEA,EN,Federal Contract Tower,0,18,5,3,26,0,0,55,5,60,0,18,60,8,86,42,60,102,188
09/10/2002,SBY,MD,AEA,EN,Federal Contract Tower,0,20,6,6,32,0,0,19,1,20,0,20,25,7,52,44,22,66,118
09/11/2002,SBY,MD,AEA,EN,Federal Contract Tower,0,21,8,1,30,0,0,59,4,63,0,21,67,5,93,6,46,52,145
09/12/2002,SBY,MD,AEA,EN,Federal Contract Tower,0,19,11,1,31,0,3,78,4,85,0,22,89,5,116,22,12,34,150
09/13/2002,SBY,MD,AEA,EN,Federal Contract Tower,0,21,9,1,31,0,6,91,0,97,0,27,100,1,128,58,2,60,188
09/14/2002,SBY,MD,AEA,EN,Federal Contract Tower,0,15,7,0,22,0,0,75,0,75,0,15,82,0,97,44,0,44,141
09/15/2002,SBY,MD,AEA,EN,Federal Contract Tower,0,15,14,4,33,0,0,8,0,8,0,15,22,4,41,0,6,6,47
09/16/2002,SBY,MD,AEA,EN,Federal Contract Tower,0,18,11,1,30,0,0,13,1,14,0,18,24,2,44,20,2,22,66
09/17/2002,SBY,MD,AEA,EN,Federal Contract Tower,0,21,12,0,33,0,0,87,5,92,0,21,99,5,125,98,2,100,225
09/18/2002,SBY,MD,AEA,EN,Federal Contract Tower,0,19,8,0,27,0,0,94,18,112,0,19,102,18,139,60,0,60,199
09/19/2002,SBY,MD,AEA,EN,Federal Contract Tower,0,16,14,5,35,0,3,90,3,96,0,19,104,8,131,122,24,146,277
09/20/2002,SBY,MD,AEA,EN,Federal Contract Tower,0,20,14,0,34,0,1,82,3,86,0,21,96,3,120,88,22,110,230
09/21/2002,SBY,MD,AEA,EN,Federal Contract Tower,0,10,8,0,18,0,1,129,0,130,0,11,137,0,148,52,0,52,200
09/22/2002,SBY,MD,AEA,EN,Federal Contract Tower,0,11,6,1,18,0,0,83,0,83,0,11,89,1,101,37,16,53,154
09/23/2002,SBY,MD,AEA,EN,Federal Contract Tower,0,18,11,2,31,0,0,54,2,56,0,18,65,4,87,104,4,108,195
09/24/2002,SBY,MD,AEA,EN,Federal Contract Tower,0,17,11,6,34,0,0,96,6,102,0,17,107,12,136,64,0,64,200
09/25/2002,SBY,MD,AEA,EN,Federal Contract Tower,0,22,14,0,36,0,2,66,16,84,0,24,80,16,120,62,24,86,206
09/26/2002,SBY,MD,AEA,EN,Federal Contract Tower,0,18,15,10,43,0,0,3,0,3,0,18,18,10,46,0,0,0,46
09/27/2002,SBY,MD,AEA,EN,Federal Contract Tower,0,20,11,1,32,0,1,23,2,26,0,21,34,3,58,32,8,40,98
09/28/2002,SBY,MD,AEA,EN,Federal Contract Tower,0,9,9,0,18,0,0,81,0,81,0,9,90,0,99,38,0,38,137
09/29/2002,SBY,MD,AEA,EN,Federal Contract Tower,0,14,10,0,24,0,0,115,0,115,0,14,125,0,139,56,0,56,195
09/30/2002,SBY,MD,AEA,EN,Federal Contract Tower,0,18,9,3,30,0,0,62,0,62,0,18,71,3,92,104,24,128,220
10/01/2002,SBY,MD,AEA,EN,Federal Contract Tower,0,18,7,0,25,0,0,76,2,78,0,18,83,2,103,118,2,120,223
10/02/2002,SBY,MD,AEA,EN,Federal Contract Tower,0,18,7,4,29,0,1,56,10,67,0,19,63,14,96,92,32,124,220
10/03/2002,SBY,MD,AEA,EN,Federal Contract Tower,0,17,10,4,31,0,0,57,4,61,0,17,67,8,92,118,8,126,218
10/04/2002,SBY,MD,AEA,EN,Federal Contract Tower,0,20,14,1,35,0,0,42,1,43,0,20,56,2,78,34,16,50,128
10/05/2002,SBY,MD,AEA,EN,Federal Contract Tower,0,12,5,0,17,0,1,104,4,109,0,13,109,4,126,102,2,104,230
10/06/2002,SBY,MD,AEA,EN,Federal Contract Tower,0,11,5,0,16,0,0,97,0,97,0,11,102,0,113,42,0,42,155
10/07/2002,SBY,MD,AEA,EN,Federal Contract Tower,0,20,10,2,32,0,0,41,6,47,0,20,51,8,79,68,80,148,227
10/08/2002,SBY,MD,AEA,EN,Federal Contract Tower,0,23,16,0,39,0,1,75,6,82,0,24,91,6,121,120,26,146,267
10/09/2002,SBY,MD,AEA,EN,Federal Contract Tower,0,26,16,1,43,0,0,43,8,51,0,26,59,9,94,106,38,144,238
10/10/2002,SBY,MD,AEA,EN,Federal Contract Tower,0,22,15,4,41,0,0,5,1,6,0,22,20,5,47,0,0,0,47
10/11/2002,SBY,MD,AEA,EN,Federal Contract Tower,0,21,17,0,38,0,0,0,0,0,0,21,17,0,38,0,0,0,38
10/12/2002,SBY,MD,AEA,EN,Federal Contract Tower,0,16,23,0,39,0,0,11,0,11,0,16,34,0,50,14,0,14,64
10/13/2002,SBY,MD,AEA,EN,Federal Contract Tower,0,17,18,0,35,0,0,5,0,5,0,17,23,0,40,6,0,6,46
10/14/2002,SBY,MD,AEA,EN,Federal Contract Tower,0,23,3,0,26,0,0,80,0,80,0,23,83,0,106,168,0,168,274
10/15/2002,SBY,MD,AEA,EN,Federal Contract Tower,0,21,7,2,30,0,0,45,2,47,0,21,52,4,77,86,10,96,173
10/16/2002,SBY,MD,AEA,EN,Federal Contract Tower,0,23,14,0,37,0,0,0,0,0,0,23,14,0,37,0,0,0,37
10/17/2002,SBY,MD,AEA,EN,Federal Contract Tower,0,21,18,1,40,0,0,99,4,103,0,21,117,5,143,98,6,104,247
10/18/2002,SBY,MD,AEA,EN,Federal Contract Tower,0,24,16,2,42,0,0,85,3,88,0,24,101,5,130,42,6,48,178
10/19/2002,SBY,MD,AEA,EN,Federal Contract Tower,0,16,8,0,24,0,0,124,1,125,0,16,132,1,149,84,2,86,235
10/20/2002,SBY,MD,AEA,EN,Federal Contract Tower,0,20,12,0,32,0,0,30,0,30,0,20,42,0,62,20,0,20,82
10/21/2002,SBY,MD,AEA,EN,Federal Contract Tower,0,18,10,2,30,0,1,59,1,61,0,19,69,3,91,92,28,120,211
10/22/2002,SBY,MD,AEA,EN,Federal Contract Tower,0,19,11,1,31,0,0,103,9,112,0,19,114,10,143,132,4,136,279
10/23/2002,SBY,MD,AEA,EN,Federal Contract Tower,0,25,18,2,45,0,2,98,6,106,0,27,116,8,151,104,54,158,309
10/24/2002,SBY,MD,AEA,EN,Federal Contract Tower,0,22,15,4,41,0,0,67,2,69,0,22,82,6,110,100,22,122,232
10/25/2002,SBY,MD,AEA,EN,Federal Contract Tower,0,19,15,8,42,0,2,36,13,51,0,21,51,21,93,26,16,42,135
10/26/2002,SBY,MD,AEA,EN,Federal Contract Tower,0,14,9,0,23,0,0,32,0,32,0,14,41,0,55,2,0,2,57
10/27/2002,SBY,MD,AEA,EN,Federal Contract Tower,0,16,11,0,27,0,0,109,0,109,0,16,120,0,136,26,0,26,162
10/28/2002,SBY,MD,AEA,EN,Federal Contract Tower,0,20,18,0,38,0,0,21,1,22,0,20,39,1,60,42,4,46,106
10/29/2002,SBY,MD,AEA,EN,Federal Contract Tower,0,23,8,2,33,0,0,8,4,12,0,23,16,6,45,18,22,40,85
10/30/2002,SBY,MD,AEA,EN,Federal Contract Tower,0,20,8,0,28,0,0,0,0,0,0,20,8,0,28,0,0,0,28
10/31/2002,SBY,MD,AEA,EN,Federal Contract Tower,0,22,12,13,47,0,1,47,16,64,0,23,59,29,111,58,0,58,169
11/01/2002,SBY,MD,AEA,EN,Federal Contract Tower,0,19,15,2,36,0,0,114,14,128,0,19,129,16,164,116,44,160,324
11/02/2002,SBY,MD,AEA,EN,Federal Contract Tower,0,14,9,0,23,0,0,104,0,104,0,14,113,0,127,82,0,82,209
11/03/2002,SBY,MD,AEA,EN,Federal Contract Tower,0,12,5,0,17,0,0,96,0,96,0,12,101,0,113,40,0,40,153
11/04/2002,SBY,MD,AEA,EN,Federal Contract Tower,0,17,7,4,28,0,1,59,3,63,0,18,66,7,91,130,18,148,239
11/05/2002,SBY,MD,AEA,EN,Federal Contract Tower,0,18,12,4,34,0,0,52,1,53,0,18,64,5,87,94,18,112,199
11/06/2002,SBY,MD,AEA,EN,Federal Contract Tower,0,20,8,7,35,0,0,11,3,14,0,20,19,10,49,32,12,44,93
11/07/2002,SBY,MD,AEA,EN,Federal Contract Tower,0,20,8,0,28,0,0,61,8,69,0,20,69,8,97,34,16,50,147
11/08/2002,SBY,MD,AEA,EN,Federal Contract Tower,0,18,6,0,24,0,0,75,12,87,0,18,81,12,111,62,50,112,223
11/09/2002,SBY,MD,AEA,EN,Federal Contract Tower,0,11,13,0,24,0,0,86,0,86,0,11,99,0,110,52,0,52,162
11/10/2002,SBY,MD,AEA,EN,Federal Contract Tower,0,11,11,0,22,0,0,47,0,47,0,11,58,0,69,14,0,14,83
11/11/2002,SBY,MD,AEA,EN,Federal Contract Tower,0,18,4,0,22,0,1,5,0,6,0,19,9,0,28,4,0,4,32
11/12/2002,SBY,MD,AEA,EN,Federal Contract Tower,0,21,3,0,24,0,0,7,0,7,0,21,10,0,31,12,0,12,43
11/13/2002,SBY,MD,AEA,EN,Federal Contract Tower,0,19,12,1,32,0,0,11,2,13,0,19,23,3,45,48,4,52,97
11/14/2002,SBY,MD,AEA,EN,Federal Contract Tower,0,20,16,0,36,0,0,136,2,138,0,20,152,2,174,158,4,162,336
11/15/2002,SBY,MD,AEA,EN,Federal Contract Tower,0,20,14,0,34,0,0,127,6,133,0,20,141,6,167,88,10,98,265
11/16/2002,SBY,MD,AEA,EN,Federal Contract Tower,0,13,12,0,25,0,0,3,0,3,0,13,15,0,28,0,0,0,28
11/17/2002,SBY,MD,AEA,EN,Federal Contract Tower,0,17,5,0,22,0,0,0,0,0,0,17,5,0,22,0,0,0,22
11/18/2002,SBY,MD,AEA,EN,Federal Contract Tower,0,20,12,0,32,0,0,39,10,49,0,20,51,10,81,52,30,82,163
11/19/2002,SBY,MD,AEA,EN,Federal Contract Tower,0,20,8,1,29,0,1,87,7,95,0,21,95,8,124,102,28,130,254
11/20/2002,SBY,MD,AEA,EN,Federal Contract Tower,0,16,8,1,25,0,1,81,7,89,0,17,89,8,114,130,24,154,268
11/21/2002,SBY,MD,AEA,EN,Federal Contract Tower,0,19,20,1,40,0,1,25,9,35,0,20,45,10,75,66,8,74,149
11/22/2002,SBY,MD,AEA,EN,Federal Contract Tower,0,15,12,1,28,0,0,10,1,11,0,15,22,2,39,14,0,14,53
11/23/2002,SBY,MD,AEA,EN,Federal Contract Tower,0,15,6,0,21,0,1,45,0,46,0,16,51,0,67,34,0,34,101
11/24/2002,SBY,MD,AEA,EN,Federal Contract Tower,0,13,8,0,21,0,0,148,0,148,0,13,156,0,169,64,0,64,233
11/25/2002,SBY,MD,AEA,EN,Federal Contract Tower,0,17,8,0,25,0,0,63,4,67,0,17,71,4,92,58,20,78,170
11/26/2002,SBY,MD,AEA,EN,Federal Contract Tower,0,20,7,0,27,0,0,85,4,89,0,20,92,4,116,154,0,154,270
11/27/2002,SBY,MD,AEA,EN,Federal Contract Tower,0,27,4,0,31,0,0,24,0,24,0,27,28,0,55,6,0,6,61
11/28/2002,SBY,MD,AEA,EN,Federal Contract Tower,0,14,3,0,17,0,0,32,0,32,0,14,35,0,49,0,0,0,49
11/29/2002,SBY,MD,AEA,EN,Federal Contract Tower,0,16,4,1,21,0,0,43,0,43,0,16,47,1,64,8,0,8,72
11/30/2002,SBY,MD,AEA,EN,Federal Contract Tower,0,18,11,0,29,0,0,55,0,55,0,18,66,0,84,60,0,60,144
12/01/2002,SBY,MD,AEA,EN,Federal Contract Tower,0,15,7,0,22,0,0,33,0,33,0,15,40,0,55,18,0,18,73
12/02/2002,SBY,MD,AEA,EN,Federal Contract Tower,0,18,14,0,32,0,0,49,0,49,0,18,63,0,81,42,0,42,123
12/03/2002,SBY,MD,AEA,EN,Federal Contract Tower,0,21,9,4,34,0,0,25,8,33,0,21,34,12,67,12,6,18,85
12/04/2002,SBY,MD,AEA,EN,Federal Contract Tower,0,20,7,0,27,0,0,75,0,75,0,20,82,0,102,110,0,110,212
12/05/2002,SBY,MD,AEA,EN,Federal Contract Tower,0,9,4,0,13,0,0,0,0,0,0,9,4,0,13,0,0,0,13
12/06/2002,SBY,MD,AEA,EN,Federal Contract Tower,0,17,7,0,24,0,0,75,1,76,0,17,82,1,100,56,0,56,156
12/07/2002,SBY,MD,AEA,EN,Federal Contract Tower,0,12,4,0,16,0,0,72,0,72,0,12,76,0,88,50,0,50,138
12/08/2002,SBY,MD,AEA,EN,Federal Contract Tower,0,13,11,0,24,0,0,66,0,66,0,13,77,0,90,42,0,42,132
12/09/2002,SBY,MD,AEA,EN,Federal Contract Tower,0,18,6,2,26,0,0,62,2,64,0,18,68,4,90,106,32,138,228
12/10/2002,SBY,MD,AEA,EN,Federal Contract Tower,0,18,9,0,27,0,0,41,2,43,0,18,50,2,70,60,0,60,130
12/11/2002,SBY,MD,AEA,EN,Federal Contract Tower,0,16,8,0,24,0,0,0,0,0,0,16,8,0,24,0,0,0,24
12/12/2002,SBY,MD,AEA,EN,Federal Contract Tower,0,19,21,0,40,0,0,67,6,73,0,19,88,6,113,64,0,64,177
12/13/2002,SBY,MD,AEA,EN,Federal Contract Tower,0,20,9,0,29,0,0,5,0,5,0,20,14,0,34,12,0,12,46
12/14/2002,SBY,MD,AEA,EN,Federal Contract Tower,0,11,13,0,24,0,1,18,0,19,0,12,31,0,43,22,0,22,65
12/15/2002,SBY,MD,AEA,EN,Federal Contract Tower,0,11,7,0,18,0,0,87,0,87,0,11,94,0,105,16,0,16,121
12/16/2002,SBY,MD,AEA,EN,Federal Contract Tower,0,19,6,2,27,0,1,45,0,46,0,20,51,2,73,18,12,30,103
12/17/2002,SBY,MD,AEA,EN,Federal Contract Tower,0,20,5,1,26,0,0,80,3,83,0,20,85,4,109,34,10,44,153
12/18/2002,SBY,MD,AEA,EN,Federal Contract Tower,0,18,8,2,28,0,1,71,10,82,0,19,79,12,110,78,22,100,210
12/19/2002,SBY,MD,AEA,EN,Federal Contract Tower,0,19,14,8,41,0,0,62,2,64,0,19,76,10,105,44,44,88,193
12/20/2002,SBY,MD,AEA,EN,Federal Contract Tower,0,20,5,0,25,0,0,5,0,5,0,20,10,0,30,2,0,2,32
12/21/2002,SBY,MD,AEA,EN,Federal Contract Tower,0,13,15,0,28,0,0,47,0,47,0,13,62,0,75,34,0,34,109
12/22/2002,SBY,MD,AEA,EN,Federal Contract Tower,0,12,13,0,25,0,0,59,0,59,0,12,72,0,84,50,0,50,134
12/23/2002,SBY,MD,AEA,EN,Federal Contract Tower,0,21,8,1,30,0,0,54,3,57,0,21,62,4,87,64,32,96,183
12/24/2002,SBY,MD,AEA,EN,Federal Contract Tower,0,18,2,3,23,0,0,29,1,30,0,18,31,4,53,26,8,34,87
12/25/2002,SBY,MD,AEA,EN,Federal Contract Tower,0,12,0,0,12,0,0,2,0,2,0,12,2,0,14,0,0,0,14
12/26/2002,SBY,MD,AEA,EN,Federal Contract Tower,0,20,8,0,28,0,0,21,1,22,0,20,29,1,50,0,0,0,50
12/27/2002,SBY,MD,AEA,EN,Federal Contract Tower,0,18,6,2,26,0,0,98,4,102,0,18,104,6,128,36,2,38,166
12/28/2002,SBY,MD,AEA,EN,Federal Contract Tower,0,13,6,0,19,0,0,81,2,83,0,13,87,2,102,70,0,70,172
12/29/2002,SBY,MD,AEA,EN,Federal Contract Tower,0,12,2,0,14,0,0,89,0,89,0,12,91,0,103,36,0,36,139
12/30/2002,SBY,MD,AEA,EN,Federal Contract Tower,0,18,8,1,27,0,0,71,1,72,0,18,79,2,99,148,42,190,289
12/31/2002,SBY,MD,AEA,EN,Federal Contract Tower,0,16,8,0,24,0,0,35,0,35,0,16,43,0,59,22,0,22,81
01/01/2003,SBY,MD,AEA,EN,Federal Contract Tower,0,11,4,0,15,0,0,2,0,2,0,11,6,0,17,0,0,0,17
01/02/2003,SBY,MD,AEA,EN,Federal Contract Tower,0,18,14,0,32,0,0,5,0,5,0,18,19,0,37,18,0,18,55
01/03/2003,SBY,MD,AEA,EN,Federal Contract Tower,0,18,2,0,20,0,0,0,0,0,0,18,2,0,20,0,0,0,20
01/04/2003,SBY,MD,AEA,EN,Federal Contract Tower,0,15,4,0,19,0,0,18,0,18,0,15,22,0,37,12,0,12,49
01/05/2003,SBY,MD,AEA,EN,Federal Contract Tower,0,10,9,0,19,0,0,43,0,43,0,10,52,0,62,34,0,34,96
01/06/2003,SBY,MD,AEA,EN,Federal Contract Tower,0,15,1,0,16,0,0,11,0,11,0,15,12,0,27,8,0,8,35
01/07/2003,SBY,MD,AEA,EN,Federal Contract Tower,0,21,5,3,29,0,0,42,3,45,0,21,47,6,74,12,12,24,98
01/08/2003,SBY,MD,AEA,EN,Federal Contract Tower,0,16,8,4,28,0,0,45,2,47,0,16,53,6,75,36,32,68,143
01/09/2003,SBY,MD,AEA,EN,Federal Contract Tower,0,16,8,0,24,0,1,46,3,50,0,17,54,3,74,20,26,46,120
01/10/2003,SBY,MD,AEA,EN,Federal Contract Tower,0,15,3,0,18,0,0,60,6,66,0,15,63,6,84,20,6,26,110
01/11/2003,SBY,MD,AEA,EN,Federal Contract Tower,0,13,7,0,20,0,0,27,0,27,0,13,34,0,47,58,0,58,105
01/12/2003,SBY,MD,AEA,EN,Federal Contract Tower,0,10,4,0,14,0,0,57,0,57,0,10,61,0,71,22,0,22,93
01/13/2003,SBY,MD,AEA,EN,Federal Contract Tower,0,16,8,0,24,0,0,56,0,56,0,16,64,0,80,44,0,44,124
01/14/2003,SBY,MD,AEA,EN,Federal Contract Tower,0,18,7,0,25,0,0,54,0,54,0,18,61,0,79,54,0,54,133
01/15/2003,SBY,MD,AEA,EN,Federal Contract Tower,0,16,5,5,26,0,0,32,3,35,0,16,37,8,61,58,28,86,147
01/16/2003,SBY,MD,AEA,EN,Federal Contract Tower,0,17,10,1,28,0,0,44,0,44,0,17,54,1,72,34,16,50,122
01/17/2003,SBY,MD,AEA,EN,Federal Contract Tower,0,18,2,0,20,0,0,21,0,21,0,18,23,0,41,4,0,4,45
01/18/2003,SBY,MD,AEA,EN,Federal Contract Tower,0,15,4,0,19,0,0,73,8,81,0,15,77,8,100,60,0,60,160
01/19/2003,SBY,MD,AEA,EN,Federal Contract Tower,0,12,7,0,19,0,0,35,0,35,0,12,42,0,54,58,0,58,112
01/20/2003,SBY,MD,AEA,EN,Federal Contract Tower,0,15,5,0,20,0,4,40,0,44,0,19,45,0,64,58,0,58,122
01/21/2003,SBY,MD,AEA,EN,Federal Contract Tower,0,18,7,0,25,0,0,31,0,31,0,18,38,0,56,18,0,18,74
01/22/2003,SBY,MD,AEA,EN,Federal Contract Tower,0,19,3,2,24,0,0,39,6,45,0,19,42,8,69,54,44,98,167
01/23/2003,SBY,MD,AEA,EN,Federal Contract Tower,0,19,4,1,24,0,0,17,7,24,0,19,21,8,48,12,18,30,78
01/24/2003,SBY,MD,AEA,EN,Federal Contract Tower,0,19,7,0,26,0,0,21,8,29,0,19,28,8,55,8,6,14,69
01/25/2003,SBY,MD,AEA,EN,Federal Contract Tower,0,15,14,0,29,0,0,118,0,118,0,15,132,0,147,166,0,166,313
01/26/2003,SBY,MD,AEA,EN,Federal Contract Tower,0,11,8,0,19,0,0,64,0,64,0,11,72,0,83,30,0,30,113
01/27/2003,SBY,MD,AEA,EN,Federal Contract Tower,0,12,2,0,14,0,0,23,3,26,0,12,25,3,40,0,0,0,40
01/28/2003,SBY,MD,AEA,EN,Federal Contract Tower,0,16,5,2,23,0,0,58,4,62,0,16,63,6,85,132,4,136,221
01/29/2003,SBY,MD,AEA,EN,Federal Contract Tower,0,12,9,0,21,0,0,36,2,38,0,12,45,2,59,80,12,92,151
01/30/2003,SBY,MD,AEA,EN,Federal Contract Tower,0,18,10,0,28,0,0,10,0,10,0,18,20,0,38,50,0,50,88
01/31/2003,SBY,MD,AEA,EN,Federal Contract Tower,0,11,4,0,15,0,0,0,2,2,0,11,4,2,17,0,0,0,17
02/01/2003,SBY,MD,AEA,EN,Federal Contract Tower,0,11,10,0,21,0,1,0,0,1,0,12,10,0,22,6,0,6,28
02/02/2003,SBY,MD,AEA,EN,Federal Contract Tower,0,10,12,1,23,0,3,46,1,50,0,13,58,2,73,60,6,66,139
02/03/2003,SBY,MD,AEA,EN,Federal Contract Tower,0,15,12,0,27,0,1,47,0,48,0,16,59,0,75,196,8,204,279
02/04/2003,SBY,MD,AEA,EN,Federal Contract Tower,0,17,4,0,21,0,0,26,0,26,0,17,30,0,47,6,0,6,53
02/05/2003,SBY,MD,AEA,EN,Federal Contract Tower,0,17,13,0,30,0,0,73,8,81,0,17,86,8,111,78,16,94,205
02/06/2003,SBY,MD,AEA,EN,Federal Contract Tower,0,17,14,0,31,0,0,64,2,66,0,17,78,2,97,64,0,64,161
02/07/2003,SBY,MD,AEA,EN,Federal Contract Tower,0,13,6,0,19,0,0,56,0,56,0,13,62,0,75,52,0,52,127
02/08/2003,SBY,MD,AEA,EN,Federal Contract Tower,0,13,7,0,20,0,0,15,0,15,0,13,22,0,35,48,0,48,83
02/09/2003,SBY,MD,AEA,EN,Federal Contract Tower,0,11,11,0,22,0,0,82,0,82,0,11,93,0,104,142,0,142,246
02/10/2003,SBY,MD,AEA,EN,Federal Contract Tower,0,19,2,0,21,0,0,0,0,0,0,19,2,0,21,0,0,0,21
02/11/2003,SBY,MD,AEA,EN,Federal Contract Tower,0,16,10,1,27,0,0,65,11,76,0,16,75,12,103,70,44,114,217
02/12/2003,SBY,MD,AEA,EN,Federal Contract Tower,0,18,5,1,24,0,2,49,9,60,0,20,54,10,84,48,30,78,162
02/13/2003,SBY,MD,AEA,EN,Federal Contract Tower,0,18,16,0,34,0,0,56,4,60,0,18,72,4,94,52,44,96,190
02/14/2003,SBY,MD,AEA,EN,Federal Contract Tower,0,16,12,1,29,0,0,90,11,101,0,16,102,12,130,74,42,116,246
02/15/2003,SBY,MD,AEA,EN,Federal Contract Tower,0,10,2,0,12,0,0,0,0,0,0,10,2,0,12,0,0,0,12
02/16/2003,SBY,MD,AEA,EN,Federal Contract Tower,0,0,0,0,0,0,0,0,0,0,0,0,0,0,0,0,0,0,0
02/17/2003,SBY,MD,AEA,EN,Federal Contract Tower,0,2,0,0,2,0,0,0,0,0,0,2,0,0,2,0,0,0,2
02/18/2003,SBY,MD,AEA,EN,Federal Contract Tower,0,13,8,0,21,0,0,14,0,14,0,13,22,0,35,14,0,14,49
02/19/2003,SBY,MD,AEA,EN,Federal Contract Tower,0,18,4,0,22,0,0,47,0,47,0,18,51,0,69,74,0,74,143
02/20/2003,SBY,MD,AEA,EN,Federal Contract Tower,0,17,8,3,28,0,0,51,13,64,0,17,59,16,92,48,58,106,198
02/21/2003,SBY,MD,AEA,EN,Federal Contract Tower,0,20,4,1,25,0,0,39,7,46,0,20,43,8,71,56,12,68,139
02/22/2003,SBY,MD,AEA,EN,Federal Contract Tower,0,9,2,0,11,0,0,0,0,0,0,9,2,0,11,0,0,0,11
02/23/2003,SBY,MD,AEA,EN,Federal Contract Tower,0,10,3,0,13,0,0,9,0,9,0,10,12,0,22,0,0,0,22
02/24/2003,SBY,MD,AEA,EN,Federal Contract Tower,0,15,8,0,23,0,0,37,8,45,0,15,45,8,68,32,86,118,186
02/25/2003,SBY,MD,AEA,EN,Federal Contract Tower,0,15,10,0,25,0,2,47,0,49,0,17,57,0,74,58,0,58,132
02/26/2003,SBY,MD,AEA,EN,Federal Contract Tower,0,17,2,0,19,0,0,0,0,0,0,17,2,0,19,0,0,0,19
02/27/2003,SBY,MD,AEA,EN,Federal Contract Tower,0,16,5,0,21,0,0,6,0,6,0,16,11,0,27,22,0,22,49
02/28/2003,SBY,MD,AEA,EN,Federal Contract Tower,0,17,1,0,18,0,0,10,0,10,0,17,11,0,28,8,0,8,36
03/01/2003,SBY,MD,AEA,EN,Federal Contract Tower,0,9,5,0,14,0,5,35,2,42,0,14,40,2,56,64,0,64,120
03/02/2003,SBY,MD,AEA,EN,Federal Contract Tower,0,11,10,0,21,0,0,5,0,5,0,11,15,0,26,0,0,0,26
03/03/2003,SBY,MD,AEA,EN,Federal Contract Tower,0,16,8,0,24,0,0,37,9,46,0,16,45,9,70,44,92,136,206
03/04/2003,SBY,MD,AEA,EN,Federal Contract Tower,0,17,10,0,27,0,0,55,6,61,0,17,65,6,88,68,26,94,182
03/05/2003,SBY,MD,AEA,EN,Federal Contract Tower,0,19,7,0,26,0,0,27,8,35,0,19,34,8,61,22,24,46,107
03/06/2003,SBY,MD,AEA,EN,Federal Contract Tower,0,20,13,0,33,0,0,4,2,6,0,20,17,2,39,0,0,0,39
03/07/2003,SBY,MD,AEA,EN,Federal Contract Tower,0,18,14,0,32,0,0,77,14,91,0,18,91,14,123,66,50,116,239
03/08/2003,SBY,MD,AEA,EN,Federal Contract Tower,0,14,11,0,25,0,0,105,0,105,0,14,116,0,130,62,0,62,192
03/09/2003,SBY,MD,AEA,EN,Federal Contract Tower,0,13,4,0,17,0,0,62,2,64,0,13,66,2,81,46,0,46,127
03/10/2003,SBY,MD,AEA,EN,Federal Contract Tower,0,14,3,0,17,0,2,51,7,60,0,16,54,7,77,42,50,92,169
03/11/2003,SBY,MD,AEA,EN,Federal Contract Tower,0,17,8,0,25,0,0,13,4,17,0,17,21,4,42,18,12,30,72
03/12/2003,SBY,MD,AEA,EN,Federal Contract Tower,0,15,11,1,27,0,0,61,6,67,0,15,72,7,94,76,28,104,198
03/13/2003,SBY,MD,AEA,EN,Federal Contract Tower,0,19,10,0,29,0,0,57,0,57,0,19,67,0,86,90,0,90,176
03/14/2003,SBY,MD,AEA,EN,Federal Contract Tower,0,16,10,1,27,0,0,122,16,138,0,16,132,17,165,124,66,190,355
03/15/2003,SBY,MD,AEA,EN,Federal Contract Tower,0,10,27,0,37,0,0,173,0,173,0,10,200,0,210,74,0,74,284
03/16/2003,SBY,MD,AEA,EN,Federal Contract Tower,0,10,26,0,36,0,0,52,0,52,0,10,78,0,88,30,0,30,118
03/17/2003,SBY,MD,AEA,EN,Federal Contract Tower,0,19,12,0,31,0,0,0,0,0,0,19,12,0,31,0,0,0,31
03/18/2003,SBY,MD,AEA,EN,Federal Contract Tower,0,21,6,0,27,0,1,38,3,42,0,22,44,3,69,26,6,32,101
03/19/2003,SBY,MD,AEA,EN,Federal Contract Tower,0,21,13,0,34,0,1,26,11,38,0,22,39,11,72,24,34,58,130
03/20/2003,SBY,MD,AEA,EN,Federal Contract Tower,0,18,9,0,27,0,0,3,0,3,0,18,12,0,30,0,0,0,30
03/21/2003,SBY,MD,AEA,EN,Federal Contract Tower,0,18,8,0,26,0,4,0,0,4,0,22,8,0,30,0,0,0,30
03/22/2003,SBY,MD,AEA,EN,Federal Contract Tower,0,10,10,0,20,0,0,102,0,102,0,10,112,0,122,80,0,80,202
03/23/2003,SBY,MD,AEA,EN,Federal Contract Tower,0,10,15,0,25,0,0,106,3,109,0,10,121,3,134,72,0,72,206
03/24/2003,SBY,MD,AEA,EN,Federal Contract Tower,0,17,17,3,37,0,0,51,4,55,0,17,68,7,92,88,56,144,236
03/25/2003,SBY,MD,AEA,EN,Federal Contract Tower,0,18,9,5,32,0,1,68,5,74,0,19,77,10,106,84,74,158,264
03/26/2003,SBY,MD,AEA,EN,Federal Contract Tower,0,18,5,0,23,0,0,24,2,26,0,18,29,2,49,8,30,38,87
03/27/2003,SBY,MD,AEA,EN,Federal Contract Tower,0,18,13,0,31,0,0,103,4,107,0,18,116,4,138,140,38,178,316
03/28/2003,SBY,MD,AEA,EN,Federal Contract Tower,0,17,26,2,45,0,0,66,3,69,0,17,92,5,114,80,30,110,224
03/29/2003,SBY,MD,AEA,EN,Federal Contract Tower,0,10,5,0,15,0,0,19,0,19,0,10,24,0,34,0,0,0,34
03/30/2003,SBY,MD,AEA,EN,Federal Contract Tower,0,13,2,0,15,0,0,0,0,0,0,13,2,0,15,0,0,0,15
03/31/2003,SBY,MD,AEA,EN,Federal Contract Tower,0,16,11,0,27,0,1,38,12,51,0,17,49,12,78,32,138,170,248
04/01/2003,SBY,MD,AEA,EN,Federal Contract Tower,0,17,13,3,33,0,0,54,3,57,0,17,67,6,90,34,44,78,168
04/02/2003,SBY,MD,AEA,EN,Federal Contract Tower,0,19,7,0,26,0,0,88,5,93,0,19,95,5,119,72,42,114,233
04/03/2003,SBY,MD,AEA,EN,Federal Contract Tower,0,17,18,2,37,0,0,43,4,47,0,17,61,6,84,84,52,136,220
04/04/2003,SBY,MD,AEA,EN,Federal Contract Tower,0,18,18,2,38,0,0,7,0,7,0,18,25,2,45,12,4,16,61
04/05/2003,SBY,MD,AEA,EN,Federal Contract Tower,0,12,4,0,16,0,0,15,0,15,0,12,19,0,31,8,0,8,39
04/06/2003,SBY,MD,AEA,EN,Federal Contract Tower,0,12,20,0,32,0,0,92,4,96,0,12,112,4,128,64,0,64,192
04/07/2003,SBY,MD,AEA,EN,Federal Contract Tower,0,15,4,0,19,0,0,3,0,3,0,15,7,0,22,0,0,0,22
04/08/2003,SBY,MD,AEA,EN,Federal Contract Tower,0,17,7,5,29,0,0,0,1,1,0,17,7,6,30,0,10,10,40
04/09/2003,SBY,MD,AEA,EN,Federal Contract Tower,0,16,4,6,26,0,0,2,0,2,0,16,6,6,28,0,0,0,28
04/10/2003,SBY,MD,AEA,EN,Federal Contract Tower,0,16,11,8,35,0,0,2,0,2,0,16,13,8,37,0,0,0,37
04/11/2003,SBY,MD,AEA,EN,Federal Contract Tower,0,15,7,0,22,0,0,0,0,0,0,15,7,0,22,0,0,0,22
04/12/2003,SBY,MD,AEA,EN,Federal Contract Tower,0,15,26,0,41,0,0,37,0,37,0,15,63,0,78,26,0,26,104
04/13/2003,SBY,MD,AEA,EN,Federal Contract Tower,0,13,11,2,26,0,0,114,0,114,0,13,125,2,140,46,0,46,186
04/14/2003,SBY,MD,AEA,EN,Federal Contract Tower,0,16,12,0,28,0,0,86,4,90,0,16,98,4,118,44,6,50,168
04/15/2003,SBY,MD,AEA,EN,Federal Contract Tower,0,14,8,0,22,0,0,63,4,67,0,14,71,4,89,52,32,84,173
04/16/2003,SBY,MD,AEA,EN,Federal Contract Tower,0,18,10,1,29,0,0,96,14,110,0,18,106,15,139,110,112,222,361
04/17/2003,SBY,MD,AEA,EN,Federal Contract Tower,0,20,9,2,31,0,0,7,2,9,0,20,16,4,40,0,6,6,46
04/18/2003,SBY,MD,AEA,EN,Federal Contract Tower,0,18,19,0,37,0,0,0,0,0,0,18,19,0,37,0,0,0,37
04/19/2003,SBY,MD,AEA,EN,Federal Contract Tower,0,11,20,0,31,0,0,30,0,30,0,11,50,0,61,18,0,18,79
04/20/2003,SBY,MD,AEA,EN,Federal Contract Tower,0,12,16,0,28,0,0,68,0,68,0,12,84,0,96,20,0,20,116
04/21/2003,SBY,MD,AEA,EN,Federal Contract Tower,0,16,24,0,40,0,0,36,1,37,0,16,60,1,77,54,0,54,131
04/22/2003,SBY,MD,AEA,EN,Federal Contract Tower,0,16,22,2,40,0,0,64,9,73,0,16,86,11,113,54,50,104,217
04/23/2003,SBY,MD,AEA,EN,Federal Contract Tower,0,18,2,0,20,0,0,50,11,61,0,18,52,11,81,26,50,76,157
04/24/2003,SBY,MD,AEA,EN,Federal Contract Tower,0,19,20,0,39,0,0,80,8,88,0,19,100,8,127,96,30,126,253
04/25/2003,SBY,MD,AEA,EN,Federal Contract Tower,0,16,24,1,41,0,0,53,4,57,0,16,77,5,98,94,6,100,198
04/26/2003,SBY,MD,AEA,EN,Federal Contract Tower,0,14,11,0,25,0,0,0,0,0,0,14,11,0,25,0,0,0,25
04/27/2003,SBY,MD,AEA,EN,Federal Contract Tower,0,14,22,0,36,0,1,133,0,134,0,15,155,0,170,150,0,150,320
04/28/2003,SBY,MD,AEA,EN,Federal Contract Tower,0,16,15,0,31,0,2,56,6,64,0,18,71,6,95,117,41,158,253
04/29/2003,SBY,MD,AEA,EN,Federal Contract Tower,0,18,11,1,30,0,1,70,9,80,0,19,81,10,110,98,54,152,262
04/30/2003,SBY,MD,AEA,EN,Federal Contract Tower,0,18,10,1,29,0,0,43,3,46,0,18,53,4,75,76,62,138,213
05/01/2003,SBY,MD,AEA,EN,Federal Contract Tower,0,17,30,7,54,0,0,28,3,31,0,17,58,10,85,6,30,36,121
05/02/2003,SBY,MD,AEA,EN,Federal Contract Tower,0,15,22,1,38,0,1,65,8,74,0,16,87,9,112,108,2,110,222
05/03/2003,SBY,MD,AEA,EN,Federal Contract Tower,0,13,21,0,34,0,0,36,2,38,0,13,57,2,72,30,0,30,102
05/04/2003,SBY,MD,AEA,EN,Federal Contract Tower,0,14,11,1,26,0,0,84,0,84,0,14,95,1,110,18,2,20,130
05/05/2003,SBY,MD,AEA,EN,Federal Contract Tower,0,16,13,0,29,0,1,51,2,54,0,17,64,2,83,74,32,106,189
05/06/2003,SBY,MD,AEA,EN,Federal Contract Tower,0,18,26,0,44,0,1,5,0,6,0,19,31,0,50,30,0,30,80
05/07/2003,SBY,MD,AEA,EN,Federal Contract Tower,0,20,15,3,38,0,0,25,1,26,0,20,40,4,64,62,24,86,150
05/08/2003,SBY,MD,AEA,EN,Federal Contract Tower,0,17,20,0,37,0,0,36,0,36,0,17,56,0,73,62,0,62,135
05/09/2003,SBY,MD,AEA,EN,Federal Contract Tower,0,17,6,0,23,0,0,1,0,1,0,17,7,0,24,0,0,0,24
05/10/2003,SBY,MD,AEA,EN,Federal Contract Tower,0,13,9,0,22,0,0,16,0,16,0,13,25,0,38,4,0,4,42
05/11/2003,SBY,MD,AEA,EN,Federal Contract Tower,0,13,7,0,20,0,0,17,0,17,0,13,24,0,37,10,0,10,47
05/12/2003,SBY,MD,AEA,EN,Federal Contract Tower,0,18,9,0,27,0,0,53,2,55,0,18,62,2,82,24,10,34,116
05/13/2003,SBY,MD,AEA,EN,Federal Contract Tower,0,16,11,2,29,0,0,25,0,25,0,16,36,2,54,14,4,18,72
05/14/2003,SBY,MD,AEA,EN,Federal Contract Tower,0,18,13,0,31,0,0,96,2,98,0,18,109,2,129,104,12,116,245
05/15/2003,SBY,MD,AEA,EN,Federal Contract Tower,0,16,11,0,27,0,0,53,6,59,0,16,64,6,86,66,16,82,168
05/16/2003,SBY,MD,AEA,EN,Federal Contract Tower,0,17,14,0,31,0,0,0,0,0,0,17,14,0,31,0,0,0,31
05/17/2003,SBY,MD,AEA,EN,Federal Contract Tower,0,11,31,0,42,0,0,2,0,2,0,11,33,0,44,2,0,2,46
05/18/2003,SBY,MD,AEA,EN,Federal Contract Tower,0,12,10,0,22,0,0,11,0,11,0,12,21,0,33,4,0,4,37
05/19/2003,SBY,MD,AEA,EN,Federal Contract Tower,0,16,10,0,26,0,0,66,2,68,0,16,76,2,94,80,0,80,174
05/20/2003,SBY,MD,AEA,EN,Federal Contract Tower,0,19,11,1,31,0,0,121,10,131,0,19,132,11,162,112,72,184,346
05/21/2003,SBY,MD,AEA,EN,Federal Contract Tower,0,21,12,0,33,0,0,21,4,25,0,21,33,4,58,28,4,32,90
05/22/2003,SBY,MD,AEA,EN,Federal Contract Tower,0,17,25,0,42,0,0,0,0,0,0,17,25,0,42,0,0,0,42
05/23/2003,SBY,MD,AEA,EN,Federal Contract Tower,0,22,23,2,47,0,0,0,0,0,0,22,23,2,47,0,0,0,47
05/24/2003,SBY,MD,AEA,EN,Federal Contract Tower,0,14,8,0,22,0,0,10,0,10,0,14,18,0,32,8,0,8,40
05/25/2003,SBY,MD,AEA,EN,Federal Contract Tower,0,16,6,0,22,0,0,0,0,0,0,16,6,0,22,0,0,0,22
05/26/2003,SBY,MD,AEA,EN,Federal Contract Tower,0,15,21,0,36,0,0,10,0,10,0,15,31,0,46,12,0,12,58
05/27/2003,SBY,MD,AEA,EN,Federal Contract Tower,0,17,13,0,30,0,0,34,2,36,0,17,47,2,66,84,6,90,156
05/28/2003,SBY,MD,AEA,EN,Federal Contract Tower,0,19,8,0,27,0,0,15,2,17,0,19,23,2,44,24,56,80,124
05/29/2003,SBY,MD,AEA,EN,Federal Contract Tower,0,19,17,0,36,0,0,34,2,36,0,19,51,2,72,16,0,16,88
05/30/2003,SBY,MD,AEA,EN,Federal Contract Tower,0,18,13,4,35,0,1,83,6,90,0,19,96,10,125,118,64,182,307
05/31/2003,SBY,MD,AEA,EN,Federal Contract Tower,0,11,6,0,17,0,0,35,0,35,0,11,41,0,52,64,0,64,116
06/01/2003,SBY,MD,AEA,EN,Federal Contract Tower,0,13,2,0,15,0,0,5,1,6,0,13,7,1,21,36,0,36,57
06/02/2003,SBY,MD,AEA,EN,Federal Contract Tower,0,16,13,9,38,0,1,105,1,107,0,17,118,10,145,106,48,154,299
06/03/2003,SBY,MD,AEA,EN,Federal Contract Tower,0,19,8,4,31,0,0,45,8,53,0,19,53,12,84,30,26,56,140
06/04/2003,SBY,MD,AEA,EN,Federal Contract Tower,0,18,10,0,28,0,0,0,0,0,0,18,10,0,28,0,0,0,28
06/05/2003,SBY,MD,AEA,EN,Federal Contract Tower,0,18,14,2,34,0,1,66,2,69,0,19,80,4,103,52,28,80,183
06/06/2003,SBY,MD,AEA,EN,Federal Contract Tower,0,17,10,1,28,0,0,154,5,159,0,17,164,6,187,20,58,78,265
06/07/2003,SBY,MD,AEA,EN,Federal Contract Tower,0,9,10,0,19,0,0,1,0,1,0,9,11,0,20,0,0,0,20
06/08/2003,SBY,MD,AEA,EN,Federal Contract Tower,0,15,16,0,31,0,0,4,0,4,0,15,20,0,35,0,0,0,35
06/09/2003,SBY,MD,AEA,EN,Federal Contract Tower,0,17,6,0,23,0,0,60,2,62,0,17,66,2,85,84,2,86,171
06/10/2003,SBY,MD,AEA,EN,Federal Contract Tower,0,18,11,1,30,0,0,87,9,96,0,18,98,10,126,50,0,50,176
06/11/2003,SBY,MD,AEA,EN,Federal Contract Tower,0,23,15,5,43,0,1,31,15,47,0,24,46,20,90,36,74,110,200
06/12/2003,SBY,MD,AEA,EN,Federal Contract Tower,0,17,16,2,35,0,0,51,12,63,0,17,67,14,98,28,48,76,174
06/13/2003,SBY,MD,AEA,EN,Federal Contract Tower,0,23,11,0,34,0,0,58,2,60,0,23,69,2,94,68,0,68,162
06/14/2003,SBY,MD,AEA,EN,Federal Contract Tower,0,18,6,2,26,0,0,107,3,110,0,18,113,5,136,44,60,104,240
06/15/2003,SBY,MD,AEA,EN,Federal Contract Tower,0,15,10,0,25,0,0,45,0,45,0,15,55,0,70,52,0,52,122
06/16/2003,SBY,MD,AEA,EN,Federal Contract Tower,0,16,12,0,28,0,0,32,5,37,0,16,44,5,65,46,18,64,129
06/17/2003,SBY,MD,AEA,EN,Federal Contract Tower,0,18,16,0,34,0,0,25,4,29,0,18,41,4,63,50,6,56,119
06/18/2003,SBY,MD,AEA,EN,Federal Contract Tower,0,18,24,4,46,0,0,10,2,12,0,18,34,6,58,20,14,34,92
06/19/2003,SBY,MD,AEA,EN,Federal Contract Tower,0,18,12,0,30,0,0,6,0,6,0,18,18,0,36,12,0,12,48
06/20/2003,SBY,MD,AEA,EN,Federal Contract Tower,0,14,13,2,29,0,0,2,0,2,0,14,15,2,31,0,0,0,31
06/21/2003,SBY,MD,AEA,EN,Federal Contract Tower,0,14,16,0,30,0,0,53,0,53,0,14,69,0,83,72,0,72,155
06/22/2003,SBY,MD,AEA,EN,Federal Contract Tower,0,12,16,0,28,0,0,61,0,61,0,12,77,0,89,58,0,58,147
06/23/2003,SBY,MD,AEA,EN,Federal Contract Tower,0,17,9,2,28,0,0,80,0,80,0,17,89,2,108,156,0,156,264
06/24/2003,SBY,MD,AEA,EN,Federal Contract Tower,0,19,7,0,26,0,0,88,6,94,0,19,95,6,120,82,4,86,206
06/25/2003,SBY,MD,AEA,EN,Federal Contract Tower,0,17,12,4,33,0,0,81,12,93,0,17,93,16,126,72,62,134,260
06/26/2003,SBY,MD,AEA,EN,Federal Contract Tower,0,19,14,2,35,0,0,55,3,58,0,19,69,5,93,30,4,34,127
06/27/2003,SBY,MD,AEA,EN,Federal Contract Tower,0,15,10,1,26,0,0,41,1,42,0,15,51,2,68,90,2,92,160
06/28/2003,SBY,MD,AEA,EN,Federal Contract Tower,0,17,6,0,23,0,0,99,0,99,0,17,105,0,122,40,0,40,162
06/29/2003,SBY,MD,AEA,EN,Federal Contract Tower,0,12,15,0,27,0,0,90,2,92,0,12,105,2,119,60,2,62,181
06/30/2003,SBY,MD,AEA,EN,Federal Contract Tower,0,15,13,2,30,0,0,57,6,63,0,15,70,8,93,70,22,92,185
07/01/2003,SBY,MD,AEA,EN,Federal Contract Tower,0,17,10,0,27,0,0,81,14,95,0,17,91,14,122,62,64,126,248
07/02/2003,SBY,MD,AEA,EN,Federal Contract Tower,0,20,10,0,30,0,0,18,0,18,0,20,28,0,48,66,0,66,114
07/03/2003,SBY,MD,AEA,EN,Federal Contract Tower,0,19,23,0,42,0,0,9,0,9,0,19,32,0,51,16,0,16,67
07/04/2003,SBY,MD,AEA,EN,Federal Contract Tower,0,10,7,0,17,0,0,80,0,80,0,10,87,0,97,34,0,34,131
07/05/2003,SBY,MD,AEA,EN,Federal Contract Tower,0,9,8,0,17,0,0,78,0,78,0,9,86,0,95,38,0,38,133
07/06/2003,SBY,MD,AEA,EN,Federal Contract Tower,0,20,16,0,36,0,0,95,2,97,0,20,111,2,133,46,0,46,179
07/07/2003,SBY,MD,AEA,EN,Federal Contract Tower,0,17,6,1,24,0,0,38,1,39,0,17,44,2,63,26,4,30,93
07/08/2003,SBY,MD,AEA,EN,Federal Contract Tower,0,19,14,0,33,0,0,84,8,92,0,19,98,8,125,58,2,60,185
07/09/2003,SBY,MD,AEA,EN,Federal Contract Tower,0,19,6,2,27,0,1,66,4,71,0,20,72,6,98,48,0,48,146
07/10/2003,SBY,MD,AEA,EN,Federal Contract Tower,0,19,21,4,44,0,0,29,1,30,0,19,50,5,74,38,26,64,138
07/11/2003,SBY,MD,AEA,EN,Federal Contract Tower,0,20,16,4,40,0,0,58,6,64,0,20,74,10,104,40,74,114,218
07/12/2003,SBY,MD,AEA,EN,Federal Contract Tower,0,18,21,0,39,0,0,142,0,142,0,18,163,0,181,0,82,82,263
07/13/2003,SBY,MD,AEA,EN,Federal Contract Tower,0,16,13,1,30,0,0,136,0,136,0,16,149,1,166,18,18,36,202
07/14/2003,SBY,MD,AEA,EN,Federal Contract Tower,0,17,23,2,42,0,0,24,0,24,0,17,47,2,66,6,8,14,80
07/15/2003,SBY,MD,AEA,EN,Federal Contract Tower,0,18,24,0,42,0,0,68,4,72,0,18,92,4,114,34,36,70,184
07/16/2003,SBY,MD,AEA,EN,Federal Contract Tower,0,20,12,1,33,0,0,47,2,49,0,20,59,3,82,40,24,64,146
07/17/2003,SBY,MD,AEA,EN,Federal Contract Tower,0,21,13,2,36,0,0,103,5,108,0,21,116,7,144,72,18,90,234
07/18/2003,SBY,MD,AEA,EN,Federal Contract Tower,0,17,18,0,35,0,0,47,2,49,0,17,65,2,84,6,16,22,106
07/19/2003,SBY,MD,AEA,EN,Federal Contract Tower,0,14,13,0,27,0,0,84,0,84,0,14,97,0,111,46,0,46,157
07/20/2003,SBY,MD,AEA,EN,Federal Contract Tower,0,14,11,0,25,0,0,133,0,133,0,14,144,0,158,34,0,34,192
07/21/2003,SBY,MD,AEA,EN,Federal Contract Tower,0,16,10,1,27,0,1,37,4,42,0,17,47,5,69,14,38,52,121
07/22/2003,SBY,MD,AEA,EN,Federal Contract Tower,0,17,5,1,23,0,0,16,5,21,0,17,21,6,44,42,26,68,112
07/23/2003,SBY,MD,AEA,EN,Federal Contract Tower,0,19,6,1,26,0,2,15,1,18,0,21,21,2,44,12,16,28,72
07/24/2003,SBY,MD,AEA,EN,Federal Contract Tower,0,18,12,1,31,0,0,67,7,74,0,18,79,8,105,88,22,110,215
07/25/2003,SBY,MD,AEA,EN,Federal Contract Tower,0,20,16,1,37,0,0,116,3,119,0,20,132,4,156,78,22,100,256
07/26/2003,SBY,MD,AEA,EN,Federal Contract Tower,0,19,11,0,30,0,0,108,0,108,0,19,119,0,138,34,0,34,172
07/27/2003,SBY,MD,AEA,EN,Federal Contract Tower,0,17,11,0,28,0,1,81,0,82,0,18,92,0,110,14,0,14,124
07/28/2003,SBY,MD,AEA,EN,Federal Contract Tower,0,19,16,2,37,0,0,34,0,34,0,19,50,2,71,18,2,20,91
07/29/2003,SBY,MD,AEA,EN,Federal Contract Tower,0,25,10,0,35,0,0,41,8,49,0,25,51,8,84,38,8,46,130
07/30/2003,SBY,MD,AEA,EN,Federal Contract Tower,0,26,27,0,53,0,0,7,0,7,0,26,34,0,60,0,0,0,60
07/31/2003,SBY,MD,AEA,EN,Federal Contract Tower,0,24,18,2,44,0,0,15,7,22,0,24,33,9,66,16,20,36,102
08/01/2003,SBY,MD,AEA,EN,Federal Contract Tower,0,23,15,0,38,0,0,28,0,28,0,23,43,0,66,34,0,34,100
08/02/2003,SBY,MD,AEA,EN,Federal Contract Tower,0,15,19,0,34,0,1,50,2,53,0,16,69,2,87,22,0,22,109
08/03/2003,SBY,MD,AEA,EN,Federal Contract Tower,0,19,10,0,29,0,1,46,0,47,0,20,56,0,76,30,0,30,106
08/04/2003,SBY,MD,AEA,EN,Federal Contract Tower,0,22,14,0,36,0,0,20,6,26,0,22,34,6,62,18,0,18,80
08/05/2003,SBY,MD,AEA,EN,Federal Contract Tower,0,24,30,1,55,0,0,12,7,19,0,24,42,8,74,10,16,26,100
08/06/2003,SBY,MD,AEA,EN,Federal Contract Tower,0,19,7,3,29,0,1,70,6,77,0,20,77,9,106,88,22,110,216
08/07/2003,SBY,MD,AEA,EN,Federal Contract Tower,0,20,19,4,43,0,0,0,6,6,0,20,19,10,49,0,0,0,49
08/08/2003,SBY,MD,AEA,EN,Federal Contract Tower,0,25,27,2,54,0,0,52,10,62,0,25,79,12,116,58,22,80,196
08/09/2003,SBY,MD,AEA,EN,Federal Contract Tower,0,18,14,0,32,0,0,13,0,13,0,18,27,0,45,18,0,18,63
08/10/2003,SBY,MD,AEA,EN,Federal Contract Tower,0,13,10,0,23,0,0,55,0,55,0,13,65,0,78,22,0,22,100
08/11/2003,SBY,MD,AEA,EN,Federal Contract Tower,0,19,7,0,26,0,0,11,0,11,0,19,18,0,37,2,0,2,39
08/12/2003,SBY,MD,AEA,EN,Federal Contract Tower,0,18,19,3,40,0,1,19,9,29,0,19,38,12,69,30,0,30,99
08/13/2003,SBY,MD,AEA,EN,Federal Contract Tower,0,19,20,0,39,0,0,28,0,28,0,19,48,0,67,38,0,38,105
08/14/2003,SBY,MD,AEA,EN,Federal Contract Tower,0,23,18,8,49,0,0,60,9,69,0,23,78,17,118,46,22,68,186
08/15/2003,SBY,MD,AEA,EN,Federal Contract Tower,0,21,11,0,32,0,0,76,0,76,0,21,87,0,108,98,0,98,206
08/16/2003,SBY,MD,AEA,EN,Federal Contract Tower,0,18,6,0,24,0,0,29,0,29,0,18,35,0,53,32,0,32,85
08/17/2003,SBY,MD,AEA,EN,Federal Contract Tower,0,13,19,0,32,0,0,62,0,62,0,13,81,0,94,22,0,22,116
08/18/2003,SBY,MD,AEA,EN,Federal Contract Tower,0,18,7,2,27,0,0,65,7,72,0,18,72,9,99,46,14,60,159
08/19/2003,SBY,MD,AEA,EN,Federal Contract Tower,0,20,13,0,33,0,0,93,0,93,0,20,106,0,126,74,0,74,200
08/20/2003,SBY,MD,AEA,EN,Federal Contract Tower,0,23,9,1,33,0,1,87,6,94,0,24,96,7,127,64,16,80,207
08/21/2003,SBY,MD,AEA,EN,Federal Contract Tower,0,20,19,1,40,0,0,68,0,68,0,20,87,1,108,74,0,74,182
08/22/2003,SBY,MD,AEA,EN,Federal Contract Tower,0,21,18,4,43,0,0,45,2,47,0,21,63,6,90,48,10,58,148
08/23/2003,SBY,MD,AEA,EN,Federal Contract Tower,0,15,17,0,32,0,0,132,0,132,0,15,149,0,164,26,0,26,190
08/24/2003,SBY,MD,AEA,EN,Federal Contract Tower,0,13,11,1,25,0,0,128,1,129,0,13,139,2,154,34,2,36,190
08/25/2003,SBY,MD,AEA,EN,Federal Contract Tower,0,19,13,1,33,0,0,67,2,69,0,19,80,3,102,50,18,68,170
08/26/2003,SBY,MD,AEA,EN,Federal Contract Tower,0,21,7,2,30,0,0,21,4,25,0,21,28,6,55,16,4,20,75
08/27/2003,SBY,MD,AEA,EN,Federal Contract Tower,0,17,10,1,28,0,0,40,7,47,0,17,50,8,75,14,26,40,115
08/28/2003,SBY,MD,AEA,EN,Federal Contract Tower,0,20,13,3,36,0,0,67,12,79,0,20,80,15,115,62,50,112,227
08/29/2003,SBY,MD,AEA,EN,Federal Contract Tower,0,20,20,0,40,0,0,16,0,16,0,20,36,0,56,22,0,22,78
08/30/2003,SBY,MD,AEA,EN,Federal Contract Tower,0,13,11,2,26,0,0,75,2,77,0,13,86,4,103,40,6,46,149
08/31/2003,SBY,MD,AEA,EN,Federal Contract Tower,0,10,10,0,20,0,0,28,0,28,0,10,38,0,48,38,0,38,86
09/01/2003,SBY,MD,AEA,EN,Federal Contract Tower,0,17,12,0,29,0,0,33,0,33,0,17,45,0,62,20,0,20,82
09/02/2003,SBY,MD,AEA,EN,Federal Contract Tower,0,22,6,1,29,0,1,20,16,37,0,23,26,17,66,12,8,20,86
09/03/2003,SBY,MD,AEA,EN,Federal Contract Tower,0,17,8,0,25,0,0,2,6,8,0,17,10,6,33,0,0,0,33
09/04/2003,SBY,MD,AEA,EN,Federal Contract Tower,0,17,12,4,33,0,0,5,4,9,0,17,17,8,42,30,18,48,90
09/05/2003,SBY,MD,AEA,EN,Federal Contract Tower,0,18,11,0,29,0,0,56,19,75,0,18,67,19,104,48,44,92,196
09/06/2003,SBY,MD,AEA,EN,Federal Contract Tower,0,13,11,0,24,0,0,118,2,120,0,13,129,2,144,38,0,38,182
09/07/2003,SBY,MD,AEA,EN,Federal Contract Tower,0,11,14,0,25,0,0,126,0,126,0,11,140,0,151,66,0,66,217
09/08/2003,SBY,MD,AEA,EN,Federal Contract Tower,0,17,14,4,35,0,0,88,5,93,0,17,102,9,128,72,52,124,252
09/09/2003,SBY,MD,AEA,EN,Federal Contract Tower,0,25,13,3,41,0,0,56,11,67,0,25,69,14,108,86,22,108,216
09/10/2003,SBY,MD,AEA,EN,Federal Contract Tower,0,18,10,1,29,0,0,86,9,95,0,18,96,10,124,106,84,190,314
09/11/2003,SBY,MD,AEA,EN,Federal Contract Tower,0,15,12,2,29,0,0,105,0,105,0,15,117,2,134,124,38,162,296
09/12/2003,SBY,MD,AEA,EN,Federal Contract Tower,0,19,9,0,28,0,0,3,0,3,0,19,12,0,31,6,0,6,37
09/13/2003,SBY,MD,AEA,EN,Federal Contract Tower,0,13,13,0,26,0,0,27,0,27,0,13,40,0,53,16,0,16,69
09/14/2003,SBY,MD,AEA,EN,Federal Contract Tower,0,11,17,0,28,0,0,44,0,44,0,11,61,0,72,58,0,58,130
09/15/2003,SBY,MD,AEA,EN,Federal Contract Tower,0,14,14,0,28,0,0,26,2,28,0,14,40,2,56,40,0,40,96
09/16/2003,SBY,MD,AEA,EN,Federal Contract Tower,0,19,14,1,34,0,1,117,16,134,0,20,131,17,168,74,20,94,262
09/17/2003,SBY,MD,AEA,EN,Federal Contract Tower,0,21,5,0,26,0,1,38,0,39,0,22,43,0,65,82,0,82,147
09/18/2003,SBY,MD,AEA,EN,Federal Contract Tower,0,9,0,0,9,0,0,0,0,0,0,9,0,0,9,0,0,0,9
09/19/2003,SBY,MD,AEA,EN,Federal Contract Tower,0,15,3,0,18,0,0,15,0,15,0,15,18,0,33,0,0,0,33
09/20/2003,SBY,MD,AEA,EN,Federal Contract Tower,0,12,9,0,21,0,0,108,0,108,0,12,117,0,129,40,0,40,169
09/21/2003,SBY,MD,AEA,EN,Federal Contract Tower,0,11,4,0,15,0,0,43,0,43,0,11,47,0,58,54,0,54,112
09/22/2003,SBY,MD,AEA,EN,Federal Contract Tower,0,19,5,0,24,0,0,15,0,15,0,19,20,0,39,18,0,18,57
09/23/2003,SBY,MD,AEA,EN,Federal Contract Tower,0,18,15,0,33,0,0,29,6,35,0,18,44,6,68,68,18,86,154
09/24/2003,SBY,MD,AEA,EN,Federal Contract Tower,0,17,11,0,28,0,0,113,6,119,0,17,124,6,147,84,34,118,265
09/25/2003,SBY,MD,AEA,EN,Federal Contract Tower,0,17,10,0,27,0,0,68,4,72,0,17,78,4,99,94,28,122,221
09/26/2003,SBY,MD,AEA,EN,Federal Contract Tower,0,19,19,0,38,0,0,54,0,54,0,19,73,0,92,28,0,28,120
09/27/2003,SBY,MD,AEA,EN,Federal Contract Tower,0,10,21,2,33,0,0,66,0,66,0,10,87,2,99,62,0,62,161
09/28/2003,SBY,MD,AEA,EN,Federal Contract Tower,0,10,7,0,17,0,0,57,0,57,0,10,64,0,74,36,0,36,110
09/29/2003,SBY,MD,AEA,EN,Federal Contract Tower,0,15,8,2,25,0,0,60,4,64,0,15,68,6,89,38,14,52,141
09/30/2003,SBY,MD,AEA,EN,Federal Contract Tower,0,17,11,1,29,0,0,96,9,105,0,17,107,10,134,140,10,150,284
10/01/2003,SBY,MD,AEA,EN,Federal Contract Tower,0,19,16,2,37,0,0,95,11,106,0,19,111,13,143,84,40,124,267
10/02/2003,SBY,MD,AEA,EN,Federal Contract Tower,0,17,9,0,26,0,0,44,19,63,0,17,53,19,89,68,62,130,219
10/03/2003,SBY,MD,AEA,EN,Federal Contract Tower,0,16,10,0,26,0,0,75,10,85,0,16,85,10,111,74,52,126,237
10/04/2003,SBY,MD,AEA,EN,Federal Contract Tower,0,11,10,0,21,0,0,39,0,39,0,11,49,0,60,26,0,26,86
10/05/2003,SBY,MD,AEA,EN,Federal Contract Tower,0,11,10,0,21,0,0,91,2,93,0,11,101,2,114,66,0,66,180
10/06/2003,SBY,MD,AEA,EN,Federal Contract Tower,0,18,9,0,27,0,1,76,13,90,0,19,85,13,117,150,106,256,373
10/07/2003,SBY,MD,AEA,EN,Federal Contract Tower,0,16,11,3,30,0,1,85,11,97,0,17,96,14,127,164,52,216,343
10/08/2003,SBY,MD,AEA,EN,Federal Contract Tower,0,17,9,0,26,0,0,55,12,67,0,17,64,12,93,96,42,138,231
10/09/2003,SBY,MD,AEA,EN,Federal Contract Tower,0,19,10,0,29,0,0,76,3,79,0,19,86,3,108,118,60,178,286
10/10/2003,SBY,MD,AEA,EN,Federal Contract Tower,0,15,6,1,22,0,0,6,2,8,0,15,12,3,30,22,42,64,94
10/11/2003,SBY,MD,AEA,EN,Federal Contract Tower,0,14,25,0,39,0,0,2,0,2,0,14,27,0,41,14,0,14,55
10/12/2003,SBY,MD,AEA,EN,Federal Contract Tower,0,15,12,0,27,0,0,74,0,74,0,15,86,0,101,84,0,84,185
10/13/2003,SBY,MD,AEA,EN,Federal Contract Tower,0,15,16,0,31,0,0,95,0,95,0,15,111,0,126,134,0,134,260
10/14/2003,SBY,MD,AEA,EN,Federal Contract Tower,0,19,5,0,24,0,0,55,6,61,0,19,60,6,85,196,52,248,333
10/15/2003,SBY,MD,AEA,EN,Federal Contract Tower,0,19,5,1,25,0,0,25,7,32,0,19,30,8,57,12,12,24,81
10/16/2003,SBY,MD,AEA,EN,Federal Contract Tower,0,18,12,0,30,0,4,70,5,79,0,22,82,5,109,162,26,188,297
10/17/2003,SBY,MD,AEA,EN,Federal Contract Tower,0,16,9,1,26,0,0,71,10,81,0,16,80,11,107,186,20,206,313
10/18/2003,SBY,MD,AEA,EN,Federal Contract Tower,0,10,11,1,22,0,0,121,1,122,0,10,132,2,144,170,8,178,322
10/19/2003,SBY,MD,AEA,EN,Federal Contract Tower,0,11,9,0,20,0,1,52,2,55,0,12,61,2,75,48,0,48,123
10/20/2003,SBY,MD,AEA,EN,Federal Contract Tower,0,15,8,0,23,0,0,71,8,79,0,15,79,8,102,124,10,134,236
10/21/2003,SBY,MD,AEA,EN,Federal Contract Tower,0,17,6,0,23,0,0,58,10,68,0,17,64,10,91,70,42,112,203
10/22/2003,SBY,MD,AEA,EN,Federal Contract Tower,0,17,9,1,27,0,0,45,8,53,0,17,54,9,80,116,20,136,216
10/23/2003,SBY,MD,AEA,EN,Federal Contract Tower,0,17,11,1,29,0,0,82,7,89,0,17,93,8,118,206,32,238,356
10/24/2003,SBY,MD,AEA,EN,Federal Contract Tower,0,20,18,0,38,0,6,108,11,125,0,26,126,11,163,140,12,152,315
10/25/2003,SBY,MD,AEA,EN,Federal Contract Tower,0,11,11,0,22,0,2,87,0,89,0,13,98,0,111,66,0,66,177
10/26/2003,SBY,MD,AEA,EN,Federal Contract Tower,0,12,20,0,32,0,0,13,0,13,0,12,33,0,45,14,0,14,59
10/27/2003,SBY,MD,AEA,EN,Federal Contract Tower,0,14,12,0,26,0,0,4,0,4,0,14,16,0,30,0,0,0,30
10/28/2003,SBY,MD,AEA,EN,Federal Contract Tower,0,18,28,2,48,0,0,45,4,49,0,18,73,6,97,142,32,174,271
10/29/2003,SBY,MD,AEA,EN,Federal Contract Tower,0,20,15,3,38,0,0,28,4,32,0,20,43,7,70,104,22,126,196
10/30/2003,SBY,MD,AEA,EN,Federal Contract Tower,0,20,17,1,38,0,0,125,6,131,0,20,142,7,169,184,48,232,401
10/31/2003,SBY,MD,AEA,EN,Federal Contract Tower,0,20,11,0,31,0,0,41,3,44,0,20,52,3,75,48,30,78,153
11/01/2003,SBY,MD,AEA,EN,Federal Contract Tower,0,10,15,0,25,0,0,158,0,158,0,10,173,0,183,92,0,92,275
11/02/2003,SBY,MD,AEA,EN,Federal Contract Tower,0,14,16,0,30,0,0,103,0,103,0,14,119,0,133,100,0,100,233
11/03/2003,SBY,MD,AEA,EN,Federal Contract Tower,0,15,7,0,22,0,0,69,9,78,0,15,76,9,100,128,42,170,270
11/04/2003,SBY,MD,AEA,EN,Federal Contract Tower,0,17,12,0,29,0,0,84,4,88,0,17,96,4,117,218,38,256,373
11/05/2003,SBY,MD,AEA,EN,Federal Contract Tower,0,15,13,4,32,0,0,31,4,35,0,15,44,8,67,24,52,76,143
11/06/2003,SBY,MD,AEA,EN,Federal Contract Tower,0,17,18,2,37,0,0,7,0,7,0,17,25,2,44,4,0,4,48
11/07/2003,SBY,MD,AEA,EN,Federal Contract Tower,0,16,9,5,30,0,0,41,2,43,0,16,50,7,73,48,20,68,141
11/08/2003,SBY,MD,AEA,EN,Federal Contract Tower,0,10,13,1,24,0,0,66,9,75,0,10,79,10,99,90,12,102,201
11/09/2003,SBY,MD,AEA,EN,Federal Contract Tower,0,13,16,0,29,0,0,106,0,106,0,13,122,0,135,42,0,42,177
11/10/2003,SBY,MD,AEA,EN,Federal Contract Tower,0,15,5,0,20,0,0,93,2,95,0,15,98,2,115,188,30,218,333
11/11/2003,SBY,MD,AEA,EN,Federal Contract Tower,0,17,14,0,31,0,0,77,0,77,0,17,91,0,108,118,0,118,226
11/12/2003,SBY,MD,AEA,EN,Federal Contract Tower,0,16,6,3,25,0,1,17,1,19,0,17,23,4,44,62,12,74,118
11/13/2003,SBY,MD,AEA,EN,Federal Contract Tower,0,18,6,0,24,0,0,15,0,15,0,18,21,0,39,0,0,0,39
11/14/2003,SBY,MD,AEA,EN,Federal Contract Tower,0,17,18,1,36,0,0,23,4,27,0,17,41,5,63,4,34,38,101
11/15/2003,SBY,MD,AEA,EN,Federal Contract Tower,0,11,22,0,33,0,0,103,0,103,0,11,125,0,136,60,0,60,196
11/16/2003,SBY,MD,AEA,EN,Federal Contract Tower,0,14,12,0,26,0,0,63,2,65,0,14,75,2,91,82,14,96,187
11/17/2003,SBY,MD,AEA,EN,Federal Contract Tower,0,14,12,0,26,0,0,69,12,81,0,14,81,12,107,118,10,128,235
11/18/2003,SBY,MD,AEA,EN,Federal Contract Tower,0,17,14,0,31,0,0,36,5,41,0,17,50,5,72,82,14,96,168
11/19/2003,SBY,MD,AEA,EN,Federal Contract Tower,0,17,4,1,22,0,0,10,1,11,0,17,14,2,33,6,0,6,39
11/20/2003,SBY,MD,AEA,EN,Federal Contract Tower,0,19,16,4,39,0,0,37,4,41,0,19,53,8,80,8,30,38,118
11/21/2003,SBY,MD,AEA,EN,Federal Contract Tower,0,17,19,0,36,0,0,111,0,111,0,17,130,0,147,128,0,128,275
11/22/2003,SBY,MD,AEA,EN,Federal Contract Tower,0,13,9,0,22,0,1,134,0,135,0,14,143,0,157,178,0,178,335
11/23/2003,SBY,MD,AEA,EN,Federal Contract Tower,0,16,7,0,23,0,0,90,0,90,0,16,97,0,113,110,0,110,223
11/24/2003,SBY,MD,AEA,EN,Federal Contract Tower,0,17,5,0,22,0,0,45,8,53,0,17,50,8,75,154,24,178,253
11/25/2003,SBY,MD,AEA,EN,Federal Contract Tower,0,18,6,3,27,0,1,66,12,79,0,19,72,15,106,110,38,148,254
11/26/2003,SBY,MD,AEA,EN,Federal Contract Tower,0,19,13,0,32,0,0,91,2,93,0,19,104,2,125,28,14,42,167
11/27/2003,SBY,MD,AEA,EN,Federal Contract Tower,0,5,4,0,9,0,1,37,0,38,0,6,41,0,47,2,0,2,49
11/28/2003,SBY,MD,AEA,EN,Federal Contract Tower,0,13,0,0,13,0,0,10,0,10,0,13,10,0,23,2,0,2,25
11/29/2003,SBY,MD,AEA,EN,Federal Contract Tower,0,16,3,0,19,0,0,13,0,13,0,16,16,0,32,6,0,6,38
11/30/2003,SBY,MD,AEA,EN,Federal Contract Tower,0,14,20,0,34,0,1,77,0,78,0,15,97,0,112,38,0,38,150
12/01/2003,SBY,MD,AEA,EN,Federal Contract Tower,0,20,8,0,28,0,0,25,9,34,0,20,33,9,62,24,10,34,96
12/02/2003,SBY,MD,AEA,EN,Federal Contract Tower,0,16,7,4,27,0,0,28,8,36,0,16,35,12,63,30,26,56,119
12/03/2003,SBY,MD,AEA,EN,Federal Contract Tower,0,17,13,3,33,0,0,59,9,68,0,17,72,12,101,142,22,164,265
12/04/2003,SBY,MD,AEA,EN,Federal Contract Tower,0,18,2,0,20,0,0,68,4,72,0,18,70,4,92,86,4,90,182
12/05/2003,SBY,MD,AEA,EN,Federal Contract Tower,0,11,2,0,13,0,0,0,0,0,0,11,2,0,13,0,0,0,13
12/06/2003,SBY,MD,AEA,EN,Federal Contract Tower,0,11,1,0,12,0,0,4,0,4,0,11,5,0,16,0,0,0,16
12/07/2003,SBY,MD,AEA,EN,Federal Contract Tower,0,13,2,0,15,0,0,14,0,14,0,13,16,0,29,10,0,10,39
12/08/2003,SBY,MD,AEA,EN,Federal Contract Tower,0,15,12,0,27,0,0,60,4,64,0,15,72,4,91,132,28,160,251
12/09/2003,SBY,MD,AEA,EN,Federal Contract Tower,0,17,15,0,32,0,0,77,0,77,0,17,92,0,109,128,0,128,237
12/10/2003,SBY,MD,AEA,EN,Federal Contract Tower,0,17,9,0,26,0,0,32,16,48,0,17,41,16,74,102,16,118,192
12/11/2003,SBY,MD,AEA,EN,Federal Contract Tower,0,21,8,0,29,0,0,17,2,19,0,21,25,2,48,12,0,12,60
12/12/2003,SBY,MD,AEA,EN,Federal Contract Tower,0,16,13,0,29,0,0,60,4,64,0,16,73,4,93,78,14,92,185
12/13/2003,SBY,MD,AEA,EN,Federal Contract Tower,0,15,12,0,27,0,0,101,0,101,0,15,113,0,128,130,0,130,258
12/14/2003,SBY,MD,AEA,EN,Federal Contract Tower,0,13,4,0,17,0,0,0,0,0,0,13,4,0,17,0,0,0,17
12/15/2003,SBY,MD,AEA,EN,Federal Contract Tower,0,18,8,0,26,0,1,26,0,27,0,19,34,0,53,4,0,4,57
12/16/2003,SBY,MD,AEA,EN,Federal Contract Tower,0,23,6,2,31,0,0,93,8,101,0,23,99,10,132,164,20,184,316
12/17/2003,SBY,MD,AEA,EN,Federal Contract Tower,0,16,12,0,28,0,0,4,4,8,0,16,16,4,36,0,2,2,38
12/18/2003,SBY,MD,AEA,EN,Federal Contract Tower,0,16,14,2,32,0,0,71,11,82,0,16,85,13,114,42,68,110,224
12/19/2003,SBY,MD,AEA,EN,Federal Contract Tower,0,17,10,0,27,0,0,43,1,44,0,17,53,1,71,74,8,82,153
12/20/2003,SBY,MD,AEA,EN,Federal Contract Tower,0,14,10,0,24,0,0,73,0,73,0,14,83,0,97,124,0,124,221
12/21/2003,SBY,MD,AEA,EN,Federal Contract Tower,0,12,19,0,31,0,0,70,0,70,0,12,89,0,101,58,0,58,159
12/22/2003,SBY,MD,AEA,EN,Federal Contract Tower,0,15,11,2,28,0,0,63,3,66,0,15,74,5,94,48,8,56,150
12/23/2003,SBY,MD,AEA,EN,Federal Contract Tower,0,15,15,0,30,0,0,61,4,65,0,15,76,4,95,42,6,48,143
12/24/2003,SBY,MD,AEA,EN,Federal Contract Tower,0,17,5,0,22,0,0,3,0,3,0,17,8,0,25,0,0,0,25
12/25/2003,SBY,MD,AEA,EN,Federal Contract Tower,0,7,3,0,10,0,3,4,0,7,0,10,7,0,17,2,0,2,19
12/26/2003,SBY,MD,AEA,EN,Federal Contract Tower,0,17,13,0,30,0,0,35,0,35,0,17,48,0,65,8,0,8,73
12/27/2003,SBY,MD,AEA,EN,Federal Contract Tower,0,15,12,0,27,0,0,72,0,72,0,15,84,0,99,42,0,42,141
12/28/2003,SBY,MD,AEA,EN,Federal Contract Tower,0,13,8,0,21,0,0,77,0,77,0,13,85,0,98,76,0,76,174
12/29/2003,SBY,MD,AEA,EN,Federal Contract Tower,0,19,8,2,29,0,0,72,8,80,0,19,80,10,109,72,16,88,197
12/30/2003,SBY,MD,AEA,EN,Federal Contract Tower,0,15,11,0,26,0,0,28,2,30,0,15,39,2,56,22,6,28,84
12/31/2003,SBY,MD,AEA,EN,Federal Contract Tower,0,18,6,0,24,0,1,73,0,74,0,19,79,0,98,48,0,48,146
01/01/2004,SBY,MD,AEA,EN,Federal Contract Tower,0,11,12,0,23,0,0,58,0,58,0,11,70,0,81,40,0,40,121
01/02/2004,SBY,MD,AEA,EN,Federal Contract Tower,0,14,7,0,21,0,0,35,0,35,0,14,42,0,56,36,0,36,92
01/03/2004,SBY,MD,AEA,EN,Federal Contract Tower,0,11,10,0,21,0,0,38,0,38,0,11,48,0,59,36,0,36,95
01/04/2004,SBY,MD,AEA,EN,Federal Contract Tower,0,12,20,1,33,0,0,61,3,64,0,12,81,4,97,60,0,60,157
01/05/2004,SBY,MD,AEA,EN,Federal Contract Tower,0,16,7,0,23,0,0,0,0,0,0,16,7,0,23,0,0,0,23
01/06/2004,SBY,MD,AEA,EN,Federal Contract Tower,0,18,13,0,31,0,0,45,5,50,0,18,58,5,81,14,4,18,99
01/07/2004,SBY,MD,AEA,EN,Federal Contract Tower,0,17,6,2,25,0,1,38,5,44,0,18,44,7,69,38,16,54,123
01/08/2004,SBY,MD,AEA,EN,Federal Contract Tower,0,20,9,0,29,0,0,87,6,93,0,20,96,6,122,48,4,52,174
01/09/2004,SBY,MD,AEA,EN,Federal Contract Tower,0,19,6,0,25,0,0,26,0,26,0,19,32,0,51,28,0,28,79
01/10/2004,SBY,MD,AEA,EN,Federal Contract Tower,0,13,5,2,20,0,0,36,4,40,0,13,41,6,60,38,38,76,136
01/11/2004,SBY,MD,AEA,EN,Federal Contract Tower,0,12,8,0,20,0,0,53,4,57,0,12,61,4,77,72,8,80,157
01/12/2004,SBY,MD,AEA,EN,Federal Contract Tower,0,17,15,3,35,0,0,32,6,38,0,17,47,9,73,54,14,68,141
01/13/2004,SBY,MD,AEA,EN,Federal Contract Tower,0,19,9,2,30,0,2,40,12,54,0,21,49,14,84,26,30,56,140
01/14/2004,SBY,MD,AEA,EN,Federal Contract Tower,0,17,11,1,29,0,0,39,3,42,0,17,50,4,71,50,34,84,155
01/15/2004,SBY,MD,AEA,EN,Federal Contract Tower,0,18,5,12,35,0,0,12,11,23,0,18,17,23,58,4,68,72,130
01/16/2004,SBY,MD,AEA,EN,Federal Contract Tower,0,16,6,1,23,0,0,26,12,38,0,16,32,13,61,2,18,20,81
01/17/2004,SBY,MD,AEA,EN,Federal Contract Tower,0,11,9,2,22,0,0,45,0,45,0,11,54,2,67,100,4,104,171
01/18/2004,SBY,MD,AEA,EN,Federal Contract Tower,0,11,0,0,11,0,0,0,0,0,0,11,0,0,11,0,0,0,11
01/19/2004,SBY,MD,AEA,EN,Federal Contract Tower,0,18,4,0,22,0,0,31,1,32,0,18,35,1,54,14,0,14,68
01/20/2004,SBY,MD,AEA,EN,Federal Contract Tower,0,17,10,0,27,0,0,44,10,54,0,17,54,10,81,14,26,40,121
01/21/2004,SBY,MD,AEA,EN,Federal Contract Tower,0,17,19,1,37,0,0,62,13,75,0,17,81,14,112,104,54,158,270
01/22/2004,SBY,MD,AEA,EN,Federal Contract Tower,0,24,3,0,27,0,0,53,8,61,0,24,56,8,88,52,48,100,188
01/23/2004,SBY,MD,AEA,EN,Federal Contract Tower,0,18,10,1,29,0,0,42,6,48,0,18,52,7,77,28,4,32,109
01/24/2004,SBY,MD,AEA,EN,Federal Contract Tower,0,15,3,2,20,0,0,15,29,44,0,15,18,31,64,0,2,2,66
01/25/2004,SBY,MD,AEA,EN,Federal Contract Tower,0,13,1,0,14,0,0,38,0,38,0,13,39,0,52,30,0,30,82
01/26/2004,SBY,MD,AEA,EN,Federal Contract Tower,0,11,0,0,11,0,0,0,0,0,0,11,0,0,11,0,0,0,11
01/27/2004,SBY,MD,AEA,EN,Federal Contract Tower,0,10,9,0,19,0,0,1,0,1,0,10,10,0,20,0,0,0,20
01/28/2004,SBY,MD,AEA,EN,Federal Contract Tower,0,15,9,0,24,0,0,28,0,28,0,15,37,0,52,10,0,10,62
01/29/2004,SBY,MD,AEA,EN,Federal Contract Tower,0,19,10,0,29,0,0,49,0,49,0,19,59,0,78,56,0,56,134
01/30/2004,SBY,MD,AEA,EN,Federal Contract Tower,0,21,12,0,33,0,0,46,2,48,0,21,58,2,81,36,12,48,129
01/31/2004,SBY,MD,AEA,EN,Federal Contract Tower,0,11,10,0,21,0,0,47,0,47,0,11,57,0,68,52,0,52,120
02/01/2004,SBY,MD,AEA,EN,Federal Contract Tower,0,15,4,0,19,0,0,85,0,85,0,15,89,0,104,80,0,80,184
02/02/2004,SBY,MD,AEA,EN,Federal Contract Tower,0,16,9,2,27,0,0,44,12,56,0,16,53,14,83,130,26,156,239
02/03/2004,SBY,MD,AEA,EN,Federal Contract Tower,0,18,3,0,21,0,0,3,0,3,0,18,6,0,24,0,0,0,24
02/04/2004,SBY,MD,AEA,EN,Federal Contract Tower,0,18,14,2,34,0,1,66,8,75,0,19,80,10,109,122,44,166,275
02/05/2004,SBY,MD,AEA,EN,Federal Contract Tower,0,15,15,2,32,0,0,77,7,84,0,15,92,9,116,76,26,102,218
02/06/2004,SBY,MD,AEA,EN,Federal Contract Tower,0,14,5,4,23,0,0,9,4,13,0,14,14,8,36,12,0,12,48
02/07/2004,SBY,MD,AEA,EN,Federal Contract Tower,0,11,3,0,14,0,0,25,0,25,0,11,28,0,39,6,0,6,45
02/08/2004,SBY,MD,AEA,EN,Federal Contract Tower,0,10,8,0,18,0,0,60,1,61,0,10,68,1,79,44,0,44,123
02/09/2004,SBY,MD,AEA,EN,Federal Contract Tower,0,19,5,1,25,0,0,58,6,64,0,19,63,7,89,112,24,136,225
02/10/2004,SBY,MD,AEA,EN,Federal Contract Tower,0,19,7,2,28,0,0,86,6,92,0,19,93,8,120,110,16,126,246
02/11/2004,SBY,MD,AEA,EN,Federal Contract Tower,0,19,14,4,37,0,0,63,7,70,0,19,77,11,107,96,22,118,225
02/12/2004,SBY,MD,AEA,EN,Federal Contract Tower,0,17,4,0,21,0,0,34,2,36,0,17,38,2,57,106,0,106,163
02/13/2004,SBY,MD,AEA,EN,Federal Contract Tower,0,16,18,0,34,0,0,59,13,72,0,16,77,13,106,72,28,100,206
02/14/2004,SBY,MD,AEA,EN,Federal Contract Tower,0,11,7,0,18,0,0,89,0,89,0,11,96,0,107,72,0,72,179
02/15/2004,SBY,MD,AEA,EN,Federal Contract Tower,0,11,11,0,22,0,0,76,0,76,0,11,87,0,98,66,0,66,164
02/16/2004,SBY,MD,AEA,EN,Federal Contract Tower,0,14,6,0,20,0,0,47,0,47,0,14,53,0,67,84,0,84,151
02/17/2004,SBY,MD,AEA,EN,Federal Contract Tower,0,19,15,2,36,0,0,15,2,17,0,19,30,4,53,12,2,14,67
02/18/2004,SBY,MD,AEA,EN,Federal Contract Tower,0,19,6,0,25,0,0,30,2,32,0,19,36,2,57,42,18,60,117
02/19/2004,SBY,MD,AEA,EN,Federal Contract Tower,0,17,8,3,28,0,0,50,3,53,0,17,58,6,81,74,68,142,223
02/20/2004,SBY,MD,AEA,EN,Federal Contract Tower,0,19,14,2,35,0,0,103,4,107,0,19,117,6,142,102,0,102,244
02/21/2004,SBY,MD,AEA,EN,Federal Contract Tower,0,9,4,4,17,0,0,33,7,40,0,9,37,11,57,16,0,16,73
02/22/2004,SBY,MD,AEA,EN,Federal Contract Tower,0,15,16,2,33,0,0,46,0,46,0,15,62,2,79,30,0,30,109
02/23/2004,SBY,MD,AEA,EN,Federal Contract Tower,0,17,5,1,23,0,0,85,8,93,0,17,90,9,116,172,40,212,328
02/24/2004,SBY,MD,AEA,EN,Federal Contract Tower,0,15,5,2,22,0,2,20,2,24,0,17,25,4,46,22,24,46,92
02/25/2004,SBY,MD,AEA,EN,Federal Contract Tower,0,17,9,0,26,0,1,31,7,39,0,18,40,7,65,60,18,78,143
02/26/2004,SBY,MD,AEA,EN,Federal Contract Tower,0,18,10,0,28,0,0,56,12,68,0,18,66,12,96,94,16,110,206
02/27/2004,SBY,MD,AEA,EN,Federal Contract Tower,0,16,9,0,25,0,0,58,6,64,0,16,67,6,89,60,20,80,169
02/28/2004,SBY,MD,AEA,EN,Federal Contract Tower,0,8,12,2,22,0,1,124,5,130,0,9,136,7,152,100,0,100,252
02/29/2004,SBY,MD,AEA,EN,Federal Contract Tower,0,11,13,0,24,0,0,92,0,92,0,11,105,0,116,36,0,36,152
03/01/2004,SBY,MD,AEA,EN,Federal Contract Tower,0,15,8,2,25,0,0,65,4,69,0,15,73,6,94,86,38,124,218
03/02/2004,SBY,MD,AEA,EN,Federal Contract Tower,0,22,10,1,33,0,2,25,7,34,0,24,35,8,67,6,20,26,93
03/03/2004,SBY,MD,AEA,EN,Federal Contract Tower,0,17,7,3,27,0,0,70,14,84,0,17,77,17,111,130,60,190,301
03/04/2004,SBY,MD,AEA,EN,Federal Contract Tower,0,17,11,0,28,0,0,53,10,63,0,17,64,10,91,96,50,146,237
03/05/2004,SBY,MD,AEA,EN,Federal Contract Tower,0,14,2,2,18,0,0,47,15,62,0,14,49,17,80,62,4,66,146
03/06/2004,SBY,MD,AEA,EN,Federal Contract Tower,0,10,2,0,12,0,0,4,0,4,0,10,6,0,16,14,0,14,30
03/07/2004,SBY,MD,AEA,EN,Federal Contract Tower,0,10,7,1,18,0,0,82,1,83,0,10,89,2,101,58,2,60,161
03/08/2004,SBY,MD,AEA,EN,Federal Contract Tower,0,15,6,0,21,0,0,23,6,29,0,15,29,6,50,4,16,20,70
03/09/2004,SBY,MD,AEA,EN,Federal Contract Tower,0,21,14,0,35,0,0,60,14,74,0,21,74,14,109,94,38,132,241
03/10/2004,SBY,MD,AEA,EN,Federal Contract Tower,0,15,5,0,20,0,1,8,0,9,0,16,13,0,29,0,0,0,29
03/11/2004,SBY,MD,AEA,EN,Federal Contract Tower,0,18,6,3,27,0,0,93,9,102,0,18,99,12,129,90,10,100,229
03/12/2004,SBY,MD,AEA,EN,Federal Contract Tower,0,17,8,0,25,0,0,23,6,29,0,17,31,6,54,18,24,42,96
03/13/2004,SBY,MD,AEA,EN,Federal Contract Tower,0,10,12,2,24,0,0,54,2,56,0,10,66,4,80,48,24,72,152
03/14/2004,SBY,MD,AEA,EN,Federal Contract Tower,0,11,16,0,27,0,0,73,0,73,0,11,89,0,100,74,0,74,174
03/15/2004,SBY,MD,AEA,EN,Federal Contract Tower,0,15,8,3,26,0,0,45,6,51,0,15,53,9,77,64,24,88,165
03/16/2004,SBY,MD,AEA,EN,Federal Contract Tower,0,14,8,0,22,0,0,0,0,0,0,14,8,0,22,0,0,0,22
03/17/2004,SBY,MD,AEA,EN,Federal Contract Tower,0,17,7,4,28,0,1,16,0,17,0,18,23,4,45,32,6,38,83
03/18/2004,SBY,MD,AEA,EN,Federal Contract Tower,0,18,2,4,24,0,4,24,2,30,0,22,26,6,54,42,12,54,108
03/19/2004,SBY,MD,AEA,EN,Federal Contract Tower,0,20,8,0,28,0,0,33,2,35,0,20,41,2,63,60,0,60,123
03/20/2004,SBY,MD,AEA,EN,Federal Contract Tower,0,11,16,0,27,0,0,92,3,95,0,11,108,3,122,44,0,44,166
03/21/2004,SBY,MD,AEA,EN,Federal Contract Tower,0,12,9,0,21,0,2,23,0,25,0,14,32,0,46,0,0,0,46
03/22/2004,SBY,MD,AEA,EN,Federal Contract Tower,0,17,10,3,30,0,1,43,13,57,0,18,53,16,87,44,66,110,197
03/23/2004,SBY,MD,AEA,EN,Federal Contract Tower,0,20,15,0,35,0,1,71,12,84,0,21,86,12,119,48,46,94,213
03/24/2004,SBY,MD,AEA,EN,Federal Contract Tower,0,17,7,2,26,0,2,72,10,84,0,19,79,12,110,68,58,126,236
03/25/2004,SBY,MD,AEA,EN,Federal Contract Tower,0,23,12,8,43,0,0,48,8,56,0,23,60,16,99,64,4,68,167
03/26/2004,SBY,MD,AEA,EN,Federal Contract Tower,0,21,12,0,33,0,0,64,7,71,0,21,76,7,104,26,42,68,172
03/27/2004,SBY,MD,AEA,EN,Federal Contract Tower,0,8,4,0,12,0,1,40,0,41,0,9,44,0,53,42,0,42,95
03/28/2004,SBY,MD,AEA,EN,Federal Contract Tower,0,11,34,3,48,0,2,22,5,29,0,13,56,8,77,30,0,30,107
03/29/2004,SBY,MD,AEA,EN,Federal Contract Tower,0,15,29,2,46,0,0,21,3,24,0,15,50,5,70,90,12,102,172
03/30/2004,SBY,MD,AEA,EN,Federal Contract Tower,0,15,28,4,47,0,0,2,0,2,0,15,30,4,49,0,0,0,49
03/31/2004,SBY,MD,AEA,EN,Federal Contract Tower,0,17,6,5,28,0,0,0,4,4,0,17,6,9,32,0,0,0,32
04/01/2004,SBY,MD,AEA,EN,Federal Contract Tower,0,17,16,0,33,0,0,12,0,12,0,17,28,0,45,0,0,0,45
04/02/2004,SBY,MD,AEA,EN,Federal Contract Tower,0,21,12,12,45,0,0,14,0,14,0,21,26,12,59,52,0,52,111
04/03/2004,SBY,MD,AEA,EN,Federal Contract Tower,0,12,20,0,32,0,1,18,6,25,0,13,38,6,57,2,0,2,59
04/04/2004,SBY,MD,AEA,EN,Federal Contract Tower,0,13,3,0,16,0,0,8,0,8,0,13,11,0,24,0,0,0,24
04/05/2004,SBY,MD,AEA,EN,Federal Contract Tower,0,15,7,0,22,0,4,25,4,33,0,19,32,4,55,10,4,14,69
04/06/2004,SBY,MD,AEA,EN,Federal Contract Tower,0,25,8,0,33,0,0,50,4,54,0,25,58,4,87,44,20,64,151
04/07/2004,SBY,MD,AEA,EN,Federal Contract Tower,0,19,18,0,37,0,4,93,2,99,0,23,111,2,136,146,0,146,282
04/08/2004,SBY,MD,AEA,EN,Federal Contract Tower,0,19,13,3,35,0,0,46,3,49,0,19,59,6,84,58,12,70,154
04/09/2004,SBY,MD,AEA,EN,Federal Contract Tower,0,21,18,4,43,0,0,50,2,52,0,21,68,6,95,36,0,36,131
04/10/2004,SBY,MD,AEA,EN,Federal Contract Tower,0,10,8,0,18,0,0,85,0,85,0,10,93,0,103,56,0,56,159
04/11/2004,SBY,MD,AEA,EN,Federal Contract Tower,0,12,11,0,23,0,0,0,0,0,0,12,11,0,23,0,0,0,23
04/12/2004,SBY,MD,AEA,EN,Federal Contract Tower,0,17,14,0,31,0,0,3,0,3,0,17,17,0,34,0,0,0,34
04/13/2004,SBY,MD,AEA,EN,Federal Contract Tower,0,17,10,0,27,0,0,0,0,0,0,17,10,0,27,0,0,0,27
04/14/2004,SBY,MD,AEA,EN,Federal Contract Tower,0,20,13,0,33,0,0,0,0,0,0,20,13,0,33,0,0,0,33
04/15/2004,SBY,MD,AEA,EN,Federal Contract Tower,0,21,17,0,38,0,7,37,0,44,0,28,54,0,82,26,0,26,108
04/16/2004,SBY,MD,AEA,EN,Federal Contract Tower,0,20,15,0,35,0,0,110,2,112,0,20,125,2,147,110,6,116,263
04/17/2004,SBY,MD,AEA,EN,Federal Contract Tower,0,14,12,0,26,0,1,153,0,154,0,15,165,0,180,52,0,52,232
04/18/2004,SBY,MD,AEA,EN,Federal Contract Tower,0,14,16,0,30,0,0,115,0,115,0,14,131,0,145,34,0,34,179
04/19/2004,SBY,MD,AEA,EN,Federal Contract Tower,0,18,27,3,48,0,0,52,14,66,0,18,79,17,114,94,78,172,286
04/20/2004,SBY,MD,AEA,EN,Federal Contract Tower,0,20,16,2,38,0,3,108,12,123,0,23,124,14,161,86,28,114,275
04/21/2004,SBY,MD,AEA,EN,Federal Contract Tower,0,19,26,0,45,0,2,28,6,36,0,21,54,6,81,40,40,80,161
04/22/2004,SBY,MD,AEA,EN,Federal Contract Tower,0,22,12,4,38,0,0,64,8,72,0,22,76,12,110,28,32,60,170
04/23/2004,SBY,MD,AEA,EN,Federal Contract Tower,0,17,11,0,28,0,4,61,2,67,0,21,72,2,95,64,0,64,159
04/24/2004,SBY,MD,AEA,EN,Federal Contract Tower,0,14,7,1,22,0,0,69,1,70,0,14,76,2,92,56,6,62,154
04/25/2004,SBY,MD,AEA,EN,Federal Contract Tower,0,13,7,0,20,0,0,59,0,59,0,13,66,0,79,72,0,72,151
04/26/2004,SBY,MD,AEA,EN,Federal Contract Tower,0,16,7,0,23,0,0,7,6,13,0,16,14,6,36,0,16,16,52
04/27/2004,SBY,MD,AEA,EN,Federal Contract Tower,0,21,12,0,33,0,0,30,12,42,0,21,42,12,75,32,46,78,153
04/28/2004,SBY,MD,AEA,EN,Federal Contract Tower,0,19,8,9,36,0,0,69,11,80,0,19,77,20,116,84,58,142,258
04/29/2004,SBY,MD,AEA,EN,Federal Contract Tower,0,19,20,4,43,0,5,99,16,120,0,24,119,20,163,56,28,84,247
04/30/2004,SBY,MD,AEA,EN,Federal Contract Tower,0,20,12,5,37,0,2,94,1,97,0,22,106,6,134,60,0,60,194
05/01/2004,SBY,MD,AEA,EN,Federal Contract Tower,0,13,13,0,26,0,0,146,0,146,0,13,159,0,172,22,0,22,194
05/02/2004,SBY,MD,AEA,EN,Federal Contract Tower,0,14,19,0,33,0,0,15,0,15,0,14,34,0,48,2,0,2,50
05/03/2004,SBY,MD,AEA,EN,Federal Contract Tower,0,19,8,0,27,0,0,0,0,0,0,19,8,0,27,0,0,0,27
05/04/2004,SBY,MD,AEA,EN,Federal Contract Tower,0,21,11,0,32,0,0,73,4,77,0,21,84,4,109,142,18,160,269
05/05/2004,SBY,MD,AEA,EN,Federal Contract Tower,0,20,10,1,31,0,2,68,6,76,0,22,78,7,107,74,46,120,227
05/06/2004,SBY,MD,AEA,EN,Federal Contract Tower,0,20,11,0,31,0,0,98,12,110,0,20,109,12,141,74,32,106,247
05/07/2004,SBY,MD,AEA,EN,Federal Contract Tower,0,18,7,0,25,0,0,66,4,70,0,18,73,4,95,60,6,66,161
05/08/2004,SBY,MD,AEA,EN,Federal Contract Tower,0,15,10,0,25,0,0,50,0,50,0,15,60,0,75,42,0,42,117
05/09/2004,SBY,MD,AEA,EN,Federal Contract Tower,0,12,4,0,16,0,3,56,0,59,0,15,60,0,75,46,0,46,121
05/10/2004,SBY,MD,AEA,EN,Federal Contract Tower,0,21,11,0,32,0,1,53,10,64,0,22,64,10,96,68,44,112,208
05/11/2004,SBY,MD,AEA,EN,Federal Contract Tower,0,19,9,5,33,0,3,68,4,75,0,22,77,9,108,62,6,68,176
05/12/2004,SBY,MD,AEA,EN,Federal Contract Tower,0,18,5,0,23,0,3,83,8,94,0,21,88,8,117,98,22,120,237
05/13/2004,SBY,MD,AEA,EN,Federal Contract Tower,0,23,20,0,43,0,0,73,12,85,0,23,93,12,128,58,34,92,220
05/14/2004,SBY,MD,AEA,EN,Federal Contract Tower,0,19,10,0,29,0,2,66,2,70,0,21,76,2,99,68,0,68,167
05/15/2004,SBY,MD,AEA,EN,Federal Contract Tower,0,12,15,0,27,0,0,46,2,48,0,12,61,2,75,48,0,48,123
05/16/2004,SBY,MD,AEA,EN,Federal Contract Tower,0,15,14,0,29,0,0,51,0,51,0,15,65,0,80,38,0,38,118
05/17/2004,SBY,MD,AEA,EN,Federal Contract Tower,0,17,8,0,25,0,0,57,2,59,0,17,65,2,84,54,12,66,150
05/18/2004,SBY,MD,AEA,EN,Federal Contract Tower,0,23,9,1,33,0,1,56,11,68,0,24,65,12,101,24,52,76,177
05/19/2004,SBY,MD,AEA,EN,Federal Contract Tower,0,19,7,2,28,0,0,24,7,31,0,19,31,9,59,40,24,64,123
05/20/2004,SBY,MD,AEA,EN,Federal Contract Tower,0,22,28,0,50,0,6,33,4,43,0,28,61,4,93,72,4,76,169
05/21/2004,SBY,MD,AEA,EN,Federal Contract Tower,0,18,13,6,37,0,0,13,7,20,0,18,26,13,57,42,0,42,99
05/22/2004,SBY,MD,AEA,EN,Federal Contract Tower,0,14,8,0,22,0,3,108,0,111,0,17,116,0,133,28,0,28,161
05/23/2004,SBY,MD,AEA,EN,Federal Contract Tower,0,13,15,0,28,0,0,71,0,71,0,13,86,0,99,46,0,46,145
05/24/2004,SBY,MD,AEA,EN,Federal Contract Tower,0,16,8,0,24,0,3,37,10,50,0,19,45,10,74,44,16,60,134
05/25/2004,SBY,MD,AEA,EN,Federal Contract Tower,0,16,8,1,25,0,0,51,3,54,0,16,59,4,79,64,40,104,183
05/26/2004,SBY,MD,AEA,EN,Federal Contract Tower,0,15,16,2,33,0,4,33,4,41,0,19,49,6,74,56,14,70,144
05/27/2004,SBY,MD,AEA,EN,Federal Contract Tower,0,21,18,0,39,0,5,36,6,47,0,26,54,6,86,30,22,52,138
05/28/2004,SBY,MD,AEA,EN,Federal Contract Tower,0,20,19,16,55,0,3,34,0,37,0,23,53,16,92,8,46,54,146
05/29/2004,SBY,MD,AEA,EN,Federal Contract Tower,0,12,5,0,17,0,2,120,0,122,0,14,125,0,139,66,0,66,205
05/30/2004,SBY,MD,AEA,EN,Federal Contract Tower,0,11,12,0,23,0,0,65,0,65,0,11,77,0,88,38,0,38,126
05/31/2004,SBY,MD,AEA,EN,Federal Contract Tower,0,17,23,0,40,0,0,2,0,2,0,17,25,0,42,0,0,0,42
06/01/2004,SBY,MD,AEA,EN,Federal Contract Tower,0,18,6,0,24,0,1,28,6,35,0,19,34,6,59,22,18,40,99
06/02/2004,SBY,MD,AEA,EN,Federal Contract Tower,0,20,13,1,34,0,5,39,18,62,0,25,52,19,96,56,70,126,222
06/03/2004,SBY,MD,AEA,EN,Federal Contract Tower,0,19,17,0,36,0,3,71,10,84,0,22,88,10,120,84,20,104,224
06/04/2004,SBY,MD,AEA,EN,Federal Contract Tower,0,20,11,1,32,0,0,32,4,36,0,20,43,5,68,94,18,112,180
06/05/2004,SBY,MD,AEA,EN,Federal Contract Tower,0,11,22,0,33,0,0,2,0,2,0,11,24,0,35,0,0,0,35
06/06/2004,SBY,MD,AEA,EN,Federal Contract Tower,0,16,19,0,35,0,0,27,0,27,0,16,46,0,62,34,0,34,96
06/07/2004,SBY,MD,AEA,EN,Federal Contract Tower,0,21,19,3,43,0,1,44,5,50,0,22,63,8,93,8,0,8,101
06/08/2004,SBY,MD,AEA,EN,Federal Contract Tower,0,17,13,0,30,0,4,54,0,58,0,21,67,0,88,64,0,64,152
06/09/2004,SBY,MD,AEA,EN,Federal Contract Tower,0,21,11,1,33,0,8,42,10,60,0,29,53,11,93,84,54,138,231
06/10/2004,SBY,MD,AEA,EN,Federal Contract Tower,0,19,11,0,30,0,3,53,6,62,0,22,64,6,92,62,62,124,216
06/11/2004,SBY,MD,AEA,EN,Federal Contract Tower,0,25,15,0,40,0,0,13,0,13,0,25,28,0,53,0,0,0,53
06/12/2004,SBY,MD,AEA,EN,Federal Contract Tower,0,16,11,0,27,0,1,121,0,122,0,17,132,0,149,32,0,32,181
06/13/2004,SBY,MD,AEA,EN,Federal Contract Tower,0,17,5,0,22,0,2,122,4,128,0,19,127,4,150,78,0,78,228
06/14/2004,SBY,MD,AEA,EN,Federal Contract Tower,0,16,6,0,22,0,2,25,12,39,0,18,31,12,61,38,50,88,149
06/15/2004,SBY,MD,AEA,EN,Federal Contract Tower,0,17,11,7,35,0,3,52,19,74,0,20,63,26,109,60,22,82,191
06/16/2004,SBY,MD,AEA,EN,Federal Contract Tower,0,21,18,11,50,0,2,19,12,33,0,23,37,23,83,30,10,40,123
06/17/2004,SBY,MD,AEA,EN,Federal Contract Tower,0,17,15,3,35,0,0,22,13,35,0,17,37,16,70,14,44,58,128
06/18/2004,SBY,MD,AEA,EN,Federal Contract Tower,0,25,11,1,37,0,0,57,6,63,0,25,68,7,100,36,30,66,166
06/19/2004,SBY,MD,AEA,EN,Federal Contract Tower,0,12,7,0,19,0,1,94,0,95,0,13,101,0,114,60,0,60,174
06/20/2004,SBY,MD,AEA,EN,Federal Contract Tower,0,14,10,2,26,0,3,97,2,102,0,17,107,4,128,22,0,22,150
06/21/2004,SBY,MD,AEA,EN,Federal Contract Tower,0,19,6,0,25,0,0,73,8,81,0,19,79,8,106,62,20,82,188
06/22/2004,SBY,MD,AEA,EN,Federal Contract Tower,0,20,13,2,35,0,2,36,12,50,0,22,49,14,85,12,88,100,185
06/23/2004,SBY,MD,AEA,EN,Federal Contract Tower,0,21,5,3,29,0,0,35,5,40,0,21,40,8,69,18,56,74,143
06/24/2004,SBY,MD,AEA,EN,Federal Contract Tower,0,23,15,1,39,0,8,95,19,122,0,31,110,20,161,78,74,152,313
06/25/2004,SBY,MD,AEA,EN,Federal Contract Tower,0,18,8,4,30,0,0,31,4,35,0,18,39,8,65,46,4,50,115
06/26/2004,SBY,MD,AEA,EN,Federal Contract Tower,0,17,12,0,29,0,3,29,0,32,0,20,41,0,61,24,0,24,85
06/27/2004,SBY,MD,AEA,EN,Federal Contract Tower,0,14,9,0,23,0,0,124,0,124,0,14,133,0,147,62,0,62,209
06/28/2004,SBY,MD,AEA,EN,Federal Contract Tower,0,21,9,1,31,0,0,53,5,58,0,21,62,6,89,78,16,94,183
06/29/2004,SBY,MD,AEA,EN,Federal Contract Tower,0,23,16,0,39,0,5,56,8,69,0,28,72,8,108,88,18,106,214
06/30/2004,SBY,MD,AEA,EN,Federal Contract Tower,0,20,13,4,37,0,4,76,22,102,0,24,89,26,139,144,44,188,327
07/01/2004,SBY,MD,AEA,EN,Federal Contract Tower,0,21,17,1,39,0,5,44,2,51,0,26,61,3,90,30,30,60,150
07/02/2004,SBY,MD,AEA,EN,Federal Contract Tower,0,19,18,2,39,0,0,55,2,57,0,19,73,4,96,62,0,62,158
07/03/2004,SBY,MD,AEA,EN,Federal Contract Tower,0,13,1,0,14,0,1,56,0,57,0,14,57,0,71,32,0,32,103
07/04/2004,SBY,MD,AEA,EN,Federal Contract Tower,0,11,0,2,13,0,0,35,0,35,0,11,35,2,48,0,0,0,48
07/05/2004,SBY,MD,AEA,EN,Federal Contract Tower,0,17,14,0,31,0,3,51,0,54,0,20,65,0,85,24,0,24,109
07/06/2004,SBY,MD,AEA,EN,Federal Contract Tower,0,19,13,0,32,0,1,54,8,63,0,20,67,8,95,54,38,92,187
07/07/2004,SBY,MD,AEA,EN,Federal Contract Tower,0,19,13,0,32,0,2,43,10,55,0,21,56,10,87,16,16,32,119
07/08/2004,SBY,MD,AEA,EN,Federal Contract Tower,0,24,13,1,38,0,2,39,2,43,0,26,52,3,81,36,6,42,123
07/09/2004,SBY,MD,AEA,EN,Federal Contract Tower,0,21,18,1,40,0,2,73,7,82,0,23,91,8,122,72,0,72,194
07/10/2004,SBY,MD,AEA,EN,Federal Contract Tower,0,16,4,2,22,0,0,98,2,100,0,16,102,4,122,38,0,38,160
07/11/2004,SBY,MD,AEA,EN,Federal Contract Tower,0,16,11,0,27,0,3,56,0,59,0,19,67,0,86,30,0,30,116
07/12/2004,SBY,MD,AEA,EN,Federal Contract Tower,0,18,10,2,30,0,0,5,0,5,0,18,15,2,35,0,0,0,35
07/13/2004,SBY,MD,AEA,EN,Federal Contract Tower,0,26,12,0,38,0,0,23,6,29,0,26,35,6,67,40,20,60,127
07/14/2004,SBY,MD,AEA,EN,Federal Contract Tower,0,24,16,2,42,0,0,22,4,26,0,24,38,6,68,30,8,38,106
07/15/2004,SBY,MD,AEA,EN,Federal Contract Tower,0,21,14,1,36,0,4,69,13,86,0,25,83,14,122,68,28,96,218
07/16/2004,SBY,MD,AEA,EN,Federal Contract Tower,0,23,10,0,33,0,1,74,6,81,0,24,84,6,114,28,50,78,192
07/17/2004,SBY,MD,AEA,EN,Federal Contract Tower,0,19,8,0,27,0,0,105,0,105,0,19,113,0,132,34,0,34,166
07/18/2004,SBY,MD,AEA,EN,Federal Contract Tower,0,18,9,0,27,0,0,14,0,14,0,18,23,0,41,14,0,14,55
07/19/2004,SBY,MD,AEA,EN,Federal Contract Tower,0,18,13,5,36,0,1,34,6,41,0,19,47,11,77,82,28,110,187
07/20/2004,SBY,MD,AEA,EN,Federal Contract Tower,0,22,19,3,44,0,4,52,9,65,0,26,71,12,109,88,28,116,225
07/21/2004,SBY,MD,AEA,EN,Federal Contract Tower,0,23,12,0,35,0,0,72,7,79,0,23,84,7,114,56,44,100,214
07/22/2004,SBY,MD,AEA,EN,Federal Contract Tower,0,22,8,6,36,0,1,39,8,48,0,23,47,14,84,32,36,68,152
07/23/2004,SBY,MD,AEA,EN,Federal Contract Tower,2,19,20,0,41,0,0,19,0,19,2,19,39,0,60,0,0,0,60
07/24/2004,SBY,MD,AEA,EN,Federal Contract Tower,0,16,6,0,22,0,0,0,0,0,0,16,6,0,22,0,0,0,22
07/25/2004,SBY,MD,AEA,EN,Federal Contract Tower,1,18,31,0,50,0,0,5,0,5,1,18,36,0,55,0,0,0,55
07/26/2004,SBY,MD,AEA,EN,Federal Contract Tower,0,20,16,0,36,0,0,9,2,11,0,20,25,2,47,16,12,28,75
07/27/2004,SBY,MD,AEA,EN,Federal Contract Tower,0,20,20,1,41,0,2,9,1,12,0,22,29,2,53,18,0,18,71
07/28/2004,SBY,MD,AEA,EN,Federal Contract Tower,0,18,7,0,25,0,0,1,0,1,0,18,8,0,26,6,0,6,32
07/29/2004,SBY,MD,AEA,EN,Federal Contract Tower,0,21,9,2,32,0,0,48,4,52,0,21,57,6,84,94,28,122,206
07/30/2004,SBY,MD,AEA,EN,Federal Contract Tower,0,20,21,0,41,0,1,62,8,71,0,21,83,8,112,30,6,36,148
07/31/2004,SBY,MD,AEA,EN,Federal Contract Tower,0,14,6,0,20,0,3,60,0,63,0,17,66,0,83,14,0,14,97
08/01/2004,SBY,MD,AEA,EN,Federal Contract Tower,0,13,4,0,17,0,3,23,0,26,0,16,27,0,43,18,0,18,61
08/02/2004,SBY,MD,AEA,EN,Federal Contract Tower,0,18,18,1,37,0,2,22,5,29,0,20,40,6,66,10,0,10,76
08/03/2004,SBY,MD,AEA,EN,Federal Contract Tower,0,22,5,0,27,0,0,13,0,13,0,22,18,0,40,0,0,0,40
08/04/2004,SBY,MD,AEA,EN,Federal Contract Tower,0,22,9,0,31,0,5,89,12,106,0,27,98,12,137,52,28,80,217
08/05/2004,SBY,MD,AEA,EN,Federal Contract Tower,0,21,7,0,28,0,0,18,0,18,0,21,25,0,46,0,0,0,46
08/06/2004,SBY,MD,AEA,EN,Federal Contract Tower,0,20,7,2,29,0,8,80,8,96,0,28,87,10,125,48,14,62,187
08/07/2004,SBY,MD,AEA,EN,Federal Contract Tower,0,11,10,0,21,0,2,102,0,104,0,13,112,0,125,32,0,32,157
08/08/2004,SBY,MD,AEA,EN,Federal Contract Tower,0,19,8,0,27,0,0,104,0,104,0,19,112,0,131,26,0,26,157
08/09/2004,SBY,MD,AEA,EN,Federal Contract Tower,0,20,8,0,28,0,1,51,22,74,0,21,59,22,102,42,12,54,156
08/10/2004,SBY,MD,AEA,EN,Federal Contract Tower,0,21,11,0,32,0,0,35,14,49,0,21,46,14,81,52,22,74,155
08/11/2004,SBY,MD,AEA,EN,Federal Contract Tower,0,21,15,0,36,0,1,50,13,64,0,22,65,13,100,38,0,38,138
08/12/2004,SBY,MD,AEA,EN,Federal Contract Tower,0,18,19,1,38,0,3,42,15,60,0,21,61,16,98,42,0,42,140
08/13/2004,SBY,MD,AEA,EN,Federal Contract Tower,0,26,11,3,40,0,0,24,3,27,0,26,35,6,67,2,0,2,69
08/14/2004,SBY,MD,AEA,EN,Federal Contract Tower,0,17,5,0,22,0,0,3,0,3,0,17,8,0,25,0,0,0,25
08/15/2004,SBY,MD,AEA,EN,Federal Contract Tower,0,16,16,0,32,0,0,22,0,22,0,16,38,0,54,8,0,8,62
08/16/2004,SBY,MD,AEA,EN,Federal Contract Tower,0,23,10,0,33,0,0,32,6,38,0,23,42,6,71,86,42,128,199
08/17/2004,SBY,MD,AEA,EN,Federal Contract Tower,0,25,16,0,41,0,5,73,2,80,0,30,89,2,121,126,6,132,253
08/18/2004,SBY,MD,AEA,EN,Federal Contract Tower,0,25,13,1,39,0,4,39,11,54,0,29,52,12,93,112,22,134,227
08/19/2004,SBY,MD,AEA,EN,Federal Contract Tower,0,22,9,2,33,0,3,60,0,63,0,25,69,2,96,22,20,42,138
08/20/2004,SBY,MD,AEA,EN,Federal Contract Tower,0,22,26,5,53,0,0,57,13,70,0,22,83,18,123,40,16,56,179
08/21/2004,SBY,MD,AEA,EN,Federal Contract Tower,0,14,4,0,18,0,1,45,0,46,0,15,49,0,64,38,0,38,102
08/22/2004,SBY,MD,AEA,EN,Federal Contract Tower,0,15,12,0,27,0,0,149,0,149,0,15,161,0,176,48,0,48,224
08/23/2004,SBY,MD,AEA,EN,Federal Contract Tower,0,21,9,0,30,0,0,66,10,76,0,21,75,10,106,40,42,82,188
08/24/2004,SBY,MD,AEA,EN,Federal Contract Tower,0,23,12,2,37,0,3,75,5,83,0,26,87,7,120,46,58,104,224
08/25/2004,SBY,MD,AEA,EN,Federal Contract Tower,0,22,13,1,36,0,2,29,4,35,0,24,42,5,71,24,26,50,121
08/26/2004,SBY,MD,AEA,EN,Federal Contract Tower,0,20,14,1,35,0,6,45,5,56,0,26,59,6,91,68,12,80,171
08/27/2004,SBY,MD,AEA,EN,Federal Contract Tower,0,24,16,0,40,0,0,60,2,62,0,24,76,2,102,54,6,60,162
08/28/2004,SBY,MD,AEA,EN,Federal Contract Tower,0,13,12,0,25,0,0,88,2,90,0,13,100,2,115,72,14,86,201
08/29/2004,SBY,MD,AEA,EN,Federal Contract Tower,0,20,7,0,27,0,3,107,0,110,0,23,114,0,137,60,0,60,197
08/30/2004,SBY,MD,AEA,EN,Federal Contract Tower,0,23,5,2,30,0,0,10,0,10,0,23,15,2,40,14,0,14,54
08/31/2004,SBY,MD,AEA,EN,Federal Contract Tower,0,30,13,7,50,0,0,65,13,78,0,30,78,20,128,68,50,118,246
09/01/2004,SBY,MD,AEA,EN,Federal Contract Tower,0,25,9,1,35,0,0,80,14,94,0,25,89,15,129,90,70,160,289
09/02/2004,SBY,MD,AEA,EN,Federal Contract Tower,0,24,7,0,31,0,1,75,10,86,0,25,82,10,117,80,34,114,231
09/03/2004,SBY,MD,AEA,EN,Federal Contract Tower,0,21,10,1,32,0,2,76,6,84,0,23,86,7,116,50,46,96,212
09/04/2004,SBY,MD,AEA,EN,Federal Contract Tower,0,16,4,0,20,0,0,98,0,98,0,16,102,0,118,72,0,72,190
09/05/2004,SBY,MD,AEA,EN,Federal Contract Tower,0,13,5,0,18,0,2,18,0,20,0,15,23,0,38,32,0,32,70
09/06/2004,SBY,MD,AEA,EN,Federal Contract Tower,0,17,22,0,39,0,0,27,0,27,0,17,49,0,66,16,0,16,82
09/07/2004,SBY,MD,AEA,EN,Federal Contract Tower,0,20,7,4,31,0,0,25,4,29,0,20,32,8,60,56,8,64,124
09/08/2004,SBY,MD,AEA,EN,Federal Contract Tower,0,21,10,0,31,0,2,17,0,19,0,23,27,0,50,42,0,42,92
09/09/2004,SBY,MD,AEA,EN,Federal Contract Tower,0,19,18,6,43,0,2,31,6,39,0,21,49,12,82,68,42,110,192
09/10/2004,SBY,MD,AEA,EN,Federal Contract Tower,0,22,17,0,39,0,0,84,3,87,0,22,101,3,126,50,20,70,196
09/11/2004,SBY,MD,AEA,EN,Federal Contract Tower,0,14,11,2,27,0,1,98,0,99,0,15,109,2,126,80,8,88,214
09/12/2004,SBY,MD,AEA,EN,Federal Contract Tower,0,14,11,0,25,0,0,92,0,92,0,14,103,0,117,30,0,30,147
09/13/2004,SBY,MD,AEA,EN,Federal Contract Tower,0,16,16,2,34,0,0,44,4,48,0,16,60,6,82,40,36,76,158
09/14/2004,SBY,MD,AEA,EN,Federal Contract Tower,0,19,19,12,50,0,0,44,3,47,0,19,63,15,97,88,8,96,193
09/15/2004,SBY,MD,AEA,EN,Federal Contract Tower,0,18,19,0,37,0,0,0,0,0,0,18,19,0,37,0,0,0,37
09/16/2004,SBY,MD,AEA,EN,Federal Contract Tower,0,23,9,1,33,0,2,33,3,38,0,25,42,4,71,90,10,100,171
09/17/2004,SBY,MD,AEA,EN,Federal Contract Tower,0,20,14,1,35,0,4,3,1,8,0,24,17,2,43,0,0,0,43
09/18/2004,SBY,MD,AEA,EN,Federal Contract Tower,0,14,7,0,21,0,1,11,0,12,0,15,18,0,33,22,0,22,55
09/19/2004,SBY,MD,AEA,EN,Federal Contract Tower,0,13,9,0,22,0,1,49,0,50,0,14,58,0,72,58,0,58,130
09/20/2004,SBY,MD,AEA,EN,Federal Contract Tower,0,19,7,0,26,0,3,80,4,87,0,22,87,4,113,94,22,116,229
09/21/2004,SBY,MD,AEA,EN,Federal Contract Tower,0,20,8,2,30,0,5,82,8,95,0,25,90,10,125,140,20,160,285
09/22/2004,SBY,MD,AEA,EN,Federal Contract Tower,0,20,9,4,33,0,1,83,14,98,0,21,92,18,131,126,4,130,261
09/23/2004,SBY,MD,AEA,EN,Federal Contract Tower,0,18,5,1,24,0,3,89,13,105,0,21,94,14,129,176,12,188,317
09/24/2004,SBY,MD,AEA,EN,Federal Contract Tower,0,19,10,2,31,0,0,78,2,80,0,19,88,4,111,72,8,80,191
09/25/2004,SBY,MD,AEA,EN,Federal Contract Tower,0,13,9,0,22,0,0,115,0,115,0,13,124,0,137,36,0,36,173
09/26/2004,SBY,MD,AEA,EN,Federal Contract Tower,0,14,5,0,19,0,4,54,0,58,0,18,59,0,77,34,0,34,111
09/27/2004,SBY,MD,AEA,EN,Federal Contract Tower,0,21,4,2,27,0,0,30,2,32,0,21,34,4,59,70,16,86,145
09/28/2004,SBY,MD,AEA,EN,Federal Contract Tower,0,15,17,8,40,0,0,0,0,0,0,15,17,8,40,0,0,0,40
09/29/2004,SBY,MD,AEA,EN,Federal Contract Tower,0,23,5,3,31,0,0,25,6,31,0,23,30,9,62,88,14,102,164
09/30/2004,SBY,MD,AEA,EN,Federal Contract Tower,0,23,22,0,45,0,2,45,4,51,0,25,67,4,96,142,18,160,256
10/01/2004,SBY,MD,AEA,EN,Federal Contract Tower,0,18,8,0,26,0,5,95,6,106,0,23,103,6,132,82,14,96,228
10/02/2004,SBY,MD,AEA,EN,Federal Contract Tower,0,16,6,0,22,0,2,14,0,16,0,18,20,0,38,12,0,12,50
10/03/2004,SBY,MD,AEA,EN,Federal Contract Tower,0,13,17,0,30,0,0,26,0,26,0,13,43,0,56,38,0,38,94
10/04/2004,SBY,MD,AEA,EN,Federal Contract Tower,0,17,10,4,31,0,0,26,2,28,0,17,36,6,59,20,0,20,79
10/05/2004,SBY,MD,AEA,EN,Federal Contract Tower,0,19,12,0,31,0,6,52,6,64,0,25,64,6,95,114,16,130,225
10/06/2004,SBY,MD,AEA,EN,Federal Contract Tower,0,19,17,4,40,0,3,92,3,98,0,22,109,7,138,86,44,130,268
10/07/2004,SBY,MD,AEA,EN,Federal Contract Tower,0,20,0,0,20,0,2,79,10,91,0,22,79,10,111,88,60,148,259
10/08/2004,SBY,MD,AEA,EN,Federal Contract Tower,0,22,21,0,43,0,2,85,7,94,0,24,106,7,137,42,34,76,213
10/09/2004,SBY,MD,AEA,EN,Federal Contract Tower,0,15,13,0,28,0,0,74,0,74,0,15,87,0,102,18,0,18,120
10/10/2004,SBY,MD,AEA,EN,Federal Contract Tower,0,17,12,0,29,0,4,91,0,95,0,21,103,0,124,70,0,70,194
10/11/2004,SBY,MD,AEA,EN,Federal Contract Tower,0,18,8,0,26,0,0,53,0,53,0,18,61,0,79,96,0,96,175
10/12/2004,SBY,MD,AEA,EN,Federal Contract Tower,0,21,6,2,29,0,0,78,11,89,0,21,84,13,118,146,40,186,304
10/13/2004,SBY,MD,AEA,EN,Federal Contract Tower,0,20,11,3,34,0,1,44,12,57,0,21,55,15,91,124,42,166,257
10/14/2004,SBY,MD,AEA,EN,Federal Contract Tower,0,21,24,1,46,0,3,18,1,22,0,24,42,2,68,0,2,2,70
10/15/2004,SBY,MD,AEA,EN,Federal Contract Tower,0,19,15,5,39,0,0,18,11,29,0,19,33,16,68,66,4,70,138
10/16/2004,SBY,MD,AEA,EN,Federal Contract Tower,0,10,10,0,20,0,0,82,0,82,0,10,92,0,102,20,0,20,122
10/17/2004,SBY,MD,AEA,EN,Federal Contract Tower,0,17,10,0,27,0,0,57,4,61,0,17,67,4,88,36,0,36,124
10/18/2004,SBY,MD,AEA,EN,Federal Contract Tower,0,17,15,0,32,0,1,81,10,92,0,18,96,10,124,60,60,120,244
10/19/2004,SBY,MD,AEA,EN,Federal Contract Tower,0,17,17,2,36,0,0,12,4,16,0,17,29,6,52,96,6,102,154
10/20/2004,SBY,MD,AEA,EN,Federal Contract Tower,0,27,17,0,44,0,0,1,0,1,0,27,18,0,45,0,0,0,45
10/21/2004,SBY,MD,AEA,EN,Federal Contract Tower,0,19,21,7,47,0,0,17,1,18,0,19,38,8,65,18,0,18,83
10/22/2004,SBY,MD,AEA,EN,Federal Contract Tower,0,18,12,1,31,0,0,40,3,43,0,18,52,4,74,62,10,72,146
10/23/2004,SBY,MD,AEA,EN,Federal Contract Tower,0,12,31,0,43,0,0,86,2,88,0,12,117,2,131,26,0,26,157
10/24/2004,SBY,MD,AEA,EN,Federal Contract Tower,0,16,12,0,28,0,2,36,0,38,0,18,48,0,66,38,0,38,104
10/25/2004,SBY,MD,AEA,EN,Federal Contract Tower,0,20,10,1,31,0,0,45,1,46,0,20,55,2,77,48,4,52,129
10/26/2004,SBY,MD,AEA,EN,Federal Contract Tower,0,19,12,1,32,0,0,86,3,89,0,19,98,4,121,118,48,166,287
10/27/2004,SBY,MD,AEA,EN,Federal Contract Tower,0,18,8,1,27,0,6,53,9,68,0,24,61,10,95,94,98,192,287
10/28/2004,SBY,MD,AEA,EN,Federal Contract Tower,0,17,15,3,35,0,1,51,17,69,0,18,66,20,104,84,54,138,242
10/29/2004,SBY,MD,AEA,EN,Federal Contract Tower,0,17,21,2,40,0,0,35,4,39,0,17,56,6,79,72,4,76,155
10/30/2004,SBY,MD,AEA,EN,Federal Contract Tower,0,16,9,0,25,0,0,7,0,7,0,16,16,0,32,0,0,0,32
10/31/2004,SBY,MD,AEA,EN,Federal Contract Tower,0,13,7,0,20,0,0,61,0,61,0,13,68,0,81,40,0,40,121
11/01/2004,SBY,MD,AEA,EN,Federal Contract Tower,0,17,10,0,27,0,0,44,2,46,0,17,54,2,73,60,22,82,155
11/02/2004,SBY,MD,AEA,EN,Federal Contract Tower,0,19,11,1,31,0,0,92,11,103,0,19,103,12,134,86,32,118,252
11/03/2004,SBY,MD,AEA,EN,Federal Contract Tower,0,17,11,1,29,0,5,28,11,44,0,22,39,12,73,30,42,72,145
11/04/2004,SBY,MD,AEA,EN,Federal Contract Tower,0,15,15,4,34,0,0,5,0,5,0,15,20,4,39,14,0,14,53
11/05/2004,SBY,MD,AEA,EN,Federal Contract Tower,0,20,5,2,27,0,0,18,8,26,0,20,23,10,53,2,20,22,75
11/06/2004,SBY,MD,AEA,EN,Federal Contract Tower,0,13,17,0,30,0,0,98,2,100,0,13,115,2,130,42,0,42,172
11/07/2004,SBY,MD,AEA,EN,Federal Contract Tower,0,15,10,0,25,0,0,126,0,126,0,15,136,0,151,78,0,78,229
11/08/2004,SBY,MD,AEA,EN,Federal Contract Tower,2,17,5,0,24,0,4,28,6,38,2,21,33,6,62,56,46,102,164
11/09/2004,SBY,MD,AEA,EN,Federal Contract Tower,0,18,11,2,31,0,2,47,7,56,0,20,58,9,87,94,24,118,205
11/10/2004,SBY,MD,AEA,EN,Federal Contract Tower,0,20,6,0,26,0,0,64,6,70,0,20,70,6,96,72,6,78,174
11/11/2004,SBY,MD,AEA,EN,Federal Contract Tower,0,21,11,0,32,0,0,85,0,85,0,21,96,0,117,108,0,108,225
11/12/2004,SBY,MD,AEA,EN,Federal Contract Tower,0,18,11,3,32,0,0,0,2,2,0,18,11,5,34,0,0,0,34
11/13/2004,SBY,MD,AEA,EN,Federal Contract Tower,0,17,2,0,19,0,0,13,0,13,0,17,15,0,32,6,0,6,38
11/14/2004,SBY,MD,AEA,EN,Federal Contract Tower,0,16,4,0,20,0,0,99,0,99,0,16,103,0,119,66,0,66,185
11/15/2004,SBY,MD,AEA,EN,Federal Contract Tower,0,21,9,0,30,0,4,52,2,58,0,25,61,2,88,55,10,65,153
11/16/2004,SBY,MD,AEA,EN,Federal Contract Tower,0,20,17,1,38,0,0,77,6,83,0,20,94,7,121,122,18,140,261
11/17/2004,SBY,MD,AEA,EN,Federal Contract Tower,0,21,10,2,33,0,3,72,8,83,0,24,82,10,116,96,20,116,232
11/18/2004,SBY,MD,AEA,EN,Federal Contract Tower,0,19,17,0,36,0,2,84,3,89,0,21,101,3,125,96,4,100,225
11/19/2004,SBY,MD,AEA,EN,Federal Contract Tower,0,21,16,6,43,0,0,39,6,45,0,21,55,12,88,100,10,110,198
11/20/2004,SBY,MD,AEA,EN,Federal Contract Tower,0,13,13,0,26,0,0,34,0,34,0,13,47,0,60,20,0,20,80
11/21/2004,SBY,MD,AEA,EN,Federal Contract Tower,0,16,17,0,33,0,0,14,0,14,0,16,31,0,47,24,0,24,71
11/22/2004,SBY,MD,AEA,EN,Federal Contract Tower,0,19,11,2,32,0,0,0,2,2,0,19,11,4,34,22,0,22,56
11/23/2004,SBY,MD,AEA,EN,Federal Contract Tower,0,24,15,7,46,0,0,6,0,6,0,24,21,7,52,0,0,0,52
11/24/2004,SBY,MD,AEA,EN,Federal Contract Tower,0,18,11,0,29,0,0,0,0,0,0,18,11,0,29,0,0,0,29
11/25/2004,SBY,MD,AEA,EN,Federal Contract Tower,0,18,2,0,20,0,1,2,0,3,0,19,4,0,23,0,0,0,23
11/26/2004,SBY,MD,AEA,EN,Federal Contract Tower,0,22,10,0,32,0,1,102,0,103,0,23,112,0,135,54,0,54,189
11/27/2004,SBY,MD,AEA,EN,Federal Contract Tower,0,15,9,0,24,0,1,43,2,46,0,16,52,2,70,44,0,44,114
11/28/2004,SBY,MD,AEA,EN,Federal Contract Tower,0,23,11,0,34,0,0,27,0,27,0,23,38,0,61,20,0,20,81
11/29/2004,SBY,MD,AEA,EN,Federal Contract Tower,0,19,8,1,28,0,3,43,7,53,0,22,51,8,81,82,34,116,197
11/30/2004,SBY,MD,AEA,EN,Federal Contract Tower,0,21,8,2,31,0,3,61,9,73,0,24,69,11,104,128,22,150,254
12/01/2004,SBY,MD,AEA,EN,Federal Contract Tower,0,17,1,0,18,0,0,12,0,12,0,17,13,0,30,0,0,0,30
12/02/2004,SBY,MD,AEA,EN,Federal Contract Tower,0,19,8,1,28,0,0,90,3,93,0,19,98,4,121,52,8,60,181
12/03/2004,SBY,MD,AEA,EN,Federal Contract Tower,0,19,5,0,24,0,0,47,2,49,0,19,52,2,73,34,0,34,107
12/04/2004,SBY,MD,AEA,EN,Federal Contract Tower,0,13,6,0,19,0,0,58,0,58,0,13,64,0,77,66,0,66,143
12/05/2004,SBY,MD,AEA,EN,Federal Contract Tower,0,15,17,0,32,0,0,69,0,69,0,15,86,0,101,70,0,70,171
12/06/2004,SBY,MD,AEA,EN,Federal Contract Tower,0,25,1,2,28,0,0,27,2,29,0,25,28,4,57,82,56,138,195
12/07/2004,SBY,MD,AEA,EN,Federal Contract Tower,0,23,16,0,39,0,0,0,0,0,0,23,16,0,39,0,0,0,39
12/08/2004,SBY,MD,AEA,EN,Federal Contract Tower,0,21,10,4,35,0,2,57,10,69,0,23,67,14,104,84,2,86,190
12/09/2004,SBY,MD,AEA,EN,Federal Contract Tower,0,18,9,0,27,0,0,12,0,12,0,18,21,0,39,24,0,24,63
12/10/2004,SBY,MD,AEA,EN,Federal Contract Tower,0,20,5,0,25,0,0,0,0,0,0,20,5,0,25,0,0,0,25
12/11/2004,SBY,MD,AEA,EN,Federal Contract Tower,0,13,18,0,31,0,0,13,2,15,0,13,31,2,46,6,0,6,52
12/12/2004,SBY,MD,AEA,EN,Federal Contract Tower,0,14,4,0,18,0,3,48,0,51,0,17,52,0,69,68,0,68,137
12/13/2004,SBY,MD,AEA,EN,Federal Contract Tower,0,21,3,0,24,0,0,20,7,27,0,21,23,7,51,48,46,94,145
12/14/2004,SBY,MD,AEA,EN,Federal Contract Tower,0,19,5,0,24,0,0,58,2,60,0,19,63,2,84,72,28,100,184
12/15/2004,SBY,MD,AEA,EN,Federal Contract Tower,0,19,14,0,33,0,1,49,2,52,0,20,63,2,85,30,12,42,127
12/16/2004,SBY,MD,AEA,EN,Federal Contract Tower,0,17,16,2,35,0,1,61,4,66,0,18,77,6,101,50,20,70,171
12/17/2004,SBY,MD,AEA,EN,Federal Contract Tower,0,21,5,0,26,0,0,56,8,64,0,21,61,8,90,74,24,98,188
12/18/2004,SBY,MD,AEA,EN,Federal Contract Tower,0,13,10,0,23,0,0,64,0,64,0,13,74,0,87,74,0,74,161
12/19/2004,SBY,MD,AEA,EN,Federal Contract Tower,0,12,8,0,20,0,0,34,0,34,0,12,42,0,54,40,0,40,94
12/20/2004,SBY,MD,AEA,EN,Federal Contract Tower,0,21,4,2,27,0,0,5,0,5,0,21,9,2,32,0,22,22,54
12/21/2004,SBY,MD,AEA,EN,Federal Contract Tower,0,17,12,2,31,0,2,41,7,50,0,19,53,9,81,24,40,64,145
12/22/2004,SBY,MD,AEA,EN,Federal Contract Tower,0,21,6,0,27,0,0,61,4,65,0,21,67,4,92,54,32,86,178
12/23/2004,SBY,MD,AEA,EN,Federal Contract Tower,0,22,0,8,30,0,2,1,0,3,0,24,1,8,33,0,0,0,33
12/24/2004,SBY,MD,AEA,EN,Federal Contract Tower,0,18,1,0,19,0,0,26,0,26,0,18,27,0,45,8,0,8,53
12/25/2004,SBY,MD,AEA,EN,Federal Contract Tower,0,12,2,0,14,0,1,11,0,12,0,13,13,0,26,0,0,0,26
12/26/2004,SBY,MD,AEA,EN,Federal Contract Tower,0,12,5,0,17,0,0,1,0,1,0,12,6,0,18,0,0,0,18
12/27/2004,SBY,MD,AEA,EN,Federal Contract Tower,0,13,8,2,23,0,0,18,0,18,0,13,26,2,41,0,10,10,51
12/28/2004,SBY,MD,AEA,EN,Federal Contract Tower,0,19,10,0,29,0,4,76,4,84,0,23,86,4,113,72,2,74,187
12/29/2004,SBY,MD,AEA,EN,Federal Contract Tower,0,19,8,0,27,0,0,55,2,57,0,19,63,2,84,54,2,56,140
12/30/2004,SBY,MD,AEA,EN,Federal Contract Tower,0,19,7,1,27,0,0,63,7,70,0,19,70,8,97,30,40,70,167
12/31/2004,SBY,MD,AEA,EN,Federal Contract Tower,0,14,10,0,24,0,3,50,0,53,0,17,60,0,77,52,0,52,129
01/01/2005,SBY,MD,AEA,EN,Federal Contract Tower,0,11,6,0,17,0,0,54,0,54,0,11,60,0,71,36,0,36,107
01/02/2005,SBY,MD,AEA,EN,Federal Contract Tower,0,16,20,0,36,0,2,35,0,37,0,18,55,0,73,26,0,26,99
01/03/2005,SBY,MD,AEA,EN,Federal Contract Tower,0,19,10,0,29,0,2,31,0,33,0,21,41,0,62,22,0,22,84
01/04/2005,SBY,MD,AEA,EN,Federal Contract Tower,0,21,10,2,33,0,0,23,2,25,0,21,33,4,58,36,0,36,94
01/05/2005,SBY,MD,AEA,EN,Federal Contract Tower,0,25,6,0,31,0,0,0,0,0,0,25,6,0,31,0,0,0,31
01/06/2005,SBY,MD,AEA,EN,Federal Contract Tower,0,19,6,0,25,0,0,9,0,9,0,19,15,0,34,16,0,16,50
01/07/2005,SBY,MD,AEA,EN,Federal Contract Tower,0,20,12,0,32,0,2,72,10,84,0,22,84,10,116,26,50,76,192
01/08/2005,SBY,MD,AEA,EN,Federal Contract Tower,0,16,4,0,20,0,2,5,0,7,0,18,9,0,27,6,0,6,33
01/09/2005,SBY,MD,AEA,EN,Federal Contract Tower,0,14,14,0,28,0,0,72,1,73,0,14,86,1,101,88,2,90,191
01/10/2005,SBY,MD,AEA,EN,Federal Contract Tower,0,19,15,5,39,0,0,47,3,50,0,19,62,8,89,82,30,112,201
01/11/2005,SBY,MD,AEA,EN,Federal Contract Tower,0,15,5,1,21,0,1,46,1,48,0,16,51,2,69,60,40,100,169
01/12/2005,SBY,MD,AEA,EN,Federal Contract Tower,0,18,8,2,28,0,0,19,1,20,0,18,27,3,48,32,10,42,90
01/13/2005,SBY,MD,AEA,EN,Federal Contract Tower,0,20,21,2,43,0,0,31,0,31,0,20,52,2,74,22,0,22,96
01/14/2005,SBY,MD,AEA,EN,Federal Contract Tower,0,17,3,0,20,0,0,4,0,4,0,17,7,0,24,0,0,0,24
01/15/2005,SBY,MD,AEA,EN,Federal Contract Tower,0,13,7,0,20,0,0,94,0,94,0,13,101,0,114,28,0,28,142
01/16/2005,SBY,MD,AEA,EN,Federal Contract Tower,0,13,7,0,20,0,0,14,0,14,0,13,21,0,34,16,0,16,50
01/17/2005,SBY,MD,AEA,EN,Federal Contract Tower,0,15,8,0,23,0,0,20,2,22,0,15,28,2,45,34,0,34,79
01/18/2005,SBY,MD,AEA,EN,Federal Contract Tower,0,20,13,2,35,0,2,49,9,60,0,22,62,11,95,10,42,52,147
01/19/2005,SBY,MD,AEA,EN,Federal Contract Tower,0,15,9,6,30,0,0,12,1,13,0,15,21,7,43,8,4,12,55
01/20/2005,SBY,MD,AEA,EN,Federal Contract Tower,0,25,8,1,34,0,0,9,5,14,0,25,17,6,48,6,4,10,58
01/21/2005,SBY,MD,AEA,EN,Federal Contract Tower,0,19,9,4,32,0,0,75,4,79,0,19,84,8,111,66,6,72,183
01/22/2005,SBY,MD,AEA,EN,Federal Contract Tower,0,13,0,0,13,0,0,0,0,0,0,13,0,0,13,0,0,0,13
01/23/2005,SBY,MD,AEA,EN,Federal Contract Tower,0,11,0,0,11,0,1,0,0,1,0,12,0,0,12,0,0,0,12
01/24/2005,SBY,MD,AEA,EN,Federal Contract Tower,0,16,8,2,26,0,6,10,1,17,0,22,18,3,43,16,14,30,73
01/25/2005,SBY,MD,AEA,EN,Federal Contract Tower,0,22,12,0,34,0,0,47,2,49,0,22,59,2,83,42,0,42,125
01/26/2005,SBY,MD,AEA,EN,Federal Contract Tower,0,19,5,6,30,0,1,17,6,24,0,20,22,12,54,20,8,28,82
01/27/2005,SBY,MD,AEA,EN,Federal Contract Tower,0,21,7,5,33,0,4,59,7,70,0,25,66,12,103,86,50,136,239
01/28/2005,SBY,MD,AEA,EN,Federal Contract Tower,0,21,16,0,37,0,1,64,2,67,0,22,80,2,104,74,0,74,178
01/29/2005,SBY,MD,AEA,EN,Federal Contract Tower,0,14,8,0,22,0,2,90,0,92,0,16,98,0,114,92,0,92,206
01/30/2005,SBY,MD,AEA,EN,Federal Contract Tower,0,12,2,0,14,0,0,0,3,3,0,12,2,3,17,0,0,0,17
01/31/2005,SBY,MD,AEA,EN,Federal Contract Tower,0,14,10,0,24,0,2,26,4,32,0,16,36,4,56,16,28,44,100
02/01/2005,SBY,MD,AEA,EN,Federal Contract Tower,0,21,5,2,28,0,0,62,2,64,0,21,67,4,92,92,38,130,222
02/02/2005,SBY,MD,AEA,EN,Federal Contract Tower,0,21,6,2,29,0,2,58,5,65,0,23,64,7,94,76,26,102,196
02/03/2005,SBY,MD,AEA,EN,Federal Contract Tower,0,16,8,10,34,0,0,19,2,21,0,16,27,12,55,30,36,66,121
02/04/2005,SBY,MD,AEA,EN,Federal Contract Tower,0,17,7,0,24,0,0,5,2,7,0,17,12,2,31,16,0,16,47
02/05/2005,SBY,MD,AEA,EN,Federal Contract Tower,0,13,9,0,22,0,1,105,0,106,0,14,114,0,128,58,0,58,186
02/06/2005,SBY,MD,AEA,EN,Federal Contract Tower,0,10,9,0,19,0,5,67,1,73,0,15,76,1,92,42,4,46,138
02/07/2005,SBY,MD,AEA,EN,Federal Contract Tower,0,13,14,4,31,0,0,58,7,65,0,13,72,11,96,58,78,136,232
02/08/2005,SBY,MD,AEA,EN,Federal Contract Tower,0,19,8,1,28,0,2,60,3,65,0,21,68,4,93,48,44,92,185
02/09/2005,SBY,MD,AEA,EN,Federal Contract Tower,0,20,6,1,27,0,1,49,13,63,0,21,55,14,90,34,80,114,204
02/10/2005,SBY,MD,AEA,EN,Federal Contract Tower,0,15,3,2,20,0,0,34,14,48,0,15,37,16,68,18,58,76,144
02/11/2005,SBY,MD,AEA,EN,Federal Contract Tower,0,16,6,2,24,0,2,64,8,74,0,18,70,10,98,46,34,80,178
02/12/2005,SBY,MD,AEA,EN,Federal Contract Tower,0,11,7,4,22,0,0,60,4,64,0,11,67,8,86,72,48,120,206
02/13/2005,SBY,MD,AEA,EN,Federal Contract Tower,0,13,5,0,18,0,2,105,0,107,0,15,110,0,125,140,0,140,265
02/14/2005,SBY,MD,AEA,EN,Federal Contract Tower,0,12,11,2,25,0,1,4,0,5,0,13,15,2,30,28,0,28,58
02/15/2005,SBY,MD,AEA,EN,Federal Contract Tower,0,16,16,0,32,0,1,73,10,84,0,17,89,10,116,92,20,112,228
02/16/2005,SBY,MD,AEA,EN,Federal Contract Tower,0,20,7,4,31,0,0,37,12,49,0,20,44,16,80,108,38,146,226
02/17/2005,SBY,MD,AEA,EN,Federal Contract Tower,0,15,16,1,32,0,0,39,11,50,0,15,55,12,82,44,62,106,188
02/18/2005,SBY,MD,AEA,EN,Federal Contract Tower,0,19,8,2,29,0,1,29,4,34,0,20,37,6,63,40,8,48,111
02/19/2005,SBY,MD,AEA,EN,Federal Contract Tower,0,15,9,0,24,0,0,52,0,52,0,15,61,0,76,34,0,34,110
02/20/2005,SBY,MD,AEA,EN,Federal Contract Tower,0,13,4,0,17,0,0,46,0,46,0,13,50,0,63,74,0,74,137
02/21/2005,SBY,MD,AEA,EN,Federal Contract Tower,0,14,8,0,22,0,0,42,0,42,0,14,50,0,64,50,0,50,114
02/22/2005,SBY,MD,AEA,EN,Federal Contract Tower,0,18,17,2,37,0,1,23,0,24,0,19,40,2,61,70,18,88,149
02/23/2005,SBY,MD,AEA,EN,Federal Contract Tower,0,15,14,2,31,0,1,54,10,65,0,16,68,12,96,54,42,96,192
02/24/2005,SBY,MD,AEA,EN,Federal Contract Tower,0,13,1,0,14,0,0,0,0,0,0,13,1,0,14,0,0,0,14
02/25/2005,SBY,MD,AEA,EN,Federal Contract Tower,0,16,17,6,39,0,0,20,2,22,0,16,37,8,61,2,0,2,63
02/26/2005,SBY,MD,AEA,EN,Federal Contract Tower,0,13,16,0,29,0,0,71,2,73,0,13,87,2,102,38,0,38,140
02/27/2005,SBY,MD,AEA,EN,Federal Contract Tower,0,13,9,0,22,0,0,70,0,70,0,13,79,0,92,96,0,96,188
02/28/2005,SBY,MD,AEA,EN,Federal Contract Tower,0,14,4,0,18,0,0,7,0,7,0,14,11,0,25,0,0,0,25
03/01/2005,SBY,MD,AEA,EN,Federal Contract Tower,0,16,10,0,26,0,0,12,4,16,0,16,22,4,42,8,26,34,76
03/02/2005,SBY,MD,AEA,EN,Federal Contract Tower,0,18,9,2,29,0,0,18,8,26,0,18,27,10,55,26,42,68,123
03/03/2005,SBY,MD,AEA,EN,Federal Contract Tower,0,21,20,1,42,0,4,60,11,75,0,25,80,12,117,42,54,96,213
03/04/2005,SBY,MD,AEA,EN,Federal Contract Tower,0,17,5,1,23,0,0,91,1,92,0,17,96,2,115,50,14,64,179
03/05/2005,SBY,MD,AEA,EN,Federal Contract Tower,0,11,4,0,15,0,0,47,0,47,0,11,51,0,62,20,0,20,82
03/06/2005,SBY,MD,AEA,EN,Federal Contract Tower,0,13,20,0,33,0,0,75,0,75,0,13,95,0,108,40,20,60,168
03/07/2005,SBY,MD,AEA,EN,Federal Contract Tower,0,18,10,1,29,0,0,80,3,83,0,18,90,4,112,44,28,72,184
03/08/2005,SBY,MD,AEA,EN,Federal Contract Tower,0,16,2,0,18,0,1,9,0,10,0,17,11,0,28,0,0,0,28
03/09/2005,SBY,MD,AEA,EN,Federal Contract Tower,0,15,16,0,31,0,1,32,3,36,0,16,48,3,67,36,6,42,109
03/10/2005,SBY,MD,AEA,EN,Federal Contract Tower,0,21,16,0,37,0,6,71,4,81,0,27,87,4,118,120,22,142,260
03/11/2005,SBY,MD,AEA,EN,Federal Contract Tower,0,14,5,2,21,0,0,46,7,53,0,14,51,9,74,50,16,66,140
03/12/2005,SBY,MD,AEA,EN,Federal Contract Tower,0,15,2,0,17,0,0,52,0,52,0,15,54,0,69,30,0,30,99
03/13/2005,SBY,MD,AEA,EN,Federal Contract Tower,0,12,7,0,19,0,0,79,0,79,0,12,86,0,98,96,0,96,194
03/14/2005,SBY,MD,AEA,EN,Federal Contract Tower,0,15,12,0,27,0,0,47,8,55,0,15,59,8,82,84,42,126,208
03/15/2005,SBY,MD,AEA,EN,Federal Contract Tower,0,14,14,2,30,0,5,63,14,82,0,19,77,16,112,86,24,110,222
03/16/2005,SBY,MD,AEA,EN,Federal Contract Tower,0,15,15,2,32,0,6,43,2,51,0,21,58,4,83,82,24,106,189
03/17/2005,SBY,MD,AEA,EN,Federal Contract Tower,0,19,17,0,36,0,0,55,10,65,0,19,72,10,101,68,42,110,211
03/18/2005,SBY,MD,AEA,EN,Federal Contract Tower,0,18,19,2,39,0,1,89,17,107,0,19,108,19,146,92,20,112,258
03/19/2005,SBY,MD,AEA,EN,Federal Contract Tower,0,14,15,0,29,0,1,53,0,54,0,15,68,0,83,62,0,62,145
03/20/2005,SBY,MD,AEA,EN,Federal Contract Tower,0,14,14,0,28,0,0,15,0,15,0,14,29,0,43,36,0,36,79
03/21/2005,SBY,MD,AEA,EN,Federal Contract Tower,0,15,13,0,28,0,0,35,5,40,0,15,48,5,68,52,38,90,158
03/22/2005,SBY,MD,AEA,EN,Federal Contract Tower,0,18,16,0,34,0,2,130,2,134,0,20,146,2,168,88,6,94,262
03/23/2005,SBY,MD,AEA,EN,Federal Contract Tower,0,22,6,0,28,0,0,0,0,0,0,22,6,0,28,0,0,0,28
03/24/2005,SBY,MD,AEA,EN,Federal Contract Tower,0,18,28,2,48,0,4,65,6,75,0,22,93,8,123,32,36,68,191
03/25/2005,SBY,MD,AEA,EN,Federal Contract Tower,0,18,15,0,33,0,1,15,0,16,0,19,30,0,49,4,0,4,53
03/26/2005,SBY,MD,AEA,EN,Federal Contract Tower,0,16,12,0,28,0,0,41,0,41,0,16,53,0,69,48,0,48,117
03/27/2005,SBY,MD,AEA,EN,Federal Contract Tower,0,14,9,0,23,0,0,16,0,16,0,14,25,0,39,40,0,40,79
03/28/2005,SBY,MD,AEA,EN,Federal Contract Tower,0,13,5,0,18,0,0,1,0,1,0,13,6,0,19,0,0,0,19
03/29/2005,SBY,MD,AEA,EN,Federal Contract Tower,0,17,27,0,44,0,0,27,4,31,0,17,54,4,75,26,12,38,113
03/30/2005,SBY,MD,AEA,EN,Federal Contract Tower,0,18,22,0,40,0,3,124,16,143,0,21,146,16,183,136,60,196,379
03/31/2005,SBY,MD,AEA,EN,Federal Contract Tower,0,18,11,0,29,0,4,44,8,56,0,22,55,8,85,102,10,112,197
04/01/2005,SBY,MD,AEA,EN,Federal Contract Tower,0,21,17,0,38,0,1,53,0,54,0,22,70,0,92,42,0,42,134
04/02/2005,SBY,MD,AEA,EN,Federal Contract Tower,0,12,4,0,16,0,0,4,0,4,0,12,8,0,20,0,0,0,20
04/03/2005,SBY,MD,AEA,EN,Federal Contract Tower,0,17,6,0,23,0,0,11,0,11,0,17,17,0,34,0,0,0,34
04/04/2005,SBY,MD,AEA,EN,Federal Contract Tower,0,12,9,0,21,0,1,49,4,54,0,13,58,4,75,42,32,74,149
04/05/2005,SBY,MD,AEA,EN,Federal Contract Tower,0,16,20,1,37,0,0,142,5,147,0,16,162,6,184,110,22,132,316
04/06/2005,SBY,MD,AEA,EN,Federal Contract Tower,0,15,23,0,38,0,2,92,4,98,0,17,115,4,136,106,2,108,244
04/07/2005,SBY,MD,AEA,EN,Federal Contract Tower,0,17,14,6,37,0,1,60,13,74,0,18,74,19,111,28,20,48,159
04/08/2005,SBY,MD,AEA,EN,Federal Contract Tower,0,17,24,5,46,0,0,8,3,11,0,17,32,8,57,12,0,12,69
04/09/2005,SBY,MD,AEA,EN,Federal Contract Tower,0,16,16,0,32,0,2,59,0,61,0,18,75,0,93,36,0,36,129
04/10/2005,SBY,MD,AEA,EN,Federal Contract Tower,0,15,11,0,26,0,6,129,2,137,0,21,140,2,163,108,0,108,271
04/11/2005,SBY,MD,AEA,EN,Federal Contract Tower,0,15,20,4,39,0,5,61,4,70,0,20,81,8,109,80,16,96,205
04/12/2005,SBY,MD,AEA,EN,Federal Contract Tower,0,20,5,6,31,0,2,71,22,95,0,22,76,28,126,78,86,164,290
04/13/2005,SBY,MD,AEA,EN,Federal Contract Tower,0,18,18,0,36,0,4,75,2,81,0,22,93,2,117,98,16,114,231
04/14/2005,SBY,MD,AEA,EN,Federal Contract Tower,0,17,13,0,30,0,0,83,4,87,0,17,96,4,117,40,0,40,157
04/15/2005,SBY,MD,AEA,EN,Federal Contract Tower,0,14,5,0,19,0,2,29,0,31,0,16,34,0,50,4,0,4,54
04/16/2005,SBY,MD,AEA,EN,Federal Contract Tower,0,17,16,0,33,0,1,71,0,72,0,18,87,0,105,32,0,32,137
04/17/2005,SBY,MD,AEA,EN,Federal Contract Tower,0,15,9,0,24,0,1,117,0,118,0,16,126,0,142,154,0,154,296
04/18/2005,SBY,MD,AEA,EN,Federal Contract Tower,0,16,14,2,32,0,0,95,9,104,0,16,109,11,136,166,44,210,346
04/19/2005,SBY,MD,AEA,EN,Federal Contract Tower,0,17,8,1,26,0,1,82,7,90,0,18,90,8,116,102,42,144,260
04/20/2005,SBY,MD,AEA,EN,Federal Contract Tower,0,16,13,4,33,0,6,48,0,54,0,22,61,4,87,50,8,58,145
04/21/2005,SBY,MD,AEA,EN,Federal Contract Tower,0,16,18,2,36,0,3,32,4,39,0,19,50,6,75,30,8,38,113
04/22/2005,SBY,MD,AEA,EN,Federal Contract Tower,0,16,27,3,46,0,0,19,5,24,0,16,46,8,70,14,8,22,92
04/23/2005,SBY,MD,AEA,EN,Federal Contract Tower,0,14,9,0,23,0,0,4,0,4,0,14,13,0,27,0,0,0,27
04/24/2005,SBY,MD,AEA,EN,Federal Contract Tower,0,12,12,0,24,0,0,22,0,22,0,12,34,0,46,24,0,24,70
04/25/2005,SBY,MD,AEA,EN,Federal Contract Tower,0,13,14,0,27,0,0,34,0,34,0,13,48,0,61,14,0,14,75
04/26/2005,SBY,MD,AEA,EN,Federal Contract Tower,0,16,6,4,26,0,1,64,6,71,0,17,70,10,97,18,50,68,165
04/27/2005,SBY,MD,AEA,EN,Federal Contract Tower,0,16,12,3,31,0,2,40,4,46,0,18,52,7,77,60,28,88,165
04/28/2005,SBY,MD,AEA,EN,Federal Contract Tower,0,14,17,1,32,0,3,61,9,73,0,17,78,10,105,56,40,96,201
04/29/2005,SBY,MD,AEA,EN,Federal Contract Tower,0,16,15,2,33,0,2,59,6,67,0,18,74,8,100,156,16,172,272
04/30/2005,SBY,MD,AEA,EN,Federal Contract Tower,0,15,4,0,19,0,0,12,0,12,0,15,16,0,31,12,0,12,43
05/01/2005,SBY,MD,AEA,EN,Federal Contract Tower,0,13,9,0,22,0,0,50,0,50,0,13,59,0,72,52,0,52,124
05/02/2005,SBY,MD,AEA,EN,Federal Contract Tower,0,13,7,0,20,0,0,44,0,44,0,13,51,0,64,20,50,70,134
05/03/2005,SBY,MD,AEA,EN,Federal Contract Tower,0,17,20,2,39,0,1,76,6,83,0,18,96,8,122,128,24,152,274
05/04/2005,SBY,MD,AEA,EN,Federal Contract Tower,0,16,16,3,35,0,2,45,2,49,0,18,61,5,84,104,44,148,232
05/05/2005,SBY,MD,AEA,EN,Federal Contract Tower,0,22,11,1,34,0,1,85,18,104,0,23,96,19,138,126,40,166,304
05/06/2005,SBY,MD,AEA,EN,Federal Contract Tower,0,20,14,0,34,0,2,10,4,16,0,22,24,4,50,2,0,2,52
05/07/2005,SBY,MD,AEA,EN,Federal Contract Tower,0,15,8,0,23,0,0,57,0,57,0,15,65,0,80,30,0,30,110
05/08/2005,SBY,MD,AEA,EN,Federal Contract Tower,0,13,11,0,24,0,1,31,0,32,0,14,42,0,56,12,0,12,68
05/09/2005,SBY,MD,AEA,EN,Federal Contract Tower,0,16,11,4,31,0,0,82,2,84,0,16,93,6,115,78,0,78,193
05/10/2005,SBY,MD,AEA,EN,Federal Contract Tower,0,19,18,1,38,0,1,86,7,94,0,20,104,8,132,62,26,88,220
05/11/2005,SBY,MD,AEA,EN,Federal Contract Tower,0,18,20,0,38,0,4,68,8,80,0,22,88,8,118,90,12,102,220
05/12/2005,SBY,MD,AEA,EN,Federal Contract Tower,0,18,18,4,40,0,3,73,6,82,0,21,91,10,122,74,24,98,220
05/13/2005,SBY,MD,AEA,EN,Federal Contract Tower,0,14,10,1,25,0,2,90,4,96,0,16,100,5,121,88,18,106,227
05/14/2005,SBY,MD,AEA,EN,Federal Contract Tower,0,15,6,0,21,0,1,59,0,60,0,16,65,0,81,36,0,36,117
05/15/2005,SBY,MD,AEA,EN,Federal Contract Tower,0,12,5,0,17,0,0,17,0,17,0,12,22,0,34,26,0,26,60
05/16/2005,SBY,MD,AEA,EN,Federal Contract Tower,0,22,12,0,34,0,0,75,4,79,0,22,87,4,113,70,46,116,229
05/17/2005,SBY,MD,AEA,EN,Federal Contract Tower,0,17,12,1,30,0,4,81,7,92,0,21,93,8,122,104,42,146,268
05/18/2005,SBY,MD,AEA,EN,Federal Contract Tower,0,17,14,0,31,0,2,94,2,98,0,19,108,2,129,110,6,116,245
05/19/2005,SBY,MD,AEA,EN,Federal Contract Tower,0,18,15,0,33,0,5,84,10,99,0,23,99,10,132,60,28,88,220
05/20/2005,SBY,MD,AEA,EN,Federal Contract Tower,0,15,10,1,26,0,0,0,1,1,0,15,10,2,27,0,0,0,27
05/21/2005,SBY,MD,AEA,EN,Federal Contract Tower,0,16,11,0,27,0,0,96,0,96,0,16,107,0,123,54,0,54,177
05/22/2005,SBY,MD,AEA,EN,Federal Contract Tower,0,17,10,0,27,0,4,94,0,98,0,21,104,0,125,84,0,84,209
05/23/2005,SBY,MD,AEA,EN,Federal Contract Tower,0,16,13,0,29,0,1,46,5,52,0,17,59,5,81,74,34,108,189
05/24/2005,SBY,MD,AEA,EN,Federal Contract Tower,0,22,11,5,38,0,1,23,4,28,0,23,34,9,66,26,8,34,100
05/25/2005,SBY,MD,AEA,EN,Federal Contract Tower,0,16,25,15,56,0,1,11,7,19,0,17,36,22,75,4,0,4,79
05/26/2005,SBY,MD,AEA,EN,Federal Contract Tower,0,17,13,2,32,0,0,87,8,95,0,17,100,10,127,96,32,128,255
05/27/2005,SBY,MD,AEA,EN,Federal Contract Tower,0,19,9,3,31,0,0,90,7,97,0,19,99,10,128,40,24,64,192
05/28/2005,SBY,MD,AEA,EN,Federal Contract Tower,0,14,12,0,26,0,1,57,0,58,0,15,69,0,84,28,0,28,112
05/29/2005,SBY,MD,AEA,EN,Federal Contract Tower,0,16,8,0,24,0,2,103,0,105,0,18,111,0,129,26,0,26,155
05/30/2005,SBY,MD,AEA,EN,Federal Contract Tower,0,16,9,0,25,0,0,72,0,72,0,16,81,0,97,62,0,62,159
05/31/2005,SBY,MD,AEA,EN,Federal Contract Tower,0,16,15,3,34,0,3,55,5,63,0,19,70,8,97,50,54,104,201
06/01/2005,SBY,MD,AEA,EN,Federal Contract Tower,0,16,8,0,24,0,3,67,6,76,0,19,75,6,100,92,90,182,282
06/02/2005,SBY,MD,AEA,EN,Federal Contract Tower,0,19,30,6,55,0,0,9,4,13,0,19,39,10,68,12,0,12,80
06/03/2005,SBY,MD,AEA,EN,Federal Contract Tower,0,17,28,0,45,0,0,0,0,0,0,17,28,0,45,0,0,0,45
06/04/2005,SBY,MD,AEA,EN,Federal Contract Tower,0,19,26,0,45,0,0,39,0,39,0,19,65,0,84,12,0,12,96
06/05/2005,SBY,MD,AEA,EN,Federal Contract Tower,0,17,21,0,38,0,0,110,4,114,0,17,131,4,152,72,0,72,224
06/06/2005,SBY,MD,AEA,EN,Federal Contract Tower,0,12,9,3,24,0,0,43,6,49,0,12,52,9,73,50,24,74,147
06/07/2005,SBY,MD,AEA,EN,Federal Contract Tower,0,18,11,1,30,0,0,67,9,76,0,18,78,10,106,64,24,88,194
06/08/2005,SBY,MD,AEA,EN,Federal Contract Tower,0,18,9,0,27,0,2,64,16,82,0,20,73,16,109,22,50,72,181
06/09/2005,SBY,MD,AEA,EN,Federal Contract Tower,0,22,4,1,27,0,0,72,7,79,0,22,76,8,106,60,40,100,206
06/10/2005,SBY,MD,AEA,EN,Federal Contract Tower,0,23,15,0,38,0,2,35,2,39,0,25,50,2,77,84,0,84,161
06/11/2005,SBY,MD,AEA,EN,Federal Contract Tower,0,17,14,2,33,0,0,96,4,100,0,17,110,6,133,92,0,92,225
06/12/2005,SBY,MD,AEA,EN,Federal Contract Tower,0,19,22,0,41,0,1,84,2,87,0,20,106,2,128,38,0,38,166
06/13/2005,SBY,MD,AEA,EN,Federal Contract Tower,0,15,11,0,26,0,1,67,10,78,0,16,78,10,104,52,34,86,190
06/14/2005,SBY,MD,AEA,EN,Federal Contract Tower,0,24,16,0,40,0,1,90,4,95,0,25,106,4,135,44,20,64,199
06/15/2005,SBY,MD,AEA,EN,Federal Contract Tower,0,17,12,0,29,0,3,54,6,63,0,20,66,6,92,72,26,98,190
06/16/2005,SBY,MD,AEA,EN,Federal Contract Tower,0,19,11,0,30,0,6,72,2,80,0,25,83,2,110,58,4,62,172
06/17/2005,SBY,MD,AEA,EN,Federal Contract Tower,0,20,24,0,44,0,1,105,8,114,0,21,129,8,158,76,20,96,254
06/18/2005,SBY,MD,AEA,EN,Federal Contract Tower,0,14,14,0,28,0,0,121,0,121,0,14,135,0,149,102,0,102,251
06/19/2005,SBY,MD,AEA,EN,Federal Contract Tower,0,15,11,0,26,0,2,57,0,59,0,17,68,0,85,30,0,30,115
06/20/2005,SBY,MD,AEA,EN,Federal Contract Tower,0,18,11,0,29,0,3,69,4,76,0,21,80,4,105,64,8,72,177
06/21/2005,SBY,MD,AEA,EN,Federal Contract Tower,0,16,11,2,29,0,3,108,18,129,0,19,119,20,158,110,102,212,370
06/22/2005,SBY,MD,AEA,EN,Federal Contract Tower,0,15,23,1,39,0,4,41,3,48,0,19,64,4,87,30,30,60,147
06/23/2005,SBY,MD,AEA,EN,Federal Contract Tower,0,25,23,0,48,0,2,94,4,100,0,27,117,4,148,72,8,80,228
06/24/2005,SBY,MD,AEA,EN,Federal Contract Tower,0,21,12,0,33,0,0,80,8,88,0,21,92,8,121,24,10,34,155
06/25/2005,SBY,MD,AEA,EN,Federal Contract Tower,0,16,30,0,46,0,0,87,2,89,0,16,117,2,135,60,12,72,207
06/26/2005,SBY,MD,AEA,EN,Federal Contract Tower,0,16,17,0,33,0,0,36,0,36,0,16,53,0,69,8,0,8,77
06/27/2005,SBY,MD,AEA,EN,Federal Contract Tower,0,16,16,2,34,0,2,31,6,39,0,18,47,8,73,0,46,46,119
06/28/2005,SBY,MD,AEA,EN,Federal Contract Tower,0,28,13,3,44,0,1,40,12,53,0,29,53,15,97,26,12,38,135
06/29/2005,SBY,MD,AEA,EN,Federal Contract Tower,0,15,19,1,35,0,1,7,4,12,0,16,26,5,47,16,6,22,69
06/30/2005,SBY,MD,AEA,EN,Federal Contract Tower,0,20,36,1,57,0,0,51,17,68,0,20,87,18,125,52,70,122,247
07/01/2005,SBY,MD,AEA,EN,Federal Contract Tower,0,21,19,0,40,0,0,40,0,40,0,21,59,0,80,60,0,60,140
07/02/2005,SBY,MD,AEA,EN,Federal Contract Tower,2,12,21,1,36,0,1,36,3,40,2,13,57,4,76,8,0,8,84
07/03/2005,SBY,MD,AEA,EN,Federal Contract Tower,0,13,6,0,19,0,4,147,2,153,0,17,153,2,172,44,0,44,216
07/04/2005,SBY,MD,AEA,EN,Federal Contract Tower,0,12,6,0,18,0,4,53,0,57,0,16,59,0,75,28,0,28,103
07/05/2005,SBY,MD,AEA,EN,Federal Contract Tower,0,14,16,0,30,0,2,40,4,46,0,16,56,4,76,32,38,70,146
07/06/2005,SBY,MD,AEA,EN,Federal Contract Tower,0,18,15,0,33,0,0,43,2,45,0,18,58,2,78,28,2,30,108
07/07/2005,SBY,MD,AEA,EN,Federal Contract Tower,0,19,30,21,70,0,0,2,0,2,0,19,32,21,72,0,0,0,72
07/08/2005,SBY,MD,AEA,EN,Federal Contract Tower,0,20,7,0,27,0,1,27,0,28,0,21,34,0,55,20,0,20,75
07/09/2005,SBY,MD,AEA,EN,Federal Contract Tower,0,14,11,0,25,0,0,148,0,148,0,14,159,0,173,66,2,68,241
07/10/2005,SBY,MD,AEA,EN,Federal Contract Tower,0,15,4,0,19,0,7,134,0,141,0,22,138,0,160,72,0,72,232
07/11/2005,SBY,MD,AEA,EN,Federal Contract Tower,0,17,9,0,26,0,1,69,2,72,0,18,78,2,98,58,0,58,156
07/12/2005,SBY,MD,AEA,EN,Federal Contract Tower,0,18,6,0,24,0,0,49,4,53,0,18,55,4,77,14,50,64,141
07/13/2005,SBY,MD,AEA,EN,Federal Contract Tower,0,20,8,0,28,0,2,32,6,40,0,22,40,6,68,48,10,58,126
07/14/2005,SBY,MD,AEA,EN,Federal Contract Tower,0,18,17,0,35,0,2,15,2,19,0,20,32,2,54,0,20,20,74
07/15/2005,SBY,MD,AEA,EN,Federal Contract Tower,0,18,14,2,34,0,3,27,0,30,0,21,41,2,64,28,4,32,96
07/16/2005,SBY,MD,AEA,EN,Federal Contract Tower,0,13,8,0,21,0,0,34,0,34,0,13,42,0,55,4,0,4,59
07/17/2005,SBY,MD,AEA,EN,Federal Contract Tower,0,20,20,0,40,0,1,29,0,30,0,21,49,0,70,30,0,30,100
07/18/2005,SBY,MD,AEA,EN,Federal Contract Tower,0,15,11,0,26,0,2,31,16,49,0,17,42,16,75,52,0,52,127
07/19/2005,SBY,MD,AEA,EN,Federal Contract Tower,0,17,12,0,29,0,1,42,5,48,0,18,54,5,77,42,42,84,161
07/20/2005,SBY,MD,AEA,EN,Federal Contract Tower,0,22,21,0,43,0,1,69,10,80,0,23,90,10,123,94,40,134,257
07/21/2005,SBY,MD,AEA,EN,Federal Contract Tower,0,19,16,1,36,0,2,51,5,58,0,21,67,6,94,48,24,72,166
07/22/2005,SBY,MD,AEA,EN,Federal Contract Tower,1,19,22,0,42,0,2,30,0,32,1,21,52,0,74,70,0,70,144
07/23/2005,SBY,MD,AEA,EN,Federal Contract Tower,0,13,17,0,30,0,2,92,2,96,0,15,109,2,126,102,0,102,228
07/24/2005,SBY,MD,AEA,EN,Federal Contract Tower,0,15,13,0,28,0,0,90,0,90,0,15,103,0,118,12,0,12,130
07/25/2005,SBY,MD,AEA,EN,Federal Contract Tower,0,15,18,0,33,0,0,28,6,34,0,15,46,6,67,8,34,42,109
07/26/2005,SBY,MD,AEA,EN,Federal Contract Tower,0,21,12,6,39,0,0,40,8,48,0,21,52,14,87,30,44,74,161
07/27/2005,SBY,MD,AEA,EN,Federal Contract Tower,0,18,17,6,41,0,0,34,3,37,0,18,51,9,78,30,0,30,108
07/28/2005,SBY,MD,AEA,EN,Federal Contract Tower,0,23,27,0,50,0,2,58,23,83,0,25,85,23,133,30,0,30,163
07/29/2005,SBY,MD,AEA,EN,Federal Contract Tower,0,22,19,0,41,0,0,16,0,16,0,22,35,0,57,4,0,4,61
07/30/2005,SBY,MD,AEA,EN,Federal Contract Tower,0,21,12,0,33,0,2,9,0,11,0,23,21,0,44,0,0,0,44
07/31/2005,SBY,MD,AEA,EN,Federal Contract Tower,0,16,17,0,33,0,0,30,0,30,0,16,47,0,63,24,0,24,87
08/01/2005,SBY,MD,AEA,EN,Federal Contract Tower,0,18,17,0,35,0,4,65,6,75,0,22,82,6,110,72,24,96,206
08/02/2005,SBY,MD,AEA,EN,Federal Contract Tower,0,17,19,0,36,0,1,69,6,76,0,18,88,6,112,62,30,92,204
08/03/2005,SBY,MD,AEA,EN,Federal Contract Tower,0,17,11,5,33,0,3,46,5,54,0,20,57,10,87,42,18,60,147
08/04/2005,SBY,MD,AEA,EN,Federal Contract Tower,0,19,11,5,35,0,0,71,5,76,0,19,82,10,111,32,46,78,189
08/05/2005,SBY,MD,AEA,EN,Federal Contract Tower,0,19,15,0,34,0,4,54,6,64,0,23,69,6,98,74,4,78,176
08/06/2005,SBY,MD,AEA,EN,Federal Contract Tower,0,14,8,2,24,0,0,71,2,73,0,14,79,4,97,68,0,68,165
08/07/2005,SBY,MD,AEA,EN,Federal Contract Tower,0,16,13,0,29,0,0,11,0,11,0,16,24,0,40,0,0,0,40
08/08/2005,SBY,MD,AEA,EN,Federal Contract Tower,0,13,20,0,33,0,0,55,10,65,0,13,75,10,98,32,0,32,130
08/09/2005,SBY,MD,AEA,EN,Federal Contract Tower,0,28,10,0,38,0,0,11,0,11,0,28,21,0,49,8,8,16,65
08/10/2005,SBY,MD,AEA,EN,Federal Contract Tower,0,23,19,0,42,0,1,61,22,84,0,24,80,22,126,42,6,48,174
08/11/2005,SBY,MD,AEA,EN,Federal Contract Tower,0,20,19,2,41,0,4,94,24,122,0,24,113,26,163,40,32,72,235
08/12/2005,SBY,MD,AEA,EN,Federal Contract Tower,0,23,25,1,49,0,6,69,27,102,0,29,94,28,151,24,4,28,179
08/13/2005,SBY,MD,AEA,EN,Federal Contract Tower,0,17,21,0,38,0,0,25,0,25,0,17,46,0,63,22,0,22,85
08/14/2005,SBY,MD,AEA,EN,Federal Contract Tower,0,15,15,0,30,0,8,37,0,45,0,23,52,0,75,12,0,12,87
08/15/2005,SBY,MD,AEA,EN,Federal Contract Tower,0,15,8,2,25,0,3,32,4,39,0,18,40,6,64,28,0,28,92
08/16/2005,SBY,MD,AEA,EN,Federal Contract Tower,0,14,11,0,25,0,0,17,0,17,0,14,28,0,42,0,0,0,42
08/17/2005,SBY,MD,AEA,EN,Federal Contract Tower,0,20,19,5,44,0,2,81,20,103,0,22,100,25,147,48,80,128,275
08/18/2005,SBY,MD,AEA,EN,Federal Contract Tower,0,22,13,4,39,0,1,74,6,81,0,23,87,10,120,54,38,92,212
08/19/2005,SBY,MD,AEA,EN,Federal Contract Tower,0,22,16,2,40,0,3,27,3,33,0,25,43,5,73,46,0,46,119
08/20/2005,SBY,MD,AEA,EN,Federal Contract Tower,0,15,10,0,25,0,5,106,0,111,0,20,116,0,136,38,0,38,174
08/21/2005,SBY,MD,AEA,EN,Federal Contract Tower,0,14,14,0,28,0,0,76,2,78,0,14,90,2,106,12,0,12,118
08/22/2005,SBY,MD,AEA,EN,Federal Contract Tower,0,18,11,4,33,0,0,56,11,67,0,18,67,15,100,70,32,102,202
08/23/2005,SBY,MD,AEA,EN,Federal Contract Tower,0,24,20,2,46,0,1,43,14,58,0,25,63,16,104,12,26,38,142
08/24/2005,SBY,MD,AEA,EN,Federal Contract Tower,0,20,15,1,36,0,5,49,3,57,0,25,64,4,93,34,18,52,145
08/25/2005,SBY,MD,AEA,EN,Federal Contract Tower,0,21,9,4,34,0,4,82,8,94,0,25,91,12,128,26,50,76,204
08/26/2005,SBY,MD,AEA,EN,Federal Contract Tower,0,22,17,0,39,0,6,97,20,123,0,28,114,20,162,64,48,112,274
08/27/2005,SBY,MD,AEA,EN,Federal Contract Tower,0,19,21,0,40,0,4,64,0,68,0,23,85,0,108,26,0,26,134
08/28/2005,SBY,MD,AEA,EN,Federal Contract Tower,0,16,12,0,28,0,0,77,0,77,0,16,89,0,105,26,0,26,131
08/29/2005,SBY,MD,AEA,EN,Federal Contract Tower,0,16,6,0,22,0,3,50,7,60,0,19,56,7,82,38,42,80,162
08/30/2005,SBY,MD,AEA,EN,Federal Contract Tower,0,25,19,0,44,0,0,20,6,26,0,25,39,6,70,20,0,20,90
08/31/2005,SBY,MD,AEA,EN,Federal Contract Tower,0,24,12,1,37,0,1,31,20,52,0,25,43,21,89,38,16,54,143
09/01/2005,SBY,MD,AEA,EN,Federal Contract Tower,0,18,13,1,32,0,3,60,5,68,0,21,73,6,100,10,2,12,112
09/02/2005,SBY,MD,AEA,EN,Federal Contract Tower,0,23,16,0,39,0,0,93,2,95,0,23,109,2,134,38,0,38,172
09/03/2005,SBY,MD,AEA,EN,Federal Contract Tower,0,19,9,0,28,0,0,121,0,121,0,19,130,0,149,36,0,36,185
09/04/2005,SBY,MD,AEA,EN,Federal Contract Tower,0,13,11,0,24,0,1,89,0,90,0,14,100,0,114,14,0,14,128
09/05/2005,SBY,MD,AEA,EN,Federal Contract Tower,0,14,14,0,28,0,0,79,0,79,0,14,93,0,107,16,0,16,123
09/06/2005,SBY,MD,AEA,EN,Federal Contract Tower,0,20,8,0,28,0,0,58,2,60,0,20,66,2,88,6,16,22,110
09/07/2005,SBY,MD,AEA,EN,Federal Contract Tower,0,21,12,0,33,0,4,52,4,60,0,25,64,4,93,26,0,26,119
09/08/2005,SBY,MD,AEA,EN,Federal Contract Tower,0,23,30,2,55,0,5,77,6,88,0,28,107,8,143,98,44,142,285
09/09/2005,SBY,MD,AEA,EN,Federal Contract Tower,0,24,15,2,41,0,7,67,12,86,0,31,82,14,127,52,56,108,235
09/10/2005,SBY,MD,AEA,EN,Federal Contract Tower,0,17,6,0,23,0,2,115,0,117,0,19,121,0,140,24,0,24,164
09/11/2005,SBY,MD,AEA,EN,Federal Contract Tower,0,16,9,0,25,0,0,86,0,86,0,16,95,0,111,72,0,72,183
09/12/2005,SBY,MD,AEA,EN,Federal Contract Tower,0,16,4,0,20,0,4,74,10,88,0,20,78,10,108,60,40,100,208
09/13/2005,SBY,MD,AEA,EN,Federal Contract Tower,0,19,13,3,35,0,0,72,9,81,0,19,85,12,116,68,58,126,242
09/14/2005,SBY,MD,AEA,EN,Federal Contract Tower,0,20,12,6,38,0,0,8,2,10,0,20,20,8,48,0,26,26,74
09/15/2005,SBY,MD,AEA,EN,Federal Contract Tower,0,21,12,0,33,0,5,50,7,62,0,26,62,7,95,24,46,70,165
09/16/2005,SBY,MD,AEA,EN,Federal Contract Tower,0,18,25,1,44,0,0,26,2,28,0,18,51,3,72,12,22,34,106
09/17/2005,SBY,MD,AEA,EN,Federal Contract Tower,0,17,12,0,29,0,0,47,0,47,0,17,59,0,76,0,0,0,76
09/18/2005,SBY,MD,AEA,EN,Federal Contract Tower,0,11,12,0,23,0,2,102,0,104,0,13,114,0,127,22,0,22,149
09/19/2005,SBY,MD,AEA,EN,Federal Contract Tower,0,16,7,7,30,0,4,52,5,61,0,20,59,12,91,24,66,90,181
09/20/2005,SBY,MD,AEA,EN,Federal Contract Tower,0,19,15,2,36,0,0,19,4,23,0,19,34,6,59,20,12,32,91
09/21/2005,SBY,MD,AEA,EN,Federal Contract Tower,0,18,18,0,36,0,1,69,6,76,0,19,87,6,112,44,20,64,176
09/22/2005,SBY,MD,AEA,EN,Federal Contract Tower,0,17,10,4,31,0,0,96,10,106,0,17,106,14,137,62,32,94,231
09/23/2005,SBY,MD,AEA,EN,Federal Contract Tower,0,19,22,0,41,0,3,55,10,68,0,22,77,10,109,24,26,50,159
09/24/2005,SBY,MD,AEA,EN,Federal Contract Tower,0,16,19,0,35,0,1,57,2,60,0,17,76,2,95,44,0,44,139
09/25/2005,SBY,MD,AEA,EN,Federal Contract Tower,0,11,16,0,27,0,4,82,0,86,0,15,98,0,113,50,0,50,163
09/26/2005,SBY,MD,AEA,EN,Federal Contract Tower,0,13,7,5,25,0,1,26,10,37,0,14,33,15,62,30,46,76,138
09/27/2005,SBY,MD,AEA,EN,Federal Contract Tower,0,16,19,0,35,0,4,63,10,77,0,20,82,10,112,58,18,76,188
09/28/2005,SBY,MD,AEA,EN,Federal Contract Tower,0,19,14,0,33,0,2,137,16,155,0,21,151,16,188,64,68,132,320
09/29/2005,SBY,MD,AEA,EN,Federal Contract Tower,0,21,9,1,31,0,0,57,5,62,0,21,66,6,93,30,60,90,183
09/30/2005,SBY,MD,AEA,EN,Federal Contract Tower,0,14,9,0,23,0,9,190,8,207,0,23,199,8,230,68,40,108,338
10/01/2005,SBY,MD,AEA,EN,Federal Contract Tower,0,17,9,0,26,0,0,109,2,111,0,17,118,2,137,58,0,58,195
10/02/2005,SBY,MD,AEA,EN,Federal Contract Tower,0,14,13,0,27,0,0,90,0,90,0,14,103,0,117,32,0,32,149
10/03/2005,SBY,MD,AEA,EN,Federal Contract Tower,0,18,14,0,32,0,1,30,9,40,0,19,44,9,72,56,48,104,176
10/04/2005,SBY,MD,AEA,EN,Federal Contract Tower,0,24,21,0,45,0,1,29,2,32,0,25,50,2,77,38,6,44,121
10/05/2005,SBY,MD,AEA,EN,Federal Contract Tower,0,19,12,0,31,0,0,37,5,42,0,19,49,5,73,56,22,78,151
10/06/2005,SBY,MD,AEA,EN,Federal Contract Tower,0,23,9,3,35,0,8,18,3,29,0,31,27,6,64,46,42,88,152
10/07/2005,SBY,MD,AEA,EN,Federal Contract Tower,0,18,13,4,35,0,0,11,4,15,0,18,24,8,50,0,2,2,52
10/08/2005,SBY,MD,AEA,EN,Federal Contract Tower,0,19,6,0,25,0,0,1,0,1,0,19,7,0,26,0,0,0,26
10/09/2005,SBY,MD,AEA,EN,Federal Contract Tower,0,15,33,0,48,0,5,12,0,17,0,20,45,0,65,0,0,0,65
10/10/2005,SBY,MD,AEA,EN,Federal Contract Tower,0,14,20,0,34,0,0,0,0,0,0,14,20,0,34,0,0,0,34
10/11/2005,SBY,MD,AEA,EN,Federal Contract Tower,0,22,24,0,46,0,0,2,0,2,0,22,26,0,48,0,0,0,48
10/12/2005,SBY,MD,AEA,EN,Federal Contract Tower,0,20,17,0,37,0,2,8,0,10,0,22,25,0,47,4,0,4,51
10/13/2005,SBY,MD,AEA,EN,Federal Contract Tower,0,20,20,0,40,0,0,0,0,0,0,20,20,0,40,0,0,0,40
10/14/2005,SBY,MD,AEA,EN,Federal Contract Tower,0,19,21,0,40,0,0,7,0,7,0,19,28,0,47,0,0,0,47
10/15/2005,SBY,MD,AEA,EN,Federal Contract Tower,0,23,7,0,30,0,0,49,0,49,0,23,56,0,79,28,0,28,107
10/16/2005,SBY,MD,AEA,EN,Federal Contract Tower,0,16,15,0,31,0,0,31,14,45,0,16,46,14,76,30,0,30,106
10/17/2005,SBY,MD,AEA,EN,Federal Contract Tower,0,17,6,1,24,0,2,49,8,59,0,19,55,9,83,98,26,124,207
10/18/2005,SBY,MD,AEA,EN,Federal Contract Tower,0,18,10,1,29,0,2,66,3,71,0,20,76,4,100,60,4,64,164
10/19/2005,SBY,MD,AEA,EN,Federal Contract Tower,0,19,17,1,37,0,1,67,3,71,0,20,84,4,108,92,20,112,220
10/20/2005,SBY,MD,AEA,EN,Federal Contract Tower,0,21,14,2,37,0,0,75,2,77,0,21,89,4,114,48,34,82,196
10/21/2005,SBY,MD,AEA,EN,Federal Contract Tower,0,16,11,0,27,0,0,7,0,7,0,16,18,0,34,0,0,0,34
10/22/2005,SBY,MD,AEA,EN,Federal Contract Tower,0,26,11,2,39,0,0,2,0,2,0,26,13,2,41,0,0,0,41
10/23/2005,SBY,MD,AEA,EN,Federal Contract Tower,0,13,6,0,19,0,2,73,0,75,0,15,79,0,94,22,0,22,116
10/24/2005,SBY,MD,AEA,EN,Federal Contract Tower,0,14,9,0,23,0,4,11,2,17,0,18,20,2,40,18,0,18,58
10/25/2005,SBY,MD,AEA,EN,Federal Contract Tower,0,18,10,4,32,0,0,1,0,1,0,18,11,4,33,0,0,0,33
10/26/2005,SBY,MD,AEA,EN,Federal Contract Tower,0,20,12,2,34,0,1,54,10,65,0,21,66,12,99,48,36,84,183
10/27/2005,SBY,MD,AEA,EN,Federal Contract Tower,0,22,20,0,42,0,0,129,4,133,0,22,149,4,175,172,8,180,355
10/28/2005,SBY,MD,AEA,EN,Federal Contract Tower,0,16,11,1,28,0,0,122,1,123,0,16,133,2,151,142,0,142,293
10/29/2005,SBY,MD,AEA,EN,Federal Contract Tower,0,20,10,0,30,0,4,72,0,76,0,24,82,0,106,26,0,26,132
10/30/2005,SBY,MD,AEA,EN,Federal Contract Tower,0,13,3,0,16,0,3,100,0,103,0,16,103,0,119,56,0,56,175
10/31/2005,SBY,MD,AEA,EN,Federal Contract Tower,0,15,7,0,22,0,3,65,6,74,0,18,72,6,96,60,22,82,178
11/01/2005,SBY,MD,AEA,EN,Federal Contract Tower,0,19,18,1,38,0,0,60,2,62,0,19,78,3,100,88,4,92,192
11/02/2005,SBY,MD,AEA,EN,Federal Contract Tower,0,16,16,3,35,0,2,76,9,87,0,18,92,12,122,56,56,112,234
11/03/2005,SBY,MD,AEA,EN,Federal Contract Tower,0,18,18,3,39,0,1,57,11,69,0,19,75,14,108,52,48,100,208
11/04/2005,SBY,MD,AEA,EN,Federal Contract Tower,0,17,7,1,25,0,4,125,1,130,0,21,132,2,155,84,16,100,255
11/05/2005,SBY,MD,AEA,EN,Federal Contract Tower,0,19,6,0,25,0,7,101,14,122,0,26,107,14,147,38,10,48,195
11/06/2005,SBY,MD,AEA,EN,Federal Contract Tower,0,13,2,3,18,0,3,75,4,82,0,16,77,7,100,70,2,72,172
11/07/2005,SBY,MD,AEA,EN,Federal Contract Tower,0,15,12,0,27,0,4,52,2,58,0,19,64,2,85,40,14,54,139
11/08/2005,SBY,MD,AEA,EN,Federal Contract Tower,0,18,14,0,32,0,0,63,4,67,0,18,77,4,99,68,26,94,193
11/09/2005,SBY,MD,AEA,EN,Federal Contract Tower,0,18,6,6,30,0,1,30,3,34,0,19,36,9,64,60,4,64,128
11/10/2005,SBY,MD,AEA,EN,Federal Contract Tower,0,18,3,0,21,0,6,18,2,26,0,24,21,2,47,12,18,30,77
11/11/2005,SBY,MD,AEA,EN,Federal Contract Tower,0,16,9,0,25,0,5,86,2,93,0,21,95,2,118,74,2,76,194
11/12/2005,SBY,MD,AEA,EN,Federal Contract Tower,0,21,10,0,31,0,3,135,2,140,0,24,145,2,171,124,0,124,295
11/13/2005,SBY,MD,AEA,EN,Federal Contract Tower,0,13,9,0,22,0,1,96,0,97,0,14,105,0,119,18,0,18,137
11/14/2005,SBY,MD,AEA,EN,Federal Contract Tower,0,15,6,0,21,0,0,41,25,66,0,15,47,25,87,106,78,184,271
11/15/2005,SBY,MD,AEA,EN,Federal Contract Tower,0,19,26,3,48,0,4,48,20,72,0,23,74,23,120,36,10,46,166
11/16/2005,SBY,MD,AEA,EN,Federal Contract Tower,0,20,3,1,24,0,0,14,8,22,0,20,17,9,46,10,20,30,76
11/17/2005,SBY,MD,AEA,EN,Federal Contract Tower,0,20,15,2,37,0,0,67,14,81,0,20,82,16,118,62,68,130,248
11/18/2005,SBY,MD,AEA,EN,Federal Contract Tower,0,20,10,0,30,0,0,98,2,100,0,20,108,2,130,88,4,92,222
11/19/2005,SBY,MD,AEA,EN,Federal Contract Tower,0,16,3,0,19,0,0,105,0,105,0,16,108,0,124,66,0,66,190
11/20/2005,SBY,MD,AEA,EN,Federal Contract Tower,0,14,12,0,26,0,0,104,0,104,0,14,116,0,130,62,0,62,192
11/21/2005,SBY,MD,AEA,EN,Federal Contract Tower,0,15,10,0,25,0,0,13,0,13,0,15,23,0,38,36,0,36,74
11/22/2005,SBY,MD,AEA,EN,Federal Contract Tower,0,20,8,0,28,0,2,8,0,10,0,22,16,0,38,0,0,0,38
11/23/2005,SBY,MD,AEA,EN,Federal Contract Tower,0,26,11,0,37,0,0,37,0,37,0,26,48,0,74,10,0,10,84
11/24/2005,SBY,MD,AEA,EN,Federal Contract Tower,0,14,2,0,16,0,2,8,2,12,0,16,10,2,28,0,0,0,28
11/25/2005,SBY,MD,AEA,EN,Federal Contract Tower,0,19,5,0,24,0,0,76,0,76,0,19,81,0,100,18,0,18,118
11/26/2005,SBY,MD,AEA,EN,Federal Contract Tower,0,17,8,0,25,0,0,78,0,78,0,17,86,0,103,16,0,16,119
11/27/2005,SBY,MD,AEA,EN,Federal Contract Tower,0,13,29,0,42,0,4,82,2,88,0,17,111,2,130,32,0,32,162
11/28/2005,SBY,MD,AEA,EN,Federal Contract Tower,0,16,12,3,31,0,0,36,4,40,0,16,48,7,71,2,10,12,83
11/29/2005,SBY,MD,AEA,EN,Federal Contract Tower,0,22,6,0,28,0,0,15,0,15,0,22,21,0,43,0,0,0,43
11/30/2005,SBY,MD,AEA,EN,Federal Contract Tower,0,17,15,2,34,0,5,32,26,63,0,22,47,28,97,72,22,94,191
12/01/2005,SBY,MD,AEA,EN,Federal Contract Tower,0,22,18,0,40,0,0,68,22,90,0,22,86,22,130,86,60,146,276
12/02/2005,SBY,MD,AEA,EN,Federal Contract Tower,0,18,18,0,36,0,5,51,3,59,0,23,69,3,95,18,2,20,115
12/03/2005,SBY,MD,AEA,EN,Federal Contract Tower,0,18,5,3,26,0,0,88,4,92,0,18,93,7,118,66,8,74,192
12/04/2005,SBY,MD,AEA,EN,Federal Contract Tower,0,14,5,0,19,0,2,24,0,26,0,16,29,0,45,34,0,34,79
12/05/2005,SBY,MD,AEA,EN,Federal Contract Tower,0,16,6,0,22,0,1,3,0,4,0,17,9,0,26,0,0,0,26
12/06/2005,SBY,MD,AEA,EN,Federal Contract Tower,0,19,17,0,36,0,0,51,0,51,0,19,68,0,87,36,0,36,123
12/07/2005,SBY,MD,AEA,EN,Federal Contract Tower,0,21,15,3,39,0,0,65,23,88,0,21,80,26,127,86,16,102,229
12/08/2005,SBY,MD,AEA,EN,Federal Contract Tower,0,21,3,1,25,0,6,104,11,121,0,27,107,12,146,80,38,118,264
12/09/2005,SBY,MD,AEA,EN,Federal Contract Tower,0,17,6,0,23,0,1,13,2,16,0,18,19,2,39,2,0,2,41
12/10/2005,SBY,MD,AEA,EN,Federal Contract Tower,0,19,5,0,24,0,0,87,0,87,0,19,92,0,111,52,0,52,163
12/11/2005,SBY,MD,AEA,EN,Federal Contract Tower,0,17,6,1,24,0,0,90,1,91,0,17,96,2,115,68,0,68,183
12/12/2005,SBY,MD,AEA,EN,Federal Contract Tower,0,16,10,0,26,0,0,42,7,49,0,16,52,7,75,66,12,78,153
12/13/2005,SBY,MD,AEA,EN,Federal Contract Tower,0,21,7,0,28,0,0,46,16,62,0,21,53,16,90,30,2,32,122
12/14/2005,SBY,MD,AEA,EN,Federal Contract Tower,0,17,18,4,39,0,3,66,12,81,0,20,84,16,120,34,68,102,222
12/15/2005,SBY,MD,AEA,EN,Federal Contract Tower,0,22,1,0,23,0,0,8,0,8,0,22,9,0,31,8,0,8,39
12/16/2005,SBY,MD,AEA,EN,Federal Contract Tower,0,21,5,0,26,0,4,49,18,71,0,25,54,18,97,88,10,98,195
12/17/2005,SBY,MD,AEA,EN,Federal Contract Tower,0,18,10,2,30,0,3,93,4,100,0,21,103,6,130,48,6,54,184
12/18/2005,SBY,MD,AEA,EN,Federal Contract Tower,0,15,5,2,22,0,7,29,0,36,0,22,34,2,58,20,4,24,82
12/19/2005,SBY,MD,AEA,EN,Federal Contract Tower,0,15,10,0,25,0,0,25,10,35,0,15,35,10,60,48,76,124,184
12/20/2005,SBY,MD,AEA,EN,Federal Contract Tower,0,19,11,1,31,0,0,24,4,28,0,19,35,5,59,14,38,52,111
12/21/2005,SBY,MD,AEA,EN,Federal Contract Tower,0,19,6,4,29,0,4,57,0,61,0,23,63,4,90,28,6,34,124
12/22/2005,SBY,MD,AEA,EN,Federal Contract Tower,0,21,9,2,32,0,6,35,0,41,0,27,44,2,73,60,10,70,143
12/23/2005,SBY,MD,AEA,EN,Federal Contract Tower,0,20,11,0,31,0,1,55,0,56,0,21,66,0,87,26,0,26,113
12/24/2005,SBY,MD,AEA,EN,Federal Contract Tower,0,17,2,0,19,0,0,46,0,46,0,17,48,0,65,28,0,28,93
12/25/2005,SBY,MD,AEA,EN,Federal Contract Tower,0,14,3,0,17,0,0,0,0,0,0,14,3,0,17,0,0,0,17
12/26/2005,SBY,MD,AEA,EN,Federal Contract Tower,0,17,4,0,21,0,6,19,0,25,0,23,23,0,46,0,0,0,46
12/27/2005,SBY,MD,AEA,EN,Federal Contract Tower,0,17,7,0,24,0,0,49,2,51,0,17,56,2,75,38,0,38,113
12/28/2005,SBY,MD,AEA,EN,Federal Contract Tower,0,18,3,1,22,0,0,51,5,56,0,18,54,6,78,38,36,74,152
12/29/2005,SBY,MD,AEA,EN,Federal Contract Tower,0,17,7,5,29,0,16,8,0,24,0,33,15,5,53,0,0,0,53
12/30/2005,SBY,MD,AEA,EN,Federal Contract Tower,0,15,3,1,19,0,1,37,5,43,0,16,40,6,62,38,18,56,118
12/31/2005,SBY,MD,AEA,EN,Federal Contract Tower,0,18,7,0,25,0,4,26,0,30,0,22,33,0,55,20,0,20,75
01/01/2006,SBY,MD,AEA,EN,Federal Contract Tower,0,13,6,0,19,0,0,58,0,58,0,13,64,0,77,22,0,22,99
01/02/2006,SBY,MD,AEA,EN,Federal Contract Tower,0,17,6,0,23,0,0,16,0,16,0,17,22,0,39,36,0,36,75
01/03/2006,SBY,MD,AEA,EN,Federal Contract Tower,0,16,3,0,19,0,0,0,0,0,0,16,3,0,19,0,0,0,19
01/04/2006,SBY,MD,AEA,EN,Federal Contract Tower,0,19,23,0,42,0,0,0,0,0,0,19,23,0,42,0,0,0,42
01/05/2006,SBY,MD,AEA,EN,Federal Contract Tower,0,19,3,0,22,0,20,49,0,69,0,39,52,0,91,64,2,66,157
01/06/2006,SBY,MD,AEA,EN,Federal Contract Tower,0,16,3,1,20,0,0,36,13,49,0,16,39,14,69,54,36,90,159
01/07/2006,SBY,MD,AEA,EN,Federal Contract Tower,0,16,11,0,27,0,0,99,0,99,0,16,110,0,126,34,0,34,160
01/08/2006,SBY,MD,AEA,EN,Federal Contract Tower,0,13,3,0,16,0,0,95,0,95,0,13,98,0,111,64,0,64,175
01/09/2006,SBY,MD,AEA,EN,Federal Contract Tower,0,17,6,9,32,0,0,37,19,56,0,17,43,28,88,40,30,70,158
01/10/2006,SBY,MD,AEA,EN,Federal Contract Tower,0,21,6,2,29,0,1,49,5,55,0,22,55,7,84,70,84,154,238
01/11/2006,SBY,MD,AEA,EN,Federal Contract Tower,0,18,8,0,26,0,1,7,0,8,0,19,15,0,34,6,0,6,40
01/12/2006,SBY,MD,AEA,EN,Federal Contract Tower,0,21,16,0,37,0,3,43,6,52,0,24,59,6,89,40,24,64,153
01/13/2006,SBY,MD,AEA,EN,Federal Contract Tower,0,19,18,1,38,0,1,29,1,31,0,20,47,2,69,12,10,22,91
01/14/2006,SBY,MD,AEA,EN,Federal Contract Tower,0,20,7,0,27,0,0,4,0,4,0,20,11,0,31,0,0,0,31
01/15/2006,SBY,MD,AEA,EN,Federal Contract Tower,0,13,3,0,16,0,0,9,0,9,0,13,12,0,25,10,0,10,35
01/16/2006,SBY,MD,AEA,EN,Federal Contract Tower,0,16,6,0,22,0,3,71,0,74,0,19,77,0,96,66,0,66,162
01/17/2006,SBY,MD,AEA,EN,Federal Contract Tower,0,18,18,1,37,0,9,17,7,33,0,27,35,8,70,26,4,30,100
01/18/2006,SBY,MD,AEA,EN,Federal Contract Tower,0,24,5,0,29,0,2,14,17,33,0,26,19,17,62,8,32,40,102
01/19/2006,SBY,MD,AEA,EN,Federal Contract Tower,0,18,18,2,38,0,13,71,10,94,0,31,89,12,132,42,36,78,210
01/20/2006,SBY,MD,AEA,EN,Federal Contract Tower,0,19,12,0,31,0,12,79,14,105,0,31,91,14,136,32,50,82,218
01/21/2006,SBY,MD,AEA,EN,Federal Contract Tower,0,13,5,0,18,0,0,33,0,33,0,13,38,0,51,6,0,6,57
01/22/2006,SBY,MD,AEA,EN,Federal Contract Tower,0,14,5,0,19,0,2,118,0,120,0,16,123,0,139,68,0,68,207
01/23/2006,SBY,MD,AEA,EN,Federal Contract Tower,0,14,7,6,27,0,0,1,0,1,0,14,8,6,28,0,0,0,28
01/24/2006,SBY,MD,AEA,EN,Federal Contract Tower,0,19,12,0,31,0,0,68,2,70,0,19,80,2,101,38,4,42,143
01/25/2006,SBY,MD,AEA,EN,Federal Contract Tower,0,21,11,0,32,0,2,10,6,18,0,23,21,6,50,18,12,30,80
01/26/2006,SBY,MD,AEA,EN,Federal Contract Tower,0,19,11,0,30,0,2,30,9,41,0,21,41,9,71,8,28,36,107
01/27/2006,SBY,MD,AEA,EN,Federal Contract Tower,0,18,13,0,31,0,6,80,0,86,0,24,93,0,117,62,0,62,179
01/28/2006,SBY,MD,AEA,EN,Federal Contract Tower,0,12,6,0,18,0,4,97,0,101,0,16,103,0,119,22,0,22,141
01/29/2006,SBY,MD,AEA,EN,Federal Contract Tower,0,11,5,0,16,0,3,24,0,27,0,14,29,0,43,0,0,0,43
01/30/2006,SBY,MD,AEA,EN,Federal Contract Tower,0,14,11,1,26,0,3,21,9,33,0,17,32,10,59,68,26,94,153
01/31/2006,SBY,MD,AEA,EN,Federal Contract Tower,0,23,13,0,36,0,2,24,0,26,0,25,37,0,62,14,0,14,76
02/01/2006,SBY,MD,AEA,EN,Federal Contract Tower,0,24,14,0,38,0,5,80,18,103,0,29,94,18,141,84,6,90,231
02/02/2006,SBY,MD,AEA,EN,Federal Contract Tower,0,21,13,0,34,0,2,101,8,111,0,23,114,8,145,72,22,94,239
02/03/2006,SBY,MD,AEA,EN,Federal Contract Tower,0,18,15,2,35,0,6,38,6,50,0,24,53,8,85,22,4,26,111
02/04/2006,SBY,MD,AEA,EN,Federal Contract Tower,0,12,8,0,20,0,0,0,0,0,0,12,8,0,20,0,0,0,20
02/05/2006,SBY,MD,AEA,EN,Federal Contract Tower,0,17,12,0,29,0,0,53,0,53,0,17,65,0,82,30,0,30,112
02/06/2006,SBY,MD,AEA,EN,Federal Contract Tower,0,19,6,3,28,0,2,25,5,32,0,21,31,8,60,10,8,18,78
02/07/2006,SBY,MD,AEA,EN,Federal Contract Tower,0,20,16,0,36,0,3,49,15,67,0,23,65,15,103,42,18,60,163
02/08/2006,SBY,MD,AEA,EN,Federal Contract Tower,0,16,8,5,29,0,0,40,10,50,0,16,48,15,79,76,50,126,205
02/09/2006,SBY,MD,AEA,EN,Federal Contract Tower,0,24,7,3,34,0,2,60,9,71,0,26,67,12,105,76,40,116,221
02/10/2006,SBY,MD,AEA,EN,Federal Contract Tower,0,20,7,3,30,0,4,32,5,41,0,24,39,8,71,52,22,74,145
02/11/2006,SBY,MD,AEA,EN,Federal Contract Tower,0,13,2,0,15,0,0,7,2,9,0,13,9,2,24,22,0,22,46
02/12/2006,SBY,MD,AEA,EN,Federal Contract Tower,0,15,0,0,15,0,0,4,0,4,0,15,4,0,19,0,0,0,19
02/13/2006,SBY,MD,AEA,EN,Federal Contract Tower,0,20,1,0,21,0,4,37,8,49,0,24,38,8,70,80,34,114,184
02/14/2006,SBY,MD,AEA,EN,Federal Contract Tower,0,20,11,2,33,0,2,52,10,64,0,22,63,12,97,94,32,126,223
02/15/2006,SBY,MD,AEA,EN,Federal Contract Tower,0,19,9,0,28,0,0,54,6,60,0,19,63,6,88,66,44,110,198
02/16/2006,SBY,MD,AEA,EN,Federal Contract Tower,0,20,13,0,33,0,3,56,6,65,0,23,69,6,98,40,12,52,150
02/17/2006,SBY,MD,AEA,EN,Federal Contract Tower,0,18,4,0,22,0,1,12,4,17,0,19,16,4,39,0,16,16,55
02/18/2006,SBY,MD,AEA,EN,Federal Contract Tower,0,13,13,0,26,0,0,8,1,9,0,13,21,1,35,12,0,12,47
02/19/2006,SBY,MD,AEA,EN,Federal Contract Tower,0,12,5,0,17,0,2,85,1,88,0,14,90,1,105,90,0,90,195
02/20/2006,SBY,MD,AEA,EN,Federal Contract Tower,0,16,8,0,24,0,1,39,0,40,0,17,47,0,64,34,0,34,98
02/21/2006,SBY,MD,AEA,EN,Federal Contract Tower,0,20,10,0,30,0,0,70,18,88,0,20,80,18,118,128,0,128,246
02/22/2006,SBY,MD,AEA,EN,Federal Contract Tower,0,22,7,0,29,0,0,14,0,14,0,22,21,0,43,52,0,52,95
02/23/2006,SBY,MD,AEA,EN,Federal Contract Tower,0,19,19,3,41,0,0,14,5,19,0,19,33,8,60,12,12,24,84
02/24/2006,SBY,MD,AEA,EN,Federal Contract Tower,0,25,12,0,37,0,2,14,6,22,0,27,26,6,59,6,12,18,77
02/25/2006,SBY,MD,AEA,EN,Federal Contract Tower,0,18,5,0,23,0,2,35,0,37,0,20,40,0,60,22,0,22,82
02/26/2006,SBY,MD,AEA,EN,Federal Contract Tower,0,14,12,0,26,0,0,14,0,14,0,14,26,0,40,10,0,10,50
02/27/2006,SBY,MD,AEA,EN,Federal Contract Tower,0,17,3,1,21,0,3,48,7,58,0,20,51,8,79,52,42,94,173
02/28/2006,SBY,MD,AEA,EN,Federal Contract Tower,0,20,13,0,33,0,0,46,4,50,0,20,59,4,83,60,34,94,177
03/01/2006,SBY,MD,AEA,EN,Federal Contract Tower,0,22,6,2,30,0,0,57,13,70,0,22,63,15,100,58,86,144,244
03/02/2006,SBY,MD,AEA,EN,Federal Contract Tower,0,19,10,0,29,0,0,38,6,44,0,19,48,6,73,88,22,110,183
03/03/2006,SBY,MD,AEA,EN,Federal Contract Tower,0,17,12,1,30,0,8,49,7,64,0,25,61,8,94,80,26,106,200
03/04/2006,SBY,MD,AEA,EN,Federal Contract Tower,0,14,3,0,17,0,4,38,0,42,0,18,41,0,59,30,0,30,89
03/05/2006,SBY,MD,AEA,EN,Federal Contract Tower,0,16,11,0,27,0,2,68,0,70,0,18,79,0,97,62,0,62,159
03/06/2006,SBY,MD,AEA,EN,Federal Contract Tower,0,18,14,0,32,0,0,66,0,66,0,18,80,0,98,76,0,76,174
03/07/2006,SBY,MD,AEA,EN,Federal Contract Tower,0,22,16,4,42,0,0,62,12,74,0,22,78,16,116,118,52,170,286
03/08/2006,SBY,MD,AEA,EN,Federal Contract Tower,0,21,10,0,31,0,2,77,6,85,0,23,87,6,116,98,20,118,234
03/09/2006,SBY,MD,AEA,EN,Federal Contract Tower,0,22,5,3,30,0,2,57,25,84,0,24,62,28,114,70,34,104,218
03/10/2006,SBY,MD,AEA,EN,Federal Contract Tower,0,19,10,0,29,0,1,40,4,45,0,20,50,4,74,32,8,40,114
03/11/2006,SBY,MD,AEA,EN,Federal Contract Tower,0,20,12,0,32,0,0,109,0,109,0,20,121,0,141,62,0,62,203
03/12/2006,SBY,MD,AEA,EN,Federal Contract Tower,0,15,6,0,21,0,3,58,0,61,0,18,64,0,82,50,0,50,132
03/13/2006,SBY,MD,AEA,EN,Federal Contract Tower,0,19,8,2,29,0,4,52,2,58,0,23,60,4,87,78,6,84,171
03/14/2006,SBY,MD,AEA,EN,Federal Contract Tower,0,21,7,3,31,0,3,37,13,53,0,24,44,16,84,46,64,110,194
03/15/2006,SBY,MD,AEA,EN,Federal Contract Tower,0,20,6,0,26,0,4,27,12,43,0,24,33,12,69,2,36,38,107
03/16/2006,SBY,MD,AEA,EN,Federal Contract Tower,0,21,17,1,39,0,2,77,9,88,0,23,94,10,127,86,56,142,269
03/17/2006,SBY,MD,AEA,EN,Federal Contract Tower,0,18,13,0,31,0,6,79,0,85,0,24,92,0,116,116,0,116,232
03/18/2006,SBY,MD,AEA,EN,Federal Contract Tower,0,16,5,0,21,0,19,52,0,71,0,35,57,0,92,62,0,62,154
03/19/2006,SBY,MD,AEA,EN,Federal Contract Tower,0,18,4,0,22,0,0,61,2,63,0,18,65,2,85,32,0,32,117
03/20/2006,SBY,MD,AEA,EN,Federal Contract Tower,0,19,11,3,33,0,2,59,5,66,0,21,70,8,99,44,24,68,167
03/21/2006,SBY,MD,AEA,EN,Federal Contract Tower,0,20,6,4,30,0,2,13,20,35,0,22,19,24,65,18,22,40,105
03/22/2006,SBY,MD,AEA,EN,Federal Contract Tower,0,22,6,1,29,0,5,75,7,87,0,27,81,8,116,70,22,92,208
03/23/2006,SBY,MD,AEA,EN,Federal Contract Tower,0,21,10,5,36,0,2,66,3,71,0,23,76,8,107,52,18,70,177
03/24/2006,SBY,MD,AEA,EN,Federal Contract Tower,0,21,17,2,40,0,1,106,0,107,0,22,123,2,147,72,0,72,219
03/25/2006,SBY,MD,AEA,EN,Federal Contract Tower,0,15,7,0,22,0,5,20,0,25,0,20,27,0,47,64,0,64,111
03/26/2006,SBY,MD,AEA,EN,Federal Contract Tower,0,16,8,0,24,0,1,57,0,58,0,17,65,0,82,16,0,16,98
03/27/2006,SBY,MD,AEA,EN,Federal Contract Tower,0,17,8,2,27,0,2,60,4,66,0,19,68,6,93,40,32,72,165
03/28/2006,SBY,MD,AEA,EN,Federal Contract Tower,0,21,3,2,26,0,0,103,2,105,0,21,106,4,131,106,0,106,237
03/29/2006,SBY,MD,AEA,EN,Federal Contract Tower,0,22,12,0,34,0,1,59,20,80,0,23,71,20,114,78,34,112,226
03/30/2006,SBY,MD,AEA,EN,Federal Contract Tower,0,22,19,2,43,0,2,121,7,130,0,24,140,9,173,112,20,132,305
03/31/2006,SBY,MD,AEA,EN,Federal Contract Tower,0,19,4,0,23,0,0,56,4,60,0,19,60,4,83,32,2,34,117
04/01/2006,SBY,MD,AEA,EN,Federal Contract Tower,0,14,4,0,18,0,11,24,2,37,0,25,28,2,55,22,0,22,77
04/02/2006,SBY,MD,AEA,EN,Federal Contract Tower,0,17,13,0,30,0,4,94,0,98,0,21,107,0,128,46,0,46,174
04/03/2006,SBY,MD,AEA,EN,Federal Contract Tower,0,22,8,0,30,0,1,33,0,34,0,23,41,0,64,14,0,14,78
04/04/2006,SBY,MD,AEA,EN,Federal Contract Tower,0,22,3,0,25,0,2,18,2,22,0,24,21,2,47,22,0,22,69
04/05/2006,SBY,MD,AEA,EN,Federal Contract Tower,0,22,7,0,29,0,0,25,10,35,0,22,32,10,64,14,22,36,100
04/06/2006,SBY,MD,AEA,EN,Federal Contract Tower,0,22,13,2,37,0,3,90,26,119,0,25,103,28,156,78,30,108,264
04/07/2006,SBY,MD,AEA,EN,Federal Contract Tower,0,21,17,3,41,0,1,55,2,58,0,22,72,5,99,42,26,68,167
04/08/2006,SBY,MD,AEA,EN,Federal Contract Tower,0,18,9,0,27,0,0,5,0,5,0,18,14,0,32,0,0,0,32
04/09/2006,SBY,MD,AEA,EN,Federal Contract Tower,0,16,15,0,31,0,2,115,0,117,0,18,130,0,148,70,0,70,218
04/10/2006,SBY,MD,AEA,EN,Federal Contract Tower,0,18,3,1,22,0,3,120,14,137,0,21,123,15,159,126,2,128,287
04/11/2006,SBY,MD,AEA,EN,Federal Contract Tower,0,24,15,8,47,0,0,104,4,108,0,24,119,12,155,56,2,58,213
04/12/2006,SBY,MD,AEA,EN,Federal Contract Tower,0,19,16,0,35,0,7,65,6,78,0,26,81,6,113,56,36,92,205
04/13/2006,SBY,MD,AEA,EN,Federal Contract Tower,0,19,16,0,35,0,1,73,2,76,0,20,89,2,111,58,20,78,189
04/14/2006,SBY,MD,AEA,EN,Federal Contract Tower,0,23,18,0,41,0,3,53,4,60,0,26,71,4,101,66,20,86,187
04/15/2006,SBY,MD,AEA,EN,Federal Contract Tower,0,16,6,0,22,0,4,75,2,81,0,20,81,2,103,32,0,32,135
04/16/2006,SBY,MD,AEA,EN,Federal Contract Tower,0,15,13,0,28,0,2,44,0,46,0,17,57,0,74,4,0,4,78
04/17/2006,SBY,MD,AEA,EN,Federal Contract Tower,0,21,14,0,35,0,4,55,2,61,0,25,69,2,96,52,4,56,152
04/18/2006,SBY,MD,AEA,EN,Federal Contract Tower,0,22,19,1,42,0,6,70,11,87,0,28,89,12,129,64,24,88,217
04/19/2006,SBY,MD,AEA,EN,Federal Contract Tower,0,21,9,0,30,0,6,61,2,69,0,27,70,2,99,36,10,46,145
04/20/2006,SBY,MD,AEA,EN,Federal Contract Tower,0,21,18,0,39,0,8,75,4,87,0,29,93,4,126,58,8,66,192
04/21/2006,SBY,MD,AEA,EN,Federal Contract Tower,0,20,14,0,34,0,0,32,2,34,0,20,46,2,68,46,2,48,116
04/22/2006,SBY,MD,AEA,EN,Federal Contract Tower,0,15,15,0,30,0,0,0,0,0,0,15,15,0,30,0,0,0,30
04/23/2006,SBY,MD,AEA,EN,Federal Contract Tower,0,16,22,2,40,0,0,34,0,34,0,16,56,2,74,16,12,28,102
04/24/2006,SBY,MD,AEA,EN,Federal Contract Tower,0,19,8,4,31,0,1,28,6,35,0,20,36,10,66,54,18,72,138
04/25/2006,SBY,MD,AEA,EN,Federal Contract Tower,0,23,5,0,28,0,2,65,2,69,0,25,70,2,97,40,2,42,139
04/26/2006,SBY,MD,AEA,EN,Federal Contract Tower,0,23,6,0,29,0,0,51,6,57,0,23,57,6,86,122,14,136,222
04/27/2006,SBY,MD,AEA,EN,Federal Contract Tower,0,23,20,0,43,0,14,61,6,81,0,37,81,6,124,102,20,122,246
04/28/2006,SBY,MD,AEA,EN,Federal Contract Tower,0,28,17,0,45,0,2,69,0,71,0,30,86,0,116,42,0,42,158
04/29/2006,SBY,MD,AEA,EN,Federal Contract Tower,0,17,7,0,24,0,0,162,0,162,0,17,169,0,186,58,0,58,244
04/30/2006,SBY,MD,AEA,EN,Federal Contract Tower,0,19,8,0,27,0,0,56,0,56,0,19,64,0,83,30,0,30,113
05/01/2006,SBY,MD,AEA,EN,Federal Contract Tower,0,20,7,2,29,0,0,21,0,21,0,20,28,2,50,4,2,6,56
05/02/2006,SBY,MD,AEA,EN,Federal Contract Tower,0,22,16,0,38,0,2,71,14,87,0,24,87,14,125,104,12,116,241
05/03/2006,SBY,MD,AEA,EN,Federal Contract Tower,0,25,5,1,31,0,5,57,13,75,0,30,62,14,106,76,64,140,246
05/04/2006,SBY,MD,AEA,EN,Federal Contract Tower,0,23,10,0,33,0,5,106,6,117,0,28,116,6,150,62,10,72,222
05/05/2006,SBY,MD,AEA,EN,Federal Contract Tower,0,20,8,0,28,0,0,88,0,88,0,20,96,0,116,60,0,60,176
05/06/2006,SBY,MD,AEA,EN,Federal Contract Tower,0,17,12,0,29,0,0,95,0,95,0,17,107,0,124,34,0,34,158
05/07/2006,SBY,MD,AEA,EN,Federal Contract Tower,0,20,3,0,23,0,0,77,2,79,0,20,80,2,102,30,2,32,134
05/08/2006,SBY,MD,AEA,EN,Federal Contract Tower,0,18,10,0,28,0,2,18,0,20,0,20,28,0,48,16,0,16,64
05/09/2006,SBY,MD,AEA,EN,Federal Contract Tower,0,20,9,0,29,0,3,55,7,65,0,23,64,7,94,74,10,84,178
05/10/2006,SBY,MD,AEA,EN,Federal Contract Tower,0,20,14,0,34,0,4,71,9,84,0,24,85,9,118,98,62,160,278
05/11/2006,SBY,MD,AEA,EN,Federal Contract Tower,0,21,17,4,42,0,0,21,2,23,0,21,38,6,65,28,34,62,127
05/12/2006,SBY,MD,AEA,EN,Federal Contract Tower,0,19,8,2,29,0,1,58,8,67,0,20,66,10,96,66,6,72,168
05/13/2006,SBY,MD,AEA,EN,Federal Contract Tower,0,18,9,0,27,0,0,114,0,114,0,18,123,0,141,38,0,38,179
05/14/2006,SBY,MD,AEA,EN,Federal Contract Tower,0,15,17,0,32,0,1,18,0,19,0,16,35,0,51,6,0,6,57
05/15/2006,SBY,MD,AEA,EN,Federal Contract Tower,0,17,19,0,36,0,0,18,7,25,0,17,37,7,61,18,30,48,109
05/16/2006,SBY,MD,AEA,EN,Federal Contract Tower,0,24,13,0,37,0,0,51,22,73,0,24,64,22,110,52,64,116,226
05/17/2006,SBY,MD,AEA,EN,Federal Contract Tower,0,23,19,2,44,0,0,68,7,75,0,23,87,9,119,72,38,110,229
05/18/2006,SBY,MD,AEA,EN,Federal Contract Tower,0,25,10,1,36,0,4,91,14,109,0,29,101,15,145,46,34,80,225
05/19/2006,SBY,MD,AEA,EN,Federal Contract Tower,0,22,12,0,34,0,15,32,4,51,0,37,44,4,85,18,0,18,103
05/20/2006,SBY,MD,AEA,EN,Federal Contract Tower,0,15,14,0,29,0,8,98,0,106,0,23,112,0,135,28,0,28,163
05/21/2006,SBY,MD,AEA,EN,Federal Contract Tower,0,19,4,0,23,0,0,50,0,50,0,19,54,0,73,18,0,18,91
05/22/2006,SBY,MD,AEA,EN,Federal Contract Tower,0,20,19,3,42,0,4,43,7,54,0,24,62,10,96,30,60,90,186
05/23/2006,SBY,MD,AEA,EN,Federal Contract Tower,0,25,19,2,46,0,4,66,4,74,0,29,85,6,120,76,0,76,196
05/24/2006,SBY,MD,AEA,EN,Federal Contract Tower,0,24,9,4,37,0,5,65,11,81,0,29,74,15,118,44,54,98,216
05/25/2006,SBY,MD,AEA,EN,Federal Contract Tower,0,23,16,0,39,0,7,55,2,64,0,30,71,2,103,44,4,48,151
05/26/2006,SBY,MD,AEA,EN,Federal Contract Tower,0,25,26,1,52,0,3,39,4,46,0,28,65,5,98,60,20,80,178
05/27/2006,SBY,MD,AEA,EN,Federal Contract Tower,0,19,9,0,28,0,10,94,0,104,0,29,103,0,132,30,0,30,162
05/28/2006,SBY,MD,AEA,EN,Federal Contract Tower,0,18,18,0,36,0,3,133,0,136,0,21,151,0,172,68,0,68,240
05/29/2006,SBY,MD,AEA,EN,Federal Contract Tower,0,15,16,0,31,0,0,70,0,70,0,15,86,0,101,28,0,28,129
05/30/2006,SBY,MD,AEA,EN,Federal Contract Tower,0,19,16,0,35,0,3,53,18,74,0,22,69,18,109,52,48,100,209
05/31/2006,SBY,MD,AEA,EN,Federal Contract Tower,0,29,23,0,52,0,1,51,0,52,0,30,74,0,104,84,0,84,188
06/01/2006,SBY,MD,AEA,EN,Federal Contract Tower,0,24,14,2,40,0,5,50,6,61,0,29,64,8,101,54,14,68,169
06/02/2006,SBY,MD,AEA,EN,Federal Contract Tower,0,17,4,1,22,0,2,43,1,46,0,19,47,2,68,16,4,20,88
06/03/2006,SBY,MD,AEA,EN,Federal Contract Tower,0,15,14,0,29,0,2,23,0,25,0,17,37,0,54,6,0,6,60
06/04/2006,SBY,MD,AEA,EN,Federal Contract Tower,0,16,7,0,23,0,0,86,0,86,0,16,93,0,109,68,0,68,177
06/05/2006,SBY,MD,AEA,EN,Federal Contract Tower,0,17,27,0,44,0,2,26,0,28,0,19,53,0,72,16,0,16,88
06/06/2006,SBY,MD,AEA,EN,Federal Contract Tower,0,27,11,6,44,0,0,25,14,39,0,27,36,20,83,64,60,124,207
06/07/2006,SBY,MD,AEA,EN,Federal Contract Tower,0,18,8,3,29,0,2,38,15,55,0,20,46,18,84,74,56,130,214
06/08/2006,SBY,MD,AEA,EN,Federal Contract Tower,0,21,13,1,35,0,1,84,3,88,0,22,97,4,123,124,0,124,247
06/09/2006,SBY,MD,AEA,EN,Federal Contract Tower,0,25,11,1,37,0,1,62,7,70,0,26,73,8,107,26,14,40,147
06/10/2006,SBY,MD,AEA,EN,Federal Contract Tower,0,16,13,0,29,0,0,66,0,66,0,16,79,0,95,14,0,14,109
06/11/2006,SBY,MD,AEA,EN,Federal Contract Tower,0,15,11,0,26,0,1,84,0,85,0,16,95,0,111,66,0,66,177
06/12/2006,SBY,MD,AEA,EN,Federal Contract Tower,0,22,20,0,42,0,0,15,10,25,0,22,35,10,67,6,4,10,77
06/13/2006,SBY,MD,AEA,EN,Federal Contract Tower,0,22,8,2,32,0,4,107,19,130,0,26,115,21,162,102,12,114,276
06/14/2006,SBY,MD,AEA,EN,Federal Contract Tower,0,24,15,14,53,0,1,3,0,4,0,25,18,14,57,0,0,0,57
06/15/2006,SBY,MD,AEA,EN,Federal Contract Tower,0,25,18,0,43,0,0,64,2,66,0,25,82,2,109,42,2,44,153
06/16/2006,SBY,MD,AEA,EN,Federal Contract Tower,0,23,7,2,32,0,5,138,2,145,0,28,145,4,177,42,0,42,219
06/17/2006,SBY,MD,AEA,EN,Federal Contract Tower,0,16,16,0,32,0,3,109,0,112,0,19,125,0,144,64,0,64,208
06/18/2006,SBY,MD,AEA,EN,Federal Contract Tower,0,18,8,0,26,0,0,69,0,69,0,18,77,0,95,34,0,34,129
06/19/2006,SBY,MD,AEA,EN,Federal Contract Tower,0,15,8,2,25,0,1,46,4,51,0,16,54,6,76,38,46,84,160
06/20/2006,SBY,MD,AEA,EN,Federal Contract Tower,0,22,13,1,36,0,1,42,4,47,0,23,55,5,83,58,16,74,157
06/21/2006,SBY,MD,AEA,EN,Federal Contract Tower,0,21,14,5,40,0,0,68,3,71,0,21,82,8,111,50,48,98,209
06/22/2006,SBY,MD,AEA,EN,Federal Contract Tower,0,23,17,0,40,0,0,50,6,56,0,23,67,6,96,28,18,46,142
06/23/2006,SBY,MD,AEA,EN,Federal Contract Tower,0,22,14,0,36,0,3,7,0,10,0,25,21,0,46,0,0,0,46
06/24/2006,SBY,MD,AEA,EN,Federal Contract Tower,0,15,8,0,23,0,0,6,0,6,0,15,14,0,29,0,0,0,29
06/25/2006,SBY,MD,AEA,EN,Federal Contract Tower,0,15,13,1,29,0,3,22,1,26,0,18,35,2,55,0,0,0,55
06/26/2006,SBY,MD,AEA,EN,Federal Contract Tower,0,20,7,0,27,0,4,14,4,22,0,24,21,4,49,0,0,0,49
06/27/2006,SBY,MD,AEA,EN,Federal Contract Tower,0,13,13,0,26,0,0,11,0,11,0,13,24,0,37,0,0,0,37
06/28/2006,SBY,MD,AEA,EN,Federal Contract Tower,0,23,13,2,38,0,3,36,0,39,0,26,49,2,77,26,2,28,105
06/29/2006,SBY,MD,AEA,EN,Federal Contract Tower,0,27,15,0,42,0,7,55,0,62,0,34,70,0,104,28,0,28,132
06/30/2006,SBY,MD,AEA,EN,Federal Contract Tower,0,27,16,0,43,0,1,81,0,82,0,28,97,0,125,76,0,76,201
07/01/2006,SBY,MD,AEA,EN,Federal Contract Tower,0,18,14,0,32,0,3,123,2,128,0,21,137,2,160,56,0,56,216
07/02/2006,SBY,MD,AEA,EN,Federal Contract Tower,0,15,7,0,22,0,9,51,0,60,0,24,58,0,82,10,0,10,92
07/03/2006,SBY,MD,AEA,EN,Federal Contract Tower,0,21,15,0,36,0,0,42,0,42,0,21,57,0,78,40,0,40,118
07/04/2006,SBY,MD,AEA,EN,Federal Contract Tower,0,16,8,0,24,0,0,35,0,35,0,16,43,0,59,2,0,2,61
07/05/2006,SBY,MD,AEA,EN,Federal Contract Tower,0,25,17,0,42,0,0,20,2,22,0,25,37,2,64,2,24,26,90
07/06/2006,SBY,MD,AEA,EN,Federal Contract Tower,0,27,18,0,45,0,0,20,0,20,0,27,38,0,65,0,0,0,65
07/07/2006,SBY,MD,AEA,EN,Federal Contract Tower,0,22,13,0,35,0,6,81,0,87,0,28,94,0,122,48,0,48,170
07/08/2006,SBY,MD,AEA,EN,Federal Contract Tower,0,19,16,0,35,0,0,129,0,129,0,19,145,0,164,58,0,58,222
07/09/2006,SBY,MD,AEA,EN,Federal Contract Tower,0,20,15,0,35,0,2,91,0,93,0,22,106,0,128,44,0,44,172
07/10/2006,SBY,MD,AEA,EN,Federal Contract Tower,0,17,11,0,28,0,0,47,0,47,0,17,58,0,75,42,0,42,117
07/11/2006,SBY,MD,AEA,EN,Federal Contract Tower,0,22,14,2,38,0,0,52,2,54,0,22,66,4,92,26,18,44,136
07/12/2006,SBY,MD,AEA,EN,Federal Contract Tower,0,26,15,3,44,0,0,40,3,43,0,26,55,6,87,8,0,8,95
07/13/2006,SBY,MD,AEA,EN,Federal Contract Tower,0,23,13,2,38,0,2,20,10,32,0,25,33,12,70,22,2,24,94
07/14/2006,SBY,MD,AEA,EN,Federal Contract Tower,0,26,26,0,52,0,3,32,3,38,0,29,58,3,90,10,0,10,100
07/15/2006,SBY,MD,AEA,EN,Federal Contract Tower,0,20,5,0,25,0,0,46,0,46,0,20,51,0,71,0,0,0,71
07/16/2006,SBY,MD,AEA,EN,Federal Contract Tower,0,20,15,0,35,0,0,105,0,105,0,20,120,0,140,50,0,50,190
07/17/2006,SBY,MD,AEA,EN,Federal Contract Tower,0,21,8,0,29,0,0,74,2,76,0,21,82,2,105,64,14,78,183
07/18/2006,SBY,MD,AEA,EN,Federal Contract Tower,0,23,8,1,32,0,1,51,2,54,0,24,59,3,86,24,28,52,138
07/19/2006,SBY,MD,AEA,EN,Federal Contract Tower,0,23,11,2,36,0,7,57,5,69,0,30,68,7,105,60,10,70,175
07/20/2006,SBY,MD,AEA,EN,Federal Contract Tower,0,20,23,0,43,0,1,61,14,76,0,21,84,14,119,58,14,72,191
07/21/2006,SBY,MD,AEA,EN,Federal Contract Tower,0,20,10,3,33,0,0,39,3,42,0,20,49,6,75,54,42,96,171
07/22/2006,SBY,MD,AEA,EN,Federal Contract Tower,0,15,4,0,19,0,0,20,0,20,0,15,24,0,39,28,0,28,67
07/23/2006,SBY,MD,AEA,EN,Federal Contract Tower,0,22,26,1,49,0,2,37,4,43,0,24,63,5,92,36,28,64,156
07/24/2006,SBY,MD,AEA,EN,Federal Contract Tower,0,24,14,2,40,0,0,94,14,108,0,24,108,16,148,50,40,90,238
07/25/2006,SBY,MD,AEA,EN,Federal Contract Tower,0,23,14,2,39,0,3,77,18,98,0,26,91,20,137,60,4,64,201
07/26/2006,SBY,MD,AEA,EN,Federal Contract Tower,0,25,12,2,39,0,6,59,12,77,0,31,71,14,116,32,0,32,148
07/27/2006,SBY,MD,AEA,EN,Federal Contract Tower,0,20,18,0,38,0,2,47,21,70,0,22,65,21,108,32,34,66,174
07/28/2006,SBY,MD,AEA,EN,Federal Contract Tower,0,24,13,2,39,0,3,35,19,57,0,27,48,21,96,26,20,46,142
07/29/2006,SBY,MD,AEA,EN,Federal Contract Tower,0,18,8,0,26,0,5,104,0,109,0,23,112,0,135,28,0,28,163
07/30/2006,SBY,MD,AEA,EN,Federal Contract Tower,0,23,11,0,34,0,2,60,0,62,0,25,71,0,96,12,0,12,108
07/31/2006,SBY,MD,AEA,EN,Federal Contract Tower,0,21,7,0,28,0,0,55,2,57,0,21,62,2,85,24,4,28,113
08/01/2006,SBY,MD,AEA,EN,Federal Contract Tower,0,25,9,4,38,0,1,27,2,30,0,26,36,6,68,18,32,50,118
08/02/2006,SBY,MD,AEA,EN,Federal Contract Tower,0,22,16,0,38,0,0,23,2,25,0,22,39,2,63,4,0,4,67
08/03/2006,SBY,MD,AEA,EN,Federal Contract Tower,0,24,21,2,47,0,2,38,0,40,0,26,59,2,87,16,0,16,103
08/04/2006,SBY,MD,AEA,EN,Federal Contract Tower,0,24,5,0,29,0,4,54,8,66,0,28,59,8,95,26,0,26,121
08/05/2006,SBY,MD,AEA,EN,Federal Contract Tower,0,18,6,0,24,0,8,129,0,137,0,26,135,0,161,26,0,26,187
08/06/2006,SBY,MD,AEA,EN,Federal Contract Tower,0,15,8,0,23,0,2,104,2,108,0,17,112,2,131,38,0,38,169
08/07/2006,SBY,MD,AEA,EN,Federal Contract Tower,0,18,8,0,26,0,2,25,2,29,0,20,33,2,55,26,0,26,81
08/08/2006,SBY,MD,AEA,EN,Federal Contract Tower,0,26,9,3,38,0,1,64,9,74,0,27,73,12,112,34,40,74,186
08/09/2006,SBY,MD,AEA,EN,Federal Contract Tower,0,20,10,3,33,0,4,73,16,93,0,24,83,19,126,60,98,158,284
08/10/2006,SBY,MD,AEA,EN,Federal Contract Tower,0,19,13,0,32,0,0,19,4,23,0,19,32,4,55,10,8,18,73
08/11/2006,SBY,MD,AEA,EN,Federal Contract Tower,0,30,11,2,43,0,11,64,4,79,0,41,75,6,122,42,18,60,182
08/12/2006,SBY,MD,AEA,EN,Federal Contract Tower,0,26,8,0,34,0,0,159,0,159,0,26,167,0,193,56,0,56,249
08/13/2006,SBY,MD,AEA,EN,Federal Contract Tower,0,18,11,0,29,0,0,114,0,114,0,18,125,0,143,24,0,24,167
08/14/2006,SBY,MD,AEA,EN,Federal Contract Tower,0,22,14,0,36,0,0,63,6,69,0,22,77,6,105,86,18,104,209
08/15/2006,SBY,MD,AEA,EN,Federal Contract Tower,0,22,10,4,36,0,1,39,8,48,0,23,49,12,84,10,40,50,134
08/16/2006,SBY,MD,AEA,EN,Federal Contract Tower,0,22,14,0,36,0,0,69,15,84,0,22,83,15,120,110,22,132,252
08/17/2006,SBY,MD,AEA,EN,Federal Contract Tower,0,24,18,2,44,0,1,82,6,89,0,25,100,8,133,30,36,66,199
08/18/2006,SBY,MD,AEA,EN,Federal Contract Tower,0,19,24,7,50,0,2,50,9,61,0,21,74,16,111,18,34,52,163
08/19/2006,SBY,MD,AEA,EN,Federal Contract Tower,0,21,17,0,38,0,2,102,0,104,0,23,119,0,142,18,0,18,160
08/20/2006,SBY,MD,AEA,EN,Federal Contract Tower,0,22,4,0,26,0,0,58,0,58,0,22,62,0,84,8,0,8,92
08/21/2006,SBY,MD,AEA,EN,Federal Contract Tower,0,17,7,2,26,0,4,37,3,44,0,21,44,5,70,34,26,60,130
08/22/2006,SBY,MD,AEA,EN,Federal Contract Tower,0,23,11,2,36,0,1,64,20,85,0,24,75,22,121,38,10,48,169
08/23/2006,SBY,MD,AEA,EN,Federal Contract Tower,0,23,12,0,35,0,2,57,18,77,0,25,69,18,112,22,40,62,174
08/24/2006,SBY,MD,AEA,EN,Federal Contract Tower,0,28,7,2,37,0,11,30,8,49,0,39,37,10,86,4,2,6,92
08/25/2006,SBY,MD,AEA,EN,Federal Contract Tower,0,22,21,0,43,0,0,73,4,77,0,22,94,4,120,8,16,24,144
08/26/2006,SBY,MD,AEA,EN,Federal Contract Tower,0,21,8,0,29,0,10,91,0,101,0,31,99,0,130,30,0,30,160
08/27/2006,SBY,MD,AEA,EN,Federal Contract Tower,0,18,13,0,31,0,3,75,0,78,0,21,88,0,109,12,0,12,121
08/28/2006,SBY,MD,AEA,EN,Federal Contract Tower,0,16,23,4,43,0,4,40,8,52,0,20,63,12,95,44,34,78,173
08/29/2006,SBY,MD,AEA,EN,Federal Contract Tower,0,27,11,0,38,0,0,27,12,39,0,27,38,12,77,28,0,28,105
08/30/2006,SBY,MD,AEA,EN,Federal Contract Tower,0,22,24,12,58,0,0,0,0,0,0,22,24,12,58,0,0,0,58
08/31/2006,SBY,MD,AEA,EN,Federal Contract Tower,0,24,19,6,49,0,0,8,6,14,0,24,27,12,63,8,22,30,93
09/01/2006,SBY,MD,AEA,EN,Federal Contract Tower,0,17,3,0,20,0,2,0,0,2,0,19,3,0,22,0,0,0,22
09/02/2006,SBY,MD,AEA,EN,Federal Contract Tower,0,16,5,0,21,0,0,10,0,10,0,16,15,0,31,0,0,0,31
09/03/2006,SBY,MD,AEA,EN,Federal Contract Tower,0,14,6,0,20,0,1,36,4,41,0,15,42,4,61,34,0,34,95
09/04/2006,SBY,MD,AEA,EN,Federal Contract Tower,0,20,14,0,34,0,7,94,0,101,0,27,108,0,135,36,0,36,171
09/05/2006,SBY,MD,AEA,EN,Federal Contract Tower,0,26,20,0,46,0,0,2,0,2,0,26,22,0,48,0,0,0,48
09/06/2006,SBY,MD,AEA,EN,Federal Contract Tower,0,22,8,6,36,0,0,42,6,48,0,22,50,12,84,48,72,120,204
09/07/2006,SBY,MD,AEA,EN,Federal Contract Tower,0,24,21,4,49,0,4,63,10,77,0,28,84,14,126,24,8,32,158
09/08/2006,SBY,MD,AEA,EN,Federal Contract Tower,0,21,13,1,35,0,4,49,7,60,0,25,62,8,95,58,42,100,195
09/09/2006,SBY,MD,AEA,EN,Federal Contract Tower,0,17,16,0,33,0,6,124,0,130,0,23,140,0,163,50,0,50,213
09/10/2006,SBY,MD,AEA,EN,Federal Contract Tower,0,17,10,1,28,0,1,79,1,81,0,18,89,2,109,0,0,0,109
09/11/2006,SBY,MD,AEA,EN,Federal Contract Tower,0,18,5,0,23,0,5,56,4,65,0,23,61,4,88,16,8,24,112
09/12/2006,SBY,MD,AEA,EN,Federal Contract Tower,0,23,13,2,38,0,2,69,16,87,0,25,82,18,125,64,36,100,225
09/13/2006,SBY,MD,AEA,EN,Federal Contract Tower,0,18,10,2,30,0,2,52,17,71,0,20,62,19,101,32,16,48,149
09/14/2006,SBY,MD,AEA,EN,Federal Contract Tower,0,23,10,6,39,0,0,0,2,2,0,23,10,8,41,0,0,0,41
09/15/2006,SBY,MD,AEA,EN,Federal Contract Tower,0,20,18,2,40,0,3,23,4,30,0,23,41,6,70,24,0,24,94
09/16/2006,SBY,MD,AEA,EN,Federal Contract Tower,0,16,11,2,29,0,0,22,0,22,0,16,33,2,51,0,0,0,51
09/17/2006,SBY,MD,AEA,EN,Federal Contract Tower,0,16,12,0,28,0,0,100,0,100,0,16,112,0,128,66,0,66,194
09/18/2006,SBY,MD,AEA,EN,Federal Contract Tower,0,17,11,0,28,0,3,73,9,85,0,20,84,9,113,62,36,98,211
09/19/2006,SBY,MD,AEA,EN,Federal Contract Tower,0,19,11,8,38,0,0,31,9,40,0,19,42,17,78,18,34,52,130
09/20/2006,SBY,MD,AEA,EN,Federal Contract Tower,0,19,4,0,23,0,3,46,9,58,0,22,50,9,81,46,30,76,157
09/21/2006,SBY,MD,AEA,EN,Federal Contract Tower,0,20,14,1,35,0,2,68,17,87,0,22,82,18,122,42,2,44,166
09/22/2006,SBY,MD,AEA,EN,Federal Contract Tower,0,20,17,0,37,0,1,63,0,64,0,21,80,0,101,52,0,52,153
09/23/2006,SBY,MD,AEA,EN,Federal Contract Tower,0,14,10,0,24,0,2,18,0,20,0,16,28,0,44,2,0,2,46
09/24/2006,SBY,MD,AEA,EN,Federal Contract Tower,0,15,4,0,19,0,0,27,0,27,0,15,31,0,46,0,0,0,46
09/25/2006,SBY,MD,AEA,EN,Federal Contract Tower,0,18,8,0,26,0,0,58,23,81,0,18,66,23,107,86,82,168,275
09/26/2006,SBY,MD,AEA,EN,Federal Contract Tower,0,22,5,2,29,0,0,96,8,104,0,22,101,10,133,96,26,122,255
09/27/2006,SBY,MD,AEA,EN,Federal Contract Tower,0,21,8,1,30,0,0,80,9,89,0,21,88,10,119,68,28,96,215
09/28/2006,SBY,MD,AEA,EN,Federal Contract Tower,0,14,17,0,31,0,3,53,2,58,0,17,70,2,89,54,0,54,143
09/29/2006,SBY,MD,AEA,EN,Federal Contract Tower,0,19,12,0,31,0,0,60,0,60,0,19,72,0,91,44,0,44,135
09/30/2006,SBY,MD,AEA,EN,Federal Contract Tower,0,18,3,0,21,0,1,83,0,84,0,19,86,0,105,26,0,26,131
10/01/2006,SBY,MD,AEA,EN,Federal Contract Tower,0,15,12,0,27,0,0,82,0,82,0,15,94,0,109,22,0,22,131
10/02/2006,SBY,MD,AEA,EN,Federal Contract Tower,0,18,4,1,23,0,1,69,4,74,0,19,73,5,97,36,0,36,133
10/03/2006,SBY,MD,AEA,EN,Federal Contract Tower,0,25,15,0,40,0,3,61,9,73,0,28,76,9,113,92,44,136,249
10/04/2006,SBY,MD,AEA,EN,Federal Contract Tower,0,23,9,2,34,0,3,65,8,76,0,26,74,10,110,102,28,130,240
10/05/2006,SBY,MD,AEA,EN,Federal Contract Tower,0,22,10,0,32,0,2,39,4,45,0,24,49,4,77,16,8,24,101
10/06/2006,SBY,MD,AEA,EN,Federal Contract Tower,0,18,6,0,24,0,0,3,0,3,0,18,9,0,27,0,0,0,27
10/07/2006,SBY,MD,AEA,EN,Federal Contract Tower,0,16,6,0,22,0,0,1,0,1,0,16,7,0,23,0,0,0,23
10/08/2006,SBY,MD,AEA,EN,Federal Contract Tower,0,14,5,0,19,0,0,71,0,71,0,14,76,0,90,60,0,60,150
10/09/2006,SBY,MD,AEA,EN,Federal Contract Tower,0,21,7,0,28,0,0,74,0,74,0,21,81,0,102,128,0,128,230
10/10/2006,SBY,MD,AEA,EN,Federal Contract Tower,0,23,10,0,33,0,1,56,2,59,0,24,66,2,92,110,8,118,210
10/11/2006,SBY,MD,AEA,EN,Federal Contract Tower,0,25,15,2,42,0,0,0,0,0,0,25,15,2,42,0,6,6,48
10/12/2006,SBY,MD,AEA,EN,Federal Contract Tower,0,25,8,2,35,0,1,50,6,57,0,26,58,8,92,18,22,40,132
10/13/2006,SBY,MD,AEA,EN,Federal Contract Tower,0,19,15,0,34,0,0,51,10,61,0,19,66,10,95,14,30,44,139
10/14/2006,SBY,MD,AEA,EN,Federal Contract Tower,0,19,3,0,22,0,0,68,0,68,0,19,71,0,90,60,0,60,150
10/15/2006,SBY,MD,AEA,EN,Federal Contract Tower,0,21,10,0,31,0,0,54,2,56,0,21,64,2,87,82,0,82,169
10/16/2006,SBY,MD,AEA,EN,Federal Contract Tower,0,20,6,0,26,0,5,50,5,60,0,25,56,5,86,46,26,72,158
10/17/2006,SBY,MD,AEA,EN,Federal Contract Tower,0,22,10,0,32,0,1,15,0,16,0,23,25,0,48,24,0,24,72
10/18/2006,SBY,MD,AEA,EN,Federal Contract Tower,0,21,19,0,40,0,0,28,4,32,0,21,47,4,72,6,0,6,78
10/19/2006,SBY,MD,AEA,EN,Federal Contract Tower,0,28,10,0,38,0,0,17,9,26,0,28,27,9,64,32,8,40,104
10/20/2006,SBY,MD,AEA,EN,Federal Contract Tower,0,17,8,0,25,0,4,22,0,26,0,21,30,0,51,2,0,2,53
10/21/2006,SBY,MD,AEA,EN,Federal Contract Tower,0,18,8,0,26,0,0,87,0,87,0,18,95,0,113,50,0,50,163
10/22/2006,SBY,MD,AEA,EN,Federal Contract Tower,0,18,20,0,38,0,2,51,2,55,0,20,71,2,93,40,0,40,133
10/23/2006,SBY,MD,AEA,EN,Federal Contract Tower,0,19,5,4,28,0,0,33,0,33,0,19,38,4,61,14,12,26,87
10/24/2006,SBY,MD,AEA,EN,Federal Contract Tower,0,22,5,0,27,0,0,34,1,35,0,22,39,1,62,4,0,4,66
10/25/2006,SBY,MD,AEA,EN,Federal Contract Tower,0,22,3,3,28,0,0,28,19,47,0,22,31,22,75,0,32,32,107
10/26/2006,SBY,MD,AEA,EN,Federal Contract Tower,0,24,12,0,36,0,0,72,10,82,0,24,84,10,118,78,44,122,240
10/27/2006,SBY,MD,AEA,EN,Federal Contract Tower,0,20,9,2,31,0,0,33,2,35,0,20,42,4,66,6,6,12,78
10/28/2006,SBY,MD,AEA,EN,Federal Contract Tower,0,18,5,0,23,0,0,18,0,18,0,18,23,0,41,0,0,0,41
10/29/2006,SBY,MD,AEA,EN,Federal Contract Tower,0,15,2,0,17,0,1,26,2,29,0,16,28,2,46,6,0,6,52
10/30/2006,SBY,MD,AEA,EN,Federal Contract Tower,0,20,10,0,30,0,0,100,2,102,0,20,110,2,132,124,4,128,260
10/31/2006,SBY,MD,AEA,EN,Federal Contract Tower,0,22,11,0,33,0,0,80,8,88,0,22,91,8,121,64,18,82,203
11/01/2006,SBY,MD,AEA,EN,Federal Contract Tower,0,23,14,0,37,0,1,81,10,92,0,24,95,10,129,78,46,124,253
11/02/2006,SBY,MD,AEA,EN,Federal Contract Tower,0,22,12,0,34,0,0,20,8,28,0,22,32,8,62,12,14,26,88
11/03/2006,SBY,MD,AEA,EN,Federal Contract Tower,0,22,8,0,30,0,2,61,8,71,0,24,69,8,101,40,14,54,155
11/04/2006,SBY,MD,AEA,EN,Federal Contract Tower,0,16,12,0,28,0,1,74,0,75,0,17,86,0,103,38,0,38,141
11/05/2006,SBY,MD,AEA,EN,Federal Contract Tower,0,14,6,0,20,0,0,91,0,91,0,14,97,0,111,54,0,54,165
11/06/2006,SBY,MD,AEA,EN,Federal Contract Tower,0,18,3,0,21,0,1,72,0,73,0,19,75,0,94,106,0,106,200
11/07/2006,SBY,MD,AEA,EN,Federal Contract Tower,0,22,15,0,37,0,0,32,2,34,0,22,47,2,71,62,0,62,133
11/08/2006,SBY,MD,AEA,EN,Federal Contract Tower,0,27,8,0,35,0,0,0,0,0,0,27,8,0,35,0,0,0,35
11/09/2006,SBY,MD,AEA,EN,Federal Contract Tower,0,20,17,0,37,0,0,54,0,54,0,20,71,0,91,36,0,36,127
11/10/2006,SBY,MD,AEA,EN,Federal Contract Tower,0,20,13,0,33,0,3,87,0,90,0,23,100,0,123,76,0,76,199
11/11/2006,SBY,MD,AEA,EN,Federal Contract Tower,0,17,14,0,31,0,1,48,0,49,0,18,62,0,80,32,0,32,112
11/12/2006,SBY,MD,AEA,EN,Federal Contract Tower,0,18,0,0,18,0,0,0,0,0,0,18,0,0,18,0,0,0,18
11/13/2006,SBY,MD,AEA,EN,Federal Contract Tower,0,16,12,6,34,0,0,4,10,14,0,16,16,16,48,14,0,14,62
11/14/2006,SBY,MD,AEA,EN,Federal Contract Tower,0,22,4,6,32,0,0,37,2,39,0,22,41,8,71,32,0,32,103
11/15/2006,SBY,MD,AEA,EN,Federal Contract Tower,0,19,9,2,30,0,0,38,4,42,0,19,47,6,72,48,0,48,120
11/16/2006,SBY,MD,AEA,EN,Federal Contract Tower,0,20,5,0,25,0,2,5,0,7,0,22,10,0,32,0,0,0,32
11/17/2006,SBY,MD,AEA,EN,Federal Contract Tower,0,21,19,1,41,0,5,81,3,89,0,26,100,4,130,54,6,60,190
11/18/2006,SBY,MD,AEA,EN,Federal Contract Tower,0,14,15,1,30,0,1,89,6,96,0,15,104,7,126,112,6,118,244
11/19/2006,SBY,MD,AEA,EN,Federal Contract Tower,0,17,8,6,31,0,0,85,0,85,0,17,93,6,116,98,2,100,216
11/20/2006,SBY,MD,AEA,EN,Federal Contract Tower,0,22,8,4,34,0,0,60,6,66,0,22,68,10,100,96,8,104,204
11/21/2006,SBY,MD,AEA,EN,Federal Contract Tower,0,23,8,0,31,0,0,31,7,38,0,23,39,7,69,28,22,50,119
11/22/2006,SBY,MD,AEA,EN,Federal Contract Tower,0,24,3,0,27,0,0,0,0,0,0,24,3,0,27,0,0,0,27
11/23/2006,SBY,MD,AEA,EN,Federal Contract Tower,0,20,2,0,22,0,0,0,0,0,0,20,2,0,22,0,0,0,22
11/24/2006,SBY,MD,AEA,EN,Federal Contract Tower,0,17,3,0,20,0,0,81,0,81,0,17,84,0,101,27,0,27,128
11/25/2006,SBY,MD,AEA,EN,Federal Contract Tower,0,15,6,0,21,0,0,84,0,84,0,15,90,0,105,74,0,74,179
11/26/2006,SBY,MD,AEA,EN,Federal Contract Tower,0,16,8,0,24,0,2,83,0,85,0,18,91,0,109,80,0,80,189
11/27/2006,SBY,MD,AEA,EN,Federal Contract Tower,0,22,15,2,39,0,0,19,4,23,0,22,34,6,62,26,46,72,134
11/28/2006,SBY,MD,AEA,EN,Federal Contract Tower,0,18,9,2,29,0,1,43,1,45,0,19,52,3,74,38,4,42,116
11/29/2006,SBY,MD,AEA,EN,Federal Contract Tower,0,18,13,0,31,0,0,49,10,59,0,18,62,10,90,54,48,102,192
11/30/2006,SBY,MD,AEA,EN,Federal Contract Tower,0,19,18,0,37,0,1,74,8,83,0,20,92,8,120,78,26,104,224
12/01/2006,SBY,MD,AEA,EN,Federal Contract Tower,0,22,6,3,31,0,0,0,1,1,0,22,6,4,32,0,0,0,32
12/02/2006,SBY,MD,AEA,EN,Federal Contract Tower,0,16,4,0,20,0,4,49,0,53,0,20,53,0,73,88,0,88,161
12/03/2006,SBY,MD,AEA,EN,Federal Contract Tower,0,14,5,0,19,0,0,55,0,55,0,14,60,0,74,88,0,88,162
12/04/2006,SBY,MD,AEA,EN,Federal Contract Tower,0,18,16,2,36,0,0,30,1,31,0,18,46,3,67,2,10,12,79
12/05/2006,SBY,MD,AEA,EN,Federal Contract Tower,0,26,16,0,42,0,0,41,10,51,0,26,57,10,93,28,32,60,153
12/06/2006,SBY,MD,AEA,EN,Federal Contract Tower,0,20,4,6,30,0,3,58,1,62,0,23,62,7,92,56,18,74,166
12/07/2006,SBY,MD,AEA,EN,Federal Contract Tower,0,21,7,0,28,0,0,44,8,52,0,21,51,8,80,36,52,88,168
12/08/2006,SBY,MD,AEA,EN,Federal Contract Tower,0,20,4,2,26,0,0,24,5,29,0,20,28,7,55,0,32,32,87
12/09/2006,SBY,MD,AEA,EN,Federal Contract Tower,0,16,6,0,22,0,1,68,0,69,0,17,74,0,91,50,0,50,141
12/10/2006,SBY,MD,AEA,EN,Federal Contract Tower,0,15,2,0,17,0,1,57,0,58,0,16,59,0,75,70,0,70,145
12/11/2006,SBY,MD,AEA,EN,Federal Contract Tower,0,17,7,0,24,0,3,37,2,42,0,20,44,2,66,106,12,118,184
12/12/2006,SBY,MD,AEA,EN,Federal Contract Tower,0,20,9,0,29,0,0,86,0,86,0,20,95,0,115,76,0,76,191
12/13/2006,SBY,MD,AEA,EN,Federal Contract Tower,0,20,11,0,31,0,0,11,0,11,0,20,22,0,42,0,0,0,42
12/14/2006,SBY,MD,AEA,EN,Federal Contract Tower,0,22,20,0,42,0,0,25,0,25,0,22,45,0,67,60,0,60,127
12/15/2006,SBY,MD,AEA,EN,Federal Contract Tower,0,16,16,0,32,0,2,39,2,43,0,18,55,2,75,34,8,42,117
12/16/2006,SBY,MD,AEA,EN,Federal Contract Tower,0,18,6,0,24,0,0,86,0,86,0,18,92,0,110,80,0,80,190
12/17/2006,SBY,MD,AEA,EN,Federal Contract Tower,0,15,5,0,20,0,3,85,2,90,0,18,90,2,110,44,0,44,154
12/18/2006,SBY,MD,AEA,EN,Federal Contract Tower,0,17,9,0,26,0,4,42,2,48,0,21,51,2,74,28,8,36,110
12/19/2006,SBY,MD,AEA,EN,Federal Contract Tower,0,21,9,0,30,0,8,69,8,85,0,29,78,8,115,92,62,154,269
12/20/2006,SBY,MD,AEA,EN,Federal Contract Tower,0,20,4,0,24,0,2,61,8,71,0,22,65,8,95,56,16,72,167
12/21/2006,SBY,MD,AEA,EN,Federal Contract Tower,0,26,9,1,36,0,0,48,5,53,0,26,57,6,89,34,14,48,137
12/22/2006,SBY,MD,AEA,EN,Federal Contract Tower,0,22,5,6,33,0,0,12,0,12,0,22,17,6,45,2,2,4,49
12/23/2006,SBY,MD,AEA,EN,Federal Contract Tower,0,18,6,0,24,0,0,25,2,27,0,18,31,2,51,26,2,28,79
12/24/2006,SBY,MD,AEA,EN,Federal Contract Tower,0,12,2,0,14,0,0,26,0,26,0,12,28,0,40,2,0,2,42
12/25/2006,SBY,MD,AEA,EN,Federal Contract Tower,0,15,5,0,20,0,0,4,0,4,0,15,9,0,24,6,0,6,30
12/26/2006,SBY,MD,AEA,EN,Federal Contract Tower,0,22,7,0,29,0,0,7,0,7,0,22,14,0,36,6,0,6,42
12/27/2006,SBY,MD,AEA,EN,Federal Contract Tower,0,25,2,3,30,0,1,34,0,35,0,26,36,3,65,24,12,36,101
12/28/2006,SBY,MD,AEA,EN,Federal Contract Tower,0,23,16,0,39,0,2,82,2,86,0,25,98,2,125,74,0,74,199
12/29/2006,SBY,MD,AEA,EN,Federal Contract Tower,0,17,11,0,28,0,0,48,2,50,0,17,59,2,78,48,6,54,132
12/30/2006,SBY,MD,AEA,EN,Federal Contract Tower,0,18,6,0,24,0,1,50,0,51,0,19,56,0,75,54,0,54,129
12/31/2006,SBY,MD,AEA,EN,Federal Contract Tower,0,13,1,0,14,0,3,50,0,53,0,16,51,0,67,38,0,38,105
01/01/2007,SBY,MD,AEA,EN,Federal Contract Tower,0,14,0,0,14,0,0,0,0,0,0,14,0,0,14,0,0,0,14
01/02/2007,SBY,MD,AEA,EN,Federal Contract Tower,0,18,11,0,29,0,0,14,0,14,0,18,25,0,43,34,0,34,77
01/03/2007,SBY,MD,AEA,EN,Federal Contract Tower,0,19,9,0,28,0,2,34,4,40,0,21,43,4,68,84,24,108,176
01/04/2007,SBY,MD,AEA,EN,Federal Contract Tower,0,18,17,0,35,0,0,71,10,81,0,18,88,10,116,70,14,84,200
01/05/2007,SBY,MD,AEA,EN,Federal Contract Tower,0,24,9,0,33,0,0,0,0,0,0,24,9,0,33,0,0,0,33
01/06/2007,SBY,MD,AEA,EN,Federal Contract Tower,0,17,11,0,28,0,1,61,0,62,0,18,72,0,90,36,0,36,126
01/07/2007,SBY,MD,AEA,EN,Federal Contract Tower,0,18,6,0,24,0,2,46,0,48,0,20,52,0,72,66,0,66,138
01/08/2007,SBY,MD,AEA,EN,Federal Contract Tower,0,17,7,0,24,0,0,15,2,17,0,17,22,2,41,10,20,30,71
01/09/2007,SBY,MD,AEA,EN,Federal Contract Tower,0,21,6,0,27,0,2,39,9,50,0,23,45,9,77,30,12,42,119
01/10/2007,SBY,MD,AEA,EN,Federal Contract Tower,0,17,9,0,26,0,4,14,24,42,0,21,23,24,68,12,40,52,120
01/11/2007,SBY,MD,AEA,EN,Federal Contract Tower,0,22,8,0,30,0,1,60,4,65,0,23,68,4,95,60,0,60,155
01/12/2007,SBY,MD,AEA,EN,Federal Contract Tower,0,22,14,4,40,0,1,42,2,45,0,23,56,6,85,20,26,46,131
01/13/2007,SBY,MD,AEA,EN,Federal Contract Tower,0,16,3,0,19,0,0,33,0,33,0,16,36,0,52,38,0,38,90
01/14/2007,SBY,MD,AEA,EN,Federal Contract Tower,0,14,4,0,18,0,1,41,0,42,0,15,45,0,60,20,0,20,80
01/15/2007,SBY,MD,AEA,EN,Federal Contract Tower,0,19,10,0,29,0,0,24,0,24,0,19,34,0,53,8,0,8,61
01/16/2007,SBY,MD,AEA,EN,Federal Contract Tower,0,21,10,0,31,0,2,23,6,31,0,23,33,6,62,18,78,96,158
01/17/2007,SBY,MD,AEA,EN,Federal Contract Tower,0,24,14,1,39,0,3,48,1,52,0,27,62,2,91,40,0,40,131
01/18/2007,SBY,MD,AEA,EN,Federal Contract Tower,0,19,14,0,33,0,0,9,0,9,0,19,23,0,42,8,0,8,50
01/19/2007,SBY,MD,AEA,EN,Federal Contract Tower,0,20,11,0,31,0,0,29,8,37,0,20,40,8,68,4,10,14,82
01/20/2007,SBY,MD,AEA,EN,Federal Contract Tower,0,16,6,0,22,0,0,18,0,18,0,16,24,0,40,2,0,2,42
01/21/2007,SBY,MD,AEA,EN,Federal Contract Tower,0,16,9,0,25,0,0,23,0,23,0,16,32,0,48,36,0,36,84
01/22/2007,SBY,MD,AEA,EN,Federal Contract Tower,0,17,13,0,30,0,0,0,0,0,0,17,13,0,30,0,0,0,30
01/23/2007,SBY,MD,AEA,EN,Federal Contract Tower,0,21,11,0,32,0,0,42,10,52,0,21,53,10,84,30,44,74,158
01/24/2007,SBY,MD,AEA,EN,Federal Contract Tower,0,22,12,4,38,0,0,56,1,57,0,22,68,5,95,100,16,116,211
01/25/2007,SBY,MD,AEA,EN,Federal Contract Tower,0,17,12,0,29,0,1,19,7,27,0,18,31,7,56,26,38,64,120
01/26/2007,SBY,MD,AEA,EN,Federal Contract Tower,0,17,13,0,30,0,0,10,0,10,0,17,23,0,40,0,0,0,40
01/27/2007,SBY,MD,AEA,EN,Federal Contract Tower,0,13,9,0,22,0,2,94,0,96,0,15,103,0,118,140,0,140,258
01/28/2007,SBY,MD,AEA,EN,Federal Contract Tower,0,13,7,0,20,0,0,13,0,13,0,13,20,0,33,14,0,14,47
01/29/2007,SBY,MD,AEA,EN,Federal Contract Tower,0,17,10,0,27,0,0,27,7,34,0,17,37,7,61,14,12,26,87
01/30/2007,SBY,MD,AEA,EN,Federal Contract Tower,0,22,3,2,27,0,0,50,9,59,0,22,53,11,86,66,66,132,218
01/31/2007,SBY,MD,AEA,EN,Federal Contract Tower,0,24,13,1,38,0,1,35,6,42,0,25,48,7,80,12,20,32,112
02/01/2007,SBY,MD,AEA,EN,Federal Contract Tower,0,17,15,2,34,0,0,12,0,12,0,17,27,2,46,36,2,38,84
02/02/2007,SBY,MD,AEA,EN,Federal Contract Tower,0,17,6,0,23,0,0,0,0,0,0,17,6,0,23,0,0,0,23
02/03/2007,SBY,MD,AEA,EN,Federal Contract Tower,0,16,4,0,20,0,0,45,0,45,0,16,49,0,65,62,0,62,127
02/04/2007,SBY,MD,AEA,EN,Federal Contract Tower,0,15,8,0,23,0,1,31,0,32,0,16,39,0,55,24,0,24,79
02/05/2007,SBY,MD,AEA,EN,Federal Contract Tower,0,20,11,3,34,0,0,10,8,18,0,20,21,11,52,2,54,56,108
02/06/2007,SBY,MD,AEA,EN,Federal Contract Tower,0,25,8,0,33,0,1,14,4,19,0,26,22,4,52,2,24,26,78
02/07/2007,SBY,MD,AEA,EN,Federal Contract Tower,0,23,7,0,30,0,1,12,0,13,0,24,19,0,43,22,0,22,65
02/08/2007,SBY,MD,AEA,EN,Federal Contract Tower,0,20,9,1,30,0,0,32,1,33,0,20,41,2,63,22,2,24,87
02/09/2007,SBY,MD,AEA,EN,Federal Contract Tower,0,21,7,0,28,0,0,19,2,21,0,21,26,2,49,24,4,28,77
02/10/2007,SBY,MD,AEA,EN,Federal Contract Tower,0,14,1,0,15,0,0,44,0,44,0,14,45,0,59,48,0,48,107
02/11/2007,SBY,MD,AEA,EN,Federal Contract Tower,0,14,12,0,26,0,0,51,0,51,0,14,63,0,77,52,0,52,129
02/12/2007,SBY,MD,AEA,EN,Federal Contract Tower,0,22,15,0,37,0,0,47,0,47,0,22,62,0,84,52,0,52,136
02/13/2007,SBY,MD,AEA,EN,Federal Contract Tower,0,27,0,0,27,0,0,3,0,3,0,27,3,0,30,0,0,0,30
02/14/2007,SBY,MD,AEA,EN,Federal Contract Tower,0,15,6,0,21,0,3,2,0,5,0,18,8,0,26,0,0,0,26
02/15/2007,SBY,MD,AEA,EN,Federal Contract Tower,0,19,9,3,31,0,1,13,3,17,0,20,22,6,48,0,38,38,86
02/16/2007,SBY,MD,AEA,EN,Federal Contract Tower,0,19,13,0,32,0,0,23,2,25,0,19,36,2,57,8,6,14,71
02/17/2007,SBY,MD,AEA,EN,Federal Contract Tower,0,17,4,0,21,0,2,76,0,78,0,19,80,0,99,158,0,158,257
02/18/2007,SBY,MD,AEA,EN,Federal Contract Tower,0,14,4,0,18,0,0,22,0,22,0,14,26,0,40,20,0,20,60
02/19/2007,SBY,MD,AEA,EN,Federal Contract Tower,0,18,12,0,30,0,0,27,6,33,0,18,39,6,63,34,0,34,97
02/20/2007,SBY,MD,AEA,EN,Federal Contract Tower,0,25,7,0,32,0,2,46,6,54,0,27,53,6,86,58,14,72,158
02/21/2007,SBY,MD,AEA,EN,Federal Contract Tower,0,24,8,0,32,0,7,49,4,60,0,31,57,4,92,48,24,72,164
02/22/2007,SBY,MD,AEA,EN,Federal Contract Tower,0,21,5,0,26,0,0,12,5,17,0,21,17,5,43,16,10,26,69
02/23/2007,SBY,MD,AEA,EN,Federal Contract Tower,0,18,6,0,24,0,0,16,2,18,0,18,22,2,42,24,4,28,70
02/24/2007,SBY,MD,AEA,EN,Federal Contract Tower,0,17,10,0,27,0,1,47,0,48,0,18,57,0,75,79,0,79,154
02/25/2007,SBY,MD,AEA,EN,Federal Contract Tower,0,11,2,0,13,0,0,0,0,0,0,11,2,0,13,0,0,0,13
02/26/2007,SBY,MD,AEA,EN,Federal Contract Tower,0,17,8,0,25,0,0,23,0,23,0,17,31,0,48,44,0,44,92
02/27/2007,SBY,MD,AEA,EN,Federal Contract Tower,0,23,11,2,36,0,2,71,11,84,0,25,82,13,120,86,40,126,246
02/28/2007,SBY,MD,AEA,EN,Federal Contract Tower,0,22,19,1,42,0,3,46,10,59,0,25,65,11,101,90,24,114,215
03/01/2007,SBY,MD,AEA,EN,Federal Contract Tower,0,21,10,0,31,0,0,45,8,53,0,21,55,8,84,86,20,106,190
03/02/2007,SBY,MD,AEA,EN,Federal Contract Tower,0,20,8,0,28,0,0,9,11,20,0,20,17,11,48,18,16,34,82
03/03/2007,SBY,MD,AEA,EN,Federal Contract Tower,0,15,9,0,24,0,4,30,0,34,0,19,39,0,58,50,0,50,108
03/04/2007,SBY,MD,AEA,EN,Federal Contract Tower,0,14,8,0,22,0,0,24,2,26,0,14,32,2,48,24,8,32,80
03/05/2007,SBY,MD,AEA,EN,Federal Contract Tower,0,19,4,0,23,0,0,5,10,15,0,19,9,10,38,30,50,80,118
03/06/2007,SBY,MD,AEA,EN,Federal Contract Tower,0,23,12,0,35,0,2,41,10,53,0,25,53,10,88,26,40,66,154
03/07/2007,SBY,MD,AEA,EN,Federal Contract Tower,0,21,5,0,26,0,0,3,0,3,0,21,8,0,29,0,0,0,29
03/08/2007,SBY,MD,AEA,EN,Federal Contract Tower,0,20,9,0,29,0,2,67,10,79,0,22,76,10,108,78,14,92,200
03/09/2007,SBY,MD,AEA,EN,Federal Contract Tower,0,22,10,0,32,0,0,62,6,68,0,22,72,6,100,82,24,106,206
03/10/2007,SBY,MD,AEA,EN,Federal Contract Tower,0,18,12,0,30,0,0,56,0,56,0,18,68,0,86,56,0,56,142
03/11/2007,SBY,MD,AEA,EN,Federal Contract Tower,0,16,11,0,27,0,2,43,0,45,0,18,54,0,72,34,0,34,106
03/12/2007,SBY,MD,AEA,EN,Federal Contract Tower,0,20,5,3,28,0,1,63,17,81,0,21,68,20,109,110,22,132,241
03/13/2007,SBY,MD,AEA,EN,Federal Contract Tower,0,25,6,6,37,0,2,61,14,77,0,27,67,20,114,148,42,190,304
03/14/2007,SBY,MD,AEA,EN,Federal Contract Tower,0,21,9,5,35,0,4,46,15,65,0,25,55,20,100,54,48,102,202
03/15/2007,SBY,MD,AEA,EN,Federal Contract Tower,0,20,7,0,27,0,0,21,4,25,0,20,28,4,52,60,6,66,118
03/16/2007,SBY,MD,AEA,EN,Federal Contract Tower,0,15,8,0,23,0,0,0,0,0,0,15,8,0,23,0,0,0,23
03/17/2007,SBY,MD,AEA,EN,Federal Contract Tower,0,19,7,0,26,0,3,21,2,26,0,22,28,2,52,14,0,14,66
03/18/2007,SBY,MD,AEA,EN,Federal Contract Tower,0,16,12,0,28,0,0,23,0,23,0,16,35,0,51,8,0,8,59
03/19/2007,SBY,MD,AEA,EN,Federal Contract Tower,0,21,6,1,28,0,0,35,14,49,0,21,41,15,77,24,58,82,159
03/20/2007,SBY,MD,AEA,EN,Federal Contract Tower,0,27,5,4,36,0,0,45,6,51,0,27,50,10,87,40,28,68,155
03/21/2007,SBY,MD,AEA,EN,Federal Contract Tower,0,20,15,2,37,0,3,58,10,71,0,23,73,12,108,72,42,114,222
03/22/2007,SBY,MD,AEA,EN,Federal Contract Tower,0,17,14,2,33,0,9,46,10,65,0,26,60,12,98,62,28,90,188
03/23/2007,SBY,MD,AEA,EN,Federal Contract Tower,0,21,9,2,32,0,3,56,8,67,0,24,65,10,99,42,36,78,177
03/24/2007,SBY,MD,AEA,EN,Federal Contract Tower,0,17,24,0,41,0,0,30,0,30,0,17,54,0,71,54,0,54,125
03/25/2007,SBY,MD,AEA,EN,Federal Contract Tower,0,12,17,0,29,0,0,60,0,60,0,12,77,0,89,72,0,72,161
03/26/2007,SBY,MD,AEA,EN,Federal Contract Tower,0,20,16,0,36,0,6,55,4,65,0,26,71,4,101,56,24,80,181
03/27/2007,SBY,MD,AEA,EN,Federal Contract Tower,0,25,13,7,45,0,2,77,14,93,0,27,90,21,138,70,82,152,290
03/28/2007,SBY,MD,AEA,EN,Federal Contract Tower,0,23,14,4,41,0,4,75,10,89,0,27,89,14,130,128,36,164,294
03/29/2007,SBY,MD,AEA,EN,Federal Contract Tower,0,21,13,7,41,0,1,50,6,57,0,22,63,13,98,52,16,68,166
03/30/2007,SBY,MD,AEA,EN,Federal Contract Tower,0,21,14,2,37,0,3,80,3,86,0,24,94,5,123,112,6,118,241
03/31/2007,SBY,MD,AEA,EN,Federal Contract Tower,0,15,2,0,17,0,0,85,0,85,0,15,87,0,102,94,0,94,196
04/01/2007,SBY,MD,AEA,EN,Federal Contract Tower,0,11,19,0,30,0,0,23,0,23,0,11,42,0,53,32,0,32,85
04/02/2007,SBY,MD,AEA,EN,Federal Contract Tower,0,25,7,0,32,0,2,53,4,59,0,27,60,4,91,130,22,152,243
04/03/2007,SBY,MD,AEA,EN,Federal Contract Tower,0,22,24,4,50,0,5,62,3,70,0,27,86,7,120,72,22,94,214
04/04/2007,SBY,MD,AEA,EN,Federal Contract Tower,0,25,6,0,31,0,0,5,0,5,0,25,11,0,36,0,0,0,36
04/05/2007,SBY,MD,AEA,EN,Federal Contract Tower,0,22,4,0,26,0,0,36,0,36,0,22,40,0,62,8,0,8,70
04/06/2007,SBY,MD,AEA,EN,Federal Contract Tower,0,22,13,1,36,0,0,45,3,48,0,22,58,4,84,48,18,66,150
04/07/2007,SBY,MD,AEA,EN,Federal Contract Tower,0,14,8,0,22,0,0,10,0,10,0,14,18,0,32,6,0,6,38
04/08/2007,SBY,MD,AEA,EN,Federal Contract Tower,0,16,11,0,27,0,0,16,0,16,0,16,27,0,43,6,0,6,49
04/09/2007,SBY,MD,AEA,EN,Federal Contract Tower,0,20,13,2,35,0,0,47,4,51,0,20,60,6,86,66,28,94,180
04/10/2007,SBY,MD,AEA,EN,Federal Contract Tower,0,23,11,4,38,0,0,54,9,63,0,23,65,13,101,68,32,100,201
04/11/2007,SBY,MD,AEA,EN,Federal Contract Tower,0,23,10,4,37,0,1,42,7,50,0,24,52,11,87,42,50,92,179
04/12/2007,SBY,MD,AEA,EN,Federal Contract Tower,0,22,12,0,34,0,0,31,2,33,0,22,43,2,67,22,0,22,89
04/13/2007,SBY,MD,AEA,EN,Federal Contract Tower,0,19,8,0,27,0,0,30,2,32,0,19,38,2,59,14,0,14,73
04/14/2007,SBY,MD,AEA,EN,Federal Contract Tower,0,18,6,0,24,0,0,51,0,51,0,18,57,0,75,38,0,38,113
04/15/2007,SBY,MD,AEA,EN,Federal Contract Tower,0,20,0,0,20,0,0,0,0,0,0,20,0,0,20,0,0,0,20
04/16/2007,SBY,MD,AEA,EN,Federal Contract Tower,0,19,6,0,25,0,2,3,2,7,0,21,9,2,32,0,4,4,36
04/17/2007,SBY,MD,AEA,EN,Federal Contract Tower,0,26,6,1,33,0,0,36,17,53,0,26,42,18,86,6,54,60,146
04/18/2007,SBY,MD,AEA,EN,Federal Contract Tower,0,26,13,0,39,0,2,52,4,58,0,28,65,4,97,46,14,60,157
04/19/2007,SBY,MD,AEA,EN,Federal Contract Tower,0,19,17,2,38,0,3,28,4,35,0,22,45,6,73,34,26,60,133
04/20/2007,SBY,MD,AEA,EN,Federal Contract Tower,0,25,11,3,39,0,0,112,8,120,0,25,123,11,159,68,22,90,249
04/21/2007,SBY,MD,AEA,EN,Federal Contract Tower,0,13,12,0,25,0,3,98,0,101,0,16,110,0,126,20,0,20,146
04/22/2007,SBY,MD,AEA,EN,Federal Contract Tower,0,13,21,0,34,0,2,85,0,87,0,15,106,0,121,120,0,120,241
04/23/2007,SBY,MD,AEA,EN,Federal Contract Tower,0,18,18,0,36,0,2,46,8,56,0,20,64,8,92,40,34,74,166
04/24/2007,SBY,MD,AEA,EN,Federal Contract Tower,0,23,8,3,34,0,1,91,4,96,0,24,99,7,130,80,32,112,242
04/25/2007,SBY,MD,AEA,EN,Federal Contract Tower,0,24,11,2,37,0,0,63,2,65,0,24,74,4,102,66,26,92,194
04/26/2007,SBY,MD,AEA,EN,Federal Contract Tower,0,27,15,1,43,0,1,36,5,42,0,28,51,6,85,20,34,54,139
04/27/2007,SBY,MD,AEA,EN,Federal Contract Tower,0,24,13,2,39,0,0,0,0,0,0,24,13,2,39,0,0,0,39
04/28/2007,SBY,MD,AEA,EN,Federal Contract Tower,0,16,9,0,25,0,1,115,0,116,0,17,124,0,141,80,0,80,221
04/29/2007,SBY,MD,AEA,EN,Federal Contract Tower,0,16,7,0,23,0,0,60,0,60,0,16,67,0,83,34,0,34,117
04/30/2007,SBY,MD,AEA,EN,Federal Contract Tower,0,20,8,4,32,0,0,62,8,70,0,20,70,12,102,36,56,92,194
05/01/2007,SBY,MD,AEA,EN,Federal Contract Tower,0,29,15,0,44,0,0,85,6,91,0,29,100,6,135,190,12,202,337
05/02/2007,SBY,MD,AEA,EN,Federal Contract Tower,0,26,5,0,31,0,0,42,4,46,0,26,47,4,77,76,18,94,171
05/03/2007,SBY,MD,AEA,EN,Federal Contract Tower,0,25,9,2,36,0,3,77,21,101,0,28,86,23,137,94,70,164,301
05/04/2007,SBY,MD,AEA,EN,Federal Contract Tower,0,18,14,0,32,0,0,72,14,86,0,18,86,14,118,66,26,92,210
05/05/2007,SBY,MD,AEA,EN,Federal Contract Tower,0,16,5,0,21,0,1,154,0,155,0,17,159,0,176,106,0,106,282
05/06/2007,SBY,MD,AEA,EN,Federal Contract Tower,0,17,10,0,27,0,0,10,0,10,0,17,20,0,37,32,0,32,69
05/07/2007,SBY,MD,AEA,EN,Federal Contract Tower,0,22,7,0,29,0,0,42,4,46,0,22,49,4,75,26,0,26,101
05/08/2007,SBY,MD,AEA,EN,Federal Contract Tower,0,23,13,5,41,0,0,51,15,66,0,23,64,20,107,86,150,236,343
05/09/2007,SBY,MD,AEA,EN,Federal Contract Tower,0,24,24,1,49,0,3,42,11,56,0,27,66,12,105,30,48,78,183
05/10/2007,SBY,MD,AEA,EN,Federal Contract Tower,0,26,17,6,49,0,2,59,4,65,0,28,76,10,114,86,0,86,200
05/11/2007,SBY,MD,AEA,EN,Federal Contract Tower,0,20,9,0,29,0,2,26,0,28,0,22,35,0,57,26,0,26,83
05/12/2007,SBY,MD,AEA,EN,Federal Contract Tower,0,20,7,0,27,0,2,78,0,80,0,22,85,0,107,100,0,100,207
05/13/2007,SBY,MD,AEA,EN,Federal Contract Tower,0,17,14,0,31,0,2,20,0,22,0,19,34,0,53,38,0,38,91
05/14/2007,SBY,MD,AEA,EN,Federal Contract Tower,0,19,13,0,32,0,2,81,4,87,0,21,94,4,119,96,20,116,235
05/15/2007,SBY,MD,AEA,EN,Federal Contract Tower,0,22,13,0,35,0,4,61,2,67,0,26,74,2,102,24,8,32,134
05/16/2007,SBY,MD,AEA,EN,Federal Contract Tower,0,23,6,1,30,0,1,39,9,49,0,24,45,10,79,30,24,54,133
05/17/2007,SBY,MD,AEA,EN,Federal Contract Tower,0,19,15,0,34,0,4,61,4,69,0,23,76,4,103,62,6,68,171
05/18/2007,SBY,MD,AEA,EN,Federal Contract Tower,0,19,24,0,43,0,0,6,11,17,0,19,30,11,60,8,0,8,68
05/19/2007,SBY,MD,AEA,EN,Federal Contract Tower,0,13,6,0,19,0,4,60,0,64,0,17,66,0,83,114,0,114,197
05/20/2007,SBY,MD,AEA,EN,Federal Contract Tower,0,17,11,0,28,0,6,59,0,65,0,23,70,0,93,46,0,46,139
05/21/2007,SBY,MD,AEA,EN,Federal Contract Tower,0,19,13,0,32,0,0,67,2,69,0,19,80,2,101,30,0,30,131
05/22/2007,SBY,MD,AEA,EN,Federal Contract Tower,0,24,6,0,30,0,10,69,21,100,0,34,75,21,130,44,30,74,204
05/23/2007,SBY,MD,AEA,EN,Federal Contract Tower,0,22,13,0,35,0,2,63,6,71,0,24,76,6,106,36,18,54,160
05/24/2007,SBY,MD,AEA,EN,Federal Contract Tower,0,21,8,0,29,0,2,39,8,49,0,23,47,8,78,18,6,24,102
05/25/2007,SBY,MD,AEA,EN,Federal Contract Tower,0,26,11,6,43,0,0,41,0,41,0,26,52,6,84,40,12,52,136
05/26/2007,SBY,MD,AEA,EN,Federal Contract Tower,0,15,10,0,25,0,0,50,0,50,0,15,60,0,75,34,0,34,109
05/27/2007,SBY,MD,AEA,EN,Federal Contract Tower,0,7,9,0,16,0,1,41,0,42,0,8,50,0,58,0,0,0,58
05/28/2007,SBY,MD,AEA,EN,Federal Contract Tower,0,15,5,0,20,0,4,50,0,54,0,19,55,0,74,56,0,56,130
05/29/2007,SBY,MD,AEA,EN,Federal Contract Tower,0,19,17,1,37,0,0,37,13,50,0,19,54,14,87,44,28,72,159
05/30/2007,SBY,MD,AEA,EN,Federal Contract Tower,0,26,12,1,39,0,0,65,11,76,0,26,77,12,115,38,24,62,177
05/31/2007,SBY,MD,AEA,EN,Federal Contract Tower,0,21,10,1,32,0,1,53,3,57,0,22,63,4,89,42,16,58,147
06/01/2007,SBY,MD,AEA,EN,Federal Contract Tower,0,28,11,0,39,0,1,54,2,57,0,29,65,2,96,20,0,20,116
06/02/2007,SBY,MD,AEA,EN,Federal Contract Tower,0,16,6,0,22,0,0,41,0,41,0,16,47,0,63,22,0,22,85
06/03/2007,SBY,MD,AEA,EN,Federal Contract Tower,0,18,6,0,24,0,0,0,0,0,0,18,6,0,24,0,0,0,24
06/04/2007,SBY,MD,AEA,EN,Federal Contract Tower,0,23,17,0,40,0,1,12,4,17,0,24,29,4,57,14,10,24,81
06/05/2007,SBY,MD,AEA,EN,Federal Contract Tower,0,30,11,0,41,0,1,44,4,49,0,31,55,4,90,34,6,40,130
06/06/2007,SBY,MD,AEA,EN,Federal Contract Tower,0,25,10,0,35,0,0,60,10,70,0,25,70,10,105,50,32,82,187
06/07/2007,SBY,MD,AEA,EN,Federal Contract Tower,0,23,16,0,39,0,0,73,10,83,0,23,89,10,122,80,18,98,220
06/08/2007,SBY,MD,AEA,EN,Federal Contract Tower,0,28,10,4,42,0,0,22,0,22,0,28,32,4,64,10,22,32,96
06/09/2007,SBY,MD,AEA,EN,Federal Contract Tower,0,16,6,0,22,0,4,41,8,53,0,20,47,8,75,12,2,14,89
06/10/2007,SBY,MD,AEA,EN,Federal Contract Tower,0,13,22,0,35,0,0,76,0,76,0,13,98,0,111,36,0,36,147
06/11/2007,SBY,MD,AEA,EN,Federal Contract Tower,0,16,7,0,23,0,0,37,9,46,0,16,44,9,69,44,26,70,139
06/12/2007,SBY,MD,AEA,EN,Federal Contract Tower,0,28,7,2,37,0,1,57,12,70,0,29,64,14,107,48,68,116,223
06/13/2007,SBY,MD,AEA,EN,Federal Contract Tower,0,29,16,4,49,0,1,31,8,40,0,30,47,12,89,30,22,52,141
06/14/2007,SBY,MD,AEA,EN,Federal Contract Tower,0,24,17,0,41,0,0,31,3,34,0,24,48,3,75,6,4,10,85
06/15/2007,SBY,MD,AEA,EN,Federal Contract Tower,0,25,21,2,48,0,1,36,0,37,0,26,57,2,85,28,2,30,115
06/16/2007,SBY,MD,AEA,EN,Federal Contract Tower,0,15,12,0,27,0,1,84,6,91,0,16,96,6,118,44,0,44,162
06/17/2007,SBY,MD,AEA,EN,Federal Contract Tower,0,16,11,0,27,0,0,54,2,56,0,16,65,2,83,34,4,38,121
06/18/2007,SBY,MD,AEA,EN,Federal Contract Tower,0,20,11,5,36,0,0,40,3,43,0,20,51,8,79,16,26,42,121
06/19/2007,SBY,MD,AEA,EN,Federal Contract Tower,0,24,15,4,43,0,0,36,16,52,0,24,51,20,95,54,64,118,213
06/20/2007,SBY,MD,AEA,EN,Federal Contract Tower,0,25,32,0,57,0,2,19,2,23,0,27,51,2,80,2,22,24,104
06/21/2007,SBY,MD,AEA,EN,Federal Contract Tower,0,23,17,0,40,0,0,48,8,56,0,23,65,8,96,52,16,68,164
06/22/2007,SBY,MD,AEA,EN,Federal Contract Tower,0,21,17,2,40,0,0,66,10,76,0,21,83,12,116,50,60,110,226
06/23/2007,SBY,MD,AEA,EN,Federal Contract Tower,0,18,7,0,25,0,0,69,0,69,0,18,76,0,94,78,0,78,172
06/24/2007,SBY,MD,AEA,EN,Federal Contract Tower,0,22,9,4,35,0,0,87,2,89,0,22,96,6,124,32,22,54,178
06/25/2007,SBY,MD,AEA,EN,Federal Contract Tower,0,23,9,2,34,0,1,29,4,34,0,24,38,6,68,20,28,48,116
06/26/2007,SBY,MD,AEA,EN,Federal Contract Tower,0,30,25,6,61,0,1,50,18,69,0,31,75,24,130,8,60,68,198
06/27/2007,SBY,MD,AEA,EN,Federal Contract Tower,0,23,10,0,33,0,7,39,2,48,0,30,49,2,81,18,0,18,99
06/28/2007,SBY,MD,AEA,EN,Federal Contract Tower,0,23,9,1,33,0,1,24,5,30,0,24,33,6,63,8,14,22,85
06/29/2007,SBY,MD,AEA,EN,Federal Contract Tower,0,26,14,0,40,0,0,18,2,20,0,26,32,2,60,0,2,2,62
06/30/2007,SBY,MD,AEA,EN,Federal Contract Tower,0,14,11,0,25,0,0,34,0,34,0,14,45,0,59,6,0,6,65
07/01/2007,SBY,MD,AEA,EN,Federal Contract Tower,0,16,7,0,23,0,1,95,0,96,0,17,102,0,119,26,0,26,145
07/02/2007,SBY,MD,AEA,EN,Federal Contract Tower,0,17,3,2,22,0,0,64,12,76,0,17,67,14,98,64,42,106,204
07/03/2007,SBY,MD,AEA,EN,Federal Contract Tower,0,27,4,2,33,0,0,103,15,118,0,27,107,17,151,68,44,112,263
07/04/2007,SBY,MD,AEA,EN,Federal Contract Tower,0,14,2,0,16,0,7,28,0,35,0,21,30,0,51,2,0,2,53
07/05/2007,SBY,MD,AEA,EN,Federal Contract Tower,0,23,5,0,28,0,2,33,4,39,0,25,38,4,67,20,8,28,95
07/06/2007,SBY,MD,AEA,EN,Federal Contract Tower,0,23,12,0,35,0,3,52,2,57,0,26,64,2,92,30,0,30,122
07/07/2007,SBY,MD,AEA,EN,Federal Contract Tower,0,21,7,0,28,0,0,49,0,49,0,21,56,0,77,14,0,14,91
07/08/2007,SBY,MD,AEA,EN,Federal Contract Tower,0,16,9,0,25,0,0,26,0,26,0,16,35,0,51,0,0,0,51
07/09/2007,SBY,MD,AEA,EN,Federal Contract Tower,0,19,14,2,35,0,0,24,6,30,0,19,38,8,65,16,8,24,89
07/10/2007,SBY,MD,AEA,EN,Federal Contract Tower,0,26,11,0,37,0,2,52,16,70,0,28,63,16,107,16,12,28,135
07/11/2007,SBY,MD,AEA,EN,Federal Contract Tower,0,24,11,0,35,0,2,31,17,50,0,26,42,17,85,16,0,16,101
07/12/2007,SBY,MD,AEA,EN,Federal Contract Tower,0,25,16,0,41,0,1,48,22,71,0,26,64,22,112,38,0,38,150
07/13/2007,SBY,MD,AEA,EN,Federal Contract Tower,0,23,7,0,30,0,1,69,13,83,0,24,76,13,113,8,0,8,121
07/14/2007,SBY,MD,AEA,EN,Federal Contract Tower,0,18,7,0,25,0,4,52,0,56,0,22,59,0,81,20,0,20,101
07/15/2007,SBY,MD,AEA,EN,Federal Contract Tower,0,18,7,0,25,0,0,54,0,54,0,18,61,0,79,42,0,42,121
07/16/2007,SBY,MD,AEA,EN,Federal Contract Tower,0,24,3,0,27,0,1,31,0,32,0,25,34,0,59,18,0,18,77
07/17/2007,SBY,MD,AEA,EN,Federal Contract Tower,0,22,19,2,43,0,0,33,3,36,0,22,52,5,79,18,4,22,101
07/18/2007,SBY,MD,AEA,EN,Federal Contract Tower,0,23,28,0,51,0,0,44,8,52,0,23,72,8,103,42,8,50,153
07/19/2007,SBY,MD,AEA,EN,Federal Contract Tower,0,22,14,1,37,0,1,60,6,67,0,23,74,7,104,34,8,42,146
07/20/2007,SBY,MD,AEA,EN,Federal Contract Tower,0,27,20,0,47,0,0,62,6,68,0,27,82,6,115,56,38,94,209
07/21/2007,SBY,MD,AEA,EN,Federal Contract Tower,0,19,8,0,27,0,1,61,2,64,0,20,69,2,91,26,0,26,117
07/22/2007,SBY,MD,AEA,EN,Federal Contract Tower,0,14,6,0,20,0,0,70,0,70,0,14,76,0,90,51,0,51,141
07/23/2007,SBY,MD,AEA,EN,Federal Contract Tower,0,20,12,0,32,0,3,28,2,33,0,23,40,2,65,10,10,20,85
07/24/2007,SBY,MD,AEA,EN,Federal Contract Tower,0,24,11,1,36,0,0,61,9,70,0,24,72,10,106,36,16,52,158
07/25/2007,SBY,MD,AEA,EN,Federal Contract Tower,0,24,8,0,32,0,6,50,2,58,0,30,58,2,90,4,4,8,98
07/26/2007,SBY,MD,AEA,EN,Federal Contract Tower,0,24,18,0,42,0,0,37,2,39,0,24,55,2,81,44,0,44,125
07/27/2007,SBY,MD,AEA,EN,Federal Contract Tower,0,25,20,0,45,0,2,35,0,37,0,27,55,0,82,4,0,4,86
07/28/2007,SBY,MD,AEA,EN,Federal Contract Tower,0,18,9,0,27,0,1,35,0,36,0,19,44,0,63,2,0,2,65
07/29/2007,SBY,MD,AEA,EN,Federal Contract Tower,0,12,4,0,16,0,0,4,0,4,0,12,8,0,20,0,0,0,20
07/30/2007,SBY,MD,AEA,EN,Federal Contract Tower,0,20,11,2,33,0,0,17,0,17,0,20,28,2,50,22,10,32,82
07/31/2007,SBY,MD,AEA,EN,Federal Contract Tower,0,23,12,0,35,0,0,72,4,76,0,23,84,4,111,22,38,60,171
08/01/2007,SBY,MD,AEA,EN,Federal Contract Tower,0,23,13,4,40,0,1,67,0,68,0,24,80,4,108,58,16,74,182
08/02/2007,SBY,MD,AEA,EN,Federal Contract Tower,0,21,10,0,31,0,1,33,0,34,0,22,43,0,65,18,0,18,83
08/03/2007,SBY,MD,AEA,EN,Federal Contract Tower,0,24,18,0,42,0,2,69,2,73,0,26,87,2,115,24,6,30,145
08/04/2007,SBY,MD,AEA,EN,Federal Contract Tower,0,15,6,0,21,0,0,62,0,62,0,15,68,0,83,80,0,80,163
08/05/2007,SBY,MD,AEA,EN,Federal Contract Tower,0,17,15,0,32,0,3,43,2,48,0,20,58,2,80,0,2,2,82
08/06/2007,SBY,MD,AEA,EN,Federal Contract Tower,0,21,13,4,38,0,0,12,0,12,0,21,25,4,50,6,0,6,56
08/07/2007,SBY,MD,AEA,EN,Federal Contract Tower,0,26,10,6,42,0,0,38,13,51,0,26,48,19,93,12,2,14,107
08/08/2007,SBY,MD,AEA,EN,Federal Contract Tower,0,23,10,0,33,0,0,38,27,65,0,23,48,27,98,16,10,26,124
08/09/2007,SBY,MD,AEA,EN,Federal Contract Tower,0,21,17,0,38,0,5,28,8,41,0,26,45,8,79,30,6,36,115
08/10/2007,SBY,MD,AEA,EN,Federal Contract Tower,0,23,14,0,37,0,0,17,22,39,0,23,31,22,76,4,4,8,84
08/11/2007,SBY,MD,AEA,EN,Federal Contract Tower,0,18,16,3,37,0,1,80,0,81,0,19,96,3,118,50,8,58,176
08/12/2007,SBY,MD,AEA,EN,Federal Contract Tower,0,15,16,0,31,0,8,80,0,88,0,23,96,0,119,8,0,8,127
08/13/2007,SBY,MD,AEA,EN,Federal Contract Tower,0,23,5,0,28,0,0,29,2,31,0,23,34,2,59,30,12,42,101
08/14/2007,SBY,MD,AEA,EN,Federal Contract Tower,0,24,9,0,33,0,0,53,4,57,0,24,62,4,90,8,24,32,122
08/15/2007,SBY,MD,AEA,EN,Federal Contract Tower,0,24,8,0,32,0,3,41,16,60,0,27,49,16,92,28,34,62,154
08/16/2007,SBY,MD,AEA,EN,Federal Contract Tower,0,24,17,0,41,0,0,17,3,20,0,24,34,3,61,2,12,14,75
08/17/2007,SBY,MD,AEA,EN,Federal Contract Tower,0,19,11,0,30,0,0,28,0,28,0,19,39,0,58,0,0,0,58
08/18/2007,SBY,MD,AEA,EN,Federal Contract Tower,0,22,2,0,24,0,1,102,2,105,0,23,104,2,129,50,0,50,179
08/19/2007,SBY,MD,AEA,EN,Federal Contract Tower,0,14,13,0,27,0,2,44,0,46,0,16,57,0,73,20,0,20,93
08/20/2007,SBY,MD,AEA,EN,Federal Contract Tower,0,18,4,0,22,0,0,9,4,13,0,18,13,4,35,2,6,8,43
08/21/2007,SBY,MD,AEA,EN,Federal Contract Tower,0,22,1,0,23,0,0,3,0,3,0,22,4,0,26,0,0,0,26
08/22/2007,SBY,MD,AEA,EN,Federal Contract Tower,0,22,22,0,44,0,0,0,0,0,0,22,22,0,44,2,0,2,46
08/23/2007,SBY,MD,AEA,EN,Federal Contract Tower,0,25,8,0,33,0,0,0,0,0,0,25,8,0,33,0,0,0,33
08/24/2007,SBY,MD,AEA,EN,Federal Contract Tower,0,22,8,0,30,0,3,56,14,73,0,25,64,14,103,14,0,14,117
08/25/2007,SBY,MD,AEA,EN,Federal Contract Tower,0,20,7,0,27,0,0,40,0,40,0,20,47,0,67,34,0,34,101
08/26/2007,SBY,MD,AEA,EN,Federal Contract Tower,0,18,5,4,27,0,4,63,0,67,0,22,68,4,94,18,6,24,118
08/27/2007,SBY,MD,AEA,EN,Federal Contract Tower,0,22,10,0,32,0,1,57,4,62,0,23,67,4,94,74,14,88,182
08/28/2007,SBY,MD,AEA,EN,Federal Contract Tower,0,27,8,0,35,0,3,35,8,46,0,30,43,8,81,32,8,40,121
08/29/2007,SBY,MD,AEA,EN,Federal Contract Tower,0,31,10,3,44,0,1,69,7,77,0,32,79,10,121,70,18,88,209
08/30/2007,SBY,MD,AEA,EN,Federal Contract Tower,0,26,18,0,44,0,8,42,4,54,0,34,60,4,98,22,14,36,134
08/31/2007,SBY,MD,AEA,EN,Federal Contract Tower,0,27,8,0,35,0,0,24,0,24,0,27,32,0,59,14,0,14,73
09/01/2007,SBY,MD,AEA,EN,Federal Contract Tower,0,16,5,0,21,0,2,98,0,100,0,18,103,0,121,8,0,8,129
09/02/2007,SBY,MD,AEA,EN,Federal Contract Tower,0,14,9,0,23,0,2,62,0,64,0,16,71,0,87,58,0,58,145
09/03/2007,SBY,MD,AEA,EN,Federal Contract Tower,0,18,5,0,23,0,0,61,0,61,0,18,66,0,84,56,0,56,140
09/04/2007,SBY,MD,AEA,EN,Federal Contract Tower,0,22,8,5,35,0,1,50,5,56,0,23,58,10,91,44,44,88,179
09/05/2007,SBY,MD,AEA,EN,Federal Contract Tower,0,26,5,2,33,0,2,56,2,60,0,28,61,4,93,56,32,88,181
09/06/2007,SBY,MD,AEA,EN,Federal Contract Tower,0,23,13,0,36,0,0,67,4,71,0,23,80,4,107,74,18,92,199
09/07/2007,SBY,MD,AEA,EN,Federal Contract Tower,0,27,12,0,39,0,0,67,6,73,0,27,79,6,112,62,32,94,206
09/08/2007,SBY,MD,AEA,EN,Federal Contract Tower,0,16,19,0,35,0,0,138,0,138,0,16,157,0,173,82,0,82,255
09/09/2007,SBY,MD,AEA,EN,Federal Contract Tower,0,15,15,0,30,0,0,37,0,37,0,15,52,0,67,8,0,8,75
09/10/2007,SBY,MD,AEA,EN,Federal Contract Tower,0,21,18,4,43,0,0,21,12,33,0,21,39,16,76,10,22,32,108
09/11/2007,SBY,MD,AEA,EN,Federal Contract Tower,0,22,4,0,26,0,0,19,4,23,0,22,23,4,49,8,6,14,63
09/12/2007,SBY,MD,AEA,EN,Federal Contract Tower,0,22,5,3,30,0,6,36,5,47,0,28,41,8,77,40,22,62,139
09/13/2007,SBY,MD,AEA,EN,Federal Contract Tower,0,22,10,0,32,0,0,54,6,60,0,22,64,6,92,28,14,42,134
09/14/2007,SBY,MD,AEA,EN,Federal Contract Tower,0,23,20,0,43,0,0,61,4,65,0,23,81,4,108,46,12,58,166
09/15/2007,SBY,MD,AEA,EN,Federal Contract Tower,0,15,12,0,27,0,2,25,0,27,0,17,37,0,54,10,0,10,64
09/16/2007,SBY,MD,AEA,EN,Federal Contract Tower,0,17,12,0,29,0,2,84,0,86,0,19,96,0,115,70,0,70,185
09/17/2007,SBY,MD,AEA,EN,Federal Contract Tower,0,24,4,0,28,0,0,39,2,41,0,24,43,2,69,18,4,22,91
09/18/2007,SBY,MD,AEA,EN,Federal Contract Tower,0,26,10,0,36,0,0,38,7,45,0,26,48,7,81,66,2,68,149
09/19/2007,SBY,MD,AEA,EN,Federal Contract Tower,0,27,5,0,32,0,3,48,6,57,0,30,53,6,89,40,2,42,131
09/20/2007,SBY,MD,AEA,EN,Federal Contract Tower,0,27,13,1,41,0,4,66,13,83,0,31,79,14,124,68,26,94,218
09/21/2007,SBY,MD,AEA,EN,Federal Contract Tower,0,24,12,0,36,0,0,63,0,63,0,24,75,0,99,12,0,12,111
09/22/2007,SBY,MD,AEA,EN,Federal Contract Tower,0,20,6,0,26,0,3,69,2,74,0,23,75,2,100,104,8,112,212
09/23/2007,SBY,MD,AEA,EN,Federal Contract Tower,0,14,15,0,29,0,7,77,0,84,0,21,92,0,113,4,0,4,117
09/24/2007,SBY,MD,AEA,EN,Federal Contract Tower,0,25,7,0,32,0,3,81,6,90,0,28,88,6,122,80,12,92,214
09/25/2007,SBY,MD,AEA,EN,Federal Contract Tower,0,29,12,3,44,0,5,52,5,62,0,34,64,8,106,78,52,130,236
09/26/2007,SBY,MD,AEA,EN,Federal Contract Tower,0,25,15,3,43,0,0,51,6,57,0,25,66,9,100,24,8,32,132
09/27/2007,SBY,MD,AEA,EN,Federal Contract Tower,0,24,15,2,41,0,0,17,2,19,0,24,32,4,60,8,8,16,76
09/28/2007,SBY,MD,AEA,EN,Federal Contract Tower,0,23,2,4,29,0,1,36,6,43,0,24,38,10,72,18,0,18,90
09/29/2007,SBY,MD,AEA,EN,Federal Contract Tower,0,16,8,0,24,0,0,55,0,55,0,16,63,0,79,76,0,76,155
09/30/2007,SBY,MD,AEA,EN,Federal Contract Tower,0,16,12,0,28,0,0,88,0,88,0,16,100,0,116,50,0,50,166
10/01/2007,SBY,MD,AEA,EN,Federal Contract Tower,0,21,6,0,27,0,0,47,0,47,0,21,53,0,74,40,0,40,114
10/02/2007,SBY,MD,AEA,EN,Federal Contract Tower,0,22,13,0,35,0,5,37,2,44,0,27,50,2,79,48,0,48,127
10/03/2007,SBY,MD,AEA,EN,Federal Contract Tower,0,24,15,0,39,0,0,35,0,35,0,24,50,0,74,28,0,28,102
10/04/2007,SBY,MD,AEA,EN,Federal Contract Tower,0,24,24,0,48,0,0,36,0,36,0,24,60,0,84,60,0,60,144
10/05/2007,SBY,MD,AEA,EN,Federal Contract Tower,0,20,19,0,39,0,0,13,0,13,0,20,32,0,52,22,0,22,74
10/06/2007,SBY,MD,AEA,EN,Federal Contract Tower,0,24,7,0,31,0,0,28,0,28,0,24,35,0,59,4,0,4,63
10/07/2007,SBY,MD,AEA,EN,Federal Contract Tower,0,15,7,0,22,0,0,36,0,36,0,15,43,0,58,16,0,16,74
10/08/2007,SBY,MD,AEA,EN,Federal Contract Tower,0,20,16,0,36,0,0,47,0,47,0,20,63,0,83,34,0,34,117
10/09/2007,SBY,MD,AEA,EN,Federal Contract Tower,0,22,14,2,38,0,0,45,2,47,0,22,59,4,85,54,10,64,149
10/10/2007,SBY,MD,AEA,EN,Federal Contract Tower,0,28,15,2,45,0,0,12,10,22,0,28,27,12,67,32,36,68,135
10/11/2007,SBY,MD,AEA,EN,Federal Contract Tower,0,25,14,4,43,0,0,12,4,16,0,25,26,8,59,2,14,16,75
10/12/2007,SBY,MD,AEA,EN,Federal Contract Tower,0,23,14,4,41,0,0,25,13,38,0,23,39,17,79,0,60,60,139
10/13/2007,SBY,MD,AEA,EN,Federal Contract Tower,0,15,11,0,26,0,0,52,0,52,0,15,63,0,78,54,0,54,132
10/14/2007,SBY,MD,AEA,EN,Federal Contract Tower,0,16,11,0,27,0,0,35,1,36,0,16,46,1,63,8,0,8,71
10/15/2007,SBY,MD,AEA,EN,Federal Contract Tower,0,22,15,0,37,0,0,65,6,71,0,22,80,6,108,30,18,48,156
10/16/2007,SBY,MD,AEA,EN,Federal Contract Tower,0,30,7,0,37,0,0,79,2,81,0,30,86,2,118,62,2,64,182
10/17/2007,SBY,MD,AEA,EN,Federal Contract Tower,0,24,12,1,37,0,2,61,8,71,0,26,73,9,108,50,26,76,184
10/18/2007,SBY,MD,AEA,EN,Federal Contract Tower,0,22,10,0,32,0,0,22,0,22,0,22,32,0,54,30,0,30,84
10/19/2007,SBY,MD,AEA,EN,Federal Contract Tower,0,20,5,0,25,0,0,5,0,5,0,20,10,0,30,0,0,0,30
10/20/2007,SBY,MD,AEA,EN,Federal Contract Tower,0,16,11,0,27,0,2,69,0,71,0,18,80,0,98,46,0,46,144
10/21/2007,SBY,MD,AEA,EN,Federal Contract Tower,0,14,8,2,24,0,2,99,0,101,0,16,107,2,125,8,2,10,135
10/22/2007,SBY,MD,AEA,EN,Federal Contract Tower,0,22,6,0,28,0,0,42,8,50,0,22,48,8,78,40,20,60,138
10/23/2007,SBY,MD,AEA,EN,Federal Contract Tower,0,25,4,0,29,0,0,13,6,19,0,25,17,6,48,32,2,34,82
10/24/2007,SBY,MD,AEA,EN,Federal Contract Tower,0,25,14,0,39,0,0,6,0,6,0,25,20,0,45,2,0,2,47
10/25/2007,SBY,MD,AEA,EN,Federal Contract Tower,0,23,12,2,37,0,0,0,0,0,0,23,12,2,37,0,0,0,37
10/26/2007,SBY,MD,AEA,EN,Federal Contract Tower,0,22,13,0,35,0,0,0,0,0,0,22,13,0,35,0,0,0,35
10/27/2007,SBY,MD,AEA,EN,Federal Contract Tower,0,12,10,0,22,0,0,10,0,10,0,12,20,0,32,12,0,12,44
10/28/2007,SBY,MD,AEA,EN,Federal Contract Tower,0,17,7,0,24,0,3,39,0,42,0,20,46,0,66,38,0,38,104
10/29/2007,SBY,MD,AEA,EN,Federal Contract Tower,0,19,10,3,32,0,2,69,6,77,0,21,79,9,109,50,14,64,173
10/30/2007,SBY,MD,AEA,EN,Federal Contract Tower,0,24,11,2,37,0,0,73,2,75,0,24,84,4,112,64,0,64,176
10/31/2007,SBY,MD,AEA,EN,Federal Contract Tower,0,28,7,0,35,0,4,63,2,69,0,32,70,2,104,98,0,98,202
11/01/2007,SBY,MD,AEA,EN,Federal Contract Tower,0,29,13,2,44,0,1,82,2,85,0,30,95,4,129,82,32,114,243
11/02/2007,SBY,MD,AEA,EN,Federal Contract Tower,0,22,9,1,32,0,0,20,0,20,0,22,29,1,52,0,0,0,52
11/03/2007,SBY,MD,AEA,EN,Federal Contract Tower,0,17,5,0,22,0,1,8,0,9,0,18,13,0,31,2,0,2,33
11/04/2007,SBY,MD,AEA,EN,Federal Contract Tower,0,18,5,0,23,0,0,51,0,51,0,18,56,0,74,62,0,62,136
11/05/2007,SBY,MD,AEA,EN,Federal Contract Tower,0,21,10,0,31,0,1,48,12,61,0,22,58,12,92,98,22,120,212
11/06/2007,SBY,MD,AEA,EN,Federal Contract Tower,0,22,12,0,34,0,1,10,0,11,0,23,22,0,45,20,4,24,69
11/07/2007,SBY,MD,AEA,EN,Federal Contract Tower,0,27,15,0,42,0,2,54,6,62,0,29,69,6,104,66,16,82,186
11/08/2007,SBY,MD,AEA,EN,Federal Contract Tower,0,23,25,0,48,0,1,55,9,65,0,24,80,9,113,72,22,94,207
11/09/2007,SBY,MD,AEA,EN,Federal Contract Tower,0,24,13,0,37,0,6,50,0,56,0,30,63,0,93,28,0,28,121
11/10/2007,SBY,MD,AEA,EN,Federal Contract Tower,0,18,1,0,19,0,0,7,0,7,0,18,8,0,26,44,0,44,70
11/11/2007,SBY,MD,AEA,EN,Federal Contract Tower,0,16,8,0,24,0,0,68,0,68,0,16,76,0,92,78,0,78,170
11/12/2007,SBY,MD,AEA,EN,Federal Contract Tower,0,20,8,0,28,0,0,15,0,15,0,20,23,0,43,44,0,44,87
11/13/2007,SBY,MD,AEA,EN,Federal Contract Tower,0,23,17,0,40,0,2,37,2,41,0,25,54,2,81,34,14,48,129
11/14/2007,SBY,MD,AEA,EN,Federal Contract Tower,0,24,14,2,40,0,2,49,10,61,0,26,63,12,101,62,70,132,233
11/15/2007,SBY,MD,AEA,EN,Federal Contract Tower,0,24,12,0,36,0,0,6,0,6,0,24,18,0,42,0,0,0,42
11/16/2007,SBY,MD,AEA,EN,Federal Contract Tower,0,21,9,0,30,0,0,22,2,24,0,21,31,2,54,12,0,12,66
11/17/2007,SBY,MD,AEA,EN,Federal Contract Tower,0,15,15,0,30,0,0,66,0,66,0,15,81,0,96,126,0,126,222
11/18/2007,SBY,MD,AEA,EN,Federal Contract Tower,0,14,11,0,25,0,0,31,0,31,0,14,42,0,56,58,0,58,114
11/19/2007,SBY,MD,AEA,EN,Federal Contract Tower,0,24,22,4,50,0,1,11,0,12,0,25,33,4,62,34,12,46,108
11/20/2007,SBY,MD,AEA,EN,Federal Contract Tower,0,21,18,3,42,0,0,43,5,48,0,21,61,8,90,24,34,58,148
11/21/2007,SBY,MD,AEA,EN,Federal Contract Tower,0,24,17,0,41,0,1,80,3,84,0,25,97,3,125,106,0,106,231
11/22/2007,SBY,MD,AEA,EN,Federal Contract Tower,0,14,0,0,14,0,0,7,0,7,0,14,7,0,21,2,0,2,23
11/23/2007,SBY,MD,AEA,EN,Federal Contract Tower,0,21,2,0,23,0,0,30,3,33,0,21,32,3,56,10,0,10,66
11/24/2007,SBY,MD,AEA,EN,Federal Contract Tower,0,15,15,0,30,0,1,29,0,30,0,16,44,0,60,50,0,50,110
11/25/2007,SBY,MD,AEA,EN,Federal Contract Tower,0,15,16,0,31,0,0,42,0,42,0,15,58,0,73,34,0,34,107
11/26/2007,SBY,MD,AEA,EN,Federal Contract Tower,0,19,10,0,29,0,0,1,0,1,0,19,11,0,30,0,0,0,30
11/27/2007,SBY,MD,AEA,EN,Federal Contract Tower,0,24,8,0,32,0,0,48,0,48,0,24,56,0,80,36,0,36,116
11/28/2007,SBY,MD,AEA,EN,Federal Contract Tower,0,23,13,0,36,0,9,47,8,64,0,32,60,8,100,74,34,108,208
11/29/2007,SBY,MD,AEA,EN,Federal Contract Tower,0,21,10,0,31,0,0,49,4,53,0,21,59,4,84,52,18,70,154
11/30/2007,SBY,MD,AEA,EN,Federal Contract Tower,0,20,4,0,24,0,0,56,0,56,0,20,60,0,80,46,0,46,126
12/01/2007,SBY,MD,AEA,EN,Federal Contract Tower,0,13,23,0,36,0,0,23,0,23,0,13,46,0,59,40,0,40,99
12/02/2007,SBY,MD,AEA,EN,Federal Contract Tower,0,14,13,0,27,0,0,17,0,17,0,14,30,0,44,68,0,68,112
12/03/2007,SBY,MD,AEA,EN,Federal Contract Tower,0,19,14,2,35,0,1,8,2,11,0,20,22,4,46,0,0,0,46
12/04/2007,SBY,MD,AEA,EN,Federal Contract Tower,0,22,8,0,30,0,2,19,0,21,0,24,27,0,51,12,0,12,63
12/05/2007,SBY,MD,AEA,EN,Federal Contract Tower,0,20,6,1,27,0,0,11,0,11,0,20,17,1,38,4,2,6,44
12/06/2007,SBY,MD,AEA,EN,Federal Contract Tower,0,27,13,0,40,0,2,39,4,45,0,29,52,4,85,70,8,78,163
12/07/2007,SBY,MD,AEA,EN,Federal Contract Tower,0,14,5,0,19,0,0,17,0,17,0,14,22,0,36,18,0,18,54
12/08/2007,SBY,MD,AEA,EN,Federal Contract Tower,0,17,4,0,21,0,0,27,0,27,0,17,31,0,48,34,0,34,82
12/09/2007,SBY,MD,AEA,EN,Federal Contract Tower,0,15,12,0,27,0,0,14,0,14,0,15,26,0,41,28,0,28,69
12/10/2007,SBY,MD,AEA,EN,Federal Contract Tower,0,21,16,4,41,0,0,2,0,2,0,21,18,4,43,0,0,0,43
12/11/2007,SBY,MD,AEA,EN,Federal Contract Tower,0,24,8,0,32,0,0,3,0,3,0,24,11,0,35,0,0,0,35
12/12/2007,SBY,MD,AEA,EN,Federal Contract Tower,0,22,11,0,33,0,2,32,0,34,0,24,43,0,67,40,0,40,107
12/13/2007,SBY,MD,AEA,EN,Federal Contract Tower,0,27,10,0,37,0,0,15,0,15,0,27,25,0,52,12,0,12,64
12/14/2007,SBY,MD,AEA,EN,Federal Contract Tower,0,21,9,4,34,0,0,31,6,37,0,21,40,10,71,42,6,48,119
12/15/2007,SBY,MD,AEA,EN,Federal Contract Tower,0,14,4,0,18,0,0,34,0,34,0,14,38,0,52,40,0,40,92
12/16/2007,SBY,MD,AEA,EN,Federal Contract Tower,0,13,4,0,17,0,0,2,0,2,0,13,6,0,19,0,0,0,19
12/17/2007,SBY,MD,AEA,EN,Federal Contract Tower,0,20,5,0,25,0,0,9,2,11,0,20,14,2,36,0,0,0,36
12/18/2007,SBY,MD,AEA,EN,Federal Contract Tower,0,26,18,2,46,0,0,68,3,71,0,26,86,5,117,134,12,146,263
12/19/2007,SBY,MD,AEA,EN,Federal Contract Tower,0,23,17,0,40,0,0,33,0,33,0,23,50,0,73,66,0,66,139
12/20/2007,SBY,MD,AEA,EN,Federal Contract Tower,0,22,14,2,38,0,0,31,6,37,0,22,45,8,75,28,32,60,135
12/21/2007,SBY,MD,AEA,EN,Federal Contract Tower,0,24,11,2,37,0,0,14,6,20,0,24,25,8,57,16,30,46,103
12/22/2007,SBY,MD,AEA,EN,Federal Contract Tower,0,16,9,0,25,0,0,22,0,22,0,16,31,0,47,22,0,22,69
12/23/2007,SBY,MD,AEA,EN,Federal Contract Tower,0,11,1,0,12,0,0,0,0,0,0,11,1,0,12,0,0,0,12
12/24/2007,SBY,MD,AEA,EN,Federal Contract Tower,0,13,2,0,15,0,0,36,0,36,0,13,38,0,51,48,0,48,99
12/25/2007,SBY,MD,AEA,EN,Federal Contract Tower,0,13,1,0,14,0,0,15,0,15,0,13,16,0,29,0,0,0,29
12/26/2007,SBY,MD,AEA,EN,Federal Contract Tower,0,23,2,0,25,0,0,7,0,7,0,23,9,0,32,2,0,2,34
12/27/2007,SBY,MD,AEA,EN,Federal Contract Tower,0,26,11,0,37,0,0,35,0,35,0,26,46,0,72,64,0,64,136
12/28/2007,SBY,MD,AEA,EN,Federal Contract Tower,0,22,11,0,33,0,0,31,0,31,0,22,42,0,64,68,0,68,132
12/29/2007,SBY,MD,AEA,EN,Federal Contract Tower,0,17,7,0,24,0,4,28,0,32,0,21,35,0,56,44,0,44,100
12/30/2007,SBY,MD,AEA,EN,Federal Contract Tower,0,17,15,0,32,0,0,16,0,16,0,17,31,0,48,4,0,4,52
12/31/2007,SBY,MD,AEA,EN,Federal Contract Tower,0,20,5,0,25,0,7,53,0,60,0,27,58,0,85,60,0,60,145
01/01/2008,SBY,MD,AEA,EN,Federal Contract Tower,0,13,3,0,16,0,1,19,0,20,0,14,22,0,36,6,0,6,42
01/02/2008,SBY,MD,AEA,EN,Federal Contract Tower,0,26,11,0,37,0,0,2,0,2,0,26,13,0,39,8,0,8,47
01/03/2008,SBY,MD,AEA,EN,Federal Contract Tower,0,18,6,0,24,23,0,2,0,25,23,18,8,0,49,4,52,56,105
01/04/2008,SBY,MD,AEA,EN,Federal Contract Tower,0,23,7,0,30,0,1,28,0,29,0,24,35,0,59,26,0,26,85
01/05/2008,SBY,MD,AEA,EN,Federal Contract Tower,0,15,3,0,18,0,0,40,0,40,0,15,43,0,58,58,0,58,116
01/06/2008,SBY,MD,AEA,EN,Federal Contract Tower,0,14,7,0,21,0,1,73,0,74,0,15,80,0,95,72,0,72,167
01/07/2008,SBY,MD,AEA,EN,Federal Contract Tower,0,25,9,0,34,0,0,32,0,32,0,25,41,0,66,24,0,24,90
01/08/2008,SBY,MD,AEA,EN,Federal Contract Tower,0,18,3,0,21,0,2,40,4,46,0,20,43,4,67,20,8,28,95
01/09/2008,SBY,MD,AEA,EN,Federal Contract Tower,0,22,8,0,30,0,2,21,12,35,0,24,29,12,65,26,26,52,117
01/10/2008,SBY,MD,AEA,EN,Federal Contract Tower,0,21,6,0,27,0,2,28,13,43,0,23,34,13,70,12,36,48,118
01/11/2008,SBY,MD,AEA,EN,Federal Contract Tower,0,20,8,0,28,0,0,6,0,6,0,20,14,0,34,12,0,12,46
01/12/2008,SBY,MD,AEA,EN,Federal Contract Tower,0,15,7,0,22,0,0,86,0,86,0,15,93,0,108,90,0,90,198
01/13/2008,SBY,MD,AEA,EN,Federal Contract Tower,0,22,13,0,35,0,0,23,0,23,0,22,36,0,58,42,0,42,100
01/14/2008,SBY,MD,AEA,EN,Federal Contract Tower,0,17,7,0,24,0,0,15,0,15,0,17,22,0,39,22,0,22,61
01/15/2008,SBY,MD,AEA,EN,Federal Contract Tower,0,17,9,5,31,0,4,29,0,33,0,21,38,5,64,14,10,24,88
01/16/2008,SBY,MD,AEA,EN,Federal Contract Tower,0,20,7,0,27,0,4,64,6,74,0,24,71,6,101,94,24,118,219
01/17/2008,SBY,MD,AEA,EN,Federal Contract Tower,0,19,3,0,22,0,0,4,0,4,0,19,7,0,26,0,0,0,26
01/18/2008,SBY,MD,AEA,EN,Federal Contract Tower,0,20,12,0,32,0,0,32,2,34,0,20,44,2,66,46,8,54,120
01/19/2008,SBY,MD,AEA,EN,Federal Contract Tower,0,16,2,0,18,0,0,31,0,31,0,16,33,0,49,56,0,56,105
01/20/2008,SBY,MD,AEA,EN,Federal Contract Tower,0,13,5,0,18,0,2,17,0,19,0,15,22,0,37,16,0,16,53
01/21/2008,SBY,MD,AEA,EN,Federal Contract Tower,0,17,9,0,26,0,0,43,0,43,0,17,52,0,69,60,0,60,129
01/22/2008,SBY,MD,AEA,EN,Federal Contract Tower,0,21,5,2,28,0,0,20,0,20,0,21,25,2,48,0,10,10,58
01/23/2008,SBY,MD,AEA,EN,Federal Contract Tower,0,18,15,0,33,0,4,46,0,50,0,22,61,0,83,72,0,72,155
01/24/2008,SBY,MD,AEA,EN,Federal Contract Tower,0,21,8,1,30,0,1,15,3,19,0,22,23,4,49,22,6,28,77
01/25/2008,SBY,MD,AEA,EN,Federal Contract Tower,0,21,11,3,35,0,0,57,7,64,0,21,68,10,99,72,16,88,187
01/26/2008,SBY,MD,AEA,EN,Federal Contract Tower,0,15,4,0,19,0,1,38,0,39,0,16,42,0,58,48,0,48,106
01/27/2008,SBY,MD,AEA,EN,Federal Contract Tower,0,15,6,0,21,0,0,35,2,37,0,15,41,2,58,32,0,32,90
01/28/2008,SBY,MD,AEA,EN,Federal Contract Tower,0,14,5,0,19,0,0,39,0,39,0,14,44,0,58,54,0,54,112
01/29/2008,SBY,MD,AEA,EN,Federal Contract Tower,0,20,5,0,25,0,0,28,1,29,0,20,33,1,54,44,2,46,100
01/30/2008,SBY,MD,AEA,EN,Federal Contract Tower,0,23,8,2,33,0,0,17,2,19,0,23,25,4,52,12,6,18,70
01/31/2008,SBY,MD,AEA,EN,Federal Contract Tower,0,20,8,0,28,0,0,59,2,61,0,20,67,2,89,80,4,84,173
02/01/2008,SBY,MD,AEA,EN,Federal Contract Tower,0,23,9,0,32,0,0,0,0,0,0,23,9,0,32,0,0,0,32
02/02/2008,SBY,MD,AEA,EN,Federal Contract Tower,0,13,8,0,21,0,0,58,0,58,0,13,66,0,79,60,0,60,139
02/03/2008,SBY,MD,AEA,EN,Federal Contract Tower,0,14,9,0,23,0,0,46,0,46,0,14,55,0,69,46,0,46,115
02/04/2008,SBY,MD,AEA,EN,Federal Contract Tower,0,21,15,2,38,0,2,29,4,35,0,23,44,6,73,22,18,40,113
02/05/2008,SBY,MD,AEA,EN,Federal Contract Tower,0,19,7,0,26,0,2,18,2,22,0,21,25,2,48,16,2,18,66
02/06/2008,SBY,MD,AEA,EN,Federal Contract Tower,0,23,3,0,26,0,1,14,0,15,0,24,17,0,41,2,0,2,43
02/07/2008,SBY,MD,AEA,EN,Federal Contract Tower,0,19,14,0,33,0,3,52,0,55,0,22,66,0,88,40,0,40,128
02/08/2008,SBY,MD,AEA,EN,Federal Contract Tower,0,21,14,2,37,0,0,49,4,53,0,21,63,6,90,76,10,86,176
02/09/2008,SBY,MD,AEA,EN,Federal Contract Tower,0,13,7,0,20,0,0,12,0,12,0,13,19,0,32,6,0,6,38
02/10/2008,SBY,MD,AEA,EN,Federal Contract Tower,0,16,3,0,19,0,0,1,0,1,0,16,4,0,20,0,0,0,20
02/11/2008,SBY,MD,AEA,EN,Federal Contract Tower,0,19,6,0,25,0,1,17,2,20,0,20,23,2,45,18,14,32,77
02/12/2008,SBY,MD,AEA,EN,Federal Contract Tower,0,16,3,0,19,0,1,18,2,21,0,17,21,2,40,16,0,16,56
02/13/2008,SBY,MD,AEA,EN,Federal Contract Tower,0,28,7,3,38,0,0,1,0,1,0,28,8,3,39,0,0,0,39
02/14/2008,SBY,MD,AEA,EN,Federal Contract Tower,0,21,1,2,24,0,2,13,2,17,0,23,14,4,41,4,10,14,55
02/15/2008,SBY,MD,AEA,EN,Federal Contract Tower,0,20,5,1,26,0,1,55,3,59,0,21,60,4,85,36,36,72,157
02/16/2008,SBY,MD,AEA,EN,Federal Contract Tower,0,13,7,0,20,0,0,22,0,22,0,13,29,0,42,56,0,56,98
02/17/2008,SBY,MD,AEA,EN,Federal Contract Tower,0,15,12,0,27,0,0,22,0,22,0,15,34,0,49,22,0,22,71
02/18/2008,SBY,MD,AEA,EN,Federal Contract Tower,0,18,2,0,20,0,2,9,0,11,0,20,11,0,31,4,0,4,35
02/19/2008,SBY,MD,AEA,EN,Federal Contract Tower,0,20,12,2,34,0,0,48,0,48,0,20,60,2,82,24,0,24,106
02/20/2008,SBY,MD,AEA,EN,Federal Contract Tower,0,15,10,0,25,0,2,23,4,29,0,17,33,4,54,42,14,56,110
02/21/2008,SBY,MD,AEA,EN,Federal Contract Tower,0,24,7,0,31,0,0,36,4,40,0,24,43,4,71,48,10,58,129
02/22/2008,SBY,MD,AEA,EN,Federal Contract Tower,0,9,3,4,16,0,0,0,0,0,0,9,3,4,16,0,0,0,16
02/23/2008,SBY,MD,AEA,EN,Federal Contract Tower,0,12,5,0,17,0,0,0,0,0,0,12,5,0,17,0,0,0,17
02/24/2008,SBY,MD,AEA,EN,Federal Contract Tower,0,15,7,0,22,0,0,53,1,54,0,15,60,1,76,40,0,40,116
02/25/2008,SBY,MD,AEA,EN,Federal Contract Tower,0,19,11,0,30,0,0,34,4,38,0,19,45,4,68,26,14,40,108
02/26/2008,SBY,MD,AEA,EN,Federal Contract Tower,0,18,7,1,26,0,0,11,7,18,0,18,18,8,44,0,34,34,78
02/27/2008,SBY,MD,AEA,EN,Federal Contract Tower,0,22,5,0,27,0,1,22,4,27,0,23,27,4,54,10,6,16,70
02/28/2008,SBY,MD,AEA,EN,Federal Contract Tower,0,18,12,0,30,0,1,32,2,35,0,19,44,2,65,32,8,40,105
02/29/2008,SBY,MD,AEA,EN,Federal Contract Tower,0,23,9,0,32,0,1,41,0,42,0,24,50,0,74,28,0,28,102
03/01/2008,SBY,MD,AEA,EN,Federal Contract Tower,0,13,8,0,21,0,0,15,0,15,0,13,23,0,36,18,0,18,54
03/02/2008,SBY,MD,AEA,EN,Federal Contract Tower,0,14,6,0,20,0,0,77,0,77,0,14,83,0,97,78,0,78,175
03/03/2008,SBY,MD,AEA,EN,Federal Contract Tower,0,21,6,0,27,0,0,46,0,46,0,21,52,0,73,50,0,50,123
03/04/2008,SBY,MD,AEA,EN,Federal Contract Tower,0,18,9,0,27,0,0,15,2,17,0,18,24,2,44,12,10,22,66
03/05/2008,SBY,MD,AEA,EN,Federal Contract Tower,0,19,7,2,28,0,1,20,10,31,0,20,27,12,59,42,20,62,121
03/06/2008,SBY,MD,AEA,EN,Federal Contract Tower,0,18,10,0,28,0,1,42,2,45,0,19,52,2,73,56,8,64,137
03/07/2008,SBY,MD,AEA,EN,Federal Contract Tower,0,17,8,6,31,0,0,5,0,5,0,17,13,6,36,2,8,10,46
03/08/2008,SBY,MD,AEA,EN,Federal Contract Tower,0,15,0,0,15,0,0,0,0,0,0,15,0,0,15,0,0,0,15
03/09/2008,SBY,MD,AEA,EN,Federal Contract Tower,0,13,4,0,17,0,0,5,0,5,0,13,9,0,22,2,4,6,28
03/10/2008,SBY,MD,AEA,EN,Federal Contract Tower,0,20,9,0,29,0,0,22,2,24,0,20,31,2,53,30,6,36,89
03/11/2008,SBY,MD,AEA,EN,Federal Contract Tower,0,19,9,0,28,0,2,41,3,46,0,21,50,3,74,36,34,70,144
03/12/2008,SBY,MD,AEA,EN,Federal Contract Tower,0,18,7,1,26,0,2,23,11,36,0,20,30,12,62,0,34,34,96
03/13/2008,SBY,MD,AEA,EN,Federal Contract Tower,0,23,10,2,35,0,2,37,1,40,0,25,47,3,75,10,52,62,137
03/14/2008,SBY,MD,AEA,EN,Federal Contract Tower,0,23,5,0,28,0,0,30,0,30,0,23,35,0,58,66,0,66,124
03/15/2008,SBY,MD,AEA,EN,Federal Contract Tower,0,14,3,0,17,0,2,22,0,24,0,16,25,0,41,28,0,28,69
03/16/2008,SBY,MD,AEA,EN,Federal Contract Tower,0,17,15,0,32,0,0,13,0,13,0,17,28,0,45,28,0,28,73
03/17/2008,SBY,MD,AEA,EN,Federal Contract Tower,0,21,8,0,29,0,0,43,0,43,0,21,51,0,72,20,6,26,98
03/18/2008,SBY,MD,AEA,EN,Federal Contract Tower,0,20,8,1,29,0,0,32,1,33,0,20,40,2,62,24,0,24,86
03/19/2008,SBY,MD,AEA,EN,Federal Contract Tower,0,19,4,2,25,0,2,18,0,20,0,21,22,2,45,4,6,10,55
03/20/2008,SBY,MD,AEA,EN,Federal Contract Tower,0,22,7,0,29,0,0,15,0,15,0,22,22,0,44,0,0,0,44
03/21/2008,SBY,MD,AEA,EN,Federal Contract Tower,0,24,6,2,32,0,3,18,2,23,0,27,24,4,55,8,20,28,83
03/22/2008,SBY,MD,AEA,EN,Federal Contract Tower,0,21,9,0,30,0,0,23,0,23,0,21,32,0,53,30,0,30,83
03/23/2008,SBY,MD,AEA,EN,Federal Contract Tower,0,15,4,0,19,0,2,35,0,37,0,17,39,0,56,24,0,24,80
03/24/2008,SBY,MD,AEA,EN,Federal Contract Tower,0,21,14,2,37,0,3,29,0,32,0,24,43,2,69,56,10,66,135
03/25/2008,SBY,MD,AEA,EN,Federal Contract Tower,0,18,18,0,36,0,0,18,2,20,0,18,36,2,56,30,2,32,88
03/26/2008,SBY,MD,AEA,EN,Federal Contract Tower,0,21,12,0,33,0,2,23,4,29,0,23,35,4,62,20,22,42,104
03/27/2008,SBY,MD,AEA,EN,Federal Contract Tower,0,17,9,0,26,0,0,16,6,22,0,17,25,6,48,24,44,68,116
03/28/2008,SBY,MD,AEA,EN,Federal Contract Tower,0,23,6,0,29,0,2,24,2,28,0,25,30,2,57,20,4,24,81
03/29/2008,SBY,MD,AEA,EN,Federal Contract Tower,0,14,1,0,15,0,1,22,0,23,0,15,23,0,38,40,0,40,78
03/30/2008,SBY,MD,AEA,EN,Federal Contract Tower,0,13,6,0,19,0,1,33,0,34,0,14,39,0,53,16,0,16,69
03/31/2008,SBY,MD,AEA,EN,Federal Contract Tower,0,20,7,0,27,0,0,10,0,10,0,20,17,0,37,0,0,0,37
04/01/2008,SBY,MD,AEA,EN,Federal Contract Tower,0,23,1,0,24,0,0,9,0,9,0,23,10,0,33,12,0,12,45
04/02/2008,SBY,MD,AEA,EN,Federal Contract Tower,0,19,6,0,25,0,3,40,2,45,0,22,46,2,70,54,4,58,128
04/03/2008,SBY,MD,AEA,EN,Federal Contract Tower,0,19,27,0,46,0,0,36,4,40,0,19,63,4,86,28,18,46,132
04/04/2008,SBY,MD,AEA,EN,Federal Contract Tower,0,19,13,0,32,0,0,8,0,8,0,19,21,0,40,12,0,12,52
04/05/2008,SBY,MD,AEA,EN,Federal Contract Tower,0,16,11,0,27,0,0,30,0,30,0,16,41,0,57,22,0,22,79
04/06/2008,SBY,MD,AEA,EN,Federal Contract Tower,0,16,14,0,30,0,0,0,0,0,0,16,14,0,30,0,0,0,30
04/07/2008,SBY,MD,AEA,EN,Federal Contract Tower,0,20,8,2,30,0,0,4,0,4,0,20,12,2,34,0,0,0,34
04/08/2008,SBY,MD,AEA,EN,Federal Contract Tower,0,21,15,8,44,0,0,2,0,2,0,21,17,8,46,0,0,0,46
04/09/2008,SBY,MD,AEA,EN,Federal Contract Tower,0,24,7,0,31,0,0,0,0,0,0,24,7,0,31,0,0,0,31
04/10/2008,SBY,MD,AEA,EN,Federal Contract Tower,0,18,14,0,32,0,0,20,0,20,0,18,34,0,52,30,0,30,82
04/11/2008,SBY,MD,AEA,EN,Federal Contract Tower,0,23,9,0,32,0,0,30,4,34,0,23,39,4,66,46,24,70,136
04/12/2008,SBY,MD,AEA,EN,Federal Contract Tower,0,16,8,0,24,0,0,6,0,6,0,16,14,0,30,8,0,8,38
04/13/2008,SBY,MD,AEA,EN,Federal Contract Tower,0,14,12,0,26,0,2,50,0,52,0,16,62,0,78,44,0,44,122
04/14/2008,SBY,MD,AEA,EN,Federal Contract Tower,0,19,7,2,28,0,0,38,2,40,0,19,45,4,68,32,12,44,112
04/15/2008,SBY,MD,AEA,EN,Federal Contract Tower,0,24,12,0,36,0,7,50,4,61,0,31,62,4,97,68,22,90,187
04/16/2008,SBY,MD,AEA,EN,Federal Contract Tower,0,23,6,0,29,0,1,63,4,68,0,24,69,4,97,68,8,76,173
04/17/2008,SBY,MD,AEA,EN,Federal Contract Tower,0,24,5,0,29,0,5,53,8,66,0,29,58,8,95,36,70,106,201
04/18/2008,SBY,MD,AEA,EN,Federal Contract Tower,0,23,10,2,35,0,0,53,2,55,0,23,63,4,90,42,18,60,150
04/19/2008,SBY,MD,AEA,EN,Federal Contract Tower,0,16,3,0,19,0,0,76,0,76,0,16,79,0,95,44,0,44,139
04/20/2008,SBY,MD,AEA,EN,Federal Contract Tower,0,13,4,0,17,0,0,6,0,6,0,13,10,0,23,0,0,0,23
04/21/2008,SBY,MD,AEA,EN,Federal Contract Tower,0,26,11,0,37,0,0,4,0,4,0,26,15,0,41,0,0,0,41
04/22/2008,SBY,MD,AEA,EN,Federal Contract Tower,0,24,20,0,44,0,3,12,2,17,0,27,32,2,61,6,0,6,67
04/23/2008,SBY,MD,AEA,EN,Federal Contract Tower,0,26,12,4,42,0,2,55,0,57,0,28,67,4,99,30,6,36,135
04/24/2008,SBY,MD,AEA,EN,Federal Contract Tower,0,22,15,4,41,0,0,41,0,41,0,22,56,4,82,60,22,82,164
04/25/2008,SBY,MD,AEA,EN,Federal Contract Tower,0,24,16,0,40,0,0,63,4,67,0,24,79,4,107,52,10,62,169
04/26/2008,SBY,MD,AEA,EN,Federal Contract Tower,0,16,5,0,21,0,0,37,0,37,0,16,42,0,58,50,0,50,108
04/27/2008,SBY,MD,AEA,EN,Federal Contract Tower,0,11,16,0,27,0,0,4,0,4,0,11,20,0,31,0,4,4,35
04/28/2008,SBY,MD,AEA,EN,Federal Contract Tower,0,23,9,0,32,0,0,2,0,2,0,23,11,0,34,0,0,0,34
04/29/2008,SBY,MD,AEA,EN,Federal Contract Tower,0,25,20,1,46,0,0,41,6,47,0,25,61,7,93,37,30,67,160
04/30/2008,SBY,MD,AEA,EN,Federal Contract Tower,0,26,10,0,36,0,0,66,4,70,0,26,76,4,106,74,10,84,190
05/01/2008,SBY,MD,AEA,EN,Federal Contract Tower,0,25,4,2,31,0,0,26,8,34,0,25,30,10,65,32,24,56,121
05/02/2008,SBY,MD,AEA,EN,Federal Contract Tower,0,21,5,2,28,0,1,53,6,60,0,22,58,8,88,76,0,76,164
05/03/2008,SBY,MD,AEA,EN,Federal Contract Tower,0,17,8,0,25,0,2,45,0,47,0,19,53,0,72,40,0,40,112
05/04/2008,SBY,MD,AEA,EN,Federal Contract Tower,0,16,7,0,23,0,0,52,2,54,0,16,59,2,77,18,0,18,95
05/05/2008,SBY,MD,AEA,EN,Federal Contract Tower,0,20,4,0,24,0,0,34,4,38,0,20,38,4,62,34,20,54,116
05/06/2008,SBY,MD,AEA,EN,Federal Contract Tower,0,24,10,0,34,0,5,60,2,67,0,29,70,2,101,42,26,68,169
05/07/2008,SBY,MD,AEA,EN,Federal Contract Tower,0,24,7,1,32,0,10,46,5,61,0,34,53,6,93,44,56,100,193
05/08/2008,SBY,MD,AEA,EN,Federal Contract Tower,0,21,13,0,34,0,0,6,2,8,0,21,19,2,42,8,4,12,54
05/09/2008,SBY,MD,AEA,EN,Federal Contract Tower,0,23,5,0,28,0,0,0,0,0,0,23,5,0,28,0,0,0,28
05/10/2008,SBY,MD,AEA,EN,Federal Contract Tower,0,19,9,0,28,0,0,13,0,13,0,19,22,0,41,18,0,18,59
05/11/2008,SBY,MD,AEA,EN,Federal Contract Tower,0,16,3,0,19,0,0,19,0,19,0,16,22,0,38,6,0,6,44
05/12/2008,SBY,MD,AEA,EN,Federal Contract Tower,0,21,8,0,29,0,0,5,4,9,0,21,13,4,38,0,0,0,38
05/13/2008,SBY,MD,AEA,EN,Federal Contract Tower,0,25,9,0,34,0,5,27,4,36,0,30,36,4,70,32,16,48,118
05/14/2008,SBY,MD,AEA,EN,Federal Contract Tower,0,22,7,4,33,0,1,38,2,41,0,23,45,6,74,34,26,60,134
05/15/2008,SBY,MD,AEA,EN,Federal Contract Tower,0,25,11,0,36,0,0,43,5,48,0,25,54,5,84,40,18,58,142
05/16/2008,SBY,MD,AEA,EN,Federal Contract Tower,0,24,6,0,30,0,1,1,0,2,0,25,7,0,32,0,0,0,32
05/17/2008,SBY,MD,AEA,EN,Federal Contract Tower,0,16,6,0,22,0,0,38,1,39,0,16,44,1,61,14,0,14,75
05/18/2008,SBY,MD,AEA,EN,Federal Contract Tower,0,16,3,0,19,0,2,24,0,26,0,18,27,0,45,22,0,22,67
05/19/2008,SBY,MD,AEA,EN,Federal Contract Tower,0,19,8,0,27,0,2,43,4,49,0,21,51,4,76,6,18,24,100
05/20/2008,SBY,MD,AEA,EN,Federal Contract Tower,0,29,10,0,39,0,0,7,0,7,0,29,17,0,46,2,0,2,48
05/21/2008,SBY,MD,AEA,EN,Federal Contract Tower,0,22,10,0,32,0,2,22,2,26,0,24,32,2,58,6,22,28,86
05/22/2008,SBY,MD,AEA,EN,Federal Contract Tower,0,23,8,1,32,0,0,26,5,31,0,23,34,6,63,14,62,76,139
05/23/2008,SBY,MD,AEA,EN,Federal Contract Tower,0,26,6,1,33,0,0,62,8,70,0,26,68,9,103,30,44,74,177
05/24/2008,SBY,MD,AEA,EN,Federal Contract Tower,0,12,11,0,23,0,2,56,0,58,0,14,67,0,81,90,0,90,171
05/25/2008,SBY,MD,AEA,EN,Federal Contract Tower,0,10,3,0,13,0,4,47,0,51,0,14,50,0,64,58,0,58,122
05/26/2008,SBY,MD,AEA,EN,Federal Contract Tower,0,16,8,0,24,0,0,27,0,27,0,16,35,0,51,34,0,34,85
05/27/2008,SBY,MD,AEA,EN,Federal Contract Tower,0,21,14,2,37,0,0,32,8,40,0,21,46,10,77,62,36,98,175
05/28/2008,SBY,MD,AEA,EN,Federal Contract Tower,0,26,15,0,41,0,6,41,2,49,0,32,56,2,90,66,24,90,180
05/29/2008,SBY,MD,AEA,EN,Federal Contract Tower,0,18,11,0,29,0,4,71,10,85,0,22,82,10,114,74,64,138,252
05/30/2008,SBY,MD,AEA,EN,Federal Contract Tower,0,24,11,2,37,0,3,48,9,60,0,27,59,11,97,52,52,104,201
05/31/2008,SBY,MD,AEA,EN,Federal Contract Tower,0,19,5,0,24,0,0,12,0,12,0,19,17,0,36,0,0,0,36
06/01/2008,SBY,MD,AEA,EN,Federal Contract Tower,0,16,4,0,20,0,0,17,0,17,0,16,21,0,37,24,0,24,61
06/02/2008,SBY,MD,AEA,EN,Federal Contract Tower,0,20,10,0,30,0,1,34,2,37,0,21,44,2,67,58,20,78,145
06/03/2008,SBY,MD,AEA,EN,Federal Contract Tower,0,24,9,2,35,0,4,28,0,32,0,28,37,2,67,32,30,62,129
06/04/2008,SBY,MD,AEA,EN,Federal Contract Tower,0,23,7,2,32,0,5,23,2,30,0,28,30,4,62,50,12,62,124
06/05/2008,SBY,MD,AEA,EN,Federal Contract Tower,0,22,12,8,42,0,1,14,2,17,0,23,26,10,59,16,30,46,105
06/06/2008,SBY,MD,AEA,EN,Federal Contract Tower,0,22,17,0,39,0,0,14,10,24,0,22,31,10,63,14,34,48,111
06/07/2008,SBY,MD,AEA,EN,Federal Contract Tower,0,16,6,0,22,0,0,36,0,36,0,16,42,0,58,16,0,16,74
06/08/2008,SBY,MD,AEA,EN,Federal Contract Tower,0,14,8,0,22,0,6,37,0,43,0,20,45,0,65,26,0,26,91
06/09/2008,SBY,MD,AEA,EN,Federal Contract Tower,0,23,8,2,33,0,0,44,14,58,0,23,52,16,91,78,154,232,323
06/10/2008,SBY,MD,AEA,EN,Federal Contract Tower,0,22,8,3,33,0,0,32,3,35,0,22,40,6,68,32,0,32,100
06/11/2008,SBY,MD,AEA,EN,Federal Contract Tower,0,25,6,0,31,0,1,39,4,44,0,26,45,4,75,30,12,42,117
06/12/2008,SBY,MD,AEA,EN,Federal Contract Tower,0,27,6,0,33,0,0,47,0,47,0,27,53,0,80,8,0,8,88
06/13/2008,SBY,MD,AEA,EN,Federal Contract Tower,0,21,10,0,31,0,0,47,2,49,0,21,57,2,80,16,4,20,100
06/14/2008,SBY,MD,AEA,EN,Federal Contract Tower,0,13,11,0,24,0,3,42,0,45,0,16,53,0,69,12,0,12,81
06/15/2008,SBY,MD,AEA,EN,Federal Contract Tower,0,13,10,0,23,0,6,25,2,33,0,19,35,2,56,48,0,48,104
06/16/2008,SBY,MD,AEA,EN,Federal Contract Tower,0,20,7,3,30,0,0,46,9,55,0,20,53,12,85,20,50,70,155
06/17/2008,SBY,MD,AEA,EN,Federal Contract Tower,0,23,4,1,28,0,0,48,3,51,0,23,52,4,79,66,34,100,179
06/18/2008,SBY,MD,AEA,EN,Federal Contract Tower,0,23,5,2,30,0,0,39,10,49,0,23,44,12,79,26,42,68,147
06/19/2008,SBY,MD,AEA,EN,Federal Contract Tower,0,21,12,0,33,0,0,38,12,50,0,21,50,12,83,68,36,104,187
06/20/2008,SBY,MD,AEA,EN,Federal Contract Tower,0,22,7,4,33,0,2,48,6,56,0,24,55,10,89,94,66,160,249
06/21/2008,SBY,MD,AEA,EN,Federal Contract Tower,0,16,4,0,20,0,0,62,0,62,0,16,66,0,82,92,0,92,174
06/22/2008,SBY,MD,AEA,EN,Federal Contract Tower,0,16,6,0,22,0,0,21,0,21,0,16,27,0,43,40,0,40,83
06/23/2008,SBY,MD,AEA,EN,Federal Contract Tower,0,19,4,0,23,0,0,12,4,16,0,19,16,4,39,18,18,36,75
06/24/2008,SBY,MD,AEA,EN,Federal Contract Tower,0,23,6,1,30,0,4,53,4,61,0,27,59,5,91,30,66,96,187
06/25/2008,SBY,MD,AEA,EN,Federal Contract Tower,0,22,7,2,31,0,0,54,2,56,0,22,61,4,87,72,50,122,209
06/26/2008,SBY,MD,AEA,EN,Federal Contract Tower,0,15,3,0,18,0,10,47,2,59,0,25,50,2,77,24,0,24,101
06/27/2008,SBY,MD,AEA,EN,Federal Contract Tower,0,12,7,0,19,0,7,49,2,58,0,19,56,2,77,26,0,26,103
06/28/2008,SBY,MD,AEA,EN,Federal Contract Tower,0,13,4,0,17,0,3,40,0,43,0,16,44,0,60,26,0,26,86
06/29/2008,SBY,MD,AEA,EN,Federal Contract Tower,0,11,7,0,18,0,0,32,0,32,0,11,39,0,50,26,0,26,76
06/30/2008,SBY,MD,AEA,EN,Federal Contract Tower,0,19,4,0,23,0,0,38,4,42,0,19,42,4,65,30,0,30,95
07/01/2008,SBY,MD,AEA,EN,Federal Contract Tower,0,23,4,2,29,0,0,55,8,63,0,23,59,10,92,44,22,66,158
07/02/2008,SBY,MD,AEA,EN,Federal Contract Tower,0,22,6,1,29,0,0,39,0,39,0,22,45,1,68,60,0,60,128
07/03/2008,SBY,MD,AEA,EN,Federal Contract Tower,0,19,19,0,38,0,0,26,4,30,0,19,45,4,68,28,20,48,116
07/04/2008,SBY,MD,AEA,EN,Federal Contract Tower,0,14,1,0,15,0,2,19,0,21,0,16,20,0,36,8,0,8,44
07/05/2008,SBY,MD,AEA,EN,Federal Contract Tower,0,15,6,0,21,0,0,3,0,3,0,15,9,0,24,0,0,0,24
07/06/2008,SBY,MD,AEA,EN,Federal Contract Tower,0,18,7,0,25,0,0,9,0,9,0,18,16,0,34,28,0,28,62
07/07/2008,SBY,MD,AEA,EN,Federal Contract Tower,0,22,7,0,29,0,0,28,2,30,0,22,35,2,59,4,6,10,69
07/08/2008,SBY,MD,AEA,EN,Federal Contract Tower,0,23,7,2,32,0,0,20,6,26,0,23,27,8,58,26,26,52,110
07/09/2008,SBY,MD,AEA,EN,Federal Contract Tower,0,25,9,0,34,0,0,32,2,34,0,25,41,2,68,34,8,42,110
07/10/2008,SBY,MD,AEA,EN,Federal Contract Tower,0,26,10,1,37,0,0,70,4,74,0,26,80,5,111,0,62,62,173
07/11/2008,SBY,MD,AEA,EN,Federal Contract Tower,0,23,9,0,32,0,0,37,4,41,0,23,46,4,73,32,26,58,131
07/12/2008,SBY,MD,AEA,EN,Federal Contract Tower,0,16,3,0,19,0,1,62,0,63,0,17,65,0,82,68,0,68,150
07/13/2008,SBY,MD,AEA,EN,Federal Contract Tower,0,15,5,0,20,0,0,63,0,63,0,15,68,0,83,28,0,28,111
07/14/2008,SBY,MD,AEA,EN,Federal Contract Tower,0,20,9,0,29,0,0,8,6,14,0,20,17,6,43,4,16,20,63
07/15/2008,SBY,MD,AEA,EN,Federal Contract Tower,0,21,7,0,28,0,0,34,0,34,0,21,41,0,62,30,0,30,92
07/16/2008,SBY,MD,AEA,EN,Federal Contract Tower,0,25,12,0,37,0,1,41,6,48,0,26,53,6,85,76,38,114,199
07/17/2008,SBY,MD,AEA,EN,Federal Contract Tower,0,22,5,0,27,0,0,54,2,56,0,22,59,2,83,36,12,48,131
07/18/2008,SBY,MD,AEA,EN,Federal Contract Tower,0,22,8,0,30,0,0,44,6,50,0,22,52,6,80,70,42,112,192
07/19/2008,SBY,MD,AEA,EN,Federal Contract Tower,0,19,7,0,26,0,0,39,0,39,0,19,46,0,65,34,0,34,99
07/20/2008,SBY,MD,AEA,EN,Federal Contract Tower,0,14,2,0,16,0,0,17,0,17,0,14,19,0,33,20,0,20,53
07/21/2008,SBY,MD,AEA,EN,Federal Contract Tower,0,24,5,0,29,0,0,22,0,22,0,24,27,0,51,22,0,22,73
07/22/2008,SBY,MD,AEA,EN,Federal Contract Tower,0,22,7,2,31,0,0,13,14,27,0,22,20,16,58,12,34,46,104
07/23/2008,SBY,MD,AEA,EN,Federal Contract Tower,0,15,3,0,18,0,0,18,15,33,0,15,21,15,51,2,0,2,53
07/24/2008,SBY,MD,AEA,EN,Federal Contract Tower,0,20,7,0,27,0,0,36,7,43,0,20,43,7,70,28,34,62,132
07/25/2008,SBY,MD,AEA,EN,Federal Contract Tower,0,24,6,0,30,0,0,43,8,51,0,24,49,8,81,20,22,42,123
07/26/2008,SBY,MD,AEA,EN,Federal Contract Tower,0,20,16,0,36,0,0,42,0,42,0,20,58,0,78,48,0,48,126
07/27/2008,SBY,MD,AEA,EN,Federal Contract Tower,0,16,14,0,30,0,0,21,0,21,0,16,35,0,51,48,0,48,99
07/28/2008,SBY,MD,AEA,EN,Federal Contract Tower,0,23,5,0,28,0,0,24,4,28,0,23,29,4,56,38,28,66,122
07/29/2008,SBY,MD,AEA,EN,Federal Contract Tower,0,25,10,1,36,0,0,26,8,34,0,25,36,9,70,10,54,64,134
07/30/2008,SBY,MD,AEA,EN,Federal Contract Tower,0,27,10,4,41,0,0,14,2,16,0,27,24,6,57,4,4,8,65
07/31/2008,SBY,MD,AEA,EN,Federal Contract Tower,0,21,13,2,36,0,0,36,4,40,0,21,49,6,76,46,34,80,156
08/01/2008,SBY,MD,AEA,EN,Federal Contract Tower,0,17,12,0,29,0,0,37,2,39,0,17,49,2,68,26,46,72,140
08/02/2008,SBY,MD,AEA,EN,Federal Contract Tower,0,16,7,0,23,0,0,17,2,19,0,16,24,2,42,0,0,0,42
08/03/2008,SBY,MD,AEA,EN,Federal Contract Tower,0,14,14,1,29,0,0,53,2,55,0,14,67,3,84,42,4,46,130
08/04/2008,SBY,MD,AEA,EN,Federal Contract Tower,0,19,8,0,27,0,0,27,2,29,0,19,35,2,56,28,0,28,84
08/05/2008,SBY,MD,AEA,EN,Federal Contract Tower,0,22,9,4,35,0,0,21,2,23,0,22,30,6,58,27,14,41,99
08/06/2008,SBY,MD,AEA,EN,Federal Contract Tower,0,20,13,2,35,0,0,43,0,43,0,20,56,2,78,82,0,82,160
08/07/2008,SBY,MD,AEA,EN,Federal Contract Tower,0,22,12,0,34,0,0,32,6,38,0,22,44,6,72,30,26,56,128
08/08/2008,SBY,MD,AEA,EN,Federal Contract Tower,0,17,4,0,21,0,7,36,4,47,0,24,40,4,68,58,46,104,172
08/09/2008,SBY,MD,AEA,EN,Federal Contract Tower,0,17,10,0,27,0,0,43,0,43,0,17,53,0,70,54,0,54,124
08/10/2008,SBY,MD,AEA,EN,Federal Contract Tower,0,20,9,0,29,0,2,13,0,15,0,22,22,0,44,4,0,4,48
08/11/2008,SBY,MD,AEA,EN,Federal Contract Tower,0,16,11,0,27,0,0,22,2,24,0,16,33,2,51,30,8,38,89
08/12/2008,SBY,MD,AEA,EN,Federal Contract Tower,0,23,12,0,35,0,0,42,2,44,0,23,54,2,79,24,20,44,123
08/13/2008,SBY,MD,AEA,EN,Federal Contract Tower,0,23,7,0,30,0,0,45,2,47,0,23,52,2,77,24,0,24,101
08/14/2008,SBY,MD,AEA,EN,Federal Contract Tower,0,17,4,0,21,0,0,19,4,23,0,17,23,4,44,18,14,32,76
08/15/2008,SBY,MD,AEA,EN,Federal Contract Tower,0,18,7,0,25,0,0,22,6,28,0,18,29,6,53,38,30,68,121
08/16/2008,SBY,MD,AEA,EN,Federal Contract Tower,0,18,4,0,22,0,0,49,0,49,0,18,53,0,71,42,0,42,113
08/17/2008,SBY,MD,AEA,EN,Federal Contract Tower,0,12,6,0,18,0,2,35,0,37,0,14,41,0,55,64,0,64,119
08/18/2008,SBY,MD,AEA,EN,Federal Contract Tower,0,22,11,0,33,0,0,36,2,38,0,22,47,2,71,24,6,30,101
08/19/2008,SBY,MD,AEA,EN,Federal Contract Tower,0,25,13,0,38,0,0,32,0,32,0,25,45,0,70,8,0,8,78
08/20/2008,SBY,MD,AEA,EN,Federal Contract Tower,0,24,11,2,37,0,0,56,6,62,0,24,67,8,99,26,32,58,157
08/21/2008,SBY,MD,AEA,EN,Federal Contract Tower,0,22,13,1,36,0,0,43,6,49,0,22,56,7,85,44,20,64,149
08/22/2008,SBY,MD,AEA,EN,Federal Contract Tower,0,23,10,0,33,0,0,62,4,66,0,23,72,4,99,34,10,44,143
08/23/2008,SBY,MD,AEA,EN,Federal Contract Tower,0,16,9,0,25,0,5,35,0,40,0,21,44,0,65,62,0,62,127
08/24/2008,SBY,MD,AEA,EN,Federal Contract Tower,0,13,9,0,22,0,0,43,0,43,0,13,52,0,65,30,0,30,95
08/25/2008,SBY,MD,AEA,EN,Federal Contract Tower,0,23,6,2,31,0,0,37,0,37,0,23,43,2,68,56,20,76,144
08/26/2008,SBY,MD,AEA,EN,Federal Contract Tower,0,24,8,4,36,0,0,45,10,55,0,24,53,14,91,60,84,144,235
08/27/2008,SBY,MD,AEA,EN,Federal Contract Tower,0,27,12,4,43,0,0,49,6,55,0,27,61,10,98,74,60,134,232
08/28/2008,SBY,MD,AEA,EN,Federal Contract Tower,0,26,11,1,38,0,0,37,3,40,0,26,48,4,78,24,24,48,126
08/29/2008,SBY,MD,AEA,EN,Federal Contract Tower,0,23,18,1,42,0,0,15,2,17,0,23,33,3,59,0,8,8,67
08/30/2008,SBY,MD,AEA,EN,Federal Contract Tower,0,16,4,0,20,0,0,17,0,17,0,16,21,0,37,4,0,4,41
08/31/2008,SBY,MD,AEA,EN,Federal Contract Tower,0,9,6,0,15,0,0,48,0,48,0,9,54,0,63,48,0,48,111
09/01/2008,SBY,MD,AEA,EN,Federal Contract Tower,0,12,6,0,18,0,0,46,0,46,0,12,52,0,64,50,0,50,114
09/02/2008,SBY,MD,AEA,EN,Federal Contract Tower,0,20,11,0,31,0,0,41,2,43,0,20,52,2,74,38,14,52,126
09/03/2008,SBY,MD,AEA,EN,Federal Contract Tower,0,23,6,6,35,0,0,45,6,51,0,23,51,12,86,40,36,76,162
09/04/2008,SBY,MD,AEA,EN,Federal Contract Tower,0,22,10,1,33,0,0,42,2,44,0,22,52,3,77,44,20,64,141
09/05/2008,SBY,MD,AEA,EN,Federal Contract Tower,0,18,8,0,26,0,0,21,0,21,0,18,29,0,47,26,0,26,73
09/06/2008,SBY,MD,AEA,EN,Federal Contract Tower,0,8,0,0,8,0,0,3,0,3,0,8,3,0,11,0,0,0,11
09/07/2008,SBY,MD,AEA,EN,Federal Contract Tower,0,19,6,0,25,0,0,29,0,29,0,19,35,0,54,72,0,72,126
09/08/2008,SBY,MD,AEA,EN,Federal Contract Tower,0,21,4,0,25,0,0,39,0,39,0,21,43,0,64,32,0,32,96
09/09/2008,SBY,MD,AEA,EN,Federal Contract Tower,0,19,13,0,32,0,0,6,0,6,0,19,19,0,38,8,0,8,46
09/10/2008,SBY,MD,AEA,EN,Federal Contract Tower,0,25,9,0,34,0,0,38,4,42,0,25,47,4,76,48,16,64,140
09/11/2008,SBY,MD,AEA,EN,Federal Contract Tower,0,20,11,0,31,0,0,33,2,35,0,20,44,2,66,62,12,74,140
09/12/2008,SBY,MD,AEA,EN,Federal Contract Tower,0,20,4,1,25,0,0,24,5,29,0,20,28,6,54,50,38,88,142
09/13/2008,SBY,MD,AEA,EN,Federal Contract Tower,0,12,9,0,21,0,0,48,0,48,0,12,57,0,69,58,0,58,127
09/14/2008,SBY,MD,AEA,EN,Federal Contract Tower,0,16,3,0,19,0,0,28,0,28,0,16,31,0,47,24,0,24,71
09/15/2008,SBY,MD,AEA,EN,Federal Contract Tower,0,18,4,0,22,0,7,28,1,36,0,25,32,1,58,28,16,44,102
09/16/2008,SBY,MD,AEA,EN,Federal Contract Tower,0,20,7,1,28,0,0,33,12,45,0,20,40,13,73,34,16,50,123
09/17/2008,SBY,MD,AEA,EN,Federal Contract Tower,0,22,10,0,32,0,0,48,16,64,0,22,58,16,96,76,38,114,210
09/18/2008,SBY,MD,AEA,EN,Federal Contract Tower,0,23,11,0,34,0,0,48,14,62,0,23,59,14,96,56,38,94,190
09/19/2008,SBY,MD,AEA,EN,Federal Contract Tower,0,21,9,0,30,0,0,55,6,61,0,21,64,6,91,98,32,130,221
09/20/2008,SBY,MD,AEA,EN,Federal Contract Tower,0,14,9,0,23,0,0,53,0,53,0,14,62,0,76,56,0,56,132
09/21/2008,SBY,MD,AEA,EN,Federal Contract Tower,0,15,8,3,26,0,5,50,0,55,0,20,58,3,81,38,4,42,123
09/22/2008,SBY,MD,AEA,EN,Federal Contract Tower,0,19,7,2,28,0,7,26,4,37,0,26,33,6,65,18,16,34,99
09/23/2008,SBY,MD,AEA,EN,Federal Contract Tower,0,22,7,1,30,0,0,16,0,16,0,22,23,1,46,22,14,36,82
09/24/2008,SBY,MD,AEA,EN,Federal Contract Tower,0,20,7,6,33,0,0,11,6,17,0,20,18,12,50,2,0,2,52
09/25/2008,SBY,MD,AEA,EN,Federal Contract Tower,0,19,1,0,20,0,0,3,0,3,0,19,4,0,23,0,0,0,23
09/26/2008,SBY,MD,AEA,EN,Federal Contract Tower,0,16,6,2,24,0,0,0,0,0,0,16,6,2,24,0,0,0,24
09/27/2008,SBY,MD,AEA,EN,Federal Contract Tower,0,11,5,0,16,0,0,0,0,0,0,11,5,0,16,0,0,0,16
09/28/2008,SBY,MD,AEA,EN,Federal Contract Tower,0,14,1,0,15,0,1,10,0,11,0,15,11,0,26,2,0,2,28
09/29/2008,SBY,MD,AEA,EN,Federal Contract Tower,0,20,4,0,24,0,0,39,0,39,0,20,43,0,63,74,0,74,137
09/30/2008,SBY,MD,AEA,EN,Federal Contract Tower,0,20,8,0,28,0,0,13,2,15,0,20,21,2,43,32,10,42,85
10/01/2008,SBY,MD,AEA,EN,Federal Contract Tower,0,18,9,2,29,0,0,26,0,26,0,18,35,2,55,14,0,14,69
10/02/2008,SBY,MD,AEA,EN,Federal Contract Tower,0,17,6,1,24,0,0,55,1,56,0,17,61,2,80,66,2,68,148
10/03/2008,SBY,MD,AEA,EN,Federal Contract Tower,0,22,5,3,30,0,0,58,7,65,0,22,63,10,95,48,50,98,193
10/04/2008,SBY,MD,AEA,EN,Federal Contract Tower,0,14,0,0,14,0,0,49,0,49,0,14,49,0,63,52,0,52,115
10/05/2008,SBY,MD,AEA,EN,Federal Contract Tower,0,15,4,0,19,0,2,15,0,17,0,17,19,0,36,26,0,26,62
10/06/2008,SBY,MD,AEA,EN,Federal Contract Tower,0,17,7,0,24,0,8,35,0,43,0,25,42,0,67,22,0,22,89
10/07/2008,SBY,MD,AEA,EN,Federal Contract Tower,0,17,1,0,18,0,5,52,2,59,0,22,53,2,77,60,38,98,175
10/08/2008,SBY,MD,AEA,EN,Federal Contract Tower,0,23,0,4,27,0,7,48,6,61,0,30,48,10,88,38,28,66,154
10/09/2008,SBY,MD,AEA,EN,Federal Contract Tower,0,24,2,0,26,0,4,42,8,54,0,28,44,8,80,58,12,70,150
10/10/2008,SBY,MD,AEA,EN,Federal Contract Tower,0,24,9,4,37,0,0,27,6,33,0,24,36,10,70,14,32,46,116
10/11/2008,SBY,MD,AEA,EN,Federal Contract Tower,0,12,1,0,13,0,0,33,0,33,0,12,34,0,46,38,0,38,84
10/12/2008,SBY,MD,AEA,EN,Federal Contract Tower,0,18,1,0,19,0,0,43,0,43,0,18,44,0,62,46,0,46,108
10/13/2008,SBY,MD,AEA,EN,Federal Contract Tower,0,16,22,0,38,0,0,40,0,40,0,16,62,0,78,34,0,34,112
10/14/2008,SBY,MD,AEA,EN,Federal Contract Tower,0,17,13,3,33,0,0,26,5,31,0,17,39,8,64,44,36,80,144
10/15/2008,SBY,MD,AEA,EN,Federal Contract Tower,0,21,7,2,30,0,10,44,8,62,0,31,51,10,92,44,24,68,160
10/16/2008,SBY,MD,AEA,EN,Federal Contract Tower,0,16,3,0,19,0,2,26,6,34,0,18,29,6,53,38,10,48,101
10/17/2008,SBY,MD,AEA,EN,Federal Contract Tower,0,17,3,0,20,0,0,18,4,22,0,17,21,4,42,24,18,42,84
10/18/2008,SBY,MD,AEA,EN,Federal Contract Tower,0,11,3,0,14,0,0,8,0,8,0,11,11,0,22,4,0,4,26
10/19/2008,SBY,MD,AEA,EN,Federal Contract Tower,0,14,6,0,20,0,2,22,0,24,0,16,28,0,44,20,0,20,64
10/20/2008,SBY,MD,AEA,EN,Federal Contract Tower,0,17,8,2,27,0,0,31,5,36,0,17,39,7,63,16,42,58,121
10/21/2008,SBY,MD,AEA,EN,Federal Contract Tower,0,18,8,2,28,0,0,21,2,23,0,18,29,4,51,16,12,28,79
10/22/2008,SBY,MD,AEA,EN,Federal Contract Tower,0,19,9,6,34,0,0,22,6,28,0,19,31,12,62,10,38,48,110
10/23/2008,SBY,MD,AEA,EN,Federal Contract Tower,0,18,10,0,28,0,0,53,8,61,0,18,63,8,89,52,28,80,169
10/24/2008,SBY,MD,AEA,EN,Federal Contract Tower,0,15,5,0,20,0,0,36,8,44,0,15,41,8,64,40,36,76,140
10/25/2008,SBY,MD,AEA,EN,Federal Contract Tower,0,11,2,0,13,0,0,0,0,0,0,11,2,0,13,0,0,0,13
10/26/2008,SBY,MD,AEA,EN,Federal Contract Tower,0,14,3,0,17,0,0,47,0,47,0,14,50,0,64,46,0,46,110
10/27/2008,SBY,MD,AEA,EN,Federal Contract Tower,0,13,2,3,18,0,0,16,8,24,0,13,18,11,42,0,24,24,66
10/28/2008,SBY,MD,AEA,EN,Federal Contract Tower,0,21,8,0,29,0,0,5,0,5,0,21,13,0,34,0,0,0,34
10/29/2008,SBY,MD,AEA,EN,Federal Contract Tower,0,22,2,1,25,0,12,10,4,26,0,34,12,5,51,2,18,20,71
10/30/2008,SBY,MD,AEA,EN,Federal Contract Tower,0,20,15,0,35,0,0,45,7,52,0,20,60,7,87,32,18,50,137
10/31/2008,SBY,MD,AEA,EN,Federal Contract Tower,0,18,6,0,24,0,0,55,2,57,0,18,61,2,81,72,6,78,159
11/01/2008,SBY,MD,AEA,EN,Federal Contract Tower,0,10,15,0,25,0,0,38,0,38,0,10,53,0,63,58,0,58,121
11/02/2008,SBY,MD,AEA,EN,Federal Contract Tower,0,14,10,0,24,0,0,19,0,19,0,14,29,0,43,16,0,16,59
11/03/2008,SBY,MD,AEA,EN,Federal Contract Tower,0,17,9,0,26,0,0,31,0,31,0,17,40,0,57,52,0,52,109
11/04/2008,SBY,MD,AEA,EN,Federal Contract Tower,0,23,3,0,26,0,0,2,0,2,0,23,5,0,28,0,0,0,28
11/05/2008,SBY,MD,AEA,EN,Federal Contract Tower,0,22,5,2,29,0,2,0,2,4,0,24,5,4,33,2,8,10,43
11/06/2008,SBY,MD,AEA,EN,Federal Contract Tower,0,16,11,0,27,0,0,0,0,0,0,16,11,0,27,0,0,0,27
11/07/2008,SBY,MD,AEA,EN,Federal Contract Tower,0,14,9,2,25,0,0,13,0,13,0,14,22,2,38,14,0,14,52
11/08/2008,SBY,MD,AEA,EN,Federal Contract Tower,0,11,4,0,15,0,0,5,0,5,0,11,9,0,20,10,0,10,30
11/09/2008,SBY,MD,AEA,EN,Federal Contract Tower,0,14,3,0,17,0,0,62,0,62,0,14,65,0,79,52,0,52,131
11/10/2008,SBY,MD,AEA,EN,Federal Contract Tower,0,20,8,0,28,0,0,45,0,45,0,20,53,0,73,28,0,28,101
11/11/2008,SBY,MD,AEA,EN,Federal Contract Tower,0,19,9,0,28,0,0,56,0,56,0,19,65,0,84,66,0,66,150
11/12/2008,SBY,MD,AEA,EN,Federal Contract Tower,0,19,11,4,34,0,0,39,2,41,0,19,50,6,75,70,10,80,155
11/13/2008,SBY,MD,AEA,EN,Federal Contract Tower,0,18,5,0,23,0,0,6,0,6,0,18,11,0,29,4,0,4,33
11/14/2008,SBY,MD,AEA,EN,Federal Contract Tower,0,25,8,0,33,0,0,0,0,0,0,25,8,0,33,0,0,0,33
11/15/2008,SBY,MD,AEA,EN,Federal Contract Tower,0,13,1,0,14,0,1,2,0,3,0,14,3,0,17,0,0,0,17
11/16/2008,SBY,MD,AEA,EN,Federal Contract Tower,0,16,3,0,19,0,0,6,0,6,0,16,9,0,25,10,0,10,35
11/17/2008,SBY,MD,AEA,EN,Federal Contract Tower,0,18,12,0,30,0,0,28,2,30,0,18,40,2,60,28,24,52,112
11/18/2008,SBY,MD,AEA,EN,Federal Contract Tower,0,22,4,2,28,0,0,12,0,12,0,22,16,2,40,22,0,22,62
11/19/2008,SBY,MD,AEA,EN,Federal Contract Tower,0,21,7,0,28,0,2,33,2,37,0,23,40,2,65,58,18,76,141
11/20/2008,SBY,MD,AEA,EN,Federal Contract Tower,0,19,6,2,27,0,0,18,4,22,0,19,24,6,49,24,38,62,111
11/21/2008,SBY,MD,AEA,EN,Federal Contract Tower,0,17,6,0,23,0,0,13,0,13,0,17,19,0,36,18,0,18,54
11/22/2008,SBY,MD,AEA,EN,Federal Contract Tower,0,14,7,0,21,0,0,32,0,32,0,14,39,0,53,50,0,50,103
11/23/2008,SBY,MD,AEA,EN,Federal Contract Tower,0,13,4,0,17,0,1,34,2,37,0,14,38,2,54,60,0,60,114
11/24/2008,SBY,MD,AEA,EN,Federal Contract Tower,0,18,7,2,27,0,0,20,4,24,0,18,27,6,51,54,32,86,137
11/25/2008,SBY,MD,AEA,EN,Federal Contract Tower,0,25,8,0,33,0,1,18,0,19,0,26,26,0,52,46,2,48,100
11/26/2008,SBY,MD,AEA,EN,Federal Contract Tower,0,23,11,0,34,0,0,34,4,38,0,23,45,4,72,76,20,96,168
11/27/2008,SBY,MD,AEA,EN,Federal Contract Tower,0,8,0,0,8,0,0,12,0,12,0,8,12,0,20,26,0,26,46
11/28/2008,SBY,MD,AEA,EN,Federal Contract Tower,0,20,6,0,26,0,0,33,0,33,0,20,39,0,59,54,0,54,113
11/29/2008,SBY,MD,AEA,EN,Federal Contract Tower,0,15,9,0,24,0,0,87,0,87,0,15,96,0,111,100,0,100,211
11/30/2008,SBY,MD,AEA,EN,Federal Contract Tower,0,15,2,0,17,0,0,0,0,0,0,15,2,0,17,0,0,0,17
12/01/2008,SBY,MD,AEA,EN,Federal Contract Tower,0,18,2,0,20,0,0,6,0,6,0,18,8,0,26,0,0,0,26
12/02/2008,SBY,MD,AEA,EN,Federal Contract Tower,0,20,6,2,28,0,0,32,0,32,0,20,38,2,60,70,2,72,132
12/03/2008,SBY,MD,AEA,EN,Federal Contract Tower,0,19,8,0,27,0,2,36,0,38,0,21,44,0,65,68,0,68,133
12/04/2008,SBY,MD,AEA,EN,Federal Contract Tower,0,19,1,0,20,0,0,29,2,31,0,19,30,2,51,94,26,120,171
12/05/2008,SBY,MD,AEA,EN,Federal Contract Tower,0,19,2,0,21,0,1,41,4,46,0,20,43,4,67,64,38,102,169
12/06/2008,SBY,MD,AEA,EN,Federal Contract Tower,0,14,4,0,18,0,0,40,0,40,0,14,44,0,58,52,0,52,110
12/07/2008,SBY,MD,AEA,EN,Federal Contract Tower,0,14,1,0,15,0,0,0,0,0,0,14,1,0,15,0,0,0,15
12/08/2008,SBY,MD,AEA,EN,Federal Contract Tower,0,15,7,2,24,0,0,21,6,27,0,15,28,8,51,32,14,46,97
12/09/2008,SBY,MD,AEA,EN,Federal Contract Tower,0,21,4,0,25,0,0,12,2,14,0,21,16,2,39,20,20,40,79
12/10/2008,SBY,MD,AEA,EN,Federal Contract Tower,0,17,5,1,23,0,0,0,2,2,0,17,5,3,25,0,30,30,55
12/11/2008,SBY,MD,AEA,EN,Federal Contract Tower,0,23,1,0,24,0,0,0,0,0,0,23,1,0,24,0,0,0,24
12/12/2008,SBY,MD,AEA,EN,Federal Contract Tower,0,19,6,0,25,0,0,12,4,16,0,19,18,4,41,12,0,12,53
12/13/2008,SBY,MD,AEA,EN,Federal Contract Tower,0,14,7,0,21,0,1,49,0,50,0,15,56,0,71,82,0,82,153
12/14/2008,SBY,MD,AEA,EN,Federal Contract Tower,0,12,5,0,17,0,0,47,0,47,0,12,52,0,64,58,0,58,122
12/15/2008,SBY,MD,AEA,EN,Federal Contract Tower,0,16,3,0,19,0,2,14,2,18,0,18,17,2,37,26,6,32,69
12/16/2008,SBY,MD,AEA,EN,Federal Contract Tower,0,18,5,0,23,0,0,2,0,2,0,18,7,0,25,0,0,0,25
12/17/2008,SBY,MD,AEA,EN,Federal Contract Tower,0,15,16,4,35,0,0,6,0,6,0,15,22,4,41,44,0,44,85
12/18/2008,SBY,MD,AEA,EN,Federal Contract Tower,0,20,10,0,30,0,0,66,10,76,0,20,76,10,106,82,24,106,212
12/19/2008,SBY,MD,AEA,EN,Federal Contract Tower,0,24,4,0,28,0,0,0,0,0,0,24,4,0,28,0,0,0,28
12/20/2008,SBY,MD,AEA,EN,Federal Contract Tower,0,14,6,0,20,0,0,42,0,42,0,14,48,0,62,76,0,76,138
12/21/2008,SBY,MD,AEA,EN,Federal Contract Tower,0,19,4,0,23,0,0,0,0,0,0,19,4,0,23,0,0,0,23
12/22/2008,SBY,MD,AEA,EN,Federal Contract Tower,0,17,2,2,21,0,0,2,4,6,0,17,4,6,27,2,16,18,45
12/23/2008,SBY,MD,AEA,EN,Federal Contract Tower,0,24,10,0,34,0,0,28,4,32,0,24,38,4,66,32,16,48,114
12/24/2008,SBY,MD,AEA,EN,Federal Contract Tower,0,17,0,0,17,0,0,12,0,12,0,17,12,0,29,10,0,10,39
12/25/2008,SBY,MD,AEA,EN,Federal Contract Tower,0,9,0,0,9,0,0,0,0,0,0,9,0,0,9,0,0,0,9
12/26/2008,SBY,MD,AEA,EN,Federal Contract Tower,0,18,2,0,20,0,0,34,0,34,0,18,36,0,54,34,0,34,88
12/27/2008,SBY,MD,AEA,EN,Federal Contract Tower,0,17,0,0,17,0,0,9,0,9,0,17,9,0,26,24,0,24,50
12/28/2008,SBY,MD,AEA,EN,Federal Contract Tower,0,13,1,0,14,0,0,3,0,3,0,13,4,0,17,8,0,8,25
12/29/2008,SBY,MD,AEA,EN,Federal Contract Tower,0,15,8,0,23,0,2,43,2,47,0,17,51,2,70,68,18,86,156
12/30/2008,SBY,MD,AEA,EN,Federal Contract Tower,0,16,6,0,22,0,0,34,4,38,0,16,40,4,60,68,34,102,162
12/31/2008,SBY,MD,AEA,EN,Federal Contract Tower,0,19,1,0,20,0,0,4,6,10,0,19,5,6,30,0,6,6,36
01/01/2009,SBY,MD,AEA,EN,Federal Contract Tower,0,12,2,0,14,0,0,21,0,21,0,12,23,0,35,0,0,0,35
01/02/2009,SBY,MD,AEA,EN,Federal Contract Tower,0,16,2,0,18,0,6,9,0,15,0,22,11,0,33,2,0,2,35
01/03/2009,SBY,MD,AEA,EN,Federal Contract Tower,0,16,6,0,22,0,0,73,0,73,0,16,79,0,95,118,0,118,213
01/04/2009,SBY,MD,AEA,EN,Federal Contract Tower,0,14,6,0,20,0,0,24,0,24,0,14,30,0,44,28,0,28,72
01/05/2009,SBY,MD,AEA,EN,Federal Contract Tower,0,19,3,0,22,0,0,10,0,10,0,19,13,0,32,14,0,14,46
01/06/2009,SBY,MD,AEA,EN,Federal Contract Tower,0,21,1,0,22,0,0,0,0,0,0,21,1,0,22,0,0,0,22
01/07/2009,SBY,MD,AEA,EN,Federal Contract Tower,0,22,4,0,26,0,0,2,0,2,0,22,6,0,28,0,0,0,28
01/08/2009,SBY,MD,AEA,EN,Federal Contract Tower,0,16,0,0,16,0,0,11,8,19,0,16,11,8,35,2,34,36,71
01/09/2009,SBY,MD,AEA,EN,Federal Contract Tower,0,19,5,0,24,0,0,41,4,45,0,19,46,4,69,60,10,70,139
01/10/2009,SBY,MD,AEA,EN,Federal Contract Tower,0,17,4,0,21,0,0,52,0,52,0,17,56,0,73,68,0,68,141
01/11/2009,SBY,MD,AEA,EN,Federal Contract Tower,0,16,6,0,22,0,0,14,0,14,0,16,20,0,36,36,0,36,72
01/12/2009,SBY,MD,AEA,EN,Federal Contract Tower,0,17,2,1,20,0,0,22,0,22,0,17,24,1,42,24,4,28,70
01/13/2009,SBY,MD,AEA,EN,Federal Contract Tower,0,20,9,0,29,0,0,17,2,19,0,20,26,2,48,34,24,58,106
01/14/2009,SBY,MD,AEA,EN,Federal Contract Tower,0,19,5,0,24,0,0,25,10,35,0,19,30,10,59,36,14,50,109
01/15/2009,SBY,MD,AEA,EN,Federal Contract Tower,0,16,4,0,20,0,6,30,8,44,0,22,34,8,64,24,4,28,92
01/16/2009,SBY,MD,AEA,EN,Federal Contract Tower,0,23,1,0,24,0,0,38,2,40,0,23,39,2,64,12,0,12,76
01/17/2009,SBY,MD,AEA,EN,Federal Contract Tower,0,13,4,0,17,0,0,19,0,19,0,13,23,0,36,12,0,12,48
01/18/2009,SBY,MD,AEA,EN,Federal Contract Tower,0,13,3,0,16,0,0,15,0,15,0,13,18,0,31,46,0,46,77
01/19/2009,SBY,MD,AEA,EN,Federal Contract Tower,0,12,1,0,13,0,0,0,0,0,0,12,1,0,13,0,0,0,13
01/20/2009,SBY,MD,AEA,EN,Federal Contract Tower,0,20,3,2,25,0,0,9,2,11,0,20,12,4,36,6,16,22,58
01/21/2009,SBY,MD,AEA,EN,Federal Contract Tower,0,20,10,0,30,0,0,28,14,42,0,20,38,14,72,40,76,116,188
01/22/2009,SBY,MD,AEA,EN,Federal Contract Tower,0,20,3,0,23,0,2,34,8,44,0,22,37,8,67,34,48,82,149
01/23/2009,SBY,MD,AEA,EN,Federal Contract Tower,0,17,9,0,26,0,2,34,4,40,0,19,43,4,66,52,18,70,136
01/24/2009,SBY,MD,AEA,EN,Federal Contract Tower,0,13,3,0,16,0,0,28,0,28,0,13,31,0,44,38,0,38,82
01/25/2009,SBY,MD,AEA,EN,Federal Contract Tower,0,14,1,0,15,0,0,61,0,61,0,14,62,0,76,70,0,70,146
01/26/2009,SBY,MD,AEA,EN,Federal Contract Tower,0,18,5,0,23,0,0,39,2,41,0,18,44,2,64,34,0,34,98
01/27/2009,SBY,MD,AEA,EN,Federal Contract Tower,0,17,5,0,22,0,0,2,0,2,0,17,7,0,24,0,0,0,24
01/28/2009,SBY,MD,AEA,EN,Federal Contract Tower,0,17,10,0,27,0,0,0,0,0,0,17,10,0,27,0,0,0,27
01/29/2009,SBY,MD,AEA,EN,Federal Contract Tower,0,16,7,2,25,0,0,50,10,60,0,16,57,12,85,76,42,118,203
01/30/2009,SBY,MD,AEA,EN,Federal Contract Tower,0,19,10,0,29,0,0,35,4,39,0,19,45,4,68,24,20,44,112
01/31/2009,SBY,MD,AEA,EN,Federal Contract Tower,0,20,1,0,21,0,0,30,0,30,0,20,31,0,51,50,0,50,101
02/01/2009,SBY,MD,AEA,EN,Federal Contract Tower,0,16,6,0,22,0,0,46,0,46,0,16,52,0,68,22,0,22,90
02/02/2009,SBY,MD,AEA,EN,Federal Contract Tower,0,16,7,0,23,0,0,38,10,48,0,16,45,10,71,64,28,92,163
02/03/2009,SBY,MD,AEA,EN,Federal Contract Tower,0,21,3,0,24,0,0,3,0,3,0,21,6,0,27,0,0,0,27
02/04/2009,SBY,MD,AEA,EN,Federal Contract Tower,0,19,6,2,27,0,0,32,2,34,0,19,38,4,61,26,0,26,87
02/05/2009,SBY,MD,AEA,EN,Federal Contract Tower,0,22,7,0,29,0,0,25,15,40,0,22,32,15,69,50,22,72,141
02/06/2009,SBY,MD,AEA,EN,Federal Contract Tower,0,22,4,0,26,0,0,58,2,60,0,22,62,2,86,68,8,76,162
02/07/2009,SBY,MD,AEA,EN,Federal Contract Tower,0,16,11,0,27,0,0,72,0,72,0,16,83,0,99,110,0,110,209
02/08/2009,SBY,MD,AEA,EN,Federal Contract Tower,0,16,5,0,21,0,0,24,0,24,0,16,29,0,45,40,0,40,85
02/09/2009,SBY,MD,AEA,EN,Federal Contract Tower,0,14,8,6,28,0,0,34,10,44,0,14,42,16,72,50,72,122,194
02/10/2009,SBY,MD,AEA,EN,Federal Contract Tower,0,23,8,4,35,0,0,17,13,30,0,23,25,17,65,24,74,98,163
02/11/2009,SBY,MD,AEA,EN,Federal Contract Tower,0,16,6,6,28,0,0,25,2,27,0,16,31,8,55,36,30,66,121
02/12/2009,SBY,MD,AEA,EN,Federal Contract Tower,0,19,1,0,20,0,0,7,2,9,0,19,8,2,29,0,2,2,31
02/13/2009,SBY,MD,AEA,EN,Federal Contract Tower,0,18,5,0,23,0,0,17,4,21,0,18,22,4,44,26,14,40,84
02/14/2009,SBY,MD,AEA,EN,Federal Contract Tower,0,13,6,0,19,0,0,49,0,49,0,13,55,0,68,96,0,96,164
02/15/2009,SBY,MD,AEA,EN,Federal Contract Tower,0,15,8,0,23,0,0,39,0,39,0,15,47,0,62,40,0,40,102
02/16/2009,SBY,MD,AEA,EN,Federal Contract Tower,0,21,5,0,26,0,2,27,0,29,0,23,32,0,55,18,0,18,73
02/17/2009,SBY,MD,AEA,EN,Federal Contract Tower,0,24,10,2,36,0,2,51,2,55,0,26,61,4,91,58,14,72,163
02/18/2009,SBY,MD,AEA,EN,Federal Contract Tower,0,18,6,0,24,0,0,0,0,0,0,18,6,0,24,0,0,0,24
02/19/2009,SBY,MD,AEA,EN,Federal Contract Tower,0,18,6,3,27,0,0,15,6,21,0,18,21,9,48,12,38,50,98
02/20/2009,SBY,MD,AEA,EN,Federal Contract Tower,0,18,6,3,27,0,0,19,5,24,0,18,25,8,51,14,8,22,73
02/21/2009,SBY,MD,AEA,EN,Federal Contract Tower,0,14,3,0,17,0,0,66,0,66,0,14,69,0,83,142,0,142,225
02/22/2009,SBY,MD,AEA,EN,Federal Contract Tower,0,17,1,0,18,0,0,9,0,9,0,17,10,0,27,34,0,34,61
02/23/2009,SBY,MD,AEA,EN,Federal Contract Tower,0,15,9,0,24,0,0,9,4,13,0,15,18,4,37,6,36,42,79
02/24/2009,SBY,MD,AEA,EN,Federal Contract Tower,0,20,13,0,33,0,0,29,2,31,0,20,42,2,64,24,34,58,122
02/25/2009,SBY,MD,AEA,EN,Federal Contract Tower,0,21,9,1,31,0,0,51,10,61,0,21,60,11,92,90,56,146,238
02/26/2009,SBY,MD,AEA,EN,Federal Contract Tower,0,18,8,8,34,0,0,57,21,78,0,18,65,29,112,72,74,146,258
02/27/2009,SBY,MD,AEA,EN,Federal Contract Tower,0,18,4,4,26,0,0,25,7,32,0,18,29,11,58,20,18,38,96
02/28/2009,SBY,MD,AEA,EN,Federal Contract Tower,0,16,7,0,23,0,0,19,0,19,0,16,26,0,42,14,0,14,56
03/01/2009,SBY,MD,AEA,EN,Federal Contract Tower,0,11,2,0,13,0,0,0,0,0,0,11,2,0,13,0,0,0,13
03/02/2009,SBY,MD,AEA,EN,Federal Contract Tower,0,1,0,0,1,0,0,4,0,4,0,1,4,0,5,0,0,0,5
03/03/2009,SBY,MD,AEA,EN,Federal Contract Tower,0,16,3,0,19,0,0,12,0,12,0,16,15,0,31,10,0,10,41
03/04/2009,SBY,MD,AEA,EN,Federal Contract Tower,0,19,6,0,25,0,0,40,2,42,0,19,46,2,67,18,20,38,105
03/05/2009,SBY,MD,AEA,EN,Federal Contract Tower,0,17,9,3,29,0,0,41,4,45,0,17,50,7,74,50,24,74,148
03/06/2009,SBY,MD,AEA,EN,Federal Contract Tower,0,23,6,0,29,0,0,15,0,15,0,23,21,0,44,8,0,8,52
03/07/2009,SBY,MD,AEA,EN,Federal Contract Tower,0,14,8,0,22,0,0,60,0,60,0,14,68,0,82,50,0,50,132
03/08/2009,SBY,MD,AEA,EN,Federal Contract Tower,0,17,10,0,27,0,0,61,0,61,0,17,71,0,88,70,0,70,158
03/09/2009,SBY,MD,AEA,EN,Federal Contract Tower,0,17,5,1,23,0,0,19,6,25,0,17,24,7,48,18,46,64,112
03/10/2009,SBY,MD,AEA,EN,Federal Contract Tower,0,19,16,0,35,0,0,15,6,21,0,19,31,6,56,34,32,66,122
03/11/2009,SBY,MD,AEA,EN,Federal Contract Tower,0,20,3,13,36,0,8,23,4,35,0,28,26,17,71,2,76,78,149
03/12/2009,SBY,MD,AEA,EN,Federal Contract Tower,0,16,9,0,25,0,0,74,6,80,0,16,83,6,105,66,8,74,179
03/13/2009,SBY,MD,AEA,EN,Federal Contract Tower,0,18,6,4,28,0,0,2,0,2,0,18,8,4,30,0,0,0,30
03/14/2009,SBY,MD,AEA,EN,Federal Contract Tower,0,14,4,0,18,0,0,19,0,19,0,14,23,0,37,18,0,18,55
03/15/2009,SBY,MD,AEA,EN,Federal Contract Tower,0,16,14,0,30,0,0,0,0,0,0,16,14,0,30,0,0,0,30
03/16/2009,SBY,MD,AEA,EN,Federal Contract Tower,0,22,9,0,31,0,0,8,0,8,0,22,17,0,39,0,0,0,39
03/17/2009,SBY,MD,AEA,EN,Federal Contract Tower,0,19,11,0,30,0,0,23,4,27,0,19,34,4,57,80,28,108,165
03/18/2009,SBY,MD,AEA,EN,Federal Contract Tower,0,22,10,2,34,0,0,50,7,57,0,22,60,9,91,150,22,172,263
03/19/2009,SBY,MD,AEA,EN,Federal Contract Tower,0,22,12,4,38,0,0,5,0,5,0,22,17,4,43,10,14,24,67
03/20/2009,SBY,MD,AEA,EN,Federal Contract Tower,0,20,11,2,33,0,0,35,2,37,0,20,46,4,70,16,0,16,86
03/21/2009,SBY,MD,AEA,EN,Federal Contract Tower,0,15,8,0,23,0,0,62,0,62,0,15,70,0,85,42,0,42,127
03/22/2009,SBY,MD,AEA,EN,Federal Contract Tower,0,15,8,0,23,0,0,49,0,49,0,15,57,0,72,42,0,42,114
03/23/2009,SBY,MD,AEA,EN,Federal Contract Tower,0,20,12,2,34,0,0,36,6,42,0,20,48,8,76,16,72,88,164
03/24/2009,SBY,MD,AEA,EN,Federal Contract Tower,0,21,6,2,29,0,0,40,12,52,0,21,46,14,81,38,16,54,135
03/25/2009,SBY,MD,AEA,EN,Federal Contract Tower,0,22,12,4,38,0,2,36,10,48,0,24,48,14,86,32,34,66,152
03/26/2009,SBY,MD,AEA,EN,Federal Contract Tower,0,17,4,0,21,0,0,1,0,1,0,17,5,0,22,0,0,0,22
03/27/2009,SBY,MD,AEA,EN,Federal Contract Tower,0,20,2,1,23,0,0,23,6,29,0,20,25,7,52,6,28,34,86
03/28/2009,SBY,MD,AEA,EN,Federal Contract Tower,0,13,15,0,28,0,0,0,0,0,0,13,15,0,28,0,0,0,28
03/29/2009,SBY,MD,AEA,EN,Federal Contract Tower,0,17,7,0,24,0,0,8,0,8,0,17,15,0,32,20,0,20,52
03/30/2009,SBY,MD,AEA,EN,Federal Contract Tower,0,14,5,0,19,0,2,16,6,24,0,16,21,6,43,8,52,60,103
03/31/2009,SBY,MD,AEA,EN,Federal Contract Tower,0,23,10,1,34,0,6,57,3,66,0,29,67,4,100,56,2,58,158
04/01/2009,SBY,MD,AEA,EN,Federal Contract Tower,0,18,7,0,25,0,0,20,0,20,0,18,27,0,45,10,0,10,55
04/02/2009,SBY,MD,AEA,EN,Federal Contract Tower,0,23,17,0,40,0,0,4,4,8,0,23,21,4,48,0,10,10,58
04/03/2009,SBY,MD,AEA,EN,Federal Contract Tower,0,18,6,0,24,0,0,3,0,3,0,18,9,0,27,6,0,6,33
04/04/2009,SBY,MD,AEA,EN,Federal Contract Tower,0,15,5,0,20,0,0,8,0,8,0,15,13,0,28,24,0,24,52
04/05/2009,SBY,MD,AEA,EN,Federal Contract Tower,0,18,6,0,24,0,8,75,0,83,0,26,81,0,107,98,0,98,205
04/06/2009,SBY,MD,AEA,EN,Federal Contract Tower,0,21,3,0,24,0,0,0,0,0,0,21,3,0,24,4,0,4,28
04/07/2009,SBY,MD,AEA,EN,Federal Contract Tower,0,23,7,1,31,0,2,14,12,28,0,25,21,13,59,32,48,80,139
04/08/2009,SBY,MD,AEA,EN,Federal Contract Tower,0,19,6,1,26,0,0,40,14,54,0,19,46,15,80,48,72,120,200
04/09/2009,SBY,MD,AEA,EN,Federal Contract Tower,0,19,10,0,29,0,0,49,10,59,0,19,59,10,88,74,18,92,180
04/10/2009,SBY,MD,AEA,EN,Federal Contract Tower,0,16,10,3,29,0,0,38,3,41,0,16,48,6,70,28,34,62,132
04/11/2009,SBY,MD,AEA,EN,Federal Contract Tower,0,11,9,0,20,0,0,0,0,0,0,11,9,0,20,0,0,0,20
04/12/2009,SBY,MD,AEA,EN,Federal Contract Tower,0,18,4,0,22,0,0,28,0,28,0,18,32,0,50,14,0,14,64
04/13/2009,SBY,MD,AEA,EN,Federal Contract Tower,0,15,3,0,18,0,0,30,5,35,0,15,33,5,53,56,62,118,171
04/14/2009,SBY,MD,AEA,EN,Federal Contract Tower,0,24,6,0,30,0,0,0,0,0,0,24,6,0,30,0,0,0,30
04/15/2009,SBY,MD,AEA,EN,Federal Contract Tower,0,28,4,0,32,0,0,0,0,0,0,28,4,0,32,0,0,0,32
04/16/2009,SBY,MD,AEA,EN,Federal Contract Tower,0,16,10,1,27,0,2,104,10,116,0,18,114,11,143,88,16,104,247
04/17/2009,SBY,MD,AEA,EN,Federal Contract Tower,0,19,11,0,30,0,2,61,2,65,0,21,72,2,95,58,34,92,187
04/18/2009,SBY,MD,AEA,EN,Federal Contract Tower,0,12,2,0,14,0,0,46,0,46,0,12,48,0,60,54,0,54,114
04/19/2009,SBY,MD,AEA,EN,Federal Contract Tower,0,17,9,0,26,0,4,22,2,28,0,21,31,2,54,30,2,32,86
04/20/2009,SBY,MD,AEA,EN,Federal Contract Tower,0,17,4,0,21,0,0,0,0,0,0,17,4,0,21,0,0,0,21
04/21/2009,SBY,MD,AEA,EN,Federal Contract Tower,0,20,13,6,39,0,0,9,6,15,0,20,22,12,54,30,18,48,102
04/22/2009,SBY,MD,AEA,EN,Federal Contract Tower,0,21,7,4,32,0,0,19,0,19,0,21,26,4,51,4,0,4,55
04/23/2009,SBY,MD,AEA,EN,Federal Contract Tower,0,18,6,0,24,0,0,37,10,47,0,18,43,10,71,18,30,48,119
04/24/2009,SBY,MD,AEA,EN,Federal Contract Tower,0,22,15,1,38,0,0,65,6,71,0,22,80,7,109,70,26,96,205
04/25/2009,SBY,MD,AEA,EN,Federal Contract Tower,0,13,17,0,30,0,0,42,0,42,0,13,59,0,72,52,0,52,124
04/26/2009,SBY,MD,AEA,EN,Federal Contract Tower,0,18,14,0,32,0,2,59,0,61,0,20,73,0,93,78,0,78,171
04/27/2009,SBY,MD,AEA,EN,Federal Contract Tower,0,20,13,0,33,0,2,41,6,49,0,22,54,6,82,24,24,48,130
04/28/2009,SBY,MD,AEA,EN,Federal Contract Tower,0,22,6,2,30,0,0,42,4,46,0,22,48,6,76,50,20,70,146
04/29/2009,SBY,MD,AEA,EN,Federal Contract Tower,0,19,9,0,28,0,0,10,2,12,0,19,19,2,40,0,12,12,52
04/30/2009,SBY,MD,AEA,EN,Federal Contract Tower,0,18,25,4,47,0,2,33,0,35,0,20,58,4,82,16,10,26,108
05/01/2009,SBY,MD,AEA,EN,Federal Contract Tower,0,19,7,2,28,0,0,16,2,18,0,19,23,4,46,4,4,8,54
05/02/2009,SBY,MD,AEA,EN,Federal Contract Tower,0,17,2,0,19,0,0,14,0,14,0,17,16,0,33,26,0,26,59
05/03/2009,SBY,MD,AEA,EN,Federal Contract Tower,0,17,5,0,22,0,0,0,0,0,0,17,5,0,22,0,0,0,22
05/04/2009,SBY,MD,AEA,EN,Federal Contract Tower,0,16,8,0,24,0,0,0,0,0,0,16,8,0,24,0,0,0,24
05/05/2009,SBY,MD,AEA,EN,Federal Contract Tower,0,18,16,0,34,0,0,2,0,2,0,18,18,0,36,0,0,0,36
05/06/2009,SBY,MD,AEA,EN,Federal Contract Tower,0,22,14,2,38,0,0,1,0,1,0,22,15,2,39,0,0,0,39
05/07/2009,SBY,MD,AEA,EN,Federal Contract Tower,0,16,6,2,24,0,0,10,2,12,0,16,16,4,36,4,2,6,42
05/08/2009,SBY,MD,AEA,EN,Federal Contract Tower,0,19,9,1,29,0,0,33,10,43,0,19,42,11,72,50,28,78,150
05/09/2009,SBY,MD,AEA,EN,Federal Contract Tower,0,14,11,0,25,0,0,9,0,9,0,14,20,0,34,4,0,4,38
05/10/2009,SBY,MD,AEA,EN,Federal Contract Tower,0,17,6,0,23,0,4,41,0,45,0,21,47,0,68,68,0,68,136
05/11/2009,SBY,MD,AEA,EN,Federal Contract Tower,0,16,6,0,22,0,0,8,0,8,0,16,14,0,30,0,26,26,56
05/12/2009,SBY,MD,AEA,EN,Federal Contract Tower,0,22,11,0,33,0,1,35,0,36,0,23,46,0,69,70,2,72,141
05/13/2009,SBY,MD,AEA,EN,Federal Contract Tower,0,20,8,0,28,0,0,38,0,38,0,20,46,0,66,72,0,72,138
05/14/2009,SBY,MD,AEA,EN,Federal Contract Tower,0,19,11,0,30,0,0,9,2,11,0,19,20,2,41,0,8,8,49
05/15/2009,SBY,MD,AEA,EN,Federal Contract Tower,0,17,6,0,23,0,0,24,2,26,0,17,30,2,49,16,6,22,71
05/16/2009,SBY,MD,AEA,EN,Federal Contract Tower,0,14,6,0,20,0,0,22,0,22,0,14,28,0,42,30,0,30,72
05/17/2009,SBY,MD,AEA,EN,Federal Contract Tower,0,18,17,0,35,0,0,21,0,21,0,18,38,0,56,44,0,44,100
05/18/2009,SBY,MD,AEA,EN,Federal Contract Tower,0,15,11,4,30,0,0,37,2,39,0,15,48,6,69,40,6,46,115
05/19/2009,SBY,MD,AEA,EN,Federal Contract Tower,0,19,8,2,29,0,0,54,0,54,0,19,62,2,83,44,2,46,129
05/20/2009,SBY,MD,AEA,EN,Federal Contract Tower,0,20,11,0,31,0,2,52,2,56,0,22,63,2,87,66,24,90,177
05/21/2009,SBY,MD,AEA,EN,Federal Contract Tower,0,21,6,0,27,0,3,51,0,54,0,24,57,0,81,28,0,28,109
05/22/2009,SBY,MD,AEA,EN,Federal Contract Tower,0,19,13,0,32,0,0,45,0,45,0,19,58,0,77,24,0,24,101
05/23/2009,SBY,MD,AEA,EN,Federal Contract Tower,0,14,13,0,27,0,0,47,0,47,0,14,60,0,74,14,0,14,88
05/24/2009,SBY,MD,AEA,EN,Federal Contract Tower,0,18,0,0,18,0,0,20,0,20,0,18,20,0,38,32,0,32,70
05/25/2009,SBY,MD,AEA,EN,Federal Contract Tower,0,14,2,0,16,0,0,37,0,37,0,14,39,0,53,52,0,52,105
05/26/2009,SBY,MD,AEA,EN,Federal Contract Tower,0,17,8,2,27,0,0,2,0,2,0,17,10,2,29,2,0,2,31
05/27/2009,SBY,MD,AEA,EN,Federal Contract Tower,0,18,6,1,25,0,0,27,11,38,0,18,33,12,63,34,60,94,157
05/28/2009,SBY,MD,AEA,EN,Federal Contract Tower,0,15,6,0,21,0,0,31,2,33,0,15,37,2,54,74,12,86,140
05/29/2009,SBY,MD,AEA,EN,Federal Contract Tower,0,15,1,0,16,0,0,15,0,15,0,15,16,0,31,18,0,18,49
05/30/2009,SBY,MD,AEA,EN,Federal Contract Tower,0,15,6,0,21,0,0,85,0,85,0,15,91,0,106,56,0,56,162
05/31/2009,SBY,MD,AEA,EN,Federal Contract Tower,0,17,10,0,27,0,4,38,0,42,0,21,48,0,69,40,0,40,109
06/01/2009,SBY,MD,AEA,EN,Federal Contract Tower,0,15,7,0,22,0,0,36,4,40,0,15,43,4,62,42,46,88,150
06/02/2009,SBY,MD,AEA,EN,Federal Contract Tower,0,21,9,1,31,0,1,14,2,17,0,22,23,3,48,10,0,10,58
06/03/2009,SBY,MD,AEA,EN,Federal Contract Tower,0,17,6,2,25,0,6,29,14,49,0,23,35,16,74,68,30,98,172
06/04/2009,SBY,MD,AEA,EN,Federal Contract Tower,0,21,10,0,31,0,0,0,0,0,0,21,10,0,31,0,0,0,31
06/05/2009,SBY,MD,AEA,EN,Federal Contract Tower,0,17,10,2,29,0,0,0,0,0,0,17,10,2,29,0,0,0,29
06/06/2009,SBY,MD,AEA,EN,Federal Contract Tower,0,15,7,0,22,0,0,15,0,15,0,15,22,0,37,16,0,16,53
06/07/2009,SBY,MD,AEA,EN,Federal Contract Tower,0,16,7,0,23,0,9,57,0,66,0,25,64,0,89,32,0,32,121
06/08/2009,SBY,MD,AEA,EN,Federal Contract Tower,0,15,8,0,23,0,4,35,0,39,0,19,43,0,62,50,0,50,112
06/09/2009,SBY,MD,AEA,EN,Federal Contract Tower,0,18,0,0,18,0,0,15,2,17,0,18,15,2,35,26,16,42,77
06/10/2009,SBY,MD,AEA,EN,Federal Contract Tower,0,22,6,2,30,0,0,56,8,64,0,22,62,10,94,94,50,144,238
06/11/2009,SBY,MD,AEA,EN,Federal Contract Tower,0,18,11,12,41,0,0,26,8,34,0,18,37,20,75,8,64,72,147
06/12/2009,SBY,MD,AEA,EN,Federal Contract Tower,0,23,13,5,41,0,0,36,12,48,0,23,49,17,89,66,18,84,173
06/13/2009,SBY,MD,AEA,EN,Federal Contract Tower,0,22,14,0,36,0,0,60,0,60,0,22,74,0,96,38,0,38,134
06/14/2009,SBY,MD,AEA,EN,Federal Contract Tower,0,18,9,0,27,0,0,23,0,23,0,18,32,0,50,40,0,40,90
06/15/2009,SBY,MD,AEA,EN,Federal Contract Tower,0,13,4,2,19,0,5,20,0,25,0,18,24,2,44,6,0,6,50
06/16/2009,SBY,MD,AEA,EN,Federal Contract Tower,0,24,7,2,33,0,1,26,4,31,0,25,33,6,64,26,20,46,110
06/17/2009,SBY,MD,AEA,EN,Federal Contract Tower,0,24,12,6,42,0,6,26,2,34,0,30,38,8,76,58,26,84,160
06/18/2009,SBY,MD,AEA,EN,Federal Contract Tower,0,17,7,0,24,0,0,9,2,11,0,17,16,2,35,12,20,32,67
06/19/2009,SBY,MD,AEA,EN,Federal Contract Tower,0,23,6,0,29,0,0,24,6,30,0,23,30,6,59,12,52,64,123
06/20/2009,SBY,MD,AEA,EN,Federal Contract Tower,0,15,4,0,19,0,0,6,0,6,0,15,10,0,25,0,0,0,25
06/21/2009,SBY,MD,AEA,EN,Federal Contract Tower,0,15,11,0,26,0,0,6,0,6,0,15,17,0,32,22,0,22,54
06/22/2009,SBY,MD,AEA,EN,Federal Contract Tower,0,19,11,0,30,0,2,24,4,30,0,21,35,4,60,16,22,38,98
06/23/2009,SBY,MD,AEA,EN,Federal Contract Tower,0,20,2,1,23,0,4,45,8,57,0,24,47,9,80,56,2,58,138
06/24/2009,SBY,MD,AEA,EN,Federal Contract Tower,0,25,6,2,33,0,0,53,2,55,0,25,59,4,88,72,6,78,166
06/25/2009,SBY,MD,AEA,EN,Federal Contract Tower,0,19,15,2,36,0,10,49,3,62,0,29,64,5,98,76,42,118,216
06/26/2009,SBY,MD,AEA,EN,Federal Contract Tower,0,18,12,1,31,0,0,40,2,42,0,18,52,3,73,54,0,54,127
06/27/2009,SBY,MD,AEA,EN,Federal Contract Tower,0,15,10,0,25,0,0,50,0,50,0,15,60,0,75,36,0,36,111
06/28/2009,SBY,MD,AEA,EN,Federal Contract Tower,0,13,9,0,22,0,2,29,0,31,0,15,38,0,53,24,0,24,77
06/29/2009,SBY,MD,AEA,EN,Federal Contract Tower,0,18,15,0,33,0,0,32,5,37,0,18,47,5,70,74,14,88,158
06/30/2009,SBY,MD,AEA,EN,Federal Contract Tower,0,24,7,0,31,0,0,21,7,28,0,24,28,7,59,32,70,102,161
07/01/2009,SBY,MD,AEA,EN,Federal Contract Tower,0,18,5,8,31,0,0,49,16,65,0,18,54,24,96,58,82,140,236
07/02/2009,SBY,MD,AEA,EN,Federal Contract Tower,0,18,3,0,21,0,0,23,0,23,0,18,26,0,44,18,0,18,62
07/03/2009,SBY,MD,AEA,EN,Federal Contract Tower,0,16,4,0,20,0,0,22,0,22,0,16,26,0,42,10,0,10,52
07/04/2009,SBY,MD,AEA,EN,Federal Contract Tower,0,11,4,0,15,0,0,49,2,51,0,11,53,2,66,60,0,60,126
07/05/2009,SBY,MD,AEA,EN,Federal Contract Tower,0,16,9,0,25,0,6,31,0,37,0,22,40,0,62,22,0,22,84
07/06/2009,SBY,MD,AEA,EN,Federal Contract Tower,0,17,12,1,30,0,0,44,6,50,0,17,56,7,80,44,46,90,170
07/07/2009,SBY,MD,AEA,EN,Federal Contract Tower,0,18,11,3,32,0,0,33,5,38,0,18,44,8,70,58,38,96,166
07/08/2009,SBY,MD,AEA,EN,Federal Contract Tower,0,20,6,0,26,0,0,43,0,43,0,20,49,0,69,70,10,80,149
07/09/2009,SBY,MD,AEA,EN,Federal Contract Tower,0,19,10,0,29,0,0,46,0,46,0,19,56,0,75,40,0,40,115
07/10/2009,SBY,MD,AEA,EN,Federal Contract Tower,0,22,4,0,26,0,0,54,8,62,0,22,58,8,88,62,14,76,164
07/11/2009,SBY,MD,AEA,EN,Federal Contract Tower,0,12,2,0,14,0,0,51,0,51,0,12,53,0,65,32,0,32,97
07/12/2009,SBY,MD,AEA,EN,Federal Contract Tower,0,13,7,0,20,0,5,32,0,37,0,18,39,0,57,14,0,14,71
07/13/2009,SBY,MD,AEA,EN,Federal Contract Tower,0,15,10,1,26,0,0,22,2,24,0,15,32,3,50,24,16,40,90
07/14/2009,SBY,MD,AEA,EN,Federal Contract Tower,0,21,9,0,30,0,2,34,4,40,0,23,43,4,70,30,38,68,138
07/15/2009,SBY,MD,AEA,EN,Federal Contract Tower,0,21,22,2,45,0,4,59,11,74,0,25,81,13,119,52,60,112,231
07/16/2009,SBY,MD,AEA,EN,Federal Contract Tower,0,21,15,0,36,0,0,25,4,29,0,21,40,4,65,38,18,56,121
07/17/2009,SBY,MD,AEA,EN,Federal Contract Tower,0,20,11,5,36,0,0,21,0,21,0,20,32,5,57,24,4,28,85
07/18/2009,SBY,MD,AEA,EN,Federal Contract Tower,0,15,6,0,21,0,0,33,0,33,0,15,39,0,54,26,0,26,80
07/19/2009,SBY,MD,AEA,EN,Federal Contract Tower,0,14,13,0,27,0,0,63,0,63,0,14,76,0,90,66,0,66,156
07/20/2009,SBY,MD,AEA,EN,Federal Contract Tower,0,22,14,2,38,0,0,24,14,38,0,22,38,16,76,18,28,46,122
07/21/2009,SBY,MD,AEA,EN,Federal Contract Tower,0,23,6,1,30,0,0,9,2,11,0,23,15,3,41,0,34,34,75
07/22/2009,SBY,MD,AEA,EN,Federal Contract Tower,0,24,12,0,36,0,1,36,6,43,0,25,48,6,79,60,28,88,167
07/23/2009,SBY,MD,AEA,EN,Federal Contract Tower,0,19,11,0,30,0,0,17,1,18,0,19,28,1,48,0,0,0,48
07/24/2009,SBY,MD,AEA,EN,Federal Contract Tower,0,22,23,10,55,0,0,27,13,40,0,22,50,23,95,14,30,44,139
07/25/2009,SBY,MD,AEA,EN,Federal Contract Tower,0,12,16,0,28,0,0,63,0,63,0,12,79,0,91,22,0,22,113
07/26/2009,SBY,MD,AEA,EN,Federal Contract Tower,0,10,3,0,13,0,0,22,0,22,0,10,25,0,35,2,0,2,37
07/27/2009,SBY,MD,AEA,EN,Federal Contract Tower,0,20,12,2,34,0,0,17,1,18,0,20,29,3,52,22,16,38,90
07/28/2009,SBY,MD,AEA,EN,Federal Contract Tower,0,23,14,0,37,0,0,31,12,43,0,23,45,12,80,30,0,30,110
07/29/2009,SBY,MD,AEA,EN,Federal Contract Tower,0,22,11,1,34,0,0,31,10,41,0,22,42,11,75,80,8,88,163
07/30/2009,SBY,MD,AEA,EN,Federal Contract Tower,0,17,8,0,25,0,6,26,36,68,0,23,34,36,93,24,16,40,133
07/31/2009,SBY,MD,AEA,EN,Federal Contract Tower,0,22,23,4,49,0,2,11,2,15,0,24,34,6,64,10,14,24,88
08/01/2009,SBY,MD,AEA,EN,Federal Contract Tower,0,15,13,0,28,0,0,70,0,70,0,15,83,0,98,76,0,76,174
08/02/2009,SBY,MD,AEA,EN,Federal Contract Tower,0,14,13,0,27,0,0,4,1,5,0,14,17,1,32,0,0,0,32
08/03/2009,SBY,MD,AEA,EN,Federal Contract Tower,0,15,8,1,24,0,0,27,12,39,0,15,35,13,63,42,26,68,131
08/04/2009,SBY,MD,AEA,EN,Federal Contract Tower,0,24,15,0,39,0,0,50,17,67,0,24,65,17,106,56,30,86,192
08/05/2009,SBY,MD,AEA,EN,Federal Contract Tower,0,22,20,0,42,0,3,48,8,59,0,25,68,8,101,90,14,104,205
08/06/2009,SBY,MD,AEA,EN,Federal Contract Tower,0,22,14,5,41,0,0,3,2,5,0,22,17,7,46,0,0,0,46
08/07/2009,SBY,MD,AEA,EN,Federal Contract Tower,0,21,10,0,31,0,0,66,14,80,0,21,76,14,111,44,62,106,217
08/08/2009,SBY,MD,AEA,EN,Federal Contract Tower,0,13,9,0,22,0,0,34,0,34,0,13,43,0,56,16,0,16,72
08/09/2009,SBY,MD,AEA,EN,Federal Contract Tower,0,12,8,0,20,0,0,23,0,23,0,12,31,0,43,8,0,8,51
08/10/2009,SBY,MD,AEA,EN,Federal Contract Tower,0,13,6,0,19,0,3,31,11,45,0,16,37,11,64,36,48,84,148
08/11/2009,SBY,MD,AEA,EN,Federal Contract Tower,0,17,12,0,29,0,0,35,6,41,0,17,47,6,70,14,30,44,114
08/12/2009,SBY,MD,AEA,EN,Federal Contract Tower,0,18,10,0,28,0,0,11,0,11,0,18,21,0,39,6,0,6,45
08/13/2009,SBY,MD,AEA,EN,Federal Contract Tower,0,18,12,4,34,0,0,11,6,17,0,18,23,10,51,26,32,58,109
08/14/2009,SBY,MD,AEA,EN,Federal Contract Tower,0,20,6,0,26,0,0,37,6,43,0,20,43,6,69,50,28,78,147
08/15/2009,SBY,MD,AEA,EN,Federal Contract Tower,0,14,3,0,17,0,0,50,0,50,0,14,53,0,67,34,0,34,101
08/16/2009,SBY,MD,AEA,EN,Federal Contract Tower,0,16,3,7,26,0,0,50,17,67,0,16,53,24,93,56,14,70,163
08/17/2009,SBY,MD,AEA,EN,Federal Contract Tower,0,16,12,0,28,0,0,39,0,39,0,16,51,0,67,40,0,40,107
08/18/2009,SBY,MD,AEA,EN,Federal Contract Tower,0,20,11,0,31,0,0,45,10,55,0,20,56,10,86,60,90,150,236
08/19/2009,SBY,MD,AEA,EN,Federal Contract Tower,0,20,14,0,34,0,0,31,2,33,0,20,45,2,67,20,0,20,87
08/20/2009,SBY,MD,AEA,EN,Federal Contract Tower,0,19,14,2,35,0,6,33,22,61,0,25,47,24,96,6,18,24,120
08/21/2009,SBY,MD,AEA,EN,Federal Contract Tower,0,25,8,0,33,0,6,19,6,31,0,31,27,6,64,40,36,76,140
08/22/2009,SBY,MD,AEA,EN,Federal Contract Tower,0,12,4,0,16,0,0,4,1,5,0,12,8,1,21,0,0,0,21
08/23/2009,SBY,MD,AEA,EN,Federal Contract Tower,0,13,8,0,21,0,0,30,0,30,0,13,38,0,51,10,0,10,61
08/24/2009,SBY,MD,AEA,EN,Federal Contract Tower,0,19,8,0,27,0,0,25,0,25,0,19,33,0,52,16,0,16,68
08/25/2009,SBY,MD,AEA,EN,Federal Contract Tower,0,23,16,1,40,0,2,48,4,54,0,25,64,5,94,42,22,64,158
08/26/2009,SBY,MD,AEA,EN,Federal Contract Tower,0,22,7,2,31,0,0,47,8,55,0,22,54,10,86,28,34,62,148
08/27/2009,SBY,MD,AEA,EN,Federal Contract Tower,0,19,15,0,34,0,0,45,2,47,0,19,60,2,81,24,8,32,113
08/28/2009,SBY,MD,AEA,EN,Federal Contract Tower,0,24,2,2,28,0,1,2,0,3,0,25,4,2,31,0,0,0,31
08/29/2009,SBY,MD,AEA,EN,Federal Contract Tower,0,13,6,0,19,0,0,7,0,7,0,13,13,0,26,4,0,4,30
08/30/2009,SBY,MD,AEA,EN,Federal Contract Tower,0,12,5,0,17,0,2,31,0,33,0,14,36,0,50,22,0,22,72
08/31/2009,SBY,MD,AEA,EN,Federal Contract Tower,0,13,9,4,26,0,0,34,0,34,0,13,43,4,60,16,0,16,76
09/01/2009,SBY,MD,AEA,EN,Federal Contract Tower,0,25,18,0,43,0,0,33,7,40,0,25,51,7,83,22,26,48,131
09/02/2009,SBY,MD,AEA,EN,Federal Contract Tower,0,27,12,0,39,0,2,34,10,46,0,29,46,10,85,52,68,120,205
09/03/2009,SBY,MD,AEA,EN,Federal Contract Tower,0,24,3,0,27,0,0,18,6,24,0,24,21,6,51,12,52,64,115
09/04/2009,SBY,MD,AEA,EN,Federal Contract Tower,0,20,9,0,29,0,0,23,2,25,0,20,32,2,54,34,10,44,98
09/05/2009,SBY,MD,AEA,EN,Federal Contract Tower,0,13,2,0,15,0,0,33,0,33,0,13,35,0,48,72,0,72,120
09/06/2009,SBY,MD,AEA,EN,Federal Contract Tower,0,13,6,0,19,0,0,46,0,46,0,13,52,0,65,36,0,36,101
09/07/2009,SBY,MD,AEA,EN,Federal Contract Tower,0,14,10,0,24,0,0,13,0,13,0,14,23,0,37,28,0,28,65
09/08/2009,SBY,MD,AEA,EN,Federal Contract Tower,0,16,12,0,28,0,0,7,0,7,0,16,19,0,35,8,0,8,43
09/09/2009,SBY,MD,AEA,EN,Federal Contract Tower,0,27,14,8,49,0,15,2,2,19,0,42,16,10,68,0,34,34,102
09/10/2009,SBY,MD,AEA,EN,Federal Contract Tower,0,21,5,4,30,0,0,9,0,9,0,21,14,4,39,18,10,28,67
09/11/2009,SBY,MD,AEA,EN,Federal Contract Tower,0,24,5,1,30,0,1,6,0,7,0,25,11,1,37,10,0,10,47
09/12/2009,SBY,MD,AEA,EN,Federal Contract Tower,0,17,9,0,26,0,0,19,0,19,0,17,28,0,45,0,0,0,45
09/13/2009,SBY,MD,AEA,EN,Federal Contract Tower,0,19,6,0,25,0,0,36,0,36,0,19,42,0,61,10,0,10,71
09/14/2009,SBY,MD,AEA,EN,Federal Contract Tower,0,12,4,0,16,0,0,55,10,65,0,12,59,10,81,42,80,122,203
09/15/2009,SBY,MD,AEA,EN,Federal Contract Tower,0,20,4,0,24,0,0,61,10,71,0,20,65,10,95,12,62,74,169
09/16/2009,SBY,MD,AEA,EN,Federal Contract Tower,0,20,16,0,36,0,0,13,0,13,0,20,29,0,49,22,0,22,71
09/17/2009,SBY,MD,AEA,EN,Federal Contract Tower,0,18,9,0,27,0,0,17,6,23,0,18,26,6,50,20,56,76,126
09/18/2009,SBY,MD,AEA,EN,Federal Contract Tower,0,24,9,3,36,0,0,27,8,35,0,24,36,11,71,12,50,62,133
09/19/2009,SBY,MD,AEA,EN,Federal Contract Tower,0,11,4,0,15,0,0,57,0,57,0,11,61,0,72,72,0,72,144
09/20/2009,SBY,MD,AEA,EN,Federal Contract Tower,0,13,3,0,16,0,0,34,0,34,0,13,37,0,50,32,0,32,82
09/21/2009,SBY,MD,AEA,EN,Federal Contract Tower,0,15,13,0,28,0,0,40,0,40,0,15,53,0,68,28,0,28,96
09/22/2009,SBY,MD,AEA,EN,Federal Contract Tower,0,20,13,0,33,0,2,16,12,30,0,22,29,12,63,14,14,28,91
09/23/2009,SBY,MD,AEA,EN,Federal Contract Tower,0,16,4,0,20,0,0,23,14,37,0,16,27,14,57,22,58,80,137
09/24/2009,SBY,MD,AEA,EN,Federal Contract Tower,0,16,11,0,27,0,0,6,4,10,0,16,17,4,37,24,40,64,101
09/25/2009,SBY,MD,AEA,EN,Federal Contract Tower,0,18,5,0,23,0,0,6,18,24,0,18,11,18,47,0,0,0,47
09/26/2009,SBY,MD,AEA,EN,Federal Contract Tower,0,15,5,0,20,0,0,21,0,21,0,15,26,0,41,12,0,12,53
09/27/2009,SBY,MD,AEA,EN,Federal Contract Tower,0,15,6,0,21,0,0,7,0,7,0,15,13,0,28,0,0,0,28
09/28/2009,SBY,MD,AEA,EN,Federal Contract Tower,0,18,7,0,25,0,0,12,0,12,0,18,19,0,37,10,0,10,47
09/29/2009,SBY,MD,AEA,EN,Federal Contract Tower,0,19,7,0,26,0,0,20,8,28,0,19,27,8,54,14,52,66,120
09/30/2009,SBY,MD,AEA,EN,Federal Contract Tower,0,14,11,0,25,0,0,42,4,46,0,14,53,4,71,32,6,38,109
10/01/2009,SBY,MD,AEA,EN,Federal Contract Tower,0,17,11,0,28,0,4,43,8,55,0,21,54,8,83,46,28,74,157
10/02/2009,SBY,MD,AEA,EN,Federal Contract Tower,0,22,5,0,27,0,0,36,2,38,0,22,41,2,65,32,14,46,111
10/03/2009,SBY,MD,AEA,EN,Federal Contract Tower,0,10,5,0,15,0,0,17,0,17,0,10,22,0,32,56,0,56,88
10/04/2009,SBY,MD,AEA,EN,Federal Contract Tower,0,15,6,0,21,0,0,34,0,34,0,15,40,0,55,36,0,36,91
10/05/2009,SBY,MD,AEA,EN,Federal Contract Tower,0,15,11,0,26,0,0,42,6,48,0,15,53,6,74,34,2,36,110
10/06/2009,SBY,MD,AEA,EN,Federal Contract Tower,0,17,8,0,25,0,0,42,11,53,0,17,50,11,78,70,40,110,188
10/07/2009,SBY,MD,AEA,EN,Federal Contract Tower,0,15,4,0,19,0,0,6,0,6,0,15,10,0,25,0,0,0,25
10/08/2009,SBY,MD,AEA,EN,Federal Contract Tower,0,20,6,0,26,0,0,19,4,23,0,20,25,4,49,30,14,44,93
10/09/2009,SBY,MD,AEA,EN,Federal Contract Tower,0,16,4,0,20,0,0,17,4,21,0,16,21,4,41,0,20,20,61
10/10/2009,SBY,MD,AEA,EN,Federal Contract Tower,0,12,12,0,24,0,0,21,0,21,0,12,33,0,45,46,0,46,91
10/11/2009,SBY,MD,AEA,EN,Federal Contract Tower,0,14,1,0,15,0,0,42,0,42,0,14,43,0,57,28,0,28,85
10/12/2009,SBY,MD,AEA,EN,Federal Contract Tower,0,15,15,0,30,0,0,30,0,30,0,15,45,0,60,20,0,20,80
10/13/2009,SBY,MD,AEA,EN,Federal Contract Tower,0,17,6,0,23,0,0,30,2,32,0,17,36,2,55,24,10,34,89
10/14/2009,SBY,MD,AEA,EN,Federal Contract Tower,0,17,12,4,33,0,0,32,22,54,0,17,44,26,87,10,34,44,131
10/15/2009,SBY,MD,AEA,EN,Federal Contract Tower,0,19,11,0,30,0,0,1,0,1,0,19,12,0,31,0,0,0,31
10/16/2009,SBY,MD,AEA,EN,Federal Contract Tower,0,16,10,0,26,0,0,0,0,0,0,16,10,0,26,0,0,0,26
10/17/2009,SBY,MD,AEA,EN,Federal Contract Tower,0,13,5,0,18,0,0,0,0,0,0,13,5,0,18,0,0,0,18
10/18/2009,SBY,MD,AEA,EN,Federal Contract Tower,0,13,3,0,16,0,0,2,0,2,0,13,5,0,18,0,0,0,18
10/19/2009,SBY,MD,AEA,EN,Federal Contract Tower,0,11,7,0,18,0,4,43,9,56,0,15,50,9,74,32,52,84,158
10/20/2009,SBY,MD,AEA,EN,Federal Contract Tower,0,17,7,4,28,0,0,68,10,78,0,17,75,14,106,62,66,128,234
10/21/2009,SBY,MD,AEA,EN,Federal Contract Tower,0,19,5,2,26,0,0,60,2,62,0,19,65,4,88,70,14,84,172
10/22/2009,SBY,MD,AEA,EN,Federal Contract Tower,0,20,11,0,31,0,0,52,4,56,0,20,63,4,87,68,30,98,185
10/23/2009,SBY,MD,AEA,EN,Federal Contract Tower,0,18,5,0,23,0,2,27,0,29,0,20,32,0,52,40,0,40,92
10/24/2009,SBY,MD,AEA,EN,Federal Contract Tower,0,12,2,0,14,0,0,5,0,5,0,12,7,0,19,0,0,0,19
10/25/2009,SBY,MD,AEA,EN,Federal Contract Tower,0,12,6,0,18,0,0,34,0,34,0,12,40,0,52,16,0,16,68
10/26/2009,SBY,MD,AEA,EN,Federal Contract Tower,0,17,6,0,23,0,4,64,2,70,0,21,70,2,93,4,44,48,141
10/27/2009,SBY,MD,AEA,EN,Federal Contract Tower,0,17,3,0,20,0,0,0,0,0,0,17,3,0,20,0,0,0,20
10/28/2009,SBY,MD,AEA,EN,Federal Contract Tower,0,18,9,0,27,0,0,26,10,36,0,18,35,10,63,4,78,82,145
10/29/2009,SBY,MD,AEA,EN,Federal Contract Tower,0,17,24,0,41,0,0,7,2,9,0,17,31,2,50,0,26,26,76
10/30/2009,SBY,MD,AEA,EN,Federal Contract Tower,0,16,11,1,28,0,6,15,2,23,0,22,26,3,51,54,0,54,105
10/31/2009,SBY,MD,AEA,EN,Federal Contract Tower,0,14,9,0,23,0,1,19,0,20,0,15,28,0,43,6,0,6,49
11/01/2009,SBY,MD,AEA,EN,Federal Contract Tower,0,16,0,0,16,0,0,8,0,8,0,16,8,0,24,12,0,12,36
11/02/2009,SBY,MD,AEA,EN,Federal Contract Tower,0,19,4,6,29,0,0,8,0,8,0,19,12,6,37,6,0,6,43
11/03/2009,SBY,MD,AEA,EN,Federal Contract Tower,0,20,7,0,27,0,0,65,10,75,0,20,72,10,102,96,88,184,286
11/04/2009,SBY,MD,AEA,EN,Federal Contract Tower,0,18,4,4,26,0,4,58,8,70,0,22,62,12,96,80,12,92,188
11/05/2009,SBY,MD,AEA,EN,Federal Contract Tower,0,20,5,0,25,0,2,34,8,44,0,22,39,8,69,124,16,140,209
11/06/2009,SBY,MD,AEA,EN,Federal Contract Tower,0,21,7,0,28,0,0,18,10,28,0,21,25,10,56,14,66,80,136
11/07/2009,SBY,MD,AEA,EN,Federal Contract Tower,0,13,2,0,15,0,0,49,0,49,0,13,51,0,64,92,0,92,156
11/08/2009,SBY,MD,AEA,EN,Federal Contract Tower,0,16,1,0,17,0,2,87,0,89,0,18,88,0,106,52,0,52,158
11/09/2009,SBY,MD,AEA,EN,Federal Contract Tower,0,15,12,0,27,0,8,47,9,64,0,23,59,9,91,20,48,68,159
11/10/2009,SBY,MD,AEA,EN,Federal Contract Tower,0,17,1,0,18,0,0,27,2,29,0,17,28,2,47,22,14,36,83
11/11/2009,SBY,MD,AEA,EN,Federal Contract Tower,0,17,13,0,30,0,1,0,0,1,0,18,13,0,31,0,0,0,31
11/12/2009,SBY,MD,AEA,EN,Federal Contract Tower,0,17,1,0,18,0,0,0,0,0,0,17,1,0,18,0,0,0,18
11/13/2009,SBY,MD,AEA,EN,Federal Contract Tower,0,14,3,2,19,0,0,4,0,4,0,14,7,2,23,0,0,0,23
11/14/2009,SBY,MD,AEA,EN,Federal Contract Tower,0,13,4,0,17,0,0,0,0,0,0,13,4,0,17,0,0,0,17
11/15/2009,SBY,MD,AEA,EN,Federal Contract Tower,0,14,11,2,27,0,2,31,7,40,0,16,42,9,67,16,0,16,83
11/16/2009,SBY,MD,AEA,EN,Federal Contract Tower,0,15,9,0,24,0,2,23,14,39,0,17,32,14,63,6,78,84,147
11/17/2009,SBY,MD,AEA,EN,Federal Contract Tower,0,16,10,2,28,0,0,56,7,63,0,16,66,9,91,58,92,150,241
11/18/2009,SBY,MD,AEA,EN,Federal Contract Tower,0,14,18,0,32,0,0,24,2,26,0,14,42,2,58,8,8,16,74
11/19/2009,SBY,MD,AEA,EN,Federal Contract Tower,0,14,5,0,19,0,0,6,0,6,0,14,11,0,25,0,0,0,25
11/20/2009,SBY,MD,AEA,EN,Federal Contract Tower,0,19,7,0,26,0,0,28,0,28,0,19,35,0,54,40,0,40,94
11/21/2009,SBY,MD,AEA,EN,Federal Contract Tower,0,13,7,0,20,0,0,60,0,60,0,13,67,0,80,74,0,74,154
11/22/2009,SBY,MD,AEA,EN,Federal Contract Tower,0,16,7,0,23,0,0,29,0,29,0,16,36,0,52,4,0,4,56
11/23/2009,SBY,MD,AEA,EN,Federal Contract Tower,0,17,8,0,25,0,0,2,0,2,0,17,10,0,27,0,0,0,27
11/24/2009,SBY,MD,AEA,EN,Federal Contract Tower,0,22,5,0,27,0,0,0,0,0,0,22,5,0,27,0,0,0,27
11/25/2009,SBY,MD,AEA,EN,Federal Contract Tower,0,17,13,1,31,0,0,3,1,4,0,17,16,2,35,0,0,0,35
11/26/2009,SBY,MD,AEA,EN,Federal Contract Tower,0,11,1,0,12,0,0,3,0,3,0,11,4,0,15,0,0,0,15
11/27/2009,SBY,MD,AEA,EN,Federal Contract Tower,0,18,0,0,18,0,2,5,0,7,0,20,5,0,25,0,0,0,25
11/28/2009,SBY,MD,AEA,EN,Federal Contract Tower,0,11,6,0,17,0,0,5,0,5,0,11,11,0,22,0,0,0,22
11/29/2009,SBY,MD,AEA,EN,Federal Contract Tower,0,15,8,0,23,0,0,69,0,69,0,15,77,0,92,82,0,82,174
11/30/2009,SBY,MD,AEA,EN,Federal Contract Tower,0,15,6,0,21,0,0,23,2,25,0,15,29,2,46,30,2,32,78
12/01/2009,SBY,MD,AEA,EN,Federal Contract Tower,0,22,13,0,35,0,0,54,4,58,0,22,67,4,93,60,36,96,189
12/02/2009,SBY,MD,AEA,EN,Federal Contract Tower,0,24,6,0,30,0,0,21,2,23,0,24,27,2,53,24,4,28,81
12/03/2009,SBY,MD,AEA,EN,Federal Contract Tower,0,18,7,0,25,0,0,23,6,29,0,18,30,6,54,16,32,48,102
12/04/2009,SBY,MD,AEA,EN,Federal Contract Tower,0,20,13,0,33,0,0,42,2,44,0,20,55,2,77,72,2,74,151
12/05/2009,SBY,MD,AEA,EN,Federal Contract Tower,0,13,3,0,16,0,0,0,0,0,0,13,3,0,16,0,0,0,16
12/06/2009,SBY,MD,AEA,EN,Federal Contract Tower,0,13,11,0,24,0,0,54,0,54,0,13,65,0,78,22,0,22,100
12/07/2009,SBY,MD,AEA,EN,Federal Contract Tower,0,13,11,2,26,0,0,40,4,44,0,13,51,6,70,60,18,78,148
12/08/2009,SBY,MD,AEA,EN,Federal Contract Tower,0,19,4,0,23,0,0,43,0,43,0,19,47,0,66,52,16,68,134
12/09/2009,SBY,MD,AEA,EN,Federal Contract Tower,0,18,3,1,22,0,0,10,6,16,0,18,13,7,38,0,46,46,84
12/10/2009,SBY,MD,AEA,EN,Federal Contract Tower,0,19,9,1,29,0,0,28,0,28,0,19,37,1,57,44,0,44,101
12/11/2009,SBY,MD,AEA,EN,Federal Contract Tower,0,25,3,4,32,0,0,10,0,10,0,25,13,4,42,10,0,10,52
12/12/2009,SBY,MD,AEA,EN,Federal Contract Tower,0,12,2,0,14,0,0,47,0,47,0,12,49,0,61,72,0,72,133
12/13/2009,SBY,MD,AEA,EN,Federal Contract Tower,0,11,0,0,11,0,0,0,0,0,0,11,0,0,11,0,0,0,11
12/14/2009,SBY,MD,AEA,EN,Federal Contract Tower,0,13,13,2,28,0,0,37,3,40,0,13,50,5,68,66,10,76,144
12/15/2009,SBY,MD,AEA,EN,Federal Contract Tower,0,23,5,2,30,0,0,11,0,11,0,23,16,2,41,18,0,18,59
12/16/2009,SBY,MD,AEA,EN,Federal Contract Tower,0,19,11,2,32,0,0,48,7,55,0,19,59,9,87,46,74,120,207
12/17/2009,SBY,MD,AEA,EN,Federal Contract Tower,0,22,10,0,32,0,0,32,8,40,0,22,42,8,72,34,88,122,194
12/18/2009,SBY,MD,AEA,EN,Federal Contract Tower,0,18,4,0,22,0,0,30,4,34,0,18,34,4,56,56,30,86,142
12/19/2009,SBY,MD,AEA,EN,Federal Contract Tower,0,7,0,0,7,0,0,0,0,0,0,7,0,0,7,0,0,0,7
12/20/2009,SBY,MD,AEA,EN,Federal Contract Tower,0,6,3,0,9,0,0,5,0,5,0,6,8,0,14,0,0,0,14
12/21/2009,SBY,MD,AEA,EN,Federal Contract Tower,0,15,3,0,18,0,0,15,0,15,0,15,18,0,33,6,0,6,39
12/22/2009,SBY,MD,AEA,EN,Federal Contract Tower,0,20,2,1,23,0,0,46,6,52,0,20,48,7,75,94,4,98,173
12/23/2009,SBY,MD,AEA,EN,Federal Contract Tower,0,20,11,2,33,0,0,69,2,71,0,20,80,4,104,62,34,96,200
12/24/2009,SBY,MD,AEA,EN,Federal Contract Tower,0,20,6,0,26,0,0,40,6,46,0,20,46,6,72,22,0,22,94
12/25/2009,SBY,MD,AEA,EN,Federal Contract Tower,0,14,1,0,15,0,0,4,0,4,0,14,5,0,19,0,0,0,19
12/26/2009,SBY,MD,AEA,EN,Federal Contract Tower,0,16,11,0,27,0,0,0,0,0,0,16,11,0,27,0,0,0,27
12/27/2009,SBY,MD,AEA,EN,Federal Contract Tower,0,14,12,0,26,0,0,38,0,38,0,14,50,0,64,36,0,36,100
12/28/2009,SBY,MD,AEA,EN,Federal Contract Tower,0,14,13,0,27,0,0,19,2,21,0,14,32,2,48,42,0,42,90
12/29/2009,SBY,MD,AEA,EN,Federal Contract Tower,0,21,3,0,24,0,0,8,2,10,0,21,11,2,34,2,6,8,42
12/30/2009,SBY,MD,AEA,EN,Federal Contract Tower,0,22,14,2,38,0,0,42,10,52,0,22,56,12,90,48,116,164,254
12/31/2009,SBY,MD,AEA,EN,Federal Contract Tower,0,11,2,0,13,0,0,0,0,0,0,11,2,0,13,0,0,0,13
01/01/2010,SBY,MD,AEA,EN,Federal Contract Tower,0,14,3,0,17,0,0,2,0,2,0,14,5,0,19,0,0,0,19
01/02/2010,SBY,MD,AEA,EN,Federal Contract Tower,0,15,4,0,19,0,0,2,0,2,0,15,6,0,21,0,0,0,21
01/03/2010,SBY,MD,AEA,EN,Federal Contract Tower,0,13,0,0,13,0,0,4,0,4,0,13,4,0,17,0,0,0,17
01/04/2010,SBY,MD,AEA,EN,Federal Contract Tower,0,13,6,0,19,0,0,14,0,14,0,13,20,0,33,16,0,16,49
01/05/2010,SBY,MD,AEA,EN,Federal Contract Tower,0,17,2,0,19,0,0,28,10,38,0,17,30,10,57,38,58,96,153
01/06/2010,SBY,MD,AEA,EN,Federal Contract Tower,0,18,8,0,26,0,0,23,4,27,0,18,31,4,53,18,9,27,80
01/07/2010,SBY,MD,AEA,EN,Federal Contract Tower,0,21,8,2,31,0,0,20,5,25,0,21,28,7,56,36,34,70,126
01/08/2010,SBY,MD,AEA,EN,Federal Contract Tower,0,17,8,1,26,0,0,13,4,17,0,17,21,5,43,20,32,52,95
01/09/2010,SBY,MD,AEA,EN,Federal Contract Tower,0,12,4,0,16,0,0,19,0,19,0,12,23,0,35,38,0,38,73
01/10/2010,SBY,MD,AEA,EN,Federal Contract Tower,0,14,7,0,21,0,0,39,0,39,0,14,46,0,60,98,0,98,158
01/11/2010,SBY,MD,AEA,EN,Federal Contract Tower,0,16,14,0,30,0,0,39,0,39,0,16,53,0,69,68,0,68,137
01/12/2010,SBY,MD,AEA,EN,Federal Contract Tower,0,15,7,0,22,0,0,25,2,27,0,15,32,2,49,30,28,58,107
01/13/2010,SBY,MD,AEA,EN,Federal Contract Tower,0,17,12,5,34,0,0,29,4,33,0,17,41,9,67,32,8,40,107
01/14/2010,SBY,MD,AEA,EN,Federal Contract Tower,0,17,16,4,37,0,0,48,9,57,0,17,64,13,94,36,68,104,198
01/15/2010,SBY,MD,AEA,EN,Federal Contract Tower,0,16,8,6,30,0,0,28,9,37,0,16,36,15,67,64,72,136,203
01/16/2010,SBY,MD,AEA,EN,Federal Contract Tower,0,9,4,0,13,0,0,55,0,55,0,9,59,0,68,106,0,106,174
01/17/2010,SBY,MD,AEA,EN,Federal Contract Tower,0,10,0,0,10,0,0,2,0,2,0,10,2,0,12,0,0,0,12
01/18/2010,SBY,MD,AEA,EN,Federal Contract Tower,0,13,23,0,36,0,6,56,0,62,0,19,79,0,98,48,0,48,146
01/19/2010,SBY,MD,AEA,EN,Federal Contract Tower,0,23,4,4,31,0,0,35,9,44,0,23,39,13,75,56,60,116,191
01/20/2010,SBY,MD,AEA,EN,Federal Contract Tower,0,17,8,6,31,0,0,22,7,29,0,17,30,13,60,32,88,120,180
01/21/2010,SBY,MD,AEA,EN,Federal Contract Tower,0,17,6,0,23,0,0,22,0,22,0,17,28,0,45,6,0,6,51
01/22/2010,SBY,MD,AEA,EN,Federal Contract Tower,0,16,4,1,21,0,0,12,0,12,0,16,16,1,33,20,0,20,53
01/23/2010,SBY,MD,AEA,EN,Federal Contract Tower,0,12,11,2,25,0,0,53,2,55,0,12,64,4,80,124,20,144,224
01/24/2010,SBY,MD,AEA,EN,Federal Contract Tower,0,12,2,0,14,0,0,0,0,0,0,12,2,0,14,28,0,28,42
01/25/2010,SBY,MD,AEA,EN,Federal Contract Tower,0,11,5,0,16,0,0,12,0,12,0,11,17,0,28,22,0,22,50
01/26/2010,SBY,MD,AEA,EN,Federal Contract Tower,0,19,13,0,32,0,0,37,2,39,0,19,50,2,71,78,2,80,151
01/27/2010,SBY,MD,AEA,EN,Federal Contract Tower,0,15,6,0,21,0,0,39,6,45,0,15,45,6,66,70,38,108,174
01/28/2010,SBY,MD,AEA,EN,Federal Contract Tower,0,21,5,0,26,0,0,16,2,18,0,21,21,2,44,20,0,20,64
01/29/2010,SBY,MD,AEA,EN,Federal Contract Tower,0,19,6,0,25,0,0,24,4,28,0,19,30,4,53,48,20,68,121
01/30/2010,SBY,MD,AEA,EN,Federal Contract Tower,0,2,1,0,3,0,0,0,0,0,0,2,1,0,3,0,0,0,3
01/31/2010,SBY,MD,AEA,EN,Federal Contract Tower,0,11,4,0,15,0,0,9,0,9,0,11,13,0,24,0,0,0,24
02/01/2010,SBY,MD,AEA,EN,Federal Contract Tower,0,14,3,0,17,0,0,20,0,20,0,14,23,0,37,2,0,2,39
02/02/2010,SBY,MD,AEA,EN,Federal Contract Tower,0,18,5,0,23,0,0,26,0,26,0,18,31,0,49,14,0,14,63
02/03/2010,SBY,MD,AEA,EN,Federal Contract Tower,0,16,9,0,25,0,0,24,10,34,0,16,33,10,59,42,44,86,145
02/04/2010,SBY,MD,AEA,EN,Federal Contract Tower,0,18,9,0,27,0,2,28,8,38,0,20,37,8,65,18,50,68,133
02/05/2010,SBY,MD,AEA,EN,Federal Contract Tower,0,16,10,0,26,0,0,5,0,5,0,16,15,0,31,2,0,2,33
02/06/2010,SBY,MD,AEA,EN,Federal Contract Tower,0,0,0,0,0,0,0,0,0,0,0,0,0,0,0,0,0,0,0
02/07/2010,SBY,MD,AEA,EN,Federal Contract Tower,0,16,0,0,16,0,3,13,0,16,0,19,13,0,32,0,0,0,32
02/08/2010,SBY,MD,AEA,EN,Federal Contract Tower,0,14,4,0,18,0,0,23,0,23,0,14,27,0,41,2,0,2,43
02/09/2010,SBY,MD,AEA,EN,Federal Contract Tower,0,20,4,0,24,0,0,8,0,8,0,20,12,0,32,0,0,0,32
02/10/2010,SBY,MD,AEA,EN,Federal Contract Tower,0,1,0,0,1,0,0,0,0,0,0,1,0,0,1,0,0,0,1
02/11/2010,SBY,MD,AEA,EN,Federal Contract Tower,0,15,0,0,15,0,0,10,0,10,0,15,10,0,25,0,0,0,25
02/12/2010,SBY,MD,AEA,EN,Federal Contract Tower,0,17,6,0,23,0,0,13,0,13,0,17,19,0,36,20,0,20,56
02/13/2010,SBY,MD,AEA,EN,Federal Contract Tower,0,13,0,0,13,0,0,9,0,9,0,13,9,0,22,0,0,0,22
02/14/2010,SBY,MD,AEA,EN,Federal Contract Tower,0,13,3,0,16,0,0,10,0,10,0,13,13,0,26,0,0,0,26
02/15/2010,SBY,MD,AEA,EN,Federal Contract Tower,0,14,3,0,17,0,0,5,0,5,0,14,8,0,22,42,0,42,64
02/16/2010,SBY,MD,AEA,EN,Federal Contract Tower,0,16,6,0,22,0,0,14,6,20,0,16,20,6,42,16,38,54,96
02/17/2010,SBY,MD,AEA,EN,Federal Contract Tower,0,17,12,3,32,0,0,33,14,47,0,17,45,17,79,62,66,128,207
02/18/2010,SBY,MD,AEA,EN,Federal Contract Tower,0,17,9,1,27,0,0,18,5,23,0,17,27,6,50,15,12,27,77
02/19/2010,SBY,MD,AEA,EN,Federal Contract Tower,0,16,11,1,28,0,0,13,9,22,0,16,24,10,50,16,48,64,114
02/20/2010,SBY,MD,AEA,EN,Federal Contract Tower,0,6,20,2,28,0,0,59,0,59,0,6,79,2,87,86,0,86,173
02/21/2010,SBY,MD,AEA,EN,Federal Contract Tower,0,12,6,0,18,0,0,35,0,35,0,12,41,0,53,62,0,62,115
02/22/2010,SBY,MD,AEA,EN,Federal Contract Tower,0,13,5,0,18,0,4,7,6,17,0,17,12,6,35,14,36,50,85
02/23/2010,SBY,MD,AEA,EN,Federal Contract Tower,0,17,4,1,22,0,0,0,0,0,0,17,4,1,22,0,0,0,22
02/24/2010,SBY,MD,AEA,EN,Federal Contract Tower,0,13,7,2,22,0,0,26,0,26,0,13,33,2,48,14,6,20,68
02/25/2010,SBY,MD,AEA,EN,Federal Contract Tower,0,19,1,0,20,0,0,3,0,3,0,19,4,0,23,8,0,8,31
02/26/2010,SBY,MD,AEA,EN,Federal Contract Tower,0,19,3,0,22,0,0,4,0,4,0,19,7,0,26,0,0,0,26
02/27/2010,SBY,MD,AEA,EN,Federal Contract Tower,0,10,4,0,14,0,0,27,0,27,0,10,31,0,41,46,0,46,87
02/28/2010,SBY,MD,AEA,EN,Federal Contract Tower,0,12,9,0,21,0,0,5,0,5,0,12,14,0,26,24,0,24,50
03/01/2010,SBY,MD,AEA,EN,Federal Contract Tower,0,14,8,2,24,0,0,26,9,35,0,14,34,11,59,8,52,60,119
03/02/2010,SBY,MD,AEA,EN,Federal Contract Tower,0,18,5,0,23,0,0,26,22,48,0,18,31,22,71,6,50,56,127
03/03/2010,SBY,MD,AEA,EN,Federal Contract Tower,0,21,4,0,25,0,0,0,0,0,0,21,4,0,25,0,0,0,25
03/04/2010,SBY,MD,AEA,EN,Federal Contract Tower,0,14,7,7,28,0,0,20,14,34,0,14,27,21,62,30,56,86,148
03/05/2010,SBY,MD,AEA,EN,Federal Contract Tower,0,18,2,1,21,0,0,20,9,29,0,18,22,10,50,16,34,50,100
03/06/2010,SBY,MD,AEA,EN,Federal Contract Tower,0,11,14,0,25,0,0,72,0,72,0,11,86,0,97,94,0,94,191
03/07/2010,SBY,MD,AEA,EN,Federal Contract Tower,0,12,18,0,30,0,2,79,0,81,0,14,97,0,111,42,0,42,153
03/08/2010,SBY,MD,AEA,EN,Federal Contract Tower,0,13,11,2,26,0,0,48,0,48,0,13,59,2,74,62,0,62,136
03/09/2010,SBY,MD,AEA,EN,Federal Contract Tower,0,18,14,0,32,0,0,63,6,69,0,18,77,6,101,52,56,108,209
03/10/2010,SBY,MD,AEA,EN,Federal Contract Tower,0,15,9,0,24,0,0,33,2,35,0,15,42,2,59,32,10,42,101
03/11/2010,SBY,MD,AEA,EN,Federal Contract Tower,0,19,9,0,28,0,0,14,4,18,0,19,23,4,46,12,24,36,82
03/12/2010,SBY,MD,AEA,EN,Federal Contract Tower,0,17,13,0,30,0,0,0,0,0,0,17,13,0,30,0,0,0,30
03/13/2010,SBY,MD,AEA,EN,Federal Contract Tower,0,14,15,0,29,0,0,0,0,0,0,14,15,0,29,0,0,0,29
03/14/2010,SBY,MD,AEA,EN,Federal Contract Tower,0,15,8,0,23,0,0,7,0,7,0,15,15,0,30,10,0,10,40
03/15/2010,SBY,MD,AEA,EN,Federal Contract Tower,0,17,5,0,22,0,0,0,0,0,0,17,5,0,22,0,0,0,22
03/16/2010,SBY,MD,AEA,EN,Federal Contract Tower,0,20,12,0,32,0,0,20,2,22,0,20,32,2,54,20,22,42,96
03/17/2010,SBY,MD,AEA,EN,Federal Contract Tower,0,19,3,0,22,0,0,29,12,41,0,19,32,12,63,14,86,100,163
03/18/2010,SBY,MD,AEA,EN,Federal Contract Tower,0,21,18,0,39,0,0,35,6,41,0,21,53,6,80,36,26,62,142
03/19/2010,SBY,MD,AEA,EN,Federal Contract Tower,0,18,15,0,33,0,0,78,4,82,0,18,93,4,115,136,28,164,279
03/20/2010,SBY,MD,AEA,EN,Federal Contract Tower,0,11,12,0,23,0,0,48,0,48,0,11,60,0,71,96,0,96,167
03/21/2010,SBY,MD,AEA,EN,Federal Contract Tower,0,14,13,0,27,0,0,28,0,28,0,14,41,0,55,36,0,36,91
03/22/2010,SBY,MD,AEA,EN,Federal Contract Tower,0,15,7,0,22,0,0,2,0,2,0,15,9,0,24,0,0,0,24
03/23/2010,SBY,MD,AEA,EN,Federal Contract Tower,0,17,13,4,34,0,0,22,1,23,0,17,35,5,57,24,16,40,97
03/24/2010,SBY,MD,AEA,EN,Federal Contract Tower,0,20,9,0,29,0,0,20,8,28,0,20,29,8,57,26,22,48,105
03/25/2010,SBY,MD,AEA,EN,Federal Contract Tower,0,13,14,3,30,0,0,22,11,33,0,13,36,14,63,26,50,76,139
03/26/2010,SBY,MD,AEA,EN,Federal Contract Tower,0,17,9,0,26,0,0,7,0,7,0,17,16,0,33,10,0,10,43
03/27/2010,SBY,MD,AEA,EN,Federal Contract Tower,0,12,11,0,23,0,0,66,0,66,0,12,77,0,89,98,0,98,187
03/28/2010,SBY,MD,AEA,EN,Federal Contract Tower,0,14,5,0,19,0,2,11,0,13,0,16,16,0,32,2,0,2,34
03/29/2010,SBY,MD,AEA,EN,Federal Contract Tower,0,20,8,0,28,0,0,0,0,0,0,20,8,0,28,0,0,0,28
03/30/2010,SBY,MD,AEA,EN,Federal Contract Tower,0,19,8,4,31,0,2,8,0,10,0,21,16,4,41,0,0,0,41
03/31/2010,SBY,MD,AEA,EN,Federal Contract Tower,0,18,12,0,30,0,0,21,6,27,0,18,33,6,57,24,30,54,111
04/01/2010,SBY,MD,AEA,EN,Federal Contract Tower,0,17,6,5,28,0,0,61,13,74,0,17,67,18,102,108,76,184,286
04/02/2010,SBY,MD,AEA,EN,Federal Contract Tower,1,17,15,0,33,0,0,59,2,61,1,17,74,2,94,82,2,84,178
04/03/2010,SBY,MD,AEA,EN,Federal Contract Tower,0,13,14,0,27,0,2,67,0,69,0,15,81,0,96,98,0,98,194
04/04/2010,SBY,MD,AEA,EN,Federal Contract Tower,0,17,1,0,18,0,0,19,0,19,0,17,20,0,37,12,0,12,49
04/05/2010,SBY,MD,AEA,EN,Federal Contract Tower,0,16,15,2,33,0,2,49,2,53,0,18,64,4,86,36,16,52,138
04/06/2010,SBY,MD,AEA,EN,Federal Contract Tower,0,19,9,2,30,0,0,47,14,61,0,19,56,16,91,44,78,122,213
04/07/2010,SBY,MD,AEA,EN,Federal Contract Tower,0,17,7,5,29,0,0,23,4,27,0,17,30,9,56,34,36,70,126
04/08/2010,SBY,MD,AEA,EN,Federal Contract Tower,0,18,3,0,21,0,0,33,0,33,0,18,36,0,54,14,14,28,82
04/09/2010,SBY,MD,AEA,EN,Federal Contract Tower,0,14,10,0,24,0,0,15,0,15,0,14,25,0,39,2,0,2,41
04/10/2010,SBY,MD,AEA,EN,Federal Contract Tower,0,15,4,0,19,0,0,59,0,59,0,15,63,0,78,64,0,64,142
04/11/2010,SBY,MD,AEA,EN,Federal Contract Tower,0,13,13,0,26,0,0,63,0,63,0,13,76,0,89,50,0,50,139
04/12/2010,SBY,MD,AEA,EN,Federal Contract Tower,0,14,3,0,17,0,0,42,0,42,0,14,45,0,59,12,0,12,71
04/13/2010,SBY,MD,AEA,EN,Federal Contract Tower,0,18,12,0,30,0,0,30,8,38,0,18,42,8,68,30,82,112,180
04/14/2010,SBY,MD,AEA,EN,Federal Contract Tower,0,17,8,0,25,0,0,24,4,28,0,17,32,4,53,34,24,58,111
04/15/2010,SBY,MD,AEA,EN,Federal Contract Tower,0,16,7,0,23,0,0,54,2,56,0,16,61,2,79,50,4,54,133
04/16/2010,SBY,MD,AEA,EN,Federal Contract Tower,0,14,7,0,21,0,0,26,4,30,0,14,33,4,51,44,28,72,123
04/17/2010,SBY,MD,AEA,EN,Federal Contract Tower,0,12,8,0,20,0,0,43,0,43,0,12,51,0,63,8,0,8,71
04/18/2010,SBY,MD,AEA,EN,Federal Contract Tower,0,15,4,0,19,0,0,27,0,27,0,15,31,0,46,16,0,16,62
04/19/2010,SBY,MD,AEA,EN,Federal Contract Tower,0,14,14,0,28,0,2,33,1,36,0,16,47,1,64,26,0,26,90
04/20/2010,SBY,MD,AEA,EN,Federal Contract Tower,0,13,7,0,20,0,0,26,4,30,0,13,33,4,50,80,8,88,138
04/21/2010,SBY,MD,AEA,EN,Federal Contract Tower,0,17,12,0,29,0,0,7,2,9,0,17,19,2,38,14,2,16,54
04/22/2010,SBY,MD,AEA,EN,Federal Contract Tower,0,14,10,0,24,0,0,25,9,34,0,14,35,9,58,46,52,98,156
04/23/2010,SBY,MD,AEA,EN,Federal Contract Tower,0,14,15,2,31,0,0,42,7,49,0,14,57,9,80,66,36,102,182
04/24/2010,SBY,MD,AEA,EN,Federal Contract Tower,0,11,7,2,20,0,1,36,0,37,0,12,43,2,57,38,0,38,95
04/25/2010,SBY,MD,AEA,EN,Federal Contract Tower,0,13,0,0,13,0,0,3,0,3,0,13,3,0,16,0,0,0,16
04/26/2010,SBY,MD,AEA,EN,Federal Contract Tower,0,12,10,2,24,0,0,4,2,6,0,12,14,4,30,2,24,26,56
04/27/2010,SBY,MD,AEA,EN,Federal Contract Tower,0,20,16,8,44,0,5,18,12,35,0,25,34,20,79,12,98,110,189
04/28/2010,SBY,MD,AEA,EN,Federal Contract Tower,0,15,10,0,25,0,0,32,2,34,0,15,42,2,59,26,12,38,97
04/29/2010,SBY,MD,AEA,EN,Federal Contract Tower,0,14,12,6,32,0,0,41,6,47,0,14,53,12,79,34,38,72,151
04/30/2010,SBY,MD,AEA,EN,Federal Contract Tower,0,21,11,0,32,0,0,34,8,42,0,21,45,8,74,44,64,108,182
05/01/2010,SBY,MD,AEA,EN,Federal Contract Tower,0,13,5,0,18,0,4,47,0,51,0,17,52,0,69,82,0,82,151
05/02/2010,SBY,MD,AEA,EN,Federal Contract Tower,0,14,3,0,17,0,0,21,0,21,0,14,24,0,38,64,0,64,102
05/03/2010,SBY,MD,AEA,EN,Federal Contract Tower,0,15,6,0,21,0,0,11,4,15,0,15,17,4,36,2,14,16,52
05/04/2010,SBY,MD,AEA,EN,Federal Contract Tower,0,16,12,4,32,0,0,17,0,17,0,16,29,4,49,24,6,30,79
05/05/2010,SBY,MD,AEA,EN,Federal Contract Tower,0,22,8,0,30,0,0,56,8,64,0,22,64,8,94,56,14,70,164
05/06/2010,SBY,MD,AEA,EN,Federal Contract Tower,0,15,12,0,27,0,0,17,4,21,0,15,29,4,48,26,10,36,84
05/07/2010,SBY,MD,AEA,EN,Federal Contract Tower,0,17,15,0,32,0,0,55,2,57,0,17,70,2,89,92,14,106,195
05/08/2010,SBY,MD,AEA,EN,Federal Contract Tower,0,14,9,0,23,0,0,19,0,19,0,14,28,0,42,40,0,40,82
05/09/2010,SBY,MD,AEA,EN,Federal Contract Tower,0,14,4,0,18,0,0,7,2,9,0,14,11,2,27,2,0,2,29
05/10/2010,SBY,MD,AEA,EN,Federal Contract Tower,0,13,7,0,20,0,0,27,2,29,0,13,34,2,49,44,10,54,103
05/11/2010,SBY,MD,AEA,EN,Federal Contract Tower,0,15,14,0,29,0,0,35,4,39,0,15,49,4,68,30,46,76,144
05/12/2010,SBY,MD,AEA,EN,Federal Contract Tower,0,15,5,4,24,0,0,8,0,8,0,15,13,4,32,10,4,14,46
05/13/2010,SBY,MD,AEA,EN,Federal Contract Tower,0,22,5,0,27,0,0,16,0,16,0,22,21,0,43,2,8,10,53
05/14/2010,SBY,MD,AEA,EN,Federal Contract Tower,0,18,9,0,27,0,0,27,2,29,0,18,36,2,56,28,0,28,84
05/15/2010,SBY,MD,AEA,EN,Federal Contract Tower,0,17,5,0,22,0,0,28,0,28,0,17,33,0,50,28,0,28,78
05/16/2010,SBY,MD,AEA,EN,Federal Contract Tower,0,11,6,0,17,0,0,48,0,48,0,11,54,0,65,78,0,78,143
05/17/2010,SBY,MD,AEA,EN,Federal Contract Tower,0,17,5,4,26,0,2,7,2,11,0,19,12,6,37,22,0,22,59
05/18/2010,SBY,MD,AEA,EN,Federal Contract Tower,0,17,6,0,23,0,0,0,0,0,0,17,6,0,23,0,0,0,23
05/19/2010,SBY,MD,AEA,EN,Federal Contract Tower,0,15,14,2,31,0,0,12,2,14,0,15,26,4,45,30,0,30,75
05/20/2010,SBY,MD,AEA,EN,Federal Contract Tower,0,13,7,2,22,0,5,48,2,55,0,18,55,4,77,40,4,44,121
05/21/2010,SBY,MD,AEA,EN,Federal Contract Tower,0,15,18,0,33,0,0,49,2,51,0,15,67,2,84,48,2,50,134
05/22/2010,SBY,MD,AEA,EN,Federal Contract Tower,0,14,6,0,20,0,0,28,0,28,0,14,34,0,48,28,0,28,76
05/23/2010,SBY,MD,AEA,EN,Federal Contract Tower,0,13,8,0,21,0,0,7,0,7,0,13,15,0,28,0,0,0,28
05/24/2010,SBY,MD,AEA,EN,Federal Contract Tower,0,19,16,2,37,0,4,34,2,40,0,23,50,4,77,42,26,68,145
05/25/2010,SBY,MD,AEA,EN,Federal Contract Tower,0,17,9,0,26,0,0,28,8,36,0,17,37,8,62,36,6,42,104
05/26/2010,SBY,MD,AEA,EN,Federal Contract Tower,0,18,14,0,32,0,0,43,0,43,0,18,57,0,75,46,0,46,121
05/27/2010,SBY,MD,AEA,EN,Federal Contract Tower,0,20,18,0,38,0,0,33,8,41,0,20,51,8,79,34,30,64,143
05/28/2010,SBY,MD,AEA,EN,Federal Contract Tower,0,23,17,0,40,0,0,23,0,23,0,23,40,0,63,4,0,4,67
05/29/2010,SBY,MD,AEA,EN,Federal Contract Tower,0,14,20,0,34,0,0,28,0,28,0,14,48,0,62,14,0,14,76
05/30/2010,SBY,MD,AEA,EN,Federal Contract Tower,0,13,18,0,31,0,1,48,0,49,0,14,66,0,80,50,0,50,130
05/31/2010,SBY,MD,AEA,EN,Federal Contract Tower,0,18,4,0,22,0,0,56,0,56,0,18,60,0,78,80,0,80,158
06/01/2010,SBY,MD,AEA,EN,Federal Contract Tower,0,14,7,2,23,0,0,20,0,20,0,14,27,2,43,24,24,48,91
06/02/2010,SBY,MD,AEA,EN,Federal Contract Tower,0,17,3,0,20,0,0,46,13,59,0,17,49,13,79,28,78,106,185
06/03/2010,SBY,MD,AEA,EN,Federal Contract Tower,0,17,7,0,24,0,0,17,0,17,0,17,24,0,41,36,0,36,77
06/04/2010,SBY,MD,AEA,EN,Federal Contract Tower,0,16,8,0,24,0,0,40,2,42,0,16,48,2,66,24,4,28,94
06/05/2010,SBY,MD,AEA,EN,Federal Contract Tower,0,14,8,0,22,0,0,32,0,32,0,14,40,0,54,22,0,22,76
06/06/2010,SBY,MD,AEA,EN,Federal Contract Tower,0,15,3,0,18,0,0,22,0,22,0,15,25,0,40,6,0,6,46
06/07/2010,SBY,MD,AEA,EN,Federal Contract Tower,0,14,6,0,20,0,2,56,16,74,0,16,62,16,94,14,0,14,108
06/08/2010,SBY,MD,AEA,EN,Federal Contract Tower,0,21,7,2,30,0,0,38,8,46,0,21,45,10,76,60,18,78,154
06/09/2010,SBY,MD,AEA,EN,Federal Contract Tower,0,23,16,2,41,0,0,11,4,15,0,23,27,6,56,4,40,44,100
06/10/2010,SBY,MD,AEA,EN,Federal Contract Tower,0,19,12,0,31,0,0,29,4,33,0,19,41,4,64,32,14,46,110
06/11/2010,SBY,MD,AEA,EN,Federal Contract Tower,0,17,14,0,31,0,0,39,13,52,0,17,53,13,83,18,102,120,203
06/12/2010,SBY,MD,AEA,EN,Federal Contract Tower,0,20,9,0,29,0,0,32,4,36,0,20,41,4,65,40,4,44,109
06/13/2010,SBY,MD,AEA,EN,Federal Contract Tower,0,13,7,0,20,0,0,9,0,9,0,13,16,0,29,34,0,34,63
06/14/2010,SBY,MD,AEA,EN,Federal Contract Tower,0,16,9,0,25,0,0,32,0,32,0,16,41,0,57,16,0,16,73
06/15/2010,SBY,MD,AEA,EN,Federal Contract Tower,0,17,12,0,29,0,0,32,10,42,0,17,44,10,71,52,12,64,135
06/16/2010,SBY,MD,AEA,EN,Federal Contract Tower,0,17,6,0,23,0,0,20,4,24,0,17,26,4,47,8,36,44,91
06/17/2010,SBY,MD,AEA,EN,Federal Contract Tower,0,17,11,0,28,0,0,34,0,34,0,17,45,0,62,30,0,30,92
06/18/2010,SBY,MD,AEA,EN,Federal Contract Tower,0,19,19,0,38,0,0,67,8,75,0,19,86,8,113,88,48,136,249
06/19/2010,SBY,MD,AEA,EN,Federal Contract Tower,0,15,7,0,22,0,0,36,0,36,0,15,43,0,58,10,0,10,68
06/20/2010,SBY,MD,AEA,EN,Federal Contract Tower,0,11,10,0,21,0,0,24,0,24,0,11,34,0,45,0,0,0,45
06/21/2010,SBY,MD,AEA,EN,Federal Contract Tower,0,14,10,0,24,0,0,42,6,48,0,14,52,6,72,30,50,80,152
06/22/2010,SBY,MD,AEA,EN,Federal Contract Tower,0,19,12,2,33,0,0,29,4,33,0,19,41,6,66,4,42,46,112
06/23/2010,SBY,MD,AEA,EN,Federal Contract Tower,0,20,14,0,34,0,0,53,6,59,0,20,67,6,93,38,14,52,145
06/24/2010,SBY,MD,AEA,EN,Federal Contract Tower,0,20,11,2,33,0,0,21,4,25,0,20,32,6,58,8,8,16,74
06/25/2010,SBY,MD,AEA,EN,Federal Contract Tower,0,21,17,0,38,0,0,37,2,39,0,21,54,2,77,22,12,34,111
06/26/2010,SBY,MD,AEA,EN,Federal Contract Tower,0,19,12,0,31,0,0,47,0,47,0,19,59,0,78,46,0,46,124
06/27/2010,SBY,MD,AEA,EN,Federal Contract Tower,0,13,5,0,18,0,7,23,0,30,0,20,28,0,48,20,0,20,68
06/28/2010,SBY,MD,AEA,EN,Federal Contract Tower,0,14,9,0,23,0,0,24,2,26,0,14,33,2,49,16,12,28,77
06/29/2010,SBY,MD,AEA,EN,Federal Contract Tower,0,17,7,1,25,0,0,49,2,51,0,17,56,3,76,36,18,54,130
06/30/2010,SBY,MD,AEA,EN,Federal Contract Tower,0,19,3,5,27,0,0,28,4,32,0,19,31,9,59,20,20,40,99
07/01/2010,SBY,MD,AEA,EN,Federal Contract Tower,0,20,13,0,33,0,10,46,8,64,0,30,59,8,97,30,18,48,145
07/02/2010,SBY,MD,AEA,EN,Federal Contract Tower,0,17,8,0,25,0,0,19,0,19,0,17,27,0,44,28,0,28,72
07/03/2010,SBY,MD,AEA,EN,Federal Contract Tower,0,14,4,0,18,0,0,79,0,79,0,14,83,0,97,94,0,94,191
07/04/2010,SBY,MD,AEA,EN,Federal Contract Tower,0,12,5,0,17,0,2,52,0,54,0,14,57,0,71,24,0,24,95
07/05/2010,SBY,MD,AEA,EN,Federal Contract Tower,0,13,4,0,17,0,0,44,0,44,0,13,48,0,61,56,0,56,117
07/06/2010,SBY,MD,AEA,EN,Federal Contract Tower,0,17,7,0,24,0,3,36,2,41,0,20,43,2,65,6,8,14,79
07/07/2010,SBY,MD,AEA,EN,Federal Contract Tower,0,18,9,9,36,0,6,30,7,43,0,24,39,16,79,6,0,6,85
07/08/2010,SBY,MD,AEA,EN,Federal Contract Tower,0,21,14,0,35,0,6,26,9,41,0,27,40,9,76,22,66,88,164
07/09/2010,SBY,MD,AEA,EN,Federal Contract Tower,0,23,4,0,27,0,0,18,6,24,0,23,22,6,51,20,38,58,109
07/10/2010,SBY,MD,AEA,EN,Federal Contract Tower,0,15,1,0,16,0,0,0,0,0,0,15,1,0,16,0,0,0,16
07/11/2010,SBY,MD,AEA,EN,Federal Contract Tower,0,14,15,0,29,0,1,62,0,63,0,15,77,0,92,48,0,48,140
07/12/2010,SBY,MD,AEA,EN,Federal Contract Tower,0,14,7,0,21,0,0,19,0,19,0,14,26,0,40,16,28,44,84
07/13/2010,SBY,MD,AEA,EN,Federal Contract Tower,0,17,5,4,26,0,0,10,6,16,0,17,15,10,42,0,74,74,116
07/14/2010,SBY,MD,AEA,EN,Federal Contract Tower,0,17,14,2,33,0,0,6,6,12,0,17,20,8,45,0,26,26,71
07/15/2010,SBY,MD,AEA,EN,Federal Contract Tower,0,19,11,0,30,0,2,33,2,37,0,21,44,2,67,24,10,34,101
07/16/2010,SBY,MD,AEA,EN,Federal Contract Tower,0,19,6,0,25,0,0,24,4,28,0,19,30,4,53,28,18,46,99
07/17/2010,SBY,MD,AEA,EN,Federal Contract Tower,0,14,3,0,17,0,9,41,2,52,0,23,44,2,69,25,0,25,94
07/18/2010,SBY,MD,AEA,EN,Federal Contract Tower,0,20,14,0,34,0,0,27,0,27,0,20,41,0,61,50,0,50,111
07/19/2010,SBY,MD,AEA,EN,Federal Contract Tower,0,16,14,4,34,0,6,5,4,15,0,22,19,8,49,0,0,0,49
07/20/2010,SBY,MD,AEA,EN,Federal Contract Tower,0,18,7,0,25,0,0,37,27,64,0,18,44,27,89,14,70,84,173
07/21/2010,SBY,MD,AEA,EN,Federal Contract Tower,0,20,12,0,32,0,4,20,10,34,0,24,32,10,66,10,26,36,102
07/22/2010,SBY,MD,AEA,EN,Federal Contract Tower,0,16,13,0,29,0,3,78,15,96,0,19,91,15,125,70,10,80,205
07/23/2010,SBY,MD,AEA,EN,Federal Contract Tower,0,16,10,1,27,0,0,46,15,61,0,16,56,16,88,16,52,68,156
07/24/2010,SBY,MD,AEA,EN,Federal Contract Tower,0,15,16,0,31,0,0,57,0,57,0,15,73,0,88,10,0,10,98
07/25/2010,SBY,MD,AEA,EN,Federal Contract Tower,0,18,7,0,25,0,2,16,0,18,0,20,23,0,43,0,0,0,43
07/26/2010,SBY,MD,AEA,EN,Federal Contract Tower,0,15,5,0,20,0,0,44,2,46,0,15,49,2,66,68,24,92,158
07/27/2010,SBY,MD,AEA,EN,Federal Contract Tower,0,20,6,1,27,0,0,36,4,40,0,20,42,5,67,42,38,80,147
07/28/2010,SBY,MD,AEA,EN,Federal Contract Tower,0,17,6,3,26,0,0,36,4,40,0,17,42,7,66,62,20,82,148
07/29/2010,SBY,MD,AEA,EN,Federal Contract Tower,0,20,13,2,35,0,0,23,14,37,0,20,36,16,72,16,22,38,110
07/30/2010,SBY,MD,AEA,EN,Federal Contract Tower,0,17,14,3,34,0,0,56,2,58,0,17,70,5,92,40,20,60,152
07/31/2010,SBY,MD,AEA,EN,Federal Contract Tower,0,18,12,0,30,0,0,30,0,30,0,18,42,0,60,54,0,54,114
08/01/2010,SBY,MD,AEA,EN,Federal Contract Tower,0,12,9,0,21,0,0,30,0,30,0,12,39,0,51,22,0,22,73
08/02/2010,SBY,MD,AEA,EN,Federal Contract Tower,0,14,8,4,26,0,2,18,4,24,0,16,26,8,50,18,44,62,112
08/03/2010,SBY,MD,AEA,EN,Federal Contract Tower,0,20,3,4,27,0,2,36,2,40,0,22,39,6,67,26,8,34,101
08/04/2010,SBY,MD,AEA,EN,Federal Contract Tower,0,21,15,4,40,0,0,16,2,18,0,21,31,6,58,28,6,34,92
08/05/2010,SBY,MD,AEA,EN,Federal Contract Tower,0,16,10,0,26,0,0,25,6,31,0,16,35,6,57,38,28,66,123
08/06/2010,SBY,MD,AEA,EN,Federal Contract Tower,0,23,22,0,45,0,0,65,4,69,0,23,87,4,114,54,0,54,168
08/07/2010,SBY,MD,AEA,EN,Federal Contract Tower,0,16,5,0,21,0,0,40,0,40,0,16,45,0,61,22,0,22,83
08/08/2010,SBY,MD,AEA,EN,Federal Contract Tower,0,17,12,0,29,0,0,48,0,48,0,17,60,0,77,36,0,36,113
08/09/2010,SBY,MD,AEA,EN,Federal Contract Tower,0,14,15,2,31,0,0,18,4,22,0,14,33,6,53,4,42,46,99
08/10/2010,SBY,MD,AEA,EN,Federal Contract Tower,0,19,16,2,37,0,0,45,12,57,0,19,61,14,94,64,58,122,216
08/11/2010,SBY,MD,AEA,EN,Federal Contract Tower,0,17,11,0,28,0,0,43,6,49,0,17,54,6,77,36,80,116,193
08/12/2010,SBY,MD,AEA,EN,Federal Contract Tower,0,18,10,0,28,0,0,19,4,23,0,18,29,4,51,14,28,42,93
08/13/2010,SBY,MD,AEA,EN,Federal Contract Tower,0,19,12,0,31,0,2,25,5,32,0,21,37,5,63,16,34,50,113
08/14/2010,SBY,MD,AEA,EN,Federal Contract Tower,0,17,6,0,23,0,0,81,0,81,0,17,87,0,104,38,0,38,142
08/15/2010,SBY,MD,AEA,EN,Federal Contract Tower,0,13,6,0,19,0,1,26,1,28,0,14,32,1,47,10,0,10,57
08/16/2010,SBY,MD,AEA,EN,Federal Contract Tower,0,14,11,6,31,0,2,28,13,43,0,16,39,19,74,12,108,120,194
08/17/2010,SBY,MD,AEA,EN,Federal Contract Tower,0,18,7,3,28,0,0,35,11,46,0,18,42,14,74,0,94,94,168
08/18/2010,SBY,MD,AEA,EN,Federal Contract Tower,0,20,13,0,33,0,0,0,0,0,0,20,13,0,33,0,0,0,33
08/19/2010,SBY,MD,AEA,EN,Federal Contract Tower,0,20,24,2,46,0,0,29,6,35,0,20,53,8,81,16,38,54,135
08/20/2010,SBY,MD,AEA,EN,Federal Contract Tower,0,19,9,0,28,0,0,69,10,79,0,19,78,10,107,62,52,114,221
08/21/2010,SBY,MD,AEA,EN,Federal Contract Tower,0,15,13,0,28,0,0,52,4,56,0,15,65,4,84,14,18,32,116
08/22/2010,SBY,MD,AEA,EN,Federal Contract Tower,0,16,7,0,23,0,0,8,0,8,0,16,15,0,31,0,0,0,31
08/23/2010,SBY,MD,AEA,EN,Federal Contract Tower,0,13,1,0,14,0,0,50,12,62,0,13,51,12,76,50,68,118,194
08/24/2010,SBY,MD,AEA,EN,Federal Contract Tower,0,23,12,2,37,0,0,6,4,10,0,23,18,6,47,0,40,40,87
08/25/2010,SBY,MD,AEA,EN,Federal Contract Tower,0,17,5,1,23,0,0,45,12,57,0,17,50,13,80,68,100,168,248
08/26/2010,SBY,MD,AEA,EN,Federal Contract Tower,0,17,4,0,21,0,4,57,8,69,0,21,61,8,90,34,64,98,188
08/27/2010,SBY,MD,AEA,EN,Federal Contract Tower,0,16,6,6,28,0,0,65,14,79,0,16,71,20,107,8,98,106,213
08/28/2010,SBY,MD,AEA,EN,Federal Contract Tower,0,15,6,0,21,0,0,61,4,65,0,15,67,4,86,40,0,40,126
08/29/2010,SBY,MD,AEA,EN,Federal Contract Tower,0,15,14,0,29,0,2,70,0,72,0,17,84,0,101,66,0,66,167
08/30/2010,SBY,MD,AEA,EN,Federal Contract Tower,0,16,12,0,28,0,0,58,8,66,0,16,70,8,94,64,68,132,226
08/31/2010,SBY,MD,AEA,EN,Federal Contract Tower,0,16,8,3,27,0,0,59,22,81,0,16,67,25,108,66,164,230,338
09/01/2010,SBY,MD,AEA,EN,Federal Contract Tower,0,17,6,6,29,0,0,35,8,43,0,17,41,14,72,36,54,90,162
09/02/2010,SBY,MD,AEA,EN,Federal Contract Tower,0,19,7,0,26,0,0,34,4,38,0,19,41,4,64,18,38,56,120
09/03/2010,SBY,MD,AEA,EN,Federal Contract Tower,0,19,4,0,23,0,0,7,0,7,0,19,11,0,30,12,0,12,42
09/04/2010,SBY,MD,AEA,EN,Federal Contract Tower,0,13,4,0,17,0,0,26,0,26,0,13,30,0,43,0,0,0,43
09/05/2010,SBY,MD,AEA,EN,Federal Contract Tower,0,9,4,0,13,0,4,32,0,36,0,13,36,0,49,20,0,20,69
09/06/2010,SBY,MD,AEA,EN,Federal Contract Tower,0,14,10,0,24,0,1,56,0,57,0,15,66,0,81,32,0,32,113
09/07/2010,SBY,MD,AEA,EN,Federal Contract Tower,0,14,7,2,23,0,0,46,36,82,0,14,53,38,105,54,118,172,277
09/08/2010,SBY,MD,AEA,EN,Federal Contract Tower,0,19,3,0,22,0,4,18,10,32,0,23,21,10,54,2,30,32,86
09/09/2010,SBY,MD,AEA,EN,Federal Contract Tower,0,17,5,2,24,0,0,29,2,31,0,17,34,4,55,26,2,28,83
09/10/2010,SBY,MD,AEA,EN,Federal Contract Tower,0,21,13,0,34,0,0,41,4,45,0,21,54,4,79,40,12,52,131
09/11/2010,SBY,MD,AEA,EN,Federal Contract Tower,0,12,6,0,18,0,0,51,0,51,0,12,57,0,69,20,0,20,89
09/12/2010,SBY,MD,AEA,EN,Federal Contract Tower,0,15,13,0,28,0,2,1,0,3,0,17,14,0,31,0,0,0,31
09/13/2010,SBY,MD,AEA,EN,Federal Contract Tower,0,20,12,4,36,0,0,38,0,38,0,20,50,4,74,6,4,10,84
09/14/2010,SBY,MD,AEA,EN,Federal Contract Tower,0,19,4,0,23,0,0,54,14,68,0,19,58,14,91,40,60,100,191
09/15/2010,SBY,MD,AEA,EN,Federal Contract Tower,0,21,10,0,31,0,0,44,20,64,0,21,54,20,95,98,118,216,311
09/16/2010,SBY,MD,AEA,EN,Federal Contract Tower,0,18,10,7,35,0,1,25,7,33,0,19,35,14,68,12,36,48,116
09/17/2010,SBY,MD,AEA,EN,Federal Contract Tower,0,19,7,0,26,0,0,56,2,58,0,19,63,2,84,26,8,34,118
09/18/2010,SBY,MD,AEA,EN,Federal Contract Tower,0,14,4,0,18,0,0,45,0,45,0,14,49,0,63,8,0,8,71
09/19/2010,SBY,MD,AEA,EN,Federal Contract Tower,0,15,4,0,19,0,0,47,0,47,0,15,51,0,66,36,0,36,102
09/20/2010,SBY,MD,AEA,EN,Federal Contract Tower,0,14,6,2,22,0,4,27,0,31,0,18,33,2,53,42,0,42,95
09/21/2010,SBY,MD,AEA,EN,Federal Contract Tower,0,17,9,2,28,0,0,54,12,66,0,17,63,14,94,66,66,132,226
09/22/2010,SBY,MD,AEA,EN,Federal Contract Tower,0,16,11,0,27,0,0,23,4,27,0,16,34,4,54,36,14,50,104
09/23/2010,SBY,MD,AEA,EN,Federal Contract Tower,0,22,11,4,37,0,0,36,13,49,0,22,47,17,86,22,52,74,160
09/24/2010,SBY,MD,AEA,EN,Federal Contract Tower,0,21,13,0,34,0,2,44,0,46,0,23,57,0,80,0,0,0,80
09/25/2010,SBY,MD,AEA,EN,Federal Contract Tower,0,12,4,0,16,0,0,43,0,43,0,12,47,0,59,4,0,4,63
09/26/2010,SBY,MD,AEA,EN,Federal Contract Tower,0,13,19,0,32,0,4,17,0,21,0,17,36,0,53,0,0,0,53
09/27/2010,SBY,MD,AEA,EN,Federal Contract Tower,0,18,8,0,26,0,0,7,0,7,0,18,15,0,33,0,0,0,33
09/28/2010,SBY,MD,AEA,EN,Federal Contract Tower,0,17,16,0,33,0,0,8,2,10,0,17,24,2,43,2,20,22,65
09/29/2010,SBY,MD,AEA,EN,Federal Contract Tower,0,17,7,0,24,0,0,25,0,25,0,17,32,0,49,38,0,38,87
09/30/2010,SBY,MD,AEA,EN,Federal Contract Tower,0,18,0,0,18,0,0,0,0,0,0,18,0,0,18,0,0,0,18
10/01/2010,SBY,MD,AEA,EN,Federal Contract Tower,0,18,8,0,26,0,0,15,2,17,0,18,23,2,43,10,16,26,69
10/02/2010,SBY,MD,AEA,EN,Federal Contract Tower,0,14,9,0,23,0,0,62,0,62,0,14,71,0,85,20,0,20,105
10/03/2010,SBY,MD,AEA,EN,Federal Contract Tower,0,17,8,0,25,0,0,2,0,2,0,17,10,0,27,0,0,0,27
10/04/2010,SBY,MD,AEA,EN,Federal Contract Tower,0,19,8,0,27,0,0,0,0,0,0,19,8,0,27,0,0,0,27
10/05/2010,SBY,MD,AEA,EN,Federal Contract Tower,0,17,15,2,34,0,0,26,6,32,0,17,41,8,66,14,52,66,132
10/06/2010,SBY,MD,AEA,EN,Federal Contract Tower,0,16,6,0,22,0,0,30,8,38,0,16,36,8,60,22,20,42,102
10/07/2010,SBY,MD,AEA,EN,Federal Contract Tower,0,15,8,0,23,0,0,23,0,23,0,15,31,0,46,14,0,14,60
10/08/2010,SBY,MD,AEA,EN,Federal Contract Tower,0,17,14,0,31,0,0,66,2,68,0,17,80,2,99,96,22,118,217
10/09/2010,SBY,MD,AEA,EN,Federal Contract Tower,0,11,7,0,18,0,0,64,0,64,0,11,71,0,82,72,0,72,154
10/10/2010,SBY,MD,AEA,EN,Federal Contract Tower,0,0,0,0,0,0,8,66,0,74,0,8,66,0,74,14,0,14,88
10/11/2010,SBY,MD,AEA,EN,Federal Contract Tower,0,15,7,0,22,0,0,142,0,142,0,15,149,0,164,82,0,82,246
10/12/2010,SBY,MD,AEA,EN,Federal Contract Tower,0,15,16,3,34,0,0,32,5,37,0,15,48,8,71,10,30,40,111
10/13/2010,SBY,MD,AEA,EN,Federal Contract Tower,0,15,18,2,35,0,2,57,8,67,0,17,75,10,102,82,30,112,214
10/14/2010,SBY,MD,AEA,EN,Federal Contract Tower,0,17,7,0,24,0,0,13,2,15,0,17,20,2,39,8,0,8,47
10/15/2010,SBY,MD,AEA,EN,Federal Contract Tower,0,18,6,1,25,0,0,17,2,19,0,18,23,3,44,12,28,40,84
10/16/2010,SBY,MD,AEA,EN,Federal Contract Tower,0,13,11,0,24,0,0,8,0,8,0,13,19,0,32,20,0,20,52
10/17/2010,SBY,MD,AEA,EN,Federal Contract Tower,0,11,7,0,18,0,0,62,0,62,0,11,69,0,80,50,0,50,130
10/18/2010,SBY,MD,AEA,EN,Federal Contract Tower,0,13,14,1,28,0,0,48,6,54,0,13,62,7,82,82,28,110,192
10/19/2010,SBY,MD,AEA,EN,Federal Contract Tower,0,19,19,0,38,0,0,26,2,28,0,19,45,2,66,30,28,58,124
10/20/2010,SBY,MD,AEA,EN,Federal Contract Tower,0,20,13,0,33,0,0,1,0,1,0,20,14,0,34,4,0,4,38
10/21/2010,SBY,MD,AEA,EN,Federal Contract Tower,0,15,5,0,20,0,0,40,0,40,0,15,45,0,60,38,0,38,98
10/22/2010,SBY,MD,AEA,EN,Federal Contract Tower,0,17,6,2,25,0,0,32,2,34,0,17,38,4,59,10,2,12,71
10/23/2010,SBY,MD,AEA,EN,Federal Contract Tower,0,11,8,0,19,0,0,81,0,81,0,11,89,0,100,50,0,50,150
10/24/2010,SBY,MD,AEA,EN,Federal Contract Tower,0,11,6,0,17,0,0,30,2,32,0,11,36,2,49,24,0,24,73
10/25/2010,SBY,MD,AEA,EN,Federal Contract Tower,0,12,4,0,16,0,2,14,0,16,0,14,18,0,32,6,0,6,38
10/26/2010,SBY,MD,AEA,EN,Federal Contract Tower,0,14,12,0,26,0,0,20,0,20,0,14,32,0,46,44,0,44,90
10/27/2010,SBY,MD,AEA,EN,Federal Contract Tower,0,16,4,0,20,0,0,4,2,6,0,16,8,2,26,4,2,6,32
10/28/2010,SBY,MD,AEA,EN,Federal Contract Tower,0,16,5,2,23,0,0,31,6,37,0,16,36,8,60,42,2,44,104
10/29/2010,SBY,MD,AEA,EN,Federal Contract Tower,0,16,16,2,34,0,0,47,2,49,0,16,63,4,83,42,0,42,125
10/30/2010,SBY,MD,AEA,EN,Federal Contract Tower,0,13,6,0,19,0,0,47,0,47,0,13,53,0,66,42,0,42,108
10/31/2010,SBY,MD,AEA,EN,Federal Contract Tower,0,12,6,0,18,0,0,29,0,29,0,12,35,0,47,30,0,30,77
11/01/2010,SBY,MD,AEA,EN,Federal Contract Tower,0,17,12,1,30,0,0,49,0,49,0,17,61,1,79,16,38,54,133
11/02/2010,SBY,MD,AEA,EN,Federal Contract Tower,0,17,16,0,33,0,0,48,31,79,0,17,64,31,112,14,34,48,160
11/03/2010,SBY,MD,AEA,EN,Federal Contract Tower,0,17,6,0,23,0,0,36,6,42,0,17,42,6,65,24,26,50,115
11/04/2010,SBY,MD,AEA,EN,Federal Contract Tower,0,16,16,0,32,0,0,0,0,0,0,16,16,0,32,0,0,0,32
11/05/2010,SBY,MD,AEA,EN,Federal Contract Tower,0,18,9,2,29,0,0,37,2,39,0,18,46,4,68,26,0,26,94
11/06/2010,SBY,MD,AEA,EN,Federal Contract Tower,0,12,5,0,17,0,0,36,0,36,0,12,41,0,53,50,0,50,103
11/07/2010,SBY,MD,AEA,EN,Federal Contract Tower,0,18,4,0,22,0,0,48,0,48,0,18,52,0,70,30,0,30,100
11/08/2010,SBY,MD,AEA,EN,Federal Contract Tower,0,13,6,4,23,0,0,26,2,28,0,13,32,6,51,0,16,16,67
11/09/2010,SBY,MD,AEA,EN,Federal Contract Tower,0,15,8,1,24,0,0,38,2,40,0,15,46,3,64,10,60,70,134
11/10/2010,SBY,MD,AEA,EN,Federal Contract Tower,0,16,14,2,32,0,0,45,0,45,0,16,59,2,77,22,0,22,99
11/11/2010,SBY,MD,AEA,EN,Federal Contract Tower,0,18,7,0,25,0,0,35,0,35,0,18,42,0,60,18,0,18,78
11/12/2010,SBY,MD,AEA,EN,Federal Contract Tower,0,16,13,0,29,0,0,49,2,51,0,16,62,2,80,22,12,34,114
11/13/2010,SBY,MD,AEA,EN,Federal Contract Tower,0,14,9,0,23,0,0,36,0,36,0,14,45,0,59,4,0,4,63
11/14/2010,SBY,MD,AEA,EN,Federal Contract Tower,0,10,9,0,19,0,0,42,0,42,0,10,51,0,61,76,0,76,137
11/15/2010,SBY,MD,AEA,EN,Federal Contract Tower,0,22,7,0,29,0,0,39,0,39,0,22,46,0,68,34,0,34,102
11/16/2010,SBY,MD,AEA,EN,Federal Contract Tower,0,16,13,4,33,0,0,9,6,15,0,16,22,10,48,10,24,34,82
11/17/2010,SBY,MD,AEA,EN,Federal Contract Tower,0,18,10,2,30,0,0,12,12,24,0,18,22,14,54,2,44,46,100
11/18/2010,SBY,MD,AEA,EN,Federal Contract Tower,0,15,10,1,26,0,0,40,5,45,0,15,50,6,71,52,4,56,127
11/19/2010,SBY,MD,AEA,EN,Federal Contract Tower,0,16,17,0,33,0,0,56,8,64,0,16,73,8,97,2,36,38,135
11/20/2010,SBY,MD,AEA,EN,Federal Contract Tower,0,17,3,0,20,0,0,51,0,51,0,17,54,0,71,96,0,96,167
11/21/2010,SBY,MD,AEA,EN,Federal Contract Tower,0,9,9,0,18,0,0,51,0,51,0,9,60,0,69,60,0,60,129
11/22/2010,SBY,MD,AEA,EN,Federal Contract Tower,0,13,11,1,25,0,0,41,4,45,0,13,52,5,70,0,20,20,90
11/23/2010,SBY,MD,AEA,EN,Federal Contract Tower,0,16,7,0,23,0,0,26,4,30,0,16,33,4,53,32,4,36,89
11/24/2010,SBY,MD,AEA,EN,Federal Contract Tower,0,21,11,0,32,0,0,34,0,34,0,21,45,0,66,16,0,16,82
11/25/2010,SBY,MD,AEA,EN,Federal Contract Tower,0,7,0,0,7,0,0,1,0,1,0,7,1,0,8,0,0,0,8
11/26/2010,SBY,MD,AEA,EN,Federal Contract Tower,0,21,4,0,25,0,0,20,0,20,0,21,24,0,45,0,0,0,45
11/27/2010,SBY,MD,AEA,EN,Federal Contract Tower,0,11,3,0,14,0,0,26,0,26,0,11,29,0,40,8,0,8,48
11/28/2010,SBY,MD,AEA,EN,Federal Contract Tower,0,12,9,0,21,0,0,76,0,76,0,12,85,0,97,90,0,90,187
11/29/2010,SBY,MD,AEA,EN,Federal Contract Tower,0,18,1,3,22,0,2,57,0,59,0,20,58,3,81,64,42,106,187
11/30/2010,SBY,MD,AEA,EN,Federal Contract Tower,0,18,12,1,31,0,2,26,4,32,0,20,38,5,63,36,20,56,119
12/01/2010,SBY,MD,AEA,EN,Federal Contract Tower,0,18,6,0,24,0,0,6,0,6,0,18,12,0,30,0,0,0,30
12/02/2010,SBY,MD,AEA,EN,Federal Contract Tower,0,18,10,0,28,0,0,52,8,60,0,18,62,8,88,74,84,158,246
12/03/2010,SBY,MD,AEA,EN,Federal Contract Tower,0,16,0,0,16,0,0,23,2,25,0,16,23,2,41,14,4,18,59
12/04/2010,SBY,MD,AEA,EN,Federal Contract Tower,0,16,3,0,19,0,0,27,0,27,0,16,30,0,46,10,0,10,56
12/05/2010,SBY,MD,AEA,EN,Federal Contract Tower,0,12,6,0,18,0,0,2,0,2,0,12,8,0,20,0,0,0,20
12/06/2010,SBY,MD,AEA,EN,Federal Contract Tower,0,12,9,0,21,0,0,11,0,11,0,12,20,0,32,4,0,4,36
12/07/2010,SBY,MD,AEA,EN,Federal Contract Tower,0,17,8,6,31,0,0,20,7,27,0,17,28,13,58,18,38,56,114
12/08/2010,SBY,MD,AEA,EN,Federal Contract Tower,0,20,18,0,38,0,0,16,2,18,0,20,34,2,56,4,2,6,62
12/09/2010,SBY,MD,AEA,EN,Federal Contract Tower,0,21,7,1,29,0,0,44,8,52,0,21,51,9,81,50,86,136,217
12/10/2010,SBY,MD,AEA,EN,Federal Contract Tower,0,17,6,2,25,0,0,48,8,56,0,17,54,10,81,36,46,82,163
12/11/2010,SBY,MD,AEA,EN,Federal Contract Tower,0,15,11,0,26,0,0,54,0,54,0,15,65,0,80,28,0,28,108
12/12/2010,SBY,MD,AEA,EN,Federal Contract Tower,0,12,2,0,14,0,0,0,0,0,0,12,2,0,14,0,0,0,14
12/13/2010,SBY,MD,AEA,EN,Federal Contract Tower,0,15,7,0,22,0,0,1,0,1,0,15,8,0,23,0,0,0,23
12/14/2010,SBY,MD,AEA,EN,Federal Contract Tower,0,20,6,0,26,0,0,9,0,9,0,20,15,0,35,4,0,4,39
12/15/2010,SBY,MD,AEA,EN,Federal Contract Tower,0,19,6,0,25,0,0,37,4,41,0,19,43,4,66,32,44,76,142
12/16/2010,SBY,MD,AEA,EN,Federal Contract Tower,0,15,6,0,21,0,0,9,0,9,0,15,15,0,30,12,0,12,42
12/17/2010,SBY,MD,AEA,EN,Federal Contract Tower,0,15,9,3,27,0,0,27,12,39,0,15,36,15,66,22,0,22,88
12/18/2010,SBY,MD,AEA,EN,Federal Contract Tower,0,15,1,0,16,0,0,38,0,38,0,15,39,0,54,46,0,46,100
12/19/2010,SBY,MD,AEA,EN,Federal Contract Tower,0,12,4,0,16,0,0,23,0,23,0,12,27,0,39,10,0,10,49
12/20/2010,SBY,MD,AEA,EN,Federal Contract Tower,0,17,8,0,25,0,0,24,2,26,0,17,32,2,51,44,12,56,107
12/21/2010,SBY,MD,AEA,EN,Federal Contract Tower,0,21,8,0,29,0,0,26,12,38,0,21,34,12,67,46,82,128,195
12/22/2010,SBY,MD,AEA,EN,Federal Contract Tower,0,22,9,0,31,0,0,32,4,36,0,22,41,4,67,64,14,78,145
12/23/2010,SBY,MD,AEA,EN,Federal Contract Tower,0,20,7,0,27,0,0,4,0,4,0,20,11,0,31,0,0,0,31
12/24/2010,SBY,MD,AEA,EN,Federal Contract Tower,0,17,0,0,17,0,0,22,0,22,0,17,22,0,39,0,0,0,39
12/25/2010,SBY,MD,AEA,EN,Federal Contract Tower,0,15,0,0,15,0,0,3,0,3,0,15,3,0,18,0,0,0,18
12/26/2010,SBY,MD,AEA,EN,Federal Contract Tower,1,0,3,0,4,0,0,0,0,0,1,0,3,0,4,0,0,0,4
12/27/2010,SBY,MD,AEA,EN,Federal Contract Tower,0,14,0,0,14,0,0,2,0,2,0,14,2,0,16,0,0,0,16
12/28/2010,SBY,MD,AEA,EN,Federal Contract Tower,0,17,12,0,29,0,0,15,0,15,0,17,27,0,44,8,0,8,52
12/29/2010,SBY,MD,AEA,EN,Federal Contract Tower,0,19,7,0,26,0,0,49,0,49,0,19,56,0,75,102,0,102,177
12/30/2010,SBY,MD,AEA,EN,Federal Contract Tower,0,20,4,2,26,0,0,63,0,63,0,20,67,2,89,104,0,104,193
12/31/2010,SBY,MD,AEA,EN,Federal Contract Tower,0,17,4,0,21,0,1,61,0,62,0,18,65,0,83,86,0,86,169
01/01/2011,SBY,MD,AEA,EN,Federal Contract Tower,0,13,2,0,15,0,0,29,0,29,0,13,31,0,44,12,0,12,56
01/02/2011,SBY,MD,AEA,EN,Federal Contract Tower,0,13,14,0,27,0,0,0,0,0,0,13,14,0,27,0,0,0,27
01/03/2011,SBY,MD,AEA,EN,Federal Contract Tower,0,13,8,0,21,0,0,38,0,38,0,13,46,0,59,40,0,40,99
01/04/2011,SBY,MD,AEA,EN,Federal Contract Tower,0,15,8,0,23,0,0,17,0,17,0,15,25,0,40,22,0,22,62
01/05/2011,SBY,MD,AEA,EN,Federal Contract Tower,0,14,5,3,22,0,0,38,2,40,0,14,43,5,62,18,2,20,82
01/06/2011,SBY,MD,AEA,EN,Federal Contract Tower,0,16,13,5,34,0,0,36,12,48,0,16,49,17,82,4,42,46,128
01/07/2011,SBY,MD,AEA,EN,Federal Contract Tower,0,14,9,4,27,0,0,12,0,12,0,14,21,4,39,44,0,44,83
01/08/2011,SBY,MD,AEA,EN,Federal Contract Tower,0,12,3,0,15,0,0,4,0,4,0,12,7,0,19,0,0,0,19
01/09/2011,SBY,MD,AEA,EN,Federal Contract Tower,0,12,2,0,14,0,0,11,0,11,0,12,13,0,25,8,0,8,33
01/10/2011,SBY,MD,AEA,EN,Federal Contract Tower,0,14,14,0,28,0,0,24,6,30,0,14,38,6,58,48,6,54,112
01/11/2011,SBY,MD,AEA,EN,Federal Contract Tower,0,9,5,0,14,0,0,0,6,6,0,9,5,6,20,0,0,0,20
01/12/2011,SBY,MD,AEA,EN,Federal Contract Tower,0,16,4,0,20,0,0,8,6,14,0,16,12,6,34,0,22,22,56
01/13/2011,SBY,MD,AEA,EN,Federal Contract Tower,0,16,8,0,24,0,0,24,13,37,0,16,32,13,61,22,50,72,133
01/14/2011,SBY,MD,AEA,EN,Federal Contract Tower,0,15,7,18,40,0,0,14,6,20,0,15,21,24,60,4,22,26,86
01/15/2011,SBY,MD,AEA,EN,Federal Contract Tower,0,12,2,0,14,0,0,30,0,30,0,12,32,0,44,70,0,70,114
01/16/2011,SBY,MD,AEA,EN,Federal Contract Tower,0,12,4,0,16,0,0,26,0,26,0,12,30,0,42,98,0,98,140
01/17/2011,SBY,MD,AEA,EN,Federal Contract Tower,0,19,4,0,23,0,0,31,0,31,0,19,35,0,54,58,0,58,112
01/18/2011,SBY,MD,AEA,EN,Federal Contract Tower,0,22,3,0,25,0,0,0,0,0,0,22,3,0,25,0,0,0,25
01/19/2011,SBY,MD,AEA,EN,Federal Contract Tower,0,17,3,1,21,0,0,15,10,25,0,17,18,11,46,19,20,39,85
01/20/2011,SBY,MD,AEA,EN,Federal Contract Tower,0,15,4,0,19,0,0,72,4,76,0,15,76,4,95,94,18,112,207
01/21/2011,SBY,MD,AEA,EN,Federal Contract Tower,0,16,3,0,19,0,0,0,4,4,0,16,3,4,23,0,30,30,53
01/22/2011,SBY,MD,AEA,EN,Federal Contract Tower,0,12,6,0,18,0,0,29,0,29,0,12,35,0,47,16,0,16,63
01/23/2011,SBY,MD,AEA,EN,Federal Contract Tower,0,11,3,0,14,0,0,34,0,34,0,11,37,0,48,0,0,0,48
01/24/2011,SBY,MD,AEA,EN,Federal Contract Tower,0,12,4,0,16,0,0,14,0,14,0,12,18,0,30,14,0,14,44
01/25/2011,SBY,MD,AEA,EN,Federal Contract Tower,0,15,10,0,25,0,0,41,0,41,0,15,51,0,66,24,8,32,98
01/26/2011,SBY,MD,AEA,EN,Federal Contract Tower,0,13,4,0,17,0,0,0,0,0,0,13,4,0,17,0,0,0,17
01/27/2011,SBY,MD,AEA,EN,Federal Contract Tower,0,15,2,0,17,0,0,16,6,22,0,15,18,6,39,52,60,112,151
01/28/2011,SBY,MD,AEA,EN,Federal Contract Tower,0,14,4,0,18,0,0,6,3,9,0,14,10,3,27,26,4,30,57
01/29/2011,SBY,MD,AEA,EN,Federal Contract Tower,0,14,0,0,14,0,0,27,0,27,0,14,27,0,41,64,0,64,105
01/30/2011,SBY,MD,AEA,EN,Federal Contract Tower,0,15,9,0,24,0,0,47,0,47,0,15,56,0,71,98,0,98,169
01/31/2011,SBY,MD,AEA,EN,Federal Contract Tower,0,15,5,0,20,0,2,15,0,17,0,17,20,0,37,6,0,6,43
02/01/2011,SBY,MD,AEA,EN,Federal Contract Tower,0,17,4,0,21,0,0,0,0,0,0,17,4,0,21,0,0,0,21
02/02/2011,SBY,MD,AEA,EN,Federal Contract Tower,0,17,2,2,21,0,0,9,2,11,0,17,11,4,32,10,16,26,58
02/03/2011,SBY,MD,AEA,EN,Federal Contract Tower,0,19,9,2,30,0,0,38,8,46,0,19,47,10,76,42,10,52,128
02/04/2011,SBY,MD,AEA,EN,Federal Contract Tower,0,17,2,0,19,0,0,33,4,37,0,17,35,4,56,46,18,64,120
02/05/2011,SBY,MD,AEA,EN,Federal Contract Tower,0,10,0,0,10,0,0,0,0,0,0,10,0,0,10,0,0,0,10
02/06/2011,SBY,MD,AEA,EN,Federal Contract Tower,0,12,6,0,18,0,0,59,0,59,0,12,65,0,77,132,0,132,209
02/07/2011,SBY,MD,AEA,EN,Federal Contract Tower,0,18,2,0,20,0,0,34,10,44,0,18,36,10,64,50,54,104,168
02/08/2011,SBY,MD,AEA,EN,Federal Contract Tower,0,22,4,0,26,0,0,11,4,15,0,22,15,4,41,0,46,46,87
02/09/2011,SBY,MD,AEA,EN,Federal Contract Tower,0,15,6,0,21,0,0,14,6,20,0,15,20,6,41,20,40,60,101
02/10/2011,SBY,MD,AEA,EN,Federal Contract Tower,0,15,6,1,22,0,0,16,6,22,0,15,22,7,44,18,26,44,88
02/11/2011,SBY,MD,AEA,EN,Federal Contract Tower,0,10,15,0,25,0,0,45,14,59,0,10,60,14,84,54,74,128,212
02/12/2011,SBY,MD,AEA,EN,Federal Contract Tower,0,15,1,0,16,0,0,38,0,38,0,15,39,0,54,36,0,36,90
02/13/2011,SBY,MD,AEA,EN,Federal Contract Tower,0,14,2,0,16,0,0,26,4,30,0,14,28,4,46,36,0,36,82
02/14/2011,SBY,MD,AEA,EN,Federal Contract Tower,0,14,1,1,16,0,0,6,1,7,0,14,7,2,23,8,2,10,33
02/15/2011,SBY,MD,AEA,EN,Federal Contract Tower,0,20,5,3,28,0,0,30,14,44,0,20,35,17,72,44,48,92,164
02/16/2011,SBY,MD,AEA,EN,Federal Contract Tower,0,17,3,0,20,0,0,48,11,59,0,17,51,11,79,60,104,164,243
02/17/2011,SBY,MD,AEA,EN,Federal Contract Tower,0,17,10,0,27,0,0,45,22,67,0,17,55,22,94,62,99,161,255
02/18/2011,SBY,MD,AEA,EN,Federal Contract Tower,0,12,9,0,21,0,0,39,0,39,0,12,48,0,60,54,0,54,114
02/19/2011,SBY,MD,AEA,EN,Federal Contract Tower,0,12,1,0,13,0,0,10,3,13,0,12,11,3,26,10,4,14,40
02/20/2011,SBY,MD,AEA,EN,Federal Contract Tower,0,12,4,0,16,0,0,72,0,72,0,12,76,0,88,126,0,126,214
02/21/2011,SBY,MD,AEA,EN,Federal Contract Tower,0,13,4,0,17,0,0,19,0,19,0,13,23,0,36,36,0,36,72
02/22/2011,SBY,MD,AEA,EN,Federal Contract Tower,0,14,5,0,19,0,0,31,10,41,0,14,36,10,60,34,42,76,136
02/23/2011,SBY,MD,AEA,EN,Federal Contract Tower,0,17,12,0,29,0,0,35,12,47,0,17,47,12,76,40,94,134,210
02/24/2011,SBY,MD,AEA,EN,Federal Contract Tower,0,17,11,4,32,0,1,40,11,52,0,18,51,15,84,82,46,128,212
02/25/2011,SBY,MD,AEA,EN,Federal Contract Tower,0,14,1,0,15,0,0,0,0,0,0,14,1,0,15,0,0,0,15
02/26/2011,SBY,MD,AEA,EN,Federal Contract Tower,0,14,2,0,16,0,0,49,0,49,0,14,51,0,65,66,0,66,131
02/27/2011,SBY,MD,AEA,EN,Federal Contract Tower,0,15,1,0,16,0,0,42,0,42,0,15,43,0,58,58,0,58,116
02/28/2011,SBY,MD,AEA,EN,Federal Contract Tower,0,16,3,0,19,0,0,10,2,12,0,16,13,2,31,0,2,2,33
03/01/2011,SBY,MD,AEA,EN,Federal Contract Tower,0,15,4,2,21,0,0,41,14,55,0,15,45,16,76,44,76,120,196
03/02/2011,SBY,MD,AEA,EN,Federal Contract Tower,0,16,10,1,27,0,0,37,13,50,0,16,47,14,77,46,104,150,227
03/03/2011,SBY,MD,AEA,EN,Federal Contract Tower,0,17,14,2,33,0,0,67,8,75,0,17,81,10,108,84,46,130,238
03/04/2011,SBY,MD,AEA,EN,Federal Contract Tower,0,20,9,0,29,0,4,47,9,60,0,24,56,9,89,42,68,110,199
03/05/2011,SBY,MD,AEA,EN,Federal Contract Tower,0,20,6,0,26,0,0,39,0,39,0,20,45,0,65,36,0,36,101
03/06/2011,SBY,MD,AEA,EN,Federal Contract Tower,0,17,5,0,22,0,0,0,0,0,0,17,5,0,22,0,0,0,22
03/07/2011,SBY,MD,AEA,EN,Federal Contract Tower,0,18,10,1,29,0,0,24,6,30,0,18,34,7,59,6,38,44,103
03/08/2011,SBY,MD,AEA,EN,Federal Contract Tower,0,17,3,1,21,0,0,65,2,67,0,17,68,3,88,64,6,70,158
03/09/2011,SBY,MD,AEA,EN,Federal Contract Tower,0,20,5,0,25,0,0,32,4,36,0,20,37,4,61,15,30,45,106
03/10/2011,SBY,MD,AEA,EN,Federal Contract Tower,0,19,8,21,48,0,0,0,0,0,0,19,8,21,48,0,0,0,48
03/11/2011,SBY,MD,AEA,EN,Federal Contract Tower,0,15,6,0,21,0,0,48,4,52,0,15,54,4,73,28,14,42,115
03/12/2011,SBY,MD,AEA,EN,Federal Contract Tower,0,18,3,0,21,0,0,34,0,34,0,18,37,0,55,90,0,90,145
03/13/2011,SBY,MD,AEA,EN,Federal Contract Tower,0,16,6,0,22,0,0,57,0,57,0,16,63,0,79,64,0,64,143
03/14/2011,SBY,MD,AEA,EN,Federal Contract Tower,0,17,1,1,19,0,0,34,5,39,0,17,35,6,58,20,22,42,100
03/15/2011,SBY,MD,AEA,EN,Federal Contract Tower,0,18,5,0,23,0,0,31,3,34,0,18,36,3,57,44,42,86,143
03/16/2011,SBY,MD,AEA,EN,Federal Contract Tower,0,19,4,0,23,0,0,22,0,22,0,19,26,0,45,22,0,22,67
03/17/2011,SBY,MD,AEA,EN,Federal Contract Tower,0,20,7,0,27,0,0,50,8,58,0,20,57,8,85,60,30,90,175
03/18/2011,SBY,MD,AEA,EN,Federal Contract Tower,0,21,1,3,25,0,0,47,4,51,0,21,48,7,76,64,26,90,166
03/19/2011,SBY,MD,AEA,EN,Federal Contract Tower,0,18,2,0,20,0,0,33,0,33,0,18,35,0,53,30,0,30,83
03/20/2011,SBY,MD,AEA,EN,Federal Contract Tower,0,15,7,0,22,0,0,57,0,57,0,15,64,0,79,110,0,110,189
03/21/2011,SBY,MD,AEA,EN,Federal Contract Tower,0,14,3,0,17,0,0,14,0,14,0,14,17,0,31,10,0,10,41
03/22/2011,SBY,MD,AEA,EN,Federal Contract Tower,0,18,7,1,26,0,0,39,15,54,0,18,46,16,80,28,148,176,256
03/23/2011,SBY,MD,AEA,EN,Federal Contract Tower,0,19,9,4,32,0,0,11,2,13,0,19,20,6,45,2,32,34,79
03/24/2011,SBY,MD,AEA,EN,Federal Contract Tower,0,18,9,0,27,0,0,9,0,9,0,18,18,0,36,0,0,0,36
03/25/2011,SBY,MD,AEA,EN,Federal Contract Tower,0,19,7,2,28,0,0,43,10,53,0,19,50,12,81,32,16,48,129
03/26/2011,SBY,MD,AEA,EN,Federal Contract Tower,0,19,3,0,22,0,0,27,0,27,0,19,30,0,49,68,0,68,117
03/27/2011,SBY,MD,AEA,EN,Federal Contract Tower,0,15,2,0,17,0,0,15,0,15,0,15,17,0,32,16,0,16,48
03/28/2011,SBY,MD,AEA,EN,Federal Contract Tower,0,19,5,0,24,0,0,34,2,36,0,19,39,2,60,6,8,14,74
03/29/2011,SBY,MD,AEA,EN,Federal Contract Tower,0,17,7,0,24,0,0,85,6,91,0,17,92,6,115,44,32,76,191
03/30/2011,SBY,MD,AEA,EN,Federal Contract Tower,0,16,15,1,32,0,0,4,1,5,0,16,19,2,37,4,8,12,49
03/31/2011,SBY,MD,AEA,EN,Federal Contract Tower,0,18,9,0,27,0,0,0,0,0,0,18,9,0,27,0,0,0,27
04/01/2011,SBY,MD,AEA,EN,Federal Contract Tower,0,16,4,1,21,0,0,18,0,18,0,16,22,1,39,0,0,0,39
04/02/2011,SBY,MD,AEA,EN,Federal Contract Tower,0,19,2,2,23,0,0,16,0,16,0,19,18,2,39,32,0,32,71
04/03/2011,SBY,MD,AEA,EN,Federal Contract Tower,0,15,8,0,23,0,0,63,0,63,0,15,71,0,86,8,0,8,94
04/04/2011,SBY,MD,AEA,EN,Federal Contract Tower,0,16,4,6,26,0,0,32,4,36,0,16,36,10,62,0,52,52,114
04/05/2011,SBY,MD,AEA,EN,Federal Contract Tower,0,21,3,0,24,0,0,13,2,15,0,21,16,2,39,4,34,38,77
04/06/2011,SBY,MD,AEA,EN,Federal Contract Tower,0,17,14,0,31,0,0,26,14,40,0,17,40,14,71,15,64,79,150
04/07/2011,SBY,MD,AEA,EN,Federal Contract Tower,0,20,10,2,32,0,0,39,16,55,0,20,49,18,87,78,44,122,209
04/08/2011,SBY,MD,AEA,EN,Federal Contract Tower,0,17,4,0,21,0,0,6,2,8,0,17,10,2,29,0,12,12,41
04/09/2011,SBY,MD,AEA,EN,Federal Contract Tower,0,15,4,0,19,0,0,9,0,9,0,15,13,0,28,14,0,14,42
04/10/2011,SBY,MD,AEA,EN,Federal Contract Tower,0,20,15,0,35,0,0,29,0,29,0,20,44,0,64,8,0,8,72
04/11/2011,SBY,MD,AEA,EN,Federal Contract Tower,0,16,2,0,18,0,2,21,6,29,0,18,23,6,47,8,14,22,69
04/12/2011,SBY,MD,AEA,EN,Federal Contract Tower,0,15,5,0,20,0,0,7,0,7,0,15,12,0,27,12,0,12,39
04/13/2011,SBY,MD,AEA,EN,Federal Contract Tower,0,22,7,0,29,0,0,10,0,10,0,22,17,0,39,2,0,2,41
04/14/2011,SBY,MD,AEA,EN,Federal Contract Tower,0,22,5,0,27,0,0,60,16,76,0,22,65,16,103,96,102,198,301
04/15/2011,SBY,MD,AEA,EN,Federal Contract Tower,0,22,14,0,36,0,0,39,2,41,0,22,53,2,77,42,0,42,119
04/16/2011,SBY,MD,AEA,EN,Federal Contract Tower,0,14,2,2,18,0,0,1,0,1,0,14,3,2,19,0,0,0,19
04/17/2011,SBY,MD,AEA,EN,Federal Contract Tower,0,17,3,0,20,0,0,17,0,17,0,17,20,0,37,26,0,26,63
04/18/2011,SBY,MD,AEA,EN,Federal Contract Tower,0,15,8,0,23,0,0,23,4,27,0,15,31,4,50,24,12,36,86
04/19/2011,SBY,MD,AEA,EN,Federal Contract Tower,0,19,6,3,28,0,0,27,8,35,0,19,33,11,63,40,32,72,135
04/20/2011,SBY,MD,AEA,EN,Federal Contract Tower,0,16,8,3,27,0,0,29,21,50,0,16,37,24,77,12,78,90,167
04/21/2011,SBY,MD,AEA,EN,Federal Contract Tower,0,18,18,0,36,0,0,59,2,61,0,18,77,2,97,64,10,74,171
04/22/2011,SBY,MD,AEA,EN,Federal Contract Tower,0,17,6,1,24,0,13,2,2,17,0,30,8,3,41,38,12,50,91
04/23/2011,SBY,MD,AEA,EN,Federal Contract Tower,0,21,5,0,26,0,0,10,0,10,0,21,15,0,36,6,0,6,42
04/24/2011,SBY,MD,AEA,EN,Federal Contract Tower,0,19,7,0,26,0,0,26,0,26,0,19,33,0,52,8,0,8,60
04/25/2011,SBY,MD,AEA,EN,Federal Contract Tower,0,14,13,0,27,0,0,43,6,49,0,14,56,6,76,18,60,78,154
04/26/2011,SBY,MD,AEA,EN,Federal Contract Tower,0,19,8,4,31,0,0,32,1,33,0,19,40,5,64,10,40,50,114
04/27/2011,SBY,MD,AEA,EN,Federal Contract Tower,0,21,11,0,32,0,0,31,4,35,0,21,42,4,67,8,48,56,123
04/28/2011,SBY,MD,AEA,EN,Federal Contract Tower,0,25,4,0,29,0,0,2,0,2,0,25,6,0,31,0,0,0,31
04/29/2011,SBY,MD,AEA,EN,Federal Contract Tower,0,21,6,0,27,0,5,63,0,68,0,26,69,0,95,40,0,40,135
04/30/2011,SBY,MD,AEA,EN,Federal Contract Tower,0,22,6,0,28,0,0,57,0,57,0,22,63,0,85,28,0,28,113
05/01/2011,SBY,MD,AEA,EN,Federal Contract Tower,0,16,6,0,22,0,0,43,0,43,0,16,49,0,65,32,0,32,97
05/02/2011,SBY,MD,AEA,EN,Federal Contract Tower,0,14,5,0,19,0,0,18,2,20,0,14,23,2,39,0,6,6,45
05/03/2011,SBY,MD,AEA,EN,Federal Contract Tower,0,17,5,0,22,0,0,20,0,20,0,17,25,0,42,8,0,8,50
05/04/2011,SBY,MD,AEA,EN,Federal Contract Tower,0,17,5,1,23,0,0,4,2,6,0,17,9,3,29,0,8,8,37
05/05/2011,SBY,MD,AEA,EN,Federal Contract Tower,0,15,7,0,22,0,0,44,12,56,0,15,51,12,78,42,66,108,186
05/06/2011,SBY,MD,AEA,EN,Federal Contract Tower,0,19,15,0,34,0,0,62,9,71,0,19,77,9,105,58,38,96,201
05/07/2011,SBY,MD,AEA,EN,Federal Contract Tower,0,19,8,0,27,0,0,56,0,56,0,19,64,0,83,38,0,38,121
05/08/2011,SBY,MD,AEA,EN,Federal Contract Tower,0,15,9,0,24,0,0,0,0,0,0,15,9,0,24,32,0,32,56
05/09/2011,SBY,MD,AEA,EN,Federal Contract Tower,0,16,8,0,24,0,0,47,18,65,0,16,55,18,89,28,72,100,189
05/10/2011,SBY,MD,AEA,EN,Federal Contract Tower,0,17,14,0,31,0,0,31,6,37,0,17,45,6,68,56,46,102,170
05/11/2011,SBY,MD,AEA,EN,Federal Contract Tower,0,17,7,0,24,0,0,40,18,58,0,17,47,18,82,68,236,304,386
05/12/2011,SBY,MD,AEA,EN,Federal Contract Tower,0,15,19,0,34,0,0,49,12,61,0,15,68,12,95,40,74,114,209
05/13/2011,SBY,MD,AEA,EN,Federal Contract Tower,0,20,11,0,31,0,0,44,10,54,0,20,55,10,85,58,56,114,199
05/14/2011,SBY,MD,AEA,EN,Federal Contract Tower,0,18,3,0,21,0,0,20,0,20,0,18,23,0,41,12,0,12,53
05/15/2011,SBY,MD,AEA,EN,Federal Contract Tower,0,14,5,0,19,0,0,25,0,25,0,14,30,0,44,24,0,24,68
05/16/2011,SBY,MD,AEA,EN,Federal Contract Tower,0,11,8,0,19,0,0,47,12,59,0,11,55,12,78,48,128,176,254
05/17/2011,SBY,MD,AEA,EN,Federal Contract Tower,0,18,7,4,29,0,0,10,0,10,0,18,17,4,39,0,0,0,39
05/18/2011,SBY,MD,AEA,EN,Federal Contract Tower,0,18,7,0,25,0,0,8,0,8,0,18,15,0,33,28,0,28,61
05/19/2011,SBY,MD,AEA,EN,Federal Contract Tower,0,20,4,0,24,0,0,30,7,37,0,20,34,7,61,16,28,44,105
05/20/2011,SBY,MD,AEA,EN,Federal Contract Tower,0,13,15,0,28,0,0,53,3,56,0,13,68,3,84,22,46,68,152
05/21/2011,SBY,MD,AEA,EN,Federal Contract Tower,0,19,6,2,27,0,0,71,2,73,0,19,77,4,100,100,8,108,208
05/22/2011,SBY,MD,AEA,EN,Federal Contract Tower,0,15,16,0,31,0,0,91,0,91,0,15,107,0,122,74,0,74,196
05/23/2011,SBY,MD,AEA,EN,Federal Contract Tower,0,18,14,0,32,0,1,6,0,7,0,19,20,0,39,0,0,0,39
05/24/2011,SBY,MD,AEA,EN,Federal Contract Tower,0,17,8,3,28,0,0,19,19,38,0,17,27,22,66,44,172,216,282
05/25/2011,SBY,MD,AEA,EN,Federal Contract Tower,0,16,11,0,27,0,0,43,9,52,0,16,54,9,79,44,68,112,191
05/26/2011,SBY,MD,AEA,EN,Federal Contract Tower,0,22,8,1,31,0,0,41,7,48,0,22,49,8,79,68,38,106,185
05/27/2011,SBY,MD,AEA,EN,Federal Contract Tower,0,21,9,0,30,0,0,56,2,58,0,21,65,2,88,42,30,72,160
05/28/2011,SBY,MD,AEA,EN,Federal Contract Tower,0,22,9,0,31,0,0,71,0,71,0,22,80,0,102,54,0,54,156
05/29/2011,SBY,MD,AEA,EN,Federal Contract Tower,0,11,7,0,18,0,0,95,0,95,0,11,102,0,113,64,0,64,177
05/30/2011,SBY,MD,AEA,EN,Federal Contract Tower,0,15,10,0,25,0,0,44,0,44,0,15,54,0,69,62,0,62,131
05/31/2011,SBY,MD,AEA,EN,Federal Contract Tower,0,30,9,0,39,0,0,68,6,74,0,30,77,6,113,86,106,192,305
06/01/2011,SBY,MD,AEA,EN,Federal Contract Tower,0,24,13,4,41,0,0,33,10,43,0,24,46,14,84,60,84,144,228
06/02/2011,SBY,MD,AEA,EN,Federal Contract Tower,0,20,10,0,30,0,0,50,4,54,0,20,60,4,84,36,28,64,148
06/03/2011,SBY,MD,AEA,EN,Federal Contract Tower,0,23,10,2,35,0,0,54,0,54,0,23,64,2,89,32,0,32,121
06/04/2011,SBY,MD,AEA,EN,Federal Contract Tower,0,23,4,0,27,0,0,31,2,33,0,23,35,2,60,16,6,22,82
06/05/2011,SBY,MD,AEA,EN,Federal Contract Tower,0,17,2,0,19,0,0,22,0,22,0,17,24,0,41,16,0,16,57
06/06/2011,SBY,MD,AEA,EN,Federal Contract Tower,0,18,4,2,24,0,0,50,12,62,0,18,54,14,86,98,70,168,254
06/07/2011,SBY,MD,AEA,EN,Federal Contract Tower,0,18,9,0,27,0,0,39,4,43,0,18,48,4,70,60,32,92,162
06/08/2011,SBY,MD,AEA,EN,Federal Contract Tower,0,20,4,0,24,0,0,47,1,48,0,20,51,1,72,77,2,79,151
06/09/2011,SBY,MD,AEA,EN,Federal Contract Tower,0,17,5,0,22,0,0,26,8,34,0,17,31,8,56,26,6,32,88
06/10/2011,SBY,MD,AEA,EN,Federal Contract Tower,0,19,6,0,25,0,0,26,2,28,0,19,32,2,53,10,24,34,87
06/11/2011,SBY,MD,AEA,EN,Federal Contract Tower,0,18,6,0,24,0,0,38,2,40,0,18,44,2,64,36,12,48,112
06/12/2011,SBY,MD,AEA,EN,Federal Contract Tower,0,14,6,0,20,0,0,12,2,14,0,14,18,2,34,4,0,4,38
06/13/2011,SBY,MD,AEA,EN,Federal Contract Tower,0,19,8,0,27,0,0,38,6,44,0,19,46,6,71,68,8,76,147
06/14/2011,SBY,MD,AEA,EN,Federal Contract Tower,0,19,2,0,21,0,0,45,4,49,0,19,47,4,70,36,40,76,146
06/15/2011,SBY,MD,AEA,EN,Federal Contract Tower,0,19,9,0,28,0,0,46,4,50,0,19,55,4,78,81,12,93,171
06/16/2011,SBY,MD,AEA,EN,Federal Contract Tower,0,18,7,0,25,0,0,23,0,23,0,18,30,0,48,44,0,44,92
06/17/2011,SBY,MD,AEA,EN,Federal Contract Tower,0,18,5,0,23,0,0,26,4,30,0,18,31,4,53,36,26,62,115
06/18/2011,SBY,MD,AEA,EN,Federal Contract Tower,0,18,6,0,24,0,0,35,0,35,0,18,41,0,59,44,0,44,103
06/19/2011,SBY,MD,AEA,EN,Federal Contract Tower,0,15,8,0,23,0,0,11,0,11,0,15,19,0,34,6,0,6,40
06/20/2011,SBY,MD,AEA,EN,Federal Contract Tower,0,15,5,0,20,0,0,15,0,15,0,15,20,0,35,36,0,36,71
06/21/2011,SBY,MD,AEA,EN,Federal Contract Tower,0,19,8,1,28,0,0,30,6,36,0,19,38,7,64,16,90,106,170
06/22/2011,SBY,MD,AEA,EN,Federal Contract Tower,0,21,9,11,41,0,0,22,4,26,0,21,31,15,67,32,22,54,121
06/23/2011,SBY,MD,AEA,EN,Federal Contract Tower,0,26,9,0,35,0,0,51,14,65,0,26,60,14,100,76,78,154,254
06/24/2011,SBY,MD,AEA,EN,Federal Contract Tower,0,23,7,0,30,0,0,35,9,44,0,23,42,9,74,98,90,188,262
06/25/2011,SBY,MD,AEA,EN,Federal Contract Tower,0,21,3,2,26,0,0,50,0,50,0,21,53,2,76,68,0,68,144
06/26/2011,SBY,MD,AEA,EN,Federal Contract Tower,0,16,7,0,23,0,0,65,6,71,0,16,72,6,94,56,0,56,150
06/27/2011,SBY,MD,AEA,EN,Federal Contract Tower,0,21,6,0,27,0,0,18,2,20,0,21,24,2,47,18,2,20,67
06/28/2011,SBY,MD,AEA,EN,Federal Contract Tower,0,20,7,0,27,0,0,27,10,37,0,20,34,10,64,46,100,146,210
06/29/2011,SBY,MD,AEA,EN,Federal Contract Tower,0,22,6,2,30,0,0,52,4,56,0,22,58,6,86,50,30,80,166
06/30/2011,SBY,MD,AEA,EN,Federal Contract Tower,0,20,14,2,36,0,0,43,13,56,0,20,57,15,92,28,56,84,176
07/01/2011,SBY,MD,AEA,EN,Federal Contract Tower,0,19,15,0,34,0,0,73,0,73,0,19,88,0,107,68,0,68,175
07/02/2011,SBY,MD,AEA,EN,Federal Contract Tower,0,25,5,0,30,0,0,70,0,70,0,25,75,0,100,66,0,66,166
07/03/2011,SBY,MD,AEA,EN,Federal Contract Tower,0,16,4,0,20,0,0,20,0,20,0,16,24,0,40,48,0,48,88
07/04/2011,SBY,MD,AEA,EN,Federal Contract Tower,0,13,4,2,19,0,0,33,0,33,0,13,37,2,52,40,0,40,92
07/05/2011,SBY,MD,AEA,EN,Federal Contract Tower,0,18,4,0,22,0,0,34,6,40,0,18,38,6,62,24,16,40,102
07/06/2011,SBY,MD,AEA,EN,Federal Contract Tower,0,20,13,5,38,0,0,23,1,24,0,20,36,6,62,20,2,22,84
07/07/2011,SBY,MD,AEA,EN,Federal Contract Tower,0,19,15,2,36,0,0,30,12,42,0,19,45,14,78,28,46,74,152
07/08/2011,SBY,MD,AEA,EN,Federal Contract Tower,0,23,9,0,32,0,0,35,8,43,0,23,44,8,75,68,18,86,161
07/09/2011,SBY,MD,AEA,EN,Federal Contract Tower,0,22,8,0,30,0,0,30,2,32,0,22,38,2,62,10,2,12,74
07/10/2011,SBY,MD,AEA,EN,Federal Contract Tower,0,14,6,0,20,0,0,57,0,57,0,14,63,0,77,92,0,92,169
07/11/2011,SBY,MD,AEA,EN,Federal Contract Tower,0,23,8,2,33,0,0,43,4,47,0,23,51,6,80,46,48,94,174
07/12/2011,SBY,MD,AEA,EN,Federal Contract Tower,0,21,13,5,39,0,0,41,20,61,0,21,54,25,100,40,96,136,236
07/13/2011,SBY,MD,AEA,EN,Federal Contract Tower,0,22,11,1,34,0,0,55,8,63,0,22,66,9,97,142,48,190,287
07/14/2011,SBY,MD,AEA,EN,Federal Contract Tower,0,20,12,0,32,0,0,46,18,64,0,20,58,18,96,88,48,136,232
07/15/2011,SBY,MD,AEA,EN,Federal Contract Tower,0,17,7,2,26,0,0,69,23,92,0,17,76,25,118,104,96,200,318
07/16/2011,SBY,MD,AEA,EN,Federal Contract Tower,0,22,4,0,26,0,0,58,0,58,0,22,62,0,84,86,0,86,170
07/17/2011,SBY,MD,AEA,EN,Federal Contract Tower,0,15,5,0,20,0,0,62,0,62,0,15,67,0,82,60,0,60,142
07/18/2011,SBY,MD,AEA,EN,Federal Contract Tower,0,20,3,7,30,0,0,45,10,55,0,20,48,17,85,10,168,178,263
07/19/2011,SBY,MD,AEA,EN,Federal Contract Tower,0,19,4,0,23,0,0,31,2,33,0,19,35,2,56,30,10,40,96
07/20/2011,SBY,MD,AEA,EN,Federal Contract Tower,0,18,12,3,33,0,0,34,12,46,0,18,46,15,79,12,12,24,103
07/21/2011,SBY,MD,AEA,EN,Federal Contract Tower,0,20,17,6,43,0,0,39,12,51,0,20,56,18,94,42,58,100,194
07/22/2011,SBY,MD,AEA,EN,Federal Contract Tower,0,22,14,4,40,0,2,29,7,38,0,24,43,11,78,0,36,36,114
07/23/2011,SBY,MD,AEA,EN,Federal Contract Tower,0,22,4,0,26,0,0,23,0,23,0,22,27,0,49,0,0,0,49
07/24/2011,SBY,MD,AEA,EN,Federal Contract Tower,0,15,4,0,19,0,0,18,0,18,0,15,22,0,37,18,0,18,55
07/25/2011,SBY,MD,AEA,EN,Federal Contract Tower,0,14,5,1,20,0,0,7,2,9,0,14,12,3,29,4,2,6,35
07/26/2011,SBY,MD,AEA,EN,Federal Contract Tower,0,19,10,4,33,0,0,43,24,67,0,19,53,28,100,26,32,58,158
07/27/2011,SBY,MD,AEA,EN,Federal Contract Tower,0,16,8,0,24,0,0,34,43,77,0,16,42,43,101,60,112,172,273
07/28/2011,SBY,MD,AEA,EN,Federal Contract Tower,0,18,6,2,26,0,0,47,23,70,0,18,53,25,96,26,68,94,190
07/29/2011,SBY,MD,AEA,EN,Federal Contract Tower,0,18,22,2,42,0,0,39,14,53,0,18,61,16,95,50,44,94,189
07/30/2011,SBY,MD,AEA,EN,Federal Contract Tower,0,27,6,0,33,0,1,33,4,38,0,28,39,4,71,36,4,40,111
07/31/2011,SBY,MD,AEA,EN,Federal Contract Tower,0,13,5,0,18,0,0,28,0,28,0,13,33,0,46,10,0,10,56
08/01/2011,SBY,MD,AEA,EN,Federal Contract Tower,0,17,6,3,26,0,0,39,1,40,0,17,45,4,66,40,12,52,118
08/02/2011,SBY,MD,AEA,EN,Federal Contract Tower,0,22,15,1,38,0,0,41,4,45,0,22,56,5,83,26,10,36,119
08/03/2011,SBY,MD,AEA,EN,Federal Contract Tower,0,20,10,0,30,0,0,21,0,21,0,20,31,0,51,21,0,21,72
08/04/2011,SBY,MD,AEA,EN,Federal Contract Tower,0,20,12,2,34,0,0,12,2,14,0,20,24,4,48,2,12,14,62
08/05/2011,SBY,MD,AEA,EN,Federal Contract Tower,0,22,19,4,45,0,0,34,6,40,0,22,53,10,85,34,42,76,161
08/06/2011,SBY,MD,AEA,EN,Federal Contract Tower,0,25,12,0,37,0,0,62,1,63,0,25,74,1,100,82,0,82,182
08/07/2011,SBY,MD,AEA,EN,Federal Contract Tower,0,18,7,0,25,0,1,17,0,18,0,19,24,0,43,0,0,0,43
08/08/2011,SBY,MD,AEA,EN,Federal Contract Tower,0,18,10,3,31,0,0,28,9,37,0,18,38,12,68,34,42,76,144
08/09/2011,SBY,MD,AEA,EN,Federal Contract Tower,0,21,10,1,32,0,0,40,6,46,0,21,50,7,78,36,98,134,212
08/10/2011,SBY,MD,AEA,EN,Federal Contract Tower,0,19,11,0,30,0,0,46,14,60,0,19,57,14,90,36,60,96,186
08/11/2011,SBY,MD,AEA,EN,Federal Contract Tower,0,22,10,2,34,0,0,64,11,75,0,22,74,13,109,36,40,76,185
08/12/2011,SBY,MD,AEA,EN,Federal Contract Tower,0,22,11,2,35,0,0,43,10,53,0,22,54,12,88,70,64,134,222
08/13/2011,SBY,MD,AEA,EN,Federal Contract Tower,0,23,3,0,26,0,0,31,6,37,0,23,34,6,63,58,0,58,121
08/14/2011,SBY,MD,AEA,EN,Federal Contract Tower,0,18,6,0,24,0,0,5,0,5,0,18,11,0,29,18,0,18,47
08/15/2011,SBY,MD,AEA,EN,Federal Contract Tower,0,21,11,2,34,0,0,29,11,40,0,21,40,13,74,38,88,126,200
08/16/2011,SBY,MD,AEA,EN,Federal Contract Tower,0,20,16,2,38,0,0,44,6,50,0,20,60,8,88,64,166,230,318
08/17/2011,SBY,MD,AEA,EN,Federal Contract Tower,0,22,13,0,35,0,0,36,7,43,0,22,49,7,78,68,104,172,250
08/18/2011,SBY,MD,AEA,EN,Federal Contract Tower,0,20,17,0,37,0,0,42,14,56,0,20,59,14,93,50,64,114,207
08/19/2011,SBY,MD,AEA,EN,Federal Contract Tower,0,22,16,1,39,0,0,25,14,39,0,22,41,15,78,34,130,164,242
08/20/2011,SBY,MD,AEA,EN,Federal Contract Tower,0,26,15,0,41,0,0,61,0,61,0,26,76,0,102,94,0,94,196
08/21/2011,SBY,MD,AEA,EN,Federal Contract Tower,0,13,7,0,20,0,0,17,0,17,0,13,24,0,37,36,0,36,73
08/22/2011,SBY,MD,AEA,EN,Federal Contract Tower,0,17,16,3,36,0,0,36,6,42,0,17,52,9,78,40,50,90,168
08/23/2011,SBY,MD,AEA,EN,Federal Contract Tower,0,23,16,3,42,0,0,36,9,45,0,23,52,12,87,42,38,80,167
08/24/2011,SBY,MD,AEA,EN,Federal Contract Tower,0,19,12,0,31,0,0,52,19,71,0,19,64,19,102,86,182,268,370
08/25/2011,SBY,MD,AEA,EN,Federal Contract Tower,0,17,10,0,27,0,0,35,4,39,0,17,45,4,66,14,24,38,104
08/26/2011,SBY,MD,AEA,EN,Federal Contract Tower,0,20,5,0,25,0,2,11,0,13,0,22,16,0,38,0,0,0,38
08/27/2011,SBY,MD,AEA,EN,Federal Contract Tower,0,10,0,0,10,0,0,0,0,0,0,10,0,0,10,0,0,0,10
08/28/2011,SBY,MD,AEA,EN,Federal Contract Tower,0,4,1,0,5,0,0,8,0,8,0,4,9,0,13,0,0,0,13
08/29/2011,SBY,MD,AEA,EN,Federal Contract Tower,0,19,2,0,21,0,0,18,4,22,0,19,20,4,43,6,40,46,89
08/30/2011,SBY,MD,AEA,EN,Federal Contract Tower,0,20,8,9,37,0,0,35,13,48,0,20,43,22,85,40,144,184,269
08/31/2011,SBY,MD,AEA,EN,Federal Contract Tower,0,22,9,2,33,0,0,44,17,61,0,22,53,19,94,56,166,222,316
09/01/2011,SBY,MD,AEA,EN,Federal Contract Tower,0,23,9,0,32,0,0,56,0,56,0,23,65,0,88,66,0,66,154
09/02/2011,SBY,MD,AEA,EN,Federal Contract Tower,0,21,5,0,26,0,0,42,0,42,0,21,47,0,68,28,0,28,96
09/03/2011,SBY,MD,AEA,EN,Federal Contract Tower,0,18,6,0,24,0,0,40,1,41,0,18,46,1,65,18,0,18,83
09/04/2011,SBY,MD,AEA,EN,Federal Contract Tower,0,9,7,0,16,0,0,60,0,60,0,9,67,0,76,42,0,42,118
09/05/2011,SBY,MD,AEA,EN,Federal Contract Tower,0,15,11,0,26,0,0,16,2,18,0,15,27,2,44,2,2,4,48
09/06/2011,SBY,MD,AEA,EN,Federal Contract Tower,0,20,5,0,25,0,0,0,0,0,0,20,5,0,25,0,0,0,25
09/07/2011,SBY,MD,AEA,EN,Federal Contract Tower,0,23,7,7,37,0,0,7,5,12,0,23,14,12,49,12,40,52,101
09/08/2011,SBY,MD,AEA,EN,Federal Contract Tower,0,18,9,4,31,0,0,9,0,9,0,18,18,4,40,4,0,4,44
09/09/2011,SBY,MD,AEA,EN,Federal Contract Tower,0,21,13,2,36,0,0,6,2,8,0,21,19,4,44,0,0,0,44
09/10/2011,SBY,MD,AEA,EN,Federal Contract Tower,0,16,3,0,19,0,0,49,0,49,0,16,52,0,68,68,0,68,136
09/11/2011,SBY,MD,AEA,EN,Federal Contract Tower,0,13,3,0,16,0,0,20,2,22,0,13,23,2,38,14,2,16,54
09/12/2011,SBY,MD,AEA,EN,Federal Contract Tower,0,16,7,0,23,0,0,34,12,46,0,16,41,12,69,22,150,172,241
09/13/2011,SBY,MD,AEA,EN,Federal Contract Tower,0,18,9,0,27,0,0,43,12,55,0,18,52,12,82,24,154,178,260
09/14/2011,SBY,MD,AEA,EN,Federal Contract Tower,0,22,2,6,30,0,0,34,13,47,0,22,36,19,77,38,120,158,235
09/15/2011,SBY,MD,AEA,EN,Federal Contract Tower,0,16,5,0,21,0,0,28,18,46,0,16,33,18,67,8,244,252,319
09/16/2011,SBY,MD,AEA,EN,Federal Contract Tower,0,20,15,0,35,0,0,44,11,55,0,20,59,11,90,78,104,182,272
09/17/2011,SBY,MD,AEA,EN,Federal Contract Tower,0,18,11,0,29,0,0,17,0,17,0,18,28,0,46,50,0,50,96
09/18/2011,SBY,MD,AEA,EN,Federal Contract Tower,0,23,10,0,33,0,0,16,0,16,0,23,26,0,49,0,0,0,49
09/19/2011,SBY,MD,AEA,EN,Federal Contract Tower,0,15,9,0,24,0,0,32,4,36,0,15,41,4,60,26,48,74,134
09/20/2011,SBY,MD,AEA,EN,Federal Contract Tower,0,19,10,6,35,0,0,35,2,37,0,19,45,8,72,22,24,46,118
09/21/2011,SBY,MD,AEA,EN,Federal Contract Tower,0,19,23,0,42,0,0,18,4,22,0,19,41,4,64,52,22,74,138
09/22/2011,SBY,MD,AEA,EN,Federal Contract Tower,0,17,8,6,31,0,0,10,9,19,0,17,18,15,50,2,40,42,92
09/23/2011,SBY,MD,AEA,EN,Federal Contract Tower,0,18,4,0,22,0,0,0,0,0,0,18,4,0,22,0,0,0,22
09/24/2011,SBY,MD,AEA,EN,Federal Contract Tower,0,20,14,0,34,0,0,0,0,0,0,20,14,0,34,0,0,0,34
09/25/2011,SBY,MD,AEA,EN,Federal Contract Tower,0,13,13,0,26,0,0,0,0,0,0,13,13,0,26,0,0,0,26
09/26/2011,SBY,MD,AEA,EN,Federal Contract Tower,0,17,11,0,28,0,0,35,2,37,0,17,46,2,65,54,28,82,147
09/27/2011,SBY,MD,AEA,EN,Federal Contract Tower,0,20,17,7,44,0,0,15,2,17,0,20,32,9,61,2,32,34,95
09/28/2011,SBY,MD,AEA,EN,Federal Contract Tower,0,22,7,2,31,0,0,30,5,35,0,22,37,7,66,42,28,70,136
09/29/2011,SBY,MD,AEA,EN,Federal Contract Tower,0,20,10,5,35,0,0,32,11,43,0,20,42,16,78,34,66,100,178
09/30/2011,SBY,MD,AEA,EN,Federal Contract Tower,0,18,13,0,31,0,0,63,6,69,0,18,76,6,100,114,42,156,256
10/01/2011,SBY,MD,AEA,EN,Federal Contract Tower,0,26,7,0,33,0,1,41,0,42,0,27,48,0,75,68,0,68,143
10/02/2011,SBY,MD,AEA,EN,Federal Contract Tower,0,14,7,0,21,0,0,35,0,35,0,14,42,0,56,104,0,104,160
10/03/2011,SBY,MD,AEA,EN,Federal Contract Tower,0,14,7,4,25,0,2,26,2,30,0,16,33,6,55,30,4,34,89
10/04/2011,SBY,MD,AEA,EN,Federal Contract Tower,0,17,7,8,32,0,0,34,12,46,0,17,41,20,78,26,72,98,176
10/05/2011,SBY,MD,AEA,EN,Federal Contract Tower,0,17,11,2,30,0,0,41,17,58,0,17,52,19,88,38,92,130,218
10/06/2011,SBY,MD,AEA,EN,Federal Contract Tower,0,21,12,1,34,0,0,45,9,54,0,21,57,10,88,66,26,92,180
10/07/2011,SBY,MD,AEA,EN,Federal Contract Tower,0,19,4,0,23,0,0,99,8,107,0,19,103,8,130,174,12,186,316
10/08/2011,SBY,MD,AEA,EN,Federal Contract Tower,0,18,11,0,29,0,1,56,0,57,0,19,67,0,86,50,0,50,136
10/09/2011,SBY,MD,AEA,EN,Federal Contract Tower,0,16,6,0,22,0,0,57,0,57,0,16,63,0,79,78,0,78,157
10/10/2011,SBY,MD,AEA,EN,Federal Contract Tower,0,14,7,0,21,0,0,38,0,38,0,14,45,0,59,46,0,46,105
10/11/2011,SBY,MD,AEA,EN,Federal Contract Tower,0,17,4,2,23,0,0,42,10,52,0,17,46,12,75,44,84,128,203
10/12/2011,SBY,MD,AEA,EN,Federal Contract Tower,0,19,8,2,29,0,0,8,7,15,0,19,16,9,44,2,32,34,78
10/13/2011,SBY,MD,AEA,EN,Federal Contract Tower,0,16,11,0,27,0,0,15,0,15,0,16,26,0,42,6,0,6,48
10/14/2011,SBY,MD,AEA,EN,Federal Contract Tower,0,16,3,0,19,0,0,42,4,46,0,16,45,4,65,26,4,30,95
10/15/2011,SBY,MD,AEA,EN,Federal Contract Tower,0,18,4,1,23,0,0,15,3,18,0,18,19,4,41,20,2,22,63
10/16/2011,SBY,MD,AEA,EN,Federal Contract Tower,0,13,2,0,15,0,0,50,0,50,0,13,52,0,65,74,0,74,139
10/17/2011,SBY,MD,AEA,EN,Federal Contract Tower,0,15,7,0,22,0,0,29,12,41,0,15,36,12,63,46,68,114,177
10/18/2011,SBY,MD,AEA,EN,Federal Contract Tower,0,18,9,4,31,0,0,58,18,76,0,18,67,22,107,104,138,242,349
10/19/2011,SBY,MD,AEA,EN,Federal Contract Tower,0,21,11,0,32,0,0,19,0,19,0,21,30,0,51,8,0,8,59
10/20/2011,SBY,MD,AEA,EN,Federal Contract Tower,0,16,16,2,34,0,0,17,25,42,0,16,33,27,76,6,96,102,178
10/21/2011,SBY,MD,AEA,EN,Federal Contract Tower,0,20,16,2,38,0,0,54,19,73,0,20,70,21,111,82,94,176,287
10/22/2011,SBY,MD,AEA,EN,Federal Contract Tower,0,18,8,0,26,0,0,47,0,47,0,18,55,0,73,52,0,52,125
10/23/2011,SBY,MD,AEA,EN,Federal Contract Tower,0,15,4,4,23,0,1,81,0,82,0,16,85,4,105,114,0,114,219
10/24/2011,SBY,MD,AEA,EN,Federal Contract Tower,0,16,21,9,46,0,0,44,11,55,0,16,65,20,101,64,114,178,279
10/25/2011,SBY,MD,AEA,EN,Federal Contract Tower,0,16,6,0,22,0,0,69,4,73,0,16,75,4,95,70,28,98,193
10/26/2011,SBY,MD,AEA,EN,Federal Contract Tower,0,22,7,10,39,0,6,36,21,63,0,28,43,31,102,70,120,190,292
10/27/2011,SBY,MD,AEA,EN,Federal Contract Tower,0,16,12,8,36,0,0,30,9,39,0,16,42,17,75,66,52,118,193
10/28/2011,SBY,MD,AEA,EN,Federal Contract Tower,0,16,8,0,24,0,2,30,10,42,0,18,38,10,66,38,50,88,154
10/29/2011,SBY,MD,AEA,EN,Federal Contract Tower,0,22,0,0,22,0,0,0,0,0,0,22,0,0,22,0,0,0,22
10/30/2011,SBY,MD,AEA,EN,Federal Contract Tower,0,16,8,0,24,0,0,80,0,80,0,16,88,0,104,190,0,190,294
10/31/2011,SBY,MD,AEA,EN,Federal Contract Tower,0,16,7,0,23,0,0,25,6,31,0,16,32,6,54,62,54,116,170
11/01/2011,SBY,MD,AEA,EN,Federal Contract Tower,0,17,17,1,35,0,0,18,4,22,0,17,35,5,57,8,30,38,95
11/02/2011,SBY,MD,AEA,EN,Federal Contract Tower,0,16,5,0,21,0,0,44,6,50,0,16,49,6,71,62,26,88,159
11/03/2011,SBY,MD,AEA,EN,Federal Contract Tower,0,19,9,1,29,0,0,36,12,48,0,19,45,13,77,36,64,100,177
11/04/2011,SBY,MD,AEA,EN,Federal Contract Tower,0,15,7,6,28,0,0,5,5,10,0,15,12,11,38,0,4,4,42
11/05/2011,SBY,MD,AEA,EN,Federal Contract Tower,0,17,4,0,21,0,0,23,2,25,0,17,27,2,46,22,4,26,72
11/06/2011,SBY,MD,AEA,EN,Federal Contract Tower,0,16,9,0,25,0,0,66,0,66,0,16,75,0,91,84,0,84,175
11/07/2011,SBY,MD,AEA,EN,Federal Contract Tower,0,16,4,1,21,0,0,32,1,33,0,16,36,2,54,60,10,70,124
11/08/2011,SBY,MD,AEA,EN,Federal Contract Tower,0,18,7,1,26,0,0,81,6,87,0,18,88,7,113,144,40,184,297
11/09/2011,SBY,MD,AEA,EN,Federal Contract Tower,0,16,5,0,21,0,0,39,6,45,0,16,44,6,66,26,26,52,118
11/10/2011,SBY,MD,AEA,EN,Federal Contract Tower,0,18,11,4,33,0,0,7,0,7,0,18,18,4,40,0,0,0,40
11/11/2011,SBY,MD,AEA,EN,Federal Contract Tower,0,20,12,0,32,0,0,23,0,23,0,20,35,0,55,26,0,26,81
11/12/2011,SBY,MD,AEA,EN,Federal Contract Tower,0,21,6,0,27,0,2,20,0,22,0,23,26,0,49,32,0,32,81
11/13/2011,SBY,MD,AEA,EN,Federal Contract Tower,0,14,2,0,16,0,0,33,0,33,0,14,35,0,49,72,0,72,121
11/14/2011,SBY,MD,AEA,EN,Federal Contract Tower,0,14,2,4,20,0,0,28,7,35,0,14,30,11,55,14,66,80,135
11/15/2011,SBY,MD,AEA,EN,Federal Contract Tower,0,19,10,1,30,0,0,39,10,49,0,19,49,11,79,38,18,56,135
11/16/2011,SBY,MD,AEA,EN,Federal Contract Tower,0,19,31,0,50,0,0,0,0,0,0,19,31,0,50,0,0,0,50
11/17/2011,SBY,MD,AEA,EN,Federal Contract Tower,0,20,5,0,25,0,0,2,6,8,0,20,7,6,33,0,2,2,35
11/18/2011,SBY,MD,AEA,EN,Federal Contract Tower,0,23,7,0,30,0,0,64,1,65,0,23,71,1,95,136,0,136,231
11/19/2011,SBY,MD,AEA,EN,Federal Contract Tower,0,19,3,0,22,0,0,40,0,40,0,19,43,0,62,96,0,96,158
11/20/2011,SBY,MD,AEA,EN,Federal Contract Tower,0,21,1,0,22,0,0,50,0,50,0,21,51,0,72,82,0,82,154
11/21/2011,SBY,MD,AEA,EN,Federal Contract Tower,0,19,16,4,39,0,0,0,0,0,0,19,16,4,39,0,0,0,39
11/22/2011,SBY,MD,AEA,EN,Federal Contract Tower,0,20,9,4,33,0,0,1,0,1,0,20,10,4,34,0,0,0,34
11/23/2011,SBY,MD,AEA,EN,Federal Contract Tower,0,23,7,2,32,0,0,21,32,53,0,23,28,34,85,0,38,38,123
11/24/2011,SBY,MD,AEA,EN,Federal Contract Tower,0,9,0,0,9,0,0,9,0,9,0,9,9,0,18,0,0,0,18
11/25/2011,SBY,MD,AEA,EN,Federal Contract Tower,0,14,3,0,17,0,0,37,0,37,0,14,40,0,54,42,0,42,96
11/26/2011,SBY,MD,AEA,EN,Federal Contract Tower,0,21,3,0,24,0,0,37,0,37,0,21,40,0,61,54,0,54,115
11/27/2011,SBY,MD,AEA,EN,Federal Contract Tower,0,16,3,0,19,0,0,38,0,38,0,16,41,0,57,80,0,80,137
11/28/2011,SBY,MD,AEA,EN,Federal Contract Tower,0,15,5,0,20,0,0,37,10,47,0,15,42,10,67,34,92,126,193
11/29/2011,SBY,MD,AEA,EN,Federal Contract Tower,0,24,7,2,33,0,0,0,2,2,0,24,7,4,35,0,12,12,47
11/30/2011,SBY,MD,AEA,EN,Federal Contract Tower,0,24,10,5,39,0,1,23,34,58,0,25,33,39,97,28,98,126,223
12/01/2011,SBY,MD,AEA,EN,Federal Contract Tower,0,18,6,2,26,0,2,31,13,46,0,20,37,15,72,36,62,98,170
12/02/2011,SBY,MD,AEA,EN,Federal Contract Tower,0,22,4,0,26,0,2,41,2,45,0,24,45,2,71,46,38,84,155
12/03/2011,SBY,MD,AEA,EN,Federal Contract Tower,0,19,2,2,23,0,0,45,2,47,0,19,47,4,70,70,22,92,162
12/04/2011,SBY,MD,AEA,EN,Federal Contract Tower,0,19,2,0,21,0,4,52,0,56,0,23,54,0,77,54,0,54,131
12/05/2011,SBY,MD,AEA,EN,Federal Contract Tower,0,15,4,0,19,0,0,38,2,40,0,15,42,2,59,10,36,46,105
12/06/2011,SBY,MD,AEA,EN,Federal Contract Tower,0,18,6,0,24,0,0,7,2,9,0,18,13,2,33,0,24,24,57
12/07/2011,SBY,MD,AEA,EN,Federal Contract Tower,0,17,5,0,22,0,0,5,2,7,0,17,10,2,29,0,20,20,49
12/08/2011,SBY,MD,AEA,EN,Federal Contract Tower,0,18,4,8,30,0,1,23,35,59,0,19,27,43,89,56,102,158,247
12/09/2011,SBY,MD,AEA,EN,Federal Contract Tower,0,21,9,7,37,0,0,30,10,40,0,21,39,17,77,48,52,100,177
12/10/2011,SBY,MD,AEA,EN,Federal Contract Tower,0,18,6,0,24,0,6,52,0,58,0,24,58,0,82,58,0,58,140
12/11/2011,SBY,MD,AEA,EN,Federal Contract Tower,0,14,2,0,16,0,0,66,4,70,0,14,68,4,86,84,0,84,170
12/12/2011,SBY,MD,AEA,EN,Federal Contract Tower,0,18,6,0,24,0,0,31,2,33,0,18,37,2,57,48,6,54,111
12/13/2011,SBY,MD,AEA,EN,Federal Contract Tower,0,21,7,0,28,0,0,41,4,45,0,21,48,4,73,88,50,138,211
12/14/2011,SBY,MD,AEA,EN,Federal Contract Tower,0,19,9,1,29,0,0,32,5,37,0,19,41,6,66,24,30,54,120
12/15/2011,SBY,MD,AEA,EN,Federal Contract Tower,0,21,10,1,32,0,0,22,24,46,0,21,32,25,78,42,84,126,204
12/16/2011,SBY,MD,AEA,EN,Federal Contract Tower,0,17,12,0,29,0,6,30,4,40,0,23,42,4,69,22,38,60,129
12/17/2011,SBY,MD,AEA,EN,Federal Contract Tower,0,22,4,0,26,0,2,63,0,65,0,24,67,0,91,98,0,98,189
12/18/2011,SBY,MD,AEA,EN,Federal Contract Tower,0,14,4,0,18,0,0,25,0,25,0,14,29,0,43,46,0,46,89
12/19/2011,SBY,MD,AEA,EN,Federal Contract Tower,0,19,1,0,20,0,0,27,16,43,0,19,28,16,63,18,14,32,95
12/20/2011,SBY,MD,AEA,EN,Federal Contract Tower,0,18,2,6,26,0,2,51,25,78,0,20,53,31,104,60,44,104,208
12/21/2011,SBY,MD,AEA,EN,Federal Contract Tower,0,20,0,0,20,0,2,2,2,6,0,22,2,2,26,0,34,34,60
12/22/2011,SBY,MD,AEA,EN,Federal Contract Tower,0,19,5,0,24,0,0,44,0,44,0,19,49,0,68,50,0,50,118
12/23/2011,SBY,MD,AEA,EN,Federal Contract Tower,0,20,1,0,21,0,0,0,0,0,0,20,1,0,21,0,0,0,21
12/24/2011,SBY,MD,AEA,EN,Federal Contract Tower,0,23,0,0,23,0,2,12,0,14,0,25,12,0,37,16,0,16,53
12/25/2011,SBY,MD,AEA,EN,Federal Contract Tower,0,14,0,0,14,0,0,19,0,19,0,14,19,0,33,0,0,0,33
12/26/2011,SBY,MD,AEA,EN,Federal Contract Tower,0,15,0,0,15,0,21,0,0,21,0,36,0,0,36,14,0,14,50
12/27/2011,SBY,MD,AEA,EN,Federal Contract Tower,0,18,6,2,26,0,0,8,2,10,0,18,14,4,36,12,2,14,50
12/28/2011,SBY,MD,AEA,EN,Federal Contract Tower,0,17,5,0,22,0,4,2,4,10,0,21,7,4,32,2,12,14,46
12/29/2011,SBY,MD,AEA,EN,Federal Contract Tower,0,16,4,0,20,0,4,76,16,96,0,20,80,16,116,112,106,218,334
12/30/2011,SBY,MD,AEA,EN,Federal Contract Tower,0,16,5,3,24,0,0,44,8,52,0,16,49,11,76,84,42,126,202
12/31/2011,SBY,MD,AEA,EN,Federal Contract Tower,0,19,5,0,24,0,4,39,0,43,0,23,44,0,67,74,0,74,141
01/01/2012,SBY,MD,AEA,EN,Federal Contract Tower,0,20,4,0,24,0,4,34,0,38,0,24,38,0,62,8,0,8,70
01/02/2012,SBY,MD,AEA,EN,Federal Contract Tower,0,14,2,0,16,0,0,28,0,28,0,14,30,0,44,46,0,46,90
01/03/2012,SBY,MD,AEA,EN,Federal Contract Tower,0,17,5,0,22,0,2,6,2,10,0,19,11,2,32,2,10,12,44
01/04/2012,SBY,MD,AEA,EN,Federal Contract Tower,0,20,1,1,22,0,0,23,5,28,0,20,24,6,50,26,36,62,112
01/05/2012,SBY,MD,AEA,EN,Federal Contract Tower,0,15,4,2,21,0,0,44,6,50,0,15,48,8,71,52,8,60,131
01/06/2012,SBY,MD,AEA,EN,Federal Contract Tower,0,17,6,3,26,0,0,52,25,77,0,17,58,28,103,46,118,164,267
01/07/2012,SBY,MD,AEA,EN,Federal Contract Tower,0,19,2,0,21,0,0,55,0,55,0,19,57,0,76,106,0,106,182
01/08/2012,SBY,MD,AEA,EN,Federal Contract Tower,0,13,2,0,15,0,0,40,0,40,0,13,42,0,55,48,0,48,103
01/09/2012,SBY,MD,AEA,EN,Federal Contract Tower,0,18,10,0,28,0,0,10,0,10,0,18,20,0,38,4,0,4,42
01/10/2012,SBY,MD,AEA,EN,Federal Contract Tower,0,20,2,0,22,0,0,34,16,50,0,20,36,16,72,32,70,102,174
01/11/2012,SBY,MD,AEA,EN,Federal Contract Tower,0,17,3,0,20,0,0,5,4,9,0,17,8,4,29,18,2,20,49
01/12/2012,SBY,MD,AEA,EN,Federal Contract Tower,0,16,6,1,23,0,0,50,22,72,0,16,56,23,95,70,100,170,265
01/13/2012,SBY,MD,AEA,EN,Federal Contract Tower,0,15,5,0,20,0,0,9,4,13,0,15,14,4,33,0,4,4,37
01/14/2012,SBY,MD,AEA,EN,Federal Contract Tower,0,17,2,0,19,0,0,21,0,21,0,17,23,0,40,44,0,44,84
01/15/2012,SBY,MD,AEA,EN,Federal Contract Tower,0,14,4,0,18,0,0,29,0,29,0,14,33,0,47,0,0,0,47
01/16/2012,SBY,MD,AEA,EN,Federal Contract Tower,0,22,4,0,26,0,0,53,0,53,0,22,57,0,79,66,0,66,145
01/17/2012,SBY,MD,AEA,EN,Federal Contract Tower,0,17,6,4,27,0,0,9,12,21,0,17,15,16,48,16,110,126,174
01/18/2012,SBY,MD,AEA,EN,Federal Contract Tower,0,16,7,1,24,0,0,17,15,32,0,16,24,16,56,28,102,130,186
01/19/2012,SBY,MD,AEA,EN,Federal Contract Tower,0,19,5,2,26,0,0,39,8,47,0,19,44,10,73,14,40,54,127
01/20/2012,SBY,MD,AEA,EN,Federal Contract Tower,0,22,3,9,34,0,0,47,4,51,0,22,50,13,85,58,24,82,167
01/21/2012,SBY,MD,AEA,EN,Federal Contract Tower,0,14,2,0,16,0,0,0,0,0,0,14,2,0,16,0,0,0,16
01/22/2012,SBY,MD,AEA,EN,Federal Contract Tower,0,14,3,0,17,0,0,2,1,3,0,14,5,1,20,0,0,0,20
01/23/2012,SBY,MD,AEA,EN,Federal Contract Tower,0,13,6,0,19,0,0,0,0,0,0,13,6,0,19,0,0,0,19
01/24/2012,SBY,MD,AEA,EN,Federal Contract Tower,0,17,13,17,47,0,0,39,10,49,0,17,52,27,96,54,92,146,242
01/25/2012,SBY,MD,AEA,EN,Federal Contract Tower,0,16,3,2,21,0,4,32,4,40,0,20,35,6,61,44,0,44,105
01/26/2012,SBY,MD,AEA,EN,Federal Contract Tower,0,18,9,5,32,0,0,12,5,17,0,18,21,10,49,14,24,38,87
01/27/2012,SBY,MD,AEA,EN,Federal Contract Tower,0,16,1,0,17,0,0,0,0,0,0,16,1,0,17,0,0,0,17
01/28/2012,SBY,MD,AEA,EN,Federal Contract Tower,0,15,5,0,20,0,0,53,0,53,0,15,58,0,73,84,0,84,157
01/29/2012,SBY,MD,AEA,EN,Federal Contract Tower,0,15,2,0,17,0,0,39,0,39,0,15,41,0,56,48,0,48,104
01/30/2012,SBY,MD,AEA,EN,Federal Contract Tower,0,16,4,2,22,0,0,53,6,59,0,16,57,8,81,82,62,144,225
01/31/2012,SBY,MD,AEA,EN,Federal Contract Tower,0,19,5,0,24,0,0,44,0,44,0,19,49,0,68,58,0,58,126
02/01/2012,SBY,MD,AEA,EN,Federal Contract Tower,0,15,7,4,26,0,2,17,8,27,0,17,24,12,53,30,64,94,147
02/02/2012,SBY,MD,AEA,EN,Federal Contract Tower,0,17,6,8,31,0,0,12,0,12,0,17,18,8,43,10,0,10,53
02/03/2012,SBY,MD,AEA,EN,Federal Contract Tower,0,17,3,3,23,0,0,41,3,44,0,17,44,6,67,60,22,82,149
02/04/2012,SBY,MD,AEA,EN,Federal Contract Tower,0,14,8,0,22,0,0,24,0,24,0,14,32,0,46,50,0,50,96
02/05/2012,SBY,MD,AEA,EN,Federal Contract Tower,0,13,4,0,17,0,0,18,0,18,0,13,22,0,35,50,0,50,85
02/06/2012,SBY,MD,AEA,EN,Federal Contract Tower,0,17,10,0,27,0,0,38,2,40,0,17,48,2,67,48,8,56,123
02/07/2012,SBY,MD,AEA,EN,Federal Contract Tower,0,17,5,2,24,0,0,8,4,12,0,17,13,6,36,114,44,158,194
02/08/2012,SBY,MD,AEA,EN,Federal Contract Tower,0,17,1,6,24,0,0,30,34,64,0,17,31,40,88,38,86,124,212
02/09/2012,SBY,MD,AEA,EN,Federal Contract Tower,0,19,1,5,25,0,0,28,19,47,0,19,29,24,72,38,48,86,158
02/10/2012,SBY,MD,AEA,EN,Federal Contract Tower,0,23,7,0,30,0,2,49,6,57,0,25,56,6,87,32,32,64,151
02/11/2012,SBY,MD,AEA,EN,Federal Contract Tower,0,15,0,0,15,0,0,0,0,0,0,15,0,0,15,0,0,0,15
02/12/2012,SBY,MD,AEA,EN,Federal Contract Tower,0,18,5,0,23,0,0,6,0,6,0,18,11,0,29,0,0,0,29
02/13/2012,SBY,MD,AEA,EN,Federal Contract Tower,0,17,5,8,30,0,0,29,2,31,0,17,34,10,61,10,32,42,103
02/14/2012,SBY,MD,AEA,EN,Federal Contract Tower,0,15,12,0,27,0,0,25,2,27,0,15,37,2,54,10,14,24,78
02/15/2012,SBY,MD,AEA,EN,Federal Contract Tower,0,14,11,0,25,0,2,28,11,41,0,16,39,11,66,50,62,112,178
02/16/2012,SBY,MD,AEA,EN,Federal Contract Tower,2,18,5,6,31,0,0,19,5,24,2,18,24,11,55,38,76,114,169
02/17/2012,SBY,MD,AEA,EN,Federal Contract Tower,0,20,5,0,25,0,2,47,10,59,0,22,52,10,84,34,96,130,214
02/18/2012,SBY,MD,AEA,EN,Federal Contract Tower,0,15,5,0,20,0,2,91,0,93,0,17,96,0,113,112,0,112,225
02/19/2012,SBY,MD,AEA,EN,Federal Contract Tower,2,13,0,0,15,0,2,22,0,24,2,15,22,0,39,16,0,16,55
02/20/2012,SBY,MD,AEA,EN,Federal Contract Tower,0,19,6,0,25,0,0,38,0,38,0,19,44,0,63,42,0,42,105
02/21/2012,SBY,MD,AEA,EN,Federal Contract Tower,0,12,7,6,25,0,0,36,16,52,0,12,43,22,77,24,114,138,215
02/22/2012,SBY,MD,AEA,EN,Federal Contract Tower,0,14,7,8,29,0,0,49,20,69,0,14,56,28,98,62,54,116,214
02/23/2012,SBY,MD,AEA,EN,Federal Contract Tower,2,15,8,3,28,0,0,56,24,80,2,15,64,27,108,68,70,138,246
02/24/2012,SBY,MD,AEA,EN,Federal Contract Tower,0,13,6,0,19,0,2,5,0,7,0,15,11,0,26,0,0,0,26
02/25/2012,SBY,MD,AEA,EN,Federal Contract Tower,0,17,2,0,19,0,0,8,0,8,0,17,10,0,27,0,0,0,27
02/26/2012,SBY,MD,AEA,EN,Federal Contract Tower,2,14,4,0,20,0,0,51,1,52,2,14,55,1,72,50,0,50,122
02/27/2012,SBY,MD,AEA,EN,Federal Contract Tower,0,18,13,4,35,0,0,46,6,52,0,18,59,10,87,8,42,50,137
02/28/2012,SBY,MD,AEA,EN,Federal Contract Tower,0,11,8,8,27,0,0,39,12,51,0,11,47,20,78,44,90,134,212
02/29/2012,SBY,MD,AEA,EN,Federal Contract Tower,0,12,6,0,18,0,2,3,0,5,0,14,9,0,23,0,0,0,23
03/01/2012,SBY,MD,AEA,EN,Federal Contract Tower,2,16,12,4,34,0,4,27,17,48,2,20,39,21,82,22,28,50,132
03/02/2012,SBY,MD,AEA,EN,Federal Contract Tower,0,25,7,7,39,0,2,13,11,26,0,27,20,18,65,12,48,60,125
03/03/2012,SBY,MD,AEA,EN,Federal Contract Tower,0,17,5,9,31,0,0,16,4,20,0,17,21,13,51,10,28,38,89
03/04/2012,SBY,MD,AEA,EN,Federal Contract Tower,1,15,9,0,25,0,4,24,0,28,1,19,33,0,53,34,0,34,87
03/05/2012,SBY,MD,AEA,EN,Federal Contract Tower,1,12,10,1,24,0,0,10,2,12,1,12,20,3,36,6,2,8,44
03/06/2012,SBY,MD,AEA,EN,Federal Contract Tower,0,15,7,3,25,0,0,39,29,68,0,15,46,32,93,16,126,142,235
03/07/2012,SBY,MD,AEA,EN,Federal Contract Tower,0,15,7,2,24,0,0,28,4,32,0,15,35,6,56,36,26,62,118
03/08/2012,SBY,MD,AEA,EN,Federal Contract Tower,2,14,12,11,39,0,2,9,43,54,2,16,21,54,93,6,34,40,133
03/09/2012,SBY,MD,AEA,EN,Federal Contract Tower,0,14,6,3,23,0,0,19,5,24,0,14,25,8,47,8,44,52,99
03/10/2012,SBY,MD,AEA,EN,Federal Contract Tower,0,19,7,0,26,0,0,50,0,50,0,19,57,0,76,48,0,48,124
03/11/2012,SBY,MD,AEA,EN,Federal Contract Tower,2,11,5,0,18,0,4,63,0,67,2,15,68,0,85,30,0,30,115
03/12/2012,SBY,MD,AEA,EN,Federal Contract Tower,0,18,11,0,29,0,0,33,6,39,0,18,44,6,68,6,72,78,146
03/13/2012,SBY,MD,AEA,EN,Federal Contract Tower,0,13,9,1,23,0,0,20,5,25,0,13,29,6,48,36,16,52,100
03/14/2012,SBY,MD,AEA,EN,Federal Contract Tower,0,17,6,0,23,0,0,55,23,78,0,17,61,23,101,84,146,230,331
03/15/2012,SBY,MD,AEA,EN,Federal Contract Tower,2,15,10,4,31,0,0,32,25,57,2,15,42,29,88,26,50,76,164
03/16/2012,SBY,MD,AEA,EN,Federal Contract Tower,0,16,7,3,26,0,0,9,16,25,0,16,16,19,51,0,28,28,79
03/17/2012,SBY,MD,AEA,EN,Federal Contract Tower,0,18,8,0,26,0,0,17,0,17,0,18,25,0,43,4,0,4,47
03/18/2012,SBY,MD,AEA,EN,Federal Contract Tower,2,14,5,0,21,0,0,24,0,24,2,14,29,0,45,24,0,24,69
03/19/2012,SBY,MD,AEA,EN,Federal Contract Tower,0,15,7,6,28,0,0,48,6,54,0,15,55,12,82,22,50,72,154
03/20/2012,SBY,MD,AEA,EN,Federal Contract Tower,0,18,13,16,47,0,0,10,4,14,0,18,23,20,61,16,52,68,129
03/21/2012,SBY,MD,AEA,EN,Federal Contract Tower,0,15,6,0,21,0,0,7,2,9,0,15,13,2,30,12,14,26,56
03/22/2012,SBY,MD,AEA,EN,Federal Contract Tower,2,15,8,0,25,0,0,42,2,44,2,15,50,2,69,36,16,52,121
03/23/2012,SBY,MD,AEA,EN,Federal Contract Tower,0,15,5,4,24,0,4,52,7,63,0,19,57,11,87,30,12,42,129
03/24/2012,SBY,MD,AEA,EN,Federal Contract Tower,0,17,1,0,18,0,0,0,0,0,0,17,1,0,18,0,0,0,18
03/25/2012,SBY,MD,AEA,EN,Federal Contract Tower,2,13,9,1,25,0,0,0,0,0,2,13,9,1,25,0,0,0,25
03/26/2012,SBY,MD,AEA,EN,Federal Contract Tower,0,13,9,0,22,0,0,16,2,18,0,13,25,2,40,0,0,0,40
03/27/2012,SBY,MD,AEA,EN,Federal Contract Tower,0,13,3,8,24,0,0,46,4,50,0,13,49,12,74,52,68,120,194
03/28/2012,SBY,MD,AEA,EN,Federal Contract Tower,0,12,9,3,24,0,0,26,14,40,0,12,35,17,64,32,62,94,158
03/29/2012,SBY,MD,AEA,EN,Federal Contract Tower,2,15,8,2,27,0,2,8,4,14,2,17,16,6,41,4,16,20,61
03/30/2012,SBY,MD,AEA,EN,Federal Contract Tower,0,18,5,4,27,0,0,57,8,65,0,18,62,12,92,36,44,80,172
03/31/2012,SBY,MD,AEA,EN,Federal Contract Tower,0,15,6,0,21,0,0,6,0,6,0,15,12,0,27,4,0,4,31
04/01/2012,SBY,MD,AEA,EN,Federal Contract Tower,2,13,7,0,22,0,0,54,0,54,2,13,61,0,76,36,0,36,112
04/02/2012,SBY,MD,AEA,EN,Federal Contract Tower,0,10,6,0,16,0,2,22,10,34,0,12,28,10,50,24,88,112,162
04/03/2012,SBY,MD,AEA,EN,Federal Contract Tower,0,15,4,0,19,0,0,44,6,50,0,15,48,6,69,50,108,158,227
04/04/2012,SBY,MD,AEA,EN,Federal Contract Tower,0,13,4,0,17,0,6,36,12,54,0,19,40,12,71,56,66,122,193
04/05/2012,SBY,MD,AEA,EN,Federal Contract Tower,1,15,3,4,23,0,0,51,5,56,1,15,54,9,79,44,56,100,179
04/06/2012,SBY,MD,AEA,EN,Federal Contract Tower,0,16,12,2,30,0,0,28,6,34,0,16,40,8,64,34,14,48,112
04/07/2012,SBY,MD,AEA,EN,Federal Contract Tower,0,15,6,0,21,0,0,25,0,25,0,15,31,0,46,26,0,26,72
04/08/2012,SBY,MD,AEA,EN,Federal Contract Tower,0,13,3,2,18,0,0,23,2,25,0,13,26,4,43,22,10,32,75
04/09/2012,SBY,MD,AEA,EN,Federal Contract Tower,2,14,2,1,19,0,4,10,4,18,2,18,12,5,37,0,0,0,37
04/10/2012,SBY,MD,AEA,EN,Federal Contract Tower,0,13,5,0,18,0,0,22,10,32,0,13,27,10,50,46,60,106,156
04/11/2012,SBY,MD,AEA,EN,Federal Contract Tower,0,14,5,0,19,0,3,31,6,40,0,17,36,6,59,46,52,98,157
04/12/2012,SBY,MD,AEA,EN,Federal Contract Tower,2,16,5,0,23,0,0,48,26,74,2,16,53,26,97,76,72,148,245
04/13/2012,SBY,MD,AEA,EN,Federal Contract Tower,0,15,16,0,31,0,0,71,10,81,0,15,87,10,112,82,42,124,236
04/14/2012,SBY,MD,AEA,EN,Federal Contract Tower,0,16,8,0,24,0,0,72,2,74,0,16,80,2,98,90,0,90,188
04/15/2012,SBY,MD,AEA,EN,Federal Contract Tower,2,13,4,0,19,0,0,43,0,43,2,13,47,0,62,18,0,18,80
04/16/2012,SBY,MD,AEA,EN,Federal Contract Tower,0,11,6,0,17,0,1,79,4,84,0,12,85,4,101,84,76,160,261
04/17/2012,SBY,MD,AEA,EN,Federal Contract Tower,0,14,7,2,23,0,0,36,10,46,0,14,43,12,69,40,90,130,199
04/18/2012,SBY,MD,AEA,EN,Federal Contract Tower,0,14,10,0,24,0,0,26,6,32,0,14,36,6,56,58,18,76,132
04/19/2012,SBY,MD,AEA,EN,Federal Contract Tower,2,14,8,1,25,0,1,26,4,31,2,15,34,5,56,34,20,54,110
04/20/2012,SBY,MD,AEA,EN,Federal Contract Tower,0,18,6,5,29,0,1,35,8,44,0,19,41,13,73,20,46,66,139
04/21/2012,SBY,MD,AEA,EN,Federal Contract Tower,0,15,11,0,26,0,0,58,0,58,0,15,69,0,84,142,0,142,226
04/22/2012,SBY,MD,AEA,EN,Federal Contract Tower,2,11,1,2,16,0,0,0,0,0,2,11,1,2,16,0,0,0,16
04/23/2012,SBY,MD,AEA,EN,Federal Contract Tower,0,14,7,2,23,0,0,8,0,8,0,14,15,2,31,0,0,0,31
04/24/2012,SBY,MD,AEA,EN,Federal Contract Tower,0,16,9,0,25,0,0,37,18,55,0,16,46,18,80,28,134,162,242
04/25/2012,SBY,MD,AEA,EN,Federal Contract Tower,0,16,10,0,26,0,2,37,2,41,0,18,47,2,67,42,24,66,133
04/26/2012,SBY,MD,AEA,EN,Federal Contract Tower,2,15,10,0,27,0,2,4,0,6,2,17,14,0,33,0,0,0,33
04/27/2012,SBY,MD,AEA,EN,Federal Contract Tower,0,16,5,2,23,0,0,26,4,30,0,16,31,6,53,6,56,62,115
04/28/2012,SBY,MD,AEA,EN,Federal Contract Tower,0,15,8,0,23,0,0,43,0,43,0,15,51,0,66,96,0,96,162
04/29/2012,SBY,MD,AEA,EN,Federal Contract Tower,2,10,5,0,17,0,0,86,0,86,2,10,91,0,103,84,0,84,187
04/30/2012,SBY,MD,AEA,EN,Federal Contract Tower,0,11,1,0,12,0,2,51,4,57,0,13,52,4,69,4,56,60,129
05/01/2012,SBY,MD,AEA,EN,Federal Contract Tower,0,13,4,0,17,0,0,7,6,13,0,13,11,6,30,4,26,30,60
05/02/2012,SBY,MD,AEA,EN,Federal Contract Tower,0,14,11,13,38,0,0,0,0,0,0,14,11,13,38,0,0,0,38
05/03/2012,SBY,MD,AEA,EN,Federal Contract Tower,2,13,4,0,19,0,0,37,4,41,2,13,41,4,60,72,22,94,154
05/04/2012,SBY,MD,AEA,EN,Federal Contract Tower,0,10,12,5,27,0,0,32,2,34,0,10,44,7,61,6,54,60,121
05/05/2012,SBY,MD,AEA,EN,Federal Contract Tower,0,13,12,0,25,0,4,13,0,17,0,17,25,0,42,38,0,38,80
05/06/2012,SBY,MD,AEA,EN,Federal Contract Tower,2,10,9,0,21,0,2,95,0,97,2,12,104,0,118,56,0,56,174
05/07/2012,SBY,MD,AEA,EN,Federal Contract Tower,0,10,3,1,14,0,0,77,6,83,0,10,80,7,97,36,116,152,249
05/08/2012,SBY,MD,AEA,EN,Federal Contract Tower,0,13,5,4,22,0,0,42,12,54,0,13,47,16,76,50,88,138,214
05/09/2012,SBY,MD,AEA,EN,Federal Contract Tower,0,11,11,0,22,0,6,9,0,15,0,17,20,0,37,0,0,0,37
05/10/2012,SBY,MD,AEA,EN,Federal Contract Tower,2,18,15,2,37,0,0,23,20,43,2,18,38,22,80,14,82,96,176
05/11/2012,SBY,MD,AEA,EN,Federal Contract Tower,0,17,3,6,26,0,0,32,5,37,0,17,35,11,63,50,44,94,157
05/12/2012,SBY,MD,AEA,EN,Federal Contract Tower,0,15,4,0,19,0,0,77,0,77,0,15,81,0,96,108,0,108,204
05/13/2012,SBY,MD,AEA,EN,Federal Contract Tower,2,13,4,0,19,0,0,44,0,44,2,13,48,0,63,54,0,54,117
05/14/2012,SBY,MD,AEA,EN,Federal Contract Tower,0,14,7,0,21,0,4,13,2,19,0,18,20,2,40,8,8,16,56
05/15/2012,SBY,MD,AEA,EN,Federal Contract Tower,0,13,5,0,18,0,0,13,2,15,0,13,18,2,33,0,8,8,41
05/16/2012,SBY,MD,AEA,EN,Federal Contract Tower,0,14,14,3,31,0,6,29,13,48,0,20,43,16,79,42,62,104,183
05/17/2012,SBY,MD,AEA,EN,Federal Contract Tower,2,17,7,4,30,0,0,51,8,59,2,17,58,12,89,68,10,78,167
05/18/2012,SBY,MD,AEA,EN,Federal Contract Tower,0,16,9,0,25,0,0,63,6,69,0,16,72,6,94,60,30,90,184
05/19/2012,SBY,MD,AEA,EN,Federal Contract Tower,0,13,11,0,24,0,0,98,0,98,0,13,109,0,122,152,56,208,330
05/20/2012,SBY,MD,AEA,EN,Federal Contract Tower,2,10,3,0,15,0,0,1,0,1,2,10,4,0,16,0,0,0,16
05/21/2012,SBY,MD,AEA,EN,Federal Contract Tower,0,10,1,6,17,0,2,15,0,17,0,12,16,6,34,4,0,4,38
05/22/2012,SBY,MD,AEA,EN,Federal Contract Tower,0,16,12,4,32,0,2,13,11,26,0,18,25,15,58,0,16,16,74
05/23/2012,SBY,MD,AEA,EN,Federal Contract Tower,0,15,5,0,20,0,0,29,6,35,0,15,34,6,55,80,20,100,155
05/24/2012,SBY,MD,AEA,EN,Federal Contract Tower,2,19,8,3,32,0,0,48,26,74,2,19,56,29,106,74,130,204,310
05/25/2012,SBY,MD,AEA,EN,Federal Contract Tower,0,17,14,0,31,0,0,48,3,51,0,17,62,3,82,0,0,0,82
05/26/2012,SBY,MD,AEA,EN,Federal Contract Tower,0,18,10,0,28,0,0,70,0,70,0,18,80,0,98,80,0,80,178
05/27/2012,SBY,MD,AEA,EN,Federal Contract Tower,2,12,0,0,14,0,0,44,0,44,2,12,44,0,58,58,0,58,116
05/28/2012,SBY,MD,AEA,EN,Federal Contract Tower,0,17,9,0,26,0,1,53,0,54,0,18,62,0,80,44,0,44,124
05/29/2012,SBY,MD,AEA,EN,Federal Contract Tower,0,13,9,1,23,0,0,21,11,32,0,13,30,12,55,24,44,68,123
05/30/2012,SBY,MD,AEA,EN,Federal Contract Tower,0,18,8,0,26,0,0,1,0,1,0,18,9,0,27,0,0,0,27
05/31/2012,SBY,MD,AEA,EN,Federal Contract Tower,2,15,11,2,30,0,0,34,23,57,2,15,45,25,87,48,52,100,187
06/01/2012,SBY,MD,AEA,EN,Federal Contract Tower,0,12,4,0,16,0,0,8,0,8,0,12,12,0,24,8,0,8,32
06/02/2012,SBY,MD,AEA,EN,Federal Contract Tower,0,18,6,0,24,0,4,51,0,55,0,22,57,0,79,66,0,66,145
06/03/2012,SBY,MD,AEA,EN,Federal Contract Tower,2,13,5,1,21,0,0,61,2,63,2,13,66,3,84,76,0,76,160
06/04/2012,SBY,MD,AEA,EN,Federal Contract Tower,0,14,3,13,30,0,0,28,4,32,0,14,31,17,62,6,46,52,114
06/05/2012,SBY,MD,AEA,EN,Federal Contract Tower,0,16,17,3,36,0,0,61,20,81,0,16,78,23,117,56,82,138,255
06/06/2012,SBY,MD,AEA,EN,Federal Contract Tower,0,17,10,2,29,0,2,45,7,54,0,19,55,9,83,64,42,106,189
06/07/2012,SBY,MD,AEA,EN,Federal Contract Tower,2,18,12,2,34,0,0,37,22,59,2,18,49,24,93,40,54,94,187
06/08/2012,SBY,MD,AEA,EN,Federal Contract Tower,0,19,13,0,32,0,0,47,19,66,0,19,60,19,98,96,64,160,258
06/09/2012,SBY,MD,AEA,EN,Federal Contract Tower,0,16,7,0,23,0,4,75,18,97,0,20,82,18,120,98,0,98,218
06/10/2012,SBY,MD,AEA,EN,Federal Contract Tower,2,12,9,0,23,0,0,82,23,105,2,12,91,23,128,80,0,80,208
06/11/2012,SBY,MD,AEA,EN,Federal Contract Tower,0,16,7,0,23,0,0,45,4,49,0,16,52,4,72,14,40,54,126
06/12/2012,SBY,MD,AEA,EN,Federal Contract Tower,0,16,8,10,34,0,2,0,0,2,0,18,8,10,36,0,0,0,36
06/13/2012,SBY,MD,AEA,EN,Federal Contract Tower,0,20,1,2,23,0,0,30,13,43,0,20,31,15,66,22,84,106,172
06/14/2012,SBY,MD,AEA,EN,Federal Contract Tower,0,22,4,1,27,0,2,13,9,24,0,24,17,10,51,6,76,82,133
06/15/2012,SBY,MD,AEA,EN,Federal Contract Tower,0,15,6,6,27,0,0,53,10,63,0,15,59,16,90,18,52,70,160
06/16/2012,SBY,MD,AEA,EN,Federal Contract Tower,0,19,5,0,24,0,0,57,0,57,0,19,62,0,81,48,0,48,129
06/17/2012,SBY,MD,AEA,EN,Federal Contract Tower,2,16,5,0,23,0,0,43,0,43,2,16,48,0,66,48,0,48,114
06/18/2012,SBY,MD,AEA,EN,Federal Contract Tower,0,20,11,2,33,0,0,29,4,33,0,20,40,6,66,16,48,64,130
06/19/2012,SBY,MD,AEA,EN,Federal Contract Tower,0,18,17,13,48,0,0,40,0,40,0,18,57,13,88,44,0,44,132
06/20/2012,SBY,MD,AEA,EN,Federal Contract Tower,0,17,3,6,26,0,2,47,6,55,0,19,50,12,81,69,28,97,178
06/21/2012,SBY,MD,AEA,EN,Federal Contract Tower,2,18,8,6,34,0,0,40,9,49,2,18,48,15,83,42,58,100,183
06/22/2012,SBY,MD,AEA,EN,Federal Contract Tower,0,17,6,0,23,0,0,19,0,19,0,17,25,0,42,22,0,22,64
06/23/2012,SBY,MD,AEA,EN,Federal Contract Tower,0,21,5,0,26,0,0,50,0,50,0,21,55,0,76,48,0,48,124
06/24/2012,SBY,MD,AEA,EN,Federal Contract Tower,2,15,9,0,26,0,0,34,0,34,2,15,43,0,60,50,0,50,110
06/25/2012,SBY,MD,AEA,EN,Federal Contract Tower,0,13,8,0,21,0,0,19,7,26,0,13,27,7,47,16,18,34,81
06/26/2012,SBY,MD,AEA,EN,Federal Contract Tower,0,21,8,0,29,0,0,57,2,59,0,21,65,2,88,56,0,56,144
06/27/2012,SBY,MD,AEA,EN,Federal Contract Tower,0,20,12,9,41,0,0,56,11,67,0,20,68,20,108,88,54,142,250
06/28/2012,SBY,MD,AEA,EN,Federal Contract Tower,2,21,5,0,28,0,0,22,4,26,2,21,27,4,54,28,14,42,96
06/29/2012,SBY,MD,AEA,EN,Federal Contract Tower,0,21,9,1,31,0,0,35,5,40,0,21,44,6,71,36,58,94,165
06/30/2012,SBY,MD,AEA,EN,Federal Contract Tower,0,18,11,0,29,0,4,42,0,46,0,22,53,0,75,82,0,82,157
07/01/2012,SBY,MD,AEA,EN,Federal Contract Tower,2,12,1,2,17,0,0,15,3,18,2,12,16,5,35,12,12,24,59
07/02/2012,SBY,MD,AEA,EN,Federal Contract Tower,0,16,7,0,23,0,0,20,2,22,0,16,27,2,45,26,0,26,71
07/03/2012,SBY,MD,AEA,EN,Federal Contract Tower,0,18,10,0,28,0,0,51,6,57,0,18,61,6,85,40,18,58,143
07/04/2012,SBY,MD,AEA,EN,Federal Contract Tower,0,11,1,0,12,0,6,14,0,20,0,17,15,0,32,14,0,14,46
07/05/2012,SBY,MD,AEA,EN,Federal Contract Tower,2,21,10,5,38,0,0,21,4,25,2,21,31,9,63,16,40,56,119
07/06/2012,SBY,MD,AEA,EN,Federal Contract Tower,0,21,9,0,30,0,0,30,6,36,0,21,39,6,66,28,36,64,130
07/07/2012,SBY,MD,AEA,EN,Federal Contract Tower,0,17,1,0,18,0,0,24,0,24,0,17,25,0,42,30,0,30,72
07/08/2012,SBY,MD,AEA,EN,Federal Contract Tower,2,15,8,0,25,0,0,12,0,12,2,15,20,0,37,16,0,16,53
07/09/2012,SBY,MD,AEA,EN,Federal Contract Tower,0,16,14,4,34,0,0,17,0,17,0,16,31,4,51,0,14,14,65
07/10/2012,SBY,MD,AEA,EN,Federal Contract Tower,0,18,5,0,23,0,0,43,6,49,0,18,48,6,72,60,30,90,162
07/11/2012,SBY,MD,AEA,EN,Federal Contract Tower,0,20,10,1,31,0,2,44,35,81,0,22,54,36,112,54,140,194,306
07/12/2012,SBY,MD,AEA,EN,Federal Contract Tower,2,20,15,0,37,0,5,41,12,58,2,25,56,12,95,102,88,190,285
07/13/2012,SBY,MD,AEA,EN,Federal Contract Tower,0,19,12,2,33,0,0,36,14,50,0,19,48,16,83,30,118,148,231
07/14/2012,SBY,MD,AEA,EN,Federal Contract Tower,0,17,6,1,24,0,0,9,2,11,0,17,15,3,35,0,8,8,43
07/15/2012,SBY,MD,AEA,EN,Federal Contract Tower,2,9,6,0,17,0,0,16,0,16,2,9,22,0,33,0,0,0,33
07/16/2012,SBY,MD,AEA,EN,Federal Contract Tower,0,15,9,0,24,0,2,36,18,56,0,17,45,18,80,10,70,80,160
07/17/2012,SBY,MD,AEA,EN,Federal Contract Tower,0,15,3,1,19,0,2,30,18,50,0,17,33,19,69,18,46,64,133
07/18/2012,SBY,MD,AEA,EN,Federal Contract Tower,0,17,9,0,26,0,2,26,12,40,0,19,35,12,66,6,42,48,114
07/19/2012,SBY,MD,AEA,EN,Federal Contract Tower,2,19,9,0,30,0,0,35,2,37,2,19,44,2,67,18,14,32,99
07/20/2012,SBY,MD,AEA,EN,Federal Contract Tower,0,19,12,0,31,0,0,7,8,15,0,19,19,8,46,6,56,62,108
07/21/2012,SBY,MD,AEA,EN,Federal Contract Tower,0,17,7,0,24,0,0,7,0,7,0,17,14,0,31,0,0,0,31
07/22/2012,SBY,MD,AEA,EN,Federal Contract Tower,2,17,5,0,24,0,0,20,0,20,2,17,25,0,44,22,0,22,66
07/23/2012,SBY,MD,AEA,EN,Federal Contract Tower,0,15,11,0,26,0,0,25,6,31,0,15,36,6,57,20,4,24,81
07/24/2012,SBY,MD,AEA,EN,Federal Contract Tower,0,18,5,0,23,0,2,25,27,54,0,20,30,27,77,16,28,44,121
07/25/2012,SBY,MD,AEA,EN,Federal Contract Tower,0,19,8,0,27,0,6,76,30,112,0,25,84,30,139,72,46,118,257
07/26/2012,SBY,MD,AEA,EN,Federal Contract Tower,2,18,12,0,32,0,0,42,14,56,2,18,54,14,88,36,20,56,144
07/27/2012,SBY,MD,AEA,EN,Federal Contract Tower,0,17,15,0,32,0,0,23,10,33,0,17,38,10,65,30,42,72,137
07/28/2012,SBY,MD,AEA,EN,Federal Contract Tower,0,16,7,1,24,0,0,28,0,28,0,16,35,1,52,4,0,4,56
07/29/2012,SBY,MD,AEA,EN,Federal Contract Tower,2,16,21,0,39,0,2,27,1,30,2,18,48,1,69,18,0,18,87
07/30/2012,SBY,MD,AEA,EN,Federal Contract Tower,0,14,10,0,24,0,0,38,7,45,0,14,48,7,69,24,22,46,115
07/31/2012,SBY,MD,AEA,EN,Federal Contract Tower,0,19,8,8,35,0,0,25,18,43,0,19,33,26,78,40,34,74,152
08/01/2012,SBY,MD,AEA,EN,Federal Contract Tower,0,19,7,7,33,0,2,24,7,33,0,21,31,14,66,60,70,130,196
08/02/2012,SBY,MD,AEA,EN,Federal Contract Tower,2,20,26,1,49,0,3,43,7,53,2,23,69,8,102,72,16,88,190
08/03/2012,SBY,MD,AEA,EN,Federal Contract Tower,0,16,13,0,29,0,2,22,0,24,0,18,35,0,53,10,0,10,63
08/04/2012,SBY,MD,AEA,EN,Federal Contract Tower,0,16,5,0,21,0,1,21,0,22,0,17,26,0,43,30,0,30,73
08/05/2012,SBY,MD,AEA,EN,Federal Contract Tower,2,14,6,0,22,0,1,18,0,19,2,15,24,0,41,4,0,4,45
08/06/2012,SBY,MD,AEA,EN,Federal Contract Tower,0,24,15,0,39,0,0,18,6,24,0,24,33,6,63,42,36,78,141
08/07/2012,SBY,MD,AEA,EN,Federal Contract Tower,0,17,10,0,27,0,0,42,2,44,0,17,52,2,71,50,18,68,139
08/08/2012,SBY,MD,AEA,EN,Federal Contract Tower,0,30,16,0,46,0,6,16,15,37,0,36,32,15,83,0,116,116,199
08/09/2012,SBY,MD,AEA,EN,Federal Contract Tower,2,19,10,0,31,0,19,42,3,64,2,38,52,3,95,32,4,36,131
08/10/2012,SBY,MD,AEA,EN,Federal Contract Tower,0,16,16,2,34,0,0,0,0,0,0,16,16,2,34,0,4,4,38
08/11/2012,SBY,MD,AEA,EN,Federal Contract Tower,0,21,14,0,35,0,0,0,0,0,0,21,14,0,35,0,0,0,35
08/12/2012,SBY,MD,AEA,EN,Federal Contract Tower,2,19,9,0,30,0,0,34,0,34,2,19,43,0,64,26,0,26,90
08/13/2012,SBY,MD,AEA,EN,Federal Contract Tower,0,15,7,0,22,0,2,43,12,57,0,17,50,12,79,40,106,146,225
08/14/2012,SBY,MD,AEA,EN,Federal Contract Tower,0,17,8,0,25,0,0,25,10,35,0,17,33,10,60,26,62,88,148
08/15/2012,SBY,MD,AEA,EN,Federal Contract Tower,0,25,9,0,34,0,0,40,6,46,0,25,49,6,80,40,28,68,148
08/16/2012,SBY,MD,AEA,EN,Federal Contract Tower,2,21,8,8,39,0,0,47,16,63,2,21,55,24,102,20,118,138,240
08/17/2012,SBY,MD,AEA,EN,Federal Contract Tower,0,25,3,2,30,0,0,33,6,39,0,25,36,8,69,40,36,76,145
08/18/2012,SBY,MD,AEA,EN,Federal Contract Tower,0,19,3,0,22,0,4,10,0,14,0,23,13,0,36,32,0,32,68
08/19/2012,SBY,MD,AEA,EN,Federal Contract Tower,2,13,17,0,32,0,0,18,0,18,2,13,35,0,50,44,0,44,94
08/20/2012,SBY,MD,AEA,EN,Federal Contract Tower,0,20,8,0,28,0,0,21,16,37,0,20,29,16,65,0,54,54,119
08/21/2012,SBY,MD,AEA,EN,Federal Contract Tower,0,16,16,8,40,0,0,52,18,70,0,16,68,26,110,50,106,156,266
08/22/2012,SBY,MD,AEA,EN,Federal Contract Tower,0,17,6,3,26,0,2,39,21,62,0,19,45,24,88,46,114,160,248
08/23/2012,SBY,MD,AEA,EN,Federal Contract Tower,2,19,18,4,43,0,0,49,19,68,2,19,67,23,111,86,112,198,309
08/24/2012,SBY,MD,AEA,EN,Federal Contract Tower,0,23,5,4,32,0,0,37,6,43,0,23,42,10,75,24,14,38,113
08/25/2012,SBY,MD,AEA,EN,Federal Contract Tower,0,16,2,0,18,0,0,4,0,4,0,16,6,0,22,2,0,2,24
08/26/2012,SBY,MD,AEA,EN,Federal Contract Tower,2,13,5,0,20,0,0,13,0,13,2,13,18,0,33,40,0,40,73
08/27/2012,SBY,MD,AEA,EN,Federal Contract Tower,0,17,5,2,24,0,0,20,4,24,0,17,25,6,48,0,36,36,84
08/28/2012,SBY,MD,AEA,EN,Federal Contract Tower,0,17,8,0,25,0,0,23,8,31,0,17,31,8,56,22,62,84,140
08/29/2012,SBY,MD,AEA,EN,Federal Contract Tower,0,19,11,4,34,0,0,26,13,39,0,19,37,17,73,18,76,94,167
08/30/2012,SBY,MD,AEA,EN,Federal Contract Tower,0,19,3,0,22,0,0,46,10,56,0,19,49,10,78,70,26,96,174
08/31/2012,SBY,MD,AEA,EN,Federal Contract Tower,0,17,7,8,32,0,2,60,2,64,0,19,67,10,96,60,14,74,170
09/01/2012,SBY,MD,AEA,EN,Federal Contract Tower,0,13,6,0,19,0,0,67,0,67,0,13,73,0,86,98,0,98,184
09/02/2012,SBY,MD,AEA,EN,Federal Contract Tower,0,5,3,0,8,0,0,7,0,7,0,5,10,0,15,18,0,18,33
09/03/2012,SBY,MD,AEA,EN,Federal Contract Tower,0,17,2,0,19,0,0,4,0,4,0,17,6,0,23,8,0,8,31
09/04/2012,SBY,MD,AEA,EN,Federal Contract Tower,0,18,16,6,40,0,2,60,14,76,0,20,76,20,116,62,70,132,248
09/05/2012,SBY,MD,AEA,EN,Federal Contract Tower,0,18,6,0,24,0,0,15,26,41,0,18,21,26,65,0,94,94,159
09/06/2012,SBY,MD,AEA,EN,Federal Contract Tower,0,17,6,0,23,0,0,4,0,4,0,17,10,0,27,16,0,16,43
09/07/2012,SBY,MD,AEA,EN,Federal Contract Tower,0,18,8,4,30,0,0,49,4,53,0,18,57,8,83,62,50,112,195
09/08/2012,SBY,MD,AEA,EN,Federal Contract Tower,0,14,1,0,15,0,0,4,0,4,0,14,5,0,19,0,0,0,19
09/09/2012,SBY,MD,AEA,EN,Federal Contract Tower,0,14,3,0,17,0,6,28,0,34,0,20,31,0,51,54,0,54,105
09/10/2012,SBY,MD,AEA,EN,Federal Contract Tower,0,18,11,0,29,0,1,18,18,37,0,19,29,18,66,10,58,68,134
09/11/2012,SBY,MD,AEA,EN,Federal Contract Tower,0,17,4,2,23,0,0,37,16,53,0,17,41,18,76,42,104,146,222
09/12/2012,SBY,MD,AEA,EN,Federal Contract Tower,0,20,8,1,29,0,2,55,10,67,0,22,63,11,96,12,28,40,136
09/13/2012,SBY,MD,AEA,EN,Federal Contract Tower,0,18,12,1,31,0,2,32,8,42,0,20,44,9,73,26,34,60,133
09/14/2012,SBY,MD,AEA,EN,Federal Contract Tower,0,18,8,0,26,0,0,50,8,58,0,18,58,8,84,76,66,142,226
09/15/2012,SBY,MD,AEA,EN,Federal Contract Tower,0,18,9,2,29,0,5,52,3,60,0,23,61,5,89,52,14,66,155
09/16/2012,SBY,MD,AEA,EN,Federal Contract Tower,0,13,7,0,20,0,0,35,0,35,0,13,42,0,55,44,0,44,99
09/17/2012,SBY,MD,AEA,EN,Federal Contract Tower,0,14,12,6,32,0,0,22,12,34,0,14,34,18,66,8,44,52,118
09/18/2012,SBY,MD,AEA,EN,Federal Contract Tower,0,23,1,0,24,0,0,4,2,6,0,23,5,2,30,0,26,26,56
09/19/2012,SBY,MD,AEA,EN,Federal Contract Tower,0,20,8,0,28,0,2,49,14,65,0,22,57,14,93,64,60,124,217
09/20/2012,SBY,MD,AEA,EN,Federal Contract Tower,0,17,15,0,32,0,0,26,16,42,0,17,41,16,74,10,68,78,152
09/21/2012,SBY,MD,AEA,EN,Federal Contract Tower,0,20,11,1,32,0,0,81,6,87,0,20,92,7,119,52,104,156,275
09/22/2012,SBY,MD,AEA,EN,Federal Contract Tower,0,12,4,0,16,0,2,44,0,46,0,14,48,0,62,32,0,32,94
09/23/2012,SBY,MD,AEA,EN,Federal Contract Tower,0,13,2,0,15,0,0,49,0,49,0,13,51,0,64,76,0,76,140
09/24/2012,SBY,MD,AEA,EN,Federal Contract Tower,0,16,12,0,28,0,0,45,14,59,0,16,57,14,87,42,142,184,271
09/25/2012,SBY,MD,AEA,EN,Federal Contract Tower,0,17,13,0,30,0,0,29,0,29,0,17,42,0,59,34,0,34,93
09/26/2012,SBY,MD,AEA,EN,Federal Contract Tower,0,21,22,6,49,0,11,34,5,50,0,32,56,11,99,14,28,42,141
09/27/2012,SBY,MD,AEA,EN,Federal Contract Tower,0,17,11,0,28,0,0,21,4,25,0,17,32,4,53,32,20,52,105
09/28/2012,SBY,MD,AEA,EN,Federal Contract Tower,0,20,9,0,29,0,0,20,10,30,0,20,29,10,59,20,62,82,141
09/29/2012,SBY,MD,AEA,EN,Federal Contract Tower,0,13,4,0,17,0,2,29,0,31,0,15,33,0,48,48,0,48,96
09/30/2012,SBY,MD,AEA,EN,Federal Contract Tower,0,12,8,2,22,0,1,38,0,39,0,13,46,2,61,56,0,56,117
10/01/2012,SBY,MD,AEA,EN,Federal Contract Tower,0,14,7,0,21,0,0,43,14,57,0,14,50,14,78,52,62,114,192
10/02/2012,SBY,MD,AEA,EN,Federal Contract Tower,0,17,14,1,32,0,0,2,0,2,0,17,16,1,34,14,0,14,48
10/03/2012,SBY,MD,AEA,EN,Federal Contract Tower,0,18,7,3,28,0,3,57,8,68,0,21,64,11,96,56,20,76,172
10/04/2012,SBY,MD,AEA,EN,Federal Contract Tower,0,19,6,0,25,0,0,11,8,19,0,19,17,8,44,0,26,26,70
10/05/2012,SBY,MD,AEA,EN,Federal Contract Tower,0,19,9,0,28,0,0,15,2,17,0,19,24,2,45,16,16,32,77
10/06/2012,SBY,MD,AEA,EN,Federal Contract Tower,0,13,1,0,14,0,2,50,4,56,0,15,51,4,70,84,0,84,154
10/07/2012,SBY,MD,AEA,EN,Federal Contract Tower,0,13,9,0,22,0,0,0,0,0,0,13,9,0,22,0,0,0,22
10/08/2012,SBY,MD,AEA,EN,Federal Contract Tower,0,16,5,0,21,0,0,16,0,16,0,16,21,0,37,30,0,30,67
10/09/2012,SBY,MD,AEA,EN,Federal Contract Tower,0,23,17,5,45,0,0,0,0,0,0,23,17,5,45,0,0,0,45
10/10/2012,SBY,MD,AEA,EN,Federal Contract Tower,0,23,12,0,35,0,4,19,11,34,0,27,31,11,69,12,34,46,115
10/11/2012,SBY,MD,AEA,EN,Federal Contract Tower,0,17,6,3,26,0,0,40,14,54,0,17,46,17,80,56,84,140,220
10/12/2012,SBY,MD,AEA,EN,Federal Contract Tower,0,20,3,2,25,0,0,33,2,35,0,20,36,4,60,52,10,62,122
10/13/2012,SBY,MD,AEA,EN,Federal Contract Tower,0,14,3,0,17,0,6,53,0,59,0,20,56,0,76,96,0,96,172
10/14/2012,SBY,MD,AEA,EN,Federal Contract Tower,0,16,3,0,19,0,0,37,0,37,0,16,40,0,56,26,0,26,82
10/15/2012,SBY,MD,AEA,EN,Federal Contract Tower,0,18,3,0,21,0,0,6,2,8,0,18,9,2,29,4,4,8,37
10/16/2012,SBY,MD,AEA,EN,Federal Contract Tower,0,18,8,2,28,0,2,68,12,82,0,20,76,14,110,68,116,184,294
10/17/2012,SBY,MD,AEA,EN,Federal Contract Tower,0,18,7,6,31,0,2,48,7,57,0,20,55,13,88,92,74,166,254
10/18/2012,SBY,MD,AEA,EN,Federal Contract Tower,0,17,13,2,32,0,0,24,6,30,0,17,37,8,62,40,68,108,170
10/19/2012,SBY,MD,AEA,EN,Federal Contract Tower,0,19,12,0,31,0,0,12,3,15,0,19,24,3,46,8,38,46,92
10/20/2012,SBY,MD,AEA,EN,Federal Contract Tower,0,12,2,0,14,0,6,47,5,58,0,18,49,5,72,58,10,68,140
10/21/2012,SBY,MD,AEA,EN,Federal Contract Tower,2,11,6,0,19,0,0,36,0,36,2,11,42,0,55,18,0,18,73
10/22/2012,SBY,MD,AEA,EN,Federal Contract Tower,0,14,4,2,20,0,0,21,18,39,0,14,25,20,59,34,88,122,181
10/23/2012,SBY,MD,AEA,EN,Federal Contract Tower,0,16,7,6,29,0,0,34,6,40,0,16,41,12,69,14,12,26,95
10/24/2012,SBY,MD,AEA,EN,Federal Contract Tower,0,20,11,2,33,0,2,28,13,43,0,22,39,15,76,20,38,58,134
10/25/2012,SBY,MD,AEA,EN,Federal Contract Tower,2,17,8,16,43,0,0,0,3,3,2,17,8,19,46,0,52,52,98
10/26/2012,SBY,MD,AEA,EN,Federal Contract Tower,0,22,24,2,48,0,0,21,2,23,0,22,45,4,71,0,4,4,75
10/27/2012,SBY,MD,AEA,EN,Federal Contract Tower,0,18,10,0,28,0,0,19,0,19,0,18,29,0,47,0,0,0,47
10/28/2012,SBY,MD,AEA,EN,Federal Contract Tower,2,14,3,0,19,0,0,0,0,0,2,14,3,0,19,0,0,0,19
10/29/2012,SBY,MD,AEA,EN,Federal Contract Tower,0,5,0,0,5,0,0,0,0,0,0,5,0,0,5,0,0,0,5
10/30/2012,SBY,MD,AEA,EN,Federal Contract Tower,0,8,2,0,10,0,0,18,2,20,0,8,20,2,30,0,0,0,30
10/31/2012,SBY,MD,AEA,EN,Federal Contract Tower,0,21,1,0,22,0,0,26,8,34,0,21,27,8,56,0,0,0,56
11/01/2012,SBY,MD,AEA,EN,Federal Contract Tower,2,18,11,0,31,0,0,27,16,43,2,18,38,16,74,12,2,14,88
11/02/2012,SBY,MD,AEA,EN,Federal Contract Tower,0,17,11,2,30,0,2,15,10,27,0,19,26,12,57,16,32,48,105
11/03/2012,SBY,MD,AEA,EN,Federal Contract Tower,0,12,3,0,15,0,0,59,3,62,0,12,62,3,77,40,6,46,123
11/04/2012,SBY,MD,AEA,EN,Federal Contract Tower,2,15,4,1,22,0,0,20,6,26,2,15,24,7,48,10,34,44,92
11/05/2012,SBY,MD,AEA,EN,Federal Contract Tower,0,13,13,2,28,0,3,40,6,49,0,16,53,8,77,64,34,98,175
11/06/2012,SBY,MD,AEA,EN,Federal Contract Tower,0,18,6,2,26,0,2,37,22,61,0,20,43,24,87,34,32,66,153
11/07/2012,SBY,MD,AEA,EN,Federal Contract Tower,0,26,4,2,32,0,0,1,5,6,0,26,5,7,38,0,0,0,38
11/08/2012,SBY,MD,AEA,EN,Federal Contract Tower,2,22,2,0,26,0,2,21,14,37,2,24,23,14,63,10,14,24,87
11/09/2012,SBY,MD,AEA,EN,Federal Contract Tower,0,19,10,2,31,0,0,45,6,51,0,19,55,8,82,48,26,74,156
11/10/2012,SBY,MD,AEA,EN,Federal Contract Tower,0,12,7,0,19,0,0,60,0,60,0,12,67,0,79,66,0,66,145
11/11/2012,SBY,MD,AEA,EN,Federal Contract Tower,2,13,2,0,17,0,2,34,6,42,2,15,36,6,59,22,6,28,87
11/12/2012,SBY,MD,AEA,EN,Federal Contract Tower,0,16,2,0,18,0,0,39,0,39,0,16,41,0,57,16,0,16,73
11/13/2012,SBY,MD,AEA,EN,Federal Contract Tower,0,19,12,2,33,0,0,4,0,4,0,19,16,2,37,0,0,0,37
11/14/2012,SBY,MD,AEA,EN,Federal Contract Tower,0,20,10,3,33,0,0,53,16,69,0,20,63,19,102,56,70,126,228
11/15/2012,SBY,MD,AEA,EN,Federal Contract Tower,2,19,5,9,35,0,0,17,22,39,2,19,22,31,74,28,58,86,160
11/16/2012,SBY,MD,AEA,EN,Federal Contract Tower,0,16,6,0,22,0,0,33,17,50,0,16,39,17,72,22,94,116,188
11/17/2012,SBY,MD,AEA,EN,Federal Contract Tower,0,15,8,0,23,0,0,42,0,42,0,15,50,0,65,44,0,44,109
11/18/2012,SBY,MD,AEA,EN,Federal Contract Tower,2,15,4,0,21,0,0,38,0,38,2,15,42,0,59,118,0,118,177
11/19/2012,SBY,MD,AEA,EN,Federal Contract Tower,0,13,13,0,26,0,0,3,0,3,0,13,16,0,29,0,0,0,29
11/20/2012,SBY,MD,AEA,EN,Federal Contract Tower,0,22,7,4,33,0,0,42,4,46,0,22,49,8,79,32,26,58,137
11/21/2012,SBY,MD,AEA,EN,Federal Contract Tower,2,25,5,2,34,0,2,46,8,56,2,27,51,10,90,50,86,136,226
11/22/2012,SBY,MD,AEA,EN,Federal Contract Tower,0,6,0,0,6,0,0,10,0,10,0,6,10,0,16,22,0,22,38
11/23/2012,SBY,MD,AEA,EN,Federal Contract Tower,0,14,3,0,17,0,0,21,0,21,0,14,24,0,38,34,0,34,72
11/24/2012,SBY,MD,AEA,EN,Federal Contract Tower,0,12,2,0,14,0,0,16,0,16,0,12,18,0,30,26,0,26,56
11/25/2012,SBY,MD,AEA,EN,Federal Contract Tower,2,18,6,0,26,0,2,20,0,22,2,20,26,0,48,38,0,38,86
11/26/2012,SBY,MD,AEA,EN,Federal Contract Tower,0,19,6,2,27,0,2,50,6,58,0,21,56,8,85,44,12,56,141
11/27/2012,SBY,MD,AEA,EN,Federal Contract Tower,0,20,6,2,28,0,0,15,0,15,0,20,21,2,43,16,0,16,59
11/28/2012,SBY,MD,AEA,EN,Federal Contract Tower,0,21,11,11,43,0,0,30,4,34,0,21,41,15,77,32,18,50,127
11/29/2012,SBY,MD,AEA,EN,Federal Contract Tower,2,21,9,3,35,0,0,36,17,53,2,21,45,20,88,70,64,134,222
11/30/2012,SBY,MD,AEA,EN,Federal Contract Tower,0,17,5,1,23,0,0,23,6,29,0,17,28,7,52,40,32,72,124
12/01/2012,SBY,MD,AEA,EN,Federal Contract Tower,0,17,5,0,22,0,0,38,0,38,0,17,43,0,60,64,0,64,124
12/02/2012,SBY,MD,AEA,EN,Federal Contract Tower,2,15,3,0,20,0,0,33,0,33,2,15,36,0,53,40,0,40,93
12/03/2012,SBY,MD,AEA,EN,Federal Contract Tower,0,16,7,0,23,0,0,47,0,47,0,16,54,0,70,6,0,6,76
12/04/2012,SBY,MD,AEA,EN,Federal Contract Tower,0,18,4,4,26,0,2,22,14,38,0,20,26,18,64,46,56,102,166
12/05/2012,SBY,MD,AEA,EN,Federal Contract Tower,0,18,9,5,32,0,4,33,15,52,0,22,42,20,84,48,46,94,178
12/06/2012,SBY,MD,AEA,EN,Federal Contract Tower,2,18,4,2,26,0,0,19,10,29,2,18,23,12,55,30,26,56,111
12/07/2012,SBY,MD,AEA,EN,Federal Contract Tower,0,17,8,0,25,0,0,9,4,13,0,17,17,4,38,2,0,2,40
12/08/2012,SBY,MD,AEA,EN,Federal Contract Tower,0,11,1,0,12,0,0,0,0,0,0,11,1,0,12,0,0,0,12
12/09/2012,SBY,MD,AEA,EN,Federal Contract Tower,2,11,3,0,16,0,0,0,0,0,2,11,3,0,16,0,0,0,16
12/10/2012,SBY,MD,AEA,EN,Federal Contract Tower,0,15,7,0,22,0,0,8,0,8,0,15,15,0,30,0,0,0,30
12/11/2012,SBY,MD,AEA,EN,Federal Contract Tower,0,17,11,3,31,0,2,22,22,46,0,19,33,25,77,10,120,130,207
12/12/2012,SBY,MD,AEA,EN,Federal Contract Tower,0,17,3,6,26,0,0,31,27,58,0,17,34,33,84,38,64,102,186
12/13/2012,SBY,MD,AEA,EN,Federal Contract Tower,1,18,8,0,27,0,0,58,6,64,1,18,66,6,91,114,34,148,239
12/14/2012,SBY,MD,AEA,EN,Federal Contract Tower,0,16,6,3,25,0,0,53,1,54,0,16,59,4,79,110,0,110,189
12/15/2012,SBY,MD,AEA,EN,Federal Contract Tower,0,12,3,0,15,0,2,49,2,53,0,14,52,2,68,62,4,66,134
12/16/2012,SBY,MD,AEA,EN,Federal Contract Tower,2,13,5,2,22,0,0,0,0,0,2,13,5,2,22,0,0,0,22
12/17/2012,SBY,MD,AEA,EN,Federal Contract Tower,0,16,9,0,25,0,0,0,0,0,0,16,9,0,25,0,0,0,25
12/18/2012,SBY,MD,AEA,EN,Federal Contract Tower,0,15,3,4,22,0,0,25,2,27,0,15,28,6,49,20,16,36,85
12/19/2012,SBY,MD,AEA,EN,Federal Contract Tower,0,19,8,0,27,0,0,31,13,44,0,19,39,13,71,32,46,78,149
12/20/2012,SBY,MD,AEA,EN,Federal Contract Tower,2,17,6,2,27,0,0,18,6,24,2,17,24,8,51,18,48,66,117
12/21/2012,SBY,MD,AEA,EN,Federal Contract Tower,0,21,4,0,25,0,0,6,2,8,0,21,10,2,33,0,0,0,33
12/22/2012,SBY,MD,AEA,EN,Federal Contract Tower,0,17,2,0,19,0,1,1,0,2,0,18,3,0,21,0,0,0,21
12/23/2012,SBY,MD,AEA,EN,Federal Contract Tower,2,11,1,0,14,0,0,31,0,31,2,11,32,0,45,36,0,36,81
12/24/2012,SBY,MD,AEA,EN,Federal Contract Tower,0,14,0,0,14,0,0,0,0,0,0,14,0,0,14,0,0,0,14
12/25/2012,SBY,MD,AEA,EN,Federal Contract Tower,0,9,0,0,9,0,2,4,0,6,0,11,4,0,15,2,0,2,17
12/26/2012,SBY,MD,AEA,EN,Federal Contract Tower,0,18,2,0,20,0,0,0,0,0,0,18,2,0,20,0,0,0,20
12/27/2012,SBY,MD,AEA,EN,Federal Contract Tower,2,20,3,1,26,0,0,2,1,3,2,20,5,2,29,2,24,26,55
12/28/2012,SBY,MD,AEA,EN,Federal Contract Tower,0,20,6,9,35,0,4,28,8,40,0,24,34,17,75,40,40,80,155
12/29/2012,SBY,MD,AEA,EN,Federal Contract Tower,0,10,0,0,10,0,0,2,0,2,0,10,2,0,12,0,0,0,12
12/30/2012,SBY,MD,AEA,EN,Federal Contract Tower,2,11,6,0,19,0,0,6,0,6,2,11,12,0,25,4,0,4,29
12/31/2012,SBY,MD,AEA,EN,Federal Contract Tower,0,15,5,0,20,0,0,33,0,33,0,15,38,0,53,60,0,60,113
01/01/2013,SBY,MD,AEA,EN,Federal Contract Tower,0,12,1,0,13,0,0,6,0,6,0,12,7,0,19,2,0,2,21
01/02/2013,SBY,MD,AEA,EN,Federal Contract Tower,0,19,8,0,27,0,0,14,2,16,0,19,22,2,43,40,22,62,105
01/03/2013,SBY,MD,AEA,EN,Federal Contract Tower,2,20,3,0,25,0,0,43,10,53,2,20,46,10,78,42,34,76,154
01/04/2013,SBY,MD,AEA,EN,Federal Contract Tower,0,17,2,4,23,0,0,23,8,31,0,17,25,12,54,0,18,18,72
01/05/2013,SBY,MD,AEA,EN,Federal Contract Tower,0,14,4,0,18,0,2,60,0,62,0,16,64,0,80,68,0,68,148
01/06/2013,SBY,MD,AEA,EN,Federal Contract Tower,2,15,4,0,21,0,0,34,0,34,2,15,38,0,55,18,0,18,73
01/07/2013,SBY,MD,AEA,EN,Federal Contract Tower,0,17,4,0,21,0,2,13,2,17,0,19,17,2,38,14,14,28,66
01/08/2013,SBY,MD,AEA,EN,Federal Contract Tower,0,22,12,2,36,0,2,53,0,55,0,24,65,2,91,18,44,62,153
01/09/2013,SBY,MD,AEA,EN,Federal Contract Tower,0,20,2,10,32,0,2,34,22,58,0,22,36,32,90,48,90,138,228
01/10/2013,SBY,MD,AEA,EN,Federal Contract Tower,0,18,3,1,22,0,0,22,10,32,0,18,25,11,54,22,56,78,132
01/11/2013,SBY,MD,AEA,EN,Federal Contract Tower,0,16,3,0,19,0,0,15,6,21,0,16,18,6,40,6,42,48,88
01/12/2013,SBY,MD,AEA,EN,Federal Contract Tower,0,14,3,0,17,0,0,13,0,13,0,14,16,0,30,22,0,22,52
01/13/2013,SBY,MD,AEA,EN,Federal Contract Tower,0,14,6,0,20,0,0,0,0,0,0,14,6,0,20,0,0,0,20
01/14/2013,SBY,MD,AEA,EN,Federal Contract Tower,0,15,9,2,26,0,0,9,0,9,0,15,18,2,35,0,0,0,35
01/15/2013,SBY,MD,AEA,EN,Federal Contract Tower,0,26,8,4,38,0,0,0,0,0,0,26,8,4,38,0,0,0,38
01/16/2013,SBY,MD,AEA,EN,Federal Contract Tower,0,18,6,0,24,0,0,0,0,0,0,18,6,0,24,0,0,0,24
01/17/2013,SBY,MD,AEA,EN,Federal Contract Tower,0,18,3,4,25,0,0,0,0,0,0,18,3,4,25,0,0,0,25
01/18/2013,SBY,MD,AEA,EN,Federal Contract Tower,0,17,5,2,24,0,0,18,4,22,0,17,23,6,46,34,32,66,112
01/19/2013,SBY,MD,AEA,EN,Federal Contract Tower,0,12,1,0,13,0,2,19,0,21,0,14,20,0,34,20,0,20,54
01/20/2013,SBY,MD,AEA,EN,Federal Contract Tower,0,12,6,0,18,0,1,34,0,35,0,13,40,0,53,14,0,14,67
01/21/2013,SBY,MD,AEA,EN,Federal Contract Tower,0,19,2,0,21,0,2,28,0,30,0,21,30,0,51,26,0,26,77
01/22/2013,SBY,MD,AEA,EN,Federal Contract Tower,0,20,4,0,24,0,0,13,2,15,0,20,17,2,39,20,14,34,73
01/23/2013,SBY,MD,AEA,EN,Federal Contract Tower,0,18,9,8,35,0,0,22,25,47,0,18,31,33,82,18,138,156,238
01/24/2013,SBY,MD,AEA,EN,Federal Contract Tower,0,22,5,0,27,0,2,20,6,28,0,24,25,6,55,28,30,58,113
01/25/2013,SBY,MD,AEA,EN,Federal Contract Tower,0,19,3,0,22,0,0,15,2,17,0,19,18,2,39,8,2,10,49
01/26/2013,SBY,MD,AEA,EN,Federal Contract Tower,0,12,2,0,14,0,2,29,0,31,0,14,31,0,45,32,0,32,77
01/27/2013,SBY,MD,AEA,EN,Federal Contract Tower,0,12,6,0,18,0,0,34,0,34,0,12,40,0,52,34,0,34,86
01/28/2013,SBY,MD,AEA,EN,Federal Contract Tower,0,16,1,0,17,0,2,4,0,6,0,18,5,0,23,10,0,10,33
01/29/2013,SBY,MD,AEA,EN,Federal Contract Tower,0,25,8,4,37,0,7,53,6,66,0,32,61,10,103,50,34,84,187
01/30/2013,SBY,MD,AEA,EN,Federal Contract Tower,0,20,8,5,33,0,0,11,4,15,0,20,19,9,48,44,20,64,112
01/31/2013,SBY,MD,AEA,EN,Federal Contract Tower,0,32,9,0,41,0,0,4,3,7,0,32,13,3,48,4,20,24,72
02/01/2013,SBY,MD,AEA,EN,Federal Contract Tower,0,19,2,2,23,0,0,3,6,9,0,19,5,8,32,0,26,26,58
02/02/2013,SBY,MD,AEA,EN,Federal Contract Tower,0,14,3,1,18,0,0,28,12,40,0,14,31,13,58,40,66,106,164
02/03/2013,SBY,MD,AEA,EN,Federal Contract Tower,0,16,1,0,17,0,3,4,4,11,0,19,5,4,28,0,46,46,74
02/04/2013,SBY,MD,AEA,EN,Federal Contract Tower,0,17,4,0,21,0,0,32,4,36,0,17,36,4,57,60,66,126,183
02/05/2013,SBY,MD,AEA,EN,Federal Contract Tower,0,19,6,0,25,0,0,20,40,60,0,19,26,40,85,16,108,124,209
02/06/2013,SBY,MD,AEA,EN,Federal Contract Tower,0,20,5,11,36,0,3,44,44,91,0,23,49,55,127,24,88,112,239
02/07/2013,SBY,MD,AEA,EN,Federal Contract Tower,0,18,7,0,25,0,0,22,17,39,0,18,29,17,64,6,100,106,170
02/08/2013,SBY,MD,AEA,EN,Federal Contract Tower,0,18,3,0,21,0,0,0,0,0,0,18,3,0,21,0,0,0,21
02/09/2013,SBY,MD,AEA,EN,Federal Contract Tower,0,13,4,0,17,0,2,13,0,15,0,15,17,0,32,0,0,0,32
02/10/2013,SBY,MD,AEA,EN,Federal Contract Tower,0,12,0,0,12,0,2,43,0,45,0,14,43,0,57,40,0,40,97
02/11/2013,SBY,MD,AEA,EN,Federal Contract Tower,0,20,2,0,22,0,0,0,0,0,0,20,2,0,22,0,0,0,22
02/12/2013,SBY,MD,AEA,EN,Federal Contract Tower,0,20,8,7,35,0,0,14,22,36,0,20,22,29,71,12,190,202,273
02/13/2013,SBY,MD,AEA,EN,Federal Contract Tower,0,23,6,12,41,0,0,7,5,12,0,23,13,17,53,0,22,22,75
02/14/2013,SBY,MD,AEA,EN,Federal Contract Tower,0,21,9,10,40,0,0,18,18,36,0,21,27,28,76,26,50,76,152
02/15/2013,SBY,MD,AEA,EN,Federal Contract Tower,0,18,4,0,22,0,0,73,6,79,0,18,77,6,101,112,48,160,261
02/16/2013,SBY,MD,AEA,EN,Federal Contract Tower,0,10,1,0,11,0,0,0,0,0,0,10,1,0,11,0,0,0,11
02/17/2013,SBY,MD,AEA,EN,Federal Contract Tower,0,12,0,2,14,0,0,0,0,0,0,12,0,2,14,0,0,0,14
02/18/2013,SBY,MD,AEA,EN,Federal Contract Tower,0,14,4,0,18,0,0,75,0,75,0,14,79,0,93,56,0,56,149
02/19/2013,SBY,MD,AEA,EN,Federal Contract Tower,0,17,8,0,25,0,0,6,2,8,0,17,14,2,33,0,16,16,49
02/20/2013,SBY,MD,AEA,EN,Federal Contract Tower,0,21,5,6,32,0,0,16,20,36,0,21,21,26,68,6,76,82,150
02/21/2013,SBY,MD,AEA,EN,Federal Contract Tower,0,18,12,7,37,0,4,24,22,50,0,22,36,29,87,22,52,74,161
02/22/2013,SBY,MD,AEA,EN,Federal Contract Tower,0,18,4,1,23,0,0,13,11,24,0,18,17,12,47,0,32,32,79
02/23/2013,SBY,MD,AEA,EN,Federal Contract Tower,0,12,2,0,14,0,0,0,0,0,0,12,2,0,14,0,0,0,14
02/24/2013,SBY,MD,AEA,EN,Federal Contract Tower,0,14,3,0,17,0,0,18,0,18,0,14,21,0,35,26,0,26,61
02/25/2013,SBY,MD,AEA,EN,Federal Contract Tower,0,15,4,4,23,0,0,34,24,58,0,15,38,28,81,46,116,162,243
02/26/2013,SBY,MD,AEA,EN,Federal Contract Tower,0,23,6,6,35,0,8,11,15,34,0,31,17,21,69,2,60,62,131
02/27/2013,SBY,MD,AEA,EN,Federal Contract Tower,0,21,9,11,41,0,2,40,26,68,0,23,49,37,109,32,172,204,313
02/28/2013,SBY,MD,AEA,EN,Federal Contract Tower,0,19,3,3,25,0,0,16,20,36,0,19,19,23,61,18,116,134,195
03/01/2013,SBY,MD,AEA,EN,Federal Contract Tower,0,20,7,7,34,0,0,25,25,50,0,20,32,32,84,48,140,188,272
03/02/2013,SBY,MD,AEA,EN,Federal Contract Tower,0,15,3,0,18,0,0,49,6,55,0,15,52,6,73,52,6,58,131
03/03/2013,SBY,MD,AEA,EN,Federal Contract Tower,0,14,2,0,16,0,0,41,0,41,0,14,43,0,57,28,0,28,85
03/04/2013,SBY,MD,AEA,EN,Federal Contract Tower,0,15,7,0,22,0,0,29,10,39,0,15,36,10,61,0,42,42,103
03/05/2013,SBY,MD,AEA,EN,Federal Contract Tower,0,17,4,5,26,0,0,64,39,103,0,17,68,44,129,36,202,238,367
03/06/2013,SBY,MD,AEA,EN,Federal Contract Tower,0,12,0,0,12,0,0,0,0,0,0,12,0,0,12,0,0,0,12
03/07/2013,SBY,MD,AEA,EN,Federal Contract Tower,0,20,3,5,28,0,0,23,20,43,0,20,26,25,71,4,112,116,187
03/08/2013,SBY,MD,AEA,EN,Federal Contract Tower,0,16,5,2,23,0,2,13,2,17,0,18,18,4,40,0,12,12,52
03/09/2013,SBY,MD,AEA,EN,Federal Contract Tower,0,13,12,0,25,0,4,88,2,94,0,17,100,2,119,116,2,118,237
03/10/2013,SBY,MD,AEA,EN,Federal Contract Tower,0,13,8,0,21,0,2,70,0,72,0,15,78,0,93,90,0,90,183
03/11/2013,SBY,MD,AEA,EN,Federal Contract Tower,0,16,2,5,23,0,0,23,31,54,0,16,25,36,77,6,154,160,237
03/12/2013,SBY,MD,AEA,EN,Federal Contract Tower,0,21,5,3,29,0,0,0,0,0,0,21,5,3,29,0,0,0,29
03/13/2013,SBY,MD,AEA,EN,Federal Contract Tower,0,24,5,5,34,0,14,55,8,77,0,38,60,13,111,78,32,110,221
03/14/2013,SBY,MD,AEA,EN,Federal Contract Tower,0,21,6,0,27,0,0,28,4,32,0,21,34,4,59,30,20,50,109
03/15/2013,SBY,MD,AEA,EN,Federal Contract Tower,0,24,14,1,39,0,0,59,22,81,0,24,73,23,120,66,22,88,208
03/16/2013,SBY,MD,AEA,EN,Federal Contract Tower,0,12,5,0,17,0,0,24,0,24,0,12,29,0,41,26,0,26,67
03/17/2013,SBY,MD,AEA,EN,Federal Contract Tower,0,10,1,0,11,0,0,0,0,0,0,10,1,0,11,0,0,0,11
03/18/2013,SBY,MD,AEA,EN,Federal Contract Tower,0,15,2,0,17,0,0,0,0,0,0,15,2,0,17,0,0,0,17
03/19/2013,SBY,MD,AEA,EN,Federal Contract Tower,0,23,4,0,27,0,0,18,6,24,0,23,22,6,51,8,38,46,97
03/20/2013,SBY,MD,AEA,EN,Federal Contract Tower,0,17,5,19,41,0,0,26,27,53,0,17,31,46,94,34,88,122,216
03/21/2013,SBY,MD,AEA,EN,Federal Contract Tower,0,18,6,0,24,0,0,2,0,2,0,18,8,0,26,8,0,8,34
03/22/2013,SBY,MD,AEA,EN,Federal Contract Tower,0,16,3,3,22,0,0,21,7,28,0,16,24,10,50,4,24,28,78
03/23/2013,SBY,MD,AEA,EN,Federal Contract Tower,0,14,8,0,22,0,0,73,0,73,0,14,81,0,95,108,0,108,203
03/24/2013,SBY,MD,AEA,EN,Federal Contract Tower,0,11,1,0,12,0,0,22,0,22,0,11,23,0,34,20,0,20,54
03/25/2013,SBY,MD,AEA,EN,Federal Contract Tower,0,14,2,0,16,0,0,0,0,0,0,14,2,0,16,0,0,0,16
03/26/2013,SBY,MD,AEA,EN,Federal Contract Tower,0,16,8,0,24,0,1,41,9,51,0,17,49,9,75,8,38,46,121
03/27/2013,SBY,MD,AEA,EN,Federal Contract Tower,0,20,3,2,25,0,14,40,12,66,0,34,43,14,91,42,42,84,175
03/28/2013,SBY,MD,AEA,EN,Federal Contract Tower,0,18,5,0,23,0,0,13,9,22,0,18,18,9,45,10,26,36,81
03/29/2013,SBY,MD,AEA,EN,Federal Contract Tower,0,17,13,0,30,0,2,56,2,60,0,19,69,2,90,78,4,82,172
03/30/2013,SBY,MD,AEA,EN,Federal Contract Tower,0,11,2,0,13,0,0,48,0,48,0,11,50,0,61,102,0,102,163
03/31/2013,SBY,MD,AEA,EN,Federal Contract Tower,0,15,2,0,17,0,0,0,0,0,0,15,2,0,17,0,0,0,17
04/01/2013,SBY,MD,AEA,EN,Federal Contract Tower,0,16,2,0,18,0,1,17,0,18,0,17,19,0,36,0,0,0,36
04/02/2013,SBY,MD,AEA,EN,Federal Contract Tower,0,18,9,2,29,0,0,28,10,38,0,18,37,12,67,0,26,26,93
04/03/2013,SBY,MD,AEA,EN,Federal Contract Tower,0,17,5,3,25,0,4,39,25,68,0,21,44,28,93,54,184,238,331
04/04/2013,SBY,MD,AEA,EN,Federal Contract Tower,0,18,5,2,25,0,2,57,2,61,0,20,62,4,86,10,66,76,162
04/05/2013,SBY,MD,AEA,EN,Federal Contract Tower,0,19,13,7,39,0,4,3,4,11,0,23,16,11,50,0,32,32,82
04/06/2013,SBY,MD,AEA,EN,Federal Contract Tower,0,13,6,5,24,0,4,74,6,84,0,17,80,11,108,92,88,180,288
04/07/2013,SBY,MD,AEA,EN,Federal Contract Tower,0,13,3,2,18,0,3,34,0,37,0,16,37,2,55,34,32,66,121
04/08/2013,SBY,MD,AEA,EN,Federal Contract Tower,0,15,7,4,26,0,0,45,6,51,0,15,52,10,77,8,42,50,127
04/09/2013,SBY,MD,AEA,EN,Federal Contract Tower,0,20,4,4,28,0,0,29,18,47,0,20,33,22,75,4,122,126,201
04/10/2013,SBY,MD,AEA,EN,Federal Contract Tower,0,23,5,14,42,0,6,42,25,73,0,29,47,39,115,12,116,128,243
04/11/2013,SBY,MD,AEA,EN,Federal Contract Tower,0,18,7,20,45,0,0,26,25,51,0,18,33,45,96,30,138,168,264
04/12/2013,SBY,MD,AEA,EN,Federal Contract Tower,0,18,9,0,27,0,0,0,0,0,0,18,9,0,27,0,0,0,27
04/13/2013,SBY,MD,AEA,EN,Federal Contract Tower,0,11,6,0,17,0,4,14,0,18,0,15,20,0,35,26,0,26,61
04/14/2013,SBY,MD,AEA,EN,Federal Contract Tower,0,12,5,0,17,0,0,92,0,92,0,12,97,0,109,64,0,64,173
04/15/2013,SBY,MD,AEA,EN,Federal Contract Tower,0,17,9,0,26,0,0,35,8,43,0,17,44,8,69,10,12,22,91
04/16/2013,SBY,MD,AEA,EN,Federal Contract Tower,0,19,12,0,31,0,0,33,12,45,0,19,45,12,76,16,24,40,116
04/17/2013,SBY,MD,AEA,EN,Federal Contract Tower,0,18,5,16,39,0,4,31,24,59,0,22,36,40,98,2,70,72,170
04/18/2013,SBY,MD,AEA,EN,Federal Contract Tower,0,19,19,3,41,0,0,15,2,17,0,19,34,5,58,4,40,44,102
04/19/2013,SBY,MD,AEA,EN,Federal Contract Tower,0,15,3,4,22,0,0,2,2,4,0,15,5,6,26,0,8,8,34
04/20/2013,SBY,MD,AEA,EN,Federal Contract Tower,0,15,3,0,18,0,0,60,0,60,0,15,63,0,78,86,16,102,180
04/21/2013,SBY,MD,AEA,EN,Federal Contract Tower,0,12,7,0,19,0,0,76,6,82,0,12,83,6,101,110,18,128,229
04/22/2013,SBY,MD,AEA,EN,Federal Contract Tower,0,16,12,0,28,0,0,16,12,28,0,16,28,12,56,12,52,64,120
04/23/2013,SBY,MD,AEA,EN,Federal Contract Tower,0,21,16,2,39,0,6,32,12,50,0,27,48,14,89,40,70,110,199
04/24/2013,SBY,MD,AEA,EN,Federal Contract Tower,0,21,8,1,30,0,14,30,14,58,0,35,38,15,88,40,44,84,172
04/25/2013,SBY,MD,AEA,EN,Federal Contract Tower,0,17,8,2,27,0,0,37,16,53,0,17,45,18,80,54,26,80,160
04/26/2013,SBY,MD,AEA,EN,Federal Contract Tower,0,0,18,8,26,0,0,37,6,43,0,0,55,14,69,48,30,78,147
04/27/2013,SBY,MD,AEA,EN,Federal Contract Tower,0,14,0,0,14,0,0,66,0,66,0,14,66,0,80,64,0,64,144
04/28/2013,SBY,MD,AEA,EN,Federal Contract Tower,0,11,5,0,16,0,0,30,0,30,0,11,35,0,46,0,0,0,46
04/29/2013,SBY,MD,AEA,EN,Federal Contract Tower,0,16,0,6,22,0,0,0,0,0,0,16,0,6,22,0,0,0,22
04/30/2013,SBY,MD,AEA,EN,Federal Contract Tower,0,20,10,2,32,0,0,0,0,0,0,20,10,2,32,0,0,0,32
05/01/2013,SBY,MD,AEA,EN,Federal Contract Tower,0,19,12,5,36,0,2,43,11,56,0,21,55,16,92,46,48,94,186
05/02/2013,SBY,MD,AEA,EN,Federal Contract Tower,0,18,10,9,37,0,0,52,6,58,0,18,62,15,95,88,70,158,253
05/03/2013,SBY,MD,AEA,EN,Federal Contract Tower,0,21,9,0,30,0,0,48,15,63,0,21,57,15,93,60,68,128,221
05/04/2013,SBY,MD,AEA,EN,Federal Contract Tower,0,12,7,6,25,0,0,69,0,69,0,12,76,6,94,92,82,174,268
05/05/2013,SBY,MD,AEA,EN,Federal Contract Tower,0,13,5,0,18,0,2,50,0,52,0,15,55,0,70,50,0,50,120
05/06/2013,SBY,MD,AEA,EN,Federal Contract Tower,0,16,22,0,38,0,0,0,0,0,0,16,22,0,38,0,0,0,38
05/07/2013,SBY,MD,AEA,EN,Federal Contract Tower,0,16,4,0,20,0,0,0,0,0,0,16,4,0,20,0,0,0,20
05/08/2013,SBY,MD,AEA,EN,Federal Contract Tower,0,23,12,0,35,0,2,29,4,35,0,25,41,4,70,32,36,68,138
05/09/2013,SBY,MD,AEA,EN,Federal Contract Tower,0,20,3,0,23,0,0,25,1,26,0,20,28,1,49,34,0,34,83
05/10/2013,SBY,MD,AEA,EN,Federal Contract Tower,0,16,9,8,33,0,0,56,7,63,0,16,65,15,96,94,48,142,238
05/11/2013,SBY,MD,AEA,EN,Federal Contract Tower,0,12,1,0,13,0,1,5,0,6,0,13,6,0,19,0,0,0,19
05/12/2013,SBY,MD,AEA,EN,Federal Contract Tower,0,11,6,0,17,0,0,33,0,33,0,11,39,0,50,28,0,28,78
05/13/2013,SBY,MD,AEA,EN,Federal Contract Tower,0,13,10,0,23,0,0,42,10,52,0,13,52,10,75,24,40,64,139
05/14/2013,SBY,MD,AEA,EN,Federal Contract Tower,0,20,14,0,34,0,0,35,8,43,0,20,49,8,77,8,116,124,201
05/15/2013,SBY,MD,AEA,EN,Federal Contract Tower,0,19,8,2,29,0,2,43,8,53,0,21,51,10,82,78,88,166,248
05/16/2013,SBY,MD,AEA,EN,Federal Contract Tower,0,21,5,3,29,0,2,24,21,47,0,23,29,24,76,36,104,140,216
05/17/2013,SBY,MD,AEA,EN,Federal Contract Tower,0,18,2,0,20,0,0,67,4,71,0,18,69,4,91,78,86,164,255
05/18/2013,SBY,MD,AEA,EN,Federal Contract Tower,0,13,4,0,17,0,0,17,0,17,0,13,21,0,34,12,0,12,46
05/19/2013,SBY,MD,AEA,EN,Federal Contract Tower,0,11,8,0,19,0,0,12,0,12,0,11,20,0,31,8,0,8,39
05/20/2013,SBY,MD,AEA,EN,Federal Contract Tower,0,14,12,2,28,0,0,31,0,31,0,14,43,2,59,6,0,6,65
05/21/2013,SBY,MD,AEA,EN,Federal Contract Tower,0,16,12,12,40,0,0,17,28,45,0,16,29,40,85,34,60,94,179
05/22/2013,SBY,MD,AEA,EN,Federal Contract Tower,0,19,4,12,35,0,2,32,12,46,0,21,36,24,81,52,72,124,205
05/23/2013,SBY,MD,AEA,EN,Federal Contract Tower,0,17,17,1,35,0,2,13,6,21,0,19,30,7,56,18,36,54,110
05/24/2013,SBY,MD,AEA,EN,Federal Contract Tower,0,21,17,0,38,0,2,16,0,18,0,23,33,0,56,20,0,20,76
05/25/2013,SBY,MD,AEA,EN,Federal Contract Tower,0,15,2,0,17,0,6,7,0,13,0,21,9,0,30,0,0,0,30
05/26/2013,SBY,MD,AEA,EN,Federal Contract Tower,0,13,1,0,14,0,2,39,0,41,0,15,40,0,55,30,0,30,85
05/27/2013,SBY,MD,AEA,EN,Federal Contract Tower,2,19,6,0,27,0,4,57,0,61,2,23,63,0,88,26,0,26,114
05/28/2013,SBY,MD,AEA,EN,Federal Contract Tower,0,16,13,0,29,0,0,38,22,60,0,16,51,22,89,0,42,42,131
05/29/2013,SBY,MD,AEA,EN,Federal Contract Tower,0,20,9,0,29,0,0,41,8,49,0,20,50,8,78,90,38,128,206
05/30/2013,SBY,MD,AEA,EN,Federal Contract Tower,0,19,23,2,44,0,0,32,6,38,0,19,55,8,82,16,20,36,118
05/31/2013,SBY,MD,AEA,EN,Federal Contract Tower,0,20,7,4,31,0,0,45,14,59,0,20,52,18,90,72,48,120,210
06/01/2013,SBY,MD,AEA,EN,Federal Contract Tower,0,12,4,0,16,0,0,49,0,49,0,12,53,0,65,0,58,58,123
06/02/2013,SBY,MD,AEA,EN,Federal Contract Tower,0,12,5,0,17,0,0,17,0,17,0,12,22,0,34,20,0,20,54
06/03/2013,SBY,MD,AEA,EN,Federal Contract Tower,0,16,7,2,25,0,0,2,0,2,0,16,9,2,27,0,0,0,27
06/04/2013,SBY,MD,AEA,EN,Federal Contract Tower,0,17,6,0,23,0,0,41,2,43,0,17,47,2,66,28,20,48,114
06/05/2013,SBY,MD,AEA,EN,Federal Contract Tower,0,17,16,1,34,0,0,53,20,73,0,17,69,21,107,48,48,96,203
06/06/2013,SBY,MD,AEA,EN,Federal Contract Tower,0,21,12,0,33,0,0,47,14,61,0,21,59,14,94,64,96,160,254
06/07/2013,SBY,MD,AEA,EN,Federal Contract Tower,0,18,6,0,24,0,0,0,0,0,0,18,6,0,24,0,0,0,24
06/08/2013,SBY,MD,AEA,EN,Federal Contract Tower,0,12,6,0,18,0,0,7,4,11,0,12,13,4,29,0,0,0,29
06/09/2013,SBY,MD,AEA,EN,Federal Contract Tower,0,13,7,0,20,0,2,29,4,35,0,15,36,4,55,28,0,28,83
06/10/2013,SBY,MD,AEA,EN,Federal Contract Tower,0,16,2,4,22,0,2,6,2,10,0,18,8,6,32,0,0,0,32
06/11/2013,SBY,MD,AEA,EN,Federal Contract Tower,0,18,13,0,31,0,0,62,0,62,0,18,75,0,93,42,0,42,135
06/12/2013,SBY,MD,AEA,EN,Federal Contract Tower,0,20,10,2,32,0,0,34,17,51,0,20,44,19,83,20,32,52,135
06/13/2013,SBY,MD,AEA,EN,Federal Contract Tower,2,22,4,0,28,0,2,21,0,23,2,24,25,0,51,2,0,2,53
06/14/2013,SBY,MD,AEA,EN,Federal Contract Tower,0,21,6,12,39,0,0,14,4,18,0,21,20,16,57,18,6,24,81
06/15/2013,SBY,MD,AEA,EN,Federal Contract Tower,0,15,2,0,17,0,32,45,0,77,0,47,47,0,94,88,0,88,182
06/16/2013,SBY,MD,AEA,EN,Federal Contract Tower,0,11,9,0,20,0,4,26,0,30,0,15,35,0,50,48,0,48,98
06/17/2013,SBY,MD,AEA,EN,Federal Contract Tower,0,16,10,2,28,0,0,23,6,29,0,16,33,8,57,0,24,24,81
06/18/2013,SBY,MD,AEA,EN,Federal Contract Tower,0,16,8,0,24,0,0,0,0,0,0,16,8,0,24,0,0,0,24
06/19/2013,SBY,MD,AEA,EN,Federal Contract Tower,0,19,13,2,34,0,2,39,9,50,0,21,52,11,84,30,44,74,158
06/20/2013,SBY,MD,AEA,EN,Federal Contract Tower,0,18,15,0,33,0,0,49,37,86,0,18,64,37,119,58,44,102,221
06/21/2013,SBY,MD,AEA,EN,Federal Contract Tower,0,17,8,2,27,0,0,66,16,82,0,17,74,18,109,74,84,158,267
06/22/2013,SBY,MD,AEA,EN,Federal Contract Tower,0,12,9,0,21,0,0,23,0,23,0,12,32,0,44,32,0,32,76
06/23/2013,SBY,MD,AEA,EN,Federal Contract Tower,0,16,8,0,24,0,2,41,0,43,0,18,49,0,67,2,0,2,69
06/24/2013,SBY,MD,AEA,EN,Federal Contract Tower,0,14,15,0,29,0,0,40,7,47,0,14,55,7,76,18,70,88,164
06/25/2013,SBY,MD,AEA,EN,Federal Contract Tower,0,22,6,2,30,0,0,25,6,31,0,22,31,8,61,14,62,76,137
06/26/2013,SBY,MD,AEA,EN,Federal Contract Tower,0,21,6,4,31,0,0,42,8,50,0,21,48,12,81,54,30,84,165
06/27/2013,SBY,MD,AEA,EN,Federal Contract Tower,0,19,9,2,30,0,2,18,8,28,0,21,27,10,58,20,24,44,102
06/28/2013,SBY,MD,AEA,EN,Federal Contract Tower,0,18,7,3,28,0,0,22,4,26,0,18,29,7,54,32,10,42,96
06/29/2013,SBY,MD,AEA,EN,Federal Contract Tower,0,12,2,5,19,0,3,18,3,24,0,15,20,8,43,28,16,44,87
06/30/2013,SBY,MD,AEA,EN,Federal Contract Tower,0,13,4,0,17,0,3,10,0,13,0,16,14,0,30,0,0,0,30
07/01/2013,SBY,MD,AEA,EN,Federal Contract Tower,0,17,8,0,25,0,0,2,0,2,0,17,10,0,27,0,0,0,27
07/02/2013,SBY,MD,AEA,EN,Federal Contract Tower,0,26,7,1,34,0,0,6,0,6,0,26,13,1,40,14,0,14,54
07/03/2013,SBY,MD,AEA,EN,Federal Contract Tower,0,21,11,0,32,0,0,9,6,15,0,21,20,6,47,6,26,32,79
07/04/2013,SBY,MD,AEA,EN,Federal Contract Tower,0,12,11,0,23,0,5,11,0,16,0,17,22,0,39,16,0,16,55
07/05/2013,SBY,MD,AEA,EN,Federal Contract Tower,0,16,13,0,29,0,2,10,0,12,0,18,23,0,41,6,0,6,47
07/06/2013,SBY,MD,AEA,EN,Federal Contract Tower,0,12,2,0,14,0,8,42,0,50,0,20,44,0,64,66,0,66,130
07/07/2013,SBY,MD,AEA,EN,Federal Contract Tower,0,16,12,0,28,0,2,30,0,32,0,18,42,0,60,30,0,30,90
07/08/2013,SBY,MD,AEA,EN,Federal Contract Tower,0,18,10,0,28,0,0,27,0,27,0,18,37,0,55,14,0,14,69
07/09/2013,SBY,MD,AEA,EN,Federal Contract Tower,0,18,5,1,24,0,0,24,17,41,0,18,29,18,65,32,52,84,149
07/10/2013,SBY,MD,AEA,EN,Federal Contract Tower,0,24,16,4,44,0,2,39,10,51,0,26,55,14,95,54,58,112,207
07/11/2013,SBY,MD,AEA,EN,Federal Contract Tower,0,21,7,2,30,0,0,3,0,3,0,21,10,2,33,10,0,10,43
07/12/2013,SBY,MD,AEA,EN,Federal Contract Tower,0,16,7,0,23,0,0,0,0,0,0,16,7,0,23,0,0,0,23
07/13/2013,SBY,MD,AEA,EN,Federal Contract Tower,0,16,3,5,24,0,2,10,1,13,0,18,13,6,37,10,24,34,71
07/14/2013,SBY,MD,AEA,EN,Federal Contract Tower,0,12,14,0,26,0,0,20,0,20,0,12,34,0,46,4,0,4,50
07/15/2013,SBY,MD,AEA,EN,Federal Contract Tower,0,18,11,2,31,0,2,60,8,70,0,20,71,10,101,72,66,138,239
07/16/2013,SBY,MD,AEA,EN,Federal Contract Tower,0,18,6,3,27,0,2,48,12,62,0,20,54,15,89,48,30,78,167
07/17/2013,SBY,MD,AEA,EN,Federal Contract Tower,0,21,16,0,37,0,0,27,11,38,0,21,43,11,75,36,10,46,121
07/18/2013,SBY,MD,AEA,EN,Federal Contract Tower,0,21,16,2,39,0,1,23,15,39,0,22,39,17,78,21,50,71,149
07/19/2013,SBY,MD,AEA,EN,Federal Contract Tower,0,22,7,0,29,0,19,39,0,58,0,41,46,0,87,32,0,32,119
07/20/2013,SBY,MD,AEA,EN,Federal Contract Tower,0,14,9,0,23,0,4,21,0,25,0,18,30,0,48,14,0,14,62
07/21/2013,SBY,MD,AEA,EN,Federal Contract Tower,0,17,6,0,23,0,0,31,0,31,0,17,37,0,54,28,0,28,82
07/22/2013,SBY,MD,AEA,EN,Federal Contract Tower,0,23,6,1,30,0,0,20,13,33,0,23,26,14,63,12,24,36,99
07/23/2013,SBY,MD,AEA,EN,Federal Contract Tower,0,18,10,4,32,0,9,35,2,46,0,27,45,6,78,12,0,12,90
07/24/2013,SBY,MD,AEA,EN,Federal Contract Tower,0,24,9,4,37,0,18,52,18,88,0,42,61,22,125,28,52,80,205
07/25/2013,SBY,MD,AEA,EN,Federal Contract Tower,0,27,13,2,42,0,3,16,15,34,0,30,29,17,76,4,46,50,126
07/26/2013,SBY,MD,AEA,EN,Federal Contract Tower,0,19,18,6,43,0,2,23,6,31,0,21,41,12,74,20,12,32,106
07/27/2013,SBY,MD,AEA,EN,Federal Contract Tower,0,14,3,0,17,0,2,32,0,34,0,16,35,0,51,24,0,24,75
07/28/2013,SBY,MD,AEA,EN,Federal Contract Tower,0,13,9,0,22,0,0,4,0,4,0,13,13,0,26,8,0,8,34
07/29/2013,SBY,MD,AEA,EN,Federal Contract Tower,0,16,5,0,21,0,3,54,8,65,0,19,59,8,86,38,28,66,152
07/30/2013,SBY,MD,AEA,EN,Federal Contract Tower,0,17,13,0,30,0,4,67,18,89,0,21,80,18,119,42,32,74,193
07/31/2013,SBY,MD,AEA,EN,Federal Contract Tower,0,18,9,0,27,0,2,38,21,61,0,20,47,21,88,26,80,106,194
08/01/2013,SBY,MD,AEA,EN,Federal Contract Tower,0,18,4,0,22,0,0,9,1,10,0,18,13,1,32,12,0,12,44
08/02/2013,SBY,MD,AEA,EN,Federal Contract Tower,0,17,17,4,38,0,0,57,4,61,0,17,74,8,99,8,4,12,111
08/03/2013,SBY,MD,AEA,EN,Federal Contract Tower,0,16,2,0,18,0,0,51,0,51,0,16,53,0,69,68,0,68,137
08/04/2013,SBY,MD,AEA,EN,Federal Contract Tower,0,13,7,0,20,0,0,29,0,29,0,13,36,0,49,28,0,28,77
08/05/2013,SBY,MD,AEA,EN,Federal Contract Tower,0,14,15,0,29,0,0,66,14,80,0,14,81,14,109,60,106,166,275
08/06/2013,SBY,MD,AEA,EN,Federal Contract Tower,0,23,9,14,46,0,5,6,0,11,0,28,15,14,57,0,0,0,57
08/07/2013,SBY,MD,AEA,EN,Federal Contract Tower,0,17,6,0,23,0,1,13,25,39,0,18,19,25,62,14,74,88,150
08/08/2013,SBY,MD,AEA,EN,Federal Contract Tower,0,22,2,2,26,0,0,34,16,50,0,22,36,18,76,34,52,86,162
08/09/2013,SBY,MD,AEA,EN,Federal Contract Tower,0,18,5,0,23,0,0,19,8,27,0,18,24,8,50,22,20,42,92
08/10/2013,SBY,MD,AEA,EN,Federal Contract Tower,0,14,4,0,18,0,2,44,0,46,0,16,48,0,64,90,0,90,154
08/11/2013,SBY,MD,AEA,EN,Federal Contract Tower,0,17,2,0,19,0,0,48,0,48,0,17,50,0,67,18,0,18,85
08/12/2013,SBY,MD,AEA,EN,Federal Contract Tower,0,19,3,3,25,0,0,36,25,61,0,19,39,28,86,0,154,154,240
08/13/2013,SBY,MD,AEA,EN,Federal Contract Tower,0,18,7,2,27,0,0,11,4,15,0,18,18,6,42,0,34,34,76
08/14/2013,SBY,MD,AEA,EN,Federal Contract Tower,0,21,11,0,32,0,0,54,17,71,0,21,65,17,103,64,70,134,237
08/15/2013,SBY,MD,AEA,EN,Federal Contract Tower,0,20,10,4,34,0,0,50,8,58,0,20,60,12,92,72,18,90,182
08/16/2013,SBY,MD,AEA,EN,Federal Contract Tower,0,11,8,4,23,0,0,62,12,74,0,11,70,16,97,118,102,220,317
08/17/2013,SBY,MD,AEA,EN,Federal Contract Tower,0,14,4,0,18,0,4,41,2,47,0,18,45,2,65,48,2,50,115
08/18/2013,SBY,MD,AEA,EN,Federal Contract Tower,0,16,17,0,33,0,0,0,0,0,0,16,17,0,33,0,0,0,33
08/19/2013,SBY,MD,AEA,EN,Federal Contract Tower,0,18,3,4,25,0,0,7,0,7,0,18,10,4,32,4,6,10,42
08/20/2013,SBY,MD,AEA,EN,Federal Contract Tower,0,21,11,0,32,0,0,34,21,55,0,21,45,21,87,42,10,52,139
08/21/2013,SBY,MD,AEA,EN,Federal Contract Tower,0,20,16,0,36,0,3,49,14,66,0,23,65,14,102,50,44,94,196
08/22/2013,SBY,MD,AEA,EN,Federal Contract Tower,0,22,20,2,44,0,0,28,15,43,0,22,48,17,87,46,100,146,233
08/23/2013,SBY,MD,AEA,EN,Federal Contract Tower,0,17,4,0,21,0,0,14,3,17,0,17,18,3,38,22,8,30,68
08/24/2013,SBY,MD,AEA,EN,Federal Contract Tower,0,12,1,0,13,0,1,101,6,108,0,13,102,6,121,140,0,140,261
08/25/2013,SBY,MD,AEA,EN,Federal Contract Tower,0,15,5,0,20,0,0,45,0,45,0,15,50,0,65,56,0,56,121
08/26/2013,SBY,MD,AEA,EN,Federal Contract Tower,0,17,8,1,26,0,0,62,12,74,0,17,70,13,100,56,104,160,260
08/27/2013,SBY,MD,AEA,EN,Federal Contract Tower,0,20,7,3,30,0,0,28,31,59,0,20,35,34,89,40,164,204,293
08/28/2013,SBY,MD,AEA,EN,Federal Contract Tower,0,17,8,1,26,0,0,17,4,21,0,17,25,5,47,6,10,16,63
08/29/2013,SBY,MD,AEA,EN,Federal Contract Tower,0,31,12,2,45,0,0,32,16,48,0,31,44,18,93,28,92,120,213
08/30/2013,SBY,MD,AEA,EN,Federal Contract Tower,0,20,12,2,34,0,0,49,6,55,0,20,61,8,89,58,38,96,185
08/31/2013,SBY,MD,AEA,EN,Federal Contract Tower,0,12,5,0,17,0,0,28,0,28,0,12,33,0,45,22,0,22,67
09/01/2013,SBY,MD,AEA,EN,Federal Contract Tower,0,11,10,0,21,0,2,14,0,16,0,13,24,0,37,4,0,4,41
09/02/2013,SBY,MD,AEA,EN,Federal Contract Tower,0,12,6,0,18,0,0,6,0,6,0,12,12,0,24,4,0,4,28
09/03/2013,SBY,MD,AEA,EN,Federal Contract Tower,0,19,6,0,25,0,0,30,2,32,0,19,36,2,57,28,24,52,109
09/04/2013,SBY,MD,AEA,EN,Federal Contract Tower,0,22,5,5,32,0,2,43,21,66,0,24,48,26,98,63,96,159,257
09/05/2013,SBY,MD,AEA,EN,Federal Contract Tower,0,21,11,0,32,0,0,33,10,43,0,21,44,10,75,36,38,74,149
09/06/2013,SBY,MD,AEA,EN,Federal Contract Tower,0,18,4,0,22,0,0,37,2,39,0,18,41,2,61,64,20,84,145
09/07/2013,SBY,MD,AEA,EN,Federal Contract Tower,0,14,2,0,16,0,0,38,0,38,0,14,40,0,54,38,0,38,92
09/08/2013,SBY,MD,AEA,EN,Federal Contract Tower,0,17,6,0,23,0,0,40,0,40,0,17,46,0,63,52,0,52,115
09/09/2013,SBY,MD,AEA,EN,Federal Contract Tower,0,18,6,3,27,0,2,39,25,66,0,20,45,28,93,52,126,178,271
09/10/2013,SBY,MD,AEA,EN,Federal Contract Tower,0,17,12,0,29,0,0,55,6,61,0,17,67,6,90,12,56,68,158
09/11/2013,SBY,MD,AEA,EN,Federal Contract Tower,0,18,6,4,28,0,2,36,30,68,0,20,42,34,96,58,108,166,262
09/12/2013,SBY,MD,AEA,EN,Federal Contract Tower,0,19,2,0,21,0,0,31,20,51,0,19,33,20,72,24,94,118,190
09/13/2013,SBY,MD,AEA,EN,Federal Contract Tower,0,21,2,0,23,0,33,6,0,39,0,54,8,0,62,24,28,52,114
09/14/2013,SBY,MD,AEA,EN,Federal Contract Tower,0,14,5,0,19,0,1,70,0,71,0,15,75,0,90,20,12,32,122
09/15/2013,SBY,MD,AEA,EN,Federal Contract Tower,0,15,8,0,23,0,2,38,0,40,0,17,46,0,63,22,0,22,85
09/16/2013,SBY,MD,AEA,EN,Federal Contract Tower,0,16,5,2,23,0,0,10,6,16,0,16,15,8,39,28,32,60,99
09/17/2013,SBY,MD,AEA,EN,Federal Contract Tower,0,17,10,0,27,0,0,59,6,65,0,17,69,6,92,26,46,72,164
09/18/2013,SBY,MD,AEA,EN,Federal Contract Tower,0,24,14,0,38,0,4,52,23,79,0,28,66,23,117,50,62,112,229
09/19/2013,SBY,MD,AEA,EN,Federal Contract Tower,0,18,10,0,28,0,2,30,33,65,0,20,40,33,93,32,56,88,181
09/20/2013,SBY,MD,AEA,EN,Federal Contract Tower,0,19,6,4,29,0,2,50,9,61,0,21,56,13,90,46,26,72,162
09/21/2013,SBY,MD,AEA,EN,Federal Contract Tower,0,15,3,0,18,0,2,29,0,31,0,17,32,0,49,30,0,30,79
09/22/2013,SBY,MD,AEA,EN,Federal Contract Tower,0,12,8,0,20,0,0,42,0,42,0,12,50,0,62,18,0,18,80
09/23/2013,SBY,MD,AEA,EN,Federal Contract Tower,0,15,11,0,26,0,0,32,6,38,0,15,43,6,64,14,44,58,122
09/24/2013,SBY,MD,AEA,EN,Federal Contract Tower,0,17,9,0,26,0,4,41,12,57,0,21,50,12,83,20,74,94,177
09/25/2013,SBY,MD,AEA,EN,Federal Contract Tower,0,17,10,4,31,0,0,79,11,90,0,17,89,15,121,20,44,64,185
09/26/2013,SBY,MD,AEA,EN,Federal Contract Tower,0,21,8,14,43,0,16,18,16,50,0,37,26,30,93,18,70,88,181
09/27/2013,SBY,MD,AEA,EN,Federal Contract Tower,0,17,3,3,23,0,8,48,0,56,0,25,51,3,79,12,22,34,113
09/28/2013,SBY,MD,AEA,EN,Federal Contract Tower,0,13,8,0,21,0,22,13,2,37,0,35,21,2,58,30,8,38,96
09/29/2013,SBY,MD,AEA,EN,Federal Contract Tower,0,15,8,0,23,0,2,35,0,37,0,17,43,0,60,12,0,12,72
09/30/2013,SBY,MD,AEA,EN,Federal Contract Tower,0,15,5,2,22,0,0,26,18,44,0,15,31,20,66,26,40,66,132
10/01/2013,SBY,MD,AEA,EN,Federal Contract Tower,0,17,7,0,24,0,10,61,12,83,0,27,68,12,107,18,32,50,157
10/02/2013,SBY,MD,AEA,EN,Federal Contract Tower,0,17,6,0,23,0,5,42,4,51,0,22,48,4,74,38,32,70,144
10/03/2013,SBY,MD,AEA,EN,Federal Contract Tower,0,19,6,7,32,0,0,30,8,38,0,19,36,15,70,28,20,48,118
10/04/2013,SBY,MD,AEA,EN,Federal Contract Tower,0,15,5,4,24,0,0,29,8,37,0,15,34,12,61,34,42,76,137
10/05/2013,SBY,MD,AEA,EN,Federal Contract Tower,0,10,5,0,15,0,0,64,0,64,0,10,69,0,79,62,0,62,141
10/06/2013,SBY,MD,AEA,EN,Federal Contract Tower,0,11,2,0,13,0,2,18,0,20,0,13,20,0,33,14,0,14,47
10/07/2013,SBY,MD,AEA,EN,Federal Contract Tower,0,12,3,0,15,0,0,0,0,0,0,12,3,0,15,0,0,0,15
10/08/2013,SBY,MD,AEA,EN,Federal Contract Tower,0,17,4,0,21,0,0,30,14,44,0,17,34,14,65,0,58,58,123
10/09/2013,SBY,MD,AEA,EN,Federal Contract Tower,0,23,4,0,27,0,0,7,6,13,0,23,11,6,40,2,2,4,44
10/10/2013,SBY,MD,AEA,EN,Federal Contract Tower,0,12,1,0,13,0,0,0,0,0,0,12,1,0,13,0,0,0,13
10/11/2013,SBY,MD,AEA,EN,Federal Contract Tower,0,19,1,4,24,0,0,0,0,0,0,19,1,4,24,0,0,0,24
10/12/2013,SBY,MD,AEA,EN,Federal Contract Tower,0,10,7,0,17,0,0,0,0,0,0,10,7,0,17,0,0,0,17
10/13/2013,SBY,MD,AEA,EN,Federal Contract Tower,0,11,6,0,17,0,0,0,0,0,0,11,6,0,17,0,0,0,17
10/14/2013,SBY,MD,AEA,EN,Federal Contract Tower,0,14,9,0,23,0,2,27,0,29,0,16,36,0,52,30,0,30,82
10/15/2013,SBY,MD,AEA,EN,Federal Contract Tower,0,21,6,2,29,0,0,29,4,33,0,21,35,6,62,8,28,36,98
10/16/2013,SBY,MD,AEA,EN,Federal Contract Tower,0,15,8,2,25,0,1,18,7,26,0,16,26,9,51,4,26,30,81
10/17/2013,SBY,MD,AEA,EN,Federal Contract Tower,0,19,6,4,29,0,0,13,2,15,0,19,19,6,44,6,10,16,60
10/18/2013,SBY,MD,AEA,EN,Federal Contract Tower,0,14,10,0,24,0,2,35,4,41,0,16,45,4,65,24,18,42,107
10/19/2013,SBY,MD,AEA,EN,Federal Contract Tower,0,12,5,0,17,0,0,26,0,26,0,12,31,0,43,36,0,36,79
10/20/2013,SBY,MD,AEA,EN,Federal Contract Tower,0,13,4,0,17,0,0,32,0,32,0,13,36,0,49,28,0,28,77
10/21/2013,SBY,MD,AEA,EN,Federal Contract Tower,0,18,7,4,29,0,0,48,20,68,0,18,55,24,97,54,132,186,283
10/22/2013,SBY,MD,AEA,EN,Federal Contract Tower,0,20,2,4,26,0,0,29,24,53,0,20,31,28,79,26,124,150,229
10/23/2013,SBY,MD,AEA,EN,Federal Contract Tower,0,18,10,0,28,0,5,10,0,15,0,23,20,0,43,22,0,22,65
10/24/2013,SBY,MD,AEA,EN,Federal Contract Tower,0,18,8,0,26,0,0,21,25,46,0,18,29,25,72,30,116,146,218
10/25/2013,SBY,MD,AEA,EN,Federal Contract Tower,0,18,9,0,27,0,1,23,4,28,0,19,32,4,55,18,20,38,93
10/26/2013,SBY,MD,AEA,EN,Federal Contract Tower,0,12,3,0,15,0,0,29,0,29,0,12,32,0,44,18,0,18,62
10/27/2013,SBY,MD,AEA,EN,Federal Contract Tower,0,12,6,0,18,0,0,39,0,39,0,12,45,0,57,18,0,18,75
10/28/2013,SBY,MD,AEA,EN,Federal Contract Tower,0,13,8,0,21,0,5,33,16,54,0,18,41,16,75,54,176,230,305
10/29/2013,SBY,MD,AEA,EN,Federal Contract Tower,0,16,6,2,24,0,0,52,14,66,0,16,58,16,90,54,108,162,252
10/30/2013,SBY,MD,AEA,EN,Federal Contract Tower,0,18,3,3,24,0,0,26,17,43,0,18,29,20,67,38,102,140,207
10/31/2013,SBY,MD,AEA,EN,Federal Contract Tower,0,18,9,2,29,0,0,27,16,43,0,18,36,18,72,28,120,148,220
11/01/2013,SBY,MD,AEA,EN,Federal Contract Tower,0,19,7,0,26,0,0,3,0,3,0,19,10,0,29,0,0,0,29
11/02/2013,SBY,MD,AEA,EN,Federal Contract Tower,0,13,8,3,24,0,0,35,9,44,0,13,43,12,68,38,52,90,158
11/03/2013,SBY,MD,AEA,EN,Federal Contract Tower,0,13,5,0,18,0,0,24,0,24,0,13,29,0,42,34,0,34,76
11/04/2013,SBY,MD,AEA,EN,Federal Contract Tower,0,19,13,6,38,0,2,30,12,44,0,21,43,18,82,20,70,90,172
11/05/2013,SBY,MD,AEA,EN,Federal Contract Tower,0,16,7,0,23,0,2,37,14,53,0,18,44,14,76,46,84,130,206
11/06/2013,SBY,MD,AEA,EN,Federal Contract Tower,0,15,6,0,21,0,0,57,24,81,0,15,63,24,102,38,158,196,298
11/07/2013,SBY,MD,AEA,EN,Federal Contract Tower,0,18,5,6,29,0,0,9,0,9,0,18,14,6,38,52,0,52,90
11/08/2013,SBY,MD,AEA,EN,Federal Contract Tower,0,19,8,0,27,0,0,10,5,15,0,19,18,5,42,24,32,56,98
11/09/2013,SBY,MD,AEA,EN,Federal Contract Tower,0,15,0,0,15,0,0,58,0,58,0,15,58,0,73,40,0,40,113
11/10/2013,SBY,MD,AEA,EN,Federal Contract Tower,0,14,5,0,19,0,2,20,0,22,0,16,25,0,41,2,0,2,43
11/11/2013,SBY,MD,AEA,EN,Federal Contract Tower,0,18,4,0,22,0,0,37,0,37,0,18,41,0,59,24,0,24,83
11/12/2013,SBY,MD,AEA,EN,Federal Contract Tower,0,18,9,1,28,0,0,15,6,21,0,18,24,7,49,20,40,60,109
11/13/2013,SBY,MD,AEA,EN,Federal Contract Tower,0,19,15,0,34,0,0,31,19,50,0,19,46,19,84,8,84,92,176
11/14/2013,SBY,MD,AEA,EN,Federal Contract Tower,0,20,5,0,25,0,8,25,14,47,0,28,30,14,72,36,40,76,148
11/15/2013,SBY,MD,AEA,EN,Federal Contract Tower,0,20,5,5,30,0,0,44,4,48,0,20,49,9,78,66,38,104,182
11/16/2013,SBY,MD,AEA,EN,Federal Contract Tower,0,18,0,0,18,0,0,0,0,0,0,18,0,0,18,0,0,0,18
11/17/2013,SBY,MD,AEA,EN,Federal Contract Tower,0,13,4,0,17,0,0,0,0,0,0,13,4,0,17,0,0,0,17
11/18/2013,SBY,MD,AEA,EN,Federal Contract Tower,0,15,6,9,30,0,2,26,1,29,0,17,32,10,59,24,28,52,111
11/19/2013,SBY,MD,AEA,EN,Federal Contract Tower,0,18,5,1,24,0,0,27,7,34,0,18,32,8,58,8,32,40,98
11/20/2013,SBY,MD,AEA,EN,Federal Contract Tower,0,16,6,4,26,0,0,30,14,44,0,16,36,18,70,20,36,56,126
11/21/2013,SBY,MD,AEA,EN,Federal Contract Tower,0,18,7,0,25,0,0,13,2,15,0,18,20,2,40,30,8,38,78
11/22/2013,SBY,MD,AEA,EN,Federal Contract Tower,0,19,5,1,25,0,0,11,0,11,0,19,16,1,36,34,0,34,70
11/23/2013,SBY,MD,AEA,EN,Federal Contract Tower,0,14,2,0,16,0,4,26,0,30,0,18,28,0,46,16,0,16,62
11/24/2013,SBY,MD,AEA,EN,Federal Contract Tower,0,11,6,0,17,0,2,9,0,11,0,13,15,0,28,22,0,22,50
11/25/2013,SBY,MD,AEA,EN,Federal Contract Tower,0,17,6,0,23,0,0,49,20,69,0,17,55,20,92,46,80,126,218
11/26/2013,SBY,MD,AEA,EN,Federal Contract Tower,0,18,8,0,26,0,0,9,0,9,0,18,17,0,35,10,0,10,45
11/27/2013,SBY,MD,AEA,EN,Federal Contract Tower,0,19,5,0,24,0,0,0,0,0,0,19,5,0,24,0,0,0,24
11/28/2013,SBY,MD,AEA,EN,Federal Contract Tower,0,10,0,0,10,0,0,5,0,5,0,10,5,0,15,0,0,0,15
11/29/2013,SBY,MD,AEA,EN,Federal Contract Tower,0,12,1,0,13,0,0,32,0,32,0,12,33,0,45,0,0,0,45
11/30/2013,SBY,MD,AEA,EN,Federal Contract Tower,0,17,8,1,26,0,2,39,0,41,0,19,47,1,67,46,0,46,113
12/01/2013,SBY,MD,AEA,EN,Federal Contract Tower,0,16,2,0,18,0,0,28,0,28,0,16,30,0,46,26,0,26,72
12/02/2013,SBY,MD,AEA,EN,Federal Contract Tower,0,14,0,0,14,0,0,25,4,29,0,14,25,4,43,26,44,70,113
12/03/2013,SBY,MD,AEA,EN,Federal Contract Tower,0,19,8,0,27,0,10,40,0,50,0,29,48,0,77,2,0,2,79
12/04/2013,SBY,MD,AEA,EN,Federal Contract Tower,0,23,4,6,33,0,0,22,9,31,0,23,26,15,64,12,6,18,82
12/05/2013,SBY,MD,AEA,EN,Federal Contract Tower,0,18,11,8,37,0,0,3,0,3,0,18,14,8,40,0,0,0,40
12/06/2013,SBY,MD,AEA,EN,Federal Contract Tower,0,21,8,2,31,0,0,5,0,5,0,21,13,2,36,0,0,0,36
12/07/2013,SBY,MD,AEA,EN,Federal Contract Tower,0,12,8,0,20,0,0,11,0,11,0,12,19,0,31,16,0,16,47
12/08/2013,SBY,MD,AEA,EN,Federal Contract Tower,0,8,1,2,11,0,0,0,0,0,0,8,1,2,11,0,0,0,11
12/09/2013,SBY,MD,AEA,EN,Federal Contract Tower,0,16,2,0,18,0,0,0,0,0,0,16,2,0,18,0,0,0,18
12/10/2013,SBY,MD,AEA,EN,Federal Contract Tower,0,17,3,0,20,0,0,4,0,4,0,17,7,0,24,2,0,2,26
12/11/2013,SBY,MD,AEA,EN,Federal Contract Tower,0,20,6,1,27,0,5,50,15,70,0,25,56,16,97,96,52,148,245
12/12/2013,SBY,MD,AEA,EN,Federal Contract Tower,0,19,14,0,33,0,0,20,10,30,0,19,34,10,63,8,64,72,135
12/13/2013,SBY,MD,AEA,EN,Federal Contract Tower,0,18,4,0,22,0,0,10,6,16,0,18,14,6,38,20,2,22,60
12/14/2013,SBY,MD,AEA,EN,Federal Contract Tower,0,12,0,0,12,0,0,14,0,14,0,12,14,0,26,32,0,32,58
12/15/2013,SBY,MD,AEA,EN,Federal Contract Tower,0,15,3,0,18,0,2,29,0,31,0,17,32,0,49,38,0,38,87
12/16/2013,SBY,MD,AEA,EN,Federal Contract Tower,0,14,8,2,24,0,0,40,14,54,0,14,48,16,78,88,4,92,170
12/17/2013,SBY,MD,AEA,EN,Federal Contract Tower,0,16,2,0,18,0,0,25,4,29,0,16,27,4,47,12,34,46,93
12/18/2013,SBY,MD,AEA,EN,Federal Contract Tower,0,18,7,1,26,0,0,31,20,51,0,18,38,21,77,42,106,148,225
12/19/2013,SBY,MD,AEA,EN,Federal Contract Tower,0,20,1,1,22,0,0,42,15,57,0,20,43,16,79,70,68,138,217
12/20/2013,SBY,MD,AEA,EN,Federal Contract Tower,0,18,2,3,23,0,0,23,10,33,0,18,25,13,56,18,60,78,134
12/21/2013,SBY,MD,AEA,EN,Federal Contract Tower,0,14,6,0,20,0,0,43,0,43,0,14,49,0,63,80,0,80,143
12/22/2013,SBY,MD,AEA,EN,Federal Contract Tower,0,12,2,0,14,0,0,4,0,4,0,12,6,0,18,12,0,12,30
12/23/2013,SBY,MD,AEA,EN,Federal Contract Tower,0,15,2,3,20,0,0,2,1,3,0,15,4,4,23,8,0,8,31
12/24/2013,SBY,MD,AEA,EN,Federal Contract Tower,0,15,1,0,16,0,2,31,2,35,0,17,32,2,51,38,0,38,89
12/25/2013,SBY,MD,AEA,EN,Federal Contract Tower,0,8,2,0,10,0,0,3,0,3,0,8,5,0,13,0,0,0,13
12/26/2013,SBY,MD,AEA,EN,Federal Contract Tower,0,19,2,0,21,0,3,44,0,47,0,22,46,0,68,48,0,48,116
12/27/2013,SBY,MD,AEA,EN,Federal Contract Tower,0,16,8,0,24,0,0,33,8,41,0,16,41,8,65,46,4,50,115
12/28/2013,SBY,MD,AEA,EN,Federal Contract Tower,0,14,7,0,21,0,0,67,0,67,0,14,74,0,88,124,0,124,212
12/29/2013,SBY,MD,AEA,EN,Federal Contract Tower,0,11,2,0,13,0,0,0,0,0,0,11,2,0,13,0,0,0,13
12/30/2013,SBY,MD,AEA,EN,Federal Contract Tower,0,16,2,2,20,0,2,30,4,36,0,18,32,6,56,32,12,44,100
12/31/2013,SBY,MD,AEA,EN,Federal Contract Tower,0,18,0,0,18,0,0,55,0,55,0,18,55,0,73,40,0,40,113
01/01/2014,SBY,MD,AEA,EN,Federal Contract Tower,0,10,3,0,13,0,0,27,0,27,0,10,30,0,40,60,0,60,100
01/02/2014,SBY,MD,AEA,EN,Federal Contract Tower,0,22,0,0,22,0,2,10,0,12,0,24,10,0,34,16,0,16,50
01/03/2014,SBY,MD,AEA,EN,Federal Contract Tower,0,18,4,0,22,0,0,3,0,3,0,18,7,0,25,0,0,0,25
01/04/2014,SBY,MD,AEA,EN,Federal Contract Tower,0,12,5,0,17,0,0,12,8,20,0,12,17,8,37,6,4,10,47
01/05/2014,SBY,MD,AEA,EN,Federal Contract Tower,0,13,6,4,23,0,0,4,2,6,0,13,10,6,29,8,10,18,47
01/06/2014,SBY,MD,AEA,EN,Federal Contract Tower,0,17,2,0,19,0,2,12,0,14,0,19,14,0,33,16,0,16,49
01/07/2014,SBY,MD,AEA,EN,Federal Contract Tower,0,18,6,0,24,0,0,8,2,10,0,18,14,2,34,0,0,0,34
01/08/2014,SBY,MD,AEA,EN,Federal Contract Tower,0,23,4,0,27,0,0,52,25,77,0,23,56,25,104,52,102,154,258
01/09/2014,SBY,MD,AEA,EN,Federal Contract Tower,0,17,4,1,22,0,2,24,9,35,0,19,28,10,57,44,34,78,135
01/10/2014,SBY,MD,AEA,EN,Federal Contract Tower,0,11,5,4,20,0,0,0,0,0,0,11,5,4,20,0,0,0,20
01/11/2014,SBY,MD,AEA,EN,Federal Contract Tower,0,14,0,0,14,0,0,0,0,0,0,14,0,0,14,0,0,0,14
01/12/2014,SBY,MD,AEA,EN,Federal Contract Tower,0,12,7,0,19,0,3,31,0,34,0,15,38,0,53,32,0,32,85
01/13/2014,SBY,MD,AEA,EN,Federal Contract Tower,0,16,7,0,23,0,0,41,6,47,0,16,48,6,70,12,32,44,114
01/14/2014,SBY,MD,AEA,EN,Federal Contract Tower,0,17,4,6,27,0,0,0,0,0,0,17,4,6,27,0,0,0,27
01/15/2014,SBY,MD,AEA,EN,Federal Contract Tower,0,18,6,0,24,0,0,19,4,23,0,18,25,4,47,28,20,48,95
01/16/2014,SBY,MD,AEA,EN,Federal Contract Tower,0,21,10,0,31,0,2,23,8,33,0,23,33,8,64,22,44,66,130
01/17/2014,SBY,MD,AEA,EN,Federal Contract Tower,0,20,10,0,30,0,0,40,10,50,0,20,50,10,80,66,72,138,218
01/18/2014,SBY,MD,AEA,EN,Federal Contract Tower,0,12,5,0,17,0,0,22,0,22,0,12,27,0,39,6,0,6,45
01/19/2014,SBY,MD,AEA,EN,Federal Contract Tower,0,13,2,0,15,0,8,22,0,30,0,21,24,0,45,28,0,28,73
01/20/2014,SBY,MD,AEA,EN,Federal Contract Tower,0,16,0,0,16,0,2,50,0,52,0,18,50,0,68,46,0,46,114
01/21/2014,SBY,MD,AEA,EN,Federal Contract Tower,0,14,1,0,15,0,0,0,0,0,0,14,1,0,15,0,0,0,15
01/22/2014,SBY,MD,AEA,EN,Federal Contract Tower,0,16,3,0,19,0,2,7,2,11,0,18,10,2,30,26,0,26,56
01/23/2014,SBY,MD,AEA,EN,Federal Contract Tower,0,19,10,2,31,0,2,22,3,27,0,21,32,5,58,26,4,30,88
01/24/2014,SBY,MD,AEA,EN,Federal Contract Tower,0,21,3,0,24,0,0,37,12,49,0,21,40,12,73,64,82,146,219
01/25/2014,SBY,MD,AEA,EN,Federal Contract Tower,0,13,0,0,13,0,0,0,0,0,0,13,0,0,13,0,0,0,13
01/26/2014,SBY,MD,AEA,EN,Federal Contract Tower,0,16,2,0,18,0,2,18,2,22,0,18,20,2,40,32,4,36,76
01/27/2014,SBY,MD,AEA,EN,Federal Contract Tower,0,32,5,2,39,0,2,25,18,45,0,34,30,20,84,12,172,184,268
01/28/2014,SBY,MD,AEA,EN,Federal Contract Tower,0,18,11,2,31,0,0,26,26,52,0,18,37,28,83,0,150,150,233
01/29/2014,SBY,MD,AEA,EN,Federal Contract Tower,0,16,2,0,18,0,4,11,0,15,0,20,13,0,33,0,0,0,33
01/30/2014,SBY,MD,AEA,EN,Federal Contract Tower,0,22,6,0,28,0,6,30,10,46,0,28,36,10,74,18,16,34,108
01/31/2014,SBY,MD,AEA,EN,Federal Contract Tower,0,16,3,4,23,0,2,52,10,64,0,18,55,14,87,58,30,88,175
02/01/2014,SBY,MD,AEA,EN,Federal Contract Tower,0,16,1,0,17,0,2,57,0,59,0,18,58,0,76,92,0,92,168
02/02/2014,SBY,MD,AEA,EN,Federal Contract Tower,0,11,3,0,14,0,1,31,0,32,0,12,34,0,46,44,0,44,90
02/03/2014,SBY,MD,AEA,EN,Federal Contract Tower,0,14,1,0,15,0,0,0,0,0,0,14,1,0,15,0,0,0,15
02/04/2014,SBY,MD,AEA,EN,Federal Contract Tower,0,21,3,3,27,0,0,28,5,33,0,21,31,8,60,24,38,62,122
02/05/2014,SBY,MD,AEA,EN,Federal Contract Tower,0,24,2,0,26,0,0,0,0,0,0,24,2,0,26,0,0,0,26
02/06/2014,SBY,MD,AEA,EN,Federal Contract Tower,0,17,6,1,24,0,12,36,19,67,0,29,42,20,91,30,56,86,177
02/07/2014,SBY,MD,AEA,EN,Federal Contract Tower,0,16,3,0,19,0,0,25,4,29,0,16,28,4,48,16,40,56,104
02/08/2014,SBY,MD,AEA,EN,Federal Contract Tower,0,12,1,0,13,0,0,15,4,19,0,12,16,4,32,22,16,38,70
02/09/2014,SBY,MD,AEA,EN,Federal Contract Tower,0,12,4,2,18,0,0,10,0,10,0,12,14,2,28,40,14,54,82
02/10/2014,SBY,MD,AEA,EN,Federal Contract Tower,0,15,7,0,22,0,2,21,26,49,0,17,28,26,71,38,90,128,199
02/11/2014,SBY,MD,AEA,EN,Federal Contract Tower,0,16,5,0,21,0,0,62,20,82,0,16,67,20,103,82,96,178,281
02/12/2014,SBY,MD,AEA,EN,Federal Contract Tower,0,15,6,2,23,0,0,22,10,32,0,15,28,12,55,28,46,74,129
02/13/2014,SBY,MD,AEA,EN,Federal Contract Tower,0,2,1,0,3,0,0,0,0,0,0,2,1,0,3,0,0,0,3
02/14/2014,SBY,MD,AEA,EN,Federal Contract Tower,0,24,3,0,27,0,1,21,0,22,0,25,24,0,49,16,24,40,89
02/15/2014,SBY,MD,AEA,EN,Federal Contract Tower,0,12,1,0,13,0,0,0,0,0,0,12,1,0,13,0,0,0,13
02/16/2014,SBY,MD,AEA,EN,Federal Contract Tower,0,15,4,0,19,0,0,20,0,20,0,15,24,0,39,34,0,34,73
02/17/2014,SBY,MD,AEA,EN,Federal Contract Tower,0,15,3,0,18,0,3,42,0,45,0,18,45,0,63,64,0,64,127
02/18/2014,SBY,MD,AEA,EN,Federal Contract Tower,0,18,2,2,22,0,10,17,20,47,0,28,19,22,69,10,72,82,151
02/19/2014,SBY,MD,AEA,EN,Federal Contract Tower,0,17,7,0,24,0,2,12,10,24,0,19,19,10,48,34,30,64,112
02/20/2014,SBY,MD,AEA,EN,Federal Contract Tower,0,17,9,7,33,0,3,35,14,52,0,20,44,21,85,128,122,250,335
02/21/2014,SBY,MD,AEA,EN,Federal Contract Tower,0,29,3,0,32,0,0,3,0,3,0,29,6,0,35,0,0,0,35
02/22/2014,SBY,MD,AEA,EN,Federal Contract Tower,0,13,2,0,15,0,0,46,0,46,0,13,48,0,61,166,0,166,227
02/23/2014,SBY,MD,AEA,EN,Federal Contract Tower,0,13,2,0,15,0,0,43,8,51,0,13,45,8,66,62,20,82,148
02/24/2014,SBY,MD,AEA,EN,Federal Contract Tower,0,14,4,0,18,0,0,18,22,40,0,14,22,22,58,2,76,78,136
02/25/2014,SBY,MD,AEA,EN,Federal Contract Tower,0,17,3,0,20,0,0,22,14,36,0,17,25,14,56,2,24,26,82
02/26/2014,SBY,MD,AEA,EN,Federal Contract Tower,0,17,4,4,25,0,4,6,4,14,0,21,10,8,39,12,16,28,67
02/27/2014,SBY,MD,AEA,EN,Federal Contract Tower,0,18,3,2,23,0,0,27,2,29,0,18,30,4,52,8,12,20,72
02/28/2014,SBY,MD,AEA,EN,Federal Contract Tower,0,16,2,0,18,0,0,28,30,58,0,16,30,30,76,60,62,122,198
03/01/2014,SBY,MD,AEA,EN,Federal Contract Tower,0,12,1,0,13,0,2,21,0,23,0,14,22,0,36,32,0,32,68
03/02/2014,SBY,MD,AEA,EN,Federal Contract Tower,0,14,3,0,17,0,0,20,0,20,0,14,23,0,37,8,0,8,45
03/03/2014,SBY,MD,AEA,EN,Federal Contract Tower,0,12,2,0,14,0,0,0,0,0,0,12,2,0,14,0,0,0,14
03/04/2014,SBY,MD,AEA,EN,Federal Contract Tower,0,15,6,0,21,0,6,23,0,29,0,21,29,0,50,8,0,8,58
03/05/2014,SBY,MD,AEA,EN,Federal Contract Tower,0,15,2,0,17,0,4,29,0,33,0,19,31,0,50,20,0,20,70
03/06/2014,SBY,MD,AEA,EN,Federal Contract Tower,0,16,7,0,23,0,0,14,5,19,0,16,21,5,42,6,10,16,58
03/07/2014,SBY,MD,AEA,EN,Federal Contract Tower,0,15,4,0,19,0,0,2,0,2,0,15,6,0,21,0,0,0,21
03/08/2014,SBY,MD,AEA,EN,Federal Contract Tower,0,14,7,0,21,0,0,38,5,43,0,14,45,5,64,68,48,116,180
03/09/2014,SBY,MD,AEA,EN,Federal Contract Tower,0,13,5,0,18,0,2,28,0,30,0,15,33,0,48,12,0,12,60
03/10/2014,SBY,MD,AEA,EN,Federal Contract Tower,0,20,7,0,27,0,8,30,20,58,0,28,37,20,85,38,186,224,309
03/11/2014,SBY,MD,AEA,EN,Federal Contract Tower,0,21,4,0,25,0,0,47,12,59,0,21,51,12,84,30,92,122,206
03/12/2014,SBY,MD,AEA,EN,Federal Contract Tower,0,20,2,4,26,0,8,17,6,31,0,28,19,10,57,2,54,56,113
03/13/2014,SBY,MD,AEA,EN,Federal Contract Tower,0,17,3,0,20,0,0,14,12,26,0,17,17,12,46,14,18,32,78
03/14/2014,SBY,MD,AEA,EN,Federal Contract Tower,0,17,6,0,23,0,0,37,6,43,0,17,43,6,66,50,16,66,132
03/15/2014,SBY,MD,AEA,EN,Federal Contract Tower,0,13,7,0,20,0,16,19,2,37,0,29,26,2,57,14,2,16,73
03/16/2014,SBY,MD,AEA,EN,Federal Contract Tower,0,13,6,0,19,0,0,11,0,11,0,13,17,0,30,10,0,10,40
03/17/2014,SBY,MD,AEA,EN,Federal Contract Tower,0,17,1,0,18,0,0,0,0,0,0,17,1,0,18,0,0,0,18
03/18/2014,SBY,MD,AEA,EN,Federal Contract Tower,0,15,7,2,24,0,1,13,4,18,0,16,20,6,42,0,18,18,60
03/19/2014,SBY,MD,AEA,EN,Federal Contract Tower,0,16,7,13,36,0,0,24,2,26,0,16,31,15,62,6,12,18,80
03/20/2014,SBY,MD,AEA,EN,Federal Contract Tower,0,19,12,0,31,0,0,17,12,29,0,19,29,12,60,8,44,52,112
03/21/2014,SBY,MD,AEA,EN,Federal Contract Tower,0,17,9,0,26,0,0,44,0,44,0,17,53,0,70,28,42,70,140
03/22/2014,SBY,MD,AEA,EN,Federal Contract Tower,0,12,0,0,12,0,2,32,6,40,0,14,32,6,52,20,2,22,74
03/23/2014,SBY,MD,AEA,EN,Federal Contract Tower,0,15,8,0,23,0,1,11,0,12,0,16,19,0,35,6,0,6,41
03/24/2014,SBY,MD,AEA,EN,Federal Contract Tower,0,15,5,0,20,0,1,48,20,69,0,16,53,20,89,12,84,96,185
03/25/2014,SBY,MD,AEA,EN,Federal Contract Tower,0,14,9,4,27,0,0,0,0,0,0,14,9,4,27,0,0,0,27
03/26/2014,SBY,MD,AEA,EN,Federal Contract Tower,0,21,12,0,33,0,2,17,6,25,0,23,29,6,58,14,32,46,104
03/27/2014,SBY,MD,AEA,EN,Federal Contract Tower,0,16,14,0,30,0,0,38,12,50,0,16,52,12,80,22,16,38,118
03/28/2014,SBY,MD,AEA,EN,Federal Contract Tower,0,16,8,0,24,0,0,5,0,5,0,16,13,0,29,0,0,0,29
03/29/2014,SBY,MD,AEA,EN,Federal Contract Tower,0,11,0,0,11,0,0,0,0,0,0,11,0,0,11,0,0,0,11
03/30/2014,SBY,MD,AEA,EN,Federal Contract Tower,0,14,4,0,18,0,0,0,0,0,0,14,4,0,18,0,0,0,18
03/31/2014,SBY,MD,AEA,EN,Federal Contract Tower,0,21,9,10,40,0,0,29,4,33,0,21,38,14,73,22,26,48,121
04/01/2014,SBY,MD,AEA,EN,Federal Contract Tower,0,15,9,2,26,0,2,57,6,65,0,17,66,8,91,30,50,80,171
04/02/2014,SBY,MD,AEA,EN,Federal Contract Tower,0,15,9,1,25,0,0,41,25,66,0,15,50,26,91,38,74,112,203
04/03/2014,SBY,MD,AEA,EN,Federal Contract Tower,0,18,9,4,31,0,0,41,10,51,0,18,50,14,82,20,56,76,158
04/04/2014,SBY,MD,AEA,EN,Federal Contract Tower,0,22,5,0,27,0,0,22,0,22,0,22,27,0,49,18,0,18,67
04/05/2014,SBY,MD,AEA,EN,Federal Contract Tower,0,14,4,0,18,0,0,34,0,34,0,14,38,0,52,42,0,42,94
04/06/2014,SBY,MD,AEA,EN,Federal Contract Tower,0,11,9,0,20,0,0,50,0,50,0,11,59,0,70,42,0,42,112
04/07/2014,SBY,MD,AEA,EN,Federal Contract Tower,0,25,7,0,32,0,0,4,0,4,0,25,11,0,36,22,0,22,58
04/08/2014,SBY,MD,AEA,EN,Federal Contract Tower,0,17,9,2,28,0,0,16,15,31,0,17,25,17,59,14,6,20,79
04/09/2014,SBY,MD,AEA,EN,Federal Contract Tower,0,18,11,2,31,0,0,38,21,59,0,18,49,23,90,30,76,106,196
04/10/2014,SBY,MD,AEA,EN,Federal Contract Tower,0,19,8,0,27,0,2,52,10,64,0,21,60,10,91,58,32,90,181
04/11/2014,SBY,MD,AEA,EN,Federal Contract Tower,0,21,13,0,34,0,0,51,4,55,0,21,64,4,89,16,12,28,117
04/12/2014,SBY,MD,AEA,EN,Federal Contract Tower,0,15,7,0,22,0,0,55,0,55,0,15,62,0,77,72,0,72,149
04/13/2014,SBY,MD,AEA,EN,Federal Contract Tower,0,14,2,0,16,0,0,27,0,27,0,14,29,0,43,4,0,4,47
04/14/2014,SBY,MD,AEA,EN,Federal Contract Tower,0,18,4,0,22,0,2,24,6,32,0,20,28,6,54,12,28,40,94
04/15/2014,SBY,MD,AEA,EN,Federal Contract Tower,0,18,8,0,26,0,0,0,0,0,0,18,8,0,26,0,0,0,26
04/16/2014,SBY,MD,AEA,EN,Federal Contract Tower,0,22,12,1,35,0,0,23,18,41,0,22,35,19,76,22,86,108,184
04/17/2014,SBY,MD,AEA,EN,Federal Contract Tower,0,17,14,3,34,0,0,43,8,51,0,17,57,11,85,44,38,82,167
04/18/2014,SBY,MD,AEA,EN,Federal Contract Tower,0,21,11,4,36,0,0,25,0,25,0,21,36,4,61,14,0,14,75
04/19/2014,SBY,MD,AEA,EN,Federal Contract Tower,0,12,3,1,16,0,2,53,4,59,0,14,56,5,75,54,16,70,145
04/20/2014,SBY,MD,AEA,EN,Federal Contract Tower,0,11,6,0,17,0,0,25,0,25,0,11,31,0,42,2,0,2,44
04/21/2014,SBY,MD,AEA,EN,Federal Contract Tower,0,20,13,4,37,0,0,61,24,85,0,20,74,28,122,66,138,204,326
04/22/2014,SBY,MD,AEA,EN,Federal Contract Tower,0,15,8,1,24,0,2,42,9,53,0,17,50,10,77,24,50,74,151
04/23/2014,SBY,MD,AEA,EN,Federal Contract Tower,0,16,13,0,29,0,0,11,2,13,0,16,24,2,42,8,0,8,50
04/24/2014,SBY,MD,AEA,EN,Federal Contract Tower,0,19,17,0,36,0,0,43,12,55,0,19,60,12,91,30,28,58,149
04/25/2014,SBY,MD,AEA,EN,Federal Contract Tower,0,23,15,0,38,0,2,17,5,24,0,25,32,5,62,0,18,18,80
04/26/2014,SBY,MD,AEA,EN,Federal Contract Tower,0,13,19,0,32,0,0,58,0,58,0,13,77,0,90,16,0,16,106
04/27/2014,SBY,MD,AEA,EN,Federal Contract Tower,0,18,9,0,27,0,2,55,0,57,0,20,64,0,84,32,0,32,116
04/28/2014,SBY,MD,AEA,EN,Federal Contract Tower,0,14,6,4,24,0,2,32,6,40,0,16,38,10,64,54,24,78,142
04/29/2014,SBY,MD,AEA,EN,Federal Contract Tower,0,19,7,0,26,0,0,6,0,6,0,19,13,0,32,0,0,0,32
04/30/2014,SBY,MD,AEA,EN,Federal Contract Tower,0,20,3,0,23,0,0,0,0,0,0,20,3,0,23,0,0,0,23
05/01/2014,SBY,MD,AEA,EN,Federal Contract Tower,0,18,12,0,30,0,0,6,4,10,0,18,18,4,40,0,44,44,84
05/02/2014,SBY,MD,AEA,EN,Federal Contract Tower,0,20,13,0,33,0,0,44,0,44,0,20,57,0,77,80,0,80,157
05/03/2014,SBY,MD,AEA,EN,Federal Contract Tower,0,12,6,0,18,0,0,57,0,57,0,12,63,0,75,76,0,76,151
05/04/2014,SBY,MD,AEA,EN,Federal Contract Tower,0,13,2,0,15,0,0,40,0,40,0,13,42,0,55,16,0,16,71
05/05/2014,SBY,MD,AEA,EN,Federal Contract Tower,0,16,10,0,26,0,1,35,8,44,0,17,45,8,70,0,8,8,78
05/06/2014,SBY,MD,AEA,EN,Federal Contract Tower,0,19,16,0,35,0,2,7,25,34,0,21,23,25,69,18,58,76,145
05/07/2014,SBY,MD,AEA,EN,Federal Contract Tower,0,19,6,6,31,0,2,38,17,57,0,21,44,23,88,52,46,98,186
05/08/2014,SBY,MD,AEA,EN,Federal Contract Tower,0,27,9,1,37,0,0,29,17,46,0,27,38,18,83,30,44,74,157
05/09/2014,SBY,MD,AEA,EN,Federal Contract Tower,0,17,15,0,32,0,0,15,4,19,0,17,30,4,51,24,18,42,93
05/10/2014,SBY,MD,AEA,EN,Federal Contract Tower,0,15,4,0,19,0,0,29,0,29,0,15,33,0,48,16,0,16,64
05/11/2014,SBY,MD,AEA,EN,Federal Contract Tower,0,11,4,0,15,0,0,43,0,43,0,11,47,0,58,32,0,32,90
05/12/2014,SBY,MD,AEA,EN,Federal Contract Tower,0,16,5,0,21,0,0,25,10,35,0,16,30,10,56,12,0,12,68
05/13/2014,SBY,MD,AEA,EN,Federal Contract Tower,0,17,10,1,28,0,14,25,17,56,0,31,35,18,84,26,124,150,234
05/14/2014,SBY,MD,AEA,EN,Federal Contract Tower,0,28,6,0,34,0,0,0,0,0,0,28,6,0,34,0,0,0,34
05/15/2014,SBY,MD,AEA,EN,Federal Contract Tower,0,21,17,4,42,0,1,20,2,23,0,22,37,6,65,26,10,36,101
05/16/2014,SBY,MD,AEA,EN,Federal Contract Tower,0,22,6,0,28,0,0,11,0,11,0,22,17,0,39,10,0,10,49
05/17/2014,SBY,MD,AEA,EN,Federal Contract Tower,0,18,7,0,25,0,0,40,1,41,0,18,47,1,66,48,0,48,114
05/18/2014,SBY,MD,AEA,EN,Federal Contract Tower,0,14,4,0,18,0,0,40,2,42,0,14,44,2,60,30,0,30,90
05/19/2014,SBY,MD,AEA,EN,Federal Contract Tower,0,18,10,0,28,0,0,35,14,49,0,18,45,14,77,100,32,132,209
05/20/2014,SBY,MD,AEA,EN,Federal Contract Tower,0,15,7,0,22,0,0,61,2,63,0,15,68,2,85,16,0,16,101
05/21/2014,SBY,MD,AEA,EN,Federal Contract Tower,0,16,6,6,28,0,3,54,22,79,0,19,60,28,107,66,70,136,243
05/22/2014,SBY,MD,AEA,EN,Federal Contract Tower,0,21,12,2,35,0,0,27,11,38,0,21,39,13,73,20,54,74,147
05/23/2014,SBY,MD,AEA,EN,Federal Contract Tower,0,17,2,0,19,0,1,79,4,84,0,18,81,4,103,102,4,106,209
05/24/2014,SBY,MD,AEA,EN,Federal Contract Tower,0,13,9,0,22,0,0,30,0,30,0,13,39,0,52,22,0,22,74
05/25/2014,SBY,MD,AEA,EN,Federal Contract Tower,0,8,4,0,12,0,0,67,0,67,0,8,71,0,79,14,0,14,93
05/26/2014,SBY,MD,AEA,EN,Federal Contract Tower,0,13,5,0,18,0,0,72,0,72,0,13,77,0,90,0,0,0,90
05/27/2014,SBY,MD,AEA,EN,Federal Contract Tower,0,14,8,4,26,0,0,39,2,41,0,14,47,6,67,14,8,22,89
05/28/2014,SBY,MD,AEA,EN,Federal Contract Tower,0,20,17,3,40,0,0,46,8,54,0,20,63,11,94,60,32,92,186
05/29/2014,SBY,MD,AEA,EN,Federal Contract Tower,0,22,22,8,52,0,2,2,4,8,0,24,24,12,60,0,0,0,60
05/30/2014,SBY,MD,AEA,EN,Federal Contract Tower,0,18,18,4,40,0,0,28,2,30,0,18,46,6,70,20,2,22,92
05/31/2014,SBY,MD,AEA,EN,Federal Contract Tower,0,15,5,2,22,0,0,29,2,31,0,15,34,4,53,10,2,12,65
06/01/2014,SBY,MD,AEA,EN,Federal Contract Tower,0,11,6,0,17,0,5,21,0,26,0,16,27,0,43,6,0,6,49
06/02/2014,SBY,MD,AEA,EN,Federal Contract Tower,0,14,11,0,25,0,4,66,10,80,0,18,77,10,105,62,104,166,271
06/03/2014,SBY,MD,AEA,EN,Federal Contract Tower,0,17,7,0,24,0,2,57,12,71,0,19,64,12,95,70,122,192,287
06/04/2014,SBY,MD,AEA,EN,Federal Contract Tower,0,21,7,1,29,0,6,53,22,81,0,27,60,23,110,92,48,140,250
06/05/2014,SBY,MD,AEA,EN,Federal Contract Tower,0,21,4,0,25,0,0,24,6,30,0,21,28,6,55,36,30,66,121
06/06/2014,SBY,MD,AEA,EN,Federal Contract Tower,0,16,9,0,25,0,0,30,4,34,0,16,39,4,59,6,38,44,103
06/07/2014,SBY,MD,AEA,EN,Federal Contract Tower,0,12,7,0,19,0,4,75,0,79,0,16,82,0,98,62,0,62,160
06/08/2014,SBY,MD,AEA,EN,Federal Contract Tower,0,16,8,0,24,0,0,43,0,43,0,16,51,0,67,20,0,20,87
06/09/2014,SBY,MD,AEA,EN,Federal Contract Tower,0,10,6,0,16,0,0,23,0,23,0,10,29,0,39,0,0,0,39
06/10/2014,SBY,MD,AEA,EN,Federal Contract Tower,0,22,11,0,33,0,0,23,2,25,0,22,34,2,58,32,0,32,90
06/11/2014,SBY,MD,AEA,EN,Federal Contract Tower,0,18,2,2,22,0,2,11,10,23,0,20,13,12,45,12,60,72,117
06/12/2014,SBY,MD,AEA,EN,Federal Contract Tower,0,23,15,0,38,0,0,7,0,7,0,23,22,0,45,16,0,16,61
06/13/2014,SBY,MD,AEA,EN,Federal Contract Tower,0,16,19,0,35,0,2,15,0,17,0,18,34,0,52,2,0,2,54
06/14/2014,SBY,MD,AEA,EN,Federal Contract Tower,0,13,11,0,24,0,0,51,10,61,0,13,62,10,85,66,0,66,151
06/15/2014,SBY,MD,AEA,EN,Federal Contract Tower,0,9,8,0,17,0,2,41,0,43,0,11,49,0,60,86,0,86,146
06/16/2014,SBY,MD,AEA,EN,Federal Contract Tower,0,15,3,0,18,0,2,56,6,64,0,17,59,6,82,68,54,122,204
06/17/2014,SBY,MD,AEA,EN,Federal Contract Tower,0,17,5,9,31,0,2,43,14,59,0,19,48,23,90,42,60,102,192
06/18/2014,SBY,MD,AEA,EN,Federal Contract Tower,0,19,8,0,27,0,3,43,8,54,0,22,51,8,81,72,122,194,275
06/19/2014,SBY,MD,AEA,EN,Federal Contract Tower,0,18,7,1,26,0,11,7,10,28,0,29,14,11,54,0,18,18,72
06/20/2014,SBY,MD,AEA,EN,Federal Contract Tower,0,22,2,0,24,0,0,35,0,35,0,22,37,0,59,22,0,22,81
06/21/2014,SBY,MD,AEA,EN,Federal Contract Tower,0,18,1,0,19,0,0,22,0,22,0,18,23,0,41,36,0,36,77
06/22/2014,SBY,MD,AEA,EN,Federal Contract Tower,0,16,2,0,18,0,0,25,0,25,0,16,27,0,43,48,0,48,91
06/23/2014,SBY,MD,AEA,EN,Federal Contract Tower,0,16,11,0,27,0,2,66,4,72,0,18,77,4,99,118,28,146,245
06/24/2014,SBY,MD,AEA,EN,Federal Contract Tower,0,17,8,0,25,0,5,51,4,60,0,22,59,4,85,56,42,98,183
06/25/2014,SBY,MD,AEA,EN,Federal Contract Tower,0,18,13,1,32,0,0,35,4,39,0,18,48,5,71,22,28,50,121
06/26/2014,SBY,MD,AEA,EN,Federal Contract Tower,0,17,5,2,24,0,2,23,13,38,0,19,28,15,62,30,66,96,158
06/27/2014,SBY,MD,AEA,EN,Federal Contract Tower,0,18,6,2,26,0,0,30,13,43,0,18,36,15,69,62,60,122,191
06/28/2014,SBY,MD,AEA,EN,Federal Contract Tower,0,16,9,0,25,0,1,46,0,47,0,17,55,0,72,86,0,86,158
06/29/2014,SBY,MD,AEA,EN,Federal Contract Tower,0,11,3,0,14,0,3,40,0,43,0,14,43,0,57,52,0,52,109
06/30/2014,SBY,MD,AEA,EN,Federal Contract Tower,0,16,5,0,21,0,0,40,2,42,0,16,45,2,63,10,8,18,81
07/01/2014,SBY,MD,AEA,EN,Federal Contract Tower,0,18,3,0,21,0,0,41,6,47,0,18,44,6,68,46,28,74,142
07/02/2014,SBY,MD,AEA,EN,Federal Contract Tower,0,21,4,0,25,0,0,36,0,36,0,21,40,0,61,54,0,54,115
07/03/2014,SBY,MD,AEA,EN,Federal Contract Tower,0,17,1,0,18,0,0,15,0,15,0,17,16,0,33,22,0,22,55
07/04/2014,SBY,MD,AEA,EN,Federal Contract Tower,0,13,0,0,13,0,0,0,0,0,0,13,0,0,13,0,0,0,13
07/05/2014,SBY,MD,AEA,EN,Federal Contract Tower,0,14,5,0,19,0,1,46,0,47,0,15,51,0,66,40,0,40,106
07/06/2014,SBY,MD,AEA,EN,Federal Contract Tower,0,13,9,0,22,0,2,26,0,28,0,15,35,0,50,34,0,34,84
07/07/2014,SBY,MD,AEA,EN,Federal Contract Tower,0,18,7,1,26,0,0,27,3,30,0,18,34,4,56,16,52,68,124
07/08/2014,SBY,MD,AEA,EN,Federal Contract Tower,0,25,1,0,26,0,0,45,18,63,0,25,46,18,89,42,94,136,225
07/09/2014,SBY,MD,AEA,EN,Federal Contract Tower,0,22,12,1,35,0,0,51,18,69,0,22,63,19,104,48,38,86,190
07/10/2014,SBY,MD,AEA,EN,Federal Contract Tower,0,21,10,3,34,0,1,7,4,12,0,22,17,7,46,0,14,14,60
07/11/2014,SBY,MD,AEA,EN,Federal Contract Tower,0,35,17,0,52,0,0,45,4,49,0,35,62,4,101,58,68,126,227
07/12/2014,SBY,MD,AEA,EN,Federal Contract Tower,0,12,7,0,19,0,0,31,0,31,0,12,38,0,50,72,0,72,122
07/13/2014,SBY,MD,AEA,EN,Federal Contract Tower,0,16,5,0,21,0,0,21,0,21,0,16,26,0,42,26,0,26,68
07/14/2014,SBY,MD,AEA,EN,Federal Contract Tower,0,17,1,0,18,0,0,43,6,49,0,17,44,6,67,18,70,88,155
07/15/2014,SBY,MD,AEA,EN,Federal Contract Tower,0,19,13,0,32,0,0,27,6,33,0,19,40,6,65,52,38,90,155
07/16/2014,SBY,MD,AEA,EN,Federal Contract Tower,0,19,14,6,39,0,0,42,22,64,0,19,56,28,103,96,116,212,315
07/17/2014,SBY,MD,AEA,EN,Federal Contract Tower,0,18,5,0,23,0,3,34,19,56,0,21,39,19,79,56,116,172,251
07/18/2014,SBY,MD,AEA,EN,Federal Contract Tower,0,16,4,4,24,0,0,56,22,78,0,16,60,26,102,72,160,232,334
07/19/2014,SBY,MD,AEA,EN,Federal Contract Tower,0,13,2,0,15,0,0,36,0,36,0,13,38,0,51,26,0,26,77
07/20/2014,SBY,MD,AEA,EN,Federal Contract Tower,0,11,9,0,20,0,0,6,0,6,0,11,15,0,26,4,0,4,30
07/21/2014,SBY,MD,AEA,EN,Federal Contract Tower,0,17,18,12,47,0,0,52,8,60,0,17,70,20,107,52,124,176,283
07/22/2014,SBY,MD,AEA,EN,Federal Contract Tower,0,21,11,4,36,0,2,64,26,92,0,23,75,30,128,62,102,164,292
07/23/2014,SBY,MD,AEA,EN,Federal Contract Tower,0,24,11,3,38,0,0,42,17,59,0,24,53,20,97,38,88,126,223
07/24/2014,SBY,MD,AEA,EN,Federal Contract Tower,0,22,14,9,45,0,0,4,8,12,0,22,18,17,57,6,30,36,93
07/25/2014,SBY,MD,AEA,EN,Federal Contract Tower,0,21,14,0,35,0,0,51,14,65,0,21,65,14,100,48,64,112,212
07/26/2014,SBY,MD,AEA,EN,Federal Contract Tower,0,12,14,0,26,0,0,35,0,35,0,12,49,0,61,72,0,72,133
07/27/2014,SBY,MD,AEA,EN,Federal Contract Tower,0,13,2,0,15,0,1,18,0,19,0,14,20,0,34,0,0,0,34
07/28/2014,SBY,MD,AEA,EN,Federal Contract Tower,0,14,7,2,23,0,2,24,16,42,0,16,31,18,65,4,14,18,83
07/29/2014,SBY,MD,AEA,EN,Federal Contract Tower,0,19,9,1,29,0,10,45,32,87,0,29,54,33,116,22,50,72,188
07/30/2014,SBY,MD,AEA,EN,Federal Contract Tower,0,20,5,3,28,0,0,61,31,92,0,20,66,34,120,84,72,156,276
07/31/2014,SBY,MD,AEA,EN,Federal Contract Tower,0,17,11,7,35,0,0,29,18,47,0,17,40,25,82,18,84,102,184
08/01/2014,SBY,MD,AEA,EN,Federal Contract Tower,0,17,13,2,32,0,0,12,4,16,0,17,25,6,48,22,24,46,94
08/02/2014,SBY,MD,AEA,EN,Federal Contract Tower,0,16,11,0,27,0,0,2,0,2,0,16,13,0,29,6,0,6,35
08/03/2014,SBY,MD,AEA,EN,Federal Contract Tower,0,14,12,0,26,0,0,5,0,5,0,14,17,0,31,0,0,0,31
08/04/2014,SBY,MD,AEA,EN,Federal Contract Tower,0,16,5,0,21,0,2,25,10,37,0,18,30,10,58,14,68,82,140
08/05/2014,SBY,MD,AEA,EN,Federal Contract Tower,0,18,8,0,26,0,28,53,21,102,0,46,61,21,128,54,140,194,322
08/06/2014,SBY,MD,AEA,EN,Federal Contract Tower,0,19,9,0,28,0,13,32,20,65,0,32,41,20,93,28,116,144,237
08/07/2014,SBY,MD,AEA,EN,Federal Contract Tower,0,19,8,2,29,0,9,23,14,46,0,28,31,16,75,8,64,72,147
08/08/2014,SBY,MD,AEA,EN,Federal Contract Tower,0,21,9,2,32,0,8,45,9,62,0,29,54,11,94,60,124,184,278
08/09/2014,SBY,MD,AEA,EN,Federal Contract Tower,0,14,10,0,24,0,0,58,0,58,0,14,68,0,82,114,0,114,196
08/10/2014,SBY,MD,AEA,EN,Federal Contract Tower,0,15,2,0,17,0,0,17,0,17,0,15,19,0,34,34,0,34,68
08/11/2014,SBY,MD,AEA,EN,Federal Contract Tower,0,18,9,6,33,0,2,24,18,44,0,20,33,24,77,6,104,110,187
08/12/2014,SBY,MD,AEA,EN,Federal Contract Tower,0,19,7,0,26,0,0,4,0,4,0,19,11,0,30,28,0,28,58
08/13/2014,SBY,MD,AEA,EN,Federal Contract Tower,0,22,19,3,44,0,0,45,29,74,0,22,64,32,118,54,140,194,312
08/14/2014,SBY,MD,AEA,EN,Federal Contract Tower,0,22,6,5,33,0,0,39,9,48,0,22,45,14,81,44,38,82,163
08/15/2014,SBY,MD,AEA,EN,Federal Contract Tower,0,20,12,2,34,0,2,61,12,75,0,22,73,14,109,54,96,150,259
08/16/2014,SBY,MD,AEA,EN,Federal Contract Tower,0,17,12,0,29,0,0,57,0,57,0,17,69,0,86,64,0,64,150
08/17/2014,SBY,MD,AEA,EN,Federal Contract Tower,0,11,4,0,15,0,0,6,0,6,0,11,10,0,21,8,0,8,29
08/18/2014,SBY,MD,AEA,EN,Federal Contract Tower,0,14,7,0,21,0,0,30,14,44,0,14,37,14,65,14,52,66,131
08/19/2014,SBY,MD,AEA,EN,Federal Contract Tower,0,22,11,0,33,0,1,20,8,29,0,23,31,8,62,0,36,36,98
08/20/2014,SBY,MD,AEA,EN,Federal Contract Tower,0,19,3,3,25,0,3,52,24,79,0,22,55,27,104,34,66,100,204
08/21/2014,SBY,MD,AEA,EN,Federal Contract Tower,0,18,7,0,25,0,2,20,5,27,0,20,27,5,52,30,2,32,84
08/22/2014,SBY,MD,AEA,EN,Federal Contract Tower,0,18,13,5,36,0,0,3,0,3,0,18,16,5,39,2,0,2,41
08/23/2014,SBY,MD,AEA,EN,Federal Contract Tower,0,14,5,0,19,0,0,7,0,7,0,14,12,0,26,0,0,0,26
08/24/2014,SBY,MD,AEA,EN,Federal Contract Tower,0,11,9,0,20,0,3,30,0,33,0,14,39,0,53,20,0,20,73
08/25/2014,SBY,MD,AEA,EN,Federal Contract Tower,0,18,8,0,26,0,1,27,22,50,0,19,35,22,76,6,110,116,192
08/26/2014,SBY,MD,AEA,EN,Federal Contract Tower,0,19,12,2,33,0,0,48,14,62,0,19,60,16,95,40,80,120,215
08/27/2014,SBY,MD,AEA,EN,Federal Contract Tower,0,19,20,2,41,0,4,30,16,50,0,23,50,18,91,20,92,112,203
08/28/2014,SBY,MD,AEA,EN,Federal Contract Tower,0,18,9,4,31,0,2,31,12,45,0,20,40,16,76,24,88,112,188
08/29/2014,SBY,MD,AEA,EN,Federal Contract Tower,0,25,7,0,32,0,2,43,3,48,0,27,50,3,80,42,66,108,188
08/30/2014,SBY,MD,AEA,EN,Federal Contract Tower,0,12,6,0,18,0,3,45,2,50,0,15,51,2,68,28,2,30,98
08/31/2014,SBY,MD,AEA,EN,Federal Contract Tower,0,13,3,0,16,0,0,33,0,33,0,13,36,0,49,26,0,26,75
09/01/2014,SBY,MD,AEA,EN,Federal Contract Tower,0,15,6,0,21,0,0,44,0,44,0,15,50,0,65,26,0,26,91
09/02/2014,SBY,MD,AEA,EN,Federal Contract Tower,0,13,1,4,18,0,0,38,26,64,0,13,39,30,82,12,156,168,250
09/03/2014,SBY,MD,AEA,EN,Federal Contract Tower,0,18,11,4,33,0,4,33,18,55,0,22,44,22,88,16,104,120,208
09/04/2014,SBY,MD,AEA,EN,Federal Contract Tower,0,19,7,2,28,0,13,28,15,56,0,32,35,17,84,30,62,92,176
09/05/2014,SBY,MD,AEA,EN,Federal Contract Tower,0,18,6,2,26,0,19,28,22,69,0,37,34,24,95,26,96,122,217
09/06/2014,SBY,MD,AEA,EN,Federal Contract Tower,0,12,3,1,16,0,0,31,2,33,0,12,34,3,49,54,6,60,109
09/07/2014,SBY,MD,AEA,EN,Federal Contract Tower,0,11,9,0,20,0,5,11,0,16,0,16,20,0,36,26,0,26,62
09/08/2014,SBY,MD,AEA,EN,Federal Contract Tower,0,15,2,3,20,0,3,14,11,28,0,18,16,14,48,22,44,66,114
09/09/2014,SBY,MD,AEA,EN,Federal Contract Tower,0,18,8,7,33,0,0,2,1,3,0,18,10,8,36,0,0,0,36
09/10/2014,SBY,MD,AEA,EN,Federal Contract Tower,0,21,3,1,25,0,0,21,19,40,0,21,24,20,65,24,52,76,141
09/11/2014,SBY,MD,AEA,EN,Federal Contract Tower,0,17,5,0,22,0,4,31,17,52,0,21,36,17,74,18,64,82,156
09/12/2014,SBY,MD,AEA,EN,Federal Contract Tower,0,17,5,0,22,0,0,25,11,36,0,17,30,11,58,44,66,110,168
09/13/2014,SBY,MD,AEA,EN,Federal Contract Tower,0,11,10,0,21,0,4,20,0,24,0,15,30,0,45,16,0,16,61
09/14/2014,SBY,MD,AEA,EN,Federal Contract Tower,0,13,4,0,17,0,7,55,0,62,0,20,59,0,79,108,0,108,187
09/15/2014,SBY,MD,AEA,EN,Federal Contract Tower,0,14,9,4,27,0,2,39,12,53,0,16,48,16,80,16,52,68,148
09/16/2014,SBY,MD,AEA,EN,Federal Contract Tower,0,19,15,2,36,0,2,29,8,39,0,21,44,10,75,28,24,52,127
09/17/2014,SBY,MD,AEA,EN,Federal Contract Tower,0,19,8,0,27,0,4,61,20,85,0,23,69,20,112,64,114,178,290
09/18/2014,SBY,MD,AEA,EN,Federal Contract Tower,0,17,8,0,25,0,2,61,15,78,0,19,69,15,103,62,82,144,247
09/19/2014,SBY,MD,AEA,EN,Federal Contract Tower,0,18,10,0,28,0,0,26,1,27,0,18,36,1,55,0,0,0,55
09/20/2014,SBY,MD,AEA,EN,Federal Contract Tower,0,13,3,0,16,0,0,30,0,30,0,13,33,0,46,12,0,12,58
09/21/2014,SBY,MD,AEA,EN,Federal Contract Tower,0,14,14,0,28,0,0,22,0,22,0,14,36,0,50,32,0,32,82
09/22/2014,SBY,MD,AEA,EN,Federal Contract Tower,0,13,4,0,17,0,0,44,16,60,0,13,48,16,77,48,152,200,277
09/23/2014,SBY,MD,AEA,EN,Federal Contract Tower,0,19,11,4,34,0,4,71,16,91,0,23,82,20,125,68,28,96,221
09/24/2014,SBY,MD,AEA,EN,Federal Contract Tower,0,17,3,1,21,0,2,18,11,31,0,19,21,12,52,30,30,60,112
09/25/2014,SBY,MD,AEA,EN,Federal Contract Tower,0,17,16,2,35,0,0,0,0,0,0,17,16,2,35,0,0,0,35
09/26/2014,SBY,MD,AEA,EN,Federal Contract Tower,0,18,5,4,27,0,1,72,24,97,0,19,77,28,124,54,100,154,278
09/27/2014,SBY,MD,AEA,EN,Federal Contract Tower,0,15,10,0,25,0,5,79,2,86,0,20,89,2,111,90,12,102,213
09/28/2014,SBY,MD,AEA,EN,Federal Contract Tower,0,12,7,0,19,0,3,122,0,125,0,15,129,0,144,0,0,0,144
09/29/2014,SBY,MD,AEA,EN,Federal Contract Tower,0,15,11,0,26,0,2,34,0,36,0,17,45,0,62,44,0,44,106
09/30/2014,SBY,MD,AEA,EN,Federal Contract Tower,0,21,14,12,47,0,0,34,13,47,0,21,48,25,94,26,98,124,218
10/01/2014,SBY,MD,AEA,EN,Federal Contract Tower,0,19,14,0,33,0,2,21,14,37,0,21,35,14,70,26,54,80,150
10/02/2014,SBY,MD,AEA,EN,Federal Contract Tower,0,20,7,0,27,0,0,88,5,93,0,20,95,5,120,12,8,20,140
10/03/2014,SBY,MD,AEA,EN,Federal Contract Tower,0,16,2,0,18,0,0,19,8,27,0,16,21,8,45,28,16,44,89
10/04/2014,SBY,MD,AEA,EN,Federal Contract Tower,0,14,1,0,15,0,0,16,0,16,0,14,17,0,31,18,0,18,49
10/05/2014,SBY,MD,AEA,EN,Federal Contract Tower,0,11,10,0,21,0,2,51,0,53,0,13,61,0,74,56,0,56,130
10/06/2014,SBY,MD,AEA,EN,Federal Contract Tower,0,15,5,0,20,0,0,37,2,39,0,15,42,2,59,14,6,20,79
10/07/2014,SBY,MD,AEA,EN,Federal Contract Tower,0,18,4,4,26,0,0,20,22,42,0,18,24,26,68,38,104,142,210
10/08/2014,SBY,MD,AEA,EN,Federal Contract Tower,0,18,10,1,29,0,4,46,18,68,0,22,56,19,97,50,68,118,215
10/09/2014,SBY,MD,AEA,EN,Federal Contract Tower,0,18,5,1,24,0,0,17,23,40,0,18,22,24,64,10,70,80,144
10/10/2014,SBY,MD,AEA,EN,Federal Contract Tower,0,16,6,0,22,0,0,5,0,5,0,16,11,0,27,10,0,10,37
10/11/2014,SBY,MD,AEA,EN,Federal Contract Tower,0,10,11,0,21,0,0,0,0,0,0,10,11,0,21,0,0,0,21
10/12/2014,SBY,MD,AEA,EN,Federal Contract Tower,0,11,8,0,19,0,0,6,0,6,0,11,14,0,25,4,0,4,29
10/13/2014,SBY,MD,AEA,EN,Federal Contract Tower,0,13,10,0,23,0,0,3,0,3,0,13,13,0,26,0,0,0,26
10/14/2014,SBY,MD,AEA,EN,Federal Contract Tower,0,20,15,0,35,0,0,21,4,25,0,20,36,4,60,26,42,68,128
10/15/2014,SBY,MD,AEA,EN,Federal Contract Tower,0,16,8,0,24,0,2,3,6,11,0,18,11,6,35,2,0,2,37
10/16/2014,SBY,MD,AEA,EN,Federal Contract Tower,0,18,16,6,40,0,0,14,19,33,0,18,30,25,73,20,64,84,157
10/17/2014,SBY,MD,AEA,EN,Federal Contract Tower,0,18,5,2,25,0,0,45,4,49,0,18,50,6,74,86,24,110,184
10/18/2014,SBY,MD,AEA,EN,Federal Contract Tower,0,13,13,0,26,0,0,38,0,38,0,13,51,0,64,54,0,54,118
10/19/2014,SBY,MD,AEA,EN,Federal Contract Tower,0,12,3,0,15,0,0,16,0,16,0,12,19,0,31,20,0,20,51
10/20/2014,SBY,MD,AEA,EN,Federal Contract Tower,0,16,6,0,22,0,2,21,8,31,0,18,27,8,53,70,48,118,171
10/21/2014,SBY,MD,AEA,EN,Federal Contract Tower,0,21,8,1,30,0,1,51,31,83,0,22,59,32,113,76,86,162,275
10/22/2014,SBY,MD,AEA,EN,Federal Contract Tower,0,28,2,0,30,0,2,0,0,2,0,30,2,0,32,0,0,0,32
10/23/2014,SBY,MD,AEA,EN,Federal Contract Tower,0,21,7,0,28,0,0,3,7,10,0,21,10,7,38,4,8,12,50
10/24/2014,SBY,MD,AEA,EN,Federal Contract Tower,0,18,5,2,25,0,0,33,14,47,0,18,38,16,72,26,72,98,170
10/25/2014,SBY,MD,AEA,EN,Federal Contract Tower,0,15,13,0,28,0,0,61,0,61,0,15,74,0,89,80,0,80,169
10/26/2014,SBY,MD,AEA,EN,Federal Contract Tower,0,13,5,8,26,0,0,25,0,25,0,13,30,8,51,32,0,32,83
10/27/2014,SBY,MD,AEA,EN,Federal Contract Tower,0,14,3,0,17,0,6,60,20,86,0,20,63,20,103,92,96,188,291
10/28/2014,SBY,MD,AEA,EN,Federal Contract Tower,0,23,4,7,34,0,5,46,12,63,0,28,50,19,97,42,88,130,227
10/29/2014,SBY,MD,AEA,EN,Federal Contract Tower,0,21,7,2,30,0,5,21,13,39,0,26,28,15,69,20,60,80,149
10/30/2014,SBY,MD,AEA,EN,Federal Contract Tower,0,20,6,4,30,0,0,25,12,37,0,20,31,16,67,52,46,98,165
10/31/2014,SBY,MD,AEA,EN,Federal Contract Tower,0,17,8,0,25,0,0,23,4,27,0,17,31,4,52,18,72,90,142
11/01/2014,SBY,MD,AEA,EN,Federal Contract Tower,0,12,4,2,18,0,0,0,0,0,0,12,4,2,18,0,0,0,18
11/02/2014,SBY,MD,AEA,EN,Federal Contract Tower,0,11,4,0,15,0,0,3,0,3,0,11,7,0,18,4,0,4,22
11/03/2014,SBY,MD,AEA,EN,Federal Contract Tower,0,16,11,1,28,0,9,47,17,73,0,25,58,18,101,6,84,90,191
11/04/2014,SBY,MD,AEA,EN,Federal Contract Tower,0,18,10,2,30,0,1,36,8,45,0,19,46,10,75,40,40,80,155
11/05/2014,SBY,MD,AEA,EN,Federal Contract Tower,0,18,6,0,24,0,2,37,39,78,0,20,43,39,102,32,108,140,242
11/06/2014,SBY,MD,AEA,EN,Federal Contract Tower,0,18,22,4,44,0,1,12,1,14,0,19,34,5,58,10,22,32,90
11/07/2014,SBY,MD,AEA,EN,Federal Contract Tower,0,17,5,0,22,0,0,7,4,11,0,17,12,4,33,0,24,24,57
11/08/2014,SBY,MD,AEA,EN,Federal Contract Tower,0,16,5,0,21,0,1,34,0,35,0,17,39,0,56,62,0,62,118
11/09/2014,SBY,MD,AEA,EN,Federal Contract Tower,0,11,0,0,11,0,1,47,0,48,0,12,47,0,59,72,0,72,131
11/10/2014,SBY,MD,AEA,EN,Federal Contract Tower,0,17,15,0,32,0,1,55,0,56,0,18,70,0,88,154,0,154,242
11/11/2014,SBY,MD,AEA,EN,Federal Contract Tower,0,18,12,0,30,0,1,38,0,39,0,19,50,0,69,72,0,72,141
11/12/2014,SBY,MD,AEA,EN,Federal Contract Tower,0,19,0,0,19,0,0,29,4,33,0,19,29,4,52,50,12,62,114
11/13/2014,SBY,MD,AEA,EN,Federal Contract Tower,0,18,6,4,28,0,0,29,2,31,0,18,35,6,59,26,2,28,87
11/14/2014,SBY,MD,AEA,EN,Federal Contract Tower,0,19,4,2,25,0,0,47,3,50,0,19,51,5,75,68,62,130,205
11/15/2014,SBY,MD,AEA,EN,Federal Contract Tower,0,15,2,0,17,0,0,59,0,59,0,15,61,0,76,106,0,106,182
11/16/2014,SBY,MD,AEA,EN,Federal Contract Tower,0,11,2,0,13,0,0,49,0,49,0,11,51,0,62,96,0,96,158
11/17/2014,SBY,MD,AEA,EN,Federal Contract Tower,0,16,6,2,24,0,0,0,0,0,0,16,6,2,24,0,0,0,24
11/18/2014,SBY,MD,AEA,EN,Federal Contract Tower,0,23,6,8,37,0,5,54,8,67,0,28,60,16,104,116,38,154,258
11/19/2014,SBY,MD,AEA,EN,Federal Contract Tower,0,23,8,7,38,0,14,67,12,93,0,37,75,19,131,148,50,198,329
11/20/2014,SBY,MD,AEA,EN,Federal Contract Tower,0,17,2,11,30,0,0,45,12,57,0,17,47,23,87,78,44,122,209
11/21/2014,SBY,MD,AEA,EN,Federal Contract Tower,0,22,9,0,31,0,2,26,2,30,0,24,35,2,61,62,28,90,151
11/22/2014,SBY,MD,AEA,EN,Federal Contract Tower,0,13,4,0,17,0,0,25,0,25,0,13,29,0,42,30,0,30,72
11/23/2014,SBY,MD,AEA,EN,Federal Contract Tower,0,11,9,0,20,0,0,34,0,34,0,11,43,0,54,52,0,52,106
11/24/2014,SBY,MD,AEA,EN,Federal Contract Tower,0,13,2,0,15,0,1,11,0,12,0,14,13,0,27,24,0,24,51
11/25/2014,SBY,MD,AEA,EN,Federal Contract Tower,0,24,4,0,28,0,2,47,4,53,0,26,51,4,81,34,28,62,143
11/26/2014,SBY,MD,AEA,EN,Federal Contract Tower,0,19,0,0,19,0,0,0,0,0,0,19,0,0,19,0,0,0,19
11/27/2014,SBY,MD,AEA,EN,Federal Contract Tower,0,7,1,0,8,0,4,2,0,6,0,11,3,0,14,0,0,0,14
11/28/2014,SBY,MD,AEA,EN,Federal Contract Tower,0,15,4,0,19,0,0,6,0,6,0,15,10,0,25,0,0,0,25
11/29/2014,SBY,MD,AEA,EN,Federal Contract Tower,0,17,4,0,21,0,0,33,0,33,0,17,37,0,54,26,0,26,80
11/30/2014,SBY,MD,AEA,EN,Federal Contract Tower,0,10,8,0,18,0,2,24,0,26,0,12,32,0,44,58,0,58,102
12/01/2014,SBY,MD,AEA,EN,Federal Contract Tower,0,20,12,0,32,0,2,70,6,78,0,22,82,6,110,124,40,164,274
12/02/2014,SBY,MD,AEA,EN,Federal Contract Tower,0,19,5,0,24,0,0,0,0,0,0,19,5,0,24,0,0,0,24
12/03/2014,SBY,MD,AEA,EN,Federal Contract Tower,0,26,12,0,38,0,0,6,0,6,0,26,18,0,44,14,0,14,58
12/04/2014,SBY,MD,AEA,EN,Federal Contract Tower,0,18,9,2,29,0,0,42,6,48,0,18,51,8,77,58,10,68,145
12/05/2014,SBY,MD,AEA,EN,Federal Contract Tower,0,18,6,0,24,0,0,23,0,23,0,18,29,0,47,20,0,20,67
12/06/2014,SBY,MD,AEA,EN,Federal Contract Tower,0,12,2,0,14,0,0,1,2,3,0,12,3,2,17,0,0,0,17
12/07/2014,SBY,MD,AEA,EN,Federal Contract Tower,0,14,6,0,20,0,0,9,0,9,0,14,15,0,29,2,0,2,31
12/08/2014,SBY,MD,AEA,EN,Federal Contract Tower,0,16,3,0,19,0,0,1,0,1,0,16,4,0,20,0,0,0,20
12/09/2014,SBY,MD,AEA,EN,Federal Contract Tower,0,21,4,0,25,0,0,0,0,0,0,21,4,0,25,0,0,0,25
12/10/2014,SBY,MD,AEA,EN,Federal Contract Tower,0,18,9,2,29,0,2,27,6,35,0,20,36,8,64,18,32,50,114
12/11/2014,SBY,MD,AEA,EN,Federal Contract Tower,0,18,3,2,23,0,2,9,2,13,0,20,12,4,36,10,6,16,52
12/13/2014,SBY,MD,AEA,EN,Federal Contract Tower,0,12,4,0,16,0,0,38,0,38,0,12,42,0,54,98,0,98,152
12/14/2014,SBY,MD,AEA,EN,Federal Contract Tower,0,15,9,0,24,0,0,9,2,11,0,15,18,2,35,12,0,12,47
12/15/2014,SBY,MD,AEA,EN,Federal Contract Tower,0,16,6,4,26,0,2,13,2,17,0,18,19,6,43,14,24,38,81
12/16/2014,SBY,MD,AEA,EN,Federal Contract Tower,0,24,9,2,35,0,0,6,0,6,0,24,15,2,41,0,0,0,41
12/17/2014,SBY,MD,AEA,EN,Federal Contract Tower,0,20,7,7,34,0,4,46,8,58,0,24,53,15,92,24,28,52,144
12/18/2014,SBY,MD,AEA,EN,Federal Contract Tower,0,17,10,1,28,0,7,26,19,52,0,24,36,20,80,18,88,106,186
12/19/2014,SBY,MD,AEA,EN,Federal Contract Tower,0,16,9,0,25,0,0,16,0,16,0,16,25,0,41,22,0,22,63
12/20/2014,SBY,MD,AEA,EN,Federal Contract Tower,0,10,9,0,19,0,0,18,0,18,0,10,27,0,37,40,0,40,77
12/21/2014,SBY,MD,AEA,EN,Federal Contract Tower,0,8,6,0,14,0,2,33,0,35,0,10,39,0,49,30,0,30,79
12/22/2014,SBY,MD,AEA,EN,Federal Contract Tower,0,13,11,0,24,0,0,0,0,0,0,13,11,0,24,0,0,0,24
12/23/2014,SBY,MD,AEA,EN,Federal Contract Tower,0,14,6,0,20,0,0,0,0,0,0,14,6,0,20,0,0,0,20
12/24/2014,SBY,MD,AEA,EN,Federal Contract Tower,0,13,1,0,14,0,0,0,0,0,0,13,1,0,14,0,0,0,14
12/25/2014,SBY,MD,AEA,EN,Federal Contract Tower,0,11,0,0,11,0,0,2,0,2,0,11,2,0,13,0,0,0,13
12/26/2014,SBY,MD,AEA,EN,Federal Contract Tower,0,17,4,0,21,0,3,34,0,37,0,20,38,0,58,10,0,10,68
12/27/2014,SBY,MD,AEA,EN,Federal Contract Tower,0,13,1,0,14,0,0,33,0,33,0,13,34,0,47,28,0,28,75
12/28/2014,SBY,MD,AEA,EN,Federal Contract Tower,0,11,0,0,11,0,0,4,0,4,0,11,4,0,15,4,0,4,19
12/29/2014,SBY,MD,AEA,EN,Federal Contract Tower,0,12,0,0,12,0,15,23,0,38,0,27,23,0,50,14,0,14,64
12/30/2014,SBY,MD,AEA,EN,Federal Contract Tower,0,17,6,0,23,0,2,30,4,36,0,19,36,4,59,20,64,84,143
12/31/2014,SBY,MD,AEA,EN,Federal Contract Tower,0,16,2,0,18,0,2,32,0,34,0,18,34,0,52,60,0,60,112
01/01/2015,SBY,MD,AEA,EN,Federal Contract Tower,0,9,4,0,13,0,0,20,0,20,0,9,24,0,33,34,0,34,67
01/02/2015,SBY,MD,AEA,EN,Federal Contract Tower,0,16,2,1,19,0,0,31,0,31,0,16,33,1,50,82,0,82,132
01/03/2015,SBY,MD,AEA,EN,Federal Contract Tower,0,10,8,0,18,0,0,6,0,6,0,10,14,0,24,8,0,8,32
01/04/2015,SBY,MD,AEA,EN,Federal Contract Tower,0,9,3,0,12,0,0,11,0,11,0,9,14,0,23,0,0,0,23
01/05/2015,SBY,MD,AEA,EN,Federal Contract Tower,0,16,5,0,21,0,6,14,0,20,0,22,19,0,41,10,0,10,51
01/06/2015,SBY,MD,AEA,EN,Federal Contract Tower,0,17,3,0,20,0,0,6,4,10,0,17,9,4,30,16,18,34,64
01/07/2015,SBY,MD,AEA,EN,Federal Contract Tower,0,24,4,0,28,0,0,17,2,19,0,24,21,2,47,10,22,32,79
01/08/2015,SBY,MD,AEA,EN,Federal Contract Tower,0,22,4,0,26,0,2,18,10,30,0,24,22,10,56,14,30,44,100
01/09/2015,SBY,MD,AEA,EN,Federal Contract Tower,0,17,8,0,25,0,0,8,2,10,0,17,16,2,35,20,0,20,55
01/10/2015,SBY,MD,AEA,EN,Federal Contract Tower,0,13,1,1,15,0,1,33,1,35,0,14,34,2,50,64,8,72,122
01/11/2015,SBY,MD,AEA,EN,Federal Contract Tower,0,10,4,0,14,0,0,41,0,41,0,10,45,0,55,50,0,50,105
01/12/2015,SBY,MD,AEA,EN,Federal Contract Tower,0,13,1,0,14,0,0,0,0,0,0,13,1,0,14,0,0,0,14
01/13/2015,SBY,MD,AEA,EN,Federal Contract Tower,0,21,1,0,22,0,7,25,12,44,0,28,26,12,66,32,50,82,148
01/14/2015,SBY,MD,AEA,EN,Federal Contract Tower,0,19,3,0,22,0,0,0,0,0,0,19,3,0,22,0,0,0,22
01/15/2015,SBY,MD,AEA,EN,Federal Contract Tower,0,20,7,0,27,0,4,20,3,27,0,24,27,3,54,34,24,58,112
01/16/2015,SBY,MD,AEA,EN,Federal Contract Tower,0,11,9,0,20,0,0,28,2,30,0,11,37,2,50,10,28,38,88
01/17/2015,SBY,MD,AEA,EN,Federal Contract Tower,0,12,3,1,16,0,16,23,1,40,0,28,26,2,56,46,0,46,102
01/18/2015,SBY,MD,AEA,EN,Federal Contract Tower,0,12,0,0,12,0,0,0,0,0,0,12,0,0,12,0,0,0,12
01/19/2015,SBY,MD,AEA,EN,Federal Contract Tower,0,13,3,0,16,0,4,32,0,36,0,17,35,0,52,28,0,28,80
01/20/2015,SBY,MD,AEA,EN,Federal Contract Tower,0,16,8,0,24,0,0,21,10,31,0,16,29,10,55,10,6,16,71
01/21/2015,SBY,MD,AEA,EN,Federal Contract Tower,0,22,3,0,25,0,0,25,0,25,0,22,28,0,50,10,0,10,60
01/22/2015,SBY,MD,AEA,EN,Federal Contract Tower,0,17,1,4,22,0,0,6,3,9,0,17,7,7,31,6,26,32,63
01/23/2015,SBY,MD,AEA,EN,Federal Contract Tower,0,16,9,1,26,0,19,35,15,69,0,35,44,16,95,66,130,196,291
01/24/2015,SBY,MD,AEA,EN,Federal Contract Tower,0,16,0,0,16,0,0,0,0,0,0,16,0,0,16,0,0,0,16
01/25/2015,SBY,MD,AEA,EN,Federal Contract Tower,0,11,2,0,13,0,2,54,0,56,0,13,56,0,69,86,0,86,155
01/26/2015,SBY,MD,AEA,EN,Federal Contract Tower,0,12,2,0,14,0,0,2,0,2,0,12,4,0,16,0,0,0,16
01/27/2015,SBY,MD,AEA,EN,Federal Contract Tower,0,23,5,0,28,0,20,13,4,37,0,43,18,4,65,30,20,50,115
01/28/2015,SBY,MD,AEA,EN,Federal Contract Tower,0,20,1,3,24,0,24,23,29,76,0,44,24,32,100,48,96,144,244
01/29/2015,SBY,MD,AEA,EN,Federal Contract Tower,0,19,8,0,27,0,5,25,13,43,0,24,33,13,70,30,82,112,182
01/30/2015,SBY,MD,AEA,EN,Federal Contract Tower,0,15,4,0,19,0,2,0,6,8,0,17,4,6,27,0,54,54,81
01/31/2015,SBY,MD,AEA,EN,Federal Contract Tower,0,9,5,1,15,0,0,4,2,6,0,9,9,3,21,12,6,18,39
02/01/2015,SBY,MD,AEA,EN,Federal Contract Tower,0,8,1,0,9,0,0,10,0,10,0,8,11,0,19,20,0,20,39
02/02/2015,SBY,MD,AEA,EN,Federal Contract Tower,0,16,8,0,24,0,0,0,0,0,0,16,8,0,24,0,0,0,24
02/03/2015,SBY,MD,AEA,EN,Federal Contract Tower,0,17,6,3,26,0,0,42,25,67,0,17,48,28,93,56,68,124,217
02/04/2015,SBY,MD,AEA,EN,Federal Contract Tower,0,20,7,0,27,0,2,46,24,72,0,22,53,24,99,48,64,112,211
02/05/2015,SBY,MD,AEA,EN,Federal Contract Tower,0,19,6,2,27,0,0,3,6,9,0,19,9,8,36,2,34,36,72
02/06/2015,SBY,MD,AEA,EN,Federal Contract Tower,0,18,7,6,31,0,0,56,6,62,0,18,63,12,93,108,88,196,289
02/07/2015,SBY,MD,AEA,EN,Federal Contract Tower,0,14,5,0,19,0,0,41,0,41,0,14,46,0,60,46,0,46,106
02/08/2015,SBY,MD,AEA,EN,Federal Contract Tower,0,10,6,2,18,0,0,54,2,56,0,10,60,4,74,142,18,160,234
02/09/2015,SBY,MD,AEA,EN,Federal Contract Tower,0,12,2,0,14,0,0,0,0,0,0,12,2,0,14,0,0,0,14
02/10/2015,SBY,MD,AEA,EN,Federal Contract Tower,0,18,2,0,20,0,0,1,0,1,0,18,3,0,21,0,0,0,21
02/11/2015,SBY,MD,AEA,EN,Federal Contract Tower,0,22,4,0,26,0,4,45,8,57,0,26,49,8,83,54,98,152,235
02/12/2015,SBY,MD,AEA,EN,Federal Contract Tower,0,19,7,4,30,0,0,22,20,42,0,19,29,24,72,8,60,68,140
02/13/2015,SBY,MD,AEA,EN,Federal Contract Tower,0,18,5,2,25,0,2,15,13,30,0,20,20,15,55,10,62,72,127
02/14/2015,SBY,MD,AEA,EN,Federal Contract Tower,0,11,0,0,11,0,0,4,0,4,0,11,4,0,15,24,0,24,39
02/15/2015,SBY,MD,AEA,EN,Federal Contract Tower,0,10,0,0,10,0,0,0,0,0,0,10,0,0,10,0,0,0,10
02/16/2015,SBY,MD,AEA,EN,Federal Contract Tower,0,14,1,0,15,0,0,4,0,4,0,14,5,0,19,16,0,16,35
02/17/2015,SBY,MD,AEA,EN,Federal Contract Tower,0,12,0,0,12,0,2,2,0,4,0,14,2,0,16,4,0,4,20
02/18/2015,SBY,MD,AEA,EN,Federal Contract Tower,0,23,4,0,27,0,5,30,0,35,0,28,34,0,62,24,0,24,86
02/19/2015,SBY,MD,AEA,EN,Federal Contract Tower,0,18,0,0,18,0,4,6,0,10,0,22,6,0,28,0,0,0,28
02/20/2015,SBY,MD,AEA,EN,Federal Contract Tower,0,23,2,1,26,0,0,51,0,51,0,23,53,1,77,48,38,86,163
02/21/2015,SBY,MD,AEA,EN,Federal Contract Tower,0,15,3,0,18,0,0,3,0,3,0,15,6,0,21,0,0,0,21
02/22/2015,SBY,MD,AEA,EN,Federal Contract Tower,0,9,2,0,11,0,0,2,0,2,0,9,4,0,13,0,0,0,13
02/23/2015,SBY,MD,AEA,EN,Federal Contract Tower,0,15,6,2,23,0,2,36,22,60,0,17,42,24,83,62,130,192,275
02/24/2015,SBY,MD,AEA,EN,Federal Contract Tower,0,17,2,0,19,0,0,37,18,55,0,17,39,18,74,22,74,96,170
02/25/2015,SBY,MD,AEA,EN,Federal Contract Tower,0,21,1,2,24,0,2,48,22,72,0,23,49,24,96,112,76,188,284
02/26/2015,SBY,MD,AEA,EN,Federal Contract Tower,0,17,3,0,20,0,0,0,0,0,0,17,3,0,20,0,0,0,20
02/27/2015,SBY,MD,AEA,EN,Federal Contract Tower,0,18,3,0,21,0,1,19,0,20,0,19,22,0,41,6,0,6,47
02/28/2015,SBY,MD,AEA,EN,Federal Contract Tower,0,13,10,0,23,0,2,32,2,36,0,15,42,2,59,48,10,58,117
03/01/2015,SBY,MD,AEA,EN,Federal Contract Tower,0,11,0,0,11,0,0,2,0,2,0,11,2,0,13,0,0,0,13
03/02/2015,SBY,MD,AEA,EN,Federal Contract Tower,0,16,8,0,24,0,2,19,12,33,0,18,27,12,57,2,54,56,113
03/04/2015,SBY,MD,AEA,EN,Federal Contract Tower,0,19,15,0,34,0,0,0,0,0,0,19,15,0,34,0,0,0,34
03/05/2015,SBY,MD,AEA,EN,Federal Contract Tower,0,12,0,0,12,0,0,0,0,0,0,12,0,0,12,0,0,0,12
03/06/2015,SBY,MD,AEA,EN,Federal Contract Tower,0,21,7,0,28,0,0,14,0,14,0,21,21,0,42,0,0,0,42
03/07/2015,SBY,MD,AEA,EN,Federal Contract Tower,0,12,3,0,15,0,0,24,0,24,0,12,27,0,39,36,0,36,75
03/08/2015,SBY,MD,AEA,EN,Federal Contract Tower,0,11,5,0,16,0,5,77,2,84,0,16,82,2,100,122,0,122,222
03/09/2015,SBY,MD,AEA,EN,Federal Contract Tower,0,15,13,0,28,0,4,25,17,46,0,19,38,17,74,24,126,150,224
03/10/2015,SBY,MD,AEA,EN,Federal Contract Tower,0,21,14,9,44,0,2,25,23,50,0,23,39,32,94,10,48,58,152
03/11/2015,SBY,MD,AEA,EN,Federal Contract Tower,0,18,10,11,39,0,2,31,7,40,0,20,41,18,79,58,26,84,163
03/12/2015,SBY,MD,AEA,EN,Federal Contract Tower,0,21,2,0,23,0,0,38,20,58,0,21,40,20,81,62,112,174,255
03/13/2015,SBY,MD,AEA,EN,Federal Contract Tower,0,19,11,4,34,0,0,53,10,63,0,19,64,14,97,64,120,184,281
03/14/2015,SBY,MD,AEA,EN,Federal Contract Tower,0,11,6,0,17,0,0,0,0,0,0,11,6,0,17,0,0,0,17
03/15/2015,SBY,MD,AEA,EN,Federal Contract Tower,0,10,2,0,12,0,0,8,0,8,0,10,10,0,20,0,0,0,20
03/16/2015,SBY,MD,AEA,EN,Federal Contract Tower,0,17,8,4,29,0,0,39,32,71,0,17,47,36,100,24,118,142,242
03/17/2015,SBY,MD,AEA,EN,Federal Contract Tower,0,19,3,4,26,0,1,47,26,74,0,20,50,30,100,48,120,168,268
03/18/2015,SBY,MD,AEA,EN,Federal Contract Tower,0,19,4,1,24,0,0,32,21,53,0,19,36,22,77,36,58,94,171
03/19/2015,SBY,MD,AEA,EN,Federal Contract Tower,0,17,4,2,23,0,5,46,6,57,0,22,50,8,80,30,74,104,184
03/20/2015,SBY,MD,AEA,EN,Federal Contract Tower,0,22,2,0,24,0,0,0,0,0,0,22,2,0,24,0,0,0,24
03/21/2015,SBY,MD,AEA,EN,Federal Contract Tower,0,11,8,0,19,0,0,19,0,19,0,11,27,0,38,32,0,32,70
03/22/2015,SBY,MD,AEA,EN,Federal Contract Tower,0,9,0,0,9,0,0,47,0,47,0,9,47,0,56,58,0,58,114
03/23/2015,SBY,MD,AEA,EN,Federal Contract Tower,0,18,15,2,35,0,2,56,20,78,0,20,71,22,113,76,80,156,269
03/24/2015,SBY,MD,AEA,EN,Federal Contract Tower,0,17,0,8,25,0,0,46,26,72,0,17,46,34,97,44,136,180,277
03/25/2015,SBY,MD,AEA,EN,Federal Contract Tower,0,17,5,6,28,0,6,30,9,45,0,23,35,15,73,22,90,112,185
03/26/2015,SBY,MD,AEA,EN,Federal Contract Tower,0,16,10,0,26,0,0,11,0,11,0,16,21,0,37,10,0,10,47
03/27/2015,SBY,MD,AEA,EN,Federal Contract Tower,0,19,17,0,36,0,0,1,0,1,0,19,18,0,37,0,0,0,37
03/28/2015,SBY,MD,AEA,EN,Federal Contract Tower,0,10,6,0,16,0,2,5,0,7,0,12,11,0,23,6,0,6,29
03/29/2015,SBY,MD,AEA,EN,Federal Contract Tower,0,10,7,0,17,0,0,62,0,62,0,10,69,0,79,94,0,94,173
03/30/2015,SBY,MD,AEA,EN,Federal Contract Tower,0,16,8,2,26,0,0,31,6,37,0,16,39,8,63,6,6,12,75
03/31/2015,SBY,MD,AEA,EN,Federal Contract Tower,0,17,12,4,33,0,6,38,10,54,0,23,50,14,87,0,50,50,137
04/01/2015,SBY,MD,AEA,EN,Federal Contract Tower,0,18,15,5,38,0,2,38,18,58,0,20,53,23,96,48,110,158,254
04/02/2015,SBY,MD,AEA,EN,Federal Contract Tower,0,17,3,2,22,0,0,31,9,40,0,17,34,11,62,26,68,94,156
04/03/2015,SBY,MD,AEA,EN,Federal Contract Tower,0,17,7,0,24,0,3,5,0,8,0,20,12,0,32,0,0,0,32
04/04/2015,SBY,MD,AEA,EN,Federal Contract Tower,0,10,3,0,13,0,0,4,0,4,0,10,7,0,17,4,0,4,21
04/05/2015,SBY,MD,AEA,EN,Federal Contract Tower,0,9,3,0,12,0,2,35,0,37,0,11,38,0,49,14,0,14,63
04/06/2015,SBY,MD,AEA,EN,Federal Contract Tower,0,17,8,0,25,0,2,34,6,42,0,19,42,6,67,22,32,54,121
04/07/2015,SBY,MD,AEA,EN,Federal Contract Tower,0,24,7,0,31,0,10,13,8,31,0,34,20,8,62,0,18,18,80
04/08/2015,SBY,MD,AEA,EN,Federal Contract Tower,0,19,11,0,30,0,0,0,0,0,0,19,11,0,30,0,0,0,30
04/09/2015,SBY,MD,AEA,EN,Federal Contract Tower,0,18,25,0,43,0,0,2,0,2,0,18,27,0,45,0,0,0,45
04/10/2015,SBY,MD,AEA,EN,Federal Contract Tower,0,17,3,0,20,0,0,0,0,0,0,17,3,0,20,0,0,0,20
04/11/2015,SBY,MD,AEA,EN,Federal Contract Tower,0,10,7,0,17,0,2,25,10,37,0,12,32,10,54,48,68,116,170
04/12/2015,SBY,MD,AEA,EN,Federal Contract Tower,0,10,5,0,15,0,0,98,0,98,0,10,103,0,113,80,0,80,193
04/13/2015,SBY,MD,AEA,EN,Federal Contract Tower,0,17,9,1,27,0,0,40,21,61,0,17,49,22,88,24,110,134,222
04/14/2015,SBY,MD,AEA,EN,Federal Contract Tower,0,15,4,0,19,0,0,0,0,0,0,15,4,0,19,0,0,0,19
04/15/2015,SBY,MD,AEA,EN,Federal Contract Tower,0,18,9,1,28,0,0,50,32,82,0,18,59,33,110,36,156,192,302
04/16/2015,SBY,MD,AEA,EN,Federal Contract Tower,0,19,7,7,33,0,0,43,8,51,0,19,50,15,84,24,48,72,156
04/17/2015,SBY,MD,AEA,EN,Federal Contract Tower,0,18,20,0,38,0,0,25,0,25,0,18,45,0,63,64,0,64,127
04/18/2015,SBY,MD,AEA,EN,Federal Contract Tower,0,13,4,0,17,0,0,54,2,56,0,13,58,2,73,54,16,70,143
04/19/2015,SBY,MD,AEA,EN,Federal Contract Tower,0,10,7,0,17,0,0,18,0,18,0,10,25,0,35,4,0,4,39
04/20/2015,SBY,MD,AEA,EN,Federal Contract Tower,0,16,8,0,24,0,0,11,2,13,0,16,19,2,37,4,38,42,79
04/21/2015,SBY,MD,AEA,EN,Federal Contract Tower,0,16,4,0,20,0,4,42,22,68,0,20,46,22,88,56,122,178,266
04/22/2015,SBY,MD,AEA,EN,Federal Contract Tower,0,24,7,0,31,0,0,7,2,9,0,24,14,2,40,2,2,4,44
04/23/2015,SBY,MD,AEA,EN,Federal Contract Tower,0,18,6,1,25,0,0,30,39,69,0,18,36,40,94,18,110,128,222
04/24/2015,SBY,MD,AEA,EN,Federal Contract Tower,0,19,6,3,28,0,0,37,2,39,0,19,43,5,67,12,46,58,125
04/25/2015,SBY,MD,AEA,EN,Federal Contract Tower,0,10,14,0,24,0,1,42,0,43,0,11,56,0,67,10,0,10,77
04/26/2015,SBY,MD,AEA,EN,Federal Contract Tower,0,9,5,0,14,0,0,49,0,49,0,9,54,0,63,52,0,52,115
04/27/2015,SBY,MD,AEA,EN,Federal Contract Tower,0,14,4,2,20,0,4,76,14,94,0,18,80,16,114,82,72,154,268
04/28/2015,SBY,MD,AEA,EN,Federal Contract Tower,0,16,4,5,25,0,10,40,39,89,0,26,44,44,114,26,170,196,310
04/29/2015,SBY,MD,AEA,EN,Federal Contract Tower,0,18,8,0,26,0,0,45,8,53,0,18,53,8,79,48,18,66,145
04/30/2015,SBY,MD,AEA,EN,Federal Contract Tower,0,18,5,1,24,0,0,20,4,24,0,18,25,5,48,26,38,64,112
05/01/2015,SBY,MD,AEA,EN,Federal Contract Tower,0,20,7,0,27,0,0,17,0,17,0,20,24,0,44,22,0,22,66
05/02/2015,SBY,MD,AEA,EN,Federal Contract Tower,0,11,12,4,27,0,0,27,2,29,0,11,39,6,56,16,18,34,90
05/03/2015,SBY,MD,AEA,EN,Federal Contract Tower,0,9,2,0,11,0,0,28,0,28,0,9,30,0,39,10,0,10,49
05/04/2015,SBY,MD,AEA,EN,Federal Contract Tower,0,14,1,2,17,0,9,33,36,78,0,23,34,38,95,24,118,142,237
05/05/2015,SBY,MD,AEA,EN,Federal Contract Tower,0,19,0,0,19,0,12,53,14,79,0,31,53,14,98,56,78,134,232
05/06/2015,SBY,MD,AEA,EN,Federal Contract Tower,0,22,15,0,37,0,3,39,9,51,0,25,54,9,88,64,52,116,204
05/07/2015,SBY,MD,AEA,EN,Federal Contract Tower,0,18,13,0,31,0,2,31,8,41,0,20,44,8,72,34,52,86,158
05/08/2015,SBY,MD,AEA,EN,Federal Contract Tower,0,19,5,0,24,0,0,20,0,20,0,19,25,0,44,6,0,6,50
05/09/2015,SBY,MD,AEA,EN,Federal Contract Tower,0,10,11,0,21,0,0,22,0,22,0,10,33,0,43,38,0,38,81
05/10/2015,SBY,MD,AEA,EN,Federal Contract Tower,0,10,8,0,18,0,0,7,0,7,0,10,15,0,25,4,0,4,29
05/11/2015,SBY,MD,AEA,EN,Federal Contract Tower,0,15,5,8,28,0,0,0,0,0,0,15,5,8,28,0,0,0,28
05/12/2015,SBY,MD,AEA,EN,Federal Contract Tower,0,21,7,0,28,0,2,32,6,40,0,23,39,6,68,28,44,72,140
05/13/2015,SBY,MD,AEA,EN,Federal Contract Tower,0,23,19,6,48,0,2,18,10,30,0,25,37,16,78,12,22,34,112
05/14/2015,SBY,MD,AEA,EN,Federal Contract Tower,0,15,7,4,26,0,0,31,4,35,0,15,38,8,61,46,24,70,131
05/15/2015,SBY,MD,AEA,EN,Federal Contract Tower,0,19,12,0,31,0,0,34,4,38,0,19,46,4,69,14,24,38,107
05/16/2015,SBY,MD,AEA,EN,Federal Contract Tower,0,14,1,0,15,0,0,33,0,33,0,14,34,0,48,38,0,38,86
05/17/2015,SBY,MD,AEA,EN,Federal Contract Tower,0,9,10,0,19,0,3,43,0,46,0,12,53,0,65,20,0,20,85
05/18/2015,SBY,MD,AEA,EN,Federal Contract Tower,0,17,14,0,31,0,0,20,8,28,0,17,34,8,59,20,30,50,109
05/19/2015,SBY,MD,AEA,EN,Federal Contract Tower,0,17,12,3,32,0,0,20,8,28,0,17,32,11,60,18,54,72,132
05/20/2015,SBY,MD,AEA,EN,Federal Contract Tower,0,18,10,3,31,0,0,38,11,49,0,18,48,14,80,24,74,98,178
05/21/2015,SBY,MD,AEA,EN,Federal Contract Tower,0,16,12,0,28,0,0,10,0,10,0,16,22,0,38,0,0,0,38
05/22/2015,SBY,MD,AEA,EN,Federal Contract Tower,0,23,11,1,35,0,0,14,0,14,0,23,25,1,49,0,0,0,49
05/23/2015,SBY,MD,AEA,EN,Federal Contract Tower,0,12,9,0,21,0,1,40,0,41,0,13,49,0,62,64,0,64,126
05/24/2015,SBY,MD,AEA,EN,Federal Contract Tower,0,12,1,0,13,0,1,44,0,45,0,13,45,0,58,32,0,32,90
05/25/2015,SBY,MD,AEA,EN,Federal Contract Tower,0,15,7,0,22,0,0,23,0,23,0,15,30,0,45,38,0,38,83
05/26/2015,SBY,MD,AEA,EN,Federal Contract Tower,0,16,8,0,24,0,0,35,12,47,0,16,43,12,71,26,62,88,159
05/27/2015,SBY,MD,AEA,EN,Federal Contract Tower,0,20,9,1,30,0,2,32,22,56,0,22,41,23,86,28,88,116,202
05/28/2015,SBY,MD,AEA,EN,Federal Contract Tower,0,23,21,0,44,0,12,32,8,52,0,35,53,8,96,38,62,100,196
05/29/2015,SBY,MD,AEA,EN,Federal Contract Tower,0,18,8,0,26,0,7,27,10,44,0,25,35,10,70,32,116,148,218
05/30/2015,SBY,MD,AEA,EN,Federal Contract Tower,0,12,11,1,24,0,0,21,0,21,0,12,32,1,45,16,0,16,61
05/31/2015,SBY,MD,AEA,EN,Federal Contract Tower,0,10,3,0,13,0,2,28,0,30,0,12,31,0,43,24,0,24,67
06/01/2015,SBY,MD,AEA,EN,Federal Contract Tower,0,17,5,2,24,0,1,26,10,37,0,18,31,12,61,24,52,76,137
06/02/2015,SBY,MD,AEA,EN,Federal Contract Tower,0,19,5,4,28,0,0,0,0,0,0,19,5,4,28,0,0,0,28
06/03/2015,SBY,MD,AEA,EN,Federal Contract Tower,0,24,11,0,35,0,0,0,0,0,0,24,11,0,35,0,0,0,35
06/04/2015,SBY,MD,AEA,EN,Federal Contract Tower,0,16,5,0,21,0,0,0,0,0,0,16,5,0,21,0,0,0,21
06/05/2015,SBY,MD,AEA,EN,Federal Contract Tower,0,20,29,1,50,0,0,0,0,0,0,20,29,1,50,0,0,0,50
06/06/2015,SBY,MD,AEA,EN,Federal Contract Tower,0,11,7,0,18,0,0,4,0,4,0,11,11,0,22,12,0,12,34
06/07/2015,SBY,MD,AEA,EN,Federal Contract Tower,0,12,13,0,25,0,0,61,0,61,0,12,74,0,86,44,0,44,130
06/08/2015,SBY,MD,AEA,EN,Federal Contract Tower,0,18,6,1,25,0,2,32,8,42,0,20,38,9,67,16,56,72,139
06/09/2015,SBY,MD,AEA,EN,Federal Contract Tower,0,27,4,11,42,0,0,17,2,19,0,27,21,13,61,14,18,32,93
06/10/2015,SBY,MD,AEA,EN,Federal Contract Tower,0,25,14,1,40,0,8,46,2,56,0,33,60,3,96,28,4,32,128
06/11/2015,SBY,MD,AEA,EN,Federal Contract Tower,0,17,12,2,31,0,0,24,12,36,0,17,36,14,67,16,22,38,105
06/12/2015,SBY,MD,AEA,EN,Federal Contract Tower,0,17,7,1,25,0,25,0,0,25,0,42,7,1,50,14,0,14,64
06/13/2015,SBY,MD,AEA,EN,Federal Contract Tower,0,11,14,1,26,0,0,38,0,38,0,11,52,1,64,42,0,42,106
06/14/2015,SBY,MD,AEA,EN,Federal Contract Tower,0,11,9,4,24,0,0,12,0,12,0,11,21,4,36,0,0,0,36
06/15/2015,SBY,MD,AEA,EN,Federal Contract Tower,0,15,8,0,23,0,5,35,4,44,0,20,43,4,67,20,4,24,91
06/16/2015,SBY,MD,AEA,EN,Federal Contract Tower,0,19,11,2,32,0,2,22,8,32,0,21,33,10,64,4,22,26,90
06/17/2015,SBY,MD,AEA,EN,Federal Contract Tower,0,26,8,4,38,0,0,46,8,54,0,26,54,12,92,40,54,94,186
06/18/2015,SBY,MD,AEA,EN,Federal Contract Tower,0,16,10,10,36,0,0,16,19,35,0,16,26,29,71,16,44,60,131
06/19/2015,SBY,MD,AEA,EN,Federal Contract Tower,0,17,1,0,18,0,0,11,12,23,0,17,12,12,41,4,12,16,57
06/20/2015,SBY,MD,AEA,EN,Federal Contract Tower,0,16,8,0,24,0,0,24,0,24,0,16,32,0,48,34,0,34,82
06/21/2015,SBY,MD,AEA,EN,Federal Contract Tower,0,11,8,0,19,0,2,24,0,26,0,13,32,0,45,18,0,18,63
06/22/2015,SBY,MD,AEA,EN,Federal Contract Tower,0,18,12,0,30,0,0,36,4,40,0,18,48,4,70,54,18,72,142
06/23/2015,SBY,MD,AEA,EN,Federal Contract Tower,0,15,7,0,22,0,2,45,9,56,0,17,52,9,78,0,72,72,150
06/24/2015,SBY,MD,AEA,EN,Federal Contract Tower,0,22,8,2,32,0,0,82,18,100,0,22,90,20,132,140,42,182,314
06/25/2015,SBY,MD,AEA,EN,Federal Contract Tower,0,16,8,4,28,0,10,51,4,65,0,26,59,8,93,24,30,54,147
06/26/2015,SBY,MD,AEA,EN,Federal Contract Tower,0,20,33,2,55,0,0,3,0,3,0,20,36,2,58,0,0,0,58
06/27/2015,SBY,MD,AEA,EN,Federal Contract Tower,0,9,7,0,16,0,0,0,0,0,0,9,7,0,16,0,0,0,16
06/28/2015,SBY,MD,AEA,EN,Federal Contract Tower,0,14,4,0,18,0,2,29,0,31,0,16,33,0,49,14,0,14,63
06/29/2015,SBY,MD,AEA,EN,Federal Contract Tower,0,18,5,0,23,0,3,76,4,83,0,21,81,4,106,48,24,72,178
06/30/2015,SBY,MD,AEA,EN,Federal Contract Tower,0,23,13,2,38,0,0,39,24,63,0,23,52,26,101,16,62,78,179
07/01/2015,SBY,MD,AEA,EN,Federal Contract Tower,0,22,5,4,31,0,4,53,12,69,0,26,58,16,100,74,72,146,246
07/02/2015,SBY,MD,AEA,EN,Federal Contract Tower,0,18,20,0,38,0,0,1,0,1,0,18,21,0,39,0,0,0,39
07/03/2015,SBY,MD,AEA,EN,Federal Contract Tower,0,18,6,0,24,0,12,31,0,43,0,30,37,0,67,92,0,92,159
07/04/2015,SBY,MD,AEA,EN,Federal Contract Tower,0,13,1,0,14,0,0,6,0,6,0,13,7,0,20,0,0,0,20
07/05/2015,SBY,MD,AEA,EN,Federal Contract Tower,0,14,7,0,21,0,0,22,0,22,0,14,29,0,43,20,0,20,63
07/06/2015,SBY,MD,AEA,EN,Federal Contract Tower,0,18,5,4,27,0,0,12,4,16,0,18,17,8,43,0,14,14,57
07/07/2015,SBY,MD,AEA,EN,Federal Contract Tower,0,22,10,4,36,0,2,52,18,72,0,24,62,22,108,14,78,92,200
07/08/2015,SBY,MD,AEA,EN,Federal Contract Tower,0,18,8,4,30,0,0,29,6,35,0,18,37,10,65,28,40,68,133
07/09/2015,SBY,MD,AEA,EN,Federal Contract Tower,0,22,10,2,34,0,8,34,6,48,0,30,44,8,82,34,58,92,174
07/10/2015,SBY,MD,AEA,EN,Federal Contract Tower,0,18,13,0,31,0,0,24,0,24,0,18,37,0,55,24,0,24,79
07/11/2015,SBY,MD,AEA,EN,Federal Contract Tower,0,17,14,0,31,0,0,16,0,16,0,17,30,0,47,26,0,26,73
07/12/2015,SBY,MD,AEA,EN,Federal Contract Tower,0,13,7,0,20,0,8,50,4,62,0,21,57,4,82,48,16,64,146
07/13/2015,SBY,MD,AEA,EN,Federal Contract Tower,0,19,13,2,34,0,2,21,6,29,0,21,34,8,63,20,24,44,107
07/14/2015,SBY,MD,AEA,EN,Federal Contract Tower,0,20,16,2,38,0,2,34,2,38,0,22,50,4,76,46,6,52,128
07/15/2015,SBY,MD,AEA,EN,Federal Contract Tower,0,23,5,3,31,0,3,30,8,41,0,26,35,11,72,42,50,92,164
07/16/2015,SBY,MD,AEA,EN,Federal Contract Tower,0,18,7,0,25,0,0,32,7,39,0,18,39,7,64,46,34,80,144
07/17/2015,SBY,MD,AEA,EN,Federal Contract Tower,0,19,11,1,31,0,2,44,3,49,0,21,55,4,80,52,22,74,154
07/18/2015,SBY,MD,AEA,EN,Federal Contract Tower,0,12,6,2,20,0,2,23,2,27,0,14,29,4,47,26,10,36,83
07/19/2015,SBY,MD,AEA,EN,Federal Contract Tower,0,17,11,0,28,0,0,24,0,24,0,17,35,0,52,38,0,38,90
07/20/2015,SBY,MD,AEA,EN,Federal Contract Tower,0,19,5,8,32,0,2,30,16,48,0,21,35,24,80,36,72,108,188
07/21/2015,SBY,MD,AEA,EN,Federal Contract Tower,0,18,3,0,21,0,0,13,7,20,0,18,16,7,41,0,30,30,71
07/22/2015,SBY,MD,AEA,EN,Federal Contract Tower,0,28,6,0,34,0,1,48,20,69,0,29,54,20,103,48,104,152,255
07/23/2015,SBY,MD,AEA,EN,Federal Contract Tower,0,21,5,0,26,0,4,46,10,60,0,25,51,10,86,70,46,116,202
07/24/2015,SBY,MD,AEA,EN,Federal Contract Tower,0,22,7,4,33,0,0,36,2,38,0,22,43,6,71,28,0,28,99
07/25/2015,SBY,MD,AEA,EN,Federal Contract Tower,0,14,3,0,17,0,2,30,2,34,0,16,33,2,51,8,8,16,67
07/26/2015,SBY,MD,AEA,EN,Federal Contract Tower,0,16,8,0,24,0,0,50,0,50,0,16,58,0,74,44,0,44,118
07/27/2015,SBY,MD,AEA,EN,Federal Contract Tower,0,17,3,4,24,0,0,25,8,33,0,17,28,12,57,26,46,72,129
07/28/2015,SBY,MD,AEA,EN,Federal Contract Tower,0,22,4,0,26,0,3,34,4,41,0,25,38,4,67,22,20,42,109
07/29/2015,SBY,MD,AEA,EN,Federal Contract Tower,0,19,11,0,30,0,5,38,9,52,0,24,49,9,82,62,82,144,226
07/30/2015,SBY,MD,AEA,EN,Federal Contract Tower,0,19,5,0,24,0,2,28,12,42,0,21,33,12,66,32,38,70,136
07/31/2015,SBY,MD,AEA,EN,Federal Contract Tower,0,24,8,11,43,0,0,37,5,42,0,24,45,16,85,30,48,78,163
08/01/2015,SBY,MD,AEA,EN,Federal Contract Tower,0,16,8,0,24,0,0,34,0,34,0,16,42,0,58,40,0,40,98
08/02/2015,SBY,MD,AEA,EN,Federal Contract Tower,0,13,6,1,20,0,2,72,0,74,0,15,78,1,94,60,0,60,154
08/03/2015,SBY,MD,AEA,EN,Federal Contract Tower,0,17,5,4,26,0,1,62,24,87,0,18,67,28,113,64,96,160,273
08/04/2015,SBY,MD,AEA,EN,Federal Contract Tower,0,20,9,0,29,0,0,20,4,24,0,20,29,4,53,24,40,64,117
08/05/2015,SBY,MD,AEA,EN,Federal Contract Tower,0,20,5,1,26,0,1,35,6,42,0,21,40,7,68,28,42,70,138
08/06/2015,SBY,MD,AEA,EN,Federal Contract Tower,0,19,11,1,31,0,14,35,8,57,0,33,46,9,88,36,8,44,132
08/07/2015,SBY,MD,AEA,EN,Federal Contract Tower,0,24,13,1,38,0,0,1,0,1,0,24,14,1,39,0,0,0,39
08/08/2015,SBY,MD,AEA,EN,Federal Contract Tower,0,12,6,0,18,0,0,10,0,10,0,12,16,0,28,18,0,18,46
08/09/2015,SBY,MD,AEA,EN,Federal Contract Tower,0,19,9,6,34,0,1,41,0,42,0,20,50,6,76,44,0,44,120
08/10/2015,SBY,MD,AEA,EN,Federal Contract Tower,0,18,5,2,25,0,0,24,4,28,0,18,29,6,53,8,36,44,97
08/11/2015,SBY,MD,AEA,EN,Federal Contract Tower,0,20,10,4,34,0,0,4,10,14,0,20,14,14,48,0,40,40,88
08/12/2015,SBY,MD,AEA,EN,Federal Contract Tower,0,24,13,1,38,0,12,72,35,119,0,36,85,36,157,42,112,154,311
08/13/2015,SBY,MD,AEA,EN,Federal Contract Tower,0,21,14,2,37,0,2,74,19,95,0,23,88,21,132,96,78,174,306
08/14/2015,SBY,MD,AEA,EN,Federal Contract Tower,0,25,11,4,40,0,4,54,11,69,0,29,65,15,109,74,46,120,229
08/15/2015,SBY,MD,AEA,EN,Federal Contract Tower,0,14,3,0,17,0,0,34,0,34,0,14,37,0,51,36,0,36,87
08/16/2015,SBY,MD,AEA,EN,Federal Contract Tower,0,15,9,0,24,0,2,43,0,45,0,17,52,0,69,44,0,44,113
08/17/2015,SBY,MD,AEA,EN,Federal Contract Tower,0,15,7,0,22,0,4,40,24,68,0,19,47,24,90,40,140,180,270
08/18/2015,SBY,MD,AEA,EN,Federal Contract Tower,0,21,8,2,31,0,4,53,30,87,0,25,61,32,118,0,154,154,272
08/19/2015,SBY,MD,AEA,EN,Federal Contract Tower,0,22,8,3,33,0,0,47,24,71,0,22,55,27,104,18,96,114,218
08/20/2015,SBY,MD,AEA,EN,Federal Contract Tower,0,22,8,0,30,0,1,9,10,20,0,23,17,10,50,0,50,50,100
08/21/2015,SBY,MD,AEA,EN,Federal Contract Tower,0,22,14,4,40,0,0,51,18,69,0,22,65,22,109,52,162,214,323
08/22/2015,SBY,MD,AEA,EN,Federal Contract Tower,0,12,5,0,17,0,0,56,0,56,0,12,61,0,73,36,0,36,109
08/23/2015,SBY,MD,AEA,EN,Federal Contract Tower,0,15,5,4,24,0,2,37,0,39,0,17,42,4,63,32,0,32,95
08/24/2015,SBY,MD,AEA,EN,Federal Contract Tower,0,16,3,5,24,0,5,53,35,93,0,21,56,40,117,90,184,274,391
08/25/2015,SBY,MD,AEA,EN,Federal Contract Tower,0,21,12,4,37,0,8,25,14,47,0,29,37,18,84,8,84,92,176
08/26/2015,SBY,MD,AEA,EN,Federal Contract Tower,0,22,5,6,33,0,8,54,12,74,0,30,59,18,107,80,74,154,261
08/27/2015,SBY,MD,AEA,EN,Federal Contract Tower,0,20,8,6,34,0,0,45,12,57,0,20,53,18,91,48,42,90,181
08/28/2015,SBY,MD,AEA,EN,Federal Contract Tower,0,18,1,0,19,0,0,25,11,36,0,18,26,11,55,24,46,70,125
08/29/2015,SBY,MD,AEA,EN,Federal Contract Tower,0,12,6,1,19,0,0,42,2,44,0,12,48,3,63,48,4,52,115
08/30/2015,SBY,MD,AEA,EN,Federal Contract Tower,0,11,6,0,17,0,0,32,0,32,0,11,38,0,49,16,0,16,65
08/31/2015,SBY,MD,AEA,EN,Federal Contract Tower,0,21,3,4,28,0,1,23,10,34,0,22,26,14,62,16,10,26,88
09/01/2015,SBY,MD,AEA,EN,Federal Contract Tower,0,21,8,10,39,0,0,31,8,39,0,21,39,18,78,18,38,56,134
09/02/2015,SBY,MD,AEA,EN,Federal Contract Tower,0,19,11,4,34,0,0,20,14,34,0,19,31,18,68,4,36,40,108
09/03/2015,SBY,MD,AEA,EN,Federal Contract Tower,0,19,9,6,34,0,3,28,12,43,0,22,37,18,77,12,42,54,131
09/04/2015,SBY,MD,AEA,EN,Federal Contract Tower,0,25,2,0,27,0,0,28,6,34,0,25,30,6,61,24,134,158,219
09/05/2015,SBY,MD,AEA,EN,Federal Contract Tower,0,11,3,0,14,0,2,16,0,18,0,13,19,0,32,2,0,2,34
09/06/2015,SBY,MD,AEA,EN,Federal Contract Tower,0,8,10,0,18,0,2,13,0,15,0,10,23,0,33,2,0,2,35
09/07/2015,SBY,MD,AEA,EN,Federal Contract Tower,0,12,3,0,15,0,0,11,0,11,0,12,14,0,26,14,0,14,40
09/08/2015,SBY,MD,AEA,EN,Federal Contract Tower,0,17,3,4,24,0,0,50,20,70,0,17,53,24,94,22,106,128,222
09/09/2015,SBY,MD,AEA,EN,Federal Contract Tower,0,21,11,1,33,0,0,35,13,48,0,21,46,14,81,10,52,62,143
09/10/2015,SBY,MD,AEA,EN,Federal Contract Tower,0,21,11,0,32,0,0,4,2,6,0,21,15,2,38,6,6,12,50
09/11/2015,SBY,MD,AEA,EN,Federal Contract Tower,0,20,7,2,29,0,0,10,6,16,0,20,17,8,45,0,38,38,83
09/12/2015,SBY,MD,AEA,EN,Federal Contract Tower,0,13,6,0,19,0,0,6,0,6,0,13,12,0,25,4,0,4,29
09/13/2015,SBY,MD,AEA,EN,Federal Contract Tower,0,16,6,0,22,0,0,13,0,13,0,16,19,0,35,8,0,8,43
09/14/2015,SBY,MD,AEA,EN,Federal Contract Tower,0,20,4,0,24,0,26,34,8,68,0,46,38,8,92,40,94,134,226
09/15/2015,SBY,MD,AEA,EN,Federal Contract Tower,0,19,1,0,20,0,2,47,16,65,0,21,48,16,85,56,76,132,217
09/16/2015,SBY,MD,AEA,EN,Federal Contract Tower,0,20,7,0,27,0,6,42,18,66,0,26,49,18,93,22,32,54,147
09/17/2015,SBY,MD,AEA,EN,Federal Contract Tower,0,18,8,2,28,0,2,67,19,88,0,20,75,21,116,80,106,186,302
09/18/2015,SBY,MD,AEA,EN,Federal Contract Tower,0,17,4,8,29,0,0,57,6,63,0,17,61,14,92,64,16,80,172
09/19/2015,SBY,MD,AEA,EN,Federal Contract Tower,0,12,2,0,14,0,0,42,0,42,0,12,44,0,56,34,0,34,90
09/20/2015,SBY,MD,AEA,EN,Federal Contract Tower,0,13,8,0,21,0,2,9,2,13,0,15,17,2,34,0,0,0,34
09/21/2015,SBY,MD,AEA,EN,Federal Contract Tower,0,15,4,12,31,0,30,16,2,48,0,45,20,14,79,0,8,8,87
09/22/2015,SBY,MD,AEA,EN,Federal Contract Tower,0,24,13,0,37,0,0,12,14,26,0,24,25,14,63,6,80,86,149
09/23/2015,SBY,MD,AEA,EN,Federal Contract Tower,0,20,6,1,27,0,1,38,19,58,0,21,44,20,85,34,72,106,191
09/24/2015,SBY,MD,AEA,EN,Federal Contract Tower,0,20,2,8,30,0,0,25,8,33,0,20,27,16,63,12,34,46,109
09/25/2015,SBY,MD,AEA,EN,Federal Contract Tower,0,17,4,1,22,0,2,12,12,26,0,19,16,13,48,6,62,68,116
09/26/2015,SBY,MD,AEA,EN,Federal Contract Tower,0,12,10,0,22,0,0,4,0,4,0,12,14,0,26,2,0,2,28
09/27/2015,SBY,MD,AEA,EN,Federal Contract Tower,0,13,6,0,19,0,0,1,0,1,0,13,7,0,20,0,0,0,20
09/28/2015,SBY,MD,AEA,EN,Federal Contract Tower,0,19,7,0,26,0,1,26,4,31,0,20,33,4,57,18,36,54,111
09/29/2015,SBY,MD,AEA,EN,Federal Contract Tower,0,19,2,10,31,0,3,8,6,17,0,22,10,16,48,18,28,46,94
09/30/2015,SBY,MD,AEA,EN,Federal Contract Tower,0,21,11,0,32,0,0,18,0,18,0,21,29,0,50,4,0,4,54
10/01/2015,SBY,MD,AEA,EN,Federal Contract Tower,0,22,6,0,28,0,0,0,0,0,0,22,6,0,28,0,0,0,28
10/02/2015,SBY,MD,AEA,EN,Federal Contract Tower,0,16,4,0,20,0,0,0,0,0,0,16,4,0,20,0,0,0,20
10/03/2015,SBY,MD,AEA,EN,Federal Contract Tower,0,13,2,0,15,0,0,0,0,0,0,13,2,0,15,0,0,0,15
10/04/2015,SBY,MD,AEA,EN,Federal Contract Tower,0,9,0,0,9,0,0,0,0,0,0,9,0,0,9,0,0,0,9
10/05/2015,SBY,MD,AEA,EN,Federal Contract Tower,0,17,9,1,27,0,0,16,8,24,0,17,25,9,51,38,50,88,139
10/06/2015,SBY,MD,AEA,EN,Federal Contract Tower,0,16,4,1,21,0,1,66,20,87,0,17,70,21,108,16,132,148,256
10/07/2015,SBY,MD,AEA,EN,Federal Contract Tower,0,17,7,6,30,0,0,34,10,44,0,17,41,16,74,32,40,72,146
10/08/2015,SBY,MD,AEA,EN,Federal Contract Tower,0,21,9,0,30,0,1,45,4,50,0,22,54,4,80,74,14,88,168
10/09/2015,SBY,MD,AEA,EN,Federal Contract Tower,0,16,9,2,27,0,0,24,6,30,0,16,33,8,57,44,30,74,131
10/10/2015,SBY,MD,AEA,EN,Federal Contract Tower,0,12,1,0,13,0,2,25,0,27,0,14,26,0,40,22,0,22,62
10/11/2015,SBY,MD,AEA,EN,Federal Contract Tower,0,13,3,1,17,0,0,27,1,28,0,13,30,2,45,26,12,38,83
10/12/2015,SBY,MD,AEA,EN,Federal Contract Tower,0,16,16,6,38,0,3,44,0,47,0,19,60,6,85,32,0,32,117
10/13/2015,SBY,MD,AEA,EN,Federal Contract Tower,0,18,5,0,23,0,0,44,4,48,0,18,49,4,71,16,12,28,99
10/14/2015,SBY,MD,AEA,EN,Federal Contract Tower,0,15,8,2,25,0,5,35,14,54,0,20,43,16,79,32,72,104,183
10/15/2015,SBY,MD,AEA,EN,Federal Contract Tower,0,22,5,7,34,0,2,58,10,70,0,24,63,17,104,60,28,88,192
10/16/2015,SBY,MD,AEA,EN,Federal Contract Tower,0,19,8,0,27,0,0,40,2,42,0,19,48,2,69,58,8,66,135
10/17/2015,SBY,MD,AEA,EN,Federal Contract Tower,0,10,9,0,19,0,0,19,0,19,0,10,28,0,38,10,0,10,48
10/18/2015,SBY,MD,AEA,EN,Federal Contract Tower,0,13,2,2,17,0,1,38,0,39,0,14,40,2,56,56,0,56,112
10/19/2015,SBY,MD,AEA,EN,Federal Contract Tower,0,15,4,0,19,0,0,38,18,56,0,15,42,18,75,16,74,90,165
10/20/2015,SBY,MD,AEA,EN,Federal Contract Tower,0,16,12,0,28,0,0,60,4,64,0,16,72,4,92,34,8,42,134
10/21/2015,SBY,MD,AEA,EN,Federal Contract Tower,0,17,8,2,27,0,16,28,5,49,0,33,36,7,76,34,20,54,130
10/22/2015,SBY,MD,AEA,EN,Federal Contract Tower,0,23,13,3,39,0,0,48,11,59,0,23,61,14,98,64,52,116,214
10/23/2015,SBY,MD,AEA,EN,Federal Contract Tower,0,18,3,2,23,0,0,30,10,40,0,18,33,12,63,28,54,82,145
10/24/2015,SBY,MD,AEA,EN,Federal Contract Tower,0,11,5,0,16,0,0,35,0,35,0,11,40,0,51,38,0,38,89
10/25/2015,SBY,MD,AEA,EN,Federal Contract Tower,0,15,3,0,18,0,0,35,1,36,0,15,38,1,54,48,0,48,102
10/26/2015,SBY,MD,AEA,EN,Federal Contract Tower,0,17,10,2,29,0,0,18,14,32,0,17,28,16,61,24,66,90,151
10/27/2015,SBY,MD,AEA,EN,Federal Contract Tower,0,17,5,3,25,0,0,28,12,40,0,17,33,15,65,28,80,108,173
10/28/2015,SBY,MD,AEA,EN,Federal Contract Tower,0,15,2,0,17,0,0,2,0,2,0,15,4,0,19,6,0,6,25
10/29/2015,SBY,MD,AEA,EN,Federal Contract Tower,0,18,7,0,25,0,0,29,10,39,0,18,36,10,64,24,34,58,122
10/30/2015,SBY,MD,AEA,EN,Federal Contract Tower,0,17,5,0,22,0,0,36,17,53,0,17,41,17,75,26,110,136,211
10/31/2015,SBY,MD,AEA,EN,Federal Contract Tower,0,8,2,0,10,0,0,35,0,35,0,8,37,0,45,24,0,24,69
11/01/2015,SBY,MD,AEA,EN,Federal Contract Tower,0,12,5,0,17,0,2,19,0,21,0,14,24,0,38,16,0,16,54
11/02/2015,SBY,MD,AEA,EN,Federal Contract Tower,0,18,9,0,27,0,6,18,10,34,0,24,27,10,61,2,58,60,121
11/03/2015,SBY,MD,AEA,EN,Federal Contract Tower,0,16,15,1,32,0,0,37,8,45,0,16,52,9,77,32,48,80,157
11/04/2015,SBY,MD,AEA,EN,Federal Contract Tower,0,15,5,0,20,0,2,20,6,28,0,17,25,6,48,26,40,66,114
11/05/2015,SBY,MD,AEA,EN,Federal Contract Tower,0,18,11,11,40,0,0,9,0,9,0,18,20,11,49,4,0,4,53
11/06/2015,SBY,MD,AEA,EN,Federal Contract Tower,0,20,7,2,29,0,0,0,0,0,0,20,7,2,29,0,0,0,29
11/07/2015,SBY,MD,AEA,EN,Federal Contract Tower,0,14,1,0,15,0,2,2,0,4,0,16,3,0,19,0,0,0,19
11/08/2015,SBY,MD,AEA,EN,Federal Contract Tower,0,15,9,2,26,0,3,28,0,31,0,18,37,2,57,2,0,2,59
11/09/2015,SBY,MD,AEA,EN,Federal Contract Tower,0,15,3,0,18,0,2,15,2,19,0,17,18,2,37,8,8,16,53
11/10/2015,SBY,MD,AEA,EN,Federal Contract Tower,0,16,4,0,20,0,0,0,0,0,0,16,4,0,20,0,0,0,20
11/11/2015,SBY,MD,AEA,EN,Federal Contract Tower,0,18,13,0,31,0,4,46,0,50,0,22,59,0,81,68,0,68,149
11/12/2015,SBY,MD,AEA,EN,Federal Contract Tower,0,19,4,0,23,0,2,5,4,11,0,21,9,4,34,0,18,18,52
11/13/2015,SBY,MD,AEA,EN,Federal Contract Tower,0,20,5,0,25,0,0,21,4,25,0,20,26,4,50,30,40,70,120
11/14/2015,SBY,MD,AEA,EN,Federal Contract Tower,0,12,0,0,12,0,0,14,0,14,0,12,14,0,26,0,0,0,26
11/15/2015,SBY,MD,AEA,EN,Federal Contract Tower,0,13,5,0,18,0,6,16,0,22,0,19,21,0,40,8,0,8,48
11/16/2015,SBY,MD,AEA,EN,Federal Contract Tower,0,22,9,0,31,0,6,44,8,58,0,28,53,8,89,32,24,56,145
11/17/2015,SBY,MD,AEA,EN,Federal Contract Tower,0,22,8,0,30,0,2,22,8,32,0,24,30,8,62,16,20,36,98
11/18/2015,SBY,MD,AEA,EN,Federal Contract Tower,0,18,10,0,28,0,7,41,10,58,0,25,51,10,86,56,32,88,174
11/19/2015,SBY,MD,AEA,EN,Federal Contract Tower,0,21,3,0,24,0,0,4,0,4,0,21,7,0,28,12,0,12,40
11/20/2015,SBY,MD,AEA,EN,Federal Contract Tower,0,18,6,0,24,0,1,33,10,44,0,19,39,10,68,16,78,94,162
11/21/2015,SBY,MD,AEA,EN,Federal Contract Tower,0,13,2,0,15,0,0,28,0,28,0,13,30,0,43,32,0,32,75
11/22/2015,SBY,MD,AEA,EN,Federal Contract Tower,0,11,4,0,15,0,4,0,0,4,0,15,4,0,19,0,0,0,19
11/23/2015,SBY,MD,AEA,EN,Federal Contract Tower,0,16,13,2,31,0,0,55,18,73,0,16,68,20,104,78,56,134,238
11/24/2015,SBY,MD,AEA,EN,Federal Contract Tower,0,17,12,2,31,0,0,32,2,34,0,17,44,4,65,2,10,12,77
11/25/2015,SBY,MD,AEA,EN,Federal Contract Tower,0,18,10,0,28,0,24,38,0,62,0,42,48,0,90,74,0,74,164
11/26/2015,SBY,MD,AEA,EN,Federal Contract Tower,0,7,1,0,8,0,0,5,0,5,0,7,6,0,13,4,0,4,17
11/27/2015,SBY,MD,AEA,EN,Federal Contract Tower,0,13,0,0,13,0,0,12,0,12,0,13,12,0,25,16,0,16,41
11/28/2015,SBY,MD,AEA,EN,Federal Contract Tower,0,12,0,0,12,0,0,20,4,24,0,12,20,4,36,22,0,22,58
11/29/2015,SBY,MD,AEA,EN,Federal Contract Tower,0,15,4,0,19,0,0,0,0,0,0,15,4,0,19,0,0,0,19
11/30/2015,SBY,MD,AEA,EN,Federal Contract Tower,0,18,10,0,28,0,0,10,0,10,0,18,20,0,38,38,0,38,76
12/01/2015,SBY,MD,AEA,EN,Federal Contract Tower,0,17,5,0,22,0,0,0,0,0,0,17,5,0,22,0,0,0,22
12/02/2015,SBY,MD,AEA,EN,Federal Contract Tower,0,18,4,0,22,0,0,0,0,0,0,18,4,0,22,0,0,0,22
12/03/2015,SBY,MD,AEA,EN,Federal Contract Tower,0,18,6,0,24,0,0,29,15,44,0,18,35,15,68,70,8,78,146
12/04/2015,SBY,MD,AEA,EN,Federal Contract Tower,0,23,10,0,33,0,8,40,2,50,0,31,50,2,83,38,14,52,135
12/05/2015,SBY,MD,AEA,EN,Federal Contract Tower,0,14,7,0,21,0,2,39,3,44,0,16,46,3,65,44,14,58,123
12/06/2015,SBY,MD,AEA,EN,Federal Contract Tower,0,12,9,3,24,0,2,35,1,38,0,14,44,4,62,38,10,48,110
12/07/2015,SBY,MD,AEA,EN,Federal Contract Tower,0,17,8,0,25,0,0,35,20,55,0,17,43,20,80,40,118,158,238
12/08/2015,SBY,MD,AEA,EN,Federal Contract Tower,0,19,10,0,29,0,1,40,6,47,0,20,50,6,76,46,16,62,138
12/09/2015,SBY,MD,AEA,EN,Federal Contract Tower,0,19,12,3,34,0,2,44,18,64,0,21,56,21,98,72,104,176,274
12/10/2015,SBY,MD,AEA,EN,Federal Contract Tower,0,16,14,1,31,0,0,26,9,35,0,16,40,10,66,26,44,70,136
12/11/2015,SBY,MD,AEA,EN,Federal Contract Tower,0,17,5,2,24,0,0,37,9,46,0,17,42,11,70,84,58,142,212
12/12/2015,SBY,MD,AEA,EN,Federal Contract Tower,0,14,5,0,19,0,0,22,0,22,0,14,27,0,41,52,0,52,93
12/13/2015,SBY,MD,AEA,EN,Federal Contract Tower,0,12,5,0,17,0,0,13,0,13,0,12,18,0,30,0,0,0,30
12/14/2015,SBY,MD,AEA,EN,Federal Contract Tower,0,16,3,0,19,0,1,17,2,20,0,17,20,2,39,16,4,20,59
12/15/2015,SBY,MD,AEA,EN,Federal Contract Tower,0,15,9,0,24,0,9,43,4,56,0,24,52,4,80,34,34,68,148
12/16/2015,SBY,MD,AEA,EN,Federal Contract Tower,0,20,13,1,34,0,16,40,14,70,0,36,53,15,104,44,56,100,204
12/17/2015,SBY,MD,AEA,EN,Federal Contract Tower,0,19,13,0,32,0,0,0,0,0,0,19,13,0,32,0,0,0,32
12/18/2015,SBY,MD,AEA,EN,Federal Contract Tower,0,19,10,0,29,0,0,16,0,16,0,19,26,0,45,18,0,18,63
12/19/2015,SBY,MD,AEA,EN,Federal Contract Tower,0,10,4,0,14,0,4,12,0,16,0,14,16,0,30,12,0,12,42
12/20/2015,SBY,MD,AEA,EN,Federal Contract Tower,0,12,5,0,17,0,0,16,0,16,0,12,21,0,33,8,0,8,41
12/21/2015,SBY,MD,AEA,EN,Federal Contract Tower,0,15,2,4,21,0,0,39,10,49,0,15,41,14,70,48,42,90,160
12/22/2015,SBY,MD,AEA,EN,Federal Contract Tower,0,14,10,9,33,0,0,0,5,5,0,14,10,14,38,0,36,36,74
12/23/2015,SBY,MD,AEA,EN,Federal Contract Tower,0,21,5,0,26,0,0,0,0,0,0,21,5,0,26,0,0,0,26
12/24/2015,SBY,MD,AEA,EN,Federal Contract Tower,0,15,3,0,18,0,0,2,0,2,0,15,5,0,20,0,0,0,20
12/25/2015,SBY,MD,AEA,EN,Federal Contract Tower,0,8,0,0,8,0,0,1,0,1,0,8,1,0,9,0,0,0,9
12/26/2015,SBY,MD,AEA,EN,Federal Contract Tower,0,11,3,0,14,0,0,0,0,0,0,11,3,0,14,0,0,0,14
12/27/2015,SBY,MD,AEA,EN,Federal Contract Tower,0,10,7,0,17,0,2,6,0,8,0,12,13,0,25,0,0,0,25
12/28/2015,SBY,MD,AEA,EN,Federal Contract Tower,0,13,2,0,15,0,0,13,4,17,0,13,15,4,32,44,18,62,94
12/29/2015,SBY,MD,AEA,EN,Federal Contract Tower,0,18,19,0,37,0,0,2,0,2,0,18,21,0,39,10,0,10,49
12/30/2015,SBY,MD,AEA,EN,Federal Contract Tower,0,17,1,0,18,0,0,0,0,0,0,17,1,0,18,0,0,0,18
12/31/2015,SBY,MD,AEA,EN,Federal Contract Tower,0,13,2,0,15,0,2,19,0,21,0,15,21,0,36,22,0,22,58
01/01/2016,SBY,MD,AEA,EN,Federal Contract Tower,0,10,2,0,12,0,3,16,4,23,0,13,18,4,35,30,0,30,65
01/02/2016,SBY,MD,AEA,EN,Federal Contract Tower,0,10,5,0,15,0,2,31,0,33,0,12,36,0,48,44,0,44,92
01/03/2016,SBY,MD,AEA,EN,Federal Contract Tower,0,10,2,0,12,0,3,36,0,39,0,13,38,0,51,70,0,70,121
01/04/2016,SBY,MD,AEA,EN,Federal Contract Tower,0,16,4,0,20,0,4,22,2,28,0,20,26,2,48,6,0,6,54
01/05/2016,SBY,MD,AEA,EN,Federal Contract Tower,0,15,8,0,23,0,3,25,6,34,0,18,33,6,57,18,44,62,119
01/06/2016,SBY,MD,AEA,EN,Federal Contract Tower,0,20,4,0,24,0,2,49,4,55,0,22,53,4,79,62,20,82,161
01/07/2016,SBY,MD,AEA,EN,Federal Contract Tower,0,18,4,1,23,0,0,9,5,14,0,18,13,6,37,8,10,18,55
01/08/2016,SBY,MD,AEA,EN,Federal Contract Tower,0,18,5,9,32,0,0,19,1,20,0,18,24,10,52,0,20,20,72
01/09/2016,SBY,MD,AEA,EN,Federal Contract Tower,0,14,8,0,22,0,0,2,0,2,0,14,10,0,24,0,0,0,24
01/10/2016,SBY,MD,AEA,EN,Federal Contract Tower,0,15,2,0,17,0,0,4,0,4,0,15,6,0,21,8,0,8,29
01/11/2016,SBY,MD,AEA,EN,Federal Contract Tower,0,17,8,0,25,0,2,28,2,32,0,19,36,2,57,50,22,72,129
01/12/2016,SBY,MD,AEA,EN,Federal Contract Tower,0,19,6,0,25,0,0,16,2,18,0,19,22,2,43,2,18,20,63
01/13/2016,SBY,MD,AEA,EN,Federal Contract Tower,0,23,10,2,35,0,0,23,16,39,0,23,33,18,74,40,32,72,146
01/14/2016,SBY,MD,AEA,EN,Federal Contract Tower,0,20,6,5,31,0,2,35,3,40,0,22,41,8,71,44,16,60,131
01/15/2016,SBY,MD,AEA,EN,Federal Contract Tower,0,19,10,2,31,0,0,17,5,22,0,19,27,7,53,12,18,30,83
01/16/2016,SBY,MD,AEA,EN,Federal Contract Tower,0,14,0,0,14,0,0,0,0,0,0,14,0,0,14,0,0,0,14
01/17/2016,SBY,MD,AEA,EN,Federal Contract Tower,0,15,0,0,15,0,0,0,0,0,0,15,0,0,15,0,0,0,15
01/18/2016,SBY,MD,AEA,EN,Federal Contract Tower,0,19,6,0,25,0,0,2,0,2,0,19,8,0,27,0,0,0,27
01/19/2016,SBY,MD,AEA,EN,Federal Contract Tower,0,19,3,4,26,0,0,20,2,22,0,19,23,6,48,20,10,30,78
01/20/2016,SBY,MD,AEA,EN,Federal Contract Tower,0,29,5,5,39,0,1,34,3,38,0,30,39,8,77,16,14,30,107
01/21/2016,SBY,MD,AEA,EN,Federal Contract Tower,0,21,5,0,26,0,0,6,4,10,0,21,11,4,36,10,22,32,68
01/22/2016,SBY,MD,AEA,EN,Federal Contract Tower,0,14,0,0,14,0,0,2,0,2,0,14,2,0,16,0,0,0,16
01/23/2016,SBY,MD,AEA,EN,Federal Contract Tower,0,2,0,0,2,0,0,0,0,0,0,2,0,0,2,0,0,0,2
01/24/2016,SBY,MD,AEA,EN,Federal Contract Tower,0,16,0,0,16,0,0,0,0,0,0,16,0,0,16,0,0,0,16
01/25/2016,SBY,MD,AEA,EN,Federal Contract Tower,0,20,0,0,20,0,2,12,2,16,0,22,12,2,36,12,0,12,48
01/26/2016,SBY,MD,AEA,EN,Federal Contract Tower,0,16,4,0,20,0,4,9,0,13,0,20,13,0,33,10,0,10,43
01/27/2016,SBY,MD,AEA,EN,Federal Contract Tower,0,17,3,0,20,0,3,12,4,19,0,20,15,4,39,8,16,24,63
01/28/2016,SBY,MD,AEA,EN,Federal Contract Tower,0,21,6,0,27,0,1,16,6,23,0,22,22,6,50,50,34,84,134
01/29/2016,SBY,MD,AEA,EN,Federal Contract Tower,0,20,4,0,24,0,0,5,6,11,0,20,9,6,35,0,62,62,97
01/30/2016,SBY,MD,AEA,EN,Federal Contract Tower,0,14,3,0,17,0,0,35,0,35,0,14,38,0,52,34,0,34,86
01/31/2016,SBY,MD,AEA,EN,Federal Contract Tower,0,12,4,2,18,0,2,36,2,40,0,14,40,4,58,40,8,48,106
02/01/2016,SBY,MD,AEA,EN,Federal Contract Tower,0,18,5,0,23,0,2,18,4,24,0,20,23,4,47,50,12,62,109
02/02/2016,SBY,MD,AEA,EN,Federal Contract Tower,0,21,11,0,32,0,0,51,4,55,0,21,62,4,87,48,36,84,171
02/03/2016,SBY,MD,AEA,EN,Federal Contract Tower,0,20,2,0,22,0,0,6,0,6,0,20,8,0,28,0,0,0,28
02/04/2016,SBY,MD,AEA,EN,Federal Contract Tower,0,19,3,0,22,0,0,1,2,3,0,19,4,2,25,0,2,2,27
02/05/2016,SBY,MD,AEA,EN,Federal Contract Tower,0,19,8,0,27,0,0,12,0,12,0,19,20,0,39,14,0,14,53
02/06/2016,SBY,MD,AEA,EN,Federal Contract Tower,0,12,6,0,18,0,2,44,3,49,0,14,50,3,67,62,16,78,145
02/07/2016,SBY,MD,AEA,EN,Federal Contract Tower,0,12,0,2,14,0,3,17,2,22,0,15,17,4,36,32,4,36,72
02/08/2016,SBY,MD,AEA,EN,Federal Contract Tower,0,14,0,2,16,0,0,22,12,34,0,14,22,14,50,40,82,122,172
02/09/2016,SBY,MD,AEA,EN,Federal Contract Tower,0,16,1,0,17,0,0,0,0,0,0,16,1,0,17,0,0,0,17
02/10/2016,SBY,MD,AEA,EN,Federal Contract Tower,0,20,3,0,23,0,8,17,4,29,0,28,20,4,52,4,18,22,74
02/11/2016,SBY,MD,AEA,EN,Federal Contract Tower,0,18,6,0,24,0,2,9,8,19,0,20,15,8,43,0,20,20,63
02/12/2016,SBY,MD,AEA,EN,Federal Contract Tower,0,17,7,0,24,0,0,32,4,36,0,17,39,4,60,18,22,40,100
02/13/2016,SBY,MD,AEA,EN,Federal Contract Tower,0,10,0,0,10,0,2,9,0,11,0,12,9,0,21,24,0,24,45
02/14/2016,SBY,MD,AEA,EN,Federal Contract Tower,0,7,3,0,10,0,0,25,0,25,0,7,28,0,35,38,0,38,73
02/15/2016,SBY,MD,AEA,EN,Federal Contract Tower,0,9,1,0,10,0,0,0,0,0,0,9,1,0,10,0,0,0,10
02/16/2016,SBY,MD,AEA,EN,Federal Contract Tower,0,21,2,0,23,0,0,2,4,6,0,21,4,4,29,12,28,40,69
02/17/2016,SBY,MD,AEA,EN,Federal Contract Tower,0,25,6,0,31,0,8,46,15,69,0,33,52,15,100,64,94,158,258
02/18/2016,SBY,MD,AEA,EN,Federal Contract Tower,0,28,4,0,32,0,0,20,15,35,0,28,24,15,67,12,44,56,123
02/19/2016,SBY,MD,AEA,EN,Federal Contract Tower,0,16,7,0,23,0,0,35,0,35,0,16,42,0,58,24,26,50,108
02/20/2016,SBY,MD,AEA,EN,Federal Contract Tower,0,9,4,0,13,0,0,16,2,18,0,9,20,2,31,16,2,18,49
02/21/2016,SBY,MD,AEA,EN,Federal Contract Tower,0,9,7,0,16,0,0,17,4,21,0,9,24,4,37,30,6,36,73
02/22/2016,SBY,MD,AEA,EN,Federal Contract Tower,0,16,9,0,25,0,0,51,12,63,0,16,60,12,88,70,76,146,234
02/23/2016,SBY,MD,AEA,EN,Federal Contract Tower,0,22,5,0,27,0,0,0,0,0,0,22,5,0,27,0,0,0,27
02/24/2016,SBY,MD,AEA,EN,Federal Contract Tower,0,14,3,0,17,0,0,0,0,0,0,14,3,0,17,0,0,0,17
02/25/2016,SBY,MD,AEA,EN,Federal Contract Tower,0,17,4,0,21,0,4,4,12,20,0,21,8,12,41,0,36,36,77
02/26/2016,SBY,MD,AEA,EN,Federal Contract Tower,0,23,7,0,30,0,2,18,13,33,0,25,25,13,63,18,10,28,91
02/27/2016,SBY,MD,AEA,EN,Federal Contract Tower,0,11,1,0,12,0,0,31,2,33,0,11,32,2,45,22,0,22,67
02/28/2016,SBY,MD,AEA,EN,Federal Contract Tower,0,11,3,0,14,0,2,26,0,28,0,13,29,0,42,12,0,12,54
02/29/2016,SBY,MD,AEA,EN,Federal Contract Tower,0,15,1,6,22,0,0,30,16,46,0,15,31,22,68,44,112,156,224
03/01/2016,SBY,MD,AEA,EN,Federal Contract Tower,0,18,3,0,21,0,0,43,34,77,0,18,46,34,98,28,76,104,202
03/02/2016,SBY,MD,AEA,EN,Federal Contract Tower,0,23,1,0,24,0,2,0,2,4,0,25,1,2,28,0,10,10,38
03/03/2016,SBY,MD,AEA,EN,Federal Contract Tower,0,25,5,3,33,0,6,45,22,73,0,31,50,25,106,74,80,154,260
03/04/2016,SBY,MD,AEA,EN,Federal Contract Tower,0,20,3,0,23,0,0,0,0,0,0,20,3,0,23,0,0,0,23
03/05/2016,SBY,MD,AEA,EN,Federal Contract Tower,0,13,5,0,18,0,0,28,4,32,0,13,33,4,50,44,40,84,134
03/06/2016,SBY,MD,AEA,EN,Federal Contract Tower,0,9,3,0,12,0,2,14,2,18,0,11,17,2,30,0,2,2,32
03/07/2016,SBY,MD,AEA,EN,Federal Contract Tower,0,15,4,0,19,0,5,29,28,62,0,20,33,28,81,30,52,82,163
03/08/2016,SBY,MD,AEA,EN,Federal Contract Tower,0,19,6,2,27,0,1,34,12,47,0,20,40,14,74,14,52,66,140
03/09/2016,SBY,MD,AEA,EN,Federal Contract Tower,0,20,14,0,34,0,2,56,26,84,0,22,70,26,118,42,66,108,226
03/10/2016,SBY,MD,AEA,EN,Federal Contract Tower,0,18,10,0,28,0,0,25,4,29,0,18,35,4,57,26,18,44,101
03/11/2016,SBY,MD,AEA,EN,Federal Contract Tower,0,16,2,0,18,0,1,26,10,37,0,17,28,10,55,50,62,112,167
03/12/2016,SBY,MD,AEA,EN,Federal Contract Tower,0,12,4,2,18,0,2,43,2,47,0,14,47,4,65,44,0,44,109
03/13/2016,SBY,MD,AEA,EN,Federal Contract Tower,0,12,2,0,14,0,0,2,0,2,0,12,4,0,16,0,0,0,16
03/14/2016,SBY,MD,AEA,EN,Federal Contract Tower,0,14,3,0,17,0,0,0,0,0,0,14,3,0,17,0,0,0,17
03/15/2016,SBY,MD,AEA,EN,Federal Contract Tower,0,18,14,0,32,0,0,9,2,11,0,18,23,2,43,0,0,0,43
03/16/2016,SBY,MD,AEA,EN,Federal Contract Tower,0,26,11,2,39,0,0,36,29,65,0,26,47,31,104,46,86,132,236
03/17/2016,SBY,MD,AEA,EN,Federal Contract Tower,0,21,4,2,27,0,0,18,9,27,0,21,22,11,54,38,64,102,156
03/18/2016,SBY,MD,AEA,EN,Federal Contract Tower,0,18,9,0,27,0,4,31,4,39,0,22,40,4,66,52,76,128,194
03/19/2016,SBY,MD,AEA,EN,Federal Contract Tower,0,12,1,0,13,0,0,12,0,12,0,12,13,0,25,12,0,12,37
03/20/2016,SBY,MD,AEA,EN,Federal Contract Tower,0,11,2,0,13,0,0,2,0,2,0,11,4,0,15,0,0,0,15
03/21/2016,SBY,MD,AEA,EN,Federal Contract Tower,0,15,5,6,26,0,0,17,8,25,0,15,22,14,51,0,24,24,75
03/22/2016,SBY,MD,AEA,EN,Federal Contract Tower,0,20,12,0,32,0,0,50,14,64,0,20,62,14,96,28,52,80,176
03/23/2016,SBY,MD,AEA,EN,Federal Contract Tower,0,18,8,2,28,0,15,38,15,68,0,33,46,17,96,72,92,164,260
03/24/2016,SBY,MD,AEA,EN,Federal Contract Tower,0,18,7,0,25,0,0,21,2,23,0,18,28,2,48,14,24,38,86
03/25/2016,SBY,MD,AEA,EN,Federal Contract Tower,0,17,8,0,25,0,6,4,0,10,0,23,12,0,35,26,0,26,61
03/26/2016,SBY,MD,AEA,EN,Federal Contract Tower,0,13,4,0,17,0,0,48,6,54,0,13,52,6,71,44,0,44,115
03/27/2016,SBY,MD,AEA,EN,Federal Contract Tower,0,6,10,0,16,0,0,1,0,1,0,6,11,0,17,0,0,0,17
03/28/2016,SBY,MD,AEA,EN,Federal Contract Tower,0,13,6,2,21,0,2,21,2,25,0,15,27,4,46,10,26,36,82
03/29/2016,SBY,MD,AEA,EN,Federal Contract Tower,0,20,2,0,22,0,0,13,8,21,0,20,15,8,43,0,70,70,113
03/30/2016,SBY,MD,AEA,EN,Federal Contract Tower,0,16,7,2,25,0,3,58,8,69,0,19,65,10,94,42,30,72,166
03/31/2016,SBY,MD,AEA,EN,Federal Contract Tower,0,20,3,0,23,0,0,13,6,19,0,20,16,6,42,2,24,26,68
04/01/2016,SBY,MD,AEA,EN,Federal Contract Tower,0,19,3,1,23,0,3,16,0,19,0,22,19,1,42,0,0,0,42
04/02/2016,SBY,MD,AEA,EN,Federal Contract Tower,0,12,1,0,13,0,0,0,0,0,0,12,1,0,13,0,0,0,13
04/03/2016,SBY,MD,AEA,EN,Federal Contract Tower,0,12,3,0,15,0,2,10,0,12,0,14,13,0,27,0,0,0,27
04/04/2016,SBY,MD,AEA,EN,Federal Contract Tower,0,15,12,0,27,0,3,8,4,15,0,18,20,4,42,2,10,12,54
04/05/2016,SBY,MD,AEA,EN,Federal Contract Tower,0,18,5,0,23,0,0,12,4,16,0,18,17,4,39,0,16,16,55
04/06/2016,SBY,MD,AEA,EN,Federal Contract Tower,0,19,6,5,30,0,0,47,9,56,0,19,53,14,86,50,58,108,194
04/07/2016,SBY,MD,AEA,EN,Federal Contract Tower,0,20,10,0,30,0,0,9,0,9,0,20,19,0,39,0,0,0,39
04/08/2016,SBY,MD,AEA,EN,Federal Contract Tower,0,17,11,0,28,0,0,19,4,23,0,17,30,4,51,20,28,48,99
04/09/2016,SBY,MD,AEA,EN,Federal Contract Tower,0,13,7,2,22,0,2,2,2,6,0,15,9,4,28,0,0,0,28
04/10/2016,SBY,MD,AEA,EN,Federal Contract Tower,0,12,2,0,14,0,2,47,10,59,0,14,49,10,73,76,78,154,227
04/11/2016,SBY,MD,AEA,EN,Federal Contract Tower,0,13,5,0,18,0,0,12,6,18,0,13,17,6,36,10,38,48,84
04/12/2016,SBY,MD,AEA,EN,Federal Contract Tower,0,22,10,1,33,0,0,6,5,11,0,22,16,6,44,0,22,22,66
04/13/2016,SBY,MD,AEA,EN,Federal Contract Tower,0,18,6,9,33,0,0,33,15,48,0,18,39,24,81,78,48,126,207
04/14/2016,SBY,MD,AEA,EN,Federal Contract Tower,0,21,3,1,25,0,5,55,6,66,0,26,58,7,91,52,64,116,207
04/15/2016,SBY,MD,AEA,EN,Federal Contract Tower,0,17,5,0,22,0,3,37,6,46,0,20,42,6,68,20,46,66,134
04/16/2016,SBY,MD,AEA,EN,Federal Contract Tower,0,12,6,0,18,0,0,59,0,59,0,12,65,0,77,22,0,22,99
04/17/2016,SBY,MD,AEA,EN,Federal Contract Tower,0,11,13,0,24,0,2,44,2,48,0,13,57,2,72,20,6,26,98
04/18/2016,SBY,MD,AEA,EN,Federal Contract Tower,0,15,12,1,28,0,3,49,27,79,0,18,61,28,107,80,84,164,271
04/19/2016,SBY,MD,AEA,EN,Federal Contract Tower,0,17,8,3,28,0,8,47,27,82,0,25,55,30,110,22,134,156,266
04/20/2016,SBY,MD,AEA,EN,Federal Contract Tower,0,18,14,0,32,0,4,56,20,80,0,22,70,20,112,22,108,130,242
04/21/2016,SBY,MD,AEA,EN,Federal Contract Tower,0,19,11,1,31,0,2,9,7,18,0,21,20,8,49,8,46,54,103
04/22/2016,SBY,MD,AEA,EN,Federal Contract Tower,0,17,2,4,23,0,3,12,8,23,0,20,14,12,46,14,60,74,120
04/23/2016,SBY,MD,AEA,EN,Federal Contract Tower,0,12,11,0,23,0,0,4,0,4,0,12,15,0,27,0,0,0,27
04/24/2016,SBY,MD,AEA,EN,Federal Contract Tower,0,10,9,0,19,0,1,58,0,59,0,11,67,0,78,106,0,106,184
04/25/2016,SBY,MD,AEA,EN,Federal Contract Tower,0,16,6,0,22,0,8,13,4,25,0,24,19,4,47,6,32,38,85
04/26/2016,SBY,MD,AEA,EN,Federal Contract Tower,0,20,5,3,28,0,6,27,13,46,0,26,32,16,74,10,60,70,144
04/27/2016,SBY,MD,AEA,EN,Federal Contract Tower,0,23,19,0,42,0,0,0,0,0,0,23,19,0,42,0,0,0,42
04/28/2016,SBY,MD,AEA,EN,Federal Contract Tower,0,20,10,7,37,0,0,0,0,0,0,20,10,7,37,0,0,0,37
04/29/2016,SBY,MD,AEA,EN,Federal Contract Tower,0,22,7,0,29,0,1,0,0,1,0,23,7,0,30,0,0,0,30
04/30/2016,SBY,MD,AEA,EN,Federal Contract Tower,0,13,12,0,25,0,0,2,0,2,0,13,14,0,27,0,0,0,27
05/01/2016,SBY,MD,AEA,EN,Federal Contract Tower,0,12,4,0,16,0,0,0,0,0,0,12,4,0,16,0,0,0,16
05/02/2016,SBY,MD,AEA,EN,Federal Contract Tower,0,17,6,0,23,0,0,19,6,25,0,17,25,6,48,6,30,36,84
05/03/2016,SBY,MD,AEA,EN,Federal Contract Tower,0,15,12,3,30,0,0,10,1,11,0,15,22,4,41,8,0,8,49
05/04/2016,SBY,MD,AEA,EN,Federal Contract Tower,0,21,12,0,33,0,0,0,0,0,0,21,12,0,33,0,0,0,33
05/05/2016,SBY,MD,AEA,EN,Federal Contract Tower,0,19,22,0,41,0,0,3,0,3,0,19,25,0,44,0,0,0,44
05/06/2016,SBY,MD,AEA,EN,Federal Contract Tower,0,23,10,0,33,0,0,0,0,0,0,23,10,0,33,0,0,0,33
05/07/2016,SBY,MD,AEA,EN,Federal Contract Tower,0,13,5,2,20,0,2,4,0,6,0,15,9,2,26,10,0,10,36
05/08/2016,SBY,MD,AEA,EN,Federal Contract Tower,0,9,3,0,12,0,4,23,0,27,0,13,26,0,39,14,0,14,53
05/09/2016,SBY,MD,AEA,EN,Federal Contract Tower,0,18,8,0,26,0,8,19,8,35,0,26,27,8,61,10,74,84,145
05/10/2016,SBY,MD,AEA,EN,Federal Contract Tower,0,17,3,3,23,0,4,28,13,45,0,21,31,16,68,40,88,128,196
05/11/2016,SBY,MD,AEA,EN,Federal Contract Tower,0,23,9,4,36,0,0,3,0,3,0,23,12,4,39,8,0,8,47
05/12/2016,SBY,MD,AEA,EN,Federal Contract Tower,0,16,22,0,38,0,0,7,0,7,0,16,29,0,45,2,0,2,47
05/13/2016,SBY,MD,AEA,EN,Federal Contract Tower,0,14,8,2,24,0,0,1,0,1,0,14,9,2,25,0,0,0,25
05/14/2016,SBY,MD,AEA,EN,Federal Contract Tower,0,10,6,5,21,0,0,60,2,62,0,10,66,7,83,92,0,92,175
05/15/2016,SBY,MD,AEA,EN,Federal Contract Tower,0,11,8,0,19,0,0,21,0,21,0,11,29,0,40,44,22,66,106
05/16/2016,SBY,MD,AEA,EN,Federal Contract Tower,0,15,0,0,15,0,0,42,32,74,0,15,42,32,89,12,138,150,239
05/17/2016,SBY,MD,AEA,EN,Federal Contract Tower,0,17,12,0,29,0,0,17,0,17,0,17,29,0,46,8,0,8,54
05/18/2016,SBY,MD,AEA,EN,Federal Contract Tower,0,22,8,3,33,0,2,30,9,41,0,24,38,12,74,22,28,50,124
05/19/2016,SBY,MD,AEA,EN,Federal Contract Tower,0,24,11,5,40,0,5,40,8,53,0,29,51,13,93,10,46,56,149
05/20/2016,SBY,MD,AEA,EN,Federal Contract Tower,0,19,7,0,26,0,0,40,8,48,0,19,47,8,74,42,44,86,160
05/21/2016,SBY,MD,AEA,EN,Federal Contract Tower,0,9,5,0,14,0,0,0,0,0,0,9,5,0,14,0,0,0,14
05/22/2016,SBY,MD,AEA,EN,Federal Contract Tower,0,14,16,0,30,0,0,0,0,0,0,14,16,0,30,0,0,0,30
05/23/2016,SBY,MD,AEA,EN,Federal Contract Tower,0,15,10,2,27,0,0,24,16,40,0,15,34,18,67,22,102,124,191
05/24/2016,SBY,MD,AEA,EN,Federal Contract Tower,0,16,10,1,27,0,0,53,15,68,0,16,63,16,95,28,86,114,209
05/25/2016,SBY,MD,AEA,EN,Federal Contract Tower,0,15,7,1,23,0,0,62,25,87,0,15,69,26,110,30,90,120,230
05/26/2016,SBY,MD,AEA,EN,Federal Contract Tower,0,19,10,0,29,0,0,26,24,50,0,19,36,24,79,10,12,22,101
05/27/2016,SBY,MD,AEA,EN,Federal Contract Tower,0,19,1,2,22,0,2,28,14,44,0,21,29,16,66,40,78,118,184
05/28/2016,SBY,MD,AEA,EN,Federal Contract Tower,0,13,1,0,14,0,0,30,0,30,0,13,31,0,44,40,0,40,84
05/29/2016,SBY,MD,AEA,EN,Federal Contract Tower,0,9,4,0,13,0,2,4,0,6,0,11,8,0,19,0,0,0,19
05/30/2016,SBY,MD,AEA,EN,Federal Contract Tower,0,12,5,0,17,0,2,0,0,2,0,14,5,0,19,0,0,0,19
05/31/2016,SBY,MD,AEA,EN,Federal Contract Tower,0,13,5,1,19,0,6,38,5,49,0,19,43,6,68,0,14,14,82
06/01/2016,SBY,MD,AEA,EN,Federal Contract Tower,0,17,3,2,22,0,11,53,14,78,0,28,56,16,100,12,40,52,152
06/02/2016,SBY,MD,AEA,EN,Federal Contract Tower,0,19,20,0,39,0,0,3,0,3,0,19,23,0,42,0,0,0,42
06/03/2016,SBY,MD,AEA,EN,Federal Contract Tower,0,17,10,2,29,0,0,7,0,7,0,17,17,2,36,18,0,18,54
06/04/2016,SBY,MD,AEA,EN,Federal Contract Tower,0,12,6,0,18,0,0,12,0,12,0,12,18,0,30,2,0,2,32
06/05/2016,SBY,MD,AEA,EN,Federal Contract Tower,0,12,3,0,15,0,1,0,0,1,0,13,3,0,16,0,0,0,16
06/06/2016,SBY,MD,AEA,EN,Federal Contract Tower,0,20,8,3,31,0,20,15,27,62,0,40,23,30,93,18,114,132,225
06/07/2016,SBY,MD,AEA,EN,Federal Contract Tower,0,23,3,0,26,0,2,46,20,68,0,25,49,20,94,44,134,178,272
06/08/2016,SBY,MD,AEA,EN,Federal Contract Tower,0,22,5,2,29,0,1,32,12,45,0,23,37,14,74,28,80,108,182
06/09/2016,SBY,MD,AEA,EN,Federal Contract Tower,0,20,11,0,31,0,4,27,12,43,0,24,38,12,74,24,38,62,136
06/10/2016,SBY,MD,AEA,EN,Federal Contract Tower,0,19,10,1,30,0,0,32,13,45,0,19,42,14,75,40,40,80,155
06/11/2016,SBY,MD,AEA,EN,Federal Contract Tower,0,11,8,0,19,0,0,18,0,18,0,11,26,0,37,16,0,16,53
06/12/2016,SBY,MD,AEA,EN,Federal Contract Tower,0,14,0,0,14,0,0,3,0,3,0,14,3,0,17,0,0,0,17
06/13/2016,SBY,MD,AEA,EN,Federal Contract Tower,0,17,5,0,22,0,1,57,16,74,0,18,62,16,96,18,90,108,204
06/14/2016,SBY,MD,AEA,EN,Federal Contract Tower,0,17,11,2,30,0,2,39,20,61,0,19,50,22,91,28,54,82,173
06/15/2016,SBY,MD,AEA,EN,Federal Contract Tower,0,18,5,0,23,0,3,27,8,38,0,21,32,8,61,38,56,94,155
06/16/2016,SBY,MD,AEA,EN,Federal Contract Tower,0,15,11,0,26,0,0,0,0,0,0,15,11,0,26,0,0,0,26
06/17/2016,SBY,MD,AEA,EN,Federal Contract Tower,0,18,9,0,27,0,0,0,2,2,0,18,9,2,29,0,8,8,37
06/18/2016,SBY,MD,AEA,EN,Federal Contract Tower,0,15,17,2,34,0,0,66,2,68,0,15,83,4,102,90,40,130,232
06/19/2016,SBY,MD,AEA,EN,Federal Contract Tower,0,13,5,0,18,0,4,45,0,49,0,17,50,0,67,42,0,42,109
06/20/2016,SBY,MD,AEA,EN,Federal Contract Tower,0,19,5,0,24,0,3,48,30,81,0,22,53,30,105,84,138,222,327
06/21/2016,SBY,MD,AEA,EN,Federal Contract Tower,0,19,8,0,27,0,0,26,9,35,0,19,34,9,62,20,18,38,100
06/22/2016,SBY,MD,AEA,EN,Federal Contract Tower,0,22,9,10,41,0,0,46,8,54,0,22,55,18,95,10,22,32,127
06/23/2016,SBY,MD,AEA,EN,Federal Contract Tower,0,19,6,0,25,0,0,15,0,15,0,19,21,0,40,14,0,14,54
06/24/2016,SBY,MD,AEA,EN,Federal Contract Tower,0,18,2,0,20,0,1,27,2,30,0,19,29,2,50,0,8,8,58
06/25/2016,SBY,MD,AEA,EN,Federal Contract Tower,0,14,5,0,19,0,0,32,0,32,0,14,37,0,51,32,0,32,83
06/26/2016,SBY,MD,AEA,EN,Federal Contract Tower,0,13,6,0,19,0,4,41,0,45,0,17,47,0,64,12,0,12,76
06/27/2016,SBY,MD,AEA,EN,Federal Contract Tower,0,14,11,0,25,0,3,30,16,49,0,17,41,16,74,86,46,132,206
06/28/2016,SBY,MD,AEA,EN,Federal Contract Tower,0,19,13,2,34,0,0,0,0,0,0,19,13,2,34,0,0,0,34
06/29/2016,SBY,MD,AEA,EN,Federal Contract Tower,0,18,8,0,26,0,2,36,8,46,0,20,44,8,72,64,58,122,194
06/30/2016,SBY,MD,AEA,EN,Federal Contract Tower,0,27,17,0,44,0,5,59,7,71,0,32,76,7,115,50,36,86,201
07/01/2016,SBY,MD,AEA,EN,Federal Contract Tower,0,16,4,2,22,0,0,3,0,3,0,16,7,2,25,6,0,6,31
07/02/2016,SBY,MD,AEA,EN,Federal Contract Tower,0,17,15,0,32,0,9,65,0,74,0,26,80,0,106,66,0,66,172
07/03/2016,SBY,MD,AEA,EN,Federal Contract Tower,0,14,3,0,17,0,0,10,0,10,0,14,13,0,27,12,0,12,39
07/04/2016,SBY,MD,AEA,EN,Federal Contract Tower,0,15,5,0,20,0,0,0,0,0,0,15,5,0,20,0,0,0,20
07/05/2016,SBY,MD,AEA,EN,Federal Contract Tower,0,20,1,0,21,0,1,21,0,22,0,21,22,0,43,0,0,0,43
07/06/2016,SBY,MD,AEA,EN,Federal Contract Tower,0,23,8,1,32,0,4,56,15,75,0,27,64,16,107,42,88,130,237
07/07/2016,SBY,MD,AEA,EN,Federal Contract Tower,0,22,5,10,37,0,2,35,6,43,0,24,40,16,80,38,68,106,186
07/08/2016,SBY,MD,AEA,EN,Federal Contract Tower,0,20,7,0,27,0,2,34,6,42,0,22,41,6,69,64,32,96,165
07/09/2016,SBY,MD,AEA,EN,Federal Contract Tower,0,12,8,0,20,0,2,8,2,12,0,14,16,2,32,0,0,0,32
07/10/2016,SBY,MD,AEA,EN,Federal Contract Tower,0,14,3,0,17,0,2,24,0,26,0,16,27,0,43,34,0,34,77
07/11/2016,SBY,MD,AEA,EN,Federal Contract Tower,0,16,9,4,29,0,3,28,8,39,0,19,37,12,68,4,56,60,128
07/12/2016,SBY,MD,AEA,EN,Federal Contract Tower,0,18,9,0,27,0,3,56,10,69,0,21,65,10,96,30,72,102,198
07/13/2016,SBY,MD,AEA,EN,Federal Contract Tower,0,28,22,4,54,0,6,15,0,21,0,34,37,4,75,8,0,8,83
07/14/2016,SBY,MD,AEA,EN,Federal Contract Tower,0,22,15,0,37,0,1,22,10,33,0,23,37,10,70,22,34,56,126
07/16/2016,SBY,MD,AEA,EN,Federal Contract Tower,0,10,7,0,17,0,12,13,0,25,0,22,20,0,42,0,0,0,42
07/17/2016,SBY,MD,AEA,EN,Federal Contract Tower,0,15,4,0,19,0,3,15,0,18,0,18,19,0,37,4,0,4,41
07/18/2016,SBY,MD,AEA,EN,Federal Contract Tower,0,20,3,0,23,0,0,16,4,20,0,20,19,4,43,34,28,62,105
07/19/2016,SBY,MD,AEA,EN,Federal Contract Tower,0,22,6,0,28,0,0,36,2,38,0,22,42,2,66,38,10,48,114
07/20/2016,SBY,MD,AEA,EN,Federal Contract Tower,0,18,9,1,28,0,4,44,15,63,0,22,53,16,91,50,64,114,205
07/21/2016,SBY,MD,AEA,EN,Federal Contract Tower,0,18,9,2,29,0,2,31,8,41,0,20,40,10,70,4,24,28,98
07/22/2016,SBY,MD,AEA,EN,Federal Contract Tower,0,16,14,0,30,0,0,41,4,45,0,16,55,4,75,48,24,72,147
07/23/2016,SBY,MD,AEA,EN,Federal Contract Tower,0,13,16,0,29,0,2,22,0,24,0,15,38,0,53,8,0,8,61
07/24/2016,SBY,MD,AEA,EN,Federal Contract Tower,0,12,8,0,20,0,0,35,0,35,0,12,43,0,55,20,0,20,75
07/25/2016,SBY,MD,AEA,EN,Federal Contract Tower,0,19,8,1,28,0,0,15,9,24,0,19,23,10,52,40,64,104,156
07/26/2016,SBY,MD,AEA,EN,Federal Contract Tower,0,18,6,0,24,0,0,30,4,34,0,18,36,4,58,8,20,28,86
07/27/2016,SBY,MD,AEA,EN,Federal Contract Tower,0,21,13,0,34,0,4,31,4,39,0,25,44,4,73,58,28,86,159
07/28/2016,SBY,MD,AEA,EN,Federal Contract Tower,0,21,13,0,34,0,5,7,2,14,0,26,20,2,48,22,8,30,78
07/29/2016,SBY,MD,AEA,EN,Federal Contract Tower,0,20,12,0,32,0,6,19,2,27,0,26,31,2,59,38,18,56,115
07/30/2016,SBY,MD,AEA,EN,Federal Contract Tower,0,18,4,0,22,0,2,20,0,22,0,20,24,0,44,0,0,0,44
07/31/2016,SBY,MD,AEA,EN,Federal Contract Tower,0,13,6,0,19,0,0,20,2,22,0,13,26,2,41,0,8,8,49
08/01/2016,SBY,MD,AEA,EN,Federal Contract Tower,0,18,3,0,21,0,3,31,6,40,0,21,34,6,61,42,56,98,159
08/02/2016,SBY,MD,AEA,EN,Federal Contract Tower,0,20,5,0,25,0,2,25,4,31,0,22,30,4,56,6,18,24,80
08/03/2016,SBY,MD,AEA,EN,Federal Contract Tower,0,20,9,2,31,0,2,61,11,74,0,22,70,13,105,50,64,114,219
08/04/2016,SBY,MD,AEA,EN,Federal Contract Tower,0,21,18,5,44,0,0,42,12,54,0,21,60,17,98,50,42,92,190
08/05/2016,SBY,MD,AEA,EN,Federal Contract Tower,0,17,10,0,27,0,2,30,7,39,0,19,40,7,66,62,58,120,186
08/06/2016,SBY,MD,AEA,EN,Federal Contract Tower,0,13,5,0,18,0,0,7,0,7,0,13,12,0,25,10,0,10,35
08/07/2016,SBY,MD,AEA,EN,Federal Contract Tower,0,14,12,2,28,0,7,31,0,38,0,21,43,2,66,28,0,28,94
08/08/2016,SBY,MD,AEA,EN,Federal Contract Tower,0,19,11,0,30,0,1,34,14,49,0,20,45,14,79,68,88,156,235
08/09/2016,SBY,MD,AEA,EN,Federal Contract Tower,0,20,9,0,29,0,3,27,4,34,0,23,36,4,63,38,28,66,129
08/10/2016,SBY,MD,AEA,EN,Federal Contract Tower,0,22,10,0,32,0,16,30,8,54,0,38,40,8,86,28,30,58,144
08/11/2016,SBY,MD,AEA,EN,Federal Contract Tower,0,23,9,0,32,0,5,21,15,41,0,28,30,15,73,28,88,116,189
08/12/2016,SBY,MD,AEA,EN,Federal Contract Tower,0,25,4,0,29,0,2,33,10,45,0,27,37,10,74,10,82,92,166
08/13/2016,SBY,MD,AEA,EN,Federal Contract Tower,0,16,5,1,22,0,0,48,2,50,0,16,53,3,72,46,6,52,124
08/14/2016,SBY,MD,AEA,EN,Federal Contract Tower,0,18,3,0,21,0,2,34,0,36,0,20,37,0,57,20,0,20,77
08/15/2016,SBY,MD,AEA,EN,Federal Contract Tower,0,16,9,0,25,0,0,22,8,30,0,16,31,8,55,22,48,70,125
08/16/2016,SBY,MD,AEA,EN,Federal Contract Tower,0,18,5,0,23,0,0,48,24,72,0,18,53,24,95,44,46,90,185
08/17/2016,SBY,MD,AEA,EN,Federal Contract Tower,0,19,12,0,31,0,5,25,14,44,0,24,37,14,75,60,74,134,209
08/18/2016,SBY,MD,AEA,EN,Federal Contract Tower,0,24,2,0,26,0,4,19,8,31,0,28,21,8,57,76,34,110,167
08/19/2016,SBY,MD,AEA,EN,Federal Contract Tower,0,19,8,4,31,0,0,30,2,32,0,19,38,6,63,30,6,36,99
08/20/2016,SBY,MD,AEA,EN,Federal Contract Tower,0,13,4,0,17,0,0,75,2,77,0,13,79,2,94,60,8,68,162
08/21/2016,SBY,MD,AEA,EN,Federal Contract Tower,0,23,13,0,36,0,1,34,0,35,0,24,47,0,71,36,0,36,107
08/22/2016,SBY,MD,AEA,EN,Federal Contract Tower,0,19,7,1,27,0,6,26,11,43,0,25,33,12,70,44,66,110,180
08/23/2016,SBY,MD,AEA,EN,Federal Contract Tower,0,21,4,0,25,0,13,74,28,115,0,34,78,28,140,94,88,182,322
08/24/2016,SBY,MD,AEA,EN,Federal Contract Tower,0,21,12,1,34,0,9,55,14,78,0,30,67,15,112,60,50,110,222
08/25/2016,SBY,MD,AEA,EN,Federal Contract Tower,0,24,8,4,36,0,0,43,28,71,0,24,51,32,107,96,58,154,261
08/26/2016,SBY,MD,AEA,EN,Federal Contract Tower,0,18,2,5,25,0,5,24,13,42,0,23,26,18,67,20,38,58,125
08/27/2016,SBY,MD,AEA,EN,Federal Contract Tower,0,13,0,0,13,0,2,16,0,18,0,15,16,0,31,0,0,0,31
08/28/2016,SBY,MD,AEA,EN,Federal Contract Tower,0,13,4,0,17,0,3,47,0,50,0,16,51,0,67,18,0,18,85
08/29/2016,SBY,MD,AEA,EN,Federal Contract Tower,0,18,5,3,26,0,4,28,13,45,0,22,33,16,71,70,82,152,223
08/30/2016,SBY,MD,AEA,EN,Federal Contract Tower,0,20,4,0,24,0,0,42,10,52,0,20,46,10,76,24,48,72,148
08/31/2016,SBY,MD,AEA,EN,Federal Contract Tower,0,19,20,2,41,0,3,47,16,66,0,22,67,18,107,84,86,170,277
09/01/2016,SBY,MD,AEA,EN,Federal Contract Tower,0,17,11,0,28,0,0,8,6,14,0,17,19,6,42,0,6,6,48
09/02/2016,SBY,MD,AEA,EN,Federal Contract Tower,0,14,12,2,28,0,0,27,6,33,0,14,39,8,61,32,68,100,161
09/03/2016,SBY,MD,AEA,EN,Federal Contract Tower,0,16,2,0,18,0,0,0,0,0,0,16,2,0,18,0,0,0,18
09/04/2016,SBY,MD,AEA,EN,Federal Contract Tower,0,8,0,0,8,0,4,5,0,9,0,12,5,0,17,0,0,0,17
09/05/2016,SBY,MD,AEA,EN,Federal Contract Tower,0,12,0,0,12,0,0,25,0,25,0,12,25,0,37,54,0,54,91
09/06/2016,SBY,MD,AEA,EN,Federal Contract Tower,0,16,4,3,23,0,0,24,13,37,0,16,28,16,60,16,106,122,182
09/07/2016,SBY,MD,AEA,EN,Federal Contract Tower,0,18,5,2,25,0,11,36,23,70,0,29,41,25,95,44,92,136,231
09/08/2016,SBY,MD,AEA,EN,Federal Contract Tower,0,20,3,5,28,0,2,38,19,59,0,22,41,24,87,50,54,104,191
09/09/2016,SBY,MD,AEA,EN,Federal Contract Tower,0,21,3,4,28,0,2,36,14,52,0,23,39,18,80,48,58,106,186
09/10/2016,SBY,MD,AEA,EN,Federal Contract Tower,0,16,4,0,20,0,0,45,0,45,0,16,49,0,65,38,0,38,103
09/11/2016,SBY,MD,AEA,EN,Federal Contract Tower,0,15,1,0,16,0,0,28,0,28,0,15,29,0,44,0,0,0,44
09/12/2016,SBY,MD,AEA,EN,Federal Contract Tower,0,14,9,1,24,0,0,33,19,52,0,14,42,20,76,60,90,150,226
09/13/2016,SBY,MD,AEA,EN,Federal Contract Tower,0,22,2,0,24,0,1,23,36,60,0,23,25,36,84,12,126,138,222
09/14/2016,SBY,MD,AEA,EN,Federal Contract Tower,0,24,15,0,39,0,0,41,11,52,0,24,56,11,91,72,62,134,225
09/15/2016,SBY,MD,AEA,EN,Federal Contract Tower,0,23,10,0,33,0,0,15,8,23,0,23,25,8,56,0,30,30,86
09/16/2016,SBY,MD,AEA,EN,Federal Contract Tower,0,21,15,0,36,0,0,44,10,54,0,21,59,10,90,52,40,92,182
09/17/2016,SBY,MD,AEA,EN,Federal Contract Tower,0,13,6,0,19,0,0,19,0,19,0,13,25,0,38,16,0,16,54
09/18/2016,SBY,MD,AEA,EN,Federal Contract Tower,0,14,4,0,18,0,1,24,0,25,0,15,28,0,43,6,0,6,49
09/19/2016,SBY,MD,AEA,EN,Federal Contract Tower,0,15,3,0,18,0,0,0,0,0,0,15,3,0,18,0,0,0,18
09/20/2016,SBY,MD,AEA,EN,Federal Contract Tower,0,19,8,0,27,0,0,3,2,5,0,19,11,2,32,0,36,36,68
09/21/2016,SBY,MD,AEA,EN,Federal Contract Tower,0,25,9,7,41,0,4,4,1,9,0,29,13,8,50,2,0,2,52
09/22/2016,SBY,MD,AEA,EN,Federal Contract Tower,0,19,2,11,32,0,0,22,11,33,0,19,24,22,65,6,50,56,121
09/23/2016,SBY,MD,AEA,EN,Federal Contract Tower,0,20,19,0,39,0,0,2,2,4,0,20,21,2,43,0,26,26,69
09/24/2016,SBY,MD,AEA,EN,Federal Contract Tower,0,14,11,0,25,0,0,5,0,5,0,14,16,0,30,0,0,0,30
09/25/2016,SBY,MD,AEA,EN,Federal Contract Tower,0,16,5,0,21,0,0,60,0,60,0,16,65,0,81,26,0,26,107
09/26/2016,SBY,MD,AEA,EN,Federal Contract Tower,0,17,7,0,24,0,0,21,22,43,0,17,28,22,67,32,70,102,169
09/27/2016,SBY,MD,AEA,EN,Federal Contract Tower,0,18,8,2,28,0,0,4,0,4,0,18,12,2,32,0,0,0,32
09/28/2016,SBY,MD,AEA,EN,Federal Contract Tower,0,21,11,0,32,0,0,31,0,31,0,21,42,0,63,22,0,22,85
09/29/2016,SBY,MD,AEA,EN,Federal Contract Tower,0,18,2,0,20,0,0,3,0,3,0,18,5,0,23,0,0,0,23
09/30/2016,SBY,MD,AEA,EN,Federal Contract Tower,0,18,3,0,21,0,0,0,0,0,0,18,3,0,21,0,0,0,21
10/01/2016,SBY,MD,AEA,EN,Federal Contract Tower,0,12,1,0,13,0,0,0,0,0,0,12,1,0,13,0,0,0,13
10/02/2016,SBY,MD,AEA,EN,Federal Contract Tower,0,11,7,0,18,0,0,15,0,15,0,11,22,0,33,0,0,0,33
10/03/2016,SBY,MD,AEA,EN,Federal Contract Tower,0,19,8,0,27,0,1,40,28,69,0,20,48,28,96,44,148,192,288
10/04/2016,SBY,MD,AEA,EN,Federal Contract Tower,0,22,8,2,32,0,2,19,14,35,0,24,27,16,67,0,46,46,113
10/05/2016,SBY,MD,AEA,EN,Federal Contract Tower,0,22,12,4,38,0,1,23,6,30,0,23,35,10,68,28,36,64,132
10/06/2016,SBY,MD,AEA,EN,Federal Contract Tower,0,19,8,2,29,0,0,18,14,32,0,19,26,16,61,2,32,34,95
10/07/2016,SBY,MD,AEA,EN,Federal Contract Tower,0,19,10,3,32,0,0,29,13,42,0,19,39,16,74,38,48,86,160
10/08/2016,SBY,MD,AEA,EN,Federal Contract Tower,0,11,0,0,11,0,0,2,0,2,0,11,2,0,13,0,0,0,13
10/09/2016,SBY,MD,AEA,EN,Federal Contract Tower,0,12,0,0,12,0,0,5,0,5,0,12,5,0,17,0,0,0,17
10/10/2016,SBY,MD,AEA,EN,Federal Contract Tower,0,18,6,0,24,0,2,24,0,26,0,20,30,0,50,6,0,6,56
10/11/2016,SBY,MD,AEA,EN,Federal Contract Tower,0,22,5,3,30,0,2,73,19,94,0,24,78,22,124,40,82,122,246
10/12/2016,SBY,MD,AEA,EN,Federal Contract Tower,0,20,10,2,32,0,4,36,10,50,0,24,46,12,82,24,78,102,184
10/13/2016,SBY,MD,AEA,EN,Federal Contract Tower,0,22,3,0,25,0,1,18,8,27,0,23,21,8,52,0,44,44,96
10/14/2016,SBY,MD,AEA,EN,Federal Contract Tower,0,19,7,2,28,0,1,23,4,28,0,20,30,6,56,16,6,22,78
10/15/2016,SBY,MD,AEA,EN,Federal Contract Tower,0,12,8,0,20,0,2,37,0,39,0,14,45,0,59,38,0,38,97
10/16/2016,SBY,MD,AEA,EN,Federal Contract Tower,0,12,5,0,17,0,0,36,0,36,0,12,41,0,53,44,0,44,97
10/17/2016,SBY,MD,AEA,EN,Federal Contract Tower,0,17,4,6,27,0,2,29,26,57,0,19,33,32,84,34,144,178,262
10/18/2016,SBY,MD,AEA,EN,Federal Contract Tower,0,22,7,0,29,0,2,26,12,40,0,24,33,12,69,0,126,126,195
10/19/2016,SBY,MD,AEA,EN,Federal Contract Tower,0,20,6,3,29,0,5,32,29,66,0,25,38,32,95,32,122,154,249
10/20/2016,SBY,MD,AEA,EN,Federal Contract Tower,0,21,3,1,25,0,0,20,3,23,0,21,23,4,48,4,0,4,52
10/21/2016,SBY,MD,AEA,EN,Federal Contract Tower,0,19,7,0,26,0,0,45,8,53,0,19,52,8,79,76,0,76,155
10/22/2016,SBY,MD,AEA,EN,Federal Contract Tower,0,12,2,0,14,0,0,7,0,7,0,12,9,0,21,6,0,6,27
10/23/2016,SBY,MD,AEA,EN,Federal Contract Tower,0,12,7,0,19,0,0,12,0,12,0,12,19,0,31,12,0,12,43
10/24/2016,SBY,MD,AEA,EN,Federal Contract Tower,0,18,4,2,24,0,0,37,2,39,0,18,41,4,63,62,26,88,151
10/25/2016,SBY,MD,AEA,EN,Federal Contract Tower,0,23,13,0,36,0,4,38,34,76,0,27,51,34,112,30,168,198,310
10/26/2016,SBY,MD,AEA,EN,Federal Contract Tower,0,18,1,2,21,0,0,63,16,79,0,18,64,18,100,80,94,174,274
10/27/2016,SBY,MD,AEA,EN,Federal Contract Tower,0,20,14,7,41,0,0,21,15,36,0,20,35,22,77,10,78,88,165
10/28/2016,SBY,MD,AEA,EN,Federal Contract Tower,0,17,5,0,22,0,2,20,0,22,0,19,25,0,44,34,0,34,78
10/29/2016,SBY,MD,AEA,EN,Federal Contract Tower,0,13,8,0,21,0,0,28,0,28,0,13,36,0,49,48,0,48,97
10/30/2016,SBY,MD,AEA,EN,Federal Contract Tower,0,15,4,8,27,0,2,22,0,24,0,17,26,8,51,14,0,14,65
10/31/2016,SBY,MD,AEA,EN,Federal Contract Tower,0,17,1,1,19,0,0,30,9,39,0,17,31,10,58,38,46,84,142
11/01/2016,SBY,MD,AEA,EN,Federal Contract Tower,0,26,5,0,31,0,1,54,2,57,0,27,59,2,88,40,4,44,132
11/02/2016,SBY,MD,AEA,EN,Federal Contract Tower,0,24,4,0,28,0,4,30,2,36,0,28,34,2,64,44,10,54,118
11/03/2016,SBY,MD,AEA,EN,Federal Contract Tower,0,18,3,2,23,0,1,36,7,44,0,19,39,9,67,14,34,48,115
11/04/2016,SBY,MD,AEA,EN,Federal Contract Tower,0,17,14,0,31,0,0,23,10,33,0,17,37,10,64,12,98,110,174
11/05/2016,SBY,MD,AEA,EN,Federal Contract Tower,0,8,3,0,11,0,0,35,0,35,0,8,38,0,46,56,0,56,102
11/06/2016,SBY,MD,AEA,EN,Federal Contract Tower,0,10,7,0,17,0,2,13,2,17,0,12,20,2,34,6,0,6,40
11/07/2016,SBY,MD,AEA,EN,Federal Contract Tower,0,15,4,1,20,0,0,35,21,56,0,15,39,22,76,28,94,122,198
11/08/2016,SBY,MD,AEA,EN,Federal Contract Tower,0,17,3,3,23,0,1,54,17,72,0,18,57,20,95,34,40,74,169
11/09/2016,SBY,MD,AEA,EN,Federal Contract Tower,0,18,4,0,22,0,0,8,0,8,0,18,12,0,30,12,0,12,42
11/10/2016,SBY,MD,AEA,EN,Federal Contract Tower,0,16,4,0,20,0,0,77,6,83,0,16,81,6,103,48,2,50,153
11/11/2016,SBY,MD,AEA,EN,Federal Contract Tower,0,15,6,0,21,0,0,14,0,14,0,15,20,0,35,16,0,16,51
11/12/2016,SBY,MD,AEA,EN,Federal Contract Tower,0,7,6,0,13,0,0,18,0,18,0,7,24,0,31,16,0,16,47
11/13/2016,SBY,MD,AEA,EN,Federal Contract Tower,0,10,1,0,11,0,2,21,0,23,0,12,22,0,34,20,0,20,54
11/14/2016,SBY,MD,AEA,EN,Federal Contract Tower,0,13,4,2,19,0,0,35,4,39,0,13,39,6,58,60,10,70,128
11/15/2016,SBY,MD,AEA,EN,Federal Contract Tower,0,15,4,1,20,0,4,54,3,61,0,19,58,4,81,90,0,90,171
11/16/2016,SBY,MD,AEA,EN,Federal Contract Tower,0,17,3,0,20,0,0,43,18,61,0,17,46,18,81,62,70,132,213
11/17/2016,SBY,MD,AEA,EN,Federal Contract Tower,0,17,14,2,33,0,1,49,10,60,0,18,63,12,93,30,30,60,153
11/18/2016,SBY,MD,AEA,EN,Federal Contract Tower,0,17,9,0,26,0,0,61,4,65,0,17,70,4,91,88,82,170,261
11/19/2016,SBY,MD,AEA,EN,Federal Contract Tower,0,9,3,0,12,0,0,39,0,39,0,9,42,0,51,50,0,50,101
11/20/2016,SBY,MD,AEA,EN,Federal Contract Tower,0,12,3,0,15,0,0,3,0,3,0,12,6,0,18,0,0,0,18
11/21/2016,SBY,MD,AEA,EN,Federal Contract Tower,0,14,7,1,22,0,0,5,15,20,0,14,12,16,42,0,98,98,140
11/22/2016,SBY,MD,AEA,EN,Federal Contract Tower,0,23,8,0,31,0,0,44,4,48,0,23,52,4,79,4,4,8,87
11/23/2016,SBY,MD,AEA,EN,Federal Contract Tower,0,24,2,0,26,0,4,46,0,50,0,28,48,0,76,58,0,58,134
11/24/2016,SBY,MD,AEA,EN,Federal Contract Tower,0,7,0,0,7,0,0,6,0,6,0,7,6,0,13,18,0,18,31
11/25/2016,SBY,MD,AEA,EN,Federal Contract Tower,0,16,3,0,19,0,2,12,0,14,0,18,15,0,33,12,0,12,45
11/26/2016,SBY,MD,AEA,EN,Federal Contract Tower,0,11,4,0,15,0,0,4,2,6,0,11,8,2,21,2,2,4,25
11/27/2016,SBY,MD,AEA,EN,Federal Contract Tower,0,14,10,0,24,0,0,28,0,28,0,14,38,0,52,18,0,18,70
11/28/2016,SBY,MD,AEA,EN,Federal Contract Tower,0,17,6,0,23,0,0,24,12,36,0,17,30,12,59,54,38,92,151
11/29/2016,SBY,MD,AEA,EN,Federal Contract Tower,0,16,17,1,34,0,0,17,3,20,0,16,34,4,54,18,4,22,76
11/30/2016,SBY,MD,AEA,EN,Federal Contract Tower,0,26,6,0,32,0,0,0,0,0,0,26,6,0,32,0,0,0,32
12/01/2016,SBY,MD,AEA,EN,Federal Contract Tower,0,24,9,0,33,0,1,25,0,26,0,25,34,0,59,36,0,36,95
12/02/2016,SBY,MD,AEA,EN,Federal Contract Tower,0,18,7,0,25,0,1,20,2,23,0,19,27,2,48,32,10,42,90
12/03/2016,SBY,MD,AEA,EN,Federal Contract Tower,0,10,1,0,11,0,1,7,2,10,0,11,8,2,21,0,18,18,39
12/04/2016,SBY,MD,AEA,EN,Federal Contract Tower,0,12,8,0,20,0,2,24,0,26,0,14,32,0,46,10,0,10,56
12/05/2016,SBY,MD,AEA,EN,Federal Contract Tower,0,14,4,0,18,0,1,16,0,17,0,15,20,0,35,48,0,48,83
12/06/2016,SBY,MD,AEA,EN,Federal Contract Tower,0,18,5,0,23,0,0,22,0,22,0,18,27,0,45,54,0,54,99
12/07/2016,SBY,MD,AEA,EN,Federal Contract Tower,0,18,8,0,26,0,0,23,4,27,0,18,31,4,53,98,10,108,161
12/08/2016,SBY,MD,AEA,EN,Federal Contract Tower,0,19,3,0,22,0,0,23,2,25,0,19,26,2,47,104,10,114,161
12/09/2016,SBY,MD,AEA,EN,Federal Contract Tower,0,17,6,0,23,0,1,13,9,23,0,18,19,9,46,24,0,24,70
12/10/2016,SBY,MD,AEA,EN,Federal Contract Tower,0,11,4,0,15,0,0,59,0,59,0,11,63,0,74,160,0,160,234
12/11/2016,SBY,MD,AEA,EN,Federal Contract Tower,0,12,1,0,13,0,0,15,0,15,0,12,16,0,28,10,0,10,38
12/12/2016,SBY,MD,AEA,EN,Federal Contract Tower,0,13,9,2,24,0,0,0,0,0,0,13,9,2,24,0,0,0,24
12/13/2016,SBY,MD,AEA,EN,Federal Contract Tower,0,19,9,2,30,0,0,56,4,60,0,19,65,6,90,108,48,156,246
12/14/2016,SBY,MD,AEA,EN,Federal Contract Tower,0,18,5,1,24,0,0,58,5,63,0,18,63,6,87,174,6,180,267
12/15/2016,SBY,MD,AEA,EN,Federal Contract Tower,0,18,4,0,22,0,0,0,0,0,0,18,4,0,22,0,0,0,22
12/16/2016,SBY,MD,AEA,EN,Federal Contract Tower,0,18,7,4,29,0,0,25,2,27,0,18,32,6,56,14,16,30,86
12/17/2016,SBY,MD,AEA,EN,Federal Contract Tower,0,7,2,0,9,0,0,0,0,0,0,7,2,0,9,0,0,0,9
12/18/2016,SBY,MD,AEA,EN,Federal Contract Tower,0,12,5,0,17,0,0,0,0,0,0,12,5,0,17,0,0,0,17
12/19/2016,SBY,MD,AEA,EN,Federal Contract Tower,0,18,3,0,21,0,0,18,4,22,0,18,21,4,43,28,2,30,73
12/20/2016,SBY,MD,AEA,EN,Federal Contract Tower,0,21,7,4,32,0,0,50,9,59,0,21,57,13,91,42,0,42,133
12/21/2016,SBY,MD,AEA,EN,Federal Contract Tower,0,22,10,1,33,0,0,61,19,80,0,22,71,20,113,64,64,128,241
12/22/2016,SBY,MD,AEA,EN,Federal Contract Tower,0,18,4,1,23,0,0,32,2,34,0,18,36,3,57,48,4,52,109
12/23/2016,SBY,MD,AEA,EN,Federal Contract Tower,0,18,5,0,23,0,0,25,0,25,0,18,30,0,48,46,0,46,94
12/24/2016,SBY,MD,AEA,EN,Federal Contract Tower,0,10,6,2,18,0,0,0,0,0,0,10,6,2,18,0,0,0,18
12/25/2016,SBY,MD,AEA,EN,Federal Contract Tower,0,8,0,0,8,0,0,10,0,10,0,8,10,0,18,6,0,6,24
12/26/2016,SBY,MD,AEA,EN,Federal Contract Tower,0,12,4,0,16,0,0,21,0,21,0,12,25,0,37,34,0,34,71
12/27/2016,SBY,MD,AEA,EN,Federal Contract Tower,0,12,2,4,18,0,1,9,0,10,0,13,11,4,28,6,0,6,34
12/28/2016,SBY,MD,AEA,EN,Federal Contract Tower,0,17,9,2,28,0,6,41,0,47,0,23,50,2,75,60,0,60,135
12/29/2016,SBY,MD,AEA,EN,Federal Contract Tower,0,16,4,4,24,0,4,5,0,9,0,20,9,4,33,10,2,12,45
12/30/2016,SBY,MD,AEA,EN,Federal Contract Tower,0,18,2,0,20,0,0,3,0,3,0,18,5,0,23,8,0,8,31
12/31/2016,SBY,MD,AEA,EN,Federal Contract Tower,0,14,0,0,14,0,2,9,2,13,0,16,9,2,27,0,0,0,27
01/01/2017,SBY,MD,AEA,EN,Federal Contract Tower,0,9,3,0,12,0,0,22,0,22,0,9,25,0,34,16,0,16,50
01/02/2017,SBY,MD,AEA,EN,Federal Contract Tower,0,12,0,0,12,0,0,0,0,0,0,12,0,0,12,0,0,0,12
01/03/2017,SBY,MD,AEA,EN,Federal Contract Tower,0,15,6,0,21,0,0,0,0,0,0,15,6,0,21,0,0,0,21
01/04/2017,SBY,MD,AEA,EN,Federal Contract Tower,0,19,1,0,20,0,0,17,0,17,0,19,18,0,37,4,0,4,41
01/05/2017,SBY,MD,AEA,EN,Federal Contract Tower,0,19,9,0,28,0,2,36,8,46,0,21,45,8,74,28,16,44,118
01/06/2017,SBY,MD,AEA,EN,Federal Contract Tower,0,19,3,0,22,0,0,0,0,0,0,19,3,0,22,0,0,0,22
01/07/2017,SBY,MD,AEA,EN,Federal Contract Tower,0,0,0,0,0,0,0,0,0,0,0,0,0,0,0,0,0,0,0
01/08/2017,SBY,MD,AEA,EN,Federal Contract Tower,0,0,0,0,0,0,0,4,0,4,0,0,4,0,4,0,0,0,4
01/09/2017,SBY,MD,AEA,EN,Federal Contract Tower,0,8,0,0,8,0,2,6,0,8,0,10,6,0,16,0,0,0,16
01/10/2017,SBY,MD,AEA,EN,Federal Contract Tower,0,12,9,0,21,0,0,10,14,24,0,12,19,14,45,24,26,50,95
01/11/2017,SBY,MD,AEA,EN,Federal Contract Tower,0,20,12,6,38,0,3,21,9,33,0,23,33,15,71,24,68,92,163
01/12/2017,SBY,MD,AEA,EN,Federal Contract Tower,0,20,8,0,28,0,5,24,5,34,0,25,32,5,62,0,10,10,72
01/13/2017,SBY,MD,AEA,EN,Federal Contract Tower,0,20,7,0,27,0,22,5,0,27,0,42,12,0,54,8,38,46,100
01/14/2017,SBY,MD,AEA,EN,Federal Contract Tower,0,7,0,0,7,0,0,0,0,0,0,7,0,0,7,0,0,0,7
01/15/2017,SBY,MD,AEA,EN,Federal Contract Tower,0,10,5,0,15,0,2,22,0,24,0,12,27,0,39,22,0,22,61
01/16/2017,SBY,MD,AEA,EN,Federal Contract Tower,0,16,3,0,19,0,0,52,0,52,0,16,55,0,71,84,0,84,155
01/17/2017,SBY,MD,AEA,EN,Federal Contract Tower,0,14,3,0,17,0,2,2,0,4,0,16,5,0,21,2,0,2,23
01/18/2017,SBY,MD,AEA,EN,Federal Contract Tower,0,18,5,3,26,0,3,26,5,34,0,21,31,8,60,40,4,44,104
01/19/2017,SBY,MD,AEA,EN,Federal Contract Tower,0,17,10,0,27,0,2,43,8,53,0,19,53,8,80,52,48,100,180
01/20/2017,SBY,MD,AEA,EN,Federal Contract Tower,0,18,4,0,22,0,0,2,0,2,0,18,6,0,24,0,0,0,24
01/21/2017,SBY,MD,AEA,EN,Federal Contract Tower,0,9,0,0,9,0,0,0,0,0,0,9,0,0,9,0,0,0,9
01/22/2017,SBY,MD,AEA,EN,Federal Contract Tower,0,8,0,0,8,0,0,0,0,0,0,8,0,0,8,0,0,0,8
01/23/2017,SBY,MD,AEA,EN,Federal Contract Tower,0,15,0,0,15,0,0,0,0,0,0,15,0,0,15,0,0,0,15
01/24/2017,SBY,MD,AEA,EN,Federal Contract Tower,0,19,1,0,20,0,2,9,2,13,0,21,10,2,33,8,26,34,67
01/25/2017,SBY,MD,AEA,EN,Federal Contract Tower,0,18,10,6,34,0,1,69,12,82,0,19,79,18,116,100,22,122,238
01/26/2017,SBY,MD,AEA,EN,Federal Contract Tower,0,17,7,2,26,0,2,11,0,13,0,19,18,2,39,0,0,0,39
01/27/2017,SBY,MD,AEA,EN,Federal Contract Tower,0,20,3,0,23,0,0,24,0,24,0,20,27,0,47,42,0,42,89
01/28/2017,SBY,MD,AEA,EN,Federal Contract Tower,0,6,7,0,13,0,1,13,0,14,0,7,20,0,27,28,0,28,55
01/29/2017,SBY,MD,AEA,EN,Federal Contract Tower,0,11,3,0,14,0,0,46,0,46,0,11,49,0,60,74,0,74,134
01/30/2017,SBY,MD,AEA,EN,Federal Contract Tower,0,15,3,1,19,0,0,9,5,14,0,15,12,6,33,0,22,22,55
01/31/2017,SBY,MD,AEA,EN,Federal Contract Tower,0,20,8,0,28,0,3,12,2,17,0,23,20,2,45,10,16,26,71
02/01/2017,SBY,MD,AEA,EN,Federal Contract Tower,0,16,7,1,24,0,6,37,3,46,0,22,44,4,70,48,20,68,138
02/02/2017,SBY,MD,AEA,EN,Federal Contract Tower,0,19,8,1,28,0,0,37,5,42,0,19,45,6,70,66,12,78,148
02/03/2017,SBY,MD,AEA,EN,Federal Contract Tower,0,21,4,1,26,0,2,21,3,26,0,23,25,4,52,18,4,22,74
02/04/2017,SBY,MD,AEA,EN,Federal Contract Tower,0,8,7,0,15,0,4,35,7,46,0,12,42,7,61,56,22,78,139
02/05/2017,SBY,MD,AEA,EN,Federal Contract Tower,0,11,4,0,15,0,0,26,0,26,0,11,30,0,41,30,0,30,71
02/06/2017,SBY,MD,AEA,EN,Federal Contract Tower,0,15,2,1,18,0,0,45,19,64,0,15,47,20,82,82,88,170,252
02/07/2017,SBY,MD,AEA,EN,Federal Contract Tower,0,19,7,10,36,0,10,29,14,53,0,29,36,24,89,24,44,68,157
02/08/2017,SBY,MD,AEA,EN,Federal Contract Tower,0,16,11,0,27,0,2,51,17,70,0,18,62,17,97,80,30,110,207
02/09/2017,SBY,MD,AEA,EN,Federal Contract Tower,0,21,0,1,22,0,1,0,1,2,0,22,0,2,24,0,22,22,46
02/10/2017,SBY,MD,AEA,EN,Federal Contract Tower,0,24,3,1,28,0,0,9,11,20,0,24,12,12,48,0,80,80,128
02/11/2017,SBY,MD,AEA,EN,Federal Contract Tower,0,9,2,0,11,0,0,35,2,37,0,9,37,2,48,64,2,66,114
02/12/2017,SBY,MD,AEA,EN,Federal Contract Tower,0,11,2,0,13,0,0,5,3,8,0,11,7,3,21,0,0,0,21
02/13/2017,SBY,MD,AEA,EN,Federal Contract Tower,0,15,1,0,16,0,5,1,0,6,0,20,2,0,22,2,0,2,24
02/14/2017,SBY,MD,AEA,EN,Federal Contract Tower,0,15,6,1,22,0,0,51,17,68,0,15,57,18,90,124,66,190,280
02/15/2017,SBY,MD,AEA,EN,Federal Contract Tower,0,17,4,0,21,0,0,10,5,15,0,17,14,5,36,6,56,62,98
02/16/2017,SBY,MD,AEA,EN,Federal Contract Tower,0,19,9,1,29,0,0,12,11,23,0,19,21,12,52,10,78,88,140
02/17/2017,SBY,MD,AEA,EN,Federal Contract Tower,0,19,3,0,22,0,0,48,7,55,0,19,51,7,77,92,72,164,241
02/18/2017,SBY,MD,AEA,EN,Federal Contract Tower,0,11,6,0,17,0,2,62,0,64,0,13,68,0,81,136,0,136,217
02/19/2017,SBY,MD,AEA,EN,Federal Contract Tower,0,12,1,0,13,0,0,31,0,31,0,12,32,0,44,16,0,16,60
02/20/2017,SBY,MD,AEA,EN,Federal Contract Tower,0,19,8,0,27,0,6,47,0,53,0,25,55,0,80,88,0,88,168
02/21/2017,SBY,MD,AEA,EN,Federal Contract Tower,0,22,2,0,24,0,0,37,16,53,0,22,39,16,77,134,70,204,281
02/22/2017,SBY,MD,AEA,EN,Federal Contract Tower,0,18,9,0,27,0,2,34,11,47,0,20,43,11,74,90,36,126,200
02/23/2017,SBY,MD,AEA,EN,Federal Contract Tower,0,20,5,0,25,0,3,27,6,36,0,23,32,6,61,42,46,88,149
02/24/2017,SBY,MD,AEA,EN,Federal Contract Tower,0,19,8,0,27,0,4,52,4,60,0,23,60,4,87,114,48,162,249
02/25/2017,SBY,MD,AEA,EN,Federal Contract Tower,0,9,0,0,9,0,0,3,0,3,0,9,3,0,12,0,0,0,12
02/26/2017,SBY,MD,AEA,EN,Federal Contract Tower,0,12,5,0,17,0,5,30,0,35,0,17,35,0,52,20,0,20,72
02/27/2017,SBY,MD,AEA,EN,Federal Contract Tower,0,21,7,0,28,0,0,31,4,35,0,21,38,4,63,58,26,84,147
02/28/2017,SBY,MD,AEA,EN,Federal Contract Tower,0,26,7,0,33,0,6,44,22,72,0,32,51,22,105,44,42,86,191
03/01/2017,SBY,MD,AEA,EN,Federal Contract Tower,0,18,4,0,22,0,0,0,0,0,0,18,4,0,22,0,0,0,22
03/02/2017,SBY,MD,AEA,EN,Federal Contract Tower,0,18,6,2,26,0,5,7,6,18,0,23,13,8,44,12,38,50,94
03/03/2017,SBY,MD,AEA,EN,Federal Contract Tower,0,17,6,10,33,0,0,21,9,30,0,17,27,19,63,30,30,60,123
03/04/2017,SBY,MD,AEA,EN,Federal Contract Tower,0,11,3,0,14,0,0,12,0,12,0,11,15,0,26,6,0,6,32
03/05/2017,SBY,MD,AEA,EN,Federal Contract Tower,0,13,7,0,20,0,0,39,0,39,0,13,46,0,59,66,0,66,125
03/06/2017,SBY,MD,AEA,EN,Federal Contract Tower,0,18,8,0,26,0,2,71,22,95,0,20,79,22,121,160,70,230,351
03/07/2017,SBY,MD,AEA,EN,Federal Contract Tower,0,19,5,0,24,0,2,13,2,17,0,21,18,2,41,0,0,0,41
03/08/2017,SBY,MD,AEA,EN,Federal Contract Tower,0,18,9,0,27,0,0,35,4,39,0,18,44,4,66,6,24,30,96
03/09/2017,SBY,MD,AEA,EN,Federal Contract Tower,0,20,12,0,32,0,0,42,10,52,0,20,54,10,84,18,38,56,140
03/10/2017,SBY,MD,AEA,EN,Federal Contract Tower,0,16,0,0,16,0,3,5,0,8,0,19,5,0,24,6,0,6,30
03/11/2017,SBY,MD,AEA,EN,Federal Contract Tower,0,12,1,2,15,0,0,13,0,13,0,12,14,2,28,0,0,0,28
03/12/2017,SBY,MD,AEA,EN,Federal Contract Tower,0,12,3,0,15,0,2,28,0,30,0,14,31,0,45,34,0,34,79
03/13/2017,SBY,MD,AEA,EN,Federal Contract Tower,0,24,1,3,28,0,2,48,11,61,0,26,49,14,89,66,70,136,225
03/14/2017,SBY,MD,AEA,EN,Federal Contract Tower,0,5,1,0,6,0,0,0,0,0,0,5,1,0,6,0,0,0,6
03/15/2017,SBY,MD,AEA,EN,Federal Contract Tower,0,24,2,1,27,0,0,0,3,3,0,24,2,4,30,0,0,0,30
03/16/2017,SBY,MD,AEA,EN,Federal Contract Tower,0,23,8,0,31,0,4,15,2,21,0,27,23,2,52,0,0,0,52
03/17/2017,SBY,MD,AEA,EN,Federal Contract Tower,0,17,8,0,25,0,0,51,2,53,0,17,59,2,78,68,26,94,172
03/18/2017,SBY,MD,AEA,EN,Federal Contract Tower,0,13,0,0,13,0,3,8,0,11,0,16,8,0,24,4,0,4,28
03/19/2017,SBY,MD,AEA,EN,Federal Contract Tower,0,12,3,0,15,0,0,7,0,7,0,12,10,0,22,8,0,8,30
03/20/2017,SBY,MD,AEA,EN,Federal Contract Tower,0,17,10,1,28,0,2,49,29,80,0,19,59,30,108,68,82,150,258
03/21/2017,SBY,MD,AEA,EN,Federal Contract Tower,0,19,6,0,25,0,2,27,2,31,0,21,33,2,56,46,12,58,114
03/22/2017,SBY,MD,AEA,EN,Federal Contract Tower,0,19,6,4,29,0,2,10,11,23,0,21,16,15,52,0,82,82,134
03/23/2017,SBY,MD,AEA,EN,Federal Contract Tower,0,21,10,0,31,0,4,36,12,52,0,25,46,12,83,36,68,104,187
03/24/2017,SBY,MD,AEA,EN,Federal Contract Tower,0,19,13,1,33,0,0,29,7,36,0,19,42,8,69,20,68,88,157
03/25/2017,SBY,MD,AEA,EN,Federal Contract Tower,0,10,2,0,12,0,0,12,0,12,0,10,14,0,24,6,0,6,30
03/26/2017,SBY,MD,AEA,EN,Federal Contract Tower,0,3,3,0,6,0,0,0,0,0,0,3,3,0,6,0,0,0,6
03/27/2017,SBY,MD,AEA,EN,Federal Contract Tower,0,19,2,6,27,0,0,32,10,42,0,19,34,16,69,14,10,24,93
03/28/2017,SBY,MD,AEA,EN,Federal Contract Tower,0,18,5,0,23,0,0,13,4,17,0,18,18,4,40,18,54,72,112
03/29/2017,SBY,MD,AEA,EN,Federal Contract Tower,0,19,22,0,41,0,12,37,13,62,0,31,59,13,103,82,30,112,215
03/30/2017,SBY,MD,AEA,EN,Federal Contract Tower,0,23,4,0,27,0,6,42,4,52,0,29,46,4,79,62,72,134,213
03/31/2017,SBY,MD,AEA,EN,Federal Contract Tower,0,16,2,4,22,0,0,0,0,0,0,16,2,4,22,0,0,0,22
04/01/2017,SBY,MD,AEA,EN,Federal Contract Tower,0,11,0,12,23,0,0,7,8,15,0,11,7,20,38,32,44,76,114
04/02/2017,SBY,MD,AEA,EN,Federal Contract Tower,0,13,12,0,25,0,2,40,0,42,0,15,52,0,67,54,0,54,121
04/03/2017,SBY,MD,AEA,EN,Federal Contract Tower,0,15,4,0,19,0,0,30,2,32,0,15,34,2,51,72,4,76,127
04/04/2017,SBY,MD,AEA,EN,Federal Contract Tower,0,21,9,0,30,0,4,10,6,20,0,25,19,6,50,0,24,24,74
04/05/2017,SBY,MD,AEA,EN,Federal Contract Tower,0,21,4,3,28,0,2,54,11,67,0,23,58,14,95,50,68,118,213
04/06/2017,SBY,MD,AEA,EN,Federal Contract Tower,0,22,4,0,26,0,0,7,2,9,0,22,11,2,35,0,10,10,45
04/07/2017,SBY,MD,AEA,EN,Federal Contract Tower,0,25,4,0,29,0,0,6,6,12,0,25,10,6,41,6,0,6,47
04/08/2017,SBY,MD,AEA,EN,Federal Contract Tower,0,16,4,0,20,0,4,17,0,21,0,20,21,0,41,0,0,0,41
04/09/2017,SBY,MD,AEA,EN,Federal Contract Tower,0,13,3,0,16,0,1,39,0,40,0,14,42,0,56,22,0,22,78
04/10/2017,SBY,MD,AEA,EN,Federal Contract Tower,0,16,6,0,22,0,2,42,6,50,0,18,48,6,72,110,22,132,204
04/11/2017,SBY,MD,AEA,EN,Federal Contract Tower,0,20,6,0,26,0,12,59,8,79,0,32,65,8,105,120,26,146,251
04/12/2017,SBY,MD,AEA,EN,Federal Contract Tower,0,19,6,2,27,0,2,56,28,86,0,21,62,30,113,98,138,236,349
04/13/2017,SBY,MD,AEA,EN,Federal Contract Tower,0,21,11,0,32,0,2,47,6,55,0,23,58,6,87,118,30,148,235
04/14/2017,SBY,MD,AEA,EN,Federal Contract Tower,0,16,8,2,26,0,0,51,4,55,0,16,59,6,81,116,14,130,211
04/15/2017,SBY,MD,AEA,EN,Federal Contract Tower,0,14,1,0,15,0,1,21,0,22,0,15,22,0,37,0,0,0,37
04/16/2017,SBY,MD,AEA,EN,Federal Contract Tower,0,12,5,0,17,0,0,2,24,26,0,12,7,24,43,10,0,10,53
04/17/2017,SBY,MD,AEA,EN,Federal Contract Tower,0,16,10,0,26,0,0,50,4,54,0,16,60,4,80,94,14,108,188
04/18/2017,SBY,MD,AEA,EN,Federal Contract Tower,0,19,6,0,25,0,0,71,24,95,0,19,77,24,120,100,80,180,300
04/19/2017,SBY,MD,AEA,EN,Federal Contract Tower,0,21,1,0,22,0,2,39,22,63,0,23,40,22,85,80,70,150,235
04/20/2017,SBY,MD,AEA,EN,Federal Contract Tower,0,19,6,2,27,0,0,10,6,16,0,19,16,8,43,50,72,122,165
04/21/2017,SBY,MD,AEA,EN,Federal Contract Tower,0,19,7,1,27,0,0,42,6,48,0,19,49,7,75,104,32,136,211
04/22/2017,SBY,MD,AEA,EN,Federal Contract Tower,0,5,2,0,7,0,0,0,0,0,0,5,2,0,7,0,0,0,7
04/23/2017,SBY,MD,AEA,EN,Federal Contract Tower,0,11,7,0,18,0,3,24,0,27,0,14,31,0,45,0,0,0,45
04/24/2017,SBY,MD,AEA,EN,Federal Contract Tower,0,8,0,0,8,0,0,0,0,0,0,8,0,0,8,0,0,0,8
04/25/2017,SBY,MD,AEA,EN,Federal Contract Tower,0,8,3,0,11,0,0,0,0,0,0,8,3,0,11,0,0,0,11
04/26/2017,SBY,MD,AEA,EN,Federal Contract Tower,0,16,4,8,28,0,6,10,1,17,0,22,14,9,45,22,68,90,135
04/27/2017,SBY,MD,AEA,EN,Federal Contract Tower,0,23,10,0,33,0,0,37,4,41,0,23,47,4,74,20,14,34,108
04/28/2017,SBY,MD,AEA,EN,Federal Contract Tower,0,17,8,0,25,0,0,30,15,45,0,17,38,15,70,50,102,152,222
04/29/2017,SBY,MD,AEA,EN,Federal Contract Tower,0,15,9,0,24,0,0,27,4,31,0,15,36,4,55,6,0,6,61
04/30/2017,SBY,MD,AEA,EN,Federal Contract Tower,0,15,9,0,24,0,0,31,0,31,0,15,40,0,55,22,0,22,77
05/01/2017,SBY,MD,AEA,EN,Federal Contract Tower,0,22,5,0,27,0,2,2,0,4,0,24,7,0,31,0,0,0,31
05/02/2017,SBY,MD,AEA,EN,Federal Contract Tower,0,23,11,0,34,0,2,22,6,30,0,25,33,6,64,10,20,30,94
05/03/2017,SBY,MD,AEA,EN,Federal Contract Tower,0,27,16,4,47,0,3,41,11,55,0,30,57,15,102,26,62,88,190
05/04/2017,SBY,MD,AEA,EN,Federal Contract Tower,0,19,14,6,39,0,0,38,14,52,0,19,52,20,91,18,42,60,151
05/05/2017,SBY,MD,AEA,EN,Federal Contract Tower,0,19,1,0,20,0,2,0,0,2,0,21,1,0,22,0,0,0,22
05/06/2017,SBY,MD,AEA,EN,Federal Contract Tower,0,14,3,0,17,0,0,12,0,12,0,14,15,0,29,2,0,2,31
05/07/2017,SBY,MD,AEA,EN,Federal Contract Tower,0,14,5,0,19,0,0,31,2,33,0,14,36,2,52,22,12,34,86
05/08/2017,SBY,MD,AEA,EN,Federal Contract Tower,0,17,8,0,25,0,0,27,10,37,0,17,35,10,62,4,52,56,118
05/09/2017,SBY,MD,AEA,EN,Federal Contract Tower,0,18,7,7,32,0,0,92,23,115,0,18,99,30,147,116,58,174,321
05/10/2017,SBY,MD,AEA,EN,Federal Contract Tower,0,20,7,1,28,0,2,67,10,79,0,22,74,11,107,104,36,140,247
05/11/2017,SBY,MD,AEA,EN,Federal Contract Tower,0,22,10,2,34,0,0,12,0,12,0,22,22,2,46,2,12,14,60
05/12/2017,SBY,MD,AEA,EN,Federal Contract Tower,0,19,8,0,27,0,0,6,3,9,0,19,14,3,36,0,26,26,62
05/13/2017,SBY,MD,AEA,EN,Federal Contract Tower,0,16,6,0,22,0,0,0,0,0,0,16,6,0,22,0,0,0,22
05/14/2017,SBY,MD,AEA,EN,Federal Contract Tower,0,13,9,0,22,0,3,32,0,35,0,16,41,0,57,34,0,34,91
05/15/2017,SBY,MD,AEA,EN,Federal Contract Tower,0,16,8,0,24,0,2,35,4,41,0,18,43,4,65,42,32,74,139
05/16/2017,SBY,MD,AEA,EN,Federal Contract Tower,0,19,9,1,29,0,1,58,11,70,0,20,67,12,99,68,64,132,231
05/17/2017,SBY,MD,AEA,EN,Federal Contract Tower,0,22,9,0,31,0,5,49,2,56,0,27,58,2,87,100,22,122,209
05/18/2017,SBY,MD,AEA,EN,Federal Contract Tower,0,19,9,1,29,0,0,24,6,30,0,19,33,7,59,30,18,48,107
05/19/2017,SBY,MD,AEA,EN,Federal Contract Tower,0,19,3,0,22,0,0,29,5,34,0,19,32,5,56,8,62,70,126
05/20/2017,SBY,MD,AEA,EN,Federal Contract Tower,0,15,10,0,25,0,0,165,6,171,0,15,175,6,196,4,4,8,204
05/21/2017,SBY,MD,AEA,EN,Federal Contract Tower,0,12,12,0,24,0,2,20,0,22,0,14,32,0,46,4,0,4,50
05/22/2017,SBY,MD,AEA,EN,Federal Contract Tower,0,26,4,0,30,0,0,0,0,0,0,26,4,0,30,0,0,0,30
05/23/2017,SBY,MD,AEA,EN,Federal Contract Tower,0,26,4,4,34,0,0,2,2,4,0,26,6,6,38,22,4,26,64
05/24/2017,SBY,MD,AEA,EN,Federal Contract Tower,0,26,5,6,37,0,0,5,0,5,0,26,10,6,42,0,0,0,42
05/25/2017,SBY,MD,AEA,EN,Federal Contract Tower,0,23,4,0,27,0,1,8,0,9,0,24,12,0,36,0,0,0,36
05/26/2017,SBY,MD,AEA,EN,Federal Contract Tower,0,17,15,1,33,0,0,30,5,35,0,17,45,6,68,38,52,90,158
05/27/2017,SBY,MD,AEA,EN,Federal Contract Tower,0,15,3,0,18,0,0,32,0,32,0,15,35,0,50,24,0,24,74
05/28/2017,SBY,MD,AEA,EN,Federal Contract Tower,0,12,3,0,15,0,0,15,0,15,0,12,18,0,30,24,0,24,54
05/29/2017,SBY,MD,AEA,EN,Federal Contract Tower,0,19,5,0,24,0,3,26,0,29,0,22,31,0,53,6,0,6,59
05/30/2017,SBY,MD,AEA,EN,Federal Contract Tower,0,21,7,0,28,0,0,0,0,0,0,21,7,0,28,0,0,0,28
05/31/2017,SBY,MD,AEA,EN,Federal Contract Tower,0,21,8,5,34,0,3,32,9,44,0,24,40,14,78,30,26,56,134
06/01/2017,SBY,MD,AEA,EN,Federal Contract Tower,0,18,12,1,31,0,0,52,14,66,0,18,64,15,97,86,26,112,209
06/02/2017,SBY,MD,AEA,EN,Federal Contract Tower,0,21,11,0,32,0,0,34,4,38,0,21,45,4,70,14,18,32,102
06/03/2017,SBY,MD,AEA,EN,Federal Contract Tower,0,15,2,0,17,0,0,53,0,53,0,15,55,0,70,48,0,48,118
06/04/2017,SBY,MD,AEA,EN,Federal Contract Tower,0,12,5,0,17,0,0,0,0,0,0,12,5,0,17,16,0,16,33
06/05/2017,SBY,MD,AEA,EN,Federal Contract Tower,0,17,2,0,19,0,0,0,0,0,0,17,2,0,19,0,0,0,19
06/06/2017,SBY,MD,AEA,EN,Federal Contract Tower,0,18,11,0,29,0,3,29,18,50,0,21,40,18,79,28,18,46,125
06/07/2017,SBY,MD,AEA,EN,Federal Contract Tower,0,17,7,0,24,0,4,17,8,29,0,21,24,8,53,8,36,44,97
06/08/2017,SBY,MD,AEA,EN,Federal Contract Tower,0,20,7,4,31,0,2,21,13,36,0,22,28,17,67,27,130,157,224
06/09/2017,SBY,MD,AEA,EN,Federal Contract Tower,0,18,9,1,28,0,0,42,4,46,0,18,51,5,74,38,32,70,144
06/10/2017,SBY,MD,AEA,EN,Federal Contract Tower,0,13,8,0,21,0,0,43,0,43,0,13,51,0,64,58,0,58,122
06/11/2017,SBY,MD,AEA,EN,Federal Contract Tower,0,13,1,0,14,0,4,35,0,39,0,17,36,0,53,50,0,50,103
06/12/2017,SBY,MD,AEA,EN,Federal Contract Tower,0,17,2,0,19,0,2,48,4,54,0,19,50,4,73,28,6,34,107
06/13/2017,SBY,MD,AEA,EN,Federal Contract Tower,0,19,4,0,23,0,3,33,2,38,0,22,37,2,61,40,22,62,123
06/14/2017,SBY,MD,AEA,EN,Federal Contract Tower,0,18,2,0,20,0,1,37,2,40,0,19,39,2,60,14,0,14,74
06/15/2017,SBY,MD,AEA,EN,Federal Contract Tower,0,22,35,2,59,0,0,12,4,16,0,22,47,6,75,0,30,30,105
06/16/2017,SBY,MD,AEA,EN,Federal Contract Tower,0,20,10,6,36,0,0,16,1,17,0,20,26,7,53,0,12,12,65
06/17/2017,SBY,MD,AEA,EN,Federal Contract Tower,0,14,12,0,26,0,0,17,0,17,0,14,29,0,43,0,0,0,43
06/18/2017,SBY,MD,AEA,EN,Federal Contract Tower,0,14,15,0,29,0,0,31,0,31,0,14,46,0,60,0,0,0,60
06/19/2017,SBY,MD,AEA,EN,Federal Contract Tower,0,13,6,0,19,0,0,23,4,27,0,13,29,4,46,6,0,6,52
06/20/2017,SBY,MD,AEA,EN,Federal Contract Tower,0,23,11,1,35,0,4,68,13,85,0,27,79,14,120,74,66,140,260
06/21/2017,SBY,MD,AEA,EN,Federal Contract Tower,0,18,12,0,30,0,0,45,17,62,0,18,57,17,92,70,74,144,236
06/22/2017,SBY,MD,AEA,EN,Federal Contract Tower,0,25,8,1,34,0,3,89,9,101,0,28,97,10,135,54,62,116,251
06/23/2017,SBY,MD,AEA,EN,Federal Contract Tower,0,18,7,4,29,0,4,11,10,25,0,22,18,14,54,0,0,0,54
06/24/2017,SBY,MD,AEA,EN,Federal Contract Tower,0,12,4,0,16,0,4,33,0,37,0,16,37,0,53,30,0,30,83
06/25/2017,SBY,MD,AEA,EN,Federal Contract Tower,0,12,3,0,15,0,1,31,0,32,0,13,34,0,47,28,0,28,75
06/26/2017,SBY,MD,AEA,EN,Federal Contract Tower,0,18,12,0,30,0,14,31,8,53,0,32,43,8,83,30,38,68,151
06/27/2017,SBY,MD,AEA,EN,Federal Contract Tower,0,21,6,3,30,0,2,53,29,84,0,23,59,32,114,30,4,34,148
06/28/2017,SBY,MD,AEA,EN,Federal Contract Tower,0,21,6,2,29,0,12,34,29,75,0,33,40,31,104,34,82,116,220
06/29/2017,SBY,MD,AEA,EN,Federal Contract Tower,0,22,10,0,32,0,4,48,10,62,0,26,58,10,94,14,26,40,134
06/30/2017,SBY,MD,AEA,EN,Federal Contract Tower,0,20,13,0,33,0,0,28,0,28,0,20,41,0,61,4,0,4,65
07/01/2017,SBY,MD,AEA,EN,Federal Contract Tower,0,11,3,0,14,0,0,13,0,13,0,11,16,0,27,4,0,4,31
07/02/2017,SBY,MD,AEA,EN,Federal Contract Tower,0,13,4,0,17,0,0,19,0,19,0,13,23,0,36,36,0,36,72
07/03/2017,SBY,MD,AEA,EN,Federal Contract Tower,0,17,4,0,21,0,3,35,0,38,0,20,39,0,59,32,0,32,91
07/04/2017,SBY,MD,AEA,EN,Federal Contract Tower,0,13,2,0,15,0,1,16,0,17,0,14,18,0,32,12,0,12,44
07/05/2017,SBY,MD,AEA,EN,Federal Contract Tower,0,21,8,0,29,0,4,24,2,30,0,25,32,2,59,36,6,42,101
07/06/2017,SBY,MD,AEA,EN,Federal Contract Tower,0,23,11,0,34,0,0,4,0,4,0,23,15,0,38,0,0,0,38
07/07/2017,SBY,MD,AEA,EN,Federal Contract Tower,0,22,11,4,37,0,0,9,8,17,0,22,20,12,54,42,0,42,96
07/08/2017,SBY,MD,AEA,EN,Federal Contract Tower,0,13,7,0,20,0,2,38,0,40,0,15,45,0,60,44,0,44,104
07/09/2017,SBY,MD,AEA,EN,Federal Contract Tower,0,15,3,0,18,0,0,30,8,38,0,15,33,8,56,28,10,38,94
07/10/2017,SBY,MD,AEA,EN,Federal Contract Tower,0,20,7,0,27,0,12,38,34,84,0,32,45,34,111,48,76,124,235
07/11/2017,SBY,MD,AEA,EN,Federal Contract Tower,0,26,8,2,36,0,1,43,10,54,0,27,51,12,90,16,64,80,170
07/12/2017,SBY,MD,AEA,EN,Federal Contract Tower,0,20,8,0,28,0,5,32,12,49,0,25,40,12,77,0,44,44,121
07/13/2017,SBY,MD,AEA,EN,Federal Contract Tower,0,23,5,1,29,0,1,44,6,51,0,24,49,7,80,14,18,32,112
07/14/2017,SBY,MD,AEA,EN,Federal Contract Tower,0,18,5,1,24,0,0,32,6,38,0,18,37,7,62,36,42,78,140
07/15/2017,SBY,MD,AEA,EN,Federal Contract Tower,0,15,9,0,24,0,0,33,0,33,0,15,42,0,57,28,0,28,85
07/16/2017,SBY,MD,AEA,EN,Federal Contract Tower,0,17,8,0,25,0,2,30,0,32,0,19,38,0,57,30,0,30,87
07/17/2017,SBY,MD,AEA,EN,Federal Contract Tower,0,15,8,0,23,0,0,29,8,37,0,15,37,8,60,10,42,52,112
07/18/2017,SBY,MD,AEA,EN,Federal Contract Tower,0,22,5,0,27,0,2,21,12,35,0,24,26,12,62,30,42,72,134
07/19/2017,SBY,MD,AEA,EN,Federal Contract Tower,0,23,3,0,26,0,4,50,6,60,0,27,53,6,86,34,28,62,148
07/20/2017,SBY,MD,AEA,EN,Federal Contract Tower,0,22,13,0,35,0,1,18,14,33,0,23,31,14,68,4,54,58,126
07/21/2017,SBY,MD,AEA,EN,Federal Contract Tower,0,21,7,0,28,0,2,44,2,48,0,23,51,2,76,26,4,30,106
07/22/2017,SBY,MD,AEA,EN,Federal Contract Tower,0,14,3,0,17,0,0,23,0,23,0,14,26,0,40,24,0,24,64
07/23/2017,SBY,MD,AEA,EN,Federal Contract Tower,0,15,11,0,26,0,0,14,0,14,0,15,25,0,40,6,0,6,46
07/24/2017,SBY,MD,AEA,EN,Federal Contract Tower,0,14,5,1,20,0,0,36,11,47,0,14,41,12,67,16,30,46,113
07/25/2017,SBY,MD,AEA,EN,Federal Contract Tower,0,21,10,2,33,0,4,36,26,66,0,25,46,28,99,34,122,156,255
07/26/2017,SBY,MD,AEA,EN,Federal Contract Tower,0,21,18,0,39,0,13,30,8,51,0,34,48,8,90,30,66,96,186
07/27/2017,SBY,MD,AEA,EN,Federal Contract Tower,0,20,10,0,30,0,0,34,12,46,0,20,44,12,76,40,30,70,146
07/28/2017,SBY,MD,AEA,EN,Federal Contract Tower,0,20,19,0,39,0,2,2,2,6,0,22,21,2,45,12,4,16,61
07/29/2017,SBY,MD,AEA,EN,Federal Contract Tower,0,13,6,0,19,0,0,4,0,4,0,13,10,0,23,0,0,0,23
07/30/2017,SBY,MD,AEA,EN,Federal Contract Tower,0,16,8,0,24,0,2,19,0,21,0,18,27,0,45,0,0,0,45
07/31/2017,SBY,MD,AEA,EN,Federal Contract Tower,0,18,9,0,27,0,0,31,4,35,0,18,40,4,62,56,28,84,146
08/01/2017,SBY,MD,AEA,EN,Federal Contract Tower,0,22,8,0,30,0,5,43,22,70,0,27,51,22,100,30,64,94,194
08/02/2017,SBY,MD,AEA,EN,Federal Contract Tower,0,21,10,0,31,0,0,17,16,33,0,21,27,16,64,14,104,118,182
08/03/2017,SBY,MD,AEA,EN,Federal Contract Tower,0,26,10,0,36,0,2,14,6,22,0,28,24,6,58,8,70,78,136
08/04/2017,SBY,MD,AEA,EN,Federal Contract Tower,0,24,2,0,26,0,3,34,8,45,0,27,36,8,71,14,56,70,141
08/05/2017,SBY,MD,AEA,EN,Federal Contract Tower,0,16,7,0,23,0,0,36,3,39,0,16,43,3,62,30,32,62,124
08/06/2017,SBY,MD,AEA,EN,Federal Contract Tower,0,19,5,0,24,0,2,34,2,38,0,21,39,2,62,28,10,38,100
08/07/2017,SBY,MD,AEA,EN,Federal Contract Tower,0,22,3,0,25,0,0,1,0,1,0,22,4,0,26,0,0,0,26
08/08/2017,SBY,MD,AEA,EN,Federal Contract Tower,0,20,10,1,31,0,9,20,31,60,0,29,30,32,91,6,102,108,199
08/09/2017,SBY,MD,AEA,EN,Federal Contract Tower,0,18,10,0,28,0,15,39,28,82,0,33,49,28,110,28,188,216,326
08/10/2017,SBY,MD,AEA,EN,Federal Contract Tower,0,26,5,0,31,0,0,34,22,56,0,26,39,22,87,48,114,162,249
08/11/2017,SBY,MD,AEA,EN,Federal Contract Tower,0,25,6,2,33,0,1,22,11,34,0,26,28,13,67,24,90,114,181
08/12/2017,SBY,MD,AEA,EN,Federal Contract Tower,0,20,4,0,24,0,0,0,0,0,0,20,4,0,24,0,0,0,24
08/13/2017,SBY,MD,AEA,EN,Federal Contract Tower,0,16,7,0,23,0,0,46,0,46,0,16,53,0,69,84,0,84,153
08/14/2017,SBY,MD,AEA,EN,Federal Contract Tower,0,16,9,0,25,0,2,38,24,64,0,18,47,24,89,34,66,100,189
08/15/2017,SBY,MD,AEA,EN,Federal Contract Tower,0,21,1,0,22,0,0,16,0,16,0,21,17,0,38,0,0,0,38
08/16/2017,SBY,MD,AEA,EN,Federal Contract Tower,0,16,7,2,25,0,2,24,11,37,0,18,31,13,62,8,60,68,130
08/17/2017,SBY,MD,AEA,EN,Federal Contract Tower,0,22,6,1,29,0,0,28,15,43,0,22,34,16,72,26,70,96,168
08/18/2017,SBY,MD,AEA,EN,Federal Contract Tower,0,16,7,0,23,0,2,13,0,15,0,18,20,0,38,0,0,0,38
08/19/2017,SBY,MD,AEA,EN,Federal Contract Tower,0,17,4,0,21,0,0,45,0,45,0,17,49,0,66,44,0,44,110
08/20/2017,SBY,MD,AEA,EN,Federal Contract Tower,0,19,10,0,29,0,2,37,0,39,0,21,47,0,68,0,0,0,68
08/21/2017,SBY,MD,AEA,EN,Federal Contract Tower,0,21,4,0,25,0,3,15,22,40,0,24,19,22,65,20,28,48,113
08/22/2017,SBY,MD,AEA,EN,Federal Contract Tower,0,18,11,0,29,0,4,54,48,106,0,22,65,48,135,12,58,70,205
08/23/2017,SBY,MD,AEA,EN,Federal Contract Tower,0,23,11,9,43,0,0,49,20,69,0,23,60,29,112,18,80,98,210
08/24/2017,SBY,MD,AEA,EN,Federal Contract Tower,0,20,15,4,39,0,3,30,41,74,0,23,45,45,113,18,92,110,223
08/25/2017,SBY,MD,AEA,EN,Federal Contract Tower,0,18,12,3,33,0,2,43,13,58,0,20,55,16,91,46,106,152,243
08/26/2017,SBY,MD,AEA,EN,Federal Contract Tower,0,15,5,0,20,0,0,35,0,35,0,15,40,0,55,54,0,54,109
08/27/2017,SBY,MD,AEA,EN,Federal Contract Tower,0,15,3,0,18,0,4,24,0,28,0,19,27,0,46,48,0,48,94
08/28/2017,SBY,MD,AEA,EN,Federal Contract Tower,0,16,7,1,24,0,0,41,35,76,0,16,48,36,100,68,68,136,236
08/29/2017,SBY,MD,AEA,EN,Federal Contract Tower,0,20,5,4,29,0,0,0,0,0,0,20,5,4,29,0,0,0,29
08/30/2017,SBY,MD,AEA,EN,Federal Contract Tower,0,22,7,4,33,0,0,37,11,48,0,22,44,15,81,78,100,178,259
08/31/2017,SBY,MD,AEA,EN,Federal Contract Tower,0,20,10,0,30,0,0,65,10,75,0,20,75,10,105,70,42,112,217
09/01/2017,SBY,MD,AEA,EN,Federal Contract Tower,0,21,13,0,34,0,0,34,2,36,0,21,47,2,70,54,22,76,146
09/02/2017,SBY,MD,AEA,EN,Federal Contract Tower,0,15,4,0,19,0,0,4,0,4,0,15,8,0,23,0,0,0,23
09/03/2017,SBY,MD,AEA,EN,Federal Contract Tower,0,14,6,0,20,0,2,14,0,16,0,16,20,0,36,0,0,0,36
09/04/2017,SBY,MD,AEA,EN,Federal Contract Tower,0,18,8,0,26,0,0,42,0,42,0,18,50,0,68,62,0,62,130
09/05/2017,SBY,MD,AEA,EN,Federal Contract Tower,0,18,6,4,28,0,3,19,14,36,0,21,25,18,64,22,34,56,120
09/06/2017,SBY,MD,AEA,EN,Federal Contract Tower,0,18,2,0,20,0,1,9,6,16,0,19,11,6,36,34,0,34,70
09/07/2017,SBY,MD,AEA,EN,Federal Contract Tower,0,20,8,4,32,0,0,37,18,55,0,20,45,22,87,20,160,180,267
09/08/2017,SBY,MD,AEA,EN,Federal Contract Tower,0,25,9,0,34,0,0,42,6,48,0,25,51,6,82,54,20,74,156
09/09/2017,SBY,MD,AEA,EN,Federal Contract Tower,0,15,4,0,19,0,0,46,2,48,0,15,50,2,67,90,14,104,171
09/10/2017,SBY,MD,AEA,EN,Federal Contract Tower,0,12,7,0,19,0,0,19,0,19,0,12,26,0,38,6,0,6,44
09/11/2017,SBY,MD,AEA,EN,Federal Contract Tower,0,16,2,0,18,0,6,65,22,93,0,22,67,22,111,64,52,116,227
09/12/2017,SBY,MD,AEA,EN,Federal Contract Tower,0,22,4,0,26,0,0,58,28,86,0,22,62,28,112,40,78,118,230
09/13/2017,SBY,MD,AEA,EN,Federal Contract Tower,0,20,1,3,24,0,0,1,9,10,0,20,2,12,34,0,38,38,72
09/14/2017,SBY,MD,AEA,EN,Federal Contract Tower,0,18,9,0,27,0,3,27,12,42,0,21,36,12,69,46,88,134,203
09/15/2017,SBY,MD,AEA,EN,Federal Contract Tower,0,18,8,0,26,0,1,35,4,40,0,19,43,4,66,32,40,72,138
09/16/2017,SBY,MD,AEA,EN,Federal Contract Tower,0,17,6,0,23,0,0,20,0,20,0,17,26,0,43,4,0,4,47
09/17/2017,SBY,MD,AEA,EN,Federal Contract Tower,0,15,2,0,17,0,38,27,0,65,0,53,29,0,82,6,0,6,88
09/18/2017,SBY,MD,AEA,EN,Federal Contract Tower,0,20,13,2,35,0,32,0,0,32,0,52,13,2,67,0,0,0,67
09/19/2017,SBY,MD,AEA,EN,Federal Contract Tower,0,21,12,0,33,0,3,2,0,5,0,24,14,0,38,0,0,0,38
09/20/2017,SBY,MD,AEA,EN,Federal Contract Tower,0,21,11,0,32,0,0,44,14,58,0,21,55,14,90,32,22,54,144
09/21/2017,SBY,MD,AEA,EN,Federal Contract Tower,0,21,4,0,25,0,0,22,8,30,0,21,26,8,55,14,10,24,79
09/22/2017,SBY,MD,AEA,EN,Federal Contract Tower,0,19,7,0,26,0,4,48,10,62,0,23,55,10,88,24,16,40,128
09/23/2017,SBY,MD,AEA,EN,Federal Contract Tower,0,15,6,0,21,0,0,27,0,27,0,15,33,0,48,16,0,16,64
09/24/2017,SBY,MD,AEA,EN,Federal Contract Tower,0,14,10,0,24,0,2,26,2,30,0,16,36,2,54,16,6,22,76
09/25/2017,SBY,MD,AEA,EN,Federal Contract Tower,0,14,8,6,28,0,5,35,24,64,0,19,43,30,92,48,76,124,216
09/26/2017,SBY,MD,AEA,EN,Federal Contract Tower,0,19,8,0,27,0,0,0,0,0,0,19,8,0,27,0,0,0,27
09/27/2017,SBY,MD,AEA,EN,Federal Contract Tower,0,25,10,1,36,0,0,0,9,9,0,25,10,10,45,0,22,22,67
09/28/2017,SBY,MD,AEA,EN,Federal Contract Tower,0,26,9,2,37,0,8,19,25,52,0,34,28,27,89,0,66,66,155
09/29/2017,SBY,MD,AEA,EN,Federal Contract Tower,0,16,3,0,19,0,1,66,10,77,0,17,69,10,96,36,62,98,194
09/30/2017,SBY,MD,AEA,EN,Federal Contract Tower,0,16,3,0,19,0,5,24,0,29,0,21,27,0,48,32,0,32,80
10/01/2017,SBY,MD,AEA,EN,Federal Contract Tower,0,14,2,0,16,0,0,23,1,24,0,14,25,1,40,28,0,28,68
10/02/2017,SBY,MD,AEA,EN,Federal Contract Tower,0,19,3,1,23,0,4,52,13,69,0,23,55,14,92,40,60,100,192
10/03/2017,SBY,MD,AEA,EN,Federal Contract Tower,0,20,2,1,23,0,11,41,7,59,0,31,43,8,82,68,50,118,200
10/04/2017,SBY,MD,AEA,EN,Federal Contract Tower,0,23,2,1,26,0,6,55,21,82,0,29,57,22,108,56,54,110,218
10/05/2017,SBY,MD,AEA,EN,Federal Contract Tower,0,19,7,3,29,0,4,55,7,66,0,23,62,10,95,66,14,80,175
10/06/2017,SBY,MD,AEA,EN,Federal Contract Tower,0,22,14,0,36,0,4,40,2,46,0,26,54,2,82,90,10,100,182
10/07/2017,SBY,MD,AEA,EN,Federal Contract Tower,0,11,3,0,14,0,0,33,0,33,0,11,36,0,47,8,0,8,55
10/08/2017,SBY,MD,AEA,EN,Federal Contract Tower,0,10,5,0,15,0,21,3,0,24,0,31,8,0,39,0,0,0,39
10/09/2017,SBY,MD,AEA,EN,Federal Contract Tower,0,17,9,0,26,0,0,5,0,5,0,17,14,0,31,0,0,0,31
10/10/2017,SBY,MD,AEA,EN,Federal Contract Tower,0,18,9,1,28,0,35,50,19,104,0,53,59,20,132,142,58,200,332
10/11/2017,SBY,MD,AEA,EN,Federal Contract Tower,0,17,9,0,26,0,0,0,0,0,0,17,9,0,26,0,0,0,26
10/13/2017,SBY,MD,AEA,EN,Federal Contract Tower,0,18,9,4,31,0,0,0,0,0,0,18,9,4,31,0,0,0,31
10/14/2017,SBY,MD,AEA,EN,Federal Contract Tower,0,13,8,0,21,0,0,0,0,0,0,13,8,0,21,0,0,0,21
10/15/2017,SBY,MD,AEA,EN,Federal Contract Tower,0,13,2,0,15,0,12,6,0,18,0,25,8,0,33,0,0,0,33
10/16/2017,SBY,MD,AEA,EN,Federal Contract Tower,0,17,4,1,22,0,0,15,13,28,0,17,19,14,50,2,20,22,72
10/17/2017,SBY,MD,AEA,EN,Federal Contract Tower,0,21,7,5,33,0,1,71,15,87,0,22,78,20,120,130,62,192,312
10/18/2017,SBY,MD,AEA,EN,Federal Contract Tower,0,20,1,0,21,0,13,40,5,58,0,33,41,5,79,28,34,62,141
10/19/2017,SBY,MD,AEA,EN,Federal Contract Tower,0,20,6,2,28,0,2,85,11,98,0,22,91,13,126,84,78,162,288
10/20/2017,SBY,MD,AEA,EN,Federal Contract Tower,0,20,0,0,20,0,2,36,0,38,0,22,36,0,58,40,0,40,98
10/21/2017,SBY,MD,AEA,EN,Federal Contract Tower,0,16,1,2,19,0,0,58,0,58,0,16,59,2,77,74,0,74,151
10/22/2017,SBY,MD,AEA,EN,Federal Contract Tower,0,10,7,0,17,0,19,45,0,64,0,29,52,0,81,66,0,66,147
10/23/2017,SBY,MD,AEA,EN,Federal Contract Tower,0,14,2,2,18,0,0,29,32,61,0,14,31,34,79,30,114,144,223
10/24/2017,SBY,MD,AEA,EN,Federal Contract Tower,0,20,4,4,28,0,6,2,4,12,0,26,6,8,40,0,0,0,40
10/25/2017,SBY,MD,AEA,EN,Federal Contract Tower,0,20,4,0,24,0,3,44,20,67,0,23,48,20,91,44,176,220,311
10/26/2017,SBY,MD,AEA,EN,Federal Contract Tower,0,20,9,3,32,0,1,56,8,65,0,21,65,11,97,6,32,38,135
10/27/2017,SBY,MD,AEA,EN,Federal Contract Tower,0,18,5,2,25,0,0,50,8,58,0,18,55,10,83,44,78,122,205
10/28/2017,SBY,MD,AEA,EN,Federal Contract Tower,0,13,3,0,16,0,13,16,0,29,0,26,19,0,45,8,0,8,53
10/29/2017,SBY,MD,AEA,EN,Federal Contract Tower,0,14,1,0,15,0,0,0,0,0,0,14,1,0,15,0,0,0,15
10/30/2017,SBY,MD,AEA,EN,Federal Contract Tower,0,17,3,1,21,0,2,14,13,29,0,19,17,14,50,20,28,48,98
10/31/2017,SBY,MD,AEA,EN,Federal Contract Tower,0,17,8,0,25,0,19,95,14,128,0,36,103,14,153,52,42,94,247
11/01/2017,SBY,MD,AEA,EN,Federal Contract Tower,0,18,8,1,27,0,11,38,4,53,0,29,46,5,80,74,12,86,166
11/02/2017,SBY,MD,AEA,EN,Federal Contract Tower,0,18,6,0,24,0,3,59,2,64,0,21,65,2,88,38,12,50,138
11/03/2017,SBY,MD,AEA,EN,Federal Contract Tower,0,17,11,1,29,0,0,56,7,63,0,17,67,8,92,74,32,106,198
11/04/2017,SBY,MD,AEA,EN,Federal Contract Tower,0,14,5,0,19,0,0,24,2,26,0,14,29,2,45,0,4,4,49
11/05/2017,SBY,MD,AEA,EN,Federal Contract Tower,0,13,4,0,17,0,6,3,0,9,0,19,7,0,26,0,0,0,26
11/06/2017,SBY,MD,AEA,EN,Federal Contract Tower,0,17,7,0,24,0,0,20,4,24,0,17,27,4,48,34,24,58,106
11/07/2017,SBY,MD,AEA,EN,Federal Contract Tower,0,27,5,0,32,0,0,25,0,25,0,27,30,0,57,16,0,16,73
11/08/2017,SBY,MD,AEA,EN,Federal Contract Tower,0,19,9,10,38,0,0,0,2,2,0,19,9,12,40,0,0,0,40
11/09/2017,SBY,MD,AEA,EN,Federal Contract Tower,0,22,13,0,35,0,2,73,0,75,0,24,86,0,110,182,0,182,292
11/10/2017,SBY,MD,AEA,EN,Federal Contract Tower,0,17,9,0,26,0,2,23,0,25,0,19,32,0,51,0,0,0,51
11/11/2017,SBY,MD,AEA,EN,Federal Contract Tower,0,12,9,0,21,0,2,36,0,38,0,14,45,0,59,32,0,32,91
11/12/2017,SBY,MD,AEA,EN,Federal Contract Tower,0,12,3,0,15,0,1,28,0,29,0,13,31,0,44,60,0,60,104
11/13/2017,SBY,MD,AEA,EN,Federal Contract Tower,0,18,5,0,23,0,0,1,2,3,0,18,6,2,26,0,38,38,64
11/14/2017,SBY,MD,AEA,EN,Federal Contract Tower,0,19,13,0,32,0,8,66,16,90,0,27,79,16,122,136,54,190,312
11/15/2017,SBY,MD,AEA,EN,Federal Contract Tower,0,19,10,0,29,0,14,30,2,46,0,33,40,2,75,36,0,36,111
11/16/2017,SBY,MD,AEA,EN,Federal Contract Tower,0,18,10,0,28,0,28,86,8,122,0,46,96,8,150,206,8,214,364
11/17/2017,SBY,MD,AEA,EN,Federal Contract Tower,0,16,6,0,22,0,3,36,2,41,0,19,42,2,63,34,16,50,113
11/18/2017,SBY,MD,AEA,EN,Federal Contract Tower,0,12,6,0,18,0,4,21,0,25,0,16,27,0,43,24,0,24,67
11/19/2017,SBY,MD,AEA,EN,Federal Contract Tower,0,12,5,0,17,0,3,3,2,8,0,15,8,2,25,0,0,0,25
11/20/2017,SBY,MD,AEA,EN,Federal Contract Tower,0,16,10,3,29,0,6,35,10,51,0,22,45,13,80,40,52,92,172
11/21/2017,SBY,MD,AEA,EN,Federal Contract Tower,0,17,6,2,25,0,0,50,24,74,0,17,56,26,99,164,104,268,367
11/22/2017,SBY,MD,AEA,EN,Federal Contract Tower,0,21,4,0,25,0,4,30,0,34,0,25,34,0,59,4,0,4,63
11/23/2017,SBY,MD,AEA,EN,Federal Contract Tower,0,13,1,0,14,0,0,5,0,5,0,13,6,0,19,0,0,0,19
11/24/2017,SBY,MD,AEA,EN,Federal Contract Tower,0,13,5,0,18,0,0,29,2,31,0,13,34,2,49,36,0,36,85
11/25/2017,SBY,MD,AEA,EN,Federal Contract Tower,0,12,8,0,20,0,0,22,0,22,0,12,30,0,42,16,0,16,58
11/26/2017,SBY,MD,AEA,EN,Federal Contract Tower,0,14,4,0,18,0,6,22,0,28,0,20,26,0,46,6,0,6,52
11/27/2017,SBY,MD,AEA,EN,Federal Contract Tower,0,14,4,0,18,0,13,31,2,46,0,27,35,2,64,68,32,100,164
11/28/2017,SBY,MD,AEA,EN,Federal Contract Tower,0,18,7,2,27,0,6,104,6,116,0,24,111,8,143,236,22,258,401
11/29/2017,SBY,MD,AEA,EN,Federal Contract Tower,0,22,3,3,28,0,4,49,25,78,0,26,52,28,106,64,110,174,280
11/30/2017,SBY,MD,AEA,EN,Federal Contract Tower,0,17,8,2,27,0,13,89,2,104,0,30,97,4,131,300,2,302,433
12/01/2017,SBY,MD,AEA,EN,Federal Contract Tower,0,15,6,4,25,0,2,32,10,44,0,17,38,14,69,44,34,78,147
12/02/2017,SBY,MD,AEA,EN,Federal Contract Tower,0,10,10,0,20,0,0,43,0,43,0,10,53,0,63,26,0,26,89
12/03/2017,SBY,MD,AEA,EN,Federal Contract Tower,0,13,9,0,22,0,0,37,0,37,0,13,46,0,59,10,0,10,69
12/04/2017,SBY,MD,AEA,EN,Federal Contract Tower,0,13,3,2,18,0,6,21,2,29,0,19,24,4,47,30,22,52,99
12/05/2017,SBY,MD,AEA,EN,Federal Contract Tower,0,18,3,4,25,0,2,13,6,21,0,20,16,10,46,18,20,38,84
12/06/2017,SBY,MD,AEA,EN,Federal Contract Tower,0,15,5,1,21,0,8,35,27,70,0,23,40,28,91,52,78,130,221
12/07/2017,SBY,MD,AEA,EN,Federal Contract Tower,0,18,5,2,25,0,0,57,12,69,0,18,62,14,94,220,22,242,336
12/08/2017,SBY,MD,AEA,EN,Federal Contract Tower,0,15,1,0,16,0,2,12,0,14,0,17,13,0,30,2,0,2,32
12/09/2017,SBY,MD,AEA,EN,Federal Contract Tower,0,4,0,0,4,0,0,0,0,0,0,4,0,0,4,0,0,0,4
12/10/2017,SBY,MD,AEA,EN,Federal Contract Tower,0,12,3,0,15,0,0,5,0,5,0,12,8,0,20,4,0,4,24
12/11/2017,SBY,MD,AEA,EN,Federal Contract Tower,0,15,7,0,22,0,2,40,2,44,0,17,47,2,66,54,34,88,154
12/12/2017,SBY,MD,AEA,EN,Federal Contract Tower,0,18,2,1,21,0,9,12,9,30,0,27,14,10,51,16,78,94,145
12/13/2017,SBY,MD,AEA,EN,Federal Contract Tower,0,20,3,2,25,0,5,4,0,9,0,25,7,2,34,12,0,12,46
12/14/2017,SBY,MD,AEA,EN,Federal Contract Tower,0,15,4,0,19,0,5,16,0,21,0,20,20,0,40,0,0,0,40
12/15/2017,SBY,MD,AEA,EN,Federal Contract Tower,0,20,1,0,21,0,6,11,0,17,0,26,12,0,38,24,0,24,62
12/16/2017,SBY,MD,AEA,EN,Federal Contract Tower,0,9,4,0,13,0,0,13,0,13,0,9,17,0,26,18,0,18,44
12/17/2017,SBY,MD,AEA,EN,Federal Contract Tower,0,14,2,0,16,0,0,30,0,30,0,14,32,0,46,62,0,62,108
12/18/2017,SBY,MD,AEA,EN,Federal Contract Tower,0,18,6,0,24,0,14,17,0,31,0,32,23,0,55,20,0,20,75
12/19/2017,SBY,MD,AEA,EN,Federal Contract Tower,0,24,8,0,32,0,0,37,2,39,0,24,45,2,71,20,22,42,113
12/20/2017,SBY,MD,AEA,EN,Federal Contract Tower,0,22,2,0,24,0,2,25,0,27,0,24,27,0,51,20,0,20,71
12/21/2017,SBY,MD,AEA,EN,Federal Contract Tower,0,20,4,0,24,0,17,44,15,76,0,37,48,15,100,32,28,60,160
12/22/2017,SBY,MD,AEA,EN,Federal Contract Tower,0,18,2,0,20,0,0,20,0,20,0,18,22,0,40,26,0,26,66
12/23/2017,SBY,MD,AEA,EN,Federal Contract Tower,0,12,6,0,18,0,0,1,0,1,0,12,7,0,19,0,0,0,19
12/24/2017,SBY,MD,AEA,EN,Federal Contract Tower,0,11,0,0,11,0,0,4,0,4,0,11,4,0,15,0,0,0,15
12/25/2017,SBY,MD,AEA,EN,Federal Contract Tower,0,13,0,0,13,0,0,2,0,2,0,13,2,0,15,0,0,0,15
12/26/2017,SBY,MD,AEA,EN,Federal Contract Tower,0,14,3,0,17,0,0,17,0,17,0,14,20,0,34,6,0,6,40
12/27/2017,SBY,MD,AEA,EN,Federal Contract Tower,0,20,7,3,30,0,12,22,1,35,0,32,29,4,65,36,8,44,109
12/28/2017,SBY,MD,AEA,EN,Federal Contract Tower,0,20,4,0,24,0,7,28,0,35,0,27,32,0,59,48,0,48,107
12/29/2017,SBY,MD,AEA,EN,Federal Contract Tower,0,19,5,2,26,0,8,27,0,35,0,27,32,2,61,8,0,8,69
12/30/2017,SBY,MD,AEA,EN,Federal Contract Tower,0,8,3,0,11,0,2,9,0,11,0,10,12,0,22,14,0,14,36
12/31/2017,SBY,MD,AEA,EN,Federal Contract Tower,0,10,1,0,11,0,0,6,0,6,0,10,7,0,17,0,0,0,17
01/01/2018,SBY,MD,AEA,EN,Federal Contract Tower,0,15,2,0,17,0,2,13,0,15,0,17,15,0,32,0,0,0,32
01/02/2018,SBY,MD,AEA,EN,Federal Contract Tower,0,15,7,0,22,0,0,6,0,6,0,15,13,0,28,0,0,0,28
01/03/2018,SBY,MD,AEA,EN,Federal Contract Tower,0,16,4,0,20,0,11,15,0,26,0,27,19,0,46,16,0,16,62
01/04/2018,SBY,MD,AEA,EN,Federal Contract Tower,0,0,0,0,0,0,0,0,0,0,0,0,0,0,0,0,0,0,0
01/05/2018,SBY,MD,AEA,EN,Federal Contract Tower,0,9,2,0,11,0,3,0,0,3,0,12,2,0,14,0,0,0,14
01/06/2018,SBY,MD,AEA,EN,Federal Contract Tower,0,9,0,0,9,0,0,2,0,2,0,9,2,0,11,0,0,0,11
01/07/2018,SBY,MD,AEA,EN,Federal Contract Tower,0,11,2,0,13,0,8,12,0,20,0,19,14,0,33,16,0,16,49
01/08/2018,SBY,MD,AEA,EN,Federal Contract Tower,0,11,0,0,11,0,2,19,2,23,0,13,19,2,34,0,28,28,62
01/09/2018,SBY,MD,AEA,EN,Federal Contract Tower,0,10,6,0,16,0,4,32,6,42,0,14,38,6,58,18,20,38,96
01/10/2018,SBY,MD,AEA,EN,Federal Contract Tower,0,20,6,0,26,0,14,30,22,66,0,34,36,22,92,44,68,112,204
01/11/2018,SBY,MD,AEA,EN,Federal Contract Tower,0,17,6,0,23,0,2,17,10,29,0,19,23,10,52,16,78,94,146
01/12/2018,SBY,MD,AEA,EN,Federal Contract Tower,0,18,4,0,22,0,0,0,0,0,0,18,4,0,22,0,0,0,22
01/13/2018,SBY,MD,AEA,EN,Federal Contract Tower,0,12,2,0,14,0,1,3,0,4,0,13,5,0,18,2,0,2,20
01/14/2018,SBY,MD,AEA,EN,Federal Contract Tower,0,14,2,0,16,0,0,12,0,12,0,14,14,0,28,0,0,0,28
01/15/2018,SBY,MD,AEA,EN,Federal Contract Tower,0,15,2,0,17,0,0,1,0,1,0,15,3,0,18,0,0,0,18
01/16/2018,SBY,MD,AEA,EN,Federal Contract Tower,0,18,9,2,29,0,10,25,8,43,0,28,34,10,72,32,8,40,112
01/17/2018,SBY,MD,AEA,EN,Federal Contract Tower,0,17,0,2,19,0,0,0,0,0,0,17,0,2,19,0,0,0,19
01/18/2018,SBY,MD,AEA,EN,Federal Contract Tower,0,22,8,2,32,0,14,24,11,49,0,36,32,13,81,54,22,76,157
01/19/2018,SBY,MD,AEA,EN,Federal Contract Tower,0,17,2,0,19,0,8,43,4,55,0,25,45,4,74,90,10,100,174
01/20/2018,SBY,MD,AEA,EN,Federal Contract Tower,0,11,6,0,17,0,0,38,0,38,0,11,44,0,55,28,0,28,83
01/21/2018,SBY,MD,AEA,EN,Federal Contract Tower,0,10,1,0,11,0,4,38,0,42,0,14,39,0,53,32,0,32,85
01/22/2018,SBY,MD,AEA,EN,Federal Contract Tower,0,15,2,0,17,0,12,42,4,58,0,27,44,4,75,36,34,70,145
01/23/2018,SBY,MD,AEA,EN,Federal Contract Tower,0,20,4,0,24,0,0,2,0,2,0,20,6,0,26,4,0,4,30
01/24/2018,SBY,MD,AEA,EN,Federal Contract Tower,0,18,4,0,22,0,6,47,4,57,0,24,51,4,79,24,32,56,135
01/25/2018,SBY,MD,AEA,EN,Federal Contract Tower,0,17,6,1,24,0,1,30,2,33,0,18,36,3,57,54,4,58,115
01/26/2018,SBY,MD,AEA,EN,Federal Contract Tower,0,15,10,0,25,0,16,71,2,89,0,31,81,2,114,94,28,122,236
01/27/2018,SBY,MD,AEA,EN,Federal Contract Tower,0,10,2,0,12,0,0,30,0,30,0,10,32,0,42,14,0,14,56
01/28/2018,SBY,MD,AEA,EN,Federal Contract Tower,0,13,10,0,23,0,0,0,0,0,0,13,10,0,23,0,0,0,23
01/29/2018,SBY,MD,AEA,EN,Federal Contract Tower,0,14,8,1,23,0,2,0,0,2,0,16,8,1,25,0,0,0,25
01/30/2018,SBY,MD,AEA,EN,Federal Contract Tower,0,15,7,0,22,0,0,4,2,6,0,15,11,2,28,0,0,0,28
01/31/2018,SBY,MD,AEA,EN,Federal Contract Tower,0,17,9,2,28,0,10,61,43,114,0,27,70,45,142,26,126,152,294
02/01/2018,SBY,MD,AEA,EN,Federal Contract Tower,0,19,17,0,36,0,3,52,6,61,0,22,69,6,97,88,12,100,197
02/02/2018,SBY,MD,AEA,EN,Federal Contract Tower,0,17,4,2,23,0,2,5,6,13,0,19,9,8,36,8,70,78,114
02/03/2018,SBY,MD,AEA,EN,Federal Contract Tower,0,13,11,0,24,0,2,48,0,50,0,15,59,0,74,92,0,92,166
02/04/2018,SBY,MD,AEA,EN,Federal Contract Tower,0,9,0,0,9,0,0,0,0,0,0,9,0,0,9,0,0,0,9
02/05/2018,SBY,MD,AEA,EN,Federal Contract Tower,0,12,3,0,15,0,0,19,6,25,0,12,22,6,40,18,18,36,76
02/06/2018,SBY,MD,AEA,EN,Federal Contract Tower,0,17,5,6,28,0,9,35,18,62,0,26,40,24,90,38,72,110,200
02/07/2018,SBY,MD,AEA,EN,Federal Contract Tower,0,17,6,0,23,0,0,5,10,15,0,17,11,10,38,10,0,10,48
02/08/2018,SBY,MD,AEA,EN,Federal Contract Tower,0,15,10,0,25,0,5,33,21,59,0,20,43,21,84,34,62,96,180
02/09/2018,SBY,MD,AEA,EN,Federal Contract Tower,0,18,13,0,31,0,3,34,15,52,0,21,47,15,83,34,94,128,211
02/10/2018,SBY,MD,AEA,EN,Federal Contract Tower,0,10,0,0,10,0,0,9,0,9,0,10,9,0,19,4,0,4,23
02/11/2018,SBY,MD,AEA,EN,Federal Contract Tower,0,10,0,0,10,0,0,0,0,0,0,10,0,0,10,0,0,0,10
02/12/2018,SBY,MD,AEA,EN,Federal Contract Tower,0,16,6,1,23,0,4,11,1,16,0,20,17,2,39,4,16,20,59
02/13/2018,SBY,MD,AEA,EN,Federal Contract Tower,0,18,11,0,29,0,2,53,8,63,0,20,64,8,92,66,32,98,190
02/14/2018,SBY,MD,AEA,EN,Federal Contract Tower,0,19,10,1,30,0,11,4,6,21,0,30,14,7,51,24,38,62,113
02/15/2018,SBY,MD,AEA,EN,Federal Contract Tower,0,15,19,0,34,0,0,30,15,45,0,15,49,15,79,40,84,124,203
02/16/2018,SBY,MD,AEA,EN,Federal Contract Tower,0,16,6,1,23,0,0,2,3,5,0,16,8,4,28,0,30,30,58
02/17/2018,SBY,MD,AEA,EN,Federal Contract Tower,0,10,2,0,12,0,0,5,0,5,0,10,7,0,17,2,0,2,19
02/18/2018,SBY,MD,AEA,EN,Federal Contract Tower,0,11,6,0,17,0,0,36,0,36,0,11,42,0,53,14,0,14,67
02/19/2018,SBY,MD,AEA,EN,Federal Contract Tower,0,16,5,0,21,0,11,34,0,45,0,27,39,0,66,66,0,66,132
02/20/2018,SBY,MD,AEA,EN,Federal Contract Tower,0,21,8,0,29,0,36,6,4,46,0,57,14,4,75,4,30,34,109
02/21/2018,SBY,MD,AEA,EN,Federal Contract Tower,0,16,16,0,32,0,10,24,10,44,0,26,40,10,76,36,58,94,170
02/22/2018,SBY,MD,AEA,EN,Federal Contract Tower,0,17,14,0,31,0,0,7,0,7,0,17,21,0,38,10,0,10,48
02/23/2018,SBY,MD,AEA,EN,Federal Contract Tower,0,16,3,0,19,0,0,0,0,0,0,16,3,0,19,0,0,0,19
02/24/2018,SBY,MD,AEA,EN,Federal Contract Tower,0,10,2,0,12,0,0,0,0,0,0,10,2,0,12,0,0,0,12
02/25/2018,SBY,MD,AEA,EN,Federal Contract Tower,0,10,9,0,19,0,4,17,0,21,0,14,26,0,40,40,0,40,80
02/26/2018,SBY,MD,AEA,EN,Federal Contract Tower,0,14,2,0,16,0,4,47,26,77,0,18,49,26,93,120,92,212,305
02/27/2018,SBY,MD,AEA,EN,Federal Contract Tower,0,16,10,0,26,0,18,77,22,117,0,34,87,22,143,96,76,172,315
02/28/2018,SBY,MD,AEA,EN,Federal Contract Tower,0,18,9,1,28,0,11,61,32,104,0,29,70,33,132,66,116,182,314
03/01/2018,SBY,MD,AEA,EN,Federal Contract Tower,0,17,9,0,26,0,8,25,0,33,0,25,34,0,59,8,0,8,67
03/02/2018,SBY,MD,AEA,EN,Federal Contract Tower,0,7,1,0,8,0,2,0,0,2,0,9,1,0,10,0,0,0,10
03/03/2018,SBY,MD,AEA,EN,Federal Contract Tower,0,9,1,0,10,0,0,2,0,2,0,9,3,0,12,4,0,4,16
03/04/2018,SBY,MD,AEA,EN,Federal Contract Tower,0,11,2,2,15,0,2,25,0,27,0,13,27,2,42,26,0,26,68
03/05/2018,SBY,MD,AEA,EN,Federal Contract Tower,0,12,4,0,16,0,19,38,14,71,0,31,42,14,87,74,72,146,233
03/06/2018,SBY,MD,AEA,EN,Federal Contract Tower,0,20,5,0,25,0,10,43,14,67,0,30,48,14,92,88,10,98,190
03/07/2018,SBY,MD,AEA,EN,Federal Contract Tower,0,11,3,0,14,0,0,2,0,2,0,11,5,0,16,0,0,0,16
03/08/2018,SBY,MD,AEA,EN,Federal Contract Tower,0,16,2,0,18,0,0,33,18,51,0,16,35,18,69,48,82,130,199
03/09/2018,SBY,MD,AEA,EN,Federal Contract Tower,0,18,6,2,26,0,8,22,14,44,0,26,28,16,70,84,50,134,204
03/10/2018,SBY,MD,AEA,EN,Federal Contract Tower,0,10,13,0,23,0,0,99,6,105,0,10,112,6,128,176,12,188,316
03/11/2018,SBY,MD,AEA,EN,Federal Contract Tower,0,9,9,0,18,0,3,21,0,24,0,12,30,0,42,44,0,44,86
03/12/2018,SBY,MD,AEA,EN,Federal Contract Tower,0,18,8,0,26,0,0,29,2,31,0,18,37,2,57,90,22,112,169
03/13/2018,SBY,MD,AEA,EN,Federal Contract Tower,0,16,1,0,17,0,6,14,12,32,0,22,15,12,49,6,32,38,87
03/14/2018,SBY,MD,AEA,EN,Federal Contract Tower,0,17,0,2,19,0,15,28,19,62,0,32,28,21,81,16,34,50,131
03/15/2018,SBY,MD,AEA,EN,Federal Contract Tower,0,16,9,2,27,0,11,35,27,73,0,27,44,29,100,12,80,92,192
03/16/2018,SBY,MD,AEA,EN,Federal Contract Tower,0,15,5,0,20,0,11,22,2,35,0,26,27,2,55,36,16,52,107
03/17/2018,SBY,MD,AEA,EN,Federal Contract Tower,0,11,7,0,18,0,7,10,3,20,0,18,17,3,38,26,28,54,92
03/18/2018,SBY,MD,AEA,EN,Federal Contract Tower,0,11,4,0,15,0,0,48,4,52,0,11,52,4,67,56,10,66,133
03/19/2018,SBY,MD,AEA,EN,Federal Contract Tower,0,19,3,0,22,0,4,98,26,128,0,23,101,26,150,102,102,204,354
03/20/2018,SBY,MD,AEA,EN,Federal Contract Tower,0,9,0,0,9,0,0,0,0,0,0,9,0,0,9,0,0,0,9
03/21/2018,SBY,MD,AEA,EN,Federal Contract Tower,0,5,0,0,5,0,0,0,0,0,0,5,0,0,5,0,0,0,5
03/22/2018,SBY,MD,AEA,EN,Federal Contract Tower,0,21,4,1,26,0,0,19,5,24,0,21,23,6,50,16,40,56,106
03/23/2018,SBY,MD,AEA,EN,Federal Contract Tower,0,16,11,4,31,0,0,45,34,79,0,16,56,38,110,56,122,178,288
03/24/2018,SBY,MD,AEA,EN,Federal Contract Tower,0,12,2,1,15,0,0,52,28,80,0,12,54,29,95,92,52,144,239
03/25/2018,SBY,MD,AEA,EN,Federal Contract Tower,0,15,3,0,18,0,0,33,20,53,0,15,36,20,71,12,40,52,123
03/26/2018,SBY,MD,AEA,EN,Federal Contract Tower,0,13,9,3,25,0,2,44,9,55,0,15,53,12,80,94,30,124,204
03/27/2018,SBY,MD,AEA,EN,Federal Contract Tower,0,22,2,0,24,0,0,0,0,0,0,22,2,0,24,98,82,180,204
03/28/2018,SBY,MD,AEA,EN,Federal Contract Tower,0,18,6,2,26,0,4,48,20,72,0,22,54,22,98,154,106,260,358
03/29/2018,SBY,MD,AEA,EN,Federal Contract Tower,0,18,5,0,23,0,4,57,8,69,0,22,62,8,92,164,28,192,284
03/30/2018,SBY,MD,AEA,EN,Federal Contract Tower,0,15,3,2,20,0,2,4,6,12,0,17,7,8,32,0,8,8,40
03/31/2018,SBY,MD,AEA,EN,Federal Contract Tower,0,13,7,0,20,0,4,52,0,56,0,17,59,0,76,56,0,56,132
04/01/2018,SBY,MD,AEA,EN,Federal Contract Tower,0,11,1,0,12,0,12,19,0,31,0,23,20,0,43,0,0,0,43
04/02/2018,SBY,MD,AEA,EN,Federal Contract Tower,0,16,0,4,20,0,12,52,2,66,0,28,52,6,86,154,8,162,248
04/03/2018,SBY,MD,AEA,EN,Federal Contract Tower,0,25,2,0,27,0,2,54,0,56,0,27,56,0,83,222,0,222,305
04/04/2018,SBY,MD,AEA,EN,Federal Contract Tower,0,21,4,3,28,0,1,2,1,4,0,22,6,4,32,0,0,0,32
04/05/2018,SBY,MD,AEA,EN,Federal Contract Tower,0,19,11,4,34,0,5,45,12,62,0,24,56,16,96,26,20,46,142
04/06/2018,SBY,MD,AEA,EN,Federal Contract Tower,0,14,10,0,24,0,3,7,2,12,0,17,17,2,36,8,4,12,48
04/07/2018,SBY,MD,AEA,EN,Federal Contract Tower,0,12,0,0,12,0,2,3,0,5,0,14,3,0,17,4,0,4,21
04/08/2018,SBY,MD,AEA,EN,Federal Contract Tower,0,10,13,0,23,0,0,35,0,35,0,10,48,0,58,20,0,20,78
04/09/2018,SBY,MD,AEA,EN,Federal Contract Tower,0,14,8,2,24,0,22,15,2,39,0,36,23,4,63,30,26,56,119
04/10/2018,SBY,MD,AEA,EN,Federal Contract Tower,0,20,6,1,27,0,2,53,37,92,0,22,59,38,119,28,56,84,203
04/11/2018,SBY,MD,AEA,EN,Federal Contract Tower,0,17,8,4,29,0,18,69,23,110,0,35,77,27,139,122,102,224,363
04/12/2018,SBY,MD,AEA,EN,Federal Contract Tower,0,22,5,0,27,0,2,41,4,47,0,24,46,4,74,14,4,18,92
04/13/2018,SBY,MD,AEA,EN,Federal Contract Tower,0,17,10,1,28,0,5,39,21,65,0,22,49,22,93,12,36,48,141
04/14/2018,SBY,MD,AEA,EN,Federal Contract Tower,0,10,7,4,21,0,0,39,1,40,0,10,46,5,61,14,18,32,93
04/15/2018,SBY,MD,AEA,EN,Federal Contract Tower,0,11,0,0,11,0,0,0,0,0,0,11,0,0,11,0,0,0,11
04/16/2018,SBY,MD,AEA,EN,Federal Contract Tower,0,14,2,3,19,0,1,2,1,4,0,15,4,4,23,0,8,8,31
04/17/2018,SBY,MD,AEA,EN,Federal Contract Tower,0,17,1,6,24,0,0,38,14,52,0,17,39,20,76,18,54,72,148
04/18/2018,SBY,MD,AEA,EN,Federal Contract Tower,0,21,5,1,27,0,0,84,12,96,0,21,89,13,123,88,40,128,251
04/19/2018,SBY,MD,AEA,EN,Federal Contract Tower,0,16,8,0,24,0,0,10,0,10,0,16,18,0,34,0,0,0,34
04/20/2018,SBY,MD,AEA,EN,Federal Contract Tower,0,16,0,0,16,0,0,29,2,31,0,16,29,2,47,12,0,12,59
04/21/2018,SBY,MD,AEA,EN,Federal Contract Tower,0,12,9,0,21,0,0,39,0,39,0,12,48,0,60,32,0,32,92
04/22/2018,SBY,MD,AEA,EN,Federal Contract Tower,0,12,6,0,18,0,10,36,0,46,0,22,42,0,64,52,0,52,116
04/23/2018,SBY,MD,AEA,EN,Federal Contract Tower,0,14,7,0,21,0,9,53,8,70,0,23,60,8,91,42,10,52,143
04/24/2018,SBY,MD,AEA,EN,Federal Contract Tower,0,21,2,4,27,0,0,36,24,60,0,21,38,28,87,18,66,84,171
04/25/2018,SBY,MD,AEA,EN,Federal Contract Tower,0,19,15,8,42,0,0,2,12,14,0,19,17,20,56,0,44,44,100
04/26/2018,SBY,MD,AEA,EN,Federal Contract Tower,0,17,16,3,36,0,9,73,11,93,0,26,89,14,129,48,30,78,207
04/27/2018,SBY,MD,AEA,EN,Federal Contract Tower,0,17,14,0,31,0,6,16,0,22,0,23,30,0,53,24,0,24,77
04/28/2018,SBY,MD,AEA,EN,Federal Contract Tower,0,9,3,0,12,0,2,70,2,74,0,11,73,2,86,80,4,84,170
04/29/2018,SBY,MD,AEA,EN,Federal Contract Tower,0,9,7,2,18,0,9,38,2,49,0,18,45,4,67,6,0,6,73
04/30/2018,SBY,MD,AEA,EN,Federal Contract Tower,0,13,8,0,21,0,0,13,4,17,0,13,21,4,38,2,4,6,44
05/01/2018,SBY,MD,AEA,EN,Federal Contract Tower,0,18,4,4,26,0,19,99,52,170,0,37,103,56,196,72,116,188,384
05/02/2018,SBY,MD,AEA,EN,Federal Contract Tower,0,18,6,2,26,0,6,89,11,106,0,24,95,13,132,84,54,138,270
05/03/2018,SBY,MD,AEA,EN,Federal Contract Tower,0,22,6,0,28,0,0,47,18,65,0,22,53,18,93,78,60,138,231
05/04/2018,SBY,MD,AEA,EN,Federal Contract Tower,0,16,7,4,27,0,1,27,0,28,0,17,34,4,55,12,26,38,93
05/05/2018,SBY,MD,AEA,EN,Federal Contract Tower,0,10,3,0,13,0,0,26,0,26,0,10,29,0,39,32,0,32,71
05/06/2018,SBY,MD,AEA,EN,Federal Contract Tower,0,13,8,0,21,0,0,2,0,2,0,13,10,0,23,10,0,10,33
05/07/2018,SBY,MD,AEA,EN,Federal Contract Tower,0,18,16,0,34,0,20,38,8,66,0,38,54,8,100,68,12,80,180
05/08/2018,SBY,MD,AEA,EN,Federal Contract Tower,0,17,13,6,36,0,10,40,36,86,0,27,53,42,122,0,74,74,196
05/09/2018,SBY,MD,AEA,EN,Federal Contract Tower,0,18,16,0,34,0,7,55,6,68,0,25,71,6,102,52,20,72,174
05/10/2018,SBY,MD,AEA,EN,Federal Contract Tower,0,22,15,0,37,0,7,39,13,59,0,29,54,13,96,62,62,124,220
05/11/2018,SBY,MD,AEA,EN,Federal Contract Tower,0,20,3,0,23,0,10,64,20,94,0,30,67,20,117,72,60,132,249
05/12/2018,SBY,MD,AEA,EN,Federal Contract Tower,0,11,4,0,15,0,7,16,0,23,0,18,20,0,38,4,0,4,42
05/13/2018,SBY,MD,AEA,EN,Federal Contract Tower,0,10,5,0,15,0,0,0,0,0,0,10,5,0,15,0,0,0,15
05/14/2018,SBY,MD,AEA,EN,Federal Contract Tower,0,11,5,2,18,0,0,29,2,31,0,11,34,4,49,44,0,44,93
05/15/2018,SBY,MD,AEA,EN,Federal Contract Tower,0,18,10,6,34,0,12,48,14,74,0,30,58,20,108,38,66,104,212
05/16/2018,SBY,MD,AEA,EN,Federal Contract Tower,0,18,8,0,26,0,4,5,0,9,0,22,13,0,35,6,0,6,41
05/17/2018,SBY,MD,AEA,EN,Federal Contract Tower,0,14,6,0,20,0,0,0,0,0,0,14,6,0,20,0,0,0,20
05/18/2018,SBY,MD,AEA,EN,Federal Contract Tower,0,17,3,1,21,0,0,0,0,0,0,17,3,1,21,0,0,0,21
05/19/2018,SBY,MD,AEA,EN,Federal Contract Tower,0,13,7,0,20,0,0,2,0,2,0,13,9,0,22,0,0,0,22
05/20/2018,SBY,MD,AEA,EN,Federal Contract Tower,0,10,5,0,15,0,3,14,0,17,0,13,19,0,32,34,0,34,66
05/21/2018,SBY,MD,AEA,EN,Federal Contract Tower,0,22,4,0,26,0,1,37,36,74,0,23,41,36,100,44,76,120,220
05/22/2018,SBY,MD,AEA,EN,Federal Contract Tower,0,16,14,3,33,0,0,21,53,74,0,16,35,56,107,0,160,160,267
05/23/2018,SBY,MD,AEA,EN,Federal Contract Tower,0,22,11,2,35,0,9,26,14,49,0,31,37,16,84,32,26,58,142
05/24/2018,SBY,MD,AEA,EN,Federal Contract Tower,0,20,10,1,31,0,10,53,3,66,0,30,63,4,97,36,40,76,173
05/25/2018,SBY,MD,AEA,EN,Federal Contract Tower,0,17,6,0,23,0,0,60,12,72,0,17,66,12,95,52,24,76,171
05/26/2018,SBY,MD,AEA,EN,Federal Contract Tower,0,14,1,0,15,0,0,50,0,50,0,14,51,0,65,60,0,60,125
05/27/2018,SBY,MD,AEA,EN,Federal Contract Tower,0,7,0,0,7,0,13,14,0,27,0,20,14,0,34,14,0,14,48
05/28/2018,SBY,MD,AEA,EN,Federal Contract Tower,0,12,9,0,21,0,0,0,0,0,0,12,9,0,21,0,0,0,21
05/29/2018,SBY,MD,AEA,EN,Federal Contract Tower,0,16,7,10,33,0,0,2,2,4,0,16,9,12,37,0,0,0,37
05/30/2018,SBY,MD,AEA,EN,Federal Contract Tower,0,24,19,0,43,0,0,6,0,6,0,24,25,0,49,0,0,0,49
05/31/2018,SBY,MD,AEA,EN,Federal Contract Tower,0,20,9,0,29,0,4,8,0,12,0,24,17,0,41,0,0,0,41
06/01/2018,SBY,MD,AEA,EN,Federal Contract Tower,0,17,8,5,30,0,2,18,3,23,0,19,26,8,53,24,0,24,77
06/02/2018,SBY,MD,AEA,EN,Federal Contract Tower,0,10,4,0,14,0,0,5,0,5,0,10,9,0,19,14,0,14,33
06/03/2018,SBY,MD,AEA,EN,Federal Contract Tower,0,10,5,0,15,0,0,0,0,0,0,10,5,0,15,0,0,0,15
06/04/2018,SBY,MD,AEA,EN,Federal Contract Tower,0,13,10,0,23,0,18,54,8,80,0,31,64,8,103,8,16,24,127
06/05/2018,SBY,MD,AEA,EN,Federal Contract Tower,0,18,12,0,30,0,12,39,6,57,0,30,51,6,87,34,10,44,131
06/06/2018,SBY,MD,AEA,EN,Federal Contract Tower,0,18,11,1,30,0,8,60,7,75,0,26,71,8,105,44,0,44,149
06/07/2018,SBY,MD,AEA,EN,Federal Contract Tower,0,19,13,1,33,0,1,53,9,63,0,20,66,10,96,30,40,70,166
06/08/2018,SBY,MD,AEA,EN,Federal Contract Tower,0,29,8,0,37,0,0,55,4,59,0,29,63,4,96,82,0,82,178
06/09/2018,SBY,MD,AEA,EN,Federal Contract Tower,0,11,2,0,13,0,0,3,0,3,0,11,5,0,16,0,0,0,16
06/10/2018,SBY,MD,AEA,EN,Federal Contract Tower,0,15,8,0,23,0,0,2,0,2,0,15,10,0,25,0,0,0,25
06/11/2018,SBY,MD,AEA,EN,Federal Contract Tower,0,13,16,8,37,0,36,2,2,40,0,49,18,10,77,6,18,24,101
06/12/2018,SBY,MD,AEA,EN,Federal Contract Tower,0,23,9,18,50,0,4,68,44,116,0,27,77,62,166,36,154,190,356
06/13/2018,SBY,MD,AEA,EN,Federal Contract Tower,0,17,8,3,28,0,1,32,5,38,0,18,40,8,66,38,24,62,128
06/14/2018,SBY,MD,AEA,EN,Federal Contract Tower,0,19,7,4,30,0,2,66,19,87,0,21,73,23,117,68,70,138,255
06/15/2018,SBY,MD,AEA,EN,Federal Contract Tower,0,18,20,2,40,0,0,64,4,68,0,18,84,6,108,80,32,112,220
06/16/2018,SBY,MD,AEA,EN,Federal Contract Tower,0,10,6,0,16,0,0,83,0,83,0,10,89,0,99,58,0,58,157
06/17/2018,SBY,MD,AEA,EN,Federal Contract Tower,0,13,7,0,20,0,2,29,0,31,0,15,36,0,51,34,0,34,85
06/18/2018,SBY,MD,AEA,EN,Federal Contract Tower,0,14,10,4,28,0,30,66,8,104,0,44,76,12,132,58,58,116,248
06/19/2018,SBY,MD,AEA,EN,Federal Contract Tower,0,19,7,0,26,0,5,33,2,40,0,24,40,2,66,32,18,50,116
06/20/2018,SBY,MD,AEA,EN,Federal Contract Tower,0,20,9,0,29,0,8,52,6,66,0,28,61,6,95,40,34,74,169
06/21/2018,SBY,MD,AEA,EN,Federal Contract Tower,0,21,11,6,38,0,0,41,3,44,0,21,52,9,82,62,26,88,170
06/22/2018,SBY,MD,AEA,EN,Federal Contract Tower,0,17,6,4,27,0,0,0,0,0,0,17,6,4,27,0,0,0,27
06/23/2018,SBY,MD,AEA,EN,Federal Contract Tower,0,11,4,0,15,0,0,4,0,4,0,11,8,0,19,10,0,10,29
06/24/2018,SBY,MD,AEA,EN,Federal Contract Tower,0,13,6,0,19,0,3,26,0,29,0,16,32,0,48,22,0,22,70
06/25/2018,SBY,MD,AEA,EN,Federal Contract Tower,0,15,3,0,18,0,4,66,0,70,0,19,69,0,88,46,0,46,134
06/26/2018,SBY,MD,AEA,EN,Federal Contract Tower,0,22,12,2,36,0,4,66,32,102,0,26,78,34,138,96,64,160,298
06/27/2018,SBY,MD,AEA,EN,Federal Contract Tower,0,24,10,0,34,0,4,38,10,52,0,28,48,10,86,22,32,54,140
06/28/2018,SBY,MD,AEA,EN,Federal Contract Tower,0,19,11,1,31,0,10,37,9,56,0,29,48,10,87,28,26,54,141
06/29/2018,SBY,MD,AEA,EN,Federal Contract Tower,0,28,9,0,37,0,13,45,2,60,0,41,54,2,97,50,0,50,147
06/30/2018,SBY,MD,AEA,EN,Federal Contract Tower,0,17,9,1,27,0,0,50,2,52,0,17,59,3,79,46,8,54,133
07/01/2018,SBY,MD,AEA,EN,Federal Contract Tower,0,11,6,0,17,0,16,46,0,62,0,27,52,0,79,46,0,46,125
07/02/2018,SBY,MD,AEA,EN,Federal Contract Tower,0,15,0,1,16,0,16,43,27,86,0,31,43,28,102,44,28,72,174
07/03/2018,SBY,MD,AEA,EN,Federal Contract Tower,0,20,5,8,33,0,0,34,10,44,0,20,39,18,77,40,28,68,145
07/04/2018,SBY,MD,AEA,EN,Federal Contract Tower,0,11,3,0,14,0,7,23,0,30,0,18,26,0,44,50,0,50,94
07/05/2018,SBY,MD,AEA,EN,Federal Contract Tower,0,23,8,0,31,0,5,8,12,25,0,28,16,12,56,26,30,56,112
07/06/2018,SBY,MD,AEA,EN,Federal Contract Tower,0,28,3,0,31,0,0,5,2,7,0,28,8,2,38,10,10,20,58
07/07/2018,SBY,MD,AEA,EN,Federal Contract Tower,0,17,4,0,21,0,2,35,0,37,0,19,39,0,58,14,0,14,72
07/08/2018,SBY,MD,AEA,EN,Federal Contract Tower,0,16,7,0,23,0,1,43,0,44,0,17,50,0,67,50,0,50,117
07/09/2018,SBY,MD,AEA,EN,Federal Contract Tower,0,14,7,1,22,0,0,24,25,49,0,14,31,26,71,38,66,104,175
07/10/2018,SBY,MD,AEA,EN,Federal Contract Tower,0,18,9,2,29,0,7,50,6,63,0,25,59,8,92,84,30,114,206
07/11/2018,SBY,MD,AEA,EN,Federal Contract Tower,0,18,6,0,24,0,10,49,10,69,0,28,55,10,93,48,52,100,193
07/12/2018,SBY,MD,AEA,EN,Federal Contract Tower,0,19,7,1,27,0,2,38,9,49,0,21,45,10,76,22,32,54,130
07/13/2018,SBY,MD,AEA,EN,Federal Contract Tower,0,23,8,2,33,0,1,50,6,57,0,24,58,8,90,74,28,102,192
07/14/2018,SBY,MD,AEA,EN,Federal Contract Tower,0,12,1,0,13,0,1,44,0,45,0,13,45,0,58,26,0,26,84
07/15/2018,SBY,MD,AEA,EN,Federal Contract Tower,0,17,3,0,20,0,0,37,0,37,0,17,40,0,57,58,0,58,115
07/16/2018,SBY,MD,AEA,EN,Federal Contract Tower,0,20,5,0,25,0,7,66,34,107,0,27,71,34,132,80,104,184,316
07/17/2018,SBY,MD,AEA,EN,Federal Contract Tower,0,26,5,3,34,0,5,34,35,74,0,31,39,38,108,22,150,172,280
07/18/2018,SBY,MD,AEA,EN,Federal Contract Tower,0,23,2,4,29,0,6,56,17,79,0,29,58,21,108,54,90,144,252
07/19/2018,SBY,MD,AEA,EN,Federal Contract Tower,0,20,14,0,34,0,2,36,4,42,0,22,50,4,76,40,14,54,130
07/20/2018,SBY,MD,AEA,EN,Federal Contract Tower,0,14,9,0,23,0,6,20,2,28,0,20,29,2,51,22,6,28,79
07/21/2018,SBY,MD,AEA,EN,Federal Contract Tower,0,12,2,0,14,0,0,0,0,0,0,12,2,0,14,0,0,0,14
07/22/2018,SBY,MD,AEA,EN,Federal Contract Tower,0,12,1,0,13,0,2,11,0,13,0,14,12,0,26,18,0,18,44
07/23/2018,SBY,MD,AEA,EN,Federal Contract Tower,0,19,8,0,27,0,0,4,2,6,0,19,12,2,33,8,12,20,53
07/24/2018,SBY,MD,AEA,EN,Federal Contract Tower,0,22,4,0,26,0,13,27,0,40,0,35,31,0,66,72,0,72,138
07/25/2018,SBY,MD,AEA,EN,Federal Contract Tower,0,25,10,0,35,0,0,8,0,8,0,25,18,0,43,0,0,0,43
07/26/2018,SBY,MD,AEA,EN,Federal Contract Tower,0,19,18,1,38,0,0,30,10,40,0,19,48,11,78,54,48,102,180
07/27/2018,SBY,MD,AEA,EN,Federal Contract Tower,0,14,10,0,24,0,0,26,0,26,0,14,36,0,50,42,0,42,92
07/28/2018,SBY,MD,AEA,EN,Federal Contract Tower,0,16,7,0,23,0,1,33,0,34,0,17,40,0,57,20,0,20,77
07/29/2018,SBY,MD,AEA,EN,Federal Contract Tower,0,21,5,0,26,0,5,33,0,38,0,26,38,0,64,44,0,44,108
07/30/2018,SBY,MD,AEA,EN,Federal Contract Tower,0,16,5,0,21,0,0,0,0,0,0,16,5,0,21,0,0,0,21
07/31/2018,SBY,MD,AEA,EN,Federal Contract Tower,0,21,1,4,26,0,1,19,22,42,0,22,20,26,68,44,86,130,198
08/01/2018,SBY,MD,AEA,EN,Federal Contract Tower,0,19,4,0,23,0,2,15,9,26,0,21,19,9,49,14,44,58,107
08/02/2018,SBY,MD,AEA,EN,Federal Contract Tower,0,18,9,1,28,0,3,19,10,32,0,21,28,11,60,20,38,58,118
08/03/2018,SBY,MD,AEA,EN,Federal Contract Tower,0,21,10,0,31,0,0,13,2,15,0,21,23,2,46,54,0,54,100
08/04/2018,SBY,MD,AEA,EN,Federal Contract Tower,0,20,12,1,33,0,0,30,0,30,0,20,42,1,63,34,0,34,97
08/05/2018,SBY,MD,AEA,EN,Federal Contract Tower,0,15,9,2,26,0,0,50,0,50,0,15,59,2,76,54,0,54,130
08/06/2018,SBY,MD,AEA,EN,Federal Contract Tower,0,24,6,3,33,0,3,43,13,59,0,27,49,16,92,58,80,138,230
08/07/2018,SBY,MD,AEA,EN,Federal Contract Tower,0,24,8,6,38,0,0,48,26,74,0,24,56,32,112,28,76,104,216
08/08/2018,SBY,MD,AEA,EN,Federal Contract Tower,0,17,11,13,41,0,0,32,15,47,0,17,43,28,88,16,108,124,212
08/09/2018,SBY,MD,AEA,EN,Federal Contract Tower,0,17,11,0,28,0,3,43,26,72,0,20,54,26,100,28,48,76,176
08/10/2018,SBY,MD,AEA,EN,Federal Contract Tower,0,21,12,0,33,0,1,46,9,56,0,22,58,9,89,26,60,86,175
08/11/2018,SBY,MD,AEA,EN,Federal Contract Tower,0,14,14,0,28,0,1,31,0,32,0,15,45,0,60,38,0,38,98
08/12/2018,SBY,MD,AEA,EN,Federal Contract Tower,0,23,6,0,29,0,0,3,0,3,0,23,9,0,32,0,0,0,32
08/13/2018,SBY,MD,AEA,EN,Federal Contract Tower,0,27,9,0,36,0,18,20,20,58,0,45,29,20,94,10,66,76,170
08/14/2018,SBY,MD,AEA,EN,Federal Contract Tower,0,20,7,0,27,0,4,53,38,95,0,24,60,38,122,80,120,200,322
08/15/2018,SBY,MD,AEA,EN,Federal Contract Tower,0,22,5,3,30,0,4,64,14,82,0,26,69,17,112,36,56,92,204
08/16/2018,SBY,MD,AEA,EN,Federal Contract Tower,0,25,4,0,29,0,0,24,14,38,0,25,28,14,67,0,62,62,129
08/17/2018,SBY,MD,AEA,EN,Federal Contract Tower,0,21,7,0,28,0,0,32,0,32,0,21,39,0,60,24,0,24,84
08/18/2018,SBY,MD,AEA,EN,Federal Contract Tower,0,10,8,0,18,0,0,2,0,2,0,10,10,0,20,0,0,0,20
08/19/2018,SBY,MD,AEA,EN,Federal Contract Tower,0,19,6,0,25,0,1,19,0,20,0,20,25,0,45,14,0,14,59
08/20/2018,SBY,MD,AEA,EN,Federal Contract Tower,0,20,9,0,29,0,11,8,0,19,0,31,17,0,48,18,0,18,66
08/21/2018,SBY,MD,AEA,EN,Federal Contract Tower,0,22,5,0,27,0,0,8,0,8,0,22,13,0,35,12,0,12,47
08/22/2018,SBY,MD,AEA,EN,Federal Contract Tower,0,23,18,14,55,0,1,33,28,62,0,24,51,42,117,54,124,178,295
08/23/2018,SBY,MD,AEA,EN,Federal Contract Tower,0,20,12,6,38,0,27,47,6,80,0,47,59,12,118,22,24,46,164
08/24/2018,SBY,MD,AEA,EN,Federal Contract Tower,0,21,12,0,33,0,1,60,10,71,0,22,72,10,104,54,28,82,186
08/25/2018,SBY,MD,AEA,EN,Federal Contract Tower,0,14,5,0,19,0,6,42,0,48,0,20,47,0,67,12,0,12,79
08/26/2018,SBY,MD,AEA,EN,Federal Contract Tower,0,16,7,0,23,0,0,50,4,54,0,16,57,4,77,68,14,82,159
08/27/2018,SBY,MD,AEA,EN,Federal Contract Tower,0,17,9,2,28,0,0,36,8,44,0,17,45,10,72,34,34,68,140
08/28/2018,SBY,MD,AEA,EN,Federal Contract Tower,0,23,7,6,36,0,4,33,32,69,0,27,40,38,105,56,12,68,173
08/29/2018,SBY,MD,AEA,EN,Federal Contract Tower,0,22,12,0,34,0,11,53,10,74,0,33,65,10,108,40,28,68,176
08/30/2018,SBY,MD,AEA,EN,Federal Contract Tower,0,21,10,0,31,0,3,43,17,63,0,24,53,17,94,36,26,62,156
08/31/2018,SBY,MD,AEA,EN,Federal Contract Tower,0,19,4,2,25,0,2,21,0,23,0,21,25,2,48,28,0,28,76
09/01/2018,SBY,MD,AEA,EN,Federal Contract Tower,0,12,7,0,19,0,0,5,0,5,0,12,12,0,24,0,0,0,24
09/02/2018,SBY,MD,AEA,EN,Federal Contract Tower,0,12,4,0,16,0,5,5,0,10,0,17,9,0,26,0,0,0,26
09/03/2018,SBY,MD,AEA,EN,Federal Contract Tower,0,19,2,0,21,0,11,10,0,21,0,30,12,0,42,2,0,2,44
09/04/2018,SBY,MD,AEA,EN,Federal Contract Tower,0,17,6,2,25,0,1,43,10,54,0,18,49,12,79,28,22,50,129
09/05/2018,SBY,MD,AEA,EN,Federal Contract Tower,0,23,5,0,28,0,15,41,10,66,0,38,46,10,94,56,10,66,160
09/06/2018,SBY,MD,AEA,EN,Federal Contract Tower,0,20,11,0,31,0,2,63,8,73,0,22,74,8,104,72,80,152,256
09/07/2018,SBY,MD,AEA,EN,Federal Contract Tower,0,16,8,0,24,0,10,8,0,18,0,26,16,0,42,10,64,74,116
09/08/2018,SBY,MD,AEA,EN,Federal Contract Tower,0,10,5,0,15,0,0,2,0,2,0,10,7,0,17,0,0,0,17
09/09/2018,SBY,MD,AEA,EN,Federal Contract Tower,0,12,4,0,16,0,0,0,0,0,0,12,4,0,16,0,0,0,16
09/10/2018,SBY,MD,AEA,EN,Federal Contract Tower,0,24,7,0,31,0,0,0,0,0,0,24,7,0,31,0,0,0,31
09/11/2018,SBY,MD,AEA,EN,Federal Contract Tower,0,19,6,0,25,0,1,4,0,5,0,20,10,0,30,18,0,18,48
09/12/2018,SBY,MD,AEA,EN,Federal Contract Tower,0,22,5,8,35,0,0,10,16,26,0,22,15,24,61,20,24,44,105
09/13/2018,SBY,MD,AEA,EN,Federal Contract Tower,0,17,8,0,25,0,0,0,0,0,0,17,8,0,25,0,0,0,25
09/14/2018,SBY,MD,AEA,EN,Federal Contract Tower,0,15,2,0,17,0,9,0,0,9,0,24,2,0,26,0,0,0,26
09/15/2018,SBY,MD,AEA,EN,Federal Contract Tower,0,9,8,1,18,0,0,0,0,0,0,9,8,1,18,0,0,0,18
09/16/2018,SBY,MD,AEA,EN,Federal Contract Tower,0,12,4,0,16,0,3,2,0,5,0,15,6,0,21,0,0,0,21
09/17/2018,SBY,MD,AEA,EN,Federal Contract Tower,0,19,14,2,35,0,20,14,0,34,0,39,28,2,69,2,0,2,71
09/18/2018,SBY,MD,AEA,EN,Federal Contract Tower,0,24,4,5,33,0,16,11,16,43,0,40,15,21,76,12,34,46,122
09/19/2018,SBY,MD,AEA,EN,Federal Contract Tower,0,21,4,2,27,0,4,66,16,86,0,25,70,18,113,58,42,100,213
09/20/2018,SBY,MD,AEA,EN,Federal Contract Tower,0,20,7,0,27,0,4,23,2,29,0,24,30,2,56,28,4,32,88
09/21/2018,SBY,MD,AEA,EN,Federal Contract Tower,0,18,8,2,28,0,2,45,7,54,0,20,53,9,82,42,10,52,134
09/22/2018,SBY,MD,AEA,EN,Federal Contract Tower,0,10,9,0,19,0,0,12,0,12,0,10,21,0,31,12,0,12,43
09/23/2018,SBY,MD,AEA,EN,Federal Contract Tower,0,13,2,2,17,0,2,1,0,3,0,15,3,2,20,0,0,0,20
09/24/2018,SBY,MD,AEA,EN,Federal Contract Tower,0,20,4,10,34,0,4,0,0,4,0,24,4,10,38,0,0,0,38
09/25/2018,SBY,MD,AEA,EN,Federal Contract Tower,0,19,6,3,28,0,15,38,4,57,0,34,44,7,85,56,24,80,165
09/26/2018,SBY,MD,AEA,EN,Federal Contract Tower,0,20,17,10,47,0,3,38,23,64,0,23,55,33,111,38,60,98,209
09/27/2018,SBY,MD,AEA,EN,Federal Contract Tower,0,19,9,2,30,0,0,34,0,34,0,19,43,2,64,28,0,28,92
09/28/2018,SBY,MD,AEA,EN,Federal Contract Tower,0,17,11,9,37,0,0,41,4,45,0,17,52,13,82,24,34,58,140
09/29/2018,SBY,MD,AEA,EN,Federal Contract Tower,0,10,7,0,17,0,0,68,0,68,0,10,75,0,85,72,0,72,157
09/30/2018,SBY,MD,AEA,EN,Federal Contract Tower,0,14,3,0,17,0,2,54,0,56,0,16,57,0,73,48,0,48,121
10/01/2018,SBY,MD,AEA,EN,Federal Contract Tower,0,15,8,0,23,0,5,62,2,69,0,20,70,2,92,82,6,88,180
10/02/2018,SBY,MD,AEA,EN,Federal Contract Tower,0,18,4,0,22,0,4,69,14,87,0,22,73,14,109,70,38,108,217
10/03/2018,SBY,MD,AEA,EN,Federal Contract Tower,0,18,6,2,26,0,16,97,14,127,0,34,103,16,153,94,72,166,319
10/04/2018,SBY,MD,AEA,EN,Federal Contract Tower,0,21,10,1,32,0,0,55,8,63,0,21,65,9,95,60,22,82,177
10/05/2018,SBY,MD,AEA,EN,Federal Contract Tower,0,18,13,0,31,0,0,16,8,24,0,18,29,8,55,12,0,12,67
10/06/2018,SBY,MD,AEA,EN,Federal Contract Tower,0,13,8,0,21,0,2,7,0,9,0,15,15,0,30,8,0,8,38
10/07/2018,SBY,MD,AEA,EN,Federal Contract Tower,0,14,4,0,18,0,2,37,0,39,0,16,41,0,57,32,0,32,89
10/08/2018,SBY,MD,AEA,EN,Federal Contract Tower,0,22,10,0,32,0,0,57,0,57,0,22,67,0,89,92,0,92,181
10/09/2018,SBY,MD,AEA,EN,Federal Contract Tower,0,20,18,0,38,0,12,42,8,62,0,32,60,8,100,34,24,58,158
10/10/2018,SBY,MD,AEA,EN,Federal Contract Tower,0,23,4,2,29,0,10,42,20,72,0,33,46,22,101,22,66,88,189
10/11/2018,SBY,MD,AEA,EN,Federal Contract Tower,0,12,5,1,18,0,2,0,1,3,0,14,5,2,21,0,8,8,29
10/12/2018,SBY,MD,AEA,EN,Federal Contract Tower,0,14,3,2,19,0,1,28,18,47,0,15,31,20,66,20,72,92,158
10/13/2018,SBY,MD,AEA,EN,Federal Contract Tower,0,14,4,0,18,0,0,12,0,12,0,14,16,0,30,16,0,16,46
10/14/2018,SBY,MD,AEA,EN,Federal Contract Tower,0,15,8,0,23,0,2,18,0,20,0,17,26,0,43,10,0,10,53
10/15/2018,SBY,MD,AEA,EN,Federal Contract Tower,0,16,15,8,39,0,0,25,4,29,0,16,40,12,68,34,0,34,102
10/16/2018,SBY,MD,AEA,EN,Federal Contract Tower,0,19,23,0,42,0,6,70,50,126,0,25,93,50,168,78,152,230,398
10/17/2018,SBY,MD,AEA,EN,Federal Contract Tower,0,21,10,2,33,0,32,63,25,120,0,53,73,27,153,144,130,274,427
10/18/2018,SBY,MD,AEA,EN,Federal Contract Tower,0,18,8,4,30,0,1,43,33,77,0,19,51,37,107,52,110,162,269
10/19/2018,SBY,MD,AEA,EN,Federal Contract Tower,0,17,5,0,22,0,5,40,23,68,0,22,45,23,90,18,98,116,206
10/20/2018,SBY,MD,AEA,EN,Federal Contract Tower,0,12,9,0,21,0,0,10,0,10,0,12,19,0,31,22,0,22,53
10/21/2018,SBY,MD,AEA,EN,Federal Contract Tower,0,12,4,2,18,0,0,8,2,10,0,12,12,4,28,0,0,0,28
10/22/2018,SBY,MD,AEA,EN,Federal Contract Tower,0,17,8,9,34,0,2,50,29,81,0,19,58,38,115,52,106,158,273
10/23/2018,SBY,MD,AEA,EN,Federal Contract Tower,0,20,9,3,32,0,7,76,31,114,0,27,85,34,146,60,70,130,276
10/24/2018,SBY,MD,AEA,EN,Federal Contract Tower,0,23,1,2,26,0,2,37,14,53,0,25,38,16,79,18,42,60,139
10/25/2018,SBY,MD,AEA,EN,Federal Contract Tower,0,20,13,2,35,0,0,46,13,59,0,20,59,15,94,56,78,134,228
10/26/2018,SBY,MD,AEA,EN,Federal Contract Tower,0,19,2,0,21,0,0,15,6,21,0,19,17,6,42,0,14,14,56
10/27/2018,SBY,MD,AEA,EN,Federal Contract Tower,0,11,3,0,14,0,0,0,0,0,0,11,3,0,14,0,0,0,14
10/28/2018,SBY,MD,AEA,EN,Federal Contract Tower,0,12,4,0,16,0,2,32,0,34,0,14,36,0,50,22,0,22,72
10/29/2018,SBY,MD,AEA,EN,Federal Contract Tower,0,15,19,2,36,0,7,26,14,47,0,22,45,16,83,46,82,128,211
10/30/2018,SBY,MD,AEA,EN,Federal Contract Tower,0,20,11,4,35,0,1,63,10,74,0,21,74,14,109,106,66,172,281
10/31/2018,SBY,MD,AEA,EN,Federal Contract Tower,0,22,4,3,29,0,0,47,33,80,0,22,51,36,109,30,82,112,221
11/01/2018,SBY,MD,AEA,EN,Federal Contract Tower,0,18,9,2,29,0,8,35,26,69,0,26,44,28,98,8,82,90,188
11/02/2018,SBY,MD,AEA,EN,Federal Contract Tower,0,17,6,0,23,0,0,0,4,4,0,17,6,4,27,0,0,0,27
11/03/2018,SBY,MD,AEA,EN,Federal Contract Tower,0,11,2,0,13,0,4,5,0,9,0,15,7,0,22,24,0,24,46
11/04/2018,SBY,MD,AEA,EN,Federal Contract Tower,0,17,9,0,26,0,3,61,2,66,0,20,70,2,92,78,0,78,170
11/05/2018,SBY,MD,AEA,EN,Federal Contract Tower,0,19,5,0,24,0,0,0,0,0,0,19,5,0,24,0,0,0,24
11/06/2018,SBY,MD,AEA,EN,Federal Contract Tower,0,16,8,0,24,0,0,4,0,4,0,16,12,0,28,6,0,6,34
11/07/2018,SBY,MD,AEA,EN,Federal Contract Tower,0,20,2,2,24,0,7,65,22,94,0,27,67,24,118,154,66,220,338
11/08/2018,SBY,MD,AEA,EN,Federal Contract Tower,0,23,5,1,29,0,0,113,21,134,0,23,118,22,163,300,66,366,529
11/09/2018,SBY,MD,AEA,EN,Federal Contract Tower,0,16,1,1,18,0,4,7,0,11,0,20,8,1,29,10,0,10,39
11/10/2018,SBY,MD,AEA,EN,Federal Contract Tower,0,10,1,0,11,0,0,3,0,3,0,10,4,0,14,4,0,4,18
11/11/2018,SBY,MD,AEA,EN,Federal Contract Tower,0,13,4,0,17,0,3,58,2,63,0,16,62,2,80,72,0,72,152
11/12/2018,SBY,MD,AEA,EN,Federal Contract Tower,0,17,7,2,26,0,0,33,0,33,0,17,40,2,59,94,0,94,153
11/13/2018,SBY,MD,AEA,EN,Federal Contract Tower,0,18,5,0,23,0,2,2,0,4,0,20,7,0,27,2,0,2,29
11/14/2018,SBY,MD,AEA,EN,Federal Contract Tower,0,15,7,0,22,0,11,78,0,89,0,26,85,0,111,206,0,206,317
11/15/2018,SBY,MD,AEA,EN,Federal Contract Tower,0,15,1,2,18,0,0,0,0,0,0,15,1,2,18,0,0,0,18
11/16/2018,SBY,MD,AEA,EN,Federal Contract Tower,0,18,17,11,46,0,0,28,20,48,0,18,45,31,94,54,62,116,210
11/17/2018,SBY,MD,AEA,EN,Federal Contract Tower,0,15,1,0,16,0,0,83,0,83,0,15,84,0,99,262,0,262,361
11/18/2018,SBY,MD,AEA,EN,Federal Contract Tower,0,15,7,2,24,0,31,58,0,89,0,46,65,2,113,74,0,74,187
11/19/2018,SBY,MD,AEA,EN,Federal Contract Tower,0,14,8,0,22,0,14,39,4,57,0,28,47,4,79,100,22,122,201
11/20/2018,SBY,MD,AEA,EN,Federal Contract Tower,0,22,6,2,30,0,10,74,28,112,0,32,80,30,142,160,60,220,362
11/21/2018,SBY,MD,AEA,EN,Federal Contract Tower,0,23,6,0,29,0,0,55,8,63,0,23,61,8,92,24,32,56,148
11/22/2018,SBY,MD,AEA,EN,Federal Contract Tower,0,9,0,0,9,0,0,3,0,3,0,9,3,0,12,0,0,0,12
11/23/2018,SBY,MD,AEA,EN,Federal Contract Tower,0,13,7,0,20,0,3,26,0,29,0,16,33,0,49,8,0,8,57
11/24/2018,SBY,MD,AEA,EN,Federal Contract Tower,0,12,2,0,14,0,0,2,0,2,0,12,4,0,16,0,0,0,16
11/25/2018,SBY,MD,AEA,EN,Federal Contract Tower,0,17,7,0,24,0,14,43,0,57,0,31,50,0,81,24,0,24,105
11/26/2018,SBY,MD,AEA,EN,Federal Contract Tower,0,21,6,8,35,0,0,5,0,5,0,21,11,8,40,0,0,0,40
11/27/2018,SBY,MD,AEA,EN,Federal Contract Tower,0,21,1,2,24,0,24,33,30,87,0,45,34,32,111,20,84,104,215
11/28/2018,SBY,MD,AEA,EN,Federal Contract Tower,0,19,11,1,31,0,19,13,9,41,0,38,24,10,72,16,16,32,104
11/29/2018,SBY,MD,AEA,EN,Federal Contract Tower,0,19,11,4,34,0,13,70,8,91,0,32,81,12,125,136,14,150,275
11/30/2018,SBY,MD,AEA,EN,Federal Contract Tower,0,20,12,3,35,0,4,56,4,64,0,24,68,7,99,50,8,58,157
12/01/2018,SBY,MD,AEA,EN,Federal Contract Tower,0,11,1,0,12,0,4,26,0,30,0,15,27,0,42,44,0,44,86
12/02/2018,SBY,MD,AEA,EN,Federal Contract Tower,0,17,0,0,17,0,0,0,0,0,0,17,0,0,17,0,0,0,17
12/03/2018,SBY,MD,AEA,EN,Federal Contract Tower,0,25,4,10,39,0,0,36,10,46,0,25,40,20,85,42,46,88,173
12/04/2018,SBY,MD,AEA,EN,Federal Contract Tower,0,20,8,5,33,0,7,36,43,86,0,27,44,48,119,68,116,184,303
12/05/2018,SBY,MD,AEA,EN,Federal Contract Tower,0,22,8,7,37,0,2,37,10,49,0,24,45,17,86,20,66,86,172
12/06/2018,SBY,MD,AEA,EN,Federal Contract Tower,0,18,7,2,27,0,13,73,16,102,0,31,80,18,129,70,20,90,219
12/07/2018,SBY,MD,AEA,EN,Federal Contract Tower,0,17,3,6,26,0,0,18,21,39,0,17,21,27,65,30,76,106,171
12/08/2018,SBY,MD,AEA,EN,Federal Contract Tower,0,12,4,2,18,0,0,44,0,44,0,12,48,2,62,44,24,68,130
12/09/2018,SBY,MD,AEA,EN,Federal Contract Tower,0,10,0,0,10,0,0,14,0,14,0,10,14,0,24,16,0,16,40
12/10/2018,SBY,MD,AEA,EN,Federal Contract Tower,0,18,6,5,29,0,12,38,7,57,0,30,44,12,86,36,30,66,152
12/11/2018,SBY,MD,AEA,EN,Federal Contract Tower,0,28,7,2,37,0,7,47,18,72,0,35,54,20,109,62,32,94,203
12/12/2018,SBY,MD,AEA,EN,Federal Contract Tower,0,21,11,5,37,0,10,79,25,114,0,31,90,30,151,76,38,114,265
12/13/2018,SBY,MD,AEA,EN,Federal Contract Tower,0,21,10,7,38,0,7,47,2,56,0,28,57,9,94,22,20,42,136
12/14/2018,SBY,MD,AEA,EN,Federal Contract Tower,0,20,4,0,24,0,0,1,0,1,0,20,5,0,25,0,0,0,25
12/15/2018,SBY,MD,AEA,EN,Federal Contract Tower,0,11,2,0,13,0,0,0,0,0,0,11,2,0,13,0,0,0,13
12/16/2018,SBY,MD,AEA,EN,Federal Contract Tower,0,17,5,0,22,0,29,0,0,29,0,46,5,0,51,0,0,0,51
12/17/2018,SBY,MD,AEA,EN,Federal Contract Tower,0,19,10,4,33,0,21,32,50,103,0,40,42,54,136,18,108,126,262
12/18/2018,SBY,MD,AEA,EN,Federal Contract Tower,0,27,8,0,35,0,27,46,12,85,0,54,54,12,120,56,42,98,218
12/19/2018,SBY,MD,AEA,EN,Federal Contract Tower,0,19,7,2,28,0,4,59,23,86,0,23,66,25,114,104,94,198,312
12/20/2018,SBY,MD,AEA,EN,Federal Contract Tower,0,20,2,0,22,0,0,0,0,0,0,20,2,0,22,0,0,0,22
12/21/2018,SBY,MD,AEA,EN,Federal Contract Tower,0,19,1,0,20,0,0,0,0,0,0,19,1,0,20,0,0,0,20
12/22/2018,SBY,MD,AEA,EN,Federal Contract Tower,0,11,3,0,14,0,0,3,0,3,0,11,6,0,17,0,0,0,17
12/23/2018,SBY,MD,AEA,EN,Federal Contract Tower,0,13,5,0,18,0,0,30,0,30,0,13,35,0,48,26,0,26,74
12/24/2018,SBY,MD,AEA,EN,Federal Contract Tower,0,14,0,0,14,0,0,11,0,11,0,14,11,0,25,0,0,0,25
12/25/2018,SBY,MD,AEA,EN,Federal Contract Tower,0,12,0,0,12,0,0,0,0,0,0,12,0,0,12,0,0,0,12
12/26/2018,SBY,MD,AEA,EN,Federal Contract Tower,0,18,6,0,24,0,9,18,0,27,0,27,24,0,51,22,0,22,73
12/27/2018,SBY,MD,AEA,EN,Federal Contract Tower,0,19,6,0,25,0,0,29,0,29,0,19,35,0,54,28,0,28,82
12/28/2018,SBY,MD,AEA,EN,Federal Contract Tower,0,21,0,0,21,0,0,0,0,0,0,21,0,0,21,0,0,0,21
12/29/2018,SBY,MD,AEA,EN,Federal Contract Tower,0,14,2,0,16,0,0,10,2,12,0,14,12,2,28,8,0,8,36
12/30/2018,SBY,MD,AEA,EN,Federal Contract Tower,0,13,3,0,16,0,2,3,0,5,0,15,6,0,21,2,0,2,23
12/31/2018,SBY,MD,AEA,EN,Federal Contract Tower,0,13,0,0,13,0,0,5,0,5,0,13,5,0,18,10,0,10,28
01/01/2019,SBY,MD,AEA,EN,Federal Contract Tower,0,11,4,0,15,0,0,11,0,11,0,11,15,0,26,0,0,0,26
01/02/2019,SBY,MD,AEA,EN,Federal Contract Tower,0,18,5,0,23,0,17,54,4,75,0,35,59,4,98,42,12,54,152
01/03/2019,SBY,MD,AEA,EN,Federal Contract Tower,0,18,5,4,27,0,3,22,9,34,0,21,27,13,61,30,56,86,147
01/04/2019,SBY,MD,AEA,EN,Federal Contract Tower,0,19,2,12,33,0,2,46,30,78,0,21,48,42,111,76,76,152,263
01/05/2019,SBY,MD,AEA,EN,Federal Contract Tower,0,10,2,0,12,0,0,0,0,0,0,10,2,0,12,0,0,0,12
01/06/2019,SBY,MD,AEA,EN,Federal Contract Tower,0,12,3,0,15,0,0,6,0,6,0,12,9,0,21,4,0,4,25
01/07/2019,SBY,MD,AEA,EN,Federal Contract Tower,0,13,9,2,24,0,50,31,8,89,0,63,40,10,113,44,74,118,231
01/08/2019,SBY,MD,AEA,EN,Federal Contract Tower,0,18,13,4,35,0,16,38,4,58,0,34,51,8,93,38,0,38,131
01/09/2019,SBY,MD,AEA,EN,Federal Contract Tower,0,16,2,6,24,0,19,15,18,52,0,35,17,24,76,26,132,158,234
01/10/2019,SBY,MD,AEA,EN,Federal Contract Tower,0,16,5,3,24,0,2,8,3,13,0,18,13,6,37,24,22,46,83
01/11/2019,SBY,MD,AEA,EN,Federal Contract Tower,0,18,5,0,23,0,28,73,0,101,0,46,78,0,124,112,0,112,236
01/12/2019,SBY,MD,AEA,EN,Federal Contract Tower,0,8,5,2,15,0,2,11,3,16,0,10,16,5,31,0,10,10,41
01/13/2019,SBY,MD,AEA,EN,Federal Contract Tower,0,9,0,0,9,0,0,0,0,0,0,9,0,0,9,0,0,0,9
01/14/2019,SBY,MD,AEA,EN,Federal Contract Tower,0,17,5,6,28,0,0,15,12,27,0,17,20,18,55,0,0,0,55
01/15/2019,SBY,MD,AEA,EN,Federal Contract Tower,0,18,9,6,33,0,0,63,6,69,0,18,72,12,102,76,26,102,204
01/16/2019,SBY,MD,AEA,EN,Federal Contract Tower,0,20,8,2,30,0,4,38,5,47,0,24,46,7,77,44,42,86,163
01/17/2019,SBY,MD,AEA,EN,Federal Contract Tower,0,16,2,8,26,0,4,34,22,60,0,20,36,30,86,42,82,124,210
01/18/2019,SBY,MD,AEA,EN,Federal Contract Tower,0,18,1,10,29,0,9,30,18,57,0,27,31,28,86,26,66,92,178
01/19/2019,SBY,MD,AEA,EN,Federal Contract Tower,0,15,5,2,22,0,6,9,13,28,0,21,14,15,50,0,60,60,110
01/20/2019,SBY,MD,AEA,EN,Federal Contract Tower,0,13,2,0,15,0,0,0,0,0,0,13,2,0,15,0,0,0,15
01/21/2019,SBY,MD,AEA,EN,Federal Contract Tower,0,17,1,0,18,0,2,0,0,2,0,19,1,0,20,0,0,0,20
01/22/2019,SBY,MD,AEA,EN,Federal Contract Tower,0,16,10,4,30,0,4,55,18,77,0,20,65,22,107,24,80,104,211
01/23/2019,SBY,MD,AEA,EN,Federal Contract Tower,0,17,4,15,36,0,7,18,9,34,0,24,22,24,70,4,68,72,142
01/24/2019,SBY,MD,AEA,EN,Federal Contract Tower,0,16,3,4,23,0,0,2,0,2,0,16,5,4,25,8,0,8,33
01/25/2019,SBY,MD,AEA,EN,Federal Contract Tower,0,15,6,2,23,0,7,41,8,56,0,22,47,10,79,18,62,80,159
01/26/2019,SBY,MD,AEA,EN,Federal Contract Tower,0,10,0,0,10,0,0,21,0,21,0,10,21,0,31,26,0,26,57
01/27/2019,SBY,MD,AEA,EN,Federal Contract Tower,0,12,4,0,16,0,2,39,0,41,0,14,43,0,57,54,0,54,111
01/28/2019,SBY,MD,AEA,EN,Federal Contract Tower,0,15,11,4,30,0,10,44,32,86,0,25,55,36,116,32,166,198,314
01/29/2019,SBY,MD,AEA,EN,Federal Contract Tower,0,21,3,2,26,0,2,13,8,23,0,23,16,10,49,10,48,58,107
01/30/2019,SBY,MD,AEA,EN,Federal Contract Tower,0,20,7,0,27,0,5,17,12,34,0,25,24,12,61,0,38,38,99
01/31/2019,SBY,MD,AEA,EN,Federal Contract Tower,0,24,9,0,33,0,9,24,7,40,0,33,33,7,73,44,44,88,161
02/01/2019,SBY,MD,AEA,EN,Federal Contract Tower,0,16,2,0,18,0,3,2,0,5,0,19,4,0,23,6,0,6,29
02/02/2019,SBY,MD,AEA,EN,Federal Contract Tower,0,11,4,0,15,0,0,43,0,43,0,11,47,0,58,54,0,54,112
02/03/2019,SBY,MD,AEA,EN,Federal Contract Tower,0,11,4,0,15,0,2,72,0,74,0,13,76,0,89,76,0,76,165
02/04/2019,SBY,MD,AEA,EN,Federal Contract Tower,0,18,9,3,30,0,10,31,13,54,0,28,40,16,84,20,46,66,150
02/05/2019,SBY,MD,AEA,EN,Federal Contract Tower,0,19,3,0,22,0,9,73,30,112,0,28,76,30,134,36,74,110,244
02/06/2019,SBY,MD,AEA,EN,Federal Contract Tower,0,18,3,6,27,0,9,63,16,88,0,27,66,22,115,40,62,102,217
02/07/2019,SBY,MD,AEA,EN,Federal Contract Tower,0,16,11,4,31,0,32,4,4,40,0,48,15,8,71,32,42,74,145
02/08/2019,SBY,MD,AEA,EN,Federal Contract Tower,0,18,7,0,25,0,0,25,6,31,0,18,32,6,56,0,58,58,114
02/09/2019,SBY,MD,AEA,EN,Federal Contract Tower,0,8,6,0,14,0,6,10,14,30,0,14,16,14,44,16,38,54,98
02/10/2019,SBY,MD,AEA,EN,Federal Contract Tower,0,13,7,4,24,0,0,49,14,63,0,13,56,18,87,76,44,120,207
02/11/2019,SBY,MD,AEA,EN,Federal Contract Tower,0,13,0,0,13,0,0,0,0,0,0,13,0,0,13,0,0,0,13
02/12/2019,SBY,MD,AEA,EN,Federal Contract Tower,0,19,2,0,21,0,0,0,0,0,0,19,2,0,21,0,0,0,21
02/13/2019,SBY,MD,AEA,EN,Federal Contract Tower,0,19,1,0,20,0,8,41,32,81,0,27,42,32,101,42,70,112,213
02/14/2019,SBY,MD,AEA,EN,Federal Contract Tower,0,18,17,0,35,0,7,75,36,118,0,25,92,36,153,96,152,248,401
02/15/2019,SBY,MD,AEA,EN,Federal Contract Tower,0,17,3,2,22,0,2,33,4,39,0,19,36,6,61,18,22,40,101
02/16/2019,SBY,MD,AEA,EN,Federal Contract Tower,0,8,1,0,9,0,0,8,0,8,0,8,9,0,17,2,0,2,19
02/17/2019,SBY,MD,AEA,EN,Federal Contract Tower,0,11,4,0,15,0,0,19,0,19,0,11,23,0,34,0,0,0,34
02/18/2019,SBY,MD,AEA,EN,Federal Contract Tower,0,14,6,0,20,0,0,16,0,16,0,14,22,0,36,38,0,38,74
02/19/2019,SBY,MD,AEA,EN,Federal Contract Tower,0,19,14,4,37,0,10,102,20,132,0,29,116,24,169,74,28,102,271
02/20/2019,SBY,MD,AEA,EN,Federal Contract Tower,0,19,2,0,21,0,0,2,0,2,0,19,4,0,23,0,0,0,23
02/21/2019,SBY,MD,AEA,EN,Federal Contract Tower,0,18,2,9,29,0,0,41,31,72,0,18,43,40,101,58,94,152,253
02/22/2019,SBY,MD,AEA,EN,Federal Contract Tower,0,15,3,8,26,0,11,47,6,64,0,26,50,14,90,76,34,110,200
02/23/2019,SBY,MD,AEA,EN,Federal Contract Tower,0,7,3,0,10,0,0,17,0,17,0,7,20,0,27,16,0,16,43
02/24/2019,SBY,MD,AEA,EN,Federal Contract Tower,0,11,0,0,11,0,6,2,0,8,0,17,2,0,19,0,0,0,19
02/25/2019,SBY,MD,AEA,EN,Federal Contract Tower,0,12,0,0,12,0,5,0,0,5,0,17,0,0,17,0,0,0,17
02/26/2019,SBY,MD,AEA,EN,Federal Contract Tower,0,19,7,2,28,0,15,98,20,133,0,34,105,22,161,140,72,212,373
02/27/2019,SBY,MD,AEA,EN,Federal Contract Tower,0,17,6,0,23,0,2,57,20,79,0,19,63,20,102,90,44,134,236
02/28/2019,SBY,MD,AEA,EN,Federal Contract Tower,0,18,9,2,29,0,0,60,20,80,0,18,69,22,109,162,74,236,345
03/01/2019,SBY,MD,AEA,EN,Federal Contract Tower,0,18,3,0,21,0,0,0,0,0,0,18,3,0,21,0,0,0,21
03/02/2019,SBY,MD,AEA,EN,Federal Contract Tower,0,10,0,0,10,0,0,0,0,0,0,10,0,0,10,0,0,0,10
03/03/2019,SBY,MD,AEA,EN,Federal Contract Tower,0,11,0,0,11,0,0,4,0,4,0,11,4,0,15,18,0,18,33
03/04/2019,SBY,MD,AEA,EN,Federal Contract Tower,0,14,5,4,23,0,0,33,10,43,0,14,38,14,66,64,20,84,150
03/05/2019,SBY,MD,AEA,EN,Federal Contract Tower,0,20,7,2,29,0,0,98,22,120,0,20,105,24,149,102,88,190,339
03/06/2019,SBY,MD,AEA,EN,Federal Contract Tower,0,16,4,0,20,0,0,35,14,49,0,16,39,14,69,34,66,100,169
03/07/2019,SBY,MD,AEA,EN,Federal Contract Tower,0,15,19,2,36,0,8,67,21,96,0,23,86,23,132,134,80,214,346
03/08/2019,SBY,MD,AEA,EN,Federal Contract Tower,0,15,4,0,19,0,2,2,0,4,0,17,6,0,23,0,0,0,23
03/09/2019,SBY,MD,AEA,EN,Federal Contract Tower,0,9,0,0,9,0,2,1,0,3,0,11,1,0,12,4,0,4,16
03/10/2019,SBY,MD,AEA,EN,Federal Contract Tower,0,13,6,0,19,0,1,2,0,3,0,14,8,0,22,0,0,0,22
03/11/2019,SBY,MD,AEA,EN,Federal Contract Tower,0,14,1,2,17,0,48,30,58,136,0,62,31,60,153,62,148,210,363
03/12/2019,SBY,MD,AEA,EN,Federal Contract Tower,0,18,9,0,27,0,2,103,74,179,0,20,112,74,206,82,174,256,462
03/13/2019,SBY,MD,AEA,EN,Federal Contract Tower,0,17,2,0,19,0,4,67,19,90,0,21,69,19,109,86,58,144,253
03/14/2019,SBY,MD,AEA,EN,Federal Contract Tower,0,18,12,2,32,0,1,41,11,53,0,19,53,13,85,40,42,82,167
03/15/2019,SBY,MD,AEA,EN,Federal Contract Tower,0,16,5,0,21,0,0,7,13,20,0,16,12,13,41,0,26,26,67
03/16/2019,SBY,MD,AEA,EN,Federal Contract Tower,0,10,4,0,14,0,2,14,0,16,0,12,18,0,30,16,0,16,46
03/17/2019,SBY,MD,AEA,EN,Federal Contract Tower,0,14,6,0,20,0,0,39,0,39,0,14,45,0,59,32,0,32,91
03/18/2019,SBY,MD,AEA,EN,Federal Contract Tower,0,14,6,0,20,0,31,33,10,74,0,45,39,10,94,18,64,82,176
03/19/2019,SBY,MD,AEA,EN,Federal Contract Tower,0,16,10,4,30,0,22,102,42,166,0,38,112,46,196,122,90,212,408
03/20/2019,SBY,MD,AEA,EN,Federal Contract Tower,0,18,10,5,33,0,7,50,9,66,0,25,60,14,99,56,48,104,203
03/21/2019,SBY,MD,AEA,EN,Federal Contract Tower,0,20,8,0,28,0,0,0,0,0,0,20,8,0,28,0,0,0,28
03/22/2019,SBY,MD,AEA,EN,Federal Contract Tower,0,16,5,1,22,0,16,7,5,28,0,32,12,6,50,4,16,20,70
03/23/2019,SBY,MD,AEA,EN,Federal Contract Tower,0,10,2,0,12,0,0,0,0,0,0,10,2,0,12,0,0,0,12
03/24/2019,SBY,MD,AEA,EN,Federal Contract Tower,0,10,5,0,15,0,1,71,2,74,0,11,76,2,89,104,2,106,195
03/25/2019,SBY,MD,AEA,EN,Federal Contract Tower,0,15,6,0,21,0,6,43,22,71,0,21,49,22,92,52,70,122,214
03/26/2019,SBY,MD,AEA,EN,Federal Contract Tower,0,18,6,2,26,0,6,49,2,57,0,24,55,4,83,158,72,230,313
03/27/2019,SBY,MD,AEA,EN,Federal Contract Tower,0,18,14,5,37,0,16,71,36,123,0,34,85,41,160,98,144,242,402
03/28/2019,SBY,MD,AEA,EN,Federal Contract Tower,0,16,8,0,24,0,18,67,4,89,0,34,75,4,113,122,42,164,277
03/29/2019,SBY,MD,AEA,EN,Federal Contract Tower,0,16,5,0,21,0,0,51,14,65,0,16,56,14,86,108,0,108,194
03/30/2019,SBY,MD,AEA,EN,Federal Contract Tower,0,10,10,0,20,0,0,41,0,41,0,10,51,0,61,46,0,46,107
03/31/2019,SBY,MD,AEA,EN,Federal Contract Tower,0,17,2,0,19,0,0,1,0,1,0,17,3,0,20,0,0,0,20
04/01/2019,SBY,MD,AEA,EN,Federal Contract Tower,0,13,9,0,22,0,25,22,16,63,0,38,31,16,85,22,28,50,135
04/02/2019,SBY,MD,AEA,EN,Federal Contract Tower,0,16,8,0,24,0,22,41,16,79,0,38,49,16,103,56,44,100,203
04/03/2019,SBY,MD,AEA,EN,Federal Contract Tower,0,16,4,0,20,0,26,32,18,76,0,42,36,18,96,34,58,92,188
04/04/2019,SBY,MD,AEA,EN,Federal Contract Tower,0,16,11,0,27,0,12,107,6,125,0,28,118,6,152,190,26,216,368
04/05/2019,SBY,MD,AEA,EN,Federal Contract Tower,0,15,4,0,19,0,0,6,2,8,0,15,10,2,27,20,0,20,47
04/06/2019,SBY,MD,AEA,EN,Federal Contract Tower,0,7,9,0,16,0,0,2,0,2,0,7,11,0,18,14,0,14,32
04/07/2019,SBY,MD,AEA,EN,Federal Contract Tower,0,11,2,0,13,0,3,42,0,45,0,14,44,0,58,34,0,34,92
04/08/2019,SBY,MD,AEA,EN,Federal Contract Tower,0,13,8,4,25,0,12,29,0,41,0,25,37,4,66,4,0,4,70
04/09/2019,SBY,MD,AEA,EN,Federal Contract Tower,0,15,7,2,24,0,8,32,24,64,0,23,39,26,88,44,38,82,170
04/10/2019,SBY,MD,AEA,EN,Federal Contract Tower,0,19,9,2,30,0,18,69,25,112,0,37,78,27,142,36,68,104,246
04/11/2019,SBY,MD,AEA,EN,Federal Contract Tower,0,19,5,0,24,0,22,84,16,122,0,41,89,16,146,94,22,116,262
04/12/2019,SBY,MD,AEA,EN,Federal Contract Tower,0,13,2,1,16,0,0,17,6,23,0,13,19,7,39,18,20,38,77
04/13/2019,SBY,MD,AEA,EN,Federal Contract Tower,0,7,6,0,13,0,2,0,0,2,0,9,6,0,15,0,0,0,15
04/14/2019,SBY,MD,AEA,EN,Federal Contract Tower,0,8,1,0,9,0,0,2,0,2,0,8,3,0,11,0,0,0,11
04/15/2019,SBY,MD,AEA,EN,Federal Contract Tower,0,15,1,0,16,0,9,16,8,33,0,24,17,8,49,6,30,36,85
04/16/2019,SBY,MD,AEA,EN,Federal Contract Tower,0,17,10,0,27,0,11,59,26,96,0,28,69,26,123,70,66,136,259
04/17/2019,SBY,MD,AEA,EN,Federal Contract Tower,0,20,4,1,25,0,5,64,24,93,0,25,68,25,118,50,74,124,242
04/18/2019,SBY,MD,AEA,EN,Federal Contract Tower,0,20,6,0,26,0,0,31,14,45,0,20,37,14,71,30,76,106,177
04/19/2019,SBY,MD,AEA,EN,Federal Contract Tower,0,12,4,0,16,0,0,0,0,0,0,12,4,0,16,0,0,0,16
04/20/2019,SBY,MD,AEA,EN,Federal Contract Tower,0,9,7,0,16,0,2,1,0,3,0,11,8,0,19,0,0,0,19
04/21/2019,SBY,MD,AEA,EN,Federal Contract Tower,0,10,9,0,19,0,2,8,0,10,0,12,17,0,29,2,0,2,31
04/22/2019,SBY,MD,AEA,EN,Federal Contract Tower,0,12,4,0,16,0,6,36,18,60,0,18,40,18,76,40,26,66,142
04/23/2019,SBY,MD,AEA,EN,Federal Contract Tower,0,18,6,8,32,0,16,96,2,114,0,34,102,10,146,74,24,98,244
04/24/2019,SBY,MD,AEA,EN,Federal Contract Tower,0,22,13,1,36,0,20,37,7,64,0,42,50,8,100,16,58,74,174
04/25/2019,SBY,MD,AEA,EN,Federal Contract Tower,0,20,8,2,30,0,0,21,4,25,0,20,29,6,55,32,62,94,149
04/26/2019,SBY,MD,AEA,EN,Federal Contract Tower,0,17,0,11,28,0,6,5,1,12,0,23,5,12,40,0,14,14,54
04/27/2019,SBY,MD,AEA,EN,Federal Contract Tower,0,8,0,0,8,0,4,6,0,10,0,12,6,0,18,0,0,0,18
04/28/2019,SBY,MD,AEA,EN,Federal Contract Tower,0,11,7,0,18,0,4,15,0,19,0,15,22,0,37,0,0,0,37
04/29/2019,SBY,MD,AEA,EN,Federal Contract Tower,0,13,20,6,39,0,16,30,8,54,0,29,50,14,93,46,52,98,191
04/30/2019,SBY,MD,AEA,EN,Federal Contract Tower,0,18,8,1,27,0,14,76,9,99,0,32,84,10,126,126,6,132,258
05/01/2019,SBY,MD,AEA,EN,Federal Contract Tower,0,20,8,7,35,0,2,29,11,42,0,22,37,18,77,34,74,108,185
05/02/2019,SBY,MD,AEA,EN,Federal Contract Tower,0,17,5,0,22,0,2,55,12,69,0,19,60,12,91,68,48,116,207
05/03/2019,SBY,MD,AEA,EN,Federal Contract Tower,0,15,16,0,31,0,1,42,10,53,0,16,58,10,84,116,32,148,232
05/04/2019,SBY,MD,AEA,EN,Federal Contract Tower,0,14,15,0,29,0,3,7,0,10,0,17,22,0,39,22,0,22,61
05/05/2019,SBY,MD,AEA,EN,Federal Contract Tower,0,11,7,0,18,0,0,0,0,0,0,11,7,0,18,0,0,0,18
05/06/2019,SBY,MD,AEA,EN,Federal Contract Tower,0,13,8,0,21,0,0,32,16,48,0,13,40,16,69,32,56,88,157
05/07/2019,SBY,MD,AEA,EN,Federal Contract Tower,0,20,10,1,31,0,7,84,27,118,0,27,94,28,149,112,88,200,349
05/08/2019,SBY,MD,AEA,EN,Federal Contract Tower,0,16,7,2,25,0,30,40,4,74,0,46,47,6,99,72,28,100,199
05/09/2019,SBY,MD,AEA,EN,Federal Contract Tower,0,17,13,4,34,0,8,22,2,32,0,25,35,6,66,50,8,58,124
05/10/2019,SBY,MD,AEA,EN,Federal Contract Tower,0,17,8,0,25,0,37,10,0,47,0,54,18,0,72,44,24,68,140
05/11/2019,SBY,MD,AEA,EN,Federal Contract Tower,0,10,8,0,18,0,0,42,0,42,0,10,50,0,60,64,0,64,124
05/12/2019,SBY,MD,AEA,EN,Federal Contract Tower,0,10,1,0,11,0,0,0,0,0,0,10,1,0,11,0,0,0,11
05/13/2019,SBY,MD,AEA,EN,Federal Contract Tower,0,14,4,0,18,0,2,0,0,2,0,16,4,0,20,0,0,0,20
05/14/2019,SBY,MD,AEA,EN,Federal Contract Tower,0,19,7,1,27,0,3,35,11,49,0,22,42,12,76,42,30,72,148
05/15/2019,SBY,MD,AEA,EN,Federal Contract Tower,0,19,7,5,31,0,18,86,33,137,0,37,93,38,168,70,62,132,300
05/16/2019,SBY,MD,AEA,EN,Federal Contract Tower,0,20,2,2,24,0,0,52,18,70,0,20,54,20,94,74,36,110,204
05/17/2019,SBY,MD,AEA,EN,Federal Contract Tower,0,20,10,0,30,0,16,62,24,102,0,36,72,24,132,62,62,124,256
05/18/2019,SBY,MD,AEA,EN,Federal Contract Tower,0,12,17,0,29,0,0,288,8,296,0,12,305,8,325,0,12,12,337
05/19/2019,SBY,MD,AEA,EN,Federal Contract Tower,0,15,8,0,23,0,0,33,0,33,0,15,41,0,56,12,0,12,68
05/20/2019,SBY,MD,AEA,EN,Federal Contract Tower,0,14,6,0,20,0,0,46,0,46,0,14,52,0,66,54,0,54,120
05/21/2019,SBY,MD,AEA,EN,Federal Contract Tower,0,18,3,2,23,0,3,32,36,71,0,21,35,38,94,36,112,148,242
05/22/2019,SBY,MD,AEA,EN,Federal Contract Tower,0,17,10,0,27,0,23,52,2,77,0,40,62,2,104,96,10,106,210
05/23/2019,SBY,MD,AEA,EN,Federal Contract Tower,0,21,14,2,37,0,8,11,13,32,0,29,25,15,69,10,78,88,157
05/24/2019,SBY,MD,AEA,EN,Federal Contract Tower,0,20,8,2,30,0,4,34,8,46,0,24,42,10,76,6,28,34,110
05/25/2019,SBY,MD,AEA,EN,Federal Contract Tower,0,12,3,0,15,0,0,18,0,18,0,12,21,0,33,4,0,4,37
05/26/2019,SBY,MD,AEA,EN,Federal Contract Tower,0,6,4,0,10,0,2,10,0,12,0,8,14,0,22,16,0,16,38
05/27/2019,SBY,MD,AEA,EN,Federal Contract Tower,0,12,7,0,19,0,8,33,0,41,0,20,40,0,60,0,0,0,60
05/28/2019,SBY,MD,AEA,EN,Federal Contract Tower,0,17,12,0,29,0,4,17,12,33,0,21,29,12,62,14,16,30,92
05/29/2019,SBY,MD,AEA,EN,Federal Contract Tower,0,19,15,4,38,0,5,54,20,79,0,24,69,24,117,52,42,94,211
05/30/2019,SBY,MD,AEA,EN,Federal Contract Tower,0,19,13,2,34,0,0,34,8,42,0,19,47,10,76,88,82,170,246
05/31/2019,SBY,MD,AEA,EN,Federal Contract Tower,0,19,6,0,25,0,0,36,0,36,0,19,42,0,61,4,0,4,65
06/01/2019,SBY,MD,AEA,EN,Federal Contract Tower,0,10,10,0,20,0,2,27,0,29,0,12,37,0,49,28,0,28,77
06/02/2019,SBY,MD,AEA,EN,Federal Contract Tower,0,10,5,0,15,0,4,39,0,43,0,14,44,0,58,32,0,32,90
06/03/2019,SBY,MD,AEA,EN,Federal Contract Tower,0,11,10,0,21,0,2,30,8,40,0,13,40,8,61,36,38,74,135
06/04/2019,SBY,MD,AEA,EN,Federal Contract Tower,0,13,13,4,30,0,0,79,24,103,0,13,92,28,133,68,100,168,301
06/05/2019,SBY,MD,AEA,EN,Federal Contract Tower,0,16,6,0,22,0,0,18,4,22,0,16,24,4,44,0,0,0,44
06/06/2019,SBY,MD,AEA,EN,Federal Contract Tower,0,19,8,0,27,0,6,33,11,50,0,25,41,11,77,24,32,56,133
06/07/2019,SBY,MD,AEA,EN,Federal Contract Tower,0,16,5,3,24,0,2,29,13,44,0,18,34,16,68,14,26,40,108
06/08/2019,SBY,MD,AEA,EN,Federal Contract Tower,0,11,7,0,18,0,0,20,0,20,0,11,27,0,38,34,0,34,72
06/09/2019,SBY,MD,AEA,EN,Federal Contract Tower,0,16,10,0,26,0,0,0,0,0,0,16,10,0,26,0,0,0,26
06/10/2019,SBY,MD,AEA,EN,Federal Contract Tower,0,15,10,4,29,0,0,16,0,16,0,15,26,4,45,18,0,18,63
06/11/2019,SBY,MD,AEA,EN,Federal Contract Tower,0,22,5,0,27,0,13,19,10,42,0,35,24,10,69,10,62,72,141
06/12/2019,SBY,MD,AEA,EN,Federal Contract Tower,0,22,9,2,33,0,15,77,22,114,0,37,86,24,147,60,68,128,275
06/13/2019,SBY,MD,AEA,EN,Federal Contract Tower,0,25,2,3,30,0,4,18,18,40,0,29,20,21,70,52,74,126,196
06/14/2019,SBY,MD,AEA,EN,Federal Contract Tower,0,17,11,0,28,0,2,36,4,42,0,19,47,4,70,16,4,20,90
06/15/2019,SBY,MD,AEA,EN,Federal Contract Tower,0,14,12,0,26,0,2,54,0,56,0,16,66,0,82,38,0,38,120
06/16/2019,SBY,MD,AEA,EN,Federal Contract Tower,0,12,5,0,17,0,0,23,0,23,0,12,28,0,40,0,0,0,40
06/17/2019,SBY,MD,AEA,EN,Federal Contract Tower,0,19,6,0,25,0,0,28,23,51,0,19,34,23,76,28,70,98,174
06/18/2019,SBY,MD,AEA,EN,Federal Contract Tower,0,23,5,7,35,0,0,59,43,102,0,23,64,50,137,58,140,198,335
06/19/2019,SBY,MD,AEA,EN,Federal Contract Tower,0,20,8,0,28,0,35,15,18,68,0,55,23,18,96,46,100,146,242
06/20/2019,SBY,MD,AEA,EN,Federal Contract Tower,0,22,12,2,36,0,1,31,14,46,0,23,43,16,82,16,54,70,152
06/21/2019,SBY,MD,AEA,EN,Federal Contract Tower,0,20,9,4,33,0,0,20,6,26,0,20,29,10,59,8,62,70,129
06/22/2019,SBY,MD,AEA,EN,Federal Contract Tower,0,15,9,0,24,0,5,50,0,55,0,20,59,0,79,72,0,72,151
06/23/2019,SBY,MD,AEA,EN,Federal Contract Tower,0,13,5,0,18,0,2,53,0,55,0,15,58,0,73,44,0,44,117
06/24/2019,SBY,MD,AEA,EN,Federal Contract Tower,0,16,5,0,21,0,0,36,10,46,0,16,41,10,67,24,38,62,129
06/25/2019,SBY,MD,AEA,EN,Federal Contract Tower,0,19,8,0,27,0,8,95,12,115,0,27,103,12,142,88,38,126,268
06/26/2019,SBY,MD,AEA,EN,Federal Contract Tower,0,18,14,6,38,0,7,72,4,83,0,25,86,10,121,68,10,78,199
06/27/2019,SBY,MD,AEA,EN,Federal Contract Tower,0,19,7,0,26,0,4,56,16,76,0,23,63,16,102,22,38,60,162
06/28/2019,SBY,MD,AEA,EN,Federal Contract Tower,0,17,12,0,29,0,0,28,6,34,0,17,40,6,63,30,12,42,105
06/29/2019,SBY,MD,AEA,EN,Federal Contract Tower,0,12,9,0,21,0,0,38,0,38,0,12,47,0,59,40,0,40,99
06/30/2019,SBY,MD,AEA,EN,Federal Contract Tower,0,14,2,0,16,0,0,19,0,19,0,14,21,0,35,0,0,0,35
07/01/2019,SBY,MD,AEA,EN,Federal Contract Tower,0,17,7,1,25,0,12,49,43,104,0,29,56,44,129,34,94,128,257
07/02/2019,SBY,MD,AEA,EN,Federal Contract Tower,0,20,18,0,38,0,11,59,12,82,0,31,77,12,120,20,26,46,166
07/03/2019,SBY,MD,AEA,EN,Federal Contract Tower,0,23,9,0,32,0,9,33,2,44,0,32,42,2,76,8,0,8,84
07/04/2019,SBY,MD,AEA,EN,Federal Contract Tower,0,9,4,0,13,0,1,13,0,14,0,10,17,0,27,14,0,14,41
07/05/2019,SBY,MD,AEA,EN,Federal Contract Tower,0,17,12,0,29,0,2,29,0,31,0,19,41,0,60,8,0,8,68
07/06/2019,SBY,MD,AEA,EN,Federal Contract Tower,0,11,10,0,21,0,2,20,0,22,0,13,30,0,43,10,0,10,53
07/07/2019,SBY,MD,AEA,EN,Federal Contract Tower,0,10,9,0,19,0,4,30,0,34,0,14,39,0,53,2,0,2,55
07/08/2019,SBY,MD,AEA,EN,Federal Contract Tower,0,18,16,0,34,0,2,4,2,8,0,20,20,2,42,0,0,0,42
07/09/2019,SBY,MD,AEA,EN,Federal Contract Tower,0,22,6,7,35,0,19,93,45,157,0,41,99,52,192,58,98,156,348
07/10/2019,SBY,MD,AEA,EN,Federal Contract Tower,0,18,5,0,23,0,14,63,22,99,0,32,68,22,122,32,96,128,250
07/11/2019,SBY,MD,AEA,EN,Federal Contract Tower,0,19,2,1,22,0,3,33,15,51,0,22,35,16,73,4,44,48,121
07/12/2019,SBY,MD,AEA,EN,Federal Contract Tower,0,18,1,0,19,0,0,20,6,26,0,18,21,6,45,20,62,82,127
07/13/2019,SBY,MD,AEA,EN,Federal Contract Tower,0,13,6,0,19,0,0,31,0,31,0,13,37,0,50,34,0,34,84
07/14/2019,SBY,MD,AEA,EN,Federal Contract Tower,0,12,8,3,23,0,2,41,1,44,0,14,49,4,67,32,14,46,113
07/15/2019,SBY,MD,AEA,EN,Federal Contract Tower,0,17,9,0,26,0,10,51,22,83,0,27,60,22,109,64,110,174,283
07/16/2019,SBY,MD,AEA,EN,Federal Contract Tower,0,23,6,0,29,0,0,50,8,58,0,23,56,8,87,38,16,54,141
07/17/2019,SBY,MD,AEA,EN,Federal Contract Tower,0,23,12,1,36,0,2,42,15,59,0,25,54,16,95,32,30,62,157
07/18/2019,SBY,MD,AEA,EN,Federal Contract Tower,0,19,7,0,26,0,6,28,9,43,0,25,35,9,69,34,44,78,147
07/19/2019,SBY,MD,AEA,EN,Federal Contract Tower,0,20,3,0,23,0,1,37,0,38,0,21,40,0,61,30,0,30,91
07/20/2019,SBY,MD,AEA,EN,Federal Contract Tower,0,15,4,0,19,0,3,50,0,53,0,18,54,0,72,24,0,24,96
07/21/2019,SBY,MD,AEA,EN,Federal Contract Tower,0,11,6,0,17,0,2,31,0,33,0,13,37,0,50,2,0,2,52
07/22/2019,SBY,MD,AEA,EN,Federal Contract Tower,0,21,6,2,29,0,8,22,6,36,0,29,28,8,65,30,18,48,113
07/23/2019,SBY,MD,AEA,EN,Federal Contract Tower,0,18,5,0,23,0,0,0,0,0,0,18,5,0,23,0,0,0,23
07/24/2019,SBY,MD,AEA,EN,Federal Contract Tower,0,20,7,7,34,0,13,66,44,123,0,33,73,51,157,48,116,164,321
07/25/2019,SBY,MD,AEA,EN,Federal Contract Tower,0,22,12,0,34,0,0,53,6,59,0,22,65,6,93,50,36,86,179
07/26/2019,SBY,MD,AEA,EN,Federal Contract Tower,0,22,5,0,27,0,0,63,0,63,0,22,68,0,90,28,0,28,118
07/27/2019,SBY,MD,AEA,EN,Federal Contract Tower,0,13,8,0,21,0,0,53,0,53,0,13,61,0,74,66,0,66,140
07/28/2019,SBY,MD,AEA,EN,Federal Contract Tower,0,18,4,0,22,0,4,38,0,42,0,22,42,0,64,20,0,20,84
07/29/2019,SBY,MD,AEA,EN,Federal Contract Tower,0,16,3,0,19,0,2,44,16,62,0,18,47,16,81,22,56,78,159
07/30/2019,SBY,MD,AEA,EN,Federal Contract Tower,0,21,2,2,25,0,6,29,20,55,0,27,31,22,80,56,80,136,216
07/31/2019,SBY,MD,AEA,EN,Federal Contract Tower,0,17,17,3,37,0,1,35,26,62,0,18,52,29,99,4,46,50,149
08/01/2019,SBY,MD,AEA,EN,Federal Contract Tower,0,20,14,1,35,0,10,24,10,44,0,30,38,11,79,68,42,110,189
08/02/2019,SBY,MD,AEA,EN,Federal Contract Tower,0,22,4,0,26,0,0,0,8,8,0,22,4,8,34,0,38,38,72
08/03/2019,SBY,MD,AEA,EN,Federal Contract Tower,0,21,5,0,26,0,2,13,0,15,0,23,18,0,41,20,0,20,61
08/04/2019,SBY,MD,AEA,EN,Federal Contract Tower,0,14,4,0,18,0,3,25,0,28,0,17,29,0,46,16,0,16,62
08/05/2019,SBY,MD,AEA,EN,Federal Contract Tower,0,15,7,0,22,0,0,20,2,22,0,15,27,2,44,10,0,10,54
08/06/2019,SBY,MD,AEA,EN,Federal Contract Tower,0,25,18,1,44,0,14,53,33,100,0,39,71,34,144,10,70,80,224
08/07/2019,SBY,MD,AEA,EN,Federal Contract Tower,0,19,6,0,25,0,0,36,6,42,0,19,42,6,67,10,24,34,101
08/08/2019,SBY,MD,AEA,EN,Federal Contract Tower,0,19,7,0,26,0,4,48,34,86,0,23,55,34,112,62,106,168,280
08/09/2019,SBY,MD,AEA,EN,Federal Contract Tower,0,24,5,0,29,0,0,31,16,47,0,24,36,16,76,18,46,64,140
08/10/2019,SBY,MD,AEA,EN,Federal Contract Tower,0,14,14,0,28,0,3,48,4,55,0,17,62,4,83,26,14,40,123
08/11/2019,SBY,MD,AEA,EN,Federal Contract Tower,0,18,10,0,28,0,4,32,0,36,0,22,42,0,64,42,0,42,106
08/12/2019,SBY,MD,AEA,EN,Federal Contract Tower,0,13,6,2,21,0,4,42,12,58,0,17,48,14,79,42,8,50,129
08/13/2019,SBY,MD,AEA,EN,Federal Contract Tower,0,17,1,1,19,0,0,15,23,38,0,17,16,24,57,28,60,88,145
08/14/2019,SBY,MD,AEA,EN,Federal Contract Tower,0,23,12,4,39,0,24,22,21,67,0,47,34,25,106,32,122,154,260
08/15/2019,SBY,MD,AEA,EN,Federal Contract Tower,0,20,8,4,32,0,0,6,8,14,0,20,14,12,46,0,58,58,104
08/16/2019,SBY,MD,AEA,EN,Federal Contract Tower,0,22,5,1,28,0,0,16,5,21,0,22,21,6,49,0,10,10,59
08/17/2019,SBY,MD,AEA,EN,Federal Contract Tower,0,15,10,0,25,0,2,9,0,11,0,17,19,0,36,6,0,6,42
08/18/2019,SBY,MD,AEA,EN,Federal Contract Tower,0,16,4,0,20,0,0,25,0,25,0,16,29,0,45,0,0,0,45
08/19/2019,SBY,MD,AEA,EN,Federal Contract Tower,0,16,5,4,25,0,22,42,22,86,0,38,47,26,111,26,76,102,213
08/20/2019,SBY,MD,AEA,EN,Federal Contract Tower,0,23,6,1,30,0,0,49,23,72,0,23,55,24,102,24,42,66,168
08/21/2019,SBY,MD,AEA,EN,Federal Contract Tower,0,19,9,5,33,0,13,45,11,69,0,32,54,16,102,32,16,48,150
08/22/2019,SBY,MD,AEA,EN,Federal Contract Tower,0,16,7,4,27,0,0,53,29,82,0,16,60,33,109,30,130,160,269
08/23/2019,SBY,MD,AEA,EN,Federal Contract Tower,0,18,8,10,36,0,0,3,2,5,0,18,11,12,41,8,8,16,57
08/24/2019,SBY,MD,AEA,EN,Federal Contract Tower,0,11,2,0,13,0,6,35,0,41,0,17,37,0,54,52,0,52,106
08/25/2019,SBY,MD,AEA,EN,Federal Contract Tower,0,11,5,0,16,0,2,13,0,15,0,13,18,0,31,14,0,14,45
08/26/2019,SBY,MD,AEA,EN,Federal Contract Tower,0,13,9,4,26,0,0,15,12,27,0,13,24,16,53,0,36,36,89
08/27/2019,SBY,MD,AEA,EN,Federal Contract Tower,0,20,11,4,35,0,17,58,30,105,0,37,69,34,140,62,100,162,302
08/28/2019,SBY,MD,AEA,EN,Federal Contract Tower,0,16,9,2,27,0,1,38,12,51,0,17,47,14,78,78,80,158,236
08/29/2019,SBY,MD,AEA,EN,Federal Contract Tower,0,24,11,0,35,0,0,59,20,79,0,24,70,20,114,64,66,130,244
08/30/2019,SBY,MD,AEA,EN,Federal Contract Tower,0,25,9,0,34,0,0,53,0,53,0,25,62,0,87,42,0,42,129
08/31/2019,SBY,MD,AEA,EN,Federal Contract Tower,0,13,1,0,14,0,5,39,0,44,0,18,40,0,58,56,0,56,114
09/01/2019,SBY,MD,AEA,EN,Federal Contract Tower,0,7,1,0,8,0,13,22,0,35,0,20,23,0,43,28,0,28,71
09/02/2019,SBY,MD,AEA,EN,Federal Contract Tower,0,11,2,0,13,0,12,50,0,62,0,23,52,0,75,50,0,50,125
09/03/2019,SBY,MD,AEA,EN,Federal Contract Tower,0,15,9,3,27,0,7,63,30,100,0,22,72,33,127,28,84,112,239
09/04/2019,SBY,MD,AEA,EN,Federal Contract Tower,0,21,5,0,26,0,4,29,8,41,0,25,34,8,67,66,42,108,175
09/05/2019,SBY,MD,AEA,EN,Federal Contract Tower,0,18,4,0,22,0,0,2,0,2,0,18,6,0,24,0,0,0,24
09/06/2019,SBY,MD,AEA,EN,Federal Contract Tower,0,13,0,2,15,0,0,0,0,0,0,13,0,2,15,0,0,0,15
09/07/2019,SBY,MD,AEA,EN,Federal Contract Tower,0,12,1,0,13,0,2,34,0,36,0,14,35,0,49,28,0,28,77
09/08/2019,SBY,MD,AEA,EN,Federal Contract Tower,0,13,4,0,17,0,16,42,0,58,0,29,46,0,75,42,0,42,117
09/09/2019,SBY,MD,AEA,EN,Federal Contract Tower,0,15,5,0,20,0,0,44,16,60,0,15,49,16,80,36,34,70,150
09/10/2019,SBY,MD,AEA,EN,Federal Contract Tower,0,22,5,2,29,0,8,64,10,82,0,30,69,12,111,82,32,114,225
09/11/2019,SBY,MD,AEA,EN,Federal Contract Tower,0,19,7,2,28,0,1,47,6,54,0,20,54,8,82,22,24,46,128
09/12/2019,SBY,MD,AEA,EN,Federal Contract Tower,0,20,3,2,25,0,8,35,8,51,0,28,38,10,76,14,44,58,134
09/13/2019,SBY,MD,AEA,EN,Federal Contract Tower,0,22,7,2,31,0,0,24,0,24,0,22,31,2,55,10,0,10,65
09/14/2019,SBY,MD,AEA,EN,Federal Contract Tower,0,12,8,0,20,0,0,47,4,51,0,12,55,4,71,68,38,106,177
09/15/2019,SBY,MD,AEA,EN,Federal Contract Tower,0,16,8,0,24,0,19,1,0,20,0,35,9,0,44,0,0,0,44
09/16/2019,SBY,MD,AEA,EN,Federal Contract Tower,0,17,1,8,26,0,4,31,36,71,0,21,32,44,97,34,82,116,213
09/17/2019,SBY,MD,AEA,EN,Federal Contract Tower,0,18,9,0,27,0,8,29,14,51,0,26,38,14,78,24,22,46,124
09/18/2019,SBY,MD,AEA,EN,Federal Contract Tower,0,18,13,4,35,0,4,35,29,68,0,22,48,33,103,22,16,38,141
09/19/2019,SBY,MD,AEA,EN,Federal Contract Tower,0,20,7,3,30,0,2,41,7,50,0,22,48,10,80,20,0,20,100
09/20/2019,SBY,MD,AEA,EN,Federal Contract Tower,0,20,9,1,30,0,8,85,23,116,0,28,94,24,146,58,74,132,278
09/21/2019,SBY,MD,AEA,EN,Federal Contract Tower,0,10,7,0,17,0,0,42,0,42,0,10,49,0,59,28,0,28,87
09/22/2019,SBY,MD,AEA,EN,Federal Contract Tower,0,13,5,0,18,0,10,41,0,51,0,23,46,0,69,36,0,36,105
09/23/2019,SBY,MD,AEA,EN,Federal Contract Tower,0,14,14,4,32,0,12,34,12,58,0,26,48,16,90,26,46,72,162
09/24/2019,SBY,MD,AEA,EN,Federal Contract Tower,0,22,12,0,34,0,13,81,30,124,0,35,93,30,158,62,62,124,282
09/25/2019,SBY,MD,AEA,EN,Federal Contract Tower,0,20,8,0,28,0,4,56,13,73,0,24,64,13,101,40,46,86,187
09/26/2019,SBY,MD,AEA,EN,Federal Contract Tower,0,19,9,4,32,0,2,28,0,30,0,21,37,4,62,16,0,16,78
09/27/2019,SBY,MD,AEA,EN,Federal Contract Tower,0,17,15,6,38,0,0,80,35,115,0,17,95,41,153,90,134,224,377
09/28/2019,SBY,MD,AEA,EN,Federal Contract Tower,0,10,12,0,22,0,0,18,0,18,0,10,30,0,40,44,0,44,84
09/29/2019,SBY,MD,AEA,EN,Federal Contract Tower,0,11,10,0,21,0,2,28,0,30,0,13,38,0,51,28,0,28,79
09/30/2019,SBY,MD,AEA,EN,Federal Contract Tower,0,16,7,4,27,0,0,39,24,63,0,16,46,28,90,72,44,116,206
10/01/2019,SBY,MD,AEA,EN,Federal Contract Tower,0,16,12,0,28,0,2,51,8,61,0,18,63,8,89,62,0,62,151
10/02/2019,SBY,MD,AEA,EN,Federal Contract Tower,0,18,5,0,23,0,0,67,13,80,0,18,72,13,103,52,24,76,179
10/03/2019,SBY,MD,AEA,EN,Federal Contract Tower,0,22,8,9,39,0,0,1,0,1,0,22,9,9,40,0,0,0,40
10/04/2019,SBY,MD,AEA,EN,Federal Contract Tower,0,16,3,0,19,0,2,35,3,40,0,18,38,3,59,26,32,58,117
10/05/2019,SBY,MD,AEA,EN,Federal Contract Tower,0,10,6,0,16,0,0,62,0,62,0,10,68,0,78,30,0,30,108
10/06/2019,SBY,MD,AEA,EN,Federal Contract Tower,0,12,8,0,20,0,2,23,0,25,0,14,31,0,45,18,0,18,63
10/07/2019,SBY,MD,AEA,EN,Federal Contract Tower,0,18,5,4,27,0,0,48,2,50,0,18,53,6,77,56,12,68,145
10/08/2019,SBY,MD,AEA,EN,Federal Contract Tower,0,19,8,2,29,0,2,0,0,2,0,21,8,2,31,0,0,0,31
10/09/2019,SBY,MD,AEA,EN,Federal Contract Tower,0,17,7,0,24,0,0,4,4,8,0,17,11,4,32,10,4,14,46
10/10/2019,SBY,MD,AEA,EN,Federal Contract Tower,0,19,12,0,31,0,5,56,20,81,0,24,68,20,112,32,62,94,206
10/11/2019,SBY,MD,AEA,EN,Federal Contract Tower,0,20,9,0,29,0,0,4,30,34,0,20,13,30,63,64,0,64,127
10/12/2019,SBY,MD,AEA,EN,Federal Contract Tower,0,11,10,0,21,0,0,35,0,35,0,11,45,0,56,26,0,26,82
10/13/2019,SBY,MD,AEA,EN,Federal Contract Tower,0,12,5,0,17,0,2,3,0,5,0,14,8,0,22,0,0,0,22
10/15/2019,SBY,MD,AEA,EN,Federal Contract Tower,0,20,8,0,28,0,0,86,6,92,0,20,94,6,120,64,14,78,198
10/16/2019,SBY,MD,AEA,EN,Federal Contract Tower,0,21,2,0,23,0,0,8,0,8,0,21,10,0,31,30,0,30,61
10/17/2019,SBY,MD,AEA,EN,Federal Contract Tower,0,22,2,0,24,0,19,5,6,30,0,41,7,6,54,0,16,16,70
10/18/2019,SBY,MD,AEA,EN,Federal Contract Tower,0,18,3,2,23,0,8,30,21,59,0,26,33,23,82,48,118,166,248
10/19/2019,SBY,MD,AEA,EN,Federal Contract Tower,0,9,4,0,13,0,0,64,0,64,0,9,68,0,77,96,0,96,173
10/20/2019,SBY,MD,AEA,EN,Federal Contract Tower,0,17,0,0,17,0,0,0,0,0,0,17,0,0,17,0,0,0,17
10/21/2019,SBY,MD,AEA,EN,Federal Contract Tower,0,17,9,6,32,0,0,12,24,36,0,17,21,30,68,4,82,86,154
10/22/2019,SBY,MD,AEA,EN,Federal Contract Tower,0,22,2,0,24,0,0,0,0,0,0,22,2,0,24,0,0,0,24
10/23/2019,SBY,MD,AEA,EN,Federal Contract Tower,0,20,12,5,37,0,8,60,26,94,0,28,72,31,131,46,90,136,267
10/24/2019,SBY,MD,AEA,EN,Federal Contract Tower,0,18,12,0,30,0,0,77,12,89,0,18,89,12,119,72,22,94,213
10/25/2019,SBY,MD,AEA,EN,Federal Contract Tower,0,17,10,2,29,0,0,58,0,58,0,17,68,2,87,82,0,82,169
10/26/2019,SBY,MD,AEA,EN,Federal Contract Tower,0,14,2,0,16,0,2,45,0,47,0,16,47,0,63,50,0,50,113
10/27/2019,SBY,MD,AEA,EN,Federal Contract Tower,0,12,2,0,14,0,20,0,0,20,0,32,2,0,34,0,0,0,34
10/28/2019,SBY,MD,AEA,EN,Federal Contract Tower,0,15,9,0,24,0,0,33,25,58,0,15,42,25,82,84,82,166,248
10/29/2019,SBY,MD,AEA,EN,Federal Contract Tower,0,19,16,0,35,0,7,16,12,35,0,26,32,12,70,44,60,104,174
10/30/2019,SBY,MD,AEA,EN,Federal Contract Tower,0,20,9,7,36,0,3,28,31,62,0,23,37,38,98,36,60,96,194
10/31/2019,SBY,MD,AEA,EN,Federal Contract Tower,0,15,1,0,16,0,2,2,2,6,0,17,3,2,22,0,0,0,22
11/01/2019,SBY,MD,AEA,EN,Federal Contract Tower,0,15,3,0,18,0,5,15,4,24,0,20,18,4,42,28,14,42,84
11/02/2019,SBY,MD,AEA,EN,Federal Contract Tower,0,9,5,0,14,0,0,76,0,76,0,9,81,0,90,124,0,124,214
11/03/2019,SBY,MD,AEA,EN,Federal Contract Tower,0,12,5,0,17,0,0,11,0,11,0,12,16,0,28,2,0,2,30
11/04/2019,SBY,MD,AEA,EN,Federal Contract Tower,0,15,5,4,24,0,22,49,10,81,0,37,54,14,105,74,58,132,237
11/05/2019,SBY,MD,AEA,EN,Federal Contract Tower,0,22,6,0,28,0,6,52,12,70,0,28,58,12,98,98,0,98,196
11/06/2019,SBY,MD,AEA,EN,Federal Contract Tower,0,21,9,0,30,0,10,57,6,73,0,31,66,6,103,72,4,76,179
11/07/2019,SBY,MD,AEA,EN,Federal Contract Tower,0,27,3,3,33,0,8,81,15,104,0,35,84,18,137,102,36,138,275
11/08/2019,SBY,MD,AEA,EN,Federal Contract Tower,0,19,7,0,26,0,0,14,4,18,0,19,21,4,44,12,2,14,58
11/09/2019,SBY,MD,AEA,EN,Federal Contract Tower,0,10,10,0,20,0,2,58,0,60,0,12,68,0,80,94,0,94,174
11/10/2019,SBY,MD,AEA,EN,Federal Contract Tower,0,13,1,0,14,0,0,59,0,59,0,13,60,0,73,50,0,50,123
11/11/2019,SBY,MD,AEA,EN,Federal Contract Tower,0,22,11,0,33,0,2,84,4,90,0,24,95,4,123,118,16,134,257
11/12/2019,SBY,MD,AEA,EN,Federal Contract Tower,0,22,1,0,23,0,0,0,0,0,0,22,1,0,23,0,0,0,23
11/13/2019,SBY,MD,AEA,EN,Federal Contract Tower,0,18,8,6,32,0,10,34,20,64,0,28,42,26,96,18,48,66,162
11/14/2019,SBY,MD,AEA,EN,Federal Contract Tower,0,18,2,3,23,0,9,100,32,141,0,27,102,35,164,254,50,304,468
11/15/2019,SBY,MD,AEA,EN,Federal Contract Tower,0,20,8,0,28,0,2,35,0,37,0,22,43,0,65,50,0,50,115
11/16/2019,SBY,MD,AEA,EN,Federal Contract Tower,0,12,1,0,13,0,0,1,0,1,0,12,2,0,14,0,0,0,14
11/17/2019,SBY,MD,AEA,EN,Federal Contract Tower,0,14,2,0,16,0,0,0,0,0,0,14,2,0,16,0,0,0,16
11/18/2019,SBY,MD,AEA,EN,Federal Contract Tower,0,18,2,2,22,0,0,5,6,11,0,18,7,8,33,0,36,36,69
11/19/2019,SBY,MD,AEA,EN,Federal Contract Tower,0,18,18,9,45,0,2,46,3,51,0,20,64,12,96,138,18,156,252
11/20/2019,SBY,MD,AEA,EN,Federal Contract Tower,0,18,10,0,28,0,2,51,16,69,0,20,61,16,97,64,14,78,175
11/21/2019,SBY,MD,AEA,EN,Federal Contract Tower,0,20,5,0,25,0,8,77,16,101,0,28,82,16,126,190,52,242,368
11/22/2019,SBY,MD,AEA,EN,Federal Contract Tower,0,20,4,0,24,0,1,18,2,21,0,21,22,2,45,4,10,14,59
11/23/2019,SBY,MD,AEA,EN,Federal Contract Tower,0,12,1,0,13,0,2,23,0,25,0,14,24,0,38,0,0,0,38
11/24/2019,SBY,MD,AEA,EN,Federal Contract Tower,0,14,2,0,16,0,1,4,0,5,0,15,6,0,21,2,0,2,23
11/25/2019,SBY,MD,AEA,EN,Federal Contract Tower,0,16,15,0,31,0,0,64,0,64,0,16,79,0,95,82,0,82,177
11/26/2019,SBY,MD,AEA,EN,Federal Contract Tower,0,21,3,0,24,0,4,66,8,78,0,25,69,8,102,72,52,124,226
11/27/2019,SBY,MD,AEA,EN,Federal Contract Tower,0,18,9,0,27,0,2,13,0,15,0,20,22,0,42,6,0,6,48
11/28/2019,SBY,MD,AEA,EN,Federal Contract Tower,0,8,0,0,8,0,0,0,0,0,0,8,0,0,8,0,0,0,8
11/29/2019,SBY,MD,AEA,EN,Federal Contract Tower,0,14,7,0,21,0,0,6,0,6,0,14,13,0,27,2,0,2,29
11/30/2019,SBY,MD,AEA,EN,Federal Contract Tower,0,17,10,0,27,0,0,23,0,23,0,17,33,0,50,12,0,12,62
12/01/2019,SBY,MD,AEA,EN,Federal Contract Tower,0,16,3,0,19,0,0,0,0,0,0,16,3,0,19,0,0,0,19
12/02/2019,SBY,MD,AEA,EN,Federal Contract Tower,0,17,2,0,19,0,4,1,0,5,0,21,3,0,24,0,0,0,24
12/03/2019,SBY,MD,AEA,EN,Federal Contract Tower,0,18,2,2,22,0,0,58,36,94,0,18,60,38,116,38,16,54,170
12/04/2019,SBY,MD,AEA,EN,Federal Contract Tower,0,18,4,0,22,0,4,48,14,66,0,22,52,14,88,68,0,68,156
12/05/2019,SBY,MD,AEA,EN,Federal Contract Tower,0,22,5,1,28,0,2,25,1,28,0,24,30,2,56,28,16,44,100
12/06/2019,SBY,MD,AEA,EN,Federal Contract Tower,0,16,6,0,22,0,0,63,2,65,0,16,69,2,87,30,4,34,121
12/07/2019,SBY,MD,AEA,EN,Federal Contract Tower,0,12,5,0,17,0,2,68,6,76,0,14,73,6,93,112,14,126,219
12/08/2019,SBY,MD,AEA,EN,Federal Contract Tower,0,12,3,0,15,0,0,96,0,96,0,12,99,0,111,112,0,112,223
12/09/2019,SBY,MD,AEA,EN,Federal Contract Tower,0,20,1,0,21,0,4,0,0,4,0,24,1,0,25,0,0,0,25
12/10/2019,SBY,MD,AEA,EN,Federal Contract Tower,0,19,10,3,32,0,13,6,9,28,0,32,16,12,60,0,16,16,76
12/11/2019,SBY,MD,AEA,EN,Federal Contract Tower,0,21,4,0,25,0,0,31,6,37,0,21,35,6,62,28,14,42,104
12/12/2019,SBY,MD,AEA,EN,Federal Contract Tower,0,22,13,2,37,0,4,97,6,107,0,26,110,8,144,124,18,142,286
12/13/2019,SBY,MD,AEA,EN,Federal Contract Tower,0,15,2,0,17,0,0,0,0,0,0,15,2,0,17,0,0,0,17
12/14/2019,SBY,MD,AEA,EN,Federal Contract Tower,0,13,4,0,17,0,0,0,0,0,0,13,4,0,17,0,0,0,17
12/15/2019,SBY,MD,AEA,EN,Federal Contract Tower,0,13,5,0,18,0,2,22,0,24,0,15,27,0,42,38,0,38,80
12/16/2019,SBY,MD,AEA,EN,Federal Contract Tower,0,19,4,0,23,0,0,0,0,0,0,19,4,0,23,0,0,0,23
12/17/2019,SBY,MD,AEA,EN,Federal Contract Tower,0,19,4,0,23,0,0,0,0,0,0,19,4,0,23,0,0,0,23
12/18/2019,SBY,MD,AEA,EN,Federal Contract Tower,0,21,7,6,34,0,2,82,21,105,0,23,89,27,139,52,74,126,265
12/19/2019,SBY,MD,AEA,EN,Federal Contract Tower,0,19,7,1,27,0,1,56,17,74,0,20,63,18,101,32,64,96,197
12/20/2019,SBY,MD,AEA,EN,Federal Contract Tower,0,18,8,0,26,0,0,53,6,59,0,18,61,6,85,20,22,42,127
12/21/2019,SBY,MD,AEA,EN,Federal Contract Tower,0,14,4,0,18,0,0,44,0,44,0,14,48,0,62,26,0,26,88
12/22/2019,SBY,MD,AEA,EN,Federal Contract Tower,0,11,3,0,14,0,0,40,0,40,0,11,43,0,54,46,0,46,100
12/23/2019,SBY,MD,AEA,EN,Federal Contract Tower,0,13,7,1,21,0,8,30,1,39,0,21,37,2,60,44,8,52,112
12/24/2019,SBY,MD,AEA,EN,Federal Contract Tower,0,18,6,0,24,0,0,0,0,0,0,18,6,0,24,14,0,14,38
12/25/2019,SBY,MD,AEA,EN,Federal Contract Tower,0,11,1,0,12,0,0,17,0,17,0,11,18,0,29,0,0,0,29
12/26/2019,SBY,MD,AEA,EN,Federal Contract Tower,0,16,6,0,22,0,11,17,0,28,0,27,23,0,50,44,0,44,94
12/27/2019,SBY,MD,AEA,EN,Federal Contract Tower,0,17,3,0,20,0,0,23,0,23,0,17,26,0,43,2,0,2,45
12/28/2019,SBY,MD,AEA,EN,Federal Contract Tower,0,12,5,0,17,0,7,53,2,62,0,19,58,2,79,34,2,36,115
12/29/2019,SBY,MD,AEA,EN,Federal Contract Tower,0,12,0,0,12,0,0,6,0,6,0,12,6,0,18,20,0,20,38
12/30/2019,SBY,MD,AEA,EN,Federal Contract Tower,0,18,4,0,22,0,0,0,0,0,0,18,4,0,22,0,0,0,22
12/31/2019,SBY,MD,AEA,EN,Federal Contract Tower,0,23,3,3,29,0,5,25,2,32,0,28,28,5,61,20,0,20,81
01/01/2020,SBY,MD,AEA,EN,Federal Contract Tower,0,11,4,0,15,0,8,24,0,32,0,19,28,0,47,0,0,0,47
01/02/2020,SBY,MD,AEA,EN,Federal Contract Tower,0,16,7,0,23,0,2,36,6,44,0,18,43,6,67,18,0,18,85
01/03/2020,SBY,MD,AEA,EN,Federal Contract Tower,0,14,7,0,21,0,2,0,0,2,0,16,7,0,23,0,0,0,23
01/04/2020,SBY,MD,AEA,EN,Federal Contract Tower,0,20,2,0,22,0,0,0,0,0,0,20,2,0,22,0,0,0,22
01/05/2020,SBY,MD,AEA,EN,Federal Contract Tower,0,11,3,0,14,0,2,33,0,35,0,13,36,0,49,44,0,44,93
01/06/2020,SBY,MD,AEA,EN,Federal Contract Tower,0,15,2,0,17,0,0,51,0,51,0,15,53,0,68,48,0,48,116
01/07/2020,SBY,MD,AEA,EN,Federal Contract Tower,0,24,1,4,29,0,0,26,22,48,0,24,27,26,77,18,42,60,137
01/08/2020,SBY,MD,AEA,EN,Federal Contract Tower,0,18,4,0,22,0,11,22,15,48,0,29,26,15,70,0,30,30,100
01/09/2020,SBY,MD,AEA,EN,Federal Contract Tower,0,20,5,0,25,0,0,65,10,75,0,20,70,10,100,50,44,94,194
01/10/2020,SBY,MD,AEA,EN,Federal Contract Tower,0,17,2,0,19,0,0,25,0,25,0,17,27,0,44,12,0,12,56
01/11/2020,SBY,MD,AEA,EN,Federal Contract Tower,0,10,5,0,15,0,0,21,0,21,0,10,26,0,36,38,0,38,74
01/12/2020,SBY,MD,AEA,EN,Federal Contract Tower,0,13,6,0,19,0,4,26,0,30,0,17,32,0,49,4,0,4,53
01/13/2020,SBY,MD,AEA,EN,Federal Contract Tower,0,13,19,0,32,0,0,6,0,6,0,13,25,0,38,12,0,12,50
01/14/2020,SBY,MD,AEA,EN,Federal Contract Tower,0,14,7,0,21,0,0,0,0,0,0,14,7,0,21,0,0,0,21
01/15/2020,SBY,MD,AEA,EN,Federal Contract Tower,0,18,6,9,33,0,0,35,14,49,0,18,41,23,82,32,40,72,154
01/16/2020,SBY,MD,AEA,EN,Federal Contract Tower,0,16,5,1,22,0,6,7,16,29,0,22,12,17,51,0,50,50,101
01/17/2020,SBY,MD,AEA,EN,Federal Contract Tower,0,21,9,0,30,0,0,22,7,29,0,21,31,7,59,0,26,26,85
01/18/2020,SBY,MD,AEA,EN,Federal Contract Tower,0,11,0,0,11,0,0,8,0,8,0,11,8,0,19,12,0,12,31
01/19/2020,SBY,MD,AEA,EN,Federal Contract Tower,0,13,3,0,16,0,0,21,0,21,0,13,24,0,37,62,0,62,99
01/20/2020,SBY,MD,AEA,EN,Federal Contract Tower,0,15,2,0,17,0,2,48,0,50,0,17,50,0,67,88,0,88,155
01/21/2020,SBY,MD,AEA,EN,Federal Contract Tower,0,19,5,2,26,0,5,62,10,77,0,24,67,12,103,36,68,104,207
01/22/2020,SBY,MD,AEA,EN,Federal Contract Tower,0,16,7,1,24,0,0,76,25,101,0,16,83,26,125,34,74,108,233
01/23/2020,SBY,MD,AEA,EN,Federal Contract Tower,0,17,8,0,25,0,6,58,8,72,0,23,66,8,97,16,30,46,143
01/24/2020,SBY,MD,AEA,EN,Federal Contract Tower,0,14,10,0,24,0,0,22,4,26,0,14,32,4,50,26,12,38,88
01/25/2020,SBY,MD,AEA,EN,Federal Contract Tower,0,12,0,0,12,0,0,8,0,8,0,12,8,0,20,26,0,26,46
01/26/2020,SBY,MD,AEA,EN,Federal Contract Tower,0,10,2,0,12,0,2,31,0,33,0,12,33,0,45,0,0,0,45
01/27/2020,SBY,MD,AEA,EN,Federal Contract Tower,0,12,5,0,17,0,2,46,42,90,0,14,51,42,107,50,116,166,273
01/28/2020,SBY,MD,AEA,EN,Federal Contract Tower,0,16,6,0,22,0,2,51,32,85,0,18,57,32,107,48,108,156,263
01/29/2020,SBY,MD,AEA,EN,Federal Contract Tower,0,19,5,0,24,0,0,40,22,62,0,19,45,22,86,6,56,62,148
01/30/2020,SBY,MD,AEA,EN,Federal Contract Tower,0,16,10,2,28,0,0,40,32,72,0,16,50,34,100,8,16,24,124
01/31/2020,SBY,MD,AEA,EN,Federal Contract Tower,0,16,6,0,22,0,0,30,12,42,0,16,36,12,64,32,58,90,154
02/01/2020,SBY,MD,AEA,EN,Federal Contract Tower,0,11,3,0,14,0,0,2,0,2,0,11,5,0,16,0,0,0,16
02/02/2020,SBY,MD,AEA,EN,Federal Contract Tower,0,11,0,0,11,0,0,25,0,25,0,11,25,0,36,46,0,46,82
02/03/2020,SBY,MD,AEA,EN,Federal Contract Tower,0,14,4,2,20,0,0,74,24,98,0,14,78,26,118,126,66,192,310
02/04/2020,SBY,MD,AEA,EN,Federal Contract Tower,0,21,12,0,33,0,0,59,24,83,0,21,71,24,116,62,62,124,240
02/05/2020,SBY,MD,AEA,EN,Federal Contract Tower,0,17,4,0,21,0,0,0,0,0,0,17,4,0,21,0,0,0,21
02/06/2020,SBY,MD,AEA,EN,Federal Contract Tower,0,16,0,0,16,0,0,0,0,0,0,16,0,0,16,0,0,0,16
02/07/2020,SBY,MD,AEA,EN,Federal Contract Tower,0,14,0,0,14,0,0,2,6,8,0,14,2,6,22,6,14,20,42
02/08/2020,SBY,MD,AEA,EN,Federal Contract Tower,0,11,7,0,18,0,0,36,0,36,0,11,43,0,54,74,0,74,128
02/09/2020,SBY,MD,AEA,EN,Federal Contract Tower,0,13,10,0,23,0,5,99,0,104,0,18,109,0,127,128,0,128,255
02/10/2020,SBY,MD,AEA,EN,Federal Contract Tower,0,17,10,4,31,0,1,18,20,39,0,18,28,24,70,16,76,92,162
02/11/2020,SBY,MD,AEA,EN,Federal Contract Tower,0,18,10,0,28,0,0,0,0,0,0,18,10,0,28,0,0,0,28
02/12/2020,SBY,MD,AEA,EN,Federal Contract Tower,0,18,5,0,23,0,11,78,8,97,0,29,83,8,120,88,18,106,226
02/13/2020,SBY,MD,AEA,EN,Federal Contract Tower,0,23,0,9,32,0,2,0,1,3,0,25,0,10,35,0,16,16,51
02/14/2020,SBY,MD,AEA,EN,Federal Contract Tower,0,17,10,0,27,0,1,22,14,37,0,18,32,14,64,0,66,66,130
02/15/2020,SBY,MD,AEA,EN,Federal Contract Tower,0,8,1,0,9,0,0,77,0,77,0,8,78,0,86,92,0,92,178
02/16/2020,SBY,MD,AEA,EN,Federal Contract Tower,0,11,11,0,22,0,0,61,0,61,0,11,72,0,83,30,0,30,113
02/17/2020,SBY,MD,AEA,EN,Federal Contract Tower,0,17,2,0,19,0,0,92,0,92,0,17,94,0,111,144,0,144,255
02/18/2020,SBY,MD,AEA,EN,Federal Contract Tower,0,16,15,4,35,0,4,45,44,93,0,20,60,48,128,74,112,186,314
02/19/2020,SBY,MD,AEA,EN,Federal Contract Tower,0,20,2,6,28,0,14,56,26,96,0,34,58,32,124,84,96,180,304
02/20/2020,SBY,MD,AEA,EN,Federal Contract Tower,0,16,8,0,24,0,11,62,16,89,0,27,70,16,113,96,30,126,239
02/21/2020,SBY,MD,AEA,EN,Federal Contract Tower,0,17,5,0,22,0,0,38,20,58,0,17,43,20,80,24,38,62,142
02/22/2020,SBY,MD,AEA,EN,Federal Contract Tower,0,12,4,0,16,0,0,57,6,63,0,12,61,6,79,84,18,102,181
02/23/2020,SBY,MD,AEA,EN,Federal Contract Tower,0,11,6,0,17,0,2,57,0,59,0,13,63,0,76,118,0,118,194
02/24/2020,SBY,MD,AEA,EN,Federal Contract Tower,0,15,4,0,19,0,3,57,6,66,0,18,61,6,85,56,40,96,181
02/25/2020,SBY,MD,AEA,EN,Federal Contract Tower,0,18,4,0,22,0,0,0,0,0,0,18,4,0,22,0,0,0,22
02/26/2020,SBY,MD,AEA,EN,Federal Contract Tower,0,19,4,0,23,0,0,0,0,0,0,19,4,0,23,0,0,0,23
02/27/2020,SBY,MD,AEA,EN,Federal Contract Tower,0,20,2,12,34,0,1,2,12,15,0,21,4,24,49,0,26,26,75
02/28/2020,SBY,MD,AEA,EN,Federal Contract Tower,0,21,6,0,27,0,1,15,16,32,0,22,21,16,59,0,50,50,109
02/29/2020,SBY,MD,AEA,EN,Federal Contract Tower,0,9,2,0,11,0,0,24,0,24,0,9,26,0,35,48,0,48,83
03/01/2020,SBY,MD,AEA,EN,Federal Contract Tower,0,13,2,0,15,0,4,34,0,38,0,17,36,0,53,16,0,16,69
03/02/2020,SBY,MD,AEA,EN,Federal Contract Tower,0,16,7,1,24,0,2,36,5,43,0,18,43,6,67,6,20,26,93
03/03/2020,SBY,MD,AEA,EN,Federal Contract Tower,0,18,13,4,35,0,4,46,4,54,0,22,59,8,89,54,22,76,165
03/04/2020,SBY,MD,AEA,EN,Federal Contract Tower,0,20,1,1,22,0,4,66,47,117,0,24,67,48,139,52,72,124,263
03/05/2020,SBY,MD,AEA,EN,Federal Contract Tower,0,17,6,0,23,0,3,49,6,58,0,20,55,6,81,48,24,72,153
03/06/2020,SBY,MD,AEA,EN,Federal Contract Tower,0,14,0,0,14,0,2,0,0,2,0,16,0,0,16,0,0,0,16
03/07/2020,SBY,MD,AEA,EN,Federal Contract Tower,0,11,1,0,12,0,0,15,0,15,0,11,16,0,27,22,0,22,49
03/08/2020,SBY,MD,AEA,EN,Federal Contract Tower,0,11,5,0,16,0,2,75,0,77,0,13,80,0,93,112,0,112,205
03/09/2020,SBY,MD,AEA,EN,Federal Contract Tower,0,15,7,0,22,0,0,72,12,84,0,15,79,12,106,116,34,150,256
03/10/2020,SBY,MD,AEA,EN,Federal Contract Tower,0,19,1,1,21,0,2,19,7,28,0,21,20,8,49,0,14,14,63
03/11/2020,SBY,MD,AEA,EN,Federal Contract Tower,0,15,12,2,29,0,0,89,38,127,0,15,101,40,156,94,44,138,294
03/12/2020,SBY,MD,AEA,EN,Federal Contract Tower,0,16,15,0,31,0,2,16,4,22,0,18,31,4,53,34,28,62,115
03/13/2020,SBY,MD,AEA,EN,Federal Contract Tower,0,19,1,0,20,0,4,0,6,10,0,23,1,6,30,0,0,0,30
03/14/2020,SBY,MD,AEA,EN,Federal Contract Tower,0,10,11,0,21,0,2,33,0,35,0,12,44,0,56,86,0,86,142
03/15/2020,SBY,MD,AEA,EN,Federal Contract Tower,0,10,0,0,10,0,0,19,0,19,0,10,19,0,29,22,0,22,51
03/16/2020,SBY,MD,AEA,EN,Federal Contract Tower,0,14,10,1,25,0,1,16,13,30,0,15,26,14,55,12,52,64,119
03/17/2020,SBY,MD,AEA,EN,Federal Contract Tower,0,20,9,0,29,0,3,23,10,36,0,23,32,10,65,14,10,24,89
03/19/2020,SBY,MD,AEA,EN,Federal Contract Tower,0,19,3,1,23,0,0,6,7,13,0,19,9,8,36,0,20,20,56
03/20/2020,SBY,MD,AEA,EN,Federal Contract Tower,0,19,2,6,27,0,0,6,10,16,0,19,8,16,43,2,46,48,91
03/21/2020,SBY,MD,AEA,EN,Federal Contract Tower,0,10,5,0,15,0,0,9,0,9,0,10,14,0,24,4,0,4,28
03/22/2020,SBY,MD,AEA,EN,Federal Contract Tower,0,12,3,0,15,0,8,23,0,31,0,20,26,0,46,2,0,2,48
03/23/2020,SBY,MD,AEA,EN,Federal Contract Tower,0,16,4,6,26,0,0,0,0,0,0,16,4,6,26,0,0,0,26
03/24/2020,SBY,MD,AEA,EN,Federal Contract Tower,0,19,7,0,26,0,4,16,8,28,0,23,23,8,54,4,64,68,122
03/25/2020,SBY,MD,AEA,EN,Federal Contract Tower,0,22,0,0,22,0,0,0,0,0,0,22,0,0,22,0,0,0,22
03/26/2020,SBY,MD,AEA,EN,Federal Contract Tower,0,12,6,2,20,0,2,31,11,44,0,14,37,13,64,54,46,100,164
03/27/2020,SBY,MD,AEA,EN,Federal Contract Tower,0,22,5,0,27,0,0,15,0,15,0,22,20,0,42,12,0,12,54
03/28/2020,SBY,MD,AEA,EN,Federal Contract Tower,0,7,7,0,14,0,0,0,0,0,0,7,7,0,14,0,0,0,14
03/29/2020,SBY,MD,AEA,EN,Federal Contract Tower,0,9,2,0,11,0,10,7,0,17,0,19,9,0,28,0,0,0,28
03/30/2020,SBY,MD,AEA,EN,Federal Contract Tower,0,15,21,0,36,0,1,7,28,36,0,16,28,28,72,8,160,168,240
03/31/2020,SBY,MD,AEA,EN,Federal Contract Tower,0,16,2,0,18,0,0,0,8,8,0,16,2,8,26,0,34,34,60
04/01/2020,SBY,MD,AEA,EN,Federal Contract Tower,0,14,0,0,14,0,4,6,2,12,0,18,6,2,26,0,0,0,26
04/02/2020,SBY,MD,AEA,EN,Federal Contract Tower,0,16,0,2,18,0,4,4,10,18,0,20,4,12,36,0,28,28,64
04/03/2020,SBY,MD,AEA,EN,Federal Contract Tower,0,13,4,0,17,0,4,2,0,6,0,17,6,0,23,0,0,0,23
04/04/2020,SBY,MD,AEA,EN,Federal Contract Tower,0,8,3,0,11,0,0,5,0,5,0,8,8,0,16,18,0,18,34
04/05/2020,SBY,MD,AEA,EN,Federal Contract Tower,0,8,0,0,8,0,0,21,0,21,0,8,21,0,29,24,0,24,53
04/06/2020,SBY,MD,AEA,EN,Federal Contract Tower,0,13,8,0,21,0,5,24,2,31,0,18,32,2,52,4,22,26,78
04/07/2020,SBY,MD,AEA,EN,Federal Contract Tower,0,14,4,0,18,0,2,15,6,23,0,16,19,6,41,0,24,24,65
04/08/2020,SBY,MD,AEA,EN,Federal Contract Tower,0,14,3,4,21,0,0,17,22,39,0,14,20,26,60,0,32,32,92
04/09/2020,SBY,MD,AEA,EN,Federal Contract Tower,0,16,4,0,20,0,3,0,7,10,0,19,4,7,30,0,48,48,78
04/10/2020,SBY,MD,AEA,EN,Federal Contract Tower,0,10,1,0,11,0,1,3,0,4,0,11,4,0,15,0,0,0,15
04/11/2020,SBY,MD,AEA,EN,Federal Contract Tower,0,8,2,0,10,0,0,7,0,7,0,8,9,0,17,6,0,6,23
04/12/2020,SBY,MD,AEA,EN,Federal Contract Tower,0,9,0,0,9,0,0,2,0,2,0,9,2,0,11,2,0,2,13
04/13/2020,SBY,MD,AEA,EN,Federal Contract Tower,0,13,0,0,13,0,4,0,0,4,0,17,0,0,17,0,0,0,17
04/14/2020,SBY,MD,AEA,EN,Federal Contract Tower,0,14,9,2,25,0,0,27,8,35,0,14,36,10,60,26,24,50,110
04/15/2020,SBY,MD,AEA,EN,Federal Contract Tower,0,14,3,0,17,0,2,22,6,30,0,16,25,6,47,6,14,20,67
04/16/2020,SBY,MD,AEA,EN,Federal Contract Tower,0,14,2,0,16,0,0,8,6,14,0,14,10,6,30,4,30,34,64
04/17/2020,SBY,MD,AEA,EN,Federal Contract Tower,0,16,3,0,19,0,0,9,0,9,0,16,12,0,28,0,0,0,28
04/18/2020,SBY,MD,AEA,EN,Federal Contract Tower,0,10,0,0,10,0,0,0,0,0,0,10,0,0,10,0,0,0,10
04/19/2020,SBY,MD,AEA,EN,Federal Contract Tower,0,11,3,0,14,0,6,9,0,15,0,17,12,0,29,2,0,2,31
04/20/2020,SBY,MD,AEA,EN,Federal Contract Tower,0,14,0,2,16,0,0,5,0,5,0,14,5,2,21,0,0,0,21
04/21/2020,SBY,MD,AEA,EN,Federal Contract Tower,0,14,1,0,15,0,0,16,36,52,0,14,17,36,67,14,88,102,169
04/22/2020,SBY,MD,AEA,EN,Federal Contract Tower,0,15,7,1,23,0,11,19,23,53,0,26,26,24,76,12,24,36,112
04/23/2020,SBY,MD,AEA,EN,Federal Contract Tower,0,15,3,8,26,0,0,14,6,20,0,15,17,14,46,0,56,56,102
04/24/2020,SBY,MD,AEA,EN,Federal Contract Tower,0,14,2,12,28,0,0,0,6,6,0,14,2,18,34,0,58,58,92
04/25/2020,SBY,MD,AEA,EN,Federal Contract Tower,0,8,7,0,15,0,0,35,0,35,0,8,42,0,50,42,0,42,92
04/26/2020,SBY,MD,AEA,EN,Federal Contract Tower,0,10,0,0,10,0,12,0,0,12,0,22,0,0,22,0,0,0,22
04/27/2020,SBY,MD,AEA,EN,Federal Contract Tower,0,13,6,2,21,0,1,2,0,3,0,14,8,2,24,0,0,0,24
04/28/2020,SBY,MD,AEA,EN,Federal Contract Tower,0,17,9,2,28,0,8,14,26,48,0,25,23,28,76,30,68,98,174
04/29/2020,SBY,MD,AEA,EN,Federal Contract Tower,0,14,8,2,24,0,2,32,6,40,0,16,40,8,64,14,34,48,112
04/30/2020,SBY,MD,AEA,EN,Federal Contract Tower,0,16,1,0,17,0,0,8,0,8,0,16,9,0,25,22,0,22,47
05/01/2020,SBY,MD,AEA,EN,Federal Contract Tower,0,16,6,0,22,0,0,0,0,0,0,16,6,0,22,0,0,0,22
05/02/2020,SBY,MD,AEA,EN,Federal Contract Tower,0,7,1,0,8,0,1,40,0,41,0,8,41,0,49,0,0,0,49
05/03/2020,SBY,MD,AEA,EN,Federal Contract Tower,0,8,1,0,9,0,2,12,0,14,0,10,13,0,23,2,0,2,25
05/04/2020,SBY,MD,AEA,EN,Federal Contract Tower,0,11,6,0,17,0,8,27,6,41,0,19,33,6,58,38,56,94,152
05/05/2020,SBY,MD,AEA,EN,Federal Contract Tower,0,12,4,3,19,0,2,30,19,51,0,14,34,22,70,0,46,46,116
05/06/2020,SBY,MD,AEA,EN,Federal Contract Tower,0,13,9,0,22,0,0,0,0,0,0,13,9,0,22,0,0,0,22
05/07/2020,SBY,MD,AEA,EN,Federal Contract Tower,0,15,12,0,27,0,4,29,6,39,0,19,41,6,66,6,22,28,94
05/08/2020,SBY,MD,AEA,EN,Federal Contract Tower,0,12,4,2,18,0,0,7,3,10,0,12,11,5,28,20,24,44,72
05/09/2020,SBY,MD,AEA,EN,Federal Contract Tower,0,9,0,0,9,0,0,5,0,5,0,9,5,0,14,36,0,36,50
05/10/2020,SBY,MD,AEA,EN,Federal Contract Tower,0,6,4,0,10,0,0,16,0,16,0,6,20,0,26,4,0,4,30
05/11/2020,SBY,MD,AEA,EN,Federal Contract Tower,0,12,2,0,14,0,30,11,4,45,0,42,13,4,59,34,36,70,129
05/12/2020,SBY,MD,AEA,EN,Federal Contract Tower,0,10,0,2,12,0,9,10,6,25,0,19,10,8,37,34,44,78,115
05/13/2020,SBY,MD,AEA,EN,Federal Contract Tower,0,13,6,1,20,0,16,34,16,66,0,29,40,17,86,24,48,72,158
05/14/2020,SBY,MD,AEA,EN,Federal Contract Tower,0,14,6,1,21,0,0,32,12,44,0,14,38,13,65,36,60,96,161
05/15/2020,SBY,MD,AEA,EN,Federal Contract Tower,0,11,11,0,22,0,2,15,2,19,0,13,26,2,41,0,18,18,59
05/16/2020,SBY,MD,AEA,EN,Federal Contract Tower,0,6,0,1,7,0,0,19,3,22,0,6,19,4,29,2,14,16,45
05/17/2020,SBY,MD,AEA,EN,Federal Contract Tower,0,6,3,0,9,0,0,2,0,2,0,6,5,0,11,6,0,6,17
05/18/2020,SBY,MD,AEA,EN,Federal Contract Tower,0,12,2,0,14,0,0,0,0,0,0,12,2,0,14,0,0,0,14
05/19/2020,SBY,MD,AEA,EN,Federal Contract Tower,0,13,1,1,15,0,4,0,43,47,0,17,1,44,62,0,96,96,158
05/20/2020,SBY,MD,AEA,EN,Federal Contract Tower,0,14,3,3,20,0,10,0,1,11,0,24,3,4,31,0,0,0,31
05/21/2020,SBY,MD,AEA,EN,Federal Contract Tower,0,14,14,0,28,0,0,20,12,32,0,14,34,12,60,36,80,116,176
05/22/2020,SBY,MD,AEA,EN,Federal Contract Tower,0,18,5,0,23,0,0,0,0,0,0,18,5,0,23,0,0,0,23
05/23/2020,SBY,MD,AEA,EN,Federal Contract Tower,0,6,1,0,7,0,0,12,0,12,0,6,13,0,19,8,0,8,27
05/24/2020,SBY,MD,AEA,EN,Federal Contract Tower,0,6,16,0,22,0,2,0,0,2,0,8,16,0,24,0,0,0,24
05/25/2020,SBY,MD,AEA,EN,Federal Contract Tower,0,9,9,0,18,0,6,0,0,6,0,15,9,0,24,0,0,0,24
05/26/2020,SBY,MD,AEA,EN,Federal Contract Tower,0,12,8,0,20,0,2,10,2,14,0,14,18,2,34,0,6,6,40
05/27/2020,SBY,MD,AEA,EN,Federal Contract Tower,0,15,13,0,28,0,2,29,2,33,0,17,42,2,61,22,4,26,87
05/28/2020,SBY,MD,AEA,EN,Federal Contract Tower,0,14,5,0,19,0,0,2,0,2,0,14,7,0,21,0,0,0,21
05/29/2020,SBY,MD,AEA,EN,Federal Contract Tower,0,12,8,0,20,0,0,0,0,0,0,12,8,0,20,0,0,0,20
05/30/2020,SBY,MD,AEA,EN,Federal Contract Tower,0,10,2,0,12,0,0,28,0,28,0,10,30,0,40,26,0,26,66
05/31/2020,SBY,MD,AEA,EN,Federal Contract Tower,0,8,4,0,12,0,2,54,0,56,0,10,58,0,68,46,0,46,114
06/01/2020,SBY,MD,AEA,EN,Federal Contract Tower,0,9,2,0,11,0,2,25,26,53,0,11,27,26,64,20,86,106,170
06/02/2020,SBY,MD,AEA,EN,Federal Contract Tower,0,15,5,4,24,0,0,48,0,48,0,15,53,4,72,56,0,56,128
06/03/2020,SBY,MD,AEA,EN,Federal Contract Tower,0,14,3,2,19,0,13,13,10,36,0,27,16,12,55,2,64,66,121
06/04/2020,SBY,MD,AEA,EN,Federal Contract Tower,0,12,8,0,20,0,0,26,6,32,0,12,34,6,52,18,28,46,98
06/05/2020,SBY,MD,AEA,EN,Federal Contract Tower,0,13,6,0,19,0,2,12,4,18,0,15,18,4,37,0,4,4,41
06/06/2020,SBY,MD,AEA,EN,Federal Contract Tower,0,8,1,0,9,0,2,11,0,13,0,10,12,0,22,16,0,16,38
06/07/2020,SBY,MD,AEA,EN,Federal Contract Tower,0,7,3,0,10,0,0,49,0,49,0,7,52,0,59,36,0,36,95
06/08/2020,SBY,MD,AEA,EN,Federal Contract Tower,0,9,3,4,16,0,10,24,4,38,0,19,27,8,54,26,50,76,130
06/09/2020,SBY,MD,AEA,EN,Federal Contract Tower,0,12,6,0,18,0,5,52,6,63,0,17,58,6,81,32,6,38,119
06/10/2020,SBY,MD,AEA,EN,Federal Contract Tower,0,14,0,0,14,0,16,18,20,54,0,30,18,20,68,18,32,50,118
06/11/2020,SBY,MD,AEA,EN,Federal Contract Tower,0,14,0,0,14,0,2,0,0,2,0,16,0,0,16,0,0,0,16
06/12/2020,SBY,MD,AEA,EN,Federal Contract Tower,0,13,6,4,23,0,0,33,4,37,0,13,39,8,60,28,52,80,140
06/13/2020,SBY,MD,AEA,EN,Federal Contract Tower,0,6,17,0,23,0,1,59,0,60,0,7,76,0,83,48,0,48,131
06/14/2020,SBY,MD,AEA,EN,Federal Contract Tower,0,8,8,0,16,0,2,41,0,43,0,10,49,0,59,22,0,22,81
06/15/2020,SBY,MD,AEA,EN,Federal Contract Tower,0,10,7,0,17,0,0,11,4,15,0,10,18,4,32,0,22,22,54
06/16/2020,SBY,MD,AEA,EN,Federal Contract Tower,0,11,4,5,20,0,10,27,1,38,0,21,31,6,58,10,6,16,74
06/17/2020,SBY,MD,AEA,EN,Federal Contract Tower,0,19,5,0,24,0,0,0,0,0,0,19,5,0,24,0,0,0,24
06/18/2020,SBY,MD,AEA,EN,Federal Contract Tower,0,13,14,2,29,0,4,24,10,38,0,17,38,12,67,32,82,114,181
06/19/2020,SBY,MD,AEA,EN,Federal Contract Tower,0,16,3,0,19,0,0,21,1,22,0,16,24,1,41,10,14,24,65
06/20/2020,SBY,MD,AEA,EN,Federal Contract Tower,0,9,5,0,14,0,1,23,0,24,0,10,28,0,38,10,0,10,48
06/21/2020,SBY,MD,AEA,EN,Federal Contract Tower,0,8,7,0,15,0,6,22,0,28,0,14,29,0,43,4,0,4,47
06/22/2020,SBY,MD,AEA,EN,Federal Contract Tower,0,7,7,0,14,0,0,9,0,9,0,7,16,0,23,22,0,22,45
06/23/2020,SBY,MD,AEA,EN,Federal Contract Tower,0,18,8,0,26,0,4,43,40,87,0,22,51,40,113,10,108,118,231
06/24/2020,SBY,MD,AEA,EN,Federal Contract Tower,0,14,9,0,23,0,20,54,22,96,0,34,63,22,119,56,70,126,245
06/25/2020,SBY,MD,AEA,EN,Federal Contract Tower,0,15,4,0,19,0,0,13,10,23,0,15,17,10,42,32,46,78,120
06/26/2020,SBY,MD,AEA,EN,Federal Contract Tower,0,15,5,1,21,0,0,44,6,50,0,15,49,7,71,54,48,102,173
06/27/2020,SBY,MD,AEA,EN,Federal Contract Tower,0,7,7,0,14,0,0,49,0,49,0,7,56,0,63,102,0,102,165
06/28/2020,SBY,MD,AEA,EN,Federal Contract Tower,0,6,5,0,11,0,4,21,0,25,0,10,26,0,36,12,0,12,48
06/29/2020,SBY,MD,AEA,EN,Federal Contract Tower,0,13,3,0,16,0,8,49,6,63,0,21,52,6,79,52,34,86,165
06/30/2020,SBY,MD,AEA,EN,Federal Contract Tower,0,11,11,6,28,0,4,39,16,59,0,15,50,22,87,12,34,46,133
07/01/2020,SBY,MD,AEA,EN,Federal Contract Tower,0,16,3,0,19,0,2,6,0,8,0,18,9,0,27,6,0,6,33
07/02/2020,SBY,MD,AEA,EN,Federal Contract Tower,0,25,5,0,30,0,5,60,4,69,0,30,65,4,99,40,26,66,165
07/03/2020,SBY,MD,AEA,EN,Federal Contract Tower,0,11,0,0,11,0,2,38,2,42,0,13,38,2,53,28,14,42,95
07/04/2020,SBY,MD,AEA,EN,Federal Contract Tower,0,6,1,0,7,0,0,22,0,22,0,6,23,0,29,14,0,14,43
07/05/2020,SBY,MD,AEA,EN,Federal Contract Tower,0,9,9,0,18,0,1,16,0,17,0,10,25,0,35,2,0,2,37
07/06/2020,SBY,MD,AEA,EN,Federal Contract Tower,0,13,2,0,15,0,0,6,0,6,0,13,8,0,21,6,0,6,27
07/07/2020,SBY,MD,AEA,EN,Federal Contract Tower,0,16,16,0,32,0,4,5,2,11,0,20,21,2,43,8,0,8,51
07/08/2020,SBY,MD,AEA,EN,Federal Contract Tower,0,15,8,0,23,0,0,30,8,38,0,15,38,8,61,34,42,76,137
07/09/2020,SBY,MD,AEA,EN,Federal Contract Tower,0,22,12,2,36,0,9,16,6,31,0,31,28,8,67,40,14,54,121
07/10/2020,SBY,MD,AEA,EN,Federal Contract Tower,0,19,5,0,24,0,2,10,0,12,0,21,15,0,36,16,0,16,52
07/11/2020,SBY,MD,AEA,EN,Federal Contract Tower,0,8,4,0,12,0,2,17,0,19,0,10,21,0,31,64,0,64,95
07/12/2020,SBY,MD,AEA,EN,Federal Contract Tower,0,9,4,0,13,0,2,29,0,31,0,11,33,0,44,16,0,16,60
07/13/2020,SBY,MD,AEA,EN,Federal Contract Tower,0,17,2,0,19,0,0,51,14,65,0,17,53,14,84,92,50,142,226
07/14/2020,SBY,MD,AEA,EN,Federal Contract Tower,0,19,7,0,26,0,1,50,23,74,0,20,57,23,100,44,26,70,170
07/15/2020,SBY,MD,AEA,EN,Federal Contract Tower,0,16,4,2,22,0,9,51,24,84,0,25,55,26,106,76,104,180,286
07/16/2020,SBY,MD,AEA,EN,Federal Contract Tower,0,22,5,1,28,0,6,15,9,30,0,28,20,10,58,24,36,60,118
07/17/2020,SBY,MD,AEA,EN,Federal Contract Tower,0,15,7,0,22,0,0,9,6,15,0,15,16,6,37,0,36,36,73
07/18/2020,SBY,MD,AEA,EN,Federal Contract Tower,0,10,4,0,14,0,0,25,4,29,0,10,29,4,43,20,12,32,75
07/19/2020,SBY,MD,AEA,EN,Federal Contract Tower,0,13,5,0,18,0,0,22,0,22,0,13,27,0,40,14,0,14,54
07/20/2020,SBY,MD,AEA,EN,Federal Contract Tower,0,16,4,0,20,0,1,27,2,30,0,17,31,2,50,12,18,30,80
07/21/2020,SBY,MD,AEA,EN,Federal Contract Tower,0,18,2,0,20,0,13,20,12,45,0,31,22,12,65,10,16,26,91
07/22/2020,SBY,MD,AEA,EN,Federal Contract Tower,0,14,6,0,20,0,6,30,16,52,0,20,36,16,72,40,46,86,158
07/23/2020,SBY,MD,AEA,EN,Federal Contract Tower,0,15,7,0,22,0,0,37,6,43,0,15,44,6,65,44,56,100,165
07/24/2020,SBY,MD,AEA,EN,Federal Contract Tower,0,21,4,2,27,0,1,8,2,11,0,22,12,4,38,42,8,50,88
07/25/2020,SBY,MD,AEA,EN,Federal Contract Tower,0,7,15,0,22,0,0,27,0,27,0,7,42,0,49,18,0,18,67
07/26/2020,SBY,MD,AEA,EN,Federal Contract Tower,0,13,9,0,22,0,4,58,0,62,0,17,67,0,84,34,0,34,118
07/27/2020,SBY,MD,AEA,EN,Federal Contract Tower,0,13,2,0,15,0,7,29,6,42,0,20,31,6,57,46,14,60,117
07/28/2020,SBY,MD,AEA,EN,Federal Contract Tower,0,15,9,2,26,0,2,52,2,56,0,17,61,4,82,52,4,56,138
07/29/2020,SBY,MD,AEA,EN,Federal Contract Tower,0,13,7,2,22,0,2,47,4,53,0,15,54,6,75,36,4,40,115
07/30/2020,SBY,MD,AEA,EN,Federal Contract Tower,0,14,17,0,31,0,2,42,0,44,0,16,59,0,75,22,0,22,97
07/31/2020,SBY,MD,AEA,EN,Federal Contract Tower,0,19,10,0,29,0,4,0,0,4,0,23,10,0,33,2,0,2,35
08/01/2020,SBY,MD,AEA,EN,Federal Contract Tower,0,7,3,0,10,0,0,23,0,23,0,7,26,0,33,30,0,30,63
08/02/2020,SBY,MD,AEA,EN,Federal Contract Tower,0,13,11,0,24,0,16,27,0,43,0,29,38,0,67,0,0,0,67
08/03/2020,SBY,MD,AEA,EN,Federal Contract Tower,0,15,3,0,18,0,4,9,18,31,0,19,12,18,49,6,66,72,121
08/04/2020,SBY,MD,AEA,EN,Federal Contract Tower,0,11,7,0,18,0,0,6,0,6,0,11,13,0,24,4,0,4,28
08/05/2020,SBY,MD,AEA,EN,Federal Contract Tower,0,19,9,0,28,0,9,29,8,46,0,28,38,8,74,12,2,14,88
08/06/2020,SBY,MD,AEA,EN,Federal Contract Tower,0,16,11,0,27,0,0,0,12,12,0,16,11,12,39,0,0,0,39
08/07/2020,SBY,MD,AEA,EN,Federal Contract Tower,0,21,21,0,42,0,0,15,2,17,0,21,36,2,59,26,0,26,85
08/08/2020,SBY,MD,AEA,EN,Federal Contract Tower,0,8,9,0,17,0,12,28,0,40,0,20,37,0,57,26,0,26,83
08/09/2020,SBY,MD,AEA,EN,Federal Contract Tower,0,13,3,0,16,0,0,33,0,33,0,13,36,0,49,60,0,60,109
08/10/2020,SBY,MD,AEA,EN,Federal Contract Tower,0,13,8,10,31,0,2,45,44,91,0,15,53,54,122,52,140,192,314
08/11/2020,SBY,MD,AEA,EN,Federal Contract Tower,0,16,7,0,23,0,1,44,32,77,0,17,51,32,100,42,70,112,212
08/12/2020,SBY,MD,AEA,EN,Federal Contract Tower,0,15,6,0,21,0,2,17,0,19,0,17,23,0,40,10,0,10,50
08/13/2020,SBY,MD,AEA,EN,Federal Contract Tower,0,21,2,0,23,0,0,0,0,0,0,21,2,0,23,0,0,0,23
08/14/2020,SBY,MD,AEA,EN,Federal Contract Tower,0,23,8,4,35,0,0,4,14,18,0,23,12,18,53,4,0,4,57
08/15/2020,SBY,MD,AEA,EN,Federal Contract Tower,0,10,11,0,21,0,0,19,0,19,0,10,30,0,40,0,0,0,40
08/16/2020,SBY,MD,AEA,EN,Federal Contract Tower,0,12,7,0,19,0,0,0,0,0,0,12,7,0,19,0,0,0,19
08/17/2020,SBY,MD,AEA,EN,Federal Contract Tower,0,13,7,0,20,0,21,32,0,53,0,34,39,0,73,0,0,0,73
08/18/2020,SBY,MD,AEA,EN,Federal Contract Tower,0,15,14,2,31,0,4,69,14,87,0,19,83,16,118,44,38,82,200
08/19/2020,SBY,MD,AEA,EN,Federal Contract Tower,0,15,4,0,19,0,2,21,10,33,0,17,25,10,52,12,38,50,102
08/20/2020,SBY,MD,AEA,EN,Federal Contract Tower,0,14,12,0,26,0,0,28,8,36,0,14,40,8,62,56,36,92,154
08/21/2020,SBY,MD,AEA,EN,Federal Contract Tower,0,17,10,0,27,0,6,12,2,20,0,23,22,2,47,12,2,14,61
08/22/2020,SBY,MD,AEA,EN,Federal Contract Tower,0,13,12,0,25,0,0,4,0,4,0,13,16,0,29,4,0,4,33
08/23/2020,SBY,MD,AEA,EN,Federal Contract Tower,0,10,8,0,18,0,0,39,0,39,0,10,47,0,57,64,0,64,121
08/24/2020,SBY,MD,AEA,EN,Federal Contract Tower,0,14,8,0,22,0,20,55,28,103,0,34,63,28,125,64,72,136,261
08/25/2020,SBY,MD,AEA,EN,Federal Contract Tower,0,15,7,1,23,0,4,37,1,42,0,19,44,2,65,22,0,22,87
08/26/2020,SBY,MD,AEA,EN,Federal Contract Tower,0,12,15,2,29,0,3,99,0,102,0,15,114,2,131,94,0,94,225
08/27/2020,SBY,MD,AEA,EN,Federal Contract Tower,0,17,19,2,38,0,2,50,10,62,0,19,69,12,100,36,10,46,146
08/28/2020,SBY,MD,AEA,EN,Federal Contract Tower,0,14,11,0,25,0,16,58,8,82,0,30,69,8,107,2,0,2,109
08/29/2020,SBY,MD,AEA,EN,Federal Contract Tower,0,8,4,0,12,0,7,0,0,7,0,15,4,0,19,0,0,0,19
08/30/2020,SBY,MD,AEA,EN,Federal Contract Tower,0,14,7,0,21,0,0,56,0,56,0,14,63,0,77,46,0,46,123
08/31/2020,SBY,MD,AEA,EN,Federal Contract Tower,0,11,2,4,17,0,6,69,30,105,0,17,71,34,122,146,96,242,364
09/01/2020,SBY,MD,AEA,EN,Federal Contract Tower,0,14,8,0,22,0,10,71,14,95,0,24,79,14,117,46,52,98,215
09/02/2020,SBY,MD,AEA,EN,Federal Contract Tower,0,12,7,8,27,0,0,57,12,69,0,12,64,20,96,58,54,112,208
09/03/2020,SBY,MD,AEA,EN,Federal Contract Tower,0,17,11,2,30,0,10,54,5,69,0,27,65,7,99,42,26,68,167
09/04/2020,SBY,MD,AEA,EN,Federal Contract Tower,0,21,2,0,23,0,6,72,10,88,0,27,74,10,111,104,30,134,245
09/05/2020,SBY,MD,AEA,EN,Federal Contract Tower,0,8,3,0,11,0,0,47,0,47,0,8,50,0,58,68,0,68,126
09/06/2020,SBY,MD,AEA,EN,Federal Contract Tower,0,7,2,0,9,0,10,35,0,45,0,17,37,0,54,26,0,26,80
09/07/2020,SBY,MD,AEA,EN,Federal Contract Tower,0,12,9,0,21,0,5,71,0,76,0,17,80,0,97,40,0,40,137
09/08/2020,SBY,MD,AEA,EN,Federal Contract Tower,0,11,2,4,17,0,1,48,14,63,0,12,50,18,80,80,20,100,180
09/09/2020,SBY,MD,AEA,EN,Federal Contract Tower,0,16,10,0,26,0,0,0,0,0,0,16,10,0,26,0,0,0,26
09/10/2020,SBY,MD,AEA,EN,Federal Contract Tower,0,16,7,0,23,0,0,1,0,1,0,16,8,0,24,0,0,0,24
09/11/2020,SBY,MD,AEA,EN,Federal Contract Tower,0,14,12,0,26,0,0,2,0,2,0,14,14,0,28,18,0,18,46
09/12/2020,SBY,MD,AEA,EN,Federal Contract Tower,0,6,7,0,13,0,0,23,0,23,0,6,30,0,36,38,0,38,74
09/13/2020,SBY,MD,AEA,EN,Federal Contract Tower,0,12,12,0,24,0,0,53,2,55,0,12,65,2,79,28,0,28,107
09/14/2020,SBY,MD,AEA,EN,Federal Contract Tower,0,12,8,0,20,0,0,23,2,25,0,12,31,2,45,40,24,64,109
09/15/2020,SBY,MD,AEA,EN,Federal Contract Tower,0,17,7,0,24,0,26,68,16,110,0,43,75,16,134,110,42,152,286
09/16/2020,SBY,MD,AEA,EN,Federal Contract Tower,0,17,6,2,25,0,0,83,22,105,0,17,89,24,130,56,34,90,220
09/17/2020,SBY,MD,AEA,EN,Federal Contract Tower,0,18,10,2,30,0,0,23,7,30,0,18,33,9,60,78,26,104,164
09/18/2020,SBY,MD,AEA,EN,Federal Contract Tower,0,14,10,0,24,0,0,2,2,4,0,14,12,2,28,8,16,24,52
09/19/2020,SBY,MD,AEA,EN,Federal Contract Tower,0,6,7,0,13,0,0,18,0,18,0,6,25,0,31,6,0,6,37
09/20/2020,SBY,MD,AEA,EN,Federal Contract Tower,0,9,3,0,12,0,6,15,0,21,0,15,18,0,33,4,0,4,37
09/21/2020,SBY,MD,AEA,EN,Federal Contract Tower,0,14,8,0,22,0,1,52,30,83,0,15,60,30,105,92,140,232,337
09/22/2020,SBY,MD,AEA,EN,Federal Contract Tower,0,16,5,0,21,0,3,63,14,80,0,19,68,14,101,82,28,110,211
09/23/2020,SBY,MD,AEA,EN,Federal Contract Tower,0,14,9,7,30,0,4,84,13,101,0,18,93,20,131,66,58,124,255
09/24/2020,SBY,MD,AEA,EN,Federal Contract Tower,0,16,12,0,28,0,4,71,14,89,0,20,83,14,117,64,126,190,307
09/25/2020,SBY,MD,AEA,EN,Federal Contract Tower,0,16,13,0,29,0,0,60,16,76,0,16,73,16,105,48,68,116,221
09/26/2020,SBY,MD,AEA,EN,Federal Contract Tower,0,7,4,0,11,0,0,4,0,4,0,7,8,0,15,0,0,0,15
09/27/2020,SBY,MD,AEA,EN,Federal Contract Tower,0,10,12,0,22,0,0,0,0,0,0,10,12,0,22,0,0,0,22
09/28/2020,SBY,MD,AEA,EN,Federal Contract Tower,0,12,10,0,22,0,4,89,26,119,0,16,99,26,141,66,90,156,297
09/29/2020,SBY,MD,AEA,EN,Federal Contract Tower,0,10,12,0,22,0,0,17,14,31,0,10,29,14,53,26,54,80,133
10/01/2020,SBY,MD,AEA,EN,Federal Contract Tower,0,16,9,0,25,0,0,51,10,61,0,16,60,10,86,70,104,174,260
10/02/2020,SBY,MD,AEA,EN,Federal Contract Tower,0,13,5,0,18,0,0,29,20,49,0,13,34,20,67,36,94,130,197
10/03/2020,SBY,MD,AEA,EN,Federal Contract Tower,0,6,4,0,10,0,0,61,0,61,0,6,65,0,71,106,0,106,177
10/04/2020,SBY,MD,AEA,EN,Federal Contract Tower,0,9,0,0,9,0,0,46,0,46,0,9,46,0,55,90,0,90,145
10/05/2020,SBY,MD,AEA,EN,Federal Contract Tower,0,12,6,5,23,0,18,82,45,145,0,30,88,50,168,74,120,194,362
10/06/2020,SBY,MD,AEA,EN,Federal Contract Tower,0,18,9,2,29,0,2,63,26,91,0,20,72,28,120,78,112,190,310
10/07/2020,SBY,MD,AEA,EN,Federal Contract Tower,0,16,2,2,20,0,0,41,48,89,0,16,43,50,109,54,56,110,219
10/08/2020,SBY,MD,AEA,EN,Federal Contract Tower,0,18,6,0,24,0,2,50,4,56,0,20,56,4,80,38,0,38,118
10/09/2020,SBY,MD,AEA,EN,Federal Contract Tower,0,13,7,1,21,0,0,4,72,76,0,13,11,73,97,64,108,172,269
10/10/2020,SBY,MD,AEA,EN,Federal Contract Tower,0,8,4,0,12,0,8,19,0,27,0,16,23,0,39,16,0,16,55
10/11/2020,SBY,MD,AEA,EN,Federal Contract Tower,0,9,1,0,10,0,2,5,0,7,0,11,6,0,17,2,0,2,19
10/12/2020,SBY,MD,AEA,EN,Federal Contract Tower,0,11,4,0,15,0,0,0,0,0,0,11,4,0,15,0,0,0,15
10/13/2020,SBY,MD,AEA,EN,Federal Contract Tower,0,15,5,12,32,0,0,0,0,0,0,15,5,12,32,0,0,0,32
10/14/2020,SBY,MD,AEA,EN,Federal Contract Tower,0,19,11,1,31,0,22,103,12,137,0,41,114,13,168,118,50,168,336
10/15/2020,SBY,MD,AEA,EN,Federal Contract Tower,0,19,8,0,27,0,0,70,8,78,0,19,78,8,105,90,46,136,241
10/16/2020,SBY,MD,AEA,EN,Federal Contract Tower,0,18,7,0,25,0,0,0,0,0,0,18,7,0,25,0,0,0,25
10/17/2020,SBY,MD,AEA,EN,Federal Contract Tower,0,6,6,0,12,0,0,53,0,53,0,6,59,0,65,28,0,28,93
10/18/2020,SBY,MD,AEA,EN,Federal Contract Tower,0,8,5,0,13,0,0,27,0,27,0,8,32,0,40,16,0,16,56
10/19/2020,SBY,MD,AEA,EN,Federal Contract Tower,0,14,8,2,24,0,9,28,4,41,0,23,36,6,65,40,18,58,123
10/20/2020,SBY,MD,AEA,EN,Federal Contract Tower,0,13,20,1,34,0,22,22,5,49,0,35,42,6,83,30,34,64,147
10/21/2020,SBY,MD,AEA,EN,Federal Contract Tower,0,13,15,1,29,0,4,35,16,55,0,17,50,17,84,82,82,164,248
10/22/2020,SBY,MD,AEA,EN,Federal Contract Tower,0,17,18,4,39,0,2,58,2,62,0,19,76,6,101,34,14,48,149
10/23/2020,SBY,MD,AEA,EN,Federal Contract Tower,0,16,11,0,27,0,0,15,0,15,0,16,26,0,42,0,0,0,42
10/24/2020,SBY,MD,AEA,EN,Federal Contract Tower,0,9,13,1,23,0,0,50,1,51,0,9,63,2,74,72,50,122,196
10/25/2020,SBY,MD,AEA,EN,Federal Contract Tower,0,11,0,0,11,0,0,0,0,0,0,11,0,0,11,0,0,0,11
10/26/2020,SBY,MD,AEA,EN,Federal Contract Tower,0,11,5,0,16,0,4,4,0,8,0,15,9,0,24,8,0,8,32
10/27/2020,SBY,MD,AEA,EN,Federal Contract Tower,0,10,17,0,27,0,2,28,6,36,0,12,45,6,63,34,38,72,135
10/28/2020,SBY,MD,AEA,EN,Federal Contract Tower,0,16,8,1,25,0,2,15,9,26,0,18,23,10,51,26,40,66,117
10/29/2020,SBY,MD,AEA,EN,Federal Contract Tower,0,16,5,0,21,0,0,0,0,0,0,16,5,0,21,0,0,0,21
10/30/2020,SBY,MD,AEA,EN,Federal Contract Tower,0,15,2,0,17,0,1,1,6,8,0,16,3,6,25,0,0,0,25
10/31/2020,SBY,MD,AEA,EN,Federal Contract Tower,0,7,4,0,11,0,2,86,0,88,0,9,90,0,99,102,0,102,201
11/01/2020,SBY,MD,AEA,EN,Federal Contract Tower,0,9,5,0,14,0,0,10,0,10,0,9,15,0,24,0,0,0,24
11/02/2020,SBY,MD,AEA,EN,Federal Contract Tower,0,11,10,0,21,0,2,26,8,36,0,13,36,8,57,0,22,22,79
11/03/2020,SBY,MD,AEA,EN,Federal Contract Tower,0,13,15,0,28,0,42,51,10,103,0,55,66,10,131,26,26,52,183
11/04/2020,SBY,MD,AEA,EN,Federal Contract Tower,0,11,5,1,17,0,15,94,28,137,0,26,99,29,154,72,108,180,334
11/05/2020,SBY,MD,AEA,EN,Federal Contract Tower,0,19,7,0,26,0,9,56,4,69,0,28,63,4,95,60,44,104,199
11/06/2020,SBY,MD,AEA,EN,Federal Contract Tower,0,15,6,1,22,0,0,17,8,25,0,15,23,9,47,16,28,44,91
11/07/2020,SBY,MD,AEA,EN,Federal Contract Tower,0,11,5,3,19,0,0,51,1,52,0,11,56,4,71,40,0,40,111
11/08/2020,SBY,MD,AEA,EN,Federal Contract Tower,0,10,6,0,16,0,2,41,0,43,0,12,47,0,59,76,0,76,135
11/09/2020,SBY,MD,AEA,EN,Federal Contract Tower,0,15,9,0,24,0,14,45,6,65,0,29,54,6,89,20,48,68,157
11/10/2020,SBY,MD,AEA,EN,Federal Contract Tower,0,13,5,1,19,0,10,35,27,72,0,23,40,28,91,44,60,104,195
11/11/2020,SBY,MD,AEA,EN,Federal Contract Tower,0,8,1,0,9,0,0,9,0,9,0,8,10,0,18,10,0,10,28
11/12/2020,SBY,MD,AEA,EN,Federal Contract Tower,0,18,2,0,20,0,0,0,0,0,0,18,2,0,20,0,0,0,20
11/13/2020,SBY,MD,AEA,EN,Federal Contract Tower,0,16,10,0,26,0,0,13,2,15,0,16,23,2,41,0,12,12,53
11/14/2020,SBY,MD,AEA,EN,Federal Contract Tower,0,10,6,0,16,0,0,62,0,62,0,10,68,0,78,70,0,70,148
11/15/2020,SBY,MD,AEA,EN,Federal Contract Tower,0,14,0,0,14,0,8,8,0,16,0,22,8,0,30,10,0,10,40
11/16/2020,SBY,MD,AEA,EN,Federal Contract Tower,0,14,4,1,19,0,0,38,19,57,0,14,42,20,76,36,100,136,212
11/17/2020,SBY,MD,AEA,EN,Federal Contract Tower,0,15,3,0,18,0,2,20,2,24,0,17,23,2,42,14,0,14,56
11/18/2020,SBY,MD,AEA,EN,Federal Contract Tower,0,11,4,0,15,0,2,10,12,24,0,13,14,12,39,0,2,2,41
11/19/2020,SBY,MD,AEA,EN,Federal Contract Tower,0,20,5,0,25,0,12,28,14,54,0,32,33,14,79,22,54,76,155
11/20/2020,SBY,MD,AEA,EN,Federal Contract Tower,0,21,14,0,35,0,0,38,2,40,0,21,52,2,75,16,8,24,99
11/21/2020,SBY,MD,AEA,EN,Federal Contract Tower,0,11,10,0,21,0,0,78,14,92,0,11,88,14,113,120,26,146,259
11/22/2020,SBY,MD,AEA,EN,Federal Contract Tower,0,18,9,0,27,0,0,12,0,12,0,18,21,0,39,0,0,0,39
11/23/2020,SBY,MD,AEA,EN,Federal Contract Tower,0,12,2,8,22,0,2,22,64,88,0,14,24,72,110,10,158,168,278
11/24/2020,SBY,MD,AEA,EN,Federal Contract Tower,0,16,9,2,27,0,4,50,14,68,0,20,59,16,95,34,30,64,159
11/25/2020,SBY,MD,AEA,EN,Federal Contract Tower,0,16,7,0,23,0,6,28,14,48,0,22,35,14,71,16,0,16,87
11/26/2020,SBY,MD,AEA,EN,Federal Contract Tower,0,0,2,0,2,0,0,0,0,0,0,0,2,0,2,0,0,0,2
11/27/2020,SBY,MD,AEA,EN,Federal Contract Tower,0,10,5,0,15,0,8,21,0,29,0,18,26,0,44,56,0,56,100
11/28/2020,SBY,MD,AEA,EN,Federal Contract Tower,0,13,8,0,21,0,0,37,0,37,0,13,45,0,58,42,0,42,100
11/29/2020,SBY,MD,AEA,EN,Federal Contract Tower,0,9,7,0,16,0,24,74,0,98,0,33,81,0,114,66,0,66,180
11/30/2020,SBY,MD,AEA,EN,Federal Contract Tower,0,8,8,0,16,0,14,0,0,14,0,22,8,0,30,0,0,0,30
12/01/2020,SBY,MD,AEA,EN,Federal Contract Tower,0,18,8,0,26,0,4,31,2,37,0,22,39,2,63,12,18,30,93
12/02/2020,SBY,MD,AEA,EN,Federal Contract Tower,0,12,8,0,20,0,0,25,0,25,0,12,33,0,45,12,0,12,57
12/03/2020,SBY,MD,AEA,EN,Federal Contract Tower,0,22,8,2,32,0,0,42,4,46,0,22,50,6,78,22,26,48,126
12/04/2020,SBY,MD,AEA,EN,Federal Contract Tower,0,20,3,0,23,0,0,35,4,39,0,20,38,4,62,10,20,30,92
12/05/2020,SBY,MD,AEA,EN,Federal Contract Tower,0,7,0,0,7,0,0,0,0,0,0,7,0,0,7,0,0,0,7
12/06/2020,SBY,MD,AEA,EN,Federal Contract Tower,0,13,2,1,16,0,5,16,1,22,0,18,18,2,38,2,0,2,40
12/07/2020,SBY,MD,AEA,EN,Federal Contract Tower,0,13,3,5,21,0,6,2,3,11,0,19,5,8,32,0,18,18,50
12/08/2020,SBY,MD,AEA,EN,Federal Contract Tower,0,17,5,0,22,0,6,20,2,28,0,23,25,2,50,22,0,22,72
12/09/2020,SBY,MD,AEA,EN,Federal Contract Tower,0,10,6,3,19,0,3,42,10,55,0,13,48,13,74,46,50,96,170
12/10/2020,SBY,MD,AEA,EN,Federal Contract Tower,0,19,9,0,28,0,6,50,6,62,0,25,59,6,90,36,18,54,144
12/11/2020,SBY,MD,AEA,EN,Federal Contract Tower,0,17,4,0,21,0,3,35,2,40,0,20,39,2,61,40,16,56,117
12/12/2020,SBY,MD,AEA,EN,Federal Contract Tower,0,10,3,0,13,0,0,29,0,29,0,10,32,0,42,24,0,24,66
12/13/2020,SBY,MD,AEA,EN,Federal Contract Tower,0,10,1,0,11,0,16,64,0,80,0,26,65,0,91,124,0,124,215
12/14/2020,SBY,MD,AEA,EN,Federal Contract Tower,0,14,3,0,17,0,2,0,0,2,0,16,3,0,19,0,0,0,19
12/15/2020,SBY,MD,AEA,EN,Federal Contract Tower,0,16,5,0,21,0,4,46,6,56,0,20,51,6,77,30,4,34,111
12/16/2020,SBY,MD,AEA,EN,Federal Contract Tower,0,16,0,4,20,0,4,2,4,10,0,20,2,8,30,0,0,0,30
12/17/2020,SBY,MD,AEA,EN,Federal Contract Tower,0,19,3,2,24,0,5,14,2,21,0,24,17,4,45,0,8,8,53
12/18/2020,SBY,MD,AEA,EN,Federal Contract Tower,0,21,5,0,26,0,0,24,4,28,0,21,29,4,54,10,4,14,68
12/19/2020,SBY,MD,AEA,EN,Federal Contract Tower,0,13,1,0,14,0,0,43,0,43,0,13,44,0,57,106,0,106,163
12/20/2020,SBY,MD,AEA,EN,Federal Contract Tower,0,9,8,0,17,0,0,0,0,0,0,9,8,0,17,0,0,0,17
12/21/2020,SBY,MD,AEA,EN,Federal Contract Tower,0,19,4,0,23,0,0,0,0,0,0,19,4,0,23,0,0,0,23
12/22/2020,SBY,MD,AEA,EN,Federal Contract Tower,0,19,8,0,27,0,16,18,6,40,0,35,26,6,67,8,12,20,87
12/23/2020,SBY,MD,AEA,EN,Federal Contract Tower,0,20,10,0,30,0,0,53,2,55,0,20,63,2,85,48,0,48,133
12/24/2020,SBY,MD,AEA,EN,Federal Contract Tower,0,11,1,0,12,0,2,4,0,6,0,13,5,0,18,0,0,0,18
12/25/2020,SBY,MD,AEA,EN,Federal Contract Tower,0,5,2,0,7,0,2,0,0,2,0,7,2,0,9,0,0,0,9
12/26/2020,SBY,MD,AEA,EN,Federal Contract Tower,0,13,5,0,18,0,0,29,0,29,0,13,34,0,47,4,0,4,51
12/27/2020,SBY,MD,AEA,EN,Federal Contract Tower,0,12,2,0,14,0,2,14,0,16,0,14,16,0,30,6,0,6,36
12/28/2020,SBY,MD,AEA,EN,Federal Contract Tower,0,16,7,0,23,0,13,75,30,118,0,29,82,30,141,76,98,174,315
12/29/2020,SBY,MD,AEA,EN,Federal Contract Tower,0,19,4,0,23,0,8,35,0,43,0,27,39,0,66,24,0,24,90
12/30/2020,SBY,MD,AEA,EN,Federal Contract Tower,0,15,8,0,23,0,8,43,0,51,0,23,51,0,74,8,0,8,82
12/31/2020,SBY,MD,AEA,EN,Federal Contract Tower,0,12,6,0,18,0,0,0,0,0,0,12,6,0,18,0,0,0,18
01/01/2021,SBY,MD,AEA,EN,Federal Contract Tower,0,7,0,0,7,0,0,1,0,1,0,7,1,0,8,0,0,0,8
01/02/2021,SBY,MD,AEA,EN,Federal Contract Tower,0,15,1,0,16,0,0,3,0,3,0,15,4,0,19,10,0,10,29
01/03/2021,SBY,MD,AEA,EN,Federal Contract Tower,0,14,3,0,17,0,0,0,0,0,0,14,3,0,17,0,0,0,17
01/04/2021,SBY,MD,AEA,EN,Federal Contract Tower,0,13,5,0,18,0,1,2,2,5,0,14,7,2,23,8,0,8,31
01/05/2021,SBY,MD,AEA,EN,Federal Contract Tower,0,11,2,5,18,0,0,12,3,15,0,11,14,8,33,26,16,42,75
01/06/2021,SBY,MD,AEA,EN,Federal Contract Tower,0,15,9,0,24,0,3,27,34,64,0,18,36,34,88,2,0,2,90
01/07/2021,SBY,MD,AEA,EN,Federal Contract Tower,0,18,5,2,25,0,10,45,14,69,0,28,50,16,94,20,0,20,114
01/08/2021,SBY,MD,AEA,EN,Federal Contract Tower,0,13,7,0,20,0,0,19,2,21,0,13,26,2,41,12,28,40,81
01/09/2021,SBY,MD,AEA,EN,Federal Contract Tower,0,5,8,0,13,0,6,15,0,21,0,11,23,0,34,20,0,20,54
01/10/2021,SBY,MD,AEA,EN,Federal Contract Tower,0,11,6,0,17,0,1,52,0,53,0,12,58,0,70,20,0,20,90
01/11/2021,SBY,MD,AEA,EN,Federal Contract Tower,0,13,2,0,15,0,2,32,8,42,0,15,34,8,57,24,8,32,89
01/12/2021,SBY,MD,AEA,EN,Federal Contract Tower,0,12,7,0,19,0,2,46,20,68,0,14,53,20,87,40,10,50,137
01/13/2021,SBY,MD,AEA,EN,Federal Contract Tower,0,11,7,2,20,0,2,44,14,60,0,13,51,16,80,14,56,70,150
01/14/2021,SBY,MD,AEA,EN,Federal Contract Tower,0,34,2,0,36,0,0,41,6,47,0,34,43,6,83,46,38,84,167
01/15/2021,SBY,MD,AEA,EN,Federal Contract Tower,0,15,9,2,26,0,2,19,3,24,0,17,28,5,50,16,20,36,86
01/16/2021,SBY,MD,AEA,EN,Federal Contract Tower,0,7,7,0,14,0,0,25,0,25,0,7,32,0,39,24,0,24,63
01/17/2021,SBY,MD,AEA,EN,Federal Contract Tower,0,8,5,0,13,0,0,42,0,42,0,8,47,0,55,30,0,30,85
01/18/2021,SBY,MD,AEA,EN,Federal Contract Tower,0,13,8,0,21,0,8,49,0,57,0,21,57,0,78,44,0,44,122
01/19/2021,SBY,MD,AEA,EN,Federal Contract Tower,0,14,10,0,24,0,10,42,0,52,0,24,52,0,76,26,0,26,102
01/20/2021,SBY,MD,AEA,EN,Federal Contract Tower,0,10,3,2,15,0,0,16,8,24,0,10,19,10,39,2,18,20,59
01/21/2021,SBY,MD,AEA,EN,Federal Contract Tower,0,15,12,2,29,0,7,27,14,48,0,22,39,16,77,32,54,86,163
01/22/2021,SBY,MD,AEA,EN,Federal Contract Tower,0,15,5,0,20,0,2,61,0,63,0,17,66,0,83,38,0,38,121
01/23/2021,SBY,MD,AEA,EN,Federal Contract Tower,0,7,3,0,10,0,1,18,6,25,0,8,21,6,35,8,0,8,43
01/24/2021,SBY,MD,AEA,EN,Federal Contract Tower,0,10,5,0,15,0,38,51,0,89,0,48,56,0,104,66,0,66,170
01/25/2021,SBY,MD,AEA,EN,Federal Contract Tower,0,9,0,0,9,0,2,33,0,35,0,11,33,0,44,0,0,0,44
01/26/2021,SBY,MD,AEA,EN,Federal Contract Tower,0,11,0,0,11,0,0,0,0,0,0,11,0,0,11,0,0,0,11
01/27/2021,SBY,MD,AEA,EN,Federal Contract Tower,0,10,10,8,28,0,2,42,26,70,0,12,52,34,98,62,100,162,260
01/28/2021,SBY,MD,AEA,EN,Federal Contract Tower,0,17,5,0,22,0,11,4,4,19,0,28,9,4,41,2,10,12,53
01/29/2021,SBY,MD,AEA,EN,Federal Contract Tower,0,17,3,0,20,0,6,12,0,18,0,23,15,0,38,0,0,0,38
01/30/2021,SBY,MD,AEA,EN,Federal Contract Tower,0,10,10,0,20,0,0,47,0,47,0,10,57,0,67,16,0,16,83
01/31/2021,SBY,MD,AEA,EN,Federal Contract Tower,0,9,1,0,10,0,0,0,0,0,0,9,1,0,10,0,0,0,10
02/01/2021,SBY,MD,AEA,EN,Federal Contract Tower,0,10,3,0,13,0,0,0,0,0,0,10,3,0,13,0,0,0,13
02/02/2021,SBY,MD,AEA,EN,Federal Contract Tower,0,5,2,0,7,0,0,0,0,0,0,5,2,0,7,0,0,0,7
02/03/2021,SBY,MD,AEA,EN,Federal Contract Tower,0,12,11,0,23,0,11,9,6,26,0,23,20,6,49,2,24,26,75
02/04/2021,SBY,MD,AEA,EN,Federal Contract Tower,0,16,6,0,22,0,2,55,8,65,0,18,61,8,87,92,28,120,207
02/05/2021,SBY,MD,AEA,EN,Federal Contract Tower,0,19,3,0,22,0,2,13,0,15,0,21,16,0,37,24,0,24,61
02/06/2021,SBY,MD,AEA,EN,Federal Contract Tower,0,7,8,0,15,0,0,60,0,60,0,7,68,0,75,66,0,66,141
02/07/2021,SBY,MD,AEA,EN,Federal Contract Tower,0,7,4,0,11,0,0,0,0,0,0,7,4,0,11,0,0,0,11
02/08/2021,SBY,MD,AEA,EN,Federal Contract Tower,0,18,11,0,29,0,18,62,2,82,0,36,73,2,111,138,0,138,249
02/09/2021,SBY,MD,AEA,EN,Federal Contract Tower,0,8,4,2,14,0,8,0,0,8,0,16,4,2,22,0,0,0,22
02/10/2021,SBY,MD,AEA,EN,Federal Contract Tower,0,15,7,4,26,0,23,61,22,106,0,38,68,26,132,102,16,118,250
02/11/2021,SBY,MD,AEA,EN,Federal Contract Tower,0,8,0,0,8,0,0,0,0,0,0,8,0,0,8,0,0,0,8
02/12/2021,SBY,MD,AEA,EN,Federal Contract Tower,0,19,5,0,24,0,0,2,0,2,0,19,7,0,26,0,0,0,26
02/13/2021,SBY,MD,AEA,EN,Federal Contract Tower,0,3,0,0,3,0,0,0,0,0,0,3,0,0,3,0,0,0,3
02/14/2021,SBY,MD,AEA,EN,Federal Contract Tower,0,8,3,0,11,0,0,0,0,0,0,8,3,0,11,0,0,0,11
02/15/2021,SBY,MD,AEA,EN,Federal Contract Tower,0,10,5,0,15,0,0,0,0,0,0,10,5,0,15,0,0,0,15
02/16/2021,SBY,MD,AEA,EN,Federal Contract Tower,0,11,8,0,19,0,19,3,6,28,0,30,11,6,47,0,0,0,47
02/17/2021,SBY,MD,AEA,EN,Federal Contract Tower,0,12,6,0,18,0,0,88,32,120,0,12,94,32,138,88,38,126,264
02/18/2021,SBY,MD,AEA,EN,Federal Contract Tower,0,7,4,0,11,0,0,0,0,0,0,7,4,0,11,0,0,0,11
02/19/2021,SBY,MD,AEA,EN,Federal Contract Tower,0,15,5,0,20,0,0,0,0,0,0,15,5,0,20,0,0,0,20
02/20/2021,SBY,MD,AEA,EN,Federal Contract Tower,0,4,8,0,12,0,1,11,0,12,0,5,19,0,24,4,0,4,28
02/21/2021,SBY,MD,AEA,EN,Federal Contract Tower,0,10,12,0,22,0,18,98,0,116,0,28,110,0,138,162,0,162,300
02/22/2021,SBY,MD,AEA,EN,Federal Contract Tower,0,19,0,0,19,0,18,5,0,23,0,37,5,0,42,38,0,38,80
02/23/2021,SBY,MD,AEA,EN,Federal Contract Tower,0,10,6,2,18,0,8,33,0,41,0,18,39,2,59,164,0,164,223
02/24/2021,SBY,MD,AEA,EN,Federal Contract Tower,0,20,10,3,33,0,5,73,4,82,0,25,83,7,115,108,4,112,227
02/25/2021,SBY,MD,AEA,EN,Federal Contract Tower,0,25,9,1,35,0,4,47,7,58,0,29,56,8,93,74,42,116,209
02/26/2021,SBY,MD,AEA,EN,Federal Contract Tower,0,21,4,2,27,0,7,62,2,71,0,28,66,4,98,108,2,110,208
02/27/2021,SBY,MD,AEA,EN,Federal Contract Tower,0,12,4,0,16,0,0,2,0,2,0,12,6,0,18,10,0,10,28
02/28/2021,SBY,MD,AEA,EN,Federal Contract Tower,0,17,5,0,22,0,0,0,0,0,0,17,5,0,22,0,0,0,22
03/01/2021,SBY,MD,AEA,EN,Federal Contract Tower,0,14,1,0,15,0,0,0,0,0,0,14,1,0,15,0,0,0,15
03/02/2021,SBY,MD,AEA,EN,Federal Contract Tower,0,11,3,3,17,0,10,28,13,51,0,21,31,16,68,80,38,118,186
03/03/2021,SBY,MD,AEA,EN,Federal Contract Tower,0,13,6,0,19,0,0,82,6,88,0,13,88,6,107,128,30,158,265
03/05/2021,SBY,MD,AEA,EN,Federal Contract Tower,0,15,10,2,27,0,0,7,8,15,0,15,17,10,42,0,38,38,80
03/06/2021,SBY,MD,AEA,EN,Federal Contract Tower,0,11,7,0,18,0,0,28,2,30,0,11,35,2,48,22,0,22,70
03/07/2021,SBY,MD,AEA,EN,Federal Contract Tower,0,10,8,0,18,0,18,28,0,46,0,28,36,0,64,34,0,34,98
03/08/2021,SBY,MD,AEA,EN,Federal Contract Tower,0,17,8,0,25,0,0,109,14,123,0,17,117,14,148,220,62,282,430
03/09/2021,SBY,MD,AEA,EN,Federal Contract Tower,0,20,10,2,32,0,10,66,20,96,0,30,76,22,128,156,76,232,360
03/10/2021,SBY,MD,AEA,EN,Federal Contract Tower,0,17,12,0,29,0,18,72,14,104,0,35,84,14,133,132,28,160,293
03/11/2021,SBY,MD,AEA,EN,Federal Contract Tower,0,21,3,0,24,0,2,29,6,37,0,23,32,6,61,14,20,34,95
03/12/2021,SBY,MD,AEA,EN,Federal Contract Tower,0,12,4,2,18,0,1,56,14,71,0,13,60,16,89,80,32,112,201
03/13/2021,SBY,MD,AEA,EN,Federal Contract Tower,0,8,8,0,16,0,0,18,0,18,0,8,26,0,34,14,0,14,48
03/14/2021,SBY,MD,AEA,EN,Federal Contract Tower,0,9,4,0,13,0,5,16,0,21,0,14,20,0,34,4,0,4,38
03/15/2021,SBY,MD,AEA,EN,Federal Contract Tower,0,19,8,0,27,0,12,65,6,83,0,31,73,6,110,122,38,160,270
03/16/2021,SBY,MD,AEA,EN,Federal Contract Tower,0,18,5,0,23,0,0,14,4,18,0,18,19,4,41,0,0,0,41
03/17/2021,SBY,MD,AEA,EN,Federal Contract Tower,0,20,4,2,26,0,2,0,0,2,0,22,4,2,28,0,0,0,28
03/18/2021,SBY,MD,AEA,EN,Federal Contract Tower,0,15,1,0,16,0,0,0,0,0,0,15,1,0,16,0,0,0,16
03/19/2021,SBY,MD,AEA,EN,Federal Contract Tower,0,15,0,0,15,0,0,5,2,7,0,15,5,2,22,0,26,26,48
03/20/2021,SBY,MD,AEA,EN,Federal Contract Tower,0,10,4,0,14,0,2,78,0,80,0,12,82,0,94,56,0,56,150
03/21/2021,SBY,MD,AEA,EN,Federal Contract Tower,0,10,2,0,12,0,4,68,0,72,0,14,70,0,84,78,0,78,162
03/22/2021,SBY,MD,AEA,EN,Federal Contract Tower,0,11,6,1,18,0,19,72,22,113,0,30,78,23,131,118,114,232,363
03/23/2021,SBY,MD,AEA,EN,Federal Contract Tower,0,12,5,0,17,0,0,18,2,20,0,12,23,2,37,56,26,82,119
03/24/2021,SBY,MD,AEA,EN,Federal Contract Tower,0,23,8,0,31,0,0,0,0,0,0,23,8,0,31,0,0,0,31
03/25/2021,SBY,MD,AEA,EN,Federal Contract Tower,0,16,11,2,29,0,4,15,8,27,0,20,26,10,56,4,42,46,102
03/26/2021,SBY,MD,AEA,EN,Federal Contract Tower,0,15,3,2,20,0,1,2,0,3,0,16,5,2,23,0,0,0,23
03/27/2021,SBY,MD,AEA,EN,Federal Contract Tower,0,9,7,0,16,0,0,79,0,79,0,9,86,0,95,62,0,62,157
03/28/2021,SBY,MD,AEA,EN,Federal Contract Tower,0,9,1,0,10,0,0,0,0,0,0,9,1,0,10,0,0,0,10
03/29/2021,SBY,MD,AEA,EN,Federal Contract Tower,0,15,13,0,28,0,23,26,6,55,0,38,39,6,83,34,24,58,141
03/30/2021,SBY,MD,AEA,EN,Federal Contract Tower,0,10,6,0,16,0,18,41,9,68,0,28,47,9,84,58,48,106,190
03/31/2021,SBY,MD,AEA,EN,Federal Contract Tower,0,20,6,2,28,0,0,24,4,28,0,20,30,6,56,58,22,80,136
04/01/2021,SBY,MD,AEA,EN,Federal Contract Tower,0,15,10,3,28,0,0,13,5,18,0,15,23,8,46,12,12,24,70
04/02/2021,SBY,MD,AEA,EN,Federal Contract Tower,0,16,5,0,21,0,0,27,0,27,0,16,32,0,48,12,0,12,60
04/03/2021,SBY,MD,AEA,EN,Federal Contract Tower,0,9,10,0,19,0,0,69,0,69,0,9,79,0,88,72,0,72,160
04/04/2021,SBY,MD,AEA,EN,Federal Contract Tower,0,10,5,0,15,0,12,42,2,56,0,22,47,2,71,64,0,64,135
04/05/2021,SBY,MD,AEA,EN,Federal Contract Tower,0,14,8,0,22,0,23,73,26,122,0,37,81,26,144,132,90,222,366
04/06/2021,SBY,MD,AEA,EN,Federal Contract Tower,0,14,3,0,17,0,8,83,18,109,0,22,86,18,126,126,74,200,326
04/07/2021,SBY,MD,AEA,EN,Federal Contract Tower,0,16,10,0,26,0,18,57,15,90,0,34,67,15,116,124,14,138,254
04/08/2021,SBY,MD,AEA,EN,Federal Contract Tower,0,15,8,8,31,0,1,51,14,66,0,16,59,22,97,106,32,138,235
04/09/2021,SBY,MD,AEA,EN,Federal Contract Tower,0,15,5,0,20,0,1,23,0,24,0,16,28,0,44,74,0,74,118
04/10/2021,SBY,MD,AEA,EN,Federal Contract Tower,0,9,10,0,19,0,0,31,0,31,0,9,41,0,50,20,0,20,70
04/11/2021,SBY,MD,AEA,EN,Federal Contract Tower,0,12,1,0,13,0,0,12,0,12,0,12,13,0,25,46,0,46,71
04/12/2021,SBY,MD,AEA,EN,Federal Contract Tower,0,12,11,0,23,0,30,2,0,32,0,42,13,0,55,0,0,0,55
04/13/2021,SBY,MD,AEA,EN,Federal Contract Tower,0,16,21,4,41,0,4,49,0,53,0,20,70,4,94,24,0,24,118
04/14/2021,SBY,MD,AEA,EN,Federal Contract Tower,0,15,9,0,24,0,5,59,2,66,0,20,68,2,90,132,0,132,222
04/15/2021,SBY,MD,AEA,EN,Federal Contract Tower,0,16,6,3,25,0,0,13,6,19,0,16,19,9,44,22,48,70,114
04/16/2021,SBY,MD,AEA,EN,Federal Contract Tower,0,16,10,0,26,0,0,35,0,35,0,16,45,0,61,24,0,24,85
04/17/2021,SBY,MD,AEA,EN,Federal Contract Tower,0,7,18,0,25,0,0,80,0,80,0,7,98,0,105,68,0,68,173
04/18/2021,SBY,MD,AEA,EN,Federal Contract Tower,0,11,3,0,14,0,4,75,0,79,0,15,78,0,93,58,0,58,151
04/19/2021,SBY,MD,AEA,EN,Federal Contract Tower,0,12,3,0,15,0,0,7,0,7,0,12,10,0,22,0,0,0,22
04/20/2021,SBY,MD,AEA,EN,Federal Contract Tower,0,16,7,2,25,0,23,76,38,137,0,39,83,40,162,124,100,224,386
04/21/2021,SBY,MD,AEA,EN,Federal Contract Tower,0,13,1,0,14,0,2,22,10,34,0,15,23,10,48,74,44,118,166
04/22/2021,SBY,MD,AEA,EN,Federal Contract Tower,0,15,10,4,29,0,0,13,10,23,0,15,23,14,52,24,48,72,124
04/23/2021,SBY,MD,AEA,EN,Federal Contract Tower,0,16,3,0,19,0,6,35,18,59,0,22,38,18,78,26,80,106,184
04/24/2021,SBY,MD,AEA,EN,Federal Contract Tower,0,9,4,0,13,0,5,60,0,65,0,14,64,0,78,80,0,80,158
04/25/2021,SBY,MD,AEA,EN,Federal Contract Tower,0,9,1,0,10,0,5,12,0,17,0,14,13,0,27,0,0,0,27
04/26/2021,SBY,MD,AEA,EN,Federal Contract Tower,0,10,9,0,19,0,14,35,6,55,0,24,44,6,74,62,38,100,174
04/27/2021,SBY,MD,AEA,EN,Federal Contract Tower,0,18,10,3,31,0,8,41,19,68,0,26,51,22,99,40,82,122,221
04/28/2021,SBY,MD,AEA,EN,Federal Contract Tower,0,19,9,1,29,0,8,45,6,59,0,27,54,7,88,14,10,24,112
04/29/2021,SBY,MD,AEA,EN,Federal Contract Tower,0,19,5,0,24,0,7,40,18,65,0,26,45,18,89,42,66,108,197
04/30/2021,SBY,MD,AEA,EN,Federal Contract Tower,0,16,3,0,19,0,0,12,4,16,0,16,15,4,35,6,8,14,49
05/01/2021,SBY,MD,AEA,EN,Federal Contract Tower,0,14,12,0,26,0,2,21,0,23,0,16,33,0,49,4,0,4,53
05/02/2021,SBY,MD,AEA,EN,Federal Contract Tower,0,12,8,0,20,0,2,63,0,65,0,14,71,0,85,42,0,42,127
05/03/2021,SBY,MD,AEA,EN,Federal Contract Tower,0,11,7,0,18,0,3,9,0,12,0,14,16,0,30,10,0,10,40
05/04/2021,SBY,MD,AEA,EN,Federal Contract Tower,0,10,9,0,19,0,6,64,42,112,0,16,73,42,131,64,104,168,299
05/05/2021,SBY,MD,AEA,EN,Federal Contract Tower,0,16,13,0,29,0,8,42,16,66,0,24,55,16,95,46,32,78,173
05/06/2021,SBY,MD,AEA,EN,Federal Contract Tower,0,16,16,7,39,0,2,93,8,103,0,18,109,15,142,136,50,186,328
05/07/2021,SBY,MD,AEA,EN,Federal Contract Tower,0,15,8,0,23,0,4,54,4,62,0,19,62,4,85,128,16,144,229
05/08/2021,SBY,MD,AEA,EN,Federal Contract Tower,0,14,3,0,17,0,0,26,0,26,0,14,29,0,43,14,0,14,57
05/09/2021,SBY,MD,AEA,EN,Federal Contract Tower,0,9,3,0,12,0,2,31,0,33,0,11,34,0,45,12,0,12,57
05/10/2021,SBY,MD,AEA,EN,Federal Contract Tower,0,13,2,0,15,0,4,15,8,27,0,17,17,8,42,18,4,22,64
05/11/2021,SBY,MD,AEA,EN,Federal Contract Tower,0,15,11,0,26,0,2,66,0,68,0,17,77,0,94,86,0,86,180
05/12/2021,SBY,MD,AEA,EN,Federal Contract Tower,0,18,13,13,44,0,0,61,8,69,0,18,74,21,113,50,38,88,201
05/13/2021,SBY,MD,AEA,EN,Federal Contract Tower,0,15,9,2,26,0,10,33,14,57,0,25,42,16,83,30,86,116,199
05/14/2021,SBY,MD,AEA,EN,Federal Contract Tower,0,17,6,2,25,0,2,56,8,66,0,19,62,10,91,38,8,46,137
05/15/2021,SBY,MD,AEA,EN,Federal Contract Tower,0,11,6,0,17,0,0,65,0,65,0,11,71,0,82,94,0,94,176
05/16/2021,SBY,MD,AEA,EN,Federal Contract Tower,0,12,4,0,16,0,2,44,4,50,0,14,48,4,66,26,0,26,92
05/17/2021,SBY,MD,AEA,EN,Federal Contract Tower,0,16,9,5,30,0,0,29,31,60,0,16,38,36,90,22,96,118,208
05/18/2021,SBY,MD,AEA,EN,Federal Contract Tower,0,15,6,0,21,0,6,41,48,95,0,21,47,48,116,6,156,162,278
05/19/2021,SBY,MD,AEA,EN,Federal Contract Tower,0,18,7,5,30,0,6,43,26,75,0,24,50,31,105,26,134,160,265
05/20/2021,SBY,MD,AEA,EN,Federal Contract Tower,0,14,9,1,24,0,23,58,32,113,0,37,67,33,137,58,110,168,305
05/21/2021,SBY,MD,AEA,EN,Federal Contract Tower,0,14,16,0,30,0,0,37,19,56,0,14,53,19,86,0,62,62,148
05/22/2021,SBY,MD,AEA,EN,Federal Contract Tower,0,10,7,0,17,0,3,59,0,62,0,13,66,0,79,22,0,22,101
05/23/2021,SBY,MD,AEA,EN,Federal Contract Tower,0,8,4,0,12,0,2,27,0,29,0,10,31,0,41,4,0,4,45
05/24/2021,SBY,MD,AEA,EN,Federal Contract Tower,0,18,11,0,29,0,6,27,22,55,0,24,38,22,84,70,0,70,154
05/25/2021,SBY,MD,AEA,EN,Federal Contract Tower,0,15,16,2,33,0,16,18,10,44,0,31,34,12,77,24,6,30,107
05/26/2021,SBY,MD,AEA,EN,Federal Contract Tower,0,17,10,0,27,0,7,24,16,47,0,24,34,16,74,24,90,114,188
05/27/2021,SBY,MD,AEA,EN,Federal Contract Tower,0,19,21,1,41,0,32,94,33,159,0,51,115,34,200,80,118,198,398
05/28/2021,SBY,MD,AEA,EN,Federal Contract Tower,0,18,5,0,23,0,6,17,2,25,0,24,22,2,48,28,14,42,90
05/29/2021,SBY,MD,AEA,EN,Federal Contract Tower,0,11,1,0,12,0,0,0,0,0,0,11,1,0,12,0,0,0,12
05/30/2021,SBY,MD,AEA,EN,Federal Contract Tower,0,1,9,0,10,0,0,0,0,0,0,1,9,0,10,0,0,0,10
05/31/2021,SBY,MD,AEA,EN,Federal Contract Tower,0,15,10,0,25,0,23,55,0,78,0,38,65,0,103,62,0,62,165
06/01/2021,SBY,MD,AEA,EN,Federal Contract Tower,0,15,7,0,22,0,2,52,26,80,0,17,59,26,102,26,100,126,228
06/02/2021,SBY,MD,AEA,EN,Federal Contract Tower,0,16,13,1,30,0,9,38,17,64,0,25,51,18,94,24,122,146,240
06/03/2021,SBY,MD,AEA,EN,Federal Contract Tower,0,17,8,8,33,0,0,3,8,11,0,17,11,16,44,0,24,24,68
06/04/2021,SBY,MD,AEA,EN,Federal Contract Tower,0,17,3,0,20,0,0,0,4,4,0,17,3,4,24,0,0,0,24
06/05/2021,SBY,MD,AEA,EN,Federal Contract Tower,0,15,8,1,24,0,18,39,0,57,0,33,47,1,81,48,0,48,129
06/06/2021,SBY,MD,AEA,EN,Federal Contract Tower,0,13,10,0,23,0,11,42,0,53,0,24,52,0,76,60,0,60,136
06/07/2021,SBY,MD,AEA,EN,Federal Contract Tower,0,13,4,4,21,0,6,31,18,55,0,19,35,22,76,42,48,90,166
06/08/2021,SBY,MD,AEA,EN,Federal Contract Tower,0,22,10,0,32,0,6,32,0,38,0,28,42,0,70,34,0,34,104
06/09/2021,SBY,MD,AEA,EN,Federal Contract Tower,0,22,18,0,40,0,0,9,8,17,0,22,27,8,57,8,4,12,69
06/10/2021,SBY,MD,AEA,EN,Federal Contract Tower,0,24,8,0,32,0,2,7,0,9,0,26,15,0,41,2,0,2,43
06/11/2021,SBY,MD,AEA,EN,Federal Contract Tower,0,19,6,0,25,0,0,0,0,0,0,19,6,0,25,0,0,0,25
06/12/2021,SBY,MD,AEA,EN,Federal Contract Tower,0,18,8,0,26,0,4,43,0,47,0,22,51,0,73,36,0,36,109
06/13/2021,SBY,MD,AEA,EN,Federal Contract Tower,0,14,9,0,23,0,6,48,0,54,0,20,57,0,77,48,0,48,125
06/14/2021,SBY,MD,AEA,EN,Federal Contract Tower,0,17,5,4,26,0,6,49,20,75,0,23,54,24,101,4,0,4,105
06/15/2021,SBY,MD,AEA,EN,Federal Contract Tower,0,25,17,8,50,0,28,67,18,113,0,53,84,26,163,72,60,132,295
06/16/2021,SBY,MD,AEA,EN,Federal Contract Tower,0,22,10,10,42,0,5,68,20,93,0,27,78,30,135,68,64,132,267
06/17/2021,SBY,MD,AEA,EN,Federal Contract Tower,0,26,4,0,30,0,14,75,8,97,0,40,79,8,127,76,56,132,259
06/18/2021,SBY,MD,AEA,EN,Federal Contract Tower,0,19,16,0,35,0,6,38,20,64,0,25,54,20,99,40,6,46,145
06/19/2021,SBY,MD,AEA,EN,Federal Contract Tower,0,16,3,0,19,0,5,51,0,56,0,21,54,0,75,24,0,24,99
06/20/2021,SBY,MD,AEA,EN,Federal Contract Tower,0,13,3,0,16,0,9,45,0,54,0,22,48,0,70,34,0,34,104
06/21/2021,SBY,MD,AEA,EN,Federal Contract Tower,0,17,12,0,29,0,6,14,4,24,0,23,26,4,53,6,18,24,77
06/22/2021,SBY,MD,AEA,EN,Federal Contract Tower,0,23,2,2,27,0,0,5,0,5,0,23,7,2,32,8,0,8,40
06/23/2021,SBY,MD,AEA,EN,Federal Contract Tower,0,21,8,0,29,0,6,89,10,105,0,27,97,10,134,42,24,66,200
06/24/2021,SBY,MD,AEA,EN,Federal Contract Tower,0,19,10,2,31,0,20,75,0,95,0,39,85,2,126,26,0,26,152
06/25/2021,SBY,MD,AEA,EN,Federal Contract Tower,0,20,11,2,33,0,15,53,10,78,0,35,64,12,111,156,4,160,271
06/26/2021,SBY,MD,AEA,EN,Federal Contract Tower,0,15,9,0,24,0,0,0,0,0,0,15,9,0,24,0,0,0,24
06/27/2021,SBY,MD,AEA,EN,Federal Contract Tower,0,14,6,0,20,0,8,38,0,46,0,22,44,0,66,4,0,4,70
06/28/2021,SBY,MD,AEA,EN,Federal Contract Tower,0,15,6,0,21,0,34,71,6,111,0,49,77,6,132,114,0,114,246
06/29/2021,SBY,MD,AEA,EN,Federal Contract Tower,0,17,7,0,24,0,2,146,12,160,0,19,153,12,184,386,88,474,658
06/30/2021,SBY,MD,AEA,EN,Federal Contract Tower,0,24,10,0,34,0,4,113,4,121,0,28,123,4,155,176,10,186,341
07/01/2021,SBY,MD,AEA,EN,Federal Contract Tower,0,22,11,0,33,0,0,0,0,0,0,22,11,0,33,274,0,274,307
07/02/2021,SBY,MD,AEA,EN,Federal Contract Tower,0,26,3,0,29,0,2,0,0,2,0,28,3,0,31,0,0,0,31
07/03/2021,SBY,MD,AEA,EN,Federal Contract Tower,0,14,9,0,23,0,7,72,0,79,0,21,81,0,102,326,0,326,428
07/04/2021,SBY,MD,AEA,EN,Federal Contract Tower,0,10,5,0,15,0,2,25,0,27,0,12,30,0,42,6,0,6,48
07/05/2021,SBY,MD,AEA,EN,Federal Contract Tower,0,22,5,0,27,0,8,91,0,99,0,30,96,0,126,392,0,392,518
07/06/2021,SBY,MD,AEA,EN,Federal Contract Tower,0,22,3,0,25,0,6,105,8,119,0,28,108,8,144,382,34,416,560
07/07/2021,SBY,MD,AEA,EN,Federal Contract Tower,0,20,7,2,29,0,7,68,77,152,0,27,75,79,181,58,356,414,595
07/08/2021,SBY,MD,AEA,EN,Federal Contract Tower,0,25,10,0,35,0,0,14,55,69,0,25,24,55,104,0,164,164,268
07/09/2021,SBY,MD,AEA,EN,Federal Contract Tower,0,26,11,0,37,0,8,49,6,63,0,34,60,6,100,52,4,56,156
07/10/2021,SBY,MD,AEA,EN,Federal Contract Tower,0,20,13,0,33,0,2,66,0,68,0,22,79,0,101,284,0,284,385
07/11/2021,SBY,MD,AEA,EN,Federal Contract Tower,0,15,6,0,21,0,10,115,6,131,0,25,121,6,152,358,0,358,510
07/12/2021,SBY,MD,AEA,EN,Federal Contract Tower,0,23,9,1,33,0,16,44,69,129,0,39,53,70,162,114,180,294,456
07/13/2021,SBY,MD,AEA,EN,Federal Contract Tower,0,23,5,0,28,0,0,49,55,104,0,23,54,55,132,44,264,308,440
07/14/2021,SBY,MD,AEA,EN,Federal Contract Tower,0,18,12,0,30,0,4,56,33,93,0,22,68,33,123,12,176,188,311
07/15/2021,SBY,MD,AEA,EN,Federal Contract Tower,0,23,11,0,34,0,18,72,49,139,0,41,83,49,173,30,110,140,313
07/16/2021,SBY,MD,AEA,EN,Federal Contract Tower,0,17,13,0,30,0,7,60,71,138,0,24,73,71,168,46,332,378,546
07/17/2021,SBY,MD,AEA,EN,Federal Contract Tower,0,12,8,0,20,0,6,47,0,53,0,18,55,0,73,22,0,22,95
07/18/2021,SBY,MD,AEA,EN,Federal Contract Tower,0,14,3,0,17,0,2,21,0,23,0,16,24,0,40,0,0,0,40
07/19/2021,SBY,MD,AEA,EN,Federal Contract Tower,0,20,15,5,40,0,0,75,43,118,0,20,90,48,158,20,250,270,428
07/20/2021,SBY,MD,AEA,EN,Federal Contract Tower,0,25,14,2,41,0,3,76,44,123,0,28,90,46,164,92,284,376,540
07/21/2021,SBY,MD,AEA,EN,Federal Contract Tower,0,18,9,0,27,0,19,12,11,42,0,37,21,11,69,0,62,62,131
07/22/2021,SBY,MD,AEA,EN,Federal Contract Tower,0,23,10,0,33,0,0,42,55,97,0,23,52,55,130,8,62,70,200
07/23/2021,SBY,MD,AEA,EN,Federal Contract Tower,0,20,19,2,41,0,10,36,55,101,0,30,55,57,142,32,102,134,276
07/24/2021,SBY,MD,AEA,EN,Federal Contract Tower,0,20,13,0,33,0,23,87,49,159,0,43,100,49,192,66,210,276,468
07/25/2021,SBY,MD,AEA,EN,Federal Contract Tower,0,17,11,0,28,0,14,36,1,51,0,31,47,1,79,6,0,6,85
07/26/2021,SBY,MD,AEA,EN,Federal Contract Tower,0,15,12,0,27,0,34,30,67,131,0,49,42,67,158,38,168,206,364
07/27/2021,SBY,MD,AEA,EN,Federal Contract Tower,0,20,16,0,36,0,8,37,82,127,0,28,53,82,163,0,94,94,257
07/28/2021,SBY,MD,AEA,EN,Federal Contract Tower,0,21,10,5,36,0,2,28,61,91,0,23,38,66,127,14,124,138,265
07/29/2021,SBY,MD,AEA,EN,Federal Contract Tower,0,21,10,0,31,0,10,9,48,67,0,31,19,48,98,0,120,120,218
07/30/2021,SBY,MD,AEA,EN,Federal Contract Tower,0,23,20,0,43,0,2,48,53,103,0,25,68,53,146,22,116,138,284
07/31/2021,SBY,MD,AEA,EN,Federal Contract Tower,0,27,3,0,30,0,4,49,48,101,0,31,52,48,131,40,90,130,261
08/01/2021,SBY,MD,AEA,EN,Federal Contract Tower,0,19,7,0,26,0,12,4,0,16,0,31,11,0,42,10,0,10,52
08/02/2021,SBY,MD,AEA,EN,Federal Contract Tower,0,18,5,0,23,0,10,43,34,87,0,28,48,34,110,22,52,74,184
08/03/2021,SBY,MD,AEA,EN,Federal Contract Tower,0,25,10,0,35,0,20,43,50,113,0,45,53,50,148,12,58,70,218
08/04/2021,SBY,MD,AEA,EN,Federal Contract Tower,0,25,16,2,43,0,2,4,27,33,0,27,20,29,76,0,18,18,94
08/05/2021,SBY,MD,AEA,EN,Federal Contract Tower,0,18,12,2,32,0,6,67,84,157,0,24,79,86,189,22,126,148,337
08/06/2021,SBY,MD,AEA,EN,Federal Contract Tower,0,26,7,0,33,0,18,87,60,165,0,44,94,60,198,46,158,204,402
08/07/2021,SBY,MD,AEA,EN,Federal Contract Tower,0,20,8,0,28,0,0,0,0,0,0,20,8,0,28,0,0,0,28
08/08/2021,SBY,MD,AEA,EN,Federal Contract Tower,0,20,15,0,35,0,6,5,28,39,0,26,20,28,74,0,168,168,242
08/09/2021,SBY,MD,AEA,EN,Federal Contract Tower,0,17,4,0,21,0,12,15,62,89,0,29,19,62,110,0,184,184,294
08/10/2021,SBY,MD,AEA,EN,Federal Contract Tower,0,21,8,4,33,0,4,40,72,116,0,25,48,76,149,50,158,208,357
08/11/2021,SBY,MD,AEA,EN,Federal Contract Tower,0,17,10,10,37,0,17,60,66,143,0,34,70,76,180,18,198,216,396
08/12/2021,SBY,MD,AEA,EN,Federal Contract Tower,0,25,15,1,41,0,7,40,21,68,0,32,55,22,109,18,12,30,139
08/13/2021,SBY,MD,AEA,EN,Federal Contract Tower,0,20,2,0,22,0,4,28,0,32,0,24,30,0,54,6,0,6,60
08/14/2021,SBY,MD,AEA,EN,Federal Contract Tower,0,16,5,0,21,0,2,31,0,33,0,18,36,0,54,20,0,20,74
08/15/2021,SBY,MD,AEA,EN,Federal Contract Tower,0,19,8,0,27,0,10,26,0,36,0,29,34,0,63,8,0,8,71
08/16/2021,SBY,MD,AEA,EN,Federal Contract Tower,0,22,6,2,30,0,10,10,6,26,0,32,16,8,56,56,22,78,134
08/17/2021,SBY,MD,AEA,EN,Federal Contract Tower,0,17,14,1,32,0,27,5,3,35,0,44,19,4,67,14,10,24,91
08/18/2021,SBY,MD,AEA,EN,Federal Contract Tower,0,21,9,0,30,0,13,30,6,49,0,34,39,6,79,6,6,12,91
08/19/2021,SBY,MD,AEA,EN,Federal Contract Tower,0,25,8,0,33,0,6,50,4,60,0,31,58,4,93,68,34,102,195
08/20/2021,SBY,MD,AEA,EN,Federal Contract Tower,0,25,5,0,30,0,0,0,0,0,0,25,5,0,30,0,0,0,30
08/21/2021,SBY,MD,AEA,EN,Federal Contract Tower,0,26,7,0,33,0,2,21,0,23,0,28,28,0,56,30,0,30,86
08/22/2021,SBY,MD,AEA,EN,Federal Contract Tower,0,17,2,0,19,0,0,30,0,30,0,17,32,0,49,28,0,28,77
08/23/2021,SBY,MD,AEA,EN,Federal Contract Tower,0,24,13,0,37,0,8,48,2,58,0,32,61,2,95,82,0,82,177
08/24/2021,SBY,MD,AEA,EN,Federal Contract Tower,0,18,6,0,24,0,0,51,6,57,0,18,57,6,81,32,30,62,143
08/25/2021,SBY,MD,AEA,EN,Federal Contract Tower,0,28,7,0,35,0,11,46,4,61,0,39,53,4,96,14,16,30,126
08/26/2021,SBY,MD,AEA,EN,Federal Contract Tower,0,21,11,0,32,0,3,33,2,38,0,24,44,2,70,30,0,30,100
08/27/2021,SBY,MD,AEA,EN,Federal Contract Tower,0,20,10,2,32,0,11,64,4,79,0,31,74,6,111,20,24,44,155
08/28/2021,SBY,MD,AEA,EN,Federal Contract Tower,0,15,7,0,22,0,0,42,0,42,0,15,49,0,64,46,0,46,110
08/29/2021,SBY,MD,AEA,EN,Federal Contract Tower,0,16,8,0,24,0,0,13,0,13,0,16,21,0,37,0,0,0,37
08/30/2021,SBY,MD,AEA,EN,Federal Contract Tower,0,22,5,0,27,0,2,19,8,29,0,24,24,8,56,16,94,110,166
08/31/2021,SBY,MD,AEA,EN,Federal Contract Tower,0,21,8,0,29,0,8,47,10,65,0,29,55,10,94,46,38,84,178
09/01/2021,SBY,MD,AEA,EN,Federal Contract Tower,0,22,7,2,31,0,2,6,2,10,0,24,13,4,41,6,8,14,55
09/02/2021,SBY,MD,AEA,EN,Federal Contract Tower,0,20,6,6,32,0,6,28,19,53,0,26,34,25,85,12,70,82,167
09/03/2021,SBY,MD,AEA,EN,Federal Contract Tower,0,18,7,0,25,0,7,34,0,41,0,25,41,0,66,8,0,8,74
09/04/2021,SBY,MD,AEA,EN,Federal Contract Tower,0,14,8,0,22,0,2,46,0,48,0,16,54,0,70,8,0,8,78
09/05/2021,SBY,MD,AEA,EN,Federal Contract Tower,0,12,9,0,21,0,2,41,0,43,0,14,50,0,64,0,0,0,64
09/06/2021,SBY,MD,AEA,EN,Federal Contract Tower,0,13,8,0,21,0,2,26,0,28,0,15,34,0,49,6,0,6,55
09/07/2021,SBY,MD,AEA,EN,Federal Contract Tower,0,15,10,1,26,0,8,47,43,98,0,23,57,44,124,66,124,190,314
09/08/2021,SBY,MD,AEA,EN,Federal Contract Tower,0,17,7,3,27,0,12,39,7,58,0,29,46,10,85,16,28,44,129
09/09/2021,SBY,MD,AEA,EN,Federal Contract Tower,0,22,10,2,34,0,2,2,0,4,0,24,12,2,38,0,0,0,38
09/10/2021,SBY,MD,AEA,EN,Federal Contract Tower,0,19,17,0,36,0,12,51,6,69,0,31,68,6,105,66,22,88,193
09/11/2021,SBY,MD,AEA,EN,Federal Contract Tower,0,13,4,0,17,0,14,52,1,67,0,27,56,1,84,22,0,22,106
09/12/2021,SBY,MD,AEA,EN,Federal Contract Tower,0,11,8,0,19,0,0,30,0,30,0,11,38,0,49,12,0,12,61
09/13/2021,SBY,MD,AEA,EN,Federal Contract Tower,0,21,10,0,31,0,17,68,34,119,0,38,78,34,150,114,192,306,456
09/14/2021,SBY,MD,AEA,EN,Federal Contract Tower,0,20,14,0,34,0,12,61,26,99,0,32,75,26,133,64,106,170,303
09/15/2021,SBY,MD,AEA,EN,Federal Contract Tower,0,26,16,0,42,0,15,31,26,72,0,41,47,26,114,32,10,42,156
09/16/2021,SBY,MD,AEA,EN,Federal Contract Tower,0,24,11,26,61,0,0,16,10,26,0,24,27,36,87,32,0,32,119
09/17/2021,SBY,MD,AEA,EN,Federal Contract Tower,0,25,15,1,41,0,2,0,1,3,0,27,15,2,44,0,32,32,76
09/18/2021,SBY,MD,AEA,EN,Federal Contract Tower,0,14,18,0,32,0,17,71,0,88,0,31,89,0,120,116,0,116,236
09/19/2021,SBY,MD,AEA,EN,Federal Contract Tower,0,14,16,0,30,0,1,19,0,20,0,15,35,0,50,32,0,32,82
09/20/2021,SBY,MD,AEA,EN,Federal Contract Tower,0,22,8,0,30,0,8,33,56,97,0,30,41,56,127,2,214,216,343
09/21/2021,SBY,MD,AEA,EN,Federal Contract Tower,0,23,18,7,48,0,35,70,51,156,0,58,88,58,204,52,196,248,452
09/22/2021,SBY,MD,AEA,EN,Federal Contract Tower,0,24,7,5,36,0,6,39,38,83,0,30,46,43,119,36,250,286,405
09/23/2021,SBY,MD,AEA,EN,Federal Contract Tower,0,27,11,0,38,0,10,0,0,10,0,37,11,0,48,0,0,0,48
09/24/2021,SBY,MD,AEA,EN,Federal Contract Tower,0,20,15,2,37,0,14,82,27,123,0,34,97,29,160,100,62,162,322
09/25/2021,SBY,MD,AEA,EN,Federal Contract Tower,0,14,7,0,21,0,15,33,0,48,0,29,40,0,69,20,0,20,89
09/26/2021,SBY,MD,AEA,EN,Federal Contract Tower,0,14,10,0,24,0,8,39,0,47,0,22,49,0,71,0,0,0,71
09/27/2021,SBY,MD,AEA,EN,Federal Contract Tower,0,22,12,0,34,0,2,34,20,56,0,24,46,20,90,20,72,92,182
09/28/2021,SBY,MD,AEA,EN,Federal Contract Tower,0,20,14,2,36,0,6,41,28,75,0,26,55,30,111,18,0,18,129
09/29/2021,SBY,MD,AEA,EN,Federal Contract Tower,0,29,11,4,44,0,9,74,8,91,0,38,85,12,135,54,86,140,275
09/30/2021,SBY,MD,AEA,EN,Federal Contract Tower,0,20,11,0,31,0,14,76,20,110,0,34,87,20,141,98,66,164,305
10/01/2021,SBY,MD,AEA,EN,Federal Contract Tower,0,19,12,0,31,0,1,73,18,92,0,20,85,18,123,140,58,198,321
10/02/2021,SBY,MD,AEA,EN,Federal Contract Tower,0,14,2,0,16,0,6,36,0,42,0,20,38,0,58,24,0,24,82
10/03/2021,SBY,MD,AEA,EN,Federal Contract Tower,0,13,1,0,14,0,3,28,0,31,0,16,29,0,45,2,0,2,47
10/04/2021,SBY,MD,AEA,EN,Federal Contract Tower,0,20,12,1,33,0,1,30,30,61,0,21,42,31,94,22,294,316,410
10/05/2021,SBY,MD,AEA,EN,Federal Contract Tower,0,20,5,1,26,0,0,13,24,37,0,20,18,25,63,0,210,210,273
10/06/2021,SBY,MD,AEA,EN,Federal Contract Tower,0,26,6,0,32,0,0,12,0,12,0,26,18,0,44,14,0,14,58
10/07/2021,SBY,MD,AEA,EN,Federal Contract Tower,0,21,18,1,40,0,2,38,59,99,0,23,56,60,139,38,298,336,475
10/08/2021,SBY,MD,AEA,EN,Federal Contract Tower,0,20,3,3,26,0,0,39,43,82,0,20,42,46,108,58,328,386,494
10/09/2021,SBY,MD,AEA,EN,Federal Contract Tower,0,15,3,0,18,0,2,37,0,39,0,17,40,0,57,74,0,74,131
10/10/2021,SBY,MD,AEA,EN,Federal Contract Tower,0,8,3,0,11,0,0,0,0,0,0,8,3,0,11,0,0,0,11
10/11/2021,SBY,MD,AEA,EN,Federal Contract Tower,0,15,5,0,20,0,0,0,0,0,0,15,5,0,20,0,0,0,20
10/12/2021,SBY,MD,AEA,EN,Federal Contract Tower,0,25,10,2,37,0,0,0,0,0,0,25,10,2,37,0,0,0,37
10/13/2021,SBY,MD,AEA,EN,Federal Contract Tower,0,20,13,5,38,0,2,29,8,39,0,22,42,13,77,118,24,142,219
10/14/2021,SBY,MD,AEA,EN,Federal Contract Tower,0,21,8,0,29,0,0,36,26,62,0,21,44,26,91,62,92,154,245
10/15/2021,SBY,MD,AEA,EN,Federal Contract Tower,0,16,9,0,25,0,12,46,45,103,0,28,55,45,128,38,262,300,428
10/16/2021,SBY,MD,AEA,EN,Federal Contract Tower,0,14,7,0,21,0,0,13,0,13,0,14,20,0,34,0,0,0,34
10/17/2021,SBY,MD,AEA,EN,Federal Contract Tower,0,18,15,0,33,0,0,24,0,24,0,18,39,0,57,14,0,14,71
10/18/2021,SBY,MD,AEA,EN,Federal Contract Tower,0,17,5,0,22,0,6,42,22,70,0,23,47,22,92,4,136,140,232
10/19/2021,SBY,MD,AEA,EN,Federal Contract Tower,0,19,9,6,34,0,3,22,34,59,0,22,31,40,93,0,216,216,309
10/20/2021,SBY,MD,AEA,EN,Federal Contract Tower,0,26,16,2,44,0,12,72,34,118,0,38,88,36,162,40,112,152,314
10/21/2021,SBY,MD,AEA,EN,Federal Contract Tower,0,18,7,4,29,0,31,64,22,117,0,49,71,26,146,70,34,104,250
10/22/2021,SBY,MD,AEA,EN,Federal Contract Tower,0,17,7,0,24,0,1,23,22,46,0,18,30,22,70,34,84,118,188
10/23/2021,SBY,MD,AEA,EN,Federal Contract Tower,0,14,20,0,34,0,0,42,2,44,0,14,62,2,78,36,6,42,120
10/24/2021,SBY,MD,AEA,EN,Federal Contract Tower,0,12,5,0,17,0,6,39,4,49,0,18,44,4,66,36,34,70,136
10/25/2021,SBY,MD,AEA,EN,Federal Contract Tower,0,16,7,0,23,0,14,24,6,44,0,30,31,6,67,2,32,34,101
10/26/2021,SBY,MD,AEA,EN,Federal Contract Tower,0,17,8,7,32,0,8,2,29,39,0,25,10,36,71,0,34,34,105
10/27/2021,SBY,MD,AEA,EN,Federal Contract Tower,0,21,14,7,42,0,17,27,44,88,0,38,41,51,130,42,92,134,264
10/28/2021,SBY,MD,AEA,EN,Federal Contract Tower,0,13,18,10,41,0,7,72,22,101,0,20,90,32,142,52,92,144,286
10/29/2021,SBY,MD,AEA,EN,Federal Contract Tower,0,23,8,0,31,0,4,0,4,8,0,27,8,4,39,0,0,0,39
10/30/2021,SBY,MD,AEA,EN,Federal Contract Tower,0,12,13,0,25,0,6,22,1,29,0,18,35,1,54,30,0,30,84
10/31/2021,SBY,MD,AEA,EN,Federal Contract Tower,0,9,8,0,17,0,14,27,14,55,0,23,35,14,72,46,64,110,182
11/01/2021,SBY,MD,AEA,EN,Federal Contract Tower,0,14,12,2,28,0,18,37,18,73,0,32,49,20,101,36,10,46,147
11/02/2021,SBY,MD,AEA,EN,Federal Contract Tower,0,16,13,6,35,0,0,8,27,35,0,16,21,33,70,16,166,182,252
11/03/2021,SBY,MD,AEA,EN,Federal Contract Tower,0,17,8,2,27,0,23,75,19,117,0,40,83,21,144,102,64,166,310
11/04/2021,SBY,MD,AEA,EN,Federal Contract Tower,0,14,10,0,24,0,10,49,19,78,0,24,59,19,102,68,26,94,196
11/05/2021,SBY,MD,AEA,EN,Federal Contract Tower,0,16,13,2,31,0,3,37,7,47,0,19,50,9,78,40,12,52,130
11/06/2021,SBY,MD,AEA,EN,Federal Contract Tower,0,12,5,0,17,0,0,8,0,8,0,12,13,0,25,10,0,10,35
11/07/2021,SBY,MD,AEA,EN,Federal Contract Tower,0,9,3,0,12,0,8,15,2,25,0,17,18,2,37,22,0,22,59
11/08/2021,SBY,MD,AEA,EN,Federal Contract Tower,0,13,14,0,27,0,0,11,7,18,0,13,25,7,45,6,52,58,103
11/09/2021,SBY,MD,AEA,EN,Federal Contract Tower,0,16,10,0,26,0,2,34,32,68,0,18,44,32,94,20,228,248,342
11/10/2021,SBY,MD,AEA,EN,Federal Contract Tower,0,20,10,0,30,0,10,23,31,64,0,30,33,31,94,16,110,126,220
11/11/2021,SBY,MD,AEA,EN,Federal Contract Tower,0,14,7,8,29,0,16,39,10,65,0,30,46,18,94,8,0,8,102
11/12/2021,SBY,MD,AEA,EN,Federal Contract Tower,0,16,7,6,29,0,2,7,0,9,0,18,14,6,38,0,0,0,38
11/13/2021,SBY,MD,AEA,EN,Federal Contract Tower,0,10,3,0,13,0,0,20,0,20,0,10,23,0,33,8,0,8,41
11/14/2021,SBY,MD,AEA,EN,Federal Contract Tower,0,11,4,0,15,0,6,28,4,38,0,17,32,4,53,12,0,12,65
11/15/2021,SBY,MD,AEA,EN,Federal Contract Tower,0,11,0,4,15,0,4,12,16,32,0,15,12,20,47,22,88,110,157
11/16/2021,SBY,MD,AEA,EN,Federal Contract Tower,0,17,11,0,28,0,0,51,28,79,0,17,62,28,107,50,168,218,325
11/17/2021,SBY,MD,AEA,EN,Federal Contract Tower,0,16,7,4,27,0,2,38,17,57,0,18,45,21,84,2,50,52,136
11/18/2021,SBY,MD,AEA,EN,Federal Contract Tower,0,19,17,0,36,0,7,26,12,45,0,26,43,12,81,8,44,52,133
11/19/2021,SBY,MD,AEA,EN,Federal Contract Tower,0,16,7,1,24,0,10,12,14,36,0,26,19,15,60,30,0,30,90
11/20/2021,SBY,MD,AEA,EN,Federal Contract Tower,0,12,13,0,25,0,0,64,4,68,0,12,77,4,93,98,0,98,191
11/21/2021,SBY,MD,AEA,EN,Federal Contract Tower,0,12,4,0,16,0,6,15,0,21,0,18,19,0,37,2,0,2,39
11/22/2021,SBY,MD,AEA,EN,Federal Contract Tower,0,14,16,0,30,0,6,13,8,27,0,20,29,8,57,26,32,58,115
11/23/2021,SBY,MD,AEA,EN,Federal Contract Tower,0,14,7,0,21,0,16,6,16,38,0,30,13,16,59,0,70,70,129
11/24/2021,SBY,MD,AEA,EN,Federal Contract Tower,0,18,8,0,26,0,0,82,8,90,0,18,90,8,116,52,52,104,220
11/25/2021,SBY,MD,AEA,EN,Federal Contract Tower,0,4,4,0,8,0,6,7,0,13,0,10,11,0,21,6,0,6,27
11/26/2021,SBY,MD,AEA,EN,Federal Contract Tower,0,17,0,0,17,0,7,0,0,7,0,24,0,0,24,0,0,0,24
11/27/2021,SBY,MD,AEA,EN,Federal Contract Tower,0,10,8,0,18,0,0,30,0,30,0,10,38,0,48,6,0,6,54
11/28/2021,SBY,MD,AEA,EN,Federal Contract Tower,0,13,4,0,17,0,6,49,0,55,0,19,53,0,72,50,0,50,122
11/29/2021,SBY,MD,AEA,EN,Federal Contract Tower,0,16,7,0,23,0,10,41,16,67,0,26,48,16,90,58,60,118,208
11/30/2021,SBY,MD,AEA,EN,Federal Contract Tower,0,23,9,1,33,0,23,43,13,79,0,46,52,14,112,50,146,196,308
12/01/2021,SBY,MD,AEA,EN,Federal Contract Tower,0,16,9,1,26,0,25,77,10,112,0,41,86,11,138,70,34,104,242
12/02/2021,SBY,MD,AEA,EN,Federal Contract Tower,0,19,11,0,30,0,17,58,20,95,0,36,69,20,125,30,38,68,193
12/03/2021,SBY,MD,AEA,EN,Federal Contract Tower,0,15,10,0,25,0,0,2,61,63,0,15,12,61,88,52,0,52,140
12/04/2021,SBY,MD,AEA,EN,Federal Contract Tower,0,9,10,0,19,0,6,63,0,69,0,15,73,0,88,120,0,120,208
12/05/2021,SBY,MD,AEA,EN,Federal Contract Tower,0,8,2,0,10,0,6,66,12,84,0,14,68,12,94,70,102,172,266
12/06/2021,SBY,MD,AEA,EN,Federal Contract Tower,0,10,14,0,24,0,16,12,4,32,0,26,26,4,56,4,22,26,82
12/07/2021,SBY,MD,AEA,EN,Federal Contract Tower,0,17,12,4,33,0,22,61,44,127,0,39,73,48,160,46,116,162,322
12/08/2021,SBY,MD,AEA,EN,Federal Contract Tower,0,12,1,0,13,0,10,4,0,14,0,22,5,0,27,4,0,4,31
12/09/2021,SBY,MD,AEA,EN,Federal Contract Tower,0,14,5,1,20,0,26,63,9,98,0,40,68,10,118,104,54,158,276
12/10/2021,SBY,MD,AEA,EN,Federal Contract Tower,0,13,14,0,27,0,12,19,8,39,0,25,33,8,66,8,26,34,100
12/11/2021,SBY,MD,AEA,EN,Federal Contract Tower,0,9,3,0,12,0,0,0,0,0,0,9,3,0,12,0,0,0,12
12/12/2021,SBY,MD,AEA,EN,Federal Contract Tower,0,8,12,0,20,0,4,43,0,47,0,12,55,0,67,42,0,42,109
12/13/2021,SBY,MD,AEA,EN,Federal Contract Tower,0,10,13,0,23,0,6,53,12,71,0,16,66,12,94,54,82,136,230
12/14/2021,SBY,MD,AEA,EN,Federal Contract Tower,0,10,8,0,18,0,17,57,16,90,0,27,65,16,108,62,22,84,192
12/15/2021,SBY,MD,AEA,EN,Federal Contract Tower,0,15,15,0,30,0,3,45,4,52,0,18,60,4,82,40,18,58,140
12/16/2021,SBY,MD,AEA,EN,Federal Contract Tower,0,17,4,0,21,0,15,42,15,72,0,32,46,15,93,48,62,110,203
12/17/2021,SBY,MD,AEA,EN,Federal Contract Tower,0,19,9,0,28,0,16,28,5,49,0,35,37,5,77,38,12,50,127
12/18/2021,SBY,MD,AEA,EN,Federal Contract Tower,0,11,5,0,16,0,0,0,0,0,0,11,5,0,16,0,0,0,16
12/19/2021,SBY,MD,AEA,EN,Federal Contract Tower,0,11,5,0,16,0,2,46,0,48,0,13,51,0,64,26,0,26,90
12/20/2021,SBY,MD,AEA,EN,Federal Contract Tower,0,12,13,0,25,0,0,65,4,69,0,12,78,4,94,60,14,74,168
12/21/2021,SBY,MD,AEA,EN,Federal Contract Tower,0,17,15,2,34,0,4,24,0,28,0,21,39,2,62,4,0,4,66
12/22/2021,SBY,MD,AEA,EN,Federal Contract Tower,0,16,8,0,24,0,1,10,0,11,0,17,18,0,35,6,0,6,41
12/23/2021,SBY,MD,AEA,EN,Federal Contract Tower,0,17,5,0,22,0,2,55,2,59,0,19,60,2,81,22,0,22,103
12/24/2021,SBY,MD,AEA,EN,Federal Contract Tower,0,12,3,0,15,0,8,23,0,31,0,20,26,0,46,0,0,0,46
12/25/2021,SBY,MD,AEA,EN,Federal Contract Tower,0,5,0,0,5,0,4,1,0,5,0,9,1,0,10,0,0,0,10
12/26/2021,SBY,MD,AEA,EN,Federal Contract Tower,0,10,3,0,13,0,4,15,0,19,0,14,18,0,32,4,0,4,36
12/27/2021,SBY,MD,AEA,EN,Federal Contract Tower,0,10,11,0,21,0,0,7,0,7,0,10,18,0,28,20,0,20,48
12/28/2021,SBY,MD,AEA,EN,Federal Contract Tower,0,16,9,0,25,0,16,35,0,51,0,32,44,0,76,54,0,54,130
12/29/2021,SBY,MD,AEA,EN,Federal Contract Tower,0,18,11,0,29,0,4,11,0,15,0,22,22,0,44,54,0,54,98
12/30/2021,SBY,MD,AEA,EN,Federal Contract Tower,0,19,3,2,24,0,0,2,0,2,0,19,5,2,26,0,0,0,26
12/31/2021,SBY,MD,AEA,EN,Federal Contract Tower,0,11,8,0,19,0,0,0,0,0,0,11,8,0,19,0,0,0,19
01/01/2022,SBY,MD,AEA,EN,Federal Contract Tower,0,7,0,0,7,0,2,0,0,2,0,9,0,0,9,0,0,0,9
01/02/2022,SBY,MD,AEA,EN,Federal Contract Tower,0,11,5,0,16,0,0,0,0,0,0,11,5,0,16,0,0,0,16
01/03/2022,SBY,MD,AEA,EN,Federal Contract Tower,0,6,0,0,6,0,0,0,0,0,0,6,0,0,6,0,0,0,6
01/04/2022,SBY,MD,AEA,EN,Federal Contract Tower,0,9,6,2,17,0,0,29,0,29,0,9,35,2,46,8,0,8,54
01/05/2022,SBY,MD,AEA,EN,Federal Contract Tower,0,17,4,2,23,0,3,0,0,3,0,20,4,2,26,0,0,0,26
01/06/2022,SBY,MD,AEA,EN,Federal Contract Tower,0,14,6,0,20,0,24,63,8,95,0,38,69,8,115,56,18,74,189
01/07/2022,SBY,MD,AEA,EN,Federal Contract Tower,0,15,0,0,15,0,7,3,0,10,0,22,3,0,25,0,0,0,25
01/08/2022,SBY,MD,AEA,EN,Federal Contract Tower,0,14,10,0,24,0,2,44,0,46,0,16,54,0,70,62,0,62,132
01/09/2022,SBY,MD,AEA,EN,Federal Contract Tower,0,10,2,0,12,0,0,5,0,5,0,10,7,0,17,0,0,0,17
01/10/2022,SBY,MD,AEA,EN,Federal Contract Tower,0,15,6,0,21,0,5,36,8,49,0,20,42,8,70,66,26,92,162
01/11/2022,SBY,MD,AEA,EN,Federal Contract Tower,0,15,10,0,25,0,0,0,0,0,0,15,10,0,25,28,0,28,53
01/12/2022,SBY,MD,AEA,EN,Federal Contract Tower,0,14,7,2,23,0,8,38,40,86,0,22,45,42,109,24,42,66,175
01/13/2022,SBY,MD,AEA,EN,Federal Contract Tower,0,18,7,0,25,0,12,63,4,79,0,30,70,4,104,62,10,72,176
01/14/2022,SBY,MD,AEA,EN,Federal Contract Tower,0,14,8,2,24,0,1,10,4,15,0,15,18,6,39,0,8,8,47
01/15/2022,SBY,MD,AEA,EN,Federal Contract Tower,0,13,2,0,15,0,2,38,0,40,0,15,40,0,55,64,0,64,119
01/16/2022,SBY,MD,AEA,EN,Federal Contract Tower,0,5,1,0,6,0,0,9,0,9,0,5,10,0,15,26,0,26,41
01/17/2022,SBY,MD,AEA,EN,Federal Contract Tower,0,11,1,1,13,0,0,0,0,0,0,11,1,1,13,0,0,0,13
01/18/2022,SBY,MD,AEA,EN,Federal Contract Tower,0,15,11,4,30,0,0,46,8,54,0,15,57,12,84,58,42,100,184
01/19/2022,SBY,MD,AEA,EN,Federal Contract Tower,0,16,8,0,24,0,14,57,4,75,0,30,65,4,99,22,0,22,121
01/20/2022,SBY,MD,AEA,EN,Federal Contract Tower,0,13,4,0,17,0,2,10,0,12,0,15,14,0,29,24,0,24,53
01/21/2022,SBY,MD,AEA,EN,Federal Contract Tower,0,16,1,0,17,0,1,8,2,11,0,17,9,2,28,14,0,14,42
01/22/2022,SBY,MD,AEA,EN,Federal Contract Tower,0,11,5,0,16,0,2,19,1,22,0,13,24,1,38,4,0,4,42
01/23/2022,SBY,MD,AEA,EN,Federal Contract Tower,0,10,6,0,16,0,2,56,0,58,0,12,62,0,74,56,0,56,130
01/24/2022,SBY,MD,AEA,EN,Federal Contract Tower,0,11,14,0,25,0,8,42,8,58,0,19,56,8,83,100,22,122,205
01/25/2022,SBY,MD,AEA,EN,Federal Contract Tower,0,13,11,0,24,0,2,53,2,57,0,15,64,2,81,48,12,60,141
01/26/2022,SBY,MD,AEA,EN,Federal Contract Tower,0,15,18,0,33,0,24,52,18,94,0,39,70,18,127,66,42,108,235
01/27/2022,SBY,MD,AEA,EN,Federal Contract Tower,0,13,9,4,26,0,8,67,0,75,0,21,76,4,101,26,10,36,137
01/28/2022,SBY,MD,AEA,EN,Federal Contract Tower,0,9,1,4,14,0,2,6,11,19,0,11,7,15,33,0,46,46,79
01/29/2022,SBY,MD,AEA,EN,Federal Contract Tower,0,0,0,0,0,0,0,0,0,0,0,0,0,0,0,0,0,0,0
01/30/2022,SBY,MD,AEA,EN,Federal Contract Tower,0,8,2,0,10,0,31,5,0,36,0,39,7,0,46,10,0,10,56
01/31/2022,SBY,MD,AEA,EN,Federal Contract Tower,0,11,10,0,21,0,8,4,0,12,0,19,14,0,33,0,0,0,33
02/01/2022,SBY,MD,AEA,EN,Federal Contract Tower,0,15,2,5,22,0,0,96,9,105,0,15,98,14,127,108,10,118,245
02/02/2022,SBY,MD,AEA,EN,Federal Contract Tower,0,15,4,0,19,0,0,2,0,2,0,15,6,0,21,4,0,4,25
02/03/2022,SBY,MD,AEA,EN,Federal Contract Tower,0,14,7,2,23,0,3,25,4,32,0,17,32,6,55,64,0,64,119
02/04/2022,SBY,MD,AEA,EN,Federal Contract Tower,0,15,6,10,31,0,0,0,0,0,0,15,6,10,31,0,0,0,31
02/05/2022,SBY,MD,AEA,EN,Federal Contract Tower,0,11,5,0,16,0,0,4,0,4,0,11,9,0,20,0,0,0,20
02/06/2022,SBY,MD,AEA,EN,Federal Contract Tower,0,10,11,0,21,0,2,64,0,66,0,12,75,0,87,114,0,114,201
02/07/2022,SBY,MD,AEA,EN,Federal Contract Tower,0,17,2,12,31,0,0,0,0,0,0,17,2,12,31,0,0,0,31
02/08/2022,SBY,MD,AEA,EN,Federal Contract Tower,0,15,9,0,24,0,2,41,0,43,0,17,50,0,67,10,0,10,77
02/09/2022,SBY,MD,AEA,EN,Federal Contract Tower,0,15,18,2,35,0,28,78,14,120,0,43,96,16,155,70,96,166,321
02/10/2022,SBY,MD,AEA,EN,Federal Contract Tower,0,16,9,0,25,0,8,53,2,63,0,24,62,2,88,36,20,56,144
02/11/2022,SBY,MD,AEA,EN,Federal Contract Tower,0,15,3,0,18,0,4,39,20,63,0,19,42,20,81,92,54,146,227
02/12/2022,SBY,MD,AEA,EN,Federal Contract Tower,0,14,17,0,31,0,0,100,3,103,0,14,117,3,134,152,0,152,286
02/13/2022,SBY,MD,AEA,EN,Federal Contract Tower,0,13,2,0,15,0,22,4,0,26,0,35,6,0,41,0,0,0,41
02/14/2022,SBY,MD,AEA,EN,Federal Contract Tower,0,15,2,0,17,0,6,60,28,94,0,21,62,28,111,66,134,200,311
02/15/2022,SBY,MD,AEA,EN,Federal Contract Tower,0,15,7,0,22,0,1,73,16,90,0,16,80,16,112,66,96,162,274
02/16/2022,SBY,MD,AEA,EN,Federal Contract Tower,0,16,14,6,36,0,26,88,6,120,0,42,102,12,156,86,30,116,272
02/17/2022,SBY,MD,AEA,EN,Federal Contract Tower,0,13,13,0,26,0,0,21,12,33,0,13,34,12,59,0,56,56,115
02/18/2022,SBY,MD,AEA,EN,Federal Contract Tower,0,11,2,0,13,0,0,10,0,10,0,11,12,0,23,20,0,20,43
02/19/2022,SBY,MD,AEA,EN,Federal Contract Tower,0,14,4,0,18,0,8,16,0,24,0,22,20,0,42,0,0,0,42
02/20/2022,SBY,MD,AEA,EN,Federal Contract Tower,0,12,6,0,18,0,2,80,8,90,0,14,86,8,108,104,22,126,234
02/21/2022,SBY,MD,AEA,EN,Federal Contract Tower,0,15,4,0,19,0,0,42,10,52,0,15,46,10,71,110,28,138,209
02/22/2022,SBY,MD,AEA,EN,Federal Contract Tower,0,22,2,0,24,0,9,16,6,31,0,31,18,6,55,24,40,64,119
02/23/2022,SBY,MD,AEA,EN,Federal Contract Tower,0,14,4,2,20,0,14,43,15,72,0,28,47,17,92,38,76,114,206
02/24/2022,SBY,MD,AEA,EN,Federal Contract Tower,0,13,17,0,30,0,6,51,4,61,0,19,68,4,91,76,28,104,195
02/25/2022,SBY,MD,AEA,EN,Federal Contract Tower,0,14,3,0,17,0,0,0,0,0,0,14,3,0,17,0,0,0,17
02/26/2022,SBY,MD,AEA,EN,Federal Contract Tower,0,11,15,0,26,0,4,71,0,75,0,15,86,0,101,136,0,136,237
02/27/2022,SBY,MD,AEA,EN,Federal Contract Tower,0,11,4,0,15,0,4,57,0,61,0,15,61,0,76,70,0,70,146
02/28/2022,SBY,MD,AEA,EN,Federal Contract Tower,0,13,10,0,23,0,6,49,36,91,0,19,59,36,114,80,76,156,270
03/01/2022,SBY,MD,AEA,EN,Federal Contract Tower,0,14,4,0,18,0,14,71,18,103,0,28,75,18,121,54,58,112,233
03/02/2022,SBY,MD,AEA,EN,Federal Contract Tower,0,19,9,0,28,0,8,86,41,135,0,27,95,41,163,52,116,168,331
03/03/2022,SBY,MD,AEA,EN,Federal Contract Tower,0,15,9,10,34,0,14,64,17,95,0,29,73,27,129,36,20,56,185
03/04/2022,SBY,MD,AEA,EN,Federal Contract Tower,0,17,7,1,25,0,0,69,5,74,0,17,76,6,99,116,44,160,259
03/05/2022,SBY,MD,AEA,EN,Federal Contract Tower,0,14,13,0,27,0,0,86,28,114,0,14,99,28,141,130,172,302,443
03/06/2022,SBY,MD,AEA,EN,Federal Contract Tower,0,11,4,0,15,0,12,0,0,12,0,23,4,0,27,0,0,0,27
03/07/2022,SBY,MD,AEA,EN,Federal Contract Tower,0,10,3,0,13,0,6,5,0,11,0,16,8,0,24,0,0,0,24
03/08/2022,SBY,MD,AEA,EN,Federal Contract Tower,0,13,15,1,29,0,21,32,5,58,0,34,47,6,87,34,0,34,121
03/09/2022,SBY,MD,AEA,EN,Federal Contract Tower,0,20,3,0,23,0,0,0,0,0,0,20,3,0,23,0,0,0,23
03/10/2022,SBY,MD,AEA,EN,Federal Contract Tower,0,14,17,2,33,0,3,52,15,70,0,17,69,17,103,72,64,136,239
03/11/2022,SBY,MD,AEA,EN,Federal Contract Tower,0,14,11,0,25,0,1,69,7,77,0,15,80,7,102,66,22,88,190
03/12/2022,SBY,MD,AEA,EN,Federal Contract Tower,0,8,0,0,8,0,0,0,0,0,0,8,0,0,8,0,0,0,8
03/13/2022,SBY,MD,AEA,EN,Federal Contract Tower,0,14,10,0,24,0,4,38,6,48,0,18,48,6,72,8,8,16,88
03/14/2022,SBY,MD,AEA,EN,Federal Contract Tower,0,12,7,0,19,0,10,41,18,69,0,22,48,18,88,94,50,144,232
03/15/2022,SBY,MD,AEA,EN,Federal Contract Tower,0,15,2,0,17,0,10,60,30,100,0,25,62,30,117,68,154,222,339
03/16/2022,SBY,MD,AEA,EN,Federal Contract Tower,0,17,6,2,25,0,6,81,6,93,0,23,87,8,118,68,22,90,208
03/17/2022,SBY,MD,AEA,EN,Federal Contract Tower,0,18,6,0,24,0,0,0,0,0,0,18,6,0,24,0,0,0,24
03/18/2022,SBY,MD,AEA,EN,Federal Contract Tower,0,15,5,0,20,0,0,57,4,61,0,15,62,4,81,58,20,78,159
03/19/2022,SBY,MD,AEA,EN,Federal Contract Tower,0,11,7,0,18,0,0,0,0,0,0,11,7,0,18,16,0,16,34
03/20/2022,SBY,MD,AEA,EN,Federal Contract Tower,0,8,5,0,13,0,2,16,0,18,0,10,21,0,31,42,0,42,73
03/21/2022,SBY,MD,AEA,EN,Federal Contract Tower,0,16,9,0,25,0,4,68,23,95,0,20,77,23,120,110,180,290,410
03/22/2022,SBY,MD,AEA,EN,Federal Contract Tower,0,15,17,0,32,0,25,95,2,122,0,40,112,2,154,208,26,234,388
03/23/2022,SBY,MD,AEA,EN,Federal Contract Tower,0,15,3,0,18,0,20,20,4,44,0,35,23,4,62,0,0,0,62
03/24/2022,SBY,MD,AEA,EN,Federal Contract Tower,0,13,4,0,17,0,0,1,0,1,0,13,5,0,18,0,0,0,18
03/25/2022,SBY,MD,AEA,EN,Federal Contract Tower,0,18,18,0,36,0,6,58,4,68,0,24,76,4,104,72,36,108,212
03/26/2022,SBY,MD,AEA,EN,Federal Contract Tower,0,11,10,0,21,0,2,20,0,22,0,13,30,0,43,24,0,24,67
03/27/2022,SBY,MD,AEA,EN,Federal Contract Tower,0,11,3,0,14,0,8,15,0,23,0,19,18,0,37,14,0,14,51
03/28/2022,SBY,MD,AEA,EN,Federal Contract Tower,0,12,7,0,19,0,1,11,7,19,0,13,18,7,38,4,8,12,50
03/29/2022,SBY,MD,AEA,EN,Federal Contract Tower,0,19,13,0,32,0,0,26,8,34,0,19,39,8,66,20,16,36,102
03/30/2022,SBY,MD,AEA,EN,Federal Contract Tower,0,18,8,0,26,0,3,72,22,97,0,21,80,22,123,54,62,116,239
03/31/2022,SBY,MD,AEA,EN,Federal Contract Tower,0,19,7,6,32,0,0,0,0,0,0,19,7,6,32,0,0,0,32
04/01/2022,SBY,MD,AEA,EN,Federal Contract Tower,0,14,7,0,21,0,6,23,2,31,0,20,30,2,52,0,14,14,66
04/02/2022,SBY,MD,AEA,EN,Federal Contract Tower,0,12,9,0,21,0,2,78,3,83,0,14,87,3,104,98,10,108,212
04/03/2022,SBY,MD,AEA,EN,Federal Contract Tower,0,9,6,2,17,0,14,41,6,61,0,23,47,8,78,38,0,38,116
04/04/2022,SBY,MD,AEA,EN,Federal Contract Tower,0,12,21,0,33,0,46,73,18,137,0,58,94,18,170,68,66,134,304
04/05/2022,SBY,MD,AEA,EN,Federal Contract Tower,0,13,6,0,19,0,3,2,0,5,0,16,8,0,24,0,0,0,24
04/06/2022,SBY,MD,AEA,EN,Federal Contract Tower,0,14,13,0,27,0,0,0,0,0,0,14,13,0,27,0,0,0,27
04/07/2022,SBY,MD,AEA,EN,Federal Contract Tower,0,14,5,0,19,0,0,0,0,0,0,14,5,0,19,0,0,0,19
04/08/2022,SBY,MD,AEA,EN,Federal Contract Tower,0,11,16,0,27,0,0,62,16,78,0,11,78,16,105,70,58,128,233
04/09/2022,SBY,MD,AEA,EN,Federal Contract Tower,0,8,4,0,12,0,3,68,0,71,0,11,72,0,83,92,0,92,175
04/10/2022,SBY,MD,AEA,EN,Federal Contract Tower,0,8,3,0,11,0,4,20,0,24,0,12,23,0,35,14,0,14,49
04/11/2022,SBY,MD,AEA,EN,Federal Contract Tower,0,10,11,0,21,0,16,107,26,149,0,26,118,26,170,118,120,238,408
04/12/2022,SBY,MD,AEA,EN,Federal Contract Tower,0,10,6,2,18,0,20,89,28,137,0,30,95,30,155,68,122,190,345
04/13/2022,SBY,MD,AEA,EN,Federal Contract Tower,0,14,8,0,22,0,10,67,2,79,0,24,75,2,101,16,8,24,125
04/14/2022,SBY,MD,AEA,EN,Federal Contract Tower,0,16,10,2,28,0,0,23,11,34,0,16,33,13,62,0,36,36,98
04/15/2022,SBY,MD,AEA,EN,Federal Contract Tower,0,11,7,0,18,0,1,88,10,99,0,12,95,10,117,80,18,98,215
04/16/2022,SBY,MD,AEA,EN,Federal Contract Tower,0,9,7,0,16,0,0,20,0,20,0,9,27,0,36,0,0,0,36
04/17/2022,SBY,MD,AEA,EN,Federal Contract Tower,0,6,9,0,15,0,0,22,0,22,0,6,31,0,37,2,0,2,39
04/18/2022,SBY,MD,AEA,EN,Federal Contract Tower,0,10,1,0,11,0,6,10,7,23,0,16,11,7,34,28,12,40,74
04/19/2022,SBY,MD,AEA,EN,Federal Contract Tower,0,10,6,0,16,0,6,3,8,17,0,16,9,8,33,0,30,30,63
04/20/2022,SBY,MD,AEA,EN,Federal Contract Tower,0,15,12,0,27,0,15,89,4,108,0,30,101,4,135,104,6,110,245
04/21/2022,SBY,MD,AEA,EN,Federal Contract Tower,0,8,27,2,37,0,0,64,8,72,0,8,91,10,109,38,66,104,213
04/22/2022,SBY,MD,AEA,EN,Federal Contract Tower,0,13,10,0,23,0,12,89,4,105,0,25,99,4,128,60,18,78,206
04/23/2022,SBY,MD,AEA,EN,Federal Contract Tower,0,7,9,0,16,0,10,85,0,95,0,17,94,0,111,72,0,72,183
04/24/2022,SBY,MD,AEA,EN,Federal Contract Tower,0,7,12,0,19,0,12,69,4,85,0,19,81,4,104,74,0,74,178
04/25/2022,SBY,MD,AEA,EN,Federal Contract Tower,0,12,24,1,37,0,0,22,9,31,0,12,46,10,68,46,16,62,130
04/26/2022,SBY,MD,AEA,EN,Federal Contract Tower,0,10,8,0,18,0,26,37,14,77,0,36,45,14,95,26,2,28,123
04/27/2022,SBY,MD,AEA,EN,Federal Contract Tower,0,17,10,2,29,0,0,40,2,42,0,17,50,4,71,28,20,48,119
04/28/2022,SBY,MD,AEA,EN,Federal Contract Tower,0,12,2,2,16,0,5,38,6,49,0,17,40,8,65,14,14,28,93
04/29/2022,SBY,MD,AEA,EN,Federal Contract Tower,0,11,11,1,23,0,4,83,0,87,0,15,94,1,110,89,0,89,199
04/30/2022,SBY,MD,AEA,EN,Federal Contract Tower,0,6,7,3,16,0,11,96,2,109,0,17,103,5,125,94,0,94,219
05/01/2022,SBY,MD,AEA,EN,Federal Contract Tower,0,9,5,0,14,0,0,44,0,44,0,9,49,0,58,26,0,26,84
05/02/2022,SBY,MD,AEA,EN,Federal Contract Tower,0,11,26,7,44,0,6,53,8,67,0,17,79,15,111,34,18,52,163
05/03/2022,SBY,MD,AEA,EN,Federal Contract Tower,0,11,20,0,31,0,2,9,12,23,0,13,29,12,54,0,0,0,54
05/04/2022,SBY,MD,AEA,EN,Federal Contract Tower,0,21,28,2,51,0,17,32,6,55,0,38,60,8,106,68,0,68,174
05/05/2022,SBY,MD,AEA,EN,Federal Contract Tower,0,17,28,4,49,0,4,46,12,62,0,21,74,16,111,76,58,134,245
05/06/2022,SBY,MD,AEA,EN,Federal Contract Tower,0,14,13,0,27,0,0,20,0,20,0,14,33,0,47,50,0,50,97
05/07/2022,SBY,MD,AEA,EN,Federal Contract Tower,0,9,3,0,12,0,0,0,0,0,0,9,3,0,12,0,0,0,12
05/08/2022,SBY,MD,AEA,EN,Federal Contract Tower,0,8,6,0,14,0,0,0,0,0,0,8,6,0,14,0,0,0,14
05/09/2022,SBY,MD,AEA,EN,Federal Contract Tower,0,17,25,0,42,0,19,9,6,34,0,36,34,6,76,12,4,16,92
05/10/2022,SBY,MD,AEA,EN,Federal Contract Tower,0,17,16,0,33,0,4,0,8,12,0,21,16,8,45,0,0,0,45
05/11/2022,SBY,MD,AEA,EN,Federal Contract Tower,0,16,12,2,30,0,0,31,2,33,0,16,43,4,63,2,4,6,69
05/12/2022,SBY,MD,AEA,EN,Federal Contract Tower,0,15,9,0,24,0,0,0,0,0,0,15,9,0,24,0,0,0,24
05/13/2022,SBY,MD,AEA,EN,Federal Contract Tower,0,12,19,0,31,0,0,0,0,0,0,12,19,0,31,0,0,0,31
05/14/2022,SBY,MD,AEA,EN,Federal Contract Tower,0,17,1,0,18,0,14,0,0,14,0,31,1,0,32,0,0,0,32
05/15/2022,SBY,MD,AEA,EN,Federal Contract Tower,0,11,9,2,22,0,0,55,30,85,0,11,64,32,107,68,168,236,343
05/16/2022,SBY,MD,AEA,EN,Federal Contract Tower,0,11,10,6,27,0,10,37,22,69,0,21,47,28,96,92,56,148,244
05/17/2022,SBY,MD,AEA,EN,Federal Contract Tower,0,14,22,1,37,0,11,96,19,126,0,25,118,20,163,42,72,114,277
05/18/2022,SBY,MD,AEA,EN,Federal Contract Tower,0,16,16,0,32,0,13,128,4,145,0,29,144,4,177,64,22,86,263
05/19/2022,SBY,MD,AEA,EN,Federal Contract Tower,0,14,30,0,44,0,0,50,3,53,0,14,80,3,97,64,6,70,167
05/20/2022,SBY,MD,AEA,EN,Federal Contract Tower,0,17,10,4,31,0,2,56,3,61,0,19,66,7,92,62,12,74,166
05/21/2022,SBY,MD,AEA,EN,Federal Contract Tower,0,12,4,0,16,0,2,37,3,42,0,14,41,3,58,48,10,58,116
05/22/2022,SBY,MD,AEA,EN,Federal Contract Tower,0,7,1,0,8,0,4,28,8,40,0,11,29,8,48,0,22,22,70
05/23/2022,SBY,MD,AEA,EN,Federal Contract Tower,0,9,14,2,25,0,8,46,26,80,0,17,60,28,105,40,124,164,269
05/24/2022,SBY,MD,AEA,EN,Federal Contract Tower,0,14,5,1,20,0,1,0,1,2,0,15,5,2,22,0,0,0,22
05/25/2022,SBY,MD,AEA,EN,Federal Contract Tower,0,14,19,4,37,0,15,10,1,26,0,29,29,5,63,0,0,0,63
05/26/2022,SBY,MD,AEA,EN,Federal Contract Tower,0,17,17,5,39,0,4,2,2,8,0,21,19,7,47,0,12,12,59
05/27/2022,SBY,MD,AEA,EN,Federal Contract Tower,0,16,0,0,16,0,0,2,0,2,0,16,2,0,18,0,0,0,18
05/28/2022,SBY,MD,AEA,EN,Federal Contract Tower,0,12,6,0,18,0,0,44,6,50,0,12,50,6,68,38,16,54,122
05/29/2022,SBY,MD,AEA,EN,Federal Contract Tower,0,6,6,0,12,0,2,41,0,43,0,8,47,0,55,0,0,0,55
05/30/2022,SBY,MD,AEA,EN,Federal Contract Tower,0,11,13,3,27,0,7,28,0,35,0,18,41,3,62,40,0,40,102
05/31/2022,SBY,MD,AEA,EN,Federal Contract Tower,0,10,14,0,24,0,12,69,11,92,0,22,83,11,116,62,36,98,214
06/01/2022,SBY,MD,AEA,EN,Federal Contract Tower,0,15,22,0,37,0,26,81,4,111,0,41,103,4,148,80,0,80,228
06/02/2022,SBY,MD,AEA,EN,Federal Contract Tower,0,15,7,0,22,0,0,36,8,44,0,15,43,8,66,68,48,116,182
06/03/2022,SBY,MD,AEA,EN,Federal Contract Tower,0,17,14,0,31,0,1,33,0,34,0,18,47,0,65,72,0,72,137
06/04/2022,SBY,MD,AEA,EN,Federal Contract Tower,0,10,5,0,15,0,1,51,0,52,0,11,56,0,67,38,0,38,105
06/05/2022,SBY,MD,AEA,EN,Federal Contract Tower,0,11,5,0,16,0,16,38,3,57,0,27,43,3,73,22,8,30,103
06/06/2022,SBY,MD,AEA,EN,Federal Contract Tower,0,10,10,5,25,0,12,56,16,84,0,22,66,21,109,66,58,124,233
06/07/2022,SBY,MD,AEA,EN,Federal Contract Tower,0,16,9,0,25,0,1,50,8,59,0,17,59,8,84,38,32,70,154
06/08/2022,SBY,MD,AEA,EN,Federal Contract Tower,0,11,4,2,17,0,15,78,4,97,0,26,82,6,114,94,32,126,240
06/09/2022,SBY,MD,AEA,EN,Federal Contract Tower,0,15,12,0,27,0,11,40,16,67,0,26,52,16,94,8,26,34,128
06/10/2022,SBY,MD,AEA,EN,Federal Contract Tower,0,15,8,0,23,0,12,50,19,81,0,27,58,19,104,60,0,60,164
06/11/2022,SBY,MD,AEA,EN,Federal Contract Tower,0,13,9,0,22,0,12,41,0,53,0,25,50,0,75,58,0,58,133
06/12/2022,SBY,MD,AEA,EN,Federal Contract Tower,0,10,10,0,20,0,2,17,0,19,0,12,27,0,39,0,0,0,39
06/13/2022,SBY,MD,AEA,EN,Federal Contract Tower,0,13,1,1,15,0,4,45,16,65,0,17,46,17,80,62,54,116,196
06/14/2022,SBY,MD,AEA,EN,Federal Contract Tower,0,14,5,0,19,0,16,11,2,29,0,30,16,2,48,10,16,26,74
06/15/2022,SBY,MD,AEA,EN,Federal Contract Tower,0,15,13,0,28,0,20,68,2,90,0,35,81,2,118,80,22,102,220
06/16/2022,SBY,MD,AEA,EN,Federal Contract Tower,2,16,14,0,32,0,9,12,4,25,2,25,26,4,57,12,20,32,89
06/17/2022,SBY,MD,AEA,EN,Federal Contract Tower,0,13,8,0,21,0,0,23,0,23,0,13,31,0,44,28,0,28,72
06/18/2022,SBY,MD,AEA,EN,Federal Contract Tower,0,10,1,0,11,0,0,18,0,18,0,10,19,0,29,2,0,2,31
06/19/2022,SBY,MD,AEA,EN,Federal Contract Tower,0,6,4,0,10,0,2,21,0,23,0,8,25,0,33,14,0,14,47
06/20/2022,SBY,MD,AEA,EN,Federal Contract Tower,0,8,14,0,22,0,4,63,0,67,0,12,77,0,89,76,0,76,165
06/21/2022,SBY,MD,AEA,EN,Federal Contract Tower,0,10,8,0,18,0,42,96,50,188,0,52,104,50,206,92,140,232,438
06/22/2022,SBY,MD,AEA,EN,Federal Contract Tower,0,12,7,1,20,0,2,45,27,74,0,14,52,28,94,24,0,24,118
06/23/2022,SBY,MD,AEA,EN,Federal Contract Tower,0,19,17,0,36,0,0,11,0,11,0,19,28,0,47,34,0,34,81
06/24/2022,SBY,MD,AEA,EN,Federal Contract Tower,0,11,9,0,20,0,9,39,43,91,0,20,48,43,111,30,86,116,227
06/25/2022,SBY,MD,AEA,EN,Federal Contract Tower,0,8,15,0,23,0,11,43,34,88,0,19,58,34,111,43,108,151,262
06/26/2022,SBY,MD,AEA,EN,Federal Contract Tower,0,6,9,6,21,0,0,58,25,83,0,6,67,31,104,64,104,168,272
06/27/2022,SBY,MD,AEA,EN,Federal Contract Tower,0,18,4,0,22,0,26,50,0,76,0,44,54,0,98,92,140,232,330
06/28/2022,SBY,MD,AEA,EN,Federal Contract Tower,0,15,11,2,28,0,8,58,40,106,0,23,69,42,134,0,238,238,372
06/29/2022,SBY,MD,AEA,EN,Federal Contract Tower,0,20,8,0,28,0,2,65,2,69,0,22,73,2,97,14,0,14,111
06/30/2022,SBY,MD,AEA,EN,Federal Contract Tower,0,15,12,2,29,0,7,57,36,100,0,22,69,38,129,64,186,250,379
07/01/2022,SBY,MD,AEA,EN,Federal Contract Tower,0,22,8,0,30,0,20,43,54,117,0,42,51,54,147,28,292,320,467
07/02/2022,SBY,MD,AEA,EN,Federal Contract Tower,0,12,10,0,22,0,2,19,25,46,0,14,29,25,68,0,86,86,154
07/03/2022,SBY,MD,AEA,EN,Federal Contract Tower,0,6,4,0,10,0,18,12,20,50,0,24,16,20,60,0,2,2,62
07/04/2022,SBY,MD,AEA,EN,Federal Contract Tower,0,12,7,0,19,0,2,31,59,92,0,14,38,59,111,20,358,378,489
07/05/2022,SBY,MD,AEA,EN,Federal Contract Tower,0,7,6,1,14,0,0,32,67,99,0,7,38,68,113,28,304,332,445
07/06/2022,SBY,MD,AEA,EN,Federal Contract Tower,0,21,4,3,28,0,16,59,74,149,0,37,63,77,177,32,350,382,559
07/07/2022,SBY,MD,AEA,EN,Federal Contract Tower,0,15,14,4,33,0,6,0,10,16,0,21,14,14,49,0,50,50,99
07/08/2022,SBY,MD,AEA,EN,Federal Contract Tower,0,16,9,1,26,0,8,20,32,60,0,24,29,33,86,0,226,226,312
07/09/2022,SBY,MD,AEA,EN,Federal Contract Tower,0,22,5,0,27,0,0,8,0,8,0,22,13,0,35,20,0,20,55
07/10/2022,SBY,MD,AEA,EN,Federal Contract Tower,0,13,9,0,22,0,4,25,5,34,0,17,34,5,56,6,30,36,92
07/11/2022,SBY,MD,AEA,EN,Federal Contract Tower,0,11,7,2,20,0,3,68,79,150,0,14,75,81,170,94,386,480,650
07/12/2022,SBY,MD,AEA,EN,Federal Contract Tower,0,14,12,4,30,0,3,32,36,71,0,17,44,40,101,10,190,200,301
07/13/2022,SBY,MD,AEA,EN,Federal Contract Tower,0,14,8,0,22,0,10,32,88,130,0,24,40,88,152,8,304,312,464
07/14/2022,SBY,MD,AEA,EN,Federal Contract Tower,0,16,6,0,22,0,3,54,53,110,0,19,60,53,132,54,230,284,416
07/15/2022,SBY,MD,AEA,EN,Federal Contract Tower,0,11,6,2,19,0,6,37,35,78,0,17,43,37,97,44,188,232,329
07/16/2022,SBY,MD,AEA,EN,Federal Contract Tower,0,9,2,0,11,0,0,12,0,12,0,9,14,0,23,10,0,10,33
07/17/2022,SBY,MD,AEA,EN,Federal Contract Tower,0,10,1,0,11,0,1,25,0,26,0,11,26,0,37,40,0,40,77
07/18/2022,SBY,MD,AEA,EN,Federal Contract Tower,0,12,3,0,15,0,8,50,58,116,0,20,53,58,131,100,342,442,573
07/19/2022,SBY,MD,AEA,EN,Federal Contract Tower,0,16,16,0,32,0,2,81,48,131,0,18,97,48,163,62,146,208,371
07/20/2022,SBY,MD,AEA,EN,Federal Contract Tower,0,12,7,0,19,0,13,79,63,155,0,25,86,63,174,76,110,186,360
07/21/2022,SBY,MD,AEA,EN,Federal Contract Tower,0,18,4,4,26,0,0,27,23,50,0,18,31,27,76,30,58,88,164
07/22/2022,SBY,MD,AEA,EN,Federal Contract Tower,0,13,11,0,24,0,4,61,33,98,0,17,72,33,122,50,2,52,174
07/23/2022,SBY,MD,AEA,EN,Federal Contract Tower,0,10,8,0,18,0,4,75,40,119,0,14,83,40,137,42,124,166,303
07/24/2022,SBY,MD,AEA,EN,Federal Contract Tower,0,9,6,0,15,0,5,37,0,42,0,14,43,0,57,2,0,2,59
07/25/2022,SBY,MD,AEA,EN,Federal Contract Tower,0,13,4,0,17,0,10,18,37,65,0,23,22,37,82,6,82,88,170
07/26/2022,SBY,MD,AEA,EN,Federal Contract Tower,0,16,14,4,34,0,2,0,2,4,0,18,14,6,38,0,26,26,64
07/27/2022,SBY,MD,AEA,EN,Federal Contract Tower,0,16,5,1,22,0,10,7,56,73,0,26,12,57,95,0,226,226,321
07/28/2022,SBY,MD,AEA,EN,Federal Contract Tower,0,15,7,1,23,0,14,42,64,120,0,29,49,65,143,14,206,220,363
07/29/2022,SBY,MD,AEA,EN,Federal Contract Tower,0,9,12,0,21,0,0,26,46,72,0,9,38,46,93,22,90,112,205
07/30/2022,SBY,MD,AEA,EN,Federal Contract Tower,0,13,9,1,23,0,2,37,66,105,0,15,46,67,128,56,168,224,352
07/31/2022,SBY,MD,AEA,EN,Federal Contract Tower,0,7,9,0,16,0,0,24,66,90,0,7,33,66,106,36,122,158,264
08/01/2022,SBY,MD,AEA,EN,Federal Contract Tower,0,9,10,0,19,0,4,31,57,92,0,13,41,57,111,20,150,170,281
08/02/2022,SBY,MD,AEA,EN,Federal Contract Tower,0,17,8,6,31,0,9,53,58,120,0,26,61,64,151,88,182,270,421
08/03/2022,SBY,MD,AEA,EN,Federal Contract Tower,0,13,11,0,24,0,16,55,76,147,0,29,66,76,171,14,146,160,331
08/04/2022,SBY,MD,AEA,EN,Federal Contract Tower,0,11,15,2,28,0,10,47,71,128,0,21,62,73,156,20,178,198,354
08/05/2022,SBY,MD,AEA,EN,Federal Contract Tower,0,15,11,0,26,0,6,24,35,65,0,21,35,35,91,16,26,42,133
08/06/2022,SBY,MD,AEA,EN,Federal Contract Tower,0,11,11,0,22,0,0,21,32,53,0,11,32,32,75,12,96,108,183
08/07/2022,SBY,MD,AEA,EN,Federal Contract Tower,0,10,6,0,16,0,2,25,21,48,0,12,31,21,64,0,6,6,70
08/08/2022,SBY,MD,AEA,EN,Federal Contract Tower,0,14,22,6,42,0,4,61,50,115,0,18,83,56,157,72,270,342,499
08/09/2022,SBY,MD,AEA,EN,Federal Contract Tower,0,13,11,6,30,0,6,40,64,110,0,19,51,70,140,60,270,330,470
08/10/2022,SBY,MD,AEA,EN,Federal Contract Tower,0,14,14,0,28,0,6,28,29,63,0,20,42,29,91,2,70,72,163
08/11/2022,SBY,MD,AEA,EN,Federal Contract Tower,0,16,13,13,42,0,19,26,15,60,0,35,39,28,102,42,50,92,194
08/12/2022,SBY,MD,AEA,EN,Federal Contract Tower,0,18,14,0,32,0,10,39,17,66,0,28,53,17,98,10,78,88,186
08/13/2022,SBY,MD,AEA,EN,Federal Contract Tower,0,8,13,0,21,0,1,77,0,78,0,9,90,0,99,126,0,126,225
08/14/2022,SBY,MD,AEA,EN,Federal Contract Tower,0,15,6,0,21,0,0,43,0,43,0,15,49,0,64,2,0,2,66
08/15/2022,SBY,MD,AEA,EN,Federal Contract Tower,0,13,7,8,28,0,29,30,14,73,0,42,37,22,101,4,126,130,231
08/16/2022,SBY,MD,AEA,EN,Federal Contract Tower,0,11,8,7,26,0,2,22,21,45,0,13,30,28,71,24,28,52,123
08/17/2022,SBY,MD,AEA,EN,Federal Contract Tower,0,21,17,0,38,0,6,38,18,62,0,27,55,18,100,8,8,16,116
08/18/2022,SBY,MD,AEA,EN,Federal Contract Tower,0,16,4,5,25,0,8,41,14,63,0,24,45,19,88,2,82,84,172
08/19/2022,SBY,MD,AEA,EN,Federal Contract Tower,0,17,6,2,25,0,13,24,12,49,0,30,30,14,74,32,8,40,114
08/20/2022,SBY,MD,AEA,EN,Federal Contract Tower,0,9,4,0,13,0,12,22,0,34,0,21,26,0,47,0,0,0,47
08/21/2022,SBY,MD,AEA,EN,Federal Contract Tower,0,8,6,0,14,0,6,2,0,8,0,14,8,0,22,12,0,12,34
08/22/2022,SBY,MD,AEA,EN,Federal Contract Tower,0,9,4,4,17,0,18,1,4,23,0,27,5,8,40,0,22,22,62
08/23/2022,SBY,MD,AEA,EN,Federal Contract Tower,0,13,14,6,33,0,13,26,1,40,0,26,40,7,73,122,22,144,217
08/24/2022,SBY,MD,AEA,EN,Federal Contract Tower,0,19,8,5,32,0,0,53,18,71,0,19,61,23,103,40,142,182,285
08/25/2022,SBY,MD,AEA,EN,Federal Contract Tower,0,14,4,0,18,0,8,76,30,114,0,22,80,30,132,98,116,214,346
08/26/2022,SBY,MD,AEA,EN,Federal Contract Tower,0,16,16,0,32,0,2,35,11,48,0,18,51,11,80,20,30,50,130
08/27/2022,SBY,MD,AEA,EN,Federal Contract Tower,0,11,19,0,30,0,4,35,0,39,0,15,54,0,69,46,0,46,115
08/28/2022,SBY,MD,AEA,EN,Federal Contract Tower,0,9,12,0,21,0,0,22,4,26,0,9,34,4,47,4,0,4,51
08/29/2022,SBY,MD,AEA,EN,Federal Contract Tower,0,16,16,0,32,0,0,19,8,27,0,16,35,8,59,16,84,100,159
08/30/2022,SBY,MD,AEA,EN,Federal Contract Tower,0,18,25,0,43,0,2,20,10,32,0,20,45,10,75,22,10,32,107
08/31/2022,SBY,MD,AEA,EN,Federal Contract Tower,0,12,11,10,33,0,16,57,23,96,0,28,68,33,129,12,80,92,221
09/01/2022,SBY,MD,AEA,EN,Federal Contract Tower,0,18,12,0,30,0,10,70,22,102,0,28,82,22,132,76,96,172,304
09/02/2022,SBY,MD,AEA,EN,Federal Contract Tower,0,18,7,0,25,0,30,31,3,64,0,48,38,3,89,42,30,72,161
09/03/2022,SBY,MD,AEA,EN,Federal Contract Tower,0,10,4,0,14,0,2,26,0,28,0,12,30,0,42,0,0,0,42
09/04/2022,SBY,MD,AEA,EN,Federal Contract Tower,0,10,5,0,15,0,10,37,0,47,0,20,42,0,62,22,0,22,84
09/05/2022,SBY,MD,AEA,EN,Federal Contract Tower,0,18,13,0,31,0,0,31,5,36,0,18,44,5,67,30,14,44,111
09/06/2022,SBY,MD,AEA,EN,Federal Contract Tower,0,9,16,8,33,0,5,4,0,9,0,14,20,8,42,6,0,6,48
09/07/2022,SBY,MD,AEA,EN,Federal Contract Tower,0,17,7,0,24,0,0,2,0,2,0,17,9,0,26,0,0,0,26
09/08/2022,SBY,MD,AEA,EN,Federal Contract Tower,0,14,6,12,32,0,3,57,23,83,0,17,63,35,115,38,40,78,193
09/09/2022,SBY,MD,AEA,EN,Federal Contract Tower,0,16,9,4,29,0,0,45,21,66,0,16,54,25,95,10,42,52,147
09/10/2022,SBY,MD,AEA,EN,Federal Contract Tower,0,11,4,0,15,0,0,49,0,49,0,11,53,0,64,38,0,38,102
09/11/2022,SBY,MD,AEA,EN,Federal Contract Tower,0,12,5,0,17,0,0,0,0,0,0,12,5,0,17,0,0,0,17
09/12/2022,SBY,MD,AEA,EN,Federal Contract Tower,0,12,10,0,22,0,0,10,0,10,0,12,20,0,32,0,0,0,32
09/13/2022,SBY,MD,AEA,EN,Federal Contract Tower,0,16,11,8,35,0,4,29,22,55,0,20,40,30,90,28,64,92,182
09/14/2022,SBY,MD,AEA,EN,Federal Contract Tower,0,27,5,8,40,0,14,80,28,122,0,41,85,36,162,20,36,56,218
09/15/2022,SBY,MD,AEA,EN,Federal Contract Tower,0,16,5,8,29,0,21,75,18,114,0,37,80,26,143,36,54,90,233
09/16/2022,SBY,MD,AEA,EN,Federal Contract Tower,0,21,22,2,45,0,4,32,24,60,0,25,54,26,105,2,28,30,135
09/17/2022,SBY,MD,AEA,EN,Federal Contract Tower,0,10,9,0,19,0,15,46,13,74,0,25,55,13,93,42,2,44,137
09/18/2022,SBY,MD,AEA,EN,Federal Contract Tower,0,16,10,0,26,0,12,44,0,56,0,28,54,0,82,52,0,52,134
09/19/2022,SBY,MD,AEA,EN,Federal Contract Tower,0,14,13,0,27,0,9,35,11,55,0,23,48,11,82,12,2,14,96
09/20/2022,SBY,MD,AEA,EN,Federal Contract Tower,0,18,11,2,31,0,4,50,36,90,0,22,61,38,121,66,116,182,303
09/21/2022,SBY,MD,AEA,EN,Federal Contract Tower,0,21,9,6,36,0,11,74,12,97,0,32,83,18,133,102,16,118,251
09/22/2022,SBY,MD,AEA,EN,Federal Contract Tower,0,20,14,0,34,0,0,29,18,47,0,20,43,18,81,14,58,72,153
09/23/2022,SBY,MD,AEA,EN,Federal Contract Tower,0,19,9,0,28,0,10,6,0,16,0,29,15,0,44,4,0,4,48
09/24/2022,SBY,MD,AEA,EN,Federal Contract Tower,0,15,6,0,21,0,2,34,0,36,0,17,40,0,57,60,0,60,117
09/25/2022,SBY,MD,AEA,EN,Federal Contract Tower,0,9,4,0,13,0,0,14,0,14,0,9,18,0,27,6,0,6,33
09/26/2022,SBY,MD,AEA,EN,Federal Contract Tower,0,13,12,3,28,0,20,30,32,82,0,33,42,35,110,20,56,76,186
09/27/2022,SBY,MD,AEA,EN,Federal Contract Tower,0,17,6,2,25,0,4,40,44,88,0,21,46,46,113,60,108,168,281
09/28/2022,SBY,MD,AEA,EN,Federal Contract Tower,0,14,11,0,25,0,8,86,28,122,0,22,97,28,147,92,24,116,263
09/29/2022,SBY,MD,AEA,EN,Federal Contract Tower,0,19,3,0,22,0,6,35,36,77,0,25,38,36,99,46,156,202,301
09/30/2022,SBY,MD,AEA,EN,Federal Contract Tower,0,15,7,0,22,0,0,12,5,17,0,15,19,5,39,18,20,38,77
10/01/2022,SBY,MD,AEA,EN,Federal Contract Tower,0,8,2,0,10,0,0,0,0,0,0,8,2,0,10,0,0,0,10
10/02/2022,SBY,MD,AEA,EN,Federal Contract Tower,0,8,2,0,10,0,0,0,0,0,0,8,2,0,10,0,0,0,10
10/03/2022,SBY,MD,AEA,EN,Federal Contract Tower,0,17,3,0,20,0,0,0,0,0,0,17,3,0,20,0,0,0,20
10/04/2022,SBY,MD,AEA,EN,Federal Contract Tower,0,18,0,0,18,0,0,0,0,0,0,18,0,0,18,0,0,0,18
10/05/2022,SBY,MD,AEA,EN,Federal Contract Tower,0,15,13,4,32,0,0,2,0,2,0,15,15,4,34,0,0,0,34
10/06/2022,SBY,MD,AEA,EN,Federal Contract Tower,0,15,13,1,29,0,11,71,46,128,0,26,84,47,157,52,136,188,345
10/07/2022,SBY,MD,AEA,EN,Federal Contract Tower,0,10,11,0,21,0,12,64,24,100,0,22,75,24,121,96,124,220,341
10/08/2022,SBY,MD,AEA,EN,Federal Contract Tower,0,12,6,0,18,0,1,68,3,72,0,13,74,3,90,72,16,88,178
10/09/2022,SBY,MD,AEA,EN,Federal Contract Tower,0,10,15,0,25,0,44,49,0,93,0,54,64,0,118,12,0,12,130
10/10/2022,SBY,MD,AEA,EN,Federal Contract Tower,0,14,5,0,19,0,0,51,30,81,0,14,56,30,100,58,134,192,292
10/11/2022,SBY,MD,AEA,EN,Federal Contract Tower,0,18,14,0,32,0,28,75,68,171,0,46,89,68,203,62,320,382,585
10/12/2022,SBY,MD,AEA,EN,Federal Contract Tower,0,24,5,0,29,0,7,81,22,110,0,31,86,22,139,82,88,170,309
10/13/2022,SBY,MD,AEA,EN,Federal Contract Tower,0,15,6,0,21,0,0,21,24,45,0,15,27,24,66,30,108,138,204
10/14/2022,SBY,MD,AEA,EN,Federal Contract Tower,0,16,12,5,33,0,6,60,19,85,0,22,72,24,118,86,86,172,290
10/15/2022,SBY,MD,AEA,EN,Federal Contract Tower,0,14,10,1,25,0,4,42,3,49,0,18,52,4,74,50,8,58,132
10/16/2022,SBY,MD,AEA,EN,Federal Contract Tower,0,9,3,0,12,0,7,41,0,48,0,16,44,0,60,84,0,84,144
10/17/2022,SBY,MD,AEA,EN,Federal Contract Tower,0,12,12,6,30,0,4,2,9,15,0,16,14,15,45,0,6,6,51
10/19/2022,SBY,MD,AEA,EN,Federal Contract Tower,0,22,7,0,29,0,6,52,32,90,0,28,59,32,119,18,34,52,171
10/20/2022,SBY,MD,AEA,EN,Federal Contract Tower,0,14,8,1,23,0,9,42,40,91,0,23,50,41,114,68,136,204,318
10/21/2022,SBY,MD,AEA,EN,Federal Contract Tower,0,16,5,0,21,0,8,51,36,95,0,24,56,36,116,60,136,196,312
10/22/2022,SBY,MD,AEA,EN,Federal Contract Tower,0,10,7,0,17,0,6,55,18,79,0,16,62,18,96,194,22,216,312
10/23/2022,SBY,MD,AEA,EN,Federal Contract Tower,0,8,1,0,9,0,0,0,0,0,0,8,1,0,9,0,0,0,9
10/24/2022,SBY,MD,AEA,EN,Federal Contract Tower,0,13,9,10,32,0,0,0,0,0,0,13,9,10,32,0,0,0,32
10/25/2022,SBY,MD,AEA,EN,Federal Contract Tower,0,12,7,2,21,0,0,0,0,0,0,12,7,2,21,0,0,0,21
10/26/2022,SBY,MD,AEA,EN,Federal Contract Tower,0,15,6,0,21,0,2,9,0,11,0,17,15,0,32,16,0,16,48
10/27/2022,SBY,MD,AEA,EN,Federal Contract Tower,0,16,10,0,26,0,12,50,41,103,0,28,60,41,129,32,100,132,261
10/28/2022,SBY,MD,AEA,EN,Federal Contract Tower,0,19,12,2,33,0,8,51,16,75,0,27,63,18,108,100,28,128,236
10/29/2022,SBY,MD,AEA,EN,Federal Contract Tower,0,10,9,0,19,0,2,37,6,45,0,12,46,6,64,36,48,84,148
10/30/2022,SBY,MD,AEA,EN,Federal Contract Tower,0,11,12,0,23,0,0,39,2,41,0,11,51,2,64,34,16,50,114
10/31/2022,SBY,MD,AEA,EN,Federal Contract Tower,0,15,10,0,25,0,4,34,51,89,0,19,44,51,114,58,290,348,462
11/01/2022,SBY,MD,AEA,EN,Federal Contract Tower,0,16,19,11,46,0,13,36,22,71,0,29,55,33,117,60,40,100,217
11/02/2022,SBY,MD,AEA,EN,Federal Contract Tower,0,16,9,2,27,0,2,79,22,103,0,18,88,24,130,116,54,170,300
11/03/2022,SBY,MD,AEA,EN,Federal Contract Tower,0,18,6,4,28,0,29,47,20,96,0,47,53,24,124,26,42,68,192
11/04/2022,SBY,MD,AEA,EN,Federal Contract Tower,0,17,8,0,25,0,0,46,5,51,0,17,54,5,76,20,4,24,100
11/05/2022,SBY,MD,AEA,EN,Federal Contract Tower,0,8,16,0,24,0,0,62,12,74,0,8,78,12,98,28,0,28,126
11/06/2022,SBY,MD,AEA,EN,Federal Contract Tower,0,10,11,0,21,0,15,46,3,64,0,25,57,3,85,18,4,22,107
11/07/2022,SBY,MD,AEA,EN,Federal Contract Tower,0,16,9,2,27,0,13,17,22,52,0,29,26,24,79,0,52,52,131
11/08/2022,SBY,MD,AEA,EN,Federal Contract Tower,0,15,5,0,20,0,2,23,20,45,0,17,28,20,65,2,6,8,73
11/09/2022,SBY,MD,AEA,EN,Federal Contract Tower,0,14,6,0,20,0,13,51,26,90,0,27,57,26,110,36,80,116,226
11/10/2022,SBY,MD,AEA,EN,Federal Contract Tower,0,16,18,2,36,0,12,62,23,97,0,28,80,25,133,42,84,126,259
11/11/2022,SBY,MD,AEA,EN,Federal Contract Tower,0,13,2,0,15,0,0,1,0,1,0,13,3,0,16,0,0,0,16
11/12/2022,SBY,MD,AEA,EN,Federal Contract Tower,0,9,10,0,19,0,0,66,8,74,0,9,76,8,93,104,36,140,233
11/13/2022,SBY,MD,AEA,EN,Federal Contract Tower,0,7,11,0,18,0,2,16,0,18,0,9,27,0,36,24,0,24,60
11/14/2022,SBY,MD,AEA,EN,Federal Contract Tower,0,9,10,7,26,0,4,39,13,56,0,13,49,20,82,26,28,54,136
11/15/2022,SBY,MD,AEA,EN,Federal Contract Tower,0,13,5,1,19,0,0,32,25,57,0,13,37,26,76,52,50,102,178
11/16/2022,SBY,MD,AEA,EN,Federal Contract Tower,0,17,9,2,28,0,8,23,12,43,0,25,32,14,71,22,14,36,107
11/17/2022,SBY,MD,AEA,EN,Federal Contract Tower,0,15,2,0,17,0,4,30,14,48,0,19,32,14,65,20,40,60,125
11/18/2022,SBY,MD,AEA,EN,Federal Contract Tower,0,19,4,0,23,0,7,78,15,100,0,26,82,15,123,100,58,158,281
11/19/2022,SBY,MD,AEA,EN,Federal Contract Tower,0,8,18,2,28,0,0,55,2,57,0,8,73,4,85,64,0,64,149
11/20/2022,SBY,MD,AEA,EN,Federal Contract Tower,0,14,2,0,16,0,18,9,2,29,0,32,11,2,45,0,0,0,45
11/21/2022,SBY,MD,AEA,EN,Federal Contract Tower,0,14,4,2,20,0,4,48,29,81,0,18,52,31,101,44,30,74,175
11/22/2022,SBY,MD,AEA,EN,Federal Contract Tower,0,14,9,0,23,0,1,74,50,125,0,15,83,50,148,66,96,162,310
11/23/2022,SBY,MD,AEA,EN,Federal Contract Tower,0,14,8,1,23,0,4,33,0,37,0,18,41,1,60,52,0,52,112
11/24/2022,SBY,MD,AEA,EN,Federal Contract Tower,0,6,1,0,7,0,0,11,0,11,0,6,12,0,18,6,0,6,24
11/25/2022,SBY,MD,AEA,EN,Federal Contract Tower,0,18,7,0,25,0,18,2,0,20,0,36,9,0,45,0,0,0,45
11/26/2022,SBY,MD,AEA,EN,Federal Contract Tower,0,13,14,0,27,0,0,44,0,44,0,13,58,0,71,0,0,0,71
11/27/2022,SBY,MD,AEA,EN,Federal Contract Tower,0,9,3,0,12,0,0,0,0,0,0,9,3,0,12,0,0,0,12
11/28/2022,SBY,MD,AEA,EN,Federal Contract Tower,0,14,0,0,14,0,4,27,21,52,0,18,27,21,66,0,48,48,114
11/29/2022,SBY,MD,AEA,EN,Federal Contract Tower,0,16,7,1,24,0,0,70,45,115,0,16,77,46,139,36,66,102,241
11/30/2022,SBY,MD,AEA,EN,Federal Contract Tower,0,20,3,2,25,0,0,0,0,0,0,20,3,2,25,0,0,0,25
12/01/2022,SBY,MD,AEA,EN,Federal Contract Tower,0,12,7,5,24,0,8,37,12,57,0,20,44,17,81,46,72,118,199
12/02/2022,SBY,MD,AEA,EN,Federal Contract Tower,0,12,5,0,17,0,12,66,15,93,0,24,71,15,110,60,74,134,244
12/03/2022,SBY,MD,AEA,EN,Federal Contract Tower,0,9,0,0,9,0,2,0,0,2,0,11,0,0,11,0,0,0,11
12/04/2022,SBY,MD,AEA,EN,Federal Contract Tower,0,6,7,0,13,0,8,51,12,71,0,14,58,12,84,42,24,66,150
12/05/2022,SBY,MD,AEA,EN,Federal Contract Tower,0,13,5,0,18,0,6,47,31,84,0,19,52,31,102,60,94,154,256
12/06/2022,SBY,MD,AEA,EN,Federal Contract Tower,0,11,8,3,22,0,10,4,6,20,0,21,12,9,42,0,0,0,42
12/07/2022,SBY,MD,AEA,EN,Federal Contract Tower,0,15,4,0,19,0,0,0,0,0,0,15,4,0,19,0,0,0,19
12/08/2022,SBY,MD,AEA,EN,Federal Contract Tower,0,11,12,0,23,0,10,50,31,91,0,21,62,31,114,30,36,66,180
12/09/2022,SBY,MD,AEA,EN,Federal Contract Tower,0,14,6,0,20,0,10,63,29,102,0,24,69,29,122,44,58,102,224
12/10/2022,SBY,MD,AEA,EN,Federal Contract Tower,0,13,4,0,17,0,0,40,12,52,0,13,44,12,69,66,30,96,165
12/11/2022,SBY,MD,AEA,EN,Federal Contract Tower,0,5,5,0,10,0,0,14,9,23,0,5,19,9,33,0,0,0,33
12/12/2022,SBY,MD,AEA,EN,Federal Contract Tower,0,10,3,0,13,0,18,29,17,64,0,28,32,17,77,4,20,24,101
12/13/2022,SBY,MD,AEA,EN,Federal Contract Tower,0,12,13,0,25,0,2,50,40,92,0,14,63,40,117,32,74,106,223
12/14/2022,SBY,MD,AEA,EN,Federal Contract Tower,0,17,7,5,29,0,8,42,29,79,0,25,49,34,108,32,116,148,256
12/15/2022,SBY,MD,AEA,EN,Federal Contract Tower,0,15,1,0,16,0,0,0,0,0,0,15,1,0,16,0,0,0,16
12/16/2022,SBY,MD,AEA,EN,Federal Contract Tower,0,15,10,0,25,0,0,16,2,18,0,15,26,2,43,0,0,0,43
12/17/2022,SBY,MD,AEA,EN,Federal Contract Tower,0,11,12,0,23,0,6,32,1,39,0,17,44,1,62,6,0,6,68
12/18/2022,SBY,MD,AEA,EN,Federal Contract Tower,0,8,1,0,9,0,0,7,3,10,0,8,8,3,19,0,0,0,19
12/19/2022,SBY,MD,AEA,EN,Federal Contract Tower,0,15,14,0,29,0,28,19,9,56,0,43,33,9,85,22,26,48,133
12/20/2022,SBY,MD,AEA,EN,Federal Contract Tower,0,15,14,4,33,0,10,52,8,70,0,25,66,12,103,38,26,64,167
12/21/2022,SBY,MD,AEA,EN,Federal Contract Tower,0,21,16,2,39,0,24,75,5,104,0,45,91,7,143,62,30,92,235
12/22/2022,SBY,MD,AEA,EN,Federal Contract Tower,0,21,3,0,24,0,0,2,0,2,0,21,5,0,26,0,0,0,26
12/23/2022,SBY,MD,AEA,EN,Federal Contract Tower,0,15,1,0,16,0,0,0,0,0,0,15,1,0,16,0,0,0,16
12/24/2022,SBY,MD,AEA,EN,Federal Contract Tower,0,12,2,0,14,0,1,1,0,2,0,13,3,0,16,0,0,0,16
12/25/2022,SBY,MD,AEA,EN,Federal Contract Tower,0,5,0,0,5,0,1,0,0,1,0,6,0,0,6,0,0,0,6
12/26/2022,SBY,MD,AEA,EN,Federal Contract Tower,0,13,6,1,20,0,4,38,0,42,0,17,44,1,62,52,0,52,114
12/27/2022,SBY,MD,AEA,EN,Federal Contract Tower,0,16,8,0,24,0,30,46,4,80,0,46,54,4,104,8,4,12,116
12/28/2022,SBY,MD,AEA,EN,Federal Contract Tower,0,18,6,0,24,0,5,48,0,53,0,23,54,0,77,30,0,30,107
12/29/2022,SBY,MD,AEA,EN,Federal Contract Tower,0,18,11,0,29,0,13,64,2,79,0,31,75,2,108,42,24,66,174
12/30/2022,SBY,MD,AEA,EN,Federal Contract Tower,0,17,4,0,21,0,1,75,0,76,0,18,79,0,97,32,0,32,129
12/31/2022,SBY,MD,AEA,EN,Federal Contract Tower,0,11,0,0,11,0,0,0,0,0,0,11,0,0,11,0,0,0,11
01/01/2023,SBY,MD,AEA,EN,Federal Contract Tower,0,8,3,0,11,0,6,31,0,37,0,14,34,0,48,28,0,28,76
01/02/2023,SBY,MD,AEA,EN,Federal Contract Tower,0,9,4,0,13,0,0,59,0,59,0,9,63,0,72,102,0,102,174
01/03/2023,SBY,MD,AEA,EN,Federal Contract Tower,0,10,3,0,13,0,0,19,4,23,0,10,22,4,36,0,90,90,126
01/04/2023,SBY,MD,AEA,EN,Federal Contract Tower,0,18,4,4,26,0,5,3,8,16,0,23,7,12,42,18,10,28,70
01/05/2023,SBY,MD,AEA,EN,Federal Contract Tower,0,14,19,4,37,0,4,23,22,49,0,18,42,26,86,20,76,96,182
01/06/2023,SBY,MD,AEA,EN,Federal Contract Tower,0,14,12,0,26,0,4,11,4,19,0,18,23,4,45,0,22,22,67
01/07/2023,SBY,MD,AEA,EN,Federal Contract Tower,0,10,9,0,19,0,0,35,0,35,0,10,44,0,54,2,0,2,56
01/08/2023,SBY,MD,AEA,EN,Federal Contract Tower,0,9,8,0,17,0,8,39,0,47,0,17,47,0,64,20,0,20,84
01/09/2023,SBY,MD,AEA,EN,Federal Contract Tower,0,15,6,0,21,0,12,19,6,37,0,27,25,6,58,0,46,46,104
01/10/2023,SBY,MD,AEA,EN,Federal Contract Tower,0,12,3,2,17,0,7,51,24,82,0,19,54,26,99,34,138,172,271
01/11/2023,SBY,MD,AEA,EN,Federal Contract Tower,0,13,9,1,23,0,4,43,16,63,0,17,52,17,86,20,72,92,178
01/12/2023,SBY,MD,AEA,EN,Federal Contract Tower,0,18,5,7,30,0,4,8,0,12,0,22,13,7,42,20,28,48,90
01/13/2023,SBY,MD,AEA,EN,Federal Contract Tower,0,14,2,6,22,0,10,7,2,19,0,24,9,8,41,8,46,54,95
01/14/2023,SBY,MD,AEA,EN,Federal Contract Tower,0,11,3,0,14,0,10,9,0,19,0,21,12,0,33,14,0,14,47
01/15/2023,SBY,MD,AEA,EN,Federal Contract Tower,0,9,5,0,14,0,2,9,0,11,0,11,14,0,25,0,0,0,25
01/16/2023,SBY,MD,AEA,EN,Federal Contract Tower,0,12,2,0,14,0,28,39,8,75,0,40,41,8,89,14,14,28,117
01/17/2023,SBY,MD,AEA,EN,Federal Contract Tower,0,17,7,0,24,0,6,8,2,16,0,23,15,2,40,0,10,10,50
01/19/2023,SBY,MD,AEA,EN,Federal Contract Tower,0,14,3,3,20,0,5,7,4,16,0,19,10,7,36,6,0,6,42
01/20/2023,SBY,MD,AEA,EN,Federal Contract Tower,0,13,7,0,20,0,1,6,4,11,0,14,13,4,31,4,14,18,49
01/21/2023,SBY,MD,AEA,EN,Federal Contract Tower,0,10,7,0,17,0,4,32,0,36,0,14,39,0,53,26,0,26,79
01/22/2023,SBY,MD,AEA,EN,Federal Contract Tower,0,13,0,0,13,0,2,9,2,13,0,15,9,2,26,0,4,4,30
01/23/2023,SBY,MD,AEA,EN,Federal Contract Tower,0,12,2,2,16,0,3,2,12,17,0,15,4,14,33,0,28,28,61
01/24/2023,SBY,MD,AEA,EN,Federal Contract Tower,0,13,11,0,24,0,2,53,8,63,0,15,64,8,87,0,0,0,87
01/25/2023,SBY,MD,AEA,EN,Federal Contract Tower,0,19,0,6,25,0,0,1,0,1,0,19,1,6,26,0,0,0,26
01/26/2023,SBY,MD,AEA,EN,Federal Contract Tower,0,15,15,0,30,0,10,38,6,54,0,25,53,6,84,12,2,14,98
01/27/2023,SBY,MD,AEA,EN,Federal Contract Tower,0,13,22,0,35,0,5,69,16,90,0,18,91,16,125,74,36,110,235
01/28/2023,SBY,MD,AEA,EN,Federal Contract Tower,0,10,9,0,19,0,0,66,0,66,0,10,75,0,85,50,0,50,135
01/29/2023,SBY,MD,AEA,EN,Federal Contract Tower,0,12,4,0,16,0,4,19,5,28,0,16,23,5,44,4,4,8,52
01/30/2023,SBY,MD,AEA,EN,Federal Contract Tower,0,13,7,0,20,0,8,56,41,105,0,21,63,41,125,68,136,204,329
01/31/2023,SBY,MD,AEA,EN,Federal Contract Tower,0,16,1,2,19,0,12,0,0,12,0,28,1,2,31,0,0,0,31
02/01/2023,SBY,MD,AEA,EN,Federal Contract Tower,0,19,19,5,43,0,4,21,22,47,0,23,40,27,90,52,76,128,218
02/02/2023,SBY,MD,AEA,EN,Federal Contract Tower,0,15,4,0,19,0,2,76,38,116,0,17,80,38,135,46,42,88,223
02/03/2023,SBY,MD,AEA,EN,Federal Contract Tower,0,11,5,0,16,0,2,18,5,25,0,13,23,5,41,10,0,10,51
02/04/2023,SBY,MD,AEA,EN,Federal Contract Tower,0,7,5,0,12,0,0,50,0,50,0,7,55,0,62,4,0,4,66
02/05/2023,SBY,MD,AEA,EN,Federal Contract Tower,0,6,0,0,6,0,0,28,2,30,0,6,28,2,36,0,0,0,36
02/06/2023,SBY,MD,AEA,EN,Federal Contract Tower,0,13,3,6,22,0,20,25,27,72,0,33,28,33,94,28,88,116,210
02/07/2023,SBY,MD,AEA,EN,Federal Contract Tower,0,13,6,7,26,0,0,55,63,118,0,13,61,70,144,38,278,316,460
02/08/2023,SBY,MD,AEA,EN,Federal Contract Tower,0,14,5,4,23,0,12,101,52,165,0,26,106,56,188,112,118,230,418
02/09/2023,SBY,MD,AEA,EN,Federal Contract Tower,0,15,7,0,22,0,0,35,44,79,0,15,42,44,101,18,92,110,211
02/10/2023,SBY,MD,AEA,EN,Federal Contract Tower,0,10,8,0,18,0,5,55,28,88,0,15,63,28,106,102,94,196,302
02/11/2023,SBY,MD,AEA,EN,Federal Contract Tower,0,8,4,1,13,0,0,61,22,83,0,8,65,23,96,124,60,184,280
02/12/2023,SBY,MD,AEA,EN,Federal Contract Tower,0,7,3,0,10,0,6,1,0,7,0,13,4,0,17,0,0,0,17
02/13/2023,SBY,MD,AEA,EN,Federal Contract Tower,0,12,3,5,20,0,0,64,66,130,0,12,67,71,150,106,310,416,566
02/14/2023,SBY,MD,AEA,EN,Federal Contract Tower,0,11,2,0,13,0,0,77,40,117,0,11,79,40,130,84,210,294,424
02/15/2023,SBY,MD,AEA,EN,Federal Contract Tower,0,17,10,0,27,0,2,46,22,70,0,19,56,22,97,32,38,70,167
02/16/2023,SBY,MD,AEA,EN,Federal Contract Tower,0,15,12,0,27,0,14,55,16,85,0,29,67,16,112,58,30,88,200
02/17/2023,SBY,MD,AEA,EN,Federal Contract Tower,0,13,4,0,17,0,0,0,0,0,0,13,4,0,17,0,0,0,17
02/18/2023,SBY,MD,AEA,EN,Federal Contract Tower,0,11,3,0,14,0,9,38,6,53,0,20,41,6,67,20,6,26,93
02/19/2023,SBY,MD,AEA,EN,Federal Contract Tower,0,9,1,0,10,0,18,32,0,50,0,27,33,0,60,10,0,10,70
02/20/2023,SBY,MD,AEA,EN,Federal Contract Tower,0,9,7,0,16,0,6,56,35,97,0,15,63,35,113,60,134,194,307
02/21/2023,SBY,MD,AEA,EN,Federal Contract Tower,0,10,3,4,17,0,4,62,38,104,0,14,65,42,121,40,106,146,267
02/22/2023,SBY,MD,AEA,EN,Federal Contract Tower,0,13,5,0,18,0,6,37,29,72,0,19,42,29,90,64,42,106,196
02/23/2023,SBY,MD,AEA,EN,Federal Contract Tower,0,16,10,2,28,0,2,74,42,118,0,18,84,44,146,58,62,120,266
02/24/2023,SBY,MD,AEA,EN,Federal Contract Tower,0,11,4,2,17,0,3,21,14,38,0,14,25,16,55,22,64,86,141
02/25/2023,SBY,MD,AEA,EN,Federal Contract Tower,0,8,5,0,13,0,0,0,0,0,0,8,5,0,13,2,0,2,15
02/26/2023,SBY,MD,AEA,EN,Federal Contract Tower,0,11,14,2,27,0,8,41,31,80,0,19,55,33,107,86,30,116,223
02/27/2023,SBY,MD,AEA,EN,Federal Contract Tower,0,12,4,0,16,0,12,48,39,99,0,24,52,39,115,90,200,290,405
02/28/2023,SBY,MD,AEA,EN,Federal Contract Tower,0,11,12,1,24,0,4,6,20,30,0,15,18,21,54,0,62,62,116
03/01/2023,SBY,MD,AEA,EN,Federal Contract Tower,0,14,8,5,27,0,0,47,37,84,0,14,55,42,111,60,84,144,255
03/02/2023,SBY,MD,AEA,EN,Federal Contract Tower,0,16,5,5,26,0,4,25,28,57,0,20,30,33,83,26,62,88,171
03/03/2023,SBY,MD,AEA,EN,Federal Contract Tower,0,10,6,0,16,0,4,25,16,45,0,14,31,16,61,48,68,116,177
03/04/2023,SBY,MD,AEA,EN,Federal Contract Tower,0,7,1,0,8,0,6,2,2,10,0,13,3,2,18,16,0,16,34
03/05/2023,SBY,MD,AEA,EN,Federal Contract Tower,0,9,7,0,16,0,10,60,17,87,0,19,67,17,103,62,50,112,215
03/06/2023,SBY,MD,AEA,EN,Federal Contract Tower,0,12,6,0,18,0,24,67,24,115,0,36,73,24,133,82,22,104,237
03/07/2023,SBY,MD,AEA,EN,Federal Contract Tower,0,14,7,0,21,0,1,22,43,66,0,15,29,43,87,38,128,166,253
03/08/2023,SBY,MD,AEA,EN,Federal Contract Tower,0,14,6,7,27,0,4,31,15,50,0,18,37,22,77,8,116,124,201
03/09/2023,SBY,MD,AEA,EN,Federal Contract Tower,0,14,22,20,56,0,6,87,45,138,0,20,109,65,194,78,110,188,382
03/10/2023,SBY,MD,AEA,EN,Federal Contract Tower,0,12,1,3,16,0,4,28,16,48,0,16,29,19,64,6,92,98,162
03/11/2023,SBY,MD,AEA,EN,Federal Contract Tower,0,10,1,0,11,0,6,2,0,8,0,16,3,0,19,0,0,0,19
03/12/2023,SBY,MD,AEA,EN,Federal Contract Tower,0,10,9,0,19,0,0,24,5,29,0,10,33,5,48,10,6,16,64
03/13/2023,SBY,MD,AEA,EN,Federal Contract Tower,0,17,3,0,20,0,0,0,0,0,0,17,3,0,20,0,0,0,20
03/14/2023,SBY,MD,AEA,EN,Federal Contract Tower,0,12,2,1,15,0,0,2,19,21,0,12,4,20,36,0,24,24,60
03/16/2023,SBY,MD,AEA,EN,Federal Contract Tower,0,16,9,0,25,0,16,109,66,191,0,32,118,66,216,82,124,206,422
03/17/2023,SBY,MD,AEA,EN,Federal Contract Tower,0,13,8,0,21,0,9,11,0,20,0,22,19,0,41,8,46,54,95
03/18/2023,SBY,MD,AEA,EN,Federal Contract Tower,0,13,2,0,15,0,2,35,0,37,0,15,37,0,52,34,0,34,86
03/19/2023,SBY,MD,AEA,EN,Federal Contract Tower,0,11,1,0,12,0,2,37,1,40,0,13,38,1,52,0,2,2,54
03/20/2023,SBY,MD,AEA,EN,Federal Contract Tower,0,11,7,3,21,0,27,61,35,123,0,38,68,38,144,78,154,232,376
03/21/2023,SBY,MD,AEA,EN,Federal Contract Tower,0,13,6,0,19,0,6,84,47,137,0,19,90,47,156,62,186,248,404
03/22/2023,SBY,MD,AEA,EN,Federal Contract Tower,0,13,3,1,17,0,32,63,12,107,0,45,66,13,124,26,38,64,188
03/23/2023,SBY,MD,AEA,EN,Federal Contract Tower,0,13,4,0,17,0,0,49,14,63,0,13,53,14,80,80,30,110,190
03/24/2023,SBY,MD,AEA,EN,Federal Contract Tower,0,17,9,1,27,0,0,3,0,3,0,17,12,1,30,8,0,8,38
03/25/2023,SBY,MD,AEA,EN,Federal Contract Tower,0,9,3,0,12,0,8,1,0,9,0,17,4,0,21,4,0,4,25
03/26/2023,SBY,MD,AEA,EN,Federal Contract Tower,0,9,10,0,19,0,15,35,10,60,0,24,45,10,79,8,0,8,87
03/27/2023,SBY,MD,AEA,EN,Federal Contract Tower,0,13,17,0,30,0,14,8,15,37,0,27,25,15,67,10,12,22,89
03/28/2023,SBY,MD,AEA,EN,Federal Contract Tower,0,13,16,3,32,0,18,51,34,103,0,31,67,37,135,40,164,204,339
03/29/2023,SBY,MD,AEA,EN,Federal Contract Tower,0,14,2,0,16,0,3,57,42,102,0,17,59,42,118,56,10,66,184
03/30/2023,SBY,MD,AEA,EN,Federal Contract Tower,0,14,10,1,25,0,6,41,29,76,0,20,51,30,101,86,24,110,211
03/31/2023,SBY,MD,AEA,EN,Federal Contract Tower,0,15,14,0,29,0,9,29,4,42,0,24,43,4,71,4,0,4,75
04/01/2023,SBY,MD,AEA,EN,Federal Contract Tower,0,9,0,0,9,0,6,0,0,6,0,15,0,0,15,0,0,0,15
04/02/2023,SBY,MD,AEA,EN,Federal Contract Tower,0,8,9,1,18,0,6,38,8,52,0,14,47,9,70,24,30,54,124
04/03/2023,SBY,MD,AEA,EN,Federal Contract Tower,0,10,4,0,14,0,22,33,34,89,0,32,37,34,103,34,118,152,255
04/04/2023,SBY,MD,AEA,EN,Federal Contract Tower,0,14,4,4,22,0,6,34,26,66,0,20,38,30,88,58,100,158,246
04/05/2023,SBY,MD,AEA,EN,Federal Contract Tower,0,16,0,1,17,0,12,65,47,124,0,28,65,48,141,90,42,132,273
04/06/2023,SBY,MD,AEA,EN,Federal Contract Tower,0,17,4,0,21,0,4,27,22,53,0,21,31,22,74,22,2,24,98
04/07/2023,SBY,MD,AEA,EN,Federal Contract Tower,0,14,5,4,23,0,12,32,35,79,0,26,37,39,102,38,22,60,162
04/08/2023,SBY,MD,AEA,EN,Federal Contract Tower,0,8,7,0,15,0,4,35,0,39,0,12,42,0,54,0,0,0,54
04/09/2023,SBY,MD,AEA,EN,Federal Contract Tower,0,11,4,0,15,0,6,23,1,30,0,17,27,1,45,0,0,0,45
04/10/2023,SBY,MD,AEA,EN,Federal Contract Tower,0,11,10,1,22,0,2,43,10,55,0,13,53,11,77,20,0,20,97
04/12/2023,SBY,MD,AEA,EN,Federal Contract Tower,0,17,7,10,34,0,10,42,8,60,0,27,49,18,94,12,42,54,148
04/13/2023,SBY,MD,AEA,EN,Federal Contract Tower,0,14,13,8,35,0,18,75,21,114,0,32,88,29,149,62,112,174,323
04/14/2023,SBY,MD,AEA,EN,Federal Contract Tower,0,15,13,1,29,0,13,68,23,104,0,28,81,24,133,66,34,100,233
04/15/2023,SBY,MD,AEA,EN,Federal Contract Tower,0,7,5,0,12,0,0,3,0,3,0,7,8,0,15,0,0,0,15
04/16/2023,SBY,MD,AEA,EN,Federal Contract Tower,0,10,10,0,20,0,24,33,0,57,0,34,43,0,77,8,0,8,85
04/17/2023,SBY,MD,AEA,EN,Federal Contract Tower,0,12,12,2,26,0,4,45,22,71,0,16,57,24,97,26,74,100,197
04/18/2023,SBY,MD,AEA,EN,Federal Contract Tower,0,14,10,0,24,0,1,31,16,48,0,15,41,16,72,20,80,100,172
04/19/2023,SBY,MD,AEA,EN,Federal Contract Tower,0,22,7,10,39,0,0,77,19,96,0,22,84,29,135,24,2,26,161
04/20/2023,SBY,MD,AEA,EN,Federal Contract Tower,0,15,7,0,22,0,6,92,18,116,0,21,99,18,138,92,50,142,280
04/21/2023,SBY,MD,AEA,EN,Federal Contract Tower,0,14,7,1,22,0,9,59,16,84,0,23,66,17,106,24,0,24,130
04/22/2023,SBY,MD,AEA,EN,Federal Contract Tower,0,8,3,0,11,0,0,23,0,23,0,8,26,0,34,8,0,8,42
04/23/2023,SBY,MD,AEA,EN,Federal Contract Tower,0,11,5,0,16,0,15,42,0,57,0,26,47,0,73,34,0,34,107
04/24/2023,SBY,MD,AEA,EN,Federal Contract Tower,0,11,6,0,17,0,6,51,32,89,0,17,57,32,106,54,122,176,282
04/25/2023,SBY,MD,AEA,EN,Federal Contract Tower,0,14,9,1,24,0,16,50,35,101,0,30,59,36,125,50,122,172,297
04/26/2023,SBY,MD,AEA,EN,Federal Contract Tower,0,14,4,3,21,0,4,49,31,84,0,18,53,34,105,50,58,108,213
04/27/2023,SBY,MD,AEA,EN,Federal Contract Tower,0,17,9,1,27,0,6,71,14,91,0,23,80,15,118,74,72,146,264
04/28/2023,SBY,MD,AEA,EN,Federal Contract Tower,0,14,6,0,20,0,0,0,0,0,0,14,6,0,20,0,0,0,20
04/29/2023,SBY,MD,AEA,EN,Federal Contract Tower,0,12,2,1,15,0,2,8,1,11,0,14,10,2,26,0,0,0,26
04/30/2023,SBY,MD,AEA,EN,Federal Contract Tower,0,9,3,0,12,0,0,0,0,0,0,9,3,0,12,0,0,0,12
05/01/2023,SBY,MD,AEA,EN,Federal Contract Tower,0,13,10,0,23,0,12,14,13,39,0,25,24,13,62,18,10,28,90
05/02/2023,SBY,MD,AEA,EN,Federal Contract Tower,0,18,6,1,25,0,0,27,32,59,0,18,33,33,84,0,82,82,166
05/03/2023,SBY,MD,AEA,EN,Federal Contract Tower,0,14,18,5,37,0,0,30,36,66,0,14,48,41,103,82,24,106,209
05/04/2023,SBY,MD,AEA,EN,Federal Contract Tower,0,23,7,0,30,0,20,69,26,115,0,43,76,26,145,32,38,70,215
05/05/2023,SBY,MD,AEA,EN,Federal Contract Tower,0,13,11,1,25,0,14,63,26,103,0,27,74,27,128,50,0,50,178
05/06/2023,SBY,MD,AEA,EN,Federal Contract Tower,0,10,9,0,19,0,12,57,36,105,0,22,66,36,124,50,160,210,334
05/07/2023,SBY,MD,AEA,EN,Federal Contract Tower,0,9,5,0,14,0,5,36,16,57,0,14,41,16,71,36,94,130,201
05/08/2023,SBY,MD,AEA,EN,Federal Contract Tower,0,11,16,0,27,0,10,58,34,102,0,21,74,34,129,110,122,232,361
05/09/2023,SBY,MD,AEA,EN,Federal Contract Tower,0,18,6,3,27,0,0,38,37,75,0,18,44,40,102,68,106,174,276
05/10/2023,SBY,MD,AEA,EN,Federal Contract Tower,0,18,7,5,30,0,9,80,27,116,0,27,87,32,146,92,100,192,338
05/11/2023,SBY,MD,AEA,EN,Federal Contract Tower,0,15,10,5,30,0,1,74,25,100,0,16,84,30,130,56,32,88,218
05/12/2023,SBY,MD,AEA,EN,Federal Contract Tower,0,19,11,1,31,0,2,55,5,62,0,21,66,6,93,76,34,110,203
05/13/2023,SBY,MD,AEA,EN,Federal Contract Tower,0,16,5,0,21,0,3,5,0,8,0,19,10,0,29,6,0,6,35
05/14/2023,SBY,MD,AEA,EN,Federal Contract Tower,0,13,9,0,22,0,2,15,0,17,0,15,24,0,39,0,0,0,39
05/15/2023,SBY,MD,AEA,EN,Federal Contract Tower,0,11,3,3,17,0,16,46,28,90,0,27,49,31,107,66,74,140,247
05/16/2023,SBY,MD,AEA,EN,Federal Contract Tower,0,13,6,2,21,0,17,29,30,76,0,30,35,32,97,60,80,140,237
05/17/2023,SBY,MD,AEA,EN,Federal Contract Tower,0,20,7,2,29,0,22,75,8,105,0,42,82,10,134,56,36,92,226
05/18/2023,SBY,MD,AEA,EN,Federal Contract Tower,0,20,11,0,31,0,14,53,10,77,0,34,64,10,108,60,10,70,178
05/19/2023,SBY,MD,AEA,EN,Federal Contract Tower,0,14,7,1,22,0,0,39,3,42,0,14,46,4,64,42,6,48,112
05/20/2023,SBY,MD,AEA,EN,Federal Contract Tower,0,13,7,0,20,0,0,1,0,1,0,13,8,0,21,0,0,0,21
05/21/2023,SBY,MD,AEA,EN,Federal Contract Tower,0,11,5,0,16,0,4,53,0,57,0,15,58,0,73,56,0,56,129
05/22/2023,SBY,MD,AEA,EN,Federal Contract Tower,0,14,14,2,30,0,6,46,2,54,0,20,60,4,84,94,0,94,178
05/23/2023,SBY,MD,AEA,EN,Federal Contract Tower,0,20,3,0,23,0,2,38,0,40,0,22,41,0,63,50,64,114,177
05/24/2023,SBY,MD,AEA,EN,Federal Contract Tower,0,18,1,0,19,0,2,91,5,98,0,20,92,5,117,100,0,100,217
05/25/2023,SBY,MD,AEA,EN,Federal Contract Tower,0,20,2,2,24,0,8,51,2,61,0,28,53,4,85,136,20,156,241
05/26/2023,SBY,MD,AEA,EN,Federal Contract Tower,0,20,6,0,26,0,0,5,72,77,0,20,11,72,103,156,0,156,259
05/27/2023,SBY,MD,AEA,EN,Federal Contract Tower,0,14,2,0,16,0,10,34,1,45,0,24,36,1,61,46,12,58,119
05/28/2023,SBY,MD,AEA,EN,Federal Contract Tower,0,12,2,0,14,0,4,15,0,19,0,16,17,0,33,2,0,2,35
05/29/2023,SBY,MD,AEA,EN,Federal Contract Tower,0,11,22,0,33,0,5,0,0,5,0,16,22,0,38,0,0,0,38
05/30/2023,SBY,MD,AEA,EN,Federal Contract Tower,0,16,7,6,29,0,4,8,2,14,0,20,15,8,43,0,0,0,43
05/31/2023,SBY,MD,AEA,EN,Federal Contract Tower,0,16,5,2,23,0,7,9,0,16,0,23,14,2,39,6,0,6,45
06/01/2023,SBY,MD,AEA,EN,Federal Contract Tower,0,10,7,2,19,0,6,38,13,57,0,16,45,15,76,84,10,94,170
06/02/2023,SBY,MD,AEA,EN,Federal Contract Tower,0,6,6,0,12,0,10,54,3,67,0,16,60,3,79,68,16,84,163
06/03/2023,SBY,MD,AEA,EN,Federal Contract Tower,0,8,20,0,28,0,4,1,0,5,0,12,21,0,33,0,0,0,33
06/04/2023,SBY,MD,AEA,EN,Federal Contract Tower,0,11,7,0,18,0,3,46,12,61,0,14,53,12,79,34,54,88,167
06/05/2023,SBY,MD,AEA,EN,Federal Contract Tower,0,12,13,0,25,0,13,60,23,96,0,25,73,23,121,124,38,162,283
06/06/2023,SBY,MD,AEA,EN,Federal Contract Tower,0,8,7,5,20,0,13,42,27,82,0,21,49,32,102,40,46,86,188
06/07/2023,SBY,MD,AEA,EN,Federal Contract Tower,0,8,27,0,35,0,2,2,0,4,0,10,29,0,39,0,0,0,39
06/08/2023,SBY,MD,AEA,EN,Federal Contract Tower,0,10,25,8,43,0,0,2,0,2,0,10,27,8,45,2,0,2,47
06/09/2023,SBY,MD,AEA,EN,Federal Contract Tower,0,16,19,0,35,0,8,44,2,54,0,24,63,2,89,72,20,92,181
06/10/2023,SBY,MD,AEA,EN,Federal Contract Tower,0,11,21,0,32,0,6,53,12,71,0,17,74,12,103,60,14,74,177
06/11/2023,SBY,MD,AEA,EN,Federal Contract Tower,0,13,8,0,21,0,5,26,0,31,0,18,34,0,52,6,0,6,58
06/12/2023,SBY,MD,AEA,EN,Federal Contract Tower,0,10,12,3,25,0,8,5,0,13,0,18,17,3,38,0,0,0,38
06/13/2023,SBY,MD,AEA,EN,Federal Contract Tower,0,13,9,0,22,0,26,68,22,116,0,39,77,22,138,48,40,88,226
06/14/2023,SBY,MD,AEA,EN,Federal Contract Tower,0,10,2,0,12,0,9,60,29,98,0,19,62,29,110,62,62,124,234
06/15/2023,SBY,MD,AEA,EN,Federal Contract Tower,0,17,22,2,41,0,12,61,8,81,0,29,83,10,122,54,76,130,252
06/16/2023,SBY,MD,AEA,EN,Federal Contract Tower,0,16,12,0,28,0,2,2,6,10,0,18,14,6,38,30,0,30,68
06/17/2023,SBY,MD,AEA,EN,Federal Contract Tower,0,9,6,0,15,0,6,28,2,36,0,15,34,2,51,14,6,20,71
06/18/2023,SBY,MD,AEA,EN,Federal Contract Tower,0,9,4,0,13,0,13,36,0,49,0,22,40,0,62,32,0,32,94
06/19/2023,SBY,MD,AEA,EN,Federal Contract Tower,0,10,7,0,17,0,0,26,10,36,0,10,33,10,53,42,40,82,135
06/20/2023,SBY,MD,AEA,EN,Federal Contract Tower,0,6,16,2,24,0,21,37,13,71,0,27,53,15,95,72,62,134,229
06/21/2023,SBY,MD,AEA,EN,Federal Contract Tower,0,17,2,0,19,0,3,0,0,3,0,20,2,0,22,0,0,0,22
06/22/2023,SBY,MD,AEA,EN,Federal Contract Tower,0,11,9,8,28,0,0,0,0,0,0,11,9,8,28,0,0,0,28
06/23/2023,SBY,MD,AEA,EN,Federal Contract Tower,0,8,6,0,14,0,0,7,0,7,0,8,13,0,21,0,0,0,21
06/25/2023,SBY,MD,AEA,EN,Federal Contract Tower,0,15,14,0,29,0,2,55,0,57,0,17,69,0,86,88,0,88,174
06/26/2023,SBY,MD,AEA,EN,Federal Contract Tower,0,11,5,0,16,0,0,42,15,57,0,11,47,15,73,54,26,80,153
06/27/2023,SBY,MD,AEA,EN,Federal Contract Tower,0,6,10,0,16,0,5,36,7,48,0,11,46,7,64,106,28,134,198
06/28/2023,SBY,MD,AEA,EN,Federal Contract Tower,0,15,18,11,44,0,2,76,13,91,0,17,94,24,135,52,28,80,215
06/29/2023,SBY,MD,AEA,EN,Federal Contract Tower,0,12,17,3,32,0,0,29,1,30,0,12,46,4,62,64,14,78,140
06/30/2023,SBY,MD,AEA,EN,Federal Contract Tower,0,18,16,0,34,0,20,16,0,36,0,38,32,0,70,0,0,0,70
07/01/2023,SBY,MD,AEA,EN,Federal Contract Tower,0,14,3,0,17,0,0,11,0,11,0,14,14,0,28,10,0,10,38
07/02/2023,SBY,MD,AEA,EN,Federal Contract Tower,0,13,1,0,14,0,4,14,0,18,0,17,15,0,32,0,0,0,32
07/03/2023,SBY,MD,AEA,EN,Federal Contract Tower,0,10,2,0,12,0,6,16,0,22,0,16,18,0,34,16,0,16,50
07/04/2023,SBY,MD,AEA,EN,Federal Contract Tower,0,5,2,0,7,0,12,24,0,36,0,17,26,0,43,0,0,0,43
07/07/2023,SBY,MD,AEA,EN,Federal Contract Tower,0,17,3,0,20,0,1,10,0,11,0,18,13,0,31,12,0,12,43
07/08/2023,SBY,MD,AEA,EN,Federal Contract Tower,0,9,3,0,12,0,2,10,0,12,0,11,13,0,24,2,0,2,26
07/09/2023,SBY,MD,AEA,EN,Federal Contract Tower,0,10,3,0,13,0,6,2,0,8,0,16,5,0,21,0,0,0,21
07/10/2023,SBY,MD,AEA,EN,Federal Contract Tower,0,11,7,0,18,0,2,56,34,92,0,13,63,34,110,68,132,200,310
07/11/2023,SBY,MD,AEA,EN,Federal Contract Tower,0,10,9,0,19,0,5,79,13,97,0,15,88,13,116,86,6,92,208
07/12/2023,SBY,MD,AEA,EN,Federal Contract Tower,0,16,7,2,25,0,17,115,5,137,0,33,122,7,162,118,0,118,280
07/13/2023,SBY,MD,AEA,EN,Federal Contract Tower,0,10,7,2,19,0,16,71,10,97,0,26,78,12,116,28,0,28,144
07/14/2023,SBY,MD,AEA,EN,Federal Contract Tower,0,9,5,0,14,0,8,17,0,25,0,17,22,0,39,44,0,44,83
07/15/2023,SBY,MD,AEA,EN,Federal Contract Tower,0,11,2,0,13,0,6,25,0,31,0,17,27,0,44,16,0,16,60
07/16/2023,SBY,MD,AEA,EN,Federal Contract Tower,0,10,6,0,16,0,0,1,0,1,0,10,7,0,17,0,0,0,17
07/17/2023,SBY,MD,AEA,EN,Federal Contract Tower,0,11,21,2,34,0,10,62,18,90,0,21,83,20,124,86,32,118,242
07/19/2023,SBY,MD,AEA,EN,Federal Contract Tower,0,16,5,0,21,0,10,34,0,44,0,26,39,0,65,56,0,56,121
07/20/2023,SBY,MD,AEA,EN,Federal Contract Tower,0,11,15,0,26,0,3,44,14,61,0,14,59,14,87,30,16,46,133
07/21/2023,SBY,MD,AEA,EN,Federal Contract Tower,0,13,10,2,25,0,16,30,4,50,0,29,40,6,75,34,16,50,125
07/22/2023,SBY,MD,AEA,EN,Federal Contract Tower,0,7,5,0,12,0,4,74,0,78,0,11,79,0,90,64,0,64,154
07/23/2023,SBY,MD,AEA,EN,Federal Contract Tower,0,13,9,0,22,0,27,41,0,68,0,40,50,0,90,28,0,28,118
07/24/2023,SBY,MD,AEA,EN,Federal Contract Tower,0,10,2,0,12,0,0,31,19,50,0,10,33,19,62,52,68,120,182
07/25/2023,SBY,MD,AEA,EN,Federal Contract Tower,0,6,9,0,15,0,0,44,4,48,0,6,53,4,63,136,16,152,215
07/26/2023,SBY,MD,AEA,EN,Federal Contract Tower,0,14,17,1,32,0,3,78,5,86,0,17,95,6,118,32,0,32,150
07/27/2023,SBY,MD,AEA,EN,Federal Contract Tower,0,11,27,0,38,0,5,47,2,54,0,16,74,2,92,46,8,54,146
07/28/2023,SBY,MD,AEA,EN,Federal Contract Tower,0,12,4,0,16,0,20,72,7,99,0,32,76,7,115,52,12,64,179
07/29/2023,SBY,MD,AEA,EN,Federal Contract Tower,0,8,6,0,14,0,1,18,0,19,0,9,24,0,33,36,0,36,69
07/30/2023,SBY,MD,AEA,EN,Federal Contract Tower,0,11,7,0,18,0,0,21,0,21,0,11,28,0,39,16,0,16,55
07/31/2023,SBY,MD,AEA,EN,Federal Contract Tower,0,11,10,0,21,0,6,34,0,40,0,17,44,0,61,82,0,82,143
08/01/2023,SBY,MD,AEA,EN,Federal Contract Tower,0,8,6,0,14,0,7,51,6,64,0,15,57,6,78,110,30,140,218
08/02/2023,SBY,MD,AEA,EN,Federal Contract Tower,0,9,14,0,23,0,6,49,24,79,0,15,63,24,102,20,0,20,122
08/03/2023,SBY,MD,AEA,EN,Federal Contract Tower,0,10,10,2,22,0,4,31,2,37,0,14,41,4,59,26,12,38,97
08/04/2023,SBY,MD,AEA,EN,Federal Contract Tower,0,15,11,0,26,0,0,0,0,0,0,15,11,0,26,0,0,0,26
08/05/2023,SBY,MD,AEA,EN,Federal Contract Tower,0,13,10,0,23,0,6,31,0,37,0,19,41,0,60,0,0,0,60
08/06/2023,SBY,MD,AEA,EN,Federal Contract Tower,0,27,11,0,38,0,12,43,3,58,0,39,54,3,96,16,0,16,112
08/07/2023,SBY,MD,AEA,EN,Federal Contract Tower,0,11,10,1,22,0,8,10,15,33,0,19,20,16,55,0,128,128,183
08/08/2023,SBY,MD,AEA,EN,Federal Contract Tower,0,10,13,2,25,0,27,61,20,108,0,37,74,22,133,58,28,86,219
08/09/2023,SBY,MD,AEA,EN,Federal Contract Tower,0,17,10,4,31,0,8,131,6,145,0,25,141,10,176,140,20,160,336
08/10/2023,SBY,MD,AEA,EN,Federal Contract Tower,0,18,8,4,30,0,6,23,1,30,0,24,31,5,60,50,14,64,124
08/11/2023,SBY,MD,AEA,EN,Federal Contract Tower,0,20,9,0,29,0,12,49,16,77,0,32,58,16,106,68,60,128,234
08/12/2023,SBY,MD,AEA,EN,Federal Contract Tower,0,15,16,0,31,0,6,43,0,49,0,21,59,0,80,62,0,62,142
08/13/2023,SBY,MD,AEA,EN,Federal Contract Tower,0,9,6,1,16,0,14,39,0,53,0,23,45,1,69,48,0,48,117
08/14/2023,SBY,MD,AEA,EN,Federal Contract Tower,0,10,6,0,16,0,0,34,11,45,0,10,40,11,61,64,82,146,207
08/15/2023,SBY,MD,AEA,EN,Federal Contract Tower,0,13,4,0,17,0,2,41,16,59,0,15,45,16,76,70,66,136,212
08/16/2023,SBY,MD,AEA,EN,Federal Contract Tower,0,14,11,8,33,0,2,88,37,127,0,16,99,45,160,130,40,170,330
08/17/2023,SBY,MD,AEA,EN,Federal Contract Tower,0,11,16,0,27,0,10,63,14,87,0,21,79,14,114,32,62,94,208
08/18/2023,SBY,MD,AEA,EN,Federal Contract Tower,0,9,15,0,24,0,10,39,15,64,0,19,54,15,88,56,94,150,238
08/19/2023,SBY,MD,AEA,EN,Federal Contract Tower,0,8,12,0,20,0,9,66,0,75,0,17,78,0,95,74,0,74,169
08/20/2023,SBY,MD,AEA,EN,Federal Contract Tower,0,14,5,0,19,0,0,40,0,40,0,14,45,0,59,24,0,24,83
08/21/2023,SBY,MD,AEA,EN,Federal Contract Tower,0,13,4,6,23,0,2,68,10,80,0,15,72,16,103,84,82,166,269
08/22/2023,SBY,MD,AEA,EN,Federal Contract Tower,0,15,10,0,25,0,4,58,19,81,0,19,68,19,106,78,88,166,272
08/23/2023,SBY,MD,AEA,EN,Federal Contract Tower,0,11,2,0,13,0,6,85,2,93,0,17,87,2,106,110,20,130,236
08/24/2023,SBY,MD,AEA,EN,Federal Contract Tower,0,12,12,6,30,0,0,31,4,35,0,12,43,10,65,18,0,18,83
08/25/2023,SBY,MD,AEA,EN,Federal Contract Tower,0,18,9,0,27,0,9,31,6,46,0,27,40,6,73,44,16,60,133
08/26/2023,SBY,MD,AEA,EN,Federal Contract Tower,0,21,13,0,34,0,5,38,0,43,0,26,51,0,77,18,0,18,95
08/27/2023,SBY,MD,AEA,EN,Federal Contract Tower,0,14,10,0,24,0,12,53,0,65,0,26,63,0,89,38,0,38,127
08/28/2023,SBY,MD,AEA,EN,Federal Contract Tower,0,10,8,2,20,0,6,1,0,7,0,16,9,2,27,0,0,0,27
08/29/2023,SBY,MD,AEA,EN,Federal Contract Tower,0,9,12,2,23,0,0,2,0,2,0,9,14,2,25,0,0,0,25
08/30/2023,SBY,MD,AEA,EN,Federal Contract Tower,0,11,18,9,38,0,23,49,11,83,0,34,67,20,121,40,12,52,173
08/31/2023,SBY,MD,AEA,EN,Federal Contract Tower,0,7,9,1,17,0,14,63,10,87,0,21,72,11,104,46,6,52,156
