01/01/2000,SCK,CA,AWP,WE,Towers with Radar,0,0,28,7,35,0,0,36,0,36,0,0,64,7,71,0,0,0,71
01/02/2000,SCK,CA,AWP,WE,Towers with Radar,0,0,50,0,50,0,0,45,0,45,0,0,95,0,95,74,0,74,169
01/03/2000,SCK,CA,AWP,WE,Towers with Radar,0,0,71,6,77,0,0,62,0,62,0,0,133,6,139,83,0,83,222
01/04/2000,SCK,CA,AWP,WE,Towers with Radar,0,2,63,8,73,0,6,49,6,61,0,8,112,14,134,64,6,70,204
01/05/2000,SCK,CA,AWP,WE,Towers with Radar,0,0,91,6,97,0,0,84,0,84,0,0,175,6,181,44,0,44,225
01/06/2000,SCK,CA,AWP,WE,Towers with Radar,0,0,99,11,110,0,0,81,0,81,0,0,180,11,191,68,8,76,267
01/07/2000,SCK,CA,AWP,WE,Towers with Radar,0,0,109,5,114,0,0,64,0,64,0,0,173,5,178,70,0,70,248
01/08/2000,SCK,CA,AWP,WE,Towers with Radar,0,0,85,3,88,0,0,19,0,19,0,0,104,3,107,36,12,48,155
01/09/2000,SCK,CA,AWP,WE,Towers with Radar,0,0,70,4,74,0,0,24,0,24,0,0,94,4,98,14,2,16,114
01/10/2000,SCK,CA,AWP,WE,Towers with Radar,0,0,96,0,96,0,0,0,0,0,0,0,96,0,96,28,18,46,142
01/11/2000,SCK,CA,AWP,WE,Towers with Radar,0,0,45,8,53,0,0,29,0,29,0,0,74,8,82,19,0,19,101
01/12/2000,SCK,CA,AWP,WE,Towers with Radar,0,1,103,11,115,0,0,39,0,39,0,1,142,11,154,88,2,90,244
01/13/2000,SCK,CA,AWP,WE,Towers with Radar,0,0,123,5,128,0,0,22,0,22,0,0,145,5,150,64,2,66,216
01/14/2000,SCK,CA,AWP,WE,Towers with Radar,0,0,117,12,129,0,0,43,0,43,0,0,160,12,172,4,0,4,176
01/15/2000,SCK,CA,AWP,WE,Towers with Radar,0,0,70,8,78,0,0,16,4,20,0,0,86,12,98,20,0,20,118
01/16/2000,SCK,CA,AWP,WE,Towers with Radar,0,0,60,0,60,0,0,17,0,17,0,0,77,0,77,32,2,34,111
01/17/2000,SCK,CA,AWP,WE,Towers with Radar,0,0,71,0,71,0,0,0,0,0,0,0,71,0,71,24,0,24,95
01/18/2000,SCK,CA,AWP,WE,Towers with Radar,0,2,117,4,123,0,0,0,0,0,0,2,117,4,123,11,2,13,136
01/19/2000,SCK,CA,AWP,WE,Towers with Radar,0,0,117,1,118,0,0,0,0,0,0,0,117,1,118,25,0,25,143
01/20/2000,SCK,CA,AWP,WE,Towers with Radar,0,0,147,16,163,0,0,53,18,71,0,0,200,34,234,36,6,42,276
01/21/2000,SCK,CA,AWP,WE,Towers with Radar,0,0,119,5,124,0,2,70,5,77,0,2,189,10,201,70,2,72,273
01/22/2000,SCK,CA,AWP,WE,Towers with Radar,0,0,121,1,122,0,0,19,0,19,0,0,140,1,141,83,0,83,224
01/23/2000,SCK,CA,AWP,WE,Towers with Radar,0,1,28,5,34,0,0,0,0,0,0,1,28,5,34,3,1,4,38
01/24/2000,SCK,CA,AWP,WE,Towers with Radar,0,0,87,0,87,0,0,0,0,0,0,0,87,0,87,2,0,2,89
01/25/2000,SCK,CA,AWP,WE,Towers with Radar,0,4,194,17,215,0,0,22,0,22,0,4,216,17,237,0,12,12,249
01/26/2000,SCK,CA,AWP,WE,Towers with Radar,0,3,122,8,133,0,1,60,0,61,0,4,182,8,194,50,0,50,244
01/27/2000,SCK,CA,AWP,WE,Towers with Radar,0,3,115,9,127,0,1,141,0,142,0,4,256,9,269,110,0,110,379
01/28/2000,SCK,CA,AWP,WE,Towers with Radar,0,0,122,4,126,0,0,12,6,18,0,0,134,10,144,48,0,48,192
01/29/2000,SCK,CA,AWP,WE,Towers with Radar,0,0,103,1,104,0,0,0,0,0,0,0,103,1,104,36,0,36,140
01/30/2000,SCK,CA,AWP,WE,Towers with Radar,0,0,25,0,25,0,0,0,0,0,0,0,25,0,25,0,0,0,25
01/31/2000,SCK,CA,AWP,WE,Towers with Radar,0,0,116,4,120,0,0,0,4,4,0,0,116,8,124,42,0,42,166
02/01/2000,SCK,CA,AWP,WE,Towers with Radar,0,2,123,3,128,0,16,159,0,175,0,18,282,3,303,60,7,67,370
02/02/2000,SCK,CA,AWP,WE,Towers with Radar,0,1,94,4,99,0,1,29,5,35,0,2,123,9,134,5,2,7,141
02/03/2000,SCK,CA,AWP,WE,Towers with Radar,0,0,66,5,71,0,0,0,4,4,0,0,66,9,75,2,0,2,77
02/04/2000,SCK,CA,AWP,WE,Towers with Radar,0,0,128,6,134,0,0,0,0,0,0,0,128,6,134,15,0,15,149
02/05/2000,SCK,CA,AWP,WE,Towers with Radar,0,0,88,4,92,0,0,19,7,26,0,0,107,11,118,65,0,65,183
02/06/2000,SCK,CA,AWP,WE,Towers with Radar,0,0,84,2,86,0,0,15,0,15,0,0,99,2,101,30,0,30,131
02/07/2000,SCK,CA,AWP,WE,Towers with Radar,0,0,110,0,110,0,7,18,0,25,0,7,128,0,135,22,0,22,157
02/08/2000,SCK,CA,AWP,WE,Towers with Radar,0,2,134,6,142,0,6,59,2,67,0,8,193,8,209,40,0,40,249
02/09/2000,SCK,CA,AWP,WE,Towers with Radar,0,5,169,31,205,0,0,31,3,34,0,5,200,34,239,8,2,10,249
02/10/2000,SCK,CA,AWP,WE,Towers with Radar,0,0,91,9,100,0,0,0,2,2,0,0,91,11,102,2,0,2,104
02/11/2000,SCK,CA,AWP,WE,Towers with Radar,0,1,161,0,162,0,1,23,9,33,0,2,184,9,195,32,0,32,227
02/12/2000,SCK,CA,AWP,WE,Towers with Radar,0,0,74,0,74,2,0,0,3,5,2,0,74,3,79,4,0,4,83
02/13/2000,SCK,CA,AWP,WE,Towers with Radar,2,0,29,0,31,0,0,0,0,0,2,0,29,0,31,0,0,0,31
02/14/2000,SCK,CA,AWP,WE,Towers with Radar,0,0,79,0,79,0,0,16,0,16,0,0,95,0,95,15,0,15,110
02/15/2000,SCK,CA,AWP,WE,Towers with Radar,0,8,131,0,139,0,2,81,2,85,0,10,212,2,224,48,0,48,272
02/16/2000,SCK,CA,AWP,WE,Towers with Radar,0,3,127,5,135,0,2,0,8,10,0,5,127,13,145,27,6,33,178
02/17/2000,SCK,CA,AWP,WE,Towers with Radar,0,2,159,0,161,0,0,51,7,58,0,2,210,7,219,54,0,54,273
02/18/2000,SCK,CA,AWP,WE,Towers with Radar,0,0,116,1,117,0,0,113,2,115,0,0,229,3,232,42,0,42,274
02/19/2000,SCK,CA,AWP,WE,Towers with Radar,0,0,151,0,151,0,0,38,3,41,0,0,189,3,192,56,2,58,250
02/20/2000,SCK,CA,AWP,WE,Towers with Radar,0,0,22,0,22,0,0,0,2,2,0,0,22,2,24,6,0,6,30
02/21/2000,SCK,CA,AWP,WE,Towers with Radar,0,0,85,1,86,0,0,91,2,93,0,0,176,3,179,59,0,59,238
02/22/2000,SCK,CA,AWP,WE,Towers with Radar,0,2,61,0,63,1,0,0,0,1,1,2,61,0,64,40,0,40,104
02/23/2000,SCK,CA,AWP,WE,Towers with Radar,0,0,115,4,119,0,0,0,0,0,0,0,115,4,119,89,1,90,209
02/24/2000,SCK,CA,AWP,WE,Towers with Radar,0,3,84,4,91,0,0,87,0,87,0,3,171,4,178,80,0,80,258
02/25/2000,SCK,CA,AWP,WE,Towers with Radar,0,0,119,5,124,0,0,78,2,80,0,0,197,7,204,76,0,76,280
02/26/2000,SCK,CA,AWP,WE,Towers with Radar,0,0,112,1,113,0,0,13,2,15,0,0,125,3,128,14,0,14,142
02/27/2000,SCK,CA,AWP,WE,Towers with Radar,0,0,70,2,72,0,0,0,3,3,0,0,70,5,75,22,0,22,97
02/28/2000,SCK,CA,AWP,WE,Towers with Radar,0,0,156,32,188,0,0,63,12,75,0,0,219,44,263,28,10,38,301
02/29/2000,SCK,CA,AWP,WE,Towers with Radar,1,0,126,15,142,0,0,0,0,0,1,0,126,15,142,1,0,1,143
03/01/2000,SCK,CA,AWP,WE,Towers with Radar,0,3,158,9,170,0,1,92,15,108,0,4,250,24,278,75,8,83,361
03/02/2000,SCK,CA,AWP,WE,Towers with Radar,0,1,159,10,170,0,0,0,28,28,0,1,159,38,198,45,36,81,279
03/03/2000,SCK,CA,AWP,WE,Towers with Radar,0,0,201,4,205,0,0,48,0,48,0,0,249,4,253,60,2,62,315
03/04/2000,SCK,CA,AWP,WE,Towers with Radar,0,0,173,1,174,0,0,16,0,16,0,0,189,1,190,60,8,68,258
03/05/2000,SCK,CA,AWP,WE,Towers with Radar,0,0,46,5,51,1,0,0,0,1,1,0,46,5,52,24,0,24,76
03/06/2000,SCK,CA,AWP,WE,Towers with Radar,0,0,88,16,104,0,0,36,0,36,0,0,124,16,140,55,12,67,207
03/07/2000,SCK,CA,AWP,WE,Towers with Radar,0,0,89,10,99,0,0,0,0,0,0,0,89,10,99,42,18,60,159
03/08/2000,SCK,CA,AWP,WE,Towers with Radar,0,3,78,8,89,0,0,0,2,2,0,3,78,10,91,91,3,94,185
03/09/2000,SCK,CA,AWP,WE,Towers with Radar,0,0,95,7,102,0,0,43,0,43,0,0,138,7,145,6,16,22,167
03/10/2000,SCK,CA,AWP,WE,Towers with Radar,0,0,135,9,144,0,0,91,0,91,0,0,226,9,235,42,0,42,277
03/11/2000,SCK,CA,AWP,WE,Towers with Radar,0,0,103,7,110,0,0,71,1,72,0,0,174,8,182,44,0,44,226
03/12/2000,SCK,CA,AWP,WE,Towers with Radar,0,0,125,0,125,0,0,126,0,126,0,0,251,0,251,91,0,91,342
03/13/2000,SCK,CA,AWP,WE,Towers with Radar,0,0,77,2,79,0,0,92,12,104,0,0,169,14,183,74,0,74,257
03/14/2000,SCK,CA,AWP,WE,Towers with Radar,0,2,102,5,109,0,14,62,0,76,0,16,164,5,185,2,0,2,187
03/15/2000,SCK,CA,AWP,WE,Towers with Radar,0,0,118,8,126,0,0,130,2,132,0,0,248,10,258,51,7,58,316
03/16/2000,SCK,CA,AWP,WE,Towers with Radar,0,3,139,1,143,0,0,73,0,73,0,3,212,1,216,76,0,76,292
03/17/2000,SCK,CA,AWP,WE,Towers with Radar,0,0,101,0,101,0,0,95,0,95,0,0,196,0,196,40,0,40,236
03/18/2000,SCK,CA,AWP,WE,Towers with Radar,0,1,110,1,112,0,1,97,6,104,0,2,207,7,216,107,0,107,323
03/19/2000,SCK,CA,AWP,WE,Towers with Radar,0,0,71,1,72,0,0,85,14,99,0,0,156,15,171,49,12,61,232
03/20/2000,SCK,CA,AWP,WE,Towers with Radar,0,1,65,4,70,0,1,26,7,34,0,2,91,11,104,28,0,28,132
03/21/2000,SCK,CA,AWP,WE,Towers with Radar,0,1,79,5,85,0,0,96,11,107,0,1,175,16,192,12,0,12,204
03/22/2000,SCK,CA,AWP,WE,Towers with Radar,0,0,90,6,96,0,0,109,14,123,0,0,199,20,219,93,0,93,312
03/23/2000,SCK,CA,AWP,WE,Towers with Radar,0,4,55,2,61,0,0,105,3,108,0,4,160,5,169,105,4,109,278
03/24/2000,SCK,CA,AWP,WE,Towers with Radar,1,0,119,2,122,0,0,130,0,130,1,0,249,2,252,50,0,50,302
03/25/2000,SCK,CA,AWP,WE,Towers with Radar,0,0,88,0,88,0,0,134,0,134,0,0,222,0,222,97,0,97,319
03/26/2000,SCK,CA,AWP,WE,Towers with Radar,0,0,65,0,65,0,0,52,0,52,0,0,117,0,117,26,0,26,143
03/27/2000,SCK,CA,AWP,WE,Towers with Radar,0,0,138,8,146,0,0,9,20,29,0,0,147,28,175,75,0,75,250
03/28/2000,SCK,CA,AWP,WE,Towers with Radar,0,0,126,4,130,0,7,81,9,97,0,7,207,13,227,148,16,164,391
03/29/2000,SCK,CA,AWP,WE,Towers with Radar,0,2,110,4,116,0,0,95,0,95,0,2,205,4,211,146,0,146,357
03/30/2000,SCK,CA,AWP,WE,Towers with Radar,0,2,88,6,96,0,3,59,18,80,0,5,147,24,176,76,16,92,268
03/31/2000,SCK,CA,AWP,WE,Towers with Radar,0,0,127,1,128,0,0,0,0,0,0,0,127,1,128,112,0,112,240
04/01/2000,SCK,CA,AWP,WE,Towers with Radar,0,1,66,1,68,0,1,109,24,134,0,2,175,25,202,40,10,50,252
04/02/2000,SCK,CA,AWP,WE,Towers with Radar,0,0,53,2,55,0,0,76,9,85,0,0,129,11,140,107,3,110,250
04/03/2000,SCK,CA,AWP,WE,Towers with Radar,0,0,124,0,124,0,0,87,0,87,0,0,211,0,211,219,10,229,440
04/04/2000,SCK,CA,AWP,WE,Towers with Radar,0,0,143,1,144,0,0,104,11,115,0,0,247,12,259,122,3,125,384
04/05/2000,SCK,CA,AWP,WE,Towers with Radar,0,5,128,4,137,0,5,71,1,77,0,10,199,5,214,95,0,95,309
04/06/2000,SCK,CA,AWP,WE,Towers with Radar,0,0,149,3,152,0,1,83,0,84,0,1,232,3,236,111,4,115,351
04/07/2000,SCK,CA,AWP,WE,Towers with Radar,0,0,145,0,145,0,0,134,0,134,0,0,279,0,279,128,0,128,407
04/08/2000,SCK,CA,AWP,WE,Towers with Radar,0,0,111,0,111,0,0,65,6,71,0,0,176,6,182,30,12,42,224
04/09/2000,SCK,CA,AWP,WE,Towers with Radar,0,0,83,0,83,0,0,52,0,52,0,0,135,0,135,104,0,104,239
04/10/2000,SCK,CA,AWP,WE,Towers with Radar,0,2,103,0,105,2,0,81,0,83,2,2,184,0,188,80,0,80,268
04/11/2000,SCK,CA,AWP,WE,Towers with Radar,0,0,113,3,116,0,0,82,0,82,0,0,195,3,198,104,0,104,302
04/12/2000,SCK,CA,AWP,WE,Towers with Radar,0,0,117,16,133,0,0,60,11,71,0,0,177,27,204,86,6,92,296
04/13/2000,SCK,CA,AWP,WE,Towers with Radar,0,0,84,22,106,0,0,58,0,58,0,0,142,22,164,14,10,24,188
04/14/2000,SCK,CA,AWP,WE,Towers with Radar,0,6,116,0,122,0,0,99,3,102,0,6,215,3,224,84,0,84,308
04/15/2000,SCK,CA,AWP,WE,Towers with Radar,0,0,117,0,117,0,0,141,3,144,0,0,258,3,261,60,0,60,321
04/16/2000,SCK,CA,AWP,WE,Towers with Radar,0,0,49,0,49,0,0,23,1,24,0,0,72,1,73,82,0,82,155
04/17/2000,SCK,CA,AWP,WE,Towers with Radar,0,13,65,0,78,0,1,14,0,15,0,14,79,0,93,10,0,10,103
04/18/2000,SCK,CA,AWP,WE,Towers with Radar,0,4,170,0,174,0,0,1,3,4,0,4,171,3,178,54,0,54,232
04/19/2000,SCK,CA,AWP,WE,Towers with Radar,0,5,128,3,136,0,1,114,19,134,0,6,242,22,270,36,7,43,313
04/20/2000,SCK,CA,AWP,WE,Towers with Radar,0,4,113,3,120,0,0,84,4,88,0,4,197,7,208,22,0,22,230
04/21/2000,SCK,CA,AWP,WE,Towers with Radar,0,9,100,0,109,0,6,113,2,121,0,15,213,2,230,68,0,68,298
04/22/2000,SCK,CA,AWP,WE,Towers with Radar,0,0,129,0,129,0,0,23,0,23,0,0,152,0,152,28,0,28,180
04/23/2000,SCK,CA,AWP,WE,Towers with Radar,0,1,57,0,58,0,0,65,0,65,0,1,122,0,123,59,0,59,182
04/24/2000,SCK,CA,AWP,WE,Towers with Radar,0,12,75,0,87,0,15,111,1,127,0,27,186,1,214,116,0,116,330
04/25/2000,SCK,CA,AWP,WE,Towers with Radar,0,0,110,0,110,0,0,104,3,107,0,0,214,3,217,64,0,64,281
04/26/2000,SCK,CA,AWP,WE,Towers with Radar,0,0,123,7,130,0,1,83,1,85,0,1,206,8,215,36,0,36,251
04/27/2000,SCK,CA,AWP,WE,Towers with Radar,0,2,80,0,82,0,0,104,8,112,0,2,184,8,194,128,0,128,322
04/28/2000,SCK,CA,AWP,WE,Towers with Radar,0,0,85,0,85,0,0,72,0,72,0,0,157,0,157,49,0,49,206
04/29/2000,SCK,CA,AWP,WE,Towers with Radar,0,0,101,0,101,0,0,55,3,58,0,0,156,3,159,51,0,51,210
04/30/2000,SCK,CA,AWP,WE,Towers with Radar,0,2,59,0,61,0,0,61,0,61,0,2,120,0,122,76,0,76,198
05/01/2000,SCK,CA,AWP,WE,Towers with Radar,0,1,76,0,77,0,0,32,0,32,0,1,108,0,109,26,0,26,135
05/02/2000,SCK,CA,AWP,WE,Towers with Radar,0,4,102,0,106,0,17,111,0,128,0,21,213,0,234,79,0,79,313
05/03/2000,SCK,CA,AWP,WE,Towers with Radar,0,0,99,4,103,0,0,64,1,65,0,0,163,5,168,76,0,76,244
05/04/2000,SCK,CA,AWP,WE,Towers with Radar,0,1,102,4,107,0,6,64,5,75,0,7,166,9,182,44,2,46,228
05/05/2000,SCK,CA,AWP,WE,Towers with Radar,0,0,94,3,97,0,0,79,0,79,0,0,173,3,176,90,0,90,266
05/06/2000,SCK,CA,AWP,WE,Towers with Radar,0,0,83,4,87,0,0,94,10,104,0,0,177,14,191,70,20,90,281
05/07/2000,SCK,CA,AWP,WE,Towers with Radar,0,0,116,6,122,0,0,0,4,4,0,0,116,10,126,22,0,22,148
05/08/2000,SCK,CA,AWP,WE,Towers with Radar,0,0,112,5,117,0,0,78,5,83,0,0,190,10,200,104,0,104,304
05/09/2000,SCK,CA,AWP,WE,Towers with Radar,0,4,114,5,123,0,2,80,14,96,0,6,194,19,219,74,4,78,297
05/10/2000,SCK,CA,AWP,WE,Towers with Radar,0,0,100,4,104,0,0,22,0,22,0,0,122,4,126,30,0,30,156
05/11/2000,SCK,CA,AWP,WE,Towers with Radar,0,0,112,3,115,0,0,42,0,42,0,0,154,3,157,82,0,82,239
05/12/2000,SCK,CA,AWP,WE,Towers with Radar,0,0,127,0,127,0,0,115,1,116,0,0,242,1,243,102,0,102,345
05/13/2000,SCK,CA,AWP,WE,Towers with Radar,0,0,64,3,67,0,0,64,6,70,0,0,128,9,137,68,8,76,213
05/14/2000,SCK,CA,AWP,WE,Towers with Radar,0,0,64,3,67,0,0,3,5,8,0,0,67,8,75,56,0,56,131
05/15/2000,SCK,CA,AWP,WE,Towers with Radar,0,0,70,0,70,0,0,12,2,14,0,0,82,2,84,32,0,32,116
05/16/2000,SCK,CA,AWP,WE,Towers with Radar,0,2,116,5,123,0,0,5,26,31,0,2,121,31,154,48,28,76,230
05/17/2000,SCK,CA,AWP,WE,Towers with Radar,0,0,113,5,118,0,0,24,5,29,0,0,137,10,147,51,2,53,200
05/18/2000,SCK,CA,AWP,WE,Towers with Radar,0,0,105,5,110,0,0,92,5,97,0,0,197,10,207,72,2,74,281
05/19/2000,SCK,CA,AWP,WE,Towers with Radar,0,2,95,5,102,0,2,123,7,132,0,4,218,12,234,62,18,80,314
05/20/2000,SCK,CA,AWP,WE,Towers with Radar,0,0,57,1,58,0,0,81,1,82,0,0,138,2,140,66,0,66,206
05/21/2000,SCK,CA,AWP,WE,Towers with Radar,0,0,51,1,52,0,0,55,6,61,0,0,106,7,113,58,0,58,171
05/22/2000,SCK,CA,AWP,WE,Towers with Radar,0,0,71,4,75,0,0,46,2,48,0,0,117,6,123,42,0,42,165
05/23/2000,SCK,CA,AWP,WE,Towers with Radar,0,1,92,1,94,0,0,93,0,93,0,1,185,1,187,80,0,80,267
05/24/2000,SCK,CA,AWP,WE,Towers with Radar,0,3,101,5,109,0,0,46,14,60,0,3,147,19,169,66,3,69,238
05/25/2000,SCK,CA,AWP,WE,Towers with Radar,0,2,108,7,117,0,1,57,0,58,0,3,165,7,175,52,4,56,231
05/26/2000,SCK,CA,AWP,WE,Towers with Radar,0,0,88,4,92,0,0,126,0,126,0,0,214,4,218,52,2,54,272
05/27/2000,SCK,CA,AWP,WE,Towers with Radar,0,0,48,0,48,0,0,111,0,111,0,0,159,0,159,82,0,82,241
05/28/2000,SCK,CA,AWP,WE,Towers with Radar,0,0,54,0,54,0,0,81,0,81,0,0,135,0,135,32,0,32,167
05/29/2000,SCK,CA,AWP,WE,Towers with Radar,0,0,55,0,55,0,0,56,0,56,0,0,111,0,111,32,0,32,143
05/30/2000,SCK,CA,AWP,WE,Towers with Radar,0,0,137,0,137,0,1,0,0,1,0,1,137,0,138,50,0,50,188
05/31/2000,SCK,CA,AWP,WE,Towers with Radar,0,6,98,8,112,0,2,117,4,123,0,8,215,12,235,62,6,68,303
06/01/2000,SCK,CA,AWP,WE,Towers with Radar,0,2,79,1,82,0,0,144,14,158,0,2,223,15,240,54,12,66,306
06/02/2000,SCK,CA,AWP,WE,Towers with Radar,0,1,132,0,133,0,9,92,20,121,0,10,224,20,254,24,0,24,278
06/03/2000,SCK,CA,AWP,WE,Towers with Radar,0,0,83,0,83,0,0,94,0,94,0,0,177,0,177,24,0,24,201
06/04/2000,SCK,CA,AWP,WE,Towers with Radar,0,0,73,0,73,0,0,54,0,54,0,0,127,0,127,26,0,26,153
06/05/2000,SCK,CA,AWP,WE,Towers with Radar,0,13,76,0,89,0,0,61,0,61,0,13,137,0,150,64,0,64,214
06/06/2000,SCK,CA,AWP,WE,Towers with Radar,0,4,154,1,159,0,0,150,5,155,0,4,304,6,314,42,0,42,356
06/07/2000,SCK,CA,AWP,WE,Towers with Radar,0,0,115,6,121,0,0,56,22,78,0,0,171,28,199,6,12,18,217
06/08/2000,SCK,CA,AWP,WE,Towers with Radar,0,2,106,10,118,0,0,65,8,73,0,2,171,18,191,6,8,14,205
06/09/2000,SCK,CA,AWP,WE,Towers with Radar,0,0,101,6,107,0,0,154,0,154,0,0,255,6,261,90,10,100,361
06/10/2000,SCK,CA,AWP,WE,Towers with Radar,0,1,91,1,93,0,0,49,12,61,0,1,140,13,154,37,0,37,191
06/11/2000,SCK,CA,AWP,WE,Towers with Radar,0,0,91,1,92,0,0,36,0,36,0,0,127,1,128,32,0,32,160
06/12/2000,SCK,CA,AWP,WE,Towers with Radar,0,0,65,0,65,0,0,58,0,58,0,0,123,0,123,58,0,58,181
06/13/2000,SCK,CA,AWP,WE,Towers with Radar,0,0,129,1,130,0,9,33,15,57,0,9,162,16,187,52,0,52,239
06/14/2000,SCK,CA,AWP,WE,Towers with Radar,0,0,49,1,50,0,0,88,7,95,0,0,137,8,145,8,0,8,153
06/15/2000,SCK,CA,AWP,WE,Towers with Radar,0,3,96,3,102,0,1,64,7,72,0,4,160,10,174,70,0,70,244
06/16/2000,SCK,CA,AWP,WE,Towers with Radar,0,3,93,2,98,0,11,94,5,110,0,14,187,7,208,8,0,8,216
06/17/2000,SCK,CA,AWP,WE,Towers with Radar,0,0,65,1,66,0,0,74,4,78,0,0,139,5,144,10,0,10,154
06/18/2000,SCK,CA,AWP,WE,Towers with Radar,0,0,70,1,71,0,0,75,4,79,0,0,145,5,150,52,0,52,202
06/19/2000,SCK,CA,AWP,WE,Towers with Radar,0,0,122,0,122,0,5,59,0,64,0,5,181,0,186,52,0,52,238
06/20/2000,SCK,CA,AWP,WE,Towers with Radar,0,0,97,6,103,0,0,47,0,47,0,0,144,6,150,104,0,104,254
06/21/2000,SCK,CA,AWP,WE,Towers with Radar,0,0,105,5,110,0,0,53,3,56,0,0,158,8,166,46,4,50,216
06/22/2000,SCK,CA,AWP,WE,Towers with Radar,0,1,98,0,99,0,5,70,0,75,0,6,168,0,174,14,0,14,188
06/23/2000,SCK,CA,AWP,WE,Towers with Radar,0,0,108,2,110,6,0,123,8,137,6,0,231,10,247,62,2,64,311
06/24/2000,SCK,CA,AWP,WE,Towers with Radar,0,0,57,0,57,0,0,88,0,88,0,0,145,0,145,63,0,63,208
06/25/2000,SCK,CA,AWP,WE,Towers with Radar,0,0,64,0,64,2,0,79,0,81,2,0,143,0,145,64,0,64,209
06/26/2000,SCK,CA,AWP,WE,Towers with Radar,0,0,62,5,67,0,0,90,1,91,0,0,152,6,158,37,4,41,199
06/27/2000,SCK,CA,AWP,WE,Towers with Radar,0,3,101,1,105,0,1,70,0,71,0,4,171,1,176,26,2,28,204
06/28/2000,SCK,CA,AWP,WE,Towers with Radar,0,0,80,0,80,0,0,91,2,93,0,0,171,2,173,13,2,15,188
06/29/2000,SCK,CA,AWP,WE,Towers with Radar,0,4,128,2,134,0,24,72,26,122,0,28,200,28,256,68,6,74,330
06/30/2000,SCK,CA,AWP,WE,Towers with Radar,0,0,92,2,94,0,0,63,9,72,0,0,155,11,166,70,2,72,238
07/01/2000,SCK,CA,AWP,WE,Towers with Radar,0,0,111,0,111,0,0,34,0,34,0,0,145,0,145,22,0,22,167
07/02/2000,SCK,CA,AWP,WE,Towers with Radar,0,0,61,0,61,0,0,63,1,64,0,0,124,1,125,80,0,80,205
07/03/2000,SCK,CA,AWP,WE,Towers with Radar,0,0,106,1,107,0,0,72,0,72,0,0,178,1,179,71,0,71,250
07/04/2000,SCK,CA,AWP,WE,Towers with Radar,0,0,59,0,59,0,0,50,0,50,0,0,109,0,109,34,0,34,143
07/05/2000,SCK,CA,AWP,WE,Towers with Radar,0,2,106,1,109,0,0,37,0,37,0,2,143,1,146,22,0,22,168
07/06/2000,SCK,CA,AWP,WE,Towers with Radar,0,0,120,1,121,0,0,120,6,126,0,0,240,7,247,22,0,22,269
07/07/2000,SCK,CA,AWP,WE,Towers with Radar,0,0,99,1,100,0,0,147,12,159,0,0,246,13,259,35,0,35,294
07/08/2000,SCK,CA,AWP,WE,Towers with Radar,0,0,89,0,89,0,0,62,0,62,0,0,151,0,151,50,0,50,201
07/09/2000,SCK,CA,AWP,WE,Towers with Radar,0,0,86,1,87,0,0,64,0,64,0,0,150,1,151,63,0,63,214
07/10/2000,SCK,CA,AWP,WE,Towers with Radar,0,7,118,0,125,0,1,86,0,87,0,8,204,0,212,62,0,62,274
07/11/2000,SCK,CA,AWP,WE,Towers with Radar,0,2,149,0,151,0,0,89,0,89,0,2,238,0,240,64,0,64,304
07/12/2000,SCK,CA,AWP,WE,Towers with Radar,0,0,203,3,206,0,2,0,4,6,0,2,203,7,212,97,0,97,309
07/13/2000,SCK,CA,AWP,WE,Towers with Radar,0,0,114,2,116,0,0,133,6,139,0,0,247,8,255,38,0,38,293
07/14/2000,SCK,CA,AWP,WE,Towers with Radar,0,0,128,2,130,0,0,229,9,238,0,0,357,11,368,48,0,48,416
07/15/2000,SCK,CA,AWP,WE,Towers with Radar,0,0,62,1,63,0,0,109,2,111,0,0,171,3,174,28,0,28,202
07/16/2000,SCK,CA,AWP,WE,Towers with Radar,0,0,85,1,86,0,0,39,5,44,0,0,124,6,130,38,0,38,168
07/17/2000,SCK,CA,AWP,WE,Towers with Radar,0,0,84,0,84,0,0,84,0,84,0,0,168,0,168,6,0,6,174
07/18/2000,SCK,CA,AWP,WE,Towers with Radar,0,0,112,2,114,0,0,29,0,29,0,0,141,2,143,20,0,20,163
07/19/2000,SCK,CA,AWP,WE,Towers with Radar,0,2,80,1,83,0,0,118,2,120,0,2,198,3,203,31,2,33,236
07/20/2000,SCK,CA,AWP,WE,Towers with Radar,0,0,88,0,88,0,0,108,3,111,0,0,196,3,199,66,2,68,267
07/21/2000,SCK,CA,AWP,WE,Towers with Radar,0,1,92,1,94,0,0,84,0,84,0,1,176,1,178,26,4,30,208
07/22/2000,SCK,CA,AWP,WE,Towers with Radar,0,1,82,6,89,0,0,76,6,82,0,1,158,12,171,43,0,43,214
07/23/2000,SCK,CA,AWP,WE,Towers with Radar,0,0,38,0,38,0,0,84,0,84,0,0,122,0,122,72,0,72,194
07/24/2000,SCK,CA,AWP,WE,Towers with Radar,0,0,67,0,67,0,0,34,0,34,0,0,101,0,101,34,0,34,135
07/25/2000,SCK,CA,AWP,WE,Towers with Radar,0,1,72,0,73,0,0,47,1,48,0,1,119,1,121,39,0,39,160
07/26/2000,SCK,CA,AWP,WE,Towers with Radar,0,0,97,1,98,0,0,89,11,100,0,0,186,12,198,9,2,11,209
07/27/2000,SCK,CA,AWP,WE,Towers with Radar,0,1,88,1,90,0,0,89,6,95,0,1,177,7,185,14,0,14,199
07/28/2000,SCK,CA,AWP,WE,Towers with Radar,0,0,41,0,41,0,0,112,6,118,0,0,153,6,159,42,4,46,205
07/29/2000,SCK,CA,AWP,WE,Towers with Radar,0,0,37,2,39,0,0,67,2,69,0,0,104,4,108,40,0,40,148
07/30/2000,SCK,CA,AWP,WE,Towers with Radar,0,0,51,0,51,0,0,40,2,42,0,0,91,2,93,14,0,14,107
07/31/2000,SCK,CA,AWP,WE,Towers with Radar,0,0,62,0,62,0,0,85,0,85,0,0,147,0,147,38,0,38,185
08/01/2000,SCK,CA,AWP,WE,Towers with Radar,0,0,68,1,69,0,0,75,6,81,0,0,143,7,150,0,2,2,152
08/02/2000,SCK,CA,AWP,WE,Towers with Radar,0,0,61,1,62,0,0,72,1,73,0,0,133,2,135,8,0,8,143
08/03/2000,SCK,CA,AWP,WE,Towers with Radar,0,0,104,0,104,0,0,42,0,42,0,0,146,0,146,26,0,26,172
08/04/2000,SCK,CA,AWP,WE,Towers with Radar,0,0,60,1,61,0,0,159,3,162,0,0,219,4,223,18,0,18,241
08/05/2000,SCK,CA,AWP,WE,Towers with Radar,0,0,52,0,52,0,0,61,6,67,0,0,113,6,119,47,0,47,166
08/06/2000,SCK,CA,AWP,WE,Towers with Radar,0,0,26,0,26,0,0,82,2,84,0,0,108,2,110,10,0,10,120
08/07/2000,SCK,CA,AWP,WE,Towers with Radar,0,0,64,1,65,0,0,39,1,40,0,0,103,2,105,6,0,6,111
08/08/2000,SCK,CA,AWP,WE,Towers with Radar,0,0,64,1,65,0,0,107,3,110,0,0,171,4,175,22,0,22,197
08/09/2000,SCK,CA,AWP,WE,Towers with Radar,0,0,60,0,60,0,0,99,0,99,0,0,159,0,159,51,6,57,216
08/10/2000,SCK,CA,AWP,WE,Towers with Radar,0,0,62,1,63,0,0,170,0,170,0,0,232,1,233,10,0,10,243
08/11/2000,SCK,CA,AWP,WE,Towers with Radar,0,0,62,1,63,0,0,119,6,125,0,0,181,7,188,46,0,46,234
08/12/2000,SCK,CA,AWP,WE,Towers with Radar,0,0,61,7,68,0,0,72,0,72,0,0,133,7,140,30,0,30,170
08/13/2000,SCK,CA,AWP,WE,Towers with Radar,0,0,47,0,47,0,2,54,0,56,0,2,101,0,103,60,0,60,163
08/14/2000,SCK,CA,AWP,WE,Towers with Radar,0,0,48,0,48,0,0,100,0,100,0,0,148,0,148,48,0,48,196
08/15/2000,SCK,CA,AWP,WE,Towers with Radar,0,0,62,4,66,0,0,52,1,53,0,0,114,5,119,60,2,62,181
08/16/2000,SCK,CA,AWP,WE,Towers with Radar,0,0,34,0,34,0,0,79,1,80,0,0,113,1,114,10,8,18,132
08/17/2000,SCK,CA,AWP,WE,Towers with Radar,0,0,49,0,49,0,0,93,4,97,0,0,142,4,146,28,0,28,174
08/18/2000,SCK,CA,AWP,WE,Towers with Radar,0,0,55,0,55,0,0,93,7,100,0,0,148,7,155,8,1,9,164
08/19/2000,SCK,CA,AWP,WE,Towers with Radar,0,0,42,0,42,0,0,86,3,89,0,0,128,3,131,2,0,2,133
08/20/2000,SCK,CA,AWP,WE,Towers with Radar,0,0,37,0,37,0,0,65,9,74,0,0,102,9,111,41,0,41,152
08/21/2000,SCK,CA,AWP,WE,Towers with Radar,0,0,48,0,48,0,0,87,1,88,0,0,135,1,136,24,0,24,160
08/22/2000,SCK,CA,AWP,WE,Towers with Radar,0,2,50,0,52,0,4,69,5,78,0,6,119,5,130,22,0,22,152
08/23/2000,SCK,CA,AWP,WE,Towers with Radar,0,0,69,0,69,0,0,106,9,115,0,0,175,9,184,15,0,15,199
08/24/2000,SCK,CA,AWP,WE,Towers with Radar,0,0,44,0,44,0,0,102,2,104,0,0,146,2,148,46,0,46,194
08/25/2000,SCK,CA,AWP,WE,Towers with Radar,0,0,25,0,25,0,0,98,1,99,0,0,123,1,124,2,0,2,126
08/26/2000,SCK,CA,AWP,WE,Towers with Radar,0,0,21,0,21,0,0,103,0,103,0,0,124,0,124,34,0,34,158
08/27/2000,SCK,CA,AWP,WE,Towers with Radar,0,0,19,0,19,0,0,106,2,108,0,0,125,2,127,28,0,28,155
08/28/2000,SCK,CA,AWP,WE,Towers with Radar,0,0,72,0,72,0,0,37,6,43,0,0,109,6,115,22,0,22,137
08/29/2000,SCK,CA,AWP,WE,Towers with Radar,0,0,48,3,51,0,1,48,8,57,0,1,96,11,108,2,0,2,110
08/30/2000,SCK,CA,AWP,WE,Towers with Radar,0,0,67,1,68,0,0,59,4,63,0,0,126,5,131,32,18,50,181
08/31/2000,SCK,CA,AWP,WE,Towers with Radar,0,0,79,2,81,0,0,86,11,97,0,0,165,13,178,8,2,10,188
09/01/2000,SCK,CA,AWP,WE,Towers with Radar,0,0,57,1,58,0,0,70,5,75,0,0,127,6,133,26,0,26,159
09/02/2000,SCK,CA,AWP,WE,Towers with Radar,0,0,85,1,86,0,0,22,3,25,0,0,107,4,111,14,0,14,125
09/03/2000,SCK,CA,AWP,WE,Towers with Radar,0,0,9,1,10,0,0,82,0,82,0,0,91,1,92,34,2,36,128
09/04/2000,SCK,CA,AWP,WE,Towers with Radar,0,0,35,0,35,0,0,48,0,48,0,0,83,0,83,70,0,70,153
09/05/2000,SCK,CA,AWP,WE,Towers with Radar,0,0,93,0,93,0,0,105,0,105,0,0,198,0,198,30,0,30,228
09/06/2000,SCK,CA,AWP,WE,Towers with Radar,0,0,29,3,32,0,0,78,1,79,0,0,107,4,111,8,8,16,127
09/07/2000,SCK,CA,AWP,WE,Towers with Radar,0,0,37,2,39,0,4,104,3,111,0,4,141,5,150,22,6,28,178
09/08/2000,SCK,CA,AWP,WE,Towers with Radar,0,0,49,1,50,0,0,108,8,116,0,0,157,9,166,11,0,11,177
09/09/2000,SCK,CA,AWP,WE,Towers with Radar,0,0,107,0,107,0,0,69,9,78,0,0,176,9,185,46,0,46,231
09/10/2000,SCK,CA,AWP,WE,Towers with Radar,0,0,23,0,23,0,0,76,4,80,0,0,99,4,103,50,0,50,153
09/11/2000,SCK,CA,AWP,WE,Towers with Radar,0,0,32,1,33,0,0,94,3,97,0,0,126,4,130,40,0,40,170
09/12/2000,SCK,CA,AWP,WE,Towers with Radar,0,0,20,0,20,0,0,51,2,53,0,0,71,2,73,44,0,44,117
09/13/2000,SCK,CA,AWP,WE,Towers with Radar,0,2,64,6,72,0,0,43,0,43,0,2,107,6,115,38,0,38,153
09/14/2000,SCK,CA,AWP,WE,Towers with Radar,0,5,57,0,62,0,0,96,8,104,0,5,153,8,166,20,0,20,186
09/15/2000,SCK,CA,AWP,WE,Towers with Radar,0,0,39,3,42,0,5,117,0,122,0,5,156,3,164,38,2,40,204
09/16/2000,SCK,CA,AWP,WE,Towers with Radar,0,0,56,0,56,0,0,74,5,79,0,0,130,5,135,46,0,46,181
09/17/2000,SCK,CA,AWP,WE,Towers with Radar,0,0,18,0,18,0,0,75,2,77,0,0,93,2,95,50,0,50,145
09/18/2000,SCK,CA,AWP,WE,Towers with Radar,0,0,1,0,1,0,0,95,2,97,0,0,96,2,98,36,2,38,136
09/19/2000,SCK,CA,AWP,WE,Towers with Radar,0,0,40,0,40,0,0,57,3,60,0,0,97,3,100,20,0,20,120
09/20/2000,SCK,CA,AWP,WE,Towers with Radar,0,0,31,0,31,0,0,81,0,81,0,0,112,0,112,42,0,42,154
09/21/2000,SCK,CA,AWP,WE,Towers with Radar,0,0,54,1,55,0,0,87,5,92,0,0,141,6,147,14,0,14,161
09/22/2000,SCK,CA,AWP,WE,Towers with Radar,0,0,67,1,68,0,0,15,0,15,0,0,82,1,83,24,2,26,109
09/23/2000,SCK,CA,AWP,WE,Towers with Radar,0,0,62,0,62,0,0,47,0,47,0,0,109,0,109,30,0,30,139
09/24/2000,SCK,CA,AWP,WE,Towers with Radar,0,0,14,0,14,0,0,71,0,71,0,0,85,0,85,56,0,56,141
09/25/2000,SCK,CA,AWP,WE,Towers with Radar,0,1,36,0,37,0,7,67,0,74,0,8,103,0,111,46,0,46,157
09/26/2000,SCK,CA,AWP,WE,Towers with Radar,0,0,44,1,45,0,0,69,3,72,0,0,113,4,117,30,0,30,147
09/27/2000,SCK,CA,AWP,WE,Towers with Radar,0,12,44,4,60,0,0,51,1,52,0,12,95,5,112,50,2,52,164
09/28/2000,SCK,CA,AWP,WE,Towers with Radar,0,0,61,2,63,0,0,56,0,56,0,0,117,2,119,44,0,44,163
09/29/2000,SCK,CA,AWP,WE,Towers with Radar,0,0,63,0,63,0,0,104,5,109,0,0,167,5,172,44,0,44,216
09/30/2000,SCK,CA,AWP,WE,Towers with Radar,0,0,40,0,40,0,0,71,1,72,0,0,111,1,112,20,0,20,132
10/01/2000,SCK,CA,AWP,WE,Towers with Radar,0,0,32,0,32,0,0,71,1,72,0,0,103,1,104,22,0,22,126
10/02/2000,SCK,CA,AWP,WE,Towers with Radar,0,0,20,0,20,0,0,72,0,72,0,0,92,0,92,34,0,34,126
10/03/2000,SCK,CA,AWP,WE,Towers with Radar,0,2,44,0,46,0,0,60,6,66,0,2,104,6,112,69,0,69,181
10/04/2000,SCK,CA,AWP,WE,Towers with Radar,0,0,42,2,44,0,0,87,4,91,0,0,129,6,135,46,0,46,181
10/05/2000,SCK,CA,AWP,WE,Towers with Radar,0,0,61,1,62,0,0,75,1,76,0,0,136,2,138,2,0,2,140
10/06/2000,SCK,CA,AWP,WE,Towers with Radar,0,0,54,0,54,0,0,99,2,101,0,0,153,2,155,52,0,52,207
10/07/2000,SCK,CA,AWP,WE,Towers with Radar,0,0,57,0,57,0,0,157,6,163,0,0,214,6,220,53,0,53,273
10/08/2000,SCK,CA,AWP,WE,Towers with Radar,0,0,38,0,38,0,0,79,0,79,0,0,117,0,117,44,0,44,161
10/09/2000,SCK,CA,AWP,WE,Towers with Radar,0,0,97,0,97,0,0,72,0,72,0,0,169,0,169,25,0,25,194
10/10/2000,SCK,CA,AWP,WE,Towers with Radar,0,0,29,0,29,0,0,0,0,0,0,0,29,0,29,22,0,22,51
10/11/2000,SCK,CA,AWP,WE,Towers with Radar,0,0,73,2,75,0,0,8,0,8,0,0,81,2,83,30,0,30,113
10/12/2000,SCK,CA,AWP,WE,Towers with Radar,0,1,102,0,103,0,1,0,4,5,0,2,102,4,108,44,0,44,152
10/13/2000,SCK,CA,AWP,WE,Towers with Radar,0,0,66,0,66,0,2,155,1,158,0,2,221,1,224,58,2,60,284
10/14/2000,SCK,CA,AWP,WE,Towers with Radar,0,0,39,0,39,0,0,89,1,90,0,0,128,1,129,38,0,38,167
10/15/2000,SCK,CA,AWP,WE,Towers with Radar,0,0,36,0,36,0,0,71,0,71,0,0,107,0,107,42,14,56,163
10/16/2000,SCK,CA,AWP,WE,Towers with Radar,0,0,45,0,45,0,0,74,0,74,0,0,119,0,119,61,0,61,180
10/17/2000,SCK,CA,AWP,WE,Towers with Radar,0,0,52,0,52,0,0,56,0,56,0,0,108,0,108,32,0,32,140
10/18/2000,SCK,CA,AWP,WE,Towers with Radar,0,0,58,6,64,0,0,75,0,75,0,0,133,6,139,6,0,6,145
10/19/2000,SCK,CA,AWP,WE,Towers with Radar,0,0,37,0,37,0,0,104,0,104,0,0,141,0,141,50,0,50,191
10/20/2000,SCK,CA,AWP,WE,Towers with Radar,0,0,58,5,63,0,1,53,3,57,0,1,111,8,120,6,0,6,126
10/21/2000,SCK,CA,AWP,WE,Towers with Radar,0,0,27,0,27,0,0,41,0,41,0,0,68,0,68,30,0,30,98
10/22/2000,SCK,CA,AWP,WE,Towers with Radar,0,0,9,0,9,0,2,44,0,46,0,2,53,0,55,6,0,6,61
10/23/2000,SCK,CA,AWP,WE,Towers with Radar,0,0,70,0,70,0,0,88,0,88,0,0,158,0,158,41,0,41,199
10/24/2000,SCK,CA,AWP,WE,Towers with Radar,0,0,28,0,28,0,4,62,0,66,0,4,90,0,94,54,0,54,148
10/25/2000,SCK,CA,AWP,WE,Towers with Radar,0,0,63,0,63,0,0,31,5,36,0,0,94,5,99,64,0,64,163
10/26/2000,SCK,CA,AWP,WE,Towers with Radar,0,4,62,2,68,0,1,0,3,4,0,5,62,5,72,12,0,12,84
10/27/2000,SCK,CA,AWP,WE,Towers with Radar,0,0,70,2,72,0,0,78,0,78,0,0,148,2,150,52,0,52,202
10/28/2000,SCK,CA,AWP,WE,Towers with Radar,0,0,76,0,76,0,0,0,0,0,0,0,76,0,76,40,0,40,116
10/29/2000,SCK,CA,AWP,WE,Towers with Radar,0,0,47,0,47,0,0,22,0,22,0,0,69,0,69,82,0,82,151
10/30/2000,SCK,CA,AWP,WE,Towers with Radar,0,0,58,0,58,0,0,0,0,0,0,0,58,0,58,29,0,29,87
10/31/2000,SCK,CA,AWP,WE,Towers with Radar,0,0,94,4,98,0,1,45,0,46,0,1,139,4,144,42,0,42,186
11/01/2000,SCK,CA,AWP,WE,Towers with Radar,0,0,90,11,101,0,4,70,0,74,0,4,160,11,175,64,12,76,251
11/02/2000,SCK,CA,AWP,WE,Towers with Radar,0,0,93,5,98,0,0,69,3,72,0,0,162,8,170,74,0,74,244
11/03/2000,SCK,CA,AWP,WE,Towers with Radar,0,0,86,3,89,0,0,72,4,76,0,0,158,7,165,42,0,42,207
11/04/2000,SCK,CA,AWP,WE,Towers with Radar,0,0,130,0,130,0,0,13,1,14,0,0,143,1,144,34,0,34,178
11/05/2000,SCK,CA,AWP,WE,Towers with Radar,0,1,89,0,90,0,0,0,0,0,0,1,89,0,90,42,0,42,132
11/06/2000,SCK,CA,AWP,WE,Towers with Radar,0,3,58,3,64,0,0,28,1,29,0,3,86,4,93,14,0,14,107
11/07/2000,SCK,CA,AWP,WE,Towers with Radar,0,0,77,3,80,0,0,33,5,38,0,0,110,8,118,50,0,50,168
11/08/2000,SCK,CA,AWP,WE,Towers with Radar,0,0,104,4,108,0,0,75,5,80,0,0,179,9,188,34,0,34,222
11/09/2000,SCK,CA,AWP,WE,Towers with Radar,0,0,48,1,49,0,0,81,1,82,0,0,129,2,131,16,0,16,147
11/10/2000,SCK,CA,AWP,WE,Towers with Radar,0,0,100,3,103,0,0,44,0,44,0,0,144,3,147,18,10,28,175
11/11/2000,SCK,CA,AWP,WE,Towers with Radar,0,0,52,1,53,0,0,78,4,82,0,0,130,5,135,6,0,6,141
11/12/2000,SCK,CA,AWP,WE,Towers with Radar,0,0,92,0,92,0,0,25,0,25,0,0,117,0,117,38,0,38,155
11/13/2000,SCK,CA,AWP,WE,Towers with Radar,0,0,80,0,80,0,0,37,0,37,0,0,117,0,117,12,0,12,129
11/14/2000,SCK,CA,AWP,WE,Towers with Radar,0,0,62,7,69,0,0,47,0,47,0,0,109,7,116,50,2,52,168
11/15/2000,SCK,CA,AWP,WE,Towers with Radar,0,0,113,19,132,0,0,26,3,29,0,0,139,22,161,48,16,64,225
11/16/2000,SCK,CA,AWP,WE,Towers with Radar,0,0,94,4,98,0,0,41,6,47,0,0,135,10,145,34,4,38,183
11/17/2000,SCK,CA,AWP,WE,Towers with Radar,0,0,113,4,117,0,0,44,3,47,0,0,157,7,164,63,2,65,229
11/18/2000,SCK,CA,AWP,WE,Towers with Radar,0,0,118,0,118,0,0,8,2,10,0,0,126,2,128,54,0,54,182
11/19/2000,SCK,CA,AWP,WE,Towers with Radar,0,0,110,0,110,0,0,29,1,30,0,0,139,1,140,66,1,67,207
11/20/2000,SCK,CA,AWP,WE,Towers with Radar,0,0,140,0,140,0,0,0,0,0,0,0,140,0,140,66,0,66,206
11/21/2000,SCK,CA,AWP,WE,Towers with Radar,0,0,103,0,103,0,0,1,0,1,0,0,104,0,104,36,0,36,140
11/22/2000,SCK,CA,AWP,WE,Towers with Radar,0,0,89,0,89,0,0,51,0,51,0,0,140,0,140,40,0,40,180
11/23/2000,SCK,CA,AWP,WE,Towers with Radar,0,0,18,0,18,0,0,26,0,26,0,0,44,0,44,0,0,0,44
11/24/2000,SCK,CA,AWP,WE,Towers with Radar,0,0,84,2,86,0,0,5,0,5,0,0,89,2,91,24,0,24,115
11/25/2000,SCK,CA,AWP,WE,Towers with Radar,0,0,83,0,83,0,0,18,0,18,0,0,101,0,101,0,0,0,101
11/26/2000,SCK,CA,AWP,WE,Towers with Radar,0,0,93,0,93,0,0,4,0,4,0,0,97,0,97,0,0,0,97
11/27/2000,SCK,CA,AWP,WE,Towers with Radar,0,1,104,3,108,0,0,4,0,4,0,1,108,3,112,0,0,0,112
11/28/2000,SCK,CA,AWP,WE,Towers with Radar,0,8,96,12,116,0,0,0,0,0,0,8,96,12,116,18,6,24,140
11/29/2000,SCK,CA,AWP,WE,Towers with Radar,0,0,94,15,109,0,0,34,2,36,0,0,128,17,145,38,2,40,185
11/30/2000,SCK,CA,AWP,WE,Towers with Radar,0,0,151,1,152,0,0,86,6,92,0,0,237,7,244,66,0,66,310
12/01/2000,SCK,CA,AWP,WE,Towers with Radar,0,0,107,3,110,0,0,77,8,85,0,0,184,11,195,48,2,50,245
12/02/2000,SCK,CA,AWP,WE,Towers with Radar,0,0,182,0,182,0,0,33,20,53,0,0,215,20,235,45,0,45,280
12/03/2000,SCK,CA,AWP,WE,Towers with Radar,0,0,64,0,64,2,0,4,0,6,2,0,68,0,70,0,0,0,70
12/04/2000,SCK,CA,AWP,WE,Towers with Radar,0,0,73,0,73,0,0,14,0,14,0,0,87,0,87,0,0,0,87
12/05/2000,SCK,CA,AWP,WE,Towers with Radar,0,0,89,0,89,0,0,0,0,0,0,0,89,0,89,16,0,16,105
12/06/2000,SCK,CA,AWP,WE,Towers with Radar,0,0,81,3,84,0,0,28,0,28,0,0,109,3,112,0,0,0,112
12/07/2000,SCK,CA,AWP,WE,Towers with Radar,0,0,119,3,122,0,0,8,10,18,0,0,127,13,140,24,0,24,164
12/08/2000,SCK,CA,AWP,WE,Towers with Radar,0,0,80,19,99,0,0,75,6,81,0,0,155,25,180,18,4,22,202
12/09/2000,SCK,CA,AWP,WE,Towers with Radar,0,0,99,0,99,0,0,2,0,2,0,0,101,0,101,58,0,58,159
12/10/2000,SCK,CA,AWP,WE,Towers with Radar,0,0,87,1,88,0,0,18,0,18,0,0,105,1,106,62,0,62,168
12/11/2000,SCK,CA,AWP,WE,Towers with Radar,0,0,122,2,124,0,0,1,0,1,0,0,123,2,125,51,4,55,180
12/12/2000,SCK,CA,AWP,WE,Towers with Radar,0,0,122,18,140,0,0,64,10,74,0,0,186,28,214,62,4,66,280
12/13/2000,SCK,CA,AWP,WE,Towers with Radar,0,0,76,6,82,0,0,27,1,28,0,0,103,7,110,24,8,32,142
12/14/2000,SCK,CA,AWP,WE,Towers with Radar,0,3,110,4,117,0,1,0,8,9,0,4,110,12,126,24,2,26,152
12/15/2000,SCK,CA,AWP,WE,Towers with Radar,0,0,98,3,101,0,0,58,0,58,0,0,156,3,159,39,0,39,198
12/16/2000,SCK,CA,AWP,WE,Towers with Radar,0,0,80,3,83,0,0,130,7,137,0,0,210,10,220,92,0,92,312
12/17/2000,SCK,CA,AWP,WE,Towers with Radar,0,0,48,0,48,0,0,39,0,39,0,0,87,0,87,12,0,12,99
12/18/2000,SCK,CA,AWP,WE,Towers with Radar,0,0,94,0,94,0,0,38,0,38,0,0,132,0,132,16,0,16,148
12/19/2000,SCK,CA,AWP,WE,Towers with Radar,0,0,81,2,83,0,0,17,16,33,0,0,98,18,116,28,6,34,150
12/20/2000,SCK,CA,AWP,WE,Towers with Radar,0,0,128,9,137,0,0,65,11,76,0,0,193,20,213,16,12,28,241
12/21/2000,SCK,CA,AWP,WE,Towers with Radar,0,0,97,3,100,0,0,34,4,38,0,0,131,7,138,24,0,24,162
12/22/2000,SCK,CA,AWP,WE,Towers with Radar,0,0,80,3,83,0,0,96,8,104,0,0,176,11,187,46,0,46,233
12/23/2000,SCK,CA,AWP,WE,Towers with Radar,0,0,71,0,71,0,0,32,0,32,0,0,103,0,103,70,0,70,173
12/24/2000,SCK,CA,AWP,WE,Towers with Radar,0,0,26,0,26,0,0,18,0,18,0,0,44,0,44,14,0,14,58
12/25/2000,SCK,CA,AWP,WE,Towers with Radar,0,0,17,0,17,0,0,19,0,19,0,0,36,0,36,6,0,6,42
12/26/2000,SCK,CA,AWP,WE,Towers with Radar,0,3,75,0,78,0,0,72,0,72,0,3,147,0,150,10,0,10,160
12/27/2000,SCK,CA,AWP,WE,Towers with Radar,0,0,78,1,79,0,0,28,1,29,0,0,106,2,108,32,0,32,140
12/28/2000,SCK,CA,AWP,WE,Towers with Radar,0,0,74,1,75,0,0,67,0,67,0,0,141,1,142,44,0,44,186
12/29/2000,SCK,CA,AWP,WE,Towers with Radar,0,0,50,0,50,0,0,60,0,60,0,0,110,0,110,63,0,63,173
12/30/2000,SCK,CA,AWP,WE,Towers with Radar,0,0,56,0,56,0,0,36,0,36,0,0,92,0,92,26,0,26,118
12/31/2000,SCK,CA,AWP,WE,Towers with Radar,0,0,37,0,37,0,0,4,0,4,0,0,41,0,41,28,0,28,69
01/01/2001,SCK,CA,AWP,WE,Towers with Radar,0,0,28,0,28,0,0,16,0,16,0,0,44,0,44,0,0,0,44
01/02/2001,SCK,CA,AWP,WE,Towers with Radar,0,0,93,0,93,0,0,13,0,13,0,0,106,0,106,14,0,14,120
01/03/2001,SCK,CA,AWP,WE,Towers with Radar,0,0,131,14,145,0,0,12,5,17,0,0,143,19,162,16,2,18,180
01/04/2001,SCK,CA,AWP,WE,Towers with Radar,0,0,91,1,92,0,0,33,11,44,0,0,124,12,136,24,18,42,178
01/05/2001,SCK,CA,AWP,WE,Towers with Radar,0,0,79,3,82,0,0,82,16,98,0,0,161,19,180,68,14,82,262
01/06/2001,SCK,CA,AWP,WE,Towers with Radar,0,0,87,3,90,0,0,110,1,111,0,0,197,4,201,10,4,14,215
01/07/2001,SCK,CA,AWP,WE,Towers with Radar,0,1,12,0,13,0,93,0,106,199,0,94,12,106,212,2,0,2,214
01/08/2001,SCK,CA,AWP,WE,Towers with Radar,0,0,62,0,62,0,0,0,0,0,0,0,62,0,62,50,0,50,112
01/09/2001,SCK,CA,AWP,WE,Towers with Radar,0,0,85,13,98,0,0,35,0,35,0,0,120,13,133,22,0,22,155
01/10/2001,SCK,CA,AWP,WE,Towers with Radar,0,0,31,2,33,0,0,0,2,2,0,0,31,4,35,0,0,0,35
01/11/2001,SCK,CA,AWP,WE,Towers with Radar,0,0,4,0,4,0,22,0,0,22,0,22,4,0,26,10,0,10,36
01/12/2001,SCK,CA,AWP,WE,Towers with Radar,0,4,4,0,8,0,148,0,0,148,0,152,4,0,156,26,3,29,185
01/13/2001,SCK,CA,AWP,WE,Towers with Radar,0,0,116,0,116,0,0,0,2,2,0,0,116,2,118,44,0,44,162
01/14/2001,SCK,CA,AWP,WE,Towers with Radar,0,0,98,0,98,0,0,2,0,2,0,0,100,0,100,0,0,0,100
01/15/2001,SCK,CA,AWP,WE,Towers with Radar,0,0,74,0,74,0,0,11,0,11,0,0,85,0,85,12,0,12,97
01/16/2001,SCK,CA,AWP,WE,Towers with Radar,0,2,106,0,108,0,11,23,0,34,0,13,129,0,142,58,0,58,200
01/17/2001,SCK,CA,AWP,WE,Towers with Radar,0,9,118,3,130,0,4,111,5,120,0,13,229,8,250,52,8,60,310
01/18/2001,SCK,CA,AWP,WE,Towers with Radar,0,16,143,0,159,0,0,69,11,80,0,16,212,11,239,78,0,78,317
01/19/2001,SCK,CA,AWP,WE,Towers with Radar,0,0,155,6,161,0,0,48,30,78,0,0,203,36,239,12,0,12,251
01/20/2001,SCK,CA,AWP,WE,Towers with Radar,0,0,106,4,110,0,0,70,7,77,0,0,176,11,187,0,0,0,187
01/21/2001,SCK,CA,AWP,WE,Towers with Radar,0,0,66,1,67,0,0,36,0,36,0,0,102,1,103,0,0,0,103
01/22/2001,SCK,CA,AWP,WE,Towers with Radar,0,0,122,0,122,0,0,78,0,78,0,0,200,0,200,75,0,75,275
01/23/2001,SCK,CA,AWP,WE,Towers with Radar,0,0,62,8,70,0,0,0,20,20,0,0,62,28,90,26,0,26,116
01/24/2001,SCK,CA,AWP,WE,Towers with Radar,0,0,89,6,95,0,0,35,0,35,0,0,124,6,130,40,0,40,170
01/25/2001,SCK,CA,AWP,WE,Towers with Radar,0,0,52,3,55,0,0,0,13,13,0,0,52,16,68,2,2,4,72
01/26/2001,SCK,CA,AWP,WE,Towers with Radar,0,0,125,0,125,0,0,0,4,4,0,0,125,4,129,40,0,40,169
01/27/2001,SCK,CA,AWP,WE,Towers with Radar,0,0,157,0,157,0,0,4,0,4,0,0,161,0,161,110,0,110,271
01/28/2001,SCK,CA,AWP,WE,Towers with Radar,0,0,77,3,80,0,0,67,5,72,0,0,144,8,152,46,0,46,198
01/29/2001,SCK,CA,AWP,WE,Towers with Radar,0,4,62,1,67,0,0,36,0,36,0,4,98,1,103,70,0,70,173
01/30/2001,SCK,CA,AWP,WE,Towers with Radar,0,0,128,15,143,0,0,19,0,19,0,0,147,15,162,40,0,40,202
01/31/2001,SCK,CA,AWP,WE,Towers with Radar,0,6,205,3,214,0,0,47,1,48,0,6,252,4,262,52,0,52,314
02/01/2001,SCK,CA,AWP,WE,Towers with Radar,0,2,88,15,105,0,0,95,1,96,0,2,183,16,201,60,6,66,267
02/02/2001,SCK,CA,AWP,WE,Towers with Radar,0,0,68,2,70,0,0,109,10,119,0,0,177,12,189,60,0,60,249
02/03/2001,SCK,CA,AWP,WE,Towers with Radar,1,0,115,1,117,0,0,43,26,69,1,0,158,27,186,40,20,60,246
02/04/2001,SCK,CA,AWP,WE,Towers with Radar,0,0,68,2,70,0,0,57,13,70,0,0,125,15,140,73,0,73,213
02/05/2001,SCK,CA,AWP,WE,Towers with Radar,0,0,75,0,75,0,0,44,0,44,0,0,119,0,119,42,0,42,161
02/06/2001,SCK,CA,AWP,WE,Towers with Radar,0,0,85,3,88,0,0,28,3,31,0,0,113,6,119,60,0,60,179
02/07/2001,SCK,CA,AWP,WE,Towers with Radar,0,0,78,2,80,0,0,18,12,30,0,0,96,14,110,16,0,16,126
02/08/2001,SCK,CA,AWP,WE,Towers with Radar,0,0,89,0,89,0,0,66,1,67,0,0,155,1,156,42,0,42,198
02/09/2001,SCK,CA,AWP,WE,Towers with Radar,0,0,24,2,26,0,0,16,1,17,0,0,40,3,43,0,12,12,55
02/10/2001,SCK,CA,AWP,WE,Towers with Radar,0,0,44,0,44,0,0,0,0,0,0,0,44,0,44,0,0,0,44
02/11/2001,SCK,CA,AWP,WE,Towers with Radar,0,1,34,1,36,0,0,0,4,4,0,1,34,5,40,14,0,14,54
02/12/2001,SCK,CA,AWP,WE,Towers with Radar,0,0,45,0,45,0,0,2,0,2,0,0,47,0,47,14,0,14,61
02/13/2001,SCK,CA,AWP,WE,Towers with Radar,0,0,158,3,161,0,0,15,0,15,0,0,173,3,176,72,6,78,254
02/14/2001,SCK,CA,AWP,WE,Towers with Radar,0,0,92,3,95,0,0,88,5,93,0,0,180,8,188,12,0,12,200
02/15/2001,SCK,CA,AWP,WE,Towers with Radar,0,1,157,0,158,0,1,99,0,100,0,2,256,0,258,109,0,109,367
02/16/2001,SCK,CA,AWP,WE,Towers with Radar,0,0,174,1,175,0,0,75,2,77,0,0,249,3,252,75,0,75,327
02/17/2001,SCK,CA,AWP,WE,Towers with Radar,0,0,67,1,68,0,0,13,0,13,0,0,80,1,81,12,0,12,93
02/18/2001,SCK,CA,AWP,WE,Towers with Radar,0,0,65,1,66,0,0,11,0,11,0,0,76,1,77,18,0,18,95
02/19/2001,SCK,CA,AWP,WE,Towers with Radar,0,0,50,0,50,0,0,0,0,0,0,0,50,0,50,20,0,20,70
02/20/2001,SCK,CA,AWP,WE,Towers with Radar,0,0,99,4,103,0,0,0,4,4,0,0,99,8,107,38,0,38,145
02/21/2001,SCK,CA,AWP,WE,Towers with Radar,0,0,114,6,120,0,0,0,11,11,0,0,114,17,131,28,8,36,167
02/22/2001,SCK,CA,AWP,WE,Towers with Radar,0,2,110,5,117,0,15,0,15,30,0,17,110,20,147,20,4,24,171
02/23/2001,SCK,CA,AWP,WE,Towers with Radar,0,2,122,5,129,0,5,71,10,86,0,7,193,15,215,66,1,67,282
02/24/2001,SCK,CA,AWP,WE,Towers with Radar,0,0,48,2,50,0,0,0,0,0,0,0,48,2,50,2,0,2,52
02/25/2001,SCK,CA,AWP,WE,Towers with Radar,0,0,71,3,74,0,0,53,0,53,0,0,124,3,127,8,0,8,135
02/26/2001,SCK,CA,AWP,WE,Towers with Radar,0,0,92,0,92,0,0,59,0,59,0,0,151,0,151,72,0,72,223
02/27/2001,SCK,CA,AWP,WE,Towers with Radar,0,0,95,4,99,0,0,81,8,89,0,0,176,12,188,92,0,92,280
02/28/2001,SCK,CA,AWP,WE,Towers with Radar,0,2,95,4,101,1,1,102,10,114,1,3,197,14,215,64,6,70,285
03/01/2001,SCK,CA,AWP,WE,Towers with Radar,2,0,114,4,120,2,0,102,1,105,4,0,216,5,225,16,0,16,241
03/02/2001,SCK,CA,AWP,WE,Towers with Radar,0,5,150,2,157,0,0,0,0,0,0,5,150,2,157,0,4,4,161
03/03/2001,SCK,CA,AWP,WE,Towers with Radar,0,5,132,4,141,0,0,70,28,98,0,5,202,32,239,30,0,30,269
03/04/2001,SCK,CA,AWP,WE,Towers with Radar,1,3,29,0,33,1,0,0,0,1,2,3,29,0,34,0,0,0,34
03/05/2001,SCK,CA,AWP,WE,Towers with Radar,1,2,97,2,102,0,0,0,0,0,1,2,97,2,102,20,0,20,122
03/06/2001,SCK,CA,AWP,WE,Towers with Radar,0,3,108,4,115,0,0,22,1,23,0,3,130,5,138,58,0,58,196
03/07/2001,SCK,CA,AWP,WE,Towers with Radar,2,0,139,4,145,0,0,112,4,116,2,0,251,8,261,86,0,86,347
03/08/2001,SCK,CA,AWP,WE,Towers with Radar,2,0,135,4,141,3,0,115,7,125,5,0,250,11,266,60,0,60,326
03/09/2001,SCK,CA,AWP,WE,Towers with Radar,1,5,106,4,116,0,0,0,2,2,1,5,106,6,118,48,0,48,166
03/10/2001,SCK,CA,AWP,WE,Towers with Radar,1,2,93,0,96,0,0,74,0,74,1,2,167,0,170,36,0,36,206
03/11/2001,SCK,CA,AWP,WE,Towers with Radar,0,4,83,2,89,0,0,76,0,76,0,4,159,2,165,46,0,46,211
03/12/2001,SCK,CA,AWP,WE,Towers with Radar,0,7,92,0,99,0,6,99,0,105,0,13,191,0,204,84,0,84,288
03/13/2001,SCK,CA,AWP,WE,Towers with Radar,0,9,115,3,127,0,7,113,0,120,0,16,228,3,247,130,0,130,377
03/14/2001,SCK,CA,AWP,WE,Towers with Radar,0,4,81,2,87,0,0,126,4,130,0,4,207,6,217,52,0,52,269
03/15/2001,SCK,CA,AWP,WE,Towers with Radar,1,10,127,3,141,0,8,53,0,61,1,18,180,3,202,10,0,10,212
03/16/2001,SCK,CA,AWP,WE,Towers with Radar,0,6,80,2,88,0,0,122,3,125,0,6,202,5,213,62,11,73,286
03/17/2001,SCK,CA,AWP,WE,Towers with Radar,0,5,84,2,91,0,0,93,5,98,0,5,177,7,189,80,0,80,269
03/18/2001,SCK,CA,AWP,WE,Towers with Radar,0,4,72,0,76,0,0,91,0,91,0,4,163,0,167,44,0,44,211
03/19/2001,SCK,CA,AWP,WE,Towers with Radar,0,4,86,0,90,0,0,30,0,30,0,4,116,0,120,16,0,16,136
03/20/2001,SCK,CA,AWP,WE,Towers with Radar,0,3,86,2,91,0,0,50,4,54,0,3,136,6,145,29,8,37,182
03/21/2001,SCK,CA,AWP,WE,Towers with Radar,0,3,110,3,116,0,0,38,4,42,0,3,148,7,158,14,2,16,174
03/22/2001,SCK,CA,AWP,WE,Towers with Radar,0,5,132,3,140,0,0,34,0,34,0,5,166,3,174,58,0,58,232
03/23/2001,SCK,CA,AWP,WE,Towers with Radar,0,11,122,3,136,0,7,141,1,149,0,18,263,4,285,32,1,33,318
03/24/2001,SCK,CA,AWP,WE,Towers with Radar,0,3,108,0,111,0,0,49,0,49,0,3,157,0,160,92,0,92,252
03/25/2001,SCK,CA,AWP,WE,Towers with Radar,0,1,91,2,94,0,0,116,8,124,0,1,207,10,218,52,8,60,278
03/26/2001,SCK,CA,AWP,WE,Towers with Radar,0,5,94,2,101,0,0,13,8,21,0,5,107,10,122,44,0,44,166
03/27/2001,SCK,CA,AWP,WE,Towers with Radar,0,7,107,3,117,0,0,62,20,82,0,7,169,23,199,58,12,70,269
03/28/2001,SCK,CA,AWP,WE,Towers with Radar,0,6,129,4,139,0,0,39,22,61,0,6,168,26,200,38,36,74,274
03/29/2001,SCK,CA,AWP,WE,Towers with Radar,0,2,115,4,121,0,0,75,6,81,0,2,190,10,202,75,0,75,277
03/30/2001,SCK,CA,AWP,WE,Towers with Radar,0,8,95,3,106,0,7,113,13,133,0,15,208,16,239,28,0,28,267
03/31/2001,SCK,CA,AWP,WE,Towers with Radar,0,4,74,1,79,0,0,120,0,120,0,4,194,1,199,24,0,24,223
04/01/2001,SCK,CA,AWP,WE,Towers with Radar,0,5,77,1,83,0,0,102,0,102,0,5,179,1,185,18,0,18,203
04/02/2001,SCK,CA,AWP,WE,Towers with Radar,0,4,68,4,76,0,0,43,1,44,0,4,111,5,120,8,0,8,128
04/03/2001,SCK,CA,AWP,WE,Towers with Radar,0,2,82,5,89,0,0,52,8,60,0,2,134,13,149,52,0,52,201
04/04/2001,SCK,CA,AWP,WE,Towers with Radar,0,3,89,5,97,0,0,135,1,136,0,3,224,6,233,88,0,88,321
04/05/2001,SCK,CA,AWP,WE,Towers with Radar,1,1,108,6,116,3,0,160,13,176,4,1,268,19,292,48,0,48,340
04/06/2001,SCK,CA,AWP,WE,Towers with Radar,0,8,112,1,121,0,0,10,0,10,0,8,122,1,131,44,0,44,175
04/07/2001,SCK,CA,AWP,WE,Towers with Radar,0,3,75,4,82,0,0,1,5,6,0,3,76,9,88,8,20,28,116
04/08/2001,SCK,CA,AWP,WE,Towers with Radar,0,6,78,4,88,0,0,27,13,40,0,6,105,17,128,62,4,66,194
04/09/2001,SCK,CA,AWP,WE,Towers with Radar,0,4,103,0,107,0,0,24,0,24,0,4,127,0,131,18,6,24,155
04/10/2001,SCK,CA,AWP,WE,Towers with Radar,0,3,82,5,90,0,0,27,2,29,0,3,109,7,119,42,2,44,163
04/11/2001,SCK,CA,AWP,WE,Towers with Radar,0,6,117,7,130,0,0,0,8,8,0,6,117,15,138,12,0,12,150
04/12/2001,SCK,CA,AWP,WE,Towers with Radar,0,0,83,5,88,0,0,146,9,155,0,0,229,14,243,56,0,56,299
04/13/2001,SCK,CA,AWP,WE,Towers with Radar,0,1,84,4,89,0,0,58,0,58,0,1,142,4,147,28,0,28,175
04/14/2001,SCK,CA,AWP,WE,Towers with Radar,0,2,66,0,68,0,0,89,0,89,0,2,155,0,157,44,0,44,201
04/15/2001,SCK,CA,AWP,WE,Towers with Radar,0,3,49,0,52,0,0,102,0,102,0,3,151,0,154,44,0,44,198
04/16/2001,SCK,CA,AWP,WE,Towers with Radar,0,2,96,4,102,0,0,65,0,65,0,2,161,4,167,6,0,6,173
04/17/2001,SCK,CA,AWP,WE,Towers with Radar,0,3,103,4,110,0,0,120,0,120,0,3,223,4,230,54,0,54,284
04/18/2001,SCK,CA,AWP,WE,Towers with Radar,0,2,122,2,126,0,0,59,0,59,0,2,181,2,185,30,0,30,215
04/19/2001,SCK,CA,AWP,WE,Towers with Radar,0,4,127,9,140,0,0,69,31,100,0,4,196,40,240,34,2,36,276
04/20/2001,SCK,CA,AWP,WE,Towers with Radar,0,2,102,8,112,0,0,0,2,2,0,2,102,10,114,4,0,4,118
04/21/2001,SCK,CA,AWP,WE,Towers with Radar,0,3,68,5,76,0,0,50,36,86,0,3,118,41,162,38,0,38,200
04/22/2001,SCK,CA,AWP,WE,Towers with Radar,0,3,83,0,86,0,0,74,0,74,0,3,157,0,160,30,0,30,190
04/23/2001,SCK,CA,AWP,WE,Towers with Radar,0,2,71,5,78,0,0,74,21,95,0,2,145,26,173,53,10,63,236
04/24/2001,SCK,CA,AWP,WE,Towers with Radar,0,1,98,7,106,0,0,92,1,93,0,1,190,8,199,68,0,68,267
04/25/2001,SCK,CA,AWP,WE,Towers with Radar,0,2,106,7,115,0,0,88,1,89,0,2,194,8,204,56,2,58,262
04/26/2001,SCK,CA,AWP,WE,Towers with Radar,0,7,113,8,128,0,2,118,3,123,0,9,231,11,251,58,0,58,309
04/27/2001,SCK,CA,AWP,WE,Towers with Radar,0,4,116,8,128,0,0,119,21,140,0,4,235,29,268,64,6,70,338
04/28/2001,SCK,CA,AWP,WE,Towers with Radar,0,1,78,0,79,0,0,56,0,56,0,1,134,0,135,6,0,6,141
04/29/2001,SCK,CA,AWP,WE,Towers with Radar,0,2,56,0,58,0,0,63,0,63,0,2,119,0,121,2,0,2,123
04/30/2001,SCK,CA,AWP,WE,Towers with Radar,0,4,84,0,88,0,0,129,0,129,0,4,213,0,217,16,0,16,233
05/01/2001,SCK,CA,AWP,WE,Towers with Radar,0,6,70,3,79,0,0,90,1,91,0,6,160,4,170,170,5,175,345
05/02/2001,SCK,CA,AWP,WE,Towers with Radar,0,4,66,2,72,0,0,3,0,3,0,4,69,2,75,2,0,2,77
05/03/2001,SCK,CA,AWP,WE,Towers with Radar,0,3,67,3,73,0,0,64,4,68,0,3,131,7,141,2,0,2,143
05/04/2001,SCK,CA,AWP,WE,Towers with Radar,0,7,81,4,92,0,0,123,10,133,0,7,204,14,225,26,2,28,253
05/05/2001,SCK,CA,AWP,WE,Towers with Radar,0,4,93,3,100,0,0,121,5,126,0,4,214,8,226,30,4,34,260
05/06/2001,SCK,CA,AWP,WE,Towers with Radar,0,5,69,0,74,0,0,46,0,46,0,5,115,0,120,97,0,97,217
05/07/2001,SCK,CA,AWP,WE,Towers with Radar,0,4,79,3,86,0,0,53,11,64,0,4,132,14,150,18,0,18,168
05/08/2001,SCK,CA,AWP,WE,Towers with Radar,0,4,96,2,102,0,0,78,0,78,0,4,174,2,180,26,1,27,207
05/09/2001,SCK,CA,AWP,WE,Towers with Radar,0,3,115,4,122,0,0,102,12,114,0,3,217,16,236,22,12,34,270
05/10/2001,SCK,CA,AWP,WE,Towers with Radar,0,2,109,4,115,8,0,127,38,173,8,2,236,42,288,44,0,44,332
05/11/2001,SCK,CA,AWP,WE,Towers with Radar,0,4,94,3,101,0,0,153,3,156,0,4,247,6,257,30,0,30,287
05/12/2001,SCK,CA,AWP,WE,Towers with Radar,0,2,80,0,82,0,0,74,0,74,0,2,154,0,156,20,0,20,176
05/13/2001,SCK,CA,AWP,WE,Towers with Radar,0,4,59,1,64,0,0,69,0,69,0,4,128,1,133,2,0,2,135
05/14/2001,SCK,CA,AWP,WE,Towers with Radar,0,4,77,2,83,0,0,47,12,59,0,4,124,14,142,34,2,36,178
05/15/2001,SCK,CA,AWP,WE,Towers with Radar,0,3,97,3,103,0,0,65,4,69,0,3,162,7,172,40,0,40,212
05/16/2001,SCK,CA,AWP,WE,Towers with Radar,0,2,115,4,121,0,0,93,8,101,0,2,208,12,222,68,0,68,290
05/17/2001,SCK,CA,AWP,WE,Towers with Radar,0,10,96,3,109,0,1,121,10,132,0,11,217,13,241,30,0,30,271
05/18/2001,SCK,CA,AWP,WE,Towers with Radar,0,4,84,3,91,0,0,84,5,89,0,4,168,8,180,46,0,46,226
05/19/2001,SCK,CA,AWP,WE,Towers with Radar,0,6,72,2,80,0,0,84,12,96,0,6,156,14,176,12,2,14,190
05/20/2001,SCK,CA,AWP,WE,Towers with Radar,0,3,58,2,63,0,0,69,10,79,0,3,127,12,142,12,0,12,154
05/21/2001,SCK,CA,AWP,WE,Towers with Radar,0,0,70,2,72,0,0,70,0,70,0,0,140,2,142,17,0,17,159
05/22/2001,SCK,CA,AWP,WE,Towers with Radar,0,4,94,4,102,0,0,102,4,106,0,4,196,8,208,8,0,8,216
05/23/2001,SCK,CA,AWP,WE,Towers with Radar,0,1,102,4,107,0,0,81,0,81,0,1,183,4,188,76,0,76,264
05/24/2001,SCK,CA,AWP,WE,Towers with Radar,0,5,95,4,104,0,0,104,8,112,0,5,199,12,216,40,2,42,258
05/25/2001,SCK,CA,AWP,WE,Towers with Radar,0,3,75,0,78,0,0,74,0,74,0,3,149,0,152,43,0,43,195
05/26/2001,SCK,CA,AWP,WE,Towers with Radar,0,3,54,0,57,0,0,70,0,70,0,3,124,0,127,67,0,67,194
05/27/2001,SCK,CA,AWP,WE,Towers with Radar,0,3,66,0,69,0,0,33,0,33,0,3,99,0,102,35,0,35,137
05/28/2001,SCK,CA,AWP,WE,Towers with Radar,0,5,70,2,77,0,0,76,0,76,0,5,146,2,153,39,0,39,192
05/29/2001,SCK,CA,AWP,WE,Towers with Radar,0,2,70,0,72,0,0,117,0,117,0,2,187,0,189,80,0,80,269
05/30/2001,SCK,CA,AWP,WE,Towers with Radar,0,8,90,4,102,0,16,111,3,130,0,24,201,7,232,44,0,44,276
05/31/2001,SCK,CA,AWP,WE,Towers with Radar,0,8,88,1,97,0,1,97,0,98,0,9,185,1,195,46,0,46,241
06/01/2001,SCK,CA,AWP,WE,Towers with Radar,0,2,108,6,116,0,0,85,6,91,0,2,193,12,207,4,2,6,213
06/02/2001,SCK,CA,AWP,WE,Towers with Radar,0,2,73,4,79,0,0,101,4,105,0,2,174,8,184,102,0,102,286
06/03/2001,SCK,CA,AWP,WE,Towers with Radar,0,1,67,3,71,0,0,75,18,93,0,1,142,21,164,12,2,14,178
06/04/2001,SCK,CA,AWP,WE,Towers with Radar,0,6,70,3,79,0,2,98,13,113,0,8,168,16,192,80,0,80,272
06/05/2001,SCK,CA,AWP,WE,Towers with Radar,0,3,102,1,106,0,0,100,0,100,0,3,202,1,206,40,0,40,246
06/06/2001,SCK,CA,AWP,WE,Towers with Radar,0,1,90,5,96,0,0,145,2,147,0,1,235,7,243,67,0,67,310
06/07/2001,SCK,CA,AWP,WE,Towers with Radar,0,4,106,6,116,0,0,123,2,125,0,4,229,8,241,66,6,72,313
06/08/2001,SCK,CA,AWP,WE,Towers with Radar,0,3,89,5,97,0,0,53,1,54,0,3,142,6,151,62,0,62,213
06/09/2001,SCK,CA,AWP,WE,Towers with Radar,0,3,63,3,69,0,0,81,1,82,0,3,144,4,151,29,0,29,180
06/10/2001,SCK,CA,AWP,WE,Towers with Radar,0,5,70,3,78,0,0,107,1,108,0,5,177,4,186,18,0,18,204
06/11/2001,SCK,CA,AWP,WE,Towers with Radar,0,6,78,0,84,0,0,100,0,100,0,6,178,0,184,59,24,83,267
06/12/2001,SCK,CA,AWP,WE,Towers with Radar,0,3,94,5,102,0,0,87,7,94,0,3,181,12,196,49,0,49,245
06/13/2001,SCK,CA,AWP,WE,Towers with Radar,0,8,89,4,101,0,0,128,0,128,0,8,217,4,229,60,0,60,289
06/14/2001,SCK,CA,AWP,WE,Towers with Radar,0,5,97,6,108,0,0,80,7,87,0,5,177,13,195,48,0,48,243
06/15/2001,SCK,CA,AWP,WE,Towers with Radar,0,3,96,6,105,0,0,96,0,96,0,3,192,6,201,44,0,44,245
06/16/2001,SCK,CA,AWP,WE,Towers with Radar,0,3,64,2,69,0,0,123,0,123,0,3,187,2,192,66,0,66,258
06/17/2001,SCK,CA,AWP,WE,Towers with Radar,0,3,56,0,59,0,0,88,0,88,0,3,144,0,147,84,0,84,231
06/18/2001,SCK,CA,AWP,WE,Towers with Radar,0,2,79,2,83,0,0,128,0,128,0,2,207,2,211,92,0,92,303
06/19/2001,SCK,CA,AWP,WE,Towers with Radar,0,2,89,6,97,0,0,110,0,110,0,2,199,6,207,54,0,54,261
06/20/2001,SCK,CA,AWP,WE,Towers with Radar,0,6,82,5,93,0,5,92,7,104,0,11,174,12,197,56,4,60,257
06/21/2001,SCK,CA,AWP,WE,Towers with Radar,0,3,107,5,115,0,0,129,0,129,0,3,236,5,244,80,2,82,326
06/22/2001,SCK,CA,AWP,WE,Towers with Radar,0,2,81,2,85,0,0,90,0,90,0,2,171,2,175,36,0,36,211
06/23/2001,SCK,CA,AWP,WE,Towers with Radar,0,2,62,2,66,0,0,110,0,110,0,2,172,2,176,46,0,46,222
06/24/2001,SCK,CA,AWP,WE,Towers with Radar,0,3,66,0,69,0,0,74,0,74,0,3,140,0,143,52,0,52,195
06/25/2001,SCK,CA,AWP,WE,Towers with Radar,0,5,110,7,122,0,0,101,1,102,0,5,211,8,224,68,10,78,302
06/26/2001,SCK,CA,AWP,WE,Towers with Radar,0,8,111,7,126,0,0,108,9,117,0,8,219,16,243,32,4,36,279
06/27/2001,SCK,CA,AWP,WE,Towers with Radar,0,3,139,7,149,0,0,66,24,90,0,3,205,31,239,38,32,70,309
06/28/2001,SCK,CA,AWP,WE,Towers with Radar,0,6,127,7,140,0,0,126,8,134,0,6,253,15,274,30,0,30,304
06/29/2001,SCK,CA,AWP,WE,Towers with Radar,0,3,76,0,79,0,0,168,0,168,0,3,244,0,247,80,1,81,328
06/30/2001,SCK,CA,AWP,WE,Towers with Radar,0,0,66,2,68,0,0,157,0,157,0,0,223,2,225,30,0,30,255
07/01/2001,SCK,CA,AWP,WE,Towers with Radar,0,2,49,0,51,0,0,91,0,91,0,2,140,0,142,24,0,24,166
07/02/2001,SCK,CA,AWP,WE,Towers with Radar,0,5,70,5,80,0,0,153,30,183,0,5,223,35,263,34,14,48,311
07/03/2001,SCK,CA,AWP,WE,Towers with Radar,0,5,59,4,68,0,5,81,0,86,0,10,140,4,154,30,0,30,184
07/04/2001,SCK,CA,AWP,WE,Towers with Radar,0,3,34,2,39,0,1,46,3,50,0,4,80,5,89,38,0,38,127
07/05/2001,SCK,CA,AWP,WE,Towers with Radar,0,3,72,4,79,0,0,77,27,104,0,3,149,31,183,24,6,30,213
07/06/2001,SCK,CA,AWP,WE,Towers with Radar,0,5,77,5,87,0,0,117,27,144,0,5,194,32,231,28,0,28,259
07/07/2001,SCK,CA,AWP,WE,Towers with Radar,0,4,61,0,65,0,0,50,0,50,0,4,111,0,115,45,0,45,160
07/08/2001,SCK,CA,AWP,WE,Towers with Radar,0,4,70,0,74,0,0,110,0,110,0,4,180,0,184,14,0,14,198
07/09/2001,SCK,CA,AWP,WE,Towers with Radar,0,6,78,5,89,0,0,92,13,105,0,6,170,18,194,34,0,34,228
07/10/2001,SCK,CA,AWP,WE,Towers with Radar,0,4,85,5,94,0,0,70,9,79,0,4,155,14,173,38,0,38,211
07/11/2001,SCK,CA,AWP,WE,Towers with Radar,0,4,100,3,107,0,0,103,0,103,0,4,203,3,210,40,0,40,250
07/12/2001,SCK,CA,AWP,WE,Towers with Radar,0,4,121,8,133,0,0,155,4,159,0,4,276,12,292,59,2,61,353
07/13/2001,SCK,CA,AWP,WE,Towers with Radar,0,8,98,2,108,0,0,129,0,129,0,8,227,2,237,76,0,76,313
07/14/2001,SCK,CA,AWP,WE,Towers with Radar,0,3,64,3,70,0,0,83,0,83,0,3,147,3,153,60,0,60,213
07/15/2001,SCK,CA,AWP,WE,Towers with Radar,0,6,65,3,74,0,2,155,0,157,0,8,220,3,231,28,0,28,259
07/16/2001,SCK,CA,AWP,WE,Towers with Radar,0,6,88,4,98,0,0,85,0,85,0,6,173,4,183,52,6,58,241
07/17/2001,SCK,CA,AWP,WE,Towers with Radar,0,6,104,5,115,0,0,178,0,178,0,6,282,5,293,68,2,70,363
07/18/2001,SCK,CA,AWP,WE,Towers with Radar,0,4,90,7,101,0,0,30,1,31,0,4,120,8,132,30,2,32,164
07/19/2001,SCK,CA,AWP,WE,Towers with Radar,0,4,80,4,88,0,0,123,0,123,0,4,203,4,211,70,0,70,281
07/20/2001,SCK,CA,AWP,WE,Towers with Radar,0,4,66,5,75,0,0,160,6,166,0,4,226,11,241,26,0,26,267
07/21/2001,SCK,CA,AWP,WE,Towers with Radar,0,4,56,4,64,0,0,150,1,151,0,4,206,5,215,54,0,54,269
07/22/2001,SCK,CA,AWP,WE,Towers with Radar,0,4,53,0,57,0,0,132,0,132,0,4,185,0,189,18,0,18,207
07/23/2001,SCK,CA,AWP,WE,Towers with Radar,0,5,68,0,73,0,0,78,0,78,0,5,146,0,151,66,0,66,217
07/24/2001,SCK,CA,AWP,WE,Towers with Radar,0,5,78,6,89,0,0,74,4,78,0,5,152,10,167,16,2,18,185
07/25/2001,SCK,CA,AWP,WE,Towers with Radar,0,3,102,7,112,0,0,59,12,71,0,3,161,19,183,18,2,20,203
07/26/2001,SCK,CA,AWP,WE,Towers with Radar,0,3,87,6,96,0,0,88,4,92,0,3,175,10,188,36,0,36,224
07/27/2001,SCK,CA,AWP,WE,Towers with Radar,0,6,82,4,92,0,11,146,0,157,0,17,228,4,249,30,2,32,281
07/28/2001,SCK,CA,AWP,WE,Towers with Radar,0,3,51,4,58,0,1,78,10,89,0,4,129,14,147,30,0,30,177
07/29/2001,SCK,CA,AWP,WE,Towers with Radar,0,2,50,4,56,0,0,109,0,109,0,2,159,4,165,28,1,29,194
07/30/2001,SCK,CA,AWP,WE,Towers with Radar,0,4,75,1,80,0,0,31,0,31,0,4,106,1,111,48,0,48,159
07/31/2001,SCK,CA,AWP,WE,Towers with Radar,0,3,85,4,92,0,0,94,0,94,0,3,179,4,186,66,6,72,258
08/01/2001,SCK,CA,AWP,WE,Towers with Radar,0,2,89,0,91,0,0,86,6,92,0,2,175,6,183,50,4,54,237
08/02/2001,SCK,CA,AWP,WE,Towers with Radar,0,8,76,4,88,0,2,152,1,155,0,10,228,5,243,36,0,36,279
08/03/2001,SCK,CA,AWP,WE,Towers with Radar,0,2,60,2,64,0,0,96,22,118,0,2,156,24,182,30,2,32,214
08/04/2001,SCK,CA,AWP,WE,Towers with Radar,0,1,80,0,81,0,0,95,8,103,0,1,175,8,184,32,2,34,218
08/05/2001,SCK,CA,AWP,WE,Towers with Radar,0,4,50,10,64,0,0,71,8,79,0,4,121,18,143,24,0,24,167
08/06/2001,SCK,CA,AWP,WE,Towers with Radar,0,4,72,4,80,0,0,131,3,134,0,4,203,7,214,18,0,18,232
08/07/2001,SCK,CA,AWP,WE,Towers with Radar,0,4,71,5,80,0,0,98,5,103,0,4,169,10,183,36,0,36,219
08/08/2001,SCK,CA,AWP,WE,Towers with Radar,0,4,70,5,79,0,0,105,6,111,0,4,175,11,190,31,16,47,237
08/09/2001,SCK,CA,AWP,WE,Towers with Radar,0,5,79,5,89,0,0,82,4,86,0,5,161,9,175,28,0,28,203
08/10/2001,SCK,CA,AWP,WE,Towers with Radar,0,3,81,5,89,0,0,152,8,160,0,3,233,13,249,62,8,70,319
08/11/2001,SCK,CA,AWP,WE,Towers with Radar,0,3,70,1,74,0,0,112,1,113,0,3,182,2,187,27,0,27,214
08/12/2001,SCK,CA,AWP,WE,Towers with Radar,0,4,39,1,44,0,0,106,0,106,0,4,145,1,150,22,0,22,172
08/13/2001,SCK,CA,AWP,WE,Towers with Radar,0,4,69,3,76,0,0,79,0,79,0,4,148,3,155,67,0,67,222
08/14/2001,SCK,CA,AWP,WE,Towers with Radar,0,3,129,9,141,0,0,119,0,119,0,3,248,9,260,44,0,44,304
08/15/2001,SCK,CA,AWP,WE,Towers with Radar,0,4,126,8,138,0,0,92,3,95,0,4,218,11,233,64,0,64,297
08/16/2001,SCK,CA,AWP,WE,Towers with Radar,0,4,70,7,81,0,0,129,5,134,0,4,199,12,215,10,0,10,225
08/17/2001,SCK,CA,AWP,WE,Towers with Radar,0,4,102,1,107,0,0,131,3,134,0,4,233,4,241,24,0,24,265
08/18/2001,SCK,CA,AWP,WE,Towers with Radar,0,4,54,1,59,0,0,104,0,104,0,4,158,1,163,25,0,25,188
08/19/2001,SCK,CA,AWP,WE,Towers with Radar,0,3,67,0,70,0,0,150,4,154,0,3,217,4,224,48,0,48,272
08/20/2001,SCK,CA,AWP,WE,Towers with Radar,0,4,104,5,113,0,0,97,9,106,0,4,201,14,219,14,0,14,233
08/21/2001,SCK,CA,AWP,WE,Towers with Radar,0,2,139,8,149,0,0,80,0,80,0,2,219,8,229,57,0,57,286
08/22/2001,SCK,CA,AWP,WE,Towers with Radar,0,4,84,1,89,0,0,84,0,84,0,4,168,1,173,28,0,28,201
08/23/2001,SCK,CA,AWP,WE,Towers with Radar,0,4,107,6,117,0,0,82,1,83,0,4,189,7,200,18,0,18,218
08/24/2001,SCK,CA,AWP,WE,Towers with Radar,0,2,132,2,136,0,0,219,0,219,0,2,351,2,355,82,6,88,443
08/25/2001,SCK,CA,AWP,WE,Towers with Radar,0,3,83,0,86,0,0,100,0,100,0,3,183,0,186,34,0,34,220
08/26/2001,SCK,CA,AWP,WE,Towers with Radar,0,5,62,0,67,0,0,130,1,131,0,5,192,1,198,62,0,62,260
08/27/2001,SCK,CA,AWP,WE,Towers with Radar,0,4,74,2,80,0,0,103,9,112,0,4,177,11,192,42,0,42,234
08/28/2001,SCK,CA,AWP,WE,Towers with Radar,0,4,91,0,95,0,0,101,0,101,0,4,192,0,196,68,0,68,264
08/29/2001,SCK,CA,AWP,WE,Towers with Radar,0,6,95,18,119,0,0,119,7,126,0,6,214,25,245,42,0,42,287
08/30/2001,SCK,CA,AWP,WE,Towers with Radar,0,4,139,4,147,0,0,148,3,151,0,4,287,7,298,46,0,46,344
08/31/2001,SCK,CA,AWP,WE,Towers with Radar,0,3,111,0,114,0,0,162,0,162,0,3,273,0,276,44,0,44,320
09/01/2001,SCK,CA,AWP,WE,Towers with Radar,0,3,46,2,51,0,0,121,4,125,0,3,167,6,176,66,0,66,242
09/02/2001,SCK,CA,AWP,WE,Towers with Radar,0,2,46,0,48,0,0,104,0,104,0,2,150,0,152,42,0,42,194
09/03/2001,SCK,CA,AWP,WE,Towers with Radar,0,3,34,0,37,0,0,121,0,121,0,3,155,0,158,40,0,40,198
09/04/2001,SCK,CA,AWP,WE,Towers with Radar,0,1,111,0,112,0,0,41,0,41,0,1,152,0,153,16,0,16,169
09/05/2001,SCK,CA,AWP,WE,Towers with Radar,0,5,59,0,64,0,4,195,0,199,0,9,254,0,263,10,4,14,277
09/06/2001,SCK,CA,AWP,WE,Towers with Radar,0,3,92,3,98,0,0,236,6,242,0,3,328,9,340,52,28,80,420
09/07/2001,SCK,CA,AWP,WE,Towers with Radar,0,7,77,2,86,0,1,135,13,149,0,8,212,15,235,30,0,30,265
09/08/2001,SCK,CA,AWP,WE,Towers with Radar,0,2,59,2,63,0,0,152,3,155,0,2,211,5,218,88,8,96,314
09/09/2001,SCK,CA,AWP,WE,Towers with Radar,0,2,53,1,56,0,0,174,6,180,0,2,227,7,236,90,2,92,328
09/10/2001,SCK,CA,AWP,WE,Towers with Radar,0,4,81,2,87,0,0,259,16,275,0,4,340,18,362,38,0,38,400
09/11/2001,SCK,CA,AWP,WE,Towers with Radar,0,1,0,0,1,0,0,55,6,61,0,1,55,6,62,0,0,0,62
09/12/2001,SCK,CA,AWP,WE,Towers with Radar,0,0,0,0,0,0,0,60,4,64,0,0,60,4,64,0,0,0,64
09/13/2001,SCK,CA,AWP,WE,Towers with Radar,0,1,12,0,13,0,0,81,4,85,0,1,93,4,98,0,0,0,98
09/14/2001,SCK,CA,AWP,WE,Towers with Radar,0,3,60,1,64,0,0,0,0,0,0,3,60,1,64,6,0,6,70
09/15/2001,SCK,CA,AWP,WE,Towers with Radar,0,1,64,0,65,0,0,0,0,0,0,1,64,0,65,0,0,0,65
09/16/2001,SCK,CA,AWP,WE,Towers with Radar,0,5,46,0,51,0,1,0,0,1,0,6,46,0,52,0,0,0,52
09/17/2001,SCK,CA,AWP,WE,Towers with Radar,0,3,95,0,98,0,0,0,0,0,0,3,95,0,98,0,0,0,98
09/18/2001,SCK,CA,AWP,WE,Towers with Radar,0,5,120,4,129,0,0,18,0,18,0,5,138,4,147,14,0,14,161
09/19/2001,SCK,CA,AWP,WE,Towers with Radar,0,10,135,2,147,0,0,22,0,22,0,10,157,2,169,15,0,15,184
09/20/2001,SCK,CA,AWP,WE,Towers with Radar,0,6,122,4,132,0,0,67,0,67,0,6,189,4,199,0,0,0,199
09/21/2001,SCK,CA,AWP,WE,Towers with Radar,0,3,104,0,107,0,0,95,0,95,0,3,199,0,202,32,0,32,234
09/22/2001,SCK,CA,AWP,WE,Towers with Radar,0,1,93,1,95,0,0,90,0,90,0,1,183,1,185,32,0,32,217
09/23/2001,SCK,CA,AWP,WE,Towers with Radar,0,3,95,0,98,0,0,54,0,54,0,3,149,0,152,14,0,14,166
09/24/2001,SCK,CA,AWP,WE,Towers with Radar,0,6,97,4,107,0,0,55,8,63,0,6,152,12,170,56,10,66,236
09/25/2001,SCK,CA,AWP,WE,Towers with Radar,0,8,111,4,123,0,0,78,0,78,0,8,189,4,201,98,16,114,315
09/26/2001,SCK,CA,AWP,WE,Towers with Radar,0,3,129,5,137,0,0,114,1,115,0,3,243,6,252,84,0,84,336
09/27/2001,SCK,CA,AWP,WE,Towers with Radar,0,4,110,0,114,0,0,139,0,139,0,4,249,0,253,60,0,60,313
09/28/2001,SCK,CA,AWP,WE,Towers with Radar,0,3,100,1,104,0,0,165,0,165,0,3,265,1,269,32,28,60,329
09/29/2001,SCK,CA,AWP,WE,Towers with Radar,0,0,87,4,91,0,0,117,0,117,0,0,204,4,208,48,0,48,256
09/30/2001,SCK,CA,AWP,WE,Towers with Radar,0,3,75,3,81,0,0,143,2,145,0,3,218,5,226,40,4,44,270
10/01/2001,SCK,CA,AWP,WE,Towers with Radar,0,3,90,5,98,0,0,37,1,38,0,3,127,6,136,14,0,14,150
10/02/2001,SCK,CA,AWP,WE,Towers with Radar,0,3,121,0,124,0,0,111,0,111,0,3,232,0,235,82,4,86,321
10/03/2001,SCK,CA,AWP,WE,Towers with Radar,0,5,126,7,138,0,0,66,4,70,0,5,192,11,208,40,0,40,248
10/04/2001,SCK,CA,AWP,WE,Towers with Radar,0,1,139,9,149,0,0,146,11,157,0,1,285,20,306,60,32,92,398
10/05/2001,SCK,CA,AWP,WE,Towers with Radar,0,6,125,1,132,0,0,136,0,136,0,6,261,1,268,90,4,94,362
10/06/2001,SCK,CA,AWP,WE,Towers with Radar,0,0,95,2,97,0,0,116,0,116,0,0,211,2,213,30,0,30,243
10/07/2001,SCK,CA,AWP,WE,Towers with Radar,0,3,92,2,97,0,0,37,0,37,0,3,129,2,134,42,0,42,176
10/08/2001,SCK,CA,AWP,WE,Towers with Radar,0,4,96,0,100,0,0,83,0,83,0,4,179,0,183,90,0,90,273
10/09/2001,SCK,CA,AWP,WE,Towers with Radar,0,4,132,6,142,0,0,125,0,125,0,4,257,6,267,42,0,42,309
10/10/2001,SCK,CA,AWP,WE,Towers with Radar,0,3,116,8,127,0,0,138,8,146,0,3,254,16,273,62,4,66,339
10/11/2001,SCK,CA,AWP,WE,Towers with Radar,0,2,125,8,135,0,0,136,45,181,0,2,261,53,316,106,30,136,452
10/12/2001,SCK,CA,AWP,WE,Towers with Radar,0,3,125,8,136,0,0,104,12,116,0,3,229,20,252,60,0,60,312
10/13/2001,SCK,CA,AWP,WE,Towers with Radar,0,0,83,6,89,0,0,140,2,142,0,0,223,8,231,36,0,36,267
10/14/2001,SCK,CA,AWP,WE,Towers with Radar,0,4,93,6,103,0,0,172,0,172,0,4,265,6,275,60,0,60,335
10/15/2001,SCK,CA,AWP,WE,Towers with Radar,0,2,104,5,111,0,0,49,0,49,0,2,153,5,160,46,0,46,206
10/16/2001,SCK,CA,AWP,WE,Towers with Radar,0,3,119,8,130,0,0,62,1,63,0,3,181,9,193,56,10,66,259
10/17/2001,SCK,CA,AWP,WE,Towers with Radar,0,4,130,3,137,0,0,117,0,117,0,4,247,3,254,84,0,84,338
10/18/2001,SCK,CA,AWP,WE,Towers with Radar,0,1,120,8,129,0,0,71,22,93,0,1,191,30,222,66,8,74,296
10/19/2001,SCK,CA,AWP,WE,Towers with Radar,0,2,123,8,133,0,0,126,25,151,0,2,249,33,284,54,8,62,346
10/20/2001,SCK,CA,AWP,WE,Towers with Radar,0,3,102,7,112,0,0,85,3,88,0,3,187,10,200,112,1,113,313
10/21/2001,SCK,CA,AWP,WE,Towers with Radar,0,0,106,6,112,0,0,107,0,107,0,0,213,6,219,14,0,14,233
10/22/2001,SCK,CA,AWP,WE,Towers with Radar,0,6,101,6,113,0,8,65,1,74,0,14,166,7,187,83,0,83,270
10/23/2001,SCK,CA,AWP,WE,Towers with Radar,0,6,104,6,116,0,3,99,8,110,0,9,203,14,226,48,4,52,278
10/24/2001,SCK,CA,AWP,WE,Towers with Radar,0,2,120,6,128,0,0,103,0,103,0,2,223,6,231,54,0,54,285
10/25/2001,SCK,CA,AWP,WE,Towers with Radar,0,1,126,7,134,0,0,134,10,144,0,1,260,17,278,50,8,58,336
10/26/2001,SCK,CA,AWP,WE,Towers with Radar,0,3,116,3,122,0,0,99,0,99,0,3,215,3,221,98,0,98,319
10/27/2001,SCK,CA,AWP,WE,Towers with Radar,0,1,94,0,95,0,0,133,0,133,0,1,227,0,228,48,0,48,276
10/28/2001,SCK,CA,AWP,WE,Towers with Radar,0,0,100,0,100,0,0,73,0,73,0,0,173,0,173,38,0,38,211
10/29/2001,SCK,CA,AWP,WE,Towers with Radar,0,4,118,7,129,0,0,26,2,28,0,4,144,9,157,37,42,79,236
10/30/2001,SCK,CA,AWP,WE,Towers with Radar,0,0,109,7,116,0,0,0,9,9,0,0,109,16,125,14,22,36,161
10/31/2001,SCK,CA,AWP,WE,Towers with Radar,0,2,93,5,100,0,0,76,20,96,0,2,169,25,196,56,12,68,264
11/01/2001,SCK,CA,AWP,WE,Towers with Radar,1,0,94,8,103,0,0,57,1,58,1,0,151,9,161,34,0,34,195
11/02/2001,SCK,CA,AWP,WE,Towers with Radar,0,1,82,7,90,0,0,63,28,91,0,1,145,35,181,64,0,64,245
11/03/2001,SCK,CA,AWP,WE,Towers with Radar,0,3,53,5,61,0,1,83,2,86,0,4,136,7,147,44,18,62,209
11/04/2001,SCK,CA,AWP,WE,Towers with Radar,0,3,64,2,69,0,1,74,0,75,0,4,138,2,144,40,12,52,196
11/05/2001,SCK,CA,AWP,WE,Towers with Radar,0,2,76,6,84,0,0,68,4,72,0,2,144,10,156,104,0,104,260
11/06/2001,SCK,CA,AWP,WE,Towers with Radar,0,4,83,7,94,0,3,59,0,62,0,7,142,7,156,52,6,58,214
11/07/2001,SCK,CA,AWP,WE,Towers with Radar,0,1,99,8,108,0,0,116,29,145,0,1,215,37,253,81,0,81,334
11/08/2001,SCK,CA,AWP,WE,Towers with Radar,0,3,103,9,115,0,0,122,18,140,0,3,225,27,255,56,2,58,313
11/09/2001,SCK,CA,AWP,WE,Towers with Radar,0,2,99,7,108,0,0,123,0,123,0,2,222,7,231,32,32,64,295
11/10/2001,SCK,CA,AWP,WE,Towers with Radar,0,1,96,3,100,0,0,135,0,135,0,1,231,3,235,48,0,48,283
11/11/2001,SCK,CA,AWP,WE,Towers with Radar,0,4,73,1,78,0,0,14,0,14,0,4,87,1,92,8,0,8,100
11/12/2001,SCK,CA,AWP,WE,Towers with Radar,0,4,66,0,70,0,1,0,0,1,0,5,66,0,71,3,0,3,74
11/13/2001,SCK,CA,AWP,WE,Towers with Radar,0,2,113,9,124,0,0,23,0,23,0,2,136,9,147,4,0,4,151
11/14/2001,SCK,CA,AWP,WE,Towers with Radar,0,3,128,10,141,0,0,52,8,60,0,3,180,18,201,34,8,42,243
11/15/2001,SCK,CA,AWP,WE,Towers with Radar,0,3,108,9,120,0,0,88,12,100,0,3,196,21,220,86,4,90,310
11/16/2001,SCK,CA,AWP,WE,Towers with Radar,0,5,121,10,136,0,0,103,10,113,0,5,224,20,249,86,0,86,335
11/17/2001,SCK,CA,AWP,WE,Towers with Radar,0,0,114,9,123,0,0,131,1,132,0,0,245,10,255,26,0,26,281
11/18/2001,SCK,CA,AWP,WE,Towers with Radar,0,2,85,2,89,0,0,83,0,83,0,2,168,2,172,35,0,35,207
11/19/2001,SCK,CA,AWP,WE,Towers with Radar,0,4,110,8,122,0,0,46,12,58,0,4,156,20,180,12,0,12,192
11/20/2001,SCK,CA,AWP,WE,Towers with Radar,0,1,118,9,128,0,0,52,4,56,0,1,170,13,184,8,18,26,210
11/21/2001,SCK,CA,AWP,WE,Towers with Radar,0,4,109,11,124,0,0,0,12,12,0,4,109,23,136,4,0,4,140
11/22/2001,SCK,CA,AWP,WE,Towers with Radar,0,0,36,2,38,2,0,54,0,56,2,0,90,2,94,0,0,0,94
11/23/2001,SCK,CA,AWP,WE,Towers with Radar,0,0,68,0,68,0,0,101,0,101,0,0,169,0,169,50,2,52,221
11/24/2001,SCK,CA,AWP,WE,Towers with Radar,0,2,15,0,17,0,0,0,0,0,0,2,15,0,17,0,0,0,17
11/25/2001,SCK,CA,AWP,WE,Towers with Radar,0,2,90,1,93,0,0,6,0,6,0,2,96,1,99,84,0,84,183
11/26/2001,SCK,CA,AWP,WE,Towers with Radar,0,5,98,7,110,0,0,67,6,73,0,5,165,13,183,68,0,68,251
11/27/2001,SCK,CA,AWP,WE,Towers with Radar,0,3,105,8,116,0,0,113,0,113,0,3,218,8,229,86,0,86,315
11/28/2001,SCK,CA,AWP,WE,Towers with Radar,0,2,88,6,96,0,0,0,8,8,0,2,88,14,104,24,14,38,142
11/29/2001,SCK,CA,AWP,WE,Towers with Radar,0,2,115,8,125,0,0,22,10,32,0,2,137,18,157,32,12,44,201
11/30/2001,SCK,CA,AWP,WE,Towers with Radar,0,5,120,9,134,0,0,89,9,98,0,5,209,18,232,132,0,132,364
12/01/2001,SCK,CA,AWP,WE,Towers with Radar,0,2,51,0,53,0,0,8,0,8,0,2,59,0,61,0,0,0,61
12/02/2001,SCK,CA,AWP,WE,Towers with Radar,0,2,39,2,43,0,0,0,0,0,0,2,39,2,43,4,1,5,48
12/03/2001,SCK,CA,AWP,WE,Towers with Radar,0,1,86,3,90,0,0,42,5,47,0,1,128,8,137,34,0,34,171
12/04/2001,SCK,CA,AWP,WE,Towers with Radar,0,1,101,4,106,0,0,102,3,105,0,1,203,7,211,36,0,36,247
12/05/2001,SCK,CA,AWP,WE,Towers with Radar,0,2,124,5,131,0,0,21,7,28,0,2,145,12,159,2,2,4,163
12/06/2001,SCK,CA,AWP,WE,Towers with Radar,0,2,115,5,122,0,0,91,5,96,0,2,206,10,218,70,16,86,304
12/07/2001,SCK,CA,AWP,WE,Towers with Radar,0,0,92,3,95,0,0,72,0,72,0,0,164,3,167,62,0,62,229
12/08/2001,SCK,CA,AWP,WE,Towers with Radar,0,3,78,0,81,0,0,46,0,46,0,3,124,0,127,0,0,0,127
12/09/2001,SCK,CA,AWP,WE,Towers with Radar,0,1,61,0,62,0,0,0,0,0,0,1,61,0,62,25,0,25,87
12/10/2001,SCK,CA,AWP,WE,Towers with Radar,0,7,94,1,102,0,1,62,0,63,0,8,156,1,165,34,6,40,205
12/11/2001,SCK,CA,AWP,WE,Towers with Radar,0,2,97,4,103,0,0,87,7,94,0,2,184,11,197,38,14,52,249
12/12/2001,SCK,CA,AWP,WE,Towers with Radar,0,2,94,1,97,0,0,77,0,77,0,2,171,1,174,44,0,44,218
12/13/2001,SCK,CA,AWP,WE,Towers with Radar,0,1,112,0,113,0,0,94,0,94,0,1,206,0,207,0,10,10,217
12/14/2001,SCK,CA,AWP,WE,Towers with Radar,0,4,90,4,98,0,0,81,4,85,0,4,171,8,183,54,6,60,243
12/15/2001,SCK,CA,AWP,WE,Towers with Radar,0,1,74,0,75,0,0,189,0,189,0,1,263,0,264,72,0,72,336
12/16/2001,SCK,CA,AWP,WE,Towers with Radar,0,0,76,0,76,0,0,45,0,45,0,0,121,0,121,40,0,40,161
12/17/2001,SCK,CA,AWP,WE,Towers with Radar,0,2,106,4,112,0,0,5,0,5,0,2,111,4,117,2,0,2,119
12/18/2001,SCK,CA,AWP,WE,Towers with Radar,0,4,106,4,114,0,0,70,25,95,0,4,176,29,209,44,2,46,255
12/19/2001,SCK,CA,AWP,WE,Towers with Radar,0,3,124,5,132,0,0,73,5,78,0,3,197,10,210,14,0,14,224
12/20/2001,SCK,CA,AWP,WE,Towers with Radar,0,1,84,4,89,0,0,0,0,0,0,1,84,4,89,2,0,2,91
12/21/2001,SCK,CA,AWP,WE,Towers with Radar,0,2,99,2,103,0,0,114,0,114,0,2,213,2,217,8,0,8,225
12/22/2001,SCK,CA,AWP,WE,Towers with Radar,0,3,44,0,47,0,0,0,0,0,0,3,44,0,47,0,0,0,47
12/23/2001,SCK,CA,AWP,WE,Towers with Radar,0,4,74,0,78,0,0,98,0,98,0,4,172,0,176,22,0,22,198
12/24/2001,SCK,CA,AWP,WE,Towers with Radar,0,2,49,0,51,0,0,19,0,19,0,2,68,0,70,0,0,0,70
12/25/2001,SCK,CA,AWP,WE,Towers with Radar,0,1,21,0,22,0,2,0,0,2,0,3,21,0,24,2,0,2,26
12/26/2001,SCK,CA,AWP,WE,Towers with Radar,0,3,90,5,98,0,0,102,9,111,0,3,192,14,209,16,0,16,225
12/27/2001,SCK,CA,AWP,WE,Towers with Radar,0,2,105,3,110,0,0,54,0,54,0,2,159,3,164,52,0,52,216
12/28/2001,SCK,CA,AWP,WE,Towers with Radar,0,1,97,2,100,0,0,53,0,53,0,1,150,2,153,0,0,0,153
12/29/2001,SCK,CA,AWP,WE,Towers with Radar,0,3,98,0,101,0,0,36,0,36,0,3,134,0,137,0,0,0,137
12/30/2001,SCK,CA,AWP,WE,Towers with Radar,0,2,78,0,80,0,0,30,0,30,0,2,108,0,110,0,0,0,110
12/31/2001,SCK,CA,AWP,WE,Towers with Radar,0,2,72,0,74,0,0,33,0,33,0,2,105,0,107,2,0,2,109
01/01/2002,SCK,CA,AWP,WE,Towers with Radar,0,2,33,0,35,0,0,0,0,0,0,2,33,0,35,0,0,0,35
01/02/2002,SCK,CA,AWP,WE,Towers with Radar,0,1,105,6,112,0,0,0,1,1,0,1,105,7,113,0,0,0,113
01/03/2002,SCK,CA,AWP,WE,Towers with Radar,0,2,113,6,121,0,0,194,17,211,0,2,307,23,332,36,0,36,368
01/04/2002,SCK,CA,AWP,WE,Towers with Radar,0,2,107,0,109,0,0,107,0,107,0,2,214,0,216,32,0,32,248
01/05/2002,SCK,CA,AWP,WE,Towers with Radar,0,4,114,3,121,0,0,53,0,53,0,4,167,3,174,16,0,16,190
01/06/2002,SCK,CA,AWP,WE,Towers with Radar,0,4,99,0,103,0,0,18,0,18,0,4,117,0,121,0,0,0,121
01/07/2002,SCK,CA,AWP,WE,Towers with Radar,0,0,94,1,95,0,0,25,0,25,0,0,119,1,120,0,0,0,120
01/08/2002,SCK,CA,AWP,WE,Towers with Radar,0,2,118,6,126,0,0,53,5,58,0,2,171,11,184,12,0,12,196
01/09/2002,SCK,CA,AWP,WE,Towers with Radar,0,1,115,0,116,0,0,73,0,73,0,1,188,0,189,52,2,54,243
01/10/2002,SCK,CA,AWP,WE,Towers with Radar,0,0,0,0,0,0,0,0,0,0,0,0,0,0,0,0,0,0,0
01/11/2002,SCK,CA,AWP,WE,Towers with Radar,0,2,115,0,117,0,0,17,0,17,0,2,132,0,134,4,0,4,138
01/12/2002,SCK,CA,AWP,WE,Towers with Radar,0,3,86,3,92,0,0,59,0,59,0,3,145,3,151,0,0,0,151
01/13/2002,SCK,CA,AWP,WE,Towers with Radar,0,0,93,0,93,0,0,63,0,63,0,0,156,0,156,44,0,44,200
01/14/2002,SCK,CA,AWP,WE,Towers with Radar,0,2,108,0,110,0,0,18,0,18,0,2,126,0,128,26,0,26,154
01/15/2002,SCK,CA,AWP,WE,Towers with Radar,0,7,94,5,106,0,0,67,3,70,0,7,161,8,176,44,0,44,220
01/16/2002,SCK,CA,AWP,WE,Towers with Radar,0,3,104,4,111,0,0,111,0,111,0,3,215,4,222,22,20,42,264
01/17/2002,SCK,CA,AWP,WE,Towers with Radar,0,4,117,5,126,0,0,77,14,91,0,4,194,19,217,68,4,72,289
01/18/2002,SCK,CA,AWP,WE,Towers with Radar,0,2,109,1,112,0,0,133,0,133,0,2,242,1,245,30,0,30,275
01/19/2002,SCK,CA,AWP,WE,Towers with Radar,0,2,80,2,84,0,0,73,0,73,0,2,153,2,157,48,0,48,205
01/20/2002,SCK,CA,AWP,WE,Towers with Radar,0,5,91,0,96,0,0,100,0,100,0,5,191,0,196,56,0,56,252
01/21/2002,SCK,CA,AWP,WE,Towers with Radar,1,4,91,0,96,0,0,0,0,0,1,4,91,0,96,8,0,8,104
01/22/2002,SCK,CA,AWP,WE,Towers with Radar,0,3,120,5,128,0,0,105,5,110,0,3,225,10,238,26,10,36,274
01/23/2002,SCK,CA,AWP,WE,Towers with Radar,0,4,123,5,132,0,0,129,2,131,0,4,252,7,263,52,22,74,337
01/24/2002,SCK,CA,AWP,WE,Towers with Radar,0,2,117,5,124,0,0,129,5,134,0,2,246,10,258,74,14,88,346
01/25/2002,SCK,CA,AWP,WE,Towers with Radar,0,2,116,5,123,0,0,123,4,127,0,2,239,9,250,74,2,76,326
01/26/2002,SCK,CA,AWP,WE,Towers with Radar,0,2,77,0,79,0,0,6,0,6,0,2,83,0,85,5,0,5,90
01/27/2002,SCK,CA,AWP,WE,Towers with Radar,0,3,85,0,88,0,0,60,0,60,0,3,145,0,148,62,0,62,210
01/28/2002,SCK,CA,AWP,WE,Towers with Radar,0,4,86,4,94,0,0,0,3,3,0,4,86,7,97,34,2,36,133
01/29/2002,SCK,CA,AWP,WE,Towers with Radar,0,5,106,6,117,0,0,89,14,103,0,5,195,20,220,28,3,31,251
01/30/2002,SCK,CA,AWP,WE,Towers with Radar,0,2,126,1,129,0,0,128,0,128,0,2,254,1,257,80,0,80,337
01/31/2002,SCK,CA,AWP,WE,Towers with Radar,0,3,107,2,112,0,0,84,0,84,0,3,191,2,196,80,15,95,291
02/01/2002,SCK,CA,AWP,WE,Towers with Radar,0,2,100,1,103,0,0,49,0,49,0,2,149,1,152,82,1,83,235
02/02/2002,SCK,CA,AWP,WE,Towers with Radar,0,2,79,4,85,0,0,110,17,127,0,2,189,21,212,50,10,60,272
02/03/2002,SCK,CA,AWP,WE,Towers with Radar,0,0,71,3,74,0,0,4,13,17,0,0,75,16,91,22,0,22,113
02/04/2002,SCK,CA,AWP,WE,Towers with Radar,0,0,87,0,87,0,0,72,0,72,0,0,159,0,159,32,0,32,191
02/05/2002,SCK,CA,AWP,WE,Towers with Radar,0,5,104,3,112,0,3,56,0,59,0,8,160,3,171,40,2,42,213
02/06/2002,SCK,CA,AWP,WE,Towers with Radar,0,2,128,5,135,0,0,51,3,54,0,2,179,8,189,69,6,75,264
02/07/2002,SCK,CA,AWP,WE,Towers with Radar,0,2,138,6,146,0,0,26,0,26,0,2,164,6,172,0,6,6,178
02/08/2002,SCK,CA,AWP,WE,Towers with Radar,0,4,111,4,119,0,0,89,10,99,0,4,200,14,218,47,8,55,273
02/09/2002,SCK,CA,AWP,WE,Towers with Radar,0,1,84,0,85,0,0,133,0,133,0,1,217,0,218,22,4,26,244
02/10/2002,SCK,CA,AWP,WE,Towers with Radar,0,2,87,0,89,0,0,98,0,98,0,2,185,0,187,70,0,70,257
02/11/2002,SCK,CA,AWP,WE,Towers with Radar,0,3,109,4,116,0,0,120,13,133,0,3,229,17,249,44,4,48,297
02/12/2002,SCK,CA,AWP,WE,Towers with Radar,0,2,103,4,109,0,0,98,14,112,0,2,201,18,221,87,6,93,314
02/13/2002,SCK,CA,AWP,WE,Towers with Radar,0,1,129,5,135,0,0,100,3,103,0,1,229,8,238,38,10,48,286
02/14/2002,SCK,CA,AWP,WE,Towers with Radar,0,2,114,0,116,0,0,98,0,98,0,2,212,0,214,138,2,140,354
02/15/2002,SCK,CA,AWP,WE,Towers with Radar,0,4,141,0,145,0,0,55,0,55,0,4,196,0,200,18,0,18,218
02/16/2002,SCK,CA,AWP,WE,Towers with Radar,0,2,82,0,84,0,0,90,0,90,0,2,172,0,174,34,0,34,208
02/17/2002,SCK,CA,AWP,WE,Towers with Radar,0,2,70,0,72,0,0,47,0,47,0,2,117,0,119,0,0,0,119
02/18/2002,SCK,CA,AWP,WE,Towers with Radar,0,2,117,1,120,0,0,49,0,49,0,2,166,1,169,20,0,20,189
02/19/2002,SCK,CA,AWP,WE,Towers with Radar,0,9,145,5,159,0,12,0,8,20,0,21,145,13,179,2,0,2,181
02/20/2002,SCK,CA,AWP,WE,Towers with Radar,0,2,146,5,153,0,0,155,7,162,0,2,301,12,315,74,0,74,389
02/21/2002,SCK,CA,AWP,WE,Towers with Radar,0,5,123,4,132,0,0,50,8,58,0,5,173,12,190,0,1,1,191
02/22/2002,SCK,CA,AWP,WE,Towers with Radar,0,2,120,4,126,0,0,24,12,36,0,2,144,16,162,10,0,10,172
02/23/2002,SCK,CA,AWP,WE,Towers with Radar,0,2,101,3,106,0,0,135,2,137,0,2,236,5,243,40,2,42,285
02/24/2002,SCK,CA,AWP,WE,Towers with Radar,0,3,85,4,92,0,0,79,1,80,0,3,164,5,172,60,0,60,232
02/25/2002,SCK,CA,AWP,WE,Towers with Radar,0,3,132,6,141,0,0,71,3,74,0,3,203,9,215,68,0,68,283
02/26/2002,SCK,CA,AWP,WE,Towers with Radar,0,6,107,5,118,0,0,107,1,108,0,6,214,6,226,14,0,14,240
02/27/2002,SCK,CA,AWP,WE,Towers with Radar,0,5,106,5,116,0,0,163,6,169,0,5,269,11,285,1,0,1,286
02/28/2002,SCK,CA,AWP,WE,Towers with Radar,0,2,116,5,123,0,0,136,24,160,0,2,252,29,283,50,0,50,333
03/01/2002,SCK,CA,AWP,WE,Towers with Radar,0,2,120,3,125,0,0,127,16,143,0,2,247,19,268,16,2,18,286
03/02/2002,SCK,CA,AWP,WE,Towers with Radar,0,3,90,2,95,0,0,136,6,142,0,3,226,8,237,92,0,92,329
03/03/2002,SCK,CA,AWP,WE,Towers with Radar,0,2,92,2,96,0,0,80,1,81,0,2,172,3,177,82,0,82,259
03/04/2002,SCK,CA,AWP,WE,Towers with Radar,0,1,118,0,119,0,0,97,0,97,0,1,215,0,216,16,0,16,232
03/05/2002,SCK,CA,AWP,WE,Towers with Radar,0,5,135,2,142,0,0,117,1,118,0,5,252,3,260,49,0,49,309
03/06/2002,SCK,CA,AWP,WE,Towers with Radar,0,9,15,3,27,4,110,0,135,249,4,119,15,138,276,14,4,18,294
03/07/2002,SCK,CA,AWP,WE,Towers with Radar,0,3,109,2,114,0,0,0,21,21,0,3,109,23,135,26,8,34,169
03/08/2002,SCK,CA,AWP,WE,Towers with Radar,0,4,130,2,136,0,0,124,8,132,0,4,254,10,268,46,1,47,315
03/09/2002,SCK,CA,AWP,WE,Towers with Radar,0,6,98,0,104,0,1,125,0,126,0,7,223,0,230,8,0,8,238
03/10/2002,SCK,CA,AWP,WE,Towers with Radar,0,0,99,2,101,0,0,55,2,57,0,0,154,4,158,16,0,16,174
03/11/2002,SCK,CA,AWP,WE,Towers with Radar,0,1,117,2,120,0,0,51,0,51,0,1,168,2,171,68,4,72,243
03/12/2002,SCK,CA,AWP,WE,Towers with Radar,0,5,126,2,133,0,0,75,8,83,0,5,201,10,216,26,4,30,246
03/13/2002,SCK,CA,AWP,WE,Towers with Radar,0,3,106,2,111,0,0,61,3,64,0,3,167,5,175,8,0,8,183
03/14/2002,SCK,CA,AWP,WE,Towers with Radar,0,5,120,2,127,0,0,130,7,137,0,5,250,9,264,22,2,24,288
03/15/2002,SCK,CA,AWP,WE,Towers with Radar,0,3,111,2,116,0,0,62,10,72,0,3,173,12,188,40,1,41,229
03/16/2002,SCK,CA,AWP,WE,Towers with Radar,0,2,82,1,85,0,0,67,0,67,0,2,149,1,152,43,6,49,201
03/17/2002,SCK,CA,AWP,WE,Towers with Radar,0,1,69,2,72,0,0,24,6,30,0,1,93,8,102,28,0,28,130
03/18/2002,SCK,CA,AWP,WE,Towers with Radar,0,3,125,2,130,0,0,99,0,99,0,3,224,2,229,36,0,36,265
03/19/2002,SCK,CA,AWP,WE,Towers with Radar,0,2,96,1,99,0,0,141,0,141,0,2,237,1,240,64,0,64,304
03/20/2002,SCK,CA,AWP,WE,Towers with Radar,0,5,129,0,134,0,0,166,0,166,0,5,295,0,300,55,0,55,355
03/21/2002,SCK,CA,AWP,WE,Towers with Radar,0,0,132,3,135,0,0,142,7,149,0,0,274,10,284,88,12,100,384
03/22/2002,SCK,CA,AWP,WE,Towers with Radar,0,3,159,4,166,0,0,74,4,78,0,3,233,8,244,30,0,30,274
03/23/2002,SCK,CA,AWP,WE,Towers with Radar,0,0,81,2,83,0,0,51,0,51,0,0,132,2,134,2,0,2,136
03/24/2002,SCK,CA,AWP,WE,Towers with Radar,0,1,101,3,105,0,0,139,3,142,0,1,240,6,247,21,4,25,272
03/25/2002,SCK,CA,AWP,WE,Towers with Radar,0,3,126,3,132,0,0,79,9,88,0,3,205,12,220,29,2,31,251
03/26/2002,SCK,CA,AWP,WE,Towers with Radar,0,1,127,3,131,0,0,120,31,151,0,1,247,34,282,42,2,44,326
03/27/2002,SCK,CA,AWP,WE,Towers with Radar,0,4,126,3,133,0,0,94,10,104,0,4,220,13,237,60,5,65,302
03/28/2002,SCK,CA,AWP,WE,Towers with Radar,0,2,136,3,141,0,0,138,4,142,0,2,274,7,283,80,17,97,380
03/29/2002,SCK,CA,AWP,WE,Towers with Radar,0,2,117,3,122,0,0,138,1,139,0,2,255,4,261,40,0,40,301
03/30/2002,SCK,CA,AWP,WE,Towers with Radar,0,3,80,0,83,0,0,150,0,150,0,3,230,0,233,10,0,10,243
03/31/2002,SCK,CA,AWP,WE,Towers with Radar,0,3,70,0,73,0,0,70,0,70,0,3,140,0,143,52,0,52,195
04/01/2002,SCK,CA,AWP,WE,Towers with Radar,0,3,108,3,114,0,0,86,0,86,0,3,194,3,200,70,0,70,270
04/02/2002,SCK,CA,AWP,WE,Towers with Radar,0,8,113,3,124,0,0,154,5,159,0,8,267,8,283,40,0,40,323
04/03/2002,SCK,CA,AWP,WE,Towers with Radar,0,2,123,3,128,0,0,160,3,163,0,2,283,6,291,68,0,68,359
04/04/2002,SCK,CA,AWP,WE,Towers with Radar,0,7,149,4,160,0,0,94,6,100,0,7,243,10,260,66,4,70,330
04/05/2002,SCK,CA,AWP,WE,Towers with Radar,0,2,129,4,135,0,0,98,6,104,0,2,227,10,239,24,0,24,263
04/06/2002,SCK,CA,AWP,WE,Towers with Radar,0,3,76,0,79,0,0,205,0,205,0,3,281,0,284,44,0,44,328
04/07/2002,SCK,CA,AWP,WE,Towers with Radar,0,8,127,0,135,0,0,70,0,70,0,8,197,0,205,16,0,16,221
04/08/2002,SCK,CA,AWP,WE,Towers with Radar,0,4,104,0,108,0,0,103,0,103,0,4,207,0,211,36,16,52,263
04/09/2002,SCK,CA,AWP,WE,Towers with Radar,0,2,121,3,126,0,0,22,15,37,0,2,143,18,163,34,2,36,199
04/10/2002,SCK,CA,AWP,WE,Towers with Radar,0,4,108,2,114,0,0,123,0,123,0,4,231,2,237,10,0,10,247
04/11/2002,SCK,CA,AWP,WE,Towers with Radar,0,1,103,3,107,0,0,129,35,164,0,1,232,38,271,30,0,30,301
04/12/2002,SCK,CA,AWP,WE,Towers with Radar,0,8,102,1,111,0,1,95,0,96,0,9,197,1,207,30,4,34,241
04/13/2002,SCK,CA,AWP,WE,Towers with Radar,0,5,86,2,93,0,0,85,8,93,0,5,171,10,186,28,4,32,218
04/14/2002,SCK,CA,AWP,WE,Towers with Radar,0,2,81,2,85,0,0,68,3,71,0,2,149,5,156,42,0,42,198
04/15/2002,SCK,CA,AWP,WE,Towers with Radar,0,6,86,1,93,0,3,30,0,33,0,9,116,1,126,10,0,10,136
04/16/2002,SCK,CA,AWP,WE,Towers with Radar,0,7,109,4,120,0,0,93,0,93,0,7,202,4,213,24,2,26,239
04/17/2002,SCK,CA,AWP,WE,Towers with Radar,0,3,95,0,98,0,0,60,0,60,0,3,155,0,158,36,0,36,194
04/18/2002,SCK,CA,AWP,WE,Towers with Radar,0,2,108,4,114,0,0,111,18,129,0,2,219,22,243,68,0,68,311
04/19/2002,SCK,CA,AWP,WE,Towers with Radar,0,5,81,3,89,0,1,78,2,81,0,6,159,5,170,76,0,76,246
04/20/2002,SCK,CA,AWP,WE,Towers with Radar,0,3,78,3,84,0,0,85,9,94,0,3,163,12,178,40,3,43,221
04/21/2002,SCK,CA,AWP,WE,Towers with Radar,0,4,71,1,76,0,1,117,0,118,0,5,188,1,194,48,0,48,242
04/22/2002,SCK,CA,AWP,WE,Towers with Radar,0,4,93,3,100,0,0,66,3,69,0,4,159,6,169,6,0,6,175
04/23/2002,SCK,CA,AWP,WE,Towers with Radar,0,6,90,1,97,0,2,113,0,115,0,8,203,1,212,26,0,26,238
04/24/2002,SCK,CA,AWP,WE,Towers with Radar,0,2,104,4,110,0,0,81,6,87,0,2,185,10,197,18,1,19,216
04/25/2002,SCK,CA,AWP,WE,Towers with Radar,0,4,119,4,127,0,0,81,0,81,0,4,200,4,208,8,0,8,216
04/26/2002,SCK,CA,AWP,WE,Towers with Radar,0,5,124,4,133,0,0,39,18,57,0,5,163,22,190,24,0,24,214
04/27/2002,SCK,CA,AWP,WE,Towers with Radar,0,2,75,3,80,0,0,120,0,120,0,2,195,3,200,20,0,20,220
04/28/2002,SCK,CA,AWP,WE,Towers with Radar,0,3,78,3,84,0,0,103,4,107,0,3,181,7,191,20,0,20,211
04/29/2002,SCK,CA,AWP,WE,Towers with Radar,0,7,112,4,123,0,1,5,6,12,0,8,117,10,135,16,6,22,157
04/30/2002,SCK,CA,AWP,WE,Towers with Radar,0,8,116,4,128,0,8,63,0,71,0,16,179,4,199,16,0,16,215
05/01/2002,SCK,CA,AWP,WE,Towers with Radar,0,3,118,5,126,0,0,83,2,85,0,3,201,7,211,60,6,66,277
05/02/2002,SCK,CA,AWP,WE,Towers with Radar,0,2,108,5,115,0,0,141,8,149,0,2,249,13,264,80,0,80,344
05/03/2002,SCK,CA,AWP,WE,Towers with Radar,0,7,98,4,109,0,4,119,16,139,0,11,217,20,248,54,6,60,308
05/04/2002,SCK,CA,AWP,WE,Towers with Radar,0,0,78,1,79,0,0,62,0,62,0,0,140,1,141,30,0,30,171
05/05/2002,SCK,CA,AWP,WE,Towers with Radar,0,2,77,2,81,0,0,106,20,126,0,2,183,22,207,58,1,59,266
05/06/2002,SCK,CA,AWP,WE,Towers with Radar,0,2,95,3,100,0,0,94,8,102,0,2,189,11,202,84,0,84,286
05/07/2002,SCK,CA,AWP,WE,Towers with Radar,0,6,109,1,116,0,0,78,0,78,0,6,187,1,194,46,0,46,240
05/08/2002,SCK,CA,AWP,WE,Towers with Radar,0,4,104,3,111,0,0,154,1,155,0,4,258,4,266,30,0,30,296
05/09/2002,SCK,CA,AWP,WE,Towers with Radar,0,1,108,3,112,0,0,165,23,188,0,1,273,26,300,0,38,38,338
05/10/2002,SCK,CA,AWP,WE,Towers with Radar,0,2,96,3,101,0,0,101,6,107,0,2,197,9,208,16,0,16,224
05/11/2002,SCK,CA,AWP,WE,Towers with Radar,0,2,66,0,68,0,0,156,0,156,0,2,222,0,224,4,0,4,228
05/12/2002,SCK,CA,AWP,WE,Towers with Radar,0,2,60,0,62,1,0,50,0,51,1,2,110,0,113,10,0,10,123
05/13/2002,SCK,CA,AWP,WE,Towers with Radar,0,1,101,3,105,1,0,87,6,94,1,1,188,9,199,12,0,12,211
05/14/2002,SCK,CA,AWP,WE,Towers with Radar,0,7,99,3,109,0,0,150,0,150,0,7,249,3,259,62,0,62,321
05/15/2002,SCK,CA,AWP,WE,Towers with Radar,0,2,121,4,127,0,0,138,14,152,0,2,259,18,279,44,0,44,323
05/16/2002,SCK,CA,AWP,WE,Towers with Radar,0,2,107,3,112,0,0,169,3,172,0,2,276,6,284,48,0,48,332
05/17/2002,SCK,CA,AWP,WE,Towers with Radar,0,9,106,3,118,0,3,191,13,207,0,12,297,16,325,38,2,40,365
05/18/2002,SCK,CA,AWP,WE,Towers with Radar,0,3,67,1,71,0,0,109,0,109,0,3,176,1,180,22,0,22,202
05/19/2002,SCK,CA,AWP,WE,Towers with Radar,0,3,104,0,107,0,0,54,0,54,0,3,158,0,161,14,0,14,175
05/20/2002,SCK,CA,AWP,WE,Towers with Radar,0,6,51,2,59,0,6,0,0,6,0,12,51,2,65,10,0,10,75
05/21/2002,SCK,CA,AWP,WE,Towers with Radar,0,6,120,5,131,0,0,46,22,68,0,6,166,27,199,8,2,10,209
05/22/2002,SCK,CA,AWP,WE,Towers with Radar,0,8,114,5,127,0,1,108,3,112,0,9,222,8,239,28,0,28,267
05/23/2002,SCK,CA,AWP,WE,Towers with Radar,0,3,108,3,114,0,0,226,0,226,0,3,334,3,340,82,1,83,423
05/24/2002,SCK,CA,AWP,WE,Towers with Radar,0,0,92,0,92,0,0,67,0,67,0,0,159,0,159,68,0,68,227
05/25/2002,SCK,CA,AWP,WE,Towers with Radar,0,4,84,0,88,0,0,71,0,71,0,4,155,0,159,78,0,78,237
05/26/2002,SCK,CA,AWP,WE,Towers with Radar,0,2,63,2,67,0,0,93,0,93,0,2,156,2,160,56,0,56,216
05/27/2002,SCK,CA,AWP,WE,Towers with Radar,0,5,71,3,79,0,0,31,4,35,0,5,102,7,114,54,0,54,168
05/28/2002,SCK,CA,AWP,WE,Towers with Radar,0,3,101,4,108,0,0,65,5,70,0,3,166,9,178,34,0,34,212
05/29/2002,SCK,CA,AWP,WE,Towers with Radar,0,3,92,4,99,0,0,153,4,157,0,3,245,8,256,74,2,76,332
05/30/2002,SCK,CA,AWP,WE,Towers with Radar,0,6,82,3,91,0,1,92,1,94,0,7,174,4,185,100,0,100,285
05/31/2002,SCK,CA,AWP,WE,Towers with Radar,0,3,90,4,97,0,0,125,11,136,0,3,215,15,233,50,4,54,287
06/01/2002,SCK,CA,AWP,WE,Towers with Radar,0,3,42,2,47,0,0,106,4,110,0,3,148,6,157,58,0,58,215
06/02/2002,SCK,CA,AWP,WE,Towers with Radar,0,2,49,2,53,0,0,91,1,92,0,2,140,3,145,75,2,77,222
06/03/2002,SCK,CA,AWP,WE,Towers with Radar,0,3,66,3,72,0,0,70,4,74,0,3,136,7,146,22,0,22,168
06/04/2002,SCK,CA,AWP,WE,Towers with Radar,0,4,69,3,76,0,0,78,15,93,0,4,147,18,169,28,0,28,197
06/05/2002,SCK,CA,AWP,WE,Towers with Radar,0,5,67,3,75,0,0,118,1,119,0,5,185,4,194,32,13,45,239
06/06/2002,SCK,CA,AWP,WE,Towers with Radar,0,3,70,3,76,0,0,156,12,168,0,3,226,15,244,116,10,126,370
06/07/2002,SCK,CA,AWP,WE,Towers with Radar,0,2,68,3,73,0,0,134,6,140,0,2,202,9,213,40,12,52,265
06/08/2002,SCK,CA,AWP,WE,Towers with Radar,0,3,44,0,47,0,0,117,0,117,0,3,161,0,164,38,4,42,206
06/09/2002,SCK,CA,AWP,WE,Towers with Radar,0,1,47,0,48,0,0,43,0,43,0,1,90,0,91,22,0,22,113
06/10/2002,SCK,CA,AWP,WE,Towers with Radar,0,3,61,2,66,0,0,68,16,84,0,3,129,18,150,26,2,28,178
06/11/2002,SCK,CA,AWP,WE,Towers with Radar,0,3,70,2,75,0,0,92,3,95,0,3,162,5,170,66,1,67,237
06/12/2002,SCK,CA,AWP,WE,Towers with Radar,0,5,81,3,89,0,0,127,2,129,0,5,208,5,218,55,0,55,273
06/13/2002,SCK,CA,AWP,WE,Towers with Radar,0,4,89,3,96,0,0,137,5,142,0,4,226,8,238,62,0,62,300
06/14/2002,SCK,CA,AWP,WE,Towers with Radar,0,8,73,2,83,0,10,120,16,146,0,18,193,18,229,134,0,134,363
06/15/2002,SCK,CA,AWP,WE,Towers with Radar,0,3,49,1,53,0,0,139,1,140,0,3,188,2,193,72,2,74,267
06/16/2002,SCK,CA,AWP,WE,Towers with Radar,0,6,52,0,58,0,0,96,0,96,0,6,148,0,154,34,0,34,188
06/17/2002,SCK,CA,AWP,WE,Towers with Radar,0,2,80,2,84,0,0,55,0,55,0,2,135,2,139,34,0,34,173
06/18/2002,SCK,CA,AWP,WE,Towers with Radar,0,8,70,2,80,0,0,110,2,112,0,8,180,4,192,30,18,48,240
06/19/2002,SCK,CA,AWP,WE,Towers with Radar,0,5,66,2,73,0,0,143,1,144,0,5,209,3,217,102,0,102,319
06/20/2002,SCK,CA,AWP,WE,Towers with Radar,0,3,62,2,67,0,0,157,6,163,0,3,219,8,230,104,0,104,334
06/21/2002,SCK,CA,AWP,WE,Towers with Radar,0,2,76,2,80,0,0,108,7,115,0,2,184,9,195,20,0,20,215
06/22/2002,SCK,CA,AWP,WE,Towers with Radar,0,3,60,3,66,0,0,104,6,110,0,3,164,9,176,26,0,26,202
06/23/2002,SCK,CA,AWP,WE,Towers with Radar,0,3,54,1,58,0,0,91,0,91,0,3,145,1,149,90,0,90,239
06/24/2002,SCK,CA,AWP,WE,Towers with Radar,0,7,70,0,77,0,0,102,0,102,0,7,172,0,179,78,0,78,257
06/25/2002,SCK,CA,AWP,WE,Towers with Radar,0,6,78,4,88,0,0,50,3,53,0,6,128,7,141,12,0,12,153
06/26/2002,SCK,CA,AWP,WE,Towers with Radar,0,2,72,3,77,0,0,104,1,105,0,2,176,4,182,18,2,20,202
06/27/2002,SCK,CA,AWP,WE,Towers with Radar,0,5,68,3,76,0,0,119,7,126,0,5,187,10,202,67,0,67,269
06/28/2002,SCK,CA,AWP,WE,Towers with Radar,0,2,73,2,77,0,0,65,0,65,0,2,138,2,142,40,0,40,182
06/29/2002,SCK,CA,AWP,WE,Towers with Radar,0,1,53,0,54,0,0,86,0,86,0,1,139,0,140,44,0,44,184
06/30/2002,SCK,CA,AWP,WE,Towers with Radar,0,4,53,1,58,0,0,60,0,60,0,4,113,1,118,96,0,96,214
07/01/2002,SCK,CA,AWP,WE,Towers with Radar,0,3,48,2,53,0,0,45,6,51,0,3,93,8,104,10,2,12,116
07/02/2002,SCK,CA,AWP,WE,Towers with Radar,0,3,47,0,50,0,0,72,0,72,0,3,119,0,122,41,0,41,163
07/03/2002,SCK,CA,AWP,WE,Towers with Radar,0,1,55,1,57,0,0,101,0,101,0,1,156,1,158,70,0,70,228
07/04/2002,SCK,CA,AWP,WE,Towers with Radar,0,1,27,0,28,0,0,85,0,85,0,1,112,0,113,60,0,60,173
07/05/2002,SCK,CA,AWP,WE,Towers with Radar,0,2,40,0,42,0,0,86,0,86,0,2,126,0,128,24,0,24,152
07/06/2002,SCK,CA,AWP,WE,Towers with Radar,0,3,34,0,37,0,0,137,0,137,0,3,171,0,174,14,0,14,188
07/07/2002,SCK,CA,AWP,WE,Towers with Radar,0,3,44,0,47,0,0,100,0,100,0,3,144,0,147,44,0,44,191
07/08/2002,SCK,CA,AWP,WE,Towers with Radar,0,5,45,0,50,0,0,91,0,91,0,5,136,0,141,2,0,2,143
07/09/2002,SCK,CA,AWP,WE,Towers with Radar,0,5,49,2,56,0,0,39,13,52,0,5,88,15,108,34,0,34,142
07/10/2002,SCK,CA,AWP,WE,Towers with Radar,0,3,53,2,58,0,0,125,3,128,0,3,178,5,186,80,0,80,266
07/11/2002,SCK,CA,AWP,WE,Towers with Radar,0,3,47,1,51,0,0,65,1,66,0,3,112,2,117,32,2,34,151
07/12/2002,SCK,CA,AWP,WE,Towers with Radar,0,3,54,1,58,0,0,116,3,119,0,3,170,4,177,34,1,35,212
07/13/2002,SCK,CA,AWP,WE,Towers with Radar,0,6,42,0,48,0,0,88,0,88,0,6,130,0,136,30,0,30,166
07/14/2002,SCK,CA,AWP,WE,Towers with Radar,0,6,44,1,51,0,2,57,10,69,0,8,101,11,120,50,0,50,170
07/15/2002,SCK,CA,AWP,WE,Towers with Radar,0,4,56,1,61,0,0,70,4,74,0,4,126,5,135,34,0,34,169
07/16/2002,SCK,CA,AWP,WE,Towers with Radar,0,6,69,2,77,0,0,92,18,110,0,6,161,20,187,48,3,51,238
07/17/2002,SCK,CA,AWP,WE,Towers with Radar,0,5,66,2,73,0,0,135,0,135,0,5,201,2,208,30,0,30,238
07/18/2002,SCK,CA,AWP,WE,Towers with Radar,0,6,62,2,70,0,0,140,5,145,0,6,202,7,215,78,2,80,295
07/19/2002,SCK,CA,AWP,WE,Towers with Radar,0,7,53,0,60,0,0,139,0,139,0,7,192,0,199,44,2,46,245
07/20/2002,SCK,CA,AWP,WE,Towers with Radar,0,3,43,1,47,0,0,88,4,92,0,3,131,5,139,52,0,52,191
07/21/2002,SCK,CA,AWP,WE,Towers with Radar,0,2,43,1,46,0,0,53,6,59,0,2,96,7,105,22,0,22,127
07/22/2002,SCK,CA,AWP,WE,Towers with Radar,0,4,55,1,60,0,0,94,8,102,0,4,149,9,162,14,0,14,176
07/23/2002,SCK,CA,AWP,WE,Towers with Radar,0,2,57,2,61,0,0,104,1,105,0,2,161,3,166,50,2,52,218
07/24/2002,SCK,CA,AWP,WE,Towers with Radar,0,4,50,2,56,0,0,133,0,133,0,4,183,2,189,66,0,66,255
07/25/2002,SCK,CA,AWP,WE,Towers with Radar,0,4,65,0,69,0,0,151,0,151,0,4,216,0,220,42,0,42,262
07/26/2002,SCK,CA,AWP,WE,Towers with Radar,0,7,57,2,66,0,0,205,4,209,0,7,262,6,275,80,2,82,357
07/27/2002,SCK,CA,AWP,WE,Towers with Radar,0,4,38,2,44,0,2,137,3,142,0,6,175,5,186,98,0,98,284
07/28/2002,SCK,CA,AWP,WE,Towers with Radar,0,3,43,2,48,0,0,79,0,79,0,3,122,2,127,42,10,52,179
07/29/2002,SCK,CA,AWP,WE,Towers with Radar,0,3,62,2,67,0,0,87,0,87,0,3,149,2,154,2,2,4,158
07/30/2002,SCK,CA,AWP,WE,Towers with Radar,0,3,71,3,77,0,0,115,5,120,0,3,186,8,197,28,8,36,233
07/31/2002,SCK,CA,AWP,WE,Towers with Radar,0,3,53,2,58,0,0,151,0,151,0,3,204,2,209,102,0,102,311
08/01/2002,SCK,CA,AWP,WE,Towers with Radar,0,2,76,2,80,0,0,139,0,139,0,2,215,2,219,42,0,42,261
08/02/2002,SCK,CA,AWP,WE,Towers with Radar,0,3,66,2,71,0,0,91,5,96,0,3,157,7,167,81,0,81,248
08/03/2002,SCK,CA,AWP,WE,Towers with Radar,0,3,40,0,43,0,0,124,20,144,0,3,164,20,187,122,0,122,309
08/04/2002,SCK,CA,AWP,WE,Towers with Radar,0,4,47,1,52,0,0,124,7,131,0,4,171,8,183,112,0,112,295
08/05/2002,SCK,CA,AWP,WE,Towers with Radar,0,7,64,1,72,0,0,119,1,120,0,7,183,2,192,44,0,44,236
08/06/2002,SCK,CA,AWP,WE,Towers with Radar,0,7,57,0,64,0,3,98,0,101,0,10,155,0,165,92,0,92,257
08/07/2002,SCK,CA,AWP,WE,Towers with Radar,0,5,62,1,68,0,0,118,1,119,0,5,180,2,187,96,0,96,283
08/08/2002,SCK,CA,AWP,WE,Towers with Radar,0,2,55,1,58,0,0,165,0,165,0,2,220,1,223,132,0,132,355
08/09/2002,SCK,CA,AWP,WE,Towers with Radar,0,6,56,0,62,0,1,133,0,134,0,7,189,0,196,36,0,36,232
08/10/2002,SCK,CA,AWP,WE,Towers with Radar,0,4,40,0,44,0,0,73,1,74,0,4,113,1,118,18,0,18,136
08/11/2002,SCK,CA,AWP,WE,Towers with Radar,0,2,44,0,46,0,0,53,1,54,0,2,97,1,100,34,0,34,134
08/12/2002,SCK,CA,AWP,WE,Towers with Radar,0,3,52,1,56,0,0,64,1,65,0,3,116,2,121,28,0,28,149
08/13/2002,SCK,CA,AWP,WE,Towers with Radar,0,0,64,1,65,0,0,25,0,25,0,0,89,1,90,42,0,42,132
08/14/2002,SCK,CA,AWP,WE,Towers with Radar,0,1,65,1,67,0,0,66,11,77,0,1,131,12,144,14,0,14,158
08/15/2002,SCK,CA,AWP,WE,Towers with Radar,0,2,60,1,63,0,0,91,1,92,0,2,151,2,155,40,0,40,195
08/16/2002,SCK,CA,AWP,WE,Towers with Radar,0,1,65,1,67,0,0,131,2,133,0,1,196,3,200,84,0,84,284
08/17/2002,SCK,CA,AWP,WE,Towers with Radar,0,2,43,0,45,0,0,49,0,49,0,2,92,0,94,76,0,76,170
08/18/2002,SCK,CA,AWP,WE,Towers with Radar,0,5,51,0,56,0,0,86,0,86,0,5,137,0,142,70,0,70,212
08/19/2002,SCK,CA,AWP,WE,Towers with Radar,0,2,65,0,67,0,0,45,0,45,0,2,110,0,112,28,0,28,140
08/20/2002,SCK,CA,AWP,WE,Towers with Radar,0,2,57,2,61,0,0,96,5,101,0,2,153,7,162,44,10,54,216
08/21/2002,SCK,CA,AWP,WE,Towers with Radar,0,3,79,2,84,0,0,106,11,117,0,3,185,13,201,51,14,65,266
08/22/2002,SCK,CA,AWP,WE,Towers with Radar,0,6,69,2,77,0,0,123,7,130,0,6,192,9,207,98,18,116,323
08/23/2002,SCK,CA,AWP,WE,Towers with Radar,0,7,67,2,76,0,2,96,11,109,0,9,163,13,185,20,0,20,205
08/24/2002,SCK,CA,AWP,WE,Towers with Radar,0,3,46,1,50,0,0,137,9,146,0,3,183,10,196,92,0,92,288
08/25/2002,SCK,CA,AWP,WE,Towers with Radar,0,0,49,1,50,0,0,107,0,107,0,0,156,1,157,54,0,54,211
08/26/2002,SCK,CA,AWP,WE,Towers with Radar,0,5,56,2,63,0,2,67,0,69,0,7,123,2,132,20,4,24,156
08/27/2002,SCK,CA,AWP,WE,Towers with Radar,0,7,70,2,79,0,2,82,2,86,0,9,152,4,165,108,0,108,273
08/28/2002,SCK,CA,AWP,WE,Towers with Radar,0,3,69,2,74,0,0,155,5,160,0,3,224,7,234,82,2,84,318
08/29/2002,SCK,CA,AWP,WE,Towers with Radar,0,4,58,2,64,0,0,160,2,162,0,4,218,4,226,90,0,90,316
08/30/2002,SCK,CA,AWP,WE,Towers with Radar,0,3,69,2,74,0,0,183,3,186,0,3,252,5,260,122,0,122,382
08/31/2002,SCK,CA,AWP,WE,Towers with Radar,0,4,42,0,46,0,0,131,0,131,0,4,173,0,177,140,0,140,317
09/01/2002,SCK,CA,AWP,WE,Towers with Radar,0,3,34,0,37,0,1,74,0,75,0,4,108,0,112,96,0,96,208
09/02/2002,SCK,CA,AWP,WE,Towers with Radar,0,3,48,0,51,0,0,52,0,52,0,3,100,0,103,48,0,48,151
09/03/2002,SCK,CA,AWP,WE,Towers with Radar,0,4,48,1,53,0,0,35,10,45,0,4,83,11,98,30,0,30,128
09/04/2002,SCK,CA,AWP,WE,Towers with Radar,0,3,63,0,66,0,0,100,0,100,0,3,163,0,166,88,0,88,254
09/05/2002,SCK,CA,AWP,WE,Towers with Radar,0,4,62,1,67,0,0,123,2,125,0,4,185,3,192,64,4,68,260
09/06/2002,SCK,CA,AWP,WE,Towers with Radar,0,5,62,1,68,0,0,98,5,103,0,5,160,6,171,86,0,86,257
09/07/2002,SCK,CA,AWP,WE,Towers with Radar,0,3,47,1,51,0,0,52,0,52,0,3,99,1,103,58,0,58,161
09/08/2002,SCK,CA,AWP,WE,Towers with Radar,0,3,51,1,55,0,0,108,10,118,0,3,159,11,173,40,0,40,213
09/09/2002,SCK,CA,AWP,WE,Towers with Radar,0,3,60,0,63,0,0,40,0,40,0,3,100,0,103,24,0,24,127
09/10/2002,SCK,CA,AWP,WE,Towers with Radar,0,2,77,2,81,0,0,95,2,97,0,2,172,4,178,64,4,68,246
09/11/2002,SCK,CA,AWP,WE,Towers with Radar,0,1,64,1,66,0,0,84,19,103,0,1,148,20,169,74,0,74,243
09/12/2002,SCK,CA,AWP,WE,Towers with Radar,0,2,80,2,84,0,0,70,0,70,0,2,150,2,154,86,2,88,242
09/13/2002,SCK,CA,AWP,WE,Towers with Radar,0,3,66,1,70,0,0,95,2,97,0,3,161,3,167,28,0,28,195
09/14/2002,SCK,CA,AWP,WE,Towers with Radar,0,4,44,0,48,0,1,80,0,81,0,5,124,0,129,4,0,4,133
09/15/2002,SCK,CA,AWP,WE,Towers with Radar,0,3,49,1,53,0,0,28,0,28,0,3,77,1,81,16,0,16,97
09/16/2002,SCK,CA,AWP,WE,Towers with Radar,0,2,67,2,71,0,0,35,2,37,0,2,102,4,108,14,0,14,122
09/17/2002,SCK,CA,AWP,WE,Towers with Radar,0,2,64,2,68,0,0,91,0,91,0,2,155,2,159,44,0,44,203
09/18/2002,SCK,CA,AWP,WE,Towers with Radar,0,3,83,3,89,0,0,103,3,106,0,3,186,6,195,14,3,17,212
09/19/2002,SCK,CA,AWP,WE,Towers with Radar,0,1,63,2,66,0,0,114,1,115,0,1,177,3,181,50,0,50,231
09/20/2002,SCK,CA,AWP,WE,Towers with Radar,0,5,57,2,64,0,1,110,5,116,0,6,167,7,180,52,8,60,240
09/21/2002,SCK,CA,AWP,WE,Towers with Radar,0,2,42,2,46,0,0,62,1,63,0,2,104,3,109,120,0,120,229
09/22/2002,SCK,CA,AWP,WE,Towers with Radar,0,2,49,2,53,0,0,83,1,84,0,2,132,3,137,64,0,64,201
09/23/2002,SCK,CA,AWP,WE,Towers with Radar,0,5,61,0,66,0,0,77,0,77,0,5,138,0,143,22,0,22,165
09/24/2002,SCK,CA,AWP,WE,Towers with Radar,0,2,64,2,68,0,0,23,0,23,0,2,87,2,91,40,2,42,133
09/25/2002,SCK,CA,AWP,WE,Towers with Radar,0,4,62,2,68,0,0,84,0,84,0,4,146,2,152,80,6,86,238
09/26/2002,SCK,CA,AWP,WE,Towers with Radar,0,6,68,3,77,0,0,89,14,103,0,6,157,17,180,90,0,90,270
09/27/2002,SCK,CA,AWP,WE,Towers with Radar,0,3,74,3,80,0,0,116,7,123,0,3,190,10,203,88,10,98,301
09/28/2002,SCK,CA,AWP,WE,Towers with Radar,0,2,67,1,70,0,0,73,0,73,0,2,140,1,143,22,0,22,165
09/29/2002,SCK,CA,AWP,WE,Towers with Radar,0,2,55,0,57,0,0,61,0,61,0,2,116,0,118,82,0,82,200
09/30/2002,SCK,CA,AWP,WE,Towers with Radar,0,1,65,2,68,0,0,65,0,65,0,1,130,2,133,22,0,22,155
10/01/2002,SCK,CA,AWP,WE,Towers with Radar,0,2,69,3,74,0,0,38,0,38,0,2,107,3,112,30,0,30,142
10/02/2002,SCK,CA,AWP,WE,Towers with Radar,0,3,46,1,50,0,0,88,5,93,0,3,134,6,143,26,4,30,173
10/03/2002,SCK,CA,AWP,WE,Towers with Radar,0,2,27,29,58,0,0,164,0,164,0,2,191,29,222,68,2,70,292
10/04/2002,SCK,CA,AWP,WE,Towers with Radar,0,1,49,0,50,0,0,117,15,132,0,1,166,15,182,62,12,74,256
10/05/2002,SCK,CA,AWP,WE,Towers with Radar,0,3,45,0,48,0,0,111,0,111,0,3,156,0,159,26,0,26,185
10/06/2002,SCK,CA,AWP,WE,Towers with Radar,0,2,50,1,53,0,0,60,0,60,0,2,110,1,113,64,0,64,177
10/07/2002,SCK,CA,AWP,WE,Towers with Radar,0,11,26,2,39,0,0,87,0,87,0,11,113,2,126,40,0,40,166
10/08/2002,SCK,CA,AWP,WE,Towers with Radar,0,7,44,0,51,0,0,60,2,62,0,7,104,2,113,30,0,30,143
10/09/2002,SCK,CA,AWP,WE,Towers with Radar,0,1,68,2,71,0,0,121,5,126,0,1,189,7,197,36,0,36,233
10/10/2002,SCK,CA,AWP,WE,Towers with Radar,0,2,58,1,61,0,0,103,4,107,0,2,161,5,168,76,2,78,246
10/11/2002,SCK,CA,AWP,WE,Towers with Radar,0,3,73,3,79,0,0,124,1,125,0,3,197,4,204,75,0,75,279
10/12/2002,SCK,CA,AWP,WE,Towers with Radar,0,2,68,0,70,0,0,106,0,106,0,2,174,0,176,2,0,2,178
10/13/2002,SCK,CA,AWP,WE,Towers with Radar,0,2,48,0,50,0,0,46,0,46,0,2,94,0,96,54,0,54,150
10/14/2002,SCK,CA,AWP,WE,Towers with Radar,0,5,50,0,55,0,1,41,0,42,0,6,91,0,97,34,0,34,131
10/15/2002,SCK,CA,AWP,WE,Towers with Radar,0,6,110,6,122,0,0,45,0,45,0,6,155,6,167,4,0,4,171
10/16/2002,SCK,CA,AWP,WE,Towers with Radar,0,2,84,0,86,0,0,79,1,80,0,2,163,1,166,42,2,44,210
10/17/2002,SCK,CA,AWP,WE,Towers with Radar,0,3,59,2,64,0,0,136,2,138,0,3,195,4,202,108,0,108,310
10/18/2002,SCK,CA,AWP,WE,Towers with Radar,0,6,73,2,81,0,0,140,0,140,0,6,213,2,221,27,14,41,262
10/19/2002,SCK,CA,AWP,WE,Towers with Radar,0,0,47,0,47,0,0,69,0,69,0,0,116,0,116,14,0,14,130
10/20/2002,SCK,CA,AWP,WE,Towers with Radar,0,7,58,0,65,0,0,81,0,81,0,7,139,0,146,62,6,68,214
10/21/2002,SCK,CA,AWP,WE,Towers with Radar,0,3,62,0,65,0,0,67,3,70,0,3,129,3,135,24,8,32,167
10/22/2002,SCK,CA,AWP,WE,Towers with Radar,0,2,77,4,83,0,0,51,0,51,0,2,128,4,134,30,6,36,170
10/23/2002,SCK,CA,AWP,WE,Towers with Radar,0,3,84,0,87,0,0,31,0,31,0,3,115,0,118,24,0,24,142
10/24/2002,SCK,CA,AWP,WE,Towers with Radar,0,3,50,0,53,0,0,79,0,79,0,3,129,0,132,81,0,81,213
10/25/2002,SCK,CA,AWP,WE,Towers with Radar,0,3,63,0,66,0,0,79,0,79,0,3,142,0,145,66,0,66,211
10/26/2002,SCK,CA,AWP,WE,Towers with Radar,0,2,32,0,34,0,0,82,0,82,0,2,114,0,116,18,0,18,134
10/27/2002,SCK,CA,AWP,WE,Towers with Radar,0,0,65,0,65,0,0,51,1,52,0,0,116,1,117,84,0,84,201
10/28/2002,SCK,CA,AWP,WE,Towers with Radar,0,3,43,0,46,0,0,69,0,69,0,3,112,0,115,50,0,50,165
10/29/2002,SCK,CA,AWP,WE,Towers with Radar,0,1,86,0,87,0,0,84,0,84,0,1,170,0,171,48,0,48,219
10/30/2002,SCK,CA,AWP,WE,Towers with Radar,0,1,61,1,63,0,0,124,0,124,0,1,185,1,187,56,0,56,243
10/31/2002,SCK,CA,AWP,WE,Towers with Radar,0,2,51,7,60,0,0,90,5,95,0,2,141,12,155,68,0,68,223
11/01/2002,SCK,CA,AWP,WE,Towers with Radar,0,2,46,1,49,0,0,131,6,137,0,2,177,7,186,100,0,100,286
11/02/2002,SCK,CA,AWP,WE,Towers with Radar,0,2,59,1,62,0,1,71,0,72,0,3,130,1,134,116,0,116,250
11/03/2002,SCK,CA,AWP,WE,Towers with Radar,0,2,53,0,55,0,0,71,8,79,0,2,124,8,134,86,0,86,220
11/04/2002,SCK,CA,AWP,WE,Towers with Radar,0,5,53,2,60,0,0,76,4,80,0,5,129,6,140,64,0,64,204
11/05/2002,SCK,CA,AWP,WE,Towers with Radar,0,2,60,2,64,0,0,100,0,100,0,2,160,2,164,58,0,58,222
11/06/2002,SCK,CA,AWP,WE,Towers with Radar,0,3,72,0,75,0,0,43,5,48,0,3,115,5,123,52,0,52,175
11/07/2002,SCK,CA,AWP,WE,Towers with Radar,0,3,58,0,61,0,0,1,0,1,0,3,59,0,62,1,2,3,65
11/08/2002,SCK,CA,AWP,WE,Towers with Radar,0,8,16,1,25,0,1,37,0,38,0,9,53,1,63,0,0,0,63
11/09/2002,SCK,CA,AWP,WE,Towers with Radar,0,3,91,0,94,0,0,10,0,10,0,3,101,0,104,10,0,10,114
11/10/2002,SCK,CA,AWP,WE,Towers with Radar,0,2,72,0,74,0,0,40,0,40,0,2,112,0,114,139,0,139,253
11/11/2002,SCK,CA,AWP,WE,Towers with Radar,0,1,53,0,54,0,0,71,0,71,0,1,124,0,125,30,0,30,155
11/12/2002,SCK,CA,AWP,WE,Towers with Radar,0,3,53,4,60,0,0,67,0,67,0,3,120,4,127,64,6,70,197
11/13/2002,SCK,CA,AWP,WE,Towers with Radar,0,3,75,2,80,0,0,88,0,88,0,3,163,2,168,92,2,94,262
11/14/2002,SCK,CA,AWP,WE,Towers with Radar,0,4,70,11,85,0,0,94,0,94,0,4,164,11,179,55,4,59,238
11/15/2002,SCK,CA,AWP,WE,Towers with Radar,0,2,69,0,71,0,0,51,0,51,0,2,120,0,122,0,0,0,122
11/16/2002,SCK,CA,AWP,WE,Towers with Radar,0,3,66,5,74,0,0,27,0,27,0,3,93,5,101,36,0,36,137
11/17/2002,SCK,CA,AWP,WE,Towers with Radar,0,3,112,0,115,0,0,37,0,37,0,3,149,0,152,27,0,27,179
11/18/2002,SCK,CA,AWP,WE,Towers with Radar,0,7,44,3,54,0,0,66,0,66,0,7,110,3,120,17,2,19,139
11/19/2002,SCK,CA,AWP,WE,Towers with Radar,0,1,63,1,65,0,0,76,14,90,0,1,139,15,155,53,4,57,212
11/20/2002,SCK,CA,AWP,WE,Towers with Radar,0,1,57,4,62,0,0,32,2,34,0,1,89,6,96,0,0,0,96
11/21/2002,SCK,CA,AWP,WE,Towers with Radar,0,3,62,0,65,0,0,79,0,79,0,3,141,0,144,42,0,42,186
11/22/2002,SCK,CA,AWP,WE,Towers with Radar,0,5,62,4,71,0,0,92,2,94,0,5,154,6,165,32,0,32,197
11/23/2002,SCK,CA,AWP,WE,Towers with Radar,0,4,52,0,56,0,0,48,0,48,0,4,100,0,104,64,0,64,168
11/24/2002,SCK,CA,AWP,WE,Towers with Radar,0,0,92,0,92,0,0,20,0,20,0,0,112,0,112,84,0,84,196
11/25/2002,SCK,CA,AWP,WE,Towers with Radar,0,2,58,1,61,0,0,53,0,53,0,2,111,1,114,38,0,38,152
11/26/2002,SCK,CA,AWP,WE,Towers with Radar,0,3,68,3,74,0,0,64,22,86,0,3,132,25,160,50,7,57,217
11/27/2002,SCK,CA,AWP,WE,Towers with Radar,0,1,65,0,66,0,0,120,0,120,0,1,185,0,186,62,0,62,248
11/28/2002,SCK,CA,AWP,WE,Towers with Radar,0,1,23,0,24,0,0,85,0,85,0,1,108,0,109,0,0,0,109
11/29/2002,SCK,CA,AWP,WE,Towers with Radar,0,0,42,0,42,0,0,27,0,27,0,0,69,0,69,17,2,19,88
11/30/2002,SCK,CA,AWP,WE,Towers with Radar,0,3,55,0,58,0,0,40,0,40,0,3,95,0,98,0,0,0,98
12/01/2002,SCK,CA,AWP,WE,Towers with Radar,0,5,59,0,64,0,0,69,0,69,0,5,128,0,133,100,0,100,233
12/02/2002,SCK,CA,AWP,WE,Towers with Radar,0,3,61,2,66,0,0,78,0,78,0,3,139,2,144,30,0,30,174
12/03/2002,SCK,CA,AWP,WE,Towers with Radar,0,5,74,3,82,0,0,83,1,84,0,5,157,4,166,13,2,15,181
12/04/2002,SCK,CA,AWP,WE,Towers with Radar,0,3,73,3,79,0,0,86,1,87,0,3,159,4,166,41,5,46,212
12/05/2002,SCK,CA,AWP,WE,Towers with Radar,0,2,51,2,55,0,0,60,7,67,0,2,111,9,122,18,0,18,140
12/06/2002,SCK,CA,AWP,WE,Towers with Radar,0,2,81,4,87,0,0,35,0,35,0,2,116,4,122,12,0,12,134
12/07/2002,SCK,CA,AWP,WE,Towers with Radar,0,3,47,1,51,0,0,49,5,54,0,3,96,6,105,31,0,31,136
12/08/2002,SCK,CA,AWP,WE,Towers with Radar,0,3,51,0,54,0,0,37,0,37,0,3,88,0,91,70,0,70,161
12/09/2002,SCK,CA,AWP,WE,Towers with Radar,0,6,88,0,94,0,0,8,0,8,0,6,96,0,102,6,0,6,108
12/10/2002,SCK,CA,AWP,WE,Towers with Radar,0,3,81,3,87,0,0,25,2,27,0,3,106,5,114,22,0,22,136
12/11/2002,SCK,CA,AWP,WE,Towers with Radar,0,7,47,2,56,0,0,0,5,5,0,7,47,7,61,10,0,10,71
12/12/2002,SCK,CA,AWP,WE,Towers with Radar,0,2,71,0,73,0,0,18,0,18,0,2,89,0,91,0,2,2,93
12/13/2002,SCK,CA,AWP,WE,Towers with Radar,0,2,51,1,54,0,0,0,0,0,0,2,51,1,54,0,2,2,56
12/14/2002,SCK,CA,AWP,WE,Towers with Radar,0,3,31,0,34,0,1,3,0,4,0,4,34,0,38,6,6,12,50
12/15/2002,SCK,CA,AWP,WE,Towers with Radar,0,2,41,1,44,0,0,12,3,15,0,2,53,4,59,44,0,44,103
12/16/2002,SCK,CA,AWP,WE,Towers with Radar,0,1,49,1,51,0,0,5,0,5,0,1,54,1,56,0,8,8,64
12/17/2002,SCK,CA,AWP,WE,Towers with Radar,0,0,81,3,84,0,0,57,3,60,0,0,138,6,144,66,2,68,212
12/18/2002,SCK,CA,AWP,WE,Towers with Radar,0,2,75,2,79,0,0,249,2,251,0,2,324,4,330,120,0,120,450
12/19/2002,SCK,CA,AWP,WE,Towers with Radar,0,0,22,1,23,0,0,0,0,0,0,0,22,1,23,0,2,2,25
12/20/2002,SCK,CA,AWP,WE,Towers with Radar,0,4,58,3,65,0,0,3,2,5,0,4,61,5,70,14,10,24,94
12/21/2002,SCK,CA,AWP,WE,Towers with Radar,0,2,49,2,53,0,0,79,0,79,0,2,128,2,132,50,0,50,182
12/22/2002,SCK,CA,AWP,WE,Towers with Radar,0,2,53,0,55,0,0,109,0,109,0,2,162,0,164,62,0,62,226
12/23/2002,SCK,CA,AWP,WE,Towers with Radar,0,4,52,0,56,0,0,61,0,61,0,4,113,0,117,20,0,20,137
12/24/2002,SCK,CA,AWP,WE,Towers with Radar,0,1,51,1,53,0,0,8,0,8,0,1,59,1,61,10,0,10,71
12/25/2002,SCK,CA,AWP,WE,Towers with Radar,0,1,17,0,18,0,2,40,0,42,0,3,57,0,60,0,0,0,60
12/26/2002,SCK,CA,AWP,WE,Towers with Radar,0,2,65,3,70,0,0,38,4,42,0,2,103,7,112,60,2,62,174
12/27/2002,SCK,CA,AWP,WE,Towers with Radar,0,4,52,2,58,0,2,36,4,42,0,6,88,6,100,32,0,32,132
12/28/2002,SCK,CA,AWP,WE,Towers with Radar,0,3,40,2,45,0,1,9,2,12,0,4,49,4,57,18,0,18,75
12/29/2002,SCK,CA,AWP,WE,Towers with Radar,0,3,43,2,48,0,0,55,4,59,0,3,98,6,107,68,0,68,175
12/30/2002,SCK,CA,AWP,WE,Towers with Radar,0,0,54,3,57,0,0,46,4,50,0,0,100,7,107,72,0,72,179
12/31/2002,SCK,CA,AWP,WE,Towers with Radar,0,2,42,2,46,0,0,33,15,48,0,2,75,17,94,26,14,40,134
01/01/2003,SCK,CA,AWP,WE,Towers with Radar,0,1,39,0,40,0,0,20,0,20,0,1,59,0,60,10,0,10,70
01/02/2003,SCK,CA,AWP,WE,Towers with Radar,0,4,85,1,90,0,0,90,6,96,0,4,175,7,186,27,0,27,213
01/03/2003,SCK,CA,AWP,WE,Towers with Radar,0,5,88,1,94,0,4,47,7,58,0,9,135,8,152,27,0,27,179
01/04/2003,SCK,CA,AWP,WE,Towers with Radar,0,3,77,1,81,0,0,58,3,61,0,3,135,4,142,66,0,66,208
01/05/2003,SCK,CA,AWP,WE,Towers with Radar,0,3,71,0,74,0,0,119,12,131,0,3,190,12,205,40,0,40,245
01/06/2003,SCK,CA,AWP,WE,Towers with Radar,0,3,89,0,92,0,0,57,0,57,0,3,146,0,149,66,0,66,215
01/07/2003,SCK,CA,AWP,WE,Towers with Radar,0,2,81,1,84,0,0,17,2,19,0,2,98,3,103,24,0,24,127
01/08/2003,SCK,CA,AWP,WE,Towers with Radar,0,1,103,1,105,0,0,45,3,48,0,1,148,4,153,1,1,2,155
01/09/2003,SCK,CA,AWP,WE,Towers with Radar,0,1,104,0,105,0,0,22,0,22,0,1,126,0,127,0,2,2,129
01/10/2003,SCK,CA,AWP,WE,Towers with Radar,0,1,119,0,120,0,0,31,0,31,0,1,150,0,151,51,0,51,202
01/11/2003,SCK,CA,AWP,WE,Towers with Radar,0,3,73,1,77,0,0,76,1,77,0,3,149,2,154,8,0,8,162
01/12/2003,SCK,CA,AWP,WE,Towers with Radar,0,2,79,1,82,0,0,52,1,53,0,2,131,2,135,44,0,44,179
01/13/2003,SCK,CA,AWP,WE,Towers with Radar,0,5,88,0,93,0,0,17,0,17,0,5,105,0,110,12,2,14,124
01/14/2003,SCK,CA,AWP,WE,Towers with Radar,0,5,113,0,118,0,0,70,0,70,0,5,183,0,188,28,0,28,216
01/15/2003,SCK,CA,AWP,WE,Towers with Radar,0,3,99,0,102,0,0,123,0,123,0,3,222,0,225,50,0,50,275
01/16/2003,SCK,CA,AWP,WE,Towers with Radar,0,2,115,1,118,0,0,50,1,51,0,2,165,2,169,33,0,33,202
01/17/2003,SCK,CA,AWP,WE,Towers with Radar,0,6,92,1,99,0,1,54,0,55,0,7,146,1,154,0,0,0,154
01/18/2003,SCK,CA,AWP,WE,Towers with Radar,0,0,0,0,0,0,2,127,1,130,0,2,127,1,130,0,0,0,130
01/19/2003,SCK,CA,AWP,WE,Towers with Radar,0,3,75,0,78,0,0,22,0,22,0,3,97,0,100,0,0,0,100
01/20/2003,SCK,CA,AWP,WE,Towers with Radar,0,6,90,0,96,0,3,0,0,3,0,9,90,0,99,0,0,0,99
01/21/2003,SCK,CA,AWP,WE,Towers with Radar,0,5,147,5,157,0,0,29,0,29,0,5,176,5,186,0,0,0,186
01/22/2003,SCK,CA,AWP,WE,Towers with Radar,0,1,100,1,102,0,0,54,1,55,0,1,154,2,157,23,0,23,180
01/23/2003,SCK,CA,AWP,WE,Towers with Radar,0,5,106,0,111,0,0,67,0,67,0,5,173,0,178,0,0,0,178
01/24/2003,SCK,CA,AWP,WE,Towers with Radar,0,1,99,1,101,0,0,96,28,124,0,1,195,29,225,12,32,44,269
01/25/2003,SCK,CA,AWP,WE,Towers with Radar,0,4,117,0,121,0,0,45,0,45,0,4,162,0,166,22,0,22,188
01/26/2003,SCK,CA,AWP,WE,Towers with Radar,0,3,75,0,78,0,0,35,0,35,0,3,110,0,113,134,0,134,247
01/27/2003,SCK,CA,AWP,WE,Towers with Radar,0,5,95,2,102,0,0,66,6,72,0,5,161,8,174,24,0,24,198
01/28/2003,SCK,CA,AWP,WE,Towers with Radar,0,3,111,1,115,0,0,60,9,69,0,3,171,10,184,0,0,0,184
01/29/2003,SCK,CA,AWP,WE,Towers with Radar,0,0,173,1,174,0,0,0,0,0,0,0,173,1,174,0,0,0,174
01/30/2003,SCK,CA,AWP,WE,Towers with Radar,0,2,99,0,101,0,0,58,0,58,0,2,157,0,159,0,0,0,159
01/31/2003,SCK,CA,AWP,WE,Towers with Radar,0,1,93,0,94,0,0,50,0,50,0,1,143,0,144,0,0,0,144
02/01/2003,SCK,CA,AWP,WE,Towers with Radar,0,5,75,0,80,0,0,34,0,34,0,5,109,0,114,6,0,6,120
02/02/2003,SCK,CA,AWP,WE,Towers with Radar,0,3,44,0,47,0,0,93,0,93,0,3,137,0,140,47,0,47,187
02/03/2003,SCK,CA,AWP,WE,Towers with Radar,0,4,84,2,90,0,0,51,6,57,0,4,135,8,147,18,0,18,165
02/04/2003,SCK,CA,AWP,WE,Towers with Radar,0,2,115,1,118,0,0,37,10,47,0,2,152,11,165,14,8,22,187
02/05/2003,SCK,CA,AWP,WE,Towers with Radar,0,3,191,16,210,0,0,0,9,9,0,3,191,25,219,78,4,82,301
02/06/2003,SCK,CA,AWP,WE,Towers with Radar,0,1,89,3,93,0,0,61,1,62,0,1,150,4,155,24,0,24,179
02/07/2003,SCK,CA,AWP,WE,Towers with Radar,0,3,66,0,69,0,0,112,1,113,0,3,178,1,182,46,0,46,228
02/08/2003,SCK,CA,AWP,WE,Towers with Radar,0,0,0,0,0,0,4,148,1,153,0,4,148,1,153,54,0,54,207
02/09/2003,SCK,CA,AWP,WE,Towers with Radar,0,0,0,0,0,0,6,95,0,101,0,6,95,0,101,22,0,22,123
02/10/2003,SCK,CA,AWP,WE,Towers with Radar,0,0,0,0,0,0,5,121,0,126,0,5,121,0,126,44,0,44,170
02/11/2003,SCK,CA,AWP,WE,Towers with Radar,0,0,0,0,0,0,6,121,6,133,0,6,121,6,133,53,0,53,186
02/12/2003,SCK,CA,AWP,WE,Towers with Radar,0,0,0,0,0,0,6,70,15,91,0,6,70,15,91,0,2,2,93
02/13/2003,SCK,CA,AWP,WE,Towers with Radar,0,0,0,0,0,0,6,94,40,140,0,6,94,40,140,18,8,26,166
02/14/2003,SCK,CA,AWP,WE,Towers with Radar,0,0,0,0,0,0,3,139,2,144,0,3,139,2,144,56,0,56,200
02/15/2003,SCK,CA,AWP,WE,Towers with Radar,0,0,0,0,0,0,7,133,0,140,0,7,133,0,140,90,0,90,230
02/16/2003,SCK,CA,AWP,WE,Towers with Radar,0,0,0,0,0,0,2,60,0,62,0,2,60,0,62,14,0,14,76
02/17/2003,SCK,CA,AWP,WE,Towers with Radar,0,0,0,0,0,0,0,115,0,115,0,0,115,0,115,37,0,37,152
02/18/2003,SCK,CA,AWP,WE,Towers with Radar,0,0,0,0,0,0,2,85,0,87,0,2,85,0,87,0,0,0,87
02/19/2003,SCK,CA,AWP,WE,Towers with Radar,0,0,0,0,0,0,8,95,8,111,0,8,95,8,111,36,14,50,161
02/20/2003,SCK,CA,AWP,WE,Towers with Radar,0,0,0,0,0,0,5,181,4,190,0,5,181,4,190,48,7,55,245
02/21/2003,SCK,CA,AWP,WE,Towers with Radar,0,0,0,0,0,0,7,133,0,140,0,7,133,0,140,71,0,71,211
02/22/2003,SCK,CA,AWP,WE,Towers with Radar,0,0,0,0,0,0,5,108,0,113,0,5,108,0,113,46,0,46,159
02/23/2003,SCK,CA,AWP,WE,Towers with Radar,0,0,0,0,0,0,6,125,0,131,0,6,125,0,131,46,0,46,177
02/24/2003,SCK,CA,AWP,WE,Towers with Radar,0,0,0,0,0,0,9,79,39,127,0,9,79,39,127,14,0,14,141
02/25/2003,SCK,CA,AWP,WE,Towers with Radar,0,0,0,0,0,0,6,157,4,167,0,6,157,4,167,10,0,10,177
02/26/2003,SCK,CA,AWP,WE,Towers with Radar,0,0,0,0,0,0,5,126,7,138,0,5,126,7,138,19,2,21,159
02/27/2003,SCK,CA,AWP,WE,Towers with Radar,0,0,0,0,0,0,2,100,2,104,0,2,100,2,104,23,0,23,127
02/28/2003,SCK,CA,AWP,WE,Towers with Radar,0,0,0,0,0,0,8,158,4,170,0,8,158,4,170,56,10,66,236
03/01/2003,SCK,CA,AWP,WE,Towers with Display (VFR),0,6,65,0,71,0,1,63,0,64,0,7,128,0,135,84,0,84,219
03/02/2003,SCK,CA,AWP,WE,Towers with Display (VFR),0,4,81,0,85,0,0,47,0,47,0,4,128,0,132,32,0,32,164
03/03/2003,SCK,CA,AWP,WE,Towers with Display (VFR),0,2,68,0,70,0,0,28,0,28,0,2,96,0,98,34,0,34,132
03/04/2003,SCK,CA,AWP,WE,Towers with Display (VFR),0,5,73,0,78,0,0,94,0,94,0,5,167,0,172,36,0,36,208
03/05/2003,SCK,CA,AWP,WE,Towers with Display (VFR),0,2,69,3,74,0,0,90,1,91,0,2,159,4,165,0,12,12,177
03/06/2003,SCK,CA,AWP,WE,Towers with Display (VFR),0,5,43,2,50,0,0,102,2,104,0,5,145,4,154,47,0,47,201
03/07/2003,SCK,CA,AWP,WE,Towers with Display (VFR),0,3,68,1,72,0,0,89,0,89,0,3,157,1,161,42,0,42,203
03/08/2003,SCK,CA,AWP,WE,Towers with Display (VFR),0,4,89,0,93,0,0,63,0,63,0,4,152,0,156,92,0,92,248
03/09/2003,SCK,CA,AWP,WE,Towers with Display (VFR),0,2,50,0,52,0,0,72,0,72,0,2,122,0,124,22,0,22,146
03/10/2003,SCK,CA,AWP,WE,Towers with Display (VFR),0,5,45,2,52,0,1,56,8,65,0,6,101,10,117,68,4,72,189
03/11/2003,SCK,CA,AWP,WE,Towers with Display (VFR),0,5,71,4,80,0,0,62,0,62,0,5,133,4,142,74,2,76,218
03/12/2003,SCK,CA,AWP,WE,Towers with Display (VFR),0,5,69,3,77,0,0,83,6,89,0,5,152,9,166,33,0,33,199
03/13/2003,SCK,CA,AWP,WE,Towers with Display (VFR),0,2,47,3,52,0,0,78,1,79,0,2,125,4,131,4,0,4,135
03/14/2003,SCK,CA,AWP,WE,Towers with Display (VFR),0,2,84,5,91,0,0,0,1,1,0,2,84,6,92,0,0,0,92
03/15/2003,SCK,CA,AWP,WE,Towers with Display (VFR),0,5,53,0,58,0,0,28,0,28,0,5,81,0,86,24,0,24,110
03/16/2003,SCK,CA,AWP,WE,Towers with Display (VFR),0,5,62,0,67,0,0,25,0,25,0,5,87,0,92,26,0,26,118
03/17/2003,SCK,CA,AWP,WE,Towers with Display (VFR),0,7,85,4,96,0,0,71,0,71,0,7,156,4,167,40,0,40,207
03/18/2003,SCK,CA,AWP,WE,Towers with Display (VFR),0,5,44,2,51,0,3,70,0,73,0,8,114,2,124,26,0,26,150
03/19/2003,SCK,CA,AWP,WE,Towers with Display (VFR),0,9,96,1,106,0,0,116,0,116,0,9,212,1,222,73,2,75,297
03/20/2003,SCK,CA,AWP,WE,Towers with Display (VFR),0,7,75,3,85,0,1,112,6,119,0,8,187,9,204,28,0,28,232
03/21/2003,SCK,CA,AWP,WE,Towers with Display (VFR),0,7,65,0,72,0,2,62,0,64,0,9,127,0,136,32,0,32,168
03/22/2003,SCK,CA,AWP,WE,Towers with Display (VFR),0,5,64,0,69,0,0,62,0,62,0,5,126,0,131,10,0,10,141
03/23/2003,SCK,CA,AWP,WE,Towers with Display (VFR),0,4,70,0,74,0,0,52,0,52,0,4,122,0,126,44,0,44,170
03/24/2003,SCK,CA,AWP,WE,Towers with Display (VFR),0,4,36,0,40,0,6,65,0,71,0,10,101,0,111,22,0,22,133
03/25/2003,SCK,CA,AWP,WE,Towers with Display (VFR),0,7,66,1,74,0,1,40,0,41,0,8,106,1,115,12,0,12,127
03/26/2003,SCK,CA,AWP,WE,Towers with Display (VFR),0,4,61,2,67,0,0,69,6,75,0,4,130,8,142,40,0,40,182
03/27/2003,SCK,CA,AWP,WE,Towers with Display (VFR),0,4,62,2,68,0,0,74,6,80,0,4,136,8,148,2,0,2,150
03/28/2003,SCK,CA,AWP,WE,Towers with Display (VFR),0,5,84,2,91,0,0,61,0,61,0,5,145,2,152,24,0,24,176
03/29/2003,SCK,CA,AWP,WE,Towers with Display (VFR),0,3,32,0,35,0,6,75,0,81,0,9,107,0,116,66,0,66,182
03/30/2003,SCK,CA,AWP,WE,Towers with Display (VFR),0,1,42,0,43,0,0,75,0,75,0,1,117,0,118,44,0,44,162
03/31/2003,SCK,CA,AWP,WE,Towers with Display (VFR),0,3,37,0,40,0,0,65,0,65,0,3,102,0,105,36,0,36,141
04/01/2003,SCK,CA,AWP,WE,Towers with Display (VFR),0,9,68,7,84,0,3,36,3,42,0,12,104,10,126,38,0,38,164
04/02/2003,SCK,CA,AWP,WE,Towers with Display (VFR),0,4,51,0,55,0,0,47,0,47,0,4,98,0,102,0,0,0,102
04/03/2003,SCK,CA,AWP,WE,Towers with Display (VFR),0,4,52,0,56,0,0,92,0,92,0,4,144,0,148,71,0,71,219
04/04/2003,SCK,CA,AWP,WE,Towers with Display (VFR),0,5,45,2,52,0,1,120,0,121,0,6,165,2,173,90,0,90,263
04/05/2003,SCK,CA,AWP,WE,Towers with Display (VFR),0,5,82,2,89,0,0,115,0,115,0,5,197,2,204,6,0,6,210
04/06/2003,SCK,CA,AWP,WE,Towers with Display (VFR),0,6,54,3,63,0,0,47,0,47,0,6,101,3,110,6,0,6,116
04/07/2003,SCK,CA,AWP,WE,Towers with Display (VFR),0,5,71,7,83,0,0,116,1,117,0,5,187,8,200,62,0,62,262
04/08/2003,SCK,CA,AWP,WE,Towers with Display (VFR),0,8,77,7,92,0,0,126,1,127,0,8,203,8,219,60,0,60,279
04/09/2003,SCK,CA,AWP,WE,Towers with Display (VFR),0,3,70,5,78,0,0,102,0,102,0,3,172,5,180,41,0,41,221
04/10/2003,SCK,CA,AWP,WE,Towers with Display (VFR),0,10,77,8,95,0,0,165,2,167,0,10,242,10,262,28,0,28,290
04/11/2003,SCK,CA,AWP,WE,Towers with Display (VFR),0,8,59,1,68,0,6,109,0,115,0,14,168,1,183,120,0,120,303
04/12/2003,SCK,CA,AWP,WE,Towers with Display (VFR),0,3,22,0,25,0,3,22,0,25,0,6,44,0,50,0,0,0,50
04/13/2003,SCK,CA,AWP,WE,Towers with Display (VFR),0,3,21,0,24,0,2,21,0,23,0,5,42,0,47,18,0,18,65
04/14/2003,SCK,CA,AWP,WE,Towers with Display (VFR),0,3,53,4,60,0,0,64,0,64,0,3,117,4,124,4,7,11,135
04/15/2003,SCK,CA,AWP,WE,Towers with Display (VFR),0,5,46,0,51,0,0,76,0,76,0,5,122,0,127,70,0,70,197
04/16/2003,SCK,CA,AWP,WE,Towers with Display (VFR),0,5,79,2,86,0,0,121,0,121,0,5,200,2,207,55,8,63,270
04/17/2003,SCK,CA,AWP,WE,Towers with Display (VFR),0,6,44,2,52,0,2,74,0,76,0,8,118,2,128,14,0,14,142
04/18/2003,SCK,CA,AWP,WE,Towers with Display (VFR),0,7,52,0,59,0,2,87,0,89,0,9,139,0,148,52,0,52,200
04/19/2003,SCK,CA,AWP,WE,Towers with Display (VFR),0,6,55,4,65,0,0,104,2,106,0,6,159,6,171,85,0,85,256
04/20/2003,SCK,CA,AWP,WE,Towers with Display (VFR),0,3,39,0,42,0,0,47,0,47,0,3,86,0,89,12,0,12,101
04/21/2003,SCK,CA,AWP,WE,Towers with Display (VFR),0,6,62,5,73,0,0,41,7,48,0,6,103,12,121,6,0,6,127
04/22/2003,SCK,CA,AWP,WE,Towers with Display (VFR),0,11,85,7,103,0,11,97,3,111,0,22,182,10,214,36,0,36,250
04/23/2003,SCK,CA,AWP,WE,Towers with Display (VFR),0,8,67,6,81,0,5,94,8,107,0,13,161,14,188,48,0,48,236
04/24/2003,SCK,CA,AWP,WE,Towers with Display (VFR),0,11,83,7,101,0,10,27,1,38,0,21,110,8,139,0,0,0,139
04/25/2003,SCK,CA,AWP,WE,Towers with Display (VFR),0,8,61,5,74,0,0,58,1,59,0,8,119,6,133,24,0,24,157
04/26/2003,SCK,CA,AWP,WE,Towers with Display (VFR),0,4,47,0,51,0,0,133,0,133,0,4,180,0,184,36,0,36,220
04/27/2003,SCK,CA,AWP,WE,Towers with Display (VFR),0,3,49,1,53,0,0,74,0,74,0,3,123,1,127,30,0,30,157
04/28/2003,SCK,CA,AWP,WE,Towers with Display (VFR),0,8,64,5,77,0,5,43,7,55,0,13,107,12,132,12,2,14,146
04/29/2003,SCK,CA,AWP,WE,Towers with Display (VFR),0,8,67,2,77,0,0,48,0,48,0,8,115,2,125,56,0,56,181
04/30/2003,SCK,CA,AWP,WE,Towers with Display (VFR),0,12,96,6,114,0,0,158,0,158,0,12,254,6,272,122,2,124,396
05/01/2003,SCK,CA,AWP,WE,Towers with Display (VFR),0,9,77,1,87,0,0,115,0,115,0,9,192,1,202,96,0,96,298
05/02/2003,SCK,CA,AWP,WE,Towers with Display (VFR),0,7,53,1,61,0,2,32,5,39,0,9,85,6,100,7,0,7,107
05/03/2003,SCK,CA,AWP,WE,Towers with Display (VFR),0,5,42,1,48,0,0,36,5,41,0,5,78,6,89,8,0,8,97
05/04/2003,SCK,CA,AWP,WE,Towers with Display (VFR),0,7,63,1,71,0,0,55,1,56,0,7,118,2,127,26,0,26,153
05/05/2003,SCK,CA,AWP,WE,Towers with Display (VFR),0,7,55,1,63,0,1,72,0,73,0,8,127,1,136,101,0,101,237
05/06/2003,SCK,CA,AWP,WE,Towers with Display (VFR),0,6,73,1,80,0,0,59,0,59,0,6,132,1,139,82,0,82,221
05/07/2003,SCK,CA,AWP,WE,Towers with Display (VFR),0,14,108,3,125,0,3,90,1,94,0,17,198,4,219,42,0,42,261
05/08/2003,SCK,CA,AWP,WE,Towers with Display (VFR),0,7,59,0,66,0,9,83,0,92,0,16,142,0,158,10,0,10,168
05/09/2003,SCK,CA,AWP,WE,Towers with Display (VFR),0,7,57,0,64,0,2,94,0,96,0,9,151,0,160,48,0,48,208
05/10/2003,SCK,CA,AWP,WE,Towers with Display (VFR),0,7,72,0,79,0,0,52,0,52,0,7,124,0,131,54,0,54,185
05/11/2003,SCK,CA,AWP,WE,Towers with Display (VFR),0,3,47,0,50,0,0,57,0,57,0,3,104,0,107,20,0,20,127
05/12/2003,SCK,CA,AWP,WE,Towers with Display (VFR),0,5,45,2,52,0,0,104,1,105,0,5,149,3,157,44,0,44,201
05/13/2003,SCK,CA,AWP,WE,Towers with Display (VFR),0,7,56,0,63,0,0,91,0,91,0,7,147,0,154,22,0,22,176
05/14/2003,SCK,CA,AWP,WE,Towers with Display (VFR),0,8,88,0,96,0,0,81,0,81,0,8,169,0,177,56,0,56,233
05/15/2003,SCK,CA,AWP,WE,Towers with Display (VFR),0,10,106,3,119,0,0,100,9,109,0,10,206,12,228,40,2,42,270
05/16/2003,SCK,CA,AWP,WE,Towers with Display (VFR),0,7,69,2,78,0,0,63,0,63,0,7,132,2,141,51,0,51,192
05/17/2003,SCK,CA,AWP,WE,Towers with Display (VFR),0,5,71,0,76,0,0,69,0,69,0,5,140,0,145,39,0,39,184
05/18/2003,SCK,CA,AWP,WE,Towers with Display (VFR),0,3,45,1,49,0,0,74,0,74,0,3,119,1,123,28,0,28,151
05/19/2003,SCK,CA,AWP,WE,Towers with Display (VFR),0,6,54,1,61,0,4,66,3,73,0,10,120,4,134,30,0,30,164
05/20/2003,SCK,CA,AWP,WE,Towers with Display (VFR),0,6,51,0,57,0,3,87,0,90,0,9,138,0,147,0,0,0,147
05/21/2003,SCK,CA,AWP,WE,Towers with Display (VFR),0,8,63,0,71,0,0,92,0,92,0,8,155,0,163,27,0,27,190
05/22/2003,SCK,CA,AWP,WE,Towers with Display (VFR),0,9,69,1,79,0,4,87,5,96,0,13,156,6,175,67,0,67,242
05/23/2003,SCK,CA,AWP,WE,Towers with Display (VFR),0,6,51,0,57,0,2,105,0,107,0,8,156,0,164,48,0,48,212
05/24/2003,SCK,CA,AWP,WE,Towers with Display (VFR),0,3,26,0,29,0,2,82,0,84,0,5,108,0,113,66,0,66,179
05/25/2003,SCK,CA,AWP,WE,Towers with Display (VFR),0,3,22,0,25,0,2,56,0,58,0,5,78,0,83,22,0,22,105
05/26/2003,SCK,CA,AWP,WE,Towers with Display (VFR),0,4,30,0,34,0,2,78,0,80,0,6,108,0,114,42,0,42,156
05/27/2003,SCK,CA,AWP,WE,Towers with Display (VFR),0,5,50,0,55,0,0,90,0,90,0,5,140,0,145,72,0,72,217
05/28/2003,SCK,CA,AWP,WE,Towers with Display (VFR),0,6,63,0,69,0,0,91,0,91,0,6,154,0,160,42,0,42,202
05/29/2003,SCK,CA,AWP,WE,Towers with Display (VFR),0,6,51,1,58,0,9,102,5,116,0,15,153,6,174,16,2,18,192
05/30/2003,SCK,CA,AWP,WE,Towers with Display (VFR),0,7,58,0,65,0,0,81,0,81,0,7,139,0,146,20,0,20,166
05/31/2003,SCK,CA,AWP,WE,Towers with Display (VFR),0,3,50,0,53,0,0,99,0,99,0,3,149,0,152,34,0,34,186
06/01/2003,SCK,CA,AWP,WE,Towers with Display (VFR),0,3,43,0,46,0,0,88,0,88,0,3,131,0,134,44,0,44,178
06/02/2003,SCK,CA,AWP,WE,Towers with Display (VFR),0,4,53,3,60,0,0,38,5,43,0,4,91,8,103,12,0,12,115
06/03/2003,SCK,CA,AWP,WE,Towers with Display (VFR),0,3,29,0,32,0,1,83,0,84,0,4,112,0,116,50,0,50,166
06/04/2003,SCK,CA,AWP,WE,Towers with Display (VFR),0,7,84,4,95,0,0,95,9,104,0,7,179,13,199,34,4,38,237
06/05/2003,SCK,CA,AWP,WE,Towers with Display (VFR),0,4,88,4,96,0,0,79,2,81,0,4,167,6,177,40,0,40,217
06/06/2003,SCK,CA,AWP,WE,Towers with Display (VFR),0,6,59,3,68,0,1,142,1,144,0,7,201,4,212,18,0,18,230
06/07/2003,SCK,CA,AWP,WE,Towers with Display (VFR),0,4,47,2,53,0,0,167,0,167,0,4,214,2,220,74,0,74,294
06/08/2003,SCK,CA,AWP,WE,Towers with Display (VFR),0,2,32,0,34,0,0,66,0,66,0,2,98,0,100,12,0,12,112
06/09/2003,SCK,CA,AWP,WE,Towers with Display (VFR),0,5,41,0,46,0,5,40,0,45,0,10,81,0,91,18,0,18,109
06/10/2003,SCK,CA,AWP,WE,Towers with Display (VFR),0,9,84,4,97,0,1,57,8,66,0,10,141,12,163,42,0,42,205
06/11/2003,SCK,CA,AWP,WE,Towers with Display (VFR),0,7,95,0,102,0,0,122,0,122,0,7,217,0,224,135,0,135,359
06/12/2003,SCK,CA,AWP,WE,Towers with Display (VFR),0,6,69,0,75,0,0,109,0,109,0,6,178,0,184,64,0,64,248
06/13/2003,SCK,CA,AWP,WE,Towers with Display (VFR),0,5,51,3,59,0,4,95,1,100,0,9,146,4,159,94,4,98,257
06/14/2003,SCK,CA,AWP,WE,Towers with Display (VFR),0,4,36,0,40,0,2,80,0,82,0,6,116,0,122,54,0,54,176
06/15/2003,SCK,CA,AWP,WE,Towers with Display (VFR),0,3,41,1,45,0,0,80,0,80,0,3,121,1,125,4,0,4,129
06/16/2003,SCK,CA,AWP,WE,Towers with Display (VFR),0,4,37,1,42,0,1,83,3,87,0,5,120,4,129,38,0,38,167
06/17/2003,SCK,CA,AWP,WE,Towers with Display (VFR),0,5,47,0,52,0,0,91,0,91,0,5,138,0,143,54,0,54,197
06/18/2003,SCK,CA,AWP,WE,Towers with Display (VFR),0,5,57,2,64,0,0,118,12,130,0,5,175,14,194,74,10,84,278
06/19/2003,SCK,CA,AWP,WE,Towers with Display (VFR),0,5,54,0,59,0,0,176,0,176,0,5,230,0,235,80,0,80,315
06/20/2003,SCK,CA,AWP,WE,Towers with Display (VFR),0,3,54,0,57,0,0,115,0,115,0,3,169,0,172,86,0,86,258
06/21/2003,SCK,CA,AWP,WE,Towers with Display (VFR),0,3,32,0,35,0,6,104,0,110,0,9,136,0,145,82,0,82,227
06/22/2003,SCK,CA,AWP,WE,Towers with Display (VFR),0,2,27,0,29,0,1,106,0,107,0,3,133,0,136,56,0,56,192
06/23/2003,SCK,CA,AWP,WE,Towers with Display (VFR),0,3,48,0,51,0,0,92,0,92,0,3,140,0,143,44,0,44,187
06/24/2003,SCK,CA,AWP,WE,Towers with Display (VFR),0,6,60,0,66,0,2,76,0,78,0,8,136,0,144,24,0,24,168
06/25/2003,SCK,CA,AWP,WE,Towers with Display (VFR),0,3,35,0,38,0,0,117,0,117,0,3,152,0,155,52,0,52,207
06/26/2003,SCK,CA,AWP,WE,Towers with Display (VFR),0,5,49,0,54,0,5,139,0,144,0,10,188,0,198,74,0,74,272
06/27/2003,SCK,CA,AWP,WE,Towers with Display (VFR),0,5,68,0,73,0,0,131,0,131,0,5,199,0,204,45,0,45,249
06/28/2003,SCK,CA,AWP,WE,Towers with Display (VFR),0,3,28,0,31,0,0,87,0,87,0,3,115,0,118,8,0,8,126
06/29/2003,SCK,CA,AWP,WE,Towers with Display (VFR),0,2,37,1,40,0,0,96,2,98,0,2,133,3,138,32,0,32,170
06/30/2003,SCK,CA,AWP,WE,Towers with Display (VFR),0,4,55,2,61,0,0,111,2,113,0,4,166,4,174,32,0,32,206
07/01/2003,SCK,CA,AWP,WE,Towers with Display (VFR),0,0,0,0,0,0,0,0,0,0,0,0,0,0,0,0,0,0,0
07/02/2003,SCK,CA,AWP,WE,Towers with Display (VFR),0,5,83,4,92,0,0,139,0,139,0,5,222,4,231,49,0,49,280
07/03/2003,SCK,CA,AWP,WE,Towers with Display (VFR),0,7,79,4,90,0,0,155,25,180,0,7,234,29,270,68,26,94,364
07/04/2003,SCK,CA,AWP,WE,Towers with Display (VFR),0,3,37,2,42,0,0,64,0,64,0,3,101,2,106,22,0,22,128
07/05/2003,SCK,CA,AWP,WE,Towers with Display (VFR),0,4,50,0,54,0,0,66,0,66,0,4,116,0,120,22,0,22,142
07/06/2003,SCK,CA,AWP,WE,Towers with Display (VFR),0,4,32,0,36,0,4,70,0,74,0,8,102,0,110,8,0,8,118
07/07/2003,SCK,CA,AWP,WE,Towers with Display (VFR),0,6,50,0,56,0,0,90,0,90,0,6,140,0,146,30,0,30,176
07/08/2003,SCK,CA,AWP,WE,Towers with Display (VFR),0,4,60,2,66,0,0,96,0,96,0,4,156,2,162,29,4,33,195
07/09/2003,SCK,CA,AWP,WE,Towers with Display (VFR),0,6,56,3,65,0,0,135,1,136,0,6,191,4,201,18,0,18,219
07/10/2003,SCK,CA,AWP,WE,Towers with Display (VFR),0,5,50,0,55,0,2,122,0,124,0,7,172,0,179,28,0,28,207
07/11/2003,SCK,CA,AWP,WE,Towers with Display (VFR),0,4,72,4,80,0,0,85,0,85,0,4,157,4,165,52,0,52,217
07/12/2003,SCK,CA,AWP,WE,Towers with Display (VFR),0,3,41,0,44,0,0,85,0,85,0,3,126,0,129,8,0,8,137
07/13/2003,SCK,CA,AWP,WE,Towers with Display (VFR),0,2,21,0,23,0,0,77,0,77,0,2,98,0,100,10,0,10,110
07/14/2003,SCK,CA,AWP,WE,Towers with Display (VFR),0,3,58,0,61,0,0,99,0,99,0,3,157,0,160,32,0,32,192
07/15/2003,SCK,CA,AWP,WE,Towers with Display (VFR),0,5,41,0,46,0,0,114,0,114,0,5,155,0,160,50,0,50,210
07/16/2003,SCK,CA,AWP,WE,Towers with Display (VFR),0,5,58,2,65,0,0,128,8,136,0,5,186,10,201,46,0,46,247
07/17/2003,SCK,CA,AWP,WE,Towers with Display (VFR),0,5,78,3,86,0,0,121,3,124,0,5,199,6,210,50,0,50,260
07/18/2003,SCK,CA,AWP,WE,Towers with Display (VFR),0,4,33,0,37,0,0,103,0,103,0,4,136,0,140,6,0,6,146
07/19/2003,SCK,CA,AWP,WE,Towers with Display (VFR),0,4,32,0,36,0,0,90,0,90,0,4,122,0,126,60,0,60,186
07/20/2003,SCK,CA,AWP,WE,Towers with Display (VFR),0,6,55,0,61,0,15,52,0,67,0,21,107,0,128,70,0,70,198
07/21/2003,SCK,CA,AWP,WE,Towers with Display (VFR),0,3,30,1,34,0,6,72,1,79,0,9,102,2,113,46,0,46,159
07/22/2003,SCK,CA,AWP,WE,Towers with Display (VFR),0,6,52,1,59,0,0,92,0,92,0,6,144,1,151,62,0,62,213
07/23/2003,SCK,CA,AWP,WE,Towers with Display (VFR),0,4,57,0,61,0,0,114,0,114,0,4,171,0,175,38,0,38,213
07/24/2003,SCK,CA,AWP,WE,Towers with Display (VFR),0,5,48,2,55,0,1,112,0,113,0,6,160,2,168,66,0,66,234
07/25/2003,SCK,CA,AWP,WE,Towers with Display (VFR),0,5,41,1,47,0,3,105,1,109,0,8,146,2,156,88,2,90,246
07/26/2003,SCK,CA,AWP,WE,Towers with Display (VFR),0,3,31,0,34,0,1,80,0,81,0,4,111,0,115,26,0,26,141
07/27/2003,SCK,CA,AWP,WE,Towers with Display (VFR),0,3,31,0,34,0,3,71,0,74,0,6,102,0,108,24,0,24,132
07/28/2003,SCK,CA,AWP,WE,Towers with Display (VFR),0,4,50,2,56,0,0,75,0,75,0,4,125,2,131,47,0,47,178
07/29/2003,SCK,CA,AWP,WE,Towers with Display (VFR),0,4,35,1,40,0,1,103,1,105,0,5,138,2,145,38,0,38,183
07/30/2003,SCK,CA,AWP,WE,Towers with Display (VFR),0,4,32,1,37,0,2,169,1,172,0,6,201,2,209,28,0,28,237
07/31/2003,SCK,CA,AWP,WE,Towers with Display (VFR),0,5,57,2,64,0,0,83,11,94,0,5,140,13,158,32,12,44,202
08/01/2003,SCK,CA,AWP,WE,Towers with Display (VFR),0,4,50,0,54,0,3,132,0,135,0,7,182,0,189,38,0,38,227
08/02/2003,SCK,CA,AWP,WE,Towers with Display (VFR),1,2,26,0,29,0,1,43,1,45,1,3,69,1,74,14,0,14,88
08/03/2003,SCK,CA,AWP,WE,Towers with Display (VFR),0,2,37,0,39,0,1,116,0,117,0,3,153,0,156,46,0,46,202
08/04/2003,SCK,CA,AWP,WE,Towers with Display (VFR),1,2,37,0,40,0,0,84,0,84,1,2,121,0,124,52,0,52,176
08/05/2003,SCK,CA,AWP,WE,Towers with Display (VFR),2,2,66,2,72,0,0,118,8,126,2,2,184,10,198,94,0,94,292
08/06/2003,SCK,CA,AWP,WE,Towers with Display (VFR),2,6,89,1,98,0,2,189,0,191,2,8,278,1,289,170,0,170,459
08/07/2003,SCK,CA,AWP,WE,Towers with Display (VFR),1,2,40,0,43,0,2,129,0,131,1,4,169,0,174,30,0,30,204
08/08/2003,SCK,CA,AWP,WE,Towers with Display (VFR),2,2,54,1,59,1,0,123,0,124,3,2,177,1,183,34,0,34,217
08/09/2003,SCK,CA,AWP,WE,Towers with Display (VFR),1,2,42,0,45,0,0,85,0,85,1,2,127,0,130,14,0,14,144
08/10/2003,SCK,CA,AWP,WE,Towers with Display (VFR),0,2,28,0,30,0,0,85,0,85,0,2,113,0,115,28,0,28,143
08/11/2003,SCK,CA,AWP,WE,Towers with Display (VFR),1,2,54,1,58,0,0,85,5,90,1,2,139,6,148,20,4,24,172
08/12/2003,SCK,CA,AWP,WE,Towers with Display (VFR),2,4,48,1,55,0,1,67,0,68,2,5,115,1,123,14,0,14,137
08/13/2003,SCK,CA,AWP,WE,Towers with Display (VFR),2,5,55,0,62,0,0,87,0,87,2,5,142,0,149,43,6,49,198
08/14/2003,SCK,CA,AWP,WE,Towers with Display (VFR),1,4,52,1,58,0,0,115,3,118,1,4,167,4,176,24,14,38,214
08/15/2003,SCK,CA,AWP,WE,Towers with Display (VFR),1,4,58,0,63,0,0,110,0,110,1,4,168,0,173,86,0,86,259
08/16/2003,SCK,CA,AWP,WE,Towers with Display (VFR),1,3,36,0,40,0,1,103,0,104,1,4,139,0,144,76,0,76,220
08/17/2003,SCK,CA,AWP,WE,Towers with Display (VFR),0,3,31,0,34,0,0,119,0,119,0,3,150,0,153,48,0,48,201
08/18/2003,SCK,CA,AWP,WE,Towers with Display (VFR),1,4,46,0,51,0,2,101,0,103,1,6,147,0,154,26,0,26,180
08/19/2003,SCK,CA,AWP,WE,Towers with Display (VFR),2,2,70,3,77,0,0,112,10,122,2,2,182,13,199,36,0,36,235
08/20/2003,SCK,CA,AWP,WE,Towers with Display (VFR),1,3,58,3,65,1,0,128,9,138,2,3,186,12,203,44,0,44,247
08/21/2003,SCK,CA,AWP,WE,Towers with Display (VFR),1,5,56,3,65,1,0,132,1,134,2,5,188,4,199,56,0,56,255
08/22/2003,SCK,CA,AWP,WE,Towers with Display (VFR),2,4,116,4,126,0,0,85,0,85,2,4,201,4,211,60,0,60,271
08/23/2003,SCK,CA,AWP,WE,Towers with Display (VFR),1,6,71,0,78,0,5,53,0,58,1,11,124,0,136,14,0,14,150
08/24/2003,SCK,CA,AWP,WE,Towers with Display (VFR),0,3,37,0,40,0,2,101,0,103,0,5,138,0,143,28,0,28,171
08/25/2003,SCK,CA,AWP,WE,Towers with Display (VFR),1,7,82,0,90,0,1,86,0,87,1,8,168,0,177,20,0,20,197
08/26/2003,SCK,CA,AWP,WE,Towers with Display (VFR),1,4,65,1,71,1,0,70,0,71,2,4,135,1,142,18,2,20,162
08/27/2003,SCK,CA,AWP,WE,Towers with Display (VFR),1,6,69,3,79,2,1,152,13,168,3,7,221,16,247,64,32,96,343
08/28/2003,SCK,CA,AWP,WE,Towers with Display (VFR),1,5,67,1,74,1,0,95,0,96,2,5,162,1,170,44,1,45,215
08/29/2003,SCK,CA,AWP,WE,Towers with Display (VFR),1,5,62,0,68,0,2,98,0,100,1,7,160,0,168,68,0,68,236
08/30/2003,SCK,CA,AWP,WE,Towers with Display (VFR),0,2,44,0,46,0,0,55,0,55,0,2,99,0,101,40,0,40,141
08/31/2003,SCK,CA,AWP,WE,Towers with Display (VFR),0,0,16,0,16,0,0,61,0,61,0,0,77,0,77,6,0,6,83
09/01/2003,SCK,CA,AWP,WE,Towers with Display (VFR),0,1,33,0,34,0,6,91,0,97,0,7,124,0,131,12,0,12,143
09/02/2003,SCK,CA,AWP,WE,Towers with Display (VFR),1,3,63,0,67,0,6,87,0,93,1,9,150,0,160,4,0,4,164
09/03/2003,SCK,CA,AWP,WE,Towers with Display (VFR),2,2,81,3,88,0,0,136,2,138,2,2,217,5,226,86,0,86,312
09/04/2003,SCK,CA,AWP,WE,Towers with Display (VFR),2,3,53,0,58,0,3,106,0,109,2,6,159,0,167,34,0,34,201
09/05/2003,SCK,CA,AWP,WE,Towers with Display (VFR),1,1,45,0,47,0,0,116,0,116,1,1,161,0,163,42,0,42,205
09/06/2003,SCK,CA,AWP,WE,Towers with Display (VFR),1,1,53,1,56,0,0,97,0,97,1,1,150,1,153,44,0,44,197
09/07/2003,SCK,CA,AWP,WE,Towers with Display (VFR),0,1,59,0,60,0,0,82,0,82,0,1,141,0,142,32,0,32,174
09/08/2003,SCK,CA,AWP,WE,Towers with Display (VFR),1,0,35,1,37,0,0,54,1,55,1,0,89,2,92,0,10,10,102
09/09/2003,SCK,CA,AWP,WE,Towers with Display (VFR),1,1,31,2,35,1,0,38,10,49,2,1,69,12,84,14,0,14,98
09/10/2003,SCK,CA,AWP,WE,Towers with Display (VFR),2,3,55,2,62,0,0,92,0,92,2,3,147,2,154,46,0,46,200
09/11/2003,SCK,CA,AWP,WE,Towers with Display (VFR),2,1,40,1,44,0,0,101,5,106,2,1,141,6,150,60,10,70,220
09/12/2003,SCK,CA,AWP,WE,Towers with Display (VFR),1,2,31,0,34,1,2,75,0,78,2,4,106,0,112,34,0,34,146
09/13/2003,SCK,CA,AWP,WE,Towers with Display (VFR),1,1,16,0,18,0,0,69,0,69,1,1,85,0,87,4,0,4,91
09/14/2003,SCK,CA,AWP,WE,Towers with Display (VFR),0,2,24,0,26,0,2,47,0,49,0,4,71,0,75,26,0,26,101
09/15/2003,SCK,CA,AWP,WE,Towers with Display (VFR),0,2,31,0,33,0,0,69,0,69,0,2,100,0,102,10,0,10,112
09/16/2003,SCK,CA,AWP,WE,Towers with Display (VFR),2,1,53,2,58,0,0,75,2,77,2,1,128,4,135,25,0,25,160
09/17/2003,SCK,CA,AWP,WE,Towers with Display (VFR),1,1,41,2,45,1,0,74,6,81,2,1,115,8,126,20,16,36,162
09/18/2003,SCK,CA,AWP,WE,Towers with Display (VFR),1,1,48,3,53,1,0,98,1,100,2,1,146,4,153,44,0,44,197
09/19/2003,SCK,CA,AWP,WE,Towers with Display (VFR),0,2,31,0,33,1,0,80,0,81,1,2,111,0,114,40,0,40,154
09/20/2003,SCK,CA,AWP,WE,Towers with Display (VFR),1,0,35,0,36,0,0,91,0,91,1,0,126,0,127,91,0,91,218
09/21/2003,SCK,CA,AWP,WE,Towers with Display (VFR),0,2,25,0,27,0,2,81,0,83,0,4,106,0,110,16,0,16,126
09/22/2003,SCK,CA,AWP,WE,Towers with Display (VFR),1,3,16,4,24,0,0,71,4,75,1,3,87,8,99,16,0,16,115
09/23/2003,SCK,CA,AWP,WE,Towers with Display (VFR),1,3,47,2,53,1,3,89,11,104,2,6,136,13,157,39,12,51,208
09/24/2003,SCK,CA,AWP,WE,Towers with Display (VFR),1,2,39,1,43,1,0,76,0,77,2,2,115,1,120,48,0,48,168
09/25/2003,SCK,CA,AWP,WE,Towers with Display (VFR),1,2,49,0,52,1,0,103,0,104,2,2,152,0,156,36,0,36,192
09/26/2003,SCK,CA,AWP,WE,Towers with Display (VFR),0,0,33,0,33,2,0,141,0,143,2,0,174,0,176,76,0,76,252
09/27/2003,SCK,CA,AWP,WE,Towers with Display (VFR),1,1,53,0,55,0,0,70,0,70,1,1,123,0,125,30,0,30,155
09/28/2003,SCK,CA,AWP,WE,Towers with Display (VFR),0,0,23,0,23,0,0,72,0,72,0,0,95,0,95,18,0,18,113
09/29/2003,SCK,CA,AWP,WE,Towers with Display (VFR),0,2,38,1,41,0,5,82,1,88,0,7,120,2,129,14,0,14,143
09/30/2003,SCK,CA,AWP,WE,Towers with Display (VFR),1,2,42,1,46,1,0,91,1,93,2,2,133,2,139,6,0,6,145
10/01/2003,SCK,CA,AWP,WE,Towers with Display (VFR),1,2,33,1,37,1,4,122,0,127,2,6,155,1,164,44,0,44,208
10/02/2003,SCK,CA,AWP,WE,Towers with Display (VFR),2,4,59,0,65,0,3,92,0,95,2,7,151,0,160,28,2,30,190
10/03/2003,SCK,CA,AWP,WE,Towers with Display (VFR),2,1,50,2,55,0,0,115,4,119,2,1,165,6,174,60,2,62,236
10/04/2003,SCK,CA,AWP,WE,Towers with Display (VFR),1,0,41,0,42,0,0,48,0,48,1,0,89,0,90,52,0,52,142
10/05/2003,SCK,CA,AWP,WE,Towers with Display (VFR),0,0,25,0,25,0,0,60,0,60,0,0,85,0,85,6,0,6,91
10/06/2003,SCK,CA,AWP,WE,Towers with Display (VFR),1,0,20,1,22,0,0,71,3,74,1,0,91,4,96,24,0,24,120
10/07/2003,SCK,CA,AWP,WE,Towers with Display (VFR),2,1,37,2,42,0,3,63,10,76,2,4,100,12,118,22,6,28,146
10/08/2003,SCK,CA,AWP,WE,Towers with Display (VFR),2,2,58,1,63,0,0,99,0,99,2,2,157,1,162,42,0,42,204
10/09/2003,SCK,CA,AWP,WE,Towers with Display (VFR),2,3,52,2,59,0,1,119,4,124,2,4,171,6,183,36,0,36,219
10/10/2003,SCK,CA,AWP,WE,Towers with Display (VFR),1,1,33,0,35,1,0,121,0,122,2,1,154,0,157,66,0,66,223
10/11/2003,SCK,CA,AWP,WE,Towers with Display (VFR),1,0,41,0,42,0,0,331,0,331,1,0,372,0,373,64,0,64,437
10/12/2003,SCK,CA,AWP,WE,Towers with Display (VFR),2,1,46,2,51,0,0,102,0,102,2,1,148,2,153,46,0,46,199
10/13/2003,SCK,CA,AWP,WE,Towers with Display (VFR),0,1,24,0,25,0,5,56,0,61,0,6,80,0,86,48,0,48,134
10/14/2003,SCK,CA,AWP,WE,Towers with Display (VFR),2,2,36,0,40,0,0,75,0,75,2,2,111,0,115,54,0,54,169
10/15/2003,SCK,CA,AWP,WE,Towers with Display (VFR),2,5,70,3,80,0,3,92,9,104,2,8,162,12,184,62,0,62,246
10/16/2003,SCK,CA,AWP,WE,Towers with Display (VFR),2,3,58,3,66,0,0,104,8,112,2,3,162,11,178,16,0,16,194
10/17/2003,SCK,CA,AWP,WE,Towers with Display (VFR),2,5,74,4,85,0,4,138,3,145,2,9,212,7,230,32,0,32,262
10/18/2003,SCK,CA,AWP,WE,Towers with Display (VFR),1,2,47,0,50,0,0,87,0,87,1,2,134,0,137,18,0,18,155
10/19/2003,SCK,CA,AWP,WE,Towers with Display (VFR),0,0,57,0,57,0,0,89,0,89,0,0,146,0,146,38,0,38,184
10/20/2003,SCK,CA,AWP,WE,Towers with Display (VFR),1,3,49,2,55,0,0,64,0,64,1,3,113,2,119,24,0,24,143
10/21/2003,SCK,CA,AWP,WE,Towers with Display (VFR),1,3,45,3,52,1,0,62,1,64,2,3,107,4,116,2,0,2,118
10/22/2003,SCK,CA,AWP,WE,Towers with Display (VFR),1,5,64,4,74,1,1,111,2,115,2,6,175,6,189,78,0,78,267
10/23/2003,SCK,CA,AWP,WE,Towers with Display (VFR),1,5,64,4,74,1,8,124,0,133,2,13,188,4,207,22,0,22,229
10/24/2003,SCK,CA,AWP,WE,Towers with Display (VFR),1,4,47,3,55,1,1,154,1,157,2,5,201,4,212,36,0,36,248
10/25/2003,SCK,CA,AWP,WE,Towers with Display (VFR),0,1,30,0,31,1,0,91,0,92,1,1,121,0,123,10,0,10,133
10/26/2003,SCK,CA,AWP,WE,Towers with Display (VFR),0,0,39,0,39,0,0,99,0,99,0,0,138,0,138,60,0,60,198
10/27/2003,SCK,CA,AWP,WE,Towers with Display (VFR),0,4,45,3,52,0,2,93,0,95,0,6,138,3,147,24,0,24,171
10/28/2003,SCK,CA,AWP,WE,Towers with Display (VFR),2,4,75,5,86,0,0,95,3,98,2,4,170,8,184,6,0,6,190
10/29/2003,SCK,CA,AWP,WE,Towers with Display (VFR),2,5,70,0,77,0,3,97,0,100,2,8,167,0,177,22,0,22,199
10/30/2003,SCK,CA,AWP,WE,Towers with Display (VFR),1,2,57,0,60,1,0,104,0,105,2,2,161,0,165,36,0,36,201
10/31/2003,SCK,CA,AWP,WE,Towers with Display (VFR),1,3,44,0,48,0,1,67,0,68,1,4,111,0,116,56,0,56,172
11/01/2003,SCK,CA,AWP,WE,Towers with Display (VFR),1,2,53,1,57,0,0,88,0,88,1,2,141,1,145,84,0,84,229
11/02/2003,SCK,CA,AWP,WE,Towers with Display (VFR),0,1,38,1,40,0,1,57,1,59,0,2,95,2,99,106,0,106,205
11/03/2003,SCK,CA,AWP,WE,Towers with Display (VFR),1,1,37,0,39,0,0,43,0,43,1,1,80,0,82,30,0,30,112
11/04/2003,SCK,CA,AWP,WE,Towers with Display (VFR),2,2,58,1,63,0,1,118,4,123,2,3,176,5,186,30,0,30,216
11/05/2003,SCK,CA,AWP,WE,Towers with Display (VFR),2,3,83,0,88,0,0,84,0,84,2,3,167,0,172,56,0,56,228
11/06/2003,SCK,CA,AWP,WE,Towers with Display (VFR),2,2,70,2,76,0,0,59,2,61,2,2,129,4,137,42,0,42,179
11/07/2003,SCK,CA,AWP,WE,Towers with Display (VFR),2,3,62,1,68,0,3,73,3,79,2,6,135,4,147,24,0,24,171
11/08/2003,SCK,CA,AWP,WE,Towers with Display (VFR),1,1,84,0,86,0,0,49,0,49,1,1,133,0,135,12,0,12,147
11/09/2003,SCK,CA,AWP,WE,Towers with Display (VFR),0,3,48,0,51,0,1,12,0,13,0,4,60,0,64,16,24,40,104
11/10/2003,SCK,CA,AWP,WE,Towers with Display (VFR),1,2,36,0,39,0,0,48,0,48,1,2,84,0,87,10,0,10,97
11/11/2003,SCK,CA,AWP,WE,Towers with Display (VFR),2,3,56,0,61,0,9,73,0,82,2,12,129,0,143,14,0,14,157
11/12/2003,SCK,CA,AWP,WE,Towers with Display (VFR),2,4,64,1,71,0,0,93,1,94,2,4,157,2,165,44,8,52,217
11/13/2003,SCK,CA,AWP,WE,Towers with Display (VFR),1,4,70,0,75,1,9,150,0,160,2,13,220,0,235,48,0,48,283
11/14/2003,SCK,CA,AWP,WE,Towers with Display (VFR),1,3,68,2,74,1,0,93,13,107,2,3,161,15,181,18,8,26,207
11/15/2003,SCK,CA,AWP,WE,Towers with Display (VFR),1,2,79,3,85,1,0,22,1,24,2,2,101,4,109,0,0,0,109
11/16/2003,SCK,CA,AWP,WE,Towers with Display (VFR),0,0,75,0,75,0,0,52,0,52,0,0,127,0,127,14,0,14,141
11/17/2003,SCK,CA,AWP,WE,Towers with Display (VFR),1,1,86,3,91,0,0,72,5,77,1,1,158,8,168,20,0,20,188
11/18/2003,SCK,CA,AWP,WE,Towers with Display (VFR),1,2,98,0,101,1,0,41,0,42,2,2,139,0,143,6,0,6,149
11/19/2003,SCK,CA,AWP,WE,Towers with Display (VFR),2,6,116,4,128,0,7,61,0,68,2,13,177,4,196,58,0,58,254
11/20/2003,SCK,CA,AWP,WE,Towers with Display (VFR),0,3,50,3,56,2,5,106,3,116,2,8,156,6,172,44,0,44,216
11/21/2003,SCK,CA,AWP,WE,Towers with Display (VFR),1,4,62,2,69,1,3,79,2,85,2,7,141,4,154,16,0,16,170
11/22/2003,SCK,CA,AWP,WE,Towers with Display (VFR),1,2,102,0,105,0,0,91,0,91,1,2,193,0,196,54,0,54,250
11/23/2003,SCK,CA,AWP,WE,Towers with Display (VFR),0,1,51,0,52,0,0,91,0,91,0,1,142,0,143,42,0,42,185
11/24/2003,SCK,CA,AWP,WE,Towers with Display (VFR),1,1,53,0,55,0,0,89,0,89,1,1,142,0,144,34,0,34,178
11/25/2003,SCK,CA,AWP,WE,Towers with Display (VFR),1,2,59,0,62,1,0,81,0,82,2,2,140,0,144,16,0,16,160
11/26/2003,SCK,CA,AWP,WE,Towers with Display (VFR),1,4,70,1,76,1,0,132,0,133,2,4,202,1,209,36,0,36,245
11/27/2003,SCK,CA,AWP,WE,Towers with Display (VFR),0,0,26,0,26,1,0,58,0,59,1,0,84,0,85,26,0,26,111
11/28/2003,SCK,CA,AWP,WE,Towers with Display (VFR),0,1,53,0,54,0,0,92,0,92,0,1,145,0,146,0,0,0,146
11/29/2003,SCK,CA,AWP,WE,Towers with Display (VFR),0,0,82,0,82,0,0,37,0,37,0,0,119,0,119,6,0,6,125
11/30/2003,SCK,CA,AWP,WE,Towers with Display (VFR),0,2,59,0,61,0,0,7,0,7,0,2,66,0,68,0,0,0,68
12/01/2003,SCK,CA,AWP,WE,Towers with Display (VFR),1,3,64,0,68,0,5,28,2,35,1,8,92,2,103,0,0,0,103
12/02/2003,SCK,CA,AWP,WE,Towers with Display (VFR),1,1,62,0,64,0,0,46,0,46,1,1,108,0,110,32,0,32,142
12/03/2003,SCK,CA,AWP,WE,Towers with Display (VFR),2,4,100,1,107,0,0,53,5,58,2,4,153,6,165,0,0,0,165
12/04/2003,SCK,CA,AWP,WE,Towers with Display (VFR),2,4,92,1,99,0,1,53,7,61,2,5,145,8,160,16,0,16,176
12/05/2003,SCK,CA,AWP,WE,Towers with Display (VFR),2,2,55,0,59,0,0,21,2,23,2,2,76,2,82,0,0,0,82
12/06/2003,SCK,CA,AWP,WE,Towers with Display (VFR),2,1,65,0,68,0,0,13,0,13,2,1,78,0,81,0,0,0,81
12/07/2003,SCK,CA,AWP,WE,Towers with Display (VFR),0,0,48,0,48,0,0,73,0,73,0,0,121,0,121,10,0,10,131
12/08/2003,SCK,CA,AWP,WE,Towers with Display (VFR),1,2,59,0,62,0,6,94,0,100,1,8,153,0,162,54,0,54,216
12/09/2003,SCK,CA,AWP,WE,Towers with Display (VFR),2,2,51,0,55,0,0,31,7,38,2,2,82,7,93,10,0,10,103
12/10/2003,SCK,CA,AWP,WE,Towers with Display (VFR),2,2,77,1,82,0,0,54,3,57,2,2,131,4,139,4,0,4,143
12/11/2003,SCK,CA,AWP,WE,Towers with Display (VFR),2,4,68,0,74,0,3,76,4,83,2,7,144,4,157,20,0,20,177
12/12/2003,SCK,CA,AWP,WE,Towers with Display (VFR),2,3,48,0,53,0,1,101,2,104,2,4,149,2,157,12,0,12,169
12/13/2003,SCK,CA,AWP,WE,Towers with Display (VFR),1,1,89,0,91,0,0,59,0,59,1,1,148,0,150,52,0,52,202
12/14/2003,SCK,CA,AWP,WE,Towers with Display (VFR),0,1,53,0,54,0,0,73,0,73,0,1,126,0,127,8,0,8,135
12/15/2003,SCK,CA,AWP,WE,Towers with Display (VFR),0,3,53,1,57,0,3,55,1,59,0,6,108,2,116,60,0,60,176
12/16/2003,SCK,CA,AWP,WE,Towers with Display (VFR),1,4,65,0,70,1,6,94,0,101,2,10,159,0,171,24,0,24,195
12/17/2003,SCK,CA,AWP,WE,Towers with Display (VFR),1,1,66,0,68,1,0,74,0,75,2,1,140,0,143,32,0,32,175
12/18/2003,SCK,CA,AWP,WE,Towers with Display (VFR),1,4,77,0,82,1,0,99,0,100,2,4,176,0,182,12,0,12,194
12/19/2003,SCK,CA,AWP,WE,Towers with Display (VFR),1,1,70,0,72,1,0,66,0,67,2,1,136,0,139,0,0,0,139
12/20/2003,SCK,CA,AWP,WE,Towers with Display (VFR),0,2,70,0,72,0,0,33,0,33,0,2,103,0,105,0,0,0,105
12/21/2003,SCK,CA,AWP,WE,Towers with Display (VFR),0,0,73,0,73,0,0,30,0,30,0,0,103,0,103,16,0,16,119
12/22/2003,SCK,CA,AWP,WE,Towers with Display (VFR),1,3,52,1,57,0,3,24,2,29,1,6,76,3,86,36,4,40,126
12/23/2003,SCK,CA,AWP,WE,Towers with Display (VFR),1,3,55,0,59,1,1,25,0,27,2,4,80,0,86,4,0,4,90
12/24/2003,SCK,CA,AWP,WE,Towers with Display (VFR),0,0,13,0,13,1,5,23,0,29,1,5,36,0,42,0,0,0,42
12/25/2003,SCK,CA,AWP,WE,Towers with Display (VFR),0,0,1,0,1,0,0,6,0,6,0,0,7,0,7,10,0,10,17
12/26/2003,SCK,CA,AWP,WE,Towers with Display (VFR),0,3,53,0,56,0,0,76,0,76,0,3,129,0,132,18,0,18,150
12/27/2003,SCK,CA,AWP,WE,Towers with Display (VFR),0,1,27,0,28,0,0,89,0,89,0,1,116,0,117,20,0,20,137
12/28/2003,SCK,CA,AWP,WE,Towers with Display (VFR),0,0,37,0,37,0,0,37,0,37,0,0,74,0,74,0,0,0,74
12/29/2003,SCK,CA,AWP,WE,Towers with Display (VFR),0,0,14,0,14,1,1,2,0,4,1,1,16,0,18,0,0,0,18
12/30/2003,SCK,CA,AWP,WE,Towers with Display (VFR),0,2,45,0,47,2,0,53,4,59,2,2,98,4,106,32,0,32,138
12/31/2003,SCK,CA,AWP,WE,Towers with Display (VFR),0,2,38,0,40,2,1,101,0,104,2,3,139,0,144,30,0,30,174
01/01/2004,SCK,CA,AWP,WE,Towers with Display (VFR),0,0,3,0,3,0,0,3,0,3,0,0,6,0,6,0,0,0,6
01/02/2004,SCK,CA,AWP,WE,Towers with Display (VFR),2,2,50,0,54,0,1,35,0,36,2,3,85,0,90,0,0,0,90
01/03/2004,SCK,CA,AWP,WE,Towers with Display (VFR),0,3,0,0,3,0,112,0,0,112,0,115,0,0,115,2,0,2,117
01/04/2004,SCK,CA,AWP,WE,Towers with Display (VFR),0,0,45,0,45,0,0,87,0,87,0,0,132,0,132,12,0,12,144
01/05/2004,SCK,CA,AWP,WE,Towers with Display (VFR),1,2,38,0,41,0,0,92,0,92,1,2,130,0,133,12,0,12,145
01/06/2004,SCK,CA,AWP,WE,Towers with Display (VFR),1,1,33,1,36,1,1,59,0,61,2,2,92,1,97,38,28,66,163
01/07/2004,SCK,CA,AWP,WE,Towers with Display (VFR),2,2,50,2,56,0,0,46,1,47,2,2,96,3,103,32,0,32,135
01/08/2004,SCK,CA,AWP,WE,Towers with Display (VFR),2,2,49,2,55,0,0,51,7,58,2,2,100,9,113,14,6,20,133
01/09/2004,SCK,CA,AWP,WE,Towers with Display (VFR),2,3,88,2,95,0,0,34,0,34,2,3,122,2,129,14,0,14,143
01/10/2004,SCK,CA,AWP,WE,Towers with Display (VFR),1,1,164,7,173,0,0,56,8,64,1,1,220,15,237,32,0,32,269
01/11/2004,SCK,CA,AWP,WE,Towers with Display (VFR),0,0,89,1,90,0,0,11,0,11,0,0,100,1,101,0,0,0,101
01/12/2004,SCK,CA,AWP,WE,Towers with Display (VFR),1,5,77,0,83,0,4,5,0,9,1,9,82,0,92,0,0,0,92
01/13/2004,SCK,CA,AWP,WE,Towers with Display (VFR),2,3,82,0,87,0,0,6,0,6,2,3,88,0,93,0,0,0,93
01/14/2004,SCK,CA,AWP,WE,Towers with Display (VFR),2,7,108,2,119,0,0,3,0,3,2,7,111,2,122,0,0,0,122
01/15/2004,SCK,CA,AWP,WE,Towers with Display (VFR),3,3,97,4,107,1,0,34,4,39,4,3,131,8,146,0,0,0,146
01/16/2004,SCK,CA,AWP,WE,Towers with Display (VFR),2,4,70,0,76,0,3,24,0,27,2,7,94,0,103,0,0,0,103
01/17/2004,SCK,CA,AWP,WE,Towers with Display (VFR),2,1,70,0,73,0,0,31,0,31,2,1,101,0,104,4,0,4,108
01/18/2004,SCK,CA,AWP,WE,Towers with Display (VFR),0,0,71,0,71,0,0,0,0,0,0,0,71,0,71,32,0,32,103
01/19/2004,SCK,CA,AWP,WE,Towers with Display (VFR),1,5,76,0,82,2,2,20,0,24,3,7,96,0,106,12,0,12,118
01/20/2004,SCK,CA,AWP,WE,Towers with Display (VFR),1,2,62,3,68,1,0,23,5,29,2,2,85,8,97,26,0,26,123
01/21/2004,SCK,CA,AWP,WE,Towers with Display (VFR),1,4,79,4,88,1,0,86,1,88,2,4,165,5,176,82,0,82,258
01/22/2004,SCK,CA,AWP,WE,Towers with Display (VFR),2,3,96,3,104,0,0,82,0,82,2,3,178,3,186,32,0,32,218
01/23/2004,SCK,CA,AWP,WE,Towers with Display (VFR),1,5,74,0,80,0,2,12,0,14,1,7,86,0,94,0,0,0,94
01/24/2004,SCK,CA,AWP,WE,Towers with Display (VFR),1,2,79,1,83,0,0,0,0,0,1,2,79,1,83,0,0,0,83
01/25/2004,SCK,CA,AWP,WE,Towers with Display (VFR),0,4,65,0,69,0,0,108,0,108,0,4,173,0,177,48,0,48,225
01/26/2004,SCK,CA,AWP,WE,Towers with Display (VFR),1,4,60,2,67,0,2,69,6,77,1,6,129,8,144,52,4,56,200
01/27/2004,SCK,CA,AWP,WE,Towers with Display (VFR),1,3,46,1,51,0,3,10,4,17,1,6,56,5,68,0,2,2,70
01/28/2004,SCK,CA,AWP,WE,Towers with Display (VFR),1,5,81,4,91,1,0,93,10,104,2,5,174,14,195,20,6,26,221
01/29/2004,SCK,CA,AWP,WE,Towers with Display (VFR),1,6,87,3,97,1,11,33,7,52,2,17,120,10,149,56,4,60,209
01/30/2004,SCK,CA,AWP,WE,Towers with Display (VFR),1,5,84,4,94,1,5,36,3,45,2,10,120,7,139,2,0,2,141
01/31/2004,SCK,CA,AWP,WE,Towers with Display (VFR),1,3,51,0,55,1,0,125,0,126,2,3,176,0,181,52,0,52,233
02/01/2004,SCK,CA,AWP,WE,Towers with Display (VFR),0,2,93,2,97,0,0,10,0,10,0,2,103,2,107,48,0,48,155
02/02/2004,SCK,CA,AWP,WE,Towers with Display (VFR),1,2,25,0,28,0,3,5,8,16,1,5,30,8,44,0,0,0,44
02/03/2004,SCK,CA,AWP,WE,Towers with Display (VFR),2,5,67,0,74,0,2,14,0,16,2,7,81,0,90,0,0,0,90
02/04/2004,SCK,CA,AWP,WE,Towers with Display (VFR),2,4,68,2,76,0,0,53,3,56,2,4,121,5,132,42,10,52,184
02/05/2004,SCK,CA,AWP,WE,Towers with Display (VFR),2,5,64,3,74,2,12,115,3,132,4,17,179,6,206,82,0,82,288
02/06/2004,SCK,CA,AWP,WE,Towers with Display (VFR),2,4,46,1,53,0,2,72,1,75,2,6,118,2,128,22,16,38,166
02/07/2004,SCK,CA,AWP,WE,Towers with Display (VFR),1,1,58,1,61,0,0,105,0,105,1,1,163,1,166,34,4,38,204
02/08/2004,SCK,CA,AWP,WE,Towers with Display (VFR),0,0,30,0,30,0,0,96,0,96,0,0,126,0,126,28,0,28,154
02/09/2004,SCK,CA,AWP,WE,Towers with Display (VFR),2,4,57,2,65,0,1,103,5,109,2,5,160,7,174,76,0,76,250
02/10/2004,SCK,CA,AWP,WE,Towers with Display (VFR),2,5,56,2,65,0,0,104,5,109,2,5,160,7,174,76,0,76,250
02/11/2004,SCK,CA,AWP,WE,Towers with Display (VFR),2,5,52,0,59,0,1,84,0,85,2,6,136,0,144,102,0,102,246
02/12/2004,SCK,CA,AWP,WE,Towers with Display (VFR),2,3,50,2,57,0,0,99,0,99,2,3,149,2,156,38,0,38,194
02/13/2004,SCK,CA,AWP,WE,Towers with Display (VFR),2,3,49,0,54,0,0,54,0,54,2,3,103,0,108,12,0,12,120
02/14/2004,SCK,CA,AWP,WE,Towers with Display (VFR),0,1,31,0,32,0,0,95,0,95,0,1,126,0,127,54,0,54,181
02/15/2004,SCK,CA,AWP,WE,Towers with Display (VFR),2,0,35,0,37,0,0,65,0,65,2,0,100,0,102,14,0,14,116
02/16/2004,SCK,CA,AWP,WE,Towers with Display (VFR),1,3,31,0,35,0,0,10,0,10,1,3,41,0,45,6,0,6,51
02/17/2004,SCK,CA,AWP,WE,Towers with Display (VFR),2,3,34,1,40,0,0,35,0,35,2,3,69,1,75,2,0,2,77
02/18/2004,SCK,CA,AWP,WE,Towers with Display (VFR),1,3,37,2,43,1,4,70,6,81,2,7,107,8,124,44,6,50,174
02/19/2004,SCK,CA,AWP,WE,Towers with Display (VFR),2,8,86,4,100,0,3,114,0,117,2,11,200,4,217,85,0,85,302
02/20/2004,SCK,CA,AWP,WE,Towers with Display (VFR),1,4,57,3,65,1,0,69,1,71,2,4,126,4,136,46,0,46,182
02/21/2004,SCK,CA,AWP,WE,Towers with Display (VFR),1,3,63,4,71,0,0,37,0,37,1,3,100,4,108,38,2,40,148
02/22/2004,SCK,CA,AWP,WE,Towers with Display (VFR),0,3,45,0,48,0,0,24,0,24,0,3,69,0,72,24,0,24,96
02/23/2004,SCK,CA,AWP,WE,Towers with Display (VFR),1,4,39,2,46,0,1,49,1,51,1,5,88,3,97,74,0,74,171
02/24/2004,SCK,CA,AWP,WE,Towers with Display (VFR),1,6,64,1,72,1,6,48,0,55,2,12,112,1,127,46,0,46,173
02/25/2004,SCK,CA,AWP,WE,Towers with Display (VFR),0,3,27,0,30,2,3,4,0,9,2,6,31,0,39,0,0,0,39
02/26/2004,SCK,CA,AWP,WE,Towers with Display (VFR),1,1,53,2,57,1,0,17,14,32,2,1,70,16,89,0,0,0,89
02/27/2004,SCK,CA,AWP,WE,Towers with Display (VFR),1,5,56,1,63,1,3,59,0,63,2,8,115,1,126,28,0,28,154
02/28/2004,SCK,CA,AWP,WE,Towers with Display (VFR),1,2,70,0,73,0,0,78,0,78,1,2,148,0,151,64,0,64,215
02/29/2004,SCK,CA,AWP,WE,Towers with Display (VFR),0,1,64,0,65,0,0,20,0,20,0,1,84,0,85,28,0,28,113
03/01/2004,SCK,CA,AWP,WE,Towers with Display (VFR),1,3,78,3,85,0,0,21,5,26,1,3,99,8,111,2,0,2,113
03/02/2004,SCK,CA,AWP,WE,Towers with Display (VFR),2,2,45,2,51,0,1,49,1,51,2,3,94,3,102,82,16,98,200
03/03/2004,SCK,CA,AWP,WE,Towers with Display (VFR),2,5,86,3,96,0,0,96,4,100,2,5,182,7,196,60,6,66,262
03/04/2004,SCK,CA,AWP,WE,Towers with Display (VFR),2,5,84,3,94,0,1,81,5,87,2,6,165,8,181,80,16,96,277
03/05/2004,SCK,CA,AWP,WE,Towers with Display (VFR),2,6,108,4,120,0,5,107,1,113,2,11,215,5,233,62,10,72,305
03/06/2004,SCK,CA,AWP,WE,Towers with Display (VFR),1,2,58,0,61,0,0,105,0,105,1,2,163,0,166,28,0,28,194
03/07/2004,SCK,CA,AWP,WE,Towers with Display (VFR),2,0,49,0,51,0,0,119,0,119,2,0,168,0,170,68,0,68,238
03/08/2004,SCK,CA,AWP,WE,Towers with Display (VFR),1,3,58,0,62,0,3,75,0,78,1,6,133,0,140,54,0,54,194
03/09/2004,SCK,CA,AWP,WE,Towers with Display (VFR),2,4,69,2,77,0,2,111,1,114,2,6,180,3,191,50,0,50,241
03/10/2004,SCK,CA,AWP,WE,Towers with Display (VFR),2,3,70,2,77,0,0,126,4,130,2,3,196,6,207,80,0,80,287
03/11/2004,SCK,CA,AWP,WE,Towers with Display (VFR),2,2,71,1,76,0,0,101,0,101,2,2,172,1,177,90,22,112,289
03/12/2004,SCK,CA,AWP,WE,Towers with Display (VFR),2,1,50,2,55,0,0,104,14,118,2,1,154,16,173,56,16,72,245
03/13/2004,SCK,CA,AWP,WE,Towers with Display (VFR),0,3,65,2,70,0,0,133,10,143,0,3,198,12,213,80,16,96,309
03/14/2004,SCK,CA,AWP,WE,Towers with Display (VFR),0,1,24,0,25,0,0,76,6,82,0,1,100,6,107,56,4,60,167
03/15/2004,SCK,CA,AWP,WE,Towers with Display (VFR),1,4,62,0,67,0,0,80,0,80,1,4,142,0,147,78,0,78,225
03/16/2004,SCK,CA,AWP,WE,Towers with Display (VFR),1,4,52,2,59,0,5,92,1,98,1,9,144,3,157,62,2,64,221
03/17/2004,SCK,CA,AWP,WE,Towers with Display (VFR),2,5,73,4,84,2,1,112,7,122,4,6,185,11,206,76,2,78,284
03/18/2004,SCK,CA,AWP,WE,Towers with Display (VFR),2,3,69,3,77,0,0,100,6,106,2,3,169,9,183,102,6,108,291
03/19/2004,SCK,CA,AWP,WE,Towers with Display (VFR),1,3,58,4,66,1,0,95,4,100,2,3,153,8,166,124,4,128,294
03/20/2004,SCK,CA,AWP,WE,Towers with Display (VFR),1,3,44,0,48,0,3,89,0,92,1,6,133,0,140,106,0,106,246
03/21/2004,SCK,CA,AWP,WE,Towers with Display (VFR),0,4,64,2,70,0,0,46,0,46,0,4,110,2,116,40,0,40,156
03/22/2004,SCK,CA,AWP,WE,Towers with Display (VFR),1,4,54,3,62,0,0,71,1,72,1,4,125,4,134,72,0,72,206
03/23/2004,SCK,CA,AWP,WE,Towers with Display (VFR),1,4,57,0,62,1,6,92,0,99,2,10,149,0,161,86,0,86,247
03/24/2004,SCK,CA,AWP,WE,Towers with Display (VFR),2,2,74,2,80,0,0,111,0,111,2,2,185,2,191,52,0,52,243
03/25/2004,SCK,CA,AWP,WE,Towers with Display (VFR),1,4,60,1,66,1,0,82,0,83,2,4,142,1,149,68,0,68,217
03/26/2004,SCK,CA,AWP,WE,Towers with Display (VFR),1,4,58,2,65,1,1,105,0,107,2,5,163,2,172,96,8,104,276
03/27/2004,SCK,CA,AWP,WE,Towers with Display (VFR),1,1,65,0,67,0,0,61,0,61,1,1,126,0,128,70,0,70,198
03/28/2004,SCK,CA,AWP,WE,Towers with Display (VFR),0,2,44,0,46,0,0,105,0,105,0,2,149,0,151,95,0,95,246
03/29/2004,SCK,CA,AWP,WE,Towers with Display (VFR),1,4,52,2,59,0,5,112,5,122,1,9,164,7,181,58,0,58,239
03/30/2004,SCK,CA,AWP,WE,Towers with Display (VFR),1,4,71,2,78,0,0,46,32,78,1,4,117,34,156,56,6,62,218
03/31/2004,SCK,CA,AWP,WE,Towers with Display (VFR),2,4,84,3,93,13,0,88,9,110,15,4,172,12,203,52,0,52,255
04/01/2004,SCK,CA,AWP,WE,Towers with Display (VFR),3,5,44,3,55,0,0,89,8,97,3,5,133,11,152,24,32,56,208
04/02/2004,SCK,CA,AWP,WE,Towers with Display (VFR),1,2,30,2,35,0,0,98,11,109,1,2,128,13,144,78,8,86,230
04/03/2004,SCK,CA,AWP,WE,Towers with Display (VFR),1,1,34,0,36,0,0,106,0,106,1,1,140,0,142,72,0,72,214
04/04/2004,SCK,CA,AWP,WE,Towers with Display (VFR),0,0,34,0,34,0,0,56,0,56,0,0,90,0,90,34,0,34,124
04/05/2004,SCK,CA,AWP,WE,Towers with Display (VFR),1,2,26,0,29,0,2,66,0,68,1,4,92,0,97,126,0,126,223
04/06/2004,SCK,CA,AWP,WE,Towers with Display (VFR),2,6,51,4,63,0,1,91,20,112,2,7,142,24,175,56,18,74,249
04/07/2004,SCK,CA,AWP,WE,Towers with Display (VFR),2,5,47,3,57,0,8,115,5,128,2,13,162,8,185,56,8,64,249
04/08/2004,SCK,CA,AWP,WE,Towers with Display (VFR),3,5,60,4,72,0,0,182,10,192,3,5,242,14,264,154,22,176,440
04/09/2004,SCK,CA,AWP,WE,Towers with Display (VFR),2,3,40,3,48,0,0,131,1,132,2,3,171,4,180,114,14,128,308
04/10/2004,SCK,CA,AWP,WE,Towers with Display (VFR),1,3,35,2,41,0,0,76,0,76,1,3,111,2,117,90,0,90,207
04/11/2004,SCK,CA,AWP,WE,Towers with Display (VFR),0,2,35,2,39,0,0,85,0,85,0,2,120,2,124,16,0,16,140
04/12/2004,SCK,CA,AWP,WE,Towers with Display (VFR),1,7,50,5,63,0,1,66,9,76,1,8,116,14,139,64,0,64,203
04/13/2004,SCK,CA,AWP,WE,Towers with Display (VFR),2,4,29,0,35,0,0,61,0,61,2,4,90,0,96,32,0,32,128
04/14/2004,SCK,CA,AWP,WE,Towers with Display (VFR),2,6,47,4,59,0,0,106,3,109,2,6,153,7,168,32,0,32,200
04/15/2004,SCK,CA,AWP,WE,Towers with Display (VFR),2,4,37,3,46,0,3,97,0,100,2,7,134,3,146,50,0,50,196
04/16/2004,SCK,CA,AWP,WE,Towers with Display (VFR),2,4,57,5,68,0,0,110,7,117,2,4,167,12,185,62,0,62,247
04/17/2004,SCK,CA,AWP,WE,Towers with Display (VFR),1,5,35,0,41,0,1,65,0,66,1,6,100,0,107,50,0,50,157
04/18/2004,SCK,CA,AWP,WE,Towers with Display (VFR),0,2,55,5,62,0,0,55,8,63,0,2,110,13,125,76,4,80,205
04/19/2004,SCK,CA,AWP,WE,Towers with Display (VFR),1,11,83,7,102,0,0,49,31,80,1,11,132,38,182,36,16,52,234
04/20/2004,SCK,CA,AWP,WE,Towers with Display (VFR),2,1,71,6,80,0,0,72,10,82,2,1,143,16,162,54,10,64,226
04/21/2004,SCK,CA,AWP,WE,Towers with Display (VFR),2,11,85,8,106,0,1,74,10,85,2,12,159,18,191,92,6,98,289
04/22/2004,SCK,CA,AWP,WE,Towers with Display (VFR),2,7,56,5,70,0,1,100,2,103,2,8,156,7,173,22,0,22,195
04/23/2004,SCK,CA,AWP,WE,Towers with Display (VFR),1,9,72,6,88,0,1,226,1,228,1,10,298,7,316,50,0,50,366
04/24/2004,SCK,CA,AWP,WE,Towers with Display (VFR),1,5,39,2,47,0,10,250,0,260,1,15,289,2,307,110,0,110,417
04/25/2004,SCK,CA,AWP,WE,Towers with Display (VFR),0,0,9,1,10,0,2,114,1,117,0,2,123,2,127,54,0,54,181
04/26/2004,SCK,CA,AWP,WE,Towers with Display (VFR),0,0,9,1,10,2,2,63,2,69,2,2,72,3,79,22,0,22,101
04/27/2004,SCK,CA,AWP,WE,Towers with Display (VFR),2,4,32,2,40,0,6,98,5,109,2,10,130,7,149,68,0,68,217
04/28/2004,SCK,CA,AWP,WE,Towers with Display (VFR),2,6,48,1,57,0,4,107,0,111,2,10,155,1,168,34,0,34,202
04/29/2004,SCK,CA,AWP,WE,Towers with Display (VFR),2,8,63,0,73,0,7,162,0,169,2,15,225,0,242,43,0,43,285
04/30/2004,SCK,CA,AWP,WE,Towers with Display (VFR),2,6,53,3,64,0,0,107,0,107,2,6,160,3,171,62,1,63,234
05/01/2004,SCK,CA,AWP,WE,Towers with Display (VFR),1,1,44,0,46,0,0,119,0,119,1,1,163,0,165,100,0,100,265
05/02/2004,SCK,CA,AWP,WE,Towers with Display (VFR),0,1,21,0,22,0,1,77,3,81,0,2,98,3,103,26,0,26,129
05/03/2004,SCK,CA,AWP,WE,Towers with Display (VFR),1,3,45,1,50,0,0,95,0,95,1,3,140,1,145,78,0,78,223
05/04/2004,SCK,CA,AWP,WE,Towers with Display (VFR),2,5,65,3,75,0,3,114,8,125,2,8,179,11,200,72,2,74,274
05/05/2004,SCK,CA,AWP,WE,Towers with Display (VFR),2,3,61,3,69,0,0,148,1,149,2,3,209,4,218,70,0,70,288
05/06/2004,SCK,CA,AWP,WE,Towers with Display (VFR),2,5,65,2,74,0,10,115,0,125,2,15,180,2,199,60,0,60,259
05/07/2004,SCK,CA,AWP,WE,Towers with Display (VFR),2,5,66,3,76,0,9,121,0,130,2,14,187,3,206,134,0,134,340
05/08/2004,SCK,CA,AWP,WE,Towers with Display (VFR),1,3,32,0,36,0,0,110,0,110,1,3,142,0,146,159,0,159,305
05/09/2004,SCK,CA,AWP,WE,Towers with Display (VFR),0,0,52,0,52,0,0,60,0,60,0,0,112,0,112,110,0,110,222
05/10/2004,SCK,CA,AWP,WE,Towers with Display (VFR),1,4,47,0,52,0,6,75,0,81,1,10,122,0,133,22,0,22,155
05/11/2004,SCK,CA,AWP,WE,Towers with Display (VFR),2,5,48,2,57,0,0,92,2,94,2,5,140,4,151,40,4,44,195
05/12/2004,SCK,CA,AWP,WE,Towers with Display (VFR),2,7,71,0,80,0,3,109,0,112,2,10,180,0,192,42,0,42,234
05/13/2004,SCK,CA,AWP,WE,Towers with Display (VFR),2,8,81,3,94,0,7,141,13,161,2,15,222,16,255,66,10,76,331
05/14/2004,SCK,CA,AWP,WE,Towers with Display (VFR),2,3,42,2,49,0,0,134,0,134,2,3,176,2,183,76,0,76,259
05/15/2004,SCK,CA,AWP,WE,Towers with Display (VFR),1,4,44,0,49,0,0,119,0,119,1,4,163,0,168,76,0,76,244
05/16/2004,SCK,CA,AWP,WE,Towers with Display (VFR),0,3,31,0,34,0,0,101,0,101,0,3,132,0,135,88,0,88,223
05/17/2004,SCK,CA,AWP,WE,Towers with Display (VFR),1,6,59,0,66,0,0,92,0,92,1,6,151,0,158,24,0,24,182
05/18/2004,SCK,CA,AWP,WE,Towers with Display (VFR),1,6,60,1,68,1,0,66,0,67,2,6,126,1,135,56,0,56,191
05/19/2004,SCK,CA,AWP,WE,Towers with Display (VFR),2,7,73,4,86,0,1,92,9,102,2,8,165,13,188,40,0,40,228
05/20/2004,SCK,CA,AWP,WE,Towers with Display (VFR),1,6,62,4,73,2,1,119,0,122,3,7,181,4,195,22,14,36,231
05/21/2004,SCK,CA,AWP,WE,Towers with Display (VFR),2,6,74,2,84,0,0,102,0,102,2,6,176,2,186,22,0,22,208
05/22/2004,SCK,CA,AWP,WE,Towers with Display (VFR),1,2,65,0,68,0,0,80,0,80,1,2,145,0,148,22,0,22,170
05/23/2004,SCK,CA,AWP,WE,Towers with Display (VFR),0,1,32,0,33,0,0,72,0,72,0,1,104,0,105,60,0,60,165
05/24/2004,SCK,CA,AWP,WE,Towers with Display (VFR),1,2,63,3,69,0,0,57,11,68,1,2,120,14,137,92,4,96,233
05/25/2004,SCK,CA,AWP,WE,Towers with Display (VFR),1,6,56,2,65,2,22,59,10,93,3,28,115,12,158,16,10,26,184
05/26/2004,SCK,CA,AWP,WE,Towers with Display (VFR),1,5,63,3,72,1,0,95,12,108,2,5,158,15,180,52,8,60,240
05/27/2004,SCK,CA,AWP,WE,Towers with Display (VFR),2,7,76,2,87,0,1,129,0,130,2,8,205,2,217,44,12,56,273
05/28/2004,SCK,CA,AWP,WE,Towers with Display (VFR),1,1,37,0,39,2,0,99,0,101,3,1,136,0,140,59,0,59,199
05/29/2004,SCK,CA,AWP,WE,Towers with Display (VFR),0,0,25,0,25,0,0,85,0,85,0,0,110,0,110,76,0,76,186
05/30/2004,SCK,CA,AWP,WE,Towers with Display (VFR),0,1,36,0,37,0,0,79,0,79,0,1,115,0,116,48,0,48,164
05/31/2004,SCK,CA,AWP,WE,Towers with Display (VFR),0,2,17,0,19,0,0,84,0,84,0,2,101,0,103,131,0,131,234
06/01/2004,SCK,CA,AWP,WE,Towers with Display (VFR),0,0,0,0,0,0,0,0,0,0,0,0,0,0,0,0,0,0,0
06/02/2004,SCK,CA,AWP,WE,Towers with Display (VFR),2,2,52,3,59,0,11,130,2,143,2,13,182,5,202,92,8,100,302
06/03/2004,SCK,CA,AWP,WE,Towers with Display (VFR),3,4,73,4,84,1,0,134,9,144,4,4,207,13,228,36,0,36,264
06/04/2004,SCK,CA,AWP,WE,Towers with Display (VFR),2,3,57,2,64,0,0,153,0,153,2,3,210,2,217,84,0,84,301
06/05/2004,SCK,CA,AWP,WE,Towers with Display (VFR),1,2,41,2,46,0,4,78,4,86,1,6,119,6,132,70,22,92,224
06/06/2004,SCK,CA,AWP,WE,Towers with Display (VFR),0,1,30,1,32,0,0,93,5,98,0,1,123,6,130,24,0,24,154
06/07/2004,SCK,CA,AWP,WE,Towers with Display (VFR),0,1,42,2,45,0,0,60,6,66,0,1,102,8,111,54,8,62,173
06/08/2004,SCK,CA,AWP,WE,Towers with Display (VFR),2,3,50,3,58,1,3,80,18,102,3,6,130,21,160,106,28,134,294
06/09/2004,SCK,CA,AWP,WE,Towers with Display (VFR),3,2,64,1,70,2,0,112,0,114,5,2,176,1,184,62,0,62,246
06/10/2004,SCK,CA,AWP,WE,Towers with Display (VFR),4,5,77,4,90,0,1,139,21,161,4,6,216,25,251,46,24,70,321
06/11/2004,SCK,CA,AWP,WE,Towers with Display (VFR),2,2,53,3,60,0,2,143,14,159,2,4,196,17,219,116,0,116,335
06/12/2004,SCK,CA,AWP,WE,Towers with Display (VFR),1,2,41,2,46,0,1,95,0,96,1,3,136,2,142,88,6,94,236
06/13/2004,SCK,CA,AWP,WE,Towers with Display (VFR),2,0,42,0,44,0,0,94,0,94,2,0,136,0,138,60,0,60,198
06/14/2004,SCK,CA,AWP,WE,Towers with Display (VFR),1,1,64,4,70,0,0,95,13,108,1,1,159,17,178,88,4,92,270
06/15/2004,SCK,CA,AWP,WE,Towers with Display (VFR),2,2,41,2,47,1,0,135,5,141,3,2,176,7,188,68,8,76,264
06/16/2004,SCK,CA,AWP,WE,Towers with Display (VFR),2,5,59,4,70,2,0,132,11,145,4,5,191,15,215,86,12,98,313
06/17/2004,SCK,CA,AWP,WE,Towers with Display (VFR),2,4,60,4,70,0,0,98,15,113,2,4,158,19,183,92,10,102,285
06/18/2004,SCK,CA,AWP,WE,Towers with Display (VFR),2,5,62,4,73,0,25,138,3,166,2,30,200,7,239,108,0,108,347
06/19/2004,SCK,CA,AWP,WE,Towers with Display (VFR),1,3,39,0,43,0,2,98,0,100,1,5,137,0,143,76,0,76,219
06/20/2004,SCK,CA,AWP,WE,Towers with Display (VFR),0,0,20,0,20,0,0,85,0,85,0,0,105,0,105,74,0,74,179
06/21/2004,SCK,CA,AWP,WE,Towers with Display (VFR),2,4,56,4,66,0,1,106,11,118,2,5,162,15,184,82,4,86,270
06/22/2004,SCK,CA,AWP,WE,Towers with Display (VFR),2,3,64,4,73,0,0,117,10,127,2,3,181,14,200,66,6,72,272
06/23/2004,SCK,CA,AWP,WE,Towers with Display (VFR),2,5,61,4,72,0,0,139,10,149,2,5,200,14,221,144,4,148,369
06/24/2004,SCK,CA,AWP,WE,Towers with Display (VFR),1,2,45,3,51,1,0,132,0,133,2,2,177,3,184,124,0,124,308
06/25/2004,SCK,CA,AWP,WE,Towers with Display (VFR),2,7,92,4,105,0,0,123,0,123,2,7,215,4,228,120,0,120,348
06/26/2004,SCK,CA,AWP,WE,Towers with Display (VFR),1,3,36,1,41,0,2,88,0,90,1,5,124,1,131,42,0,42,173
06/27/2004,SCK,CA,AWP,WE,Towers with Display (VFR),0,3,42,4,49,0,1,61,0,62,0,4,103,4,111,34,0,34,145
06/28/2004,SCK,CA,AWP,WE,Towers with Display (VFR),2,1,59,4,66,0,0,114,0,114,2,1,173,4,180,78,2,80,260
06/29/2004,SCK,CA,AWP,WE,Towers with Display (VFR),2,4,73,5,84,0,0,70,15,85,2,4,143,20,169,32,4,36,205
06/30/2004,SCK,CA,AWP,WE,Towers with Display (VFR),2,4,57,3,66,5,1,137,5,148,7,5,194,8,214,88,12,100,314
07/01/2004,SCK,CA,AWP,WE,Towers with Display (VFR),2,5,60,4,71,0,0,115,8,123,2,5,175,12,194,72,10,82,276
07/02/2004,SCK,CA,AWP,WE,Towers with Display (VFR),2,3,53,3,61,0,0,95,3,98,2,3,148,6,159,28,6,34,193
07/03/2004,SCK,CA,AWP,WE,Towers with Display (VFR),0,0,15,0,15,0,0,76,0,76,0,0,91,0,91,68,0,68,159
07/04/2004,SCK,CA,AWP,WE,Towers with Display (VFR),0,2,21,0,23,0,1,60,0,61,0,3,81,0,84,26,0,26,110
07/05/2004,SCK,CA,AWP,WE,Towers with Display (VFR),0,2,21,0,23,0,0,134,0,134,0,2,155,0,157,12,0,12,169
07/06/2004,SCK,CA,AWP,WE,Towers with Display (VFR),1,4,40,2,47,0,2,77,8,87,1,6,117,10,134,50,0,50,184
07/07/2004,SCK,CA,AWP,WE,Towers with Display (VFR),2,4,48,2,56,0,0,104,0,104,2,4,152,2,160,74,0,74,234
07/08/2004,SCK,CA,AWP,WE,Towers with Display (VFR),3,5,41,2,51,1,0,127,3,131,4,5,168,5,182,60,0,60,242
07/09/2004,SCK,CA,AWP,WE,Towers with Display (VFR),2,2,33,2,39,0,0,89,0,89,2,2,122,2,128,96,0,96,224
07/10/2004,SCK,CA,AWP,WE,Towers with Display (VFR),1,2,23,0,26,0,0,112,0,112,1,2,135,0,138,74,0,74,212
07/11/2004,SCK,CA,AWP,WE,Towers with Display (VFR),0,1,26,0,27,0,0,52,0,52,0,1,78,0,79,0,0,0,79
07/12/2004,SCK,CA,AWP,WE,Towers with Display (VFR),1,2,17,1,21,1,0,56,2,59,2,2,73,3,80,92,0,92,172
07/13/2004,SCK,CA,AWP,WE,Towers with Display (VFR),3,5,39,2,49,0,1,71,2,74,3,6,110,4,123,70,0,70,193
07/14/2004,SCK,CA,AWP,WE,Towers with Display (VFR),2,4,27,1,34,0,4,124,0,128,2,8,151,1,162,62,0,62,224
07/15/2004,SCK,CA,AWP,WE,Towers with Display (VFR),3,3,54,4,64,3,0,117,9,129,6,3,171,13,193,74,0,74,267
07/16/2004,SCK,CA,AWP,WE,Towers with Display (VFR),1,4,27,2,34,2,3,157,6,168,3,7,184,8,202,84,0,84,286
07/17/2004,SCK,CA,AWP,WE,Towers with Display (VFR),1,2,19,2,24,1,0,108,1,110,2,2,127,3,134,52,0,52,186
07/18/2004,SCK,CA,AWP,WE,Towers with Display (VFR),1,3,27,0,31,0,0,68,0,68,1,3,95,0,99,24,0,24,123
07/19/2004,SCK,CA,AWP,WE,Towers with Display (VFR),1,2,26,2,31,0,0,94,2,96,1,2,120,4,127,62,0,62,189
07/20/2004,SCK,CA,AWP,WE,Towers with Display (VFR),1,3,25,2,31,1,0,114,3,118,2,3,139,5,149,79,0,79,228
07/21/2004,SCK,CA,AWP,WE,Towers with Display (VFR),2,3,37,0,42,0,0,131,0,131,2,3,168,0,173,98,10,108,281
07/22/2004,SCK,CA,AWP,WE,Towers with Display (VFR),1,5,31,3,40,1,1,105,0,107,2,6,136,3,147,120,0,120,267
07/23/2004,SCK,CA,AWP,WE,Towers with Display (VFR),1,3,23,2,29,1,3,109,0,113,2,6,132,2,142,84,0,84,226
07/24/2004,SCK,CA,AWP,WE,Towers with Display (VFR),1,1,23,0,25,0,0,93,0,93,1,1,116,0,118,34,0,34,152
07/25/2004,SCK,CA,AWP,WE,Towers with Display (VFR),0,2,7,0,9,0,1,71,0,72,0,3,78,0,81,39,0,39,120
07/26/2004,SCK,CA,AWP,WE,Towers with Display (VFR),1,4,26,0,31,0,1,86,0,87,1,5,112,0,118,108,0,108,226
07/27/2004,SCK,CA,AWP,WE,Towers with Display (VFR),2,5,36,3,46,0,1,97,3,101,2,6,133,6,147,72,10,82,229
07/28/2004,SCK,CA,AWP,WE,Towers with Display (VFR),1,3,21,2,27,3,0,114,0,117,4,3,135,2,144,78,0,78,222
07/29/2004,SCK,CA,AWP,WE,Towers with Display (VFR),1,5,34,2,42,1,5,183,11,200,2,10,217,13,242,172,0,172,414
07/30/2004,SCK,CA,AWP,WE,Towers with Display (VFR),1,4,30,2,37,1,5,84,9,99,2,9,114,11,136,48,0,48,184
07/31/2004,SCK,CA,AWP,WE,Towers with Display (VFR),1,3,21,1,26,0,0,87,1,88,1,3,108,2,114,92,0,92,206
08/01/2004,SCK,CA,AWP,WE,Towers with Display (VFR),0,1,24,0,25,0,1,71,0,72,0,2,95,0,97,16,0,16,113
08/02/2004,SCK,CA,AWP,WE,Towers with Display (VFR),1,1,27,0,29,0,0,77,0,77,1,1,104,0,106,138,0,138,244
08/03/2004,SCK,CA,AWP,WE,Towers with Display (VFR),2,1,25,1,29,0,20,83,6,109,2,21,108,7,138,154,16,170,308
08/04/2004,SCK,CA,AWP,WE,Towers with Display (VFR),2,3,37,2,44,1,0,120,6,127,3,3,157,8,171,108,8,116,287
08/05/2004,SCK,CA,AWP,WE,Towers with Display (VFR),3,3,45,2,53,1,0,113,13,127,4,3,158,15,180,84,2,86,266
08/06/2004,SCK,CA,AWP,WE,Towers with Display (VFR),2,4,48,2,56,0,0,89,4,93,2,4,137,6,149,72,0,72,221
08/07/2004,SCK,CA,AWP,WE,Towers with Display (VFR),1,0,2,0,3,0,2,114,3,119,1,2,116,3,122,106,0,106,228
08/08/2004,SCK,CA,AWP,WE,Towers with Display (VFR),1,0,14,0,15,1,0,89,0,90,2,0,103,0,105,20,0,20,125
08/09/2004,SCK,CA,AWP,WE,Towers with Display (VFR),1,3,47,0,51,0,0,134,0,134,1,3,181,0,185,98,0,98,283
08/10/2004,SCK,CA,AWP,WE,Towers with Display (VFR),2,3,40,0,45,0,0,175,0,175,2,3,215,0,220,128,2,130,350
08/11/2004,SCK,CA,AWP,WE,Towers with Display (VFR),2,4,39,2,47,1,3,129,2,135,3,7,168,4,182,70,6,76,258
08/12/2004,SCK,CA,AWP,WE,Towers with Display (VFR),3,6,52,2,63,1,0,162,13,176,4,6,214,15,239,124,0,124,363
08/13/2004,SCK,CA,AWP,WE,Towers with Display (VFR),3,4,49,2,58,1,0,145,6,152,4,4,194,8,210,108,12,120,330
08/14/2004,SCK,CA,AWP,WE,Towers with Display (VFR),1,2,25,1,29,0,0,93,0,93,1,2,118,1,122,40,0,40,162
08/15/2004,SCK,CA,AWP,WE,Towers with Display (VFR),0,3,31,2,36,0,1,73,2,76,0,4,104,4,112,18,0,18,130
08/16/2004,SCK,CA,AWP,WE,Towers with Display (VFR),1,3,38,3,45,2,0,78,10,90,3,3,116,13,135,108,6,114,249
08/17/2004,SCK,CA,AWP,WE,Towers with Display (VFR),2,6,60,4,72,0,4,97,0,101,2,10,157,4,173,56,0,56,229
08/18/2004,SCK,CA,AWP,WE,Towers with Display (VFR),2,4,57,0,63,0,0,87,0,87,2,4,144,0,150,114,22,136,286
08/19/2004,SCK,CA,AWP,WE,Towers with Display (VFR),2,6,61,4,73,0,4,142,0,146,2,10,203,4,219,68,0,68,287
08/20/2004,SCK,CA,AWP,WE,Towers with Display (VFR),2,6,60,4,72,0,0,180,4,184,2,6,240,8,256,110,8,118,374
08/21/2004,SCK,CA,AWP,WE,Towers with Display (VFR),1,4,36,2,43,0,1,114,0,115,1,5,150,2,158,60,0,60,218
08/22/2004,SCK,CA,AWP,WE,Towers with Display (VFR),0,0,51,2,53,0,0,123,0,123,0,0,174,2,176,76,0,76,252
08/23/2004,SCK,CA,AWP,WE,Towers with Display (VFR),1,6,56,2,65,0,0,102,6,108,1,6,158,8,173,110,0,110,283
08/24/2004,SCK,CA,AWP,WE,Towers with Display (VFR),2,4,47,2,55,0,4,89,4,97,2,8,136,6,152,118,6,124,276
08/25/2004,SCK,CA,AWP,WE,Towers with Display (VFR),2,5,50,0,57,0,0,140,0,140,2,5,190,0,197,142,0,142,339
08/26/2004,SCK,CA,AWP,WE,Towers with Display (VFR),2,7,70,3,82,0,0,168,11,179,2,7,238,14,261,68,2,70,331
08/27/2004,SCK,CA,AWP,WE,Towers with Display (VFR),2,2,58,3,65,3,0,126,5,134,5,2,184,8,199,84,0,84,283
08/28/2004,SCK,CA,AWP,WE,Towers with Display (VFR),1,1,37,0,39,0,0,76,0,76,1,1,113,0,115,30,0,30,145
08/29/2004,SCK,CA,AWP,WE,Towers with Display (VFR),0,3,29,0,32,0,0,77,0,77,0,3,106,0,109,0,0,0,109
08/30/2004,SCK,CA,AWP,WE,Towers with Display (VFR),1,4,38,0,43,0,4,87,0,91,1,8,125,0,134,92,0,92,226
08/31/2004,SCK,CA,AWP,WE,Towers with Display (VFR),2,2,46,0,50,0,0,97,0,97,2,2,143,0,147,60,0,60,207
09/01/2004,SCK,CA,AWP,WE,Towers with Display (VFR),3,4,62,3,72,7,0,124,12,143,10,4,186,15,215,104,0,104,319
09/02/2004,SCK,CA,AWP,WE,Towers with Display (VFR),2,4,54,2,62,0,6,148,6,160,2,10,202,8,222,58,8,66,288
09/03/2004,SCK,CA,AWP,WE,Towers with Display (VFR),3,5,63,2,73,5,2,102,7,116,8,7,165,9,189,38,0,38,227
09/04/2004,SCK,CA,AWP,WE,Towers with Display (VFR),0,2,30,0,32,0,0,63,0,63,0,2,93,0,95,36,0,36,131
09/05/2004,SCK,CA,AWP,WE,Towers with Display (VFR),0,1,20,0,21,0,2,65,7,74,0,3,85,7,95,44,0,44,139
09/06/2004,SCK,CA,AWP,WE,Towers with Display (VFR),0,1,21,0,22,0,0,60,0,60,0,1,81,0,82,44,0,44,126
09/07/2004,SCK,CA,AWP,WE,Towers with Display (VFR),0,3,40,1,44,0,2,91,6,99,0,5,131,7,143,116,14,130,273
09/08/2004,SCK,CA,AWP,WE,Towers with Display (VFR),3,4,57,2,66,0,4,119,1,124,3,8,176,3,190,44,6,50,240
09/09/2004,SCK,CA,AWP,WE,Towers with Display (VFR),2,1,40,1,44,0,0,127,3,130,2,1,167,4,174,78,0,78,252
09/10/2004,SCK,CA,AWP,WE,Towers with Display (VFR),2,2,30,1,35,0,0,119,10,129,2,2,149,11,164,88,2,90,254
09/11/2004,SCK,CA,AWP,WE,Towers with Display (VFR),1,2,49,0,52,0,0,118,0,118,1,2,167,0,170,78,0,78,248
09/12/2004,SCK,CA,AWP,WE,Towers with Display (VFR),0,1,25,1,27,0,1,70,21,92,0,2,95,22,119,48,0,48,167
09/13/2004,SCK,CA,AWP,WE,Towers with Display (VFR),1,3,47,1,52,0,0,64,7,71,1,3,111,8,123,82,16,98,221
09/14/2004,SCK,CA,AWP,WE,Towers with Display (VFR),2,3,41,1,47,0,1,97,3,101,2,4,138,4,148,46,0,46,194
09/15/2004,SCK,CA,AWP,WE,Towers with Display (VFR),2,4,40,0,46,0,0,143,0,143,2,4,183,0,189,140,0,140,329
09/16/2004,SCK,CA,AWP,WE,Towers with Display (VFR),1,3,37,1,42,1,0,149,0,150,2,3,186,1,192,42,0,42,234
09/17/2004,SCK,CA,AWP,WE,Towers with Display (VFR),2,4,56,3,65,0,0,148,2,150,2,4,204,5,215,66,0,66,281
09/18/2004,SCK,CA,AWP,WE,Towers with Display (VFR),0,2,19,1,22,1,0,101,8,110,1,2,120,9,132,60,14,74,206
09/19/2004,SCK,CA,AWP,WE,Towers with Display (VFR),0,0,0,0,0,0,2,93,2,97,0,2,93,2,97,4,0,4,101
09/20/2004,SCK,CA,AWP,WE,Towers with Display (VFR),1,1,87,4,93,0,0,66,0,66,1,1,153,4,159,10,0,10,169
09/21/2004,SCK,CA,AWP,WE,Towers with Display (VFR),2,4,45,2,53,0,0,99,1,100,2,4,144,3,153,48,8,56,209
09/22/2004,SCK,CA,AWP,WE,Towers with Display (VFR),2,3,55,3,63,3,0,119,2,124,5,3,174,5,187,62,6,68,255
09/23/2004,SCK,CA,AWP,WE,Towers with Display (VFR),2,7,80,2,91,0,0,153,0,153,2,7,233,2,244,80,0,80,324
09/24/2004,SCK,CA,AWP,WE,Towers with Display (VFR),2,5,58,3,68,0,4,166,5,175,2,9,224,8,243,80,0,80,323
09/25/2004,SCK,CA,AWP,WE,Towers with Display (VFR),1,1,36,0,38,1,0,86,0,87,2,1,122,0,125,77,0,77,202
09/26/2004,SCK,CA,AWP,WE,Towers with Display (VFR),1,2,37,0,40,1,0,92,0,93,2,2,129,0,133,27,0,27,160
09/27/2004,SCK,CA,AWP,WE,Towers with Display (VFR),1,5,47,2,55,0,3,67,0,70,1,8,114,2,125,110,0,110,235
09/28/2004,SCK,CA,AWP,WE,Towers with Display (VFR),2,6,61,3,72,0,10,114,7,131,2,16,175,10,203,98,20,118,321
09/29/2004,SCK,CA,AWP,WE,Towers with Display (VFR),2,4,74,2,82,0,0,101,0,101,2,4,175,2,183,60,0,60,243
09/30/2004,SCK,CA,AWP,WE,Towers with Display (VFR),2,2,63,3,70,1,0,84,0,85,3,2,147,3,155,66,0,66,221
10/01/2004,SCK,CA,AWP,WE,Towers with Display (VFR),2,6,75,2,85,0,0,116,0,116,2,6,191,2,201,36,2,38,239
10/02/2004,SCK,CA,AWP,WE,Towers with Display (VFR),1,2,45,0,48,0,0,97,1,98,1,2,142,1,146,86,0,86,232
10/03/2004,SCK,CA,AWP,WE,Towers with Display (VFR),0,0,41,0,41,0,0,53,4,57,0,0,94,4,98,32,0,32,130
10/04/2004,SCK,CA,AWP,WE,Towers with Display (VFR),0,0,0,0,0,1,4,184,13,202,1,4,184,13,202,66,10,76,278
10/05/2004,SCK,CA,AWP,WE,Towers with Display (VFR),2,7,53,8,70,0,0,109,5,114,2,7,162,13,184,146,0,146,330
10/06/2004,SCK,CA,AWP,WE,Towers with Display (VFR),2,12,47,4,65,0,0,196,7,203,2,12,243,11,268,72,0,72,340
10/07/2004,SCK,CA,AWP,WE,Towers with Display (VFR),2,4,46,15,67,0,0,153,16,169,2,4,199,31,236,60,14,74,310
10/08/2004,SCK,CA,AWP,WE,Towers with Display (VFR),2,5,60,0,67,0,0,168,2,170,2,5,228,2,237,60,0,60,297
10/09/2004,SCK,CA,AWP,WE,Towers with Display (VFR),1,3,69,0,73,0,0,41,0,41,1,3,110,0,114,84,0,84,198
10/10/2004,SCK,CA,AWP,WE,Towers with Display (VFR),0,1,45,0,46,0,0,64,0,64,0,1,109,0,110,22,0,22,132
10/11/2004,SCK,CA,AWP,WE,Towers with Display (VFR),1,1,73,0,75,0,0,118,0,118,1,1,191,0,193,72,0,72,265
10/12/2004,SCK,CA,AWP,WE,Towers with Display (VFR),2,3,75,0,80,0,0,114,5,119,2,3,189,5,199,114,0,114,313
10/13/2004,SCK,CA,AWP,WE,Towers with Display (VFR),2,3,64,0,69,0,0,210,7,217,2,3,274,7,286,108,0,108,394
10/14/2004,SCK,CA,AWP,WE,Towers with Display (VFR),2,4,58,11,75,0,0,175,2,177,2,4,233,13,252,106,0,106,358
10/15/2004,SCK,CA,AWP,WE,Towers with Display (VFR),0,0,0,0,0,2,2,180,5,189,2,2,180,5,189,44,6,50,239
10/16/2004,SCK,CA,AWP,WE,Towers with Display (VFR),0,0,0,0,0,1,2,133,8,144,1,2,133,8,144,58,0,58,202
10/17/2004,SCK,CA,AWP,WE,Towers with Display (VFR),0,0,8,0,8,0,2,12,0,14,0,2,20,0,22,48,0,48,70
10/18/2004,SCK,CA,AWP,WE,Towers with Display (VFR),1,4,76,5,86,0,0,64,1,65,1,4,140,6,151,90,0,90,241
10/19/2004,SCK,CA,AWP,WE,Towers with Display (VFR),2,3,43,0,48,0,0,13,0,13,2,3,56,0,61,0,0,0,61
10/20/2004,SCK,CA,AWP,WE,Towers with Display (VFR),0,0,0,0,0,2,51,38,9,100,2,51,38,9,100,10,0,10,110
10/21/2004,SCK,CA,AWP,WE,Towers with Display (VFR),2,6,85,14,107,0,0,127,4,131,2,6,212,18,238,114,18,132,370
10/22/2004,SCK,CA,AWP,WE,Towers with Display (VFR),2,5,55,0,62,0,0,154,2,156,2,5,209,2,218,44,0,44,262
10/23/2004,SCK,CA,AWP,WE,Towers with Display (VFR),0,0,0,0,0,1,5,97,4,107,1,5,97,4,107,58,2,60,167
10/24/2004,SCK,CA,AWP,WE,Towers with Display (VFR),0,0,24,0,24,0,0,2,0,2,0,0,26,0,26,2,0,2,28
10/25/2004,SCK,CA,AWP,WE,Towers with Display (VFR),1,4,43,12,60,0,0,86,8,94,1,4,129,20,154,168,6,174,328
10/26/2004,SCK,CA,AWP,WE,Towers with Display (VFR),2,9,61,7,79,0,0,34,3,37,2,9,95,10,116,22,4,26,142
10/27/2004,SCK,CA,AWP,WE,Towers with Display (VFR),2,8,115,8,133,0,0,67,1,68,2,8,182,9,201,56,4,60,261
10/28/2004,SCK,CA,AWP,WE,Towers with Display (VFR),2,7,67,16,92,0,0,166,14,180,2,7,233,30,272,92,10,102,374
10/29/2004,SCK,CA,AWP,WE,Towers with Display (VFR),2,3,90,1,96,0,0,152,10,162,2,3,242,11,258,110,0,110,368
10/30/2004,SCK,CA,AWP,WE,Towers with Display (VFR),0,0,0,0,0,1,2,141,0,144,1,2,141,0,144,62,0,62,206
10/31/2004,SCK,CA,AWP,WE,Towers with Display (VFR),0,0,0,0,0,0,3,37,0,40,0,3,37,0,40,46,0,46,86
11/01/2004,SCK,CA,AWP,WE,Towers with Radar,3,4,13,4,24,0,0,83,4,87,3,4,96,8,111,118,0,118,229
11/02/2004,SCK,CA,AWP,WE,Towers with Radar,2,10,47,5,64,0,0,99,5,104,2,10,146,10,168,84,6,90,258
11/03/2004,SCK,CA,AWP,WE,Towers with Radar,2,7,50,8,67,0,0,53,1,54,2,7,103,9,121,20,0,20,141
11/04/2004,SCK,CA,AWP,WE,Towers with Radar,2,3,50,4,59,0,0,56,1,57,2,3,106,5,116,38,28,66,182
11/05/2004,SCK,CA,AWP,WE,Towers with Radar,2,6,53,2,63,0,0,85,7,92,2,6,138,9,155,62,6,68,223
11/06/2004,SCK,CA,AWP,WE,Towers with Radar,0,0,0,0,0,2,9,122,13,146,2,9,122,13,146,44,16,60,206
11/07/2004,SCK,CA,AWP,WE,Towers with Radar,0,0,6,0,6,2,2,36,0,40,2,2,42,0,46,28,0,28,74
11/08/2004,SCK,CA,AWP,WE,Towers with Radar,1,2,99,0,102,0,1,10,3,14,1,3,109,3,116,42,0,42,158
11/09/2004,SCK,CA,AWP,WE,Towers with Radar,2,6,90,2,100,0,0,48,7,55,2,6,138,9,155,0,2,2,157
11/10/2004,SCK,CA,AWP,WE,Towers with Radar,0,2,30,0,32,2,9,114,23,148,2,11,144,23,180,12,2,14,194
11/11/2004,SCK,CA,AWP,WE,Towers with Radar,5,3,53,1,62,0,0,46,1,47,5,3,99,2,109,52,0,52,161
11/12/2004,SCK,CA,AWP,WE,Towers with Radar,2,3,86,7,98,0,0,113,4,117,2,3,199,11,215,42,20,62,277
11/13/2004,SCK,CA,AWP,WE,Towers with Radar,1,1,79,3,84,0,0,49,4,53,1,1,128,7,137,30,0,30,167
11/14/2004,SCK,CA,AWP,WE,Towers with Radar,0,0,82,0,82,0,0,49,0,49,0,0,131,0,131,10,0,10,141
11/15/2004,SCK,CA,AWP,WE,Towers with Radar,0,2,65,1,68,1,0,18,1,20,1,2,83,2,88,0,0,0,88
11/16/2004,SCK,CA,AWP,WE,Towers with Radar,0,6,50,6,62,0,0,6,0,6,0,6,56,6,68,6,0,6,74
11/17/2004,SCK,CA,AWP,WE,Towers with Radar,2,13,56,6,77,0,0,1,0,1,2,13,57,6,78,0,0,0,78
11/18/2004,SCK,CA,AWP,WE,Towers with Radar,0,0,0,0,0,2,13,159,4,178,2,13,159,4,178,0,0,0,178
11/19/2004,SCK,CA,AWP,WE,Towers with Radar,2,12,86,10,110,0,0,42,0,42,2,12,128,10,152,44,0,44,196
11/20/2004,SCK,CA,AWP,WE,Towers with Radar,1,3,43,0,47,0,0,47,0,47,1,3,90,0,94,46,0,46,140
11/21/2004,SCK,CA,AWP,WE,Towers with Radar,0,0,40,4,44,0,0,37,6,43,0,0,77,10,87,16,0,16,103
11/22/2004,SCK,CA,AWP,WE,Towers with Radar,1,1,38,0,40,0,0,65,2,67,1,1,103,2,107,74,0,74,181
11/23/2004,SCK,CA,AWP,WE,Towers with Radar,2,2,43,4,51,0,0,88,3,91,2,2,131,7,142,36,0,36,178
11/24/2004,SCK,CA,AWP,WE,Towers with Radar,4,3,54,7,68,0,0,126,0,126,4,3,180,7,194,70,16,86,280
11/25/2004,SCK,CA,AWP,WE,Towers with Radar,1,2,17,0,20,0,0,22,0,22,1,2,39,0,42,12,0,12,54
11/26/2004,SCK,CA,AWP,WE,Towers with Radar,0,4,47,0,51,0,0,44,0,44,0,4,91,0,95,20,0,20,115
11/27/2004,SCK,CA,AWP,WE,Towers with Radar,0,4,24,1,29,0,0,30,0,30,0,4,54,1,59,20,0,20,79
11/28/2004,SCK,CA,AWP,WE,Towers with Radar,0,2,45,0,47,0,0,49,0,49,0,2,94,0,96,28,0,28,124
11/29/2004,SCK,CA,AWP,WE,Towers with Radar,0,0,75,0,75,1,3,71,6,81,1,3,146,6,156,52,0,52,208
11/30/2004,SCK,CA,AWP,WE,Towers with Radar,2,9,34,6,51,0,0,104,2,106,2,9,138,8,157,110,6,116,273
12/01/2004,SCK,CA,AWP,WE,Towers with Radar,2,5,61,7,75,0,0,118,0,118,2,5,179,7,193,118,0,118,311
12/02/2004,SCK,CA,AWP,WE,Towers with Radar,3,4,27,9,43,0,2,89,0,91,3,6,116,9,134,102,0,102,236
12/03/2004,SCK,CA,AWP,WE,Towers with Radar,0,0,0,0,0,2,3,177,14,196,2,3,177,14,196,84,0,84,280
12/04/2004,SCK,CA,AWP,WE,Towers with Radar,1,2,33,0,36,0,0,56,1,57,1,2,89,1,93,42,0,42,135
12/05/2004,SCK,CA,AWP,WE,Towers with Radar,0,2,49,0,51,0,0,43,0,43,0,2,92,0,94,64,0,64,158
12/06/2004,SCK,CA,AWP,WE,Towers with Radar,1,9,42,0,52,0,0,48,0,48,1,9,90,0,100,53,0,53,153
12/07/2004,SCK,CA,AWP,WE,Towers with Radar,2,11,51,0,64,0,0,16,3,19,2,11,67,3,83,2,0,2,85
12/08/2004,SCK,CA,AWP,WE,Towers with Radar,2,13,34,0,49,0,0,58,3,61,2,13,92,3,110,44,0,44,154
12/09/2004,SCK,CA,AWP,WE,Towers with Radar,2,13,62,2,79,0,0,160,7,167,2,13,222,9,246,104,36,140,386
12/10/2004,SCK,CA,AWP,WE,Towers with Radar,2,4,91,17,114,0,0,132,0,132,2,4,223,17,246,80,10,90,336
12/11/2004,SCK,CA,AWP,WE,Towers with Radar,1,0,96,3,100,0,0,0,3,3,1,0,96,6,103,0,0,0,103
12/12/2004,SCK,CA,AWP,WE,Towers with Radar,0,1,80,0,81,0,0,5,0,5,0,1,85,0,86,8,0,8,94
12/13/2004,SCK,CA,AWP,WE,Towers with Radar,1,5,120,0,126,0,0,48,2,50,1,5,168,2,176,34,8,42,218
12/14/2004,SCK,CA,AWP,WE,Towers with Radar,3,9,89,8,109,0,1,7,0,8,3,10,96,8,117,4,0,4,121
12/15/2004,SCK,CA,AWP,WE,Towers with Radar,2,6,65,10,83,0,0,47,0,47,2,6,112,10,130,24,10,34,164
12/16/2004,SCK,CA,AWP,WE,Towers with Radar,6,5,37,0,48,0,0,99,1,100,6,5,136,1,148,72,12,84,232
12/17/2004,SCK,CA,AWP,WE,Towers with Radar,0,0,0,0,0,5,6,134,1,146,5,6,134,1,146,0,4,4,150
12/18/2004,SCK,CA,AWP,WE,Towers with Radar,3,2,96,1,102,0,0,0,0,0,3,2,96,1,102,0,0,0,102
12/19/2004,SCK,CA,AWP,WE,Towers with Radar,0,0,55,0,55,0,0,0,0,0,0,0,55,0,55,0,0,0,55
12/20/2004,SCK,CA,AWP,WE,Towers with Radar,3,3,39,10,55,0,0,0,0,0,3,3,39,10,55,0,0,0,55
12/21/2004,SCK,CA,AWP,WE,Towers with Radar,3,4,52,0,59,0,3,78,5,86,3,7,130,5,145,96,0,96,241
12/22/2004,SCK,CA,AWP,WE,Towers with Radar,5,4,45,0,54,0,0,82,0,82,5,4,127,0,136,82,0,82,218
12/23/2004,SCK,CA,AWP,WE,Towers with Radar,3,3,48,0,54,0,0,93,2,95,3,3,141,2,149,58,12,70,219
12/24/2004,SCK,CA,AWP,WE,Towers with Radar,1,10,43,0,54,0,0,7,0,7,1,10,50,0,61,0,0,0,61
12/25/2004,SCK,CA,AWP,WE,Towers with Radar,0,0,5,0,5,0,0,0,0,0,0,0,5,0,5,0,0,0,5
12/26/2004,SCK,CA,AWP,WE,Towers with Radar,0,1,23,0,24,0,0,25,0,25,0,1,48,0,49,2,0,2,51
12/27/2004,SCK,CA,AWP,WE,Towers with Radar,1,1,19,1,22,0,0,10,3,13,1,1,29,4,35,24,0,24,59
12/28/2004,SCK,CA,AWP,WE,Towers with Radar,4,8,45,14,71,0,0,26,2,28,4,8,71,16,99,22,0,22,121
12/29/2004,SCK,CA,AWP,WE,Towers with Radar,3,5,40,3,51,0,0,46,0,46,3,5,86,3,97,92,0,92,189
12/30/2004,SCK,CA,AWP,WE,Towers with Radar,1,2,37,0,40,0,0,8,0,8,1,2,45,0,48,0,0,0,48
12/31/2004,SCK,CA,AWP,WE,Towers with Radar,1,0,41,0,42,0,0,43,0,43,1,0,84,0,85,20,0,20,105
01/01/2005,SCK,CA,AWP,WE,Towers with Radar,0,2,26,0,28,0,0,29,0,29,0,2,55,0,57,12,0,12,69
01/02/2005,SCK,CA,AWP,WE,Towers with Radar,0,2,33,0,35,0,2,11,6,19,0,4,44,6,54,0,0,0,54
01/03/2005,SCK,CA,AWP,WE,Towers with Radar,1,3,58,10,72,0,0,13,0,13,1,3,71,10,85,38,0,38,123
01/04/2005,SCK,CA,AWP,WE,Towers with Radar,2,3,63,10,78,0,0,16,3,19,2,3,79,13,97,4,0,4,101
01/05/2005,SCK,CA,AWP,WE,Towers with Radar,1,13,65,6,85,0,0,47,2,49,1,13,112,8,134,52,0,52,186
01/06/2005,SCK,CA,AWP,WE,Towers with Radar,2,2,50,13,67,0,0,48,0,48,2,2,98,13,115,60,0,60,175
01/07/2005,SCK,CA,AWP,WE,Towers with Radar,2,3,26,0,31,0,0,13,0,13,2,3,39,0,44,14,0,14,58
01/08/2005,SCK,CA,AWP,WE,Towers with Radar,1,0,32,0,33,0,0,0,2,2,1,0,32,2,35,0,0,0,35
01/09/2005,SCK,CA,AWP,WE,Towers with Radar,0,0,0,0,0,0,3,51,0,54,0,3,51,0,54,4,0,4,58
01/10/2005,SCK,CA,AWP,WE,Towers with Radar,1,7,80,10,98,0,0,16,2,18,1,7,96,12,116,12,2,14,130
01/11/2005,SCK,CA,AWP,WE,Towers with Radar,2,5,25,6,38,0,0,26,0,26,2,5,51,6,64,30,0,30,94
01/12/2005,SCK,CA,AWP,WE,Towers with Radar,0,3,49,1,53,0,0,41,13,54,0,3,90,14,107,48,0,48,155
01/13/2005,SCK,CA,AWP,WE,Towers with Radar,2,4,114,4,124,0,0,0,5,5,2,4,114,9,129,0,4,4,133
01/14/2005,SCK,CA,AWP,WE,Towers with Radar,2,6,96,1,105,0,0,12,3,15,2,6,108,4,120,12,12,24,144
01/15/2005,SCK,CA,AWP,WE,Towers with Radar,1,2,95,0,98,0,0,8,0,8,1,2,103,0,106,0,0,0,106
01/16/2005,SCK,CA,AWP,WE,Towers with Radar,0,0,0,0,0,0,1,111,2,114,0,1,111,2,114,32,0,32,146
01/17/2005,SCK,CA,AWP,WE,Towers with Radar,1,6,67,0,74,0,0,0,0,0,1,6,67,0,74,0,0,0,74
01/18/2005,SCK,CA,AWP,WE,Towers with Radar,2,4,81,4,91,0,0,0,0,0,2,4,81,4,91,10,0,10,101
01/19/2005,SCK,CA,AWP,WE,Towers with Radar,2,4,89,7,102,0,0,0,0,0,2,4,89,7,102,0,0,0,102
01/20/2005,SCK,CA,AWP,WE,Towers with Radar,2,4,115,0,121,0,0,0,0,0,2,4,115,0,121,0,0,0,121
01/21/2005,SCK,CA,AWP,WE,Towers with Radar,2,6,80,0,88,0,0,0,2,2,2,6,80,2,90,0,0,0,90
01/22/2005,SCK,CA,AWP,WE,Towers with Radar,1,2,82,0,85,0,0,0,0,0,1,2,82,0,85,0,0,0,85
01/23/2005,SCK,CA,AWP,WE,Towers with Radar,0,2,91,0,93,0,0,0,0,0,0,2,91,0,93,0,0,0,93
01/24/2005,SCK,CA,AWP,WE,Towers with Radar,0,0,0,0,0,0,1,77,0,78,0,1,77,0,78,0,0,0,78
01/25/2005,SCK,CA,AWP,WE,Towers with Radar,0,2,51,2,55,0,2,39,0,41,0,4,90,2,96,0,0,0,96
01/26/2005,SCK,CA,AWP,WE,Towers with Radar,2,3,76,12,93,0,1,40,2,43,2,4,116,14,136,0,0,0,136
01/27/2005,SCK,CA,AWP,WE,Towers with Radar,2,3,75,4,84,0,0,42,3,45,2,3,117,7,129,42,0,42,171
01/28/2005,SCK,CA,AWP,WE,Towers with Radar,1,5,66,8,80,0,0,38,8,46,1,5,104,16,126,76,12,88,214
01/29/2005,SCK,CA,AWP,WE,Towers with Radar,1,1,69,4,75,0,0,39,0,39,1,1,108,4,114,42,0,42,156
01/30/2005,SCK,CA,AWP,WE,Towers with Radar,0,3,56,0,59,0,0,51,1,52,0,3,107,1,111,84,0,84,195
01/31/2005,SCK,CA,AWP,WE,Towers with Radar,1,2,47,0,50,0,0,78,2,80,1,2,125,2,130,66,0,66,196
02/01/2005,SCK,CA,AWP,WE,Towers with Radar,2,3,6,18,29,0,0,144,0,144,2,3,150,18,173,78,2,80,253
02/02/2005,SCK,CA,AWP,WE,Towers with Radar,2,5,76,5,88,0,1,96,1,98,2,6,172,6,186,86,0,86,272
02/03/2005,SCK,CA,AWP,WE,Towers with Radar,4,4,78,8,94,0,0,48,0,48,4,4,126,8,142,49,0,49,191
02/04/2005,SCK,CA,AWP,WE,Towers with Radar,2,3,67,0,72,0,0,25,0,25,2,3,92,0,97,36,0,36,133
02/05/2005,SCK,CA,AWP,WE,Towers with Radar,1,2,78,0,81,0,0,37,0,37,1,2,115,0,118,26,0,26,144
02/06/2005,SCK,CA,AWP,WE,Towers with Radar,0,0,0,0,0,0,1,66,0,67,0,1,66,0,67,44,0,44,111
02/07/2005,SCK,CA,AWP,WE,Towers with Radar,0,0,0,0,0,3,5,95,8,111,3,5,95,8,111,68,10,78,189
02/08/2005,SCK,CA,AWP,WE,Towers with Radar,2,3,52,1,58,0,0,65,14,79,2,3,117,15,137,80,0,80,217
02/09/2005,SCK,CA,AWP,WE,Towers with Radar,0,0,0,0,0,2,4,200,18,224,2,4,200,18,224,74,6,80,304
02/10/2005,SCK,CA,AWP,WE,Towers with Radar,2,6,55,0,63,0,0,108,4,112,2,6,163,4,175,64,0,64,239
02/11/2005,SCK,CA,AWP,WE,Towers with Radar,2,4,66,2,74,0,0,82,5,87,2,4,148,7,161,20,4,24,185
02/12/2005,SCK,CA,AWP,WE,Towers with Radar,1,3,37,0,41,0,0,84,3,87,1,3,121,3,128,96,0,96,224
02/13/2005,SCK,CA,AWP,WE,Towers with Radar,2,0,47,1,50,0,0,53,3,56,2,0,100,4,106,96,0,96,202
02/14/2005,SCK,CA,AWP,WE,Towers with Radar,1,7,72,2,82,0,0,45,2,47,1,7,117,4,129,18,0,18,147
02/15/2005,SCK,CA,AWP,WE,Towers with Radar,2,2,73,1,78,0,0,18,1,19,2,2,91,2,97,0,0,0,97
02/16/2005,SCK,CA,AWP,WE,Towers with Radar,2,3,71,18,94,0,0,10,0,10,2,3,81,18,104,52,0,52,156
02/17/2005,SCK,CA,AWP,WE,Towers with Radar,4,11,96,11,122,0,0,74,6,80,4,11,170,17,202,32,4,36,238
02/18/2005,SCK,CA,AWP,WE,Towers with Radar,2,4,41,19,66,0,0,72,3,75,2,4,113,22,141,38,6,44,185
02/19/2005,SCK,CA,AWP,WE,Towers with Radar,1,1,32,0,34,0,0,16,0,16,1,1,48,0,50,0,0,0,50
02/20/2005,SCK,CA,AWP,WE,Towers with Radar,0,4,23,0,27,0,0,42,0,42,0,4,65,0,69,65,0,65,134
02/21/2005,SCK,CA,AWP,WE,Towers with Radar,1,3,38,0,42,0,0,50,0,50,1,3,88,0,92,12,0,12,104
02/22/2005,SCK,CA,AWP,WE,Towers with Radar,2,2,65,4,73,0,0,52,0,52,2,2,117,4,125,90,0,90,215
02/23/2005,SCK,CA,AWP,WE,Towers with Radar,2,7,59,9,77,0,0,106,4,110,2,7,165,13,187,88,0,88,275
02/24/2005,SCK,CA,AWP,WE,Towers with Radar,2,5,117,8,132,0,0,62,2,64,2,5,179,10,196,18,0,18,214
02/25/2005,SCK,CA,AWP,WE,Towers with Radar,2,14,72,7,95,0,0,63,11,74,2,14,135,18,169,30,0,30,199
02/26/2005,SCK,CA,AWP,WE,Towers with Radar,1,3,123,0,127,0,0,0,0,0,1,3,123,0,127,62,0,62,189
02/27/2005,SCK,CA,AWP,WE,Towers with Radar,0,3,47,0,50,0,0,29,0,29,0,3,76,0,79,16,0,16,95
02/28/2005,SCK,CA,AWP,WE,Towers with Radar,1,3,43,1,48,0,0,86,4,90,1,3,129,5,138,76,10,86,224
03/01/2005,SCK,CA,AWP,WE,Towers with Radar,2,2,47,0,51,0,0,95,0,95,2,2,142,0,146,82,0,82,228
03/02/2005,SCK,CA,AWP,WE,Towers with Radar,2,2,19,2,25,0,17,152,0,169,2,19,171,2,194,94,0,94,288
03/03/2005,SCK,CA,AWP,WE,Towers with Radar,5,6,55,2,68,0,0,95,3,98,5,6,150,5,166,73,0,73,239
03/04/2005,SCK,CA,AWP,WE,Towers with Radar,2,5,59,7,73,0,0,14,0,14,2,5,73,7,87,0,0,0,87
03/05/2005,SCK,CA,AWP,WE,Towers with Radar,1,1,86,2,90,0,0,105,1,106,1,1,191,3,196,104,0,104,300
03/06/2005,SCK,CA,AWP,WE,Towers with Radar,0,0,0,0,0,2,2,52,0,56,2,2,52,0,56,0,0,0,56
03/07/2005,SCK,CA,AWP,WE,Towers with Radar,1,5,55,6,67,0,0,83,3,86,1,5,138,9,153,46,0,46,199
03/08/2005,SCK,CA,AWP,WE,Towers with Radar,2,3,47,1,53,0,0,63,7,70,2,3,110,8,123,76,0,76,199
03/09/2005,SCK,CA,AWP,WE,Towers with Radar,2,6,0,7,15,0,0,223,0,223,2,6,223,7,238,52,0,52,290
03/10/2005,SCK,CA,AWP,WE,Towers with Radar,2,4,50,0,56,0,0,104,7,111,2,4,154,7,167,52,4,56,223
03/11/2005,SCK,CA,AWP,WE,Towers with Radar,2,4,48,1,55,0,4,146,0,150,2,8,194,1,205,44,0,44,249
03/12/2005,SCK,CA,AWP,WE,Towers with Radar,1,2,38,0,41,0,0,80,0,80,1,2,118,0,121,40,0,40,161
03/13/2005,SCK,CA,AWP,WE,Towers with Radar,0,1,28,0,29,0,2,59,0,61,0,3,87,0,90,26,0,26,116
03/14/2005,SCK,CA,AWP,WE,Towers with Radar,1,2,69,6,78,0,0,125,0,125,1,2,194,6,203,38,0,38,241
03/15/2005,SCK,CA,AWP,WE,Towers with Radar,4,6,71,0,81,0,0,166,9,175,4,6,237,9,256,136,2,138,394
03/16/2005,SCK,CA,AWP,WE,Towers with Radar,2,7,88,0,97,0,0,176,4,180,2,7,264,4,277,70,0,70,347
03/17/2005,SCK,CA,AWP,WE,Towers with Radar,1,12,68,6,87,0,0,111,0,111,1,12,179,6,198,44,0,44,242
03/18/2005,SCK,CA,AWP,WE,Towers with Radar,2,6,69,0,77,0,0,76,5,81,2,6,145,5,158,98,2,100,258
03/19/2005,SCK,CA,AWP,WE,Towers with Radar,2,1,29,0,32,0,0,2,0,2,2,1,31,0,34,8,0,8,42
03/20/2005,SCK,CA,AWP,WE,Towers with Radar,0,0,0,0,0,0,8,47,0,55,0,8,47,0,55,22,0,22,77
03/21/2005,SCK,CA,AWP,WE,Towers with Radar,0,0,0,0,0,1,3,84,4,92,1,3,84,4,92,12,0,12,104
03/22/2005,SCK,CA,AWP,WE,Towers with Radar,1,5,28,4,38,0,0,21,0,21,1,5,49,4,59,0,0,0,59
03/23/2005,SCK,CA,AWP,WE,Towers with Radar,2,2,7,6,17,0,8,85,0,93,2,10,92,6,110,16,0,16,126
03/24/2005,SCK,CA,AWP,WE,Towers with Radar,1,6,82,1,90,0,0,62,7,69,1,6,144,8,159,62,0,62,221
03/25/2005,SCK,CA,AWP,WE,Towers with Radar,2,5,56,3,66,0,0,152,0,152,2,5,208,3,218,93,22,115,333
03/26/2005,SCK,CA,AWP,WE,Towers with Radar,1,2,57,0,60,0,0,93,0,93,1,2,150,0,153,38,0,38,191
03/27/2005,SCK,CA,AWP,WE,Towers with Radar,0,0,0,0,0,0,4,63,0,67,0,4,63,0,67,4,0,4,71
03/28/2005,SCK,CA,AWP,WE,Towers with Radar,1,6,51,0,58,0,0,71,4,75,1,6,122,4,133,42,0,42,175
03/29/2005,SCK,CA,AWP,WE,Towers with Radar,2,6,37,5,50,0,0,42,2,44,2,6,79,7,94,84,26,110,204
03/30/2005,SCK,CA,AWP,WE,Towers with Radar,3,8,70,1,82,0,0,170,2,172,3,8,240,3,254,134,0,134,388
03/31/2005,SCK,CA,AWP,WE,Towers with Radar,4,2,71,0,77,0,0,168,0,168,4,2,239,0,245,98,8,106,351
04/01/2005,SCK,CA,AWP,WE,Towers with Radar,2,5,47,2,56,0,1,144,2,147,2,6,191,4,203,94,0,94,297
04/02/2005,SCK,CA,AWP,WE,Towers with Radar,1,4,39,0,44,1,0,91,1,93,2,4,130,1,137,60,0,60,197
04/03/2005,SCK,CA,AWP,WE,Towers with Radar,0,2,43,0,45,0,0,34,0,34,0,2,77,0,79,24,0,24,103
04/04/2005,SCK,CA,AWP,WE,Towers with Radar,1,1,38,10,50,0,0,88,2,90,1,1,126,12,140,28,0,28,168
04/05/2005,SCK,CA,AWP,WE,Towers with Radar,2,2,20,5,29,0,0,89,4,93,2,2,109,9,122,84,12,96,218
04/06/2005,SCK,CA,AWP,WE,Towers with Radar,2,2,65,0,69,0,0,103,3,106,2,2,168,3,175,36,0,36,211
04/07/2005,SCK,CA,AWP,WE,Towers with Radar,2,2,61,4,69,0,0,53,1,54,2,2,114,5,123,47,6,53,176
04/08/2005,SCK,CA,AWP,WE,Towers with Radar,2,6,26,6,40,0,0,58,0,58,2,6,84,6,98,0,0,0,98
04/09/2005,SCK,CA,AWP,WE,Towers with Radar,1,0,61,0,62,0,1,75,0,76,1,1,136,0,138,38,0,38,176
04/10/2005,SCK,CA,AWP,WE,Towers with Radar,0,0,0,0,0,0,0,116,0,116,0,0,116,0,116,66,0,66,182
04/11/2005,SCK,CA,AWP,WE,Towers with Radar,1,3,52,0,56,0,0,79,0,79,1,3,131,0,135,50,0,50,185
04/12/2005,SCK,CA,AWP,WE,Towers with Radar,2,4,63,1,70,0,0,108,10,118,2,4,171,11,188,46,2,48,236
04/13/2005,SCK,CA,AWP,WE,Towers with Radar,2,4,79,0,85,0,0,132,9,141,2,4,211,9,226,54,0,54,280
04/14/2005,SCK,CA,AWP,WE,Towers with Radar,6,6,58,5,75,0,0,155,5,160,6,6,213,10,235,80,2,82,317
04/15/2005,SCK,CA,AWP,WE,Towers with Radar,2,10,47,0,59,0,0,128,0,128,2,10,175,0,187,72,0,72,259
04/16/2005,SCK,CA,AWP,WE,Towers with Radar,1,3,37,0,41,0,4,56,0,60,1,7,93,0,101,82,0,82,183
04/17/2005,SCK,CA,AWP,WE,Towers with Radar,0,0,0,0,0,0,5,94,3,102,0,5,94,3,102,40,0,40,142
04/18/2005,SCK,CA,AWP,WE,Towers with Radar,1,11,79,10,101,0,2,97,0,99,1,13,176,10,200,40,0,40,240
04/19/2005,SCK,CA,AWP,WE,Towers with Radar,2,7,53,2,64,0,0,70,5,75,2,7,123,7,139,69,8,77,216
04/20/2005,SCK,CA,AWP,WE,Towers with Radar,2,5,57,5,69,0,0,159,4,163,2,5,216,9,232,94,0,94,326
04/21/2005,SCK,CA,AWP,WE,Towers with Radar,2,6,36,0,44,0,0,154,2,156,2,6,190,2,200,52,0,52,252
04/22/2005,SCK,CA,AWP,WE,Towers with Radar,2,4,40,1,47,0,0,129,1,130,2,4,169,2,177,54,0,54,231
04/23/2005,SCK,CA,AWP,WE,Towers with Radar,1,4,41,1,47,0,0,53,1,54,1,4,94,2,101,48,0,48,149
04/24/2005,SCK,CA,AWP,WE,Towers with Radar,0,0,0,0,0,1,3,100,2,106,1,3,100,2,106,58,0,58,164
04/25/2005,SCK,CA,AWP,WE,Towers with Radar,1,3,58,8,70,0,0,92,0,92,1,3,150,8,162,72,0,72,234
04/26/2005,SCK,CA,AWP,WE,Towers with Radar,2,5,47,11,65,0,0,94,9,103,2,5,141,20,168,74,4,78,246
04/27/2005,SCK,CA,AWP,WE,Towers with Radar,2,5,53,6,66,0,0,116,1,117,2,5,169,7,183,46,12,58,241
04/28/2005,SCK,CA,AWP,WE,Towers with Radar,4,5,52,4,65,0,0,70,7,77,4,5,122,11,142,44,6,50,192
04/29/2005,SCK,CA,AWP,WE,Towers with Radar,2,2,58,0,62,0,0,151,5,156,2,2,209,5,218,86,6,92,310
04/30/2005,SCK,CA,AWP,WE,Towers with Radar,1,0,53,0,54,0,2,143,1,146,1,2,196,1,200,46,0,46,246
05/01/2005,SCK,CA,AWP,WE,Towers with Radar,0,0,0,0,0,0,4,172,3,179,0,4,172,3,179,54,0,54,233
05/02/2005,SCK,CA,AWP,WE,Towers with Radar,1,4,48,0,53,0,0,89,0,89,1,4,137,0,142,46,0,46,188
05/03/2005,SCK,CA,AWP,WE,Towers with Radar,2,5,45,1,53,0,0,84,2,86,2,5,129,3,139,30,0,30,169
05/04/2005,SCK,CA,AWP,WE,Towers with Radar,2,4,74,38,118,0,0,104,0,104,2,4,178,38,222,90,26,116,338
05/05/2005,SCK,CA,AWP,WE,Towers with Radar,2,8,90,2,102,0,0,20,0,20,2,8,110,2,122,27,0,27,149
05/06/2005,SCK,CA,AWP,WE,Towers with Radar,2,3,91,14,110,0,0,94,2,96,2,3,185,16,206,58,8,66,272
05/07/2005,SCK,CA,AWP,WE,Towers with Radar,1,2,78,0,81,0,0,102,0,102,1,2,180,0,183,74,0,74,257
05/08/2005,SCK,CA,AWP,WE,Towers with Radar,0,1,32,0,33,0,0,20,0,20,0,1,52,0,53,0,0,0,53
05/09/2005,SCK,CA,AWP,WE,Towers with Radar,1,3,52,0,56,0,0,57,0,57,1,3,109,0,113,20,0,20,133
05/10/2005,SCK,CA,AWP,WE,Towers with Radar,2,6,88,0,96,0,1,114,5,120,2,7,202,5,216,74,8,82,298
05/11/2005,SCK,CA,AWP,WE,Towers with Radar,2,6,45,6,59,0,0,148,5,153,2,6,193,11,212,32,6,38,250
05/12/2005,SCK,CA,AWP,WE,Towers with Radar,2,8,90,6,106,0,0,131,1,132,2,8,221,7,238,50,0,50,288
05/13/2005,SCK,CA,AWP,WE,Towers with Radar,2,3,68,0,73,0,0,168,1,169,2,3,236,1,242,56,0,56,298
05/14/2005,SCK,CA,AWP,WE,Towers with Radar,1,4,43,0,48,0,0,111,0,111,1,4,154,0,159,84,0,84,243
05/15/2005,SCK,CA,AWP,WE,Towers with Radar,0,1,44,0,45,0,0,43,0,43,0,1,87,0,88,32,0,32,120
05/16/2005,SCK,CA,AWP,WE,Towers with Radar,1,4,55,1,61,0,0,67,0,67,1,4,122,1,128,48,0,48,176
05/17/2005,SCK,CA,AWP,WE,Towers with Radar,2,10,58,12,82,0,0,72,3,75,2,10,130,15,157,42,0,42,199
05/18/2005,SCK,CA,AWP,WE,Towers with Radar,2,7,83,4,96,0,0,74,0,74,2,7,157,4,170,30,4,34,204
05/19/2005,SCK,CA,AWP,WE,Towers with Radar,2,3,60,0,65,0,0,69,4,73,2,3,129,4,138,92,0,92,230
05/20/2005,SCK,CA,AWP,WE,Towers with Radar,2,6,53,0,61,0,0,147,1,148,2,6,200,1,209,24,0,24,233
05/21/2005,SCK,CA,AWP,WE,Towers with Radar,1,3,40,0,44,0,0,154,6,160,1,3,194,6,204,76,0,76,280
05/22/2005,SCK,CA,AWP,WE,Towers with Radar,0,0,0,0,0,0,1,133,5,139,0,1,133,5,139,38,0,38,177
05/23/2005,SCK,CA,AWP,WE,Towers with Radar,1,1,60,0,62,0,0,104,0,104,1,1,164,0,166,66,0,66,232
05/24/2005,SCK,CA,AWP,WE,Towers with Radar,2,12,44,0,58,0,0,103,2,105,2,12,147,2,163,40,2,42,205
05/25/2005,SCK,CA,AWP,WE,Towers with Radar,2,7,65,1,75,0,0,122,6,128,2,7,187,7,203,34,0,34,237
05/26/2005,SCK,CA,AWP,WE,Towers with Radar,2,5,103,2,112,0,0,138,0,138,2,5,241,2,250,76,0,76,326
05/27/2005,SCK,CA,AWP,WE,Towers with Radar,1,3,73,0,77,0,0,206,2,208,1,3,279,2,285,88,0,88,373
05/28/2005,SCK,CA,AWP,WE,Towers with Radar,1,4,51,0,56,0,0,93,0,93,1,4,144,0,149,32,0,32,181
05/29/2005,SCK,CA,AWP,WE,Towers with Radar,0,2,24,0,26,0,0,50,0,50,0,2,74,0,76,6,0,6,82
05/30/2005,SCK,CA,AWP,WE,Towers with Radar,0,2,0,0,2,0,120,0,0,120,0,122,0,0,122,44,0,44,166
05/31/2005,SCK,CA,AWP,WE,Towers with Radar,1,3,28,0,32,0,0,81,0,81,1,3,109,0,113,74,0,74,187
06/01/2005,SCK,CA,AWP,WE,Towers with Radar,2,2,85,1,90,0,0,155,1,156,2,2,240,2,246,30,0,30,276
06/02/2005,SCK,CA,AWP,WE,Towers with Radar,2,3,30,2,37,0,0,137,3,140,2,3,167,5,177,92,0,92,269
06/03/2005,SCK,CA,AWP,WE,Towers with Radar,3,4,77,4,88,0,0,143,2,145,3,4,220,6,233,70,6,76,309
06/04/2005,SCK,CA,AWP,WE,Towers with Radar,1,3,45,0,49,0,0,96,0,96,1,3,141,0,145,70,0,70,215
06/05/2005,SCK,CA,AWP,WE,Towers with Radar,0,0,0,0,0,0,2,139,0,141,0,2,139,0,141,46,0,46,187
06/06/2005,SCK,CA,AWP,WE,Towers with Radar,1,6,46,3,56,0,0,78,1,79,1,6,124,4,135,38,0,38,173
06/07/2005,SCK,CA,AWP,WE,Towers with Radar,2,3,65,0,70,0,0,126,0,126,2,3,191,0,196,104,0,104,300
06/08/2005,SCK,CA,AWP,WE,Towers with Radar,2,13,115,1,131,0,0,57,1,58,2,13,172,2,189,0,0,0,189
06/09/2005,SCK,CA,AWP,WE,Towers with Radar,2,3,99,0,104,0,0,113,0,113,2,3,212,0,217,72,0,72,289
06/10/2005,SCK,CA,AWP,WE,Towers with Radar,2,2,78,2,84,0,0,172,2,174,2,2,250,4,258,107,0,107,365
06/11/2005,SCK,CA,AWP,WE,Towers with Radar,1,3,48,0,52,0,0,104,0,104,1,3,152,0,156,91,0,91,247
06/12/2005,SCK,CA,AWP,WE,Towers with Radar,0,2,36,0,38,0,0,61,2,63,0,2,97,2,101,12,0,12,113
06/13/2005,SCK,CA,AWP,WE,Towers with Radar,1,8,57,0,66,0,0,108,2,110,1,8,165,2,176,86,0,86,262
06/14/2005,SCK,CA,AWP,WE,Towers with Radar,2,4,73,0,79,0,0,136,3,139,2,4,209,3,218,90,0,90,308
06/15/2005,SCK,CA,AWP,WE,Towers with Radar,2,10,61,2,75,0,0,156,0,156,2,10,217,2,231,120,0,120,351
06/16/2005,SCK,CA,AWP,WE,Towers with Radar,2,4,48,6,60,0,0,91,4,95,2,4,139,10,155,116,0,116,271
06/17/2005,SCK,CA,AWP,WE,Towers with Radar,2,6,65,0,73,0,0,146,5,151,2,6,211,5,224,170,0,170,394
06/18/2005,SCK,CA,AWP,WE,Towers with Radar,1,2,42,0,45,0,0,80,1,81,1,2,122,1,126,91,0,91,217
06/19/2005,SCK,CA,AWP,WE,Towers with Radar,2,4,18,0,24,0,0,57,0,57,2,4,75,0,81,20,0,20,101
06/20/2005,SCK,CA,AWP,WE,Towers with Radar,1,1,25,4,31,0,0,129,0,129,1,1,154,4,160,108,0,108,268
06/21/2005,SCK,CA,AWP,WE,Towers with Radar,2,8,56,1,67,0,0,144,8,152,2,8,200,9,219,198,0,198,417
06/22/2005,SCK,CA,AWP,WE,Towers with Radar,2,8,58,0,68,0,0,139,0,139,2,8,197,0,207,182,0,182,389
06/23/2005,SCK,CA,AWP,WE,Towers with Radar,2,7,62,0,71,0,0,137,0,137,2,7,199,0,208,120,0,120,328
06/24/2005,SCK,CA,AWP,WE,Towers with Radar,2,2,62,8,74,0,0,98,3,101,2,2,160,11,175,62,8,70,245
06/25/2005,SCK,CA,AWP,WE,Towers with Radar,0,0,49,0,49,0,0,124,0,124,0,0,173,0,173,87,0,87,260
06/26/2005,SCK,CA,AWP,WE,Towers with Radar,0,2,44,0,46,0,0,93,1,94,0,2,137,1,140,44,0,44,184
06/27/2005,SCK,CA,AWP,WE,Towers with Radar,1,3,67,7,78,0,0,106,3,109,1,3,173,10,187,78,0,78,265
06/28/2005,SCK,CA,AWP,WE,Towers with Radar,2,6,77,5,90,0,2,101,5,108,2,8,178,10,198,108,0,108,306
06/29/2005,SCK,CA,AWP,WE,Towers with Radar,2,10,36,4,52,0,0,151,1,152,2,10,187,5,204,30,0,30,234
06/30/2005,SCK,CA,AWP,WE,Towers with Radar,2,8,47,15,72,0,0,142,8,150,2,8,189,23,222,46,0,46,268
07/01/2005,SCK,CA,AWP,WE,Towers with Radar,2,13,64,0,79,0,0,215,5,220,2,13,279,5,299,146,0,146,445
07/02/2005,SCK,CA,AWP,WE,Towers with Radar,1,0,19,0,20,0,0,73,0,73,1,0,92,0,93,84,0,84,177
07/03/2005,SCK,CA,AWP,WE,Towers with Radar,0,2,19,0,21,0,0,81,0,81,0,2,100,0,102,56,0,56,158
07/04/2005,SCK,CA,AWP,WE,Towers with Radar,0,1,23,0,24,0,4,63,0,67,0,5,86,0,91,16,0,16,107
07/05/2005,SCK,CA,AWP,WE,Towers with Radar,1,3,40,4,48,0,0,87,2,89,1,3,127,6,137,110,0,110,247
07/06/2005,SCK,CA,AWP,WE,Towers with Radar,2,7,58,1,68,0,0,154,5,159,2,7,212,6,227,130,0,130,357
07/07/2005,SCK,CA,AWP,WE,Towers with Radar,2,4,58,0,64,0,0,181,2,183,2,4,239,2,247,116,0,116,363
07/08/2005,SCK,CA,AWP,WE,Towers with Radar,2,8,36,0,46,0,0,151,1,152,2,8,187,1,198,68,0,68,266
07/09/2005,SCK,CA,AWP,WE,Towers with Radar,1,3,40,0,44,0,0,97,0,97,1,3,137,0,141,64,64,128,269
07/10/2005,SCK,CA,AWP,WE,Towers with Radar,0,0,38,0,38,0,0,52,0,52,0,0,90,0,90,16,0,16,106
07/11/2005,SCK,CA,AWP,WE,Towers with Radar,1,4,36,0,41,0,0,75,1,76,1,4,111,1,117,72,2,74,191
07/12/2005,SCK,CA,AWP,WE,Towers with Radar,2,7,53,0,62,0,0,88,2,90,2,7,141,2,152,66,0,66,218
07/13/2005,SCK,CA,AWP,WE,Towers with Radar,2,7,31,6,46,0,0,97,1,98,2,7,128,7,144,124,2,126,270
07/14/2005,SCK,CA,AWP,WE,Towers with Radar,2,7,40,0,49,0,0,152,0,152,2,7,192,0,201,116,0,116,317
07/15/2005,SCK,CA,AWP,WE,Towers with Radar,2,5,31,2,40,0,0,133,0,133,2,5,164,2,173,136,10,146,319
07/16/2005,SCK,CA,AWP,WE,Towers with Radar,1,1,17,0,19,0,0,74,0,74,1,1,91,0,93,60,0,60,153
07/17/2005,SCK,CA,AWP,WE,Towers with Radar,0,1,42,0,43,0,1,86,0,87,0,2,128,0,130,46,0,46,176
07/18/2005,SCK,CA,AWP,WE,Towers with Radar,1,3,52,0,56,0,0,108,0,108,1,3,160,0,164,120,0,120,284
07/19/2005,SCK,CA,AWP,WE,Towers with Radar,2,2,43,2,49,0,0,88,0,88,2,2,131,2,137,148,0,148,285
07/20/2005,SCK,CA,AWP,WE,Towers with Radar,2,11,60,7,80,0,0,153,7,160,2,11,213,14,240,120,2,122,362
07/21/2005,SCK,CA,AWP,WE,Towers with Radar,2,4,74,0,80,0,0,159,2,161,2,4,233,2,241,172,0,172,413
07/22/2005,SCK,CA,AWP,WE,Towers with Radar,2,6,46,0,54,0,0,155,1,156,2,6,201,1,210,144,0,144,354
07/23/2005,SCK,CA,AWP,WE,Towers with Radar,1,1,37,0,39,0,0,66,0,66,1,1,103,0,105,79,0,79,184
07/24/2005,SCK,CA,AWP,WE,Towers with Radar,0,0,33,0,33,0,0,80,0,80,0,0,113,0,113,72,0,72,185
07/25/2005,SCK,CA,AWP,WE,Towers with Radar,1,3,19,6,29,0,0,87,1,88,1,3,106,7,117,156,0,156,273
07/26/2005,SCK,CA,AWP,WE,Towers with Radar,2,2,28,4,36,0,0,114,9,123,2,2,142,13,159,194,8,202,361
07/27/2005,SCK,CA,AWP,WE,Towers with Radar,2,4,52,5,63,0,0,174,3,177,2,4,226,8,240,190,4,194,434
07/28/2005,SCK,CA,AWP,WE,Towers with Radar,2,2,53,0,57,0,0,95,8,103,2,2,148,8,160,148,0,148,308
07/29/2005,SCK,CA,AWP,WE,Towers with Radar,2,3,86,0,91,0,0,160,0,160,2,3,246,0,251,140,0,140,391
07/30/2005,SCK,CA,AWP,WE,Towers with Radar,1,2,42,0,45,0,0,136,0,136,1,2,178,0,181,180,0,180,361
07/31/2005,SCK,CA,AWP,WE,Towers with Radar,0,2,22,0,24,0,0,85,0,85,0,2,107,0,109,120,0,120,229
08/01/2005,SCK,CA,AWP,WE,Towers with Radar,1,2,13,0,16,0,0,84,1,85,1,2,97,1,101,72,0,72,173
08/02/2005,SCK,CA,AWP,WE,Towers with Radar,2,2,51,0,55,0,0,112,10,122,2,2,163,10,177,72,0,72,249
08/03/2005,SCK,CA,AWP,WE,Towers with Radar,2,3,28,4,37,0,0,149,5,154,2,3,177,9,191,112,0,112,303
08/04/2005,SCK,CA,AWP,WE,Towers with Radar,2,3,42,0,47,0,0,128,2,130,2,3,170,2,177,58,0,58,235
08/05/2005,SCK,CA,AWP,WE,Towers with Radar,2,7,52,0,61,0,0,142,7,149,2,7,194,7,210,154,0,154,364
08/06/2005,SCK,CA,AWP,WE,Towers with Radar,1,3,26,0,30,0,0,110,4,114,1,3,136,4,144,96,0,96,240
08/07/2005,SCK,CA,AWP,WE,Towers with Radar,2,2,29,0,33,0,0,109,0,109,2,2,138,0,142,86,0,86,228
08/08/2005,SCK,CA,AWP,WE,Towers with Radar,2,2,29,0,33,0,0,160,0,160,2,2,189,0,193,118,0,118,311
08/09/2005,SCK,CA,AWP,WE,Towers with Radar,2,5,40,0,47,0,0,129,0,129,2,5,169,0,176,64,0,64,240
08/10/2005,SCK,CA,AWP,WE,Towers with Radar,2,8,64,14,88,0,0,145,0,145,2,8,209,14,233,100,0,100,333
08/11/2005,SCK,CA,AWP,WE,Towers with Radar,6,7,67,3,83,0,0,173,0,173,6,7,240,3,256,162,0,162,418
08/12/2005,SCK,CA,AWP,WE,Towers with Radar,2,2,44,0,48,0,0,168,0,168,2,2,212,0,216,108,0,108,324
08/13/2005,SCK,CA,AWP,WE,Towers with Radar,1,1,39,0,41,0,0,94,0,94,1,1,133,0,135,85,0,85,220
08/14/2005,SCK,CA,AWP,WE,Towers with Radar,0,0,31,3,34,0,0,107,13,120,0,0,138,16,154,88,0,88,242
08/15/2005,SCK,CA,AWP,WE,Towers with Radar,1,3,59,10,73,0,0,79,0,79,1,3,138,10,152,88,16,104,256
08/16/2005,SCK,CA,AWP,WE,Towers with Radar,2,10,54,0,66,0,0,136,12,148,2,10,190,12,214,86,2,88,302
08/17/2005,SCK,CA,AWP,WE,Towers with Radar,2,6,58,0,66,0,0,146,0,146,2,6,204,0,212,104,0,104,316
08/18/2005,SCK,CA,AWP,WE,Towers with Radar,2,13,57,6,78,0,0,178,0,178,2,13,235,6,256,99,14,113,369
08/19/2005,SCK,CA,AWP,WE,Towers with Radar,2,9,50,1,62,0,0,137,1,138,2,9,187,2,200,128,0,128,328
08/20/2005,SCK,CA,AWP,WE,Towers with Radar,1,5,50,0,56,0,0,93,0,93,1,5,143,0,149,96,0,96,245
08/21/2005,SCK,CA,AWP,WE,Towers with Radar,0,1,43,0,44,0,0,85,0,85,0,1,128,0,129,60,0,60,189
08/22/2005,SCK,CA,AWP,WE,Towers with Radar,1,1,40,0,42,0,0,91,2,93,1,1,131,2,135,78,0,78,213
08/23/2005,SCK,CA,AWP,WE,Towers with Radar,2,2,35,1,40,0,0,56,8,64,2,2,91,9,104,73,6,79,183
08/24/2005,SCK,CA,AWP,WE,Towers with Radar,2,4,43,4,53,0,0,126,14,140,2,4,169,18,193,92,0,92,285
08/25/2005,SCK,CA,AWP,WE,Towers with Radar,2,2,38,3,45,0,0,111,7,118,2,2,149,10,163,106,22,128,291
08/26/2005,SCK,CA,AWP,WE,Towers with Radar,2,2,63,1,68,0,0,193,6,199,2,2,256,7,267,140,0,140,407
08/27/2005,SCK,CA,AWP,WE,Towers with Radar,1,3,45,0,49,0,0,113,0,113,1,3,158,0,162,56,0,56,218
08/28/2005,SCK,CA,AWP,WE,Towers with Radar,0,0,26,0,26,0,0,130,0,130,0,0,156,0,156,84,0,84,240
08/29/2005,SCK,CA,AWP,WE,Towers with Radar,1,1,47,0,49,0,0,116,0,116,1,1,163,0,165,128,0,128,293
08/30/2005,SCK,CA,AWP,WE,Towers with Radar,2,6,40,5,53,0,2,134,8,144,2,8,174,13,197,62,6,68,265
08/31/2005,SCK,CA,AWP,WE,Towers with Radar,2,2,46,7,57,0,0,151,7,158,2,2,197,14,215,114,40,154,369
09/01/2005,SCK,CA,AWP,WE,Towers with Radar,3,4,42,0,49,0,0,184,4,188,3,4,226,4,237,122,0,122,359
09/02/2005,SCK,CA,AWP,WE,Towers with Radar,2,2,42,1,47,0,0,181,5,186,2,2,223,6,233,170,0,170,403
09/03/2005,SCK,CA,AWP,WE,Towers with Radar,1,4,29,0,34,0,0,91,0,91,1,4,120,0,125,140,0,140,265
09/04/2005,SCK,CA,AWP,WE,Towers with Radar,0,0,56,4,60,1,0,91,0,92,1,0,147,4,152,70,0,70,222
09/05/2005,SCK,CA,AWP,WE,Towers with Radar,0,2,35,2,39,0,0,108,0,108,0,2,143,2,147,26,0,26,173
09/06/2005,SCK,CA,AWP,WE,Towers with Radar,1,8,36,1,46,0,0,102,8,110,1,8,138,9,156,70,0,70,226
09/07/2005,SCK,CA,AWP,WE,Towers with Radar,3,8,58,5,74,0,0,152,7,159,3,8,210,12,233,128,6,134,367
09/08/2005,SCK,CA,AWP,WE,Towers with Radar,2,13,79,0,94,0,0,158,3,161,2,13,237,3,255,176,0,176,431
09/09/2005,SCK,CA,AWP,WE,Towers with Radar,2,14,54,1,71,0,0,177,1,178,2,14,231,2,249,270,4,274,523
09/10/2005,SCK,CA,AWP,WE,Towers with Radar,1,1,42,0,44,0,0,107,0,107,1,1,149,0,151,150,0,150,301
09/11/2005,SCK,CA,AWP,WE,Towers with Radar,0,0,61,0,61,0,0,113,1,114,0,0,174,1,175,94,0,94,269
09/12/2005,SCK,CA,AWP,WE,Towers with Radar,2,16,40,5,63,0,4,109,10,123,2,20,149,15,186,62,8,70,256
09/13/2005,SCK,CA,AWP,WE,Towers with Radar,2,3,68,0,73,0,1,126,0,127,2,4,194,0,200,34,0,34,234
09/14/2005,SCK,CA,AWP,WE,Towers with Radar,2,9,83,1,95,0,0,117,0,117,2,9,200,1,212,86,0,86,298
09/15/2005,SCK,CA,AWP,WE,Towers with Radar,2,6,44,10,62,0,0,128,4,132,2,6,172,14,194,52,10,62,256
09/16/2005,SCK,CA,AWP,WE,Towers with Radar,2,5,41,6,54,0,0,122,0,122,2,5,163,6,176,52,2,54,230
09/17/2005,SCK,CA,AWP,WE,Towers with Radar,1,1,24,0,26,0,0,80,0,80,1,1,104,0,106,66,0,66,172
09/18/2005,SCK,CA,AWP,WE,Towers with Radar,0,0,43,0,43,0,0,74,0,74,0,0,117,0,117,78,0,78,195
09/19/2005,SCK,CA,AWP,WE,Towers with Radar,1,1,44,0,46,0,0,86,0,86,1,1,130,0,132,46,0,46,178
09/20/2005,SCK,CA,AWP,WE,Towers with Radar,2,5,52,4,63,0,0,73,0,73,2,5,125,4,136,40,0,40,176
09/21/2005,SCK,CA,AWP,WE,Towers with Radar,2,18,69,0,89,0,0,102,3,105,2,18,171,3,194,150,0,150,344
09/22/2005,SCK,CA,AWP,WE,Towers with Radar,4,8,69,1,82,0,0,155,4,159,4,8,224,5,241,194,0,194,435
09/23/2005,SCK,CA,AWP,WE,Towers with Radar,2,10,73,0,85,0,0,168,0,168,2,10,241,0,253,76,0,76,329
09/24/2005,SCK,CA,AWP,WE,Towers with Radar,1,1,53,0,55,0,0,105,0,105,1,1,158,0,160,98,0,98,258
09/25/2005,SCK,CA,AWP,WE,Towers with Radar,0,6,45,0,51,0,0,92,0,92,0,6,137,0,143,4,0,4,147
09/26/2005,SCK,CA,AWP,WE,Towers with Radar,1,7,38,5,51,0,2,84,3,89,1,9,122,8,140,38,4,42,182
09/27/2005,SCK,CA,AWP,WE,Towers with Radar,4,13,33,6,56,0,5,84,4,93,4,18,117,10,149,14,2,16,165
09/28/2005,SCK,CA,AWP,WE,Towers with Radar,2,2,62,1,67,0,0,143,7,150,2,2,205,8,217,92,0,92,309
09/29/2005,SCK,CA,AWP,WE,Towers with Radar,2,4,42,2,50,0,0,105,0,105,2,4,147,2,155,46,0,46,201
09/30/2005,SCK,CA,AWP,WE,Towers with Radar,2,3,77,0,82,0,0,158,0,158,2,3,235,0,240,62,0,62,302
10/01/2005,SCK,CA,AWP,WE,Towers with Radar,1,1,35,0,37,0,0,89,2,91,1,1,124,2,128,62,0,62,190
10/02/2005,SCK,CA,AWP,WE,Towers with Radar,0,8,44,0,52,0,1,89,0,90,0,9,133,0,142,86,0,86,228
10/03/2005,SCK,CA,AWP,WE,Towers with Radar,1,7,67,0,75,0,0,94,0,94,1,7,161,0,169,44,0,44,213
10/04/2005,SCK,CA,AWP,WE,Towers with Radar,2,9,2,3,16,0,0,132,0,132,2,9,134,3,148,60,0,60,208
10/05/2005,SCK,CA,AWP,WE,Towers with Radar,2,3,54,11,70,0,0,148,4,152,2,3,202,15,222,104,0,104,326
10/06/2005,SCK,CA,AWP,WE,Towers with Radar,2,7,59,2,70,0,0,115,1,116,2,7,174,3,186,66,12,78,264
10/07/2005,SCK,CA,AWP,WE,Towers with Radar,2,2,73,0,77,0,0,147,0,147,2,2,220,0,224,90,0,90,314
10/08/2005,SCK,CA,AWP,WE,Towers with Radar,1,2,9,0,12,0,1,64,0,65,1,3,73,0,77,61,0,61,138
10/09/2005,SCK,CA,AWP,WE,Towers with Radar,0,0,36,0,36,0,0,64,2,66,0,0,100,2,102,26,0,26,128
10/10/2005,SCK,CA,AWP,WE,Towers with Radar,1,5,51,0,57,0,0,93,3,96,1,5,144,3,153,86,0,86,239
10/11/2005,SCK,CA,AWP,WE,Towers with Radar,2,5,57,0,64,0,0,119,0,119,2,5,176,0,183,134,0,134,317
10/12/2005,SCK,CA,AWP,WE,Towers with Radar,2,3,60,0,65,0,0,151,3,154,2,3,211,3,219,98,0,98,317
10/13/2005,SCK,CA,AWP,WE,Towers with Radar,9,2,52,9,72,0,0,151,5,156,9,2,203,14,228,112,4,116,344
10/14/2005,SCK,CA,AWP,WE,Towers with Radar,4,8,50,0,62,0,0,107,2,109,4,8,157,2,171,72,0,72,243
10/15/2005,SCK,CA,AWP,WE,Towers with Radar,1,1,56,0,58,0,0,64,2,66,1,1,120,2,124,28,0,28,152
10/16/2005,SCK,CA,AWP,WE,Towers with Radar,1,1,36,0,38,0,0,119,0,119,1,1,155,0,157,60,0,60,217
10/17/2005,SCK,CA,AWP,WE,Towers with Radar,2,9,54,3,68,0,0,114,2,116,2,9,168,5,184,78,0,78,262
10/18/2005,SCK,CA,AWP,WE,Towers with Radar,2,2,37,6,47,0,0,91,5,96,2,2,128,11,143,44,10,54,197
10/19/2005,SCK,CA,AWP,WE,Towers with Radar,2,9,91,0,102,0,0,134,2,136,2,9,225,2,238,120,0,120,358
10/20/2005,SCK,CA,AWP,WE,Towers with Radar,2,3,56,0,61,0,0,131,5,136,2,3,187,5,197,106,0,106,303
10/21/2005,SCK,CA,AWP,WE,Towers with Radar,2,3,48,0,53,0,0,0,0,0,2,3,48,0,53,148,2,150,203
10/22/2005,SCK,CA,AWP,WE,Towers with Radar,1,1,60,0,62,0,0,90,1,91,1,1,150,1,153,68,0,68,221
10/23/2005,SCK,CA,AWP,WE,Towers with Radar,0,1,50,2,53,0,0,110,2,112,0,1,160,4,165,42,2,44,209
10/24/2005,SCK,CA,AWP,WE,Towers with Radar,1,1,73,2,77,0,0,75,5,80,1,1,148,7,157,16,0,16,173
10/25/2005,SCK,CA,AWP,WE,Towers with Radar,2,4,5,18,29,0,0,81,0,81,2,4,86,18,110,66,4,70,180
10/26/2005,SCK,CA,AWP,WE,Towers with Radar,2,4,100,15,121,0,0,133,5,138,2,4,233,20,259,66,0,66,325
10/27/2005,SCK,CA,AWP,WE,Towers with Radar,2,8,83,2,95,0,0,128,10,138,2,8,211,12,233,114,0,114,347
10/28/2005,SCK,CA,AWP,WE,Towers with Radar,2,2,40,8,52,0,0,177,11,188,2,2,217,19,240,132,0,132,372
10/29/2005,SCK,CA,AWP,WE,Towers with Radar,1,2,73,0,76,0,0,37,0,37,1,2,110,0,113,46,0,46,159
10/30/2005,SCK,CA,AWP,WE,Towers with Radar,0,3,57,0,60,0,0,95,0,95,0,3,152,0,155,54,0,54,209
10/31/2005,SCK,CA,AWP,WE,Towers with Radar,1,7,32,7,47,0,0,94,5,99,1,7,126,12,146,34,6,40,186
11/01/2005,SCK,CA,AWP,WE,Towers with Radar,2,2,57,9,70,0,0,150,3,153,2,2,207,12,223,68,21,89,312
11/02/2005,SCK,CA,AWP,WE,Towers with Radar,2,4,67,0,73,0,0,155,20,175,2,4,222,20,248,126,16,142,390
11/03/2005,SCK,CA,AWP,WE,Towers with Radar,2,8,71,0,81,0,0,0,0,0,2,8,71,0,81,90,12,102,183
11/04/2005,SCK,CA,AWP,WE,Towers with Radar,2,5,123,0,130,0,0,121,5,126,2,5,244,5,256,102,0,102,358
11/05/2005,SCK,CA,AWP,WE,Towers with Radar,1,3,30,0,34,0,0,73,0,73,1,3,103,0,107,68,0,68,175
11/06/2005,SCK,CA,AWP,WE,Towers with Radar,2,0,77,2,81,0,0,123,0,123,2,0,200,2,204,152,0,152,356
11/07/2005,SCK,CA,AWP,WE,Towers with Radar,6,2,48,0,56,1,0,53,0,54,7,2,101,0,110,38,0,38,148
11/08/2005,SCK,CA,AWP,WE,Towers with Radar,2,7,7,13,29,0,0,159,0,159,2,7,166,13,188,42,8,50,238
11/09/2005,SCK,CA,AWP,WE,Towers with Radar,2,7,54,2,65,0,0,165,27,192,2,7,219,29,257,56,20,76,333
11/10/2005,SCK,CA,AWP,WE,Towers with Radar,6,2,72,13,93,0,0,175,7,182,6,2,247,20,275,92,14,106,381
11/11/2005,SCK,CA,AWP,WE,Towers with Radar,2,3,104,0,109,0,0,145,2,147,2,3,249,2,256,100,0,100,356
11/12/2005,SCK,CA,AWP,WE,Towers with Radar,1,3,49,0,53,0,0,52,0,52,1,3,101,0,105,26,0,26,131
11/13/2005,SCK,CA,AWP,WE,Towers with Radar,0,2,44,0,46,0,0,82,0,82,0,2,126,0,128,78,0,78,206
11/14/2005,SCK,CA,AWP,WE,Towers with Radar,1,2,67,0,70,0,0,95,0,95,1,2,162,0,165,86,0,86,251
11/15/2005,SCK,CA,AWP,WE,Towers with Radar,2,2,74,5,83,0,1,124,10,135,2,3,198,15,218,58,10,68,286
11/16/2005,SCK,CA,AWP,WE,Towers with Radar,2,8,100,5,115,0,0,161,4,165,2,8,261,9,280,78,0,78,358
11/17/2005,SCK,CA,AWP,WE,Towers with Radar,8,11,54,1,74,0,1,157,0,158,8,12,211,1,232,104,0,104,336
11/18/2005,SCK,CA,AWP,WE,Towers with Radar,6,11,64,0,81,0,0,157,2,159,6,11,221,2,240,130,0,130,370
11/19/2005,SCK,CA,AWP,WE,Towers with Radar,7,2,55,0,64,0,0,110,1,111,7,2,165,1,175,102,0,102,277
11/20/2005,SCK,CA,AWP,WE,Towers with Radar,0,1,54,0,55,0,0,138,0,138,0,1,192,0,193,78,0,78,271
11/21/2005,SCK,CA,AWP,WE,Towers with Radar,4,6,78,0,88,0,0,85,9,94,4,6,163,9,182,60,0,60,242
11/22/2005,SCK,CA,AWP,WE,Towers with Radar,2,9,89,10,110,0,0,172,0,172,2,9,261,10,282,52,0,52,334
11/23/2005,SCK,CA,AWP,WE,Towers with Radar,2,17,85,2,106,0,0,148,3,151,2,17,233,5,257,130,0,130,387
11/24/2005,SCK,CA,AWP,WE,Towers with Radar,1,1,1,0,3,0,0,56,0,56,1,1,57,0,59,6,0,6,65
11/25/2005,SCK,CA,AWP,WE,Towers with Radar,1,4,46,0,51,0,0,29,0,29,1,4,75,0,80,16,0,16,96
11/26/2005,SCK,CA,AWP,WE,Towers with Radar,1,0,20,0,21,0,0,74,0,74,1,0,94,0,95,62,0,62,157
11/27/2005,SCK,CA,AWP,WE,Towers with Radar,0,2,35,0,37,0,0,110,0,110,0,2,145,0,147,84,0,84,231
11/28/2005,SCK,CA,AWP,WE,Towers with Radar,2,9,51,4,66,0,0,76,2,78,2,9,127,6,144,76,0,76,220
11/29/2005,SCK,CA,AWP,WE,Towers with Radar,2,2,82,2,88,0,0,22,6,28,2,2,104,8,116,16,8,24,140
11/30/2005,SCK,CA,AWP,WE,Towers with Radar,2,15,72,2,91,0,0,143,13,156,2,15,215,15,247,63,0,63,310
12/01/2005,SCK,CA,AWP,WE,Towers with Radar,2,3,25,2,32,0,0,58,0,58,2,3,83,2,90,0,0,0,90
12/02/2005,SCK,CA,AWP,WE,Towers with Radar,2,6,71,0,79,0,0,219,0,219,2,6,290,0,298,162,0,162,460
12/03/2005,SCK,CA,AWP,WE,Towers with Radar,1,2,49,0,52,0,0,66,0,66,1,2,115,0,118,26,0,26,144
12/04/2005,SCK,CA,AWP,WE,Towers with Radar,0,0,39,0,39,0,0,69,4,73,0,0,108,4,112,12,4,16,128
12/05/2005,SCK,CA,AWP,WE,Towers with Radar,1,4,42,1,48,0,0,99,1,100,1,4,141,2,148,114,6,120,268
12/06/2005,SCK,CA,AWP,WE,Towers with Radar,2,4,62,4,72,0,0,106,4,110,2,4,168,8,182,60,10,70,252
12/07/2005,SCK,CA,AWP,WE,Towers with Radar,2,6,101,6,115,0,0,97,10,107,2,6,198,16,222,28,6,34,256
12/08/2005,SCK,CA,AWP,WE,Towers with Radar,2,7,97,6,112,0,0,69,0,69,2,7,166,6,181,0,0,0,181
12/09/2005,SCK,CA,AWP,WE,Towers with Radar,2,3,45,2,52,0,0,148,1,149,2,3,193,3,201,10,8,18,219
12/10/2005,SCK,CA,AWP,WE,Towers with Radar,1,6,68,0,75,0,0,7,0,7,1,6,75,0,82,6,0,6,88
12/11/2005,SCK,CA,AWP,WE,Towers with Radar,0,10,48,8,66,0,2,52,0,54,0,12,100,8,120,36,0,36,156
12/12/2005,SCK,CA,AWP,WE,Towers with Radar,1,3,110,0,114,0,0,25,2,27,1,3,135,2,141,8,0,8,149
12/13/2005,SCK,CA,AWP,WE,Towers with Radar,3,11,75,2,91,0,0,57,3,60,3,11,132,5,151,26,10,36,187
12/14/2005,SCK,CA,AWP,WE,Towers with Radar,2,8,91,8,109,0,0,35,6,41,2,8,126,14,150,12,0,12,162
12/15/2005,SCK,CA,AWP,WE,Towers with Radar,2,5,85,0,92,0,0,15,0,15,2,5,100,0,107,0,0,0,107
12/16/2005,SCK,CA,AWP,WE,Towers with Radar,2,2,168,13,185,0,0,19,0,19,2,2,187,13,204,0,0,0,204
12/17/2005,SCK,CA,AWP,WE,Towers with Radar,1,0,50,0,51,0,1,21,0,22,1,1,71,0,73,0,0,0,73
12/18/2005,SCK,CA,AWP,WE,Towers with Radar,0,1,34,0,35,0,0,7,0,7,0,1,41,0,42,0,0,0,42
12/19/2005,SCK,CA,AWP,WE,Towers with Radar,1,6,56,7,70,0,0,65,8,73,1,6,121,15,143,56,6,62,205
12/20/2005,SCK,CA,AWP,WE,Towers with Radar,2,4,45,4,55,0,0,107,10,117,2,4,152,14,172,8,18,26,198
12/21/2005,SCK,CA,AWP,WE,Towers with Radar,2,3,43,0,48,0,0,75,5,80,2,3,118,5,128,0,0,0,128
12/22/2005,SCK,CA,AWP,WE,Towers with Radar,2,4,25,10,41,0,0,98,4,102,2,4,123,14,143,10,28,38,181
12/23/2005,SCK,CA,AWP,WE,Towers with Radar,4,7,75,2,88,0,0,78,0,78,4,7,153,2,166,6,0,6,172
12/24/2005,SCK,CA,AWP,WE,Towers with Radar,1,1,49,0,51,0,0,7,0,7,1,1,56,0,58,0,0,0,58
12/25/2005,SCK,CA,AWP,WE,Towers with Radar,0,2,7,0,9,0,0,3,0,3,0,2,10,0,12,0,0,0,12
12/26/2005,SCK,CA,AWP,WE,Towers with Radar,0,1,43,1,45,0,0,61,0,61,0,1,104,1,106,90,0,90,196
12/27/2005,SCK,CA,AWP,WE,Towers with Radar,2,8,33,20,63,0,0,58,0,58,2,8,91,20,121,34,8,42,163
12/28/2005,SCK,CA,AWP,WE,Towers with Radar,2,5,20,0,27,0,0,29,1,30,2,5,49,1,57,30,20,50,107
12/29/2005,SCK,CA,AWP,WE,Towers with Radar,2,3,98,4,107,0,0,140,0,140,2,3,238,4,247,126,0,126,373
12/30/2005,SCK,CA,AWP,WE,Towers with Radar,2,7,11,0,20,0,0,10,1,11,2,7,21,1,31,0,0,0,31
12/31/2005,SCK,CA,AWP,WE,Towers with Radar,1,0,3,0,4,0,0,8,0,8,1,0,11,0,12,0,0,0,12
01/01/2006,SCK,CA,AWP,WE,Towers with Radar,0,0,3,0,3,0,0,0,0,0,0,0,3,0,3,0,0,0,3
01/02/2006,SCK,CA,AWP,WE,Towers with Radar,0,2,27,0,29,0,0,28,0,28,0,2,55,0,57,6,0,6,63
01/03/2006,SCK,CA,AWP,WE,Towers with Radar,1,2,7,7,17,0,0,101,0,101,1,2,108,7,118,12,11,23,141
01/04/2006,SCK,CA,AWP,WE,Towers with Radar,2,3,74,7,86,0,1,20,5,26,2,4,94,12,112,56,10,66,178
01/05/2006,SCK,CA,AWP,WE,Towers with Radar,2,6,101,0,109,0,0,93,4,97,2,6,194,4,206,48,0,48,254
01/06/2006,SCK,CA,AWP,WE,Towers with Radar,2,2,53,0,57,0,0,35,0,35,2,2,88,0,92,8,0,8,100
01/07/2006,SCK,CA,AWP,WE,Towers with Radar,3,1,70,5,79,0,0,61,9,70,3,1,131,14,149,24,0,24,173
01/08/2006,SCK,CA,AWP,WE,Towers with Radar,0,1,48,0,49,0,0,59,0,59,0,1,107,0,108,90,0,90,198
01/09/2006,SCK,CA,AWP,WE,Towers with Radar,1,3,50,0,54,0,0,128,0,128,1,3,178,0,182,52,0,52,234
01/10/2006,SCK,CA,AWP,WE,Towers with Radar,2,8,41,2,53,0,0,97,3,100,2,8,138,5,153,58,2,60,213
01/11/2006,SCK,CA,AWP,WE,Towers with Radar,3,9,33,0,45,0,0,3,14,17,3,9,36,14,62,0,0,0,62
01/12/2006,SCK,CA,AWP,WE,Towers with Radar,0,0,22,0,22,0,2,0,0,2,0,2,22,0,24,0,0,0,24
01/13/2006,SCK,CA,AWP,WE,Towers with Radar,2,7,62,7,78,0,0,44,0,44,2,7,106,7,122,24,0,24,146
01/14/2006,SCK,CA,AWP,WE,Towers with Radar,1,3,15,0,19,0,0,22,0,22,1,3,37,0,41,6,0,6,47
01/15/2006,SCK,CA,AWP,WE,Towers with Radar,0,3,44,0,47,0,0,74,0,74,0,3,118,0,121,26,0,26,147
01/16/2006,SCK,CA,AWP,WE,Towers with Radar,1,2,63,0,66,0,0,81,0,81,1,2,144,0,147,42,0,42,189
01/17/2006,SCK,CA,AWP,WE,Towers with Radar,2,13,52,2,69,0,0,107,16,123,2,13,159,18,192,84,0,84,276
01/18/2006,SCK,CA,AWP,WE,Towers with Radar,2,2,75,6,85,0,0,41,1,42,2,2,116,7,127,12,0,12,139
01/19/2006,SCK,CA,AWP,WE,Towers with Radar,2,2,64,0,68,0,0,48,2,50,2,2,112,2,118,10,0,10,128
01/20/2006,SCK,CA,AWP,WE,Towers with Radar,2,3,44,1,50,0,0,66,1,67,2,3,110,2,117,26,0,26,143
01/21/2006,SCK,CA,AWP,WE,Towers with Radar,1,1,70,1,73,0,0,8,0,8,1,1,78,1,81,16,0,16,97
01/22/2006,SCK,CA,AWP,WE,Towers with Radar,0,1,42,0,43,0,0,51,0,51,0,1,93,0,94,50,0,50,144
01/23/2006,SCK,CA,AWP,WE,Towers with Radar,1,11,49,1,62,0,0,87,1,88,1,11,136,2,150,30,0,30,180
01/24/2006,SCK,CA,AWP,WE,Towers with Radar,2,4,14,14,34,0,0,97,0,97,2,4,111,14,131,38,2,40,171
01/25/2006,SCK,CA,AWP,WE,Towers with Radar,2,10,68,6,86,0,0,70,9,79,2,10,138,15,165,22,10,32,197
01/26/2006,SCK,CA,AWP,WE,Towers with Radar,2,9,56,0,67,0,0,102,8,110,2,9,158,8,177,34,0,34,211
01/27/2006,SCK,CA,AWP,WE,Towers with Radar,2,5,79,2,88,0,16,124,1,141,2,21,203,3,229,34,0,34,263
01/28/2006,SCK,CA,AWP,WE,Towers with Radar,1,1,37,3,42,0,0,39,1,40,1,1,76,4,82,18,4,22,104
01/29/2006,SCK,CA,AWP,WE,Towers with Radar,0,4,54,1,59,0,0,75,0,75,0,4,129,1,134,104,0,104,238
01/30/2006,SCK,CA,AWP,WE,Towers with Radar,1,2,43,7,53,0,0,56,1,57,1,2,99,8,110,28,8,36,146
01/31/2006,SCK,CA,AWP,WE,Towers with Radar,2,11,23,38,74,0,0,202,0,202,2,11,225,38,276,68,6,74,350
02/01/2006,SCK,CA,AWP,WE,Towers with Radar,2,7,6,10,25,0,1,128,0,129,2,8,134,10,154,40,0,40,194
02/02/2006,SCK,CA,AWP,WE,Towers with Radar,3,4,89,11,107,0,0,65,6,71,3,4,154,17,178,16,20,36,214
02/03/2006,SCK,CA,AWP,WE,Towers with Radar,2,3,57,2,64,0,0,22,0,22,2,3,79,2,86,30,8,38,124
02/04/2006,SCK,CA,AWP,WE,Towers with Radar,1,4,48,1,54,0,0,55,0,55,1,4,103,1,109,12,0,12,121
02/05/2006,SCK,CA,AWP,WE,Towers with Radar,0,2,45,0,47,0,0,50,2,52,0,2,95,2,99,42,0,42,141
02/06/2006,SCK,CA,AWP,WE,Towers with Radar,1,8,83,0,92,0,0,114,6,120,1,8,197,6,212,102,0,102,314
02/07/2006,SCK,CA,AWP,WE,Towers with Radar,2,6,98,4,110,0,0,127,3,130,2,6,225,7,240,78,0,78,318
02/08/2006,SCK,CA,AWP,WE,Towers with Radar,2,9,55,0,66,0,0,101,2,103,2,9,156,2,169,56,0,56,225
02/09/2006,SCK,CA,AWP,WE,Towers with Radar,2,3,71,5,81,0,1,91,0,92,2,4,162,5,173,58,0,58,231
02/10/2006,SCK,CA,AWP,WE,Towers with Radar,2,3,38,6,49,0,0,157,1,158,2,3,195,7,207,120,8,128,335
02/11/2006,SCK,CA,AWP,WE,Towers with Radar,1,1,47,0,49,0,0,106,3,109,1,1,153,3,158,61,0,61,219
02/12/2006,SCK,CA,AWP,WE,Towers with Radar,1,2,29,0,32,0,0,92,4,96,1,2,121,4,128,56,0,56,184
02/13/2006,SCK,CA,AWP,WE,Towers with Radar,1,2,44,1,48,0,0,82,3,85,1,2,126,4,133,66,2,68,201
02/14/2006,SCK,CA,AWP,WE,Towers with Radar,3,3,48,12,66,0,0,117,3,120,3,3,165,15,186,34,12,46,232
02/15/2006,SCK,CA,AWP,WE,Towers with Radar,2,5,41,1,49,0,0,95,12,107,2,5,136,13,156,36,4,40,196
02/16/2006,SCK,CA,AWP,WE,Towers with Radar,4,5,47,8,64,0,6,131,6,143,4,11,178,14,207,66,8,74,281
02/17/2006,SCK,CA,AWP,WE,Towers with Radar,2,11,0,1,14,0,0,137,0,137,2,11,137,1,151,12,0,12,163
02/18/2006,SCK,CA,AWP,WE,Towers with Radar,3,3,27,0,33,0,0,41,0,41,3,3,68,0,74,88,0,88,162
02/19/2006,SCK,CA,AWP,WE,Towers with Radar,0,0,58,0,58,0,0,29,2,31,0,0,87,2,89,22,0,22,111
02/20/2006,SCK,CA,AWP,WE,Towers with Radar,1,5,69,0,75,0,0,83,1,84,1,5,152,1,159,22,0,22,181
02/21/2006,SCK,CA,AWP,WE,Towers with Radar,2,6,92,4,104,0,0,167,6,173,2,6,259,10,277,56,10,66,343
02/22/2006,SCK,CA,AWP,WE,Towers with Radar,1,3,48,0,52,0,0,132,0,132,1,3,180,0,184,36,0,36,220
02/23/2006,SCK,CA,AWP,WE,Towers with Radar,2,4,36,4,46,0,2,88,0,90,2,6,124,4,136,50,0,50,186
02/24/2006,SCK,CA,AWP,WE,Towers with Radar,2,2,53,0,57,0,0,140,2,142,2,2,193,2,199,52,6,58,257
02/25/2006,SCK,CA,AWP,WE,Towers with Radar,1,1,47,0,49,0,1,91,0,92,1,2,138,0,141,68,0,68,209
02/26/2006,SCK,CA,AWP,WE,Towers with Radar,0,0,18,0,18,0,0,37,0,37,0,0,55,0,55,18,0,18,73
02/27/2006,SCK,CA,AWP,WE,Towers with Radar,1,5,22,0,28,0,0,41,0,41,1,5,63,0,69,0,0,0,69
02/28/2006,SCK,CA,AWP,WE,Towers with Radar,2,4,16,0,22,0,0,48,2,50,2,4,64,2,72,0,0,0,72
03/01/2006,SCK,CA,AWP,WE,Towers with Radar,2,5,74,0,81,0,0,163,11,174,2,5,237,11,255,118,0,118,373
03/02/2006,SCK,CA,AWP,WE,Towers with Radar,2,4,23,0,29,0,0,38,0,38,2,4,61,0,67,14,0,14,81
03/03/2006,SCK,CA,AWP,WE,Towers with Radar,3,12,26,4,45,0,0,37,5,42,3,12,63,9,87,30,2,32,119
03/04/2006,SCK,CA,AWP,WE,Towers with Radar,1,1,52,0,54,0,0,61,2,63,1,1,113,2,117,30,0,30,147
03/05/2006,SCK,CA,AWP,WE,Towers with Radar,0,5,21,0,26,0,0,38,0,38,0,5,59,0,64,0,0,0,64
03/06/2006,SCK,CA,AWP,WE,Towers with Radar,1,4,67,0,72,0,0,77,4,81,1,4,144,4,153,72,0,72,225
03/07/2006,SCK,CA,AWP,WE,Towers with Radar,2,12,40,6,60,0,0,69,6,75,2,12,109,12,135,26,0,26,161
03/08/2006,SCK,CA,AWP,WE,Towers with Radar,2,7,91,12,112,0,0,193,5,198,2,7,284,17,310,48,4,52,362
03/09/2006,SCK,CA,AWP,WE,Towers with Radar,2,3,49,1,55,0,0,100,13,113,2,3,149,14,168,48,12,60,228
03/10/2006,SCK,CA,AWP,WE,Towers with Radar,2,8,13,0,23,0,0,21,3,24,2,8,34,3,47,0,0,0,47
03/11/2006,SCK,CA,AWP,WE,Towers with Radar,1,5,50,1,57,0,0,23,1,24,1,5,73,2,81,12,0,12,93
03/12/2006,SCK,CA,AWP,WE,Towers with Radar,0,4,16,0,20,0,0,48,0,48,0,4,64,0,68,46,0,46,114
03/13/2006,SCK,CA,AWP,WE,Towers with Radar,1,1,75,0,77,0,0,88,10,98,1,1,163,10,175,40,10,50,225
03/14/2006,SCK,CA,AWP,WE,Towers with Radar,2,14,11,12,39,0,0,113,0,113,2,14,124,12,152,12,10,22,174
03/15/2006,SCK,CA,AWP,WE,Towers with Radar,2,14,72,4,92,0,0,90,0,90,2,14,162,4,182,10,0,10,192
03/16/2006,SCK,CA,AWP,WE,Towers with Radar,2,4,16,13,35,0,0,110,0,110,2,4,126,13,145,54,6,60,205
03/17/2006,SCK,CA,AWP,WE,Towers with Radar,2,3,34,0,39,0,0,39,0,39,2,3,73,0,78,24,0,24,102
03/18/2006,SCK,CA,AWP,WE,Towers with Radar,1,1,38,0,40,0,0,68,1,69,1,1,106,1,109,44,0,44,153
03/19/2006,SCK,CA,AWP,WE,Towers with Radar,0,0,67,0,67,0,0,79,2,81,0,0,146,2,148,104,0,104,252
03/20/2006,SCK,CA,AWP,WE,Towers with Radar,1,5,51,0,57,0,0,53,0,53,1,5,104,0,110,10,0,10,120
03/21/2006,SCK,CA,AWP,WE,Towers with Radar,2,4,40,1,47,0,1,92,3,96,2,5,132,4,143,32,0,32,175
03/22/2006,SCK,CA,AWP,WE,Towers with Radar,2,8,88,2,100,0,0,155,2,157,2,8,243,4,257,80,0,80,337
03/23/2006,SCK,CA,AWP,WE,Towers with Radar,2,8,51,1,62,0,0,104,0,104,2,8,155,1,166,36,0,36,202
03/24/2006,SCK,CA,AWP,WE,Towers with Radar,2,4,7,7,20,0,0,153,0,153,2,4,160,7,173,40,0,40,213
03/25/2006,SCK,CA,AWP,WE,Towers with Radar,1,1,20,0,22,0,0,39,0,39,1,1,59,0,61,8,0,8,69
03/26/2006,SCK,CA,AWP,WE,Towers with Radar,0,2,57,0,59,0,0,86,0,86,0,2,143,0,145,26,0,26,171
03/27/2006,SCK,CA,AWP,WE,Towers with Radar,1,1,65,0,67,0,0,77,0,77,1,1,142,0,144,34,0,34,178
03/28/2006,SCK,CA,AWP,WE,Towers with Radar,2,7,59,16,84,0,1,24,5,30,2,8,83,21,114,22,10,32,146
03/29/2006,SCK,CA,AWP,WE,Towers with Radar,2,6,45,6,59,0,0,90,6,96,2,6,135,12,155,22,0,22,177
03/30/2006,SCK,CA,AWP,WE,Towers with Radar,2,9,59,0,70,0,8,113,0,121,2,17,172,0,191,30,0,30,221
03/31/2006,SCK,CA,AWP,WE,Towers with Radar,2,5,31,6,44,0,0,69,3,72,2,5,100,9,116,60,0,60,176
04/01/2006,SCK,CA,AWP,WE,Towers with Radar,1,3,30,20,54,0,0,37,2,39,1,3,67,22,93,44,12,56,149
04/02/2006,SCK,CA,AWP,WE,Towers with Radar,0,1,43,0,44,0,0,68,0,68,0,1,111,0,112,38,0,38,150
04/03/2006,SCK,CA,AWP,WE,Towers with Radar,1,3,58,0,62,0,0,17,0,17,1,3,75,0,79,6,0,6,85
04/04/2006,SCK,CA,AWP,WE,Towers with Radar,2,8,63,7,80,0,0,33,0,33,2,8,96,7,113,6,0,6,119
04/05/2006,SCK,CA,AWP,WE,Towers with Radar,2,8,70,4,84,0,0,67,13,80,2,8,137,17,164,40,6,46,210
04/06/2006,SCK,CA,AWP,WE,Towers with Radar,2,11,97,0,110,0,0,170,0,170,2,11,267,0,280,61,0,61,341
04/07/2006,SCK,CA,AWP,WE,Towers with Radar,2,4,29,0,35,0,0,70,6,76,2,4,99,6,111,18,0,18,129
04/08/2006,SCK,CA,AWP,WE,Towers with Radar,1,3,50,3,57,0,0,83,0,83,1,3,133,3,140,44,0,44,184
04/09/2006,SCK,CA,AWP,WE,Towers with Radar,0,4,39,0,43,0,0,57,3,60,0,4,96,3,103,56,0,56,159
04/10/2006,SCK,CA,AWP,WE,Towers with Radar,1,7,45,3,56,0,7,32,0,39,1,14,77,3,95,10,0,10,105
04/11/2006,SCK,CA,AWP,WE,Towers with Radar,2,15,43,0,60,0,0,67,0,67,2,15,110,0,127,14,0,14,141
04/12/2006,SCK,CA,AWP,WE,Towers with Radar,2,3,76,14,95,0,0,89,0,89,2,3,165,14,184,24,20,44,228
04/13/2006,SCK,CA,AWP,WE,Towers with Radar,2,8,121,0,131,0,0,164,12,176,2,8,285,12,307,92,0,92,399
04/14/2006,SCK,CA,AWP,WE,Towers with Radar,2,4,31,2,39,0,0,72,4,76,2,4,103,6,115,46,6,52,167
04/15/2006,SCK,CA,AWP,WE,Towers with Radar,1,1,41,0,43,0,0,78,0,78,1,1,119,0,121,72,0,72,193
04/16/2006,SCK,CA,AWP,WE,Towers with Radar,0,1,31,0,32,0,0,6,0,6,0,1,37,0,38,0,0,0,38
04/17/2006,SCK,CA,AWP,WE,Towers with Radar,1,3,95,9,108,0,0,132,0,132,1,3,227,9,240,80,0,80,320
04/18/2006,SCK,CA,AWP,WE,Towers with Radar,2,2,108,0,112,0,0,118,12,130,2,2,226,12,242,78,4,82,324
04/19/2006,SCK,CA,AWP,WE,Towers with Radar,2,2,4,15,23,0,0,240,0,240,2,2,244,15,263,181,8,189,452
04/20/2006,SCK,CA,AWP,WE,Towers with Radar,2,2,108,0,112,0,1,129,2,132,2,3,237,2,244,68,0,68,312
04/21/2006,SCK,CA,AWP,WE,Towers with Radar,2,2,61,0,65,0,0,94,3,97,2,2,155,3,162,56,0,56,218
04/22/2006,SCK,CA,AWP,WE,Towers with Radar,1,2,54,0,57,0,0,152,0,152,1,2,206,0,209,72,0,72,281
04/23/2006,SCK,CA,AWP,WE,Towers with Radar,0,2,73,0,75,0,0,98,0,98,0,2,171,0,173,58,0,58,231
04/24/2006,SCK,CA,AWP,WE,Towers with Radar,1,7,111,6,125,0,0,76,6,82,1,7,187,12,207,44,4,48,255
04/25/2006,SCK,CA,AWP,WE,Towers with Radar,2,2,132,9,145,0,0,84,9,93,2,2,216,18,238,60,6,66,304
04/26/2006,SCK,CA,AWP,WE,Towers with Radar,2,3,68,8,81,0,0,141,0,141,2,3,209,8,222,62,0,62,284
04/27/2006,SCK,CA,AWP,WE,Towers with Radar,2,2,68,4,76,0,0,148,5,153,2,2,216,9,229,42,0,42,271
04/28/2006,SCK,CA,AWP,WE,Towers with Radar,2,4,84,0,90,0,0,155,0,155,2,4,239,0,245,68,0,68,313
04/29/2006,SCK,CA,AWP,WE,Towers with Radar,0,4,34,0,38,0,0,125,0,125,0,4,159,0,163,54,0,54,217
04/30/2006,SCK,CA,AWP,WE,Towers with Radar,2,3,47,4,56,0,0,107,0,107,2,3,154,4,163,48,0,48,211
05/01/2006,SCK,CA,AWP,WE,Towers with Radar,1,4,54,0,59,0,4,84,5,93,1,8,138,5,152,86,0,86,238
05/02/2006,SCK,CA,AWP,WE,Towers with Radar,2,2,79,1,84,0,0,136,11,147,2,2,215,12,231,56,8,64,295
05/03/2006,SCK,CA,AWP,WE,Towers with Radar,2,2,44,10,58,0,0,136,3,139,2,2,180,13,197,70,10,80,277
05/04/2006,SCK,CA,AWP,WE,Towers with Radar,4,6,74,1,85,0,1,81,0,82,4,7,155,1,167,56,2,58,225
05/05/2006,SCK,CA,AWP,WE,Towers with Radar,2,6,83,0,91,0,0,97,0,97,2,6,180,0,188,90,0,90,278
05/06/2006,SCK,CA,AWP,WE,Towers with Radar,1,1,74,0,76,0,0,102,0,102,1,1,176,0,178,100,0,100,278
05/07/2006,SCK,CA,AWP,WE,Towers with Radar,0,2,44,0,46,0,0,76,0,76,0,2,120,0,122,33,0,33,155
05/08/2006,SCK,CA,AWP,WE,Towers with Radar,1,2,86,4,93,0,0,103,4,107,1,2,189,8,200,24,0,24,224
05/09/2006,SCK,CA,AWP,WE,Towers with Radar,2,3,52,6,63,0,0,105,12,117,2,3,157,18,180,44,6,50,230
05/10/2006,SCK,CA,AWP,WE,Towers with Radar,0,0,72,0,72,2,3,118,3,126,2,3,190,3,198,42,0,42,240
05/11/2006,SCK,CA,AWP,WE,Towers with Radar,2,3,56,0,61,0,0,123,4,127,2,3,179,4,188,70,0,70,258
05/12/2006,SCK,CA,AWP,WE,Towers with Radar,2,5,43,0,50,0,0,179,2,181,2,5,222,2,231,66,0,66,297
05/13/2006,SCK,CA,AWP,WE,Towers with Radar,1,3,59,0,63,0,0,78,0,78,1,3,137,0,141,77,0,77,218
05/14/2006,SCK,CA,AWP,WE,Towers with Radar,0,4,24,0,28,0,0,46,0,46,0,4,70,0,74,40,0,40,114
05/15/2006,SCK,CA,AWP,WE,Towers with Radar,1,1,66,2,70,0,0,87,4,91,1,1,153,6,161,53,0,53,214
05/16/2006,SCK,CA,AWP,WE,Towers with Radar,2,2,48,8,60,0,0,109,15,124,2,2,157,23,184,70,8,78,262
05/17/2006,SCK,CA,AWP,WE,Towers with Radar,2,6,50,3,61,0,0,120,9,129,2,6,170,12,190,47,0,47,237
05/18/2006,SCK,CA,AWP,WE,Towers with Radar,2,1,65,10,78,0,0,84,0,84,2,1,149,10,162,24,0,24,186
05/19/2006,SCK,CA,AWP,WE,Towers with Radar,2,6,119,0,127,0,0,83,11,94,2,6,202,11,221,28,0,28,249
05/20/2006,SCK,CA,AWP,WE,Towers with Radar,1,3,48,0,52,0,0,84,0,84,1,3,132,0,136,34,0,34,170
05/21/2006,SCK,CA,AWP,WE,Towers with Radar,0,2,55,4,61,0,0,37,0,37,0,2,92,4,98,8,0,8,106
05/22/2006,SCK,CA,AWP,WE,Towers with Radar,1,4,73,3,81,0,0,35,0,35,1,4,108,3,116,12,0,12,128
05/23/2006,SCK,CA,AWP,WE,Towers with Radar,2,2,119,0,123,0,1,110,15,126,2,3,229,15,249,44,28,72,321
05/24/2006,SCK,CA,AWP,WE,Towers with Radar,3,4,100,1,108,0,0,171,23,194,3,4,271,24,302,110,0,110,412
05/25/2006,SCK,CA,AWP,WE,Towers with Radar,2,2,101,1,106,0,0,162,0,162,2,2,263,1,268,57,0,57,325
05/26/2006,SCK,CA,AWP,WE,Towers with Radar,2,3,57,0,62,0,0,73,0,73,2,3,130,0,135,30,0,30,165
05/27/2006,SCK,CA,AWP,WE,Towers with Radar,1,2,46,0,49,0,4,93,4,101,1,6,139,4,150,58,0,58,208
05/28/2006,SCK,CA,AWP,WE,Towers with Radar,0,1,37,0,38,0,0,83,4,87,0,1,120,4,125,34,0,34,159
05/29/2006,SCK,CA,AWP,WE,Towers with Radar,0,0,39,0,39,0,0,80,0,80,0,0,119,0,119,60,0,60,179
05/30/2006,SCK,CA,AWP,WE,Towers with Radar,1,5,51,5,62,0,0,144,9,153,1,5,195,14,215,92,0,92,307
05/31/2006,SCK,CA,AWP,WE,Towers with Radar,2,3,2,7,14,0,0,146,0,146,2,3,148,7,160,100,4,104,264
06/01/2006,SCK,CA,AWP,WE,Towers with Radar,2,2,74,6,84,0,0,154,21,175,2,2,228,27,259,88,24,112,371
06/02/2006,SCK,CA,AWP,WE,Towers with Radar,2,4,42,0,48,0,0,92,2,94,2,4,134,2,142,65,0,65,207
06/03/2006,SCK,CA,AWP,WE,Towers with Radar,1,1,33,0,35,0,0,68,0,68,1,1,101,0,103,52,0,52,155
06/04/2006,SCK,CA,AWP,WE,Towers with Radar,0,1,31,0,32,0,0,79,3,82,0,1,110,3,114,24,0,24,138
06/05/2006,SCK,CA,AWP,WE,Towers with Radar,1,5,59,0,65,0,0,113,0,113,1,5,172,0,178,85,0,85,263
06/06/2006,SCK,CA,AWP,WE,Towers with Radar,2,6,94,0,102,0,0,118,9,127,2,6,212,9,229,56,0,56,285
06/07/2006,SCK,CA,AWP,WE,Towers with Radar,1,2,101,0,104,1,0,146,8,155,2,2,247,8,259,36,0,36,295
06/08/2006,SCK,CA,AWP,WE,Towers with Radar,2,3,82,8,95,0,0,139,0,139,2,3,221,8,234,78,6,84,318
06/09/2006,SCK,CA,AWP,WE,Towers with Radar,2,8,54,0,64,0,0,117,5,122,2,8,171,5,186,82,0,82,268
06/10/2006,SCK,CA,AWP,WE,Towers with Radar,1,2,75,0,78,0,0,125,3,128,1,2,200,3,206,26,0,26,232
06/11/2006,SCK,CA,AWP,WE,Towers with Radar,0,3,35,0,38,0,0,61,6,67,0,3,96,6,105,44,0,44,149
06/12/2006,SCK,CA,AWP,WE,Towers with Radar,1,7,74,0,82,0,0,73,0,73,1,7,147,0,155,73,0,73,228
06/13/2006,SCK,CA,AWP,WE,Towers with Radar,2,4,137,11,154,0,0,124,15,139,2,4,261,26,293,160,10,170,463
06/14/2006,SCK,CA,AWP,WE,Towers with Radar,2,5,4,6,17,0,0,228,0,228,2,5,232,6,245,66,0,66,311
06/15/2006,SCK,CA,AWP,WE,Towers with Radar,2,3,54,1,60,0,0,81,6,87,2,3,135,7,147,62,0,62,209
06/16/2006,SCK,CA,AWP,WE,Towers with Radar,4,2,42,0,48,0,0,103,4,107,4,2,145,4,155,44,0,44,199
06/17/2006,SCK,CA,AWP,WE,Towers with Radar,1,1,37,0,39,0,0,128,0,128,1,1,165,0,167,44,0,44,211
06/18/2006,SCK,CA,AWP,WE,Towers with Radar,2,4,40,0,46,0,0,114,2,116,2,4,154,2,162,28,0,28,190
06/19/2006,SCK,CA,AWP,WE,Towers with Radar,3,10,33,10,56,0,0,103,0,103,3,10,136,10,159,18,6,24,183
06/20/2006,SCK,CA,AWP,WE,Towers with Radar,1,2,56,4,63,0,0,137,2,139,1,2,193,6,202,46,0,46,248
06/21/2006,SCK,CA,AWP,WE,Towers with Radar,4,8,47,4,63,0,0,116,2,118,4,8,163,6,181,46,0,46,227
06/22/2006,SCK,CA,AWP,WE,Towers with Radar,2,3,90,0,95,0,0,108,10,118,2,3,198,10,213,96,0,96,309
06/23/2006,SCK,CA,AWP,WE,Towers with Radar,2,8,51,8,69,0,0,132,1,133,2,8,183,9,202,44,12,56,258
06/24/2006,SCK,CA,AWP,WE,Towers with Radar,0,5,47,2,54,0,0,51,5,56,0,5,98,7,110,20,2,22,132
06/25/2006,SCK,CA,AWP,WE,Towers with Radar,2,4,43,0,49,0,0,99,0,99,2,4,142,0,148,8,0,8,156
06/26/2006,SCK,CA,AWP,WE,Towers with Radar,2,4,43,0,49,0,0,100,0,100,2,4,143,0,149,8,0,8,157
06/27/2006,SCK,CA,AWP,WE,Towers with Radar,1,6,69,8,84,0,0,135,8,143,1,6,204,16,227,54,22,76,303
06/28/2006,SCK,CA,AWP,WE,Towers with Radar,3,2,104,2,111,0,1,99,1,101,3,3,203,3,212,84,0,84,296
06/29/2006,SCK,CA,AWP,WE,Towers with Radar,1,9,79,6,95,0,0,122,0,122,1,9,201,6,217,54,0,54,271
06/30/2006,SCK,CA,AWP,WE,Towers with Radar,2,8,99,2,111,0,0,115,5,120,2,8,214,7,231,50,0,50,281
07/01/2006,SCK,CA,AWP,WE,Towers with Radar,0,2,32,0,34,0,7,90,14,111,0,9,122,14,145,86,0,86,231
07/02/2006,SCK,CA,AWP,WE,Towers with Radar,2,0,35,0,37,0,0,101,18,119,2,0,136,18,156,56,0,56,212
07/03/2006,SCK,CA,AWP,WE,Towers with Radar,0,2,47,0,49,0,2,97,0,99,0,4,144,0,148,64,0,64,212
07/04/2006,SCK,CA,AWP,WE,Towers with Radar,0,1,44,0,45,0,0,109,37,146,0,1,153,37,191,70,0,70,261
07/05/2006,SCK,CA,AWP,WE,Towers with Radar,2,3,28,0,33,0,0,161,0,161,2,3,189,0,194,36,0,36,230
07/06/2006,SCK,CA,AWP,WE,Towers with Radar,0,0,31,2,33,0,0,176,11,187,0,0,207,13,220,84,0,84,304
07/07/2006,SCK,CA,AWP,WE,Towers with Radar,2,0,48,0,50,0,0,152,1,153,2,0,200,1,203,40,0,40,243
07/08/2006,SCK,CA,AWP,WE,Towers with Radar,0,1,24,0,25,0,0,92,0,92,0,1,116,0,117,24,0,24,141
07/09/2006,SCK,CA,AWP,WE,Towers with Radar,2,2,44,0,48,0,0,80,0,80,2,2,124,0,128,32,0,32,160
07/10/2006,SCK,CA,AWP,WE,Towers with Radar,0,3,61,10,74,0,0,152,23,175,0,3,213,33,249,92,0,92,341
07/11/2006,SCK,CA,AWP,WE,Towers with Radar,0,6,94,0,100,0,0,226,2,228,0,6,320,2,328,76,0,76,404
07/12/2006,SCK,CA,AWP,WE,Towers with Radar,2,2,10,1,15,0,2,162,5,169,2,4,172,6,184,56,4,60,244
07/13/2006,SCK,CA,AWP,WE,Towers with Radar,0,3,91,0,94,0,3,123,9,135,0,6,214,9,229,101,20,121,350
07/14/2006,SCK,CA,AWP,WE,Towers with Radar,2,1,67,0,70,0,0,161,0,161,2,1,228,0,231,114,0,114,345
07/15/2006,SCK,CA,AWP,WE,Towers with Radar,0,1,57,0,58,0,0,122,10,132,0,1,179,10,190,66,0,66,256
07/16/2006,SCK,CA,AWP,WE,Towers with Radar,3,5,11,0,19,0,2,102,0,104,3,7,113,0,123,12,0,12,135
07/17/2006,SCK,CA,AWP,WE,Towers with Radar,0,1,128,2,131,0,0,111,0,111,0,1,239,2,242,120,0,120,362
07/18/2006,SCK,CA,AWP,WE,Towers with Radar,0,6,91,0,97,0,0,106,3,109,0,6,197,3,206,66,0,66,272
07/19/2006,SCK,CA,AWP,WE,Towers with Radar,2,2,18,2,24,0,0,199,12,211,2,2,217,14,235,53,0,53,288
07/20/2006,SCK,CA,AWP,WE,Towers with Radar,0,1,11,0,12,0,0,200,3,203,0,1,211,3,215,93,0,93,308
07/21/2006,SCK,CA,AWP,WE,Towers with Radar,2,4,87,0,93,0,0,141,0,141,2,4,228,0,234,94,0,94,328
07/22/2006,SCK,CA,AWP,WE,Towers with Radar,0,4,19,0,23,0,0,52,0,52,0,4,71,0,75,34,0,34,109
07/23/2006,SCK,CA,AWP,WE,Towers with Radar,2,1,21,0,24,0,0,45,0,45,2,1,66,0,69,20,0,20,89
07/24/2006,SCK,CA,AWP,WE,Towers with Radar,0,2,58,0,60,0,0,58,12,70,0,2,116,12,130,24,0,24,154
07/25/2006,SCK,CA,AWP,WE,Towers with Radar,0,1,54,0,55,0,0,73,0,73,0,1,127,0,128,36,0,36,164
07/26/2006,SCK,CA,AWP,WE,Towers with Radar,2,7,6,0,15,0,0,138,2,140,2,7,144,2,155,68,0,68,223
07/27/2006,SCK,CA,AWP,WE,Towers with Radar,0,4,11,0,15,0,0,138,0,138,0,4,149,0,153,24,0,24,177
07/28/2006,SCK,CA,AWP,WE,Towers with Radar,2,2,80,0,84,0,0,115,1,116,2,2,195,1,200,80,0,80,280
07/29/2006,SCK,CA,AWP,WE,Towers with Radar,0,1,44,0,45,0,0,83,2,85,0,1,127,2,130,58,0,58,188
07/30/2006,SCK,CA,AWP,WE,Towers with Radar,2,0,26,4,32,0,0,84,4,88,2,0,110,8,120,38,0,38,158
07/31/2006,SCK,CA,AWP,WE,Towers with Radar,0,6,45,3,54,0,2,85,3,90,0,8,130,6,144,40,0,40,184
08/01/2006,SCK,CA,AWP,WE,Towers with Radar,0,2,61,2,65,0,0,120,1,121,0,2,181,3,186,46,0,46,232
08/02/2006,SCK,CA,AWP,WE,Towers with Radar,2,2,25,3,32,0,3,184,19,206,2,5,209,22,238,66,10,76,314
08/03/2006,SCK,CA,AWP,WE,Towers with Radar,0,4,13,1,18,0,0,173,7,180,0,4,186,8,198,58,0,58,256
08/04/2006,SCK,CA,AWP,WE,Towers with Radar,2,2,6,0,10,0,0,261,3,264,2,2,267,3,274,66,0,66,340
08/05/2006,SCK,CA,AWP,WE,Towers with Radar,0,1,57,4,62,0,0,124,2,126,0,1,181,6,188,32,0,32,220
08/06/2006,SCK,CA,AWP,WE,Towers with Radar,6,7,27,5,45,0,0,89,2,91,6,7,116,7,136,38,0,38,174
08/07/2006,SCK,CA,AWP,WE,Towers with Radar,0,0,34,3,37,0,0,78,5,83,0,0,112,8,120,58,0,58,178
08/08/2006,SCK,CA,AWP,WE,Towers with Radar,0,2,5,7,14,0,0,167,0,167,0,2,172,7,181,24,14,38,219
08/09/2006,SCK,CA,AWP,WE,Towers with Radar,2,1,16,0,19,0,0,171,0,171,2,1,187,0,190,64,0,64,254
08/10/2006,SCK,CA,AWP,WE,Towers with Radar,2,0,19,0,21,0,0,207,19,226,2,0,226,19,247,86,4,90,337
08/11/2006,SCK,CA,AWP,WE,Towers with Radar,2,2,13,0,17,0,3,219,9,231,2,5,232,9,248,32,0,32,280
08/12/2006,SCK,CA,AWP,WE,Towers with Radar,0,0,11,0,11,0,0,162,0,162,0,0,173,0,173,58,0,58,231
08/13/2006,SCK,CA,AWP,WE,Towers with Radar,2,2,60,0,64,0,0,85,3,88,2,2,145,3,152,62,0,62,214
08/14/2006,SCK,CA,AWP,WE,Towers with Radar,0,2,32,13,47,0,0,78,0,78,0,2,110,13,125,54,16,70,195
08/15/2006,SCK,CA,AWP,WE,Towers with Radar,0,2,45,2,49,0,3,93,13,109,0,5,138,15,158,60,6,66,224
08/16/2006,SCK,CA,AWP,WE,Towers with Radar,2,1,21,4,28,0,1,151,11,163,2,2,172,15,191,140,8,148,339
08/17/2006,SCK,CA,AWP,WE,Towers with Radar,0,0,20,3,23,0,0,190,11,201,0,0,210,14,224,84,12,96,320
08/18/2006,SCK,CA,AWP,WE,Towers with Radar,2,3,61,0,66,0,0,120,3,123,2,3,181,3,189,78,0,78,267
08/19/2006,SCK,CA,AWP,WE,Towers with Radar,0,2,18,0,20,0,0,101,0,101,0,2,119,0,121,70,0,70,191
08/20/2006,SCK,CA,AWP,WE,Towers with Radar,2,0,41,0,43,0,0,91,0,91,2,0,132,0,134,48,0,48,182
08/21/2006,SCK,CA,AWP,WE,Towers with Radar,0,0,58,4,62,0,0,81,0,81,0,0,139,4,143,58,0,58,201
08/22/2006,SCK,CA,AWP,WE,Towers with Radar,0,3,87,7,97,0,0,130,14,144,0,3,217,21,241,102,6,108,349
08/23/2006,SCK,CA,AWP,WE,Towers with Radar,2,3,14,0,19,0,0,204,6,210,2,3,218,6,229,88,0,88,317
08/24/2006,SCK,CA,AWP,WE,Towers with Radar,0,4,21,2,27,0,1,184,6,191,0,5,205,8,218,110,4,114,332
08/25/2006,SCK,CA,AWP,WE,Towers with Radar,2,5,8,1,16,0,0,193,8,201,2,5,201,9,217,104,0,104,321
08/26/2006,SCK,CA,AWP,WE,Towers with Radar,0,0,20,0,20,0,0,166,0,166,0,0,186,0,186,69,0,69,255
08/27/2006,SCK,CA,AWP,WE,Towers with Radar,1,4,39,0,44,0,0,100,2,102,1,4,139,2,146,42,0,42,188
08/28/2006,SCK,CA,AWP,WE,Towers with Radar,0,5,70,5,80,0,0,68,0,68,0,5,138,5,148,68,6,74,222
08/29/2006,SCK,CA,AWP,WE,Towers with Radar,0,1,69,1,71,0,1,126,8,135,0,2,195,9,206,84,0,84,290
08/30/2006,SCK,CA,AWP,WE,Towers with Radar,2,4,15,5,26,0,2,189,13,204,2,6,204,18,230,112,2,114,344
08/31/2006,SCK,CA,AWP,WE,Towers with Radar,2,4,9,0,15,0,0,218,15,233,2,4,227,15,248,114,0,114,362
09/01/2006,SCK,CA,AWP,WE,Towers with Radar,2,2,13,1,18,0,0,139,1,140,2,2,152,2,158,60,0,60,218
09/02/2006,SCK,CA,AWP,WE,Towers with Radar,0,1,47,0,48,0,0,107,1,108,0,1,154,1,156,88,0,88,244
09/03/2006,SCK,CA,AWP,WE,Towers with Radar,2,2,46,0,50,0,0,74,0,74,2,2,120,0,124,46,0,46,170
09/04/2006,SCK,CA,AWP,WE,Towers with Radar,2,1,30,3,36,0,2,59,1,62,2,3,89,4,98,60,0,60,158
09/05/2006,SCK,CA,AWP,WE,Towers with Radar,0,2,57,6,65,0,0,115,10,125,0,2,172,16,190,102,0,102,292
09/06/2006,SCK,CA,AWP,WE,Towers with Radar,2,2,53,6,63,0,0,110,3,113,2,2,163,9,176,66,0,66,242
09/07/2006,SCK,CA,AWP,WE,Towers with Radar,2,1,44,14,61,0,0,139,0,139,2,1,183,14,200,62,8,70,270
09/08/2006,SCK,CA,AWP,WE,Towers with Radar,2,3,51,11,67,0,0,117,0,117,2,3,168,11,184,20,0,20,204
09/09/2006,SCK,CA,AWP,WE,Towers with Radar,0,2,59,0,61,0,0,107,0,107,0,2,166,0,168,60,0,60,228
09/10/2006,SCK,CA,AWP,WE,Towers with Radar,4,4,55,0,63,0,0,73,0,73,4,4,128,0,136,48,0,48,184
09/11/2006,SCK,CA,AWP,WE,Towers with Radar,2,2,70,4,78,0,0,79,2,81,2,2,149,6,159,68,0,68,227
09/12/2006,SCK,CA,AWP,WE,Towers with Radar,0,5,34,23,62,0,0,107,0,107,0,5,141,23,169,84,30,114,283
09/13/2006,SCK,CA,AWP,WE,Towers with Radar,4,0,60,0,64,0,0,95,0,95,4,0,155,0,159,56,0,56,215
09/14/2006,SCK,CA,AWP,WE,Towers with Radar,2,10,48,13,73,0,0,145,0,145,2,10,193,13,218,100,16,116,334
09/15/2006,SCK,CA,AWP,WE,Towers with Radar,2,3,68,0,73,0,0,137,1,138,2,3,205,1,211,58,0,58,269
09/16/2006,SCK,CA,AWP,WE,Towers with Radar,0,1,37,0,38,0,0,119,0,119,0,1,156,0,157,24,0,24,181
09/17/2006,SCK,CA,AWP,WE,Towers with Radar,2,3,43,0,48,0,0,82,0,82,2,3,125,0,130,42,0,42,172
09/18/2006,SCK,CA,AWP,WE,Towers with Radar,2,6,30,2,40,0,0,88,6,94,2,6,118,8,134,80,0,80,214
09/19/2006,SCK,CA,AWP,WE,Towers with Radar,0,7,67,5,79,0,0,77,0,77,0,7,144,5,156,88,0,88,244
09/20/2006,SCK,CA,AWP,WE,Towers with Radar,2,2,49,0,53,0,0,99,2,101,2,2,148,2,154,84,12,96,250
09/21/2006,SCK,CA,AWP,WE,Towers with Radar,2,2,68,18,90,0,0,156,0,156,2,2,224,18,246,82,0,82,328
09/22/2006,SCK,CA,AWP,WE,Towers with Radar,2,2,45,4,53,0,0,110,1,111,2,2,155,5,164,94,4,98,262
09/23/2006,SCK,CA,AWP,WE,Towers with Radar,0,0,62,0,62,0,0,103,3,106,0,0,165,3,168,10,0,10,178
09/24/2006,SCK,CA,AWP,WE,Towers with Radar,4,3,51,4,62,0,0,84,1,85,4,3,135,5,147,36,0,36,183
09/25/2006,SCK,CA,AWP,WE,Towers with Radar,2,4,28,8,42,0,0,74,3,77,2,4,102,11,119,46,0,46,165
09/26/2006,SCK,CA,AWP,WE,Towers with Radar,0,0,66,8,74,0,0,97,6,103,0,0,163,14,177,68,6,74,251
09/27/2006,SCK,CA,AWP,WE,Towers with Radar,2,0,86,0,88,0,0,130,5,135,2,0,216,5,223,30,4,34,257
09/28/2006,SCK,CA,AWP,WE,Towers with Radar,4,0,60,16,80,0,0,101,0,101,4,0,161,16,181,58,18,76,257
09/29/2006,SCK,CA,AWP,WE,Towers with Radar,2,1,66,2,71,0,0,84,3,87,2,1,150,5,158,52,0,52,210
09/30/2006,SCK,CA,AWP,WE,Towers with Radar,0,0,60,2,62,0,0,129,10,139,0,0,189,12,201,56,6,62,263
10/01/2006,SCK,CA,AWP,WE,Towers with Radar,2,2,73,1,78,0,0,80,0,80,2,2,153,1,158,44,0,44,202
10/02/2006,SCK,CA,AWP,WE,Towers with Radar,3,3,63,2,71,0,0,81,3,84,3,3,144,5,155,60,0,60,215
10/03/2006,SCK,CA,AWP,WE,Towers with Radar,2,3,7,7,19,0,0,43,4,47,2,3,50,11,66,0,0,0,66
10/04/2006,SCK,CA,AWP,WE,Towers with Radar,2,0,45,22,69,0,0,96,0,96,2,0,141,22,165,50,16,66,231
10/05/2006,SCK,CA,AWP,WE,Towers with Radar,2,1,82,0,85,0,0,79,0,79,2,1,161,0,164,106,0,106,270
10/06/2006,SCK,CA,AWP,WE,Towers with Radar,2,2,86,0,90,0,0,95,0,95,2,2,181,0,185,54,0,54,239
10/07/2006,SCK,CA,AWP,WE,Towers with Radar,0,2,73,0,75,0,0,84,1,85,0,2,157,1,160,12,0,12,172
10/08/2006,SCK,CA,AWP,WE,Towers with Radar,2,6,68,0,76,0,0,78,0,78,2,6,146,0,154,60,0,60,214
10/09/2006,SCK,CA,AWP,WE,Towers with Radar,2,2,127,0,131,0,0,82,0,82,2,2,209,0,213,72,0,72,285
10/10/2006,SCK,CA,AWP,WE,Towers with Radar,0,2,70,2,74,0,0,112,0,112,0,2,182,2,186,48,0,48,234
10/11/2006,SCK,CA,AWP,WE,Towers with Radar,2,2,77,2,83,0,0,111,0,111,2,2,188,2,194,68,0,68,262
10/12/2006,SCK,CA,AWP,WE,Towers with Radar,2,2,106,1,111,0,0,118,0,118,2,2,224,1,229,64,0,64,293
10/13/2006,SCK,CA,AWP,WE,Towers with Radar,2,3,64,8,77,0,0,95,3,98,2,3,159,11,175,36,10,46,221
10/14/2006,SCK,CA,AWP,WE,Towers with Radar,0,2,49,0,51,0,0,99,0,99,0,2,148,0,150,16,0,16,166
10/15/2006,SCK,CA,AWP,WE,Towers with Radar,2,2,49,0,53,0,0,47,2,49,2,2,96,2,102,24,0,24,126
10/16/2006,SCK,CA,AWP,WE,Towers with Radar,2,4,64,3,73,0,0,58,3,61,2,4,122,6,134,30,26,56,190
10/17/2006,SCK,CA,AWP,WE,Towers with Radar,0,1,80,0,81,0,0,87,4,91,0,1,167,4,172,54,0,54,226
10/18/2006,SCK,CA,AWP,WE,Towers with Radar,2,4,60,11,77,0,0,106,0,106,2,4,166,11,183,42,6,48,231
10/19/2006,SCK,CA,AWP,WE,Towers with Radar,2,5,69,8,84,0,0,133,0,133,2,5,202,8,217,46,0,46,263
10/20/2006,SCK,CA,AWP,WE,Towers with Radar,2,2,69,0,73,0,0,119,0,119,2,2,188,0,192,60,0,60,252
10/21/2006,SCK,CA,AWP,WE,Towers with Radar,0,0,66,0,66,0,0,107,1,108,0,0,173,1,174,40,0,40,214
10/22/2006,SCK,CA,AWP,WE,Towers with Radar,2,1,46,0,49,0,0,46,0,46,2,1,92,0,95,52,0,52,147
10/23/2006,SCK,CA,AWP,WE,Towers with Radar,2,3,44,0,49,0,0,75,0,75,2,3,119,0,124,24,0,24,148
10/24/2006,SCK,CA,AWP,WE,Towers with Radar,0,7,138,1,146,0,0,72,10,82,0,7,210,11,228,76,0,76,304
10/25/2006,SCK,CA,AWP,WE,Towers with Radar,2,1,54,9,66,0,0,71,0,71,2,1,125,9,137,20,0,20,157
10/26/2006,SCK,CA,AWP,WE,Towers with Radar,2,5,71,16,94,0,0,128,0,128,2,5,199,16,222,42,70,112,334
10/27/2006,SCK,CA,AWP,WE,Towers with Radar,2,2,72,29,105,0,0,135,0,135,2,2,207,29,240,42,26,68,308
10/28/2006,SCK,CA,AWP,WE,Towers with Radar,0,3,1,2,6,0,0,177,0,177,0,3,178,2,183,46,0,46,229
10/29/2006,SCK,CA,AWP,WE,Towers with Radar,2,8,107,0,117,0,0,126,2,128,2,8,233,2,245,32,0,32,277
10/30/2006,SCK,CA,AWP,WE,Towers with Radar,2,4,69,2,77,0,12,62,0,74,2,16,131,2,151,46,0,46,197
10/31/2006,SCK,CA,AWP,WE,Towers with Radar,0,8,88,4,100,0,0,89,2,91,0,8,177,6,191,62,2,64,255
11/01/2006,SCK,CA,AWP,WE,Towers with Radar,2,3,82,35,122,0,0,142,0,142,2,3,224,35,264,100,26,126,390
11/02/2006,SCK,CA,AWP,WE,Towers with Radar,2,1,19,6,28,0,0,53,0,53,2,1,72,6,81,0,10,10,91
11/03/2006,SCK,CA,AWP,WE,Towers with Radar,4,2,85,2,93,0,0,45,2,47,4,2,130,4,140,28,0,28,168
11/04/2006,SCK,CA,AWP,WE,Towers with Radar,0,4,120,0,124,0,0,29,4,33,0,4,149,4,157,10,0,10,167
11/05/2006,SCK,CA,AWP,WE,Towers with Radar,2,2,87,4,95,0,0,40,0,40,2,2,127,4,135,44,0,44,179
11/06/2006,SCK,CA,AWP,WE,Towers with Radar,4,0,58,6,68,0,0,82,1,83,4,0,140,7,151,80,0,80,231
11/07/2006,SCK,CA,AWP,WE,Towers with Radar,0,1,17,27,45,0,0,114,0,114,0,1,131,27,159,84,16,100,259
11/08/2006,SCK,CA,AWP,WE,Towers with Radar,2,2,38,2,44,0,0,50,0,50,2,2,88,2,94,64,40,104,198
11/09/2006,SCK,CA,AWP,WE,Towers with Radar,4,0,109,2,115,0,0,121,0,121,4,0,230,2,236,104,0,104,340
11/10/2006,SCK,CA,AWP,WE,Towers with Radar,2,0,88,0,90,0,0,51,0,51,2,0,139,0,141,46,0,46,187
11/11/2006,SCK,CA,AWP,WE,Towers with Radar,0,0,89,0,89,0,0,22,0,22,0,0,111,0,111,6,0,6,117
11/12/2006,SCK,CA,AWP,WE,Towers with Radar,2,1,78,0,81,0,0,50,0,50,2,1,128,0,131,16,0,16,147
11/13/2006,SCK,CA,AWP,WE,Towers with Radar,2,0,68,11,81,0,1,4,2,7,2,1,72,13,88,4,16,20,108
11/14/2006,SCK,CA,AWP,WE,Towers with Radar,0,4,139,7,150,0,0,79,0,79,0,4,218,7,229,68,0,68,297
11/15/2006,SCK,CA,AWP,WE,Towers with Radar,2,3,99,3,107,0,0,111,0,111,2,3,210,3,218,80,0,80,298
11/16/2006,SCK,CA,AWP,WE,Towers with Radar,3,7,109,3,122,0,0,75,0,75,3,7,184,3,197,66,0,66,263
11/17/2006,SCK,CA,AWP,WE,Towers with Radar,2,1,122,2,127,0,0,37,2,39,2,1,159,4,166,14,2,16,182
11/18/2006,SCK,CA,AWP,WE,Towers with Radar,0,0,34,2,36,0,0,29,0,29,0,0,63,2,65,0,0,0,65
11/19/2006,SCK,CA,AWP,WE,Towers with Radar,2,0,134,2,138,0,0,0,0,0,2,0,134,2,138,0,0,0,138
11/20/2006,SCK,CA,AWP,WE,Towers with Radar,2,0,134,1,137,0,0,0,1,1,2,0,134,2,138,0,0,0,138
11/21/2006,SCK,CA,AWP,WE,Towers with Radar,0,1,95,16,112,0,0,81,0,81,0,1,176,16,193,52,26,78,271
11/22/2006,SCK,CA,AWP,WE,Towers with Radar,2,5,106,7,120,0,0,116,0,116,2,5,222,7,236,86,2,88,324
11/23/2006,SCK,CA,AWP,WE,Towers with Radar,2,2,15,0,19,0,0,39,0,39,2,2,54,0,58,12,0,12,70
11/24/2006,SCK,CA,AWP,WE,Towers with Radar,0,1,0,0,1,0,0,127,0,127,0,1,127,0,128,20,0,20,148
11/25/2006,SCK,CA,AWP,WE,Towers with Radar,2,0,70,0,72,0,0,100,0,100,2,0,170,0,172,52,0,52,224
11/26/2006,SCK,CA,AWP,WE,Towers with Radar,1,5,62,2,70,0,0,43,0,43,1,5,105,2,113,42,0,42,155
11/27/2006,SCK,CA,AWP,WE,Towers with Radar,2,5,47,6,60,0,7,34,0,41,2,12,81,6,101,56,0,56,157
11/28/2006,SCK,CA,AWP,WE,Towers with Radar,0,1,102,19,122,0,0,121,10,131,0,1,223,29,253,96,16,112,365
11/29/2006,SCK,CA,AWP,WE,Towers with Radar,2,1,75,6,84,0,0,106,0,106,2,1,181,6,190,40,4,44,234
11/30/2006,SCK,CA,AWP,WE,Towers with Radar,2,0,57,8,67,0,0,114,0,114,2,0,171,8,181,96,0,96,277
12/01/2006,SCK,CA,AWP,WE,Towers with Radar,2,0,0,0,2,0,0,138,0,138,2,0,138,0,140,18,0,18,158
12/02/2006,SCK,CA,AWP,WE,Towers with Radar,1,1,68,2,72,0,0,90,0,90,1,1,158,2,162,48,10,58,220
12/03/2006,SCK,CA,AWP,WE,Towers with Radar,2,2,37,0,41,0,0,46,2,48,2,2,83,2,89,66,0,66,155
12/04/2006,SCK,CA,AWP,WE,Towers with Radar,2,6,79,0,87,0,0,98,2,100,2,6,177,2,187,56,2,58,245
12/05/2006,SCK,CA,AWP,WE,Towers with Radar,0,3,91,0,94,0,0,109,3,112,0,3,200,3,206,90,0,90,296
12/06/2006,SCK,CA,AWP,WE,Towers with Radar,2,2,61,48,113,0,0,160,0,160,2,2,221,48,273,104,18,122,395
12/07/2006,SCK,CA,AWP,WE,Towers with Radar,2,3,71,15,91,0,0,101,0,101,2,3,172,15,192,62,2,64,256
12/08/2006,SCK,CA,AWP,WE,Towers with Radar,2,8,71,1,82,0,0,60,1,61,2,8,131,2,143,30,0,30,173
12/09/2006,SCK,CA,AWP,WE,Towers with Radar,0,3,38,0,41,0,0,30,0,30,0,3,68,0,71,22,0,22,93
12/10/2006,SCK,CA,AWP,WE,Towers with Radar,2,2,61,0,65,0,0,26,0,26,2,2,87,0,91,12,0,12,103
12/11/2006,SCK,CA,AWP,WE,Towers with Radar,2,3,44,6,55,0,0,56,0,56,2,3,100,6,111,32,12,44,155
12/12/2006,SCK,CA,AWP,WE,Towers with Radar,0,4,45,4,53,0,1,20,0,21,0,5,65,4,74,10,0,10,84
12/13/2006,SCK,CA,AWP,WE,Towers with Radar,2,1,60,22,85,0,0,81,0,81,2,1,141,22,166,14,10,24,190
12/14/2006,SCK,CA,AWP,WE,Towers with Radar,0,1,72,11,84,0,0,24,0,24,0,1,96,11,108,16,0,16,124
12/15/2006,SCK,CA,AWP,WE,Towers with Radar,2,0,62,3,67,0,0,70,1,71,2,0,132,4,138,46,6,52,190
12/16/2006,SCK,CA,AWP,WE,Towers with Radar,0,3,57,0,60,0,0,80,0,80,0,3,137,0,140,76,0,76,216
12/17/2006,SCK,CA,AWP,WE,Towers with Radar,2,3,47,0,52,0,0,67,0,67,2,3,114,0,119,28,0,28,147
12/18/2006,SCK,CA,AWP,WE,Towers with Radar,2,2,84,0,88,0,0,87,0,87,2,2,171,0,175,76,0,76,251
12/19/2006,SCK,CA,AWP,WE,Towers with Radar,0,2,77,4,83,0,0,71,11,82,0,2,148,15,165,44,18,62,227
12/20/2006,SCK,CA,AWP,WE,Towers with Radar,2,1,93,9,105,0,0,137,0,137,2,1,230,9,242,68,4,72,314
12/21/2006,SCK,CA,AWP,WE,Towers with Radar,0,0,40,5,45,0,0,12,0,12,0,0,52,5,57,0,0,0,57
12/22/2006,SCK,CA,AWP,WE,Towers with Radar,2,2,100,0,104,0,0,74,0,74,2,2,174,0,178,34,0,34,212
12/23/2006,SCK,CA,AWP,WE,Towers with Radar,0,2,61,0,63,0,0,58,0,58,0,2,119,0,121,44,0,44,165
12/24/2006,SCK,CA,AWP,WE,Towers with Radar,2,0,15,0,17,0,0,21,0,21,2,0,36,0,38,2,0,2,40
12/25/2006,SCK,CA,AWP,WE,Towers with Radar,2,4,22,0,28,0,0,13,0,13,2,4,35,0,41,16,0,16,57
12/26/2006,SCK,CA,AWP,WE,Towers with Radar,0,4,45,0,49,0,0,0,0,0,0,4,45,0,49,12,0,12,61
12/27/2006,SCK,CA,AWP,WE,Towers with Radar,2,3,37,5,47,0,0,48,0,48,2,3,85,5,95,22,0,22,117
12/28/2006,SCK,CA,AWP,WE,Towers with Radar,0,2,40,15,57,0,0,81,0,81,0,2,121,15,138,28,8,36,174
12/29/2006,SCK,CA,AWP,WE,Towers with Radar,2,3,60,3,68,0,0,90,0,90,2,3,150,3,158,24,0,24,182
12/30/2006,SCK,CA,AWP,WE,Towers with Radar,0,0,55,0,55,0,0,98,0,98,0,0,153,0,153,84,0,84,237
12/31/2006,SCK,CA,AWP,WE,Towers with Radar,2,0,42,0,44,0,0,52,0,52,2,0,94,0,96,10,0,10,106
01/01/2007,SCK,CA,AWP,WE,Towers with Radar,2,4,19,0,25,0,0,42,0,42,2,4,61,0,67,24,0,24,91
01/02/2007,SCK,CA,AWP,WE,Towers with Radar,0,5,57,0,62,0,0,51,0,51,0,5,108,0,113,32,0,32,145
01/03/2007,SCK,CA,AWP,WE,Towers with Radar,2,2,45,5,54,0,0,65,0,65,2,2,110,5,119,42,8,50,169
01/04/2007,SCK,CA,AWP,WE,Towers with Radar,0,2,30,9,41,0,0,29,0,29,0,2,59,9,70,0,18,18,88
01/05/2007,SCK,CA,AWP,WE,Towers with Radar,2,1,33,0,36,0,0,68,0,68,2,1,101,0,104,8,0,8,112
01/06/2007,SCK,CA,AWP,WE,Towers with Radar,2,2,79,7,90,0,0,100,0,100,2,2,179,7,190,32,14,46,236
01/07/2007,SCK,CA,AWP,WE,Towers with Radar,2,5,94,0,101,0,0,69,2,71,2,5,163,2,172,82,0,82,254
01/08/2007,SCK,CA,AWP,WE,Towers with Radar,2,0,80,2,84,0,0,67,0,67,2,0,147,2,151,40,0,40,191
01/09/2007,SCK,CA,AWP,WE,Towers with Radar,2,4,67,7,80,0,0,63,1,64,2,4,130,8,144,54,6,60,204
01/10/2007,SCK,CA,AWP,WE,Towers with Radar,2,6,43,3,54,0,2,126,10,138,2,8,169,13,192,72,10,82,274
01/11/2007,SCK,CA,AWP,WE,Towers with Radar,0,1,55,2,58,0,0,105,0,105,0,1,160,2,163,58,0,58,221
01/12/2007,SCK,CA,AWP,WE,Towers with Radar,2,2,52,2,58,0,0,79,0,79,2,2,131,2,137,34,0,34,171
01/13/2007,SCK,CA,AWP,WE,Towers with Radar,0,0,61,0,61,0,0,60,1,61,0,0,121,1,122,64,0,64,186
01/14/2007,SCK,CA,AWP,WE,Towers with Radar,3,3,50,0,56,0,0,63,0,63,3,3,113,0,119,36,0,36,155
01/15/2007,SCK,CA,AWP,WE,Towers with Radar,2,9,72,8,91,0,0,74,10,84,2,9,146,18,175,80,0,80,255
01/16/2007,SCK,CA,AWP,WE,Towers with Radar,0,5,86,2,93,0,0,51,10,61,0,5,137,12,154,112,26,138,292
01/17/2007,SCK,CA,AWP,WE,Towers with Radar,2,3,59,1,65,0,0,57,12,69,2,3,116,13,134,102,2,104,238
01/18/2007,SCK,CA,AWP,WE,Towers with Radar,0,0,85,10,95,0,0,94,0,94,0,0,179,10,189,80,4,84,273
01/19/2007,SCK,CA,AWP,WE,Towers with Radar,2,7,93,8,110,0,0,116,0,116,2,7,209,8,226,100,0,100,326
01/20/2007,SCK,CA,AWP,WE,Towers with Radar,0,2,47,0,49,0,0,69,1,70,0,2,116,1,119,148,0,148,267
01/21/2007,SCK,CA,AWP,WE,Towers with Radar,1,1,47,0,49,0,0,57,0,57,1,1,104,0,106,22,0,22,128
01/22/2007,SCK,CA,AWP,WE,Towers with Radar,3,1,84,4,92,0,0,91,1,92,3,1,175,5,184,44,0,44,228
01/23/2007,SCK,CA,AWP,WE,Towers with Radar,0,1,46,0,47,0,0,51,1,52,0,1,97,1,99,24,0,24,123
01/24/2007,SCK,CA,AWP,WE,Towers with Radar,2,3,70,0,75,0,0,92,13,105,2,3,162,13,180,123,2,125,305
01/25/2007,SCK,CA,AWP,WE,Towers with Radar,0,14,58,26,98,0,0,78,0,78,0,14,136,26,176,70,14,84,260
01/26/2007,SCK,CA,AWP,WE,Towers with Radar,2,1,57,4,64,0,0,51,0,51,2,1,108,4,115,124,0,124,239
01/27/2007,SCK,CA,AWP,WE,Towers with Radar,0,4,69,0,73,0,0,42,0,42,0,4,111,0,115,60,0,60,175
01/28/2007,SCK,CA,AWP,WE,Towers with Radar,2,2,60,0,64,0,0,22,0,22,2,2,82,0,86,68,0,68,154
01/29/2007,SCK,CA,AWP,WE,Towers with Radar,2,2,71,0,75,0,0,71,0,71,2,2,142,0,146,154,0,154,300
01/30/2007,SCK,CA,AWP,WE,Towers with Radar,0,17,75,4,96,0,0,110,19,129,0,17,185,23,225,71,12,83,308
01/31/2007,SCK,CA,AWP,WE,Towers with Radar,1,4,6,14,25,0,1,115,0,116,1,5,121,14,141,90,4,94,235
02/01/2007,SCK,CA,AWP,WE,Towers with Radar,0,2,91,5,98,0,0,26,0,26,0,2,117,5,124,24,4,28,152
02/02/2007,SCK,CA,AWP,WE,Towers with Radar,2,4,70,3,79,0,0,81,0,81,2,4,151,3,160,102,10,112,272
02/03/2007,SCK,CA,AWP,WE,Towers with Radar,0,0,71,0,71,0,0,88,0,88,0,0,159,0,159,36,0,36,195
02/04/2007,SCK,CA,AWP,WE,Towers with Radar,2,2,45,0,49,0,0,51,0,51,2,2,96,0,100,16,0,16,116
02/05/2007,SCK,CA,AWP,WE,Towers with Radar,2,4,62,0,68,0,0,33,2,35,2,4,95,2,103,18,0,18,121
02/06/2007,SCK,CA,AWP,WE,Towers with Radar,0,1,74,5,80,0,0,87,25,112,0,1,161,30,192,38,4,42,234
02/07/2007,SCK,CA,AWP,WE,Towers with Radar,2,0,50,13,65,0,0,31,6,37,2,0,81,19,102,18,16,34,136
02/08/2007,SCK,CA,AWP,WE,Towers with Radar,0,3,52,6,61,0,0,0,0,0,0,3,52,6,61,0,4,4,65
02/09/2007,SCK,CA,AWP,WE,Towers with Radar,2,4,109,14,129,0,0,2,0,2,2,4,111,14,131,0,8,8,139
02/10/2007,SCK,CA,AWP,WE,Towers with Radar,0,3,72,0,75,0,0,1,0,1,0,3,73,0,76,26,0,26,102
02/11/2007,SCK,CA,AWP,WE,Towers with Radar,3,6,63,0,72,1,0,42,0,43,4,6,105,0,115,68,0,68,183
02/12/2007,SCK,CA,AWP,WE,Towers with Radar,2,0,46,2,50,0,0,63,6,69,2,0,109,8,119,76,2,78,197
02/13/2007,SCK,CA,AWP,WE,Towers with Radar,0,6,100,1,107,0,0,77,12,89,0,6,177,13,196,72,12,84,280
02/14/2007,SCK,CA,AWP,WE,Towers with Radar,2,2,97,4,105,0,0,133,8,141,2,2,230,12,246,100,2,102,348
02/15/2007,SCK,CA,AWP,WE,Towers with Radar,2,5,142,5,154,0,0,164,0,164,2,5,306,5,318,240,8,248,566
02/16/2007,SCK,CA,AWP,WE,Towers with Radar,2,5,47,5,59,0,0,122,0,122,2,5,169,5,181,94,12,106,287
02/17/2007,SCK,CA,AWP,WE,Towers with Radar,0,0,71,0,71,0,0,112,0,112,0,0,183,0,183,112,0,112,295
02/18/2007,SCK,CA,AWP,WE,Towers with Radar,2,2,68,0,72,0,0,64,0,64,2,2,132,0,136,28,0,28,164
02/19/2007,SCK,CA,AWP,WE,Towers with Radar,2,0,80,0,82,0,0,71,0,71,2,0,151,0,153,72,0,72,225
02/20/2007,SCK,CA,AWP,WE,Towers with Radar,4,2,80,19,105,2,0,124,16,142,6,2,204,35,247,130,10,140,387
02/21/2007,SCK,CA,AWP,WE,Towers with Radar,2,5,7,20,34,0,0,171,0,171,2,5,178,20,205,82,26,108,313
02/22/2007,SCK,CA,AWP,WE,Towers with Radar,0,0,43,3,46,0,0,35,0,35,0,0,78,3,81,20,0,20,101
02/23/2007,SCK,CA,AWP,WE,Towers with Radar,2,0,0,4,6,0,0,157,0,157,2,0,157,4,163,58,0,58,221
02/24/2007,SCK,CA,AWP,WE,Towers with Radar,0,0,40,0,40,0,0,46,3,49,0,0,86,3,89,60,0,60,149
02/25/2007,SCK,CA,AWP,WE,Towers with Radar,2,2,36,0,40,0,0,17,0,17,2,2,53,0,57,32,0,32,89
02/26/2007,SCK,CA,AWP,WE,Towers with Radar,2,0,24,4,30,0,0,18,0,18,2,0,42,4,48,0,0,0,48
02/27/2007,SCK,CA,AWP,WE,Towers with Radar,0,1,49,0,50,0,0,51,0,51,0,1,100,0,101,68,0,68,169
02/28/2007,SCK,CA,AWP,WE,Towers with Radar,2,2,59,2,65,0,0,81,0,81,2,2,140,2,146,108,2,110,256
03/01/2007,SCK,CA,AWP,WE,Towers with Radar,1,4,51,8,64,0,0,92,0,92,1,4,143,8,156,70,6,76,232
03/02/2007,SCK,CA,AWP,WE,Towers with Radar,2,3,53,3,61,0,0,85,0,85,2,3,138,3,146,138,20,158,304
03/03/2007,SCK,CA,AWP,WE,Towers with Radar,0,5,40,6,51,0,1,114,12,127,0,6,154,18,178,20,0,20,198
03/04/2007,SCK,CA,AWP,WE,Towers with Radar,2,1,47,0,50,0,0,76,0,76,2,1,123,0,126,12,0,12,138
03/05/2007,SCK,CA,AWP,WE,Towers with Radar,2,4,68,0,74,0,0,98,0,98,2,4,166,0,172,104,0,104,276
03/06/2007,SCK,CA,AWP,WE,Towers with Radar,0,4,125,9,138,0,0,127,0,127,0,4,252,9,265,132,4,136,401
03/07/2007,SCK,CA,AWP,WE,Towers with Radar,2,2,94,4,102,0,0,89,5,94,2,2,183,9,196,148,0,148,344
03/08/2007,SCK,CA,AWP,WE,Towers with Radar,0,3,50,8,61,0,0,94,6,100,0,3,144,14,161,84,0,84,245
03/09/2007,SCK,CA,AWP,WE,Towers with Radar,2,5,93,3,103,0,0,110,0,110,2,5,203,3,213,152,2,154,367
03/10/2007,SCK,CA,AWP,WE,Towers with Radar,0,0,67,0,67,0,0,98,0,98,0,0,165,0,165,36,0,36,201
03/11/2007,SCK,CA,AWP,WE,Towers with Radar,2,4,66,0,72,0,0,79,0,79,2,4,145,0,151,38,0,38,189
03/12/2007,SCK,CA,AWP,WE,Towers with Radar,2,3,77,2,84,0,0,72,2,74,2,3,149,4,158,64,2,66,224
03/13/2007,SCK,CA,AWP,WE,Towers with Radar,0,3,53,0,56,0,0,120,4,124,0,3,173,4,180,88,0,88,268
03/14/2007,SCK,CA,AWP,WE,Towers with Radar,2,4,66,0,72,0,0,68,5,73,2,4,134,5,145,99,0,99,244
03/15/2007,SCK,CA,AWP,WE,Towers with Radar,0,0,49,3,52,0,0,114,0,114,0,0,163,3,166,68,0,68,234
03/16/2007,SCK,CA,AWP,WE,Towers with Radar,2,2,51,2,57,0,0,108,0,108,2,2,159,2,165,82,0,82,247
03/17/2007,SCK,CA,AWP,WE,Towers with Radar,0,0,38,0,38,0,0,78,0,78,0,0,116,0,116,70,0,70,186
03/18/2007,SCK,CA,AWP,WE,Towers with Radar,2,4,67,0,73,0,0,70,0,70,2,4,137,0,143,30,0,30,173
03/19/2007,SCK,CA,AWP,WE,Towers with Radar,2,3,91,0,96,0,0,56,0,56,2,3,147,0,152,86,0,86,238
03/20/2007,SCK,CA,AWP,WE,Towers with Radar,0,9,71,1,81,0,0,53,3,56,0,9,124,4,137,28,0,28,165
03/21/2007,SCK,CA,AWP,WE,Towers with Radar,2,1,70,1,74,0,0,75,7,82,2,1,145,8,156,92,0,92,248
03/22/2007,SCK,CA,AWP,WE,Towers with Radar,0,3,64,3,70,0,0,110,0,110,0,3,174,3,180,78,0,78,258
03/23/2007,SCK,CA,AWP,WE,Towers with Radar,2,0,73,2,77,0,0,129,0,129,2,0,202,2,206,66,0,66,272
03/24/2007,SCK,CA,AWP,WE,Towers with Radar,0,0,49,0,49,0,0,92,0,92,0,0,141,0,141,48,0,48,189
03/25/2007,SCK,CA,AWP,WE,Towers with Radar,2,3,40,0,45,0,0,57,0,57,2,3,97,0,102,18,0,18,120
03/26/2007,SCK,CA,AWP,WE,Towers with Radar,2,4,63,6,75,0,0,39,6,45,2,4,102,12,120,84,4,88,208
03/27/2007,SCK,CA,AWP,WE,Towers with Radar,0,5,54,5,64,0,0,70,5,75,0,5,124,10,139,74,14,88,227
03/28/2007,SCK,CA,AWP,WE,Towers with Radar,2,0,1,1,4,0,2,144,0,146,2,2,145,1,150,50,0,50,200
03/29/2007,SCK,CA,AWP,WE,Towers with Radar,0,2,105,2,109,0,0,118,0,118,0,2,223,2,227,106,0,106,333
03/30/2007,SCK,CA,AWP,WE,Towers with Radar,2,4,40,1,47,0,0,102,0,102,2,4,142,1,149,80,2,82,231
03/31/2007,SCK,CA,AWP,WE,Towers with Radar,0,0,32,0,32,0,0,82,3,85,0,0,114,3,117,36,10,46,163
04/01/2007,SCK,CA,AWP,WE,Towers with Radar,2,0,24,0,26,0,0,70,0,70,2,0,94,0,96,0,0,0,96
04/02/2007,SCK,CA,AWP,WE,Towers with Radar,2,0,31,0,33,0,0,77,0,77,2,0,108,0,110,54,0,54,164
04/03/2007,SCK,CA,AWP,WE,Towers with Radar,0,0,44,0,44,0,1,121,4,126,0,1,165,4,170,80,2,82,252
04/04/2007,SCK,CA,AWP,WE,Towers with Radar,2,3,62,4,71,0,0,100,3,103,2,3,162,7,174,32,2,34,208
04/05/2007,SCK,CA,AWP,WE,Towers with Radar,0,2,62,4,68,0,0,117,0,117,0,2,179,4,185,46,0,46,231
04/06/2007,SCK,CA,AWP,WE,Towers with Radar,2,1,55,0,58,0,0,130,0,130,2,1,185,0,188,56,0,56,244
04/07/2007,SCK,CA,AWP,WE,Towers with Radar,0,0,36,0,36,0,0,55,0,55,0,0,91,0,91,22,0,22,113
04/08/2007,SCK,CA,AWP,WE,Towers with Radar,2,4,31,0,37,0,0,66,0,66,2,4,97,0,103,6,0,6,109
04/09/2007,SCK,CA,AWP,WE,Towers with Radar,2,5,18,2,27,0,2,134,0,136,2,7,152,2,163,34,2,36,199
04/10/2007,SCK,CA,AWP,WE,Towers with Radar,0,1,61,0,62,0,0,106,5,111,0,1,167,5,173,44,0,44,217
04/11/2007,SCK,CA,AWP,WE,Towers with Radar,2,2,36,0,40,0,0,36,0,36,2,2,72,0,76,0,0,0,76
04/12/2007,SCK,CA,AWP,WE,Towers with Radar,0,1,51,3,55,0,0,108,0,108,0,1,159,3,163,32,0,32,195
04/13/2007,SCK,CA,AWP,WE,Towers with Radar,2,6,45,1,54,0,0,125,0,125,2,6,170,1,179,52,4,56,235
04/14/2007,SCK,CA,AWP,WE,Towers with Radar,0,0,48,0,48,0,0,14,6,20,0,0,62,6,68,8,0,8,76
04/15/2007,SCK,CA,AWP,WE,Towers with Radar,2,0,40,0,42,0,0,41,0,41,2,0,81,0,83,12,0,12,95
04/16/2007,SCK,CA,AWP,WE,Towers with Radar,2,2,79,0,83,0,0,99,2,101,2,2,178,2,184,40,2,42,226
04/17/2007,SCK,CA,AWP,WE,Towers with Radar,0,1,54,2,57,0,0,97,16,113,0,1,151,18,170,26,0,26,196
04/18/2007,SCK,CA,AWP,WE,Towers with Radar,0,6,54,0,60,0,1,119,4,124,0,7,173,4,184,30,0,30,214
04/19/2007,SCK,CA,AWP,WE,Towers with Radar,0,3,34,27,64,0,0,90,0,90,0,3,124,27,154,44,0,44,198
04/20/2007,SCK,CA,AWP,WE,Towers with Radar,2,6,47,3,58,0,0,95,0,95,2,6,142,3,153,64,0,64,217
04/21/2007,SCK,CA,AWP,WE,Towers with Radar,0,1,65,0,66,0,0,111,0,111,0,1,176,0,177,16,0,16,193
04/22/2007,SCK,CA,AWP,WE,Towers with Radar,2,1,76,0,79,0,0,36,0,36,2,1,112,0,115,70,0,70,185
04/23/2007,SCK,CA,AWP,WE,Towers with Radar,2,10,61,0,73,0,0,86,0,86,2,10,147,0,159,38,0,38,197
04/24/2007,SCK,CA,AWP,WE,Towers with Radar,0,6,37,2,45,0,0,91,2,93,0,6,128,4,138,40,0,40,178
04/25/2007,SCK,CA,AWP,WE,Towers with Radar,2,6,54,5,67,0,0,125,0,125,2,6,179,5,192,66,0,66,258
04/26/2007,SCK,CA,AWP,WE,Towers with Radar,0,10,57,2,69,0,0,160,0,160,0,10,217,2,229,54,0,54,283
04/27/2007,SCK,CA,AWP,WE,Towers with Radar,2,0,61,2,65,0,0,164,0,164,2,0,225,2,229,86,2,88,317
04/28/2007,SCK,CA,AWP,WE,Towers with Radar,0,0,60,0,60,0,0,142,0,142,0,0,202,0,202,34,0,34,236
04/29/2007,SCK,CA,AWP,WE,Towers with Radar,4,2,70,0,76,0,0,106,0,106,4,2,176,0,182,62,0,62,244
04/30/2007,SCK,CA,AWP,WE,Towers with Radar,2,0,82,0,84,0,0,94,14,108,2,0,176,14,192,52,10,62,254
05/01/2007,SCK,CA,AWP,WE,Towers with Radar,0,1,91,9,101,0,0,76,0,76,0,1,167,9,177,88,8,96,273
05/02/2007,SCK,CA,AWP,WE,Towers with Radar,2,8,65,0,75,0,0,76,4,80,2,8,141,4,155,36,4,40,195
05/03/2007,SCK,CA,AWP,WE,Towers with Radar,2,5,62,8,77,0,0,94,0,94,2,5,156,8,171,68,2,70,241
05/04/2007,SCK,CA,AWP,WE,Towers with Radar,2,2,57,6,67,0,0,70,0,70,2,2,127,6,137,42,4,46,183
05/05/2007,SCK,CA,AWP,WE,Towers with Radar,0,2,20,0,22,0,0,35,0,35,0,2,55,0,57,6,0,6,63
05/06/2007,SCK,CA,AWP,WE,Towers with Radar,2,6,53,0,61,0,0,66,10,76,2,6,119,10,137,40,0,40,177
05/07/2007,SCK,CA,AWP,WE,Towers with Radar,2,1,68,0,71,0,0,100,0,100,2,1,168,0,171,62,0,62,233
05/08/2007,SCK,CA,AWP,WE,Towers with Radar,0,1,43,0,44,0,0,0,0,0,0,1,43,0,44,54,0,54,98
05/09/2007,SCK,CA,AWP,WE,Towers with Radar,2,4,66,0,72,0,0,104,0,104,2,4,170,0,176,60,0,60,236
05/10/2007,SCK,CA,AWP,WE,Towers with Radar,0,6,53,10,69,0,0,116,0,116,0,6,169,10,185,100,26,126,311
05/11/2007,SCK,CA,AWP,WE,Towers with Radar,2,2,58,0,62,0,0,86,1,87,2,2,144,1,149,88,0,88,237
05/12/2007,SCK,CA,AWP,WE,Towers with Radar,0,1,41,0,42,0,0,49,0,49,0,1,90,0,91,34,0,34,125
05/13/2007,SCK,CA,AWP,WE,Towers with Radar,0,0,52,0,52,0,0,73,2,75,0,0,125,2,127,24,0,24,151
05/14/2007,SCK,CA,AWP,WE,Towers with Radar,2,3,69,0,74,0,1,74,0,75,2,4,143,0,149,70,0,70,219
05/15/2007,SCK,CA,AWP,WE,Towers with Radar,0,4,77,0,81,0,0,102,4,106,0,4,179,4,187,140,0,140,327
05/16/2007,SCK,CA,AWP,WE,Towers with Radar,2,4,53,3,62,0,6,107,1,114,2,10,160,4,176,134,0,134,310
05/17/2007,SCK,CA,AWP,WE,Towers with Radar,0,5,77,2,84,0,0,128,0,128,0,5,205,2,212,60,0,60,272
05/18/2007,SCK,CA,AWP,WE,Towers with Radar,2,4,64,9,79,0,0,94,0,94,2,4,158,9,173,50,0,50,223
05/19/2007,SCK,CA,AWP,WE,Towers with Radar,0,1,34,2,37,0,0,95,0,95,0,1,129,2,132,70,0,70,202
05/20/2007,SCK,CA,AWP,WE,Towers with Radar,2,0,51,0,53,0,0,90,0,90,2,0,141,0,143,42,0,42,185
05/21/2007,SCK,CA,AWP,WE,Towers with Radar,2,1,85,0,88,0,0,133,0,133,2,1,218,0,221,60,0,60,281
05/22/2007,SCK,CA,AWP,WE,Towers with Radar,0,4,53,0,57,0,0,78,4,82,0,4,131,4,139,40,0,40,179
05/23/2007,SCK,CA,AWP,WE,Towers with Radar,2,5,155,0,162,0,0,28,3,31,2,5,183,3,193,80,0,80,273
05/24/2007,SCK,CA,AWP,WE,Towers with Radar,0,6,61,0,67,0,0,103,0,103,0,6,164,0,170,64,0,64,234
05/25/2007,SCK,CA,AWP,WE,Towers with Radar,2,5,87,5,99,0,0,166,0,166,2,5,253,5,265,110,0,110,375
05/26/2007,SCK,CA,AWP,WE,Towers with Radar,0,0,23,1,24,0,0,68,0,68,0,0,91,1,92,48,0,48,140
05/27/2007,SCK,CA,AWP,WE,Towers with Radar,2,1,45,0,48,0,0,52,0,52,2,1,97,0,100,32,0,32,132
05/28/2007,SCK,CA,AWP,WE,Towers with Radar,2,1,45,2,50,0,0,68,0,68,2,1,113,2,118,22,0,22,140
05/29/2007,SCK,CA,AWP,WE,Towers with Radar,0,0,77,0,77,0,0,79,12,91,0,0,156,12,168,50,0,50,218
05/30/2007,SCK,CA,AWP,WE,Towers with Radar,2,3,3,7,15,0,0,159,0,159,2,3,162,7,174,20,4,24,198
05/31/2007,SCK,CA,AWP,WE,Towers with Radar,0,6,81,0,87,0,0,124,0,124,0,6,205,0,211,112,0,112,323
06/01/2007,SCK,CA,AWP,WE,Towers with Radar,2,4,69,8,83,0,0,125,0,125,2,4,194,8,208,68,0,68,276
06/02/2007,SCK,CA,AWP,WE,Towers with Radar,0,0,46,0,46,0,0,92,0,92,0,0,138,0,138,36,0,36,174
06/03/2007,SCK,CA,AWP,WE,Towers with Radar,2,0,45,6,53,0,0,68,2,70,2,0,113,8,123,34,8,42,165
06/04/2007,SCK,CA,AWP,WE,Towers with Radar,2,4,70,0,76,0,0,105,0,105,2,4,175,0,181,106,0,106,287
06/05/2007,SCK,CA,AWP,WE,Towers with Radar,0,2,70,16,88,0,0,36,4,40,0,2,106,20,128,34,0,34,162
06/06/2007,SCK,CA,AWP,WE,Towers with Radar,2,1,64,0,67,0,2,103,2,107,2,3,167,2,174,38,6,44,218
06/07/2007,SCK,CA,AWP,WE,Towers with Radar,0,4,60,10,74,0,0,111,0,111,0,4,171,10,185,68,2,70,255
06/08/2007,SCK,CA,AWP,WE,Towers with Radar,2,1,68,4,75,0,0,134,0,134,2,1,202,4,209,82,0,82,291
06/09/2007,SCK,CA,AWP,WE,Towers with Radar,0,1,31,0,32,0,0,75,0,75,0,1,106,0,107,66,0,66,173
06/10/2007,SCK,CA,AWP,WE,Towers with Radar,2,4,55,0,61,0,0,61,4,65,2,4,116,4,126,50,0,50,176
06/11/2007,SCK,CA,AWP,WE,Towers with Radar,2,16,73,1,92,0,3,101,2,106,2,19,174,3,198,114,0,114,312
06/12/2007,SCK,CA,AWP,WE,Towers with Radar,0,1,64,7,72,0,0,96,11,107,0,1,160,18,179,72,2,74,253
06/13/2007,SCK,CA,AWP,WE,Towers with Radar,2,1,4,2,9,0,0,0,125,125,2,1,4,127,134,24,4,28,162
06/14/2007,SCK,CA,AWP,WE,Towers with Radar,0,4,34,25,63,0,0,74,0,74,0,4,108,25,137,64,2,66,203
06/15/2007,SCK,CA,AWP,WE,Towers with Radar,2,2,38,7,49,0,0,88,0,88,2,2,126,7,137,58,2,60,197
06/16/2007,SCK,CA,AWP,WE,Towers with Radar,2,1,19,1,23,0,0,74,0,74,2,1,93,1,97,52,0,52,149
06/17/2007,SCK,CA,AWP,WE,Towers with Radar,2,1,37,0,40,0,0,63,0,63,2,1,100,0,103,56,0,56,159
06/18/2007,SCK,CA,AWP,WE,Towers with Radar,2,4,90,0,96,0,0,74,0,74,2,4,164,0,170,72,0,72,242
06/19/2007,SCK,CA,AWP,WE,Towers with Radar,0,1,74,5,80,0,0,55,14,69,0,1,129,19,149,102,8,110,259
06/20/2007,SCK,CA,AWP,WE,Towers with Radar,2,0,89,0,91,0,0,99,0,99,2,0,188,0,190,68,0,68,258
06/21/2007,SCK,CA,AWP,WE,Towers with Radar,0,0,43,6,49,0,0,104,0,104,0,0,147,6,153,54,4,58,211
06/22/2007,SCK,CA,AWP,WE,Towers with Radar,2,8,53,0,63,0,0,86,0,86,2,8,139,0,149,44,0,44,193
06/23/2007,SCK,CA,AWP,WE,Towers with Radar,2,0,51,0,53,0,0,83,0,83,2,0,134,0,136,36,0,36,172
06/24/2007,SCK,CA,AWP,WE,Towers with Radar,2,6,46,0,54,0,1,55,0,56,2,7,101,0,110,56,0,56,166
06/25/2007,SCK,CA,AWP,WE,Towers with Radar,2,2,2,2,8,0,0,178,0,178,2,2,180,2,186,62,0,62,248
06/26/2007,SCK,CA,AWP,WE,Towers with Radar,4,2,65,15,86,0,4,110,7,121,4,6,175,22,207,36,12,48,255
06/27/2007,SCK,CA,AWP,WE,Towers with Radar,2,3,87,0,92,0,0,115,10,125,2,3,202,10,217,56,0,56,273
06/28/2007,SCK,CA,AWP,WE,Towers with Radar,2,5,94,16,117,0,0,166,0,166,2,5,260,16,283,78,0,78,361
06/29/2007,SCK,CA,AWP,WE,Towers with Radar,2,4,58,4,68,0,0,122,0,122,2,4,180,4,190,70,0,70,260
06/30/2007,SCK,CA,AWP,WE,Towers with Radar,2,9,21,0,32,0,0,85,0,85,2,9,106,0,117,38,0,38,155
07/01/2007,SCK,CA,AWP,WE,Towers with Radar,2,2,61,0,65,0,0,86,0,86,2,2,147,0,151,54,0,54,205
07/02/2007,SCK,CA,AWP,WE,Towers with Radar,2,6,78,10,96,0,0,85,6,91,2,6,163,16,187,76,0,76,263
07/03/2007,SCK,CA,AWP,WE,Towers with Radar,0,5,71,0,76,0,0,111,9,120,0,5,182,9,196,92,2,94,290
07/04/2007,SCK,CA,AWP,WE,Towers with Radar,2,0,4,0,6,0,0,70,0,70,2,0,74,0,76,12,0,12,88
07/05/2007,SCK,CA,AWP,WE,Towers with Radar,0,4,37,5,46,0,0,93,0,93,0,4,130,5,139,32,0,32,171
07/06/2007,SCK,CA,AWP,WE,Towers with Radar,2,0,31,11,44,0,0,88,0,88,2,0,119,11,132,28,6,34,166
07/07/2007,SCK,CA,AWP,WE,Towers with Radar,2,0,40,1,43,0,0,80,0,80,2,0,120,1,123,22,0,22,145
07/08/2007,SCK,CA,AWP,WE,Towers with Radar,2,2,66,0,70,0,0,91,2,93,2,2,157,2,163,76,0,76,239
07/09/2007,SCK,CA,AWP,WE,Towers with Radar,2,6,72,0,80,0,0,89,8,97,2,6,161,8,177,56,0,56,233
07/10/2007,SCK,CA,AWP,WE,Towers with Radar,0,8,65,6,79,0,0,65,1,66,0,8,130,7,145,50,0,50,195
07/11/2007,SCK,CA,AWP,WE,Towers with Radar,2,0,52,9,63,0,0,82,2,84,2,0,134,11,147,52,0,52,199
07/12/2007,SCK,CA,AWP,WE,Towers with Radar,0,2,79,0,81,0,0,103,0,103,0,2,182,0,184,92,0,92,276
07/13/2007,SCK,CA,AWP,WE,Towers with Radar,2,2,52,4,60,0,0,133,0,133,2,2,185,4,193,62,4,66,259
07/14/2007,SCK,CA,AWP,WE,Towers with Radar,2,1,36,0,39,0,0,81,0,81,2,1,117,0,120,44,0,44,164
07/15/2007,SCK,CA,AWP,WE,Towers with Radar,2,0,0,2,4,0,0,120,3,123,2,0,120,5,127,60,0,60,187
07/16/2007,SCK,CA,AWP,WE,Towers with Radar,2,1,120,0,123,0,1,110,0,111,2,2,230,0,234,56,0,56,290
07/17/2007,SCK,CA,AWP,WE,Towers with Radar,0,2,49,8,59,0,0,170,16,186,0,2,219,24,245,44,4,48,293
07/18/2007,SCK,CA,AWP,WE,Towers with Radar,5,4,71,8,88,0,0,70,9,79,5,4,141,17,167,94,4,98,265
07/19/2007,SCK,CA,AWP,WE,Towers with Radar,4,0,80,8,92,0,0,118,0,118,4,0,198,8,210,92,0,92,302
07/20/2007,SCK,CA,AWP,WE,Towers with Radar,2,0,52,3,57,0,0,99,0,99,2,0,151,3,156,94,2,96,252
07/21/2007,SCK,CA,AWP,WE,Towers with Radar,2,3,40,0,45,0,0,97,0,97,2,3,137,0,142,110,0,110,252
07/22/2007,SCK,CA,AWP,WE,Towers with Radar,2,2,41,0,45,0,0,63,1,64,2,2,104,1,109,60,0,60,169
07/23/2007,SCK,CA,AWP,WE,Towers with Radar,2,2,106,3,113,0,0,74,3,77,2,2,180,6,190,64,2,66,256
07/24/2007,SCK,CA,AWP,WE,Towers with Radar,0,5,29,0,34,0,1,37,5,43,0,6,66,5,77,128,0,128,205
07/25/2007,SCK,CA,AWP,WE,Towers with Radar,2,2,1,2,7,0,0,145,0,145,2,2,146,2,152,130,0,130,282
07/26/2007,SCK,CA,AWP,WE,Towers with Radar,0,3,67,1,71,0,0,73,0,73,0,3,140,1,144,116,0,116,260
07/27/2007,SCK,CA,AWP,WE,Towers with Radar,2,3,57,1,63,0,0,121,0,121,2,3,178,1,184,126,6,132,316
07/28/2007,SCK,CA,AWP,WE,Towers with Radar,2,0,51,0,53,0,0,62,0,62,2,0,113,0,115,40,0,40,155
07/29/2007,SCK,CA,AWP,WE,Towers with Radar,2,6,47,0,55,0,0,67,0,67,2,6,114,0,122,24,0,24,146
07/30/2007,SCK,CA,AWP,WE,Towers with Radar,2,4,110,2,118,0,0,113,0,113,2,4,223,2,231,58,0,58,289
07/31/2007,SCK,CA,AWP,WE,Towers with Radar,0,3,10,9,22,0,0,141,6,147,0,3,151,15,169,54,0,54,223
08/01/2007,SCK,CA,AWP,WE,Towers with Radar,2,0,53,3,58,0,0,171,4,175,2,0,224,7,233,130,4,134,367
08/02/2007,SCK,CA,AWP,WE,Towers with Radar,2,0,117,2,121,0,0,118,0,118,2,0,235,2,239,72,0,72,311
08/03/2007,SCK,CA,AWP,WE,Towers with Radar,3,4,51,0,58,0,0,120,0,120,3,4,171,0,178,78,0,78,256
08/04/2007,SCK,CA,AWP,WE,Towers with Radar,2,0,50,0,52,0,0,61,0,61,2,0,111,0,113,26,0,26,139
08/05/2007,SCK,CA,AWP,WE,Towers with Radar,4,2,47,2,55,0,0,63,0,63,4,2,110,2,118,50,0,50,168
08/06/2007,SCK,CA,AWP,WE,Towers with Radar,2,6,82,2,92,0,0,93,0,93,2,6,175,2,185,82,0,82,267
08/07/2007,SCK,CA,AWP,WE,Towers with Radar,0,0,32,6,38,0,1,126,6,133,0,1,158,12,171,56,4,60,231
08/08/2007,SCK,CA,AWP,WE,Towers with Radar,2,0,65,0,67,0,0,103,1,104,2,0,168,1,171,51,0,51,222
08/09/2007,SCK,CA,AWP,WE,Towers with Radar,2,6,90,3,101,0,0,91,0,91,2,6,181,3,192,50,2,52,244
08/10/2007,SCK,CA,AWP,WE,Towers with Radar,2,2,51,2,57,0,0,93,0,93,2,2,144,2,150,34,0,34,184
08/11/2007,SCK,CA,AWP,WE,Towers with Radar,4,0,62,0,66,0,0,66,0,66,4,0,128,0,132,76,0,76,208
08/12/2007,SCK,CA,AWP,WE,Towers with Radar,4,3,67,0,74,0,0,58,0,58,4,3,125,0,132,34,0,34,166
08/13/2007,SCK,CA,AWP,WE,Towers with Radar,2,6,69,4,81,0,0,65,0,65,2,6,134,4,146,46,0,46,192
08/14/2007,SCK,CA,AWP,WE,Towers with Radar,0,3,29,0,32,0,0,134,6,140,0,3,163,6,172,120,4,124,296
08/15/2007,SCK,CA,AWP,WE,Towers with Radar,2,10,59,0,71,0,6,88,0,94,2,16,147,0,165,40,0,40,205
08/16/2007,SCK,CA,AWP,WE,Towers with Radar,0,4,88,18,110,0,0,119,0,119,0,4,207,18,229,78,2,80,309
08/17/2007,SCK,CA,AWP,WE,Towers with Radar,2,4,60,27,93,0,0,182,0,182,2,4,242,27,275,92,0,92,367
08/18/2007,SCK,CA,AWP,WE,Towers with Radar,2,2,54,0,58,0,0,64,0,64,2,2,118,0,122,52,0,52,174
08/19/2007,SCK,CA,AWP,WE,Towers with Radar,2,2,55,0,59,0,0,59,0,59,2,2,114,0,118,38,0,38,156
08/20/2007,SCK,CA,AWP,WE,Towers with Radar,2,5,78,22,107,0,0,97,0,97,2,5,175,22,204,84,0,84,288
08/21/2007,SCK,CA,AWP,WE,Towers with Radar,0,0,15,2,17,0,4,116,2,122,0,4,131,4,139,84,0,84,223
08/22/2007,SCK,CA,AWP,WE,Towers with Radar,2,0,58,0,60,0,2,126,1,129,2,2,184,1,189,84,0,84,273
08/23/2007,SCK,CA,AWP,WE,Towers with Radar,0,2,58,0,60,0,0,94,2,96,0,2,152,2,156,60,0,60,216
08/24/2007,SCK,CA,AWP,WE,Towers with Radar,2,3,0,3,8,0,0,149,0,149,2,3,149,3,157,92,0,92,249
08/25/2007,SCK,CA,AWP,WE,Towers with Radar,2,0,61,0,63,0,0,87,0,87,2,0,148,0,150,44,0,44,194
08/26/2007,SCK,CA,AWP,WE,Towers with Radar,2,4,69,0,75,0,0,71,0,71,2,4,140,0,146,32,0,32,178
08/27/2007,SCK,CA,AWP,WE,Towers with Radar,2,5,87,2,96,0,1,103,0,104,2,6,190,2,200,78,4,82,282
08/28/2007,SCK,CA,AWP,WE,Towers with Radar,0,2,30,6,38,0,1,139,1,141,0,3,169,7,179,62,8,70,249
08/29/2007,SCK,CA,AWP,WE,Towers with Radar,2,1,76,0,79,0,0,108,5,113,2,1,184,5,192,77,8,85,277
08/30/2007,SCK,CA,AWP,WE,Towers with Radar,0,9,69,7,85,0,0,100,0,100,0,9,169,7,185,58,0,58,243
08/31/2007,SCK,CA,AWP,WE,Towers with Radar,2,1,89,1,93,0,0,101,0,101,2,1,190,1,194,18,2,20,214
09/01/2007,SCK,CA,AWP,WE,Towers with Radar,0,4,47,0,51,0,0,86,0,86,0,4,133,0,137,10,0,10,147
09/02/2007,SCK,CA,AWP,WE,Towers with Radar,2,1,60,0,63,0,0,72,0,72,2,1,132,0,135,12,0,12,147
09/03/2007,SCK,CA,AWP,WE,Towers with Radar,2,6,70,0,78,0,0,51,0,51,2,6,121,0,129,10,0,10,139
09/04/2007,SCK,CA,AWP,WE,Towers with Radar,0,2,77,9,88,0,0,74,6,80,0,2,151,15,168,22,6,28,196
09/05/2007,SCK,CA,AWP,WE,Towers with Radar,2,0,88,1,91,0,0,102,0,102,2,0,190,1,193,48,0,48,241
09/06/2007,SCK,CA,AWP,WE,Towers with Radar,0,4,80,4,88,0,0,88,0,88,0,4,168,4,176,20,0,20,196
09/07/2007,SCK,CA,AWP,WE,Towers with Radar,2,5,94,6,107,0,0,111,0,111,2,5,205,6,218,20,4,24,242
09/08/2007,SCK,CA,AWP,WE,Towers with Radar,0,1,65,7,73,0,0,101,0,101,0,1,166,7,174,26,0,26,200
09/09/2007,SCK,CA,AWP,WE,Towers with Radar,2,8,73,2,85,0,0,63,0,63,2,8,136,2,148,6,0,6,154
09/10/2007,SCK,CA,AWP,WE,Towers with Radar,2,4,78,4,88,0,0,103,0,103,2,4,181,4,191,30,0,30,221
09/11/2007,SCK,CA,AWP,WE,Towers with Radar,0,0,92,2,94,0,0,86,10,96,0,0,178,12,190,46,6,52,242
09/12/2007,SCK,CA,AWP,WE,Towers with Radar,2,8,99,8,117,0,0,77,3,80,2,8,176,11,197,18,6,24,221
09/13/2007,SCK,CA,AWP,WE,Towers with Radar,0,4,88,3,95,0,0,126,0,126,0,4,214,3,221,68,8,76,297
09/14/2007,SCK,CA,AWP,WE,Towers with Radar,2,3,66,2,73,0,0,72,2,74,2,3,138,4,147,40,14,54,201
09/15/2007,SCK,CA,AWP,WE,Towers with Radar,0,2,60,1,63,0,0,92,0,92,0,2,152,1,155,42,0,42,197
09/16/2007,SCK,CA,AWP,WE,Towers with Radar,2,2,66,3,73,0,0,89,0,89,2,2,155,3,162,46,0,46,208
09/17/2007,SCK,CA,AWP,WE,Towers with Radar,2,4,83,0,89,0,0,68,0,68,2,4,151,0,157,42,0,42,199
09/18/2007,SCK,CA,AWP,WE,Towers with Radar,0,1,97,1,99,0,4,108,7,119,0,5,205,8,218,74,4,78,296
09/19/2007,SCK,CA,AWP,WE,Towers with Radar,1,0,80,1,82,0,0,93,3,96,1,0,173,4,178,20,0,20,198
09/20/2007,SCK,CA,AWP,WE,Towers with Radar,0,7,56,3,66,0,1,86,1,88,0,8,142,4,154,96,0,96,250
09/21/2007,SCK,CA,AWP,WE,Towers with Radar,1,1,71,0,73,0,0,104,2,106,1,1,175,2,179,30,2,32,211
09/23/2007,SCK,CA,AWP,WE,Towers with Radar,2,5,73,1,81,0,0,62,0,62,2,5,135,1,143,32,0,32,175
09/24/2007,SCK,CA,AWP,WE,Towers with Radar,2,3,75,0,80,0,0,116,0,116,2,3,191,0,196,46,0,46,242
09/26/2007,SCK,CA,AWP,WE,Towers with Radar,2,2,75,0,79,0,0,125,8,133,2,2,200,8,212,76,6,82,294
09/27/2007,SCK,CA,AWP,WE,Towers with Radar,0,5,74,0,79,0,0,107,2,109,0,5,181,2,188,42,0,42,230
09/28/2007,SCK,CA,AWP,WE,Towers with Radar,2,5,89,1,97,0,0,64,4,68,2,5,153,5,165,33,4,37,202
09/29/2007,SCK,CA,AWP,WE,Towers with Radar,0,2,55,0,57,0,0,96,0,96,0,2,151,0,153,32,0,32,185
09/30/2007,SCK,CA,AWP,WE,Towers with Radar,3,5,61,0,69,0,0,119,0,119,3,5,180,0,188,30,0,30,218
10/01/2007,SCK,CA,AWP,WE,Towers with Radar,2,5,82,0,89,0,0,67,0,67,2,5,149,0,156,28,0,28,184
10/02/2007,SCK,CA,AWP,WE,Towers with Radar,0,5,72,6,83,0,0,106,10,116,0,5,178,16,199,70,8,78,277
10/03/2007,SCK,CA,AWP,WE,Towers with Radar,1,2,75,5,83,0,3,83,4,90,1,5,158,9,173,38,2,40,213
10/04/2007,SCK,CA,AWP,WE,Towers with Radar,2,1,91,8,102,0,0,77,0,77,2,1,168,8,179,26,0,26,205
10/05/2007,SCK,CA,AWP,WE,Towers with Radar,2,1,64,4,71,0,0,86,0,86,2,1,150,4,157,46,0,46,203
10/06/2007,SCK,CA,AWP,WE,Towers with Radar,2,0,48,4,54,0,0,104,0,104,2,0,152,4,158,62,0,62,220
10/07/2007,SCK,CA,AWP,WE,Towers with Radar,2,0,61,0,63,0,0,73,0,73,2,0,134,0,136,26,0,26,162
10/08/2007,SCK,CA,AWP,WE,Towers with Radar,2,4,96,0,102,0,0,96,0,96,2,4,192,0,198,42,0,42,240
10/09/2007,SCK,CA,AWP,WE,Towers with Radar,0,1,106,2,109,0,0,119,7,126,0,1,225,9,235,54,4,58,293
10/10/2007,SCK,CA,AWP,WE,Towers with Radar,2,3,61,3,69,0,0,54,8,62,2,3,115,11,131,28,4,32,163
10/11/2007,SCK,CA,AWP,WE,Towers with Radar,0,4,81,2,87,0,6,105,4,115,0,10,186,6,202,62,8,70,272
10/12/2007,SCK,CA,AWP,WE,Towers with Radar,2,1,45,9,57,0,0,45,0,45,2,1,90,9,102,26,0,26,128
10/13/2007,SCK,CA,AWP,WE,Towers with Radar,2,1,56,1,60,0,0,85,22,107,2,1,141,23,167,38,2,40,207
10/14/2007,SCK,CA,AWP,WE,Towers with Radar,2,6,77,1,86,0,0,75,2,77,2,6,152,3,163,20,2,22,185
10/15/2007,SCK,CA,AWP,WE,Towers with Radar,2,0,67,0,69,0,0,58,2,60,2,0,125,2,129,20,0,20,149
10/16/2007,SCK,CA,AWP,WE,Towers with Radar,0,2,60,2,64,0,2,61,2,65,0,4,121,4,129,2,0,2,131
10/17/2007,SCK,CA,AWP,WE,Towers with Radar,2,2,72,0,76,0,0,73,1,74,2,2,145,1,150,48,0,48,198
10/18/2007,SCK,CA,AWP,WE,Towers with Radar,0,1,54,2,57,0,0,92,0,92,0,1,146,2,149,52,6,58,207
10/19/2007,SCK,CA,AWP,WE,Towers with Radar,2,5,89,0,96,0,0,86,2,88,2,5,175,2,184,82,0,82,266
10/20/2007,SCK,CA,AWP,WE,Towers with Radar,2,1,40,0,43,0,0,71,0,71,2,1,111,0,114,32,0,32,146
10/21/2007,SCK,CA,AWP,WE,Towers with Radar,2,0,55,0,57,0,0,71,0,71,2,0,126,0,128,32,0,32,160
10/22/2007,SCK,CA,AWP,WE,Towers with Radar,2,2,74,0,78,0,0,77,0,77,2,2,151,0,155,38,0,38,193
10/23/2007,SCK,CA,AWP,WE,Towers with Radar,0,2,63,5,70,0,1,117,3,121,0,3,180,8,191,74,0,74,265
10/24/2007,SCK,CA,AWP,WE,Towers with Radar,2,0,41,2,45,0,0,103,8,111,2,0,144,10,156,34,0,34,190
10/25/2007,SCK,CA,AWP,WE,Towers with Radar,0,6,48,2,56,0,0,95,0,95,0,6,143,2,151,72,0,72,223
10/26/2007,SCK,CA,AWP,WE,Towers with Radar,4,0,57,3,64,0,0,120,0,120,4,0,177,3,184,50,0,50,234
10/27/2007,SCK,CA,AWP,WE,Towers with Radar,2,1,47,0,50,0,0,75,0,75,2,1,122,0,125,62,0,62,187
10/28/2007,SCK,CA,AWP,WE,Towers with Radar,2,6,53,5,66,0,0,85,0,85,2,6,138,5,151,54,0,54,205
10/29/2007,SCK,CA,AWP,WE,Towers with Radar,4,0,67,1,72,0,0,88,0,88,4,0,155,1,160,72,0,72,232
10/30/2007,SCK,CA,AWP,WE,Towers with Radar,0,0,79,5,84,0,0,97,5,102,0,0,176,10,186,100,6,106,292
10/31/2007,SCK,CA,AWP,WE,Towers with Radar,2,0,66,5,73,0,0,48,2,50,2,0,114,7,123,30,0,30,153
11/01/2007,SCK,CA,AWP,WE,Towers with Radar,0,0,44,5,49,0,0,38,0,38,0,0,82,5,87,12,0,12,99
11/02/2007,SCK,CA,AWP,WE,Towers with Radar,4,1,60,2,67,0,0,106,0,106,4,1,166,2,173,46,0,46,219
11/03/2007,SCK,CA,AWP,WE,Towers with Radar,2,0,48,6,56,0,0,68,0,68,2,0,116,6,124,90,0,90,214
11/04/2007,SCK,CA,AWP,WE,Towers with Radar,4,5,48,0,57,0,0,63,0,63,4,5,111,0,120,32,0,32,152
11/05/2007,SCK,CA,AWP,WE,Towers with Radar,4,2,54,2,62,0,0,88,1,89,4,2,142,3,151,30,0,30,181
11/06/2007,SCK,CA,AWP,WE,Towers with Radar,0,0,63,2,65,0,0,76,2,78,0,0,139,4,143,76,0,76,219
11/07/2007,SCK,CA,AWP,WE,Towers with Radar,2,5,29,1,37,0,1,73,2,76,2,6,102,3,113,68,16,84,197
11/08/2007,SCK,CA,AWP,WE,Towers with Radar,2,4,67,5,78,0,0,95,0,95,2,4,162,5,173,54,20,74,247
11/09/2007,SCK,CA,AWP,WE,Towers with Radar,4,3,81,3,91,0,0,97,0,97,4,3,178,3,188,60,0,60,248
11/10/2007,SCK,CA,AWP,WE,Towers with Radar,2,2,72,0,76,0,0,62,0,62,2,2,134,0,138,24,0,24,162
11/11/2007,SCK,CA,AWP,WE,Towers with Radar,2,3,64,10,79,0,0,22,0,22,2,3,86,10,101,4,20,24,125
11/12/2007,SCK,CA,AWP,WE,Towers with Radar,4,1,80,0,85,0,0,87,0,87,4,1,167,0,172,86,0,86,258
11/13/2007,SCK,CA,AWP,WE,Towers with Radar,0,1,97,1,99,1,4,72,9,86,1,5,169,10,185,14,0,14,199
11/14/2007,SCK,CA,AWP,WE,Towers with Radar,2,2,70,2,76,0,0,112,4,116,2,2,182,6,192,66,0,66,258
11/15/2007,SCK,CA,AWP,WE,Towers with Radar,0,6,65,5,76,0,0,87,0,87,0,6,152,5,163,22,0,22,185
11/16/2007,SCK,CA,AWP,WE,Towers with Radar,4,5,82,0,91,0,0,108,0,108,4,5,190,0,199,104,0,104,303
11/17/2007,SCK,CA,AWP,WE,Towers with Radar,2,0,54,2,58,0,0,85,0,85,2,0,139,2,143,44,0,44,187
11/18/2007,SCK,CA,AWP,WE,Towers with Radar,2,0,59,0,61,0,0,34,0,34,2,0,93,0,95,34,0,34,129
11/19/2007,SCK,CA,AWP,WE,Towers with Radar,4,0,71,6,81,0,0,59,0,59,4,0,130,6,140,48,0,48,188
11/20/2007,SCK,CA,AWP,WE,Towers with Radar,0,5,57,2,64,0,1,60,3,64,0,6,117,5,128,74,0,74,202
11/21/2007,SCK,CA,AWP,WE,Towers with Radar,2,2,40,1,45,0,0,22,1,23,2,2,62,2,68,68,0,68,136
11/22/2007,SCK,CA,AWP,WE,Towers with Radar,0,0,8,0,8,0,0,20,0,20,0,0,28,0,28,0,0,0,28
11/23/2007,SCK,CA,AWP,WE,Towers with Radar,4,2,41,0,47,0,0,74,0,74,4,2,115,0,121,36,0,36,157
11/24/2007,SCK,CA,AWP,WE,Towers with Radar,2,1,38,0,41,0,0,79,0,79,2,1,117,0,120,32,0,32,152
11/25/2007,SCK,CA,AWP,WE,Towers with Radar,2,7,60,0,69,0,0,77,0,77,2,7,137,0,146,58,0,58,204
11/26/2007,SCK,CA,AWP,WE,Towers with Radar,4,6,74,0,84,0,0,78,0,78,4,6,152,0,162,58,10,68,230
11/27/2007,SCK,CA,AWP,WE,Towers with Radar,0,1,58,10,69,0,0,73,8,81,0,1,131,18,150,44,0,44,194
11/28/2007,SCK,CA,AWP,WE,Towers with Radar,2,1,62,0,65,0,0,83,0,83,2,1,145,0,148,84,0,84,232
11/29/2007,SCK,CA,AWP,WE,Towers with Radar,0,0,88,14,102,0,0,70,0,70,0,0,158,14,172,24,0,24,196
11/30/2007,SCK,CA,AWP,WE,Towers with Radar,4,1,66,0,71,0,0,119,0,119,4,1,185,0,190,72,2,74,264
12/01/2007,SCK,CA,AWP,WE,Towers with Radar,2,1,37,2,42,0,0,47,0,47,2,1,84,2,89,38,0,38,127
12/02/2007,SCK,CA,AWP,WE,Towers with Radar,2,0,25,0,27,0,0,28,0,28,2,0,53,0,55,20,0,20,75
12/03/2007,SCK,CA,AWP,WE,Towers with Radar,4,1,1,3,9,0,0,147,0,147,4,1,148,3,156,46,0,46,202
12/04/2007,SCK,CA,AWP,WE,Towers with Radar,0,4,95,1,100,0,0,11,3,14,0,4,106,4,114,0,0,0,114
12/05/2007,SCK,CA,AWP,WE,Towers with Radar,2,0,63,0,65,0,0,71,0,71,2,0,134,0,136,46,0,46,182
12/06/2007,SCK,CA,AWP,WE,Towers with Radar,0,1,46,16,63,0,0,0,0,0,0,1,46,16,63,0,0,0,63
12/07/2007,SCK,CA,AWP,WE,Towers with Radar,4,0,55,4,63,0,0,65,0,65,4,0,120,4,128,44,0,44,172
12/08/2007,SCK,CA,AWP,WE,Towers with Radar,2,3,60,1,66,0,0,71,0,71,2,3,131,1,137,26,0,26,163
12/09/2007,SCK,CA,AWP,WE,Towers with Radar,2,4,54,0,60,0,0,68,0,68,2,4,122,0,128,2,0,2,130
12/10/2007,SCK,CA,AWP,WE,Towers with Radar,4,2,96,0,102,0,0,104,0,104,4,2,200,0,206,102,0,102,308
12/11/2007,SCK,CA,AWP,WE,Towers with Radar,0,0,67,9,76,0,0,107,5,112,0,0,174,14,188,70,0,70,258
12/12/2007,SCK,CA,AWP,WE,Towers with Radar,2,1,75,4,82,0,0,104,4,108,2,1,179,8,190,52,10,62,252
12/13/2007,SCK,CA,AWP,WE,Towers with Radar,0,0,57,11,68,0,0,110,0,110,0,0,167,11,178,60,14,74,252
12/14/2007,SCK,CA,AWP,WE,Towers with Radar,4,1,89,4,98,0,0,109,0,109,4,1,198,4,207,96,0,96,303
12/15/2007,SCK,CA,AWP,WE,Towers with Radar,2,2,57,0,61,0,0,93,0,93,2,2,150,0,154,116,0,116,270
12/16/2007,SCK,CA,AWP,WE,Towers with Radar,2,2,74,0,78,0,0,39,0,39,2,2,113,0,117,28,0,28,145
12/17/2007,SCK,CA,AWP,WE,Towers with Radar,4,2,67,4,77,0,0,26,0,26,4,2,93,4,103,36,0,36,139
12/18/2007,SCK,CA,AWP,WE,Towers with Radar,0,3,31,22,56,0,1,14,5,20,0,4,45,27,76,0,0,0,76
12/19/2007,SCK,CA,AWP,WE,Towers with Radar,2,2,75,11,90,0,0,70,8,78,2,2,145,19,168,72,14,86,254
12/20/2007,SCK,CA,AWP,WE,Towers with Radar,0,0,57,8,65,0,0,79,0,79,0,0,136,8,144,70,2,72,216
12/21/2007,SCK,CA,AWP,WE,Towers with Radar,4,0,76,1,81,0,0,126,0,126,4,0,202,1,207,66,0,66,273
12/22/2007,SCK,CA,AWP,WE,Towers with Radar,2,9,38,0,49,0,0,84,0,84,2,9,122,0,133,38,0,38,171
12/23/2007,SCK,CA,AWP,WE,Towers with Radar,2,0,60,0,62,0,0,46,0,46,2,0,106,0,108,28,0,28,136
12/24/2007,SCK,CA,AWP,WE,Towers with Radar,4,2,25,0,31,0,0,15,0,15,4,2,40,0,46,8,0,8,54
12/25/2007,SCK,CA,AWP,WE,Towers with Radar,0,2,8,0,10,0,0,29,0,29,0,2,37,0,39,20,0,20,59
12/26/2007,SCK,CA,AWP,WE,Towers with Radar,2,1,39,1,43,0,0,51,5,56,2,1,90,6,99,38,6,44,143
12/27/2007,SCK,CA,AWP,WE,Towers with Radar,0,2,55,2,59,0,0,71,0,71,0,2,126,2,130,44,2,46,176
12/28/2007,SCK,CA,AWP,WE,Towers with Radar,4,4,34,1,43,0,0,21,5,26,4,4,55,6,69,44,16,60,129
12/29/2007,SCK,CA,AWP,WE,Towers with Radar,2,2,40,4,48,0,0,7,0,7,2,2,47,4,55,34,0,34,89
12/30/2007,SCK,CA,AWP,WE,Towers with Radar,2,0,45,0,47,0,0,8,0,8,2,0,53,0,55,0,0,0,55
12/31/2007,SCK,CA,AWP,WE,Towers with Radar,4,0,48,0,52,0,0,66,0,66,4,0,114,0,118,65,0,65,183
01/01/2008,SCK,CA,AWP,WE,Towers with Radar,0,1,17,0,18,0,0,23,0,23,0,1,40,0,41,10,0,10,51
01/02/2008,SCK,CA,AWP,WE,Towers with Radar,2,4,0,0,6,0,0,101,0,101,2,4,101,0,107,40,0,40,147
01/03/2008,SCK,CA,AWP,WE,Towers with Radar,0,1,29,0,30,0,0,35,2,37,0,1,64,2,67,52,0,52,119
01/04/2008,SCK,CA,AWP,WE,Towers with Radar,4,1,8,0,13,0,0,0,0,0,4,1,8,0,13,0,0,0,13
01/05/2008,SCK,CA,AWP,WE,Towers with Radar,2,4,23,8,37,0,0,0,0,0,2,4,23,8,37,12,12,24,61
01/06/2008,SCK,CA,AWP,WE,Towers with Radar,2,4,32,1,39,0,0,10,1,11,2,4,42,2,50,0,0,0,50
01/07/2008,SCK,CA,AWP,WE,Towers with Radar,4,5,61,0,70,0,0,65,2,67,4,5,126,2,137,40,0,40,177
01/08/2008,SCK,CA,AWP,WE,Towers with Radar,0,0,32,4,36,0,0,11,1,12,0,0,43,5,48,0,6,6,54
01/09/2008,SCK,CA,AWP,WE,Towers with Radar,2,8,111,0,121,0,0,2,0,2,2,8,113,0,123,2,0,2,125
01/10/2008,SCK,CA,AWP,WE,Towers with Radar,0,5,85,4,94,0,0,2,4,6,0,5,87,8,100,0,10,10,110
01/11/2008,SCK,CA,AWP,WE,Towers with Radar,4,4,132,3,143,0,0,5,0,5,4,4,137,3,148,4,2,6,154
01/12/2008,SCK,CA,AWP,WE,Towers with Radar,2,4,45,0,51,0,0,66,0,66,2,4,111,0,117,8,0,8,125
01/13/2008,SCK,CA,AWP,WE,Towers with Radar,1,2,81,2,86,1,0,12,2,15,2,2,93,4,101,10,0,10,111
01/14/2008,SCK,CA,AWP,WE,Towers with Radar,4,4,98,0,106,0,0,52,7,59,4,4,150,7,165,8,6,14,179
01/15/2008,SCK,CA,AWP,WE,Towers with Radar,0,2,33,0,35,0,0,20,0,20,0,2,53,0,55,16,0,16,71
01/16/2008,SCK,CA,AWP,WE,Towers with Radar,2,0,56,0,58,0,0,66,15,81,2,0,122,15,139,58,0,58,197
01/17/2008,SCK,CA,AWP,WE,Towers with Radar,0,0,67,0,67,0,0,99,5,104,0,0,166,5,171,74,6,80,251
01/18/2008,SCK,CA,AWP,WE,Towers with Radar,4,12,72,4,92,0,0,112,0,112,4,12,184,4,204,52,4,56,260
01/19/2008,SCK,CA,AWP,WE,Towers with Radar,2,0,61,0,63,0,0,81,0,81,2,0,142,0,144,28,0,28,172
01/20/2008,SCK,CA,AWP,WE,Towers with Radar,4,2,57,0,63,0,0,35,0,35,4,2,92,0,98,4,0,4,102
01/21/2008,SCK,CA,AWP,WE,Towers with Radar,4,1,45,0,50,0,0,25,0,25,4,1,70,0,75,38,0,38,113
01/22/2008,SCK,CA,AWP,WE,Towers with Radar,0,6,33,8,47,0,0,7,2,9,0,6,40,10,56,4,10,14,70
01/23/2008,SCK,CA,AWP,WE,Towers with Radar,3,6,47,0,56,0,2,3,0,5,3,8,50,0,61,0,0,0,61
01/24/2008,SCK,CA,AWP,WE,Towers with Radar,2,1,40,0,43,0,0,7,0,7,2,1,47,0,50,0,2,2,52
01/25/2008,SCK,CA,AWP,WE,Towers with Radar,4,0,16,1,21,0,0,8,1,9,4,0,24,2,30,2,0,2,32
01/26/2008,SCK,CA,AWP,WE,Towers with Radar,2,2,36,4,44,0,0,53,0,53,2,2,89,4,97,32,0,32,129
01/27/2008,SCK,CA,AWP,WE,Towers with Radar,2,0,11,0,13,0,0,15,0,15,2,0,26,0,28,2,0,2,30
01/28/2008,SCK,CA,AWP,WE,Towers with Radar,4,2,71,4,81,0,1,62,3,66,4,3,133,7,147,72,0,72,219
01/29/2008,SCK,CA,AWP,WE,Towers with Radar,0,9,38,4,51,0,0,27,2,29,0,9,65,6,80,0,6,6,86
01/30/2008,SCK,CA,AWP,WE,Towers with Radar,2,3,82,0,87,0,0,85,8,93,2,3,167,8,180,54,6,60,240
01/31/2008,SCK,CA,AWP,WE,Towers with Radar,0,2,51,4,57,0,1,33,2,36,0,3,84,6,93,56,0,56,149
02/01/2008,SCK,CA,AWP,WE,Towers with Radar,5,2,78,0,85,0,0,89,0,89,5,2,167,0,174,38,0,38,212
02/02/2008,SCK,CA,AWP,WE,Towers with Radar,2,0,36,10,48,0,0,36,0,36,2,0,72,10,84,36,0,36,120
02/03/2008,SCK,CA,AWP,WE,Towers with Radar,2,1,13,0,16,0,0,21,0,21,2,1,34,0,37,12,0,12,49
02/04/2008,SCK,CA,AWP,WE,Towers with Radar,4,1,77,4,86,0,0,95,0,95,4,1,172,4,181,64,0,64,245
02/05/2008,SCK,CA,AWP,WE,Towers with Radar,0,2,81,2,85,0,0,115,7,122,0,2,196,9,207,80,6,86,293
02/06/2008,SCK,CA,AWP,WE,Towers with Radar,2,5,74,5,86,0,0,68,4,72,2,5,142,9,158,58,16,74,232
02/07/2008,SCK,CA,AWP,WE,Towers with Radar,0,3,68,8,79,0,0,108,6,114,0,3,176,14,193,62,6,68,261
02/08/2008,SCK,CA,AWP,WE,Towers with Radar,4,8,89,6,107,0,0,135,0,135,4,8,224,6,242,64,8,72,314
02/09/2008,SCK,CA,AWP,WE,Towers with Radar,2,8,62,0,72,0,0,102,0,102,2,8,164,0,174,68,0,68,242
02/10/2008,SCK,CA,AWP,WE,Towers with Radar,2,0,36,0,38,0,0,47,0,47,2,0,83,0,85,40,0,40,125
02/11/2008,SCK,CA,AWP,WE,Towers with Radar,4,2,80,0,86,0,0,70,5,75,4,2,150,5,161,82,0,82,243
02/12/2008,SCK,CA,AWP,WE,Towers with Radar,0,1,66,1,68,0,0,68,10,78,0,1,134,11,146,70,8,78,224
02/13/2008,SCK,CA,AWP,WE,Towers with Radar,2,10,81,0,93,0,0,47,1,48,2,10,128,1,141,38,2,40,181
02/14/2008,SCK,CA,AWP,WE,Towers with Radar,0,0,47,4,51,0,0,65,6,71,0,0,112,10,122,76,0,76,198
02/15/2008,SCK,CA,AWP,WE,Towers with Radar,4,4,72,0,80,0,0,129,2,131,4,4,201,2,211,108,0,108,319
02/16/2008,SCK,CA,AWP,WE,Towers with Radar,2,0,66,4,72,0,0,103,0,103,2,0,169,4,175,78,2,80,255
02/17/2008,SCK,CA,AWP,WE,Towers with Radar,2,0,52,0,54,0,0,55,0,55,2,0,107,0,109,22,0,22,131
02/18/2008,SCK,CA,AWP,WE,Towers with Radar,4,2,73,0,79,0,0,58,0,58,4,2,131,0,137,54,0,54,191
02/19/2008,SCK,CA,AWP,WE,Towers with Radar,0,0,115,0,115,0,0,17,0,17,0,0,132,0,132,24,0,24,156
02/20/2008,SCK,CA,AWP,WE,Towers with Radar,3,2,98,5,108,0,0,55,7,62,3,2,153,12,170,64,16,80,250
02/21/2008,SCK,CA,AWP,WE,Towers with Radar,1,4,35,0,40,1,0,15,0,16,2,4,50,0,56,46,0,46,102
02/22/2008,SCK,CA,AWP,WE,Towers with Radar,4,1,46,5,56,0,0,40,0,40,4,1,86,5,96,58,0,58,154
02/23/2008,SCK,CA,AWP,WE,Towers with Radar,2,2,11,0,15,0,0,8,0,8,2,2,19,0,23,0,0,0,23
02/24/2008,SCK,CA,AWP,WE,Towers with Radar,2,2,17,0,21,0,0,0,0,0,2,2,17,0,21,0,0,0,21
02/25/2008,SCK,CA,AWP,WE,Towers with Radar,4,6,108,0,118,0,0,73,3,76,4,6,181,3,194,100,0,100,294
02/26/2008,SCK,CA,AWP,WE,Towers with Radar,0,2,67,0,69,0,4,93,0,97,0,6,160,0,166,82,0,82,248
02/27/2008,SCK,CA,AWP,WE,Towers with Radar,2,1,84,0,87,0,0,103,0,103,2,1,187,0,190,74,0,74,264
02/28/2008,SCK,CA,AWP,WE,Towers with Radar,0,1,85,0,86,0,0,107,0,107,0,1,192,0,193,58,0,58,251
02/29/2008,SCK,CA,AWP,WE,Towers with Radar,4,2,74,0,80,0,0,96,0,96,4,2,170,0,176,18,0,18,194
03/01/2008,SCK,CA,AWP,WE,Towers with Radar,2,4,42,0,48,0,0,58,0,58,2,4,100,0,106,20,0,20,126
03/02/2008,SCK,CA,AWP,WE,Towers with Radar,2,2,42,0,46,0,0,36,0,36,2,2,78,0,82,6,0,6,88
03/03/2008,SCK,CA,AWP,WE,Towers with Radar,4,1,47,0,52,0,0,77,0,77,4,1,124,0,129,12,0,12,141
03/04/2008,SCK,CA,AWP,WE,Towers with Radar,0,0,76,2,78,0,0,100,2,102,0,0,176,4,180,92,0,92,272
03/05/2008,SCK,CA,AWP,WE,Towers with Radar,2,1,63,6,72,0,0,69,0,69,2,1,132,6,141,94,8,102,243
03/06/2008,SCK,CA,AWP,WE,Towers with Radar,0,4,0,0,4,0,0,206,0,206,0,4,206,0,210,74,0,74,284
03/07/2008,SCK,CA,AWP,WE,Towers with Radar,4,4,64,1,73,0,0,100,3,103,4,4,164,4,176,56,0,56,232
03/08/2008,SCK,CA,AWP,WE,Towers with Radar,2,2,50,0,54,0,0,87,0,87,2,2,137,0,141,18,0,18,159
03/09/2008,SCK,CA,AWP,WE,Towers with Radar,4,0,48,0,52,0,0,74,0,74,4,0,122,0,126,70,0,70,196
03/10/2008,SCK,CA,AWP,WE,Towers with Radar,4,4,53,0,61,0,1,72,0,73,4,5,125,0,134,118,0,118,252
03/11/2008,SCK,CA,AWP,WE,Towers with Radar,0,3,67,5,75,0,0,109,3,112,0,3,176,8,187,76,0,76,263
03/12/2008,SCK,CA,AWP,WE,Towers with Radar,2,6,91,4,103,0,0,105,4,109,2,6,196,8,212,90,0,90,302
03/13/2008,SCK,CA,AWP,WE,Towers with Radar,2,5,107,9,123,0,0,73,4,77,2,5,180,13,200,44,4,48,248
03/14/2008,SCK,CA,AWP,WE,Towers with Radar,4,5,84,8,101,0,0,55,0,55,4,5,139,8,156,42,0,42,198
03/15/2008,SCK,CA,AWP,WE,Towers with Radar,2,2,64,1,69,0,0,42,0,42,2,2,106,1,111,12,0,12,123
03/16/2008,SCK,CA,AWP,WE,Towers with Radar,2,1,15,0,18,0,0,37,0,37,2,1,52,0,55,0,0,0,55
03/17/2008,SCK,CA,AWP,WE,Towers with Radar,4,3,73,0,80,0,0,135,0,135,4,3,208,0,215,94,0,94,309
03/18/2008,SCK,CA,AWP,WE,Towers with Radar,0,0,105,8,113,0,0,85,4,89,0,0,190,12,202,86,8,94,296
03/19/2008,SCK,CA,AWP,WE,Towers with Radar,2,6,76,2,86,0,1,70,0,71,2,7,146,2,157,60,0,60,217
03/20/2008,SCK,CA,AWP,WE,Towers with Radar,0,2,59,12,73,0,0,114,0,114,0,2,173,12,187,48,0,48,235
03/21/2008,SCK,CA,AWP,WE,Towers with Radar,4,2,52,0,58,0,0,106,0,106,4,2,158,0,164,30,0,30,194
03/22/2008,SCK,CA,AWP,WE,Towers with Radar,2,0,65,0,67,0,0,105,0,105,2,0,170,0,172,42,0,42,214
03/23/2008,SCK,CA,AWP,WE,Towers with Radar,2,0,48,0,50,0,0,61,0,61,2,0,109,0,111,18,0,18,129
03/24/2008,SCK,CA,AWP,WE,Towers with Radar,4,0,46,0,50,0,0,70,2,72,4,0,116,2,122,32,6,38,160
03/25/2008,SCK,CA,AWP,WE,Towers with Radar,0,0,65,4,69,0,0,56,0,56,0,0,121,4,125,44,0,44,169
03/26/2008,SCK,CA,AWP,WE,Towers with Radar,2,4,77,8,91,0,0,77,0,77,2,4,154,8,168,46,0,46,214
03/27/2008,SCK,CA,AWP,WE,Towers with Radar,0,5,66,0,71,0,0,112,0,112,0,5,178,0,183,60,0,60,243
03/28/2008,SCK,CA,AWP,WE,Towers with Radar,4,0,70,0,74,0,0,126,0,126,4,0,196,0,200,52,0,52,252
03/29/2008,SCK,CA,AWP,WE,Towers with Radar,2,0,67,0,69,0,0,38,0,38,2,0,105,0,107,18,0,18,125
03/30/2008,SCK,CA,AWP,WE,Towers with Radar,2,2,60,0,64,0,0,78,0,78,2,2,138,0,142,28,0,28,170
03/31/2008,SCK,CA,AWP,WE,Towers with Radar,4,0,88,0,92,0,0,120,0,120,4,0,208,0,212,87,0,87,299
04/01/2008,SCK,CA,AWP,WE,Towers with Radar,0,0,69,11,80,0,0,90,0,90,0,0,159,11,170,74,6,80,250
04/02/2008,SCK,CA,AWP,WE,Towers with Radar,2,1,40,16,59,0,0,67,0,67,2,1,107,16,126,66,12,78,204
04/03/2008,SCK,CA,AWP,WE,Towers with Radar,0,0,68,0,68,0,0,133,0,133,0,0,201,0,201,52,0,52,253
04/04/2008,SCK,CA,AWP,WE,Towers with Radar,4,3,47,0,54,0,1,90,0,91,4,4,137,0,145,54,0,54,199
04/05/2008,SCK,CA,AWP,WE,Towers with Radar,2,1,70,0,73,0,0,68,4,72,2,1,138,4,145,44,8,52,197
04/06/2008,SCK,CA,AWP,WE,Towers with Radar,2,5,46,0,53,0,0,44,0,44,2,5,90,0,97,14,0,14,111
04/07/2008,SCK,CA,AWP,WE,Towers with Radar,4,0,62,0,66,0,0,86,0,86,4,0,148,0,152,22,0,22,174
04/08/2008,SCK,CA,AWP,WE,Towers with Radar,0,3,53,4,60,0,0,69,6,75,0,3,122,10,135,46,0,46,181
04/09/2008,SCK,CA,AWP,WE,Towers with Radar,2,3,73,0,78,0,0,100,0,100,2,3,173,0,178,44,0,44,222
04/10/2008,SCK,CA,AWP,WE,Towers with Radar,0,0,69,0,69,0,0,122,6,128,0,0,191,6,197,50,2,52,249
04/11/2008,SCK,CA,AWP,WE,Towers with Radar,4,0,49,0,53,0,0,125,0,125,4,0,174,0,178,56,0,56,234
04/12/2008,SCK,CA,AWP,WE,Towers with Radar,2,1,54,0,57,0,0,113,0,113,2,1,167,0,170,46,0,46,216
04/13/2008,SCK,CA,AWP,WE,Towers with Radar,2,0,46,0,48,0,0,69,0,69,2,0,115,0,117,34,0,34,151
04/14/2008,SCK,CA,AWP,WE,Towers with Radar,4,1,29,0,34,0,0,52,0,52,4,1,81,0,86,26,0,26,112
04/15/2008,SCK,CA,AWP,WE,Towers with Radar,0,6,58,0,64,0,0,83,0,83,0,6,141,0,147,30,0,30,177
04/16/2008,SCK,CA,AWP,WE,Towers with Radar,2,2,86,0,90,0,0,80,0,80,2,2,166,0,170,98,0,98,268
04/17/2008,SCK,CA,AWP,WE,Towers with Radar,0,1,59,0,60,0,8,134,0,142,0,9,193,0,202,70,0,70,272
04/18/2008,SCK,CA,AWP,WE,Towers with Radar,4,4,63,0,71,0,0,126,0,126,4,4,189,0,197,108,0,108,305
04/19/2008,SCK,CA,AWP,WE,Towers with Radar,2,1,25,0,28,0,0,88,0,88,2,1,113,0,116,16,0,16,132
04/20/2008,SCK,CA,AWP,WE,Towers with Radar,4,2,22,2,30,0,0,69,0,69,4,2,91,2,99,30,0,30,129
04/21/2008,SCK,CA,AWP,WE,Towers with Radar,4,7,48,2,61,0,0,86,0,86,4,7,134,2,147,74,6,80,227
04/22/2008,SCK,CA,AWP,WE,Towers with Radar,1,6,57,2,66,0,0,77,8,85,1,6,134,10,151,40,6,46,197
04/23/2008,SCK,CA,AWP,WE,Towers with Radar,2,0,93,0,95,0,0,57,0,57,2,0,150,0,152,48,0,48,200
04/24/2008,SCK,CA,AWP,WE,Towers with Radar,0,1,85,0,86,0,4,115,1,120,0,5,200,1,206,64,0,64,270
04/25/2008,SCK,CA,AWP,WE,Towers with Radar,4,3,64,0,71,0,0,107,0,107,4,3,171,0,178,16,0,16,194
04/26/2008,SCK,CA,AWP,WE,Towers with Radar,2,0,60,0,62,0,0,92,0,92,2,0,152,0,154,30,0,30,184
04/27/2008,SCK,CA,AWP,WE,Towers with Radar,4,3,49,0,56,0,0,81,0,81,4,3,130,0,137,18,0,18,155
04/28/2008,SCK,CA,AWP,WE,Towers with Radar,4,4,52,0,60,0,0,91,4,95,4,4,143,4,155,28,0,28,183
04/29/2008,SCK,CA,AWP,WE,Towers with Radar,0,0,42,0,42,0,0,56,0,56,0,0,98,0,98,32,0,32,130
04/30/2008,SCK,CA,AWP,WE,Towers with Radar,2,0,66,0,68,0,0,87,0,87,2,0,153,0,155,40,0,40,195
05/01/2008,SCK,CA,AWP,WE,Towers with Radar,2,2,52,0,56,0,0,82,0,82,2,2,134,0,138,8,0,8,146
05/02/2008,SCK,CA,AWP,WE,Towers with Radar,4,0,60,0,64,0,0,129,0,129,4,0,189,0,193,34,0,34,227
05/03/2008,SCK,CA,AWP,WE,Towers with Radar,2,1,43,0,46,0,0,106,0,106,2,1,149,0,152,98,0,98,250
05/04/2008,SCK,CA,AWP,WE,Towers with Radar,2,0,32,0,34,0,0,60,0,60,2,0,92,0,94,10,0,10,104
05/05/2008,SCK,CA,AWP,WE,Towers with Radar,4,2,48,0,54,0,0,87,0,87,4,2,135,0,141,52,0,52,193
05/06/2008,SCK,CA,AWP,WE,Towers with Radar,0,2,79,0,81,0,0,98,0,98,0,2,177,0,179,46,0,46,225
05/07/2008,SCK,CA,AWP,WE,Towers with Radar,3,2,43,0,48,0,0,64,0,64,3,2,107,0,112,14,0,14,126
05/08/2008,SCK,CA,AWP,WE,Towers with Radar,0,2,54,1,57,0,0,109,0,109,0,2,163,1,166,12,0,12,178
05/09/2008,SCK,CA,AWP,WE,Towers with Radar,4,4,59,0,67,0,0,104,0,104,4,4,163,0,171,67,0,67,238
05/10/2008,SCK,CA,AWP,WE,Towers with Radar,0,4,37,0,41,0,0,135,0,135,0,4,172,0,176,36,0,36,212
05/11/2008,SCK,CA,AWP,WE,Towers with Radar,2,0,37,0,39,0,0,47,0,47,2,0,84,0,86,50,0,50,136
05/12/2008,SCK,CA,AWP,WE,Towers with Radar,4,5,64,0,73,0,0,62,2,64,4,5,126,2,137,24,2,26,163
05/13/2008,SCK,CA,AWP,WE,Towers with Radar,0,0,56,0,56,0,0,90,2,92,0,0,146,2,148,38,0,38,186
05/14/2008,SCK,CA,AWP,WE,Towers with Radar,2,2,55,6,65,0,0,99,0,99,2,2,154,6,164,28,16,44,208
05/15/2008,SCK,CA,AWP,WE,Towers with Radar,0,1,40,13,54,0,0,98,0,98,0,1,138,13,152,56,8,64,216
05/16/2008,SCK,CA,AWP,WE,Towers with Radar,8,0,44,0,52,0,0,95,0,95,8,0,139,0,147,48,0,48,195
05/17/2008,SCK,CA,AWP,WE,Towers with Radar,0,0,43,0,43,0,0,104,0,104,0,0,147,0,147,10,0,10,157
05/18/2008,SCK,CA,AWP,WE,Towers with Radar,2,0,47,0,49,0,0,57,0,57,2,0,104,0,106,16,0,16,122
05/19/2008,SCK,CA,AWP,WE,Towers with Radar,6,0,60,0,66,0,0,82,0,82,6,0,142,0,148,20,0,20,168
05/20/2008,SCK,CA,AWP,WE,Towers with Radar,1,2,55,0,58,0,0,78,1,79,1,2,133,1,137,36,0,36,173
05/21/2008,SCK,CA,AWP,WE,Towers with Radar,2,0,41,0,43,0,0,62,1,63,2,0,103,1,106,30,0,30,136
05/22/2008,SCK,CA,AWP,WE,Towers with Radar,3,2,35,0,40,0,0,22,0,22,3,2,57,0,62,4,0,4,66
05/23/2008,SCK,CA,AWP,WE,Towers with Radar,4,0,105,0,109,0,0,122,3,125,4,0,227,3,234,56,0,56,290
05/24/2008,SCK,CA,AWP,WE,Towers with Radar,2,0,33,0,35,0,0,32,0,32,2,0,65,0,67,80,0,80,147
05/25/2008,SCK,CA,AWP,WE,Towers with Radar,1,0,61,0,62,0,0,40,0,40,1,0,101,0,102,10,0,10,112
05/26/2008,SCK,CA,AWP,WE,Towers with Radar,4,0,60,0,64,0,0,55,0,55,4,0,115,0,119,40,0,40,159
05/27/2008,SCK,CA,AWP,WE,Towers with Radar,0,0,54,0,54,0,0,91,0,91,0,0,145,0,145,36,0,36,181
05/28/2008,SCK,CA,AWP,WE,Towers with Radar,2,0,79,6,87,0,0,115,0,115,2,0,194,6,202,54,2,56,258
05/29/2008,SCK,CA,AWP,WE,Towers with Radar,0,0,79,0,79,0,0,131,0,131,0,0,210,0,210,56,0,56,266
05/30/2008,SCK,CA,AWP,WE,Towers with Radar,4,2,82,2,90,0,0,123,0,123,4,2,205,2,213,32,0,32,245
05/31/2008,SCK,CA,AWP,WE,Towers with Radar,0,0,29,0,29,0,0,68,1,69,0,0,97,1,98,24,0,24,122
06/01/2008,SCK,CA,AWP,WE,Towers with Radar,2,2,49,0,53,0,0,64,0,64,2,2,113,0,117,20,0,20,137
06/02/2008,SCK,CA,AWP,WE,Towers with Radar,4,0,55,0,59,0,0,53,2,55,4,0,108,2,114,14,6,20,134
06/03/2008,SCK,CA,AWP,WE,Towers with Radar,0,1,49,0,50,0,0,74,0,74,0,1,123,0,124,48,0,48,172
06/04/2008,SCK,CA,AWP,WE,Towers with Radar,2,0,60,0,62,0,0,71,0,71,2,0,131,0,133,18,0,18,151
06/05/2008,SCK,CA,AWP,WE,Towers with Radar,0,2,61,3,66,0,0,98,3,101,0,2,159,6,167,62,8,70,237
06/06/2008,SCK,CA,AWP,WE,Towers with Radar,4,2,65,4,75,0,0,81,0,81,4,2,146,4,156,32,0,32,188
06/07/2008,SCK,CA,AWP,WE,Towers with Radar,2,5,49,0,56,0,0,47,0,47,2,5,96,0,103,24,0,24,127
06/08/2008,SCK,CA,AWP,WE,Towers with Radar,2,1,47,0,50,0,0,64,0,64,2,1,111,0,114,22,0,22,136
06/09/2008,SCK,CA,AWP,WE,Towers with Radar,4,0,70,2,76,0,0,97,0,97,4,0,167,2,173,58,6,64,237
06/10/2008,SCK,CA,AWP,WE,Towers with Radar,0,4,69,2,75,0,0,78,0,78,0,4,147,2,153,30,0,30,183
06/11/2008,SCK,CA,AWP,WE,Towers with Radar,2,5,48,11,66,0,0,80,0,80,2,5,128,11,146,18,0,18,164
06/12/2008,SCK,CA,AWP,WE,Towers with Radar,0,2,56,4,62,0,0,110,7,117,0,2,166,11,179,46,0,46,225
06/13/2008,SCK,CA,AWP,WE,Towers with Radar,4,4,62,2,72,0,0,110,0,110,4,4,172,2,182,18,0,18,200
06/14/2008,SCK,CA,AWP,WE,Towers with Radar,2,0,22,2,26,0,0,75,0,75,2,0,97,2,101,34,2,36,137
06/15/2008,SCK,CA,AWP,WE,Towers with Radar,2,1,22,1,26,0,0,64,0,64,2,1,86,1,90,8,0,8,98
06/16/2008,SCK,CA,AWP,WE,Towers with Radar,4,2,75,0,81,0,0,89,0,89,4,2,164,0,170,44,0,44,214
06/17/2008,SCK,CA,AWP,WE,Towers with Radar,0,2,53,1,56,0,0,94,1,95,0,2,147,2,151,44,6,50,201
06/18/2008,SCK,CA,AWP,WE,Towers with Radar,3,2,64,5,74,0,0,85,0,85,3,2,149,5,159,40,2,42,201
06/19/2008,SCK,CA,AWP,WE,Towers with Radar,1,2,66,11,80,0,0,91,0,91,1,2,157,11,171,126,20,146,317
06/20/2008,SCK,CA,AWP,WE,Towers with Radar,4,0,33,0,37,0,0,96,0,96,4,0,129,0,133,24,0,24,157
06/21/2008,SCK,CA,AWP,WE,Towers with Radar,2,0,24,0,26,0,0,67,0,67,2,0,91,0,93,32,0,32,125
06/22/2008,SCK,CA,AWP,WE,Towers with Radar,2,0,58,0,60,0,0,83,1,84,2,0,141,1,144,18,0,18,162
06/23/2008,SCK,CA,AWP,WE,Towers with Radar,4,0,58,0,62,0,0,71,5,76,4,0,129,5,138,56,0,56,194
06/24/2008,SCK,CA,AWP,WE,Towers with Radar,0,3,64,0,67,0,2,54,0,56,0,5,118,0,123,32,0,32,155
06/25/2008,SCK,CA,AWP,WE,Towers with Radar,2,2,71,5,80,0,0,47,2,49,2,2,118,7,129,18,0,18,147
06/26/2008,SCK,CA,AWP,WE,Towers with Radar,0,1,111,4,116,0,4,36,4,44,0,5,147,8,160,16,0,16,176
06/27/2008,SCK,CA,AWP,WE,Towers with Radar,4,2,70,0,76,0,0,80,2,82,4,2,150,2,158,30,0,30,188
06/28/2008,SCK,CA,AWP,WE,Towers with Radar,2,0,53,0,55,0,0,71,0,71,2,0,124,0,126,8,0,8,134
06/29/2008,SCK,CA,AWP,WE,Towers with Radar,1,3,61,0,65,0,0,64,0,64,1,3,125,0,129,14,0,14,143
06/30/2008,SCK,CA,AWP,WE,Towers with Radar,4,8,71,0,83,0,0,122,1,123,4,8,193,1,206,54,0,54,266
07/01/2008,SCK,CA,AWP,WE,Towers with Radar,0,3,87,0,90,0,0,133,1,134,0,3,220,1,224,112,0,112,336
07/02/2008,SCK,CA,AWP,WE,Towers with Radar,2,2,56,0,60,0,1,99,3,103,2,3,155,3,163,96,0,96,259
07/03/2008,SCK,CA,AWP,WE,Towers with Radar,0,3,42,0,45,0,1,104,0,105,0,4,146,0,150,80,0,80,230
07/04/2008,SCK,CA,AWP,WE,Towers with Radar,2,1,7,0,10,0,1,33,0,34,2,2,40,0,44,86,0,86,130
07/05/2008,SCK,CA,AWP,WE,Towers with Radar,0,4,22,0,26,0,0,65,1,66,0,4,87,1,92,34,0,34,126
07/06/2008,SCK,CA,AWP,WE,Towers with Radar,2,4,59,0,65,0,0,53,0,53,2,4,112,0,118,12,0,12,130
07/07/2008,SCK,CA,AWP,WE,Towers with Radar,3,3,31,0,37,59,0,0,2,61,62,3,31,2,98,20,12,32,130
07/08/2008,SCK,CA,AWP,WE,Towers with Radar,0,4,63,0,67,0,0,68,0,68,0,4,131,0,135,10,0,10,145
07/09/2008,SCK,CA,AWP,WE,Towers with Radar,2,5,40,8,55,0,1,62,0,63,2,6,102,8,118,4,0,4,122
07/10/2008,SCK,CA,AWP,WE,Towers with Radar,0,1,68,4,73,0,0,31,4,35,0,1,99,8,108,22,8,30,138
07/11/2008,SCK,CA,AWP,WE,Towers with Radar,2,0,71,0,73,0,0,66,5,71,2,0,137,5,144,10,0,10,154
07/12/2008,SCK,CA,AWP,WE,Towers with Radar,2,0,59,0,61,0,0,69,0,69,2,0,128,0,130,28,0,28,158
07/13/2008,SCK,CA,AWP,WE,Towers with Radar,2,1,36,0,39,0,0,54,0,54,2,1,90,0,93,4,0,4,97
07/14/2008,SCK,CA,AWP,WE,Towers with Radar,2,6,47,4,59,0,0,85,2,87,2,6,132,6,146,12,0,12,158
07/15/2008,SCK,CA,AWP,WE,Towers with Radar,0,0,88,12,100,0,0,121,0,121,0,0,209,12,221,70,0,70,291
07/16/2008,SCK,CA,AWP,WE,Towers with Radar,2,4,76,0,82,0,0,84,0,84,2,4,160,0,166,110,0,110,276
07/17/2008,SCK,CA,AWP,WE,Towers with Radar,0,4,94,10,108,0,0,114,8,122,0,4,208,18,230,58,10,68,298
07/18/2008,SCK,CA,AWP,WE,Towers with Radar,2,4,71,0,77,0,0,135,1,136,2,4,206,1,213,124,0,124,337
07/19/2008,SCK,CA,AWP,WE,Towers with Radar,0,1,45,0,46,0,0,56,0,56,0,1,101,0,102,32,0,32,134
07/20/2008,SCK,CA,AWP,WE,Towers with Radar,2,3,43,0,48,0,0,65,1,66,2,3,108,1,114,18,4,22,136
07/21/2008,SCK,CA,AWP,WE,Towers with Radar,3,5,59,0,67,0,83,0,1,84,3,88,59,1,151,40,0,40,191
07/22/2008,SCK,CA,AWP,WE,Towers with Radar,0,1,55,2,58,0,0,72,0,72,0,1,127,2,130,62,6,68,198
07/23/2008,SCK,CA,AWP,WE,Towers with Radar,2,0,52,0,54,0,0,78,2,80,2,0,130,2,134,104,0,104,238
07/24/2008,SCK,CA,AWP,WE,Towers with Radar,0,0,66,2,68,0,0,105,4,109,0,0,171,6,177,88,0,88,265
07/25/2008,SCK,CA,AWP,WE,Towers with Radar,2,0,52,0,54,0,0,59,3,62,2,0,111,3,116,20,0,20,136
07/26/2008,SCK,CA,AWP,WE,Towers with Radar,2,0,45,0,47,0,0,58,0,58,2,0,103,0,105,6,0,6,111
07/27/2008,SCK,CA,AWP,WE,Towers with Radar,1,0,41,0,42,0,0,56,0,56,1,0,97,0,98,12,0,12,110
07/28/2008,SCK,CA,AWP,WE,Towers with Radar,2,1,63,8,74,0,0,83,2,85,2,1,146,10,159,88,0,88,247
07/29/2008,SCK,CA,AWP,WE,Towers with Radar,0,2,64,6,72,0,0,81,1,82,0,2,145,7,154,52,0,52,206
07/30/2008,SCK,CA,AWP,WE,Towers with Radar,2,0,53,0,55,0,0,79,0,79,2,0,132,0,134,64,0,64,198
07/31/2008,SCK,CA,AWP,WE,Towers with Radar,0,2,56,2,60,0,0,137,0,137,0,2,193,2,197,28,0,28,225
08/01/2008,SCK,CA,AWP,WE,Towers with Radar,2,1,45,3,51,0,0,102,2,104,2,1,147,5,155,51,8,59,214
08/02/2008,SCK,CA,AWP,WE,Towers with Radar,0,5,19,0,24,0,0,75,0,75,0,5,94,0,99,36,0,36,135
08/03/2008,SCK,CA,AWP,WE,Towers with Radar,2,0,24,0,26,0,0,48,0,48,2,0,72,0,74,22,0,22,96
08/04/2008,SCK,CA,AWP,WE,Towers with Radar,2,0,37,0,39,0,0,76,0,76,2,0,113,0,115,30,0,30,145
08/05/2008,SCK,CA,AWP,WE,Towers with Radar,0,0,52,0,52,0,0,76,0,76,0,0,128,0,128,30,0,30,158
08/06/2008,SCK,CA,AWP,WE,Towers with Radar,2,6,41,1,50,0,0,87,11,98,2,6,128,12,148,52,6,58,206
08/07/2008,SCK,CA,AWP,WE,Towers with Radar,0,1,52,0,53,0,0,111,3,114,0,1,163,3,167,46,6,52,219
08/08/2008,SCK,CA,AWP,WE,Towers with Radar,2,1,65,0,68,0,1,87,0,88,2,2,152,0,156,90,0,90,246
08/09/2008,SCK,CA,AWP,WE,Towers with Radar,0,0,37,0,37,0,0,72,0,72,0,0,109,0,109,38,0,38,147
08/10/2008,SCK,CA,AWP,WE,Towers with Radar,2,2,25,0,29,0,0,57,0,57,2,2,82,0,86,26,0,26,112
08/11/2008,SCK,CA,AWP,WE,Towers with Radar,2,2,39,5,48,0,0,80,0,80,2,2,119,5,128,68,0,68,196
08/12/2008,SCK,CA,AWP,WE,Towers with Radar,0,2,42,1,45,0,0,67,4,71,0,2,109,5,116,160,0,160,276
08/13/2008,SCK,CA,AWP,WE,Towers with Radar,2,3,44,0,49,0,0,119,0,119,2,3,163,0,168,64,0,64,232
08/14/2008,SCK,CA,AWP,WE,Towers with Radar,0,2,33,0,35,0,0,83,0,83,0,2,116,0,118,42,0,42,160
08/15/2008,SCK,CA,AWP,WE,Towers with Radar,2,7,31,0,40,0,1,66,0,67,2,8,97,0,107,90,0,90,197
08/16/2008,SCK,CA,AWP,WE,Towers with Radar,0,0,44,8,52,0,0,77,0,77,0,0,121,8,129,16,0,16,145
08/17/2008,SCK,CA,AWP,WE,Towers with Radar,2,4,37,0,43,0,0,55,1,56,2,4,92,1,99,18,0,18,117
08/18/2008,SCK,CA,AWP,WE,Towers with Radar,2,5,28,0,35,0,0,78,1,79,2,5,106,1,114,28,0,28,142
08/19/2008,SCK,CA,AWP,WE,Towers with Radar,0,1,48,12,61,0,0,70,3,73,0,1,118,15,134,68,2,70,204
08/20/2008,SCK,CA,AWP,WE,Towers with Radar,2,4,55,0,61,0,0,74,0,74,2,4,129,0,135,114,0,114,249
08/21/2008,SCK,CA,AWP,WE,Towers with Radar,0,4,65,6,75,0,0,99,3,102,0,4,164,9,177,86,0,86,263
08/22/2008,SCK,CA,AWP,WE,Towers with Radar,2,2,47,0,51,0,0,109,0,109,2,2,156,0,160,52,0,52,212
08/23/2008,SCK,CA,AWP,WE,Towers with Radar,0,0,53,2,55,0,0,54,0,54,0,0,107,2,109,50,0,50,159
08/24/2008,SCK,CA,AWP,WE,Towers with Radar,2,1,41,0,44,0,0,66,0,66,2,1,107,0,110,34,0,34,144
08/25/2008,SCK,CA,AWP,WE,Towers with Radar,0,5,51,4,60,0,5,85,7,97,0,10,136,11,157,38,4,42,199
08/26/2008,SCK,CA,AWP,WE,Towers with Radar,2,2,72,6,82,0,0,71,2,73,2,2,143,8,155,80,0,80,235
08/27/2008,SCK,CA,AWP,WE,Towers with Radar,2,0,68,2,72,0,0,101,0,101,2,0,169,2,173,92,10,102,275
08/28/2008,SCK,CA,AWP,WE,Towers with Radar,0,0,71,3,74,0,0,100,6,106,0,0,171,9,180,82,0,82,262
08/29/2008,SCK,CA,AWP,WE,Towers with Radar,4,3,43,0,50,0,4,72,0,76,4,7,115,0,126,24,0,24,150
08/30/2008,SCK,CA,AWP,WE,Towers with Radar,2,0,56,0,58,0,0,64,0,64,2,0,120,0,122,12,0,12,134
08/31/2008,SCK,CA,AWP,WE,Towers with Radar,3,0,22,0,25,0,2,45,0,47,3,2,67,0,72,8,0,8,80
09/01/2008,SCK,CA,AWP,WE,Towers with Radar,0,1,19,0,20,0,0,37,0,37,0,1,56,0,57,4,0,4,61
09/02/2008,SCK,CA,AWP,WE,Towers with Radar,0,1,35,5,41,0,0,65,2,67,0,1,100,7,108,52,0,52,160
09/03/2008,SCK,CA,AWP,WE,Towers with Radar,2,1,47,0,50,0,0,77,2,79,2,1,124,2,129,34,0,34,163
09/04/2008,SCK,CA,AWP,WE,Towers with Radar,0,4,37,11,52,0,0,72,6,78,0,4,109,17,130,12,0,12,142
09/05/2008,SCK,CA,AWP,WE,Towers with Radar,2,4,55,8,69,0,2,116,7,125,2,6,171,15,194,104,4,108,302
09/06/2008,SCK,CA,AWP,WE,Towers with Radar,0,1,47,0,48,0,0,82,2,84,0,1,129,2,132,28,0,28,160
09/07/2008,SCK,CA,AWP,WE,Towers with Radar,2,2,32,0,36,0,0,52,1,53,2,2,84,1,89,26,0,26,115
09/08/2008,SCK,CA,AWP,WE,Towers with Radar,0,0,60,0,60,0,0,88,5,93,0,0,148,5,153,102,0,102,255
09/09/2008,SCK,CA,AWP,WE,Towers with Radar,0,1,49,12,62,0,2,82,0,84,0,3,131,12,146,66,0,66,212
09/10/2008,SCK,CA,AWP,WE,Towers with Radar,2,0,71,2,75,0,0,90,4,94,2,0,161,6,169,98,0,98,267
09/11/2008,SCK,CA,AWP,WE,Towers with Radar,0,4,62,0,66,0,0,91,4,95,0,4,153,4,161,102,0,102,263
09/12/2008,SCK,CA,AWP,WE,Towers with Radar,2,2,76,0,80,0,0,79,0,79,2,2,155,0,159,66,0,66,225
09/13/2008,SCK,CA,AWP,WE,Towers with Radar,0,0,42,0,42,0,0,60,0,60,0,0,102,0,102,16,0,16,118
09/14/2008,SCK,CA,AWP,WE,Towers with Radar,2,0,43,0,45,0,0,54,0,54,2,0,97,0,99,38,0,38,137
09/15/2008,SCK,CA,AWP,WE,Towers with Radar,0,2,41,1,44,0,0,54,3,57,0,2,95,4,101,72,0,72,173
09/16/2008,SCK,CA,AWP,WE,Towers with Radar,0,0,35,7,42,0,0,69,1,70,0,0,104,8,112,46,10,56,168
09/17/2008,SCK,CA,AWP,WE,Towers with Radar,3,4,45,2,54,0,0,67,0,67,3,4,112,2,121,58,0,58,179
09/18/2008,SCK,CA,AWP,WE,Towers with Radar,0,0,40,12,52,0,0,75,2,77,0,0,115,14,129,20,0,20,149
09/19/2008,SCK,CA,AWP,WE,Towers with Radar,2,2,61,0,65,0,0,75,0,75,2,2,136,0,140,58,0,58,198
09/20/2008,SCK,CA,AWP,WE,Towers with Radar,0,0,62,0,62,0,0,63,0,63,0,0,125,0,125,22,0,22,147
09/21/2008,SCK,CA,AWP,WE,Towers with Radar,2,2,33,0,37,0,0,65,0,65,2,2,98,0,102,36,0,36,138
09/22/2008,SCK,CA,AWP,WE,Towers with Radar,0,1,52,7,60,0,1,81,2,84,0,2,133,9,144,82,0,82,226
09/23/2008,SCK,CA,AWP,WE,Towers with Radar,0,5,64,8,77,0,0,87,1,88,0,5,151,9,165,79,0,79,244
09/24/2008,SCK,CA,AWP,WE,Towers with Radar,2,2,58,0,62,0,0,78,0,78,2,2,136,0,140,14,0,14,154
09/25/2008,SCK,CA,AWP,WE,Towers with Radar,0,0,50,0,50,0,0,87,3,90,0,0,137,3,140,32,0,32,172
09/26/2008,SCK,CA,AWP,WE,Towers with Radar,2,1,42,8,53,0,0,92,5,97,2,1,134,13,150,68,4,72,222
09/27/2008,SCK,CA,AWP,WE,Towers with Radar,0,0,43,0,43,0,0,76,0,76,0,0,119,0,119,30,0,30,149
09/28/2008,SCK,CA,AWP,WE,Towers with Radar,2,1,32,0,35,0,0,58,0,58,2,1,90,0,93,16,0,16,109
09/29/2008,SCK,CA,AWP,WE,Towers with Radar,0,0,54,0,54,0,0,80,2,82,0,0,134,2,136,94,0,94,230
09/30/2008,SCK,CA,AWP,WE,Towers with Radar,0,1,64,4,69,0,0,92,0,92,0,1,156,4,161,36,0,36,197
10/01/2008,SCK,CA,AWP,WE,Towers with Radar,2,1,78,0,81,0,0,121,0,121,2,1,199,0,202,70,0,70,272
10/02/2008,SCK,CA,AWP,WE,Towers with Radar,0,4,90,5,99,0,1,115,3,119,0,5,205,8,218,84,4,88,306
10/03/2008,SCK,CA,AWP,WE,Towers with Radar,2,2,52,0,56,0,0,76,0,76,2,2,128,0,132,20,2,22,154
10/04/2008,SCK,CA,AWP,WE,Towers with Radar,0,0,56,0,56,0,0,30,0,30,0,0,86,0,86,28,0,28,114
10/05/2008,SCK,CA,AWP,WE,Towers with Radar,2,2,51,0,55,0,0,64,0,64,2,2,115,0,119,28,0,28,147
10/06/2008,SCK,CA,AWP,WE,Towers with Radar,0,2,65,10,77,0,1,96,1,98,0,3,161,11,175,38,10,48,223
10/07/2008,SCK,CA,AWP,WE,Towers with Radar,0,9,57,6,72,0,5,47,0,52,0,14,104,6,124,16,4,20,144
10/08/2008,SCK,CA,AWP,WE,Towers with Radar,2,1,61,20,84,0,0,80,5,85,2,1,141,25,169,44,0,44,213
10/09/2008,SCK,CA,AWP,WE,Towers with Radar,0,0,32,0,32,0,0,59,1,60,0,0,91,1,92,20,0,20,112
10/10/2008,SCK,CA,AWP,WE,Towers with Radar,2,5,42,0,49,0,0,49,0,49,2,5,91,0,98,52,0,52,150
10/11/2008,SCK,CA,AWP,WE,Towers with Radar,0,2,33,0,35,0,0,41,0,41,0,2,74,0,76,18,0,18,94
10/12/2008,SCK,CA,AWP,WE,Towers with Radar,4,2,30,0,36,0,0,61,0,61,4,2,91,0,97,20,0,20,117
10/13/2008,SCK,CA,AWP,WE,Towers with Radar,0,0,35,0,35,0,0,81,0,81,0,0,116,0,116,72,0,72,188
10/14/2008,SCK,CA,AWP,WE,Towers with Radar,0,1,77,2,80,0,0,110,0,110,0,1,187,2,190,30,0,30,220
10/15/2008,SCK,CA,AWP,WE,Towers with Radar,2,0,65,0,67,0,0,67,0,67,2,0,132,0,134,14,0,14,148
10/16/2008,SCK,CA,AWP,WE,Towers with Radar,0,3,31,0,34,0,0,81,0,81,0,3,112,0,115,56,0,56,171
10/17/2008,SCK,CA,AWP,WE,Towers with Radar,2,0,67,10,79,0,0,116,2,118,2,0,183,12,197,26,0,26,223
10/18/2008,SCK,CA,AWP,WE,Towers with Radar,0,1,47,0,48,0,0,68,0,68,0,1,115,0,116,66,0,66,182
10/19/2008,SCK,CA,AWP,WE,Towers with Radar,2,3,55,0,60,0,0,62,0,62,2,3,117,0,122,26,0,26,148
10/20/2008,SCK,CA,AWP,WE,Towers with Radar,0,2,71,0,73,0,1,90,0,91,0,3,161,0,164,74,0,74,238
10/21/2008,SCK,CA,AWP,WE,Towers with Radar,0,0,74,0,74,0,0,91,1,92,0,0,165,1,166,30,0,30,196
10/22/2008,SCK,CA,AWP,WE,Towers with Radar,2,2,52,1,57,0,0,63,6,69,2,2,115,7,126,78,4,82,208
10/23/2008,SCK,CA,AWP,WE,Towers with Radar,0,1,40,0,41,0,0,70,3,73,0,1,110,3,114,38,0,38,152
10/24/2008,SCK,CA,AWP,WE,Towers with Radar,2,5,72,0,79,0,0,100,1,101,2,5,172,1,180,30,0,30,210
10/25/2008,SCK,CA,AWP,WE,Towers with Radar,0,1,50,2,53,0,0,62,0,62,0,1,112,2,115,6,0,6,121
10/26/2008,SCK,CA,AWP,WE,Towers with Radar,2,2,30,0,34,0,0,47,0,47,2,2,77,0,81,48,0,48,129
10/27/2008,SCK,CA,AWP,WE,Towers with Radar,0,2,40,4,46,0,0,62,0,62,0,2,102,4,108,30,0,30,138
10/28/2008,SCK,CA,AWP,WE,Towers with Radar,0,0,37,12,49,0,0,73,4,77,0,0,110,16,126,70,6,76,202
10/29/2008,SCK,CA,AWP,WE,Towers with Radar,2,0,59,0,61,0,1,88,2,91,2,1,147,2,152,50,0,50,202
10/30/2008,SCK,CA,AWP,WE,Towers with Radar,0,0,54,0,54,0,0,60,6,66,0,0,114,6,120,30,14,44,164
10/31/2008,SCK,CA,AWP,WE,Towers with Radar,2,0,49,0,51,0,0,40,1,41,2,0,89,1,92,10,0,10,102
11/01/2008,SCK,CA,AWP,WE,Towers with Radar,0,0,9,0,9,0,0,12,0,12,0,0,21,0,21,0,0,0,21
11/02/2008,SCK,CA,AWP,WE,Towers with Radar,0,3,65,0,68,0,0,20,0,20,0,3,85,0,88,2,0,2,90
11/03/2008,SCK,CA,AWP,WE,Towers with Radar,0,0,40,4,44,0,0,30,2,32,0,0,70,6,76,18,0,18,94
11/04/2008,SCK,CA,AWP,WE,Towers with Radar,0,4,43,0,47,0,0,82,6,88,0,4,125,6,135,28,2,30,165
11/05/2008,SCK,CA,AWP,WE,Towers with Radar,2,0,64,4,70,0,0,93,3,96,2,0,157,7,166,50,8,58,224
11/06/2008,SCK,CA,AWP,WE,Towers with Radar,0,0,58,0,58,0,0,97,0,97,0,0,155,0,155,72,0,72,227
11/07/2008,SCK,CA,AWP,WE,Towers with Radar,0,3,66,0,69,0,0,83,1,84,0,3,149,1,153,36,0,36,189
11/08/2008,SCK,CA,AWP,WE,Towers with Radar,0,0,27,0,27,0,0,31,3,34,0,0,58,3,61,10,2,12,73
11/09/2008,SCK,CA,AWP,WE,Towers with Radar,1,1,54,1,57,0,0,71,0,71,1,1,125,1,128,16,0,16,144
11/10/2008,SCK,CA,AWP,WE,Towers with Radar,0,0,84,4,88,0,0,100,0,100,0,0,184,4,188,44,0,44,232
11/11/2008,SCK,CA,AWP,WE,Towers with Radar,0,2,87,0,89,0,0,60,0,60,0,2,147,0,149,80,0,80,229
11/12/2008,SCK,CA,AWP,WE,Towers with Radar,2,0,48,0,50,0,0,63,2,65,2,0,111,2,115,18,6,24,139
11/13/2008,SCK,CA,AWP,WE,Towers with Radar,0,0,64,4,68,0,0,61,10,71,0,0,125,14,139,40,12,52,191
11/14/2008,SCK,CA,AWP,WE,Towers with Radar,2,4,63,4,73,0,1,102,6,109,2,5,165,10,182,20,4,24,206
11/15/2008,SCK,CA,AWP,WE,Towers with Radar,0,0,50,0,50,0,0,69,0,69,0,0,119,0,119,34,0,34,153
11/16/2008,SCK,CA,AWP,WE,Towers with Radar,2,2,55,0,59,0,0,52,0,52,2,2,107,0,111,2,0,2,113
11/17/2008,SCK,CA,AWP,WE,Towers with Radar,0,5,61,2,68,0,1,50,0,51,0,6,111,2,119,38,0,38,157
11/18/2008,SCK,CA,AWP,WE,Towers with Radar,0,0,59,0,59,0,0,67,1,68,0,0,126,1,127,56,0,56,183
11/19/2008,SCK,CA,AWP,WE,Towers with Radar,2,0,93,4,99,0,0,98,0,98,2,0,191,4,197,14,0,14,211
11/20/2008,SCK,CA,AWP,WE,Towers with Radar,0,0,63,1,64,0,0,81,0,81,0,0,144,1,145,82,0,82,227
11/21/2008,SCK,CA,AWP,WE,Towers with Radar,2,0,87,3,92,0,0,110,1,111,2,0,197,4,203,52,26,78,281
11/22/2008,SCK,CA,AWP,WE,Towers with Radar,0,0,59,0,59,0,0,45,0,45,0,0,104,0,104,16,0,16,120
11/23/2008,SCK,CA,AWP,WE,Towers with Radar,2,0,75,0,77,0,0,50,0,50,2,0,125,0,127,26,0,26,153
11/24/2008,SCK,CA,AWP,WE,Towers with Radar,0,2,58,4,64,0,0,44,0,44,0,2,102,4,108,42,0,42,150
11/25/2008,SCK,CA,AWP,WE,Towers with Radar,2,0,76,5,83,0,0,68,4,72,2,0,144,9,155,22,0,22,177
11/26/2008,SCK,CA,AWP,WE,Towers with Radar,2,1,61,0,64,0,0,0,0,0,2,1,61,0,64,0,0,0,64
11/27/2008,SCK,CA,AWP,WE,Towers with Radar,0,0,15,0,15,0,0,1,0,1,0,0,16,0,16,0,0,0,16
11/28/2008,SCK,CA,AWP,WE,Towers with Radar,2,0,64,0,66,0,0,3,0,3,2,0,67,0,69,4,0,4,73
11/29/2008,SCK,CA,AWP,WE,Towers with Radar,2,0,30,0,32,0,0,22,0,22,2,0,52,0,54,2,0,2,56
11/30/2008,SCK,CA,AWP,WE,Towers with Radar,0,2,61,0,63,0,0,27,0,27,0,2,88,0,90,16,0,16,106
12/01/2008,SCK,CA,AWP,WE,Towers with Radar,0,0,22,0,22,0,0,0,0,0,0,0,22,0,22,0,0,0,22
12/02/2008,SCK,CA,AWP,WE,Towers with Radar,2,0,114,0,116,0,0,0,0,0,2,0,114,0,116,2,0,2,118
12/03/2008,SCK,CA,AWP,WE,Towers with Radar,2,1,110,0,113,0,0,10,13,23,2,1,120,13,136,52,10,62,198
12/04/2008,SCK,CA,AWP,WE,Towers with Radar,0,1,91,12,104,0,0,50,7,57,0,1,141,19,161,50,8,58,219
12/05/2008,SCK,CA,AWP,WE,Towers with Radar,1,3,96,0,100,0,0,39,0,39,1,3,135,0,139,10,0,10,149
12/06/2008,SCK,CA,AWP,WE,Towers with Radar,0,1,106,0,107,0,0,0,0,0,0,1,106,0,107,0,0,0,107
12/07/2008,SCK,CA,AWP,WE,Towers with Radar,2,1,37,0,40,0,0,3,0,3,2,1,40,0,43,8,0,8,51
12/08/2008,SCK,CA,AWP,WE,Towers with Radar,0,1,58,0,59,0,0,1,0,1,0,1,59,0,60,12,0,12,72
12/09/2008,SCK,CA,AWP,WE,Towers with Radar,0,3,68,2,73,0,16,36,0,52,0,19,104,2,125,12,0,12,137
12/10/2008,SCK,CA,AWP,WE,Towers with Radar,2,2,42,0,46,0,0,79,5,84,2,2,121,5,130,70,20,90,220
12/11/2008,SCK,CA,AWP,WE,Towers with Radar,0,1,44,0,45,0,0,11,0,11,0,1,55,0,56,0,0,0,56
12/12/2008,SCK,CA,AWP,WE,Towers with Radar,1,3,48,0,52,0,0,23,1,24,1,3,71,1,76,10,0,10,86
12/13/2008,SCK,CA,AWP,WE,Towers with Radar,0,0,48,0,48,0,0,40,0,40,0,0,88,0,88,40,0,40,128
12/14/2008,SCK,CA,AWP,WE,Towers with Radar,2,2,8,0,12,0,0,6,0,6,2,2,14,0,18,4,0,4,22
12/15/2008,SCK,CA,AWP,WE,Towers with Radar,0,2,37,7,46,0,0,13,1,14,0,2,50,8,60,0,0,0,60
12/16/2008,SCK,CA,AWP,WE,Towers with Radar,0,0,19,0,19,0,2,20,2,24,0,2,39,2,43,2,10,12,55
12/17/2008,SCK,CA,AWP,WE,Towers with Radar,0,6,88,2,96,0,0,114,6,120,0,6,202,8,216,80,4,84,300
12/18/2008,SCK,CA,AWP,WE,Towers with Radar,2,0,40,12,54,0,0,59,0,59,2,0,99,12,113,58,0,58,171
12/19/2008,SCK,CA,AWP,WE,Towers with Radar,2,0,38,2,42,0,0,21,0,21,2,0,59,2,63,18,0,18,81
12/20/2008,SCK,CA,AWP,WE,Towers with Radar,2,0,64,0,66,0,0,19,0,19,2,0,83,0,85,28,0,28,113
12/21/2008,SCK,CA,AWP,WE,Towers with Radar,2,0,27,0,29,0,0,11,0,11,2,0,38,0,40,8,0,8,48
12/22/2008,SCK,CA,AWP,WE,Towers with Radar,0,3,24,0,27,0,0,39,0,39,0,3,63,0,66,76,0,76,142
12/23/2008,SCK,CA,AWP,WE,Towers with Radar,2,1,45,0,48,0,0,60,0,60,2,1,105,0,108,22,0,22,130
12/24/2008,SCK,CA,AWP,WE,Towers with Radar,2,0,18,5,25,0,0,13,0,13,2,0,31,5,38,0,0,0,38
12/25/2008,SCK,CA,AWP,WE,Towers with Radar,0,3,4,0,7,0,0,3,0,3,0,3,7,0,10,6,0,6,16
12/26/2008,SCK,CA,AWP,WE,Towers with Radar,2,0,43,0,45,0,0,91,0,91,2,0,134,0,136,18,0,18,154
12/27/2008,SCK,CA,AWP,WE,Towers with Radar,2,2,48,0,52,0,0,46,0,46,2,2,94,0,98,6,0,6,104
12/28/2008,SCK,CA,AWP,WE,Towers with Radar,2,3,34,2,41,0,1,37,0,38,2,4,71,2,79,52,0,52,131
12/29/2008,SCK,CA,AWP,WE,Towers with Radar,0,3,46,4,53,0,1,75,0,76,0,4,121,4,129,92,0,92,221
12/30/2008,SCK,CA,AWP,WE,Towers with Radar,2,4,36,2,44,0,0,0,0,0,2,4,36,2,44,0,0,0,44
12/31/2008,SCK,CA,AWP,WE,Towers with Radar,2,0,24,0,26,0,0,0,0,0,2,0,24,0,26,0,0,0,26
01/01/2009,SCK,CA,AWP,WE,Towers with Radar,0,0,45,0,45,0,0,1,0,1,0,0,46,0,46,0,0,0,46
01/02/2009,SCK,CA,AWP,WE,Towers with Radar,4,2,31,0,37,0,0,0,0,0,4,2,31,0,37,0,0,0,37
01/03/2009,SCK,CA,AWP,WE,Towers with Radar,2,4,37,0,43,0,0,59,2,61,2,4,96,2,104,26,0,26,130
01/04/2009,SCK,CA,AWP,WE,Towers with Radar,2,1,49,0,52,0,0,74,0,74,2,1,123,0,126,16,0,16,142
01/05/2009,SCK,CA,AWP,WE,Towers with Radar,0,0,18,4,22,0,0,7,0,7,0,0,25,4,29,2,0,2,31
01/06/2009,SCK,CA,AWP,WE,Towers with Radar,0,2,71,0,73,0,0,17,1,18,0,2,88,1,91,54,0,54,145
01/07/2009,SCK,CA,AWP,WE,Towers with Radar,2,0,45,0,47,0,0,3,0,3,2,0,48,0,50,0,0,0,50
01/08/2009,SCK,CA,AWP,WE,Towers with Radar,0,2,62,0,64,0,0,8,0,8,0,2,70,0,72,18,2,20,92
01/09/2009,SCK,CA,AWP,WE,Towers with Radar,2,4,48,0,54,0,1,89,0,90,2,5,137,0,144,32,0,32,176
01/10/2009,SCK,CA,AWP,WE,Towers with Radar,0,1,49,0,50,0,1,74,0,75,0,2,123,0,125,22,0,22,147
01/11/2009,SCK,CA,AWP,WE,Towers with Radar,2,0,43,0,45,0,1,49,3,53,2,1,92,3,98,18,0,18,116
01/12/2009,SCK,CA,AWP,WE,Towers with Radar,0,8,72,4,84,0,0,83,0,83,0,8,155,4,167,74,0,74,241
01/13/2009,SCK,CA,AWP,WE,Towers with Radar,0,0,63,2,65,0,0,69,5,74,0,0,132,7,139,80,0,80,219
01/14/2009,SCK,CA,AWP,WE,Towers with Radar,2,0,69,0,71,0,0,90,1,91,2,0,159,1,162,136,6,142,304
01/15/2009,SCK,CA,AWP,WE,Towers with Radar,0,1,48,3,52,0,3,62,1,66,0,4,110,4,118,12,0,12,130
01/16/2009,SCK,CA,AWP,WE,Towers with Radar,2,2,64,0,68,0,0,90,0,90,2,2,154,0,158,50,0,50,208
01/17/2009,SCK,CA,AWP,WE,Towers with Radar,0,1,45,0,46,0,0,69,0,69,0,1,114,0,115,54,0,54,169
01/18/2009,SCK,CA,AWP,WE,Towers with Radar,4,0,47,0,51,0,0,68,0,68,4,0,115,0,119,10,0,10,129
01/19/2009,SCK,CA,AWP,WE,Towers with Radar,0,5,54,0,59,0,0,78,0,78,0,5,132,0,137,38,0,38,175
01/20/2009,SCK,CA,AWP,WE,Towers with Radar,0,4,50,2,56,0,0,79,3,82,0,4,129,5,138,88,2,90,228
01/21/2009,SCK,CA,AWP,WE,Towers with Radar,2,0,59,0,61,0,0,48,12,60,2,0,107,12,121,28,14,42,163
01/22/2009,SCK,CA,AWP,WE,Towers with Radar,2,0,45,4,51,0,0,0,0,0,2,0,45,4,51,0,4,4,55
01/23/2009,SCK,CA,AWP,WE,Towers with Radar,0,1,51,5,57,0,0,0,0,0,0,1,51,5,57,0,0,0,57
01/24/2009,SCK,CA,AWP,WE,Towers with Radar,0,1,68,0,69,0,0,17,0,17,0,1,85,0,86,24,0,24,110
01/25/2009,SCK,CA,AWP,WE,Towers with Radar,1,0,26,0,27,0,0,24,0,24,1,0,50,0,51,50,0,50,101
01/26/2009,SCK,CA,AWP,WE,Towers with Radar,0,0,27,6,33,0,0,59,0,59,0,0,86,6,92,44,0,44,136
01/27/2009,SCK,CA,AWP,WE,Towers with Radar,0,3,70,17,90,0,0,86,4,90,0,3,156,21,180,54,0,54,234
01/28/2009,SCK,CA,AWP,WE,Towers with Radar,2,1,45,0,48,0,0,68,0,68,2,1,113,0,116,36,0,36,152
01/29/2009,SCK,CA,AWP,WE,Towers with Radar,0,0,44,5,49,0,0,60,0,60,0,0,104,5,109,42,0,42,151
01/30/2009,SCK,CA,AWP,WE,Towers with Radar,1,8,55,0,64,0,0,79,1,80,1,8,134,1,144,12,0,12,156
01/31/2009,SCK,CA,AWP,WE,Towers with Radar,0,0,71,0,71,0,0,72,0,72,0,0,143,0,143,64,0,64,207
02/01/2009,SCK,CA,AWP,WE,Towers with Radar,2,0,36,0,38,0,2,62,0,64,2,2,98,0,102,6,0,6,108
02/02/2009,SCK,CA,AWP,WE,Towers with Radar,0,2,32,4,38,0,11,37,0,48,0,13,69,4,86,10,0,10,96
02/03/2009,SCK,CA,AWP,WE,Towers with Radar,0,0,60,2,62,0,0,43,4,47,0,0,103,6,109,20,0,20,129
02/04/2009,SCK,CA,AWP,WE,Towers with Radar,2,3,51,4,60,0,0,68,6,74,2,3,119,10,134,80,2,82,216
02/05/2009,SCK,CA,AWP,WE,Towers with Radar,0,0,35,4,39,0,0,14,0,14,0,0,49,4,53,2,0,2,55
02/06/2009,SCK,CA,AWP,WE,Towers with Radar,1,2,20,4,27,0,0,7,2,9,1,2,27,6,36,22,0,22,58
02/07/2009,SCK,CA,AWP,WE,Towers with Radar,0,0,78,0,78,0,2,41,0,43,0,2,119,0,121,36,0,36,157
02/08/2009,SCK,CA,AWP,WE,Towers with Radar,1,1,47,0,49,0,0,14,2,16,1,1,61,2,65,18,0,18,83
02/09/2009,SCK,CA,AWP,WE,Towers with Radar,0,0,47,6,53,0,0,51,1,52,0,0,98,7,105,48,8,56,161
02/10/2009,SCK,CA,AWP,WE,Towers with Radar,0,3,58,8,69,0,0,79,9,88,0,3,137,17,157,66,6,72,229
02/11/2009,SCK,CA,AWP,WE,Towers with Radar,2,2,27,0,31,0,0,22,0,22,2,2,49,0,53,4,0,4,57
02/12/2009,SCK,CA,AWP,WE,Towers with Radar,0,0,34,2,36,0,0,23,1,24,0,0,57,3,60,32,22,54,114
02/13/2009,SCK,CA,AWP,WE,Towers with Radar,0,1,40,0,41,0,1,18,6,25,0,2,58,6,66,6,12,18,84
02/14/2009,SCK,CA,AWP,WE,Towers with Radar,0,2,28,0,30,0,0,38,0,38,0,2,66,0,68,10,0,10,78
02/15/2009,SCK,CA,AWP,WE,Towers with Radar,2,2,7,0,11,0,0,0,0,0,2,2,7,0,11,0,0,0,11
02/16/2009,SCK,CA,AWP,WE,Towers with Radar,1,4,14,0,19,0,0,7,0,7,1,4,21,0,26,4,0,4,30
02/17/2009,SCK,CA,AWP,WE,Towers with Radar,0,1,15,0,16,0,0,1,0,1,0,1,16,0,17,0,0,0,17
02/18/2009,SCK,CA,AWP,WE,Towers with Radar,2,0,46,1,49,0,0,77,2,79,2,0,123,3,128,42,14,56,184
02/19/2009,SCK,CA,AWP,WE,Towers with Radar,0,0,44,8,52,0,2,61,0,63,0,2,105,8,115,42,0,42,157
02/20/2009,SCK,CA,AWP,WE,Towers with Radar,2,0,56,2,60,0,0,87,3,90,2,0,143,5,150,44,10,54,204
02/21/2009,SCK,CA,AWP,WE,Towers with Radar,0,2,43,0,45,0,0,53,0,53,0,2,96,0,98,8,0,8,106
02/22/2009,SCK,CA,AWP,WE,Towers with Radar,2,0,14,0,16,0,1,1,0,2,2,1,15,0,18,0,0,0,18
02/23/2009,SCK,CA,AWP,WE,Towers with Radar,2,2,31,3,38,0,0,15,4,19,2,2,46,7,57,2,0,2,59
02/24/2009,SCK,CA,AWP,WE,Towers with Radar,0,2,39,1,42,0,2,63,0,65,0,4,102,1,107,30,0,30,137
02/25/2009,SCK,CA,AWP,WE,Towers with Radar,2,1,61,0,64,0,0,79,6,85,2,1,140,6,149,44,8,52,201
02/26/2009,SCK,CA,AWP,WE,Towers with Radar,0,3,60,2,65,0,0,39,3,42,0,3,99,5,107,94,0,94,201
02/27/2009,SCK,CA,AWP,WE,Towers with Radar,2,4,90,2,98,0,2,126,1,129,2,6,216,3,227,76,6,82,309
02/28/2009,SCK,CA,AWP,WE,Towers with Radar,2,0,50,0,52,0,0,57,4,61,2,0,107,4,113,4,0,4,117
03/01/2009,SCK,CA,AWP,WE,Towers with Radar,2,0,11,0,13,0,0,2,0,2,2,0,13,0,15,0,0,0,15
03/02/2009,SCK,CA,AWP,WE,Towers with Radar,2,2,15,1,20,0,0,9,0,9,2,2,24,1,29,0,0,0,29
03/03/2009,SCK,CA,AWP,WE,Towers with Radar,2,0,26,0,28,0,1,13,6,20,2,1,39,6,48,24,0,24,72
03/04/2009,SCK,CA,AWP,WE,Towers with Radar,2,0,48,5,55,0,0,33,1,34,2,0,81,6,89,40,8,48,137
03/05/2009,SCK,CA,AWP,WE,Towers with Radar,0,2,68,5,75,0,1,85,2,88,0,3,153,7,163,64,4,68,231
03/06/2009,SCK,CA,AWP,WE,Towers with Radar,2,3,65,0,70,0,3,86,3,92,2,6,151,3,162,50,6,56,218
03/07/2009,SCK,CA,AWP,WE,Towers with Radar,0,0,73,0,73,0,0,82,0,82,0,0,155,0,155,52,0,52,207
03/08/2009,SCK,CA,AWP,WE,Towers with Radar,4,0,47,0,51,0,0,47,0,47,4,0,94,0,98,26,0,26,124
03/09/2009,SCK,CA,AWP,WE,Towers with Radar,2,0,64,4,70,0,0,97,0,97,2,0,161,4,167,71,0,71,238
03/10/2009,SCK,CA,AWP,WE,Towers with Radar,0,0,52,0,52,0,0,79,0,79,0,0,131,0,131,64,0,64,195
03/11/2009,SCK,CA,AWP,WE,Towers with Radar,2,0,61,0,63,0,0,102,0,102,2,0,163,0,165,64,0,64,229
03/12/2009,SCK,CA,AWP,WE,Towers with Radar,2,0,30,5,37,0,0,72,7,79,2,0,102,12,116,80,12,92,208
03/13/2009,SCK,CA,AWP,WE,Towers with Radar,2,0,73,0,75,0,2,99,3,104,2,2,172,3,179,102,0,102,281
03/14/2009,SCK,CA,AWP,WE,Towers with Radar,0,0,30,0,30,0,0,49,0,49,0,0,79,0,79,26,0,26,105
03/15/2009,SCK,CA,AWP,WE,Towers with Radar,2,0,44,0,46,0,0,0,0,0,2,0,44,0,46,8,0,8,54
03/16/2009,SCK,CA,AWP,WE,Towers with Radar,2,0,27,5,34,0,1,50,0,51,2,1,77,5,85,64,4,68,153
03/17/2009,SCK,CA,AWP,WE,Towers with Radar,2,1,59,0,62,0,0,80,7,87,2,1,139,7,149,116,12,128,277
03/18/2009,SCK,CA,AWP,WE,Towers with Radar,2,2,47,0,51,0,0,76,1,77,2,2,123,1,128,62,4,66,194
03/19/2009,SCK,CA,AWP,WE,Towers with Radar,0,1,67,0,68,0,2,92,2,96,0,3,159,2,164,54,0,54,218
03/20/2009,SCK,CA,AWP,WE,Towers with Radar,2,2,46,3,53,0,1,69,4,74,2,3,115,7,127,62,0,62,189
03/21/2009,SCK,CA,AWP,WE,Towers with Radar,0,0,34,0,34,0,1,9,0,10,0,1,43,0,44,18,0,18,62
03/22/2009,SCK,CA,AWP,WE,Towers with Radar,2,2,11,0,15,0,0,6,1,7,2,2,17,1,22,0,0,0,22
03/23/2009,SCK,CA,AWP,WE,Towers with Radar,2,1,28,0,31,0,0,42,0,42,2,1,70,0,73,48,0,48,121
03/24/2009,SCK,CA,AWP,WE,Towers with Radar,2,0,24,2,28,0,0,59,5,64,2,0,83,7,92,74,0,74,166
03/25/2009,SCK,CA,AWP,WE,Towers with Radar,2,2,36,1,41,0,0,59,1,60,2,2,95,2,101,52,8,60,161
03/26/2009,SCK,CA,AWP,WE,Towers with Radar,0,0,58,2,60,0,1,64,7,72,0,1,122,9,132,48,10,58,190
03/27/2009,SCK,CA,AWP,WE,Towers with Radar,1,0,57,0,58,0,0,101,4,105,1,0,158,4,163,60,0,60,223
03/28/2009,SCK,CA,AWP,WE,Towers with Radar,0,5,37,0,42,0,5,47,2,54,0,10,84,2,96,16,0,16,112
03/29/2009,SCK,CA,AWP,WE,Towers with Radar,2,0,34,0,36,0,0,20,0,20,2,0,54,0,56,0,0,0,56
03/30/2009,SCK,CA,AWP,WE,Towers with Radar,2,0,55,0,57,0,0,74,1,75,2,0,129,1,132,62,0,62,194
03/31/2009,SCK,CA,AWP,WE,Towers with Radar,2,0,51,4,57,0,0,85,4,89,2,0,136,8,146,54,0,54,200
04/01/2009,SCK,CA,AWP,WE,Towers with Radar,2,2,72,3,79,0,0,66,8,74,2,2,138,11,153,14,0,14,167
04/02/2009,SCK,CA,AWP,WE,Towers with Radar,0,0,51,1,52,0,0,70,6,76,0,0,121,7,128,44,2,46,174
04/03/2009,SCK,CA,AWP,WE,Towers with Radar,1,0,64,0,65,0,2,62,7,71,1,2,126,7,136,68,0,68,204
04/04/2009,SCK,CA,AWP,WE,Towers with Radar,0,0,57,0,57,0,0,153,1,154,0,0,210,1,211,26,0,26,237
04/05/2009,SCK,CA,AWP,WE,Towers with Radar,2,1,35,3,41,0,0,39,1,40,2,1,74,4,81,60,0,60,141
04/06/2009,SCK,CA,AWP,WE,Towers with Radar,0,0,60,0,60,0,1,66,0,67,0,1,126,0,127,66,0,66,193
04/07/2009,SCK,CA,AWP,WE,Towers with Radar,2,0,43,1,46,0,0,39,1,40,2,0,82,2,86,64,0,64,150
04/08/2009,SCK,CA,AWP,WE,Towers with Radar,2,0,78,7,87,0,0,48,2,50,2,0,126,9,137,98,0,98,235
04/09/2009,SCK,CA,AWP,WE,Towers with Radar,0,3,70,9,82,0,0,32,1,33,0,3,102,10,115,12,24,36,151
04/10/2009,SCK,CA,AWP,WE,Towers with Radar,1,1,89,0,91,0,3,32,3,38,1,4,121,3,129,65,14,79,208
04/11/2009,SCK,CA,AWP,WE,Towers with Radar,0,0,53,0,53,0,0,74,0,74,0,0,127,0,127,22,0,22,149
04/12/2009,SCK,CA,AWP,WE,Towers with Radar,2,0,25,0,27,0,0,40,0,40,2,0,65,0,67,10,0,10,77
04/13/2009,SCK,CA,AWP,WE,Towers with Radar,1,0,76,2,79,0,0,132,1,133,1,0,208,3,212,32,0,32,244
04/14/2009,SCK,CA,AWP,WE,Towers with Radar,2,0,30,0,32,0,0,37,6,43,2,0,67,6,75,12,0,12,87
04/15/2009,SCK,CA,AWP,WE,Towers with Radar,2,0,34,1,37,0,0,55,7,62,2,0,89,8,99,10,10,20,119
04/16/2009,SCK,CA,AWP,WE,Towers with Radar,0,6,67,0,73,0,0,71,2,73,0,6,138,2,146,34,6,40,186
04/17/2009,SCK,CA,AWP,WE,Towers with Radar,2,4,52,4,62,0,1,98,6,105,2,5,150,10,167,74,0,74,241
04/18/2009,SCK,CA,AWP,WE,Towers with Radar,0,0,41,0,41,0,0,78,0,78,0,0,119,0,119,62,1,63,182
04/19/2009,SCK,CA,AWP,WE,Towers with Radar,2,2,38,2,44,0,0,78,0,78,2,2,116,2,122,44,0,44,166
04/20/2009,SCK,CA,AWP,WE,Towers with Radar,4,0,64,0,68,2,0,71,7,80,6,0,135,7,148,32,7,39,187
04/21/2009,SCK,CA,AWP,WE,Towers with Radar,0,1,47,0,48,0,0,76,8,84,0,1,123,8,132,62,0,62,194
04/22/2009,SCK,CA,AWP,WE,Towers with Radar,2,0,47,4,53,0,0,91,20,111,2,0,138,24,164,24,6,30,194
04/23/2009,SCK,CA,AWP,WE,Towers with Radar,0,0,59,4,63,0,1,69,5,75,0,1,128,9,138,70,2,72,210
04/24/2009,SCK,CA,AWP,WE,Towers with Radar,1,1,69,0,71,0,0,65,3,68,1,1,134,3,139,46,0,46,185
04/25/2009,SCK,CA,AWP,WE,Towers with Radar,0,2,41,0,43,0,1,126,1,128,0,3,167,1,171,12,0,12,183
04/26/2009,SCK,CA,AWP,WE,Towers with Radar,2,0,68,0,70,0,2,72,0,74,2,2,140,0,144,10,0,10,154
04/27/2009,SCK,CA,AWP,WE,Towers with Radar,2,4,38,0,44,0,0,46,2,48,2,4,84,2,92,20,0,20,112
04/28/2009,SCK,CA,AWP,WE,Towers with Radar,0,0,49,4,53,0,0,60,12,72,0,0,109,16,125,60,12,72,197
04/29/2009,SCK,CA,AWP,WE,Towers with Radar,2,3,74,2,81,0,0,108,6,114,2,3,182,8,195,26,0,26,221
04/30/2009,SCK,CA,AWP,WE,Towers with Radar,0,3,82,4,89,0,1,92,6,99,0,4,174,10,188,100,0,100,288
05/01/2009,SCK,CA,AWP,WE,Towers with Radar,2,4,82,6,94,0,0,53,2,55,2,4,135,8,149,32,0,32,181
05/02/2009,SCK,CA,AWP,WE,Towers with Radar,0,1,59,0,60,0,0,31,1,32,0,1,90,1,92,6,0,6,98
05/03/2009,SCK,CA,AWP,WE,Towers with Radar,2,1,41,0,44,0,0,17,0,17,2,1,58,0,61,34,0,34,95
05/04/2009,SCK,CA,AWP,WE,Towers with Radar,2,3,69,4,78,0,0,48,2,50,2,3,117,6,128,59,4,63,191
05/05/2009,SCK,CA,AWP,WE,Towers with Radar,0,1,67,3,71,0,0,55,3,58,0,1,122,6,129,64,0,64,193
05/06/2009,SCK,CA,AWP,WE,Towers with Radar,0,0,77,0,77,0,0,93,3,96,0,0,170,3,173,50,4,54,227
05/07/2009,SCK,CA,AWP,WE,Towers with Radar,2,10,64,17,93,0,4,92,7,103,2,14,156,24,196,66,12,78,274
05/08/2009,SCK,CA,AWP,WE,Towers with Radar,2,0,89,1,92,0,0,138,8,146,2,0,227,9,238,62,4,66,304
05/09/2009,SCK,CA,AWP,WE,Towers with Radar,0,0,35,0,35,0,1,103,1,105,0,1,138,1,140,44,0,44,184
05/10/2009,SCK,CA,AWP,WE,Towers with Radar,2,0,45,0,47,0,0,46,0,46,2,0,91,0,93,12,0,12,105
05/11/2009,SCK,CA,AWP,WE,Towers with Radar,2,4,81,0,87,0,0,102,2,104,2,4,183,2,191,40,0,40,231
05/12/2009,SCK,CA,AWP,WE,Towers with Radar,0,2,65,5,72,0,0,113,10,123,0,2,178,15,195,28,6,34,229
05/13/2009,SCK,CA,AWP,WE,Towers with Radar,0,0,74,4,78,0,0,93,6,99,0,0,167,10,177,132,8,140,317
05/14/2009,SCK,CA,AWP,WE,Towers with Radar,0,0,81,0,81,0,0,95,2,97,0,0,176,2,178,92,14,106,284
05/15/2009,SCK,CA,AWP,WE,Towers with Radar,4,5,61,0,70,0,0,124,7,131,4,5,185,7,201,94,0,94,295
05/16/2009,SCK,CA,AWP,WE,Towers with Radar,0,0,48,0,48,0,0,56,0,56,0,0,104,0,104,18,0,18,122
05/17/2009,SCK,CA,AWP,WE,Towers with Radar,2,2,54,0,58,0,0,58,0,58,2,2,112,0,116,24,0,24,140
05/18/2009,SCK,CA,AWP,WE,Towers with Radar,2,1,52,1,56,0,1,103,4,108,2,2,155,5,164,108,0,108,272
05/19/2009,SCK,CA,AWP,WE,Towers with Radar,0,0,83,2,85,0,0,98,8,106,0,0,181,10,191,82,8,90,281
05/20/2009,SCK,CA,AWP,WE,Towers with Radar,2,1,81,4,88,0,0,105,13,118,2,1,186,17,206,146,14,160,366
05/21/2009,SCK,CA,AWP,WE,Towers with Radar,2,4,58,3,67,0,0,75,5,80,2,4,133,8,147,45,8,53,200
05/22/2009,SCK,CA,AWP,WE,Towers with Radar,2,2,68,6,78,0,0,111,7,118,2,2,179,13,196,116,0,116,312
05/23/2009,SCK,CA,AWP,WE,Towers with Radar,0,4,40,0,44,0,0,69,0,69,0,4,109,0,113,50,0,50,163
05/24/2009,SCK,CA,AWP,WE,Towers with Radar,4,0,16,2,22,0,0,22,4,26,4,0,38,6,48,24,0,24,72
05/25/2009,SCK,CA,AWP,WE,Towers with Radar,2,1,50,0,53,0,0,73,0,73,2,1,123,0,126,50,0,50,176
05/26/2009,SCK,CA,AWP,WE,Towers with Radar,0,0,56,0,56,0,0,79,8,87,0,0,135,8,143,60,2,62,205
05/27/2009,SCK,CA,AWP,WE,Towers with Radar,2,0,47,0,49,0,0,110,1,111,2,0,157,1,160,52,0,52,212
05/28/2009,SCK,CA,AWP,WE,Towers with Radar,4,6,61,5,76,0,0,105,10,115,4,6,166,15,191,122,12,134,325
05/29/2009,SCK,CA,AWP,WE,Towers with Radar,2,6,45,5,58,0,0,84,10,94,2,6,129,15,152,110,16,126,278
05/30/2009,SCK,CA,AWP,WE,Towers with Radar,0,1,54,0,55,0,0,62,0,62,0,1,116,0,117,66,0,66,183
05/31/2009,SCK,CA,AWP,WE,Towers with Radar,4,2,35,0,41,0,0,38,0,38,4,2,73,0,79,8,0,8,87
06/01/2009,SCK,CA,AWP,WE,Towers with Radar,2,0,32,0,34,0,0,67,3,70,2,0,99,3,104,100,0,100,204
06/02/2009,SCK,CA,AWP,WE,Towers with Radar,0,0,49,8,57,0,0,86,9,95,0,0,135,17,152,88,10,98,250
06/03/2009,SCK,CA,AWP,WE,Towers with Radar,0,0,58,8,66,0,1,76,2,79,0,1,134,10,145,34,10,44,189
06/04/2009,SCK,CA,AWP,WE,Towers with Radar,2,1,88,0,91,0,0,73,4,77,2,1,161,4,168,104,2,106,274
06/05/2009,SCK,CA,AWP,WE,Towers with Radar,2,4,61,0,67,0,0,43,3,46,2,4,104,3,113,74,0,74,187
06/06/2009,SCK,CA,AWP,WE,Towers with Radar,0,2,28,0,30,0,0,36,0,36,0,2,64,0,66,24,0,24,90
06/07/2009,SCK,CA,AWP,WE,Towers with Radar,2,2,27,0,31,0,0,44,0,44,2,2,71,0,75,8,0,8,83
06/08/2009,SCK,CA,AWP,WE,Towers with Radar,2,3,48,0,53,0,0,69,2,71,2,3,117,2,124,90,0,90,214
06/09/2009,SCK,CA,AWP,WE,Towers with Radar,0,0,51,0,51,0,0,68,2,70,0,0,119,2,121,113,0,113,234
06/10/2009,SCK,CA,AWP,WE,Towers with Radar,2,0,89,7,98,0,0,61,2,63,2,0,150,9,161,98,0,98,259
06/11/2009,SCK,CA,AWP,WE,Towers with Radar,2,3,85,5,95,0,3,89,4,96,2,6,174,9,191,84,0,84,275
06/12/2009,SCK,CA,AWP,WE,Towers with Radar,2,4,65,0,71,0,0,84,7,91,2,4,149,7,162,114,0,114,276
06/13/2009,SCK,CA,AWP,WE,Towers with Radar,2,1,45,0,48,0,0,56,2,58,2,1,101,2,106,18,0,18,124
06/14/2009,SCK,CA,AWP,WE,Towers with Radar,2,1,29,2,34,0,0,33,2,35,2,1,62,4,69,0,0,0,69
06/15/2009,SCK,CA,AWP,WE,Towers with Radar,2,2,36,0,40,0,0,67,8,75,2,2,103,8,115,36,0,36,151
06/16/2009,SCK,CA,AWP,WE,Towers with Radar,2,0,63,2,67,0,0,74,4,78,2,0,137,6,145,100,0,100,245
06/17/2009,SCK,CA,AWP,WE,Towers with Radar,2,0,79,4,85,0,0,108,8,116,2,0,187,12,201,82,0,82,283
06/18/2009,SCK,CA,AWP,WE,Towers with Radar,2,0,81,0,83,0,0,95,2,97,2,0,176,2,180,66,0,66,246
06/19/2009,SCK,CA,AWP,WE,Towers with Radar,2,3,49,0,54,0,0,70,2,72,2,3,119,2,126,50,0,50,176
06/20/2009,SCK,CA,AWP,WE,Towers with Radar,2,3,54,0,59,0,0,53,0,53,2,3,107,0,112,18,0,18,130
06/21/2009,SCK,CA,AWP,WE,Towers with Radar,0,2,19,0,21,0,0,43,1,44,0,2,62,1,65,14,0,14,79
06/22/2009,SCK,CA,AWP,WE,Towers with Radar,2,0,33,9,44,0,0,58,2,60,2,0,91,11,104,52,0,52,156
06/23/2009,SCK,CA,AWP,WE,Towers with Radar,2,3,54,7,66,0,0,85,6,91,2,3,139,13,157,52,8,60,217
06/24/2009,SCK,CA,AWP,WE,Towers with Radar,4,4,50,1,59,0,3,70,3,76,4,7,120,4,135,60,0,60,195
06/25/2009,SCK,CA,AWP,WE,Towers with Radar,2,6,53,3,64,0,1,104,12,117,2,7,157,15,181,76,4,80,261
06/26/2009,SCK,CA,AWP,WE,Towers with Radar,2,1,60,5,68,0,2,102,5,109,2,3,162,10,177,34,6,40,217
06/27/2009,SCK,CA,AWP,WE,Towers with Radar,2,1,47,3,53,0,0,56,3,59,2,1,103,6,112,4,20,24,136
06/28/2009,SCK,CA,AWP,WE,Towers with Radar,0,2,40,0,42,0,0,41,0,41,0,2,81,0,83,0,0,0,83
06/29/2009,SCK,CA,AWP,WE,Towers with Radar,2,0,46,0,48,0,0,82,3,85,2,0,128,3,133,82,0,82,215
06/30/2009,SCK,CA,AWP,WE,Towers with Radar,2,3,57,6,68,0,0,100,6,106,2,3,157,12,174,32,0,32,206
07/01/2009,SCK,CA,AWP,WE,Towers with Radar,0,2,36,1,39,0,0,68,8,76,0,2,104,9,115,56,10,66,181
07/02/2009,SCK,CA,AWP,WE,Towers with Radar,2,0,41,0,43,0,0,73,4,77,2,0,114,4,120,104,0,104,224
07/03/2009,SCK,CA,AWP,WE,Towers with Radar,2,0,56,0,58,0,0,58,0,58,2,0,114,0,116,18,0,18,134
07/04/2009,SCK,CA,AWP,WE,Towers with Radar,2,0,3,0,5,0,0,18,0,18,2,0,21,0,23,0,0,0,23
07/05/2009,SCK,CA,AWP,WE,Towers with Radar,0,2,42,1,45,0,0,49,0,49,0,2,91,1,94,6,0,6,100
07/06/2009,SCK,CA,AWP,WE,Towers with Radar,2,0,38,1,41,0,0,60,5,65,2,0,98,6,106,56,12,68,174
07/07/2009,SCK,CA,AWP,WE,Towers with Radar,2,2,29,0,33,0,0,83,6,89,2,2,112,6,122,72,2,74,196
07/08/2009,SCK,CA,AWP,WE,Towers with Radar,3,2,46,5,56,1,1,73,3,78,4,3,119,8,134,8,2,10,144
07/09/2009,SCK,CA,AWP,WE,Towers with Radar,2,1,57,1,61,0,0,71,3,74,2,1,128,4,135,14,0,14,149
07/10/2009,SCK,CA,AWP,WE,Towers with Radar,2,4,44,3,53,0,0,74,4,78,2,4,118,7,131,42,0,42,173
07/11/2009,SCK,CA,AWP,WE,Towers with Radar,2,0,35,2,39,0,0,66,5,71,2,0,101,7,110,120,2,122,232
07/12/2009,SCK,CA,AWP,WE,Towers with Radar,2,2,46,4,54,0,0,55,6,61,2,2,101,10,115,26,8,34,149
07/13/2009,SCK,CA,AWP,WE,Towers with Radar,2,0,26,0,28,0,0,66,7,73,2,0,92,7,101,108,0,108,209
07/14/2009,SCK,CA,AWP,WE,Towers with Radar,2,0,53,6,61,0,0,63,8,71,2,0,116,14,132,18,4,22,154
07/15/2009,SCK,CA,AWP,WE,Towers with Radar,0,0,30,3,33,0,0,61,1,62,0,0,91,4,95,96,8,104,199
07/16/2009,SCK,CA,AWP,WE,Towers with Radar,2,2,63,4,71,0,1,57,5,63,2,3,120,9,134,76,6,82,216
07/17/2009,SCK,CA,AWP,WE,Towers with Radar,2,0,52,2,56,0,0,86,6,92,2,0,138,8,148,26,0,26,174
07/18/2009,SCK,CA,AWP,WE,Towers with Radar,2,2,40,0,44,0,0,90,0,90,2,2,130,0,134,66,0,66,200
07/19/2009,SCK,CA,AWP,WE,Towers with Radar,2,0,24,0,26,0,0,43,0,43,2,0,67,0,69,0,0,0,69
07/20/2009,SCK,CA,AWP,WE,Towers with Radar,2,2,49,2,55,0,0,62,2,64,2,2,111,4,119,46,0,46,165
07/21/2009,SCK,CA,AWP,WE,Towers with Radar,2,0,29,0,31,0,0,77,7,84,2,0,106,7,115,108,16,124,239
07/22/2009,SCK,CA,AWP,WE,Towers with Radar,0,3,32,6,41,0,1,90,11,102,0,4,122,17,143,154,2,156,299
07/23/2009,SCK,CA,AWP,WE,Towers with Radar,2,0,40,2,44,0,0,109,1,110,2,0,149,3,154,54,0,54,208
07/24/2009,SCK,CA,AWP,WE,Towers with Radar,2,1,57,6,66,0,0,76,5,81,2,1,133,11,147,78,0,78,225
07/25/2009,SCK,CA,AWP,WE,Towers with Radar,2,2,39,0,43,0,1,63,5,69,2,3,102,5,112,44,0,44,156
07/26/2009,SCK,CA,AWP,WE,Towers with Radar,2,1,31,0,34,0,0,69,0,69,2,1,100,0,103,14,0,14,117
07/27/2009,SCK,CA,AWP,WE,Towers with Radar,2,0,46,3,51,0,0,97,9,106,2,0,143,12,157,62,0,62,219
07/28/2009,SCK,CA,AWP,WE,Towers with Radar,0,0,33,0,33,0,0,62,15,77,0,0,95,15,110,80,4,84,194
07/29/2009,SCK,CA,AWP,WE,Towers with Radar,2,0,37,0,39,0,0,59,13,72,2,0,96,13,111,80,12,92,203
07/30/2009,SCK,CA,AWP,WE,Towers with Radar,2,2,71,0,75,0,0,119,8,127,2,2,190,8,202,71,0,71,273
07/31/2009,SCK,CA,AWP,WE,Towers with Radar,2,0,61,2,65,0,1,85,35,121,2,1,146,37,186,62,10,72,258
08/01/2009,SCK,CA,AWP,WE,Towers with Radar,0,0,36,0,36,0,0,73,2,75,0,0,109,2,111,32,2,34,145
08/02/2009,SCK,CA,AWP,WE,Towers with Radar,4,1,31,1,37,0,1,31,3,35,4,2,62,4,72,16,0,16,88
08/03/2009,SCK,CA,AWP,WE,Towers with Radar,2,0,70,1,73,0,0,79,4,83,2,0,149,5,156,32,24,56,212
08/04/2009,SCK,CA,AWP,WE,Towers with Radar,0,1,63,4,68,0,0,76,3,79,0,1,139,7,147,160,2,162,309
08/05/2009,SCK,CA,AWP,WE,Towers with Radar,2,3,76,0,81,0,0,114,8,122,2,3,190,8,203,166,0,166,369
08/06/2009,SCK,CA,AWP,WE,Towers with Radar,4,0,88,7,99,0,2,81,2,85,4,2,169,9,184,36,4,40,224
08/07/2009,SCK,CA,AWP,WE,Towers with Radar,2,0,48,1,51,0,1,78,3,82,2,1,126,4,133,46,0,46,179
08/08/2009,SCK,CA,AWP,WE,Towers with Radar,0,1,43,0,44,0,0,61,0,61,0,1,104,0,105,26,0,26,131
08/09/2009,SCK,CA,AWP,WE,Towers with Radar,2,5,34,0,41,0,0,51,2,53,2,5,85,2,94,0,0,0,94
08/10/2009,SCK,CA,AWP,WE,Towers with Radar,2,0,73,0,75,0,1,92,4,97,2,1,165,4,172,48,0,48,220
08/11/2009,SCK,CA,AWP,WE,Towers with Radar,0,1,51,6,58,0,0,83,3,86,0,1,134,9,144,34,6,40,184
08/12/2009,SCK,CA,AWP,WE,Towers with Radar,2,1,29,2,34,0,0,74,1,75,2,1,103,3,109,42,0,42,151
08/13/2009,SCK,CA,AWP,WE,Towers with Radar,2,6,44,0,52,0,0,148,4,152,2,6,192,4,204,36,2,38,242
08/14/2009,SCK,CA,AWP,WE,Towers with Radar,2,0,36,0,38,0,1,159,6,166,2,1,195,6,204,83,0,83,287
08/15/2009,SCK,CA,AWP,WE,Towers with Radar,0,0,40,1,41,0,0,65,1,66,0,0,105,2,107,6,0,6,113
08/16/2009,SCK,CA,AWP,WE,Towers with Radar,2,2,29,0,33,0,0,57,0,57,2,2,86,0,90,24,0,24,114
08/17/2009,SCK,CA,AWP,WE,Towers with Radar,2,0,50,9,61,0,0,51,3,54,2,0,101,12,115,50,0,50,165
08/18/2009,SCK,CA,AWP,WE,Towers with Radar,0,0,37,0,37,0,0,53,0,53,0,0,90,0,90,58,0,58,148
08/19/2009,SCK,CA,AWP,WE,Towers with Radar,0,0,49,0,49,0,0,71,6,77,0,0,120,6,126,22,10,32,158
08/20/2009,SCK,CA,AWP,WE,Towers with Radar,2,0,56,3,61,0,0,96,6,102,2,0,152,9,163,38,0,38,201
08/21/2009,SCK,CA,AWP,WE,Towers with Radar,2,2,57,2,63,0,0,64,0,64,2,2,121,2,127,42,0,42,169
08/22/2009,SCK,CA,AWP,WE,Towers with Radar,0,1,31,0,32,0,0,61,0,61,0,1,92,0,93,26,0,26,119
08/23/2009,SCK,CA,AWP,WE,Towers with Radar,2,1,24,0,27,0,0,35,0,35,2,1,59,0,62,4,0,4,66
08/24/2009,SCK,CA,AWP,WE,Towers with Radar,0,8,51,0,59,0,5,63,13,81,0,13,114,13,140,44,2,46,186
08/25/2009,SCK,CA,AWP,WE,Towers with Radar,0,0,48,0,48,0,0,88,9,97,0,0,136,9,145,42,20,62,207
08/26/2009,SCK,CA,AWP,WE,Towers with Radar,4,2,43,6,55,0,0,72,11,83,4,2,115,17,138,54,8,62,200
08/27/2009,SCK,CA,AWP,WE,Towers with Radar,0,0,60,1,61,0,2,117,9,128,0,2,177,10,189,134,0,134,323
08/28/2009,SCK,CA,AWP,WE,Towers with Radar,2,0,56,1,59,0,0,77,15,92,2,0,133,16,151,114,6,120,271
08/29/2009,SCK,CA,AWP,WE,Towers with Radar,2,1,26,0,29,0,0,77,0,77,2,1,103,0,106,34,0,34,140
08/30/2009,SCK,CA,AWP,WE,Towers with Radar,2,0,42,2,46,0,0,68,1,69,2,0,110,3,115,8,2,10,125
08/31/2009,SCK,CA,AWP,WE,Towers with Radar,0,0,61,4,65,0,0,92,16,108,0,0,153,20,173,92,0,92,265
09/01/2009,SCK,CA,AWP,WE,Towers with Radar,0,0,45,0,45,0,0,85,7,92,0,0,130,7,137,58,0,58,195
09/02/2009,SCK,CA,AWP,WE,Towers with Radar,2,2,43,2,49,0,0,81,8,89,2,2,124,10,138,66,6,72,210
09/03/2009,SCK,CA,AWP,WE,Towers with Radar,0,0,56,4,60,0,3,60,6,69,0,3,116,10,129,46,12,58,187
09/04/2009,SCK,CA,AWP,WE,Towers with Radar,2,0,46,5,53,0,0,51,1,52,2,0,97,6,105,24,0,24,129
09/05/2009,SCK,CA,AWP,WE,Towers with Radar,0,0,28,0,28,0,0,43,0,43,0,0,71,0,71,48,0,48,119
09/06/2009,SCK,CA,AWP,WE,Towers with Radar,2,0,12,0,14,0,0,31,2,33,2,0,43,2,47,16,2,18,65
09/07/2009,SCK,CA,AWP,WE,Towers with Radar,0,0,31,0,31,0,0,60,0,60,0,0,91,0,91,26,0,26,117
09/08/2009,SCK,CA,AWP,WE,Towers with Radar,0,3,43,4,50,0,0,90,10,100,0,3,133,14,150,52,2,54,204
09/09/2009,SCK,CA,AWP,WE,Towers with Radar,2,1,60,6,69,0,0,76,4,80,2,1,136,10,149,92,0,92,241
09/10/2009,SCK,CA,AWP,WE,Towers with Radar,0,1,38,0,39,0,1,78,4,83,0,2,116,4,122,92,0,92,214
09/11/2009,SCK,CA,AWP,WE,Towers with Radar,2,3,40,0,45,0,0,84,4,88,2,3,124,4,133,74,0,74,207
09/12/2009,SCK,CA,AWP,WE,Towers with Radar,0,0,13,0,13,0,0,46,0,46,0,0,59,0,59,26,0,26,85
09/13/2009,SCK,CA,AWP,WE,Towers with Radar,2,5,31,4,42,0,0,44,2,46,2,5,75,6,88,4,0,4,92
09/14/2009,SCK,CA,AWP,WE,Towers with Radar,0,1,71,11,83,0,0,63,4,67,0,1,134,15,150,68,0,68,218
09/15/2009,SCK,CA,AWP,WE,Towers with Radar,0,1,66,0,67,0,0,90,12,102,0,1,156,12,169,118,4,122,291
09/16/2009,SCK,CA,AWP,WE,Towers with Radar,2,4,49,2,57,0,0,91,3,94,2,4,140,5,151,70,16,86,237
09/17/2009,SCK,CA,AWP,WE,Towers with Radar,0,1,50,0,51,0,0,76,2,78,0,1,126,2,129,48,0,48,177
09/18/2009,SCK,CA,AWP,WE,Towers with Radar,2,2,47,2,53,0,1,107,3,111,2,3,154,5,164,110,0,110,274
09/19/2009,SCK,CA,AWP,WE,Towers with Radar,0,1,23,2,26,0,0,45,0,45,0,1,68,2,71,12,0,12,83
09/20/2009,SCK,CA,AWP,WE,Towers with Radar,2,4,34,0,40,0,0,45,0,45,2,4,79,0,85,2,0,2,87
09/21/2009,SCK,CA,AWP,WE,Towers with Radar,0,2,59,4,65,0,1,89,3,93,0,3,148,7,158,70,0,70,228
09/22/2009,SCK,CA,AWP,WE,Towers with Radar,0,3,56,6,65,0,0,78,1,79,0,3,134,7,144,60,6,66,210
09/23/2009,SCK,CA,AWP,WE,Towers with Radar,2,2,56,2,62,0,0,108,2,110,2,2,164,4,172,120,0,120,292
09/24/2009,SCK,CA,AWP,WE,Towers with Radar,2,0,43,2,47,0,0,72,7,79,2,0,115,9,126,147,22,169,295
09/25/2009,SCK,CA,AWP,WE,Towers with Radar,2,2,41,2,47,0,0,94,3,97,2,2,135,5,144,132,0,132,276
09/26/2009,SCK,CA,AWP,WE,Towers with Radar,0,1,24,0,25,0,0,52,0,52,0,1,76,0,77,30,0,30,107
09/27/2009,SCK,CA,AWP,WE,Towers with Radar,2,2,28,0,32,0,0,56,0,56,2,2,84,0,88,6,0,6,94
09/28/2009,SCK,CA,AWP,WE,Towers with Radar,0,1,63,2,66,0,0,102,8,110,0,1,165,10,176,117,0,117,293
09/29/2009,SCK,CA,AWP,WE,Towers with Radar,0,0,38,4,42,0,0,61,8,69,0,0,99,12,111,140,2,142,253
09/30/2009,SCK,CA,AWP,WE,Towers with Radar,2,0,60,2,64,0,0,80,2,82,2,0,140,4,146,126,0,126,272
10/01/2009,SCK,CA,AWP,WE,Towers with Radar,0,2,62,4,68,0,4,107,8,119,0,6,169,12,187,108,0,108,295
10/02/2009,SCK,CA,AWP,WE,Towers with Radar,2,0,55,2,59,0,0,92,8,100,2,0,147,10,159,116,8,124,283
10/03/2009,SCK,CA,AWP,WE,Towers with Radar,0,1,25,1,27,0,0,48,3,51,0,1,73,4,78,30,0,30,108
10/04/2009,SCK,CA,AWP,WE,Towers with Radar,2,2,26,0,30,0,0,40,8,48,2,2,66,8,78,10,4,14,92
10/05/2009,SCK,CA,AWP,WE,Towers with Radar,0,0,66,1,67,0,0,85,3,88,0,0,151,4,155,136,0,136,291
10/06/2009,SCK,CA,AWP,WE,Towers with Radar,0,2,31,10,43,0,0,66,7,73,0,2,97,17,116,50,8,58,174
10/07/2009,SCK,CA,AWP,WE,Towers with Radar,2,2,66,13,83,78,0,0,10,88,80,2,66,23,171,120,6,126,297
10/08/2009,SCK,CA,AWP,WE,Towers with Radar,2,2,32,4,40,0,0,93,9,102,2,2,125,13,142,180,2,182,324
10/09/2009,SCK,CA,AWP,WE,Towers with Radar,2,5,53,0,60,0,0,69,6,75,2,5,122,6,135,230,0,230,365
10/10/2009,SCK,CA,AWP,WE,Towers with Radar,0,2,13,5,20,0,2,43,0,45,0,4,56,5,65,42,22,64,129
10/11/2009,SCK,CA,AWP,WE,Towers with Radar,2,3,34,0,39,0,0,33,0,33,2,3,67,0,72,10,0,10,82
10/12/2009,SCK,CA,AWP,WE,Towers with Radar,0,1,40,0,41,0,1,1,45,47,0,2,41,45,88,184,0,184,272
10/13/2009,SCK,CA,AWP,WE,Towers with Radar,0,2,2,0,4,0,0,0,0,0,0,2,2,0,4,0,0,0,4
10/14/2009,SCK,CA,AWP,WE,Towers with Radar,2,1,24,13,40,0,0,19,1,20,2,1,43,14,60,0,10,10,70
10/15/2009,SCK,CA,AWP,WE,Towers with Radar,0,1,42,7,50,0,0,77,16,93,0,1,119,23,143,178,0,178,321
10/16/2009,SCK,CA,AWP,WE,Towers with Radar,2,1,58,10,71,0,0,105,4,109,2,1,163,14,180,134,14,148,328
10/17/2009,SCK,CA,AWP,WE,Towers with Radar,2,0,32,0,34,0,0,54,0,54,2,0,86,0,88,58,0,58,146
10/18/2009,SCK,CA,AWP,WE,Towers with Radar,1,0,34,0,35,0,0,24,0,24,1,0,58,0,59,2,0,2,61
10/19/2009,SCK,CA,AWP,WE,Towers with Radar,0,0,19,1,20,0,0,43,2,45,0,0,62,3,65,52,0,52,117
10/20/2009,SCK,CA,AWP,WE,Towers with Radar,0,0,14,0,14,0,0,67,22,89,0,0,81,22,103,80,0,80,183
10/21/2009,SCK,CA,AWP,WE,Towers with Radar,2,2,57,12,73,0,2,63,13,78,2,4,120,25,151,59,8,67,218
10/22/2009,SCK,CA,AWP,WE,Towers with Radar,0,2,55,0,57,0,0,84,2,86,0,2,139,2,143,154,0,154,297
10/23/2009,SCK,CA,AWP,WE,Towers with Radar,2,1,43,6,52,0,1,84,1,86,2,2,127,7,138,178,0,178,316
10/24/2009,SCK,CA,AWP,WE,Towers with Radar,0,0,50,0,50,0,1,65,0,66,0,1,115,0,116,38,0,38,154
10/25/2009,SCK,CA,AWP,WE,Towers with Radar,2,3,30,0,35,0,0,49,0,49,2,3,79,0,84,6,0,6,90
10/26/2009,SCK,CA,AWP,WE,Towers with Radar,0,1,54,1,56,0,0,91,3,94,0,1,145,4,150,76,0,76,226
10/27/2009,SCK,CA,AWP,WE,Towers with Radar,0,0,37,0,37,0,0,38,0,38,0,0,75,0,75,16,0,16,91
10/28/2009,SCK,CA,AWP,WE,Towers with Radar,2,3,42,8,55,0,0,55,5,60,2,3,97,13,115,34,2,36,151
10/29/2009,SCK,CA,AWP,WE,Towers with Radar,0,0,55,9,64,0,0,83,7,90,0,0,138,16,154,82,4,86,240
10/30/2009,SCK,CA,AWP,WE,Towers with Radar,2,3,65,1,71,0,0,119,4,123,2,3,184,5,194,24,0,24,218
10/31/2009,SCK,CA,AWP,WE,Towers with Radar,0,2,32,0,34,0,0,50,2,52,0,2,82,2,86,10,0,10,96
11/01/2009,SCK,CA,AWP,WE,Towers with Radar,2,6,49,0,57,0,2,69,0,71,2,8,118,0,128,44,0,44,172
11/02/2009,SCK,CA,AWP,WE,Towers with Radar,0,2,47,0,49,0,0,89,0,89,0,2,136,0,138,68,0,68,206
11/03/2009,SCK,CA,AWP,WE,Towers with Radar,0,0,45,2,47,0,0,81,4,85,0,0,126,6,132,32,0,32,164
11/04/2009,SCK,CA,AWP,WE,Towers with Radar,2,1,68,0,71,0,2,68,2,72,2,3,136,2,143,66,0,66,209
11/05/2009,SCK,CA,AWP,WE,Towers with Radar,0,0,92,2,94,0,0,87,3,90,0,0,179,5,184,24,0,24,208
11/06/2009,SCK,CA,AWP,WE,Towers with Radar,2,3,66,0,71,0,0,80,3,83,2,3,146,3,154,58,0,58,212
11/07/2009,SCK,CA,AWP,WE,Towers with Radar,0,2,30,0,32,0,0,49,0,49,0,2,79,0,81,54,0,54,135
11/08/2009,SCK,CA,AWP,WE,Towers with Radar,0,2,48,0,50,0,1,61,1,63,0,3,109,1,113,30,0,30,143
11/09/2009,SCK,CA,AWP,WE,Towers with Radar,0,0,92,7,99,0,0,86,1,87,0,0,178,8,186,88,0,88,274
11/10/2009,SCK,CA,AWP,WE,Towers with Radar,0,0,93,4,97,0,0,110,4,114,0,0,203,8,211,50,0,50,261
11/11/2009,SCK,CA,AWP,WE,Towers with Radar,2,0,80,0,82,0,0,107,0,107,2,0,187,0,189,68,0,68,257
11/12/2009,SCK,CA,AWP,WE,Towers with Radar,0,2,62,0,64,0,0,67,2,69,0,2,129,2,133,66,0,66,199
11/13/2009,SCK,CA,AWP,WE,Towers with Radar,2,0,83,5,90,0,0,116,4,120,2,0,199,9,210,52,0,52,262
11/14/2009,SCK,CA,AWP,WE,Towers with Radar,0,1,48,0,49,0,0,39,0,39,0,1,87,0,88,36,0,36,124
11/15/2009,SCK,CA,AWP,WE,Towers with Radar,1,2,37,0,40,0,0,45,8,53,1,2,82,8,93,14,0,14,107
11/16/2009,SCK,CA,AWP,WE,Towers with Radar,0,0,68,0,68,0,0,87,1,88,0,0,155,1,156,62,0,62,218
11/17/2009,SCK,CA,AWP,WE,Towers with Radar,0,1,84,0,85,0,0,81,5,86,0,1,165,5,171,28,8,36,207
11/18/2009,SCK,CA,AWP,WE,Towers with Radar,2,4,72,1,79,0,3,81,7,91,2,7,153,8,170,28,8,36,206
11/19/2009,SCK,CA,AWP,WE,Towers with Radar,2,1,83,5,91,0,1,99,5,105,2,2,182,10,196,66,10,76,272
11/20/2009,SCK,CA,AWP,WE,Towers with Radar,2,0,20,0,22,0,0,19,0,19,2,0,39,0,41,4,0,4,45
11/21/2009,SCK,CA,AWP,WE,Towers with Radar,0,1,71,0,72,0,0,36,0,36,0,1,107,0,108,34,0,34,142
11/22/2009,SCK,CA,AWP,WE,Towers with Radar,2,0,53,0,55,0,0,42,0,42,2,0,95,0,97,8,0,8,105
11/23/2009,SCK,CA,AWP,WE,Towers with Radar,0,2,85,0,87,0,0,86,6,92,0,2,171,6,179,80,6,86,265
11/24/2009,SCK,CA,AWP,WE,Towers with Radar,0,0,84,3,87,0,0,80,8,88,0,0,164,11,175,43,0,43,218
11/25/2009,SCK,CA,AWP,WE,Towers with Radar,2,0,54,0,56,0,0,77,0,77,2,0,131,0,133,82,0,82,215
11/26/2009,SCK,CA,AWP,WE,Towers with Radar,0,0,17,0,17,0,0,18,0,18,0,0,35,0,35,12,0,12,47
11/27/2009,SCK,CA,AWP,WE,Towers with Radar,2,2,16,0,20,0,0,6,0,6,2,2,22,0,26,10,0,10,36
11/28/2009,SCK,CA,AWP,WE,Towers with Radar,0,0,14,0,14,0,0,13,0,13,0,0,27,0,27,10,0,10,37
11/29/2009,SCK,CA,AWP,WE,Towers with Radar,4,0,62,0,66,0,0,78,2,80,4,0,140,2,146,14,0,14,160
11/30/2009,SCK,CA,AWP,WE,Towers with Radar,0,0,75,0,75,0,0,92,0,92,0,0,167,0,167,84,0,84,251
12/01/2009,SCK,CA,AWP,WE,Towers with Radar,0,4,51,0,55,0,0,82,6,88,0,4,133,6,143,74,12,86,229
12/02/2009,SCK,CA,AWP,WE,Towers with Radar,2,0,40,1,43,0,0,59,8,67,2,0,99,9,110,35,8,43,153
12/03/2009,SCK,CA,AWP,WE,Towers with Radar,2,0,63,1,66,0,4,38,8,50,2,4,101,9,116,22,2,24,140
12/04/2009,SCK,CA,AWP,WE,Towers with Radar,2,0,64,0,66,0,0,52,3,55,2,0,116,3,121,18,2,20,141
12/05/2009,SCK,CA,AWP,WE,Towers with Radar,0,0,75,0,75,0,2,15,0,17,0,2,90,0,92,10,0,10,102
12/06/2009,SCK,CA,AWP,WE,Towers with Radar,2,0,21,0,23,0,0,9,0,9,2,0,30,0,32,0,0,0,32
12/07/2009,SCK,CA,AWP,WE,Towers with Radar,0,0,18,3,21,0,0,11,6,17,0,0,29,9,38,32,4,36,74
12/08/2009,SCK,CA,AWP,WE,Towers with Radar,0,1,33,9,43,0,3,94,7,104,0,4,127,16,147,86,28,114,261
12/09/2009,SCK,CA,AWP,WE,Towers with Radar,2,0,81,3,86,0,4,88,9,101,2,4,169,12,187,78,16,94,281
12/10/2009,SCK,CA,AWP,WE,Towers with Radar,0,0,32,4,36,0,2,42,7,51,0,2,74,11,87,62,6,68,155
12/11/2009,SCK,CA,AWP,WE,Towers with Radar,2,5,57,0,64,0,0,0,0,0,2,5,57,0,64,0,0,0,64
12/12/2009,SCK,CA,AWP,WE,Towers with Radar,0,0,17,0,17,0,6,4,0,10,0,6,21,0,27,12,0,12,39
12/13/2009,SCK,CA,AWP,WE,Towers with Radar,2,1,45,0,48,0,3,1,0,4,2,4,46,0,52,0,0,0,52
12/14/2009,SCK,CA,AWP,WE,Towers with Radar,0,1,95,7,103,0,2,25,8,35,0,3,120,15,138,62,4,66,204
12/15/2009,SCK,CA,AWP,WE,Towers with Radar,0,1,60,3,64,0,2,50,11,63,0,3,110,14,127,50,22,72,199
12/16/2009,SCK,CA,AWP,WE,Towers with Radar,2,1,75,1,79,0,4,22,4,30,2,5,97,5,109,14,0,14,123
12/17/2009,SCK,CA,AWP,WE,Towers with Radar,0,3,85,4,92,0,0,6,1,7,0,3,91,5,99,2,0,2,101
12/18/2009,SCK,CA,AWP,WE,Towers with Radar,2,3,104,0,109,0,0,2,1,3,2,3,106,1,112,0,2,2,114
12/19/2009,SCK,CA,AWP,WE,Towers with Radar,0,4,65,0,69,0,0,12,0,12,0,4,77,0,81,12,0,12,93
12/20/2009,SCK,CA,AWP,WE,Towers with Radar,4,6,54,0,64,0,1,15,1,17,4,7,69,1,81,8,0,8,89
12/21/2009,SCK,CA,AWP,WE,Towers with Radar,0,2,32,18,52,0,0,4,0,4,0,2,36,18,56,0,0,0,56
12/22/2009,SCK,CA,AWP,WE,Towers with Radar,0,1,39,0,40,0,2,66,5,73,0,3,105,5,113,46,0,46,159
12/23/2009,SCK,CA,AWP,WE,Towers with Radar,2,0,82,8,92,0,0,111,3,114,2,0,193,11,206,82,0,82,288
12/24/2009,SCK,CA,AWP,WE,Towers with Radar,0,0,21,0,21,0,1,38,0,39,0,1,59,0,60,32,0,32,92
12/25/2009,SCK,CA,AWP,WE,Towers with Radar,2,0,13,0,15,0,0,14,0,14,2,0,27,0,29,0,0,0,29
12/26/2009,SCK,CA,AWP,WE,Towers with Radar,0,0,48,0,48,0,8,15,0,23,0,8,63,0,71,22,0,22,93
12/27/2009,SCK,CA,AWP,WE,Towers with Radar,2,0,36,0,38,0,2,12,0,14,2,2,48,0,52,4,0,4,56
12/28/2009,SCK,CA,AWP,WE,Towers with Radar,0,3,30,2,35,0,0,4,2,6,0,3,34,4,41,0,6,6,47
12/29/2009,SCK,CA,AWP,WE,Towers with Radar,0,0,43,2,45,0,0,23,7,30,0,0,66,9,75,20,12,32,107
12/30/2009,SCK,CA,AWP,WE,Towers with Radar,2,0,43,3,48,0,1,23,18,42,2,1,66,21,90,29,18,47,137
12/31/2009,SCK,CA,AWP,WE,Towers with Radar,0,2,69,0,71,0,2,13,0,15,0,4,82,0,86,16,0,16,102
01/01/2010,SCK,CA,AWP,WE,Towers with Radar,2,0,8,0,10,0,0,8,0,8,2,0,16,0,18,12,0,12,30
01/02/2010,SCK,CA,AWP,WE,Towers with Radar,0,0,51,0,51,0,0,2,0,2,0,0,53,0,53,0,0,0,53
01/03/2010,SCK,CA,AWP,WE,Towers with Radar,0,0,64,0,64,0,0,6,0,6,0,0,70,0,70,6,0,6,76
01/04/2010,SCK,CA,AWP,WE,Towers with Radar,0,2,64,6,72,0,2,26,0,28,0,4,90,6,100,60,4,64,164
01/05/2010,SCK,CA,AWP,WE,Towers with Radar,0,4,81,0,85,1,0,8,8,17,1,4,89,8,102,12,4,16,118
01/06/2010,SCK,CA,AWP,WE,Towers with Radar,2,0,93,0,95,0,0,0,3,3,2,0,93,3,98,0,2,2,100
01/07/2010,SCK,CA,AWP,WE,Towers with Radar,0,2,110,3,115,0,0,0,0,0,0,2,110,3,115,0,0,0,115
01/08/2010,SCK,CA,AWP,WE,Towers with Radar,2,0,73,0,75,0,0,0,0,0,2,0,73,0,75,0,0,0,75
01/09/2010,SCK,CA,AWP,WE,Towers with Radar,0,0,55,8,63,0,0,0,0,0,0,0,55,8,63,0,0,0,63
01/10/2010,SCK,CA,AWP,WE,Towers with Radar,2,0,48,0,50,0,0,0,0,0,2,0,48,0,50,0,0,0,50
01/11/2010,SCK,CA,AWP,WE,Towers with Radar,0,0,83,6,89,0,0,7,0,7,0,0,90,6,96,2,0,2,98
01/12/2010,SCK,CA,AWP,WE,Towers with Radar,0,6,56,7,69,0,1,46,7,54,0,7,102,14,123,23,10,33,156
01/13/2010,SCK,CA,AWP,WE,Towers with Radar,3,2,73,6,84,0,0,53,6,59,3,2,126,12,143,76,14,90,233
01/14/2010,SCK,CA,AWP,WE,Towers with Radar,0,1,80,2,83,0,0,85,2,87,0,1,165,4,170,92,12,104,274
01/15/2010,SCK,CA,AWP,WE,Towers with Radar,2,2,86,1,91,0,2,6,0,8,2,4,92,1,99,6,0,6,105
01/16/2010,SCK,CA,AWP,WE,Towers with Radar,0,3,47,6,56,0,1,9,0,10,0,4,56,6,66,0,0,0,66
01/17/2010,SCK,CA,AWP,WE,Towers with Radar,2,4,19,0,25,0,0,7,0,7,2,4,26,0,32,2,0,2,34
01/18/2010,SCK,CA,AWP,WE,Towers with Radar,0,1,7,0,8,0,2,2,0,4,0,3,9,0,12,0,0,0,12
01/19/2010,SCK,CA,AWP,WE,Towers with Radar,0,0,2,0,2,0,0,2,0,2,0,0,4,0,4,0,0,0,4
01/20/2010,SCK,CA,AWP,WE,Towers with Radar,2,0,3,0,5,0,0,0,0,0,2,0,3,0,5,0,0,0,5
01/21/2010,SCK,CA,AWP,WE,Towers with Radar,0,1,8,2,11,0,0,1,1,2,0,1,9,3,13,0,0,0,13
01/22/2010,SCK,CA,AWP,WE,Towers with Radar,2,2,4,4,12,1,1,10,0,12,3,3,14,4,24,6,0,6,30
01/23/2010,SCK,CA,AWP,WE,Towers with Radar,0,8,44,0,52,0,2,41,2,45,0,10,85,2,97,42,0,42,139
01/24/2010,SCK,CA,AWP,WE,Towers with Radar,2,0,29,0,31,0,2,18,2,22,2,2,47,2,53,2,6,8,61
01/25/2010,SCK,CA,AWP,WE,Towers with Radar,2,0,19,2,23,0,5,11,0,16,2,5,30,2,39,2,0,2,41
01/26/2010,SCK,CA,AWP,WE,Towers with Radar,0,2,51,0,53,0,0,14,1,15,0,2,65,1,68,4,0,4,72
01/27/2010,SCK,CA,AWP,WE,Towers with Radar,2,2,54,22,80,0,1,52,5,58,2,3,106,27,138,48,0,48,186
01/28/2010,SCK,CA,AWP,WE,Towers with Radar,0,0,49,6,55,0,2,44,4,50,0,2,93,10,105,40,6,46,151
01/29/2010,SCK,CA,AWP,WE,Towers with Radar,4,3,53,6,66,0,13,29,0,42,4,16,82,6,108,20,4,24,132
01/30/2010,SCK,CA,AWP,WE,Towers with Radar,0,3,56,0,59,0,4,60,1,65,0,7,116,1,124,8,0,8,132
01/31/2010,SCK,CA,AWP,WE,Towers with Radar,2,2,39,0,43,0,1,19,0,20,2,3,58,0,63,10,0,10,73
02/01/2010,SCK,CA,AWP,WE,Towers with Radar,0,0,42,0,42,0,0,58,11,69,0,0,100,11,111,42,12,54,165
02/02/2010,SCK,CA,AWP,WE,Towers with Radar,0,3,65,2,70,0,0,15,2,17,0,3,80,4,87,12,4,16,103
02/03/2010,SCK,CA,AWP,WE,Towers with Radar,2,1,104,0,107,0,1,81,11,93,2,2,185,11,200,68,4,72,272
02/04/2010,SCK,CA,AWP,WE,Towers with Radar,0,1,31,6,38,0,1,23,7,31,0,2,54,13,69,18,0,18,87
02/05/2010,SCK,CA,AWP,WE,Towers with Radar,2,1,53,4,60,0,4,36,0,40,2,5,89,4,100,46,0,46,146
02/06/2010,SCK,CA,AWP,WE,Towers with Radar,0,0,37,0,37,0,0,10,0,10,0,0,47,0,47,4,0,4,51
02/07/2010,SCK,CA,AWP,WE,Towers with Radar,2,1,63,0,66,0,1,15,0,16,2,2,78,0,82,0,0,0,82
02/08/2010,SCK,CA,AWP,WE,Towers with Radar,0,0,59,8,67,0,3,65,0,68,0,3,124,8,135,84,0,84,219
02/09/2010,SCK,CA,AWP,WE,Towers with Radar,0,0,32,2,34,0,1,32,0,33,0,1,64,2,67,6,0,6,73
02/10/2010,SCK,CA,AWP,WE,Towers with Radar,2,0,76,0,78,0,1,89,12,102,2,1,165,12,180,58,4,62,242
02/11/2010,SCK,CA,AWP,WE,Towers with Radar,4,3,64,7,78,0,5,73,6,84,4,8,137,13,162,86,20,106,268
02/12/2010,SCK,CA,AWP,WE,Towers with Radar,2,0,57,6,65,0,4,47,5,56,2,4,104,11,121,31,8,39,160
02/13/2010,SCK,CA,AWP,WE,Towers with Radar,0,0,36,0,36,0,2,52,0,54,0,2,88,0,90,14,0,14,104
02/14/2010,SCK,CA,AWP,WE,Towers with Radar,4,0,20,2,26,1,2,20,0,23,5,2,40,2,49,0,0,0,49
02/15/2010,SCK,CA,AWP,WE,Towers with Radar,4,0,65,0,69,0,2,103,0,105,4,2,168,0,174,44,0,44,218
02/16/2010,SCK,CA,AWP,WE,Towers with Radar,0,0,81,14,95,0,5,93,7,105,0,5,174,21,200,74,2,76,276
02/17/2010,SCK,CA,AWP,WE,Towers with Radar,0,1,38,3,42,0,1,56,13,70,0,2,94,16,112,63,2,65,177
02/18/2010,SCK,CA,AWP,WE,Towers with Radar,2,0,32,0,34,0,0,5,0,5,2,0,37,0,39,10,0,10,49
02/19/2010,SCK,CA,AWP,WE,Towers with Radar,2,4,44,5,55,0,0,23,3,26,2,4,67,8,81,98,10,108,189
02/20/2010,SCK,CA,AWP,WE,Towers with Radar,0,0,67,3,70,0,5,47,15,67,0,5,114,18,137,28,18,46,183
02/21/2010,SCK,CA,AWP,WE,Towers with Radar,2,3,11,2,18,0,0,1,2,3,2,3,12,4,21,0,0,0,21
02/22/2010,SCK,CA,AWP,WE,Towers with Radar,2,1,57,0,60,0,5,75,2,82,2,6,132,2,142,110,0,110,252
02/23/2010,SCK,CA,AWP,WE,Towers with Radar,0,2,31,4,37,0,0,11,4,15,0,2,42,8,52,0,6,6,58
02/24/2010,SCK,CA,AWP,WE,Towers with Radar,0,2,39,4,45,0,1,14,7,22,0,3,53,11,67,28,12,40,107
02/25/2010,SCK,CA,AWP,WE,Towers with Radar,2,0,98,0,100,0,3,64,7,74,2,3,162,7,174,72,4,76,250
02/26/2010,SCK,CA,AWP,WE,Towers with Radar,2,2,53,3,60,0,5,18,1,24,2,7,71,4,84,2,0,2,86
02/27/2010,SCK,CA,AWP,WE,Towers with Radar,0,0,13,0,13,0,4,7,0,11,0,4,20,0,24,16,0,16,40
02/28/2010,SCK,CA,AWP,WE,Towers with Radar,2,1,38,0,41,0,2,56,0,58,2,3,94,0,99,54,0,54,153
03/01/2010,SCK,CA,AWP,WE,Towers with Radar,4,1,76,3,84,0,11,76,2,89,4,12,152,5,173,36,0,36,209
03/02/2010,SCK,CA,AWP,WE,Towers with Radar,0,2,24,2,28,0,3,23,2,28,0,5,47,4,56,6,0,6,62
03/03/2010,SCK,CA,AWP,WE,Towers with Radar,0,2,19,7,28,0,4,4,2,10,0,6,23,9,38,0,2,2,40
03/04/2010,SCK,CA,AWP,WE,Towers with Radar,2,0,72,1,75,0,0,56,6,62,2,0,128,7,137,92,2,94,231
03/05/2010,SCK,CA,AWP,WE,Towers with Radar,4,4,65,2,75,0,1,65,3,69,4,5,130,5,144,108,0,108,252
03/06/2010,SCK,CA,AWP,WE,Towers with Radar,0,2,40,0,42,0,7,45,8,60,0,9,85,8,102,54,10,64,166
03/07/2010,SCK,CA,AWP,WE,Towers with Radar,2,0,27,1,30,0,0,52,9,61,2,0,79,10,91,4,6,10,101
03/08/2010,SCK,CA,AWP,WE,Towers with Radar,2,0,55,4,61,0,0,47,1,48,2,0,102,5,109,92,0,92,201
03/09/2010,SCK,CA,AWP,WE,Towers with Radar,0,2,64,0,66,0,2,66,6,74,0,4,130,6,140,124,12,136,276
03/10/2010,SCK,CA,AWP,WE,Towers with Radar,2,3,61,3,69,0,2,54,2,58,2,5,115,5,127,96,4,100,227
03/11/2010,SCK,CA,AWP,WE,Towers with Radar,2,3,94,11,110,0,6,93,15,114,2,9,187,26,224,44,10,54,278
03/12/2010,SCK,CA,AWP,WE,Towers with Radar,2,3,22,1,28,0,0,19,8,27,2,3,41,9,55,54,0,54,109
03/13/2010,SCK,CA,AWP,WE,Towers with Radar,0,3,26,0,29,0,5,46,1,52,0,8,72,1,81,52,0,52,133
03/14/2010,SCK,CA,AWP,WE,Towers with Radar,2,1,43,3,49,0,3,65,0,68,2,4,108,3,117,16,0,16,133
03/15/2010,SCK,CA,AWP,WE,Towers with Radar,2,3,59,1,65,0,0,2,0,2,2,3,61,1,67,76,2,78,145
03/16/2010,SCK,CA,AWP,WE,Towers with Radar,0,0,56,5,61,0,4,86,5,95,0,4,142,10,156,94,20,114,270
03/17/2010,SCK,CA,AWP,WE,Towers with Radar,2,2,55,0,59,0,1,93,2,96,2,3,148,2,155,98,2,100,255
03/18/2010,SCK,CA,AWP,WE,Towers with Radar,2,0,42,0,44,0,3,65,4,72,2,3,107,4,116,118,18,136,252
03/19/2010,SCK,CA,AWP,WE,Towers with Radar,2,1,49,0,52,0,3,107,4,114,2,4,156,4,166,110,0,110,276
03/20/2010,SCK,CA,AWP,WE,Towers with Radar,0,4,43,1,48,0,2,66,0,68,0,6,109,1,116,26,0,26,142
03/21/2010,SCK,CA,AWP,WE,Towers with Radar,2,2,27,1,32,0,2,53,0,55,2,4,80,1,87,38,0,38,125
03/22/2010,SCK,CA,AWP,WE,Towers with Radar,2,1,45,1,49,0,2,56,5,63,2,3,101,6,112,92,0,92,204
03/23/2010,SCK,CA,AWP,WE,Towers with Radar,0,2,52,0,54,0,3,73,14,90,0,5,125,14,144,106,0,106,250
03/24/2010,SCK,CA,AWP,WE,Towers with Radar,2,4,42,0,48,0,1,95,16,112,2,5,137,16,160,66,9,75,235
03/25/2010,SCK,CA,AWP,WE,Towers with Radar,2,0,67,0,69,0,3,68,7,78,2,3,135,7,147,69,0,69,216
03/26/2010,SCK,CA,AWP,WE,Towers with Radar,2,0,58,2,62,0,0,84,5,89,2,0,142,7,151,108,0,108,259
03/27/2010,SCK,CA,AWP,WE,Towers with Radar,0,2,18,2,22,0,1,71,2,74,0,3,89,4,96,92,0,92,188
03/28/2010,SCK,CA,AWP,WE,Towers with Radar,2,0,47,0,49,0,0,50,1,51,2,0,97,1,100,20,0,20,120
03/29/2010,SCK,CA,AWP,WE,Towers with Radar,2,0,66,2,70,0,1,41,0,42,2,1,107,2,112,52,0,52,164
03/30/2010,SCK,CA,AWP,WE,Towers with Radar,0,9,23,0,32,0,3,16,5,24,0,12,39,5,56,20,0,20,76
03/31/2010,SCK,CA,AWP,WE,Towers with Radar,2,0,37,1,40,0,3,36,6,45,2,3,73,7,85,10,4,14,99
04/01/2010,SCK,CA,AWP,WE,Towers with Radar,2,1,75,0,78,0,2,53,4,59,2,3,128,4,137,32,2,34,171
04/02/2010,SCK,CA,AWP,WE,Towers with Radar,2,4,34,0,40,0,1,31,4,36,2,5,65,4,76,38,2,40,116
04/03/2010,SCK,CA,AWP,WE,Towers with Radar,0,0,36,0,36,0,0,57,0,57,0,0,93,0,93,42,0,42,135
04/04/2010,SCK,CA,AWP,WE,Towers with Radar,2,1,7,0,10,0,0,9,0,9,2,1,16,0,19,4,0,4,23
04/05/2010,SCK,CA,AWP,WE,Towers with Radar,4,1,37,0,42,0,0,38,1,39,4,1,75,1,81,4,0,4,85
04/06/2010,SCK,CA,AWP,WE,Towers with Radar,0,2,32,0,34,0,0,71,5,76,0,2,103,5,110,52,0,52,162
04/07/2010,SCK,CA,AWP,WE,Towers with Radar,2,5,47,2,56,0,0,131,8,139,2,5,178,10,195,132,0,132,327
04/08/2010,SCK,CA,AWP,WE,Towers with Radar,2,7,55,2,66,0,0,96,4,100,2,7,151,6,166,42,0,42,208
04/09/2010,SCK,CA,AWP,WE,Towers with Radar,4,2,45,6,57,0,0,113,4,117,4,2,158,10,174,38,0,38,212
04/10/2010,SCK,CA,AWP,WE,Towers with Radar,0,0,55,2,57,0,0,89,9,98,0,0,144,11,155,38,0,38,193
04/11/2010,SCK,CA,AWP,WE,Towers with Radar,2,2,13,0,17,0,0,2,0,2,2,2,15,0,19,0,0,0,19
04/12/2010,SCK,CA,AWP,WE,Towers with Radar,2,0,33,8,43,0,4,10,1,15,2,4,43,9,58,8,0,8,66
04/13/2010,SCK,CA,AWP,WE,Towers with Radar,0,0,45,7,52,0,0,97,8,105,0,0,142,15,157,114,0,114,271
04/14/2010,SCK,CA,AWP,WE,Towers with Radar,2,0,44,2,48,0,0,65,8,73,2,0,109,10,121,20,0,20,141
04/15/2010,SCK,CA,AWP,WE,Towers with Radar,2,1,55,2,60,0,6,123,5,134,2,7,178,7,194,46,0,46,240
04/16/2010,SCK,CA,AWP,WE,Towers with Radar,2,0,53,2,57,0,4,143,4,151,2,4,196,6,208,98,2,100,308
04/17/2010,SCK,CA,AWP,WE,Towers with Radar,0,0,51,0,51,0,0,125,0,125,0,0,176,0,176,46,0,46,222
04/18/2010,SCK,CA,AWP,WE,Towers with Radar,2,1,45,0,48,0,1,64,1,66,2,2,109,1,114,30,0,30,144
04/19/2010,SCK,CA,AWP,WE,Towers with Radar,2,1,48,4,55,0,4,80,3,87,2,5,128,7,142,36,0,36,178
04/20/2010,SCK,CA,AWP,WE,Towers with Radar,0,3,21,8,32,0,2,8,0,10,0,5,29,8,42,12,0,12,54
04/21/2010,SCK,CA,AWP,WE,Towers with Radar,2,0,52,2,56,0,6,13,0,19,2,6,65,2,75,28,0,28,103
04/22/2010,SCK,CA,AWP,WE,Towers with Radar,2,1,60,6,69,0,0,88,10,98,2,1,148,16,167,58,2,60,227
04/23/2010,SCK,CA,AWP,WE,Towers with Radar,2,4,73,0,79,0,4,118,7,129,2,8,191,7,208,44,2,46,254
04/24/2010,SCK,CA,AWP,WE,Towers with Radar,0,0,70,0,70,0,2,109,0,111,0,2,179,0,181,54,0,54,235
04/25/2010,SCK,CA,AWP,WE,Towers with Radar,2,0,53,0,55,0,2,65,0,67,2,2,118,0,122,8,0,8,130
04/26/2010,SCK,CA,AWP,WE,Towers with Radar,2,1,55,4,62,0,6,96,1,103,2,7,151,5,165,70,18,88,253
04/27/2010,SCK,CA,AWP,WE,Towers with Radar,0,0,26,0,26,0,0,12,1,13,0,0,38,1,39,28,0,28,67
04/28/2010,SCK,CA,AWP,WE,Towers with Radar,0,1,37,6,44,0,3,21,3,27,0,4,58,9,71,0,2,2,73
04/29/2010,SCK,CA,AWP,WE,Towers with Radar,2,0,66,2,70,0,5,101,9,115,2,5,167,11,185,72,6,78,263
04/30/2010,SCK,CA,AWP,WE,Towers with Radar,2,1,66,4,73,0,5,88,2,95,2,6,154,6,168,14,0,14,182
05/01/2010,SCK,CA,AWP,WE,Towers with Radar,0,5,32,0,37,0,0,85,4,89,0,5,117,4,126,8,0,8,134
05/02/2010,SCK,CA,AWP,WE,Towers with Radar,2,0,28,0,30,0,2,25,3,30,2,2,53,3,60,0,0,0,60
05/03/2010,SCK,CA,AWP,WE,Towers with Radar,2,2,56,1,61,0,4,77,9,90,2,6,133,10,151,18,8,26,177
05/04/2010,SCK,CA,AWP,WE,Towers with Radar,0,0,42,2,44,0,0,74,7,81,0,0,116,9,125,18,14,32,157
05/05/2010,SCK,CA,AWP,WE,Towers with Radar,0,1,57,0,58,0,2,70,2,74,0,3,127,2,132,38,10,48,180
05/06/2010,SCK,CA,AWP,WE,Towers with Radar,2,0,61,1,64,0,0,0,0,0,2,0,61,1,64,18,0,18,82
05/07/2010,SCK,CA,AWP,WE,Towers with Radar,2,0,32,0,34,0,1,77,2,80,2,1,109,2,114,56,0,56,170
05/08/2010,SCK,CA,AWP,WE,Towers with Radar,0,0,44,0,44,0,4,69,0,73,0,4,113,0,117,4,0,4,121
05/09/2010,SCK,CA,AWP,WE,Towers with Radar,4,1,17,0,22,0,0,17,0,17,4,1,34,0,39,0,0,0,39
05/10/2010,SCK,CA,AWP,WE,Towers with Radar,2,0,14,0,16,0,0,16,2,18,2,0,30,2,34,0,0,0,34
05/11/2010,SCK,CA,AWP,WE,Towers with Radar,0,0,42,2,44,0,1,80,8,89,0,1,122,10,133,8,14,22,155
05/12/2010,SCK,CA,AWP,WE,Towers with Radar,0,2,60,10,72,0,2,104,9,115,0,4,164,19,187,2,0,2,189
05/13/2010,SCK,CA,AWP,WE,Towers with Radar,4,8,67,1,80,0,6,107,9,122,4,14,174,10,202,74,0,74,276
05/14/2010,SCK,CA,AWP,WE,Towers with Radar,2,0,58,0,60,0,0,79,6,85,2,0,137,6,145,40,0,40,185
05/15/2010,SCK,CA,AWP,WE,Towers with Radar,0,0,50,0,50,0,5,84,0,89,0,5,134,0,139,32,0,32,171
05/16/2010,SCK,CA,AWP,WE,Towers with Radar,4,1,41,0,46,0,2,33,1,36,4,3,74,1,82,8,0,8,90
05/17/2010,SCK,CA,AWP,WE,Towers with Radar,2,0,15,5,22,0,0,15,5,20,2,0,30,10,42,0,4,4,46
05/18/2010,SCK,CA,AWP,WE,Towers with Radar,0,2,62,0,64,0,5,58,10,73,0,7,120,10,137,52,0,52,189
05/19/2010,SCK,CA,AWP,WE,Towers with Radar,2,0,41,2,45,0,0,65,9,74,2,0,106,11,119,24,2,26,145
05/20/2010,SCK,CA,AWP,WE,Towers with Radar,2,0,65,0,67,0,1,89,5,95,2,1,154,5,162,24,0,24,186
05/21/2010,SCK,CA,AWP,WE,Towers with Radar,2,1,66,0,69,0,1,84,0,85,2,2,150,0,154,46,0,46,200
05/22/2010,SCK,CA,AWP,WE,Towers with Radar,0,2,26,0,28,0,1,57,0,58,0,3,83,0,86,18,0,18,104
05/23/2010,SCK,CA,AWP,WE,Towers with Radar,2,2,41,0,45,0,6,30,0,36,2,8,71,0,81,6,0,6,87
05/24/2010,SCK,CA,AWP,WE,Towers with Radar,4,4,27,0,35,0,1,54,4,59,4,5,81,4,94,46,8,54,148
05/25/2010,SCK,CA,AWP,WE,Towers with Radar,0,3,47,0,50,0,2,65,5,72,0,5,112,5,122,42,30,72,194
05/26/2010,SCK,CA,AWP,WE,Towers with Radar,2,0,48,9,59,0,0,39,6,45,2,0,87,15,104,80,8,88,192
05/27/2010,SCK,CA,AWP,WE,Towers with Radar,4,7,41,10,62,0,1,41,5,47,4,8,82,15,109,72,6,78,187
05/28/2010,SCK,CA,AWP,WE,Towers with Radar,2,0,52,0,54,0,0,101,2,103,2,0,153,2,157,46,0,46,203
05/29/2010,SCK,CA,AWP,WE,Towers with Radar,0,0,42,2,44,0,2,84,0,86,0,2,126,2,130,78,0,78,208
05/30/2010,SCK,CA,AWP,WE,Towers with Radar,2,1,8,0,11,0,4,43,10,57,2,5,51,10,68,26,0,26,94
05/31/2010,SCK,CA,AWP,WE,Towers with Radar,2,0,65,0,67,0,0,70,0,70,2,0,135,0,137,4,0,4,141
06/01/2010,SCK,CA,AWP,WE,Towers with Radar,0,6,54,13,73,0,0,60,4,64,0,6,114,17,137,18,0,18,155
06/02/2010,SCK,CA,AWP,WE,Towers with Radar,0,2,60,12,74,0,0,97,2,99,0,2,157,14,173,34,2,36,209
06/03/2010,SCK,CA,AWP,WE,Towers with Radar,2,0,50,8,60,0,9,87,2,98,2,9,137,10,158,36,0,36,194
06/04/2010,SCK,CA,AWP,WE,Towers with Radar,4,0,69,4,77,0,0,107,3,110,4,0,176,7,187,54,0,54,241
06/05/2010,SCK,CA,AWP,WE,Towers with Radar,0,0,35,4,39,0,1,45,1,47,0,1,80,5,86,60,0,60,146
06/06/2010,SCK,CA,AWP,WE,Towers with Radar,2,0,45,1,48,0,3,54,1,58,2,3,99,2,106,10,0,10,116
06/07/2010,SCK,CA,AWP,WE,Towers with Radar,4,0,24,0,28,0,2,68,4,74,4,2,92,4,102,12,6,18,120
06/08/2010,SCK,CA,AWP,WE,Towers with Radar,0,4,36,1,41,0,2,71,6,79,0,6,107,7,120,12,4,16,136
06/09/2010,SCK,CA,AWP,WE,Towers with Radar,0,0,31,13,44,0,0,48,10,58,0,0,79,23,102,10,2,12,114
06/10/2010,SCK,CA,AWP,WE,Towers with Radar,2,3,32,0,37,0,4,94,4,102,2,7,126,4,139,42,0,42,181
06/11/2010,SCK,CA,AWP,WE,Towers with Radar,4,2,48,2,56,0,2,73,2,77,4,4,121,4,133,6,4,10,143
06/12/2010,SCK,CA,AWP,WE,Towers with Radar,0,0,23,1,24,0,1,60,2,63,0,1,83,3,87,20,0,20,107
06/13/2010,SCK,CA,AWP,WE,Towers with Radar,2,2,28,1,33,0,1,55,1,57,2,3,83,2,90,4,0,4,94
06/14/2010,SCK,CA,AWP,WE,Towers with Radar,4,0,65,2,71,0,6,82,6,94,4,6,147,8,165,44,12,56,221
06/15/2010,SCK,CA,AWP,WE,Towers with Radar,0,2,37,8,47,0,0,80,7,87,0,2,117,15,134,26,14,40,174
06/16/2010,SCK,CA,AWP,WE,Towers with Radar,0,0,32,1,33,0,0,49,4,53,0,0,81,5,86,48,22,70,156
06/17/2010,SCK,CA,AWP,WE,Towers with Radar,2,2,47,0,51,0,2,101,8,111,2,4,148,8,162,30,0,30,192
06/18/2010,SCK,CA,AWP,WE,Towers with Radar,4,2,76,3,85,0,2,104,4,110,4,4,180,7,195,54,0,54,249
06/19/2010,SCK,CA,AWP,WE,Towers with Radar,0,0,42,0,42,0,5,63,0,68,0,5,105,0,110,32,0,32,142
06/20/2010,SCK,CA,AWP,WE,Towers with Radar,2,1,26,0,29,0,3,68,1,72,2,4,94,1,101,44,2,46,147
06/21/2010,SCK,CA,AWP,WE,Towers with Radar,4,1,39,0,44,0,3,68,6,77,4,4,107,6,121,26,0,26,147
06/22/2010,SCK,CA,AWP,WE,Towers with Radar,0,7,60,4,71,0,0,83,9,92,0,7,143,13,163,30,0,30,193
06/23/2010,SCK,CA,AWP,WE,Towers with Radar,0,0,42,1,43,0,4,75,6,85,0,4,117,7,128,26,0,26,154
06/24/2010,SCK,CA,AWP,WE,Towers with Radar,4,0,50,2,56,0,4,85,6,95,4,4,135,8,151,54,16,70,221
06/25/2010,SCK,CA,AWP,WE,Towers with Radar,4,0,54,1,59,0,3,88,5,96,4,3,142,6,155,22,2,24,179
06/26/2010,SCK,CA,AWP,WE,Towers with Radar,0,3,31,0,34,0,4,58,0,62,0,7,89,0,96,32,0,32,128
06/27/2010,SCK,CA,AWP,WE,Towers with Radar,3,2,28,0,33,0,2,43,0,45,3,4,71,0,78,44,0,44,122
06/28/2010,SCK,CA,AWP,WE,Towers with Radar,4,8,61,6,79,0,4,88,3,95,4,12,149,9,174,36,0,36,210
06/29/2010,SCK,CA,AWP,WE,Towers with Radar,0,2,43,10,55,0,4,111,4,119,0,6,154,14,174,38,8,46,220
06/30/2010,SCK,CA,AWP,WE,Towers with Radar,0,2,23,2,27,0,4,95,2,101,0,6,118,4,128,46,0,46,174
07/01/2010,SCK,CA,AWP,WE,Towers with Radar,6,1,69,1,77,0,2,96,15,113,6,3,165,16,190,78,10,88,278
07/02/2010,SCK,CA,AWP,WE,Towers with Radar,6,4,41,0,51,0,2,93,2,97,6,6,134,2,148,82,0,82,230
07/03/2010,SCK,CA,AWP,WE,Towers with Radar,2,0,21,2,25,0,2,60,1,63,2,2,81,3,88,34,0,34,122
07/04/2010,SCK,CA,AWP,WE,Towers with Radar,6,4,22,0,32,0,3,23,0,26,6,7,45,0,58,12,0,12,70
07/05/2010,SCK,CA,AWP,WE,Towers with Radar,6,1,38,0,45,0,0,62,0,62,6,1,100,0,107,8,0,8,115
07/06/2010,SCK,CA,AWP,WE,Towers with Radar,0,0,34,0,34,0,0,65,1,66,0,0,99,1,100,28,0,28,128
07/07/2010,SCK,CA,AWP,WE,Towers with Radar,4,4,39,2,49,0,1,84,5,90,4,5,123,7,139,54,2,56,195
07/08/2010,SCK,CA,AWP,WE,Towers with Radar,4,9,49,0,62,0,0,78,3,81,4,9,127,3,143,30,0,30,173
07/09/2010,SCK,CA,AWP,WE,Towers with Radar,6,0,30,2,38,0,2,80,5,87,6,2,110,7,125,62,4,66,191
07/10/2010,SCK,CA,AWP,WE,Towers with Radar,0,0,22,0,22,0,3,47,1,51,0,3,69,1,73,38,0,38,111
07/11/2010,SCK,CA,AWP,WE,Towers with Radar,6,3,36,0,45,0,2,49,0,51,6,5,85,0,96,40,0,40,136
07/12/2010,SCK,CA,AWP,WE,Towers with Radar,6,0,29,0,35,0,11,54,2,67,6,11,83,2,102,18,0,18,120
07/13/2010,SCK,CA,AWP,WE,Towers with Radar,0,0,46,0,46,0,2,74,4,80,0,2,120,4,126,36,6,42,168
07/14/2010,SCK,CA,AWP,WE,Towers with Radar,4,5,40,1,50,0,5,86,5,96,4,10,126,6,146,32,12,44,190
07/15/2010,SCK,CA,AWP,WE,Towers with Radar,6,7,43,6,62,0,3,99,8,110,6,10,142,14,172,64,4,68,240
07/16/2010,SCK,CA,AWP,WE,Towers with Radar,6,0,58,3,67,0,5,78,8,91,6,5,136,11,158,16,14,30,188
07/17/2010,SCK,CA,AWP,WE,Towers with Radar,0,1,26,0,27,0,4,62,4,70,0,5,88,4,97,30,0,30,127
07/18/2010,SCK,CA,AWP,WE,Towers with Radar,6,1,34,1,42,0,1,52,2,55,6,2,86,3,97,8,2,10,107
07/19/2010,SCK,CA,AWP,WE,Towers with Radar,6,0,38,0,44,0,0,82,2,84,6,0,120,2,128,22,8,30,158
07/20/2010,SCK,CA,AWP,WE,Towers with Radar,0,0,22,0,22,0,9,51,1,61,0,9,73,1,83,18,14,32,115
07/21/2010,SCK,CA,AWP,WE,Towers with Radar,6,0,36,1,43,0,2,74,1,77,6,2,110,2,120,36,0,36,156
07/22/2010,SCK,CA,AWP,WE,Towers with Radar,6,5,57,2,70,0,1,85,4,90,6,6,142,6,160,28,0,28,188
07/23/2010,SCK,CA,AWP,WE,Towers with Radar,6,2,38,1,47,0,3,66,2,71,6,5,104,3,118,2,0,2,120
07/24/2010,SCK,CA,AWP,WE,Towers with Radar,2,0,28,0,30,0,0,46,0,46,2,0,74,0,76,8,0,8,84
07/25/2010,SCK,CA,AWP,WE,Towers with Radar,6,2,32,0,40,0,4,59,0,63,6,6,91,0,103,2,0,2,105
07/26/2010,SCK,CA,AWP,WE,Towers with Radar,6,0,31,0,37,0,3,45,2,50,6,3,76,2,87,56,0,56,143
07/27/2010,SCK,CA,AWP,WE,Towers with Radar,0,0,45,0,45,0,1,75,15,91,0,1,120,15,136,58,28,86,222
07/28/2010,SCK,CA,AWP,WE,Towers with Radar,5,0,37,0,42,0,6,68,4,78,5,6,105,4,120,34,14,48,168
07/29/2010,SCK,CA,AWP,WE,Towers with Radar,7,7,40,1,55,0,3,80,6,89,7,10,120,7,144,86,0,86,230
07/30/2010,SCK,CA,AWP,WE,Towers with Radar,6,0,41,0,47,0,3,82,3,88,6,3,123,3,135,24,0,24,159
07/31/2010,SCK,CA,AWP,WE,Towers with Radar,0,0,32,0,32,0,6,56,0,62,0,6,88,0,94,44,0,44,138
08/01/2010,SCK,CA,AWP,WE,Towers with Radar,6,3,15,2,26,0,1,39,0,40,6,4,54,2,66,10,0,10,76
08/02/2010,SCK,CA,AWP,WE,Towers with Radar,6,0,22,0,28,0,4,61,5,70,6,4,83,5,98,4,0,4,102
08/03/2010,SCK,CA,AWP,WE,Towers with Radar,0,2,29,0,31,0,1,63,9,73,0,3,92,9,104,4,0,4,108
08/04/2010,SCK,CA,AWP,WE,Towers with Radar,4,0,19,4,27,0,0,68,3,71,4,0,87,7,98,50,0,50,148
08/05/2010,SCK,CA,AWP,WE,Towers with Radar,6,1,43,4,54,0,4,89,11,104,6,5,132,15,158,16,10,26,184
08/06/2010,SCK,CA,AWP,WE,Towers with Radar,6,0,55,0,61,0,1,80,3,84,6,1,135,3,145,32,4,36,181
08/07/2010,SCK,CA,AWP,WE,Towers with Radar,0,0,29,1,30,0,4,55,4,63,0,4,84,5,93,50,0,50,143
08/08/2010,SCK,CA,AWP,WE,Towers with Radar,6,1,38,15,60,0,0,39,0,39,6,1,77,15,99,34,26,60,159
08/09/2010,SCK,CA,AWP,WE,Towers with Radar,6,1,32,0,39,0,1,49,7,57,6,2,81,7,96,10,4,14,110
08/10/2010,SCK,CA,AWP,WE,Towers with Radar,0,0,25,8,33,0,2,64,7,73,0,2,89,15,106,22,2,24,130
08/11/2010,SCK,CA,AWP,WE,Towers with Radar,4,2,55,8,69,0,1,81,5,87,4,3,136,13,156,60,4,64,220
08/12/2010,SCK,CA,AWP,WE,Towers with Radar,4,0,34,4,42,3,61,8,0,72,7,61,42,4,114,16,14,30,144
08/13/2010,SCK,CA,AWP,WE,Towers with Radar,6,2,45,1,54,0,2,89,1,92,6,4,134,2,146,80,0,80,226
08/14/2010,SCK,CA,AWP,WE,Towers with Radar,0,0,25,0,25,0,0,43,0,43,0,0,68,0,68,26,0,26,94
08/15/2010,SCK,CA,AWP,WE,Towers with Radar,4,1,16,0,21,0,5,43,0,48,4,6,59,0,69,46,0,46,115
08/16/2010,SCK,CA,AWP,WE,Towers with Radar,6,0,25,1,32,0,2,48,2,52,6,2,73,3,84,20,8,28,112
08/17/2010,SCK,CA,AWP,WE,Towers with Radar,0,1,27,3,31,0,6,52,6,64,0,7,79,9,95,18,0,18,113
08/18/2010,SCK,CA,AWP,WE,Towers with Radar,4,0,40,1,45,0,2,76,6,84,4,2,116,7,129,2,2,4,133
08/19/2010,SCK,CA,AWP,WE,Towers with Radar,4,0,33,0,37,0,3,80,10,93,4,3,113,10,130,14,4,18,148
08/20/2010,SCK,CA,AWP,WE,Towers with Radar,6,3,26,0,35,0,4,81,3,88,6,7,107,3,123,12,0,12,135
08/21/2010,SCK,CA,AWP,WE,Towers with Radar,0,3,29,0,32,0,7,64,5,76,0,10,93,5,108,44,0,44,152
08/22/2010,SCK,CA,AWP,WE,Towers with Radar,4,0,29,0,33,0,1,45,4,50,4,1,74,4,83,0,0,0,83
08/23/2010,SCK,CA,AWP,WE,Towers with Radar,6,0,29,2,37,0,8,60,2,70,6,8,89,4,107,2,0,2,109
08/24/2010,SCK,CA,AWP,WE,Towers with Radar,0,0,16,0,16,0,3,90,3,96,0,3,106,3,112,9,0,9,121
08/25/2010,SCK,CA,AWP,WE,Towers with Radar,4,2,24,0,30,0,2,49,1,52,4,4,73,1,82,14,0,14,96
08/26/2010,SCK,CA,AWP,WE,Towers with Radar,4,12,45,0,61,0,6,85,1,92,4,18,130,1,153,20,0,20,173
08/27/2010,SCK,CA,AWP,WE,Towers with Radar,4,4,35,0,43,0,9,71,1,81,4,13,106,1,124,24,0,24,148
08/28/2010,SCK,CA,AWP,WE,Towers with Radar,0,0,26,8,34,0,0,49,3,52,0,0,75,11,86,26,0,26,112
08/29/2010,SCK,CA,AWP,WE,Towers with Radar,4,0,25,0,29,0,7,38,0,45,4,7,63,0,74,2,0,2,76
08/30/2010,SCK,CA,AWP,WE,Towers with Radar,6,0,28,0,34,0,0,53,2,55,6,0,81,2,89,4,0,4,93
08/31/2010,SCK,CA,AWP,WE,Towers with Radar,0,2,37,1,40,0,4,89,4,97,0,6,126,5,137,14,0,14,151
09/01/2010,SCK,CA,AWP,WE,Towers with Radar,4,0,31,3,38,0,0,77,2,79,4,0,108,5,117,16,2,18,135
09/02/2010,SCK,CA,AWP,WE,Towers with Radar,5,4,32,8,49,0,4,65,3,72,5,8,97,11,121,18,0,18,139
09/03/2010,SCK,CA,AWP,WE,Towers with Radar,6,4,29,2,41,0,7,83,3,93,6,11,112,5,134,4,0,4,138
09/04/2010,SCK,CA,AWP,WE,Towers with Radar,0,0,31,0,31,0,6,54,0,60,0,6,85,0,91,22,0,22,113
09/05/2010,SCK,CA,AWP,WE,Towers with Radar,4,0,0,30,34,0,4,53,0,57,4,4,53,30,91,4,0,4,95
09/06/2010,SCK,CA,AWP,WE,Towers with Radar,4,0,28,0,32,0,2,37,0,39,4,2,65,0,71,0,0,0,71
09/07/2010,SCK,CA,AWP,WE,Towers with Radar,0,0,8,0,8,0,0,28,1,29,0,0,36,1,37,0,0,0,37
09/08/2010,SCK,CA,AWP,WE,Towers with Radar,4,2,29,0,35,0,7,37,4,48,4,9,66,4,83,12,0,12,95
09/09/2010,SCK,CA,AWP,WE,Towers with Radar,4,1,43,2,50,0,1,49,1,51,4,2,92,3,101,16,0,16,117
09/10/2010,SCK,CA,AWP,WE,Towers with Radar,4,4,44,0,52,0,1,82,3,86,4,5,126,3,138,10,0,10,148
09/11/2010,SCK,CA,AWP,WE,Towers with Radar,2,0,26,0,28,0,0,75,7,82,2,0,101,7,110,24,0,24,134
09/12/2010,SCK,CA,AWP,WE,Towers with Radar,4,0,23,1,28,0,0,52,11,63,4,0,75,12,91,8,10,18,109
09/13/2010,SCK,CA,AWP,WE,Towers with Radar,4,12,21,4,41,0,1,49,4,54,4,13,70,8,95,14,0,14,109
09/14/2010,SCK,CA,AWP,WE,Towers with Radar,0,4,27,5,36,0,6,79,6,91,0,10,106,11,127,12,4,16,143
09/15/2010,SCK,CA,AWP,WE,Towers with Radar,6,2,39,0,47,0,1,59,2,62,6,3,98,2,109,30,0,30,139
09/16/2010,SCK,CA,AWP,WE,Towers with Radar,4,0,51,0,55,0,7,74,7,88,4,7,125,7,143,34,4,38,181
09/17/2010,SCK,CA,AWP,WE,Towers with Radar,5,2,37,1,45,0,7,51,3,61,5,9,88,4,106,10,0,10,116
09/18/2010,SCK,CA,AWP,WE,Towers with Radar,1,0,26,0,27,0,1,53,0,54,1,1,79,0,81,4,0,4,85
09/19/2010,SCK,CA,AWP,WE,Towers with Radar,4,0,37,4,45,0,0,22,0,22,4,0,59,4,67,0,0,0,67
09/20/2010,SCK,CA,AWP,WE,Towers with Radar,4,8,36,0,48,0,11,51,2,64,4,19,87,2,112,44,0,44,156
09/21/2010,SCK,CA,AWP,WE,Towers with Radar,0,5,31,6,42,0,6,58,6,70,0,11,89,12,112,34,14,48,160
09/22/2010,SCK,CA,AWP,WE,Towers with Radar,4,0,36,0,40,0,4,61,1,66,4,4,97,1,106,58,0,58,164
09/23/2010,SCK,CA,AWP,WE,Towers with Radar,5,0,66,5,76,0,9,100,14,123,5,9,166,19,199,31,22,53,252
09/24/2010,SCK,CA,AWP,WE,Towers with Radar,4,10,29,0,43,0,0,36,0,36,4,10,65,0,79,0,0,0,79
09/25/2010,SCK,CA,AWP,WE,Towers with Radar,0,0,25,10,35,0,1,84,2,87,0,1,109,12,122,4,16,20,142
09/26/2010,SCK,CA,AWP,WE,Towers with Radar,4,0,40,0,44,0,6,64,1,71,4,6,104,1,115,24,0,24,139
09/27/2010,SCK,CA,AWP,WE,Towers with Radar,4,0,28,3,35,0,3,69,3,75,4,3,97,6,110,20,4,24,134
09/28/2010,SCK,CA,AWP,WE,Towers with Radar,0,0,32,7,39,0,1,63,17,81,0,1,95,24,120,6,14,20,140
09/29/2010,SCK,CA,AWP,WE,Towers with Radar,4,2,62,1,69,0,2,77,16,95,4,4,139,17,164,8,2,10,174
09/30/2010,SCK,CA,AWP,WE,Towers with Radar,4,0,22,2,28,0,0,80,2,82,4,0,102,4,110,26,6,32,142
10/01/2010,SCK,CA,AWP,WE,Towers with Radar,4,2,27,2,35,0,11,52,4,67,4,13,79,6,102,4,4,8,110
10/02/2010,SCK,CA,AWP,WE,Towers with Radar,0,0,23,0,23,0,6,47,8,61,0,6,70,8,84,28,0,28,112
10/03/2010,SCK,CA,AWP,WE,Towers with Radar,4,0,38,1,43,0,0,56,4,60,4,0,94,5,103,10,2,12,115
10/04/2010,SCK,CA,AWP,WE,Towers with Radar,2,3,17,2,24,0,1,22,5,28,2,4,39,7,52,14,2,16,68
10/05/2010,SCK,CA,AWP,WE,Towers with Radar,0,4,32,3,39,0,4,52,10,66,0,8,84,13,105,2,4,6,111
10/06/2010,SCK,CA,AWP,WE,Towers with Radar,4,0,36,1,41,0,1,41,2,44,4,1,77,3,85,6,0,6,91
10/07/2010,SCK,CA,AWP,WE,Towers with Radar,2,1,41,4,48,0,0,68,8,76,2,1,109,12,124,14,12,26,150
10/08/2010,SCK,CA,AWP,WE,Towers with Radar,4,1,43,2,50,0,2,89,0,91,4,3,132,2,141,10,0,10,151
10/09/2010,SCK,CA,AWP,WE,Towers with Radar,0,0,22,0,22,0,6,77,3,86,0,6,99,3,108,36,0,36,144
10/10/2010,SCK,CA,AWP,WE,Towers with Radar,4,1,30,0,35,0,2,47,0,49,4,3,77,0,84,20,0,20,104
10/11/2010,SCK,CA,AWP,WE,Towers with Radar,2,4,20,0,26,0,6,48,0,54,2,10,68,0,80,18,0,18,98
10/12/2010,SCK,CA,AWP,WE,Towers with Radar,0,0,26,2,28,0,3,57,5,65,0,3,83,7,93,18,0,18,111
10/13/2010,SCK,CA,AWP,WE,Towers with Radar,4,1,27,7,39,0,1,56,14,71,4,2,83,21,110,2,20,22,132
10/14/2010,SCK,CA,AWP,WE,Towers with Radar,2,1,27,2,32,0,4,62,1,67,2,5,89,3,99,16,0,16,115
10/15/2010,SCK,CA,AWP,WE,Towers with Radar,4,3,47,3,57,0,4,85,1,90,4,7,132,4,147,12,0,12,159
10/16/2010,SCK,CA,AWP,WE,Towers with Radar,0,0,38,1,39,0,3,56,0,59,0,3,94,1,98,20,0,20,118
10/17/2010,SCK,CA,AWP,WE,Towers with Radar,4,2,28,0,34,0,3,22,0,25,4,5,50,0,59,20,0,20,79
10/18/2010,SCK,CA,AWP,WE,Towers with Radar,3,4,51,0,58,0,3,51,0,54,3,7,102,0,112,42,0,42,154
10/19/2010,SCK,CA,AWP,WE,Towers with Radar,0,2,24,1,27,0,0,52,10,62,0,2,76,11,89,2,10,12,101
10/20/2010,SCK,CA,AWP,WE,Towers with Radar,4,1,32,14,51,0,0,43,8,51,4,1,75,22,102,20,12,32,134
10/21/2010,SCK,CA,AWP,WE,Towers with Radar,2,6,33,0,41,0,6,28,2,36,2,12,61,2,77,22,10,32,109
10/22/2010,SCK,CA,AWP,WE,Towers with Radar,4,12,54,8,78,0,2,37,7,46,4,14,91,15,124,16,20,36,160
10/23/2010,SCK,CA,AWP,WE,Towers with Radar,0,0,25,0,25,0,1,23,0,24,0,1,48,0,49,12,0,12,61
10/24/2010,SCK,CA,AWP,WE,Towers with Radar,4,3,22,0,29,0,0,0,0,0,4,3,22,0,29,0,0,0,29
10/25/2010,SCK,CA,AWP,WE,Towers with Radar,2,2,37,8,49,0,1,75,7,83,2,3,112,15,132,10,0,10,142
10/26/2010,SCK,CA,AWP,WE,Towers with Radar,0,2,46,0,48,0,3,82,16,101,0,5,128,16,149,12,10,22,171
10/27/2010,SCK,CA,AWP,WE,Towers with Radar,4,0,53,3,60,0,3,89,28,120,4,3,142,31,180,16,8,24,204
10/28/2010,SCK,CA,AWP,WE,Towers with Radar,2,6,25,2,35,0,2,35,23,60,2,8,60,25,95,8,5,13,108
10/29/2010,SCK,CA,AWP,WE,Towers with Radar,4,3,47,2,56,0,3,46,3,52,4,6,93,5,108,4,0,4,112
10/30/2010,SCK,CA,AWP,WE,Towers with Radar,0,0,66,0,66,0,0,16,0,16,0,0,82,0,82,2,0,2,84
10/31/2010,SCK,CA,AWP,WE,Towers with Radar,6,1,36,2,45,0,0,65,2,67,6,1,101,4,112,34,4,38,150
11/01/2010,SCK,CA,AWP,WE,Towers with Radar,2,0,40,0,42,0,4,47,0,51,2,4,87,0,93,2,2,4,97
11/02/2010,SCK,CA,AWP,WE,Towers with Radar,0,0,22,0,22,0,0,63,14,77,0,0,85,14,99,10,4,14,113
11/03/2010,SCK,CA,AWP,WE,Towers with Radar,4,3,33,13,53,0,2,60,6,68,4,5,93,19,121,8,6,14,135
11/04/2010,SCK,CA,AWP,WE,Towers with Radar,4,0,31,0,35,0,5,72,6,83,4,5,103,6,118,26,0,26,144
11/05/2010,SCK,CA,AWP,WE,Towers with Radar,4,3,50,1,58,0,4,56,3,63,4,7,106,4,121,6,0,6,127
11/06/2010,SCK,CA,AWP,WE,Towers with Radar,0,5,68,0,73,0,2,61,7,70,0,7,129,7,143,30,10,40,183
11/07/2010,SCK,CA,AWP,WE,Towers with Radar,4,3,30,3,40,0,0,4,0,4,4,3,34,3,44,0,0,0,44
11/08/2010,SCK,CA,AWP,WE,Towers with Radar,5,5,30,5,45,1,5,45,1,52,6,10,75,6,97,4,2,6,103
11/09/2010,SCK,CA,AWP,WE,Towers with Radar,0,0,45,1,46,0,4,44,10,58,0,4,89,11,104,10,0,10,114
11/10/2010,SCK,CA,AWP,WE,Towers with Radar,6,0,29,8,43,0,3,30,7,40,6,3,59,15,83,8,0,8,91
11/11/2010,SCK,CA,AWP,WE,Towers with Radar,2,0,46,4,52,0,5,86,0,91,2,5,132,4,143,24,0,24,167
11/12/2010,SCK,CA,AWP,WE,Towers with Radar,4,1,40,0,45,0,4,80,1,85,4,5,120,1,130,6,0,6,136
11/13/2010,SCK,CA,AWP,WE,Towers with Radar,2,2,18,0,22,0,2,57,0,59,2,4,75,0,81,40,0,40,121
11/14/2010,SCK,CA,AWP,WE,Towers with Radar,4,0,47,0,51,0,3,35,0,38,4,3,82,0,89,26,0,26,115
11/15/2010,SCK,CA,AWP,WE,Towers with Radar,2,0,11,21,34,0,1,61,3,65,2,1,72,24,99,8,12,20,119
11/16/2010,SCK,CA,AWP,WE,Towers with Radar,0,0,29,18,47,0,8,64,0,72,0,8,93,18,119,20,0,20,139
11/17/2010,SCK,CA,AWP,WE,Towers with Radar,4,2,32,3,41,0,1,59,7,67,4,3,91,10,108,10,2,12,120
11/18/2010,SCK,CA,AWP,WE,Towers with Radar,2,0,68,0,70,0,1,84,9,94,2,1,152,9,164,18,6,24,188
11/19/2010,SCK,CA,AWP,WE,Towers with Radar,4,0,50,7,61,0,1,26,1,28,4,1,76,8,89,18,6,24,113
11/20/2010,SCK,CA,AWP,WE,Towers with Radar,0,3,11,0,14,0,1,11,0,12,0,4,22,0,26,0,0,0,26
11/21/2010,SCK,CA,AWP,WE,Towers with Radar,6,0,23,0,29,0,0,8,0,8,6,0,31,0,37,4,0,4,41
11/22/2010,SCK,CA,AWP,WE,Towers with Radar,2,0,26,0,28,0,0,27,0,27,2,0,53,0,55,0,0,0,55
11/23/2010,SCK,CA,AWP,WE,Towers with Radar,0,0,35,0,35,0,1,20,3,24,0,1,55,3,59,4,0,4,63
11/24/2010,SCK,CA,AWP,WE,Towers with Radar,4,5,54,0,63,0,5,61,2,68,4,10,115,2,131,6,2,8,139
11/25/2010,SCK,CA,AWP,WE,Towers with Radar,2,0,14,0,16,0,0,16,0,16,2,0,30,0,32,0,0,0,32
11/26/2010,SCK,CA,AWP,WE,Towers with Radar,4,0,42,0,46,0,6,41,0,47,4,6,83,0,93,46,0,46,139
11/27/2010,SCK,CA,AWP,WE,Towers with Radar,0,0,27,0,27,0,0,4,0,4,0,0,31,0,31,0,0,0,31
11/28/2010,SCK,CA,AWP,WE,Towers with Radar,4,2,58,0,64,0,3,58,1,62,4,5,116,1,126,0,0,0,126
11/29/2010,SCK,CA,AWP,WE,Towers with Radar,2,11,46,1,60,0,5,68,1,74,2,16,114,2,134,8,0,8,142
11/30/2010,SCK,CA,AWP,WE,Towers with Radar,0,0,36,6,42,0,1,58,13,72,0,1,94,19,114,4,2,6,120
12/01/2010,SCK,CA,AWP,WE,Towers with Radar,4,8,39,2,53,0,12,37,8,57,4,20,76,10,110,4,10,14,124
12/02/2010,SCK,CA,AWP,WE,Towers with Radar,2,0,29,13,44,0,2,20,7,29,2,2,49,20,73,48,16,64,137
12/03/2010,SCK,CA,AWP,WE,Towers with Radar,4,0,50,16,70,0,1,0,2,3,4,1,50,18,73,0,14,14,87
12/04/2010,SCK,CA,AWP,WE,Towers with Radar,0,0,48,0,48,0,6,15,9,30,0,6,63,9,78,20,2,22,100
12/05/2010,SCK,CA,AWP,WE,Towers with Radar,4,1,26,0,31,0,1,5,2,8,4,2,31,2,39,8,0,8,47
12/06/2010,SCK,CA,AWP,WE,Towers with Radar,2,2,26,0,30,0,0,41,9,50,2,2,67,9,80,9,0,9,89
12/07/2010,SCK,CA,AWP,WE,Towers with Radar,0,2,19,1,22,0,2,37,15,54,0,4,56,16,76,22,2,24,100
12/08/2010,SCK,CA,AWP,WE,Towers with Radar,4,6,35,3,48,0,0,10,5,15,4,6,45,8,63,6,2,8,71
12/09/2010,SCK,CA,AWP,WE,Towers with Radar,4,0,37,4,45,0,10,31,15,56,4,10,68,19,101,30,0,30,131
12/10/2010,SCK,CA,AWP,WE,Towers with Radar,4,0,51,0,55,0,0,20,7,27,4,0,71,7,82,22,0,22,104
12/11/2010,SCK,CA,AWP,WE,Towers with Radar,0,1,88,0,89,0,0,0,0,0,0,1,88,0,89,0,0,0,89
12/12/2010,SCK,CA,AWP,WE,Towers with Radar,6,1,75,3,85,0,2,2,0,4,6,3,77,3,89,0,0,0,89
12/13/2010,SCK,CA,AWP,WE,Towers with Radar,2,2,67,9,80,0,3,0,0,3,2,5,67,9,83,0,0,0,83
12/14/2010,SCK,CA,AWP,WE,Towers with Radar,0,1,45,11,57,0,0,1,10,11,0,1,46,21,68,0,0,0,68
12/15/2010,SCK,CA,AWP,WE,Towers with Radar,3,14,80,1,98,0,3,33,3,39,3,17,113,4,137,10,0,10,147
12/16/2010,SCK,CA,AWP,WE,Towers with Radar,2,1,65,4,72,0,1,1,3,5,2,2,66,7,77,0,0,0,77
12/17/2010,SCK,CA,AWP,WE,Towers with Radar,2,0,28,0,30,0,0,1,0,1,2,0,29,0,31,0,0,0,31
12/18/2010,SCK,CA,AWP,WE,Towers with Radar,0,2,37,0,39,0,0,0,0,0,0,2,37,0,39,0,0,0,39
12/19/2010,SCK,CA,AWP,WE,Towers with Radar,4,0,10,4,18,0,1,1,0,2,4,1,11,4,20,0,0,0,20
12/20/2010,SCK,CA,AWP,WE,Towers with Radar,2,7,23,14,46,0,2,14,5,21,2,9,37,19,67,0,0,0,67
12/21/2010,SCK,CA,AWP,WE,Towers with Radar,0,0,24,6,30,0,2,14,1,17,0,2,38,7,47,10,3,13,60
12/22/2010,SCK,CA,AWP,WE,Towers with Radar,2,1,40,4,47,0,3,10,1,14,2,4,50,5,61,4,2,6,67
12/23/2010,SCK,CA,AWP,WE,Towers with Radar,2,0,50,6,58,0,2,75,1,78,2,2,125,7,136,70,0,70,206
12/24/2010,SCK,CA,AWP,WE,Towers with Radar,0,1,50,0,51,0,0,7,0,7,0,1,57,0,58,4,0,4,62
12/25/2010,SCK,CA,AWP,WE,Towers with Radar,2,1,10,0,13,0,2,3,0,5,2,3,13,0,18,0,0,0,18
12/26/2010,SCK,CA,AWP,WE,Towers with Radar,2,2,24,0,28,0,0,27,0,27,2,2,51,0,55,0,0,0,55
12/27/2010,SCK,CA,AWP,WE,Towers with Radar,2,2,42,0,46,0,2,31,0,33,2,4,73,0,79,20,0,20,99
12/28/2010,SCK,CA,AWP,WE,Towers with Radar,0,0,18,0,18,0,9,10,3,22,0,9,28,3,40,2,4,6,46
12/29/2010,SCK,CA,AWP,WE,Towers with Radar,2,7,18,4,31,0,6,5,0,11,2,13,23,4,42,2,6,8,50
12/30/2010,SCK,CA,AWP,WE,Towers with Radar,2,1,34,4,41,0,2,80,1,83,2,3,114,5,124,66,4,70,194
12/31/2010,SCK,CA,AWP,WE,Towers with Radar,0,0,50,0,50,0,0,79,0,79,0,0,129,0,129,16,0,16,145
01/01/2011,SCK,CA,AWP,WE,Towers with Radar,2,0,8,0,10,0,2,1,0,3,2,2,9,0,13,0,0,0,13
01/02/2011,SCK,CA,AWP,WE,Towers with Radar,2,2,22,0,26,0,3,0,0,3,2,5,22,0,29,24,0,24,53
01/03/2011,SCK,CA,AWP,WE,Towers with Radar,2,1,28,0,31,0,1,29,0,30,2,2,57,0,61,14,0,14,75
01/04/2011,SCK,CA,AWP,WE,Towers with Radar,0,0,31,1,32,0,0,0,0,0,0,0,31,1,32,0,0,0,32
01/05/2011,SCK,CA,AWP,WE,Towers with Radar,2,0,44,2,48,0,0,8,0,8,2,0,52,2,56,0,0,0,56
01/06/2011,SCK,CA,AWP,WE,Towers with Radar,2,0,37,2,41,0,0,1,0,1,2,0,38,2,42,0,0,0,42
01/07/2011,SCK,CA,AWP,WE,Towers with Radar,2,5,52,1,60,0,0,0,0,0,2,5,52,1,60,0,0,0,60
01/08/2011,SCK,CA,AWP,WE,Towers with Radar,0,3,48,10,61,0,0,1,2,3,0,3,49,12,64,0,2,2,66
01/09/2011,SCK,CA,AWP,WE,Towers with Radar,4,1,70,6,81,0,0,19,1,20,4,1,89,7,101,2,10,12,113
01/10/2011,SCK,CA,AWP,WE,Towers with Radar,2,2,27,1,32,0,3,60,5,68,2,5,87,6,100,42,0,42,142
01/11/2011,SCK,CA,AWP,WE,Towers with Radar,1,5,26,10,42,0,4,19,7,30,1,9,45,17,72,24,4,28,100
01/12/2011,SCK,CA,AWP,WE,Towers with Radar,2,3,40,9,54,0,2,24,5,31,2,5,64,14,85,8,0,8,93
01/13/2011,SCK,CA,AWP,WE,Towers with Radar,4,0,39,25,68,0,7,18,8,33,4,7,57,33,101,4,4,8,109
01/14/2011,SCK,CA,AWP,WE,Towers with Radar,3,0,45,0,48,0,1,23,0,24,3,1,68,0,72,14,0,14,86
01/15/2011,SCK,CA,AWP,WE,Towers with Radar,0,0,69,0,69,0,1,1,0,2,0,1,70,0,71,0,0,0,71
01/16/2011,SCK,CA,AWP,WE,Towers with Radar,2,1,39,0,42,0,0,0,0,0,2,1,39,0,42,0,0,0,42
01/17/2011,SCK,CA,AWP,WE,Towers with Radar,2,1,34,5,42,0,0,0,0,0,2,1,34,5,42,0,0,0,42
01/18/2011,SCK,CA,AWP,WE,Towers with Radar,0,2,59,0,61,0,1,33,5,39,0,3,92,5,100,6,2,8,108
01/19/2011,SCK,CA,AWP,WE,Towers with Radar,4,2,56,3,65,0,2,25,2,29,4,4,81,5,94,20,0,20,114
01/20/2011,SCK,CA,AWP,WE,Towers with Radar,2,2,29,4,37,0,1,80,2,83,2,3,109,6,120,42,10,52,172
01/21/2011,SCK,CA,AWP,WE,Towers with Radar,2,2,44,4,52,0,0,37,2,39,2,2,81,6,91,26,0,26,117
01/22/2011,SCK,CA,AWP,WE,Towers with Radar,0,0,43,0,43,0,2,55,0,57,0,2,98,0,100,32,0,32,132
01/23/2011,SCK,CA,AWP,WE,Towers with Radar,2,0,28,0,30,0,2,15,0,17,2,2,43,0,47,10,0,10,57
01/24/2011,SCK,CA,AWP,WE,Towers with Radar,2,0,33,4,39,0,0,15,0,15,2,0,48,4,54,12,0,12,66
01/25/2011,SCK,CA,AWP,WE,Towers with Radar,0,2,31,8,41,0,0,0,1,1,0,2,31,9,42,0,0,0,42
01/26/2011,SCK,CA,AWP,WE,Towers with Radar,2,7,44,10,63,0,1,3,4,8,2,8,47,14,71,0,0,0,71
01/27/2011,SCK,CA,AWP,WE,Towers with Radar,2,1,38,1,42,0,2,28,4,34,2,3,66,5,76,2,8,10,86
01/28/2011,SCK,CA,AWP,WE,Towers with Radar,2,0,72,1,75,0,0,0,0,0,2,0,72,1,75,0,0,0,75
01/29/2011,SCK,CA,AWP,WE,Towers with Radar,0,3,57,0,60,0,1,3,0,4,0,4,60,0,64,18,0,18,82
01/30/2011,SCK,CA,AWP,WE,Towers with Radar,2,2,27,0,31,0,0,0,0,0,2,2,27,0,31,0,0,0,31
01/31/2011,SCK,CA,AWP,WE,Towers with Radar,2,0,47,0,49,0,0,70,2,72,2,0,117,2,121,22,0,22,143
02/01/2011,SCK,CA,AWP,WE,Towers with Radar,0,2,39,0,41,0,1,35,5,41,0,3,74,5,82,44,0,44,126
02/02/2011,SCK,CA,AWP,WE,Towers with Radar,2,1,39,1,43,0,3,78,7,88,2,4,117,8,131,12,0,12,143
02/03/2011,SCK,CA,AWP,WE,Towers with Radar,0,0,34,0,34,0,0,56,5,61,0,0,90,5,95,22,0,22,117
02/04/2011,SCK,CA,AWP,WE,Towers with Radar,2,0,43,0,45,0,3,72,6,81,2,3,115,6,126,60,0,60,186
02/05/2011,SCK,CA,AWP,WE,Towers with Radar,0,0,30,4,34,0,5,56,0,61,0,5,86,4,95,46,0,46,141
02/06/2011,SCK,CA,AWP,WE,Towers with Radar,2,0,21,0,23,0,3,37,2,42,2,3,58,2,65,0,0,0,65
02/07/2011,SCK,CA,AWP,WE,Towers with Radar,2,0,25,0,27,0,5,56,5,66,2,5,81,5,93,22,0,22,115
02/08/2011,SCK,CA,AWP,WE,Towers with Radar,0,0,24,17,41,0,4,29,0,33,0,4,53,17,74,16,28,44,118
02/09/2011,SCK,CA,AWP,WE,Towers with Radar,3,0,25,1,29,0,5,84,9,98,3,5,109,10,127,20,2,22,149
02/10/2011,SCK,CA,AWP,WE,Towers with Radar,0,0,50,0,50,0,5,71,5,81,0,5,121,5,131,24,4,28,159
02/11/2011,SCK,CA,AWP,WE,Towers with Radar,2,1,47,0,50,0,6,85,3,94,2,7,132,3,144,4,2,6,150
02/12/2011,SCK,CA,AWP,WE,Towers with Radar,0,0,29,0,29,0,1,62,2,65,0,1,91,2,94,48,0,48,142
02/13/2011,SCK,CA,AWP,WE,Towers with Radar,4,0,39,0,43,0,1,53,5,59,4,1,92,5,102,0,0,0,102
02/14/2011,SCK,CA,AWP,WE,Towers with Radar,2,1,15,0,18,0,0,10,0,10,2,1,25,0,28,0,0,0,28
02/15/2011,SCK,CA,AWP,WE,Towers with Radar,0,0,22,2,24,0,4,15,3,22,0,4,37,5,46,0,0,0,46
02/16/2011,SCK,CA,AWP,WE,Towers with Radar,2,0,19,6,27,0,0,16,4,20,2,0,35,10,47,10,2,12,59
02/17/2011,SCK,CA,AWP,WE,Towers with Radar,4,4,9,0,17,0,4,5,1,10,4,8,14,1,27,0,0,0,27
02/18/2011,SCK,CA,AWP,WE,Towers with Radar,2,0,18,2,22,0,1,4,1,6,2,1,22,3,28,0,0,0,28
02/19/2011,SCK,CA,AWP,WE,Towers with Radar,0,0,9,0,9,0,4,20,0,24,0,4,29,0,33,6,0,6,39
02/20/2011,SCK,CA,AWP,WE,Towers with Radar,4,2,30,0,36,0,0,51,0,51,4,2,81,0,87,16,0,16,103
02/21/2011,SCK,CA,AWP,WE,Towers with Radar,2,1,55,2,60,0,2,61,0,63,2,3,116,2,123,34,0,34,157
02/22/2011,SCK,CA,AWP,WE,Towers with Radar,0,0,43,1,44,0,9,58,3,70,0,9,101,4,114,12,0,12,126
02/23/2011,SCK,CA,AWP,WE,Towers with Radar,2,4,66,10,82,0,3,54,12,69,2,7,120,22,151,16,0,16,167
02/24/2011,SCK,CA,AWP,WE,Towers with Radar,2,0,49,1,52,0,4,23,3,30,2,4,72,4,82,0,6,6,88
02/25/2011,SCK,CA,AWP,WE,Towers with Radar,2,0,20,1,23,0,2,13,1,16,2,2,33,2,39,2,0,2,41
02/26/2011,SCK,CA,AWP,WE,Towers with Radar,0,2,27,0,29,0,0,32,0,32,0,2,59,0,61,18,0,18,79
02/27/2011,SCK,CA,AWP,WE,Towers with Radar,4,1,40,0,45,0,2,69,1,72,4,3,109,1,117,12,0,12,129
02/28/2011,SCK,CA,AWP,WE,Towers with Radar,2,1,58,6,67,0,1,69,2,72,2,2,127,8,139,30,0,30,169
03/01/2011,SCK,CA,AWP,WE,Towers with Radar,0,0,53,6,59,0,3,80,4,87,0,3,133,10,146,28,0,28,174
03/02/2011,SCK,CA,AWP,WE,Towers with Radar,2,1,17,19,39,0,3,7,0,10,2,4,24,19,49,2,20,22,71
03/03/2011,SCK,CA,AWP,WE,Towers with Radar,2,0,48,10,60,0,0,40,7,47,2,0,88,17,107,0,18,18,125
03/04/2011,SCK,CA,AWP,WE,Towers with Radar,2,2,50,2,56,0,0,71,4,75,2,2,121,6,131,24,0,24,155
03/05/2011,SCK,CA,AWP,WE,Towers with Radar,0,0,32,0,32,0,0,48,10,58,0,0,80,10,90,36,0,36,126
03/06/2011,SCK,CA,AWP,WE,Towers with Radar,4,0,38,0,42,0,0,1,0,1,4,0,39,0,43,6,0,6,49
03/07/2011,SCK,CA,AWP,WE,Towers with Radar,2,0,21,8,31,0,5,28,0,33,2,5,49,8,64,24,0,24,88
03/08/2011,SCK,CA,AWP,WE,Towers with Radar,0,0,47,3,50,0,1,41,5,47,0,1,88,8,97,6,4,10,107
03/09/2011,SCK,CA,AWP,WE,Towers with Radar,2,2,48,13,65,0,9,54,11,74,2,11,102,24,139,6,18,24,163
03/10/2011,SCK,CA,AWP,WE,Towers with Radar,4,0,48,2,54,0,5,32,6,43,4,5,80,8,97,10,0,10,107
03/11/2011,SCK,CA,AWP,WE,Towers with Radar,2,6,50,14,72,0,6,43,9,58,2,12,93,23,130,8,24,32,162
03/12/2011,SCK,CA,AWP,WE,Towers with Radar,0,2,40,4,46,0,2,50,0,52,0,4,90,4,98,64,0,64,162
03/13/2011,SCK,CA,AWP,WE,Towers with Radar,4,0,35,0,39,0,0,21,0,21,4,0,56,0,60,4,0,4,64
03/14/2011,SCK,CA,AWP,WE,Towers with Radar,2,2,52,4,60,0,2,39,0,41,2,4,91,4,101,6,0,6,107
03/15/2011,SCK,CA,AWP,WE,Towers with Radar,0,3,25,11,39,0,1,22,17,40,0,4,47,28,79,22,12,34,113
03/16/2011,SCK,CA,AWP,WE,Towers with Radar,2,2,39,11,54,0,4,40,10,54,2,6,79,21,108,18,2,20,128
03/17/2011,SCK,CA,AWP,WE,Towers with Radar,4,6,82,1,93,0,4,70,6,80,4,10,152,7,173,76,4,80,253
03/18/2011,SCK,CA,AWP,WE,Towers with Radar,2,0,11,0,13,0,1,12,0,13,2,1,23,0,26,0,0,0,26
03/19/2011,SCK,CA,AWP,WE,Towers with Radar,2,0,9,0,11,0,0,1,0,1,2,0,10,0,12,0,0,0,12
03/20/2011,SCK,CA,AWP,WE,Towers with Radar,4,0,8,0,12,0,5,1,0,6,4,5,9,0,18,0,0,0,18
03/21/2011,SCK,CA,AWP,WE,Towers with Radar,2,2,24,0,28,0,2,10,0,12,2,4,34,0,40,6,0,6,46
03/22/2011,SCK,CA,AWP,WE,Towers with Radar,0,2,26,6,34,0,1,41,10,52,0,3,67,16,86,12,10,22,108
03/23/2011,SCK,CA,AWP,WE,Towers with Radar,2,5,16,4,27,0,2,0,3,5,2,7,16,7,32,0,2,2,34
03/24/2011,SCK,CA,AWP,WE,Towers with Radar,4,0,13,0,17,0,1,2,1,4,4,1,15,1,21,2,0,2,23
03/25/2011,SCK,CA,AWP,WE,Towers with Radar,2,3,18,6,29,0,2,18,3,23,2,5,36,9,52,12,0,12,64
03/26/2011,SCK,CA,AWP,WE,Towers with Radar,4,0,16,0,20,0,0,2,0,2,4,0,18,0,22,0,0,0,22
03/27/2011,SCK,CA,AWP,WE,Towers with Radar,4,0,38,0,42,0,0,44,0,44,4,0,82,0,86,6,0,6,92
03/28/2011,SCK,CA,AWP,WE,Towers with Radar,2,2,47,1,52,0,3,57,1,61,2,5,104,2,113,8,6,14,127
03/29/2011,SCK,CA,AWP,WE,Towers with Radar,2,0,62,4,68,0,3,74,11,88,2,3,136,15,156,24,12,36,192
03/30/2011,SCK,CA,AWP,WE,Towers with Radar,2,8,42,12,64,0,6,68,23,97,2,14,110,35,161,14,20,34,195
03/31/2011,SCK,CA,AWP,WE,Towers with Radar,3,1,55,1,60,0,2,91,10,103,3,3,146,11,163,46,18,64,227
04/01/2011,SCK,CA,AWP,WE,Towers with Radar,2,12,51,0,65,0,4,95,0,99,2,16,146,0,164,18,0,18,182
04/02/2011,SCK,CA,AWP,WE,Towers with Radar,2,0,29,0,31,0,6,83,0,89,2,6,112,0,120,64,0,64,184
04/03/2011,SCK,CA,AWP,WE,Towers with Radar,4,0,19,2,25,0,5,50,1,56,4,5,69,3,81,8,0,8,89
04/04/2011,SCK,CA,AWP,WE,Towers with Radar,2,4,35,2,43,0,4,35,2,41,2,8,70,4,84,18,4,22,106
04/05/2011,SCK,CA,AWP,WE,Towers with Radar,0,1,47,11,59,0,6,66,2,74,0,7,113,13,133,32,26,58,191
04/06/2011,SCK,CA,AWP,WE,Towers with Radar,2,0,26,0,28,0,10,52,11,73,2,10,78,11,101,8,8,16,117
04/07/2011,SCK,CA,AWP,WE,Towers with Radar,4,2,13,1,20,0,4,34,6,44,4,6,47,7,64,6,0,6,70
04/08/2011,SCK,CA,AWP,WE,Towers with Radar,2,1,29,1,33,0,7,95,3,105,2,8,124,4,138,44,10,54,192
04/09/2011,SCK,CA,AWP,WE,Towers with Radar,0,0,32,0,32,0,4,90,0,94,0,4,122,0,126,64,0,64,190
04/10/2011,SCK,CA,AWP,WE,Towers with Radar,4,2,15,1,22,0,2,55,1,58,4,4,70,2,80,20,6,26,106
04/11/2011,SCK,CA,AWP,WE,Towers with Radar,2,4,27,6,39,0,12,50,6,68,2,16,77,12,107,38,6,44,151
04/12/2011,SCK,CA,AWP,WE,Towers with Radar,0,2,43,3,48,0,6,79,12,97,0,8,122,15,145,52,4,56,201
04/13/2011,SCK,CA,AWP,WE,Towers with Radar,2,0,27,4,33,0,0,33,5,38,2,0,60,9,71,8,4,12,83
04/14/2011,SCK,CA,AWP,WE,Towers with Radar,4,1,50,1,56,0,11,72,2,85,4,12,122,3,141,44,0,44,185
04/15/2011,SCK,CA,AWP,WE,Towers with Radar,2,2,80,6,90,0,2,53,4,59,2,4,133,10,149,38,0,38,187
04/16/2011,SCK,CA,AWP,WE,Towers with Radar,0,1,26,1,28,0,3,69,10,82,0,4,95,11,110,8,0,8,118
04/17/2011,SCK,CA,AWP,WE,Towers with Radar,4,1,20,0,25,0,0,40,5,45,4,1,60,5,70,4,0,4,74
04/18/2011,SCK,CA,AWP,WE,Towers with Radar,2,0,15,11,28,0,0,20,8,28,2,0,35,19,56,14,44,58,114
04/19/2011,SCK,CA,AWP,WE,Towers with Radar,0,2,60,7,69,0,9,36,8,53,0,11,96,15,122,32,30,62,184
04/20/2011,SCK,CA,AWP,WE,Towers with Radar,2,1,32,4,39,0,3,17,16,36,2,4,49,20,75,6,16,22,97
04/21/2011,SCK,CA,AWP,WE,Towers with Radar,4,0,39,3,46,0,0,61,11,72,4,0,100,14,118,30,38,68,186
04/22/2011,SCK,CA,AWP,WE,Towers with Radar,2,1,52,3,58,0,8,45,18,71,2,9,97,21,129,32,48,80,209
04/23/2011,SCK,CA,AWP,WE,Towers with Radar,0,0,56,0,56,0,12,32,1,45,0,12,88,1,101,28,0,28,129
04/24/2011,SCK,CA,AWP,WE,Towers with Radar,4,2,17,0,23,0,5,10,0,15,4,7,27,0,38,32,0,32,70
04/25/2011,SCK,CA,AWP,WE,Towers with Radar,3,4,23,2,32,1,3,31,6,41,4,7,54,8,73,62,0,62,135
04/26/2011,SCK,CA,AWP,WE,Towers with Radar,0,0,48,3,51,0,2,56,8,66,0,2,104,11,117,24,0,24,141
04/27/2011,SCK,CA,AWP,WE,Towers with Radar,2,4,33,2,41,0,4,70,5,79,2,8,103,7,120,70,9,79,199
04/28/2011,SCK,CA,AWP,WE,Towers with Radar,2,0,42,0,44,0,1,30,7,38,2,1,72,7,82,32,8,40,122
04/29/2011,SCK,CA,AWP,WE,Towers with Radar,2,2,41,5,50,0,2,50,3,55,2,4,91,8,105,6,0,6,111
04/30/2011,SCK,CA,AWP,WE,Towers with Radar,0,0,22,0,22,0,5,45,0,50,0,5,67,0,72,18,0,18,90
05/01/2011,SCK,CA,AWP,WE,Towers with Radar,4,2,24,0,30,0,9,64,0,73,4,11,88,0,103,32,0,32,135
05/02/2011,SCK,CA,AWP,WE,Towers with Radar,2,6,22,0,30,0,3,59,5,67,2,9,81,5,97,24,0,24,121
05/03/2011,SCK,CA,AWP,WE,Towers with Radar,0,0,24,4,28,0,0,59,2,61,0,0,83,6,89,90,22,112,201
05/04/2011,SCK,CA,AWP,WE,Towers with Radar,2,1,41,1,45,0,3,60,7,70,2,4,101,8,115,46,8,54,169
05/05/2011,SCK,CA,AWP,WE,Towers with Radar,2,0,35,0,37,0,8,61,7,76,2,8,96,7,113,54,0,54,167
05/06/2011,SCK,CA,AWP,WE,Towers with Radar,2,4,35,0,41,0,5,63,4,72,2,9,98,4,113,24,0,24,137
05/07/2011,SCK,CA,AWP,WE,Towers with Radar,0,2,19,2,23,0,4,37,0,41,0,6,56,2,64,18,0,18,82
05/08/2011,SCK,CA,AWP,WE,Towers with Radar,6,2,18,0,26,0,0,13,1,14,6,2,31,1,40,10,0,10,50
05/09/2011,SCK,CA,AWP,WE,Towers with Radar,2,0,23,0,25,0,2,39,1,42,2,2,62,1,67,34,0,34,101
05/10/2011,SCK,CA,AWP,WE,Towers with Radar,0,2,41,11,54,0,1,59,8,68,0,3,100,19,122,30,2,32,154
05/11/2011,SCK,CA,AWP,WE,Towers with Radar,2,3,28,1,34,0,6,52,3,61,2,9,80,4,95,30,4,34,129
05/12/2011,SCK,CA,AWP,WE,Towers with Radar,4,2,34,3,43,0,3,61,4,68,4,5,95,7,111,26,8,34,145
05/13/2011,SCK,CA,AWP,WE,Towers with Radar,2,6,26,8,42,0,2,60,4,66,2,8,86,12,108,26,2,28,136
05/14/2011,SCK,CA,AWP,WE,Towers with Radar,0,0,17,2,19,0,1,33,9,43,0,1,50,11,62,22,0,22,84
05/15/2011,SCK,CA,AWP,WE,Towers with Radar,4,2,15,1,22,0,2,14,1,17,4,4,29,2,39,0,2,2,41
05/16/2011,SCK,CA,AWP,WE,Towers with Radar,2,5,31,8,46,0,3,18,5,26,2,8,49,13,72,6,16,22,94
05/17/2011,SCK,CA,AWP,WE,Towers with Radar,0,0,13,5,18,0,0,11,6,17,0,0,24,11,35,12,0,12,47
05/18/2011,SCK,CA,AWP,WE,Towers with Radar,0,0,42,4,46,0,2,22,9,33,0,2,64,13,79,16,0,16,95
05/19/2011,SCK,CA,AWP,WE,Towers with Radar,2,0,20,0,22,0,13,65,3,81,2,13,85,3,103,34,0,34,137
05/20/2011,SCK,CA,AWP,WE,Towers with Radar,4,2,46,2,54,0,16,67,5,88,4,18,113,7,142,24,0,24,166
05/21/2011,SCK,CA,AWP,WE,Towers with Radar,0,1,14,0,15,0,11,53,0,64,0,12,67,0,79,42,0,42,121
05/22/2011,SCK,CA,AWP,WE,Towers with Radar,2,1,14,0,17,0,2,28,0,30,2,3,42,0,47,24,0,24,71
05/23/2011,SCK,CA,AWP,WE,Towers with Radar,4,3,39,3,49,0,5,31,2,38,4,8,70,5,87,26,4,30,117
05/24/2011,SCK,CA,AWP,WE,Towers with Radar,0,0,52,5,57,0,3,74,8,85,0,3,126,13,142,37,0,37,179
05/25/2011,SCK,CA,AWP,WE,Towers with Radar,0,0,33,12,45,0,0,38,3,41,0,0,71,15,86,8,0,8,94
05/26/2011,SCK,CA,AWP,WE,Towers with Radar,2,0,61,0,63,0,3,61,6,70,2,3,122,6,133,22,8,30,163
05/27/2011,SCK,CA,AWP,WE,Towers with Radar,4,4,45,0,53,0,0,61,4,65,4,4,106,4,118,32,4,36,154
05/28/2011,SCK,CA,AWP,WE,Towers with Radar,0,1,23,0,24,0,2,36,3,41,0,3,59,3,65,2,6,8,73
05/29/2011,SCK,CA,AWP,WE,Towers with Radar,2,0,39,0,41,0,0,37,2,39,2,0,76,2,80,20,6,26,106
05/30/2011,SCK,CA,AWP,WE,Towers with Radar,4,0,16,0,20,0,7,35,0,42,4,7,51,0,62,8,0,8,70
05/31/2011,SCK,CA,AWP,WE,Towers with Radar,0,0,36,1,37,0,5,22,3,30,0,5,58,4,67,42,0,42,109
06/01/2011,SCK,CA,AWP,WE,Towers with Radar,0,0,24,8,32,0,1,40,3,44,0,1,64,11,76,38,0,38,114
06/02/2011,SCK,CA,AWP,WE,Towers with Radar,2,2,39,0,43,0,10,56,4,70,2,12,95,4,113,52,0,52,165
06/03/2011,SCK,CA,AWP,WE,Towers with Radar,4,1,37,4,46,0,3,49,4,56,4,4,86,8,102,21,4,25,127
06/04/2011,SCK,CA,AWP,WE,Towers with Radar,0,3,13,4,20,0,9,8,0,17,0,12,21,4,37,4,2,6,43
06/05/2011,SCK,CA,AWP,WE,Towers with Radar,2,0,9,0,11,0,3,17,3,23,2,3,26,3,34,6,0,6,40
06/06/2011,SCK,CA,AWP,WE,Towers with Radar,4,2,31,0,37,0,6,17,9,32,4,8,48,9,69,26,0,26,95
06/07/2011,SCK,CA,AWP,WE,Towers with Radar,0,1,46,2,49,0,2,56,14,72,0,3,102,16,121,84,16,100,221
06/08/2011,SCK,CA,AWP,WE,Towers with Radar,0,4,61,1,66,0,6,81,4,91,0,10,142,5,157,60,0,60,217
06/09/2011,SCK,CA,AWP,WE,Towers with Radar,4,5,25,4,38,0,4,57,3,64,4,9,82,7,102,50,0,50,152
06/10/2011,SCK,CA,AWP,WE,Towers with Radar,4,1,41,0,46,0,3,65,15,83,4,4,106,15,129,32,8,40,169
06/11/2011,SCK,CA,AWP,WE,Towers with Radar,0,0,14,1,15,0,3,52,1,56,0,3,66,2,71,48,4,52,123
06/12/2011,SCK,CA,AWP,WE,Towers with Radar,6,2,19,0,27,0,2,30,1,33,6,4,49,1,60,30,0,30,90
06/13/2011,SCK,CA,AWP,WE,Towers with Radar,6,0,27,0,33,0,2,43,4,49,6,2,70,4,82,88,10,98,180
06/14/2011,SCK,CA,AWP,WE,Towers with Radar,0,0,36,5,41,0,2,51,10,63,0,2,87,15,104,42,1,43,147
06/15/2011,SCK,CA,AWP,WE,Towers with Radar,0,0,54,6,60,0,5,47,6,58,0,5,101,12,118,20,10,30,148
06/16/2011,SCK,CA,AWP,WE,Towers with Radar,5,0,54,10,69,0,4,61,7,72,5,4,115,17,141,38,18,56,197
06/17/2011,SCK,CA,AWP,WE,Towers with Radar,5,0,37,0,42,0,1,53,9,63,5,1,90,9,105,16,0,16,121
06/18/2011,SCK,CA,AWP,WE,Towers with Radar,0,2,50,0,52,0,0,47,0,47,0,2,97,0,99,12,0,12,111
06/19/2011,SCK,CA,AWP,WE,Towers with Radar,4,0,22,0,26,0,1,40,8,49,4,1,62,8,75,10,0,10,85
06/20/2011,SCK,CA,AWP,WE,Towers with Radar,4,4,34,5,47,0,9,49,3,61,4,13,83,8,108,42,10,52,160
06/21/2011,SCK,CA,AWP,WE,Towers with Radar,0,0,15,0,15,0,3,59,2,64,0,3,74,2,79,66,0,66,145
06/22/2011,SCK,CA,AWP,WE,Towers with Radar,0,0,49,4,53,0,3,67,6,76,0,3,116,10,129,46,2,48,177
06/23/2011,SCK,CA,AWP,WE,Towers with Radar,3,1,52,3,59,0,1,66,3,70,3,2,118,6,129,52,0,52,181
06/24/2011,SCK,CA,AWP,WE,Towers with Radar,5,0,43,5,53,0,4,76,7,87,5,4,119,12,140,88,2,90,230
06/25/2011,SCK,CA,AWP,WE,Towers with Radar,0,1,51,4,56,0,5,30,2,37,0,6,81,6,93,22,0,22,115
06/26/2011,SCK,CA,AWP,WE,Towers with Radar,6,1,18,0,25,0,3,40,0,43,6,4,58,0,68,2,0,2,70
06/27/2011,SCK,CA,AWP,WE,Towers with Radar,4,2,25,2,33,0,2,65,3,70,4,4,90,5,103,32,0,32,135
06/28/2011,SCK,CA,AWP,WE,Towers with Radar,0,4,32,17,53,0,2,44,6,52,0,6,76,23,105,108,14,122,227
06/29/2011,SCK,CA,AWP,WE,Towers with Radar,2,6,31,11,50,0,5,46,13,64,2,11,77,24,114,24,10,34,148
06/30/2011,SCK,CA,AWP,WE,Towers with Radar,6,3,51,1,61,0,2,66,5,73,6,5,117,6,134,16,4,20,154
07/01/2011,SCK,CA,AWP,WE,Towers with Radar,6,7,27,3,43,0,4,66,10,80,6,11,93,13,123,30,0,30,153
07/02/2011,SCK,CA,AWP,WE,Towers with Radar,2,0,18,0,20,0,9,46,0,55,2,9,64,0,75,42,0,42,117
07/03/2011,SCK,CA,AWP,WE,Towers with Radar,4,0,15,0,19,0,8,29,0,37,4,8,44,0,56,20,0,20,76
07/04/2011,SCK,CA,AWP,WE,Towers with Radar,6,7,25,0,38,0,3,33,0,36,6,10,58,0,74,0,0,0,74
07/05/2011,SCK,CA,AWP,WE,Towers with Radar,0,7,36,1,44,0,3,55,3,61,0,10,91,4,105,14,2,16,121
07/06/2011,SCK,CA,AWP,WE,Towers with Radar,2,0,45,2,49,0,1,62,3,66,2,1,107,5,115,36,0,36,151
07/07/2011,SCK,CA,AWP,WE,Towers with Radar,4,0,44,4,52,0,3,36,11,50,4,3,80,15,102,24,56,80,182
07/08/2011,SCK,CA,AWP,WE,Towers with Radar,6,5,26,11,48,0,3,39,10,52,6,8,65,21,100,44,28,72,172
07/09/2011,SCK,CA,AWP,WE,Towers with Radar,2,0,36,2,40,0,3,54,4,61,2,3,90,6,101,38,0,38,139
07/10/2011,SCK,CA,AWP,WE,Towers with Radar,3,0,25,0,28,0,3,40,0,43,3,3,65,0,71,12,0,12,83
07/11/2011,SCK,CA,AWP,WE,Towers with Radar,6,2,25,4,37,0,2,45,10,57,6,4,70,14,94,0,0,0,94
07/12/2011,SCK,CA,AWP,WE,Towers with Radar,0,0,32,5,37,0,4,30,8,42,0,4,62,13,79,14,0,14,93
07/13/2011,SCK,CA,AWP,WE,Towers with Radar,2,0,44,1,47,0,7,54,6,67,2,7,98,7,114,34,10,44,158
07/14/2011,SCK,CA,AWP,WE,Towers with Radar,4,5,27,2,38,0,2,47,7,56,4,7,74,9,94,30,16,46,140
07/15/2011,SCK,CA,AWP,WE,Towers with Radar,6,1,40,0,47,0,3,55,0,58,6,4,95,0,105,48,0,48,153
07/16/2011,SCK,CA,AWP,WE,Towers with Radar,2,1,39,3,45,0,3,38,1,42,2,4,77,4,87,36,12,48,135
07/17/2011,SCK,CA,AWP,WE,Towers with Radar,6,0,30,0,36,0,5,27,11,43,6,5,57,11,79,4,0,4,83
07/18/2011,SCK,CA,AWP,WE,Towers with Radar,4,2,22,6,34,0,2,34,8,44,4,4,56,14,78,60,12,72,150
07/19/2011,SCK,CA,AWP,WE,Towers with Radar,0,2,28,0,30,0,3,56,16,75,0,5,84,16,105,68,2,70,175
07/20/2011,SCK,CA,AWP,WE,Towers with Radar,2,3,30,4,39,0,5,60,11,76,2,8,90,15,115,60,12,72,187
07/21/2011,SCK,CA,AWP,WE,Towers with Radar,4,4,34,1,43,0,5,31,12,48,4,9,65,13,91,52,0,52,143
07/22/2011,SCK,CA,AWP,WE,Towers with Radar,6,4,34,5,49,0,2,56,12,70,6,6,90,17,119,32,6,38,157
07/23/2011,SCK,CA,AWP,WE,Towers with Radar,2,0,46,2,50,0,3,42,6,51,2,3,88,8,101,2,0,2,103
07/24/2011,SCK,CA,AWP,WE,Towers with Radar,6,0,16,2,24,0,0,40,25,65,6,0,56,27,89,4,0,4,93
07/25/2011,SCK,CA,AWP,WE,Towers with Radar,4,2,34,9,49,0,0,52,4,56,4,2,86,13,105,12,10,22,127
07/26/2011,SCK,CA,AWP,WE,Towers with Radar,0,4,35,0,39,0,8,65,4,77,0,12,100,4,116,70,0,70,186
07/27/2011,SCK,CA,AWP,WE,Towers with Radar,2,1,49,1,53,0,5,56,7,68,2,6,105,8,121,64,0,64,185
07/28/2011,SCK,CA,AWP,WE,Towers with Radar,4,2,47,2,55,0,3,71,3,77,4,5,118,5,132,44,0,44,176
07/29/2011,SCK,CA,AWP,WE,Towers with Radar,6,4,35,1,46,0,2,59,8,69,6,6,94,9,115,38,10,48,163
07/30/2011,SCK,CA,AWP,WE,Towers with Radar,2,2,21,0,25,0,2,41,1,44,2,4,62,1,69,22,0,22,91
07/31/2011,SCK,CA,AWP,WE,Towers with Radar,6,2,13,0,21,0,6,53,2,61,6,8,66,2,82,62,0,62,144
08/01/2011,SCK,CA,AWP,WE,Towers with Radar,4,4,14,0,22,0,0,40,6,46,4,4,54,6,68,56,0,56,124
08/02/2011,SCK,CA,AWP,WE,Towers with Radar,0,2,58,3,63,0,2,76,5,83,0,4,134,8,146,68,2,70,216
08/03/2011,SCK,CA,AWP,WE,Towers with Radar,2,1,42,2,47,0,1,54,10,65,2,2,96,12,112,64,2,66,178
08/04/2011,SCK,CA,AWP,WE,Towers with Radar,4,1,30,5,40,0,2,63,8,73,4,3,93,13,113,48,8,56,169
08/05/2011,SCK,CA,AWP,WE,Towers with Radar,6,2,28,21,57,0,3,61,8,72,6,5,89,29,129,96,10,106,235
08/06/2011,SCK,CA,AWP,WE,Towers with Radar,2,0,25,0,27,0,10,52,7,69,2,10,77,7,96,30,0,30,126
08/07/2011,SCK,CA,AWP,WE,Towers with Radar,8,3,28,0,39,0,0,30,3,33,8,3,58,3,72,4,0,4,76
08/08/2011,SCK,CA,AWP,WE,Towers with Radar,4,0,33,1,38,0,2,39,4,45,4,2,72,5,83,62,2,64,147
08/09/2011,SCK,CA,AWP,WE,Towers with Radar,0,3,34,2,39,0,2,60,1,63,0,5,94,3,102,52,0,52,154
08/10/2011,SCK,CA,AWP,WE,Towers with Radar,0,2,34,0,36,0,8,44,2,54,0,10,78,2,90,48,0,48,138
08/11/2011,SCK,CA,AWP,WE,Towers with Radar,6,2,24,3,35,0,4,59,10,73,6,6,83,13,108,62,2,64,172
08/12/2011,SCK,CA,AWP,WE,Towers with Radar,6,2,25,0,33,0,6,56,12,74,6,8,81,12,107,76,2,78,185
08/13/2011,SCK,CA,AWP,WE,Towers with Radar,0,0,18,4,22,0,0,28,0,28,0,0,46,4,50,42,0,42,92
08/14/2011,SCK,CA,AWP,WE,Towers with Radar,6,0,26,0,32,0,3,32,0,35,6,3,58,0,67,16,0,16,83
08/15/2011,SCK,CA,AWP,WE,Towers with Radar,4,0,32,0,36,0,2,49,7,58,4,2,81,7,94,70,4,74,168
08/16/2011,SCK,CA,AWP,WE,Towers with Radar,0,0,42,2,44,0,4,74,4,82,0,4,116,6,126,72,2,74,200
08/17/2011,SCK,CA,AWP,WE,Towers with Radar,0,2,47,0,49,0,4,45,6,55,0,6,92,6,104,54,0,54,158
08/18/2011,SCK,CA,AWP,WE,Towers with Radar,4,0,45,0,49,0,7,52,8,67,4,7,97,8,116,38,0,38,154
08/19/2011,SCK,CA,AWP,WE,Towers with Radar,4,0,63,2,69,0,0,109,13,122,4,0,172,15,191,112,6,118,309
08/20/2011,SCK,CA,AWP,WE,Towers with Radar,0,0,32,0,32,0,2,67,0,69,0,2,99,0,101,78,0,78,179
08/21/2011,SCK,CA,AWP,WE,Towers with Radar,4,2,17,0,23,0,1,35,1,37,4,3,52,1,60,2,0,2,62
08/22/2011,SCK,CA,AWP,WE,Towers with Radar,4,0,26,0,30,0,8,46,4,58,4,8,72,4,88,54,0,54,142
08/23/2011,SCK,CA,AWP,WE,Towers with Radar,0,0,34,8,42,0,11,82,17,110,0,11,116,25,152,83,22,105,257
08/24/2011,SCK,CA,AWP,WE,Towers with Radar,0,1,35,3,39,0,4,55,12,71,0,5,90,15,110,8,16,24,134
08/25/2011,SCK,CA,AWP,WE,Towers with Radar,4,0,39,0,43,0,2,60,11,73,4,2,99,11,116,40,2,42,158
08/26/2011,SCK,CA,AWP,WE,Towers with Radar,2,0,32,7,41,0,2,61,10,73,2,2,93,17,114,66,0,66,180
08/27/2011,SCK,CA,AWP,WE,Towers with Radar,0,0,34,0,34,0,1,24,0,25,0,1,58,0,59,46,0,46,105
08/28/2011,SCK,CA,AWP,WE,Towers with Radar,4,0,7,0,11,0,2,34,3,39,4,2,41,3,50,16,0,16,66
08/29/2011,SCK,CA,AWP,WE,Towers with Radar,4,0,28,0,32,0,6,43,3,52,4,6,71,3,84,24,0,24,108
08/30/2011,SCK,CA,AWP,WE,Towers with Radar,0,3,19,6,28,0,2,82,13,97,0,5,101,19,125,80,6,86,211
08/31/2011,SCK,CA,AWP,WE,Towers with Radar,0,8,39,1,48,0,7,56,7,70,0,15,95,8,118,106,2,108,226
09/01/2011,SCK,CA,AWP,WE,Towers with Radar,2,6,34,0,42,0,8,64,11,83,2,14,98,11,125,24,0,24,149
09/02/2011,SCK,CA,AWP,WE,Towers with Radar,7,1,35,0,43,0,4,84,1,89,7,5,119,1,132,80,0,80,212
09/03/2011,SCK,CA,AWP,WE,Towers with Radar,0,2,16,0,18,0,6,55,2,63,0,8,71,2,81,44,0,44,125
09/04/2011,SCK,CA,AWP,WE,Towers with Radar,2,0,22,0,24,0,2,44,0,46,2,2,66,0,70,2,0,2,72
09/05/2011,SCK,CA,AWP,WE,Towers with Radar,6,4,33,0,43,0,1,44,0,45,6,5,77,0,88,40,0,40,128
09/06/2011,SCK,CA,AWP,WE,Towers with Radar,0,2,36,2,40,0,4,65,4,73,0,6,101,6,113,42,0,42,155
09/07/2011,SCK,CA,AWP,WE,Towers with Radar,0,1,34,0,35,0,11,73,9,93,0,12,107,9,128,10,2,12,140
09/08/2011,SCK,CA,AWP,WE,Towers with Radar,4,0,58,0,62,0,7,65,9,81,4,7,123,9,143,62,0,62,205
09/09/2011,SCK,CA,AWP,WE,Towers with Radar,2,2,31,2,37,0,2,63,9,74,2,4,94,11,111,58,0,58,169
09/10/2011,SCK,CA,AWP,WE,Towers with Radar,0,0,29,0,29,0,3,40,4,47,0,3,69,4,76,70,0,70,146
09/11/2011,SCK,CA,AWP,WE,Towers with Radar,4,2,21,0,27,0,0,32,1,33,4,2,53,1,60,2,0,2,62
09/12/2011,SCK,CA,AWP,WE,Towers with Radar,2,0,16,2,20,0,1,52,7,60,2,1,68,9,80,22,0,22,102
09/13/2011,SCK,CA,AWP,WE,Towers with Radar,0,0,32,2,34,0,3,48,4,55,0,3,80,6,89,28,0,28,117
09/14/2011,SCK,CA,AWP,WE,Towers with Radar,0,0,46,6,52,0,6,73,12,91,0,6,119,18,143,88,16,104,247
09/15/2011,SCK,CA,AWP,WE,Towers with Radar,4,2,38,6,50,0,5,76,5,86,4,7,114,11,136,40,0,40,176
09/16/2011,SCK,CA,AWP,WE,Towers with Radar,2,0,33,2,37,0,7,61,3,71,2,7,94,5,108,58,0,58,166
09/17/2011,SCK,CA,AWP,WE,Towers with Radar,0,6,24,6,36,0,6,60,8,74,0,12,84,14,110,26,4,30,140
09/18/2011,SCK,CA,AWP,WE,Towers with Radar,4,1,20,1,26,0,4,24,3,31,4,5,44,4,57,28,0,28,85
09/19/2011,SCK,CA,AWP,WE,Towers with Radar,2,0,7,0,9,0,1,58,2,61,2,1,65,2,70,42,0,42,112
09/20/2011,SCK,CA,AWP,WE,Towers with Radar,0,0,45,1,46,0,6,73,10,89,0,6,118,11,135,28,2,30,165
09/21/2011,SCK,CA,AWP,WE,Towers with Radar,0,4,41,2,47,0,6,44,9,59,0,10,85,11,106,12,0,12,118
09/22/2011,SCK,CA,AWP,WE,Towers with Radar,4,2,25,1,32,0,0,59,9,68,4,2,84,10,100,14,0,14,114
09/23/2011,SCK,CA,AWP,WE,Towers with Radar,4,1,36,0,41,0,2,75,4,81,4,3,111,4,122,40,4,44,166
09/24/2011,SCK,CA,AWP,WE,Towers with Radar,2,0,20,0,22,0,7,29,0,36,2,7,49,0,58,10,0,10,68
09/25/2011,SCK,CA,AWP,WE,Towers with Radar,4,0,20,0,24,0,5,20,0,25,4,5,40,0,49,12,0,12,61
09/26/2011,SCK,CA,AWP,WE,Towers with Radar,2,6,22,0,30,0,1,40,2,43,2,7,62,2,73,20,0,20,93
09/27/2011,SCK,CA,AWP,WE,Towers with Radar,0,3,58,4,65,0,6,51,5,62,0,9,109,9,127,18,7,25,152
09/28/2011,SCK,CA,AWP,WE,Towers with Radar,0,2,27,4,33,0,2,66,8,76,0,4,93,12,109,62,2,64,173
09/29/2011,SCK,CA,AWP,WE,Towers with Radar,4,3,59,0,66,0,2,57,5,64,4,5,116,5,130,12,0,12,142
09/30/2011,SCK,CA,AWP,WE,Towers with Radar,2,0,31,0,33,0,3,49,5,57,2,3,80,5,90,68,0,68,158
10/01/2011,SCK,CA,AWP,WE,Towers with Radar,0,2,21,1,24,0,3,46,0,49,0,5,67,1,73,10,0,10,83
10/02/2011,SCK,CA,AWP,WE,Towers with Radar,4,2,28,1,35,0,4,21,0,25,4,6,49,1,60,8,0,8,68
10/03/2011,SCK,CA,AWP,WE,Towers with Radar,2,0,33,0,35,0,0,40,1,41,2,0,73,1,76,86,0,86,162
10/04/2011,SCK,CA,AWP,WE,Towers with Radar,0,1,21,3,25,0,3,32,10,45,0,4,53,13,70,76,14,90,160
10/05/2011,SCK,CA,AWP,WE,Towers with Radar,2,1,21,5,29,0,1,22,7,30,2,2,43,12,59,44,2,46,105
10/06/2011,SCK,CA,AWP,WE,Towers with Radar,2,5,34,5,46,0,0,25,5,30,2,5,59,10,76,46,10,56,132
10/07/2011,SCK,CA,AWP,WE,Towers with Radar,4,1,38,2,45,0,3,74,1,78,4,4,112,3,123,102,0,102,225
10/08/2011,SCK,CA,AWP,WE,Towers with Radar,0,2,16,0,18,0,4,34,2,40,0,6,50,2,58,10,0,10,68
10/09/2011,SCK,CA,AWP,WE,Towers with Radar,5,2,39,0,46,0,2,38,0,40,5,4,77,0,86,26,0,26,112
10/10/2011,SCK,CA,AWP,WE,Towers with Radar,2,0,22,0,24,0,3,13,2,18,2,3,35,2,42,66,0,66,108
10/11/2011,SCK,CA,AWP,WE,Towers with Radar,0,2,26,1,29,0,0,35,7,42,0,2,61,8,71,72,12,84,155
10/12/2011,SCK,CA,AWP,WE,Towers with Radar,2,7,35,0,44,0,10,56,8,74,2,17,91,8,118,164,0,164,282
10/13/2011,SCK,CA,AWP,WE,Towers with Radar,2,5,27,4,38,0,3,91,4,98,2,8,118,8,136,96,18,114,250
10/14/2011,SCK,CA,AWP,WE,Towers with Radar,4,1,30,9,44,0,3,88,2,93,4,4,118,11,137,82,32,114,251
10/15/2011,SCK,CA,AWP,WE,Towers with Radar,0,5,34,0,39,0,2,39,5,46,0,7,73,5,85,22,14,36,121
10/16/2011,SCK,CA,AWP,WE,Towers with Radar,6,0,31,0,37,0,0,34,6,40,6,0,65,6,77,2,0,2,79
10/17/2011,SCK,CA,AWP,WE,Towers with Radar,2,3,26,4,35,0,4,52,4,60,2,7,78,8,95,80,14,94,189
10/18/2011,SCK,CA,AWP,WE,Towers with Radar,0,2,41,9,52,0,4,75,11,90,0,6,116,20,142,102,12,114,256
10/19/2011,SCK,CA,AWP,WE,Towers with Radar,2,0,74,4,80,0,7,70,8,85,2,7,144,12,165,98,8,106,271
10/20/2011,SCK,CA,AWP,WE,Towers with Radar,2,0,24,2,28,0,7,78,6,91,2,7,102,8,119,86,6,92,211
10/21/2011,SCK,CA,AWP,WE,Towers with Radar,4,6,37,0,47,0,4,61,4,69,4,10,98,4,116,100,0,100,216
10/22/2011,SCK,CA,AWP,WE,Towers with Radar,0,2,42,8,52,0,4,43,1,48,0,6,85,9,100,12,32,44,144
10/23/2011,SCK,CA,AWP,WE,Towers with Radar,6,3,41,5,55,0,1,32,4,37,6,4,73,9,92,14,14,28,120
10/24/2011,SCK,CA,AWP,WE,Towers with Radar,2,1,23,9,35,0,6,61,2,69,2,7,84,11,104,30,22,52,156
10/25/2011,SCK,CA,AWP,WE,Towers with Radar,0,0,24,2,26,0,6,60,5,71,0,6,84,7,97,50,18,68,165
10/26/2011,SCK,CA,AWP,WE,Towers with Radar,2,2,57,0,61,0,2,76,9,87,2,4,133,9,148,84,4,88,236
10/27/2011,SCK,CA,AWP,WE,Towers with Radar,2,4,29,0,35,0,4,46,12,62,2,8,75,12,97,54,0,54,151
10/28/2011,SCK,CA,AWP,WE,Towers with Radar,6,5,40,3,54,0,3,65,4,72,6,8,105,7,126,60,2,62,188
10/29/2011,SCK,CA,AWP,WE,Towers with Radar,0,0,53,4,57,0,3,58,2,63,0,3,111,6,120,6,32,38,158
10/30/2011,SCK,CA,AWP,WE,Towers with Radar,8,0,50,0,58,0,0,36,0,36,8,0,86,0,94,6,0,6,100
10/31/2011,SCK,CA,AWP,WE,Towers with Radar,4,0,16,0,20,0,5,69,2,76,4,5,85,2,96,38,0,38,134
11/01/2011,SCK,CA,AWP,WE,Towers with Radar,0,0,18,2,20,0,0,44,9,53,0,0,62,11,73,58,4,62,135
11/02/2011,SCK,CA,AWP,WE,Towers with Radar,2,0,41,1,44,0,3,49,11,63,2,3,90,12,107,28,0,28,135
11/03/2011,SCK,CA,AWP,WE,Towers with Radar,4,1,32,0,37,0,10,61,9,80,4,11,93,9,117,28,0,28,145
11/04/2011,SCK,CA,AWP,WE,Towers with Radar,6,0,27,2,35,0,3,56,3,62,6,3,83,5,97,66,12,78,175
11/05/2011,SCK,CA,AWP,WE,Towers with Radar,0,3,21,2,26,0,0,22,5,27,0,3,43,7,53,40,0,40,93
11/06/2011,SCK,CA,AWP,WE,Towers with Radar,6,1,43,0,50,0,4,23,3,30,6,5,66,3,80,22,0,22,102
11/07/2011,SCK,CA,AWP,WE,Towers with Radar,4,4,34,0,42,0,3,51,0,54,4,7,85,0,96,40,0,40,136
11/08/2011,SCK,CA,AWP,WE,Towers with Radar,0,2,45,4,51,0,0,58,5,63,0,2,103,9,114,62,12,74,188
11/09/2011,SCK,CA,AWP,WE,Towers with Radar,2,3,62,1,68,0,3,70,17,90,2,6,132,18,158,52,6,58,216
11/10/2011,SCK,CA,AWP,WE,Towers with Radar,2,1,46,5,54,0,1,42,6,49,2,2,88,11,103,74,2,76,179
11/11/2011,SCK,CA,AWP,WE,Towers with Radar,6,2,19,2,29,0,1,32,0,33,6,3,51,2,62,38,0,38,100
11/12/2011,SCK,CA,AWP,WE,Towers with Radar,0,0,28,0,28,0,7,16,1,24,0,7,44,1,52,46,0,46,98
11/13/2011,SCK,CA,AWP,WE,Towers with Radar,6,1,60,0,67,0,2,21,0,23,6,3,81,0,90,48,0,48,138
11/14/2011,SCK,CA,AWP,WE,Towers with Radar,4,0,36,3,43,0,0,43,5,48,4,0,79,8,91,34,2,36,127
11/15/2011,SCK,CA,AWP,WE,Towers with Radar,0,3,70,4,77,0,2,57,3,62,0,5,127,7,139,56,2,58,197
11/16/2011,SCK,CA,AWP,WE,Towers with Radar,2,3,32,1,38,0,5,58,20,83,2,8,90,21,121,24,12,36,157
11/17/2011,SCK,CA,AWP,WE,Towers with Radar,6,1,51,2,60,0,3,29,15,47,6,4,80,17,107,26,10,36,143
11/18/2011,SCK,CA,AWP,WE,Towers with Radar,6,1,24,2,33,0,4,24,1,29,6,5,48,3,62,32,0,32,94
11/19/2011,SCK,CA,AWP,WE,Towers with Radar,0,0,21,1,22,0,1,32,0,33,0,1,53,1,55,20,2,22,77
11/20/2011,SCK,CA,AWP,WE,Towers with Radar,6,0,6,2,14,0,0,9,0,9,6,0,15,2,23,0,0,0,23
11/21/2011,SCK,CA,AWP,WE,Towers with Radar,4,0,30,1,35,0,0,22,2,24,4,0,52,3,59,58,0,58,117
11/22/2011,SCK,CA,AWP,WE,Towers with Radar,2,1,31,8,42,0,3,44,12,59,2,4,75,20,101,94,6,100,201
11/23/2011,SCK,CA,AWP,WE,Towers with Radar,2,0,19,5,26,0,0,30,6,36,2,0,49,11,62,40,8,48,110
11/24/2011,SCK,CA,AWP,WE,Towers with Radar,4,0,7,1,12,0,3,3,1,7,4,3,10,2,19,0,0,0,19
11/25/2011,SCK,CA,AWP,WE,Towers with Radar,4,0,32,0,36,0,0,20,0,20,4,0,52,0,56,54,0,54,110
11/26/2011,SCK,CA,AWP,WE,Towers with Radar,2,0,30,2,34,0,0,14,0,14,2,0,44,2,48,8,0,8,56
11/27/2011,SCK,CA,AWP,WE,Towers with Radar,8,1,53,2,64,0,0,0,0,0,8,1,53,2,64,0,0,0,64
11/28/2011,SCK,CA,AWP,WE,Towers with Radar,2,0,19,1,22,0,0,29,0,29,2,0,48,1,51,22,2,24,75
11/29/2011,SCK,CA,AWP,WE,Towers with Radar,2,1,9,0,12,0,0,1,0,1,2,1,10,0,13,0,0,0,13
11/30/2011,SCK,CA,AWP,WE,Towers with Radar,2,1,23,3,29,0,2,16,3,21,2,3,39,6,50,14,4,18,68
12/01/2011,SCK,CA,AWP,WE,Towers with Radar,6,4,21,3,34,0,2,25,6,33,6,6,46,9,67,6,8,14,81
12/02/2011,SCK,CA,AWP,WE,Towers with Radar,4,0,38,1,43,0,5,98,4,107,4,5,136,5,150,94,24,118,268
12/03/2011,SCK,CA,AWP,WE,Towers with Radar,0,0,26,0,26,0,0,39,0,39,0,0,65,0,65,14,0,14,79
12/04/2011,SCK,CA,AWP,WE,Towers with Radar,6,0,45,0,51,0,12,64,1,77,6,12,109,1,128,80,0,80,208
12/05/2011,SCK,CA,AWP,WE,Towers with Radar,4,4,29,3,40,0,3,59,13,75,4,7,88,16,115,81,14,95,210
12/06/2011,SCK,CA,AWP,WE,Towers with Radar,0,0,44,3,47,0,0,59,17,76,0,0,103,20,123,38,28,66,189
12/07/2011,SCK,CA,AWP,WE,Towers with Radar,2,3,37,10,52,0,0,63,22,85,2,3,100,32,137,64,12,76,213
12/08/2011,SCK,CA,AWP,WE,Towers with Radar,2,2,44,0,48,0,1,38,3,42,2,3,82,3,90,6,0,6,96
12/09/2011,SCK,CA,AWP,WE,Towers with Radar,6,5,56,3,70,0,1,67,9,77,6,6,123,12,147,72,24,96,243
12/10/2011,SCK,CA,AWP,WE,Towers with Radar,0,1,27,0,28,0,5,35,0,40,0,6,62,0,68,28,0,28,96
12/11/2011,SCK,CA,AWP,WE,Towers with Radar,6,2,15,2,25,0,2,20,2,24,6,4,35,4,49,10,0,10,59
12/12/2011,SCK,CA,AWP,WE,Towers with Radar,4,2,30,4,40,0,2,36,3,41,4,4,66,7,81,136,10,146,227
12/13/2011,SCK,CA,AWP,WE,Towers with Radar,0,0,42,3,45,0,4,46,15,65,0,4,88,18,110,27,2,29,139
12/14/2011,SCK,CA,AWP,WE,Towers with Radar,2,5,32,3,42,0,3,43,13,59,2,8,75,16,101,62,30,92,193
12/15/2011,SCK,CA,AWP,WE,Towers with Radar,2,7,44,0,53,0,0,11,7,18,2,7,55,7,71,70,22,92,163
12/16/2011,SCK,CA,AWP,WE,Towers with Radar,6,0,48,1,55,0,0,42,1,43,6,0,90,2,98,108,0,108,206
12/17/2011,SCK,CA,AWP,WE,Towers with Radar,0,2,34,0,36,0,2,17,0,19,0,4,51,0,55,6,0,6,61
12/18/2011,SCK,CA,AWP,WE,Towers with Radar,6,0,41,0,47,0,0,19,0,19,6,0,60,0,66,40,0,40,106
12/19/2011,SCK,CA,AWP,WE,Towers with Radar,4,0,34,0,38,0,0,21,0,21,4,0,55,0,59,62,0,62,121
12/20/2011,SCK,CA,AWP,WE,Towers with Radar,0,0,22,9,31,0,0,13,3,16,0,0,35,12,47,0,10,10,57
12/21/2011,SCK,CA,AWP,WE,Towers with Radar,2,0,28,0,30,0,0,34,6,40,2,0,62,6,70,64,0,64,134
12/22/2011,SCK,CA,AWP,WE,Towers with Radar,2,1,34,0,37,0,3,54,6,63,2,4,88,6,100,64,4,68,168
12/23/2011,SCK,CA,AWP,WE,Towers with Radar,6,1,43,0,50,0,1,38,0,39,6,2,81,0,89,96,0,96,185
12/24/2011,SCK,CA,AWP,WE,Towers with Radar,2,0,13,0,15,0,0,20,0,20,2,0,33,0,35,16,0,16,51
12/25/2011,SCK,CA,AWP,WE,Towers with Radar,4,0,1,0,5,0,2,6,0,8,4,2,7,0,13,0,0,0,13
12/26/2011,SCK,CA,AWP,WE,Towers with Radar,6,4,24,0,34,0,5,27,0,32,6,9,51,0,66,92,0,92,158
12/27/2011,SCK,CA,AWP,WE,Towers with Radar,0,0,39,3,42,0,3,56,5,64,0,3,95,8,106,36,0,36,142
12/28/2011,SCK,CA,AWP,WE,Towers with Radar,2,0,40,4,46,0,3,45,12,60,2,3,85,16,106,64,10,74,180
12/29/2011,SCK,CA,AWP,WE,Towers with Radar,2,8,36,17,63,0,2,29,4,35,2,10,65,21,98,34,0,34,132
12/30/2011,SCK,CA,AWP,WE,Towers with Radar,6,4,22,2,34,0,0,13,0,13,6,4,35,2,47,28,0,28,75
12/31/2011,SCK,CA,AWP,WE,Towers with Radar,2,0,32,0,34,0,1,27,0,28,2,1,59,0,62,22,0,22,84
01/01/2012,SCK,CA,AWP,WE,Towers with Radar,4,0,18,0,22,0,0,4,0,4,4,0,22,0,26,0,0,0,26
01/02/2012,SCK,CA,AWP,WE,Towers with Radar,4,0,39,0,43,0,1,24,1,26,4,1,63,1,69,26,0,26,95
01/03/2012,SCK,CA,AWP,WE,Towers with Radar,0,4,34,1,39,0,5,27,7,39,0,9,61,8,78,14,0,14,92
01/04/2012,SCK,CA,AWP,WE,Towers with Radar,2,2,14,3,21,0,0,34,10,44,2,2,48,13,65,66,4,70,135
01/05/2012,SCK,CA,AWP,WE,Towers with Radar,2,0,32,5,39,0,5,58,16,79,2,5,90,21,118,38,56,94,212
01/06/2012,SCK,CA,AWP,WE,Towers with Radar,6,0,46,0,52,0,0,55,6,61,6,0,101,6,113,44,4,48,161
01/07/2012,SCK,CA,AWP,WE,Towers with Radar,0,0,39,0,39,0,5,45,1,51,0,5,84,1,90,16,0,16,106
01/08/2012,SCK,CA,AWP,WE,Towers with Radar,4,2,36,0,42,0,0,34,0,34,4,2,70,0,76,8,0,8,84
01/09/2012,SCK,CA,AWP,WE,Towers with Radar,4,2,35,4,45,0,2,30,0,32,4,4,65,4,77,70,6,76,153
01/10/2012,SCK,CA,AWP,WE,Towers with Radar,0,0,34,8,42,0,1,45,7,53,0,1,79,15,95,30,12,42,137
01/11/2012,SCK,CA,AWP,WE,Towers with Radar,2,12,35,4,53,0,1,33,5,39,2,13,68,9,92,64,8,72,164
01/12/2012,SCK,CA,AWP,WE,Towers with Radar,2,7,61,0,70,0,0,53,8,61,2,7,114,8,131,78,18,96,227
01/13/2012,SCK,CA,AWP,WE,Towers with Radar,6,0,36,0,42,0,0,64,7,71,6,0,100,7,113,78,18,96,209
01/14/2012,SCK,CA,AWP,WE,Towers with Radar,0,1,44,0,45,0,4,24,0,28,0,5,68,0,73,26,0,26,99
01/15/2012,SCK,CA,AWP,WE,Towers with Radar,6,1,26,0,33,0,2,23,0,25,6,3,49,0,58,2,0,2,60
01/16/2012,SCK,CA,AWP,WE,Towers with Radar,4,5,32,0,41,0,0,51,0,51,4,5,83,0,92,66,0,66,158
01/17/2012,SCK,CA,AWP,WE,Towers with Radar,0,2,50,8,60,0,6,45,6,57,0,8,95,14,117,48,16,64,181
01/18/2012,SCK,CA,AWP,WE,Towers with Radar,2,2,46,13,63,0,3,51,19,73,2,5,97,32,136,48,4,52,188
01/19/2012,SCK,CA,AWP,WE,Towers with Radar,4,4,22,1,31,0,0,16,9,25,4,4,38,10,56,76,32,108,164
01/20/2012,SCK,CA,AWP,WE,Towers with Radar,6,7,7,7,27,0,4,1,0,5,6,11,8,7,32,0,0,0,32
01/21/2012,SCK,CA,AWP,WE,Towers with Radar,0,2,19,0,21,0,1,5,2,8,0,3,24,2,29,0,0,0,29
01/22/2012,SCK,CA,AWP,WE,Towers with Radar,4,4,17,7,32,0,2,2,0,4,4,6,19,7,36,16,0,16,52
01/23/2012,SCK,CA,AWP,WE,Towers with Radar,4,2,16,3,25,0,0,5,1,6,4,2,21,4,31,0,4,4,35
01/24/2012,SCK,CA,AWP,WE,Towers with Radar,0,2,46,4,52,0,0,45,6,51,0,2,91,10,103,48,0,48,151
01/25/2012,SCK,CA,AWP,WE,Towers with Radar,2,2,48,5,57,0,3,28,1,32,2,5,76,6,89,56,14,70,159
01/26/2012,SCK,CA,AWP,WE,Towers with Radar,2,2,39,6,49,0,6,31,4,41,2,8,70,10,90,44,10,54,144
01/27/2012,SCK,CA,AWP,WE,Towers with Radar,10,6,61,0,77,0,2,74,2,78,10,8,135,2,155,72,0,72,227
01/28/2012,SCK,CA,AWP,WE,Towers with Radar,0,1,40,0,41,0,3,47,1,51,0,4,87,1,92,16,0,16,108
01/29/2012,SCK,CA,AWP,WE,Towers with Radar,4,0,36,0,40,0,3,25,1,29,4,3,61,1,69,0,0,0,69
01/30/2012,SCK,CA,AWP,WE,Towers with Radar,4,0,22,0,26,0,4,38,3,45,4,4,60,3,71,48,0,48,119
01/31/2012,SCK,CA,AWP,WE,Towers with Radar,0,0,31,1,32,0,0,35,4,39,0,0,66,5,71,50,62,112,183
02/01/2012,SCK,CA,AWP,WE,Towers with Radar,2,3,67,21,93,0,4,26,12,42,2,7,93,33,135,46,22,68,203
02/02/2012,SCK,CA,AWP,WE,Towers with Radar,2,0,47,2,51,0,1,55,8,64,2,1,102,10,115,30,2,32,147
02/03/2012,SCK,CA,AWP,WE,Towers with Radar,6,2,72,4,84,0,4,46,4,54,6,6,118,8,138,82,6,88,226
02/04/2012,SCK,CA,AWP,WE,Towers with Radar,0,1,33,0,34,0,0,27,0,27,0,1,60,0,61,40,0,40,101
02/05/2012,SCK,CA,AWP,WE,Towers with Radar,4,2,26,1,33,0,3,29,1,33,4,5,55,2,66,22,0,22,88
02/06/2012,SCK,CA,AWP,WE,Towers with Radar,4,2,24,1,31,0,1,46,3,50,4,3,70,4,81,42,1,43,124
02/07/2012,SCK,CA,AWP,WE,Towers with Radar,0,0,17,10,27,0,3,8,4,15,0,3,25,14,42,10,16,26,68
02/08/2012,SCK,CA,AWP,WE,Towers with Radar,2,2,36,11,51,0,2,42,9,53,2,4,78,20,104,72,34,106,210
02/09/2012,SCK,CA,AWP,WE,Towers with Radar,3,3,42,9,57,0,2,75,16,93,3,5,117,25,150,118,32,150,300
02/10/2012,SCK,CA,AWP,WE,Towers with Radar,6,0,33,1,40,0,1,63,4,68,6,1,96,5,108,106,2,108,216
02/11/2012,SCK,CA,AWP,WE,Towers with Radar,0,0,24,0,24,0,1,8,2,11,0,1,32,2,35,0,0,0,35
02/12/2012,SCK,CA,AWP,WE,Towers with Radar,6,0,34,2,42,0,1,44,2,47,6,1,78,4,89,14,0,14,103
02/13/2012,SCK,CA,AWP,WE,Towers with Radar,4,8,20,0,32,0,1,12,1,14,4,9,32,1,46,14,0,14,60
02/14/2012,SCK,CA,AWP,WE,Towers with Radar,1,1,45,4,51,0,3,54,5,62,1,4,99,9,113,68,10,78,191
02/15/2012,SCK,CA,AWP,WE,Towers with Radar,2,0,74,6,82,0,1,60,9,70,2,1,134,15,152,46,0,46,198
02/16/2012,SCK,CA,AWP,WE,Towers with Radar,7,0,38,2,47,0,0,74,1,75,7,0,112,3,122,134,0,134,256
02/17/2012,SCK,CA,AWP,WE,Towers with Radar,6,0,37,0,43,0,3,61,5,69,6,3,98,5,112,46,8,54,166
02/18/2012,SCK,CA,AWP,WE,Towers with Radar,2,2,20,5,29,0,0,25,0,25,2,2,45,5,54,24,0,24,78
02/19/2012,SCK,CA,AWP,WE,Towers with Radar,4,2,16,0,22,0,1,25,2,28,4,3,41,2,50,13,0,13,63
02/20/2012,SCK,CA,AWP,WE,Towers with Radar,6,2,39,4,51,0,0,15,0,15,6,2,54,4,66,48,0,48,114
02/21/2012,SCK,CA,AWP,WE,Towers with Radar,0,5,71,12,88,0,4,51,14,69,0,9,122,26,157,52,11,63,220
02/22/2012,SCK,CA,AWP,WE,Towers with Radar,2,5,49,10,66,0,3,46,14,63,2,8,95,24,129,54,44,98,227
02/23/2012,SCK,CA,AWP,WE,Towers with Radar,4,0,43,12,59,0,4,43,6,53,4,4,86,18,112,56,30,86,198
02/24/2012,SCK,CA,AWP,WE,Towers with Radar,6,0,42,2,50,0,2,65,7,74,6,2,107,9,124,64,6,70,194
02/25/2012,SCK,CA,AWP,WE,Towers with Radar,2,2,34,0,38,0,2,33,0,35,2,4,67,0,73,10,0,10,83
02/26/2012,SCK,CA,AWP,WE,Towers with Radar,4,0,64,4,72,0,2,37,0,39,4,2,101,4,111,36,0,36,147
02/27/2012,SCK,CA,AWP,WE,Towers with Radar,6,2,47,8,63,0,1,43,0,44,6,3,90,8,107,32,0,32,139
02/28/2012,SCK,CA,AWP,WE,Towers with Radar,0,4,47,1,52,0,3,43,11,57,0,7,90,12,109,22,16,38,147
02/29/2012,SCK,CA,AWP,WE,Towers with Radar,2,2,19,5,28,0,2,9,8,19,2,4,28,13,47,0,8,8,55
03/01/2012,SCK,CA,AWP,WE,Towers with Radar,4,0,18,0,22,0,5,21,4,30,4,5,39,4,52,16,2,18,70
03/02/2012,SCK,CA,AWP,WE,Towers with Radar,6,2,36,7,51,0,3,58,8,69,6,5,94,15,120,36,20,56,176
03/03/2012,SCK,CA,AWP,WE,Towers with Radar,2,0,56,4,62,0,7,37,6,50,2,7,93,10,112,24,0,24,136
03/04/2012,SCK,CA,AWP,WE,Towers with Radar,6,2,42,1,51,0,1,54,4,59,6,3,96,5,110,14,0,14,124
03/05/2012,SCK,CA,AWP,WE,Towers with Radar,6,0,53,1,60,0,0,61,4,65,6,0,114,5,125,26,0,26,151
03/06/2012,SCK,CA,AWP,WE,Towers with Radar,0,1,30,8,39,0,6,5,23,34,0,7,35,31,73,2,14,16,89
03/07/2012,SCK,CA,AWP,WE,Towers with Radar,2,0,31,0,33,0,0,44,8,52,2,0,75,8,85,10,2,12,97
03/08/2012,SCK,CA,AWP,WE,Towers with Radar,6,4,54,13,77,0,1,86,18,105,6,5,140,31,182,86,32,118,300
03/09/2012,SCK,CA,AWP,WE,Towers with Radar,8,0,76,6,90,0,1,77,2,80,8,1,153,8,170,112,16,128,298
03/10/2012,SCK,CA,AWP,WE,Towers with Radar,2,0,71,0,73,0,5,45,1,51,2,5,116,1,124,8,0,8,132
03/11/2012,SCK,CA,AWP,WE,Towers with Radar,6,2,20,0,28,0,5,24,1,30,6,7,44,1,58,10,0,10,68
03/12/2012,SCK,CA,AWP,WE,Towers with Radar,6,2,47,4,59,0,2,40,4,46,6,4,87,8,105,32,0,32,137
03/13/2012,SCK,CA,AWP,WE,Towers with Radar,0,0,22,9,31,0,2,13,6,21,0,2,35,15,52,16,24,40,92
03/14/2012,SCK,CA,AWP,WE,Towers with Radar,2,0,42,3,47,0,3,9,1,13,2,3,51,4,60,2,0,2,62
03/15/2012,SCK,CA,AWP,WE,Towers with Radar,4,0,59,17,80,0,0,15,8,23,4,0,74,25,103,40,66,106,209
03/16/2012,SCK,CA,AWP,WE,Towers with Radar,8,3,20,5,36,0,3,18,7,28,8,6,38,12,64,44,46,90,154
03/17/2012,SCK,CA,AWP,WE,Towers with Radar,2,0,14,0,16,0,2,19,5,26,2,2,33,5,42,46,8,54,96
03/18/2012,SCK,CA,AWP,WE,Towers with Radar,6,0,9,0,15,0,0,24,0,24,6,0,33,0,39,24,0,24,63
03/19/2012,SCK,CA,AWP,WE,Towers with Radar,6,0,37,0,43,0,7,50,2,59,6,7,87,2,102,88,0,88,190
03/20/2012,SCK,CA,AWP,WE,Towers with Radar,0,0,58,7,65,0,0,74,9,83,0,0,132,16,148,80,30,110,258
03/21/2012,SCK,CA,AWP,WE,Towers with Radar,2,0,51,3,56,0,4,71,5,80,2,4,122,8,136,54,12,66,202
03/22/2012,SCK,CA,AWP,WE,Towers with Radar,4,1,42,6,53,0,3,44,8,55,4,4,86,14,108,25,24,49,157
03/23/2012,SCK,CA,AWP,WE,Towers with Radar,7,1,39,15,62,0,4,87,13,104,7,5,126,28,166,54,46,100,266
03/24/2012,SCK,CA,AWP,WE,Towers with Radar,2,0,21,0,23,0,0,13,0,13,2,0,34,0,36,16,0,16,52
03/25/2012,SCK,CA,AWP,WE,Towers with Radar,6,0,15,0,21,0,2,6,0,8,6,2,21,0,29,6,0,6,35
03/26/2012,SCK,CA,AWP,WE,Towers with Radar,6,1,53,3,63,0,3,37,2,42,6,4,90,5,105,38,14,52,157
03/27/2012,SCK,CA,AWP,WE,Towers with Radar,0,5,17,5,27,0,2,36,5,43,0,7,53,10,70,40,0,40,110
03/28/2012,SCK,CA,AWP,WE,Towers with Radar,2,9,35,10,56,0,4,20,6,30,2,13,55,16,86,56,8,64,150
03/29/2012,SCK,CA,AWP,WE,Towers with Radar,5,4,44,0,53,0,2,70,11,83,5,6,114,11,136,32,2,34,170
03/30/2012,SCK,CA,AWP,WE,Towers with Radar,8,0,48,6,62,0,3,48,10,61,8,3,96,16,123,58,3,61,184
03/31/2012,SCK,CA,AWP,WE,Towers with Radar,2,0,5,0,7,0,0,2,1,3,2,0,7,1,10,0,0,0,10
04/01/2012,SCK,CA,AWP,WE,Towers with Radar,6,0,49,0,55,0,0,44,0,44,6,0,93,0,99,12,0,12,111
04/02/2012,SCK,CA,AWP,WE,Towers with Radar,7,0,55,0,62,0,1,78,10,89,7,1,133,10,151,56,2,58,209
04/03/2012,SCK,CA,AWP,WE,Towers with Radar,1,0,48,11,60,0,1,47,6,54,1,1,95,17,114,0,0,0,114
04/04/2012,SCK,CA,AWP,WE,Towers with Radar,2,6,35,10,53,0,6,46,12,64,2,12,81,22,117,84,46,130,247
04/05/2012,SCK,CA,AWP,WE,Towers with Radar,4,0,75,17,96,0,2,85,12,99,4,2,160,29,195,64,14,78,273
04/06/2012,SCK,CA,AWP,WE,Towers with Radar,8,2,52,2,64,0,5,85,4,94,8,7,137,6,158,34,2,36,194
04/07/2012,SCK,CA,AWP,WE,Towers with Radar,2,0,28,0,30,0,3,57,0,60,2,3,85,0,90,64,0,64,154
04/08/2012,SCK,CA,AWP,WE,Towers with Radar,6,0,30,0,36,0,1,32,0,33,6,1,62,0,69,30,0,30,99
04/09/2012,SCK,CA,AWP,WE,Towers with Radar,6,0,53,0,59,1,1,95,0,97,7,1,148,0,156,132,0,132,288
04/10/2012,SCK,CA,AWP,WE,Towers with Radar,0,1,63,9,73,0,2,42,10,54,0,3,105,19,127,50,68,118,245
04/11/2012,SCK,CA,AWP,WE,Towers with Radar,2,2,34,0,38,0,0,25,0,25,2,2,59,0,63,48,0,48,111
04/12/2012,SCK,CA,AWP,WE,Towers with Radar,4,2,24,4,34,0,0,12,6,18,4,2,36,10,52,30,8,38,90
04/13/2012,SCK,CA,AWP,WE,Towers with Radar,6,2,30,0,38,0,2,18,2,22,6,4,48,2,60,36,0,36,96
04/14/2012,SCK,CA,AWP,WE,Towers with Radar,2,0,41,1,44,0,3,54,13,70,2,3,95,14,114,32,0,32,146
04/15/2012,SCK,CA,AWP,WE,Towers with Radar,6,2,62,0,70,0,0,45,8,53,6,2,107,8,123,62,0,62,185
04/16/2012,SCK,CA,AWP,WE,Towers with Radar,4,0,67,1,72,0,3,57,1,61,4,3,124,2,133,44,0,44,177
04/17/2012,SCK,CA,AWP,WE,Towers with Radar,0,0,49,5,54,0,0,68,17,85,0,0,117,22,139,48,36,84,223
04/18/2012,SCK,CA,AWP,WE,Towers with Radar,2,7,63,18,90,0,8,42,18,68,2,15,105,36,158,26,30,56,214
04/19/2012,SCK,CA,AWP,WE,Towers with Radar,4,0,60,6,70,0,1,50,5,56,4,1,110,11,126,50,6,56,182
04/20/2012,SCK,CA,AWP,WE,Towers with Radar,6,4,42,1,53,0,0,66,15,81,6,4,108,16,134,32,6,38,172
04/21/2012,SCK,CA,AWP,WE,Towers with Radar,2,0,50,1,53,0,1,75,1,77,2,1,125,2,130,50,2,52,182
04/22/2012,SCK,CA,AWP,WE,Towers with Radar,6,2,59,0,67,0,2,39,3,44,6,4,98,3,111,30,0,30,141
04/23/2012,SCK,CA,AWP,WE,Towers with Radar,4,2,30,3,39,0,1,40,7,48,4,3,70,10,87,70,4,74,161
04/24/2012,SCK,CA,AWP,WE,Towers with Radar,1,0,87,9,97,0,4,59,11,74,1,4,146,20,171,22,8,30,201
04/25/2012,SCK,CA,AWP,WE,Towers with Radar,2,0,37,10,49,0,0,24,5,29,2,0,61,15,78,40,42,82,160
04/26/2012,SCK,CA,AWP,WE,Towers with Radar,2,3,59,6,70,0,7,46,23,76,2,10,105,29,146,10,44,54,200
04/27/2012,SCK,CA,AWP,WE,Towers with Radar,6,0,84,3,93,0,4,81,7,92,6,4,165,10,185,42,0,42,227
04/28/2012,SCK,CA,AWP,WE,Towers with Radar,2,0,57,0,59,0,1,63,2,66,2,1,120,2,125,60,0,60,185
04/29/2012,SCK,CA,AWP,WE,Towers with Radar,8,2,32,0,42,0,2,40,0,42,8,4,72,0,84,20,0,20,104
04/30/2012,SCK,CA,AWP,WE,Towers with Radar,4,0,81,0,85,0,2,60,4,66,4,2,141,4,151,76,4,80,231
05/01/2012,SCK,CA,AWP,WE,Towers with Radar,0,1,52,2,55,0,4,50,33,87,0,5,102,35,142,50,0,50,192
05/02/2012,SCK,CA,AWP,WE,Towers with Radar,2,1,50,10,63,0,1,74,11,86,2,2,124,21,149,24,8,32,181
05/03/2012,SCK,CA,AWP,WE,Towers with Radar,6,3,33,7,49,0,2,38,10,50,6,5,71,17,99,106,14,120,219
05/04/2012,SCK,CA,AWP,WE,Towers with Radar,6,5,50,2,63,0,1,45,12,58,6,6,95,14,121,34,18,52,173
05/05/2012,SCK,CA,AWP,WE,Towers with Radar,2,0,38,0,40,0,0,38,0,38,2,0,76,0,78,34,0,34,112
05/06/2012,SCK,CA,AWP,WE,Towers with Radar,6,2,20,0,28,0,3,38,1,42,6,5,58,1,70,30,0,30,100
05/07/2012,SCK,CA,AWP,WE,Towers with Radar,4,0,54,0,58,0,5,49,0,54,4,5,103,0,112,104,0,104,216
05/08/2012,SCK,CA,AWP,WE,Towers with Radar,0,0,36,3,39,0,0,67,9,76,0,0,103,12,115,122,0,122,237
05/09/2012,SCK,CA,AWP,WE,Towers with Radar,2,5,56,10,73,0,2,55,8,65,2,7,111,18,138,52,18,70,208
05/10/2012,SCK,CA,AWP,WE,Towers with Radar,4,1,57,3,65,0,1,70,12,83,4,2,127,15,148,54,0,54,202
05/11/2012,SCK,CA,AWP,WE,Towers with Radar,6,2,38,0,46,0,6,80,6,92,6,8,118,6,138,66,2,68,206
05/12/2012,SCK,CA,AWP,WE,Towers with Radar,2,2,34,0,38,0,9,31,0,40,2,11,65,0,78,18,0,18,96
05/13/2012,SCK,CA,AWP,WE,Towers with Radar,6,2,9,2,19,0,3,22,0,25,6,5,31,2,44,50,0,50,94
05/14/2012,SCK,CA,AWP,WE,Towers with Radar,4,2,34,0,40,0,2,56,3,61,4,4,90,3,101,122,0,122,223
05/15/2012,SCK,CA,AWP,WE,Towers with Radar,0,3,41,7,51,0,2,62,13,77,0,5,103,20,128,108,2,110,238
05/16/2012,SCK,CA,AWP,WE,Towers with Radar,2,3,39,13,57,0,4,51,14,69,2,7,90,27,126,104,2,106,232
05/17/2012,SCK,CA,AWP,WE,Towers with Radar,2,2,29,4,37,0,2,54,9,65,2,4,83,13,102,108,2,110,212
05/18/2012,SCK,CA,AWP,WE,Towers with Radar,4,6,27,1,38,0,2,58,6,66,4,8,85,7,104,46,0,46,150
05/19/2012,SCK,CA,AWP,WE,Towers with Radar,2,3,47,1,53,0,7,48,15,70,2,10,95,16,123,10,2,12,135
05/20/2012,SCK,CA,AWP,WE,Towers with Radar,4,3,45,1,53,0,2,46,2,50,4,5,91,3,103,16,0,16,119
05/21/2012,SCK,CA,AWP,WE,Towers with Radar,2,0,34,0,36,0,4,41,3,48,2,4,75,3,84,80,0,80,164
05/22/2012,SCK,CA,AWP,WE,Towers with Radar,0,0,43,0,43,0,0,44,2,46,0,0,87,2,89,28,0,28,117
05/23/2012,SCK,CA,AWP,WE,Towers with Radar,2,0,34,3,39,0,0,43,4,47,2,0,77,7,86,16,6,22,108
05/24/2012,SCK,CA,AWP,WE,Towers with Radar,2,1,28,2,33,0,5,28,14,47,2,6,56,16,80,26,14,40,120
05/25/2012,SCK,CA,AWP,WE,Towers with Radar,3,0,35,0,38,0,1,41,3,45,3,1,76,3,83,24,0,24,107
05/26/2012,SCK,CA,AWP,WE,Towers with Radar,2,2,24,0,28,0,3,40,0,43,2,5,64,0,71,12,0,12,83
05/27/2012,SCK,CA,AWP,WE,Towers with Radar,4,0,28,1,33,0,5,25,0,30,4,5,53,1,63,16,0,16,79
05/28/2012,SCK,CA,AWP,WE,Towers with Radar,2,1,45,0,48,0,2,40,0,42,2,3,85,0,90,62,0,62,152
05/29/2012,SCK,CA,AWP,WE,Towers with Radar,0,8,34,8,50,0,6,37,2,45,0,14,71,10,95,28,0,28,123
05/30/2012,SCK,CA,AWP,WE,Towers with Radar,2,3,44,0,49,0,2,62,9,73,2,5,106,9,122,30,6,36,158
05/31/2012,SCK,CA,AWP,WE,Towers with Radar,2,4,47,0,53,0,2,82,3,87,2,6,129,3,140,74,8,82,222
06/01/2012,SCK,CA,AWP,WE,Towers with Radar,4,2,59,10,75,6,6,50,8,70,10,8,109,18,145,50,30,80,225
06/02/2012,SCK,CA,AWP,WE,Towers with Radar,2,0,21,0,23,0,10,31,0,41,2,10,52,0,64,44,0,44,108
06/03/2012,SCK,CA,AWP,WE,Towers with Radar,6,2,25,0,33,0,2,29,5,36,6,4,54,5,69,56,0,56,125
06/04/2012,SCK,CA,AWP,WE,Towers with Radar,2,2,20,5,29,0,3,14,1,18,2,5,34,6,47,30,0,30,77
06/05/2012,SCK,CA,AWP,WE,Towers with Radar,0,2,26,18,46,0,1,40,4,45,0,3,66,22,91,16,0,16,107
06/06/2012,SCK,CA,AWP,WE,Towers with Radar,2,0,70,0,72,0,1,52,2,55,2,1,122,2,127,48,0,48,175
06/07/2012,SCK,CA,AWP,WE,Towers with Radar,4,8,38,0,50,0,1,64,0,65,4,9,102,0,115,118,0,118,233
06/08/2012,SCK,CA,AWP,WE,Towers with Radar,4,0,48,1,53,0,1,67,2,70,4,1,115,3,123,98,0,98,221
06/09/2012,SCK,CA,AWP,WE,Towers with Radar,2,0,14,3,19,0,3,25,12,40,2,3,39,15,59,20,0,20,79
06/10/2012,SCK,CA,AWP,WE,Towers with Radar,4,0,33,0,37,0,3,32,1,36,4,3,65,1,73,10,8,18,91
06/11/2012,SCK,CA,AWP,WE,Towers with Radar,4,1,43,6,54,0,1,58,3,62,4,2,101,9,116,76,6,82,198
06/12/2012,SCK,CA,AWP,WE,Towers with Radar,0,1,45,12,58,0,6,70,9,85,0,7,115,21,143,76,12,88,231
06/13/2012,SCK,CA,AWP,WE,Towers with Radar,2,1,60,1,64,0,4,66,10,80,2,5,126,11,144,96,0,96,240
06/14/2012,SCK,CA,AWP,WE,Towers with Radar,2,2,65,5,74,0,1,66,4,71,2,3,131,9,145,102,0,102,247
06/15/2012,SCK,CA,AWP,WE,Towers with Radar,2,3,49,0,54,0,9,73,6,88,2,12,122,6,142,60,0,60,202
06/16/2012,SCK,CA,AWP,WE,Towers with Radar,2,0,25,0,27,0,3,36,2,41,2,3,61,2,68,58,0,58,126
06/17/2012,SCK,CA,AWP,WE,Towers with Radar,4,2,30,0,36,0,2,34,0,36,4,4,64,0,72,0,0,0,72
06/18/2012,SCK,CA,AWP,WE,Towers with Radar,2,0,53,4,59,0,1,64,0,65,2,1,117,4,124,112,10,122,246
06/19/2012,SCK,CA,AWP,WE,Towers with Radar,0,0,46,2,48,0,2,48,6,56,0,2,94,8,104,18,2,20,124
06/20/2012,SCK,CA,AWP,WE,Towers with Radar,3,0,42,1,46,0,0,54,9,63,3,0,96,10,109,96,1,97,206
06/21/2012,SCK,CA,AWP,WE,Towers with Radar,2,2,46,2,52,0,2,56,10,68,2,4,102,12,120,46,2,48,168
06/22/2012,SCK,CA,AWP,WE,Towers with Radar,2,0,46,0,48,0,4,49,3,56,2,4,95,3,104,102,0,102,206
06/23/2012,SCK,CA,AWP,WE,Towers with Radar,2,0,55,0,57,0,3,50,0,53,2,3,105,0,110,26,0,26,136
06/24/2012,SCK,CA,AWP,WE,Towers with Radar,4,0,26,1,31,0,2,29,1,32,4,2,55,2,63,4,0,4,67
06/25/2012,SCK,CA,AWP,WE,Towers with Radar,2,0,32,6,40,0,0,54,2,56,2,0,86,8,96,90,0,90,186
06/26/2012,SCK,CA,AWP,WE,Towers with Radar,0,0,49,4,53,0,4,43,8,55,0,4,92,12,108,60,0,60,168
06/27/2012,SCK,CA,AWP,WE,Towers with Radar,2,2,39,5,48,0,0,51,2,53,2,2,90,7,101,124,2,126,227
06/28/2012,SCK,CA,AWP,WE,Towers with Radar,2,4,36,9,51,0,1,44,8,53,2,5,80,17,104,78,4,82,186
06/29/2012,SCK,CA,AWP,WE,Towers with Radar,2,3,47,19,71,0,3,57,2,62,2,6,104,21,133,86,36,122,255
06/30/2012,SCK,CA,AWP,WE,Towers with Radar,2,2,36,0,40,0,3,54,0,57,2,5,90,0,97,18,0,18,115
07/01/2012,SCK,CA,AWP,WE,Towers with Radar,4,0,9,0,13,0,5,39,0,44,4,5,48,0,57,38,0,38,95
07/02/2012,SCK,CA,AWP,WE,Towers with Radar,2,0,31,13,46,0,0,50,3,53,2,0,81,16,99,82,16,98,197
07/03/2012,SCK,CA,AWP,WE,Towers with Radar,0,2,39,2,43,0,2,62,6,70,0,4,101,8,113,135,2,137,250
07/04/2012,SCK,CA,AWP,WE,Towers with Radar,3,2,14,0,19,0,0,46,0,46,3,2,60,0,65,78,0,78,143
07/05/2012,SCK,CA,AWP,WE,Towers with Radar,2,1,39,5,47,0,3,59,10,72,2,4,98,15,119,100,2,102,221
07/06/2012,SCK,CA,AWP,WE,Towers with Radar,2,1,48,2,53,0,5,58,9,72,2,6,106,11,125,132,0,132,257
07/07/2012,SCK,CA,AWP,WE,Towers with Radar,2,0,31,0,33,0,2,45,0,47,2,2,76,0,80,54,0,54,134
07/08/2012,SCK,CA,AWP,WE,Towers with Radar,4,2,27,0,33,0,1,38,0,39,4,3,65,0,72,20,0,20,92
07/09/2012,SCK,CA,AWP,WE,Towers with Radar,2,0,31,0,33,0,2,60,3,65,2,2,91,3,98,70,0,70,168
07/10/2012,SCK,CA,AWP,WE,Towers with Radar,0,4,46,6,56,0,0,77,8,85,0,4,123,14,141,30,6,36,177
07/11/2012,SCK,CA,AWP,WE,Towers with Radar,2,0,21,7,30,0,7,48,2,57,2,7,69,9,87,26,6,32,119
07/12/2012,SCK,CA,AWP,WE,Towers with Radar,2,0,55,3,60,0,3,80,3,86,2,3,135,6,146,60,12,72,218
07/13/2012,SCK,CA,AWP,WE,Towers with Radar,2,0,34,0,36,0,4,74,5,83,2,4,108,5,119,62,2,64,183
07/14/2012,SCK,CA,AWP,WE,Towers with Radar,2,0,44,0,46,0,1,58,0,59,2,1,102,0,105,62,0,62,167
07/15/2012,SCK,CA,AWP,WE,Towers with Radar,4,3,33,0,40,0,5,39,1,45,4,8,72,1,85,30,0,30,115
07/16/2012,SCK,CA,AWP,WE,Towers with Radar,2,0,32,4,38,0,0,70,4,74,2,0,102,8,112,82,2,84,196
07/17/2012,SCK,CA,AWP,WE,Towers with Radar,0,0,57,18,75,0,0,77,12,89,0,0,134,30,164,62,26,88,252
07/18/2012,SCK,CA,AWP,WE,Towers with Radar,2,2,49,3,56,0,0,71,17,88,2,2,120,20,144,24,12,36,180
07/19/2012,SCK,CA,AWP,WE,Towers with Radar,2,0,50,6,58,0,3,85,11,99,2,3,135,17,157,132,4,136,293
07/20/2012,SCK,CA,AWP,WE,Towers with Radar,2,0,42,7,51,0,10,78,14,102,2,10,120,21,153,48,28,76,229
07/21/2012,SCK,CA,AWP,WE,Towers with Radar,2,0,32,1,35,0,1,53,4,58,2,1,85,5,93,38,0,38,131
07/22/2012,SCK,CA,AWP,WE,Towers with Radar,4,0,10,2,16,0,10,35,5,50,4,10,45,7,66,6,2,8,74
07/23/2012,SCK,CA,AWP,WE,Towers with Radar,2,2,24,0,28,0,2,42,6,50,2,4,66,6,78,40,0,40,118
07/24/2012,SCK,CA,AWP,WE,Towers with Radar,0,0,19,6,25,0,3,79,9,91,0,3,98,15,116,50,0,50,166
07/25/2012,SCK,CA,AWP,WE,Towers with Radar,4,4,62,1,71,0,2,60,8,70,4,6,122,9,141,22,0,22,163
07/26/2012,SCK,CA,AWP,WE,Towers with Radar,2,1,40,1,44,0,2,109,9,120,2,3,149,10,164,44,4,48,212
07/27/2012,SCK,CA,AWP,WE,Towers with Radar,2,1,46,11,60,0,2,73,5,80,2,3,119,16,140,82,12,94,234
07/28/2012,SCK,CA,AWP,WE,Towers with Radar,2,0,23,0,25,0,2,44,4,50,2,2,67,4,75,8,2,10,85
07/29/2012,SCK,CA,AWP,WE,Towers with Radar,4,1,28,0,33,0,2,48,2,52,4,3,76,2,85,44,0,44,129
07/30/2012,SCK,CA,AWP,WE,Towers with Radar,2,3,51,12,68,0,3,92,2,97,2,6,143,14,165,78,17,95,260
07/31/2012,SCK,CA,AWP,WE,Towers with Radar,0,1,57,1,59,0,0,99,10,109,0,1,156,11,168,102,0,102,270
08/01/2012,SCK,CA,AWP,WE,Towers with Radar,2,3,64,5,74,0,6,68,11,85,2,9,132,16,159,62,2,64,223
08/02/2012,SCK,CA,AWP,WE,Towers with Radar,2,1,57,4,64,0,8,81,4,93,2,9,138,8,157,70,0,70,227
08/03/2012,SCK,CA,AWP,WE,Towers with Radar,2,0,23,2,27,0,0,57,13,70,2,0,80,15,97,54,24,78,175
08/04/2012,SCK,CA,AWP,WE,Towers with Radar,2,0,24,0,26,0,2,41,0,43,2,2,65,0,69,100,0,100,169
08/05/2012,SCK,CA,AWP,WE,Towers with Radar,4,0,22,0,26,0,3,33,0,36,4,3,55,0,62,2,0,2,64
08/06/2012,SCK,CA,AWP,WE,Towers with Radar,2,2,15,0,19,0,3,60,8,71,2,5,75,8,90,88,2,90,180
08/07/2012,SCK,CA,AWP,WE,Towers with Radar,0,0,40,1,41,0,10,78,14,102,0,10,118,15,143,34,2,36,179
08/08/2012,SCK,CA,AWP,WE,Towers with Radar,2,2,29,6,39,0,2,52,2,56,2,4,81,8,95,48,2,50,145
08/09/2012,SCK,CA,AWP,WE,Towers with Radar,2,0,29,0,31,0,1,66,3,70,2,1,95,3,101,170,0,170,271
08/10/2012,SCK,CA,AWP,WE,Towers with Radar,2,5,43,18,68,0,6,74,15,95,2,11,117,33,163,134,54,188,351
08/11/2012,SCK,CA,AWP,WE,Towers with Radar,2,10,33,0,45,0,1,21,0,22,2,11,54,0,67,42,0,42,109
08/12/2012,SCK,CA,AWP,WE,Towers with Radar,4,1,17,0,22,0,0,26,2,28,4,1,43,2,50,12,0,12,62
08/13/2012,SCK,CA,AWP,WE,Towers with Radar,2,0,41,0,43,0,0,75,3,78,2,0,116,3,121,20,0,20,141
08/14/2012,SCK,CA,AWP,WE,Towers with Radar,0,0,43,1,44,0,4,46,11,61,0,4,89,12,105,44,1,45,150
08/15/2012,SCK,CA,AWP,WE,Towers with Radar,0,0,49,1,50,0,2,62,7,71,0,2,111,8,121,38,22,60,181
08/16/2012,SCK,CA,AWP,WE,Towers with Radar,4,2,14,1,21,0,4,51,2,57,4,6,65,3,78,56,10,66,144
08/17/2012,SCK,CA,AWP,WE,Towers with Radar,2,4,35,0,41,0,4,52,3,59,2,8,87,3,100,56,0,56,156
08/18/2012,SCK,CA,AWP,WE,Towers with Radar,0,2,23,0,25,0,2,35,4,41,0,4,58,4,66,32,0,32,98
08/19/2012,SCK,CA,AWP,WE,Towers with Radar,6,2,27,0,35,0,4,31,2,37,6,6,58,2,72,14,2,16,88
08/20/2012,SCK,CA,AWP,WE,Towers with Radar,2,1,43,0,46,0,0,54,3,57,2,1,97,3,103,42,0,42,145
08/21/2012,SCK,CA,AWP,WE,Towers with Radar,0,1,59,0,60,0,6,61,1,68,0,7,120,1,128,58,0,58,186
08/22/2012,SCK,CA,AWP,WE,Towers with Radar,0,2,65,0,67,0,3,49,5,57,0,5,114,5,124,60,0,60,184
08/23/2012,SCK,CA,AWP,WE,Towers with Radar,2,1,27,0,30,0,11,38,3,52,2,12,65,3,82,76,0,76,158
08/24/2012,SCK,CA,AWP,WE,Towers with Radar,4,1,37,0,42,0,5,90,3,98,4,6,127,3,140,44,0,44,184
08/25/2012,SCK,CA,AWP,WE,Towers with Radar,0,0,24,0,24,0,6,63,0,69,0,6,87,0,93,56,0,56,149
08/26/2012,SCK,CA,AWP,WE,Towers with Radar,4,1,17,0,22,0,1,28,0,29,4,2,45,0,51,4,0,4,55
08/27/2012,SCK,CA,AWP,WE,Towers with Radar,2,1,36,0,39,0,4,56,12,72,2,5,92,12,111,32,12,44,155
08/28/2012,SCK,CA,AWP,WE,Towers with Radar,0,1,44,3,48,0,1,67,4,72,0,2,111,7,120,124,16,140,260
08/29/2012,SCK,CA,AWP,WE,Towers with Radar,0,3,36,6,45,0,13,70,6,89,0,16,106,12,134,82,0,82,216
08/30/2012,SCK,CA,AWP,WE,Towers with Radar,2,3,28,12,45,0,3,73,1,77,2,6,101,13,122,81,0,81,203
08/31/2012,SCK,CA,AWP,WE,Towers with Radar,4,1,41,0,46,0,3,55,2,60,4,4,96,2,106,28,0,28,134
09/01/2012,SCK,CA,AWP,WE,Towers with Radar,0,0,24,4,28,0,2,63,1,66,0,2,87,5,94,30,0,30,124
09/02/2012,SCK,CA,AWP,WE,Towers with Radar,4,0,11,0,15,0,2,27,0,29,4,2,38,0,44,16,0,16,60
09/03/2012,SCK,CA,AWP,WE,Towers with Radar,2,4,32,0,38,0,6,35,1,42,2,10,67,1,80,2,0,2,82
09/04/2012,SCK,CA,AWP,WE,Towers with Radar,0,3,18,0,21,0,4,53,0,57,0,7,71,0,78,110,0,110,188
09/05/2012,SCK,CA,AWP,WE,Towers with Radar,0,1,18,1,20,0,1,44,2,47,0,2,62,3,67,30,12,42,109
09/06/2012,SCK,CA,AWP,WE,Towers with Radar,2,8,34,20,64,0,6,42,5,53,2,14,76,25,117,54,52,106,223
09/07/2012,SCK,CA,AWP,WE,Towers with Radar,5,1,23,0,29,0,3,63,5,71,5,4,86,5,100,14,0,14,114
09/08/2012,SCK,CA,AWP,WE,Towers with Radar,0,0,24,0,24,0,5,44,1,50,0,5,68,1,74,8,0,8,82
09/09/2012,SCK,CA,AWP,WE,Towers with Radar,4,1,38,0,43,0,5,26,0,31,4,6,64,0,74,32,14,46,120
09/10/2012,SCK,CA,AWP,WE,Towers with Radar,2,1,19,15,37,0,11,46,1,58,2,12,65,16,95,8,12,20,115
09/11/2012,SCK,CA,AWP,WE,Towers with Radar,0,0,40,9,49,0,3,55,0,58,0,3,95,9,107,62,6,68,175
09/12/2012,SCK,CA,AWP,WE,Towers with Radar,0,1,41,4,46,0,2,46,2,50,0,3,87,6,96,18,4,22,118
09/13/2012,SCK,CA,AWP,WE,Towers with Radar,2,5,32,9,48,0,2,50,7,59,2,7,82,16,107,90,50,140,247
09/14/2012,SCK,CA,AWP,WE,Towers with Radar,5,0,32,0,37,0,1,43,0,44,5,1,75,0,81,16,0,16,97
09/15/2012,SCK,CA,AWP,WE,Towers with Radar,2,0,23,0,25,0,4,47,0,51,2,4,70,0,76,46,0,46,122
09/16/2012,SCK,CA,AWP,WE,Towers with Radar,4,0,27,0,31,0,4,31,2,37,4,4,58,2,68,22,0,22,90
09/17/2012,SCK,CA,AWP,WE,Towers with Radar,2,1,25,8,36,0,2,59,2,63,2,3,84,10,99,14,18,32,131
09/18/2012,SCK,CA,AWP,WE,Towers with Radar,0,1,53,2,56,0,6,57,2,65,0,7,110,4,121,60,8,68,189
09/19/2012,SCK,CA,AWP,WE,Towers with Radar,2,4,33,2,41,0,0,52,0,52,2,4,85,2,93,66,0,66,159
09/20/2012,SCK,CA,AWP,WE,Towers with Radar,2,1,45,2,50,0,6,57,3,66,2,7,102,5,116,48,20,68,184
09/21/2012,SCK,CA,AWP,WE,Towers with Radar,4,0,28,0,32,0,1,57,1,59,4,1,85,1,91,70,0,70,161
09/22/2012,SCK,CA,AWP,WE,Towers with Radar,0,0,30,0,30,0,0,43,0,43,0,0,73,0,73,6,0,6,79
09/23/2012,SCK,CA,AWP,WE,Towers with Radar,5,0,48,0,53,0,5,52,1,58,5,5,100,1,111,12,0,12,123
09/24/2012,SCK,CA,AWP,WE,Towers with Radar,2,7,40,2,51,0,3,59,3,65,2,10,99,5,116,82,0,82,198
09/25/2012,SCK,CA,AWP,WE,Towers with Radar,0,8,34,0,42,0,6,63,2,71,0,14,97,2,113,34,0,34,147
09/26/2012,SCK,CA,AWP,WE,Towers with Radar,0,2,48,0,50,0,0,79,2,81,0,2,127,2,131,74,0,74,205
09/27/2012,SCK,CA,AWP,WE,Towers with Radar,4,4,41,5,54,0,3,68,5,76,4,7,109,10,130,70,20,90,220
09/28/2012,SCK,CA,AWP,WE,Towers with Radar,3,0,39,0,42,0,4,50,2,56,3,4,89,2,98,56,0,56,154
09/29/2012,SCK,CA,AWP,WE,Towers with Radar,0,0,38,0,38,0,3,47,0,50,0,3,85,0,88,34,0,34,122
09/30/2012,SCK,CA,AWP,WE,Towers with Radar,4,2,27,0,33,0,4,37,0,41,4,6,64,0,74,10,0,10,84
10/01/2012,SCK,CA,AWP,WE,Towers with Radar,2,2,34,2,40,0,0,66,0,66,2,2,100,2,106,44,0,44,150
10/02/2012,SCK,CA,AWP,WE,Towers with Radar,0,3,35,2,40,0,1,68,2,71,0,4,103,4,111,36,2,38,149
10/03/2012,SCK,CA,AWP,WE,Towers with Radar,0,2,29,3,34,0,2,60,5,67,0,4,89,8,101,50,2,52,153
10/04/2012,SCK,CA,AWP,WE,Towers with Radar,2,2,34,5,43,0,0,75,3,78,2,2,109,8,121,26,6,32,153
10/05/2012,SCK,CA,AWP,WE,Towers with Radar,5,0,34,0,39,0,0,58,0,58,5,0,92,0,97,90,0,90,187
10/06/2012,SCK,CA,AWP,WE,Towers with Radar,0,0,46,1,47,0,4,58,0,62,0,4,104,1,109,32,0,32,141
10/07/2012,SCK,CA,AWP,WE,Towers with Radar,4,1,22,0,27,0,2,28,0,30,4,3,50,0,57,2,0,2,59
10/08/2012,SCK,CA,AWP,WE,Towers with Radar,2,3,26,0,31,0,7,48,5,60,2,10,74,5,91,58,0,58,149
10/09/2012,SCK,CA,AWP,WE,Towers with Radar,0,3,35,4,42,0,1,64,2,67,0,4,99,6,109,82,6,88,197
10/10/2012,SCK,CA,AWP,WE,Towers with Radar,0,0,49,7,56,0,7,41,2,50,0,7,90,9,106,46,5,51,157
10/11/2012,SCK,CA,AWP,WE,Towers with Radar,2,4,39,3,48,0,1,40,3,44,2,5,79,6,92,94,0,94,186
10/12/2012,SCK,CA,AWP,WE,Towers with Radar,4,0,32,2,38,0,0,32,2,34,4,0,64,4,72,126,0,126,198
10/13/2012,SCK,CA,AWP,WE,Towers with Radar,0,2,47,1,50,0,1,39,2,42,0,3,86,3,92,60,2,62,154
10/14/2012,SCK,CA,AWP,WE,Towers with Radar,4,0,30,0,34,0,0,42,0,42,4,0,72,0,76,16,0,16,92
10/15/2012,SCK,CA,AWP,WE,Towers with Radar,3,2,44,2,51,0,2,54,1,57,3,4,98,3,108,70,0,70,178
10/16/2012,SCK,CA,AWP,WE,Towers with Radar,0,1,39,2,42,0,3,51,2,56,0,4,90,4,98,46,4,50,148
10/17/2012,SCK,CA,AWP,WE,Towers with Radar,0,0,44,0,44,0,2,50,2,54,0,2,94,2,98,46,16,62,160
10/18/2012,SCK,CA,AWP,WE,Towers with Radar,2,3,35,2,42,0,4,55,1,60,2,7,90,3,102,10,0,10,112
10/19/2012,SCK,CA,AWP,WE,Towers with Radar,4,3,54,4,65,0,2,49,1,52,4,5,103,5,117,20,0,20,137
10/20/2012,SCK,CA,AWP,WE,Towers with Radar,0,0,31,0,31,0,4,36,0,40,0,4,67,0,71,40,0,40,111
10/21/2012,SCK,CA,AWP,WE,Towers with Radar,6,1,44,0,51,0,0,46,0,46,6,1,90,0,97,4,0,4,101
10/22/2012,SCK,CA,AWP,WE,Towers with Radar,2,4,27,15,48,0,2,8,1,11,2,6,35,16,59,0,10,10,69
10/23/2012,SCK,CA,AWP,WE,Towers with Radar,0,0,49,23,72,0,3,27,10,40,0,3,76,33,112,42,28,70,182
10/24/2012,SCK,CA,AWP,WE,Towers with Radar,0,0,39,3,42,0,0,22,1,23,0,0,61,4,65,84,10,94,159
10/25/2012,SCK,CA,AWP,WE,Towers with Radar,4,2,49,5,60,0,4,45,9,58,4,6,94,14,118,48,16,64,182
10/26/2012,SCK,CA,AWP,WE,Towers with Radar,4,1,53,0,58,0,3,47,1,51,4,4,100,1,109,42,0,42,151
10/27/2012,SCK,CA,AWP,WE,Towers with Radar,0,0,30,0,30,0,1,90,0,91,0,1,120,0,121,72,0,72,193
10/28/2012,SCK,CA,AWP,WE,Towers with Radar,4,0,24,0,28,0,3,32,0,35,4,3,56,0,63,26,0,26,89
10/29/2012,SCK,CA,AWP,WE,Towers with Radar,2,0,65,9,76,0,0,77,4,81,2,0,142,13,157,42,14,56,213
10/30/2012,SCK,CA,AWP,WE,Towers with Radar,0,3,39,0,42,0,2,30,6,38,0,5,69,6,80,58,0,58,138
10/31/2012,SCK,CA,AWP,WE,Towers with Radar,0,1,39,2,42,0,0,27,2,29,0,1,66,4,71,68,0,68,139
11/01/2012,SCK,CA,AWP,WE,Towers with Radar,2,0,33,4,39,0,0,28,1,29,2,0,61,5,68,30,0,30,98
11/02/2012,SCK,CA,AWP,WE,Towers with Radar,4,0,39,2,45,0,4,53,1,58,4,4,92,3,103,24,0,24,127
11/03/2012,SCK,CA,AWP,WE,Towers with Radar,0,0,28,0,28,0,3,46,3,52,0,3,74,3,80,4,0,4,84
11/04/2012,SCK,CA,AWP,WE,Towers with Radar,4,1,34,1,40,0,9,34,0,43,4,10,68,1,83,14,2,16,99
11/05/2012,SCK,CA,AWP,WE,Towers with Radar,2,0,17,0,19,0,0,55,1,56,2,0,72,1,75,56,0,56,131
11/06/2012,SCK,CA,AWP,WE,Towers with Radar,0,4,35,0,39,0,0,52,1,53,0,4,87,1,92,62,0,62,154
11/07/2012,SCK,CA,AWP,WE,Towers with Radar,0,2,24,0,26,0,1,40,1,42,0,3,64,1,68,38,0,38,106
11/08/2012,SCK,CA,AWP,WE,Towers with Radar,3,0,22,0,25,0,2,21,0,23,3,2,43,0,48,36,0,36,84
11/09/2012,SCK,CA,AWP,WE,Towers with Radar,4,2,28,4,38,0,1,43,0,44,4,3,71,4,82,44,0,44,126
11/10/2012,SCK,CA,AWP,WE,Towers with Radar,0,0,37,0,37,0,0,41,0,41,0,0,78,0,78,22,0,22,100
11/11/2012,SCK,CA,AWP,WE,Towers with Radar,4,2,41,10,57,0,0,36,0,36,4,2,77,10,93,24,10,34,127
11/12/2012,SCK,CA,AWP,WE,Towers with Radar,2,0,29,0,31,0,2,56,0,58,2,2,85,0,89,44,0,44,133
11/13/2012,SCK,CA,AWP,WE,Towers with Radar,0,1,30,14,45,0,2,60,3,65,0,3,90,17,110,4,0,4,114
11/14/2012,SCK,CA,AWP,WE,Towers with Radar,2,0,35,0,37,0,0,56,3,59,2,0,91,3,96,22,2,24,120
11/15/2012,SCK,CA,AWP,WE,Towers with Radar,2,4,36,0,42,0,3,71,1,75,2,7,107,1,117,58,0,58,175
11/16/2012,SCK,CA,AWP,WE,Towers with Radar,4,1,28,0,33,0,0,6,0,6,4,1,34,0,39,4,0,4,43
11/17/2012,SCK,CA,AWP,WE,Towers with Radar,2,3,12,0,17,0,0,8,0,8,2,3,20,0,25,10,0,10,35
11/18/2012,SCK,CA,AWP,WE,Towers with Radar,7,0,32,0,39,0,2,20,2,24,7,2,52,2,63,26,0,26,89
11/19/2012,SCK,CA,AWP,WE,Towers with Radar,2,3,23,4,32,0,4,51,0,55,2,7,74,4,87,56,0,56,143
11/20/2012,SCK,CA,AWP,WE,Towers with Radar,0,0,23,14,37,0,0,18,3,21,0,0,41,17,58,16,6,22,80
11/21/2012,SCK,CA,AWP,WE,Towers with Radar,2,1,20,8,31,0,4,15,2,21,2,5,35,10,52,8,0,8,60
11/22/2012,SCK,CA,AWP,WE,Towers with Radar,2,0,5,0,7,0,1,18,0,19,2,1,23,0,26,0,0,0,26
11/23/2012,SCK,CA,AWP,WE,Towers with Radar,4,1,26,0,31,0,0,42,0,42,4,1,68,0,73,20,0,20,93
11/24/2012,SCK,CA,AWP,WE,Towers with Radar,2,0,18,0,20,0,0,13,0,13,2,0,31,0,33,8,0,8,41
11/25/2012,SCK,CA,AWP,WE,Towers with Radar,5,0,33,0,38,0,5,23,0,28,5,5,56,0,66,22,0,22,88
11/26/2012,SCK,CA,AWP,WE,Towers with Radar,4,0,37,0,41,0,8,35,0,43,4,8,72,0,84,66,0,66,150
11/27/2012,SCK,CA,AWP,WE,Towers with Radar,0,0,18,0,18,0,1,33,3,37,0,1,51,3,55,0,0,0,55
11/28/2012,SCK,CA,AWP,WE,Towers with Radar,0,0,10,8,18,0,2,10,0,12,0,2,20,8,30,8,4,12,42
11/29/2012,SCK,CA,AWP,WE,Towers with Radar,2,3,26,4,35,0,3,33,0,36,2,6,59,4,71,36,2,38,109
11/30/2012,SCK,CA,AWP,WE,Towers with Radar,4,0,13,5,22,0,0,1,1,2,4,0,14,6,24,12,0,12,36
12/01/2012,SCK,CA,AWP,WE,Towers with Radar,0,0,5,0,5,0,4,2,0,6,0,4,7,0,11,0,0,0,11
12/02/2012,SCK,CA,AWP,WE,Towers with Radar,6,0,12,0,18,0,0,2,0,2,6,0,14,0,20,0,0,0,20
12/03/2012,SCK,CA,AWP,WE,Towers with Radar,2,4,50,0,56,0,1,65,0,66,2,5,115,0,122,62,0,62,184
12/04/2012,SCK,CA,AWP,WE,Towers with Radar,0,1,67,2,70,0,1,46,0,47,0,2,113,2,117,48,1,49,166
12/05/2012,SCK,CA,AWP,WE,Towers with Radar,0,0,15,1,16,0,0,0,0,0,0,0,15,1,16,0,0,0,16
12/06/2012,SCK,CA,AWP,WE,Towers with Radar,2,1,40,3,46,0,1,30,0,31,2,2,70,3,77,128,8,136,213
12/07/2012,SCK,CA,AWP,WE,Towers with Radar,4,1,31,2,38,0,2,78,0,80,4,3,109,2,118,70,8,78,196
12/08/2012,SCK,CA,AWP,WE,Towers with Radar,0,1,57,0,58,0,0,20,0,20,0,1,77,0,78,26,0,26,104
12/09/2012,SCK,CA,AWP,WE,Towers with Radar,7,0,58,1,66,0,3,67,0,70,7,3,125,1,136,110,0,110,246
12/10/2012,SCK,CA,AWP,WE,Towers with Radar,2,0,29,1,32,0,0,57,2,59,2,0,86,3,91,28,0,28,119
12/11/2012,SCK,CA,AWP,WE,Towers with Radar,0,0,35,0,35,0,4,50,2,56,0,4,85,2,91,64,0,64,155
12/12/2012,SCK,CA,AWP,WE,Towers with Radar,0,0,39,10,49,0,0,27,2,29,0,0,66,12,78,137,20,157,235
12/13/2012,SCK,CA,AWP,WE,Towers with Radar,2,0,41,3,46,0,1,52,2,55,2,1,93,5,101,96,2,98,199
12/14/2012,SCK,CA,AWP,WE,Towers with Radar,4,10,55,2,71,0,1,46,0,47,4,11,101,2,118,76,16,92,210
12/15/2012,SCK,CA,AWP,WE,Towers with Radar,0,0,23,0,23,0,5,20,0,25,0,5,43,0,48,24,0,24,72
12/16/2012,SCK,CA,AWP,WE,Towers with Radar,5,0,21,0,26,1,2,26,0,29,6,2,47,0,55,54,0,54,109
12/17/2012,SCK,CA,AWP,WE,Towers with Radar,2,3,43,3,51,0,0,7,1,8,2,3,50,4,59,38,14,52,111
12/18/2012,SCK,CA,AWP,WE,Towers with Radar,0,0,44,9,53,0,9,42,1,52,0,9,86,10,105,108,14,122,227
12/19/2012,SCK,CA,AWP,WE,Towers with Radar,0,6,29,0,35,0,2,45,7,54,0,8,74,7,89,102,0,102,191
12/20/2012,SCK,CA,AWP,WE,Towers with Radar,4,0,20,13,37,0,0,45,2,47,4,0,65,15,84,110,14,124,208
12/21/2012,SCK,CA,AWP,WE,Towers with Radar,3,0,12,8,23,0,5,12,0,17,3,5,24,8,40,0,24,24,64
12/22/2012,SCK,CA,AWP,WE,Towers with Radar,2,0,6,14,22,0,2,2,3,7,2,2,8,17,29,0,42,42,71
12/23/2012,SCK,CA,AWP,WE,Towers with Radar,5,0,7,0,12,0,0,1,0,1,5,0,8,0,13,0,0,0,13
12/24/2012,SCK,CA,AWP,WE,Towers with Radar,2,1,23,0,26,0,2,16,0,18,2,3,39,0,44,1,0,1,45
12/25/2012,SCK,CA,AWP,WE,Towers with Radar,0,2,5,0,7,0,2,0,0,2,0,4,5,0,9,0,0,0,9
12/26/2012,SCK,CA,AWP,WE,Towers with Radar,2,0,25,0,27,0,0,8,0,8,2,0,33,0,35,32,0,32,67
12/27/2012,SCK,CA,AWP,WE,Towers with Radar,3,1,43,1,48,0,2,29,2,33,3,3,72,3,81,46,8,54,135
12/28/2012,SCK,CA,AWP,WE,Towers with Radar,2,0,24,1,27,0,0,6,5,11,2,0,30,6,38,58,18,76,114
12/29/2012,SCK,CA,AWP,WE,Towers with Radar,2,0,17,0,19,0,4,17,1,22,2,4,34,1,41,64,0,64,105
12/30/2012,SCK,CA,AWP,WE,Towers with Radar,5,0,52,0,57,0,3,31,1,35,5,3,83,1,92,38,0,38,130
12/31/2012,SCK,CA,AWP,WE,Towers with Radar,2,0,35,0,37,0,0,35,1,36,2,0,70,1,73,34,0,34,107
01/01/2013,SCK,CA,AWP,WE,Towers with Radar,2,0,13,0,15,0,4,18,1,23,2,4,31,1,38,12,0,12,50
01/02/2013,SCK,CA,AWP,WE,Towers with Radar,2,0,29,2,33,0,0,34,1,35,2,0,63,3,68,38,0,38,106
01/03/2013,SCK,CA,AWP,WE,Towers with Radar,3,0,49,2,54,0,5,58,5,68,3,5,107,7,122,84,0,84,206
01/04/2013,SCK,CA,AWP,WE,Towers with Radar,4,0,40,6,50,0,2,67,5,74,4,2,107,11,124,60,22,82,206
01/05/2013,SCK,CA,AWP,WE,Towers with Radar,2,2,27,8,39,0,3,4,0,7,2,5,31,8,46,4,0,4,50
01/06/2013,SCK,CA,AWP,WE,Towers with Radar,3,1,44,0,48,0,1,0,0,1,3,2,44,0,49,0,0,0,49
01/07/2013,SCK,CA,AWP,WE,Towers with Radar,2,1,24,0,27,0,2,12,0,14,2,3,36,0,41,108,0,108,149
01/08/2013,SCK,CA,AWP,WE,Towers with Radar,1,1,39,6,47,0,1,61,1,63,1,2,100,7,110,66,0,66,176
01/09/2013,SCK,CA,AWP,WE,Towers with Radar,0,0,18,6,24,0,0,4,1,5,0,0,22,7,29,32,10,42,71
01/10/2013,SCK,CA,AWP,WE,Towers with Radar,2,0,46,5,53,0,2,72,2,76,2,2,118,7,129,94,0,94,223
01/11/2013,SCK,CA,AWP,WE,Towers with Radar,5,0,23,1,29,0,4,50,2,56,5,4,73,3,85,50,16,66,151
01/12/2013,SCK,CA,AWP,WE,Towers with Radar,0,1,37,4,42,0,1,56,8,65,0,2,93,12,107,12,0,12,119
01/13/2013,SCK,CA,AWP,WE,Towers with Radar,6,0,40,0,46,0,0,21,0,21,6,0,61,0,67,10,0,10,77
01/14/2013,SCK,CA,AWP,WE,Towers with Radar,2,3,46,4,55,0,1,31,0,32,2,4,77,4,87,20,0,20,107
01/15/2013,SCK,CA,AWP,WE,Towers with Radar,0,2,72,7,81,0,3,52,8,63,0,5,124,15,144,46,54,100,244
01/16/2013,SCK,CA,AWP,WE,Towers with Radar,0,2,52,9,63,0,4,35,8,47,0,6,87,17,110,46,0,46,156
01/17/2013,SCK,CA,AWP,WE,Towers with Radar,2,2,41,0,45,0,0,48,2,50,2,2,89,2,95,36,2,38,133
01/18/2013,SCK,CA,AWP,WE,Towers with Radar,4,0,63,3,70,0,0,57,1,58,4,0,120,4,128,26,0,26,154
01/19/2013,SCK,CA,AWP,WE,Towers with Radar,2,0,29,0,31,0,0,59,2,61,2,0,88,2,92,50,0,50,142
01/20/2013,SCK,CA,AWP,WE,Towers with Radar,4,3,51,1,59,0,2,29,0,31,4,5,80,1,90,20,0,20,110
01/21/2013,SCK,CA,AWP,WE,Towers with Radar,3,2,54,1,60,0,0,35,0,35,3,2,89,1,95,58,0,58,153
01/22/2013,SCK,CA,AWP,WE,Towers with Radar,0,1,48,3,52,0,0,42,3,45,0,1,90,6,97,28,2,30,127
01/23/2013,SCK,CA,AWP,WE,Towers with Radar,0,0,22,1,23,0,0,5,0,5,0,0,27,1,28,0,0,0,28
01/24/2013,SCK,CA,AWP,WE,Towers with Radar,2,2,30,5,39,0,0,9,0,9,2,2,39,5,48,0,0,0,48
01/25/2013,SCK,CA,AWP,WE,Towers with Radar,4,7,42,4,57,0,0,7,1,8,4,7,49,5,65,4,0,4,69
01/26/2013,SCK,CA,AWP,WE,Towers with Radar,0,2,26,0,28,0,2,17,1,20,0,4,43,1,48,26,0,26,74
01/27/2013,SCK,CA,AWP,WE,Towers with Radar,5,0,38,0,43,0,0,37,0,37,5,0,75,0,80,20,0,20,100
01/28/2013,SCK,CA,AWP,WE,Towers with Radar,2,7,26,1,36,0,3,37,7,47,2,10,63,8,83,46,0,46,129
01/29/2013,SCK,CA,AWP,WE,Towers with Radar,2,3,39,0,44,0,1,63,6,70,2,4,102,6,114,32,0,32,146
01/30/2013,SCK,CA,AWP,WE,Towers with Radar,0,3,47,4,54,0,1,57,7,65,0,4,104,11,119,56,0,56,175
01/31/2013,SCK,CA,AWP,WE,Towers with Radar,2,0,39,7,48,0,3,84,7,94,2,3,123,14,142,62,6,68,210
02/01/2013,SCK,CA,AWP,WE,Towers with Radar,6,0,24,2,32,0,0,46,1,47,6,0,70,3,79,50,4,54,133
02/02/2013,SCK,CA,AWP,WE,Towers with Radar,0,0,36,0,36,0,2,20,0,22,0,2,56,0,58,52,0,52,110
02/03/2013,SCK,CA,AWP,WE,Towers with Radar,5,2,30,0,37,0,0,31,0,31,5,2,61,0,68,24,0,24,92
02/04/2013,SCK,CA,AWP,WE,Towers with Radar,2,3,35,6,46,0,5,31,2,38,2,8,66,8,84,26,24,50,134
02/05/2013,SCK,CA,AWP,WE,Towers with Radar,0,1,18,0,19,0,3,55,4,62,0,4,73,4,81,62,8,70,151
02/06/2013,SCK,CA,AWP,WE,Towers with Radar,0,1,26,0,27,0,0,66,3,69,0,1,92,3,96,18,2,20,116
02/07/2013,SCK,CA,AWP,WE,Towers with Radar,2,0,19,5,26,0,1,19,3,23,2,1,38,8,49,12,13,25,74
02/08/2013,SCK,CA,AWP,WE,Towers with Radar,5,0,38,0,43,0,0,14,1,15,5,0,52,1,58,18,0,18,76
02/09/2013,SCK,CA,AWP,WE,Towers with Radar,0,0,41,3,44,0,2,51,6,59,0,2,92,9,103,80,10,90,193
02/10/2013,SCK,CA,AWP,WE,Towers with Radar,5,0,35,0,40,0,1,44,1,46,5,1,79,1,86,40,0,40,126
02/11/2013,SCK,CA,AWP,WE,Towers with Radar,2,2,31,0,35,0,1,62,2,65,2,3,93,2,100,72,0,72,172
02/12/2013,SCK,CA,AWP,WE,Towers with Radar,0,0,39,7,46,0,2,64,4,70,0,2,103,11,116,88,2,90,206
02/13/2013,SCK,CA,AWP,WE,Towers with Radar,2,2,37,0,41,0,4,51,2,57,2,6,88,2,98,38,0,38,136
02/14/2013,SCK,CA,AWP,WE,Towers with Radar,2,0,45,2,49,0,2,64,1,67,2,2,109,3,116,94,0,94,210
02/15/2013,SCK,CA,AWP,WE,Towers with Radar,4,0,30,0,34,0,2,68,1,71,4,2,98,1,105,110,0,110,215
02/16/2013,SCK,CA,AWP,WE,Towers with Radar,2,0,23,0,25,0,4,55,0,59,2,4,78,0,84,58,0,58,142
02/17/2013,SCK,CA,AWP,WE,Towers with Radar,6,0,32,0,38,0,0,43,0,43,6,0,75,0,81,20,0,20,101
02/18/2013,SCK,CA,AWP,WE,Towers with Radar,5,1,43,0,49,0,3,38,0,41,5,4,81,0,90,36,0,36,126
02/19/2013,SCK,CA,AWP,WE,Towers with Radar,0,2,10,4,16,0,1,5,1,7,0,3,15,5,23,2,12,14,37
02/20/2013,SCK,CA,AWP,WE,Towers with Radar,3,0,55,6,64,0,0,45,1,46,3,0,100,7,110,24,8,32,142
02/21/2013,SCK,CA,AWP,WE,Towers with Radar,2,0,36,2,40,0,2,55,2,59,2,2,91,4,99,60,2,62,161
02/22/2013,SCK,CA,AWP,WE,Towers with Radar,4,2,35,6,47,0,3,42,3,48,4,5,77,9,95,94,16,110,205
02/23/2013,SCK,CA,AWP,WE,Towers with Radar,2,0,15,0,17,0,4,25,0,29,2,4,40,0,46,4,0,4,50
02/24/2013,SCK,CA,AWP,WE,Towers with Radar,5,1,39,0,45,0,13,25,0,38,5,14,64,0,83,26,0,26,109
02/25/2013,SCK,CA,AWP,WE,Towers with Radar,4,1,49,1,55,0,1,40,0,41,4,2,89,1,96,4,0,4,100
02/26/2013,SCK,CA,AWP,WE,Towers with Radar,2,1,31,0,34,0,0,50,1,51,2,1,81,1,85,57,2,59,144
02/27/2013,SCK,CA,AWP,WE,Towers with Radar,2,6,38,7,53,0,1,70,2,73,2,7,108,9,126,107,4,111,237
02/28/2013,SCK,CA,AWP,WE,Towers with Radar,4,2,39,8,53,0,7,40,8,55,4,9,79,16,108,126,8,134,242
03/01/2013,SCK,CA,AWP,WE,Towers with Radar,6,2,53,15,76,0,0,41,6,47,6,2,94,21,123,46,14,60,183
03/02/2013,SCK,CA,AWP,WE,Towers with Radar,2,0,36,12,50,0,6,48,5,59,2,6,84,17,109,22,38,60,169
03/03/2013,SCK,CA,AWP,WE,Towers with Radar,8,3,41,0,52,0,7,22,2,31,8,10,63,2,83,0,0,0,83
03/04/2013,SCK,CA,AWP,WE,Towers with Radar,5,1,42,0,48,0,3,45,3,51,5,4,87,3,99,60,0,60,159
03/05/2013,SCK,CA,AWP,WE,Towers with Radar,0,0,26,0,26,0,4,39,4,47,0,4,65,4,73,42,2,44,117
03/06/2013,SCK,CA,AWP,WE,Towers with Radar,2,0,8,0,10,0,1,8,0,9,2,1,16,0,19,0,0,0,19
03/07/2013,SCK,CA,AWP,WE,Towers with Radar,4,4,19,2,29,0,8,36,0,44,4,12,55,2,73,92,0,92,165
03/08/2013,SCK,CA,AWP,WE,Towers with Radar,4,4,20,1,29,0,4,53,2,59,4,8,73,3,88,30,0,30,118
03/09/2013,SCK,CA,AWP,WE,Towers with Radar,2,11,26,0,39,0,118,36,2,156,2,129,62,2,195,72,0,72,267
03/10/2013,SCK,CA,AWP,WE,Towers with Radar,6,0,19,0,25,0,3,44,0,47,6,3,63,0,72,4,0,4,76
03/11/2013,SCK,CA,AWP,WE,Towers with Radar,4,2,18,0,24,0,2,64,0,66,4,4,82,0,90,86,0,86,176
03/12/2013,SCK,CA,AWP,WE,Towers with Radar,0,0,31,1,32,0,1,57,5,63,0,1,88,6,95,70,0,70,165
03/13/2013,SCK,CA,AWP,WE,Towers with Radar,4,0,30,3,37,0,3,45,5,53,4,3,75,8,90,50,0,50,140
03/14/2013,SCK,CA,AWP,WE,Towers with Radar,4,0,37,0,41,0,4,40,9,53,4,4,77,9,94,80,8,88,182
03/15/2013,SCK,CA,AWP,WE,Towers with Radar,4,4,37,1,46,0,2,43,2,47,4,6,80,3,93,38,0,38,131
03/16/2013,SCK,CA,AWP,WE,Towers with Radar,2,1,33,4,40,0,2,36,5,43,2,3,69,9,83,28,8,36,119
03/17/2013,SCK,CA,AWP,WE,Towers with Radar,5,1,26,0,32,0,0,39,0,39,5,1,65,0,71,2,0,2,73
03/18/2013,SCK,CA,AWP,WE,Towers with Radar,4,3,31,0,38,0,10,35,2,47,4,13,66,2,85,16,0,16,101
03/19/2013,SCK,CA,AWP,WE,Towers with Radar,0,5,49,15,69,0,6,48,1,55,0,11,97,16,124,70,10,80,204
03/20/2013,SCK,CA,AWP,WE,Towers with Radar,4,2,42,9,57,0,3,32,3,38,4,5,74,12,95,36,4,40,135
03/21/2013,SCK,CA,AWP,WE,Towers with Radar,4,4,33,2,43,0,4,34,3,41,4,8,67,5,84,58,12,70,154
03/22/2013,SCK,CA,AWP,WE,Towers with Radar,7,0,22,0,29,0,1,40,7,48,7,1,62,7,77,0,2,2,79
03/23/2013,SCK,CA,AWP,WE,Towers with Radar,2,0,31,0,33,0,7,42,1,50,2,7,73,1,83,8,0,8,91
03/24/2013,SCK,CA,AWP,WE,Towers with Radar,5,1,28,0,34,0,5,29,0,34,5,6,57,0,68,10,0,10,78
03/25/2013,SCK,CA,AWP,WE,Towers with Radar,4,1,23,0,28,0,9,48,3,60,4,10,71,3,88,52,8,60,148
03/26/2013,SCK,CA,AWP,WE,Towers with Radar,0,1,30,1,32,0,3,55,5,63,0,4,85,6,95,68,0,68,163
03/27/2013,SCK,CA,AWP,WE,Towers with Radar,2,4,34,10,50,0,2,57,5,64,2,6,91,15,114,60,14,74,188
03/28/2013,SCK,CA,AWP,WE,Towers with Radar,4,1,33,8,46,0,0,58,7,65,4,1,91,15,111,60,36,96,207
03/29/2013,SCK,CA,AWP,WE,Towers with Radar,4,2,39,0,45,0,4,55,1,60,4,6,94,1,105,22,0,22,127
03/30/2013,SCK,CA,AWP,WE,Towers with Radar,2,0,42,0,44,0,0,21,0,21,2,0,63,0,65,14,0,14,79
03/31/2013,SCK,CA,AWP,WE,Towers with Radar,5,0,10,0,15,0,0,3,0,3,5,0,13,0,18,0,0,0,18
04/01/2013,SCK,CA,AWP,WE,Towers with Radar,4,0,23,0,27,0,3,24,2,29,4,3,47,2,56,56,2,58,114
04/02/2013,SCK,CA,AWP,WE,Towers with Radar,0,0,49,5,54,0,4,59,3,66,0,4,108,8,120,22,0,22,142
04/03/2013,SCK,CA,AWP,WE,Towers with Radar,2,0,34,0,36,0,2,65,7,74,2,2,99,7,110,14,0,14,124
04/04/2013,SCK,CA,AWP,WE,Towers with Radar,4,4,20,30,58,0,2,5,9,16,4,6,25,39,74,0,54,54,128
04/05/2013,SCK,CA,AWP,WE,Towers with Radar,4,0,38,0,42,0,3,29,0,32,4,3,67,0,74,16,0,16,90
04/06/2013,SCK,CA,AWP,WE,Towers with Radar,2,0,30,0,32,0,0,37,0,37,2,0,67,0,69,12,0,12,81
04/07/2013,SCK,CA,AWP,WE,Towers with Radar,6,2,40,0,48,0,0,32,0,32,6,2,72,0,80,6,0,6,86
04/08/2013,SCK,CA,AWP,WE,Towers with Radar,4,0,14,0,18,0,0,22,0,22,4,0,36,0,40,6,0,6,46
04/09/2013,SCK,CA,AWP,WE,Towers with Radar,0,0,22,0,22,0,1,8,7,16,0,1,30,7,38,0,0,0,38
04/10/2013,SCK,CA,AWP,WE,Towers with Radar,2,3,42,5,52,0,1,78,4,83,2,4,120,9,135,19,6,25,160
04/11/2013,SCK,CA,AWP,WE,Towers with Radar,4,2,33,2,41,0,0,84,5,89,4,2,117,7,130,36,2,38,168
04/12/2013,SCK,CA,AWP,WE,Towers with Radar,4,0,58,0,62,0,3,64,0,67,4,3,122,0,129,48,0,48,177
04/13/2013,SCK,CA,AWP,WE,Towers with Radar,2,1,53,1,57,0,1,80,7,88,2,2,133,8,145,46,0,46,191
04/14/2013,SCK,CA,AWP,WE,Towers with Radar,5,3,35,0,43,0,0,20,6,26,5,3,55,6,69,8,0,8,77
04/15/2013,SCK,CA,AWP,WE,Towers with Radar,4,0,29,0,33,0,0,23,4,27,4,0,52,4,60,8,12,20,80
04/16/2013,SCK,CA,AWP,WE,Towers with Radar,0,3,34,7,44,0,3,33,4,40,0,6,67,11,84,10,0,10,94
04/17/2013,SCK,CA,AWP,WE,Towers with Radar,2,1,32,1,36,0,0,37,2,39,2,1,69,3,75,4,2,6,81
04/18/2013,SCK,CA,AWP,WE,Towers with Radar,2,0,66,2,70,0,3,88,3,94,2,3,154,5,164,70,4,74,238
04/19/2013,SCK,CA,AWP,WE,Towers with Radar,4,2,55,2,63,0,1,64,2,67,4,3,119,4,130,14,0,14,144
04/20/2013,SCK,CA,AWP,WE,Towers with Radar,3,0,54,0,57,0,0,61,0,61,3,0,115,0,118,24,0,24,142
04/21/2013,SCK,CA,AWP,WE,Towers with Radar,4,0,25,0,29,0,0,49,0,49,4,0,74,0,78,20,0,20,98
04/22/2013,SCK,CA,AWP,WE,Towers with Radar,2,1,37,4,44,0,0,50,2,52,2,1,87,6,96,50,2,52,148
04/23/2013,SCK,CA,AWP,WE,Towers with Radar,0,0,53,0,53,0,3,50,6,59,0,3,103,6,112,28,24,52,164
04/24/2013,SCK,CA,AWP,WE,Towers with Radar,2,2,37,5,46,0,8,68,5,81,2,10,105,10,127,68,18,86,213
04/25/2013,SCK,CA,AWP,WE,Towers with Radar,2,0,48,2,52,0,2,56,11,69,2,2,104,13,121,24,14,38,159
04/26/2013,SCK,CA,AWP,WE,Towers with Radar,4,0,39,0,43,0,1,61,1,63,4,1,100,1,106,32,0,32,138
04/27/2013,SCK,CA,AWP,WE,Towers with Radar,2,0,35,0,37,0,6,46,2,54,2,6,81,2,91,64,0,64,155
04/28/2013,SCK,CA,AWP,WE,Towers with Radar,4,2,52,0,58,0,3,31,0,34,4,5,83,0,92,6,0,6,98
04/29/2013,SCK,CA,AWP,WE,Towers with Radar,2,0,42,0,44,0,0,40,5,45,2,0,82,5,89,64,0,64,153
04/30/2013,SCK,CA,AWP,WE,Towers with Radar,0,0,27,1,28,0,7,36,9,52,0,7,63,10,80,22,20,42,122
05/01/2013,SCK,CA,AWP,WE,Towers with Radar,2,0,13,0,15,0,6,37,0,43,2,6,50,0,58,50,0,50,108
05/02/2013,SCK,CA,AWP,WE,Towers with Radar,2,1,28,1,32,0,7,48,5,60,2,8,76,6,92,26,6,32,124
05/03/2013,SCK,CA,AWP,WE,Towers with Radar,4,4,24,0,32,0,2,66,1,69,4,6,90,1,101,60,0,60,161
05/04/2013,SCK,CA,AWP,WE,Towers with Radar,3,1,29,0,33,0,5,34,0,39,3,6,63,0,72,26,0,26,98
05/05/2013,SCK,CA,AWP,WE,Towers with Radar,4,3,43,0,50,0,5,19,1,25,4,8,62,1,75,6,0,6,81
05/06/2013,SCK,CA,AWP,WE,Towers with Radar,2,6,16,0,24,0,3,15,0,18,2,9,31,0,42,88,0,88,130
05/07/2013,SCK,CA,AWP,WE,Towers with Radar,0,4,44,0,48,0,1,21,1,23,0,5,65,1,71,32,0,32,103
05/08/2013,SCK,CA,AWP,WE,Towers with Radar,3,4,32,8,47,0,3,37,4,44,3,7,69,12,91,24,16,40,131
05/09/2013,SCK,CA,AWP,WE,Towers with Radar,2,10,45,3,60,0,4,64,4,72,2,14,109,7,132,30,8,38,170
05/10/2013,SCK,CA,AWP,WE,Towers with Radar,5,0,48,0,53,0,2,57,2,61,5,2,105,2,114,72,0,72,186
05/11/2013,SCK,CA,AWP,WE,Towers with Radar,2,1,36,0,39,0,6,56,0,62,2,7,92,0,101,4,0,4,105
05/12/2013,SCK,CA,AWP,WE,Towers with Radar,4,1,37,0,42,0,1,37,1,39,4,2,74,1,81,0,0,0,81
05/13/2013,SCK,CA,AWP,WE,Towers with Radar,4,0,30,0,34,0,2,33,5,40,4,2,63,5,74,8,0,8,82
05/14/2013,SCK,CA,AWP,WE,Towers with Radar,0,5,27,0,32,0,4,33,2,39,0,9,60,2,71,10,0,10,81
05/15/2013,SCK,CA,AWP,WE,Towers with Radar,2,1,39,0,42,0,1,39,3,43,2,2,78,3,85,16,0,16,101
05/16/2013,SCK,CA,AWP,WE,Towers with Radar,2,3,38,1,44,0,0,37,1,38,2,3,75,2,82,44,0,44,126
05/17/2013,SCK,CA,AWP,WE,Towers with Radar,4,1,55,0,60,0,2,62,0,64,4,3,117,0,124,24,0,24,148
05/18/2013,SCK,CA,AWP,WE,Towers with Radar,2,0,28,0,30,0,4,32,2,38,2,4,60,2,68,22,0,22,90
05/19/2013,SCK,CA,AWP,WE,Towers with Radar,3,0,21,0,24,0,2,26,2,30,3,2,47,2,54,8,0,8,62
05/20/2013,SCK,CA,AWP,WE,Towers with Radar,4,0,45,0,49,0,6,53,2,61,4,6,98,2,110,22,0,22,132
05/21/2013,SCK,CA,AWP,WE,Towers with Radar,0,0,44,1,45,0,3,41,3,47,0,3,85,4,92,10,8,18,110
05/22/2013,SCK,CA,AWP,WE,Towers with Radar,2,0,25,2,29,0,5,31,2,38,2,5,56,4,67,0,0,0,67
05/23/2013,SCK,CA,AWP,WE,Towers with Radar,5,0,35,1,41,0,1,60,3,64,5,1,95,4,105,44,0,44,149
05/24/2013,SCK,CA,AWP,WE,Towers with Radar,4,0,54,0,58,0,3,82,3,88,4,3,136,3,146,32,0,32,178
05/25/2013,SCK,CA,AWP,WE,Towers with Radar,3,0,17,0,20,0,5,43,0,48,3,5,60,0,68,14,0,14,82
05/26/2013,SCK,CA,AWP,WE,Towers with Radar,6,2,12,0,20,0,4,24,1,29,6,6,36,1,49,26,0,26,75
05/27/2013,SCK,CA,AWP,WE,Towers with Radar,5,1,24,0,30,0,3,15,0,18,5,4,39,0,48,22,0,22,70
05/28/2013,SCK,CA,AWP,WE,Towers with Radar,2,2,50,0,54,0,3,31,2,36,2,5,81,2,90,34,0,34,124
05/29/2013,SCK,CA,AWP,WE,Towers with Radar,2,5,25,0,32,0,2,35,2,39,2,7,60,2,71,6,0,6,77
05/30/2013,SCK,CA,AWP,WE,Towers with Radar,4,5,23,6,38,0,2,78,10,90,4,7,101,16,128,48,20,68,196
05/31/2013,SCK,CA,AWP,WE,Towers with Radar,6,1,23,0,30,0,2,55,1,58,6,3,78,1,88,34,0,34,122
06/01/2013,SCK,CA,AWP,WE,Towers with Radar,4,0,14,0,18,0,10,45,0,55,4,10,59,0,73,26,0,26,99
06/02/2013,SCK,CA,AWP,WE,Towers with Radar,8,1,25,1,35,0,4,32,0,36,8,5,57,1,71,52,0,52,123
06/03/2013,SCK,CA,AWP,WE,Towers with Radar,5,1,36,0,42,0,5,51,1,57,5,6,87,1,99,38,0,38,137
06/04/2013,SCK,CA,AWP,WE,Towers with Radar,0,0,37,1,38,0,3,54,1,58,0,3,91,2,96,52,0,52,148
06/05/2013,SCK,CA,AWP,WE,Towers with Radar,4,0,32,0,36,0,0,65,6,71,4,0,97,6,107,54,0,54,161
06/06/2013,SCK,CA,AWP,WE,Towers with Radar,4,0,58,1,63,0,2,69,4,75,4,2,127,5,138,76,6,82,220
06/07/2013,SCK,CA,AWP,WE,Towers with Radar,4,0,27,0,31,0,2,59,4,65,4,2,86,4,96,80,0,80,176
06/08/2013,SCK,CA,AWP,WE,Towers with Radar,2,0,23,0,25,0,7,40,4,51,2,7,63,4,76,22,0,22,98
06/09/2013,SCK,CA,AWP,WE,Towers with Radar,7,0,23,2,32,0,1,25,0,26,7,1,48,2,58,28,0,28,86
06/10/2013,SCK,CA,AWP,WE,Towers with Radar,4,8,21,0,33,0,2,35,6,43,4,10,56,6,76,44,0,44,120
06/11/2013,SCK,CA,AWP,WE,Towers with Radar,0,3,39,11,53,0,1,37,1,39,0,4,76,12,92,170,10,180,272
06/12/2013,SCK,CA,AWP,WE,Towers with Radar,2,4,41,0,47,0,1,60,5,66,2,5,101,5,113,59,0,59,172
06/13/2013,SCK,CA,AWP,WE,Towers with Radar,5,0,42,11,58,0,3,65,11,79,5,3,107,22,137,60,22,82,219
06/14/2013,SCK,CA,AWP,WE,Towers with Radar,4,6,41,2,53,0,2,62,2,66,4,8,103,4,119,66,2,68,187
06/15/2013,SCK,CA,AWP,WE,Towers with Radar,2,4,23,0,29,0,3,38,0,41,2,7,61,0,70,54,0,54,124
06/16/2013,SCK,CA,AWP,WE,Towers with Radar,7,2,11,2,22,0,3,24,0,27,7,5,35,2,49,2,0,2,51
06/17/2013,SCK,CA,AWP,WE,Towers with Radar,4,0,45,0,49,0,0,43,8,51,4,0,88,8,100,56,18,74,174
06/18/2013,SCK,CA,AWP,WE,Towers with Radar,0,8,14,0,22,0,2,33,5,40,0,10,47,5,62,10,0,10,72
06/19/2013,SCK,CA,AWP,WE,Towers with Radar,2,2,42,1,47,0,3,60,15,78,2,5,102,16,125,98,12,110,235
06/20/2013,SCK,CA,AWP,WE,Towers with Radar,6,1,42,4,53,0,5,41,5,51,6,6,83,9,104,92,10,102,206
06/21/2013,SCK,CA,AWP,WE,Towers with Radar,6,3,47,10,66,0,4,56,9,69,6,7,103,19,135,100,16,116,251
06/22/2013,SCK,CA,AWP,WE,Towers with Radar,2,0,35,1,38,0,1,54,5,60,2,1,89,6,98,78,0,78,176
06/23/2013,SCK,CA,AWP,WE,Towers with Radar,5,1,10,0,16,0,6,19,1,26,5,7,29,1,42,10,2,12,54
06/24/2013,SCK,CA,AWP,WE,Towers with Radar,4,4,30,21,59,0,2,3,1,6,4,6,33,22,65,86,6,92,157
06/25/2013,SCK,CA,AWP,WE,Towers with Radar,0,12,20,12,44,0,0,20,2,22,0,12,40,14,66,100,0,100,166
06/26/2013,SCK,CA,AWP,WE,Towers with Radar,2,0,36,0,38,0,0,49,0,49,2,0,85,0,87,80,0,80,167
06/27/2013,SCK,CA,AWP,WE,Towers with Radar,6,0,32,0,38,0,3,67,3,73,6,3,99,3,111,54,0,54,165
06/28/2013,SCK,CA,AWP,WE,Towers with Radar,4,0,22,1,27,0,8,53,4,65,4,8,75,5,92,52,0,52,144
06/29/2013,SCK,CA,AWP,WE,Towers with Radar,2,0,19,0,21,0,3,25,0,28,2,3,44,0,49,40,0,40,89
06/30/2013,SCK,CA,AWP,WE,Towers with Radar,4,1,11,0,16,0,4,26,0,30,4,5,37,0,46,4,0,4,50
07/01/2013,SCK,CA,AWP,WE,Towers with Radar,4,3,27,7,41,0,0,39,2,41,4,3,66,9,82,44,32,76,158
07/02/2013,SCK,CA,AWP,WE,Towers with Radar,0,0,49,1,50,0,2,38,4,44,0,2,87,5,94,104,2,106,200
07/03/2013,SCK,CA,AWP,WE,Towers with Radar,2,1,24,0,27,0,0,44,3,47,2,1,68,3,74,100,0,100,174
07/04/2013,SCK,CA,AWP,WE,Towers with Radar,6,0,14,0,20,0,0,20,0,20,6,0,34,0,40,58,0,58,98
07/05/2013,SCK,CA,AWP,WE,Towers with Radar,4,0,23,0,27,0,1,24,0,25,4,1,47,0,52,8,0,8,60
07/06/2013,SCK,CA,AWP,WE,Towers with Radar,2,0,19,0,21,0,5,36,1,42,2,5,55,1,63,14,0,14,77
07/07/2013,SCK,CA,AWP,WE,Towers with Radar,8,0,39,0,47,0,2,28,0,30,8,2,67,0,77,2,0,2,79
07/08/2013,SCK,CA,AWP,WE,Towers with Radar,6,0,11,5,22,0,1,63,1,65,6,1,74,6,87,64,0,64,151
07/09/2013,SCK,CA,AWP,WE,Towers with Radar,0,0,27,10,37,0,0,56,7,63,0,0,83,17,100,58,8,66,166
07/10/2013,SCK,CA,AWP,WE,Towers with Radar,1,4,27,12,44,0,2,74,7,83,1,6,101,19,127,90,22,112,239
07/11/2013,SCK,CA,AWP,WE,Towers with Radar,5,0,26,0,31,0,2,49,4,55,5,2,75,4,86,66,0,66,152
07/12/2013,SCK,CA,AWP,WE,Towers with Radar,7,4,24,1,36,0,7,47,1,55,7,11,71,2,91,70,0,70,161
07/13/2013,SCK,CA,AWP,WE,Towers with Radar,2,1,27,0,30,0,0,49,0,49,2,1,76,0,79,34,0,34,113
07/14/2013,SCK,CA,AWP,WE,Towers with Radar,7,1,29,0,37,0,0,26,0,26,7,1,55,0,63,28,0,28,91
07/15/2013,SCK,CA,AWP,WE,Towers with Radar,5,9,20,8,42,0,4,37,0,41,5,13,57,8,83,48,0,48,131
07/16/2013,SCK,CA,AWP,WE,Towers with Radar,0,2,56,6,64,0,0,47,0,47,0,2,103,6,111,48,0,48,159
07/17/2013,SCK,CA,AWP,WE,Towers with Radar,2,0,65,7,74,0,6,74,4,84,2,6,139,11,158,72,14,86,244
07/18/2013,SCK,CA,AWP,WE,Towers with Radar,5,0,51,5,61,0,2,63,3,68,5,2,114,8,129,80,24,104,233
07/19/2013,SCK,CA,AWP,WE,Towers with Radar,3,0,24,3,30,0,3,47,3,53,3,3,71,6,83,32,16,48,131
07/20/2013,SCK,CA,AWP,WE,Towers with Radar,2,0,27,0,29,0,3,57,1,61,2,3,84,1,90,18,2,20,110
07/21/2013,SCK,CA,AWP,WE,Towers with Radar,7,2,32,0,41,0,5,42,3,50,7,7,74,3,91,40,0,40,131
07/22/2013,SCK,CA,AWP,WE,Towers with Radar,3,0,32,4,39,0,0,66,3,69,3,0,98,7,108,102,16,118,226
07/23/2013,SCK,CA,AWP,WE,Towers with Radar,2,0,53,5,60,0,3,53,7,63,2,3,106,12,123,46,18,64,187
07/24/2013,SCK,CA,AWP,WE,Towers with Radar,2,7,40,3,52,0,1,57,4,62,2,8,97,7,114,92,12,104,218
07/25/2013,SCK,CA,AWP,WE,Towers with Radar,4,2,31,0,37,0,0,69,5,74,4,2,100,5,111,68,0,68,179
07/26/2013,SCK,CA,AWP,WE,Towers with Radar,4,1,24,0,29,0,3,45,4,52,4,4,69,4,81,24,0,24,105
07/27/2013,SCK,CA,AWP,WE,Towers with Radar,4,0,7,0,11,0,4,35,0,39,4,4,42,0,50,26,0,26,76
07/28/2013,SCK,CA,AWP,WE,Towers with Radar,6,0,50,0,56,0,3,21,0,24,6,3,71,0,80,18,0,18,98
07/29/2013,SCK,CA,AWP,WE,Towers with Radar,3,0,18,5,26,0,0,27,8,35,3,0,45,13,61,30,14,44,105
07/30/2013,SCK,CA,AWP,WE,Towers with Radar,0,2,33,7,42,0,3,56,5,64,0,5,89,12,106,106,12,118,224
07/31/2013,SCK,CA,AWP,WE,Towers with Radar,5,1,26,0,32,0,6,65,6,77,5,7,91,6,109,98,12,110,219
08/01/2013,SCK,CA,AWP,WE,Towers with Radar,3,0,37,7,47,0,1,51,2,54,3,1,88,9,101,88,0,88,189
08/02/2013,SCK,CA,AWP,WE,Towers with Radar,4,8,27,10,49,0,6,45,3,54,4,14,72,13,103,104,4,108,211
08/03/2013,SCK,CA,AWP,WE,Towers with Radar,2,4,37,0,43,0,1,40,0,41,2,5,77,0,84,2,0,2,86
08/04/2013,SCK,CA,AWP,WE,Towers with Radar,8,0,34,1,43,0,2,36,1,39,8,2,70,2,82,22,0,22,104
08/05/2013,SCK,CA,AWP,WE,Towers with Radar,4,3,45,9,61,0,0,68,2,70,4,3,113,11,131,34,56,90,221
08/06/2013,SCK,CA,AWP,WE,Towers with Radar,0,2,34,0,36,0,1,53,0,54,0,3,87,0,90,92,0,92,182
08/07/2013,SCK,CA,AWP,WE,Towers with Radar,2,9,47,0,58,0,2,66,2,70,2,11,113,2,128,98,0,98,226
08/08/2013,SCK,CA,AWP,WE,Towers with Radar,4,9,46,1,60,0,3,77,0,80,4,12,123,1,140,96,0,96,236
08/09/2013,SCK,CA,AWP,WE,Towers with Radar,2,9,60,2,73,0,6,65,0,71,2,15,125,2,144,72,0,72,216
08/10/2013,SCK,CA,AWP,WE,Towers with Radar,3,0,27,0,30,0,7,50,0,57,3,7,77,0,87,26,0,26,113
08/11/2013,SCK,CA,AWP,WE,Towers with Radar,5,4,31,0,40,0,0,35,0,35,5,4,66,0,75,30,0,30,105
08/12/2013,SCK,CA,AWP,WE,Towers with Radar,4,4,50,10,68,0,4,40,4,48,4,8,90,14,116,24,14,38,154
08/13/2013,SCK,CA,AWP,WE,Towers with Radar,0,0,71,0,71,0,0,54,4,58,0,0,125,4,129,126,0,126,255
08/14/2013,SCK,CA,AWP,WE,Towers with Radar,3,6,47,0,56,0,1,60,0,61,3,7,107,0,117,114,0,114,231
08/15/2013,SCK,CA,AWP,WE,Towers with Radar,2,3,44,2,51,0,5,91,4,100,2,8,135,6,151,134,0,134,285
08/16/2013,SCK,CA,AWP,WE,Towers with Radar,5,0,23,0,28,0,0,31,3,34,5,0,54,3,62,22,0,22,84
08/17/2013,SCK,CA,AWP,WE,Towers with Radar,3,0,24,0,27,0,6,30,0,36,3,6,54,0,63,30,0,30,93
08/18/2013,SCK,CA,AWP,WE,Towers with Radar,2,3,22,0,27,0,2,43,0,45,2,5,65,0,72,44,0,44,116
08/19/2013,SCK,CA,AWP,WE,Towers with Radar,4,2,63,0,69,0,5,33,1,39,4,7,96,1,108,26,0,26,134
08/20/2013,SCK,CA,AWP,WE,Towers with Radar,0,0,68,0,68,0,0,65,3,68,0,0,133,3,136,34,8,42,178
08/21/2013,SCK,CA,AWP,WE,Towers with Radar,2,0,60,0,62,0,5,71,3,79,2,5,131,3,141,132,0,132,273
08/22/2013,SCK,CA,AWP,WE,Towers with Radar,1,8,46,6,61,0,3,79,3,85,1,11,125,9,146,98,14,112,258
08/23/2013,SCK,CA,AWP,WE,Towers with Radar,4,3,46,13,66,0,3,84,3,90,4,6,130,16,156,180,30,210,366
08/24/2013,SCK,CA,AWP,WE,Towers with Radar,2,0,25,6,33,0,4,48,6,58,2,4,73,12,91,122,16,138,229
08/25/2013,SCK,CA,AWP,WE,Towers with Radar,4,0,10,0,14,0,6,40,2,48,4,6,50,2,62,70,0,70,132
08/26/2013,SCK,CA,AWP,WE,Towers with Radar,2,0,29,0,31,0,7,56,1,64,2,7,85,1,95,116,0,116,211
08/27/2013,SCK,CA,AWP,WE,Towers with Radar,0,0,39,2,41,0,4,74,0,78,0,4,113,2,119,26,0,26,145
08/28/2013,SCK,CA,AWP,WE,Towers with Radar,0,3,41,8,52,0,5,72,3,80,0,8,113,11,132,118,14,132,264
08/29/2013,SCK,CA,AWP,WE,Towers with Radar,2,0,48,0,50,0,4,84,2,90,2,4,132,2,140,110,0,110,250
08/30/2013,SCK,CA,AWP,WE,Towers with Radar,4,0,40,1,45,0,4,68,3,75,4,4,108,4,120,60,0,60,180
08/31/2013,SCK,CA,AWP,WE,Towers with Radar,0,2,42,0,44,0,2,39,0,41,0,4,81,0,85,10,0,10,95
09/01/2013,SCK,CA,AWP,WE,Towers with Radar,5,3,4,0,12,0,5,35,0,40,5,8,39,0,52,10,0,10,62
09/02/2013,SCK,CA,AWP,WE,Towers with Radar,4,0,27,0,31,0,2,41,0,43,4,2,68,0,74,6,0,6,80
09/03/2013,SCK,CA,AWP,WE,Towers with Radar,0,0,28,0,28,0,5,58,1,64,0,5,86,1,92,106,8,114,206
09/04/2013,SCK,CA,AWP,WE,Towers with Radar,0,4,42,1,47,0,5,84,4,93,0,9,126,5,140,66,0,66,206
09/05/2013,SCK,CA,AWP,WE,Towers with Radar,2,0,55,6,63,0,1,68,12,81,2,1,123,18,144,40,6,46,190
09/06/2013,SCK,CA,AWP,WE,Towers with Radar,6,1,62,0,69,0,0,72,5,77,6,1,134,5,146,64,12,76,222
09/07/2013,SCK,CA,AWP,WE,Towers with Radar,0,0,38,0,38,0,6,44,2,52,0,6,82,2,90,30,0,30,120
09/08/2013,SCK,CA,AWP,WE,Towers with Radar,4,3,13,0,20,0,0,21,5,26,4,3,34,5,46,24,0,24,70
09/09/2013,SCK,CA,AWP,WE,Towers with Radar,2,0,48,2,52,0,1,65,2,68,2,1,113,4,120,78,6,84,204
09/10/2013,SCK,CA,AWP,WE,Towers with Radar,0,1,32,6,39,0,0,64,9,73,0,1,96,15,112,70,34,104,216
09/11/2013,SCK,CA,AWP,WE,Towers with Radar,0,0,36,3,39,0,5,74,10,89,0,5,110,13,128,138,2,140,268
09/12/2013,SCK,CA,AWP,WE,Towers with Radar,2,1,38,2,43,0,3,72,3,78,2,4,110,5,121,152,14,166,287
09/13/2013,SCK,CA,AWP,WE,Towers with Radar,5,7,38,3,53,0,2,69,5,76,5,9,107,8,129,104,14,118,247
09/14/2013,SCK,CA,AWP,WE,Towers with Radar,0,0,22,0,22,0,1,37,0,38,0,1,59,0,60,74,0,74,134
09/15/2013,SCK,CA,AWP,WE,Towers with Radar,4,0,19,0,23,0,0,40,0,40,4,0,59,0,63,74,0,74,137
09/16/2013,SCK,CA,AWP,WE,Towers with Radar,2,1,40,5,48,0,5,75,7,87,2,6,115,12,135,26,42,68,203
09/17/2013,SCK,CA,AWP,WE,Towers with Radar,0,0,27,4,31,0,3,61,0,64,0,3,88,4,95,80,12,92,187
09/18/2013,SCK,CA,AWP,WE,Towers with Radar,0,0,28,3,31,0,2,56,11,69,0,2,84,14,100,46,36,82,182
09/19/2013,SCK,CA,AWP,WE,Towers with Radar,3,2,31,3,39,0,2,78,2,82,3,4,109,5,121,140,4,144,265
09/20/2013,SCK,CA,AWP,WE,Towers with Radar,4,0,46,1,51,0,4,47,2,53,4,4,93,3,104,16,0,16,120
09/21/2013,SCK,CA,AWP,WE,Towers with Radar,0,1,19,0,20,0,3,27,0,30,0,4,46,0,50,50,0,50,100
09/22/2013,SCK,CA,AWP,WE,Towers with Radar,3,2,56,0,61,0,1,24,1,26,3,3,80,1,87,42,0,42,129
09/23/2013,SCK,CA,AWP,WE,Towers with Radar,2,0,50,2,54,0,3,48,10,61,2,3,98,12,115,102,18,120,235
09/24/2013,SCK,CA,AWP,WE,Towers with Radar,0,0,37,0,37,0,1,62,4,67,0,1,99,4,104,72,16,88,192
09/25/2013,SCK,CA,AWP,WE,Towers with Radar,0,2,30,1,33,0,0,54,9,63,0,2,84,10,96,90,10,100,196
09/26/2013,SCK,CA,AWP,WE,Towers with Radar,2,0,25,6,33,0,4,44,2,50,2,4,69,8,83,48,18,66,149
09/27/2013,SCK,CA,AWP,WE,Towers with Radar,4,0,35,0,39,0,0,67,2,69,4,0,102,2,108,124,0,124,232
09/28/2013,SCK,CA,AWP,WE,Towers with Radar,0,0,20,0,20,0,1,50,0,51,0,1,70,0,71,90,0,90,161
09/29/2013,SCK,CA,AWP,WE,Towers with Radar,4,2,22,0,28,0,1,52,0,53,4,3,74,0,81,28,0,28,109
09/30/2013,SCK,CA,AWP,WE,Towers with Radar,0,8,52,0,60,0,3,82,0,85,0,11,134,0,145,104,0,104,249
10/01/2013,SCK,CA,AWP,WE,Towers with Radar,0,0,43,2,45,0,3,61,2,66,0,3,104,4,111,70,8,78,189
10/02/2013,SCK,CA,AWP,WE,Towers with Radar,0,2,43,5,50,0,5,64,1,70,0,7,107,6,120,176,4,180,300
10/03/2013,SCK,CA,AWP,WE,Towers with Radar,2,2,15,1,20,0,4,45,0,49,2,6,60,1,69,34,0,34,103
10/04/2013,SCK,CA,AWP,WE,Towers with Radar,4,1,33,0,38,0,1,43,4,48,4,2,76,4,86,54,0,54,140
10/05/2013,SCK,CA,AWP,WE,Towers with Radar,0,1,25,0,26,0,1,66,1,68,0,2,91,1,94,28,0,28,122
10/06/2013,SCK,CA,AWP,WE,Towers with Radar,4,1,50,0,55,0,0,61,0,61,4,1,111,0,116,30,0,30,146
10/07/2013,SCK,CA,AWP,WE,Towers with Radar,2,2,34,6,44,0,2,60,0,62,2,4,94,6,106,66,24,90,196
10/08/2013,SCK,CA,AWP,WE,Towers with Radar,0,2,31,28,61,0,4,68,4,76,0,6,99,32,137,94,46,140,277
10/09/2013,SCK,CA,AWP,WE,Towers with Radar,0,0,30,19,49,0,5,48,7,60,0,5,78,26,109,138,32,170,279
10/10/2013,SCK,CA,AWP,WE,Towers with Radar,2,2,29,10,43,0,4,77,1,82,2,6,106,11,125,98,2,100,225
10/11/2013,SCK,CA,AWP,WE,Towers with Radar,4,0,32,9,45,0,0,88,4,92,4,0,120,13,137,60,20,80,217
10/12/2013,SCK,CA,AWP,WE,Towers with Radar,0,0,57,0,57,0,1,49,2,52,0,1,106,2,109,16,6,22,131
10/13/2013,SCK,CA,AWP,WE,Towers with Radar,6,2,29,0,37,0,2,45,0,47,6,4,74,0,84,22,0,22,106
10/14/2013,SCK,CA,AWP,WE,Towers with Radar,2,0,22,0,24,0,3,50,0,53,2,3,72,0,77,82,0,82,159
10/15/2013,SCK,CA,AWP,WE,Towers with Radar,0,4,33,8,45,0,3,62,6,71,0,7,95,14,116,70,56,126,242
10/16/2013,SCK,CA,AWP,WE,Towers with Radar,0,5,52,13,70,0,4,69,8,81,0,9,121,21,151,88,46,134,285
10/17/2013,SCK,CA,AWP,WE,Towers with Radar,4,4,62,14,84,0,0,42,3,45,4,4,104,17,129,90,20,110,239
10/18/2013,SCK,CA,AWP,WE,Towers with Radar,4,1,49,3,57,0,6,71,2,79,4,7,120,5,136,84,18,102,238
10/19/2013,SCK,CA,AWP,WE,Towers with Radar,0,0,34,6,40,0,5,53,0,58,0,5,87,6,98,62,12,74,172
10/20/2013,SCK,CA,AWP,WE,Towers with Radar,4,0,55,0,59,0,1,31,0,32,4,1,86,0,91,60,0,60,151
10/21/2013,SCK,CA,AWP,WE,Towers with Radar,2,0,19,4,25,0,0,39,0,39,2,0,58,4,64,34,2,36,100
10/22/2013,SCK,CA,AWP,WE,Towers with Radar,0,1,21,17,39,0,0,58,9,67,0,1,79,26,106,64,54,118,224
10/23/2013,SCK,CA,AWP,WE,Towers with Radar,0,0,16,10,26,0,4,51,7,62,0,4,67,17,88,108,2,110,198
10/24/2013,SCK,CA,AWP,WE,Towers with Radar,2,0,32,13,47,0,0,57,5,62,2,0,89,18,109,158,36,194,303
10/25/2013,SCK,CA,AWP,WE,Towers with Radar,5,3,25,1,34,0,1,56,5,62,5,4,81,6,96,66,2,68,164
10/26/2013,SCK,CA,AWP,WE,Towers with Radar,0,0,27,0,27,0,2,68,2,72,0,2,95,2,99,46,0,46,145
10/27/2013,SCK,CA,AWP,WE,Towers with Radar,4,0,41,0,45,0,5,21,0,26,4,5,62,0,71,2,0,2,73
10/28/2013,SCK,CA,AWP,WE,Towers with Radar,2,2,34,11,49,0,1,45,9,55,2,3,79,20,104,76,14,90,194
10/29/2013,SCK,CA,AWP,WE,Towers with Radar,0,8,45,19,72,0,4,51,7,62,0,12,96,26,134,152,20,172,306
10/30/2013,SCK,CA,AWP,WE,Towers with Radar,0,1,61,9,71,0,4,67,17,88,0,5,128,26,159,120,30,150,309
10/31/2013,SCK,CA,AWP,WE,Towers with Radar,3,0,36,0,39,0,2,60,4,66,3,2,96,4,105,160,16,176,281
11/01/2013,SCK,CA,AWP,WE,Towers with Radar,4,0,30,4,38,0,1,63,10,74,4,1,93,14,112,112,40,152,264
11/02/2013,SCK,CA,AWP,WE,Towers with Radar,0,0,31,0,31,0,5,66,0,71,0,5,97,0,102,74,0,74,176
11/03/2013,SCK,CA,AWP,WE,Towers with Radar,4,0,23,0,27,0,3,12,2,17,4,3,35,2,44,10,0,10,54
11/04/2013,SCK,CA,AWP,WE,Towers with Radar,2,1,35,0,38,0,4,27,1,32,2,5,62,1,70,22,0,22,92
11/05/2013,SCK,CA,AWP,WE,Towers with Radar,0,3,43,18,64,0,6,70,5,81,0,9,113,23,145,62,48,110,255
11/06/2013,SCK,CA,AWP,WE,Towers with Radar,0,1,52,2,55,0,5,60,6,71,0,6,112,8,126,104,28,132,258
11/07/2013,SCK,CA,AWP,WE,Towers with Radar,2,4,57,9,72,0,10,65,8,83,2,14,122,17,155,134,20,154,309
11/08/2013,SCK,CA,AWP,WE,Towers with Radar,4,0,36,5,45,0,7,74,3,84,4,7,110,8,129,62,8,70,199
11/09/2013,SCK,CA,AWP,WE,Towers with Radar,0,2,36,0,38,0,2,50,0,52,0,4,86,0,90,36,0,36,126
11/10/2013,SCK,CA,AWP,WE,Towers with Radar,4,0,32,0,36,0,2,29,0,31,4,2,61,0,67,14,0,14,81
11/11/2013,SCK,CA,AWP,WE,Towers with Radar,2,0,24,0,26,0,3,32,1,36,2,3,56,1,62,42,0,42,104
11/12/2013,SCK,CA,AWP,WE,Towers with Radar,0,2,38,9,49,0,0,54,15,69,0,2,92,24,118,102,14,116,234
11/13/2013,SCK,CA,AWP,WE,Towers with Radar,0,0,31,10,41,0,4,73,9,86,0,4,104,19,127,128,18,146,273
11/14/2013,SCK,CA,AWP,WE,Towers with Radar,2,0,42,2,46,0,3,52,6,61,2,3,94,8,107,76,0,76,183
11/15/2013,SCK,CA,AWP,WE,Towers with Radar,4,1,41,6,52,0,3,56,2,61,4,4,97,8,113,98,2,100,213
11/16/2013,SCK,CA,AWP,WE,Towers with Radar,0,3,51,0,54,0,5,87,0,92,0,8,138,0,146,46,0,46,192
11/17/2013,SCK,CA,AWP,WE,Towers with Radar,5,4,44,0,53,0,1,56,0,57,5,5,100,0,110,28,0,28,138
11/18/2013,SCK,CA,AWP,WE,Towers with Radar,2,0,38,2,42,0,1,86,4,91,2,1,124,6,133,114,20,134,267
11/19/2013,SCK,CA,AWP,WE,Towers with Radar,0,0,35,30,65,0,0,31,8,39,0,0,66,38,104,48,22,70,174
11/20/2013,SCK,CA,AWP,WE,Towers with Radar,0,0,18,17,35,0,1,1,3,5,0,1,19,20,40,24,0,24,64
11/21/2013,SCK,CA,AWP,WE,Towers with Radar,2,0,43,6,51,0,3,70,11,84,2,3,113,17,135,90,24,114,249
11/22/2013,SCK,CA,AWP,WE,Towers with Radar,2,1,37,2,42,0,1,59,7,67,2,2,96,9,109,54,12,66,175
11/23/2013,SCK,CA,AWP,WE,Towers with Radar,0,3,30,0,33,0,1,18,0,19,0,4,48,0,52,26,0,26,78
11/24/2013,SCK,CA,AWP,WE,Towers with Radar,4,0,53,0,57,0,0,31,0,31,4,0,84,0,88,22,0,22,110
11/25/2013,SCK,CA,AWP,WE,Towers with Radar,4,0,30,4,38,0,0,28,2,30,4,0,58,6,68,52,10,62,130
11/26/2013,SCK,CA,AWP,WE,Towers with Radar,0,3,68,16,87,0,0,53,13,66,0,3,121,29,153,82,58,140,293
11/27/2013,SCK,CA,AWP,WE,Towers with Radar,2,2,54,0,58,0,0,52,0,52,2,2,106,0,110,80,0,80,190
11/28/2013,SCK,CA,AWP,WE,Towers with Radar,2,0,14,0,16,0,5,11,0,16,2,5,25,0,32,0,0,0,32
11/29/2013,SCK,CA,AWP,WE,Towers with Radar,3,0,23,0,26,0,3,21,0,24,3,3,44,0,50,22,0,22,72
11/30/2013,SCK,CA,AWP,WE,Towers with Radar,2,0,5,0,7,0,5,32,1,38,2,5,37,1,45,34,0,34,79
12/01/2013,SCK,CA,AWP,WE,Towers with Radar,4,0,39,0,43,0,10,50,0,60,4,10,89,0,103,42,0,42,145
12/02/2013,SCK,CA,AWP,WE,Towers with Radar,2,0,31,2,35,0,3,53,3,59,2,3,84,5,94,116,10,126,220
12/03/2013,SCK,CA,AWP,WE,Towers with Radar,0,0,18,21,39,0,2,25,12,39,0,2,43,33,78,56,6,62,140
12/04/2013,SCK,CA,AWP,WE,Towers with Radar,0,0,32,3,35,0,0,75,3,78,0,0,107,6,113,164,14,178,291
12/05/2013,SCK,CA,AWP,WE,Towers with Radar,1,4,51,11,67,0,2,101,18,121,1,6,152,29,188,154,40,194,382
12/06/2013,SCK,CA,AWP,WE,Towers with Radar,2,6,41,5,54,0,1,59,5,65,2,7,100,10,119,98,22,120,239
12/07/2013,SCK,CA,AWP,WE,Towers with Radar,0,2,29,1,32,0,1,32,1,34,0,3,61,2,66,44,0,44,110
12/08/2013,SCK,CA,AWP,WE,Towers with Radar,4,0,53,0,57,0,2,47,3,52,4,2,100,3,109,8,0,8,117
12/09/2013,SCK,CA,AWP,WE,Towers with Radar,2,0,42,10,54,0,7,63,8,78,2,7,105,18,132,84,48,132,264
12/10/2013,SCK,CA,AWP,WE,Towers with Radar,0,1,52,9,62,0,1,70,20,91,0,2,122,29,153,82,38,120,273
12/11/2013,SCK,CA,AWP,WE,Towers with Radar,0,0,23,15,38,0,8,53,7,68,0,8,76,22,106,70,8,78,184
12/12/2013,SCK,CA,AWP,WE,Towers with Radar,2,2,28,3,35,0,1,68,8,77,2,3,96,11,112,82,10,92,204
12/13/2013,SCK,CA,AWP,WE,Towers with Radar,7,3,42,17,69,0,1,73,8,82,7,4,115,25,151,78,18,96,247
12/14/2013,SCK,CA,AWP,WE,Towers with Radar,0,0,23,0,23,0,0,31,1,32,0,0,54,1,55,52,0,52,107
12/15/2013,SCK,CA,AWP,WE,Towers with Radar,5,1,27,0,33,0,1,24,0,25,5,2,51,0,58,40,0,40,98
12/16/2013,SCK,CA,AWP,WE,Towers with Radar,2,0,44,0,46,0,0,59,0,59,2,0,103,0,105,60,0,60,165
12/17/2013,SCK,CA,AWP,WE,Towers with Radar,0,3,47,28,78,0,6,57,5,68,0,9,104,33,146,116,40,156,302
12/18/2013,SCK,CA,AWP,WE,Towers with Radar,1,1,39,14,55,0,0,58,12,70,1,1,97,26,125,128,18,146,271
12/19/2013,SCK,CA,AWP,WE,Towers with Radar,3,20,37,12,72,0,10,24,5,39,3,30,61,17,111,56,16,72,183
12/20/2013,SCK,CA,AWP,WE,Towers with Radar,4,4,50,12,70,0,4,74,4,82,4,8,124,16,152,176,12,188,340
12/21/2013,SCK,CA,AWP,WE,Towers with Radar,2,3,47,0,52,0,0,41,0,41,2,3,88,0,93,38,0,38,131
12/22/2013,SCK,CA,AWP,WE,Towers with Radar,4,0,55,0,59,0,2,22,0,24,4,2,77,0,83,32,0,32,115
12/23/2013,SCK,CA,AWP,WE,Towers with Radar,2,0,52,3,57,0,5,52,8,65,2,5,104,11,122,48,14,62,184
12/24/2013,SCK,CA,AWP,WE,Towers with Radar,2,0,17,0,19,0,3,40,3,46,2,3,57,3,65,52,0,52,117
12/25/2013,SCK,CA,AWP,WE,Towers with Radar,0,2,2,0,4,0,2,7,0,9,0,4,9,0,13,16,0,16,29
12/26/2013,SCK,CA,AWP,WE,Towers with Radar,4,0,28,2,34,0,1,41,3,45,4,1,69,5,79,54,2,56,135
12/27/2013,SCK,CA,AWP,WE,Towers with Radar,4,2,30,0,36,0,2,59,0,61,4,4,89,0,97,120,0,120,217
12/28/2013,SCK,CA,AWP,WE,Towers with Radar,2,0,41,0,43,0,5,58,0,63,2,5,99,0,106,52,0,52,158
12/29/2013,SCK,CA,AWP,WE,Towers with Radar,5,1,54,0,60,0,3,27,0,30,5,4,81,0,90,82,0,82,172
12/30/2013,SCK,CA,AWP,WE,Towers with Radar,4,10,28,1,43,0,2,48,2,52,4,12,76,3,95,80,0,80,175
12/31/2013,SCK,CA,AWP,WE,Towers with Radar,4,4,22,0,30,0,2,66,0,68,4,6,88,0,98,120,0,120,218
01/01/2014,SCK,CA,AWP,WE,Towers with Radar,0,0,27,0,27,0,8,20,1,29,0,8,47,1,56,158,0,158,214
01/02/2014,SCK,CA,AWP,WE,Towers with Radar,5,0,23,0,28,0,0,64,0,64,5,0,87,0,92,42,0,42,134
01/03/2014,SCK,CA,AWP,WE,Towers with Radar,2,2,32,0,36,0,4,67,6,77,2,6,99,6,113,128,2,130,243
01/04/2014,SCK,CA,AWP,WE,Towers with Radar,2,1,41,0,44,0,2,32,6,40,2,3,73,6,84,54,0,54,138
01/05/2014,SCK,CA,AWP,WE,Towers with Radar,7,0,71,0,78,0,3,35,1,39,7,3,106,1,117,24,0,24,141
01/06/2014,SCK,CA,AWP,WE,Towers with Radar,4,2,20,12,38,0,5,46,11,62,4,7,66,23,100,38,26,64,164
01/07/2014,SCK,CA,AWP,WE,Towers with Radar,0,5,35,3,43,0,0,24,14,38,0,5,59,17,81,72,50,122,203
01/08/2014,SCK,CA,AWP,WE,Towers with Radar,0,1,38,7,46,0,3,31,9,43,0,4,69,16,89,88,28,116,205
01/09/2014,SCK,CA,AWP,WE,Towers with Radar,4,4,44,22,74,0,1,39,11,51,4,5,83,33,125,48,34,82,207
01/10/2014,SCK,CA,AWP,WE,Towers with Radar,6,5,42,6,59,0,5,75,7,87,6,10,117,13,146,94,2,96,242
01/11/2014,SCK,CA,AWP,WE,Towers with Radar,0,1,18,0,19,0,3,18,4,25,0,4,36,4,44,44,0,44,88
01/12/2014,SCK,CA,AWP,WE,Towers with Radar,4,0,35,0,39,0,3,24,0,27,4,3,59,0,66,2,0,2,68
01/13/2014,SCK,CA,AWP,WE,Towers with Radar,2,2,30,14,48,0,2,43,12,57,2,4,73,26,105,46,48,94,199
01/14/2014,SCK,CA,AWP,WE,Towers with Radar,0,4,53,8,65,0,0,70,27,97,0,4,123,35,162,36,54,90,252
01/15/2014,SCK,CA,AWP,WE,Towers with Radar,0,2,63,12,77,0,3,55,20,78,0,5,118,32,155,92,22,114,269
01/16/2014,SCK,CA,AWP,WE,Towers with Radar,2,4,41,0,47,0,0,66,7,73,2,4,107,7,120,116,4,120,240
01/17/2014,SCK,CA,AWP,WE,Towers with Radar,4,12,34,19,69,0,0,55,5,60,4,12,89,24,129,60,18,78,207
01/18/2014,SCK,CA,AWP,WE,Towers with Radar,0,0,42,0,42,0,1,26,0,27,0,1,68,0,69,28,0,28,97
01/19/2014,SCK,CA,AWP,WE,Towers with Radar,4,0,13,0,17,0,0,25,2,27,4,0,38,2,44,34,0,34,78
01/20/2014,SCK,CA,AWP,WE,Towers with Radar,3,0,48,0,51,0,0,49,0,49,3,0,97,0,100,58,0,58,158
01/21/2014,SCK,CA,AWP,WE,Towers with Radar,0,1,33,11,45,0,0,47,9,56,0,1,80,20,101,66,16,82,183
01/22/2014,SCK,CA,AWP,WE,Towers with Radar,0,5,30,2,37,0,4,55,16,75,0,9,85,18,112,112,44,156,268
01/23/2014,SCK,CA,AWP,WE,Towers with Radar,2,10,31,13,56,0,14,66,9,89,2,24,97,22,145,62,6,68,213
01/24/2014,SCK,CA,AWP,WE,Towers with Radar,4,2,21,2,29,0,0,61,4,65,4,2,82,6,94,60,2,62,156
01/25/2014,SCK,CA,AWP,WE,Towers with Radar,0,0,37,0,37,0,2,48,0,50,0,2,85,0,87,76,0,76,163
01/26/2014,SCK,CA,AWP,WE,Towers with Radar,5,7,33,0,45,0,3,26,0,29,5,10,59,0,74,82,0,82,156
01/27/2014,SCK,CA,AWP,WE,Towers with Radar,2,8,28,10,48,0,9,60,4,73,2,17,88,14,121,92,32,124,245
01/28/2014,SCK,CA,AWP,WE,Towers with Radar,0,5,43,24,72,0,2,43,15,60,0,7,86,39,132,100,19,119,251
01/29/2014,SCK,CA,AWP,WE,Towers with Radar,0,3,54,17,74,0,1,9,9,19,0,4,63,26,93,76,62,138,231
01/30/2014,SCK,CA,AWP,WE,Towers with Radar,2,2,20,24,48,0,1,28,9,38,2,3,48,33,86,74,70,144,230
01/31/2014,SCK,CA,AWP,WE,Towers with Radar,5,0,40,9,54,0,3,48,10,61,5,3,88,19,115,14,24,38,153
02/01/2014,SCK,CA,AWP,WE,Towers with Radar,0,1,32,0,33,0,3,71,0,74,0,4,103,0,107,60,0,60,167
02/02/2014,SCK,CA,AWP,WE,Towers with Radar,3,1,3,0,7,0,0,7,0,7,3,1,10,0,14,0,0,0,14
02/03/2014,SCK,CA,AWP,WE,Towers with Radar,2,0,22,22,46,0,0,38,4,42,2,0,60,26,88,48,38,86,174
02/04/2014,SCK,CA,AWP,WE,Towers with Radar,0,2,17,20,39,0,0,59,8,67,0,2,76,28,106,84,34,118,224
02/05/2014,SCK,CA,AWP,WE,Towers with Radar,0,1,27,16,44,0,0,53,5,58,0,1,80,21,102,132,28,160,262
02/06/2014,SCK,CA,AWP,WE,Towers with Radar,2,2,21,25,50,0,0,7,5,12,2,2,28,30,62,12,38,50,112
02/07/2014,SCK,CA,AWP,WE,Towers with Radar,3,1,32,52,88,0,1,12,6,19,3,2,44,58,107,0,22,22,129
02/08/2014,SCK,CA,AWP,WE,Towers with Radar,0,0,18,8,26,0,0,0,2,2,0,0,18,10,28,0,0,0,28
02/09/2014,SCK,CA,AWP,WE,Towers with Radar,4,0,18,8,30,0,0,5,6,11,4,0,23,14,41,0,0,0,41
02/10/2014,SCK,CA,AWP,WE,Towers with Radar,3,2,38,24,67,0,1,23,0,24,3,3,61,24,91,22,4,26,117
02/11/2014,SCK,CA,AWP,WE,Towers with Radar,0,2,39,7,48,0,0,31,8,39,0,2,70,15,87,104,16,120,207
02/12/2014,SCK,CA,AWP,WE,Towers with Radar,2,0,31,6,39,0,0,49,7,56,2,0,80,13,95,74,8,82,177
02/13/2014,SCK,CA,AWP,WE,Towers with Radar,2,6,48,7,63,0,0,66,3,69,2,6,114,10,132,114,28,142,274
02/14/2014,SCK,CA,AWP,WE,Towers with Radar,4,0,34,16,54,0,3,58,2,63,4,3,92,18,117,83,20,103,220
02/15/2014,SCK,CA,AWP,WE,Towers with Radar,1,1,23,0,25,0,4,36,0,40,1,5,59,0,65,44,0,44,109
02/16/2014,SCK,CA,AWP,WE,Towers with Radar,5,1,45,0,51,0,3,31,0,34,5,4,76,0,85,12,0,12,97
02/17/2014,SCK,CA,AWP,WE,Towers with Radar,4,1,57,0,62,0,1,55,0,56,4,2,112,0,118,112,0,112,230
02/18/2014,SCK,CA,AWP,WE,Towers with Radar,0,2,33,23,58,0,2,49,3,54,0,4,82,26,112,136,16,152,264
02/19/2014,SCK,CA,AWP,WE,Towers with Radar,3,3,30,17,53,0,7,67,12,86,3,10,97,29,139,120,4,124,263
02/20/2014,SCK,CA,AWP,WE,Towers with Radar,3,0,27,13,43,0,2,53,7,62,3,2,80,20,105,106,28,134,239
02/21/2014,SCK,CA,AWP,WE,Towers with Radar,5,0,38,9,52,0,0,90,2,92,5,0,128,11,144,66,6,72,216
02/22/2014,SCK,CA,AWP,WE,Towers with Radar,2,2,30,0,34,0,1,44,1,46,2,3,74,1,80,78,0,78,158
02/23/2014,SCK,CA,AWP,WE,Towers with Radar,4,0,41,0,45,0,1,47,1,49,4,1,88,1,94,50,0,50,144
02/24/2014,SCK,CA,AWP,WE,Towers with Radar,4,1,50,21,76,0,4,70,4,78,4,5,120,25,154,104,32,136,290
02/25/2014,SCK,CA,AWP,WE,Towers with Radar,1,4,45,10,60,0,0,71,9,80,1,4,116,19,140,86,10,96,236
02/26/2014,SCK,CA,AWP,WE,Towers with Radar,0,5,24,15,44,0,2,14,9,25,0,7,38,24,69,28,32,60,129
02/27/2014,SCK,CA,AWP,WE,Towers with Radar,2,1,25,17,45,0,3,45,6,54,2,4,70,23,99,70,28,98,197
02/28/2014,SCK,CA,AWP,WE,Towers with Radar,3,2,22,12,39,0,0,8,0,8,3,2,30,12,47,14,0,14,61
03/01/2014,SCK,CA,AWP,WE,Towers with Radar,2,0,3,0,5,0,2,16,0,18,2,2,19,0,23,32,0,32,55
03/02/2014,SCK,CA,AWP,WE,Towers with Radar,5,2,14,0,21,0,0,4,5,9,5,2,18,5,30,2,12,14,44
03/03/2014,SCK,CA,AWP,WE,Towers with Radar,4,2,48,2,56,0,0,30,2,32,4,2,78,4,88,76,10,86,174
03/04/2014,SCK,CA,AWP,WE,Towers with Radar,0,0,40,12,52,0,0,21,6,27,0,0,61,18,79,86,10,96,175
03/05/2014,SCK,CA,AWP,WE,Towers with Radar,2,0,29,19,50,0,0,30,15,45,2,0,59,34,95,94,63,157,252
03/06/2014,SCK,CA,AWP,WE,Towers with Radar,4,3,37,7,51,0,1,56,8,65,4,4,93,15,116,72,14,86,202
03/07/2014,SCK,CA,AWP,WE,Towers with Radar,4,3,56,8,71,0,2,58,12,72,4,5,114,20,143,124,22,146,289
03/08/2014,SCK,CA,AWP,WE,Towers with Radar,2,0,38,0,40,0,2,45,5,52,2,2,83,5,92,52,0,52,144
03/09/2014,SCK,CA,AWP,WE,Towers with Radar,1,2,29,0,32,0,2,27,0,29,1,4,56,0,61,46,0,46,107
03/10/2014,SCK,CA,AWP,WE,Towers with Radar,4,0,42,9,55,0,0,32,1,33,4,0,74,10,88,46,12,58,146
03/11/2014,SCK,CA,AWP,WE,Towers with Radar,0,0,22,13,35,0,3,64,15,82,0,3,86,28,117,56,50,106,223
03/12/2014,SCK,CA,AWP,WE,Towers with Radar,2,2,28,7,39,0,2,56,7,65,2,4,84,14,104,114,6,120,224
03/13/2014,SCK,CA,AWP,WE,Towers with Radar,3,4,44,1,52,0,6,75,10,91,3,10,119,11,143,76,0,76,219
03/14/2014,SCK,CA,AWP,WE,Towers with Radar,4,2,44,1,51,0,3,78,10,91,4,5,122,11,142,94,12,106,248
03/15/2014,SCK,CA,AWP,WE,Towers with Radar,2,0,56,0,58,0,2,53,2,57,2,2,109,2,115,88,0,88,203
03/16/2014,SCK,CA,AWP,WE,Towers with Radar,4,0,34,0,38,0,2,42,1,45,4,2,76,1,83,52,0,52,135
03/17/2014,SCK,CA,AWP,WE,Towers with Radar,4,1,41,11,57,0,2,37,11,50,4,3,78,22,107,34,28,62,169
03/18/2014,SCK,CA,AWP,WE,Towers with Radar,0,1,24,13,38,0,2,79,14,95,0,3,103,27,133,208,48,256,389
03/19/2014,SCK,CA,AWP,WE,Towers with Radar,2,3,28,2,35,0,2,62,7,71,2,5,90,9,106,64,24,88,194
03/20/2014,SCK,CA,AWP,WE,Towers with Radar,3,5,33,9,50,0,5,78,8,91,3,10,111,17,141,116,22,138,279
03/21/2014,SCK,CA,AWP,WE,Towers with Radar,3,4,34,9,50,0,2,61,1,64,3,6,95,10,114,90,8,98,212
03/22/2014,SCK,CA,AWP,WE,Towers with Radar,2,2,34,0,38,0,3,37,0,40,2,5,71,0,78,58,0,58,136
03/23/2014,SCK,CA,AWP,WE,Towers with Radar,4,0,35,0,39,0,1,22,0,23,4,1,57,0,62,28,0,28,90
03/24/2014,SCK,CA,AWP,WE,Towers with Radar,4,2,38,5,49,0,2,64,2,68,4,4,102,7,117,98,10,108,225
03/25/2014,SCK,CA,AWP,WE,Towers with Radar,0,0,27,36,63,0,4,57,12,73,0,4,84,48,136,100,24,124,260
03/26/2014,SCK,CA,AWP,WE,Towers with Radar,2,0,22,20,44,0,2,21,13,36,2,2,43,33,80,100,20,120,200
03/27/2014,SCK,CA,AWP,WE,Towers with Radar,4,2,38,21,65,0,0,52,9,61,4,2,90,30,126,144,32,176,302
03/28/2014,SCK,CA,AWP,WE,Towers with Radar,3,1,39,3,46,0,6,57,5,68,3,7,96,8,114,168,18,186,300
03/29/2014,SCK,CA,AWP,WE,Towers with Radar,2,1,17,0,20,0,0,13,0,13,2,1,30,0,33,54,0,54,87
03/30/2014,SCK,CA,AWP,WE,Towers with Radar,4,0,38,0,42,0,5,18,0,23,4,5,56,0,65,20,0,20,85
03/31/2014,SCK,CA,AWP,WE,Towers with Radar,4,2,28,13,47,0,1,28,8,37,4,3,56,21,84,76,32,108,192
04/01/2014,SCK,CA,AWP,WE,Towers with Radar,0,4,13,5,22,0,1,12,4,17,0,5,25,9,39,12,20,32,71
04/02/2014,SCK,CA,AWP,WE,Towers with Radar,2,1,40,3,46,0,0,62,13,75,2,1,102,16,121,192,4,196,317
04/03/2014,SCK,CA,AWP,WE,Towers with Radar,4,4,49,9,66,0,2,60,13,75,4,6,109,22,141,212,18,230,371
04/04/2014,SCK,CA,AWP,WE,Towers with Radar,4,0,41,6,51,0,0,40,0,40,4,0,81,6,91,174,4,178,269
04/05/2014,SCK,CA,AWP,WE,Towers with Radar,2,0,21,0,23,0,0,68,6,74,2,0,89,6,97,98,0,98,195
04/06/2014,SCK,CA,AWP,WE,Towers with Radar,4,2,30,0,36,0,5,33,6,44,4,7,63,6,80,20,0,20,100
04/07/2014,SCK,CA,AWP,WE,Towers with Radar,4,2,46,3,55,0,3,62,13,78,4,5,108,16,133,92,24,116,249
04/08/2014,SCK,CA,AWP,WE,Towers with Radar,0,3,26,12,41,0,1,74,9,84,0,4,100,21,125,100,22,122,247
04/09/2014,SCK,CA,AWP,WE,Towers with Radar,2,5,37,2,46,0,3,76,7,86,2,8,113,9,132,44,14,58,190
04/10/2014,SCK,CA,AWP,WE,Towers with Radar,6,2,36,12,56,0,8,71,8,87,6,10,107,20,143,74,18,92,235
04/11/2014,SCK,CA,AWP,WE,Towers with Radar,4,2,32,7,45,0,1,91,7,99,4,3,123,14,144,144,36,180,324
04/12/2014,SCK,CA,AWP,WE,Towers with Radar,2,0,21,1,24,0,4,41,3,48,2,4,62,4,72,46,0,46,118
04/13/2014,SCK,CA,AWP,WE,Towers with Radar,4,0,25,0,29,0,8,24,4,36,4,8,49,4,65,0,2,2,67
04/14/2014,SCK,CA,AWP,WE,Towers with Radar,6,4,44,20,74,0,6,61,13,80,6,10,105,33,154,88,68,156,310
04/15/2014,SCK,CA,AWP,WE,Towers with Radar,0,2,33,6,41,0,0,58,3,61,0,2,91,9,102,120,12,132,234
04/16/2014,SCK,CA,AWP,WE,Towers with Radar,2,0,38,7,47,0,1,51,3,55,2,1,89,10,102,132,30,162,264
04/17/2014,SCK,CA,AWP,WE,Towers with Radar,2,0,71,2,75,0,0,75,12,87,2,0,146,14,162,182,0,182,344
04/18/2014,SCK,CA,AWP,WE,Towers with Radar,7,0,35,1,43,0,4,52,3,59,7,4,87,4,102,56,2,58,160
04/19/2014,SCK,CA,AWP,WE,Towers with Radar,3,2,18,0,23,0,1,35,2,38,3,3,53,2,61,116,0,116,177
04/20/2014,SCK,CA,AWP,WE,Towers with Radar,4,0,21,0,25,0,2,29,0,31,4,2,50,0,56,6,0,6,62
04/21/2014,SCK,CA,AWP,WE,Towers with Radar,2,2,17,2,23,0,3,36,3,42,2,5,53,5,65,70,14,84,149
04/22/2014,SCK,CA,AWP,WE,Towers with Radar,0,0,27,13,40,0,2,45,4,51,0,2,72,17,91,52,8,60,151
04/23/2014,SCK,CA,AWP,WE,Towers with Radar,2,0,47,1,50,0,2,62,7,71,2,2,109,8,121,122,0,122,243
04/24/2014,SCK,CA,AWP,WE,Towers with Radar,2,1,32,4,39,0,4,48,4,56,2,5,80,8,95,122,6,128,223
04/25/2014,SCK,CA,AWP,WE,Towers with Radar,4,2,29,1,36,0,2,10,4,16,4,4,39,5,52,58,0,58,110
04/26/2014,SCK,CA,AWP,WE,Towers with Radar,2,0,28,0,30,0,3,33,0,36,2,3,61,0,66,74,0,74,140
04/27/2014,SCK,CA,AWP,WE,Towers with Radar,5,0,32,0,37,0,3,35,3,41,5,3,67,3,78,32,0,32,110
04/28/2014,SCK,CA,AWP,WE,Towers with Radar,2,2,19,0,23,0,4,35,1,40,2,6,54,1,63,72,0,72,135
04/29/2014,SCK,CA,AWP,WE,Towers with Radar,0,1,24,1,26,1,1,54,8,64,1,2,78,9,90,86,12,98,188
04/30/2014,SCK,CA,AWP,WE,Towers with Radar,2,1,35,13,51,0,4,55,12,71,2,5,90,25,122,154,10,164,286
05/01/2014,SCK,CA,AWP,WE,Towers with Radar,3,6,30,0,39,0,1,69,12,82,3,7,99,12,121,140,0,140,261
05/02/2014,SCK,CA,AWP,WE,Towers with Radar,4,2,33,1,40,0,0,67,4,71,4,2,100,5,111,130,0,130,241
05/03/2014,SCK,CA,AWP,WE,Towers with Radar,2,0,20,0,22,0,6,25,2,33,2,6,45,2,55,26,0,26,81
05/04/2014,SCK,CA,AWP,WE,Towers with Radar,4,8,18,1,31,0,1,24,3,28,4,9,42,4,59,8,2,10,69
05/05/2014,SCK,CA,AWP,WE,Towers with Radar,4,2,23,6,35,0,3,27,7,37,4,5,50,13,72,34,6,40,112
05/06/2014,SCK,CA,AWP,WE,Towers with Radar,0,3,27,1,31,0,3,42,11,56,0,6,69,12,87,92,2,94,181
05/07/2014,SCK,CA,AWP,WE,Towers with Radar,2,0,62,3,67,0,2,49,5,56,2,2,111,8,123,140,0,140,263
05/08/2014,SCK,CA,AWP,WE,Towers with Radar,3,4,39,6,52,0,3,62,6,71,3,7,101,12,123,152,4,156,279
05/09/2014,SCK,CA,AWP,WE,Towers with Radar,5,0,24,0,29,0,4,37,2,43,5,4,61,2,72,154,0,154,226
05/10/2014,SCK,CA,AWP,WE,Towers with Radar,2,1,27,1,31,0,0,41,0,41,2,1,68,1,72,22,0,22,94
05/11/2014,SCK,CA,AWP,WE,Towers with Radar,4,0,18,0,22,0,4,13,1,18,4,4,31,1,40,6,0,6,46
05/12/2014,SCK,CA,AWP,WE,Towers with Radar,4,3,46,2,55,0,1,58,1,60,4,4,104,3,115,212,0,212,327
05/13/2014,SCK,CA,AWP,WE,Towers with Radar,0,2,34,2,38,0,1,68,4,73,0,3,102,6,111,139,9,148,259
05/14/2014,SCK,CA,AWP,WE,Towers with Radar,2,5,39,4,50,0,2,40,1,43,2,7,79,5,93,86,0,86,179
05/15/2014,SCK,CA,AWP,WE,Towers with Radar,6,14,25,2,47,0,6,70,2,78,6,20,95,4,125,150,2,152,277
05/16/2014,SCK,CA,AWP,WE,Towers with Radar,4,2,22,0,28,0,3,75,2,80,4,5,97,2,108,62,0,62,170
05/17/2014,SCK,CA,AWP,WE,Towers with Radar,2,1,44,0,47,0,3,41,6,50,2,4,85,6,97,26,0,26,123
05/18/2014,SCK,CA,AWP,WE,Towers with Radar,7,1,18,0,26,0,1,21,1,23,7,2,39,1,49,6,0,6,55
05/19/2014,SCK,CA,AWP,WE,Towers with Radar,4,1,20,0,25,0,0,33,5,38,4,1,53,5,63,56,0,56,119
05/20/2014,SCK,CA,AWP,WE,Towers with Radar,0,4,36,0,40,0,1,39,0,40,0,5,75,0,80,104,0,104,184
05/21/2014,SCK,CA,AWP,WE,Towers with Radar,2,3,17,0,22,0,4,43,0,47,2,7,60,0,69,92,0,92,161
05/22/2014,SCK,CA,AWP,WE,Towers with Radar,6,8,61,1,76,0,1,71,2,74,6,9,132,3,150,114,0,114,264
05/23/2014,SCK,CA,AWP,WE,Towers with Radar,4,4,44,0,52,0,2,97,4,103,4,6,141,4,155,146,0,146,301
05/24/2014,SCK,CA,AWP,WE,Towers with Radar,2,1,26,0,29,0,10,37,1,48,2,11,63,1,77,32,0,32,109
05/25/2014,SCK,CA,AWP,WE,Towers with Radar,6,5,34,0,45,0,8,34,0,42,6,13,68,0,87,8,0,8,95
05/26/2014,SCK,CA,AWP,WE,Towers with Radar,4,0,40,0,44,0,4,43,0,47,4,4,83,0,91,52,0,52,143
05/27/2014,SCK,CA,AWP,WE,Towers with Radar,3,2,43,0,48,0,0,55,4,59,3,2,98,4,107,76,0,76,183
05/28/2014,SCK,CA,AWP,WE,Towers with Radar,2,2,19,1,24,0,3,33,2,38,2,5,52,3,62,6,0,6,68
05/29/2014,SCK,CA,AWP,WE,Towers with Radar,6,3,32,3,44,0,1,70,6,77,6,4,102,9,121,140,12,152,273
05/30/2014,SCK,CA,AWP,WE,Towers with Radar,4,0,31,0,35,0,10,43,4,57,4,10,74,4,92,50,0,50,142
05/31/2014,SCK,CA,AWP,WE,Towers with Radar,3,0,35,0,38,0,2,44,0,46,3,2,79,0,84,20,0,20,104
06/01/2014,SCK,CA,AWP,WE,Towers with Radar,12,0,21,0,33,0,4,31,1,36,12,4,52,1,69,16,0,16,85
06/02/2014,SCK,CA,AWP,WE,Towers with Radar,4,2,30,1,37,0,6,56,3,65,4,8,86,4,102,56,0,56,158
06/03/2014,SCK,CA,AWP,WE,Towers with Radar,0,0,45,1,46,0,4,71,3,78,0,4,116,4,124,80,6,86,210
06/04/2014,SCK,CA,AWP,WE,Towers with Radar,4,0,38,3,45,0,6,47,3,56,4,6,85,6,101,38,0,38,139
06/05/2014,SCK,CA,AWP,WE,Towers with Radar,6,2,37,0,45,0,2,69,0,71,6,4,106,0,116,94,0,94,210
06/06/2014,SCK,CA,AWP,WE,Towers with Radar,5,2,51,0,58,0,1,87,1,89,5,3,138,1,147,60,0,60,207
06/07/2014,SCK,CA,AWP,WE,Towers with Radar,2,0,25,0,27,0,0,53,14,67,2,0,78,14,94,70,0,70,164
06/08/2014,SCK,CA,AWP,WE,Towers with Radar,8,0,21,0,29,0,0,34,2,36,8,0,55,2,65,8,0,8,73
06/09/2014,SCK,CA,AWP,WE,Towers with Radar,5,0,26,0,31,0,2,50,3,55,5,2,76,3,86,96,0,96,182
06/10/2014,SCK,CA,AWP,WE,Towers with Radar,2,0,40,4,46,0,4,41,3,48,2,4,81,7,94,44,0,44,138
06/11/2014,SCK,CA,AWP,WE,Towers with Radar,2,0,22,1,25,0,2,46,6,54,2,2,68,7,79,60,0,60,139
06/12/2014,SCK,CA,AWP,WE,Towers with Radar,7,4,26,7,44,0,1,50,10,61,7,5,76,17,105,116,8,124,229
06/13/2014,SCK,CA,AWP,WE,Towers with Radar,5,5,26,0,36,0,1,69,10,80,5,6,95,10,116,102,0,102,218
06/14/2014,SCK,CA,AWP,WE,Towers with Radar,2,2,28,0,32,0,8,41,3,52,2,10,69,3,84,36,0,36,120
06/15/2014,SCK,CA,AWP,WE,Towers with Radar,9,2,12,1,24,0,1,29,1,31,9,3,41,2,55,40,0,40,95
06/16/2014,SCK,CA,AWP,WE,Towers with Radar,7,4,35,1,47,0,1,37,1,39,7,5,72,2,86,60,0,60,146
06/17/2014,SCK,CA,AWP,WE,Towers with Radar,2,5,35,4,46,0,1,60,9,70,2,6,95,13,116,76,28,104,220
06/18/2014,SCK,CA,AWP,WE,Towers with Radar,2,0,37,2,41,0,0,63,5,68,2,0,100,7,109,106,0,106,215
06/19/2014,SCK,CA,AWP,WE,Towers with Radar,7,2,32,0,41,0,17,65,6,88,7,19,97,6,129,96,0,96,225
06/20/2014,SCK,CA,AWP,WE,Towers with Radar,12,6,44,3,65,0,3,85,1,89,12,9,129,4,154,50,0,50,204
06/21/2014,SCK,CA,AWP,WE,Towers with Radar,2,6,40,0,48,0,2,93,0,95,2,8,133,0,143,8,0,8,151
06/22/2014,SCK,CA,AWP,WE,Towers with Radar,5,0,42,0,47,0,0,35,0,35,5,0,77,0,82,20,0,20,102
06/23/2014,SCK,CA,AWP,WE,Towers with Radar,7,0,49,0,56,0,1,67,0,68,7,1,116,0,124,66,0,66,190
06/24/2014,SCK,CA,AWP,WE,Towers with Radar,2,0,43,0,45,0,2,44,1,47,2,2,87,1,92,88,2,90,182
06/25/2014,SCK,CA,AWP,WE,Towers with Radar,3,0,24,3,30,0,5,45,4,54,3,5,69,7,84,88,24,112,196
06/26/2014,SCK,CA,AWP,WE,Towers with Radar,7,1,34,3,45,0,2,57,8,67,7,3,91,11,112,96,6,102,214
06/27/2014,SCK,CA,AWP,WE,Towers with Radar,5,0,37,0,42,0,5,73,6,84,5,5,110,6,126,86,2,88,214
06/28/2014,SCK,CA,AWP,WE,Towers with Radar,4,0,47,0,51,0,1,42,0,43,4,1,89,0,94,84,0,84,178
06/29/2014,SCK,CA,AWP,WE,Towers with Radar,9,0,64,0,73,0,2,26,0,28,9,2,90,0,101,32,0,32,133
06/30/2014,SCK,CA,AWP,WE,Towers with Radar,5,0,31,0,36,0,4,48,2,54,5,4,79,2,90,138,0,138,228
07/01/2014,SCK,CA,AWP,WE,Towers with Radar,2,0,20,3,25,0,2,42,3,47,2,2,62,6,72,48,6,54,126
07/02/2014,SCK,CA,AWP,WE,Towers with Radar,2,0,42,0,44,0,2,57,1,60,2,2,99,1,104,158,0,158,262
07/03/2014,SCK,CA,AWP,WE,Towers with Radar,9,2,37,0,48,0,1,73,0,74,9,3,110,0,122,74,0,74,196
07/04/2014,SCK,CA,AWP,WE,Towers with Radar,5,1,6,0,12,0,7,37,0,44,5,8,43,0,56,2,0,2,58
07/05/2014,SCK,CA,AWP,WE,Towers with Radar,2,0,4,0,6,0,1,33,0,34,2,1,37,0,40,18,0,18,58
07/06/2014,SCK,CA,AWP,WE,Towers with Radar,11,0,16,0,27,0,0,25,0,25,11,0,41,0,52,2,0,2,54
07/07/2014,SCK,CA,AWP,WE,Towers with Radar,5,0,38,4,47,0,2,62,2,66,5,2,100,6,113,114,0,114,227
07/08/2014,SCK,CA,AWP,WE,Towers with Radar,2,0,43,2,47,0,0,54,4,58,2,0,97,6,105,122,4,126,231
07/09/2014,SCK,CA,AWP,WE,Towers with Radar,2,1,36,5,44,0,1,70,2,73,2,2,106,7,117,132,0,132,249
07/10/2014,SCK,CA,AWP,WE,Towers with Radar,7,0,44,2,53,0,4,60,7,71,7,4,104,9,124,100,0,100,224
07/11/2014,SCK,CA,AWP,WE,Towers with Radar,5,0,34,1,40,0,2,62,2,66,5,2,96,3,106,76,0,76,182
07/12/2014,SCK,CA,AWP,WE,Towers with Radar,2,1,25,0,28,0,6,37,0,43,2,7,62,0,71,12,0,12,83
07/13/2014,SCK,CA,AWP,WE,Towers with Radar,9,0,33,0,42,0,3,33,0,36,9,3,66,0,78,10,0,10,88
07/14/2014,SCK,CA,AWP,WE,Towers with Radar,6,1,37,2,46,0,3,36,2,41,6,4,73,4,87,48,0,48,135
07/15/2014,SCK,CA,AWP,WE,Towers with Radar,2,0,45,2,49,0,6,70,2,78,2,6,115,4,127,96,0,96,223
07/16/2014,SCK,CA,AWP,WE,Towers with Radar,2,8,32,0,42,0,0,49,0,49,2,8,81,0,91,46,0,46,137
07/17/2014,SCK,CA,AWP,WE,Towers with Radar,7,0,37,5,49,0,0,53,7,60,7,0,90,12,109,92,6,98,207
07/18/2014,SCK,CA,AWP,WE,Towers with Radar,3,0,51,5,59,0,0,37,4,41,3,0,88,9,100,80,12,92,192
07/19/2014,SCK,CA,AWP,WE,Towers with Radar,3,0,17,0,20,0,4,42,0,46,3,4,59,0,66,36,0,36,102
07/20/2014,SCK,CA,AWP,WE,Towers with Radar,10,3,24,0,37,0,1,38,2,41,10,4,62,2,78,24,0,24,102
07/21/2014,SCK,CA,AWP,WE,Towers with Radar,7,0,36,0,43,0,0,41,5,46,7,0,77,5,89,46,0,46,135
07/22/2014,SCK,CA,AWP,WE,Towers with Radar,2,0,46,3,51,0,2,79,3,84,2,2,125,6,135,134,2,136,271
07/23/2014,SCK,CA,AWP,WE,Towers with Radar,2,2,22,0,26,0,5,45,4,54,2,7,67,4,80,102,0,102,182
07/24/2014,SCK,CA,AWP,WE,Towers with Radar,8,1,44,0,53,0,7,64,1,72,8,8,108,1,125,88,0,88,213
07/25/2014,SCK,CA,AWP,WE,Towers with Radar,5,0,24,0,29,0,1,49,2,52,5,1,73,2,81,18,4,22,103
07/26/2014,SCK,CA,AWP,WE,Towers with Radar,2,0,25,0,27,0,3,35,2,40,2,3,60,2,67,14,0,14,81
07/27/2014,SCK,CA,AWP,WE,Towers with Radar,9,0,25,0,34,0,1,34,0,35,9,1,59,0,69,6,0,6,75
07/28/2014,SCK,CA,AWP,WE,Towers with Radar,5,0,20,0,25,0,2,33,1,36,5,2,53,1,61,30,0,30,91
07/29/2014,SCK,CA,AWP,WE,Towers with Radar,2,2,21,1,26,0,1,50,6,57,2,3,71,7,83,36,0,36,119
07/30/2014,SCK,CA,AWP,WE,Towers with Radar,2,0,38,2,42,0,10,43,6,59,2,10,81,8,101,136,0,136,237
07/31/2014,SCK,CA,AWP,WE,Towers with Radar,6,3,19,0,28,0,0,55,8,63,6,3,74,8,91,92,6,98,189
08/01/2014,SCK,CA,AWP,WE,Towers with Radar,5,0,21,5,31,0,0,41,8,49,5,0,62,13,80,96,2,98,178
08/02/2014,SCK,CA,AWP,WE,Towers with Radar,1,1,22,0,24,0,3,30,4,37,1,4,52,4,61,24,0,24,85
08/03/2014,SCK,CA,AWP,WE,Towers with Radar,11,1,24,0,36,0,1,21,1,23,11,2,45,1,59,32,0,32,91
08/04/2014,SCK,CA,AWP,WE,Towers with Radar,8,0,29,0,37,0,0,44,2,46,8,0,73,2,83,54,0,54,137
08/05/2014,SCK,CA,AWP,WE,Towers with Radar,3,4,35,4,46,0,0,44,12,56,3,4,79,16,102,64,12,76,178
08/06/2014,SCK,CA,AWP,WE,Towers with Radar,2,0,23,3,28,0,2,76,7,85,2,2,99,10,113,140,14,154,267
08/07/2014,SCK,CA,AWP,WE,Towers with Radar,7,2,49,0,58,0,1,55,4,60,7,3,104,4,118,118,0,118,236
08/08/2014,SCK,CA,AWP,WE,Towers with Radar,4,2,33,2,41,0,4,74,5,83,4,6,107,7,124,154,6,160,284
08/09/2014,SCK,CA,AWP,WE,Towers with Radar,4,0,54,0,58,0,2,33,6,41,4,2,87,6,99,52,0,52,151
08/10/2014,SCK,CA,AWP,WE,Towers with Radar,9,0,33,0,42,0,4,23,2,29,9,4,56,2,71,46,0,46,117
08/11/2014,SCK,CA,AWP,WE,Towers with Radar,5,2,39,0,46,0,4,59,2,65,5,6,98,2,111,84,0,84,195
08/12/2014,SCK,CA,AWP,WE,Towers with Radar,0,2,15,2,19,0,7,52,2,61,0,9,67,4,80,50,0,50,130
08/13/2014,SCK,CA,AWP,WE,Towers with Radar,2,0,32,0,34,0,1,64,3,68,2,1,96,3,102,82,0,82,184
08/14/2014,SCK,CA,AWP,WE,Towers with Radar,4,2,53,0,59,0,4,42,6,52,4,6,95,6,111,80,0,80,191
08/15/2014,SCK,CA,AWP,WE,Towers with Radar,4,1,25,1,31,0,5,51,9,65,4,6,76,10,96,32,4,36,132
08/16/2014,SCK,CA,AWP,WE,Towers with Radar,2,0,28,1,31,1,0,56,0,57,3,0,84,1,88,70,0,70,158
08/17/2014,SCK,CA,AWP,WE,Towers with Radar,7,4,34,2,47,0,4,38,0,42,7,8,72,2,89,44,0,44,133
08/18/2014,SCK,CA,AWP,WE,Towers with Radar,2,1,26,0,29,0,3,55,4,62,2,4,81,4,91,78,0,78,169
08/19/2014,SCK,CA,AWP,WE,Towers with Radar,0,2,42,12,56,0,1,53,4,58,0,3,95,16,114,110,8,118,232
08/20/2014,SCK,CA,AWP,WE,Towers with Radar,2,0,35,8,45,0,4,57,9,70,2,4,92,17,115,84,8,92,207
08/21/2014,SCK,CA,AWP,WE,Towers with Radar,4,0,49,0,53,0,7,68,8,83,4,7,117,8,136,82,24,106,242
08/22/2014,SCK,CA,AWP,WE,Towers with Radar,4,4,42,1,51,0,7,68,4,79,4,11,110,5,130,66,0,66,196
08/23/2014,SCK,CA,AWP,WE,Towers with Radar,2,0,33,0,35,0,10,57,0,67,2,10,90,0,102,88,0,88,190
08/24/2014,SCK,CA,AWP,WE,Towers with Radar,6,1,18,0,25,0,8,23,3,34,6,9,41,3,59,56,0,56,115
08/25/2014,SCK,CA,AWP,WE,Towers with Radar,2,1,45,4,52,0,0,39,5,44,2,1,84,9,96,118,0,118,214
08/26/2014,SCK,CA,AWP,WE,Towers with Radar,0,0,49,9,58,0,2,52,6,60,0,2,101,15,118,86,0,86,204
08/27/2014,SCK,CA,AWP,WE,Towers with Radar,0,0,46,1,47,0,2,62,1,65,0,2,108,2,112,52,0,52,164
08/28/2014,SCK,CA,AWP,WE,Towers with Radar,7,6,37,6,56,0,0,104,3,107,7,6,141,9,163,103,12,115,278
08/29/2014,SCK,CA,AWP,WE,Towers with Radar,4,2,55,0,61,0,0,65,2,67,4,2,120,2,128,94,0,94,222
08/30/2014,SCK,CA,AWP,WE,Towers with Radar,0,0,31,0,31,0,6,50,0,56,0,6,81,0,87,82,0,82,169
08/31/2014,SCK,CA,AWP,WE,Towers with Radar,6,3,22,0,31,0,5,53,0,58,6,8,75,0,89,46,0,46,135
09/01/2014,SCK,CA,AWP,WE,Towers with Radar,4,1,27,0,32,0,4,32,0,36,4,5,59,0,68,64,0,64,132
09/02/2014,SCK,CA,AWP,WE,Towers with Radar,0,2,47,11,60,0,5,65,4,74,0,7,112,15,134,84,14,98,232
09/03/2014,SCK,CA,AWP,WE,Towers with Radar,2,2,43,1,48,0,3,69,4,76,2,5,112,5,124,94,4,98,222
09/04/2014,SCK,CA,AWP,WE,Towers with Radar,4,2,36,6,48,0,0,58,9,67,4,2,94,15,115,46,48,94,209
09/05/2014,SCK,CA,AWP,WE,Towers with Radar,4,4,41,10,59,0,3,89,0,92,4,7,130,10,151,78,0,78,229
09/06/2014,SCK,CA,AWP,WE,Towers with Radar,0,0,24,4,28,0,5,39,5,49,0,5,63,9,77,16,0,16,93
09/07/2014,SCK,CA,AWP,WE,Towers with Radar,4,2,14,0,20,0,4,31,0,35,4,6,45,0,55,18,0,18,73
09/08/2014,SCK,CA,AWP,WE,Towers with Radar,2,10,24,0,36,0,2,59,1,62,2,12,83,1,98,58,0,58,156
09/09/2014,SCK,CA,AWP,WE,Towers with Radar,2,0,36,7,45,0,1,69,3,73,2,1,105,10,118,70,10,80,198
09/10/2014,SCK,CA,AWP,WE,Towers with Radar,2,2,32,0,36,0,3,52,0,55,2,5,84,0,91,102,0,102,193
09/11/2014,SCK,CA,AWP,WE,Towers with Radar,4,0,34,9,47,0,0,35,6,41,4,0,69,15,88,56,22,78,166
09/12/2014,SCK,CA,AWP,WE,Towers with Radar,4,0,38,2,44,0,2,68,3,73,4,2,106,5,117,40,0,40,157
09/13/2014,SCK,CA,AWP,WE,Towers with Radar,0,2,12,0,14,0,3,52,0,55,0,5,64,0,69,58,0,58,127
09/14/2014,SCK,CA,AWP,WE,Towers with Radar,4,0,28,0,32,0,2,39,0,41,4,2,67,0,73,0,0,0,73
09/15/2014,SCK,CA,AWP,WE,Towers with Radar,4,0,51,3,58,0,8,43,4,55,4,8,94,7,113,80,16,96,209
09/16/2014,SCK,CA,AWP,WE,Towers with Radar,0,0,30,0,30,0,5,73,0,78,0,5,103,0,108,32,0,32,140
09/17/2014,SCK,CA,AWP,WE,Towers with Radar,2,0,37,2,41,0,5,52,16,73,2,5,89,18,114,50,0,50,164
09/18/2014,SCK,CA,AWP,WE,Towers with Radar,4,0,39,11,54,0,1,50,2,53,4,1,89,13,107,78,4,82,189
09/19/2014,SCK,CA,AWP,WE,Towers with Radar,4,0,22,0,26,0,1,61,2,64,4,1,83,2,90,98,0,98,188
09/20/2014,SCK,CA,AWP,WE,Towers with Radar,0,2,10,0,12,0,7,33,0,40,0,9,43,0,52,80,0,80,132
09/21/2014,SCK,CA,AWP,WE,Towers with Radar,6,0,33,0,39,0,1,25,0,26,6,1,58,0,65,20,0,20,85
09/22/2014,SCK,CA,AWP,WE,Towers with Radar,2,0,25,10,37,0,4,73,0,77,2,4,98,10,114,94,12,106,220
09/23/2014,SCK,CA,AWP,WE,Towers with Radar,0,4,42,9,55,0,2,56,6,64,0,6,98,15,119,104,4,108,227
09/24/2014,SCK,CA,AWP,WE,Towers with Radar,2,4,61,2,69,0,1,52,5,58,2,5,113,7,127,90,12,102,229
09/25/2014,SCK,CA,AWP,WE,Towers with Radar,4,0,44,4,52,0,0,17,2,19,4,0,61,6,71,20,0,20,91
09/26/2014,SCK,CA,AWP,WE,Towers with Radar,2,0,51,2,55,0,3,60,3,66,2,3,111,5,121,84,0,84,205
09/27/2014,SCK,CA,AWP,WE,Towers with Radar,0,0,36,0,36,0,0,46,0,46,0,0,82,0,82,34,0,34,116
09/28/2014,SCK,CA,AWP,WE,Towers with Radar,6,2,42,0,50,0,5,33,0,38,6,7,75,0,88,2,0,2,90
09/29/2014,SCK,CA,AWP,WE,Towers with Radar,2,2,46,2,52,0,2,52,11,65,2,4,98,13,117,102,0,102,219
09/30/2014,SCK,CA,AWP,WE,Towers with Radar,0,2,37,0,39,0,6,62,5,73,0,8,99,5,112,46,0,46,158
10/01/2014,SCK,CA,AWP,WE,Towers with Radar,2,2,30,7,41,0,2,47,10,59,2,4,77,17,100,74,10,84,184
10/02/2014,SCK,CA,AWP,WE,Towers with Radar,4,2,29,3,38,0,2,48,7,57,4,4,77,10,95,70,24,94,189
10/03/2014,SCK,CA,AWP,WE,Towers with Radar,4,1,18,4,27,0,8,77,2,87,4,9,95,6,114,46,8,54,168
10/04/2014,SCK,CA,AWP,WE,Towers with Radar,0,2,22,0,24,0,4,44,0,48,0,6,66,0,72,58,6,64,136
10/05/2014,SCK,CA,AWP,WE,Towers with Radar,6,0,25,0,31,0,5,32,0,37,6,5,57,0,68,18,0,18,86
10/06/2014,SCK,CA,AWP,WE,Towers with Radar,2,0,29,4,35,0,5,50,4,59,2,5,79,8,94,52,4,56,150
10/07/2014,SCK,CA,AWP,WE,Towers with Radar,0,0,33,12,45,0,4,55,4,63,0,4,88,16,108,54,24,78,186
10/08/2014,SCK,CA,AWP,WE,Towers with Radar,2,0,41,4,47,0,2,82,4,88,2,2,123,8,135,118,20,138,273
10/09/2014,SCK,CA,AWP,WE,Towers with Radar,4,0,48,10,62,0,4,65,15,84,4,4,113,25,146,40,24,64,210
10/10/2014,SCK,CA,AWP,WE,Towers with Radar,4,0,29,9,42,0,7,59,10,76,4,7,88,19,118,74,14,88,206
10/11/2014,SCK,CA,AWP,WE,Towers with Radar,0,0,30,0,30,0,7,52,2,61,0,7,82,2,91,48,0,48,139
10/12/2014,SCK,CA,AWP,WE,Towers with Radar,6,0,30,0,36,0,5,24,0,29,6,5,54,0,65,26,0,26,91
10/13/2014,SCK,CA,AWP,WE,Towers with Radar,2,0,34,0,36,0,0,61,0,61,2,0,95,0,97,34,0,34,131
10/14/2014,SCK,CA,AWP,WE,Towers with Radar,0,0,14,5,19,0,4,45,5,54,0,4,59,10,73,48,16,64,137
10/15/2014,SCK,CA,AWP,WE,Towers with Radar,2,0,41,5,48,0,0,35,11,46,2,0,76,16,94,22,36,58,152
10/16/2014,SCK,CA,AWP,WE,Towers with Radar,4,2,33,9,48,0,1,66,9,76,4,3,99,18,124,94,24,118,242
10/17/2014,SCK,CA,AWP,WE,Towers with Radar,4,0,38,2,44,0,2,61,6,69,4,2,99,8,113,136,8,144,257
10/18/2014,SCK,CA,AWP,WE,Towers with Radar,0,1,15,1,17,0,5,38,1,44,0,6,53,2,61,32,0,32,93
10/19/2014,SCK,CA,AWP,WE,Towers with Radar,6,0,38,0,44,0,3,50,0,53,6,3,88,0,97,28,0,28,125
10/20/2014,SCK,CA,AWP,WE,Towers with Radar,2,2,32,2,38,0,4,34,2,40,2,6,66,4,78,72,6,78,156
10/21/2014,SCK,CA,AWP,WE,Towers with Radar,0,2,41,8,51,0,2,36,5,43,0,4,77,13,94,50,8,58,152
10/22/2014,SCK,CA,AWP,WE,Towers with Radar,2,0,55,8,65,0,5,53,2,60,2,5,108,10,125,78,12,90,215
10/23/2014,SCK,CA,AWP,WE,Towers with Radar,4,2,40,3,49,0,12,49,2,63,4,14,89,5,112,48,20,68,180
10/24/2014,SCK,CA,AWP,WE,Towers with Radar,3,0,53,0,56,0,8,44,2,54,3,8,97,2,110,52,0,52,162
10/25/2014,SCK,CA,AWP,WE,Towers with Radar,0,0,18,2,20,0,7,18,0,25,0,7,36,2,45,28,0,28,73
10/26/2014,SCK,CA,AWP,WE,Towers with Radar,7,0,77,0,84,0,2,40,0,42,7,2,117,0,126,28,0,28,154
10/27/2014,SCK,CA,AWP,WE,Towers with Radar,2,0,31,0,33,0,2,60,0,62,2,2,91,0,95,88,0,88,183
10/28/2014,SCK,CA,AWP,WE,Towers with Radar,0,2,24,6,32,0,0,62,7,69,0,2,86,13,101,60,20,80,181
10/29/2014,SCK,CA,AWP,WE,Towers with Radar,0,2,39,3,44,0,4,71,6,81,0,6,110,9,125,98,10,108,233
10/30/2014,SCK,CA,AWP,WE,Towers with Radar,5,5,33,9,52,0,5,63,25,93,5,10,96,34,145,72,28,100,245
10/31/2014,SCK,CA,AWP,WE,Towers with Radar,4,2,35,13,54,0,5,34,2,41,4,7,69,15,95,54,4,58,153
11/01/2014,SCK,CA,AWP,WE,Towers with Radar,0,1,17,0,18,0,3,22,0,25,0,4,39,0,43,10,0,10,53
11/02/2014,SCK,CA,AWP,WE,Towers with Radar,6,3,33,0,42,0,6,37,0,43,6,9,70,0,85,18,0,18,103
11/03/2014,SCK,CA,AWP,WE,Towers with Radar,2,0,23,1,26,0,3,51,1,55,2,3,74,2,81,4,0,4,85
11/04/2014,SCK,CA,AWP,WE,Towers with Radar,0,2,38,1,41,0,0,62,1,63,0,2,100,2,104,104,0,104,208
11/05/2014,SCK,CA,AWP,WE,Towers with Radar,0,0,21,0,21,0,4,59,1,64,0,4,80,1,85,58,0,58,143
11/06/2014,SCK,CA,AWP,WE,Towers with Radar,4,0,34,4,42,0,0,38,7,45,4,0,72,11,87,26,4,30,117
11/07/2014,SCK,CA,AWP,WE,Towers with Radar,4,0,24,0,28,0,9,69,2,80,4,9,93,2,108,18,0,18,126
11/08/2014,SCK,CA,AWP,WE,Towers with Radar,0,0,62,0,62,0,6,62,2,70,0,6,124,2,132,68,0,68,200
11/09/2014,SCK,CA,AWP,WE,Towers with Radar,6,0,48,4,58,0,8,64,3,75,6,8,112,7,133,6,4,10,143
11/10/2014,SCK,CA,AWP,WE,Towers with Radar,2,0,30,4,36,0,0,48,3,51,2,0,78,7,87,28,0,28,115
11/11/2014,SCK,CA,AWP,WE,Towers with Radar,0,0,46,0,46,0,8,51,0,59,0,8,97,0,105,140,0,140,245
11/12/2014,SCK,CA,AWP,WE,Towers with Radar,0,2,28,4,34,0,9,42,4,55,0,11,70,8,89,60,4,64,153
11/13/2014,SCK,CA,AWP,WE,Towers with Radar,4,2,21,11,38,0,4,12,7,23,4,6,33,18,61,130,40,170,231
11/14/2014,SCK,CA,AWP,WE,Towers with Radar,4,7,25,5,41,0,3,48,3,54,4,10,73,8,95,122,0,122,217
11/15/2014,SCK,CA,AWP,WE,Towers with Radar,0,0,49,1,50,0,2,33,0,35,0,2,82,1,85,50,0,50,135
11/16/2014,SCK,CA,AWP,WE,Towers with Radar,7,2,30,0,39,0,1,34,0,35,7,3,64,0,74,160,0,160,234
11/17/2014,SCK,CA,AWP,WE,Towers with Radar,4,6,48,0,58,0,1,57,0,58,4,7,105,0,116,128,0,128,244
11/18/2014,SCK,CA,AWP,WE,Towers with Radar,0,0,30,3,33,0,0,39,1,40,0,0,69,4,73,130,0,130,203
11/19/2014,SCK,CA,AWP,WE,Towers with Radar,0,0,32,9,41,0,5,17,9,31,0,5,49,18,72,38,4,42,114
11/20/2014,SCK,CA,AWP,WE,Towers with Radar,4,0,25,6,35,0,0,0,6,6,4,0,25,12,41,18,0,18,59
11/21/2014,SCK,CA,AWP,WE,Towers with Radar,6,2,32,3,43,0,6,17,2,25,6,8,49,5,68,24,0,24,92
11/22/2014,SCK,CA,AWP,WE,Towers with Radar,0,0,14,0,14,0,0,3,0,3,0,0,17,0,17,46,0,46,63
11/23/2014,SCK,CA,AWP,WE,Towers with Radar,6,2,52,0,60,0,3,54,0,57,6,5,106,0,117,126,0,126,243
11/24/2014,SCK,CA,AWP,WE,Towers with Radar,2,3,36,2,43,0,3,66,2,71,2,6,102,4,114,120,2,122,236
11/25/2014,SCK,CA,AWP,WE,Towers with Radar,2,4,50,3,59,0,3,61,4,68,2,7,111,7,127,116,10,126,253
11/26/2014,SCK,CA,AWP,WE,Towers with Radar,4,1,47,0,52,0,6,62,1,69,4,7,109,1,121,116,0,116,237
11/27/2014,SCK,CA,AWP,WE,Towers with Radar,2,1,23,0,26,0,4,25,0,29,2,5,48,0,55,60,0,60,115
11/28/2014,SCK,CA,AWP,WE,Towers with Radar,2,2,15,0,19,0,0,11,0,11,2,2,26,0,30,50,0,50,80
11/29/2014,SCK,CA,AWP,WE,Towers with Radar,4,0,14,0,18,0,3,2,0,5,4,3,16,0,23,82,0,82,105
11/30/2014,SCK,CA,AWP,WE,Towers with Radar,6,5,18,0,29,0,2,4,0,6,6,7,22,0,35,44,0,44,79
12/01/2014,SCK,CA,AWP,WE,Towers with Radar,3,3,22,0,28,0,2,48,0,50,3,5,70,0,78,40,0,40,118
12/02/2014,SCK,CA,AWP,WE,Towers with Radar,0,0,11,3,14,0,1,1,0,2,0,1,12,3,16,16,0,16,32
12/03/2014,SCK,CA,AWP,WE,Towers with Radar,0,2,10,9,21,0,0,6,3,9,0,2,16,12,30,36,26,62,92
12/04/2014,SCK,CA,AWP,WE,Towers with Radar,2,3,27,5,37,0,3,33,6,42,2,6,60,11,79,62,16,78,157
12/05/2014,SCK,CA,AWP,WE,Towers with Radar,6,3,26,12,47,0,0,30,3,33,6,3,56,15,80,68,14,82,162
12/06/2014,SCK,CA,AWP,WE,Towers with Radar,0,0,31,1,32,0,2,38,1,41,0,2,69,2,73,44,2,46,119
12/07/2014,SCK,CA,AWP,WE,Towers with Radar,6,0,26,0,32,0,1,9,0,10,6,1,35,0,42,14,0,14,56
12/08/2014,SCK,CA,AWP,WE,Towers with Radar,2,0,25,2,29,0,0,15,0,15,2,0,40,2,44,0,0,0,44
12/09/2014,SCK,CA,AWP,WE,Towers with Radar,0,4,14,4,22,0,0,0,0,0,0,4,14,4,22,0,0,0,22
12/10/2014,SCK,CA,AWP,WE,Towers with Radar,0,3,18,0,21,0,0,1,2,3,0,3,19,2,24,0,12,12,36
12/11/2014,SCK,CA,AWP,WE,Towers with Radar,4,0,6,0,10,0,0,0,0,0,4,0,6,0,10,0,0,0,10
12/12/2014,SCK,CA,AWP,WE,Towers with Radar,4,2,30,1,37,0,0,10,1,11,4,2,40,2,48,106,0,106,154
12/13/2014,SCK,CA,AWP,WE,Towers with Radar,0,0,47,0,47,0,0,16,0,16,0,0,63,0,63,30,0,30,93
12/14/2014,SCK,CA,AWP,WE,Towers with Radar,6,1,51,0,58,0,2,7,0,9,6,3,58,0,67,0,0,0,67
12/15/2014,SCK,CA,AWP,WE,Towers with Radar,2,1,19,6,28,0,0,7,0,7,2,1,26,6,35,16,10,26,61
12/16/2014,SCK,CA,AWP,WE,Towers with Radar,0,0,16,5,21,0,1,18,9,28,0,1,34,14,49,56,24,80,129
12/17/2014,SCK,CA,AWP,WE,Towers with Radar,0,3,23,3,29,0,0,20,3,23,0,3,43,6,52,112,7,119,171
12/18/2014,SCK,CA,AWP,WE,Towers with Radar,4,0,40,1,45,0,2,70,8,80,4,2,110,9,125,133,14,147,272
12/19/2014,SCK,CA,AWP,WE,Towers with Radar,4,2,15,0,21,0,3,7,1,11,4,5,22,1,32,64,0,64,96
12/20/2014,SCK,CA,AWP,WE,Towers with Radar,2,0,40,0,42,0,0,4,0,4,2,0,44,0,46,60,0,60,106
12/21/2014,SCK,CA,AWP,WE,Towers with Radar,6,2,27,2,37,0,0,14,0,14,6,2,41,2,51,18,0,18,69
12/22/2014,SCK,CA,AWP,WE,Towers with Radar,2,0,25,0,27,0,5,7,1,13,2,5,32,1,40,78,4,82,122
12/23/2014,SCK,CA,AWP,WE,Towers with Radar,2,0,27,1,30,0,0,27,0,27,2,0,54,1,57,38,0,38,95
12/24/2014,SCK,CA,AWP,WE,Towers with Radar,2,0,4,0,6,0,3,9,0,12,2,3,13,0,18,46,0,46,64
12/25/2014,SCK,CA,AWP,WE,Towers with Radar,4,2,13,0,19,0,4,7,0,11,4,6,20,0,30,0,0,0,30
12/26/2014,SCK,CA,AWP,WE,Towers with Radar,4,1,42,0,47,0,2,47,1,50,4,3,89,1,97,52,0,52,149
12/27/2014,SCK,CA,AWP,WE,Towers with Radar,2,1,25,0,28,0,2,36,0,38,2,3,61,0,66,62,0,62,128
12/28/2014,SCK,CA,AWP,WE,Towers with Radar,3,1,20,0,24,0,2,28,0,30,3,3,48,0,54,8,0,8,62
12/29/2014,SCK,CA,AWP,WE,Towers with Radar,4,1,51,4,60,0,5,32,1,38,4,6,83,5,98,60,4,64,162
12/30/2014,SCK,CA,AWP,WE,Towers with Radar,4,2,10,1,17,0,1,17,10,28,4,3,27,11,45,10,28,38,83
12/31/2014,SCK,CA,AWP,WE,Towers with Radar,5,1,28,0,34,0,0,28,2,30,5,1,56,2,64,46,0,46,110
01/01/2015,SCK,CA,AWP,WE,Towers with Radar,2,3,23,0,28,0,4,13,1,18,2,7,36,1,46,32,0,32,78
01/02/2015,SCK,CA,AWP,WE,Towers with Radar,4,0,52,0,56,0,2,43,0,45,4,2,95,0,101,74,0,74,175
01/03/2015,SCK,CA,AWP,WE,Towers with Radar,2,0,31,0,33,0,4,37,0,41,2,4,68,0,74,6,0,6,80
01/04/2015,SCK,CA,AWP,WE,Towers with Radar,4,0,16,1,21,0,3,26,0,29,4,3,42,1,50,78,0,78,128
01/05/2015,SCK,CA,AWP,WE,Towers with Radar,2,1,24,0,27,0,0,30,2,32,2,1,54,2,59,74,0,74,133
01/06/2015,SCK,CA,AWP,WE,Towers with Radar,0,0,20,0,20,0,4,49,11,64,0,4,69,11,84,64,14,78,162
01/07/2015,SCK,CA,AWP,WE,Towers with Radar,0,1,31,0,32,0,3,43,9,55,0,4,74,9,87,74,32,106,193
01/08/2015,SCK,CA,AWP,WE,Towers with Radar,4,0,32,1,37,0,4,26,5,35,4,4,58,6,72,34,22,56,128
01/09/2015,SCK,CA,AWP,WE,Towers with Radar,4,0,44,4,52,0,0,18,0,18,4,0,62,4,70,38,0,38,108
01/10/2015,SCK,CA,AWP,WE,Towers with Radar,0,0,31,2,33,0,0,18,1,19,0,0,49,3,52,30,0,30,82
01/11/2015,SCK,CA,AWP,WE,Towers with Radar,6,3,28,2,39,0,0,17,0,17,6,3,45,2,56,8,0,8,64
01/12/2015,SCK,CA,AWP,WE,Towers with Radar,2,1,27,10,40,0,0,30,1,31,2,1,57,11,71,72,0,72,143
01/13/2015,SCK,CA,AWP,WE,Towers with Radar,0,1,36,12,49,1,0,15,2,18,1,1,51,14,67,68,2,70,137
01/14/2015,SCK,CA,AWP,WE,Towers with Radar,0,4,18,1,23,0,0,0,0,0,0,4,18,1,23,0,0,0,23
01/15/2015,SCK,CA,AWP,WE,Towers with Radar,2,0,17,2,21,0,0,0,0,0,2,0,17,2,21,0,0,0,21
01/16/2015,SCK,CA,AWP,WE,Towers with Radar,6,2,40,0,48,0,0,34,0,34,6,2,74,0,82,80,0,80,162
01/17/2015,SCK,CA,AWP,WE,Towers with Radar,0,0,34,0,34,0,0,0,0,0,0,0,34,0,34,0,0,0,34
01/18/2015,SCK,CA,AWP,WE,Towers with Radar,6,2,29,0,37,0,0,0,0,0,6,2,29,0,37,0,0,0,37
01/19/2015,SCK,CA,AWP,WE,Towers with Radar,2,0,49,5,56,0,0,0,0,0,2,0,49,5,56,0,0,0,56
01/20/2015,SCK,CA,AWP,WE,Towers with Radar,0,4,34,21,59,0,0,12,13,25,0,4,46,34,84,40,10,50,134
01/21/2015,SCK,CA,AWP,WE,Towers with Radar,0,2,42,0,44,0,5,31,5,41,0,7,73,5,85,142,2,144,229
01/22/2015,SCK,CA,AWP,WE,Towers with Radar,4,2,36,4,46,0,2,18,1,21,4,4,54,5,67,96,30,126,193
01/23/2015,SCK,CA,AWP,WE,Towers with Radar,4,2,44,9,59,0,0,16,0,16,4,2,60,9,75,26,0,26,101
01/24/2015,SCK,CA,AWP,WE,Towers with Radar,0,1,38,0,39,0,0,4,0,4,0,1,42,0,43,14,0,14,57
01/25/2015,SCK,CA,AWP,WE,Towers with Radar,5,3,46,0,54,0,2,34,0,36,5,5,80,0,90,62,0,62,152
01/26/2015,SCK,CA,AWP,WE,Towers with Radar,3,1,39,4,47,0,2,26,0,28,3,3,65,4,75,108,0,108,183
01/27/2015,SCK,CA,AWP,WE,Towers with Radar,0,5,41,2,48,0,3,44,6,53,0,8,85,8,101,52,0,52,153
01/28/2015,SCK,CA,AWP,WE,Towers with Radar,0,2,62,1,65,0,5,46,7,58,0,7,108,8,123,98,2,100,223
01/29/2015,SCK,CA,AWP,WE,Towers with Radar,4,2,51,13,70,0,6,40,6,52,4,8,91,19,122,50,14,64,186
01/30/2015,SCK,CA,AWP,WE,Towers with Radar,3,0,39,3,45,1,0,43,3,47,4,0,82,6,92,74,2,76,168
01/31/2015,SCK,CA,AWP,WE,Towers with Radar,0,0,35,0,35,0,3,44,0,47,0,3,79,0,82,38,0,38,120
02/01/2015,SCK,CA,AWP,WE,Towers with Radar,6,0,31,0,37,0,3,26,0,29,6,3,57,0,66,2,0,2,68
02/02/2015,SCK,CA,AWP,WE,Towers with Radar,2,0,24,1,27,0,1,28,4,33,2,1,52,5,60,68,0,68,128
02/03/2015,SCK,CA,AWP,WE,Towers with Radar,0,1,64,2,67,0,1,31,3,35,0,2,95,5,102,56,0,56,158
02/04/2015,SCK,CA,AWP,WE,Towers with Radar,0,2,41,2,45,0,3,28,4,35,0,5,69,6,80,44,0,44,124
02/05/2015,SCK,CA,AWP,WE,Towers with Radar,4,2,45,15,66,0,1,35,7,43,4,3,80,22,109,78,8,86,195
02/06/2015,SCK,CA,AWP,WE,Towers with Radar,4,0,10,0,14,0,0,5,0,5,4,0,15,0,19,36,0,36,55
02/07/2015,SCK,CA,AWP,WE,Towers with Radar,0,2,14,3,19,0,4,5,3,12,0,6,19,6,31,0,6,6,37
02/08/2015,SCK,CA,AWP,WE,Towers with Radar,6,0,16,0,22,0,1,2,0,3,6,1,18,0,25,0,0,0,25
02/09/2015,SCK,CA,AWP,WE,Towers with Radar,2,1,36,0,39,0,4,45,11,60,2,5,81,11,99,106,2,108,207
02/10/2015,SCK,CA,AWP,WE,Towers with Radar,0,0,47,1,48,0,8,46,2,56,0,8,93,3,104,28,0,28,132
02/11/2015,SCK,CA,AWP,WE,Towers with Radar,2,1,48,1,52,0,0,66,9,75,2,1,114,10,127,82,6,88,215
02/12/2015,SCK,CA,AWP,WE,Towers with Radar,4,0,47,12,63,0,3,66,10,79,4,3,113,22,142,78,8,86,228
02/13/2015,SCK,CA,AWP,WE,Towers with Radar,4,2,48,5,59,0,1,53,5,59,4,3,101,10,118,68,2,70,188
02/14/2015,SCK,CA,AWP,WE,Towers with Radar,2,0,31,0,33,0,2,54,0,56,2,2,85,0,89,38,0,38,127
02/15/2015,SCK,CA,AWP,WE,Towers with Radar,6,0,37,0,43,0,2,34,0,36,6,2,71,0,79,68,0,68,147
02/16/2015,SCK,CA,AWP,WE,Towers with Radar,6,1,19,0,26,0,1,32,0,33,6,2,51,0,59,36,0,36,95
02/17/2015,SCK,CA,AWP,WE,Towers with Radar,0,1,21,3,25,0,1,18,1,20,0,2,39,4,45,54,0,54,99
02/18/2015,SCK,CA,AWP,WE,Towers with Radar,2,4,38,3,47,0,2,43,0,45,2,6,81,3,92,42,2,44,136
02/19/2015,SCK,CA,AWP,WE,Towers with Radar,4,2,34,13,53,0,0,2,2,4,4,2,36,15,57,0,0,0,57
02/20/2015,SCK,CA,AWP,WE,Towers with Radar,6,2,31,1,40,0,0,24,1,25,6,2,55,2,65,6,0,6,71
02/21/2015,SCK,CA,AWP,WE,Towers with Radar,2,3,42,0,47,0,2,16,0,18,2,5,58,0,65,20,0,20,85
02/22/2015,SCK,CA,AWP,WE,Towers with Radar,6,2,33,0,41,0,2,26,0,28,6,4,59,0,69,52,0,52,121
02/23/2015,SCK,CA,AWP,WE,Towers with Radar,4,6,27,1,38,0,2,37,0,39,4,8,64,1,77,72,0,72,149
02/24/2015,SCK,CA,AWP,WE,Towers with Radar,0,5,33,2,40,0,3,43,7,53,0,8,76,9,93,144,0,144,237
02/25/2015,SCK,CA,AWP,WE,Towers with Radar,2,1,51,4,58,0,1,51,6,58,2,2,102,10,116,126,4,130,246
02/26/2015,SCK,CA,AWP,WE,Towers with Radar,4,0,37,0,41,0,3,65,3,71,4,3,102,3,112,128,0,128,240
02/27/2015,SCK,CA,AWP,WE,Towers with Radar,4,0,39,7,50,0,1,39,1,41,4,1,78,8,91,62,4,66,157
02/28/2015,SCK,CA,AWP,WE,Towers with Radar,2,0,20,1,23,0,0,9,0,9,2,0,29,1,32,34,0,34,66
03/01/2015,SCK,CA,AWP,WE,Towers with Radar,8,0,38,0,46,0,0,34,0,34,8,0,72,0,80,46,0,46,126
03/02/2015,SCK,CA,AWP,WE,Towers with Radar,5,9,11,4,29,0,5,16,2,23,5,14,27,6,52,89,10,99,151
03/03/2015,SCK,CA,AWP,WE,Towers with Radar,0,0,33,0,33,0,2,57,4,63,0,2,90,4,96,124,6,130,226
03/04/2015,SCK,CA,AWP,WE,Towers with Radar,2,2,44,3,51,0,0,88,5,93,2,2,132,8,144,158,3,161,305
03/05/2015,SCK,CA,AWP,WE,Towers with Radar,8,5,46,4,63,0,5,52,3,60,8,10,98,7,123,230,0,230,353
03/06/2015,SCK,CA,AWP,WE,Towers with Radar,2,0,37,0,39,0,2,74,2,78,2,2,111,2,117,138,0,138,255
03/07/2015,SCK,CA,AWP,WE,Towers with Radar,3,0,11,0,14,0,1,52,1,54,3,1,63,1,68,142,0,142,210
03/08/2015,SCK,CA,AWP,WE,Towers with Radar,6,0,25,0,31,0,5,38,0,43,6,5,63,0,74,128,0,128,202
03/09/2015,SCK,CA,AWP,WE,Towers with Radar,4,0,28,6,38,0,5,66,1,72,4,5,94,7,110,152,30,182,292
03/10/2015,SCK,CA,AWP,WE,Towers with Radar,0,0,27,2,29,0,3,55,2,60,0,3,82,4,89,238,0,238,327
03/11/2015,SCK,CA,AWP,WE,Towers with Radar,2,0,37,2,41,0,7,54,4,65,2,7,91,6,106,98,30,128,234
03/12/2015,SCK,CA,AWP,WE,Towers with Radar,6,0,44,0,50,0,1,67,6,74,6,1,111,6,124,170,6,176,300
03/13/2015,SCK,CA,AWP,WE,Towers with Radar,4,0,36,1,41,0,3,71,6,80,4,3,107,7,121,228,2,230,351
03/14/2015,SCK,CA,AWP,WE,Towers with Radar,2,0,41,0,43,0,2,72,0,74,2,2,113,0,117,88,0,88,205
03/15/2015,SCK,CA,AWP,WE,Towers with Radar,7,0,39,0,46,0,2,46,2,50,7,2,85,2,96,98,0,98,194
03/16/2015,SCK,CA,AWP,WE,Towers with Radar,3,0,38,2,43,0,0,51,4,55,3,0,89,6,98,106,6,112,210
03/17/2015,SCK,CA,AWP,WE,Towers with Radar,0,3,43,4,50,0,5,74,10,89,0,8,117,14,139,100,0,100,239
03/18/2015,SCK,CA,AWP,WE,Towers with Radar,2,2,38,5,47,0,2,72,8,82,2,4,110,13,129,144,12,156,285
03/19/2015,SCK,CA,AWP,WE,Towers with Radar,6,4,56,2,68,0,0,61,6,67,6,4,117,8,135,142,0,142,277
03/20/2015,SCK,CA,AWP,WE,Towers with Radar,4,3,39,2,48,0,4,83,2,89,4,7,122,4,137,68,2,70,207
03/21/2015,SCK,CA,AWP,WE,Towers with Radar,2,1,48,0,51,0,6,74,0,80,2,7,122,0,131,130,0,130,261
03/22/2015,SCK,CA,AWP,WE,Towers with Radar,6,0,33,0,39,0,0,38,2,40,6,0,71,2,79,28,0,28,107
03/23/2015,SCK,CA,AWP,WE,Towers with Radar,4,0,38,11,53,0,1,74,4,79,4,1,112,15,132,102,0,102,234
03/24/2015,SCK,CA,AWP,WE,Towers with Radar,0,3,30,6,39,0,1,81,11,93,0,4,111,17,132,86,0,86,218
03/25/2015,SCK,CA,AWP,WE,Towers with Radar,2,1,39,1,43,0,2,106,8,116,2,3,145,9,159,136,2,138,297
03/26/2015,SCK,CA,AWP,WE,Towers with Radar,6,9,46,2,63,0,5,118,5,128,6,14,164,7,191,76,2,78,269
03/27/2015,SCK,CA,AWP,WE,Towers with Radar,4,1,29,0,34,0,2,80,2,84,4,3,109,2,118,40,4,44,162
03/28/2015,SCK,CA,AWP,WE,Towers with Radar,2,0,33,0,35,0,4,93,1,98,2,4,126,1,133,52,0,52,185
03/29/2015,SCK,CA,AWP,WE,Towers with Radar,6,1,24,0,31,0,1,52,0,53,6,2,76,0,84,66,0,66,150
03/30/2015,SCK,CA,AWP,WE,Towers with Radar,6,2,40,1,49,0,2,69,5,76,6,4,109,6,125,78,8,86,211
03/31/2015,SCK,CA,AWP,WE,Towers with Radar,0,2,35,4,41,0,3,59,9,71,0,5,94,13,112,6,2,8,120
04/01/2015,SCK,CA,AWP,WE,Towers with Radar,2,0,35,2,39,0,3,80,3,86,2,3,115,5,125,64,0,64,189
04/02/2015,SCK,CA,AWP,WE,Towers with Radar,6,0,27,0,33,0,1,65,5,71,6,1,92,5,104,32,9,41,145
04/03/2015,SCK,CA,AWP,WE,Towers with Radar,4,4,25,0,33,0,1,101,2,104,4,5,126,2,137,80,0,80,217
04/04/2015,SCK,CA,AWP,WE,Towers with Radar,2,0,31,0,33,0,4,82,0,86,2,4,113,0,119,40,0,40,159
04/05/2015,SCK,CA,AWP,WE,Towers with Radar,6,1,13,0,20,0,0,7,0,7,6,1,20,0,27,16,0,16,43
04/06/2015,SCK,CA,AWP,WE,Towers with Radar,4,3,27,1,35,0,5,62,7,74,4,8,89,8,109,68,0,68,177
04/07/2015,SCK,CA,AWP,WE,Towers with Radar,0,1,24,0,25,0,0,10,2,12,0,1,34,2,37,14,2,16,53
04/08/2015,SCK,CA,AWP,WE,Towers with Radar,4,3,25,0,32,0,0,49,5,54,4,3,74,5,86,52,0,52,138
04/09/2015,SCK,CA,AWP,WE,Towers with Radar,4,0,36,2,42,0,0,73,2,75,4,0,109,4,117,98,0,98,215
04/10/2015,SCK,CA,AWP,WE,Towers with Radar,4,1,33,0,38,0,8,70,5,83,4,9,103,5,121,42,0,42,163
04/11/2015,SCK,CA,AWP,WE,Towers with Radar,2,3,38,0,43,0,0,49,8,57,2,3,87,8,100,44,0,44,144
04/12/2015,SCK,CA,AWP,WE,Towers with Radar,6,2,40,0,48,0,3,78,10,91,6,5,118,10,139,8,0,8,147
04/13/2015,SCK,CA,AWP,WE,Towers with Radar,6,3,24,1,34,0,4,53,4,61,6,7,77,5,95,100,10,110,205
04/14/2015,SCK,CA,AWP,WE,Towers with Radar,0,5,24,5,34,0,4,25,2,31,0,9,49,7,65,14,6,20,85
04/15/2015,SCK,CA,AWP,WE,Towers with Radar,2,3,18,11,34,0,0,47,5,52,2,3,65,16,86,38,8,46,132
04/16/2015,SCK,CA,AWP,WE,Towers with Radar,4,2,34,0,40,0,3,82,5,90,4,5,116,5,130,86,0,86,216
04/17/2015,SCK,CA,AWP,WE,Towers with Radar,6,14,35,1,56,0,7,99,1,107,6,21,134,2,163,96,0,96,259
04/18/2015,SCK,CA,AWP,WE,Towers with Radar,2,0,14,0,16,0,5,56,3,64,2,5,70,3,80,58,0,58,138
04/19/2015,SCK,CA,AWP,WE,Towers with Radar,7,4,19,0,30,0,5,35,0,40,7,9,54,0,70,32,0,32,102
04/20/2015,SCK,CA,AWP,WE,Towers with Radar,4,9,18,6,37,0,4,55,1,60,4,13,73,7,97,104,16,120,217
04/21/2015,SCK,CA,AWP,WE,Towers with Radar,0,4,34,2,40,0,6,57,14,77,0,10,91,16,117,44,22,66,183
04/22/2015,SCK,CA,AWP,WE,Towers with Radar,2,2,27,2,33,0,0,42,8,50,2,2,69,10,83,84,0,84,167
04/23/2015,SCK,CA,AWP,WE,Towers with Radar,4,2,27,1,34,0,5,84,15,104,4,7,111,16,138,58,4,62,200
04/24/2015,SCK,CA,AWP,WE,Towers with Radar,4,7,24,3,38,0,3,41,2,46,4,10,65,5,84,44,0,44,128
04/25/2015,SCK,CA,AWP,WE,Towers with Radar,2,0,46,0,48,0,0,22,0,22,2,0,68,0,70,10,0,10,80
04/26/2015,SCK,CA,AWP,WE,Towers with Radar,6,0,18,0,24,0,3,40,1,44,6,3,58,1,68,0,0,0,68
04/27/2015,SCK,CA,AWP,WE,Towers with Radar,4,0,13,1,18,0,3,71,1,75,4,3,84,2,93,42,22,64,157
04/28/2015,SCK,CA,AWP,WE,Towers with Radar,0,5,23,1,29,0,5,77,0,82,0,10,100,1,111,82,2,84,195
04/29/2015,SCK,CA,AWP,WE,Towers with Radar,2,7,37,13,59,0,7,71,6,84,2,14,108,19,143,60,8,68,211
04/30/2015,SCK,CA,AWP,WE,Towers with Radar,4,2,34,5,45,0,6,88,7,101,4,8,122,12,146,44,58,102,248
05/01/2015,SCK,CA,AWP,WE,Towers with Radar,4,3,40,1,48,0,3,79,7,89,4,6,119,8,137,22,0,22,159
05/02/2015,SCK,CA,AWP,WE,Towers with Radar,2,4,27,0,33,0,6,56,0,62,2,10,83,0,95,62,0,62,157
05/03/2015,SCK,CA,AWP,WE,Towers with Radar,6,1,21,0,28,0,4,27,1,32,6,5,48,1,60,39,0,39,99
05/04/2015,SCK,CA,AWP,WE,Towers with Radar,4,5,21,0,30,0,5,51,0,56,4,10,72,0,86,36,4,40,126
05/05/2015,SCK,CA,AWP,WE,Towers with Radar,0,2,44,2,48,0,2,95,2,99,0,4,139,4,147,58,12,70,217
05/06/2015,SCK,CA,AWP,WE,Towers with Radar,2,0,27,7,36,0,7,71,7,85,2,7,98,14,121,72,10,82,203
05/07/2015,SCK,CA,AWP,WE,Towers with Radar,4,0,23,2,29,0,5,38,8,51,4,5,61,10,80,20,2,22,102
05/08/2015,SCK,CA,AWP,WE,Towers with Radar,4,8,43,3,58,0,4,74,8,86,4,12,117,11,144,70,8,78,222
05/09/2015,SCK,CA,AWP,WE,Towers with Radar,2,6,39,0,47,0,8,90,0,98,2,14,129,0,145,60,0,60,205
05/10/2015,SCK,CA,AWP,WE,Towers with Radar,6,0,28,1,35,0,6,33,1,40,6,6,61,2,75,0,0,0,75
05/11/2015,SCK,CA,AWP,WE,Towers with Radar,4,0,9,0,13,0,9,54,3,66,4,9,63,3,79,6,0,6,85
05/12/2015,SCK,CA,AWP,WE,Towers with Radar,0,2,22,2,26,0,7,52,5,64,0,9,74,7,90,4,2,6,96
05/13/2015,SCK,CA,AWP,WE,Towers with Radar,2,5,32,1,40,0,5,45,5,55,2,10,77,6,95,84,0,84,179
05/14/2015,SCK,CA,AWP,WE,Towers with Radar,4,5,26,4,39,0,2,40,2,44,4,7,66,6,83,48,0,48,131
05/15/2015,SCK,CA,AWP,WE,Towers with Radar,4,0,36,0,40,0,5,67,3,75,4,5,103,3,115,54,0,54,169
05/16/2015,SCK,CA,AWP,WE,Towers with Radar,2,2,31,0,35,0,1,55,0,56,2,3,86,0,91,78,0,78,169
05/17/2015,SCK,CA,AWP,WE,Towers with Radar,6,0,35,0,41,0,0,36,0,36,6,0,71,0,77,24,0,24,101
05/18/2015,SCK,CA,AWP,WE,Towers with Radar,4,2,39,3,48,0,6,76,6,88,4,8,115,9,136,62,10,72,208
05/19/2015,SCK,CA,AWP,WE,Towers with Radar,0,0,31,1,32,0,1,75,4,80,0,1,106,5,112,90,0,90,202
05/20/2015,SCK,CA,AWP,WE,Towers with Radar,2,3,38,1,44,0,3,73,6,82,2,6,111,7,126,70,10,80,206
05/21/2015,SCK,CA,AWP,WE,Towers with Radar,4,5,42,6,57,0,5,42,1,48,4,10,84,7,105,100,0,100,205
05/22/2015,SCK,CA,AWP,WE,Towers with Radar,4,6,43,1,54,0,5,79,5,89,4,11,122,6,143,68,2,70,213
05/23/2015,SCK,CA,AWP,WE,Towers with Radar,2,2,28,0,32,0,4,46,2,52,2,6,74,2,84,48,0,48,132
05/24/2015,SCK,CA,AWP,WE,Towers with Radar,6,4,22,0,32,0,3,44,6,53,6,7,66,6,85,18,0,18,103
05/25/2015,SCK,CA,AWP,WE,Towers with Radar,4,0,38,0,42,0,8,54,0,62,4,8,92,0,104,66,0,66,170
05/26/2015,SCK,CA,AWP,WE,Towers with Radar,0,5,29,1,35,0,1,58,3,62,0,6,87,4,97,110,0,110,207
05/27/2015,SCK,CA,AWP,WE,Towers with Radar,2,10,40,0,52,0,2,108,12,122,2,12,148,12,174,102,0,102,276
05/28/2015,SCK,CA,AWP,WE,Towers with Radar,4,4,33,5,46,0,0,78,12,90,4,4,111,17,136,90,0,90,226
05/29/2015,SCK,CA,AWP,WE,Towers with Radar,4,7,49,2,62,0,10,83,7,100,4,17,132,9,162,90,0,90,252
05/30/2015,SCK,CA,AWP,WE,Towers with Radar,2,0,32,0,34,0,4,53,0,57,2,4,85,0,91,38,0,38,129
05/31/2015,SCK,CA,AWP,WE,Towers with Radar,6,2,22,3,33,0,0,26,1,27,6,2,48,4,60,70,8,78,138
06/01/2015,SCK,CA,AWP,WE,Towers with Radar,4,0,35,4,43,0,4,66,2,72,4,4,101,6,115,80,0,80,195
06/02/2015,SCK,CA,AWP,WE,Towers with Radar,0,0,40,1,41,0,3,62,4,69,0,3,102,5,110,82,0,82,192
06/03/2015,SCK,CA,AWP,WE,Towers with Radar,2,2,39,4,47,0,4,63,3,70,2,6,102,7,117,88,0,88,205
06/04/2015,SCK,CA,AWP,WE,Towers with Radar,4,0,26,4,34,0,3,83,2,88,4,3,109,6,122,40,0,40,162
06/05/2015,SCK,CA,AWP,WE,Towers with Radar,4,0,45,2,51,0,0,95,10,105,4,0,140,12,156,120,6,126,282
06/06/2015,SCK,CA,AWP,WE,Towers with Radar,2,4,22,0,28,0,12,61,12,85,2,16,83,12,113,72,2,74,187
06/07/2015,SCK,CA,AWP,WE,Towers with Radar,6,2,33,3,44,0,3,55,2,60,6,5,88,5,104,40,0,40,144
06/08/2015,SCK,CA,AWP,WE,Towers with Radar,4,1,36,4,45,0,0,56,3,59,4,1,92,7,104,74,0,74,178
06/09/2015,SCK,CA,AWP,WE,Towers with Radar,0,3,29,2,34,0,3,43,6,52,0,6,72,8,86,28,0,28,114
06/10/2015,SCK,CA,AWP,WE,Towers with Radar,2,1,27,1,31,1,2,29,2,34,3,3,56,3,65,100,2,102,167
06/11/2015,SCK,CA,AWP,WE,Towers with Radar,6,6,26,1,39,0,6,79,7,92,6,12,105,8,131,104,0,104,235
06/12/2015,SCK,CA,AWP,WE,Towers with Radar,4,2,20,0,26,0,2,62,1,65,4,4,82,1,91,88,0,88,179
06/13/2015,SCK,CA,AWP,WE,Towers with Radar,2,1,29,2,34,0,1,90,4,95,2,2,119,6,129,102,0,102,231
06/14/2015,SCK,CA,AWP,WE,Towers with Radar,8,4,28,1,41,0,3,48,2,53,8,7,76,3,94,14,0,14,108
06/15/2015,SCK,CA,AWP,WE,Towers with Radar,2,1,22,0,25,0,3,68,1,72,2,4,90,1,97,42,0,42,139
06/16/2015,SCK,CA,AWP,WE,Towers with Radar,4,4,30,0,38,0,7,62,3,72,4,11,92,3,110,108,8,116,226
06/17/2015,SCK,CA,AWP,WE,Towers with Radar,2,3,39,2,46,0,0,96,6,102,2,3,135,8,148,69,6,75,223
06/18/2015,SCK,CA,AWP,WE,Towers with Radar,6,2,48,9,65,0,3,58,4,65,6,5,106,13,130,100,8,108,238
06/19/2015,SCK,CA,AWP,WE,Towers with Radar,5,4,18,0,27,0,4,87,6,97,5,8,105,6,124,52,4,56,180
06/20/2015,SCK,CA,AWP,WE,Towers with Radar,3,0,16,0,19,0,2,62,0,64,3,2,78,0,83,68,0,68,151
06/21/2015,SCK,CA,AWP,WE,Towers with Radar,6,1,11,0,18,0,0,36,0,36,6,1,47,0,54,0,0,0,54
06/22/2015,SCK,CA,AWP,WE,Towers with Radar,3,2,12,6,23,0,6,47,3,56,3,8,59,9,79,54,0,54,133
06/23/2015,SCK,CA,AWP,WE,Towers with Radar,4,5,18,3,30,0,1,62,5,68,4,6,80,8,98,62,8,70,168
06/24/2015,SCK,CA,AWP,WE,Towers with Radar,2,5,56,6,69,0,2,64,3,69,2,7,120,9,138,134,2,136,274
06/25/2015,SCK,CA,AWP,WE,Towers with Radar,6,3,13,4,26,0,0,72,10,82,6,3,85,14,108,140,18,158,266
06/26/2015,SCK,CA,AWP,WE,Towers with Radar,4,0,19,13,36,0,2,65,1,68,4,2,84,14,104,92,2,94,198
06/27/2015,SCK,CA,AWP,WE,Towers with Radar,2,0,31,4,37,0,0,52,0,52,2,0,83,4,89,30,8,38,127
06/28/2015,SCK,CA,AWP,WE,Towers with Radar,8,0,28,0,36,0,6,49,0,55,8,6,77,0,91,30,0,30,121
06/29/2015,SCK,CA,AWP,WE,Towers with Radar,4,0,18,5,27,0,4,87,4,95,4,4,105,9,122,74,0,74,196
06/30/2015,SCK,CA,AWP,WE,Towers with Radar,2,0,20,1,23,0,2,55,2,59,2,2,75,3,82,60,0,60,142
07/01/2015,SCK,CA,AWP,WE,Towers with Radar,2,4,23,7,36,0,8,66,6,80,2,12,89,13,116,69,2,71,187
07/02/2015,SCK,CA,AWP,WE,Towers with Radar,5,0,24,0,29,0,5,79,1,85,5,5,103,1,114,84,0,84,198
07/03/2015,SCK,CA,AWP,WE,Towers with Radar,4,0,30,0,34,0,6,72,1,79,4,6,102,1,113,56,0,56,169
07/04/2015,SCK,CA,AWP,WE,Towers with Radar,2,0,14,0,16,0,2,31,0,33,2,2,45,0,49,20,0,20,69
07/05/2015,SCK,CA,AWP,WE,Towers with Radar,3,0,25,0,28,0,2,50,0,52,3,2,75,0,80,62,0,62,142
07/06/2015,SCK,CA,AWP,WE,Towers with Radar,4,0,27,1,32,0,0,50,1,51,4,0,77,2,83,24,0,24,107
07/07/2015,SCK,CA,AWP,WE,Towers with Radar,2,2,26,1,31,0,2,77,8,87,2,4,103,9,118,68,6,74,192
07/08/2015,SCK,CA,AWP,WE,Towers with Radar,2,2,54,5,63,0,6,80,4,90,2,8,134,9,153,62,0,62,215
07/09/2015,SCK,CA,AWP,WE,Towers with Radar,6,1,31,1,39,0,6,41,6,53,6,7,72,7,92,54,0,54,146
07/10/2015,SCK,CA,AWP,WE,Towers with Radar,3,0,44,1,48,0,4,67,1,72,3,4,111,2,120,70,0,70,190
07/11/2015,SCK,CA,AWP,WE,Towers with Radar,2,2,12,0,16,0,3,52,4,59,2,5,64,4,75,104,0,104,179
07/12/2015,SCK,CA,AWP,WE,Towers with Radar,5,0,31,0,36,0,5,54,0,59,5,5,85,0,95,6,0,6,101
07/13/2015,SCK,CA,AWP,WE,Towers with Radar,4,2,29,1,36,0,3,70,1,74,4,5,99,2,110,36,0,36,146
07/14/2015,SCK,CA,AWP,WE,Towers with Radar,2,5,34,1,42,0,5,100,0,105,2,10,134,1,147,105,0,105,252
07/15/2015,SCK,CA,AWP,WE,Towers with Radar,2,3,39,1,45,0,7,71,2,80,2,10,110,3,125,96,2,98,223
07/16/2015,SCK,CA,AWP,WE,Towers with Radar,6,0,29,0,35,0,14,77,5,96,6,14,106,5,131,20,0,20,151
07/17/2015,SCK,CA,AWP,WE,Towers with Radar,4,2,27,0,33,0,3,69,0,72,4,5,96,0,105,46,0,46,151
07/18/2015,SCK,CA,AWP,WE,Towers with Radar,2,0,24,0,26,0,4,51,1,56,2,4,75,1,82,48,0,48,130
07/19/2015,SCK,CA,AWP,WE,Towers with Radar,6,1,38,0,45,0,19,61,0,80,6,20,99,0,125,30,0,30,155
07/20/2015,SCK,CA,AWP,WE,Towers with Radar,3,0,34,1,38,0,4,74,2,80,3,4,108,3,118,102,0,102,220
07/21/2015,SCK,CA,AWP,WE,Towers with Radar,2,1,18,17,38,0,1,91,3,95,2,2,109,20,133,120,0,120,253
07/22/2015,SCK,CA,AWP,WE,Towers with Radar,2,5,28,0,35,0,7,59,1,67,2,12,87,1,102,84,0,84,186
07/23/2015,SCK,CA,AWP,WE,Towers with Radar,6,0,29,6,41,0,1,80,3,84,6,1,109,9,125,76,0,76,201
07/24/2015,SCK,CA,AWP,WE,Towers with Radar,4,1,31,1,37,0,7,73,4,84,4,8,104,5,121,52,0,52,173
07/25/2015,SCK,CA,AWP,WE,Towers with Radar,2,0,27,0,29,0,7,75,6,88,2,7,102,6,117,32,0,32,149
07/26/2015,SCK,CA,AWP,WE,Towers with Radar,8,0,38,0,46,0,7,43,4,54,8,7,81,4,100,18,0,18,118
07/27/2015,SCK,CA,AWP,WE,Towers with Radar,4,0,27,12,43,0,3,64,14,81,4,3,91,26,124,146,20,166,290
07/28/2015,SCK,CA,AWP,WE,Towers with Radar,2,2,13,0,17,0,3,80,3,86,2,5,93,3,103,166,0,166,269
07/29/2015,SCK,CA,AWP,WE,Towers with Radar,2,3,21,0,26,0,7,54,9,70,2,10,75,9,96,212,0,212,308
07/30/2015,SCK,CA,AWP,WE,Towers with Radar,6,0,16,10,32,0,7,53,10,70,6,7,69,20,102,106,20,126,228
07/31/2015,SCK,CA,AWP,WE,Towers with Radar,4,3,38,2,47,0,20,109,5,134,4,23,147,7,181,106,18,124,305
08/01/2015,SCK,CA,AWP,WE,Towers with Radar,2,3,41,0,46,0,9,67,1,77,2,12,108,1,123,75,0,75,198
08/02/2015,SCK,CA,AWP,WE,Towers with Radar,6,0,25,0,31,0,14,38,2,54,6,14,63,2,85,4,0,4,89
08/03/2015,SCK,CA,AWP,WE,Towers with Radar,5,1,24,1,31,0,2,65,2,69,5,3,89,3,100,58,0,58,158
08/04/2015,SCK,CA,AWP,WE,Towers with Radar,0,0,32,0,32,0,0,66,3,69,0,0,98,3,101,160,0,160,261
08/05/2015,SCK,CA,AWP,WE,Towers with Radar,2,0,33,8,43,0,3,86,3,92,2,3,119,11,135,160,14,174,309
08/06/2015,SCK,CA,AWP,WE,Towers with Radar,6,2,44,3,55,0,11,52,3,66,6,13,96,6,121,302,4,306,427
08/07/2015,SCK,CA,AWP,WE,Towers with Radar,4,6,24,0,34,0,8,70,2,80,4,14,94,2,114,170,0,170,284
08/08/2015,SCK,CA,AWP,WE,Towers with Radar,2,2,24,4,32,0,8,71,0,79,2,10,95,4,111,20,0,20,131
08/09/2015,SCK,CA,AWP,WE,Towers with Radar,6,0,37,0,43,0,6,59,5,70,6,6,96,5,113,2,8,10,123
08/10/2015,SCK,CA,AWP,WE,Towers with Radar,5,2,24,1,32,0,4,57,4,65,5,6,81,5,97,62,0,62,159
08/11/2015,SCK,CA,AWP,WE,Towers with Radar,0,0,21,0,21,0,2,73,5,80,0,2,94,5,101,276,0,276,377
08/12/2015,SCK,CA,AWP,WE,Towers with Radar,2,2,21,5,30,0,1,87,6,94,2,3,108,11,124,138,2,140,264
08/13/2015,SCK,CA,AWP,WE,Towers with Radar,4,0,29,1,34,0,3,91,4,98,4,3,120,5,132,164,10,174,306
08/14/2015,SCK,CA,AWP,WE,Towers with Radar,2,3,14,2,21,0,3,74,3,80,2,6,88,5,101,158,0,158,259
08/15/2015,SCK,CA,AWP,WE,Towers with Radar,2,0,13,1,16,0,9,68,3,80,2,9,81,4,96,114,0,114,210
08/16/2015,SCK,CA,AWP,WE,Towers with Radar,6,0,14,0,20,0,8,42,0,50,6,8,56,0,70,22,0,22,92
08/17/2015,SCK,CA,AWP,WE,Towers with Radar,3,2,27,0,32,0,0,47,2,49,3,2,74,2,81,168,0,168,249
08/18/2015,SCK,CA,AWP,WE,Towers with Radar,0,2,25,1,28,0,2,66,7,75,0,4,91,8,103,180,4,184,287
08/19/2015,SCK,CA,AWP,WE,Towers with Radar,2,1,41,3,47,0,4,68,3,75,2,5,109,6,122,138,2,140,262
08/20/2015,SCK,CA,AWP,WE,Towers with Radar,4,3,36,6,49,0,2,50,3,55,4,5,86,9,104,146,10,156,260
08/21/2015,SCK,CA,AWP,WE,Towers with Radar,4,0,22,2,28,0,3,90,0,93,4,3,112,2,121,128,4,132,253
08/22/2015,SCK,CA,AWP,WE,Towers with Radar,2,0,15,1,18,0,3,63,2,68,2,3,78,3,86,72,0,72,158
08/23/2015,SCK,CA,AWP,WE,Towers with Radar,6,6,22,1,35,0,4,70,3,77,6,10,92,4,112,24,0,24,136
08/24/2015,SCK,CA,AWP,WE,Towers with Radar,4,3,30,1,38,0,1,46,3,50,4,4,76,4,88,152,0,152,240
08/25/2015,SCK,CA,AWP,WE,Towers with Radar,0,1,24,0,25,0,1,77,10,88,0,2,101,10,113,80,6,86,199
08/26/2015,SCK,CA,AWP,WE,Towers with Radar,2,3,26,0,31,0,3,88,4,95,2,6,114,4,126,212,0,212,338
08/27/2015,SCK,CA,AWP,WE,Towers with Radar,4,3,25,3,35,0,3,67,8,78,4,6,92,11,113,90,0,90,203
08/28/2015,SCK,CA,AWP,WE,Towers with Radar,4,2,15,2,23,0,0,78,3,81,4,2,93,5,104,60,2,62,166
08/29/2015,SCK,CA,AWP,WE,Towers with Radar,2,1,20,0,23,0,1,43,4,48,2,2,63,4,71,2,0,2,73
08/30/2015,SCK,CA,AWP,WE,Towers with Radar,6,0,30,0,36,0,6,45,1,52,6,6,75,1,88,4,0,4,92
08/31/2015,SCK,CA,AWP,WE,Towers with Radar,4,0,36,0,40,0,5,59,0,64,4,5,95,0,104,34,0,34,138
09/01/2015,SCK,CA,AWP,WE,Towers with Radar,0,0,25,0,25,0,4,70,3,77,0,4,95,3,102,180,0,180,282
09/02/2015,SCK,CA,AWP,WE,Towers with Radar,2,2,24,2,30,0,7,60,6,73,2,9,84,8,103,64,2,66,169
09/03/2015,SCK,CA,AWP,WE,Towers with Radar,3,0,25,4,32,0,3,47,0,50,3,3,72,4,82,178,4,182,264
09/04/2015,SCK,CA,AWP,WE,Towers with Radar,6,2,16,0,24,0,11,67,1,79,6,13,83,1,103,114,0,114,217
09/05/2015,SCK,CA,AWP,WE,Towers with Radar,0,3,29,0,32,0,12,74,0,86,0,15,103,0,118,126,0,126,244
09/06/2015,SCK,CA,AWP,WE,Towers with Radar,4,0,18,0,22,0,0,45,0,45,4,0,63,0,67,10,0,10,77
09/07/2015,SCK,CA,AWP,WE,Towers with Radar,4,4,22,0,30,0,0,74,0,74,4,4,96,0,104,142,0,142,246
09/08/2015,SCK,CA,AWP,WE,Towers with Radar,0,0,25,1,26,0,6,63,4,73,0,6,88,5,99,206,0,206,305
09/09/2015,SCK,CA,AWP,WE,Towers with Radar,2,0,15,0,17,0,2,65,2,69,2,2,80,2,86,134,0,134,220
09/10/2015,SCK,CA,AWP,WE,Towers with Radar,4,0,24,2,30,0,2,65,4,71,4,2,89,6,101,108,0,108,209
09/11/2015,SCK,CA,AWP,WE,Towers with Radar,3,7,31,0,41,0,1,66,3,70,3,8,97,3,111,218,0,218,329
09/12/2015,SCK,CA,AWP,WE,Towers with Radar,0,0,23,1,24,0,6,65,12,83,0,6,88,13,107,70,0,70,177
09/13/2015,SCK,CA,AWP,WE,Towers with Radar,3,0,22,0,25,0,3,28,1,32,3,3,50,1,57,2,0,2,59
09/14/2015,SCK,CA,AWP,WE,Towers with Radar,4,6,20,11,41,0,7,47,9,63,4,13,67,20,104,250,16,266,370
09/15/2015,SCK,CA,AWP,WE,Towers with Radar,1,3,29,0,33,0,4,52,3,59,1,7,81,3,92,270,0,270,362
09/16/2015,SCK,CA,AWP,WE,Towers with Radar,2,0,14,3,19,0,5,51,6,62,2,5,65,9,81,198,8,206,287
09/17/2015,SCK,CA,AWP,WE,Towers with Radar,4,0,28,3,35,0,3,90,3,96,4,3,118,6,131,164,0,164,295
09/18/2015,SCK,CA,AWP,WE,Towers with Radar,4,3,20,2,29,0,4,62,7,73,4,7,82,9,102,126,2,128,230
09/19/2015,SCK,CA,AWP,WE,Towers with Radar,0,0,17,1,18,0,4,50,1,55,0,4,67,2,73,48,0,48,121
09/20/2015,SCK,CA,AWP,WE,Towers with Radar,6,2,8,0,16,0,8,36,0,44,6,10,44,0,60,12,0,12,72
09/21/2015,SCK,CA,AWP,WE,Towers with Radar,2,0,31,0,33,0,1,62,2,65,2,1,93,2,98,164,0,164,262
09/22/2015,SCK,CA,AWP,WE,Towers with Radar,0,1,26,0,27,0,4,74,0,78,0,5,100,0,105,118,0,118,223
09/23/2015,SCK,CA,AWP,WE,Towers with Radar,2,0,27,6,35,0,3,72,5,80,2,3,99,11,115,160,0,160,275
09/24/2015,SCK,CA,AWP,WE,Towers with Radar,4,3,28,4,39,0,2,72,11,85,4,5,100,15,124,160,0,160,284
09/25/2015,SCK,CA,AWP,WE,Towers with Radar,4,5,30,0,39,0,3,60,0,63,4,8,90,0,102,150,0,150,252
09/26/2015,SCK,CA,AWP,WE,Towers with Radar,0,0,28,0,28,0,4,55,0,59,0,4,83,0,87,82,0,82,169
09/27/2015,SCK,CA,AWP,WE,Towers with Radar,6,5,23,0,34,0,8,41,0,49,6,13,64,0,83,12,0,12,95
09/28/2015,SCK,CA,AWP,WE,Towers with Radar,2,1,43,0,46,0,0,63,2,65,2,1,106,2,111,140,0,140,251
09/29/2015,SCK,CA,AWP,WE,Towers with Radar,0,3,34,4,41,0,1,69,14,84,0,4,103,18,125,214,10,224,349
09/30/2015,SCK,CA,AWP,WE,Towers with Radar,2,3,39,0,44,0,3,85,7,95,2,6,124,7,139,178,0,178,317
10/01/2015,SCK,CA,AWP,WE,Towers with Radar,4,2,27,0,33,0,0,60,3,63,4,2,87,3,96,198,4,202,298
10/02/2015,SCK,CA,AWP,WE,Towers with Radar,4,4,45,1,54,0,3,78,5,86,4,7,123,6,140,78,4,82,222
10/03/2015,SCK,CA,AWP,WE,Towers with Radar,0,1,31,0,32,0,4,91,2,97,0,5,122,2,129,108,0,108,237
10/04/2015,SCK,CA,AWP,WE,Towers with Radar,6,2,36,0,44,0,4,75,0,79,6,6,111,0,123,26,0,26,149
10/05/2015,SCK,CA,AWP,WE,Towers with Radar,2,4,23,0,29,0,4,80,6,90,2,8,103,6,119,142,0,142,261
10/06/2015,SCK,CA,AWP,WE,Towers with Radar,0,1,38,3,42,0,4,64,4,72,0,5,102,7,114,150,6,156,270
10/07/2015,SCK,CA,AWP,WE,Towers with Radar,2,1,32,4,39,0,1,91,4,96,2,2,123,8,135,156,0,156,291
10/08/2015,SCK,CA,AWP,WE,Towers with Radar,4,4,24,5,37,0,10,77,1,88,4,14,101,6,125,158,0,158,283
10/09/2015,SCK,CA,AWP,WE,Towers with Radar,4,7,27,6,44,0,4,73,0,77,4,11,100,6,121,132,0,132,253
10/10/2015,SCK,CA,AWP,WE,Towers with Radar,0,2,33,0,35,0,5,58,3,66,0,7,91,3,101,22,0,22,123
10/11/2015,SCK,CA,AWP,WE,Towers with Radar,6,0,28,0,34,0,2,36,3,41,6,2,64,3,75,24,0,24,99
10/12/2015,SCK,CA,AWP,WE,Towers with Radar,2,0,27,0,29,0,0,78,1,79,2,0,105,1,108,94,0,94,202
10/13/2015,SCK,CA,AWP,WE,Towers with Radar,0,5,21,4,30,0,1,84,9,94,0,6,105,13,124,90,2,92,216
10/14/2015,SCK,CA,AWP,WE,Towers with Radar,2,0,37,4,43,0,3,85,2,90,2,3,122,6,133,152,8,160,293
10/15/2015,SCK,CA,AWP,WE,Towers with Radar,4,4,24,0,32,0,4,57,3,64,4,8,81,3,96,182,20,202,298
10/16/2015,SCK,CA,AWP,WE,Towers with Radar,5,2,31,3,41,0,2,78,1,81,5,4,109,4,122,196,0,196,318
10/17/2015,SCK,CA,AWP,WE,Towers with Radar,1,0,41,0,42,0,7,30,0,37,1,7,71,0,79,58,0,58,137
10/18/2015,SCK,CA,AWP,WE,Towers with Radar,6,2,19,0,27,0,2,24,2,28,6,4,43,2,55,14,0,14,69
10/19/2015,SCK,CA,AWP,WE,Towers with Radar,2,1,49,0,52,1,3,78,2,84,3,4,127,2,136,98,2,100,236
10/20/2015,SCK,CA,AWP,WE,Towers with Radar,0,4,52,2,58,0,2,86,4,92,0,6,138,6,150,130,16,146,296
10/21/2015,SCK,CA,AWP,WE,Towers with Radar,2,0,31,2,35,0,3,72,6,81,2,3,103,8,116,64,0,64,180
10/22/2015,SCK,CA,AWP,WE,Towers with Radar,4,2,45,1,52,0,1,73,5,79,4,3,118,6,131,94,2,96,227
10/23/2015,SCK,CA,AWP,WE,Towers with Radar,4,2,39,0,45,0,2,68,0,70,4,4,107,0,115,118,0,118,233
10/24/2015,SCK,CA,AWP,WE,Towers with Radar,0,0,39,0,39,0,3,71,0,74,0,3,110,0,113,34,0,34,147
10/25/2015,SCK,CA,AWP,WE,Towers with Radar,6,6,51,0,63,0,3,70,2,75,6,9,121,2,138,16,0,16,154
10/26/2015,SCK,CA,AWP,WE,Towers with Radar,2,2,29,1,34,0,1,83,2,86,2,3,112,3,120,74,0,74,194
10/27/2015,SCK,CA,AWP,WE,Towers with Radar,0,4,22,0,26,0,3,60,5,68,0,7,82,5,94,122,0,122,216
10/28/2015,SCK,CA,AWP,WE,Towers with Radar,2,6,49,8,65,0,3,75,8,86,2,9,124,16,151,204,8,212,363
10/29/2015,SCK,CA,AWP,WE,Towers with Radar,4,3,14,4,25,0,4,64,6,74,4,7,78,10,99,44,0,44,143
10/30/2015,SCK,CA,AWP,WE,Towers with Radar,4,2,37,2,45,0,6,92,7,105,4,8,129,9,150,146,18,164,314
10/31/2015,SCK,CA,AWP,WE,Towers with Radar,0,2,22,0,24,0,4,73,0,77,0,6,95,0,101,104,0,104,205
11/01/2015,SCK,CA,AWP,WE,Towers with Radar,6,1,28,0,35,0,0,29,0,29,6,1,57,0,64,32,0,32,96
11/02/2015,SCK,CA,AWP,WE,Towers with Radar,2,5,12,0,19,0,1,11,1,13,2,6,23,1,32,50,0,50,82
11/03/2015,SCK,CA,AWP,WE,Towers with Radar,0,1,28,4,33,0,10,77,0,87,0,11,105,4,120,164,0,164,284
11/04/2015,SCK,CA,AWP,WE,Towers with Radar,2,1,19,6,28,0,7,61,11,79,2,8,80,17,107,118,28,146,253
11/05/2015,SCK,CA,AWP,WE,Towers with Radar,4,2,33,6,45,0,1,64,8,73,4,3,97,14,118,124,8,132,250
11/06/2015,SCK,CA,AWP,WE,Towers with Radar,3,3,28,0,34,0,5,80,4,89,3,8,108,4,123,96,0,96,219
11/07/2015,SCK,CA,AWP,WE,Towers with Radar,0,0,37,0,37,0,5,76,0,81,0,5,113,0,118,68,0,68,186
11/08/2015,SCK,CA,AWP,WE,Towers with Radar,6,1,19,0,26,0,2,17,0,19,6,3,36,0,45,14,0,14,59
11/09/2015,SCK,CA,AWP,WE,Towers with Radar,2,1,15,0,18,0,4,5,0,9,2,5,20,0,27,0,10,10,37
11/10/2015,SCK,CA,AWP,WE,Towers with Radar,0,0,18,9,27,0,7,40,3,50,0,7,58,12,77,174,4,178,255
11/11/2015,SCK,CA,AWP,WE,Towers with Radar,2,0,33,1,36,0,3,80,2,85,2,3,113,3,121,162,0,162,283
11/12/2015,SCK,CA,AWP,WE,Towers with Radar,4,2,38,3,47,0,3,75,6,84,4,5,113,9,131,132,18,150,281
11/13/2015,SCK,CA,AWP,WE,Towers with Radar,4,0,39,8,51,0,0,80,4,84,4,0,119,12,135,58,0,58,193
11/14/2015,SCK,CA,AWP,WE,Towers with Radar,0,2,48,0,50,0,6,52,0,58,0,8,100,0,108,62,0,62,170
11/15/2015,SCK,CA,AWP,WE,Towers with Radar,6,2,25,0,33,0,2,6,0,8,6,4,31,0,41,2,0,2,43
11/16/2015,SCK,CA,AWP,WE,Towers with Radar,2,0,29,0,31,0,4,54,2,60,2,4,83,2,91,34,0,34,125
11/17/2015,SCK,CA,AWP,WE,Towers with Radar,0,0,38,3,41,0,6,70,10,86,0,6,108,13,127,110,6,116,243
11/18/2015,SCK,CA,AWP,WE,Towers with Radar,0,6,27,2,35,0,8,88,2,98,0,14,115,4,133,150,0,150,283
11/19/2015,SCK,CA,AWP,WE,Towers with Radar,4,0,42,0,46,0,5,89,7,101,4,5,131,7,147,28,4,32,179
11/20/2015,SCK,CA,AWP,WE,Towers with Radar,2,0,34,0,36,0,6,79,4,89,2,6,113,4,125,8,8,16,141
11/21/2015,SCK,CA,AWP,WE,Towers with Radar,0,0,25,0,25,0,1,55,0,56,0,1,80,0,81,42,0,42,123
11/22/2015,SCK,CA,AWP,WE,Towers with Radar,6,0,43,1,50,0,0,35,3,38,6,0,78,4,88,20,0,20,108
11/23/2015,SCK,CA,AWP,WE,Towers with Radar,4,2,29,1,36,0,3,45,3,51,4,5,74,4,87,48,0,48,135
11/24/2015,SCK,CA,AWP,WE,Towers with Radar,2,2,21,12,37,0,0,11,3,14,2,2,32,15,51,44,30,74,125
11/25/2015,SCK,CA,AWP,WE,Towers with Radar,3,0,23,0,26,0,2,41,0,43,3,2,64,0,69,104,0,104,173
11/26/2015,SCK,CA,AWP,WE,Towers with Radar,2,0,6,0,8,0,0,19,0,19,2,0,25,0,27,54,0,54,81
11/27/2015,SCK,CA,AWP,WE,Towers with Radar,2,0,5,0,7,0,3,40,0,43,2,3,45,0,50,92,0,92,142
11/28/2015,SCK,CA,AWP,WE,Towers with Radar,4,0,26,0,30,0,1,59,0,60,4,1,85,0,90,62,4,66,156
11/29/2015,SCK,CA,AWP,WE,Towers with Radar,5,0,13,0,18,0,0,40,0,40,5,0,53,0,58,6,0,6,64
11/30/2015,SCK,CA,AWP,WE,Towers with Radar,4,1,27,0,32,0,3,28,1,32,4,4,55,1,64,170,0,170,234
12/01/2015,SCK,CA,AWP,WE,Towers with Radar,0,0,14,2,16,0,2,62,3,67,0,2,76,5,83,62,0,62,145
12/02/2015,SCK,CA,AWP,WE,Towers with Radar,0,0,20,2,22,0,0,57,2,59,0,0,77,4,81,114,0,114,195
12/03/2015,SCK,CA,AWP,WE,Towers with Radar,4,0,6,9,19,0,1,16,3,20,4,1,22,12,39,60,6,66,105
12/04/2015,SCK,CA,AWP,WE,Towers with Radar,3,3,26,2,34,0,6,74,11,91,3,9,100,13,125,114,0,114,239
12/05/2015,SCK,CA,AWP,WE,Towers with Radar,0,0,22,0,22,0,0,36,0,36,0,0,58,0,58,98,0,98,156
12/06/2015,SCK,CA,AWP,WE,Towers with Radar,8,1,29,0,38,0,0,16,0,16,8,1,45,0,54,8,0,8,62
12/07/2015,SCK,CA,AWP,WE,Towers with Radar,1,0,24,0,25,0,0,10,0,10,1,0,34,0,35,10,0,10,45
12/08/2015,SCK,CA,AWP,WE,Towers with Radar,0,4,27,2,33,0,0,0,0,0,0,4,27,2,33,0,0,0,33
12/09/2015,SCK,CA,AWP,WE,Towers with Radar,0,6,32,0,38,0,1,16,1,18,0,7,48,1,56,36,14,50,106
12/10/2015,SCK,CA,AWP,WE,Towers with Radar,4,4,24,5,37,0,10,11,8,29,4,14,35,13,66,22,20,42,108
12/11/2015,SCK,CA,AWP,WE,Towers with Radar,4,0,34,2,40,0,4,61,5,70,4,4,95,7,110,188,14,202,312
12/12/2015,SCK,CA,AWP,WE,Towers with Radar,0,1,31,0,32,0,1,55,0,56,0,2,86,0,88,40,0,40,128
12/13/2015,SCK,CA,AWP,WE,Towers with Radar,6,3,8,0,17,0,3,3,0,6,6,6,11,0,23,0,0,0,23
12/14/2015,SCK,CA,AWP,WE,Towers with Radar,0,9,19,2,30,0,1,36,5,42,0,10,55,7,72,36,2,38,110
12/15/2015,SCK,CA,AWP,WE,Towers with Radar,0,2,21,1,24,0,2,62,12,76,0,4,83,13,100,140,20,160,260
12/16/2015,SCK,CA,AWP,WE,Towers with Radar,0,0,11,0,11,0,2,87,18,107,0,2,98,18,118,112,0,112,230
12/17/2015,SCK,CA,AWP,WE,Towers with Radar,4,2,26,0,32,0,3,79,3,85,4,5,105,3,117,112,8,120,237
12/18/2015,SCK,CA,AWP,WE,Towers with Radar,4,1,18,1,24,0,4,46,2,52,4,5,64,3,76,166,0,166,242
12/19/2015,SCK,CA,AWP,WE,Towers with Radar,2,0,22,0,24,0,2,11,0,13,2,2,33,0,37,46,0,46,83
12/20/2015,SCK,CA,AWP,WE,Towers with Radar,5,0,14,0,19,0,2,5,0,7,5,2,19,0,26,0,0,0,26
12/21/2015,SCK,CA,AWP,WE,Towers with Radar,2,0,11,0,13,0,1,5,0,6,2,1,16,0,19,0,0,0,19
12/22/2015,SCK,CA,AWP,WE,Towers with Radar,2,0,7,2,11,0,1,5,12,18,2,1,12,14,29,0,6,6,35
12/23/2015,SCK,CA,AWP,WE,Towers with Radar,2,0,24,4,30,0,1,84,7,92,2,1,108,11,122,142,18,160,282
12/24/2015,SCK,CA,AWP,WE,Towers with Radar,3,0,0,0,3,0,3,4,0,7,3,3,4,0,10,0,2,2,12
12/25/2015,SCK,CA,AWP,WE,Towers with Radar,2,0,3,0,5,0,1,8,0,9,2,1,11,0,14,8,0,8,22
12/26/2015,SCK,CA,AWP,WE,Towers with Radar,0,0,22,0,22,0,3,58,0,61,0,3,80,0,83,78,0,78,161
12/27/2015,SCK,CA,AWP,WE,Towers with Radar,4,0,20,0,24,0,2,13,0,15,4,2,33,0,39,0,0,0,39
12/28/2015,SCK,CA,AWP,WE,Towers with Radar,2,10,39,8,59,0,9,13,1,23,2,19,52,9,82,26,0,26,108
12/29/2015,SCK,CA,AWP,WE,Towers with Radar,4,2,35,3,44,0,4,79,8,91,4,6,114,11,135,130,0,130,265
12/30/2015,SCK,CA,AWP,WE,Towers with Radar,4,0,27,2,33,0,5,38,4,47,4,5,65,6,80,68,0,68,148
12/31/2015,SCK,CA,AWP,WE,Towers with Radar,6,0,30,0,36,0,10,29,2,41,6,10,59,2,77,50,0,50,127
01/01/2016,SCK,CA,AWP,WE,Towers with Radar,2,0,5,0,7,0,1,26,0,27,2,1,31,0,34,10,0,10,44
01/02/2016,SCK,CA,AWP,WE,Towers with Radar,2,0,32,0,34,0,4,42,0,46,2,4,74,0,80,104,0,104,184
01/03/2016,SCK,CA,AWP,WE,Towers with Radar,5,2,21,0,28,0,3,32,0,35,5,5,53,0,63,22,0,22,85
01/04/2016,SCK,CA,AWP,WE,Towers with Radar,4,2,18,1,25,0,0,15,1,16,4,2,33,2,41,0,0,0,41
01/05/2016,SCK,CA,AWP,WE,Towers with Radar,0,1,18,1,20,0,0,8,1,9,0,1,26,2,29,0,0,0,29
01/06/2016,SCK,CA,AWP,WE,Towers with Radar,0,2,5,3,10,0,0,0,2,2,0,2,5,5,12,0,12,12,24
01/07/2016,SCK,CA,AWP,WE,Towers with Radar,3,0,25,0,28,0,0,4,0,4,3,0,29,0,32,42,0,42,74
01/08/2016,SCK,CA,AWP,WE,Towers with Radar,4,2,33,1,40,0,0,12,0,12,4,2,45,1,52,24,0,24,76
01/09/2016,SCK,CA,AWP,WE,Towers with Radar,0,1,20,3,24,0,4,11,4,19,0,5,31,7,43,6,0,6,49
01/10/2016,SCK,CA,AWP,WE,Towers with Radar,4,2,51,1,58,0,2,13,0,15,4,4,64,1,73,14,0,14,87
01/11/2016,SCK,CA,AWP,WE,Towers with Radar,2,0,20,4,26,0,4,40,3,47,2,4,60,7,73,70,0,70,143
01/12/2016,SCK,CA,AWP,WE,Towers with Radar,0,4,30,4,38,0,1,47,3,51,0,5,77,7,89,130,0,130,219
01/13/2016,SCK,CA,AWP,WE,Towers with Radar,2,4,17,0,23,0,2,15,3,20,2,6,32,3,43,42,0,42,85
01/14/2016,SCK,CA,AWP,WE,Towers with Radar,3,1,32,1,37,0,5,42,8,55,3,6,74,9,92,74,8,82,174
01/15/2016,SCK,CA,AWP,WE,Towers with Radar,3,3,52,5,63,0,2,50,0,52,3,5,102,5,115,176,8,184,299
01/16/2016,SCK,CA,AWP,WE,Towers with Radar,1,0,25,0,26,0,1,7,0,8,1,1,32,0,34,46,0,46,80
01/17/2016,SCK,CA,AWP,WE,Towers with Radar,4,0,25,0,29,0,1,15,0,16,4,1,40,0,45,0,0,0,45
01/18/2016,SCK,CA,AWP,WE,Towers with Radar,0,2,24,0,26,0,0,37,0,37,0,2,61,0,63,86,0,86,149
01/19/2016,SCK,CA,AWP,WE,Towers with Radar,0,0,16,0,16,0,4,2,0,6,0,4,18,0,22,0,0,0,22
01/20/2016,SCK,CA,AWP,WE,Towers with Radar,2,4,52,0,58,0,0,73,1,74,2,4,125,1,132,154,0,154,286
01/21/2016,SCK,CA,AWP,WE,Towers with Radar,4,1,29,0,34,0,1,19,9,29,4,2,48,9,63,28,2,30,93
01/22/2016,SCK,CA,AWP,WE,Towers with Radar,4,2,21,0,27,0,3,17,5,25,4,5,38,5,52,24,0,24,76
01/23/2016,SCK,CA,AWP,WE,Towers with Radar,0,1,22,0,23,0,1,11,0,12,0,2,33,0,35,0,0,0,35
01/24/2016,SCK,CA,AWP,WE,Towers with Radar,4,0,31,0,35,0,3,63,0,66,4,3,94,0,101,30,0,30,131
01/25/2016,SCK,CA,AWP,WE,Towers with Radar,2,0,16,4,22,0,0,55,2,57,2,0,71,6,79,166,0,166,245
01/26/2016,SCK,CA,AWP,WE,Towers with Radar,0,3,51,6,60,0,2,57,11,70,0,5,108,17,130,98,0,98,228
01/27/2016,SCK,CA,AWP,WE,Towers with Radar,2,5,41,3,51,0,3,97,8,108,2,8,138,11,159,84,12,96,255
01/28/2016,SCK,CA,AWP,WE,Towers with Radar,4,3,34,1,42,0,0,18,0,18,4,3,52,1,60,26,6,32,92
01/29/2016,SCK,CA,AWP,WE,Towers with Radar,4,6,35,7,52,0,1,7,0,8,4,7,42,7,60,4,0,4,64
01/30/2016,SCK,CA,AWP,WE,Towers with Radar,0,0,50,3,53,0,1,44,2,47,0,1,94,5,100,62,0,62,162
01/31/2016,SCK,CA,AWP,WE,Towers with Radar,4,0,29,0,33,0,5,30,0,35,4,5,59,0,68,14,0,14,82
02/01/2016,SCK,CA,AWP,WE,Towers with Radar,3,0,19,11,33,0,4,37,2,43,3,4,56,13,76,36,0,36,112
02/02/2016,SCK,CA,AWP,WE,Towers with Radar,1,0,32,3,36,0,0,39,1,40,1,0,71,4,76,76,8,84,160
02/03/2016,SCK,CA,AWP,WE,Towers with Radar,3,0,39,0,42,0,3,46,0,49,3,3,85,0,91,46,1,47,138
02/04/2016,SCK,CA,AWP,WE,Towers with Radar,4,0,15,1,20,0,7,55,6,68,4,7,70,7,88,14,6,20,108
02/05/2016,SCK,CA,AWP,WE,Towers with Radar,5,0,16,1,22,0,3,58,6,67,5,3,74,7,89,24,6,30,119
02/06/2016,SCK,CA,AWP,WE,Towers with Radar,1,0,38,0,39,0,5,47,4,56,1,5,85,4,95,44,0,44,139
02/07/2016,SCK,CA,AWP,WE,Towers with Radar,7,1,17,0,25,0,0,17,1,18,7,1,34,1,43,10,0,10,53
02/08/2016,SCK,CA,AWP,WE,Towers with Radar,3,2,27,0,32,0,0,38,0,38,3,2,65,0,70,2,0,2,72
02/09/2016,SCK,CA,AWP,WE,Towers with Radar,1,0,35,11,47,0,5,48,2,55,1,5,83,13,102,36,6,42,144
02/10/2016,SCK,CA,AWP,WE,Towers with Radar,3,1,39,2,45,0,1,83,3,87,3,2,122,5,132,174,6,180,312
02/11/2016,SCK,CA,AWP,WE,Towers with Radar,5,0,40,4,49,0,3,71,4,78,5,3,111,8,127,124,6,130,257
02/12/2016,SCK,CA,AWP,WE,Towers with Radar,5,0,32,5,42,0,0,85,4,89,5,0,117,9,131,144,0,144,275
02/13/2016,SCK,CA,AWP,WE,Towers with Radar,1,2,15,0,18,0,5,66,0,71,1,7,81,0,89,42,0,42,131
02/14/2016,SCK,CA,AWP,WE,Towers with Radar,5,0,22,0,27,0,5,21,0,26,5,5,43,0,53,12,0,12,65
02/15/2016,SCK,CA,AWP,WE,Towers with Radar,4,0,46,0,50,0,2,62,0,64,4,2,108,0,114,98,0,98,212
02/16/2016,SCK,CA,AWP,WE,Towers with Radar,5,2,32,5,44,0,3,85,3,91,5,5,117,8,135,170,6,176,311
02/17/2016,SCK,CA,AWP,WE,Towers with Radar,3,0,18,2,23,1,2,21,4,28,4,2,39,6,51,0,10,10,61
02/18/2016,SCK,CA,AWP,WE,Towers with Radar,5,2,18,8,33,0,7,42,7,56,5,9,60,15,89,98,2,100,189
02/19/2016,SCK,CA,AWP,WE,Towers with Radar,5,4,19,2,30,0,1,81,2,84,5,5,100,4,114,132,0,132,246
02/20/2016,SCK,CA,AWP,WE,Towers with Radar,1,2,41,0,44,0,2,42,0,44,1,4,83,0,88,44,0,44,132
02/21/2016,SCK,CA,AWP,WE,Towers with Radar,7,0,34,0,41,0,6,53,0,59,7,6,87,0,100,26,0,26,126
02/22/2016,SCK,CA,AWP,WE,Towers with Radar,5,3,39,6,53,0,3,86,7,96,5,6,125,13,149,188,6,194,343
02/23/2016,SCK,CA,AWP,WE,Towers with Radar,1,4,30,10,45,0,4,91,3,98,1,8,121,13,143,202,16,218,361
02/24/2016,SCK,CA,AWP,WE,Towers with Radar,3,6,41,0,50,0,5,90,9,104,3,11,131,9,154,102,34,136,290
02/25/2016,SCK,CA,AWP,WE,Towers with Radar,7,3,29,4,43,0,6,90,5,101,7,9,119,9,144,142,28,170,314
02/26/2016,SCK,CA,AWP,WE,Towers with Radar,4,1,39,1,45,1,5,67,7,80,5,6,106,8,125,212,0,212,337
02/27/2016,SCK,CA,AWP,WE,Towers with Radar,1,0,13,0,14,0,4,66,0,70,1,4,79,0,84,82,0,82,166
02/28/2016,SCK,CA,AWP,WE,Towers with Radar,7,3,28,2,40,0,3,64,0,67,7,6,92,2,107,44,0,44,151
02/29/2016,SCK,CA,AWP,WE,Towers with Radar,5,2,22,1,30,0,0,72,1,73,5,2,94,2,103,154,0,154,257
03/01/2016,SCK,CA,AWP,WE,Towers with Radar,1,1,44,0,46,0,2,72,8,82,1,3,116,8,128,232,2,234,362
03/02/2016,SCK,CA,AWP,WE,Towers with Radar,3,3,28,1,35,0,6,85,8,99,3,9,113,9,134,144,8,152,286
03/03/2016,SCK,CA,AWP,WE,Towers with Radar,5,5,41,0,51,0,11,36,10,57,5,16,77,10,108,160,0,160,268
03/04/2016,SCK,CA,AWP,WE,Towers with Radar,3,1,30,6,40,0,3,18,1,22,3,4,48,7,62,108,0,108,170
03/05/2016,SCK,CA,AWP,WE,Towers with Radar,4,0,5,0,9,0,0,1,0,1,4,0,6,0,10,22,0,22,32
03/06/2016,SCK,CA,AWP,WE,Towers with Radar,7,2,37,0,46,0,5,12,1,18,7,7,49,1,64,30,0,30,94
03/07/2016,SCK,CA,AWP,WE,Towers with Radar,5,2,23,10,40,0,3,7,10,20,5,5,30,20,60,54,20,74,134
03/08/2016,SCK,CA,AWP,WE,Towers with Radar,1,0,46,3,50,0,2,81,4,87,1,2,127,7,137,258,10,268,405
03/09/2016,SCK,CA,AWP,WE,Towers with Radar,3,1,32,4,40,0,5,32,10,47,3,6,64,14,87,20,12,32,119
03/10/2016,SCK,CA,AWP,WE,Towers with Radar,7,3,30,4,44,0,5,42,9,56,7,8,72,13,100,56,2,58,158
03/11/2016,SCK,CA,AWP,WE,Towers with Radar,5,0,7,0,12,0,1,3,0,4,5,1,10,0,16,24,0,24,40
03/12/2016,SCK,CA,AWP,WE,Towers with Radar,3,0,19,3,25,0,1,41,0,42,3,1,60,3,67,2,0,2,69
03/13/2016,SCK,CA,AWP,WE,Towers with Radar,7,0,13,1,21,0,0,0,0,0,7,0,13,1,21,0,0,0,21
03/14/2016,SCK,CA,AWP,WE,Towers with Radar,5,0,36,3,44,0,7,58,2,67,5,7,94,5,111,158,0,158,269
03/15/2016,SCK,CA,AWP,WE,Towers with Radar,1,2,41,3,47,0,4,86,6,96,1,6,127,9,143,236,0,236,379
03/16/2016,SCK,CA,AWP,WE,Towers with Radar,3,0,17,6,26,0,1,99,7,107,3,1,116,13,133,274,0,274,407
03/17/2016,SCK,CA,AWP,WE,Towers with Radar,9,0,37,2,48,0,4,103,2,109,9,4,140,4,157,218,0,218,375
03/18/2016,SCK,CA,AWP,WE,Towers with Radar,5,0,38,0,43,0,7,98,3,108,5,7,136,3,151,292,4,296,447
03/19/2016,SCK,CA,AWP,WE,Towers with Radar,3,0,37,0,40,0,6,64,2,72,3,6,101,2,112,162,0,162,274
03/20/2016,SCK,CA,AWP,WE,Towers with Radar,9,0,20,0,29,0,2,20,0,22,9,2,40,0,51,18,0,18,69
03/21/2016,SCK,CA,AWP,WE,Towers with Radar,3,1,16,2,22,0,2,30,0,32,3,3,46,2,54,82,0,82,136
03/22/2016,SCK,CA,AWP,WE,Towers with Radar,1,1,19,2,23,0,4,59,3,66,1,5,78,5,89,218,6,224,313
03/23/2016,SCK,CA,AWP,WE,Towers with Radar,3,0,50,0,53,0,2,88,11,101,3,2,138,11,154,98,0,98,252
03/24/2016,SCK,CA,AWP,WE,Towers with Radar,7,4,31,0,42,0,8,90,2,100,7,12,121,2,142,220,0,220,362
03/25/2016,SCK,CA,AWP,WE,Towers with Radar,5,3,22,1,31,0,6,67,3,76,5,9,89,4,107,102,0,102,209
03/26/2016,SCK,CA,AWP,WE,Towers with Radar,3,0,27,0,30,0,8,97,0,105,3,8,124,0,135,18,0,18,153
03/27/2016,SCK,CA,AWP,WE,Towers with Radar,7,0,15,0,22,0,2,34,0,36,7,2,49,0,58,12,0,12,70
03/28/2016,SCK,CA,AWP,WE,Towers with Radar,3,1,11,0,15,0,6,50,6,62,3,7,61,6,77,54,26,80,157
03/29/2016,SCK,CA,AWP,WE,Towers with Radar,1,1,40,1,43,0,7,73,2,82,1,8,113,3,125,130,8,138,263
03/30/2016,SCK,CA,AWP,WE,Towers with Radar,3,0,49,1,53,0,9,82,8,99,3,9,131,9,152,228,8,236,388
03/31/2016,SCK,CA,AWP,WE,Towers with Radar,7,5,34,1,47,0,15,69,5,89,7,20,103,6,136,150,0,150,286
04/01/2016,SCK,CA,AWP,WE,Towers with Radar,5,2,29,1,37,0,5,88,7,100,5,7,117,8,137,196,0,196,333
04/02/2016,SCK,CA,AWP,WE,Towers with Radar,3,0,28,0,31,0,6,55,0,61,3,6,83,0,92,24,0,24,116
04/03/2016,SCK,CA,AWP,WE,Towers with Radar,5,1,23,0,29,0,4,42,0,46,5,5,65,0,75,16,0,16,91
04/04/2016,SCK,CA,AWP,WE,Towers with Radar,5,1,22,3,31,0,1,54,1,56,5,2,76,4,87,148,2,150,237
04/05/2016,SCK,CA,AWP,WE,Towers with Radar,1,1,42,1,45,0,8,83,5,96,1,9,125,6,141,180,6,186,327
04/06/2016,SCK,CA,AWP,WE,Towers with Radar,3,2,45,0,50,0,11,75,6,92,3,13,120,6,142,198,0,198,340
04/07/2016,SCK,CA,AWP,WE,Towers with Radar,9,0,36,1,46,0,0,66,5,71,9,0,102,6,117,228,2,230,347
04/08/2016,SCK,CA,AWP,WE,Towers with Radar,5,2,51,1,59,0,6,38,5,49,5,8,89,6,108,134,0,134,242
04/09/2016,SCK,CA,AWP,WE,Towers with Radar,1,0,42,1,44,0,0,0,0,0,1,0,42,1,44,0,0,0,44
04/10/2016,SCK,CA,AWP,WE,Towers with Radar,7,1,26,1,35,0,0,4,0,4,7,1,30,1,39,0,0,0,39
04/11/2016,SCK,CA,AWP,WE,Towers with Radar,5,1,51,0,57,0,2,54,4,60,5,3,105,4,117,272,2,274,391
04/12/2016,SCK,CA,AWP,WE,Towers with Radar,1,2,41,11,55,0,5,49,7,61,1,7,90,18,116,84,0,84,200
04/13/2016,SCK,CA,AWP,WE,Towers with Radar,3,1,39,5,48,0,5,95,3,103,3,6,134,8,151,236,0,236,387
04/14/2016,SCK,CA,AWP,WE,Towers with Radar,9,2,43,1,55,0,13,64,4,81,9,15,107,5,136,84,0,84,220
04/15/2016,SCK,CA,AWP,WE,Towers with Radar,5,2,31,0,38,0,7,57,4,68,5,9,88,4,106,4,0,4,110
04/16/2016,SCK,CA,AWP,WE,Towers with Radar,1,0,38,0,39,0,8,67,15,90,1,8,105,15,129,86,2,88,217
04/17/2016,SCK,CA,AWP,WE,Towers with Radar,9,0,17,0,26,0,7,58,7,72,9,7,75,7,98,14,0,14,112
04/18/2016,SCK,CA,AWP,WE,Towers with Radar,6,1,36,0,43,0,2,81,0,83,6,3,117,0,126,170,0,170,296
04/19/2016,SCK,CA,AWP,WE,Towers with Radar,1,1,30,0,32,0,4,104,6,114,1,5,134,6,146,134,0,134,280
04/20/2016,SCK,CA,AWP,WE,Towers with Radar,3,1,45,3,52,0,0,92,4,96,3,1,137,7,148,130,0,130,278
04/21/2016,SCK,CA,AWP,WE,Towers with Radar,9,1,18,5,33,0,5,63,5,73,9,6,81,10,106,88,2,90,196
04/22/2016,SCK,CA,AWP,WE,Towers with Radar,7,2,23,0,32,0,1,1,0,2,7,3,24,0,34,0,0,0,34
04/23/2016,SCK,CA,AWP,WE,Towers with Radar,1,0,46,0,47,0,4,67,0,71,1,4,113,0,118,18,0,18,136
04/24/2016,SCK,CA,AWP,WE,Towers with Radar,8,5,30,0,43,0,6,59,0,65,8,11,89,0,108,6,0,6,114
04/25/2016,SCK,CA,AWP,WE,Towers with Radar,5,3,26,4,38,0,2,29,8,39,5,5,55,12,77,24,12,36,113
04/26/2016,SCK,CA,AWP,WE,Towers with Radar,1,3,55,2,61,0,7,110,7,124,1,10,165,9,185,140,6,146,331
04/27/2016,SCK,CA,AWP,WE,Towers with Radar,3,2,23,1,29,0,6,28,1,35,3,8,51,2,64,60,0,60,124
04/28/2016,SCK,CA,AWP,WE,Towers with Radar,7,2,27,1,37,0,11,95,7,113,7,13,122,8,150,180,6,186,336
04/29/2016,SCK,CA,AWP,WE,Towers with Radar,5,0,20,4,29,0,0,81,4,85,5,0,101,8,114,106,0,106,220
04/30/2016,SCK,CA,AWP,WE,Towers with Radar,1,2,16,0,19,0,5,37,0,42,1,7,53,0,61,32,0,32,93
05/01/2016,SCK,CA,AWP,WE,Towers with Radar,9,3,20,0,32,0,3,62,0,65,9,6,82,0,97,50,0,50,147
05/02/2016,SCK,CA,AWP,WE,Towers with Radar,5,1,28,4,38,0,1,90,5,96,5,2,118,9,134,220,0,220,354
05/03/2016,SCK,CA,AWP,WE,Towers with Radar,1,0,45,0,46,0,4,79,1,84,1,4,124,1,130,218,0,218,348
05/04/2016,SCK,CA,AWP,WE,Towers with Radar,3,6,37,2,48,0,3,85,7,95,3,9,122,9,143,212,4,216,359
05/05/2016,SCK,CA,AWP,WE,Towers with Radar,9,0,32,4,45,0,2,35,2,39,9,2,67,6,84,166,0,166,250
05/06/2016,SCK,CA,AWP,WE,Towers with Radar,3,0,43,6,52,0,2,3,1,6,3,2,46,7,58,26,0,26,84
05/07/2016,SCK,CA,AWP,WE,Towers with Radar,1,0,45,0,46,0,1,13,0,14,1,1,58,0,60,0,0,0,60
05/08/2016,SCK,CA,AWP,WE,Towers with Radar,8,2,21,1,32,0,0,17,0,17,8,2,38,1,49,0,0,0,49
05/09/2016,SCK,CA,AWP,WE,Towers with Radar,5,1,40,3,49,0,2,72,5,79,5,3,112,8,128,116,4,120,248
05/10/2016,SCK,CA,AWP,WE,Towers with Radar,1,1,42,0,44,0,4,85,4,93,1,5,127,4,137,178,0,178,315
05/11/2016,SCK,CA,AWP,WE,Towers with Radar,3,12,36,1,52,0,4,105,4,113,3,16,141,5,165,246,0,246,411
05/12/2016,SCK,CA,AWP,WE,Towers with Radar,9,2,24,3,38,0,8,85,1,94,9,10,109,4,132,178,2,180,312
05/13/2016,SCK,CA,AWP,WE,Towers with Radar,5,0,36,6,47,0,3,86,2,91,5,3,122,8,138,234,26,260,398
05/14/2016,SCK,CA,AWP,WE,Towers with Radar,1,4,11,2,18,0,3,41,7,51,1,7,52,9,69,28,0,28,97
05/15/2016,SCK,CA,AWP,WE,Towers with Radar,9,0,22,4,35,0,7,58,1,66,9,7,80,5,101,38,0,38,139
05/16/2016,SCK,CA,AWP,WE,Towers with Radar,5,2,24,0,31,0,0,63,2,65,5,2,87,2,96,142,6,148,244
05/17/2016,SCK,CA,AWP,WE,Towers with Radar,1,0,30,0,31,0,2,81,3,86,1,2,111,3,117,148,6,154,271
05/18/2016,SCK,CA,AWP,WE,Towers with Radar,3,2,33,3,41,0,5,116,9,130,3,7,149,12,171,144,2,146,317
05/19/2016,SCK,CA,AWP,WE,Towers with Radar,7,1,22,0,30,0,2,92,4,98,7,3,114,4,128,114,0,114,242
05/20/2016,SCK,CA,AWP,WE,Towers with Radar,4,2,28,0,34,0,4,63,0,67,4,6,91,0,101,8,0,8,109
05/21/2016,SCK,CA,AWP,WE,Towers with Radar,3,0,25,1,29,0,1,25,4,30,3,1,50,5,59,50,0,50,109
05/22/2016,SCK,CA,AWP,WE,Towers with Radar,9,2,41,1,53,0,1,52,2,55,9,3,93,3,108,18,0,18,126
05/23/2016,SCK,CA,AWP,WE,Towers with Radar,5,5,43,2,55,0,5,93,3,101,5,10,136,5,156,110,0,110,266
05/24/2016,SCK,CA,AWP,WE,Towers with Radar,1,1,36,4,42,0,4,56,0,60,1,5,92,4,102,142,8,150,252
05/25/2016,SCK,CA,AWP,WE,Towers with Radar,3,4,20,3,30,0,4,63,3,70,3,8,83,6,100,112,0,112,212
05/26/2016,SCK,CA,AWP,WE,Towers with Radar,7,1,22,4,34,0,0,96,2,98,7,1,118,6,132,206,0,206,338
05/27/2016,SCK,CA,AWP,WE,Towers with Radar,6,2,40,2,50,0,0,83,6,89,6,2,123,8,139,176,2,178,317
05/28/2016,SCK,CA,AWP,WE,Towers with Radar,3,0,17,2,22,0,6,70,1,77,3,6,87,3,99,78,0,78,177
05/29/2016,SCK,CA,AWP,WE,Towers with Radar,8,0,11,0,19,0,7,47,4,58,8,7,58,4,77,64,0,64,141
05/30/2016,SCK,CA,AWP,WE,Towers with Radar,7,2,18,0,27,0,5,64,2,71,7,7,82,2,98,124,0,124,222
05/31/2016,SCK,CA,AWP,WE,Towers with Radar,1,0,14,0,15,0,1,99,8,108,1,1,113,8,123,150,8,158,281
06/01/2016,SCK,CA,AWP,WE,Towers with Radar,3,0,27,4,34,0,2,95,3,100,3,2,122,7,134,234,0,234,368
06/02/2016,SCK,CA,AWP,WE,Towers with Radar,7,5,29,1,42,0,2,95,14,111,7,7,124,15,153,140,8,148,301
06/03/2016,SCK,CA,AWP,WE,Towers with Radar,5,2,34,2,43,0,4,94,5,103,5,6,128,7,146,208,8,216,362
06/04/2016,SCK,CA,AWP,WE,Towers with Radar,3,1,33,2,39,0,6,78,1,85,3,7,111,3,124,136,0,136,260
06/05/2016,SCK,CA,AWP,WE,Towers with Radar,9,0,19,0,28,0,0,44,0,44,9,0,63,0,72,44,0,44,116
06/06/2016,SCK,CA,AWP,WE,Towers with Radar,3,2,23,1,29,0,3,74,1,78,3,5,97,2,107,246,0,246,353
06/07/2016,SCK,CA,AWP,WE,Towers with Radar,4,2,33,0,39,0,4,73,4,81,4,6,106,4,120,214,1,215,335
06/08/2016,SCK,CA,AWP,WE,Towers with Radar,3,1,30,0,34,0,6,100,4,110,3,7,130,4,144,202,2,204,348
06/09/2016,SCK,CA,AWP,WE,Towers with Radar,7,0,33,0,40,0,2,79,6,87,7,2,112,6,127,314,12,326,453
06/10/2016,SCK,CA,AWP,WE,Towers with Radar,5,2,26,0,33,0,1,61,2,64,5,3,87,2,97,86,20,106,203
06/11/2016,SCK,CA,AWP,WE,Towers with Radar,3,1,29,0,33,0,1,69,0,70,3,2,98,0,103,130,0,130,233
06/12/2016,SCK,CA,AWP,WE,Towers with Radar,11,1,27,0,39,0,6,68,0,74,11,7,95,0,113,100,0,100,213
06/13/2016,SCK,CA,AWP,WE,Towers with Radar,5,2,28,2,37,0,1,76,2,79,5,3,104,4,116,42,18,60,176
06/14/2016,SCK,CA,AWP,WE,Towers with Radar,3,0,27,1,31,0,6,106,1,113,3,6,133,2,144,150,16,166,310
06/15/2016,SCK,CA,AWP,WE,Towers with Radar,3,0,25,1,29,0,0,74,6,80,3,0,99,7,109,40,0,40,149
06/16/2016,SCK,CA,AWP,WE,Towers with Radar,8,0,39,2,49,0,0,92,6,98,8,0,131,8,147,270,32,302,449
06/17/2016,SCK,CA,AWP,WE,Towers with Radar,7,3,22,1,33,0,4,64,3,71,7,7,86,4,104,270,0,270,374
06/18/2016,SCK,CA,AWP,WE,Towers with Radar,3,0,14,0,17,0,3,67,1,71,3,3,81,1,88,152,0,152,240
06/19/2016,SCK,CA,AWP,WE,Towers with Radar,9,0,15,0,24,0,3,45,3,51,9,3,60,3,75,90,0,90,165
06/20/2016,SCK,CA,AWP,WE,Towers with Radar,3,7,21,1,32,0,4,65,2,71,3,11,86,3,103,92,0,92,195
06/21/2016,SCK,CA,AWP,WE,Towers with Radar,3,0,30,1,34,0,0,83,4,87,3,0,113,5,121,176,0,176,297
06/22/2016,SCK,CA,AWP,WE,Towers with Radar,3,0,32,3,38,0,1,80,2,83,3,1,112,5,121,150,0,150,271
06/23/2016,SCK,CA,AWP,WE,Towers with Radar,8,1,32,0,41,0,7,59,2,68,8,8,91,2,109,174,0,174,283
06/24/2016,SCK,CA,AWP,WE,Towers with Radar,5,4,26,0,35,0,1,93,3,97,5,5,119,3,132,70,0,70,202
06/25/2016,SCK,CA,AWP,WE,Towers with Radar,3,2,13,0,18,0,2,57,0,59,3,4,70,0,77,66,0,66,143
06/26/2016,SCK,CA,AWP,WE,Towers with Radar,11,2,31,2,46,0,1,35,0,36,11,3,66,2,82,0,0,0,82
06/27/2016,SCK,CA,AWP,WE,Towers with Radar,2,0,35,8,45,0,11,65,1,77,2,11,100,9,122,92,0,92,214
06/28/2016,SCK,CA,AWP,WE,Towers with Radar,5,2,41,0,48,1,4,86,2,93,6,6,127,2,141,104,0,104,245
06/29/2016,SCK,CA,AWP,WE,Towers with Radar,3,5,71,0,79,0,1,93,3,97,3,6,164,3,176,164,0,164,340
06/30/2016,SCK,CA,AWP,WE,Towers with Radar,7,1,32,0,40,0,3,68,1,72,7,4,100,1,112,144,0,144,256
07/01/2016,SCK,CA,AWP,WE,Towers with Radar,5,1,38,1,45,0,5,71,3,79,5,6,109,4,124,92,0,92,216
07/02/2016,SCK,CA,AWP,WE,Towers with Radar,3,0,18,0,21,0,4,65,0,69,3,4,83,0,90,22,0,22,112
07/03/2016,SCK,CA,AWP,WE,Towers with Radar,9,0,21,0,30,0,6,49,0,55,9,6,70,0,85,0,0,0,85
07/04/2016,SCK,CA,AWP,WE,Towers with Radar,5,0,7,1,13,0,3,34,0,37,5,3,41,1,50,60,0,60,110
07/05/2016,SCK,CA,AWP,WE,Towers with Radar,3,0,28,1,32,0,1,61,1,63,3,1,89,2,95,230,0,230,325
07/06/2016,SCK,CA,AWP,WE,Towers with Radar,3,0,39,2,44,0,4,84,6,94,3,4,123,8,138,112,0,112,250
07/07/2016,SCK,CA,AWP,WE,Towers with Radar,8,0,38,3,49,0,1,61,2,64,8,1,99,5,113,190,0,190,303
07/08/2016,SCK,CA,AWP,WE,Towers with Radar,5,0,29,0,34,0,1,76,1,78,5,1,105,1,112,100,0,100,212
07/09/2016,SCK,CA,AWP,WE,Towers with Radar,3,0,15,0,18,0,2,52,0,54,3,2,67,0,72,56,0,56,128
07/10/2016,SCK,CA,AWP,WE,Towers with Radar,9,0,19,0,28,0,2,37,0,39,9,2,56,0,67,4,0,4,71
07/11/2016,SCK,CA,AWP,WE,Towers with Radar,5,0,4,3,12,0,4,61,3,68,5,4,65,6,80,176,2,178,258
07/12/2016,SCK,CA,AWP,WE,Towers with Radar,3,0,24,0,27,0,3,87,4,94,3,3,111,4,121,192,0,192,313
07/13/2016,SCK,CA,AWP,WE,Towers with Radar,3,3,33,1,40,0,1,84,5,90,3,4,117,6,130,192,12,204,334
07/14/2016,SCK,CA,AWP,WE,Towers with Radar,8,2,36,4,50,0,1,92,5,98,8,3,128,9,148,176,2,178,326
07/15/2016,SCK,CA,AWP,WE,Towers with Radar,4,1,18,4,27,0,2,77,0,79,4,3,95,4,106,136,0,136,242
07/16/2016,SCK,CA,AWP,WE,Towers with Radar,3,0,17,0,20,0,6,56,0,62,3,6,73,0,82,202,0,202,284
07/17/2016,SCK,CA,AWP,WE,Towers with Radar,8,0,21,0,29,0,5,38,1,44,8,5,59,1,73,28,0,28,101
07/18/2016,SCK,CA,AWP,WE,Towers with Radar,4,1,14,3,22,1,10,78,3,92,5,11,92,6,114,174,10,184,298
07/19/2016,SCK,CA,AWP,WE,Towers with Radar,6,2,23,5,36,0,0,79,1,80,6,2,102,6,116,220,0,220,336
07/20/2016,SCK,CA,AWP,WE,Towers with Radar,4,0,51,2,57,0,2,91,1,94,4,2,142,3,151,184,2,186,337
07/21/2016,SCK,CA,AWP,WE,Towers with Radar,9,3,33,9,54,0,4,89,0,93,9,7,122,9,147,206,0,206,353
07/22/2016,SCK,CA,AWP,WE,Towers with Radar,4,1,29,1,35,0,9,111,11,131,4,10,140,12,166,208,0,208,374
07/23/2016,SCK,CA,AWP,WE,Towers with Radar,4,0,23,1,28,0,2,84,1,87,4,2,107,2,115,138,0,138,253
07/24/2016,SCK,CA,AWP,WE,Towers with Radar,10,1,20,0,31,0,8,40,2,50,10,9,60,2,81,20,0,20,101
07/25/2016,SCK,CA,AWP,WE,Towers with Radar,6,3,42,5,56,0,1,105,3,109,6,4,147,8,165,124,0,124,289
07/26/2016,SCK,CA,AWP,WE,Towers with Radar,4,2,28,8,42,0,1,95,14,110,4,3,123,22,152,224,14,238,390
07/27/2016,SCK,CA,AWP,WE,Towers with Radar,5,1,41,2,49,0,0,83,4,87,5,1,124,6,136,128,0,128,264
07/28/2016,SCK,CA,AWP,WE,Towers with Radar,10,7,49,1,67,0,3,94,1,98,10,10,143,2,165,128,0,128,293
07/29/2016,SCK,CA,AWP,WE,Towers with Radar,6,0,31,0,37,0,2,95,8,105,6,2,126,8,142,110,0,110,252
07/30/2016,SCK,CA,AWP,WE,Towers with Radar,4,0,19,1,24,0,1,53,0,54,4,1,72,1,78,80,0,80,158
07/31/2016,SCK,CA,AWP,WE,Towers with Radar,10,0,21,0,31,0,5,44,0,49,10,5,65,0,80,2,0,2,82
08/01/2016,SCK,CA,AWP,WE,Towers with Radar,6,0,10,0,16,0,1,68,2,71,6,1,78,2,87,186,0,186,273
08/02/2016,SCK,CA,AWP,WE,Towers with Radar,4,3,34,2,43,0,6,101,5,112,4,9,135,7,155,126,0,126,281
08/03/2016,SCK,CA,AWP,WE,Towers with Radar,4,1,30,1,36,0,3,80,5,88,4,4,110,6,124,88,0,88,212
08/04/2016,SCK,CA,AWP,WE,Towers with Radar,10,0,32,4,46,0,2,74,7,83,10,2,106,11,129,208,6,214,343
08/05/2016,SCK,CA,AWP,WE,Towers with Radar,6,0,30,1,37,0,6,79,1,86,6,6,109,2,123,172,0,172,295
08/06/2016,SCK,CA,AWP,WE,Towers with Radar,4,0,14,1,19,0,2,66,15,83,4,2,80,16,102,178,0,178,280
08/07/2016,SCK,CA,AWP,WE,Towers with Radar,9,0,32,0,41,0,3,44,1,48,9,3,76,1,89,68,0,68,157
08/08/2016,SCK,CA,AWP,WE,Towers with Radar,6,0,26,0,32,0,0,66,2,68,6,0,92,2,100,108,0,108,208
08/09/2016,SCK,CA,AWP,WE,Towers with Radar,4,0,52,1,57,0,6,84,2,92,4,6,136,3,149,274,0,274,423
08/10/2016,SCK,CA,AWP,WE,Towers with Radar,4,2,39,1,46,0,3,91,6,100,4,5,130,7,146,244,4,248,394
08/11/2016,SCK,CA,AWP,WE,Towers with Radar,9,3,53,1,66,0,7,49,10,66,9,10,102,11,132,184,0,184,316
08/12/2016,SCK,CA,AWP,WE,Towers with Radar,6,0,26,1,33,0,4,70,4,78,6,4,96,5,111,242,0,242,353
08/13/2016,SCK,CA,AWP,WE,Towers with Radar,4,1,12,0,17,0,0,35,0,35,4,1,47,0,52,236,0,236,288
08/14/2016,SCK,CA,AWP,WE,Towers with Radar,10,2,21,0,33,0,9,37,3,49,10,11,58,3,82,38,0,38,120
08/15/2016,SCK,CA,AWP,WE,Towers with Radar,5,0,37,0,42,0,4,60,5,69,5,4,97,5,111,332,6,338,449
08/16/2016,SCK,CA,AWP,WE,Towers with Radar,4,2,36,3,45,1,7,57,10,75,5,9,93,13,120,332,6,338,458
08/17/2016,SCK,CA,AWP,WE,Towers with Radar,4,4,39,2,49,0,2,100,0,102,4,6,139,2,151,246,2,248,399
08/18/2016,SCK,CA,AWP,WE,Towers with Radar,8,2,46,2,58,0,4,88,3,95,8,6,134,5,153,228,2,230,383
08/19/2016,SCK,CA,AWP,WE,Towers with Radar,6,1,34,0,41,0,5,82,4,91,6,6,116,4,132,246,6,252,384
08/20/2016,SCK,CA,AWP,WE,Towers with Radar,5,1,29,1,36,0,5,71,0,76,5,6,100,1,112,150,0,150,262
08/21/2016,SCK,CA,AWP,WE,Towers with Radar,9,4,22,0,35,0,4,39,2,45,9,8,61,2,80,18,0,18,98
08/22/2016,SCK,CA,AWP,WE,Towers with Radar,9,1,28,1,39,0,5,66,0,71,9,6,94,1,110,154,0,154,264
08/23/2016,SCK,CA,AWP,WE,Towers with Radar,4,8,35,8,55,1,10,95,6,112,5,18,130,14,167,240,8,248,415
08/24/2016,SCK,CA,AWP,WE,Towers with Radar,6,0,25,6,37,0,2,81,2,85,6,2,106,8,122,204,8,212,334
08/25/2016,SCK,CA,AWP,WE,Towers with Radar,9,3,26,0,38,0,1,84,7,92,9,4,110,7,130,228,4,232,362
08/26/2016,SCK,CA,AWP,WE,Towers with Radar,7,4,32,3,46,0,7,90,4,101,7,11,122,7,147,78,10,88,235
08/27/2016,SCK,CA,AWP,WE,Towers with Radar,5,2,19,0,26,0,5,71,0,76,5,7,90,0,102,188,0,188,290
08/28/2016,SCK,CA,AWP,WE,Towers with Radar,11,0,18,0,29,0,2,52,9,63,11,2,70,9,92,28,0,28,120
08/29/2016,SCK,CA,AWP,WE,Towers with Radar,7,3,20,0,30,0,2,60,4,66,7,5,80,4,96,106,0,106,202
08/30/2016,SCK,CA,AWP,WE,Towers with Radar,3,3,29,3,38,0,2,83,6,91,3,5,112,9,129,146,0,146,275
08/31/2016,SCK,CA,AWP,WE,Towers with Radar,5,0,36,10,51,0,1,96,9,106,5,1,132,19,157,144,0,144,301
09/01/2016,SCK,CA,AWP,WE,Towers with Radar,11,0,39,11,61,0,3,63,4,70,11,3,102,15,131,258,0,258,389
09/02/2016,SCK,CA,AWP,WE,Towers with Radar,7,2,16,0,25,0,9,69,1,79,7,11,85,1,104,66,0,66,170
09/03/2016,SCK,CA,AWP,WE,Towers with Radar,5,0,11,0,16,0,2,52,0,54,5,2,63,0,70,66,0,66,136
09/04/2016,SCK,CA,AWP,WE,Towers with Radar,11,1,13,2,27,1,3,36,0,40,12,4,49,2,67,26,0,26,93
09/05/2016,SCK,CA,AWP,WE,Towers with Radar,7,0,21,0,28,0,0,54,0,54,7,0,75,0,82,114,0,114,196
09/06/2016,SCK,CA,AWP,WE,Towers with Radar,7,1,23,1,32,0,1,79,4,84,7,2,102,5,116,136,14,150,266
09/07/2016,SCK,CA,AWP,WE,Towers with Radar,5,0,22,14,41,0,5,90,11,106,5,5,112,25,147,186,24,210,357
09/08/2016,SCK,CA,AWP,WE,Towers with Radar,9,3,34,4,50,0,3,88,1,92,9,6,122,5,142,116,4,120,262
09/09/2016,SCK,CA,AWP,WE,Towers with Radar,7,3,45,3,58,0,0,71,3,74,7,3,116,6,132,126,0,126,258
09/10/2016,SCK,CA,AWP,WE,Towers with Radar,5,0,26,0,31,0,4,60,13,77,5,4,86,13,108,130,0,130,238
09/11/2016,SCK,CA,AWP,WE,Towers with Radar,11,2,8,3,24,0,4,59,8,71,11,6,67,11,95,36,2,38,133
09/12/2016,SCK,CA,AWP,WE,Towers with Radar,7,3,30,2,42,0,5,49,3,57,7,8,79,5,99,180,0,180,279
09/13/2016,SCK,CA,AWP,WE,Towers with Radar,2,6,18,4,30,1,2,67,6,76,3,8,85,10,106,174,24,198,304
09/14/2016,SCK,CA,AWP,WE,Towers with Radar,5,6,24,1,36,0,4,99,6,109,5,10,123,7,145,230,22,252,397
09/15/2016,SCK,CA,AWP,WE,Towers with Radar,9,1,25,1,36,0,2,95,7,104,9,3,120,8,140,80,0,80,220
09/16/2016,SCK,CA,AWP,WE,Towers with Radar,7,0,32,3,42,0,0,66,3,69,7,0,98,6,111,130,0,130,241
09/17/2016,SCK,CA,AWP,WE,Towers with Radar,5,1,27,0,33,0,5,56,0,61,5,6,83,0,94,140,0,140,234
09/18/2016,SCK,CA,AWP,WE,Towers with Radar,11,2,25,1,39,0,2,45,1,48,11,4,70,2,87,6,0,6,93
09/19/2016,SCK,CA,AWP,WE,Towers with Radar,7,4,11,0,22,1,1,74,0,76,8,5,85,0,98,120,0,120,218
09/20/2016,SCK,CA,AWP,WE,Towers with Radar,7,0,26,12,45,0,1,81,8,90,7,1,107,20,135,126,14,140,275
09/21/2016,SCK,CA,AWP,WE,Towers with Radar,5,0,33,1,39,0,0,50,5,55,5,0,83,6,94,54,2,56,150
09/22/2016,SCK,CA,AWP,WE,Towers with Radar,8,2,22,2,34,0,2,87,2,91,8,4,109,4,125,158,0,158,283
09/23/2016,SCK,CA,AWP,WE,Towers with Radar,7,2,17,4,30,0,0,66,2,68,7,2,83,6,98,178,0,178,276
09/24/2016,SCK,CA,AWP,WE,Towers with Radar,5,1,36,0,42,0,2,69,0,71,5,3,105,0,113,134,0,134,247
09/25/2016,SCK,CA,AWP,WE,Towers with Radar,11,1,26,1,39,0,2,40,1,43,11,3,66,2,82,18,0,18,100
09/26/2016,SCK,CA,AWP,WE,Towers with Radar,7,1,27,0,35,0,1,71,4,76,7,2,98,4,111,146,0,146,257
09/27/2016,SCK,CA,AWP,WE,Towers with Radar,7,0,41,3,51,0,0,106,6,112,7,0,147,9,163,114,2,116,279
09/28/2016,SCK,CA,AWP,WE,Towers with Radar,5,3,46,0,54,0,10,119,4,133,5,13,165,4,187,142,0,142,329
09/29/2016,SCK,CA,AWP,WE,Towers with Radar,11,1,31,2,45,0,0,78,6,84,11,1,109,8,129,142,0,142,271
09/30/2016,SCK,CA,AWP,WE,Towers with Radar,7,5,40,0,52,0,3,91,2,96,7,8,131,2,148,114,0,114,262
10/01/2016,SCK,CA,AWP,WE,Towers with Radar,6,2,15,0,23,0,5,80,0,85,6,7,95,0,108,100,0,100,208
10/02/2016,SCK,CA,AWP,WE,Towers with Radar,12,5,31,0,48,0,1,32,0,33,12,6,63,0,81,16,0,16,97
10/03/2016,SCK,CA,AWP,WE,Towers with Radar,8,8,24,0,40,0,3,65,1,69,8,11,89,1,109,76,4,80,189
10/04/2016,SCK,CA,AWP,WE,Towers with Radar,6,3,26,0,35,0,3,87,2,92,6,6,113,2,127,130,0,130,257
10/05/2016,SCK,CA,AWP,WE,Towers with Radar,6,3,18,1,28,0,3,84,5,92,6,6,102,6,120,128,4,132,252
10/06/2016,SCK,CA,AWP,WE,Towers with Radar,10,3,36,1,50,0,4,81,6,91,10,7,117,7,141,118,2,120,261
10/07/2016,SCK,CA,AWP,WE,Towers with Radar,9,8,30,2,49,0,2,105,1,108,9,10,135,3,157,92,0,92,249
10/08/2016,SCK,CA,AWP,WE,Towers with Radar,6,3,19,0,28,0,11,62,0,73,6,14,81,0,101,98,0,98,199
10/09/2016,SCK,CA,AWP,WE,Towers with Radar,12,2,16,0,30,0,4,68,0,72,12,6,84,0,102,20,0,20,122
10/10/2016,SCK,CA,AWP,WE,Towers with Radar,8,0,25,0,33,0,2,69,0,71,8,2,94,0,104,154,0,154,258
10/11/2016,SCK,CA,AWP,WE,Towers with Radar,6,2,31,4,43,0,0,65,1,66,6,2,96,5,109,122,0,122,231
10/12/2016,SCK,CA,AWP,WE,Towers with Radar,6,0,18,2,26,0,0,69,4,73,6,0,87,6,99,114,0,114,213
10/13/2016,SCK,CA,AWP,WE,Towers with Radar,10,0,44,3,57,0,4,91,0,95,10,4,135,3,152,72,0,72,224
10/14/2016,SCK,CA,AWP,WE,Towers with Radar,8,0,23,2,33,0,0,18,2,20,8,0,41,4,53,40,0,40,93
10/15/2016,SCK,CA,AWP,WE,Towers with Radar,8,2,30,0,40,0,0,7,4,11,8,2,37,4,51,12,0,12,63
10/16/2016,SCK,CA,AWP,WE,Towers with Radar,11,1,8,0,20,0,1,2,0,3,11,2,10,0,23,0,0,0,23
10/17/2016,SCK,CA,AWP,WE,Towers with Radar,10,3,30,0,43,0,7,66,0,73,10,10,96,0,116,140,0,140,256
10/18/2016,SCK,CA,AWP,WE,Towers with Radar,4,4,34,5,47,0,9,76,3,88,4,13,110,8,135,118,8,126,261
10/19/2016,SCK,CA,AWP,WE,Towers with Radar,6,2,33,2,43,0,9,96,7,112,6,11,129,9,155,164,0,164,319
10/20/2016,SCK,CA,AWP,WE,Towers with Radar,10,0,37,4,51,0,5,99,8,112,10,5,136,12,163,242,0,242,405
10/21/2016,SCK,CA,AWP,WE,Towers with Radar,8,6,30,3,47,0,9,114,3,126,8,15,144,6,173,160,0,160,333
10/22/2016,SCK,CA,AWP,WE,Towers with Radar,6,1,29,0,36,0,12,79,0,91,6,13,108,0,127,82,0,82,209
10/23/2016,SCK,CA,AWP,WE,Towers with Radar,12,3,24,0,39,0,4,63,2,69,12,7,87,2,108,26,0,26,134
10/24/2016,SCK,CA,AWP,WE,Towers with Radar,8,4,19,2,33,0,4,54,0,58,8,8,73,2,91,170,1,171,262
10/25/2016,SCK,CA,AWP,WE,Towers with Radar,4,5,18,4,31,0,4,57,4,65,4,9,75,8,96,152,4,156,252
10/26/2016,SCK,CA,AWP,WE,Towers with Radar,6,4,21,0,31,0,3,108,9,120,6,7,129,9,151,158,0,158,309
10/27/2016,SCK,CA,AWP,WE,Towers with Radar,10,2,31,3,46,0,0,30,1,31,10,2,61,4,77,40,40,80,157
10/28/2016,SCK,CA,AWP,WE,Towers with Radar,8,5,31,0,44,0,4,5,0,9,8,9,36,0,53,0,0,0,53
10/29/2016,SCK,CA,AWP,WE,Towers with Radar,6,0,28,0,34,0,2,38,0,40,6,2,66,0,74,134,0,134,208
10/30/2016,SCK,CA,AWP,WE,Towers with Radar,14,2,18,0,34,0,2,9,0,11,14,4,27,0,45,26,0,26,71
10/31/2016,SCK,CA,AWP,WE,Towers with Radar,8,2,20,0,30,0,3,63,1,67,8,5,83,1,97,114,0,114,211
11/01/2016,SCK,CA,AWP,WE,Towers with Radar,4,2,24,2,32,0,0,72,1,73,4,2,96,3,105,230,2,232,337
11/02/2016,SCK,CA,AWP,WE,Towers with Radar,6,2,27,1,36,0,3,86,7,96,6,5,113,8,132,174,14,188,320
11/03/2016,SCK,CA,AWP,WE,Towers with Radar,10,2,35,2,49,0,5,106,4,115,10,7,141,6,164,228,0,228,392
11/04/2016,SCK,CA,AWP,WE,Towers with Radar,8,2,50,2,62,0,3,95,3,101,8,5,145,5,163,50,0,50,213
11/05/2016,SCK,CA,AWP,WE,Towers with Radar,6,0,35,0,41,0,3,57,8,68,6,3,92,8,109,160,8,168,277
11/06/2016,SCK,CA,AWP,WE,Towers with Radar,12,0,32,0,44,0,4,44,1,49,12,4,76,1,93,52,0,52,145
11/07/2016,SCK,CA,AWP,WE,Towers with Radar,8,0,29,1,38,0,1,64,1,66,8,1,93,2,104,58,0,58,162
11/08/2016,SCK,CA,AWP,WE,Towers with Radar,4,2,42,7,55,0,1,88,7,96,4,3,130,14,151,226,20,246,397
11/09/2016,SCK,CA,AWP,WE,Towers with Radar,6,0,29,1,36,0,1,70,7,78,6,1,99,8,114,218,0,218,332
11/10/2016,SCK,CA,AWP,WE,Towers with Radar,10,3,36,0,49,0,5,58,0,63,10,8,94,0,112,162,0,162,274
11/11/2016,SCK,CA,AWP,WE,Towers with Radar,9,1,26,0,36,0,0,26,0,26,9,1,52,0,62,124,0,124,186
11/12/2016,SCK,CA,AWP,WE,Towers with Radar,6,0,17,0,23,0,2,57,0,59,6,2,74,0,82,62,0,62,144
11/13/2016,SCK,CA,AWP,WE,Towers with Radar,12,0,39,0,51,0,0,37,0,37,12,0,76,0,88,18,0,18,106
11/14/2016,SCK,CA,AWP,WE,Towers with Radar,9,2,31,3,45,0,0,76,1,77,9,2,107,4,122,250,0,250,372
11/15/2016,SCK,CA,AWP,WE,Towers with Radar,4,6,40,3,53,0,2,46,3,51,4,8,86,6,104,210,18,228,332
11/16/2016,SCK,CA,AWP,WE,Towers with Radar,6,2,33,3,44,0,1,79,4,84,6,3,112,7,128,66,0,66,194
11/17/2016,SCK,CA,AWP,WE,Towers with Radar,10,4,31,2,47,0,3,75,9,87,10,7,106,11,134,140,16,156,290
11/18/2016,SCK,CA,AWP,WE,Towers with Radar,8,2,23,3,36,0,3,57,3,63,8,5,80,6,99,88,2,90,189
11/19/2016,SCK,CA,AWP,WE,Towers with Radar,4,2,8,0,14,0,0,4,0,4,4,2,12,0,18,2,0,2,20
11/20/2016,SCK,CA,AWP,WE,Towers with Radar,12,2,13,0,27,0,2,0,0,2,12,4,13,0,29,0,0,0,29
11/21/2016,SCK,CA,AWP,WE,Towers with Radar,6,4,50,3,63,0,2,44,8,54,6,6,94,11,117,176,2,178,295
11/22/2016,SCK,CA,AWP,WE,Towers with Radar,8,0,31,1,40,0,4,64,6,74,8,4,95,7,114,144,2,146,260
11/23/2016,SCK,CA,AWP,WE,Towers with Radar,2,0,20,0,22,0,3,81,3,87,2,3,101,3,109,80,0,80,189
11/24/2016,SCK,CA,AWP,WE,Towers with Radar,5,0,12,0,17,0,0,17,0,17,5,0,29,0,34,90,0,90,124
11/25/2016,SCK,CA,AWP,WE,Towers with Radar,5,3,25,0,33,0,2,32,1,35,5,5,57,1,68,112,0,112,180
11/26/2016,SCK,CA,AWP,WE,Towers with Radar,7,0,12,0,19,0,0,3,0,3,7,0,15,0,22,0,0,0,22
11/27/2016,SCK,CA,AWP,WE,Towers with Radar,6,3,7,0,16,0,3,38,0,41,6,6,45,0,57,54,0,54,111
11/28/2016,SCK,CA,AWP,WE,Towers with Radar,7,8,17,2,34,0,4,12,0,16,7,12,29,2,50,90,0,90,140
11/29/2016,SCK,CA,AWP,WE,Towers with Radar,2,1,22,0,25,0,2,83,0,85,2,3,105,0,110,130,0,130,240
11/30/2016,SCK,CA,AWP,WE,Towers with Radar,1,2,39,0,42,0,1,38,5,44,1,3,77,5,86,144,0,144,230
12/01/2016,SCK,CA,AWP,WE,Towers with Radar,7,7,25,3,42,0,4,86,5,95,7,11,111,8,137,150,2,152,289
12/02/2016,SCK,CA,AWP,WE,Towers with Radar,3,2,22,0,27,0,0,65,0,65,3,2,87,0,92,120,0,120,212
12/03/2016,SCK,CA,AWP,WE,Towers with Radar,1,1,27,0,29,0,3,78,7,88,1,4,105,7,117,100,6,106,223
12/04/2016,SCK,CA,AWP,WE,Towers with Radar,9,0,29,0,38,0,2,60,0,62,9,2,89,0,100,54,0,54,154
12/05/2016,SCK,CA,AWP,WE,Towers with Radar,3,1,41,0,45,0,6,11,1,18,3,7,52,1,63,60,0,60,123
12/06/2016,SCK,CA,AWP,WE,Towers with Radar,1,1,22,0,24,0,0,75,2,77,1,1,97,2,101,136,6,142,243
12/07/2016,SCK,CA,AWP,WE,Towers with Radar,1,1,30,3,35,0,0,58,4,62,1,1,88,7,97,149,2,151,248
12/08/2016,SCK,CA,AWP,WE,Towers with Radar,7,5,38,2,52,0,0,3,0,3,7,5,41,2,55,16,0,16,71
12/09/2016,SCK,CA,AWP,WE,Towers with Radar,6,2,37,3,48,0,3,24,3,30,6,5,61,6,78,104,2,106,184
12/10/2016,SCK,CA,AWP,WE,Towers with Radar,1,3,19,0,23,0,1,5,0,6,1,4,24,0,29,14,0,14,43
12/11/2016,SCK,CA,AWP,WE,Towers with Radar,10,1,26,0,37,0,4,43,0,47,10,5,69,0,84,30,0,30,114
12/12/2016,SCK,CA,AWP,WE,Towers with Radar,3,3,57,6,69,0,2,22,0,24,3,5,79,6,93,112,4,116,209
12/13/2016,SCK,CA,AWP,WE,Towers with Radar,1,2,35,2,40,0,1,32,2,35,1,3,67,4,75,164,0,164,239
12/14/2016,SCK,CA,AWP,WE,Towers with Radar,4,2,42,6,54,0,1,27,2,30,4,3,69,8,84,86,2,88,172
12/15/2016,SCK,CA,AWP,WE,Towers with Radar,10,3,8,3,24,0,2,2,0,4,10,5,10,3,28,0,0,0,28
12/16/2016,SCK,CA,AWP,WE,Towers with Radar,6,1,32,1,40,0,4,79,4,87,6,5,111,5,127,68,2,70,197
12/17/2016,SCK,CA,AWP,WE,Towers with Radar,6,1,36,0,43,0,2,96,0,98,6,3,132,0,141,48,0,48,189
12/18/2016,SCK,CA,AWP,WE,Towers with Radar,11,1,18,0,30,0,2,64,0,66,11,3,82,0,96,64,0,64,160
12/19/2016,SCK,CA,AWP,WE,Towers with Radar,5,0,27,4,36,0,1,88,6,95,5,1,115,10,131,92,18,110,241
12/20/2016,SCK,CA,AWP,WE,Towers with Radar,3,5,51,2,61,0,6,107,7,120,3,11,158,9,181,94,6,100,281
12/21/2016,SCK,CA,AWP,WE,Towers with Radar,5,1,31,10,47,0,1,80,4,85,5,2,111,14,132,66,14,80,212
12/22/2016,SCK,CA,AWP,WE,Towers with Radar,11,2,30,0,43,0,2,86,13,101,11,4,116,13,144,64,14,78,222
12/23/2016,SCK,CA,AWP,WE,Towers with Radar,7,5,7,0,19,0,1,0,0,1,7,6,7,0,20,0,0,0,20
12/24/2016,SCK,CA,AWP,WE,Towers with Radar,5,0,13,0,18,0,3,34,0,37,5,3,47,0,55,30,0,30,85
12/25/2016,SCK,CA,AWP,WE,Towers with Radar,2,0,8,0,10,0,4,6,1,11,2,4,14,1,21,0,0,0,21
12/26/2016,SCK,CA,AWP,WE,Towers with Radar,11,0,18,0,29,0,3,70,0,73,11,3,88,0,102,66,0,66,168
12/27/2016,SCK,CA,AWP,WE,Towers with Radar,4,0,26,0,30,0,3,54,3,60,4,3,80,3,90,94,2,96,186
12/28/2016,SCK,CA,AWP,WE,Towers with Radar,5,0,32,0,37,0,2,84,1,87,5,2,116,1,124,84,0,84,208
12/29/2016,SCK,CA,AWP,WE,Towers with Radar,11,0,26,0,37,0,8,61,6,75,11,8,87,6,112,58,2,60,172
12/30/2016,SCK,CA,AWP,WE,Towers with Radar,4,1,36,0,41,0,1,42,0,43,4,2,78,0,84,134,0,134,218
12/31/2016,SCK,CA,AWP,WE,Towers with Radar,9,2,9,0,20,0,4,25,0,29,9,6,34,0,49,108,0,108,157
01/01/2017,SCK,CA,AWP,WE,Towers with Radar,5,2,10,0,17,0,2,17,0,19,5,4,27,0,36,52,0,52,88
01/02/2017,SCK,CA,AWP,WE,Towers with Radar,10,5,30,0,45,0,1,25,0,26,10,6,55,0,71,158,0,158,229
01/03/2017,SCK,CA,AWP,WE,Towers with Radar,3,1,20,4,28,0,0,13,3,16,3,1,33,7,44,66,14,80,124
01/04/2017,SCK,CA,AWP,WE,Towers with Radar,5,1,28,6,40,0,0,1,0,1,5,1,29,6,41,0,0,0,41
01/05/2017,SCK,CA,AWP,WE,Towers with Radar,9,2,44,2,57,0,4,100,1,105,9,6,144,3,162,242,10,252,414
01/06/2017,SCK,CA,AWP,WE,Towers with Radar,6,3,41,2,52,0,4,111,14,129,6,7,152,16,181,118,24,142,323
01/07/2017,SCK,CA,AWP,WE,Towers with Radar,5,0,8,0,13,0,0,0,0,0,5,0,8,0,13,0,0,0,13
01/08/2017,SCK,CA,AWP,WE,Towers with Radar,12,1,8,0,21,0,0,0,0,0,12,1,8,0,21,0,0,0,21
01/09/2017,SCK,CA,AWP,WE,Towers with Radar,6,2,22,6,36,0,1,37,5,43,6,3,59,11,79,60,0,60,139
01/10/2017,SCK,CA,AWP,WE,Towers with Radar,4,1,12,1,18,0,0,2,1,3,4,1,14,2,21,0,0,0,21
01/11/2017,SCK,CA,AWP,WE,Towers with Radar,6,6,36,4,52,0,2,18,7,27,6,8,54,11,79,74,8,82,161
01/12/2017,SCK,CA,AWP,WE,Towers with Radar,10,10,25,0,45,0,2,6,23,31,10,12,31,23,76,84,56,140,216
01/13/2017,SCK,CA,AWP,WE,Towers with Radar,8,3,72,1,84,0,3,91,1,95,8,6,163,2,179,110,0,110,289
01/14/2017,SCK,CA,AWP,WE,Towers with Radar,5,0,45,0,50,0,0,50,0,50,5,0,95,0,100,116,0,116,216
01/15/2017,SCK,CA,AWP,WE,Towers with Radar,10,5,35,0,50,0,1,10,0,11,10,6,45,0,61,14,0,14,75
01/16/2017,SCK,CA,AWP,WE,Towers with Radar,8,4,77,0,89,0,3,33,0,36,8,7,110,0,125,90,0,90,215
01/17/2017,SCK,CA,AWP,WE,Towers with Radar,4,0,36,4,44,0,0,24,9,33,4,0,60,13,77,26,14,40,117
01/18/2017,SCK,CA,AWP,WE,Towers with Radar,7,0,22,0,29,0,1,5,0,6,7,1,27,0,35,0,0,0,35
01/19/2017,SCK,CA,AWP,WE,Towers with Radar,9,4,30,7,50,0,4,36,21,61,9,8,66,28,111,156,30,186,297
01/20/2017,SCK,CA,AWP,WE,Towers with Radar,6,1,16,0,23,0,3,8,2,13,6,4,24,2,36,4,8,12,48
01/21/2017,SCK,CA,AWP,WE,Towers with Radar,4,3,24,8,39,0,3,25,0,28,4,6,49,8,67,66,0,66,133
01/22/2017,SCK,CA,AWP,WE,Towers with Radar,12,0,12,0,24,0,0,0,0,0,12,0,12,0,24,0,0,0,24
01/23/2017,SCK,CA,AWP,WE,Towers with Radar,8,2,15,3,28,0,2,23,13,38,8,4,38,16,66,98,10,108,174
01/24/2017,SCK,CA,AWP,WE,Towers with Radar,4,6,52,4,66,0,4,58,16,78,4,10,110,20,144,214,28,242,386
01/25/2017,SCK,CA,AWP,WE,Towers with Radar,6,1,23,7,37,0,1,84,14,99,6,2,107,21,136,128,16,144,280
01/26/2017,SCK,CA,AWP,WE,Towers with Radar,10,2,26,5,43,0,3,61,18,82,10,5,87,23,125,126,44,170,295
01/27/2017,SCK,CA,AWP,WE,Towers with Radar,10,4,31,3,48,0,9,69,9,87,10,13,100,12,135,182,0,182,317
01/28/2017,SCK,CA,AWP,WE,Towers with Radar,4,1,18,0,23,0,2,72,0,74,4,3,90,0,97,194,0,194,291
01/29/2017,SCK,CA,AWP,WE,Towers with Radar,13,1,48,0,62,0,2,69,0,71,13,3,117,0,133,38,0,38,171
01/30/2017,SCK,CA,AWP,WE,Towers with Radar,6,3,30,1,40,0,4,71,9,84,6,7,101,10,124,82,12,94,218
01/31/2017,SCK,CA,AWP,WE,Towers with Radar,4,0,27,5,36,0,0,28,11,39,4,0,55,16,75,64,12,76,151
02/01/2017,SCK,CA,AWP,WE,Towers with Radar,9,1,49,13,72,0,1,5,0,6,9,2,54,13,78,2,2,4,82
02/02/2017,SCK,CA,AWP,WE,Towers with Radar,10,2,23,3,38,0,3,23,12,38,10,5,46,15,76,26,12,38,114
02/03/2017,SCK,CA,AWP,WE,Towers with Radar,7,0,26,2,35,0,1,23,2,26,7,1,49,4,61,44,0,44,105
02/04/2017,SCK,CA,AWP,WE,Towers with Radar,4,1,22,1,28,0,6,23,1,30,4,7,45,2,58,228,6,234,292
02/05/2017,SCK,CA,AWP,WE,Towers with Radar,13,1,14,0,28,0,3,28,0,31,13,4,42,0,59,4,0,4,63
02/06/2017,SCK,CA,AWP,WE,Towers with Radar,8,2,14,4,28,0,0,16,2,18,8,2,30,6,46,12,24,36,82
02/07/2017,SCK,CA,AWP,WE,Towers with Radar,4,0,13,8,25,0,0,1,0,1,4,0,14,8,26,14,0,14,40
02/08/2017,SCK,CA,AWP,WE,Towers with Radar,6,1,42,3,52,0,4,12,2,18,6,5,54,5,70,10,0,10,80
02/09/2017,SCK,CA,AWP,WE,Towers with Radar,11,0,26,8,45,0,0,13,3,16,11,0,39,11,61,40,2,42,103
02/10/2017,SCK,CA,AWP,WE,Towers with Radar,6,2,47,6,61,0,2,22,12,36,6,4,69,18,97,62,46,108,205
02/11/2017,SCK,CA,AWP,WE,Towers with Radar,3,3,47,2,55,0,1,65,7,73,3,4,112,9,128,154,4,158,286
02/12/2017,SCK,CA,AWP,WE,Towers with Radar,11,5,35,0,51,0,5,78,9,92,11,10,113,9,143,48,2,50,193
02/13/2017,SCK,CA,AWP,WE,Towers with Radar,7,3,39,1,50,0,1,97,3,101,7,4,136,4,151,82,0,82,233
02/14/2017,SCK,CA,AWP,WE,Towers with Radar,3,4,32,2,41,0,3,80,0,83,3,7,112,2,124,98,0,98,222
02/15/2017,SCK,CA,AWP,WE,Towers with Radar,6,1,29,4,40,0,2,59,10,71,6,3,88,14,111,56,4,60,171
02/16/2017,SCK,CA,AWP,WE,Towers with Radar,11,2,27,4,44,0,0,19,2,21,11,2,46,6,65,10,10,20,85
02/17/2017,SCK,CA,AWP,WE,Towers with Radar,9,0,5,0,14,0,0,0,0,0,9,0,5,0,14,0,0,0,14
02/18/2017,SCK,CA,AWP,WE,Towers with Radar,3,3,18,0,24,0,6,17,2,25,3,9,35,2,49,20,0,20,69
02/19/2017,SCK,CA,AWP,WE,Towers with Radar,11,0,11,1,23,0,1,6,2,9,11,1,17,3,32,0,0,0,32
02/20/2017,SCK,CA,AWP,WE,Towers with Radar,7,0,19,0,26,0,1,1,0,2,7,1,20,0,28,0,0,0,28
02/21/2017,SCK,CA,AWP,WE,Towers with Radar,3,0,19,1,23,0,6,26,8,40,3,6,45,9,63,48,8,56,119
02/22/2017,SCK,CA,AWP,WE,Towers with Radar,5,0,41,0,46,0,3,88,9,100,5,3,129,9,146,166,4,170,316
02/23/2017,SCK,CA,AWP,WE,Towers with Radar,11,1,41,5,58,0,4,95,11,110,11,5,136,16,168,202,8,210,378
02/24/2017,SCK,CA,AWP,WE,Towers with Radar,7,1,24,0,32,0,0,85,3,88,7,1,109,3,120,226,0,226,346
02/25/2017,SCK,CA,AWP,WE,Towers with Radar,3,2,32,0,37,0,4,56,7,67,3,6,88,7,104,42,4,46,150
02/26/2017,SCK,CA,AWP,WE,Towers with Radar,9,0,15,0,24,0,8,49,2,59,9,8,64,2,83,84,0,84,167
02/27/2017,SCK,CA,AWP,WE,Towers with Radar,6,1,21,2,30,0,5,29,8,42,6,6,50,10,72,62,44,106,178
02/28/2017,SCK,CA,AWP,WE,Towers with Radar,3,1,28,1,33,0,3,79,4,86,3,4,107,5,119,206,0,206,325
03/01/2017,SCK,CA,AWP,WE,Towers with Radar,5,0,30,6,41,0,0,79,13,92,5,0,109,19,133,150,0,150,283
03/02/2017,SCK,CA,AWP,WE,Towers with Radar,11,0,36,4,51,0,2,86,8,96,11,2,122,12,147,152,10,162,309
03/03/2017,SCK,CA,AWP,WE,Towers with Radar,5,3,22,1,31,1,2,83,8,94,6,5,105,9,125,122,0,122,247
03/04/2017,SCK,CA,AWP,WE,Towers with Radar,5,2,35,0,42,0,4,44,7,55,5,6,79,7,97,148,2,150,247
03/05/2017,SCK,CA,AWP,WE,Towers with Radar,11,2,23,0,36,0,3,16,3,22,11,5,39,3,58,6,2,8,66
03/06/2017,SCK,CA,AWP,WE,Towers with Radar,7,0,36,0,43,0,1,27,0,28,7,1,63,0,71,256,0,256,327
03/07/2017,SCK,CA,AWP,WE,Towers with Radar,3,1,22,0,26,0,1,60,6,67,3,2,82,6,93,216,0,216,309
03/08/2017,SCK,CA,AWP,WE,Towers with Radar,5,1,27,3,36,0,2,68,4,74,5,3,95,7,110,246,14,260,370
03/09/2017,SCK,CA,AWP,WE,Towers with Radar,11,0,28,0,39,0,6,68,11,85,11,6,96,11,124,216,0,216,340
03/10/2017,SCK,CA,AWP,WE,Towers with Radar,7,2,26,0,35,0,3,68,1,72,7,5,94,1,107,154,0,154,261
03/11/2017,SCK,CA,AWP,WE,Towers with Radar,5,0,29,0,34,0,4,60,0,64,5,4,89,0,98,114,0,114,212
03/12/2017,SCK,CA,AWP,WE,Towers with Radar,11,0,5,0,16,0,3,44,1,48,11,3,49,1,64,34,4,38,102
03/13/2017,SCK,CA,AWP,WE,Towers with Radar,7,3,22,1,33,0,2,70,2,74,7,5,92,3,107,134,0,134,241
03/14/2017,SCK,CA,AWP,WE,Towers with Radar,3,3,21,0,27,0,2,57,8,67,3,5,78,8,94,194,0,194,288
03/15/2017,SCK,CA,AWP,WE,Towers with Radar,5,1,25,4,35,0,2,90,4,96,5,3,115,8,131,158,0,158,289
03/16/2017,SCK,CA,AWP,WE,Towers with Radar,9,3,43,1,56,0,2,54,3,59,9,5,97,4,115,120,0,120,235
03/17/2017,SCK,CA,AWP,WE,Towers with Radar,9,4,27,0,40,0,1,105,5,111,9,5,132,5,151,130,0,130,281
03/18/2017,SCK,CA,AWP,WE,Towers with Radar,5,1,20,0,26,0,5,39,0,44,5,6,59,0,70,72,0,72,142
03/19/2017,SCK,CA,AWP,WE,Towers with Radar,11,6,18,0,35,0,5,41,1,47,11,11,59,1,82,16,0,16,98
03/20/2017,SCK,CA,AWP,WE,Towers with Radar,8,1,18,0,27,0,1,40,2,43,8,2,58,2,70,52,0,52,122
03/21/2017,SCK,CA,AWP,WE,Towers with Radar,5,1,21,7,34,0,1,13,5,19,5,2,34,12,53,6,4,10,63
03/22/2017,SCK,CA,AWP,WE,Towers with Radar,6,0,32,2,40,0,0,15,5,20,6,0,47,7,60,24,4,28,88
03/23/2017,SCK,CA,AWP,WE,Towers with Radar,18,2,50,5,75,0,5,81,6,92,18,7,131,11,167,92,10,102,269
03/24/2017,SCK,CA,AWP,WE,Towers with Radar,9,5,16,2,32,0,0,10,0,10,9,5,26,2,42,30,0,30,72
03/25/2017,SCK,CA,AWP,WE,Towers with Radar,6,0,60,0,66,0,7,22,1,30,6,7,82,1,96,40,0,40,136
03/26/2017,SCK,CA,AWP,WE,Towers with Radar,14,0,25,1,40,0,0,19,1,20,14,0,44,2,60,36,0,36,96
03/27/2017,SCK,CA,AWP,WE,Towers with Radar,5,3,33,2,43,0,0,77,0,77,5,3,110,2,120,140,0,140,260
03/28/2017,SCK,CA,AWP,WE,Towers with Radar,5,3,28,2,38,0,3,66,3,72,5,6,94,5,110,78,1,79,189
03/29/2017,SCK,CA,AWP,WE,Towers with Radar,5,4,21,2,32,0,5,92,7,104,5,9,113,9,136,188,0,188,324
03/30/2017,SCK,CA,AWP,WE,Towers with Radar,11,3,34,6,54,0,0,38,3,41,11,3,72,9,95,20,0,20,115
03/31/2017,SCK,CA,AWP,WE,Towers with Radar,7,1,25,1,34,0,3,31,3,37,7,4,56,4,71,0,0,0,71
04/01/2017,SCK,CA,AWP,WE,Towers with Radar,5,0,14,0,19,0,2,82,0,84,5,2,96,0,103,108,0,108,211
04/02/2017,SCK,CA,AWP,WE,Towers with Radar,11,1,20,0,32,0,2,59,0,61,11,3,79,0,93,50,0,50,143
04/03/2017,SCK,CA,AWP,WE,Towers with Radar,5,2,30,0,37,0,1,84,0,85,5,3,114,0,122,118,0,118,240
04/04/2017,SCK,CA,AWP,WE,Towers with Radar,3,0,42,1,46,0,10,98,1,109,3,10,140,2,155,92,10,102,257
04/05/2017,SCK,CA,AWP,WE,Towers with Radar,5,5,42,5,57,0,6,92,4,102,5,11,134,9,159,136,2,138,297
04/06/2017,SCK,CA,AWP,WE,Towers with Radar,11,1,25,2,39,0,4,43,8,55,11,5,68,10,94,94,12,106,200
04/07/2017,SCK,CA,AWP,WE,Towers with Radar,9,0,44,3,56,0,4,7,0,11,9,4,51,3,67,44,0,44,111
04/08/2017,SCK,CA,AWP,WE,Towers with Radar,5,0,28,0,33,0,1,26,6,33,5,1,54,6,66,60,10,70,136
04/09/2017,SCK,CA,AWP,WE,Towers with Radar,11,2,36,0,49,0,8,68,8,84,11,10,104,8,133,66,0,66,199
04/10/2017,SCK,CA,AWP,WE,Towers with Radar,6,0,44,2,52,0,0,92,0,92,6,0,136,2,144,148,0,148,292
04/11/2017,SCK,CA,AWP,WE,Towers with Radar,3,0,32,5,40,0,5,81,9,95,3,5,113,14,135,70,6,76,211
04/12/2017,SCK,CA,AWP,WE,Towers with Radar,5,1,32,5,43,0,5,52,2,59,5,6,84,7,102,102,0,102,204
04/13/2017,SCK,CA,AWP,WE,Towers with Radar,11,1,26,2,40,0,4,26,7,37,11,5,52,9,77,86,2,88,165
04/14/2017,SCK,CA,AWP,WE,Towers with Radar,7,1,30,0,38,0,0,111,3,114,7,1,141,3,152,71,0,71,223
04/15/2017,SCK,CA,AWP,WE,Towers with Radar,5,4,49,1,59,0,4,89,1,94,5,8,138,2,153,32,0,32,185
04/16/2017,SCK,CA,AWP,WE,Towers with Radar,11,10,14,0,35,0,1,11,0,12,11,11,25,0,47,4,0,4,51
04/17/2017,SCK,CA,AWP,WE,Towers with Radar,8,2,39,3,52,0,0,18,8,26,8,2,57,11,78,48,14,62,140
04/18/2017,SCK,CA,AWP,WE,Towers with Radar,3,2,43,1,49,0,2,44,2,48,3,4,87,3,97,0,0,0,97
04/19/2017,SCK,CA,AWP,WE,Towers with Radar,5,4,32,0,41,0,2,83,5,90,5,6,115,5,131,0,0,0,131
04/20/2017,SCK,CA,AWP,WE,Towers with Radar,11,1,35,2,49,0,4,77,2,83,11,5,112,4,132,0,0,0,132
04/21/2017,SCK,CA,AWP,WE,Towers with Radar,9,2,35,4,50,0,4,95,1,100,9,6,130,5,150,166,0,166,316
04/22/2017,SCK,CA,AWP,WE,Towers with Radar,3,1,32,0,36,0,5,89,3,97,3,6,121,3,133,102,0,102,235
04/23/2017,SCK,CA,AWP,WE,Towers with Radar,11,1,10,0,22,0,0,49,1,50,11,1,59,1,72,6,0,6,78
04/24/2017,SCK,CA,AWP,WE,Towers with Radar,6,4,29,0,39,0,0,54,2,56,6,4,83,2,95,100,0,100,195
04/25/2017,SCK,CA,AWP,WE,Towers with Radar,3,5,18,2,28,1,5,74,1,81,4,10,92,3,109,116,4,120,229
04/26/2017,SCK,CA,AWP,WE,Towers with Radar,5,5,79,4,93,0,0,28,1,29,5,5,107,5,122,122,6,128,250
04/27/2017,SCK,CA,AWP,WE,Towers with Radar,11,0,41,2,54,0,2,78,5,85,11,2,119,7,139,68,16,84,223
04/28/2017,SCK,CA,AWP,WE,Towers with Radar,7,4,14,4,29,0,5,49,6,60,7,9,63,10,89,58,4,62,151
04/29/2017,SCK,CA,AWP,WE,Towers with Radar,3,0,18,0,21,0,5,70,0,75,3,5,88,0,96,154,0,154,250
04/30/2017,SCK,CA,AWP,WE,Towers with Radar,11,5,24,0,40,0,0,59,0,59,11,5,83,0,99,62,0,62,161
05/01/2017,SCK,CA,AWP,WE,Towers with Radar,7,2,26,3,38,0,2,80,9,91,7,4,106,12,129,134,6,140,269
05/02/2017,SCK,CA,AWP,WE,Towers with Radar,3,2,27,2,34,0,0,75,4,79,3,2,102,6,113,62,2,64,177
05/03/2017,SCK,CA,AWP,WE,Towers with Radar,5,2,14,0,21,0,5,86,4,95,5,7,100,4,116,204,0,204,320
05/04/2017,SCK,CA,AWP,WE,Towers with Radar,10,4,42,2,58,0,0,106,9,115,10,4,148,11,173,212,0,212,385
05/05/2017,SCK,CA,AWP,WE,Towers with Radar,5,1,57,1,64,0,0,87,13,100,5,1,144,14,164,116,0,116,280
05/06/2017,SCK,CA,AWP,WE,Towers with Radar,5,0,19,1,25,0,4,36,0,40,5,4,55,1,65,84,0,84,149
05/07/2017,SCK,CA,AWP,WE,Towers with Radar,11,3,14,0,28,0,2,21,0,23,11,5,35,0,51,28,0,28,79
05/08/2017,SCK,CA,AWP,WE,Towers with Radar,7,6,18,3,34,0,2,70,5,77,7,8,88,8,111,154,6,160,271
05/09/2017,SCK,CA,AWP,WE,Towers with Radar,3,5,28,4,40,0,2,89,4,95,3,7,117,8,135,214,10,224,359
05/10/2017,SCK,CA,AWP,WE,Towers with Radar,6,1,35,4,46,0,4,82,11,97,6,5,117,15,143,210,0,210,353
05/11/2017,SCK,CA,AWP,WE,Towers with Radar,10,6,31,2,49,0,2,58,11,71,10,8,89,13,120,302,8,310,430
05/12/2017,SCK,CA,AWP,WE,Towers with Radar,7,0,13,0,20,0,3,74,4,81,7,3,87,4,101,216,0,216,317
05/13/2017,SCK,CA,AWP,WE,Towers with Radar,3,1,26,0,30,0,4,64,1,69,3,5,90,1,99,260,0,260,359
05/14/2017,SCK,CA,AWP,WE,Towers with Radar,11,1,11,0,23,0,3,31,0,34,11,4,42,0,57,20,0,20,77
05/15/2017,SCK,CA,AWP,WE,Towers with Radar,7,3,22,7,39,0,6,52,8,66,7,9,74,15,105,270,8,278,383
05/16/2017,SCK,CA,AWP,WE,Towers with Radar,4,4,45,6,59,0,1,37,8,46,4,5,82,14,105,104,2,106,211
05/17/2017,SCK,CA,AWP,WE,Towers with Radar,6,2,31,2,41,0,2,50,6,58,6,4,81,8,99,82,0,82,181
05/18/2017,SCK,CA,AWP,WE,Towers with Radar,11,3,28,3,45,0,5,72,4,81,11,8,100,7,126,216,0,216,342
05/19/2017,SCK,CA,AWP,WE,Towers with Radar,7,6,47,1,61,0,8,85,7,100,7,14,132,8,161,196,2,198,359
05/20/2017,SCK,CA,AWP,WE,Towers with Radar,5,1,25,1,32,0,3,61,4,68,5,4,86,5,100,196,0,196,296
05/21/2017,SCK,CA,AWP,WE,Towers with Radar,11,1,19,0,31,0,0,42,7,49,11,1,61,7,80,0,8,8,88
05/22/2017,SCK,CA,AWP,WE,Towers with Radar,6,0,32,8,46,0,1,74,5,80,6,1,106,13,126,354,10,364,490
05/23/2017,SCK,CA,AWP,WE,Towers with Radar,7,4,42,0,53,0,2,62,10,74,7,6,104,10,127,306,14,320,447
05/24/2017,SCK,CA,AWP,WE,Towers with Radar,6,0,38,11,55,0,3,54,11,68,6,3,92,22,123,164,12,176,299
05/25/2017,SCK,CA,AWP,WE,Towers with Radar,11,5,59,2,77,0,1,61,8,70,11,6,120,10,147,316,6,322,469
05/26/2017,SCK,CA,AWP,WE,Towers with Radar,6,6,46,2,60,0,3,45,2,50,6,9,91,4,110,178,0,178,288
05/27/2017,SCK,CA,AWP,WE,Towers with Radar,6,3,38,0,47,0,3,67,0,70,6,6,105,0,117,204,0,204,321
05/28/2017,SCK,CA,AWP,WE,Towers with Radar,11,4,27,0,42,0,1,44,0,45,11,5,71,0,87,22,0,22,109
05/29/2017,SCK,CA,AWP,WE,Towers with Radar,7,1,37,0,45,0,0,53,0,53,7,1,90,0,98,222,0,222,320
05/30/2017,SCK,CA,AWP,WE,Towers with Radar,8,6,44,5,63,0,1,57,4,62,8,7,101,9,125,134,18,152,277
05/31/2017,SCK,CA,AWP,WE,Towers with Radar,6,3,31,8,48,0,0,51,1,52,6,3,82,9,100,0,0,0,100
06/01/2017,SCK,CA,AWP,WE,Towers with Radar,9,2,39,4,54,0,0,44,0,44,9,2,83,4,98,0,0,0,98
06/02/2017,SCK,CA,AWP,WE,Towers with Radar,6,0,38,2,46,0,0,70,0,70,6,0,108,2,116,0,0,0,116
06/03/2017,SCK,CA,AWP,WE,Towers with Radar,7,6,46,0,59,0,2,47,0,49,7,8,93,0,108,0,0,0,108
06/04/2017,SCK,CA,AWP,WE,Towers with Radar,12,1,25,1,39,0,0,21,5,26,12,1,46,6,65,0,0,0,65
06/05/2017,SCK,CA,AWP,WE,Towers with Radar,6,8,27,1,42,0,2,72,1,75,6,10,99,2,117,0,0,0,117
06/06/2017,SCK,CA,AWP,WE,Towers with Radar,13,2,19,1,35,0,0,44,1,45,13,2,63,2,80,0,0,0,80
06/07/2017,SCK,CA,AWP,WE,Towers with Radar,6,1,34,8,49,0,1,54,0,55,6,2,88,8,104,0,0,0,104
06/08/2017,SCK,CA,AWP,WE,Towers with Radar,10,6,23,2,41,0,0,21,2,23,10,6,44,4,64,0,0,0,64
06/09/2017,SCK,CA,AWP,WE,Towers with Radar,7,3,28,2,40,0,0,46,0,46,7,3,74,2,86,0,0,0,86
06/10/2017,SCK,CA,AWP,WE,Towers with Radar,5,2,35,1,43,0,2,42,2,46,5,4,77,3,89,0,0,0,89
06/11/2017,SCK,CA,AWP,WE,Towers with Radar,12,1,16,0,29,0,1,19,1,21,12,2,35,1,50,0,0,0,50
06/12/2017,SCK,CA,AWP,WE,Towers with Radar,5,2,37,5,49,0,5,54,5,64,5,7,91,10,113,0,0,0,113
06/13/2017,SCK,CA,AWP,WE,Towers with Radar,8,1,41,0,50,0,1,72,4,77,8,2,113,4,127,0,0,0,127
06/14/2017,SCK,CA,AWP,WE,Towers with Radar,6,0,41,0,47,0,2,82,3,87,6,2,123,3,134,0,0,0,134
06/15/2017,SCK,CA,AWP,WE,Towers with Radar,12,3,24,3,42,0,0,52,6,58,12,3,76,9,100,0,0,0,100
06/16/2017,SCK,CA,AWP,WE,Towers with Radar,6,0,26,0,32,0,0,55,1,56,6,0,81,1,88,0,0,0,88
06/17/2017,SCK,CA,AWP,WE,Towers with Radar,6,2,30,0,38,0,0,35,1,36,6,2,65,1,74,0,0,0,74
06/18/2017,SCK,CA,AWP,WE,Towers with Radar,12,2,7,0,21,0,0,15,0,15,12,2,22,0,36,0,0,0,36
06/19/2017,SCK,CA,AWP,WE,Towers with Radar,6,3,23,0,32,0,1,46,0,47,6,4,69,0,79,0,0,0,79
06/20/2017,SCK,CA,AWP,WE,Towers with Radar,8,0,18,1,27,0,1,37,3,41,8,1,55,4,68,0,0,0,68
06/21/2017,SCK,CA,AWP,WE,Towers with Radar,5,0,28,0,33,0,2,34,1,37,5,2,62,1,70,0,0,0,70
06/22/2017,SCK,CA,AWP,WE,Towers with Radar,10,3,18,1,32,0,0,48,4,52,10,3,66,5,84,0,0,0,84
06/23/2017,SCK,CA,AWP,WE,Towers with Radar,5,0,34,2,41,0,0,45,1,46,5,0,79,3,87,0,0,0,87
06/24/2017,SCK,CA,AWP,WE,Towers with Radar,5,0,35,0,40,0,0,47,0,47,5,0,82,0,87,0,0,0,87
06/25/2017,SCK,CA,AWP,WE,Towers with Radar,12,0,25,0,37,0,0,44,2,46,12,0,69,2,83,0,0,0,83
06/26/2017,SCK,CA,AWP,WE,Towers with Radar,6,2,22,0,30,0,1,47,5,53,6,3,69,5,83,0,0,0,83
06/27/2017,SCK,CA,AWP,WE,Towers with Radar,8,0,49,4,61,0,0,44,4,48,8,0,93,8,109,0,0,0,109
06/28/2017,SCK,CA,AWP,WE,Towers with Radar,6,2,19,2,29,0,0,44,1,45,6,2,63,3,74,0,0,0,74
06/29/2017,SCK,CA,AWP,WE,Towers with Radar,12,0,44,3,59,0,0,77,1,78,12,0,121,4,137,0,0,0,137
06/30/2017,SCK,CA,AWP,WE,Towers with Radar,6,2,26,3,37,0,1,61,2,64,6,3,87,5,101,0,0,0,101
07/01/2017,SCK,CA,AWP,WE,Towers with Radar,7,0,30,0,37,0,2,62,0,64,7,2,92,0,101,96,0,96,197
07/02/2017,SCK,CA,AWP,WE,Towers with Radar,12,0,25,0,37,0,3,35,0,38,12,3,60,0,75,14,0,14,89
07/03/2017,SCK,CA,AWP,WE,Towers with Radar,7,2,29,0,38,0,0,73,0,73,7,2,102,0,111,182,0,182,293
07/04/2017,SCK,CA,AWP,WE,Towers with Radar,7,0,16,0,23,0,3,57,0,60,7,3,73,0,83,272,0,272,355
07/05/2017,SCK,CA,AWP,WE,Towers with Radar,5,2,27,0,34,0,2,66,1,69,5,4,93,1,103,128,0,128,231
07/06/2017,SCK,CA,AWP,WE,Towers with Radar,11,1,27,2,41,0,6,75,5,86,11,7,102,7,127,182,0,182,309
07/07/2017,SCK,CA,AWP,WE,Towers with Radar,7,1,24,0,32,0,1,62,1,64,7,2,86,1,96,100,0,100,196
07/08/2017,SCK,CA,AWP,WE,Towers with Radar,6,2,16,0,24,0,15,77,0,92,6,17,93,0,116,142,0,142,258
07/09/2017,SCK,CA,AWP,WE,Towers with Radar,12,0,8,0,20,0,0,34,2,36,12,0,42,2,56,26,0,26,82
07/10/2017,SCK,CA,AWP,WE,Towers with Radar,5,2,19,0,26,0,9,63,1,73,5,11,82,1,99,152,0,152,251
07/11/2017,SCK,CA,AWP,WE,Towers with Radar,9,6,18,2,35,0,2,67,2,71,9,8,85,4,106,100,0,100,206
07/12/2017,SCK,CA,AWP,WE,Towers with Radar,4,1,44,2,51,0,3,92,1,96,4,4,136,3,147,142,2,144,291
07/13/2017,SCK,CA,AWP,WE,Towers with Radar,12,0,34,6,52,0,1,100,11,112,12,1,134,17,164,194,0,194,358
07/14/2017,SCK,CA,AWP,WE,Towers with Radar,6,5,17,8,36,0,4,77,3,84,6,9,94,11,120,124,0,124,244
07/15/2017,SCK,CA,AWP,WE,Towers with Radar,5,2,20,0,27,0,4,66,4,74,5,6,86,4,101,120,0,120,221
07/16/2017,SCK,CA,AWP,WE,Towers with Radar,11,2,26,0,39,0,1,47,2,50,11,3,73,2,89,14,0,14,103
07/17/2017,SCK,CA,AWP,WE,Towers with Radar,5,0,29,8,42,0,0,56,2,58,5,0,85,10,100,80,0,80,180
07/18/2017,SCK,CA,AWP,WE,Towers with Radar,7,3,27,1,38,0,6,60,2,68,7,9,87,3,106,60,0,60,166
07/19/2017,SCK,CA,AWP,WE,Towers with Radar,6,3,26,3,38,0,0,67,6,73,6,3,93,9,111,174,6,180,291
07/20/2017,SCK,CA,AWP,WE,Towers with Radar,12,2,30,0,44,0,5,68,4,77,12,7,98,4,121,170,0,170,291
07/21/2017,SCK,CA,AWP,WE,Towers with Radar,5,2,28,0,35,0,3,71,4,78,5,5,99,4,113,254,0,254,367
07/22/2017,SCK,CA,AWP,WE,Towers with Radar,6,0,13,0,19,0,0,70,0,70,6,0,83,0,89,224,0,224,313
07/23/2017,SCK,CA,AWP,WE,Towers with Radar,10,0,18,0,28,0,1,38,0,39,10,1,56,0,67,36,0,36,103
07/24/2017,SCK,CA,AWP,WE,Towers with Radar,7,2,27,0,36,0,0,83,4,87,7,2,110,4,123,188,8,196,319
07/25/2017,SCK,CA,AWP,WE,Towers with Radar,8,0,42,0,50,0,2,77,1,80,8,2,119,1,130,190,2,192,322
07/26/2017,SCK,CA,AWP,WE,Towers with Radar,6,7,35,0,48,0,1,82,4,87,6,8,117,4,135,128,0,128,263
07/27/2017,SCK,CA,AWP,WE,Towers with Radar,12,0,38,2,52,0,11,105,4,120,12,11,143,6,172,216,0,216,388
07/28/2017,SCK,CA,AWP,WE,Towers with Radar,6,2,19,0,27,0,4,67,3,74,6,6,86,3,101,176,0,176,277
07/29/2017,SCK,CA,AWP,WE,Towers with Radar,8,0,32,7,47,0,2,64,0,66,8,2,96,7,113,75,0,75,188
07/30/2017,SCK,CA,AWP,WE,Towers with Radar,11,0,28,0,39,0,3,45,1,49,11,3,73,1,88,26,0,26,114
07/31/2017,SCK,CA,AWP,WE,Towers with Radar,5,0,19,0,24,0,1,43,5,49,5,1,62,5,73,224,0,224,297
08/01/2017,SCK,CA,AWP,WE,Towers with Radar,8,0,25,0,33,0,2,53,5,60,8,2,78,5,93,123,0,123,216
08/02/2017,SCK,CA,AWP,WE,Towers with Radar,6,2,24,7,39,0,1,49,7,57,6,3,73,14,96,78,0,78,174
08/03/2017,SCK,CA,AWP,WE,Towers with Radar,12,0,29,1,42,0,5,77,4,86,12,5,106,5,128,152,0,152,280
08/04/2017,SCK,CA,AWP,WE,Towers with Radar,8,0,24,0,32,0,1,84,1,86,8,1,108,1,118,236,0,236,354
08/05/2017,SCK,CA,AWP,WE,Towers with Radar,6,0,15,0,21,0,10,82,0,92,6,10,97,0,113,148,0,148,261
08/06/2017,SCK,CA,AWP,WE,Towers with Radar,11,1,15,0,27,0,3,33,0,36,11,4,48,0,63,18,0,18,81
08/07/2017,SCK,CA,AWP,WE,Towers with Radar,7,0,26,1,34,0,3,66,1,70,7,3,92,2,104,136,0,136,240
08/08/2017,SCK,CA,AWP,WE,Towers with Radar,8,1,15,2,26,0,6,64,8,78,8,7,79,10,104,94,0,94,198
08/09/2017,SCK,CA,AWP,WE,Towers with Radar,5,0,30,2,37,0,5,62,7,74,5,5,92,9,111,218,2,220,331
08/10/2017,SCK,CA,AWP,WE,Towers with Radar,12,4,31,2,49,0,2,68,3,73,12,6,99,5,122,98,0,98,220
08/11/2017,SCK,CA,AWP,WE,Towers with Radar,7,0,34,0,41,0,5,61,5,71,7,5,95,5,112,122,2,124,236
08/12/2017,SCK,CA,AWP,WE,Towers with Radar,7,1,16,0,24,0,4,43,0,47,7,5,59,0,71,44,2,46,117
08/13/2017,SCK,CA,AWP,WE,Towers with Radar,11,1,20,0,32,0,2,23,0,25,11,3,43,0,57,24,0,24,81
08/14/2017,SCK,CA,AWP,WE,Towers with Radar,7,0,24,9,40,0,1,62,5,68,7,1,86,14,108,146,4,150,258
08/15/2017,SCK,CA,AWP,WE,Towers with Radar,10,2,25,8,45,0,4,72,1,77,10,6,97,9,122,126,0,126,248
08/16/2017,SCK,CA,AWP,WE,Towers with Radar,5,0,35,2,42,0,2,67,3,72,5,2,102,5,114,262,0,262,376
08/17/2017,SCK,CA,AWP,WE,Towers with Radar,12,1,39,1,53,0,1,75,4,80,12,2,114,5,133,190,4,194,327
08/18/2017,SCK,CA,AWP,WE,Towers with Radar,7,2,43,1,53,0,9,102,2,113,7,11,145,3,166,90,4,94,260
08/19/2017,SCK,CA,AWP,WE,Towers with Radar,5,0,20,0,25,0,0,73,0,73,5,0,93,0,98,98,0,98,196
08/20/2017,SCK,CA,AWP,WE,Towers with Radar,10,3,11,0,24,0,1,42,0,43,10,4,53,0,67,50,0,50,117
08/21/2017,SCK,CA,AWP,WE,Towers with Radar,7,2,29,0,38,0,0,68,0,68,7,2,97,0,106,154,0,154,260
08/22/2017,SCK,CA,AWP,WE,Towers with Radar,3,4,26,3,36,0,2,75,10,87,3,6,101,13,123,154,10,164,287
08/23/2017,SCK,CA,AWP,WE,Towers with Radar,6,0,42,7,55,0,3,60,8,71,6,3,102,15,126,146,6,152,278
08/24/2017,SCK,CA,AWP,WE,Towers with Radar,9,0,30,9,48,0,8,66,4,78,9,8,96,13,126,92,0,92,218
08/25/2017,SCK,CA,AWP,WE,Towers with Radar,7,1,30,1,39,0,1,79,8,88,7,2,109,9,127,140,0,140,267
08/26/2017,SCK,CA,AWP,WE,Towers with Radar,6,0,9,0,15,0,1,72,0,73,6,1,81,0,88,154,0,154,242
08/27/2017,SCK,CA,AWP,WE,Towers with Radar,10,1,22,0,33,0,0,45,2,47,10,1,67,2,80,58,0,58,138
08/28/2017,SCK,CA,AWP,WE,Towers with Radar,7,4,21,1,33,0,0,66,2,68,7,4,87,3,101,170,0,170,271
08/29/2017,SCK,CA,AWP,WE,Towers with Radar,4,2,34,0,40,0,4,74,4,82,4,6,108,4,122,176,0,176,298
08/30/2017,SCK,CA,AWP,WE,Towers with Radar,5,7,31,1,44,0,2,83,5,90,5,9,114,6,134,198,0,198,332
08/31/2017,SCK,CA,AWP,WE,Towers with Radar,9,1,25,0,35,0,4,56,0,60,9,5,81,0,95,0,0,0,95
09/01/2017,SCK,CA,AWP,WE,Towers with Radar,7,1,26,4,38,0,2,58,11,71,7,3,84,15,109,140,38,178,287
09/02/2017,SCK,CA,AWP,WE,Towers with Radar,5,4,7,0,16,0,2,37,0,39,5,6,44,0,55,134,0,134,189
09/03/2017,SCK,CA,AWP,WE,Towers with Radar,10,0,14,0,24,0,2,24,0,26,10,2,38,0,50,0,0,0,50
09/04/2017,SCK,CA,AWP,WE,Towers with Radar,7,0,30,0,37,0,0,45,0,45,7,0,75,0,82,136,0,136,218
09/05/2017,SCK,CA,AWP,WE,Towers with Radar,7,2,21,0,30,0,1,49,8,58,7,3,70,8,88,120,0,120,208
09/06/2017,SCK,CA,AWP,WE,Towers with Radar,5,4,25,1,35,0,10,81,13,104,5,14,106,14,139,152,2,154,293
09/07/2017,SCK,CA,AWP,WE,Towers with Radar,10,2,29,1,42,0,7,51,2,60,10,9,80,3,102,244,0,244,346
09/08/2017,SCK,CA,AWP,WE,Towers with Radar,7,0,35,1,43,0,2,76,7,85,7,2,111,8,128,86,2,88,216
09/09/2017,SCK,CA,AWP,WE,Towers with Radar,8,0,17,0,25,0,2,58,4,64,8,2,75,4,89,84,0,84,173
09/10/2017,SCK,CA,AWP,WE,Towers with Radar,10,2,14,0,26,0,0,45,0,45,10,2,59,0,71,34,0,34,105
09/11/2017,SCK,CA,AWP,WE,Towers with Radar,7,1,15,0,23,0,4,49,1,54,7,5,64,1,77,184,0,184,261
09/12/2017,SCK,CA,AWP,WE,Towers with Radar,4,4,23,0,31,0,2,73,2,77,4,6,96,2,108,170,4,174,282
09/13/2017,SCK,CA,AWP,WE,Towers with Radar,9,4,21,0,34,0,2,93,1,96,9,6,114,1,130,184,4,188,318
09/14/2017,SCK,CA,AWP,WE,Towers with Radar,12,2,34,0,48,0,4,60,7,71,12,6,94,7,119,294,0,294,413
09/15/2017,SCK,CA,AWP,WE,Towers with Radar,8,4,36,3,51,1,3,85,2,91,9,7,121,5,142,168,0,168,310
09/16/2017,SCK,CA,AWP,WE,Towers with Radar,5,1,22,0,28,0,4,86,1,91,5,5,108,1,119,144,2,146,265
09/17/2017,SCK,CA,AWP,WE,Towers with Radar,11,2,22,0,35,0,1,32,0,33,11,3,54,0,68,12,0,12,80
09/18/2017,SCK,CA,AWP,WE,Towers with Radar,7,0,41,4,52,0,3,50,1,54,7,3,91,5,106,222,4,226,332
09/19/2017,SCK,CA,AWP,WE,Towers with Radar,4,0,33,0,37,0,5,57,3,65,4,5,90,3,102,128,8,136,238
09/20/2017,SCK,CA,AWP,WE,Towers with Radar,5,2,31,0,38,0,3,68,2,73,5,5,99,2,111,262,2,264,375
09/21/2017,SCK,CA,AWP,WE,Towers with Radar,9,2,25,4,40,0,7,83,1,91,9,9,108,5,131,366,2,368,499
09/22/2017,SCK,CA,AWP,WE,Towers with Radar,8,2,40,0,50,0,10,75,1,86,8,12,115,1,136,266,0,266,402
09/23/2017,SCK,CA,AWP,WE,Towers with Radar,6,4,37,0,47,0,3,63,0,66,6,7,100,0,113,258,0,258,371
09/24/2017,SCK,CA,AWP,WE,Towers with Radar,9,5,29,0,43,0,4,38,0,42,9,9,67,0,85,50,0,50,135
09/25/2017,SCK,CA,AWP,WE,Towers with Radar,8,2,31,0,41,0,1,75,4,80,8,3,106,4,121,260,4,264,385
09/26/2017,SCK,CA,AWP,WE,Towers with Radar,4,1,26,0,31,0,7,72,1,80,4,8,98,1,111,330,0,330,441
09/27/2017,SCK,CA,AWP,WE,Towers with Radar,5,0,29,4,38,0,4,70,3,77,5,4,99,7,115,446,14,460,575
09/28/2017,SCK,CA,AWP,WE,Towers with Radar,10,0,40,0,50,0,2,61,3,66,10,2,101,3,116,238,0,238,354
09/29/2017,SCK,CA,AWP,WE,Towers with Radar,7,1,39,0,47,0,11,71,4,86,7,12,110,4,133,356,0,356,489
09/30/2017,SCK,CA,AWP,WE,Towers with Radar,5,3,22,0,30,0,3,54,0,57,5,6,76,0,87,158,0,158,245
10/01/2017,SCK,CA,AWP,WE,Towers with Radar,10,1,31,0,42,0,4,34,0,38,10,5,65,0,80,2,0,2,82
10/02/2017,SCK,CA,AWP,WE,Towers with Radar,7,2,38,4,51,0,5,56,4,65,7,7,94,8,116,174,18,192,308
10/03/2017,SCK,CA,AWP,WE,Towers with Radar,5,1,33,8,47,0,5,56,2,63,5,6,89,10,110,270,8,278,388
10/04/2017,SCK,CA,AWP,WE,Towers with Radar,6,1,22,0,29,0,1,48,4,53,6,2,70,4,82,286,0,286,368
10/05/2017,SCK,CA,AWP,WE,Towers with Radar,12,4,32,1,49,0,6,49,4,59,12,10,81,5,108,256,0,256,364
10/06/2017,SCK,CA,AWP,WE,Towers with Radar,8,3,38,4,53,0,3,77,1,81,8,6,115,5,134,236,0,236,370
10/07/2017,SCK,CA,AWP,WE,Towers with Radar,9,2,19,1,31,0,3,34,1,38,9,5,53,2,69,170,0,170,239
10/08/2017,SCK,CA,AWP,WE,Towers with Radar,10,2,13,0,25,0,1,24,0,25,10,3,37,0,50,8,0,8,58
10/09/2017,SCK,CA,AWP,WE,Towers with Radar,7,3,37,0,47,0,3,63,0,66,7,6,100,0,113,210,0,210,323
10/10/2017,SCK,CA,AWP,WE,Towers with Radar,3,2,52,0,57,0,5,62,3,70,3,7,114,3,127,264,0,264,391
10/11/2017,SCK,CA,AWP,WE,Towers with Radar,5,8,38,3,54,0,0,28,11,39,5,8,66,14,93,16,16,32,125
10/12/2017,SCK,CA,AWP,WE,Towers with Radar,11,1,41,4,57,0,4,59,8,71,11,5,100,12,128,152,0,152,280
10/13/2017,SCK,CA,AWP,WE,Towers with Radar,7,5,28,1,41,0,1,66,3,70,7,6,94,4,111,284,0,284,395
10/14/2017,SCK,CA,AWP,WE,Towers with Radar,5,4,19,7,35,0,7,40,2,49,5,11,59,9,84,230,0,230,314
10/15/2017,SCK,CA,AWP,WE,Towers with Radar,11,3,38,0,52,0,2,47,2,51,11,5,85,2,103,14,0,14,117
10/16/2017,SCK,CA,AWP,WE,Towers with Radar,7,0,50,4,61,0,1,35,3,39,7,1,85,7,100,210,2,212,312
10/17/2017,SCK,CA,AWP,WE,Towers with Radar,3,2,36,15,56,0,3,52,2,57,3,5,88,17,113,228,34,262,375
10/18/2017,SCK,CA,AWP,WE,Towers with Radar,5,5,28,1,39,0,0,67,5,72,5,5,95,6,111,206,24,230,341
10/19/2017,SCK,CA,AWP,WE,Towers with Radar,8,2,42,1,53,0,1,46,6,53,8,3,88,7,106,188,0,188,294
10/20/2017,SCK,CA,AWP,WE,Towers with Radar,7,0,29,2,38,0,1,34,1,36,7,1,63,3,74,292,0,292,366
10/21/2017,SCK,CA,AWP,WE,Towers with Radar,5,1,30,1,37,0,7,65,1,73,5,8,95,2,110,246,0,246,356
10/22/2017,SCK,CA,AWP,WE,Towers with Radar,11,4,50,0,65,0,2,48,2,52,11,6,98,2,117,2,0,2,119
10/23/2017,SCK,CA,AWP,WE,Towers with Radar,7,1,35,0,43,0,3,62,0,65,7,4,97,0,108,74,0,74,182
10/24/2017,SCK,CA,AWP,WE,Towers with Radar,3,2,33,1,39,0,0,37,5,42,3,2,70,6,81,282,12,294,375
10/25/2017,SCK,CA,AWP,WE,Towers with Radar,4,1,45,0,50,0,4,57,0,61,4,5,102,0,111,284,0,284,395
10/26/2017,SCK,CA,AWP,WE,Towers with Radar,10,2,40,2,54,0,3,72,11,86,10,5,112,13,140,278,8,286,426
10/27/2017,SCK,CA,AWP,WE,Towers with Radar,6,1,28,0,35,0,9,58,0,67,6,10,86,0,102,164,0,164,266
10/28/2017,SCK,CA,AWP,WE,Towers with Radar,4,0,22,0,26,0,5,52,0,57,4,5,74,0,83,166,0,166,249
10/29/2017,SCK,CA,AWP,WE,Towers with Radar,10,7,14,2,33,0,2,39,0,41,10,9,53,2,74,8,0,8,82
10/30/2017,SCK,CA,AWP,WE,Towers with Radar,6,11,45,1,63,0,2,47,2,51,6,13,92,3,114,178,0,178,292
10/31/2017,SCK,CA,AWP,WE,Towers with Radar,2,11,32,1,46,0,1,42,2,45,2,12,74,3,91,172,0,172,263
11/01/2017,SCK,CA,AWP,WE,Towers with Radar,4,4,49,1,58,0,7,53,0,60,4,11,102,1,118,184,0,184,302
11/02/2017,SCK,CA,AWP,WE,Towers with Radar,10,3,37,0,50,0,3,57,5,65,10,6,94,5,115,164,0,164,279
11/03/2017,SCK,CA,AWP,WE,Towers with Radar,6,2,26,0,34,0,1,33,0,34,6,3,59,0,68,174,0,174,242
11/04/2017,SCK,CA,AWP,WE,Towers with Radar,4,0,32,0,36,0,1,26,0,27,4,1,58,0,63,138,0,138,201
11/05/2017,SCK,CA,AWP,WE,Towers with Radar,8,1,25,0,34,0,0,39,0,39,8,1,64,0,73,4,0,4,77
11/06/2017,SCK,CA,AWP,WE,Towers with Radar,7,5,22,0,34,0,8,61,3,72,7,13,83,3,106,210,0,210,316
11/07/2017,SCK,CA,AWP,WE,Towers with Radar,4,2,39,0,45,0,3,57,1,61,4,5,96,1,106,284,0,284,390
11/08/2017,SCK,CA,AWP,WE,Towers with Radar,4,1,29,0,34,0,2,52,1,55,4,3,81,1,89,302,1,303,392
11/09/2017,SCK,CA,AWP,WE,Towers with Radar,9,5,30,2,46,0,7,38,0,45,9,12,68,2,91,266,0,266,357
11/10/2017,SCK,CA,AWP,WE,Towers with Radar,6,1,43,1,51,0,7,75,1,83,6,8,118,2,134,240,0,240,374
11/11/2017,SCK,CA,AWP,WE,Towers with Radar,6,0,28,0,34,0,4,63,1,68,6,4,91,1,102,158,0,158,260
11/12/2017,SCK,CA,AWP,WE,Towers with Radar,11,1,40,2,54,0,2,49,2,53,11,3,89,4,107,40,14,54,161
11/13/2017,SCK,CA,AWP,WE,Towers with Radar,6,3,27,1,37,0,6,45,5,56,6,9,72,6,93,132,12,144,237
11/14/2017,SCK,CA,AWP,WE,Towers with Radar,2,0,32,0,34,0,8,66,4,78,2,8,98,4,112,112,0,112,224
11/15/2017,SCK,CA,AWP,WE,Towers with Radar,4,1,30,2,37,0,5,43,4,52,4,6,73,6,89,222,0,222,311
11/16/2017,SCK,CA,AWP,WE,Towers with Radar,10,0,13,4,27,0,0,2,2,4,10,0,15,6,31,18,0,18,49
11/17/2017,SCK,CA,AWP,WE,Towers with Radar,6,2,42,0,50,0,5,107,0,112,6,7,149,0,162,226,0,226,388
11/18/2017,SCK,CA,AWP,WE,Towers with Radar,4,2,71,0,77,0,4,105,1,110,4,6,176,1,187,158,0,158,345
11/19/2017,SCK,CA,AWP,WE,Towers with Radar,9,1,37,0,47,0,3,37,0,40,9,4,74,0,87,30,0,30,117
11/20/2017,SCK,CA,AWP,WE,Towers with Radar,6,3,42,6,57,0,3,53,3,59,6,6,95,9,116,102,24,126,242
11/21/2017,SCK,CA,AWP,WE,Towers with Radar,10,5,59,2,76,0,2,48,0,50,10,7,107,2,126,82,0,82,208
11/22/2017,SCK,CA,AWP,WE,Towers with Radar,6,0,39,0,45,0,5,47,0,52,6,5,86,0,97,146,0,146,243
11/23/2017,SCK,CA,AWP,WE,Towers with Radar,4,0,6,0,10,0,7,41,0,48,4,7,47,0,58,188,0,188,246
11/24/2017,SCK,CA,AWP,WE,Towers with Radar,6,2,26,2,36,0,0,35,0,35,6,2,61,2,71,80,0,80,151
11/25/2017,SCK,CA,AWP,WE,Towers with Radar,8,0,27,1,36,0,10,25,2,37,8,10,52,3,73,96,0,96,169
11/26/2017,SCK,CA,AWP,WE,Towers with Radar,6,5,22,0,33,0,0,18,0,18,6,5,40,0,51,20,0,20,71
11/27/2017,SCK,CA,AWP,WE,Towers with Radar,5,7,30,0,42,0,5,55,1,61,5,12,85,1,103,170,16,186,289
11/28/2017,SCK,CA,AWP,WE,Towers with Radar,2,7,53,1,63,0,9,61,1,71,2,16,114,2,134,130,0,130,264
11/29/2017,SCK,CA,AWP,WE,Towers with Radar,4,2,24,2,32,0,6,73,0,79,4,8,97,2,111,184,2,186,297
11/30/2017,SCK,CA,AWP,WE,Towers with Radar,8,3,43,4,58,0,7,98,4,109,8,10,141,8,167,176,0,176,343
12/01/2017,SCK,CA,AWP,WE,Towers with Radar,6,1,25,1,33,0,6,46,2,54,6,7,71,3,87,248,0,248,335
12/02/2017,SCK,CA,AWP,WE,Towers with Radar,6,3,48,2,59,0,7,40,0,47,6,10,88,2,106,226,0,226,332
12/03/2017,SCK,CA,AWP,WE,Towers with Radar,10,2,24,0,36,0,5,37,0,42,10,7,61,0,78,14,0,14,92
12/04/2017,SCK,CA,AWP,WE,Towers with Radar,4,7,43,3,57,0,2,51,0,53,4,9,94,3,110,132,0,132,242
12/05/2017,SCK,CA,AWP,WE,Towers with Radar,2,1,32,3,38,0,6,84,2,92,2,7,116,5,130,200,10,210,340
12/06/2017,SCK,CA,AWP,WE,Towers with Radar,4,3,41,0,48,0,3,87,6,96,4,6,128,6,144,164,0,164,308
12/07/2017,SCK,CA,AWP,WE,Towers with Radar,8,1,37,0,46,0,1,77,3,81,8,2,114,3,127,96,18,114,241
12/08/2017,SCK,CA,AWP,WE,Towers with Radar,8,1,20,0,29,0,1,67,0,68,8,2,87,0,97,276,0,276,373
12/09/2017,SCK,CA,AWP,WE,Towers with Radar,4,1,16,0,21,0,2,60,1,63,4,3,76,1,84,220,0,220,304
12/10/2017,SCK,CA,AWP,WE,Towers with Radar,9,1,26,0,36,0,2,39,3,44,9,3,65,3,80,76,0,76,156
12/11/2017,SCK,CA,AWP,WE,Towers with Radar,6,0,20,0,26,0,2,52,2,56,6,2,72,2,82,84,0,84,166
12/12/2017,SCK,CA,AWP,WE,Towers with Radar,2,0,23,1,26,0,0,50,7,57,2,0,73,8,83,69,0,69,152
12/13/2017,SCK,CA,AWP,WE,Towers with Radar,4,4,32,1,41,0,0,60,2,62,4,4,92,3,103,62,0,62,165
12/14/2017,SCK,CA,AWP,WE,Towers with Radar,8,0,17,2,27,0,1,68,1,70,8,1,85,3,97,160,18,178,275
12/15/2017,SCK,CA,AWP,WE,Towers with Radar,6,0,37,0,43,0,0,63,0,63,6,0,100,0,106,98,0,98,204
12/16/2017,SCK,CA,AWP,WE,Towers with Radar,4,0,5,0,9,0,4,15,0,19,4,4,20,0,28,12,0,12,40
12/17/2017,SCK,CA,AWP,WE,Towers with Radar,8,2,16,0,26,0,1,41,0,42,8,3,57,0,68,58,0,58,126
12/18/2017,SCK,CA,AWP,WE,Towers with Radar,4,0,25,2,31,0,3,76,2,81,4,3,101,4,112,110,0,110,222
12/19/2017,SCK,CA,AWP,WE,Towers with Radar,2,9,35,1,47,0,7,41,2,50,2,16,76,3,97,50,0,50,147
12/20/2017,SCK,CA,AWP,WE,Towers with Radar,4,0,16,0,20,0,2,43,2,47,4,2,59,2,67,68,4,72,139
12/21/2017,SCK,CA,AWP,WE,Towers with Radar,10,2,29,0,41,0,1,70,1,72,10,3,99,1,113,194,0,194,307
12/22/2017,SCK,CA,AWP,WE,Towers with Radar,6,0,10,0,16,0,2,62,0,64,6,2,72,0,80,142,0,142,222
12/23/2017,SCK,CA,AWP,WE,Towers with Radar,5,1,28,0,34,0,2,66,0,68,5,3,94,0,102,34,0,34,136
12/24/2017,SCK,CA,AWP,WE,Towers with Radar,10,0,11,0,21,0,4,12,0,16,10,4,23,0,37,0,0,0,37
12/25/2017,SCK,CA,AWP,WE,Towers with Radar,2,2,1,0,5,0,0,23,0,23,2,2,24,0,28,22,0,22,50
12/26/2017,SCK,CA,AWP,WE,Towers with Radar,6,0,17,0,23,0,3,48,1,52,6,3,65,1,75,80,0,80,155
12/27/2017,SCK,CA,AWP,WE,Towers with Radar,4,4,22,0,30,0,2,68,1,71,4,6,90,1,101,72,0,72,173
12/28/2017,SCK,CA,AWP,WE,Towers with Radar,10,0,40,0,50,0,4,61,0,65,10,4,101,0,115,104,0,104,219
12/29/2017,SCK,CA,AWP,WE,Towers with Radar,6,0,37,0,43,0,0,34,1,35,6,0,71,1,78,72,0,72,150
12/30/2017,SCK,CA,AWP,WE,Towers with Radar,5,0,36,0,41,0,5,50,0,55,5,5,86,0,96,104,0,104,200
12/31/2017,SCK,CA,AWP,WE,Towers with Radar,8,0,16,0,24,0,0,14,0,14,8,0,30,0,38,42,0,42,80
01/01/2018,SCK,CA,AWP,WE,Towers with Radar,2,2,26,0,30,0,0,40,0,40,2,2,66,0,70,122,0,122,192
01/02/2018,SCK,CA,AWP,WE,Towers with Radar,4,4,27,2,37,0,1,33,1,35,4,5,60,3,72,70,0,70,142
01/03/2018,SCK,CA,AWP,WE,Towers with Radar,4,1,45,2,52,0,0,9,0,9,4,1,54,2,61,24,0,24,85
01/04/2018,SCK,CA,AWP,WE,Towers with Radar,5,2,27,1,35,0,3,53,4,60,5,5,80,5,95,100,0,100,195
01/05/2018,SCK,CA,AWP,WE,Towers with Radar,5,2,30,7,44,0,0,20,1,21,5,2,50,8,65,136,0,136,201
01/06/2018,SCK,CA,AWP,WE,Towers with Radar,4,1,41,0,46,0,5,89,3,97,4,6,130,3,143,244,0,244,387
01/07/2018,SCK,CA,AWP,WE,Towers with Radar,9,3,43,0,55,0,0,5,4,9,9,3,48,4,64,46,30,76,140
01/08/2018,SCK,CA,AWP,WE,Towers with Radar,3,1,19,0,23,0,0,0,0,0,3,1,19,0,23,0,0,0,23
01/09/2018,SCK,CA,AWP,WE,Towers with Radar,3,1,59,1,64,0,0,0,0,0,3,1,59,1,64,0,0,0,64
01/10/2018,SCK,CA,AWP,WE,Towers with Radar,5,3,42,0,50,0,0,19,8,27,5,3,61,8,77,350,4,354,431
01/11/2018,SCK,CA,AWP,WE,Towers with Radar,7,1,39,3,50,0,1,73,0,74,7,2,112,3,124,188,0,188,312
01/12/2018,SCK,CA,AWP,WE,Towers with Radar,8,2,38,3,51,0,0,0,0,0,8,2,38,3,51,0,0,0,51
01/13/2018,SCK,CA,AWP,WE,Towers with Radar,6,0,75,0,81,0,0,6,0,6,6,0,81,0,87,0,0,0,87
01/14/2018,SCK,CA,AWP,WE,Towers with Radar,9,4,45,0,58,0,0,2,0,2,9,4,47,0,60,0,0,0,60
01/15/2018,SCK,CA,AWP,WE,Towers with Radar,4,3,77,0,84,0,0,3,0,3,4,3,80,0,87,0,0,0,87
01/16/2018,SCK,CA,AWP,WE,Towers with Radar,3,4,43,7,57,0,0,1,1,2,3,4,44,8,59,0,0,0,59
01/17/2018,SCK,CA,AWP,WE,Towers with Radar,6,5,63,6,80,0,0,0,0,0,6,5,63,6,80,0,0,0,80
01/18/2018,SCK,CA,AWP,WE,Towers with Radar,8,0,48,2,58,0,0,15,0,15,8,0,63,2,73,48,0,48,121
01/19/2018,SCK,CA,AWP,WE,Towers with Radar,6,2,45,4,57,0,3,85,1,89,6,5,130,5,146,176,2,178,324
01/20/2018,SCK,CA,AWP,WE,Towers with Radar,5,2,44,0,51,0,9,102,1,112,5,11,146,1,163,168,0,168,331
01/21/2018,SCK,CA,AWP,WE,Towers with Radar,9,1,15,0,25,0,0,29,0,29,9,1,44,0,54,38,0,38,92
01/22/2018,SCK,CA,AWP,WE,Towers with Radar,5,3,17,4,29,0,3,16,0,19,5,6,33,4,48,248,2,250,298
01/23/2018,SCK,CA,AWP,WE,Towers with Radar,3,3,47,4,57,0,5,51,6,62,3,8,98,10,119,122,6,128,247
01/24/2018,SCK,CA,AWP,WE,Towers with Radar,5,5,24,0,34,0,0,21,0,21,5,5,45,0,55,84,0,84,139
01/25/2018,SCK,CA,AWP,WE,Towers with Radar,7,8,32,5,52,0,2,59,9,70,7,10,91,14,122,186,22,208,330
01/26/2018,SCK,CA,AWP,WE,Towers with Radar,6,2,46,4,58,0,4,107,2,113,6,6,153,6,171,90,4,94,265
01/27/2018,SCK,CA,AWP,WE,Towers with Radar,5,0,45,1,51,0,4,84,1,89,5,4,129,2,140,98,0,98,238
01/28/2018,SCK,CA,AWP,WE,Towers with Radar,9,0,29,0,38,0,0,43,0,43,9,0,72,0,81,4,0,4,85
01/29/2018,SCK,CA,AWP,WE,Towers with Radar,4,5,29,0,38,0,1,67,3,71,4,6,96,3,109,178,0,178,287
01/30/2018,SCK,CA,AWP,WE,Towers with Radar,2,4,35,1,42,0,4,47,6,57,2,8,82,7,99,52,8,60,159
01/31/2018,SCK,CA,AWP,WE,Towers with Radar,5,5,33,0,43,0,2,57,4,63,5,7,90,4,106,110,0,110,216
02/01/2018,SCK,CA,AWP,WE,Towers with Radar,7,0,48,1,56,0,2,82,2,86,7,2,130,3,142,86,6,92,234
02/02/2018,SCK,CA,AWP,WE,Towers with Radar,7,0,30,0,37,0,5,53,0,58,7,5,83,0,95,32,0,32,127
02/03/2018,SCK,CA,AWP,WE,Towers with Radar,5,0,29,0,34,0,2,73,0,75,5,2,102,0,109,220,0,220,329
02/04/2018,SCK,CA,AWP,WE,Towers with Radar,8,1,19,0,28,0,0,37,0,37,8,1,56,0,65,82,0,82,147
02/05/2018,SCK,CA,AWP,WE,Towers with Radar,3,0,39,0,42,0,1,38,0,39,3,1,77,0,81,218,0,218,299
02/06/2018,SCK,CA,AWP,WE,Towers with Radar,5,2,42,3,52,0,5,69,2,76,5,7,111,5,128,222,2,224,352
02/07/2018,SCK,CA,AWP,WE,Towers with Radar,5,5,39,0,49,0,4,59,6,69,5,9,98,6,118,220,24,244,362
02/08/2018,SCK,CA,AWP,WE,Towers with Radar,7,1,31,2,41,0,4,69,1,74,7,5,100,3,115,304,10,314,429
02/09/2018,SCK,CA,AWP,WE,Towers with Radar,9,11,46,1,67,0,4,82,1,87,9,15,128,2,154,252,0,252,406
02/10/2018,SCK,CA,AWP,WE,Towers with Radar,5,1,33,2,41,0,2,47,6,55,5,3,80,8,96,118,0,118,214
02/11/2018,SCK,CA,AWP,WE,Towers with Radar,8,1,25,0,34,0,6,21,0,27,8,7,46,0,61,90,0,90,151
02/12/2018,SCK,CA,AWP,WE,Towers with Radar,3,1,29,4,37,0,9,54,1,64,3,10,83,5,101,126,12,138,239
02/13/2018,SCK,CA,AWP,WE,Towers with Radar,3,2,34,4,43,0,1,76,2,79,3,3,110,6,122,276,0,276,398
02/14/2018,SCK,CA,AWP,WE,Towers with Radar,5,0,28,3,36,0,4,78,1,83,5,4,106,4,119,228,0,228,347
02/15/2018,SCK,CA,AWP,WE,Towers with Radar,8,1,30,3,42,0,4,61,1,66,8,5,91,4,108,148,12,160,268
02/16/2018,SCK,CA,AWP,WE,Towers with Radar,5,3,40,0,48,0,4,73,0,77,5,7,113,0,125,98,0,98,223
02/17/2018,SCK,CA,AWP,WE,Towers with Radar,5,4,20,0,29,0,1,65,0,66,5,5,85,0,95,232,0,232,327
02/18/2018,SCK,CA,AWP,WE,Towers with Radar,8,1,7,0,16,0,0,11,0,11,8,1,18,0,27,8,0,8,35
02/19/2018,SCK,CA,AWP,WE,Towers with Radar,6,2,62,0,70,0,0,63,1,64,6,2,125,1,134,178,0,178,312
02/20/2018,SCK,CA,AWP,WE,Towers with Radar,5,2,48,0,55,0,4,94,0,98,5,6,142,0,153,252,0,252,405
02/21/2018,SCK,CA,AWP,WE,Towers with Radar,5,0,49,1,55,54,1,57,8,120,59,1,106,9,175,174,10,184,359
02/22/2018,SCK,CA,AWP,WE,Towers with Radar,8,1,22,1,32,0,4,31,6,41,8,5,53,7,73,110,0,110,183
02/23/2018,SCK,CA,AWP,WE,Towers with Radar,6,2,33,0,41,0,1,59,0,60,6,3,92,0,101,118,0,118,219
02/24/2018,SCK,CA,AWP,WE,Towers with Radar,5,4,25,4,38,0,3,28,3,34,5,7,53,7,72,126,0,126,198
02/25/2018,SCK,CA,AWP,WE,Towers with Radar,8,3,26,0,37,0,3,39,2,44,8,6,65,2,81,34,0,34,115
02/26/2018,SCK,CA,AWP,WE,Towers with Radar,5,1,27,0,33,0,1,8,0,9,5,2,35,0,42,88,0,88,130
02/27/2018,SCK,CA,AWP,WE,Towers with Radar,5,0,61,0,66,0,1,78,2,81,5,1,139,2,147,222,14,236,383
02/28/2018,SCK,CA,AWP,WE,Towers with Radar,5,1,44,0,50,0,2,74,6,82,5,3,118,6,132,274,8,282,414
03/01/2018,SCK,CA,AWP,WE,Towers with Radar,9,4,11,0,24,0,3,1,0,4,9,7,12,0,28,0,0,0,28
03/02/2018,SCK,CA,AWP,WE,Towers with Radar,6,1,27,0,34,0,0,18,0,18,6,1,45,0,52,192,14,206,258
03/03/2018,SCK,CA,AWP,WE,Towers with Radar,5,1,15,0,21,0,1,16,0,17,5,2,31,0,38,188,0,188,226
03/04/2018,SCK,CA,AWP,WE,Towers with Radar,9,1,40,0,50,0,2,37,0,39,9,3,77,0,89,10,0,10,99
03/05/2018,SCK,CA,AWP,WE,Towers with Radar,8,1,52,0,61,0,3,84,0,87,8,4,136,0,148,174,0,174,322
03/06/2018,SCK,CA,AWP,WE,Towers with Radar,5,2,39,0,46,0,5,69,8,82,5,7,108,8,128,232,10,242,370
03/07/2018,SCK,CA,AWP,WE,Towers with Radar,5,0,43,0,48,0,0,67,7,74,5,0,110,7,122,272,2,274,396
03/08/2018,SCK,CA,AWP,WE,Towers with Radar,10,4,39,2,55,0,3,60,6,69,10,7,99,8,124,268,10,278,402
03/09/2018,SCK,CA,AWP,WE,Towers with Radar,8,2,31,3,44,0,4,70,3,77,8,6,101,6,121,210,0,210,331
03/10/2018,SCK,CA,AWP,WE,Towers with Radar,5,4,40,0,49,0,2,45,1,48,5,6,85,1,97,106,0,106,203
03/11/2018,SCK,CA,AWP,WE,Towers with Radar,10,9,13,0,32,0,3,31,8,42,10,12,44,8,74,36,0,36,110
03/12/2018,SCK,CA,AWP,WE,Towers with Radar,6,5,37,0,48,0,5,77,7,89,6,10,114,7,137,132,2,134,271
03/13/2018,SCK,CA,AWP,WE,Towers with Radar,5,1,20,0,26,0,3,7,3,13,5,4,27,3,39,36,0,36,75
03/14/2018,SCK,CA,AWP,WE,Towers with Radar,5,0,37,0,42,0,0,65,4,69,5,0,102,4,111,40,2,42,153
03/15/2018,SCK,CA,AWP,WE,Towers with Radar,9,1,33,0,43,0,3,95,9,107,9,4,128,9,150,166,0,166,316
03/16/2018,SCK,CA,AWP,WE,Towers with Radar,6,7,28,2,43,0,0,17,2,19,6,7,45,4,62,116,0,116,178
03/17/2018,SCK,CA,AWP,WE,Towers with Radar,5,2,31,2,40,0,2,63,6,71,5,4,94,8,111,178,0,178,289
03/18/2018,SCK,CA,AWP,WE,Towers with Radar,10,2,30,0,42,0,3,46,0,49,10,5,76,0,91,26,0,26,117
03/19/2018,SCK,CA,AWP,WE,Towers with Radar,6,9,35,1,51,0,3,85,5,93,6,12,120,6,144,224,0,224,368
03/20/2018,SCK,CA,AWP,WE,Towers with Radar,5,4,31,3,43,0,0,27,1,28,5,4,58,4,71,242,2,244,315
03/21/2018,SCK,CA,AWP,WE,Towers with Radar,5,2,8,0,15,0,0,3,0,3,5,2,11,0,18,0,0,0,18
03/22/2018,SCK,CA,AWP,WE,Towers with Radar,9,6,15,0,30,0,0,9,5,14,9,6,24,5,44,0,0,0,44
03/23/2018,SCK,CA,AWP,WE,Towers with Radar,5,5,48,0,58,0,2,98,2,102,5,7,146,2,160,226,0,226,386
03/24/2018,SCK,CA,AWP,WE,Towers with Radar,5,1,19,0,25,0,5,40,1,46,5,6,59,1,71,176,0,176,247
03/25/2018,SCK,CA,AWP,WE,Towers with Radar,8,3,32,0,43,0,5,41,0,46,8,8,73,0,89,24,0,24,113
03/26/2018,SCK,CA,AWP,WE,Towers with Radar,7,1,64,1,73,2,4,76,2,84,9,5,140,3,157,54,8,62,219
03/27/2018,SCK,CA,AWP,WE,Towers with Radar,5,3,27,1,36,0,1,58,3,62,5,4,85,4,98,342,0,342,440
03/28/2018,SCK,CA,AWP,WE,Towers with Radar,5,5,30,2,42,0,1,80,4,85,5,6,110,6,127,160,4,164,291
03/29/2018,SCK,CA,AWP,WE,Towers with Radar,10,2,38,4,54,0,3,77,0,80,10,5,115,4,134,174,0,174,308
03/30/2018,SCK,CA,AWP,WE,Towers with Radar,6,3,33,1,43,0,1,74,2,77,6,4,107,3,120,140,0,140,260
03/31/2018,SCK,CA,AWP,WE,Towers with Radar,5,0,61,4,70,0,4,85,0,89,5,4,146,4,159,72,0,72,231
04/01/2018,SCK,CA,AWP,WE,Towers with Radar,11,4,17,0,32,0,3,27,0,30,11,7,44,0,62,18,0,18,80
04/02/2018,SCK,CA,AWP,WE,Towers with Radar,6,2,44,1,53,0,1,66,2,69,6,3,110,3,122,134,0,134,256
04/03/2018,SCK,CA,AWP,WE,Towers with Radar,5,7,43,1,56,0,1,102,2,105,5,8,145,3,161,94,0,94,255
04/04/2018,SCK,CA,AWP,WE,Towers with Radar,4,4,53,1,62,0,3,74,5,82,4,7,127,6,144,150,0,150,294
04/05/2018,SCK,CA,AWP,WE,Towers with Radar,10,0,32,1,43,0,4,81,6,91,10,4,113,7,134,158,4,162,296
04/06/2018,SCK,CA,AWP,WE,Towers with Radar,5,2,24,1,32,0,1,2,0,3,5,3,26,1,35,0,0,0,35
04/07/2018,SCK,CA,AWP,WE,Towers with Radar,5,1,43,0,49,0,2,27,0,29,5,3,70,0,78,82,0,82,160
04/08/2018,SCK,CA,AWP,WE,Towers with Radar,11,7,32,0,50,0,0,43,2,45,11,7,75,2,95,56,0,56,151
04/09/2018,SCK,CA,AWP,WE,Towers with Radar,8,0,29,2,39,0,0,75,1,76,8,0,104,3,115,154,2,156,271
04/10/2018,SCK,CA,AWP,WE,Towers with Radar,5,0,36,4,45,0,2,74,5,81,5,2,110,9,126,96,0,96,222
04/11/2018,SCK,CA,AWP,WE,Towers with Radar,5,5,40,13,63,3,15,64,3,85,8,20,104,16,148,140,30,170,318
04/12/2018,SCK,CA,AWP,WE,Towers with Radar,9,2,34,1,46,0,1,61,5,67,9,3,95,6,113,80,0,80,193
04/13/2018,SCK,CA,AWP,WE,Towers with Radar,8,2,39,1,50,0,2,83,3,88,8,4,122,4,138,100,6,106,244
04/14/2018,SCK,CA,AWP,WE,Towers with Radar,5,0,40,0,45,0,9,72,13,94,5,9,112,13,139,162,2,164,303
04/15/2018,SCK,CA,AWP,WE,Towers with Radar,11,2,46,0,59,0,0,36,13,49,11,2,82,13,108,26,0,26,134
04/16/2018,SCK,CA,AWP,WE,Towers with Radar,6,1,12,0,19,0,0,18,0,18,6,1,30,0,37,12,0,12,49
04/17/2018,SCK,CA,AWP,WE,Towers with Radar,5,6,72,1,84,0,1,25,2,28,5,7,97,3,112,6,10,16,128
04/18/2018,SCK,CA,AWP,WE,Towers with Radar,5,5,37,0,47,0,1,84,5,90,5,6,121,5,137,76,0,76,213
04/19/2018,SCK,CA,AWP,WE,Towers with Radar,10,7,39,1,57,0,9,61,2,72,10,16,100,3,129,42,0,42,171
04/20/2018,SCK,CA,AWP,WE,Towers with Radar,6,0,40,0,46,0,1,80,0,81,6,1,120,0,127,92,0,92,219
04/21/2018,SCK,CA,AWP,WE,Towers with Radar,5,3,29,0,37,0,1,70,0,71,5,4,99,0,108,64,0,64,172
04/22/2018,SCK,CA,AWP,WE,Towers with Radar,11,1,34,3,49,0,6,53,1,60,11,7,87,4,109,64,0,64,173
04/23/2018,SCK,CA,AWP,WE,Towers with Radar,8,0,45,0,53,0,2,63,1,66,8,2,108,1,119,92,0,92,211
04/24/2018,SCK,CA,AWP,WE,Towers with Radar,5,4,67,1,77,0,2,77,6,85,5,6,144,7,162,172,2,174,336
04/25/2018,SCK,CA,AWP,WE,Towers with Radar,5,2,45,4,56,0,6,71,0,77,5,8,116,4,133,212,0,212,345
04/26/2018,SCK,CA,AWP,WE,Towers with Radar,10,13,33,3,59,0,2,72,2,76,10,15,105,5,135,134,10,144,279
04/27/2018,SCK,CA,AWP,WE,Towers with Radar,6,6,27,0,39,0,0,47,8,55,6,6,74,8,94,78,0,78,172
04/28/2018,SCK,CA,AWP,WE,Towers with Radar,5,2,38,4,49,2,3,62,0,67,7,5,100,4,116,116,0,116,232
04/29/2018,SCK,CA,AWP,WE,Towers with Radar,11,1,28,0,40,0,9,33,0,42,11,10,61,0,82,48,0,48,130
04/30/2018,SCK,CA,AWP,WE,Towers with Radar,7,0,38,10,55,0,0,63,2,65,7,0,101,12,120,80,4,84,204
05/01/2018,SCK,CA,AWP,WE,Towers with Radar,5,2,26,1,34,0,0,54,2,56,5,2,80,3,90,82,6,88,178
05/02/2018,SCK,CA,AWP,WE,Towers with Radar,5,7,26,0,38,0,4,54,1,59,5,11,80,1,97,84,0,84,181
05/03/2018,SCK,CA,AWP,WE,Towers with Radar,11,4,23,1,39,0,0,60,5,65,11,4,83,6,104,104,0,104,208
05/04/2018,SCK,CA,AWP,WE,Towers with Radar,6,1,36,0,43,0,2,72,2,76,6,3,108,2,119,64,0,64,183
05/05/2018,SCK,CA,AWP,WE,Towers with Radar,5,4,40,5,54,0,4,86,6,96,5,8,126,11,150,166,0,166,316
05/06/2018,SCK,CA,AWP,WE,Towers with Radar,10,0,30,0,40,0,10,42,4,56,10,10,72,4,96,50,0,50,146
05/07/2018,SCK,CA,AWP,WE,Towers with Radar,7,2,33,1,43,0,0,51,0,51,7,2,84,1,94,140,0,140,234
05/08/2018,SCK,CA,AWP,WE,Towers with Radar,5,0,45,3,53,0,1,81,2,84,5,1,126,5,137,256,0,256,393
05/09/2018,SCK,CA,AWP,WE,Towers with Radar,5,8,28,0,41,0,0,67,4,71,5,8,95,4,112,198,0,198,310
05/10/2018,SCK,CA,AWP,WE,Towers with Radar,11,2,22,4,39,0,0,84,0,84,11,2,106,4,123,162,44,206,329
05/11/2018,SCK,CA,AWP,WE,Towers with Radar,5,3,29,1,38,0,0,43,0,43,5,3,72,1,81,50,0,50,131
05/12/2018,SCK,CA,AWP,WE,Towers with Radar,5,1,50,0,56,0,0,79,0,79,5,1,129,0,135,70,0,70,205
05/13/2018,SCK,CA,AWP,WE,Towers with Radar,10,3,18,0,31,0,2,39,0,41,10,5,57,0,72,20,0,20,92
05/14/2018,SCK,CA,AWP,WE,Towers with Radar,9,9,40,0,58,0,4,78,2,84,9,13,118,2,142,168,0,168,310
05/15/2018,SCK,CA,AWP,WE,Towers with Radar,5,1,62,1,69,0,0,91,4,95,5,1,153,5,164,180,12,192,356
05/16/2018,SCK,CA,AWP,WE,Towers with Radar,7,3,38,3,51,0,2,53,4,59,7,5,91,7,110,164,8,172,282
05/17/2018,SCK,CA,AWP,WE,Towers with Radar,6,4,44,1,55,0,1,72,3,76,6,5,116,4,131,62,0,62,193
05/18/2018,SCK,CA,AWP,WE,Towers with Radar,10,6,39,0,55,0,2,66,0,68,10,8,105,0,123,98,0,98,221
05/19/2018,SCK,CA,AWP,WE,Towers with Radar,5,2,30,1,38,0,7,75,0,82,5,9,105,1,120,100,0,100,220
05/20/2018,SCK,CA,AWP,WE,Towers with Radar,5,1,29,0,35,0,5,43,0,48,5,6,72,0,83,46,0,46,129
05/21/2018,SCK,CA,AWP,WE,Towers with Radar,9,3,39,0,51,0,5,67,2,74,9,8,106,2,125,170,0,170,295
05/22/2018,SCK,CA,AWP,WE,Towers with Radar,5,3,40,2,50,0,0,69,6,75,5,3,109,8,125,186,0,186,311
05/23/2018,SCK,CA,AWP,WE,Towers with Radar,7,4,43,7,61,0,3,73,6,82,7,7,116,13,143,178,0,178,321
05/24/2018,SCK,CA,AWP,WE,Towers with Radar,5,3,42,1,51,0,2,61,2,65,5,5,103,3,116,56,0,56,172
05/25/2018,SCK,CA,AWP,WE,Towers with Radar,10,2,36,0,48,0,0,18,0,18,10,2,54,0,66,42,0,42,108
05/26/2018,SCK,CA,AWP,WE,Towers with Radar,5,2,27,0,34,0,5,44,0,49,5,7,71,0,83,60,0,60,143
05/27/2018,SCK,CA,AWP,WE,Towers with Radar,6,2,11,0,19,0,6,31,0,37,6,8,42,0,56,23,0,23,79
05/28/2018,SCK,CA,AWP,WE,Towers with Radar,10,1,42,0,53,0,2,59,0,61,10,3,101,0,114,132,0,132,246
05/29/2018,SCK,CA,AWP,WE,Towers with Radar,5,6,38,1,50,0,1,57,1,59,5,7,95,2,109,144,0,144,253
05/30/2018,SCK,CA,AWP,WE,Towers with Radar,7,4,32,1,44,0,2,57,2,61,7,6,89,3,105,48,0,48,153
05/31/2018,SCK,CA,AWP,WE,Towers with Radar,5,0,23,1,29,0,0,53,2,55,5,0,76,3,84,114,0,114,198
06/01/2018,SCK,CA,AWP,WE,Towers with Radar,10,0,28,0,38,0,0,102,0,102,10,0,130,0,140,138,0,138,278
06/02/2018,SCK,CA,AWP,WE,Towers with Radar,5,0,24,0,29,0,2,74,0,76,5,2,98,0,105,144,0,144,249
06/03/2018,SCK,CA,AWP,WE,Towers with Radar,6,4,26,0,36,0,0,29,0,29,6,4,55,0,65,6,0,6,71
06/04/2018,SCK,CA,AWP,WE,Towers with Radar,8,2,37,0,47,0,0,70,4,74,8,2,107,4,121,100,0,100,221
06/05/2018,SCK,CA,AWP,WE,Towers with Radar,5,2,63,2,72,0,0,66,5,71,5,2,129,7,143,166,8,174,317
06/06/2018,SCK,CA,AWP,WE,Towers with Radar,7,4,33,4,48,0,2,63,3,68,7,6,96,7,116,174,0,174,290
06/07/2018,SCK,CA,AWP,WE,Towers with Radar,5,3,37,0,45,0,0,85,4,89,5,3,122,4,134,120,0,120,254
06/08/2018,SCK,CA,AWP,WE,Towers with Radar,10,5,23,0,38,0,3,67,1,71,10,8,90,1,109,178,0,178,287
06/09/2018,SCK,CA,AWP,WE,Towers with Radar,5,3,23,0,31,0,8,47,7,62,5,11,70,7,93,166,0,166,259
06/10/2018,SCK,CA,AWP,WE,Towers with Radar,5,3,38,0,46,0,3,48,2,53,5,6,86,2,99,18,0,18,117
06/11/2018,SCK,CA,AWP,WE,Towers with Radar,12,1,38,2,53,0,4,61,2,67,12,5,99,4,120,128,4,132,252
06/12/2018,SCK,CA,AWP,WE,Towers with Radar,5,1,41,4,51,0,0,73,4,77,5,1,114,8,128,184,4,188,316
06/13/2018,SCK,CA,AWP,WE,Towers with Radar,7,5,37,0,49,0,3,63,4,70,7,8,100,4,119,102,0,102,221
06/14/2018,SCK,CA,AWP,WE,Towers with Radar,6,5,40,3,54,0,1,56,5,62,6,6,96,8,116,84,0,84,200
06/15/2018,SCK,CA,AWP,WE,Towers with Radar,11,4,30,0,45,0,8,60,2,70,11,12,90,2,115,197,0,197,312
06/16/2018,SCK,CA,AWP,WE,Towers with Radar,5,3,22,0,30,0,2,43,1,46,5,5,65,1,76,38,0,38,114
06/17/2018,SCK,CA,AWP,WE,Towers with Radar,6,4,34,0,44,0,8,40,0,48,6,12,74,0,92,26,0,26,118
06/18/2018,SCK,CA,AWP,WE,Towers with Radar,8,4,55,0,67,0,0,81,4,85,8,4,136,4,152,198,2,200,352
06/19/2018,SCK,CA,AWP,WE,Towers with Radar,5,1,52,0,58,0,0,70,4,74,5,1,122,4,132,200,0,200,332
06/20/2018,SCK,CA,AWP,WE,Towers with Radar,7,0,29,4,40,0,2,68,2,72,7,2,97,6,112,120,6,126,238
06/21/2018,SCK,CA,AWP,WE,Towers with Radar,5,1,31,1,38,0,4,99,4,107,5,5,130,5,145,124,0,124,269
06/22/2018,SCK,CA,AWP,WE,Towers with Radar,8,4,29,3,44,0,10,91,0,101,8,14,120,3,145,146,0,146,291
06/23/2018,SCK,CA,AWP,WE,Towers with Radar,4,3,8,1,16,0,11,57,0,68,4,14,65,1,84,88,0,88,172
06/24/2018,SCK,CA,AWP,WE,Towers with Radar,5,2,21,0,28,0,1,39,1,41,5,3,60,1,69,20,0,20,89
06/25/2018,SCK,CA,AWP,WE,Towers with Radar,8,2,35,3,48,0,0,76,2,78,8,2,111,5,126,142,0,142,268
06/26/2018,SCK,CA,AWP,WE,Towers with Radar,6,6,25,0,37,0,1,67,4,72,6,7,92,4,109,153,0,153,262
06/27/2018,SCK,CA,AWP,WE,Towers with Radar,7,3,33,0,43,0,0,61,1,62,7,3,94,1,105,274,2,276,381
06/28/2018,SCK,CA,AWP,WE,Towers with Radar,6,4,34,2,46,0,1,102,4,107,6,5,136,6,153,246,8,254,407
06/29/2018,SCK,CA,AWP,WE,Towers with Radar,7,0,27,2,36,0,2,60,4,66,7,2,87,6,102,184,0,184,286
06/30/2018,SCK,CA,AWP,WE,Towers with Radar,7,0,12,0,19,0,5,41,0,46,7,5,53,0,65,79,0,79,144
07/01/2018,SCK,CA,AWP,WE,Towers with Radar,6,0,19,0,25,0,2,37,0,39,6,2,56,0,64,32,0,32,96
07/02/2018,SCK,CA,AWP,WE,Towers with Radar,11,4,27,0,42,0,4,54,1,59,11,8,81,1,101,278,0,278,379
07/03/2018,SCK,CA,AWP,WE,Towers with Radar,5,2,29,0,36,0,0,59,3,62,5,2,88,3,98,214,0,214,312
07/04/2018,SCK,CA,AWP,WE,Towers with Radar,6,0,18,0,24,0,1,34,0,35,6,1,52,0,59,244,0,244,303
07/05/2018,SCK,CA,AWP,WE,Towers with Radar,5,10,42,2,59,0,2,37,3,42,5,12,79,5,101,240,2,242,343
07/06/2018,SCK,CA,AWP,WE,Towers with Radar,10,2,38,8,58,0,1,57,1,59,10,3,95,9,117,212,4,216,333
07/07/2018,SCK,CA,AWP,WE,Towers with Radar,5,2,21,0,28,0,0,61,0,61,5,2,82,0,89,120,0,120,209
07/08/2018,SCK,CA,AWP,WE,Towers with Radar,6,4,18,0,28,0,8,36,0,44,6,12,54,0,72,52,0,52,124
07/09/2018,SCK,CA,AWP,WE,Towers with Radar,5,3,37,0,45,0,1,64,4,69,5,4,101,4,114,174,0,174,288
07/10/2018,SCK,CA,AWP,WE,Towers with Radar,5,7,24,2,38,0,1,61,5,67,5,8,85,7,105,110,0,110,215
07/11/2018,SCK,CA,AWP,WE,Towers with Radar,7,3,30,3,43,0,3,48,4,55,7,6,78,7,98,122,0,122,220
07/12/2018,SCK,CA,AWP,WE,Towers with Radar,6,3,36,0,45,0,2,80,5,87,6,5,116,5,132,162,0,162,294
07/13/2018,SCK,CA,AWP,WE,Towers with Radar,9,2,24,6,41,0,4,73,5,82,9,6,97,11,123,162,6,168,291
07/14/2018,SCK,CA,AWP,WE,Towers with Radar,5,1,28,6,40,0,5,44,0,49,5,6,72,6,89,90,0,90,179
07/15/2018,SCK,CA,AWP,WE,Towers with Radar,6,1,20,0,27,0,3,36,3,42,6,4,56,3,69,18,0,18,87
07/16/2018,SCK,CA,AWP,WE,Towers with Radar,11,2,47,0,60,0,0,61,1,62,11,2,108,1,122,240,0,240,362
07/17/2018,SCK,CA,AWP,WE,Towers with Radar,5,2,42,0,49,0,2,60,0,62,5,4,102,0,111,132,0,132,243
07/18/2018,SCK,CA,AWP,WE,Towers with Radar,7,2,50,0,59,0,1,61,0,62,7,3,111,0,121,239,0,239,360
07/19/2018,SCK,CA,AWP,WE,Towers with Radar,5,2,25,1,33,0,3,59,4,66,5,5,84,5,99,204,6,210,309
07/20/2018,SCK,CA,AWP,WE,Towers with Radar,9,0,26,0,35,0,2,53,2,57,9,2,79,2,92,196,0,196,288
07/21/2018,SCK,CA,AWP,WE,Towers with Radar,5,3,22,0,30,0,4,44,1,49,5,7,66,1,79,108,0,108,187
07/22/2018,SCK,CA,AWP,WE,Towers with Radar,6,0,23,0,29,0,1,44,4,49,6,1,67,4,78,82,0,82,160
07/23/2018,SCK,CA,AWP,WE,Towers with Radar,13,4,28,7,52,0,5,60,4,69,13,9,88,11,121,240,12,252,373
07/24/2018,SCK,CA,AWP,WE,Towers with Radar,5,4,23,0,32,0,3,66,1,70,5,7,89,1,102,258,0,258,360
07/25/2018,SCK,CA,AWP,WE,Towers with Radar,8,2,26,0,36,0,3,74,6,83,8,5,100,6,119,248,0,248,367
07/26/2018,SCK,CA,AWP,WE,Towers with Radar,5,1,27,5,38,0,9,52,7,68,5,10,79,12,106,267,12,279,385
07/27/2018,SCK,CA,AWP,WE,Towers with Radar,12,0,26,0,38,0,23,70,1,94,12,23,96,1,132,166,0,166,298
07/28/2018,SCK,CA,AWP,WE,Towers with Radar,5,1,32,0,38,0,2,32,0,34,5,3,64,0,72,160,0,160,232
07/29/2018,SCK,CA,AWP,WE,Towers with Radar,5,2,26,0,33,0,0,20,1,21,5,2,46,1,54,2,0,2,56
07/30/2018,SCK,CA,AWP,WE,Towers with Radar,10,2,30,5,47,0,2,56,0,58,10,4,86,5,105,334,8,342,447
07/31/2018,SCK,CA,AWP,WE,Towers with Radar,5,3,22,5,35,0,1,44,1,46,5,4,66,6,81,340,0,340,421
08/01/2018,SCK,CA,AWP,WE,Towers with Radar,7,9,30,0,46,0,1,74,2,77,7,10,104,2,123,302,0,302,425
08/02/2018,SCK,CA,AWP,WE,Towers with Radar,5,6,36,0,47,0,0,80,1,81,5,6,116,1,128,218,0,218,346
08/03/2018,SCK,CA,AWP,WE,Towers with Radar,10,4,32,1,47,0,3,68,2,73,10,7,100,3,120,322,6,328,448
08/04/2018,SCK,CA,AWP,WE,Towers with Radar,5,5,39,0,49,0,3,38,0,41,5,8,77,0,90,104,0,104,194
08/05/2018,SCK,CA,AWP,WE,Towers with Radar,6,2,21,0,29,0,3,22,0,25,6,5,43,0,54,16,0,16,70
08/06/2018,SCK,CA,AWP,WE,Towers with Radar,10,2,30,0,42,0,0,39,1,40,10,2,69,1,82,234,0,234,316
08/07/2018,SCK,CA,AWP,WE,Towers with Radar,5,2,46,0,53,0,0,55,1,56,5,2,101,1,109,312,0,312,421
08/08/2018,SCK,CA,AWP,WE,Towers with Radar,7,3,52,0,62,0,1,51,3,55,7,4,103,3,117,328,0,328,445
08/09/2018,SCK,CA,AWP,WE,Towers with Radar,6,4,28,0,38,0,5,58,7,70,6,9,86,7,108,126,6,132,240
08/10/2018,SCK,CA,AWP,WE,Towers with Radar,9,9,26,14,58,0,4,53,1,58,9,13,79,15,116,190,0,190,306
08/11/2018,SCK,CA,AWP,WE,Towers with Radar,5,3,38,0,46,0,3,36,1,40,5,6,74,1,86,38,0,38,124
08/12/2018,SCK,CA,AWP,WE,Towers with Radar,6,1,27,0,34,0,2,53,0,55,6,3,80,0,89,12,0,12,101
08/13/2018,SCK,CA,AWP,WE,Towers with Radar,10,5,30,0,45,0,0,65,3,68,10,5,95,3,113,204,0,204,317
08/14/2018,SCK,CA,AWP,WE,Towers with Radar,5,6,40,0,51,0,2,85,2,89,5,8,125,2,140,158,1,159,299
08/15/2018,SCK,CA,AWP,WE,Towers with Radar,5,6,41,2,54,0,4,91,3,98,5,10,132,5,152,206,0,206,358
08/16/2018,SCK,CA,AWP,WE,Towers with Radar,6,9,47,12,74,0,3,101,5,109,6,12,148,17,183,252,16,268,451
08/17/2018,SCK,CA,AWP,WE,Towers with Radar,11,18,43,1,73,0,0,103,6,109,11,18,146,7,182,184,0,184,366
08/18/2018,SCK,CA,AWP,WE,Towers with Radar,5,4,33,1,43,0,0,75,1,76,5,4,108,2,119,66,0,66,185
08/19/2018,SCK,CA,AWP,WE,Towers with Radar,6,0,34,1,41,0,2,41,1,44,6,2,75,2,85,16,0,16,101
08/20/2018,SCK,CA,AWP,WE,Towers with Radar,9,0,70,0,79,0,0,65,0,65,9,0,135,0,144,139,0,139,283
08/21/2018,SCK,CA,AWP,WE,Towers with Radar,5,2,27,7,41,0,4,79,2,85,5,6,106,9,126,256,0,256,382
08/22/2018,SCK,CA,AWP,WE,Towers with Radar,5,0,34,0,39,0,0,52,0,52,5,0,86,0,91,210,0,210,301
08/23/2018,SCK,CA,AWP,WE,Towers with Radar,8,6,44,0,58,0,3,59,2,64,8,9,103,2,122,150,0,150,272
08/24/2018,SCK,CA,AWP,WE,Towers with Radar,10,2,35,0,47,0,0,50,0,50,10,2,85,0,97,166,0,166,263
08/25/2018,SCK,CA,AWP,WE,Towers with Radar,5,0,32,0,37,0,1,31,1,33,5,1,63,1,70,182,0,182,252
08/26/2018,SCK,CA,AWP,WE,Towers with Radar,4,0,30,0,34,0,0,56,0,56,4,0,86,0,90,20,0,20,110
08/27/2018,SCK,CA,AWP,WE,Towers with Radar,11,2,46,4,63,0,0,72,0,72,11,2,118,4,135,128,0,128,263
08/28/2018,SCK,CA,AWP,WE,Towers with Radar,5,5,40,0,50,0,2,71,4,77,5,7,111,4,127,122,0,122,249
08/29/2018,SCK,CA,AWP,WE,Towers with Radar,5,1,43,0,49,0,1,75,0,76,5,2,118,0,125,188,2,190,315
08/30/2018,SCK,CA,AWP,WE,Towers with Radar,6,0,38,3,47,0,2,79,2,83,6,2,117,5,130,154,0,154,284
08/31/2018,SCK,CA,AWP,WE,Towers with Radar,10,0,35,0,45,0,2,119,0,121,10,2,154,0,166,162,0,162,328
09/01/2018,SCK,CA,AWP,WE,Towers with Radar,5,0,26,0,31,0,3,51,0,54,5,3,77,0,85,66,0,66,151
09/02/2018,SCK,CA,AWP,WE,Towers with Radar,6,2,22,0,30,0,4,32,0,36,6,6,54,0,66,66,0,66,132
09/03/2018,SCK,CA,AWP,WE,Towers with Radar,10,2,30,0,42,0,1,47,0,48,10,3,77,0,90,146,0,146,236
09/04/2018,SCK,CA,AWP,WE,Towers with Radar,5,0,38,0,43,0,4,60,1,65,5,4,98,1,108,154,0,154,262
09/05/2018,SCK,CA,AWP,WE,Towers with Radar,5,2,33,0,40,0,4,80,2,86,5,6,113,2,126,176,0,176,302
09/06/2018,SCK,CA,AWP,WE,Towers with Radar,6,4,12,0,22,0,0,75,1,76,6,4,87,1,98,200,0,200,298
09/07/2018,SCK,CA,AWP,WE,Towers with Radar,9,2,28,0,39,0,1,61,0,62,9,3,89,0,101,114,0,114,215
09/08/2018,SCK,CA,AWP,WE,Towers with Radar,5,5,19,0,29,0,5,45,0,50,5,10,64,0,79,70,0,70,149
09/09/2018,SCK,CA,AWP,WE,Towers with Radar,6,2,11,0,19,0,3,43,1,47,6,5,54,1,66,18,0,18,84
09/10/2018,SCK,CA,AWP,WE,Towers with Radar,10,5,21,0,36,0,10,67,0,77,10,15,88,0,113,188,0,188,301
09/11/2018,SCK,CA,AWP,WE,Towers with Radar,4,1,41,4,50,0,1,68,2,71,4,2,109,6,121,160,36,196,317
09/12/2018,SCK,CA,AWP,WE,Towers with Radar,6,6,40,4,56,0,3,68,3,74,6,9,108,7,130,118,14,132,262
09/13/2018,SCK,CA,AWP,WE,Towers with Radar,7,6,29,5,47,0,3,73,0,76,7,9,102,5,123,138,0,138,261
09/14/2018,SCK,CA,AWP,WE,Towers with Radar,13,4,38,0,55,2,9,62,2,75,15,13,100,2,130,160,0,160,290
09/15/2018,SCK,CA,AWP,WE,Towers with Radar,6,5,34,0,45,0,2,58,0,60,6,7,92,0,105,60,0,60,165
09/16/2018,SCK,CA,AWP,WE,Towers with Radar,6,7,26,0,39,0,4,34,0,38,6,11,60,0,77,28,0,28,105
09/17/2018,SCK,CA,AWP,WE,Towers with Radar,13,8,34,0,55,0,2,70,0,72,13,10,104,0,127,114,0,114,241
09/18/2018,SCK,CA,AWP,WE,Towers with Radar,6,1,41,0,48,0,5,84,5,94,6,6,125,5,142,56,0,56,198
09/19/2018,SCK,CA,AWP,WE,Towers with Radar,6,0,24,2,32,0,0,78,4,82,6,0,102,6,114,134,22,156,270
09/20/2018,SCK,CA,AWP,WE,Towers with Radar,7,4,26,0,37,0,3,76,3,82,7,7,102,3,119,134,0,134,253
09/21/2018,SCK,CA,AWP,WE,Towers with Radar,12,4,29,0,45,0,3,68,0,71,12,7,97,0,116,124,0,124,240
09/22/2018,SCK,CA,AWP,WE,Towers with Radar,6,3,12,0,21,0,5,43,0,48,6,8,55,0,69,66,0,66,135
09/23/2018,SCK,CA,AWP,WE,Towers with Radar,7,1,39,0,47,0,2,52,0,54,7,3,91,0,101,26,0,26,127
09/24/2018,SCK,CA,AWP,WE,Towers with Radar,11,3,30,1,45,0,3,75,0,78,11,6,105,1,123,164,0,164,287
09/25/2018,SCK,CA,AWP,WE,Towers with Radar,6,1,58,1,66,0,4,76,0,80,6,5,134,1,146,124,0,124,270
09/26/2018,SCK,CA,AWP,WE,Towers with Radar,7,0,34,4,45,0,2,79,2,83,7,2,113,6,128,200,0,200,328
09/27/2018,SCK,CA,AWP,WE,Towers with Radar,7,2,29,0,38,0,3,65,0,68,7,5,94,0,106,146,0,146,252
09/28/2018,SCK,CA,AWP,WE,Towers with Radar,11,8,28,0,47,0,5,67,1,73,11,13,95,1,120,112,0,112,232
09/29/2018,SCK,CA,AWP,WE,Towers with Radar,5,1,20,0,26,0,2,58,2,62,5,3,78,2,88,68,0,68,156
09/30/2018,SCK,CA,AWP,WE,Towers with Radar,6,1,40,0,47,0,4,32,1,37,6,5,72,1,84,36,0,36,120
10/01/2018,SCK,CA,AWP,WE,Towers with Radar,11,2,24,6,43,0,4,71,2,77,11,6,95,8,120,168,0,168,288
10/02/2018,SCK,CA,AWP,WE,Towers with Radar,6,3,40,6,55,0,4,74,5,83,6,7,114,11,138,188,38,226,364
10/03/2018,SCK,CA,AWP,WE,Towers with Radar,6,7,20,3,36,0,3,38,0,41,6,10,58,3,77,54,0,54,131
10/04/2018,SCK,CA,AWP,WE,Towers with Radar,7,1,45,6,59,0,2,38,2,42,7,3,83,8,101,150,2,152,253
10/05/2018,SCK,CA,AWP,WE,Towers with Radar,10,5,40,0,55,0,1,77,0,78,10,6,117,0,133,80,0,80,213
10/06/2018,SCK,CA,AWP,WE,Towers with Radar,6,2,20,2,30,0,2,52,0,54,6,4,72,2,84,52,4,56,140
10/07/2018,SCK,CA,AWP,WE,Towers with Radar,7,4,16,0,27,0,1,12,0,13,7,5,28,0,40,6,0,6,46
10/08/2018,SCK,CA,AWP,WE,Towers with Radar,11,5,26,0,42,0,4,82,0,86,11,9,108,0,128,210,0,210,338
10/09/2018,SCK,CA,AWP,WE,Towers with Radar,6,8,37,2,53,0,2,96,4,102,6,10,133,6,155,138,0,138,293
10/10/2018,SCK,CA,AWP,WE,Towers with Radar,6,2,27,1,36,0,8,84,5,97,6,10,111,6,133,206,8,214,347
10/11/2018,SCK,CA,AWP,WE,Towers with Radar,8,0,16,0,24,0,6,80,5,91,8,6,96,5,115,142,0,142,257
10/12/2018,SCK,CA,AWP,WE,Towers with Radar,11,2,32,0,45,0,0,72,3,75,11,2,104,3,120,162,2,164,284
10/13/2018,SCK,CA,AWP,WE,Towers with Radar,6,2,22,4,34,0,4,42,3,49,6,6,64,7,83,138,0,138,221
10/14/2018,SCK,CA,AWP,WE,Towers with Radar,7,1,25,0,33,0,0,31,0,31,7,1,56,0,64,36,0,36,100
10/15/2018,SCK,CA,AWP,WE,Towers with Radar,10,10,26,6,52,0,5,65,1,71,10,15,91,7,123,274,10,284,407
10/16/2018,SCK,CA,AWP,WE,Towers with Radar,7,0,24,0,31,0,2,86,2,90,7,2,110,2,121,151,0,151,272
10/17/2018,SCK,CA,AWP,WE,Towers with Radar,7,3,22,1,33,0,2,63,1,66,7,5,85,2,99,176,2,178,277
10/18/2018,SCK,CA,AWP,WE,Towers with Radar,7,2,28,0,37,0,0,85,3,88,7,2,113,3,125,226,24,250,375
10/19/2018,SCK,CA,AWP,WE,Towers with Radar,10,2,25,0,37,0,3,98,4,105,10,5,123,4,142,194,0,194,336
10/20/2018,SCK,CA,AWP,WE,Towers with Radar,6,1,42,0,49,0,0,84,0,84,6,1,126,0,133,196,0,196,329
10/21/2018,SCK,CA,AWP,WE,Towers with Radar,7,1,27,0,35,0,0,37,0,37,7,1,64,0,72,38,0,38,110
10/22/2018,SCK,CA,AWP,WE,Towers with Radar,10,2,52,1,65,0,0,88,1,89,10,2,140,2,154,190,0,190,344
10/23/2018,SCK,CA,AWP,WE,Towers with Radar,6,5,30,1,42,0,0,85,9,94,6,5,115,10,136,156,2,158,294
10/24/2018,SCK,CA,AWP,WE,Towers with Radar,6,25,21,0,52,0,3,34,3,40,6,28,55,3,92,40,4,44,136
10/25/2018,SCK,CA,AWP,WE,Towers with Radar,7,2,22,3,34,0,0,75,10,85,7,2,97,13,119,184,32,216,335
10/26/2018,SCK,CA,AWP,WE,Towers with Radar,12,2,32,0,46,0,0,61,0,61,12,2,93,0,107,98,0,98,205
10/27/2018,SCK,CA,AWP,WE,Towers with Radar,6,2,25,0,33,0,2,60,1,63,6,4,85,1,96,140,0,140,236
10/28/2018,SCK,CA,AWP,WE,Towers with Radar,7,0,24,0,31,0,0,35,0,35,7,0,59,0,66,50,0,50,116
10/29/2018,SCK,CA,AWP,WE,Towers with Radar,12,4,37,2,55,0,3,52,2,57,12,7,89,4,112,120,0,120,232
10/30/2018,SCK,CA,AWP,WE,Towers with Radar,6,1,32,0,39,0,0,56,11,67,6,1,88,11,106,126,26,152,258
10/31/2018,SCK,CA,AWP,WE,Towers with Radar,6,2,28,13,49,0,2,61,2,65,6,4,89,15,114,130,12,142,256
11/01/2018,SCK,CA,AWP,WE,Towers with Radar,7,1,22,3,33,0,2,60,3,65,7,3,82,6,98,220,0,220,318
11/02/2018,SCK,CA,AWP,WE,Towers with Radar,11,3,33,0,47,0,3,64,2,69,11,6,97,2,116,196,0,196,312
11/03/2018,SCK,CA,AWP,WE,Towers with Radar,6,2,29,0,37,0,1,43,0,44,6,3,72,0,81,120,0,120,201
11/04/2018,SCK,CA,AWP,WE,Towers with Radar,7,0,24,0,31,0,5,44,0,49,7,5,68,0,80,16,74,90,170
11/05/2018,SCK,CA,AWP,WE,Towers with Radar,11,1,30,0,42,0,0,45,6,51,11,1,75,6,93,166,6,172,265
11/06/2018,SCK,CA,AWP,WE,Towers with Radar,6,1,20,2,29,0,0,76,5,81,6,1,96,7,110,156,8,164,274
11/07/2018,SCK,CA,AWP,WE,Towers with Radar,5,1,19,0,25,0,4,78,4,86,5,5,97,4,111,218,0,218,329
11/08/2018,SCK,CA,AWP,WE,Towers with Radar,6,5,17,0,28,0,4,81,7,92,6,9,98,7,120,146,4,150,270
11/09/2018,SCK,CA,AWP,WE,Towers with Radar,10,3,42,4,59,0,3,67,7,77,10,6,109,11,136,170,0,170,306
11/10/2018,SCK,CA,AWP,WE,Towers with Radar,5,0,22,0,27,0,0,24,4,28,5,0,46,4,55,79,0,79,134
11/11/2018,SCK,CA,AWP,WE,Towers with Radar,6,2,27,2,37,0,0,3,1,4,6,2,30,3,41,0,0,0,41
11/12/2018,SCK,CA,AWP,WE,Towers with Radar,11,2,42,2,57,0,1,12,0,13,11,3,54,2,70,78,0,78,148
11/13/2018,SCK,CA,AWP,WE,Towers with Radar,5,1,32,0,38,0,1,35,3,39,5,2,67,3,77,182,0,182,259
11/14/2018,SCK,CA,AWP,WE,Towers with Radar,5,0,46,4,55,0,0,5,0,5,5,0,51,4,60,0,0,0,60
11/15/2018,SCK,CA,AWP,WE,Towers with Radar,6,3,52,3,64,0,0,3,0,3,6,3,55,3,67,0,0,0,67
11/16/2018,SCK,CA,AWP,WE,Towers with Radar,7,3,37,2,49,0,0,1,0,1,7,3,38,2,50,0,0,0,50
11/17/2018,SCK,CA,AWP,WE,Towers with Radar,2,0,35,2,39,0,0,2,0,2,2,0,37,2,41,0,0,0,41
11/18/2018,SCK,CA,AWP,WE,Towers with Radar,3,0,31,2,36,0,0,1,0,1,3,0,32,2,37,20,0,20,57
11/19/2018,SCK,CA,AWP,WE,Towers with Radar,9,0,68,0,77,0,0,2,1,3,9,0,70,1,80,24,0,24,104
11/20/2018,SCK,CA,AWP,WE,Towers with Radar,4,0,56,0,60,0,0,3,0,3,4,0,59,0,63,12,0,12,75
11/21/2018,SCK,CA,AWP,WE,Towers with Radar,10,0,42,0,52,0,0,14,0,14,10,0,56,0,66,8,0,8,74
11/22/2018,SCK,CA,AWP,WE,Towers with Radar,5,0,17,0,22,0,1,35,0,36,5,1,52,0,58,162,0,162,220
11/23/2018,SCK,CA,AWP,WE,Towers with Radar,8,0,25,1,34,0,1,6,1,8,8,1,31,2,42,64,0,64,106
11/24/2018,SCK,CA,AWP,WE,Towers with Radar,5,0,39,0,44,0,2,23,0,25,5,2,62,0,69,132,0,132,201
11/25/2018,SCK,CA,AWP,WE,Towers with Radar,8,0,38,0,46,0,3,47,0,50,8,3,85,0,96,26,0,26,122
11/26/2018,SCK,CA,AWP,WE,Towers with Radar,10,3,41,10,64,0,4,68,0,72,10,7,109,10,136,144,0,144,280
11/27/2018,SCK,CA,AWP,WE,Towers with Radar,3,3,49,4,59,0,0,12,0,12,3,3,61,4,71,86,2,88,159
11/28/2018,SCK,CA,AWP,WE,Towers with Radar,5,1,30,2,38,0,0,4,2,6,5,1,34,4,44,52,0,52,96
11/29/2018,SCK,CA,AWP,WE,Towers with Radar,5,2,19,6,32,0,1,9,4,14,5,3,28,10,46,34,34,68,114
11/30/2018,SCK,CA,AWP,WE,Towers with Radar,11,0,45,0,56,0,0,76,2,78,11,0,121,2,134,200,0,200,334
12/01/2018,SCK,CA,AWP,WE,Towers with Radar,6,2,15,0,23,0,1,12,0,13,6,3,27,0,36,38,0,38,74
12/02/2018,SCK,CA,AWP,WE,Towers with Radar,6,2,20,0,28,0,5,51,0,56,6,7,71,0,84,12,0,12,96
12/03/2018,SCK,CA,AWP,WE,Towers with Radar,9,1,62,0,72,0,1,55,0,56,9,2,117,0,128,118,0,118,246
12/04/2018,SCK,CA,AWP,WE,Towers with Radar,3,5,52,2,62,0,2,64,15,81,3,7,116,17,143,142,20,162,305
12/05/2018,SCK,CA,AWP,WE,Towers with Radar,5,4,41,0,50,0,2,39,0,41,5,6,80,0,91,220,0,220,311
12/06/2018,SCK,CA,AWP,WE,Towers with Radar,6,4,59,1,70,0,0,66,5,71,6,4,125,6,141,226,18,244,385
12/07/2018,SCK,CA,AWP,WE,Towers with Radar,8,1,43,0,52,0,3,50,0,53,8,4,93,0,105,148,0,148,253
12/08/2018,SCK,CA,AWP,WE,Towers with Radar,4,0,44,0,48,0,0,6,0,6,4,0,50,0,54,0,0,0,54
12/09/2018,SCK,CA,AWP,WE,Towers with Radar,8,3,29,2,42,0,0,4,0,4,8,3,33,2,46,18,0,18,64
12/10/2018,SCK,CA,AWP,WE,Towers with Radar,9,1,49,0,59,0,2,17,0,19,9,3,66,0,78,52,0,52,130
12/11/2018,SCK,CA,AWP,WE,Towers with Radar,3,2,25,3,33,0,3,52,1,56,3,5,77,4,89,252,0,252,341
12/12/2018,SCK,CA,AWP,WE,Towers with Radar,5,0,34,1,40,0,0,67,5,72,5,0,101,6,112,140,14,154,266
12/13/2018,SCK,CA,AWP,WE,Towers with Radar,6,0,34,7,47,0,3,67,8,78,6,3,101,15,125,128,24,152,277
12/14/2018,SCK,CA,AWP,WE,Towers with Radar,8,0,24,0,32,0,2,29,0,31,8,2,53,0,63,32,0,32,95
12/15/2018,SCK,CA,AWP,WE,Towers with Radar,5,1,13,0,19,0,0,68,0,68,5,1,81,0,87,168,0,168,255
12/16/2018,SCK,CA,AWP,WE,Towers with Radar,5,1,12,0,18,0,1,10,0,11,5,2,22,0,29,20,0,20,49
12/17/2018,SCK,CA,AWP,WE,Towers with Radar,9,3,32,0,44,0,0,61,4,65,9,3,93,4,109,230,0,230,339
12/18/2018,SCK,CA,AWP,WE,Towers with Radar,3,4,44,0,51,0,1,55,5,61,3,5,99,5,112,154,4,158,270
12/19/2018,SCK,CA,AWP,WE,Towers with Radar,5,1,25,3,34,0,1,20,5,26,5,2,45,8,60,110,2,112,172
12/20/2018,SCK,CA,AWP,WE,Towers with Radar,6,0,36,3,45,0,2,4,1,7,6,2,40,4,52,46,14,60,112
12/21/2018,SCK,CA,AWP,WE,Towers with Radar,10,0,29,0,39,0,2,1,1,4,10,2,30,1,43,44,12,56,99
12/22/2018,SCK,CA,AWP,WE,Towers with Radar,5,2,33,0,40,0,2,71,0,73,5,4,104,0,113,286,0,286,399
12/23/2018,SCK,CA,AWP,WE,Towers with Radar,6,0,12,0,18,0,5,27,0,32,6,5,39,0,50,28,0,28,78
12/24/2018,SCK,CA,AWP,WE,Towers with Radar,8,0,14,0,22,0,0,6,0,6,8,0,20,0,28,100,0,100,128
12/25/2018,SCK,CA,AWP,WE,Towers with Radar,2,0,8,0,10,0,3,3,1,7,2,3,11,1,17,0,0,0,17
12/26/2018,SCK,CA,AWP,WE,Towers with Radar,0,0,39,0,39,0,3,80,0,83,0,3,119,0,122,163,0,163,285
12/27/2018,SCK,CA,AWP,WE,Towers with Radar,6,3,20,0,29,0,9,29,0,38,6,12,49,0,67,56,0,56,123
12/28/2018,SCK,CA,AWP,WE,Towers with Radar,9,0,47,0,56,0,1,86,0,87,9,1,133,0,143,164,0,164,307
12/29/2018,SCK,CA,AWP,WE,Towers with Radar,5,4,27,0,36,0,0,61,1,62,5,4,88,1,98,124,0,124,222
12/30/2018,SCK,CA,AWP,WE,Towers with Radar,5,0,22,0,27,0,3,39,0,42,5,3,61,0,69,16,0,16,85
12/31/2018,SCK,CA,AWP,WE,Towers with Radar,8,0,4,0,12,0,0,11,0,11,8,0,15,0,23,0,0,0,23
01/01/2019,SCK,CA,AWP,WE,Towers with Radar,2,2,6,0,10,0,4,32,0,36,2,6,38,0,46,68,0,68,114
01/02/2019,SCK,CA,AWP,WE,Towers with Radar,5,2,31,0,38,0,3,63,0,66,5,5,94,0,104,110,0,110,214
01/03/2019,SCK,CA,AWP,WE,Towers with Radar,7,2,21,6,36,0,0,51,3,54,7,2,72,9,90,170,2,172,262
01/04/2019,SCK,CA,AWP,WE,Towers with Radar,8,0,29,0,37,0,8,39,1,48,8,8,68,1,85,120,0,120,205
01/05/2019,SCK,CA,AWP,WE,Towers with Radar,5,0,8,0,13,0,0,4,0,4,5,0,12,0,17,0,0,0,17
01/06/2019,SCK,CA,AWP,WE,Towers with Radar,7,1,13,0,21,0,1,0,0,1,7,2,13,0,22,0,0,0,22
01/07/2019,SCK,CA,AWP,WE,Towers with Radar,8,1,37,1,47,0,0,22,1,23,8,1,59,2,70,30,4,34,104
01/08/2019,SCK,CA,AWP,WE,Towers with Radar,3,1,22,0,26,0,0,28,0,28,3,1,50,0,54,56,0,56,110
01/09/2019,SCK,CA,AWP,WE,Towers with Radar,5,2,17,4,28,0,3,31,2,36,5,5,48,6,64,146,0,146,210
01/10/2019,SCK,CA,AWP,WE,Towers with Radar,7,4,48,0,59,0,0,1,0,1,7,4,49,0,60,0,0,0,60
01/11/2019,SCK,CA,AWP,WE,Towers with Radar,9,1,31,0,41,0,0,36,0,36,9,1,67,0,77,52,0,52,129
01/12/2019,SCK,CA,AWP,WE,Towers with Radar,5,5,39,0,49,0,5,41,4,50,5,10,80,4,99,72,0,72,171
01/13/2019,SCK,CA,AWP,WE,Towers with Radar,7,2,30,0,39,0,0,25,0,25,7,2,55,0,64,6,0,6,70
01/14/2019,SCK,CA,AWP,WE,Towers with Radar,10,2,16,2,30,0,1,24,0,25,10,3,40,2,55,32,0,32,87
01/15/2019,SCK,CA,AWP,WE,Towers with Radar,3,5,24,0,32,0,0,14,0,14,3,5,38,0,46,56,0,56,102
01/16/2019,SCK,CA,AWP,WE,Towers with Radar,6,4,6,0,16,0,3,4,0,7,6,7,10,0,23,36,0,36,59
01/17/2019,SCK,CA,AWP,WE,Towers with Radar,8,0,26,2,36,0,1,28,6,35,8,1,54,8,71,110,4,114,185
01/18/2019,SCK,CA,AWP,WE,Towers with Radar,10,3,26,1,40,0,4,84,2,90,10,7,110,3,130,254,6,260,390
01/19/2019,SCK,CA,AWP,WE,Towers with Radar,7,1,43,0,51,0,3,79,0,82,7,4,122,0,133,206,0,206,339
01/20/2019,SCK,CA,AWP,WE,Towers with Radar,6,2,22,0,30,0,0,5,0,5,6,2,27,0,35,2,0,2,37
01/21/2019,SCK,CA,AWP,WE,Towers with Radar,11,3,33,0,47,0,2,61,0,63,11,5,94,0,110,178,0,178,288
01/22/2019,SCK,CA,AWP,WE,Towers with Radar,5,1,26,4,36,0,0,76,5,81,5,1,102,9,117,164,0,164,281
01/23/2019,SCK,CA,AWP,WE,Towers with Radar,7,5,37,4,53,0,5,71,3,79,7,10,108,7,132,214,0,214,346
01/24/2019,SCK,CA,AWP,WE,Towers with Radar,11,3,26,4,44,0,1,67,13,81,11,4,93,17,125,204,2,206,331
01/25/2019,SCK,CA,AWP,WE,Towers with Radar,10,0,30,0,40,0,2,69,0,71,10,2,99,0,111,284,0,284,395
01/26/2019,SCK,CA,AWP,WE,Towers with Radar,7,2,23,0,32,0,0,49,1,50,7,2,72,1,82,274,0,274,356
01/27/2019,SCK,CA,AWP,WE,Towers with Radar,11,1,37,0,49,0,1,28,0,29,11,2,65,0,78,82,0,82,160
01/28/2019,SCK,CA,AWP,WE,Towers with Radar,11,3,27,4,45,0,2,66,2,70,11,5,93,6,115,146,2,148,263
01/29/2019,SCK,CA,AWP,WE,Towers with Radar,5,1,24,1,31,0,0,50,7,57,5,1,74,8,88,176,0,176,264
01/30/2019,SCK,CA,AWP,WE,Towers with Radar,7,3,18,3,31,0,1,35,3,39,7,4,53,6,70,186,0,186,256
01/31/2019,SCK,CA,AWP,WE,Towers with Radar,6,3,45,1,55,0,5,55,0,60,6,8,100,1,115,254,0,254,369
02/01/2019,SCK,CA,AWP,WE,Towers with Radar,12,0,15,0,27,0,1,53,0,54,12,1,68,0,81,164,0,164,245
02/02/2019,SCK,CA,AWP,WE,Towers with Radar,7,0,6,0,13,0,0,9,0,9,7,0,15,0,22,56,0,56,78
02/03/2019,SCK,CA,AWP,WE,Towers with Radar,8,0,6,0,14,0,0,2,0,2,8,0,8,0,16,8,0,8,24
02/04/2019,SCK,CA,AWP,WE,Towers with Radar,10,0,9,0,19,0,2,8,0,10,10,2,17,0,29,54,0,54,83
02/05/2019,SCK,CA,AWP,WE,Towers with Radar,5,2,35,5,47,0,2,60,6,68,5,4,95,11,115,296,8,304,419
02/06/2019,SCK,CA,AWP,WE,Towers with Radar,7,1,26,2,36,0,4,73,5,82,7,5,99,7,118,290,0,290,408
02/07/2019,SCK,CA,AWP,WE,Towers with Radar,8,3,43,2,56,0,7,72,2,81,8,10,115,4,137,216,4,220,357
02/08/2019,SCK,CA,AWP,WE,Towers with Radar,10,0,11,3,24,0,0,44,1,45,10,0,55,4,69,174,10,184,253
02/09/2019,SCK,CA,AWP,WE,Towers with Radar,7,2,12,0,21,0,0,13,0,13,7,2,25,0,34,178,0,178,212
02/10/2019,SCK,CA,AWP,WE,Towers with Radar,8,2,10,0,20,0,0,21,0,21,8,2,31,0,41,24,0,24,65
02/11/2019,SCK,CA,AWP,WE,Towers with Radar,12,5,23,4,44,0,0,64,4,68,12,5,87,8,112,180,0,180,292
02/12/2019,SCK,CA,AWP,WE,Towers with Radar,5,1,22,2,30,0,1,65,6,72,5,2,87,8,102,242,0,242,344
02/13/2019,SCK,CA,AWP,WE,Towers with Radar,9,0,6,0,15,0,0,0,0,0,9,0,6,0,15,0,0,0,15
02/14/2019,SCK,CA,AWP,WE,Towers with Radar,7,0,17,0,24,0,0,8,0,8,7,0,25,0,32,38,0,38,70
02/15/2019,SCK,CA,AWP,WE,Towers with Radar,9,2,7,0,18,0,3,18,0,21,9,5,25,0,39,90,0,90,129
02/16/2019,SCK,CA,AWP,WE,Towers with Radar,9,1,8,0,18,0,4,20,1,25,9,5,28,1,43,196,0,196,239
02/17/2019,SCK,CA,AWP,WE,Towers with Radar,7,0,19,0,26,0,1,12,0,13,7,1,31,0,39,34,0,34,73
02/18/2019,SCK,CA,AWP,WE,Towers with Radar,7,0,28,0,35,0,2,107,0,109,7,2,135,0,144,166,0,166,310
02/19/2019,SCK,CA,AWP,WE,Towers with Radar,7,1,31,2,41,0,4,82,2,88,7,5,113,4,129,260,0,260,389
02/20/2019,SCK,CA,AWP,WE,Towers with Radar,8,3,28,1,40,0,1,44,3,48,8,4,72,4,88,174,10,184,272
02/21/2019,SCK,CA,AWP,WE,Towers with Radar,9,4,33,7,53,0,4,50,13,67,9,8,83,20,120,156,10,166,286
02/22/2019,SCK,CA,AWP,WE,Towers with Radar,7,0,26,0,33,0,0,82,3,85,7,0,108,3,118,250,0,250,368
02/23/2019,SCK,CA,AWP,WE,Towers with Radar,8,0,22,0,30,0,2,76,2,80,8,2,98,2,110,250,0,250,360
02/24/2019,SCK,CA,AWP,WE,Towers with Radar,10,3,15,0,28,0,2,32,0,34,10,5,47,0,62,100,0,100,162
02/25/2019,SCK,CA,AWP,WE,Towers with Radar,7,7,14,2,30,0,0,31,3,34,7,7,45,5,64,256,0,256,320
02/26/2019,SCK,CA,AWP,WE,Towers with Radar,7,1,19,4,31,0,0,12,27,39,7,1,31,31,70,60,0,60,130
02/27/2019,SCK,CA,AWP,WE,Towers with Radar,8,3,11,3,25,0,0,20,5,25,8,3,31,8,50,30,16,46,96
02/28/2019,SCK,CA,AWP,WE,Towers with Radar,10,0,28,0,38,0,1,22,4,27,10,1,50,4,65,275,6,281,346
03/01/2019,SCK,CA,AWP,WE,Towers with Radar,7,1,52,0,60,0,6,58,8,72,7,7,110,8,132,169,0,169,301
03/02/2019,SCK,CA,AWP,WE,Towers with Radar,9,1,22,0,32,0,0,0,0,0,9,1,22,0,32,0,0,0,32
03/03/2019,SCK,CA,AWP,WE,Towers with Radar,10,0,39,0,49,0,0,11,0,11,10,0,50,0,60,82,0,82,142
03/04/2019,SCK,CA,AWP,WE,Towers with Radar,8,5,40,0,53,0,1,59,0,60,8,6,99,0,113,264,0,264,377
03/05/2019,SCK,CA,AWP,WE,Towers with Radar,7,2,20,0,29,0,1,9,0,10,7,3,29,0,39,78,0,78,117
03/06/2019,SCK,CA,AWP,WE,Towers with Radar,9,1,14,0,24,0,1,6,2,9,9,2,20,2,33,10,0,10,43
03/07/2019,SCK,CA,AWP,WE,Towers with Radar,10,4,24,1,39,0,1,10,6,17,10,5,34,7,56,186,16,202,258
03/08/2019,SCK,CA,AWP,WE,Towers with Radar,10,0,19,3,32,0,3,74,9,86,10,3,93,12,118,104,0,104,222
03/09/2019,SCK,CA,AWP,WE,Towers with Radar,9,2,20,0,31,0,2,24,0,26,9,4,44,0,57,32,0,32,89
03/10/2019,SCK,CA,AWP,WE,Towers with Radar,11,2,20,0,33,0,1,26,0,27,11,3,46,0,60,52,0,52,112
03/11/2019,SCK,CA,AWP,WE,Towers with Radar,9,1,35,0,45,0,1,71,1,73,9,2,106,1,118,222,0,222,340
03/12/2019,SCK,CA,AWP,WE,Towers with Radar,7,0,25,5,37,0,2,56,6,64,7,2,81,11,101,88,6,94,195
03/13/2019,SCK,CA,AWP,WE,Towers with Radar,9,2,32,0,43,0,4,24,4,32,9,6,56,4,75,14,0,14,89
03/14/2019,SCK,CA,AWP,WE,Towers with Radar,11,2,27,1,41,0,0,74,1,75,11,2,101,2,116,258,0,258,374
03/15/2019,SCK,CA,AWP,WE,Towers with Radar,8,3,21,1,33,0,4,84,0,88,8,7,105,1,121,234,0,234,355
03/16/2019,SCK,CA,AWP,WE,Towers with Radar,9,2,13,0,24,0,3,83,0,86,9,5,96,0,110,124,0,124,234
03/17/2019,SCK,CA,AWP,WE,Towers with Radar,11,2,28,0,41,0,5,38,0,43,11,7,66,0,84,58,0,58,142
03/18/2019,SCK,CA,AWP,WE,Towers with Radar,8,3,30,0,41,0,4,77,2,83,8,7,107,2,124,276,3,279,403
03/19/2019,SCK,CA,AWP,WE,Towers with Radar,7,1,22,0,30,0,0,64,2,66,7,1,86,2,96,266,0,266,362
03/20/2019,SCK,CA,AWP,WE,Towers with Radar,9,2,22,0,33,0,0,19,0,19,9,2,41,0,52,130,0,130,182
03/21/2019,SCK,CA,AWP,WE,Towers with Radar,11,1,25,0,37,0,7,90,9,106,11,8,115,9,143,142,0,142,285
03/22/2019,SCK,CA,AWP,WE,Towers with Radar,7,1,27,0,35,0,3,29,2,34,7,4,56,2,69,134,6,140,209
03/23/2019,SCK,CA,AWP,WE,Towers with Radar,8,2,22,0,32,0,0,49,2,51,8,2,71,2,83,98,0,98,181
03/24/2019,SCK,CA,AWP,WE,Towers with Radar,11,0,25,1,37,0,1,60,6,67,11,1,85,7,104,94,0,94,198
03/25/2019,SCK,CA,AWP,WE,Towers with Radar,7,0,19,2,28,0,2,40,3,45,7,2,59,5,73,114,0,114,187
03/26/2019,SCK,CA,AWP,WE,Towers with Radar,7,2,33,2,44,0,4,53,2,59,7,6,86,4,103,188,0,188,291
03/27/2019,SCK,CA,AWP,WE,Towers with Radar,8,0,14,1,23,0,3,26,1,30,8,3,40,2,53,96,8,104,157
03/28/2019,SCK,CA,AWP,WE,Towers with Radar,11,9,24,2,46,0,2,59,9,70,11,11,83,11,116,180,0,180,296
03/29/2019,SCK,CA,AWP,WE,Towers with Radar,7,7,39,2,55,0,5,102,1,108,7,12,141,3,163,90,0,90,253
03/30/2019,SCK,CA,AWP,WE,Towers with Radar,9,0,20,0,29,0,0,90,0,90,9,0,110,0,119,117,0,117,236
03/31/2019,SCK,CA,AWP,WE,Towers with Radar,12,1,24,0,37,0,8,40,0,48,12,9,64,0,85,18,0,18,103
04/01/2019,SCK,CA,AWP,WE,Towers with Radar,9,1,19,0,29,0,5,61,0,66,9,6,80,0,95,228,0,228,323
04/02/2019,SCK,CA,AWP,WE,Towers with Radar,7,1,19,2,29,0,0,23,2,25,7,1,42,4,54,26,0,26,80
04/03/2019,SCK,CA,AWP,WE,Towers with Radar,9,2,27,0,38,0,4,22,0,26,9,6,49,0,64,176,0,176,240
04/04/2019,SCK,CA,AWP,WE,Towers with Radar,11,0,29,6,46,0,5,63,2,70,11,5,92,8,116,150,0,150,266
04/05/2019,SCK,CA,AWP,WE,Towers with Radar,8,0,23,1,32,0,1,26,2,29,8,1,49,3,61,102,2,104,165
04/06/2019,SCK,CA,AWP,WE,Towers with Radar,8,6,16,0,30,0,0,51,0,51,8,6,67,0,81,60,0,60,141
04/07/2019,SCK,CA,AWP,WE,Towers with Radar,11,0,25,0,36,0,1,53,0,54,11,1,78,0,90,23,0,23,113
04/08/2019,SCK,CA,AWP,WE,Towers with Radar,8,0,33,0,41,0,0,82,2,84,8,0,115,2,125,172,0,172,297
04/09/2019,SCK,CA,AWP,WE,Towers with Radar,7,0,26,3,36,0,2,35,5,42,7,2,61,8,78,26,0,26,104
04/10/2019,SCK,CA,AWP,WE,Towers with Radar,10,1,12,1,24,0,2,38,3,43,10,3,50,4,67,12,10,22,89
04/11/2019,SCK,CA,AWP,WE,Towers with Radar,11,0,20,3,34,0,2,84,5,91,11,2,104,8,125,140,14,154,279
04/12/2019,SCK,CA,AWP,WE,Towers with Radar,7,0,28,2,37,0,0,62,2,64,7,0,90,4,101,76,12,88,189
04/13/2019,SCK,CA,AWP,WE,Towers with Radar,8,1,23,0,32,0,4,68,0,72,8,5,91,0,104,98,0,98,202
04/14/2019,SCK,CA,AWP,WE,Towers with Radar,11,0,17,0,28,0,3,46,0,49,11,3,63,0,77,68,0,68,145
04/15/2019,SCK,CA,AWP,WE,Towers with Radar,8,0,25,3,36,0,0,41,7,48,8,0,66,10,84,76,10,86,170
04/16/2019,SCK,CA,AWP,WE,Towers with Radar,7,0,32,1,40,0,0,54,1,55,7,0,86,2,95,118,1,119,214
04/17/2019,SCK,CA,AWP,WE,Towers with Radar,9,0,28,1,38,0,2,61,3,66,9,2,89,4,104,108,16,124,228
04/18/2019,SCK,CA,AWP,WE,Towers with Radar,11,2,19,2,34,0,7,74,12,93,11,9,93,14,127,72,18,90,217
04/19/2019,SCK,CA,AWP,WE,Towers with Radar,8,0,15,0,23,0,3,81,2,86,8,3,96,2,109,294,2,296,405
04/20/2019,SCK,CA,AWP,WE,Towers with Radar,8,0,11,0,19,0,2,28,0,30,8,2,39,0,49,17,0,17,66
04/21/2019,SCK,CA,AWP,WE,Towers with Radar,11,0,11,0,22,0,2,42,0,44,11,2,53,0,66,76,0,76,142
04/22/2019,SCK,CA,AWP,WE,Towers with Radar,8,2,21,1,32,0,4,67,5,76,8,6,88,6,108,150,0,150,258
04/23/2019,SCK,CA,AWP,WE,Towers with Radar,9,2,24,5,40,0,0,47,7,54,9,2,71,12,94,226,10,236,330
04/24/2019,SCK,CA,AWP,WE,Towers with Radar,9,2,19,0,30,0,2,56,3,61,9,4,75,3,91,294,0,294,385
04/25/2019,SCK,CA,AWP,WE,Towers with Radar,11,0,21,2,34,0,3,59,9,71,11,3,80,11,105,120,6,126,231
04/26/2019,SCK,CA,AWP,WE,Towers with Radar,9,2,26,0,37,0,3,67,2,72,9,5,93,2,109,73,0,73,182
04/27/2019,SCK,CA,AWP,WE,Towers with Radar,11,4,19,0,34,0,7,50,12,69,11,11,69,12,103,101,0,101,204
04/28/2019,SCK,CA,AWP,WE,Towers with Radar,11,6,21,0,38,0,6,50,14,70,11,12,71,14,108,48,0,48,156
04/29/2019,SCK,CA,AWP,WE,Towers with Radar,9,1,42,2,54,0,0,71,5,76,9,1,113,7,130,88,2,90,220
04/30/2019,SCK,CA,AWP,WE,Towers with Radar,7,5,42,0,54,0,2,52,11,65,7,7,94,11,119,164,6,170,289
05/01/2019,SCK,CA,AWP,WE,Towers with Radar,8,3,15,0,26,0,1,44,10,55,8,4,59,10,81,108,6,114,195
05/02/2019,SCK,CA,AWP,WE,Towers with Radar,10,1,20,1,32,0,3,74,4,81,10,4,94,5,113,146,0,146,259
05/03/2019,SCK,CA,AWP,WE,Towers with Radar,8,4,20,0,32,0,0,64,0,64,8,4,84,0,96,294,0,294,390
05/04/2019,SCK,CA,AWP,WE,Towers with Radar,8,2,18,0,28,0,4,52,3,59,8,6,70,3,87,55,0,55,142
05/05/2019,SCK,CA,AWP,WE,Towers with Radar,10,2,19,0,31,0,0,39,0,39,10,2,58,0,70,42,0,42,112
05/06/2019,SCK,CA,AWP,WE,Towers with Radar,8,1,23,0,32,0,0,62,3,65,8,1,85,3,97,186,0,186,283
05/07/2019,SCK,CA,AWP,WE,Towers with Radar,7,2,35,0,44,0,0,40,6,46,7,2,75,6,90,94,14,108,198
05/08/2019,SCK,CA,AWP,WE,Towers with Radar,9,2,25,1,37,0,2,31,1,34,9,4,56,2,71,116,6,122,193
05/09/2019,SCK,CA,AWP,WE,Towers with Radar,11,0,30,0,41,0,2,28,2,32,11,2,58,2,73,116,0,116,189
05/10/2019,SCK,CA,AWP,WE,Towers with Radar,8,1,23,0,32,0,2,64,0,66,8,3,87,0,98,84,0,84,182
05/11/2019,SCK,CA,AWP,WE,Towers with Radar,10,1,37,0,48,0,5,63,3,71,10,6,100,3,119,188,0,188,307
05/12/2019,SCK,CA,AWP,WE,Towers with Radar,11,1,18,0,30,0,3,43,0,46,11,4,61,0,76,17,0,17,93
05/13/2019,SCK,CA,AWP,WE,Towers with Radar,8,0,18,0,26,0,2,50,5,57,8,2,68,5,83,196,0,196,279
05/14/2019,SCK,CA,AWP,WE,Towers with Radar,7,1,27,8,43,0,3,75,11,89,7,4,102,19,132,180,46,226,358
05/15/2019,SCK,CA,AWP,WE,Towers with Radar,9,3,26,0,38,0,0,13,0,13,9,3,39,0,51,140,0,140,191
05/16/2019,SCK,CA,AWP,WE,Towers with Radar,9,2,12,1,24,0,0,23,3,26,9,2,35,4,50,76,4,80,130
05/17/2019,SCK,CA,AWP,WE,Towers with Radar,11,1,33,0,45,0,8,62,7,77,11,9,95,7,122,224,0,224,346
05/18/2019,SCK,CA,AWP,WE,Towers with Radar,6,2,18,0,26,0,1,37,4,42,6,3,55,4,68,122,0,122,190
05/19/2019,SCK,CA,AWP,WE,Towers with Radar,10,1,8,0,19,0,0,11,4,15,10,1,19,4,34,94,0,94,128
05/20/2019,SCK,CA,AWP,WE,Towers with Radar,11,0,26,3,40,0,0,45,2,47,11,0,71,5,87,216,4,220,307
05/21/2019,SCK,CA,AWP,WE,Towers with Radar,7,3,14,0,24,0,0,19,2,21,7,3,33,2,45,68,0,68,113
05/22/2019,SCK,CA,AWP,WE,Towers with Radar,10,1,17,0,28,0,0,71,3,74,10,1,88,3,102,208,0,208,310
05/23/2019,SCK,CA,AWP,WE,Towers with Radar,9,3,16,0,28,0,7,73,4,84,9,10,89,4,112,196,2,198,310
05/24/2019,SCK,CA,AWP,WE,Towers with Radar,13,1,25,0,39,0,7,109,0,116,13,8,134,0,155,260,0,260,415
05/25/2019,SCK,CA,AWP,WE,Towers with Radar,7,0,15,0,22,0,1,52,0,53,7,1,67,0,75,106,0,106,181
05/26/2019,SCK,CA,AWP,WE,Towers with Radar,11,0,4,0,15,1,1,6,1,9,12,1,10,1,24,0,0,0,24
05/27/2019,SCK,CA,AWP,WE,Towers with Radar,11,2,30,0,43,0,3,63,0,66,11,5,93,0,109,190,0,190,299
05/28/2019,SCK,CA,AWP,WE,Towers with Radar,7,0,31,0,38,0,0,84,0,84,7,0,115,0,122,182,0,182,304
05/29/2019,SCK,CA,AWP,WE,Towers with Radar,9,3,18,0,30,0,0,74,8,82,9,3,92,8,112,180,0,180,292
05/30/2019,SCK,CA,AWP,WE,Towers with Radar,11,5,23,0,39,0,11,104,8,123,11,16,127,8,162,126,4,130,292
05/31/2019,SCK,CA,AWP,WE,Towers with Radar,11,0,10,0,21,0,1,92,3,96,11,1,102,3,117,124,34,158,275
06/01/2019,SCK,CA,AWP,WE,Towers with Radar,7,2,14,0,23,0,7,59,5,71,7,9,73,5,94,144,0,144,238
06/02/2019,SCK,CA,AWP,WE,Towers with Radar,11,6,15,0,32,0,0,44,2,46,11,6,59,2,78,52,0,52,130
06/03/2019,SCK,CA,AWP,WE,Towers with Radar,11,0,16,0,27,0,0,53,2,55,11,0,69,2,82,98,12,110,192
06/04/2019,SCK,CA,AWP,WE,Towers with Radar,7,0,12,0,19,0,4,58,2,64,7,4,70,2,83,106,32,138,221
06/05/2019,SCK,CA,AWP,WE,Towers with Radar,7,4,10,0,21,0,4,66,0,70,7,8,76,0,91,60,22,82,173
06/06/2019,SCK,CA,AWP,WE,Towers with Radar,10,0,9,2,21,0,6,43,2,51,10,6,52,4,72,24,0,24,96
06/07/2019,SCK,CA,AWP,WE,Towers with Radar,9,0,7,0,16,0,4,69,2,75,9,4,76,2,91,62,0,62,153
06/08/2019,SCK,CA,AWP,WE,Towers with Radar,7,0,6,0,13,0,0,34,0,34,7,0,40,0,47,10,0,10,57
06/09/2019,SCK,CA,AWP,WE,Towers with Radar,8,0,18,0,26,0,0,45,1,46,8,0,63,1,72,110,0,110,182
06/10/2019,SCK,CA,AWP,WE,Towers with Radar,9,5,11,1,26,0,3,68,2,73,9,8,79,3,99,110,0,110,209
06/11/2019,SCK,CA,AWP,WE,Towers with Radar,7,4,11,1,23,0,1,58,1,60,7,5,69,2,83,190,0,190,273
06/12/2019,SCK,CA,AWP,WE,Towers with Radar,7,6,11,10,34,0,1,41,5,47,7,7,52,15,81,92,22,114,195
06/13/2019,SCK,CA,AWP,WE,Towers with Radar,10,9,19,0,38,0,4,80,0,84,10,13,99,0,122,116,0,116,238
06/14/2019,SCK,CA,AWP,WE,Towers with Radar,10,0,7,0,17,0,2,74,1,77,10,2,81,1,94,144,0,144,238
06/15/2019,SCK,CA,AWP,WE,Towers with Radar,7,2,29,0,38,0,8,75,1,84,7,10,104,1,122,98,0,98,220
06/16/2019,SCK,CA,AWP,WE,Towers with Radar,9,2,13,0,24,0,3,46,1,50,9,5,59,1,74,52,0,52,126
06/17/2019,SCK,CA,AWP,WE,Towers with Radar,11,1,18,0,30,0,1,71,20,92,11,2,89,20,122,320,6,326,448
06/18/2019,SCK,CA,AWP,WE,Towers with Radar,8,2,21,0,31,0,3,75,4,82,8,5,96,4,113,172,0,172,285
06/19/2019,SCK,CA,AWP,WE,Towers with Radar,8,0,26,0,34,0,3,67,4,74,8,3,93,4,108,198,2,200,308
06/20/2019,SCK,CA,AWP,WE,Towers with Radar,9,2,31,0,42,0,2,73,9,84,9,4,104,9,126,156,6,162,288
06/21/2019,SCK,CA,AWP,WE,Towers with Radar,9,0,10,1,20,0,2,78,13,93,9,2,88,14,113,84,8,92,205
06/22/2019,SCK,CA,AWP,WE,Towers with Radar,7,1,13,1,22,0,5,37,13,55,7,6,50,14,77,158,0,158,235
06/23/2019,SCK,CA,AWP,WE,Towers with Radar,8,2,7,0,17,0,2,52,0,54,8,4,59,0,71,140,0,140,211
06/24/2019,SCK,CA,AWP,WE,Towers with Radar,10,1,26,2,39,0,0,58,3,61,10,1,84,5,100,190,0,190,290
06/25/2019,SCK,CA,AWP,WE,Towers with Radar,7,1,31,0,39,0,2,76,0,78,7,3,107,0,117,146,0,146,263
06/26/2019,SCK,CA,AWP,WE,Towers with Radar,8,1,13,2,24,0,3,54,5,62,8,4,67,7,86,152,0,152,238
06/27/2019,SCK,CA,AWP,WE,Towers with Radar,10,0,14,1,25,0,6,79,7,92,10,6,93,8,117,124,0,124,241
06/28/2019,SCK,CA,AWP,WE,Towers with Radar,11,0,14,0,25,0,0,74,8,82,11,0,88,8,107,240,2,242,349
06/29/2019,SCK,CA,AWP,WE,Towers with Radar,8,2,13,1,24,0,7,72,5,84,8,9,85,6,108,136,0,136,244
06/30/2019,SCK,CA,AWP,WE,Towers with Radar,10,2,11,0,23,0,6,38,0,44,10,8,49,0,67,114,0,114,181
07/01/2019,SCK,CA,AWP,WE,Towers with Radar,11,1,29,0,41,0,0,93,3,96,11,1,122,3,137,178,0,178,315
07/02/2019,SCK,CA,AWP,WE,Towers with Radar,6,0,22,0,28,0,2,74,1,77,6,2,96,1,105,152,3,155,260
07/03/2019,SCK,CA,AWP,WE,Towers with Radar,11,0,15,0,26,0,0,69,2,71,11,0,84,2,97,158,0,158,255
07/04/2019,SCK,CA,AWP,WE,Towers with Radar,6,0,9,0,15,0,0,35,0,35,6,0,44,0,50,134,0,134,184
07/05/2019,SCK,CA,AWP,WE,Towers with Radar,5,2,12,0,19,0,0,72,0,72,5,2,84,0,91,150,0,150,241
07/06/2019,SCK,CA,AWP,WE,Towers with Radar,8,0,8,0,16,0,3,52,0,55,8,3,60,0,71,92,0,92,163
07/07/2019,SCK,CA,AWP,WE,Towers with Radar,10,2,4,0,16,0,2,35,0,37,10,4,39,0,53,146,0,146,199
07/08/2019,SCK,CA,AWP,WE,Towers with Radar,10,2,20,1,33,0,2,52,0,54,10,4,72,1,87,144,0,144,231
07/09/2019,SCK,CA,AWP,WE,Towers with Radar,8,1,16,0,25,0,1,41,5,47,8,2,57,5,72,152,0,152,224
07/10/2019,SCK,CA,AWP,WE,Towers with Radar,9,7,10,5,31,0,0,64,6,70,9,7,74,11,101,214,14,228,329
07/11/2019,SCK,CA,AWP,WE,Towers with Radar,11,5,19,0,35,0,2,67,1,70,11,7,86,1,105,250,0,250,355
07/12/2019,SCK,CA,AWP,WE,Towers with Radar,11,3,13,0,27,0,10,65,1,76,11,13,78,1,103,180,0,180,283
07/13/2019,SCK,CA,AWP,WE,Towers with Radar,8,0,12,0,20,0,0,66,0,66,8,0,78,0,86,144,0,144,230
07/14/2019,SCK,CA,AWP,WE,Towers with Radar,10,2,13,0,25,0,6,48,3,57,10,8,61,3,82,82,12,94,176
07/15/2019,SCK,CA,AWP,WE,Towers with Radar,11,2,16,0,29,0,2,85,1,88,11,4,101,1,117,168,0,168,285
07/16/2019,SCK,CA,AWP,WE,Towers with Radar,8,0,24,7,39,0,1,76,3,80,8,1,100,10,119,184,26,210,329
07/17/2019,SCK,CA,AWP,WE,Towers with Radar,9,0,26,1,36,0,6,63,3,72,9,6,89,4,108,120,14,134,242
07/18/2019,SCK,CA,AWP,WE,Towers with Radar,10,2,22,0,34,0,1,81,4,86,10,3,103,4,120,188,8,196,316
07/19/2019,SCK,CA,AWP,WE,Towers with Radar,11,1,9,1,22,0,6,77,3,86,11,7,86,4,108,236,2,238,346
07/20/2019,SCK,CA,AWP,WE,Towers with Radar,8,1,18,0,27,1,2,52,0,55,9,3,70,0,82,202,0,202,284
07/21/2019,SCK,CA,AWP,WE,Towers with Radar,11,0,16,0,27,0,1,42,0,43,11,1,58,0,70,92,0,92,162
07/22/2019,SCK,CA,AWP,WE,Towers with Radar,9,1,20,0,30,0,2,47,1,50,9,3,67,1,80,249,0,249,329
07/23/2019,SCK,CA,AWP,WE,Towers with Radar,6,2,20,3,31,0,2,65,1,68,6,4,85,4,99,155,0,155,254
07/24/2019,SCK,CA,AWP,WE,Towers with Radar,7,2,18,1,28,0,1,31,3,35,7,3,49,4,63,152,6,158,221
07/25/2019,SCK,CA,AWP,WE,Towers with Radar,9,2,19,0,30,0,2,57,4,63,9,4,76,4,93,156,6,162,255
07/26/2019,SCK,CA,AWP,WE,Towers with Radar,9,2,15,2,28,0,0,57,1,58,9,2,72,3,86,106,0,106,192
07/27/2019,SCK,CA,AWP,WE,Towers with Radar,6,4,16,0,26,0,3,58,0,61,6,7,74,0,87,93,0,93,180
07/28/2019,SCK,CA,AWP,WE,Towers with Radar,9,0,9,0,18,0,2,37,0,39,9,2,46,0,57,40,0,40,97
07/29/2019,SCK,CA,AWP,WE,Towers with Radar,11,2,16,1,30,0,3,69,1,73,11,5,85,2,103,226,10,236,339
07/30/2019,SCK,CA,AWP,WE,Towers with Radar,6,1,26,1,34,0,1,64,4,69,6,2,90,5,103,170,0,170,273
07/31/2019,SCK,CA,AWP,WE,Towers with Radar,6,0,29,9,44,0,1,64,8,73,6,1,93,17,117,62,8,70,187
08/01/2019,SCK,CA,AWP,WE,Towers with Radar,7,2,14,0,23,0,6,86,4,96,7,8,100,4,119,134,0,134,253
08/02/2019,SCK,CA,AWP,WE,Towers with Radar,11,2,26,0,39,0,9,81,1,91,11,11,107,1,130,214,0,214,344
08/03/2019,SCK,CA,AWP,WE,Towers with Radar,6,0,11,0,17,0,6,56,0,62,6,6,67,0,79,81,0,81,160
08/04/2019,SCK,CA,AWP,WE,Towers with Radar,9,0,31,0,40,0,5,62,0,67,9,5,93,0,107,60,0,60,167
08/05/2019,SCK,CA,AWP,WE,Towers with Radar,8,0,15,0,23,0,5,85,0,90,8,5,100,0,113,128,0,128,241
08/06/2019,SCK,CA,AWP,WE,Towers with Radar,6,1,32,1,40,0,9,72,3,84,6,10,104,4,124,246,14,260,384
08/07/2019,SCK,CA,AWP,WE,Towers with Radar,8,3,32,2,45,0,2,95,6,103,8,5,127,8,148,136,2,138,286
08/08/2019,SCK,CA,AWP,WE,Towers with Radar,9,2,22,1,34,0,0,55,2,57,9,2,77,3,91,192,0,192,283
08/09/2019,SCK,CA,AWP,WE,Towers with Radar,9,0,19,0,28,0,6,79,0,85,9,6,98,0,113,152,0,152,265
08/10/2019,SCK,CA,AWP,WE,Towers with Radar,6,0,23,0,29,0,4,60,0,64,6,4,83,0,93,92,0,92,185
08/11/2019,SCK,CA,AWP,WE,Towers with Radar,10,3,17,0,30,0,10,39,3,52,10,13,56,3,82,6,0,6,88
08/12/2019,SCK,CA,AWP,WE,Towers with Radar,10,2,26,0,38,0,4,54,5,63,10,6,80,5,101,170,0,170,271
08/13/2019,SCK,CA,AWP,WE,Towers with Radar,6,4,16,0,26,0,5,79,2,86,6,9,95,2,112,228,0,228,340
08/14/2019,SCK,CA,AWP,WE,Towers with Radar,8,6,19,2,35,0,5,63,4,72,8,11,82,6,107,228,24,252,359
08/15/2019,SCK,CA,AWP,WE,Towers with Radar,5,4,28,0,37,0,8,84,3,95,5,12,112,3,132,144,2,146,278
08/16/2019,SCK,CA,AWP,WE,Towers with Radar,10,5,21,0,36,0,3,50,1,54,10,8,71,1,90,126,0,126,216
08/17/2019,SCK,CA,AWP,WE,Towers with Radar,6,4,33,0,43,0,4,58,4,66,6,8,91,4,109,82,0,82,191
08/18/2019,SCK,CA,AWP,WE,Towers with Radar,7,4,20,0,31,0,6,38,2,46,7,10,58,2,77,66,0,66,143
08/19/2019,SCK,CA,AWP,WE,Towers with Radar,11,7,31,2,51,0,2,63,1,66,11,9,94,3,117,200,0,200,317
08/20/2019,SCK,CA,AWP,WE,Towers with Radar,6,12,26,3,47,0,9,49,1,59,6,21,75,4,106,88,14,102,208
08/21/2019,SCK,CA,AWP,WE,Towers with Radar,8,5,21,5,39,0,4,64,8,76,8,9,85,13,115,224,18,242,357
08/22/2019,SCK,CA,AWP,WE,Towers with Radar,8,6,54,2,70,0,4,87,9,100,8,10,141,11,170,206,10,216,386
08/23/2019,SCK,CA,AWP,WE,Towers with Radar,11,4,40,2,57,0,3,95,15,113,11,7,135,17,170,114,10,124,294
08/24/2019,SCK,CA,AWP,WE,Towers with Radar,6,8,18,0,32,0,1,55,2,58,6,9,73,2,90,75,0,75,165
08/25/2019,SCK,CA,AWP,WE,Towers with Radar,7,6,19,0,32,0,14,46,11,71,7,20,65,11,103,22,0,22,125
08/26/2019,SCK,CA,AWP,WE,Towers with Radar,11,6,29,1,47,0,1,80,2,83,11,7,109,3,130,100,4,104,234
08/27/2019,SCK,CA,AWP,WE,Towers with Radar,6,11,29,2,48,0,2,50,0,52,6,13,79,2,100,54,0,54,154
08/28/2019,SCK,CA,AWP,WE,Towers with Radar,8,8,26,6,48,0,4,57,5,66,8,12,83,11,114,76,4,80,194
08/29/2019,SCK,CA,AWP,WE,Towers with Radar,6,4,29,3,42,0,9,78,3,90,6,13,107,6,132,104,0,104,236
08/30/2019,SCK,CA,AWP,WE,Towers with Radar,10,5,26,0,41,0,2,63,0,65,10,7,89,0,106,86,0,86,192
08/31/2019,SCK,CA,AWP,WE,Towers with Radar,5,5,27,0,37,0,5,62,0,67,5,10,89,0,104,96,0,96,200
09/01/2019,SCK,CA,AWP,WE,Towers with Radar,7,4,9,0,20,0,0,30,2,32,7,4,39,2,52,58,0,58,110
09/02/2019,SCK,CA,AWP,WE,Towers with Radar,11,4,27,0,42,0,6,52,0,58,11,10,79,0,100,156,0,156,256
09/03/2019,SCK,CA,AWP,WE,Towers with Radar,5,6,23,0,34,0,4,45,0,49,5,10,68,0,83,180,0,180,263
09/04/2019,SCK,CA,AWP,WE,Towers with Radar,6,6,26,2,40,0,15,61,1,77,6,21,87,3,117,116,0,116,233
09/05/2019,SCK,CA,AWP,WE,Towers with Radar,7,6,14,2,29,0,5,57,10,72,7,11,71,12,101,120,30,150,251
09/06/2019,SCK,CA,AWP,WE,Towers with Radar,11,10,36,4,61,0,11,84,6,101,11,21,120,10,162,132,28,160,322
09/07/2019,SCK,CA,AWP,WE,Towers with Radar,6,8,11,0,25,0,4,21,1,26,6,12,32,1,51,24,0,24,75
09/08/2019,SCK,CA,AWP,WE,Towers with Radar,7,8,14,0,29,0,4,51,2,57,7,12,65,2,86,34,0,34,120
09/09/2019,SCK,CA,AWP,WE,Towers with Radar,11,4,30,2,47,0,4,57,5,66,11,8,87,7,113,102,2,104,217
09/10/2019,SCK,CA,AWP,WE,Towers with Radar,6,6,26,3,41,0,10,60,2,72,6,16,86,5,113,116,0,116,229
09/11/2019,SCK,CA,AWP,WE,Towers with Radar,8,7,39,2,56,0,2,70,4,76,8,9,109,6,132,142,0,142,274
09/12/2019,SCK,CA,AWP,WE,Towers with Radar,6,7,28,9,50,0,3,62,1,66,6,10,90,10,116,58,12,70,186
09/13/2019,SCK,CA,AWP,WE,Towers with Radar,10,5,15,0,30,0,8,50,3,61,10,13,65,3,91,60,0,60,151
09/14/2019,SCK,CA,AWP,WE,Towers with Radar,6,6,4,0,16,0,5,35,0,40,6,11,39,0,56,18,0,18,74
09/15/2019,SCK,CA,AWP,WE,Towers with Radar,7,4,13,0,24,0,4,35,2,41,7,8,48,2,65,50,0,50,115
09/16/2019,SCK,CA,AWP,WE,Towers with Radar,9,5,31,2,47,1,2,22,1,26,10,7,53,3,73,30,0,30,103
09/17/2019,SCK,CA,AWP,WE,Towers with Radar,6,6,29,2,43,0,11,66,9,86,6,17,95,11,129,54,30,84,213
09/18/2019,SCK,CA,AWP,WE,Towers with Radar,7,5,29,12,53,0,7,49,4,60,7,12,78,16,113,206,32,238,351
09/19/2019,SCK,CA,AWP,WE,Towers with Radar,4,7,43,6,60,0,8,66,9,83,4,15,109,15,143,114,6,120,263
09/20/2019,SCK,CA,AWP,WE,Towers with Radar,8,7,25,0,40,0,9,108,3,120,8,16,133,3,160,262,0,262,422
09/21/2019,SCK,CA,AWP,WE,Towers with Radar,6,7,17,0,30,0,11,46,0,57,6,18,63,0,87,82,0,82,169
09/22/2019,SCK,CA,AWP,WE,Towers with Radar,6,5,23,0,34,0,8,44,0,52,6,13,67,0,86,24,0,24,110
09/23/2019,SCK,CA,AWP,WE,Towers with Radar,9,9,26,7,51,0,6,55,7,68,9,15,81,14,119,54,38,92,211
09/24/2019,SCK,CA,AWP,WE,Towers with Radar,6,4,20,1,31,0,8,29,4,41,6,12,49,5,72,60,0,60,132
09/25/2019,SCK,CA,AWP,WE,Towers with Radar,8,5,27,1,41,0,4,45,1,50,8,9,72,2,91,72,0,72,163
09/26/2019,SCK,CA,AWP,WE,Towers with Radar,6,5,20,3,34,0,2,57,4,63,6,7,77,7,97,64,2,66,163
09/27/2019,SCK,CA,AWP,WE,Towers with Radar,9,6,22,0,37,0,8,37,0,45,9,14,59,0,82,60,0,60,142
09/28/2019,SCK,CA,AWP,WE,Towers with Radar,6,6,12,0,24,0,5,30,0,35,6,11,42,0,59,14,0,14,73
09/29/2019,SCK,CA,AWP,WE,Towers with Radar,6,10,26,0,42,0,1,45,0,46,6,11,71,0,88,48,0,48,136
09/30/2019,SCK,CA,AWP,WE,Towers with Radar,9,5,22,2,38,0,6,35,6,47,9,11,57,8,85,88,0,88,173
10/01/2019,SCK,CA,AWP,WE,Towers with Radar,6,6,31,0,43,0,8,67,1,76,6,14,98,1,119,118,10,128,247
10/02/2019,SCK,CA,AWP,WE,Towers with Radar,8,9,16,6,39,0,10,63,7,80,8,19,79,13,119,144,6,150,269
10/03/2019,SCK,CA,AWP,WE,Towers with Radar,7,5,17,0,29,0,15,62,7,84,7,20,79,7,113,42,8,50,163
10/04/2019,SCK,CA,AWP,WE,Towers with Radar,8,6,17,0,31,0,12,61,4,77,8,18,78,4,108,32,0,32,140
10/05/2019,SCK,CA,AWP,WE,Towers with Radar,5,6,19,0,30,0,10,49,3,62,5,16,68,3,92,86,0,86,178
10/06/2019,SCK,CA,AWP,WE,Towers with Radar,6,9,15,0,30,0,12,41,0,53,6,21,56,0,83,18,0,18,101
10/07/2019,SCK,CA,AWP,WE,Towers with Radar,9,10,32,2,53,0,8,61,1,70,9,18,93,3,123,76,0,76,199
10/08/2019,SCK,CA,AWP,WE,Towers with Radar,6,7,18,5,36,0,2,45,0,47,6,9,63,5,83,58,0,58,141
10/09/2019,SCK,CA,AWP,WE,Towers with Radar,8,4,16,6,34,0,7,43,3,53,8,11,59,9,87,82,16,98,185
10/10/2019,SCK,CA,AWP,WE,Towers with Radar,6,4,26,3,39,0,12,65,4,81,6,16,91,7,120,42,4,46,166
10/11/2019,SCK,CA,AWP,WE,Towers with Radar,9,5,22,0,36,0,6,71,0,77,9,11,93,0,113,72,0,72,185
10/12/2019,SCK,CA,AWP,WE,Towers with Radar,6,5,28,0,39,0,5,41,0,46,6,10,69,0,85,30,0,30,115
10/13/2019,SCK,CA,AWP,WE,Towers with Radar,6,15,29,0,50,0,2,53,0,55,6,17,82,0,105,56,0,56,161
10/14/2019,SCK,CA,AWP,WE,Towers with Radar,9,8,31,0,48,0,2,51,2,55,9,10,82,2,103,6,0,6,109
10/15/2019,SCK,CA,AWP,WE,Towers with Radar,6,4,37,1,48,0,6,58,3,67,6,10,95,4,115,86,0,86,201
10/16/2019,SCK,CA,AWP,WE,Towers with Radar,8,6,19,2,35,0,5,61,1,67,8,11,80,3,102,62,4,66,168
10/17/2019,SCK,CA,AWP,WE,Towers with Radar,5,8,18,4,35,0,8,46,6,60,5,16,64,10,95,56,8,64,159
10/18/2019,SCK,CA,AWP,WE,Towers with Radar,9,5,32,6,52,0,11,68,3,82,9,16,100,9,134,48,0,48,182
10/19/2019,SCK,CA,AWP,WE,Towers with Radar,7,6,45,0,58,0,8,68,13,89,7,14,113,13,147,68,2,70,217
10/20/2019,SCK,CA,AWP,WE,Towers with Radar,7,4,55,1,67,0,6,57,0,63,7,10,112,1,130,36,0,36,166
10/21/2019,SCK,CA,AWP,WE,Towers with Radar,10,5,26,5,46,0,2,85,6,93,10,7,111,11,139,92,4,96,235
10/22/2019,SCK,CA,AWP,WE,Towers with Radar,7,6,33,2,48,0,5,66,2,73,7,11,99,4,121,110,20,130,251
10/23/2019,SCK,CA,AWP,WE,Towers with Radar,9,5,45,2,61,0,4,56,2,62,9,9,101,4,123,120,0,120,243
10/24/2019,SCK,CA,AWP,WE,Towers with Radar,7,7,27,1,42,0,6,73,3,82,7,13,100,4,124,166,0,166,290
10/25/2019,SCK,CA,AWP,WE,Towers with Radar,10,9,40,0,59,0,11,69,2,82,10,20,109,2,141,178,0,178,319
10/26/2019,SCK,CA,AWP,WE,Towers with Radar,7,9,14,1,31,0,5,54,0,59,7,14,68,1,90,40,0,40,130
10/27/2019,SCK,CA,AWP,WE,Towers with Radar,9,5,8,0,22,0,4,8,0,12,9,9,16,0,34,0,0,0,34
10/28/2019,SCK,CA,AWP,WE,Towers with Radar,11,8,19,0,38,0,4,80,6,90,11,12,99,6,128,234,10,244,372
10/29/2019,SCK,CA,AWP,WE,Towers with Radar,8,8,20,5,41,0,8,50,2,60,8,16,70,7,101,180,0,180,281
10/30/2019,SCK,CA,AWP,WE,Towers with Radar,9,8,35,5,57,0,7,59,2,68,9,15,94,7,125,224,8,232,357
10/31/2019,SCK,CA,AWP,WE,Towers with Radar,10,3,27,2,42,0,0,79,2,81,10,3,106,4,123,151,8,159,282
11/01/2019,SCK,CA,AWP,WE,Towers with Radar,12,5,26,0,43,0,8,71,1,80,12,13,97,1,123,134,0,134,257
11/02/2019,SCK,CA,AWP,WE,Towers with Radar,9,7,6,0,22,0,6,60,0,66,9,13,66,0,88,110,0,110,198
11/03/2019,SCK,CA,AWP,WE,Towers with Radar,7,6,20,0,33,0,6,35,0,41,7,12,55,0,74,56,0,56,130
11/04/2019,SCK,CA,AWP,WE,Towers with Radar,11,5,26,0,42,0,5,53,1,59,11,10,79,1,101,174,0,174,275
11/05/2019,SCK,CA,AWP,WE,Towers with Radar,8,7,30,5,50,0,2,69,3,74,8,9,99,8,124,270,6,276,400
11/06/2019,SCK,CA,AWP,WE,Towers with Radar,9,10,30,1,50,0,6,61,5,72,9,16,91,6,122,192,6,198,320
11/07/2019,SCK,CA,AWP,WE,Towers with Radar,7,5,23,1,36,0,3,59,13,75,7,8,82,14,111,176,18,194,305
11/08/2019,SCK,CA,AWP,WE,Towers with Radar,11,2,37,0,50,0,6,70,0,76,11,8,107,0,126,296,0,296,422
11/09/2019,SCK,CA,AWP,WE,Towers with Radar,7,3,28,0,38,0,9,59,0,68,7,12,87,0,106,112,0,112,218
11/10/2019,SCK,CA,AWP,WE,Towers with Radar,7,5,29,0,41,0,4,38,0,42,7,9,67,0,83,58,0,58,141
11/11/2019,SCK,CA,AWP,WE,Towers with Radar,11,3,29,0,43,0,6,69,0,75,11,9,98,0,118,346,0,346,464
11/12/2019,SCK,CA,AWP,WE,Towers with Radar,7,7,24,0,38,0,10,55,1,66,7,17,79,1,104,168,0,168,272
11/13/2019,SCK,CA,AWP,WE,Towers with Radar,10,3,32,10,55,0,3,79,3,85,10,6,111,13,140,254,2,256,396
11/14/2019,SCK,CA,AWP,WE,Towers with Radar,8,5,19,0,32,0,10,65,5,80,8,15,84,5,112,174,32,206,318
11/15/2019,SCK,CA,AWP,WE,Towers with Radar,10,5,18,0,33,0,10,77,2,89,10,15,95,2,122,254,0,254,376
11/16/2019,SCK,CA,AWP,WE,Towers with Radar,8,7,16,2,33,0,12,49,1,62,8,19,65,3,95,96,8,104,199
11/17/2019,SCK,CA,AWP,WE,Towers with Radar,7,4,28,0,39,0,4,56,0,60,7,8,84,0,99,94,0,94,193
11/18/2019,SCK,CA,AWP,WE,Towers with Radar,11,3,29,10,53,0,14,58,6,78,11,17,87,16,131,124,0,124,255
11/19/2019,SCK,CA,AWP,WE,Towers with Radar,8,3,43,1,55,0,5,64,5,74,8,8,107,6,129,130,0,130,259
11/20/2019,SCK,CA,AWP,WE,Towers with Radar,8,3,22,1,34,0,1,27,6,34,8,4,49,7,68,76,10,86,154
11/21/2019,SCK,CA,AWP,WE,Towers with Radar,6,5,24,1,36,0,2,75,6,83,6,7,99,7,119,222,0,222,341
11/22/2019,SCK,CA,AWP,WE,Towers with Radar,9,3,36,0,48,0,3,71,1,75,9,6,107,1,123,218,0,218,341
11/23/2019,SCK,CA,AWP,WE,Towers with Radar,7,3,26,0,36,0,3,76,1,80,7,6,102,1,116,74,0,74,190
11/24/2019,SCK,CA,AWP,WE,Towers with Radar,7,3,39,0,49,0,2,43,0,45,7,5,82,0,94,96,0,96,190
11/25/2019,SCK,CA,AWP,WE,Towers with Radar,10,5,23,0,38,0,1,45,2,48,10,6,68,2,86,52,0,52,138
11/26/2019,SCK,CA,AWP,WE,Towers with Radar,6,4,23,4,37,0,3,26,4,33,6,7,49,8,70,136,8,144,214
11/27/2019,SCK,CA,AWP,WE,Towers with Radar,10,6,12,0,28,0,0,4,0,4,10,6,16,0,32,0,0,0,32
11/28/2019,SCK,CA,AWP,WE,Towers with Radar,6,1,11,0,18,0,0,12,0,12,6,1,23,0,30,32,0,32,62
11/29/2019,SCK,CA,AWP,WE,Towers with Radar,7,6,21,0,34,0,2,40,0,42,7,8,61,0,76,162,0,162,238
11/30/2019,SCK,CA,AWP,WE,Towers with Radar,6,7,8,0,21,0,0,12,0,12,6,7,20,0,33,24,0,24,57
12/01/2019,SCK,CA,AWP,WE,Towers with Radar,10,5,19,0,34,0,0,1,0,1,10,5,20,0,35,0,0,0,35
12/02/2019,SCK,CA,AWP,WE,Towers with Radar,11,7,23,0,41,0,0,4,2,6,11,7,27,2,47,0,0,0,47
12/03/2019,SCK,CA,AWP,WE,Towers with Radar,5,7,48,9,69,0,0,0,0,0,5,7,48,9,69,0,0,0,69
12/04/2019,SCK,CA,AWP,WE,Towers with Radar,11,3,40,8,62,0,0,0,0,0,11,3,40,8,62,0,0,0,62
12/05/2019,SCK,CA,AWP,WE,Towers with Radar,9,4,37,4,54,0,0,26,7,33,9,4,63,11,87,118,26,144,231
12/06/2019,SCK,CA,AWP,WE,Towers with Radar,11,3,27,1,42,0,3,46,4,53,11,6,73,5,95,88,10,98,193
12/07/2019,SCK,CA,AWP,WE,Towers with Radar,7,5,12,0,24,0,5,15,0,20,7,10,27,0,44,20,0,20,64
12/08/2019,SCK,CA,AWP,WE,Towers with Radar,8,3,38,0,49,0,0,17,0,17,8,3,55,0,66,2,0,2,68
12/09/2019,SCK,CA,AWP,WE,Towers with Radar,9,5,48,1,63,0,1,31,5,37,9,6,79,6,100,44,16,60,160
12/10/2019,SCK,CA,AWP,WE,Towers with Radar,9,3,45,0,57,0,2,2,0,4,9,5,47,0,61,34,0,34,95
12/11/2019,SCK,CA,AWP,WE,Towers with Radar,9,4,33,0,46,0,0,7,7,14,9,4,40,7,60,134,52,186,246
12/12/2019,SCK,CA,AWP,WE,Towers with Radar,8,13,52,0,73,0,1,50,5,56,8,14,102,5,129,174,4,178,307
12/13/2019,SCK,CA,AWP,WE,Towers with Radar,10,5,44,0,59,0,0,5,0,5,10,5,49,0,64,0,0,0,64
12/14/2019,SCK,CA,AWP,WE,Towers with Radar,7,7,29,1,44,0,3,60,3,66,7,10,89,4,110,142,0,142,252
12/15/2019,SCK,CA,AWP,WE,Towers with Radar,8,8,20,0,36,0,2,51,0,53,8,10,71,0,89,70,0,70,159
12/16/2019,SCK,CA,AWP,WE,Towers with Radar,10,10,48,0,68,0,3,88,4,95,10,13,136,4,163,154,14,168,331
12/17/2019,SCK,CA,AWP,WE,Towers with Radar,7,5,37,1,50,0,4,58,8,70,7,9,95,9,120,60,14,74,194
12/18/2019,SCK,CA,AWP,WE,Towers with Radar,10,8,34,6,58,0,0,32,1,33,10,8,66,7,91,64,0,64,155
12/19/2019,SCK,CA,AWP,WE,Towers with Radar,9,5,19,3,36,0,1,46,13,60,9,6,65,16,96,120,0,120,216
12/20/2019,SCK,CA,AWP,WE,Towers with Radar,13,6,15,5,39,0,2,75,1,78,13,8,90,6,117,124,6,130,247
12/21/2019,SCK,CA,AWP,WE,Towers with Radar,7,5,23,0,35,0,3,46,0,49,7,8,69,0,84,82,0,82,166
12/22/2019,SCK,CA,AWP,WE,Towers with Radar,11,10,3,0,24,0,0,4,0,4,11,10,7,0,28,0,0,0,28
12/23/2019,SCK,CA,AWP,WE,Towers with Radar,13,5,33,2,53,0,1,15,0,16,13,6,48,2,69,44,0,44,113
12/24/2019,SCK,CA,AWP,WE,Towers with Radar,5,4,14,0,23,0,2,27,1,30,5,6,41,1,53,66,0,66,119
12/25/2019,SCK,CA,AWP,WE,Towers with Radar,4,6,3,0,13,0,3,5,0,8,4,9,8,0,21,20,0,20,41
12/26/2019,SCK,CA,AWP,WE,Towers with Radar,4,3,16,0,23,0,1,33,1,35,4,4,49,1,58,78,0,78,136
12/27/2019,SCK,CA,AWP,WE,Towers with Radar,10,7,31,0,48,0,2,39,6,47,10,9,70,6,95,68,0,68,163
12/28/2019,SCK,CA,AWP,WE,Towers with Radar,7,3,38,0,48,0,6,40,0,46,7,9,78,0,94,40,0,40,134
12/29/2019,SCK,CA,AWP,WE,Towers with Radar,8,6,15,0,29,0,0,7,0,7,8,6,22,0,36,12,0,12,48
12/30/2019,SCK,CA,AWP,WE,Towers with Radar,9,5,20,0,34,0,0,39,3,42,9,5,59,3,76,94,0,94,170
12/31/2019,SCK,CA,AWP,WE,Towers with Radar,6,3,36,0,45,0,7,42,0,49,6,10,78,0,94,64,0,64,158
01/01/2020,SCK,CA,AWP,WE,Towers with Radar,4,4,5,0,13,0,2,17,0,19,4,6,22,0,32,54,0,54,86
01/02/2020,SCK,CA,AWP,WE,Towers with Radar,5,3,23,0,31,0,2,36,0,38,5,5,59,0,69,134,0,134,203
01/03/2020,SCK,CA,AWP,WE,Towers with Radar,11,3,25,0,39,0,1,25,0,26,11,4,50,0,65,88,0,88,153
01/04/2020,SCK,CA,AWP,WE,Towers with Radar,9,5,19,0,33,0,0,25,0,25,9,5,44,0,58,148,0,148,206
01/05/2020,SCK,CA,AWP,WE,Towers with Radar,10,2,33,2,47,0,4,36,0,40,10,6,69,2,87,94,0,94,181
01/06/2020,SCK,CA,AWP,WE,Towers with Radar,9,3,43,2,57,0,2,51,11,64,9,5,94,13,121,68,8,76,197
01/07/2020,SCK,CA,AWP,WE,Towers with Radar,7,4,31,3,45,0,0,2,0,2,7,4,33,3,47,0,0,0,47
01/08/2020,SCK,CA,AWP,WE,Towers with Radar,9,3,28,2,42,0,0,11,0,11,9,3,39,2,53,18,38,56,109
01/09/2020,SCK,CA,AWP,WE,Towers with Radar,8,4,26,2,40,0,0,9,3,12,8,4,35,5,52,84,10,94,146
01/10/2020,SCK,CA,AWP,WE,Towers with Radar,10,4,31,0,45,0,3,63,0,66,10,7,94,0,111,184,0,184,295
01/11/2020,SCK,CA,AWP,WE,Towers with Radar,6,3,14,0,23,0,9,55,0,64,6,12,69,0,87,68,0,68,155
01/12/2020,SCK,CA,AWP,WE,Towers with Radar,7,7,24,0,38,0,2,32,0,34,7,9,56,0,72,76,0,76,148
01/13/2020,SCK,CA,AWP,WE,Towers with Radar,10,6,24,3,43,0,2,56,13,71,10,8,80,16,114,158,21,179,293
01/14/2020,SCK,CA,AWP,WE,Towers with Radar,8,5,29,1,43,0,0,48,6,54,8,5,77,7,97,98,0,98,195
01/15/2020,SCK,CA,AWP,WE,Towers with Radar,8,9,26,0,43,0,1,41,6,48,8,10,67,6,91,90,4,94,185
01/16/2020,SCK,CA,AWP,WE,Towers with Radar,7,4,7,0,18,0,2,4,0,6,7,6,11,0,24,6,0,6,30
01/17/2020,SCK,CA,AWP,WE,Towers with Radar,10,4,31,0,45,0,1,28,0,29,10,5,59,0,74,62,0,62,136
01/18/2020,SCK,CA,AWP,WE,Towers with Radar,7,9,21,0,37,0,0,5,0,5,7,9,26,0,42,36,0,36,78
01/19/2020,SCK,CA,AWP,WE,Towers with Radar,8,6,18,0,32,0,4,0,0,4,8,10,18,0,36,14,0,14,50
01/20/2020,SCK,CA,AWP,WE,Towers with Radar,11,5,52,0,68,0,0,25,0,25,11,5,77,0,93,102,0,102,195
01/21/2020,SCK,CA,AWP,WE,Towers with Radar,7,6,41,6,60,0,2,40,0,42,7,8,81,6,102,78,0,78,180
01/22/2020,SCK,CA,AWP,WE,Towers with Radar,9,5,38,5,57,0,2,24,4,30,9,7,62,9,87,190,18,208,295
01/23/2020,SCK,CA,AWP,WE,Towers with Radar,8,4,36,2,50,0,2,25,9,36,8,6,61,11,86,148,4,152,238
01/24/2020,SCK,CA,AWP,WE,Towers with Radar,10,8,36,0,54,0,3,61,2,66,10,11,97,2,120,136,0,136,256
01/25/2020,SCK,CA,AWP,WE,Towers with Radar,7,6,51,2,66,0,0,2,0,2,7,6,53,2,68,0,0,0,68
01/26/2020,SCK,CA,AWP,WE,Towers with Radar,8,7,52,0,67,0,0,30,0,30,8,7,82,0,97,61,0,61,158
01/27/2020,SCK,CA,AWP,WE,Towers with Radar,11,7,39,1,58,0,0,92,8,100,11,7,131,9,158,128,10,138,296
01/28/2020,SCK,CA,AWP,WE,Towers with Radar,7,8,22,0,37,0,1,35,4,40,7,9,57,4,77,110,10,120,197
01/29/2020,SCK,CA,AWP,WE,Towers with Radar,9,6,39,9,63,0,0,52,8,60,9,6,91,17,123,150,32,182,305
01/30/2020,SCK,CA,AWP,WE,Towers with Radar,8,4,28,0,40,0,8,57,3,68,8,12,85,3,108,202,0,202,310
01/31/2020,SCK,CA,AWP,WE,Towers with Radar,9,7,35,1,52,0,6,69,0,75,9,13,104,1,127,158,0,158,285
02/01/2020,SCK,CA,AWP,WE,Towers with Radar,7,2,16,0,25,0,4,37,0,41,7,6,53,0,66,42,0,42,108
02/02/2020,SCK,CA,AWP,WE,Towers with Radar,8,5,13,0,26,0,3,10,0,13,8,8,23,0,39,26,0,26,65
02/03/2020,SCK,CA,AWP,WE,Towers with Radar,10,6,25,5,46,0,4,29,1,34,10,10,54,6,80,48,8,56,136
02/04/2020,SCK,CA,AWP,WE,Towers with Radar,7,4,53,1,65,0,1,80,1,82,7,5,133,2,147,108,8,116,263
02/05/2020,SCK,CA,AWP,WE,Towers with Radar,9,3,46,2,60,0,5,71,4,80,9,8,117,6,140,136,0,136,276
02/06/2020,SCK,CA,AWP,WE,Towers with Radar,8,3,39,1,51,0,6,61,2,69,8,9,100,3,120,166,0,166,286
02/07/2020,SCK,CA,AWP,WE,Towers with Radar,10,2,35,2,49,0,1,83,7,91,10,3,118,9,140,198,1,199,339
02/08/2020,SCK,CA,AWP,WE,Towers with Radar,7,2,28,0,37,0,1,50,0,51,7,3,78,0,88,124,0,124,212
02/09/2020,SCK,CA,AWP,WE,Towers with Radar,8,3,7,0,18,0,0,9,2,11,8,3,16,2,29,0,0,0,29
02/10/2020,SCK,CA,AWP,WE,Towers with Radar,10,5,39,4,58,0,2,71,4,77,10,7,110,8,135,210,28,238,373
02/11/2020,SCK,CA,AWP,WE,Towers with Radar,7,3,45,4,59,0,1,64,2,67,7,4,109,6,126,186,0,186,312
02/12/2020,SCK,CA,AWP,WE,Towers with Radar,7,3,29,1,40,0,0,82,3,85,7,3,111,4,125,228,12,240,365
02/13/2020,SCK,CA,AWP,WE,Towers with Radar,11,3,31,2,47,0,4,51,7,62,11,7,82,9,109,185,8,193,302
02/14/2020,SCK,CA,AWP,WE,Towers with Radar,7,4,31,2,44,0,6,45,0,51,7,10,76,2,95,248,0,248,343
02/15/2020,SCK,CA,AWP,WE,Towers with Radar,7,1,21,0,29,0,7,55,1,63,7,8,76,1,92,88,0,88,180
02/16/2020,SCK,CA,AWP,WE,Towers with Radar,8,3,12,0,23,0,0,31,0,31,8,3,43,0,54,72,0,72,126
02/17/2020,SCK,CA,AWP,WE,Towers with Radar,9,5,27,1,42,0,5,53,0,58,9,10,80,1,100,186,0,186,286
02/18/2020,SCK,CA,AWP,WE,Towers with Radar,7,5,36,1,49,0,2,86,7,95,7,7,122,8,144,232,10,242,386
02/19/2020,SCK,CA,AWP,WE,Towers with Radar,6,4,25,3,38,0,4,58,4,66,6,8,83,7,104,316,6,322,426
02/20/2020,SCK,CA,AWP,WE,Towers with Radar,11,7,21,2,41,0,6,54,3,63,11,13,75,5,104,226,0,226,330
02/21/2020,SCK,CA,AWP,WE,Towers with Radar,7,8,41,3,59,0,14,89,1,104,7,22,130,4,163,236,4,240,403
02/22/2020,SCK,CA,AWP,WE,Towers with Radar,7,2,25,1,35,0,4,61,1,66,7,6,86,2,101,140,0,140,241
02/23/2020,SCK,CA,AWP,WE,Towers with Radar,11,3,22,0,36,0,6,39,0,45,11,9,61,0,81,28,0,28,109
02/24/2020,SCK,CA,AWP,WE,Towers with Radar,8,2,41,0,51,0,4,74,1,79,8,6,115,1,130,268,0,268,398
02/25/2020,SCK,CA,AWP,WE,Towers with Radar,7,3,42,0,52,0,6,78,3,87,7,9,120,3,139,206,6,212,351
02/26/2020,SCK,CA,AWP,WE,Towers with Radar,9,3,33,2,47,0,8,53,5,66,9,11,86,7,113,307,0,307,420
02/27/2020,SCK,CA,AWP,WE,Towers with Radar,11,5,25,5,46,0,7,57,1,65,11,12,82,6,111,160,6,166,277
02/28/2020,SCK,CA,AWP,WE,Towers with Radar,8,4,19,0,31,0,3,66,0,69,8,7,85,0,100,212,0,212,312
02/29/2020,SCK,CA,AWP,WE,Towers with Radar,7,2,21,0,30,0,1,43,0,44,7,3,64,0,74,92,0,92,166
03/01/2020,SCK,CA,AWP,WE,Towers with Radar,12,4,28,0,44,0,6,24,0,30,12,10,52,0,74,32,0,32,106
03/02/2020,SCK,CA,AWP,WE,Towers with Radar,8,5,29,1,43,0,0,71,3,74,8,5,100,4,117,176,0,176,293
03/03/2020,SCK,CA,AWP,WE,Towers with Radar,7,5,42,8,62,0,10,85,4,99,7,15,127,12,161,244,60,304,465
03/04/2020,SCK,CA,AWP,WE,Towers with Radar,7,7,44,0,58,0,1,79,7,87,7,8,123,7,145,280,20,300,445
03/05/2020,SCK,CA,AWP,WE,Towers with Radar,13,12,35,0,60,0,3,77,5,85,13,15,112,5,145,268,0,268,413
03/06/2020,SCK,CA,AWP,WE,Towers with Radar,7,5,58,0,70,0,6,65,0,71,7,11,123,0,141,110,0,110,251
03/07/2020,SCK,CA,AWP,WE,Towers with Radar,9,0,33,0,42,0,3,14,0,17,9,3,47,0,59,106,0,106,165
03/08/2020,SCK,CA,AWP,WE,Towers with Radar,13,5,22,0,40,0,8,21,0,29,13,13,43,0,69,88,0,88,157
03/09/2020,SCK,CA,AWP,WE,Towers with Radar,7,7,29,1,44,0,4,84,0,88,7,11,113,1,132,290,0,290,422
03/10/2020,SCK,CA,AWP,WE,Towers with Radar,6,4,44,3,57,0,5,61,4,70,6,9,105,7,127,164,10,174,301
03/11/2020,SCK,CA,AWP,WE,Towers with Radar,5,4,40,0,49,0,4,84,5,93,5,8,124,5,142,134,2,136,278
03/12/2020,SCK,CA,AWP,WE,Towers with Radar,11,3,42,4,60,0,3,60,9,72,11,6,102,13,132,164,12,176,308
03/13/2020,SCK,CA,AWP,WE,Towers with Radar,5,4,35,1,45,0,3,86,11,100,5,7,121,12,145,140,14,154,299
03/14/2020,SCK,CA,AWP,WE,Towers with Radar,4,3,8,0,15,0,0,3,0,3,4,3,11,0,18,22,0,22,40
03/15/2020,SCK,CA,AWP,WE,Towers with Radar,12,7,21,0,40,0,0,7,0,7,12,7,28,0,47,0,0,0,47
03/16/2020,SCK,CA,AWP,WE,Towers with Radar,2,3,14,0,19,0,0,2,0,2,2,3,16,0,21,24,0,24,45
03/17/2020,SCK,CA,AWP,WE,Towers with Radar,4,3,32,9,48,0,4,24,1,29,4,7,56,10,77,127,0,127,204
03/18/2020,SCK,CA,AWP,WE,Towers with Radar,5,0,12,3,20,0,1,53,1,55,5,1,65,4,75,294,8,302,377
03/19/2020,SCK,CA,AWP,WE,Towers with Radar,5,0,15,4,24,0,2,59,9,70,5,2,74,13,94,176,16,192,286
03/20/2020,SCK,CA,AWP,WE,Towers with Radar,3,2,12,0,17,0,1,22,7,30,3,3,34,7,47,8,0,8,55
03/21/2020,SCK,CA,AWP,WE,Towers with Radar,3,1,10,0,14,0,1,21,0,22,3,2,31,0,36,2,0,2,38
03/22/2020,SCK,CA,AWP,WE,Towers with Radar,5,0,4,0,9,0,2,11,0,13,5,2,15,0,22,2,0,2,24
03/23/2020,SCK,CA,AWP,WE,Towers with Radar,4,1,5,0,10,0,2,5,0,7,4,3,10,0,17,10,0,10,27
03/24/2020,SCK,CA,AWP,WE,Towers with Radar,2,2,0,2,6,0,0,1,14,15,2,2,1,16,21,0,6,6,27
03/25/2020,SCK,CA,AWP,WE,Towers with Radar,2,2,11,1,16,0,3,6,1,10,2,5,17,2,26,0,0,0,26
03/26/2020,SCK,CA,AWP,WE,Towers with Radar,2,6,7,0,15,0,2,13,4,19,2,8,20,4,34,4,0,4,38
03/27/2020,SCK,CA,AWP,WE,Towers with Radar,3,0,9,0,12,0,0,29,3,32,3,0,38,3,44,2,0,2,46
03/28/2020,SCK,CA,AWP,WE,Towers with Radar,2,0,19,0,21,0,1,7,0,8,2,1,26,0,29,0,0,0,29
03/29/2020,SCK,CA,AWP,WE,Towers with Radar,2,0,3,0,5,0,0,1,0,1,2,0,4,0,6,0,0,0,6
03/30/2020,SCK,CA,AWP,WE,Towers with Radar,2,0,10,1,13,0,2,9,3,14,2,2,19,4,27,8,2,10,37
03/31/2020,SCK,CA,AWP,WE,Towers with Radar,2,8,5,1,16,0,5,15,1,21,2,13,20,2,37,12,2,14,51
04/01/2020,SCK,CA,AWP,WE,Towers with Radar,3,1,7,3,14,0,0,31,6,37,3,1,38,9,51,20,18,38,89
04/02/2020,SCK,CA,AWP,WE,Towers with Radar,5,1,6,0,12,0,1,20,3,24,5,2,26,3,36,0,0,0,36
04/03/2020,SCK,CA,AWP,WE,Towers with Radar,5,3,9,0,17,0,4,16,0,20,5,7,25,0,37,6,0,6,43
04/04/2020,SCK,CA,AWP,WE,Towers with Radar,3,2,0,8,13,0,2,2,0,4,3,4,2,8,17,0,0,0,17
04/05/2020,SCK,CA,AWP,WE,Towers with Radar,5,1,9,0,15,0,0,1,0,1,5,1,10,0,16,0,0,0,16
04/06/2020,SCK,CA,AWP,WE,Towers with Radar,2,0,1,4,7,0,0,8,2,10,2,0,9,6,17,0,4,4,21
04/07/2020,SCK,CA,AWP,WE,Towers with Radar,3,0,12,0,15,0,3,19,4,26,3,3,31,4,41,18,8,26,67
04/08/2020,SCK,CA,AWP,WE,Towers with Radar,2,4,18,2,26,0,2,33,14,49,2,6,51,16,75,4,2,6,81
04/09/2020,SCK,CA,AWP,WE,Towers with Radar,5,0,2,0,7,0,3,4,0,7,5,3,6,0,14,14,0,14,28
04/10/2020,SCK,CA,AWP,WE,Towers with Radar,3,0,8,1,12,0,5,20,1,26,3,5,28,2,38,0,0,0,38
04/11/2020,SCK,CA,AWP,WE,Towers with Radar,3,0,16,0,19,0,0,24,0,24,3,0,40,0,43,0,0,0,43
04/12/2020,SCK,CA,AWP,WE,Towers with Radar,2,2,6,0,10,0,0,12,0,12,2,2,18,0,22,16,0,16,38
04/13/2020,SCK,CA,AWP,WE,Towers with Radar,3,3,14,6,26,0,1,23,0,24,3,4,37,6,50,6,4,10,60
04/14/2020,SCK,CA,AWP,WE,Towers with Radar,3,1,7,4,15,0,0,20,1,21,3,1,27,5,36,4,0,4,40
04/15/2020,SCK,CA,AWP,WE,Towers with Radar,3,8,13,18,42,0,1,35,7,43,3,9,48,25,85,26,6,32,117
04/16/2020,SCK,CA,AWP,WE,Towers with Radar,3,0,6,0,9,0,0,20,4,24,3,0,26,4,33,8,0,8,41
04/17/2020,SCK,CA,AWP,WE,Towers with Radar,5,0,5,7,17,0,1,20,3,24,5,1,25,10,41,16,8,24,65
04/18/2020,SCK,CA,AWP,WE,Towers with Radar,3,2,23,0,28,0,6,7,0,13,3,8,30,0,41,10,0,10,51
04/19/2020,SCK,CA,AWP,WE,Towers with Radar,5,0,28,1,34,0,6,29,1,36,5,6,57,2,70,6,0,6,76
04/20/2020,SCK,CA,AWP,WE,Towers with Radar,2,0,10,2,14,0,1,20,7,28,2,1,30,9,42,2,8,10,52
04/21/2020,SCK,CA,AWP,WE,Towers with Radar,2,0,13,1,16,0,1,26,6,33,2,1,39,7,49,20,50,70,119
04/22/2020,SCK,CA,AWP,WE,Towers with Radar,2,0,23,2,27,0,0,47,11,58,2,0,70,13,85,5,32,37,122
04/23/2020,SCK,CA,AWP,WE,Towers with Radar,2,0,6,4,12,0,3,14,3,20,2,3,20,7,32,10,2,12,44
04/24/2020,SCK,CA,AWP,WE,Towers with Radar,2,2,16,1,21,0,1,33,7,41,2,3,49,8,62,22,14,36,98
04/25/2020,SCK,CA,AWP,WE,Towers with Radar,2,0,5,0,7,0,2,39,0,41,2,2,44,0,48,58,0,58,106
04/26/2020,SCK,CA,AWP,WE,Towers with Radar,3,2,19,0,24,0,0,44,0,44,3,2,63,0,68,2,0,2,70
04/27/2020,SCK,CA,AWP,WE,Towers with Radar,2,0,6,8,16,0,0,15,2,17,2,0,21,10,33,18,6,24,57
04/28/2020,SCK,CA,AWP,WE,Towers with Radar,2,6,11,4,23,0,2,38,10,50,2,8,49,14,73,22,0,22,95
04/29/2020,SCK,CA,AWP,WE,Towers with Radar,2,0,4,0,6,0,3,29,6,38,2,3,33,6,44,24,0,24,68
04/30/2020,SCK,CA,AWP,WE,Towers with Radar,5,0,23,0,28,0,0,31,2,33,5,0,54,2,61,8,0,8,69
05/01/2020,SCK,CA,AWP,WE,Towers with Radar,5,0,21,0,26,0,3,42,4,49,5,3,63,4,75,22,0,22,97
05/02/2020,SCK,CA,AWP,WE,Towers with Radar,3,2,4,0,9,0,10,12,9,31,3,12,16,9,40,18,28,46,86
05/03/2020,SCK,CA,AWP,WE,Towers with Radar,6,1,15,0,22,0,2,32,3,37,6,3,47,3,59,12,6,18,77
05/04/2020,SCK,CA,AWP,WE,Towers with Radar,2,1,5,0,8,0,0,22,2,24,2,1,27,2,32,30,0,30,62
05/05/2020,SCK,CA,AWP,WE,Towers with Radar,3,0,10,6,19,0,0,28,2,30,3,0,38,8,49,8,6,14,63
05/06/2020,SCK,CA,AWP,WE,Towers with Radar,3,0,18,8,29,0,0,25,5,30,3,0,43,13,59,2,10,12,71
05/07/2020,SCK,CA,AWP,WE,Towers with Radar,4,0,17,0,21,1,3,25,10,39,5,3,42,10,60,4,0,4,64
05/08/2020,SCK,CA,AWP,WE,Towers with Radar,5,0,8,0,13,0,0,41,3,44,5,0,49,3,57,8,0,8,65
05/09/2020,SCK,CA,AWP,WE,Towers with Radar,4,0,12,0,16,0,0,29,0,29,4,0,41,0,45,4,0,4,49
05/10/2020,SCK,CA,AWP,WE,Towers with Radar,4,0,22,0,26,0,0,20,0,20,4,0,42,0,46,0,0,0,46
05/11/2020,SCK,CA,AWP,WE,Towers with Radar,4,0,12,7,23,0,0,13,2,15,4,0,25,9,38,28,10,38,76
05/12/2020,SCK,CA,AWP,WE,Towers with Radar,2,0,14,2,18,0,1,14,4,19,2,1,28,6,37,0,8,8,45
05/13/2020,SCK,CA,AWP,WE,Towers with Radar,2,0,8,1,11,0,0,24,5,29,2,0,32,6,40,22,0,22,62
05/14/2020,SCK,CA,AWP,WE,Towers with Radar,4,2,12,4,22,0,0,37,11,48,4,2,49,15,70,36,4,40,110
05/15/2020,SCK,CA,AWP,WE,Towers with Radar,2,0,17,0,19,0,0,29,1,30,2,0,46,1,49,24,0,24,73
05/16/2020,SCK,CA,AWP,WE,Towers with Radar,2,0,19,0,21,1,1,36,0,38,3,1,55,0,59,8,0,8,67
05/17/2020,SCK,CA,AWP,WE,Towers with Radar,4,4,6,0,14,0,0,4,0,4,4,4,10,0,18,0,0,0,18
05/18/2020,SCK,CA,AWP,WE,Towers with Radar,2,0,9,0,11,0,0,1,2,3,2,0,10,2,14,0,0,0,14
05/19/2020,SCK,CA,AWP,WE,Towers with Radar,4,4,13,0,21,0,2,19,0,21,4,6,32,0,42,98,0,98,140
05/20/2020,SCK,CA,AWP,WE,Towers with Radar,3,2,14,0,19,0,0,40,1,41,3,2,54,1,60,62,0,62,122
05/21/2020,SCK,CA,AWP,WE,Towers with Radar,5,1,10,0,16,0,1,32,8,41,5,2,42,8,57,64,4,68,125
05/22/2020,SCK,CA,AWP,WE,Towers with Radar,6,1,23,0,30,0,1,48,5,54,6,2,71,5,84,46,0,46,130
05/23/2020,SCK,CA,AWP,WE,Towers with Radar,2,2,9,0,13,1,0,19,0,20,3,2,28,0,33,38,0,38,71
05/24/2020,SCK,CA,AWP,WE,Towers with Radar,4,0,12,0,16,0,1,40,0,41,4,1,52,0,57,20,0,20,77
05/25/2020,SCK,CA,AWP,WE,Towers with Radar,5,0,18,0,23,0,0,23,0,23,5,0,41,0,46,32,0,32,78
05/26/2020,SCK,CA,AWP,WE,Towers with Radar,2,2,15,0,19,0,0,16,3,19,2,2,31,3,38,6,0,6,44
05/27/2020,SCK,CA,AWP,WE,Towers with Radar,2,0,17,3,22,0,0,29,3,32,2,0,46,6,54,102,2,104,158
05/28/2020,SCK,CA,AWP,WE,Towers with Radar,4,2,18,1,25,0,0,59,4,63,4,2,77,5,88,86,26,112,200
05/29/2020,SCK,CA,AWP,WE,Towers with Radar,5,0,19,0,24,0,2,41,5,48,5,2,60,5,72,84,0,84,156
05/30/2020,SCK,CA,AWP,WE,Towers with Radar,3,2,3,0,8,0,0,16,3,19,3,2,19,3,27,56,4,60,87
05/31/2020,SCK,CA,AWP,WE,Towers with Radar,5,4,24,1,34,0,0,27,4,31,5,4,51,5,65,90,0,90,155
06/01/2020,SCK,CA,AWP,WE,Towers with Radar,7,0,25,0,32,0,2,48,7,57,7,2,73,7,89,126,2,128,217
06/02/2020,SCK,CA,AWP,WE,Towers with Radar,2,2,29,0,33,0,0,51,5,56,2,2,80,5,89,102,0,102,191
06/03/2020,SCK,CA,AWP,WE,Towers with Radar,4,2,20,2,28,1,4,35,3,43,5,6,55,5,71,96,6,102,173
06/04/2020,SCK,CA,AWP,WE,Towers with Radar,3,4,17,7,31,0,3,35,6,44,3,7,52,13,75,148,42,190,265
06/05/2020,SCK,CA,AWP,WE,Towers with Radar,7,1,24,0,32,0,0,36,2,38,7,1,60,2,70,43,0,43,113
06/06/2020,SCK,CA,AWP,WE,Towers with Radar,5,0,11,0,16,0,2,24,4,30,5,2,35,4,46,36,0,36,82
06/07/2020,SCK,CA,AWP,WE,Towers with Radar,4,4,23,3,34,0,1,30,1,32,4,5,53,4,66,30,0,30,96
06/08/2020,SCK,CA,AWP,WE,Towers with Radar,7,2,33,1,43,0,2,27,9,38,7,4,60,10,81,62,4,66,147
06/09/2020,SCK,CA,AWP,WE,Towers with Radar,3,2,17,0,22,0,0,47,2,49,3,2,64,2,71,138,0,138,209
06/10/2020,SCK,CA,AWP,WE,Towers with Radar,4,2,39,1,46,0,0,35,1,36,4,2,74,2,82,108,0,108,190
06/11/2020,SCK,CA,AWP,WE,Towers with Radar,4,2,33,3,42,0,0,47,20,67,4,2,80,23,109,92,8,100,209
06/12/2020,SCK,CA,AWP,WE,Towers with Radar,7,1,29,0,37,0,1,41,2,44,7,2,70,2,81,86,0,86,167
06/13/2020,SCK,CA,AWP,WE,Towers with Radar,5,0,18,0,23,0,1,37,0,38,5,1,55,0,61,48,0,48,109
06/14/2020,SCK,CA,AWP,WE,Towers with Radar,5,1,16,0,22,0,1,40,0,41,5,2,56,0,63,10,0,10,73
06/15/2020,SCK,CA,AWP,WE,Towers with Radar,7,0,28,1,36,0,0,34,0,34,7,0,62,1,70,44,0,44,114
06/16/2020,SCK,CA,AWP,WE,Towers with Radar,4,2,19,6,31,0,1,47,2,50,4,3,66,8,81,98,2,100,181
06/17/2020,SCK,CA,AWP,WE,Towers with Radar,4,0,16,10,30,1,0,40,11,52,5,0,56,21,82,4,10,14,96
06/18/2020,SCK,CA,AWP,WE,Towers with Radar,4,3,34,0,41,0,0,73,1,74,4,3,107,1,115,80,0,80,195
06/19/2020,SCK,CA,AWP,WE,Towers with Radar,7,5,26,0,38,0,1,55,3,59,7,6,81,3,97,94,0,94,191
06/20/2020,SCK,CA,AWP,WE,Towers with Radar,5,3,21,0,29,0,0,39,0,39,5,3,60,0,68,96,0,96,164
06/21/2020,SCK,CA,AWP,WE,Towers with Radar,5,2,13,0,20,0,0,25,0,25,5,2,38,0,45,14,0,14,59
06/22/2020,SCK,CA,AWP,WE,Towers with Radar,6,4,23,1,34,0,1,32,1,34,6,5,55,2,68,124,0,124,192
06/23/2020,SCK,CA,AWP,WE,Towers with Radar,3,6,20,0,29,0,0,48,0,48,3,6,68,0,77,94,0,94,171
06/24/2020,SCK,CA,AWP,WE,Towers with Radar,5,0,21,1,27,0,0,48,2,50,5,0,69,3,77,44,0,44,121
06/25/2020,SCK,CA,AWP,WE,Towers with Radar,3,4,23,1,31,0,0,57,3,60,3,4,80,4,91,130,0,130,221
06/26/2020,SCK,CA,AWP,WE,Towers with Radar,7,8,19,1,35,0,2,57,4,63,7,10,76,5,98,178,4,182,280
06/27/2020,SCK,CA,AWP,WE,Towers with Radar,5,0,24,0,29,0,0,44,0,44,5,0,68,0,73,74,0,74,147
06/28/2020,SCK,CA,AWP,WE,Towers with Radar,5,0,14,0,19,0,0,29,0,29,5,0,43,0,48,8,0,8,56
06/29/2020,SCK,CA,AWP,WE,Towers with Radar,10,0,31,4,45,0,0,43,1,44,10,0,74,5,89,48,0,48,137
06/30/2020,SCK,CA,AWP,WE,Towers with Radar,5,0,18,2,25,0,2,46,0,48,5,2,64,2,73,64,0,64,137
07/01/2020,SCK,CA,AWP,WE,Towers with Radar,4,5,19,10,38,0,0,42,6,48,4,5,61,16,86,42,14,56,142
07/02/2020,SCK,CA,AWP,WE,Towers with Radar,5,1,22,5,33,0,0,54,4,58,5,1,76,9,91,86,22,108,199
07/03/2020,SCK,CA,AWP,WE,Towers with Radar,5,0,25,0,30,0,0,42,0,42,5,0,67,0,72,60,0,60,132
07/04/2020,SCK,CA,AWP,WE,Towers with Radar,1,0,10,0,11,0,0,38,0,38,1,0,48,0,49,80,0,80,129
07/05/2020,SCK,CA,AWP,WE,Towers with Radar,4,0,8,0,12,0,0,30,0,30,4,0,38,0,42,28,0,28,70
07/06/2020,SCK,CA,AWP,WE,Towers with Radar,7,2,35,5,49,0,2,53,0,55,7,4,88,5,104,100,0,100,204
07/07/2020,SCK,CA,AWP,WE,Towers with Radar,3,4,23,5,35,0,0,41,3,44,3,4,64,8,79,138,8,146,225
07/08/2020,SCK,CA,AWP,WE,Towers with Radar,4,1,14,3,22,0,0,40,2,42,4,1,54,5,64,146,2,148,212
07/09/2020,SCK,CA,AWP,WE,Towers with Radar,5,1,14,12,32,0,2,50,7,59,5,3,64,19,91,46,0,46,137
07/10/2020,SCK,CA,AWP,WE,Towers with Radar,7,0,20,2,29,0,0,54,5,59,7,0,74,7,88,30,0,30,118
07/11/2020,SCK,CA,AWP,WE,Towers with Radar,5,0,12,0,17,0,1,41,2,44,5,1,53,2,61,66,0,66,127
07/12/2020,SCK,CA,AWP,WE,Towers with Radar,7,0,10,0,17,0,0,17,1,18,7,0,27,1,35,0,0,0,35
07/13/2020,SCK,CA,AWP,WE,Towers with Radar,7,2,11,9,29,0,0,41,3,44,7,2,52,12,73,100,12,112,185
07/14/2020,SCK,CA,AWP,WE,Towers with Radar,3,2,19,2,26,0,0,40,0,40,3,2,59,2,66,104,0,104,170
07/15/2020,SCK,CA,AWP,WE,Towers with Radar,5,3,26,5,39,0,2,55,2,59,5,5,81,7,98,136,14,150,248
07/16/2020,SCK,CA,AWP,WE,Towers with Radar,5,2,19,0,26,0,3,45,2,50,5,5,64,2,76,104,0,104,180
07/17/2020,SCK,CA,AWP,WE,Towers with Radar,7,0,29,0,36,0,2,56,1,59,7,2,85,1,95,152,0,152,247
07/18/2020,SCK,CA,AWP,WE,Towers with Radar,5,0,32,0,37,0,0,61,1,62,5,0,93,1,99,36,2,38,137
07/19/2020,SCK,CA,AWP,WE,Towers with Radar,5,0,14,0,19,0,1,37,0,38,5,1,51,0,57,50,0,50,107
07/20/2020,SCK,CA,AWP,WE,Towers with Radar,7,4,21,0,32,0,1,39,0,40,7,5,60,0,72,112,0,112,184
07/21/2020,SCK,CA,AWP,WE,Towers with Radar,3,0,19,1,23,0,0,35,4,39,3,0,54,5,62,82,0,82,144
07/22/2020,SCK,CA,AWP,WE,Towers with Radar,5,2,7,3,17,0,1,56,4,61,5,3,63,7,78,76,6,82,160
07/23/2020,SCK,CA,AWP,WE,Towers with Radar,6,2,11,5,24,0,0,58,3,61,6,2,69,8,85,188,2,190,275
07/24/2020,SCK,CA,AWP,WE,Towers with Radar,7,2,13,0,22,0,2,48,2,52,7,4,61,2,74,104,0,104,178
07/25/2020,SCK,CA,AWP,WE,Towers with Radar,5,1,9,0,15,0,0,44,0,44,5,1,53,0,59,116,0,116,175
07/26/2020,SCK,CA,AWP,WE,Towers with Radar,8,0,9,0,17,0,0,34,1,35,8,0,43,1,52,72,0,72,124
07/27/2020,SCK,CA,AWP,WE,Towers with Radar,7,0,5,10,22,0,0,56,5,61,7,0,61,15,83,78,8,86,169
07/28/2020,SCK,CA,AWP,WE,Towers with Radar,3,0,23,4,30,1,3,32,5,41,4,3,55,9,71,46,12,58,129
07/29/2020,SCK,CA,AWP,WE,Towers with Radar,5,1,22,0,28,0,1,36,3,40,5,2,58,3,68,18,0,18,86
07/30/2020,SCK,CA,AWP,WE,Towers with Radar,4,0,38,2,44,0,0,73,4,77,4,0,111,6,121,70,0,70,191
07/31/2020,SCK,CA,AWP,WE,Towers with Radar,6,0,21,1,28,0,0,41,9,50,6,0,62,10,78,24,6,30,108
08/01/2020,SCK,CA,AWP,WE,Towers with Radar,4,2,13,0,19,0,1,61,0,62,4,3,74,0,81,56,0,56,137
08/02/2020,SCK,CA,AWP,WE,Towers with Radar,5,0,14,0,19,0,1,48,0,49,5,1,62,0,68,18,0,18,86
08/03/2020,SCK,CA,AWP,WE,Towers with Radar,7,3,17,4,31,0,1,39,5,45,7,4,56,9,76,52,0,52,128
08/04/2020,SCK,CA,AWP,WE,Towers with Radar,3,1,15,10,29,0,0,37,6,43,3,1,52,16,72,68,12,80,152
08/05/2020,SCK,CA,AWP,WE,Towers with Radar,5,0,9,3,17,0,0,36,4,40,5,0,45,7,57,4,0,4,61
08/06/2020,SCK,CA,AWP,WE,Towers with Radar,5,2,25,2,34,0,1,57,2,60,5,3,82,4,94,38,0,38,132
08/07/2020,SCK,CA,AWP,WE,Towers with Radar,6,4,16,2,28,1,0,41,3,45,7,4,57,5,73,30,0,30,103
08/08/2020,SCK,CA,AWP,WE,Towers with Radar,3,0,23,0,26,0,0,45,0,45,3,0,68,0,71,34,0,34,105
08/09/2020,SCK,CA,AWP,WE,Towers with Radar,4,2,11,0,17,0,0,51,4,55,4,2,62,4,72,12,0,12,84
08/10/2020,SCK,CA,AWP,WE,Towers with Radar,9,0,26,2,37,0,3,38,0,41,9,3,64,2,78,28,0,28,106
08/11/2020,SCK,CA,AWP,WE,Towers with Radar,3,1,17,0,21,0,0,73,2,75,3,1,90,2,96,86,0,86,182
08/12/2020,SCK,CA,AWP,WE,Towers with Radar,6,3,23,0,32,0,2,45,1,48,6,5,68,1,80,62,0,62,142
08/13/2020,SCK,CA,AWP,WE,Towers with Radar,5,2,14,3,24,0,3,64,1,68,5,5,78,4,92,94,0,94,186
08/14/2020,SCK,CA,AWP,WE,Towers with Radar,6,3,23,1,33,0,2,32,1,35,6,5,55,2,68,24,0,24,92
08/15/2020,SCK,CA,AWP,WE,Towers with Radar,3,0,25,0,28,0,2,38,0,40,3,2,63,0,68,72,0,72,140
08/16/2020,SCK,CA,AWP,WE,Towers with Radar,5,0,10,0,15,0,0,23,0,23,5,0,33,0,38,0,0,0,38
08/17/2020,SCK,CA,AWP,WE,Towers with Radar,9,0,22,1,32,0,4,45,0,49,9,4,67,1,81,36,0,36,117
08/18/2020,SCK,CA,AWP,WE,Towers with Radar,3,0,21,0,24,0,0,27,2,29,3,0,48,2,53,50,2,52,105
08/19/2020,SCK,CA,AWP,WE,Towers with Radar,5,4,16,3,28,0,6,25,2,33,5,10,41,5,61,54,0,54,115
08/20/2020,SCK,CA,AWP,WE,Towers with Radar,6,1,33,1,41,0,0,4,0,4,6,1,37,1,45,0,0,0,45
08/21/2020,SCK,CA,AWP,WE,Towers with Radar,5,6,12,2,25,0,1,4,6,11,5,7,16,8,36,0,4,4,40
08/22/2020,SCK,CA,AWP,WE,Towers with Radar,3,2,23,1,29,0,0,16,11,27,3,2,39,12,56,40,0,40,96
08/23/2020,SCK,CA,AWP,WE,Towers with Radar,5,2,21,0,28,0,1,9,0,10,5,3,30,0,38,0,0,0,38
08/24/2020,SCK,CA,AWP,WE,Towers with Radar,5,1,35,2,43,0,0,6,2,8,5,1,41,4,51,0,2,2,53
08/25/2020,SCK,CA,AWP,WE,Towers with Radar,3,1,30,0,34,0,4,21,4,29,3,5,51,4,63,58,0,58,121
08/26/2020,SCK,CA,AWP,WE,Towers with Radar,5,1,40,4,50,0,3,27,8,38,5,4,67,12,88,28,8,36,124
08/27/2020,SCK,CA,AWP,WE,Towers with Radar,7,1,25,6,39,0,6,29,0,35,7,7,54,6,74,16,4,20,94
08/28/2020,SCK,CA,AWP,WE,Towers with Radar,5,1,16,4,26,0,6,24,2,32,5,7,40,6,58,9,0,9,67
08/29/2020,SCK,CA,AWP,WE,Towers with Radar,3,1,37,0,41,0,4,32,2,38,3,5,69,2,79,24,0,24,103
08/30/2020,SCK,CA,AWP,WE,Towers with Radar,5,3,28,0,36,0,2,20,1,23,5,5,48,1,59,2,0,2,61
08/31/2020,SCK,CA,AWP,WE,Towers with Radar,5,0,29,2,36,0,1,29,0,30,5,1,58,2,66,26,0,26,92
09/01/2020,SCK,CA,AWP,WE,Towers with Radar,3,0,36,1,40,0,0,26,0,26,3,0,62,1,66,18,0,18,84
09/02/2020,SCK,CA,AWP,WE,Towers with Radar,3,3,30,0,36,0,5,41,2,48,3,8,71,2,84,50,0,50,134
09/03/2020,SCK,CA,AWP,WE,Towers with Radar,5,3,24,0,32,0,3,41,4,48,5,6,65,4,80,16,0,16,96
09/04/2020,SCK,CA,AWP,WE,Towers with Radar,6,2,43,0,51,0,6,75,2,83,6,8,118,2,134,58,0,58,192
09/05/2020,SCK,CA,AWP,WE,Towers with Radar,5,1,27,0,33,0,4,55,0,59,5,5,82,0,92,112,0,112,204
09/06/2020,SCK,CA,AWP,WE,Towers with Radar,5,1,7,1,14,0,5,21,1,27,5,6,28,2,41,36,0,36,77
09/07/2020,SCK,CA,AWP,WE,Towers with Radar,7,2,17,0,26,0,3,40,1,44,7,5,57,1,70,48,0,48,118
09/08/2020,SCK,CA,AWP,WE,Towers with Radar,3,2,25,13,43,0,0,3,0,3,3,2,28,13,46,4,0,4,50
09/09/2020,SCK,CA,AWP,WE,Towers with Radar,4,3,15,11,33,0,3,11,2,16,4,6,26,13,49,88,0,88,137
09/10/2020,SCK,CA,AWP,WE,Towers with Radar,7,1,34,1,43,0,0,9,3,12,7,1,43,4,55,40,0,40,95
09/11/2020,SCK,CA,AWP,WE,Towers with Radar,5,6,27,2,40,0,0,0,2,2,5,6,27,4,42,0,6,6,48
09/12/2020,SCK,CA,AWP,WE,Towers with Radar,5,0,45,2,52,0,0,1,0,1,5,0,46,2,53,0,0,0,53
09/13/2020,SCK,CA,AWP,WE,Towers with Radar,7,0,21,1,29,0,0,1,0,1,7,0,22,1,30,0,0,0,30
09/14/2020,SCK,CA,AWP,WE,Towers with Radar,4,0,69,27,100,0,0,0,0,0,4,0,69,27,100,0,2,2,102
09/15/2020,SCK,CA,AWP,WE,Towers with Radar,3,2,47,4,56,0,1,20,1,22,3,3,67,5,78,30,0,30,108
09/16/2020,SCK,CA,AWP,WE,Towers with Radar,4,3,40,0,47,0,3,51,0,54,4,6,91,0,101,164,0,164,265
09/17/2020,SCK,CA,AWP,WE,Towers with Radar,7,11,28,0,46,0,7,49,0,56,7,18,77,0,102,90,0,90,192
09/18/2020,SCK,CA,AWP,WE,Towers with Radar,4,3,38,3,48,0,11,51,4,66,4,14,89,7,114,76,12,88,202
09/19/2020,SCK,CA,AWP,WE,Towers with Radar,5,6,28,1,40,0,9,61,0,70,5,15,89,1,110,96,0,96,206
09/20/2020,SCK,CA,AWP,WE,Towers with Radar,6,0,26,0,32,0,0,50,0,50,6,0,76,0,82,130,0,130,212
09/21/2020,SCK,CA,AWP,WE,Towers with Radar,4,0,36,4,44,0,7,64,4,75,4,7,100,8,119,74,18,92,211
09/22/2020,SCK,CA,AWP,WE,Towers with Radar,2,4,28,10,44,1,6,55,6,68,3,10,83,16,112,28,18,46,158
09/23/2020,SCK,CA,AWP,WE,Towers with Radar,3,2,24,2,31,0,0,63,1,64,3,2,87,3,95,106,4,110,205
09/24/2020,SCK,CA,AWP,WE,Towers with Radar,7,3,33,2,45,0,3,58,1,62,7,6,91,3,107,24,8,32,139
09/25/2020,SCK,CA,AWP,WE,Towers with Radar,5,2,27,0,34,0,2,69,2,73,5,4,96,2,107,62,0,62,169
09/26/2020,SCK,CA,AWP,WE,Towers with Radar,5,0,22,0,27,0,3,32,0,35,5,3,54,0,62,42,0,42,104
09/27/2020,SCK,CA,AWP,WE,Towers with Radar,7,3,17,0,27,0,2,47,0,49,7,5,64,0,76,68,0,68,144
09/28/2020,SCK,CA,AWP,WE,Towers with Radar,5,2,40,4,51,0,7,39,1,47,5,9,79,5,98,60,8,68,166
09/29/2020,SCK,CA,AWP,WE,Towers with Radar,3,3,41,5,52,0,6,42,4,52,3,9,83,9,104,34,14,48,152
09/30/2020,SCK,CA,AWP,WE,Towers with Radar,3,0,35,3,41,0,0,43,0,43,3,0,78,3,84,36,0,36,120
10/01/2020,SCK,CA,AWP,WE,Towers with Radar,6,2,46,1,55,0,2,24,2,28,6,4,70,3,83,26,0,26,109
10/02/2020,SCK,CA,AWP,WE,Towers with Radar,5,1,40,1,47,0,1,13,1,15,5,2,53,2,62,14,0,14,76
10/03/2020,SCK,CA,AWP,WE,Towers with Radar,5,1,35,0,41,0,1,5,0,6,5,2,40,0,47,6,0,6,53
10/04/2020,SCK,CA,AWP,WE,Towers with Radar,6,5,29,0,40,0,1,24,1,26,6,6,53,1,66,36,0,36,102
10/05/2020,SCK,CA,AWP,WE,Towers with Radar,5,0,31,2,38,0,4,57,4,65,5,4,88,6,103,88,0,88,191
10/06/2020,SCK,CA,AWP,WE,Towers with Radar,5,2,37,2,46,0,2,34,8,44,5,4,71,10,90,92,0,92,182
10/07/2020,SCK,CA,AWP,WE,Towers with Radar,5,4,45,1,55,0,2,54,2,58,5,6,99,3,113,50,0,50,163
10/08/2020,SCK,CA,AWP,WE,Towers with Radar,7,8,61,5,81,0,3,58,4,65,7,11,119,9,146,44,0,44,190
10/09/2020,SCK,CA,AWP,WE,Towers with Radar,5,2,37,0,44,0,0,58,0,58,5,2,95,0,102,62,0,62,164
10/10/2020,SCK,CA,AWP,WE,Towers with Radar,5,0,23,0,28,2,3,47,0,52,7,3,70,0,80,86,0,86,166
10/11/2020,SCK,CA,AWP,WE,Towers with Radar,8,0,18,0,26,0,1,32,0,33,8,1,50,0,59,36,0,36,95
10/12/2020,SCK,CA,AWP,WE,Towers with Radar,5,0,47,0,52,0,2,62,0,64,5,2,109,0,116,38,0,38,154
10/13/2020,SCK,CA,AWP,WE,Towers with Radar,2,0,39,4,45,0,1,65,2,68,2,1,104,6,113,88,0,88,201
10/14/2020,SCK,CA,AWP,WE,Towers with Radar,5,0,37,2,44,0,5,67,3,75,5,5,104,5,119,76,2,78,197
10/15/2020,SCK,CA,AWP,WE,Towers with Radar,7,0,39,8,54,0,0,61,0,61,7,0,100,8,115,94,12,106,221
10/16/2020,SCK,CA,AWP,WE,Towers with Radar,4,1,26,0,31,1,4,55,4,64,5,5,81,4,95,40,0,40,135
10/17/2020,SCK,CA,AWP,WE,Towers with Radar,4,0,44,2,50,1,0,56,5,62,5,0,100,7,112,66,20,86,198
10/18/2020,SCK,CA,AWP,WE,Towers with Radar,6,0,24,0,30,0,0,51,11,62,6,0,75,11,92,16,0,16,108
10/19/2020,SCK,CA,AWP,WE,Towers with Radar,5,1,45,2,53,0,0,55,2,57,5,1,100,4,110,58,0,58,168
10/20/2020,SCK,CA,AWP,WE,Towers with Radar,3,4,13,5,25,0,2,43,2,47,3,6,56,7,72,106,0,106,178
10/21/2020,SCK,CA,AWP,WE,Towers with Radar,5,2,38,2,47,0,5,58,3,66,5,7,96,5,113,54,0,54,167
10/22/2020,SCK,CA,AWP,WE,Towers with Radar,6,3,35,0,44,0,0,35,4,39,6,3,70,4,83,100,0,100,183
10/23/2020,SCK,CA,AWP,WE,Towers with Radar,5,5,21,1,32,0,4,58,2,64,5,9,79,3,96,104,8,112,208
10/24/2020,SCK,CA,AWP,WE,Towers with Radar,5,2,39,0,46,0,2,41,0,43,5,4,80,0,89,108,0,108,197
10/25/2020,SCK,CA,AWP,WE,Towers with Radar,7,3,21,0,31,0,0,10,0,10,7,3,31,0,41,2,0,2,43
10/26/2020,SCK,CA,AWP,WE,Towers with Radar,4,2,24,0,30,0,0,39,0,39,4,2,63,0,69,24,0,24,93
10/27/2020,SCK,CA,AWP,WE,Towers with Radar,3,4,16,2,25,0,3,57,0,60,3,7,73,2,85,80,10,90,175
10/28/2020,SCK,CA,AWP,WE,Towers with Radar,5,10,39,1,55,0,5,63,2,70,5,15,102,3,125,100,0,100,225
10/29/2020,SCK,CA,AWP,WE,Towers with Radar,10,5,25,1,41,0,0,47,1,48,10,5,72,2,89,98,0,98,187
10/30/2020,SCK,CA,AWP,WE,Towers with Radar,9,0,32,2,43,0,1,51,5,57,9,1,83,7,100,88,0,88,188
10/31/2020,SCK,CA,AWP,WE,Towers with Radar,8,2,21,2,33,1,3,28,1,33,9,5,49,3,66,98,6,104,170
11/01/2020,SCK,CA,AWP,WE,Towers with Radar,11,1,14,0,26,0,0,40,0,40,11,1,54,0,66,36,0,36,102
11/02/2020,SCK,CA,AWP,WE,Towers with Radar,9,0,32,2,43,0,2,49,4,55,9,2,81,6,98,74,18,92,190
11/03/2020,SCK,CA,AWP,WE,Towers with Radar,8,1,26,9,44,0,3,37,5,45,8,4,63,14,89,134,28,162,251
11/04/2020,SCK,CA,AWP,WE,Towers with Radar,9,0,21,3,33,0,1,47,5,53,9,1,68,8,86,86,16,102,188
11/05/2020,SCK,CA,AWP,WE,Towers with Radar,9,2,14,5,30,2,1,36,2,41,11,3,50,7,71,102,0,102,173
11/06/2020,SCK,CA,AWP,WE,Towers with Radar,7,3,25,0,35,0,3,24,0,27,7,6,49,0,62,32,0,32,94
11/07/2020,SCK,CA,AWP,WE,Towers with Radar,9,1,20,0,30,0,0,37,1,38,9,1,57,1,68,50,0,50,118
11/08/2020,SCK,CA,AWP,WE,Towers with Radar,11,1,10,0,22,0,2,14,3,19,11,3,24,3,41,30,0,30,71
11/09/2020,SCK,CA,AWP,WE,Towers with Radar,9,0,23,0,32,0,8,33,0,41,9,8,56,0,73,52,0,52,125
11/10/2020,SCK,CA,AWP,WE,Towers with Radar,6,3,18,3,30,0,0,38,1,39,6,3,56,4,69,126,14,140,209
11/11/2020,SCK,CA,AWP,WE,Towers with Radar,9,3,43,0,55,0,4,49,0,53,9,7,92,0,108,128,0,128,236
11/12/2020,SCK,CA,AWP,WE,Towers with Radar,10,2,28,1,41,0,4,48,1,53,10,6,76,2,94,136,0,136,230
11/13/2020,SCK,CA,AWP,WE,Towers with Radar,9,0,14,0,23,0,6,20,0,26,9,6,34,0,49,6,0,6,55
11/14/2020,SCK,CA,AWP,WE,Towers with Radar,9,2,38,0,49,0,1,13,0,14,9,3,51,0,63,22,0,22,85
11/15/2020,SCK,CA,AWP,WE,Towers with Radar,11,0,23,0,34,0,2,30,0,32,11,2,53,0,66,10,0,10,76
11/16/2020,SCK,CA,AWP,WE,Towers with Radar,9,0,26,3,38,0,1,40,2,43,9,1,66,5,81,74,4,78,159
11/17/2020,SCK,CA,AWP,WE,Towers with Radar,7,1,20,0,28,0,1,22,2,25,7,2,42,2,53,36,4,40,93
11/18/2020,SCK,CA,AWP,WE,Towers with Radar,9,2,25,15,51,0,1,29,2,32,9,3,54,17,83,106,0,106,189
11/19/2020,SCK,CA,AWP,WE,Towers with Radar,9,3,19,1,32,0,1,46,3,50,9,4,65,4,82,4,4,8,90
11/20/2020,SCK,CA,AWP,WE,Towers with Radar,10,0,34,0,44,0,2,47,0,49,10,2,81,0,93,100,0,100,193
11/21/2020,SCK,CA,AWP,WE,Towers with Radar,9,0,32,0,41,0,7,40,3,50,9,7,72,3,91,66,0,66,157
11/22/2020,SCK,CA,AWP,WE,Towers with Radar,9,2,25,0,36,0,5,36,0,41,9,7,61,0,77,10,0,10,87
11/23/2020,SCK,CA,AWP,WE,Towers with Radar,10,0,20,0,30,0,1,41,0,42,10,1,61,0,72,68,0,68,140
11/24/2020,SCK,CA,AWP,WE,Towers with Radar,9,3,32,3,47,0,0,65,1,66,9,3,97,4,113,58,8,66,179
11/25/2020,SCK,CA,AWP,WE,Towers with Radar,11,3,13,0,27,0,0,33,0,33,11,3,46,0,60,26,0,26,86
11/26/2020,SCK,CA,AWP,WE,Towers with Radar,4,2,10,0,16,0,2,23,0,25,4,4,33,0,41,26,0,26,67
11/27/2020,SCK,CA,AWP,WE,Towers with Radar,7,2,12,0,21,0,3,57,0,60,7,5,69,0,81,90,0,90,171
11/28/2020,SCK,CA,AWP,WE,Towers with Radar,9,0,18,0,27,0,0,24,0,24,9,0,42,0,51,30,0,30,81
11/29/2020,SCK,CA,AWP,WE,Towers with Radar,10,2,11,0,23,0,8,27,0,35,10,10,38,0,58,20,0,20,78
11/30/2020,SCK,CA,AWP,WE,Towers with Radar,10,3,19,0,32,0,0,38,0,38,10,3,57,0,70,70,0,70,140
12/01/2020,SCK,CA,AWP,WE,Towers with Radar,7,1,28,1,37,0,6,61,4,71,7,7,89,5,108,66,6,72,180
12/02/2020,SCK,CA,AWP,WE,Towers with Radar,7,0,38,1,46,0,1,48,9,58,7,1,86,10,104,154,22,176,280
12/03/2020,SCK,CA,AWP,WE,Towers with Radar,7,2,22,4,35,0,0,34,0,34,7,2,56,4,69,56,2,58,127
12/04/2020,SCK,CA,AWP,WE,Towers with Radar,11,0,11,0,22,1,4,24,0,29,12,4,35,0,51,10,0,10,61
12/05/2020,SCK,CA,AWP,WE,Towers with Radar,7,2,24,0,33,0,5,39,0,44,7,7,63,0,77,46,0,46,123
12/06/2020,SCK,CA,AWP,WE,Towers with Radar,7,2,28,0,37,0,2,26,1,29,7,4,54,1,66,58,0,58,124
12/07/2020,SCK,CA,AWP,WE,Towers with Radar,11,1,24,5,41,0,0,26,1,27,11,1,50,6,68,36,0,36,104
12/08/2020,SCK,CA,AWP,WE,Towers with Radar,9,2,26,2,39,0,0,48,6,54,9,2,74,8,93,80,10,90,183
12/09/2020,SCK,CA,AWP,WE,Towers with Radar,7,0,21,3,31,0,1,38,1,40,7,1,59,4,71,62,20,82,153
12/10/2020,SCK,CA,AWP,WE,Towers with Radar,7,1,31,0,39,0,1,47,1,49,7,2,78,1,88,78,0,78,166
12/11/2020,SCK,CA,AWP,WE,Towers with Radar,11,1,48,10,70,0,2,47,6,55,11,3,95,16,125,78,12,90,215
12/12/2020,SCK,CA,AWP,WE,Towers with Radar,7,4,39,0,50,0,1,0,0,1,7,5,39,0,51,0,0,0,51
12/13/2020,SCK,CA,AWP,WE,Towers with Radar,7,5,15,0,27,0,0,0,0,0,7,5,15,0,27,0,0,0,27
12/14/2020,SCK,CA,AWP,WE,Towers with Radar,11,0,26,1,38,0,1,39,1,41,11,1,65,2,79,96,0,96,175
12/15/2020,SCK,CA,AWP,WE,Towers with Radar,7,4,38,0,49,0,2,44,7,53,7,6,82,7,102,58,2,60,162
12/16/2020,SCK,CA,AWP,WE,Towers with Radar,9,1,31,1,42,0,1,20,2,23,9,2,51,3,65,56,0,56,121
12/17/2020,SCK,CA,AWP,WE,Towers with Radar,10,2,22,0,34,0,0,18,0,18,10,2,40,0,52,32,0,32,84
12/18/2020,SCK,CA,AWP,WE,Towers with Radar,10,6,24,0,40,0,2,44,0,46,10,8,68,0,86,32,1,33,119
12/19/2020,SCK,CA,AWP,WE,Towers with Radar,7,0,29,0,36,0,0,13,0,13,7,0,42,0,49,0,0,0,49
12/20/2020,SCK,CA,AWP,WE,Towers with Radar,12,3,14,0,29,0,2,24,0,26,12,5,38,0,55,12,0,12,67
12/21/2020,SCK,CA,AWP,WE,Towers with Radar,8,0,20,0,28,0,0,1,0,1,8,0,21,0,29,0,0,0,29
12/22/2020,SCK,CA,AWP,WE,Towers with Radar,11,0,34,0,45,0,3,9,0,12,11,3,43,0,57,10,0,10,67
12/23/2020,SCK,CA,AWP,WE,Towers with Radar,9,2,31,0,42,0,0,10,5,15,9,2,41,5,57,18,0,18,75
12/24/2020,SCK,CA,AWP,WE,Towers with Radar,8,3,31,0,42,0,0,5,0,5,8,3,36,0,47,0,0,0,47
12/25/2020,SCK,CA,AWP,WE,Towers with Radar,0,1,0,0,1,0,2,2,0,4,0,3,2,0,5,0,0,0,5
12/26/2020,SCK,CA,AWP,WE,Towers with Radar,6,1,21,0,28,0,1,20,0,21,6,2,41,0,49,26,0,26,75
12/27/2020,SCK,CA,AWP,WE,Towers with Radar,10,9,24,0,43,0,2,34,0,36,10,11,58,0,79,26,0,26,105
12/28/2020,SCK,CA,AWP,WE,Towers with Radar,8,0,31,0,39,0,1,16,2,19,8,1,47,2,58,40,2,42,100
12/29/2020,SCK,CA,AWP,WE,Towers with Radar,8,3,28,0,39,0,6,60,0,66,8,9,88,0,105,42,0,42,147
12/30/2020,SCK,CA,AWP,WE,Towers with Radar,9,0,16,8,33,1,2,25,2,30,10,2,41,10,63,30,0,30,93
12/31/2020,SCK,CA,AWP,WE,Towers with Radar,8,0,22,0,30,0,2,22,0,24,8,2,44,0,54,20,0,20,74
01/01/2021,SCK,CA,AWP,WE,Towers with Radar,2,0,12,0,14,0,3,15,0,18,2,3,27,0,32,22,0,22,54
01/02/2021,SCK,CA,AWP,WE,Towers with Radar,5,0,31,2,38,0,2,16,0,18,5,2,47,2,56,16,0,16,72
01/03/2021,SCK,CA,AWP,WE,Towers with Radar,12,1,9,0,22,0,0,13,0,13,12,1,22,0,35,54,0,54,89
01/04/2021,SCK,CA,AWP,WE,Towers with Radar,8,1,16,0,25,0,0,3,0,3,8,1,19,0,28,0,0,0,28
01/05/2021,SCK,CA,AWP,WE,Towers with Radar,7,2,20,2,31,0,2,19,0,21,7,4,39,2,52,16,0,16,68
01/06/2021,SCK,CA,AWP,WE,Towers with Radar,6,0,15,1,22,1,0,22,1,24,7,0,37,2,46,14,0,14,60
01/07/2021,SCK,CA,AWP,WE,Towers with Radar,9,0,27,1,37,0,1,5,0,6,9,1,32,1,43,0,0,0,43
01/08/2021,SCK,CA,AWP,WE,Towers with Radar,11,2,26,0,39,0,0,11,0,11,11,2,37,0,50,0,0,0,50
01/09/2021,SCK,CA,AWP,WE,Towers with Radar,7,0,27,0,34,0,2,42,0,44,7,2,69,0,78,16,0,16,94
01/10/2021,SCK,CA,AWP,WE,Towers with Radar,9,0,18,0,27,0,4,8,1,13,9,4,26,1,40,10,0,10,50
01/11/2021,SCK,CA,AWP,WE,Towers with Radar,11,2,14,0,27,0,0,11,2,13,11,2,25,2,40,36,0,36,76
01/12/2021,SCK,CA,AWP,WE,Towers with Radar,7,6,32,3,48,0,0,26,2,28,7,6,58,5,76,36,0,36,112
01/13/2021,SCK,CA,AWP,WE,Towers with Radar,7,2,32,2,43,0,3,32,2,37,7,5,64,4,80,62,0,62,142
01/14/2021,SCK,CA,AWP,WE,Towers with Radar,8,0,32,12,52,0,1,25,0,26,8,1,57,12,78,6,0,6,84
01/15/2021,SCK,CA,AWP,WE,Towers with Radar,11,2,35,0,48,0,1,16,0,17,11,3,51,0,65,30,6,36,101
01/16/2021,SCK,CA,AWP,WE,Towers with Radar,7,0,24,0,31,0,2,41,2,45,7,2,65,2,76,30,0,30,106
01/17/2021,SCK,CA,AWP,WE,Towers with Radar,9,0,34,0,43,0,4,37,0,41,9,4,71,0,84,52,0,52,136
01/18/2021,SCK,CA,AWP,WE,Towers with Radar,11,0,26,0,37,0,0,12,0,12,11,0,38,0,49,2,0,2,51
01/19/2021,SCK,CA,AWP,WE,Towers with Radar,7,2,16,0,25,0,2,11,0,13,7,4,27,0,38,0,0,0,38
01/20/2021,SCK,CA,AWP,WE,Towers with Radar,7,0,23,0,30,0,1,49,14,64,7,1,72,14,94,102,0,102,196
01/21/2021,SCK,CA,AWP,WE,Towers with Radar,7,1,33,1,42,0,5,61,12,78,7,6,94,13,120,90,24,114,234
01/22/2021,SCK,CA,AWP,WE,Towers with Radar,9,0,16,0,25,0,0,13,8,21,9,0,29,8,46,2,69,71,117
01/23/2021,SCK,CA,AWP,WE,Towers with Radar,5,0,22,0,27,0,1,34,3,38,5,1,56,3,65,42,0,42,107
01/24/2021,SCK,CA,AWP,WE,Towers with Radar,7,2,21,0,30,0,0,4,0,4,7,2,25,0,34,0,0,0,34
01/25/2021,SCK,CA,AWP,WE,Towers with Radar,9,6,25,0,40,1,4,27,1,33,10,10,52,1,73,6,0,6,79
01/26/2021,SCK,CA,AWP,WE,Towers with Radar,6,0,21,8,35,0,0,33,10,43,6,0,54,18,78,36,16,52,130
01/27/2021,SCK,CA,AWP,WE,Towers with Radar,5,2,5,0,12,0,0,1,0,1,5,2,6,0,13,0,0,0,13
01/28/2021,SCK,CA,AWP,WE,Towers with Radar,8,6,14,4,32,0,0,1,0,1,8,6,15,4,33,0,0,0,33
01/29/2021,SCK,CA,AWP,WE,Towers with Radar,9,0,15,0,24,0,5,21,0,26,9,5,36,0,50,60,0,60,110
01/30/2021,SCK,CA,AWP,WE,Towers with Radar,5,0,24,0,29,0,1,44,0,45,5,1,68,0,74,84,0,84,158
01/31/2021,SCK,CA,AWP,WE,Towers with Radar,6,2,19,0,27,0,6,26,0,32,6,8,45,0,59,50,0,50,109
02/01/2021,SCK,CA,AWP,WE,Towers with Radar,11,1,27,5,44,0,2,33,1,36,11,3,60,6,80,48,0,48,128
02/02/2021,SCK,CA,AWP,WE,Towers with Radar,5,0,19,0,24,0,0,4,0,4,5,0,23,0,28,54,18,72,100
02/03/2021,SCK,CA,AWP,WE,Towers with Radar,5,2,30,4,41,0,0,41,1,42,5,2,71,5,83,40,4,44,127
02/04/2021,SCK,CA,AWP,WE,Towers with Radar,6,5,4,0,15,0,1,59,3,63,6,6,63,3,78,86,0,86,164
02/05/2021,SCK,CA,AWP,WE,Towers with Radar,9,1,32,1,43,0,4,50,0,54,9,5,82,1,97,9,0,9,106
02/06/2021,SCK,CA,AWP,WE,Towers with Radar,4,0,26,0,30,0,0,61,0,61,4,0,87,0,91,104,0,104,195
02/07/2021,SCK,CA,AWP,WE,Towers with Radar,6,0,8,0,14,0,2,30,0,32,6,2,38,0,46,36,0,36,82
02/08/2021,SCK,CA,AWP,WE,Towers with Radar,7,2,26,5,40,0,1,29,7,37,7,3,55,12,77,54,30,84,161
02/09/2021,SCK,CA,AWP,WE,Towers with Radar,4,2,38,7,51,0,0,35,1,36,4,2,73,8,87,104,6,110,197
02/10/2021,SCK,CA,AWP,WE,Towers with Radar,7,0,38,8,53,0,0,51,13,64,7,0,89,21,117,110,14,124,241
02/11/2021,SCK,CA,AWP,WE,Towers with Radar,10,6,16,5,37,0,6,19,1,26,10,12,35,6,63,54,6,60,123
02/12/2021,SCK,CA,AWP,WE,Towers with Radar,9,0,27,5,41,0,0,37,3,40,9,0,64,8,81,92,6,98,179
02/13/2021,SCK,CA,AWP,WE,Towers with Radar,6,0,14,0,20,0,0,11,0,11,6,0,25,0,31,40,0,40,71
02/14/2021,SCK,CA,AWP,WE,Towers with Radar,6,0,25,0,31,0,4,21,0,25,6,4,46,0,56,24,0,24,80
02/15/2021,SCK,CA,AWP,WE,Towers with Radar,10,0,31,0,41,1,0,12,0,13,11,0,43,0,54,24,0,24,78
02/16/2021,SCK,CA,AWP,WE,Towers with Radar,6,2,29,13,50,0,1,38,5,44,6,3,67,18,94,108,36,144,238
02/17/2021,SCK,CA,AWP,WE,Towers with Radar,8,1,26,18,53,0,2,41,11,54,8,3,67,29,107,14,12,26,133
02/18/2021,SCK,CA,AWP,WE,Towers with Radar,11,5,14,8,38,0,2,52,11,65,11,7,66,19,103,18,8,26,129
02/19/2021,SCK,CA,AWP,WE,Towers with Radar,9,3,22,0,34,0,7,27,5,39,9,10,49,5,73,22,0,22,95
02/20/2021,SCK,CA,AWP,WE,Towers with Radar,7,0,26,0,33,0,0,35,0,35,7,0,61,0,68,108,0,108,176
02/21/2021,SCK,CA,AWP,WE,Towers with Radar,7,4,11,0,22,1,1,50,2,54,8,5,61,2,76,48,0,48,124
02/22/2021,SCK,CA,AWP,WE,Towers with Radar,7,0,26,9,42,0,1,47,3,51,7,1,73,12,93,50,6,56,149
02/23/2021,SCK,CA,AWP,WE,Towers with Radar,7,2,28,12,49,0,0,33,8,41,7,2,61,20,90,94,48,142,232
02/24/2021,SCK,CA,AWP,WE,Towers with Radar,7,2,19,4,32,0,0,23,13,36,7,2,42,17,68,2,30,32,100
02/25/2021,SCK,CA,AWP,WE,Towers with Radar,10,4,18,2,34,0,2,50,3,55,10,6,68,5,89,134,6,140,229
02/26/2021,SCK,CA,AWP,WE,Towers with Radar,8,6,27,0,41,1,5,49,0,55,9,11,76,0,96,120,0,120,216
02/27/2021,SCK,CA,AWP,WE,Towers with Radar,7,0,12,0,19,0,4,17,4,25,7,4,29,4,44,16,2,18,62
02/28/2021,SCK,CA,AWP,WE,Towers with Radar,9,0,18,0,27,0,0,48,0,48,9,0,66,0,75,12,0,12,87
03/01/2021,SCK,CA,AWP,WE,Towers with Radar,7,2,13,0,22,0,0,51,2,53,7,2,64,2,75,62,0,62,137
03/02/2021,SCK,CA,AWP,WE,Towers with Radar,6,2,29,0,37,0,2,45,10,57,6,4,74,10,94,54,20,74,168
03/03/2021,SCK,CA,AWP,WE,Towers with Radar,9,1,18,3,31,0,0,34,4,38,9,1,52,7,69,64,38,102,171
03/04/2021,SCK,CA,AWP,WE,Towers with Radar,8,1,24,5,38,0,0,47,8,55,8,1,71,13,93,98,12,110,203
03/05/2021,SCK,CA,AWP,WE,Towers with Radar,9,2,22,2,35,0,8,44,4,56,9,10,66,6,91,34,0,34,125
03/06/2021,SCK,CA,AWP,WE,Towers with Radar,7,2,11,1,21,0,6,36,1,43,7,8,47,2,64,38,6,44,108
03/07/2021,SCK,CA,AWP,WE,Towers with Radar,10,7,21,0,38,0,3,29,0,32,10,10,50,0,70,13,0,13,83
03/08/2021,SCK,CA,AWP,WE,Towers with Radar,9,1,19,8,37,0,2,31,6,39,9,3,50,14,76,30,6,36,112
03/09/2021,SCK,CA,AWP,WE,Towers with Radar,7,2,13,6,28,0,2,12,2,16,7,4,25,8,44,42,12,54,98
03/10/2021,SCK,CA,AWP,WE,Towers with Radar,11,0,10,0,21,0,0,4,1,5,11,0,14,1,26,20,0,20,46
03/11/2021,SCK,CA,AWP,WE,Towers with Radar,8,1,33,1,43,0,3,28,1,32,8,4,61,2,75,52,0,52,127
03/12/2021,SCK,CA,AWP,WE,Towers with Radar,8,2,33,1,44,0,3,79,1,83,8,5,112,2,127,138,0,138,265
03/13/2021,SCK,CA,AWP,WE,Towers with Radar,7,1,31,0,39,0,2,56,0,58,7,3,87,0,97,108,0,108,205
03/14/2021,SCK,CA,AWP,WE,Towers with Radar,9,3,15,2,29,0,5,21,0,26,9,8,36,2,55,46,0,46,101
03/15/2021,SCK,CA,AWP,WE,Towers with Radar,7,1,14,2,24,0,4,8,4,16,7,5,22,6,40,56,2,58,98
03/16/2021,SCK,CA,AWP,WE,Towers with Radar,7,2,29,2,40,0,7,52,6,65,7,9,81,8,105,26,16,42,147
03/17/2021,SCK,CA,AWP,WE,Towers with Radar,12,2,18,0,32,0,0,46,4,50,12,2,64,4,82,54,10,64,146
03/18/2021,SCK,CA,AWP,WE,Towers with Radar,7,2,23,1,33,0,0,9,1,10,7,2,32,2,43,14,2,16,59
03/19/2021,SCK,CA,AWP,WE,Towers with Radar,6,4,23,1,34,0,1,22,0,23,6,5,45,1,57,66,0,66,123
03/20/2021,SCK,CA,AWP,WE,Towers with Radar,5,4,21,1,31,0,4,51,0,55,5,8,72,1,86,92,0,92,178
03/21/2021,SCK,CA,AWP,WE,Towers with Radar,7,2,28,0,37,0,2,37,0,39,7,4,65,0,76,48,0,48,124
03/22/2021,SCK,CA,AWP,WE,Towers with Radar,8,7,36,0,51,0,7,53,0,60,8,14,89,0,111,58,0,58,169
03/23/2021,SCK,CA,AWP,WE,Towers with Radar,6,3,14,1,24,0,2,23,1,26,6,5,37,2,50,6,0,6,56
03/24/2021,SCK,CA,AWP,WE,Towers with Radar,8,1,30,2,41,0,8,62,9,79,8,9,92,11,120,46,14,60,180
03/25/2021,SCK,CA,AWP,WE,Towers with Radar,6,0,28,1,35,0,4,36,6,46,6,4,64,7,81,16,2,18,99
03/26/2021,SCK,CA,AWP,WE,Towers with Radar,6,0,34,0,40,0,1,53,0,54,6,1,87,0,94,26,8,34,128
03/27/2021,SCK,CA,AWP,WE,Towers with Radar,6,0,19,0,25,0,5,64,0,69,6,5,83,0,94,136,0,136,230
03/28/2021,SCK,CA,AWP,WE,Towers with Radar,7,0,34,0,41,0,0,52,0,52,7,0,86,0,93,32,0,32,125
03/29/2021,SCK,CA,AWP,WE,Towers with Radar,6,0,26,1,33,0,5,49,3,57,6,5,75,4,90,62,4,66,156
03/30/2021,SCK,CA,AWP,WE,Towers with Radar,6,0,30,5,41,0,2,48,4,54,6,2,78,9,95,46,34,80,175
03/31/2021,SCK,CA,AWP,WE,Towers with Radar,8,6,16,2,32,0,2,61,0,63,8,8,77,2,95,40,10,50,145
04/01/2021,SCK,CA,AWP,WE,Towers with Radar,9,2,22,6,39,0,4,63,1,68,9,6,85,7,107,70,0,70,177
04/02/2021,SCK,CA,AWP,WE,Towers with Radar,7,2,25,2,36,0,5,50,3,58,7,7,75,5,94,50,0,50,144
04/03/2021,SCK,CA,AWP,WE,Towers with Radar,6,0,17,0,23,0,4,43,0,47,6,4,60,0,70,58,0,58,128
04/04/2021,SCK,CA,AWP,WE,Towers with Radar,9,2,10,0,21,0,2,21,0,23,9,4,31,0,44,60,0,60,104
04/05/2021,SCK,CA,AWP,WE,Towers with Radar,8,0,21,4,33,0,2,49,3,54,8,2,70,7,87,26,2,28,115
04/06/2021,SCK,CA,AWP,WE,Towers with Radar,6,4,30,8,48,0,2,61,7,70,6,6,91,15,118,44,4,48,166
04/07/2021,SCK,CA,AWP,WE,Towers with Radar,8,3,28,0,39,0,6,43,2,51,8,9,71,2,90,80,0,80,170
04/08/2021,SCK,CA,AWP,WE,Towers with Radar,8,1,29,0,38,0,4,56,2,62,8,5,85,2,100,122,0,122,222
04/09/2021,SCK,CA,AWP,WE,Towers with Radar,8,2,25,1,36,0,4,66,5,75,8,6,91,6,111,96,0,96,207
04/10/2021,SCK,CA,AWP,WE,Towers with Radar,6,2,38,0,46,0,4,58,0,62,6,6,96,0,108,72,0,72,180
04/11/2021,SCK,CA,AWP,WE,Towers with Radar,8,2,22,0,32,0,0,49,0,49,8,2,71,0,81,54,0,54,135
04/12/2021,SCK,CA,AWP,WE,Towers with Radar,6,1,41,0,48,0,3,58,2,63,6,4,99,2,111,54,0,54,165
04/13/2021,SCK,CA,AWP,WE,Towers with Radar,6,0,18,1,25,0,4,43,6,53,6,4,61,7,78,18,0,18,96
04/14/2021,SCK,CA,AWP,WE,Towers with Radar,6,5,30,1,42,0,5,58,1,64,6,10,88,2,106,60,10,70,176
04/15/2021,SCK,CA,AWP,WE,Towers with Radar,8,1,29,3,41,0,5,55,2,62,8,6,84,5,103,116,0,116,219
04/16/2021,SCK,CA,AWP,WE,Towers with Radar,6,1,29,0,36,0,1,59,5,65,6,2,88,5,101,114,0,114,215
04/17/2021,SCK,CA,AWP,WE,Towers with Radar,6,5,19,0,30,0,11,55,1,67,6,16,74,1,97,120,0,120,217
04/18/2021,SCK,CA,AWP,WE,Towers with Radar,9,0,14,1,24,0,0,30,3,33,9,0,44,4,57,18,0,18,75
04/19/2021,SCK,CA,AWP,WE,Towers with Radar,6,2,31,0,39,0,1,56,0,57,6,3,87,0,96,83,0,83,179
04/20/2021,SCK,CA,AWP,WE,Towers with Radar,6,1,31,1,39,0,6,47,4,57,6,7,78,5,96,32,2,34,130
04/21/2021,SCK,CA,AWP,WE,Towers with Radar,6,3,27,0,36,0,4,65,1,70,6,7,92,1,106,88,0,88,194
04/22/2021,SCK,CA,AWP,WE,Towers with Radar,9,1,28,0,38,0,2,53,3,58,9,3,81,3,96,76,0,76,172
04/23/2021,SCK,CA,AWP,WE,Towers with Radar,6,2,40,0,48,0,2,62,0,64,6,4,102,0,112,156,0,156,268
04/24/2021,SCK,CA,AWP,WE,Towers with Radar,6,5,16,0,27,0,6,50,5,61,6,11,66,5,88,78,0,78,166
04/25/2021,SCK,CA,AWP,WE,Towers with Radar,8,0,18,0,26,0,7,22,0,29,8,7,40,0,55,6,0,6,61
04/26/2021,SCK,CA,AWP,WE,Towers with Radar,6,0,12,3,21,0,0,26,0,26,6,0,38,3,47,42,0,42,89
04/27/2021,SCK,CA,AWP,WE,Towers with Radar,6,0,27,3,36,0,2,49,1,52,6,2,76,4,88,38,2,40,128
04/28/2021,SCK,CA,AWP,WE,Towers with Radar,6,3,31,0,40,0,4,49,1,54,6,7,80,1,94,120,0,120,214
04/29/2021,SCK,CA,AWP,WE,Towers with Radar,8,4,31,2,45,0,4,60,3,67,8,8,91,5,112,96,0,96,208
04/30/2021,SCK,CA,AWP,WE,Towers with Radar,6,0,20,1,27,0,8,57,0,65,6,8,77,1,92,64,0,64,156
05/01/2021,SCK,CA,AWP,WE,Towers with Radar,6,0,25,0,31,0,0,38,0,38,6,0,63,0,69,40,0,40,109
05/02/2021,SCK,CA,AWP,WE,Towers with Radar,9,2,13,0,24,0,1,24,0,25,9,3,37,0,49,22,0,22,71
05/03/2021,SCK,CA,AWP,WE,Towers with Radar,5,0,23,4,32,0,1,29,0,30,5,1,52,4,62,4,0,4,66
05/04/2021,SCK,CA,AWP,WE,Towers with Radar,6,2,20,6,34,0,6,54,4,64,6,8,74,10,98,66,20,86,184
05/05/2021,SCK,CA,AWP,WE,Towers with Radar,6,3,16,0,25,0,4,34,6,44,6,7,50,6,69,138,0,138,207
05/06/2021,SCK,CA,AWP,WE,Towers with Radar,10,1,24,1,36,0,8,60,4,72,10,9,84,5,108,154,16,170,278
05/07/2021,SCK,CA,AWP,WE,Towers with Radar,6,0,20,0,26,0,4,47,3,54,6,4,67,3,80,136,16,152,232
05/08/2021,SCK,CA,AWP,WE,Towers with Radar,6,4,18,0,28,0,2,10,4,16,6,6,28,4,44,26,8,34,78
05/09/2021,SCK,CA,AWP,WE,Towers with Radar,9,4,25,1,39,0,2,43,1,46,9,6,68,2,85,26,6,32,117
05/10/2021,SCK,CA,AWP,WE,Towers with Radar,6,0,17,3,26,0,0,37,2,39,6,0,54,5,65,82,7,89,154
05/11/2021,SCK,CA,AWP,WE,Towers with Radar,6,2,32,1,41,0,4,76,0,80,6,6,108,1,121,168,0,168,289
05/12/2021,SCK,CA,AWP,WE,Towers with Radar,8,5,30,1,44,0,1,65,5,71,8,6,95,6,115,90,2,92,207
05/13/2021,SCK,CA,AWP,WE,Towers with Radar,10,2,32,2,46,0,8,63,5,76,10,10,95,7,122,100,14,114,236
05/14/2021,SCK,CA,AWP,WE,Towers with Radar,6,2,38,0,46,0,3,57,3,63,6,5,95,3,109,150,0,150,259
05/15/2021,SCK,CA,AWP,WE,Towers with Radar,6,0,25,8,39,0,4,43,1,48,6,4,68,9,87,76,0,76,163
05/16/2021,SCK,CA,AWP,WE,Towers with Radar,9,2,31,0,42,0,2,49,3,54,9,4,80,3,96,94,0,94,190
05/17/2021,SCK,CA,AWP,WE,Towers with Radar,6,1,26,3,36,0,0,57,1,58,6,1,83,4,94,114,0,114,208
05/18/2021,SCK,CA,AWP,WE,Towers with Radar,6,1,29,3,39,0,1,66,6,73,6,2,95,9,112,116,8,124,236
05/19/2021,SCK,CA,AWP,WE,Towers with Radar,8,2,26,1,37,0,4,61,5,70,8,6,87,6,107,76,4,80,187
05/20/2021,SCK,CA,AWP,WE,Towers with Radar,10,6,17,1,34,0,2,44,4,50,10,8,61,5,84,84,0,84,168
05/21/2021,SCK,CA,AWP,WE,Towers with Radar,6,4,11,1,22,0,3,29,4,36,6,7,40,5,58,68,2,70,128
05/22/2021,SCK,CA,AWP,WE,Towers with Radar,6,0,17,0,23,0,0,48,0,48,6,0,65,0,71,76,0,76,147
05/23/2021,SCK,CA,AWP,WE,Towers with Radar,8,3,18,0,29,0,4,31,0,35,8,7,49,0,64,38,0,38,102
05/24/2021,SCK,CA,AWP,WE,Towers with Radar,7,0,11,1,19,0,3,41,4,48,7,3,52,5,67,74,6,80,147
05/25/2021,SCK,CA,AWP,WE,Towers with Radar,6,2,18,0,26,0,4,48,0,52,6,6,66,0,78,56,2,58,136
05/26/2021,SCK,CA,AWP,WE,Towers with Radar,6,2,20,0,28,0,7,45,9,61,6,9,65,9,89,104,8,112,201
05/27/2021,SCK,CA,AWP,WE,Towers with Radar,6,1,24,1,32,0,5,65,1,71,6,6,89,2,103,88,0,88,191
05/28/2021,SCK,CA,AWP,WE,Towers with Radar,9,1,30,0,40,0,9,37,6,52,9,10,67,6,92,144,0,144,236
05/29/2021,SCK,CA,AWP,WE,Towers with Radar,6,3,4,0,13,0,4,35,1,40,6,7,39,1,53,46,0,46,99
05/30/2021,SCK,CA,AWP,WE,Towers with Radar,6,6,20,0,32,0,8,38,0,46,6,14,58,0,78,28,0,28,106
05/31/2021,SCK,CA,AWP,WE,Towers with Radar,9,4,14,0,27,0,2,30,0,32,9,6,44,0,59,22,0,22,81
06/01/2021,SCK,CA,AWP,WE,Towers with Radar,6,4,18,0,28,0,1,25,6,32,6,5,43,6,60,114,12,126,186
06/02/2021,SCK,CA,AWP,WE,Towers with Radar,10,1,18,15,44,0,7,36,6,49,10,8,54,21,93,74,26,100,193
06/03/2021,SCK,CA,AWP,WE,Towers with Radar,6,1,14,2,23,0,9,47,0,56,6,10,61,2,79,108,0,108,187
06/04/2021,SCK,CA,AWP,WE,Towers with Radar,8,0,19,0,27,0,2,53,4,59,8,2,72,4,86,152,0,152,238
06/05/2021,SCK,CA,AWP,WE,Towers with Radar,8,2,19,0,29,0,4,32,1,37,8,6,51,1,66,146,0,146,212
06/06/2021,SCK,CA,AWP,WE,Towers with Radar,6,0,29,0,35,0,1,32,0,33,6,1,61,0,68,26,0,26,94
06/07/2021,SCK,CA,AWP,WE,Towers with Radar,8,0,10,6,24,0,4,26,4,34,8,4,36,10,58,44,10,54,112
06/08/2021,SCK,CA,AWP,WE,Towers with Radar,6,3,17,6,32,0,5,47,0,52,6,8,64,6,84,100,20,120,204
06/09/2021,SCK,CA,AWP,WE,Towers with Radar,8,3,20,0,31,0,2,34,4,40,8,5,54,4,71,16,2,18,89
06/10/2021,SCK,CA,AWP,WE,Towers with Radar,8,5,33,1,47,0,0,73,5,78,8,5,106,6,125,32,4,36,161
06/11/2021,SCK,CA,AWP,WE,Towers with Radar,8,6,14,1,29,0,0,39,2,41,8,6,53,3,70,38,0,38,108
06/12/2021,SCK,CA,AWP,WE,Towers with Radar,6,0,32,0,38,0,5,44,0,49,6,5,76,0,87,38,0,38,125
06/13/2021,SCK,CA,AWP,WE,Towers with Radar,6,2,17,0,25,0,1,34,0,35,6,3,51,0,60,0,0,0,60
06/14/2021,SCK,CA,AWP,WE,Towers with Radar,7,2,17,6,32,0,3,35,3,41,7,5,52,9,73,120,0,120,193
06/15/2021,SCK,CA,AWP,WE,Towers with Radar,6,0,15,1,22,0,2,56,4,62,6,2,71,5,84,154,0,154,238
06/16/2021,SCK,CA,AWP,WE,Towers with Radar,8,2,35,0,45,0,2,23,0,25,8,4,58,0,70,106,0,106,176
06/17/2021,SCK,CA,AWP,WE,Towers with Radar,6,2,18,0,26,0,0,43,0,43,6,2,61,0,69,60,0,60,129
06/18/2021,SCK,CA,AWP,WE,Towers with Radar,8,3,33,0,44,0,9,50,6,65,8,12,83,6,109,30,0,30,139
06/19/2021,SCK,CA,AWP,WE,Towers with Radar,8,0,12,0,20,0,1,23,0,24,8,1,35,0,44,34,0,34,78
06/20/2021,SCK,CA,AWP,WE,Towers with Radar,7,3,9,0,19,0,3,39,3,45,7,6,48,3,64,24,0,24,88
06/21/2021,SCK,CA,AWP,WE,Towers with Radar,9,0,20,0,29,0,0,50,3,53,9,0,70,3,82,110,0,110,192
06/22/2021,SCK,CA,AWP,WE,Towers with Radar,6,7,16,2,31,0,5,54,2,61,6,12,70,4,92,54,0,54,146
06/23/2021,SCK,CA,AWP,WE,Towers with Radar,9,5,28,1,43,0,5,65,0,70,9,10,93,1,113,54,0,54,167
06/24/2021,SCK,CA,AWP,WE,Towers with Radar,6,2,15,1,24,0,7,57,3,67,6,9,72,4,91,70,6,76,167
06/25/2021,SCK,CA,AWP,WE,Towers with Radar,9,0,20,0,29,0,4,56,3,63,9,4,76,3,92,32,0,32,124
06/26/2021,SCK,CA,AWP,WE,Towers with Radar,8,3,11,0,22,0,0,34,1,35,8,3,45,1,57,56,0,56,113
06/27/2021,SCK,CA,AWP,WE,Towers with Radar,8,1,23,0,32,0,4,50,0,54,8,5,73,0,86,14,0,14,100
06/28/2021,SCK,CA,AWP,WE,Towers with Radar,8,2,20,1,31,0,1,57,1,59,8,3,77,2,90,128,0,128,218
06/29/2021,SCK,CA,AWP,WE,Towers with Radar,6,0,17,3,26,0,5,65,7,77,6,5,82,10,103,62,14,76,179
06/30/2021,SCK,CA,AWP,WE,Towers with Radar,10,4,24,4,42,0,2,60,3,65,10,6,84,7,107,134,0,134,241
07/01/2021,SCK,CA,AWP,WE,Towers with Radar,8,5,27,2,42,0,1,76,3,80,8,6,103,5,122,70,0,70,192
07/02/2021,SCK,CA,AWP,WE,Towers with Radar,8,0,29,3,40,0,8,47,3,58,8,8,76,6,98,48,0,48,146
07/03/2021,SCK,CA,AWP,WE,Towers with Radar,4,0,15,0,19,0,2,36,0,38,4,2,51,0,57,72,0,72,129
07/04/2021,SCK,CA,AWP,WE,Towers with Radar,4,0,9,0,13,0,0,26,0,26,4,0,35,0,39,8,0,8,47
07/05/2021,SCK,CA,AWP,WE,Towers with Radar,4,2,28,0,34,0,1,37,0,38,4,3,65,0,72,68,0,68,140
07/06/2021,SCK,CA,AWP,WE,Towers with Radar,6,0,17,4,27,0,2,41,2,45,6,2,58,6,72,52,0,52,124
07/07/2021,SCK,CA,AWP,WE,Towers with Radar,10,2,18,2,32,0,2,45,5,52,10,4,63,7,84,108,12,120,204
07/08/2021,SCK,CA,AWP,WE,Towers with Radar,8,3,22,8,41,0,5,61,4,70,8,8,83,12,111,76,0,76,187
07/09/2021,SCK,CA,AWP,WE,Towers with Radar,10,1,11,2,24,0,7,43,6,56,10,8,54,8,80,50,16,66,146
07/10/2021,SCK,CA,AWP,WE,Towers with Radar,5,2,11,0,18,0,3,18,2,23,5,5,29,2,41,18,0,18,59
07/11/2021,SCK,CA,AWP,WE,Towers with Radar,8,2,16,0,26,0,4,18,2,24,8,6,34,2,50,20,0,20,70
07/12/2021,SCK,CA,AWP,WE,Towers with Radar,8,0,21,8,37,0,1,46,1,48,8,1,67,9,85,106,2,108,193
07/13/2021,SCK,CA,AWP,WE,Towers with Radar,8,3,17,5,33,0,3,64,8,75,8,6,81,13,108,62,22,84,192
07/14/2021,SCK,CA,AWP,WE,Towers with Radar,9,0,27,14,50,0,0,46,8,54,9,0,73,22,104,50,12,62,166
07/15/2021,SCK,CA,AWP,WE,Towers with Radar,10,0,20,4,34,0,2,66,3,71,10,2,86,7,105,40,16,56,161
07/16/2021,SCK,CA,AWP,WE,Towers with Radar,10,0,17,1,28,0,0,48,3,51,10,0,65,4,79,42,0,42,121
07/17/2021,SCK,CA,AWP,WE,Towers with Radar,5,0,19,0,24,0,2,48,4,54,5,2,67,4,78,61,0,61,139
07/18/2021,SCK,CA,AWP,WE,Towers with Radar,4,4,13,0,21,0,2,43,0,45,4,6,56,0,66,12,0,12,78
07/19/2021,SCK,CA,AWP,WE,Towers with Radar,8,2,16,7,33,0,6,39,1,46,8,8,55,8,79,37,0,37,116
07/20/2021,SCK,CA,AWP,WE,Towers with Radar,6,7,19,5,37,0,2,60,5,67,6,9,79,10,104,28,10,38,142
07/21/2021,SCK,CA,AWP,WE,Towers with Radar,11,1,9,17,38,0,0,48,4,52,11,1,57,21,90,82,38,120,210
07/22/2021,SCK,CA,AWP,WE,Towers with Radar,8,5,17,11,41,0,2,47,4,53,8,7,64,15,94,54,14,68,162
07/23/2021,SCK,CA,AWP,WE,Towers with Radar,10,3,13,6,32,0,0,49,0,49,10,3,62,6,81,8,0,8,89
07/24/2021,SCK,CA,AWP,WE,Towers with Radar,6,0,9,0,15,0,3,33,2,38,6,3,42,2,53,36,0,36,89
07/25/2021,SCK,CA,AWP,WE,Towers with Radar,8,3,9,0,20,0,5,35,1,41,8,8,44,1,61,42,0,42,103
07/26/2021,SCK,CA,AWP,WE,Towers with Radar,8,0,16,1,25,0,10,48,3,61,8,10,64,4,86,92,0,92,178
07/27/2021,SCK,CA,AWP,WE,Towers with Radar,6,3,21,6,36,0,5,44,6,55,6,8,65,12,91,78,16,94,185
07/28/2021,SCK,CA,AWP,WE,Towers with Radar,10,1,24,20,55,0,1,27,4,32,10,2,51,24,87,52,14,66,153
07/29/2021,SCK,CA,AWP,WE,Towers with Radar,8,0,27,1,36,0,15,57,4,76,8,15,84,5,112,74,16,90,202
07/30/2021,SCK,CA,AWP,WE,Towers with Radar,10,5,18,2,35,0,7,57,0,64,10,12,75,2,99,84,0,84,183
07/31/2021,SCK,CA,AWP,WE,Towers with Radar,6,3,10,0,19,0,3,40,0,43,6,6,50,0,62,72,0,72,134
08/01/2021,SCK,CA,AWP,WE,Towers with Radar,8,6,14,0,28,0,0,29,0,29,8,6,43,0,57,12,0,12,69
08/02/2021,SCK,CA,AWP,WE,Towers with Radar,8,7,11,2,28,0,0,28,3,31,8,7,39,5,59,44,18,62,121
08/03/2021,SCK,CA,AWP,WE,Towers with Radar,6,1,28,4,39,0,2,41,4,47,6,3,69,8,86,64,18,82,168
08/04/2021,SCK,CA,AWP,WE,Towers with Radar,6,1,19,4,30,0,6,62,3,71,6,7,81,7,101,112,16,128,229
08/05/2021,SCK,CA,AWP,WE,Towers with Radar,7,3,20,9,39,0,4,57,6,67,7,7,77,15,106,136,8,144,250
08/06/2021,SCK,CA,AWP,WE,Towers with Radar,10,0,17,8,35,0,5,51,4,60,10,5,68,12,95,94,2,96,191
08/07/2021,SCK,CA,AWP,WE,Towers with Radar,6,4,14,0,24,0,1,11,0,12,6,5,25,0,36,16,0,16,52
08/08/2021,SCK,CA,AWP,WE,Towers with Radar,8,1,9,4,22,0,3,28,0,31,8,4,37,4,53,22,0,22,75
08/09/2021,SCK,CA,AWP,WE,Towers with Radar,8,4,25,2,39,0,7,43,1,51,8,11,68,3,90,110,4,114,204
08/10/2021,SCK,CA,AWP,WE,Towers with Radar,3,1,15,8,27,0,1,44,4,49,3,2,59,12,76,70,14,84,160
08/11/2021,SCK,CA,AWP,WE,Towers with Radar,6,0,20,9,35,0,6,57,9,72,6,6,77,18,107,128,32,160,267
08/12/2021,SCK,CA,AWP,WE,Towers with Radar,6,8,19,9,42,0,2,66,8,76,6,10,85,17,118,66,28,94,212
08/13/2021,SCK,CA,AWP,WE,Towers with Radar,10,5,14,2,31,0,7,38,4,49,10,12,52,6,80,60,4,64,144
08/14/2021,SCK,CA,AWP,WE,Towers with Radar,6,5,12,0,23,0,4,37,0,41,6,9,49,0,64,60,0,60,124
08/15/2021,SCK,CA,AWP,WE,Towers with Radar,8,3,7,0,18,0,3,21,0,24,8,6,28,0,42,8,0,8,50
08/16/2021,SCK,CA,AWP,WE,Towers with Radar,8,1,26,1,36,0,3,36,3,42,8,4,62,4,78,98,0,98,176
08/17/2021,SCK,CA,AWP,WE,Towers with Radar,4,1,11,0,16,0,5,35,4,44,4,6,46,4,60,104,0,104,164
08/18/2021,SCK,CA,AWP,WE,Towers with Radar,6,6,23,2,37,0,0,20,0,20,6,6,43,2,57,54,0,54,111
08/19/2021,SCK,CA,AWP,WE,Towers with Radar,6,3,31,5,45,0,3,31,11,45,6,6,62,16,90,64,18,82,172
08/20/2021,SCK,CA,AWP,WE,Towers with Radar,6,4,46,12,68,0,3,38,4,45,6,7,84,16,113,34,0,34,147
08/21/2021,SCK,CA,AWP,WE,Towers with Radar,6,5,15,1,27,1,4,26,3,34,7,9,41,4,61,36,6,42,103
08/22/2021,SCK,CA,AWP,WE,Towers with Radar,6,2,13,0,21,0,1,39,0,40,6,3,52,0,61,42,0,42,103
08/23/2021,SCK,CA,AWP,WE,Towers with Radar,7,5,30,1,43,0,5,53,1,59,7,10,83,2,102,82,10,92,194
08/24/2021,SCK,CA,AWP,WE,Towers with Radar,3,6,16,2,27,0,1,47,5,53,3,7,63,7,80,60,0,60,140
08/25/2021,SCK,CA,AWP,WE,Towers with Radar,6,5,28,2,41,0,2,44,1,47,6,7,72,3,88,88,0,88,176
08/26/2021,SCK,CA,AWP,WE,Towers with Radar,6,1,27,3,37,0,5,63,2,70,6,6,90,5,107,80,0,80,187
08/27/2021,SCK,CA,AWP,WE,Towers with Radar,4,4,29,1,38,0,5,40,1,46,4,9,69,2,84,56,0,56,140
08/28/2021,SCK,CA,AWP,WE,Towers with Radar,5,0,25,0,30,0,1,14,0,15,5,1,39,0,45,0,0,0,45
08/29/2021,SCK,CA,AWP,WE,Towers with Radar,6,0,18,0,24,0,0,19,0,19,6,0,37,0,43,20,0,20,63
08/30/2021,SCK,CA,AWP,WE,Towers with Radar,6,4,20,6,36,0,5,46,5,56,6,9,66,11,92,64,10,74,166
08/31/2021,SCK,CA,AWP,WE,Towers with Radar,4,0,27,0,31,0,1,42,4,47,4,1,69,4,78,60,0,60,138
09/01/2021,SCK,CA,AWP,WE,Towers with Radar,7,3,27,0,37,0,3,65,4,72,7,6,92,4,109,158,2,160,269
09/02/2021,SCK,CA,AWP,WE,Towers with Radar,6,4,16,7,33,0,4,55,4,63,6,8,71,11,96,58,16,74,170
09/03/2021,SCK,CA,AWP,WE,Towers with Radar,7,2,22,2,33,0,1,53,5,59,7,3,75,7,92,128,10,138,230
09/04/2021,SCK,CA,AWP,WE,Towers with Radar,6,4,6,0,16,0,1,38,0,39,6,5,44,0,55,84,0,84,139
09/05/2021,SCK,CA,AWP,WE,Towers with Radar,5,0,10,0,15,0,1,27,3,31,5,1,37,3,46,76,0,76,122
09/06/2021,SCK,CA,AWP,WE,Towers with Radar,7,2,23,0,32,0,0,42,0,42,7,2,65,0,74,134,0,134,208
09/07/2021,SCK,CA,AWP,WE,Towers with Radar,6,10,32,15,63,0,0,44,2,46,6,10,76,17,109,26,0,26,135
09/08/2021,SCK,CA,AWP,WE,Towers with Radar,6,3,33,5,47,0,4,65,7,76,6,7,98,12,123,22,26,48,171
09/09/2021,SCK,CA,AWP,WE,Towers with Radar,8,6,27,8,49,0,1,60,0,61,8,7,87,8,110,60,0,60,170
09/10/2021,SCK,CA,AWP,WE,Towers with Radar,6,3,33,4,46,0,9,59,8,76,6,12,92,12,122,42,0,42,164
09/11/2021,SCK,CA,AWP,WE,Towers with Radar,8,1,25,0,34,0,2,41,0,43,8,3,66,0,77,94,0,94,171
09/12/2021,SCK,CA,AWP,WE,Towers with Radar,10,1,11,2,24,0,6,38,2,46,10,7,49,4,70,12,0,12,82
09/13/2021,SCK,CA,AWP,WE,Towers with Radar,6,3,16,4,29,0,3,68,17,88,6,6,84,21,117,56,0,56,173
09/14/2021,SCK,CA,AWP,WE,Towers with Radar,6,2,36,5,49,0,0,55,1,56,6,2,91,6,105,52,4,56,161
09/15/2021,SCK,CA,AWP,WE,Towers with Radar,6,3,18,3,30,0,6,67,5,78,6,9,85,8,108,96,10,106,214
09/16/2021,SCK,CA,AWP,WE,Towers with Radar,6,1,22,0,29,0,5,53,2,60,6,6,75,2,89,122,2,124,213
09/17/2021,SCK,CA,AWP,WE,Towers with Radar,6,0,11,4,21,0,5,63,10,78,6,5,74,14,99,98,26,124,223
09/18/2021,SCK,CA,AWP,WE,Towers with Radar,6,0,14,0,20,0,2,45,0,47,6,2,59,0,67,70,0,70,137
09/19/2021,SCK,CA,AWP,WE,Towers with Radar,6,1,14,0,21,0,8,29,0,37,6,9,43,0,58,34,0,34,92
09/20/2021,SCK,CA,AWP,WE,Towers with Radar,5,0,19,1,25,0,1,59,9,69,5,1,78,10,94,24,14,38,132
09/21/2021,SCK,CA,AWP,WE,Towers with Radar,4,4,6,12,26,0,4,47,14,65,4,8,53,26,91,36,34,70,161
09/22/2021,SCK,CA,AWP,WE,Towers with Radar,6,1,38,8,53,0,10,65,4,79,6,11,103,12,132,122,26,148,280
09/23/2021,SCK,CA,AWP,WE,Towers with Radar,7,0,23,4,34,0,5,74,1,80,7,5,97,5,114,92,0,92,206
09/24/2021,SCK,CA,AWP,WE,Towers with Radar,7,0,18,2,27,0,5,44,1,50,7,5,62,3,77,62,0,62,139
09/25/2021,SCK,CA,AWP,WE,Towers with Radar,8,2,22,2,34,0,4,40,0,44,8,6,62,2,78,64,0,64,142
09/26/2021,SCK,CA,AWP,WE,Towers with Radar,8,4,25,0,37,0,2,40,0,42,8,6,65,0,79,62,0,62,141
09/27/2021,SCK,CA,AWP,WE,Towers with Radar,8,2,20,10,40,0,4,49,1,54,8,6,69,11,94,64,10,74,168
09/28/2021,SCK,CA,AWP,WE,Towers with Radar,6,0,20,6,32,0,0,43,1,44,6,0,63,7,76,32,0,32,108
09/29/2021,SCK,CA,AWP,WE,Towers with Radar,6,2,30,17,55,0,4,47,16,67,6,6,77,33,122,36,16,52,174
09/30/2021,SCK,CA,AWP,WE,Towers with Radar,6,2,25,9,42,0,7,61,6,74,6,9,86,15,116,98,24,122,238
10/01/2021,SCK,CA,AWP,WE,Towers with Radar,4,4,34,0,42,0,6,46,6,58,4,10,80,6,100,72,4,76,176
10/02/2021,SCK,CA,AWP,WE,Towers with Radar,10,0,21,0,31,0,7,47,6,60,10,7,68,6,91,54,6,60,151
10/03/2021,SCK,CA,AWP,WE,Towers with Radar,8,6,22,0,36,0,2,33,0,35,8,8,55,0,71,48,0,48,119
10/04/2021,SCK,CA,AWP,WE,Towers with Radar,7,0,33,2,42,0,3,37,3,43,7,3,70,5,85,52,14,66,151
10/05/2021,SCK,CA,AWP,WE,Towers with Radar,4,0,40,6,50,0,5,47,5,57,4,5,87,11,107,98,18,116,223
10/06/2021,SCK,CA,AWP,WE,Towers with Radar,8,0,17,6,31,0,1,54,2,57,8,1,71,8,88,52,2,54,142
10/07/2021,SCK,CA,AWP,WE,Towers with Radar,8,3,18,14,43,0,5,42,5,52,8,8,60,19,95,44,12,56,151
10/08/2021,SCK,CA,AWP,WE,Towers with Radar,7,0,26,6,39,0,2,43,4,49,7,2,69,10,88,88,2,90,178
10/09/2021,SCK,CA,AWP,WE,Towers with Radar,6,1,26,0,33,0,2,48,0,50,6,3,74,0,83,16,0,16,99
10/10/2021,SCK,CA,AWP,WE,Towers with Radar,9,2,15,0,26,0,0,39,0,39,9,2,54,0,65,46,0,46,111
10/11/2021,SCK,CA,AWP,WE,Towers with Radar,7,0,10,0,17,0,5,6,0,11,7,5,16,0,28,0,0,0,28
10/12/2021,SCK,CA,AWP,WE,Towers with Radar,6,4,18,3,31,0,8,19,5,32,6,12,37,8,63,36,8,44,107
10/13/2021,SCK,CA,AWP,WE,Towers with Radar,8,5,30,3,46,0,4,65,6,75,8,9,95,9,121,113,22,135,256
10/14/2021,SCK,CA,AWP,WE,Towers with Radar,6,6,37,6,55,0,3,54,16,73,6,9,91,22,128,55,48,103,231
10/15/2021,SCK,CA,AWP,WE,Towers with Radar,11,3,34,0,48,0,4,55,4,63,11,7,89,4,111,104,0,104,215
10/16/2021,SCK,CA,AWP,WE,Towers with Radar,6,0,26,0,32,0,0,52,2,54,6,0,78,2,86,62,0,62,148
10/17/2021,SCK,CA,AWP,WE,Towers with Radar,5,5,28,0,38,0,3,49,0,52,5,8,77,0,90,22,0,22,112
10/18/2021,SCK,CA,AWP,WE,Towers with Radar,10,1,30,1,42,0,3,27,6,36,10,4,57,7,78,88,16,104,182
10/19/2021,SCK,CA,AWP,WE,Towers with Radar,7,7,30,11,55,0,2,69,16,87,7,9,99,27,142,106,18,124,266
10/20/2021,SCK,CA,AWP,WE,Towers with Radar,8,2,27,4,41,0,2,29,11,42,8,4,56,15,83,146,32,178,261
10/21/2021,SCK,CA,AWP,WE,Towers with Radar,6,4,28,3,41,0,13,46,1,60,6,17,74,4,101,64,8,72,173
10/22/2021,SCK,CA,AWP,WE,Towers with Radar,10,3,16,0,29,0,2,13,4,19,10,5,29,4,48,38,2,40,88
10/23/2021,SCK,CA,AWP,WE,Towers with Radar,6,6,15,0,27,0,2,30,0,32,6,8,45,0,59,64,0,64,123
10/24/2021,SCK,CA,AWP,WE,Towers with Radar,6,1,4,0,11,0,0,0,0,0,6,1,4,0,11,0,0,0,11
10/25/2021,SCK,CA,AWP,WE,Towers with Radar,10,2,12,15,39,0,0,14,6,20,10,2,26,21,59,36,0,36,95
10/26/2021,SCK,CA,AWP,WE,Towers with Radar,4,0,24,3,31,0,2,40,8,50,4,2,64,11,81,92,20,112,193
10/27/2021,SCK,CA,AWP,WE,Towers with Radar,8,0,27,0,35,0,6,39,2,47,8,6,66,2,82,64,0,64,146
10/28/2021,SCK,CA,AWP,WE,Towers with Radar,7,0,21,0,28,0,0,65,3,68,7,0,86,3,96,126,8,134,230
10/29/2021,SCK,CA,AWP,WE,Towers with Radar,12,5,17,0,34,0,6,23,1,30,12,11,40,1,64,52,2,54,118
10/30/2021,SCK,CA,AWP,WE,Towers with Radar,4,3,27,0,34,0,6,36,0,42,4,9,63,0,76,62,0,62,138
10/31/2021,SCK,CA,AWP,WE,Towers with Radar,6,2,26,0,34,0,3,45,0,48,6,5,71,0,82,78,0,78,160
11/01/2021,SCK,CA,AWP,WE,Towers with Radar,8,3,15,3,29,0,3,17,3,23,8,6,32,6,52,84,44,128,180
11/02/2021,SCK,CA,AWP,WE,Towers with Radar,8,0,34,1,43,0,0,26,2,28,8,0,60,3,71,46,12,58,129
11/03/2021,SCK,CA,AWP,WE,Towers with Radar,8,2,16,0,26,0,7,60,3,70,8,9,76,3,96,36,4,40,136
11/04/2021,SCK,CA,AWP,WE,Towers with Radar,6,0,25,5,36,0,3,32,6,41,6,3,57,11,77,76,28,104,181
11/05/2021,SCK,CA,AWP,WE,Towers with Radar,8,0,32,3,43,0,5,42,1,48,8,5,74,4,91,62,0,62,153
11/06/2021,SCK,CA,AWP,WE,Towers with Radar,6,2,22,0,30,0,4,30,1,35,6,6,52,1,65,44,0,44,109
11/07/2021,SCK,CA,AWP,WE,Towers with Radar,5,0,32,0,37,0,3,40,0,43,5,3,72,0,80,22,0,22,102
11/08/2021,SCK,CA,AWP,WE,Towers with Radar,7,1,30,0,38,0,0,52,2,54,7,1,82,2,92,96,2,98,190
11/09/2021,SCK,CA,AWP,WE,Towers with Radar,6,4,17,3,30,0,1,7,2,10,6,5,24,5,40,26,14,40,80
11/10/2021,SCK,CA,AWP,WE,Towers with Radar,7,2,18,3,30,0,1,35,3,39,7,3,53,6,69,28,16,44,113
11/11/2021,SCK,CA,AWP,WE,Towers with Radar,5,1,22,0,28,0,6,39,1,46,5,7,61,1,74,26,0,26,100
11/12/2021,SCK,CA,AWP,WE,Towers with Radar,5,2,42,0,49,0,1,13,0,14,5,3,55,0,63,12,0,12,75
11/13/2021,SCK,CA,AWP,WE,Towers with Radar,9,6,25,0,40,0,0,4,0,4,9,6,29,0,44,0,0,0,44
11/14/2021,SCK,CA,AWP,WE,Towers with Radar,7,0,59,0,66,0,0,4,0,4,7,0,63,0,70,0,0,0,70
11/15/2021,SCK,CA,AWP,WE,Towers with Radar,8,3,35,2,48,0,1,2,2,5,8,4,37,4,53,2,2,4,57
11/16/2021,SCK,CA,AWP,WE,Towers with Radar,4,2,47,10,63,0,0,7,2,9,4,2,54,12,72,8,0,8,80
11/17/2021,SCK,CA,AWP,WE,Towers with Radar,5,0,26,2,33,0,2,14,4,20,5,2,40,6,53,34,4,38,91
11/18/2021,SCK,CA,AWP,WE,Towers with Radar,7,0,17,1,25,0,0,7,5,12,7,0,24,6,37,6,4,10,47
11/19/2021,SCK,CA,AWP,WE,Towers with Radar,7,3,22,4,36,0,1,16,4,21,7,4,38,8,57,68,6,74,131
11/20/2021,SCK,CA,AWP,WE,Towers with Radar,6,2,25,0,33,0,1,53,0,54,6,3,78,0,87,30,0,30,117
11/21/2021,SCK,CA,AWP,WE,Towers with Radar,6,0,27,0,33,0,1,43,0,44,6,1,70,0,77,18,0,18,95
11/22/2021,SCK,CA,AWP,WE,Towers with Radar,6,5,28,1,40,0,1,64,2,67,6,6,92,3,107,22,4,26,133
11/23/2021,SCK,CA,AWP,WE,Towers with Radar,5,2,21,6,34,0,0,24,0,24,5,2,45,6,58,2,16,18,76
11/24/2021,SCK,CA,AWP,WE,Towers with Radar,9,2,31,0,42,0,8,43,0,51,9,10,74,0,93,42,0,42,135
11/25/2021,SCK,CA,AWP,WE,Towers with Radar,2,0,10,0,12,0,2,9,0,11,2,2,19,0,23,22,0,22,45
11/26/2021,SCK,CA,AWP,WE,Towers with Radar,7,0,17,0,24,0,2,22,0,24,7,2,39,0,48,14,0,14,62
11/27/2021,SCK,CA,AWP,WE,Towers with Radar,8,1,16,0,25,0,5,23,0,28,8,6,39,0,53,20,0,20,73
11/28/2021,SCK,CA,AWP,WE,Towers with Radar,8,2,33,2,45,0,1,39,0,40,8,3,72,2,85,20,0,20,105
11/29/2021,SCK,CA,AWP,WE,Towers with Radar,8,0,16,8,32,0,3,33,3,39,8,3,49,11,71,74,24,98,169
11/30/2021,SCK,CA,AWP,WE,Towers with Radar,6,2,24,2,34,0,2,39,8,49,6,4,63,10,83,50,16,66,149
12/01/2021,SCK,CA,AWP,WE,Towers with Radar,6,1,21,12,40,0,1,27,4,32,6,2,48,16,72,106,6,112,184
12/02/2021,SCK,CA,AWP,WE,Towers with Radar,6,2,19,1,28,0,0,24,3,27,6,2,43,4,55,106,0,106,161
12/03/2021,SCK,CA,AWP,WE,Towers with Radar,7,4,27,1,39,0,0,2,0,2,7,4,29,1,41,0,0,0,41
12/04/2021,SCK,CA,AWP,WE,Towers with Radar,6,5,34,1,46,0,0,0,0,0,6,5,34,1,46,0,0,0,46
12/05/2021,SCK,CA,AWP,WE,Towers with Radar,7,0,21,0,28,0,0,4,0,4,7,0,25,0,32,0,0,0,32
12/06/2021,SCK,CA,AWP,WE,Towers with Radar,7,0,14,3,24,0,0,1,1,2,7,0,15,4,26,50,0,50,76
12/07/2021,SCK,CA,AWP,WE,Towers with Radar,8,6,33,1,48,0,2,2,2,6,8,8,35,3,54,28,34,62,116
12/08/2021,SCK,CA,AWP,WE,Towers with Radar,6,8,35,1,50,0,1,2,1,4,6,9,37,2,54,50,4,54,108
12/09/2021,SCK,CA,AWP,WE,Towers with Radar,5,3,12,0,20,0,6,27,1,34,5,9,39,1,54,78,0,78,132
12/10/2021,SCK,CA,AWP,WE,Towers with Radar,8,4,22,1,35,0,5,62,1,68,8,9,84,2,103,102,2,104,207
12/11/2021,SCK,CA,AWP,WE,Towers with Radar,6,4,11,0,21,0,0,37,0,37,6,4,48,0,58,34,0,34,92
12/12/2021,SCK,CA,AWP,WE,Towers with Radar,7,3,10,0,20,0,2,3,0,5,7,5,13,0,25,0,0,0,25
12/13/2021,SCK,CA,AWP,WE,Towers with Radar,7,3,10,0,20,0,0,1,0,1,7,3,11,0,21,0,0,0,21
12/14/2021,SCK,CA,AWP,WE,Towers with Radar,6,5,9,7,27,0,2,17,6,25,6,7,26,13,52,40,40,80,132
12/15/2021,SCK,CA,AWP,WE,Towers with Radar,6,2,10,3,21,0,2,17,13,32,6,4,27,16,53,6,46,52,105
12/16/2021,SCK,CA,AWP,WE,Towers with Radar,8,8,28,12,56,0,1,34,3,38,8,9,62,15,94,38,4,42,136
12/17/2021,SCK,CA,AWP,WE,Towers with Radar,6,1,42,0,49,0,0,31,0,31,6,1,73,0,80,84,0,84,164
12/18/2021,SCK,CA,AWP,WE,Towers with Radar,8,3,39,0,50,0,0,10,0,10,8,3,49,0,60,40,0,40,100
12/19/2021,SCK,CA,AWP,WE,Towers with Radar,6,1,28,0,35,0,0,1,0,1,6,1,29,0,36,0,0,0,36
12/20/2021,SCK,CA,AWP,WE,Towers with Radar,8,6,40,0,54,0,0,6,0,6,8,6,46,0,60,0,20,20,80
12/21/2021,SCK,CA,AWP,WE,Towers with Radar,5,4,35,0,44,0,0,4,3,7,5,4,39,3,51,36,2,38,89
12/22/2021,SCK,CA,AWP,WE,Towers with Radar,6,5,14,0,25,0,0,6,0,6,6,5,20,0,31,82,0,82,113
12/23/2021,SCK,CA,AWP,WE,Towers with Radar,8,5,15,0,28,0,1,3,0,4,8,6,18,0,32,8,0,8,40
12/24/2021,SCK,CA,AWP,WE,Towers with Radar,4,0,9,0,13,0,2,26,0,28,4,2,35,0,41,20,0,20,61
12/25/2021,SCK,CA,AWP,WE,Towers with Radar,2,3,2,0,7,0,0,1,0,1,2,3,3,0,8,0,0,0,8
12/26/2021,SCK,CA,AWP,WE,Towers with Radar,4,5,8,0,17,0,0,5,0,5,4,5,13,0,22,0,0,0,22
12/27/2021,SCK,CA,AWP,WE,Towers with Radar,8,4,27,0,39,0,0,12,0,12,8,4,39,0,51,64,0,64,115
12/28/2021,SCK,CA,AWP,WE,Towers with Radar,6,2,20,0,28,0,5,23,0,28,6,7,43,0,56,100,0,100,156
12/29/2021,SCK,CA,AWP,WE,Towers with Radar,5,4,8,0,17,0,0,6,0,6,5,4,14,0,23,22,0,22,45
12/30/2021,SCK,CA,AWP,WE,Towers with Radar,6,9,24,0,39,0,6,62,0,68,6,15,86,0,107,98,0,98,205
12/31/2021,SCK,CA,AWP,WE,Towers with Radar,5,4,20,0,29,0,4,12,0,16,5,8,32,0,45,34,0,34,79
01/01/2022,SCK,CA,AWP,WE,Towers with Radar,2,1,13,0,16,0,2,27,0,29,2,3,40,0,45,12,0,12,57
01/02/2022,SCK,CA,AWP,WE,Towers with Radar,7,0,24,0,31,0,0,38,0,38,7,0,62,0,69,46,0,46,115
01/03/2022,SCK,CA,AWP,WE,Towers with Radar,7,3,14,0,24,0,0,33,2,35,7,3,47,2,59,50,2,52,111
01/04/2022,SCK,CA,AWP,WE,Towers with Radar,6,2,19,2,29,0,0,13,3,16,6,2,32,5,45,64,16,80,125
01/05/2022,SCK,CA,AWP,WE,Towers with Radar,6,7,27,1,41,0,5,42,2,49,6,12,69,3,90,60,36,96,186
01/06/2022,SCK,CA,AWP,WE,Towers with Radar,7,2,17,0,26,0,2,2,0,4,7,4,19,0,30,10,0,10,40
01/07/2022,SCK,CA,AWP,WE,Towers with Radar,5,2,25,0,32,0,3,7,0,10,5,5,32,0,42,82,0,82,124
01/08/2022,SCK,CA,AWP,WE,Towers with Radar,5,1,40,1,47,0,5,16,1,22,5,6,56,2,69,28,8,36,105
01/09/2022,SCK,CA,AWP,WE,Towers with Radar,6,5,27,0,38,0,5,52,0,57,6,10,79,0,95,66,0,66,161
01/10/2022,SCK,CA,AWP,WE,Towers with Radar,4,3,33,0,40,0,3,51,0,54,4,6,84,0,94,64,0,64,158
01/11/2022,SCK,CA,AWP,WE,Towers with Radar,7,1,27,1,36,0,2,70,2,74,7,3,97,3,110,54,20,74,184
01/12/2022,SCK,CA,AWP,WE,Towers with Radar,7,2,24,7,40,0,3,50,5,58,7,5,74,12,98,102,10,112,210
01/13/2022,SCK,CA,AWP,WE,Towers with Radar,7,1,35,9,52,0,4,30,5,39,7,5,65,14,91,68,18,86,177
01/14/2022,SCK,CA,AWP,WE,Towers with Radar,3,2,25,2,32,0,2,49,4,55,3,4,74,6,87,44,16,60,147
01/15/2022,SCK,CA,AWP,WE,Towers with Radar,5,20,29,0,54,0,0,14,0,14,5,20,43,0,68,22,0,22,90
01/16/2022,SCK,CA,AWP,WE,Towers with Radar,7,0,18,0,25,0,5,30,0,35,7,5,48,0,60,8,0,8,68
01/17/2022,SCK,CA,AWP,WE,Towers with Radar,7,0,33,0,40,0,1,51,0,52,7,1,84,0,92,128,0,128,220
01/18/2022,SCK,CA,AWP,WE,Towers with Radar,5,0,23,4,32,0,1,43,3,47,5,1,66,7,79,80,6,86,165
01/19/2022,SCK,CA,AWP,WE,Towers with Radar,5,4,36,4,49,0,0,31,11,42,5,4,67,15,91,46,0,46,137
01/20/2022,SCK,CA,AWP,WE,Towers with Radar,7,3,19,2,31,0,2,40,1,43,7,5,59,3,74,112,0,112,186
01/21/2022,SCK,CA,AWP,WE,Towers with Radar,5,2,18,2,27,0,4,42,0,46,5,6,60,2,73,70,2,72,145
01/22/2022,SCK,CA,AWP,WE,Towers with Radar,5,3,24,0,32,0,0,33,0,33,5,3,57,0,65,48,0,48,113
01/23/2022,SCK,CA,AWP,WE,Towers with Radar,7,3,22,0,32,0,0,14,0,14,7,3,36,0,46,60,0,60,106
01/24/2022,SCK,CA,AWP,WE,Towers with Radar,8,0,20,0,28,0,0,44,2,46,8,0,64,2,74,54,12,66,140
01/25/2022,SCK,CA,AWP,WE,Towers with Radar,5,1,29,4,39,0,4,38,4,46,5,5,67,8,85,56,22,78,163
01/26/2022,SCK,CA,AWP,WE,Towers with Radar,5,0,22,2,29,0,0,50,10,60,5,0,72,12,89,32,20,52,141
01/27/2022,SCK,CA,AWP,WE,Towers with Radar,7,6,23,3,39,0,8,33,4,45,7,14,56,7,84,44,12,56,140
01/28/2022,SCK,CA,AWP,WE,Towers with Radar,7,0,25,1,33,0,0,43,2,45,7,0,68,3,78,50,6,56,134
01/29/2022,SCK,CA,AWP,WE,Towers with Radar,5,2,21,0,28,0,4,19,1,24,5,6,40,1,52,12,0,12,64
01/30/2022,SCK,CA,AWP,WE,Towers with Radar,7,5,19,1,32,0,2,38,0,40,7,7,57,1,72,76,0,76,148
01/31/2022,SCK,CA,AWP,WE,Towers with Radar,5,1,13,6,25,0,0,33,2,35,5,1,46,8,60,14,6,20,80
02/01/2022,SCK,CA,AWP,WE,Towers with Radar,5,3,10,2,20,0,2,24,6,32,5,5,34,8,52,52,8,60,112
02/02/2022,SCK,CA,AWP,WE,Towers with Radar,4,3,3,5,15,0,5,21,6,32,4,8,24,11,47,20,16,36,83
02/03/2022,SCK,CA,AWP,WE,Towers with Radar,5,2,26,3,36,0,0,56,4,60,5,2,82,7,96,120,20,140,236
02/04/2022,SCK,CA,AWP,WE,Towers with Radar,8,2,17,4,31,0,4,45,11,60,8,6,62,15,91,26,2,28,119
02/05/2022,SCK,CA,AWP,WE,Towers with Radar,5,4,28,1,38,0,2,33,4,39,5,6,61,5,77,44,10,54,131
02/06/2022,SCK,CA,AWP,WE,Towers with Radar,7,1,12,0,20,0,5,28,0,33,7,6,40,0,53,16,0,16,69
02/07/2022,SCK,CA,AWP,WE,Towers with Radar,7,0,28,5,40,0,4,38,8,50,7,4,66,13,90,26,16,42,132
02/08/2022,SCK,CA,AWP,WE,Towers with Radar,5,5,23,1,34,0,2,50,12,64,5,7,73,13,98,64,28,92,190
02/09/2022,SCK,CA,AWP,WE,Towers with Radar,5,6,31,4,46,0,10,40,7,57,5,16,71,11,103,50,22,72,175
02/10/2022,SCK,CA,AWP,WE,Towers with Radar,7,6,20,3,36,0,6,36,8,50,7,12,56,11,86,22,6,28,114
02/11/2022,SCK,CA,AWP,WE,Towers with Radar,7,0,22,0,29,0,2,46,0,48,7,2,68,0,77,126,0,126,203
02/12/2022,SCK,CA,AWP,WE,Towers with Radar,5,0,21,0,26,0,2,43,0,45,5,2,64,0,71,34,0,34,105
02/13/2022,SCK,CA,AWP,WE,Towers with Radar,7,7,5,0,19,0,2,33,1,36,7,9,38,1,55,32,0,32,87
02/14/2022,SCK,CA,AWP,WE,Towers with Radar,5,3,22,1,31,0,4,40,4,48,5,7,62,5,79,120,0,120,199
02/15/2022,SCK,CA,AWP,WE,Towers with Radar,5,4,32,4,45,0,0,29,4,33,5,4,61,8,78,16,6,22,100
02/16/2022,SCK,CA,AWP,WE,Towers with Radar,5,4,25,0,34,0,2,52,4,58,5,6,77,4,92,66,8,74,166
02/17/2022,SCK,CA,AWP,WE,Towers with Radar,6,2,25,4,37,0,1,61,6,68,6,3,86,10,105,176,0,176,281
02/18/2022,SCK,CA,AWP,WE,Towers with Radar,7,1,29,0,37,0,5,50,8,63,7,6,79,8,100,134,24,158,258
02/19/2022,SCK,CA,AWP,WE,Towers with Radar,4,2,23,0,29,0,4,35,0,39,4,6,58,0,68,26,0,26,94
02/20/2022,SCK,CA,AWP,WE,Towers with Radar,9,1,29,0,39,0,3,30,1,34,9,4,59,1,73,32,0,32,105
02/21/2022,SCK,CA,AWP,WE,Towers with Radar,7,1,32,0,40,0,0,44,0,44,7,1,76,0,84,86,0,86,170
02/22/2022,SCK,CA,AWP,WE,Towers with Radar,5,8,15,6,34,0,4,32,5,41,5,12,47,11,75,52,0,52,127
02/23/2022,SCK,CA,AWP,WE,Towers with Radar,5,3,32,3,43,0,11,40,8,59,5,14,72,11,102,76,8,84,186
02/24/2022,SCK,CA,AWP,WE,Towers with Radar,7,2,18,6,33,0,5,56,4,65,7,7,74,10,98,96,0,96,194
02/25/2022,SCK,CA,AWP,WE,Towers with Radar,6,2,22,0,30,0,5,52,2,59,6,7,74,2,89,68,0,68,157
02/26/2022,SCK,CA,AWP,WE,Towers with Radar,5,1,20,0,26,0,1,32,1,34,5,2,52,1,60,40,0,40,100
02/27/2022,SCK,CA,AWP,WE,Towers with Radar,7,4,14,7,32,0,0,25,1,26,7,4,39,8,58,32,22,54,112
02/28/2022,SCK,CA,AWP,WE,Towers with Radar,7,0,22,0,29,0,3,56,3,62,7,3,78,3,91,78,4,82,173
03/01/2022,SCK,CA,AWP,WE,Towers with Radar,5,0,21,8,34,0,4,33,10,47,5,4,54,18,81,38,16,54,135
03/02/2022,SCK,CA,AWP,WE,Towers with Radar,5,2,36,0,43,0,3,49,5,57,5,5,85,5,100,64,0,64,164
03/03/2022,SCK,CA,AWP,WE,Towers with Radar,5,4,16,0,25,0,1,35,2,38,5,5,51,2,63,84,10,94,157
03/04/2022,SCK,CA,AWP,WE,Towers with Radar,9,0,15,0,24,0,2,16,0,18,9,2,31,0,42,118,0,118,160
03/05/2022,SCK,CA,AWP,WE,Towers with Radar,5,2,16,0,23,0,4,24,0,28,5,6,40,0,51,52,0,52,103
03/06/2022,SCK,CA,AWP,WE,Towers with Radar,7,5,17,0,29,0,7,33,0,40,7,12,50,0,69,18,0,18,87
03/07/2022,SCK,CA,AWP,WE,Towers with Radar,7,9,23,12,51,0,4,59,3,66,7,13,82,15,117,54,2,56,173
03/08/2022,SCK,CA,AWP,WE,Towers with Radar,5,6,27,2,40,0,7,57,5,69,5,13,84,7,109,136,8,144,253
03/09/2022,SCK,CA,AWP,WE,Towers with Radar,5,0,27,11,43,0,8,61,7,76,5,8,88,18,119,84,4,88,207
03/10/2022,SCK,CA,AWP,WE,Towers with Radar,5,1,14,5,25,0,3,35,3,41,5,4,49,8,66,38,10,48,114
03/11/2022,SCK,CA,AWP,WE,Towers with Radar,7,2,37,2,48,0,3,54,3,60,7,5,91,5,108,40,0,40,148
03/12/2022,SCK,CA,AWP,WE,Towers with Radar,5,0,15,0,20,0,3,28,0,31,5,3,43,0,51,28,0,28,79
03/13/2022,SCK,CA,AWP,WE,Towers with Radar,5,2,19,0,26,0,1,35,0,36,5,3,54,0,62,20,0,20,82
03/14/2022,SCK,CA,AWP,WE,Towers with Radar,7,0,19,0,26,0,6,62,6,74,7,6,81,6,100,106,0,106,206
03/15/2022,SCK,CA,AWP,WE,Towers with Radar,5,3,26,0,34,0,4,26,13,43,5,7,52,13,77,58,42,100,177
03/16/2022,SCK,CA,AWP,WE,Towers with Radar,5,3,13,3,24,0,1,38,4,43,5,4,51,7,67,98,8,106,173
03/17/2022,SCK,CA,AWP,WE,Towers with Radar,5,3,20,4,32,0,10,68,2,80,5,13,88,6,112,144,20,164,276
03/18/2022,SCK,CA,AWP,WE,Towers with Radar,9,2,25,3,39,0,5,38,1,44,9,7,63,4,83,108,2,110,193
03/19/2022,SCK,CA,AWP,WE,Towers with Radar,5,0,18,0,23,0,4,4,1,9,5,4,22,1,32,28,0,28,60
03/20/2022,SCK,CA,AWP,WE,Towers with Radar,7,2,6,0,15,0,9,10,7,26,7,11,16,7,41,2,22,24,65
03/21/2022,SCK,CA,AWP,WE,Towers with Radar,7,2,35,2,46,0,8,35,3,46,7,10,70,5,92,42,4,46,138
03/22/2022,SCK,CA,AWP,WE,Towers with Radar,5,3,24,2,34,0,7,51,0,58,5,10,75,2,92,98,0,98,190
03/23/2022,SCK,CA,AWP,WE,Towers with Radar,6,0,17,13,36,0,9,54,5,68,6,9,71,18,104,88,8,96,200
03/24/2022,SCK,CA,AWP,WE,Towers with Radar,5,2,16,2,25,0,10,56,3,69,5,12,72,5,94,92,0,92,186
03/25/2022,SCK,CA,AWP,WE,Towers with Radar,7,2,29,0,38,0,7,47,2,56,7,9,76,2,94,70,0,70,164
03/26/2022,SCK,CA,AWP,WE,Towers with Radar,4,0,13,0,17,0,6,27,0,33,4,6,40,0,50,29,0,29,79
03/27/2022,SCK,CA,AWP,WE,Towers with Radar,7,2,17,0,26,0,2,60,1,63,7,4,77,1,89,52,0,52,141
03/28/2022,SCK,CA,AWP,WE,Towers with Radar,7,7,6,1,21,0,5,8,1,14,7,12,14,2,35,0,8,8,43
03/29/2022,SCK,CA,AWP,WE,Towers with Radar,5,3,34,2,44,0,3,50,5,58,5,6,84,7,102,54,2,56,158
03/30/2022,SCK,CA,AWP,WE,Towers with Radar,5,13,29,13,60,0,5,43,1,49,5,18,72,14,109,56,20,76,185
03/31/2022,SCK,CA,AWP,WE,Towers with Radar,5,10,17,0,32,0,7,33,9,49,5,17,50,9,81,18,4,22,103
04/01/2022,SCK,CA,AWP,WE,Towers with Radar,7,2,24,0,33,0,12,55,0,67,7,14,79,0,100,90,0,90,190
04/02/2022,SCK,CA,AWP,WE,Towers with Radar,5,1,30,1,37,0,5,52,2,59,5,6,82,3,96,36,0,36,132
04/03/2022,SCK,CA,AWP,WE,Towers with Radar,7,0,14,0,21,0,7,33,0,40,7,7,47,0,61,6,0,6,67
04/04/2022,SCK,CA,AWP,WE,Towers with Radar,7,2,20,4,33,0,6,39,7,52,7,8,59,11,85,36,22,58,143
04/05/2022,SCK,CA,AWP,WE,Towers with Radar,5,4,16,4,29,0,5,39,0,44,5,9,55,4,73,40,0,40,113
04/06/2022,SCK,CA,AWP,WE,Towers with Radar,5,0,37,3,45,0,6,53,4,63,5,6,90,7,108,60,0,60,168
04/07/2022,SCK,CA,AWP,WE,Towers with Radar,7,2,21,1,31,0,2,57,2,61,7,4,78,3,92,46,0,46,138
04/08/2022,SCK,CA,AWP,WE,Towers with Radar,7,0,13,0,20,0,5,28,2,35,7,5,41,2,55,44,0,44,99
04/09/2022,SCK,CA,AWP,WE,Towers with Radar,5,1,17,0,23,0,0,15,0,15,5,1,32,0,38,4,0,4,42
04/10/2022,SCK,CA,AWP,WE,Towers with Radar,6,3,10,0,19,0,3,22,0,25,6,6,32,0,44,40,0,40,84
04/11/2022,SCK,CA,AWP,WE,Towers with Radar,7,0,3,0,10,0,2,5,3,10,7,2,8,3,20,0,0,0,20
04/12/2022,SCK,CA,AWP,WE,Towers with Radar,5,4,28,3,40,0,1,59,2,62,5,5,87,5,102,80,0,80,182
04/13/2022,SCK,CA,AWP,WE,Towers with Radar,5,3,20,1,29,0,5,47,8,60,5,8,67,9,89,92,0,92,181
04/14/2022,SCK,CA,AWP,WE,Towers with Radar,5,1,15,2,23,0,0,9,6,15,5,1,24,8,38,60,14,74,112
04/15/2022,SCK,CA,AWP,WE,Towers with Radar,7,3,14,6,30,0,6,40,4,50,7,9,54,10,80,22,0,22,102
04/16/2022,SCK,CA,AWP,WE,Towers with Radar,5,0,17,0,22,0,4,36,0,40,5,4,53,0,62,18,0,18,80
04/17/2022,SCK,CA,AWP,WE,Towers with Radar,5,1,15,0,21,0,7,39,0,46,5,8,54,0,67,58,0,58,125
04/18/2022,SCK,CA,AWP,WE,Towers with Radar,7,3,30,8,48,0,2,53,8,63,7,5,83,16,111,52,0,52,163
04/19/2022,SCK,CA,AWP,WE,Towers with Radar,5,4,21,0,30,0,3,29,16,48,5,7,50,16,78,22,26,48,126
04/20/2022,SCK,CA,AWP,WE,Towers with Radar,5,5,11,1,22,0,14,50,7,71,5,19,61,8,93,76,14,90,183
04/21/2022,SCK,CA,AWP,WE,Towers with Radar,5,3,21,1,30,0,2,2,1,5,5,5,23,2,35,0,0,0,35
04/22/2022,SCK,CA,AWP,WE,Towers with Radar,7,1,21,7,36,0,7,18,4,29,7,8,39,11,65,26,16,42,107
04/23/2022,SCK,CA,AWP,WE,Towers with Radar,3,4,17,0,24,0,10,30,8,48,3,14,47,8,72,22,0,22,94
04/24/2022,SCK,CA,AWP,WE,Towers with Radar,5,5,19,0,29,0,4,43,7,54,5,9,62,7,83,74,0,74,157
04/25/2022,SCK,CA,AWP,WE,Towers with Radar,7,3,26,2,38,0,0,54,2,56,7,3,80,4,94,98,0,98,192
04/26/2022,SCK,CA,AWP,WE,Towers with Radar,5,2,16,2,25,0,4,46,3,53,5,6,62,5,78,32,20,52,130
04/27/2022,SCK,CA,AWP,WE,Towers with Radar,6,0,20,5,31,0,4,66,3,73,6,4,86,8,104,64,0,64,168
04/28/2022,SCK,CA,AWP,WE,Towers with Radar,5,5,19,7,36,0,6,35,7,48,5,11,54,14,84,30,14,44,128
04/29/2022,SCK,CA,AWP,WE,Towers with Radar,7,4,33,5,49,0,2,56,3,61,7,6,89,8,110,38,0,38,148
04/30/2022,SCK,CA,AWP,WE,Towers with Radar,5,7,12,0,24,0,5,32,0,37,5,12,44,0,61,26,0,26,87
05/01/2022,SCK,CA,AWP,WE,Towers with Radar,5,0,10,0,15,0,7,30,0,37,5,7,40,0,52,22,0,22,74
05/02/2022,SCK,CA,AWP,WE,Towers with Radar,6,0,17,0,23,0,0,30,3,33,6,0,47,3,56,12,2,14,70
05/03/2022,SCK,CA,AWP,WE,Towers with Radar,5,0,20,1,26,0,4,34,6,44,5,4,54,7,70,30,14,44,114
05/04/2022,SCK,CA,AWP,WE,Towers with Radar,3,0,36,0,39,0,9,61,7,77,3,9,97,7,116,62,2,64,180
05/05/2022,SCK,CA,AWP,WE,Towers with Radar,5,12,17,0,34,0,17,41,4,62,5,29,58,4,96,110,4,114,210
05/06/2022,SCK,CA,AWP,WE,Towers with Radar,5,2,28,1,36,0,4,33,1,38,5,6,61,2,74,70,0,70,144
05/07/2022,SCK,CA,AWP,WE,Towers with Radar,5,2,24,0,31,0,4,37,0,41,5,6,61,0,72,0,0,0,72
05/08/2022,SCK,CA,AWP,WE,Towers with Radar,4,0,12,4,20,0,1,6,0,7,4,1,18,4,27,0,0,0,27
05/09/2022,SCK,CA,AWP,WE,Towers with Radar,7,1,31,12,51,0,1,27,5,33,7,2,58,17,84,8,22,30,114
05/10/2022,SCK,CA,AWP,WE,Towers with Radar,5,5,25,4,39,0,8,36,6,50,5,13,61,10,89,48,10,58,147
05/11/2022,SCK,CA,AWP,WE,Towers with Radar,3,10,21,6,40,0,9,40,5,54,3,19,61,11,94,24,14,38,132
05/12/2022,SCK,CA,AWP,WE,Towers with Radar,5,6,33,2,46,0,9,56,2,67,5,15,89,4,113,56,12,68,181
05/13/2022,SCK,CA,AWP,WE,Towers with Radar,6,0,25,0,31,0,6,32,3,41,6,6,57,3,72,30,0,30,102
05/14/2022,SCK,CA,AWP,WE,Towers with Radar,5,2,34,0,41,0,5,48,1,54,5,7,82,1,95,56,0,56,151
05/15/2022,SCK,CA,AWP,WE,Towers with Radar,5,3,10,0,18,0,3,38,2,43,5,6,48,2,61,32,0,32,93
05/16/2022,SCK,CA,AWP,WE,Towers with Radar,5,0,20,2,27,0,6,24,1,31,5,6,44,3,58,26,4,30,88
05/17/2022,SCK,CA,AWP,WE,Towers with Radar,5,3,35,5,48,0,11,51,5,67,5,14,86,10,115,86,20,106,221
05/18/2022,SCK,CA,AWP,WE,Towers with Radar,3,1,22,3,29,0,2,40,9,51,3,3,62,12,80,68,18,86,166
05/19/2022,SCK,CA,AWP,WE,Towers with Radar,5,1,20,0,26,0,9,37,0,46,5,10,57,0,72,50,0,50,122
05/20/2022,SCK,CA,AWP,WE,Towers with Radar,6,2,15,0,23,0,3,23,0,26,6,5,38,0,49,4,0,4,53
05/21/2022,SCK,CA,AWP,WE,Towers with Radar,5,3,35,0,43,0,8,39,0,47,5,11,74,0,90,40,0,40,130
05/22/2022,SCK,CA,AWP,WE,Towers with Radar,6,2,14,0,22,0,0,48,0,48,6,2,62,0,70,44,0,44,114
05/23/2022,SCK,CA,AWP,WE,Towers with Radar,5,2,20,0,27,0,6,36,2,44,5,8,56,2,71,42,0,42,113
05/24/2022,SCK,CA,AWP,WE,Towers with Radar,5,0,21,1,27,0,3,35,4,42,5,3,56,5,69,18,8,26,95
05/25/2022,SCK,CA,AWP,WE,Towers with Radar,3,2,16,4,25,0,1,41,5,47,3,3,57,9,72,34,24,58,130
05/26/2022,SCK,CA,AWP,WE,Towers with Radar,5,2,16,0,23,0,4,63,1,68,5,6,79,1,91,88,2,90,181
05/27/2022,SCK,CA,AWP,WE,Towers with Radar,8,0,37,2,47,0,14,77,2,93,8,14,114,4,140,64,0,64,204
05/28/2022,SCK,CA,AWP,WE,Towers with Radar,5,3,7,0,15,0,5,27,0,32,5,8,34,0,47,30,0,30,77
05/29/2022,SCK,CA,AWP,WE,Towers with Radar,5,2,6,0,13,0,5,26,2,33,5,7,32,2,46,20,0,20,66
05/30/2022,SCK,CA,AWP,WE,Towers with Radar,8,0,9,0,17,0,0,43,0,43,8,0,52,0,60,26,0,26,86
05/31/2022,SCK,CA,AWP,WE,Towers with Radar,8,3,19,1,31,0,0,43,4,47,8,3,62,5,78,36,0,36,114
06/01/2022,SCK,CA,AWP,WE,Towers with Radar,5,0,29,1,35,0,5,53,1,59,5,5,82,2,94,40,0,40,134
06/02/2022,SCK,CA,AWP,WE,Towers with Radar,5,1,16,0,22,1,0,54,3,58,6,1,70,3,80,80,2,82,162
06/03/2022,SCK,CA,AWP,WE,Towers with Radar,5,3,6,15,29,0,2,60,2,64,5,5,66,17,93,76,12,88,181
06/04/2022,SCK,CA,AWP,WE,Towers with Radar,5,0,23,0,28,0,3,42,0,45,5,3,65,0,73,92,0,92,165
06/05/2022,SCK,CA,AWP,WE,Towers with Radar,5,0,11,1,17,0,0,28,1,29,5,0,39,2,46,2,0,2,48
06/06/2022,SCK,CA,AWP,WE,Towers with Radar,5,1,10,2,18,0,5,48,6,59,5,6,58,8,77,20,20,40,117
06/07/2022,SCK,CA,AWP,WE,Towers with Radar,5,4,19,0,28,0,7,52,8,67,5,11,71,8,95,62,18,80,175
06/08/2022,SCK,CA,AWP,WE,Towers with Radar,5,2,36,3,46,0,0,61,5,66,5,2,97,8,112,112,20,132,244
06/09/2022,SCK,CA,AWP,WE,Towers with Radar,3,3,24,2,32,0,5,70,5,80,3,8,94,7,112,104,14,118,230
06/10/2022,SCK,CA,AWP,WE,Towers with Radar,6,0,21,1,28,0,1,41,2,44,6,1,62,3,72,36,0,36,108
06/11/2022,SCK,CA,AWP,WE,Towers with Radar,5,0,9,0,14,0,5,27,1,33,5,5,36,1,47,26,0,26,73
06/12/2022,SCK,CA,AWP,WE,Towers with Radar,4,0,30,1,35,0,1,37,2,40,4,1,67,3,75,16,0,16,91
06/13/2022,SCK,CA,AWP,WE,Towers with Radar,5,4,23,0,32,0,3,40,0,43,5,7,63,0,75,12,0,12,87
06/14/2022,SCK,CA,AWP,WE,Towers with Radar,5,2,24,0,31,0,6,39,0,45,5,8,63,0,76,34,0,34,110
06/15/2022,SCK,CA,AWP,WE,Towers with Radar,4,3,28,1,36,0,3,62,3,68,4,6,90,4,104,12,10,22,126
06/16/2022,SCK,CA,AWP,WE,Towers with Radar,4,1,15,4,24,0,3,60,4,67,4,4,75,8,91,24,18,42,133
06/17/2022,SCK,CA,AWP,WE,Towers with Radar,5,0,14,2,21,0,1,34,2,37,5,1,48,4,58,60,0,60,118
06/18/2022,SCK,CA,AWP,WE,Towers with Radar,5,0,20,0,25,0,5,35,2,42,5,5,55,2,67,36,0,36,103
06/19/2022,SCK,CA,AWP,WE,Towers with Radar,5,2,10,0,17,0,4,26,0,30,5,6,36,0,47,24,0,24,71
06/20/2022,SCK,CA,AWP,WE,Towers with Radar,5,2,22,0,29,0,6,46,0,52,5,8,68,0,81,106,0,106,187
06/21/2022,SCK,CA,AWP,WE,Towers with Radar,7,0,22,0,29,0,0,44,0,44,7,0,66,0,73,132,0,132,205
06/22/2022,SCK,CA,AWP,WE,Towers with Radar,5,1,16,3,25,1,0,46,1,48,6,1,62,4,73,60,10,70,143
06/23/2022,SCK,CA,AWP,WE,Towers with Radar,5,5,9,0,19,0,6,35,2,43,5,11,44,2,62,94,0,94,156
06/24/2022,SCK,CA,AWP,WE,Towers with Radar,5,0,12,0,17,0,3,26,2,31,5,3,38,2,48,92,0,92,140
06/25/2022,SCK,CA,AWP,WE,Towers with Radar,4,0,9,0,13,0,8,36,1,45,4,8,45,1,58,42,4,46,104
06/26/2022,SCK,CA,AWP,WE,Towers with Radar,5,0,11,0,16,0,1,34,0,35,5,1,45,0,51,46,0,46,97
06/27/2022,SCK,CA,AWP,WE,Towers with Radar,8,1,8,6,23,0,3,29,7,39,8,4,37,13,62,54,8,62,124
06/28/2022,SCK,CA,AWP,WE,Towers with Radar,5,3,18,3,29,0,8,57,3,68,5,11,75,6,97,66,10,76,173
06/29/2022,SCK,CA,AWP,WE,Towers with Radar,5,2,18,2,27,0,6,40,4,50,5,8,58,6,77,70,2,72,149
06/30/2022,SCK,CA,AWP,WE,Towers with Radar,6,4,25,0,35,0,6,52,1,59,6,10,77,1,94,118,0,118,212
07/01/2022,SCK,CA,AWP,WE,Towers with Radar,6,2,15,6,29,0,9,53,1,63,6,11,68,7,92,144,0,144,236
07/02/2022,SCK,CA,AWP,WE,Towers with Radar,5,1,9,0,15,0,7,32,1,40,5,8,41,1,55,8,0,8,63
07/03/2022,SCK,CA,AWP,WE,Towers with Radar,4,4,3,0,11,0,4,25,0,29,4,8,28,0,40,2,0,2,42
07/04/2022,SCK,CA,AWP,WE,Towers with Radar,0,4,12,0,16,0,4,39,2,45,0,8,51,2,61,40,0,40,101
07/05/2022,SCK,CA,AWP,WE,Towers with Radar,5,4,29,5,43,0,3,49,2,54,5,7,78,7,97,122,8,130,227
07/06/2022,SCK,CA,AWP,WE,Towers with Radar,6,1,27,0,34,3,1,61,0,65,9,2,88,0,99,102,0,102,201
07/07/2022,SCK,CA,AWP,WE,Towers with Radar,6,1,13,0,20,0,2,46,1,49,6,3,59,1,69,82,0,82,151
07/08/2022,SCK,CA,AWP,WE,Towers with Radar,4,2,18,1,25,0,3,55,2,60,4,5,73,3,85,86,2,88,173
07/09/2022,SCK,CA,AWP,WE,Towers with Radar,5,2,17,1,25,0,5,35,1,41,5,7,52,2,66,40,2,42,108
07/10/2022,SCK,CA,AWP,WE,Towers with Radar,5,1,18,0,24,0,3,24,0,27,5,4,42,0,51,4,0,4,55
07/11/2022,SCK,CA,AWP,WE,Towers with Radar,8,2,29,0,39,0,7,67,0,74,8,9,96,0,113,44,0,44,157
07/12/2022,SCK,CA,AWP,WE,Towers with Radar,5,1,12,3,21,0,4,55,7,66,5,5,67,10,87,70,28,98,185
07/13/2022,SCK,CA,AWP,WE,Towers with Radar,5,1,28,3,37,0,3,73,3,79,5,4,101,6,116,112,0,112,228
07/14/2022,SCK,CA,AWP,WE,Towers with Radar,5,0,21,3,29,0,5,70,1,76,5,5,91,4,105,128,8,136,241
07/15/2022,SCK,CA,AWP,WE,Towers with Radar,5,3,22,0,30,0,0,31,0,31,5,3,53,0,61,22,0,22,83
07/16/2022,SCK,CA,AWP,WE,Towers with Radar,5,1,26,0,32,0,8,33,0,41,5,9,59,0,73,26,0,26,99
07/17/2022,SCK,CA,AWP,WE,Towers with Radar,5,5,14,0,24,0,0,25,0,25,5,5,39,0,49,30,0,30,79
07/18/2022,SCK,CA,AWP,WE,Towers with Radar,5,2,23,0,30,0,2,77,2,81,5,4,100,2,111,74,0,74,185
07/19/2022,SCK,CA,AWP,WE,Towers with Radar,7,2,39,3,51,0,7,62,5,74,7,9,101,8,125,86,8,94,219
07/20/2022,SCK,CA,AWP,WE,Towers with Radar,5,1,19,1,26,0,3,76,2,81,5,4,95,3,107,150,0,150,257
07/21/2022,SCK,CA,AWP,WE,Towers with Radar,5,0,18,4,27,0,5,75,8,88,5,5,93,12,115,160,36,196,311
07/22/2022,SCK,CA,AWP,WE,Towers with Radar,5,0,8,0,13,0,1,38,0,39,5,1,46,0,52,214,0,214,266
07/23/2022,SCK,CA,AWP,WE,Towers with Radar,5,0,25,4,34,0,5,51,0,56,5,5,76,4,90,12,0,12,102
07/24/2022,SCK,CA,AWP,WE,Towers with Radar,5,2,16,0,23,0,5,53,0,58,5,7,69,0,81,22,0,22,103
07/25/2022,SCK,CA,AWP,WE,Towers with Radar,5,4,21,1,31,0,0,47,0,47,5,4,68,1,78,232,0,232,310
07/26/2022,SCK,CA,AWP,WE,Towers with Radar,5,0,19,2,26,0,3,50,10,63,5,3,69,12,89,194,44,238,327
07/27/2022,SCK,CA,AWP,WE,Towers with Radar,5,5,19,3,32,0,1,50,13,64,5,6,69,16,96,244,54,298,394
07/28/2022,SCK,CA,AWP,WE,Towers with Radar,5,2,18,0,25,0,4,61,4,69,5,6,79,4,94,202,0,202,296
07/29/2022,SCK,CA,AWP,WE,Towers with Radar,6,8,25,0,39,0,4,41,1,46,6,12,66,1,85,284,0,284,369
07/30/2022,SCK,CA,AWP,WE,Towers with Radar,5,3,6,0,14,0,10,39,0,49,5,13,45,0,63,86,0,86,149
07/31/2022,SCK,CA,AWP,WE,Towers with Radar,4,0,19,0,23,0,3,25,0,28,4,3,44,0,51,6,0,6,57
08/01/2022,SCK,CA,AWP,WE,Towers with Radar,6,2,19,2,29,0,0,42,2,44,6,2,61,4,73,246,14,260,333
08/02/2022,SCK,CA,AWP,WE,Towers with Radar,6,2,26,0,34,0,4,43,5,52,6,6,69,5,86,252,0,252,338
08/03/2022,SCK,CA,AWP,WE,Towers with Radar,5,2,22,2,31,0,4,46,8,58,5,6,68,10,89,310,0,310,399
08/04/2022,SCK,CA,AWP,WE,Towers with Radar,5,4,13,15,37,0,4,31,3,38,5,8,44,18,75,194,22,216,291
08/05/2022,SCK,CA,AWP,WE,Towers with Radar,5,2,31,0,38,0,3,43,4,50,5,5,74,4,88,294,0,294,382
08/06/2022,SCK,CA,AWP,WE,Towers with Radar,5,0,10,0,15,0,5,26,13,44,5,5,36,13,59,58,6,64,123
08/07/2022,SCK,CA,AWP,WE,Towers with Radar,7,2,10,0,19,0,0,34,3,37,7,2,44,3,56,104,0,104,160
08/08/2022,SCK,CA,AWP,WE,Towers with Radar,5,0,20,2,27,0,0,41,1,42,5,0,61,3,69,336,6,342,411
08/09/2022,SCK,CA,AWP,WE,Towers with Radar,3,0,12,0,15,0,4,57,4,65,3,4,69,4,80,180,0,180,260
08/10/2022,SCK,CA,AWP,WE,Towers with Radar,5,4,25,4,38,0,0,56,4,60,5,4,81,8,98,254,0,254,352
08/11/2022,SCK,CA,AWP,WE,Towers with Radar,6,6,15,6,33,0,7,60,7,74,6,13,75,13,107,206,6,212,319
08/12/2022,SCK,CA,AWP,WE,Towers with Radar,5,3,10,2,20,0,4,58,1,63,5,7,68,3,83,304,6,310,393
08/13/2022,SCK,CA,AWP,WE,Towers with Radar,5,0,12,0,17,0,1,41,0,42,5,1,53,0,59,76,0,76,135
08/14/2022,SCK,CA,AWP,WE,Towers with Radar,5,0,5,0,10,0,2,34,1,37,5,2,39,1,47,32,0,32,79
08/15/2022,SCK,CA,AWP,WE,Towers with Radar,6,0,12,3,21,0,1,63,6,70,6,1,75,9,91,148,34,182,273
08/16/2022,SCK,CA,AWP,WE,Towers with Radar,3,1,15,2,21,0,0,64,0,64,3,1,79,2,85,220,0,220,305
08/17/2022,SCK,CA,AWP,WE,Towers with Radar,5,1,28,1,35,0,3,83,6,92,5,4,111,7,127,280,4,284,411
08/18/2022,SCK,CA,AWP,WE,Towers with Radar,6,2,19,0,27,0,1,63,3,67,6,3,82,3,94,282,0,282,376
08/19/2022,SCK,CA,AWP,WE,Towers with Radar,8,3,20,0,31,0,4,65,0,69,8,7,85,0,100,276,0,276,376
08/20/2022,SCK,CA,AWP,WE,Towers with Radar,5,1,14,0,20,0,6,32,0,38,5,7,46,0,58,68,0,68,126
08/21/2022,SCK,CA,AWP,WE,Towers with Radar,9,4,13,0,26,0,10,62,0,72,9,14,75,0,98,78,0,78,176
08/22/2022,SCK,CA,AWP,WE,Towers with Radar,8,0,24,2,34,0,0,58,2,60,8,0,82,4,94,104,0,104,198
08/23/2022,SCK,CA,AWP,WE,Towers with Radar,4,2,21,1,28,0,1,74,7,82,4,3,95,8,110,134,20,154,264
08/24/2022,SCK,CA,AWP,WE,Towers with Radar,6,3,22,0,31,0,8,87,3,98,6,11,109,3,129,216,22,238,367
08/25/2022,SCK,CA,AWP,WE,Towers with Radar,6,1,19,3,29,0,4,52,5,61,6,5,71,8,90,144,8,152,242
08/26/2022,SCK,CA,AWP,WE,Towers with Radar,9,3,23,1,36,0,10,75,8,93,9,13,98,9,129,100,12,112,241
08/27/2022,SCK,CA,AWP,WE,Towers with Radar,6,0,10,0,16,0,5,38,0,43,6,5,48,0,59,90,0,90,149
08/28/2022,SCK,CA,AWP,WE,Towers with Radar,8,0,9,0,17,0,3,40,0,43,8,3,49,0,60,52,0,52,112
08/29/2022,SCK,CA,AWP,WE,Towers with Radar,9,4,28,5,46,1,5,67,7,80,10,9,95,12,126,152,26,178,304
08/30/2022,SCK,CA,AWP,WE,Towers with Radar,4,5,27,0,36,0,6,60,10,76,4,11,87,10,112,112,26,138,250
08/31/2022,SCK,CA,AWP,WE,Towers with Radar,4,5,28,3,40,0,5,67,1,73,4,10,95,4,113,184,24,208,321
09/01/2022,SCK,CA,AWP,WE,Towers with Radar,8,4,24,7,43,0,8,55,3,66,8,12,79,10,109,110,16,126,235
09/02/2022,SCK,CA,AWP,WE,Towers with Radar,8,6,6,4,24,0,6,53,0,59,8,12,59,4,83,98,0,98,181
09/03/2022,SCK,CA,AWP,WE,Towers with Radar,8,0,13,0,21,0,0,25,0,25,8,0,38,0,46,14,0,14,60
09/04/2022,SCK,CA,AWP,WE,Towers with Radar,8,4,12,0,24,0,6,22,0,28,8,10,34,0,52,30,0,30,82
09/05/2022,SCK,CA,AWP,WE,Towers with Radar,10,4,20,0,34,0,5,44,0,49,10,9,64,0,83,110,0,110,193
09/06/2022,SCK,CA,AWP,WE,Towers with Radar,9,0,10,1,20,0,3,24,4,31,9,3,34,5,51,70,16,86,137
09/07/2022,SCK,CA,AWP,WE,Towers with Radar,8,0,14,2,24,0,1,54,2,57,8,1,68,4,81,112,14,126,207
09/08/2022,SCK,CA,AWP,WE,Towers with Radar,6,6,18,1,31,0,6,42,5,53,6,12,60,6,84,86,36,122,206
09/09/2022,SCK,CA,AWP,WE,Towers with Radar,8,3,14,1,26,0,3,49,7,59,8,6,63,8,85,106,0,106,191
09/10/2022,SCK,CA,AWP,WE,Towers with Radar,6,5,11,0,22,0,8,40,0,48,6,13,51,0,70,26,0,26,96
09/11/2022,SCK,CA,AWP,WE,Towers with Radar,8,12,25,3,48,0,7,30,2,39,8,19,55,5,87,14,4,18,105
09/12/2022,SCK,CA,AWP,WE,Towers with Radar,8,4,15,1,28,0,0,31,2,33,8,4,46,3,61,48,0,48,109
09/13/2022,SCK,CA,AWP,WE,Towers with Radar,4,4,9,4,21,0,1,53,5,59,4,5,62,9,80,90,30,120,200
09/14/2022,SCK,CA,AWP,WE,Towers with Radar,6,6,20,1,33,0,3,48,3,54,6,9,68,4,87,148,16,164,251
09/15/2022,SCK,CA,AWP,WE,Towers with Radar,6,1,24,0,31,0,8,59,6,73,6,9,83,6,104,86,6,92,196
09/16/2022,SCK,CA,AWP,WE,Towers with Radar,8,0,43,0,51,0,6,58,4,68,8,6,101,4,119,174,0,174,293
09/17/2022,SCK,CA,AWP,WE,Towers with Radar,6,0,35,2,43,0,6,42,0,48,6,6,77,2,91,52,0,52,143
09/18/2022,SCK,CA,AWP,WE,Towers with Radar,9,0,6,0,15,0,2,7,0,9,9,2,13,0,24,0,0,0,24
09/19/2022,SCK,CA,AWP,WE,Towers with Radar,8,2,29,1,40,0,0,22,2,24,8,2,51,3,64,76,0,76,140
09/20/2022,SCK,CA,AWP,WE,Towers with Radar,4,0,26,9,39,0,1,46,2,49,4,1,72,11,88,116,26,142,230
09/21/2022,SCK,CA,AWP,WE,Towers with Radar,7,3,13,4,27,0,5,63,9,77,7,8,76,13,104,116,0,116,220
09/22/2022,SCK,CA,AWP,WE,Towers with Radar,7,0,22,0,29,0,2,66,1,69,7,2,88,1,98,88,0,88,186
09/23/2022,SCK,CA,AWP,WE,Towers with Radar,8,3,29,3,43,0,7,64,5,76,8,10,93,8,119,148,0,148,267
09/24/2022,SCK,CA,AWP,WE,Towers with Radar,6,3,17,0,26,0,10,45,0,55,6,13,62,0,81,26,0,26,107
09/25/2022,SCK,CA,AWP,WE,Towers with Radar,8,4,27,1,40,0,2,47,1,50,8,6,74,2,90,14,12,26,116
09/26/2022,SCK,CA,AWP,WE,Towers with Radar,10,0,25,5,40,0,2,56,4,62,10,2,81,9,102,78,16,94,196
09/27/2022,SCK,CA,AWP,WE,Towers with Radar,4,2,25,7,38,0,1,62,4,67,4,3,87,11,105,114,2,116,221
09/28/2022,SCK,CA,AWP,WE,Towers with Radar,4,2,20,4,30,0,1,50,6,57,4,3,70,10,87,138,28,166,253
09/29/2022,SCK,CA,AWP,WE,Towers with Radar,8,0,18,3,29,0,1,36,3,40,8,1,54,6,69,88,0,88,157
09/30/2022,SCK,CA,AWP,WE,Towers with Radar,5,0,5,0,10,0,3,71,2,76,5,3,76,2,86,114,4,118,204
10/01/2022,SCK,CA,AWP,WE,Towers with Radar,4,1,15,0,20,0,4,36,2,42,4,5,51,2,62,48,0,48,110
10/02/2022,SCK,CA,AWP,WE,Towers with Radar,8,5,15,0,28,0,3,26,0,29,8,8,41,0,57,16,0,16,73
10/03/2022,SCK,CA,AWP,WE,Towers with Radar,7,1,33,8,49,0,6,61,2,69,7,7,94,10,118,180,6,186,304
10/04/2022,SCK,CA,AWP,WE,Towers with Radar,4,3,23,0,30,0,4,77,4,85,4,7,100,4,115,114,24,138,253
10/05/2022,SCK,CA,AWP,WE,Towers with Radar,4,9,15,0,28,0,0,55,0,55,4,9,70,0,83,82,0,82,165
10/06/2022,SCK,CA,AWP,WE,Towers with Radar,6,2,26,0,34,0,2,59,2,63,6,4,85,2,97,102,0,102,199
10/07/2022,SCK,CA,AWP,WE,Towers with Radar,8,3,23,1,35,0,0,44,1,45,8,3,67,2,80,76,0,76,156
10/08/2022,SCK,CA,AWP,WE,Towers with Radar,4,5,15,0,24,0,6,28,0,34,4,11,43,0,58,40,0,40,98
10/09/2022,SCK,CA,AWP,WE,Towers with Radar,6,6,17,0,29,0,3,33,0,36,6,9,50,0,65,28,0,28,93
10/10/2022,SCK,CA,AWP,WE,Towers with Radar,7,3,16,4,30,0,2,58,2,62,7,5,74,6,92,192,0,192,284
10/11/2022,SCK,CA,AWP,WE,Towers with Radar,4,0,10,2,16,0,6,32,2,40,4,6,42,4,56,82,2,84,140
10/12/2022,SCK,CA,AWP,WE,Towers with Radar,4,2,23,3,32,0,3,40,6,49,4,5,63,9,81,122,32,154,235
10/13/2022,SCK,CA,AWP,WE,Towers with Radar,6,2,16,5,29,0,5,37,7,49,6,7,53,12,78,124,18,142,220
10/14/2022,SCK,CA,AWP,WE,Towers with Radar,8,3,13,0,24,0,8,37,0,45,8,11,50,0,69,72,0,72,141
10/15/2022,SCK,CA,AWP,WE,Towers with Radar,4,3,25,0,32,0,2,33,8,43,4,5,58,8,75,76,2,78,153
10/16/2022,SCK,CA,AWP,WE,Towers with Radar,6,1,21,1,29,0,1,30,1,32,6,2,51,2,61,30,0,30,91
10/17/2022,SCK,CA,AWP,WE,Towers with Radar,7,4,16,3,30,0,1,65,2,68,7,5,81,5,98,72,0,72,170
10/18/2022,SCK,CA,AWP,WE,Towers with Radar,4,2,25,0,31,0,0,59,1,60,4,2,84,1,91,92,0,92,183
10/19/2022,SCK,CA,AWP,WE,Towers with Radar,4,2,13,3,22,0,0,56,2,58,4,2,69,5,80,102,0,102,182
10/20/2022,SCK,CA,AWP,WE,Towers with Radar,6,0,17,2,25,0,9,59,7,75,6,9,76,9,100,88,8,96,196
10/21/2022,SCK,CA,AWP,WE,Towers with Radar,8,4,29,3,44,0,8,59,4,71,8,12,88,7,115,50,10,60,175
10/22/2022,SCK,CA,AWP,WE,Towers with Radar,2,3,40,0,45,0,5,26,0,31,2,8,66,0,76,36,0,36,112
10/23/2022,SCK,CA,AWP,WE,Towers with Radar,6,3,32,0,41,0,2,24,0,26,6,5,56,0,67,2,0,2,69
10/24/2022,SCK,CA,AWP,WE,Towers with Radar,8,4,22,2,36,0,1,41,4,46,8,5,63,6,82,61,3,64,146
10/25/2022,SCK,CA,AWP,WE,Towers with Radar,4,2,22,6,34,0,0,35,6,41,4,2,57,12,75,40,8,48,123
10/26/2022,SCK,CA,AWP,WE,Towers with Radar,1,4,24,5,34,0,5,41,10,56,1,9,65,15,90,108,14,122,212
10/27/2022,SCK,CA,AWP,WE,Towers with Radar,6,0,33,3,42,0,3,48,9,60,6,3,81,12,102,46,20,66,168
10/28/2022,SCK,CA,AWP,WE,Towers with Radar,8,2,15,0,25,0,5,48,6,59,8,7,63,6,84,90,20,110,194
10/29/2022,SCK,CA,AWP,WE,Towers with Radar,3,0,6,0,9,0,3,28,0,31,3,3,34,0,40,22,0,22,62
10/30/2022,SCK,CA,AWP,WE,Towers with Radar,7,6,15,0,28,0,2,32,0,34,7,8,47,0,62,60,0,60,122
10/31/2022,SCK,CA,AWP,WE,Towers with Radar,5,2,17,1,25,0,5,54,3,62,5,7,71,4,87,30,32,62,149
11/01/2022,SCK,CA,AWP,WE,Towers with Radar,6,2,12,0,20,0,0,22,0,22,6,2,34,0,42,30,2,32,74
11/02/2022,SCK,CA,AWP,WE,Towers with Radar,5,2,22,3,32,0,0,31,10,41,5,2,53,13,73,82,74,156,229
11/03/2022,SCK,CA,AWP,WE,Towers with Radar,5,6,26,3,40,0,6,37,8,51,5,12,63,11,91,46,40,86,177
11/04/2022,SCK,CA,AWP,WE,Towers with Radar,9,0,12,7,28,0,0,37,5,42,9,0,49,12,70,74,50,124,194
11/05/2022,SCK,CA,AWP,WE,Towers with Radar,3,2,17,0,22,0,0,20,7,27,3,2,37,7,49,6,2,8,57
11/06/2022,SCK,CA,AWP,WE,Towers with Radar,5,2,17,0,24,0,0,33,0,33,5,2,50,0,57,74,0,74,131
11/07/2022,SCK,CA,AWP,WE,Towers with Radar,7,1,5,0,13,0,2,16,2,20,7,3,21,2,33,4,8,12,45
11/08/2022,SCK,CA,AWP,WE,Towers with Radar,3,0,11,2,16,0,5,4,8,17,3,5,15,10,33,2,4,6,39
11/09/2022,SCK,CA,AWP,WE,Towers with Radar,3,4,17,6,30,0,5,37,5,47,3,9,54,11,77,48,30,78,155
11/10/2022,SCK,CA,AWP,WE,Towers with Radar,4,6,17,4,31,0,2,50,3,55,4,8,67,7,86,66,28,94,180
11/11/2022,SCK,CA,AWP,WE,Towers with Radar,7,0,15,0,22,0,8,40,0,48,7,8,55,0,70,42,0,42,112
11/12/2022,SCK,CA,AWP,WE,Towers with Radar,3,4,4,0,11,0,0,32,0,32,3,4,36,0,43,12,0,12,55
11/13/2022,SCK,CA,AWP,WE,Towers with Radar,5,5,22,2,34,0,5,33,0,38,5,10,55,2,72,32,0,32,104
11/14/2022,SCK,CA,AWP,WE,Towers with Radar,7,0,23,6,36,0,4,44,4,52,7,4,67,10,88,26,12,38,126
11/15/2022,SCK,CA,AWP,WE,Towers with Radar,3,5,12,3,23,0,9,52,5,66,3,14,64,8,89,44,0,44,133
11/16/2022,SCK,CA,AWP,WE,Towers with Radar,5,4,8,0,17,0,9,51,6,66,5,13,59,6,83,34,4,38,121
11/17/2022,SCK,CA,AWP,WE,Towers with Radar,5,3,21,7,36,0,6,56,3,65,5,9,77,10,101,30,0,30,131
11/18/2022,SCK,CA,AWP,WE,Towers with Radar,9,5,26,0,40,0,3,50,2,55,9,8,76,2,95,38,12,50,145
11/19/2022,SCK,CA,AWP,WE,Towers with Radar,5,3,14,0,22,0,4,42,0,46,5,7,56,0,68,36,0,36,104
11/20/2022,SCK,CA,AWP,WE,Towers with Radar,5,5,20,0,30,0,10,49,0,59,5,15,69,0,89,12,0,12,101
11/21/2022,SCK,CA,AWP,WE,Towers with Radar,7,6,23,2,38,0,1,41,2,44,7,7,64,4,82,40,28,68,150
11/22/2022,SCK,CA,AWP,WE,Towers with Radar,5,5,34,1,45,0,4,40,6,50,5,9,74,7,95,24,2,26,121
11/23/2022,SCK,CA,AWP,WE,Towers with Radar,7,7,11,4,29,0,6,23,4,33,7,13,34,8,62,80,4,84,146
11/24/2022,SCK,CA,AWP,WE,Towers with Radar,2,0,4,0,6,0,0,12,0,12,2,0,16,0,18,2,0,2,20
11/25/2022,SCK,CA,AWP,WE,Towers with Radar,5,2,9,0,16,0,3,17,0,20,5,5,26,0,36,0,0,0,36
11/26/2022,SCK,CA,AWP,WE,Towers with Radar,5,2,16,0,23,0,8,10,0,18,5,10,26,0,41,0,0,0,41
11/27/2022,SCK,CA,AWP,WE,Towers with Radar,7,2,8,0,17,0,3,37,0,40,7,5,45,0,57,86,0,86,143
11/28/2022,SCK,CA,AWP,WE,Towers with Radar,6,2,10,3,21,0,2,17,1,20,6,4,27,4,41,12,8,20,61
11/29/2022,SCK,CA,AWP,WE,Towers with Radar,3,7,23,0,33,0,6,49,1,56,3,13,72,1,89,26,16,42,131
11/30/2022,SCK,CA,AWP,WE,Towers with Radar,4,2,20,6,32,0,8,58,4,70,4,10,78,10,102,52,20,72,174
12/01/2022,SCK,CA,AWP,WE,Towers with Radar,5,2,13,0,20,0,0,3,0,3,5,2,16,0,23,0,0,0,23
12/02/2022,SCK,CA,AWP,WE,Towers with Radar,7,5,15,2,29,0,2,28,0,30,7,7,43,2,59,16,2,18,77
12/03/2022,SCK,CA,AWP,WE,Towers with Radar,5,3,25,0,33,0,0,0,0,0,5,3,25,0,33,0,0,0,33
12/04/2022,SCK,CA,AWP,WE,Towers with Radar,5,7,14,0,26,0,1,15,0,16,5,8,29,0,42,14,0,14,56
12/05/2022,SCK,CA,AWP,WE,Towers with Radar,7,2,26,2,37,0,4,18,2,24,7,6,44,4,61,20,2,22,83
12/06/2022,SCK,CA,AWP,WE,Towers with Radar,3,3,25,7,38,0,4,25,2,31,3,7,50,9,69,76,2,78,147
12/07/2022,SCK,CA,AWP,WE,Towers with Radar,5,0,24,12,41,0,2,65,16,83,5,2,89,28,124,46,8,54,178
12/08/2022,SCK,CA,AWP,WE,Towers with Radar,4,4,20,4,32,0,0,15,4,19,4,4,35,8,51,2,50,52,103
12/09/2022,SCK,CA,AWP,WE,Towers with Radar,9,7,27,4,47,0,0,11,1,12,9,7,38,5,59,24,16,40,99
12/10/2022,SCK,CA,AWP,WE,Towers with Radar,5,2,1,0,8,0,0,0,0,0,5,2,1,0,8,0,0,0,8
12/11/2022,SCK,CA,AWP,WE,Towers with Radar,5,2,11,0,18,0,2,6,0,8,5,4,17,0,26,8,0,8,34
12/12/2022,SCK,CA,AWP,WE,Towers with Radar,10,2,24,2,38,0,3,20,1,24,10,5,44,3,62,40,26,66,128
12/13/2022,SCK,CA,AWP,WE,Towers with Radar,3,0,28,2,33,0,4,60,12,76,3,4,88,14,109,114,16,130,239
12/14/2022,SCK,CA,AWP,WE,Towers with Radar,5,0,28,3,36,0,0,43,12,55,5,0,71,15,91,100,26,126,217
12/15/2022,SCK,CA,AWP,WE,Towers with Radar,5,9,30,2,46,0,10,54,2,66,5,19,84,4,112,44,10,54,166
12/16/2022,SCK,CA,AWP,WE,Towers with Radar,5,1,45,0,51,0,1,13,0,14,5,2,58,0,65,14,0,14,79
12/17/2022,SCK,CA,AWP,WE,Towers with Radar,6,4,31,2,43,0,1,13,0,14,6,5,44,2,57,84,0,84,141
12/18/2022,SCK,CA,AWP,WE,Towers with Radar,7,5,31,0,43,0,0,1,0,1,7,5,32,0,44,0,0,0,44
12/19/2022,SCK,CA,AWP,WE,Towers with Radar,4,2,28,3,37,0,2,4,2,8,4,4,32,5,45,0,18,18,63
12/20/2022,SCK,CA,AWP,WE,Towers with Radar,6,3,23,3,35,0,1,18,3,22,6,4,41,6,57,64,0,64,121
12/21/2022,SCK,CA,AWP,WE,Towers with Radar,5,1,42,4,52,0,0,4,0,4,5,1,46,4,56,0,0,0,56
12/22/2022,SCK,CA,AWP,WE,Towers with Radar,5,7,41,0,53,0,0,14,0,14,5,7,55,0,67,10,0,10,77
12/23/2022,SCK,CA,AWP,WE,Towers with Radar,3,7,14,0,24,0,0,11,0,11,3,7,25,0,35,8,0,8,43
12/24/2022,SCK,CA,AWP,WE,Towers with Radar,2,2,2,2,8,0,0,5,1,6,2,2,7,3,14,0,0,0,14
12/25/2022,SCK,CA,AWP,WE,Towers with Radar,2,0,12,0,14,0,0,0,0,0,2,0,12,0,14,0,0,0,14
12/26/2022,SCK,CA,AWP,WE,Towers with Radar,2,4,27,0,33,0,0,3,0,3,2,4,30,0,36,0,0,0,36
12/27/2022,SCK,CA,AWP,WE,Towers with Radar,5,7,15,0,27,0,0,0,0,0,5,7,15,0,27,0,0,0,27
12/28/2022,SCK,CA,AWP,WE,Towers with Radar,5,2,29,0,36,0,2,57,0,59,5,4,86,0,95,62,0,62,157
12/29/2022,SCK,CA,AWP,WE,Towers with Radar,5,3,11,6,25,0,1,3,1,5,5,4,14,7,30,0,0,0,30
12/30/2022,SCK,CA,AWP,WE,Towers with Radar,3,7,15,0,25,0,0,0,0,0,3,7,15,0,25,0,0,0,25
12/31/2022,SCK,CA,AWP,WE,Towers with Radar,4,1,1,0,6,0,0,0,0,0,4,1,1,0,6,0,0,0,6
01/01/2023,SCK,CA,AWP,WE,Towers with Radar,4,1,21,0,26,0,1,14,0,15,4,2,35,0,41,8,0,8,49
01/02/2023,SCK,CA,AWP,WE,Towers with Radar,4,3,7,0,14,0,0,18,0,18,4,3,25,0,32,0,0,0,32
01/03/2023,SCK,CA,AWP,WE,Towers with Radar,5,9,24,3,41,0,0,3,2,5,5,9,27,5,46,4,0,4,50
01/04/2023,SCK,CA,AWP,WE,Towers with Radar,5,5,3,0,13,0,0,1,0,1,5,5,4,0,14,0,0,0,14
01/05/2023,SCK,CA,AWP,WE,Towers with Radar,5,1,5,0,11,0,2,0,5,7,5,3,5,5,18,0,36,36,54
01/06/2023,SCK,CA,AWP,WE,Towers with Radar,7,3,12,9,31,0,2,40,2,44,7,5,52,11,75,26,20,46,121
01/07/2023,SCK,CA,AWP,WE,Towers with Radar,3,9,18,0,30,0,2,14,0,16,3,11,32,0,46,0,0,0,46
01/08/2023,SCK,CA,AWP,WE,Towers with Radar,7,7,20,0,34,0,1,16,0,17,7,8,36,0,51,18,0,18,69
01/09/2023,SCK,CA,AWP,WE,Towers with Radar,8,0,10,2,20,0,4,7,7,18,8,4,17,9,38,0,14,14,52
01/10/2023,SCK,CA,AWP,WE,Towers with Radar,5,1,14,1,21,0,0,4,3,7,5,1,18,4,28,0,22,22,50
01/11/2023,SCK,CA,AWP,WE,Towers with Radar,4,6,20,5,35,0,0,2,7,9,4,6,22,12,44,0,24,24,68
01/12/2023,SCK,CA,AWP,WE,Towers with Radar,5,5,25,4,39,0,10,48,7,65,5,15,73,11,104,40,12,52,156
01/13/2023,SCK,CA,AWP,WE,Towers with Radar,7,2,19,0,28,0,0,17,1,18,7,2,36,1,46,10,0,10,56
01/14/2023,SCK,CA,AWP,WE,Towers with Radar,3,2,8,0,13,0,0,1,0,1,3,2,9,0,14,8,0,8,22
01/15/2023,SCK,CA,AWP,WE,Towers with Radar,7,7,12,0,26,0,0,1,0,1,7,7,13,0,27,0,0,0,27
01/16/2023,SCK,CA,AWP,WE,Towers with Radar,7,8,6,0,21,0,0,9,0,9,7,8,15,0,30,6,0,6,36
01/17/2023,SCK,CA,AWP,WE,Towers with Radar,3,3,30,4,40,0,0,46,4,50,3,3,76,8,90,38,0,38,128
01/18/2023,SCK,CA,AWP,WE,Towers with Radar,3,10,20,11,44,0,1,28,3,32,3,11,48,14,76,22,14,36,112
01/19/2023,SCK,CA,AWP,WE,Towers with Radar,5,8,36,2,51,0,0,12,0,12,5,8,48,2,63,24,14,38,101
01/20/2023,SCK,CA,AWP,WE,Towers with Radar,8,6,38,5,57,0,4,52,4,60,8,10,90,9,117,86,12,98,215
01/21/2023,SCK,CA,AWP,WE,Towers with Radar,3,5,33,0,41,0,0,42,0,42,3,5,75,0,83,18,0,18,101
01/22/2023,SCK,CA,AWP,WE,Towers with Radar,7,4,19,0,30,0,4,18,0,22,7,8,37,0,52,38,0,38,90
01/23/2023,SCK,CA,AWP,WE,Towers with Radar,8,5,25,2,40,0,4,39,2,45,8,9,64,4,85,62,6,68,153
01/24/2023,SCK,CA,AWP,WE,Towers with Radar,3,1,47,0,51,0,5,53,2,60,3,6,100,2,111,54,0,54,165
01/25/2023,SCK,CA,AWP,WE,Towers with Radar,4,1,28,16,49,0,1,51,5,57,4,2,79,21,106,62,8,70,176
01/26/2023,SCK,CA,AWP,WE,Towers with Radar,4,4,31,5,44,0,2,48,1,51,4,6,79,6,95,42,16,58,153
01/27/2023,SCK,CA,AWP,WE,Towers with Radar,7,6,27,1,41,0,4,45,2,51,7,10,72,3,92,24,0,24,116
01/28/2023,SCK,CA,AWP,WE,Towers with Radar,3,1,26,0,30,0,4,38,1,43,3,5,64,1,73,64,0,64,137
01/29/2023,SCK,CA,AWP,WE,Towers with Radar,6,3,13,6,28,0,2,3,0,5,6,5,16,6,33,0,0,0,33
01/30/2023,SCK,CA,AWP,WE,Towers with Radar,7,4,22,4,37,0,5,33,3,41,7,9,55,7,78,26,6,32,110
01/31/2023,SCK,CA,AWP,WE,Towers with Radar,2,1,35,2,40,0,5,69,11,85,2,6,104,13,125,53,10,63,188
02/01/2023,SCK,CA,AWP,WE,Towers with Radar,2,1,22,0,25,0,2,64,3,69,2,3,86,3,94,94,26,120,214
02/02/2023,SCK,CA,AWP,WE,Towers with Radar,4,2,21,1,28,0,7,49,5,61,4,9,70,6,89,46,12,58,147
02/03/2023,SCK,CA,AWP,WE,Towers with Radar,7,3,14,0,24,0,2,17,0,19,7,5,31,0,43,2,0,2,45
02/04/2023,SCK,CA,AWP,WE,Towers with Radar,2,0,9,0,11,0,4,4,0,8,2,4,13,0,19,0,0,0,19
02/05/2023,SCK,CA,AWP,WE,Towers with Radar,6,0,14,0,20,0,1,4,0,5,6,1,18,0,25,11,0,11,36
02/06/2023,SCK,CA,AWP,WE,Towers with Radar,9,2,19,5,35,0,6,35,0,41,9,8,54,5,76,38,32,70,146
02/07/2023,SCK,CA,AWP,WE,Towers with Radar,2,2,18,1,23,0,2,28,0,30,2,4,46,1,53,20,0,20,73
02/08/2023,SCK,CA,AWP,WE,Towers with Radar,2,5,33,0,40,0,5,45,4,54,2,10,78,4,94,70,14,84,178
02/09/2023,SCK,CA,AWP,WE,Towers with Radar,3,2,17,1,23,0,2,39,5,46,3,4,56,6,69,43,7,50,119
02/10/2023,SCK,CA,AWP,WE,Towers with Radar,6,2,21,4,33,0,7,22,1,30,6,9,43,5,63,22,6,28,91
02/11/2023,SCK,CA,AWP,WE,Towers with Radar,2,2,1,0,5,0,0,11,0,11,2,2,12,0,16,30,0,30,46
02/12/2023,SCK,CA,AWP,WE,Towers with Radar,6,1,17,0,24,0,0,30,0,30,6,1,47,0,54,84,0,84,138
02/13/2023,SCK,CA,AWP,WE,Towers with Radar,6,4,9,2,21,0,2,29,4,35,6,6,38,6,56,32,18,50,106
02/14/2023,SCK,CA,AWP,WE,Towers with Radar,2,5,12,6,25,0,1,26,4,31,2,6,38,10,56,2,0,2,58
02/15/2023,SCK,CA,AWP,WE,Towers with Radar,2,2,28,1,33,0,0,55,2,57,2,2,83,3,90,62,14,76,166
02/16/2023,SCK,CA,AWP,WE,Towers with Radar,6,5,14,6,31,0,2,48,9,59,6,7,62,15,90,42,36,78,168
02/17/2023,SCK,CA,AWP,WE,Towers with Radar,6,7,21,2,36,0,9,51,1,61,6,16,72,3,97,50,3,53,150
02/18/2023,SCK,CA,AWP,WE,Towers with Radar,2,4,20,0,26,0,5,62,0,67,2,9,82,0,93,94,0,94,187
02/19/2023,SCK,CA,AWP,WE,Towers with Radar,6,7,27,0,40,0,4,47,0,51,6,11,74,0,91,14,0,14,105
02/20/2023,SCK,CA,AWP,WE,Towers with Radar,6,8,32,0,46,0,7,54,0,61,6,15,86,0,107,44,0,44,151
02/21/2023,SCK,CA,AWP,WE,Towers with Radar,4,3,13,10,30,0,0,28,13,41,4,3,41,23,71,22,22,44,115
02/22/2023,SCK,CA,AWP,WE,Towers with Radar,3,5,10,8,26,0,4,18,8,30,3,9,28,16,56,32,62,94,150
02/23/2023,SCK,CA,AWP,WE,Towers with Radar,6,1,7,2,16,0,0,7,6,13,6,1,14,8,29,18,22,40,69
02/24/2023,SCK,CA,AWP,WE,Towers with Radar,6,3,8,2,19,0,0,4,0,4,6,3,12,2,23,4,0,4,27
02/25/2023,SCK,CA,AWP,WE,Towers with Radar,2,4,17,0,23,0,4,0,6,10,2,8,17,6,33,4,8,12,45
02/26/2023,SCK,CA,AWP,WE,Towers with Radar,5,1,3,1,10,0,5,0,1,6,5,6,3,2,16,0,10,10,26
02/27/2023,SCK,CA,AWP,WE,Towers with Radar,6,1,14,0,21,0,2,1,3,6,6,3,15,3,27,0,12,12,39
02/28/2023,SCK,CA,AWP,WE,Towers with Radar,2,0,13,2,17,0,0,2,0,2,2,0,15,2,19,0,0,0,19
03/01/2023,SCK,CA,AWP,WE,Towers with Radar,4,3,22,12,41,0,3,30,12,45,4,6,52,24,86,48,34,82,168
03/02/2023,SCK,CA,AWP,WE,Towers with Radar,5,2,26,5,38,0,7,87,8,102,5,9,113,13,140,54,14,68,208
03/03/2023,SCK,CA,AWP,WE,Towers with Radar,7,2,23,2,34,0,2,57,3,62,7,4,80,5,96,82,2,84,180
03/04/2023,SCK,CA,AWP,WE,Towers with Radar,2,4,8,0,14,0,2,12,0,14,2,6,20,0,28,0,0,0,28
03/05/2023,SCK,CA,AWP,WE,Towers with Radar,4,0,8,0,12,0,2,5,0,7,4,2,13,0,19,0,0,0,19
03/06/2023,SCK,CA,AWP,WE,Towers with Radar,7,3,11,0,21,0,1,21,6,28,7,4,32,6,49,0,18,18,67
03/07/2023,SCK,CA,AWP,WE,Towers with Radar,2,1,21,6,30,0,2,52,1,55,2,3,73,7,85,44,8,52,137
03/08/2023,SCK,CA,AWP,WE,Towers with Radar,4,3,24,2,33,0,5,37,6,48,4,8,61,8,81,28,10,38,119
03/09/2023,SCK,CA,AWP,WE,Towers with Radar,5,1,3,3,12,0,1,13,0,14,5,2,16,3,26,12,0,12,38
03/10/2023,SCK,CA,AWP,WE,Towers with Radar,6,1,8,0,15,0,5,10,1,16,6,6,18,1,31,50,0,50,81
03/11/2023,SCK,CA,AWP,WE,Towers with Radar,3,2,19,1,25,0,0,4,9,13,3,2,23,10,38,27,4,31,69
03/12/2023,SCK,CA,AWP,WE,Towers with Radar,4,0,10,0,14,0,1,3,0,4,4,1,13,0,18,0,0,0,18
03/13/2023,SCK,CA,AWP,WE,Towers with Radar,7,3,4,2,16,0,5,19,4,28,7,8,23,6,44,22,0,22,66
03/14/2023,SCK,CA,AWP,WE,Towers with Radar,2,5,3,4,14,0,0,0,0,0,2,5,3,4,14,0,0,0,14
03/15/2023,SCK,CA,AWP,WE,Towers with Radar,4,2,37,7,50,0,5,38,5,48,4,7,75,12,98,62,0,62,160
03/16/2023,SCK,CA,AWP,WE,Towers with Radar,4,6,29,5,44,0,6,69,4,79,4,12,98,9,123,102,16,118,241
03/17/2023,SCK,CA,AWP,WE,Towers with Radar,6,5,20,0,31,0,5,54,0,59,6,10,74,0,90,62,0,62,152
03/18/2023,SCK,CA,AWP,WE,Towers with Radar,1,0,14,0,15,0,1,34,0,35,1,1,48,0,50,42,0,42,92
03/19/2023,SCK,CA,AWP,WE,Towers with Radar,4,1,4,0,9,0,1,5,0,6,4,2,9,0,15,0,0,0,15
03/20/2023,SCK,CA,AWP,WE,Towers with Radar,6,2,25,3,36,0,2,21,8,31,6,4,46,11,67,32,10,42,109
03/21/2023,SCK,CA,AWP,WE,Towers with Radar,2,2,13,10,27,0,2,0,0,2,2,4,13,10,29,4,6,10,39
03/22/2023,SCK,CA,AWP,WE,Towers with Radar,4,0,12,0,16,0,1,22,2,25,4,1,34,2,41,62,0,62,103
03/23/2023,SCK,CA,AWP,WE,Towers with Radar,4,0,23,2,29,0,16,38,5,59,4,16,61,7,88,74,2,76,164
03/24/2023,SCK,CA,AWP,WE,Towers with Radar,7,7,16,0,30,0,8,41,4,53,7,15,57,4,83,62,5,67,150
03/25/2023,SCK,CA,AWP,WE,Towers with Radar,2,2,20,1,25,0,2,31,1,34,2,4,51,2,59,6,0,6,65
03/26/2023,SCK,CA,AWP,WE,Towers with Radar,4,1,17,1,23,0,7,38,1,46,4,8,55,2,69,10,0,10,79
03/27/2023,SCK,CA,AWP,WE,Towers with Radar,5,3,23,5,36,0,5,40,1,46,5,8,63,6,82,22,0,22,104
03/28/2023,SCK,CA,AWP,WE,Towers with Radar,2,2,3,4,11,0,0,4,0,4,2,2,7,4,15,2,0,2,17
03/29/2023,SCK,CA,AWP,WE,Towers with Radar,4,3,9,0,16,0,0,2,1,3,4,3,11,1,19,0,0,0,19
03/30/2023,SCK,CA,AWP,WE,Towers with Radar,4,3,35,4,46,0,5,54,3,62,4,8,89,7,108,62,32,94,202
03/31/2023,SCK,CA,AWP,WE,Towers with Radar,7,1,48,3,59,0,0,52,0,52,7,1,100,3,111,50,0,50,161
04/01/2023,SCK,CA,AWP,WE,Towers with Radar,2,0,15,1,18,0,6,30,0,36,2,6,45,1,54,69,0,69,123
04/02/2023,SCK,CA,AWP,WE,Towers with Radar,4,0,24,0,28,0,6,41,0,47,4,6,65,0,75,4,0,4,79
04/03/2023,SCK,CA,AWP,WE,Towers with Radar,7,2,11,6,26,0,6,23,8,37,7,8,34,14,63,22,24,46,109
04/04/2023,SCK,CA,AWP,WE,Towers with Radar,2,5,15,0,22,0,6,56,3,65,2,11,71,3,87,22,6,28,115
04/05/2023,SCK,CA,AWP,WE,Towers with Radar,3,3,18,2,26,0,9,48,4,61,3,12,66,6,87,86,10,96,183
04/06/2023,SCK,CA,AWP,WE,Towers with Radar,5,3,22,1,31,0,9,61,3,73,5,12,83,4,104,16,0,16,120
04/07/2023,SCK,CA,AWP,WE,Towers with Radar,8,0,24,0,32,0,1,37,0,38,8,1,61,0,70,50,0,50,120
04/08/2023,SCK,CA,AWP,WE,Towers with Radar,2,1,12,0,15,0,2,35,2,39,2,3,47,2,54,58,0,58,112
04/09/2023,SCK,CA,AWP,WE,Towers with Radar,5,1,14,0,20,0,3,33,0,36,5,4,47,0,56,56,0,56,112
04/10/2023,SCK,CA,AWP,WE,Towers with Radar,8,3,31,0,42,0,6,42,0,48,8,9,73,0,90,84,0,84,174
04/11/2023,SCK,CA,AWP,WE,Towers with Radar,2,0,48,7,57,0,9,64,3,76,2,9,112,10,133,56,10,66,199
04/12/2023,SCK,CA,AWP,WE,Towers with Radar,4,4,11,9,28,0,8,59,2,69,4,12,70,11,97,78,4,82,179
04/13/2023,SCK,CA,AWP,WE,Towers with Radar,5,0,25,6,36,0,8,47,4,59,5,8,72,10,95,96,24,120,215
04/14/2023,SCK,CA,AWP,WE,Towers with Radar,6,4,35,0,45,0,10,54,0,64,6,14,89,0,109,128,0,128,237
04/15/2023,SCK,CA,AWP,WE,Towers with Radar,2,4,22,0,28,0,12,70,0,82,2,16,92,0,110,102,0,102,212
04/16/2023,SCK,CA,AWP,WE,Towers with Radar,5,5,12,0,22,0,6,22,0,28,5,11,34,0,50,12,0,12,62
04/17/2023,SCK,CA,AWP,WE,Towers with Radar,6,5,14,7,32,0,0,36,1,37,6,5,50,8,69,60,4,64,133
04/18/2023,SCK,CA,AWP,WE,Towers with Radar,2,0,33,5,40,0,4,51,2,57,2,4,84,7,97,56,15,71,168
04/19/2023,SCK,CA,AWP,WE,Towers with Radar,4,2,21,5,32,0,0,56,7,63,4,2,77,12,95,74,36,110,205
04/20/2023,SCK,CA,AWP,WE,Towers with Radar,3,3,20,0,26,1,4,55,3,63,4,7,75,3,89,52,4,56,145
04/21/2023,SCK,CA,AWP,WE,Towers with Radar,6,9,33,9,57,0,5,48,3,56,6,14,81,12,113,94,38,132,245
04/22/2023,SCK,CA,AWP,WE,Towers with Radar,2,1,16,0,19,0,3,30,6,39,2,4,46,6,58,110,1,111,169
04/23/2023,SCK,CA,AWP,WE,Towers with Radar,4,1,23,0,28,0,1,20,7,28,4,2,43,7,56,38,1,39,95
04/24/2023,SCK,CA,AWP,WE,Towers with Radar,6,1,20,0,27,0,4,35,4,43,6,5,55,4,70,54,16,70,140
04/25/2023,SCK,CA,AWP,WE,Towers with Radar,2,4,33,6,45,0,3,37,3,43,2,7,70,9,88,141,54,195,283
04/26/2023,SCK,CA,AWP,WE,Towers with Radar,4,4,21,2,31,0,1,30,0,31,4,5,51,2,62,62,2,64,126
04/27/2023,SCK,CA,AWP,WE,Towers with Radar,5,6,18,2,31,0,3,35,3,41,5,9,53,5,72,112,8,120,192
04/28/2023,SCK,CA,AWP,WE,Towers with Radar,6,2,31,1,40,0,1,47,3,51,6,3,78,4,91,106,28,134,225
04/29/2023,SCK,CA,AWP,WE,Towers with Radar,2,1,23,0,26,0,4,65,0,69,2,5,88,0,95,96,0,96,191
04/30/2023,SCK,CA,AWP,WE,Towers with Radar,5,2,17,0,24,0,1,39,0,40,5,3,56,0,64,30,0,30,94
05/01/2023,SCK,CA,AWP,WE,Towers with Radar,6,4,22,0,32,0,2,14,0,16,6,6,36,0,48,14,0,14,62
05/02/2023,SCK,CA,AWP,WE,Towers with Radar,2,0,16,4,22,0,0,7,1,8,2,0,23,5,30,36,30,66,96
05/03/2023,SCK,CA,AWP,WE,Towers with Radar,4,2,30,4,40,0,4,29,3,36,4,6,59,7,76,54,14,68,144
05/04/2023,SCK,CA,AWP,WE,Towers with Radar,3,2,18,10,33,0,11,36,2,49,3,13,54,12,82,50,28,78,160
05/05/2023,SCK,CA,AWP,WE,Towers with Radar,6,0,29,13,48,0,8,33,1,42,6,8,62,14,90,104,6,110,200
05/06/2023,SCK,CA,AWP,WE,Towers with Radar,4,2,9,1,16,0,3,13,0,16,4,5,22,1,32,46,0,46,78
05/07/2023,SCK,CA,AWP,WE,Towers with Radar,4,0,20,1,25,0,3,36,1,40,4,3,56,2,65,62,0,62,127
05/08/2023,SCK,CA,AWP,WE,Towers with Radar,6,4,31,17,58,0,4,32,7,43,6,8,63,24,101,131,14,145,246
05/09/2023,SCK,CA,AWP,WE,Towers with Radar,2,4,17,3,26,0,0,59,2,61,2,4,76,5,87,106,27,133,220
05/10/2023,SCK,CA,AWP,WE,Towers with Radar,4,5,38,7,54,0,8,56,10,74,4,13,94,17,128,54,0,54,182
05/11/2023,SCK,CA,AWP,WE,Towers with Radar,5,2,16,5,28,0,1,65,10,76,5,3,81,15,104,140,24,164,268
05/12/2023,SCK,CA,AWP,WE,Towers with Radar,6,3,21,2,32,0,8,64,5,77,6,11,85,7,109,56,18,74,183
05/13/2023,SCK,CA,AWP,WE,Towers with Radar,4,2,18,0,24,0,5,41,0,46,4,7,59,0,70,90,0,90,160
05/14/2023,SCK,CA,AWP,WE,Towers with Radar,5,6,18,0,29,0,12,41,0,53,5,18,59,0,82,54,0,54,136
05/15/2023,SCK,CA,AWP,WE,Towers with Radar,6,4,22,9,41,0,1,52,12,65,6,5,74,21,106,84,46,130,236
05/16/2023,SCK,CA,AWP,WE,Towers with Radar,2,3,28,7,40,0,4,63,7,74,2,7,91,14,114,128,42,170,284
05/17/2023,SCK,CA,AWP,WE,Towers with Radar,4,1,19,20,44,0,3,48,7,58,4,4,67,27,102,37,20,57,159
05/18/2023,SCK,CA,AWP,WE,Towers with Radar,4,11,19,2,36,0,4,59,10,73,4,15,78,12,109,74,16,90,199
05/19/2023,SCK,CA,AWP,WE,Towers with Radar,6,4,29,1,40,0,6,38,4,48,6,10,67,5,88,94,18,112,200
05/20/2023,SCK,CA,AWP,WE,Towers with Radar,4,3,19,0,26,0,6,22,3,31,4,9,41,3,57,37,0,37,94
05/21/2023,SCK,CA,AWP,WE,Towers with Radar,6,1,19,0,26,0,3,32,0,35,6,4,51,0,61,10,0,10,71
05/22/2023,SCK,CA,AWP,WE,Towers with Radar,4,4,30,1,39,0,7,41,3,51,4,11,71,4,90,72,8,80,170
05/23/2023,SCK,CA,AWP,WE,Towers with Radar,4,1,31,12,48,0,3,57,7,67,4,4,88,19,115,108,28,136,251
05/24/2023,SCK,CA,AWP,WE,Towers with Radar,2,1,32,3,38,0,6,74,1,81,2,7,106,4,119,122,0,122,241
05/25/2023,SCK,CA,AWP,WE,Towers with Radar,4,3,26,11,44,0,8,50,15,73,4,11,76,26,117,166,24,190,307
05/26/2023,SCK,CA,AWP,WE,Towers with Radar,8,6,25,0,39,0,4,33,0,37,8,10,58,0,76,156,0,156,232
05/27/2023,SCK,CA,AWP,WE,Towers with Radar,3,2,15,0,20,0,6,34,0,40,3,8,49,0,60,22,0,22,82
05/28/2023,SCK,CA,AWP,WE,Towers with Radar,6,5,13,0,24,0,10,36,0,46,6,15,49,0,70,10,0,10,80
05/29/2023,SCK,CA,AWP,WE,Towers with Radar,5,4,21,0,30,0,4,49,0,53,5,8,70,0,83,145,0,145,228
05/30/2023,SCK,CA,AWP,WE,Towers with Radar,4,11,23,2,40,0,10,35,6,51,4,21,58,8,91,134,4,138,229
05/31/2023,SCK,CA,AWP,WE,Towers with Radar,2,7,23,2,34,0,7,50,2,59,2,14,73,4,93,168,28,196,289
06/01/2023,SCK,CA,AWP,WE,Towers with Radar,4,5,27,7,43,0,5,64,4,73,4,10,91,11,116,156,0,156,272
06/02/2023,SCK,CA,AWP,WE,Towers with Radar,6,5,22,2,35,0,1,59,3,63,6,6,81,5,98,94,4,98,196
06/03/2023,SCK,CA,AWP,WE,Towers with Radar,4,4,17,0,25,0,12,52,6,70,4,16,69,6,95,40,4,44,139
06/04/2023,SCK,CA,AWP,WE,Towers with Radar,6,4,21,3,34,0,3,26,4,33,6,7,47,7,67,34,8,42,109
06/05/2023,SCK,CA,AWP,WE,Towers with Radar,5,1,47,4,57,0,1,57,2,60,5,2,104,6,117,62,0,62,179
06/06/2023,SCK,CA,AWP,WE,Towers with Radar,6,0,33,5,44,0,1,57,1,59,6,1,90,6,103,151,2,153,256
06/07/2023,SCK,CA,AWP,WE,Towers with Radar,2,7,34,6,49,0,7,72,5,84,2,14,106,11,133,100,12,112,245
06/08/2023,SCK,CA,AWP,WE,Towers with Radar,4,2,32,2,40,0,5,53,1,59,4,7,85,3,99,62,2,64,163
06/09/2023,SCK,CA,AWP,WE,Towers with Radar,6,8,39,2,55,0,9,53,2,64,6,17,92,4,119,26,0,26,145
06/10/2023,SCK,CA,AWP,WE,Towers with Radar,4,0,17,1,22,0,4,27,5,36,4,4,44,6,58,12,0,12,70
06/11/2023,SCK,CA,AWP,WE,Towers with Radar,5,8,18,0,31,0,5,34,10,49,5,13,52,10,80,89,0,89,169
06/12/2023,SCK,CA,AWP,WE,Towers with Radar,4,6,26,8,44,0,0,38,6,44,4,6,64,14,88,64,20,84,172
06/13/2023,SCK,CA,AWP,WE,Towers with Radar,4,2,37,7,50,0,7,69,6,82,4,9,106,13,132,117,11,128,260
06/14/2023,SCK,CA,AWP,WE,Towers with Radar,2,2,33,2,39,0,4,71,0,75,2,6,104,2,114,68,0,68,182
06/15/2023,SCK,CA,AWP,WE,Towers with Radar,4,6,24,0,34,0,3,73,0,76,4,9,97,0,110,141,0,141,251
06/16/2023,SCK,CA,AWP,WE,Towers with Radar,7,7,23,0,37,0,1,54,0,55,7,8,77,0,92,58,0,58,150
06/17/2023,SCK,CA,AWP,WE,Towers with Radar,4,0,19,0,23,0,5,30,0,35,4,5,49,0,58,30,0,30,88
06/18/2023,SCK,CA,AWP,WE,Towers with Radar,6,2,8,0,16,0,6,32,0,38,6,8,40,0,54,24,0,24,78
06/19/2023,SCK,CA,AWP,WE,Towers with Radar,5,2,32,0,39,0,2,65,0,67,5,4,97,0,106,116,0,116,222
06/20/2023,SCK,CA,AWP,WE,Towers with Radar,4,2,19,2,27,0,10,60,1,71,4,12,79,3,98,78,8,86,184
06/21/2023,SCK,CA,AWP,WE,Towers with Radar,2,5,31,4,42,0,3,66,4,73,2,8,97,8,115,90,2,92,207
06/22/2023,SCK,CA,AWP,WE,Towers with Radar,4,0,36,0,40,0,5,53,7,65,4,5,89,7,105,68,6,74,179
06/23/2023,SCK,CA,AWP,WE,Towers with Radar,7,0,37,0,44,0,3,49,4,56,7,3,86,4,100,60,0,60,160
06/24/2023,SCK,CA,AWP,WE,Towers with Radar,5,5,30,0,40,0,1,34,0,35,5,6,64,0,75,44,0,44,119
06/25/2023,SCK,CA,AWP,WE,Towers with Radar,6,0,14,0,20,0,11,53,0,64,6,11,67,0,84,52,0,52,136
06/26/2023,SCK,CA,AWP,WE,Towers with Radar,5,0,18,2,25,0,4,38,5,47,5,4,56,7,72,85,5,90,162
06/27/2023,SCK,CA,AWP,WE,Towers with Radar,4,2,34,5,45,0,2,66,4,72,4,4,100,9,117,85,22,107,224
06/28/2023,SCK,CA,AWP,WE,Towers with Radar,2,2,33,3,40,0,0,78,1,79,2,2,111,4,119,54,11,65,184
06/29/2023,SCK,CA,AWP,WE,Towers with Radar,4,7,27,3,41,0,1,69,1,71,4,8,96,4,112,70,0,70,182
06/30/2023,SCK,CA,AWP,WE,Towers with Radar,6,2,27,6,41,0,2,38,0,40,6,4,65,6,81,42,0,42,123
07/01/2023,SCK,CA,AWP,WE,Towers with Radar,4,0,11,0,15,0,6,36,0,42,4,6,47,0,57,30,0,30,87
07/02/2023,SCK,CA,AWP,WE,Towers with Radar,7,2,12,0,21,0,5,39,0,44,7,7,51,0,65,56,0,56,121
07/03/2023,SCK,CA,AWP,WE,Towers with Radar,5,5,19,0,29,0,3,60,0,63,5,8,79,0,92,78,0,78,170
07/04/2023,SCK,CA,AWP,WE,Towers with Radar,2,8,19,0,29,0,3,62,0,65,2,11,81,0,94,48,0,48,142
07/05/2023,SCK,CA,AWP,WE,Towers with Radar,2,0,38,4,44,0,0,65,8,73,2,0,103,12,117,92,2,94,211
07/06/2023,SCK,CA,AWP,WE,Towers with Radar,4,3,25,2,34,0,3,69,2,74,4,6,94,4,108,118,8,126,234
07/07/2023,SCK,CA,AWP,WE,Towers with Radar,7,0,51,0,58,0,4,82,1,87,7,4,133,1,145,113,0,113,258
07/08/2023,SCK,CA,AWP,WE,Towers with Radar,4,0,18,0,22,0,0,49,0,49,4,0,67,0,71,76,0,76,147
07/09/2023,SCK,CA,AWP,WE,Towers with Radar,6,0,11,0,17,0,6,52,0,58,6,6,63,0,75,104,0,104,179
07/10/2023,SCK,CA,AWP,WE,Towers with Radar,5,5,32,4,46,0,4,63,0,67,5,9,95,4,113,166,9,175,288
07/11/2023,SCK,CA,AWP,WE,Towers with Radar,4,4,18,3,29,0,4,58,1,63,4,8,76,4,92,248,2,250,342
07/12/2023,SCK,CA,AWP,WE,Towers with Radar,4,1,30,2,37,0,4,74,3,81,4,5,104,5,118,292,14,306,424
07/13/2023,SCK,CA,AWP,WE,Towers with Radar,4,1,25,3,33,0,4,54,2,60,4,5,79,5,93,178,4,182,275
07/14/2023,SCK,CA,AWP,WE,Towers with Radar,7,9,20,1,37,0,5,37,3,45,7,14,57,4,82,192,2,194,276
07/15/2023,SCK,CA,AWP,WE,Towers with Radar,4,1,16,0,21,0,4,37,2,43,4,5,53,2,64,184,0,184,248
07/16/2023,SCK,CA,AWP,WE,Towers with Radar,6,4,9,0,19,0,2,31,0,33,6,6,40,0,52,0,0,0,52
07/17/2023,SCK,CA,AWP,WE,Towers with Radar,5,3,19,0,27,0,5,44,0,49,5,8,63,0,76,214,1,215,291
07/18/2023,SCK,CA,AWP,WE,Towers with Radar,4,4,23,2,33,0,5,44,0,49,4,9,67,2,82,297,0,297,379
07/19/2023,SCK,CA,AWP,WE,Towers with Radar,4,1,28,2,35,0,4,70,5,79,4,5,98,7,114,306,4,310,424
07/20/2023,SCK,CA,AWP,WE,Towers with Radar,4,5,24,0,33,0,1,77,4,82,4,6,101,4,115,294,4,298,413
07/21/2023,SCK,CA,AWP,WE,Towers with Radar,6,0,25,0,31,0,0,61,0,61,6,0,86,0,92,254,0,254,346
07/22/2023,SCK,CA,AWP,WE,Towers with Radar,4,0,14,0,18,0,5,31,0,36,4,5,45,0,54,156,0,156,210
07/23/2023,SCK,CA,AWP,WE,Towers with Radar,6,2,17,0,25,0,4,44,0,48,6,6,61,0,73,68,0,68,141
07/24/2023,SCK,CA,AWP,WE,Towers with Radar,5,1,16,1,23,0,2,48,1,51,5,3,64,2,74,296,0,296,370
07/25/2023,SCK,CA,AWP,WE,Towers with Radar,4,11,13,1,29,0,4,144,0,148,4,15,157,1,177,161,0,161,338
07/26/2023,SCK,CA,AWP,WE,Towers with Radar,4,8,26,4,42,0,9,64,3,76,4,17,90,7,118,288,12,300,418
07/27/2023,SCK,CA,AWP,WE,Towers with Radar,4,4,19,2,29,0,3,78,3,84,4,7,97,5,113,316,8,324,437
07/28/2023,SCK,CA,AWP,WE,Towers with Radar,8,3,17,0,28,0,6,64,5,75,8,9,81,5,103,162,0,162,265
07/29/2023,SCK,CA,AWP,WE,Towers with Radar,4,5,14,0,23,0,3,60,0,63,4,8,74,0,86,116,0,116,202
07/30/2023,SCK,CA,AWP,WE,Towers with Radar,6,4,15,0,25,0,3,21,1,25,6,7,36,1,50,10,0,10,60
07/31/2023,SCK,CA,AWP,WE,Towers with Radar,5,0,18,4,27,0,21,49,2,72,5,21,67,6,99,230,4,234,333
08/01/2023,SCK,CA,AWP,WE,Towers with Radar,4,2,34,0,40,1,9,80,7,97,5,11,114,7,137,193,7,200,337
08/02/2023,SCK,CA,AWP,WE,Towers with Radar,3,1,46,1,51,0,5,104,2,111,3,6,150,3,162,176,0,176,338
08/03/2023,SCK,CA,AWP,WE,Towers with Radar,4,2,15,7,28,0,1,56,0,57,4,3,71,7,85,182,0,182,267
08/04/2023,SCK,CA,AWP,WE,Towers with Radar,8,3,16,0,27,0,2,69,2,73,8,5,85,2,100,150,2,152,252
08/05/2023,SCK,CA,AWP,WE,Towers with Radar,2,0,11,1,14,0,4,48,6,58,2,4,59,7,72,102,4,106,178
08/06/2023,SCK,CA,AWP,WE,Towers with Radar,6,5,13,0,24,0,1,29,3,33,6,6,42,3,57,8,2,10,67
08/07/2023,SCK,CA,AWP,WE,Towers with Radar,5,0,20,2,27,0,6,59,1,66,5,6,79,3,93,144,0,144,237
08/08/2023,SCK,CA,AWP,WE,Towers with Radar,2,2,24,6,34,0,12,71,0,83,2,14,95,6,117,250,0,250,367
08/09/2023,SCK,CA,AWP,WE,Towers with Radar,4,4,25,0,33,0,4,92,9,105,4,8,117,9,138,254,3,257,395
08/10/2023,SCK,CA,AWP,WE,Towers with Radar,4,3,28,1,36,0,3,93,0,96,4,6,121,1,132,256,0,256,388
08/11/2023,SCK,CA,AWP,WE,Towers with Radar,8,3,23,1,35,0,3,74,2,79,8,6,97,3,114,176,0,176,290
08/12/2023,SCK,CA,AWP,WE,Towers with Radar,3,2,25,0,30,0,2,50,0,52,3,4,75,0,82,130,0,130,212
08/13/2023,SCK,CA,AWP,WE,Towers with Radar,4,6,19,0,29,0,3,22,0,25,4,9,41,0,54,12,0,12,66
08/14/2023,SCK,CA,AWP,WE,Towers with Radar,5,1,22,0,28,0,4,47,2,53,5,5,69,2,81,114,18,132,213
08/15/2023,SCK,CA,AWP,WE,Towers with Radar,2,6,19,4,31,0,2,54,1,57,2,8,73,5,88,122,2,124,212
08/16/2023,SCK,CA,AWP,WE,Towers with Radar,4,10,24,5,43,0,0,57,4,61,4,10,81,9,104,90,34,124,228
08/17/2023,SCK,CA,AWP,WE,Towers with Radar,4,3,31,0,38,0,3,61,0,64,4,6,92,0,102,52,0,52,154
08/18/2023,SCK,CA,AWP,WE,Towers with Radar,6,2,23,0,31,0,5,63,2,70,6,7,86,2,101,96,2,98,199
08/19/2023,SCK,CA,AWP,WE,Towers with Radar,2,2,8,0,12,0,12,39,0,51,2,14,47,0,63,38,0,38,101
08/20/2023,SCK,CA,AWP,WE,Towers with Radar,5,0,25,0,30,0,2,38,0,40,5,2,63,0,70,20,0,20,90
08/21/2023,SCK,CA,AWP,WE,Towers with Radar,5,2,14,2,23,0,7,28,1,36,5,9,42,3,59,42,0,42,101
08/22/2023,SCK,CA,AWP,WE,Towers with Radar,2,2,32,3,39,0,2,64,7,73,2,4,96,10,112,98,12,110,222
08/23/2023,SCK,CA,AWP,WE,Towers with Radar,4,4,27,5,40,0,4,60,3,67,4,8,87,8,107,92,2,94,201
08/24/2023,SCK,CA,AWP,WE,Towers with Radar,4,5,23,4,36,0,4,85,0,89,4,9,108,4,125,110,8,118,243
08/25/2023,SCK,CA,AWP,WE,Towers with Radar,7,7,41,0,55,0,7,75,1,83,7,14,116,1,138,74,0,74,212
08/26/2023,SCK,CA,AWP,WE,Towers with Radar,3,2,16,0,21,0,7,35,0,42,3,9,51,0,63,52,0,52,115
08/27/2023,SCK,CA,AWP,WE,Towers with Radar,6,0,15,0,21,0,2,53,0,55,6,2,68,0,76,48,0,48,124
08/28/2023,SCK,CA,AWP,WE,Towers with Radar,4,4,22,3,33,0,1,57,7,65,4,5,79,10,98,56,2,58,156
08/29/2023,SCK,CA,AWP,WE,Towers with Radar,2,0,26,1,29,0,2,72,6,80,2,2,98,7,109,64,18,82,191
08/30/2023,SCK,CA,AWP,WE,Towers with Radar,4,7,24,7,42,0,8,53,18,79,4,15,77,25,121,82,22,104,225
08/31/2023,SCK,CA,AWP,WE,Towers with Radar,5,4,24,2,35,0,5,61,5,71,5,9,85,7,106,97,0,97,203
