01/01/2000,SDF,KY,ASO,CE,Towers with Radar,85,32,16,3,136,0,12,0,8,20,85,44,16,11,156,0,0,0,156
01/02/2000,SDF,KY,ASO,CE,Towers with Radar,179,49,24,4,256,13,0,0,0,13,192,49,24,4,269,0,0,0,269
01/03/2000,SDF,KY,ASO,CE,Towers with Radar,154,51,34,0,239,7,21,0,0,28,161,72,34,0,267,0,0,0,267
01/04/2000,SDF,KY,ASO,CE,Towers with Radar,324,106,71,8,509,35,5,6,1,47,359,111,77,9,556,0,0,0,556
01/05/2000,SDF,KY,ASO,CE,Towers with Radar,365,110,83,9,567,0,0,12,8,20,365,110,95,17,587,0,0,0,587
01/06/2000,SDF,KY,ASO,CE,Towers with Radar,361,123,83,9,576,0,15,12,8,35,361,138,95,17,611,0,0,0,611
01/07/2000,SDF,KY,ASO,CE,Towers with Radar,340,108,75,8,531,5,0,9,0,14,345,108,84,8,545,0,0,0,545
01/08/2000,SDF,KY,ASO,CE,Towers with Radar,211,59,40,5,315,16,0,0,8,24,227,59,40,13,339,0,0,0,339
01/09/2000,SDF,KY,ASO,CE,Towers with Radar,155,41,30,4,230,0,0,0,8,8,155,41,30,12,238,0,0,0,238
01/10/2000,SDF,KY,ASO,CE,Towers with Radar,204,74,50,6,334,0,13,24,10,47,204,87,74,16,381,0,0,0,381
01/11/2000,SDF,KY,ASO,CE,Towers with Radar,365,121,82,9,577,0,6,44,7,57,365,127,126,16,634,0,0,0,634
01/12/2000,SDF,KY,ASO,CE,Towers with Radar,350,131,93,10,584,0,0,56,12,68,350,131,149,22,652,0,0,0,652
01/13/2000,SDF,KY,ASO,CE,Towers with Radar,362,124,91,10,587,0,0,62,5,67,362,124,153,15,654,0,0,0,654
01/14/2000,SDF,KY,ASO,CE,Towers with Radar,350,111,81,9,551,0,0,1,10,11,350,111,82,19,562,0,0,0,562
01/15/2000,SDF,KY,ASO,CE,Towers with Radar,218,71,41,6,336,16,9,0,8,33,234,80,41,14,369,0,0,0,369
01/16/2000,SDF,KY,ASO,CE,Towers with Radar,163,52,32,4,251,0,0,0,2,2,163,52,32,6,253,0,0,0,253
01/17/2000,SDF,KY,ASO,CE,Towers with Radar,198,63,44,4,309,0,6,1,6,13,198,69,45,10,322,0,0,0,322
01/18/2000,SDF,KY,ASO,CE,Towers with Radar,319,102,71,5,497,47,0,0,0,47,366,102,71,5,544,0,0,0,544
01/19/2000,SDF,KY,ASO,CE,Towers with Radar,343,108,78,8,537,0,0,7,0,7,343,108,85,8,544,0,0,0,544
01/20/2000,SDF,KY,ASO,CE,Towers with Radar,340,109,76,5,530,15,3,23,0,41,355,112,99,5,571,0,0,0,571
01/21/2000,SDF,KY,ASO,CE,Towers with Radar,338,95,75,7,515,11,0,17,2,30,349,95,92,9,545,0,0,0,545
01/22/2000,SDF,KY,ASO,CE,Towers with Radar,185,59,41,2,287,44,5,0,0,49,229,64,41,2,336,0,0,0,336
01/23/2000,SDF,KY,ASO,CE,Towers with Radar,137,44,15,3,199,19,5,0,10,34,156,49,15,13,233,0,0,0,233
01/24/2000,SDF,KY,ASO,CE,Towers with Radar,205,77,53,4,339,0,6,29,0,35,205,83,82,4,374,0,0,0,374
01/25/2000,SDF,KY,ASO,CE,Towers with Radar,335,106,75,7,523,16,0,11,0,27,351,106,86,7,550,0,0,0,550
01/26/2000,SDF,KY,ASO,CE,Towers with Radar,370,103,84,8,565,0,0,29,5,34,370,103,113,13,599,0,0,0,599
01/27/2000,SDF,KY,ASO,CE,Towers with Radar,370,119,79,8,576,1,0,0,19,20,371,119,79,27,596,0,0,0,596
01/28/2000,SDF,KY,ASO,CE,Towers with Radar,338,104,75,7,524,7,0,16,2,25,345,104,91,9,549,0,0,0,549
01/29/2000,SDF,KY,ASO,CE,Towers with Radar,177,57,24,4,262,46,4,0,1,51,223,61,24,5,313,0,0,0,313
01/30/2000,SDF,KY,ASO,CE,Towers with Radar,129,41,23,2,195,22,0,0,9,31,151,41,23,11,226,0,0,0,226
01/31/2000,SDF,KY,ASO,CE,Towers with Radar,207,72,50,5,334,0,24,4,0,28,207,96,54,5,362,0,0,0,362
02/01/2000,SDF,KY,ASO,CE,Towers with Radar,364,111,81,11,567,8,0,26,10,44,372,111,107,21,611,0,0,0,611
02/02/2000,SDF,KY,ASO,CE,Towers with Radar,360,115,80,11,566,3,1,14,10,28,363,116,94,21,594,0,0,0,594
02/03/2000,SDF,KY,ASO,CE,Towers with Radar,356,112,81,11,560,0,0,26,0,26,356,112,107,11,586,0,0,0,586
02/04/2000,SDF,KY,ASO,CE,Towers with Radar,310,99,69,7,485,31,1,6,0,38,341,100,75,7,523,0,0,0,523
02/05/2000,SDF,KY,ASO,CE,Towers with Radar,218,61,47,7,333,20,0,0,16,36,238,61,47,23,369,0,0,0,369
02/06/2000,SDF,KY,ASO,CE,Towers with Radar,160,50,34,5,249,0,0,0,17,17,160,50,34,22,266,0,0,0,266
02/07/2000,SDF,KY,ASO,CE,Towers with Radar,213,70,49,7,339,0,6,3,9,18,213,76,52,16,357,0,0,0,357
02/08/2000,SDF,KY,ASO,CE,Towers with Radar,366,120,81,11,578,0,4,0,14,18,366,124,81,25,596,0,0,0,596
02/09/2000,SDF,KY,ASO,CE,Towers with Radar,357,108,80,10,555,14,0,8,8,30,371,108,88,18,585,0,0,0,585
02/10/2000,SDF,KY,ASO,CE,Towers with Radar,357,114,81,11,563,0,0,25,9,34,357,114,106,20,597,0,0,0,597
02/11/2000,SDF,KY,ASO,CE,Towers with Radar,339,96,74,9,518,7,0,0,0,7,346,96,74,9,525,0,0,0,525
02/12/2000,SDF,KY,ASO,CE,Towers with Radar,203,59,32,6,300,37,0,0,4,41,240,59,32,10,341,0,0,0,341
02/13/2000,SDF,KY,ASO,CE,Towers with Radar,149,48,19,4,220,13,6,0,6,25,162,54,19,10,245,0,0,0,245
02/14/2000,SDF,KY,ASO,CE,Towers with Radar,219,73,51,6,349,0,6,15,4,25,219,79,66,10,374,0,0,0,374
02/15/2000,SDF,KY,ASO,CE,Towers with Radar,371,118,85,10,584,0,0,16,9,25,371,118,101,19,609,0,0,0,609
02/16/2000,SDF,KY,ASO,CE,Towers with Radar,358,115,87,10,570,0,0,54,11,65,358,115,141,21,635,0,0,0,635
02/17/2000,SDF,KY,ASO,CE,Towers with Radar,359,123,88,10,580,0,5,22,1,28,359,128,110,11,608,0,0,0,608
02/18/2000,SDF,KY,ASO,CE,Towers with Radar,275,87,62,4,428,59,0,12,0,71,334,87,74,4,499,0,0,0,499
02/19/2000,SDF,KY,ASO,CE,Towers with Radar,233,73,53,6,365,13,9,0,2,24,246,82,53,8,389,0,0,0,389
02/20/2000,SDF,KY,ASO,CE,Towers with Radar,151,45,41,5,242,0,0,9,2,11,151,45,50,7,253,0,0,0,253
02/21/2000,SDF,KY,ASO,CE,Towers with Radar,210,75,54,4,343,0,26,19,0,45,210,101,73,4,388,0,0,0,388
02/22/2000,SDF,KY,ASO,CE,Towers with Radar,362,113,82,5,562,0,0,16,0,16,362,113,98,5,578,0,0,0,578
02/23/2000,SDF,KY,ASO,CE,Towers with Radar,359,113,81,9,562,4,2,24,3,33,363,115,105,12,595,0,0,0,595
02/24/2000,SDF,KY,ASO,CE,Towers with Radar,357,113,81,9,560,2,0,5,2,9,359,113,86,11,569,0,0,0,569
02/25/2000,SDF,KY,ASO,CE,Towers with Radar,347,109,82,10,548,0,0,15,2,17,347,109,97,12,565,0,0,0,565
02/26/2000,SDF,KY,ASO,CE,Towers with Radar,204,64,32,5,305,34,3,0,2,39,238,67,32,7,344,0,0,0,344
02/27/2000,SDF,KY,ASO,CE,Towers with Radar,157,55,37,4,253,0,0,0,10,10,157,55,37,14,263,0,0,0,263
02/28/2000,SDF,KY,ASO,CE,Towers with Radar,206,79,56,6,347,0,12,26,16,54,206,91,82,22,401,0,0,0,401
02/29/2000,SDF,KY,ASO,CE,Towers with Radar,352,110,79,9,550,8,0,9,5,22,360,110,88,14,572,0,0,0,572
03/01/2000,SDF,KY,ASO,CE,Towers with Radar,342,110,88,9,549,24,8,12,12,56,366,118,100,21,605,0,0,0,605
03/02/2000,SDF,KY,ASO,CE,Towers with Radar,332,104,85,8,529,23,0,1,7,31,355,104,86,15,560,0,0,0,560
03/03/2000,SDF,KY,ASO,CE,Towers with Radar,350,102,89,10,551,2,0,9,8,19,352,102,98,18,570,0,0,0,570
03/04/2000,SDF,KY,ASO,CE,Towers with Radar,218,70,35,6,329,11,3,0,16,30,229,73,35,22,359,0,0,0,359
03/05/2000,SDF,KY,ASO,CE,Towers with Radar,154,50,38,4,246,1,5,0,4,10,155,55,38,8,256,0,0,0,256
03/06/2000,SDF,KY,ASO,CE,Towers with Radar,215,78,62,6,361,0,10,24,11,45,215,88,86,17,406,0,0,0,406
03/07/2000,SDF,KY,ASO,CE,Towers with Radar,372,114,93,9,588,0,0,0,13,13,372,114,93,22,601,0,0,0,601
03/08/2000,SDF,KY,ASO,CE,Towers with Radar,366,118,94,10,588,0,6,35,10,51,366,124,129,20,639,0,0,0,639
03/09/2000,SDF,KY,ASO,CE,Towers with Radar,355,109,91,9,564,10,0,11,2,23,365,109,102,11,587,0,0,0,587
03/10/2000,SDF,KY,ASO,CE,Towers with Radar,322,103,73,7,505,18,4,0,11,33,340,107,73,18,538,0,0,0,538
03/11/2000,SDF,KY,ASO,CE,Towers with Radar,188,61,27,4,280,54,18,0,0,72,242,79,27,4,352,0,0,0,352
03/12/2000,SDF,KY,ASO,CE,Towers with Radar,163,53,44,3,263,0,0,21,5,26,163,53,65,8,289,0,0,0,289
03/13/2000,SDF,KY,ASO,CE,Towers with Radar,219,79,63,5,366,0,13,16,4,33,219,92,79,9,399,0,0,0,399
03/14/2000,SDF,KY,ASO,CE,Towers with Radar,357,115,92,8,572,11,8,4,5,28,368,123,96,13,600,0,0,0,600
03/15/2000,SDF,KY,ASO,CE,Towers with Radar,365,118,95,8,586,0,2,8,5,15,365,120,103,13,601,0,0,0,601
03/16/2000,SDF,KY,ASO,CE,Towers with Radar,342,108,88,7,545,11,2,3,1,17,353,110,91,8,562,0,0,0,562
03/17/2000,SDF,KY,ASO,CE,Towers with Radar,349,102,90,9,550,10,0,11,3,24,359,102,101,12,574,0,0,0,574
03/18/2000,SDF,KY,ASO,CE,Towers with Radar,226,71,39,5,341,4,10,0,4,18,230,81,39,9,359,0,0,0,359
03/19/2000,SDF,KY,ASO,CE,Towers with Radar,137,52,43,4,236,0,4,0,1,5,137,56,43,5,241,0,0,0,241
03/20/2000,SDF,KY,ASO,CE,Towers with Radar,220,84,68,5,377,0,8,31,0,39,220,92,99,5,416,0,0,0,416
03/21/2000,SDF,KY,ASO,CE,Towers with Radar,366,120,99,8,593,0,0,18,5,23,366,120,117,13,616,0,0,0,616
03/22/2000,SDF,KY,ASO,CE,Towers with Radar,373,102,100,9,584,0,0,42,15,57,373,102,142,24,641,0,0,0,641
03/23/2000,SDF,KY,ASO,CE,Towers with Radar,372,118,105,9,604,0,0,80,8,88,372,118,185,17,692,0,0,0,692
03/24/2000,SDF,KY,ASO,CE,Towers with Radar,351,109,101,9,570,0,0,79,13,92,351,109,180,22,662,0,0,0,662
03/25/2000,SDF,KY,ASO,CE,Towers with Radar,232,66,60,5,363,7,0,21,2,30,239,66,81,7,393,0,0,0,393
03/26/2000,SDF,KY,ASO,CE,Towers with Radar,156,53,44,3,256,0,0,3,6,9,156,53,47,9,265,0,0,0,265
03/27/2000,SDF,KY,ASO,CE,Towers with Radar,212,73,59,5,349,0,10,11,2,23,212,83,70,7,372,0,0,0,372
03/28/2000,SDF,KY,ASO,CE,Towers with Radar,344,109,88,8,549,26,0,0,0,26,370,109,88,8,575,0,0,0,575
03/29/2000,SDF,KY,ASO,CE,Towers with Radar,356,109,91,9,565,17,0,7,7,31,373,109,98,16,596,0,0,0,596
03/30/2000,SDF,KY,ASO,CE,Towers with Radar,337,108,80,7,532,33,11,0,1,45,370,119,80,8,577,0,0,0,577
03/31/2000,SDF,KY,ASO,CE,Towers with Radar,353,104,90,9,556,0,0,6,8,14,353,104,96,17,570,0,0,0,570
04/01/2000,SDF,KY,ASO,CE,Towers with Radar,239,63,56,6,364,0,0,0,2,2,239,63,56,8,366,0,0,0,366
04/02/2000,SDF,KY,ASO,CE,Towers with Radar,166,51,41,5,263,0,0,0,4,4,166,51,41,9,267,0,0,0,267
04/03/2000,SDF,KY,ASO,CE,Towers with Radar,204,69,51,5,329,0,17,8,1,26,204,86,59,6,355,0,0,0,355
04/04/2000,SDF,KY,ASO,CE,Towers with Radar,337,104,77,9,527,38,2,10,3,53,375,106,87,12,580,0,0,0,580
04/05/2000,SDF,KY,ASO,CE,Towers with Radar,356,110,81,10,557,6,4,12,12,34,362,114,93,22,591,0,0,0,591
04/06/2000,SDF,KY,ASO,CE,Towers with Radar,358,112,82,9,561,5,8,11,7,31,363,120,93,16,592,0,0,0,592
04/07/2000,SDF,KY,ASO,CE,Towers with Radar,333,109,72,7,521,0,0,10,3,13,333,109,82,10,534,0,0,0,534
04/08/2000,SDF,KY,ASO,CE,Towers with Radar,266,73,39,3,381,0,0,4,3,7,266,73,43,6,388,0,0,0,388
04/09/2000,SDF,KY,ASO,CE,Towers with Radar,167,53,50,7,277,0,0,5,11,16,167,53,55,18,293,0,0,0,293
04/10/2000,SDF,KY,ASO,CE,Towers with Radar,210,85,77,7,379,0,0,24,11,35,210,85,101,18,414,0,0,0,414
04/11/2000,SDF,KY,ASO,CE,Towers with Radar,362,119,75,11,567,0,0,11,3,14,362,119,86,14,581,0,0,0,581
04/12/2000,SDF,KY,ASO,CE,Towers with Radar,363,126,72,11,572,0,0,22,11,33,363,126,94,22,605,0,0,0,605
04/13/2000,SDF,KY,ASO,CE,Towers with Radar,371,109,78,4,562,0,0,13,5,18,371,109,91,9,580,0,0,0,580
04/14/2000,SDF,KY,ASO,CE,Towers with Radar,349,109,87,23,568,0,0,29,7,36,349,109,116,30,604,0,0,0,604
04/15/2000,SDF,KY,ASO,CE,Towers with Radar,242,62,38,15,357,3,0,15,19,37,245,62,53,34,394,0,0,0,394
04/16/2000,SDF,KY,ASO,CE,Towers with Radar,172,53,44,19,288,0,0,9,6,15,172,53,53,25,303,0,0,0,303
04/17/2000,SDF,KY,ASO,CE,Towers with Radar,220,93,66,5,384,0,0,4,3,7,220,93,70,8,391,0,0,0,391
04/18/2000,SDF,KY,ASO,CE,Towers with Radar,364,106,87,11,568,0,0,11,2,13,364,106,98,13,581,0,0,0,581
04/19/2000,SDF,KY,ASO,CE,Towers with Radar,363,120,84,11,578,0,0,12,11,23,363,120,96,22,601,0,0,0,601
04/20/2000,SDF,KY,ASO,CE,Towers with Radar,345,102,80,8,535,0,0,11,4,15,345,102,91,12,550,0,0,0,550
04/21/2000,SDF,KY,ASO,CE,Towers with Radar,350,93,63,4,510,0,0,9,5,14,350,93,72,9,524,0,0,0,524
04/22/2000,SDF,KY,ASO,CE,Towers with Radar,239,64,21,5,329,0,0,13,7,20,239,64,34,12,349,0,0,0,349
04/23/2000,SDF,KY,ASO,CE,Towers with Radar,162,49,20,2,233,0,0,7,7,14,162,49,27,9,247,0,0,0,247
04/24/2000,SDF,KY,ASO,CE,Towers with Radar,204,76,73,2,355,0,0,8,2,10,204,76,81,4,365,0,0,0,365
04/25/2000,SDF,KY,ASO,CE,Towers with Radar,368,112,104,8,592,0,0,22,15,37,368,112,126,23,629,0,0,0,629
04/26/2000,SDF,KY,ASO,CE,Towers with Radar,363,114,95,9,581,0,0,28,14,42,363,114,123,23,623,0,0,0,623
04/27/2000,SDF,KY,ASO,CE,Towers with Radar,360,99,80,7,546,0,1,28,13,42,360,100,108,20,588,0,0,0,588
04/28/2000,SDF,KY,ASO,CE,Towers with Radar,361,95,106,2,564,0,0,40,9,49,361,95,146,11,613,0,0,0,613
04/29/2000,SDF,KY,ASO,CE,Towers with Radar,247,70,53,8,378,0,0,33,8,41,247,70,86,16,419,0,0,0,419
04/30/2000,SDF,KY,ASO,CE,Towers with Radar,165,50,48,1,264,0,0,5,9,14,165,50,53,10,278,0,0,0,278
05/01/2000,SDF,KY,ASO,CE,Towers with Radar,208,74,71,5,358,0,8,5,6,19,208,82,76,11,377,0,0,0,377
05/02/2000,SDF,KY,ASO,CE,Towers with Radar,363,113,84,6,566,1,0,15,6,22,364,113,99,12,588,0,0,0,588
05/03/2000,SDF,KY,ASO,CE,Towers with Radar,372,138,128,8,646,1,0,24,21,46,373,138,152,29,692,0,0,0,692
05/04/2000,SDF,KY,ASO,CE,Towers with Radar,369,142,242,11,764,1,0,13,4,18,370,142,255,15,782,0,0,0,782
05/05/2000,SDF,KY,ASO,CE,Towers with Radar,351,124,192,9,676,1,0,46,6,53,352,124,238,15,729,0,0,0,729
05/06/2000,SDF,KY,ASO,CE,Towers with Radar,251,94,200,9,554,1,0,45,13,59,252,94,245,22,613,0,0,0,613
05/07/2000,SDF,KY,ASO,CE,Towers with Radar,191,82,255,3,531,1,0,11,2,14,192,82,266,5,545,0,0,0,545
05/08/2000,SDF,KY,ASO,CE,Towers with Radar,213,88,47,7,355,0,0,26,7,33,213,88,73,14,388,0,0,0,388
05/09/2000,SDF,KY,ASO,CE,Towers with Radar,366,124,85,15,590,0,0,15,7,22,366,124,100,22,612,0,0,0,612
05/10/2000,SDF,KY,ASO,CE,Towers with Radar,382,119,98,10,609,0,0,17,5,22,382,119,115,15,631,0,0,0,631
05/11/2000,SDF,KY,ASO,CE,Towers with Radar,378,114,88,20,600,0,0,22,9,31,378,114,110,29,631,0,0,0,631
05/12/2000,SDF,KY,ASO,CE,Towers with Radar,351,113,92,12,568,1,0,17,3,21,352,113,109,15,589,0,0,0,589
05/13/2000,SDF,KY,ASO,CE,Towers with Radar,256,87,39,5,387,0,0,7,6,13,256,87,46,11,400,0,0,0,400
05/14/2000,SDF,KY,ASO,CE,Towers with Radar,274,48,43,11,376,0,0,10,0,10,274,48,53,11,386,0,0,0,386
05/15/2000,SDF,KY,ASO,CE,Towers with Radar,214,101,74,2,391,0,8,18,5,31,214,109,92,7,422,0,0,0,422
05/16/2000,SDF,KY,ASO,CE,Towers with Radar,373,125,92,7,597,0,0,17,6,23,373,125,109,13,620,0,0,0,620
05/17/2000,SDF,KY,ASO,CE,Towers with Radar,367,130,128,13,638,0,0,13,9,22,367,130,141,22,660,0,0,0,660
05/18/2000,SDF,KY,ASO,CE,Towers with Radar,344,117,108,5,574,0,0,14,11,25,344,117,122,16,599,0,0,0,599
05/19/2000,SDF,KY,ASO,CE,Towers with Radar,364,123,117,12,616,0,1,8,2,11,364,124,125,14,627,0,0,0,627
05/20/2000,SDF,KY,ASO,CE,Towers with Radar,251,69,33,12,365,0,0,5,5,10,251,69,38,17,375,0,0,0,375
05/21/2000,SDF,KY,ASO,CE,Towers with Radar,173,53,45,10,281,0,0,16,3,19,173,53,61,13,300,0,0,0,300
05/22/2000,SDF,KY,ASO,CE,Towers with Radar,226,101,90,4,421,0,0,12,6,18,226,101,102,10,439,0,0,0,439
05/23/2000,SDF,KY,ASO,CE,Towers with Radar,373,113,104,3,593,0,1,7,5,13,373,114,111,8,606,0,0,0,606
05/24/2000,SDF,KY,ASO,CE,Towers with Radar,366,120,105,11,602,0,0,17,7,24,366,120,122,18,626,0,0,0,626
05/25/2000,SDF,KY,ASO,CE,Towers with Radar,383,127,95,8,613,0,3,15,11,29,383,130,110,19,642,0,0,0,642
05/26/2000,SDF,KY,ASO,CE,Towers with Radar,359,116,73,9,557,0,0,9,1,10,359,116,82,10,567,0,0,0,567
05/27/2000,SDF,KY,ASO,CE,Towers with Radar,258,62,30,3,353,0,0,2,0,2,258,62,32,3,355,0,0,0,355
05/28/2000,SDF,KY,ASO,CE,Towers with Radar,148,36,24,1,209,0,0,0,2,2,148,36,24,3,211,0,0,0,211
05/29/2000,SDF,KY,ASO,CE,Towers with Radar,166,54,45,0,265,0,0,4,1,5,166,54,49,1,270,0,0,0,270
05/30/2000,SDF,KY,ASO,CE,Towers with Radar,245,103,86,0,434,0,0,10,3,13,245,103,96,3,447,0,0,0,447
05/31/2000,SDF,KY,ASO,CE,Towers with Radar,385,124,129,9,647,0,0,11,5,16,385,124,140,14,663,0,0,0,663
06/01/2000,SDF,KY,ASO,CE,Towers with Radar,377,113,109,5,604,1,0,11,1,13,378,113,120,6,617,0,0,0,617
06/02/2000,SDF,KY,ASO,CE,Towers with Radar,345,104,77,12,538,1,0,9,1,11,346,104,86,13,549,0,0,0,549
06/03/2000,SDF,KY,ASO,CE,Towers with Radar,255,83,48,3,389,1,0,9,0,10,256,83,57,3,399,0,0,0,399
06/04/2000,SDF,KY,ASO,CE,Towers with Radar,170,59,47,10,286,1,0,9,3,13,171,59,56,13,299,0,0,0,299
06/05/2000,SDF,KY,ASO,CE,Towers with Radar,213,104,81,8,406,1,0,8,3,12,214,104,89,11,418,0,0,0,418
06/06/2000,SDF,KY,ASO,CE,Towers with Radar,381,109,91,12,593,1,0,10,5,16,382,109,101,17,609,0,0,0,609
06/07/2000,SDF,KY,ASO,CE,Towers with Radar,375,136,86,14,611,1,1,18,4,24,376,137,104,18,635,0,0,0,635
06/08/2000,SDF,KY,ASO,CE,Towers with Radar,374,118,108,11,611,1,0,16,6,23,375,118,124,17,634,0,0,0,634
06/09/2000,SDF,KY,ASO,CE,Towers with Radar,341,114,88,14,557,1,1,11,0,13,342,115,99,14,570,0,0,0,570
06/10/2000,SDF,KY,ASO,CE,Towers with Radar,244,96,58,15,413,1,0,12,2,15,245,96,70,17,428,0,0,0,428
06/11/2000,SDF,KY,ASO,CE,Towers with Radar,164,60,49,9,282,1,0,8,1,10,165,60,57,10,292,0,0,0,292
06/12/2000,SDF,KY,ASO,CE,Towers with Radar,226,89,65,8,388,0,0,23,4,27,226,89,88,12,415,0,0,0,415
06/13/2000,SDF,KY,ASO,CE,Towers with Radar,367,127,94,7,595,1,0,8,3,12,368,127,102,10,607,0,0,0,607
06/14/2000,SDF,KY,ASO,CE,Towers with Radar,357,139,106,9,611,1,0,8,2,11,358,139,114,11,622,0,0,0,622
06/15/2000,SDF,KY,ASO,CE,Towers with Radar,367,144,141,6,658,1,1,5,5,12,368,145,146,11,670,0,0,0,670
06/16/2000,SDF,KY,ASO,CE,Towers with Radar,343,120,97,13,573,1,0,7,0,8,344,120,104,13,581,0,0,0,581
06/17/2000,SDF,KY,ASO,CE,Towers with Radar,254,85,55,3,397,1,0,2,0,3,255,85,57,3,400,0,0,0,400
06/18/2000,SDF,KY,ASO,CE,Towers with Radar,170,56,45,7,278,1,0,0,0,1,171,56,45,7,279,0,0,0,279
06/19/2000,SDF,KY,ASO,CE,Towers with Radar,207,113,102,5,427,1,0,3,0,4,208,113,105,5,431,0,0,0,431
06/20/2000,SDF,KY,ASO,CE,Towers with Radar,367,137,79,9,592,1,0,7,4,12,368,137,86,13,604,0,0,0,604
06/21/2000,SDF,KY,ASO,CE,Towers with Radar,360,135,91,9,595,1,0,4,2,7,361,135,95,11,602,0,0,0,602
06/22/2000,SDF,KY,ASO,CE,Towers with Radar,373,149,84,5,611,1,0,16,6,23,374,149,100,11,634,0,0,0,634
06/23/2000,SDF,KY,ASO,CE,Towers with Radar,358,142,77,20,597,0,1,13,0,14,358,143,90,20,611,0,0,0,611
06/24/2000,SDF,KY,ASO,CE,Towers with Radar,248,94,42,8,392,0,1,2,1,4,248,95,44,9,396,0,0,0,396
06/25/2000,SDF,KY,ASO,CE,Towers with Radar,172,58,33,6,269,0,1,10,0,11,172,59,43,6,280,0,0,0,280
06/26/2000,SDF,KY,ASO,CE,Towers with Radar,219,113,85,3,420,0,1,5,1,7,219,114,90,4,427,0,0,0,427
06/27/2000,SDF,KY,ASO,CE,Towers with Radar,366,151,101,8,626,0,1,4,0,5,366,152,105,8,631,0,0,0,631
06/28/2000,SDF,KY,ASO,CE,Towers with Radar,373,159,87,10,629,0,1,4,3,8,373,160,91,13,637,0,0,0,637
06/29/2000,SDF,KY,ASO,CE,Towers with Radar,379,129,88,7,603,0,1,13,0,14,379,130,101,7,617,0,0,0,617
06/30/2000,SDF,KY,ASO,CE,Towers with Radar,367,133,99,11,610,0,0,15,14,29,367,133,114,25,639,0,0,0,639
07/01/2000,SDF,KY,ASO,CE,Towers with Radar,249,91,52,1,393,0,1,17,1,19,249,92,69,2,412,0,0,0,412
07/02/2000,SDF,KY,ASO,CE,Towers with Radar,151,61,23,2,237,6,3,0,0,9,157,64,23,2,246,0,0,0,246
07/03/2000,SDF,KY,ASO,CE,Towers with Radar,190,84,33,2,309,0,1,8,0,9,190,85,41,2,318,0,0,0,318
07/04/2000,SDF,KY,ASO,CE,Towers with Radar,211,100,26,1,338,0,3,5,0,8,211,103,31,1,346,0,0,0,346
07/05/2000,SDF,KY,ASO,CE,Towers with Radar,271,97,57,6,431,34,0,4,4,42,305,97,61,10,473,0,0,0,473
07/06/2000,SDF,KY,ASO,CE,Towers with Radar,372,131,62,7,572,0,1,8,7,16,372,132,70,14,588,0,0,0,588
07/07/2000,SDF,KY,ASO,CE,Towers with Radar,356,133,64,8,561,0,1,16,1,18,356,134,80,9,579,0,0,0,579
07/08/2000,SDF,KY,ASO,CE,Towers with Radar,247,94,24,11,376,0,1,8,0,9,247,95,32,11,385,0,0,0,385
07/09/2000,SDF,KY,ASO,CE,Towers with Radar,169,61,46,11,287,0,1,7,1,9,169,62,53,12,296,0,0,0,296
07/10/2000,SDF,KY,ASO,CE,Towers with Radar,218,99,62,4,383,0,1,8,1,10,218,100,70,5,393,0,0,0,393
07/11/2000,SDF,KY,ASO,CE,Towers with Radar,371,129,57,4,561,0,1,2,4,7,371,130,59,8,568,0,0,0,568
07/12/2000,SDF,KY,ASO,CE,Towers with Radar,361,138,59,12,570,0,1,3,1,5,361,139,62,13,575,0,0,0,575
07/13/2000,SDF,KY,ASO,CE,Towers with Radar,365,139,73,8,585,4,0,0,6,10,369,139,73,14,595,0,0,0,595
07/14/2000,SDF,KY,ASO,CE,Towers with Radar,344,123,67,6,540,0,1,8,4,13,344,124,75,10,553,0,0,0,553
07/15/2000,SDF,KY,ASO,CE,Towers with Radar,254,91,29,8,382,0,1,8,3,12,254,92,37,11,394,0,0,0,394
07/16/2000,SDF,KY,ASO,CE,Towers with Radar,168,60,35,7,270,0,1,18,4,23,168,61,53,11,293,0,0,0,293
07/17/2000,SDF,KY,ASO,CE,Towers with Radar,221,109,66,7,403,0,1,11,1,13,221,110,77,8,416,0,0,0,416
07/18/2000,SDF,KY,ASO,CE,Towers with Radar,370,149,74,6,599,0,1,7,6,14,370,150,81,12,613,0,0,0,613
07/19/2000,SDF,KY,ASO,CE,Towers with Radar,360,142,87,9,598,0,1,5,2,8,360,143,92,11,606,0,0,0,606
07/20/2000,SDF,KY,ASO,CE,Towers with Radar,368,148,91,13,620,0,1,11,2,14,368,149,102,15,634,0,0,0,634
07/21/2000,SDF,KY,ASO,CE,Towers with Radar,346,138,67,6,557,0,2,8,2,12,346,140,75,8,569,0,0,0,569
07/22/2000,SDF,KY,ASO,CE,Towers with Radar,246,99,64,8,417,0,1,12,2,15,246,100,76,10,432,0,0,0,432
07/23/2000,SDF,KY,ASO,CE,Towers with Radar,163,70,54,7,294,0,2,11,1,14,163,72,65,8,308,0,0,0,308
07/24/2000,SDF,KY,ASO,CE,Towers with Radar,210,151,75,3,439,0,3,23,3,29,210,154,98,6,468,0,0,0,468
07/25/2000,SDF,KY,ASO,CE,Towers with Radar,363,160,84,6,613,0,0,17,7,24,363,160,101,13,637,0,0,0,637
07/26/2000,SDF,KY,ASO,CE,Towers with Radar,356,165,111,10,642,0,0,11,3,14,356,165,122,13,656,0,0,0,656
07/27/2000,SDF,KY,ASO,CE,Towers with Radar,372,152,78,7,609,0,1,16,5,22,372,153,94,12,631,0,0,0,631
07/28/2000,SDF,KY,ASO,CE,Towers with Radar,331,146,86,7,570,0,0,7,0,7,331,146,93,7,577,0,0,0,577
07/29/2000,SDF,KY,ASO,CE,Towers with Radar,263,106,31,8,408,0,0,1,2,3,263,106,32,10,411,0,0,0,411
07/30/2000,SDF,KY,ASO,CE,Towers with Radar,169,70,48,4,291,0,0,7,0,7,169,70,55,4,298,0,0,0,298
07/31/2000,SDF,KY,ASO,CE,Towers with Radar,208,120,68,5,401,0,0,4,0,4,208,120,72,5,405,0,0,0,405
08/01/2000,SDF,KY,ASO,CE,Towers with Radar,371,176,97,9,653,0,0,7,2,9,371,176,104,11,662,0,0,0,662
08/02/2000,SDF,KY,ASO,CE,Towers with Radar,364,162,96,16,638,0,1,5,3,9,364,163,101,19,647,0,0,0,647
08/03/2000,SDF,KY,ASO,CE,Towers with Radar,358,152,88,2,600,14,0,0,0,14,372,152,88,2,614,0,0,0,614
08/04/2000,SDF,KY,ASO,CE,Towers with Radar,355,149,68,11,583,0,0,10,0,10,355,149,78,11,593,0,0,0,593
08/05/2000,SDF,KY,ASO,CE,Towers with Radar,250,108,37,0,395,0,0,11,0,11,250,108,48,0,406,0,0,0,406
08/06/2000,SDF,KY,ASO,CE,Towers with Radar,166,78,24,7,275,0,0,4,1,5,166,78,28,8,280,0,0,0,280
08/07/2000,SDF,KY,ASO,CE,Towers with Radar,227,121,56,9,413,0,2,9,1,12,227,123,65,10,425,0,0,0,425
08/08/2000,SDF,KY,ASO,CE,Towers with Radar,356,139,47,7,549,0,2,6,2,10,356,141,53,9,559,0,0,0,559
08/09/2000,SDF,KY,ASO,CE,Towers with Radar,359,160,83,10,612,0,24,0,1,25,359,184,83,11,637,0,0,0,637
08/10/2000,SDF,KY,ASO,CE,Towers with Radar,399,160,73,7,639,0,0,12,3,15,399,160,85,10,654,0,0,0,654
08/11/2000,SDF,KY,ASO,CE,Towers with Radar,339,152,68,9,568,0,0,7,0,7,339,152,75,9,575,0,0,0,575
08/12/2000,SDF,KY,ASO,CE,Towers with Radar,267,92,43,13,415,0,0,18,0,18,267,92,61,13,433,0,0,0,433
08/13/2000,SDF,KY,ASO,CE,Towers with Radar,171,73,31,19,294,0,0,6,0,6,171,73,37,19,300,0,0,0,300
08/14/2000,SDF,KY,ASO,CE,Towers with Radar,213,142,94,7,456,0,4,14,9,27,213,146,108,16,483,0,0,0,483
08/15/2000,SDF,KY,ASO,CE,Towers with Radar,374,151,100,5,630,0,0,10,7,17,374,151,110,12,647,0,0,0,647
08/16/2000,SDF,KY,ASO,CE,Towers with Radar,366,152,96,5,619,0,0,8,6,14,366,152,104,11,633,0,0,0,633
08/17/2000,SDF,KY,ASO,CE,Towers with Radar,371,169,105,10,655,0,0,6,7,13,371,169,111,17,668,0,0,0,668
08/18/2000,SDF,KY,ASO,CE,Towers with Radar,365,166,123,9,663,0,0,10,2,12,365,166,133,11,675,0,0,0,675
08/19/2000,SDF,KY,ASO,CE,Towers with Radar,246,121,57,1,425,0,3,16,1,20,246,124,73,2,445,0,0,0,445
08/20/2000,SDF,KY,ASO,CE,Towers with Radar,166,90,56,4,316,0,0,44,10,54,166,90,100,14,370,0,0,0,370
08/21/2000,SDF,KY,ASO,CE,Towers with Radar,215,132,74,2,423,0,0,6,2,8,215,132,80,4,431,0,0,0,431
08/22/2000,SDF,KY,ASO,CE,Towers with Radar,362,168,92,7,629,0,0,6,7,13,362,168,98,14,642,0,0,0,642
08/23/2000,SDF,KY,ASO,CE,Towers with Radar,357,152,96,12,617,0,0,5,3,8,357,152,101,15,625,0,0,0,625
08/24/2000,SDF,KY,ASO,CE,Towers with Radar,375,153,92,9,629,0,1,5,4,10,375,154,97,13,639,0,0,0,639
08/25/2000,SDF,KY,ASO,CE,Towers with Radar,359,173,93,10,635,0,0,9,1,10,359,173,102,11,645,0,0,0,645
08/26/2000,SDF,KY,ASO,CE,Towers with Radar,207,92,44,3,346,36,7,0,0,43,243,99,44,3,389,0,0,0,389
08/27/2000,SDF,KY,ASO,CE,Towers with Radar,171,68,45,2,286,0,0,13,4,17,171,68,58,6,303,0,0,0,303
08/28/2000,SDF,KY,ASO,CE,Towers with Radar,218,114,100,12,444,0,0,14,2,16,218,114,114,14,460,0,0,0,460
08/29/2000,SDF,KY,ASO,CE,Towers with Radar,350,148,79,5,582,22,0,0,0,22,372,148,79,5,604,0,0,0,604
08/30/2000,SDF,KY,ASO,CE,Towers with Radar,367,142,100,9,618,0,0,12,8,20,367,142,112,17,638,0,0,0,638
08/31/2000,SDF,KY,ASO,CE,Towers with Radar,378,142,102,12,634,0,0,9,4,13,378,142,111,16,647,0,0,0,647
09/01/2000,SDF,KY,ASO,CE,Towers with Radar,349,142,73,17,581,0,2,11,2,15,349,144,84,19,596,0,0,0,596
09/02/2000,SDF,KY,ASO,CE,Towers with Radar,235,81,20,0,336,0,2,18,4,24,235,83,38,4,360,0,0,0,360
09/03/2000,SDF,KY,ASO,CE,Towers with Radar,126,50,28,4,208,0,0,21,1,22,126,50,49,5,230,0,0,0,230
09/04/2000,SDF,KY,ASO,CE,Towers with Radar,151,81,24,6,262,0,2,9,1,12,151,83,33,7,274,0,0,0,274
09/05/2000,SDF,KY,ASO,CE,Towers with Radar,252,137,67,5,461,0,1,11,2,14,252,138,78,7,475,0,0,0,475
09/06/2000,SDF,KY,ASO,CE,Towers with Radar,371,142,79,9,601,0,1,4,5,10,371,143,83,14,611,0,0,0,611
09/07/2000,SDF,KY,ASO,CE,Towers with Radar,385,152,84,12,633,0,1,5,7,13,385,153,89,19,646,0,0,0,646
09/08/2000,SDF,KY,ASO,CE,Towers with Radar,355,165,70,16,606,0,1,5,1,7,355,166,75,17,613,0,0,0,613
09/09/2000,SDF,KY,ASO,CE,Towers with Radar,245,96,33,6,380,0,1,8,0,9,245,97,41,6,389,0,0,0,389
09/10/2000,SDF,KY,ASO,CE,Towers with Radar,164,71,35,11,281,0,1,1,1,3,164,72,36,12,284,0,0,0,284
09/11/2000,SDF,KY,ASO,CE,Towers with Radar,200,123,75,8,406,0,1,0,0,1,200,124,75,8,407,0,0,0,407
09/12/2000,SDF,KY,ASO,CE,Towers with Radar,365,147,89,10,611,0,1,0,5,6,365,148,89,15,617,0,0,0,617
09/13/2000,SDF,KY,ASO,CE,Towers with Radar,371,151,72,12,606,19,0,0,11,30,390,151,72,23,636,0,0,0,636
09/14/2000,SDF,KY,ASO,CE,Towers with Radar,365,139,79,12,595,0,0,7,6,13,365,139,86,18,608,0,0,0,608
09/15/2000,SDF,KY,ASO,CE,Towers with Radar,362,146,64,13,585,0,1,5,2,8,362,147,69,15,593,0,0,0,593
09/16/2000,SDF,KY,ASO,CE,Towers with Radar,249,95,32,4,380,0,6,19,2,27,249,101,51,6,407,0,0,0,407
09/17/2000,SDF,KY,ASO,CE,Towers with Radar,163,72,24,13,272,0,1,18,4,23,163,73,42,17,295,0,0,0,295
09/18/2000,SDF,KY,ASO,CE,Towers with Radar,216,104,81,15,416,0,1,9,4,14,216,105,90,19,430,0,0,0,430
09/19/2000,SDF,KY,ASO,CE,Towers with Radar,371,146,69,4,590,0,1,5,6,12,371,147,74,10,602,0,0,0,602
09/20/2000,SDF,KY,ASO,CE,Towers with Radar,366,154,84,12,616,0,2,1,1,4,366,156,85,13,620,0,0,0,620
09/21/2000,SDF,KY,ASO,CE,Towers with Radar,393,154,89,14,650,0,1,3,2,6,393,155,92,16,656,0,0,0,656
09/22/2000,SDF,KY,ASO,CE,Towers with Radar,356,140,87,31,614,0,2,5,1,8,356,142,92,32,622,0,0,0,622
09/23/2000,SDF,KY,ASO,CE,Towers with Radar,261,103,40,5,409,0,1,2,2,5,261,104,42,7,414,0,0,0,414
09/24/2000,SDF,KY,ASO,CE,Towers with Radar,170,66,54,11,301,0,1,3,0,4,170,67,57,11,305,0,0,0,305
09/25/2000,SDF,KY,ASO,CE,Towers with Radar,210,117,62,8,397,0,1,0,1,2,210,118,62,9,399,0,0,0,399
09/26/2000,SDF,KY,ASO,CE,Towers with Radar,390,140,66,6,602,0,1,13,0,14,390,141,79,6,616,0,0,0,616
09/27/2000,SDF,KY,ASO,CE,Towers with Radar,372,150,78,13,613,4,0,12,6,22,376,150,90,19,635,0,0,0,635
09/28/2000,SDF,KY,ASO,CE,Towers with Radar,395,131,84,8,618,0,2,4,0,6,395,133,88,8,624,0,0,0,624
09/29/2000,SDF,KY,ASO,CE,Towers with Radar,344,134,73,9,560,19,0,27,0,46,363,134,100,9,606,0,0,0,606
09/30/2000,SDF,KY,ASO,CE,Towers with Radar,263,97,37,0,397,0,1,9,0,10,263,98,46,0,407,0,0,0,407
10/01/2000,SDF,KY,ASO,CE,Towers with Radar,171,80,49,3,303,1,0,7,0,8,172,80,56,3,311,0,0,0,311
10/02/2000,SDF,KY,ASO,CE,Towers with Radar,217,110,84,9,420,1,1,4,1,7,218,111,88,10,427,0,0,0,427
10/03/2000,SDF,KY,ASO,CE,Towers with Radar,372,159,91,3,625,1,0,6,5,12,373,159,97,8,637,0,0,0,637
10/04/2000,SDF,KY,ASO,CE,Towers with Radar,367,139,99,5,610,1,0,0,3,4,368,139,99,8,614,0,0,0,614
10/05/2000,SDF,KY,ASO,CE,Towers with Radar,365,143,95,7,610,0,0,22,0,22,365,143,117,7,632,0,0,0,632
10/06/2000,SDF,KY,ASO,CE,Towers with Radar,366,135,77,14,592,1,1,0,0,2,367,136,77,14,594,0,0,0,594
10/07/2000,SDF,KY,ASO,CE,Towers with Radar,260,99,34,6,399,1,2,3,1,7,261,101,37,7,406,0,0,0,406
10/08/2000,SDF,KY,ASO,CE,Towers with Radar,164,68,41,14,287,1,0,1,7,9,165,68,42,21,296,0,0,0,296
10/09/2000,SDF,KY,ASO,CE,Towers with Radar,213,92,56,5,366,1,0,2,2,5,214,92,58,7,371,0,0,0,371
10/10/2000,SDF,KY,ASO,CE,Towers with Radar,383,149,80,8,620,0,1,15,2,18,383,150,95,10,638,0,0,0,638
10/11/2000,SDF,KY,ASO,CE,Towers with Radar,365,135,96,5,601,0,1,15,5,21,365,136,111,10,622,0,0,0,622
10/12/2000,SDF,KY,ASO,CE,Towers with Radar,364,142,78,8,592,0,1,13,4,18,364,143,91,12,610,0,0,0,610
10/13/2000,SDF,KY,ASO,CE,Towers with Radar,352,126,87,7,572,0,1,15,0,16,352,127,102,7,588,0,0,0,588
10/14/2000,SDF,KY,ASO,CE,Towers with Radar,229,91,49,4,373,24,7,0,0,31,253,98,49,4,404,0,0,0,404
10/15/2000,SDF,KY,ASO,CE,Towers with Radar,164,65,50,5,284,0,0,20,2,22,164,65,70,7,306,0,0,0,306
10/16/2000,SDF,KY,ASO,CE,Towers with Radar,214,109,98,6,427,0,2,0,0,2,214,111,98,6,429,0,0,0,429
10/17/2000,SDF,KY,ASO,CE,Towers with Radar,376,141,79,5,601,0,1,1,0,2,376,142,80,5,603,0,0,0,603
10/18/2000,SDF,KY,ASO,CE,Towers with Radar,375,141,102,16,634,0,1,11,1,13,375,142,113,17,647,0,0,0,647
10/19/2000,SDF,KY,ASO,CE,Towers with Radar,374,140,103,8,625,0,0,23,4,27,374,140,126,12,652,0,0,0,652
10/20/2000,SDF,KY,ASO,CE,Towers with Radar,357,138,83,4,582,0,2,9,2,13,357,140,92,6,595,0,0,0,595
10/21/2000,SDF,KY,ASO,CE,Towers with Radar,259,90,31,11,391,0,0,2,3,5,259,90,33,14,396,0,0,0,396
10/22/2000,SDF,KY,ASO,CE,Towers with Radar,162,75,57,10,304,0,1,2,2,5,162,76,59,12,309,0,0,0,309
10/23/2000,SDF,KY,ASO,CE,Towers with Radar,220,118,76,12,426,0,0,4,5,9,220,118,80,17,435,0,0,0,435
10/24/2000,SDF,KY,ASO,CE,Towers with Radar,383,128,80,9,600,0,0,8,6,14,383,128,88,15,614,0,0,0,614
10/25/2000,SDF,KY,ASO,CE,Towers with Radar,396,170,104,13,683,0,0,13,2,15,396,170,117,15,698,0,0,0,698
10/26/2000,SDF,KY,ASO,CE,Towers with Radar,385,142,98,8,633,0,0,28,0,28,385,142,126,8,661,0,0,0,661
10/27/2000,SDF,KY,ASO,CE,Towers with Radar,375,151,96,9,631,0,7,14,5,26,375,158,110,14,657,0,0,0,657
10/28/2000,SDF,KY,ASO,CE,Towers with Radar,273,96,61,6,436,28,0,0,4,32,301,96,61,10,468,0,0,0,468
10/29/2000,SDF,KY,ASO,CE,Towers with Radar,177,67,50,4,298,0,0,4,0,4,177,67,54,4,302,0,0,0,302
10/30/2000,SDF,KY,ASO,CE,Towers with Radar,238,104,66,6,414,0,23,27,6,56,238,127,93,12,470,0,0,0,470
10/31/2000,SDF,KY,ASO,CE,Towers with Radar,377,149,63,4,593,0,2,8,2,12,377,151,71,6,605,0,0,0,605
11/01/2000,SDF,KY,ASO,CE,Towers with Radar,385,169,100,16,670,0,1,5,5,11,385,170,105,21,681,0,0,0,681
11/02/2000,SDF,KY,ASO,CE,Towers with Radar,376,154,105,14,649,0,3,1,3,7,376,157,106,17,656,0,0,0,656
11/03/2000,SDF,KY,ASO,CE,Towers with Radar,358,149,116,16,639,0,1,4,4,9,358,150,120,20,648,0,0,0,648
11/04/2000,SDF,KY,ASO,CE,Towers with Radar,257,128,112,9,506,0,2,28,3,33,257,130,140,12,539,0,0,0,539
11/05/2000,SDF,KY,ASO,CE,Towers with Radar,170,69,74,7,320,0,1,13,0,14,170,70,87,7,334,0,0,0,334
11/06/2000,SDF,KY,ASO,CE,Towers with Radar,225,106,64,2,397,0,1,0,0,1,225,107,64,2,398,0,0,0,398
11/07/2000,SDF,KY,ASO,CE,Towers with Radar,389,132,50,7,578,0,1,1,5,7,389,133,51,12,585,0,0,0,585
11/08/2000,SDF,KY,ASO,CE,Towers with Radar,372,158,94,12,636,0,0,5,7,12,372,158,99,19,648,0,0,0,648
11/09/2000,SDF,KY,ASO,CE,Towers with Radar,386,127,85,11,609,0,0,10,2,12,386,127,95,13,621,0,0,0,621
11/10/2000,SDF,KY,ASO,CE,Towers with Radar,356,125,57,5,543,0,0,4,2,6,356,125,61,7,549,0,0,0,549
11/11/2000,SDF,KY,ASO,CE,Towers with Radar,267,89,28,4,388,0,1,8,0,9,267,90,36,4,397,0,0,0,397
11/12/2000,SDF,KY,ASO,CE,Towers with Radar,164,65,40,2,271,0,0,2,1,3,164,65,42,3,274,0,0,0,274
11/13/2000,SDF,KY,ASO,CE,Towers with Radar,210,116,61,5,392,0,0,2,0,2,210,116,63,5,394,0,0,0,394
11/14/2000,SDF,KY,ASO,CE,Towers with Radar,371,144,82,7,604,0,1,3,2,6,371,145,85,9,610,0,0,0,610
11/15/2000,SDF,KY,ASO,CE,Towers with Radar,384,141,93,14,632,0,1,7,4,12,384,142,100,18,644,0,0,0,644
11/16/2000,SDF,KY,ASO,CE,Towers with Radar,365,142,81,9,597,5,9,0,4,18,370,151,81,13,615,0,0,0,615
11/17/2000,SDF,KY,ASO,CE,Towers with Radar,355,127,56,14,552,0,0,8,2,10,355,127,64,16,562,0,0,0,562
11/18/2000,SDF,KY,ASO,CE,Towers with Radar,247,95,33,8,383,0,1,8,1,10,247,96,41,9,393,0,0,0,393
11/19/2000,SDF,KY,ASO,CE,Towers with Radar,183,61,27,15,286,0,0,9,1,10,183,61,36,16,296,0,0,0,296
11/20/2000,SDF,KY,ASO,CE,Towers with Radar,211,108,66,9,394,0,0,7,1,8,211,108,73,10,402,0,0,0,402
11/21/2000,SDF,KY,ASO,CE,Towers with Radar,412,128,60,5,605,0,0,5,2,7,412,128,65,7,612,0,0,0,612
11/22/2000,SDF,KY,ASO,CE,Towers with Radar,377,132,91,9,609,22,0,5,2,29,399,132,96,11,638,0,0,0,638
11/23/2000,SDF,KY,ASO,CE,Towers with Radar,203,83,16,1,303,0,0,3,0,3,203,83,19,1,306,0,0,0,306
11/24/2000,SDF,KY,ASO,CE,Towers with Radar,247,66,34,1,348,0,0,8,0,8,247,66,42,1,356,0,0,0,356
11/25/2000,SDF,KY,ASO,CE,Towers with Radar,229,71,42,1,343,0,0,3,0,3,229,71,45,1,346,0,0,0,346
11/26/2000,SDF,KY,ASO,CE,Towers with Radar,181,70,48,3,302,0,0,3,0,3,181,70,51,3,305,0,0,0,305
11/27/2000,SDF,KY,ASO,CE,Towers with Radar,210,128,103,9,450,0,0,4,1,5,210,128,107,10,455,0,0,0,455
11/28/2000,SDF,KY,ASO,CE,Towers with Radar,410,139,115,10,674,0,0,11,5,16,410,139,126,15,690,0,0,0,690
11/29/2000,SDF,KY,ASO,CE,Towers with Radar,392,158,148,4,702,0,0,3,4,7,392,158,151,8,709,0,0,0,709
11/30/2000,SDF,KY,ASO,CE,Towers with Radar,395,162,128,10,695,3,2,8,0,13,398,164,136,10,708,0,0,0,708
12/01/2000,SDF,KY,ASO,CE,Towers with Radar,362,138,54,6,560,0,1,2,1,4,362,139,56,7,564,0,0,0,564
12/02/2000,SDF,KY,ASO,CE,Towers with Radar,247,91,25,10,373,0,1,1,1,3,247,92,26,11,376,0,0,0,376
12/03/2000,SDF,KY,ASO,CE,Towers with Radar,164,63,27,10,264,0,1,4,1,6,164,64,31,11,270,0,0,0,270
12/04/2000,SDF,KY,ASO,CE,Towers with Radar,208,117,47,4,376,0,1,6,0,7,208,118,53,4,383,0,0,0,383
12/05/2000,SDF,KY,ASO,CE,Towers with Radar,383,135,76,5,599,0,1,10,7,18,383,136,86,12,617,0,0,0,617
12/06/2000,SDF,KY,ASO,CE,Towers with Radar,387,149,60,6,602,0,0,11,9,20,387,149,71,15,622,0,0,0,622
12/07/2000,SDF,KY,ASO,CE,Towers with Radar,404,145,59,8,616,0,1,5,4,10,404,146,64,12,626,0,0,0,626
12/08/2000,SDF,KY,ASO,CE,Towers with Radar,362,147,77,5,591,0,1,3,0,4,362,148,80,5,595,0,0,0,595
12/09/2000,SDF,KY,ASO,CE,Towers with Radar,253,90,16,5,364,0,1,2,0,3,253,91,18,5,367,0,0,0,367
12/10/2000,SDF,KY,ASO,CE,Towers with Radar,166,67,22,3,258,0,1,0,0,1,166,68,22,3,259,0,0,0,259
12/11/2000,SDF,KY,ASO,CE,Towers with Radar,194,110,60,1,365,0,1,0,0,1,194,111,60,1,366,0,0,0,366
12/12/2000,SDF,KY,ASO,CE,Towers with Radar,405,156,66,8,635,0,1,2,2,5,405,157,68,10,640,0,0,0,640
12/13/2000,SDF,KY,ASO,CE,Towers with Radar,349,125,49,1,524,0,1,0,0,1,349,126,49,1,525,0,0,0,525
12/14/2000,SDF,KY,ASO,CE,Towers with Radar,425,165,57,6,653,0,14,0,11,25,425,179,57,17,678,0,0,0,678
12/15/2000,SDF,KY,ASO,CE,Towers with Radar,386,157,72,8,623,0,0,3,0,3,386,157,75,8,626,0,0,0,626
12/16/2000,SDF,KY,ASO,CE,Towers with Radar,271,100,19,4,394,0,0,1,0,1,271,100,20,4,395,0,0,0,395
12/17/2000,SDF,KY,ASO,CE,Towers with Radar,189,71,21,5,286,0,0,1,0,1,189,71,22,5,287,0,0,0,287
12/18/2000,SDF,KY,ASO,CE,Towers with Radar,210,118,61,3,392,0,0,4,2,6,210,118,65,5,398,0,0,0,398
12/19/2000,SDF,KY,ASO,CE,Towers with Radar,440,153,73,5,671,0,0,1,0,1,440,153,74,5,672,0,0,0,672
12/20/2000,SDF,KY,ASO,CE,Towers with Radar,446,172,73,13,704,0,0,7,4,11,446,172,80,17,715,0,0,0,715
12/21/2000,SDF,KY,ASO,CE,Towers with Radar,421,166,62,9,658,0,0,2,0,2,421,166,64,9,660,0,0,0,660
12/22/2000,SDF,KY,ASO,CE,Towers with Radar,412,161,55,0,628,19,1,0,0,20,431,162,55,0,648,0,0,0,648
12/23/2000,SDF,KY,ASO,CE,Towers with Radar,354,104,33,1,492,0,0,2,0,2,354,104,35,1,494,0,0,0,494
12/24/2000,SDF,KY,ASO,CE,Towers with Radar,133,54,11,0,198,0,0,3,1,4,133,54,14,1,202,0,0,0,202
12/25/2000,SDF,KY,ASO,CE,Towers with Radar,93,67,13,1,174,0,0,3,0,3,93,67,16,1,177,0,0,0,177
12/26/2000,SDF,KY,ASO,CE,Towers with Radar,221,101,33,0,355,0,0,4,1,5,221,101,37,1,360,0,0,0,360
12/27/2000,SDF,KY,ASO,CE,Towers with Radar,363,124,36,4,527,0,0,3,0,3,363,124,39,4,530,0,0,0,530
12/28/2000,SDF,KY,ASO,CE,Towers with Radar,327,115,36,5,483,21,0,0,7,28,348,115,36,12,511,0,0,0,511
12/29/2000,SDF,KY,ASO,CE,Towers with Radar,342,128,14,2,486,0,0,1,0,1,342,128,15,2,487,0,0,0,487
12/30/2000,SDF,KY,ASO,CE,Towers with Radar,260,80,15,0,355,0,0,1,0,1,260,80,16,0,356,0,0,0,356
12/31/2000,SDF,KY,ASO,CE,Towers with Radar,130,51,19,0,200,0,0,3,0,3,130,51,22,0,203,0,0,0,203
01/01/2001,SDF,KY,ASO,CE,Towers with Radar,110,73,14,0,197,1,0,0,0,1,111,73,14,0,198,0,0,0,198
01/02/2001,SDF,KY,ASO,CE,Towers with Radar,237,109,61,3,410,1,0,2,0,3,238,109,63,3,413,0,0,0,413
01/03/2001,SDF,KY,ASO,CE,Towers with Radar,342,140,63,8,553,10,5,6,8,29,352,145,69,16,582,0,0,0,582
01/04/2001,SDF,KY,ASO,CE,Towers with Radar,363,133,65,7,568,1,0,0,2,3,364,133,65,9,571,0,0,0,571
01/05/2001,SDF,KY,ASO,CE,Towers with Radar,336,130,36,14,516,1,0,3,1,5,337,130,39,15,521,0,0,0,521
01/06/2001,SDF,KY,ASO,CE,Towers with Radar,252,96,36,5,389,1,0,2,3,6,253,96,38,8,395,0,0,0,395
01/07/2001,SDF,KY,ASO,CE,Towers with Radar,151,65,27,5,248,1,0,1,1,3,152,65,28,6,251,0,0,0,251
01/08/2001,SDF,KY,ASO,CE,Towers with Radar,200,118,49,6,373,1,0,0,1,2,201,118,49,7,375,0,0,0,375
01/09/2001,SDF,KY,ASO,CE,Towers with Radar,362,147,68,2,579,1,0,3,5,9,363,147,71,7,588,0,0,0,588
01/10/2001,SDF,KY,ASO,CE,Towers with Radar,356,145,50,6,557,1,1,5,6,13,357,146,55,12,570,0,0,0,570
01/11/2001,SDF,KY,ASO,CE,Towers with Radar,378,148,57,14,597,1,0,11,0,12,379,148,68,14,609,0,0,0,609
01/12/2001,SDF,KY,ASO,CE,Towers with Radar,355,147,43,13,558,1,0,9,0,10,356,147,52,13,568,0,0,0,568
01/13/2001,SDF,KY,ASO,CE,Towers with Radar,258,96,48,3,405,1,0,3,0,4,259,96,51,3,409,0,0,0,409
01/14/2001,SDF,KY,ASO,CE,Towers with Radar,163,64,33,5,265,1,0,2,0,3,164,64,35,5,268,0,0,0,268
01/15/2001,SDF,KY,ASO,CE,Towers with Radar,204,85,58,0,347,1,0,7,0,8,205,85,65,0,355,0,0,0,355
01/16/2001,SDF,KY,ASO,CE,Towers with Radar,374,144,89,5,612,1,0,0,0,1,375,144,89,5,613,0,0,0,613
01/17/2001,SDF,KY,ASO,CE,Towers with Radar,378,153,97,3,631,0,0,3,5,8,378,153,100,8,639,0,0,0,639
01/18/2001,SDF,KY,ASO,CE,Towers with Radar,355,141,84,11,591,0,0,1,0,1,355,141,85,11,592,0,0,0,592
01/19/2001,SDF,KY,ASO,CE,Towers with Radar,347,134,52,10,543,0,0,0,0,0,347,134,52,10,543,0,0,0,543
01/20/2001,SDF,KY,ASO,CE,Towers with Radar,251,77,26,4,358,0,0,0,0,0,251,77,26,4,358,0,0,0,358
01/21/2001,SDF,KY,ASO,CE,Towers with Radar,158,74,30,10,272,0,0,7,0,7,158,74,37,10,279,0,0,0,279
01/22/2001,SDF,KY,ASO,CE,Towers with Radar,207,101,45,5,358,0,19,29,4,52,207,120,74,9,410,0,0,0,410
01/23/2001,SDF,KY,ASO,CE,Towers with Radar,359,130,65,3,557,0,0,6,0,6,359,130,71,3,563,0,0,0,563
01/24/2001,SDF,KY,ASO,CE,Towers with Radar,367,125,65,15,572,0,1,14,5,20,367,126,79,20,592,0,0,0,592
01/25/2001,SDF,KY,ASO,CE,Towers with Radar,372,145,69,9,595,0,0,7,0,7,372,145,76,9,602,0,0,0,602
01/26/2001,SDF,KY,ASO,CE,Towers with Radar,314,128,44,7,493,16,6,0,5,27,330,134,44,12,520,0,0,0,520
01/27/2001,SDF,KY,ASO,CE,Towers with Radar,254,79,12,2,347,0,0,5,0,5,254,79,17,2,352,7,0,7,359
01/28/2001,SDF,KY,ASO,CE,Towers with Radar,156,68,25,4,253,0,0,2,1,3,156,68,27,5,256,0,0,0,256
01/29/2001,SDF,KY,ASO,CE,Towers with Radar,196,119,57,6,378,0,0,4,3,7,196,119,61,9,385,0,0,0,385
01/30/2001,SDF,KY,ASO,CE,Towers with Radar,376,127,57,8,568,0,0,0,5,5,376,127,57,13,573,0,0,0,573
01/31/2001,SDF,KY,ASO,CE,Towers with Radar,364,140,59,13,576,0,0,1,3,4,364,140,60,16,580,0,0,0,580
02/01/2001,SDF,KY,ASO,CE,Towers with Radar,368,138,43,5,554,0,2,12,4,18,368,140,55,9,572,0,0,0,572
02/02/2001,SDF,KY,ASO,CE,Towers with Radar,340,133,55,2,530,0,1,7,1,9,340,134,62,3,539,0,0,0,539
02/03/2001,SDF,KY,ASO,CE,Towers with Radar,242,84,25,5,356,0,0,6,0,6,242,84,31,5,362,0,0,0,362
02/04/2001,SDF,KY,ASO,CE,Towers with Radar,163,71,29,7,270,0,0,4,0,4,163,71,33,7,274,0,0,0,274
02/05/2001,SDF,KY,ASO,CE,Towers with Radar,194,111,39,9,353,0,0,2,2,4,194,111,41,11,357,0,0,0,357
02/06/2001,SDF,KY,ASO,CE,Towers with Radar,354,142,61,6,563,14,0,0,1,15,368,142,61,7,578,0,0,0,578
02/07/2001,SDF,KY,ASO,CE,Towers with Radar,359,153,67,6,585,0,24,7,8,39,359,177,74,14,624,0,0,0,624
02/08/2001,SDF,KY,ASO,CE,Towers with Radar,349,142,62,5,558,8,0,2,4,14,357,142,64,9,572,0,0,0,572
02/09/2001,SDF,KY,ASO,CE,Towers with Radar,318,130,53,3,504,32,1,0,0,33,350,131,53,3,537,0,0,0,537
02/10/2001,SDF,KY,ASO,CE,Towers with Radar,245,93,30,0,368,23,0,0,0,23,268,93,30,0,391,0,0,0,391
02/11/2001,SDF,KY,ASO,CE,Towers with Radar,151,67,28,2,248,0,0,7,4,11,151,67,35,6,259,0,0,0,259
02/12/2001,SDF,KY,ASO,CE,Towers with Radar,208,116,57,5,386,0,0,7,3,10,208,116,64,8,396,0,0,0,396
02/13/2001,SDF,KY,ASO,CE,Towers with Radar,369,142,68,6,585,0,0,4,0,4,369,142,72,6,589,0,0,0,589
02/14/2001,SDF,KY,ASO,CE,Towers with Radar,363,137,88,1,589,0,0,2,0,2,363,137,90,1,591,0,0,0,591
02/15/2001,SDF,KY,ASO,CE,Towers with Radar,367,130,74,8,579,0,0,2,0,2,367,130,76,8,581,0,0,0,581
02/16/2001,SDF,KY,ASO,CE,Towers with Radar,346,134,81,5,566,0,0,3,0,3,346,134,84,5,569,0,0,0,569
02/17/2001,SDF,KY,ASO,CE,Towers with Radar,258,82,41,3,384,0,0,10,3,13,258,82,51,6,397,0,0,0,397
02/18/2001,SDF,KY,ASO,CE,Towers with Radar,155,76,35,2,268,0,0,7,2,9,155,76,42,4,277,0,0,0,277
02/19/2001,SDF,KY,ASO,CE,Towers with Radar,199,107,66,3,375,0,0,5,0,5,199,107,71,3,380,0,0,0,380
02/20/2001,SDF,KY,ASO,CE,Towers with Radar,355,134,55,0,544,0,0,6,0,6,355,134,61,0,550,0,0,0,550
02/21/2001,SDF,KY,ASO,CE,Towers with Radar,357,138,61,4,560,0,0,11,8,19,357,138,72,12,579,0,0,0,579
02/22/2001,SDF,KY,ASO,CE,Towers with Radar,353,141,45,8,547,0,0,7,2,9,353,141,52,10,556,0,0,0,556
02/23/2001,SDF,KY,ASO,CE,Towers with Radar,352,128,67,9,556,0,0,4,3,7,352,128,71,12,563,0,0,0,563
02/24/2001,SDF,KY,ASO,CE,Towers with Radar,244,99,20,0,363,0,0,2,0,2,244,99,22,0,365,0,0,0,365
02/25/2001,SDF,KY,ASO,CE,Towers with Radar,155,81,19,6,261,0,0,1,2,3,155,81,20,8,264,0,0,0,264
02/26/2001,SDF,KY,ASO,CE,Towers with Radar,194,109,58,6,367,0,0,11,13,24,194,109,69,19,391,0,0,0,391
02/27/2001,SDF,KY,ASO,CE,Towers with Radar,363,134,82,13,592,0,0,3,2,5,363,134,85,15,597,0,0,0,597
02/28/2001,SDF,KY,ASO,CE,Towers with Radar,348,141,62,5,556,0,0,5,2,7,348,141,67,7,563,0,0,0,563
03/01/2001,SDF,KY,ASO,CE,Towers with Radar,369,124,70,12,575,0,0,13,4,17,369,124,83,16,592,0,0,0,592
03/02/2001,SDF,KY,ASO,CE,Towers with Radar,343,135,86,7,571,0,0,2,1,3,343,135,88,8,574,0,0,0,574
03/03/2001,SDF,KY,ASO,CE,Towers with Radar,258,85,33,16,392,0,0,5,2,7,258,85,38,18,399,0,0,0,399
03/04/2001,SDF,KY,ASO,CE,Towers with Radar,151,70,32,12,265,0,0,3,0,3,151,70,35,12,268,0,0,0,268
03/05/2001,SDF,KY,ASO,CE,Towers with Radar,196,88,47,5,336,0,21,14,2,37,196,109,61,7,373,0,0,0,373
03/06/2001,SDF,KY,ASO,CE,Towers with Radar,331,125,53,8,517,36,0,0,1,37,367,125,53,9,554,0,0,0,554
03/07/2001,SDF,KY,ASO,CE,Towers with Radar,370,148,63,5,586,0,0,6,2,8,370,148,69,7,594,0,0,0,594
03/08/2001,SDF,KY,ASO,CE,Towers with Radar,362,143,60,14,579,0,0,4,3,7,362,143,64,17,586,0,0,0,586
03/09/2001,SDF,KY,ASO,CE,Towers with Radar,360,125,78,13,576,0,0,16,0,16,360,125,94,13,592,0,0,0,592
03/10/2001,SDF,KY,ASO,CE,Towers with Radar,252,81,30,3,366,0,0,10,0,10,252,81,40,3,376,0,0,0,376
03/11/2001,SDF,KY,ASO,CE,Towers with Radar,153,76,41,6,276,0,0,11,0,11,153,76,52,6,287,0,0,0,287
03/12/2001,SDF,KY,ASO,CE,Towers with Radar,191,111,45,0,347,0,0,1,2,3,191,111,46,2,350,0,0,0,350
03/13/2001,SDF,KY,ASO,CE,Towers with Radar,376,122,81,5,584,0,0,12,12,24,376,122,93,17,608,0,0,0,608
03/14/2001,SDF,KY,ASO,CE,Towers with Radar,369,139,87,23,618,0,0,9,4,13,369,139,96,27,631,0,0,0,631
03/15/2001,SDF,KY,ASO,CE,Towers with Radar,365,127,69,6,567,0,0,5,5,10,365,127,74,11,577,0,0,0,577
03/16/2001,SDF,KY,ASO,CE,Towers with Radar,343,141,66,5,555,0,0,0,0,0,343,141,66,5,555,0,0,0,555
03/17/2001,SDF,KY,ASO,CE,Towers with Radar,259,92,26,5,382,0,0,4,0,4,259,92,30,5,386,0,0,0,386
03/18/2001,SDF,KY,ASO,CE,Towers with Radar,224,80,28,5,337,44,0,0,4,48,268,80,28,9,385,0,0,0,385
03/19/2001,SDF,KY,ASO,CE,Towers with Radar,198,94,48,6,346,0,29,0,7,36,198,123,48,13,382,0,0,0,382
03/20/2001,SDF,KY,ASO,CE,Towers with Radar,355,128,74,2,559,18,0,3,0,21,373,128,77,2,580,0,0,0,580
03/21/2001,SDF,KY,ASO,CE,Towers with Radar,366,142,77,9,594,0,9,17,8,34,366,151,94,17,628,0,0,0,628
03/22/2001,SDF,KY,ASO,CE,Towers with Radar,362,133,133,5,633,0,0,13,8,21,362,133,146,13,654,0,0,0,654
03/23/2001,SDF,KY,ASO,CE,Towers with Radar,347,126,112,8,593,0,0,15,5,20,347,126,127,13,613,0,0,0,613
03/24/2001,SDF,KY,ASO,CE,Towers with Radar,255,88,48,2,393,0,0,10,6,16,255,88,58,8,409,0,0,0,409
03/25/2001,SDF,KY,ASO,CE,Towers with Radar,155,74,39,3,271,0,0,9,0,9,155,74,48,3,280,0,0,0,280
03/26/2001,SDF,KY,ASO,CE,Towers with Radar,207,103,43,1,354,0,0,7,1,8,207,103,50,2,362,0,0,0,362
03/27/2001,SDF,KY,ASO,CE,Towers with Radar,351,120,73,9,553,13,0,26,2,41,364,120,99,11,594,0,0,0,594
03/28/2001,SDF,KY,ASO,CE,Towers with Radar,357,125,73,10,565,12,0,0,2,14,369,125,73,12,579,0,0,0,579
03/29/2001,SDF,KY,ASO,CE,Towers with Radar,366,124,69,12,571,0,0,2,5,7,366,124,71,17,578,0,0,0,578
03/30/2001,SDF,KY,ASO,CE,Towers with Radar,339,125,74,12,550,0,0,2,0,2,339,125,76,12,552,0,0,0,552
03/31/2001,SDF,KY,ASO,CE,Towers with Radar,254,81,35,4,374,0,0,5,0,5,254,81,40,4,379,0,0,0,379
04/01/2001,SDF,KY,ASO,CE,Towers with Radar,157,63,36,5,261,3,13,5,1,22,160,76,41,6,283,0,0,0,283
04/02/2001,SDF,KY,ASO,CE,Towers with Radar,188,93,54,7,342,0,11,8,5,24,188,104,62,12,366,0,0,0,366
04/03/2001,SDF,KY,ASO,CE,Towers with Radar,341,124,72,10,547,22,0,0,4,26,363,124,72,14,573,0,0,0,573
04/04/2001,SDF,KY,ASO,CE,Towers with Radar,360,129,79,13,581,4,0,8,3,15,364,129,87,16,596,0,0,0,596
04/05/2001,SDF,KY,ASO,CE,Towers with Radar,363,131,88,8,590,4,0,5,3,12,367,131,93,11,602,0,0,0,602
04/06/2001,SDF,KY,ASO,CE,Towers with Radar,336,136,81,4,557,4,0,8,1,13,340,136,89,5,570,0,0,0,570
04/07/2001,SDF,KY,ASO,CE,Towers with Radar,251,91,66,13,421,4,0,9,0,13,255,91,75,13,434,0,0,0,434
04/08/2001,SDF,KY,ASO,CE,Towers with Radar,158,71,42,5,276,0,0,22,2,24,158,71,64,7,300,0,0,0,300
04/09/2001,SDF,KY,ASO,CE,Towers with Radar,193,87,51,7,338,0,17,3,7,27,193,104,54,14,365,0,0,0,365
04/10/2001,SDF,KY,ASO,CE,Towers with Radar,325,126,61,10,522,40,0,0,5,45,365,126,61,15,567,0,0,0,567
04/11/2001,SDF,KY,ASO,CE,Towers with Radar,352,128,81,8,569,4,0,6,0,10,356,128,87,8,579,0,0,0,579
04/12/2001,SDF,KY,ASO,CE,Towers with Radar,358,129,51,13,551,4,0,4,1,9,362,129,55,14,560,0,0,0,560
04/13/2001,SDF,KY,ASO,CE,Towers with Radar,338,106,28,8,480,4,0,14,2,20,342,106,42,10,500,0,0,0,500
04/14/2001,SDF,KY,ASO,CE,Towers with Radar,238,83,33,5,359,4,0,7,0,11,242,83,40,5,370,0,0,0,370
04/15/2001,SDF,KY,ASO,CE,Towers with Radar,152,69,17,2,240,4,0,19,0,23,156,69,36,2,263,0,0,0,263
04/16/2001,SDF,KY,ASO,CE,Towers with Radar,195,86,50,3,334,0,1,10,0,11,195,87,60,3,345,0,0,0,345
04/17/2001,SDF,KY,ASO,CE,Towers with Radar,362,121,76,9,568,4,0,3,6,13,366,121,79,15,581,0,0,0,581
04/18/2001,SDF,KY,ASO,CE,Towers with Radar,360,132,95,6,593,4,0,18,9,31,364,132,113,15,624,0,0,0,624
04/19/2001,SDF,KY,ASO,CE,Towers with Radar,353,140,109,8,610,4,0,14,3,21,357,140,123,11,631,0,0,0,631
04/20/2001,SDF,KY,ASO,CE,Towers with Radar,337,128,70,33,568,4,1,9,3,17,341,129,79,36,585,0,0,0,585
04/21/2001,SDF,KY,ASO,CE,Towers with Radar,218,82,50,7,357,30,0,6,28,64,248,82,56,35,421,0,0,0,421
04/22/2001,SDF,KY,ASO,CE,Towers with Radar,151,77,57,27,312,4,0,16,6,26,155,77,73,33,338,0,0,0,338
04/23/2001,SDF,KY,ASO,CE,Towers with Radar,187,102,76,6,371,3,0,3,5,11,190,102,79,11,382,0,0,0,382
04/24/2001,SDF,KY,ASO,CE,Towers with Radar,365,123,69,2,559,3,0,9,4,16,368,123,78,6,575,0,0,0,575
04/25/2001,SDF,KY,ASO,CE,Towers with Radar,349,129,78,10,566,16,0,8,0,24,365,129,86,10,590,0,0,0,590
04/26/2001,SDF,KY,ASO,CE,Towers with Radar,362,115,98,14,589,3,0,23,5,31,365,115,121,19,620,0,0,0,620
04/27/2001,SDF,KY,ASO,CE,Towers with Radar,335,130,84,6,555,3,1,44,2,50,338,131,128,8,605,0,0,0,605
04/28/2001,SDF,KY,ASO,CE,Towers with Radar,250,88,37,3,378,3,0,16,2,21,253,88,53,5,399,0,0,0,399
04/29/2001,SDF,KY,ASO,CE,Towers with Radar,153,72,42,5,272,0,19,16,4,39,153,91,58,9,311,0,0,0,311
04/30/2001,SDF,KY,ASO,CE,Towers with Radar,199,89,52,6,346,0,7,26,0,33,199,96,78,6,379,0,0,0,379
05/01/2001,SDF,KY,ASO,CE,Towers with Radar,364,129,52,3,548,1,0,10,3,14,365,129,62,6,562,0,0,0,562
05/02/2001,SDF,KY,ASO,CE,Towers with Radar,375,127,89,9,600,1,0,7,3,11,376,127,96,12,611,0,0,0,611
05/03/2001,SDF,KY,ASO,CE,Towers with Radar,369,142,229,4,744,1,0,7,3,11,370,142,236,7,755,0,0,0,755
05/04/2001,SDF,KY,ASO,CE,Towers with Radar,347,139,161,11,658,1,0,42,2,45,348,139,203,13,703,0,0,0,703
05/05/2001,SDF,KY,ASO,CE,Towers with Radar,248,109,185,16,558,1,0,53,7,61,249,109,238,23,619,0,0,0,619
05/06/2001,SDF,KY,ASO,CE,Towers with Radar,168,99,215,16,498,1,0,20,0,21,169,99,235,16,519,0,0,0,519
05/07/2001,SDF,KY,ASO,CE,Towers with Radar,198,88,48,11,345,1,0,2,2,5,199,88,50,13,350,0,0,0,350
05/08/2001,SDF,KY,ASO,CE,Towers with Radar,377,127,73,7,584,1,0,5,12,18,378,127,78,19,602,0,0,0,602
05/09/2001,SDF,KY,ASO,CE,Towers with Radar,374,111,100,5,590,1,0,4,4,9,375,111,104,9,599,0,0,0,599
05/10/2001,SDF,KY,ASO,CE,Towers with Radar,366,109,86,16,577,1,0,8,1,10,367,109,94,17,587,0,0,0,587
05/11/2001,SDF,KY,ASO,CE,Towers with Radar,339,118,79,5,541,1,0,3,2,6,340,118,82,7,547,0,0,0,547
05/12/2001,SDF,KY,ASO,CE,Towers with Radar,256,83,41,4,384,1,0,13,0,14,257,83,54,4,398,0,0,0,398
05/13/2001,SDF,KY,ASO,CE,Towers with Radar,156,68,32,2,258,1,0,6,2,9,157,68,38,4,267,0,0,0,267
05/14/2001,SDF,KY,ASO,CE,Towers with Radar,216,86,67,1,370,0,16,11,0,27,216,102,78,1,397,0,0,0,397
05/15/2001,SDF,KY,ASO,CE,Towers with Radar,355,121,95,6,577,1,0,7,6,14,356,121,102,12,591,0,0,0,591
05/16/2001,SDF,KY,ASO,CE,Towers with Radar,371,125,110,9,615,1,0,9,6,16,372,125,119,15,631,0,0,0,631
05/17/2001,SDF,KY,ASO,CE,Towers with Radar,365,118,85,7,575,1,0,8,5,14,366,118,93,12,589,0,0,0,589
05/18/2001,SDF,KY,ASO,CE,Towers with Radar,337,116,75,11,539,1,0,1,2,4,338,116,76,13,543,0,0,0,543
05/19/2001,SDF,KY,ASO,CE,Towers with Radar,252,90,42,10,394,1,0,3,4,8,253,90,45,14,402,0,0,0,402
05/20/2001,SDF,KY,ASO,CE,Towers with Radar,161,68,53,13,295,0,0,2,3,5,161,68,55,16,300,0,0,0,300
05/21/2001,SDF,KY,ASO,CE,Towers with Radar,194,93,71,10,368,0,0,3,3,6,194,93,74,13,374,0,0,0,374
05/22/2001,SDF,KY,ASO,CE,Towers with Radar,370,113,96,2,581,0,0,13,16,29,370,113,109,18,610,0,0,0,610
05/23/2001,SDF,KY,ASO,CE,Towers with Radar,369,124,95,12,600,0,0,10,2,12,369,124,105,14,612,0,0,0,612
05/24/2001,SDF,KY,ASO,CE,Towers with Radar,369,117,55,3,544,0,1,3,4,8,369,118,58,7,552,0,0,0,552
05/25/2001,SDF,KY,ASO,CE,Towers with Radar,348,111,68,3,530,0,0,4,1,5,348,111,72,4,535,0,0,0,535
05/26/2001,SDF,KY,ASO,CE,Towers with Radar,251,82,33,3,369,0,0,1,1,2,251,82,34,4,371,0,0,0,371
05/27/2001,SDF,KY,ASO,CE,Towers with Radar,131,50,26,1,208,0,0,11,3,14,131,50,37,4,222,0,0,0,222
05/28/2001,SDF,KY,ASO,CE,Towers with Radar,139,66,34,0,239,0,0,7,1,8,139,66,41,1,247,0,0,0,247
05/29/2001,SDF,KY,ASO,CE,Towers with Radar,238,94,77,1,410,0,0,16,2,18,238,94,93,3,428,0,0,0,428
05/30/2001,SDF,KY,ASO,CE,Towers with Radar,377,127,47,9,560,0,2,9,2,13,377,129,56,11,573,0,0,0,573
05/31/2001,SDF,KY,ASO,CE,Towers with Radar,362,126,67,9,564,0,0,5,3,8,362,126,72,12,572,0,0,0,572
06/01/2001,SDF,KY,ASO,CE,Towers with Radar,340,108,68,15,531,0,0,10,0,10,340,108,78,15,541,0,0,0,541
06/02/2001,SDF,KY,ASO,CE,Towers with Radar,255,78,40,1,374,0,0,8,2,10,255,78,48,3,384,0,0,0,384
06/03/2001,SDF,KY,ASO,CE,Towers with Radar,156,63,41,10,270,0,0,16,2,18,156,63,57,12,288,0,0,0,288
06/04/2001,SDF,KY,ASO,CE,Towers with Radar,201,98,78,0,377,0,0,2,0,2,201,98,80,0,379,0,0,0,379
06/05/2001,SDF,KY,ASO,CE,Towers with Radar,356,120,86,10,572,0,0,9,5,14,356,120,95,15,586,0,0,0,586
06/06/2001,SDF,KY,ASO,CE,Towers with Radar,374,121,81,6,582,0,0,8,1,9,374,121,89,7,591,0,0,0,591
06/07/2001,SDF,KY,ASO,CE,Towers with Radar,373,152,84,6,615,0,0,10,5,15,373,152,94,11,630,0,0,0,630
06/08/2001,SDF,KY,ASO,CE,Towers with Radar,346,117,80,9,552,0,0,7,0,7,346,117,87,9,559,0,0,0,559
06/09/2001,SDF,KY,ASO,CE,Towers with Radar,247,75,33,15,370,0,0,14,5,19,247,75,47,20,389,0,0,0,389
06/10/2001,SDF,KY,ASO,CE,Towers with Radar,163,67,57,14,301,0,0,11,1,12,163,67,68,15,313,0,0,0,313
06/11/2001,SDF,KY,ASO,CE,Towers with Radar,197,94,47,14,352,0,0,9,2,11,197,94,56,16,363,0,0,0,363
06/12/2001,SDF,KY,ASO,CE,Towers with Radar,359,117,73,6,555,0,0,11,4,15,359,117,84,10,570,0,0,0,570
06/13/2001,SDF,KY,ASO,CE,Towers with Radar,353,139,96,9,597,0,2,9,3,14,353,141,105,12,611,0,0,0,611
06/14/2001,SDF,KY,ASO,CE,Towers with Radar,358,141,95,12,606,0,0,11,3,14,358,141,106,15,620,0,0,0,620
06/15/2001,SDF,KY,ASO,CE,Towers with Radar,324,122,82,10,538,0,0,8,2,10,324,122,90,12,548,0,0,0,548
06/16/2001,SDF,KY,ASO,CE,Towers with Radar,246,85,57,6,394,21,0,2,1,24,267,85,59,7,418,0,0,0,418
06/17/2001,SDF,KY,ASO,CE,Towers with Radar,162,61,36,4,263,0,9,0,2,11,162,70,36,6,274,0,0,0,274
06/18/2001,SDF,KY,ASO,CE,Towers with Radar,209,101,78,7,395,0,0,19,1,20,209,101,97,8,415,0,0,0,415
06/19/2001,SDF,KY,ASO,CE,Towers with Radar,354,127,94,0,575,0,0,7,7,14,354,127,101,7,589,0,0,0,589
06/20/2001,SDF,KY,ASO,CE,Towers with Radar,357,118,91,14,580,0,0,4,2,6,357,118,95,16,586,0,0,0,586
06/21/2001,SDF,KY,ASO,CE,Towers with Radar,359,134,84,4,581,0,0,7,3,10,359,134,91,7,591,0,0,0,591
06/22/2001,SDF,KY,ASO,CE,Towers with Radar,345,111,91,17,564,0,2,12,5,19,345,113,103,22,583,0,0,0,583
06/23/2001,SDF,KY,ASO,CE,Towers with Radar,257,75,52,5,389,0,0,23,5,28,257,75,75,10,417,0,0,0,417
06/24/2001,SDF,KY,ASO,CE,Towers with Radar,165,71,50,17,303,0,1,12,2,15,165,72,62,19,318,0,0,0,318
06/25/2001,SDF,KY,ASO,CE,Towers with Radar,200,102,54,5,361,0,2,14,3,19,200,104,68,8,380,0,0,0,380
06/26/2001,SDF,KY,ASO,CE,Towers with Radar,346,124,59,7,536,24,0,0,0,24,370,124,59,7,560,0,0,0,560
06/27/2001,SDF,KY,ASO,CE,Towers with Radar,368,128,86,4,586,0,1,4,4,9,368,129,90,8,595,0,0,0,595
06/28/2001,SDF,KY,ASO,CE,Towers with Radar,369,125,93,5,592,0,0,8,4,12,369,125,101,9,604,0,0,0,604
06/29/2001,SDF,KY,ASO,CE,Towers with Radar,345,123,69,8,545,0,0,7,1,8,345,123,76,9,553,0,0,0,553
06/30/2001,SDF,KY,ASO,CE,Towers with Radar,251,94,52,5,402,0,0,5,1,6,251,94,57,6,408,0,0,0,408
07/01/2001,SDF,KY,ASO,CE,Towers with Radar,174,75,45,6,300,0,0,0,1,1,174,75,45,7,301,0,0,0,301
07/02/2001,SDF,KY,ASO,CE,Towers with Radar,212,101,51,3,367,1,0,7,1,9,213,101,58,4,376,0,0,0,376
07/03/2001,SDF,KY,ASO,CE,Towers with Radar,361,123,64,3,551,1,0,12,0,13,362,123,76,3,564,0,0,0,564
07/04/2001,SDF,KY,ASO,CE,Towers with Radar,211,100,26,1,338,1,0,4,1,6,212,100,30,2,344,0,0,0,344
07/05/2001,SDF,KY,ASO,CE,Towers with Radar,297,106,69,1,473,1,0,6,0,7,298,106,75,1,480,0,0,0,480
07/06/2001,SDF,KY,ASO,CE,Towers with Radar,352,123,44,6,525,1,2,9,0,12,353,125,53,6,537,0,0,0,537
07/07/2001,SDF,KY,ASO,CE,Towers with Radar,249,87,43,1,380,1,0,8,3,12,250,87,51,4,392,0,0,0,392
07/08/2001,SDF,KY,ASO,CE,Towers with Radar,168,81,47,5,301,0,15,0,0,15,168,96,47,5,316,0,0,0,316
07/09/2001,SDF,KY,ASO,CE,Towers with Radar,210,108,63,6,387,0,10,47,1,58,210,118,110,7,445,0,0,0,445
07/10/2001,SDF,KY,ASO,CE,Towers with Radar,345,129,79,8,561,23,0,0,2,25,368,129,79,10,586,0,0,0,586
07/11/2001,SDF,KY,ASO,CE,Towers with Radar,350,140,74,8,572,27,0,0,6,33,377,140,74,14,605,0,0,0,605
07/12/2001,SDF,KY,ASO,CE,Towers with Radar,363,130,91,7,591,4,1,3,3,11,367,131,94,10,602,0,0,0,602
07/13/2001,SDF,KY,ASO,CE,Towers with Radar,343,134,64,12,553,0,2,8,1,11,343,136,72,13,564,0,0,0,564
07/14/2001,SDF,KY,ASO,CE,Towers with Radar,225,89,43,5,362,29,0,0,10,39,254,89,43,15,401,0,0,0,401
07/15/2001,SDF,KY,ASO,CE,Towers with Radar,166,85,56,9,316,1,1,7,1,10,167,86,63,10,326,0,0,0,326
07/16/2001,SDF,KY,ASO,CE,Towers with Radar,192,124,92,9,417,0,3,8,1,12,192,127,100,10,429,0,0,0,429
07/17/2001,SDF,KY,ASO,CE,Towers with Radar,363,134,81,5,583,0,1,5,2,8,363,135,86,7,591,0,0,0,591
07/18/2001,SDF,KY,ASO,CE,Towers with Radar,379,173,70,20,642,0,1,7,3,11,379,174,77,23,653,0,0,0,653
07/19/2001,SDF,KY,ASO,CE,Towers with Radar,366,152,109,12,639,0,0,7,1,8,366,152,116,13,647,0,0,0,647
07/20/2001,SDF,KY,ASO,CE,Towers with Radar,356,147,103,13,619,0,0,2,5,7,356,147,105,18,626,0,0,0,626
07/21/2001,SDF,KY,ASO,CE,Towers with Radar,254,101,62,4,421,0,1,13,0,14,254,102,75,4,435,0,0,0,435
07/22/2001,SDF,KY,ASO,CE,Towers with Radar,164,81,57,3,305,0,0,3,0,3,164,81,60,3,308,0,0,0,308
07/23/2001,SDF,KY,ASO,CE,Towers with Radar,187,115,100,2,404,0,0,6,1,7,187,115,106,3,411,0,0,0,411
07/24/2001,SDF,KY,ASO,CE,Towers with Radar,372,143,73,9,597,0,0,3,1,4,372,143,76,10,601,0,0,0,601
07/25/2001,SDF,KY,ASO,CE,Towers with Radar,361,146,87,8,602,0,0,6,1,7,361,146,93,9,609,0,0,0,609
07/26/2001,SDF,KY,ASO,CE,Towers with Radar,370,152,104,7,633,0,0,2,0,2,370,152,106,7,635,0,0,0,635
07/27/2001,SDF,KY,ASO,CE,Towers with Radar,360,137,76,8,581,0,0,13,0,13,360,137,89,8,594,0,0,0,594
07/28/2001,SDF,KY,ASO,CE,Towers with Radar,252,100,42,5,399,0,0,1,3,4,252,100,43,8,403,0,0,0,403
07/29/2001,SDF,KY,ASO,CE,Towers with Radar,160,87,60,15,322,0,0,2,0,2,160,87,62,15,324,0,0,0,324
07/30/2001,SDF,KY,ASO,CE,Towers with Radar,195,117,79,9,400,0,1,11,2,14,195,118,90,11,414,0,0,0,414
07/31/2001,SDF,KY,ASO,CE,Towers with Radar,365,134,62,2,563,0,0,7,5,12,365,134,69,7,575,0,0,0,575
08/01/2001,SDF,KY,ASO,CE,Towers with Radar,374,157,89,6,626,0,0,7,4,11,374,157,96,10,637,0,0,0,637
08/02/2001,SDF,KY,ASO,CE,Towers with Radar,370,150,70,9,599,0,1,8,4,13,370,151,78,13,612,0,0,0,612
08/03/2001,SDF,KY,ASO,CE,Towers with Radar,357,149,72,3,581,0,0,4,1,5,357,149,76,4,586,0,0,0,586
08/04/2001,SDF,KY,ASO,CE,Towers with Radar,257,103,67,6,433,0,1,3,0,4,257,104,70,6,437,0,0,0,437
08/05/2001,SDF,KY,ASO,CE,Towers with Radar,177,81,37,3,298,0,0,5,0,5,177,81,42,3,303,0,0,0,303
08/06/2001,SDF,KY,ASO,CE,Towers with Radar,201,114,74,3,392,0,0,9,0,9,201,114,83,3,401,0,0,0,401
08/07/2001,SDF,KY,ASO,CE,Towers with Radar,365,142,66,15,588,0,0,6,3,9,365,142,72,18,597,0,0,0,597
08/08/2001,SDF,KY,ASO,CE,Towers with Radar,339,138,84,10,571,23,1,0,2,26,362,139,84,12,597,0,0,0,597
08/09/2001,SDF,KY,ASO,CE,Towers with Radar,361,147,93,5,606,0,0,5,3,8,361,147,98,8,614,0,0,0,614
08/10/2001,SDF,KY,ASO,CE,Towers with Radar,360,143,89,11,603,0,0,3,0,3,360,143,92,11,606,0,0,0,606
08/11/2001,SDF,KY,ASO,CE,Towers with Radar,260,98,64,16,438,0,0,4,0,4,260,98,68,16,442,0,0,0,442
08/12/2001,SDF,KY,ASO,CE,Towers with Radar,169,80,63,6,318,0,0,4,1,5,169,80,67,7,323,0,0,0,323
08/13/2001,SDF,KY,ASO,CE,Towers with Radar,193,101,66,8,368,0,0,10,1,11,193,101,76,9,379,0,0,0,379
08/14/2001,SDF,KY,ASO,CE,Towers with Radar,371,129,84,18,602,0,0,6,2,8,371,129,90,20,610,0,0,0,610
08/15/2001,SDF,KY,ASO,CE,Towers with Radar,361,138,74,10,583,0,0,10,5,15,361,138,84,15,598,0,0,0,598
08/16/2001,SDF,KY,ASO,CE,Towers with Radar,361,134,79,5,579,0,0,8,2,10,361,134,87,7,589,0,0,0,589
08/17/2001,SDF,KY,ASO,CE,Towers with Radar,349,133,65,10,557,0,0,9,0,9,349,133,74,10,566,0,0,0,566
08/18/2001,SDF,KY,ASO,CE,Towers with Radar,249,95,66,13,423,0,0,4,2,6,249,95,70,15,429,0,0,0,429
08/19/2001,SDF,KY,ASO,CE,Towers with Radar,160,72,48,11,291,0,0,2,0,2,160,72,50,11,293,0,0,0,293
08/20/2001,SDF,KY,ASO,CE,Towers with Radar,198,119,75,2,394,0,0,4,3,7,198,119,79,5,401,0,0,0,401
08/21/2001,SDF,KY,ASO,CE,Towers with Radar,369,133,132,8,642,0,0,9,7,16,369,133,141,15,658,0,0,0,658
08/22/2001,SDF,KY,ASO,CE,Towers with Radar,374,152,100,15,641,0,0,8,8,16,374,152,108,23,657,0,0,0,657
08/23/2001,SDF,KY,ASO,CE,Towers with Radar,384,138,102,8,632,0,0,6,5,11,384,138,108,13,643,0,0,0,643
08/24/2001,SDF,KY,ASO,CE,Towers with Radar,361,141,83,3,588,0,0,10,1,11,361,141,93,4,599,0,0,0,599
08/25/2001,SDF,KY,ASO,CE,Towers with Radar,245,85,87,2,419,0,0,6,3,9,245,85,93,5,428,0,0,0,428
08/26/2001,SDF,KY,ASO,CE,Towers with Radar,162,72,55,9,298,0,0,5,1,6,162,72,60,10,304,0,0,0,304
08/27/2001,SDF,KY,ASO,CE,Towers with Radar,202,127,105,20,454,0,0,7,0,7,202,127,112,20,461,0,0,0,461
08/28/2001,SDF,KY,ASO,CE,Towers with Radar,376,133,82,5,596,0,0,16,5,21,376,133,98,10,617,0,0,0,617
08/29/2001,SDF,KY,ASO,CE,Towers with Radar,361,128,98,12,599,0,0,10,2,12,361,128,108,14,611,0,0,0,611
08/30/2001,SDF,KY,ASO,CE,Towers with Radar,363,142,96,17,618,0,0,4,3,7,363,142,100,20,625,0,0,0,625
08/31/2001,SDF,KY,ASO,CE,Towers with Radar,355,145,66,12,578,0,0,14,2,16,355,145,80,14,594,0,0,0,594
09/01/2001,SDF,KY,ASO,CE,Towers with Radar,239,97,43,6,385,2,1,5,0,8,241,98,48,6,393,0,0,0,393
09/02/2001,SDF,KY,ASO,CE,Towers with Radar,116,67,65,1,249,1,2,3,1,7,117,69,68,2,256,0,0,0,256
09/03/2001,SDF,KY,ASO,CE,Towers with Radar,139,105,74,5,323,1,2,2,0,5,140,107,76,5,328,0,0,0,328
09/04/2001,SDF,KY,ASO,CE,Towers with Radar,235,129,76,4,444,0,0,31,0,31,235,129,107,4,475,0,0,0,475
09/05/2001,SDF,KY,ASO,CE,Towers with Radar,368,147,83,3,601,1,2,10,12,25,369,149,93,15,626,0,0,0,626
09/06/2001,SDF,KY,ASO,CE,Towers with Radar,344,164,68,10,586,1,2,7,7,17,345,166,75,17,603,0,0,0,603
09/07/2001,SDF,KY,ASO,CE,Towers with Radar,326,150,66,17,559,1,2,3,6,12,327,152,69,23,571,0,0,0,571
09/08/2001,SDF,KY,ASO,CE,Towers with Radar,237,132,59,4,432,1,2,0,0,3,238,134,59,4,435,0,0,0,435
09/09/2001,SDF,KY,ASO,CE,Towers with Radar,144,91,61,6,302,1,2,3,0,6,145,93,64,6,308,0,0,0,308
09/10/2001,SDF,KY,ASO,CE,Towers with Radar,177,130,79,6,392,1,2,11,0,14,178,132,90,6,406,0,0,0,406
09/11/2001,SDF,KY,ASO,CE,Towers with Radar,203,50,41,2,296,1,3,1,0,5,204,53,42,2,301,0,0,0,301
09/12/2001,SDF,KY,ASO,CE,Towers with Radar,3,2,12,2,19,1,2,0,0,3,4,4,12,2,22,0,0,0,22
09/13/2001,SDF,KY,ASO,CE,Towers with Radar,60,27,18,8,113,1,2,0,1,4,61,29,18,9,117,0,0,0,117
09/14/2001,SDF,KY,ASO,CE,Towers with Radar,281,105,23,5,414,1,2,2,0,5,282,107,25,5,419,0,0,0,419
09/15/2001,SDF,KY,ASO,CE,Towers with Radar,209,98,25,9,341,1,2,0,0,3,210,100,25,9,344,0,0,0,344
09/16/2001,SDF,KY,ASO,CE,Towers with Radar,129,99,35,7,270,1,2,0,0,3,130,101,35,7,273,0,0,0,273
09/17/2001,SDF,KY,ASO,CE,Towers with Radar,165,118,62,6,351,1,2,0,0,3,166,120,62,6,354,0,0,0,354
09/18/2001,SDF,KY,ASO,CE,Towers with Radar,334,142,72,7,555,1,2,0,3,6,335,144,72,10,561,0,0,0,561
09/19/2001,SDF,KY,ASO,CE,Towers with Radar,339,142,84,13,578,1,2,0,3,6,340,144,84,16,584,0,0,0,584
09/20/2001,SDF,KY,ASO,CE,Towers with Radar,330,146,77,27,580,1,2,0,0,3,331,148,77,27,583,0,0,0,583
09/21/2001,SDF,KY,ASO,CE,Towers with Radar,314,139,64,7,524,1,2,2,0,5,315,141,66,7,529,0,0,0,529
09/22/2001,SDF,KY,ASO,CE,Towers with Radar,216,108,43,1,368,1,1,4,1,7,217,109,47,2,375,0,0,0,375
09/23/2001,SDF,KY,ASO,CE,Towers with Radar,123,86,30,8,247,1,1,0,2,4,124,87,30,10,251,0,0,0,251
09/24/2001,SDF,KY,ASO,CE,Towers with Radar,162,131,66,4,363,1,1,0,3,5,163,132,66,7,368,0,0,0,368
09/25/2001,SDF,KY,ASO,CE,Towers with Radar,334,162,92,9,597,9,0,25,3,37,343,162,117,12,634,0,0,0,634
09/26/2001,SDF,KY,ASO,CE,Towers with Radar,344,136,95,4,579,0,0,24,0,24,344,136,119,4,603,0,0,0,603
09/27/2001,SDF,KY,ASO,CE,Towers with Radar,335,150,128,6,619,1,2,0,1,4,336,152,128,7,623,0,0,0,623
09/28/2001,SDF,KY,ASO,CE,Towers with Radar,316,143,68,1,528,1,1,9,2,13,317,144,77,3,541,0,0,0,541
09/29/2001,SDF,KY,ASO,CE,Towers with Radar,220,100,56,3,379,1,2,10,3,16,221,102,66,6,395,0,0,0,395
09/30/2001,SDF,KY,ASO,CE,Towers with Radar,130,103,84,11,328,1,1,14,1,17,131,104,98,12,345,0,0,0,345
10/01/2001,SDF,KY,ASO,CE,Towers with Radar,183,111,63,6,363,0,2,11,0,13,183,113,74,6,376,0,0,0,376
10/02/2001,SDF,KY,ASO,CE,Towers with Radar,340,148,51,0,539,0,1,5,0,6,340,149,56,0,545,0,0,0,545
10/03/2001,SDF,KY,ASO,CE,Towers with Radar,341,152,68,6,567,0,1,4,1,6,341,153,72,7,573,0,0,0,573
10/04/2001,SDF,KY,ASO,CE,Towers with Radar,339,154,82,6,581,0,1,7,5,13,339,155,89,11,594,0,0,0,594
10/05/2001,SDF,KY,ASO,CE,Towers with Radar,320,140,76,9,545,0,2,2,0,4,320,142,78,9,549,0,0,0,549
10/06/2001,SDF,KY,ASO,CE,Towers with Radar,228,100,44,1,373,0,1,4,0,5,228,101,48,1,378,0,0,0,378
10/07/2001,SDF,KY,ASO,CE,Towers with Radar,117,77,49,0,243,0,1,0,2,3,117,78,49,2,246,0,0,0,246
10/08/2001,SDF,KY,ASO,CE,Towers with Radar,166,121,61,7,355,0,3,4,0,7,166,124,65,7,362,0,0,0,362
10/09/2001,SDF,KY,ASO,CE,Towers with Radar,348,136,63,2,549,0,1,7,0,8,348,137,70,2,557,0,0,0,557
10/10/2001,SDF,KY,ASO,CE,Towers with Radar,332,144,70,7,553,2,2,8,2,14,334,146,78,9,567,0,0,0,567
10/11/2001,SDF,KY,ASO,CE,Towers with Radar,358,148,66,8,580,1,1,4,0,6,359,149,70,8,586,0,0,0,586
10/12/2001,SDF,KY,ASO,CE,Towers with Radar,323,136,48,6,513,0,0,2,3,5,323,136,50,9,518,0,0,0,518
10/13/2001,SDF,KY,ASO,CE,Towers with Radar,255,114,59,7,435,0,0,2,0,2,255,114,61,7,437,0,0,0,437
10/14/2001,SDF,KY,ASO,CE,Towers with Radar,146,90,29,4,269,0,0,3,0,3,146,90,32,4,272,0,0,0,272
10/15/2001,SDF,KY,ASO,CE,Towers with Radar,178,122,61,12,373,0,0,7,0,7,178,122,68,12,380,0,0,0,380
10/16/2001,SDF,KY,ASO,CE,Towers with Radar,360,155,78,15,608,0,0,5,5,10,360,155,83,20,618,0,0,0,618
10/17/2001,SDF,KY,ASO,CE,Towers with Radar,342,144,94,7,587,0,0,9,6,15,342,144,103,13,602,0,0,0,602
10/18/2001,SDF,KY,ASO,CE,Towers with Radar,349,153,75,4,581,0,2,11,1,14,349,155,86,5,595,0,0,0,595
10/19/2001,SDF,KY,ASO,CE,Towers with Radar,318,143,63,7,531,0,0,13,0,13,318,143,76,7,544,0,0,0,544
10/20/2001,SDF,KY,ASO,CE,Towers with Radar,232,114,42,1,389,0,0,5,2,7,232,114,47,3,396,0,0,0,396
10/21/2001,SDF,KY,ASO,CE,Towers with Radar,137,89,71,3,300,1,0,6,0,7,138,89,77,3,307,0,0,0,307
10/22/2001,SDF,KY,ASO,CE,Towers with Radar,170,119,69,2,360,0,0,5,3,8,170,119,74,5,368,0,0,0,368
10/23/2001,SDF,KY,ASO,CE,Towers with Radar,347,146,63,10,566,0,0,6,1,7,347,146,69,11,573,0,0,0,573
10/24/2001,SDF,KY,ASO,CE,Towers with Radar,337,146,80,9,572,0,0,10,1,11,337,146,90,10,583,0,0,0,583
10/25/2001,SDF,KY,ASO,CE,Towers with Radar,345,141,68,8,562,0,0,13,3,16,345,141,81,11,578,0,0,0,578
10/26/2001,SDF,KY,ASO,CE,Towers with Radar,318,134,43,6,501,0,0,4,0,4,318,134,47,6,505,0,0,0,505
10/27/2001,SDF,KY,ASO,CE,Towers with Radar,240,105,44,4,393,0,1,8,0,9,240,106,52,4,402,0,0,0,402
10/28/2001,SDF,KY,ASO,CE,Towers with Radar,130,99,64,7,300,0,1,9,0,10,130,100,73,7,310,0,0,0,310
10/29/2001,SDF,KY,ASO,CE,Towers with Radar,181,128,63,7,379,0,0,5,0,5,181,128,68,7,384,0,0,0,384
10/30/2001,SDF,KY,ASO,CE,Towers with Radar,329,145,76,7,557,6,0,11,10,27,335,145,87,17,584,0,0,0,584
10/31/2001,SDF,KY,ASO,CE,Towers with Radar,336,137,63,13,549,0,0,11,3,14,336,137,74,16,563,0,0,0,563
11/01/2001,SDF,KY,ASO,CE,Towers with Radar,348,150,82,5,585,0,0,7,4,11,348,150,89,9,596,0,0,0,596
11/02/2001,SDF,KY,ASO,CE,Towers with Radar,326,143,69,9,547,0,0,1,2,3,326,143,70,11,550,0,0,0,550
11/03/2001,SDF,KY,ASO,CE,Towers with Radar,226,97,47,4,374,0,1,8,0,9,226,98,55,4,383,0,0,0,383
11/04/2001,SDF,KY,ASO,CE,Towers with Radar,151,90,53,5,299,0,0,8,6,14,151,90,61,11,313,0,0,0,313
11/05/2001,SDF,KY,ASO,CE,Towers with Radar,169,116,80,10,375,0,3,22,3,28,169,119,102,13,403,0,0,0,403
11/06/2001,SDF,KY,ASO,CE,Towers with Radar,348,146,70,4,568,0,0,22,7,29,348,146,92,11,597,0,0,0,597
11/07/2001,SDF,KY,ASO,CE,Towers with Radar,350,160,71,5,586,0,0,14,10,24,350,160,85,15,610,0,0,0,610
11/08/2001,SDF,KY,ASO,CE,Towers with Radar,347,148,77,13,585,0,0,12,1,13,347,148,89,14,598,0,0,0,598
11/09/2001,SDF,KY,ASO,CE,Towers with Radar,335,144,66,10,555,0,0,8,1,9,335,144,74,11,564,0,0,0,564
11/10/2001,SDF,KY,ASO,CE,Towers with Radar,225,107,47,2,381,0,0,3,0,3,225,107,50,2,384,0,0,0,384
11/11/2001,SDF,KY,ASO,CE,Towers with Radar,135,100,92,7,334,0,0,4,1,5,135,100,96,8,339,0,0,0,339
11/12/2001,SDF,KY,ASO,CE,Towers with Radar,179,123,75,4,381,0,1,10,0,11,179,124,85,4,392,0,0,0,392
11/13/2001,SDF,KY,ASO,CE,Towers with Radar,351,136,85,2,574,0,1,5,0,6,351,137,90,2,580,0,0,0,580
11/14/2001,SDF,KY,ASO,CE,Towers with Radar,350,165,87,18,620,0,0,14,8,22,350,165,101,26,642,0,0,0,642
11/15/2001,SDF,KY,ASO,CE,Towers with Radar,347,148,91,11,597,0,0,13,2,15,347,148,104,13,612,0,0,0,612
11/16/2001,SDF,KY,ASO,CE,Towers with Radar,333,143,67,11,554,0,0,13,1,14,333,143,80,12,568,0,0,0,568
11/17/2001,SDF,KY,ASO,CE,Towers with Radar,239,142,68,3,452,0,0,3,2,5,239,142,71,5,457,0,0,0,457
11/18/2001,SDF,KY,ASO,CE,Towers with Radar,113,86,61,4,264,0,0,5,0,5,113,86,66,4,269,0,0,0,269
11/19/2001,SDF,KY,ASO,CE,Towers with Radar,170,146,96,10,422,0,0,41,2,43,170,146,137,12,465,0,0,0,465
11/20/2001,SDF,KY,ASO,CE,Towers with Radar,382,160,70,3,615,0,0,4,4,8,382,160,74,7,623,0,0,0,623
11/21/2001,SDF,KY,ASO,CE,Towers with Radar,361,150,58,5,574,0,0,8,0,8,361,150,66,5,582,0,0,0,582
11/22/2001,SDF,KY,ASO,CE,Towers with Radar,159,103,18,0,280,0,0,3,0,3,159,103,21,0,283,0,0,0,283
11/23/2001,SDF,KY,ASO,CE,Towers with Radar,196,107,25,2,330,0,1,18,4,23,196,108,43,6,353,0,0,0,353
11/24/2001,SDF,KY,ASO,CE,Towers with Radar,215,92,26,0,333,0,0,1,1,2,215,92,27,1,335,0,0,0,335
11/25/2001,SDF,KY,ASO,CE,Towers with Radar,135,97,47,1,280,0,0,14,8,22,135,97,61,9,302,0,0,0,302
11/26/2001,SDF,KY,ASO,CE,Towers with Radar,157,115,76,4,352,0,0,8,0,8,157,115,84,4,360,0,0,0,360
11/27/2001,SDF,KY,ASO,CE,Towers with Radar,382,165,91,5,643,0,0,1,3,4,382,165,92,8,647,0,0,0,647
11/28/2001,SDF,KY,ASO,CE,Towers with Radar,362,156,112,11,641,0,0,0,0,0,362,156,112,11,641,0,0,0,641
11/29/2001,SDF,KY,ASO,CE,Towers with Radar,369,163,112,1,645,0,0,0,0,0,369,163,112,1,645,0,0,0,645
11/30/2001,SDF,KY,ASO,CE,Towers with Radar,333,153,68,4,558,0,0,4,0,4,333,153,72,4,562,0,0,0,562
12/01/2001,SDF,KY,ASO,CE,Towers with Radar,221,120,34,5,380,2,0,0,0,2,223,120,34,5,382,0,0,0,382
12/02/2001,SDF,KY,ASO,CE,Towers with Radar,143,82,57,4,286,2,0,3,1,6,145,82,60,5,292,0,0,0,292
12/03/2001,SDF,KY,ASO,CE,Towers with Radar,187,125,51,4,367,0,6,46,3,55,187,131,97,7,422,0,0,0,422
12/04/2001,SDF,KY,ASO,CE,Towers with Radar,384,160,79,5,628,2,0,15,4,21,386,160,94,9,649,0,0,0,649
12/05/2001,SDF,KY,ASO,CE,Towers with Radar,375,168,72,14,629,2,0,7,6,15,377,168,79,20,644,0,0,0,644
12/06/2001,SDF,KY,ASO,CE,Towers with Radar,372,166,68,13,619,2,0,1,0,3,374,166,69,13,622,0,0,0,622
12/07/2001,SDF,KY,ASO,CE,Towers with Radar,331,152,91,9,583,2,0,4,0,6,333,152,95,9,589,0,0,0,589
12/08/2001,SDF,KY,ASO,CE,Towers with Radar,233,125,70,10,438,2,0,0,8,10,235,125,70,18,448,0,0,0,448
12/09/2001,SDF,KY,ASO,CE,Towers with Radar,142,103,52,2,299,2,0,6,1,9,144,103,58,3,308,0,0,0,308
12/10/2001,SDF,KY,ASO,CE,Towers with Radar,183,147,73,3,406,2,0,4,4,10,185,147,77,7,416,0,0,0,416
12/11/2001,SDF,KY,ASO,CE,Towers with Radar,377,175,85,5,642,2,1,10,5,18,379,176,95,10,660,0,0,0,660
12/12/2001,SDF,KY,ASO,CE,Towers with Radar,382,162,64,9,617,2,0,6,0,8,384,162,70,9,625,0,0,0,625
12/13/2001,SDF,KY,ASO,CE,Towers with Radar,371,172,69,6,618,20,0,0,1,21,391,172,69,7,639,0,0,0,639
12/14/2001,SDF,KY,ASO,CE,Towers with Radar,336,156,46,9,547,2,0,2,1,5,338,156,48,10,552,0,0,0,552
12/15/2001,SDF,KY,ASO,CE,Towers with Radar,231,110,24,0,365,1,1,5,11,18,232,111,29,11,383,0,0,0,383
12/16/2001,SDF,KY,ASO,CE,Towers with Radar,163,96,55,2,316,1,1,6,0,8,164,97,61,2,324,0,0,0,324
12/17/2001,SDF,KY,ASO,CE,Towers with Radar,177,139,60,4,380,1,1,0,4,6,178,140,60,8,386,0,0,0,386
12/18/2001,SDF,KY,ASO,CE,Towers with Radar,420,165,77,7,669,1,2,10,8,21,421,167,87,15,690,0,0,0,690
12/19/2001,SDF,KY,ASO,CE,Towers with Radar,405,166,59,16,646,1,1,2,4,8,406,167,61,20,654,0,0,0,654
12/20/2001,SDF,KY,ASO,CE,Towers with Radar,417,176,72,3,668,1,1,4,9,15,418,177,76,12,683,0,0,0,683
12/21/2001,SDF,KY,ASO,CE,Towers with Radar,405,164,48,4,621,1,1,8,0,10,406,165,56,4,631,0,0,0,631
12/22/2001,SDF,KY,ASO,CE,Towers with Radar,291,104,24,0,419,1,1,1,2,5,292,105,25,2,424,0,0,0,424
12/23/2001,SDF,KY,ASO,CE,Towers with Radar,195,107,46,3,351,1,0,3,2,6,196,107,49,5,357,0,0,0,357
12/24/2001,SDF,KY,ASO,CE,Towers with Radar,121,109,20,2,252,1,0,0,1,2,122,109,20,3,254,0,0,0,254
12/25/2001,SDF,KY,ASO,CE,Towers with Radar,133,99,22,0,254,1,0,0,0,1,134,99,22,0,255,0,0,0,255
12/26/2001,SDF,KY,ASO,CE,Towers with Radar,232,130,61,2,425,1,0,11,4,16,233,130,72,6,441,0,0,0,441
12/27/2001,SDF,KY,ASO,CE,Towers with Radar,333,157,48,0,538,1,0,3,1,5,334,157,51,1,543,0,0,0,543
12/28/2001,SDF,KY,ASO,CE,Towers with Radar,310,141,26,4,481,1,1,8,5,15,311,142,34,9,496,0,0,0,496
12/29/2001,SDF,KY,ASO,CE,Towers with Radar,224,108,40,2,374,1,0,3,2,6,225,108,43,4,380,0,0,0,380
12/30/2001,SDF,KY,ASO,CE,Towers with Radar,121,90,21,1,233,1,0,3,0,4,122,90,24,1,237,0,0,0,237
12/31/2001,SDF,KY,ASO,CE,Towers with Radar,141,104,27,3,275,1,0,16,1,18,142,104,43,4,293,0,0,0,293
01/01/2002,SDF,KY,ASO,CE,Towers with Radar,137,113,23,0,273,0,3,3,0,6,137,116,26,0,279,0,0,0,279
01/02/2002,SDF,KY,ASO,CE,Towers with Radar,220,121,43,1,385,0,2,5,6,13,220,123,48,7,398,0,0,0,398
01/03/2002,SDF,KY,ASO,CE,Towers with Radar,349,161,51,2,563,0,2,4,2,8,349,163,55,4,571,0,0,0,571
01/04/2002,SDF,KY,ASO,CE,Towers with Radar,290,139,51,5,485,31,0,0,5,36,321,139,51,10,521,0,0,0,521
01/05/2002,SDF,KY,ASO,CE,Towers with Radar,216,103,22,0,341,0,2,3,3,8,216,105,25,3,349,0,0,0,349
01/06/2002,SDF,KY,ASO,CE,Towers with Radar,119,81,24,3,227,0,1,1,0,2,119,82,25,3,229,0,0,0,229
01/07/2002,SDF,KY,ASO,CE,Towers with Radar,168,134,65,7,374,0,1,7,0,8,168,135,72,7,382,0,0,0,382
01/08/2002,SDF,KY,ASO,CE,Towers with Radar,348,143,69,3,563,0,1,5,4,10,348,144,74,7,573,0,0,0,573
01/09/2002,SDF,KY,ASO,CE,Towers with Radar,337,168,67,6,578,0,1,3,15,19,337,169,70,21,597,0,0,0,597
01/10/2002,SDF,KY,ASO,CE,Towers with Radar,341,166,69,16,592,0,1,4,7,12,341,167,73,23,604,0,0,0,604
01/11/2002,SDF,KY,ASO,CE,Towers with Radar,318,146,44,12,520,0,1,11,11,23,318,147,55,23,543,0,0,0,543
01/12/2002,SDF,KY,ASO,CE,Towers with Radar,223,105,27,4,359,0,1,4,0,5,223,106,31,4,364,0,0,0,364
01/13/2002,SDF,KY,ASO,CE,Towers with Radar,123,89,24,4,240,0,1,6,2,9,123,90,30,6,249,0,0,0,249
01/14/2002,SDF,KY,ASO,CE,Towers with Radar,157,130,55,7,349,0,2,2,4,8,157,132,57,11,357,0,0,0,357
01/15/2002,SDF,KY,ASO,CE,Towers with Radar,347,156,76,6,585,0,2,11,4,17,347,158,87,10,602,0,0,0,602
01/16/2002,SDF,KY,ASO,CE,Towers with Radar,329,153,84,10,576,0,1,20,3,24,329,154,104,13,600,0,0,0,600
01/17/2002,SDF,KY,ASO,CE,Towers with Radar,339,161,71,7,578,0,0,33,10,43,339,161,104,17,621,0,0,0,621
01/18/2002,SDF,KY,ASO,CE,Towers with Radar,325,140,73,4,542,0,2,10,0,12,325,142,83,4,554,0,0,0,554
01/19/2002,SDF,KY,ASO,CE,Towers with Radar,218,103,18,0,339,0,1,3,0,4,218,104,21,0,343,0,0,0,343
01/20/2002,SDF,KY,ASO,CE,Towers with Radar,126,89,27,0,242,0,1,2,0,3,126,90,29,0,245,0,0,0,245
01/21/2002,SDF,KY,ASO,CE,Towers with Radar,169,119,32,3,323,0,3,5,0,8,169,122,37,3,331,0,0,0,331
01/22/2002,SDF,KY,ASO,CE,Towers with Radar,334,143,55,2,534,0,2,2,2,6,334,145,57,4,540,0,0,0,540
01/23/2002,SDF,KY,ASO,CE,Towers with Radar,322,158,66,6,552,0,1,0,1,2,322,159,66,7,554,0,0,0,554
01/24/2002,SDF,KY,ASO,CE,Towers with Radar,366,161,57,7,591,0,1,0,3,4,366,162,57,10,595,0,0,0,595
01/25/2002,SDF,KY,ASO,CE,Towers with Radar,320,145,62,6,533,0,1,16,2,19,320,146,78,8,552,0,0,0,552
01/26/2002,SDF,KY,ASO,CE,Towers with Radar,217,105,32,2,356,0,1,9,0,10,217,106,41,2,366,0,0,0,366
01/27/2002,SDF,KY,ASO,CE,Towers with Radar,125,93,32,4,254,0,1,5,3,9,125,94,37,7,263,0,0,0,263
01/28/2002,SDF,KY,ASO,CE,Towers with Radar,160,135,76,6,377,0,1,13,0,14,160,136,89,6,391,0,0,0,391
01/29/2002,SDF,KY,ASO,CE,Towers with Radar,344,165,85,9,603,0,1,1,3,5,344,166,86,12,608,0,0,0,608
01/30/2002,SDF,KY,ASO,CE,Towers with Radar,335,158,65,12,570,0,1,4,2,7,335,159,69,14,577,0,0,0,577
01/31/2002,SDF,KY,ASO,CE,Towers with Radar,358,147,43,11,559,0,1,2,1,4,358,148,45,12,563,0,0,0,563
02/01/2002,SDF,KY,ASO,CE,Towers with Radar,328,150,40,11,529,4,1,3,3,11,332,151,43,14,540,0,0,0,540
02/02/2002,SDF,KY,ASO,CE,Towers with Radar,221,107,30,0,358,4,0,18,2,24,225,107,48,2,382,0,0,0,382
02/03/2002,SDF,KY,ASO,CE,Towers with Radar,103,93,26,1,223,4,0,12,3,19,107,93,38,4,242,0,0,0,242
02/04/2002,SDF,KY,ASO,CE,Towers with Radar,166,129,50,5,350,0,25,35,3,63,166,154,85,8,413,0,0,0,413
02/05/2002,SDF,KY,ASO,CE,Towers with Radar,342,173,65,5,585,4,0,5,3,12,346,173,70,8,597,0,0,0,597
02/06/2002,SDF,KY,ASO,CE,Towers with Radar,330,163,65,15,573,4,0,0,4,8,334,163,65,19,581,0,0,0,581
02/07/2002,SDF,KY,ASO,CE,Towers with Radar,349,184,81,16,630,4,0,7,4,15,353,184,88,20,645,0,0,0,645
02/08/2002,SDF,KY,ASO,CE,Towers with Radar,318,171,57,11,557,4,0,8,5,17,322,171,65,16,574,0,0,0,574
02/09/2002,SDF,KY,ASO,CE,Towers with Radar,219,110,21,3,353,4,0,14,2,20,223,110,35,5,373,0,0,0,373
02/10/2002,SDF,KY,ASO,CE,Towers with Radar,123,100,40,2,265,4,0,3,5,12,127,100,43,7,277,0,0,0,277
02/11/2002,SDF,KY,ASO,CE,Towers with Radar,166,132,48,9,355,4,0,1,1,6,170,132,49,10,361,0,0,0,361
02/12/2002,SDF,KY,ASO,CE,Towers with Radar,332,170,88,11,601,4,2,3,8,17,336,172,91,19,618,0,0,0,618
02/13/2002,SDF,KY,ASO,CE,Towers with Radar,341,166,83,2,592,4,1,12,10,27,345,167,95,12,619,0,0,0,619
02/14/2002,SDF,KY,ASO,CE,Towers with Radar,343,163,92,5,603,4,0,26,5,35,347,163,118,10,638,0,0,0,638
02/15/2002,SDF,KY,ASO,CE,Towers with Radar,317,158,73,8,556,0,0,19,12,31,317,158,92,20,587,0,0,0,587
02/16/2002,SDF,KY,ASO,CE,Towers with Radar,212,118,46,1,377,15,0,0,0,15,227,118,46,1,392,0,0,0,392
02/17/2002,SDF,KY,ASO,CE,Towers with Radar,127,88,29,2,246,0,8,0,0,8,127,96,29,2,254,0,0,0,254
02/18/2002,SDF,KY,ASO,CE,Towers with Radar,171,145,88,5,409,4,0,15,9,28,175,145,103,14,437,0,0,0,437
02/19/2002,SDF,KY,ASO,CE,Towers with Radar,329,172,68,4,573,4,0,5,5,14,333,172,73,9,587,0,0,0,587
02/20/2002,SDF,KY,ASO,CE,Towers with Radar,329,189,62,5,585,4,0,0,4,8,333,189,62,9,593,0,0,0,593
02/21/2002,SDF,KY,ASO,CE,Towers with Radar,334,186,68,7,595,4,0,3,0,7,338,186,71,7,602,0,0,0,602
02/22/2002,SDF,KY,ASO,CE,Towers with Radar,315,159,41,14,529,4,0,7,3,14,319,159,48,17,543,0,0,0,543
02/23/2002,SDF,KY,ASO,CE,Towers with Radar,222,113,26,9,370,4,0,6,0,10,226,113,32,9,380,0,0,0,380
02/24/2002,SDF,KY,ASO,CE,Towers with Radar,125,100,30,0,255,4,0,4,2,10,129,100,34,2,265,0,0,0,265
02/25/2002,SDF,KY,ASO,CE,Towers with Radar,160,149,61,4,374,4,1,8,10,23,164,150,69,14,397,0,0,0,397
02/26/2002,SDF,KY,ASO,CE,Towers with Radar,327,151,53,8,539,4,0,0,1,5,331,151,53,9,544,0,0,0,544
02/27/2002,SDF,KY,ASO,CE,Towers with Radar,342,180,63,6,591,4,0,2,4,10,346,180,65,10,601,0,0,0,601
02/28/2002,SDF,KY,ASO,CE,Towers with Radar,342,174,73,5,594,3,2,15,5,25,345,176,88,10,619,0,0,0,619
03/01/2002,SDF,KY,ASO,CE,Towers with Radar,315,148,71,8,542,0,2,11,2,15,315,150,82,10,557,0,0,0,557
03/02/2002,SDF,KY,ASO,CE,Towers with Radar,216,110,7,6,339,0,0,2,3,5,216,110,9,9,344,0,0,0,344
03/03/2002,SDF,KY,ASO,CE,Towers with Radar,128,109,45,6,288,0,0,2,2,4,128,109,47,8,292,0,0,0,292
03/04/2002,SDF,KY,ASO,CE,Towers with Radar,161,149,52,0,362,0,0,6,0,6,161,149,58,0,368,0,0,0,368
03/05/2002,SDF,KY,ASO,CE,Towers with Radar,340,179,58,4,581,0,0,11,1,12,340,179,69,5,593,0,0,0,593
03/06/2002,SDF,KY,ASO,CE,Towers with Radar,332,159,75,11,577,0,0,9,9,18,332,159,84,20,595,0,0,0,595
03/07/2002,SDF,KY,ASO,CE,Towers with Radar,341,178,65,4,588,0,0,7,10,17,341,178,72,14,605,0,0,0,605
03/08/2002,SDF,KY,ASO,CE,Towers with Radar,316,167,48,9,540,0,2,8,0,10,316,169,56,9,550,0,0,0,550
03/09/2002,SDF,KY,ASO,CE,Towers with Radar,228,106,17,0,351,0,0,2,3,5,228,106,19,3,356,0,0,0,356
03/10/2002,SDF,KY,ASO,CE,Towers with Radar,105,101,44,4,254,0,0,8,0,8,105,101,52,4,262,0,0,0,262
03/11/2002,SDF,KY,ASO,CE,Towers with Radar,160,153,49,5,367,0,0,10,1,11,160,153,59,6,378,0,0,0,378
03/12/2002,SDF,KY,ASO,CE,Towers with Radar,337,177,57,11,582,0,0,2,8,10,337,177,59,19,592,0,0,0,592
03/13/2002,SDF,KY,ASO,CE,Towers with Radar,341,171,71,5,588,0,0,7,6,13,341,171,78,11,601,0,0,0,601
03/14/2002,SDF,KY,ASO,CE,Towers with Radar,345,167,64,5,581,0,0,7,6,13,345,167,71,11,594,0,0,0,594
03/15/2002,SDF,KY,ASO,CE,Towers with Radar,310,161,47,11,529,0,0,5,5,10,310,161,52,16,539,0,0,0,539
03/16/2002,SDF,KY,ASO,CE,Towers with Radar,244,123,35,3,405,0,2,4,6,12,244,125,39,9,417,0,0,0,417
03/17/2002,SDF,KY,ASO,CE,Towers with Radar,129,86,27,3,245,0,14,0,7,21,129,100,27,10,266,0,0,0,266
03/18/2002,SDF,KY,ASO,CE,Towers with Radar,160,153,74,4,391,0,0,3,0,3,160,153,77,4,394,0,0,0,394
03/19/2002,SDF,KY,ASO,CE,Towers with Radar,337,180,77,6,600,0,0,1,1,2,337,180,78,7,602,0,0,0,602
03/20/2002,SDF,KY,ASO,CE,Towers with Radar,335,175,95,6,611,0,0,1,3,4,335,175,96,9,615,0,0,0,615
03/21/2002,SDF,KY,ASO,CE,Towers with Radar,347,171,147,2,667,0,1,4,3,8,347,172,151,5,675,0,0,0,675
03/22/2002,SDF,KY,ASO,CE,Towers with Radar,320,162,82,7,571,0,0,24,1,25,320,162,106,8,596,0,0,0,596
03/23/2002,SDF,KY,ASO,CE,Towers with Radar,219,100,57,3,379,0,1,21,4,26,219,101,78,7,405,0,0,0,405
03/24/2002,SDF,KY,ASO,CE,Towers with Radar,131,103,44,4,282,0,0,8,2,10,131,103,52,6,292,0,0,0,292
03/25/2002,SDF,KY,ASO,CE,Towers with Radar,156,128,47,5,336,0,2,1,1,4,156,130,48,6,340,0,0,0,340
03/26/2002,SDF,KY,ASO,CE,Towers with Radar,290,162,58,4,514,53,8,0,0,61,343,170,58,4,575,0,0,0,575
03/27/2002,SDF,KY,ASO,CE,Towers with Radar,348,173,71,3,595,0,0,8,5,13,348,173,79,8,608,0,0,0,608
03/28/2002,SDF,KY,ASO,CE,Towers with Radar,335,168,75,2,580,0,2,9,1,12,335,170,84,3,592,0,0,0,592
03/29/2002,SDF,KY,ASO,CE,Towers with Radar,283,146,63,5,497,33,0,29,19,81,316,146,92,24,578,0,0,0,578
03/30/2002,SDF,KY,ASO,CE,Towers with Radar,216,118,39,0,373,0,0,7,0,7,216,118,46,0,380,0,0,0,380
03/31/2002,SDF,KY,ASO,CE,Towers with Radar,128,111,40,1,280,0,0,4,3,7,128,111,44,4,287,0,0,0,287
04/01/2002,SDF,KY,ASO,CE,Towers with Radar,167,125,31,4,327,1,0,14,4,19,168,125,45,8,346,0,0,0,346
04/02/2002,SDF,KY,ASO,CE,Towers with Radar,330,168,51,7,556,1,0,6,3,10,331,168,57,10,566,0,0,0,566
04/03/2002,SDF,KY,ASO,CE,Towers with Radar,338,180,75,9,602,1,0,12,2,15,339,180,87,11,617,0,0,0,617
04/04/2002,SDF,KY,ASO,CE,Towers with Radar,345,159,71,7,582,1,0,10,3,14,346,159,81,10,596,0,0,0,596
04/05/2002,SDF,KY,ASO,CE,Towers with Radar,316,149,51,3,519,1,0,9,0,10,317,149,60,3,529,0,0,0,529
04/06/2002,SDF,KY,ASO,CE,Towers with Radar,221,118,31,1,371,1,0,9,3,13,222,118,40,4,384,0,0,0,384
04/07/2002,SDF,KY,ASO,CE,Towers with Radar,127,107,38,5,277,1,0,5,1,7,128,107,43,6,284,0,0,0,284
04/08/2002,SDF,KY,ASO,CE,Towers with Radar,159,141,51,1,352,1,0,1,0,2,160,141,52,1,354,0,0,0,354
04/09/2002,SDF,KY,ASO,CE,Towers with Radar,349,179,55,6,589,1,0,2,10,13,350,179,57,16,602,0,0,0,602
04/10/2002,SDF,KY,ASO,CE,Towers with Radar,384,171,76,3,634,1,0,10,9,20,385,171,86,12,654,0,0,0,654
04/11/2002,SDF,KY,ASO,CE,Towers with Radar,302,159,68,5,534,1,0,10,10,21,303,159,78,15,555,0,0,0,555
04/12/2002,SDF,KY,ASO,CE,Towers with Radar,329,163,52,14,558,1,0,5,2,8,330,163,57,16,566,0,0,0,566
04/13/2002,SDF,KY,ASO,CE,Towers with Radar,227,132,34,11,404,1,0,2,0,3,228,132,36,11,407,0,0,0,407
04/14/2002,SDF,KY,ASO,CE,Towers with Radar,121,116,45,9,291,1,0,2,0,3,122,116,47,9,294,0,0,0,294
04/15/2002,SDF,KY,ASO,CE,Towers with Radar,167,155,73,6,401,1,0,4,4,9,168,155,77,10,410,0,0,0,410
04/16/2002,SDF,KY,ASO,CE,Towers with Radar,347,165,80,5,597,0,0,14,3,17,347,165,94,8,614,0,0,0,614
04/17/2002,SDF,KY,ASO,CE,Towers with Radar,351,177,76,5,609,0,0,9,3,12,351,177,85,8,621,0,0,0,621
04/18/2002,SDF,KY,ASO,CE,Towers with Radar,345,176,106,16,643,0,0,16,0,16,345,176,122,16,659,0,0,0,659
04/19/2002,SDF,KY,ASO,CE,Towers with Radar,327,159,71,14,571,0,0,8,2,10,327,159,79,16,581,0,0,0,581
04/20/2002,SDF,KY,ASO,CE,Towers with Radar,201,114,27,6,348,34,7,0,18,59,235,121,27,24,407,0,0,0,407
04/21/2002,SDF,KY,ASO,CE,Towers with Radar,134,88,28,5,255,0,13,0,10,23,134,101,28,15,278,0,0,0,278
04/22/2002,SDF,KY,ASO,CE,Towers with Radar,167,131,49,7,354,0,22,4,8,34,167,153,53,15,388,0,0,0,388
04/23/2002,SDF,KY,ASO,CE,Towers with Radar,308,173,66,9,556,36,0,11,9,56,344,173,77,18,612,0,0,0,612
04/24/2002,SDF,KY,ASO,CE,Towers with Radar,330,175,77,7,589,0,0,6,1,7,330,175,83,8,596,0,0,0,596
04/25/2002,SDF,KY,ASO,CE,Towers with Radar,363,173,80,8,624,0,0,23,3,26,363,173,103,11,650,0,0,0,650
04/26/2002,SDF,KY,ASO,CE,Towers with Radar,329,163,51,7,550,0,0,24,1,25,329,163,75,8,575,0,0,0,575
04/27/2002,SDF,KY,ASO,CE,Towers with Radar,223,119,23,1,366,0,0,24,2,26,223,119,47,3,392,0,0,0,392
04/28/2002,SDF,KY,ASO,CE,Towers with Radar,127,108,34,5,274,0,0,8,2,10,127,108,42,7,284,0,0,0,284
04/29/2002,SDF,KY,ASO,CE,Towers with Radar,169,144,84,14,411,0,0,9,5,14,169,144,93,19,425,0,0,0,425
04/30/2002,SDF,KY,ASO,CE,Towers with Radar,343,173,87,9,612,0,0,10,1,11,343,173,97,10,623,0,0,0,623
05/01/2002,SDF,KY,ASO,CE,Towers with Radar,329,180,89,2,600,0,1,4,5,10,329,181,93,7,610,0,0,0,610
05/02/2002,SDF,KY,ASO,CE,Towers with Radar,363,195,163,5,726,0,1,3,2,6,363,196,166,7,732,0,0,0,732
05/03/2002,SDF,KY,ASO,CE,Towers with Radar,324,190,154,14,682,0,1,37,9,47,324,191,191,23,729,0,0,0,729
05/04/2002,SDF,KY,ASO,CE,Towers with Radar,222,183,168,4,577,0,1,21,2,24,222,184,189,6,601,0,0,0,601
05/05/2002,SDF,KY,ASO,CE,Towers with Radar,137,186,213,6,542,0,1,7,0,8,137,187,220,6,550,0,0,0,550
05/06/2002,SDF,KY,ASO,CE,Towers with Radar,169,146,55,3,373,0,1,2,1,4,169,147,57,4,377,0,0,0,377
05/07/2002,SDF,KY,ASO,CE,Towers with Radar,352,193,63,4,612,0,1,8,4,13,352,194,71,8,625,0,0,0,625
05/08/2002,SDF,KY,ASO,CE,Towers with Radar,337,185,72,6,600,0,1,6,4,11,337,186,78,10,611,0,0,0,611
05/09/2002,SDF,KY,ASO,CE,Towers with Radar,351,180,79,5,615,0,1,1,6,8,351,181,80,11,623,0,0,0,623
05/10/2002,SDF,KY,ASO,CE,Towers with Radar,322,168,63,7,560,0,1,10,3,14,322,169,73,10,574,0,0,0,574
05/11/2002,SDF,KY,ASO,CE,Towers with Radar,227,125,27,2,381,0,1,2,3,6,227,126,29,5,387,0,0,0,387
05/12/2002,SDF,KY,ASO,CE,Towers with Radar,129,99,17,2,247,0,1,1,2,4,129,100,18,4,251,0,0,0,251
05/13/2002,SDF,KY,ASO,CE,Towers with Radar,171,142,38,8,359,0,1,3,0,4,171,143,41,8,363,0,0,0,363
05/14/2002,SDF,KY,ASO,CE,Towers with Radar,353,185,89,9,636,0,1,14,4,19,353,186,103,13,655,0,0,0,655
05/15/2002,SDF,KY,ASO,CE,Towers with Radar,295,174,83,6,558,53,8,3,18,82,348,182,86,24,640,0,0,0,640
05/16/2002,SDF,KY,ASO,CE,Towers with Radar,341,194,106,6,647,0,2,7,5,14,341,196,113,11,661,0,0,0,661
05/17/2002,SDF,KY,ASO,CE,Towers with Radar,324,147,64,4,539,0,1,1,0,2,324,148,65,4,541,0,0,0,541
05/18/2002,SDF,KY,ASO,CE,Towers with Radar,229,124,23,4,380,0,1,7,1,9,229,125,30,5,389,0,0,0,389
05/19/2002,SDF,KY,ASO,CE,Towers with Radar,133,112,30,6,281,0,1,4,0,5,133,113,34,6,286,0,0,0,286
05/20/2002,SDF,KY,ASO,CE,Towers with Radar,165,138,91,9,403,0,1,13,1,15,165,139,104,10,418,0,0,0,418
05/21/2002,SDF,KY,ASO,CE,Towers with Radar,352,165,68,5,590,0,1,12,12,25,352,166,80,17,615,0,0,0,615
05/22/2002,SDF,KY,ASO,CE,Towers with Radar,337,178,74,11,600,0,2,23,7,32,337,180,97,18,632,0,0,0,632
05/23/2002,SDF,KY,ASO,CE,Towers with Radar,341,179,96,8,624,4,0,22,5,31,345,179,118,13,655,0,0,0,655
05/24/2002,SDF,KY,ASO,CE,Towers with Radar,317,182,61,4,564,5,0,0,0,5,322,182,61,4,569,0,0,0,569
05/25/2002,SDF,KY,ASO,CE,Towers with Radar,223,113,21,5,362,0,0,9,2,11,223,113,30,7,373,0,0,0,373
05/26/2002,SDF,KY,ASO,CE,Towers with Radar,107,93,14,0,214,0,0,5,0,5,107,93,19,0,219,0,0,0,219
05/27/2002,SDF,KY,ASO,CE,Towers with Radar,115,112,29,0,256,0,0,7,0,7,115,112,36,0,263,0,0,0,263
05/28/2002,SDF,KY,ASO,CE,Towers with Radar,217,152,70,11,450,0,0,5,1,6,217,152,75,12,456,0,0,0,456
05/29/2002,SDF,KY,ASO,CE,Towers with Radar,341,193,92,9,635,0,0,7,2,9,341,193,99,11,644,0,0,0,644
05/30/2002,SDF,KY,ASO,CE,Towers with Radar,351,178,79,12,620,0,0,17,7,24,351,178,96,19,644,0,0,0,644
05/31/2002,SDF,KY,ASO,CE,Towers with Radar,313,171,64,19,567,0,0,10,7,17,313,171,74,26,584,0,0,0,584
06/01/2002,SDF,KY,ASO,CE,Towers with Radar,215,128,30,5,378,0,1,6,0,7,215,129,36,5,385,0,0,0,385
06/02/2002,SDF,KY,ASO,CE,Towers with Radar,126,120,43,15,304,0,1,7,2,10,126,121,50,17,314,0,0,0,314
06/03/2002,SDF,KY,ASO,CE,Towers with Radar,159,146,60,10,375,0,1,5,2,8,159,147,65,12,383,0,0,0,383
06/04/2002,SDF,KY,ASO,CE,Towers with Radar,298,161,65,7,531,35,0,0,0,35,333,161,65,7,566,0,0,0,566
06/05/2002,SDF,KY,ASO,CE,Towers with Radar,333,154,63,6,556,0,1,4,4,9,333,155,67,10,565,0,0,0,565
06/06/2002,SDF,KY,ASO,CE,Towers with Radar,343,190,68,9,610,0,1,10,3,14,343,191,78,12,624,0,0,0,624
06/07/2002,SDF,KY,ASO,CE,Towers with Radar,315,170,61,20,566,0,1,9,4,14,315,171,70,24,580,0,0,0,580
06/08/2002,SDF,KY,ASO,CE,Towers with Radar,209,124,46,5,384,7,0,0,2,9,216,124,46,7,393,0,0,0,393
06/09/2002,SDF,KY,ASO,CE,Towers with Radar,147,106,37,9,299,0,1,14,2,17,147,107,51,11,316,0,0,0,316
06/10/2002,SDF,KY,ASO,CE,Towers with Radar,161,150,72,11,394,0,1,15,3,19,161,151,87,14,413,0,0,0,413
06/11/2002,SDF,KY,ASO,CE,Towers with Radar,340,184,73,6,603,0,1,11,9,21,340,185,84,15,624,0,0,0,624
06/12/2002,SDF,KY,ASO,CE,Towers with Radar,340,176,66,7,589,0,1,8,9,18,340,177,74,16,607,0,0,0,607
06/13/2002,SDF,KY,ASO,CE,Towers with Radar,296,177,64,8,545,39,0,0,0,39,335,177,64,8,584,0,0,0,584
06/14/2002,SDF,KY,ASO,CE,Towers with Radar,312,182,57,10,561,0,1,15,8,24,312,183,72,18,585,0,0,0,585
06/15/2002,SDF,KY,ASO,CE,Towers with Radar,227,119,21,5,372,0,1,13,3,17,227,120,34,8,389,0,0,0,389
06/16/2002,SDF,KY,ASO,CE,Towers with Radar,141,128,53,1,323,0,1,11,4,16,141,129,64,5,339,0,0,0,339
06/17/2002,SDF,KY,ASO,CE,Towers with Radar,159,161,66,15,401,0,2,14,2,18,159,163,80,17,419,0,0,0,419
06/18/2002,SDF,KY,ASO,CE,Towers with Radar,336,188,80,2,606,0,1,13,6,20,336,189,93,8,626,0,0,0,626
06/19/2002,SDF,KY,ASO,CE,Towers with Radar,326,177,77,12,592,0,2,21,2,25,326,179,98,14,617,0,0,0,617
06/20/2002,SDF,KY,ASO,CE,Towers with Radar,338,173,74,7,592,0,1,17,10,28,338,174,91,17,620,0,0,0,620
06/21/2002,SDF,KY,ASO,CE,Towers with Radar,304,175,51,13,543,0,1,29,3,33,304,176,80,16,576,0,0,0,576
06/22/2002,SDF,KY,ASO,CE,Towers with Radar,217,130,37,5,389,2,2,0,2,6,219,132,37,7,395,0,0,0,395
06/23/2002,SDF,KY,ASO,CE,Towers with Radar,128,128,30,4,290,0,1,9,1,11,128,129,39,5,301,0,0,0,301
06/24/2002,SDF,KY,ASO,CE,Towers with Radar,160,159,72,4,395,0,1,7,4,12,160,160,79,8,407,0,0,0,407
06/25/2002,SDF,KY,ASO,CE,Towers with Radar,331,178,83,3,595,0,0,8,6,14,331,178,91,9,609,0,0,0,609
06/26/2002,SDF,KY,ASO,CE,Towers with Radar,329,184,66,3,582,0,1,10,11,22,329,185,76,14,604,0,0,0,604
06/27/2002,SDF,KY,ASO,CE,Towers with Radar,326,187,72,5,590,0,0,12,5,17,326,187,84,10,607,0,0,0,607
06/28/2002,SDF,KY,ASO,CE,Towers with Radar,325,168,62,8,563,0,0,16,3,19,325,168,78,11,582,0,0,0,582
06/29/2002,SDF,KY,ASO,CE,Towers with Radar,223,137,58,3,421,0,0,5,2,7,223,137,63,5,428,0,0,0,428
06/30/2002,SDF,KY,ASO,CE,Towers with Radar,143,124,64,2,333,0,0,4,1,5,143,124,68,3,338,0,0,0,338
07/01/2002,SDF,KY,ASO,CE,Towers with Radar,156,138,57,5,356,0,1,5,7,13,156,139,62,12,369,0,0,0,369
07/02/2002,SDF,KY,ASO,CE,Towers with Radar,351,167,37,8,563,0,2,5,6,13,351,169,42,14,576,0,0,0,576
07/03/2002,SDF,KY,ASO,CE,Towers with Radar,339,174,49,11,573,0,1,14,12,27,339,175,63,23,600,0,0,0,600
07/04/2002,SDF,KY,ASO,CE,Towers with Radar,168,109,23,1,301,0,1,4,0,5,168,110,27,1,306,0,0,0,306
07/05/2002,SDF,KY,ASO,CE,Towers with Radar,227,127,32,5,391,0,1,7,1,9,227,128,39,6,400,0,0,0,400
07/06/2002,SDF,KY,ASO,CE,Towers with Radar,189,111,39,0,339,27,7,0,0,34,216,118,39,0,373,0,0,0,373
07/07/2002,SDF,KY,ASO,CE,Towers with Radar,137,118,42,4,301,0,1,5,2,8,137,119,47,6,309,0,0,0,309
07/08/2002,SDF,KY,ASO,CE,Towers with Radar,161,154,63,8,386,0,1,1,0,2,161,155,64,8,388,0,0,0,388
07/09/2002,SDF,KY,ASO,CE,Towers with Radar,305,160,75,4,544,0,2,8,4,14,305,162,83,8,558,0,0,0,558
07/10/2002,SDF,KY,ASO,CE,Towers with Radar,362,190,55,8,615,0,1,5,3,9,362,191,60,11,624,0,0,0,624
07/11/2002,SDF,KY,ASO,CE,Towers with Radar,321,165,58,9,553,0,1,8,9,18,321,166,66,18,571,0,0,0,571
07/12/2002,SDF,KY,ASO,CE,Towers with Radar,311,149,53,4,517,0,1,10,2,13,311,150,63,6,530,0,0,0,530
07/13/2002,SDF,KY,ASO,CE,Towers with Radar,213,114,36,11,374,0,1,0,4,5,213,115,36,15,379,0,0,0,379
07/14/2002,SDF,KY,ASO,CE,Towers with Radar,135,124,43,14,316,0,1,0,7,8,135,125,43,21,324,0,0,0,324
07/15/2002,SDF,KY,ASO,CE,Towers with Radar,159,149,65,3,376,0,1,6,1,8,159,150,71,4,384,0,0,0,384
07/16/2002,SDF,KY,ASO,CE,Towers with Radar,334,177,63,2,576,0,4,9,0,13,334,181,72,2,589,0,0,0,589
07/17/2002,SDF,KY,ASO,CE,Towers with Radar,334,182,95,7,618,0,1,6,3,10,334,183,101,10,628,0,0,0,628
07/18/2002,SDF,KY,ASO,CE,Towers with Radar,322,184,107,21,634,0,1,18,2,21,322,185,125,23,655,0,0,0,655
07/19/2002,SDF,KY,ASO,CE,Towers with Radar,310,162,77,8,557,0,0,67,0,67,310,162,144,8,624,0,0,0,624
07/20/2002,SDF,KY,ASO,CE,Towers with Radar,212,129,52,5,398,0,3,7,5,15,212,132,59,10,413,0,0,0,413
07/21/2002,SDF,KY,ASO,CE,Towers with Radar,131,119,62,6,318,0,1,5,0,6,131,120,67,6,324,0,0,0,324
07/22/2002,SDF,KY,ASO,CE,Towers with Radar,167,141,43,4,355,0,1,14,0,15,167,142,57,4,370,0,0,0,370
07/23/2002,SDF,KY,ASO,CE,Towers with Radar,338,174,81,10,603,0,1,9,1,11,338,175,90,11,614,0,0,0,614
07/24/2002,SDF,KY,ASO,CE,Towers with Radar,337,189,73,2,601,0,1,9,2,12,337,190,82,4,613,0,0,0,613
07/25/2002,SDF,KY,ASO,CE,Towers with Radar,328,163,77,6,574,0,1,9,2,12,328,164,86,8,586,0,0,0,586
07/26/2002,SDF,KY,ASO,CE,Towers with Radar,307,163,51,1,522,0,1,7,1,9,307,164,58,2,531,0,0,0,531
07/27/2002,SDF,KY,ASO,CE,Towers with Radar,219,118,41,7,385,0,1,6,1,8,219,119,47,8,393,0,0,0,393
07/28/2002,SDF,KY,ASO,CE,Towers with Radar,127,114,32,5,278,1,0,5,1,7,128,114,37,6,285,0,0,0,285
07/29/2002,SDF,KY,ASO,CE,Towers with Radar,164,144,48,3,359,0,0,11,5,16,164,144,59,8,375,0,0,0,375
07/30/2002,SDF,KY,ASO,CE,Towers with Radar,340,174,97,8,619,0,0,5,14,19,340,174,102,22,638,0,0,0,638
07/31/2002,SDF,KY,ASO,CE,Towers with Radar,326,173,68,14,581,0,1,9,8,18,326,174,77,22,599,0,0,0,599
08/01/2002,SDF,KY,ASO,CE,Towers with Radar,327,179,70,18,594,0,1,19,5,25,327,180,89,23,619,0,0,0,619
08/02/2002,SDF,KY,ASO,CE,Towers with Radar,311,165,78,9,563,0,0,15,1,16,311,165,93,10,579,0,0,0,579
08/03/2002,SDF,KY,ASO,CE,Towers with Radar,219,129,27,17,392,0,0,9,0,9,219,129,36,17,401,0,0,0,401
08/04/2002,SDF,KY,ASO,CE,Towers with Radar,121,119,44,3,287,0,0,9,3,12,121,119,53,6,299,0,0,0,299
08/05/2002,SDF,KY,ASO,CE,Towers with Radar,158,151,60,8,377,0,0,11,2,13,158,151,71,10,390,0,0,0,390
08/06/2002,SDF,KY,ASO,CE,Towers with Radar,339,167,64,14,584,0,0,9,5,14,339,167,73,19,598,0,0,0,598
08/07/2002,SDF,KY,ASO,CE,Towers with Radar,328,166,61,10,565,0,0,13,4,17,328,166,74,14,582,0,0,0,582
08/08/2002,SDF,KY,ASO,CE,Towers with Radar,334,167,57,2,560,0,1,17,1,19,334,168,74,3,579,0,0,0,579
08/09/2002,SDF,KY,ASO,CE,Towers with Radar,306,156,64,1,527,0,0,16,0,16,306,156,80,1,543,0,0,0,543
08/10/2002,SDF,KY,ASO,CE,Towers with Radar,208,119,30,4,361,0,0,15,2,17,208,119,45,6,378,0,0,0,378
08/11/2002,SDF,KY,ASO,CE,Towers with Radar,131,108,23,1,263,0,0,3,2,5,131,108,26,3,268,0,0,0,268
08/12/2002,SDF,KY,ASO,CE,Towers with Radar,157,147,69,5,378,0,0,6,1,7,157,147,75,6,385,0,0,0,385
08/13/2002,SDF,KY,ASO,CE,Towers with Radar,323,177,49,7,556,0,0,6,2,8,323,177,55,9,564,0,0,0,564
08/14/2002,SDF,KY,ASO,CE,Towers with Radar,330,183,66,12,591,0,0,8,2,10,330,183,74,14,601,0,0,0,601
08/15/2002,SDF,KY,ASO,CE,Towers with Radar,328,176,83,4,591,0,0,10,1,11,328,176,93,5,602,0,0,0,602
08/16/2002,SDF,KY,ASO,CE,Towers with Radar,306,171,69,7,553,0,0,20,2,22,306,171,89,9,575,0,0,0,575
08/17/2002,SDF,KY,ASO,CE,Towers with Radar,232,124,37,5,398,0,0,3,0,3,232,124,40,5,401,0,0,0,401
08/18/2002,SDF,KY,ASO,CE,Towers with Radar,136,124,56,4,320,0,0,3,0,3,136,124,59,4,323,0,0,0,323
08/19/2002,SDF,KY,ASO,CE,Towers with Radar,159,140,68,1,368,0,0,4,0,4,159,140,72,1,372,0,0,0,372
08/20/2002,SDF,KY,ASO,CE,Towers with Radar,333,184,84,0,601,0,0,11,11,22,333,184,95,11,623,0,0,0,623
08/21/2002,SDF,KY,ASO,CE,Towers with Radar,328,177,81,6,592,0,0,13,3,16,328,177,94,9,608,0,0,0,608
08/22/2002,SDF,KY,ASO,CE,Towers with Radar,325,173,73,6,577,0,1,26,7,34,325,174,99,13,611,0,0,0,611
08/23/2002,SDF,KY,ASO,CE,Towers with Radar,312,180,74,8,574,0,0,12,3,15,312,180,86,11,589,0,0,0,589
08/24/2002,SDF,KY,ASO,CE,Towers with Radar,206,119,45,5,375,15,0,0,1,16,221,119,45,6,391,0,0,0,391
08/25/2002,SDF,KY,ASO,CE,Towers with Radar,132,118,60,4,314,0,1,10,1,12,132,119,70,5,326,0,0,0,326
08/26/2002,SDF,KY,ASO,CE,Towers with Radar,166,146,55,10,377,0,0,22,3,25,166,146,77,13,402,0,0,0,402
08/27/2002,SDF,KY,ASO,CE,Towers with Radar,333,193,83,16,625,0,0,3,8,11,333,193,86,24,636,0,0,0,636
08/28/2002,SDF,KY,ASO,CE,Towers with Radar,346,192,60,6,604,0,0,10,9,19,346,192,70,15,623,0,0,0,623
08/29/2002,SDF,KY,ASO,CE,Towers with Radar,333,176,57,2,568,0,0,11,8,19,333,176,68,10,587,0,0,0,587
08/30/2002,SDF,KY,ASO,CE,Towers with Radar,318,177,37,9,541,0,0,17,2,19,318,177,54,11,560,0,0,0,560
08/31/2002,SDF,KY,ASO,CE,Towers with Radar,190,113,19,4,326,15,19,0,1,35,205,132,19,5,361,0,0,0,361
09/01/2002,SDF,KY,ASO,CE,Towers with Radar,99,81,16,3,199,0,0,4,7,11,99,81,20,10,210,0,0,0,210
09/02/2002,SDF,KY,ASO,CE,Towers with Radar,117,124,24,2,267,0,0,11,2,13,117,124,35,4,280,0,0,0,280
09/03/2002,SDF,KY,ASO,CE,Towers with Radar,205,154,52,5,416,0,0,15,8,23,205,154,67,13,439,0,0,0,439
09/04/2002,SDF,KY,ASO,CE,Towers with Radar,338,191,50,18,597,0,0,17,6,23,338,191,67,24,620,0,0,0,620
09/05/2002,SDF,KY,ASO,CE,Towers with Radar,342,179,78,9,608,0,1,20,8,29,342,180,98,17,637,0,0,0,637
09/06/2002,SDF,KY,ASO,CE,Towers with Radar,307,169,45,3,524,0,0,10,1,11,307,169,55,4,535,0,0,0,535
09/07/2002,SDF,KY,ASO,CE,Towers with Radar,188,118,37,4,347,19,4,0,1,24,207,122,37,5,371,0,0,0,371
09/08/2002,SDF,KY,ASO,CE,Towers with Radar,127,112,44,5,288,0,0,3,0,3,127,112,47,5,291,0,0,0,291
09/09/2002,SDF,KY,ASO,CE,Towers with Radar,161,143,42,3,349,0,0,18,2,20,161,143,60,5,369,0,0,0,369
09/10/2002,SDF,KY,ASO,CE,Towers with Radar,317,161,72,2,552,0,0,11,10,21,317,161,83,12,573,0,0,0,573
09/11/2002,SDF,KY,ASO,CE,Towers with Radar,325,166,73,1,565,0,0,10,1,11,325,166,83,2,576,0,0,0,576
09/12/2002,SDF,KY,ASO,CE,Towers with Radar,331,177,75,7,590,0,0,4,0,4,331,177,79,7,594,0,0,0,594
09/13/2002,SDF,KY,ASO,CE,Towers with Radar,305,172,48,9,534,0,0,15,4,19,305,172,63,13,553,0,0,0,553
09/14/2002,SDF,KY,ASO,CE,Towers with Radar,210,117,34,4,365,0,0,3,1,4,210,117,37,5,369,0,0,0,369
09/15/2002,SDF,KY,ASO,CE,Towers with Radar,132,108,58,6,304,0,0,1,0,1,132,108,59,6,305,0,0,0,305
09/16/2002,SDF,KY,ASO,CE,Towers with Radar,167,161,70,6,404,0,0,10,2,12,167,161,80,8,416,0,0,0,416
09/17/2002,SDF,KY,ASO,CE,Towers with Radar,325,181,60,5,571,0,1,10,5,16,325,182,70,10,587,0,0,0,587
09/18/2002,SDF,KY,ASO,CE,Towers with Radar,328,191,68,6,593,0,0,11,7,18,328,191,79,13,611,0,0,0,611
09/19/2002,SDF,KY,ASO,CE,Towers with Radar,321,176,100,12,609,0,0,19,6,25,321,176,119,18,634,0,0,0,634
09/20/2002,SDF,KY,ASO,CE,Towers with Radar,312,170,49,5,536,0,0,6,2,8,312,170,55,7,544,0,0,0,544
09/21/2002,SDF,KY,ASO,CE,Towers with Radar,219,127,28,5,379,0,0,8,0,8,219,127,36,5,387,0,0,0,387
09/22/2002,SDF,KY,ASO,CE,Towers with Radar,136,120,51,3,310,0,0,5,0,5,136,120,56,3,315,0,0,0,315
09/23/2002,SDF,KY,ASO,CE,Towers with Radar,162,153,48,7,370,0,0,16,4,20,162,153,64,11,390,0,0,0,390
09/24/2002,SDF,KY,ASO,CE,Towers with Radar,322,175,64,7,568,0,0,11,11,22,322,175,75,18,590,0,0,0,590
09/25/2002,SDF,KY,ASO,CE,Towers with Radar,335,179,68,17,599,0,0,8,6,14,335,179,76,23,613,0,0,0,613
09/26/2002,SDF,KY,ASO,CE,Towers with Radar,326,179,79,7,591,0,0,2,1,3,326,179,81,8,594,0,0,0,594
09/27/2002,SDF,KY,ASO,CE,Towers with Radar,314,178,60,5,557,0,0,5,3,8,314,178,65,8,565,0,0,0,565
09/28/2002,SDF,KY,ASO,CE,Towers with Radar,201,125,43,3,372,13,5,0,0,18,214,130,43,3,390,0,0,0,390
09/29/2002,SDF,KY,ASO,CE,Towers with Radar,139,121,60,4,324,0,0,10,2,12,139,121,70,6,336,0,0,0,336
09/30/2002,SDF,KY,ASO,CE,Towers with Radar,161,144,67,1,373,0,0,6,1,7,161,144,73,2,380,0,0,0,380
10/01/2002,SDF,KY,ASO,CE,Towers with Radar,328,176,80,5,589,0,1,8,11,20,328,177,88,16,609,0,0,0,609
10/02/2002,SDF,KY,ASO,CE,Towers with Radar,340,182,58,6,586,0,1,26,7,34,340,183,84,13,620,0,0,0,620
10/03/2002,SDF,KY,ASO,CE,Towers with Radar,335,182,99,7,623,0,1,5,13,19,335,183,104,20,642,0,0,0,642
10/04/2002,SDF,KY,ASO,CE,Towers with Radar,292,170,45,4,511,0,1,5,2,8,292,171,50,6,519,0,0,0,519
10/05/2002,SDF,KY,ASO,CE,Towers with Radar,203,120,26,1,350,0,1,6,4,11,203,121,32,5,361,0,0,0,361
10/06/2002,SDF,KY,ASO,CE,Towers with Radar,126,118,37,5,286,0,1,7,2,10,126,119,44,7,296,0,0,0,296
10/07/2002,SDF,KY,ASO,CE,Towers with Radar,161,159,107,13,440,0,1,10,4,15,161,160,117,17,455,0,0,0,455
10/08/2002,SDF,KY,ASO,CE,Towers with Radar,313,184,63,3,563,0,1,5,4,10,313,185,68,7,573,0,0,0,573
10/09/2002,SDF,KY,ASO,CE,Towers with Radar,320,200,64,23,607,0,3,3,4,10,320,203,67,27,617,0,0,0,617
10/10/2002,SDF,KY,ASO,CE,Towers with Radar,298,193,65,5,561,20,0,0,0,20,318,193,65,5,581,0,0,0,581
10/11/2002,SDF,KY,ASO,CE,Towers with Radar,297,195,76,8,576,0,0,13,2,15,297,195,89,10,591,0,0,0,591
10/12/2002,SDF,KY,ASO,CE,Towers with Radar,212,147,37,1,397,0,1,4,0,5,212,148,41,1,402,0,0,0,402
10/13/2002,SDF,KY,ASO,CE,Towers with Radar,144,132,75,4,355,0,0,8,0,8,144,132,83,4,363,0,0,0,363
10/14/2002,SDF,KY,ASO,CE,Towers with Radar,153,162,69,3,387,0,0,11,0,11,153,162,80,3,398,0,0,0,398
10/15/2002,SDF,KY,ASO,CE,Towers with Radar,314,203,68,1,586,0,0,5,0,5,314,203,73,1,591,0,0,0,591
10/16/2002,SDF,KY,ASO,CE,Towers with Radar,325,204,67,11,607,0,0,10,2,12,325,204,77,13,619,0,0,0,619
10/17/2002,SDF,KY,ASO,CE,Towers with Radar,342,204,77,4,627,0,0,9,5,14,342,204,86,9,641,0,0,0,641
10/18/2002,SDF,KY,ASO,CE,Towers with Radar,305,186,54,7,552,0,0,8,3,11,305,186,62,10,563,0,0,0,563
10/19/2002,SDF,KY,ASO,CE,Towers with Radar,213,133,32,2,380,0,0,1,0,1,213,133,33,2,381,0,0,0,381
10/20/2002,SDF,KY,ASO,CE,Towers with Radar,132,138,64,8,342,0,0,6,0,6,132,138,70,8,348,0,0,0,348
10/21/2002,SDF,KY,ASO,CE,Towers with Radar,161,162,69,14,406,0,0,10,3,13,161,162,79,17,419,0,0,0,419
10/22/2002,SDF,KY,ASO,CE,Towers with Radar,333,200,63,5,601,0,1,16,6,23,333,201,79,11,624,0,0,0,624
10/23/2002,SDF,KY,ASO,CE,Towers with Radar,324,196,68,7,595,0,0,14,5,19,324,196,82,12,614,0,0,0,614
10/24/2002,SDF,KY,ASO,CE,Towers with Radar,325,180,81,5,591,0,0,17,13,30,325,180,98,18,621,0,0,0,621
10/25/2002,SDF,KY,ASO,CE,Towers with Radar,309,187,61,3,560,0,0,3,4,7,309,187,64,7,567,0,0,0,567
10/26/2002,SDF,KY,ASO,CE,Towers with Radar,216,143,43,2,404,0,0,1,1,2,216,143,44,3,406,0,0,0,406
10/27/2002,SDF,KY,ASO,CE,Towers with Radar,124,127,48,4,303,0,0,2,0,2,124,127,50,4,305,0,0,0,305
10/28/2002,SDF,KY,ASO,CE,Towers with Radar,148,169,61,6,384,0,1,3,1,5,148,170,64,7,389,0,0,0,389
10/29/2002,SDF,KY,ASO,CE,Towers with Radar,322,200,72,8,602,0,0,0,1,1,322,200,72,9,603,0,0,0,603
10/30/2002,SDF,KY,ASO,CE,Towers with Radar,322,193,75,9,599,0,0,13,0,13,322,193,88,9,612,0,0,0,612
10/31/2002,SDF,KY,ASO,CE,Towers with Radar,331,199,78,1,609,0,0,10,6,16,331,199,88,7,625,0,0,0,625
11/01/2002,SDF,KY,ASO,CE,Towers with Radar,297,190,45,4,536,0,2,15,1,18,297,192,60,5,554,0,0,0,554
11/02/2002,SDF,KY,ASO,CE,Towers with Radar,211,132,37,4,384,0,0,6,2,8,211,132,43,6,392,0,0,0,392
11/03/2002,SDF,KY,ASO,CE,Towers with Radar,124,138,41,10,313,0,0,6,2,8,124,138,47,12,321,0,0,0,321
11/04/2002,SDF,KY,ASO,CE,Towers with Radar,154,175,44,13,386,0,0,4,0,4,154,175,48,13,390,0,0,0,390
11/05/2002,SDF,KY,ASO,CE,Towers with Radar,315,184,61,8,568,0,0,2,0,2,315,184,63,8,570,0,0,0,570
11/06/2002,SDF,KY,ASO,CE,Towers with Radar,354,192,78,9,633,0,1,6,4,11,354,193,84,13,644,0,0,0,644
11/07/2002,SDF,KY,ASO,CE,Towers with Radar,331,193,81,6,611,0,0,8,2,10,331,193,89,8,621,0,0,0,621
11/08/2002,SDF,KY,ASO,CE,Towers with Radar,300,177,89,3,569,0,0,10,3,13,300,177,99,6,582,0,0,0,582
11/09/2002,SDF,KY,ASO,CE,Towers with Radar,199,135,32,15,381,0,0,1,2,3,199,135,33,17,384,0,0,0,384
11/10/2002,SDF,KY,ASO,CE,Towers with Radar,110,105,26,8,249,0,0,0,1,1,110,105,26,9,250,0,0,0,250
11/11/2002,SDF,KY,ASO,CE,Towers with Radar,164,169,81,9,423,0,0,10,5,15,164,169,91,14,438,0,0,0,438
11/12/2002,SDF,KY,ASO,CE,Towers with Radar,314,177,61,8,560,0,0,8,2,10,314,177,69,10,570,0,0,0,570
11/13/2002,SDF,KY,ASO,CE,Towers with Radar,331,197,65,16,609,0,0,26,5,31,331,197,91,21,640,0,0,0,640
11/14/2002,SDF,KY,ASO,CE,Towers with Radar,332,176,86,19,613,0,1,5,3,9,332,177,91,22,622,0,0,0,622
11/15/2002,SDF,KY,ASO,CE,Towers with Radar,290,186,37,16,529,0,0,4,6,10,290,186,41,22,539,0,0,0,539
11/16/2002,SDF,KY,ASO,CE,Towers with Radar,200,135,28,2,365,0,0,0,0,0,200,135,28,2,365,0,0,0,365
11/17/2002,SDF,KY,ASO,CE,Towers with Radar,125,136,44,4,309,0,0,6,1,7,125,136,50,5,316,0,0,0,316
11/18/2002,SDF,KY,ASO,CE,Towers with Radar,137,162,55,5,359,0,0,11,2,13,137,162,66,7,372,0,0,0,372
11/19/2002,SDF,KY,ASO,CE,Towers with Radar,322,190,62,3,577,0,0,20,5,25,322,190,82,8,602,0,0,0,602
11/20/2002,SDF,KY,ASO,CE,Towers with Radar,321,205,83,12,621,0,0,13,10,23,321,205,96,22,644,0,0,0,644
11/21/2002,SDF,KY,ASO,CE,Towers with Radar,311,191,79,9,590,0,0,5,0,5,311,191,84,9,595,0,0,0,595
11/22/2002,SDF,KY,ASO,CE,Towers with Radar,302,186,33,3,524,0,0,2,0,2,302,186,35,3,526,0,0,0,526
11/23/2002,SDF,KY,ASO,CE,Towers with Radar,198,134,27,0,359,0,0,8,1,9,198,134,35,1,368,0,0,0,368
11/24/2002,SDF,KY,ASO,CE,Towers with Radar,120,130,25,7,282,0,0,6,0,6,120,130,31,7,288,0,0,0,288
11/25/2002,SDF,KY,ASO,CE,Towers with Radar,149,161,39,7,356,0,0,5,3,8,149,161,44,10,364,0,0,0,364
11/26/2002,SDF,KY,ASO,CE,Towers with Radar,341,189,51,7,588,0,0,6,0,6,341,189,57,7,594,0,0,0,594
11/27/2002,SDF,KY,ASO,CE,Towers with Radar,340,189,58,1,588,0,0,10,4,14,340,189,68,5,602,0,0,0,602
11/28/2002,SDF,KY,ASO,CE,Towers with Radar,137,121,9,0,267,0,0,6,0,6,137,121,15,0,273,0,0,0,273
11/29/2002,SDF,KY,ASO,CE,Towers with Radar,182,135,28,0,345,0,0,15,1,16,182,135,43,1,361,0,0,0,361
11/30/2002,SDF,KY,ASO,CE,Towers with Radar,191,122,16,1,330,0,0,1,3,4,191,122,17,4,334,0,0,0,334
12/01/2002,SDF,KY,ASO,CE,Towers with Radar,119,138,53,2,312,0,0,15,0,15,119,138,68,2,327,0,0,0,327
12/02/2002,SDF,KY,ASO,CE,Towers with Radar,135,159,91,1,386,0,0,8,2,10,135,159,99,3,396,0,0,0,396
12/03/2002,SDF,KY,ASO,CE,Towers with Radar,350,187,48,4,589,0,0,12,7,19,350,187,60,11,608,0,0,0,608
12/04/2002,SDF,KY,ASO,CE,Towers with Radar,330,185,121,6,642,0,0,5,1,6,330,185,126,7,648,0,0,0,648
12/05/2002,SDF,KY,ASO,CE,Towers with Radar,343,174,90,2,609,0,0,9,0,9,343,174,99,2,618,0,0,0,618
12/06/2002,SDF,KY,ASO,CE,Towers with Radar,293,178,69,6,546,0,0,12,1,13,293,178,81,7,559,0,0,0,559
12/07/2002,SDF,KY,ASO,CE,Towers with Radar,202,143,41,0,386,0,0,5,0,5,202,143,46,0,391,0,0,0,391
12/08/2002,SDF,KY,ASO,CE,Towers with Radar,122,120,21,8,271,0,2,3,0,5,122,122,24,8,276,0,0,0,276
12/09/2002,SDF,KY,ASO,CE,Towers with Radar,154,180,65,8,407,0,0,10,3,13,154,180,75,11,420,0,0,0,420
12/10/2002,SDF,KY,ASO,CE,Towers with Radar,352,192,70,4,618,0,0,3,0,3,352,192,73,4,621,0,0,0,621
12/11/2002,SDF,KY,ASO,CE,Towers with Radar,350,203,80,22,655,0,0,5,0,5,350,203,85,22,660,0,0,0,660
12/12/2002,SDF,KY,ASO,CE,Towers with Radar,346,203,88,18,655,0,0,7,1,8,346,203,95,19,663,0,0,0,663
12/13/2002,SDF,KY,ASO,CE,Towers with Radar,275,199,48,22,544,0,0,2,0,2,275,199,50,22,546,0,0,0,546
12/14/2002,SDF,KY,ASO,CE,Towers with Radar,208,145,11,5,369,0,0,6,1,7,208,145,17,6,376,0,0,0,376
12/15/2002,SDF,KY,ASO,CE,Towers with Radar,112,135,31,8,286,0,0,3,2,5,112,135,34,10,291,0,0,0,291
12/16/2002,SDF,KY,ASO,CE,Towers with Radar,145,166,60,1,372,0,1,7,1,9,145,167,67,2,381,0,0,0,381
12/17/2002,SDF,KY,ASO,CE,Towers with Radar,396,193,65,8,662,0,0,2,1,3,396,193,67,9,665,0,0,0,665
12/18/2002,SDF,KY,ASO,CE,Towers with Radar,399,210,80,4,693,0,0,8,7,15,399,210,88,11,708,0,0,0,708
12/19/2002,SDF,KY,ASO,CE,Towers with Radar,390,202,67,5,664,0,0,2,0,2,390,202,69,5,666,0,0,0,666
12/20/2002,SDF,KY,ASO,CE,Towers with Radar,367,188,69,5,629,0,0,11,3,14,367,188,80,8,643,0,0,0,643
12/21/2002,SDF,KY,ASO,CE,Towers with Radar,223,153,51,1,428,0,0,12,0,12,223,153,63,1,440,0,0,0,440
12/22/2002,SDF,KY,ASO,CE,Towers with Radar,159,137,60,2,358,0,0,1,6,7,159,137,61,8,365,0,0,0,365
12/23/2002,SDF,KY,ASO,CE,Towers with Radar,141,163,45,3,352,0,0,11,3,14,141,163,56,6,366,0,0,0,366
12/24/2002,SDF,KY,ASO,CE,Towers with Radar,353,145,17,0,515,0,0,1,0,1,353,145,18,0,516,0,0,0,516
12/25/2002,SDF,KY,ASO,CE,Towers with Radar,113,130,27,2,272,0,0,0,3,3,113,130,27,5,275,0,0,0,275
12/26/2002,SDF,KY,ASO,CE,Towers with Radar,197,163,32,3,395,0,0,2,0,2,197,163,34,3,397,0,0,0,397
12/27/2002,SDF,KY,ASO,CE,Towers with Radar,291,181,26,1,499,0,0,2,2,4,291,181,28,3,503,0,0,0,503
12/28/2002,SDF,KY,ASO,CE,Towers with Radar,194,131,26,0,351,0,0,7,0,7,194,131,33,0,358,0,0,0,358
12/29/2002,SDF,KY,ASO,CE,Towers with Radar,103,130,26,1,260,0,0,6,0,6,103,130,32,1,266,0,0,0,266
12/30/2002,SDF,KY,ASO,CE,Towers with Radar,139,144,20,1,304,0,0,10,0,10,139,144,30,1,314,0,0,0,314
12/31/2002,SDF,KY,ASO,CE,Towers with Radar,0,0,0,0,0,0,0,0,0,0,0,0,0,0,0,0,0,0,0
01/01/2003,SDF,KY,ASO,CE,Towers with Radar,137,121,21,0,279,0,0,0,0,0,137,121,21,0,279,0,0,0,279
01/02/2003,SDF,KY,ASO,CE,Towers with Radar,206,172,35,0,413,0,0,7,0,7,206,172,42,0,420,0,0,0,420
01/03/2003,SDF,KY,ASO,CE,Towers with Radar,286,176,34,11,507,0,0,4,0,4,286,176,38,11,511,0,0,0,511
01/04/2003,SDF,KY,ASO,CE,Towers with Radar,198,148,30,1,377,0,0,11,1,12,198,148,41,2,389,0,0,0,389
01/05/2003,SDF,KY,ASO,CE,Towers with Radar,102,127,37,3,269,0,0,1,1,2,102,127,38,4,271,0,0,0,271
01/06/2003,SDF,KY,ASO,CE,Towers with Radar,121,143,42,4,310,0,1,3,1,5,121,144,45,5,315,0,0,0,315
01/07/2003,SDF,KY,ASO,CE,Towers with Radar,313,193,40,4,550,0,0,4,8,12,313,193,44,12,562,0,0,0,562
01/08/2003,SDF,KY,ASO,CE,Towers with Radar,311,195,34,7,547,0,2,10,4,16,311,197,44,11,563,0,0,0,563
01/09/2003,SDF,KY,ASO,CE,Towers with Radar,306,204,59,4,573,0,0,8,9,17,306,204,67,13,590,0,0,0,590
01/10/2003,SDF,KY,ASO,CE,Towers with Radar,278,202,47,11,538,0,0,8,0,8,278,202,55,11,546,0,0,0,546
01/11/2003,SDF,KY,ASO,CE,Towers with Radar,192,130,35,7,364,0,0,10,3,13,192,130,45,10,377,0,0,0,377
01/12/2003,SDF,KY,ASO,CE,Towers with Radar,82,112,33,0,227,0,0,0,0,0,82,112,33,0,227,0,0,0,227
01/13/2003,SDF,KY,ASO,CE,Towers with Radar,138,171,54,4,367,0,0,5,6,11,138,171,59,10,378,0,0,0,378
01/14/2003,SDF,KY,ASO,CE,Towers with Radar,308,191,79,5,583,0,0,9,10,19,308,191,88,15,602,0,0,0,602
01/15/2003,SDF,KY,ASO,CE,Towers with Radar,311,206,69,14,600,0,0,12,10,22,311,206,81,24,622,0,0,0,622
01/16/2003,SDF,KY,ASO,CE,Towers with Radar,305,194,75,7,581,0,0,4,1,5,305,194,79,8,586,0,0,0,586
01/17/2003,SDF,KY,ASO,CE,Towers with Radar,302,203,57,7,569,0,0,10,1,11,302,203,67,8,580,0,0,0,580
01/18/2003,SDF,KY,ASO,CE,Towers with Radar,197,131,24,4,356,0,0,2,0,2,197,131,26,4,358,0,0,0,358
01/19/2003,SDF,KY,ASO,CE,Towers with Radar,118,125,12,3,258,0,0,0,0,0,118,125,12,3,258,0,0,0,258
01/20/2003,SDF,KY,ASO,CE,Towers with Radar,144,154,51,2,351,0,1,3,0,4,144,155,54,2,355,0,0,0,355
01/21/2003,SDF,KY,ASO,CE,Towers with Radar,321,189,73,2,585,0,0,10,3,13,321,189,83,5,598,0,0,0,598
01/22/2003,SDF,KY,ASO,CE,Towers with Radar,295,201,40,7,543,0,0,6,5,11,295,201,46,12,554,0,0,0,554
01/23/2003,SDF,KY,ASO,CE,Towers with Radar,318,200,65,8,591,0,0,18,10,28,318,200,83,18,619,0,0,0,619
01/24/2003,SDF,KY,ASO,CE,Towers with Radar,290,200,45,11,546,0,0,5,0,5,290,200,50,11,551,0,0,0,551
01/25/2003,SDF,KY,ASO,CE,Towers with Radar,195,126,25,8,354,0,0,6,0,6,195,126,31,8,360,0,0,0,360
01/26/2003,SDF,KY,ASO,CE,Towers with Radar,103,122,14,3,242,0,0,2,2,4,103,122,16,5,246,0,0,0,246
01/27/2003,SDF,KY,ASO,CE,Towers with Radar,133,170,38,9,350,0,0,5,1,6,133,170,43,10,356,0,0,0,356
01/28/2003,SDF,KY,ASO,CE,Towers with Radar,300,193,79,15,587,0,0,5,2,7,300,193,84,17,594,0,0,0,594
01/29/2003,SDF,KY,ASO,CE,Towers with Radar,312,228,57,13,610,0,0,3,0,3,312,228,60,13,613,0,0,0,613
01/30/2003,SDF,KY,ASO,CE,Towers with Radar,316,209,67,5,597,0,0,11,5,16,316,209,78,10,613,0,0,0,613
01/31/2003,SDF,KY,ASO,CE,Towers with Radar,289,195,53,1,538,0,0,10,2,12,289,195,63,3,550,0,0,0,550
02/01/2003,SDF,KY,ASO,CE,Towers with Radar,192,150,19,15,376,3,0,4,0,7,195,150,23,15,383,0,0,0,383
02/02/2003,SDF,KY,ASO,CE,Towers with Radar,107,109,34,4,254,0,17,12,16,45,107,126,46,20,299,0,0,0,299
02/03/2003,SDF,KY,ASO,CE,Towers with Radar,128,162,44,10,344,2,1,7,0,10,130,163,51,10,354,0,0,0,354
02/04/2003,SDF,KY,ASO,CE,Towers with Radar,312,213,60,11,596,2,1,7,3,13,314,214,67,14,609,0,0,0,609
02/05/2003,SDF,KY,ASO,CE,Towers with Radar,308,183,53,5,549,2,1,8,5,16,310,184,61,10,565,0,0,0,565
02/06/2003,SDF,KY,ASO,CE,Towers with Radar,305,194,54,8,561,2,1,4,1,8,307,195,58,9,569,0,0,0,569
02/07/2003,SDF,KY,ASO,CE,Towers with Radar,288,180,43,5,516,2,1,3,0,6,290,181,46,5,522,0,0,0,522
02/08/2003,SDF,KY,ASO,CE,Towers with Radar,200,129,29,2,360,2,1,1,0,4,202,130,30,2,364,0,0,0,364
02/09/2003,SDF,KY,ASO,CE,Towers with Radar,100,131,19,1,251,2,1,4,0,7,102,132,23,1,258,0,0,0,258
02/10/2003,SDF,KY,ASO,CE,Towers with Radar,134,171,62,6,373,2,1,2,1,6,136,172,64,7,379,0,0,0,379
02/11/2003,SDF,KY,ASO,CE,Towers with Radar,311,201,55,4,571,3,1,4,7,15,314,202,59,11,586,0,0,0,586
02/12/2003,SDF,KY,ASO,CE,Towers with Radar,313,196,68,5,582,2,1,17,2,22,315,197,85,7,604,0,0,0,604
02/13/2003,SDF,KY,ASO,CE,Towers with Radar,317,197,99,6,619,2,1,24,5,32,319,198,123,11,651,0,0,0,651
02/14/2003,SDF,KY,ASO,CE,Towers with Radar,279,190,69,5,543,2,1,5,0,8,281,191,74,5,551,0,0,0,551
02/15/2003,SDF,KY,ASO,CE,Towers with Radar,208,138,30,4,380,2,0,0,0,2,210,138,30,4,382,0,0,0,382
02/16/2003,SDF,KY,ASO,CE,Towers with Radar,72,60,13,0,145,2,0,0,0,2,74,60,13,0,147,0,0,0,147
02/17/2003,SDF,KY,ASO,CE,Towers with Radar,129,133,71,6,339,2,0,3,0,5,131,133,74,6,344,0,0,0,344
02/18/2003,SDF,KY,ASO,CE,Towers with Radar,301,179,79,7,566,2,0,5,0,7,303,179,84,7,573,0,0,0,573
02/19/2003,SDF,KY,ASO,CE,Towers with Radar,314,188,65,4,571,2,0,4,0,6,316,188,69,4,577,0,0,0,577
02/20/2003,SDF,KY,ASO,CE,Towers with Radar,306,224,65,4,599,2,0,7,0,9,308,224,72,4,608,0,0,0,608
02/21/2003,SDF,KY,ASO,CE,Towers with Radar,282,186,44,13,525,2,0,2,0,4,284,186,46,13,529,0,0,0,529
02/22/2003,SDF,KY,ASO,CE,Towers with Radar,204,124,16,7,351,2,0,0,0,2,206,124,16,7,353,0,0,0,353
02/23/2003,SDF,KY,ASO,CE,Towers with Radar,111,132,44,3,290,3,1,2,0,6,114,133,46,3,296,0,0,0,296
02/24/2003,SDF,KY,ASO,CE,Towers with Radar,135,168,65,7,375,2,0,5,6,13,137,168,70,13,388,0,0,0,388
02/25/2003,SDF,KY,ASO,CE,Towers with Radar,336,188,54,4,582,2,0,4,1,7,338,188,58,5,589,0,0,0,589
02/26/2003,SDF,KY,ASO,CE,Towers with Radar,326,202,49,6,583,2,0,4,4,10,328,202,53,10,593,0,0,0,593
02/27/2003,SDF,KY,ASO,CE,Towers with Radar,335,213,60,3,611,2,0,3,0,5,337,213,63,3,616,0,0,0,616
02/28/2003,SDF,KY,ASO,CE,Towers with Radar,0,0,0,8,8,0,0,0,9,9,0,0,0,17,17,0,0,0,17
03/01/2003,SDF,KY,ASO,CE,Towers with Radar,193,138,26,6,363,1,1,4,2,8,194,139,30,8,371,0,0,0,371
03/02/2003,SDF,KY,ASO,CE,Towers with Radar,109,143,26,6,284,1,1,0,2,4,110,144,26,8,288,0,0,0,288
03/03/2003,SDF,KY,ASO,CE,Towers with Radar,134,182,60,11,387,1,1,5,4,11,135,183,65,15,398,0,0,0,398
03/04/2003,SDF,KY,ASO,CE,Towers with Radar,314,197,53,2,566,1,1,9,1,12,315,198,62,3,578,0,0,0,578
03/05/2003,SDF,KY,ASO,CE,Towers with Radar,306,192,51,6,555,1,1,0,1,3,307,193,51,7,558,0,0,0,558
03/06/2003,SDF,KY,ASO,CE,Towers with Radar,321,193,57,0,571,1,1,0,1,3,322,194,57,1,574,0,0,0,574
03/07/2003,SDF,KY,ASO,CE,Towers with Radar,294,190,61,0,545,1,1,5,1,8,295,191,66,1,553,0,0,0,553
03/08/2003,SDF,KY,ASO,CE,Towers with Radar,189,133,17,0,339,1,1,1,1,4,190,134,18,1,343,0,0,0,343
03/09/2003,SDF,KY,ASO,CE,Towers with Radar,103,129,32,1,265,1,1,1,1,4,104,130,33,2,269,0,0,0,269
03/10/2003,SDF,KY,ASO,CE,Towers with Radar,138,175,48,3,364,1,1,5,3,10,139,176,53,6,374,0,0,0,374
03/11/2003,SDF,KY,ASO,CE,Towers with Radar,316,206,60,5,587,1,1,1,1,4,317,207,61,6,591,0,0,0,591
03/12/2003,SDF,KY,ASO,CE,Towers with Radar,314,187,86,1,588,1,1,2,0,4,315,188,88,1,592,0,0,0,592
03/13/2003,SDF,KY,ASO,CE,Towers with Radar,321,192,86,12,611,1,1,1,0,3,322,193,87,12,614,0,0,0,614
03/14/2003,SDF,KY,ASO,CE,Towers with Radar,292,194,71,7,564,1,1,0,4,6,293,195,71,11,570,0,0,0,570
03/15/2003,SDF,KY,ASO,CE,Towers with Radar,187,130,47,1,365,0,3,6,0,9,187,133,53,1,374,0,0,0,374
03/16/2003,SDF,KY,ASO,CE,Towers with Radar,110,118,43,3,274,0,21,15,0,36,110,139,58,3,310,0,0,0,310
03/17/2003,SDF,KY,ASO,CE,Towers with Radar,138,149,57,7,351,0,2,1,0,3,138,151,58,7,354,0,0,0,354
03/18/2003,SDF,KY,ASO,CE,Towers with Radar,313,187,70,1,571,0,2,5,1,8,313,189,75,2,579,0,0,0,579
03/19/2003,SDF,KY,ASO,CE,Towers with Radar,315,203,100,2,620,0,2,8,2,12,315,205,108,4,632,0,0,0,632
03/20/2003,SDF,KY,ASO,CE,Towers with Radar,324,181,153,1,659,0,2,6,4,12,324,183,159,5,671,0,0,0,671
03/21/2003,SDF,KY,ASO,CE,Towers with Radar,294,204,81,4,583,0,0,43,8,51,294,204,124,12,634,0,0,0,634
03/22/2003,SDF,KY,ASO,CE,Towers with Radar,185,135,37,0,357,0,1,15,3,19,185,136,52,3,376,0,0,0,376
03/23/2003,SDF,KY,ASO,CE,Towers with Radar,113,145,56,3,317,0,1,3,1,5,113,146,59,4,322,0,0,0,322
03/24/2003,SDF,KY,ASO,CE,Towers with Radar,140,170,78,7,395,0,1,4,0,5,140,171,82,7,400,0,0,0,400
03/25/2003,SDF,KY,ASO,CE,Towers with Radar,319,201,52,4,576,0,1,3,4,8,319,202,55,8,584,0,0,0,584
03/26/2003,SDF,KY,ASO,CE,Towers with Radar,303,203,80,4,590,16,0,25,7,48,319,203,105,11,638,0,0,0,638
03/27/2003,SDF,KY,ASO,CE,Towers with Radar,313,184,66,6,569,0,1,3,4,8,313,185,69,10,577,0,0,0,577
03/28/2003,SDF,KY,ASO,CE,Towers with Radar,261,188,51,2,502,34,0,0,0,34,295,188,51,2,536,0,0,0,536
03/29/2003,SDF,KY,ASO,CE,Towers with Radar,204,136,41,1,382,0,1,4,0,5,204,137,45,1,387,0,0,0,387
03/30/2003,SDF,KY,ASO,CE,Towers with Radar,107,144,35,1,287,0,1,1,0,2,107,145,36,1,289,0,0,0,289
03/31/2003,SDF,KY,ASO,CE,Towers with Radar,146,168,71,0,385,0,3,5,0,8,146,171,76,0,393,0,0,0,393
04/01/2003,SDF,KY,ASO,CE,Towers with Radar,323,206,69,4,602,0,5,5,0,10,323,211,74,4,612,0,0,0,612
04/02/2003,SDF,KY,ASO,CE,Towers with Radar,315,201,65,3,584,0,5,15,0,20,315,206,80,3,604,0,0,0,604
04/03/2003,SDF,KY,ASO,CE,Towers with Radar,309,202,79,4,594,0,5,13,2,20,309,207,92,6,614,0,0,0,614
04/04/2003,SDF,KY,ASO,CE,Towers with Radar,272,193,62,2,529,0,5,5,2,12,272,198,67,4,541,0,0,0,541
04/05/2003,SDF,KY,ASO,CE,Towers with Radar,213,132,39,1,385,0,0,0,0,0,213,132,39,1,385,0,0,0,385
04/06/2003,SDF,KY,ASO,CE,Towers with Radar,110,131,29,1,271,0,5,5,2,12,110,136,34,3,283,0,0,0,283
04/07/2003,SDF,KY,ASO,CE,Towers with Radar,135,186,61,7,389,0,5,2,0,7,135,191,63,7,396,0,0,0,396
04/08/2003,SDF,KY,ASO,CE,Towers with Radar,313,218,55,2,588,0,5,6,2,13,313,223,61,4,601,0,0,0,601
04/09/2003,SDF,KY,ASO,CE,Towers with Radar,322,215,57,8,602,0,5,6,0,11,322,220,63,8,613,0,0,0,613
04/10/2003,SDF,KY,ASO,CE,Towers with Radar,281,191,82,4,558,0,5,8,3,16,281,196,90,7,574,0,0,0,574
04/11/2003,SDF,KY,ASO,CE,Towers with Radar,398,190,83,7,678,150,0,0,19,169,548,190,83,26,847,0,0,0,847
04/12/2003,SDF,KY,ASO,CE,Towers with Radar,190,134,37,7,368,0,6,10,16,32,190,140,47,23,400,0,0,0,400
04/13/2003,SDF,KY,ASO,CE,Towers with Radar,110,128,62,13,313,0,4,15,5,24,110,132,77,18,337,0,0,0,337
04/14/2003,SDF,KY,ASO,CE,Towers with Radar,134,172,47,2,355,0,4,8,0,12,134,176,55,2,367,0,0,0,367
04/15/2003,SDF,KY,ASO,CE,Towers with Radar,319,199,66,8,592,0,4,8,0,12,319,203,74,8,604,0,0,0,604
04/16/2003,SDF,KY,ASO,CE,Towers with Radar,308,215,54,3,580,0,5,13,1,19,308,220,67,4,599,0,0,0,599
04/17/2003,SDF,KY,ASO,CE,Towers with Radar,307,213,51,3,574,0,4,8,0,12,307,217,59,3,586,0,0,0,586
04/18/2003,SDF,KY,ASO,CE,Towers with Radar,282,196,38,1,517,0,4,5,0,9,282,200,43,1,526,0,0,0,526
04/19/2003,SDF,KY,ASO,CE,Towers with Radar,176,122,22,1,321,0,4,3,1,8,176,126,25,2,329,0,0,0,329
04/20/2003,SDF,KY,ASO,CE,Towers with Radar,103,120,20,2,245,0,4,13,0,17,103,124,33,2,262,0,0,0,262
04/21/2003,SDF,KY,ASO,CE,Towers with Radar,132,161,71,2,366,0,4,6,1,11,132,165,77,3,377,0,0,0,377
04/22/2003,SDF,KY,ASO,CE,Towers with Radar,300,197,68,6,571,9,0,31,9,49,309,197,99,15,620,0,0,0,620
04/23/2003,SDF,KY,ASO,CE,Towers with Radar,312,196,64,8,580,0,4,7,0,11,312,200,71,8,591,0,0,0,591
04/24/2003,SDF,KY,ASO,CE,Towers with Radar,303,206,67,6,582,11,0,0,0,11,314,206,67,6,593,0,0,0,593
04/25/2003,SDF,KY,ASO,CE,Towers with Radar,281,196,56,1,534,0,4,3,1,8,281,200,59,2,542,0,0,0,542
04/26/2003,SDF,KY,ASO,CE,Towers with Radar,184,132,34,2,352,0,4,9,4,17,184,136,43,6,369,0,0,0,369
04/27/2003,SDF,KY,ASO,CE,Towers with Radar,105,133,39,5,282,0,4,11,2,17,105,137,50,7,299,0,0,0,299
04/28/2003,SDF,KY,ASO,CE,Towers with Radar,136,144,46,3,329,0,39,23,4,66,136,183,69,7,395,0,0,0,395
04/29/2003,SDF,KY,ASO,CE,Towers with Radar,315,201,70,5,591,0,4,9,0,13,315,205,79,5,604,0,0,0,604
04/30/2003,SDF,KY,ASO,CE,Towers with Radar,307,197,81,6,591,0,4,14,3,21,307,201,95,9,612,0,0,0,612
05/01/2003,SDF,KY,ASO,CE,Towers with Radar,339,217,202,3,761,3,0,6,0,9,342,217,208,3,770,0,0,0,770
05/02/2003,SDF,KY,ASO,CE,Towers with Radar,299,269,153,4,725,3,0,19,7,29,302,269,172,11,754,0,0,0,754
05/03/2003,SDF,KY,ASO,CE,Towers with Radar,192,209,82,4,487,0,3,115,13,131,192,212,197,17,618,0,0,0,618
05/04/2003,SDF,KY,ASO,CE,Towers with Radar,138,215,195,4,552,3,0,19,0,22,141,215,214,4,574,0,0,0,574
05/05/2003,SDF,KY,ASO,CE,Towers with Radar,160,164,58,0,382,2,0,2,0,4,162,164,60,0,386,0,0,0,386
05/06/2003,SDF,KY,ASO,CE,Towers with Radar,315,207,67,5,594,2,0,4,1,7,317,207,71,6,601,0,0,0,601
05/07/2003,SDF,KY,ASO,CE,Towers with Radar,261,206,64,4,535,60,0,0,2,62,321,206,64,6,597,0,0,0,597
05/08/2003,SDF,KY,ASO,CE,Towers with Radar,322,200,62,1,585,2,0,4,0,6,324,200,66,1,591,0,0,0,591
05/09/2003,SDF,KY,ASO,CE,Towers with Radar,286,199,72,5,562,2,0,4,7,13,288,199,76,12,575,0,0,0,575
05/10/2003,SDF,KY,ASO,CE,Towers with Radar,192,134,25,0,351,2,1,0,1,4,194,135,25,1,355,0,0,0,355
05/11/2003,SDF,KY,ASO,CE,Towers with Radar,105,127,33,3,268,2,0,2,0,4,107,127,35,3,272,0,0,0,272
05/12/2003,SDF,KY,ASO,CE,Towers with Radar,135,147,58,4,344,0,31,15,2,48,135,178,73,6,392,0,0,0,392
05/13/2003,SDF,KY,ASO,CE,Towers with Radar,318,212,72,8,610,2,0,12,1,15,320,212,84,9,625,0,0,0,625
05/14/2003,SDF,KY,ASO,CE,Towers with Radar,303,226,75,3,607,2,0,7,1,10,305,226,82,4,617,0,0,0,617
05/15/2003,SDF,KY,ASO,CE,Towers with Radar,322,206,87,4,619,2,0,5,1,8,324,206,92,5,627,0,0,0,627
05/16/2003,SDF,KY,ASO,CE,Towers with Radar,292,231,73,5,601,2,0,3,0,5,294,231,76,5,606,0,0,0,606
05/17/2003,SDF,KY,ASO,CE,Towers with Radar,189,137,25,1,352,2,0,0,1,3,191,137,25,2,355,0,0,0,355
05/18/2003,SDF,KY,ASO,CE,Towers with Radar,111,139,45,7,302,3,0,0,0,3,114,139,45,7,305,0,0,0,305
05/19/2003,SDF,KY,ASO,CE,Towers with Radar,135,176,50,5,366,2,0,7,0,9,137,176,57,5,375,0,0,0,375
05/20/2003,SDF,KY,ASO,CE,Towers with Radar,311,202,63,6,582,2,0,4,2,8,313,202,67,8,590,0,0,0,590
05/21/2003,SDF,KY,ASO,CE,Towers with Radar,311,202,83,3,599,2,0,16,2,20,313,202,99,5,619,0,0,0,619
05/22/2003,SDF,KY,ASO,CE,Towers with Radar,320,227,86,9,642,2,0,4,3,9,322,227,90,12,651,0,0,0,651
05/23/2003,SDF,KY,ASO,CE,Towers with Radar,289,200,63,4,556,2,0,13,0,15,291,200,76,4,571,0,0,0,571
05/24/2003,SDF,KY,ASO,CE,Towers with Radar,197,129,25,2,353,2,0,1,0,3,199,129,26,2,356,0,0,0,356
05/25/2003,SDF,KY,ASO,CE,Towers with Radar,93,136,48,5,282,2,0,6,0,8,95,136,54,5,290,0,0,0,290
05/26/2003,SDF,KY,ASO,CE,Towers with Radar,82,151,44,2,279,2,0,2,0,4,84,151,46,2,283,0,0,0,283
05/27/2003,SDF,KY,ASO,CE,Towers with Radar,183,185,74,4,446,2,0,2,2,6,185,185,76,6,452,0,0,0,452
05/28/2003,SDF,KY,ASO,CE,Towers with Radar,323,211,59,4,597,2,0,10,3,15,325,211,69,7,612,0,0,0,612
05/29/2003,SDF,KY,ASO,CE,Towers with Radar,314,191,86,0,591,2,0,6,0,8,316,191,92,0,599,0,0,0,599
05/30/2003,SDF,KY,ASO,CE,Towers with Radar,293,211,69,4,577,2,0,11,0,13,295,211,80,4,590,0,0,0,590
05/31/2003,SDF,KY,ASO,CE,Towers with Radar,187,137,28,11,363,2,0,1,7,10,189,137,29,18,373,0,0,0,373
06/01/2003,SDF,KY,ASO,CE,Towers with Radar,98,121,25,1,245,1,0,9,2,12,99,121,34,3,257,0,0,0,257
06/02/2003,SDF,KY,ASO,CE,Towers with Radar,141,170,56,0,367,1,0,9,5,15,142,170,65,5,382,0,0,0,382
06/03/2003,SDF,KY,ASO,CE,Towers with Radar,320,212,81,5,618,1,0,3,0,4,321,212,84,5,622,0,0,0,622
06/04/2003,SDF,KY,ASO,CE,Towers with Radar,308,213,77,7,605,1,0,7,1,9,309,213,84,8,614,0,0,0,614
06/05/2003,SDF,KY,ASO,CE,Towers with Radar,319,194,82,10,605,1,0,15,4,20,320,194,97,14,625,0,0,0,625
06/06/2003,SDF,KY,ASO,CE,Towers with Radar,280,193,50,15,538,1,0,11,2,14,281,193,61,17,552,0,0,0,552
06/07/2003,SDF,KY,ASO,CE,Towers with Radar,189,147,26,3,365,1,0,4,1,6,190,147,30,4,371,0,0,0,371
06/08/2003,SDF,KY,ASO,CE,Towers with Radar,108,142,58,5,313,1,0,5,0,6,109,142,63,5,319,0,0,0,319
06/09/2003,SDF,KY,ASO,CE,Towers with Radar,146,174,56,6,382,1,0,14,0,15,147,174,70,6,397,0,0,0,397
06/10/2003,SDF,KY,ASO,CE,Towers with Radar,298,200,51,2,551,0,0,10,0,10,298,200,61,2,561,0,0,0,561
06/11/2003,SDF,KY,ASO,CE,Towers with Radar,336,207,52,1,596,0,0,5,1,6,336,207,57,2,602,0,0,0,602
06/12/2003,SDF,KY,ASO,CE,Towers with Radar,325,217,73,2,617,0,0,7,3,10,325,217,80,5,627,0,0,0,627
06/13/2003,SDF,KY,ASO,CE,Towers with Radar,293,188,62,2,545,0,0,8,2,10,293,188,70,4,555,0,0,0,555
06/14/2003,SDF,KY,ASO,CE,Towers with Radar,207,162,56,1,426,0,0,6,1,7,207,162,62,2,433,0,0,0,433
06/15/2003,SDF,KY,ASO,CE,Towers with Radar,118,144,31,1,294,0,0,3,0,3,118,144,34,1,297,0,0,0,297
06/16/2003,SDF,KY,ASO,CE,Towers with Radar,139,181,62,3,385,0,0,4,0,4,139,181,66,3,389,0,0,0,389
06/17/2003,SDF,KY,ASO,CE,Towers with Radar,303,210,68,3,584,0,1,5,2,8,303,211,73,5,592,0,0,0,592
06/18/2003,SDF,KY,ASO,CE,Towers with Radar,309,218,71,7,605,0,0,9,0,9,309,218,80,7,614,0,0,0,614
06/19/2003,SDF,KY,ASO,CE,Towers with Radar,309,212,96,6,623,0,0,8,1,9,309,212,104,7,632,0,0,0,632
06/20/2003,SDF,KY,ASO,CE,Towers with Radar,268,204,65,3,540,11,0,3,0,14,279,204,68,3,554,0,0,0,554
06/21/2003,SDF,KY,ASO,CE,Towers with Radar,183,133,41,4,361,23,0,0,3,26,206,133,41,7,387,0,0,0,387
06/22/2003,SDF,KY,ASO,CE,Towers with Radar,109,120,33,2,264,0,35,0,7,42,109,155,33,9,306,0,0,0,306
06/23/2003,SDF,KY,ASO,CE,Towers with Radar,147,168,68,1,384,0,0,12,1,13,147,168,80,2,397,0,0,0,397
06/24/2003,SDF,KY,ASO,CE,Towers with Radar,314,210,62,2,588,0,0,13,4,17,314,210,75,6,605,0,0,0,605
06/25/2003,SDF,KY,ASO,CE,Towers with Radar,302,220,77,2,601,0,0,8,1,9,302,220,85,3,610,0,0,0,610
06/26/2003,SDF,KY,ASO,CE,Towers with Radar,309,219,68,4,600,0,0,5,0,5,309,219,73,4,605,0,0,0,605
06/27/2003,SDF,KY,ASO,CE,Towers with Radar,289,200,51,12,552,0,1,8,1,10,289,201,59,13,562,0,0,0,562
06/28/2003,SDF,KY,ASO,CE,Towers with Radar,188,149,22,3,362,0,0,8,0,8,188,149,30,3,370,0,0,0,370
06/29/2003,SDF,KY,ASO,CE,Towers with Radar,110,151,38,5,304,0,0,7,3,10,110,151,45,8,314,0,0,0,314
06/30/2003,SDF,KY,ASO,CE,Towers with Radar,153,180,55,3,391,0,1,18,0,19,153,181,73,3,410,0,0,0,410
07/01/2003,SDF,KY,ASO,CE,Towers with Radar,319,210,95,5,629,2,0,8,3,13,321,210,103,8,642,0,0,0,642
07/02/2003,SDF,KY,ASO,CE,Towers with Radar,300,193,76,10,579,2,0,7,3,12,302,193,83,13,591,0,0,0,591
07/03/2003,SDF,KY,ASO,CE,Towers with Radar,288,187,64,3,542,2,0,13,3,18,290,187,77,6,560,0,0,0,560
07/04/2003,SDF,KY,ASO,CE,Towers with Radar,146,148,22,2,318,2,0,2,1,5,148,148,24,3,323,0,0,0,323
07/05/2003,SDF,KY,ASO,CE,Towers with Radar,151,134,16,2,303,2,0,2,1,5,153,134,18,3,308,0,0,0,308
07/06/2003,SDF,KY,ASO,CE,Towers with Radar,107,150,57,4,318,2,0,7,1,10,109,150,64,5,328,0,0,0,328
07/07/2003,SDF,KY,ASO,CE,Towers with Radar,150,178,64,4,396,2,0,14,3,19,152,178,78,7,415,0,0,0,415
07/08/2003,SDF,KY,ASO,CE,Towers with Radar,312,197,70,2,581,2,0,6,3,11,314,197,76,5,592,0,0,0,592
07/09/2003,SDF,KY,ASO,CE,Towers with Radar,304,198,66,2,570,2,0,7,2,11,306,198,73,4,581,0,0,0,581
07/10/2003,SDF,KY,ASO,CE,Towers with Radar,304,192,69,0,565,2,0,9,0,11,306,192,78,0,576,0,0,0,576
07/11/2003,SDF,KY,ASO,CE,Towers with Radar,293,195,45,2,535,2,0,8,8,18,295,195,53,10,553,0,0,0,553
07/12/2003,SDF,KY,ASO,CE,Towers with Radar,188,134,24,9,355,2,0,3,4,9,190,134,27,13,364,0,0,0,364
07/13/2003,SDF,KY,ASO,CE,Towers with Radar,110,141,31,6,288,2,0,7,5,14,112,141,38,11,302,0,0,0,302
07/14/2003,SDF,KY,ASO,CE,Towers with Radar,148,156,49,2,355,0,31,30,6,67,148,187,79,8,422,0,0,0,422
07/15/2003,SDF,KY,ASO,CE,Towers with Radar,304,200,78,5,587,2,0,25,5,32,306,200,103,10,619,0,0,0,619
07/16/2003,SDF,KY,ASO,CE,Towers with Radar,315,216,67,3,601,1,0,10,0,11,316,216,77,3,612,0,0,0,612
07/17/2003,SDF,KY,ASO,CE,Towers with Radar,309,204,72,2,587,1,0,17,4,22,310,204,89,6,609,0,0,0,609
07/18/2003,SDF,KY,ASO,CE,Towers with Radar,288,200,63,4,555,1,0,11,1,13,289,200,74,5,568,0,0,0,568
07/19/2003,SDF,KY,ASO,CE,Towers with Radar,200,142,34,0,376,1,0,6,0,7,201,142,40,0,383,0,0,0,383
07/20/2003,SDF,KY,ASO,CE,Towers with Radar,116,148,50,2,316,1,0,2,0,3,117,148,52,2,319,0,0,0,319
07/21/2003,SDF,KY,ASO,CE,Towers with Radar,141,155,42,8,346,1,0,3,0,4,142,155,45,8,350,0,0,0,350
07/22/2003,SDF,KY,ASO,CE,Towers with Radar,315,185,70,0,570,1,0,4,2,7,316,185,74,2,577,0,0,0,577
07/23/2003,SDF,KY,ASO,CE,Towers with Radar,316,212,40,3,571,1,0,8,0,9,317,212,48,3,580,0,0,0,580
07/24/2003,SDF,KY,ASO,CE,Towers with Radar,318,198,76,3,595,1,0,7,1,9,319,198,83,4,604,0,0,0,604
07/25/2003,SDF,KY,ASO,CE,Towers with Radar,276,190,53,8,527,1,0,9,2,12,277,190,62,10,539,0,0,0,539
07/26/2003,SDF,KY,ASO,CE,Towers with Radar,189,140,34,1,364,1,0,6,2,9,190,140,40,3,373,0,0,0,373
07/27/2003,SDF,KY,ASO,CE,Towers with Radar,97,134,34,3,268,1,0,3,1,5,98,134,37,4,273,0,0,0,273
07/28/2003,SDF,KY,ASO,CE,Towers with Radar,139,179,43,2,363,1,0,6,0,7,140,179,49,2,370,0,0,0,370
07/29/2003,SDF,KY,ASO,CE,Towers with Radar,305,199,73,1,578,1,0,13,1,15,306,199,86,2,593,0,0,0,593
07/30/2003,SDF,KY,ASO,CE,Towers with Radar,310,210,84,3,607,1,0,7,2,10,311,210,91,5,617,0,0,0,617
07/31/2003,SDF,KY,ASO,CE,Towers with Radar,299,210,70,4,583,13,0,0,3,16,312,210,70,7,599,0,0,0,599
08/01/2003,SDF,KY,ASO,CE,Towers with Radar,281,211,52,7,551,0,1,9,3,13,281,212,61,10,564,0,0,0,564
08/02/2003,SDF,KY,ASO,CE,Towers with Radar,202,143,22,4,371,0,1,6,0,7,202,144,28,4,378,0,0,0,378
08/03/2003,SDF,KY,ASO,CE,Towers with Radar,165,64,18,4,251,0,1,7,0,8,165,65,25,4,259,0,0,0,259
08/04/2003,SDF,KY,ASO,CE,Towers with Radar,196,104,41,1,342,0,1,2,0,3,196,105,43,1,345,0,0,0,345
08/05/2003,SDF,KY,ASO,CE,Towers with Radar,352,145,53,2,552,0,1,7,1,9,352,146,60,3,561,0,0,0,561
08/06/2003,SDF,KY,ASO,CE,Towers with Radar,358,149,42,4,553,0,1,7,0,8,358,150,49,4,561,0,0,0,561
08/07/2003,SDF,KY,ASO,CE,Towers with Radar,396,149,55,5,605,0,1,18,1,20,396,150,73,6,625,0,0,0,625
08/08/2003,SDF,KY,ASO,CE,Towers with Radar,336,122,33,3,494,0,1,5,0,6,336,123,38,3,500,0,0,0,500
08/09/2003,SDF,KY,ASO,CE,Towers with Radar,265,79,13,5,362,0,1,17,1,19,265,80,30,6,381,0,0,0,381
08/10/2003,SDF,KY,ASO,CE,Towers with Radar,131,96,15,1,243,0,9,3,1,13,131,105,18,2,256,0,0,0,256
08/11/2003,SDF,KY,ASO,CE,Towers with Radar,173,152,51,8,384,0,1,6,0,7,173,153,57,8,391,0,0,0,391
08/12/2003,SDF,KY,ASO,CE,Towers with Radar,362,162,41,3,568,0,1,18,0,19,362,163,59,3,587,0,0,0,587
08/13/2003,SDF,KY,ASO,CE,Towers with Radar,331,176,39,1,547,0,1,4,0,5,331,177,43,1,552,0,0,0,552
08/14/2003,SDF,KY,ASO,CE,Towers with Radar,335,167,42,1,545,0,1,9,2,12,335,168,51,3,557,0,0,0,557
08/15/2003,SDF,KY,ASO,CE,Towers with Radar,333,145,48,3,529,0,0,2,5,7,333,145,50,8,536,0,0,0,536
08/16/2003,SDF,KY,ASO,CE,Towers with Radar,223,113,30,2,368,0,0,3,0,3,223,113,33,2,371,0,0,0,371
08/17/2003,SDF,KY,ASO,CE,Towers with Radar,148,99,32,0,279,0,1,7,0,8,148,100,39,0,287,0,0,0,287
08/18/2003,SDF,KY,ASO,CE,Towers with Radar,191,134,57,1,383,0,0,5,0,5,191,134,62,1,388,0,0,0,388
08/19/2003,SDF,KY,ASO,CE,Towers with Radar,326,192,58,0,576,0,0,1,8,9,326,192,59,8,585,0,0,0,585
08/20/2003,SDF,KY,ASO,CE,Towers with Radar,331,165,48,3,547,12,0,4,9,25,343,165,52,12,572,0,0,0,572
08/21/2003,SDF,KY,ASO,CE,Towers with Radar,344,174,73,3,594,0,0,11,0,11,344,174,84,3,605,0,0,0,605
08/22/2003,SDF,KY,ASO,CE,Towers with Radar,349,149,59,1,558,0,0,0,0,0,349,149,59,1,558,0,0,0,558
08/23/2003,SDF,KY,ASO,CE,Towers with Radar,243,99,22,0,364,0,0,5,0,5,243,99,27,0,369,0,0,0,369
08/24/2003,SDF,KY,ASO,CE,Towers with Radar,138,107,37,0,282,0,0,11,0,11,138,107,48,0,293,0,0,0,293
08/25/2003,SDF,KY,ASO,CE,Towers with Radar,188,136,37,2,363,0,0,6,0,6,188,136,43,2,369,0,0,0,369
08/26/2003,SDF,KY,ASO,CE,Towers with Radar,336,170,46,3,555,0,0,10,0,10,336,170,56,3,565,0,0,0,565
08/27/2003,SDF,KY,ASO,CE,Towers with Radar,342,167,60,3,572,0,3,0,0,3,342,170,60,3,575,0,0,0,575
08/28/2003,SDF,KY,ASO,CE,Towers with Radar,348,168,52,2,570,9,0,11,0,20,357,168,63,2,590,0,0,0,590
08/29/2003,SDF,KY,ASO,CE,Towers with Radar,320,150,37,3,510,0,0,0,0,0,320,150,37,3,510,0,0,0,510
08/30/2003,SDF,KY,ASO,CE,Towers with Radar,249,106,4,0,359,0,0,0,0,0,249,106,4,0,359,0,0,0,359
08/31/2003,SDF,KY,ASO,CE,Towers with Radar,105,83,5,0,193,0,2,0,0,2,105,85,5,0,195,0,0,0,195
09/01/2003,SDF,KY,ASO,CE,Towers with Radar,117,108,15,0,240,0,4,4,0,8,117,112,19,0,248,0,0,0,248
09/02/2003,SDF,KY,ASO,CE,Towers with Radar,210,146,23,1,380,0,1,0,0,1,210,147,23,1,381,0,0,0,381
09/03/2003,SDF,KY,ASO,CE,Towers with Radar,353,186,41,10,590,0,1,2,0,3,353,187,43,10,593,0,0,0,593
09/04/2003,SDF,KY,ASO,CE,Towers with Radar,351,181,35,6,573,0,1,8,1,10,351,182,43,7,583,0,0,0,583
09/05/2003,SDF,KY,ASO,CE,Towers with Radar,315,159,44,6,524,0,1,9,0,10,315,160,53,6,534,0,0,0,534
09/06/2003,SDF,KY,ASO,CE,Towers with Radar,233,79,10,8,330,0,1,16,0,17,233,80,26,8,347,0,0,0,347
09/07/2003,SDF,KY,ASO,CE,Towers with Radar,141,83,20,9,253,0,1,11,0,12,141,84,31,9,265,0,0,0,265
09/08/2003,SDF,KY,ASO,CE,Towers with Radar,192,131,46,0,369,0,2,2,0,4,192,133,48,0,373,0,0,0,373
09/09/2003,SDF,KY,ASO,CE,Towers with Radar,348,163,63,0,574,0,1,3,1,5,348,164,66,1,579,0,0,0,579
09/10/2003,SDF,KY,ASO,CE,Towers with Radar,376,163,48,0,587,0,3,7,0,10,376,166,55,0,597,0,0,0,597
09/11/2003,SDF,KY,ASO,CE,Towers with Radar,326,164,58,3,551,0,7,1,1,9,326,171,59,4,560,0,0,0,560
09/12/2003,SDF,KY,ASO,CE,Towers with Radar,320,149,52,5,526,4,0,20,1,25,324,149,72,6,551,0,0,0,551
09/13/2003,SDF,KY,ASO,CE,Towers with Radar,216,85,20,5,326,0,3,13,1,17,216,88,33,6,343,0,0,0,343
09/14/2003,SDF,KY,ASO,CE,Towers with Radar,144,91,18,2,255,0,0,3,0,3,144,91,21,2,258,0,0,0,258
09/15/2003,SDF,KY,ASO,CE,Towers with Radar,184,134,43,1,362,0,1,8,0,9,184,135,51,1,371,0,0,0,371
09/16/2003,SDF,KY,ASO,CE,Towers with Radar,357,146,45,7,555,0,0,9,5,14,357,146,54,12,569,0,0,0,569
09/17/2003,SDF,KY,ASO,CE,Towers with Radar,333,170,54,5,562,27,2,14,3,46,360,172,68,8,608,0,0,0,608
09/18/2003,SDF,KY,ASO,CE,Towers with Radar,345,157,55,8,565,0,0,2,2,4,345,157,57,10,569,0,0,0,569
09/19/2003,SDF,KY,ASO,CE,Towers with Radar,314,162,25,6,507,0,0,2,1,3,314,162,27,7,510,0,0,0,510
09/20/2003,SDF,KY,ASO,CE,Towers with Radar,218,98,33,11,360,0,2,15,1,18,218,100,48,12,378,0,0,0,378
09/21/2003,SDF,KY,ASO,CE,Towers with Radar,143,85,24,2,254,0,1,13,0,14,143,86,37,2,268,0,0,0,268
09/22/2003,SDF,KY,ASO,CE,Towers with Radar,183,139,75,7,404,0,0,3,0,3,183,139,78,7,407,0,0,0,407
09/23/2003,SDF,KY,ASO,CE,Towers with Radar,345,169,81,5,600,0,1,13,1,15,345,170,94,6,615,0,0,0,615
09/24/2003,SDF,KY,ASO,CE,Towers with Radar,334,193,78,6,611,0,1,12,3,16,334,194,90,9,627,0,0,0,627
09/25/2003,SDF,KY,ASO,CE,Towers with Radar,360,167,82,8,617,0,0,16,1,17,360,167,98,9,634,0,0,0,634
09/26/2003,SDF,KY,ASO,CE,Towers with Radar,343,135,47,3,528,0,0,3,0,3,343,135,50,3,531,0,0,0,531
09/27/2003,SDF,KY,ASO,CE,Towers with Radar,255,68,17,0,340,0,2,4,0,6,255,70,21,0,346,0,0,0,346
09/28/2003,SDF,KY,ASO,CE,Towers with Radar,139,87,31,3,260,0,0,9,0,9,139,87,40,3,269,0,0,0,269
09/29/2003,SDF,KY,ASO,CE,Towers with Radar,177,127,48,0,352,0,0,8,1,9,177,127,56,1,361,0,0,0,361
09/30/2003,SDF,KY,ASO,CE,Towers with Radar,332,182,39,11,564,0,0,10,1,11,332,182,49,12,575,0,0,0,575
10/01/2003,SDF,KY,ASO,CE,Towers with Radar,337,182,47,7,573,6,0,19,8,33,343,182,66,15,606,0,0,0,606
10/02/2003,SDF,KY,ASO,CE,Towers with Radar,312,175,45,4,536,29,8,11,0,48,341,183,56,4,584,0,0,0,584
10/03/2003,SDF,KY,ASO,CE,Towers with Radar,293,137,42,6,478,61,0,2,2,65,354,137,44,8,543,0,0,0,543
10/04/2003,SDF,KY,ASO,CE,Towers with Radar,199,87,23,4,313,34,0,0,3,37,233,87,23,7,350,0,0,0,350
10/05/2003,SDF,KY,ASO,CE,Towers with Radar,128,90,22,3,243,0,12,16,0,28,128,102,38,3,271,0,0,0,271
10/06/2003,SDF,KY,ASO,CE,Towers with Radar,173,124,30,2,329,0,18,19,0,37,173,142,49,2,366,0,0,0,366
10/07/2003,SDF,KY,ASO,CE,Towers with Radar,312,169,44,3,528,40,0,6,0,46,352,169,50,3,574,0,0,0,574
10/08/2003,SDF,KY,ASO,CE,Towers with Radar,326,173,39,6,544,26,0,0,4,30,352,173,39,10,574,0,0,0,574
10/09/2003,SDF,KY,ASO,CE,Towers with Radar,333,184,42,7,566,0,0,0,3,3,333,184,42,10,569,0,0,0,569
10/10/2003,SDF,KY,ASO,CE,Towers with Radar,313,164,45,6,528,0,0,2,2,4,313,164,47,8,532,0,0,0,532
10/11/2003,SDF,KY,ASO,CE,Towers with Radar,206,113,29,0,348,3,0,7,0,10,209,113,36,0,358,0,0,0,358
10/12/2003,SDF,KY,ASO,CE,Towers with Radar,126,112,27,0,265,0,13,8,0,21,126,125,35,0,286,0,0,0,286
10/13/2003,SDF,KY,ASO,CE,Towers with Radar,185,120,29,4,338,0,5,29,4,38,185,125,58,8,376,0,0,0,376
10/14/2003,SDF,KY,ASO,CE,Towers with Radar,292,165,39,5,501,64,0,0,0,64,356,165,39,5,565,0,0,0,565
10/15/2003,SDF,KY,ASO,CE,Towers with Radar,333,188,47,6,574,0,3,15,3,21,333,191,62,9,595,0,0,0,595
10/16/2003,SDF,KY,ASO,CE,Towers with Radar,333,188,47,6,574,9,8,3,2,22,342,196,50,8,596,0,0,0,596
10/17/2003,SDF,KY,ASO,CE,Towers with Radar,301,172,45,6,524,0,0,5,1,6,301,172,50,7,530,0,0,0,530
10/18/2003,SDF,KY,ASO,CE,Towers with Radar,224,112,32,1,369,0,0,17,0,17,224,112,49,1,386,0,0,0,386
10/19/2003,SDF,KY,ASO,CE,Towers with Radar,113,104,26,1,244,0,30,27,0,57,113,134,53,1,301,0,0,0,301
10/20/2003,SDF,KY,ASO,CE,Towers with Radar,183,132,33,0,348,0,16,51,0,67,183,148,84,0,415,0,0,0,415
10/21/2003,SDF,KY,ASO,CE,Towers with Radar,307,166,44,5,522,51,0,2,7,60,358,166,46,12,582,0,0,0,582
10/22/2003,SDF,KY,ASO,CE,Towers with Radar,335,185,48,5,573,5,0,5,1,11,340,185,53,6,584,0,0,0,584
10/23/2003,SDF,KY,ASO,CE,Towers with Radar,314,146,40,5,505,28,0,0,5,33,342,146,40,10,538,0,0,0,538
10/24/2003,SDF,KY,ASO,CE,Towers with Radar,300,169,39,5,513,0,24,0,7,31,300,193,39,12,544,0,0,0,544
10/25/2003,SDF,KY,ASO,CE,Towers with Radar,176,98,13,3,290,30,17,0,0,47,206,115,13,3,337,0,0,0,337
10/26/2003,SDF,KY,ASO,CE,Towers with Radar,144,98,20,3,265,0,4,0,0,4,144,102,20,3,269,0,0,0,269
10/27/2003,SDF,KY,ASO,CE,Towers with Radar,176,127,32,4,339,0,18,14,0,32,176,145,46,4,371,0,0,0,371
10/28/2003,SDF,KY,ASO,CE,Towers with Radar,315,176,43,5,539,15,3,0,0,18,330,179,43,5,557,0,0,0,557
10/29/2003,SDF,KY,ASO,CE,Towers with Radar,323,180,47,5,555,0,0,13,3,16,323,180,60,8,571,0,0,0,571
10/30/2003,SDF,KY,ASO,CE,Towers with Radar,336,186,48,5,575,16,0,2,7,25,352,186,50,12,600,0,0,0,600
10/31/2003,SDF,KY,ASO,CE,Towers with Radar,291,160,41,5,497,9,0,16,0,25,300,160,57,5,522,0,0,0,522
11/01/2003,SDF,KY,ASO,CE,Towers with Radar,177,160,26,4,367,28,0,0,6,34,205,160,26,10,401,0,0,0,401
11/02/2003,SDF,KY,ASO,CE,Towers with Radar,95,130,23,4,252,0,30,15,6,51,95,160,38,10,303,0,0,0,303
11/03/2003,SDF,KY,ASO,CE,Towers with Radar,128,173,32,1,334,0,19,22,0,41,128,192,54,1,375,0,0,0,375
11/04/2003,SDF,KY,ASO,CE,Towers with Radar,278,245,47,7,577,22,0,2,3,27,300,245,49,10,604,0,0,0,604
11/05/2003,SDF,KY,ASO,CE,Towers with Radar,259,210,44,6,519,36,0,8,2,46,295,210,52,8,565,0,0,0,565
11/06/2003,SDF,KY,ASO,CE,Towers with Radar,256,220,43,6,525,38,0,22,12,72,294,220,65,18,597,0,0,0,597
11/07/2003,SDF,KY,ASO,CE,Towers with Radar,264,225,45,6,540,2,0,12,6,20,266,225,57,12,560,0,0,0,560
11/08/2003,SDF,KY,ASO,CE,Towers with Radar,162,150,27,2,341,24,5,19,0,48,186,155,46,2,389,0,0,0,389
11/09/2003,SDF,KY,ASO,CE,Towers with Radar,93,125,23,3,244,0,34,14,4,52,93,159,37,7,296,0,0,0,296
11/10/2003,SDF,KY,ASO,CE,Towers with Radar,122,185,34,1,342,0,22,10,0,32,122,207,44,1,374,0,0,0,374
11/11/2003,SDF,KY,ASO,CE,Towers with Radar,259,222,43,3,527,36,0,0,0,36,295,222,43,3,563,0,0,0,563
11/12/2003,SDF,KY,ASO,CE,Towers with Radar,258,210,43,6,517,50,0,10,0,60,308,210,53,6,577,0,0,0,577
11/13/2003,SDF,KY,ASO,CE,Towers with Radar,279,246,43,7,575,31,0,0,6,37,310,246,43,13,612,0,0,0,612
11/14/2003,SDF,KY,ASO,CE,Towers with Radar,260,238,45,6,549,0,0,12,0,12,260,238,57,6,561,0,0,0,561
11/15/2003,SDF,KY,ASO,CE,Towers with Radar,161,148,19,0,328,30,6,0,0,36,191,154,19,0,364,0,0,0,364
11/16/2003,SDF,KY,ASO,CE,Towers with Radar,91,120,22,2,235,0,50,4,0,54,91,170,26,2,289,0,0,0,289
11/17/2003,SDF,KY,ASO,CE,Towers with Radar,126,174,32,1,333,0,4,37,0,41,126,178,69,1,374,0,0,0,374
11/18/2003,SDF,KY,ASO,CE,Towers with Radar,249,227,43,5,524,54,1,4,0,59,303,228,47,5,583,0,0,0,583
11/19/2003,SDF,KY,ASO,CE,Towers with Radar,292,236,50,6,584,17,0,17,5,39,309,236,67,11,623,0,0,0,623
11/20/2003,SDF,KY,ASO,CE,Towers with Radar,297,221,51,6,575,14,0,19,4,37,311,221,70,10,612,0,0,0,612
11/21/2003,SDF,KY,ASO,CE,Towers with Radar,271,231,47,5,554,3,0,16,8,27,274,231,63,13,581,0,0,0,581
11/22/2003,SDF,KY,ASO,CE,Towers with Radar,180,160,31,3,374,0,0,18,1,19,180,160,49,4,393,0,0,0,393
11/23/2003,SDF,KY,ASO,CE,Towers with Radar,102,117,22,2,243,0,37,8,6,51,102,154,30,8,294,0,0,0,294
11/24/2003,SDF,KY,ASO,CE,Towers with Radar,101,144,27,3,275,0,44,6,6,56,101,188,33,9,331,0,0,0,331
11/25/2003,SDF,KY,ASO,CE,Towers with Radar,303,250,43,6,602,32,0,0,8,40,335,250,43,14,642,0,0,0,642
11/26/2003,SDF,KY,ASO,CE,Towers with Radar,310,243,42,4,599,34,0,0,0,34,344,243,42,4,633,0,0,0,633
11/27/2003,SDF,KY,ASO,CE,Towers with Radar,113,102,2,0,217,20,51,0,0,71,133,153,2,0,288,0,0,0,288
11/28/2003,SDF,KY,ASO,CE,Towers with Radar,141,128,15,1,285,33,14,0,0,47,174,142,15,1,332,0,0,0,332
11/29/2003,SDF,KY,ASO,CE,Towers with Radar,174,166,31,0,371,0,2,3,0,5,174,168,34,0,376,0,0,0,376
11/30/2003,SDF,KY,ASO,CE,Towers with Radar,99,158,30,2,289,0,5,10,0,15,99,163,40,2,304,0,0,0,304
12/01/2003,SDF,KY,ASO,CE,Towers with Radar,114,177,34,2,327,0,9,74,0,83,114,186,108,2,410,0,0,0,410
12/02/2003,SDF,KY,ASO,CE,Towers with Radar,328,235,56,5,624,0,0,55,4,59,328,235,111,9,683,0,0,0,683
12/03/2003,SDF,KY,ASO,CE,Towers with Radar,328,232,58,5,623,0,0,59,3,62,328,232,117,8,685,0,0,0,685
12/04/2003,SDF,KY,ASO,CE,Towers with Radar,306,227,52,4,589,25,0,66,7,98,331,227,118,11,687,0,0,0,687
12/05/2003,SDF,KY,ASO,CE,Towers with Radar,235,199,40,4,478,41,11,4,0,56,276,210,44,4,534,0,0,0,534
12/06/2003,SDF,KY,ASO,CE,Towers with Radar,198,162,33,3,396,2,0,0,8,10,200,162,33,11,406,0,0,0,406
12/07/2003,SDF,KY,ASO,CE,Towers with Radar,99,132,26,1,258,0,31,7,0,38,99,163,33,1,296,0,0,0,296
12/08/2003,SDF,KY,ASO,CE,Towers with Radar,137,194,39,3,373,0,3,19,1,23,137,197,58,4,396,0,0,0,396
12/09/2003,SDF,KY,ASO,CE,Towers with Radar,319,241,52,5,617,11,0,0,8,19,330,241,52,13,636,0,0,0,636
12/10/2003,SDF,KY,ASO,CE,Towers with Radar,275,228,44,4,551,58,0,0,0,58,333,228,44,4,609,0,0,0,609
12/11/2003,SDF,KY,ASO,CE,Towers with Radar,304,243,51,4,602,29,0,2,4,35,333,243,53,8,637,0,0,0,637
12/12/2003,SDF,KY,ASO,CE,Towers with Radar,263,234,51,4,552,0,0,1,3,4,263,234,52,7,556,0,0,0,556
12/13/2003,SDF,KY,ASO,CE,Towers with Radar,161,136,27,0,324,29,24,2,0,55,190,160,29,0,379,0,0,0,379
12/14/2003,SDF,KY,ASO,CE,Towers with Radar,101,100,20,0,221,0,50,2,0,52,101,150,22,0,273,0,0,0,273
12/15/2003,SDF,KY,ASO,CE,Towers with Radar,124,189,39,3,355,0,21,14,1,36,124,210,53,4,391,0,0,0,391
12/16/2003,SDF,KY,ASO,CE,Towers with Radar,307,242,40,4,593,59,0,0,5,64,366,242,40,9,657,0,0,0,657
12/17/2003,SDF,KY,ASO,CE,Towers with Radar,321,223,54,5,603,53,0,7,7,67,374,223,61,12,670,0,0,0,670
12/18/2003,SDF,KY,ASO,CE,Towers with Radar,284,238,35,0,557,83,8,0,0,91,367,246,35,0,648,0,0,0,648
12/19/2003,SDF,KY,ASO,CE,Towers with Radar,299,250,47,1,597,46,5,0,0,51,345,255,47,1,648,0,0,0,648
12/20/2003,SDF,KY,ASO,CE,Towers with Radar,210,177,31,2,420,0,0,0,0,0,210,177,31,2,420,0,0,0,420
12/21/2003,SDF,KY,ASO,CE,Towers with Radar,121,130,21,0,272,0,30,0,0,30,121,160,21,0,302,0,0,0,302
12/22/2003,SDF,KY,ASO,CE,Towers with Radar,144,184,38,1,367,0,13,2,0,15,144,197,40,1,382,0,0,0,382
12/23/2003,SDF,KY,ASO,CE,Towers with Radar,303,228,18,3,552,103,0,0,0,103,406,228,18,3,655,0,0,0,655
12/24/2003,SDF,KY,ASO,CE,Towers with Radar,267,196,21,2,486,92,0,0,0,92,359,196,21,2,578,0,0,0,578
12/25/2003,SDF,KY,ASO,CE,Towers with Radar,100,108,11,0,219,0,54,0,0,54,100,162,11,0,273,0,0,0,273
12/26/2003,SDF,KY,ASO,CE,Towers with Radar,178,173,36,0,387,0,12,1,0,13,178,185,37,0,400,0,0,0,400
12/27/2003,SDF,KY,ASO,CE,Towers with Radar,181,152,30,2,365,1,6,0,0,7,182,158,30,2,372,0,0,0,372
12/28/2003,SDF,KY,ASO,CE,Towers with Radar,90,123,25,0,238,0,36,0,0,36,90,159,25,0,274,0,0,0,274
12/29/2003,SDF,KY,ASO,CE,Towers with Radar,95,130,24,2,251,0,52,0,0,52,95,182,24,2,303,0,0,0,303
12/30/2003,SDF,KY,ASO,CE,Towers with Radar,286,223,31,0,540,23,0,0,0,23,309,223,31,0,563,0,0,0,563
12/31/2003,SDF,KY,ASO,CE,Towers with Radar,228,183,11,0,422,53,0,0,0,53,281,183,11,0,475,0,0,0,475
01/01/2004,SDF,KY,ASO,CE,Towers with Radar,104,117,15,0,236,0,42,0,0,42,104,159,15,0,278,0,0,0,278
01/02/2004,SDF,KY,ASO,CE,Towers with Radar,177,156,22,0,355,21,6,0,0,27,198,162,22,0,382,0,0,0,382
01/03/2004,SDF,KY,ASO,CE,Towers with Radar,179,158,12,4,353,6,2,0,0,8,185,160,12,4,361,0,0,0,361
01/04/2004,SDF,KY,ASO,CE,Towers with Radar,95,110,18,2,225,0,35,4,0,39,95,145,22,2,264,0,0,0,264
01/05/2004,SDF,KY,ASO,CE,Towers with Radar,119,154,24,0,297,0,30,0,0,30,119,184,24,0,327,0,0,0,327
01/06/2004,SDF,KY,ASO,CE,Towers with Radar,272,215,40,5,532,28,0,13,2,43,300,215,53,7,575,0,0,0,575
01/07/2004,SDF,KY,ASO,CE,Towers with Radar,269,219,39,5,532,21,0,2,0,23,290,219,41,5,555,0,0,0,555
01/08/2004,SDF,KY,ASO,CE,Towers with Radar,265,215,34,5,519,29,0,0,9,38,294,215,34,14,557,0,0,0,557
01/09/2004,SDF,KY,ASO,CE,Towers with Radar,259,220,38,5,522,13,0,4,0,17,272,220,42,5,539,0,0,0,539
01/10/2004,SDF,KY,ASO,CE,Towers with Radar,173,153,25,3,354,15,7,3,0,25,188,160,28,3,379,0,0,0,379
01/11/2004,SDF,KY,ASO,CE,Towers with Radar,90,130,20,3,243,0,18,23,5,46,90,148,43,8,289,0,0,0,289
01/12/2004,SDF,KY,ASO,CE,Towers with Radar,130,188,31,4,353,0,5,3,4,12,130,193,34,8,365,0,0,0,365
01/13/2004,SDF,KY,ASO,CE,Towers with Radar,287,235,43,6,571,14,0,11,11,36,301,235,54,17,607,0,0,0,607
01/14/2004,SDF,KY,ASO,CE,Towers with Radar,288,223,43,6,560,2,0,37,5,44,290,223,80,11,604,0,0,0,604
01/15/2004,SDF,KY,ASO,CE,Towers with Radar,300,227,45,4,576,1,0,18,0,19,301,227,63,4,595,0,0,0,595
01/16/2004,SDF,KY,ASO,CE,Towers with Radar,268,228,44,5,545,0,0,2,8,10,268,228,46,13,555,0,0,0,555
01/17/2004,SDF,KY,ASO,CE,Towers with Radar,148,130,6,2,286,36,8,0,1,45,184,138,6,3,331,0,0,0,331
01/18/2004,SDF,KY,ASO,CE,Towers with Radar,87,96,12,0,195,0,51,0,0,51,87,147,12,0,246,0,0,0,246
01/19/2004,SDF,KY,ASO,CE,Towers with Radar,131,155,27,0,313,0,18,3,0,21,131,173,30,0,334,0,0,0,334
01/20/2004,SDF,KY,ASO,CE,Towers with Radar,288,236,43,2,569,18,0,19,0,37,306,236,62,2,606,0,0,0,606
01/21/2004,SDF,KY,ASO,CE,Towers with Radar,299,228,32,5,564,14,0,0,7,21,313,228,32,12,585,0,0,0,585
01/22/2004,SDF,KY,ASO,CE,Towers with Radar,288,232,43,4,567,7,0,4,8,19,295,232,47,12,586,0,0,0,586
01/23/2004,SDF,KY,ASO,CE,Towers with Radar,261,213,41,4,519,0,0,17,4,21,261,213,58,8,540,0,0,0,540
01/24/2004,SDF,KY,ASO,CE,Towers with Radar,163,142,18,1,324,25,5,0,0,30,188,147,18,1,354,0,0,0,354
01/25/2004,SDF,KY,ASO,CE,Towers with Radar,50,50,8,0,108,0,27,1,0,28,50,77,9,0,136,0,0,0,136
01/26/2004,SDF,KY,ASO,CE,Towers with Radar,0,0,0,0,0,0,0,0,0,0,0,0,0,0,0,0,0,0,0
01/27/2004,SDF,KY,ASO,CE,Towers with Radar,0,0,0,0,0,0,0,0,0,0,0,0,0,0,0,0,0,0,0
01/28/2004,SDF,KY,ASO,CE,Towers with Radar,0,0,0,0,0,0,0,0,0,0,0,0,0,0,0,0,0,0,0
01/29/2004,SDF,KY,ASO,CE,Towers with Radar,0,0,0,0,0,0,0,0,0,0,0,0,0,0,0,0,0,0,0
01/30/2004,SDF,KY,ASO,CE,Towers with Radar,0,0,0,0,0,0,0,0,0,0,0,0,0,0,0,0,0,0,0
01/31/2004,SDF,KY,ASO,CE,Towers with Radar,0,0,0,0,0,0,0,0,0,0,0,0,0,0,0,0,0,0,0
02/01/2004,SDF,KY,ASO,CE,Towers with Radar,87,99,14,2,202,0,44,0,0,44,87,143,14,2,246,0,0,0,246
02/02/2004,SDF,KY,ASO,CE,Towers with Radar,122,131,27,4,284,0,40,0,0,40,122,171,27,4,324,0,0,0,324
02/03/2004,SDF,KY,ASO,CE,Towers with Radar,256,212,46,8,522,57,0,3,8,68,313,212,49,16,590,0,0,0,590
02/04/2004,SDF,KY,ASO,CE,Towers with Radar,302,242,45,9,598,0,0,0,14,14,302,242,45,23,612,0,0,0,612
02/05/2004,SDF,KY,ASO,CE,Towers with Radar,210,186,38,6,440,71,6,3,2,82,281,192,41,8,522,0,0,0,522
02/06/2004,SDF,KY,ASO,CE,Towers with Radar,219,196,38,2,455,54,4,3,0,61,273,200,41,2,516,0,0,0,516
02/07/2004,SDF,KY,ASO,CE,Towers with Radar,132,119,8,1,260,59,37,0,0,96,191,156,8,1,356,0,0,0,356
02/08/2004,SDF,KY,ASO,CE,Towers with Radar,89,125,23,5,242,0,30,5,8,43,89,155,28,13,285,0,0,0,285
02/09/2004,SDF,KY,ASO,CE,Towers with Radar,125,149,26,3,303,0,34,0,0,34,125,183,26,3,337,0,0,0,337
02/10/2004,SDF,KY,ASO,CE,Towers with Radar,286,228,50,9,573,10,0,19,2,31,296,228,69,11,604,0,0,0,604
02/11/2004,SDF,KY,ASO,CE,Towers with Radar,293,220,51,8,572,5,0,43,0,48,298,220,94,8,620,0,0,0,620
02/12/2004,SDF,KY,ASO,CE,Towers with Radar,282,224,50,9,565,17,0,36,1,54,299,224,86,10,619,0,0,0,619
02/13/2004,SDF,KY,ASO,CE,Towers with Radar,266,222,46,8,542,2,0,22,2,26,268,222,68,10,568,0,0,0,568
02/14/2004,SDF,KY,ASO,CE,Towers with Radar,160,143,19,0,322,35,3,0,0,38,195,146,19,0,360,0,0,0,360
02/15/2004,SDF,KY,ASO,CE,Towers with Radar,86,124,25,0,235,0,22,11,0,33,86,146,36,0,268,0,0,0,268
02/16/2004,SDF,KY,ASO,CE,Towers with Radar,126,165,33,0,324,0,15,14,0,29,126,180,47,0,353,0,0,0,353
02/17/2004,SDF,KY,ASO,CE,Towers with Radar,258,222,46,5,531,36,0,11,0,47,294,222,57,5,578,0,0,0,578
02/18/2004,SDF,KY,ASO,CE,Towers with Radar,292,229,52,8,581,2,0,4,6,12,294,229,56,14,593,0,0,0,593
02/19/2004,SDF,KY,ASO,CE,Towers with Radar,289,233,53,7,582,0,0,17,0,17,289,233,70,7,599,0,0,0,599
02/20/2004,SDF,KY,ASO,CE,Towers with Radar,242,208,43,6,499,15,0,17,2,34,257,208,60,8,533,0,0,0,533
02/21/2004,SDF,KY,ASO,CE,Towers with Radar,161,142,23,1,327,19,10,0,0,29,180,152,23,1,356,0,0,0,356
02/22/2004,SDF,KY,ASO,CE,Towers with Radar,88,121,25,3,237,0,27,7,2,36,88,148,32,5,273,0,0,0,273
02/23/2004,SDF,KY,ASO,CE,Towers with Radar,126,173,35,5,339,0,26,7,5,38,126,199,42,10,377,0,0,0,377
02/24/2004,SDF,KY,ASO,CE,Towers with Radar,258,217,39,7,521,34,0,0,0,34,292,217,39,7,555,0,0,0,555
02/25/2004,SDF,KY,ASO,CE,Towers with Radar,285,238,51,8,582,17,0,5,9,31,302,238,56,17,613,0,0,0,613
02/26/2004,SDF,KY,ASO,CE,Towers with Radar,252,223,40,7,522,39,2,0,14,55,291,225,40,21,577,0,0,0,577
02/27/2004,SDF,KY,ASO,CE,Towers with Radar,262,214,49,7,532,0,0,21,7,28,262,214,70,14,560,0,0,0,560
02/28/2004,SDF,KY,ASO,CE,Towers with Radar,177,157,35,5,374,0,0,12,2,14,177,157,47,7,388,0,0,0,388
02/29/2004,SDF,KY,ASO,CE,Towers with Radar,88,129,26,3,246,0,23,15,0,38,88,152,41,3,284,0,0,0,284
03/01/2004,SDF,KY,ASO,CE,Towers with Radar,120,142,31,1,294,0,34,2,0,36,120,176,33,1,330,0,0,0,330
03/02/2004,SDF,KY,ASO,CE,Towers with Radar,274,211,54,2,541,27,0,3,0,30,301,211,57,2,571,0,0,0,571
03/03/2004,SDF,KY,ASO,CE,Towers with Radar,262,226,51,2,541,25,0,10,0,35,287,226,61,2,576,0,0,0,576
03/04/2004,SDF,KY,ASO,CE,Towers with Radar,244,214,44,1,503,43,0,0,0,43,287,214,44,1,546,0,0,0,546
03/05/2004,SDF,KY,ASO,CE,Towers with Radar,209,184,41,5,439,54,12,2,0,68,263,196,43,5,507,0,0,0,507
03/06/2004,SDF,KY,ASO,CE,Towers with Radar,183,151,29,0,363,2,0,0,0,2,185,151,29,0,365,0,0,0,365
03/07/2004,SDF,KY,ASO,CE,Towers with Radar,91,106,20,1,218,0,46,0,0,46,91,152,20,1,264,0,0,0,264
03/08/2004,SDF,KY,ASO,CE,Towers with Radar,126,179,40,3,348,0,9,9,0,18,126,188,49,3,366,0,0,0,366
03/09/2004,SDF,KY,ASO,CE,Towers with Radar,254,209,50,6,519,43,0,11,6,60,297,209,61,12,579,0,0,0,579
03/10/2004,SDF,KY,ASO,CE,Towers with Radar,276,217,54,6,553,20,0,8,8,36,296,217,62,14,589,0,0,0,589
03/11/2004,SDF,KY,ASO,CE,Towers with Radar,270,216,53,6,545,19,0,19,7,45,289,216,72,13,590,0,0,0,590
03/12/2004,SDF,KY,ASO,CE,Towers with Radar,252,216,40,6,514,15,0,0,11,26,267,216,40,17,540,0,0,0,540
03/13/2004,SDF,KY,ASO,CE,Towers with Radar,159,138,20,0,317,17,8,0,0,25,176,146,20,0,342,0,0,0,342
03/14/2004,SDF,KY,ASO,CE,Towers with Radar,93,119,22,3,237,0,28,0,0,28,93,147,22,3,265,0,0,0,265
03/15/2004,SDF,KY,ASO,CE,Towers with Radar,126,177,41,2,346,0,28,17,0,45,126,205,58,2,391,0,0,0,391
03/16/2004,SDF,KY,ASO,CE,Towers with Radar,250,218,34,6,508,42,2,0,10,54,292,220,34,16,562,0,0,0,562
03/17/2004,SDF,KY,ASO,CE,Towers with Radar,266,221,49,2,538,37,0,0,0,37,303,221,49,2,575,0,0,0,575
03/18/2004,SDF,KY,ASO,CE,Towers with Radar,275,219,55,5,554,19,0,13,4,36,294,219,68,9,590,0,0,0,590
03/19/2004,SDF,KY,ASO,CE,Towers with Radar,261,213,54,2,530,0,0,8,0,8,261,213,62,2,538,0,0,0,538
03/20/2004,SDF,KY,ASO,CE,Towers with Radar,151,132,19,0,302,35,20,0,0,55,186,152,19,0,357,0,0,0,357
03/21/2004,SDF,KY,ASO,CE,Towers with Radar,93,125,29,2,249,0,29,14,2,45,93,154,43,4,294,0,0,0,294
03/22/2004,SDF,KY,ASO,CE,Towers with Radar,124,167,38,3,332,0,23,6,4,33,124,190,44,7,365,0,0,0,365
03/23/2004,SDF,KY,ASO,CE,Towers with Radar,267,201,53,6,527,25,0,7,8,40,292,201,60,14,567,0,0,0,567
03/24/2004,SDF,KY,ASO,CE,Towers with Radar,281,214,56,5,556,8,0,23,10,41,289,214,79,15,597,0,0,0,597
03/25/2004,SDF,KY,ASO,CE,Towers with Radar,294,235,62,6,597,0,0,73,7,80,294,235,135,13,677,0,0,0,677
03/26/2004,SDF,KY,ASO,CE,Towers with Radar,266,216,56,5,543,0,0,48,5,53,266,216,104,10,596,0,0,0,596
03/27/2004,SDF,KY,ASO,CE,Towers with Radar,177,154,31,2,364,11,6,0,0,17,188,160,31,2,381,0,0,0,381
03/28/2004,SDF,KY,ASO,CE,Towers with Radar,95,123,27,1,246,0,41,12,0,53,95,164,39,1,299,0,0,0,299
03/29/2004,SDF,KY,ASO,CE,Towers with Radar,128,156,34,3,321,0,41,0,0,41,128,197,34,3,362,0,0,0,362
03/30/2004,SDF,KY,ASO,CE,Towers with Radar,238,208,45,4,495,53,8,0,5,66,291,216,45,9,561,0,0,0,561
03/31/2004,SDF,KY,ASO,CE,Towers with Radar,259,212,44,5,520,32,0,0,13,45,291,212,44,18,565,0,0,0,565
04/01/2004,SDF,KY,ASO,CE,Towers with Radar,232,211,39,8,490,64,0,0,0,64,296,211,39,8,554,0,0,0,554
04/02/2004,SDF,KY,ASO,CE,Towers with Radar,225,222,44,7,498,33,5,0,0,38,258,227,44,7,536,0,0,0,536
04/03/2004,SDF,KY,ASO,CE,Towers with Radar,160,159,36,0,355,10,7,0,0,17,170,166,36,0,372,0,0,0,372
04/04/2004,SDF,KY,ASO,CE,Towers with Radar,92,131,33,3,259,0,32,3,0,35,92,163,36,3,294,0,0,0,294
04/05/2004,SDF,KY,ASO,CE,Towers with Radar,162,176,45,4,387,0,23,28,0,51,162,199,73,4,438,0,0,0,438
04/06/2004,SDF,KY,ASO,CE,Towers with Radar,226,217,54,8,505,26,0,0,3,29,252,217,54,11,534,0,0,0,534
04/07/2004,SDF,KY,ASO,CE,Towers with Radar,235,205,57,8,505,25,0,0,1,26,260,205,57,9,531,0,0,0,531
04/08/2004,SDF,KY,ASO,CE,Towers with Radar,231,202,59,6,498,23,0,3,0,26,254,202,62,6,524,0,0,0,524
04/09/2004,SDF,KY,ASO,CE,Towers with Radar,212,205,50,6,473,0,0,0,0,0,212,205,50,6,473,0,0,0,473
04/10/2004,SDF,KY,ASO,CE,Towers with Radar,128,127,22,0,277,10,21,0,0,31,138,148,22,0,308,0,0,0,308
04/11/2004,SDF,KY,ASO,CE,Towers with Radar,93,119,20,0,232,0,33,0,0,33,93,152,20,0,265,0,0,0,265
04/12/2004,SDF,KY,ASO,CE,Towers with Radar,159,166,43,2,370,0,21,1,0,22,159,187,44,2,392,0,0,0,392
04/13/2004,SDF,KY,ASO,CE,Towers with Radar,191,188,44,6,429,61,27,0,5,93,252,215,44,11,522,0,0,0,522
04/14/2004,SDF,KY,ASO,CE,Towers with Radar,261,245,67,5,578,39,0,0,0,39,300,245,67,5,617,0,0,0,617
04/15/2004,SDF,KY,ASO,CE,Towers with Radar,243,222,62,7,534,14,0,0,26,40,257,222,62,33,574,0,0,0,574
04/16/2004,SDF,KY,ASO,CE,Towers with Radar,233,204,52,7,496,21,0,0,14,35,254,204,52,21,531,0,0,0,531
04/17/2004,SDF,KY,ASO,CE,Towers with Radar,143,145,39,5,332,0,0,0,36,36,143,145,39,41,368,0,0,0,368
04/18/2004,SDF,KY,ASO,CE,Towers with Radar,95,151,40,4,290,0,0,5,28,33,95,151,45,32,323,0,0,0,323
04/19/2004,SDF,KY,ASO,CE,Towers with Radar,122,176,45,5,348,0,6,9,4,19,122,182,54,9,367,0,0,0,367
04/20/2004,SDF,KY,ASO,CE,Towers with Radar,235,199,59,7,500,25,0,7,4,36,260,199,66,11,536,0,0,0,536
04/21/2004,SDF,KY,ASO,CE,Towers with Radar,236,232,61,4,533,24,4,2,0,30,260,236,63,4,563,0,0,0,563
04/22/2004,SDF,KY,ASO,CE,Towers with Radar,237,230,61,7,535,14,0,4,5,23,251,230,65,12,558,0,0,0,558
04/23/2004,SDF,KY,ASO,CE,Towers with Radar,206,202,35,6,449,18,16,0,1,35,224,218,35,7,484,0,0,0,484
04/24/2004,SDF,KY,ASO,CE,Towers with Radar,150,145,30,5,330,0,0,0,1,1,150,145,30,6,331,0,0,0,331
04/25/2004,SDF,KY,ASO,CE,Towers with Radar,89,116,30,2,237,0,59,0,0,59,89,175,30,2,296,0,0,0,296
04/26/2004,SDF,KY,ASO,CE,Towers with Radar,123,167,43,2,335,0,8,26,0,34,123,175,69,2,369,0,0,0,369
04/27/2004,SDF,KY,ASO,CE,Towers with Radar,253,231,64,7,555,7,0,25,3,35,260,231,89,10,590,0,0,0,590
04/28/2004,SDF,KY,ASO,CE,Towers with Radar,263,259,67,8,597,0,0,43,3,46,263,259,110,11,643,0,0,0,643
04/29/2004,SDF,KY,ASO,CE,Towers with Radar,274,298,78,9,659,0,0,97,3,100,274,298,175,12,759,0,0,0,759
04/30/2004,SDF,KY,ASO,CE,Towers with Radar,234,263,67,8,572,0,20,121,0,141,234,283,188,8,713,0,0,0,713
05/01/2004,SDF,KY,ASO,CE,Towers with Radar,157,223,55,1,436,0,14,153,0,167,157,237,208,1,603,0,0,0,603
05/02/2004,SDF,KY,ASO,CE,Towers with Radar,119,238,59,8,424,0,39,138,4,181,119,277,197,12,605,0,0,0,605
05/03/2004,SDF,KY,ASO,CE,Towers with Radar,133,187,47,4,371,0,41,12,0,53,133,228,59,4,424,0,0,0,424
05/04/2004,SDF,KY,ASO,CE,Towers with Radar,245,229,50,8,532,60,0,0,4,64,305,229,50,12,596,0,0,0,596
05/05/2004,SDF,KY,ASO,CE,Towers with Radar,241,225,59,8,533,22,0,17,2,41,263,225,76,10,574,0,0,0,574
05/06/2004,SDF,KY,ASO,CE,Towers with Radar,262,228,60,8,558,35,0,0,3,38,297,228,60,11,596,0,0,0,596
05/07/2004,SDF,KY,ASO,CE,Towers with Radar,231,211,52,7,501,42,0,0,7,49,273,211,52,14,550,0,0,0,550
05/08/2004,SDF,KY,ASO,CE,Towers with Radar,150,154,34,2,340,0,6,0,0,6,150,160,34,2,346,0,0,0,346
05/09/2004,SDF,KY,ASO,CE,Towers with Radar,95,133,32,4,264,0,20,14,0,34,95,153,46,4,298,0,0,0,298
05/10/2004,SDF,KY,ASO,CE,Towers with Radar,128,177,41,5,351,0,12,0,0,12,128,189,41,5,363,0,0,0,363
05/11/2004,SDF,KY,ASO,CE,Towers with Radar,255,215,56,8,534,15,0,0,1,16,270,215,56,9,550,0,0,0,550
05/12/2004,SDF,KY,ASO,CE,Towers with Radar,246,238,49,8,541,46,0,0,2,48,292,238,49,10,589,0,0,0,589
05/13/2004,SDF,KY,ASO,CE,Towers with Radar,235,212,55,8,510,30,0,0,0,30,265,212,55,8,540,0,0,0,540
05/14/2004,SDF,KY,ASO,CE,Towers with Radar,214,211,44,4,473,12,0,0,0,12,226,211,44,4,485,0,0,0,485
05/15/2004,SDF,KY,ASO,CE,Towers with Radar,140,141,32,5,318,14,13,0,7,34,154,154,32,12,352,0,0,0,352
05/16/2004,SDF,KY,ASO,CE,Towers with Radar,96,140,31,5,272,0,28,0,4,32,96,168,31,9,304,0,0,0,304
05/17/2004,SDF,KY,ASO,CE,Towers with Radar,115,167,40,5,327,0,19,9,13,41,115,186,49,18,368,0,0,0,368
05/18/2004,SDF,KY,ASO,CE,Towers with Radar,242,231,49,7,529,25,0,0,4,29,267,231,49,11,558,0,0,0,558
05/19/2004,SDF,KY,ASO,CE,Towers with Radar,231,225,40,6,502,41,0,0,6,47,272,225,40,12,549,0,0,0,549
05/20/2004,SDF,KY,ASO,CE,Towers with Radar,261,233,64,7,565,0,0,3,7,10,261,233,67,14,575,0,0,0,575
05/21/2004,SDF,KY,ASO,CE,Towers with Radar,221,159,39,6,425,48,0,0,4,52,269,159,39,10,477,0,0,0,477
05/22/2004,SDF,KY,ASO,CE,Towers with Radar,140,139,24,1,304,17,11,0,0,28,157,150,24,1,332,0,0,0,332
05/23/2004,SDF,KY,ASO,CE,Towers with Radar,120,124,26,2,272,0,10,0,0,10,120,134,26,2,282,0,0,0,282
05/24/2004,SDF,KY,ASO,CE,Towers with Radar,148,138,39,1,326,0,0,12,0,12,148,138,51,1,338,0,0,0,338
05/25/2004,SDF,KY,ASO,CE,Towers with Radar,224,222,55,5,506,36,15,2,0,53,260,237,57,5,559,0,0,0,559
05/26/2004,SDF,KY,ASO,CE,Towers with Radar,213,211,51,6,481,32,12,0,0,44,245,223,51,6,525,0,0,0,525
05/27/2004,SDF,KY,ASO,CE,Towers with Radar,254,225,63,7,549,16,0,2,0,18,270,225,65,7,567,0,0,0,567
05/28/2004,SDF,KY,ASO,CE,Towers with Radar,249,225,50,6,530,22,0,0,0,22,271,225,50,6,552,0,0,0,552
05/29/2004,SDF,KY,ASO,CE,Towers with Radar,145,143,24,4,316,4,10,0,17,31,149,153,24,21,347,0,0,0,347
05/30/2004,SDF,KY,ASO,CE,Towers with Radar,73,87,13,0,173,0,52,0,0,52,73,139,13,0,225,0,0,0,225
05/31/2004,SDF,KY,ASO,CE,Towers with Radar,72,133,31,0,236,0,43,0,0,43,72,176,31,0,279,0,0,0,279
06/01/2004,SDF,KY,ASO,CE,Towers with Radar,164,171,34,1,370,0,19,2,0,21,164,190,36,1,391,0,0,0,391
06/02/2004,SDF,KY,ASO,CE,Towers with Radar,226,217,42,8,493,50,4,3,5,62,276,221,45,13,555,0,0,0,555
06/03/2004,SDF,KY,ASO,CE,Towers with Radar,265,229,49,8,551,19,0,4,0,23,284,229,53,8,574,0,0,0,574
06/04/2004,SDF,KY,ASO,CE,Towers with Radar,256,213,47,8,524,15,0,27,10,52,271,213,74,18,576,0,0,0,576
06/05/2004,SDF,KY,ASO,CE,Towers with Radar,147,143,27,5,322,0,10,3,1,14,147,153,30,6,336,0,0,0,336
06/06/2004,SDF,KY,ASO,CE,Towers with Radar,96,129,24,5,254,0,34,17,2,53,96,163,41,7,307,0,0,0,307
06/07/2004,SDF,KY,ASO,CE,Towers with Radar,130,161,30,6,327,0,24,12,1,37,130,185,42,7,364,0,0,0,364
06/08/2004,SDF,KY,ASO,CE,Towers with Radar,222,214,41,7,484,48,0,5,0,53,270,214,46,7,537,0,0,0,537
06/09/2004,SDF,KY,ASO,CE,Towers with Radar,248,228,45,7,528,23,0,7,0,30,271,228,52,7,558,0,0,0,558
06/10/2004,SDF,KY,ASO,CE,Towers with Radar,230,201,42,8,481,33,0,14,1,48,263,201,56,9,529,0,0,0,529
06/11/2004,SDF,KY,ASO,CE,Towers with Radar,229,217,43,8,497,0,0,5,0,5,229,217,48,8,502,0,0,0,502
06/12/2004,SDF,KY,ASO,CE,Towers with Radar,123,119,22,4,268,24,22,4,0,50,147,141,26,4,318,0,0,0,318
06/13/2004,SDF,KY,ASO,CE,Towers with Radar,92,122,22,2,238,0,26,2,0,28,92,148,24,2,266,0,0,0,266
06/14/2004,SDF,KY,ASO,CE,Towers with Radar,126,167,32,6,331,0,21,7,7,35,126,188,39,13,366,0,0,0,366
06/15/2004,SDF,KY,ASO,CE,Towers with Radar,234,220,43,7,504,26,0,0,2,28,260,220,43,9,532,0,0,0,532
06/16/2004,SDF,KY,ASO,CE,Towers with Radar,244,211,45,7,507,12,0,6,1,19,256,211,51,8,526,0,0,0,526
06/17/2004,SDF,KY,ASO,CE,Towers with Radar,242,231,45,7,525,27,0,18,3,48,269,231,63,10,573,0,0,0,573
06/18/2004,SDF,KY,ASO,CE,Towers with Radar,236,219,34,7,496,9,0,0,3,12,245,219,34,10,508,0,0,0,508
06/19/2004,SDF,KY,ASO,CE,Towers with Radar,141,143,28,1,313,0,3,2,0,5,141,146,30,1,318,0,0,0,318
06/20/2004,SDF,KY,ASO,CE,Towers with Radar,90,131,25,2,248,0,22,6,0,28,90,153,31,2,276,0,0,0,276
06/21/2004,SDF,KY,ASO,CE,Towers with Radar,122,162,31,3,318,0,16,24,0,40,122,178,55,3,358,0,0,0,358
06/22/2004,SDF,KY,ASO,CE,Towers with Radar,239,218,45,7,509,24,0,2,13,39,263,218,47,20,548,0,0,0,548
06/23/2004,SDF,KY,ASO,CE,Towers with Radar,241,231,45,7,524,17,0,10,12,39,258,231,55,19,563,0,0,0,563
06/24/2004,SDF,KY,ASO,CE,Towers with Radar,242,217,45,7,511,21,0,17,4,42,263,217,62,11,553,0,0,0,553
06/25/2004,SDF,KY,ASO,CE,Towers with Radar,222,212,37,5,476,0,0,0,0,0,222,212,37,5,476,0,0,0,476
06/26/2004,SDF,KY,ASO,CE,Towers with Radar,146,134,26,4,310,0,0,0,2,2,146,134,26,6,312,0,0,0,312
06/27/2004,SDF,KY,ASO,CE,Towers with Radar,94,128,22,4,248,0,20,0,2,22,94,148,22,6,270,0,0,0,270
06/28/2004,SDF,KY,ASO,CE,Towers with Radar,125,167,33,0,325,0,36,6,0,42,125,203,39,0,367,0,0,0,367
06/29/2004,SDF,KY,ASO,CE,Towers with Radar,247,223,46,6,522,28,0,4,0,32,275,223,50,6,554,0,0,0,554
06/30/2004,SDF,KY,ASO,CE,Towers with Radar,256,222,48,7,533,1,0,9,5,15,257,222,57,12,548,0,0,0,548
07/01/2004,SDF,KY,ASO,CE,Towers with Radar,253,217,48,5,523,6,0,15,0,21,259,217,63,5,544,0,0,0,544
07/02/2004,SDF,KY,ASO,CE,Towers with Radar,214,206,31,2,453,17,0,0,0,17,231,206,31,2,470,0,0,0,470
07/03/2004,SDF,KY,ASO,CE,Towers with Radar,122,118,23,1,264,16,19,1,0,36,138,137,24,1,300,0,0,0,300
07/04/2004,SDF,KY,ASO,CE,Towers with Radar,64,101,19,0,184,0,11,12,0,23,64,112,31,0,207,0,0,0,207
07/05/2004,SDF,KY,ASO,CE,Towers with Radar,73,132,26,0,231,0,17,12,0,29,73,149,38,0,260,0,0,0,260
07/06/2004,SDF,KY,ASO,CE,Towers with Radar,157,165,33,0,355,0,13,22,0,35,157,178,55,0,390,0,0,0,390
07/07/2004,SDF,KY,ASO,CE,Towers with Radar,224,208,32,5,469,37,0,0,6,43,261,208,32,11,512,0,0,0,512
07/08/2004,SDF,KY,ASO,CE,Towers with Radar,242,212,46,5,505,34,0,29,2,65,276,212,75,7,570,0,0,0,570
07/09/2004,SDF,KY,ASO,CE,Towers with Radar,211,203,41,5,460,10,5,13,6,34,221,208,54,11,494,0,0,0,494
07/10/2004,SDF,KY,ASO,CE,Towers with Radar,137,133,27,3,300,5,17,1,0,23,142,150,28,3,323,0,0,0,323
07/11/2004,SDF,KY,ASO,CE,Towers with Radar,83,119,24,2,228,0,34,10,0,44,83,153,34,2,272,0,0,0,272
07/12/2004,SDF,KY,ASO,CE,Towers with Radar,127,159,32,2,320,0,35,13,0,48,127,194,45,2,368,0,0,0,368
07/13/2004,SDF,KY,ASO,CE,Towers with Radar,213,201,42,5,461,50,0,9,7,66,263,201,51,12,527,0,0,0,527
07/14/2004,SDF,KY,ASO,CE,Towers with Radar,242,207,47,5,501,17,0,5,8,30,259,207,52,13,531,0,0,0,531
07/15/2004,SDF,KY,ASO,CE,Towers with Radar,243,211,48,5,507,17,0,6,2,25,260,211,54,7,532,0,0,0,532
07/16/2004,SDF,KY,ASO,CE,Towers with Radar,220,196,43,5,464,0,0,12,5,17,220,196,55,10,481,0,0,0,481
07/17/2004,SDF,KY,ASO,CE,Towers with Radar,135,127,25,2,289,6,0,2,4,12,141,127,27,6,301,0,0,0,301
07/18/2004,SDF,KY,ASO,CE,Towers with Radar,93,138,28,2,261,0,11,9,1,21,93,149,37,3,282,0,0,0,282
07/19/2004,SDF,KY,ASO,CE,Towers with Radar,130,160,33,1,324,0,19,14,0,33,130,179,47,1,357,0,0,0,357
07/20/2004,SDF,KY,ASO,CE,Towers with Radar,239,222,40,4,505,22,0,0,3,25,261,222,40,7,530,0,0,0,530
07/21/2004,SDF,KY,ASO,CE,Towers with Radar,241,217,47,4,509,27,0,4,9,40,268,217,51,13,549,0,0,0,549
07/22/2004,SDF,KY,ASO,CE,Towers with Radar,238,228,33,4,503,33,2,0,1,36,271,230,33,5,539,0,0,0,539
07/23/2004,SDF,KY,ASO,CE,Towers with Radar,223,205,34,4,466,9,0,0,0,9,232,205,34,4,475,0,0,0,475
07/24/2004,SDF,KY,ASO,CE,Towers with Radar,140,133,27,2,302,1,16,9,2,28,141,149,36,4,330,0,0,0,330
07/25/2004,SDF,KY,ASO,CE,Towers with Radar,91,130,27,2,250,0,22,2,2,26,91,152,29,4,276,0,0,0,276
07/26/2004,SDF,KY,ASO,CE,Towers with Radar,127,158,32,2,319,0,33,2,0,35,127,191,34,2,354,0,0,0,354
07/27/2004,SDF,KY,ASO,CE,Towers with Radar,244,200,47,4,495,24,0,0,6,30,268,200,47,10,525,0,0,0,525
07/28/2004,SDF,KY,ASO,CE,Towers with Radar,259,228,49,5,541,13,0,33,7,53,272,228,82,12,594,0,0,0,594
07/29/2004,SDF,KY,ASO,CE,Towers with Radar,260,223,50,5,538,13,0,15,2,30,273,223,65,7,568,0,0,0,568
07/30/2004,SDF,KY,ASO,CE,Towers with Radar,226,216,43,4,489,5,3,0,2,10,231,219,43,6,499,0,0,0,499
07/31/2004,SDF,KY,ASO,CE,Towers with Radar,159,150,31,3,343,10,0,8,0,18,169,150,39,3,361,0,0,0,361
08/01/2004,SDF,KY,ASO,CE,Towers with Radar,96,143,32,2,273,0,6,10,0,16,96,149,42,2,289,0,0,0,289
08/02/2004,SDF,KY,ASO,CE,Towers with Radar,122,167,37,2,328,0,25,18,0,43,122,192,55,2,371,0,0,0,371
08/03/2004,SDF,KY,ASO,CE,Towers with Radar,240,205,51,8,504,31,0,16,2,49,271,205,67,10,553,0,0,0,553
08/04/2004,SDF,KY,ASO,CE,Towers with Radar,242,212,49,9,512,60,0,0,0,60,302,212,49,9,572,0,0,0,572
08/05/2004,SDF,KY,ASO,CE,Towers with Radar,248,230,53,9,540,53,0,13,2,68,301,230,66,11,608,0,0,0,608
08/06/2004,SDF,KY,ASO,CE,Towers with Radar,224,204,51,8,487,0,0,34,5,39,224,204,85,13,526,0,0,0,526
08/07/2004,SDF,KY,ASO,CE,Towers with Radar,133,147,33,2,315,0,0,11,0,11,133,147,44,2,326,0,0,0,326
08/08/2004,SDF,KY,ASO,CE,Towers with Radar,88,121,27,3,239,0,29,5,0,34,88,150,32,3,273,0,0,0,273
08/09/2004,SDF,KY,ASO,CE,Towers with Radar,140,171,38,4,353,0,42,6,0,48,140,213,44,4,401,0,0,0,401
08/10/2004,SDF,KY,ASO,CE,Towers with Radar,225,214,48,8,495,38,0,14,1,53,263,214,62,9,548,0,0,0,548
08/11/2004,SDF,KY,ASO,CE,Towers with Radar,228,196,49,8,481,21,0,2,5,28,249,196,51,13,509,0,0,0,509
08/12/2004,SDF,KY,ASO,CE,Towers with Radar,262,213,56,9,540,36,0,17,7,60,298,213,73,16,600,0,0,0,600
08/13/2004,SDF,KY,ASO,CE,Towers with Radar,219,196,48,8,471,8,0,1,6,15,227,196,49,14,486,0,0,0,486
08/14/2004,SDF,KY,ASO,CE,Towers with Radar,143,136,31,2,312,0,4,7,0,11,143,140,38,2,323,0,0,0,323
08/15/2004,SDF,KY,ASO,CE,Towers with Radar,91,124,29,5,249,0,10,6,2,18,91,134,35,7,267,0,0,0,267
08/16/2004,SDF,KY,ASO,CE,Towers with Radar,129,167,38,6,340,0,1,9,1,11,129,168,47,7,351,0,0,0,351
08/17/2004,SDF,KY,ASO,CE,Towers with Radar,227,198,49,8,482,25,0,2,3,30,252,198,51,11,512,0,0,0,512
08/18/2004,SDF,KY,ASO,CE,Towers with Radar,236,216,46,7,505,56,0,0,7,63,292,216,46,14,568,0,0,0,568
08/19/2004,SDF,KY,ASO,CE,Towers with Radar,228,195,49,7,479,39,0,13,3,55,267,195,62,10,534,0,0,0,534
08/20/2004,SDF,KY,ASO,CE,Towers with Radar,202,193,29,4,428,27,13,0,0,40,229,206,29,4,468,0,0,0,468
08/21/2004,SDF,KY,ASO,CE,Towers with Radar,143,128,31,4,306,0,0,0,7,7,143,128,31,11,313,0,0,0,313
08/22/2004,SDF,KY,ASO,CE,Towers with Radar,90,133,31,4,258,0,15,8,13,36,90,148,39,17,294,0,0,0,294
08/23/2004,SDF,KY,ASO,CE,Towers with Radar,125,165,38,5,333,0,37,8,3,48,125,202,46,8,381,0,0,0,381
08/24/2004,SDF,KY,ASO,CE,Towers with Radar,234,210,51,7,502,10,0,1,9,20,244,210,52,16,522,0,0,0,522
08/25/2004,SDF,KY,ASO,CE,Towers with Radar,242,229,53,7,531,25,0,13,0,38,267,229,66,7,569,0,0,0,569
08/26/2004,SDF,KY,ASO,CE,Towers with Radar,235,224,51,7,517,37,11,0,4,52,272,235,51,11,569,0,0,0,569
08/27/2004,SDF,KY,ASO,CE,Towers with Radar,237,224,55,0,516,0,0,17,0,17,237,224,72,0,533,0,0,0,533
08/28/2004,SDF,KY,ASO,CE,Towers with Radar,134,127,29,4,294,7,38,15,0,60,141,165,44,4,354,0,0,0,354
08/29/2004,SDF,KY,ASO,CE,Towers with Radar,91,132,30,4,257,0,24,23,3,50,91,156,53,7,307,0,0,0,307
08/30/2004,SDF,KY,ASO,CE,Towers with Radar,130,161,36,4,331,0,28,4,0,32,130,189,40,4,363,0,0,0,363
08/31/2004,SDF,KY,ASO,CE,Towers with Radar,243,211,52,8,514,22,0,9,2,33,265,211,61,10,547,0,0,0,547
09/01/2004,SDF,KY,ASO,CE,Towers with Radar,232,212,44,5,493,30,0,13,5,48,262,212,57,10,541,0,0,0,541
09/02/2004,SDF,KY,ASO,CE,Towers with Radar,242,217,46,5,510,18,0,11,3,32,260,217,57,8,542,0,0,0,542
09/03/2004,SDF,KY,ASO,CE,Towers with Radar,232,233,32,5,502,9,0,0,0,9,241,233,32,5,511,0,0,0,511
09/04/2004,SDF,KY,ASO,CE,Towers with Radar,139,157,24,4,324,0,42,0,3,45,139,199,24,7,369,0,0,0,369
09/05/2004,SDF,KY,ASO,CE,Towers with Radar,63,97,18,2,180,0,19,7,1,27,63,116,25,3,207,0,0,0,207
09/06/2004,SDF,KY,ASO,CE,Towers with Radar,72,124,23,3,222,0,34,11,2,47,72,158,34,5,269,0,0,0,269
09/07/2004,SDF,KY,ASO,CE,Towers with Radar,161,184,30,2,377,0,29,0,0,29,161,213,30,2,406,0,0,0,406
09/08/2004,SDF,KY,ASO,CE,Towers with Radar,222,227,40,5,494,41,7,0,6,54,263,234,40,11,548,0,0,0,548
09/09/2004,SDF,KY,ASO,CE,Towers with Radar,247,232,47,5,531,20,0,7,9,36,267,232,54,14,567,0,0,0,567
09/10/2004,SDF,KY,ASO,CE,Towers with Radar,233,242,47,5,527,0,0,19,0,19,233,242,66,5,546,0,0,0,546
09/11/2004,SDF,KY,ASO,CE,Towers with Radar,143,152,29,3,327,0,3,10,5,18,143,155,39,8,345,0,0,0,345
09/12/2004,SDF,KY,ASO,CE,Towers with Radar,93,138,27,2,260,0,31,4,0,35,93,169,31,2,295,0,0,0,295
09/13/2004,SDF,KY,ASO,CE,Towers with Radar,124,176,34,3,337,0,24,21,0,45,124,200,55,3,382,0,0,0,382
09/14/2004,SDF,KY,ASO,CE,Towers with Radar,259,234,51,6,550,37,0,10,12,59,296,234,61,18,609,0,0,0,609
09/15/2004,SDF,KY,ASO,CE,Towers with Radar,256,221,50,6,533,44,0,12,7,63,300,221,62,13,596,0,0,0,596
09/16/2004,SDF,KY,ASO,CE,Towers with Radar,231,216,45,5,497,36,0,10,7,53,267,216,55,12,550,0,0,0,550
09/17/2004,SDF,KY,ASO,CE,Towers with Radar,202,205,35,5,447,22,5,0,3,30,224,210,35,8,477,0,0,0,477
09/18/2004,SDF,KY,ASO,CE,Towers with Radar,144,143,28,3,318,0,0,1,4,5,144,143,29,7,323,0,0,0,323
09/19/2004,SDF,KY,ASO,CE,Towers with Radar,90,133,26,2,251,0,34,27,1,62,90,167,53,3,313,0,0,0,313
09/20/2004,SDF,KY,ASO,CE,Towers with Radar,124,182,35,3,344,0,31,29,2,62,124,213,64,5,406,0,0,0,406
09/21/2004,SDF,KY,ASO,CE,Towers with Radar,235,225,46,4,510,28,0,11,5,44,263,225,57,9,554,0,0,0,554
09/22/2004,SDF,KY,ASO,CE,Towers with Radar,230,230,45,4,509,25,0,11,6,42,255,230,56,10,551,0,0,0,551
09/23/2004,SDF,KY,ASO,CE,Towers with Radar,234,232,46,4,516,30,0,15,1,46,264,232,61,5,562,0,0,0,562
09/24/2004,SDF,KY,ASO,CE,Towers with Radar,229,228,46,2,505,0,0,55,0,55,229,228,101,2,560,0,0,0,560
09/25/2004,SDF,KY,ASO,CE,Towers with Radar,149,145,29,2,325,5,0,18,3,26,154,145,47,5,351,0,0,0,351
09/26/2004,SDF,KY,ASO,CE,Towers with Radar,84,137,26,2,249,0,27,16,1,44,84,164,42,3,293,0,0,0,293
09/27/2004,SDF,KY,ASO,CE,Towers with Radar,140,175,33,0,348,0,13,0,0,13,140,188,33,0,361,0,0,0,361
09/28/2004,SDF,KY,ASO,CE,Towers with Radar,227,231,43,3,504,37,1,4,0,42,264,232,47,3,546,0,0,0,546
09/29/2004,SDF,KY,ASO,CE,Towers with Radar,253,228,47,3,531,15,0,0,0,15,268,228,47,3,546,0,0,0,546
09/30/2004,SDF,KY,ASO,CE,Towers with Radar,263,256,50,2,571,7,0,38,0,45,270,256,88,2,616,0,0,0,616
10/01/2004,SDF,KY,ASO,CE,Towers with Radar,223,223,58,6,510,0,3,19,0,22,223,226,77,6,532,0,0,0,532
10/02/2004,SDF,KY,ASO,CE,Towers with Radar,146,145,19,5,315,0,0,6,1,7,146,145,25,6,322,0,0,0,322
10/03/2004,SDF,KY,ASO,CE,Towers with Radar,86,175,21,0,282,0,0,16,0,16,86,175,37,0,298,0,0,0,298
10/04/2004,SDF,KY,ASO,CE,Towers with Radar,130,190,26,0,346,0,2,7,0,9,130,192,33,0,355,0,0,0,355
10/05/2004,SDF,KY,ASO,CE,Towers with Radar,274,211,46,5,536,0,0,9,5,14,274,211,55,10,550,0,0,0,550
10/06/2004,SDF,KY,ASO,CE,Towers with Radar,263,228,45,6,542,0,2,7,13,22,263,230,52,19,564,0,0,0,564
10/07/2004,SDF,KY,ASO,CE,Towers with Radar,253,231,46,14,544,0,2,12,1,15,253,233,58,15,559,0,0,0,559
10/08/2004,SDF,KY,ASO,CE,Towers with Radar,221,229,42,6,498,0,2,7,1,10,221,231,49,7,508,0,0,0,508
10/09/2004,SDF,KY,ASO,CE,Towers with Radar,153,153,36,3,345,0,1,11,0,12,153,154,47,3,357,0,0,0,357
10/10/2004,SDF,KY,ASO,CE,Towers with Radar,97,163,25,4,289,0,0,17,0,17,97,163,42,4,306,0,0,0,306
10/11/2004,SDF,KY,ASO,CE,Towers with Radar,124,197,51,1,373,0,1,9,0,10,124,198,60,1,383,0,0,0,383
10/12/2004,SDF,KY,ASO,CE,Towers with Radar,255,224,48,3,530,0,0,3,0,3,255,224,51,3,533,0,0,0,533
10/13/2004,SDF,KY,ASO,CE,Towers with Radar,263,233,67,11,574,0,0,0,0,0,263,233,67,11,574,0,0,0,574
10/14/2004,SDF,KY,ASO,CE,Towers with Radar,256,218,69,12,555,0,0,2,3,5,256,218,71,15,560,0,0,0,560
10/15/2004,SDF,KY,ASO,CE,Towers with Radar,227,209,64,10,510,0,1,4,2,7,227,210,68,12,517,0,0,0,517
10/16/2004,SDF,KY,ASO,CE,Towers with Radar,150,144,26,1,321,0,0,1,0,1,150,144,27,1,322,0,0,0,322
10/17/2004,SDF,KY,ASO,CE,Towers with Radar,93,173,44,3,313,0,1,16,0,17,93,174,60,3,330,0,0,0,330
10/18/2004,SDF,KY,ASO,CE,Towers with Radar,109,189,20,2,320,0,0,0,0,0,109,189,20,2,320,0,0,0,320
10/19/2004,SDF,KY,ASO,CE,Towers with Radar,300,245,39,12,596,0,0,25,5,30,300,245,64,17,626,0,0,0,626
10/20/2004,SDF,KY,ASO,CE,Towers with Radar,265,241,70,19,595,0,0,0,0,0,265,241,70,19,595,0,0,0,595
10/21/2004,SDF,KY,ASO,CE,Towers with Radar,266,232,75,13,586,0,0,0,0,0,266,232,75,13,586,0,0,0,586
10/22/2004,SDF,KY,ASO,CE,Towers with Radar,237,233,47,7,524,0,1,3,0,4,237,234,50,7,528,0,0,0,528
10/23/2004,SDF,KY,ASO,CE,Towers with Radar,153,144,24,6,327,0,1,4,0,5,153,145,28,6,332,0,0,0,332
10/24/2004,SDF,KY,ASO,CE,Towers with Radar,93,165,30,5,293,0,0,0,0,0,93,165,30,5,293,2,0,2,295
10/25/2004,SDF,KY,ASO,CE,Towers with Radar,127,191,52,7,377,0,0,16,2,18,127,191,68,9,395,0,0,0,395
10/26/2004,SDF,KY,ASO,CE,Towers with Radar,263,206,58,12,539,0,0,8,2,10,263,206,66,14,549,0,0,0,549
10/27/2004,SDF,KY,ASO,CE,Towers with Radar,271,222,40,12,545,0,0,0,0,0,271,222,40,12,545,0,0,0,545
10/28/2004,SDF,KY,ASO,CE,Towers with Radar,268,274,55,12,609,0,0,0,0,0,268,274,55,12,609,0,0,0,609
10/29/2004,SDF,KY,ASO,CE,Towers with Radar,247,234,32,9,522,0,0,6,1,7,247,234,38,10,529,0,0,0,529
10/30/2004,SDF,KY,ASO,CE,Towers with Radar,177,135,14,0,326,0,0,3,0,3,177,135,17,0,329,0,0,0,329
10/31/2004,SDF,KY,ASO,CE,Towers with Radar,104,157,24,3,288,0,0,6,0,6,104,157,30,3,294,0,0,0,294
11/01/2004,SDF,KY,ASO,CE,Combined TRACON& Tower with Radar,138,183,28,0,349,0,0,1,0,1,138,183,29,0,350,0,0,0,350
11/02/2004,SDF,KY,ASO,CE,Combined TRACON& Tower with Radar,303,223,45,2,573,0,0,0,0,0,303,223,45,2,573,0,0,0,573
11/03/2004,SDF,KY,ASO,CE,Combined TRACON& Tower with Radar,302,198,55,8,563,0,0,1,1,2,302,198,56,9,565,0,0,0,565
11/04/2004,SDF,KY,ASO,CE,Combined TRACON& Tower with Radar,312,217,65,2,596,0,0,1,5,6,312,217,66,7,602,0,0,0,602
11/05/2004,SDF,KY,ASO,CE,Combined TRACON& Tower with Radar,272,228,48,10,558,0,2,16,1,19,272,230,64,11,577,0,0,0,577
11/06/2004,SDF,KY,ASO,CE,Combined TRACON& Tower with Radar,185,138,15,17,355,0,0,13,1,14,185,138,28,18,369,0,0,0,369
11/07/2004,SDF,KY,ASO,CE,Combined TRACON& Tower with Radar,97,160,44,7,308,0,1,14,1,16,97,161,58,8,324,0,0,0,324
11/08/2004,SDF,KY,ASO,CE,Combined TRACON& Tower with Radar,132,190,24,6,352,0,3,4,1,8,132,193,28,7,360,0,0,0,360
11/09/2004,SDF,KY,ASO,CE,Combined TRACON& Tower with Radar,318,228,29,5,580,0,0,4,3,7,318,228,33,8,587,0,0,0,587
11/10/2004,SDF,KY,ASO,CE,Combined TRACON& Tower with Radar,301,228,54,5,588,0,0,10,8,18,301,228,64,13,606,0,0,0,606
11/11/2004,SDF,KY,ASO,CE,Combined TRACON& Tower with Radar,306,219,48,0,573,0,0,0,0,0,306,219,48,0,573,0,0,0,573
11/12/2004,SDF,KY,ASO,CE,Combined TRACON& Tower with Radar,261,219,33,2,515,0,0,4,1,5,261,219,37,3,520,0,0,0,520
11/13/2004,SDF,KY,ASO,CE,Combined TRACON& Tower with Radar,184,151,35,0,370,0,0,11,0,11,184,151,46,0,381,0,0,0,381
11/14/2004,SDF,KY,ASO,CE,Combined TRACON& Tower with Radar,97,161,35,1,294,0,3,15,0,18,97,164,50,1,312,0,0,0,312
11/15/2004,SDF,KY,ASO,CE,Combined TRACON& Tower with Radar,125,194,28,0,347,0,0,12,1,13,125,194,40,1,360,0,0,0,360
11/16/2004,SDF,KY,ASO,CE,Combined TRACON& Tower with Radar,310,231,26,6,573,0,0,0,0,0,310,231,26,6,573,567,6,573,1146
11/17/2004,SDF,KY,ASO,CE,Combined TRACON& Tower with Radar,304,241,52,11,608,0,2,5,3,10,304,243,57,14,618,0,0,0,618
11/18/2004,SDF,KY,ASO,CE,Combined TRACON& Tower with Radar,314,240,62,7,623,0,0,0,0,0,314,240,62,7,623,0,0,0,623
11/19/2004,SDF,KY,ASO,CE,Combined TRACON& Tower with Radar,271,227,48,8,554,0,0,0,0,0,271,227,48,8,554,0,0,0,554
11/20/2004,SDF,KY,ASO,CE,Combined TRACON& Tower with Radar,193,145,28,6,372,0,0,2,0,2,193,145,30,6,374,0,0,0,374
11/21/2004,SDF,KY,ASO,CE,Combined TRACON& Tower with Radar,104,162,28,3,297,0,0,4,0,4,104,162,32,3,301,0,0,0,301
11/22/2004,SDF,KY,ASO,CE,Combined TRACON& Tower with Radar,135,181,34,3,353,0,0,1,0,1,135,181,35,3,354,0,0,0,354
11/23/2004,SDF,KY,ASO,CE,Combined TRACON& Tower with Radar,372,258,37,12,679,0,0,0,1,1,372,258,37,13,680,0,0,0,680
11/24/2004,SDF,KY,ASO,CE,Combined TRACON& Tower with Radar,357,228,30,1,616,0,0,0,0,0,357,228,30,1,616,0,0,0,616
11/25/2004,SDF,KY,ASO,CE,Combined TRACON& Tower with Radar,152,150,5,0,307,0,0,0,0,0,152,150,5,0,307,0,0,0,307
11/26/2004,SDF,KY,ASO,CE,Combined TRACON& Tower with Radar,180,146,18,0,344,0,1,7,0,8,180,147,25,0,352,0,0,0,352
11/27/2004,SDF,KY,ASO,CE,Combined TRACON& Tower with Radar,178,164,22,0,364,0,0,1,0,1,178,164,23,0,365,0,0,0,365
11/28/2004,SDF,KY,ASO,CE,Combined TRACON& Tower with Radar,108,173,30,1,312,0,4,11,0,15,108,177,41,1,327,0,0,0,327
11/29/2004,SDF,KY,ASO,CE,Combined TRACON& Tower with Radar,120,210,84,2,416,0,1,7,0,8,120,211,91,2,424,0,0,0,424
11/30/2004,SDF,KY,ASO,CE,Combined TRACON& Tower with Radar,341,224,107,2,674,0,0,0,0,0,341,224,107,2,674,0,0,0,674
12/01/2004,SDF,KY,ASO,CE,Combined TRACON& Tower with Radar,341,223,103,10,677,0,0,15,3,18,341,223,118,13,695,0,0,0,695
12/02/2004,SDF,KY,ASO,CE,Combined TRACON& Tower with Radar,105,154,19,1,279,0,0,5,0,5,105,154,24,1,284,0,0,0,284
12/03/2004,SDF,KY,ASO,CE,Combined TRACON& Tower with Radar,285,221,29,7,542,0,0,10,5,15,285,221,39,12,557,0,0,0,557
12/04/2004,SDF,KY,ASO,CE,Combined TRACON& Tower with Radar,198,161,14,7,380,0,1,7,1,9,198,162,21,8,389,0,0,0,389
12/05/2004,SDF,KY,ASO,CE,Combined TRACON& Tower with Radar,101,164,23,0,288,0,1,10,0,11,101,165,33,0,299,0,0,0,299
12/06/2004,SDF,KY,ASO,CE,Combined TRACON& Tower with Radar,125,195,39,8,367,0,0,1,0,1,125,195,40,8,368,0,0,0,368
12/07/2004,SDF,KY,ASO,CE,Combined TRACON& Tower with Radar,360,245,43,3,651,0,0,7,3,10,360,245,50,6,661,0,0,0,661
12/08/2004,SDF,KY,ASO,CE,Combined TRACON& Tower with Radar,334,246,41,6,627,0,0,13,5,18,334,246,54,11,645,0,0,0,645
12/09/2004,SDF,KY,ASO,CE,Combined TRACON& Tower with Radar,337,236,38,7,618,0,0,3,1,4,337,236,41,8,622,0,0,0,622
12/10/2004,SDF,KY,ASO,CE,Combined TRACON& Tower with Radar,281,218,57,3,559,0,1,6,0,7,281,219,63,3,566,0,0,0,566
12/11/2004,SDF,KY,ASO,CE,Combined TRACON& Tower with Radar,196,163,27,2,388,0,1,1,0,2,196,164,28,2,390,0,0,0,390
12/12/2004,SDF,KY,ASO,CE,Combined TRACON& Tower with Radar,105,154,19,1,279,0,0,5,0,5,105,154,24,1,284,0,0,0,284
12/13/2004,SDF,KY,ASO,CE,Combined TRACON& Tower with Radar,133,194,39,0,366,0,0,0,0,0,133,194,39,0,366,0,0,0,366
12/14/2004,SDF,KY,ASO,CE,Combined TRACON& Tower with Radar,359,231,40,11,641,0,1,3,4,8,359,232,43,15,649,0,0,0,649
12/15/2004,SDF,KY,ASO,CE,Combined TRACON& Tower with Radar,350,241,41,6,638,0,2,14,5,21,350,243,55,11,659,0,0,0,659
12/16/2004,SDF,KY,ASO,CE,Combined TRACON& Tower with Radar,344,243,43,4,634,0,3,8,6,17,344,246,51,10,651,0,0,0,651
12/17/2004,SDF,KY,ASO,CE,Combined TRACON& Tower with Radar,341,257,54,4,656,0,1,6,0,7,341,258,60,4,663,0,0,0,663
12/18/2004,SDF,KY,ASO,CE,Combined TRACON& Tower with Radar,211,147,26,4,388,0,0,5,0,5,211,147,31,4,393,0,0,0,393
12/19/2004,SDF,KY,ASO,CE,Combined TRACON& Tower with Radar,143,150,18,4,315,0,0,4,0,4,143,150,22,4,319,0,0,0,319
12/20/2004,SDF,KY,ASO,CE,Combined TRACON& Tower with Radar,152,195,38,5,390,0,0,6,0,6,152,195,44,5,396,0,0,0,396
12/21/2004,SDF,KY,ASO,CE,Combined TRACON& Tower with Radar,416,239,44,15,714,0,0,2,2,4,416,239,46,17,718,0,0,0,718
12/22/2004,SDF,KY,ASO,CE,Combined TRACON& Tower with Radar,360,168,34,0,562,0,0,0,0,0,360,168,34,0,562,0,0,0,562
12/23/2004,SDF,KY,ASO,CE,Combined TRACON& Tower with Radar,198,137,32,8,375,0,3,7,7,17,198,140,39,15,392,0,0,0,392
12/24/2004,SDF,KY,ASO,CE,Combined TRACON& Tower with Radar,224,148,19,2,393,0,0,2,0,2,224,148,21,2,395,0,0,0,395
12/25/2004,SDF,KY,ASO,CE,Combined TRACON& Tower with Radar,100,110,2,0,212,0,4,4,0,8,100,114,6,0,220,0,0,0,220
12/26/2004,SDF,KY,ASO,CE,Combined TRACON& Tower with Radar,166,144,20,0,330,0,0,0,0,0,166,144,20,0,330,0,0,0,330
12/27/2004,SDF,KY,ASO,CE,Combined TRACON& Tower with Radar,120,179,24,0,323,0,1,6,0,7,120,180,30,0,330,0,0,0,330
12/28/2004,SDF,KY,ASO,CE,Combined TRACON& Tower with Radar,340,206,35,2,583,0,0,5,1,6,340,206,40,3,589,0,0,0,589
12/29/2004,SDF,KY,ASO,CE,Combined TRACON& Tower with Radar,322,214,23,0,559,0,4,3,0,7,322,218,26,0,566,0,0,0,566
12/30/2004,SDF,KY,ASO,CE,Combined TRACON& Tower with Radar,260,166,17,0,443,0,0,2,0,2,260,166,19,0,445,0,0,0,445
12/31/2004,SDF,KY,ASO,CE,Combined TRACON& Tower with Radar,67,69,1,0,137,0,1,1,0,2,67,70,2,0,139,0,0,0,139
01/01/2005,SDF,KY,ASO,CE,Combined TRACON& Tower with Radar,332,297,28,0,657,0,3,6,0,9,332,300,34,0,666,0,0,0,666
01/02/2005,SDF,KY,ASO,CE,Combined TRACON& Tower with Radar,112,175,19,0,306,0,0,0,0,0,112,175,19,0,306,0,0,0,306
01/03/2005,SDF,KY,ASO,CE,Combined TRACON& Tower with Radar,91,181,12,0,284,0,0,0,0,0,91,181,12,0,284,0,0,0,284
01/04/2005,SDF,KY,ASO,CE,Combined TRACON& Tower with Radar,308,224,31,7,570,0,0,0,0,0,308,224,31,7,570,0,0,0,570
01/05/2005,SDF,KY,ASO,CE,Combined TRACON& Tower with Radar,305,215,30,10,560,0,0,1,1,2,305,215,31,11,562,0,0,0,562
01/06/2005,SDF,KY,ASO,CE,Combined TRACON& Tower with Radar,304,204,38,9,555,0,0,2,2,4,304,204,40,11,559,0,0,0,559
01/07/2005,SDF,KY,ASO,CE,Combined TRACON& Tower with Radar,262,233,24,8,527,0,0,7,0,7,262,233,31,8,534,0,0,0,534
01/08/2005,SDF,KY,ASO,CE,Combined TRACON& Tower with Radar,185,145,14,0,344,0,0,0,0,0,185,145,14,0,344,0,0,0,344
01/09/2005,SDF,KY,ASO,CE,Combined TRACON& Tower with Radar,97,154,33,3,287,0,1,17,1,19,97,155,50,4,306,0,0,0,306
01/10/2005,SDF,KY,ASO,CE,Combined TRACON& Tower with Radar,122,208,40,1,371,0,0,0,0,0,122,208,40,1,371,0,0,0,371
01/11/2005,SDF,KY,ASO,CE,Combined TRACON& Tower with Radar,296,222,53,9,580,0,0,2,1,3,296,222,55,10,583,0,0,0,583
01/12/2005,SDF,KY,ASO,CE,Combined TRACON& Tower with Radar,293,244,69,6,612,0,1,6,3,10,293,245,75,9,622,0,0,0,622
01/13/2005,SDF,KY,ASO,CE,Combined TRACON& Tower with Radar,299,227,54,1,581,0,0,0,0,0,299,227,54,1,581,0,0,0,581
01/14/2005,SDF,KY,ASO,CE,Combined TRACON& Tower with Radar,266,212,47,4,529,0,0,15,2,17,266,212,62,6,546,0,0,0,546
01/15/2005,SDF,KY,ASO,CE,Combined TRACON& Tower with Radar,191,160,22,3,376,0,0,21,0,21,191,160,43,3,397,0,0,0,397
01/16/2005,SDF,KY,ASO,CE,Combined TRACON& Tower with Radar,96,154,11,0,261,0,0,1,0,1,96,154,12,0,262,0,0,0,262
01/17/2005,SDF,KY,ASO,CE,Combined TRACON& Tower with Radar,129,184,34,1,348,0,0,6,1,7,129,184,40,2,355,0,0,0,355
01/18/2005,SDF,KY,ASO,CE,Combined TRACON& Tower with Radar,298,205,28,0,531,0,0,5,0,5,298,205,33,0,536,0,0,0,536
01/19/2005,SDF,KY,ASO,CE,Combined TRACON& Tower with Radar,305,214,27,7,553,0,3,6,4,13,305,217,33,11,566,0,0,0,566
01/20/2005,SDF,KY,ASO,CE,Combined TRACON& Tower with Radar,307,225,56,4,592,0,0,5,4,9,307,225,61,8,601,0,0,0,601
01/21/2005,SDF,KY,ASO,CE,Combined TRACON& Tower with Radar,263,246,35,8,552,0,0,4,1,5,263,246,39,9,557,0,0,0,557
01/22/2005,SDF,KY,ASO,CE,Combined TRACON& Tower with Radar,199,123,8,2,332,0,0,0,1,1,199,123,8,3,333,0,0,0,333
01/23/2005,SDF,KY,ASO,CE,Combined TRACON& Tower with Radar,105,138,13,5,261,0,1,4,0,5,105,139,17,5,266,0,0,0,266
01/24/2005,SDF,KY,ASO,CE,Combined TRACON& Tower with Radar,129,176,32,0,337,0,2,5,0,7,129,178,37,0,344,0,0,0,344
01/25/2005,SDF,KY,ASO,CE,Combined TRACON& Tower with Radar,302,233,34,6,575,0,0,10,5,15,302,233,44,11,590,0,0,0,590
01/26/2005,SDF,KY,ASO,CE,Combined TRACON& Tower with Radar,303,228,48,8,587,0,1,1,4,6,303,229,49,12,593,0,0,0,593
01/27/2005,SDF,KY,ASO,CE,Combined TRACON& Tower with Radar,326,232,43,2,603,0,2,12,5,19,326,234,55,7,622,0,0,0,622
01/28/2005,SDF,KY,ASO,CE,Combined TRACON& Tower with Radar,271,220,38,11,540,0,1,11,3,15,271,221,49,14,555,0,0,0,555
01/29/2005,SDF,KY,ASO,CE,Combined TRACON& Tower with Radar,178,137,3,2,320,0,0,0,0,0,178,137,3,2,320,0,0,0,320
01/30/2005,SDF,KY,ASO,CE,Combined TRACON& Tower with Radar,89,164,11,4,268,0,0,0,0,0,89,164,11,4,268,0,0,0,268
01/31/2005,SDF,KY,ASO,CE,Combined TRACON& Tower with Radar,128,180,39,4,351,0,0,0,0,0,128,180,39,4,351,0,0,0,351
02/01/2005,SDF,KY,ASO,CE,Combined TRACON& Tower with Radar,309,220,39,13,581,0,0,12,1,13,309,220,51,14,594,0,0,0,594
02/02/2005,SDF,KY,ASO,CE,Combined TRACON& Tower with Radar,301,218,49,10,578,0,0,3,1,4,301,218,52,11,582,0,0,0,582
02/03/2005,SDF,KY,ASO,CE,Combined TRACON& Tower with Radar,306,229,39,9,583,0,2,2,1,5,306,231,41,10,588,0,0,0,588
02/04/2005,SDF,KY,ASO,CE,Combined TRACON& Tower with Radar,268,233,33,2,536,0,2,14,1,17,268,235,47,3,553,0,0,0,553
02/05/2005,SDF,KY,ASO,CE,Combined TRACON& Tower with Radar,187,136,23,0,346,0,0,33,3,36,187,136,56,3,382,0,0,0,382
02/06/2005,SDF,KY,ASO,CE,Combined TRACON& Tower with Radar,104,161,14,5,284,0,2,2,1,5,104,163,16,6,289,0,0,0,289
02/07/2005,SDF,KY,ASO,CE,Combined TRACON& Tower with Radar,122,184,49,5,360,0,0,1,0,1,122,184,50,5,361,0,0,0,361
02/08/2005,SDF,KY,ASO,CE,Combined TRACON& Tower with Radar,312,222,40,13,587,0,0,3,0,3,312,222,43,13,590,0,0,0,590
02/09/2005,SDF,KY,ASO,CE,Combined TRACON& Tower with Radar,312,213,56,14,595,0,0,4,1,5,312,213,60,15,600,0,0,0,600
02/10/2005,SDF,KY,ASO,CE,Combined TRACON& Tower with Radar,301,234,34,7,576,0,0,0,1,1,301,234,34,8,577,0,0,0,577
02/11/2005,SDF,KY,ASO,CE,Combined TRACON& Tower with Radar,277,221,31,10,539,0,4,6,1,11,277,225,37,11,550,0,0,0,550
02/12/2005,SDF,KY,ASO,CE,Combined TRACON& Tower with Radar,200,144,16,0,360,0,4,16,0,20,200,148,32,0,380,0,0,0,380
02/13/2005,SDF,KY,ASO,CE,Combined TRACON& Tower with Radar,106,149,24,3,282,0,1,0,0,1,106,150,24,3,283,0,0,0,283
02/14/2005,SDF,KY,ASO,CE,Combined TRACON& Tower with Radar,124,184,19,1,328,0,1,6,0,7,124,185,25,1,335,0,0,0,335
02/15/2005,SDF,KY,ASO,CE,Combined TRACON& Tower with Radar,288,233,39,16,576,0,2,9,2,13,288,235,48,18,589,0,0,0,589
02/16/2005,SDF,KY,ASO,CE,Combined TRACON& Tower with Radar,294,224,75,5,598,0,0,5,7,12,294,224,80,12,610,0,0,0,610
02/17/2005,SDF,KY,ASO,CE,Combined TRACON& Tower with Radar,295,231,64,4,594,0,0,0,0,0,295,231,64,4,594,0,0,0,594
02/18/2005,SDF,KY,ASO,CE,Combined TRACON& Tower with Radar,263,216,68,7,554,0,2,14,1,17,263,218,82,8,571,0,0,0,571
02/19/2005,SDF,KY,ASO,CE,Combined TRACON& Tower with Radar,189,140,27,0,356,0,0,13,0,13,189,140,40,0,369,0,0,0,369
02/20/2005,SDF,KY,ASO,CE,Combined TRACON& Tower with Radar,95,142,21,1,259,0,1,2,0,3,95,143,23,1,262,0,0,0,262
02/21/2005,SDF,KY,ASO,CE,Combined TRACON& Tower with Radar,113,187,51,0,351,0,0,2,0,2,113,187,53,0,353,0,0,0,353
02/22/2005,SDF,KY,ASO,CE,Combined TRACON& Tower with Radar,301,231,58,0,590,0,0,5,0,5,301,231,63,0,595,0,0,0,595
02/23/2005,SDF,KY,ASO,CE,Combined TRACON& Tower with Radar,303,205,52,6,566,0,0,3,4,7,303,205,55,10,573,0,0,0,573
02/24/2005,SDF,KY,ASO,CE,Combined TRACON& Tower with Radar,290,203,48,6,547,0,0,2,1,3,290,203,50,7,550,0,0,0,550
02/25/2005,SDF,KY,ASO,CE,Combined TRACON& Tower with Radar,273,213,30,6,522,0,1,21,1,23,273,214,51,7,545,0,0,0,545
02/26/2005,SDF,KY,ASO,CE,Combined TRACON& Tower with Radar,185,135,16,0,336,0,1,17,0,18,185,136,33,0,354,0,0,0,354
02/27/2005,SDF,KY,ASO,CE,Combined TRACON& Tower with Radar,94,145,19,1,259,0,0,0,0,0,94,145,19,1,259,12,0,12,271
02/28/2005,SDF,KY,ASO,CE,Combined TRACON& Tower with Radar,119,178,29,0,326,0,0,0,0,0,119,178,29,0,326,0,0,0,326
03/01/2005,SDF,KY,ASO,CE,Combined TRACON& Tower with Radar,306,210,34,5,555,0,1,0,1,2,306,211,34,6,557,0,0,0,557
03/02/2005,SDF,KY,ASO,CE,Combined TRACON& Tower with Radar,301,238,42,3,584,0,0,6,8,14,301,238,48,11,598,0,0,0,598
03/03/2005,SDF,KY,ASO,CE,Combined TRACON& Tower with Radar,295,228,60,5,588,0,1,10,5,16,295,229,70,10,604,0,0,0,604
03/04/2005,SDF,KY,ASO,CE,Combined TRACON& Tower with Radar,261,223,34,7,525,0,0,7,3,10,261,223,41,10,535,0,0,0,535
03/05/2005,SDF,KY,ASO,CE,Combined TRACON& Tower with Radar,187,138,14,3,342,0,0,7,2,9,187,138,21,5,351,0,0,0,351
03/06/2005,SDF,KY,ASO,CE,Combined TRACON& Tower with Radar,90,163,15,2,270,0,0,14,0,14,90,163,29,2,284,0,0,0,284
03/07/2005,SDF,KY,ASO,CE,Combined TRACON& Tower with Radar,118,214,36,8,376,0,1,4,0,5,118,215,40,8,381,0,0,0,381
03/08/2005,SDF,KY,ASO,CE,Combined TRACON& Tower with Radar,291,227,28,7,553,0,0,10,8,18,291,227,38,15,571,0,0,0,571
03/09/2005,SDF,KY,ASO,CE,Combined TRACON& Tower with Radar,305,226,35,11,577,0,0,7,4,11,305,226,42,15,588,0,0,0,588
03/10/2005,SDF,KY,ASO,CE,Combined TRACON& Tower with Radar,300,236,51,16,603,0,1,6,3,10,300,237,57,19,613,0,0,0,613
03/11/2005,SDF,KY,ASO,CE,Combined TRACON& Tower with Radar,256,227,38,8,529,0,0,1,0,1,256,227,39,8,530,0,0,0,530
03/12/2005,SDF,KY,ASO,CE,Combined TRACON& Tower with Radar,185,146,20,2,353,0,1,3,0,4,185,147,23,2,357,0,0,0,357
03/13/2005,SDF,KY,ASO,CE,Combined TRACON& Tower with Radar,92,155,30,6,283,0,0,0,0,0,92,155,30,6,283,0,0,0,283
03/14/2005,SDF,KY,ASO,CE,Combined TRACON& Tower with Radar,130,192,30,9,361,0,0,7,2,9,130,192,37,11,370,0,0,0,370
03/15/2005,SDF,KY,ASO,CE,Combined TRACON& Tower with Radar,295,234,50,6,585,0,2,34,9,45,295,236,84,15,630,0,0,0,630
03/16/2005,SDF,KY,ASO,CE,Combined TRACON& Tower with Radar,287,233,49,8,577,0,2,11,2,15,287,235,60,10,592,0,0,0,592
03/17/2005,SDF,KY,ASO,CE,Combined TRACON& Tower with Radar,293,238,54,7,592,0,0,10,0,10,293,238,64,7,602,0,0,0,602
03/18/2005,SDF,KY,ASO,CE,Combined TRACON& Tower with Radar,267,226,32,5,530,0,1,12,0,13,267,227,44,5,543,0,0,0,543
03/19/2005,SDF,KY,ASO,CE,Combined TRACON& Tower with Radar,182,139,20,2,343,0,0,1,0,1,182,139,21,2,344,0,0,0,344
03/20/2005,SDF,KY,ASO,CE,Combined TRACON& Tower with Radar,87,158,9,7,261,0,29,0,0,29,87,187,9,7,290,0,0,0,290
03/21/2005,SDF,KY,ASO,CE,Combined TRACON& Tower with Radar,122,212,33,8,375,0,3,14,3,20,122,215,47,11,395,0,0,0,395
03/22/2005,SDF,KY,ASO,CE,Combined TRACON& Tower with Radar,292,229,37,9,567,0,0,0,0,0,292,229,37,9,567,0,0,0,567
03/23/2005,SDF,KY,ASO,CE,Combined TRACON& Tower with Radar,301,237,56,21,615,0,0,0,0,0,301,237,56,21,615,0,0,0,615
03/24/2005,SDF,KY,ASO,CE,Combined TRACON& Tower with Radar,310,235,54,6,605,0,0,11,1,12,310,235,65,7,617,0,0,0,617
03/25/2005,SDF,KY,ASO,CE,Combined TRACON& Tower with Radar,255,203,35,9,502,0,0,3,1,4,255,203,38,10,506,0,0,0,506
03/26/2005,SDF,KY,ASO,CE,Combined TRACON& Tower with Radar,189,136,32,0,357,0,0,3,1,4,189,136,35,1,361,0,0,0,361
03/27/2005,SDF,KY,ASO,CE,Combined TRACON& Tower with Radar,92,146,7,2,247,0,0,0,0,0,92,146,7,2,247,0,0,0,247
03/28/2005,SDF,KY,ASO,CE,Combined TRACON& Tower with Radar,126,185,48,14,373,0,1,0,0,1,126,186,48,14,374,0,0,0,374
03/29/2005,SDF,KY,ASO,CE,Combined TRACON& Tower with Radar,308,244,60,6,618,0,2,21,9,32,308,246,81,15,650,0,0,0,650
03/30/2005,SDF,KY,ASO,CE,Combined TRACON& Tower with Radar,292,241,60,10,603,0,0,20,4,24,292,241,80,14,627,0,0,0,627
03/31/2005,SDF,KY,ASO,CE,Combined TRACON& Tower with Radar,302,248,145,4,699,0,2,36,3,41,302,250,181,7,740,0,0,0,740
04/01/2005,SDF,KY,ASO,CE,Combined TRACON& Tower with Radar,258,239,96,6,599,0,2,3,0,5,258,241,99,6,604,0,0,0,604
04/02/2005,SDF,KY,ASO,CE,Combined TRACON& Tower with Radar,193,144,49,0,386,0,1,4,0,5,193,145,53,0,391,0,0,0,391
04/03/2005,SDF,KY,ASO,CE,Combined TRACON& Tower with Radar,93,174,28,3,298,0,1,12,0,13,93,175,40,3,311,0,0,0,311
04/04/2005,SDF,KY,ASO,CE,Combined TRACON& Tower with Radar,170,210,32,9,421,0,1,3,4,8,170,211,35,13,429,0,0,0,429
04/05/2005,SDF,KY,ASO,CE,Combined TRACON& Tower with Radar,296,232,31,4,563,0,0,20,3,23,296,232,51,7,586,0,0,0,586
04/06/2005,SDF,KY,ASO,CE,Combined TRACON& Tower with Radar,303,214,34,8,559,0,6,13,4,23,303,220,47,12,582,0,0,0,582
04/07/2005,SDF,KY,ASO,CE,Combined TRACON& Tower with Radar,275,237,22,6,540,0,2,2,3,7,275,239,24,9,547,0,0,0,547
04/08/2005,SDF,KY,ASO,CE,Combined TRACON& Tower with Radar,276,232,28,1,537,0,2,7,2,11,276,234,35,3,548,0,0,0,548
04/09/2005,SDF,KY,ASO,CE,Combined TRACON& Tower with Radar,154,160,24,1,339,0,0,18,0,18,154,160,42,1,357,0,0,0,357
04/10/2005,SDF,KY,ASO,CE,Combined TRACON& Tower with Radar,100,156,22,1,279,54,4,20,0,78,154,160,42,1,357,0,0,0,357
04/11/2005,SDF,KY,ASO,CE,Combined TRACON& Tower with Radar,166,210,28,6,410,0,1,4,2,7,166,211,32,8,417,0,0,0,417
04/12/2005,SDF,KY,ASO,CE,Combined TRACON& Tower with Radar,285,229,24,4,542,0,0,2,1,3,285,229,26,5,545,0,0,0,545
04/13/2005,SDF,KY,ASO,CE,Combined TRACON& Tower with Radar,310,243,37,6,596,0,0,6,0,6,310,243,43,6,602,0,0,0,602
04/14/2005,SDF,KY,ASO,CE,Combined TRACON& Tower with Radar,300,233,46,11,590,0,0,6,4,10,300,233,52,15,600,0,0,0,600
04/15/2005,SDF,KY,ASO,CE,Combined TRACON& Tower with Radar,258,223,44,8,533,0,0,19,0,19,258,223,63,8,552,0,0,0,552
04/16/2005,SDF,KY,ASO,CE,Combined TRACON& Tower with Radar,150,154,26,4,334,0,1,18,2,21,150,155,44,6,355,0,0,0,355
04/17/2005,SDF,KY,ASO,CE,Combined TRACON& Tower with Radar,89,162,23,4,278,0,0,20,0,20,89,162,43,4,298,0,0,0,298
04/18/2005,SDF,KY,ASO,CE,Combined TRACON& Tower with Radar,165,220,47,6,438,0,1,7,0,8,165,221,54,6,446,0,0,0,446
04/19/2005,SDF,KY,ASO,CE,Combined TRACON& Tower with Radar,295,226,46,6,573,0,0,17,4,21,295,226,63,10,594,0,0,0,594
04/20/2005,SDF,KY,ASO,CE,Combined TRACON& Tower with Radar,307,230,59,7,603,0,2,15,7,24,307,232,74,14,627,0,0,0,627
04/21/2005,SDF,KY,ASO,CE,Combined TRACON& Tower with Radar,297,234,37,12,580,0,2,5,0,7,297,236,42,12,587,0,0,0,587
04/22/2005,SDF,KY,ASO,CE,Combined TRACON& Tower with Radar,258,217,34,20,529,0,2,3,17,22,258,219,37,37,551,0,0,0,551
04/23/2005,SDF,KY,ASO,CE,Combined TRACON& Tower with Radar,159,154,5,37,355,1,2,0,32,35,160,156,5,69,390,0,0,0,390
04/24/2005,SDF,KY,ASO,CE,Combined TRACON& Tower with Radar,92,155,15,16,278,0,3,3,2,8,92,158,18,18,286,0,0,0,286
04/25/2005,SDF,KY,ASO,CE,Combined TRACON& Tower with Radar,165,215,43,2,425,0,2,0,10,12,165,217,43,12,437,0,0,0,437
04/26/2005,SDF,KY,ASO,CE,Combined TRACON& Tower with Radar,302,231,28,9,570,0,2,0,3,5,302,233,28,12,575,0,0,0,575
04/27/2005,SDF,KY,ASO,CE,Combined TRACON& Tower with Radar,306,245,43,7,601,0,1,6,7,14,306,246,49,14,615,0,0,0,615
04/28/2005,SDF,KY,ASO,CE,Combined TRACON& Tower with Radar,303,232,47,7,589,0,0,1,0,1,303,232,48,7,590,0,0,0,590
04/29/2005,SDF,KY,ASO,CE,Combined TRACON& Tower with Radar,247,238,41,10,536,0,0,0,0,0,247,238,41,10,536,0,0,0,536
04/30/2005,SDF,KY,ASO,CE,Combined TRACON& Tower with Radar,168,161,34,4,367,0,2,2,0,4,168,163,36,4,371,0,0,0,371
05/01/2005,SDF,KY,ASO,CE,Combined TRACON& Tower with Radar,91,174,25,2,292,0,2,12,2,16,91,176,37,4,308,0,0,0,308
05/02/2005,SDF,KY,ASO,CE,Combined TRACON& Tower with Radar,158,209,49,7,423,0,3,14,2,19,158,212,63,9,442,0,0,0,442
05/03/2005,SDF,KY,ASO,CE,Combined TRACON& Tower with Radar,290,248,42,7,587,0,3,8,3,14,290,251,50,10,601,0,0,0,601
05/04/2005,SDF,KY,ASO,CE,Combined TRACON& Tower with Radar,294,254,77,7,632,0,5,14,5,24,294,259,91,12,656,0,0,0,656
05/05/2005,SDF,KY,ASO,CE,Combined TRACON& Tower with Radar,315,328,234,6,883,0,1,26,3,30,315,329,260,9,913,0,0,0,913
05/06/2005,SDF,KY,ASO,CE,Combined TRACON& Tower with Radar,295,306,156,22,779,0,0,46,4,50,295,306,202,26,829,0,0,0,829
05/07/2005,SDF,KY,ASO,CE,Combined TRACON& Tower with Radar,162,250,252,1,665,0,0,61,3,64,162,250,313,4,729,0,0,0,729
05/08/2005,SDF,KY,ASO,CE,Combined TRACON& Tower with Radar,124,290,288,12,714,0,2,14,0,16,124,292,302,12,730,0,0,0,730
05/09/2005,SDF,KY,ASO,CE,Combined TRACON& Tower with Radar,160,231,38,6,435,0,1,9,0,10,160,232,47,6,445,0,0,0,445
05/10/2005,SDF,KY,ASO,CE,Combined TRACON& Tower with Radar,300,240,65,7,612,0,0,17,9,26,300,240,82,16,638,0,0,0,638
05/11/2005,SDF,KY,ASO,CE,Combined TRACON& Tower with Radar,295,245,47,7,594,0,1,13,5,19,295,246,60,12,613,0,0,0,613
05/12/2005,SDF,KY,ASO,CE,Combined TRACON& Tower with Radar,294,251,36,0,581,0,0,9,1,10,294,251,45,1,591,0,0,0,591
05/13/2005,SDF,KY,ASO,CE,Combined TRACON& Tower with Radar,255,241,24,5,525,0,2,22,0,24,255,243,46,5,549,0,0,0,549
05/14/2005,SDF,KY,ASO,CE,Combined TRACON& Tower with Radar,163,156,14,1,334,0,0,7,0,7,163,156,21,1,341,0,0,0,341
05/15/2005,SDF,KY,ASO,CE,Combined TRACON& Tower with Radar,94,190,25,1,310,0,2,13,0,15,94,192,38,1,325,0,0,0,325
05/16/2005,SDF,KY,ASO,CE,Combined TRACON& Tower with Radar,155,222,34,19,430,0,1,9,2,12,155,223,43,21,442,0,0,0,442
05/17/2005,SDF,KY,ASO,CE,Combined TRACON& Tower with Radar,291,240,38,5,574,0,0,10,1,11,291,240,48,6,585,0,0,0,585
05/18/2005,SDF,KY,ASO,CE,Combined TRACON& Tower with Radar,297,241,62,11,611,0,0,7,5,12,297,241,69,16,623,0,0,0,623
05/19/2005,SDF,KY,ASO,CE,Combined TRACON& Tower with Radar,308,237,58,6,609,0,1,4,0,5,308,238,62,6,614,0,0,0,614
05/20/2005,SDF,KY,ASO,CE,Combined TRACON& Tower with Radar,253,241,51,12,557,0,0,14,3,17,253,241,65,15,574,0,0,0,574
05/21/2005,SDF,KY,ASO,CE,Combined TRACON& Tower with Radar,157,163,15,3,338,0,0,22,1,23,157,163,37,4,361,0,0,0,361
05/22/2005,SDF,KY,ASO,CE,Combined TRACON& Tower with Radar,95,189,34,8,326,0,5,17,1,23,95,194,51,9,349,0,0,0,349
05/23/2005,SDF,KY,ASO,CE,Combined TRACON& Tower with Radar,160,213,37,8,418,0,0,3,1,4,160,213,40,9,422,0,0,0,422
05/24/2005,SDF,KY,ASO,CE,Combined TRACON& Tower with Radar,300,239,35,3,577,0,0,15,4,19,300,239,50,7,596,0,0,0,596
05/25/2005,SDF,KY,ASO,CE,Combined TRACON& Tower with Radar,295,246,52,6,599,0,1,7,3,11,295,247,59,9,610,0,0,0,610
05/26/2005,SDF,KY,ASO,CE,Combined TRACON& Tower with Radar,310,242,55,9,616,0,0,8,3,11,310,242,63,12,627,0,0,0,627
05/27/2005,SDF,KY,ASO,CE,Combined TRACON& Tower with Radar,260,237,39,5,541,0,0,22,0,22,260,237,61,5,563,0,0,0,563
05/28/2005,SDF,KY,ASO,CE,Combined TRACON& Tower with Radar,150,170,11,0,331,0,0,8,7,15,150,170,19,7,346,0,0,0,346
05/29/2005,SDF,KY,ASO,CE,Combined TRACON& Tower with Radar,61,156,19,11,247,0,4,19,0,23,61,160,38,11,270,0,0,0,270
05/30/2005,SDF,KY,ASO,CE,Combined TRACON& Tower with Radar,84,181,24,11,300,0,2,30,4,36,84,183,54,15,336,0,0,0,336
05/31/2005,SDF,KY,ASO,CE,Combined TRACON& Tower with Radar,212,229,35,12,488,0,0,12,1,13,212,229,47,13,501,0,0,0,501
06/01/2005,SDF,KY,ASO,CE,Combined TRACON& Tower with Radar,294,251,39,17,601,0,1,6,3,10,294,252,45,20,611,0,0,0,611
06/02/2005,SDF,KY,ASO,CE,Combined TRACON& Tower with Radar,300,259,40,7,606,0,0,0,0,0,300,259,40,7,606,0,0,0,606
06/03/2005,SDF,KY,ASO,CE,Combined TRACON& Tower with Radar,265,251,46,7,569,0,1,9,1,11,265,252,55,8,580,0,0,0,580
06/04/2005,SDF,KY,ASO,CE,Combined TRACON& Tower with Radar,147,165,33,5,350,0,0,12,0,12,147,165,45,5,362,0,0,0,362
06/05/2005,SDF,KY,ASO,CE,Combined TRACON& Tower with Radar,89,175,18,2,284,0,1,10,0,11,89,176,28,2,295,0,0,0,295
06/06/2005,SDF,KY,ASO,CE,Combined TRACON& Tower with Radar,155,217,34,6,412,0,3,11,4,18,155,220,45,10,430,0,0,0,430
06/07/2005,SDF,KY,ASO,CE,Combined TRACON& Tower with Radar,305,257,47,6,615,0,0,10,4,14,305,257,57,10,629,0,0,0,629
06/08/2005,SDF,KY,ASO,CE,Combined TRACON& Tower with Radar,304,257,42,6,609,0,0,5,4,9,304,257,47,10,618,0,0,0,618
06/09/2005,SDF,KY,ASO,CE,Combined TRACON& Tower with Radar,300,258,47,15,620,0,1,8,3,12,300,259,55,18,632,0,0,0,632
06/10/2005,SDF,KY,ASO,CE,Combined TRACON& Tower with Radar,260,240,36,5,541,0,0,4,0,4,260,240,40,5,545,0,0,0,545
06/11/2005,SDF,KY,ASO,CE,Combined TRACON& Tower with Radar,143,180,18,8,349,0,0,5,1,6,143,180,23,9,355,0,0,0,355
06/12/2005,SDF,KY,ASO,CE,Combined TRACON& Tower with Radar,96,201,20,8,325,0,0,1,0,1,96,201,21,8,326,0,0,0,326
06/13/2005,SDF,KY,ASO,CE,Combined TRACON& Tower with Radar,166,218,50,1,435,1,1,9,0,11,167,219,59,1,446,0,0,0,446
06/14/2005,SDF,KY,ASO,CE,Combined TRACON& Tower with Radar,300,272,60,4,636,0,0,4,3,7,300,272,64,7,643,0,0,0,643
06/15/2005,SDF,KY,ASO,CE,Combined TRACON& Tower with Radar,298,261,64,8,631,0,0,18,5,23,298,261,82,13,654,0,0,0,654
06/16/2005,SDF,KY,ASO,CE,Combined TRACON& Tower with Radar,300,244,50,6,600,0,0,26,3,29,300,244,76,9,629,0,0,0,629
06/17/2005,SDF,KY,ASO,CE,Combined TRACON& Tower with Radar,260,266,35,16,577,0,3,14,4,21,260,269,49,20,598,0,0,0,598
06/18/2005,SDF,KY,ASO,CE,Combined TRACON& Tower with Radar,143,178,20,5,346,0,0,17,0,17,143,178,37,5,363,0,0,0,363
06/19/2005,SDF,KY,ASO,CE,Combined TRACON& Tower with Radar,87,179,22,6,294,0,0,10,1,11,87,179,32,7,305,0,0,0,305
06/20/2005,SDF,KY,ASO,CE,Combined TRACON& Tower with Radar,163,225,41,7,436,0,2,17,2,21,163,227,58,9,457,0,0,0,457
06/21/2005,SDF,KY,ASO,CE,Combined TRACON& Tower with Radar,300,257,42,7,606,0,0,13,4,17,300,257,55,11,623,0,0,0,623
06/22/2005,SDF,KY,ASO,CE,Combined TRACON& Tower with Radar,300,248,51,8,607,0,0,33,4,37,300,248,84,12,644,0,0,0,644
06/23/2005,SDF,KY,ASO,CE,Combined TRACON& Tower with Radar,224,138,21,3,386,0,0,15,3,18,224,138,36,6,404,0,0,0,404
06/24/2005,SDF,KY,ASO,CE,Combined TRACON& Tower with Radar,250,317,42,6,615,0,0,24,1,25,250,317,66,7,640,0,0,0,640
06/25/2005,SDF,KY,ASO,CE,Combined TRACON& Tower with Radar,180,190,21,6,397,0,2,24,2,28,180,192,45,8,425,0,0,0,425
06/26/2005,SDF,KY,ASO,CE,Combined TRACON& Tower with Radar,71,145,29,1,246,0,2,9,0,11,71,147,38,1,257,0,0,0,257
06/27/2005,SDF,KY,ASO,CE,Combined TRACON& Tower with Radar,150,233,58,10,451,0,0,8,2,10,150,233,66,12,461,0,0,0,461
06/28/2005,SDF,KY,ASO,CE,Combined TRACON& Tower with Radar,300,259,65,6,630,0,2,12,4,18,300,261,77,10,648,0,0,0,648
06/29/2005,SDF,KY,ASO,CE,Combined TRACON& Tower with Radar,208,252,34,5,499,100,0,8,6,114,308,252,42,11,613,0,0,0,613
06/30/2005,SDF,KY,ASO,CE,Combined TRACON& Tower with Radar,290,260,62,8,620,0,0,10,2,12,290,260,72,10,632,0,0,0,632
07/01/2005,SDF,KY,ASO,CE,Combined TRACON& Tower with Radar,274,257,31,2,564,0,4,14,0,18,274,261,45,2,582,0,0,0,582
07/02/2005,SDF,KY,ASO,CE,Combined TRACON& Tower with Radar,151,176,24,3,354,0,0,24,0,24,151,176,48,3,378,0,0,0,378
07/03/2005,SDF,KY,ASO,CE,Combined TRACON& Tower with Radar,61,171,13,0,245,0,3,8,0,11,61,174,21,0,256,0,0,0,256
07/04/2005,SDF,KY,ASO,CE,Combined TRACON& Tower with Radar,77,194,13,0,284,0,0,8,0,8,77,194,21,0,292,0,0,0,292
07/05/2005,SDF,KY,ASO,CE,Combined TRACON& Tower with Radar,159,225,46,0,430,0,4,5,0,9,159,229,51,0,439,0,0,0,439
07/06/2005,SDF,KY,ASO,CE,Combined TRACON& Tower with Radar,300,255,41,6,602,0,0,8,5,13,300,255,49,11,615,0,0,0,615
07/07/2005,SDF,KY,ASO,CE,Combined TRACON& Tower with Radar,297,242,58,11,608,0,1,8,3,12,297,243,66,14,620,0,0,0,620
07/08/2005,SDF,KY,ASO,CE,Combined TRACON& Tower with Radar,250,251,35,7,543,0,1,7,0,8,250,252,42,7,551,0,0,0,551
07/09/2005,SDF,KY,ASO,CE,Combined TRACON& Tower with Radar,142,183,21,5,351,0,0,40,0,40,142,183,61,5,391,0,0,0,391
07/10/2005,SDF,KY,ASO,CE,Combined TRACON& Tower with Radar,85,193,35,4,317,0,2,12,0,14,85,195,47,4,331,0,0,0,331
07/11/2005,SDF,KY,ASO,CE,Combined TRACON& Tower with Radar,149,234,21,15,419,0,0,4,3,7,149,234,25,18,426,0,0,0,426
07/12/2005,SDF,KY,ASO,CE,Combined TRACON& Tower with Radar,280,252,33,6,571,0,0,2,0,2,280,252,35,6,573,0,0,0,573
07/13/2005,SDF,KY,ASO,CE,Combined TRACON& Tower with Radar,315,261,44,12,632,0,0,0,0,0,315,261,44,12,632,0,0,0,632
07/14/2005,SDF,KY,ASO,CE,Combined TRACON& Tower with Radar,286,277,60,7,630,0,0,2,0,2,286,277,62,7,632,0,0,0,632
07/15/2005,SDF,KY,ASO,CE,Combined TRACON& Tower with Radar,260,246,38,10,554,0,1,4,2,7,260,247,42,12,561,0,0,0,561
07/16/2005,SDF,KY,ASO,CE,Combined TRACON& Tower with Radar,148,175,17,2,342,0,2,2,0,4,148,177,19,2,346,0,0,0,346
07/17/2005,SDF,KY,ASO,CE,Combined TRACON& Tower with Radar,86,182,18,4,290,0,0,9,0,9,86,182,27,4,299,0,0,0,299
07/18/2005,SDF,KY,ASO,CE,Combined TRACON& Tower with Radar,166,228,28,8,430,0,0,2,0,2,166,228,30,8,432,0,0,0,432
07/19/2005,SDF,KY,ASO,CE,Combined TRACON& Tower with Radar,292,256,49,9,606,0,2,2,6,10,292,258,51,15,616,0,0,0,616
07/20/2005,SDF,KY,ASO,CE,Combined TRACON& Tower with Radar,305,272,69,11,657,0,1,8,2,11,305,273,77,13,668,0,0,0,668
07/21/2005,SDF,KY,ASO,CE,Combined TRACON& Tower with Radar,306,274,54,8,642,0,1,12,0,13,306,275,66,8,655,0,0,0,655
07/22/2005,SDF,KY,ASO,CE,Combined TRACON& Tower with Radar,260,261,34,14,569,0,0,12,1,13,260,261,46,15,582,0,0,0,582
07/23/2005,SDF,KY,ASO,CE,Combined TRACON& Tower with Radar,147,189,15,14,365,0,5,35,1,41,147,194,50,15,406,0,0,0,406
07/24/2005,SDF,KY,ASO,CE,Combined TRACON& Tower with Radar,96,200,30,8,334,0,1,12,0,13,96,201,42,8,347,0,0,0,347
07/25/2005,SDF,KY,ASO,CE,Combined TRACON& Tower with Radar,155,233,46,1,435,0,0,9,0,9,155,233,55,1,444,0,0,0,444
07/26/2005,SDF,KY,ASO,CE,Combined TRACON& Tower with Radar,300,249,41,2,592,0,1,14,2,17,300,250,55,4,609,0,0,0,609
07/27/2005,SDF,KY,ASO,CE,Combined TRACON& Tower with Radar,302,276,42,8,628,0,1,2,0,3,302,277,44,8,631,0,0,0,631
07/28/2005,SDF,KY,ASO,CE,Combined TRACON& Tower with Radar,293,283,41,4,621,0,2,16,1,19,293,285,57,5,640,0,0,0,640
07/29/2005,SDF,KY,ASO,CE,Combined TRACON& Tower with Radar,260,255,54,12,581,0,1,5,0,6,260,256,59,12,587,0,0,0,587
07/30/2005,SDF,KY,ASO,CE,Combined TRACON& Tower with Radar,140,180,23,8,351,0,3,29,0,32,140,183,52,8,383,0,0,0,383
07/31/2005,SDF,KY,ASO,CE,Combined TRACON& Tower with Radar,87,210,29,2,328,0,2,23,0,25,87,212,52,2,353,0,0,0,353
08/01/2005,SDF,KY,ASO,CE,Combined TRACON& Tower with Radar,149,244,37,1,431,0,0,11,0,11,149,244,48,1,442,0,0,0,442
08/02/2005,SDF,KY,ASO,CE,Combined TRACON& Tower with Radar,296,247,55,1,599,0,1,4,0,5,296,248,59,1,604,0,0,0,604
08/03/2005,SDF,KY,ASO,CE,Combined TRACON& Tower with Radar,289,264,43,6,602,0,0,10,0,10,289,264,53,6,612,0,0,0,612
08/04/2005,SDF,KY,ASO,CE,Combined TRACON& Tower with Radar,292,285,43,6,626,0,0,0,2,2,292,285,43,8,628,0,0,0,628
08/05/2005,SDF,KY,ASO,CE,Combined TRACON& Tower with Radar,258,257,42,3,560,0,1,11,0,12,258,258,53,3,572,0,0,0,572
08/06/2005,SDF,KY,ASO,CE,Combined TRACON& Tower with Radar,146,193,42,1,382,0,0,0,0,0,146,193,42,1,382,0,0,0,382
08/07/2005,SDF,KY,ASO,CE,Combined TRACON& Tower with Radar,86,196,22,4,308,0,3,8,2,13,86,199,30,6,321,0,0,0,321
08/08/2005,SDF,KY,ASO,CE,Combined TRACON& Tower with Radar,154,244,40,3,441,0,1,9,4,14,154,245,49,7,455,0,0,0,455
08/09/2005,SDF,KY,ASO,CE,Combined TRACON& Tower with Radar,196,252,51,8,507,0,7,26,7,40,196,259,77,15,547,0,0,0,547
08/10/2005,SDF,KY,ASO,CE,Combined TRACON& Tower with Radar,287,267,34,9,597,0,2,50,5,57,287,269,84,14,654,0,0,0,654
08/11/2005,SDF,KY,ASO,CE,Combined TRACON& Tower with Radar,315,286,35,6,642,0,0,16,0,16,315,286,51,6,658,0,0,0,658
08/12/2005,SDF,KY,ASO,CE,Combined TRACON& Tower with Radar,253,241,49,3,546,0,1,19,3,23,253,242,68,6,569,0,0,0,569
08/13/2005,SDF,KY,ASO,CE,Combined TRACON& Tower with Radar,150,183,19,3,355,0,1,16,1,18,150,184,35,4,373,0,0,0,373
08/14/2005,SDF,KY,ASO,CE,Combined TRACON& Tower with Radar,83,179,17,2,281,0,1,15,0,16,83,180,32,2,297,0,0,0,297
08/15/2005,SDF,KY,ASO,CE,Combined TRACON& Tower with Radar,155,252,44,5,456,0,0,12,1,13,155,252,56,6,469,0,0,0,469
08/16/2005,SDF,KY,ASO,CE,Combined TRACON& Tower with Radar,296,257,34,8,595,0,0,13,0,13,296,257,47,8,608,0,0,0,608
08/17/2005,SDF,KY,ASO,CE,Combined TRACON& Tower with Radar,315,308,47,8,678,0,1,18,2,21,315,309,65,10,699,0,0,0,699
08/18/2005,SDF,KY,ASO,CE,Combined TRACON& Tower with Radar,290,269,63,6,628,0,1,8,8,17,290,270,71,14,645,0,0,0,645
08/19/2005,SDF,KY,ASO,CE,Combined TRACON& Tower with Radar,266,257,40,9,572,0,1,18,0,19,266,258,58,9,591,0,0,0,591
08/20/2005,SDF,KY,ASO,CE,Combined TRACON& Tower with Radar,141,182,16,3,342,0,5,26,5,36,141,187,42,8,378,0,0,0,378
08/21/2005,SDF,KY,ASO,CE,Combined TRACON& Tower with Radar,87,183,28,3,301,0,3,7,0,10,87,186,35,3,311,0,0,0,311
08/22/2005,SDF,KY,ASO,CE,Combined TRACON& Tower with Radar,155,229,39,7,430,0,301,16,0,317,155,530,55,7,747,0,0,0,747
08/23/2005,SDF,KY,ASO,CE,Combined TRACON& Tower with Radar,301,63,70,4,438,0,202,4,4,210,301,265,74,8,648,0,0,0,648
08/24/2005,SDF,KY,ASO,CE,Combined TRACON& Tower with Radar,293,259,44,2,598,0,0,2,4,6,293,259,46,6,604,0,0,0,604
08/25/2005,SDF,KY,ASO,CE,Combined TRACON& Tower with Radar,295,257,60,3,615,0,8,14,3,25,295,265,74,6,640,0,0,0,640
08/26/2005,SDF,KY,ASO,CE,Combined TRACON& Tower with Radar,263,248,51,3,565,0,1,7,0,8,263,249,58,3,573,0,0,0,573
08/27/2005,SDF,KY,ASO,CE,Combined TRACON& Tower with Radar,180,190,30,3,403,0,0,10,0,10,180,190,40,3,413,0,0,0,413
08/28/2005,SDF,KY,ASO,CE,Combined TRACON& Tower with Radar,96,205,42,12,355,0,0,7,0,7,96,205,49,12,362,0,0,0,362
08/29/2005,SDF,KY,ASO,CE,Combined TRACON& Tower with Radar,114,233,33,9,389,0,0,6,1,7,114,233,39,10,396,0,0,0,396
08/30/2005,SDF,KY,ASO,CE,Combined TRACON& Tower with Radar,293,243,23,3,562,0,0,0,0,0,293,243,23,3,562,0,0,0,562
08/31/2005,SDF,KY,ASO,CE,Combined TRACON& Tower with Radar,312,256,44,11,623,0,0,9,1,10,312,256,53,12,633,0,0,0,633
09/01/2005,SDF,KY,ASO,CE,Combined TRACON& Tower with Radar,294,259,40,5,598,0,0,13,0,13,294,259,53,5,611,0,0,0,611
09/02/2005,SDF,KY,ASO,CE,Combined TRACON& Tower with Radar,260,249,37,11,557,0,2,24,0,26,260,251,61,11,583,0,0,0,583
09/03/2005,SDF,KY,ASO,CE,Combined TRACON& Tower with Radar,175,157,14,18,364,0,2,14,1,17,175,159,28,19,381,0,0,0,381
09/04/2005,SDF,KY,ASO,CE,Combined TRACON& Tower with Radar,63,148,13,4,228,0,1,23,0,24,63,149,36,4,252,0,0,0,252
09/05/2005,SDF,KY,ASO,CE,Combined TRACON& Tower with Radar,70,190,21,0,281,1,0,21,1,23,71,190,42,1,304,0,0,0,304
09/06/2005,SDF,KY,ASO,CE,Combined TRACON& Tower with Radar,171,211,42,9,433,0,0,15,0,15,171,211,57,9,448,0,0,0,448
09/07/2005,SDF,KY,ASO,CE,Combined TRACON& Tower with Radar,311,250,41,10,612,0,5,12,0,17,311,255,53,10,629,0,0,0,629
09/08/2005,SDF,KY,ASO,CE,Combined TRACON& Tower with Radar,299,251,32,5,587,0,0,16,0,16,299,251,48,5,603,0,0,0,603
09/09/2005,SDF,KY,ASO,CE,Combined TRACON& Tower with Radar,271,253,43,6,573,0,0,4,0,4,271,253,47,6,577,0,0,0,577
09/10/2005,SDF,KY,ASO,CE,Combined TRACON& Tower with Radar,181,181,22,10,394,0,0,31,24,55,181,181,53,34,449,0,0,0,449
09/11/2005,SDF,KY,ASO,CE,Combined TRACON& Tower with Radar,89,198,19,3,309,0,1,13,0,14,89,199,32,3,323,0,0,0,323
09/12/2005,SDF,KY,ASO,CE,Combined TRACON& Tower with Radar,120,217,47,3,387,0,3,17,2,22,120,220,64,5,409,0,0,0,409
09/13/2005,SDF,KY,ASO,CE,Combined TRACON& Tower with Radar,303,270,40,6,619,0,1,5,2,8,303,271,45,8,627,0,0,0,627
09/14/2005,SDF,KY,ASO,CE,Combined TRACON& Tower with Radar,305,276,58,2,641,0,0,4,0,4,305,276,62,2,645,0,0,0,645
09/15/2005,SDF,KY,ASO,CE,Combined TRACON& Tower with Radar,317,263,46,4,630,0,0,4,0,4,317,263,50,4,634,0,0,0,634
09/16/2005,SDF,KY,ASO,CE,Combined TRACON& Tower with Radar,267,277,52,16,612,0,1,22,0,23,267,278,74,16,635,0,0,0,635
09/17/2005,SDF,KY,ASO,CE,Combined TRACON& Tower with Radar,175,175,20,14,384,0,3,6,1,10,175,178,26,15,394,0,0,0,394
09/18/2005,SDF,KY,ASO,CE,Combined TRACON& Tower with Radar,99,182,22,3,306,0,0,18,2,20,99,182,40,5,326,0,0,0,326
09/19/2005,SDF,KY,ASO,CE,Combined TRACON& Tower with Radar,122,248,51,5,426,0,1,13,0,14,122,249,64,5,440,0,0,0,440
09/20/2005,SDF,KY,ASO,CE,Combined TRACON& Tower with Radar,307,265,42,6,620,0,1,9,1,11,307,266,51,7,631,0,0,0,631
09/21/2005,SDF,KY,ASO,CE,Combined TRACON& Tower with Radar,305,265,64,9,643,0,0,15,0,15,305,265,79,9,658,0,0,0,658
09/22/2005,SDF,KY,ASO,CE,Combined TRACON& Tower with Radar,292,239,43,10,584,0,0,13,1,14,292,239,56,11,598,0,0,0,598
09/23/2005,SDF,KY,ASO,CE,Combined TRACON& Tower with Radar,277,272,36,11,596,0,2,21,2,25,277,274,57,13,621,0,0,0,621
09/24/2005,SDF,KY,ASO,CE,Combined TRACON& Tower with Radar,177,161,29,11,378,0,1,6,1,8,177,162,35,12,386,0,0,0,386
09/25/2005,SDF,KY,ASO,CE,Combined TRACON& Tower with Radar,91,181,27,3,302,0,0,2,0,2,91,181,29,3,304,0,0,0,304
09/26/2005,SDF,KY,ASO,CE,Combined TRACON& Tower with Radar,126,217,49,10,402,0,0,1,0,1,126,217,50,10,403,0,0,0,403
09/27/2005,SDF,KY,ASO,CE,Combined TRACON& Tower with Radar,303,264,66,0,633,0,3,15,0,18,303,267,81,0,651,0,0,0,651
09/28/2005,SDF,KY,ASO,CE,Combined TRACON& Tower with Radar,302,259,80,4,645,0,1,14,0,15,302,260,94,4,660,0,0,0,660
09/29/2005,SDF,KY,ASO,CE,Combined TRACON& Tower with Radar,313,250,73,0,636,0,0,4,0,4,313,250,77,0,640,0,0,0,640
09/30/2005,SDF,KY,ASO,CE,Combined TRACON& Tower with Radar,280,247,35,0,562,0,5,11,1,17,280,252,46,1,579,0,0,0,579
10/01/2005,SDF,KY,ASO,CE,Combined TRACON& Tower with Radar,179,159,22,3,363,0,1,27,0,28,179,160,49,3,391,0,0,0,391
10/02/2005,SDF,KY,ASO,CE,Combined TRACON& Tower with Radar,92,180,18,1,291,0,1,10,0,11,92,181,28,1,302,0,0,0,302
10/03/2005,SDF,KY,ASO,CE,Combined TRACON& Tower with Radar,123,223,43,8,397,0,3,6,1,10,123,226,49,9,407,0,0,0,407
10/04/2005,SDF,KY,ASO,CE,Combined TRACON& Tower with Radar,301,240,26,6,573,0,2,8,4,14,301,242,34,10,587,0,0,0,587
10/05/2005,SDF,KY,ASO,CE,Combined TRACON& Tower with Radar,306,255,41,4,606,0,1,10,3,14,306,256,51,7,620,0,0,0,620
10/06/2005,SDF,KY,ASO,CE,Combined TRACON& Tower with Radar,302,272,47,12,633,0,2,10,3,15,302,274,57,15,648,0,0,0,648
10/07/2005,SDF,KY,ASO,CE,Combined TRACON& Tower with Radar,267,263,39,14,583,0,1,16,0,17,267,264,55,14,600,0,0,0,600
10/08/2005,SDF,KY,ASO,CE,Combined TRACON& Tower with Radar,193,173,27,1,394,0,1,7,0,8,193,174,34,1,402,0,0,0,402
10/09/2005,SDF,KY,ASO,CE,Combined TRACON& Tower with Radar,89,185,20,11,305,0,0,6,0,6,89,185,26,11,311,0,0,0,311
10/10/2005,SDF,KY,ASO,CE,Combined TRACON& Tower with Radar,115,227,26,12,380,0,0,7,1,8,115,227,33,13,388,0,0,0,388
10/11/2005,SDF,KY,ASO,CE,Combined TRACON& Tower with Radar,303,248,48,3,602,0,0,14,0,14,303,248,62,3,616,0,0,0,616
10/12/2005,SDF,KY,ASO,CE,Combined TRACON& Tower with Radar,307,253,57,5,622,0,1,9,2,12,307,254,66,7,634,0,0,0,634
10/13/2005,SDF,KY,ASO,CE,Combined TRACON& Tower with Radar,308,266,61,13,648,0,1,9,3,13,308,267,70,16,661,0,0,0,661
10/14/2005,SDF,KY,ASO,CE,Combined TRACON& Tower with Radar,275,246,68,18,607,0,1,23,0,24,275,247,91,18,631,0,0,0,631
10/15/2005,SDF,KY,ASO,CE,Combined TRACON& Tower with Radar,192,177,53,4,426,1,0,20,0,21,193,177,73,4,447,0,0,0,447
10/16/2005,SDF,KY,ASO,CE,Combined TRACON& Tower with Radar,95,174,39,13,321,0,0,17,2,19,95,174,56,15,340,0,0,0,340
10/17/2005,SDF,KY,ASO,CE,Combined TRACON& Tower with Radar,130,214,29,12,385,1,1,13,3,18,131,215,42,15,403,0,0,0,403
10/18/2005,SDF,KY,ASO,CE,Combined TRACON& Tower with Radar,310,231,47,11,599,0,0,15,6,21,310,231,62,17,620,0,0,0,620
10/19/2005,SDF,KY,ASO,CE,Combined TRACON& Tower with Radar,315,248,53,11,627,0,2,19,1,22,315,250,72,12,649,0,0,0,649
10/20/2005,SDF,KY,ASO,CE,Combined TRACON& Tower with Radar,297,252,53,9,611,0,1,14,1,16,297,253,67,10,627,0,0,0,627
10/21/2005,SDF,KY,ASO,CE,Combined TRACON& Tower with Radar,282,234,65,4,585,0,0,5,0,5,282,234,70,4,590,0,0,0,590
10/22/2005,SDF,KY,ASO,CE,Combined TRACON& Tower with Radar,189,166,21,6,382,0,1,11,0,12,189,167,32,6,394,0,0,0,394
10/23/2005,SDF,KY,ASO,CE,Combined TRACON& Tower with Radar,101,181,21,6,309,0,0,2,0,2,101,181,23,6,311,0,0,0,311
10/24/2005,SDF,KY,ASO,CE,Combined TRACON& Tower with Radar,129,200,31,13,373,0,0,0,3,3,129,200,31,16,376,0,0,0,376
10/25/2005,SDF,KY,ASO,CE,Combined TRACON& Tower with Radar,313,221,46,6,586,0,0,8,6,14,313,221,54,12,600,0,0,0,600
10/26/2005,SDF,KY,ASO,CE,Combined TRACON& Tower with Radar,316,244,58,6,624,0,1,8,1,10,316,245,66,7,634,0,0,0,634
10/27/2005,SDF,KY,ASO,CE,Combined TRACON& Tower with Radar,325,247,67,3,642,0,0,13,6,19,325,247,80,9,661,0,0,0,661
10/28/2005,SDF,KY,ASO,CE,Combined TRACON& Tower with Radar,278,238,44,11,571,0,3,8,1,12,278,241,52,12,583,0,0,0,583
10/29/2005,SDF,KY,ASO,CE,Combined TRACON& Tower with Radar,189,155,18,8,370,0,2,31,0,33,189,157,49,8,403,0,0,0,403
10/30/2005,SDF,KY,ASO,CE,Combined TRACON& Tower with Radar,95,167,43,8,313,0,1,14,0,15,95,168,57,8,328,0,0,0,328
10/31/2005,SDF,KY,ASO,CE,Combined TRACON& Tower with Radar,130,205,26,8,369,0,0,6,4,10,130,205,32,12,379,15,0,15,394
11/01/2005,SDF,KY,ASO,CE,Combined TRACON& Tower with Radar,319,243,36,4,602,0,8,14,2,24,319,251,50,6,626,0,0,0,626
11/02/2005,SDF,KY,ASO,CE,Combined TRACON& Tower with Radar,312,225,56,3,596,0,2,21,0,23,312,227,77,3,619,0,0,0,619
11/03/2005,SDF,KY,ASO,CE,Combined TRACON& Tower with Radar,312,245,59,5,621,0,1,22,0,23,312,246,81,5,644,0,0,0,644
11/04/2005,SDF,KY,ASO,CE,Combined TRACON& Tower with Radar,269,240,45,17,571,0,2,14,1,17,269,242,59,18,588,0,0,0,588
11/05/2005,SDF,KY,ASO,CE,Combined TRACON& Tower with Radar,179,145,29,10,363,0,2,22,0,24,179,147,51,10,387,0,0,0,387
11/06/2005,SDF,KY,ASO,CE,Combined TRACON& Tower with Radar,90,157,32,7,286,0,0,5,0,5,90,157,37,7,291,0,0,0,291
11/07/2005,SDF,KY,ASO,CE,Combined TRACON& Tower with Radar,122,199,42,7,370,0,2,16,0,18,122,201,58,7,388,0,0,0,388
11/08/2005,SDF,KY,ASO,CE,Combined TRACON& Tower with Radar,304,226,52,7,589,0,3,5,0,8,304,229,57,7,597,0,0,0,597
11/09/2005,SDF,KY,ASO,CE,Combined TRACON& Tower with Radar,290,221,67,12,590,0,0,21,0,21,290,221,88,12,611,0,0,0,611
11/10/2005,SDF,KY,ASO,CE,Combined TRACON& Tower with Radar,303,240,54,3,600,0,2,7,0,9,303,242,61,3,609,0,0,0,609
11/11/2005,SDF,KY,ASO,CE,Combined TRACON& Tower with Radar,266,213,36,4,519,0,2,11,0,13,266,215,47,4,532,0,0,0,532
11/12/2005,SDF,KY,ASO,CE,Combined TRACON& Tower with Radar,178,159,26,1,364,0,1,20,0,21,178,160,46,1,385,0,0,0,385
11/13/2005,SDF,KY,ASO,CE,Combined TRACON& Tower with Radar,90,161,26,3,280,0,0,8,0,8,90,161,34,3,288,0,0,0,288
11/14/2005,SDF,KY,ASO,CE,Combined TRACON& Tower with Radar,114,200,33,7,354,0,1,4,0,5,114,201,37,7,359,0,0,0,359
11/15/2005,SDF,KY,ASO,CE,Combined TRACON& Tower with Radar,346,213,34,4,597,0,0,0,0,0,346,213,34,4,597,0,0,0,597
11/16/2005,SDF,KY,ASO,CE,Combined TRACON& Tower with Radar,320,236,50,10,616,0,0,10,4,14,320,236,60,14,630,0,0,0,630
11/17/2005,SDF,KY,ASO,CE,Combined TRACON& Tower with Radar,317,248,67,6,638,0,2,15,0,17,317,250,82,6,655,0,0,0,655
11/18/2005,SDF,KY,ASO,CE,Combined TRACON& Tower with Radar,282,224,55,3,564,0,1,7,0,8,282,225,62,3,572,0,0,0,572
11/19/2005,SDF,KY,ASO,CE,Combined TRACON& Tower with Radar,187,160,20,8,375,0,1,25,4,30,187,161,45,12,405,0,0,0,405
11/20/2005,SDF,KY,ASO,CE,Combined TRACON& Tower with Radar,97,177,43,12,329,0,1,15,5,21,97,178,58,17,350,8,0,8,358
11/21/2005,SDF,KY,ASO,CE,Combined TRACON& Tower with Radar,142,186,38,20,386,0,0,6,1,7,142,186,44,21,393,0,0,0,393
11/22/2005,SDF,KY,ASO,CE,Combined TRACON& Tower with Radar,362,228,41,5,636,0,0,15,2,17,362,228,56,7,653,0,0,0,653
11/23/2005,SDF,KY,ASO,CE,Combined TRACON& Tower with Radar,364,232,39,10,645,0,1,11,1,13,364,233,50,11,658,0,0,0,658
11/24/2005,SDF,KY,ASO,CE,Combined TRACON& Tower with Radar,146,159,14,1,320,0,0,5,0,5,146,159,19,1,325,0,0,0,325
11/25/2005,SDF,KY,ASO,CE,Combined TRACON& Tower with Radar,172,155,14,5,346,0,1,10,1,12,172,156,24,6,358,0,0,0,358
11/26/2005,SDF,KY,ASO,CE,Combined TRACON& Tower with Radar,187,162,22,5,376,0,0,8,0,8,187,162,30,5,384,0,0,0,384
11/27/2005,SDF,KY,ASO,CE,Combined TRACON& Tower with Radar,87,166,39,8,300,0,2,3,0,5,87,168,42,8,305,0,0,0,305
11/28/2005,SDF,KY,ASO,CE,Combined TRACON& Tower with Radar,103,211,66,5,385,0,0,1,0,1,103,211,67,5,386,0,0,0,386
11/29/2005,SDF,KY,ASO,CE,Combined TRACON& Tower with Radar,360,234,109,18,721,0,0,14,1,15,360,234,123,19,736,0,0,0,736
11/30/2005,SDF,KY,ASO,CE,Combined TRACON& Tower with Radar,359,228,144,13,744,0,0,19,1,20,359,228,163,14,764,0,0,0,764
12/01/2005,SDF,KY,ASO,CE,Combined TRACON& Tower with Radar,349,212,87,11,659,0,0,8,0,8,349,212,95,11,667,0,0,0,667
12/02/2005,SDF,KY,ASO,CE,Combined TRACON& Tower with Radar,300,218,53,1,572,0,2,16,0,18,300,220,69,1,590,0,0,0,590
12/03/2005,SDF,KY,ASO,CE,Combined TRACON& Tower with Radar,183,124,28,10,345,0,0,9,0,9,183,124,37,10,354,0,0,0,354
12/04/2005,SDF,KY,ASO,CE,Combined TRACON& Tower with Radar,98,154,23,9,284,0,0,0,0,0,98,154,23,9,284,0,0,0,284
12/05/2005,SDF,KY,ASO,CE,Combined TRACON& Tower with Radar,121,191,49,17,378,0,2,3,3,8,121,193,52,20,386,0,0,0,386
12/06/2005,SDF,KY,ASO,CE,Combined TRACON& Tower with Radar,356,216,42,8,622,0,0,5,3,8,356,216,47,11,630,0,0,0,630
12/07/2005,SDF,KY,ASO,CE,Combined TRACON& Tower with Radar,368,215,37,18,638,0,1,10,3,14,368,216,47,21,652,0,0,0,652
12/08/2005,SDF,KY,ASO,CE,Combined TRACON& Tower with Radar,341,206,40,3,590,0,0,4,0,4,341,206,44,3,594,0,0,0,594
12/09/2005,SDF,KY,ASO,CE,Combined TRACON& Tower with Radar,311,225,53,17,606,0,0,4,0,4,311,225,57,17,610,0,0,0,610
12/10/2005,SDF,KY,ASO,CE,Combined TRACON& Tower with Radar,196,127,34,7,364,0,0,11,0,11,196,127,45,7,375,0,0,0,375
12/11/2005,SDF,KY,ASO,CE,Combined TRACON& Tower with Radar,96,141,24,6,267,0,0,4,0,4,96,141,28,6,271,0,0,0,271
12/12/2005,SDF,KY,ASO,CE,Combined TRACON& Tower with Radar,137,196,37,16,386,0,0,4,0,4,137,196,41,16,390,0,0,0,390
12/13/2005,SDF,KY,ASO,CE,Combined TRACON& Tower with Radar,370,212,61,13,656,0,0,8,2,10,370,212,69,15,666,0,0,0,666
12/14/2005,SDF,KY,ASO,CE,Combined TRACON& Tower with Radar,360,207,66,12,645,0,0,0,0,0,360,207,66,12,645,0,0,0,645
12/15/2005,SDF,KY,ASO,CE,Combined TRACON& Tower with Radar,369,217,57,13,656,0,0,1,4,5,369,217,58,17,661,0,0,0,661
12/16/2005,SDF,KY,ASO,CE,Combined TRACON& Tower with Radar,347,203,48,14,612,0,0,0,0,0,347,203,48,14,612,0,0,0,612
12/17/2005,SDF,KY,ASO,CE,Combined TRACON& Tower with Radar,204,137,40,11,392,0,0,0,0,0,204,137,40,11,392,0,0,0,392
12/18/2005,SDF,KY,ASO,CE,Combined TRACON& Tower with Radar,139,141,15,8,303,0,0,6,0,6,139,141,21,8,309,0,0,0,309
12/19/2005,SDF,KY,ASO,CE,Combined TRACON& Tower with Radar,157,191,35,15,398,0,2,21,4,27,157,193,56,19,425,0,0,0,425
12/20/2005,SDF,KY,ASO,CE,Combined TRACON& Tower with Radar,408,224,46,15,693,0,1,18,5,24,408,225,64,20,717,0,0,0,717
12/21/2005,SDF,KY,ASO,CE,Combined TRACON& Tower with Radar,442,208,45,15,710,0,3,22,5,30,442,211,67,20,740,0,0,0,740
12/22/2005,SDF,KY,ASO,CE,Combined TRACON& Tower with Radar,436,219,35,11,701,0,5,15,0,20,436,224,50,11,721,0,0,0,721
12/23/2005,SDF,KY,ASO,CE,Combined TRACON& Tower with Radar,419,214,26,11,670,0,2,5,0,7,419,216,31,11,677,0,0,0,677
12/24/2005,SDF,KY,ASO,CE,Combined TRACON& Tower with Radar,299,143,6,4,452,0,0,0,0,0,299,143,6,4,452,0,0,0,452
12/25/2005,SDF,KY,ASO,CE,Combined TRACON& Tower with Radar,54,117,0,3,174,0,0,0,0,0,54,117,0,3,174,0,0,0,174
12/26/2005,SDF,KY,ASO,CE,Combined TRACON& Tower with Radar,77,151,28,13,269,0,0,3,0,3,77,151,31,13,272,0,0,0,272
12/27/2005,SDF,KY,ASO,CE,Combined TRACON& Tower with Radar,199,181,39,14,433,1,3,22,1,27,200,184,61,15,460,0,0,0,460
12/28/2005,SDF,KY,ASO,CE,Combined TRACON& Tower with Radar,301,197,17,5,520,0,0,0,0,0,301,197,17,5,520,0,0,0,520
12/29/2005,SDF,KY,ASO,CE,Combined TRACON& Tower with Radar,298,201,14,10,523,0,0,0,0,0,298,201,14,10,523,0,0,0,523
12/30/2005,SDF,KY,ASO,CE,Combined TRACON& Tower with Radar,301,200,29,13,543,0,0,2,0,2,301,200,31,13,545,0,0,0,545
12/31/2005,SDF,KY,ASO,CE,Combined TRACON& Tower with Radar,235,127,15,8,385,0,0,0,0,0,235,127,15,8,385,0,0,0,385
01/01/2006,SDF,KY,ASO,CE,Combined TRACON& Tower with Radar,52,130,16,5,203,0,0,2,0,2,52,130,18,5,205,0,0,0,205
01/02/2006,SDF,KY,ASO,CE,Combined TRACON& Tower with Radar,79,177,23,4,283,0,0,13,0,13,79,177,36,4,296,0,0,0,296
01/03/2006,SDF,KY,ASO,CE,Combined TRACON& Tower with Radar,190,177,40,12,419,0,0,0,0,0,190,177,40,12,419,0,0,0,419
01/04/2006,SDF,KY,ASO,CE,Combined TRACON& Tower with Radar,309,196,25,16,546,0,0,4,3,7,309,196,29,19,553,0,0,0,553
01/05/2006,SDF,KY,ASO,CE,Combined TRACON& Tower with Radar,316,199,44,14,573,0,0,7,0,7,316,199,51,14,580,0,0,0,580
01/06/2006,SDF,KY,ASO,CE,Combined TRACON& Tower with Radar,273,215,53,5,546,0,0,9,2,11,273,215,62,7,557,0,0,0,557
01/07/2006,SDF,KY,ASO,CE,Combined TRACON& Tower with Radar,179,126,22,10,337,0,0,10,1,11,179,126,32,11,348,0,0,0,348
01/08/2006,SDF,KY,ASO,CE,Combined TRACON& Tower with Radar,89,135,22,16,262,0,1,13,0,14,89,136,35,16,276,0,0,0,276
01/09/2006,SDF,KY,ASO,CE,Combined TRACON& Tower with Radar,112,176,26,17,331,0,0,0,0,0,112,176,26,17,331,0,0,0,331
01/10/2006,SDF,KY,ASO,CE,Combined TRACON& Tower with Radar,297,201,48,9,555,0,0,7,0,7,297,201,55,9,562,0,0,0,562
01/11/2006,SDF,KY,ASO,CE,Combined TRACON& Tower with Radar,311,188,38,24,561,0,0,0,0,0,311,188,38,24,561,0,0,0,561
01/12/2006,SDF,KY,ASO,CE,Combined TRACON& Tower with Radar,317,186,72,21,596,0,1,14,3,18,317,187,86,24,614,0,0,0,614
01/13/2006,SDF,KY,ASO,CE,Combined TRACON& Tower with Radar,258,181,25,18,482,0,0,0,0,0,258,181,25,18,482,0,0,0,482
01/14/2006,SDF,KY,ASO,CE,Combined TRACON& Tower with Radar,164,81,9,3,257,0,0,2,0,2,164,81,11,3,259,0,0,0,259
01/15/2006,SDF,KY,ASO,CE,Combined TRACON& Tower with Radar,84,132,16,9,241,0,1,11,0,12,84,133,27,9,253,0,0,0,253
01/16/2006,SDF,KY,ASO,CE,Combined TRACON& Tower with Radar,119,153,37,7,316,0,0,2,0,2,119,153,39,7,318,0,0,0,318
01/17/2006,SDF,KY,ASO,CE,Combined TRACON& Tower with Radar,294,197,37,7,535,0,0,0,0,0,294,197,37,7,535,0,0,0,535
01/18/2006,SDF,KY,ASO,CE,Combined TRACON& Tower with Radar,316,195,53,14,578,0,0,18,4,22,316,195,71,18,600,0,0,0,600
01/19/2006,SDF,KY,ASO,CE,Combined TRACON& Tower with Radar,307,197,58,21,583,0,1,11,3,15,307,198,69,24,598,0,0,0,598
01/20/2006,SDF,KY,ASO,CE,Combined TRACON& Tower with Radar,265,199,40,20,524,0,1,4,2,7,265,200,44,22,531,0,0,0,531
01/21/2006,SDF,KY,ASO,CE,Combined TRACON& Tower with Radar,185,128,18,8,339,0,3,9,2,14,185,131,27,10,353,0,0,0,353
01/22/2006,SDF,KY,ASO,CE,Combined TRACON& Tower with Radar,87,137,23,7,254,0,1,4,0,5,87,138,27,7,259,0,0,0,259
01/23/2006,SDF,KY,ASO,CE,Combined TRACON& Tower with Radar,111,173,24,7,315,0,0,4,2,6,111,173,28,9,321,0,0,0,321
01/24/2006,SDF,KY,ASO,CE,Combined TRACON& Tower with Radar,310,194,41,13,558,0,0,4,4,8,310,194,45,17,566,0,0,0,566
01/25/2006,SDF,KY,ASO,CE,Combined TRACON& Tower with Radar,316,190,57,15,578,0,0,23,5,28,316,190,80,20,606,0,0,0,606
01/26/2006,SDF,KY,ASO,CE,Combined TRACON& Tower with Radar,325,209,46,13,593,0,0,7,2,9,325,209,53,15,602,0,0,0,602
01/27/2006,SDF,KY,ASO,CE,Combined TRACON& Tower with Radar,267,205,30,17,519,0,0,12,3,15,267,205,42,20,534,0,0,0,534
01/28/2006,SDF,KY,ASO,CE,Combined TRACON& Tower with Radar,175,122,16,10,323,0,0,2,0,2,175,122,18,10,325,0,0,0,325
01/29/2006,SDF,KY,ASO,CE,Combined TRACON& Tower with Radar,90,136,21,9,256,0,0,3,0,3,90,136,24,9,259,0,0,0,259
01/30/2006,SDF,KY,ASO,CE,Combined TRACON& Tower with Radar,108,159,34,13,314,0,0,5,2,7,108,159,39,15,321,0,0,0,321
01/31/2006,SDF,KY,ASO,CE,Combined TRACON& Tower with Radar,307,197,37,15,556,0,0,4,8,12,307,197,41,23,568,0,0,0,568
02/01/2006,SDF,KY,ASO,CE,Combined TRACON& Tower with Radar,304,198,38,13,553,0,5,8,4,17,304,203,46,17,570,0,0,0,570
02/02/2006,SDF,KY,ASO,CE,Combined TRACON& Tower with Radar,307,203,29,18,557,0,1,0,1,2,307,204,29,19,559,0,0,0,559
02/03/2006,SDF,KY,ASO,CE,Combined TRACON& Tower with Radar,270,186,34,20,510,0,1,6,0,7,270,187,40,20,517,0,0,0,517
02/04/2006,SDF,KY,ASO,CE,Combined TRACON& Tower with Radar,176,130,15,13,334,0,0,0,0,0,176,130,15,13,334,0,0,0,334
02/05/2006,SDF,KY,ASO,CE,Combined TRACON& Tower with Radar,86,128,15,7,236,0,2,5,0,7,86,130,20,7,243,1,0,1,244
02/06/2006,SDF,KY,ASO,CE,Combined TRACON& Tower with Radar,105,167,30,20,322,0,0,15,1,16,105,167,45,21,338,0,0,0,338
02/07/2006,SDF,KY,ASO,CE,Combined TRACON& Tower with Radar,299,197,41,20,557,0,0,16,4,20,299,197,57,24,577,0,0,0,577
02/08/2006,SDF,KY,ASO,CE,Combined TRACON& Tower with Radar,312,196,36,19,563,0,0,2,5,7,312,196,38,24,570,0,0,0,570
02/09/2006,SDF,KY,ASO,CE,Combined TRACON& Tower with Radar,307,210,42,17,576,0,2,17,1,20,307,212,59,18,596,0,0,0,596
02/10/2006,SDF,KY,ASO,CE,Combined TRACON& Tower with Radar,261,197,41,10,509,0,0,2,0,2,261,197,43,10,511,0,0,0,511
02/11/2006,SDF,KY,ASO,CE,Combined TRACON& Tower with Radar,185,131,19,14,349,0,0,2,0,2,185,131,21,14,351,0,0,0,351
02/12/2006,SDF,KY,ASO,CE,Combined TRACON& Tower with Radar,90,120,15,12,237,0,0,2,0,2,90,120,17,12,239,0,0,0,239
02/13/2006,SDF,KY,ASO,CE,Combined TRACON& Tower with Radar,119,157,32,21,329,0,0,7,1,8,119,157,39,22,337,0,0,0,337
02/14/2006,SDF,KY,ASO,CE,Combined TRACON& Tower with Radar,326,198,49,18,591,0,0,15,2,17,326,198,64,20,608,0,0,0,608
02/15/2006,SDF,KY,ASO,CE,Combined TRACON& Tower with Radar,306,196,71,23,596,0,0,22,5,27,306,196,93,28,623,0,0,0,623
02/16/2006,SDF,KY,ASO,CE,Combined TRACON& Tower with Radar,286,193,63,26,568,0,0,7,0,7,286,193,70,26,575,0,0,0,575
02/17/2006,SDF,KY,ASO,CE,Combined TRACON& Tower with Radar,308,205,48,9,570,0,3,6,0,9,308,208,54,9,579,0,0,0,579
02/18/2006,SDF,KY,ASO,CE,Combined TRACON& Tower with Radar,187,108,13,9,317,0,0,3,0,3,187,108,16,9,320,0,0,0,320
02/19/2006,SDF,KY,ASO,CE,Combined TRACON& Tower with Radar,85,132,22,11,250,0,0,5,0,5,85,132,27,11,255,5,0,5,260
02/20/2006,SDF,KY,ASO,CE,Combined TRACON& Tower with Radar,114,156,31,14,315,0,1,8,2,11,114,157,39,16,326,0,0,0,326
02/21/2006,SDF,KY,ASO,CE,Combined TRACON& Tower with Radar,300,202,42,13,557,0,0,19,2,21,300,202,61,15,578,0,0,0,578
02/22/2006,SDF,KY,ASO,CE,Combined TRACON& Tower with Radar,293,209,41,20,563,0,0,2,0,2,293,209,43,20,565,0,0,0,565
02/23/2006,SDF,KY,ASO,CE,Combined TRACON& Tower with Radar,311,217,50,21,599,0,1,20,3,24,311,218,70,24,623,0,0,0,623
02/24/2006,SDF,KY,ASO,CE,Combined TRACON& Tower with Radar,267,213,44,18,542,0,0,20,0,20,267,213,64,18,562,0,0,0,562
02/25/2006,SDF,KY,ASO,CE,Combined TRACON& Tower with Radar,183,120,25,12,340,0,1,38,2,41,183,121,63,14,381,0,0,0,381
02/26/2006,SDF,KY,ASO,CE,Combined TRACON& Tower with Radar,82,133,30,17,262,0,1,21,0,22,82,134,51,17,284,0,0,0,284
02/27/2006,SDF,KY,ASO,CE,Combined TRACON& Tower with Radar,114,170,25,16,325,1,0,12,5,18,115,170,37,21,343,0,0,0,343
02/28/2006,SDF,KY,ASO,CE,Combined TRACON& Tower with Radar,302,215,36,7,560,0,0,10,4,14,302,215,46,11,574,0,0,0,574
03/01/2006,SDF,KY,ASO,CE,Combined TRACON& Tower with Radar,299,208,49,23,579,0,1,11,3,15,299,209,60,26,594,0,0,0,594
03/02/2006,SDF,KY,ASO,CE,Combined TRACON& Tower with Radar,304,209,44,20,577,0,1,3,2,6,304,210,47,22,583,0,0,0,583
03/03/2006,SDF,KY,ASO,CE,Combined TRACON& Tower with Radar,271,195,42,17,525,0,0,31,1,32,271,195,73,18,557,0,0,0,557
03/04/2006,SDF,KY,ASO,CE,Combined TRACON& Tower with Radar,184,123,12,12,331,0,1,12,0,13,184,124,24,12,344,0,0,0,344
03/05/2006,SDF,KY,ASO,CE,Combined TRACON& Tower with Radar,88,126,23,15,252,0,0,4,5,9,88,126,27,20,261,0,0,0,261
03/06/2006,SDF,KY,ASO,CE,Combined TRACON& Tower with Radar,117,167,36,22,342,0,0,5,2,7,117,167,41,24,349,0,0,0,349
03/07/2006,SDF,KY,ASO,CE,Combined TRACON& Tower with Radar,202,200,45,12,459,101,16,14,8,139,303,216,59,20,598,0,0,0,598
03/08/2006,SDF,KY,ASO,CE,Combined TRACON& Tower with Radar,299,194,36,17,546,0,3,9,0,12,299,197,45,17,558,0,0,0,558
03/09/2006,SDF,KY,ASO,CE,Combined TRACON& Tower with Radar,303,203,26,18,550,0,0,3,0,3,303,203,29,18,553,0,0,0,553
03/10/2006,SDF,KY,ASO,CE,Combined TRACON& Tower with Radar,197,49,38,0,284,79,148,13,42,282,276,197,51,42,566,0,0,0,566
03/11/2006,SDF,KY,ASO,CE,Combined TRACON& Tower with Radar,181,119,16,8,324,0,0,0,0,0,181,119,16,8,324,0,0,0,324
03/12/2006,SDF,KY,ASO,CE,Combined TRACON& Tower with Radar,88,124,16,2,230,0,0,0,0,0,88,124,16,2,230,0,0,0,230
03/13/2006,SDF,KY,ASO,CE,Combined TRACON& Tower with Radar,115,154,14,12,295,0,0,12,0,12,115,154,26,12,307,0,0,0,307
03/14/2006,SDF,KY,ASO,CE,Combined TRACON& Tower with Radar,302,199,29,20,550,0,0,16,2,18,302,199,45,22,568,0,0,0,568
03/15/2006,SDF,KY,ASO,CE,Combined TRACON& Tower with Radar,308,207,46,20,581,0,0,13,2,15,308,207,59,22,596,0,0,0,596
03/16/2006,SDF,KY,ASO,CE,Combined TRACON& Tower with Radar,309,197,32,15,553,0,1,4,3,8,309,198,36,18,561,0,0,0,561
03/17/2006,SDF,KY,ASO,CE,Combined TRACON& Tower with Radar,265,197,36,13,511,0,2,18,1,21,265,199,54,14,532,0,0,0,532
03/18/2006,SDF,KY,ASO,CE,Combined TRACON& Tower with Radar,186,129,25,26,366,0,2,26,1,29,186,131,51,27,395,0,0,0,395
03/19/2006,SDF,KY,ASO,CE,Combined TRACON& Tower with Radar,87,131,26,10,254,0,0,20,3,23,87,131,46,13,277,0,0,0,277
03/20/2006,SDF,KY,ASO,CE,Combined TRACON& Tower with Radar,114,172,36,11,333,0,0,3,0,3,114,172,39,11,336,0,0,0,336
03/21/2006,SDF,KY,ASO,CE,Combined TRACON& Tower with Radar,313,205,50,14,582,0,0,3,0,3,313,205,53,14,585,0,0,0,585
03/22/2006,SDF,KY,ASO,CE,Combined TRACON& Tower with Radar,300,217,69,14,600,0,0,17,7,24,300,217,86,21,624,0,0,0,624
03/23/2006,SDF,KY,ASO,CE,Combined TRACON& Tower with Radar,312,215,140,21,688,0,1,23,5,29,312,216,163,26,717,0,0,0,717
03/24/2006,SDF,KY,ASO,CE,Combined TRACON& Tower with Radar,268,200,90,17,575,0,0,7,0,7,268,200,97,17,582,0,0,0,582
03/25/2006,SDF,KY,ASO,CE,Combined TRACON& Tower with Radar,180,138,35,12,365,0,0,14,0,14,180,138,49,12,379,0,0,0,379
03/26/2006,SDF,KY,ASO,CE,Combined TRACON& Tower with Radar,88,138,27,18,271,0,2,17,2,21,88,140,44,20,292,0,0,0,292
03/27/2006,SDF,KY,ASO,CE,Combined TRACON& Tower with Radar,120,171,30,13,334,0,1,24,4,29,120,172,54,17,363,0,0,0,363
03/28/2006,SDF,KY,ASO,CE,Combined TRACON& Tower with Radar,309,217,44,15,585,0,0,10,5,15,309,217,54,20,600,0,0,0,600
03/29/2006,SDF,KY,ASO,CE,Combined TRACON& Tower with Radar,316,205,65,15,601,0,0,13,1,14,316,205,78,16,615,0,0,0,615
03/30/2006,SDF,KY,ASO,CE,Combined TRACON& Tower with Radar,307,223,31,24,585,0,0,13,1,14,307,223,44,25,599,0,0,0,599
03/31/2006,SDF,KY,ASO,CE,Combined TRACON& Tower with Radar,257,200,37,28,522,0,0,1,0,1,257,200,38,28,523,0,0,0,523
04/01/2006,SDF,KY,ASO,CE,Combined TRACON& Tower with Radar,195,136,23,19,373,0,0,10,0,10,195,136,33,19,383,0,0,0,383
04/02/2006,SDF,KY,ASO,CE,Combined TRACON& Tower with Radar,87,130,14,12,243,0,1,3,0,4,87,131,17,12,247,0,0,0,247
04/03/2006,SDF,KY,ASO,CE,Combined TRACON& Tower with Radar,161,180,38,17,396,0,0,0,0,0,161,180,38,17,396,0,0,0,396
04/04/2006,SDF,KY,ASO,CE,Combined TRACON& Tower with Radar,315,197,36,25,573,0,0,11,2,13,315,197,47,27,586,0,0,0,586
04/05/2006,SDF,KY,ASO,CE,Combined TRACON& Tower with Radar,310,187,24,13,534,0,0,28,0,28,310,187,52,13,562,0,0,0,562
04/06/2006,SDF,KY,ASO,CE,Combined TRACON& Tower with Radar,293,200,34,17,544,0,0,1,1,2,293,200,35,18,546,0,0,0,546
04/07/2006,SDF,KY,ASO,CE,Combined TRACON& Tower with Radar,262,195,37,11,505,0,0,3,0,3,262,195,40,11,508,0,0,0,508
04/08/2006,SDF,KY,ASO,CE,Combined TRACON& Tower with Radar,149,141,29,21,340,0,0,3,0,3,149,141,32,21,343,0,0,0,343
04/09/2006,SDF,KY,ASO,CE,Combined TRACON& Tower with Radar,79,137,36,31,283,0,1,31,1,33,79,138,67,32,316,0,0,0,316
04/10/2006,SDF,KY,ASO,CE,Combined TRACON& Tower with Radar,162,169,38,12,381,0,0,14,0,14,162,169,52,12,395,0,0,0,395
04/11/2006,SDF,KY,ASO,CE,Combined TRACON& Tower with Radar,309,206,41,11,567,0,0,9,1,10,309,206,50,12,577,0,0,0,577
04/12/2006,SDF,KY,ASO,CE,Combined TRACON& Tower with Radar,315,206,34,20,575,0,1,21,2,24,315,207,55,22,599,0,0,0,599
04/13/2006,SDF,KY,ASO,CE,Combined TRACON& Tower with Radar,298,206,42,25,571,0,7,26,4,37,298,213,68,29,608,0,0,0,608
04/14/2006,SDF,KY,ASO,CE,Combined TRACON& Tower with Radar,248,196,22,20,486,0,0,8,2,10,248,196,30,22,496,0,0,0,496
04/15/2006,SDF,KY,ASO,CE,Combined TRACON& Tower with Radar,147,123,17,10,297,0,0,20,0,20,147,123,37,10,317,0,0,0,317
04/16/2006,SDF,KY,ASO,CE,Combined TRACON& Tower with Radar,87,134,8,6,235,0,100,10,1,111,87,234,18,7,346,2,0,2,348
04/17/2006,SDF,KY,ASO,CE,Combined TRACON& Tower with Radar,161,176,34,14,385,0,0,9,1,10,161,176,43,15,395,0,0,0,395
04/18/2006,SDF,KY,ASO,CE,Combined TRACON& Tower with Radar,297,203,41,18,559,0,0,29,6,35,297,203,70,24,594,0,0,0,594
04/19/2006,SDF,KY,ASO,CE,Combined TRACON& Tower with Radar,305,205,48,25,583,0,0,25,13,38,305,205,73,38,621,0,0,0,621
04/20/2006,SDF,KY,ASO,CE,Combined TRACON& Tower with Radar,294,208,40,33,575,0,1,8,21,30,294,209,48,54,605,0,0,0,605
04/21/2006,SDF,KY,ASO,CE,Combined TRACON& Tower with Radar,265,197,37,33,532,0,0,2,11,13,265,197,39,44,545,0,0,0,545
04/22/2006,SDF,KY,ASO,CE,Combined TRACON& Tower with Radar,152,136,18,21,327,0,3,27,61,91,152,139,45,82,418,0,0,0,418
04/23/2006,SDF,KY,ASO,CE,Combined TRACON& Tower with Radar,78,136,28,37,279,0,2,30,5,37,78,138,58,42,316,0,0,0,316
04/24/2006,SDF,KY,ASO,CE,Combined TRACON& Tower with Radar,158,177,24,11,370,0,0,15,2,17,158,177,39,13,387,0,0,0,387
04/25/2006,SDF,KY,ASO,CE,Combined TRACON& Tower with Radar,312,207,36,19,574,0,1,11,1,13,312,208,47,20,587,0,0,0,587
04/26/2006,SDF,KY,ASO,CE,Combined TRACON& Tower with Radar,319,213,65,29,626,0,2,20,5,27,319,215,85,34,653,0,0,0,653
04/27/2006,SDF,KY,ASO,CE,Combined TRACON& Tower with Radar,313,224,47,28,612,0,1,15,6,22,313,225,62,34,634,0,0,0,634
04/28/2006,SDF,KY,ASO,CE,Combined TRACON& Tower with Radar,268,200,43,29,540,0,3,19,2,24,268,203,62,31,564,0,0,0,564
04/29/2006,SDF,KY,ASO,CE,Combined TRACON& Tower with Radar,149,128,20,16,313,0,0,3,0,3,149,128,23,16,316,0,0,0,316
04/30/2006,SDF,KY,ASO,CE,Combined TRACON& Tower with Radar,88,133,25,12,258,0,0,2,0,2,88,133,27,12,260,0,0,0,260
05/01/2006,SDF,KY,ASO,CE,Combined TRACON& Tower with Radar,153,183,23,23,382,0,0,8,2,10,153,183,31,25,392,0,0,0,392
05/02/2006,SDF,KY,ASO,CE,Combined TRACON& Tower with Radar,301,204,55,21,581,0,0,8,3,11,301,204,63,24,592,0,0,0,592
05/03/2006,SDF,KY,ASO,CE,Combined TRACON& Tower with Radar,306,240,75,23,644,0,1,18,7,26,306,241,93,30,670,0,0,0,670
05/04/2006,SDF,KY,ASO,CE,Combined TRACON& Tower with Radar,301,314,193,8,816,0,0,59,7,66,301,314,252,15,882,0,0,0,882
05/05/2006,SDF,KY,ASO,CE,Combined TRACON& Tower with Radar,265,283,189,17,754,0,2,67,3,72,265,285,256,20,826,0,0,0,826
05/06/2006,SDF,KY,ASO,CE,Combined TRACON& Tower with Radar,149,227,251,7,634,0,4,63,3,70,149,231,314,10,704,0,0,0,704
05/07/2006,SDF,KY,ASO,CE,Combined TRACON& Tower with Radar,98,292,220,20,630,0,0,8,0,8,98,292,228,20,638,0,0,0,638
05/08/2006,SDF,KY,ASO,CE,Combined TRACON& Tower with Radar,158,193,52,24,427,0,1,19,2,22,158,194,71,26,449,0,0,0,449
05/09/2006,SDF,KY,ASO,CE,Combined TRACON& Tower with Radar,312,222,43,13,590,0,0,8,6,14,312,222,51,19,604,0,0,0,604
05/10/2006,SDF,KY,ASO,CE,Combined TRACON& Tower with Radar,313,214,41,18,586,0,0,25,1,26,313,214,66,19,612,0,0,0,612
05/11/2006,SDF,KY,ASO,CE,Combined TRACON& Tower with Radar,322,207,32,26,587,0,1,0,0,1,322,208,32,26,588,0,0,0,588
05/12/2006,SDF,KY,ASO,CE,Combined TRACON& Tower with Radar,287,211,54,17,569,0,0,3,0,3,287,211,57,17,572,0,0,0,572
05/13/2006,SDF,KY,ASO,CE,Combined TRACON& Tower with Radar,199,145,14,8,366,0,0,10,0,10,199,145,24,8,376,0,0,0,376
05/14/2006,SDF,KY,ASO,CE,Combined TRACON& Tower with Radar,80,140,28,9,257,0,2,5,1,8,80,142,33,10,265,0,0,0,265
05/15/2006,SDF,KY,ASO,CE,Combined TRACON& Tower with Radar,114,173,35,25,347,0,0,2,1,3,114,173,37,26,350,0,0,0,350
05/16/2006,SDF,KY,ASO,CE,Combined TRACON& Tower with Radar,312,210,52,15,589,0,0,6,5,11,312,210,58,20,600,0,0,0,600
05/17/2006,SDF,KY,ASO,CE,Combined TRACON& Tower with Radar,308,239,58,22,627,0,1,13,2,16,308,240,71,24,643,0,0,0,643
05/18/2006,SDF,KY,ASO,CE,Combined TRACON& Tower with Radar,305,245,66,23,639,0,0,5,1,6,305,245,71,24,645,0,0,0,645
05/19/2006,SDF,KY,ASO,CE,Combined TRACON& Tower with Radar,260,206,36,21,523,0,1,16,2,19,260,207,52,23,542,0,0,0,542
05/20/2006,SDF,KY,ASO,CE,Combined TRACON& Tower with Radar,189,133,23,15,360,0,0,35,1,36,189,133,58,16,396,0,0,0,396
05/21/2006,SDF,KY,ASO,CE,Combined TRACON& Tower with Radar,82,154,20,12,268,0,1,16,0,17,82,155,36,12,285,0,0,0,285
05/22/2006,SDF,KY,ASO,CE,Combined TRACON& Tower with Radar,116,177,28,14,335,0,0,13,4,17,116,177,41,18,352,0,0,0,352
05/23/2006,SDF,KY,ASO,CE,Combined TRACON& Tower with Radar,299,212,37,16,564,0,0,8,6,14,299,212,45,22,578,0,0,0,578
05/24/2006,SDF,KY,ASO,CE,Combined TRACON& Tower with Radar,273,212,51,15,551,0,0,13,3,16,273,212,64,18,567,0,0,0,567
05/25/2006,SDF,KY,ASO,CE,Combined TRACON& Tower with Radar,344,226,27,20,617,0,0,11,1,12,344,226,38,21,629,0,0,0,629
05/26/2006,SDF,KY,ASO,CE,Combined TRACON& Tower with Radar,288,202,24,19,533,0,0,12,3,15,288,202,36,22,548,0,0,0,548
05/27/2006,SDF,KY,ASO,CE,Combined TRACON& Tower with Radar,179,136,13,18,346,0,0,18,0,18,179,136,31,18,364,0,0,0,364
05/28/2006,SDF,KY,ASO,CE,Combined TRACON& Tower with Radar,61,127,10,9,207,0,1,11,0,12,61,128,21,9,219,0,0,0,219
05/29/2006,SDF,KY,ASO,CE,Combined TRACON& Tower with Radar,60,147,18,11,236,0,3,25,1,29,60,150,43,12,265,0,0,0,265
05/30/2006,SDF,KY,ASO,CE,Combined TRACON& Tower with Radar,172,185,30,13,400,0,0,6,0,6,172,185,36,13,406,0,0,0,406
05/31/2006,SDF,KY,ASO,CE,Combined TRACON& Tower with Radar,0,0,0,0,0,316,221,57,23,617,316,221,57,23,617,0,0,0,617
06/01/2006,SDF,KY,ASO,CE,Combined TRACON& Tower with Radar,321,205,31,22,579,0,0,6,0,6,321,205,37,22,585,0,0,0,585
06/02/2006,SDF,KY,ASO,CE,Combined TRACON& Tower with Radar,277,205,45,15,542,0,0,0,0,0,277,205,45,15,542,0,0,0,542
06/03/2006,SDF,KY,ASO,CE,Combined TRACON& Tower with Radar,195,141,15,11,362,0,0,22,0,22,195,141,37,11,384,0,0,0,384
06/04/2006,SDF,KY,ASO,CE,Combined TRACON& Tower with Radar,89,138,23,10,260,0,1,8,0,9,89,139,31,10,269,0,0,0,269
06/05/2006,SDF,KY,ASO,CE,Combined TRACON& Tower with Radar,119,179,31,20,349,0,5,17,3,25,119,184,48,23,374,0,0,0,374
06/06/2006,SDF,KY,ASO,CE,Combined TRACON& Tower with Radar,310,204,35,13,562,0,0,21,4,25,310,204,56,17,587,0,0,0,587
06/07/2006,SDF,KY,ASO,CE,Combined TRACON& Tower with Radar,335,222,43,21,621,0,0,9,3,12,335,222,52,24,633,0,0,0,633
06/08/2006,SDF,KY,ASO,CE,Combined TRACON& Tower with Radar,324,213,31,30,598,0,1,12,0,13,324,214,43,30,611,0,0,0,611
06/09/2006,SDF,KY,ASO,CE,Combined TRACON& Tower with Radar,283,194,40,36,553,0,0,13,1,14,283,194,53,37,567,0,0,0,567
06/10/2006,SDF,KY,ASO,CE,Combined TRACON& Tower with Radar,190,155,23,22,390,0,2,3,5,10,190,157,26,27,400,0,0,0,400
06/11/2006,SDF,KY,ASO,CE,Combined TRACON& Tower with Radar,86,145,17,18,266,0,1,5,0,6,86,146,22,18,272,0,0,0,272
06/12/2006,SDF,KY,ASO,CE,Combined TRACON& Tower with Radar,118,175,27,8,328,0,1,9,3,13,118,176,36,11,341,0,0,0,341
06/13/2006,SDF,KY,ASO,CE,Combined TRACON& Tower with Radar,316,219,43,11,589,0,0,0,0,0,316,219,43,11,589,0,0,0,589
06/14/2006,SDF,KY,ASO,CE,Combined TRACON& Tower with Radar,315,209,41,20,585,0,1,11,6,18,315,210,52,26,603,0,0,0,603
06/15/2006,SDF,KY,ASO,CE,Combined TRACON& Tower with Radar,321,224,41,21,607,0,0,7,3,10,321,224,48,24,617,0,0,0,617
06/16/2006,SDF,KY,ASO,CE,Combined TRACON& Tower with Radar,277,213,32,26,548,0,0,15,2,17,277,213,47,28,565,0,0,0,565
06/17/2006,SDF,KY,ASO,CE,Combined TRACON& Tower with Radar,185,153,16,11,365,0,1,17,0,18,185,154,33,11,383,0,0,0,383
06/18/2006,SDF,KY,ASO,CE,Combined TRACON& Tower with Radar,87,151,22,14,274,0,0,5,2,7,87,151,27,16,281,0,0,0,281
06/19/2006,SDF,KY,ASO,CE,Combined TRACON& Tower with Radar,117,176,69,18,380,0,1,2,2,5,117,177,71,20,385,0,0,0,385
06/20/2006,SDF,KY,ASO,CE,Combined TRACON& Tower with Radar,331,214,57,19,621,0,2,10,2,14,331,216,67,21,635,0,0,0,635
06/21/2006,SDF,KY,ASO,CE,Combined TRACON& Tower with Radar,322,225,43,21,611,0,1,17,3,21,322,226,60,24,632,0,0,0,632
06/22/2006,SDF,KY,ASO,CE,Combined TRACON& Tower with Radar,331,222,51,29,633,0,2,12,3,17,331,224,63,32,650,0,0,0,650
06/23/2006,SDF,KY,ASO,CE,Combined TRACON& Tower with Radar,293,199,38,20,550,0,0,2,0,2,293,199,40,20,552,0,0,0,552
06/24/2006,SDF,KY,ASO,CE,Combined TRACON& Tower with Radar,193,145,33,18,389,0,1,11,3,15,193,146,44,21,404,0,0,0,404
06/25/2006,SDF,KY,ASO,CE,Combined TRACON& Tower with Radar,86,147,26,13,272,0,1,19,1,21,86,148,45,14,293,0,0,0,293
06/26/2006,SDF,KY,ASO,CE,Combined TRACON& Tower with Radar,130,164,48,24,366,0,0,8,1,9,130,164,56,25,375,0,0,0,375
06/27/2006,SDF,KY,ASO,CE,Combined TRACON& Tower with Radar,332,219,49,17,617,0,0,14,1,15,332,219,63,18,632,0,0,0,632
06/28/2006,SDF,KY,ASO,CE,Combined TRACON& Tower with Radar,337,226,87,18,668,0,2,12,2,16,337,228,99,20,684,0,0,0,684
06/29/2006,SDF,KY,ASO,CE,Combined TRACON& Tower with Radar,338,217,55,19,629,0,0,7,3,10,338,217,62,22,639,0,0,0,639
06/30/2006,SDF,KY,ASO,CE,Combined TRACON& Tower with Radar,297,206,61,13,577,0,0,8,0,8,297,206,69,13,585,0,0,0,585
07/01/2006,SDF,KY,ASO,CE,Combined TRACON& Tower with Radar,191,165,24,32,412,0,0,19,1,20,191,165,43,33,432,0,0,0,432
07/02/2006,SDF,KY,ASO,CE,Combined TRACON& Tower with Radar,90,134,15,2,241,0,1,6,0,7,90,135,21,2,248,0,0,0,248
07/03/2006,SDF,KY,ASO,CE,Combined TRACON& Tower with Radar,107,135,10,14,266,0,2,11,1,14,107,137,21,15,280,0,0,0,280
07/04/2006,SDF,KY,ASO,CE,Combined TRACON& Tower with Radar,152,141,8,7,308,0,0,2,0,2,152,141,10,7,310,0,0,0,310
07/05/2006,SDF,KY,ASO,CE,Combined TRACON& Tower with Radar,263,198,27,20,508,0,0,5,7,12,263,198,32,27,520,0,0,0,520
07/06/2006,SDF,KY,ASO,CE,Combined TRACON& Tower with Radar,341,212,31,22,606,0,0,15,5,20,341,212,46,27,626,0,0,0,626
07/07/2006,SDF,KY,ASO,CE,Combined TRACON& Tower with Radar,278,197,31,21,527,0,0,13,1,14,278,197,44,22,541,0,0,0,541
07/08/2006,SDF,KY,ASO,CE,Combined TRACON& Tower with Radar,181,152,26,37,396,0,0,14,2,16,181,152,40,39,412,0,0,0,412
07/09/2006,SDF,KY,ASO,CE,Combined TRACON& Tower with Radar,81,155,20,16,272,0,0,7,1,8,81,155,27,17,280,0,0,0,280
07/10/2006,SDF,KY,ASO,CE,Combined TRACON& Tower with Radar,127,164,30,26,347,0,0,2,3,5,127,164,32,29,352,0,0,0,352
07/11/2006,SDF,KY,ASO,CE,Combined TRACON& Tower with Radar,338,198,27,17,580,0,0,5,1,6,338,198,32,18,586,0,0,0,586
07/12/2006,SDF,KY,ASO,CE,Combined TRACON& Tower with Radar,344,209,36,18,607,0,0,0,0,0,344,209,36,18,607,0,0,0,607
07/13/2006,SDF,KY,ASO,CE,Combined TRACON& Tower with Radar,337,209,37,18,601,0,1,8,3,12,337,210,45,21,613,0,0,0,613
07/14/2006,SDF,KY,ASO,CE,Combined TRACON& Tower with Radar,291,208,32,24,555,0,0,10,1,11,291,208,42,25,566,0,0,0,566
07/15/2006,SDF,KY,ASO,CE,Combined TRACON& Tower with Radar,193,154,11,23,381,0,0,14,2,16,193,154,25,25,397,0,0,0,397
07/16/2006,SDF,KY,ASO,CE,Combined TRACON& Tower with Radar,83,164,32,22,301,0,0,12,3,15,83,164,44,25,316,0,0,0,316
07/17/2006,SDF,KY,ASO,CE,Combined TRACON& Tower with Radar,138,182,37,18,375,0,0,21,3,24,138,182,58,21,399,0,0,0,399
07/18/2006,SDF,KY,ASO,CE,Combined TRACON& Tower with Radar,330,207,43,17,597,0,0,36,2,38,330,207,79,19,635,0,0,0,635
07/19/2006,SDF,KY,ASO,CE,Combined TRACON& Tower with Radar,349,200,36,23,608,0,2,16,7,25,349,202,52,30,633,0,0,0,633
07/20/2006,SDF,KY,ASO,CE,Combined TRACON& Tower with Radar,339,198,60,23,620,0,0,8,1,9,339,198,68,24,629,0,0,0,629
07/21/2006,SDF,KY,ASO,CE,Combined TRACON& Tower with Radar,289,196,34,29,548,0,0,6,1,7,289,196,40,30,555,0,0,0,555
07/22/2006,SDF,KY,ASO,CE,Combined TRACON& Tower with Radar,191,150,26,12,379,0,0,7,0,7,191,150,33,12,386,0,0,0,386
07/23/2006,SDF,KY,ASO,CE,Combined TRACON& Tower with Radar,85,150,27,21,283,0,1,11,2,14,85,151,38,23,297,0,0,0,297
07/24/2006,SDF,KY,ASO,CE,Combined TRACON& Tower with Radar,122,181,21,24,348,0,1,12,0,13,122,182,33,24,361,0,0,0,361
07/25/2006,SDF,KY,ASO,CE,Combined TRACON& Tower with Radar,334,212,39,22,607,0,1,16,3,20,334,213,55,25,627,0,0,0,627
07/26/2006,SDF,KY,ASO,CE,Combined TRACON& Tower with Radar,332,216,44,19,611,0,1,17,5,23,332,217,61,24,634,0,0,0,634
07/27/2006,SDF,KY,ASO,CE,Combined TRACON& Tower with Radar,330,197,48,27,602,0,1,21,4,26,330,198,69,31,628,0,0,0,628
07/28/2006,SDF,KY,ASO,CE,Combined TRACON& Tower with Radar,308,205,35,21,569,0,0,4,0,4,308,205,39,21,573,0,0,0,573
07/29/2006,SDF,KY,ASO,CE,Combined TRACON& Tower with Radar,193,150,42,17,402,0,0,17,0,17,193,150,59,17,419,0,0,0,419
07/30/2006,SDF,KY,ASO,CE,Combined TRACON& Tower with Radar,87,143,32,24,286,0,0,10,1,11,87,143,42,25,297,0,0,0,297
07/31/2006,SDF,KY,ASO,CE,Combined TRACON& Tower with Radar,123,184,42,25,374,0,0,15,6,21,123,184,57,31,395,0,0,0,395
08/01/2006,SDF,KY,ASO,CE,Combined TRACON& Tower with Radar,326,179,37,20,562,0,0,1,3,4,326,179,38,23,566,0,0,0,566
08/02/2006,SDF,KY,ASO,CE,Combined TRACON& Tower with Radar,330,204,35,10,579,0,0,12,3,15,330,204,47,13,594,0,0,0,594
08/03/2006,SDF,KY,ASO,CE,Combined TRACON& Tower with Radar,338,211,40,23,612,0,0,26,4,30,338,211,66,27,642,0,0,0,642
08/04/2006,SDF,KY,ASO,CE,Combined TRACON& Tower with Radar,304,206,35,24,569,0,0,14,1,15,304,206,49,25,584,0,0,0,584
08/05/2006,SDF,KY,ASO,CE,Combined TRACON& Tower with Radar,189,144,27,19,379,0,2,38,2,42,189,146,65,21,421,0,0,0,421
08/06/2006,SDF,KY,ASO,CE,Combined TRACON& Tower with Radar,86,143,30,27,286,0,0,17,0,17,86,143,47,27,303,0,0,0,303
08/07/2006,SDF,KY,ASO,CE,Combined TRACON& Tower with Radar,131,165,23,21,340,0,1,8,3,12,131,166,31,24,352,0,0,0,352
08/08/2006,SDF,KY,ASO,CE,Combined TRACON& Tower with Radar,333,205,33,10,581,0,1,6,2,9,333,206,39,12,590,0,0,0,590
08/09/2006,SDF,KY,ASO,CE,Combined TRACON& Tower with Radar,340,211,45,18,614,0,0,7,1,8,340,211,52,19,622,0,0,0,622
08/10/2006,SDF,KY,ASO,CE,Combined TRACON& Tower with Radar,331,205,51,22,609,0,3,7,0,10,331,208,58,22,619,0,0,0,619
08/11/2006,SDF,KY,ASO,CE,Combined TRACON& Tower with Radar,296,197,24,28,545,0,0,5,0,5,296,197,29,28,550,0,0,0,550
08/12/2006,SDF,KY,ASO,CE,Combined TRACON& Tower with Radar,183,147,32,14,376,0,3,15,2,20,183,150,47,16,396,0,0,0,396
08/13/2006,SDF,KY,ASO,CE,Combined TRACON& Tower with Radar,85,151,20,22,278,0,1,24,0,25,85,152,44,22,303,0,0,0,303
08/14/2006,SDF,KY,ASO,CE,Combined TRACON& Tower with Radar,105,176,55,31,367,0,0,6,2,8,105,176,61,33,375,0,0,0,375
08/15/2006,SDF,KY,ASO,CE,Combined TRACON& Tower with Radar,360,214,34,22,630,0,1,16,2,19,360,215,50,24,649,0,0,0,649
08/16/2006,SDF,KY,ASO,CE,Combined TRACON& Tower with Radar,342,215,54,20,631,0,0,20,4,24,342,215,74,24,655,0,0,0,655
08/17/2006,SDF,KY,ASO,CE,Combined TRACON& Tower with Radar,339,204,60,23,626,0,0,22,4,26,339,204,82,27,652,0,0,0,652
08/18/2006,SDF,KY,ASO,CE,Combined TRACON& Tower with Radar,293,199,45,30,567,0,2,15,1,18,293,201,60,31,585,0,0,0,585
08/19/2006,SDF,KY,ASO,CE,Combined TRACON& Tower with Radar,184,149,31,11,375,0,0,12,0,12,184,149,43,11,387,0,0,0,387
08/20/2006,SDF,KY,ASO,CE,Combined TRACON& Tower with Radar,84,168,34,10,296,0,1,12,0,13,84,169,46,10,309,0,0,0,309
08/21/2006,SDF,KY,ASO,CE,Combined TRACON& Tower with Radar,123,173,47,11,354,0,0,14,2,16,123,173,61,13,370,0,0,0,370
08/22/2006,SDF,KY,ASO,CE,Combined TRACON& Tower with Radar,333,189,62,22,606,0,0,8,5,13,333,189,70,27,619,0,0,0,619
08/23/2006,SDF,KY,ASO,CE,Combined TRACON& Tower with Radar,343,196,77,27,643,0,0,14,12,26,343,196,91,39,669,0,0,0,669
08/24/2006,SDF,KY,ASO,CE,Combined TRACON& Tower with Radar,336,200,78,16,630,0,0,24,4,28,336,200,102,20,658,0,0,0,658
08/25/2006,SDF,KY,ASO,CE,Combined TRACON& Tower with Radar,295,209,45,16,565,0,0,15,3,18,295,209,60,19,583,0,0,0,583
08/26/2006,SDF,KY,ASO,CE,Combined TRACON& Tower with Radar,187,147,28,11,373,0,3,23,0,26,187,150,51,11,399,0,0,0,399
08/27/2006,SDF,KY,ASO,CE,Combined TRACON& Tower with Radar,82,162,38,25,307,0,0,12,2,14,82,162,50,27,321,0,0,0,321
08/28/2006,SDF,KY,ASO,CE,Combined TRACON& Tower with Radar,112,175,43,23,353,0,0,0,2,2,112,175,43,25,355,0,0,0,355
08/29/2006,SDF,KY,ASO,CE,Combined TRACON& Tower with Radar,372,203,48,23,646,0,0,1,5,6,372,203,49,28,652,0,0,0,652
08/30/2006,SDF,KY,ASO,CE,Combined TRACON& Tower with Radar,327,199,60,33,619,0,0,19,4,23,327,199,79,37,642,0,0,0,642
08/31/2006,SDF,KY,ASO,CE,Combined TRACON& Tower with Radar,332,200,46,20,598,0,0,7,5,12,332,200,53,25,610,0,0,0,610
09/01/2006,SDF,KY,ASO,CE,Combined TRACON& Tower with Radar,296,186,43,29,554,0,0,1,0,1,296,186,44,29,555,0,0,0,555
09/02/2006,SDF,KY,ASO,CE,Combined TRACON& Tower with Radar,188,141,18,8,355,0,0,10,0,10,188,141,28,8,365,0,0,0,365
09/03/2006,SDF,KY,ASO,CE,Combined TRACON& Tower with Radar,61,114,7,10,192,0,2,23,0,25,61,116,30,10,217,0,0,0,217
09/04/2006,SDF,KY,ASO,CE,Combined TRACON& Tower with Radar,68,149,14,15,246,0,0,9,0,9,68,149,23,15,255,0,0,0,255
09/05/2006,SDF,KY,ASO,CE,Combined TRACON& Tower with Radar,187,173,35,26,421,0,0,10,3,13,187,173,45,29,434,0,0,0,434
09/06/2006,SDF,KY,ASO,CE,Combined TRACON& Tower with Radar,351,204,29,23,607,0,0,15,7,22,351,204,44,30,629,0,0,0,629
09/07/2006,SDF,KY,ASO,CE,Combined TRACON& Tower with Radar,348,204,52,30,634,0,0,19,3,22,348,204,71,33,656,0,0,0,656
09/08/2006,SDF,KY,ASO,CE,Combined TRACON& Tower with Radar,314,222,33,28,597,0,0,26,4,30,314,222,59,32,627,0,0,0,627
09/09/2006,SDF,KY,ASO,CE,Combined TRACON& Tower with Radar,196,122,30,15,363,0,0,26,3,29,196,122,56,18,392,0,0,0,392
09/10/2006,SDF,KY,ASO,CE,Combined TRACON& Tower with Radar,90,135,24,9,258,0,0,2,0,2,90,135,26,9,260,0,0,0,260
09/11/2006,SDF,KY,ASO,CE,Combined TRACON& Tower with Radar,124,175,33,13,345,1,0,1,0,2,125,175,34,13,347,0,0,0,347
09/12/2006,SDF,KY,ASO,CE,Combined TRACON& Tower with Radar,339,205,41,14,599,0,0,0,0,0,339,205,41,14,599,0,0,0,599
09/13/2006,SDF,KY,ASO,CE,Combined TRACON& Tower with Radar,350,212,47,31,640,0,0,8,0,8,350,212,55,31,648,0,0,0,648
09/14/2006,SDF,KY,ASO,CE,Combined TRACON& Tower with Radar,342,206,44,24,616,0,0,13,2,15,342,206,57,26,631,0,0,0,631
09/15/2006,SDF,KY,ASO,CE,Combined TRACON& Tower with Radar,297,188,49,42,576,0,0,24,1,25,297,188,73,43,601,0,0,0,601
09/16/2006,SDF,KY,ASO,CE,Combined TRACON& Tower with Radar,192,132,18,20,362,0,0,29,3,32,192,132,47,23,394,0,0,0,394
09/17/2006,SDF,KY,ASO,CE,Combined TRACON& Tower with Radar,97,140,26,29,292,0,1,12,4,17,97,141,38,33,309,0,0,0,309
09/18/2006,SDF,KY,ASO,CE,Combined TRACON& Tower with Radar,131,174,35,0,340,0,0,0,0,0,131,174,35,0,340,0,0,0,340
09/19/2006,SDF,KY,ASO,CE,Combined TRACON& Tower with Radar,347,189,35,17,588,0,1,12,0,13,347,190,47,17,601,0,0,0,601
09/20/2006,SDF,KY,ASO,CE,Combined TRACON& Tower with Radar,346,211,47,13,617,0,0,16,6,22,346,211,63,19,639,0,0,0,639
09/21/2006,SDF,KY,ASO,CE,Combined TRACON& Tower with Radar,339,215,46,26,626,0,0,15,5,20,339,215,61,31,646,0,0,0,646
09/22/2006,SDF,KY,ASO,CE,Combined TRACON& Tower with Radar,295,194,36,15,540,0,0,0,0,0,295,194,36,15,540,0,0,0,540
09/23/2006,SDF,KY,ASO,CE,Combined TRACON& Tower with Radar,214,124,10,10,358,0,0,6,0,6,214,124,16,10,364,0,0,0,364
09/24/2006,SDF,KY,ASO,CE,Combined TRACON& Tower with Radar,99,145,24,11,279,0,0,18,0,18,99,145,42,11,297,0,0,0,297
09/25/2006,SDF,KY,ASO,CE,Combined TRACON& Tower with Radar,134,184,51,33,402,0,2,13,5,20,134,186,64,38,422,0,0,0,422
09/26/2006,SDF,KY,ASO,CE,Combined TRACON& Tower with Radar,350,192,39,21,602,0,3,21,13,37,350,195,60,34,639,0,0,0,639
09/27/2006,SDF,KY,ASO,CE,Combined TRACON& Tower with Radar,331,208,41,13,593,0,0,3,0,3,331,208,44,13,596,0,0,0,596
09/28/2006,SDF,KY,ASO,CE,Combined TRACON& Tower with Radar,366,231,48,19,664,0,1,3,0,4,366,232,51,19,668,0,0,0,668
09/29/2006,SDF,KY,ASO,CE,Combined TRACON& Tower with Radar,305,217,45,23,590,0,1,16,0,17,305,218,61,23,607,0,0,0,607
09/30/2006,SDF,KY,ASO,CE,Combined TRACON& Tower with Radar,199,130,23,11,363,0,0,7,0,7,199,130,30,11,370,0,0,0,370
10/01/2006,SDF,KY,ASO,CE,Combined TRACON& Tower with Radar,104,133,13,10,260,0,1,21,1,23,104,134,34,11,283,0,0,0,283
10/02/2006,SDF,KY,ASO,CE,Combined TRACON& Tower with Radar,131,164,26,16,337,0,0,3,3,6,131,164,29,19,343,0,0,0,343
10/03/2006,SDF,KY,ASO,CE,Combined TRACON& Tower with Radar,355,198,50,23,626,0,0,9,4,13,355,198,59,27,639,0,0,0,639
10/04/2006,SDF,KY,ASO,CE,Combined TRACON& Tower with Radar,341,200,40,22,603,0,0,9,7,16,341,200,49,29,619,0,0,0,619
10/05/2006,SDF,KY,ASO,CE,Combined TRACON& Tower with Radar,351,200,68,27,646,0,0,6,1,7,351,200,74,28,653,0,0,0,653
10/06/2006,SDF,KY,ASO,CE,Combined TRACON& Tower with Radar,311,186,78,20,595,0,0,16,4,20,311,186,94,24,615,0,0,0,615
10/07/2006,SDF,KY,ASO,CE,Combined TRACON& Tower with Radar,189,137,27,25,378,0,21,313,24,358,189,158,340,49,736,0,0,0,736
10/08/2006,SDF,KY,ASO,CE,Combined TRACON& Tower with Radar,88,133,37,19,277,0,4,19,0,23,88,137,56,19,300,0,0,0,300
10/09/2006,SDF,KY,ASO,CE,Combined TRACON& Tower with Radar,132,165,27,13,337,0,1,13,1,15,132,166,40,14,352,0,0,0,352
10/10/2006,SDF,KY,ASO,CE,Combined TRACON& Tower with Radar,338,188,48,27,601,0,0,11,0,11,338,188,59,27,612,0,0,0,612
10/11/2006,SDF,KY,ASO,CE,Combined TRACON& Tower with Radar,338,207,42,20,607,0,1,6,3,10,338,208,48,23,617,0,0,0,617
10/12/2006,SDF,KY,ASO,CE,Combined TRACON& Tower with Radar,343,206,40,12,601,0,1,5,6,12,343,207,45,18,613,0,0,0,613
10/13/2006,SDF,KY,ASO,CE,Combined TRACON& Tower with Radar,309,206,56,30,601,0,0,11,0,11,309,206,67,30,612,0,0,0,612
10/14/2006,SDF,KY,ASO,CE,Combined TRACON& Tower with Radar,198,130,31,22,381,0,2,16,2,20,198,132,47,24,401,0,0,0,401
10/15/2006,SDF,KY,ASO,CE,Combined TRACON& Tower with Radar,98,147,29,15,289,0,1,6,1,8,98,148,35,16,297,0,0,0,297
10/16/2006,SDF,KY,ASO,CE,Combined TRACON& Tower with Radar,110,161,41,20,332,0,0,9,0,9,110,161,50,20,341,0,0,0,341
10/17/2006,SDF,KY,ASO,CE,Combined TRACON& Tower with Radar,372,193,37,13,615,0,1,0,0,1,372,194,37,13,616,0,0,0,616
10/18/2006,SDF,KY,ASO,CE,Combined TRACON& Tower with Radar,351,196,58,23,628,0,1,1,4,6,351,197,59,27,634,0,0,0,634
10/19/2006,SDF,KY,ASO,CE,Combined TRACON& Tower with Radar,333,207,58,17,615,0,0,1,0,1,333,207,59,17,616,0,0,0,616
10/20/2006,SDF,KY,ASO,CE,Combined TRACON& Tower with Radar,315,194,51,24,584,0,1,12,4,17,315,195,63,28,601,0,0,0,601
10/21/2006,SDF,KY,ASO,CE,Combined TRACON& Tower with Radar,200,135,26,18,379,0,0,239,23,262,200,135,265,41,641,0,0,0,641
10/22/2006,SDF,KY,ASO,CE,Combined TRACON& Tower with Radar,89,139,39,14,281,0,1,8,0,9,89,140,47,14,290,0,0,0,290
10/23/2006,SDF,KY,ASO,CE,Combined TRACON& Tower with Radar,134,171,31,12,348,0,4,7,5,16,134,175,38,17,364,0,0,0,364
10/24/2006,SDF,KY,ASO,CE,Combined TRACON& Tower with Radar,349,197,55,24,625,0,0,2,8,10,349,197,57,32,635,0,0,0,635
10/25/2006,SDF,KY,ASO,CE,Combined TRACON& Tower with Radar,350,218,68,26,662,0,1,59,14,74,350,219,127,40,736,0,0,0,736
10/26/2006,SDF,KY,ASO,CE,Combined TRACON& Tower with Radar,324,201,52,26,603,0,0,0,0,0,324,201,52,26,603,0,0,0,603
10/27/2006,SDF,KY,ASO,CE,Combined TRACON& Tower with Radar,320,194,34,17,565,0,1,0,0,1,320,195,34,17,566,0,0,0,566
10/28/2006,SDF,KY,ASO,CE,Combined TRACON& Tower with Radar,210,136,21,8,375,0,0,1,0,1,210,136,22,8,376,0,0,0,376
10/29/2006,SDF,KY,ASO,CE,Combined TRACON& Tower with Radar,210,136,21,8,375,0,0,1,0,1,210,136,22,8,376,0,0,0,376
10/30/2006,SDF,KY,ASO,CE,Combined TRACON& Tower with Radar,103,167,32,17,319,0,0,13,4,17,103,167,45,21,336,0,0,0,336
10/31/2006,SDF,KY,ASO,CE,Combined TRACON& Tower with Radar,350,192,38,22,602,0,2,4,0,6,350,194,42,22,608,0,0,0,608
11/01/2006,SDF,KY,ASO,CE,Combined TRACON& Tower with Radar,339,219,71,22,651,0,0,9,2,11,339,219,80,24,662,0,0,0,662
11/02/2006,SDF,KY,ASO,CE,Combined TRACON& Tower with Radar,344,218,92,17,671,0,0,21,5,26,344,218,113,22,697,0,0,0,697
11/03/2006,SDF,KY,ASO,CE,Combined TRACON& Tower with Radar,313,221,91,18,643,0,0,29,5,34,313,221,120,23,677,0,0,0,677
11/04/2006,SDF,KY,ASO,CE,Combined TRACON& Tower with Radar,186,205,138,5,534,0,0,28,3,31,186,205,166,8,565,0,0,0,565
11/05/2006,SDF,KY,ASO,CE,Combined TRACON& Tower with Radar,92,179,68,13,352,0,0,14,0,14,92,179,82,13,366,0,0,0,366
11/06/2006,SDF,KY,ASO,CE,Combined TRACON& Tower with Radar,125,161,38,20,344,0,0,6,7,13,125,161,44,27,357,0,0,0,357
11/07/2006,SDF,KY,ASO,CE,Combined TRACON& Tower with Radar,346,199,42,26,613,0,0,0,0,0,346,199,42,26,613,0,0,0,613
11/08/2006,SDF,KY,ASO,CE,Combined TRACON& Tower with Radar,154,204,44,15,417,0,0,3,4,7,154,204,47,19,424,0,0,0,424
11/09/2006,SDF,KY,ASO,CE,Combined TRACON& Tower with Radar,356,219,39,19,633,0,0,20,6,26,356,219,59,25,659,0,0,0,659
11/10/2006,SDF,KY,ASO,CE,Combined TRACON& Tower with Radar,304,201,59,18,582,0,0,12,0,12,304,201,71,18,594,0,0,0,594
11/11/2006,SDF,KY,ASO,CE,Combined TRACON& Tower with Radar,190,138,29,10,367,0,0,0,0,0,190,138,29,10,367,0,0,0,367
11/12/2006,SDF,KY,ASO,CE,Combined TRACON& Tower with Radar,97,140,39,12,288,0,0,8,0,8,97,140,47,12,296,0,0,0,296
11/13/2006,SDF,KY,ASO,CE,Combined TRACON& Tower with Radar,132,163,33,20,348,0,1,6,2,9,132,164,39,22,357,0,0,0,357
11/14/2006,SDF,KY,ASO,CE,Combined TRACON& Tower with Radar,351,215,70,20,656,0,7,8,5,20,351,222,78,25,676,0,0,0,676
11/15/2006,SDF,KY,ASO,CE,Combined TRACON& Tower with Radar,352,207,35,17,611,0,0,0,0,0,352,207,35,17,611,0,0,0,611
11/16/2006,SDF,KY,ASO,CE,Combined TRACON& Tower with Radar,360,234,47,23,664,0,0,27,0,27,360,234,74,23,691,0,0,0,691
11/17/2006,SDF,KY,ASO,CE,Combined TRACON& Tower with Radar,319,210,49,20,598,0,2,5,2,9,319,212,54,22,607,0,0,0,607
11/18/2006,SDF,KY,ASO,CE,Combined TRACON& Tower with Radar,198,135,22,12,367,0,0,13,0,13,198,135,35,12,380,0,0,0,380
11/19/2006,SDF,KY,ASO,CE,Combined TRACON& Tower with Radar,109,141,13,7,270,0,2,1,0,3,109,143,14,7,273,0,0,0,273
11/20/2006,SDF,KY,ASO,CE,Combined TRACON& Tower with Radar,149,172,39,12,372,0,1,21,6,28,149,173,60,18,400,0,0,0,400
11/21/2006,SDF,KY,ASO,CE,Combined TRACON& Tower with Radar,375,205,31,21,632,0,0,20,4,24,375,205,51,25,656,0,0,0,656
11/22/2006,SDF,KY,ASO,CE,Combined TRACON& Tower with Radar,373,198,28,24,623,0,0,25,0,25,373,198,53,24,648,0,0,0,648
11/23/2006,SDF,KY,ASO,CE,Combined TRACON& Tower with Radar,157,150,1,8,316,0,0,7,0,7,157,150,8,8,323,0,0,0,323
11/24/2006,SDF,KY,ASO,CE,Combined TRACON& Tower with Radar,205,140,20,6,371,0,1,8,1,10,205,141,28,7,381,0,0,0,381
11/25/2006,SDF,KY,ASO,CE,Combined TRACON& Tower with Radar,191,150,27,2,370,0,0,13,0,13,191,150,40,2,383,0,0,0,383
11/26/2006,SDF,KY,ASO,CE,Combined TRACON& Tower with Radar,99,174,37,15,325,0,3,14,1,18,99,177,51,16,343,0,0,0,343
11/27/2006,SDF,KY,ASO,CE,Combined TRACON& Tower with Radar,104,178,69,18,369,0,0,6,2,8,104,178,75,20,377,0,0,0,377
11/28/2006,SDF,KY,ASO,CE,Combined TRACON& Tower with Radar,367,207,89,14,677,0,0,8,7,15,367,207,97,21,692,0,0,0,692
11/29/2006,SDF,KY,ASO,CE,Combined TRACON& Tower with Radar,379,222,80,17,698,0,0,14,7,21,379,222,94,24,719,0,0,0,719
11/30/2006,SDF,KY,ASO,CE,Combined TRACON& Tower with Radar,356,216,80,14,666,0,0,0,0,0,356,216,80,14,666,0,0,0,666
12/01/2006,SDF,KY,ASO,CE,Combined TRACON& Tower with Radar,328,44,32,4,408,0,0,0,0,0,328,44,32,4,408,0,0,0,408
12/02/2006,SDF,KY,ASO,CE,Combined TRACON& Tower with Radar,215,132,25,12,384,0,0,8,6,14,215,132,33,18,398,0,0,0,398
12/03/2006,SDF,KY,ASO,CE,Combined TRACON& Tower with Radar,98,141,27,22,288,0,0,6,0,6,98,141,33,22,294,0,0,0,294
12/04/2006,SDF,KY,ASO,CE,Combined TRACON& Tower with Radar,128,179,49,0,356,0,1,12,0,13,128,180,61,0,369,0,0,0,369
12/05/2006,SDF,KY,ASO,CE,Combined TRACON& Tower with Radar,380,205,40,23,648,0,0,9,5,14,380,205,49,28,662,0,0,0,662
12/06/2006,SDF,KY,ASO,CE,Combined TRACON& Tower with Radar,368,211,42,22,643,0,1,9,1,11,368,212,51,23,654,0,0,0,654
12/07/2006,SDF,KY,ASO,CE,Combined TRACON& Tower with Radar,363,228,53,24,668,0,1,12,3,16,363,229,65,27,684,0,0,0,684
12/08/2006,SDF,KY,ASO,CE,Combined TRACON& Tower with Radar,309,212,30,19,570,0,0,15,4,19,309,212,45,23,589,0,0,0,589
12/09/2006,SDF,KY,ASO,CE,Combined TRACON& Tower with Radar,195,162,32,2,391,0,2,8,1,11,195,164,40,3,402,0,0,0,402
12/10/2006,SDF,KY,ASO,CE,Combined TRACON& Tower with Radar,95,159,31,3,288,0,0,29,1,30,95,159,60,4,318,0,0,0,318
12/11/2006,SDF,KY,ASO,CE,Combined TRACON& Tower with Radar,131,180,35,19,365,0,0,16,7,23,131,180,51,26,388,0,0,0,388
12/12/2006,SDF,KY,ASO,CE,Combined TRACON& Tower with Radar,399,221,34,20,674,0,0,2,0,2,399,221,36,20,676,0,0,0,676
12/13/2006,SDF,KY,ASO,CE,Combined TRACON& Tower with Radar,396,223,63,23,705,0,0,8,6,14,396,223,71,29,719,0,0,0,719
12/14/2006,SDF,KY,ASO,CE,Combined TRACON& Tower with Radar,399,211,68,28,706,0,1,11,4,16,399,212,79,32,722,0,0,0,722
12/15/2006,SDF,KY,ASO,CE,Combined TRACON& Tower with Radar,362,200,48,19,629,0,0,29,4,33,362,200,77,23,662,0,0,0,662
12/16/2006,SDF,KY,ASO,CE,Combined TRACON& Tower with Radar,224,139,18,14,395,0,25,15,10,50,224,164,33,24,445,0,0,0,445
12/17/2006,SDF,KY,ASO,CE,Combined TRACON& Tower with Radar,144,142,17,15,318,0,0,17,1,18,144,142,34,16,336,0,0,0,336
12/18/2006,SDF,KY,ASO,CE,Combined TRACON& Tower with Radar,179,179,52,17,427,0,0,4,1,5,179,179,56,18,432,0,0,0,432
12/19/2006,SDF,KY,ASO,CE,Combined TRACON& Tower with Radar,466,219,47,17,749,0,1,8,7,16,466,220,55,24,765,0,0,0,765
12/20/2006,SDF,KY,ASO,CE,Combined TRACON& Tower with Radar,0,0,0,0,0,465,213,68,15,761,465,213,68,15,761,0,0,0,761
12/21/2006,SDF,KY,ASO,CE,Combined TRACON& Tower with Radar,469,208,39,8,724,0,0,0,0,0,469,208,39,8,724,0,0,0,724
12/22/2006,SDF,KY,ASO,CE,Combined TRACON& Tower with Radar,460,177,21,4,662,0,1,9,1,11,460,178,30,5,673,0,0,0,673
12/23/2006,SDF,KY,ASO,CE,Combined TRACON& Tower with Radar,357,158,25,10,550,0,0,9,0,9,357,158,34,10,559,0,0,0,559
12/24/2006,SDF,KY,ASO,CE,Combined TRACON& Tower with Radar,75,123,11,8,217,0,0,0,0,0,75,123,11,8,217,0,0,0,217
12/25/2006,SDF,KY,ASO,CE,Combined TRACON& Tower with Radar,57,133,7,2,199,0,0,0,0,0,57,133,7,2,199,0,0,0,199
12/26/2006,SDF,KY,ASO,CE,Combined TRACON& Tower with Radar,218,179,33,8,438,0,0,5,0,5,218,179,38,8,443,0,0,0,443
12/27/2006,SDF,KY,ASO,CE,Combined TRACON& Tower with Radar,331,188,26,14,559,0,0,8,0,8,331,188,34,14,567,0,0,0,567
12/28/2006,SDF,KY,ASO,CE,Combined TRACON& Tower with Radar,337,185,22,7,551,0,0,7,1,8,337,185,29,8,559,0,0,0,559
12/29/2006,SDF,KY,ASO,CE,Combined TRACON& Tower with Radar,322,171,24,14,531,0,0,5,6,11,322,171,29,20,542,0,0,0,542
12/30/2006,SDF,KY,ASO,CE,Combined TRACON& Tower with Radar,274,145,15,6,440,1,19,131,3,154,275,164,146,9,594,0,0,0,594
12/31/2006,SDF,KY,ASO,CE,Combined TRACON& Tower with Radar,72,113,12,3,200,0,0,0,0,0,72,113,12,3,200,0,0,0,200
01/01/2007,SDF,KY,ASO,CE,Combined TRACON& Tower with Radar,57,133,15,1,206,0,0,0,0,0,57,133,15,1,206,0,0,0,206
01/02/2007,SDF,KY,ASO,CE,Combined TRACON& Tower with Radar,205,172,46,11,434,0,0,10,0,10,205,172,56,11,444,3,0,3,447
01/03/2007,SDF,KY,ASO,CE,Combined TRACON& Tower with Radar,363,203,40,7,613,0,0,55,0,55,363,203,95,7,668,0,0,0,668
01/04/2007,SDF,KY,ASO,CE,Combined TRACON& Tower with Radar,336,195,37,20,588,0,0,8,4,12,336,195,45,24,600,0,0,0,600
01/05/2007,SDF,KY,ASO,CE,Combined TRACON& Tower with Radar,295,199,26,14,534,0,0,4,0,4,295,199,30,14,538,0,0,0,538
01/06/2007,SDF,KY,ASO,CE,Combined TRACON& Tower with Radar,188,133,21,8,350,0,0,7,4,11,188,133,28,12,361,0,0,0,361
01/07/2007,SDF,KY,ASO,CE,Combined TRACON& Tower with Radar,82,136,23,12,253,0,0,2,0,2,82,136,25,12,255,0,0,0,255
01/08/2007,SDF,KY,ASO,CE,Combined TRACON& Tower with Radar,111,166,29,13,319,0,0,4,0,4,111,166,33,13,323,0,0,0,323
01/09/2007,SDF,KY,ASO,CE,Combined TRACON& Tower with Radar,336,201,29,11,577,0,0,1,3,4,336,201,30,14,581,0,0,0,581
01/10/2007,SDF,KY,ASO,CE,Combined TRACON& Tower with Radar,331,200,47,11,589,0,1,10,5,16,331,201,57,16,605,0,0,0,605
01/11/2007,SDF,KY,ASO,CE,Combined TRACON& Tower with Radar,337,206,46,20,609,0,0,10,7,17,337,206,56,27,626,0,0,0,626
01/12/2007,SDF,KY,ASO,CE,Combined TRACON& Tower with Radar,321,170,30,0,521,0,3,4,0,7,321,173,34,0,528,0,0,0,528
01/13/2007,SDF,KY,ASO,CE,Combined TRACON& Tower with Radar,208,100,15,1,324,0,0,0,0,0,208,100,15,1,324,0,0,0,324
01/14/2007,SDF,KY,ASO,CE,Combined TRACON& Tower with Radar,115,100,15,2,232,0,0,0,0,0,115,100,15,2,232,0,0,0,232
01/15/2007,SDF,KY,ASO,CE,Combined TRACON& Tower with Radar,151,121,23,2,297,0,0,1,0,1,151,121,24,2,298,0,0,0,298
01/16/2007,SDF,KY,ASO,CE,Combined TRACON& Tower with Radar,365,157,63,6,591,0,0,7,0,7,365,157,70,6,598,0,0,0,598
01/17/2007,SDF,KY,ASO,CE,Combined TRACON& Tower with Radar,364,179,51,6,600,0,1,10,3,14,364,180,61,9,614,0,0,0,614
01/18/2007,SDF,KY,ASO,CE,Combined TRACON& Tower with Radar,361,167,58,5,591,0,0,4,1,5,361,167,62,6,596,0,0,0,596
01/19/2007,SDF,KY,ASO,CE,Combined TRACON& Tower with Radar,325,173,34,2,534,0,1,4,0,5,325,174,38,2,539,0,0,0,539
01/20/2007,SDF,KY,ASO,CE,Combined TRACON& Tower with Radar,207,103,13,7,330,0,2,4,2,8,207,105,17,9,338,0,0,0,338
01/21/2007,SDF,KY,ASO,CE,Combined TRACON& Tower with Radar,111,102,9,2,224,0,0,0,0,0,111,102,9,2,224,0,0,0,224
01/22/2007,SDF,KY,ASO,CE,Combined TRACON& Tower with Radar,141,143,26,5,315,0,2,0,4,6,141,145,26,9,321,0,0,0,321
01/23/2007,SDF,KY,ASO,CE,Combined TRACON& Tower with Radar,367,177,28,3,575,0,2,0,7,9,367,179,28,10,584,0,0,0,584
01/24/2007,SDF,KY,ASO,CE,Combined TRACON& Tower with Radar,368,170,37,7,582,0,1,0,0,1,368,171,37,7,583,2,0,2,585
01/25/2007,SDF,KY,ASO,CE,Combined TRACON& Tower with Radar,369,180,28,3,580,0,0,4,1,5,369,180,32,4,585,0,0,0,585
01/26/2007,SDF,KY,ASO,CE,Combined TRACON& Tower with Radar,308,180,36,9,533,0,4,7,0,11,308,184,43,9,544,1,0,1,545
01/27/2007,SDF,KY,ASO,CE,Combined TRACON& Tower with Radar,214,112,19,3,348,0,0,3,0,3,214,112,22,3,351,0,0,0,351
01/28/2007,SDF,KY,ASO,CE,Combined TRACON& Tower with Radar,108,101,19,4,232,0,1,0,0,1,108,102,19,4,233,0,0,0,233
01/29/2007,SDF,KY,ASO,CE,Combined TRACON& Tower with Radar,143,142,21,4,310,0,0,1,2,3,143,142,22,6,313,0,0,0,313
01/30/2007,SDF,KY,ASO,CE,Combined TRACON& Tower with Radar,361,170,27,8,566,0,0,3,8,11,361,170,30,16,577,0,0,0,577
01/31/2007,SDF,KY,ASO,CE,Combined TRACON& Tower with Radar,361,186,57,7,611,0,0,2,5,7,361,186,59,12,618,0,0,0,618
02/01/2007,SDF,KY,ASO,CE,Combined TRACON& Tower with Radar,352,179,38,8,577,0,0,0,0,0,352,179,38,8,577,0,0,0,577
02/02/2007,SDF,KY,ASO,CE,Combined TRACON& Tower with Radar,319,166,38,9,532,0,0,0,0,0,319,166,38,9,532,0,0,0,532
02/03/2007,SDF,KY,ASO,CE,Combined TRACON& Tower with Radar,201,100,8,6,315,0,1,3,0,4,201,101,11,6,319,0,0,0,319
02/04/2007,SDF,KY,ASO,CE,Combined TRACON& Tower with Radar,114,99,16,1,230,0,1,0,0,1,114,100,16,1,231,0,0,0,231
02/05/2007,SDF,KY,ASO,CE,Combined TRACON& Tower with Radar,137,157,30,2,326,0,1,2,0,3,137,158,32,2,329,0,0,0,329
02/06/2007,SDF,KY,ASO,CE,Combined TRACON& Tower with Radar,362,151,28,0,541,0,0,2,0,2,362,151,30,0,543,0,0,0,543
02/07/2007,SDF,KY,ASO,CE,Combined TRACON& Tower with Radar,369,172,20,8,569,0,3,2,2,7,369,175,22,10,576,0,0,0,576
02/08/2007,SDF,KY,ASO,CE,Combined TRACON& Tower with Radar,366,170,29,5,570,0,5,1,2,8,366,175,30,7,578,0,0,0,578
02/09/2007,SDF,KY,ASO,CE,Combined TRACON& Tower with Radar,321,173,35,2,531,0,0,6,0,6,321,173,41,2,537,0,0,0,537
02/10/2007,SDF,KY,ASO,CE,Combined TRACON& Tower with Radar,202,106,12,1,321,0,2,6,2,10,202,108,18,3,331,0,0,0,331
02/11/2007,SDF,KY,ASO,CE,Combined TRACON& Tower with Radar,113,109,18,4,244,0,0,1,0,1,113,109,19,4,245,0,0,0,245
02/12/2007,SDF,KY,ASO,CE,Combined TRACON& Tower with Radar,137,142,26,7,312,0,2,3,0,5,137,144,29,7,317,0,0,0,317
02/13/2007,SDF,KY,ASO,CE,Combined TRACON& Tower with Radar,379,149,19,2,549,0,0,1,0,1,379,149,20,2,550,0,0,0,550
02/14/2007,SDF,KY,ASO,CE,Combined TRACON& Tower with Radar,400,144,48,6,598,1,1,2,6,10,401,145,50,12,608,0,0,0,608
02/15/2007,SDF,KY,ASO,CE,Combined TRACON& Tower with Radar,389,182,75,4,650,0,2,6,6,14,389,184,81,10,664,0,0,0,664
02/16/2007,SDF,KY,ASO,CE,Combined TRACON& Tower with Radar,330,180,49,7,566,1,0,11,0,12,331,180,60,7,578,0,0,0,578
02/17/2007,SDF,KY,ASO,CE,Combined TRACON& Tower with Radar,207,110,7,2,326,0,0,0,0,0,207,110,7,2,326,0,0,0,326
02/18/2007,SDF,KY,ASO,CE,Combined TRACON& Tower with Radar,110,112,24,1,247,0,0,7,0,7,110,112,31,1,254,0,0,0,254
02/19/2007,SDF,KY,ASO,CE,Combined TRACON& Tower with Radar,137,134,22,2,295,0,2,1,0,3,137,136,23,2,298,0,0,0,298
02/20/2007,SDF,KY,ASO,CE,Combined TRACON& Tower with Radar,344,184,36,5,569,0,4,2,0,6,344,188,38,5,575,0,0,0,575
02/21/2007,SDF,KY,ASO,CE,Combined TRACON& Tower with Radar,360,234,65,5,664,9,1,3,3,16,369,235,68,8,680,0,0,0,680
02/22/2007,SDF,KY,ASO,CE,Combined TRACON& Tower with Radar,365,190,55,3,613,0,0,17,0,17,365,190,72,3,630,0,0,0,630
02/23/2007,SDF,KY,ASO,CE,Combined TRACON& Tower with Radar,307,185,33,8,533,0,2,14,4,20,307,187,47,12,553,0,0,0,553
02/24/2007,SDF,KY,ASO,CE,Combined TRACON& Tower with Radar,199,110,11,8,328,1,0,7,0,8,200,110,18,8,336,0,0,0,336
02/25/2007,SDF,KY,ASO,CE,Combined TRACON& Tower with Radar,93,92,19,4,208,0,3,4,0,7,93,95,23,4,215,0,0,0,215
02/26/2007,SDF,KY,ASO,CE,Combined TRACON& Tower with Radar,137,136,36,10,319,0,2,7,2,11,137,138,43,12,330,0,0,0,330
02/27/2007,SDF,KY,ASO,CE,Combined TRACON& Tower with Radar,363,183,31,9,586,0,2,9,10,21,363,185,40,19,607,0,0,0,607
02/28/2007,SDF,KY,ASO,CE,Combined TRACON& Tower with Radar,360,186,43,8,597,0,2,12,5,19,360,188,55,13,616,0,0,0,616
03/01/2007,SDF,KY,ASO,CE,Combined TRACON& Tower with Radar,347,164,30,5,546,0,3,2,0,5,347,167,32,5,551,0,0,0,551
03/02/2007,SDF,KY,ASO,CE,Combined TRACON& Tower with Radar,317,155,33,4,509,0,0,2,0,2,317,155,35,4,511,0,0,0,511
03/03/2007,SDF,KY,ASO,CE,Combined TRACON& Tower with Radar,206,103,27,10,346,0,3,2,2,7,206,106,29,12,353,0,0,0,353
03/04/2007,SDF,KY,ASO,CE,Combined TRACON& Tower with Radar,106,111,18,5,240,0,0,3,1,4,106,111,21,6,244,0,0,0,244
03/05/2007,SDF,KY,ASO,CE,Combined TRACON& Tower with Radar,146,141,35,4,326,0,2,7,2,11,146,143,42,6,337,0,0,0,337
03/06/2007,SDF,KY,ASO,CE,Combined TRACON& Tower with Radar,350,168,30,6,554,0,2,7,3,12,350,170,37,9,566,0,0,0,566
03/07/2007,SDF,KY,ASO,CE,Combined TRACON& Tower with Radar,355,168,38,5,566,0,1,1,3,5,355,169,39,8,571,0,0,0,571
03/08/2007,SDF,KY,ASO,CE,Combined TRACON& Tower with Radar,350,188,31,9,578,0,0,10,4,14,350,188,41,13,592,0,0,0,592
03/09/2007,SDF,KY,ASO,CE,Combined TRACON& Tower with Radar,300,168,25,9,502,0,0,10,1,11,300,168,35,10,513,0,0,0,513
03/10/2007,SDF,KY,ASO,CE,Combined TRACON& Tower with Radar,208,109,14,3,334,0,2,5,0,7,208,111,19,3,341,0,0,0,341
03/11/2007,SDF,KY,ASO,CE,Combined TRACON& Tower with Radar,109,119,24,9,261,0,0,14,0,14,109,119,38,9,275,0,0,0,275
03/12/2007,SDF,KY,ASO,CE,Combined TRACON& Tower with Radar,141,152,26,1,320,0,1,8,0,9,141,153,34,1,329,0,0,0,329
03/13/2007,SDF,KY,ASO,CE,Combined TRACON& Tower with Radar,351,187,30,2,570,0,7,7,5,19,351,194,37,7,589,0,0,0,589
03/14/2007,SDF,KY,ASO,CE,Combined TRACON& Tower with Radar,346,168,38,7,559,0,0,3,1,4,346,168,41,8,563,0,0,0,563
03/15/2007,SDF,KY,ASO,CE,Combined TRACON& Tower with Radar,340,182,31,2,555,0,0,2,0,2,340,182,33,2,557,0,0,0,557
03/16/2007,SDF,KY,ASO,CE,Combined TRACON& Tower with Radar,296,151,20,6,473,0,2,8,0,10,296,153,28,6,483,2,0,2,485
03/17/2007,SDF,KY,ASO,CE,Combined TRACON& Tower with Radar,229,103,19,5,356,0,2,4,4,10,229,105,23,9,366,0,0,0,366
03/18/2007,SDF,KY,ASO,CE,Combined TRACON& Tower with Radar,111,115,21,2,249,0,0,6,0,6,111,115,27,2,255,0,0,0,255
03/19/2007,SDF,KY,ASO,CE,Combined TRACON& Tower with Radar,139,143,33,12,327,0,0,0,0,0,139,143,33,12,327,0,0,0,327
03/20/2007,SDF,KY,ASO,CE,Combined TRACON& Tower with Radar,361,207,46,9,623,0,0,1,0,1,361,207,47,9,624,0,0,0,624
03/21/2007,SDF,KY,ASO,CE,Combined TRACON& Tower with Radar,354,180,62,7,603,0,6,5,3,14,354,186,67,10,617,0,0,0,617
03/22/2007,SDF,KY,ASO,CE,Combined TRACON& Tower with Radar,354,176,96,6,632,0,0,9,1,10,354,176,105,7,642,0,0,0,642
03/23/2007,SDF,KY,ASO,CE,Combined TRACON& Tower with Radar,316,177,54,12,559,0,4,3,1,8,316,181,57,13,567,0,0,0,567
03/24/2007,SDF,KY,ASO,CE,Combined TRACON& Tower with Radar,209,114,31,4,358,0,1,7,0,8,209,115,38,4,366,0,0,0,366
03/25/2007,SDF,KY,ASO,CE,Combined TRACON& Tower with Radar,107,112,12,4,235,0,0,3,0,3,107,112,15,4,238,4,0,4,242
03/26/2007,SDF,KY,ASO,CE,Combined TRACON& Tower with Radar,152,144,26,2,324,0,1,8,5,14,152,145,34,7,338,0,0,0,338
03/27/2007,SDF,KY,ASO,CE,Combined TRACON& Tower with Radar,356,178,59,7,600,0,7,6,9,22,356,185,65,16,622,0,0,0,622
03/28/2007,SDF,KY,ASO,CE,Combined TRACON& Tower with Radar,351,169,59,5,584,0,0,1,2,3,351,169,60,7,587,0,0,0,587
03/29/2007,SDF,KY,ASO,CE,Combined TRACON& Tower with Radar,359,180,58,7,604,0,1,2,2,5,359,181,60,9,609,0,0,0,609
03/30/2007,SDF,KY,ASO,CE,Combined TRACON& Tower with Radar,312,174,27,2,515,0,2,7,3,12,312,176,34,5,527,0,0,0,527
03/31/2007,SDF,KY,ASO,CE,Combined TRACON& Tower with Radar,222,104,12,10,348,0,2,19,0,21,222,106,31,10,369,0,0,0,369
04/01/2007,SDF,KY,ASO,CE,Combined TRACON& Tower with Radar,113,118,24,3,258,0,0,5,0,5,113,118,29,3,263,0,0,0,263
04/02/2007,SDF,KY,ASO,CE,Combined TRACON& Tower with Radar,150,144,22,3,319,0,2,5,3,10,150,146,27,6,329,0,0,0,329
04/03/2007,SDF,KY,ASO,CE,Combined TRACON& Tower with Radar,345,161,43,1,550,0,0,4,1,5,345,161,47,2,555,0,0,0,555
04/04/2007,SDF,KY,ASO,CE,Combined TRACON& Tower with Radar,365,170,43,10,588,0,8,20,2,30,365,178,63,12,618,0,0,0,618
04/05/2007,SDF,KY,ASO,CE,Combined TRACON& Tower with Radar,355,187,54,4,600,0,2,17,5,24,355,189,71,9,624,0,0,0,624
04/06/2007,SDF,KY,ASO,CE,Combined TRACON& Tower with Radar,301,166,32,3,502,0,2,11,0,13,301,168,43,3,515,0,0,0,515
04/07/2007,SDF,KY,ASO,CE,Combined TRACON& Tower with Radar,204,115,20,0,339,0,4,0,0,4,204,119,20,0,343,0,0,0,343
04/08/2007,SDF,KY,ASO,CE,Combined TRACON& Tower with Radar,108,113,17,0,238,0,2,3,0,5,108,115,20,0,243,0,0,0,243
04/09/2007,SDF,KY,ASO,CE,Combined TRACON& Tower with Radar,145,139,25,4,313,0,3,5,2,10,145,142,30,6,323,0,0,0,323
04/10/2007,SDF,KY,ASO,CE,Combined TRACON& Tower with Radar,353,169,34,4,560,0,0,11,7,18,353,169,45,11,578,0,0,0,578
04/11/2007,SDF,KY,ASO,CE,Combined TRACON& Tower with Radar,353,163,29,5,550,0,2,0,0,2,353,165,29,5,552,0,0,0,552
04/12/2007,SDF,KY,ASO,CE,Combined TRACON& Tower with Radar,348,174,31,8,561,0,0,2,7,9,348,174,33,15,570,0,0,0,570
04/13/2007,SDF,KY,ASO,CE,Combined TRACON& Tower with Radar,312,159,27,9,507,0,0,6,3,9,312,159,33,12,516,0,0,0,516
04/14/2007,SDF,KY,ASO,CE,Combined TRACON& Tower with Radar,214,111,15,5,345,0,0,0,0,0,214,111,15,5,345,0,0,0,345
04/15/2007,SDF,KY,ASO,CE,Combined TRACON& Tower with Radar,116,115,31,5,267,0,0,4,2,6,116,115,35,7,273,0,0,0,273
04/16/2007,SDF,KY,ASO,CE,Combined TRACON& Tower with Radar,149,138,42,6,335,0,5,6,6,17,149,143,48,12,352,0,0,0,352
04/17/2007,SDF,KY,ASO,CE,Combined TRACON& Tower with Radar,357,179,46,9,591,0,0,9,8,17,357,179,55,17,608,0,0,0,608
04/18/2007,SDF,KY,ASO,CE,Combined TRACON& Tower with Radar,358,179,34,8,579,0,1,3,11,15,358,180,37,19,594,0,0,0,594
04/19/2007,SDF,KY,ASO,CE,Combined TRACON& Tower with Radar,350,175,34,18,577,0,3,1,5,9,350,178,35,23,586,0,0,0,586
04/20/2007,SDF,KY,ASO,CE,Combined TRACON& Tower with Radar,317,173,43,26,559,0,0,9,23,32,317,173,52,49,591,0,0,0,591
04/21/2007,SDF,KY,ASO,CE,Combined TRACON& Tower with Radar,198,114,14,8,334,0,5,15,36,56,198,119,29,44,390,0,0,0,390
04/22/2007,SDF,KY,ASO,CE,Combined TRACON& Tower with Radar,112,114,19,22,267,0,4,10,2,16,112,118,29,24,283,0,0,0,283
04/23/2007,SDF,KY,ASO,CE,Combined TRACON& Tower with Radar,145,150,33,13,341,0,0,1,4,5,145,150,34,17,346,0,0,0,346
04/24/2007,SDF,KY,ASO,CE,Combined TRACON& Tower with Radar,339,179,46,4,568,0,2,4,5,11,339,181,50,9,579,0,0,0,579
04/25/2007,SDF,KY,ASO,CE,Combined TRACON& Tower with Radar,363,173,34,6,576,1,6,8,5,20,364,179,42,11,596,0,0,0,596
04/26/2007,SDF,KY,ASO,CE,Combined TRACON& Tower with Radar,349,177,23,7,556,0,1,5,0,6,349,178,28,7,562,0,0,0,562
04/27/2007,SDF,KY,ASO,CE,Combined TRACON& Tower with Radar,329,181,34,13,557,0,3,12,2,17,329,184,46,15,574,7,0,7,581
04/28/2007,SDF,KY,ASO,CE,Combined TRACON& Tower with Radar,229,109,31,1,370,0,0,12,0,12,229,109,43,1,382,0,0,0,382
04/29/2007,SDF,KY,ASO,CE,Combined TRACON& Tower with Radar,113,115,30,10,268,0,1,14,0,15,113,116,44,10,283,0,0,0,283
04/30/2007,SDF,KY,ASO,CE,Combined TRACON& Tower with Radar,148,139,34,11,332,0,0,13,2,15,148,139,47,13,347,0,0,0,347
05/01/2007,SDF,KY,ASO,CE,Combined TRACON& Tower with Radar,351,186,34,9,580,0,1,21,5,27,351,187,55,14,607,0,0,0,607
05/02/2007,SDF,KY,ASO,CE,Combined TRACON& Tower with Radar,367,187,44,3,601,0,2,3,0,5,367,189,47,3,606,0,0,0,606
05/03/2007,SDF,KY,ASO,CE,Combined TRACON& Tower with Radar,394,286,211,10,901,0,0,1,0,1,394,286,212,10,902,0,0,0,902
05/04/2007,SDF,KY,ASO,CE,Combined TRACON& Tower with Radar,341,264,164,9,778,0,0,26,0,26,341,264,190,9,804,0,0,0,804
05/05/2007,SDF,KY,ASO,CE,Combined TRACON& Tower with Radar,225,228,212,1,666,0,2,70,18,90,225,230,282,19,756,0,0,0,756
05/06/2007,SDF,KY,ASO,CE,Combined TRACON& Tower with Radar,180,257,236,4,677,0,6,6,0,12,180,263,242,4,689,0,0,0,689
05/07/2007,SDF,KY,ASO,CE,Combined TRACON& Tower with Radar,175,138,28,5,346,0,0,12,3,15,175,138,40,8,361,0,0,0,361
05/08/2007,SDF,KY,ASO,CE,Combined TRACON& Tower with Radar,363,173,29,7,572,0,4,6,6,16,363,177,35,13,588,0,0,0,588
05/09/2007,SDF,KY,ASO,CE,Combined TRACON& Tower with Radar,364,184,40,3,591,0,0,0,6,6,364,184,40,9,597,0,0,0,597
05/10/2007,SDF,KY,ASO,CE,Combined TRACON& Tower with Radar,370,180,35,6,591,0,2,4,4,10,370,182,39,10,601,0,0,0,601
05/11/2007,SDF,KY,ASO,CE,Combined TRACON& Tower with Radar,333,179,33,3,548,0,1,3,1,5,333,180,36,4,553,0,0,0,553
05/12/2007,SDF,KY,ASO,CE,Combined TRACON& Tower with Radar,239,112,18,5,374,0,2,2,0,4,239,114,20,5,378,0,0,0,378
05/13/2007,SDF,KY,ASO,CE,Combined TRACON& Tower with Radar,122,131,7,5,265,0,2,5,0,7,122,133,12,5,272,0,0,0,272
05/14/2007,SDF,KY,ASO,CE,Combined TRACON& Tower with Radar,154,149,24,6,333,0,2,3,3,8,154,151,27,9,341,0,0,0,341
05/15/2007,SDF,KY,ASO,CE,Combined TRACON& Tower with Radar,366,178,20,4,568,0,1,4,3,8,366,179,24,7,576,0,0,0,576
05/16/2007,SDF,KY,ASO,CE,Combined TRACON& Tower with Radar,374,182,49,10,615,0,0,1,0,1,374,182,50,10,616,0,0,0,616
05/17/2007,SDF,KY,ASO,CE,Combined TRACON& Tower with Radar,371,186,58,5,620,0,3,1,2,6,371,189,59,7,626,0,0,0,626
05/18/2007,SDF,KY,ASO,CE,Combined TRACON& Tower with Radar,326,175,41,5,547,0,0,10,0,10,326,175,51,5,557,0,0,0,557
05/19/2007,SDF,KY,ASO,CE,Combined TRACON& Tower with Radar,222,116,27,4,369,0,0,9,2,11,222,116,36,6,380,0,0,0,380
05/20/2007,SDF,KY,ASO,CE,Combined TRACON& Tower with Radar,123,122,26,3,274,0,0,9,0,9,123,122,35,3,283,0,0,0,283
05/21/2007,SDF,KY,ASO,CE,Combined TRACON& Tower with Radar,153,144,41,3,341,0,1,3,3,7,153,145,44,6,348,0,0,0,348
05/22/2007,SDF,KY,ASO,CE,Combined TRACON& Tower with Radar,353,177,49,6,585,0,0,7,5,12,353,177,56,11,597,0,0,0,597
05/23/2007,SDF,KY,ASO,CE,Combined TRACON& Tower with Radar,363,191,46,8,608,0,3,1,8,12,363,194,47,16,620,1,0,1,621
05/24/2007,SDF,KY,ASO,CE,Combined TRACON& Tower with Radar,357,194,55,6,612,0,0,5,4,9,357,194,60,10,621,0,0,0,621
05/25/2007,SDF,KY,ASO,CE,Combined TRACON& Tower with Radar,321,168,36,5,530,0,1,16,0,17,321,169,52,5,547,0,0,0,547
05/26/2007,SDF,KY,ASO,CE,Combined TRACON& Tower with Radar,218,118,8,2,346,0,1,5,0,6,218,119,13,2,352,0,0,0,352
05/27/2007,SDF,KY,ASO,CE,Combined TRACON& Tower with Radar,104,98,6,3,211,0,0,4,0,4,104,98,10,3,215,0,0,0,215
05/28/2007,SDF,KY,ASO,CE,Combined TRACON& Tower with Radar,110,132,18,5,265,0,3,3,0,6,110,135,21,5,271,0,0,0,271
05/29/2007,SDF,KY,ASO,CE,Combined TRACON& Tower with Radar,210,175,25,10,420,0,2,5,4,11,210,177,30,14,431,0,0,0,431
05/30/2007,SDF,KY,ASO,CE,Combined TRACON& Tower with Radar,373,201,43,6,623,0,2,2,2,6,373,203,45,8,629,0,0,0,629
05/31/2007,SDF,KY,ASO,CE,Combined TRACON& Tower with Radar,361,176,53,5,595,0,2,8,2,12,361,178,61,7,607,0,0,0,607
06/01/2007,SDF,KY,ASO,CE,Combined TRACON& Tower with Radar,325,183,36,3,547,0,0,5,0,5,325,183,41,3,552,0,0,0,552
06/02/2007,SDF,KY,ASO,CE,Combined TRACON& Tower with Radar,226,123,24,4,377,0,1,4,0,5,226,124,28,4,382,0,0,0,382
06/03/2007,SDF,KY,ASO,CE,Combined TRACON& Tower with Radar,118,122,25,1,266,0,4,1,0,5,118,126,26,1,271,0,0,0,271
06/04/2007,SDF,KY,ASO,CE,Combined TRACON& Tower with Radar,151,154,27,3,335,0,3,0,4,7,151,157,27,7,342,0,0,0,342
06/05/2007,SDF,KY,ASO,CE,Combined TRACON& Tower with Radar,364,181,32,6,583,0,2,11,5,18,364,183,43,11,601,0,0,0,601
06/06/2007,SDF,KY,ASO,CE,Combined TRACON& Tower with Radar,379,198,55,3,635,0,2,14,7,23,379,200,69,10,658,2,0,2,660
06/07/2007,SDF,KY,ASO,CE,Combined TRACON& Tower with Radar,369,191,51,9,620,0,0,5,1,6,369,191,56,10,626,0,0,0,626
06/08/2007,SDF,KY,ASO,CE,Combined TRACON& Tower with Radar,327,166,41,12,546,0,4,3,0,7,327,170,44,12,553,0,0,0,553
06/09/2007,SDF,KY,ASO,CE,Combined TRACON& Tower with Radar,232,135,13,4,384,0,0,10,2,12,232,135,23,6,396,0,0,0,396
06/10/2007,SDF,KY,ASO,CE,Combined TRACON& Tower with Radar,142,134,24,4,304,0,3,6,0,9,142,137,30,4,313,0,0,0,313
06/11/2007,SDF,KY,ASO,CE,Combined TRACON& Tower with Radar,158,160,40,5,363,0,0,8,7,15,158,160,48,12,378,0,0,0,378
06/12/2007,SDF,KY,ASO,CE,Combined TRACON& Tower with Radar,354,175,41,6,576,0,3,1,4,8,354,178,42,10,584,0,0,0,584
06/13/2007,SDF,KY,ASO,CE,Combined TRACON& Tower with Radar,359,178,35,6,578,0,1,7,4,12,359,179,42,10,590,0,0,0,590
06/14/2007,SDF,KY,ASO,CE,Combined TRACON& Tower with Radar,362,188,32,6,588,0,2,8,3,13,362,190,40,9,601,0,0,0,601
06/15/2007,SDF,KY,ASO,CE,Combined TRACON& Tower with Radar,319,179,35,14,547,0,5,11,1,17,319,184,46,15,564,0,0,0,564
06/16/2007,SDF,KY,ASO,CE,Combined TRACON& Tower with Radar,216,127,27,4,374,0,1,3,5,9,216,128,30,9,383,0,0,0,383
06/17/2007,SDF,KY,ASO,CE,Combined TRACON& Tower with Radar,128,125,14,5,272,0,2,6,1,9,128,127,20,6,281,0,0,0,281
06/18/2007,SDF,KY,ASO,CE,Combined TRACON& Tower with Radar,163,147,29,6,345,0,2,5,4,11,163,149,34,10,356,0,0,0,356
06/19/2007,SDF,KY,ASO,CE,Combined TRACON& Tower with Radar,362,171,45,9,587,0,2,2,3,7,362,173,47,12,594,0,0,0,594
06/20/2007,SDF,KY,ASO,CE,Combined TRACON& Tower with Radar,375,181,45,6,607,0,1,7,5,13,375,182,52,11,620,0,0,0,620
06/21/2007,SDF,KY,ASO,CE,Combined TRACON& Tower with Radar,361,180,46,9,596,0,1,12,6,19,361,181,58,15,615,0,0,0,615
06/22/2007,SDF,KY,ASO,CE,Combined TRACON& Tower with Radar,335,181,29,9,554,0,1,2,0,3,335,182,31,9,557,0,0,0,557
06/23/2007,SDF,KY,ASO,CE,Combined TRACON& Tower with Radar,216,129,17,8,370,0,0,1,0,1,216,129,18,8,371,0,0,0,371
06/24/2007,SDF,KY,ASO,CE,Combined TRACON& Tower with Radar,120,121,23,1,265,1,1,0,0,2,121,122,23,1,267,0,0,0,267
06/25/2007,SDF,KY,ASO,CE,Combined TRACON& Tower with Radar,150,157,30,8,345,0,0,5,9,14,150,157,35,17,359,0,0,0,359
06/26/2007,SDF,KY,ASO,CE,Combined TRACON& Tower with Radar,369,184,37,1,591,0,2,3,2,7,369,186,40,3,598,0,0,0,598
06/27/2007,SDF,KY,ASO,CE,Combined TRACON& Tower with Radar,380,178,60,10,628,0,0,7,6,13,380,178,67,16,641,0,0,0,641
06/28/2007,SDF,KY,ASO,CE,Combined TRACON& Tower with Radar,378,199,44,6,627,0,1,2,4,7,378,200,46,10,634,0,0,0,634
06/29/2007,SDF,KY,ASO,CE,Combined TRACON& Tower with Radar,342,193,55,10,600,0,4,2,2,8,342,197,57,12,608,0,0,0,608
06/30/2007,SDF,KY,ASO,CE,Combined TRACON& Tower with Radar,221,136,23,6,386,0,1,10,0,11,221,137,33,6,397,0,0,0,397
07/01/2007,SDF,KY,ASO,CE,Combined TRACON& Tower with Radar,122,132,18,2,274,0,0,2,0,2,122,132,20,2,276,0,0,0,276
07/02/2007,SDF,KY,ASO,CE,Combined TRACON& Tower with Radar,160,136,25,13,334,0,2,3,1,6,160,138,28,14,340,0,0,0,340
07/03/2007,SDF,KY,ASO,CE,Combined TRACON& Tower with Radar,355,162,29,2,548,0,2,4,1,7,355,164,33,3,555,0,0,0,555
07/04/2007,SDF,KY,ASO,CE,Combined TRACON& Tower with Radar,177,124,4,0,305,0,0,0,0,0,177,124,4,0,305,0,0,0,305
07/05/2007,SDF,KY,ASO,CE,Combined TRACON& Tower with Radar,281,142,22,4,449,0,0,16,0,16,281,142,38,4,465,0,0,0,465
07/06/2007,SDF,KY,ASO,CE,Combined TRACON& Tower with Radar,321,158,23,3,505,0,4,11,4,19,321,162,34,7,524,0,0,0,524
07/07/2007,SDF,KY,ASO,CE,Combined TRACON& Tower with Radar,217,127,5,1,350,0,2,10,0,12,217,129,15,1,362,0,0,0,362
07/08/2007,SDF,KY,ASO,CE,Combined TRACON& Tower with Radar,120,127,28,1,276,0,2,8,0,10,120,129,36,1,286,4,0,4,290
07/09/2007,SDF,KY,ASO,CE,Combined TRACON& Tower with Radar,157,142,41,3,343,0,1,27,0,28,157,143,68,3,371,0,0,0,371
07/10/2007,SDF,KY,ASO,CE,Combined TRACON& Tower with Radar,363,158,29,4,554,0,0,1,3,4,363,158,30,7,558,0,0,0,558
07/11/2007,SDF,KY,ASO,CE,Combined TRACON& Tower with Radar,377,164,51,7,599,0,2,2,5,9,377,166,53,12,608,0,0,0,608
07/12/2007,SDF,KY,ASO,CE,Combined TRACON& Tower with Radar,368,185,36,8,597,0,0,9,1,10,368,185,45,9,607,0,0,0,607
07/13/2007,SDF,KY,ASO,CE,Combined TRACON& Tower with Radar,330,175,29,13,547,1,2,9,0,12,331,177,38,13,559,0,0,0,559
07/14/2007,SDF,KY,ASO,CE,Combined TRACON& Tower with Radar,212,128,22,5,367,0,0,4,0,4,212,128,26,5,371,4,0,4,375
07/15/2007,SDF,KY,ASO,CE,Combined TRACON& Tower with Radar,127,127,37,8,299,0,0,8,0,8,127,127,45,8,307,4,0,4,311
07/16/2007,SDF,KY,ASO,CE,Combined TRACON& Tower with Radar,162,145,37,8,352,0,3,4,1,8,162,148,41,9,360,0,0,0,360
07/17/2007,SDF,KY,ASO,CE,Combined TRACON& Tower with Radar,365,182,39,6,592,0,0,4,0,4,365,182,43,6,596,0,0,0,596
07/18/2007,SDF,KY,ASO,CE,Combined TRACON& Tower with Radar,360,177,40,4,581,0,0,4,0,4,360,177,44,4,585,0,0,0,585
07/19/2007,SDF,KY,ASO,CE,Combined TRACON& Tower with Radar,355,183,39,1,578,3,0,4,10,17,358,183,43,11,595,6,0,6,601
07/20/2007,SDF,KY,ASO,CE,Combined TRACON& Tower with Radar,335,177,26,8,546,0,2,6,3,11,335,179,32,11,557,5,0,5,562
07/21/2007,SDF,KY,ASO,CE,Combined TRACON& Tower with Radar,217,132,19,11,379,0,0,9,2,11,217,132,28,13,390,14,0,14,404
07/22/2007,SDF,KY,ASO,CE,Combined TRACON& Tower with Radar,129,128,19,14,290,0,2,6,1,9,129,130,25,15,299,0,0,0,299
07/23/2007,SDF,KY,ASO,CE,Combined TRACON& Tower with Radar,169,155,31,6,361,8,1,3,0,12,177,156,34,6,373,10,0,10,383
07/24/2007,SDF,KY,ASO,CE,Combined TRACON& Tower with Radar,368,183,30,3,584,0,2,2,2,6,368,185,32,5,590,0,0,0,590
07/25/2007,SDF,KY,ASO,CE,Combined TRACON& Tower with Radar,371,180,51,3,605,0,0,8,1,9,371,180,59,4,614,18,0,18,632
07/26/2007,SDF,KY,ASO,CE,Combined TRACON& Tower with Radar,354,183,44,4,585,0,0,1,2,3,354,183,45,6,588,0,0,0,588
07/27/2007,SDF,KY,ASO,CE,Combined TRACON& Tower with Radar,314,164,32,7,517,0,0,2,0,2,314,164,34,7,519,18,0,18,537
07/28/2007,SDF,KY,ASO,CE,Combined TRACON& Tower with Radar,224,134,26,0,384,0,3,0,0,3,224,137,26,0,387,0,0,0,387
07/29/2007,SDF,KY,ASO,CE,Combined TRACON& Tower with Radar,130,122,21,0,273,0,0,5,0,5,130,122,26,0,278,0,0,0,278
07/30/2007,SDF,KY,ASO,CE,Combined TRACON& Tower with Radar,153,152,46,1,352,0,1,4,0,5,153,153,50,1,357,8,0,8,365
07/31/2007,SDF,KY,ASO,CE,Combined TRACON& Tower with Radar,363,185,35,2,585,0,0,9,1,10,363,185,44,3,595,0,0,0,595
08/01/2007,SDF,KY,ASO,CE,Combined TRACON& Tower with Radar,365,189,34,4,592,0,1,5,3,9,365,190,39,7,601,0,0,0,601
08/02/2007,SDF,KY,ASO,CE,Combined TRACON& Tower with Radar,363,176,55,4,598,0,0,4,0,4,363,176,59,4,602,0,0,0,602
08/03/2007,SDF,KY,ASO,CE,Combined TRACON& Tower with Radar,325,166,34,7,532,0,0,2,1,3,325,166,36,8,535,0,0,0,535
08/04/2007,SDF,KY,ASO,CE,Combined TRACON& Tower with Radar,215,135,15,5,370,0,0,7,0,7,215,135,22,5,377,0,0,0,377
08/05/2007,SDF,KY,ASO,CE,Combined TRACON& Tower with Radar,128,127,19,2,276,0,1,1,0,2,128,128,20,2,278,2,0,2,280
08/06/2007,SDF,KY,ASO,CE,Combined TRACON& Tower with Radar,170,137,34,5,346,8,2,6,0,16,178,139,40,5,362,4,0,4,366
08/07/2007,SDF,KY,ASO,CE,Combined TRACON& Tower with Radar,355,172,34,5,566,0,0,16,0,16,355,172,50,5,582,18,0,18,600
08/08/2007,SDF,KY,ASO,CE,Combined TRACON& Tower with Radar,365,177,32,2,576,0,0,3,0,3,365,177,35,2,579,30,0,30,609
08/09/2007,SDF,KY,ASO,CE,Combined TRACON& Tower with Radar,353,174,40,2,569,0,0,3,4,7,353,174,43,6,576,12,0,12,588
08/10/2007,SDF,KY,ASO,CE,Combined TRACON& Tower with Radar,330,172,21,3,526,0,0,1,0,1,330,172,22,3,527,2,0,2,529
08/11/2007,SDF,KY,ASO,CE,Combined TRACON& Tower with Radar,217,132,16,8,373,0,0,3,0,3,217,132,19,8,376,0,0,0,376
08/12/2007,SDF,KY,ASO,CE,Combined TRACON& Tower with Radar,128,135,31,7,301,0,2,11,0,13,128,137,42,7,314,1,0,1,315
08/13/2007,SDF,KY,ASO,CE,Combined TRACON& Tower with Radar,166,146,27,4,343,0,4,6,1,11,166,150,33,5,354,20,0,20,374
08/14/2007,SDF,KY,ASO,CE,Combined TRACON& Tower with Radar,365,175,33,3,576,10,0,5,0,15,375,175,38,3,591,0,0,0,591
08/15/2007,SDF,KY,ASO,CE,Combined TRACON& Tower with Radar,360,170,54,7,591,2,1,2,2,7,362,171,56,9,598,4,0,4,602
08/16/2007,SDF,KY,ASO,CE,Combined TRACON& Tower with Radar,349,176,57,7,589,0,3,2,4,9,349,179,59,11,598,0,0,0,598
08/17/2007,SDF,KY,ASO,CE,Combined TRACON& Tower with Radar,324,167,40,10,541,0,2,5,2,9,324,169,45,12,550,0,0,0,550
08/18/2007,SDF,KY,ASO,CE,Combined TRACON& Tower with Radar,219,127,11,2,359,0,3,11,0,14,219,130,22,2,373,0,0,0,373
08/19/2007,SDF,KY,ASO,CE,Combined TRACON& Tower with Radar,128,129,29,4,290,0,0,1,0,1,128,129,30,4,291,0,0,0,291
08/20/2007,SDF,KY,ASO,CE,Combined TRACON& Tower with Radar,162,147,54,0,363,0,4,6,0,10,162,151,60,0,373,2,0,2,375
08/21/2007,SDF,KY,ASO,CE,Combined TRACON& Tower with Radar,362,163,48,2,575,0,0,7,0,7,362,163,55,2,582,0,0,0,582
08/22/2007,SDF,KY,ASO,CE,Combined TRACON& Tower with Radar,361,181,47,14,603,0,0,2,7,9,361,181,49,21,612,12,0,12,624
08/23/2007,SDF,KY,ASO,CE,Combined TRACON& Tower with Radar,366,174,38,10,588,0,4,5,3,12,366,178,43,13,600,20,0,20,620
08/24/2007,SDF,KY,ASO,CE,Combined TRACON& Tower with Radar,324,168,35,2,529,0,1,6,0,7,324,169,41,2,536,0,0,0,536
08/25/2007,SDF,KY,ASO,CE,Combined TRACON& Tower with Radar,212,132,19,4,367,0,3,16,0,19,212,135,35,4,386,0,0,0,386
08/26/2007,SDF,KY,ASO,CE,Combined TRACON& Tower with Radar,131,148,47,3,329,0,2,8,1,11,131,150,55,4,340,0,0,0,340
08/27/2007,SDF,KY,ASO,CE,Combined TRACON& Tower with Radar,162,152,28,3,345,0,4,11,0,15,162,156,39,3,360,0,0,0,360
08/28/2007,SDF,KY,ASO,CE,Combined TRACON& Tower with Radar,362,179,57,10,608,0,1,3,4,8,362,180,60,14,616,18,0,18,634
08/29/2007,SDF,KY,ASO,CE,Combined TRACON& Tower with Radar,358,181,47,14,600,2,1,5,2,10,360,182,52,16,610,0,0,0,610
08/30/2007,SDF,KY,ASO,CE,Combined TRACON& Tower with Radar,372,190,44,10,616,0,1,11,1,13,372,191,55,11,629,2,0,2,631
08/31/2007,SDF,KY,ASO,CE,Combined TRACON& Tower with Radar,341,179,36,5,561,0,0,6,1,7,341,179,42,6,568,0,0,0,568
09/01/2007,SDF,KY,ASO,CE,Combined TRACON& Tower with Radar,212,129,12,1,354,0,2,7,2,11,212,131,19,3,365,0,0,0,365
09/02/2007,SDF,KY,ASO,CE,Combined TRACON& Tower with Radar,85,111,5,0,201,0,0,3,0,3,85,111,8,0,204,0,0,0,204
09/03/2007,SDF,KY,ASO,CE,Combined TRACON& Tower with Radar,111,134,15,2,262,0,0,4,0,4,111,134,19,2,266,0,0,0,266
09/04/2007,SDF,KY,ASO,CE,Combined TRACON& Tower with Radar,210,165,33,2,410,0,1,9,0,10,210,166,42,2,420,0,0,0,420
09/05/2007,SDF,KY,ASO,CE,Combined TRACON& Tower with Radar,359,175,31,4,569,0,0,5,0,5,359,175,36,4,574,20,0,20,594
09/06/2007,SDF,KY,ASO,CE,Combined TRACON& Tower with Radar,353,184,27,7,571,0,6,12,0,18,353,190,39,7,589,6,0,6,595
09/07/2007,SDF,KY,ASO,CE,Combined TRACON& Tower with Radar,322,204,30,7,563,0,2,10,2,14,322,206,40,9,577,0,0,0,577
09/08/2007,SDF,KY,ASO,CE,Combined TRACON& Tower with Radar,218,121,19,5,363,0,2,4,0,6,218,123,23,5,369,0,0,0,369
09/09/2007,SDF,KY,ASO,CE,Combined TRACON& Tower with Radar,138,135,13,7,293,0,1,0,0,1,138,136,13,7,294,0,0,0,294
09/10/2007,SDF,KY,ASO,CE,Combined TRACON& Tower with Radar,160,170,44,6,380,0,0,0,0,0,160,170,44,6,380,0,0,0,380
09/11/2007,SDF,KY,ASO,CE,Combined TRACON& Tower with Radar,366,169,39,7,581,0,0,1,1,2,366,169,40,8,583,0,0,0,583
09/12/2007,SDF,KY,ASO,CE,Combined TRACON& Tower with Radar,365,179,37,4,585,0,2,6,2,10,365,181,43,6,595,0,0,0,595
09/13/2007,SDF,KY,ASO,CE,Combined TRACON& Tower with Radar,350,186,51,7,594,0,0,4,5,9,350,186,55,12,603,4,0,4,607
09/14/2007,SDF,KY,ASO,CE,Combined TRACON& Tower with Radar,316,184,48,10,558,0,0,6,3,9,316,184,54,13,567,0,0,0,567
09/15/2007,SDF,KY,ASO,CE,Combined TRACON& Tower with Radar,208,123,14,9,354,0,1,10,1,12,208,124,24,10,366,8,0,8,374
09/16/2007,SDF,KY,ASO,CE,Combined TRACON& Tower with Radar,122,137,27,7,293,0,4,4,2,10,122,141,31,9,303,6,0,6,309
09/17/2007,SDF,KY,ASO,CE,Combined TRACON& Tower with Radar,166,155,26,10,357,0,0,4,2,6,166,155,30,12,363,0,0,0,363
09/18/2007,SDF,KY,ASO,CE,Combined TRACON& Tower with Radar,357,166,41,4,568,0,0,7,4,11,357,166,48,8,579,0,0,0,579
09/19/2007,SDF,KY,ASO,CE,Combined TRACON& Tower with Radar,356,186,44,7,593,0,0,6,2,8,356,186,50,9,601,0,0,0,601
09/20/2007,SDF,KY,ASO,CE,Combined TRACON& Tower with Radar,363,183,32,8,586,20,6,6,2,34,383,189,38,10,620,0,0,0,620
09/21/2007,SDF,KY,ASO,CE,Combined TRACON& Tower with Radar,325,185,28,18,556,0,0,2,8,10,325,185,30,26,566,0,0,0,566
09/22/2007,SDF,KY,ASO,CE,Combined TRACON& Tower with Radar,214,123,11,2,350,1,2,5,0,8,215,125,16,2,358,0,0,0,358
09/23/2007,SDF,KY,ASO,CE,Combined TRACON& Tower with Radar,138,130,17,5,290,0,0,8,3,11,138,130,25,8,301,0,0,0,301
09/24/2007,SDF,KY,ASO,CE,Combined TRACON& Tower with Radar,164,151,27,4,346,0,4,4,0,8,164,155,31,4,354,0,0,0,354
09/25/2007,SDF,KY,ASO,CE,Combined TRACON& Tower with Radar,354,159,31,11,555,0,0,3,3,6,354,159,34,14,561,0,0,0,561
09/26/2007,SDF,KY,ASO,CE,Combined TRACON& Tower with Radar,349,182,35,7,573,0,0,8,0,8,349,182,43,7,581,6,0,6,587
09/27/2007,SDF,KY,ASO,CE,Combined TRACON& Tower with Radar,360,191,47,3,601,0,0,1,2,3,360,191,48,5,604,0,0,0,604
09/28/2007,SDF,KY,ASO,CE,Combined TRACON& Tower with Radar,326,183,44,3,556,2,0,11,3,16,328,183,55,6,572,0,0,0,572
09/29/2007,SDF,KY,ASO,CE,Combined TRACON& Tower with Radar,220,122,16,1,359,0,1,9,0,10,220,123,25,1,369,0,0,0,369
09/30/2007,SDF,KY,ASO,CE,Combined TRACON& Tower with Radar,139,137,24,0,300,0,0,8,1,9,139,137,32,1,309,10,0,10,319
10/01/2007,SDF,KY,ASO,CE,Combined TRACON& Tower with Radar,165,165,20,1,351,0,0,4,0,4,165,165,24,1,355,0,0,0,355
10/02/2007,SDF,KY,ASO,CE,Combined TRACON& Tower with Radar,360,180,32,3,575,0,0,6,4,10,360,180,38,7,585,0,0,0,585
10/03/2007,SDF,KY,ASO,CE,Combined TRACON& Tower with Radar,357,177,33,2,569,0,1,7,4,12,357,178,40,6,581,0,0,0,581
10/04/2007,SDF,KY,ASO,CE,Combined TRACON& Tower with Radar,348,180,35,5,568,0,0,2,5,7,348,180,37,10,575,0,0,0,575
10/05/2007,SDF,KY,ASO,CE,Combined TRACON& Tower with Radar,314,172,31,9,526,0,0,8,0,8,314,172,39,9,534,0,0,0,534
10/06/2007,SDF,KY,ASO,CE,Combined TRACON& Tower with Radar,212,116,17,2,347,0,0,6,2,8,212,116,23,4,355,0,0,0,355
10/07/2007,SDF,KY,ASO,CE,Combined TRACON& Tower with Radar,122,138,33,3,296,0,3,6,0,9,122,141,39,3,305,0,0,0,305
10/08/2007,SDF,KY,ASO,CE,Combined TRACON& Tower with Radar,161,156,35,0,352,0,0,2,0,2,161,156,37,0,354,0,0,0,354
10/09/2007,SDF,KY,ASO,CE,Combined TRACON& Tower with Radar,360,175,29,6,570,0,0,8,2,10,360,175,37,8,580,11,0,11,591
10/10/2007,SDF,KY,ASO,CE,Combined TRACON& Tower with Radar,362,177,49,9,597,0,0,0,3,3,362,177,49,12,600,22,0,22,622
10/11/2007,SDF,KY,ASO,CE,Combined TRACON& Tower with Radar,355,179,37,4,575,0,1,4,4,9,355,180,41,8,584,0,0,0,584
10/12/2007,SDF,KY,ASO,CE,Combined TRACON& Tower with Radar,320,176,36,3,535,0,0,3,0,3,320,176,39,3,538,0,0,0,538
10/13/2007,SDF,KY,ASO,CE,Combined TRACON& Tower with Radar,215,126,28,3,372,0,1,8,0,9,215,127,36,3,381,0,0,0,381
10/14/2007,SDF,KY,ASO,CE,Combined TRACON& Tower with Radar,129,140,24,4,297,0,3,13,0,16,129,143,37,4,313,12,0,12,325
10/15/2007,SDF,KY,ASO,CE,Combined TRACON& Tower with Radar,159,165,70,4,398,0,0,0,4,4,159,165,70,8,402,0,0,0,402
10/16/2007,SDF,KY,ASO,CE,Combined TRACON& Tower with Radar,364,184,74,5,627,0,0,1,7,8,364,184,75,12,635,0,0,0,635
10/17/2007,SDF,KY,ASO,CE,Combined TRACON& Tower with Radar,356,181,66,10,613,0,0,0,0,0,356,181,66,10,613,0,0,0,613
10/18/2007,SDF,KY,ASO,CE,Combined TRACON& Tower with Radar,143,121,50,7,321,1,3,2,2,8,144,124,52,9,329,0,0,0,329
10/19/2007,SDF,KY,ASO,CE,Combined TRACON& Tower with Radar,347,179,36,11,573,0,3,3,3,9,347,182,39,14,582,0,0,0,582
10/20/2007,SDF,KY,ASO,CE,Combined TRACON& Tower with Radar,219,122,18,4,363,0,3,1,3,7,219,125,19,7,370,0,0,0,370
10/21/2007,SDF,KY,ASO,CE,Combined TRACON& Tower with Radar,134,133,26,6,299,0,0,4,2,6,134,133,30,8,305,0,0,0,305
10/22/2007,SDF,KY,ASO,CE,Combined TRACON& Tower with Radar,169,145,26,9,349,0,0,2,0,2,169,145,28,9,351,0,0,0,351
10/23/2007,SDF,KY,ASO,CE,Combined TRACON& Tower with Radar,372,177,50,6,605,0,0,0,0,0,372,177,50,6,605,0,0,0,605
10/24/2007,SDF,KY,ASO,CE,Combined TRACON& Tower with Radar,365,182,70,11,628,0,0,4,2,6,365,182,74,13,634,0,0,0,634
10/25/2007,SDF,KY,ASO,CE,Combined TRACON& Tower with Radar,365,182,64,8,619,0,0,1,2,3,365,182,65,10,622,0,0,0,622
10/26/2007,SDF,KY,ASO,CE,Combined TRACON& Tower with Radar,326,173,49,11,559,0,0,3,2,5,326,173,52,13,564,0,0,0,564
10/27/2007,SDF,KY,ASO,CE,Combined TRACON& Tower with Radar,224,115,18,5,362,0,0,3,0,3,224,115,21,5,365,0,0,0,365
10/28/2007,SDF,KY,ASO,CE,Combined TRACON& Tower with Radar,139,137,33,4,313,0,6,7,0,13,139,143,40,4,326,0,0,0,326
10/29/2007,SDF,KY,ASO,CE,Combined TRACON& Tower with Radar,162,158,25,2,347,0,0,6,4,10,162,158,31,6,357,2,0,2,359
10/30/2007,SDF,KY,ASO,CE,Combined TRACON& Tower with Radar,355,180,58,4,597,0,3,8,6,17,355,183,66,10,614,0,0,0,614
10/31/2007,SDF,KY,ASO,CE,Combined TRACON& Tower with Radar,372,171,34,2,579,0,2,11,3,16,372,173,45,5,595,6,0,6,601
11/01/2007,SDF,KY,ASO,CE,Combined TRACON& Tower with Radar,359,192,34,5,590,0,0,4,3,7,359,192,38,8,597,0,0,0,597
11/02/2007,SDF,KY,ASO,CE,Combined TRACON& Tower with Radar,317,172,39,13,541,0,1,10,1,12,317,173,49,14,553,7,0,7,560
11/03/2007,SDF,KY,ASO,CE,Combined TRACON& Tower with Radar,223,117,9,5,354,0,1,7,0,8,223,118,16,5,362,12,0,12,374
11/04/2007,SDF,KY,ASO,CE,Combined TRACON& Tower with Radar,137,133,14,8,292,0,1,4,0,5,137,134,18,8,297,0,0,0,297
11/05/2007,SDF,KY,ASO,CE,Combined TRACON& Tower with Radar,164,172,32,40,408,0,0,3,2,5,164,172,35,42,413,0,0,0,413
11/06/2007,SDF,KY,ASO,CE,Combined TRACON& Tower with Radar,367,186,34,10,597,0,0,5,3,8,367,186,39,13,605,12,0,12,617
11/07/2007,SDF,KY,ASO,CE,Combined TRACON& Tower with Radar,379,191,35,9,614,0,0,4,6,10,379,191,39,15,624,0,0,0,624
11/08/2007,SDF,KY,ASO,CE,Combined TRACON& Tower with Radar,367,201,30,19,617,0,0,5,5,10,367,201,35,24,627,0,0,0,627
11/09/2007,SDF,KY,ASO,CE,Combined TRACON& Tower with Radar,324,192,55,20,591,0,0,1,1,2,324,192,56,21,593,0,0,0,593
11/10/2007,SDF,KY,ASO,CE,Combined TRACON& Tower with Radar,218,122,22,5,367,0,0,8,0,8,218,122,30,5,375,10,0,10,385
11/11/2007,SDF,KY,ASO,CE,Combined TRACON& Tower with Radar,133,135,24,3,295,0,0,14,0,14,133,135,38,3,309,0,0,0,309
11/12/2007,SDF,KY,ASO,CE,Combined TRACON& Tower with Radar,158,148,27,2,335,12,0,4,5,21,170,148,31,7,356,0,0,0,356
11/13/2007,SDF,KY,ASO,CE,Combined TRACON& Tower with Radar,366,176,38,9,589,0,0,2,0,2,366,176,40,9,591,0,0,0,591
11/14/2007,SDF,KY,ASO,CE,Combined TRACON& Tower with Radar,377,195,40,13,625,0,0,1,4,5,377,195,41,17,630,0,0,0,630
11/15/2007,SDF,KY,ASO,CE,Combined TRACON& Tower with Radar,365,183,51,9,608,0,0,2,4,6,365,183,53,13,614,8,0,8,622
11/16/2007,SDF,KY,ASO,CE,Combined TRACON& Tower with Radar,326,177,20,10,533,0,0,7,0,7,326,177,27,10,540,6,0,6,546
11/17/2007,SDF,KY,ASO,CE,Combined TRACON& Tower with Radar,218,131,10,5,364,0,0,1,2,3,218,131,11,7,367,0,0,0,367
11/18/2007,SDF,KY,ASO,CE,Combined TRACON& Tower with Radar,152,139,19,5,315,0,2,9,1,12,152,141,28,6,327,18,0,18,345
11/19/2007,SDF,KY,ASO,CE,Combined TRACON& Tower with Radar,170,154,44,7,375,2,0,0,1,3,172,154,44,8,378,10,0,10,388
11/20/2007,SDF,KY,ASO,CE,Combined TRACON& Tower with Radar,400,183,43,7,633,0,2,2,2,6,400,185,45,9,639,0,0,0,639
11/21/2007,SDF,KY,ASO,CE,Combined TRACON& Tower with Radar,393,189,23,1,606,0,0,0,0,0,393,189,23,1,606,0,0,0,606
11/22/2007,SDF,KY,ASO,CE,Combined TRACON& Tower with Radar,162,114,3,0,279,0,0,1,0,1,162,114,4,0,280,0,0,0,280
11/23/2007,SDF,KY,ASO,CE,Combined TRACON& Tower with Radar,220,116,13,0,349,0,0,2,0,2,220,116,15,0,351,0,0,0,351
11/24/2007,SDF,KY,ASO,CE,Combined TRACON& Tower with Radar,220,128,13,0,361,0,2,2,0,4,220,130,15,0,365,0,0,0,365
11/25/2007,SDF,KY,ASO,CE,Combined TRACON& Tower with Radar,136,138,47,0,321,0,0,1,0,1,136,138,48,0,322,0,0,0,322
11/26/2007,SDF,KY,ASO,CE,Combined TRACON& Tower with Radar,143,164,72,2,381,0,0,0,0,0,143,164,72,2,381,0,0,0,381
11/27/2007,SDF,KY,ASO,CE,Combined TRACON& Tower with Radar,410,194,80,6,690,1,1,5,2,9,411,195,85,8,699,0,0,0,699
11/28/2007,SDF,KY,ASO,CE,Combined TRACON& Tower with Radar,393,190,88,0,671,0,0,6,2,8,393,190,94,2,679,6,0,6,685
11/29/2007,SDF,KY,ASO,CE,Combined TRACON& Tower with Radar,400,193,60,4,657,0,2,6,4,12,400,195,66,8,669,0,0,0,669
11/30/2007,SDF,KY,ASO,CE,Combined TRACON& Tower with Radar,334,177,31,9,551,0,0,5,1,6,334,177,36,10,557,0,0,0,557
12/01/2007,SDF,KY,ASO,CE,Combined TRACON& Tower with Radar,224,112,16,3,355,0,2,4,0,6,224,114,20,3,361,0,0,0,361
12/02/2007,SDF,KY,ASO,CE,Combined TRACON& Tower with Radar,134,126,25,3,288,0,0,0,0,0,134,126,25,3,288,0,0,0,288
12/03/2007,SDF,KY,ASO,CE,Combined TRACON& Tower with Radar,165,142,32,13,352,0,0,1,5,6,165,142,33,18,358,0,0,0,358
12/04/2007,SDF,KY,ASO,CE,Combined TRACON& Tower with Radar,396,160,34,9,599,0,0,6,4,10,396,160,40,13,609,4,0,4,613
12/05/2007,SDF,KY,ASO,CE,Combined TRACON& Tower with Radar,395,158,30,8,591,0,0,5,3,8,395,158,35,11,599,1,0,1,600
12/06/2007,SDF,KY,ASO,CE,Combined TRACON& Tower with Radar,375,182,28,4,589,0,0,9,3,12,375,182,37,7,601,0,0,0,601
12/07/2007,SDF,KY,ASO,CE,Combined TRACON& Tower with Radar,341,166,32,7,546,0,0,2,0,2,341,166,34,7,548,0,0,0,548
12/08/2007,SDF,KY,ASO,CE,Combined TRACON& Tower with Radar,228,111,21,3,363,0,0,0,0,0,228,111,21,3,363,0,0,0,363
12/09/2007,SDF,KY,ASO,CE,Combined TRACON& Tower with Radar,136,125,17,0,278,0,0,0,0,0,136,125,17,0,278,0,0,0,278
12/10/2007,SDF,KY,ASO,CE,Combined TRACON& Tower with Radar,157,145,35,11,348,0,0,0,0,0,157,145,35,11,348,0,0,0,348
12/11/2007,SDF,KY,ASO,CE,Combined TRACON& Tower with Radar,445,165,42,6,658,0,0,9,8,17,445,165,51,14,675,2,0,2,677
12/12/2007,SDF,KY,ASO,CE,Combined TRACON& Tower with Radar,423,172,44,8,647,0,0,3,0,3,423,172,47,8,650,4,0,4,654
12/13/2007,SDF,KY,ASO,CE,Combined TRACON& Tower with Radar,406,164,40,9,619,0,0,2,0,2,406,164,42,9,621,0,0,0,621
12/14/2007,SDF,KY,ASO,CE,Combined TRACON& Tower with Radar,352,169,53,7,581,0,0,1,0,1,352,169,54,7,582,0,0,0,582
12/15/2007,SDF,KY,ASO,CE,Combined TRACON& Tower with Radar,241,100,5,1,347,0,0,0,0,0,241,100,5,1,347,0,0,0,347
12/16/2007,SDF,KY,ASO,CE,Combined TRACON& Tower with Radar,163,119,17,3,302,0,0,5,0,5,163,119,22,3,307,0,0,0,307
12/17/2007,SDF,KY,ASO,CE,Combined TRACON& Tower with Radar,196,130,29,4,359,0,0,0,4,4,196,130,29,8,363,0,0,0,363
12/18/2007,SDF,KY,ASO,CE,Combined TRACON& Tower with Radar,493,171,30,7,701,0,1,6,3,10,493,172,36,10,711,7,0,7,718
12/19/2007,SDF,KY,ASO,CE,Combined TRACON& Tower with Radar,503,184,32,4,723,0,0,4,3,7,503,184,36,7,730,0,0,0,730
12/20/2007,SDF,KY,ASO,CE,Combined TRACON& Tower with Radar,495,167,41,4,707,0,1,1,3,5,495,168,42,7,712,0,0,0,712
12/21/2007,SDF,KY,ASO,CE,Combined TRACON& Tower with Radar,534,165,17,2,718,0,0,1,0,1,534,165,18,2,719,0,0,0,719
12/22/2007,SDF,KY,ASO,CE,Combined TRACON& Tower with Radar,375,123,20,0,518,0,2,6,0,8,375,125,26,0,526,0,0,0,526
12/23/2007,SDF,KY,ASO,CE,Combined TRACON& Tower with Radar,149,103,14,0,266,0,0,0,0,0,149,103,14,0,266,0,0,0,266
12/24/2007,SDF,KY,ASO,CE,Combined TRACON& Tower with Radar,281,96,6,0,383,0,0,6,0,6,281,96,12,0,389,0,0,0,389
12/25/2007,SDF,KY,ASO,CE,Combined TRACON& Tower with Radar,133,95,5,0,233,0,0,1,0,1,133,95,6,0,234,0,0,0,234
12/26/2007,SDF,KY,ASO,CE,Combined TRACON& Tower with Radar,229,143,34,0,406,0,4,0,0,4,229,147,34,0,410,0,0,0,410
12/27/2007,SDF,KY,ASO,CE,Combined TRACON& Tower with Radar,348,175,15,3,541,0,1,0,0,1,348,176,15,3,542,0,0,0,542
12/28/2007,SDF,KY,ASO,CE,Combined TRACON& Tower with Radar,315,153,22,0,490,0,0,1,0,1,315,153,23,0,491,0,0,0,491
12/29/2007,SDF,KY,ASO,CE,Combined TRACON& Tower with Radar,230,128,20,1,379,0,0,5,0,5,230,128,25,1,384,0,0,0,384
12/30/2007,SDF,KY,ASO,CE,Combined TRACON& Tower with Radar,117,120,10,0,247,0,2,6,0,8,117,122,16,0,255,2,0,2,257
12/31/2007,SDF,KY,ASO,CE,Combined TRACON& Tower with Radar,133,100,3,4,240,0,0,3,0,3,133,100,6,4,243,0,0,0,243
01/01/2008,SDF,KY,ASO,CE,Combined TRACON& Tower with Radar,177,115,6,0,298,3,1,1,0,5,180,116,7,0,303,7,0,7,310
01/02/2008,SDF,KY,ASO,CE,Combined TRACON& Tower with Radar,241,149,23,0,413,0,0,4,0,4,241,149,27,0,417,0,0,0,417
01/03/2008,SDF,KY,ASO,CE,Combined TRACON& Tower with Radar,343,159,18,3,523,0,2,4,3,9,343,161,22,6,532,0,0,0,532
01/04/2008,SDF,KY,ASO,CE,Combined TRACON& Tower with Radar,327,152,31,6,516,0,0,4,2,6,327,152,35,8,522,22,0,22,544
01/05/2008,SDF,KY,ASO,CE,Combined TRACON& Tower with Radar,217,103,7,2,329,0,0,0,0,0,217,103,7,2,329,0,0,0,329
01/06/2008,SDF,KY,ASO,CE,Combined TRACON& Tower with Radar,122,111,18,8,259,0,0,0,2,2,122,111,18,10,261,0,0,0,261
01/07/2008,SDF,KY,ASO,CE,Combined TRACON& Tower with Radar,142,136,20,3,301,0,0,0,0,0,142,136,20,3,301,2,0,2,303
01/08/2008,SDF,KY,ASO,CE,Combined TRACON& Tower with Radar,335,153,21,1,510,0,1,1,2,4,335,154,22,3,514,6,0,6,520
01/09/2008,SDF,KY,ASO,CE,Combined TRACON& Tower with Radar,367,176,34,11,588,0,0,7,10,17,367,176,41,21,605,0,0,0,605
01/10/2008,SDF,KY,ASO,CE,Combined TRACON& Tower with Radar,339,160,35,9,543,0,0,0,0,0,339,160,35,9,543,0,0,0,543
01/11/2008,SDF,KY,ASO,CE,Combined TRACON& Tower with Radar,306,161,21,7,495,0,4,2,7,13,306,165,23,14,508,0,0,0,508
01/12/2008,SDF,KY,ASO,CE,Combined TRACON& Tower with Radar,222,108,14,3,347,0,0,6,0,6,222,108,20,3,353,0,0,0,353
01/13/2008,SDF,KY,ASO,CE,Combined TRACON& Tower with Radar,122,116,15,6,259,0,0,0,0,0,122,116,15,6,259,0,0,0,259
01/14/2008,SDF,KY,ASO,CE,Combined TRACON& Tower with Radar,146,131,22,8,307,0,0,2,5,7,146,131,24,13,314,5,0,5,319
01/15/2008,SDF,KY,ASO,CE,Combined TRACON& Tower with Radar,343,165,51,8,567,0,0,0,1,1,343,165,51,9,568,2,0,2,570
01/16/2008,SDF,KY,ASO,CE,Combined TRACON& Tower with Radar,352,162,40,6,560,0,1,3,3,7,352,163,43,9,567,6,0,6,573
01/17/2008,SDF,KY,ASO,CE,Combined TRACON& Tower with Radar,329,176,28,0,533,0,0,2,0,2,329,176,30,0,535,0,0,0,535
01/18/2008,SDF,KY,ASO,CE,Combined TRACON& Tower with Radar,311,173,21,2,507,0,2,2,0,4,311,175,23,2,511,0,0,0,511
01/19/2008,SDF,KY,ASO,CE,Combined TRACON& Tower with Radar,206,108,7,2,323,0,0,4,1,5,206,108,11,3,328,0,0,0,328
01/20/2008,SDF,KY,ASO,CE,Combined TRACON& Tower with Radar,123,108,12,0,243,0,0,3,1,4,123,108,15,1,247,0,0,0,247
01/21/2008,SDF,KY,ASO,CE,Combined TRACON& Tower with Radar,143,131,30,2,306,0,0,4,0,4,143,131,34,2,310,4,0,4,314
01/22/2008,SDF,KY,ASO,CE,Combined TRACON& Tower with Radar,341,147,30,2,520,0,0,0,0,0,341,147,30,2,520,0,0,0,520
01/23/2008,SDF,KY,ASO,CE,Combined TRACON& Tower with Radar,349,162,38,5,554,0,0,2,4,6,349,162,40,9,560,0,0,0,560
01/24/2008,SDF,KY,ASO,CE,Combined TRACON& Tower with Radar,349,170,36,7,562,0,0,3,2,5,349,170,39,9,567,0,0,0,567
01/25/2008,SDF,KY,ASO,CE,Combined TRACON& Tower with Radar,299,164,25,8,496,0,1,1,0,2,299,165,26,8,498,0,0,0,498
01/26/2008,SDF,KY,ASO,CE,Combined TRACON& Tower with Radar,237,120,5,0,362,1,2,0,0,3,238,122,5,0,365,0,0,0,365
01/27/2008,SDF,KY,ASO,CE,Combined TRACON& Tower with Radar,126,110,22,3,261,0,0,4,0,4,126,110,26,3,265,0,0,0,265
01/28/2008,SDF,KY,ASO,CE,Combined TRACON& Tower with Radar,135,131,17,10,293,0,0,3,4,7,135,131,20,14,300,10,0,10,310
01/29/2008,SDF,KY,ASO,CE,Combined TRACON& Tower with Radar,339,158,26,7,530,0,0,1,0,1,339,158,27,7,531,1,0,1,532
01/30/2008,SDF,KY,ASO,CE,Combined TRACON& Tower with Radar,372,157,25,7,561,0,0,26,3,29,372,157,51,10,590,18,0,18,608
01/31/2008,SDF,KY,ASO,CE,Combined TRACON& Tower with Radar,334,157,33,5,529,0,0,6,3,9,334,157,39,8,538,0,0,0,538
02/01/2008,SDF,KY,ASO,CE,Combined TRACON& Tower with Radar,317,152,23,2,494,0,0,0,0,0,317,152,23,2,494,0,0,0,494
02/02/2008,SDF,KY,ASO,CE,Combined TRACON& Tower with Radar,212,103,11,4,330,0,0,3,0,3,212,103,14,4,333,0,0,0,333
02/03/2008,SDF,KY,ASO,CE,Combined TRACON& Tower with Radar,119,112,7,1,239,0,0,2,0,2,119,112,9,1,241,8,0,8,249
02/04/2008,SDF,KY,ASO,CE,Combined TRACON& Tower with Radar,162,136,23,6,327,0,0,0,0,0,162,136,23,6,327,0,0,0,327
02/05/2008,SDF,KY,ASO,CE,Combined TRACON& Tower with Radar,348,151,24,5,528,0,0,1,2,3,348,151,25,7,531,6,0,6,537
02/06/2008,SDF,KY,ASO,CE,Combined TRACON& Tower with Radar,347,141,29,1,518,0,0,9,2,11,347,141,38,3,529,0,0,0,529
02/07/2008,SDF,KY,ASO,CE,Combined TRACON& Tower with Radar,358,172,27,3,560,0,2,7,1,10,358,174,34,4,570,0,0,0,570
02/08/2008,SDF,KY,ASO,CE,Combined TRACON& Tower with Radar,293,169,19,3,484,0,0,3,0,3,293,169,22,3,487,2,0,2,489
02/09/2008,SDF,KY,ASO,CE,Combined TRACON& Tower with Radar,205,105,11,4,325,0,0,1,4,5,205,105,12,8,330,0,0,0,330
02/10/2008,SDF,KY,ASO,CE,Combined TRACON& Tower with Radar,109,116,17,8,250,0,1,3,1,5,109,117,20,9,255,0,0,0,255
02/11/2008,SDF,KY,ASO,CE,Combined TRACON& Tower with Radar,105,116,29,6,256,0,2,11,0,13,105,118,40,6,269,2,0,2,271
02/12/2008,SDF,KY,ASO,CE,Combined TRACON& Tower with Radar,340,117,33,4,494,0,0,1,0,1,340,117,34,4,495,0,0,0,495
02/13/2008,SDF,KY,ASO,CE,Combined TRACON& Tower with Radar,382,158,44,2,586,0,0,0,2,2,382,158,44,4,588,13,0,13,601
02/14/2008,SDF,KY,ASO,CE,Combined TRACON& Tower with Radar,357,159,53,10,579,0,0,14,1,15,357,159,67,11,594,14,0,14,608
02/15/2008,SDF,KY,ASO,CE,Combined TRACON& Tower with Radar,309,149,38,6,502,0,1,3,3,7,309,150,41,9,509,8,0,8,517
02/16/2008,SDF,KY,ASO,CE,Combined TRACON& Tower with Radar,215,108,23,1,347,13,0,5,0,18,228,108,28,1,365,38,0,38,403
02/17/2008,SDF,KY,ASO,CE,Combined TRACON& Tower with Radar,109,115,7,0,231,0,0,2,0,2,109,115,9,0,233,0,0,0,233
02/18/2008,SDF,KY,ASO,CE,Combined TRACON& Tower with Radar,143,118,37,2,300,0,0,4,0,4,143,118,41,2,304,2,0,2,306
02/19/2008,SDF,KY,ASO,CE,Combined TRACON& Tower with Radar,338,167,26,1,532,0,0,4,1,5,338,167,30,2,537,0,0,0,537
02/20/2008,SDF,KY,ASO,CE,Combined TRACON& Tower with Radar,347,160,41,4,552,0,0,5,4,9,347,160,46,8,561,12,0,12,573
02/21/2008,SDF,KY,ASO,CE,Combined TRACON& Tower with Radar,315,124,39,0,478,0,0,0,0,0,315,124,39,0,478,8,0,8,486
02/22/2008,SDF,KY,ASO,CE,Combined TRACON& Tower with Radar,304,145,32,2,483,0,0,0,0,0,304,145,32,2,483,0,0,0,483
02/23/2008,SDF,KY,ASO,CE,Combined TRACON& Tower with Radar,203,111,18,6,338,0,0,4,0,4,203,111,22,6,342,0,0,0,342
02/24/2008,SDF,KY,ASO,CE,Combined TRACON& Tower with Radar,120,126,20,2,268,0,0,0,0,0,120,126,20,2,268,0,0,0,268
02/25/2008,SDF,KY,ASO,CE,Combined TRACON& Tower with Radar,142,129,38,1,310,0,0,7,0,7,142,129,45,1,317,5,0,5,322
02/26/2008,SDF,KY,ASO,CE,Combined TRACON& Tower with Radar,337,156,49,2,544,0,0,0,0,0,337,156,49,2,544,0,0,0,544
02/27/2008,SDF,KY,ASO,CE,Combined TRACON& Tower with Radar,351,166,42,4,563,0,0,6,4,10,351,166,48,8,573,0,0,0,573
02/28/2008,SDF,KY,ASO,CE,Combined TRACON& Tower with Radar,338,176,54,5,573,0,0,6,8,14,338,176,60,13,587,1,0,1,588
02/29/2008,SDF,KY,ASO,CE,Combined TRACON& Tower with Radar,301,154,51,0,506,0,0,0,0,0,301,154,51,0,506,2,0,2,508
03/01/2008,SDF,KY,ASO,CE,Combined TRACON& Tower with Radar,210,110,22,0,342,0,0,4,0,4,210,110,26,0,346,0,0,0,346
03/02/2008,SDF,KY,ASO,CE,Combined TRACON& Tower with Radar,116,124,30,2,272,0,0,3,0,3,116,124,33,2,275,14,0,14,289
03/03/2008,SDF,KY,ASO,CE,Combined TRACON& Tower with Radar,147,124,17,4,292,1,0,0,1,2,148,124,17,5,294,6,0,6,300
03/04/2008,SDF,KY,ASO,CE,Combined TRACON& Tower with Radar,340,155,31,4,530,0,0,0,0,0,340,155,31,4,530,0,0,0,530
03/05/2008,SDF,KY,ASO,CE,Combined TRACON& Tower with Radar,358,168,38,8,572,0,0,2,11,13,358,168,40,19,585,11,0,11,596
03/06/2008,SDF,KY,ASO,CE,Combined TRACON& Tower with Radar,344,165,39,4,552,0,2,2,0,4,344,167,41,4,556,0,0,0,556
03/07/2008,SDF,KY,ASO,CE,Combined TRACON& Tower with Radar,299,141,28,2,470,0,0,0,0,0,299,141,28,2,470,0,0,0,470
03/08/2008,SDF,KY,ASO,CE,Combined TRACON& Tower with Radar,211,95,7,3,316,0,0,2,0,2,211,95,9,3,318,6,0,6,324
03/09/2008,SDF,KY,ASO,CE,Combined TRACON& Tower with Radar,130,115,22,3,270,0,0,5,0,5,130,115,27,3,275,0,0,0,275
03/10/2008,SDF,KY,ASO,CE,Combined TRACON& Tower with Radar,153,132,17,3,305,0,0,5,5,10,153,132,22,8,315,0,0,0,315
03/11/2008,SDF,KY,ASO,CE,Combined TRACON& Tower with Radar,353,166,50,2,571,0,0,7,7,14,353,166,57,9,585,7,0,7,592
03/12/2008,SDF,KY,ASO,CE,Combined TRACON& Tower with Radar,340,164,29,7,540,0,4,12,3,19,340,168,41,10,559,8,0,8,567
03/13/2008,SDF,KY,ASO,CE,Combined TRACON& Tower with Radar,335,171,57,9,572,0,2,6,3,11,335,173,63,12,583,0,0,0,583
03/14/2008,SDF,KY,ASO,CE,Combined TRACON& Tower with Radar,307,158,36,1,502,0,1,2,0,3,307,159,38,1,505,2,0,2,507
03/15/2008,SDF,KY,ASO,CE,Combined TRACON& Tower with Radar,210,127,10,0,347,0,0,0,0,0,210,127,10,0,347,0,0,0,347
03/16/2008,SDF,KY,ASO,CE,Combined TRACON& Tower with Radar,118,128,26,2,274,0,1,0,0,1,118,129,26,2,275,4,0,4,279
03/17/2008,SDF,KY,ASO,CE,Combined TRACON& Tower with Radar,142,135,20,3,300,0,0,6,5,11,142,135,26,8,311,2,0,2,313
03/18/2008,SDF,KY,ASO,CE,Combined TRACON& Tower with Radar,337,169,28,0,534,0,0,0,0,0,337,169,28,0,534,1,0,1,535
03/19/2008,SDF,KY,ASO,CE,Combined TRACON& Tower with Radar,357,166,36,9,568,0,0,0,1,1,357,166,36,10,569,0,0,0,569
03/20/2008,SDF,KY,ASO,CE,Combined TRACON& Tower with Radar,352,169,53,3,577,0,0,8,6,14,352,169,61,9,591,7,0,7,598
03/21/2008,SDF,KY,ASO,CE,Combined TRACON& Tower with Radar,291,149,14,7,461,0,2,0,2,4,291,151,14,9,465,5,0,5,470
03/22/2008,SDF,KY,ASO,CE,Combined TRACON& Tower with Radar,205,118,14,0,337,0,4,7,0,11,205,122,21,0,348,0,0,0,348
03/23/2008,SDF,KY,ASO,CE,Combined TRACON& Tower with Radar,119,116,13,1,249,0,2,0,0,2,119,118,13,1,251,1,0,1,252
03/24/2008,SDF,KY,ASO,CE,Combined TRACON& Tower with Radar,156,131,27,4,318,0,1,4,3,8,156,132,31,7,326,0,0,0,326
03/25/2008,SDF,KY,ASO,CE,Combined TRACON& Tower with Radar,333,158,41,8,540,0,0,5,7,12,333,158,46,15,552,2,0,2,554
03/26/2008,SDF,KY,ASO,CE,Combined TRACON& Tower with Radar,353,171,49,5,578,0,2,4,3,9,353,173,53,8,587,0,0,0,587
03/27/2008,SDF,KY,ASO,CE,Combined TRACON& Tower with Radar,340,172,92,8,612,0,0,2,4,6,340,172,94,12,618,0,0,0,618
03/28/2008,SDF,KY,ASO,CE,Combined TRACON& Tower with Radar,318,165,75,4,562,0,2,0,0,2,318,167,75,4,564,0,0,0,564
03/29/2008,SDF,KY,ASO,CE,Combined TRACON& Tower with Radar,210,123,31,7,371,0,2,10,0,12,210,125,41,7,383,0,0,0,383
03/30/2008,SDF,KY,ASO,CE,Combined TRACON& Tower with Radar,128,121,29,3,281,0,3,3,0,6,128,124,32,3,287,0,0,0,287
03/31/2008,SDF,KY,ASO,CE,Combined TRACON& Tower with Radar,149,134,26,6,315,0,2,0,2,4,149,136,26,8,319,0,0,0,319
04/01/2008,SDF,KY,ASO,CE,Combined TRACON& Tower with Radar,354,160,45,13,572,0,0,2,1,3,354,160,47,14,575,0,0,0,575
04/02/2008,SDF,KY,ASO,CE,Combined TRACON& Tower with Radar,362,163,59,6,590,0,0,3,6,9,362,163,62,12,599,0,0,0,599
04/03/2008,SDF,KY,ASO,CE,Combined TRACON& Tower with Radar,326,154,29,7,516,0,0,0,0,0,326,154,29,7,516,4,0,4,520
04/04/2008,SDF,KY,ASO,CE,Combined TRACON& Tower with Radar,320,153,37,3,513,0,0,0,0,0,320,153,37,3,513,0,0,0,513
04/05/2008,SDF,KY,ASO,CE,Combined TRACON& Tower with Radar,220,115,19,2,356,0,0,0,0,0,220,115,19,2,356,12,0,12,368
04/06/2008,SDF,KY,ASO,CE,Combined TRACON& Tower with Radar,123,110,8,5,246,0,0,9,0,9,123,110,17,5,255,0,0,0,255
04/07/2008,SDF,KY,ASO,CE,Combined TRACON& Tower with Radar,169,130,23,2,324,0,6,5,0,11,169,136,28,2,335,4,0,4,339
04/08/2008,SDF,KY,ASO,CE,Combined TRACON& Tower with Radar,351,150,23,2,526,0,0,5,6,11,351,150,28,8,537,0,0,0,537
04/09/2008,SDF,KY,ASO,CE,Combined TRACON& Tower with Radar,351,154,21,12,538,0,0,0,0,0,351,154,21,12,538,0,0,0,538
04/10/2008,SDF,KY,ASO,CE,Combined TRACON& Tower with Radar,329,155,27,11,522,0,0,2,3,5,329,155,29,14,527,0,0,0,527
04/11/2008,SDF,KY,ASO,CE,Combined TRACON& Tower with Radar,314,148,29,22,513,0,0,1,23,24,314,148,30,45,537,5,18,23,560
04/12/2008,SDF,KY,ASO,CE,Combined TRACON& Tower with Radar,221,102,22,29,374,1,0,43,30,74,222,102,65,59,448,56,0,56,504
04/13/2008,SDF,KY,ASO,CE,Combined TRACON& Tower with Radar,124,114,29,18,285,0,2,6,2,10,124,116,35,20,295,12,0,12,307
04/14/2008,SDF,KY,ASO,CE,Combined TRACON& Tower with Radar,161,130,25,9,325,0,0,1,10,11,161,130,26,19,336,2,0,2,338
04/15/2008,SDF,KY,ASO,CE,Combined TRACON& Tower with Radar,354,162,30,8,554,0,0,13,2,15,354,162,43,10,569,2,0,2,571
04/16/2008,SDF,KY,ASO,CE,Combined TRACON& Tower with Radar,353,152,28,6,539,0,0,10,0,10,353,152,38,6,549,12,0,12,561
04/17/2008,SDF,KY,ASO,CE,Combined TRACON& Tower with Radar,347,159,33,3,542,0,0,8,0,8,347,159,41,3,550,0,0,0,550
04/18/2008,SDF,KY,ASO,CE,Combined TRACON& Tower with Radar,302,160,39,4,505,0,0,5,3,8,302,160,44,7,513,22,0,22,535
04/19/2008,SDF,KY,ASO,CE,Combined TRACON& Tower with Radar,217,96,11,3,327,0,0,8,0,8,217,96,19,3,335,2,0,2,337
04/20/2008,SDF,KY,ASO,CE,Combined TRACON& Tower with Radar,129,103,25,4,261,0,6,6,0,12,129,109,31,4,273,20,0,20,293
04/21/2008,SDF,KY,ASO,CE,Combined TRACON& Tower with Radar,168,137,22,7,334,0,0,8,3,11,168,137,30,10,345,18,0,18,363
04/22/2008,SDF,KY,ASO,CE,Combined TRACON& Tower with Radar,348,159,18,10,535,0,4,5,0,9,348,163,23,10,544,0,0,0,544
04/23/2008,SDF,KY,ASO,CE,Combined TRACON& Tower with Radar,364,153,43,12,572,0,0,6,0,6,364,153,49,12,578,2,0,2,580
04/24/2008,SDF,KY,ASO,CE,Combined TRACON& Tower with Radar,347,167,35,8,557,0,2,9,11,22,347,169,44,19,579,2,0,2,581
04/25/2008,SDF,KY,ASO,CE,Combined TRACON& Tower with Radar,308,157,22,9,496,0,0,10,0,10,308,157,32,9,506,75,0,75,581
04/26/2008,SDF,KY,ASO,CE,Combined TRACON& Tower with Radar,227,99,16,1,343,0,0,9,0,9,227,99,25,1,352,10,0,10,362
04/27/2008,SDF,KY,ASO,CE,Combined TRACON& Tower with Radar,65,51,13,1,130,2,0,0,0,2,67,51,13,1,132,33,0,33,165
04/28/2008,SDF,KY,ASO,CE,Combined TRACON& Tower with Radar,139,115,35,1,290,0,0,1,1,2,139,115,36,2,292,7,0,7,299
04/29/2008,SDF,KY,ASO,CE,Combined TRACON& Tower with Radar,350,173,38,4,565,0,0,8,7,15,350,173,46,11,580,1,0,1,581
04/30/2008,SDF,KY,ASO,CE,Combined TRACON& Tower with Radar,362,172,67,7,608,0,0,19,9,28,362,172,86,16,636,33,0,33,669
05/01/2008,SDF,KY,ASO,CE,Combined TRACON& Tower with Radar,379,295,182,3,859,0,1,8,0,9,379,296,190,3,868,0,0,0,868
05/02/2008,SDF,KY,ASO,CE,Combined TRACON& Tower with Radar,334,198,113,4,649,0,0,4,0,4,334,198,117,4,653,0,0,0,653
05/03/2008,SDF,KY,ASO,CE,Combined TRACON& Tower with Radar,237,226,204,1,668,1,3,27,3,34,238,229,231,4,702,36,0,36,738
05/04/2008,SDF,KY,ASO,CE,Combined TRACON& Tower with Radar,195,230,207,9,641,0,1,7,1,9,195,231,214,10,650,69,0,69,719
05/05/2008,SDF,KY,ASO,CE,Combined TRACON& Tower with Radar,184,124,29,0,337,0,2,7,1,10,184,126,36,1,347,11,0,11,358
05/06/2008,SDF,KY,ASO,CE,Combined TRACON& Tower with Radar,358,153,31,5,547,0,2,3,6,11,358,155,34,11,558,4,0,4,562
05/07/2008,SDF,KY,ASO,CE,Combined TRACON& Tower with Radar,356,159,29,11,555,0,2,3,0,5,356,161,32,11,560,25,0,25,585
05/08/2008,SDF,KY,ASO,CE,Combined TRACON& Tower with Radar,372,158,30,9,569,0,0,1,0,1,372,158,31,9,570,0,0,0,570
05/09/2008,SDF,KY,ASO,CE,Combined TRACON& Tower with Radar,326,142,53,4,525,0,0,0,0,0,326,142,53,4,525,11,0,11,536
05/10/2008,SDF,KY,ASO,CE,Combined TRACON& Tower with Radar,249,103,14,3,369,0,0,3,2,5,249,103,17,5,374,0,0,0,374
05/11/2008,SDF,KY,ASO,CE,Combined TRACON& Tower with Radar,132,107,18,2,259,0,0,2,0,2,132,107,20,2,261,1,0,1,262
05/12/2008,SDF,KY,ASO,CE,Combined TRACON& Tower with Radar,158,114,28,4,304,0,1,5,1,7,158,115,33,5,311,10,0,10,321
05/13/2008,SDF,KY,ASO,CE,Combined TRACON& Tower with Radar,344,149,27,10,530,0,0,5,2,7,344,149,32,12,537,39,0,39,576
05/14/2008,SDF,KY,ASO,CE,Combined TRACON& Tower with Radar,359,154,43,7,563,0,0,1,1,2,359,154,44,8,565,1,0,1,566
05/15/2008,SDF,KY,ASO,CE,Combined TRACON& Tower with Radar,337,159,50,6,552,0,0,0,0,0,337,159,50,6,552,0,0,0,552
05/16/2008,SDF,KY,ASO,CE,Combined TRACON& Tower with Radar,314,147,37,11,509,0,3,4,2,9,314,150,41,13,518,0,0,0,518
05/17/2008,SDF,KY,ASO,CE,Combined TRACON& Tower with Radar,227,109,14,3,353,0,4,6,0,10,227,113,20,3,363,0,0,0,363
05/18/2008,SDF,KY,ASO,CE,Combined TRACON& Tower with Radar,128,110,21,3,262,0,3,4,0,7,128,113,25,3,269,9,0,9,278
05/19/2008,SDF,KY,ASO,CE,Combined TRACON& Tower with Radar,156,126,27,6,315,0,0,5,3,8,156,126,32,9,323,3,0,3,326
05/20/2008,SDF,KY,ASO,CE,Combined TRACON& Tower with Radar,342,154,37,9,542,0,6,4,5,15,342,160,41,14,557,3,0,3,560
05/21/2008,SDF,KY,ASO,CE,Combined TRACON& Tower with Radar,350,151,22,18,541,0,2,1,4,7,350,153,23,22,548,30,0,30,578
05/22/2008,SDF,KY,ASO,CE,Combined TRACON& Tower with Radar,344,148,41,7,540,0,0,3,7,10,344,148,44,14,550,14,0,14,564
05/23/2008,SDF,KY,ASO,CE,Combined TRACON& Tower with Radar,315,138,17,1,471,0,3,4,2,9,315,141,21,3,480,3,0,3,483
05/24/2008,SDF,KY,ASO,CE,Combined TRACON& Tower with Radar,219,97,8,0,324,0,0,14,0,14,219,97,22,0,338,10,0,10,348
05/25/2008,SDF,KY,ASO,CE,Combined TRACON& Tower with Radar,92,96,12,5,205,0,0,2,2,4,92,96,14,7,209,0,0,0,209
05/26/2008,SDF,KY,ASO,CE,Combined TRACON& Tower with Radar,113,102,14,1,230,0,2,3,2,7,113,104,17,3,237,6,0,6,243
05/27/2008,SDF,KY,ASO,CE,Combined TRACON& Tower with Radar,215,119,23,1,358,0,0,2,0,2,215,119,25,1,360,0,0,0,360
05/28/2008,SDF,KY,ASO,CE,Combined TRACON& Tower with Radar,363,154,38,6,561,0,1,8,2,11,363,155,46,8,572,34,0,34,606
05/29/2008,SDF,KY,ASO,CE,Combined TRACON& Tower with Radar,350,157,45,5,557,0,1,12,3,16,350,158,57,8,573,18,0,18,591
05/30/2008,SDF,KY,ASO,CE,Combined TRACON& Tower with Radar,310,155,37,20,522,0,0,4,1,5,310,155,41,21,527,0,0,0,527
05/31/2008,SDF,KY,ASO,CE,Combined TRACON& Tower with Radar,219,110,15,15,359,0,0,6,0,6,219,110,21,15,365,0,0,0,365
06/01/2008,SDF,KY,ASO,CE,Combined TRACON& Tower with Radar,127,108,28,11,274,0,2,3,0,5,127,110,31,11,279,0,0,0,279
06/02/2008,SDF,KY,ASO,CE,Combined TRACON& Tower with Radar,159,123,23,1,306,0,2,3,0,5,159,125,26,1,311,2,0,2,313
06/03/2008,SDF,KY,ASO,CE,Combined TRACON& Tower with Radar,334,147,46,3,530,0,0,0,0,0,334,147,46,3,530,13,0,13,543
06/04/2008,SDF,KY,ASO,CE,Combined TRACON& Tower with Radar,350,158,48,3,559,0,5,2,4,11,350,163,50,7,570,0,0,0,570
06/05/2008,SDF,KY,ASO,CE,Combined TRACON& Tower with Radar,344,154,46,5,549,0,0,6,7,13,344,154,52,12,562,3,0,3,565
06/06/2008,SDF,KY,ASO,CE,Combined TRACON& Tower with Radar,308,142,20,8,478,0,0,2,2,4,308,142,22,10,482,11,0,11,493
06/07/2008,SDF,KY,ASO,CE,Combined TRACON& Tower with Radar,220,107,5,4,336,2,0,10,1,13,222,107,15,5,349,2,0,2,351
06/08/2008,SDF,KY,ASO,CE,Combined TRACON& Tower with Radar,130,108,23,2,263,1,0,9,2,12,131,108,32,4,275,3,0,3,278
06/09/2008,SDF,KY,ASO,CE,Combined TRACON& Tower with Radar,157,128,40,2,327,0,0,8,1,9,157,128,48,3,336,38,0,38,374
06/10/2008,SDF,KY,ASO,CE,Combined TRACON& Tower with Radar,338,163,49,11,561,0,0,4,3,7,338,163,53,14,568,0,0,0,568
06/11/2008,SDF,KY,ASO,CE,Combined TRACON& Tower with Radar,339,153,23,1,516,0,0,5,5,10,339,153,28,6,526,7,0,7,533
06/12/2008,SDF,KY,ASO,CE,Combined TRACON& Tower with Radar,342,166,42,1,551,0,2,9,1,12,342,168,51,2,563,0,0,0,563
06/13/2008,SDF,KY,ASO,CE,Combined TRACON& Tower with Radar,313,135,25,1,474,0,0,2,1,3,313,135,27,2,477,0,0,0,477
06/14/2008,SDF,KY,ASO,CE,Combined TRACON& Tower with Radar,227,104,10,9,350,0,1,2,0,3,227,105,12,9,353,2,0,2,355
06/15/2008,SDF,KY,ASO,CE,Combined TRACON& Tower with Radar,129,116,19,6,270,0,0,8,1,9,129,116,27,7,279,0,0,0,279
06/16/2008,SDF,KY,ASO,CE,Combined TRACON& Tower with Radar,151,129,36,4,320,0,1,5,0,6,151,130,41,4,326,0,0,0,326
06/17/2008,SDF,KY,ASO,CE,Combined TRACON& Tower with Radar,347,166,29,7,549,0,1,5,4,10,347,167,34,11,559,0,0,0,559
06/18/2008,SDF,KY,ASO,CE,Combined TRACON& Tower with Radar,341,157,35,5,538,0,3,7,3,13,341,160,42,8,551,6,0,6,557
06/19/2008,SDF,KY,ASO,CE,Combined TRACON& Tower with Radar,330,167,38,7,542,0,0,5,2,7,330,167,43,9,549,0,0,0,549
06/20/2008,SDF,KY,ASO,CE,Combined TRACON& Tower with Radar,307,154,35,3,499,0,1,3,0,4,307,155,38,3,503,2,0,2,505
06/21/2008,SDF,KY,ASO,CE,Combined TRACON& Tower with Radar,215,110,16,2,343,0,0,6,1,7,215,110,22,3,350,0,0,0,350
06/22/2008,SDF,KY,ASO,CE,Combined TRACON& Tower with Radar,136,105,17,3,261,0,0,3,0,3,136,105,20,3,264,5,0,5,269
06/23/2008,SDF,KY,ASO,CE,Combined TRACON& Tower with Radar,159,129,41,4,333,0,0,2,4,6,159,129,43,8,339,4,0,4,343
06/24/2008,SDF,KY,ASO,CE,Combined TRACON& Tower with Radar,344,165,23,8,540,0,0,8,3,11,344,165,31,11,551,0,0,0,551
06/25/2008,SDF,KY,ASO,CE,Combined TRACON& Tower with Radar,332,161,30,5,528,0,0,5,4,9,332,161,35,9,537,11,0,11,548
06/26/2008,SDF,KY,ASO,CE,Combined TRACON& Tower with Radar,331,161,26,6,524,0,0,4,3,7,331,161,30,9,531,2,0,2,533
06/27/2008,SDF,KY,ASO,CE,Combined TRACON& Tower with Radar,296,165,21,4,486,0,2,3,1,6,296,167,24,5,492,0,0,0,492
06/28/2008,SDF,KY,ASO,CE,Combined TRACON& Tower with Radar,231,108,10,7,356,0,0,1,0,1,231,108,11,7,357,0,0,0,357
06/29/2008,SDF,KY,ASO,CE,Combined TRACON& Tower with Radar,129,109,20,2,260,0,2,3,1,6,129,111,23,3,266,0,0,0,266
06/30/2008,SDF,KY,ASO,CE,Combined TRACON& Tower with Radar,155,127,25,2,309,0,2,1,0,3,155,129,26,2,312,0,0,0,312
07/01/2008,SDF,KY,ASO,CE,Combined TRACON& Tower with Radar,340,165,22,4,531,0,2,8,5,15,340,167,30,9,546,2,0,2,548
07/02/2008,SDF,KY,ASO,CE,Combined TRACON& Tower with Radar,336,155,28,2,521,0,0,3,6,9,336,155,31,8,530,2,0,2,532
07/03/2008,SDF,KY,ASO,CE,Combined TRACON& Tower with Radar,300,153,20,2,475,0,0,10,0,10,300,153,30,2,485,0,0,0,485
07/04/2008,SDF,KY,ASO,CE,Combined TRACON& Tower with Radar,163,91,5,0,259,0,0,0,0,0,163,91,5,0,259,0,0,0,259
07/05/2008,SDF,KY,ASO,CE,Combined TRACON& Tower with Radar,161,81,5,1,248,0,0,2,0,2,161,81,7,1,250,2,0,2,252
07/06/2008,SDF,KY,ASO,CE,Combined TRACON& Tower with Radar,119,108,24,2,253,0,0,2,0,2,119,108,26,2,255,3,0,3,258
07/07/2008,SDF,KY,ASO,CE,Combined TRACON& Tower with Radar,167,122,27,0,316,0,0,1,0,1,167,122,28,0,317,0,0,0,317
07/08/2008,SDF,KY,ASO,CE,Combined TRACON& Tower with Radar,338,149,41,7,535,0,0,6,3,9,338,149,47,10,544,2,0,2,546
07/09/2008,SDF,KY,ASO,CE,Combined TRACON& Tower with Radar,346,160,22,6,534,0,0,2,2,4,346,160,24,8,538,28,0,28,566
07/10/2008,SDF,KY,ASO,CE,Combined TRACON& Tower with Radar,342,153,33,7,535,0,0,7,4,11,342,153,40,11,546,0,0,0,546
07/11/2008,SDF,KY,ASO,CE,Combined TRACON& Tower with Radar,318,154,23,11,506,0,2,1,3,6,318,156,24,14,512,0,0,0,512
07/12/2008,SDF,KY,ASO,CE,Combined TRACON& Tower with Radar,215,101,15,8,339,0,0,10,4,14,215,101,25,12,353,20,0,20,373
07/13/2008,SDF,KY,ASO,CE,Combined TRACON& Tower with Radar,122,100,19,17,258,0,1,4,2,7,122,101,23,19,265,0,0,0,265
07/14/2008,SDF,KY,ASO,CE,Combined TRACON& Tower with Radar,156,139,29,12,336,0,1,9,1,11,156,140,38,13,347,6,0,6,353
07/15/2008,SDF,KY,ASO,CE,Combined TRACON& Tower with Radar,348,155,42,5,550,0,0,13,0,13,348,155,55,5,563,5,0,5,568
07/16/2008,SDF,KY,ASO,CE,Combined TRACON& Tower with Radar,340,159,45,5,549,0,4,6,3,13,340,163,51,8,562,13,0,13,575
07/17/2008,SDF,KY,ASO,CE,Combined TRACON& Tower with Radar,337,152,40,7,536,0,0,13,1,14,337,152,53,8,550,0,0,0,550
07/18/2008,SDF,KY,ASO,CE,Combined TRACON& Tower with Radar,310,155,26,32,523,0,0,19,4,23,310,155,45,36,546,13,0,13,559
07/19/2008,SDF,KY,ASO,CE,Combined TRACON& Tower with Radar,216,99,7,10,332,0,2,4,1,7,216,101,11,11,339,0,0,0,339
07/20/2008,SDF,KY,ASO,CE,Combined TRACON& Tower with Radar,134,111,11,9,265,0,1,5,2,8,134,112,16,11,273,23,0,23,296
07/21/2008,SDF,KY,ASO,CE,Combined TRACON& Tower with Radar,152,131,16,0,299,0,1,4,0,5,152,132,20,0,304,0,0,0,304
07/22/2008,SDF,KY,ASO,CE,Combined TRACON& Tower with Radar,349,153,19,4,525,0,0,7,4,11,349,153,26,8,536,6,0,6,542
07/23/2008,SDF,KY,ASO,CE,Combined TRACON& Tower with Radar,336,155,32,7,530,0,0,4,4,8,336,155,36,11,538,2,0,2,540
07/24/2008,SDF,KY,ASO,CE,Combined TRACON& Tower with Radar,354,144,38,9,545,0,3,3,6,12,354,147,41,15,557,0,0,0,557
07/25/2008,SDF,KY,ASO,CE,Combined TRACON& Tower with Radar,306,150,21,15,492,0,0,4,0,4,306,150,25,15,496,14,0,14,510
07/26/2008,SDF,KY,ASO,CE,Combined TRACON& Tower with Radar,222,96,21,8,347,0,0,2,1,3,222,96,23,9,350,0,0,0,350
07/27/2008,SDF,KY,ASO,CE,Combined TRACON& Tower with Radar,134,106,17,5,262,0,0,5,0,5,134,106,22,5,267,0,0,0,267
07/28/2008,SDF,KY,ASO,CE,Combined TRACON& Tower with Radar,155,129,17,0,301,0,0,0,0,0,155,129,17,0,301,2,0,2,303
07/29/2008,SDF,KY,ASO,CE,Combined TRACON& Tower with Radar,344,164,22,6,536,0,2,1,5,8,344,166,23,11,544,12,0,12,556
07/30/2008,SDF,KY,ASO,CE,Combined TRACON& Tower with Radar,347,171,33,8,559,0,2,1,3,6,347,173,34,11,565,3,0,3,568
07/31/2008,SDF,KY,ASO,CE,Combined TRACON& Tower with Radar,344,156,48,4,552,0,1,9,4,14,344,157,57,8,566,0,0,0,566
08/01/2008,SDF,KY,ASO,CE,Combined TRACON& Tower with Radar,314,144,43,27,528,0,2,5,9,16,314,146,48,36,544,21,0,21,565
08/02/2008,SDF,KY,ASO,CE,Combined TRACON& Tower with Radar,214,97,14,20,345,0,0,4,2,6,214,97,18,22,351,0,0,0,351
08/03/2008,SDF,KY,ASO,CE,Combined TRACON& Tower with Radar,136,101,10,15,262,0,2,0,0,2,136,103,10,15,264,6,0,6,270
08/04/2008,SDF,KY,ASO,CE,Combined TRACON& Tower with Radar,166,121,25,2,314,0,0,4,0,4,166,121,29,2,318,1,0,1,319
08/05/2008,SDF,KY,ASO,CE,Combined TRACON& Tower with Radar,359,144,35,6,544,0,0,3,2,5,359,144,38,8,549,0,0,0,549
08/06/2008,SDF,KY,ASO,CE,Combined TRACON& Tower with Radar,342,145,18,13,518,0,0,6,3,9,342,145,24,16,527,2,0,2,529
08/07/2008,SDF,KY,ASO,CE,Combined TRACON& Tower with Radar,339,152,24,5,520,0,0,4,3,7,339,152,28,8,527,0,0,0,527
08/08/2008,SDF,KY,ASO,CE,Combined TRACON& Tower with Radar,314,154,27,19,514,0,5,24,3,32,314,159,51,22,546,3,0,3,549
08/09/2008,SDF,KY,ASO,CE,Combined TRACON& Tower with Radar,211,105,5,1,322,0,0,1,2,3,211,105,6,3,325,0,0,0,325
08/10/2008,SDF,KY,ASO,CE,Combined TRACON& Tower with Radar,137,92,19,4,252,0,0,5,1,6,137,92,24,5,258,0,0,0,258
08/11/2008,SDF,KY,ASO,CE,Combined TRACON& Tower with Radar,155,116,24,12,307,0,7,3,4,14,155,123,27,16,321,2,0,2,323
08/12/2008,SDF,KY,ASO,CE,Combined TRACON& Tower with Radar,342,145,32,8,527,0,0,6,5,11,342,145,38,13,538,2,0,2,540
08/13/2008,SDF,KY,ASO,CE,Combined TRACON& Tower with Radar,339,148,41,10,538,0,2,8,6,16,339,150,49,16,554,0,0,0,554
08/14/2008,SDF,KY,ASO,CE,Combined TRACON& Tower with Radar,344,148,30,7,529,0,0,0,5,5,344,148,30,12,534,0,0,0,534
08/15/2008,SDF,KY,ASO,CE,Combined TRACON& Tower with Radar,318,139,31,16,504,0,0,3,1,4,318,139,34,17,508,1,0,1,509
08/16/2008,SDF,KY,ASO,CE,Combined TRACON& Tower with Radar,217,100,9,5,331,0,0,14,2,16,217,100,23,7,347,18,0,18,365
08/17/2008,SDF,KY,ASO,CE,Combined TRACON& Tower with Radar,132,114,20,13,279,0,2,4,1,7,132,116,24,14,286,0,0,0,286
08/18/2008,SDF,KY,ASO,CE,Combined TRACON& Tower with Radar,154,134,40,14,342,0,0,6,0,6,154,134,46,14,348,8,4,12,360
08/19/2008,SDF,KY,ASO,CE,Combined TRACON& Tower with Radar,354,144,22,9,529,0,1,5,4,10,354,145,27,13,539,0,0,0,539
08/20/2008,SDF,KY,ASO,CE,Combined TRACON& Tower with Radar,345,136,43,11,535,0,0,3,4,7,345,136,46,15,542,1,0,1,543
08/21/2008,SDF,KY,ASO,CE,Combined TRACON& Tower with Radar,349,150,47,12,558,0,0,12,9,21,349,150,59,21,579,0,0,0,579
08/22/2008,SDF,KY,ASO,CE,Combined TRACON& Tower with Radar,309,137,28,3,477,0,2,4,0,6,309,139,32,3,483,2,4,6,489
08/23/2008,SDF,KY,ASO,CE,Combined TRACON& Tower with Radar,209,93,15,3,320,0,5,13,0,18,209,98,28,3,338,4,9,13,351
08/24/2008,SDF,KY,ASO,CE,Combined TRACON& Tower with Radar,130,111,21,6,268,0,0,2,0,2,130,111,23,6,270,0,0,0,270
08/25/2008,SDF,KY,ASO,CE,Combined TRACON& Tower with Radar,161,117,24,5,307,0,1,5,4,10,161,118,29,9,317,6,0,6,323
08/26/2008,SDF,KY,ASO,CE,Combined TRACON& Tower with Radar,345,144,30,9,528,0,2,4,4,10,345,146,34,13,538,0,0,0,538
08/27/2008,SDF,KY,ASO,CE,Combined TRACON& Tower with Radar,343,145,33,18,539,0,1,5,4,10,343,146,38,22,549,7,0,7,556
08/28/2008,SDF,KY,ASO,CE,Combined TRACON& Tower with Radar,349,143,33,4,529,0,6,7,4,17,349,149,40,8,546,0,0,0,546
08/29/2008,SDF,KY,ASO,CE,Combined TRACON& Tower with Radar,309,143,19,2,473,0,0,2,0,2,309,143,21,2,475,0,0,0,475
08/30/2008,SDF,KY,ASO,CE,Combined TRACON& Tower with Radar,210,90,18,4,322,0,3,16,0,19,210,93,34,4,341,14,0,14,355
08/31/2008,SDF,KY,ASO,CE,Combined TRACON& Tower with Radar,92,70,9,11,182,0,0,9,0,9,92,70,18,11,191,0,0,0,191
09/01/2008,SDF,KY,ASO,CE,Combined TRACON& Tower with Radar,107,102,10,3,222,0,6,6,0,12,107,108,16,3,234,2,0,2,236
09/02/2008,SDF,KY,ASO,CE,Combined TRACON& Tower with Radar,217,122,31,4,374,0,0,3,6,9,217,122,34,10,383,0,0,0,383
09/03/2008,SDF,KY,ASO,CE,Combined TRACON& Tower with Radar,350,128,29,5,512,0,0,1,1,2,350,128,30,6,514,2,2,4,518
09/04/2008,SDF,KY,ASO,CE,Combined TRACON& Tower with Radar,332,135,40,15,522,0,0,5,5,10,332,135,45,20,532,7,2,9,541
09/05/2008,SDF,KY,ASO,CE,Combined TRACON& Tower with Radar,304,131,30,9,474,0,0,5,0,5,304,131,35,9,479,0,0,0,479
09/06/2008,SDF,KY,ASO,CE,Combined TRACON& Tower with Radar,223,78,13,13,327,0,0,5,0,5,223,78,18,13,332,2,0,2,334
09/07/2008,SDF,KY,ASO,CE,Combined TRACON& Tower with Radar,135,95,15,9,254,0,1,7,1,9,135,96,22,10,263,4,0,4,267
09/08/2008,SDF,KY,ASO,CE,Combined TRACON& Tower with Radar,156,101,35,6,298,1,2,11,6,20,157,103,46,12,318,8,1,9,327
09/09/2008,SDF,KY,ASO,CE,Combined TRACON& Tower with Radar,354,121,30,9,514,0,3,1,4,8,354,124,31,13,522,0,0,0,522
09/10/2008,SDF,KY,ASO,CE,Combined TRACON& Tower with Radar,349,132,39,10,530,0,0,3,4,7,349,132,42,14,537,0,0,0,537
09/11/2008,SDF,KY,ASO,CE,Combined TRACON& Tower with Radar,351,144,36,16,547,0,2,5,5,12,351,146,41,21,559,0,0,0,559
09/12/2008,SDF,KY,ASO,CE,Combined TRACON& Tower with Radar,296,132,27,7,462,0,1,8,3,12,296,133,35,10,474,0,0,0,474
09/13/2008,SDF,KY,ASO,CE,Combined TRACON& Tower with Radar,210,73,9,5,297,0,0,2,1,3,210,73,11,6,300,0,0,0,300
09/14/2008,SDF,KY,ASO,CE,Combined TRACON& Tower with Radar,122,62,15,8,207,0,1,1,0,2,122,63,16,8,209,0,0,0,209
09/15/2008,SDF,KY,ASO,CE,Combined TRACON& Tower with Radar,157,125,31,6,319,0,3,4,2,9,157,128,35,8,328,0,0,0,328
09/16/2008,SDF,KY,ASO,CE,Combined TRACON& Tower with Radar,355,134,68,6,563,0,2,20,16,38,355,136,88,22,601,36,6,42,643
09/17/2008,SDF,KY,ASO,CE,Combined TRACON& Tower with Radar,349,152,82,3,586,0,3,3,5,11,349,155,85,8,597,1,0,1,598
09/18/2008,SDF,KY,ASO,CE,Combined TRACON& Tower with Radar,356,179,86,6,627,0,1,13,4,18,356,180,99,10,645,0,0,0,645
09/19/2008,SDF,KY,ASO,CE,Combined TRACON& Tower with Radar,309,180,134,3,626,0,4,7,0,11,309,184,141,3,637,2,0,2,639
09/20/2008,SDF,KY,ASO,CE,Combined TRACON& Tower with Radar,203,89,75,4,371,0,0,1,3,4,203,89,76,7,375,0,0,0,375
09/21/2008,SDF,KY,ASO,CE,Combined TRACON& Tower with Radar,132,161,104,1,398,0,1,3,1,5,132,162,107,2,403,0,0,0,403
09/22/2008,SDF,KY,ASO,CE,Combined TRACON& Tower with Radar,171,137,49,2,359,0,1,2,4,7,171,138,51,6,366,3,0,3,369
09/23/2008,SDF,KY,ASO,CE,Combined TRACON& Tower with Radar,343,137,27,4,511,0,1,8,4,13,343,138,35,8,524,2,0,2,526
09/24/2008,SDF,KY,ASO,CE,Combined TRACON& Tower with Radar,348,126,28,10,512,0,0,5,5,10,348,126,33,15,522,4,0,4,526
09/25/2008,SDF,KY,ASO,CE,Combined TRACON& Tower with Radar,350,138,26,7,521,0,4,9,3,16,350,142,35,10,537,0,0,0,537
09/26/2008,SDF,KY,ASO,CE,Combined TRACON& Tower with Radar,314,127,19,11,471,0,2,6,0,8,314,129,25,11,479,6,0,6,485
09/27/2008,SDF,KY,ASO,CE,Combined TRACON& Tower with Radar,223,82,14,1,320,3,0,0,0,3,226,82,14,1,323,2,0,2,325
09/28/2008,SDF,KY,ASO,CE,Combined TRACON& Tower with Radar,127,90,24,1,242,0,0,4,1,5,127,90,28,2,247,0,0,0,247
09/29/2008,SDF,KY,ASO,CE,Combined TRACON& Tower with Radar,159,109,36,2,306,0,0,0,0,0,159,109,36,2,306,0,0,0,306
09/30/2008,SDF,KY,ASO,CE,Combined TRACON& Tower with Radar,343,124,21,2,490,0,0,3,0,3,343,124,24,2,493,0,0,0,493
10/01/2008,SDF,KY,ASO,CE,Combined TRACON& Tower with Radar,345,121,32,11,509,0,1,3,5,9,345,122,35,16,518,0,0,0,518
10/02/2008,SDF,KY,ASO,CE,Combined TRACON& Tower with Radar,341,137,28,9,515,0,0,2,13,15,341,137,30,22,530,0,0,0,530
10/03/2008,SDF,KY,ASO,CE,Combined TRACON& Tower with Radar,300,136,22,17,475,0,0,7,3,10,300,136,29,20,485,18,2,20,505
10/04/2008,SDF,KY,ASO,CE,Combined TRACON& Tower with Radar,208,80,20,5,313,0,0,1,1,2,208,80,21,6,315,7,4,11,326
10/05/2008,SDF,KY,ASO,CE,Combined TRACON& Tower with Radar,114,94,23,4,235,0,0,6,2,8,114,94,29,6,243,0,0,0,243
10/06/2008,SDF,KY,ASO,CE,Combined TRACON& Tower with Radar,155,109,31,1,296,0,0,1,4,5,155,109,32,5,301,2,0,2,303
10/07/2008,SDF,KY,ASO,CE,Combined TRACON& Tower with Radar,335,131,20,4,490,0,0,4,2,6,335,131,24,6,496,0,0,0,496
10/08/2008,SDF,KY,ASO,CE,Combined TRACON& Tower with Radar,340,132,33,7,512,0,0,7,1,8,340,132,40,8,520,4,0,4,524
10/09/2008,SDF,KY,ASO,CE,Combined TRACON& Tower with Radar,334,130,47,8,519,0,0,24,3,27,334,130,71,11,546,0,0,0,546
10/10/2008,SDF,KY,ASO,CE,Combined TRACON& Tower with Radar,300,131,27,12,470,0,0,4,2,6,300,131,31,14,476,6,0,6,482
10/11/2008,SDF,KY,ASO,CE,Combined TRACON& Tower with Radar,214,81,11,1,307,0,0,4,0,4,214,81,15,1,311,0,0,0,311
10/12/2008,SDF,KY,ASO,CE,Combined TRACON& Tower with Radar,118,93,19,3,233,0,0,12,0,12,118,93,31,3,245,6,0,6,251
10/13/2008,SDF,KY,ASO,CE,Combined TRACON& Tower with Radar,156,107,20,2,285,0,2,2,0,4,156,109,22,2,289,4,0,4,293
10/14/2008,SDF,KY,ASO,CE,Combined TRACON& Tower with Radar,336,140,26,0,502,0,0,7,0,7,336,140,33,0,509,2,2,4,513
10/15/2008,SDF,KY,ASO,CE,Combined TRACON& Tower with Radar,337,130,48,5,520,0,0,6,3,9,337,130,54,8,529,0,0,0,529
10/16/2008,SDF,KY,ASO,CE,Combined TRACON& Tower with Radar,347,132,30,13,522,0,0,3,2,5,347,132,33,15,527,2,0,2,529
10/17/2008,SDF,KY,ASO,CE,Combined TRACON& Tower with Radar,300,131,28,3,462,0,0,0,1,1,300,131,28,4,463,0,0,0,463
10/18/2008,SDF,KY,ASO,CE,Combined TRACON& Tower with Radar,213,77,11,2,303,0,0,4,0,4,213,77,15,2,307,0,0,0,307
10/19/2008,SDF,KY,ASO,CE,Combined TRACON& Tower with Radar,124,94,25,9,252,0,1,14,2,17,124,95,39,11,269,1,0,1,270
10/20/2008,SDF,KY,ASO,CE,Combined TRACON& Tower with Radar,150,109,21,4,284,0,0,6,0,6,150,109,27,4,290,0,0,0,290
10/21/2008,SDF,KY,ASO,CE,Combined TRACON& Tower with Radar,349,123,45,7,524,0,2,1,2,5,349,125,46,9,529,3,0,3,532
10/22/2008,SDF,KY,ASO,CE,Combined TRACON& Tower with Radar,342,138,55,6,541,0,0,6,3,9,342,138,61,9,550,4,0,4,554
10/23/2008,SDF,KY,ASO,CE,Combined TRACON& Tower with Radar,331,147,61,9,548,0,0,13,6,19,331,147,74,15,567,6,0,6,573
10/24/2008,SDF,KY,ASO,CE,Combined TRACON& Tower with Radar,294,133,28,3,458,0,0,0,0,0,294,133,28,3,458,4,0,4,462
10/25/2008,SDF,KY,ASO,CE,Combined TRACON& Tower with Radar,222,84,22,5,333,0,0,1,0,1,222,84,23,5,334,0,0,0,334
10/26/2008,SDF,KY,ASO,CE,Combined TRACON& Tower with Radar,124,90,11,5,230,0,0,7,0,7,124,90,18,5,237,2,0,2,239
10/27/2008,SDF,KY,ASO,CE,Combined TRACON& Tower with Radar,152,116,29,0,297,0,1,0,0,1,152,117,29,0,298,0,0,0,298
10/28/2008,SDF,KY,ASO,CE,Combined TRACON& Tower with Radar,341,131,28,7,507,0,0,6,6,12,341,131,34,13,519,0,0,0,519
10/29/2008,SDF,KY,ASO,CE,Combined TRACON& Tower with Radar,332,144,28,9,513,0,5,5,2,12,332,149,33,11,525,8,0,8,533
10/30/2008,SDF,KY,ASO,CE,Combined TRACON& Tower with Radar,343,143,24,12,522,0,2,0,2,4,343,145,24,14,526,0,0,0,526
10/31/2008,SDF,KY,ASO,CE,Combined TRACON& Tower with Radar,307,127,20,5,459,0,1,9,1,11,307,128,29,6,470,0,0,0,470
11/01/2008,SDF,KY,ASO,CE,Combined TRACON& Tower with Radar,211,90,13,5,319,0,1,6,3,10,211,91,19,8,329,4,0,4,333
11/02/2008,SDF,KY,ASO,CE,Combined TRACON& Tower with Radar,124,94,18,5,241,0,0,11,5,16,124,94,29,10,257,0,0,0,257
11/03/2008,SDF,KY,ASO,CE,Combined TRACON& Tower with Radar,154,111,20,10,295,0,3,5,2,10,154,114,25,12,305,2,0,2,307
11/04/2008,SDF,KY,ASO,CE,Combined TRACON& Tower with Radar,340,120,27,4,491,0,2,4,5,11,340,122,31,9,502,12,2,14,516
11/05/2008,SDF,KY,ASO,CE,Combined TRACON& Tower with Radar,345,136,44,10,535,0,1,4,3,8,345,137,48,13,543,0,0,0,543
11/06/2008,SDF,KY,ASO,CE,Combined TRACON& Tower with Radar,342,123,31,6,502,0,2,0,2,4,342,125,31,8,506,0,0,0,506
11/07/2008,SDF,KY,ASO,CE,Combined TRACON& Tower with Radar,309,128,28,8,473,0,2,3,1,6,309,130,31,9,479,0,0,0,479
11/08/2008,SDF,KY,ASO,CE,Combined TRACON& Tower with Radar,201,88,10,0,299,0,0,2,0,2,201,88,12,0,301,0,0,0,301
11/09/2008,SDF,KY,ASO,CE,Combined TRACON& Tower with Radar,121,89,11,3,224,0,2,3,1,6,121,91,14,4,230,0,0,0,230
11/10/2008,SDF,KY,ASO,CE,Combined TRACON& Tower with Radar,156,105,26,2,289,0,2,2,0,4,156,107,28,2,293,0,0,0,293
11/11/2008,SDF,KY,ASO,CE,Combined TRACON& Tower with Radar,347,132,23,0,502,0,2,1,1,4,347,134,24,1,506,4,0,4,510
11/12/2008,SDF,KY,ASO,CE,Combined TRACON& Tower with Radar,339,133,23,11,506,0,0,1,2,3,339,133,24,13,509,2,0,2,511
11/13/2008,SDF,KY,ASO,CE,Combined TRACON& Tower with Radar,341,126,27,5,499,0,0,0,5,5,341,126,27,10,504,0,0,0,504
11/14/2008,SDF,KY,ASO,CE,Combined TRACON& Tower with Radar,305,117,33,12,467,0,2,2,0,4,305,119,35,12,471,0,0,0,471
11/15/2008,SDF,KY,ASO,CE,Combined TRACON& Tower with Radar,214,91,9,1,315,0,0,0,0,0,214,91,9,1,315,0,0,0,315
11/16/2008,SDF,KY,ASO,CE,Combined TRACON& Tower with Radar,124,81,26,2,233,0,2,1,0,3,124,83,27,2,236,0,0,0,236
11/17/2008,SDF,KY,ASO,CE,Combined TRACON& Tower with Radar,148,113,30,4,295,0,6,8,0,14,148,119,38,4,309,1,0,1,310
11/18/2008,SDF,KY,ASO,CE,Combined TRACON& Tower with Radar,342,125,15,8,490,0,0,4,4,8,342,125,19,12,498,4,4,8,506
11/19/2008,SDF,KY,ASO,CE,Combined TRACON& Tower with Radar,344,140,26,12,522,0,0,0,3,3,344,140,26,15,525,2,0,2,527
11/20/2008,SDF,KY,ASO,CE,Combined TRACON& Tower with Radar,338,145,39,18,540,0,0,1,1,2,338,145,40,19,542,7,0,7,549
11/21/2008,SDF,KY,ASO,CE,Combined TRACON& Tower with Radar,317,138,27,8,490,0,2,8,0,10,317,140,35,8,500,6,0,6,506
11/22/2008,SDF,KY,ASO,CE,Combined TRACON& Tower with Radar,214,89,8,1,312,0,0,2,0,2,214,89,10,1,314,0,0,0,314
11/23/2008,SDF,KY,ASO,CE,Combined TRACON& Tower with Radar,133,85,18,2,238,0,0,4,0,4,133,85,22,2,242,0,0,0,242
11/24/2008,SDF,KY,ASO,CE,Combined TRACON& Tower with Radar,162,99,20,0,281,0,0,0,0,0,162,99,20,0,281,0,0,0,281
11/25/2008,SDF,KY,ASO,CE,Combined TRACON& Tower with Radar,393,128,20,7,548,0,0,3,2,5,393,128,23,9,553,0,0,0,553
11/26/2008,SDF,KY,ASO,CE,Combined TRACON& Tower with Radar,380,121,24,5,530,0,0,8,0,8,380,121,32,5,538,0,0,0,538
11/27/2008,SDF,KY,ASO,CE,Combined TRACON& Tower with Radar,154,59,1,0,214,0,4,1,0,5,154,63,2,0,219,4,0,4,223
11/28/2008,SDF,KY,ASO,CE,Combined TRACON& Tower with Radar,217,62,5,0,284,0,0,2,2,4,217,62,7,2,288,0,0,0,288
11/29/2008,SDF,KY,ASO,CE,Combined TRACON& Tower with Radar,212,93,16,1,322,0,0,1,1,2,212,93,17,2,324,0,0,0,324
11/30/2008,SDF,KY,ASO,CE,Combined TRACON& Tower with Radar,130,90,30,0,250,0,2,1,0,3,130,92,31,0,253,0,0,0,253
12/01/2008,SDF,KY,ASO,CE,Combined TRACON& Tower with Radar,138,101,31,5,275,0,0,1,0,1,138,101,32,5,276,0,0,0,276
12/02/2008,SDF,KY,ASO,CE,Combined TRACON& Tower with Radar,401,128,51,7,587,0,1,3,4,8,401,129,54,11,595,1,0,1,596
12/03/2008,SDF,KY,ASO,CE,Combined TRACON& Tower with Radar,366,118,55,8,547,0,2,2,1,5,366,120,57,9,552,0,0,0,552
12/04/2008,SDF,KY,ASO,CE,Combined TRACON& Tower with Radar,385,132,45,9,571,0,0,1,2,3,385,132,46,11,574,4,0,4,578
12/05/2008,SDF,KY,ASO,CE,Combined TRACON& Tower with Radar,325,128,25,3,481,0,2,5,1,8,325,130,30,4,489,0,0,0,489
12/06/2008,SDF,KY,ASO,CE,Combined TRACON& Tower with Radar,207,86,19,2,314,0,2,2,2,6,207,88,21,4,320,0,0,0,320
12/07/2008,SDF,KY,ASO,CE,Combined TRACON& Tower with Radar,138,84,24,1,247,0,5,5,0,10,138,89,29,1,257,0,0,0,257
12/08/2008,SDF,KY,ASO,CE,Combined TRACON& Tower with Radar,163,99,33,6,301,0,0,4,1,5,163,99,37,7,306,0,0,0,306
12/09/2008,SDF,KY,ASO,CE,Combined TRACON& Tower with Radar,391,114,29,1,535,0,0,1,0,1,391,114,30,1,536,0,0,0,536
12/10/2008,SDF,KY,ASO,CE,Combined TRACON& Tower with Radar,380,128,46,6,560,0,0,0,0,0,380,128,46,6,560,0,0,0,560
12/11/2008,SDF,KY,ASO,CE,Combined TRACON& Tower with Radar,375,138,45,5,563,0,0,2,7,9,375,138,47,12,572,0,0,0,572
12/12/2008,SDF,KY,ASO,CE,Combined TRACON& Tower with Radar,326,129,15,6,476,0,3,1,0,4,326,132,16,6,480,2,0,2,482
12/13/2008,SDF,KY,ASO,CE,Combined TRACON& Tower with Radar,209,82,14,3,308,0,0,0,0,0,209,82,14,3,308,0,0,0,308
12/14/2008,SDF,KY,ASO,CE,Combined TRACON& Tower with Radar,126,88,12,2,228,0,0,2,0,2,126,88,14,2,230,0,0,0,230
12/15/2008,SDF,KY,ASO,CE,Combined TRACON& Tower with Radar,171,106,36,2,315,0,0,1,0,1,171,106,37,2,316,0,0,0,316
12/16/2008,SDF,KY,ASO,CE,Combined TRACON& Tower with Radar,444,117,29,2,592,0,0,0,0,0,444,117,29,2,592,0,0,0,592
12/17/2008,SDF,KY,ASO,CE,Combined TRACON& Tower with Radar,457,123,41,13,634,0,0,0,0,0,457,123,41,13,634,0,0,0,634
12/18/2008,SDF,KY,ASO,CE,Combined TRACON& Tower with Radar,428,148,52,2,630,0,0,0,0,0,428,148,52,2,630,0,0,0,630
12/19/2008,SDF,KY,ASO,CE,Combined TRACON& Tower with Radar,410,138,15,0,563,0,0,2,0,2,410,138,17,0,565,2,0,2,567
12/20/2008,SDF,KY,ASO,CE,Combined TRACON& Tower with Radar,298,86,9,2,395,0,0,3,0,3,298,86,12,2,398,2,0,2,400
12/21/2008,SDF,KY,ASO,CE,Combined TRACON& Tower with Radar,174,77,10,0,261,0,0,2,0,2,174,77,12,0,263,0,0,0,263
12/22/2008,SDF,KY,ASO,CE,Combined TRACON& Tower with Radar,197,100,17,0,314,0,2,1,0,3,197,102,18,0,317,0,0,0,317
12/23/2008,SDF,KY,ASO,CE,Combined TRACON& Tower with Radar,483,124,18,0,625,0,2,0,0,2,483,126,18,0,627,0,0,0,627
12/24/2008,SDF,KY,ASO,CE,Combined TRACON& Tower with Radar,467,109,3,0,579,0,0,0,0,0,467,109,3,0,579,0,0,0,579
12/25/2008,SDF,KY,ASO,CE,Combined TRACON& Tower with Radar,154,70,4,0,228,0,0,1,0,1,154,70,5,0,229,0,0,0,229
12/26/2008,SDF,KY,ASO,CE,Combined TRACON& Tower with Radar,232,119,25,0,376,0,2,3,0,5,232,121,28,0,381,0,0,0,381
12/27/2008,SDF,KY,ASO,CE,Combined TRACON& Tower with Radar,231,94,28,0,353,0,0,2,0,2,231,94,30,0,355,0,0,0,355
12/28/2008,SDF,KY,ASO,CE,Combined TRACON& Tower with Radar,121,93,5,2,221,0,0,9,0,9,121,93,14,2,230,0,0,0,230
12/29/2008,SDF,KY,ASO,CE,Combined TRACON& Tower with Radar,114,95,17,0,226,0,4,8,0,12,114,99,25,0,238,0,0,0,238
12/30/2008,SDF,KY,ASO,CE,Combined TRACON& Tower with Radar,369,134,13,0,516,0,1,4,2,7,369,135,17,2,523,0,0,0,523
12/31/2008,SDF,KY,ASO,CE,Combined TRACON& Tower with Radar,349,116,7,0,472,0,0,0,0,0,349,116,7,0,472,0,0,0,472
01/01/2009,SDF,KY,ASO,CE,Combined TRACON& Tower with Radar,149,77,0,0,226,0,0,0,0,0,149,77,0,0,226,0,0,0,226
01/02/2009,SDF,KY,ASO,CE,Combined TRACON& Tower with Radar,234,100,7,1,342,0,4,4,0,8,234,104,11,1,350,0,0,0,350
01/03/2009,SDF,KY,ASO,CE,Combined TRACON& Tower with Radar,199,89,19,1,308,0,0,3,0,3,199,89,22,1,311,0,0,0,311
01/04/2009,SDF,KY,ASO,CE,Combined TRACON& Tower with Radar,117,100,19,2,238,0,0,1,0,1,117,100,20,2,239,0,0,0,239
01/05/2009,SDF,KY,ASO,CE,Combined TRACON& Tower with Radar,136,106,20,0,262,0,0,4,0,4,136,106,24,0,266,6,8,14,280
01/06/2009,SDF,KY,ASO,CE,Combined TRACON& Tower with Radar,339,134,12,0,485,0,0,0,0,0,339,134,12,0,485,0,0,0,485
01/07/2009,SDF,KY,ASO,CE,Combined TRACON& Tower with Radar,335,117,25,11,488,0,0,3,0,3,335,117,28,11,491,0,0,0,491
01/08/2009,SDF,KY,ASO,CE,Combined TRACON& Tower with Radar,340,130,29,3,502,0,0,3,3,6,340,130,32,6,508,0,0,0,508
01/09/2009,SDF,KY,ASO,CE,Combined TRACON& Tower with Radar,293,126,20,7,446,0,2,3,1,6,293,128,23,8,452,0,0,0,452
01/10/2009,SDF,KY,ASO,CE,Combined TRACON& Tower with Radar,202,86,10,7,305,0,0,0,0,0,202,86,10,7,305,0,0,0,305
01/11/2009,SDF,KY,ASO,CE,Combined TRACON& Tower with Radar,119,81,11,9,220,0,0,2,2,4,119,81,13,11,224,2,0,2,226
01/12/2009,SDF,KY,ASO,CE,Combined TRACON& Tower with Radar,131,97,18,6,252,0,0,5,3,8,131,97,23,9,260,4,0,4,264
01/13/2009,SDF,KY,ASO,CE,Combined TRACON& Tower with Radar,338,128,22,7,495,0,2,9,1,12,338,130,31,8,507,0,0,0,507
01/14/2009,SDF,KY,ASO,CE,Combined TRACON& Tower with Radar,326,121,18,8,473,0,2,0,2,4,326,123,18,10,477,2,0,2,479
01/15/2009,SDF,KY,ASO,CE,Combined TRACON& Tower with Radar,337,128,18,5,488,0,0,5,5,10,337,128,23,10,498,0,0,0,498
01/16/2009,SDF,KY,ASO,CE,Combined TRACON& Tower with Radar,297,126,21,8,452,0,0,2,1,3,297,126,23,9,455,0,0,0,455
01/17/2009,SDF,KY,ASO,CE,Combined TRACON& Tower with Radar,208,91,18,10,327,0,0,4,0,4,208,91,22,10,331,0,0,0,331
01/18/2009,SDF,KY,ASO,CE,Combined TRACON& Tower with Radar,114,67,18,4,203,0,0,0,0,0,114,67,18,4,203,0,0,0,203
01/19/2009,SDF,KY,ASO,CE,Combined TRACON& Tower with Radar,138,97,16,1,252,0,0,4,0,4,138,97,20,1,256,0,0,0,256
01/20/2009,SDF,KY,ASO,CE,Combined TRACON& Tower with Radar,343,126,22,6,497,0,2,17,0,19,343,128,39,6,516,0,0,0,516
01/21/2009,SDF,KY,ASO,CE,Combined TRACON& Tower with Radar,332,126,31,13,502,0,0,5,5,10,332,126,36,18,512,2,0,2,514
01/22/2009,SDF,KY,ASO,CE,Combined TRACON& Tower with Radar,331,133,35,10,509,0,1,8,2,11,331,134,43,12,520,0,0,0,520
01/23/2009,SDF,KY,ASO,CE,Combined TRACON& Tower with Radar,289,126,30,11,456,0,3,8,1,12,289,129,38,12,468,0,0,0,468
01/24/2009,SDF,KY,ASO,CE,Combined TRACON& Tower with Radar,204,91,19,6,320,0,0,2,2,4,204,91,21,8,324,0,0,0,324
01/25/2009,SDF,KY,ASO,CE,Combined TRACON& Tower with Radar,120,80,16,10,226,0,1,10,0,11,120,81,26,10,237,0,0,0,237
01/26/2009,SDF,KY,ASO,CE,Combined TRACON& Tower with Radar,141,100,18,7,266,0,6,7,2,15,141,106,25,9,281,2,0,2,283
01/27/2009,SDF,KY,ASO,CE,Combined TRACON& Tower with Radar,236,73,12,0,321,0,0,0,0,0,236,73,12,0,321,0,0,0,321
01/28/2009,SDF,KY,ASO,CE,Combined TRACON& Tower with Radar,311,82,18,0,411,0,0,0,2,2,311,82,18,2,413,0,0,0,413
01/29/2009,SDF,KY,ASO,CE,Combined TRACON& Tower with Radar,347,125,13,2,487,0,0,0,1,1,347,125,13,3,488,2,0,2,490
01/30/2009,SDF,KY,ASO,CE,Combined TRACON& Tower with Radar,301,134,28,6,469,0,0,5,0,5,301,134,33,6,474,10,0,10,484
01/31/2009,SDF,KY,ASO,CE,Combined TRACON& Tower with Radar,203,96,10,3,312,0,0,0,1,1,203,96,10,4,313,12,0,12,325
02/01/2009,SDF,KY,ASO,CE,Combined TRACON& Tower with Radar,116,76,12,3,207,0,3,4,1,8,116,79,16,4,215,0,0,0,215
02/02/2009,SDF,KY,ASO,CE,Combined TRACON& Tower with Radar,134,99,28,5,266,0,1,6,1,8,134,100,34,6,274,0,0,0,274
02/03/2009,SDF,KY,ASO,CE,Combined TRACON& Tower with Radar,325,115,12,8,460,0,0,0,0,0,325,115,12,8,460,0,0,0,460
02/04/2009,SDF,KY,ASO,CE,Combined TRACON& Tower with Radar,329,134,21,7,491,0,1,4,2,7,329,135,25,9,498,0,0,0,498
02/05/2009,SDF,KY,ASO,CE,Combined TRACON& Tower with Radar,335,128,34,16,513,0,3,12,3,18,335,131,46,19,531,4,0,4,535
02/06/2009,SDF,KY,ASO,CE,Combined TRACON& Tower with Radar,291,132,17,18,458,0,0,7,3,10,291,132,24,21,468,0,0,0,468
02/07/2009,SDF,KY,ASO,CE,Combined TRACON& Tower with Radar,199,93,9,6,307,0,6,8,0,14,199,99,17,6,321,6,10,16,337
02/08/2009,SDF,KY,ASO,CE,Combined TRACON& Tower with Radar,116,79,21,7,223,0,3,2,0,5,116,82,23,7,228,9,0,9,237
02/09/2009,SDF,KY,ASO,CE,Combined TRACON& Tower with Radar,137,96,20,12,265,0,9,10,2,21,137,105,30,14,286,2,0,2,288
02/10/2009,SDF,KY,ASO,CE,Combined TRACON& Tower with Radar,331,138,36,10,515,0,0,9,2,11,331,138,45,12,526,4,0,4,530
02/11/2009,SDF,KY,ASO,CE,Combined TRACON& Tower with Radar,344,127,19,0,490,0,6,2,0,8,344,133,21,0,498,0,0,0,498
02/12/2009,SDF,KY,ASO,CE,Combined TRACON& Tower with Radar,346,136,53,11,546,0,0,14,4,18,346,136,67,15,564,0,0,0,564
02/13/2009,SDF,KY,ASO,CE,Combined TRACON& Tower with Radar,317,128,25,5,475,0,2,11,2,15,317,130,36,7,490,0,0,0,490
02/14/2009,SDF,KY,ASO,CE,Combined TRACON& Tower with Radar,211,92,15,0,318,0,4,10,0,14,211,96,25,0,332,4,0,4,336
02/15/2009,SDF,KY,ASO,CE,Combined TRACON& Tower with Radar,127,81,8,2,218,0,0,6,0,6,127,81,14,2,224,2,0,2,226
02/16/2009,SDF,KY,ASO,CE,Combined TRACON& Tower with Radar,141,99,33,0,273,0,1,3,0,4,141,100,36,0,277,0,0,0,277
02/17/2009,SDF,KY,ASO,CE,Combined TRACON& Tower with Radar,319,123,17,0,459,0,2,3,0,5,319,125,20,0,464,0,0,0,464
02/18/2009,SDF,KY,ASO,CE,Combined TRACON& Tower with Radar,330,131,36,7,504,0,1,2,3,6,330,132,38,10,510,2,0,2,512
02/19/2009,SDF,KY,ASO,CE,Combined TRACON& Tower with Radar,329,115,25,10,479,0,4,4,1,9,329,119,29,11,488,0,0,0,488
02/20/2009,SDF,KY,ASO,CE,Combined TRACON& Tower with Radar,289,127,22,7,445,0,2,16,0,18,289,129,38,7,463,0,0,0,463
02/21/2009,SDF,KY,ASO,CE,Combined TRACON& Tower with Radar,196,84,9,3,292,0,0,0,0,0,196,84,9,3,292,0,0,0,292
02/22/2009,SDF,KY,ASO,CE,Combined TRACON& Tower with Radar,111,89,14,4,218,0,2,4,0,6,111,91,18,4,224,0,0,0,224
02/23/2009,SDF,KY,ASO,CE,Combined TRACON& Tower with Radar,141,102,18,0,261,0,0,5,0,5,141,102,23,0,266,6,0,6,272
02/24/2009,SDF,KY,ASO,CE,Combined TRACON& Tower with Radar,333,130,25,6,494,0,0,8,1,9,333,130,33,7,503,3,0,3,506
02/25/2009,SDF,KY,ASO,CE,Combined TRACON& Tower with Radar,327,129,21,10,487,0,1,7,4,12,327,130,28,14,499,16,0,16,515
02/26/2009,SDF,KY,ASO,CE,Combined TRACON& Tower with Radar,324,131,40,8,503,0,0,1,1,2,324,131,41,9,505,0,0,0,505
02/27/2009,SDF,KY,ASO,CE,Combined TRACON& Tower with Radar,295,130,27,7,459,0,0,4,2,6,295,130,31,9,465,0,0,0,465
02/28/2009,SDF,KY,ASO,CE,Combined TRACON& Tower with Radar,202,88,14,2,306,0,0,1,0,1,202,88,15,2,307,0,0,0,307
03/01/2009,SDF,KY,ASO,CE,Combined TRACON& Tower with Radar,119,74,25,1,219,0,1,7,0,8,119,75,32,1,227,1,0,1,228
03/02/2009,SDF,KY,ASO,CE,Combined TRACON& Tower with Radar,131,85,18,3,237,0,2,8,0,10,131,87,26,3,247,4,2,6,253
03/03/2009,SDF,KY,ASO,CE,Combined TRACON& Tower with Radar,340,131,33,5,509,0,0,8,5,13,340,131,41,10,522,4,0,4,526
03/04/2009,SDF,KY,ASO,CE,Combined TRACON& Tower with Radar,319,120,16,5,460,0,0,3,4,7,319,120,19,9,467,0,0,0,467
03/05/2009,SDF,KY,ASO,CE,Combined TRACON& Tower with Radar,313,128,32,3,476,0,0,4,0,4,313,128,36,3,480,6,0,6,486
03/06/2009,SDF,KY,ASO,CE,Combined TRACON& Tower with Radar,285,126,40,3,454,0,0,5,3,8,285,126,45,6,462,0,0,0,462
03/07/2009,SDF,KY,ASO,CE,Combined TRACON& Tower with Radar,208,86,10,0,304,0,0,8,0,8,208,86,18,0,312,0,0,0,312
03/08/2009,SDF,KY,ASO,CE,Combined TRACON& Tower with Radar,117,84,14,2,217,0,0,3,0,3,117,84,17,2,220,10,0,10,230
03/09/2009,SDF,KY,ASO,CE,Combined TRACON& Tower with Radar,144,91,22,4,261,0,1,5,3,9,144,92,27,7,270,0,0,0,270
03/10/2009,SDF,KY,ASO,CE,Combined TRACON& Tower with Radar,325,129,21,7,482,0,0,10,7,17,325,129,31,14,499,0,0,0,499
03/11/2009,SDF,KY,ASO,CE,Combined TRACON& Tower with Radar,310,139,17,9,475,0,0,5,1,6,310,139,22,10,481,0,0,0,481
03/12/2009,SDF,KY,ASO,CE,Combined TRACON& Tower with Radar,323,136,33,1,493,0,0,6,2,8,323,136,39,3,501,0,0,0,501
03/13/2009,SDF,KY,ASO,CE,Combined TRACON& Tower with Radar,284,131,17,16,448,0,0,3,3,6,284,131,20,19,454,0,0,0,454
03/14/2009,SDF,KY,ASO,CE,Combined TRACON& Tower with Radar,202,83,12,4,301,0,0,0,0,0,202,83,12,4,301,0,0,0,301
03/15/2009,SDF,KY,ASO,CE,Combined TRACON& Tower with Radar,120,98,30,2,250,0,0,0,0,0,120,98,30,2,250,0,0,0,250
03/16/2009,SDF,KY,ASO,CE,Combined TRACON& Tower with Radar,147,96,22,3,268,0,0,5,4,9,147,96,27,7,277,0,0,0,277
03/17/2009,SDF,KY,ASO,CE,Combined TRACON& Tower with Radar,323,120,24,6,473,0,0,4,5,9,323,120,28,11,482,0,0,0,482
03/18/2009,SDF,KY,ASO,CE,Combined TRACON& Tower with Radar,321,125,32,10,488,0,2,8,7,17,321,127,40,17,505,4,0,4,509
03/19/2009,SDF,KY,ASO,CE,Combined TRACON& Tower with Radar,313,145,45,1,504,0,7,6,2,15,313,152,51,3,519,0,0,0,519
03/20/2009,SDF,KY,ASO,CE,Combined TRACON& Tower with Radar,285,128,34,7,454,0,1,8,9,18,285,129,42,16,472,4,9,13,485
03/21/2009,SDF,KY,ASO,CE,Combined TRACON& Tower with Radar,199,88,40,0,327,0,2,7,2,11,199,90,47,2,338,30,0,30,368
03/22/2009,SDF,KY,ASO,CE,Combined TRACON& Tower with Radar,117,89,13,4,223,0,8,16,0,24,117,97,29,4,247,2,0,2,249
03/23/2009,SDF,KY,ASO,CE,Combined TRACON& Tower with Radar,140,94,18,8,260,0,2,9,0,11,140,96,27,8,271,4,0,4,275
03/24/2009,SDF,KY,ASO,CE,Combined TRACON& Tower with Radar,318,126,28,1,473,0,0,43,0,43,318,126,71,1,516,3,1,4,520
03/25/2009,SDF,KY,ASO,CE,Combined TRACON& Tower with Radar,330,141,23,2,496,0,0,4,0,4,330,141,27,2,500,0,0,0,500
03/26/2009,SDF,KY,ASO,CE,Combined TRACON& Tower with Radar,317,140,21,3,481,0,0,1,0,1,317,140,22,3,482,0,0,0,482
03/27/2009,SDF,KY,ASO,CE,Combined TRACON& Tower with Radar,292,127,15,0,434,0,2,6,0,8,292,129,21,0,442,0,0,0,442
03/28/2009,SDF,KY,ASO,CE,Combined TRACON& Tower with Radar,210,84,14,1,309,0,0,0,0,0,210,84,14,1,309,0,0,0,309
03/29/2009,SDF,KY,ASO,CE,Combined TRACON& Tower with Radar,115,80,15,2,212,0,0,4,0,4,115,80,19,2,216,0,0,0,216
03/30/2009,SDF,KY,ASO,CE,Combined TRACON& Tower with Radar,145,95,19,1,260,0,2,10,0,12,145,97,29,1,272,7,0,7,279
03/31/2009,SDF,KY,ASO,CE,Combined TRACON& Tower with Radar,336,121,23,4,484,0,0,5,0,5,336,121,28,4,489,4,0,4,493
04/01/2009,SDF,KY,ASO,CE,Combined TRACON& Tower with Radar,331,127,15,2,475,0,2,7,2,11,331,129,22,4,486,0,0,0,486
04/02/2009,SDF,KY,ASO,CE,Combined TRACON& Tower with Radar,321,132,27,3,483,0,6,2,1,9,321,138,29,4,492,2,0,2,494
04/03/2009,SDF,KY,ASO,CE,Combined TRACON& Tower with Radar,293,128,16,3,440,0,1,2,0,3,293,129,18,3,443,5,0,5,448
04/04/2009,SDF,KY,ASO,CE,Combined TRACON& Tower with Radar,215,88,13,5,321,0,1,14,0,15,215,89,27,5,336,6,0,6,342
04/05/2009,SDF,KY,ASO,CE,Combined TRACON& Tower with Radar,114,92,10,6,222,0,0,10,1,11,114,92,20,7,233,5,0,5,238
04/06/2009,SDF,KY,ASO,CE,Combined TRACON& Tower with Radar,142,100,16,0,258,0,0,4,0,4,142,100,20,0,262,2,0,2,264
04/07/2009,SDF,KY,ASO,CE,Combined TRACON& Tower with Radar,337,124,25,2,488,0,2,8,0,10,337,126,33,2,498,0,0,0,498
04/08/2009,SDF,KY,ASO,CE,Combined TRACON& Tower with Radar,317,125,39,0,481,0,4,2,1,7,317,129,41,1,488,0,0,0,488
04/09/2009,SDF,KY,ASO,CE,Combined TRACON& Tower with Radar,312,132,29,1,474,0,2,5,2,9,312,134,34,3,483,0,0,0,483
04/10/2009,SDF,KY,ASO,CE,Combined TRACON& Tower with Radar,282,113,20,4,419,0,1,1,0,2,282,114,21,4,421,0,0,0,421
04/11/2009,SDF,KY,ASO,CE,Combined TRACON& Tower with Radar,198,97,12,2,309,0,1,5,0,6,198,98,17,2,315,0,0,0,315
04/12/2009,SDF,KY,ASO,CE,Combined TRACON& Tower with Radar,116,90,7,2,215,0,0,1,0,1,116,90,8,2,216,12,0,12,228
04/13/2009,SDF,KY,ASO,CE,Combined TRACON& Tower with Radar,142,88,23,4,257,0,0,0,1,1,142,88,23,5,258,1,0,1,259
04/14/2009,SDF,KY,ASO,CE,Combined TRACON& Tower with Radar,319,125,28,2,474,0,0,1,0,1,319,125,29,2,475,0,0,0,475
04/15/2009,SDF,KY,ASO,CE,Combined TRACON& Tower with Radar,315,136,20,8,479,0,0,2,0,2,315,136,22,8,481,0,0,0,481
04/16/2009,SDF,KY,ASO,CE,Combined TRACON& Tower with Radar,320,136,30,8,494,0,2,8,1,11,320,138,38,9,505,0,0,0,505
04/17/2009,SDF,KY,ASO,CE,Combined TRACON& Tower with Radar,280,122,24,13,439,0,1,12,13,26,280,123,36,26,465,120,43,163,628
04/18/2009,SDF,KY,ASO,CE,Combined TRACON& Tower with Radar,202,92,12,7,313,0,3,8,33,44,202,95,20,40,357,2,30,32,389
04/19/2009,SDF,KY,ASO,CE,Combined TRACON& Tower with Radar,118,89,5,14,226,0,0,0,1,1,118,89,5,15,227,0,0,0,227
04/20/2009,SDF,KY,ASO,CE,Combined TRACON& Tower with Radar,142,93,18,16,269,0,2,0,1,3,142,95,18,17,272,2,0,2,274
04/21/2009,SDF,KY,ASO,CE,Combined TRACON& Tower with Radar,324,120,26,3,473,0,0,3,0,3,324,120,29,3,476,0,0,0,476
04/22/2009,SDF,KY,ASO,CE,Combined TRACON& Tower with Radar,326,121,32,4,483,0,0,8,3,11,326,121,40,7,494,0,0,0,494
04/23/2009,SDF,KY,ASO,CE,Combined TRACON& Tower with Radar,316,118,31,4,469,0,0,9,2,11,316,118,40,6,480,0,0,0,480
04/24/2009,SDF,KY,ASO,CE,Combined TRACON& Tower with Radar,292,123,22,8,445,0,1,18,0,19,292,124,40,8,464,29,0,29,493
04/25/2009,SDF,KY,ASO,CE,Combined TRACON& Tower with Radar,196,89,8,7,300,0,0,12,1,13,196,89,20,8,313,0,0,0,313
04/26/2009,SDF,KY,ASO,CE,Combined TRACON& Tower with Radar,126,87,12,1,226,0,1,9,1,11,126,88,21,2,237,14,0,14,251
04/27/2009,SDF,KY,ASO,CE,Combined TRACON& Tower with Radar,145,99,23,1,268,0,0,4,0,4,145,99,27,1,272,0,0,0,272
04/28/2009,SDF,KY,ASO,CE,Combined TRACON& Tower with Radar,332,123,23,4,482,0,0,4,0,4,332,123,27,4,486,2,0,2,488
04/29/2009,SDF,KY,ASO,CE,Combined TRACON& Tower with Radar,318,130,38,2,488,0,0,12,0,12,318,130,50,2,500,0,0,0,500
04/30/2009,SDF,KY,ASO,CE,Combined TRACON& Tower with Radar,353,183,132,3,671,0,0,16,0,16,353,183,148,3,687,40,0,40,727
05/01/2009,SDF,KY,ASO,CE,Combined TRACON& Tower with Radar,329,160,107,3,599,0,0,30,2,32,329,160,137,5,631,49,0,49,680
05/02/2009,SDF,KY,ASO,CE,Combined TRACON& Tower with Radar,209,161,127,0,497,0,1,27,4,32,209,162,154,4,529,14,0,14,543
05/03/2009,SDF,KY,ASO,CE,Combined TRACON& Tower with Radar,188,169,137,0,494,0,0,1,0,1,188,169,138,0,495,0,0,0,495
05/04/2009,SDF,KY,ASO,CE,Combined TRACON& Tower with Radar,163,89,22,2,276,1,0,0,0,1,164,89,22,2,277,0,0,0,277
05/05/2009,SDF,KY,ASO,CE,Combined TRACON& Tower with Radar,329,120,27,0,476,0,1,9,0,10,329,121,36,0,486,10,0,10,496
05/06/2009,SDF,KY,ASO,CE,Combined TRACON& Tower with Radar,323,128,45,3,499,0,0,0,0,0,323,128,45,3,499,0,0,0,499
05/07/2009,SDF,KY,ASO,CE,Combined TRACON& Tower with Radar,328,126,39,4,497,0,0,2,0,2,328,126,41,4,499,0,0,0,499
05/08/2009,SDF,KY,ASO,CE,Combined TRACON& Tower with Radar,299,117,32,1,449,0,2,0,0,2,299,119,32,1,451,8,0,8,459
05/09/2009,SDF,KY,ASO,CE,Combined TRACON& Tower with Radar,223,88,9,4,324,0,0,0,0,0,223,88,9,4,324,25,0,25,349
05/10/2009,SDF,KY,ASO,CE,Combined TRACON& Tower with Radar,118,84,10,1,213,0,3,2,0,5,118,87,12,1,218,12,0,12,230
05/11/2009,SDF,KY,ASO,CE,Combined TRACON& Tower with Radar,141,90,16,6,253,0,6,1,2,9,141,96,17,8,262,0,0,0,262
05/12/2009,SDF,KY,ASO,CE,Combined TRACON& Tower with Radar,333,118,11,3,465,0,0,7,0,7,333,118,18,3,472,0,0,0,472
05/13/2009,SDF,KY,ASO,CE,Combined TRACON& Tower with Radar,317,113,26,8,464,0,0,4,0,4,317,113,30,8,468,0,0,0,468
05/14/2009,SDF,KY,ASO,CE,Combined TRACON& Tower with Radar,323,115,27,3,468,0,0,2,0,2,323,115,29,3,470,0,0,0,470
05/15/2009,SDF,KY,ASO,CE,Combined TRACON& Tower with Radar,297,120,14,7,438,0,0,3,0,3,297,120,17,7,441,0,0,0,441
05/16/2009,SDF,KY,ASO,CE,Combined TRACON& Tower with Radar,203,86,11,9,309,0,2,6,0,8,203,88,17,9,317,0,0,0,317
05/17/2009,SDF,KY,ASO,CE,Combined TRACON& Tower with Radar,127,88,22,1,238,0,0,5,9,14,127,88,27,10,252,16,0,16,268
05/18/2009,SDF,KY,ASO,CE,Combined TRACON& Tower with Radar,148,86,26,3,263,0,0,7,0,7,148,86,33,3,270,0,0,0,270
05/19/2009,SDF,KY,ASO,CE,Combined TRACON& Tower with Radar,331,113,29,2,475,0,1,7,0,8,331,114,36,2,483,6,0,6,489
05/20/2009,SDF,KY,ASO,CE,Combined TRACON& Tower with Radar,322,114,41,6,483,0,2,7,3,12,322,116,48,9,495,0,0,0,495
05/21/2009,SDF,KY,ASO,CE,Combined TRACON& Tower with Radar,318,125,43,8,494,0,1,6,1,8,318,126,49,9,502,0,10,10,512
05/22/2009,SDF,KY,ASO,CE,Combined TRACON& Tower with Radar,302,117,21,1,441,0,0,5,1,6,302,117,26,2,447,0,0,0,447
05/23/2009,SDF,KY,ASO,CE,Combined TRACON& Tower with Radar,205,84,11,1,301,0,3,8,0,11,205,87,19,1,312,2,0,2,314
05/24/2009,SDF,KY,ASO,CE,Combined TRACON& Tower with Radar,88,77,2,0,167,0,0,7,0,7,88,77,9,0,174,0,0,0,174
05/25/2009,SDF,KY,ASO,CE,Combined TRACON& Tower with Radar,118,81,6,0,205,0,1,2,2,5,118,82,8,2,210,8,3,11,221
05/26/2009,SDF,KY,ASO,CE,Combined TRACON& Tower with Radar,211,101,19,3,334,0,0,0,0,0,211,101,19,3,334,0,0,0,334
05/27/2009,SDF,KY,ASO,CE,Combined TRACON& Tower with Radar,344,112,35,8,499,0,0,2,1,3,344,112,37,9,502,5,0,5,507
05/28/2009,SDF,KY,ASO,CE,Combined TRACON& Tower with Radar,324,124,33,9,490,0,0,0,2,2,324,124,33,11,492,0,0,0,492
05/29/2009,SDF,KY,ASO,CE,Combined TRACON& Tower with Radar,287,123,29,6,445,0,2,9,1,12,287,125,38,7,457,9,0,9,466
05/30/2009,SDF,KY,ASO,CE,Combined TRACON& Tower with Radar,205,92,13,0,310,0,2,1,1,4,205,94,14,1,314,0,0,0,314
05/31/2009,SDF,KY,ASO,CE,Combined TRACON& Tower with Radar,126,83,12,1,222,0,1,16,2,19,126,84,28,3,241,1,0,1,242
06/01/2009,SDF,KY,ASO,CE,Combined TRACON& Tower with Radar,149,88,21,0,258,0,0,12,0,12,149,88,33,0,270,0,0,0,270
06/02/2009,SDF,KY,ASO,CE,Combined TRACON& Tower with Radar,325,112,27,4,468,0,2,11,4,17,325,114,38,8,485,0,0,0,485
06/03/2009,SDF,KY,ASO,CE,Combined TRACON& Tower with Radar,332,108,27,7,474,0,0,13,0,13,332,108,40,7,487,10,0,10,497
06/04/2009,SDF,KY,ASO,CE,Combined TRACON& Tower with Radar,318,126,27,7,478,0,0,3,2,5,318,126,30,9,483,0,0,0,483
06/05/2009,SDF,KY,ASO,CE,Combined TRACON& Tower with Radar,281,130,19,1,431,0,1,9,0,10,281,131,28,1,441,0,0,0,441
06/06/2009,SDF,KY,ASO,CE,Combined TRACON& Tower with Radar,204,98,18,6,326,0,0,11,0,11,204,98,29,6,337,0,0,0,337
06/07/2009,SDF,KY,ASO,CE,Combined TRACON& Tower with Radar,124,98,13,12,247,0,0,9,2,11,124,98,22,14,258,2,0,2,260
06/08/2009,SDF,KY,ASO,CE,Combined TRACON& Tower with Radar,142,98,20,4,264,0,0,3,4,7,142,98,23,8,271,11,0,11,282
06/09/2009,SDF,KY,ASO,CE,Combined TRACON& Tower with Radar,319,119,22,6,466,0,0,10,4,14,319,119,32,10,480,4,0,4,484
06/10/2009,SDF,KY,ASO,CE,Combined TRACON& Tower with Radar,322,129,20,10,481,0,2,4,8,14,322,131,24,18,495,4,0,4,499
06/11/2009,SDF,KY,ASO,CE,Combined TRACON& Tower with Radar,311,133,26,7,477,0,1,1,1,3,311,134,27,8,480,0,0,0,480
06/12/2009,SDF,KY,ASO,CE,Combined TRACON& Tower with Radar,294,135,18,13,460,0,1,3,1,5,294,136,21,14,465,0,0,0,465
06/13/2009,SDF,KY,ASO,CE,Combined TRACON& Tower with Radar,209,106,15,3,333,0,4,8,0,12,209,110,23,3,345,0,0,0,345
06/14/2009,SDF,KY,ASO,CE,Combined TRACON& Tower with Radar,122,92,10,2,226,0,2,7,0,9,122,94,17,2,235,6,0,6,241
06/15/2009,SDF,KY,ASO,CE,Combined TRACON& Tower with Radar,141,98,27,2,268,0,2,4,0,6,141,100,31,2,274,0,0,0,274
06/16/2009,SDF,KY,ASO,CE,Combined TRACON& Tower with Radar,318,132,15,2,467,0,1,0,0,1,318,133,15,2,468,0,0,0,468
06/17/2009,SDF,KY,ASO,CE,Combined TRACON& Tower with Radar,316,138,29,2,485,0,0,26,0,26,316,138,55,2,511,0,0,0,511
06/18/2009,SDF,KY,ASO,CE,Combined TRACON& Tower with Radar,321,128,32,10,491,0,0,10,2,12,321,128,42,12,503,2,0,2,505
06/19/2009,SDF,KY,ASO,CE,Combined TRACON& Tower with Radar,277,124,20,17,438,0,0,14,2,16,277,124,34,19,454,20,0,20,474
06/20/2009,SDF,KY,ASO,CE,Combined TRACON& Tower with Radar,208,106,19,0,333,0,0,5,0,5,208,106,24,0,338,0,0,0,338
06/21/2009,SDF,KY,ASO,CE,Combined TRACON& Tower with Radar,120,102,8,2,232,0,0,8,0,8,120,102,16,2,240,0,0,0,240
06/22/2009,SDF,KY,ASO,CE,Combined TRACON& Tower with Radar,146,104,32,1,283,0,0,2,0,2,146,104,34,1,285,7,8,15,300
06/23/2009,SDF,KY,ASO,CE,Combined TRACON& Tower with Radar,325,134,32,5,496,0,0,4,0,4,325,134,36,5,500,0,0,0,500
06/24/2009,SDF,KY,ASO,CE,Combined TRACON& Tower with Radar,323,140,26,11,500,0,4,7,0,11,323,144,33,11,511,4,0,4,515
06/25/2009,SDF,KY,ASO,CE,Combined TRACON& Tower with Radar,322,154,46,11,533,0,0,10,0,10,322,154,56,11,543,2,1,3,546
06/26/2009,SDF,KY,ASO,CE,Combined TRACON& Tower with Radar,284,129,29,15,457,0,2,4,2,8,284,131,33,17,465,0,0,0,465
06/27/2009,SDF,KY,ASO,CE,Combined TRACON& Tower with Radar,208,101,16,3,328,0,2,1,0,3,208,103,17,3,331,0,0,0,331
06/28/2009,SDF,KY,ASO,CE,Combined TRACON& Tower with Radar,123,102,14,3,242,0,0,5,0,5,123,102,19,3,247,0,0,0,247
06/29/2009,SDF,KY,ASO,CE,Combined TRACON& Tower with Radar,144,106,19,6,275,0,2,3,4,9,144,108,22,10,284,0,0,0,284
06/30/2009,SDF,KY,ASO,CE,Combined TRACON& Tower with Radar,325,128,20,6,479,0,0,6,4,10,325,128,26,10,489,6,0,6,495
07/01/2009,SDF,KY,ASO,CE,Combined TRACON& Tower with Radar,315,139,16,8,478,0,4,4,3,11,315,143,20,11,489,6,0,6,495
07/02/2009,SDF,KY,ASO,CE,Combined TRACON& Tower with Radar,313,136,19,8,476,0,2,2,0,4,313,138,21,8,480,6,0,6,486
07/03/2009,SDF,KY,ASO,CE,Combined TRACON& Tower with Radar,266,116,13,2,397,0,3,7,0,10,266,119,20,2,407,10,0,10,417
07/04/2009,SDF,KY,ASO,CE,Combined TRACON& Tower with Radar,83,72,5,2,162,0,0,3,0,3,83,72,8,2,165,10,0,10,175
07/05/2009,SDF,KY,ASO,CE,Combined TRACON& Tower with Radar,151,100,15,0,266,0,0,4,0,4,151,100,19,0,270,2,0,2,272
07/06/2009,SDF,KY,ASO,CE,Combined TRACON& Tower with Radar,120,114,21,2,257,0,2,1,0,3,120,116,22,2,260,0,0,0,260
07/07/2009,SDF,KY,ASO,CE,Combined TRACON& Tower with Radar,321,136,19,7,483,0,1,3,6,10,321,137,22,13,493,2,0,2,495
07/08/2009,SDF,KY,ASO,CE,Combined TRACON& Tower with Radar,316,142,21,7,486,0,0,7,0,7,316,142,28,7,493,2,0,2,495
07/09/2009,SDF,KY,ASO,CE,Combined TRACON& Tower with Radar,310,144,22,3,479,0,0,8,7,15,310,144,30,10,494,2,0,2,496
07/10/2009,SDF,KY,ASO,CE,Combined TRACON& Tower with Radar,273,135,29,18,455,0,2,7,1,10,273,137,36,19,465,5,0,5,470
07/11/2009,SDF,KY,ASO,CE,Combined TRACON& Tower with Radar,205,95,16,4,320,0,0,4,0,4,205,95,20,4,324,0,0,0,324
07/12/2009,SDF,KY,ASO,CE,Combined TRACON& Tower with Radar,119,99,15,11,244,0,3,4,6,13,119,102,19,17,257,4,0,4,261
07/13/2009,SDF,KY,ASO,CE,Combined TRACON& Tower with Radar,142,111,19,4,276,0,1,4,3,8,142,112,23,7,284,0,0,0,284
07/14/2009,SDF,KY,ASO,CE,Combined TRACON& Tower with Radar,322,133,26,10,491,0,3,3,3,9,322,136,29,13,500,0,0,0,500
07/15/2009,SDF,KY,ASO,CE,Combined TRACON& Tower with Radar,319,131,25,5,480,0,2,2,2,6,319,133,27,7,486,4,0,4,490
07/16/2009,SDF,KY,ASO,CE,Combined TRACON& Tower with Radar,319,137,28,12,496,0,0,8,4,12,319,137,36,16,508,0,0,0,508
07/17/2009,SDF,KY,ASO,CE,Combined TRACON& Tower with Radar,283,132,13,12,440,0,0,1,0,1,283,132,14,12,441,0,0,0,441
07/18/2009,SDF,KY,ASO,CE,Combined TRACON& Tower with Radar,205,97,7,2,311,0,5,6,0,11,205,102,13,2,322,2,0,2,324
07/19/2009,SDF,KY,ASO,CE,Combined TRACON& Tower with Radar,110,106,6,8,230,0,1,7,0,8,110,107,13,8,238,7,1,8,246
07/20/2009,SDF,KY,ASO,CE,Combined TRACON& Tower with Radar,140,109,16,4,269,0,1,2,0,3,140,110,18,4,272,0,0,0,272
07/21/2009,SDF,KY,ASO,CE,Combined TRACON& Tower with Radar,316,133,31,5,485,0,1,6,10,17,316,134,37,15,502,0,0,0,502
07/22/2009,SDF,KY,ASO,CE,Combined TRACON& Tower with Radar,317,140,41,12,510,0,1,1,0,2,317,141,42,12,512,2,0,2,514
07/23/2009,SDF,KY,ASO,CE,Combined TRACON& Tower with Radar,313,136,48,3,500,0,0,3,4,7,313,136,51,7,507,0,0,0,507
07/24/2009,SDF,KY,ASO,CE,Combined TRACON& Tower with Radar,280,136,31,15,462,0,1,8,1,10,280,137,39,16,472,8,0,8,480
07/25/2009,SDF,KY,ASO,CE,Combined TRACON& Tower with Radar,203,105,26,4,338,0,0,3,0,3,203,105,29,4,341,4,0,4,345
07/26/2009,SDF,KY,ASO,CE,Combined TRACON& Tower with Radar,120,99,17,7,243,0,1,3,0,4,120,100,20,7,247,0,0,0,247
07/27/2009,SDF,KY,ASO,CE,Combined TRACON& Tower with Radar,138,111,24,5,278,0,2,18,2,22,138,113,42,7,300,0,0,0,300
07/28/2009,SDF,KY,ASO,CE,Combined TRACON& Tower with Radar,313,136,27,6,482,0,0,49,6,55,313,136,76,12,537,24,0,24,561
07/29/2009,SDF,KY,ASO,CE,Combined TRACON& Tower with Radar,323,135,34,5,497,0,3,2,3,8,323,138,36,8,505,3,0,3,508
07/30/2009,SDF,KY,ASO,CE,Combined TRACON& Tower with Radar,305,138,62,8,513,0,0,7,2,9,305,138,69,10,522,28,0,28,550
07/31/2009,SDF,KY,ASO,CE,Combined TRACON& Tower with Radar,281,128,26,7,442,0,2,11,1,14,281,130,37,8,456,6,0,6,462
08/01/2009,SDF,KY,ASO,CE,Combined TRACON& Tower with Radar,207,99,11,10,327,0,0,12,1,13,207,99,23,11,340,0,9,9,349
08/02/2009,SDF,KY,ASO,CE,Combined TRACON& Tower with Radar,119,99,7,4,229,0,2,4,0,6,119,101,11,4,235,0,0,0,235
08/03/2009,SDF,KY,ASO,CE,Combined TRACON& Tower with Radar,136,111,8,0,255,0,2,18,0,20,136,113,26,0,275,0,0,0,275
08/04/2009,SDF,KY,ASO,CE,Combined TRACON& Tower with Radar,310,128,9,6,453,0,1,8,0,9,310,129,17,6,462,3,0,3,465
08/05/2009,SDF,KY,ASO,CE,Combined TRACON& Tower with Radar,317,139,51,11,518,0,0,2,4,6,317,139,53,15,524,0,0,0,524
08/06/2009,SDF,KY,ASO,CE,Combined TRACON& Tower with Radar,315,140,31,6,492,0,0,24,5,29,315,140,55,11,521,16,0,16,537
08/07/2009,SDF,KY,ASO,CE,Combined TRACON& Tower with Radar,281,133,14,16,444,0,2,25,3,30,281,135,39,19,474,6,22,28,502
08/08/2009,SDF,KY,ASO,CE,Combined TRACON& Tower with Radar,201,101,15,2,319,0,3,20,0,23,201,104,35,2,342,0,0,0,342
08/09/2009,SDF,KY,ASO,CE,Combined TRACON& Tower with Radar,111,99,12,20,242,0,0,12,1,13,111,99,24,21,255,26,0,26,281
08/10/2009,SDF,KY,ASO,CE,Combined TRACON& Tower with Radar,149,111,20,4,284,0,0,8,0,8,149,111,28,4,292,0,0,0,292
08/11/2009,SDF,KY,ASO,CE,Combined TRACON& Tower with Radar,321,147,18,7,493,0,2,4,3,9,321,149,22,10,502,0,0,0,502
08/12/2009,SDF,KY,ASO,CE,Combined TRACON& Tower with Radar,306,134,22,10,472,0,0,5,5,10,306,134,27,15,482,0,0,0,482
08/13/2009,SDF,KY,ASO,CE,Combined TRACON& Tower with Radar,316,136,36,6,494,0,2,9,1,12,316,138,45,7,506,8,0,8,514
08/14/2009,SDF,KY,ASO,CE,Combined TRACON& Tower with Radar,285,146,8,17,456,0,1,8,0,9,285,147,16,17,465,0,5,5,470
08/15/2009,SDF,KY,ASO,CE,Combined TRACON& Tower with Radar,200,104,8,18,330,0,4,1,5,10,200,108,9,23,340,7,0,7,347
08/16/2009,SDF,KY,ASO,CE,Combined TRACON& Tower with Radar,115,95,15,10,235,0,0,7,0,7,115,95,22,10,242,12,2,14,256
08/17/2009,SDF,KY,ASO,CE,Combined TRACON& Tower with Radar,133,119,28,3,283,0,0,6,0,6,133,119,34,3,289,0,0,0,289
08/18/2009,SDF,KY,ASO,CE,Combined TRACON& Tower with Radar,314,145,28,8,495,0,2,1,2,5,314,147,29,10,500,0,0,0,500
08/19/2009,SDF,KY,ASO,CE,Combined TRACON& Tower with Radar,314,130,29,2,475,0,1,7,1,9,314,131,36,3,484,0,0,0,484
08/20/2009,SDF,KY,ASO,CE,Combined TRACON& Tower with Radar,314,137,18,4,473,0,0,4,1,5,314,137,22,5,478,2,0,2,480
08/21/2009,SDF,KY,ASO,CE,Combined TRACON& Tower with Radar,274,128,19,5,426,0,4,6,0,10,274,132,25,5,436,0,0,0,436
08/22/2009,SDF,KY,ASO,CE,Combined TRACON& Tower with Radar,193,108,11,1,313,0,1,6,0,7,193,109,17,1,320,0,0,0,320
08/23/2009,SDF,KY,ASO,CE,Combined TRACON& Tower with Radar,105,113,27,3,248,0,0,2,0,2,105,113,29,3,250,2,0,2,252
08/24/2009,SDF,KY,ASO,CE,Combined TRACON& Tower with Radar,137,119,24,1,281,0,9,8,0,17,137,128,32,1,298,0,0,0,298
08/25/2009,SDF,KY,ASO,CE,Combined TRACON& Tower with Radar,313,138,27,15,493,0,3,4,3,10,313,141,31,18,503,0,0,0,503
08/26/2009,SDF,KY,ASO,CE,Combined TRACON& Tower with Radar,309,152,47,13,521,0,0,6,2,8,309,152,53,15,529,0,0,0,529
08/27/2009,SDF,KY,ASO,CE,Combined TRACON& Tower with Radar,306,139,47,10,502,0,0,19,16,35,306,139,66,26,537,0,0,0,537
08/28/2009,SDF,KY,ASO,CE,Combined TRACON& Tower with Radar,281,142,34,12,469,0,2,7,3,12,281,144,41,15,481,0,0,0,481
08/29/2009,SDF,KY,ASO,CE,Combined TRACON& Tower with Radar,189,111,14,3,317,0,1,7,2,10,189,112,21,5,327,0,0,0,327
08/30/2009,SDF,KY,ASO,CE,Combined TRACON& Tower with Radar,114,117,26,15,272,0,1,10,0,11,114,118,36,15,283,0,0,0,283
08/31/2009,SDF,KY,ASO,CE,Combined TRACON& Tower with Radar,136,115,31,5,287,0,3,2,1,6,136,118,33,6,293,0,0,0,293
09/01/2009,SDF,KY,ASO,CE,Combined TRACON& Tower with Radar,321,133,24,3,481,0,0,7,1,8,321,133,31,4,489,0,0,0,489
09/02/2009,SDF,KY,ASO,CE,Combined TRACON& Tower with Radar,322,135,25,9,491,0,0,11,3,14,322,135,36,12,505,0,0,0,505
09/03/2009,SDF,KY,ASO,CE,Combined TRACON& Tower with Radar,312,139,34,4,489,0,4,8,2,14,312,143,42,6,503,0,0,0,503
09/04/2009,SDF,KY,ASO,CE,Combined TRACON& Tower with Radar,293,141,13,0,447,0,1,5,0,6,293,142,18,0,453,0,0,0,453
09/05/2009,SDF,KY,ASO,CE,Combined TRACON& Tower with Radar,188,83,6,2,279,0,0,4,0,4,188,83,10,2,283,0,0,0,283
09/06/2009,SDF,KY,ASO,CE,Combined TRACON& Tower with Radar,76,70,3,0,149,0,0,3,0,3,76,70,6,0,152,11,0,11,163
09/07/2009,SDF,KY,ASO,CE,Combined TRACON& Tower with Radar,96,107,11,3,217,0,0,0,1,1,96,107,11,4,218,0,0,0,218
09/08/2009,SDF,KY,ASO,CE,Combined TRACON& Tower with Radar,201,125,26,1,353,0,2,2,0,4,201,127,28,1,357,0,0,0,357
09/09/2009,SDF,KY,ASO,CE,Combined TRACON& Tower with Radar,327,138,16,4,485,0,2,7,3,12,327,140,23,7,497,2,0,2,499
09/10/2009,SDF,KY,ASO,CE,Combined TRACON& Tower with Radar,310,138,26,36,510,0,1,8,1,10,310,139,34,37,520,7,0,7,527
09/11/2009,SDF,KY,ASO,CE,Combined TRACON& Tower with Radar,284,137,22,28,471,0,0,3,0,3,284,137,25,28,474,0,0,0,474
09/12/2009,SDF,KY,ASO,CE,Combined TRACON& Tower with Radar,202,81,15,19,317,0,0,3,9,12,202,81,18,28,329,0,0,0,329
09/13/2009,SDF,KY,ASO,CE,Combined TRACON& Tower with Radar,116,98,18,9,241,0,0,2,3,5,116,98,20,12,246,0,0,0,246
09/14/2009,SDF,KY,ASO,CE,Combined TRACON& Tower with Radar,136,109,23,5,273,0,0,4,2,6,136,109,27,7,279,0,0,0,279
09/15/2009,SDF,KY,ASO,CE,Combined TRACON& Tower with Radar,319,146,41,7,513,0,0,7,2,9,319,146,48,9,522,0,0,0,522
09/16/2009,SDF,KY,ASO,CE,Combined TRACON& Tower with Radar,318,142,44,8,512,0,0,4,3,7,318,142,48,11,519,0,0,0,519
09/17/2009,SDF,KY,ASO,CE,Combined TRACON& Tower with Radar,311,142,37,9,499,0,0,4,1,5,311,142,41,10,504,3,0,3,507
09/18/2009,SDF,KY,ASO,CE,Combined TRACON& Tower with Radar,280,135,18,9,442,0,0,4,2,6,280,135,22,11,448,0,0,0,448
09/19/2009,SDF,KY,ASO,CE,Combined TRACON& Tower with Radar,196,79,15,3,293,0,1,5,0,6,196,80,20,3,299,0,0,0,299
09/20/2009,SDF,KY,ASO,CE,Combined TRACON& Tower with Radar,112,95,12,0,219,0,0,1,0,1,112,95,13,0,220,0,0,0,220
09/21/2009,SDF,KY,ASO,CE,Combined TRACON& Tower with Radar,134,110,28,1,273,0,0,0,0,0,134,110,28,1,273,0,0,0,273
09/22/2009,SDF,KY,ASO,CE,Combined TRACON& Tower with Radar,312,123,21,1,457,0,2,3,2,7,312,125,24,3,464,0,0,0,464
09/23/2009,SDF,KY,ASO,CE,Combined TRACON& Tower with Radar,334,129,24,11,498,0,0,1,1,2,334,129,25,12,500,0,0,0,500
09/24/2009,SDF,KY,ASO,CE,Combined TRACON& Tower with Radar,314,137,34,1,486,0,0,0,4,4,314,137,34,5,490,0,0,0,490
09/25/2009,SDF,KY,ASO,CE,Combined TRACON& Tower with Radar,286,124,16,9,435,0,0,4,0,4,286,124,20,9,439,0,0,0,439
09/26/2009,SDF,KY,ASO,CE,Combined TRACON& Tower with Radar,203,81,12,6,302,0,0,2,3,5,203,81,14,9,307,0,0,0,307
09/27/2009,SDF,KY,ASO,CE,Combined TRACON& Tower with Radar,122,98,13,3,236,0,0,2,1,3,122,98,15,4,239,0,0,0,239
09/28/2009,SDF,KY,ASO,CE,Combined TRACON& Tower with Radar,137,111,26,3,277,0,2,15,0,17,137,113,41,3,294,0,0,0,294
09/29/2009,SDF,KY,ASO,CE,Combined TRACON& Tower with Radar,323,126,36,6,491,0,2,6,2,10,323,128,42,8,501,0,0,0,501
09/30/2009,SDF,KY,ASO,CE,Combined TRACON& Tower with Radar,316,133,33,7,489,0,1,12,2,15,316,134,45,9,504,0,0,0,504
10/01/2009,SDF,KY,ASO,CE,Combined TRACON& Tower with Radar,317,132,34,8,491,0,0,6,0,6,317,132,40,8,497,0,0,0,497
10/02/2009,SDF,KY,ASO,CE,Combined TRACON& Tower with Radar,296,127,16,4,443,0,2,4,2,8,296,129,20,6,451,0,0,0,451
10/03/2009,SDF,KY,ASO,CE,Combined TRACON& Tower with Radar,206,89,10,1,306,0,3,3,0,6,206,92,13,1,312,0,0,0,312
10/04/2009,SDF,KY,ASO,CE,Combined TRACON& Tower with Radar,114,97,21,6,238,0,4,4,0,8,114,101,25,6,246,3,3,6,252
10/05/2009,SDF,KY,ASO,CE,Combined TRACON& Tower with Radar,146,104,46,2,298,0,1,7,0,8,146,105,53,2,306,0,0,0,306
10/06/2009,SDF,KY,ASO,CE,Combined TRACON& Tower with Radar,315,120,52,5,492,0,0,1,0,1,315,120,53,5,493,0,0,0,493
10/07/2009,SDF,KY,ASO,CE,Combined TRACON& Tower with Radar,319,132,59,6,516,0,1,8,5,14,319,133,67,11,530,12,0,12,542
10/08/2009,SDF,KY,ASO,CE,Combined TRACON& Tower with Radar,316,130,45,8,499,0,2,1,2,5,316,132,46,10,504,0,0,0,504
10/09/2009,SDF,KY,ASO,CE,Combined TRACON& Tower with Radar,299,124,28,9,460,0,0,0,0,0,299,124,28,9,460,0,0,0,460
10/10/2009,SDF,KY,ASO,CE,Combined TRACON& Tower with Radar,201,91,7,2,301,0,1,6,0,7,201,92,13,2,308,0,0,0,308
10/11/2009,SDF,KY,ASO,CE,Combined TRACON& Tower with Radar,117,96,16,9,238,0,0,8,0,8,117,96,24,9,246,0,0,0,246
10/12/2009,SDF,KY,ASO,CE,Combined TRACON& Tower with Radar,138,99,16,3,256,0,4,3,2,9,138,103,19,5,265,0,0,0,265
10/13/2009,SDF,KY,ASO,CE,Combined TRACON& Tower with Radar,318,115,22,3,458,0,0,4,0,4,318,115,26,3,462,0,0,0,462
10/14/2009,SDF,KY,ASO,CE,Combined TRACON& Tower with Radar,325,123,55,3,506,0,0,0,0,0,325,123,55,3,506,0,0,0,506
10/15/2009,SDF,KY,ASO,CE,Combined TRACON& Tower with Radar,320,129,30,15,494,0,0,0,0,0,320,129,30,15,494,0,0,0,494
10/16/2009,SDF,KY,ASO,CE,Combined TRACON& Tower with Radar,291,140,21,12,464,0,0,2,1,3,291,140,23,13,467,0,0,0,467
10/17/2009,SDF,KY,ASO,CE,Combined TRACON& Tower with Radar,203,81,10,3,297,0,1,8,0,9,203,82,18,3,306,0,0,0,306
10/18/2009,SDF,KY,ASO,CE,Combined TRACON& Tower with Radar,110,99,13,5,227,0,4,7,0,11,110,103,20,5,238,5,0,5,243
10/19/2009,SDF,KY,ASO,CE,Combined TRACON& Tower with Radar,139,116,18,1,274,0,0,8,2,10,139,116,26,3,284,0,0,0,284
10/20/2009,SDF,KY,ASO,CE,Combined TRACON& Tower with Radar,331,120,38,3,492,0,2,12,4,18,331,122,50,7,510,13,2,15,525
10/21/2009,SDF,KY,ASO,CE,Combined TRACON& Tower with Radar,318,126,28,8,480,0,0,9,1,10,318,126,37,9,490,0,0,0,490
10/22/2009,SDF,KY,ASO,CE,Combined TRACON& Tower with Radar,317,133,34,4,488,0,0,3,2,5,317,133,37,6,493,0,0,0,493
10/23/2009,SDF,KY,ASO,CE,Combined TRACON& Tower with Radar,291,130,25,15,461,0,0,3,3,6,291,130,28,18,467,0,0,0,467
10/24/2009,SDF,KY,ASO,CE,Combined TRACON& Tower with Radar,207,87,9,3,306,0,0,5,2,7,207,87,14,5,313,0,0,0,313
10/25/2009,SDF,KY,ASO,CE,Combined TRACON& Tower with Radar,119,95,16,5,235,0,2,9,3,14,119,97,25,8,249,0,0,0,249
10/26/2009,SDF,KY,ASO,CE,Combined TRACON& Tower with Radar,135,106,14,15,270,0,2,8,2,12,135,108,22,17,282,0,0,0,282
10/27/2009,SDF,KY,ASO,CE,Combined TRACON& Tower with Radar,318,128,39,11,496,0,2,2,0,4,318,130,41,11,500,0,0,0,500
10/28/2009,SDF,KY,ASO,CE,Combined TRACON& Tower with Radar,331,129,35,6,501,0,2,5,4,11,331,131,40,10,512,0,0,0,512
10/29/2009,SDF,KY,ASO,CE,Combined TRACON& Tower with Radar,317,140,58,12,527,0,0,3,4,7,317,140,61,16,534,0,0,0,534
10/30/2009,SDF,KY,ASO,CE,Combined TRACON& Tower with Radar,292,141,30,7,470,0,2,4,0,6,292,143,34,7,476,0,0,0,476
10/31/2009,SDF,KY,ASO,CE,Combined TRACON& Tower with Radar,211,85,16,6,318,0,0,6,0,6,211,85,22,6,324,0,0,0,324
11/01/2009,SDF,KY,ASO,CE,Combined TRACON& Tower with Radar,115,105,25,6,251,0,0,7,0,7,115,105,32,6,258,0,0,0,258
11/02/2009,SDF,KY,ASO,CE,Combined TRACON& Tower with Radar,129,121,32,4,286,0,0,6,1,7,129,121,38,5,293,0,0,0,293
11/03/2009,SDF,KY,ASO,CE,Combined TRACON& Tower with Radar,330,143,33,4,510,0,6,5,4,15,330,149,38,8,525,0,0,0,525
11/04/2009,SDF,KY,ASO,CE,Combined TRACON& Tower with Radar,310,136,27,9,482,0,0,4,2,6,310,136,31,11,488,0,0,0,488
11/05/2009,SDF,KY,ASO,CE,Combined TRACON& Tower with Radar,300,148,35,6,489,0,2,9,4,15,300,150,44,10,504,0,0,0,504
11/06/2009,SDF,KY,ASO,CE,Combined TRACON& Tower with Radar,280,147,26,1,454,0,1,12,0,13,280,148,38,1,467,0,0,0,467
11/07/2009,SDF,KY,ASO,CE,Combined TRACON& Tower with Radar,199,87,16,0,302,0,3,5,0,8,199,90,21,0,310,0,0,0,310
11/08/2009,SDF,KY,ASO,CE,Combined TRACON& Tower with Radar,118,101,17,1,237,0,3,9,0,12,118,104,26,1,249,5,0,5,254
11/09/2009,SDF,KY,ASO,CE,Combined TRACON& Tower with Radar,138,126,30,2,296,0,2,1,0,3,138,128,31,2,299,0,0,0,299
11/10/2009,SDF,KY,ASO,CE,Combined TRACON& Tower with Radar,307,146,26,10,489,0,5,3,3,11,307,151,29,13,500,0,0,0,500
11/11/2009,SDF,KY,ASO,CE,Combined TRACON& Tower with Radar,315,138,25,0,478,0,1,6,0,7,315,139,31,0,485,0,0,0,485
11/12/2009,SDF,KY,ASO,CE,Combined TRACON& Tower with Radar,304,143,32,6,485,0,2,5,5,12,304,145,37,11,497,2,0,2,499
11/13/2009,SDF,KY,ASO,CE,Combined TRACON& Tower with Radar,276,138,37,6,457,0,4,7,0,11,276,142,44,6,468,0,0,0,468
11/14/2009,SDF,KY,ASO,CE,Combined TRACON& Tower with Radar,197,95,17,8,317,0,0,10,0,10,197,95,27,8,327,0,0,0,327
11/15/2009,SDF,KY,ASO,CE,Combined TRACON& Tower with Radar,114,102,22,7,245,0,6,7,1,14,114,108,29,8,259,0,0,0,259
11/16/2009,SDF,KY,ASO,CE,Combined TRACON& Tower with Radar,136,121,29,11,297,0,2,0,6,8,136,123,29,17,305,0,0,0,305
11/17/2009,SDF,KY,ASO,CE,Combined TRACON& Tower with Radar,307,139,24,8,478,0,0,1,0,1,307,139,25,8,479,0,0,0,479
11/18/2009,SDF,KY,ASO,CE,Combined TRACON& Tower with Radar,323,141,20,14,498,0,0,0,1,1,323,141,20,15,499,2,2,4,503
11/19/2009,SDF,KY,ASO,CE,Combined TRACON& Tower with Radar,310,145,37,8,500,0,0,7,2,9,310,145,44,10,509,0,0,0,509
11/20/2009,SDF,KY,ASO,CE,Combined TRACON& Tower with Radar,280,153,42,25,500,0,2,17,1,20,280,155,59,26,520,0,0,0,520
11/21/2009,SDF,KY,ASO,CE,Combined TRACON& Tower with Radar,202,92,12,9,315,0,2,4,2,8,202,94,16,11,323,0,0,0,323
11/22/2009,SDF,KY,ASO,CE,Combined TRACON& Tower with Radar,110,102,9,4,225,0,2,5,0,7,110,104,14,4,232,0,0,0,232
11/23/2009,SDF,KY,ASO,CE,Combined TRACON& Tower with Radar,144,118,19,4,285,0,0,2,0,2,144,118,21,4,287,0,0,0,287
11/24/2009,SDF,KY,ASO,CE,Combined TRACON& Tower with Radar,346,135,21,3,505,0,0,5,2,7,346,135,26,5,512,6,0,6,518
11/25/2009,SDF,KY,ASO,CE,Combined TRACON& Tower with Radar,343,150,20,0,513,0,0,6,0,6,343,150,26,0,519,0,0,0,519
11/26/2009,SDF,KY,ASO,CE,Combined TRACON& Tower with Radar,163,77,0,0,240,0,0,7,0,7,163,77,7,0,247,0,0,0,247
11/27/2009,SDF,KY,ASO,CE,Combined TRACON& Tower with Radar,201,75,25,1,302,0,0,2,0,2,201,75,27,1,304,0,0,0,304
11/28/2009,SDF,KY,ASO,CE,Combined TRACON& Tower with Radar,205,105,19,0,329,0,0,2,0,2,205,105,21,0,331,0,0,0,331
11/29/2009,SDF,KY,ASO,CE,Combined TRACON& Tower with Radar,126,111,18,2,257,0,2,4,0,6,126,113,22,2,263,0,0,0,263
11/30/2009,SDF,KY,ASO,CE,Combined TRACON& Tower with Radar,116,120,46,6,288,0,0,4,0,4,116,120,50,6,292,0,0,0,292
12/01/2009,SDF,KY,ASO,CE,Combined TRACON& Tower with Radar,358,145,43,9,555,0,3,2,4,9,358,148,45,13,564,0,0,0,564
12/02/2009,SDF,KY,ASO,CE,Combined TRACON& Tower with Radar,348,133,55,8,544,0,0,2,0,2,348,133,57,8,546,0,0,0,546
12/03/2009,SDF,KY,ASO,CE,Combined TRACON& Tower with Radar,352,144,41,10,547,0,0,2,2,4,352,144,43,12,551,0,0,0,551
12/04/2009,SDF,KY,ASO,CE,Combined TRACON& Tower with Radar,298,132,15,3,448,0,2,9,2,13,298,134,24,5,461,0,0,0,461
12/05/2009,SDF,KY,ASO,CE,Combined TRACON& Tower with Radar,210,88,27,3,328,0,0,7,0,7,210,88,34,3,335,0,0,0,335
12/06/2009,SDF,KY,ASO,CE,Combined TRACON& Tower with Radar,123,107,9,8,247,0,0,7,0,7,123,107,16,8,254,0,0,0,254
12/07/2009,SDF,KY,ASO,CE,Combined TRACON& Tower with Radar,133,124,12,6,275,0,2,3,0,5,133,126,15,6,280,0,0,0,280
12/08/2009,SDF,KY,ASO,CE,Combined TRACON& Tower with Radar,351,138,19,4,512,0,0,0,0,0,351,138,19,4,512,0,0,0,512
12/09/2009,SDF,KY,ASO,CE,Combined TRACON& Tower with Radar,401,123,29,7,560,0,0,2,0,2,401,123,31,7,562,0,0,0,562
12/10/2009,SDF,KY,ASO,CE,Combined TRACON& Tower with Radar,354,140,44,10,548,0,0,2,0,2,354,140,46,10,550,0,0,0,550
12/11/2009,SDF,KY,ASO,CE,Combined TRACON& Tower with Radar,315,133,23,13,484,0,0,9,0,9,315,133,32,13,493,0,0,0,493
12/12/2009,SDF,KY,ASO,CE,Combined TRACON& Tower with Radar,207,93,12,1,313,0,0,6,0,6,207,93,18,1,319,0,0,0,319
12/13/2009,SDF,KY,ASO,CE,Combined TRACON& Tower with Radar,124,89,17,2,232,0,0,0,0,0,124,89,17,2,232,0,0,0,232
12/14/2009,SDF,KY,ASO,CE,Combined TRACON& Tower with Radar,148,116,24,9,297,0,2,5,5,12,148,118,29,14,309,0,0,0,309
12/15/2009,SDF,KY,ASO,CE,Combined TRACON& Tower with Radar,389,141,36,8,574,0,0,1,2,3,389,141,37,10,577,0,0,0,577
12/16/2009,SDF,KY,ASO,CE,Combined TRACON& Tower with Radar,393,146,30,3,572,0,0,13,7,20,393,146,43,10,592,0,0,0,592
12/17/2009,SDF,KY,ASO,CE,Combined TRACON& Tower with Radar,385,141,36,9,571,0,2,9,6,17,385,143,45,15,588,4,0,4,592
12/18/2009,SDF,KY,ASO,CE,Combined TRACON& Tower with Radar,353,141,23,12,529,0,11,3,0,14,353,152,26,12,543,0,0,0,543
12/19/2009,SDF,KY,ASO,CE,Combined TRACON& Tower with Radar,265,97,7,1,370,0,0,0,0,0,265,97,7,1,370,0,0,0,370
12/20/2009,SDF,KY,ASO,CE,Combined TRACON& Tower with Radar,195,93,10,5,303,0,0,0,0,0,195,93,10,5,303,0,0,0,303
12/21/2009,SDF,KY,ASO,CE,Combined TRACON& Tower with Radar,209,113,11,0,333,0,0,0,0,0,209,113,11,0,333,0,0,0,333
12/22/2009,SDF,KY,ASO,CE,Combined TRACON& Tower with Radar,454,142,23,12,631,0,0,0,2,2,454,142,23,14,633,0,0,0,633
12/23/2009,SDF,KY,ASO,CE,Combined TRACON& Tower with Radar,464,144,23,2,633,0,5,2,0,7,464,149,25,2,640,0,0,0,640
12/24/2009,SDF,KY,ASO,CE,Combined TRACON& Tower with Radar,367,95,3,1,466,0,2,6,0,8,367,97,9,1,474,0,0,0,474
12/25/2009,SDF,KY,ASO,CE,Combined TRACON& Tower with Radar,125,71,3,0,199,0,0,2,0,2,125,71,5,0,201,0,0,0,201
12/26/2009,SDF,KY,ASO,CE,Combined TRACON& Tower with Radar,134,108,22,2,266,0,0,0,0,0,134,108,22,2,266,10,0,10,276
12/27/2009,SDF,KY,ASO,CE,Combined TRACON& Tower with Radar,117,113,18,0,248,0,0,0,0,0,117,113,18,0,248,0,0,0,248
12/28/2009,SDF,KY,ASO,CE,Combined TRACON& Tower with Radar,103,106,16,5,230,0,0,4,0,4,103,106,20,5,234,0,0,0,234
12/29/2009,SDF,KY,ASO,CE,Combined TRACON& Tower with Radar,318,131,5,2,456,0,0,2,0,2,318,131,7,2,458,0,0,0,458
12/30/2009,SDF,KY,ASO,CE,Combined TRACON& Tower with Radar,310,141,9,1,461,0,2,2,0,4,310,143,11,1,465,0,0,0,465
12/31/2009,SDF,KY,ASO,CE,Combined TRACON& Tower with Radar,288,100,9,1,398,0,0,0,0,0,288,100,9,1,398,0,0,0,398
01/01/2010,SDF,KY,ASO,CE,Combined TRACON& Tower with Radar,120,76,8,0,204,0,0,5,0,5,120,76,13,0,209,0,0,0,209
01/02/2010,SDF,KY,ASO,CE,Combined TRACON& Tower with Radar,135,96,13,0,244,0,0,6,0,6,135,96,19,0,250,1,0,1,251
01/03/2010,SDF,KY,ASO,CE,Combined TRACON& Tower with Radar,108,102,11,0,221,0,0,17,0,17,108,102,28,0,238,0,0,0,238
01/04/2010,SDF,KY,ASO,CE,Combined TRACON& Tower with Radar,104,128,11,1,244,0,0,2,0,2,104,128,13,1,246,3,0,3,249
01/05/2010,SDF,KY,ASO,CE,Combined TRACON& Tower with Radar,335,151,20,6,512,0,3,5,3,11,335,154,25,9,523,0,0,0,523
01/06/2010,SDF,KY,ASO,CE,Combined TRACON& Tower with Radar,314,127,15,9,465,0,2,10,5,17,314,129,25,14,482,0,0,0,482
01/07/2010,SDF,KY,ASO,CE,Combined TRACON& Tower with Radar,303,117,18,0,438,0,0,1,0,1,303,117,19,0,439,0,0,0,439
01/08/2010,SDF,KY,ASO,CE,Combined TRACON& Tower with Radar,280,129,10,5,424,0,0,0,0,0,280,129,10,5,424,0,0,0,424
01/09/2010,SDF,KY,ASO,CE,Combined TRACON& Tower with Radar,186,88,7,5,286,0,0,1,0,1,186,88,8,5,287,0,0,0,287
01/10/2010,SDF,KY,ASO,CE,Combined TRACON& Tower with Radar,101,86,18,2,207,0,0,5,0,5,101,86,23,2,212,0,0,0,212
01/11/2010,SDF,KY,ASO,CE,Combined TRACON& Tower with Radar,127,107,13,8,255,0,4,4,2,10,127,111,17,10,265,0,0,0,265
01/12/2010,SDF,KY,ASO,CE,Combined TRACON& Tower with Radar,317,129,25,6,477,0,0,8,2,10,317,129,33,8,487,0,0,0,487
01/13/2010,SDF,KY,ASO,CE,Combined TRACON& Tower with Radar,313,135,25,10,483,0,2,4,3,9,313,137,29,13,492,0,0,0,492
01/14/2010,SDF,KY,ASO,CE,Combined TRACON& Tower with Radar,311,135,25,7,478,0,0,14,3,17,311,135,39,10,495,0,0,0,495
01/15/2010,SDF,KY,ASO,CE,Combined TRACON& Tower with Radar,273,143,23,20,459,0,2,2,0,4,273,145,25,20,463,0,0,0,463
01/16/2010,SDF,KY,ASO,CE,Combined TRACON& Tower with Radar,174,99,16,52,341,0,0,4,0,4,174,99,20,52,345,0,0,0,345
01/17/2010,SDF,KY,ASO,CE,Combined TRACON& Tower with Radar,105,75,13,11,204,0,0,2,0,2,105,75,15,11,206,0,0,0,206
01/18/2010,SDF,KY,ASO,CE,Combined TRACON& Tower with Radar,129,108,28,2,267,0,0,2,0,2,129,108,30,2,269,0,0,0,269
01/19/2010,SDF,KY,ASO,CE,Combined TRACON& Tower with Radar,308,134,30,6,478,0,0,2,0,2,308,134,32,6,480,0,0,0,480
01/20/2010,SDF,KY,ASO,CE,Combined TRACON& Tower with Radar,316,132,17,5,470,0,0,0,0,0,316,132,17,5,470,0,0,0,470
01/21/2010,SDF,KY,ASO,CE,Combined TRACON& Tower with Radar,310,147,23,11,491,0,0,0,0,0,310,147,23,11,491,0,0,0,491
01/22/2010,SDF,KY,ASO,CE,Combined TRACON& Tower with Radar,280,140,14,14,448,0,0,0,0,0,280,140,14,14,448,0,0,0,448
01/23/2010,SDF,KY,ASO,CE,Combined TRACON& Tower with Radar,184,96,18,8,306,0,2,2,1,5,184,98,20,9,311,0,0,0,311
01/24/2010,SDF,KY,ASO,CE,Combined TRACON& Tower with Radar,99,94,11,2,206,0,0,2,0,2,99,94,13,2,208,0,0,0,208
01/25/2010,SDF,KY,ASO,CE,Combined TRACON& Tower with Radar,128,107,17,1,253,0,0,0,0,0,128,107,17,1,253,0,0,0,253
01/26/2010,SDF,KY,ASO,CE,Combined TRACON& Tower with Radar,324,134,28,7,493,0,2,10,0,12,324,136,38,7,505,0,0,0,505
01/27/2010,SDF,KY,ASO,CE,Combined TRACON& Tower with Radar,306,144,27,17,494,0,4,4,3,11,306,148,31,20,505,0,0,0,505
01/28/2010,SDF,KY,ASO,CE,Combined TRACON& Tower with Radar,311,141,27,6,485,0,0,3,2,5,311,141,30,8,490,0,0,0,490
01/29/2010,SDF,KY,ASO,CE,Combined TRACON& Tower with Radar,277,140,20,4,441,0,0,4,1,5,277,140,24,5,446,0,0,0,446
01/30/2010,SDF,KY,ASO,CE,Combined TRACON& Tower with Radar,178,95,11,0,284,0,0,3,0,3,178,95,14,0,287,0,0,0,287
01/31/2010,SDF,KY,ASO,CE,Combined TRACON& Tower with Radar,109,94,8,4,215,0,1,6,0,7,109,95,14,4,222,0,0,0,222
02/01/2010,SDF,KY,ASO,CE,Combined TRACON& Tower with Radar,128,116,19,8,271,0,2,5,0,7,128,118,24,8,278,14,0,14,292
02/02/2010,SDF,KY,ASO,CE,Combined TRACON& Tower with Radar,322,136,22,13,493,0,0,3,1,4,322,136,25,14,497,0,0,0,497
02/03/2010,SDF,KY,ASO,CE,Combined TRACON& Tower with Radar,317,144,21,16,498,0,0,4,1,5,317,144,25,17,503,3,4,7,510
02/04/2010,SDF,KY,ASO,CE,Combined TRACON& Tower with Radar,321,164,16,9,510,0,3,4,0,7,321,167,20,9,517,0,0,0,517
02/05/2010,SDF,KY,ASO,CE,Combined TRACON& Tower with Radar,284,148,13,1,446,0,0,0,0,0,284,148,13,1,446,0,0,0,446
02/06/2010,SDF,KY,ASO,CE,Combined TRACON& Tower with Radar,182,88,8,0,278,0,0,0,0,0,182,88,8,0,278,0,0,0,278
02/07/2010,SDF,KY,ASO,CE,Combined TRACON& Tower with Radar,106,92,9,1,208,0,0,4,0,4,106,92,13,1,212,0,0,0,212
02/08/2010,SDF,KY,ASO,CE,Combined TRACON& Tower with Radar,122,115,15,9,261,0,0,3,3,6,122,115,18,12,267,0,0,0,267
02/09/2010,SDF,KY,ASO,CE,Combined TRACON& Tower with Radar,315,128,26,3,472,0,0,0,0,0,315,128,26,3,472,0,0,0,472
02/10/2010,SDF,KY,ASO,CE,Combined TRACON& Tower with Radar,356,106,46,13,521,0,0,0,0,0,356,106,46,13,521,0,0,0,521
02/11/2010,SDF,KY,ASO,CE,Combined TRACON& Tower with Radar,334,135,45,13,527,0,0,4,2,6,334,135,49,15,533,0,0,0,533
02/12/2010,SDF,KY,ASO,CE,Combined TRACON& Tower with Radar,299,141,46,6,492,0,1,5,2,8,299,142,51,8,500,0,0,0,500
02/13/2010,SDF,KY,ASO,CE,Combined TRACON& Tower with Radar,202,100,12,1,315,0,0,8,0,8,202,100,20,1,323,2,0,2,325
02/14/2010,SDF,KY,ASO,CE,Combined TRACON& Tower with Radar,103,101,12,2,218,0,0,2,0,2,103,101,14,2,220,1,0,1,221
02/15/2010,SDF,KY,ASO,CE,Combined TRACON& Tower with Radar,117,101,25,0,243,0,0,1,0,1,117,101,26,0,244,0,0,0,244
02/16/2010,SDF,KY,ASO,CE,Combined TRACON& Tower with Radar,298,140,36,1,475,0,0,1,0,1,298,140,37,1,476,0,0,0,476
02/17/2010,SDF,KY,ASO,CE,Combined TRACON& Tower with Radar,301,144,43,9,497,0,4,5,1,10,301,148,48,10,507,0,0,0,507
02/18/2010,SDF,KY,ASO,CE,Combined TRACON& Tower with Radar,300,161,37,16,514,0,0,3,1,4,300,161,40,17,518,0,0,0,518
02/19/2010,SDF,KY,ASO,CE,Combined TRACON& Tower with Radar,264,143,30,11,448,0,1,6,0,7,264,144,36,11,455,0,0,0,455
02/20/2010,SDF,KY,ASO,CE,Combined TRACON& Tower with Radar,169,112,17,8,306,0,2,9,0,11,169,114,26,8,317,6,0,6,323
02/21/2010,SDF,KY,ASO,CE,Combined TRACON& Tower with Radar,90,100,19,2,211,0,0,3,0,3,90,100,22,2,214,10,0,10,224
02/22/2010,SDF,KY,ASO,CE,Combined TRACON& Tower with Radar,114,118,18,2,252,0,0,0,0,0,114,118,18,2,252,0,0,0,252
02/23/2010,SDF,KY,ASO,CE,Combined TRACON& Tower with Radar,310,135,32,3,480,0,0,0,0,0,310,135,32,3,480,2,0,2,482
02/24/2010,SDF,KY,ASO,CE,Combined TRACON& Tower with Radar,291,143,25,4,463,0,0,0,0,0,291,143,25,4,463,0,0,0,463
02/25/2010,SDF,KY,ASO,CE,Combined TRACON& Tower with Radar,309,145,35,9,498,0,0,1,2,3,309,145,36,11,501,0,0,0,501
02/26/2010,SDF,KY,ASO,CE,Combined TRACON& Tower with Radar,297,145,42,11,495,0,2,8,5,15,297,147,50,16,510,9,0,9,519
02/27/2010,SDF,KY,ASO,CE,Combined TRACON& Tower with Radar,178,113,11,7,309,0,0,2,0,2,178,113,13,7,311,0,0,0,311
02/28/2010,SDF,KY,ASO,CE,Combined TRACON& Tower with Radar,97,99,15,3,214,0,0,5,0,5,97,99,20,3,219,0,0,0,219
03/01/2010,SDF,KY,ASO,CE,Combined TRACON& Tower with Radar,117,118,16,9,260,0,0,3,0,3,117,118,19,9,263,0,0,0,263
03/02/2010,SDF,KY,ASO,CE,Combined TRACON& Tower with Radar,309,128,14,8,459,0,0,7,4,11,309,128,21,12,470,0,0,0,470
03/03/2010,SDF,KY,ASO,CE,Combined TRACON& Tower with Radar,305,136,27,7,475,0,1,3,3,7,305,137,30,10,482,0,0,0,482
03/04/2010,SDF,KY,ASO,CE,Combined TRACON& Tower with Radar,299,142,27,4,472,0,3,9,5,17,299,145,36,9,489,0,0,0,489
03/05/2010,SDF,KY,ASO,CE,Combined TRACON& Tower with Radar,267,143,14,6,430,0,0,2,1,3,267,143,16,7,433,0,0,0,433
03/06/2010,SDF,KY,ASO,CE,Combined TRACON& Tower with Radar,176,108,11,6,301,0,5,8,0,13,176,113,19,6,314,0,0,0,314
03/07/2010,SDF,KY,ASO,CE,Combined TRACON& Tower with Radar,95,107,19,5,226,0,2,19,0,21,95,109,38,5,247,0,0,0,247
03/08/2010,SDF,KY,ASO,CE,Combined TRACON& Tower with Radar,118,132,20,0,270,0,0,4,0,4,118,132,24,0,274,0,0,0,274
03/09/2010,SDF,KY,ASO,CE,Combined TRACON& Tower with Radar,305,130,29,1,465,0,0,10,0,10,305,130,39,1,475,0,0,0,475
03/10/2010,SDF,KY,ASO,CE,Combined TRACON& Tower with Radar,307,134,29,4,474,0,2,10,2,14,307,136,39,6,488,0,0,0,488
03/11/2010,SDF,KY,ASO,CE,Combined TRACON& Tower with Radar,294,144,26,0,464,0,0,10,0,10,294,144,36,0,474,0,0,0,474
03/12/2010,SDF,KY,ASO,CE,Combined TRACON& Tower with Radar,268,139,34,1,442,0,0,3,2,5,268,139,37,3,447,5,0,5,452
03/13/2010,SDF,KY,ASO,CE,Combined TRACON& Tower with Radar,185,111,12,1,309,0,0,2,2,4,185,111,14,3,313,0,0,0,313
03/14/2010,SDF,KY,ASO,CE,Combined TRACON& Tower with Radar,104,103,19,5,231,0,2,0,0,2,104,105,19,5,233,0,0,0,233
03/15/2010,SDF,KY,ASO,CE,Combined TRACON& Tower with Radar,121,117,34,9,281,1,0,0,4,5,122,117,34,13,286,0,0,0,286
03/16/2010,SDF,KY,ASO,CE,Combined TRACON& Tower with Radar,305,136,27,8,476,0,4,4,3,11,305,140,31,11,487,0,0,0,487
03/17/2010,SDF,KY,ASO,CE,Combined TRACON& Tower with Radar,310,140,28,8,486,0,0,4,2,6,310,140,32,10,492,0,0,0,492
03/18/2010,SDF,KY,ASO,CE,Combined TRACON& Tower with Radar,312,146,32,1,491,0,0,14,0,14,312,146,46,1,505,0,0,0,505
03/19/2010,SDF,KY,ASO,CE,Combined TRACON& Tower with Radar,275,149,21,6,451,0,0,12,6,18,275,149,33,12,469,6,0,6,475
03/20/2010,SDF,KY,ASO,CE,Combined TRACON& Tower with Radar,191,119,9,8,327,0,0,2,0,2,191,119,11,8,329,0,0,0,329
03/21/2010,SDF,KY,ASO,CE,Combined TRACON& Tower with Radar,105,108,14,15,242,0,0,6,0,6,105,108,20,15,248,0,0,0,248
03/22/2010,SDF,KY,ASO,CE,Combined TRACON& Tower with Radar,126,123,17,0,266,0,0,3,0,3,126,123,20,0,269,5,0,5,274
03/23/2010,SDF,KY,ASO,CE,Combined TRACON& Tower with Radar,301,144,37,6,488,0,1,4,0,5,301,145,41,6,493,0,0,0,493
03/24/2010,SDF,KY,ASO,CE,Combined TRACON& Tower with Radar,310,141,50,6,507,0,2,22,1,25,310,143,72,7,532,0,0,0,532
03/25/2010,SDF,KY,ASO,CE,Combined TRACON& Tower with Radar,293,168,52,12,525,0,0,1,0,1,293,168,53,12,526,5,0,5,531
03/26/2010,SDF,KY,ASO,CE,Combined TRACON& Tower with Radar,274,148,61,9,492,0,0,11,0,11,274,148,72,9,503,0,0,0,503
03/27/2010,SDF,KY,ASO,CE,Combined TRACON& Tower with Radar,193,111,25,2,331,0,0,5,0,5,193,111,30,2,336,0,0,0,336
03/28/2010,SDF,KY,ASO,CE,Combined TRACON& Tower with Radar,99,106,11,0,216,0,0,4,0,4,99,106,15,0,220,0,0,0,220
03/29/2010,SDF,KY,ASO,CE,Combined TRACON& Tower with Radar,130,119,19,0,268,0,2,3,0,5,130,121,22,0,273,0,0,0,273
03/30/2010,SDF,KY,ASO,CE,Combined TRACON& Tower with Radar,320,137,29,2,488,0,13,33,4,50,320,150,62,6,538,0,0,0,538
03/31/2010,SDF,KY,ASO,CE,Combined TRACON& Tower with Radar,318,141,26,3,488,0,0,2,6,8,318,141,28,9,496,8,0,8,504
04/01/2010,SDF,KY,ASO,CE,Combined TRACON& Tower with Radar,337,148,14,6,505,0,0,9,5,14,337,148,23,11,519,0,0,0,519
04/02/2010,SDF,KY,ASO,CE,Combined TRACON& Tower with Radar,286,164,27,10,487,0,5,10,0,15,286,169,37,10,502,2,0,2,504
04/03/2010,SDF,KY,ASO,CE,Combined TRACON& Tower with Radar,191,100,13,4,308,0,3,3,0,6,191,103,16,4,314,0,0,0,314
04/04/2010,SDF,KY,ASO,CE,Combined TRACON& Tower with Radar,112,100,9,1,222,0,0,8,0,8,112,100,17,1,230,0,0,0,230
04/05/2010,SDF,KY,ASO,CE,Combined TRACON& Tower with Radar,120,127,25,4,276,0,0,3,2,5,120,127,28,6,281,0,0,0,281
04/06/2010,SDF,KY,ASO,CE,Combined TRACON& Tower with Radar,328,119,27,11,485,0,2,7,2,11,328,121,34,13,496,0,0,0,496
04/07/2010,SDF,KY,ASO,CE,Combined TRACON& Tower with Radar,311,123,15,18,467,0,4,7,4,15,311,127,22,22,482,0,0,0,482
04/08/2010,SDF,KY,ASO,CE,Combined TRACON& Tower with Radar,332,134,35,4,505,0,0,3,3,6,332,134,38,7,511,0,0,0,511
04/09/2010,SDF,KY,ASO,CE,Combined TRACON& Tower with Radar,301,134,45,13,493,0,1,8,1,10,301,135,53,14,503,0,0,0,503
04/10/2010,SDF,KY,ASO,CE,Combined TRACON& Tower with Radar,196,99,19,12,326,0,1,8,3,12,196,100,27,15,338,0,0,0,338
04/11/2010,SDF,KY,ASO,CE,Combined TRACON& Tower with Radar,117,101,15,7,240,0,2,4,0,6,117,103,19,7,246,0,0,0,246
04/12/2010,SDF,KY,ASO,CE,Combined TRACON& Tower with Radar,148,109,30,3,290,0,2,0,1,3,148,111,30,4,293,0,0,0,293
04/13/2010,SDF,KY,ASO,CE,Combined TRACON& Tower with Radar,330,132,22,15,499,0,2,11,2,15,330,134,33,17,514,0,0,0,514
04/14/2010,SDF,KY,ASO,CE,Combined TRACON& Tower with Radar,329,128,30,9,496,0,0,3,2,5,329,128,33,11,501,0,0,0,501
04/15/2010,SDF,KY,ASO,CE,Combined TRACON& Tower with Radar,331,132,22,9,494,0,0,14,5,19,331,132,36,14,513,0,0,0,513
04/16/2010,SDF,KY,ASO,CE,Combined TRACON& Tower with Radar,292,135,23,24,474,0,2,4,19,25,292,137,27,43,499,0,0,0,499
04/17/2010,SDF,KY,ASO,CE,Combined TRACON& Tower with Radar,196,90,10,17,313,0,2,5,40,47,196,92,15,57,360,0,0,0,360
04/18/2010,SDF,KY,ASO,CE,Combined TRACON& Tower with Radar,113,95,12,23,243,0,3,7,6,16,113,98,19,29,259,0,0,0,259
04/19/2010,SDF,KY,ASO,CE,Combined TRACON& Tower with Radar,147,111,23,16,297,0,4,7,4,15,147,115,30,20,312,10,0,10,322
04/20/2010,SDF,KY,ASO,CE,Combined TRACON& Tower with Radar,336,121,24,8,489,0,2,6,6,14,336,123,30,14,503,0,0,0,503
04/21/2010,SDF,KY,ASO,CE,Combined TRACON& Tower with Radar,341,131,28,13,513,0,2,0,8,10,341,133,28,21,523,0,0,0,523
04/22/2010,SDF,KY,ASO,CE,Combined TRACON& Tower with Radar,335,123,18,12,488,0,0,8,3,11,335,123,26,15,499,0,0,0,499
04/23/2010,SDF,KY,ASO,CE,Combined TRACON& Tower with Radar,290,134,22,10,456,0,4,13,2,19,290,138,35,12,475,0,0,0,475
04/24/2010,SDF,KY,ASO,CE,Combined TRACON& Tower with Radar,208,93,8,0,309,0,0,4,0,4,208,93,12,0,313,0,0,0,313
04/25/2010,SDF,KY,ASO,CE,Combined TRACON& Tower with Radar,118,101,18,1,238,0,2,0,0,2,118,103,18,1,240,0,0,0,240
04/26/2010,SDF,KY,ASO,CE,Combined TRACON& Tower with Radar,153,101,29,8,291,0,0,2,4,6,153,101,31,12,297,0,0,0,297
04/27/2010,SDF,KY,ASO,CE,Combined TRACON& Tower with Radar,342,130,32,5,509,0,2,3,2,7,342,132,35,7,516,0,0,0,516
04/28/2010,SDF,KY,ASO,CE,Combined TRACON& Tower with Radar,338,149,52,11,550,0,4,5,9,18,338,153,57,20,568,0,0,0,568
04/29/2010,SDF,KY,ASO,CE,Combined TRACON& Tower with Radar,365,227,189,5,786,0,2,40,4,46,365,229,229,9,832,70,2,72,904
04/30/2010,SDF,KY,ASO,CE,Combined TRACON& Tower with Radar,328,178,99,5,610,0,0,29,3,32,328,178,128,8,642,447,0,447,1089
05/01/2010,SDF,KY,ASO,CE,Combined TRACON& Tower with Radar,207,194,123,0,524,0,0,30,0,30,207,194,153,0,554,109,0,109,663
05/02/2010,SDF,KY,ASO,CE,Combined TRACON& Tower with Radar,202,196,182,4,584,0,0,0,0,0,202,196,182,4,584,0,0,0,584
05/03/2010,SDF,KY,ASO,CE,Combined TRACON& Tower with Radar,146,123,29,6,304,0,2,3,0,5,146,125,32,6,309,2,0,2,311
05/04/2010,SDF,KY,ASO,CE,Combined TRACON& Tower with Radar,341,139,22,12,514,0,4,14,2,20,341,143,36,14,534,0,0,0,534
05/05/2010,SDF,KY,ASO,CE,Combined TRACON& Tower with Radar,328,128,16,13,485,0,0,2,3,5,328,128,18,16,490,0,0,0,490
05/06/2010,SDF,KY,ASO,CE,Combined TRACON& Tower with Radar,351,133,33,9,526,0,0,1,7,8,351,133,34,16,534,0,0,0,534
05/07/2010,SDF,KY,ASO,CE,Combined TRACON& Tower with Radar,314,128,27,3,472,8,12,1,0,21,322,140,28,3,493,0,0,0,493
05/08/2010,SDF,KY,ASO,CE,Combined TRACON& Tower with Radar,230,98,15,11,354,0,0,5,0,5,230,98,20,11,359,0,0,0,359
05/09/2010,SDF,KY,ASO,CE,Combined TRACON& Tower with Radar,124,105,16,6,251,0,1,13,0,14,124,106,29,6,265,0,0,0,265
05/10/2010,SDF,KY,ASO,CE,Combined TRACON& Tower with Radar,143,111,35,5,294,0,0,9,0,9,143,111,44,5,303,3,0,3,306
05/11/2010,SDF,KY,ASO,CE,Combined TRACON& Tower with Radar,326,135,52,6,519,0,1,5,4,10,326,136,57,10,529,0,0,0,529
05/12/2010,SDF,KY,ASO,CE,Combined TRACON& Tower with Radar,321,122,30,8,481,0,3,6,1,10,321,125,36,9,491,7,0,7,498
05/13/2010,SDF,KY,ASO,CE,Combined TRACON& Tower with Radar,320,137,45,5,507,0,2,3,0,5,320,139,48,5,512,0,0,0,512
05/14/2010,SDF,KY,ASO,CE,Combined TRACON& Tower with Radar,291,131,34,29,485,0,1,11,0,12,291,132,45,29,497,0,0,0,497
05/15/2010,SDF,KY,ASO,CE,Combined TRACON& Tower with Radar,200,99,13,13,325,0,2,6,2,10,200,101,19,15,335,0,0,0,335
05/16/2010,SDF,KY,ASO,CE,Combined TRACON& Tower with Radar,122,105,15,13,255,0,1,1,0,2,122,106,16,13,257,0,0,0,257
05/17/2010,SDF,KY,ASO,CE,Combined TRACON& Tower with Radar,144,111,29,14,298,0,2,2,0,4,144,113,31,14,302,0,0,0,302
05/18/2010,SDF,KY,ASO,CE,Combined TRACON& Tower with Radar,327,136,43,20,526,0,3,2,0,5,327,139,45,20,531,0,0,0,531
05/19/2010,SDF,KY,ASO,CE,Combined TRACON& Tower with Radar,331,141,32,8,512,0,0,0,0,0,331,141,32,8,512,0,0,0,512
05/20/2010,SDF,KY,ASO,CE,Combined TRACON& Tower with Radar,328,134,49,9,520,0,0,4,0,4,328,134,53,9,524,0,0,0,524
05/21/2010,SDF,KY,ASO,CE,Combined TRACON& Tower with Radar,282,134,19,11,446,0,0,3,0,3,282,134,22,11,449,1,0,1,450
05/22/2010,SDF,KY,ASO,CE,Combined TRACON& Tower with Radar,191,106,13,12,322,0,0,9,1,10,191,106,22,13,332,0,0,0,332
05/23/2010,SDF,KY,ASO,CE,Combined TRACON& Tower with Radar,115,101,24,16,256,0,0,1,0,1,115,101,25,16,257,2,0,2,259
05/24/2010,SDF,KY,ASO,CE,Combined TRACON& Tower with Radar,143,105,27,0,275,0,0,26,1,27,143,105,53,1,302,0,0,0,302
05/25/2010,SDF,KY,ASO,CE,Combined TRACON& Tower with Radar,336,130,26,3,495,0,0,13,3,16,336,130,39,6,511,3,0,3,514
05/26/2010,SDF,KY,ASO,CE,Combined TRACON& Tower with Radar,329,129,38,9,505,0,6,15,3,24,329,135,53,12,529,12,0,12,541
05/27/2010,SDF,KY,ASO,CE,Combined TRACON& Tower with Radar,328,139,32,8,507,0,0,2,3,5,328,139,34,11,512,0,0,0,512
05/28/2010,SDF,KY,ASO,CE,Combined TRACON& Tower with Radar,314,139,15,6,474,0,2,6,3,11,314,141,21,9,485,0,0,0,485
05/29/2010,SDF,KY,ASO,CE,Combined TRACON& Tower with Radar,189,94,8,1,292,0,1,25,1,27,189,95,33,2,319,25,0,25,344
05/30/2010,SDF,KY,ASO,CE,Combined TRACON& Tower with Radar,96,81,7,1,185,0,0,4,1,5,96,81,11,2,190,0,0,0,190
05/31/2010,SDF,KY,ASO,CE,Combined TRACON& Tower with Radar,108,99,19,0,226,0,2,7,3,12,108,101,26,3,238,0,0,0,238
06/01/2010,SDF,KY,ASO,CE,Combined TRACON& Tower with Radar,213,120,21,1,355,0,0,2,4,6,213,120,23,5,361,0,0,0,361
06/02/2010,SDF,KY,ASO,CE,Combined TRACON& Tower with Radar,363,134,30,5,532,0,2,11,3,16,363,136,41,8,548,2,0,2,550
06/03/2010,SDF,KY,ASO,CE,Combined TRACON& Tower with Radar,337,144,26,5,512,0,0,9,3,12,337,144,35,8,524,2,0,2,526
06/04/2010,SDF,KY,ASO,CE,Combined TRACON& Tower with Radar,317,137,31,12,497,0,2,6,0,8,317,139,37,12,505,4,0,4,509
06/05/2010,SDF,KY,ASO,CE,Combined TRACON& Tower with Radar,196,105,12,2,315,0,0,7,1,8,196,105,19,3,323,0,0,0,323
06/06/2010,SDF,KY,ASO,CE,Combined TRACON& Tower with Radar,131,101,19,5,256,0,0,6,0,6,131,101,25,5,262,0,0,0,262
06/07/2010,SDF,KY,ASO,CE,Combined TRACON& Tower with Radar,152,106,26,12,296,0,0,4,2,6,152,106,30,14,302,5,0,5,307
06/08/2010,SDF,KY,ASO,CE,Combined TRACON& Tower with Radar,348,130,13,9,500,0,0,9,1,10,348,130,22,10,510,0,0,0,510
06/09/2010,SDF,KY,ASO,CE,Combined TRACON& Tower with Radar,348,129,20,18,515,0,1,1,3,5,348,130,21,21,520,0,0,0,520
06/10/2010,SDF,KY,ASO,CE,Combined TRACON& Tower with Radar,337,132,28,8,505,0,0,5,13,18,337,132,33,21,523,9,0,9,532
06/11/2010,SDF,KY,ASO,CE,Combined TRACON& Tower with Radar,303,143,18,9,473,0,2,2,8,12,303,145,20,17,485,4,0,4,489
06/12/2010,SDF,KY,ASO,CE,Combined TRACON& Tower with Radar,191,120,29,7,347,0,0,10,2,12,191,120,39,9,359,0,0,0,359
06/13/2010,SDF,KY,ASO,CE,Combined TRACON& Tower with Radar,121,103,10,11,245,0,0,10,0,10,121,103,20,11,255,2,0,2,257
06/14/2010,SDF,KY,ASO,CE,Combined TRACON& Tower with Radar,150,110,23,6,289,0,3,5,6,14,150,113,28,12,303,0,0,0,303
06/15/2010,SDF,KY,ASO,CE,Combined TRACON& Tower with Radar,333,142,30,5,510,0,2,8,1,11,333,144,38,6,521,0,0,0,521
06/16/2010,SDF,KY,ASO,CE,Combined TRACON& Tower with Radar,336,156,21,7,520,0,0,1,3,4,336,156,22,10,524,4,0,4,528
06/17/2010,SDF,KY,ASO,CE,Combined TRACON& Tower with Radar,334,148,32,8,522,0,0,2,4,6,334,148,34,12,528,0,0,0,528
06/18/2010,SDF,KY,ASO,CE,Combined TRACON& Tower with Radar,302,134,21,12,469,0,0,16,0,16,302,134,37,12,485,0,0,0,485
06/19/2010,SDF,KY,ASO,CE,Combined TRACON& Tower with Radar,196,119,13,5,333,0,1,4,0,5,196,120,17,5,338,0,0,0,338
06/20/2010,SDF,KY,ASO,CE,Combined TRACON& Tower with Radar,123,100,16,5,244,0,0,17,1,18,123,100,33,6,262,0,0,0,262
06/21/2010,SDF,KY,ASO,CE,Combined TRACON& Tower with Radar,152,129,32,7,320,0,2,20,0,22,152,131,52,7,342,0,0,0,342
06/22/2010,SDF,KY,ASO,CE,Combined TRACON& Tower with Radar,340,138,20,11,509,0,2,10,6,18,340,140,30,17,527,5,0,5,532
06/23/2010,SDF,KY,ASO,CE,Combined TRACON& Tower with Radar,330,139,18,9,496,0,0,4,5,9,330,139,22,14,505,0,0,0,505
06/24/2010,SDF,KY,ASO,CE,Combined TRACON& Tower with Radar,337,141,27,11,516,0,0,5,2,7,337,141,32,13,523,0,0,0,523
06/25/2010,SDF,KY,ASO,CE,Combined TRACON& Tower with Radar,301,139,27,11,478,0,1,6,3,10,301,140,33,14,488,0,4,4,492
06/26/2010,SDF,KY,ASO,CE,Combined TRACON& Tower with Radar,201,109,14,2,326,0,4,7,0,11,201,113,21,2,337,0,0,0,337
06/27/2010,SDF,KY,ASO,CE,Combined TRACON& Tower with Radar,138,94,10,4,246,0,0,1,2,3,138,94,11,6,249,0,0,0,249
06/28/2010,SDF,KY,ASO,CE,Combined TRACON& Tower with Radar,148,110,26,2,286,0,0,4,1,5,148,110,30,3,291,4,0,4,295
06/29/2010,SDF,KY,ASO,CE,Combined TRACON& Tower with Radar,337,149,19,6,511,0,2,8,2,12,337,151,27,8,523,0,0,0,523
06/30/2010,SDF,KY,ASO,CE,Combined TRACON& Tower with Radar,351,141,30,8,530,0,1,4,4,9,351,142,34,12,539,0,0,0,539
07/01/2010,SDF,KY,ASO,CE,Combined TRACON& Tower with Radar,333,137,21,2,493,0,0,7,2,9,333,137,28,4,502,0,0,0,502
07/02/2010,SDF,KY,ASO,CE,Combined TRACON& Tower with Radar,300,134,29,1,464,0,2,22,0,24,300,136,51,1,488,0,0,0,488
07/03/2010,SDF,KY,ASO,CE,Combined TRACON& Tower with Radar,195,101,12,0,308,0,1,11,0,12,195,102,23,0,320,0,0,0,320
07/04/2010,SDF,KY,ASO,CE,Combined TRACON& Tower with Radar,83,83,7,0,173,0,0,10,0,10,83,83,17,0,183,0,0,0,183
07/05/2010,SDF,KY,ASO,CE,Combined TRACON& Tower with Radar,110,98,16,4,228,0,0,4,0,4,110,98,20,4,232,3,0,3,235
07/06/2010,SDF,KY,ASO,CE,Combined TRACON& Tower with Radar,220,120,18,8,366,0,4,8,0,12,220,124,26,8,378,0,0,0,378
07/07/2010,SDF,KY,ASO,CE,Combined TRACON& Tower with Radar,362,141,25,10,538,0,0,9,5,14,362,141,34,15,552,0,0,0,552
07/08/2010,SDF,KY,ASO,CE,Combined TRACON& Tower with Radar,336,138,22,6,502,0,0,6,5,11,336,138,28,11,513,0,0,0,513
07/09/2010,SDF,KY,ASO,CE,Combined TRACON& Tower with Radar,309,137,28,9,483,0,0,4,0,4,309,137,32,9,487,0,0,0,487
07/10/2010,SDF,KY,ASO,CE,Combined TRACON& Tower with Radar,197,111,9,7,324,0,0,7,0,7,197,111,16,7,331,0,2,2,333
07/11/2010,SDF,KY,ASO,CE,Combined TRACON& Tower with Radar,120,97,26,6,249,0,0,2,0,2,120,97,28,6,251,0,0,0,251
07/12/2010,SDF,KY,ASO,CE,Combined TRACON& Tower with Radar,138,104,26,3,271,0,2,7,0,9,138,106,33,3,280,1,0,1,281
07/13/2010,SDF,KY,ASO,CE,Combined TRACON& Tower with Radar,338,140,33,4,515,0,4,7,5,16,338,144,40,9,531,6,0,6,537
07/14/2010,SDF,KY,ASO,CE,Combined TRACON& Tower with Radar,349,147,19,3,518,0,2,15,3,20,349,149,34,6,538,0,0,0,538
07/15/2010,SDF,KY,ASO,CE,Combined TRACON& Tower with Radar,340,136,29,11,516,0,2,9,3,14,340,138,38,14,530,0,0,0,530
07/16/2010,SDF,KY,ASO,CE,Combined TRACON& Tower with Radar,307,138,21,11,477,0,2,0,1,3,307,140,21,12,480,0,0,0,480
07/17/2010,SDF,KY,ASO,CE,Combined TRACON& Tower with Radar,204,109,9,5,327,0,0,1,0,1,204,109,10,5,328,0,0,0,328
07/18/2010,SDF,KY,ASO,CE,Combined TRACON& Tower with Radar,120,100,17,3,240,0,0,0,0,0,120,100,17,3,240,0,0,0,240
07/19/2010,SDF,KY,ASO,CE,Combined TRACON& Tower with Radar,155,104,15,8,282,0,0,3,1,4,155,104,18,9,286,4,0,4,290
07/20/2010,SDF,KY,ASO,CE,Combined TRACON& Tower with Radar,347,139,26,9,521,0,0,2,6,8,347,139,28,15,529,0,0,0,529
07/21/2010,SDF,KY,ASO,CE,Combined TRACON& Tower with Radar,346,133,28,9,516,0,0,9,4,13,346,133,37,13,529,0,0,0,529
07/22/2010,SDF,KY,ASO,CE,Combined TRACON& Tower with Radar,340,148,29,4,521,0,0,4,0,4,340,148,33,4,525,0,0,0,525
07/23/2010,SDF,KY,ASO,CE,Combined TRACON& Tower with Radar,311,137,28,15,491,0,0,17,0,17,311,137,45,15,508,0,4,4,512
07/24/2010,SDF,KY,ASO,CE,Combined TRACON& Tower with Radar,204,110,18,7,339,0,0,11,1,12,204,110,29,8,351,0,0,0,351
07/25/2010,SDF,KY,ASO,CE,Combined TRACON& Tower with Radar,132,101,22,4,259,0,3,16,0,19,132,104,38,4,278,0,0,0,278
07/26/2010,SDF,KY,ASO,CE,Combined TRACON& Tower with Radar,154,112,23,3,292,0,1,10,0,11,154,113,33,3,303,6,0,6,309
07/27/2010,SDF,KY,ASO,CE,Combined TRACON& Tower with Radar,346,148,42,5,541,0,2,8,3,13,346,150,50,8,554,18,0,18,572
07/28/2010,SDF,KY,ASO,CE,Combined TRACON& Tower with Radar,344,133,14,6,497,0,0,6,3,9,344,133,20,9,506,0,0,0,506
07/29/2010,SDF,KY,ASO,CE,Combined TRACON& Tower with Radar,343,129,23,7,502,6,0,3,2,11,349,129,26,9,513,0,0,0,513
07/30/2010,SDF,KY,ASO,CE,Combined TRACON& Tower with Radar,336,135,26,10,507,11,4,9,0,24,347,139,35,10,531,0,2,2,533
07/31/2010,SDF,KY,ASO,CE,Combined TRACON& Tower with Radar,207,125,17,7,356,0,0,5,0,5,207,125,22,7,361,0,0,0,361
08/01/2010,SDF,KY,ASO,CE,Combined TRACON& Tower with Radar,120,98,11,0,229,0,0,5,0,5,120,98,16,0,234,0,0,0,234
08/02/2010,SDF,KY,ASO,CE,Combined TRACON& Tower with Radar,154,112,18,9,293,0,0,1,0,1,154,112,19,9,294,0,0,0,294
08/03/2010,SDF,KY,ASO,CE,Combined TRACON& Tower with Radar,336,127,15,8,486,0,2,6,4,12,336,129,21,12,498,0,0,0,498
08/04/2010,SDF,KY,ASO,CE,Combined TRACON& Tower with Radar,336,126,29,6,497,0,0,5,1,6,336,126,34,7,503,0,0,0,503
08/05/2010,SDF,KY,ASO,CE,Combined TRACON& Tower with Radar,336,141,24,5,506,0,2,9,2,13,336,143,33,7,519,0,0,0,519
08/06/2010,SDF,KY,ASO,CE,Combined TRACON& Tower with Radar,292,139,12,24,467,0,2,8,1,11,292,141,20,25,478,0,0,0,478
08/07/2010,SDF,KY,ASO,CE,Combined TRACON& Tower with Radar,194,117,14,7,332,0,5,17,0,22,194,122,31,7,354,0,0,0,354
08/08/2010,SDF,KY,ASO,CE,Combined TRACON& Tower with Radar,120,102,10,4,236,0,1,8,0,9,120,103,18,4,245,0,0,0,245
08/09/2010,SDF,KY,ASO,CE,Combined TRACON& Tower with Radar,151,116,10,10,287,0,0,5,0,5,151,116,15,10,292,0,0,0,292
08/10/2010,SDF,KY,ASO,CE,Combined TRACON& Tower with Radar,348,128,44,5,525,0,2,8,2,12,348,130,52,7,537,0,0,0,537
08/11/2010,SDF,KY,ASO,CE,Combined TRACON& Tower with Radar,340,140,19,3,502,0,0,3,3,6,340,140,22,6,508,0,0,0,508
08/12/2010,SDF,KY,ASO,CE,Combined TRACON& Tower with Radar,351,136,44,5,536,0,2,4,3,9,351,138,48,8,545,0,0,0,545
08/13/2010,SDF,KY,ASO,CE,Combined TRACON& Tower with Radar,308,134,20,14,476,30,0,12,3,45,338,134,32,17,521,2,0,2,523
08/14/2010,SDF,KY,ASO,CE,Combined TRACON& Tower with Radar,200,114,8,0,322,0,2,13,0,15,200,116,21,0,337,3,3,6,343
08/15/2010,SDF,KY,ASO,CE,Combined TRACON& Tower with Radar,115,95,12,5,227,0,0,4,0,4,115,95,16,5,231,0,0,0,231
08/16/2010,SDF,KY,ASO,CE,Combined TRACON& Tower with Radar,151,106,26,6,289,0,2,8,4,14,151,108,34,10,303,10,0,10,313
08/17/2010,SDF,KY,ASO,CE,Combined TRACON& Tower with Radar,345,141,25,2,513,0,4,10,1,15,345,145,35,3,528,4,0,4,532
08/18/2010,SDF,KY,ASO,CE,Combined TRACON& Tower with Radar,342,137,28,4,511,0,0,4,1,5,342,137,32,5,516,2,0,2,518
08/19/2010,SDF,KY,ASO,CE,Combined TRACON& Tower with Radar,329,143,27,5,504,0,0,0,3,3,329,143,27,8,507,0,0,0,507
08/20/2010,SDF,KY,ASO,CE,Combined TRACON& Tower with Radar,304,129,29,5,467,0,0,3,0,3,304,129,32,5,470,0,0,0,470
08/21/2010,SDF,KY,ASO,CE,Combined TRACON& Tower with Radar,193,113,8,6,320,0,2,8,1,11,193,115,16,7,331,0,0,0,331
08/22/2010,SDF,KY,ASO,CE,Combined TRACON& Tower with Radar,119,111,27,6,263,0,4,28,0,32,119,115,55,6,295,0,0,0,295
08/23/2010,SDF,KY,ASO,CE,Combined TRACON& Tower with Radar,168,118,31,5,322,0,0,3,0,3,168,118,34,5,325,0,0,0,325
08/24/2010,SDF,KY,ASO,CE,Combined TRACON& Tower with Radar,345,129,24,3,501,0,1,8,4,13,345,130,32,7,514,0,4,4,518
08/25/2010,SDF,KY,ASO,CE,Combined TRACON& Tower with Radar,351,123,32,4,510,0,0,10,3,13,351,123,42,7,523,0,0,0,523
08/26/2010,SDF,KY,ASO,CE,Combined TRACON& Tower with Radar,339,139,38,10,526,0,0,6,2,8,339,139,44,12,534,0,0,0,534
08/27/2010,SDF,KY,ASO,CE,Combined TRACON& Tower with Radar,302,143,24,1,470,0,0,5,1,6,302,143,29,2,476,0,0,0,476
08/28/2010,SDF,KY,ASO,CE,Combined TRACON& Tower with Radar,203,111,13,15,342,0,8,35,4,47,203,119,48,19,389,3,8,11,400
08/29/2010,SDF,KY,ASO,CE,Combined TRACON& Tower with Radar,116,102,26,7,251,0,2,8,1,11,116,104,34,8,262,2,0,2,264
08/30/2010,SDF,KY,ASO,CE,Combined TRACON& Tower with Radar,154,107,18,19,298,0,0,3,0,3,154,107,21,19,301,0,0,0,301
08/31/2010,SDF,KY,ASO,CE,Combined TRACON& Tower with Radar,336,129,20,10,495,0,1,13,2,16,336,130,33,12,511,4,0,4,515
09/01/2010,SDF,KY,ASO,CE,Combined TRACON& Tower with Radar,344,126,25,4,499,4,0,10,4,18,348,126,35,8,517,0,0,0,517
09/02/2010,SDF,KY,ASO,CE,Combined TRACON& Tower with Radar,340,134,32,7,513,0,2,4,5,11,340,136,36,12,524,0,0,0,524
09/03/2010,SDF,KY,ASO,CE,Combined TRACON& Tower with Radar,307,141,22,4,474,0,0,8,1,9,307,141,30,5,483,4,0,4,487
09/04/2010,SDF,KY,ASO,CE,Combined TRACON& Tower with Radar,197,105,15,4,321,0,0,7,0,7,197,105,22,4,328,0,0,0,328
09/05/2010,SDF,KY,ASO,CE,Combined TRACON& Tower with Radar,82,77,3,2,164,0,0,6,0,6,82,77,9,2,170,0,0,0,170
09/06/2010,SDF,KY,ASO,CE,Combined TRACON& Tower with Radar,106,96,15,1,218,0,0,12,0,12,106,96,27,1,230,5,0,5,235
09/07/2010,SDF,KY,ASO,CE,Combined TRACON& Tower with Radar,208,110,28,6,352,0,0,2,0,2,208,110,30,6,354,0,0,0,354
09/08/2010,SDF,KY,ASO,CE,Combined TRACON& Tower with Radar,367,125,31,6,529,0,2,4,6,12,367,127,35,12,541,0,4,4,545
09/09/2010,SDF,KY,ASO,CE,Combined TRACON& Tower with Radar,351,140,31,6,528,0,0,14,1,15,351,140,45,7,543,2,6,8,551
09/10/2010,SDF,KY,ASO,CE,Combined TRACON& Tower with Radar,311,131,26,4,472,0,0,0,0,0,311,131,26,4,472,5,3,8,480
09/11/2010,SDF,KY,ASO,CE,Combined TRACON& Tower with Radar,197,97,8,7,309,0,0,5,2,7,197,97,13,9,316,0,5,5,321
09/12/2010,SDF,KY,ASO,CE,Combined TRACON& Tower with Radar,114,102,18,10,244,0,0,8,6,14,114,102,26,16,258,0,0,0,258
09/13/2010,SDF,KY,ASO,CE,Combined TRACON& Tower with Radar,152,120,45,6,323,0,3,20,2,25,152,123,65,8,348,0,6,6,354
09/14/2010,SDF,KY,ASO,CE,Combined TRACON& Tower with Radar,342,141,38,7,528,0,2,13,4,19,342,143,51,11,547,0,0,0,547
09/15/2010,SDF,KY,ASO,CE,Combined TRACON& Tower with Radar,328,132,43,13,516,0,0,8,5,13,328,132,51,18,529,0,0,0,529
09/16/2010,SDF,KY,ASO,CE,Combined TRACON& Tower with Radar,340,134,48,5,527,0,0,7,0,7,340,134,55,5,534,0,0,0,534
09/17/2010,SDF,KY,ASO,CE,Combined TRACON& Tower with Radar,306,135,21,23,485,0,4,5,10,19,306,139,26,33,504,4,0,4,508
09/18/2010,SDF,KY,ASO,CE,Combined TRACON& Tower with Radar,200,93,13,2,308,0,0,7,3,10,200,93,20,5,318,0,0,0,318
09/19/2010,SDF,KY,ASO,CE,Combined TRACON& Tower with Radar,117,99,13,7,236,0,4,5,2,11,117,103,18,9,247,0,0,0,247
09/20/2010,SDF,KY,ASO,CE,Combined TRACON& Tower with Radar,154,122,35,4,315,0,2,3,6,11,154,124,38,10,326,4,0,4,330
09/21/2010,SDF,KY,ASO,CE,Combined TRACON& Tower with Radar,339,142,27,4,512,0,0,10,4,14,339,142,37,8,526,0,0,0,526
09/22/2010,SDF,KY,ASO,CE,Combined TRACON& Tower with Radar,348,132,27,9,516,0,0,12,4,16,348,132,39,13,532,22,1,23,555
09/23/2010,SDF,KY,ASO,CE,Combined TRACON& Tower with Radar,335,142,38,11,526,0,1,4,2,7,335,143,42,13,533,0,0,0,533
09/24/2010,SDF,KY,ASO,CE,Combined TRACON& Tower with Radar,301,129,37,11,478,4,4,6,2,16,305,133,43,13,494,8,2,10,504
09/25/2010,SDF,KY,ASO,CE,Combined TRACON& Tower with Radar,203,92,8,4,307,0,2,21,0,23,203,94,29,4,330,0,0,0,330
09/26/2010,SDF,KY,ASO,CE,Combined TRACON& Tower with Radar,123,112,18,5,258,0,2,5,0,7,123,114,23,5,265,4,0,4,269
09/27/2010,SDF,KY,ASO,CE,Combined TRACON& Tower with Radar,152,105,32,1,290,0,0,7,0,7,152,105,39,1,297,7,0,7,304
09/28/2010,SDF,KY,ASO,CE,Combined TRACON& Tower with Radar,343,134,32,3,512,0,0,7,0,7,343,134,39,3,519,0,0,0,519
09/29/2010,SDF,KY,ASO,CE,Combined TRACON& Tower with Radar,352,150,58,6,566,0,2,20,0,22,352,152,78,6,588,6,0,6,594
09/30/2010,SDF,KY,ASO,CE,Combined TRACON& Tower with Radar,349,132,42,5,528,0,5,10,1,16,349,137,52,6,544,0,0,0,544
10/01/2010,SDF,KY,ASO,CE,Combined TRACON& Tower with Radar,318,139,23,15,495,4,2,14,3,23,322,141,37,18,518,2,2,4,522
10/02/2010,SDF,KY,ASO,CE,Combined TRACON& Tower with Radar,198,99,11,7,315,0,0,13,1,14,198,99,24,8,329,0,0,0,329
10/03/2010,SDF,KY,ASO,CE,Combined TRACON& Tower with Radar,123,103,21,5,252,0,1,9,1,11,123,104,30,6,263,0,1,1,264
10/04/2010,SDF,KY,ASO,CE,Combined TRACON& Tower with Radar,152,103,26,11,292,0,2,8,0,10,152,105,34,11,302,0,0,0,302
10/05/2010,SDF,KY,ASO,CE,Combined TRACON& Tower with Radar,339,148,31,7,525,0,3,2,7,12,339,151,33,14,537,2,0,2,539
10/06/2010,SDF,KY,ASO,CE,Combined TRACON& Tower with Radar,342,136,35,5,518,0,0,8,3,11,342,136,43,8,529,6,6,12,541
10/07/2010,SDF,KY,ASO,CE,Combined TRACON& Tower with Radar,329,145,38,7,519,0,2,6,7,15,329,147,44,14,534,6,4,10,544
10/08/2010,SDF,KY,ASO,CE,Combined TRACON& Tower with Radar,297,138,25,5,465,0,2,6,3,11,297,140,31,8,476,0,0,0,476
10/09/2010,SDF,KY,ASO,CE,Combined TRACON& Tower with Radar,190,111,17,2,320,0,0,5,0,5,190,111,22,2,325,0,0,0,325
10/10/2010,SDF,KY,ASO,CE,Combined TRACON& Tower with Radar,123,100,15,4,242,0,2,11,0,13,123,102,26,4,255,0,0,0,255
10/11/2010,SDF,KY,ASO,CE,Combined TRACON& Tower with Radar,154,110,17,3,284,0,4,9,1,14,154,114,26,4,298,6,0,6,304
10/12/2010,SDF,KY,ASO,CE,Combined TRACON& Tower with Radar,339,129,32,5,505,0,1,8,0,9,339,130,40,5,514,0,0,0,514
10/13/2010,SDF,KY,ASO,CE,Combined TRACON& Tower with Radar,335,127,35,3,500,0,0,6,2,8,335,127,41,5,508,0,0,0,508
10/14/2010,SDF,KY,ASO,CE,Combined TRACON& Tower with Radar,336,137,41,4,518,0,0,9,4,13,336,137,50,8,531,7,0,7,538
10/15/2010,SDF,KY,ASO,CE,Combined TRACON& Tower with Radar,303,127,24,6,460,0,0,2,2,4,303,127,26,8,464,4,0,4,468
10/16/2010,SDF,KY,ASO,CE,Combined TRACON& Tower with Radar,190,105,30,4,329,0,1,16,0,17,190,106,46,4,346,4,0,4,350
10/17/2010,SDF,KY,ASO,CE,Combined TRACON& Tower with Radar,122,97,16,0,235,0,2,21,0,23,122,99,37,0,258,5,0,5,263
10/18/2010,SDF,KY,ASO,CE,Combined TRACON& Tower with Radar,152,106,19,3,280,0,0,8,7,15,152,106,27,10,295,0,0,0,295
10/19/2010,SDF,KY,ASO,CE,Combined TRACON& Tower with Radar,344,131,30,8,513,0,1,10,1,12,344,132,40,9,525,0,2,2,527
10/20/2010,SDF,KY,ASO,CE,Combined TRACON& Tower with Radar,333,129,34,9,505,0,4,11,4,19,333,133,45,13,524,0,0,0,524
10/21/2010,SDF,KY,ASO,CE,Combined TRACON& Tower with Radar,344,137,33,5,519,0,8,11,5,24,344,145,44,10,543,0,0,0,543
10/22/2010,SDF,KY,ASO,CE,Combined TRACON& Tower with Radar,301,139,21,26,487,0,1,11,4,16,301,140,32,30,503,0,4,4,507
10/23/2010,SDF,KY,ASO,CE,Combined TRACON& Tower with Radar,187,104,10,1,302,0,0,14,2,16,187,104,24,3,318,6,6,12,330
10/24/2010,SDF,KY,ASO,CE,Combined TRACON& Tower with Radar,118,97,17,5,237,0,0,10,0,10,118,97,27,5,247,0,0,0,247
10/25/2010,SDF,KY,ASO,CE,Combined TRACON& Tower with Radar,151,108,33,6,298,0,0,5,0,5,151,108,38,6,303,8,0,8,311
10/26/2010,SDF,KY,ASO,CE,Combined TRACON& Tower with Radar,343,129,29,1,502,0,0,7,2,9,343,129,36,3,511,0,0,0,511
10/27/2010,SDF,KY,ASO,CE,Combined TRACON& Tower with Radar,352,124,49,3,528,0,0,19,5,24,352,124,68,8,552,0,0,0,552
10/28/2010,SDF,KY,ASO,CE,Combined TRACON& Tower with Radar,351,135,64,9,559,0,0,24,4,28,351,135,88,13,587,4,0,4,591
10/29/2010,SDF,KY,ASO,CE,Combined TRACON& Tower with Radar,308,137,42,8,495,0,2,17,0,19,308,139,59,8,514,0,0,0,514
10/30/2010,SDF,KY,ASO,CE,Combined TRACON& Tower with Radar,203,111,20,10,344,0,0,17,0,17,203,111,37,10,361,0,0,0,361
10/31/2010,SDF,KY,ASO,CE,Combined TRACON& Tower with Radar,135,97,26,6,264,0,2,4,0,6,135,99,30,6,270,0,0,0,270
11/01/2010,SDF,KY,ASO,CE,Combined TRACON& Tower with Radar,158,109,21,4,292,0,2,1,2,5,158,111,22,6,297,0,0,0,297
11/02/2010,SDF,KY,ASO,CE,Combined TRACON& Tower with Radar,345,130,39,2,516,0,1,4,3,8,345,131,43,5,524,0,0,0,524
11/03/2010,SDF,KY,ASO,CE,Combined TRACON& Tower with Radar,349,141,32,5,527,0,0,2,0,2,349,141,34,5,529,0,0,0,529
11/04/2010,SDF,KY,ASO,CE,Combined TRACON& Tower with Radar,339,168,92,5,604,0,0,4,2,6,339,168,96,7,610,0,0,0,610
11/05/2010,SDF,KY,ASO,CE,Combined TRACON& Tower with Radar,306,183,73,6,568,0,0,11,0,11,306,183,84,6,579,5,0,5,584
11/06/2010,SDF,KY,ASO,CE,Combined TRACON& Tower with Radar,200,146,93,4,443,0,0,28,2,30,200,146,121,6,473,0,0,0,473
11/07/2010,SDF,KY,ASO,CE,Combined TRACON& Tower with Radar,132,128,65,6,331,0,2,11,2,15,132,130,76,8,346,12,0,12,358
11/08/2010,SDF,KY,ASO,CE,Combined TRACON& Tower with Radar,155,116,41,6,318,0,0,13,0,13,155,116,54,6,331,0,0,0,331
11/09/2010,SDF,KY,ASO,CE,Combined TRACON& Tower with Radar,335,122,34,4,495,0,0,13,1,14,335,122,47,5,509,5,0,5,514
11/10/2010,SDF,KY,ASO,CE,Combined TRACON& Tower with Radar,348,127,34,5,514,0,0,9,2,11,348,127,43,7,525,0,0,0,525
11/11/2010,SDF,KY,ASO,CE,Combined TRACON& Tower with Radar,338,146,34,1,519,0,1,17,0,18,338,147,51,1,537,16,0,16,553
11/12/2010,SDF,KY,ASO,CE,Combined TRACON& Tower with Radar,294,132,37,3,466,0,2,12,0,14,294,134,49,3,480,8,0,8,488
11/13/2010,SDF,KY,ASO,CE,Combined TRACON& Tower with Radar,200,101,24,0,325,0,0,8,0,8,200,101,32,0,333,5,0,5,338
11/14/2010,SDF,KY,ASO,CE,Combined TRACON& Tower with Radar,125,101,27,9,262,0,0,2,0,2,125,101,29,9,264,4,0,4,268
11/15/2010,SDF,KY,ASO,CE,Combined TRACON& Tower with Radar,147,110,29,3,289,0,0,2,0,2,147,110,31,3,291,0,0,0,291
11/16/2010,SDF,KY,ASO,CE,Combined TRACON& Tower with Radar,352,131,29,4,516,0,0,0,0,0,352,131,29,4,516,0,0,0,516
11/17/2010,SDF,KY,ASO,CE,Combined TRACON& Tower with Radar,356,123,56,5,540,0,0,6,1,7,356,123,62,6,547,8,0,8,555
11/18/2010,SDF,KY,ASO,CE,Combined TRACON& Tower with Radar,341,127,40,2,510,0,0,3,0,3,341,127,43,2,513,0,0,0,513
11/19/2010,SDF,KY,ASO,CE,Combined TRACON& Tower with Radar,315,136,35,21,507,0,4,10,0,14,315,140,45,21,521,2,2,4,525
11/20/2010,SDF,KY,ASO,CE,Combined TRACON& Tower with Radar,196,96,17,21,330,0,0,11,2,13,196,96,28,23,343,8,0,8,351
11/21/2010,SDF,KY,ASO,CE,Combined TRACON& Tower with Radar,129,90,11,5,235,0,0,11,3,14,129,90,22,8,249,2,0,2,251
11/22/2010,SDF,KY,ASO,CE,Combined TRACON& Tower with Radar,153,113,41,6,313,0,0,8,0,8,153,113,49,6,321,0,0,0,321
11/23/2010,SDF,KY,ASO,CE,Combined TRACON& Tower with Radar,345,127,25,5,502,0,0,7,0,7,345,127,32,5,509,0,0,0,509
11/24/2010,SDF,KY,ASO,CE,Combined TRACON& Tower with Radar,365,134,22,1,522,0,0,0,0,0,365,134,22,1,522,0,0,0,522
11/25/2010,SDF,KY,ASO,CE,Combined TRACON& Tower with Radar,168,68,3,0,239,0,0,0,0,0,168,68,3,0,239,0,0,0,239
11/26/2010,SDF,KY,ASO,CE,Combined TRACON& Tower with Radar,217,80,14,0,311,0,0,0,0,0,217,80,14,0,311,0,0,0,311
11/27/2010,SDF,KY,ASO,CE,Combined TRACON& Tower with Radar,202,120,17,0,339,0,0,9,0,9,202,120,26,0,348,0,0,0,348
11/28/2010,SDF,KY,ASO,CE,Combined TRACON& Tower with Radar,149,102,17,0,268,0,1,16,0,17,149,103,33,0,285,3,0,3,288
11/29/2010,SDF,KY,ASO,CE,Combined TRACON& Tower with Radar,129,108,47,2,286,0,1,6,0,7,129,109,53,2,293,0,0,0,293
11/30/2010,SDF,KY,ASO,CE,Combined TRACON& Tower with Radar,386,135,40,4,565,0,0,0,0,0,386,135,40,4,565,0,0,0,565
12/01/2010,SDF,KY,ASO,CE,Combined TRACON& Tower with Radar,377,121,53,2,553,0,0,4,2,6,377,121,57,4,559,0,0,0,559
12/02/2010,SDF,KY,ASO,CE,Combined TRACON& Tower with Radar,364,151,46,4,565,0,0,5,0,5,364,151,51,4,570,0,0,0,570
12/03/2010,SDF,KY,ASO,CE,Combined TRACON& Tower with Radar,316,125,25,6,472,0,5,11,1,17,316,130,36,7,489,10,0,10,499
12/04/2010,SDF,KY,ASO,CE,Combined TRACON& Tower with Radar,193,98,17,4,312,0,0,0,0,0,193,98,17,4,312,0,0,0,312
12/05/2010,SDF,KY,ASO,CE,Combined TRACON& Tower with Radar,139,94,20,3,256,0,0,4,0,4,139,94,24,3,260,0,0,0,260
12/06/2010,SDF,KY,ASO,CE,Combined TRACON& Tower with Radar,156,106,29,1,292,0,0,8,0,8,156,106,37,1,300,0,0,0,300
12/07/2010,SDF,KY,ASO,CE,Combined TRACON& Tower with Radar,389,124,30,4,547,0,0,4,0,4,389,124,34,4,551,4,0,4,555
12/08/2010,SDF,KY,ASO,CE,Combined TRACON& Tower with Radar,374,130,39,3,546,0,0,4,2,6,374,130,43,5,552,19,0,19,571
12/09/2010,SDF,KY,ASO,CE,Combined TRACON& Tower with Radar,369,143,32,5,549,0,6,1,4,11,369,149,33,9,560,0,0,0,560
12/10/2010,SDF,KY,ASO,CE,Combined TRACON& Tower with Radar,324,121,25,5,475,0,1,5,0,6,324,122,30,5,481,0,0,0,481
12/11/2010,SDF,KY,ASO,CE,Combined TRACON& Tower with Radar,197,105,9,1,312,0,2,3,2,7,197,107,12,3,319,0,0,0,319
12/12/2010,SDF,KY,ASO,CE,Combined TRACON& Tower with Radar,112,82,16,0,210,0,0,0,0,0,112,82,16,0,210,0,0,0,210
12/13/2010,SDF,KY,ASO,CE,Combined TRACON& Tower with Radar,166,111,29,3,309,0,2,1,0,3,166,113,30,3,312,0,0,0,312
12/14/2010,SDF,KY,ASO,CE,Combined TRACON& Tower with Radar,419,145,25,1,590,0,0,8,1,9,419,145,33,2,599,0,0,0,599
12/15/2010,SDF,KY,ASO,CE,Combined TRACON& Tower with Radar,388,144,26,4,562,0,3,2,3,8,388,147,28,7,570,2,0,2,572
12/16/2010,SDF,KY,ASO,CE,Combined TRACON& Tower with Radar,391,119,36,0,546,0,0,0,0,0,391,119,36,0,546,0,0,0,546
12/17/2010,SDF,KY,ASO,CE,Combined TRACON& Tower with Radar,395,149,33,3,580,0,0,2,0,2,395,149,35,3,582,4,0,4,586
12/18/2010,SDF,KY,ASO,CE,Combined TRACON& Tower with Radar,281,115,17,0,413,0,0,2,0,2,281,115,19,0,415,0,0,0,415
12/19/2010,SDF,KY,ASO,CE,Combined TRACON& Tower with Radar,193,98,10,3,304,0,0,7,0,7,193,98,17,3,311,0,0,0,311
12/20/2010,SDF,KY,ASO,CE,Combined TRACON& Tower with Radar,210,114,18,5,347,0,2,12,0,14,210,116,30,5,361,0,0,0,361
12/21/2010,SDF,KY,ASO,CE,Combined TRACON& Tower with Radar,472,128,24,3,627,0,0,0,0,0,472,128,24,3,627,0,0,0,627
12/22/2010,SDF,KY,ASO,CE,Combined TRACON& Tower with Radar,498,138,25,0,661,0,0,0,0,0,498,138,25,0,661,0,0,0,661
12/23/2010,SDF,KY,ASO,CE,Combined TRACON& Tower with Radar,491,133,21,0,645,0,5,3,0,8,491,138,24,0,653,0,0,0,653
12/24/2010,SDF,KY,ASO,CE,Combined TRACON& Tower with Radar,374,97,12,0,483,0,0,2,0,2,374,97,14,0,485,0,0,0,485
12/25/2010,SDF,KY,ASO,CE,Combined TRACON& Tower with Radar,100,76,1,0,177,0,0,0,0,0,100,76,1,0,177,0,0,0,177
12/26/2010,SDF,KY,ASO,CE,Combined TRACON& Tower with Radar,129,87,20,0,236,0,0,0,0,0,129,87,20,0,236,0,0,0,236
12/27/2010,SDF,KY,ASO,CE,Combined TRACON& Tower with Radar,134,100,20,0,254,0,0,4,0,4,134,100,24,0,258,3,3,6,264
12/28/2010,SDF,KY,ASO,CE,Combined TRACON& Tower with Radar,362,117,21,0,500,0,2,3,3,8,362,119,24,3,508,0,0,0,508
12/29/2010,SDF,KY,ASO,CE,Combined TRACON& Tower with Radar,353,114,17,0,484,0,0,1,1,2,353,114,18,1,486,0,0,0,486
12/30/2010,SDF,KY,ASO,CE,Combined TRACON& Tower with Radar,381,125,15,1,522,0,1,5,0,6,381,126,20,1,528,4,0,4,532
12/31/2010,SDF,KY,ASO,CE,Combined TRACON& Tower with Radar,311,88,18,0,417,0,3,1,0,4,311,91,19,0,421,0,0,0,421
01/01/2011,SDF,KY,ASO,CE,Combined TRACON& Tower with Radar,94,77,9,0,180,0,1,4,0,5,94,78,13,0,185,0,0,0,185
01/02/2011,SDF,KY,ASO,CE,Combined TRACON& Tower with Radar,126,99,10,0,235,0,0,22,0,22,126,99,32,0,257,0,0,0,257
01/03/2011,SDF,KY,ASO,CE,Combined TRACON& Tower with Radar,129,109,18,2,258,0,2,8,0,10,129,111,26,2,268,3,1,4,272
01/04/2011,SDF,KY,ASO,CE,Combined TRACON& Tower with Radar,337,122,19,5,483,0,0,4,4,8,337,122,23,9,491,0,0,0,491
01/05/2011,SDF,KY,ASO,CE,Combined TRACON& Tower with Radar,338,129,21,6,494,0,0,10,4,14,338,129,31,10,508,0,0,0,508
01/06/2011,SDF,KY,ASO,CE,Combined TRACON& Tower with Radar,321,122,11,4,458,0,2,7,5,14,321,124,18,9,472,1,1,2,474
01/07/2011,SDF,KY,ASO,CE,Combined TRACON& Tower with Radar,285,116,16,2,419,0,0,1,0,1,285,116,17,2,420,0,0,0,420
01/08/2011,SDF,KY,ASO,CE,Combined TRACON& Tower with Radar,191,95,11,0,297,0,0,3,6,9,191,95,14,6,306,0,0,0,306
01/09/2011,SDF,KY,ASO,CE,Combined TRACON& Tower with Radar,106,91,11,1,209,0,0,2,6,8,106,91,13,7,217,3,0,3,220
01/10/2011,SDF,KY,ASO,CE,Combined TRACON& Tower with Radar,135,91,23,4,253,0,2,4,0,6,135,93,27,4,259,0,0,0,259
01/11/2011,SDF,KY,ASO,CE,Combined TRACON& Tower with Radar,313,104,32,1,450,0,0,0,0,0,313,104,32,1,450,0,0,0,450
01/12/2011,SDF,KY,ASO,CE,Combined TRACON& Tower with Radar,337,103,28,4,472,0,2,2,0,4,337,105,30,4,476,0,0,0,476
01/13/2011,SDF,KY,ASO,CE,Combined TRACON& Tower with Radar,340,134,38,4,516,0,0,5,4,9,340,134,43,8,525,0,0,0,525
01/14/2011,SDF,KY,ASO,CE,Combined TRACON& Tower with Radar,297,132,18,1,448,0,0,3,0,3,297,132,21,1,451,3,0,3,454
01/15/2011,SDF,KY,ASO,CE,Combined TRACON& Tower with Radar,180,92,3,1,276,0,1,0,0,1,180,93,3,1,277,4,0,4,281
01/16/2011,SDF,KY,ASO,CE,Combined TRACON& Tower with Radar,113,85,7,0,205,0,1,6,0,7,113,86,13,0,212,0,0,0,212
01/17/2011,SDF,KY,ASO,CE,Combined TRACON& Tower with Radar,138,102,10,4,254,0,0,7,4,11,138,102,17,8,265,6,0,6,271
01/18/2011,SDF,KY,ASO,CE,Combined TRACON& Tower with Radar,326,127,23,2,478,0,0,0,0,0,326,127,23,2,478,0,0,0,478
01/19/2011,SDF,KY,ASO,CE,Combined TRACON& Tower with Radar,346,127,19,4,496,0,0,0,0,0,346,127,19,4,496,0,0,0,496
01/20/2011,SDF,KY,ASO,CE,Combined TRACON& Tower with Radar,321,127,25,3,476,0,0,0,0,0,321,127,25,3,476,0,0,0,476
01/21/2011,SDF,KY,ASO,CE,Combined TRACON& Tower with Radar,314,128,20,9,471,0,0,16,0,16,314,128,36,9,487,4,0,4,491
01/22/2011,SDF,KY,ASO,CE,Combined TRACON& Tower with Radar,182,92,11,8,293,0,0,3,0,3,182,92,14,8,296,0,0,0,296
01/23/2011,SDF,KY,ASO,CE,Combined TRACON& Tower with Radar,112,89,16,3,220,0,1,3,0,4,112,90,19,3,224,0,0,0,224
01/24/2011,SDF,KY,ASO,CE,Combined TRACON& Tower with Radar,142,103,22,7,274,0,0,1,0,1,142,103,23,7,275,4,1,5,280
01/25/2011,SDF,KY,ASO,CE,Combined TRACON& Tower with Radar,349,114,33,10,506,0,0,1,0,1,349,114,34,10,507,0,0,0,507
01/26/2011,SDF,KY,ASO,CE,Combined TRACON& Tower with Radar,343,114,29,4,490,0,0,2,0,2,343,114,31,4,492,5,0,5,497
01/27/2011,SDF,KY,ASO,CE,Combined TRACON& Tower with Radar,354,114,32,10,510,0,0,2,0,2,354,114,34,10,512,0,0,0,512
01/28/2011,SDF,KY,ASO,CE,Combined TRACON& Tower with Radar,300,133,31,5,469,0,0,2,2,4,300,133,33,7,473,3,1,4,477
01/29/2011,SDF,KY,ASO,CE,Combined TRACON& Tower with Radar,192,88,23,1,304,0,2,23,0,25,192,90,46,1,329,0,0,0,329
01/30/2011,SDF,KY,ASO,CE,Combined TRACON& Tower with Radar,110,89,7,6,212,2,0,6,0,8,112,89,13,6,220,0,0,0,220
01/31/2011,SDF,KY,ASO,CE,Combined TRACON& Tower with Radar,137,106,17,0,260,0,0,2,2,4,137,106,19,2,264,0,0,0,264
02/01/2011,SDF,KY,ASO,CE,Combined TRACON& Tower with Radar,367,110,32,0,509,0,0,0,0,0,367,110,32,0,509,0,0,0,509
02/02/2011,SDF,KY,ASO,CE,Combined TRACON& Tower with Radar,365,80,18,6,469,0,4,0,1,5,365,84,18,7,474,1,0,1,475
02/03/2011,SDF,KY,ASO,CE,Combined TRACON& Tower with Radar,369,103,24,10,506,0,0,9,0,9,369,103,33,10,515,0,0,0,515
02/04/2011,SDF,KY,ASO,CE,Combined TRACON& Tower with Radar,319,112,15,2,448,0,1,11,2,14,319,113,26,4,462,0,0,0,462
02/05/2011,SDF,KY,ASO,CE,Combined TRACON& Tower with Radar,182,92,3,0,277,0,0,0,0,0,182,92,3,0,277,0,0,0,277
02/06/2011,SDF,KY,ASO,CE,Combined TRACON& Tower with Radar,110,78,13,1,202,0,0,1,0,1,110,78,14,1,203,0,0,0,203
02/07/2011,SDF,KY,ASO,CE,Combined TRACON& Tower with Radar,143,106,25,3,277,0,0,0,0,0,143,106,25,3,277,0,0,0,277
02/08/2011,SDF,KY,ASO,CE,Combined TRACON& Tower with Radar,357,108,29,12,506,0,0,3,2,5,357,108,32,14,511,0,0,0,511
02/09/2011,SDF,KY,ASO,CE,Combined TRACON& Tower with Radar,366,111,31,9,517,0,2,3,0,5,366,113,34,9,522,0,0,0,522
02/10/2011,SDF,KY,ASO,CE,Combined TRACON& Tower with Radar,371,135,26,9,541,0,2,7,1,10,371,137,33,10,551,4,0,4,555
02/11/2011,SDF,KY,ASO,CE,Combined TRACON& Tower with Radar,326,117,21,16,480,0,0,12,0,12,326,117,33,16,492,7,0,7,499
02/12/2011,SDF,KY,ASO,CE,Combined TRACON& Tower with Radar,197,90,10,1,298,0,0,6,0,6,197,90,16,1,304,0,0,0,304
02/13/2011,SDF,KY,ASO,CE,Combined TRACON& Tower with Radar,108,78,8,2,196,0,2,9,0,11,108,80,17,2,207,4,0,4,211
02/14/2011,SDF,KY,ASO,CE,Combined TRACON& Tower with Radar,153,99,14,0,266,0,0,0,0,0,153,99,14,0,266,0,0,0,266
02/15/2011,SDF,KY,ASO,CE,Combined TRACON& Tower with Radar,339,132,29,14,514,0,0,6,3,9,339,132,35,17,523,0,0,0,523
02/16/2011,SDF,KY,ASO,CE,Combined TRACON& Tower with Radar,341,124,36,6,507,0,0,6,2,8,341,124,42,8,515,2,0,2,517
02/17/2011,SDF,KY,ASO,CE,Combined TRACON& Tower with Radar,328,135,64,2,529,0,0,11,0,11,328,135,75,2,540,0,0,0,540
02/18/2011,SDF,KY,ASO,CE,Combined TRACON& Tower with Radar,307,131,40,17,495,0,2,4,0,6,307,133,44,17,501,6,11,17,518
02/19/2011,SDF,KY,ASO,CE,Combined TRACON& Tower with Radar,189,100,19,16,324,0,0,12,1,13,189,100,31,17,337,0,0,0,337
02/20/2011,SDF,KY,ASO,CE,Combined TRACON& Tower with Radar,119,79,16,6,220,0,1,4,0,5,119,80,20,6,225,0,0,0,225
02/21/2011,SDF,KY,ASO,CE,Combined TRACON& Tower with Radar,139,94,22,1,256,0,3,0,0,3,139,97,22,1,259,0,0,0,259
02/22/2011,SDF,KY,ASO,CE,Combined TRACON& Tower with Radar,342,138,30,2,512,0,2,0,2,4,342,140,30,4,516,0,0,0,516
02/23/2011,SDF,KY,ASO,CE,Combined TRACON& Tower with Radar,342,144,36,2,524,0,7,17,3,27,342,151,53,5,551,8,0,8,559
02/24/2011,SDF,KY,ASO,CE,Combined TRACON& Tower with Radar,330,144,39,6,519,0,0,4,0,4,330,144,43,6,523,0,0,0,523
02/25/2011,SDF,KY,ASO,CE,Combined TRACON& Tower with Radar,312,120,26,14,472,0,0,24,0,24,312,120,50,14,496,3,3,6,502
02/26/2011,SDF,KY,ASO,CE,Combined TRACON& Tower with Radar,188,101,16,14,319,0,0,7,0,7,188,101,23,14,326,0,0,0,326
02/27/2011,SDF,KY,ASO,CE,Combined TRACON& Tower with Radar,111,92,24,6,233,0,0,0,0,0,111,92,24,6,233,5,0,5,238
02/28/2011,SDF,KY,ASO,CE,Combined TRACON& Tower with Radar,145,111,17,3,276,0,0,2,0,2,145,111,19,3,278,0,0,0,278
03/01/2011,SDF,KY,ASO,CE,Combined TRACON& Tower with Radar,352,135,29,17,533,0,0,4,3,7,352,135,33,20,540,14,0,14,554
03/02/2011,SDF,KY,ASO,CE,Combined TRACON& Tower with Radar,334,123,39,12,508,0,1,15,2,18,334,124,54,14,526,26,4,30,556
03/03/2011,SDF,KY,ASO,CE,Combined TRACON& Tower with Radar,328,128,37,8,501,0,0,12,3,15,328,128,49,11,516,0,0,0,516
03/04/2011,SDF,KY,ASO,CE,Combined TRACON& Tower with Radar,273,111,23,5,412,0,0,4,0,4,273,111,27,5,416,0,0,0,416
03/05/2011,SDF,KY,ASO,CE,Combined TRACON& Tower with Radar,187,107,8,0,302,0,0,3,0,3,187,107,11,0,305,0,0,0,305
03/06/2011,SDF,KY,ASO,CE,Combined TRACON& Tower with Radar,108,94,13,0,215,0,0,3,0,3,108,94,16,0,218,0,0,0,218
03/07/2011,SDF,KY,ASO,CE,Combined TRACON& Tower with Radar,142,134,22,0,298,0,1,2,0,3,142,135,24,0,301,3,0,3,304
03/08/2011,SDF,KY,ASO,CE,Combined TRACON& Tower with Radar,331,138,33,7,509,0,2,3,0,5,331,140,36,7,514,0,0,0,514
03/09/2011,SDF,KY,ASO,CE,Combined TRACON& Tower with Radar,335,138,34,11,518,0,0,0,0,0,335,138,34,11,518,7,1,8,526
03/10/2011,SDF,KY,ASO,CE,Combined TRACON& Tower with Radar,334,143,34,9,520,0,0,0,1,1,334,143,34,10,521,3,4,7,528
03/11/2011,SDF,KY,ASO,CE,Combined TRACON& Tower with Radar,302,137,23,8,470,0,2,17,1,20,302,139,40,9,490,12,0,12,502
03/12/2011,SDF,KY,ASO,CE,Combined TRACON& Tower with Radar,197,116,12,5,330,0,2,7,2,11,197,118,19,7,341,0,0,0,341
03/13/2011,SDF,KY,ASO,CE,Combined TRACON& Tower with Radar,121,103,24,3,251,0,0,10,0,10,121,103,34,3,261,24,0,24,285
03/14/2011,SDF,KY,ASO,CE,Combined TRACON& Tower with Radar,138,117,13,2,270,0,0,0,2,2,138,117,13,4,272,0,0,0,272
03/15/2011,SDF,KY,ASO,CE,Combined TRACON& Tower with Radar,352,138,20,10,520,0,0,3,0,3,352,138,23,10,523,0,0,0,523
03/16/2011,SDF,KY,ASO,CE,Combined TRACON& Tower with Radar,351,135,29,9,524,0,0,14,4,18,351,135,43,13,542,0,0,0,542
03/17/2011,SDF,KY,ASO,CE,Combined TRACON& Tower with Radar,328,138,31,4,501,0,0,12,6,18,328,138,43,10,519,6,0,6,525
03/18/2011,SDF,KY,ASO,CE,Combined TRACON& Tower with Radar,303,131,26,2,462,0,4,9,0,13,303,135,35,2,475,0,0,0,475
03/19/2011,SDF,KY,ASO,CE,Combined TRACON& Tower with Radar,194,112,20,2,328,0,2,9,0,11,194,114,29,2,339,24,20,44,383
03/20/2011,SDF,KY,ASO,CE,Combined TRACON& Tower with Radar,116,113,14,4,247,0,0,11,0,11,116,113,25,4,258,4,0,4,262
03/21/2011,SDF,KY,ASO,CE,Combined TRACON& Tower with Radar,144,117,21,0,282,0,4,7,0,11,144,121,28,0,293,0,0,0,293
03/22/2011,SDF,KY,ASO,CE,Combined TRACON& Tower with Radar,336,127,22,5,490,0,5,1,3,9,336,132,23,8,499,5,1,6,505
03/23/2011,SDF,KY,ASO,CE,Combined TRACON& Tower with Radar,335,133,28,5,501,0,0,0,2,2,335,133,28,7,503,0,0,0,503
03/24/2011,SDF,KY,ASO,CE,Combined TRACON& Tower with Radar,350,150,36,3,539,0,0,8,5,13,350,150,44,8,552,4,3,7,559
03/25/2011,SDF,KY,ASO,CE,Combined TRACON& Tower with Radar,295,140,34,3,472,0,3,9,0,12,295,143,43,3,484,1,0,1,485
03/26/2011,SDF,KY,ASO,CE,Combined TRACON& Tower with Radar,197,111,21,1,330,0,0,0,0,0,197,111,21,1,330,0,0,0,330
03/27/2011,SDF,KY,ASO,CE,Combined TRACON& Tower with Radar,128,99,12,0,239,0,3,7,0,10,128,102,19,0,249,4,0,4,253
03/28/2011,SDF,KY,ASO,CE,Combined TRACON& Tower with Radar,146,125,35,4,310,0,1,9,0,10,146,126,44,4,320,8,0,8,328
03/29/2011,SDF,KY,ASO,CE,Combined TRACON& Tower with Radar,344,142,29,7,522,0,1,4,5,10,344,143,33,12,532,0,0,0,532
03/30/2011,SDF,KY,ASO,CE,Combined TRACON& Tower with Radar,348,136,43,6,533,0,0,15,2,17,348,136,58,8,550,0,5,5,555
03/31/2011,SDF,KY,ASO,CE,Combined TRACON& Tower with Radar,335,141,81,14,571,0,1,7,3,11,335,142,88,17,582,0,0,0,582
04/01/2011,SDF,KY,ASO,CE,Combined TRACON& Tower with Radar,319,134,68,1,522,0,2,4,0,6,319,136,72,1,528,6,0,6,534
04/02/2011,SDF,KY,ASO,CE,Combined TRACON& Tower with Radar,204,108,25,2,339,0,0,11,0,11,204,108,36,2,350,0,0,0,350
04/03/2011,SDF,KY,ASO,CE,Combined TRACON& Tower with Radar,118,101,17,0,236,0,0,2,0,2,118,101,19,0,238,0,0,0,238
04/04/2011,SDF,KY,ASO,CE,Combined TRACON& Tower with Radar,139,93,11,0,243,0,0,2,2,4,139,93,13,2,247,3,1,4,251
04/05/2011,SDF,KY,ASO,CE,Combined TRACON& Tower with Radar,367,120,20,4,511,0,0,4,3,7,367,120,24,7,518,0,0,0,518
04/06/2011,SDF,KY,ASO,CE,Combined TRACON& Tower with Radar,337,135,21,5,498,0,0,8,4,12,337,135,29,9,510,24,0,24,534
04/07/2011,SDF,KY,ASO,CE,Combined TRACON& Tower with Radar,354,127,17,6,504,0,0,7,3,10,354,127,24,9,514,0,0,0,514
04/08/2011,SDF,KY,ASO,CE,Combined TRACON& Tower with Radar,296,126,22,3,447,0,4,12,2,18,296,130,34,5,465,0,0,0,465
04/09/2011,SDF,KY,ASO,CE,Combined TRACON& Tower with Radar,204,102,22,0,328,0,0,8,0,8,204,102,30,0,336,0,0,0,336
04/10/2011,SDF,KY,ASO,CE,Combined TRACON& Tower with Radar,114,104,24,0,242,0,2,2,0,4,114,106,26,0,246,0,0,0,246
04/11/2011,SDF,KY,ASO,CE,Combined TRACON& Tower with Radar,159,101,17,4,281,0,0,0,0,0,159,101,17,4,281,0,0,0,281
04/12/2011,SDF,KY,ASO,CE,Combined TRACON& Tower with Radar,355,116,26,5,502,0,7,22,3,32,355,123,48,8,534,11,0,11,545
04/13/2011,SDF,KY,ASO,CE,Combined TRACON& Tower with Radar,339,119,29,6,493,0,1,4,3,8,339,120,33,9,501,0,0,0,501
04/14/2011,SDF,KY,ASO,CE,Combined TRACON& Tower with Radar,342,134,31,14,521,0,2,26,4,32,342,136,57,18,553,0,0,0,553
04/15/2011,SDF,KY,ASO,CE,Combined TRACON& Tower with Radar,304,129,26,16,475,0,0,4,6,10,304,129,30,22,485,8,9,17,502
04/16/2011,SDF,KY,ASO,CE,Combined TRACON& Tower with Radar,207,98,9,19,333,0,2,1,29,32,207,100,10,48,365,0,9,9,374
04/17/2011,SDF,KY,ASO,CE,Combined TRACON& Tower with Radar,114,106,11,11,242,0,0,11,8,19,114,106,22,19,261,0,0,0,261
04/18/2011,SDF,KY,ASO,CE,Combined TRACON& Tower with Radar,147,112,18,10,287,0,0,15,0,15,147,112,33,10,302,0,0,0,302
04/19/2011,SDF,KY,ASO,CE,Combined TRACON& Tower with Radar,353,109,19,6,487,0,2,5,0,7,353,111,24,6,494,4,0,4,498
04/20/2011,SDF,KY,ASO,CE,Combined TRACON& Tower with Radar,362,116,33,8,519,0,1,3,1,5,362,117,36,9,524,6,0,6,530
04/21/2011,SDF,KY,ASO,CE,Combined TRACON& Tower with Radar,355,128,18,1,502,0,1,5,1,7,355,129,23,2,509,2,0,2,511
04/22/2011,SDF,KY,ASO,CE,Combined TRACON& Tower with Radar,301,127,15,0,443,0,0,2,0,2,301,127,17,0,445,0,0,0,445
04/23/2011,SDF,KY,ASO,CE,Combined TRACON& Tower with Radar,196,90,9,2,297,0,0,0,0,0,196,90,9,2,297,0,0,0,297
04/24/2011,SDF,KY,ASO,CE,Combined TRACON& Tower with Radar,123,96,7,0,226,0,0,0,0,0,123,96,7,0,226,0,0,0,226
04/25/2011,SDF,KY,ASO,CE,Combined TRACON& Tower with Radar,143,98,29,4,274,0,0,4,0,4,143,98,33,4,278,4,0,4,282
04/26/2011,SDF,KY,ASO,CE,Combined TRACON& Tower with Radar,355,117,34,4,510,0,0,2,0,2,355,117,36,4,512,0,0,0,512
04/27/2011,SDF,KY,ASO,CE,Combined TRACON& Tower with Radar,340,112,14,0,466,0,0,0,0,0,340,112,14,0,466,0,0,0,466
04/28/2011,SDF,KY,ASO,CE,Combined TRACON& Tower with Radar,365,118,19,2,504,0,0,6,5,11,365,118,25,7,515,0,0,0,515
04/29/2011,SDF,KY,ASO,CE,Combined TRACON& Tower with Radar,318,119,42,0,479,0,4,13,0,17,318,123,55,0,496,13,0,13,509
04/30/2011,SDF,KY,ASO,CE,Combined TRACON& Tower with Radar,196,108,24,2,330,0,1,17,0,18,196,109,41,2,348,0,0,0,348
05/01/2011,SDF,KY,ASO,CE,Combined TRACON& Tower with Radar,125,106,16,4,251,0,0,0,0,0,125,106,16,4,251,0,0,0,251
05/02/2011,SDF,KY,ASO,CE,Combined TRACON& Tower with Radar,151,97,25,6,279,0,0,0,0,0,151,97,25,6,279,0,0,0,279
05/03/2011,SDF,KY,ASO,CE,Combined TRACON& Tower with Radar,360,124,24,6,514,0,0,9,3,12,360,124,33,9,526,0,0,0,526
05/04/2011,SDF,KY,ASO,CE,Combined TRACON& Tower with Radar,346,133,56,4,539,0,2,11,3,16,346,135,67,7,555,0,0,0,555
05/05/2011,SDF,KY,ASO,CE,Combined TRACON& Tower with Radar,407,227,182,3,819,0,2,102,8,112,407,229,284,11,931,0,0,0,931
05/06/2011,SDF,KY,ASO,CE,Combined TRACON& Tower with Radar,352,224,133,3,712,0,0,29,2,31,352,224,162,5,743,0,0,0,743
05/07/2011,SDF,KY,ASO,CE,Combined TRACON& Tower with Radar,233,219,159,5,616,0,2,20,0,22,233,221,179,5,638,86,0,86,724
05/08/2011,SDF,KY,ASO,CE,Combined TRACON& Tower with Radar,191,229,199,0,619,0,1,9,0,10,191,230,208,0,629,0,0,0,629
05/09/2011,SDF,KY,ASO,CE,Combined TRACON& Tower with Radar,159,109,29,4,301,0,0,9,4,13,159,109,38,8,314,3,1,4,318
05/10/2011,SDF,KY,ASO,CE,Combined TRACON& Tower with Radar,357,121,33,13,524,0,1,5,3,9,357,122,38,16,533,10,2,12,545
05/11/2011,SDF,KY,ASO,CE,Combined TRACON& Tower with Radar,330,123,37,7,497,0,0,4,3,7,330,123,41,10,504,14,0,14,518
05/12/2011,SDF,KY,ASO,CE,Combined TRACON& Tower with Radar,349,137,39,11,536,0,0,10,5,15,349,137,49,16,551,0,0,0,551
05/13/2011,SDF,KY,ASO,CE,Combined TRACON& Tower with Radar,299,128,33,15,475,0,1,16,3,20,299,129,49,18,495,9,0,9,504
05/14/2011,SDF,KY,ASO,CE,Combined TRACON& Tower with Radar,194,90,8,1,293,0,0,4,1,5,194,90,12,2,298,0,0,0,298
05/15/2011,SDF,KY,ASO,CE,Combined TRACON& Tower with Radar,117,114,24,14,269,0,0,0,2,2,117,114,24,16,271,1,3,4,275
05/16/2011,SDF,KY,ASO,CE,Combined TRACON& Tower with Radar,150,104,21,10,285,0,0,1,4,5,150,104,22,14,290,0,0,0,290
05/17/2011,SDF,KY,ASO,CE,Combined TRACON& Tower with Radar,349,139,35,15,538,0,6,0,4,10,349,145,35,19,548,0,0,0,548
05/18/2011,SDF,KY,ASO,CE,Combined TRACON& Tower with Radar,343,129,44,6,522,0,0,1,0,1,343,129,45,6,523,0,0,0,523
05/19/2011,SDF,KY,ASO,CE,Combined TRACON& Tower with Radar,342,140,33,8,523,0,0,6,3,9,342,140,39,11,532,0,0,0,532
05/20/2011,SDF,KY,ASO,CE,Combined TRACON& Tower with Radar,305,120,20,12,457,0,0,15,2,17,305,120,35,14,474,8,2,10,484
05/21/2011,SDF,KY,ASO,CE,Combined TRACON& Tower with Radar,200,101,14,6,321,0,0,8,0,8,200,101,22,6,329,0,0,0,329
05/22/2011,SDF,KY,ASO,CE,Combined TRACON& Tower with Radar,116,105,18,6,245,0,0,4,0,4,116,105,22,6,249,0,0,0,249
05/23/2011,SDF,KY,ASO,CE,Combined TRACON& Tower with Radar,142,104,34,0,280,0,0,2,0,2,142,104,36,0,282,1,3,4,286
05/24/2011,SDF,KY,ASO,CE,Combined TRACON& Tower with Radar,351,134,27,4,516,0,0,5,4,9,351,134,32,8,525,0,0,0,525
05/25/2011,SDF,KY,ASO,CE,Combined TRACON& Tower with Radar,321,119,31,7,478,0,2,11,11,24,321,121,42,18,502,7,0,7,509
05/26/2011,SDF,KY,ASO,CE,Combined TRACON& Tower with Radar,363,124,39,5,531,0,6,8,2,16,363,130,47,7,547,0,0,0,547
05/27/2011,SDF,KY,ASO,CE,Combined TRACON& Tower with Radar,314,128,24,3,469,0,1,8,0,9,314,129,32,3,478,2,3,5,483
05/28/2011,SDF,KY,ASO,CE,Combined TRACON& Tower with Radar,204,94,18,1,317,0,5,16,1,22,204,99,34,2,339,8,0,8,347
05/29/2011,SDF,KY,ASO,CE,Combined TRACON& Tower with Radar,87,68,13,7,175,0,0,5,2,7,87,68,18,9,182,2,0,2,184
05/30/2011,SDF,KY,ASO,CE,Combined TRACON& Tower with Radar,106,102,12,2,222,0,2,13,1,16,106,104,25,3,238,0,0,0,238
05/31/2011,SDF,KY,ASO,CE,Combined TRACON& Tower with Radar,218,117,18,3,356,0,1,15,10,26,218,118,33,13,382,0,6,6,388
06/01/2011,SDF,KY,ASO,CE,Combined TRACON& Tower with Radar,365,125,32,9,531,0,0,2,1,3,365,125,34,10,534,0,0,0,534
06/02/2011,SDF,KY,ASO,CE,Combined TRACON& Tower with Radar,349,129,29,8,515,0,1,5,0,6,349,130,34,8,521,0,0,0,521
06/03/2011,SDF,KY,ASO,CE,Combined TRACON& Tower with Radar,305,129,21,4,459,0,1,8,0,9,305,130,29,4,468,9,0,9,477
06/04/2011,SDF,KY,ASO,CE,Combined TRACON& Tower with Radar,181,65,9,2,257,0,1,8,4,13,181,66,17,6,270,6,0,6,276
06/05/2011,SDF,KY,ASO,CE,Combined TRACON& Tower with Radar,125,102,15,6,248,0,0,11,0,11,125,102,26,6,259,0,0,0,259
06/06/2011,SDF,KY,ASO,CE,Combined TRACON& Tower with Radar,151,103,28,4,286,0,2,3,0,5,151,105,31,4,291,0,0,0,291
06/07/2011,SDF,KY,ASO,CE,Combined TRACON& Tower with Radar,357,113,23,13,506,0,1,8,5,14,357,114,31,18,520,0,0,0,520
06/08/2011,SDF,KY,ASO,CE,Combined TRACON& Tower with Radar,343,132,26,6,507,0,0,14,5,19,343,132,40,11,526,0,0,0,526
06/09/2011,SDF,KY,ASO,CE,Combined TRACON& Tower with Radar,330,133,33,0,496,0,3,16,2,21,330,136,49,2,517,4,0,4,521
06/10/2011,SDF,KY,ASO,CE,Combined TRACON& Tower with Radar,311,148,20,7,486,0,6,12,0,18,311,154,32,7,504,0,2,2,506
06/11/2011,SDF,KY,ASO,CE,Combined TRACON& Tower with Radar,207,107,7,6,327,0,0,3,7,10,207,107,10,13,337,0,0,0,337
06/12/2011,SDF,KY,ASO,CE,Combined TRACON& Tower with Radar,114,113,9,3,239,0,2,1,1,4,114,115,10,4,243,0,0,0,243
06/13/2011,SDF,KY,ASO,CE,Combined TRACON& Tower with Radar,151,119,21,7,298,0,1,8,4,13,151,120,29,11,311,0,2,2,313
06/14/2011,SDF,KY,ASO,CE,Combined TRACON& Tower with Radar,341,141,25,6,513,0,0,23,5,28,341,141,48,11,541,0,0,0,541
06/15/2011,SDF,KY,ASO,CE,Combined TRACON& Tower with Radar,327,148,42,8,525,0,1,2,3,6,327,149,44,11,531,0,0,0,531
06/16/2011,SDF,KY,ASO,CE,Combined TRACON& Tower with Radar,338,136,49,20,543,0,0,13,7,20,338,136,62,27,563,0,11,11,574
06/17/2011,SDF,KY,ASO,CE,Combined TRACON& Tower with Radar,302,135,17,5,459,0,0,7,0,7,302,135,24,5,466,0,0,0,466
06/18/2011,SDF,KY,ASO,CE,Combined TRACON& Tower with Radar,204,110,10,4,328,0,0,4,1,5,204,110,14,5,333,2,0,2,335
06/19/2011,SDF,KY,ASO,CE,Combined TRACON& Tower with Radar,120,116,19,6,261,0,2,0,0,2,120,118,19,6,263,2,0,2,265
06/20/2011,SDF,KY,ASO,CE,Combined TRACON& Tower with Radar,142,129,24,8,303,0,0,14,2,16,142,129,38,10,319,1,2,3,322
06/21/2011,SDF,KY,ASO,CE,Combined TRACON& Tower with Radar,337,141,24,3,505,0,0,0,3,3,337,141,24,6,508,1,2,3,511
06/22/2011,SDF,KY,ASO,CE,Combined TRACON& Tower with Radar,354,134,21,5,514,0,3,8,0,11,354,137,29,5,525,0,0,0,525
06/23/2011,SDF,KY,ASO,CE,Combined TRACON& Tower with Radar,333,139,41,11,524,0,3,10,1,14,333,142,51,12,538,2,0,2,540
06/24/2011,SDF,KY,ASO,CE,Combined TRACON& Tower with Radar,301,142,20,5,468,0,0,17,2,19,301,142,37,7,487,6,0,6,493
06/25/2011,SDF,KY,ASO,CE,Combined TRACON& Tower with Radar,206,107,9,12,334,0,0,19,0,19,206,107,28,12,353,2,1,3,356
06/26/2011,SDF,KY,ASO,CE,Combined TRACON& Tower with Radar,118,100,19,1,238,0,6,5,4,15,118,106,24,5,253,0,0,0,253
06/27/2011,SDF,KY,ASO,CE,Combined TRACON& Tower with Radar,148,121,12,8,289,0,0,4,1,5,148,121,16,9,294,2,2,4,298
06/28/2011,SDF,KY,ASO,CE,Combined TRACON& Tower with Radar,341,127,30,9,507,0,0,3,7,10,341,127,33,16,517,0,0,0,517
06/29/2011,SDF,KY,ASO,CE,Combined TRACON& Tower with Radar,334,137,27,8,506,0,4,8,10,22,334,141,35,18,528,0,0,0,528
06/30/2011,SDF,KY,ASO,CE,Combined TRACON& Tower with Radar,339,136,29,11,515,0,6,5,4,15,339,142,34,15,530,0,0,0,530
07/01/2011,SDF,KY,ASO,CE,Combined TRACON& Tower with Radar,303,135,20,2,460,0,0,4,0,4,303,135,24,2,464,4,5,9,473
07/02/2011,SDF,KY,ASO,CE,Combined TRACON& Tower with Radar,194,97,16,0,307,0,0,19,0,19,194,97,35,0,326,0,0,0,326
07/03/2011,SDF,KY,ASO,CE,Combined TRACON& Tower with Radar,94,68,8,0,170,0,4,4,0,8,94,72,12,0,178,0,0,0,178
07/04/2011,SDF,KY,ASO,CE,Combined TRACON& Tower with Radar,100,96,6,4,206,0,0,2,0,2,100,96,8,4,208,4,1,5,213
07/05/2011,SDF,KY,ASO,CE,Combined TRACON& Tower with Radar,218,123,15,9,365,0,0,4,1,5,218,123,19,10,370,0,0,0,370
07/06/2011,SDF,KY,ASO,CE,Combined TRACON& Tower with Radar,355,132,18,11,516,0,0,3,1,4,355,132,21,12,520,0,0,0,520
07/07/2011,SDF,KY,ASO,CE,Combined TRACON& Tower with Radar,331,143,21,11,506,0,0,9,6,15,331,143,30,17,521,2,0,2,523
07/08/2011,SDF,KY,ASO,CE,Combined TRACON& Tower with Radar,292,137,12,16,457,0,2,6,4,12,292,139,18,20,469,2,2,4,473
07/09/2011,SDF,KY,ASO,CE,Combined TRACON& Tower with Radar,209,113,16,13,351,0,0,3,0,3,209,113,19,13,354,0,0,0,354
07/10/2011,SDF,KY,ASO,CE,Combined TRACON& Tower with Radar,120,104,16,17,257,0,1,19,0,20,120,105,35,17,277,0,0,0,277
07/11/2011,SDF,KY,ASO,CE,Combined TRACON& Tower with Radar,143,104,27,6,280,0,1,14,2,17,143,105,41,8,297,5,0,5,302
07/12/2011,SDF,KY,ASO,CE,Combined TRACON& Tower with Radar,343,139,18,4,504,0,0,4,1,5,343,139,22,5,509,0,0,0,509
07/13/2011,SDF,KY,ASO,CE,Combined TRACON& Tower with Radar,337,125,29,4,495,0,1,8,4,13,337,126,37,8,508,0,0,0,508
07/14/2011,SDF,KY,ASO,CE,Combined TRACON& Tower with Radar,334,138,41,5,518,0,1,14,4,19,334,139,55,9,537,8,10,18,555
07/15/2011,SDF,KY,ASO,CE,Combined TRACON& Tower with Radar,300,134,18,31,483,0,2,4,1,7,300,136,22,32,490,1,15,16,506
07/16/2011,SDF,KY,ASO,CE,Combined TRACON& Tower with Radar,198,105,16,23,342,0,3,2,0,5,198,108,18,23,347,7,3,10,357
07/17/2011,SDF,KY,ASO,CE,Combined TRACON& Tower with Radar,115,106,11,14,246,0,1,3,0,4,115,107,14,14,250,0,0,0,250
07/18/2011,SDF,KY,ASO,CE,Combined TRACON& Tower with Radar,141,116,32,6,295,0,0,6,1,7,141,116,38,7,302,0,0,0,302
07/19/2011,SDF,KY,ASO,CE,Combined TRACON& Tower with Radar,313,130,33,8,484,0,2,0,3,5,313,132,33,11,489,0,0,0,489
07/20/2011,SDF,KY,ASO,CE,Combined TRACON& Tower with Radar,349,143,23,4,519,0,6,3,2,11,349,149,26,6,530,0,1,1,531
07/21/2011,SDF,KY,ASO,CE,Combined TRACON& Tower with Radar,330,142,34,12,518,0,2,9,0,11,330,144,43,12,529,0,0,0,529
07/22/2011,SDF,KY,ASO,CE,Combined TRACON& Tower with Radar,301,127,14,7,449,0,6,8,1,15,301,133,22,8,464,0,0,0,464
07/23/2011,SDF,KY,ASO,CE,Combined TRACON& Tower with Radar,190,92,6,10,298,0,6,5,0,11,190,98,11,10,309,3,0,3,312
07/24/2011,SDF,KY,ASO,CE,Combined TRACON& Tower with Radar,127,106,11,9,253,0,3,4,0,7,127,109,15,9,260,0,0,0,260
07/25/2011,SDF,KY,ASO,CE,Combined TRACON& Tower with Radar,138,119,23,17,297,0,1,6,0,7,138,120,29,17,304,3,1,4,308
07/26/2011,SDF,KY,ASO,CE,Combined TRACON& Tower with Radar,341,141,24,16,522,0,1,4,1,6,341,142,28,17,528,0,0,0,528
07/27/2011,SDF,KY,ASO,CE,Combined TRACON& Tower with Radar,336,135,25,14,510,0,4,52,4,60,336,139,77,18,570,0,0,0,570
07/28/2011,SDF,KY,ASO,CE,Combined TRACON& Tower with Radar,357,136,51,13,557,0,2,6,2,10,357,138,57,15,567,0,0,0,567
07/29/2011,SDF,KY,ASO,CE,Combined TRACON& Tower with Radar,291,136,19,25,471,0,4,5,2,11,291,140,24,27,482,0,0,0,482
07/30/2011,SDF,KY,ASO,CE,Combined TRACON& Tower with Radar,175,72,4,7,258,0,0,4,0,4,175,72,8,7,262,4,0,4,266
07/31/2011,SDF,KY,ASO,CE,Combined TRACON& Tower with Radar,120,114,18,4,256,0,0,4,2,6,120,114,22,6,262,0,0,0,262
08/01/2011,SDF,KY,ASO,CE,Combined TRACON& Tower with Radar,143,111,15,2,271,0,2,11,3,16,143,113,26,5,287,3,0,3,290
08/02/2011,SDF,KY,ASO,CE,Combined TRACON& Tower with Radar,333,148,32,11,524,0,0,5,2,7,333,148,37,13,531,0,0,0,531
08/03/2011,SDF,KY,ASO,CE,Combined TRACON& Tower with Radar,338,140,30,5,513,0,0,1,0,1,338,140,31,5,514,0,0,0,514
08/04/2011,SDF,KY,ASO,CE,Combined TRACON& Tower with Radar,333,146,42,4,525,0,4,4,0,8,333,150,46,4,533,0,0,0,533
08/05/2011,SDF,KY,ASO,CE,Combined TRACON& Tower with Radar,299,138,25,4,466,0,7,9,10,26,299,145,34,14,492,6,0,6,498
08/06/2011,SDF,KY,ASO,CE,Combined TRACON& Tower with Radar,198,109,12,2,321,0,2,8,0,10,198,111,20,2,331,7,0,7,338
08/07/2011,SDF,KY,ASO,CE,Combined TRACON& Tower with Radar,118,96,13,3,230,0,0,1,0,1,118,96,14,3,231,0,0,0,231
08/08/2011,SDF,KY,ASO,CE,Combined TRACON& Tower with Radar,150,113,30,1,294,0,0,10,0,10,150,113,40,1,304,1,3,4,308
08/09/2011,SDF,KY,ASO,CE,Combined TRACON& Tower with Radar,341,132,20,7,500,0,0,9,3,12,341,132,29,10,512,6,0,6,518
08/10/2011,SDF,KY,ASO,CE,Combined TRACON& Tower with Radar,331,136,24,7,498,0,4,5,10,19,331,140,29,17,517,0,0,0,517
08/11/2011,SDF,KY,ASO,CE,Combined TRACON& Tower with Radar,327,143,27,7,504,0,4,15,10,29,327,147,42,17,533,0,0,0,533
08/12/2011,SDF,KY,ASO,CE,Combined TRACON& Tower with Radar,304,136,26,17,483,0,4,4,3,11,304,140,30,20,494,0,0,0,494
08/13/2011,SDF,KY,ASO,CE,Combined TRACON& Tower with Radar,200,110,13,23,346,0,0,3,1,4,200,110,16,24,350,0,0,0,350
08/14/2011,SDF,KY,ASO,CE,Combined TRACON& Tower with Radar,116,109,14,12,251,0,2,0,0,2,116,111,14,12,253,0,0,0,253
08/15/2011,SDF,KY,ASO,CE,Combined TRACON& Tower with Radar,138,105,23,8,274,0,0,10,7,17,138,105,33,15,291,0,0,0,291
08/16/2011,SDF,KY,ASO,CE,Combined TRACON& Tower with Radar,344,128,24,10,506,0,4,5,1,10,344,132,29,11,516,0,0,0,516
08/17/2011,SDF,KY,ASO,CE,Combined TRACON& Tower with Radar,333,128,28,9,498,0,2,4,3,9,333,130,32,12,507,0,0,0,507
08/18/2011,SDF,KY,ASO,CE,Combined TRACON& Tower with Radar,328,134,29,4,495,0,6,3,1,10,328,140,32,5,505,3,0,3,508
08/19/2011,SDF,KY,ASO,CE,Combined TRACON& Tower with Radar,303,137,42,15,497,0,6,7,1,14,303,143,49,16,511,0,0,0,511
08/20/2011,SDF,KY,ASO,CE,Combined TRACON& Tower with Radar,204,92,8,4,308,0,5,8,4,17,204,97,16,8,325,0,0,0,325
08/21/2011,SDF,KY,ASO,CE,Combined TRACON& Tower with Radar,121,98,19,23,261,0,0,5,2,7,121,98,24,25,268,0,0,0,268
08/22/2011,SDF,KY,ASO,CE,Combined TRACON& Tower with Radar,143,117,29,5,294,0,1,2,1,4,143,118,31,6,298,0,0,0,298
08/23/2011,SDF,KY,ASO,CE,Combined TRACON& Tower with Radar,339,117,44,3,503,0,0,11,0,11,339,117,55,3,514,0,0,0,514
08/24/2011,SDF,KY,ASO,CE,Combined TRACON& Tower with Radar,327,139,28,4,498,0,4,16,1,21,327,143,44,5,519,0,0,0,519
08/25/2011,SDF,KY,ASO,CE,Combined TRACON& Tower with Radar,337,133,34,22,526,0,2,4,2,8,337,135,38,24,534,0,0,0,534
08/26/2011,SDF,KY,ASO,CE,Combined TRACON& Tower with Radar,305,132,36,26,499,0,3,10,0,13,305,135,46,26,512,7,9,16,528
08/27/2011,SDF,KY,ASO,CE,Combined TRACON& Tower with Radar,202,90,22,30,344,0,2,8,0,10,202,92,30,30,354,0,0,0,354
08/28/2011,SDF,KY,ASO,CE,Combined TRACON& Tower with Radar,120,79,23,22,244,0,4,8,0,12,120,83,31,22,256,0,2,2,258
08/29/2011,SDF,KY,ASO,CE,Combined TRACON& Tower with Radar,159,99,31,3,292,0,2,2,15,19,159,101,33,18,311,6,0,6,317
08/30/2011,SDF,KY,ASO,CE,Combined TRACON& Tower with Radar,342,116,22,1,481,0,4,4,2,10,342,120,26,3,491,0,0,0,491
08/31/2011,SDF,KY,ASO,CE,Combined TRACON& Tower with Radar,336,128,19,7,490,0,2,7,5,14,336,130,26,12,504,2,6,8,512
09/01/2011,SDF,KY,ASO,CE,Combined TRACON& Tower with Radar,342,138,21,11,512,0,2,6,1,9,342,140,27,12,521,0,6,6,527
09/02/2011,SDF,KY,ASO,CE,Combined TRACON& Tower with Radar,301,131,25,2,459,0,7,3,0,10,301,138,28,2,469,3,0,3,472
09/03/2011,SDF,KY,ASO,CE,Combined TRACON& Tower with Radar,185,80,7,2,274,0,6,9,0,15,185,86,16,2,289,4,0,4,293
09/04/2011,SDF,KY,ASO,CE,Combined TRACON& Tower with Radar,94,62,0,0,156,0,2,0,0,2,94,64,0,0,158,6,0,6,164
09/05/2011,SDF,KY,ASO,CE,Combined TRACON& Tower with Radar,99,99,22,9,229,0,13,2,0,15,99,112,24,9,244,7,1,8,252
09/06/2011,SDF,KY,ASO,CE,Combined TRACON& Tower with Radar,209,103,22,6,340,0,0,0,0,0,209,103,22,6,340,0,0,0,340
09/07/2011,SDF,KY,ASO,CE,Combined TRACON& Tower with Radar,371,112,29,9,521,0,2,2,3,7,371,114,31,12,528,0,0,0,528
09/08/2011,SDF,KY,ASO,CE,Combined TRACON& Tower with Radar,362,131,39,5,537,0,0,0,0,0,362,131,39,5,537,0,0,0,537
09/09/2011,SDF,KY,ASO,CE,Combined TRACON& Tower with Radar,313,110,29,21,473,0,1,3,0,4,313,111,32,21,477,3,0,3,480
09/10/2011,SDF,KY,ASO,CE,Combined TRACON& Tower with Radar,190,85,11,6,292,0,0,2,1,3,190,85,13,7,295,8,6,14,309
09/11/2011,SDF,KY,ASO,CE,Combined TRACON& Tower with Radar,122,79,14,14,229,0,6,8,7,21,122,85,22,21,250,6,1,7,257
09/12/2011,SDF,KY,ASO,CE,Combined TRACON& Tower with Radar,152,85,24,3,264,0,0,11,0,11,152,85,35,3,275,55,2,57,332
09/13/2011,SDF,KY,ASO,CE,Combined TRACON& Tower with Radar,351,105,37,3,496,0,4,6,1,11,351,109,43,4,507,0,0,0,507
09/14/2011,SDF,KY,ASO,CE,Combined TRACON& Tower with Radar,337,113,45,5,500,0,6,4,0,10,337,119,49,5,510,0,0,0,510
09/15/2011,SDF,KY,ASO,CE,Combined TRACON& Tower with Radar,340,123,43,2,508,0,2,4,0,6,340,125,47,2,514,0,0,0,514
09/16/2011,SDF,KY,ASO,CE,Combined TRACON& Tower with Radar,300,118,29,0,447,2,5,9,3,19,302,123,38,3,466,7,5,12,478
09/17/2011,SDF,KY,ASO,CE,Combined TRACON& Tower with Radar,188,78,6,2,274,0,4,19,4,27,188,82,25,6,301,6,0,6,307
09/18/2011,SDF,KY,ASO,CE,Combined TRACON& Tower with Radar,116,81,24,0,221,0,2,8,1,11,116,83,32,1,232,5,4,9,241
09/19/2011,SDF,KY,ASO,CE,Combined TRACON& Tower with Radar,148,93,27,1,269,0,0,1,0,1,148,93,28,1,270,4,0,4,274
09/20/2011,SDF,KY,ASO,CE,Combined TRACON& Tower with Radar,354,102,33,4,493,0,4,6,0,10,354,106,39,4,503,0,0,0,503
09/21/2011,SDF,KY,ASO,CE,Combined TRACON& Tower with Radar,343,114,22,6,485,0,2,11,0,13,343,116,33,6,498,2,0,2,500
09/22/2011,SDF,KY,ASO,CE,Combined TRACON& Tower with Radar,330,113,22,1,466,0,0,5,0,5,330,113,27,1,471,0,0,0,471
09/23/2011,SDF,KY,ASO,CE,Combined TRACON& Tower with Radar,305,119,38,2,464,0,5,0,1,6,305,124,38,3,470,6,5,11,481
09/24/2011,SDF,KY,ASO,CE,Combined TRACON& Tower with Radar,190,79,15,18,302,0,0,0,2,2,190,79,15,20,304,1,2,3,307
09/25/2011,SDF,KY,ASO,CE,Combined TRACON& Tower with Radar,122,90,28,11,251,0,7,0,0,7,122,97,28,11,258,0,0,0,258
09/26/2011,SDF,KY,ASO,CE,Combined TRACON& Tower with Radar,153,95,28,3,279,0,2,0,2,4,153,97,28,5,283,3,0,3,286
09/27/2011,SDF,KY,ASO,CE,Combined TRACON& Tower with Radar,360,104,21,11,496,0,3,2,0,5,360,107,23,11,501,0,0,0,501
09/28/2011,SDF,KY,ASO,CE,Combined TRACON& Tower with Radar,344,114,29,2,489,0,4,14,0,18,344,118,43,2,507,9,0,9,516
09/29/2011,SDF,KY,ASO,CE,Combined TRACON& Tower with Radar,335,117,45,7,504,0,4,2,1,7,335,121,47,8,511,13,0,13,524
09/30/2011,SDF,KY,ASO,CE,Combined TRACON& Tower with Radar,310,141,35,1,487,0,11,9,0,20,310,152,44,1,507,1,0,1,508
10/01/2011,SDF,KY,ASO,CE,Combined TRACON& Tower with Radar,198,81,20,0,299,0,9,8,0,17,198,90,28,0,316,4,0,4,320
10/02/2011,SDF,KY,ASO,CE,Combined TRACON& Tower with Radar,127,79,33,0,239,0,2,16,1,19,127,81,49,1,258,4,0,4,262
10/03/2011,SDF,KY,ASO,CE,Combined TRACON& Tower with Radar,157,99,32,2,290,0,3,9,1,13,157,102,41,3,303,0,2,2,305
10/04/2011,SDF,KY,ASO,CE,Combined TRACON& Tower with Radar,349,127,53,2,531,0,0,8,4,12,349,127,61,6,543,0,0,0,543
10/05/2011,SDF,KY,ASO,CE,Combined TRACON& Tower with Radar,332,111,64,7,514,0,3,15,6,24,332,114,79,13,538,12,0,12,550
10/06/2011,SDF,KY,ASO,CE,Combined TRACON& Tower with Radar,331,115,56,10,512,0,0,23,4,27,331,115,79,14,539,4,0,4,543
10/07/2011,SDF,KY,ASO,CE,Combined TRACON& Tower with Radar,308,133,30,11,482,0,3,19,1,23,308,136,49,12,505,1,0,1,506
10/08/2011,SDF,KY,ASO,CE,Combined TRACON& Tower with Radar,191,89,8,0,288,0,7,15,0,22,191,96,23,0,310,3,0,3,313
10/09/2011,SDF,KY,ASO,CE,Combined TRACON& Tower with Radar,118,75,19,0,212,1,4,10,0,15,119,79,29,0,227,11,0,11,238
10/10/2011,SDF,KY,ASO,CE,Combined TRACON& Tower with Radar,154,101,19,2,276,0,2,6,0,8,154,103,25,2,284,9,0,9,293
10/11/2011,SDF,KY,ASO,CE,Combined TRACON& Tower with Radar,339,112,37,0,488,0,2,3,0,5,339,114,40,0,493,0,0,0,493
10/12/2011,SDF,KY,ASO,CE,Combined TRACON& Tower with Radar,342,127,47,10,526,0,19,5,4,28,342,146,52,14,554,8,0,8,562
10/13/2011,SDF,KY,ASO,CE,Combined TRACON& Tower with Radar,344,107,31,12,494,0,0,0,0,0,344,107,31,12,494,0,0,0,494
10/14/2011,SDF,KY,ASO,CE,Combined TRACON& Tower with Radar,304,124,29,17,474,0,0,7,3,10,304,124,36,20,484,4,8,12,496
10/15/2011,SDF,KY,ASO,CE,Combined TRACON& Tower with Radar,195,87,9,2,293,0,0,2,0,2,195,87,11,2,295,0,0,0,295
10/16/2011,SDF,KY,ASO,CE,Combined TRACON& Tower with Radar,124,76,20,5,225,1,2,6,0,9,125,78,26,5,234,0,0,0,234
10/17/2011,SDF,KY,ASO,CE,Combined TRACON& Tower with Radar,149,105,29,3,286,0,11,3,0,14,149,116,32,3,300,0,0,0,300
10/18/2011,SDF,KY,ASO,CE,Combined TRACON& Tower with Radar,343,130,48,8,529,0,6,3,1,10,343,136,51,9,539,0,0,0,539
10/19/2011,SDF,KY,ASO,CE,Combined TRACON& Tower with Radar,337,108,36,6,487,0,0,0,0,0,337,108,36,6,487,0,0,0,487
10/20/2011,SDF,KY,ASO,CE,Combined TRACON& Tower with Radar,354,119,36,8,517,0,2,3,0,5,354,121,39,8,522,0,0,0,522
10/21/2011,SDF,KY,ASO,CE,Combined TRACON& Tower with Radar,299,124,26,7,456,0,8,8,0,16,299,132,34,7,472,20,0,20,492
10/22/2011,SDF,KY,ASO,CE,Combined TRACON& Tower with Radar,192,91,10,2,295,0,9,12,6,27,192,100,22,8,322,0,0,0,322
10/23/2011,SDF,KY,ASO,CE,Combined TRACON& Tower with Radar,134,84,25,2,245,0,0,22,0,22,134,84,47,2,267,13,0,13,280
10/24/2011,SDF,KY,ASO,CE,Combined TRACON& Tower with Radar,151,98,36,9,294,0,10,13,3,26,151,108,49,12,320,18,0,18,338
10/25/2011,SDF,KY,ASO,CE,Combined TRACON& Tower with Radar,351,124,33,5,513,0,1,4,4,9,351,125,37,9,522,0,0,0,522
10/26/2011,SDF,KY,ASO,CE,Combined TRACON& Tower with Radar,357,112,42,6,517,0,2,3,3,8,357,114,45,9,525,0,0,0,525
10/27/2011,SDF,KY,ASO,CE,Combined TRACON& Tower with Radar,347,120,45,11,523,0,0,2,2,4,347,120,47,13,527,10,0,10,537
10/28/2011,SDF,KY,ASO,CE,Combined TRACON& Tower with Radar,324,122,40,17,503,0,2,16,1,19,324,124,56,18,522,4,0,4,526
10/29/2011,SDF,KY,ASO,CE,Combined TRACON& Tower with Radar,193,79,11,2,285,0,1,4,1,6,193,80,15,3,291,0,0,0,291
10/30/2011,SDF,KY,ASO,CE,Combined TRACON& Tower with Radar,126,90,17,1,234,0,0,8,0,8,126,90,25,1,242,8,0,8,250
10/31/2011,SDF,KY,ASO,CE,Combined TRACON& Tower with Radar,160,96,10,4,270,0,0,2,0,2,160,96,12,4,272,0,0,0,272
11/01/2011,SDF,KY,ASO,CE,Combined TRACON& Tower with Radar,359,121,47,5,532,0,0,12,3,15,359,121,59,8,547,0,0,0,547
11/02/2011,SDF,KY,ASO,CE,Combined TRACON& Tower with Radar,352,122,45,3,522,0,6,6,9,21,352,128,51,12,543,0,0,0,543
11/03/2011,SDF,KY,ASO,CE,Combined TRACON& Tower with Radar,338,159,60,6,563,0,0,1,0,1,338,159,61,6,564,0,0,0,564
11/04/2011,SDF,KY,ASO,CE,Combined TRACON& Tower with Radar,311,154,69,8,542,0,0,13,0,13,311,154,82,8,555,8,0,8,563
11/05/2011,SDF,KY,ASO,CE,Combined TRACON& Tower with Radar,183,142,75,4,404,0,3,10,1,14,183,145,85,5,418,4,0,4,422
11/06/2011,SDF,KY,ASO,CE,Combined TRACON& Tower with Radar,128,126,47,6,307,0,1,1,0,2,128,127,48,6,309,4,0,4,313
11/07/2011,SDF,KY,ASO,CE,Combined TRACON& Tower with Radar,146,94,24,6,270,0,3,4,0,7,146,97,28,6,277,0,0,0,277
11/08/2011,SDF,KY,ASO,CE,Combined TRACON& Tower with Radar,338,119,25,7,489,0,0,6,4,10,338,119,31,11,499,0,0,0,499
11/09/2011,SDF,KY,ASO,CE,Combined TRACON& Tower with Radar,341,114,38,10,503,0,2,1,6,9,341,116,39,16,512,0,4,4,516
11/10/2011,SDF,KY,ASO,CE,Combined TRACON& Tower with Radar,325,119,48,9,501,0,2,2,5,9,325,121,50,14,510,0,0,0,510
11/11/2011,SDF,KY,ASO,CE,Combined TRACON& Tower with Radar,297,124,34,1,456,0,1,6,3,10,297,125,40,4,466,8,0,8,474
11/12/2011,SDF,KY,ASO,CE,Combined TRACON& Tower with Radar,204,85,15,0,304,0,0,2,0,2,204,85,17,0,306,0,0,0,306
11/13/2011,SDF,KY,ASO,CE,Combined TRACON& Tower with Radar,98,72,22,0,192,0,2,3,0,5,98,74,25,0,197,2,3,5,202
11/14/2011,SDF,KY,ASO,CE,Combined TRACON& Tower with Radar,147,101,26,10,284,0,2,2,1,5,147,103,28,11,289,0,0,0,289
11/15/2011,SDF,KY,ASO,CE,Combined TRACON& Tower with Radar,351,113,34,1,499,0,0,1,0,1,351,113,35,1,500,0,0,0,500
11/16/2011,SDF,KY,ASO,CE,Combined TRACON& Tower with Radar,380,129,21,2,532,0,2,5,3,10,380,131,26,5,542,4,0,4,546
11/17/2011,SDF,KY,ASO,CE,Combined TRACON& Tower with Radar,348,124,32,17,521,0,1,6,7,14,348,125,38,24,535,0,0,0,535
11/18/2011,SDF,KY,ASO,CE,Combined TRACON& Tower with Radar,306,122,29,17,474,0,0,4,4,8,306,122,33,21,482,0,0,0,482
11/19/2011,SDF,KY,ASO,CE,Combined TRACON& Tower with Radar,206,77,9,7,299,0,1,2,1,4,206,78,11,8,303,0,0,0,303
11/20/2011,SDF,KY,ASO,CE,Combined TRACON& Tower with Radar,133,73,12,1,219,0,0,0,0,0,133,73,12,1,219,0,0,0,219
11/21/2011,SDF,KY,ASO,CE,Combined TRACON& Tower with Radar,152,92,11,13,268,0,0,1,0,1,152,92,12,13,269,0,0,0,269
11/22/2011,SDF,KY,ASO,CE,Combined TRACON& Tower with Radar,401,103,15,13,532,0,0,0,0,0,401,103,15,13,532,0,0,0,532
11/23/2011,SDF,KY,ASO,CE,Combined TRACON& Tower with Radar,401,122,24,5,552,0,0,0,0,0,401,122,24,5,552,0,0,0,552
11/24/2011,SDF,KY,ASO,CE,Combined TRACON& Tower with Radar,167,67,8,0,242,0,0,2,0,2,167,67,10,0,244,0,0,0,244
11/25/2011,SDF,KY,ASO,CE,Combined TRACON& Tower with Radar,205,69,19,1,294,0,4,12,0,16,205,73,31,1,310,2,0,2,312
11/26/2011,SDF,KY,ASO,CE,Combined TRACON& Tower with Radar,207,97,22,0,326,0,3,5,0,8,207,100,27,0,334,7,0,7,341
11/27/2011,SDF,KY,ASO,CE,Combined TRACON& Tower with Radar,150,83,18,2,253,0,2,0,0,2,150,85,18,2,255,4,0,4,259
11/28/2011,SDF,KY,ASO,CE,Combined TRACON& Tower with Radar,119,96,40,6,261,0,0,0,0,0,119,96,40,6,261,0,0,0,261
11/29/2011,SDF,KY,ASO,CE,Combined TRACON& Tower with Radar,408,112,48,11,579,0,2,0,0,2,408,114,48,11,581,16,0,16,597
11/30/2011,SDF,KY,ASO,CE,Combined TRACON& Tower with Radar,411,119,44,7,581,0,0,8,4,12,411,119,52,11,593,16,0,16,609
12/01/2011,SDF,KY,ASO,CE,Combined TRACON& Tower with Radar,380,122,38,6,546,0,9,24,6,39,380,131,62,12,585,4,0,4,589
12/02/2011,SDF,KY,ASO,CE,Combined TRACON& Tower with Radar,324,125,28,1,478,0,4,23,4,31,324,129,51,5,509,0,0,0,509
12/03/2011,SDF,KY,ASO,CE,Combined TRACON& Tower with Radar,199,73,20,9,301,0,6,26,2,34,199,79,46,11,335,24,0,24,359
12/04/2011,SDF,KY,ASO,CE,Combined TRACON& Tower with Radar,127,76,19,5,227,0,2,2,0,4,127,78,21,5,231,0,0,0,231
12/05/2011,SDF,KY,ASO,CE,Combined TRACON& Tower with Radar,153,88,29,5,275,0,0,0,0,0,153,88,29,5,275,0,0,0,275
12/06/2011,SDF,KY,ASO,CE,Combined TRACON& Tower with Radar,408,116,27,9,560,0,0,0,0,0,408,116,27,9,560,0,0,0,560
12/07/2011,SDF,KY,ASO,CE,Combined TRACON& Tower with Radar,397,117,28,4,546,0,4,0,4,8,397,121,28,8,554,0,0,0,554
12/08/2011,SDF,KY,ASO,CE,Combined TRACON& Tower with Radar,384,127,22,8,541,0,3,6,3,12,384,130,28,11,553,0,0,0,553
12/09/2011,SDF,KY,ASO,CE,Combined TRACON& Tower with Radar,325,128,24,11,488,0,14,8,1,23,325,142,32,12,511,7,0,7,518
12/10/2011,SDF,KY,ASO,CE,Combined TRACON& Tower with Radar,201,77,23,1,302,0,4,9,1,14,201,81,32,2,316,6,0,6,322
12/11/2011,SDF,KY,ASO,CE,Combined TRACON& Tower with Radar,128,74,16,1,219,0,0,6,0,6,128,74,22,1,225,0,0,0,225
12/12/2011,SDF,KY,ASO,CE,Combined TRACON& Tower with Radar,173,104,34,3,314,0,2,3,6,11,173,106,37,9,325,0,0,0,325
12/13/2011,SDF,KY,ASO,CE,Combined TRACON& Tower with Radar,427,120,31,4,582,0,0,3,1,4,427,120,34,5,586,0,0,0,586
12/14/2011,SDF,KY,ASO,CE,Combined TRACON& Tower with Radar,432,118,29,10,589,0,1,1,2,4,432,119,30,12,593,2,0,2,595
12/15/2011,SDF,KY,ASO,CE,Combined TRACON& Tower with Radar,409,120,31,10,570,0,2,1,1,4,409,122,32,11,574,2,0,2,576
12/16/2011,SDF,KY,ASO,CE,Combined TRACON& Tower with Radar,380,128,28,0,536,0,2,14,0,16,380,130,42,0,552,0,0,0,552
12/17/2011,SDF,KY,ASO,CE,Combined TRACON& Tower with Radar,272,90,12,0,374,0,8,13,0,21,272,98,25,0,395,0,0,0,395
12/18/2011,SDF,KY,ASO,CE,Combined TRACON& Tower with Radar,194,69,15,0,278,0,2,7,0,9,194,71,22,0,287,0,0,0,287
12/19/2011,SDF,KY,ASO,CE,Combined TRACON& Tower with Radar,226,92,17,6,341,0,6,5,0,11,226,98,22,6,352,0,0,0,352
12/20/2011,SDF,KY,ASO,CE,Combined TRACON& Tower with Radar,497,121,21,7,646,0,3,0,0,3,497,124,21,7,649,2,0,2,651
12/21/2011,SDF,KY,ASO,CE,Combined TRACON& Tower with Radar,525,113,30,7,675,0,2,1,0,3,525,115,31,7,678,0,0,0,678
12/22/2011,SDF,KY,ASO,CE,Combined TRACON& Tower with Radar,530,125,27,5,687,0,0,0,0,0,530,125,27,5,687,0,0,0,687
12/23/2011,SDF,KY,ASO,CE,Combined TRACON& Tower with Radar,471,123,23,1,618,0,1,1,0,2,471,124,24,1,620,0,0,0,620
12/24/2011,SDF,KY,ASO,CE,Combined TRACON& Tower with Radar,303,69,8,0,380,0,8,2,0,10,303,77,10,0,390,0,0,0,390
12/25/2011,SDF,KY,ASO,CE,Combined TRACON& Tower with Radar,72,60,0,0,132,1,2,1,0,4,73,62,1,0,136,0,0,0,136
12/26/2011,SDF,KY,ASO,CE,Combined TRACON& Tower with Radar,123,84,28,0,235,0,15,1,0,16,123,99,29,0,251,0,0,0,251
12/27/2011,SDF,KY,ASO,CE,Combined TRACON& Tower with Radar,236,84,32,0,352,0,3,3,0,6,236,87,35,0,358,0,0,0,358
12/28/2011,SDF,KY,ASO,CE,Combined TRACON& Tower with Radar,373,111,12,1,497,0,2,5,2,9,373,113,17,3,506,0,0,0,506
12/29/2011,SDF,KY,ASO,CE,Combined TRACON& Tower with Radar,357,100,21,1,479,0,5,5,0,10,357,105,26,1,489,2,0,2,491
12/30/2011,SDF,KY,ASO,CE,Combined TRACON& Tower with Radar,324,101,14,0,439,0,0,7,0,7,324,101,21,0,446,0,0,0,446
12/31/2011,SDF,KY,ASO,CE,Combined TRACON& Tower with Radar,195,65,8,1,269,0,0,11,0,11,195,65,19,1,280,16,0,16,296
01/01/2012,SDF,KY,ASO,CE,Combined TRACON& Tower with Radar,71,64,6,0,141,0,3,0,0,3,71,67,6,0,144,0,0,0,144
01/02/2012,SDF,KY,ASO,CE,Combined TRACON& Tower with Radar,108,78,16,0,202,0,7,5,0,12,108,85,21,0,214,2,0,2,216
01/03/2012,SDF,KY,ASO,CE,Combined TRACON& Tower with Radar,216,94,24,1,335,0,5,6,0,11,216,99,30,1,346,4,0,4,350
01/04/2012,SDF,KY,ASO,CE,Combined TRACON& Tower with Radar,355,99,30,4,488,0,0,14,7,21,355,99,44,11,509,0,0,0,509
01/05/2012,SDF,KY,ASO,CE,Combined TRACON& Tower with Radar,348,104,11,5,468,0,1,20,4,25,348,105,31,9,493,3,0,3,496
01/06/2012,SDF,KY,ASO,CE,Combined TRACON& Tower with Radar,289,101,6,11,407,0,0,14,0,14,289,101,20,11,421,0,0,0,421
01/07/2012,SDF,KY,ASO,CE,Combined TRACON& Tower with Radar,186,80,13,6,285,0,0,5,2,7,186,80,18,8,292,0,0,0,292
01/08/2012,SDF,KY,ASO,CE,Combined TRACON& Tower with Radar,109,70,15,4,198,0,4,6,0,10,109,74,21,4,208,0,0,0,208
01/09/2012,SDF,KY,ASO,CE,Combined TRACON& Tower with Radar,129,91,20,14,254,0,5,3,1,9,129,96,23,15,263,0,0,0,263
01/10/2012,SDF,KY,ASO,CE,Combined TRACON& Tower with Radar,336,114,26,13,489,0,1,3,2,6,336,115,29,15,495,3,0,3,498
01/11/2012,SDF,KY,ASO,CE,Combined TRACON& Tower with Radar,337,108,32,5,482,0,0,0,0,0,337,108,32,5,482,3,2,5,487
01/12/2012,SDF,KY,ASO,CE,Combined TRACON& Tower with Radar,322,104,22,0,448,0,0,0,0,0,322,104,22,0,448,0,0,0,448
01/13/2012,SDF,KY,ASO,CE,Combined TRACON& Tower with Radar,288,105,17,2,412,0,11,7,1,19,288,116,24,3,431,4,0,4,435
01/14/2012,SDF,KY,ASO,CE,Combined TRACON& Tower with Radar,185,86,12,1,284,0,2,5,0,7,185,88,17,1,291,9,1,10,301
01/15/2012,SDF,KY,ASO,CE,Combined TRACON& Tower with Radar,108,69,24,0,201,0,2,7,0,9,108,71,31,0,210,0,0,0,210
01/16/2012,SDF,KY,ASO,CE,Combined TRACON& Tower with Radar,126,89,16,4,235,0,2,6,0,8,126,91,22,4,243,2,2,4,247
01/17/2012,SDF,KY,ASO,CE,Combined TRACON& Tower with Radar,335,113,17,1,466,0,0,4,0,4,335,113,21,1,470,0,0,0,470
01/18/2012,SDF,KY,ASO,CE,Combined TRACON& Tower with Radar,342,110,25,3,480,0,2,7,3,12,342,112,32,6,492,0,0,0,492
01/19/2012,SDF,KY,ASO,CE,Combined TRACON& Tower with Radar,316,117,21,2,456,0,8,13,2,23,316,125,34,4,479,4,0,4,483
01/20/2012,SDF,KY,ASO,CE,Combined TRACON& Tower with Radar,287,108,22,8,425,0,12,9,0,21,287,120,31,8,446,0,0,0,446
01/21/2012,SDF,KY,ASO,CE,Combined TRACON& Tower with Radar,200,81,4,2,287,0,0,0,0,0,200,81,4,2,287,0,0,0,287
01/22/2012,SDF,KY,ASO,CE,Combined TRACON& Tower with Radar,133,75,22,1,231,1,0,2,0,3,134,75,24,1,234,0,0,0,234
01/23/2012,SDF,KY,ASO,CE,Combined TRACON& Tower with Radar,127,96,26,2,251,0,0,1,0,1,127,96,27,2,252,0,0,0,252
01/24/2012,SDF,KY,ASO,CE,Combined TRACON& Tower with Radar,329,114,16,2,461,0,2,4,0,6,329,116,20,2,467,12,0,12,479
01/25/2012,SDF,KY,ASO,CE,Combined TRACON& Tower with Radar,326,119,23,3,471,0,0,0,0,0,326,119,23,3,471,0,0,0,471
01/26/2012,SDF,KY,ASO,CE,Combined TRACON& Tower with Radar,320,121,18,5,464,0,0,0,0,0,320,121,18,5,464,0,0,0,464
01/27/2012,SDF,KY,ASO,CE,Combined TRACON& Tower with Radar,285,111,21,4,421,0,6,4,6,16,285,117,25,10,437,1,0,1,438
01/28/2012,SDF,KY,ASO,CE,Combined TRACON& Tower with Radar,178,87,10,5,280,0,2,6,4,12,178,89,16,9,292,34,0,34,326
01/29/2012,SDF,KY,ASO,CE,Combined TRACON& Tower with Radar,106,70,11,8,195,0,8,3,0,11,106,78,14,8,206,0,0,0,206
01/30/2012,SDF,KY,ASO,CE,Combined TRACON& Tower with Radar,136,91,20,2,249,0,3,5,2,10,136,94,25,4,259,2,2,4,263
01/31/2012,SDF,KY,ASO,CE,Combined TRACON& Tower with Radar,321,102,25,4,452,2,2,0,3,7,323,104,25,7,459,2,2,4,463
02/01/2012,SDF,KY,ASO,CE,Combined TRACON& Tower with Radar,333,107,22,4,466,0,0,3,5,8,333,107,25,9,474,0,0,0,474
02/02/2012,SDF,KY,ASO,CE,Combined TRACON& Tower with Radar,328,114,33,7,482,0,1,5,2,8,328,115,38,9,490,0,0,0,490
02/03/2012,SDF,KY,ASO,CE,Combined TRACON& Tower with Radar,276,117,20,4,417,0,0,5,1,6,276,117,25,5,423,0,0,0,423
02/04/2012,SDF,KY,ASO,CE,Combined TRACON& Tower with Radar,181,83,10,1,275,0,0,0,0,0,181,83,10,1,275,0,0,0,275
02/05/2012,SDF,KY,ASO,CE,Combined TRACON& Tower with Radar,98,78,24,1,201,0,2,2,1,5,98,80,26,2,206,2,0,2,208
02/06/2012,SDF,KY,ASO,CE,Combined TRACON& Tower with Radar,132,97,27,13,269,0,5,3,1,9,132,102,30,14,278,0,0,0,278
02/07/2012,SDF,KY,ASO,CE,Combined TRACON& Tower with Radar,324,109,28,3,464,0,1,4,4,9,324,110,32,7,473,5,0,5,478
02/08/2012,SDF,KY,ASO,CE,Combined TRACON& Tower with Radar,319,113,24,5,461,0,0,0,0,0,319,113,24,5,461,6,0,6,467
02/09/2012,SDF,KY,ASO,CE,Combined TRACON& Tower with Radar,322,108,24,5,459,0,7,5,1,13,322,115,29,6,472,0,0,0,472
02/10/2012,SDF,KY,ASO,CE,Combined TRACON& Tower with Radar,281,112,15,3,411,0,2,2,0,4,281,114,17,3,415,0,0,0,415
02/11/2012,SDF,KY,ASO,CE,Combined TRACON& Tower with Radar,191,83,5,0,279,0,2,2,1,5,191,85,7,1,284,0,0,0,284
02/12/2012,SDF,KY,ASO,CE,Combined TRACON& Tower with Radar,116,75,9,3,203,0,0,3,0,3,116,75,12,3,206,0,0,0,206
02/13/2012,SDF,KY,ASO,CE,Combined TRACON& Tower with Radar,154,99,22,3,278,0,1,3,0,4,154,100,25,3,282,0,0,0,282
02/14/2012,SDF,KY,ASO,CE,Combined TRACON& Tower with Radar,377,113,37,4,531,0,0,1,1,2,377,113,38,5,533,2,2,4,537
02/15/2012,SDF,KY,ASO,CE,Combined TRACON& Tower with Radar,323,124,63,8,518,0,0,10,0,10,323,124,73,8,528,0,0,0,528
02/16/2012,SDF,KY,ASO,CE,Combined TRACON& Tower with Radar,317,134,70,11,532,0,4,1,3,8,317,138,71,14,540,0,0,0,540
02/17/2012,SDF,KY,ASO,CE,Combined TRACON& Tower with Radar,291,113,58,4,466,2,2,16,1,21,293,115,74,5,487,0,0,0,487
02/18/2012,SDF,KY,ASO,CE,Combined TRACON& Tower with Radar,180,92,19,9,300,0,2,9,0,11,180,94,28,9,311,4,8,12,323
02/19/2012,SDF,KY,ASO,CE,Combined TRACON& Tower with Radar,112,68,7,1,188,0,1,3,0,4,112,69,10,1,192,4,0,4,196
02/20/2012,SDF,KY,ASO,CE,Combined TRACON& Tower with Radar,130,97,27,1,255,0,3,8,0,11,130,100,35,1,266,0,0,0,266
02/21/2012,SDF,KY,ASO,CE,Combined TRACON& Tower with Radar,335,122,19,7,483,0,6,3,0,9,335,128,22,7,492,0,0,0,492
02/22/2012,SDF,KY,ASO,CE,Combined TRACON& Tower with Radar,321,111,29,12,473,0,4,6,1,11,321,115,35,13,484,0,0,0,484
02/23/2012,SDF,KY,ASO,CE,Combined TRACON& Tower with Radar,317,122,33,11,483,0,3,11,4,18,317,125,44,15,501,0,0,0,501
02/24/2012,SDF,KY,ASO,CE,Combined TRACON& Tower with Radar,289,111,21,4,425,0,0,0,0,0,289,111,21,4,425,4,0,4,429
02/25/2012,SDF,KY,ASO,CE,Combined TRACON& Tower with Radar,187,90,5,3,285,0,7,4,2,13,187,97,9,5,298,2,0,2,300
02/26/2012,SDF,KY,ASO,CE,Combined TRACON& Tower with Radar,114,73,18,2,207,0,4,9,1,14,114,77,27,3,221,0,0,0,221
02/27/2012,SDF,KY,ASO,CE,Combined TRACON& Tower with Radar,130,102,19,5,256,0,2,3,0,5,130,104,22,5,261,0,0,0,261
02/28/2012,SDF,KY,ASO,CE,Combined TRACON& Tower with Radar,334,121,24,3,482,0,0,8,3,11,334,121,32,6,493,0,0,0,493
02/29/2012,SDF,KY,ASO,CE,Combined TRACON& Tower with Radar,338,119,22,7,486,0,0,0,0,0,338,119,22,7,486,0,0,0,486
03/01/2012,SDF,KY,ASO,CE,Combined TRACON& Tower with Radar,334,131,34,9,508,0,6,6,5,17,334,137,40,14,525,5,3,8,533
03/02/2012,SDF,KY,ASO,CE,Combined TRACON& Tower with Radar,295,111,23,3,432,0,3,0,0,3,295,114,23,3,435,0,8,8,443
03/03/2012,SDF,KY,ASO,CE,Combined TRACON& Tower with Radar,182,89,13,3,287,0,0,2,0,2,182,89,15,3,289,0,0,0,289
03/04/2012,SDF,KY,ASO,CE,Combined TRACON& Tower with Radar,113,80,10,2,205,0,2,2,0,4,113,82,12,2,209,0,0,0,209
03/05/2012,SDF,KY,ASO,CE,Combined TRACON& Tower with Radar,137,102,37,0,276,0,0,2,0,2,137,102,39,0,278,0,0,0,278
03/06/2012,SDF,KY,ASO,CE,Combined TRACON& Tower with Radar,330,109,19,3,461,0,0,6,2,8,330,109,25,5,469,0,0,0,469
03/07/2012,SDF,KY,ASO,CE,Combined TRACON& Tower with Radar,324,113,20,6,463,0,2,5,3,10,324,115,25,9,473,0,0,0,473
03/08/2012,SDF,KY,ASO,CE,Combined TRACON& Tower with Radar,323,115,23,5,466,0,2,2,0,4,323,117,25,5,470,0,0,0,470
03/09/2012,SDF,KY,ASO,CE,Combined TRACON& Tower with Radar,287,123,14,8,432,0,2,6,1,9,287,125,20,9,441,0,0,0,441
03/10/2012,SDF,KY,ASO,CE,Combined TRACON& Tower with Radar,192,88,8,0,288,0,5,5,1,11,192,93,13,1,299,5,0,5,304
03/11/2012,SDF,KY,ASO,CE,Combined TRACON& Tower with Radar,120,71,19,6,216,0,2,9,1,12,120,73,28,7,228,0,0,0,228
03/12/2012,SDF,KY,ASO,CE,Combined TRACON& Tower with Radar,135,93,18,1,247,0,2,3,0,5,135,95,21,1,252,0,0,0,252
03/13/2012,SDF,KY,ASO,CE,Combined TRACON& Tower with Radar,353,123,32,7,515,0,11,3,10,24,353,134,35,17,539,0,0,0,539
03/14/2012,SDF,KY,ASO,CE,Combined TRACON& Tower with Radar,322,104,24,7,457,0,8,11,2,21,322,112,35,9,478,0,0,0,478
03/15/2012,SDF,KY,ASO,CE,Combined TRACON& Tower with Radar,349,127,36,2,514,0,8,12,0,20,349,135,48,2,534,0,0,0,534
03/16/2012,SDF,KY,ASO,CE,Combined TRACON& Tower with Radar,302,126,20,2,450,0,2,0,2,4,302,128,20,4,454,0,0,0,454
03/17/2012,SDF,KY,ASO,CE,Combined TRACON& Tower with Radar,168,71,15,0,254,0,4,6,0,10,168,75,21,0,264,2,1,3,267
03/18/2012,SDF,KY,ASO,CE,Combined TRACON& Tower with Radar,122,74,9,7,212,0,8,5,0,13,122,82,14,7,225,0,0,0,225
03/19/2012,SDF,KY,ASO,CE,Combined TRACON& Tower with Radar,142,93,22,1,258,0,4,1,3,8,142,97,23,4,266,0,0,0,266
03/20/2012,SDF,KY,ASO,CE,Combined TRACON& Tower with Radar,344,114,35,11,504,0,9,2,7,18,344,123,37,18,522,0,0,0,522
03/21/2012,SDF,KY,ASO,CE,Combined TRACON& Tower with Radar,329,130,63,4,526,0,6,2,7,15,329,136,65,11,541,2,4,6,547
03/22/2012,SDF,KY,ASO,CE,Combined TRACON& Tower with Radar,333,133,91,14,571,0,5,6,3,14,333,138,97,17,585,0,0,0,585
03/23/2012,SDF,KY,ASO,CE,Combined TRACON& Tower with Radar,287,119,58,2,466,0,2,1,1,4,287,121,59,3,470,2,2,4,474
03/24/2012,SDF,KY,ASO,CE,Combined TRACON& Tower with Radar,199,78,21,3,301,0,2,0,3,5,199,80,21,6,306,0,0,0,306
03/25/2012,SDF,KY,ASO,CE,Combined TRACON& Tower with Radar,119,81,17,0,217,0,6,3,0,9,119,87,20,0,226,0,0,0,226
03/26/2012,SDF,KY,ASO,CE,Combined TRACON& Tower with Radar,144,91,18,8,261,0,1,4,0,5,144,92,22,8,266,0,0,0,266
03/27/2012,SDF,KY,ASO,CE,Combined TRACON& Tower with Radar,336,112,35,15,498,0,1,10,0,11,336,113,45,15,509,0,0,0,509
03/28/2012,SDF,KY,ASO,CE,Combined TRACON& Tower with Radar,331,109,34,7,481,0,1,3,4,8,331,110,37,11,489,0,0,0,489
03/29/2012,SDF,KY,ASO,CE,Combined TRACON& Tower with Radar,335,114,25,7,481,0,2,4,4,10,335,116,29,11,491,9,0,9,500
03/30/2012,SDF,KY,ASO,CE,Combined TRACON& Tower with Radar,292,119,30,12,453,0,7,7,3,17,292,126,37,15,470,0,0,0,470
03/31/2012,SDF,KY,ASO,CE,Combined TRACON& Tower with Radar,199,90,22,0,311,0,6,2,1,9,199,96,24,1,320,0,0,0,320
04/01/2012,SDF,KY,ASO,CE,Combined TRACON& Tower with Radar,114,92,13,2,221,0,3,3,0,6,114,95,16,2,227,0,0,0,227
04/02/2012,SDF,KY,ASO,CE,Combined TRACON& Tower with Radar,141,100,29,2,272,0,15,2,1,18,141,115,31,3,290,0,0,0,290
04/03/2012,SDF,KY,ASO,CE,Combined TRACON& Tower with Radar,342,120,29,15,506,0,2,8,3,13,342,122,37,18,519,19,0,19,538
04/04/2012,SDF,KY,ASO,CE,Combined TRACON& Tower with Radar,327,123,36,3,489,0,0,3,0,3,327,123,39,3,492,0,0,0,492
04/05/2012,SDF,KY,ASO,CE,Combined TRACON& Tower with Radar,328,117,28,4,477,0,3,1,1,5,328,120,29,5,482,0,0,0,482
04/06/2012,SDF,KY,ASO,CE,Combined TRACON& Tower with Radar,279,109,29,8,425,0,1,5,1,7,279,110,34,9,432,0,0,0,432
04/07/2012,SDF,KY,ASO,CE,Combined TRACON& Tower with Radar,183,82,14,1,280,0,10,3,0,13,183,92,17,1,293,0,0,0,293
04/08/2012,SDF,KY,ASO,CE,Combined TRACON& Tower with Radar,107,73,13,0,193,0,4,8,0,12,107,77,21,0,205,6,0,6,211
04/09/2012,SDF,KY,ASO,CE,Combined TRACON& Tower with Radar,143,96,15,9,263,0,5,0,1,6,143,101,15,10,269,0,0,0,269
04/10/2012,SDF,KY,ASO,CE,Combined TRACON& Tower with Radar,333,114,12,12,471,0,0,5,4,9,333,114,17,16,480,10,0,10,490
04/11/2012,SDF,KY,ASO,CE,Combined TRACON& Tower with Radar,335,119,24,10,488,0,8,6,1,15,335,127,30,11,503,0,0,0,503
04/12/2012,SDF,KY,ASO,CE,Combined TRACON& Tower with Radar,326,118,27,10,481,0,4,7,6,17,326,122,34,16,498,0,0,0,498
04/13/2012,SDF,KY,ASO,CE,Combined TRACON& Tower with Radar,298,111,14,9,432,0,5,9,4,18,298,116,23,13,450,0,0,0,450
04/14/2012,SDF,KY,ASO,CE,Combined TRACON& Tower with Radar,185,87,13,3,288,0,1,3,0,4,185,88,16,3,292,0,0,0,292
04/15/2012,SDF,KY,ASO,CE,Combined TRACON& Tower with Radar,124,75,17,7,223,0,5,2,0,7,124,80,19,7,230,0,0,0,230
04/16/2012,SDF,KY,ASO,CE,Combined TRACON& Tower with Radar,150,95,13,11,269,0,7,2,2,11,150,102,15,13,280,0,0,0,280
04/17/2012,SDF,KY,ASO,CE,Combined TRACON& Tower with Radar,343,118,33,2,496,0,9,5,2,16,343,127,38,4,512,0,0,0,512
04/18/2012,SDF,KY,ASO,CE,Combined TRACON& Tower with Radar,340,117,18,7,482,0,3,1,5,9,340,120,19,12,491,0,0,0,491
04/19/2012,SDF,KY,ASO,CE,Combined TRACON& Tower with Radar,353,138,23,16,530,0,6,16,3,25,353,144,39,19,555,3,0,3,558
04/20/2012,SDF,KY,ASO,CE,Combined TRACON& Tower with Radar,291,124,26,24,465,0,5,13,9,27,291,129,39,33,492,0,0,0,492
04/21/2012,SDF,KY,ASO,CE,Combined TRACON& Tower with Radar,190,82,9,10,291,0,1,13,43,57,190,83,22,53,348,0,0,0,348
04/22/2012,SDF,KY,ASO,CE,Combined TRACON& Tower with Radar,123,81,12,26,242,0,9,9,4,22,123,90,21,30,264,0,0,0,264
04/23/2012,SDF,KY,ASO,CE,Combined TRACON& Tower with Radar,143,106,18,6,273,0,4,5,1,10,143,110,23,7,283,0,0,0,283
04/24/2012,SDF,KY,ASO,CE,Combined TRACON& Tower with Radar,338,119,38,5,500,0,8,9,3,20,338,127,47,8,520,0,0,0,520
04/25/2012,SDF,KY,ASO,CE,Combined TRACON& Tower with Radar,330,127,28,3,488,0,5,6,0,11,330,132,34,3,499,0,0,0,499
04/26/2012,SDF,KY,ASO,CE,Combined TRACON& Tower with Radar,334,117,24,6,481,0,5,3,4,12,334,122,27,10,493,0,2,2,495
04/27/2012,SDF,KY,ASO,CE,Combined TRACON& Tower with Radar,299,117,17,2,435,0,0,12,0,12,299,117,29,2,447,0,0,0,447
04/28/2012,SDF,KY,ASO,CE,Combined TRACON& Tower with Radar,185,81,18,0,284,0,0,6,1,7,185,81,24,1,291,0,0,0,291
04/29/2012,SDF,KY,ASO,CE,Combined TRACON& Tower with Radar,120,81,13,6,220,0,6,1,0,7,120,87,14,6,227,0,0,0,227
04/30/2012,SDF,KY,ASO,CE,Combined TRACON& Tower with Radar,146,96,32,4,278,0,2,3,0,5,146,98,35,4,283,0,0,0,283
05/01/2012,SDF,KY,ASO,CE,Combined TRACON& Tower with Radar,344,110,32,7,493,0,4,4,2,10,344,114,36,9,503,0,0,0,503
05/02/2012,SDF,KY,ASO,CE,Combined TRACON& Tower with Radar,344,126,44,5,519,0,4,5,3,12,344,130,49,8,531,0,0,0,531
05/03/2012,SDF,KY,ASO,CE,Combined TRACON& Tower with Radar,368,206,193,9,776,0,2,28,3,33,368,208,221,12,809,0,0,0,809
05/04/2012,SDF,KY,ASO,CE,Combined TRACON& Tower with Radar,312,182,126,2,622,0,0,48,4,52,312,182,174,6,674,2,0,2,676
05/05/2012,SDF,KY,ASO,CE,Combined TRACON& Tower with Radar,200,193,158,0,551,0,0,50,0,50,200,193,208,0,601,0,0,0,601
05/06/2012,SDF,KY,ASO,CE,Combined TRACON& Tower with Radar,172,200,223,0,595,0,0,6,0,6,172,200,229,0,601,1,0,1,602
05/07/2012,SDF,KY,ASO,CE,Combined TRACON& Tower with Radar,142,97,21,2,262,0,0,4,0,4,142,97,25,2,266,0,0,0,266
05/08/2012,SDF,KY,ASO,CE,Combined TRACON& Tower with Radar,342,103,31,10,486,0,0,3,4,7,342,103,34,14,493,0,0,0,493
05/09/2012,SDF,KY,ASO,CE,Combined TRACON& Tower with Radar,344,111,32,5,492,0,0,6,5,11,344,111,38,10,503,4,0,4,507
05/10/2012,SDF,KY,ASO,CE,Combined TRACON& Tower with Radar,345,123,24,5,497,0,4,4,1,9,345,127,28,6,506,0,7,7,513
05/11/2012,SDF,KY,ASO,CE,Combined TRACON& Tower with Radar,343,125,26,6,500,0,2,12,1,15,343,127,38,7,515,6,0,6,521
05/12/2012,SDF,KY,ASO,CE,Combined TRACON& Tower with Radar,208,88,11,2,309,0,3,14,1,18,208,91,25,3,327,0,0,0,327
05/13/2012,SDF,KY,ASO,CE,Combined TRACON& Tower with Radar,122,86,12,1,221,0,0,0,0,0,122,86,12,1,221,0,0,0,221
05/14/2012,SDF,KY,ASO,CE,Combined TRACON& Tower with Radar,143,101,32,9,285,0,4,6,0,10,143,105,38,9,295,5,0,5,300
05/15/2012,SDF,KY,ASO,CE,Combined TRACON& Tower with Radar,331,110,31,8,480,0,1,17,10,28,331,111,48,18,508,0,0,0,508
05/16/2012,SDF,KY,ASO,CE,Combined TRACON& Tower with Radar,342,116,36,3,497,0,2,25,4,31,342,118,61,7,528,2,0,2,530
05/17/2012,SDF,KY,ASO,CE,Combined TRACON& Tower with Radar,333,126,32,8,499,0,4,34,2,40,333,130,66,10,539,0,0,0,539
05/18/2012,SDF,KY,ASO,CE,Combined TRACON& Tower with Radar,304,120,17,25,466,0,11,11,1,23,304,131,28,26,489,0,4,4,493
05/19/2012,SDF,KY,ASO,CE,Combined TRACON& Tower with Radar,182,91,22,0,295,0,0,14,0,14,182,91,36,0,309,8,0,8,317
05/20/2012,SDF,KY,ASO,CE,Combined TRACON& Tower with Radar,117,76,8,2,203,0,6,9,0,15,117,82,17,2,218,0,0,0,218
05/21/2012,SDF,KY,ASO,CE,Combined TRACON& Tower with Radar,144,93,32,3,272,0,4,2,4,10,144,97,34,7,282,0,0,0,282
05/22/2012,SDF,KY,ASO,CE,Combined TRACON& Tower with Radar,334,119,39,8,500,0,12,6,3,21,334,131,45,11,521,0,0,0,521
05/23/2012,SDF,KY,ASO,CE,Combined TRACON& Tower with Radar,341,109,18,10,478,0,6,7,2,15,341,115,25,12,493,0,0,0,493
05/24/2012,SDF,KY,ASO,CE,Combined TRACON& Tower with Radar,333,107,28,10,478,0,3,8,8,19,333,110,36,18,497,5,4,9,506
05/25/2012,SDF,KY,ASO,CE,Combined TRACON& Tower with Radar,305,115,23,2,445,0,8,0,0,8,305,123,23,2,453,0,0,0,453
05/26/2012,SDF,KY,ASO,CE,Combined TRACON& Tower with Radar,179,90,6,1,276,0,7,5,3,15,179,97,11,4,291,0,0,0,291
05/27/2012,SDF,KY,ASO,CE,Combined TRACON& Tower with Radar,84,53,9,2,148,0,7,5,4,16,84,60,14,6,164,0,0,0,164
05/28/2012,SDF,KY,ASO,CE,Combined TRACON& Tower with Radar,93,87,9,0,189,0,3,5,0,8,93,90,14,0,197,0,0,0,197
05/29/2012,SDF,KY,ASO,CE,Combined TRACON& Tower with Radar,214,92,10,2,318,0,2,3,0,5,214,94,13,2,323,1,0,1,324
05/30/2012,SDF,KY,ASO,CE,Combined TRACON& Tower with Radar,361,122,23,4,510,0,2,6,6,14,361,124,29,10,524,0,0,0,524
05/31/2012,SDF,KY,ASO,CE,Combined TRACON& Tower with Radar,348,124,15,7,494,0,0,2,1,3,348,124,17,8,497,0,0,0,497
06/01/2012,SDF,KY,ASO,CE,Combined TRACON& Tower with Radar,301,113,18,4,436,0,0,2,0,2,301,113,20,4,438,0,0,0,438
06/02/2012,SDF,KY,ASO,CE,Combined TRACON& Tower with Radar,173,70,9,3,255,0,3,5,0,8,173,73,14,3,263,0,0,0,263
06/03/2012,SDF,KY,ASO,CE,Combined TRACON& Tower with Radar,114,80,8,7,209,0,6,8,0,14,114,86,16,7,223,0,0,0,223
06/04/2012,SDF,KY,ASO,CE,Combined TRACON& Tower with Radar,148,103,18,3,272,0,2,6,0,8,148,105,24,3,280,0,0,0,280
06/05/2012,SDF,KY,ASO,CE,Combined TRACON& Tower with Radar,351,107,20,11,489,0,4,8,7,19,351,111,28,18,508,0,0,0,508
06/06/2012,SDF,KY,ASO,CE,Combined TRACON& Tower with Radar,340,100,30,6,476,0,1,12,7,20,340,101,42,13,496,9,4,13,509
06/07/2012,SDF,KY,ASO,CE,Combined TRACON& Tower with Radar,329,116,26,9,480,0,0,15,9,24,329,116,41,18,504,0,0,0,504
06/08/2012,SDF,KY,ASO,CE,Combined TRACON& Tower with Radar,297,118,9,11,435,0,1,10,0,11,297,119,19,11,446,2,0,2,448
06/09/2012,SDF,KY,ASO,CE,Combined TRACON& Tower with Radar,218,112,25,17,372,0,4,36,0,40,218,116,61,17,412,0,0,0,412
06/10/2012,SDF,KY,ASO,CE,Combined TRACON& Tower with Radar,119,84,15,6,224,0,5,8,2,15,119,89,23,8,239,6,0,6,245
06/11/2012,SDF,KY,ASO,CE,Combined TRACON& Tower with Radar,148,97,24,0,269,0,5,0,3,8,148,102,24,3,277,4,0,4,281
06/12/2012,SDF,KY,ASO,CE,Combined TRACON& Tower with Radar,345,123,22,29,519,0,4,4,8,16,345,127,26,37,535,0,0,0,535
06/13/2012,SDF,KY,ASO,CE,Combined TRACON& Tower with Radar,349,115,36,9,509,0,1,4,6,11,349,116,40,15,520,5,6,11,531
06/14/2012,SDF,KY,ASO,CE,Combined TRACON& Tower with Radar,337,119,17,14,487,0,10,14,3,27,337,129,31,17,514,0,0,0,514
06/15/2012,SDF,KY,ASO,CE,Combined TRACON& Tower with Radar,305,119,17,18,459,0,1,11,3,15,305,120,28,21,474,2,0,2,476
06/16/2012,SDF,KY,ASO,CE,Combined TRACON& Tower with Radar,207,95,12,15,329,0,6,7,0,13,207,101,19,15,342,0,0,0,342
06/17/2012,SDF,KY,ASO,CE,Combined TRACON& Tower with Radar,124,80,14,6,224,0,0,1,0,1,124,80,15,6,225,0,0,0,225
06/18/2012,SDF,KY,ASO,CE,Combined TRACON& Tower with Radar,148,92,25,1,266,0,1,1,1,3,148,93,26,2,269,0,1,1,270
06/19/2012,SDF,KY,ASO,CE,Combined TRACON& Tower with Radar,351,118,22,16,507,0,4,6,2,12,351,122,28,18,519,10,0,10,529
06/20/2012,SDF,KY,ASO,CE,Combined TRACON& Tower with Radar,344,106,27,5,482,0,2,6,2,10,344,108,33,7,492,0,4,4,496
06/21/2012,SDF,KY,ASO,CE,Combined TRACON& Tower with Radar,338,109,30,9,486,0,0,11,0,11,338,109,41,9,497,0,0,0,497
06/22/2012,SDF,KY,ASO,CE,Combined TRACON& Tower with Radar,304,116,31,9,460,0,12,5,3,20,304,128,36,12,480,0,0,0,480
06/23/2012,SDF,KY,ASO,CE,Combined TRACON& Tower with Radar,212,86,23,3,324,0,4,12,0,16,212,90,35,3,340,7,0,7,347
06/24/2012,SDF,KY,ASO,CE,Combined TRACON& Tower with Radar,123,83,16,3,225,0,0,4,0,4,123,83,20,3,229,0,0,0,229
06/25/2012,SDF,KY,ASO,CE,Combined TRACON& Tower with Radar,148,102,34,7,291,0,11,4,1,16,148,113,38,8,307,0,0,0,307
06/26/2012,SDF,KY,ASO,CE,Combined TRACON& Tower with Radar,343,126,30,13,512,0,2,3,6,11,343,128,33,19,523,0,0,0,523
06/27/2012,SDF,KY,ASO,CE,Combined TRACON& Tower with Radar,347,116,32,13,508,0,0,3,4,7,347,116,35,17,515,0,0,0,515
06/28/2012,SDF,KY,ASO,CE,Combined TRACON& Tower with Radar,346,122,33,7,508,0,2,9,1,12,346,124,42,8,520,0,0,0,520
06/29/2012,SDF,KY,ASO,CE,Combined TRACON& Tower with Radar,301,124,22,3,450,0,4,6,2,12,301,128,28,5,462,2,0,2,464
06/30/2012,SDF,KY,ASO,CE,Combined TRACON& Tower with Radar,215,96,23,0,334,0,2,0,0,2,215,98,23,0,336,0,0,0,336
07/01/2012,SDF,KY,ASO,CE,Combined TRACON& Tower with Radar,118,86,16,0,220,0,1,8,0,9,118,87,24,0,229,1,0,1,230
07/02/2012,SDF,KY,ASO,CE,Combined TRACON& Tower with Radar,134,87,4,5,230,0,2,2,0,4,134,89,6,5,234,0,0,0,234
07/03/2012,SDF,KY,ASO,CE,Combined TRACON& Tower with Radar,333,106,17,11,467,0,1,5,7,13,333,107,22,18,480,1,0,1,481
07/04/2012,SDF,KY,ASO,CE,Combined TRACON& Tower with Radar,166,78,7,0,251,0,0,10,0,10,166,78,17,0,261,0,0,0,261
07/05/2012,SDF,KY,ASO,CE,Combined TRACON& Tower with Radar,263,87,18,0,368,0,1,0,0,1,263,88,18,0,369,0,0,0,369
07/06/2012,SDF,KY,ASO,CE,Combined TRACON& Tower with Radar,298,107,21,7,433,0,3,2,2,7,298,110,23,9,440,0,0,0,440
07/07/2012,SDF,KY,ASO,CE,Combined TRACON& Tower with Radar,200,89,9,1,299,0,2,9,0,11,200,91,18,1,310,0,0,0,310
07/08/2012,SDF,KY,ASO,CE,Combined TRACON& Tower with Radar,118,82,19,2,221,0,3,4,0,7,118,85,23,2,228,3,1,4,232
07/09/2012,SDF,KY,ASO,CE,Combined TRACON& Tower with Radar,140,95,20,5,260,0,0,1,1,2,140,95,21,6,262,0,0,0,262
07/10/2012,SDF,KY,ASO,CE,Combined TRACON& Tower with Radar,336,123,18,28,505,0,4,8,0,12,336,127,26,28,517,4,0,4,521
07/11/2012,SDF,KY,ASO,CE,Combined TRACON& Tower with Radar,342,139,26,5,512,0,2,2,1,5,342,141,28,6,517,0,0,0,517
07/12/2012,SDF,KY,ASO,CE,Combined TRACON& Tower with Radar,321,130,16,15,482,0,1,2,4,7,321,131,18,19,489,4,3,7,496
07/13/2012,SDF,KY,ASO,CE,Combined TRACON& Tower with Radar,280,131,19,5,435,1,0,4,1,6,281,131,23,6,441,0,0,0,441
07/14/2012,SDF,KY,ASO,CE,Combined TRACON& Tower with Radar,193,104,12,5,314,0,2,6,2,10,193,106,18,7,324,0,0,0,324
07/15/2012,SDF,KY,ASO,CE,Combined TRACON& Tower with Radar,107,103,23,2,235,0,3,1,1,5,107,106,24,3,240,0,0,0,240
07/16/2012,SDF,KY,ASO,CE,Combined TRACON& Tower with Radar,132,121,17,9,279,0,3,4,1,8,132,124,21,10,287,0,0,0,287
07/17/2012,SDF,KY,ASO,CE,Combined TRACON& Tower with Radar,330,135,27,5,497,0,10,13,1,24,330,145,40,6,521,0,0,0,521
07/18/2012,SDF,KY,ASO,CE,Combined TRACON& Tower with Radar,327,130,24,5,486,0,2,5,1,8,327,132,29,6,494,0,0,0,494
07/19/2012,SDF,KY,ASO,CE,Combined TRACON& Tower with Radar,315,123,30,2,470,0,0,3,0,3,315,123,33,2,473,0,0,0,473
07/20/2012,SDF,KY,ASO,CE,Combined TRACON& Tower with Radar,292,142,31,10,475,0,0,13,0,13,292,142,44,10,488,4,0,4,492
07/21/2012,SDF,KY,ASO,CE,Combined TRACON& Tower with Radar,200,106,15,7,328,0,3,6,0,9,200,109,21,7,337,0,0,0,337
07/22/2012,SDF,KY,ASO,CE,Combined TRACON& Tower with Radar,110,110,25,6,251,0,0,4,0,4,110,110,29,6,255,0,0,0,255
07/23/2012,SDF,KY,ASO,CE,Combined TRACON& Tower with Radar,137,112,18,3,270,0,0,6,6,12,137,112,24,9,282,2,0,2,284
07/24/2012,SDF,KY,ASO,CE,Combined TRACON& Tower with Radar,333,137,20,8,498,0,2,11,0,13,333,139,31,8,511,0,0,0,511
07/25/2012,SDF,KY,ASO,CE,Combined TRACON& Tower with Radar,329,137,22,5,493,0,1,13,2,16,329,138,35,7,509,0,0,0,509
07/26/2012,SDF,KY,ASO,CE,Combined TRACON& Tower with Radar,306,131,23,11,471,0,3,9,3,15,306,134,32,14,486,2,0,2,488
07/27/2012,SDF,KY,ASO,CE,Combined TRACON& Tower with Radar,294,135,27,11,467,0,0,4,0,4,294,135,31,11,471,0,0,0,471
07/28/2012,SDF,KY,ASO,CE,Combined TRACON& Tower with Radar,204,108,5,5,322,0,0,8,10,18,204,108,13,15,340,0,6,6,346
07/29/2012,SDF,KY,ASO,CE,Combined TRACON& Tower with Radar,111,102,10,14,237,0,6,9,2,17,111,108,19,16,254,0,0,0,254
07/30/2012,SDF,KY,ASO,CE,Combined TRACON& Tower with Radar,138,104,15,5,262,0,7,2,2,11,138,111,17,7,273,0,0,0,273
07/31/2012,SDF,KY,ASO,CE,Combined TRACON& Tower with Radar,333,137,17,6,493,0,0,7,2,9,333,137,24,8,502,0,0,0,502
08/01/2012,SDF,KY,ASO,CE,Combined TRACON& Tower with Radar,345,135,29,4,513,0,2,4,2,8,345,137,33,6,521,0,0,0,521
08/02/2012,SDF,KY,ASO,CE,Combined TRACON& Tower with Radar,319,145,27,5,496,0,5,20,2,27,319,150,47,7,523,14,0,14,537
08/03/2012,SDF,KY,ASO,CE,Combined TRACON& Tower with Radar,290,134,33,4,461,0,0,2,0,2,290,134,35,4,463,0,0,0,463
08/04/2012,SDF,KY,ASO,CE,Combined TRACON& Tower with Radar,192,114,14,9,329,0,2,5,0,7,192,116,19,9,336,0,0,0,336
08/05/2012,SDF,KY,ASO,CE,Combined TRACON& Tower with Radar,104,103,11,6,224,0,2,2,0,4,104,105,13,6,228,0,0,0,228
08/06/2012,SDF,KY,ASO,CE,Combined TRACON& Tower with Radar,135,122,18,8,283,0,1,6,3,10,135,123,24,11,293,0,0,0,293
08/07/2012,SDF,KY,ASO,CE,Combined TRACON& Tower with Radar,332,147,26,19,524,0,0,5,0,5,332,147,31,19,529,0,0,0,529
08/08/2012,SDF,KY,ASO,CE,Combined TRACON& Tower with Radar,326,146,24,9,505,0,6,4,1,11,326,152,28,10,516,0,0,0,516
08/09/2012,SDF,KY,ASO,CE,Combined TRACON& Tower with Radar,315,121,13,5,454,0,0,3,0,3,315,121,16,5,457,0,0,0,457
08/10/2012,SDF,KY,ASO,CE,Combined TRACON& Tower with Radar,298,141,15,3,457,0,2,6,0,8,298,143,21,3,465,0,0,0,465
08/11/2012,SDF,KY,ASO,CE,Combined TRACON& Tower with Radar,195,116,16,6,333,0,0,14,2,16,195,116,30,8,349,0,0,0,349
08/12/2012,SDF,KY,ASO,CE,Combined TRACON& Tower with Radar,115,101,16,4,236,0,2,9,1,12,115,103,25,5,248,0,0,0,248
08/13/2012,SDF,KY,ASO,CE,Combined TRACON& Tower with Radar,133,114,14,7,268,0,4,4,0,8,133,118,18,7,276,0,0,0,276
08/14/2012,SDF,KY,ASO,CE,Combined TRACON& Tower with Radar,339,119,14,4,476,0,4,2,3,9,339,123,16,7,485,0,0,0,485
08/15/2012,SDF,KY,ASO,CE,Combined TRACON& Tower with Radar,338,125,17,7,487,0,2,3,2,7,338,127,20,9,494,0,0,0,494
08/16/2012,SDF,KY,ASO,CE,Combined TRACON& Tower with Radar,321,134,35,7,497,0,2,6,1,9,321,136,41,8,506,0,0,0,506
08/17/2012,SDF,KY,ASO,CE,Combined TRACON& Tower with Radar,302,147,25,9,483,0,2,3,0,5,302,149,28,9,488,0,0,0,488
08/18/2012,SDF,KY,ASO,CE,Combined TRACON& Tower with Radar,180,102,11,7,300,0,1,16,6,23,180,103,27,13,323,0,0,0,323
08/19/2012,SDF,KY,ASO,CE,Combined TRACON& Tower with Radar,115,94,25,6,240,0,0,6,0,6,115,94,31,6,246,0,0,0,246
08/20/2012,SDF,KY,ASO,CE,Combined TRACON& Tower with Radar,141,116,30,6,293,0,0,5,3,8,141,116,35,9,301,7,0,7,308
08/21/2012,SDF,KY,ASO,CE,Combined TRACON& Tower with Radar,339,147,29,10,525,0,6,3,3,12,339,153,32,13,537,0,0,0,537
08/22/2012,SDF,KY,ASO,CE,Combined TRACON& Tower with Radar,333,135,27,3,498,0,4,5,6,15,333,139,32,9,513,0,0,0,513
08/23/2012,SDF,KY,ASO,CE,Combined TRACON& Tower with Radar,324,135,38,7,504,0,2,5,5,12,324,137,43,12,516,0,0,0,516
08/24/2012,SDF,KY,ASO,CE,Combined TRACON& Tower with Radar,293,130,20,6,449,0,14,11,1,26,293,144,31,7,475,0,0,0,475
08/25/2012,SDF,KY,ASO,CE,Combined TRACON& Tower with Radar,196,104,6,5,311,0,3,16,0,19,196,107,22,5,330,0,0,0,330
08/26/2012,SDF,KY,ASO,CE,Combined TRACON& Tower with Radar,114,93,31,4,242,0,0,2,0,2,114,93,33,4,244,0,0,0,244
08/27/2012,SDF,KY,ASO,CE,Combined TRACON& Tower with Radar,151,109,28,5,293,0,6,4,2,12,151,115,32,7,305,0,0,0,305
08/28/2012,SDF,KY,ASO,CE,Combined TRACON& Tower with Radar,338,120,28,6,492,0,0,3,8,11,338,120,31,14,503,0,0,0,503
08/29/2012,SDF,KY,ASO,CE,Combined TRACON& Tower with Radar,333,131,12,8,484,0,2,7,4,13,333,133,19,12,497,0,0,0,497
08/30/2012,SDF,KY,ASO,CE,Combined TRACON& Tower with Radar,321,123,23,9,476,0,6,2,1,9,321,129,25,10,485,0,0,0,485
08/31/2012,SDF,KY,ASO,CE,Combined TRACON& Tower with Radar,293,127,25,6,451,0,4,7,0,11,293,131,32,6,462,0,0,0,462
09/01/2012,SDF,KY,ASO,CE,Combined TRACON& Tower with Radar,182,91,5,2,280,0,3,4,0,7,182,94,9,2,287,0,0,0,287
09/02/2012,SDF,KY,ASO,CE,Combined TRACON& Tower with Radar,84,51,3,0,138,0,0,0,0,0,84,51,3,0,138,0,0,0,138
09/03/2012,SDF,KY,ASO,CE,Combined TRACON& Tower with Radar,91,80,15,2,188,0,0,0,0,0,91,80,15,2,188,0,0,0,188
09/04/2012,SDF,KY,ASO,CE,Combined TRACON& Tower with Radar,205,114,10,6,335,0,2,0,0,2,205,116,10,6,337,0,0,0,337
09/05/2012,SDF,KY,ASO,CE,Combined TRACON& Tower with Radar,369,130,37,8,544,0,4,3,1,8,369,134,40,9,552,0,0,0,552
09/06/2012,SDF,KY,ASO,CE,Combined TRACON& Tower with Radar,363,123,30,7,523,0,4,9,2,15,363,127,39,9,538,0,0,0,538
09/07/2012,SDF,KY,ASO,CE,Combined TRACON& Tower with Radar,309,139,22,13,483,0,0,10,2,12,309,139,32,15,495,0,0,0,495
09/08/2012,SDF,KY,ASO,CE,Combined TRACON& Tower with Radar,188,96,3,14,301,0,2,4,0,6,188,98,7,14,307,0,0,0,307
09/09/2012,SDF,KY,ASO,CE,Combined TRACON& Tower with Radar,116,89,11,9,225,0,2,4,3,9,116,91,15,12,234,0,0,0,234
09/10/2012,SDF,KY,ASO,CE,Combined TRACON& Tower with Radar,140,117,18,4,279,0,0,12,1,13,140,117,30,5,292,4,0,4,296
09/11/2012,SDF,KY,ASO,CE,Combined TRACON& Tower with Radar,333,121,21,4,479,0,6,10,12,28,333,127,31,16,507,0,0,0,507
09/12/2012,SDF,KY,ASO,CE,Combined TRACON& Tower with Radar,334,127,16,7,484,0,1,11,1,13,334,128,27,8,497,0,0,0,497
09/13/2012,SDF,KY,ASO,CE,Combined TRACON& Tower with Radar,324,128,27,5,484,0,2,8,3,13,324,130,35,8,497,0,0,0,497
09/14/2012,SDF,KY,ASO,CE,Combined TRACON& Tower with Radar,304,127,17,9,457,0,1,7,3,11,304,128,24,12,468,8,0,8,476
09/15/2012,SDF,KY,ASO,CE,Combined TRACON& Tower with Radar,190,93,17,2,302,0,2,39,3,44,190,95,56,5,346,14,0,14,360
09/16/2012,SDF,KY,ASO,CE,Combined TRACON& Tower with Radar,124,85,7,5,221,0,2,7,0,9,124,87,14,5,230,0,0,0,230
09/17/2012,SDF,KY,ASO,CE,Combined TRACON& Tower with Radar,145,113,22,4,284,0,0,0,0,0,145,113,22,4,284,0,0,0,284
09/18/2012,SDF,KY,ASO,CE,Combined TRACON& Tower with Radar,337,125,34,4,500,0,2,8,1,11,337,127,42,5,511,0,0,0,511
09/19/2012,SDF,KY,ASO,CE,Combined TRACON& Tower with Radar,350,126,54,7,537,0,2,2,1,5,350,128,56,8,542,0,0,0,542
09/20/2012,SDF,KY,ASO,CE,Combined TRACON& Tower with Radar,337,141,33,7,518,0,2,7,3,12,337,143,40,10,530,0,0,0,530
09/21/2012,SDF,KY,ASO,CE,Combined TRACON& Tower with Radar,301,131,24,5,461,0,3,1,0,4,301,134,25,5,465,0,0,0,465
09/22/2012,SDF,KY,ASO,CE,Combined TRACON& Tower with Radar,185,82,10,0,277,0,3,4,3,10,185,85,14,3,287,0,0,0,287
09/23/2012,SDF,KY,ASO,CE,Combined TRACON& Tower with Radar,122,88,11,6,227,0,4,3,0,7,122,92,14,6,234,0,0,0,234
09/24/2012,SDF,KY,ASO,CE,Combined TRACON& Tower with Radar,143,110,23,12,288,0,2,12,0,14,143,112,35,12,302,0,0,0,302
09/25/2012,SDF,KY,ASO,CE,Combined TRACON& Tower with Radar,335,121,14,9,479,0,1,3,0,4,335,122,17,9,483,0,0,0,483
09/26/2012,SDF,KY,ASO,CE,Combined TRACON& Tower with Radar,342,130,22,6,500,0,0,1,0,1,342,130,23,6,501,0,0,0,501
09/27/2012,SDF,KY,ASO,CE,Combined TRACON& Tower with Radar,349,136,34,6,525,0,0,3,1,4,349,136,37,7,529,0,0,0,529
09/28/2012,SDF,KY,ASO,CE,Combined TRACON& Tower with Radar,312,126,23,8,469,0,3,7,0,10,312,129,30,8,479,0,0,0,479
09/29/2012,SDF,KY,ASO,CE,Combined TRACON& Tower with Radar,183,90,8,0,281,0,0,8,0,8,183,90,16,0,289,0,0,0,289
09/30/2012,SDF,KY,ASO,CE,Combined TRACON& Tower with Radar,125,88,15,3,231,0,2,7,0,9,125,90,22,3,240,2,0,2,242
10/01/2012,SDF,KY,ASO,CE,Combined TRACON& Tower with Radar,142,106,21,2,271,0,2,1,0,3,142,108,22,2,274,0,0,0,274
10/02/2012,SDF,KY,ASO,CE,Combined TRACON& Tower with Radar,341,128,33,9,511,0,1,5,2,8,341,129,38,11,519,0,0,0,519
10/03/2012,SDF,KY,ASO,CE,Combined TRACON& Tower with Radar,340,133,36,9,518,0,3,4,7,14,340,136,40,16,532,0,0,0,532
10/04/2012,SDF,KY,ASO,CE,Combined TRACON& Tower with Radar,337,137,16,9,499,0,1,12,5,18,337,138,28,14,517,0,0,0,517
10/05/2012,SDF,KY,ASO,CE,Combined TRACON& Tower with Radar,300,131,13,7,451,0,0,3,0,3,300,131,16,7,454,0,0,0,454
10/06/2012,SDF,KY,ASO,CE,Combined TRACON& Tower with Radar,193,92,18,0,303,0,0,5,0,5,193,92,23,0,308,0,0,0,308
10/07/2012,SDF,KY,ASO,CE,Combined TRACON& Tower with Radar,117,91,23,1,232,0,0,10,0,10,117,91,33,1,242,2,0,2,244
10/08/2012,SDF,KY,ASO,CE,Combined TRACON& Tower with Radar,153,116,37,1,307,0,7,7,0,14,153,123,44,1,321,0,0,0,321
10/09/2012,SDF,KY,ASO,CE,Combined TRACON& Tower with Radar,345,119,26,9,499,0,0,9,0,9,345,119,35,9,508,12,0,12,520
10/10/2012,SDF,KY,ASO,CE,Combined TRACON& Tower with Radar,337,132,38,8,515,6,7,0,4,17,343,139,38,12,532,6,2,8,540
10/11/2012,SDF,KY,ASO,CE,Combined TRACON& Tower with Radar,340,133,22,14,509,0,0,5,2,7,340,133,27,16,516,0,0,0,516
10/12/2012,SDF,KY,ASO,CE,Combined TRACON& Tower with Radar,292,127,24,3,446,0,6,8,0,14,292,133,32,3,460,3,1,4,464
10/13/2012,SDF,KY,ASO,CE,Combined TRACON& Tower with Radar,198,90,8,0,296,0,0,4,2,6,198,90,12,2,302,0,0,0,302
10/14/2012,SDF,KY,ASO,CE,Combined TRACON& Tower with Radar,119,87,19,6,231,0,0,0,0,0,119,87,19,6,231,0,0,0,231
10/15/2012,SDF,KY,ASO,CE,Combined TRACON& Tower with Radar,147,106,25,4,282,0,2,2,0,4,147,108,27,4,286,0,0,0,286
10/16/2012,SDF,KY,ASO,CE,Combined TRACON& Tower with Radar,345,135,27,5,512,0,3,6,2,11,345,138,33,7,523,0,0,0,523
10/17/2012,SDF,KY,ASO,CE,Combined TRACON& Tower with Radar,337,126,40,6,509,0,1,9,2,12,337,127,49,8,521,0,0,0,521
10/18/2012,SDF,KY,ASO,CE,Combined TRACON& Tower with Radar,343,135,19,7,504,0,5,2,7,14,343,140,21,14,518,0,0,0,518
10/19/2012,SDF,KY,ASO,CE,Combined TRACON& Tower with Radar,294,123,21,6,444,0,2,6,5,13,294,125,27,11,457,0,0,0,457
10/20/2012,SDF,KY,ASO,CE,Combined TRACON& Tower with Radar,190,86,5,4,285,0,0,1,2,3,190,86,6,6,288,0,0,0,288
10/21/2012,SDF,KY,ASO,CE,Combined TRACON& Tower with Radar,122,86,9,2,219,0,6,9,1,16,122,92,18,3,235,0,0,0,235
10/22/2012,SDF,KY,ASO,CE,Combined TRACON& Tower with Radar,148,111,27,2,288,0,4,15,0,19,148,115,42,2,307,2,0,2,309
10/23/2012,SDF,KY,ASO,CE,Combined TRACON& Tower with Radar,341,120,31,10,502,0,2,13,4,19,341,122,44,14,521,0,0,0,521
10/24/2012,SDF,KY,ASO,CE,Combined TRACON& Tower with Radar,340,129,31,4,504,0,2,21,3,26,340,131,52,7,530,2,0,2,532
10/25/2012,SDF,KY,ASO,CE,Combined TRACON& Tower with Radar,347,130,56,3,536,0,3,12,5,20,347,133,68,8,556,8,0,8,564
10/26/2012,SDF,KY,ASO,CE,Combined TRACON& Tower with Radar,306,142,45,8,501,0,0,0,0,0,306,142,45,8,501,0,0,0,501
10/27/2012,SDF,KY,ASO,CE,Combined TRACON& Tower with Radar,197,90,10,1,298,0,0,2,0,2,197,90,12,1,300,0,0,0,300
10/28/2012,SDF,KY,ASO,CE,Combined TRACON& Tower with Radar,122,89,25,4,240,0,4,0,0,4,122,93,25,4,244,0,0,0,244
10/29/2012,SDF,KY,ASO,CE,Combined TRACON& Tower with Radar,123,67,8,3,201,0,2,11,2,15,123,69,19,5,216,0,0,0,216
10/30/2012,SDF,KY,ASO,CE,Combined TRACON& Tower with Radar,344,91,9,1,445,0,1,0,0,1,344,92,9,1,446,0,0,0,446
10/31/2012,SDF,KY,ASO,CE,Combined TRACON& Tower with Radar,347,106,21,5,479,0,0,4,1,5,347,106,25,6,484,0,2,2,486
11/01/2012,SDF,KY,ASO,CE,Combined TRACON& Tower with Radar,342,135,23,12,512,0,2,11,1,14,342,137,34,13,526,0,0,0,526
11/02/2012,SDF,KY,ASO,CE,Combined TRACON& Tower with Radar,304,121,26,7,458,0,2,7,2,11,304,123,33,9,469,0,4,4,473
11/03/2012,SDF,KY,ASO,CE,Combined TRACON& Tower with Radar,189,90,13,3,295,0,0,6,2,8,189,90,19,5,303,0,0,0,303
11/04/2012,SDF,KY,ASO,CE,Combined TRACON& Tower with Radar,116,85,14,6,221,0,0,8,3,11,116,85,22,9,232,0,0,0,232
11/05/2012,SDF,KY,ASO,CE,Combined TRACON& Tower with Radar,147,112,13,8,280,0,5,4,0,9,147,117,17,8,289,0,0,0,289
11/06/2012,SDF,KY,ASO,CE,Combined TRACON& Tower with Radar,344,119,14,10,487,0,2,5,1,8,344,121,19,11,495,0,0,0,495
11/07/2012,SDF,KY,ASO,CE,Combined TRACON& Tower with Radar,342,131,26,3,502,0,4,2,1,7,342,135,28,4,509,0,0,0,509
11/08/2012,SDF,KY,ASO,CE,Combined TRACON& Tower with Radar,338,127,17,11,493,0,0,0,3,3,338,127,17,14,496,0,0,0,496
11/09/2012,SDF,KY,ASO,CE,Combined TRACON& Tower with Radar,293,134,20,2,449,0,0,1,2,3,293,134,21,4,452,0,0,0,452
11/10/2012,SDF,KY,ASO,CE,Combined TRACON& Tower with Radar,187,94,10,2,293,0,6,10,0,16,187,100,20,2,309,0,0,0,309
11/11/2012,SDF,KY,ASO,CE,Combined TRACON& Tower with Radar,115,88,18,3,224,0,4,2,2,8,115,92,20,5,232,0,0,0,232
11/12/2012,SDF,KY,ASO,CE,Combined TRACON& Tower with Radar,138,125,17,2,282,0,0,2,0,2,138,125,19,2,284,6,0,6,290
11/13/2012,SDF,KY,ASO,CE,Combined TRACON& Tower with Radar,365,122,31,2,520,0,1,4,0,5,365,123,35,2,525,0,0,0,525
11/14/2012,SDF,KY,ASO,CE,Combined TRACON& Tower with Radar,348,131,35,13,527,0,4,6,3,13,348,135,41,16,540,4,0,4,544
11/15/2012,SDF,KY,ASO,CE,Combined TRACON& Tower with Radar,333,145,33,8,519,0,1,6,2,9,333,146,39,10,528,0,0,0,528
11/16/2012,SDF,KY,ASO,CE,Combined TRACON& Tower with Radar,301,137,26,12,476,0,5,10,0,15,301,142,36,12,491,8,0,8,499
11/17/2012,SDF,KY,ASO,CE,Combined TRACON& Tower with Radar,190,105,14,0,309,0,2,13,0,15,190,107,27,0,324,0,0,0,324
11/18/2012,SDF,KY,ASO,CE,Combined TRACON& Tower with Radar,114,92,10,0,216,0,2,4,0,6,114,94,14,0,222,0,0,0,222
11/19/2012,SDF,KY,ASO,CE,Combined TRACON& Tower with Radar,157,96,25,8,286,0,0,4,4,8,157,96,29,12,294,0,0,0,294
11/20/2012,SDF,KY,ASO,CE,Combined TRACON& Tower with Radar,419,137,21,3,580,0,9,2,4,15,419,146,23,7,595,0,0,0,595
11/21/2012,SDF,KY,ASO,CE,Combined TRACON& Tower with Radar,407,128,30,0,565,0,11,4,0,15,407,139,34,0,580,0,0,0,580
11/22/2012,SDF,KY,ASO,CE,Combined TRACON& Tower with Radar,163,55,8,0,226,0,2,6,0,8,163,57,14,0,234,0,0,0,234
11/23/2012,SDF,KY,ASO,CE,Combined TRACON& Tower with Radar,199,77,11,0,287,0,2,3,0,5,199,79,14,0,292,0,0,0,292
11/24/2012,SDF,KY,ASO,CE,Combined TRACON& Tower with Radar,201,113,12,2,328,0,0,2,0,2,201,113,14,2,330,0,0,0,330
11/25/2012,SDF,KY,ASO,CE,Combined TRACON& Tower with Radar,142,107,34,0,283,0,6,6,0,12,142,113,40,0,295,0,0,0,295
11/26/2012,SDF,KY,ASO,CE,Combined TRACON& Tower with Radar,122,109,44,0,275,0,3,2,0,5,122,112,46,0,280,0,0,0,280
11/27/2012,SDF,KY,ASO,CE,Combined TRACON& Tower with Radar,428,122,35,10,595,0,5,9,6,20,428,127,44,16,615,0,0,0,615
11/28/2012,SDF,KY,ASO,CE,Combined TRACON& Tower with Radar,421,131,60,12,624,0,2,14,4,20,421,133,74,16,644,0,0,0,644
11/29/2012,SDF,KY,ASO,CE,Combined TRACON& Tower with Radar,397,142,56,10,605,0,2,1,7,10,397,144,57,17,615,0,0,0,615
11/30/2012,SDF,KY,ASO,CE,Combined TRACON& Tower with Radar,345,124,34,16,519,0,4,4,6,14,345,128,38,22,533,0,0,0,533
12/01/2012,SDF,KY,ASO,CE,Combined TRACON& Tower with Radar,196,104,14,3,317,0,6,2,0,8,196,110,16,3,325,0,0,0,325
12/02/2012,SDF,KY,ASO,CE,Combined TRACON& Tower with Radar,119,91,20,2,232,0,5,0,0,5,119,96,20,2,237,0,0,0,237
12/03/2012,SDF,KY,ASO,CE,Combined TRACON& Tower with Radar,169,101,21,3,294,0,0,4,0,4,169,101,25,3,298,0,0,0,298
12/04/2012,SDF,KY,ASO,CE,Combined TRACON& Tower with Radar,408,130,26,10,574,0,1,3,0,4,408,131,29,10,578,0,0,0,578
12/05/2012,SDF,KY,ASO,CE,Combined TRACON& Tower with Radar,409,140,26,6,581,0,6,9,4,19,409,146,35,10,600,0,0,0,600
12/06/2012,SDF,KY,ASO,CE,Combined TRACON& Tower with Radar,389,126,23,19,557,0,2,2,0,4,389,128,25,19,561,0,0,0,561
12/07/2012,SDF,KY,ASO,CE,Combined TRACON& Tower with Radar,334,130,18,4,486,0,0,0,0,0,334,130,18,4,486,0,0,0,486
12/08/2012,SDF,KY,ASO,CE,Combined TRACON& Tower with Radar,201,102,13,2,318,0,2,3,0,5,201,104,16,2,323,6,0,6,329
12/09/2012,SDF,KY,ASO,CE,Combined TRACON& Tower with Radar,125,84,12,0,221,0,3,2,0,5,125,87,14,0,226,0,0,0,226
12/10/2012,SDF,KY,ASO,CE,Combined TRACON& Tower with Radar,175,115,30,12,332,0,0,0,0,0,175,115,30,12,332,0,0,0,332
12/11/2012,SDF,KY,ASO,CE,Combined TRACON& Tower with Radar,424,128,37,9,598,0,1,1,4,6,424,129,38,13,604,0,0,0,604
12/12/2012,SDF,KY,ASO,CE,Combined TRACON& Tower with Radar,427,135,39,6,607,0,7,8,4,19,427,142,47,10,626,0,0,0,626
12/13/2012,SDF,KY,ASO,CE,Combined TRACON& Tower with Radar,401,134,33,9,577,0,1,8,6,15,401,135,41,15,592,0,0,0,592
12/14/2012,SDF,KY,ASO,CE,Combined TRACON& Tower with Radar,371,144,20,13,548,0,2,0,0,2,371,146,20,13,550,3,0,3,553
12/15/2012,SDF,KY,ASO,CE,Combined TRACON& Tower with Radar,262,106,8,2,378,0,7,0,0,7,262,113,8,2,385,0,0,0,385
12/16/2012,SDF,KY,ASO,CE,Combined TRACON& Tower with Radar,174,94,13,2,283,0,4,2,0,6,174,98,15,2,289,0,0,0,289
12/17/2012,SDF,KY,ASO,CE,Combined TRACON& Tower with Radar,197,106,16,4,323,0,2,2,0,4,197,108,18,4,327,0,0,0,327
12/18/2012,SDF,KY,ASO,CE,Combined TRACON& Tower with Radar,494,137,33,3,667,0,0,4,2,6,494,137,37,5,673,0,0,0,673
12/19/2012,SDF,KY,ASO,CE,Combined TRACON& Tower with Radar,516,129,29,3,677,0,2,5,5,12,516,131,34,8,689,0,0,0,689
12/20/2012,SDF,KY,ASO,CE,Combined TRACON& Tower with Radar,493,142,23,1,659,0,0,0,0,0,493,142,23,1,659,0,0,0,659
12/21/2012,SDF,KY,ASO,CE,Combined TRACON& Tower with Radar,487,126,23,2,638,0,1,2,2,5,487,127,25,4,643,0,0,0,643
12/22/2012,SDF,KY,ASO,CE,Combined TRACON& Tower with Radar,385,109,19,2,515,0,1,4,0,5,385,110,23,2,520,0,0,0,520
12/23/2012,SDF,KY,ASO,CE,Combined TRACON& Tower with Radar,228,95,18,0,341,0,3,5,0,8,228,98,23,0,349,0,0,0,349
12/24/2012,SDF,KY,ASO,CE,Combined TRACON& Tower with Radar,168,73,6,2,249,0,0,1,0,1,168,73,7,2,250,0,0,0,250
12/25/2012,SDF,KY,ASO,CE,Combined TRACON& Tower with Radar,131,77,6,0,214,0,5,2,0,7,131,82,8,0,221,0,0,0,221
12/26/2012,SDF,KY,ASO,CE,Combined TRACON& Tower with Radar,210,90,15,0,315,0,0,0,0,0,210,90,15,0,315,0,0,0,315
12/27/2012,SDF,KY,ASO,CE,Combined TRACON& Tower with Radar,379,112,26,2,519,0,7,2,0,9,379,119,28,2,528,0,0,0,528
12/28/2012,SDF,KY,ASO,CE,Combined TRACON& Tower with Radar,345,121,15,1,482,0,0,2,1,3,345,121,17,2,485,0,0,0,485
12/29/2012,SDF,KY,ASO,CE,Combined TRACON& Tower with Radar,196,101,7,0,304,0,0,1,0,1,196,101,8,0,305,0,0,0,305
12/30/2012,SDF,KY,ASO,CE,Combined TRACON& Tower with Radar,111,81,10,0,202,0,2,3,0,5,111,83,13,0,207,0,0,0,207
12/31/2012,SDF,KY,ASO,CE,Combined TRACON& Tower with Radar,141,66,3,0,210,0,0,5,0,5,141,66,8,0,215,0,0,0,215
01/01/2013,SDF,KY,ASO,CE,Combined TRACON& Tower with Radar,136,86,4,0,226,0,0,3,0,3,136,86,7,0,229,0,0,0,229
01/02/2013,SDF,KY,ASO,CE,Combined TRACON& Tower with Radar,226,106,7,3,342,0,4,4,2,10,226,110,11,5,352,5,2,7,359
01/03/2013,SDF,KY,ASO,CE,Combined TRACON& Tower with Radar,392,123,12,8,535,0,1,20,3,24,392,124,32,11,559,0,0,0,559
01/04/2013,SDF,KY,ASO,CE,Combined TRACON& Tower with Radar,308,123,12,0,443,0,0,5,4,9,308,123,17,4,452,0,0,0,452
01/05/2013,SDF,KY,ASO,CE,Combined TRACON& Tower with Radar,176,89,12,3,280,0,2,5,0,7,176,91,17,3,287,0,0,0,287
01/06/2013,SDF,KY,ASO,CE,Combined TRACON& Tower with Radar,103,95,20,1,219,0,0,4,0,4,103,95,24,1,223,0,0,0,223
01/07/2013,SDF,KY,ASO,CE,Combined TRACON& Tower with Radar,135,104,22,3,264,0,5,3,0,8,135,109,25,3,272,0,0,0,272
01/08/2013,SDF,KY,ASO,CE,Combined TRACON& Tower with Radar,331,119,23,14,487,0,2,9,4,15,331,121,32,18,502,2,4,6,508
01/09/2013,SDF,KY,ASO,CE,Combined TRACON& Tower with Radar,329,122,27,4,482,0,0,5,4,9,329,122,32,8,491,0,0,0,491
01/10/2013,SDF,KY,ASO,CE,Combined TRACON& Tower with Radar,335,128,22,19,504,0,0,0,1,1,335,128,22,20,505,0,3,3,508
01/11/2013,SDF,KY,ASO,CE,Combined TRACON& Tower with Radar,286,123,15,3,427,0,4,5,0,9,286,127,20,3,436,6,0,6,442
01/12/2013,SDF,KY,ASO,CE,Combined TRACON& Tower with Radar,182,91,10,2,285,0,2,1,1,4,182,93,11,3,289,0,0,0,289
01/13/2013,SDF,KY,ASO,CE,Combined TRACON& Tower with Radar,98,85,8,0,191,0,0,0,0,0,98,85,8,0,191,0,0,0,191
01/14/2013,SDF,KY,ASO,CE,Combined TRACON& Tower with Radar,131,115,15,17,278,0,4,2,0,6,131,119,17,17,284,0,0,0,284
01/15/2013,SDF,KY,ASO,CE,Combined TRACON& Tower with Radar,329,116,18,2,465,0,6,0,2,8,329,122,18,4,473,0,0,0,473
01/16/2013,SDF,KY,ASO,CE,Combined TRACON& Tower with Radar,331,111,12,6,460,0,0,6,3,9,331,111,18,9,469,0,0,0,469
01/17/2013,SDF,KY,ASO,CE,Combined TRACON& Tower with Radar,326,135,30,19,510,0,1,2,3,6,326,136,32,22,516,0,0,0,516
01/18/2013,SDF,KY,ASO,CE,Combined TRACON& Tower with Radar,291,137,13,4,445,0,7,4,2,13,291,144,17,6,458,2,0,2,460
01/19/2013,SDF,KY,ASO,CE,Combined TRACON& Tower with Radar,180,94,13,2,289,0,0,7,0,7,180,94,20,2,296,0,0,0,296
01/20/2013,SDF,KY,ASO,CE,Combined TRACON& Tower with Radar,91,82,17,1,191,0,4,1,0,5,91,86,18,1,196,2,0,2,198
01/21/2013,SDF,KY,ASO,CE,Combined TRACON& Tower with Radar,127,111,18,0,256,0,4,6,0,10,127,115,24,0,266,12,0,12,278
01/22/2013,SDF,KY,ASO,CE,Combined TRACON& Tower with Radar,338,110,23,2,473,0,0,4,0,4,338,110,27,2,477,0,0,0,477
01/23/2013,SDF,KY,ASO,CE,Combined TRACON& Tower with Radar,325,122,31,10,488,0,3,3,2,8,325,125,34,12,496,1,0,1,497
01/24/2013,SDF,KY,ASO,CE,Combined TRACON& Tower with Radar,328,143,27,2,500,0,2,4,0,6,328,145,31,2,506,0,0,0,506
01/25/2013,SDF,KY,ASO,CE,Combined TRACON& Tower with Radar,283,113,24,0,420,0,0,1,0,1,283,113,25,0,421,0,0,0,421
01/26/2013,SDF,KY,ASO,CE,Combined TRACON& Tower with Radar,179,103,8,3,293,0,2,2,0,4,179,105,10,3,297,0,0,0,297
01/27/2013,SDF,KY,ASO,CE,Combined TRACON& Tower with Radar,103,76,13,2,194,0,4,0,0,4,103,80,13,2,198,0,0,0,198
01/28/2013,SDF,KY,ASO,CE,Combined TRACON& Tower with Radar,126,106,24,0,256,0,0,0,0,0,126,106,24,0,256,0,0,0,256
01/29/2013,SDF,KY,ASO,CE,Combined TRACON& Tower with Radar,325,114,17,13,469,0,3,6,2,11,325,117,23,15,480,0,0,0,480
01/30/2013,SDF,KY,ASO,CE,Combined TRACON& Tower with Radar,320,107,21,5,453,0,0,2,0,2,320,107,23,5,455,0,0,0,455
01/31/2013,SDF,KY,ASO,CE,Combined TRACON& Tower with Radar,324,120,32,5,481,0,0,6,2,8,324,120,38,7,489,0,0,0,489
02/01/2013,SDF,KY,ASO,CE,Combined TRACON& Tower with Radar,307,124,20,7,458,0,1,7,1,9,307,125,27,8,467,10,0,10,477
02/02/2013,SDF,KY,ASO,CE,Combined TRACON& Tower with Radar,180,92,7,0,279,0,2,5,0,7,180,94,12,0,286,0,0,0,286
02/03/2013,SDF,KY,ASO,CE,Combined TRACON& Tower with Radar,113,79,10,1,203,0,0,0,0,0,113,79,10,1,203,0,0,0,203
02/04/2013,SDF,KY,ASO,CE,Combined TRACON& Tower with Radar,130,103,12,6,251,0,1,2,4,7,130,104,14,10,258,0,2,2,260
02/05/2013,SDF,KY,ASO,CE,Combined TRACON& Tower with Radar,329,121,21,6,477,0,2,0,3,5,329,123,21,9,482,0,0,0,482
02/06/2013,SDF,KY,ASO,CE,Combined TRACON& Tower with Radar,341,117,18,8,484,0,4,3,1,8,341,121,21,9,492,0,0,0,492
02/07/2013,SDF,KY,ASO,CE,Combined TRACON& Tower with Radar,324,123,16,12,475,0,1,6,3,10,324,124,22,15,485,6,2,8,493
02/08/2013,SDF,KY,ASO,CE,Combined TRACON& Tower with Radar,292,117,15,1,425,0,2,1,0,3,292,119,16,1,428,0,0,0,428
02/09/2013,SDF,KY,ASO,CE,Combined TRACON& Tower with Radar,177,96,11,10,294,0,2,6,3,11,177,98,17,13,305,0,0,0,305
02/10/2013,SDF,KY,ASO,CE,Combined TRACON& Tower with Radar,107,84,18,16,225,0,0,8,0,8,107,84,26,16,233,0,0,0,233
02/11/2013,SDF,KY,ASO,CE,Combined TRACON& Tower with Radar,134,102,34,2,272,0,6,0,0,6,134,108,34,2,278,0,0,0,278
02/12/2013,SDF,KY,ASO,CE,Combined TRACON& Tower with Radar,335,129,18,8,490,0,0,1,3,4,335,129,19,11,494,0,0,0,494
02/13/2013,SDF,KY,ASO,CE,Combined TRACON& Tower with Radar,353,133,44,3,533,0,2,5,1,8,353,135,49,4,541,0,0,0,541
02/14/2013,SDF,KY,ASO,CE,Combined TRACON& Tower with Radar,352,129,62,6,549,0,3,15,0,18,352,132,77,6,567,0,0,0,567
02/15/2013,SDF,KY,ASO,CE,Combined TRACON& Tower with Radar,294,118,41,8,461,0,4,1,1,6,294,122,42,9,467,0,0,0,467
02/16/2013,SDF,KY,ASO,CE,Combined TRACON& Tower with Radar,183,95,17,0,295,0,6,11,0,17,183,101,28,0,312,0,0,0,312
02/17/2013,SDF,KY,ASO,CE,Combined TRACON& Tower with Radar,101,85,19,0,205,0,0,3,0,3,101,85,22,0,208,6,0,6,214
02/18/2013,SDF,KY,ASO,CE,Combined TRACON& Tower with Radar,131,99,31,1,262,0,2,3,1,6,131,101,34,2,268,0,0,0,268
02/19/2013,SDF,KY,ASO,CE,Combined TRACON& Tower with Radar,329,120,30,4,483,0,2,2,0,4,329,122,32,4,487,0,0,0,487
02/20/2013,SDF,KY,ASO,CE,Combined TRACON& Tower with Radar,329,125,20,4,478,0,0,4,4,8,329,125,24,8,486,0,2,2,488
02/21/2013,SDF,KY,ASO,CE,Combined TRACON& Tower with Radar,314,129,17,7,467,0,2,1,0,3,314,131,18,7,470,0,0,0,470
02/22/2013,SDF,KY,ASO,CE,Combined TRACON& Tower with Radar,301,110,20,9,440,0,2,0,2,4,301,112,20,11,444,0,0,0,444
02/23/2013,SDF,KY,ASO,CE,Combined TRACON& Tower with Radar,187,100,10,8,305,0,4,11,8,23,187,104,21,16,328,0,0,0,328
02/24/2013,SDF,KY,ASO,CE,Combined TRACON& Tower with Radar,102,92,8,13,215,0,3,10,2,15,102,95,18,15,230,0,2,2,232
02/25/2013,SDF,KY,ASO,CE,Combined TRACON& Tower with Radar,133,105,26,15,279,0,4,2,1,7,133,109,28,16,286,0,32,32,318
02/26/2013,SDF,KY,ASO,CE,Combined TRACON& Tower with Radar,326,117,27,6,476,0,1,0,0,1,326,118,27,6,477,0,0,0,477
02/27/2013,SDF,KY,ASO,CE,Combined TRACON& Tower with Radar,331,122,15,4,472,0,0,0,2,2,331,122,15,6,474,0,0,0,474
02/28/2013,SDF,KY,ASO,CE,Combined TRACON& Tower with Radar,325,126,23,8,482,0,0,3,0,3,325,126,26,8,485,0,0,0,485
03/01/2013,SDF,KY,ASO,CE,Combined TRACON& Tower with Radar,285,125,21,3,434,0,0,0,0,0,285,125,21,3,434,0,0,0,434
03/02/2013,SDF,KY,ASO,CE,Combined TRACON& Tower with Radar,188,101,18,0,307,0,8,0,0,8,188,109,18,0,315,0,0,0,315
03/03/2013,SDF,KY,ASO,CE,Combined TRACON& Tower with Radar,109,93,7,2,211,0,0,2,0,2,109,93,9,2,213,0,0,0,213
03/04/2013,SDF,KY,ASO,CE,Combined TRACON& Tower with Radar,131,114,24,0,269,0,4,9,2,15,131,118,33,2,284,0,0,0,284
03/05/2013,SDF,KY,ASO,CE,Combined TRACON& Tower with Radar,312,108,24,0,444,0,0,0,0,0,312,108,24,0,444,0,0,0,444
03/06/2013,SDF,KY,ASO,CE,Combined TRACON& Tower with Radar,344,113,13,3,473,0,0,2,0,2,344,113,15,3,475,0,0,0,475
03/07/2013,SDF,KY,ASO,CE,Combined TRACON& Tower with Radar,319,144,37,13,513,0,2,3,3,8,319,146,40,16,521,4,1,5,526
03/08/2013,SDF,KY,ASO,CE,Combined TRACON& Tower with Radar,288,130,23,6,447,0,2,1,0,3,288,132,24,6,450,2,0,2,452
03/09/2013,SDF,KY,ASO,CE,Combined TRACON& Tower with Radar,195,105,10,1,311,0,4,12,1,17,195,109,22,2,328,0,0,0,328
03/10/2013,SDF,KY,ASO,CE,Combined TRACON& Tower with Radar,109,93,18,0,220,0,4,6,0,10,109,97,24,0,230,6,6,12,242
03/11/2013,SDF,KY,ASO,CE,Combined TRACON& Tower with Radar,136,110,18,0,264,0,0,3,0,3,136,110,21,0,267,0,0,0,267
03/12/2013,SDF,KY,ASO,CE,Combined TRACON& Tower with Radar,341,122,23,5,491,0,2,4,4,10,341,124,27,9,501,0,0,0,501
03/13/2013,SDF,KY,ASO,CE,Combined TRACON& Tower with Radar,334,134,33,10,511,0,5,2,11,18,334,139,35,21,529,0,0,0,529
03/14/2013,SDF,KY,ASO,CE,Combined TRACON& Tower with Radar,326,129,26,7,488,0,7,5,1,13,326,136,31,8,501,1,0,1,502
03/15/2013,SDF,KY,ASO,CE,Combined TRACON& Tower with Radar,294,125,14,5,438,0,0,2,1,3,294,125,16,6,441,0,0,0,441
03/16/2013,SDF,KY,ASO,CE,Combined TRACON& Tower with Radar,194,96,6,4,300,0,10,0,0,10,194,106,6,4,310,0,0,0,310
03/17/2013,SDF,KY,ASO,CE,Combined TRACON& Tower with Radar,110,89,14,2,215,0,0,0,0,0,110,89,14,2,215,0,0,0,215
03/18/2013,SDF,KY,ASO,CE,Combined TRACON& Tower with Radar,130,109,16,2,257,0,0,0,0,0,130,109,16,2,257,0,0,0,257
03/19/2013,SDF,KY,ASO,CE,Combined TRACON& Tower with Radar,336,125,35,6,502,0,8,4,0,12,336,133,39,6,514,0,0,0,514
03/20/2013,SDF,KY,ASO,CE,Combined TRACON& Tower with Radar,340,134,51,4,529,0,4,1,2,7,340,138,52,6,536,0,0,0,536
03/21/2013,SDF,KY,ASO,CE,Combined TRACON& Tower with Radar,327,145,71,4,547,0,2,8,4,14,327,147,79,8,561,0,0,0,561
03/22/2013,SDF,KY,ASO,CE,Combined TRACON& Tower with Radar,299,137,44,0,480,0,2,8,0,10,299,139,52,0,490,0,0,0,490
03/23/2013,SDF,KY,ASO,CE,Combined TRACON& Tower with Radar,192,103,24,0,319,0,0,16,1,17,192,103,40,1,336,0,0,0,336
03/24/2013,SDF,KY,ASO,CE,Combined TRACON& Tower with Radar,105,94,20,2,221,0,0,0,0,0,105,94,20,2,221,0,0,0,221
03/25/2013,SDF,KY,ASO,CE,Combined TRACON& Tower with Radar,138,101,9,2,250,0,0,0,0,0,138,101,9,2,250,0,0,0,250
03/26/2013,SDF,KY,ASO,CE,Combined TRACON& Tower with Radar,338,128,17,7,490,0,2,0,1,3,338,130,17,8,493,0,0,0,493
03/27/2013,SDF,KY,ASO,CE,Combined TRACON& Tower with Radar,340,127,22,0,489,0,6,4,0,10,340,133,26,0,499,0,0,0,499
03/28/2013,SDF,KY,ASO,CE,Combined TRACON& Tower with Radar,326,140,27,4,497,0,9,4,0,13,326,149,31,4,510,6,0,6,516
03/29/2013,SDF,KY,ASO,CE,Combined TRACON& Tower with Radar,294,136,14,2,446,0,9,8,2,19,294,145,22,4,465,0,0,0,465
03/30/2013,SDF,KY,ASO,CE,Combined TRACON& Tower with Radar,188,111,18,0,317,0,7,2,1,10,188,118,20,1,327,0,0,0,327
03/31/2013,SDF,KY,ASO,CE,Combined TRACON& Tower with Radar,108,96,6,0,210,0,0,7,1,8,108,96,13,1,218,0,0,0,218
04/01/2013,SDF,KY,ASO,CE,Combined TRACON& Tower with Radar,135,110,18,7,270,0,4,16,0,20,135,114,34,7,290,0,0,0,290
04/02/2013,SDF,KY,ASO,CE,Combined TRACON& Tower with Radar,332,124,17,5,478,0,4,2,6,12,332,128,19,11,490,0,0,0,490
04/03/2013,SDF,KY,ASO,CE,Combined TRACON& Tower with Radar,345,121,31,5,502,0,2,3,22,27,345,123,34,27,529,0,0,0,529
04/04/2013,SDF,KY,ASO,CE,Combined TRACON& Tower with Radar,333,130,23,9,495,0,1,4,6,11,333,131,27,15,506,2,0,2,508
04/05/2013,SDF,KY,ASO,CE,Combined TRACON& Tower with Radar,300,129,23,3,455,0,6,4,2,12,300,135,27,5,467,0,0,0,467
04/06/2013,SDF,KY,ASO,CE,Combined TRACON& Tower with Radar,191,104,15,0,310,0,1,5,1,7,191,105,20,1,317,0,0,0,317
04/07/2013,SDF,KY,ASO,CE,Combined TRACON& Tower with Radar,113,93,15,5,226,0,0,5,1,6,113,93,20,6,232,0,0,0,232
04/08/2013,SDF,KY,ASO,CE,Combined TRACON& Tower with Radar,145,108,18,8,279,0,2,12,1,15,145,110,30,9,294,6,0,6,300
04/09/2013,SDF,KY,ASO,CE,Combined TRACON& Tower with Radar,347,141,29,11,528,0,1,3,5,9,347,142,32,16,537,0,0,0,537
04/10/2013,SDF,KY,ASO,CE,Combined TRACON& Tower with Radar,335,118,30,21,504,0,0,17,4,21,335,118,47,25,525,4,0,4,529
04/11/2013,SDF,KY,ASO,CE,Combined TRACON& Tower with Radar,333,116,28,17,494,0,0,0,0,0,333,116,28,17,494,0,0,0,494
04/12/2013,SDF,KY,ASO,CE,Combined TRACON& Tower with Radar,298,121,30,0,449,0,4,15,0,19,298,125,45,0,468,0,0,0,468
04/13/2013,SDF,KY,ASO,CE,Combined TRACON& Tower with Radar,197,106,14,0,317,0,4,3,0,7,197,110,17,0,324,0,0,0,324
04/14/2013,SDF,KY,ASO,CE,Combined TRACON& Tower with Radar,110,98,16,3,227,0,6,2,0,8,110,104,18,3,235,0,0,0,235
04/15/2013,SDF,KY,ASO,CE,Combined TRACON& Tower with Radar,177,106,34,8,325,0,2,3,1,6,177,108,37,9,331,0,0,0,331
04/16/2013,SDF,KY,ASO,CE,Combined TRACON& Tower with Radar,329,127,19,8,483,0,5,1,1,7,329,132,20,9,490,0,0,0,490
04/17/2013,SDF,KY,ASO,CE,Combined TRACON& Tower with Radar,334,122,24,12,492,0,0,1,2,3,334,122,25,14,495,0,0,0,495
04/18/2013,SDF,KY,ASO,CE,Combined TRACON& Tower with Radar,364,121,31,2,518,0,2,3,1,6,364,123,34,3,524,0,0,0,524
04/19/2013,SDF,KY,ASO,CE,Combined TRACON& Tower with Radar,297,127,23,6,453,0,0,5,5,10,297,127,28,11,463,4,0,4,467
04/20/2013,SDF,KY,ASO,CE,Combined TRACON& Tower with Radar,186,111,5,1,303,2,11,10,9,32,188,122,15,10,335,0,0,0,335
04/21/2013,SDF,KY,ASO,CE,Combined TRACON& Tower with Radar,110,96,16,1,223,0,3,10,1,14,110,99,26,2,237,0,0,0,237
04/22/2013,SDF,KY,ASO,CE,Combined TRACON& Tower with Radar,136,109,17,8,270,0,4,5,8,17,136,113,22,16,287,0,0,0,287
04/23/2013,SDF,KY,ASO,CE,Combined TRACON& Tower with Radar,332,118,20,11,481,0,4,11,3,18,332,122,31,14,499,6,0,6,505
04/24/2013,SDF,KY,ASO,CE,Combined TRACON& Tower with Radar,340,113,24,13,490,0,3,0,3,6,340,116,24,16,496,0,0,0,496
04/25/2013,SDF,KY,ASO,CE,Combined TRACON& Tower with Radar,339,127,26,3,495,0,0,6,3,9,339,127,32,6,504,0,0,0,504
04/26/2013,SDF,KY,ASO,CE,Combined TRACON& Tower with Radar,294,129,33,1,457,0,1,9,2,12,294,130,42,3,469,0,0,0,469
04/27/2013,SDF,KY,ASO,CE,Combined TRACON& Tower with Radar,187,112,13,8,320,0,1,2,0,3,187,113,15,8,323,0,0,0,323
04/28/2013,SDF,KY,ASO,CE,Combined TRACON& Tower with Radar,109,103,19,6,237,0,0,0,0,0,109,103,19,6,237,0,0,0,237
04/29/2013,SDF,KY,ASO,CE,Combined TRACON& Tower with Radar,141,111,33,6,291,0,0,0,0,0,141,111,33,6,291,0,0,0,291
04/30/2013,SDF,KY,ASO,CE,Combined TRACON& Tower with Radar,343,122,28,4,497,0,6,4,9,19,343,128,32,13,516,0,0,0,516
05/01/2013,SDF,KY,ASO,CE,Combined TRACON& Tower with Radar,343,126,51,4,524,0,8,23,0,31,343,134,74,4,555,4,2,6,561
05/02/2013,SDF,KY,ASO,CE,Combined TRACON& Tower with Radar,366,221,168,5,760,0,16,2,5,23,366,237,170,10,783,8,2,10,793
05/03/2013,SDF,KY,ASO,CE,Combined TRACON& Tower with Radar,310,175,131,3,619,0,20,9,5,34,310,195,140,8,653,20,0,20,673
05/04/2013,SDF,KY,ASO,CE,Combined TRACON& Tower with Radar,191,226,150,0,567,0,9,13,4,26,191,235,163,4,593,0,0,0,593
05/05/2013,SDF,KY,ASO,CE,Combined TRACON& Tower with Radar,170,229,194,1,594,0,0,0,0,0,170,229,194,1,594,0,0,0,594
05/06/2013,SDF,KY,ASO,CE,Combined TRACON& Tower with Radar,158,103,32,9,302,0,0,0,1,1,158,103,32,10,303,0,0,0,303
05/07/2013,SDF,KY,ASO,CE,Combined TRACON& Tower with Radar,336,133,33,10,512,0,0,4,4,8,336,133,37,14,520,0,0,0,520
05/08/2013,SDF,KY,ASO,CE,Combined TRACON& Tower with Radar,339,115,38,7,499,0,6,2,6,14,339,121,40,13,513,0,0,0,513
05/09/2013,SDF,KY,ASO,CE,Combined TRACON& Tower with Radar,339,142,39,10,530,0,2,6,3,11,339,144,45,13,541,0,0,0,541
05/10/2013,SDF,KY,ASO,CE,Combined TRACON& Tower with Radar,336,124,21,1,482,0,1,0,0,1,336,125,21,1,483,0,0,0,483
05/11/2013,SDF,KY,ASO,CE,Combined TRACON& Tower with Radar,211,97,14,8,330,0,0,3,1,4,211,97,17,9,334,0,0,0,334
05/12/2013,SDF,KY,ASO,CE,Combined TRACON& Tower with Radar,116,99,12,9,236,0,1,2,2,5,116,100,14,11,241,0,0,0,241
05/13/2013,SDF,KY,ASO,CE,Combined TRACON& Tower with Radar,134,117,28,7,286,0,3,10,1,14,134,120,38,8,300,4,0,4,304
05/14/2013,SDF,KY,ASO,CE,Combined TRACON& Tower with Radar,340,128,37,14,519,0,0,5,3,8,340,128,42,17,527,0,0,0,527
05/15/2013,SDF,KY,ASO,CE,Combined TRACON& Tower with Radar,327,137,22,14,500,0,2,11,2,15,327,139,33,16,515,0,0,0,515
05/16/2013,SDF,KY,ASO,CE,Combined TRACON& Tower with Radar,333,129,20,11,493,0,0,2,6,8,333,129,22,17,501,0,0,0,501
05/17/2013,SDF,KY,ASO,CE,Combined TRACON& Tower with Radar,294,132,17,7,450,0,4,6,0,10,294,136,23,7,460,0,0,0,460
05/18/2013,SDF,KY,ASO,CE,Combined TRACON& Tower with Radar,186,100,9,4,299,0,6,2,5,13,186,106,11,9,312,6,2,8,320
05/19/2013,SDF,KY,ASO,CE,Combined TRACON& Tower with Radar,111,91,8,1,211,0,4,13,0,17,111,95,21,1,228,0,0,0,228
05/20/2013,SDF,KY,ASO,CE,Combined TRACON& Tower with Radar,139,113,33,7,292,0,6,2,0,8,139,119,35,7,300,0,0,0,300
05/21/2013,SDF,KY,ASO,CE,Combined TRACON& Tower with Radar,358,132,29,11,530,0,2,5,7,14,358,134,34,18,544,0,0,0,544
05/22/2013,SDF,KY,ASO,CE,Combined TRACON& Tower with Radar,335,123,28,13,499,0,2,5,1,8,335,125,33,14,507,0,0,0,507
05/23/2013,SDF,KY,ASO,CE,Combined TRACON& Tower with Radar,335,127,29,13,504,0,2,3,1,6,335,129,32,14,510,0,0,0,510
05/24/2013,SDF,KY,ASO,CE,Combined TRACON& Tower with Radar,310,141,17,1,469,0,2,1,0,3,310,143,18,1,472,0,0,0,472
05/25/2013,SDF,KY,ASO,CE,Combined TRACON& Tower with Radar,192,97,16,0,305,0,4,12,0,16,192,101,28,0,321,0,0,0,321
05/26/2013,SDF,KY,ASO,CE,Combined TRACON& Tower with Radar,88,64,7,3,162,0,7,4,0,11,88,71,11,3,173,0,0,0,173
05/27/2013,SDF,KY,ASO,CE,Combined TRACON& Tower with Radar,99,98,14,7,218,0,2,4,0,6,99,100,18,7,224,0,0,0,224
05/28/2013,SDF,KY,ASO,CE,Combined TRACON& Tower with Radar,215,126,14,10,365,0,1,6,0,7,215,127,20,10,372,0,0,0,372
05/29/2013,SDF,KY,ASO,CE,Combined TRACON& Tower with Radar,391,128,20,7,546,0,5,2,11,18,391,133,22,18,564,0,0,0,564
05/30/2013,SDF,KY,ASO,CE,Combined TRACON& Tower with Radar,354,132,21,17,524,0,4,0,4,8,354,136,21,21,532,0,0,0,532
05/31/2013,SDF,KY,ASO,CE,Combined TRACON& Tower with Radar,306,129,15,2,452,0,2,0,0,2,306,131,15,2,454,0,0,0,454
06/01/2013,SDF,KY,ASO,CE,Combined TRACON& Tower with Radar,189,102,7,2,300,0,2,0,0,2,189,104,7,2,302,0,0,0,302
06/02/2013,SDF,KY,ASO,CE,Combined TRACON& Tower with Radar,109,96,15,2,222,0,3,2,0,5,109,99,17,2,227,0,0,0,227
06/03/2013,SDF,KY,ASO,CE,Combined TRACON& Tower with Radar,148,120,17,13,298,0,4,8,0,12,148,124,25,13,310,0,0,0,310
06/04/2013,SDF,KY,ASO,CE,Combined TRACON& Tower with Radar,344,125,25,6,500,0,4,5,6,15,344,129,30,12,515,0,0,0,515
06/05/2013,SDF,KY,ASO,CE,Combined TRACON& Tower with Radar,329,126,20,9,484,0,8,10,6,24,329,134,30,15,508,6,2,8,516
06/06/2013,SDF,KY,ASO,CE,Combined TRACON& Tower with Radar,339,117,16,8,480,0,1,4,5,10,339,118,20,13,490,0,0,0,490
06/07/2013,SDF,KY,ASO,CE,Combined TRACON& Tower with Radar,295,136,12,23,466,0,0,0,0,0,295,136,12,23,466,0,0,0,466
06/08/2013,SDF,KY,ASO,CE,Combined TRACON& Tower with Radar,190,110,6,9,315,0,3,3,1,7,190,113,9,10,322,0,0,0,322
06/09/2013,SDF,KY,ASO,CE,Combined TRACON& Tower with Radar,112,96,14,2,224,0,2,1,0,3,112,98,15,2,227,4,0,4,231
06/10/2013,SDF,KY,ASO,CE,Combined TRACON& Tower with Radar,141,119,27,6,293,0,0,0,0,0,141,119,27,6,293,0,0,0,293
06/11/2013,SDF,KY,ASO,CE,Combined TRACON& Tower with Radar,344,129,26,2,501,0,1,3,7,11,344,130,29,9,512,0,0,0,512
06/12/2013,SDF,KY,ASO,CE,Combined TRACON& Tower with Radar,344,129,24,6,503,0,0,8,13,21,344,129,32,19,524,6,14,20,544
06/13/2013,SDF,KY,ASO,CE,Combined TRACON& Tower with Radar,339,128,39,8,514,0,3,1,1,5,339,131,40,9,519,0,0,0,519
06/14/2013,SDF,KY,ASO,CE,Combined TRACON& Tower with Radar,306,138,28,7,479,0,1,8,1,10,306,139,36,8,489,0,0,0,489
06/15/2013,SDF,KY,ASO,CE,Combined TRACON& Tower with Radar,195,126,23,1,345,0,13,14,0,27,195,139,37,1,372,0,0,0,372
06/16/2013,SDF,KY,ASO,CE,Combined TRACON& Tower with Radar,112,103,14,1,230,0,0,4,0,4,112,103,18,1,234,0,0,0,234
06/17/2013,SDF,KY,ASO,CE,Combined TRACON& Tower with Radar,140,109,20,8,277,0,1,4,0,5,140,110,24,8,282,0,0,0,282
06/18/2013,SDF,KY,ASO,CE,Combined TRACON& Tower with Radar,350,135,24,9,518,0,0,3,2,5,350,135,27,11,523,0,0,0,523
06/19/2013,SDF,KY,ASO,CE,Combined TRACON& Tower with Radar,348,141,32,16,537,0,2,7,1,10,348,143,39,17,547,0,0,0,547
06/20/2013,SDF,KY,ASO,CE,Combined TRACON& Tower with Radar,329,136,27,6,498,0,1,2,6,9,329,137,29,12,507,0,0,0,507
06/21/2013,SDF,KY,ASO,CE,Combined TRACON& Tower with Radar,292,132,29,13,466,0,2,2,2,6,292,134,31,15,472,0,0,0,472
06/22/2013,SDF,KY,ASO,CE,Combined TRACON& Tower with Radar,193,113,10,3,319,0,2,2,0,4,193,115,12,3,323,0,2,2,325
06/23/2013,SDF,KY,ASO,CE,Combined TRACON& Tower with Radar,109,114,25,2,250,0,5,0,22,27,109,119,25,24,277,0,0,0,277
06/24/2013,SDF,KY,ASO,CE,Combined TRACON& Tower with Radar,138,118,17,6,279,0,0,7,1,8,138,118,24,7,287,0,0,0,287
06/25/2013,SDF,KY,ASO,CE,Combined TRACON& Tower with Radar,338,139,22,15,514,0,2,5,11,18,338,141,27,26,532,0,0,0,532
06/26/2013,SDF,KY,ASO,CE,Combined TRACON& Tower with Radar,329,124,35,3,491,0,0,0,8,8,329,124,35,11,499,4,10,14,513
06/27/2013,SDF,KY,ASO,CE,Combined TRACON& Tower with Radar,345,151,28,5,529,0,3,8,2,13,345,154,36,7,542,0,0,0,542
06/28/2013,SDF,KY,ASO,CE,Combined TRACON& Tower with Radar,306,133,30,2,471,0,7,12,0,19,306,140,42,2,490,0,0,0,490
06/29/2013,SDF,KY,ASO,CE,Combined TRACON& Tower with Radar,196,120,16,3,335,0,6,0,0,6,196,126,16,3,341,0,0,0,341
06/30/2013,SDF,KY,ASO,CE,Combined TRACON& Tower with Radar,112,91,23,2,228,0,2,0,0,2,112,93,23,2,230,0,0,0,230
07/01/2013,SDF,KY,ASO,CE,Combined TRACON& Tower with Radar,149,91,19,2,261,0,6,0,0,6,149,97,19,2,267,0,0,0,267
07/02/2013,SDF,KY,ASO,CE,Combined TRACON& Tower with Radar,350,108,12,6,476,0,0,3,2,5,350,108,15,8,481,0,0,0,481
07/03/2013,SDF,KY,ASO,CE,Combined TRACON& Tower with Radar,357,111,19,8,495,0,0,11,7,18,357,111,30,15,513,6,0,6,519
07/04/2013,SDF,KY,ASO,CE,Combined TRACON& Tower with Radar,175,74,3,0,252,0,0,0,0,0,175,74,3,0,252,0,0,0,252
07/05/2013,SDF,KY,ASO,CE,Combined TRACON& Tower with Radar,213,75,13,1,302,0,2,3,1,6,213,77,16,2,308,0,0,0,308
07/06/2013,SDF,KY,ASO,CE,Combined TRACON& Tower with Radar,201,107,9,3,320,0,0,1,0,1,201,107,10,3,321,0,0,0,321
07/07/2013,SDF,KY,ASO,CE,Combined TRACON& Tower with Radar,117,105,15,3,240,0,0,4,0,4,117,105,19,3,244,4,0,4,248
07/08/2013,SDF,KY,ASO,CE,Combined TRACON& Tower with Radar,149,108,18,6,281,0,2,8,0,10,149,110,26,6,291,0,0,0,291
07/09/2013,SDF,KY,ASO,CE,Combined TRACON& Tower with Radar,345,132,21,1,499,0,2,2,5,9,345,134,23,6,508,0,0,0,508
07/10/2013,SDF,KY,ASO,CE,Combined TRACON& Tower with Radar,333,120,20,5,478,0,5,3,1,9,333,125,23,6,487,0,0,0,487
07/11/2013,SDF,KY,ASO,CE,Combined TRACON& Tower with Radar,353,128,32,12,525,0,4,6,4,14,353,132,38,16,539,0,2,2,541
07/12/2013,SDF,KY,ASO,CE,Combined TRACON& Tower with Radar,302,133,34,28,497,0,6,9,6,21,302,139,43,34,518,0,0,0,518
07/13/2013,SDF,KY,ASO,CE,Combined TRACON& Tower with Radar,211,92,13,21,337,0,6,4,4,14,211,98,17,25,351,0,0,0,351
07/14/2013,SDF,KY,ASO,CE,Combined TRACON& Tower with Radar,119,104,9,6,238,0,2,3,0,5,119,106,12,6,243,0,0,0,243
07/15/2013,SDF,KY,ASO,CE,Combined TRACON& Tower with Radar,151,115,19,5,290,0,5,3,4,12,151,120,22,9,302,0,0,0,302
07/16/2013,SDF,KY,ASO,CE,Combined TRACON& Tower with Radar,353,125,29,23,530,0,7,11,8,26,353,132,40,31,556,5,2,7,563
07/17/2013,SDF,KY,ASO,CE,Combined TRACON& Tower with Radar,332,120,21,4,477,0,7,2,5,14,332,127,23,9,491,0,0,0,491
07/18/2013,SDF,KY,ASO,CE,Combined TRACON& Tower with Radar,346,120,15,6,487,0,3,1,3,7,346,123,16,9,494,0,5,5,499
07/19/2013,SDF,KY,ASO,CE,Combined TRACON& Tower with Radar,301,123,10,13,447,0,2,3,0,5,301,125,13,13,452,0,0,0,452
07/20/2013,SDF,KY,ASO,CE,Combined TRACON& Tower with Radar,216,93,8,10,327,0,2,0,1,3,216,95,8,11,330,0,0,0,330
07/21/2013,SDF,KY,ASO,CE,Combined TRACON& Tower with Radar,113,114,18,3,248,0,2,7,0,9,113,116,25,3,257,0,0,0,257
07/22/2013,SDF,KY,ASO,CE,Combined TRACON& Tower with Radar,154,108,19,1,282,0,0,2,0,2,154,108,21,1,284,0,0,0,284
07/23/2013,SDF,KY,ASO,CE,Combined TRACON& Tower with Radar,351,119,27,9,506,0,0,3,1,4,351,119,30,10,510,0,0,0,510
07/24/2013,SDF,KY,ASO,CE,Combined TRACON& Tower with Radar,347,137,23,11,518,0,6,7,3,16,347,143,30,14,534,0,0,0,534
07/25/2013,SDF,KY,ASO,CE,Combined TRACON& Tower with Radar,346,128,26,22,522,0,2,4,4,10,346,130,30,26,532,0,0,0,532
07/26/2013,SDF,KY,ASO,CE,Combined TRACON& Tower with Radar,309,134,26,4,473,0,3,3,0,6,309,137,29,4,479,0,0,0,479
07/27/2013,SDF,KY,ASO,CE,Combined TRACON& Tower with Radar,209,97,6,5,317,0,0,1,0,1,209,97,7,5,318,0,0,0,318
07/28/2013,SDF,KY,ASO,CE,Combined TRACON& Tower with Radar,118,97,12,1,228,0,5,10,0,15,118,102,22,1,243,0,0,0,243
07/29/2013,SDF,KY,ASO,CE,Combined TRACON& Tower with Radar,150,108,11,5,274,0,0,4,4,8,150,108,15,9,282,0,0,0,282
07/30/2013,SDF,KY,ASO,CE,Combined TRACON& Tower with Radar,347,122,20,4,493,0,0,3,4,7,347,122,23,8,500,0,0,0,500
07/31/2013,SDF,KY,ASO,CE,Combined TRACON& Tower with Radar,343,122,31,7,503,0,4,2,1,7,343,126,33,8,510,0,0,0,510
08/01/2013,SDF,KY,ASO,CE,Combined TRACON& Tower with Radar,338,119,32,5,494,0,0,0,2,2,338,119,32,7,496,0,0,0,496
08/02/2013,SDF,KY,ASO,CE,Combined TRACON& Tower with Radar,313,121,18,5,457,0,2,6,2,10,313,123,24,7,467,0,0,0,467
08/03/2013,SDF,KY,ASO,CE,Combined TRACON& Tower with Radar,208,99,11,2,320,0,0,11,0,11,208,99,22,2,331,6,0,6,337
08/04/2013,SDF,KY,ASO,CE,Combined TRACON& Tower with Radar,124,98,25,1,248,0,5,1,2,8,124,103,26,3,256,0,0,0,256
08/05/2013,SDF,KY,ASO,CE,Combined TRACON& Tower with Radar,144,99,25,11,279,0,3,11,3,17,144,102,36,14,296,0,2,2,298
08/06/2013,SDF,KY,ASO,CE,Combined TRACON& Tower with Radar,349,121,19,10,499,0,2,2,4,8,349,123,21,14,507,0,0,0,507
08/07/2013,SDF,KY,ASO,CE,Combined TRACON& Tower with Radar,340,123,16,13,492,0,0,1,5,6,340,123,17,18,498,2,0,2,500
08/08/2013,SDF,KY,ASO,CE,Combined TRACON& Tower with Radar,337,118,31,19,505,0,0,4,8,12,337,118,35,27,517,0,0,0,517
08/09/2013,SDF,KY,ASO,CE,Combined TRACON& Tower with Radar,302,120,15,13,450,0,4,1,0,5,302,124,16,13,455,0,0,0,455
08/10/2013,SDF,KY,ASO,CE,Combined TRACON& Tower with Radar,206,94,14,3,317,0,1,3,0,4,206,95,17,3,321,0,0,0,321
08/11/2013,SDF,KY,ASO,CE,Combined TRACON& Tower with Radar,121,107,15,1,244,0,2,3,3,8,121,109,18,4,252,0,0,0,252
08/12/2013,SDF,KY,ASO,CE,Combined TRACON& Tower with Radar,146,100,34,3,283,0,0,2,1,3,146,100,36,4,286,0,0,0,286
08/13/2013,SDF,KY,ASO,CE,Combined TRACON& Tower with Radar,359,116,27,7,509,0,1,3,9,13,359,117,30,16,522,0,0,0,522
08/14/2013,SDF,KY,ASO,CE,Combined TRACON& Tower with Radar,341,131,20,10,502,0,0,5,3,8,341,131,25,13,510,2,0,2,512
08/15/2013,SDF,KY,ASO,CE,Combined TRACON& Tower with Radar,348,131,41,6,526,0,2,7,1,10,348,133,48,7,536,0,0,0,536
08/16/2013,SDF,KY,ASO,CE,Combined TRACON& Tower with Radar,298,118,22,3,441,0,0,8,5,13,298,118,30,8,454,0,0,0,454
08/17/2013,SDF,KY,ASO,CE,Combined TRACON& Tower with Radar,202,95,19,2,318,0,1,13,0,14,202,96,32,2,332,0,0,0,332
08/18/2013,SDF,KY,ASO,CE,Combined TRACON& Tower with Radar,124,103,28,5,260,0,1,0,0,1,124,104,28,5,261,0,0,0,261
08/19/2013,SDF,KY,ASO,CE,Combined TRACON& Tower with Radar,156,110,34,0,300,0,0,6,0,6,156,110,40,0,306,0,0,0,306
08/20/2013,SDF,KY,ASO,CE,Combined TRACON& Tower with Radar,343,114,21,6,484,0,0,3,0,3,343,114,24,6,487,0,0,0,487
08/21/2013,SDF,KY,ASO,CE,Combined TRACON& Tower with Radar,339,120,30,11,500,0,5,2,2,9,339,125,32,13,509,0,0,0,509
08/22/2013,SDF,KY,ASO,CE,Combined TRACON& Tower with Radar,337,107,31,12,487,0,0,3,3,6,337,107,34,15,493,0,0,0,493
08/23/2013,SDF,KY,ASO,CE,Combined TRACON& Tower with Radar,296,118,23,28,465,0,1,4,3,8,296,119,27,31,473,0,0,0,473
08/24/2013,SDF,KY,ASO,CE,Combined TRACON& Tower with Radar,196,88,11,15,310,0,3,15,4,22,196,91,26,19,332,0,0,0,332
08/25/2013,SDF,KY,ASO,CE,Combined TRACON& Tower with Radar,114,92,36,0,242,0,0,8,0,8,114,92,44,0,250,0,0,0,250
08/26/2013,SDF,KY,ASO,CE,Combined TRACON& Tower with Radar,151,93,23,8,275,0,2,8,0,10,151,95,31,8,285,0,0,0,285
08/27/2013,SDF,KY,ASO,CE,Combined TRACON& Tower with Radar,348,109,31,6,494,0,2,1,3,6,348,111,32,9,500,0,0,0,500
08/28/2013,SDF,KY,ASO,CE,Combined TRACON& Tower with Radar,355,108,25,4,492,0,2,2,6,10,355,110,27,10,502,0,0,0,502
08/29/2013,SDF,KY,ASO,CE,Combined TRACON& Tower with Radar,337,124,22,9,492,0,2,1,4,7,337,126,23,13,499,0,0,0,499
08/30/2013,SDF,KY,ASO,CE,Combined TRACON& Tower with Radar,320,109,17,7,453,0,6,7,2,15,320,115,24,9,468,0,0,0,468
08/31/2013,SDF,KY,ASO,CE,Combined TRACON& Tower with Radar,189,72,5,1,267,0,2,5,0,7,189,74,10,1,274,0,0,0,274
09/01/2013,SDF,KY,ASO,CE,Combined TRACON& Tower with Radar,90,57,10,0,157,0,1,3,0,4,90,58,13,0,161,0,0,0,161
09/02/2013,SDF,KY,ASO,CE,Combined TRACON& Tower with Radar,108,69,10,1,188,0,3,17,0,20,108,72,27,1,208,0,0,0,208
09/03/2013,SDF,KY,ASO,CE,Combined TRACON& Tower with Radar,216,95,28,2,341,0,2,3,1,6,216,97,31,3,347,0,0,0,347
09/04/2013,SDF,KY,ASO,CE,Combined TRACON& Tower with Radar,387,110,24,36,557,0,0,3,8,11,387,110,27,44,568,0,3,3,571
09/05/2013,SDF,KY,ASO,CE,Combined TRACON& Tower with Radar,367,114,22,7,510,0,5,2,2,9,367,119,24,9,519,0,0,0,519
09/06/2013,SDF,KY,ASO,CE,Combined TRACON& Tower with Radar,299,111,24,18,452,0,4,0,1,5,299,115,24,19,457,0,0,0,457
09/07/2013,SDF,KY,ASO,CE,Combined TRACON& Tower with Radar,187,83,27,18,315,0,6,9,0,15,187,89,36,18,330,0,0,0,330
09/08/2013,SDF,KY,ASO,CE,Combined TRACON& Tower with Radar,124,85,18,5,232,0,2,2,0,4,124,87,20,5,236,0,0,0,236
09/09/2013,SDF,KY,ASO,CE,Combined TRACON& Tower with Radar,141,108,30,2,281,0,1,9,0,10,141,109,39,2,291,0,0,0,291
09/10/2013,SDF,KY,ASO,CE,Combined TRACON& Tower with Radar,344,119,26,4,493,0,0,10,1,11,344,119,36,5,504,0,0,0,504
09/11/2013,SDF,KY,ASO,CE,Combined TRACON& Tower with Radar,338,111,29,7,485,0,2,0,5,7,338,113,29,12,492,0,0,0,492
09/12/2013,SDF,KY,ASO,CE,Combined TRACON& Tower with Radar,347,117,36,5,505,0,3,3,3,9,347,120,39,8,514,0,0,0,514
09/13/2013,SDF,KY,ASO,CE,Combined TRACON& Tower with Radar,304,132,26,8,470,0,1,7,0,8,304,133,33,8,478,10,0,10,488
09/14/2013,SDF,KY,ASO,CE,Combined TRACON& Tower with Radar,186,79,6,3,274,0,2,10,0,12,186,81,16,3,286,0,0,0,286
09/15/2013,SDF,KY,ASO,CE,Combined TRACON& Tower with Radar,120,91,17,5,233,0,0,4,0,4,120,91,21,5,237,0,0,0,237
09/16/2013,SDF,KY,ASO,CE,Combined TRACON& Tower with Radar,151,118,30,5,304,0,6,5,0,11,151,124,35,5,315,0,0,0,315
09/17/2013,SDF,KY,ASO,CE,Combined TRACON& Tower with Radar,353,126,56,8,543,0,4,1,3,8,353,130,57,11,551,0,0,0,551
09/18/2013,SDF,KY,ASO,CE,Combined TRACON& Tower with Radar,340,106,59,2,507,0,2,4,2,8,340,108,63,4,515,0,0,0,515
09/19/2013,SDF,KY,ASO,CE,Combined TRACON& Tower with Radar,340,110,33,5,488,0,4,3,1,8,340,114,36,6,496,0,0,0,496
09/20/2013,SDF,KY,ASO,CE,Combined TRACON& Tower with Radar,301,113,19,14,447,0,0,3,4,7,301,113,22,18,454,0,0,0,454
09/21/2013,SDF,KY,ASO,CE,Combined TRACON& Tower with Radar,193,81,12,6,292,0,4,10,2,16,193,85,22,8,308,0,6,6,314
09/22/2013,SDF,KY,ASO,CE,Combined TRACON& Tower with Radar,123,86,19,3,231,0,4,14,1,19,123,90,33,4,250,0,0,0,250
09/23/2013,SDF,KY,ASO,CE,Combined TRACON& Tower with Radar,149,102,19,7,277,0,5,7,2,14,149,107,26,9,291,0,0,0,291
09/24/2013,SDF,KY,ASO,CE,Combined TRACON& Tower with Radar,338,115,38,10,501,0,2,2,5,9,338,117,40,15,510,0,0,0,510
09/25/2013,SDF,KY,ASO,CE,Combined TRACON& Tower with Radar,335,120,30,6,491,0,5,5,2,12,335,125,35,8,503,0,0,0,503
09/26/2013,SDF,KY,ASO,CE,Combined TRACON& Tower with Radar,335,123,29,8,495,0,0,1,5,6,335,123,30,13,501,0,0,0,501
09/27/2013,SDF,KY,ASO,CE,Combined TRACON& Tower with Radar,303,125,23,6,457,0,1,2,1,4,303,126,25,7,461,0,0,0,461
09/28/2013,SDF,KY,ASO,CE,Combined TRACON& Tower with Radar,184,96,11,2,293,0,2,13,0,15,184,98,24,2,308,0,0,0,308
09/29/2013,SDF,KY,ASO,CE,Combined TRACON& Tower with Radar,121,92,16,0,229,0,4,1,0,5,121,96,17,0,234,0,0,0,234
09/30/2013,SDF,KY,ASO,CE,Combined TRACON& Tower with Radar,153,106,39,6,304,0,4,8,2,14,153,110,47,8,318,0,0,0,318
10/01/2013,SDF,KY,ASO,CE,Combined TRACON& Tower with Radar,352,126,49,4,531,0,4,8,0,12,352,130,57,4,543,0,0,0,543
10/02/2013,SDF,KY,ASO,CE,Combined TRACON& Tower with Radar,350,127,61,2,540,0,0,0,0,0,350,127,61,2,540,0,0,0,540
10/03/2013,SDF,KY,ASO,CE,Combined TRACON& Tower with Radar,343,133,37,4,517,0,0,2,0,2,343,133,39,4,519,0,0,0,519
10/04/2013,SDF,KY,ASO,CE,Combined TRACON& Tower with Radar,299,128,20,2,449,0,0,5,0,5,299,128,25,2,454,0,0,0,454
10/05/2013,SDF,KY,ASO,CE,Combined TRACON& Tower with Radar,196,81,8,2,287,0,0,4,0,4,196,81,12,2,291,0,0,0,291
10/06/2013,SDF,KY,ASO,CE,Combined TRACON& Tower with Radar,123,91,19,0,233,0,0,3,0,3,123,91,22,0,236,0,0,0,236
10/07/2013,SDF,KY,ASO,CE,Combined TRACON& Tower with Radar,156,104,13,4,277,0,8,1,0,9,156,112,14,4,286,0,0,0,286
10/08/2013,SDF,KY,ASO,CE,Combined TRACON& Tower with Radar,356,117,14,5,492,0,2,13,5,20,356,119,27,10,512,0,0,0,512
10/09/2013,SDF,KY,ASO,CE,Combined TRACON& Tower with Radar,347,122,19,1,489,0,0,6,1,7,347,122,25,2,496,0,0,0,496
10/10/2013,SDF,KY,ASO,CE,Combined TRACON& Tower with Radar,347,122,27,3,499,0,4,5,4,13,347,126,32,7,512,0,0,0,512
10/11/2013,SDF,KY,ASO,CE,Combined TRACON& Tower with Radar,304,116,18,0,438,0,1,10,0,11,304,117,28,0,449,0,0,0,449
10/12/2013,SDF,KY,ASO,CE,Combined TRACON& Tower with Radar,194,87,10,0,291,0,0,11,0,11,194,87,21,0,302,0,0,0,302
10/13/2013,SDF,KY,ASO,CE,Combined TRACON& Tower with Radar,125,94,13,0,232,0,1,3,0,4,125,95,16,0,236,0,0,0,236
10/14/2013,SDF,KY,ASO,CE,Combined TRACON& Tower with Radar,152,100,26,0,278,0,4,5,0,9,152,104,31,0,287,0,0,0,287
10/15/2013,SDF,KY,ASO,CE,Combined TRACON& Tower with Radar,344,119,26,0,489,0,0,5,0,5,344,119,31,0,494,0,0,0,494
10/16/2013,SDF,KY,ASO,CE,Combined TRACON& Tower with Radar,350,123,44,2,519,0,4,3,4,11,350,127,47,6,530,0,0,0,530
10/17/2013,SDF,KY,ASO,CE,Combined TRACON& Tower with Radar,345,119,35,7,506,0,2,3,1,6,345,121,38,8,512,0,0,0,512
10/18/2013,SDF,KY,ASO,CE,Combined TRACON& Tower with Radar,300,122,20,8,450,0,3,3,0,6,300,125,23,8,456,0,0,0,456
10/19/2013,SDF,KY,ASO,CE,Combined TRACON& Tower with Radar,196,83,18,2,299,0,0,2,0,2,196,83,20,2,301,0,0,0,301
10/20/2013,SDF,KY,ASO,CE,Combined TRACON& Tower with Radar,125,92,15,0,232,0,1,8,0,9,125,93,23,0,241,0,0,0,241
10/21/2013,SDF,KY,ASO,CE,Combined TRACON& Tower with Radar,150,110,12,0,272,0,1,2,0,3,150,111,14,0,275,0,0,0,275
10/22/2013,SDF,KY,ASO,CE,Combined TRACON& Tower with Radar,360,118,40,8,526,0,0,5,1,6,360,118,45,9,532,0,0,0,532
10/23/2013,SDF,KY,ASO,CE,Combined TRACON& Tower with Radar,359,118,44,6,527,0,0,6,3,9,359,118,50,9,536,0,0,0,536
10/24/2013,SDF,KY,ASO,CE,Combined TRACON& Tower with Radar,346,120,42,3,511,0,0,3,0,3,346,120,45,3,514,1,0,1,515
10/25/2013,SDF,KY,ASO,CE,Combined TRACON& Tower with Radar,302,124,55,1,482,0,1,6,1,8,302,125,61,2,490,0,0,0,490
10/26/2013,SDF,KY,ASO,CE,Combined TRACON& Tower with Radar,205,75,18,1,299,0,2,3,0,5,205,77,21,1,304,0,0,0,304
10/27/2013,SDF,KY,ASO,CE,Combined TRACON& Tower with Radar,132,93,19,0,244,0,1,1,2,4,132,94,20,2,248,0,0,0,248
10/28/2013,SDF,KY,ASO,CE,Combined TRACON& Tower with Radar,157,102,28,3,290,0,2,8,0,10,157,104,36,3,300,0,0,0,300
10/29/2013,SDF,KY,ASO,CE,Combined TRACON& Tower with Radar,363,120,20,8,511,0,0,2,0,2,363,120,22,8,513,0,0,0,513
10/30/2013,SDF,KY,ASO,CE,Combined TRACON& Tower with Radar,359,112,37,10,518,0,0,5,4,9,359,112,42,14,527,0,0,0,527
10/31/2013,SDF,KY,ASO,CE,Combined TRACON& Tower with Radar,344,114,21,3,482,0,0,0,1,1,344,114,21,4,483,0,0,0,483
11/01/2013,SDF,KY,ASO,CE,Combined TRACON& Tower with Radar,333,124,22,1,480,0,0,4,1,5,333,124,26,2,485,0,0,0,485
11/02/2013,SDF,KY,ASO,CE,Combined TRACON& Tower with Radar,196,88,10,9,303,0,0,10,0,10,196,88,20,9,313,0,0,0,313
11/03/2013,SDF,KY,ASO,CE,Combined TRACON& Tower with Radar,123,95,17,5,240,0,0,15,0,15,123,95,32,5,255,0,0,0,255
11/04/2013,SDF,KY,ASO,CE,Combined TRACON& Tower with Radar,152,101,20,1,274,0,0,1,0,1,152,101,21,1,275,0,0,0,275
11/05/2013,SDF,KY,ASO,CE,Combined TRACON& Tower with Radar,352,111,24,5,492,0,2,8,12,22,352,113,32,17,514,0,0,0,514
11/06/2013,SDF,KY,ASO,CE,Combined TRACON& Tower with Radar,336,113,18,18,485,0,3,0,0,3,336,116,18,18,488,0,0,0,488
11/07/2013,SDF,KY,ASO,CE,Combined TRACON& Tower with Radar,346,114,31,17,508,0,0,2,2,4,346,114,33,19,512,0,0,0,512
11/08/2013,SDF,KY,ASO,CE,Combined TRACON& Tower with Radar,302,120,20,10,452,0,4,10,1,15,302,124,30,11,467,0,4,4,471
11/09/2013,SDF,KY,ASO,CE,Combined TRACON& Tower with Radar,188,85,12,0,285,0,3,8,0,11,188,88,20,0,296,0,0,0,296
11/10/2013,SDF,KY,ASO,CE,Combined TRACON& Tower with Radar,121,80,14,0,215,0,5,3,0,8,121,85,17,0,223,0,0,0,223
11/11/2013,SDF,KY,ASO,CE,Combined TRACON& Tower with Radar,140,98,31,0,269,0,2,9,0,11,140,100,40,0,280,0,0,0,280
11/12/2013,SDF,KY,ASO,CE,Combined TRACON& Tower with Radar,348,108,22,3,481,0,4,10,6,20,348,112,32,9,501,0,0,0,501
11/13/2013,SDF,KY,ASO,CE,Combined TRACON& Tower with Radar,354,123,33,7,517,0,0,0,4,4,354,123,33,11,521,0,0,0,521
11/14/2013,SDF,KY,ASO,CE,Combined TRACON& Tower with Radar,343,122,36,8,509,0,2,6,3,11,343,124,42,11,520,0,0,0,520
11/15/2013,SDF,KY,ASO,CE,Combined TRACON& Tower with Radar,300,115,34,14,463,0,2,0,0,2,300,117,34,14,465,0,0,0,465
11/16/2013,SDF,KY,ASO,CE,Combined TRACON& Tower with Radar,190,83,18,8,299,0,2,1,0,3,190,85,19,8,302,0,0,0,302
11/17/2013,SDF,KY,ASO,CE,Combined TRACON& Tower with Radar,120,77,13,5,215,0,0,0,0,0,120,77,13,5,215,0,0,0,215
11/18/2013,SDF,KY,ASO,CE,Combined TRACON& Tower with Radar,147,102,38,2,289,0,7,7,2,16,147,109,45,4,305,0,0,0,305
11/19/2013,SDF,KY,ASO,CE,Combined TRACON& Tower with Radar,358,111,42,14,525,0,0,10,5,15,358,111,52,19,540,0,0,0,540
11/20/2013,SDF,KY,ASO,CE,Combined TRACON& Tower with Radar,357,109,46,8,520,0,5,7,15,27,357,114,53,23,547,0,0,0,547
11/21/2013,SDF,KY,ASO,CE,Combined TRACON& Tower with Radar,342,123,36,9,510,0,4,0,0,4,342,127,36,9,514,0,0,0,514
11/22/2013,SDF,KY,ASO,CE,Combined TRACON& Tower with Radar,319,127,25,13,484,0,2,3,0,5,319,129,28,13,489,0,0,0,489
11/23/2013,SDF,KY,ASO,CE,Combined TRACON& Tower with Radar,199,89,12,1,301,0,1,3,1,5,199,90,15,2,306,0,0,0,306
11/24/2013,SDF,KY,ASO,CE,Combined TRACON& Tower with Radar,126,82,11,0,219,0,2,5,0,7,126,84,16,0,226,0,0,0,226
11/25/2013,SDF,KY,ASO,CE,Combined TRACON& Tower with Radar,155,87,21,10,273,0,2,5,10,17,155,89,26,20,290,0,0,0,290
11/26/2013,SDF,KY,ASO,CE,Combined TRACON& Tower with Radar,441,118,31,5,595,0,0,1,8,9,441,118,32,13,604,2,0,2,606
11/27/2013,SDF,KY,ASO,CE,Combined TRACON& Tower with Radar,431,126,13,0,570,0,1,1,0,2,431,127,14,0,572,0,0,0,572
11/28/2013,SDF,KY,ASO,CE,Combined TRACON& Tower with Radar,176,47,5,0,228,0,2,0,0,2,176,49,5,0,230,0,0,0,230
11/29/2013,SDF,KY,ASO,CE,Combined TRACON& Tower with Radar,220,62,9,0,291,0,2,0,0,2,220,64,9,0,293,0,0,0,293
11/30/2013,SDF,KY,ASO,CE,Combined TRACON& Tower with Radar,215,102,26,0,343,0,5,12,0,17,215,107,38,0,360,0,0,0,360
12/01/2013,SDF,KY,ASO,CE,Combined TRACON& Tower with Radar,150,93,26,3,272,0,3,10,0,13,150,96,36,3,285,0,0,0,285
12/02/2013,SDF,KY,ASO,CE,Combined TRACON& Tower with Radar,136,105,40,7,288,0,2,4,0,6,136,107,44,7,294,0,0,0,294
12/03/2013,SDF,KY,ASO,CE,Combined TRACON& Tower with Radar,449,117,48,10,624,0,0,6,4,10,449,117,54,14,634,0,0,0,634
12/04/2013,SDF,KY,ASO,CE,Combined TRACON& Tower with Radar,446,114,47,9,616,0,2,5,5,12,446,116,52,14,628,0,0,0,628
12/05/2013,SDF,KY,ASO,CE,Combined TRACON& Tower with Radar,415,109,58,1,583,0,0,0,0,0,415,109,58,1,583,0,0,0,583
12/06/2013,SDF,KY,ASO,CE,Combined TRACON& Tower with Radar,342,95,9,0,446,0,0,0,0,0,342,95,9,0,446,0,0,0,446
12/07/2013,SDF,KY,ASO,CE,Combined TRACON& Tower with Radar,210,84,23,5,322,0,0,1,0,1,210,84,24,5,323,0,0,0,323
12/08/2013,SDF,KY,ASO,CE,Combined TRACON& Tower with Radar,135,69,13,0,217,0,0,0,0,0,135,69,13,0,217,0,0,0,217
12/09/2013,SDF,KY,ASO,CE,Combined TRACON& Tower with Radar,188,109,26,15,338,0,3,0,0,3,188,112,26,15,341,0,0,0,341
12/10/2013,SDF,KY,ASO,CE,Combined TRACON& Tower with Radar,448,102,24,15,589,0,2,3,10,15,448,104,27,25,604,0,0,0,604
12/11/2013,SDF,KY,ASO,CE,Combined TRACON& Tower with Radar,447,114,43,9,613,0,0,4,5,9,447,114,47,14,622,0,0,0,622
12/12/2013,SDF,KY,ASO,CE,Combined TRACON& Tower with Radar,433,120,28,11,592,0,2,6,9,17,433,122,34,20,609,0,0,0,609
12/13/2013,SDF,KY,ASO,CE,Combined TRACON& Tower with Radar,368,119,23,13,523,0,0,9,4,13,368,119,32,17,536,2,2,4,540
12/14/2013,SDF,KY,ASO,CE,Combined TRACON& Tower with Radar,216,77,18,0,311,0,0,0,0,0,216,77,18,0,311,0,0,0,311
12/15/2013,SDF,KY,ASO,CE,Combined TRACON& Tower with Radar,151,90,23,1,265,0,0,3,0,3,151,90,26,1,268,0,0,0,268
12/16/2013,SDF,KY,ASO,CE,Combined TRACON& Tower with Radar,197,113,18,10,338,0,0,0,4,4,197,113,18,14,342,0,0,0,342
12/17/2013,SDF,KY,ASO,CE,Combined TRACON& Tower with Radar,514,131,33,7,685,0,5,0,10,15,514,136,33,17,700,0,0,0,700
12/18/2013,SDF,KY,ASO,CE,Combined TRACON& Tower with Radar,551,115,30,3,699,0,3,9,4,16,551,118,39,7,715,0,0,0,715
12/19/2013,SDF,KY,ASO,CE,Combined TRACON& Tower with Radar,563,108,31,2,704,0,0,4,12,16,563,108,35,14,720,0,0,0,720
12/20/2013,SDF,KY,ASO,CE,Combined TRACON& Tower with Radar,502,112,20,0,634,0,2,4,2,8,502,114,24,2,642,0,0,0,642
12/21/2013,SDF,KY,ASO,CE,Combined TRACON& Tower with Radar,409,94,9,0,512,0,0,2,0,2,409,94,11,0,514,0,0,0,514
12/22/2013,SDF,KY,ASO,CE,Combined TRACON& Tower with Radar,283,75,13,0,371,0,2,2,0,4,283,77,15,0,375,0,0,0,375
12/23/2013,SDF,KY,ASO,CE,Combined TRACON& Tower with Radar,299,81,18,0,398,0,7,5,0,12,299,88,23,0,410,0,0,0,410
12/24/2013,SDF,KY,ASO,CE,Combined TRACON& Tower with Radar,532,69,9,3,613,0,0,1,0,1,532,69,10,3,614,0,0,0,614
12/25/2013,SDF,KY,ASO,CE,Combined TRACON& Tower with Radar,167,50,1,0,218,0,3,3,0,6,167,53,4,0,224,0,0,0,224
12/26/2013,SDF,KY,ASO,CE,Combined TRACON& Tower with Radar,319,83,19,0,421,0,6,7,4,17,319,89,26,4,438,0,0,0,438
12/27/2013,SDF,KY,ASO,CE,Combined TRACON& Tower with Radar,345,97,16,2,460,0,0,5,0,5,345,97,21,2,465,0,0,0,465
12/28/2013,SDF,KY,ASO,CE,Combined TRACON& Tower with Radar,221,96,14,0,331,0,5,4,0,9,221,101,18,0,340,0,0,0,340
12/29/2013,SDF,KY,ASO,CE,Combined TRACON& Tower with Radar,151,72,9,1,233,0,2,0,0,2,151,74,9,1,235,0,0,0,235
12/30/2013,SDF,KY,ASO,CE,Combined TRACON& Tower with Radar,193,75,8,0,276,0,5,1,0,6,193,80,9,0,282,0,0,0,282
12/31/2013,SDF,KY,ASO,CE,Combined TRACON& Tower with Radar,415,69,4,0,488,0,6,3,0,9,415,75,7,0,497,0,0,0,497
01/01/2014,SDF,KY,ASO,CE,Combined TRACON& Tower with Radar,163,57,5,0,225,0,2,0,0,2,163,59,5,0,227,0,0,0,227
01/02/2014,SDF,KY,ASO,CE,Combined TRACON& Tower with Radar,232,79,6,2,319,0,0,0,0,0,232,79,6,2,319,0,0,0,319
01/03/2014,SDF,KY,ASO,CE,Combined TRACON& Tower with Radar,348,92,12,0,452,0,2,2,2,6,348,94,14,2,458,0,0,0,458
01/04/2014,SDF,KY,ASO,CE,Combined TRACON& Tower with Radar,220,99,8,0,327,0,2,6,2,10,220,101,14,2,337,0,0,0,337
01/05/2014,SDF,KY,ASO,CE,Combined TRACON& Tower with Radar,118,60,26,0,204,0,0,0,0,0,118,60,26,0,204,0,0,0,204
01/06/2014,SDF,KY,ASO,CE,Combined TRACON& Tower with Radar,131,60,15,0,206,0,2,2,0,4,131,62,17,0,210,0,0,0,210
01/07/2014,SDF,KY,ASO,CE,Combined TRACON& Tower with Radar,371,75,21,1,468,0,1,3,5,9,371,76,24,6,477,0,0,0,477
01/08/2014,SDF,KY,ASO,CE,Combined TRACON& Tower with Radar,398,95,19,14,526,0,3,4,7,14,398,98,23,21,540,0,0,0,540
01/09/2014,SDF,KY,ASO,CE,Combined TRACON& Tower with Radar,352,118,29,20,519,0,4,5,2,11,352,122,34,22,530,0,20,20,550
01/10/2014,SDF,KY,ASO,CE,Combined TRACON& Tower with Radar,305,113,20,10,448,0,2,0,0,2,305,115,20,10,450,0,0,0,450
01/11/2014,SDF,KY,ASO,CE,Combined TRACON& Tower with Radar,190,77,5,0,272,0,0,0,0,0,190,77,5,0,272,0,0,0,272
01/12/2014,SDF,KY,ASO,CE,Combined TRACON& Tower with Radar,107,73,6,2,188,0,4,6,0,10,107,77,12,2,198,0,0,0,198
01/13/2014,SDF,KY,ASO,CE,Combined TRACON& Tower with Radar,139,86,18,6,249,0,4,0,0,4,139,90,18,6,253,2,0,2,255
01/14/2014,SDF,KY,ASO,CE,Combined TRACON& Tower with Radar,333,107,15,5,460,0,2,9,7,18,333,109,24,12,478,0,0,0,478
01/15/2014,SDF,KY,ASO,CE,Combined TRACON& Tower with Radar,340,102,17,8,467,0,2,10,2,14,340,104,27,10,481,0,0,0,481
01/16/2014,SDF,KY,ASO,CE,Combined TRACON& Tower with Radar,327,104,18,9,458,0,0,2,2,4,327,104,20,11,462,6,0,6,468
01/17/2014,SDF,KY,ASO,CE,Combined TRACON& Tower with Radar,294,104,26,6,430,0,0,3,1,4,294,104,29,7,434,0,0,0,434
01/18/2014,SDF,KY,ASO,CE,Combined TRACON& Tower with Radar,187,73,7,0,267,0,4,5,0,9,187,77,12,0,276,0,0,0,276
01/19/2014,SDF,KY,ASO,CE,Combined TRACON& Tower with Radar,109,59,10,1,179,0,0,2,0,2,109,59,12,1,181,0,0,0,181
01/20/2014,SDF,KY,ASO,CE,Combined TRACON& Tower with Radar,131,89,18,0,238,0,2,0,0,2,131,91,18,0,240,6,0,6,246
01/21/2014,SDF,KY,ASO,CE,Combined TRACON& Tower with Radar,344,89,18,1,452,0,1,3,0,4,344,90,21,1,456,0,0,0,456
01/22/2014,SDF,KY,ASO,CE,Combined TRACON& Tower with Radar,358,106,37,10,511,0,3,10,8,21,358,109,47,18,532,0,0,0,532
01/23/2014,SDF,KY,ASO,CE,Combined TRACON& Tower with Radar,338,109,44,4,495,0,7,7,5,19,338,116,51,9,514,0,0,0,514
01/24/2014,SDF,KY,ASO,CE,Combined TRACON& Tower with Radar,302,107,24,5,438,0,4,4,0,8,302,111,28,5,446,0,0,0,446
01/25/2014,SDF,KY,ASO,CE,Combined TRACON& Tower with Radar,192,76,8,1,277,0,1,0,0,1,192,77,8,1,278,0,0,0,278
01/26/2014,SDF,KY,ASO,CE,Combined TRACON& Tower with Radar,106,67,25,0,198,0,0,4,1,5,106,67,29,1,203,0,0,0,203
01/27/2014,SDF,KY,ASO,CE,Combined TRACON& Tower with Radar,137,89,21,6,253,0,0,10,0,10,137,89,31,6,263,0,0,0,263
01/28/2014,SDF,KY,ASO,CE,Combined TRACON& Tower with Radar,337,99,14,7,457,0,3,5,0,8,337,102,19,7,465,0,0,0,465
01/29/2014,SDF,KY,ASO,CE,Combined TRACON& Tower with Radar,340,118,24,4,486,0,5,5,6,16,340,123,29,10,502,0,0,0,502
01/30/2014,SDF,KY,ASO,CE,Combined TRACON& Tower with Radar,346,122,25,9,502,0,1,8,7,16,346,123,33,16,518,4,12,16,534
01/31/2014,SDF,KY,ASO,CE,Combined TRACON& Tower with Radar,316,141,13,2,472,0,4,3,8,15,316,145,16,10,487,10,6,16,503
02/01/2014,SDF,KY,ASO,CE,Combined TRACON& Tower with Radar,185,78,3,0,266,0,0,4,0,4,185,78,7,0,270,8,0,8,278
02/02/2014,SDF,KY,ASO,CE,Combined TRACON& Tower with Radar,106,64,6,0,176,0,0,0,0,0,106,64,6,0,176,0,0,0,176
02/03/2014,SDF,KY,ASO,CE,Combined TRACON& Tower with Radar,137,92,24,3,256,0,5,1,1,7,137,97,25,4,263,0,0,0,263
02/04/2014,SDF,KY,ASO,CE,Combined TRACON& Tower with Radar,323,81,18,5,427,0,0,0,1,1,323,81,18,6,428,0,0,0,428
02/05/2014,SDF,KY,ASO,CE,Combined TRACON& Tower with Radar,337,111,28,5,481,0,0,0,1,1,337,111,28,6,482,0,0,0,482
02/06/2014,SDF,KY,ASO,CE,Combined TRACON& Tower with Radar,345,111,27,16,499,0,0,4,2,6,345,111,31,18,505,0,0,0,505
02/07/2014,SDF,KY,ASO,CE,Combined TRACON& Tower with Radar,293,120,13,3,429,0,2,10,0,12,293,122,23,3,441,0,0,0,441
02/08/2014,SDF,KY,ASO,CE,Combined TRACON& Tower with Radar,188,78,6,6,278,0,0,2,0,2,188,78,8,6,280,0,0,0,280
02/09/2014,SDF,KY,ASO,CE,Combined TRACON& Tower with Radar,105,75,10,5,195,0,0,0,0,0,105,75,10,5,195,0,0,0,195
02/10/2014,SDF,KY,ASO,CE,Combined TRACON& Tower with Radar,131,93,15,5,244,0,4,5,1,10,131,97,20,6,254,0,0,0,254
02/11/2014,SDF,KY,ASO,CE,Combined TRACON& Tower with Radar,339,111,34,15,499,0,9,5,1,15,339,120,39,16,514,0,0,0,514
02/12/2014,SDF,KY,ASO,CE,Combined TRACON& Tower with Radar,321,119,55,12,507,0,4,11,7,22,321,123,66,19,529,12,2,14,543
02/13/2014,SDF,KY,ASO,CE,Combined TRACON& Tower with Radar,372,100,63,6,541,0,1,13,4,18,372,101,76,10,559,0,0,0,559
02/14/2014,SDF,KY,ASO,CE,Combined TRACON& Tower with Radar,347,124,33,5,509,0,2,2,0,4,347,126,35,5,513,0,0,0,513
02/15/2014,SDF,KY,ASO,CE,Combined TRACON& Tower with Radar,201,76,19,2,298,0,6,11,0,17,201,82,30,2,315,0,0,0,315
02/16/2014,SDF,KY,ASO,CE,Combined TRACON& Tower with Radar,117,76,20,1,214,0,2,7,2,11,117,78,27,3,225,0,0,0,225
02/17/2014,SDF,KY,ASO,CE,Combined TRACON& Tower with Radar,139,85,23,3,250,0,4,1,0,5,139,89,24,3,255,0,0,0,255
02/18/2014,SDF,KY,ASO,CE,Combined TRACON& Tower with Radar,343,113,34,5,495,0,4,14,0,18,343,117,48,5,513,0,0,0,513
02/19/2014,SDF,KY,ASO,CE,Combined TRACON& Tower with Radar,332,109,30,17,488,0,5,6,5,16,332,114,36,22,504,0,0,0,504
02/20/2014,SDF,KY,ASO,CE,Combined TRACON& Tower with Radar,313,114,24,5,456,0,5,2,4,11,313,119,26,9,467,0,0,0,467
02/21/2014,SDF,KY,ASO,CE,Combined TRACON& Tower with Radar,301,100,9,12,422,0,3,3,3,9,301,103,12,15,431,0,2,2,433
02/22/2014,SDF,KY,ASO,CE,Combined TRACON& Tower with Radar,185,87,17,7,296,0,4,8,0,12,185,91,25,7,308,0,0,0,308
02/23/2014,SDF,KY,ASO,CE,Combined TRACON& Tower with Radar,115,81,5,5,206,0,0,2,0,2,115,81,7,5,208,0,0,0,208
02/24/2014,SDF,KY,ASO,CE,Combined TRACON& Tower with Radar,132,97,15,5,249,0,2,0,0,2,132,99,15,5,251,0,0,0,251
02/25/2014,SDF,KY,ASO,CE,Combined TRACON& Tower with Radar,340,99,31,7,477,0,0,0,4,4,340,99,31,11,481,0,0,0,481
02/26/2014,SDF,KY,ASO,CE,Combined TRACON& Tower with Radar,338,109,28,8,483,0,4,19,2,25,338,113,47,10,508,0,0,0,508
02/27/2014,SDF,KY,ASO,CE,Combined TRACON& Tower with Radar,329,118,27,14,488,0,0,9,4,13,329,118,36,18,501,0,0,0,501
02/28/2014,SDF,KY,ASO,CE,Combined TRACON& Tower with Radar,298,117,14,6,435,0,1,4,3,8,298,118,18,9,443,20,4,24,467
03/01/2014,SDF,KY,ASO,CE,Combined TRACON& Tower with Radar,186,71,16,1,274,0,6,4,0,10,186,77,20,1,284,0,0,0,284
03/02/2014,SDF,KY,ASO,CE,Combined TRACON& Tower with Radar,96,64,8,0,168,0,1,0,0,1,96,65,8,0,169,0,0,0,169
03/03/2014,SDF,KY,ASO,CE,Combined TRACON& Tower with Radar,130,86,14,2,232,0,4,3,0,7,130,90,17,2,239,0,0,0,239
03/04/2014,SDF,KY,ASO,CE,Combined TRACON& Tower with Radar,355,126,37,6,524,0,4,11,6,21,355,130,48,12,545,0,0,0,545
03/05/2014,SDF,KY,ASO,CE,Combined TRACON& Tower with Radar,346,128,29,21,524,0,1,1,3,5,346,129,30,24,529,3,10,13,542
03/06/2014,SDF,KY,ASO,CE,Combined TRACON& Tower with Radar,335,104,15,8,462,0,8,5,5,18,335,112,20,13,480,0,0,0,480
03/07/2014,SDF,KY,ASO,CE,Combined TRACON& Tower with Radar,295,122,12,16,445,0,6,6,3,15,295,128,18,19,460,16,4,20,480
03/08/2014,SDF,KY,ASO,CE,Combined TRACON& Tower with Radar,192,90,13,1,296,0,4,5,0,9,192,94,18,1,305,0,0,0,305
03/09/2014,SDF,KY,ASO,CE,Combined TRACON& Tower with Radar,120,81,16,1,218,0,0,13,0,13,120,81,29,1,231,0,0,0,231
03/10/2014,SDF,KY,ASO,CE,Combined TRACON& Tower with Radar,137,90,22,5,254,0,3,4,2,9,137,93,26,7,263,0,0,0,263
03/11/2014,SDF,KY,ASO,CE,Combined TRACON& Tower with Radar,341,116,24,4,485,0,4,6,5,15,341,120,30,9,500,0,0,0,500
03/12/2014,SDF,KY,ASO,CE,Combined TRACON& Tower with Radar,353,121,32,5,511,0,1,0,1,2,353,122,32,6,513,0,10,10,523
03/13/2014,SDF,KY,ASO,CE,Combined TRACON& Tower with Radar,351,106,30,3,490,0,5,4,4,13,351,111,34,7,503,0,0,0,503
03/14/2014,SDF,KY,ASO,CE,Combined TRACON& Tower with Radar,295,117,19,9,440,0,3,6,3,12,295,120,25,12,452,0,0,0,452
03/15/2014,SDF,KY,ASO,CE,Combined TRACON& Tower with Radar,186,88,12,11,297,0,0,13,0,13,186,88,25,11,310,0,0,0,310
03/16/2014,SDF,KY,ASO,CE,Combined TRACON& Tower with Radar,120,73,14,5,212,0,0,1,2,3,120,73,15,7,215,0,0,0,215
03/17/2014,SDF,KY,ASO,CE,Combined TRACON& Tower with Radar,141,90,38,2,271,0,6,1,2,9,141,96,39,4,280,0,0,0,280
03/18/2014,SDF,KY,ASO,CE,Combined TRACON& Tower with Radar,346,106,28,6,486,0,3,8,1,12,346,109,36,7,498,0,0,0,498
03/19/2014,SDF,KY,ASO,CE,Combined TRACON& Tower with Radar,344,107,29,7,487,0,4,1,7,12,344,111,30,14,499,0,0,0,499
03/20/2014,SDF,KY,ASO,CE,Combined TRACON& Tower with Radar,338,111,39,18,506,0,0,16,5,21,338,111,55,23,527,0,0,0,527
03/21/2014,SDF,KY,ASO,CE,Combined TRACON& Tower with Radar,299,110,21,31,461,0,4,16,1,21,299,114,37,32,482,0,0,0,482
03/22/2014,SDF,KY,ASO,CE,Combined TRACON& Tower with Radar,188,81,18,11,298,0,3,23,5,31,188,84,41,16,329,0,0,0,329
03/23/2014,SDF,KY,ASO,CE,Combined TRACON& Tower with Radar,121,72,14,3,210,0,4,17,0,21,121,76,31,3,231,0,0,0,231
03/24/2014,SDF,KY,ASO,CE,Combined TRACON& Tower with Radar,134,94,23,4,255,0,4,19,4,27,134,98,42,8,282,0,0,0,282
03/25/2014,SDF,KY,ASO,CE,Combined TRACON& Tower with Radar,337,101,30,4,472,0,0,6,3,9,337,101,36,7,481,0,2,2,483
03/26/2014,SDF,KY,ASO,CE,Combined TRACON& Tower with Radar,348,113,44,5,510,0,2,16,3,21,348,115,60,8,531,0,0,0,531
03/27/2014,SDF,KY,ASO,CE,Combined TRACON& Tower with Radar,321,112,98,9,540,0,2,12,6,20,321,114,110,15,560,14,20,34,594
03/28/2014,SDF,KY,ASO,CE,Combined TRACON& Tower with Radar,309,117,73,11,510,0,3,7,4,14,309,120,80,15,524,0,0,0,524
03/29/2014,SDF,KY,ASO,CE,Combined TRACON& Tower with Radar,193,81,19,0,293,0,0,0,0,0,193,81,19,0,293,0,0,0,293
03/30/2014,SDF,KY,ASO,CE,Combined TRACON& Tower with Radar,123,73,12,3,211,0,4,10,4,18,123,77,22,7,229,0,0,0,229
03/31/2014,SDF,KY,ASO,CE,Combined TRACON& Tower with Radar,145,84,16,7,252,0,2,1,9,12,145,86,17,16,264,0,0,0,264
04/01/2014,SDF,KY,ASO,CE,Combined TRACON& Tower with Radar,338,97,18,5,458,0,0,7,3,10,338,97,25,8,468,0,0,0,468
04/02/2014,SDF,KY,ASO,CE,Combined TRACON& Tower with Radar,327,115,20,7,469,0,6,6,2,14,327,121,26,9,483,0,0,0,483
04/03/2014,SDF,KY,ASO,CE,Combined TRACON& Tower with Radar,330,117,15,0,462,0,0,0,0,0,330,117,15,0,462,0,0,0,462
04/04/2014,SDF,KY,ASO,CE,Combined TRACON& Tower with Radar,290,103,14,2,409,0,2,0,2,4,290,105,14,4,413,0,0,0,413
04/05/2014,SDF,KY,ASO,CE,Combined TRACON& Tower with Radar,199,94,20,4,317,0,6,3,0,9,199,100,23,4,326,0,0,0,326
04/06/2014,SDF,KY,ASO,CE,Combined TRACON& Tower with Radar,118,82,22,5,227,0,4,4,1,9,118,86,26,6,236,0,0,0,236
04/07/2014,SDF,KY,ASO,CE,Combined TRACON& Tower with Radar,137,97,20,0,254,0,2,3,0,5,137,99,23,0,259,0,0,0,259
04/08/2014,SDF,KY,ASO,CE,Combined TRACON& Tower with Radar,349,115,24,9,497,0,0,1,4,5,349,115,25,13,502,0,0,0,502
04/09/2014,SDF,KY,ASO,CE,Combined TRACON& Tower with Radar,336,107,16,5,464,0,0,7,11,18,336,107,23,16,482,0,0,0,482
04/10/2014,SDF,KY,ASO,CE,Combined TRACON& Tower with Radar,334,111,15,6,466,0,5,8,29,42,334,116,23,35,508,14,10,24,532
04/11/2014,SDF,KY,ASO,CE,Combined TRACON& Tower with Radar,291,121,22,14,448,0,0,11,15,26,291,121,33,29,474,0,0,0,474
04/12/2014,SDF,KY,ASO,CE,Combined TRACON& Tower with Radar,189,79,7,10,285,3,6,13,30,52,192,85,20,40,337,16,86,102,439
04/13/2014,SDF,KY,ASO,CE,Combined TRACON& Tower with Radar,114,85,10,14,223,0,1,9,1,11,114,86,19,15,234,0,0,0,234
04/14/2014,SDF,KY,ASO,CE,Combined TRACON& Tower with Radar,136,92,21,9,258,0,0,3,2,5,136,92,24,11,263,0,0,0,263
04/15/2014,SDF,KY,ASO,CE,Combined TRACON& Tower with Radar,341,104,24,7,476,0,0,2,2,4,341,104,26,9,480,0,0,0,480
04/16/2014,SDF,KY,ASO,CE,Combined TRACON& Tower with Radar,346,102,22,18,488,0,4,3,4,11,346,106,25,22,499,0,0,0,499
04/17/2014,SDF,KY,ASO,CE,Combined TRACON& Tower with Radar,335,112,35,16,498,0,3,7,1,11,335,115,42,17,509,7,12,19,528
04/18/2014,SDF,KY,ASO,CE,Combined TRACON& Tower with Radar,288,104,15,6,413,0,8,8,2,18,288,112,23,8,431,0,0,0,431
04/19/2014,SDF,KY,ASO,CE,Combined TRACON& Tower with Radar,178,77,7,3,265,0,3,11,0,14,178,80,18,3,279,0,0,0,279
04/20/2014,SDF,KY,ASO,CE,Combined TRACON& Tower with Radar,111,71,4,3,189,0,4,4,0,8,111,75,8,3,197,0,0,0,197
04/21/2014,SDF,KY,ASO,CE,Combined TRACON& Tower with Radar,139,99,27,3,268,0,6,4,0,10,139,105,31,3,278,0,0,0,278
04/22/2014,SDF,KY,ASO,CE,Combined TRACON& Tower with Radar,342,103,32,12,489,0,2,22,0,24,342,105,54,12,513,0,0,0,513
04/23/2014,SDF,KY,ASO,CE,Combined TRACON& Tower with Radar,335,108,22,5,470,0,6,13,3,22,335,114,35,8,492,2,0,2,494
04/24/2014,SDF,KY,ASO,CE,Combined TRACON& Tower with Radar,338,121,11,18,488,0,15,4,1,20,338,136,15,19,508,0,0,0,508
04/25/2014,SDF,KY,ASO,CE,Combined TRACON& Tower with Radar,293,108,23,12,436,0,2,95,2,99,293,110,118,14,535,16,0,16,551
04/26/2014,SDF,KY,ASO,CE,Combined TRACON& Tower with Radar,186,77,12,2,277,0,6,310,0,316,186,83,322,2,593,6,0,6,599
04/27/2014,SDF,KY,ASO,CE,Combined TRACON& Tower with Radar,119,73,18,3,213,0,6,4,0,10,119,79,22,3,223,0,0,0,223
04/28/2014,SDF,KY,ASO,CE,Combined TRACON& Tower with Radar,146,86,17,3,252,0,0,0,0,0,146,86,17,3,252,0,0,0,252
04/29/2014,SDF,KY,ASO,CE,Combined TRACON& Tower with Radar,345,114,38,0,497,0,2,3,2,7,345,116,41,2,504,6,0,6,510
04/30/2014,SDF,KY,ASO,CE,Combined TRACON& Tower with Radar,345,119,60,11,535,0,0,6,7,13,345,119,66,18,548,6,0,6,554
05/01/2014,SDF,KY,ASO,CE,Combined TRACON& Tower with Radar,385,202,186,6,779,0,7,12,3,22,385,209,198,9,801,0,0,0,801
05/02/2014,SDF,KY,ASO,CE,Combined TRACON& Tower with Radar,313,162,120,1,596,0,26,21,8,55,313,188,141,9,651,0,0,0,651
05/03/2014,SDF,KY,ASO,CE,Combined TRACON& Tower with Radar,191,158,184,0,533,0,35,17,8,60,191,193,201,8,593,116,0,116,709
05/04/2014,SDF,KY,ASO,CE,Combined TRACON& Tower with Radar,167,200,209,5,581,0,0,5,0,5,167,200,214,5,586,0,0,0,586
05/05/2014,SDF,KY,ASO,CE,Combined TRACON& Tower with Radar,155,85,16,0,256,0,2,2,0,4,155,87,18,0,260,0,0,0,260
05/06/2014,SDF,KY,ASO,CE,Combined TRACON& Tower with Radar,351,111,21,5,488,0,0,5,1,6,351,111,26,6,494,0,0,0,494
05/07/2014,SDF,KY,ASO,CE,Combined TRACON& Tower with Radar,353,112,45,5,515,0,3,4,12,19,353,115,49,17,534,0,0,0,534
05/08/2014,SDF,KY,ASO,CE,Combined TRACON& Tower with Radar,351,109,47,11,518,0,4,5,6,15,351,113,52,17,533,0,0,0,533
05/09/2014,SDF,KY,ASO,CE,Combined TRACON& Tower with Radar,339,98,15,1,453,0,0,1,0,1,339,98,16,1,454,2,0,2,456
05/10/2014,SDF,KY,ASO,CE,Combined TRACON& Tower with Radar,236,68,10,2,316,0,4,11,0,15,236,72,21,2,331,0,0,0,331
05/11/2014,SDF,KY,ASO,CE,Combined TRACON& Tower with Radar,129,65,19,1,214,0,0,0,0,0,129,65,19,1,214,0,0,0,214
05/12/2014,SDF,KY,ASO,CE,Combined TRACON& Tower with Radar,159,80,21,3,263,0,5,2,0,7,159,85,23,3,270,0,0,0,270
05/13/2014,SDF,KY,ASO,CE,Combined TRACON& Tower with Radar,364,103,23,5,495,0,0,3,0,3,364,103,26,5,498,0,0,0,498
05/14/2014,SDF,KY,ASO,CE,Combined TRACON& Tower with Radar,359,103,22,4,488,0,0,0,0,0,359,103,22,4,488,0,0,0,488
05/15/2014,SDF,KY,ASO,CE,Combined TRACON& Tower with Radar,361,105,23,6,495,0,4,5,1,10,361,109,28,7,505,0,0,0,505
05/16/2014,SDF,KY,ASO,CE,Combined TRACON& Tower with Radar,312,105,13,5,435,0,2,3,0,5,312,107,16,5,440,0,0,0,440
05/17/2014,SDF,KY,ASO,CE,Combined TRACON& Tower with Radar,198,88,11,4,301,0,5,2,1,8,198,93,13,5,309,0,0,0,309
05/18/2014,SDF,KY,ASO,CE,Combined TRACON& Tower with Radar,127,88,10,3,228,0,4,4,1,9,127,92,14,4,237,0,0,0,237
05/19/2014,SDF,KY,ASO,CE,Combined TRACON& Tower with Radar,151,95,23,3,272,0,1,7,0,8,151,96,30,3,280,0,0,0,280
05/20/2014,SDF,KY,ASO,CE,Combined TRACON& Tower with Radar,364,110,25,4,503,0,8,5,3,16,364,118,30,7,519,0,0,0,519
05/21/2014,SDF,KY,ASO,CE,Combined TRACON& Tower with Radar,382,109,33,4,528,0,0,7,1,8,382,109,40,5,536,0,0,0,536
05/22/2014,SDF,KY,ASO,CE,Combined TRACON& Tower with Radar,356,96,31,1,484,0,0,5,0,5,356,96,36,1,489,0,0,0,489
05/23/2014,SDF,KY,ASO,CE,Combined TRACON& Tower with Radar,309,104,16,0,429,0,0,8,0,8,309,104,24,0,437,0,0,0,437
05/24/2014,SDF,KY,ASO,CE,Combined TRACON& Tower with Radar,210,78,7,4,299,0,4,9,0,13,210,82,16,4,312,0,0,0,312
05/25/2014,SDF,KY,ASO,CE,Combined TRACON& Tower with Radar,99,56,12,0,167,0,3,6,0,9,99,59,18,0,176,0,0,0,176
05/26/2014,SDF,KY,ASO,CE,Combined TRACON& Tower with Radar,113,77,10,1,201,0,4,5,0,9,113,81,15,1,210,0,0,0,210
05/27/2014,SDF,KY,ASO,CE,Combined TRACON& Tower with Radar,214,95,24,0,333,0,1,7,0,8,214,96,31,0,341,0,0,0,341
05/28/2014,SDF,KY,ASO,CE,Combined TRACON& Tower with Radar,405,105,29,4,543,0,4,4,0,8,405,109,33,4,551,0,0,0,551
05/29/2014,SDF,KY,ASO,CE,Combined TRACON& Tower with Radar,372,108,24,11,515,0,0,5,2,7,372,108,29,13,522,0,0,0,522
05/30/2014,SDF,KY,ASO,CE,Combined TRACON& Tower with Radar,313,102,18,14,447,0,3,7,1,11,313,105,25,15,458,0,0,0,458
05/31/2014,SDF,KY,ASO,CE,Combined TRACON& Tower with Radar,202,76,18,11,307,0,1,17,5,23,202,77,35,16,330,0,0,0,330
06/01/2014,SDF,KY,ASO,CE,Combined TRACON& Tower with Radar,128,79,13,12,232,0,4,2,2,8,128,83,15,14,240,0,0,0,240
06/02/2014,SDF,KY,ASO,CE,Combined TRACON& Tower with Radar,153,84,31,0,268,0,2,8,2,12,153,86,39,2,280,0,0,0,280
06/03/2014,SDF,KY,ASO,CE,Combined TRACON& Tower with Radar,363,110,33,0,506,0,6,0,2,8,363,116,33,2,514,0,0,0,514
06/04/2014,SDF,KY,ASO,CE,Combined TRACON& Tower with Radar,341,104,27,2,474,0,2,3,0,5,341,106,30,2,479,4,0,4,483
06/05/2014,SDF,KY,ASO,CE,Combined TRACON& Tower with Radar,350,110,30,7,497,0,0,3,1,4,350,110,33,8,501,0,0,0,501
06/06/2014,SDF,KY,ASO,CE,Combined TRACON& Tower with Radar,310,103,16,5,434,0,2,14,0,16,310,105,30,5,450,0,0,0,450
06/07/2014,SDF,KY,ASO,CE,Combined TRACON& Tower with Radar,197,93,29,1,320,0,0,10,3,13,197,93,39,4,333,0,0,0,333
06/08/2014,SDF,KY,ASO,CE,Combined TRACON& Tower with Radar,127,74,17,2,220,0,6,3,0,9,127,80,20,2,229,0,0,0,229
06/09/2014,SDF,KY,ASO,CE,Combined TRACON& Tower with Radar,150,82,14,9,255,0,3,17,2,22,150,85,31,11,277,12,0,12,289
06/10/2014,SDF,KY,ASO,CE,Combined TRACON& Tower with Radar,344,92,21,11,468,0,2,2,0,4,344,94,23,11,472,0,0,0,472
06/11/2014,SDF,KY,ASO,CE,Combined TRACON& Tower with Radar,349,101,31,19,500,0,0,2,3,5,349,101,33,22,505,0,8,8,513
06/12/2014,SDF,KY,ASO,CE,Combined TRACON& Tower with Radar,361,102,31,10,504,0,4,7,2,13,361,106,38,12,517,8,2,10,527
06/13/2014,SDF,KY,ASO,CE,Combined TRACON& Tower with Radar,309,97,32,2,440,0,3,7,0,10,309,100,39,2,450,0,0,0,450
06/14/2014,SDF,KY,ASO,CE,Combined TRACON& Tower with Radar,205,80,23,1,309,0,2,12,2,16,205,82,35,3,325,0,0,0,325
06/15/2014,SDF,KY,ASO,CE,Combined TRACON& Tower with Radar,133,72,21,5,231,0,11,10,2,23,133,83,31,7,254,0,0,0,254
06/16/2014,SDF,KY,ASO,CE,Combined TRACON& Tower with Radar,157,85,19,3,264,0,7,14,0,21,157,92,33,3,285,0,0,0,285
06/17/2014,SDF,KY,ASO,CE,Combined TRACON& Tower with Radar,361,110,28,15,514,0,3,14,6,23,361,113,42,21,537,0,0,0,537
06/18/2014,SDF,KY,ASO,CE,Combined TRACON& Tower with Radar,349,106,43,13,511,0,8,6,1,15,349,114,49,14,526,0,0,0,526
06/19/2014,SDF,KY,ASO,CE,Combined TRACON& Tower with Radar,343,106,45,14,508,0,3,15,1,19,343,109,60,15,527,0,0,0,527
06/20/2014,SDF,KY,ASO,CE,Combined TRACON& Tower with Radar,301,105,16,5,427,0,4,4,0,8,301,109,20,5,435,0,0,0,435
06/21/2014,SDF,KY,ASO,CE,Combined TRACON& Tower with Radar,208,97,18,7,330,0,4,11,0,15,208,101,29,7,345,0,0,0,345
06/22/2014,SDF,KY,ASO,CE,Combined TRACON& Tower with Radar,133,79,10,4,226,0,7,7,2,16,133,86,17,6,242,0,0,0,242
06/23/2014,SDF,KY,ASO,CE,Combined TRACON& Tower with Radar,161,87,18,9,275,0,3,5,0,8,161,90,23,9,283,0,0,0,283
06/24/2014,SDF,KY,ASO,CE,Combined TRACON& Tower with Radar,351,109,37,4,501,0,1,2,0,3,351,110,39,4,504,0,0,0,504
06/25/2014,SDF,KY,ASO,CE,Combined TRACON& Tower with Radar,356,106,25,6,493,0,0,6,3,9,356,106,31,9,502,0,0,0,502
06/26/2014,SDF,KY,ASO,CE,Combined TRACON& Tower with Radar,360,115,30,6,511,0,9,5,5,19,360,124,35,11,530,0,0,0,530
06/27/2014,SDF,KY,ASO,CE,Combined TRACON& Tower with Radar,310,112,30,25,477,0,0,14,1,15,310,112,44,26,492,0,0,0,492
06/28/2014,SDF,KY,ASO,CE,Combined TRACON& Tower with Radar,211,72,17,12,312,0,5,2,1,8,211,77,19,13,320,0,0,0,320
06/29/2014,SDF,KY,ASO,CE,Combined TRACON& Tower with Radar,138,63,17,7,225,0,5,6,0,11,138,68,23,7,236,0,0,0,236
06/30/2014,SDF,KY,ASO,CE,Combined TRACON& Tower with Radar,146,72,32,6,256,0,3,7,0,10,146,75,39,6,266,0,0,0,266
07/01/2014,SDF,KY,ASO,CE,Combined TRACON& Tower with Radar,358,89,15,1,463,0,1,5,0,6,358,90,20,1,469,0,0,0,469
07/02/2014,SDF,KY,ASO,CE,Combined TRACON& Tower with Radar,343,99,13,5,460,0,2,23,6,31,343,101,36,11,491,0,0,0,491
07/03/2014,SDF,KY,ASO,CE,Combined TRACON& Tower with Radar,313,77,22,1,413,0,6,2,0,8,313,83,24,1,421,12,0,12,433
07/04/2014,SDF,KY,ASO,CE,Combined TRACON& Tower with Radar,150,62,5,1,218,0,4,5,0,9,150,66,10,1,227,0,0,0,227
07/05/2014,SDF,KY,ASO,CE,Combined TRACON& Tower with Radar,148,77,19,0,244,0,0,15,0,15,148,77,34,0,259,0,0,0,259
07/06/2014,SDF,KY,ASO,CE,Combined TRACON& Tower with Radar,122,76,20,1,219,0,2,8,0,10,122,78,28,1,229,0,0,0,229
07/07/2014,SDF,KY,ASO,CE,Combined TRACON& Tower with Radar,155,86,18,2,261,0,0,0,0,0,155,86,18,2,261,0,0,0,261
07/08/2014,SDF,KY,ASO,CE,Combined TRACON& Tower with Radar,351,107,20,9,487,0,1,7,2,10,351,108,27,11,497,0,0,0,497
07/09/2014,SDF,KY,ASO,CE,Combined TRACON& Tower with Radar,365,101,29,11,506,0,2,6,11,19,365,103,35,22,525,4,0,4,529
07/10/2014,SDF,KY,ASO,CE,Combined TRACON& Tower with Radar,349,101,25,12,487,0,0,8,7,15,349,101,33,19,502,14,20,34,536
07/11/2014,SDF,KY,ASO,CE,Combined TRACON& Tower with Radar,305,110,8,4,427,0,5,15,3,23,305,115,23,7,450,0,0,0,450
07/12/2014,SDF,KY,ASO,CE,Combined TRACON& Tower with Radar,197,96,9,12,314,0,4,11,18,33,197,100,20,30,347,0,0,0,347
07/13/2014,SDF,KY,ASO,CE,Combined TRACON& Tower with Radar,123,70,14,8,215,0,2,2,7,11,123,72,16,15,226,0,0,0,226
07/14/2014,SDF,KY,ASO,CE,Combined TRACON& Tower with Radar,152,96,12,0,260,0,0,3,0,3,152,96,15,0,263,8,0,8,271
07/15/2014,SDF,KY,ASO,CE,Combined TRACON& Tower with Radar,349,98,23,11,481,0,2,6,5,13,349,100,29,16,494,0,0,0,494
07/16/2014,SDF,KY,ASO,CE,Combined TRACON& Tower with Radar,352,99,15,6,472,0,2,2,3,7,352,101,17,9,479,0,0,0,479
07/17/2014,SDF,KY,ASO,CE,Combined TRACON& Tower with Radar,338,102,29,9,478,0,1,4,4,9,338,103,33,13,487,0,0,0,487
07/18/2014,SDF,KY,ASO,CE,Combined TRACON& Tower with Radar,296,107,19,7,429,0,0,8,0,8,296,107,27,7,437,8,0,8,445
07/19/2014,SDF,KY,ASO,CE,Combined TRACON& Tower with Radar,204,88,7,5,304,0,4,9,5,18,204,92,16,10,322,8,4,12,334
07/20/2014,SDF,KY,ASO,CE,Combined TRACON& Tower with Radar,131,71,20,4,226,0,0,5,1,6,131,71,25,5,232,0,0,0,232
07/21/2014,SDF,KY,ASO,CE,Combined TRACON& Tower with Radar,156,89,21,3,269,0,4,7,9,20,156,93,28,12,289,12,0,12,301
07/22/2014,SDF,KY,ASO,CE,Combined TRACON& Tower with Radar,345,115,28,5,493,0,2,8,5,15,345,117,36,10,508,0,0,0,508
07/23/2014,SDF,KY,ASO,CE,Combined TRACON& Tower with Radar,341,114,28,3,486,0,4,5,3,12,341,118,33,6,498,0,0,0,498
07/24/2014,SDF,KY,ASO,CE,Combined TRACON& Tower with Radar,347,137,50,6,540,0,8,7,4,19,347,145,57,10,559,5,0,5,564
07/25/2014,SDF,KY,ASO,CE,Combined TRACON& Tower with Radar,308,131,39,3,481,0,0,10,2,12,308,131,49,5,493,0,0,0,493
07/26/2014,SDF,KY,ASO,CE,Combined TRACON& Tower with Radar,206,97,23,6,332,0,4,3,1,8,206,101,26,7,340,0,0,0,340
07/27/2014,SDF,KY,ASO,CE,Combined TRACON& Tower with Radar,130,69,21,0,220,0,0,4,0,4,130,69,25,0,224,0,0,0,224
07/28/2014,SDF,KY,ASO,CE,Combined TRACON& Tower with Radar,158,95,36,1,290,0,4,4,4,12,158,99,40,5,302,0,0,0,302
07/29/2014,SDF,KY,ASO,CE,Combined TRACON& Tower with Radar,367,108,25,11,511,0,5,14,4,23,367,113,39,15,534,0,0,0,534
07/30/2014,SDF,KY,ASO,CE,Combined TRACON& Tower with Radar,358,103,30,9,500,0,0,5,3,8,358,103,35,12,508,0,0,0,508
07/31/2014,SDF,KY,ASO,CE,Combined TRACON& Tower with Radar,356,100,37,10,503,0,4,12,6,22,356,104,49,16,525,0,2,2,527
08/01/2014,SDF,KY,ASO,CE,Combined TRACON& Tower with Radar,308,107,34,12,461,0,10,5,0,15,308,117,39,12,476,0,0,0,476
08/02/2014,SDF,KY,ASO,CE,Combined TRACON& Tower with Radar,210,86,14,23,333,0,4,12,1,17,210,90,26,24,350,0,0,0,350
08/03/2014,SDF,KY,ASO,CE,Combined TRACON& Tower with Radar,122,110,37,3,272,0,2,4,2,8,122,112,41,5,280,0,0,0,280
08/04/2014,SDF,KY,ASO,CE,Combined TRACON& Tower with Radar,145,102,28,0,275,0,0,23,0,23,145,102,51,0,298,0,0,0,298
08/05/2014,SDF,KY,ASO,CE,Combined TRACON& Tower with Radar,366,115,38,7,526,0,7,11,4,22,366,122,49,11,548,0,0,0,548
08/06/2014,SDF,KY,ASO,CE,Combined TRACON& Tower with Radar,351,105,43,4,503,0,4,8,1,13,351,109,51,5,516,0,0,0,516
08/07/2014,SDF,KY,ASO,CE,Combined TRACON& Tower with Radar,358,112,34,4,508,0,4,10,4,18,358,116,44,8,526,14,0,14,540
08/08/2014,SDF,KY,ASO,CE,Combined TRACON& Tower with Radar,318,121,34,1,474,0,0,3,0,3,318,121,37,1,477,11,0,11,488
08/09/2014,SDF,KY,ASO,CE,Combined TRACON& Tower with Radar,210,89,29,1,329,0,0,0,0,0,210,89,29,1,329,0,0,0,329
08/10/2014,SDF,KY,ASO,CE,Combined TRACON& Tower with Radar,123,121,57,1,302,0,10,7,0,17,123,131,64,1,319,0,0,0,319
08/11/2014,SDF,KY,ASO,CE,Combined TRACON& Tower with Radar,164,98,30,5,297,0,0,2,0,2,164,98,32,5,299,0,0,0,299
08/12/2014,SDF,KY,ASO,CE,Combined TRACON& Tower with Radar,359,113,35,6,513,0,4,3,2,9,359,117,38,8,522,0,0,0,522
08/13/2014,SDF,KY,ASO,CE,Combined TRACON& Tower with Radar,351,110,36,2,499,0,2,10,2,14,351,112,46,4,513,0,0,0,513
08/14/2014,SDF,KY,ASO,CE,Combined TRACON& Tower with Radar,342,105,40,11,498,0,4,4,3,11,342,109,44,14,509,0,0,0,509
08/15/2014,SDF,KY,ASO,CE,Combined TRACON& Tower with Radar,311,100,21,11,443,0,3,10,2,15,311,103,31,13,458,0,0,0,458
08/16/2014,SDF,KY,ASO,CE,Combined TRACON& Tower with Radar,189,90,22,9,310,0,0,11,7,18,189,90,33,16,328,0,0,0,328
08/17/2014,SDF,KY,ASO,CE,Combined TRACON& Tower with Radar,121,83,28,1,233,0,0,2,1,3,121,83,30,2,236,0,0,0,236
08/18/2014,SDF,KY,ASO,CE,Combined TRACON& Tower with Radar,152,90,31,4,277,0,0,2,0,2,152,90,33,4,279,0,0,0,279
08/19/2014,SDF,KY,ASO,CE,Combined TRACON& Tower with Radar,376,132,26,8,542,0,2,6,2,10,376,134,32,10,552,0,0,0,552
08/20/2014,SDF,KY,ASO,CE,Combined TRACON& Tower with Radar,359,115,35,8,517,0,1,1,4,6,359,116,36,12,523,0,0,0,523
08/21/2014,SDF,KY,ASO,CE,Combined TRACON& Tower with Radar,343,97,38,1,479,0,3,2,2,7,343,100,40,3,486,0,0,0,486
08/22/2014,SDF,KY,ASO,CE,Combined TRACON& Tower with Radar,308,115,31,9,463,0,2,10,1,13,308,117,41,10,476,0,0,0,476
08/23/2014,SDF,KY,ASO,CE,Combined TRACON& Tower with Radar,191,73,19,0,283,0,0,12,0,12,191,73,31,0,295,0,0,0,295
08/24/2014,SDF,KY,ASO,CE,Combined TRACON& Tower with Radar,129,71,38,17,255,0,0,7,0,7,129,71,45,17,262,0,0,0,262
08/25/2014,SDF,KY,ASO,CE,Combined TRACON& Tower with Radar,148,77,26,8,259,0,4,3,0,7,148,81,29,8,266,0,0,0,266
08/26/2014,SDF,KY,ASO,CE,Combined TRACON& Tower with Radar,356,111,29,9,505,0,2,7,0,9,356,113,36,9,514,0,0,0,514
08/27/2014,SDF,KY,ASO,CE,Combined TRACON& Tower with Radar,364,107,26,3,500,0,1,2,5,8,364,108,28,8,508,0,0,0,508
08/28/2014,SDF,KY,ASO,CE,Combined TRACON& Tower with Radar,349,110,25,6,490,0,7,6,2,15,349,117,31,8,505,0,0,0,505
08/29/2014,SDF,KY,ASO,CE,Combined TRACON& Tower with Radar,320,102,19,2,443,0,4,9,0,13,320,106,28,2,456,0,0,0,456
08/30/2014,SDF,KY,ASO,CE,Combined TRACON& Tower with Radar,190,76,12,2,280,0,0,7,0,7,190,76,19,2,287,0,0,0,287
08/31/2014,SDF,KY,ASO,CE,Combined TRACON& Tower with Radar,97,34,8,2,141,0,1,1,0,2,97,35,9,2,143,0,0,0,143
09/01/2014,SDF,KY,ASO,CE,Combined TRACON& Tower with Radar,105,71,18,1,195,0,9,2,0,11,105,80,20,1,206,0,0,0,206
09/02/2014,SDF,KY,ASO,CE,Combined TRACON& Tower with Radar,216,100,25,7,348,0,0,4,0,4,216,100,29,7,352,0,0,0,352
09/03/2014,SDF,KY,ASO,CE,Combined TRACON& Tower with Radar,410,83,20,10,523,0,2,5,4,11,410,85,25,14,534,0,0,0,534
09/04/2014,SDF,KY,ASO,CE,Combined TRACON& Tower with Radar,376,85,32,7,500,0,6,4,10,20,376,91,36,17,520,4,0,4,524
09/05/2014,SDF,KY,ASO,CE,Combined TRACON& Tower with Radar,317,88,29,7,441,0,5,3,0,8,317,93,32,7,449,0,0,0,449
09/06/2014,SDF,KY,ASO,CE,Combined TRACON& Tower with Radar,212,64,10,10,296,0,4,9,0,13,212,68,19,10,309,0,0,0,309
09/07/2014,SDF,KY,ASO,CE,Combined TRACON& Tower with Radar,125,72,17,6,220,0,8,9,5,22,125,80,26,11,242,0,0,0,242
09/08/2014,SDF,KY,ASO,CE,Combined TRACON& Tower with Radar,152,84,25,17,278,0,3,5,2,10,152,87,30,19,288,0,0,0,288
09/09/2014,SDF,KY,ASO,CE,Combined TRACON& Tower with Radar,362,104,22,12,500,0,0,10,4,14,362,104,32,16,514,0,0,0,514
09/10/2014,SDF,KY,ASO,CE,Combined TRACON& Tower with Radar,361,94,33,2,490,0,4,9,0,13,361,98,42,2,503,0,0,0,503
09/11/2014,SDF,KY,ASO,CE,Combined TRACON& Tower with Radar,369,96,21,7,493,0,2,2,0,4,369,98,23,7,497,0,0,0,497
09/12/2014,SDF,KY,ASO,CE,Combined TRACON& Tower with Radar,308,100,25,6,439,0,0,3,0,3,308,100,28,6,442,0,0,0,442
09/13/2014,SDF,KY,ASO,CE,Combined TRACON& Tower with Radar,193,71,19,7,290,0,4,9,1,14,193,75,28,8,304,0,0,0,304
09/14/2014,SDF,KY,ASO,CE,Combined TRACON& Tower with Radar,125,72,20,4,221,0,9,9,0,18,125,81,29,4,239,0,0,0,239
09/15/2014,SDF,KY,ASO,CE,Combined TRACON& Tower with Radar,163,73,26,2,264,0,8,2,2,12,163,81,28,4,276,0,0,0,276
09/16/2014,SDF,KY,ASO,CE,Combined TRACON& Tower with Radar,369,109,38,5,521,0,2,4,2,8,369,111,42,7,529,0,0,0,529
09/17/2014,SDF,KY,ASO,CE,Combined TRACON& Tower with Radar,366,100,25,1,492,0,8,18,0,26,366,108,43,1,518,0,0,0,518
09/18/2014,SDF,KY,ASO,CE,Combined TRACON& Tower with Radar,379,102,30,1,512,0,0,3,0,3,379,102,33,1,515,0,0,0,515
09/19/2014,SDF,KY,ASO,CE,Combined TRACON& Tower with Radar,309,103,33,12,457,0,5,4,0,9,309,108,37,12,466,0,0,0,466
09/20/2014,SDF,KY,ASO,CE,Combined TRACON& Tower with Radar,202,66,12,8,288,0,0,19,3,22,202,66,31,11,310,0,0,0,310
09/21/2014,SDF,KY,ASO,CE,Combined TRACON& Tower with Radar,137,77,14,2,230,0,12,2,0,14,137,89,16,2,244,0,0,0,244
09/22/2014,SDF,KY,ASO,CE,Combined TRACON& Tower with Radar,158,86,17,0,261,0,6,2,0,8,158,92,19,0,269,10,0,10,279
09/23/2014,SDF,KY,ASO,CE,Combined TRACON& Tower with Radar,365,95,20,7,487,0,6,12,3,21,365,101,32,10,508,0,0,0,508
09/24/2014,SDF,KY,ASO,CE,Combined TRACON& Tower with Radar,351,97,30,4,482,0,0,11,2,13,351,97,41,6,495,0,0,0,495
09/25/2014,SDF,KY,ASO,CE,Combined TRACON& Tower with Radar,351,97,34,5,487,0,6,4,1,11,351,103,38,6,498,0,0,0,498
09/26/2014,SDF,KY,ASO,CE,Combined TRACON& Tower with Radar,315,95,28,15,453,0,3,2,2,7,315,98,30,17,460,0,0,0,460
09/27/2014,SDF,KY,ASO,CE,Combined TRACON& Tower with Radar,204,64,8,6,282,0,4,9,0,13,204,68,17,6,295,0,0,0,295
09/28/2014,SDF,KY,ASO,CE,Combined TRACON& Tower with Radar,132,73,17,7,229,0,6,4,1,11,132,79,21,8,240,0,0,0,240
09/29/2014,SDF,KY,ASO,CE,Combined TRACON& Tower with Radar,158,93,24,2,277,0,2,3,0,5,158,95,27,2,282,0,0,0,282
09/30/2014,SDF,KY,ASO,CE,Combined TRACON& Tower with Radar,363,104,21,4,492,0,6,7,1,14,363,110,28,5,506,0,0,0,506
10/01/2014,SDF,KY,ASO,CE,Combined TRACON& Tower with Radar,356,103,41,7,507,0,5,5,2,12,356,108,46,9,519,0,0,0,519
10/02/2014,SDF,KY,ASO,CE,Combined TRACON& Tower with Radar,341,104,31,10,486,1,4,7,4,16,342,108,38,14,502,0,0,0,502
10/03/2014,SDF,KY,ASO,CE,Combined TRACON& Tower with Radar,326,101,22,4,453,1,1,1,0,3,327,102,23,4,456,0,0,0,456
10/04/2014,SDF,KY,ASO,CE,Combined TRACON& Tower with Radar,197,75,11,7,290,0,7,4,2,13,197,82,15,9,303,0,0,0,303
10/05/2014,SDF,KY,ASO,CE,Combined TRACON& Tower with Radar,131,75,14,2,222,0,4,0,0,4,131,79,14,2,226,0,0,0,226
10/06/2014,SDF,KY,ASO,CE,Combined TRACON& Tower with Radar,153,86,20,0,259,0,0,0,0,0,153,86,20,0,259,0,0,0,259
10/07/2014,SDF,KY,ASO,CE,Combined TRACON& Tower with Radar,362,101,22,7,492,0,1,0,3,4,362,102,22,10,496,0,0,0,496
10/08/2014,SDF,KY,ASO,CE,Combined TRACON& Tower with Radar,346,100,28,6,480,0,4,7,4,15,346,104,35,10,495,0,0,0,495
10/09/2014,SDF,KY,ASO,CE,Combined TRACON& Tower with Radar,343,102,40,1,486,0,4,7,6,17,343,106,47,7,503,0,2,2,505
10/10/2014,SDF,KY,ASO,CE,Combined TRACON& Tower with Radar,303,93,22,0,418,0,1,0,0,1,303,94,22,0,419,0,0,0,419
10/11/2014,SDF,KY,ASO,CE,Combined TRACON& Tower with Radar,187,78,9,2,276,0,1,3,0,4,187,79,12,2,280,0,0,0,280
10/12/2014,SDF,KY,ASO,CE,Combined TRACON& Tower with Radar,123,78,11,4,216,0,4,8,0,12,123,82,19,4,228,0,0,0,228
10/13/2014,SDF,KY,ASO,CE,Combined TRACON& Tower with Radar,146,99,20,0,265,1,2,1,0,4,147,101,21,0,269,0,0,0,269
10/14/2014,SDF,KY,ASO,CE,Combined TRACON& Tower with Radar,358,100,18,0,476,0,4,0,0,4,358,104,18,0,480,0,0,0,480
10/15/2014,SDF,KY,ASO,CE,Combined TRACON& Tower with Radar,352,111,36,19,518,0,0,2,0,2,352,111,38,19,520,0,0,0,520
10/16/2014,SDF,KY,ASO,CE,Combined TRACON& Tower with Radar,357,116,25,15,513,0,1,3,11,15,357,117,28,26,528,0,2,2,530
10/17/2014,SDF,KY,ASO,CE,Combined TRACON& Tower with Radar,297,113,24,5,439,0,0,5,5,10,297,113,29,10,449,3,0,3,452
10/18/2014,SDF,KY,ASO,CE,Combined TRACON& Tower with Radar,190,79,11,1,281,0,4,7,4,15,190,83,18,5,296,0,0,0,296
10/19/2014,SDF,KY,ASO,CE,Combined TRACON& Tower with Radar,128,78,28,5,239,0,0,8,2,10,128,78,36,7,249,0,0,0,249
10/20/2014,SDF,KY,ASO,CE,Combined TRACON& Tower with Radar,158,85,32,4,279,0,0,2,3,5,158,85,34,7,284,0,0,0,284
10/21/2014,SDF,KY,ASO,CE,Combined TRACON& Tower with Radar,363,120,37,9,529,0,4,5,3,12,363,124,42,12,541,0,0,0,541
10/22/2014,SDF,KY,ASO,CE,Combined TRACON& Tower with Radar,366,111,37,9,523,0,0,6,3,9,366,111,43,12,532,0,0,0,532
10/23/2014,SDF,KY,ASO,CE,Combined TRACON& Tower with Radar,357,111,74,8,550,0,4,10,4,18,357,115,84,12,568,0,0,0,568
10/24/2014,SDF,KY,ASO,CE,Combined TRACON& Tower with Radar,309,109,41,5,464,0,5,8,0,13,309,114,49,5,477,0,0,0,477
10/25/2014,SDF,KY,ASO,CE,Combined TRACON& Tower with Radar,189,80,21,14,304,0,4,11,0,15,189,84,32,14,319,6,0,6,325
10/26/2014,SDF,KY,ASO,CE,Combined TRACON& Tower with Radar,134,65,22,6,227,0,6,12,0,18,134,71,34,6,245,0,0,0,245
10/27/2014,SDF,KY,ASO,CE,Combined TRACON& Tower with Radar,155,82,29,9,275,0,2,6,1,9,155,84,35,10,284,0,0,0,284
10/28/2014,SDF,KY,ASO,CE,Combined TRACON& Tower with Radar,366,95,33,6,500,0,0,0,3,3,366,95,33,9,503,0,0,0,503
10/29/2014,SDF,KY,ASO,CE,Combined TRACON& Tower with Radar,364,107,40,11,522,0,3,2,4,9,364,110,42,15,531,0,0,0,531
10/30/2014,SDF,KY,ASO,CE,Combined TRACON& Tower with Radar,349,99,58,12,518,0,9,18,4,31,349,108,76,16,549,0,0,0,549
10/31/2014,SDF,KY,ASO,CE,Combined TRACON& Tower with Radar,303,96,45,4,448,0,2,3,0,5,303,98,48,4,453,0,0,0,453
11/01/2014,SDF,KY,ASO,CE,Combined TRACON& Tower with Radar,195,63,8,2,268,0,0,5,0,5,195,63,13,2,273,20,0,20,293
11/02/2014,SDF,KY,ASO,CE,Combined TRACON& Tower with Radar,123,71,15,4,213,0,10,1,0,11,123,81,16,4,224,0,0,0,224
11/03/2014,SDF,KY,ASO,CE,Combined TRACON& Tower with Radar,158,80,15,6,259,0,0,7,0,7,158,80,22,6,266,0,0,0,266
11/04/2014,SDF,KY,ASO,CE,Combined TRACON& Tower with Radar,361,94,22,10,487,0,1,0,1,2,361,95,22,11,489,0,0,0,489
11/05/2014,SDF,KY,ASO,CE,Combined TRACON& Tower with Radar,351,88,46,12,497,0,0,0,0,0,351,88,46,12,497,0,0,0,497
11/06/2014,SDF,KY,ASO,CE,Combined TRACON& Tower with Radar,351,101,21,4,477,0,4,0,0,4,351,105,21,4,481,0,0,0,481
11/07/2014,SDF,KY,ASO,CE,Combined TRACON& Tower with Radar,315,95,20,8,438,0,5,3,0,8,315,100,23,8,446,0,0,0,446
11/08/2014,SDF,KY,ASO,CE,Combined TRACON& Tower with Radar,197,72,11,4,284,0,6,3,0,9,197,78,14,4,293,0,0,0,293
11/09/2014,SDF,KY,ASO,CE,Combined TRACON& Tower with Radar,135,69,23,1,228,0,0,8,0,8,135,69,31,1,236,0,0,0,236
11/10/2014,SDF,KY,ASO,CE,Combined TRACON& Tower with Radar,165,70,24,0,259,0,7,2,0,9,165,77,26,0,268,0,0,0,268
11/11/2014,SDF,KY,ASO,CE,Combined TRACON& Tower with Radar,368,81,26,3,478,0,2,0,0,2,368,83,26,3,480,0,0,0,480
11/12/2014,SDF,KY,ASO,CE,Combined TRACON& Tower with Radar,353,91,33,5,482,0,0,7,0,7,353,91,40,5,489,6,0,6,495
11/13/2014,SDF,KY,ASO,CE,Combined TRACON& Tower with Radar,350,92,25,9,476,0,10,12,6,28,350,102,37,15,504,0,0,0,504
11/14/2014,SDF,KY,ASO,CE,Combined TRACON& Tower with Radar,316,98,34,18,466,0,0,2,4,6,316,98,36,22,472,0,0,0,472
11/15/2014,SDF,KY,ASO,CE,Combined TRACON& Tower with Radar,201,71,15,6,293,0,0,18,4,22,201,71,33,10,315,0,0,0,315
11/16/2014,SDF,KY,ASO,CE,Combined TRACON& Tower with Radar,139,68,27,9,243,0,0,1,0,1,139,68,28,9,244,0,0,0,244
11/17/2014,SDF,KY,ASO,CE,Combined TRACON& Tower with Radar,149,69,28,3,249,0,0,2,0,2,149,69,30,3,251,0,0,0,251
11/18/2014,SDF,KY,ASO,CE,Combined TRACON& Tower with Radar,395,87,30,3,515,0,8,2,13,23,395,95,32,16,538,0,0,0,538
11/19/2014,SDF,KY,ASO,CE,Combined TRACON& Tower with Radar,379,88,38,15,520,0,6,3,9,18,379,94,41,24,538,0,0,0,538
11/20/2014,SDF,KY,ASO,CE,Combined TRACON& Tower with Radar,369,95,41,11,516,0,2,2,9,13,369,97,43,20,529,0,0,0,529
11/21/2014,SDF,KY,ASO,CE,Combined TRACON& Tower with Radar,324,97,22,10,453,0,4,7,0,11,324,101,29,10,464,0,0,0,464
11/22/2014,SDF,KY,ASO,CE,Combined TRACON& Tower with Radar,200,66,18,7,291,0,0,3,3,6,200,66,21,10,297,10,0,10,307
11/23/2014,SDF,KY,ASO,CE,Combined TRACON& Tower with Radar,134,63,10,2,209,0,0,1,0,1,134,63,11,2,210,0,0,0,210
11/24/2014,SDF,KY,ASO,CE,Combined TRACON& Tower with Radar,167,66,14,0,247,0,2,1,0,3,167,68,15,0,250,0,0,0,250
11/25/2014,SDF,KY,ASO,CE,Combined TRACON& Tower with Radar,448,100,36,4,588,0,0,5,1,6,448,100,41,5,594,0,0,0,594
11/26/2014,SDF,KY,ASO,CE,Combined TRACON& Tower with Radar,420,89,22,1,532,0,0,7,0,7,420,89,29,1,539,0,0,0,539
11/27/2014,SDF,KY,ASO,CE,Combined TRACON& Tower with Radar,182,38,8,0,228,0,2,0,0,2,182,40,8,0,230,0,0,0,230
11/28/2014,SDF,KY,ASO,CE,Combined TRACON& Tower with Radar,220,46,18,2,286,0,8,7,0,15,220,54,25,2,301,0,0,0,301
11/29/2014,SDF,KY,ASO,CE,Combined TRACON& Tower with Radar,207,92,21,2,322,0,4,1,0,5,207,96,22,2,327,0,0,0,327
11/30/2014,SDF,KY,ASO,CE,Combined TRACON& Tower with Radar,168,71,23,3,265,0,3,0,0,3,168,74,23,3,268,0,0,0,268
12/01/2014,SDF,KY,ASO,CE,Combined TRACON& Tower with Radar,191,79,43,5,318,0,0,0,0,0,191,79,43,5,318,0,0,0,318
12/02/2014,SDF,KY,ASO,CE,Combined TRACON& Tower with Radar,455,107,37,8,607,0,0,0,0,0,455,107,37,8,607,0,0,0,607
12/03/2014,SDF,KY,ASO,CE,Combined TRACON& Tower with Radar,450,97,54,1,602,0,2,0,2,4,450,99,54,3,606,0,0,0,606
12/04/2014,SDF,KY,ASO,CE,Combined TRACON& Tower with Radar,424,90,44,6,564,0,2,0,0,2,424,92,44,6,566,0,0,0,566
12/05/2014,SDF,KY,ASO,CE,Combined TRACON& Tower with Radar,359,98,14,20,491,0,0,0,0,0,359,98,14,20,491,0,0,0,491
12/06/2014,SDF,KY,ASO,CE,Combined TRACON& Tower with Radar,224,63,20,0,307,0,4,1,0,5,224,67,21,0,312,0,0,0,312
12/07/2014,SDF,KY,ASO,CE,Combined TRACON& Tower with Radar,164,60,23,1,248,0,3,11,0,14,164,63,34,1,262,0,0,0,262
12/08/2014,SDF,KY,ASO,CE,Combined TRACON& Tower with Radar,203,81,17,18,319,0,4,1,2,7,203,85,18,20,326,0,0,0,326
12/09/2014,SDF,KY,ASO,CE,Combined TRACON& Tower with Radar,470,92,35,12,609,0,0,0,0,0,470,92,35,12,609,0,0,0,609
12/10/2014,SDF,KY,ASO,CE,Combined TRACON& Tower with Radar,466,110,31,8,615,0,3,3,5,11,466,113,34,13,626,0,0,0,626
12/11/2014,SDF,KY,ASO,CE,Combined TRACON& Tower with Radar,441,99,29,7,576,0,0,7,8,15,441,99,36,15,591,0,0,0,591
12/12/2014,SDF,KY,ASO,CE,Combined TRACON& Tower with Radar,385,113,31,5,534,0,1,7,0,8,385,114,38,5,542,0,0,0,542
12/13/2014,SDF,KY,ASO,CE,Combined TRACON& Tower with Radar,222,65,11,3,301,0,4,5,2,11,222,69,16,5,312,0,0,0,312
12/14/2014,SDF,KY,ASO,CE,Combined TRACON& Tower with Radar,161,62,13,5,241,0,2,3,0,5,161,64,16,5,246,0,0,0,246
12/15/2014,SDF,KY,ASO,CE,Combined TRACON& Tower with Radar,220,85,22,4,331,0,1,2,0,3,220,86,24,4,334,0,0,0,334
12/16/2014,SDF,KY,ASO,CE,Combined TRACON& Tower with Radar,562,87,21,15,685,0,2,2,0,4,562,89,23,15,689,0,0,0,689
12/17/2014,SDF,KY,ASO,CE,Combined TRACON& Tower with Radar,564,95,19,9,687,0,4,7,2,13,564,99,26,11,700,0,0,0,700
12/18/2014,SDF,KY,ASO,CE,Combined TRACON& Tower with Radar,578,95,34,9,716,0,4,5,0,9,578,99,39,9,725,12,0,12,737
12/19/2014,SDF,KY,ASO,CE,Combined TRACON& Tower with Radar,512,89,20,2,623,0,0,2,6,8,512,89,22,8,631,0,6,6,637
12/20/2014,SDF,KY,ASO,CE,Combined TRACON& Tower with Radar,456,64,11,0,531,0,0,0,0,0,456,64,11,0,531,0,0,0,531
12/21/2014,SDF,KY,ASO,CE,Combined TRACON& Tower with Radar,398,61,3,0,462,0,0,11,0,11,398,61,14,0,473,0,0,0,473
12/22/2014,SDF,KY,ASO,CE,Combined TRACON& Tower with Radar,513,67,11,8,599,0,2,3,3,8,513,69,14,11,607,0,6,6,613
12/23/2014,SDF,KY,ASO,CE,Combined TRACON& Tower with Radar,661,80,15,2,758,0,0,0,0,0,661,80,15,2,758,0,0,0,758
12/24/2014,SDF,KY,ASO,CE,Combined TRACON& Tower with Radar,521,57,7,2,587,0,2,0,0,2,521,59,7,2,589,0,0,0,589
12/25/2014,SDF,KY,ASO,CE,Combined TRACON& Tower with Radar,168,28,4,0,200,0,1,1,0,2,168,29,5,0,202,0,0,0,202
12/26/2014,SDF,KY,ASO,CE,Combined TRACON& Tower with Radar,258,65,23,0,346,0,9,15,0,24,258,74,38,0,370,0,0,0,370
12/27/2014,SDF,KY,ASO,CE,Combined TRACON& Tower with Radar,223,74,24,0,321,0,0,3,0,3,223,74,27,0,324,4,0,4,328
12/28/2014,SDF,KY,ASO,CE,Combined TRACON& Tower with Radar,146,60,10,0,216,0,0,5,0,5,146,60,15,0,221,0,0,0,221
12/29/2014,SDF,KY,ASO,CE,Combined TRACON& Tower with Radar,201,61,16,0,278,0,4,9,0,13,201,65,25,0,291,0,0,0,291
12/30/2014,SDF,KY,ASO,CE,Combined TRACON& Tower with Radar,413,74,9,4,500,0,2,9,2,13,413,76,18,6,513,0,0,0,513
12/31/2014,SDF,KY,ASO,CE,Combined TRACON& Tower with Radar,405,56,8,0,469,0,2,6,0,8,405,58,14,0,477,0,0,0,477
01/01/2015,SDF,KY,ASO,CE,Combined TRACON& Tower with Radar,145,40,5,0,190,0,4,6,0,10,145,44,11,0,200,0,0,0,200
01/02/2015,SDF,KY,ASO,CE,Combined TRACON& Tower with Radar,231,71,15,0,317,0,2,10,0,12,231,73,25,0,329,0,0,0,329
01/03/2015,SDF,KY,ASO,CE,Combined TRACON& Tower with Radar,205,73,20,0,298,0,0,1,0,1,205,73,21,0,299,0,0,0,299
01/04/2015,SDF,KY,ASO,CE,Combined TRACON& Tower with Radar,136,61,18,0,215,0,2,0,0,2,136,63,18,0,217,0,0,0,217
01/05/2015,SDF,KY,ASO,CE,Combined TRACON& Tower with Radar,166,68,15,0,249,0,3,5,0,8,166,71,20,0,257,0,0,0,257
01/06/2015,SDF,KY,ASO,CE,Combined TRACON& Tower with Radar,373,80,17,6,476,0,4,3,5,12,373,84,20,11,488,0,0,0,488
01/07/2015,SDF,KY,ASO,CE,Combined TRACON& Tower with Radar,372,88,17,7,484,0,0,3,1,4,372,88,20,8,488,0,0,0,488
01/08/2015,SDF,KY,ASO,CE,Combined TRACON& Tower with Radar,355,86,16,5,462,0,2,4,6,12,355,88,20,11,474,0,0,0,474
01/09/2015,SDF,KY,ASO,CE,Combined TRACON& Tower with Radar,325,90,24,0,439,0,4,2,0,6,325,94,26,0,445,0,0,0,445
01/10/2015,SDF,KY,ASO,CE,Combined TRACON& Tower with Radar,204,71,9,4,288,0,3,14,2,19,204,74,23,6,307,0,0,0,307
01/11/2015,SDF,KY,ASO,CE,Combined TRACON& Tower with Radar,122,59,15,0,196,0,2,1,0,3,122,61,16,0,199,0,0,0,199
01/12/2015,SDF,KY,ASO,CE,Combined TRACON& Tower with Radar,153,65,33,5,256,0,0,1,0,1,153,65,34,5,257,0,0,0,257
01/13/2015,SDF,KY,ASO,CE,Combined TRACON& Tower with Radar,366,101,50,6,523,0,2,1,0,3,366,103,51,6,526,0,0,0,526
01/14/2015,SDF,KY,ASO,CE,Combined TRACON& Tower with Radar,365,109,29,9,512,0,0,1,1,2,365,109,30,10,514,0,0,0,514
01/15/2015,SDF,KY,ASO,CE,Combined TRACON& Tower with Radar,347,92,23,13,475,0,0,0,1,1,347,92,23,14,476,0,0,0,476
01/16/2015,SDF,KY,ASO,CE,Combined TRACON& Tower with Radar,296,89,27,4,416,0,2,7,1,10,296,91,34,5,426,0,0,0,426
01/17/2015,SDF,KY,ASO,CE,Combined TRACON& Tower with Radar,190,76,16,0,282,0,2,8,0,10,190,78,24,0,292,0,0,0,292
01/18/2015,SDF,KY,ASO,CE,Combined TRACON& Tower with Radar,119,46,9,2,176,0,4,5,0,9,119,50,14,2,185,0,0,0,185
01/19/2015,SDF,KY,ASO,CE,Combined TRACON& Tower with Radar,153,69,17,0,239,0,0,8,0,8,153,69,25,0,247,0,0,0,247
01/20/2015,SDF,KY,ASO,CE,Combined TRACON& Tower with Radar,343,85,28,3,459,0,1,8,0,9,343,86,36,3,468,0,0,0,468
01/21/2015,SDF,KY,ASO,CE,Combined TRACON& Tower with Radar,353,87,26,2,468,0,8,5,9,22,353,95,31,11,490,0,0,0,490
01/22/2015,SDF,KY,ASO,CE,Combined TRACON& Tower with Radar,343,108,36,15,502,0,2,3,6,11,343,110,39,21,513,0,0,0,513
01/23/2015,SDF,KY,ASO,CE,Combined TRACON& Tower with Radar,300,97,19,5,421,0,0,3,1,4,300,97,22,6,425,0,0,0,425
01/24/2015,SDF,KY,ASO,CE,Combined TRACON& Tower with Radar,190,62,9,2,263,0,2,5,0,7,190,64,14,2,270,0,0,0,270
01/25/2015,SDF,KY,ASO,CE,Combined TRACON& Tower with Radar,124,53,9,1,187,0,0,3,0,3,124,53,12,1,190,0,0,0,190
01/26/2015,SDF,KY,ASO,CE,Combined TRACON& Tower with Radar,146,57,12,3,218,0,0,2,0,2,146,57,14,3,220,0,0,0,220
01/27/2015,SDF,KY,ASO,CE,Combined TRACON& Tower with Radar,382,76,13,8,479,0,6,1,2,9,382,82,14,10,488,20,0,20,508
01/28/2015,SDF,KY,ASO,CE,Combined TRACON& Tower with Radar,349,89,20,8,466,0,1,4,10,15,349,90,24,18,481,0,0,0,481
01/29/2015,SDF,KY,ASO,CE,Combined TRACON& Tower with Radar,353,89,19,15,476,0,4,0,0,4,353,93,19,15,480,0,0,0,480
01/30/2015,SDF,KY,ASO,CE,Combined TRACON& Tower with Radar,310,94,14,4,422,0,2,9,3,14,310,96,23,7,436,0,0,0,436
01/31/2015,SDF,KY,ASO,CE,Combined TRACON& Tower with Radar,195,63,13,2,273,0,2,4,0,6,195,65,17,2,279,0,0,0,279
02/01/2015,SDF,KY,ASO,CE,Combined TRACON& Tower with Radar,113,42,15,4,174,0,0,0,0,0,113,42,15,4,174,0,0,0,174
02/02/2015,SDF,KY,ASO,CE,Combined TRACON& Tower with Radar,155,53,13,3,224,0,0,2,2,4,155,53,15,5,228,0,0,0,228
02/03/2015,SDF,KY,ASO,CE,Combined TRACON& Tower with Radar,356,94,21,5,476,0,0,12,6,18,356,94,33,11,494,8,0,8,502
02/04/2015,SDF,KY,ASO,CE,Combined TRACON& Tower with Radar,360,89,17,5,471,0,4,4,7,15,360,93,21,12,486,0,4,4,490
02/05/2015,SDF,KY,ASO,CE,Combined TRACON& Tower with Radar,353,86,24,10,473,0,2,6,5,13,353,88,30,15,486,0,0,0,486
02/06/2015,SDF,KY,ASO,CE,Combined TRACON& Tower with Radar,307,91,16,6,420,0,5,6,3,14,307,96,22,9,434,0,0,0,434
02/07/2015,SDF,KY,ASO,CE,Combined TRACON& Tower with Radar,195,60,6,2,263,0,4,8,0,12,195,64,14,2,275,0,0,0,275
02/08/2015,SDF,KY,ASO,CE,Combined TRACON& Tower with Radar,122,52,17,4,195,0,2,1,1,4,122,54,18,5,199,0,0,0,199
02/09/2015,SDF,KY,ASO,CE,Combined TRACON& Tower with Radar,150,60,29,2,241,0,0,3,2,5,150,60,32,4,246,0,0,0,246
02/10/2015,SDF,KY,ASO,CE,Combined TRACON& Tower with Radar,379,94,46,3,522,0,3,6,8,17,379,97,52,11,539,0,0,0,539
02/11/2015,SDF,KY,ASO,CE,Combined TRACON& Tower with Radar,362,93,49,6,510,0,0,1,5,6,362,93,50,11,516,0,0,0,516
02/12/2015,SDF,KY,ASO,CE,Combined TRACON& Tower with Radar,384,90,55,11,540,0,0,2,2,4,384,90,57,13,544,0,0,0,544
02/13/2015,SDF,KY,ASO,CE,Combined TRACON& Tower with Radar,362,95,43,2,502,0,2,5,0,7,362,97,48,2,509,0,0,0,509
02/14/2015,SDF,KY,ASO,CE,Combined TRACON& Tower with Radar,257,76,11,0,344,0,5,2,0,7,257,81,13,0,351,0,0,0,351
02/15/2015,SDF,KY,ASO,CE,Combined TRACON& Tower with Radar,130,55,25,2,212,0,4,7,0,11,130,59,32,2,223,0,0,0,223
02/16/2015,SDF,KY,ASO,CE,Combined TRACON& Tower with Radar,97,16,9,0,122,0,0,0,0,0,97,16,9,0,122,0,0,0,122
02/17/2015,SDF,KY,ASO,CE,Combined TRACON& Tower with Radar,363,79,33,1,476,0,2,2,0,4,363,81,35,1,480,0,0,0,480
02/18/2015,SDF,KY,ASO,CE,Combined TRACON& Tower with Radar,376,97,24,0,497,0,0,1,0,1,376,97,25,0,498,0,0,0,498
02/19/2015,SDF,KY,ASO,CE,Combined TRACON& Tower with Radar,368,90,18,1,477,0,2,6,1,9,368,92,24,2,486,1,0,1,487
02/20/2015,SDF,KY,ASO,CE,Combined TRACON& Tower with Radar,313,101,32,1,447,0,4,7,0,11,313,105,39,1,458,0,0,0,458
02/21/2015,SDF,KY,ASO,CE,Combined TRACON& Tower with Radar,201,59,3,1,264,0,0,0,0,0,201,59,3,1,264,0,0,0,264
02/22/2015,SDF,KY,ASO,CE,Combined TRACON& Tower with Radar,123,57,12,0,192,0,6,5,0,11,123,63,17,0,203,0,0,0,203
02/23/2015,SDF,KY,ASO,CE,Combined TRACON& Tower with Radar,145,80,28,0,253,0,2,2,0,4,145,82,30,0,257,0,0,0,257
02/24/2015,SDF,KY,ASO,CE,Combined TRACON& Tower with Radar,357,84,27,9,477,0,4,8,5,17,357,88,35,14,494,4,0,4,498
02/25/2015,SDF,KY,ASO,CE,Combined TRACON& Tower with Radar,374,104,23,13,514,0,3,4,7,14,374,107,27,20,528,0,0,0,528
02/26/2015,SDF,KY,ASO,CE,Combined TRACON& Tower with Radar,339,90,18,6,453,0,10,8,4,22,339,100,26,10,475,8,6,14,489
02/27/2015,SDF,KY,ASO,CE,Combined TRACON& Tower with Radar,317,94,19,8,438,0,0,3,0,3,317,94,22,8,441,0,0,0,441
02/28/2015,SDF,KY,ASO,CE,Combined TRACON& Tower with Radar,190,67,18,0,275,0,1,1,0,2,190,68,19,0,277,0,0,0,277
03/01/2015,SDF,KY,ASO,CE,Combined TRACON& Tower with Radar,116,58,11,0,185,0,0,0,0,0,116,58,11,0,185,0,0,0,185
03/02/2015,SDF,KY,ASO,CE,Combined TRACON& Tower with Radar,151,62,26,5,244,0,2,0,3,5,151,64,26,8,249,0,0,0,249
03/03/2015,SDF,KY,ASO,CE,Combined TRACON& Tower with Radar,362,87,21,4,474,0,2,0,0,2,362,89,21,4,476,0,0,0,476
03/04/2015,SDF,KY,ASO,CE,Combined TRACON& Tower with Radar,319,78,25,0,422,0,0,0,0,0,319,78,25,0,422,0,0,0,422
03/05/2015,SDF,KY,ASO,CE,Combined TRACON& Tower with Radar,227,46,17,0,290,0,2,4,0,6,227,48,21,0,296,0,0,0,296
03/06/2015,SDF,KY,ASO,CE,Combined TRACON& Tower with Radar,341,77,26,12,456,0,8,6,1,15,341,85,32,13,471,0,0,0,471
03/07/2015,SDF,KY,ASO,CE,Combined TRACON& Tower with Radar,213,65,24,6,308,0,2,4,1,7,213,67,28,7,315,0,0,0,315
03/08/2015,SDF,KY,ASO,CE,Combined TRACON& Tower with Radar,139,61,15,6,221,0,0,8,0,8,139,61,23,6,229,0,0,0,229
03/09/2015,SDF,KY,ASO,CE,Combined TRACON& Tower with Radar,162,75,14,4,255,0,2,5,0,7,162,77,19,4,262,8,0,8,270
03/10/2015,SDF,KY,ASO,CE,Combined TRACON& Tower with Radar,370,85,26,17,498,0,0,2,0,2,370,85,28,17,500,0,0,0,500
03/11/2015,SDF,KY,ASO,CE,Combined TRACON& Tower with Radar,361,105,27,10,503,0,2,7,7,16,361,107,34,17,519,0,3,3,522
03/12/2015,SDF,KY,ASO,CE,Combined TRACON& Tower with Radar,348,96,31,15,490,0,5,13,10,28,348,101,44,25,518,2,2,4,522
03/13/2015,SDF,KY,ASO,CE,Combined TRACON& Tower with Radar,306,90,18,9,423,0,0,0,4,4,306,90,18,13,427,0,0,0,427
03/14/2015,SDF,KY,ASO,CE,Combined TRACON& Tower with Radar,211,71,9,5,296,0,0,3,1,4,211,71,12,6,300,0,0,0,300
03/15/2015,SDF,KY,ASO,CE,Combined TRACON& Tower with Radar,132,59,14,7,212,0,6,5,0,11,132,65,19,7,223,0,0,0,223
03/16/2015,SDF,KY,ASO,CE,Combined TRACON& Tower with Radar,159,72,21,8,260,0,9,0,2,11,159,81,21,10,271,8,0,8,279
03/17/2015,SDF,KY,ASO,CE,Combined TRACON& Tower with Radar,370,86,27,3,486,0,0,4,6,10,370,86,31,9,496,0,0,0,496
03/18/2015,SDF,KY,ASO,CE,Combined TRACON& Tower with Radar,361,109,27,3,500,0,0,10,3,13,361,109,37,6,513,0,0,0,513
03/19/2015,SDF,KY,ASO,CE,Combined TRACON& Tower with Radar,352,105,57,5,519,0,0,1,5,6,352,105,58,10,525,0,0,0,525
03/20/2015,SDF,KY,ASO,CE,Combined TRACON& Tower with Radar,307,95,30,6,438,0,2,4,2,8,307,97,34,8,446,2,0,2,448
03/21/2015,SDF,KY,ASO,CE,Combined TRACON& Tower with Radar,216,69,18,3,306,0,0,10,1,11,216,69,28,4,317,0,0,0,317
03/22/2015,SDF,KY,ASO,CE,Combined TRACON& Tower with Radar,129,62,14,2,207,0,8,8,0,16,129,70,22,2,223,0,0,0,223
03/23/2015,SDF,KY,ASO,CE,Combined TRACON& Tower with Radar,161,80,18,9,268,0,3,4,0,7,161,83,22,9,275,0,0,0,275
03/24/2015,SDF,KY,ASO,CE,Combined TRACON& Tower with Radar,375,80,39,8,502,0,6,1,5,12,375,86,40,13,514,0,0,0,514
03/25/2015,SDF,KY,ASO,CE,Combined TRACON& Tower with Radar,365,93,67,19,544,0,5,4,2,11,365,98,71,21,555,0,0,0,555
03/26/2015,SDF,KY,ASO,CE,Combined TRACON& Tower with Radar,345,105,87,7,544,0,0,0,2,2,345,105,87,9,546,0,0,0,546
03/27/2015,SDF,KY,ASO,CE,Combined TRACON& Tower with Radar,319,107,61,4,491,0,1,7,2,10,319,108,68,6,501,14,0,14,515
03/28/2015,SDF,KY,ASO,CE,Combined TRACON& Tower with Radar,201,68,22,18,309,0,2,0,1,3,201,70,22,19,312,0,0,0,312
03/29/2015,SDF,KY,ASO,CE,Combined TRACON& Tower with Radar,137,66,16,7,226,0,4,7,0,11,137,70,23,7,237,0,0,0,237
03/30/2015,SDF,KY,ASO,CE,Combined TRACON& Tower with Radar,158,69,24,3,254,0,1,2,6,9,158,70,26,9,263,0,0,0,263
03/31/2015,SDF,KY,ASO,CE,Combined TRACON& Tower with Radar,379,78,21,7,485,0,2,4,9,15,379,80,25,16,500,0,0,0,500
04/01/2015,SDF,KY,ASO,CE,Combined TRACON& Tower with Radar,366,96,21,6,489,0,5,3,7,15,366,101,24,13,504,2,0,2,506
04/02/2015,SDF,KY,ASO,CE,Combined TRACON& Tower with Radar,341,91,24,3,459,0,0,5,0,5,341,91,29,3,464,0,0,0,464
04/03/2015,SDF,KY,ASO,CE,Combined TRACON& Tower with Radar,306,80,14,5,405,0,3,0,0,3,306,83,14,5,408,0,0,0,408
04/04/2015,SDF,KY,ASO,CE,Combined TRACON& Tower with Radar,203,61,9,0,273,0,4,1,5,10,203,65,10,5,283,0,0,0,283
04/05/2015,SDF,KY,ASO,CE,Combined TRACON& Tower with Radar,126,55,16,0,197,0,0,0,0,0,126,55,16,0,197,0,0,0,197
04/06/2015,SDF,KY,ASO,CE,Combined TRACON& Tower with Radar,148,72,26,11,257,0,1,2,0,3,148,73,28,11,260,0,0,0,260
04/07/2015,SDF,KY,ASO,CE,Combined TRACON& Tower with Radar,370,75,26,1,472,0,2,0,0,2,370,77,26,1,474,0,0,0,474
04/08/2015,SDF,KY,ASO,CE,Combined TRACON& Tower with Radar,359,76,17,2,454,0,3,1,1,5,359,79,18,3,459,0,0,0,459
04/09/2015,SDF,KY,ASO,CE,Combined TRACON& Tower with Radar,347,85,22,2,456,0,2,0,0,2,347,87,22,2,458,0,0,0,458
04/10/2015,SDF,KY,ASO,CE,Combined TRACON& Tower with Radar,308,96,25,4,433,0,0,1,2,3,308,96,26,6,436,0,0,0,436
04/11/2015,SDF,KY,ASO,CE,Combined TRACON& Tower with Radar,195,64,18,0,277,0,4,6,0,10,195,68,24,0,287,0,0,0,287
04/12/2015,SDF,KY,ASO,CE,Combined TRACON& Tower with Radar,130,58,23,3,214,0,4,2,1,7,130,62,25,4,221,0,0,0,221
04/13/2015,SDF,KY,ASO,CE,Combined TRACON& Tower with Radar,151,68,23,8,250,0,3,0,2,5,151,71,23,10,255,0,0,0,255
04/14/2015,SDF,KY,ASO,CE,Combined TRACON& Tower with Radar,374,73,39,6,492,0,1,1,0,2,374,74,40,6,494,0,2,2,496
04/15/2015,SDF,KY,ASO,CE,Combined TRACON& Tower with Radar,372,89,24,7,492,0,3,4,3,10,372,92,28,10,502,0,0,0,502
04/16/2015,SDF,KY,ASO,CE,Combined TRACON& Tower with Radar,361,91,34,12,498,0,3,1,3,7,361,94,35,15,505,0,0,0,505
04/17/2015,SDF,KY,ASO,CE,Combined TRACON& Tower with Radar,311,89,21,15,436,0,7,9,15,31,311,96,30,30,467,0,0,0,467
04/18/2015,SDF,KY,ASO,CE,Combined TRACON& Tower with Radar,194,64,8,7,273,1,8,6,10,25,195,72,14,17,298,0,0,0,298
04/19/2015,SDF,KY,ASO,CE,Combined TRACON& Tower with Radar,139,65,10,8,222,0,0,1,0,1,139,65,11,8,223,0,0,0,223
04/20/2015,SDF,KY,ASO,CE,Combined TRACON& Tower with Radar,153,79,27,3,262,0,0,3,1,4,153,79,30,4,266,0,0,0,266
04/21/2015,SDF,KY,ASO,CE,Combined TRACON& Tower with Radar,374,97,31,10,512,0,6,6,0,12,374,103,37,10,524,0,0,0,524
04/22/2015,SDF,KY,ASO,CE,Combined TRACON& Tower with Radar,353,77,42,8,480,0,2,0,1,3,353,79,42,9,483,0,0,0,483
04/23/2015,SDF,KY,ASO,CE,Combined TRACON& Tower with Radar,355,84,37,2,478,0,2,8,1,11,355,86,45,3,489,0,0,0,489
04/24/2015,SDF,KY,ASO,CE,Combined TRACON& Tower with Radar,306,96,47,9,458,0,5,3,0,8,306,101,50,9,466,0,0,0,466
04/25/2015,SDF,KY,ASO,CE,Combined TRACON& Tower with Radar,200,67,15,2,284,0,0,0,0,0,200,67,15,2,284,0,0,0,284
04/26/2015,SDF,KY,ASO,CE,Combined TRACON& Tower with Radar,135,70,30,3,238,0,4,5,0,9,135,74,35,3,247,0,0,0,247
04/27/2015,SDF,KY,ASO,CE,Combined TRACON& Tower with Radar,160,73,31,1,265,0,2,2,0,4,160,75,33,1,269,0,0,0,269
04/28/2015,SDF,KY,ASO,CE,Combined TRACON& Tower with Radar,374,82,33,5,494,0,2,15,2,19,374,84,48,7,513,10,2,12,525
04/29/2015,SDF,KY,ASO,CE,Combined TRACON& Tower with Radar,357,104,67,9,537,0,3,8,5,16,357,107,75,14,553,0,0,0,553
04/30/2015,SDF,KY,ASO,CE,Combined TRACON& Tower with Radar,378,197,225,5,805,0,2,15,1,18,378,199,240,6,823,0,0,0,823
05/01/2015,SDF,KY,ASO,CE,Combined TRACON& Tower with Radar,346,161,126,10,643,0,4,35,1,40,346,165,161,11,683,0,0,0,683
05/02/2015,SDF,KY,ASO,CE,Combined TRACON& Tower with Radar,199,176,177,2,554,0,3,44,2,49,199,179,221,4,603,0,0,0,603
05/03/2015,SDF,KY,ASO,CE,Combined TRACON& Tower with Radar,181,189,239,2,611,0,2,3,0,5,181,191,242,2,616,0,0,0,616
05/04/2015,SDF,KY,ASO,CE,Combined TRACON& Tower with Radar,165,64,34,3,266,0,6,9,0,15,165,70,43,3,281,0,0,0,281
05/05/2015,SDF,KY,ASO,CE,Combined TRACON& Tower with Radar,377,83,29,5,494,0,7,5,6,18,377,90,34,11,512,0,0,0,512
05/06/2015,SDF,KY,ASO,CE,Combined TRACON& Tower with Radar,381,100,41,8,530,0,5,8,1,14,381,105,49,9,544,0,0,0,544
05/07/2015,SDF,KY,ASO,CE,Combined TRACON& Tower with Radar,374,103,31,8,516,0,3,7,4,14,374,106,38,12,530,0,0,0,530
05/08/2015,SDF,KY,ASO,CE,Combined TRACON& Tower with Radar,358,90,29,7,484,0,4,2,2,8,358,94,31,9,492,0,0,0,492
05/09/2015,SDF,KY,ASO,CE,Combined TRACON& Tower with Radar,233,63,12,1,309,0,5,4,0,9,233,68,16,1,318,0,0,0,318
05/10/2015,SDF,KY,ASO,CE,Combined TRACON& Tower with Radar,129,64,17,0,210,0,0,0,0,0,129,64,17,0,210,0,0,0,210
05/11/2015,SDF,KY,ASO,CE,Combined TRACON& Tower with Radar,161,83,20,5,269,0,4,2,0,6,161,87,22,5,275,0,0,0,275
05/12/2015,SDF,KY,ASO,CE,Combined TRACON& Tower with Radar,375,98,20,15,508,0,5,6,5,16,375,103,26,20,524,6,2,8,532
05/13/2015,SDF,KY,ASO,CE,Combined TRACON& Tower with Radar,364,109,23,32,528,0,0,5,5,10,364,109,28,37,538,10,0,10,548
05/14/2015,SDF,KY,ASO,CE,Combined TRACON& Tower with Radar,353,108,31,16,508,0,3,13,7,23,353,111,44,23,531,18,1,19,550
05/15/2015,SDF,KY,ASO,CE,Combined TRACON& Tower with Radar,321,104,17,12,454,0,3,9,0,12,321,107,26,12,466,0,0,0,466
05/16/2015,SDF,KY,ASO,CE,Combined TRACON& Tower with Radar,200,74,10,10,294,0,0,0,0,0,200,74,10,10,294,0,0,0,294
05/17/2015,SDF,KY,ASO,CE,Combined TRACON& Tower with Radar,135,62,15,5,217,0,3,2,9,14,135,65,17,14,231,0,0,0,231
05/18/2015,SDF,KY,ASO,CE,Combined TRACON& Tower with Radar,152,77,24,3,256,0,4,2,5,11,152,81,26,8,267,0,0,0,267
05/19/2015,SDF,KY,ASO,CE,Combined TRACON& Tower with Radar,366,113,30,3,512,0,3,0,0,3,366,116,30,3,515,0,0,0,515
05/20/2015,SDF,KY,ASO,CE,Combined TRACON& Tower with Radar,356,101,21,7,485,0,6,2,1,9,356,107,23,8,494,0,4,4,498
05/21/2015,SDF,KY,ASO,CE,Combined TRACON& Tower with Radar,358,98,35,8,499,0,8,13,0,21,358,106,48,8,520,18,2,20,540
05/22/2015,SDF,KY,ASO,CE,Combined TRACON& Tower with Radar,313,99,30,4,446,0,3,12,4,19,313,102,42,8,465,10,0,10,475
05/23/2015,SDF,KY,ASO,CE,Combined TRACON& Tower with Radar,203,64,14,0,281,0,1,7,0,8,203,65,21,0,289,0,0,0,289
05/24/2015,SDF,KY,ASO,CE,Combined TRACON& Tower with Radar,115,40,15,0,170,0,2,6,0,8,115,42,21,0,178,0,0,0,178
05/25/2015,SDF,KY,ASO,CE,Combined TRACON& Tower with Radar,105,67,18,2,192,0,7,3,0,10,105,74,21,2,202,8,0,8,210
05/26/2015,SDF,KY,ASO,CE,Combined TRACON& Tower with Radar,229,86,17,12,344,0,2,2,0,4,229,88,19,12,348,0,0,0,348
05/27/2015,SDF,KY,ASO,CE,Combined TRACON& Tower with Radar,392,85,21,9,507,0,0,2,2,4,392,85,23,11,511,0,0,0,511
05/28/2015,SDF,KY,ASO,CE,Combined TRACON& Tower with Radar,383,98,20,4,505,0,2,3,2,7,383,100,23,6,512,0,0,0,512
05/29/2015,SDF,KY,ASO,CE,Combined TRACON& Tower with Radar,334,95,25,7,461,0,5,7,0,12,334,100,32,7,473,12,0,12,485
05/30/2015,SDF,KY,ASO,CE,Combined TRACON& Tower with Radar,201,69,7,2,279,0,3,4,0,7,201,72,11,2,286,0,0,0,286
05/31/2015,SDF,KY,ASO,CE,Combined TRACON& Tower with Radar,136,60,10,1,207,0,3,1,0,4,136,63,11,1,211,0,0,0,211
06/01/2015,SDF,KY,ASO,CE,Combined TRACON& Tower with Radar,150,70,42,3,265,0,1,0,0,1,150,71,42,3,266,0,0,0,266
06/02/2015,SDF,KY,ASO,CE,Combined TRACON& Tower with Radar,382,97,23,7,509,0,2,2,2,6,382,99,25,9,515,0,0,0,515
06/03/2015,SDF,KY,ASO,CE,Combined TRACON& Tower with Radar,367,94,32,8,501,0,3,15,6,24,367,97,47,14,525,2,2,4,529
06/04/2015,SDF,KY,ASO,CE,Combined TRACON& Tower with Radar,375,78,18,8,479,0,3,4,6,13,375,81,22,14,492,0,0,0,492
06/05/2015,SDF,KY,ASO,CE,Combined TRACON& Tower with Radar,323,83,27,2,435,0,0,3,3,6,323,83,30,5,441,0,0,0,441
06/06/2015,SDF,KY,ASO,CE,Combined TRACON& Tower with Radar,209,73,13,1,296,0,5,19,1,25,209,78,32,2,321,0,0,0,321
06/07/2015,SDF,KY,ASO,CE,Combined TRACON& Tower with Radar,147,56,19,4,226,0,1,7,1,9,147,57,26,5,235,0,0,0,235
06/08/2015,SDF,KY,ASO,CE,Combined TRACON& Tower with Radar,164,59,22,4,249,0,1,4,0,5,164,60,26,4,254,0,0,0,254
06/09/2015,SDF,KY,ASO,CE,Combined TRACON& Tower with Radar,406,76,40,11,533,0,2,4,2,8,406,78,44,13,541,0,0,0,541
06/10/2015,SDF,KY,ASO,CE,Combined TRACON& Tower with Radar,377,75,29,3,484,0,3,6,1,10,377,78,35,4,494,0,0,0,494
06/11/2015,SDF,KY,ASO,CE,Combined TRACON& Tower with Radar,379,86,29,7,501,0,5,19,12,36,379,91,48,19,537,0,0,0,537
06/12/2015,SDF,KY,ASO,CE,Combined TRACON& Tower with Radar,323,83,27,11,444,0,5,0,13,18,323,88,27,24,462,0,0,0,462
06/13/2015,SDF,KY,ASO,CE,Combined TRACON& Tower with Radar,226,72,19,6,323,0,6,8,0,14,226,78,27,6,337,0,0,0,337
06/14/2015,SDF,KY,ASO,CE,Combined TRACON& Tower with Radar,152,52,14,10,228,0,1,3,0,4,152,53,17,10,232,0,0,0,232
06/15/2015,SDF,KY,ASO,CE,Combined TRACON& Tower with Radar,169,59,17,3,248,0,1,4,0,5,169,60,21,3,253,0,0,0,253
06/16/2015,SDF,KY,ASO,CE,Combined TRACON& Tower with Radar,398,73,22,1,494,0,0,6,0,6,398,73,28,1,500,1,0,1,501
06/17/2015,SDF,KY,ASO,CE,Combined TRACON& Tower with Radar,385,83,24,4,496,0,2,5,1,8,385,85,29,5,504,0,0,0,504
06/18/2015,SDF,KY,ASO,CE,Combined TRACON& Tower with Radar,371,82,22,3,478,0,4,16,3,23,371,86,38,6,501,0,0,0,501
06/19/2015,SDF,KY,ASO,CE,Combined TRACON& Tower with Radar,355,82,34,1,472,0,5,1,0,6,355,87,35,1,478,2,0,2,480
06/20/2015,SDF,KY,ASO,CE,Combined TRACON& Tower with Radar,217,75,10,3,305,0,0,4,0,4,217,75,14,3,309,0,0,0,309
06/21/2015,SDF,KY,ASO,CE,Combined TRACON& Tower with Radar,145,68,14,5,232,0,0,4,0,4,145,68,18,5,236,0,0,0,236
06/22/2015,SDF,KY,ASO,CE,Combined TRACON& Tower with Radar,180,65,27,3,275,0,4,7,1,12,180,69,34,4,287,0,0,0,287
06/23/2015,SDF,KY,ASO,CE,Combined TRACON& Tower with Radar,395,78,25,4,502,0,0,7,1,8,395,78,32,5,510,0,0,0,510
06/24/2015,SDF,KY,ASO,CE,Combined TRACON& Tower with Radar,383,80,26,1,490,0,3,17,4,24,383,83,43,5,514,0,0,0,514
06/25/2015,SDF,KY,ASO,CE,Combined TRACON& Tower with Radar,379,93,38,3,513,0,4,8,2,14,379,97,46,5,527,0,0,0,527
06/26/2015,SDF,KY,ASO,CE,Combined TRACON& Tower with Radar,329,86,21,2,438,0,5,2,0,7,329,91,23,2,445,0,0,0,445
06/27/2015,SDF,KY,ASO,CE,Combined TRACON& Tower with Radar,236,75,13,6,330,0,0,0,0,0,236,75,13,6,330,0,0,0,330
06/28/2015,SDF,KY,ASO,CE,Combined TRACON& Tower with Radar,144,63,19,1,227,0,2,8,0,10,144,65,27,1,237,0,0,0,237
06/29/2015,SDF,KY,ASO,CE,Combined TRACON& Tower with Radar,181,63,21,1,266,0,5,6,2,13,181,68,27,3,279,0,0,0,279
06/30/2015,SDF,KY,ASO,CE,Combined TRACON& Tower with Radar,398,73,36,6,513,4,0,1,4,9,402,73,37,10,522,0,0,0,522
07/01/2015,SDF,KY,ASO,CE,Combined TRACON& Tower with Radar,388,79,31,2,500,0,0,3,12,15,388,79,34,14,515,0,0,0,515
07/02/2015,SDF,KY,ASO,CE,Combined TRACON& Tower with Radar,390,89,17,3,499,0,2,2,2,6,390,91,19,5,505,8,5,13,518
07/03/2015,SDF,KY,ASO,CE,Combined TRACON& Tower with Radar,306,59,3,0,368,0,0,0,0,0,306,59,3,0,368,0,0,0,368
07/04/2015,SDF,KY,ASO,CE,Combined TRACON& Tower with Radar,98,41,4,1,144,0,10,5,4,19,98,51,9,5,163,0,0,0,163
07/05/2015,SDF,KY,ASO,CE,Combined TRACON& Tower with Radar,146,53,18,2,219,0,4,5,0,9,146,57,23,2,228,0,0,0,228
07/06/2015,SDF,KY,ASO,CE,Combined TRACON& Tower with Radar,181,64,16,0,261,0,2,0,2,4,181,66,16,2,265,0,0,0,265
07/07/2015,SDF,KY,ASO,CE,Combined TRACON& Tower with Radar,392,72,10,2,476,0,0,2,0,2,392,72,12,2,478,0,0,0,478
07/08/2015,SDF,KY,ASO,CE,Combined TRACON& Tower with Radar,387,75,22,24,508,0,2,0,10,12,387,77,22,34,520,0,24,24,544
07/09/2015,SDF,KY,ASO,CE,Combined TRACON& Tower with Radar,378,73,24,12,487,0,3,4,14,21,378,76,28,26,508,0,0,0,508
07/10/2015,SDF,KY,ASO,CE,Combined TRACON& Tower with Radar,332,79,17,3,431,0,2,11,7,20,332,81,28,10,451,0,0,0,451
07/11/2015,SDF,KY,ASO,CE,Combined TRACON& Tower with Radar,220,80,22,4,326,0,2,6,4,12,220,82,28,8,338,0,0,0,338
07/12/2015,SDF,KY,ASO,CE,Combined TRACON& Tower with Radar,144,59,18,5,226,0,1,7,1,9,144,60,25,6,235,0,0,0,235
07/13/2015,SDF,KY,ASO,CE,Combined TRACON& Tower with Radar,168,58,19,1,246,0,0,1,0,1,168,58,20,1,247,0,0,0,247
07/14/2015,SDF,KY,ASO,CE,Combined TRACON& Tower with Radar,397,80,14,3,494,0,2,5,7,14,397,82,19,10,508,0,0,0,508
07/15/2015,SDF,KY,ASO,CE,Combined TRACON& Tower with Radar,394,80,29,6,509,0,5,9,2,16,394,85,38,8,525,0,0,0,525
07/16/2015,SDF,KY,ASO,CE,Combined TRACON& Tower with Radar,407,87,31,6,531,0,6,4,2,12,407,93,35,8,543,0,0,0,543
07/17/2015,SDF,KY,ASO,CE,Combined TRACON& Tower with Radar,347,79,16,7,449,0,8,11,11,30,347,87,27,18,479,0,0,0,479
07/18/2015,SDF,KY,ASO,CE,Combined TRACON& Tower with Radar,237,73,16,12,338,0,3,8,2,13,237,76,24,14,351,0,0,0,351
07/19/2015,SDF,KY,ASO,CE,Combined TRACON& Tower with Radar,148,61,21,3,233,0,3,15,2,20,148,64,36,5,253,0,0,0,253
07/20/2015,SDF,KY,ASO,CE,Combined TRACON& Tower with Radar,181,65,32,4,282,0,1,4,7,12,181,66,36,11,294,0,0,0,294
07/21/2015,SDF,KY,ASO,CE,Combined TRACON& Tower with Radar,403,89,23,13,528,0,2,9,4,15,403,91,32,17,543,0,0,0,543
07/22/2015,SDF,KY,ASO,CE,Combined TRACON& Tower with Radar,387,95,34,6,522,0,1,6,3,10,387,96,40,9,532,0,0,0,532
07/23/2015,SDF,KY,ASO,CE,Combined TRACON& Tower with Radar,380,94,32,4,510,0,5,42,4,51,380,99,74,8,561,0,0,0,561
07/24/2015,SDF,KY,ASO,CE,Combined TRACON& Tower with Radar,324,80,32,18,454,0,2,9,6,17,324,82,41,24,471,0,0,0,471
07/25/2015,SDF,KY,ASO,CE,Combined TRACON& Tower with Radar,213,72,20,9,314,0,7,12,2,21,213,79,32,11,335,20,0,20,355
07/26/2015,SDF,KY,ASO,CE,Combined TRACON& Tower with Radar,143,56,19,1,219,0,3,17,3,23,143,59,36,4,242,0,0,0,242
07/27/2015,SDF,KY,ASO,CE,Combined TRACON& Tower with Radar,178,63,18,4,263,0,2,1,4,7,178,65,19,8,270,0,0,0,270
07/28/2015,SDF,KY,ASO,CE,Combined TRACON& Tower with Radar,409,82,31,5,527,0,5,8,8,21,409,87,39,13,548,0,0,0,548
07/29/2015,SDF,KY,ASO,CE,Combined TRACON& Tower with Radar,383,89,37,14,523,0,4,10,2,16,383,93,47,16,539,0,0,0,539
07/30/2015,SDF,KY,ASO,CE,Combined TRACON& Tower with Radar,383,70,42,12,507,0,1,4,15,20,383,71,46,27,527,0,0,0,527
07/31/2015,SDF,KY,ASO,CE,Combined TRACON& Tower with Radar,330,94,19,4,447,0,1,3,9,13,330,95,22,13,460,0,0,0,460
08/01/2015,SDF,KY,ASO,CE,Combined TRACON& Tower with Radar,213,83,13,0,309,0,5,19,4,28,213,88,32,4,337,12,0,12,349
08/02/2015,SDF,KY,ASO,CE,Combined TRACON& Tower with Radar,145,52,12,6,215,0,5,7,0,12,145,57,19,6,227,0,0,0,227
08/03/2015,SDF,KY,ASO,CE,Combined TRACON& Tower with Radar,183,68,34,3,288,0,4,7,0,11,183,72,41,3,299,0,0,0,299
08/04/2015,SDF,KY,ASO,CE,Combined TRACON& Tower with Radar,396,81,43,5,525,0,0,6,6,12,396,81,49,11,537,0,0,0,537
08/05/2015,SDF,KY,ASO,CE,Combined TRACON& Tower with Radar,391,80,29,10,510,0,0,8,11,19,391,80,37,21,529,2,0,2,531
08/06/2015,SDF,KY,ASO,CE,Combined TRACON& Tower with Radar,376,77,43,10,506,0,3,0,2,5,376,80,43,12,511,0,0,0,511
08/07/2015,SDF,KY,ASO,CE,Combined TRACON& Tower with Radar,335,95,31,10,471,0,2,30,7,39,335,97,61,17,510,0,0,0,510
08/08/2015,SDF,KY,ASO,CE,Combined TRACON& Tower with Radar,214,73,14,17,318,0,3,24,8,35,214,76,38,25,353,0,0,0,353
08/09/2015,SDF,KY,ASO,CE,Combined TRACON& Tower with Radar,139,63,27,7,236,0,5,5,7,17,139,68,32,14,253,0,0,0,253
08/10/2015,SDF,KY,ASO,CE,Combined TRACON& Tower with Radar,170,68,19,1,258,0,4,0,0,4,170,72,19,1,262,0,0,0,262
08/11/2015,SDF,KY,ASO,CE,Combined TRACON& Tower with Radar,401,74,38,5,518,0,2,11,4,17,401,76,49,9,535,0,0,0,535
08/12/2015,SDF,KY,ASO,CE,Combined TRACON& Tower with Radar,388,81,27,5,501,0,1,19,1,21,388,82,46,6,522,0,0,0,522
08/13/2015,SDF,KY,ASO,CE,Combined TRACON& Tower with Radar,377,75,26,11,489,0,0,13,5,18,377,75,39,16,507,42,12,54,561
08/14/2015,SDF,KY,ASO,CE,Combined TRACON& Tower with Radar,332,81,24,19,456,0,1,9,5,15,332,82,33,24,471,18,2,20,491
08/15/2015,SDF,KY,ASO,CE,Combined TRACON& Tower with Radar,198,74,11,21,304,0,3,7,14,24,198,77,18,35,328,0,0,0,328
08/16/2015,SDF,KY,ASO,CE,Combined TRACON& Tower with Radar,133,55,14,5,207,0,7,13,3,23,133,62,27,8,230,0,0,0,230
08/17/2015,SDF,KY,ASO,CE,Combined TRACON& Tower with Radar,181,62,26,5,274,0,1,5,0,6,181,63,31,5,280,0,0,0,280
08/18/2015,SDF,KY,ASO,CE,Combined TRACON& Tower with Radar,393,93,36,1,523,0,2,5,6,13,393,95,41,7,536,0,0,0,536
08/19/2015,SDF,KY,ASO,CE,Combined TRACON& Tower with Radar,375,76,18,12,481,0,0,5,2,7,375,76,23,14,488,0,0,0,488
08/20/2015,SDF,KY,ASO,CE,Combined TRACON& Tower with Radar,384,83,27,7,501,0,2,10,5,17,384,85,37,12,518,0,0,0,518
08/21/2015,SDF,KY,ASO,CE,Combined TRACON& Tower with Radar,323,83,34,5,445,0,3,5,2,10,323,86,39,7,455,0,0,0,455
08/22/2015,SDF,KY,ASO,CE,Combined TRACON& Tower with Radar,194,56,15,6,271,0,9,12,0,21,194,65,27,6,292,0,0,0,292
08/23/2015,SDF,KY,ASO,CE,Combined TRACON& Tower with Radar,142,55,21,3,221,0,0,5,1,6,142,55,26,4,227,0,0,0,227
08/24/2015,SDF,KY,ASO,CE,Combined TRACON& Tower with Radar,168,63,22,1,254,0,3,8,2,13,168,66,30,3,267,0,0,0,267
08/25/2015,SDF,KY,ASO,CE,Combined TRACON& Tower with Radar,399,73,40,8,520,0,1,9,10,20,399,74,49,18,540,18,0,18,558
08/26/2015,SDF,KY,ASO,CE,Combined TRACON& Tower with Radar,397,83,31,6,517,0,4,7,6,17,397,87,38,12,534,16,4,20,554
08/27/2015,SDF,KY,ASO,CE,Combined TRACON& Tower with Radar,375,84,42,3,504,0,4,17,9,30,375,88,59,12,534,0,0,0,534
08/28/2015,SDF,KY,ASO,CE,Combined TRACON& Tower with Radar,327,80,33,8,448,0,6,4,2,12,327,86,37,10,460,0,0,0,460
08/29/2015,SDF,KY,ASO,CE,Combined TRACON& Tower with Radar,204,61,17,13,295,0,5,9,1,15,204,66,26,14,310,2,0,2,312
08/30/2015,SDF,KY,ASO,CE,Combined TRACON& Tower with Radar,143,57,28,6,234,0,1,5,5,11,143,58,33,11,245,0,0,0,245
08/31/2015,SDF,KY,ASO,CE,Combined TRACON& Tower with Radar,173,56,15,6,250,0,0,5,0,5,173,56,20,6,255,0,0,0,255
09/01/2015,SDF,KY,ASO,CE,Combined TRACON& Tower with Radar,390,73,19,8,490,0,4,2,4,10,390,77,21,12,500,1,0,1,501
09/02/2015,SDF,KY,ASO,CE,Combined TRACON& Tower with Radar,398,86,24,4,512,0,1,6,5,12,398,87,30,9,524,0,0,0,524
09/03/2015,SDF,KY,ASO,CE,Combined TRACON& Tower with Radar,382,82,30,6,500,0,8,11,2,21,382,90,41,8,521,0,0,0,521
09/04/2015,SDF,KY,ASO,CE,Combined TRACON& Tower with Radar,328,84,21,1,434,0,4,2,8,14,328,88,23,9,448,0,0,0,448
09/05/2015,SDF,KY,ASO,CE,Combined TRACON& Tower with Radar,204,57,12,0,273,0,4,10,2,16,204,61,22,2,289,0,0,0,289
09/06/2015,SDF,KY,ASO,CE,Combined TRACON& Tower with Radar,92,31,3,0,126,0,5,6,0,11,92,36,9,0,137,0,0,0,137
09/07/2015,SDF,KY,ASO,CE,Combined TRACON& Tower with Radar,102,53,16,1,172,0,4,12,13,29,102,57,28,14,201,22,0,22,223
09/08/2015,SDF,KY,ASO,CE,Combined TRACON& Tower with Radar,243,76,47,5,371,0,0,3,4,7,243,76,50,9,378,0,0,0,378
09/09/2015,SDF,KY,ASO,CE,Combined TRACON& Tower with Radar,428,71,32,10,541,0,1,6,4,11,428,72,38,14,552,6,0,6,558
09/10/2015,SDF,KY,ASO,CE,Combined TRACON& Tower with Radar,424,87,33,13,557,0,3,21,13,37,424,90,54,26,594,22,20,42,636
09/11/2015,SDF,KY,ASO,CE,Combined TRACON& Tower with Radar,343,73,25,16,457,0,2,6,5,13,343,75,31,21,470,0,0,0,470
09/12/2015,SDF,KY,ASO,CE,Combined TRACON& Tower with Radar,200,53,18,6,277,0,3,2,8,13,200,56,20,14,290,6,16,22,312
09/13/2015,SDF,KY,ASO,CE,Combined TRACON& Tower with Radar,137,60,19,10,226,0,2,4,2,8,137,62,23,12,234,0,0,0,234
09/14/2015,SDF,KY,ASO,CE,Combined TRACON& Tower with Radar,167,63,27,3,260,0,0,9,0,9,167,63,36,3,269,0,0,0,269
09/15/2015,SDF,KY,ASO,CE,Combined TRACON& Tower with Radar,394,79,52,5,530,0,0,7,3,10,394,79,59,8,540,0,0,0,540
09/16/2015,SDF,KY,ASO,CE,Combined TRACON& Tower with Radar,378,81,46,6,511,0,4,2,4,10,378,85,48,10,521,0,0,0,521
09/17/2015,SDF,KY,ASO,CE,Combined TRACON& Tower with Radar,364,101,53,9,527,0,9,18,7,34,364,110,71,16,561,0,0,0,561
09/18/2015,SDF,KY,ASO,CE,Combined TRACON& Tower with Radar,313,91,52,16,472,0,7,6,4,17,313,98,58,20,489,0,0,0,489
09/19/2015,SDF,KY,ASO,CE,Combined TRACON& Tower with Radar,192,61,8,8,269,0,1,4,4,9,192,62,12,12,278,0,0,0,278
09/20/2015,SDF,KY,ASO,CE,Combined TRACON& Tower with Radar,133,57,22,1,213,0,7,3,4,14,133,64,25,5,227,0,0,0,227
09/21/2015,SDF,KY,ASO,CE,Combined TRACON& Tower with Radar,169,88,37,3,297,0,3,5,2,10,169,91,42,5,307,0,0,0,307
09/22/2015,SDF,KY,ASO,CE,Combined TRACON& Tower with Radar,389,84,24,6,503,0,1,11,5,17,389,85,35,11,520,6,0,6,526
09/23/2015,SDF,KY,ASO,CE,Combined TRACON& Tower with Radar,386,88,20,10,504,0,10,0,6,16,386,98,20,16,520,0,2,2,522
09/24/2015,SDF,KY,ASO,CE,Combined TRACON& Tower with Radar,402,86,17,6,511,0,9,4,14,27,402,95,21,20,538,0,0,0,538
09/25/2015,SDF,KY,ASO,CE,Combined TRACON& Tower with Radar,340,89,33,10,472,0,5,0,0,5,340,94,33,10,477,0,0,0,477
09/26/2015,SDF,KY,ASO,CE,Combined TRACON& Tower with Radar,211,62,21,1,295,0,3,6,0,9,211,65,27,1,304,0,0,0,304
09/27/2015,SDF,KY,ASO,CE,Combined TRACON& Tower with Radar,141,68,24,1,234,0,7,7,6,20,141,75,31,7,254,0,0,0,254
09/28/2015,SDF,KY,ASO,CE,Combined TRACON& Tower with Radar,173,78,51,2,304,0,8,4,0,12,173,86,55,2,316,22,0,22,338
09/29/2015,SDF,KY,ASO,CE,Combined TRACON& Tower with Radar,394,82,41,5,522,0,0,1,0,1,394,82,42,5,523,0,0,0,523
09/30/2015,SDF,KY,ASO,CE,Combined TRACON& Tower with Radar,392,100,68,1,561,0,1,3,1,5,392,101,71,2,566,0,0,0,566
10/01/2015,SDF,KY,ASO,CE,Combined TRACON& Tower with Radar,390,93,42,3,528,0,0,1,1,2,390,93,43,4,530,0,0,0,530
10/02/2015,SDF,KY,ASO,CE,Combined TRACON& Tower with Radar,332,89,20,4,445,0,2,3,0,5,332,91,23,4,450,0,0,0,450
10/03/2015,SDF,KY,ASO,CE,Combined TRACON& Tower with Radar,207,69,7,2,285,0,0,0,6,6,207,69,7,8,291,0,0,0,291
10/04/2015,SDF,KY,ASO,CE,Combined TRACON& Tower with Radar,134,64,13,2,213,0,2,2,4,8,134,66,15,6,221,0,0,0,221
10/05/2015,SDF,KY,ASO,CE,Combined TRACON& Tower with Radar,171,68,22,5,266,0,10,5,1,16,171,78,27,6,282,0,0,0,282
10/06/2015,SDF,KY,ASO,CE,Combined TRACON& Tower with Radar,404,81,10,3,498,0,1,7,11,19,404,82,17,14,517,6,0,6,523
10/07/2015,SDF,KY,ASO,CE,Combined TRACON& Tower with Radar,384,95,40,8,527,0,4,0,8,12,384,99,40,16,539,0,0,0,539
10/08/2015,SDF,KY,ASO,CE,Combined TRACON& Tower with Radar,378,87,30,6,501,0,2,1,6,9,378,89,31,12,510,6,0,6,516
10/09/2015,SDF,KY,ASO,CE,Combined TRACON& Tower with Radar,328,90,21,1,440,0,1,1,0,2,328,91,22,1,442,0,0,0,442
10/10/2015,SDF,KY,ASO,CE,Combined TRACON& Tower with Radar,205,62,16,0,283,0,2,7,2,11,205,64,23,2,294,4,0,4,298
10/11/2015,SDF,KY,ASO,CE,Combined TRACON& Tower with Radar,139,63,16,1,219,0,4,13,7,24,139,67,29,8,243,0,0,0,243
10/12/2015,SDF,KY,ASO,CE,Combined TRACON& Tower with Radar,167,63,18,1,249,0,8,1,4,13,167,71,19,5,262,0,0,0,262
10/13/2015,SDF,KY,ASO,CE,Combined TRACON& Tower with Radar,387,84,37,1,509,0,2,5,7,14,387,86,42,8,523,0,0,0,523
10/14/2015,SDF,KY,ASO,CE,Combined TRACON& Tower with Radar,377,84,35,5,501,0,5,3,6,14,377,89,38,11,515,0,5,5,520
10/15/2015,SDF,KY,ASO,CE,Combined TRACON& Tower with Radar,373,80,27,5,485,0,0,3,7,10,373,80,30,12,495,0,0,0,495
10/16/2015,SDF,KY,ASO,CE,Combined TRACON& Tower with Radar,325,93,21,13,452,0,5,0,1,6,325,98,21,14,458,0,0,0,458
10/17/2015,SDF,KY,ASO,CE,Combined TRACON& Tower with Radar,207,55,22,7,291,0,4,4,5,13,207,59,26,12,304,0,0,0,304
10/18/2015,SDF,KY,ASO,CE,Combined TRACON& Tower with Radar,140,65,23,2,230,0,2,5,0,7,140,67,28,2,237,0,0,0,237
10/19/2015,SDF,KY,ASO,CE,Combined TRACON& Tower with Radar,178,55,20,5,258,0,1,5,7,13,178,56,25,12,271,0,0,0,271
10/20/2015,SDF,KY,ASO,CE,Combined TRACON& Tower with Radar,415,93,37,8,553,0,0,12,6,18,415,93,49,14,571,8,0,8,579
10/21/2015,SDF,KY,ASO,CE,Combined TRACON& Tower with Radar,410,89,43,6,548,0,0,7,8,15,410,89,50,14,563,4,0,4,567
10/22/2015,SDF,KY,ASO,CE,Combined TRACON& Tower with Radar,391,84,63,6,544,0,7,6,6,19,391,91,69,12,563,0,0,0,563
10/23/2015,SDF,KY,ASO,CE,Combined TRACON& Tower with Radar,332,98,38,11,479,0,3,8,9,20,332,101,46,20,499,0,0,0,499
10/24/2015,SDF,KY,ASO,CE,Combined TRACON& Tower with Radar,213,64,10,0,287,0,4,6,0,10,213,68,16,0,297,0,0,0,297
10/25/2015,SDF,KY,ASO,CE,Combined TRACON& Tower with Radar,150,64,32,2,248,0,2,7,3,12,150,66,39,5,260,0,0,0,260
10/26/2015,SDF,KY,ASO,CE,Combined TRACON& Tower with Radar,168,77,20,5,270,0,0,10,0,10,168,77,30,5,280,6,0,6,286
10/27/2015,SDF,KY,ASO,CE,Combined TRACON& Tower with Radar,415,77,18,0,510,0,0,0,3,3,415,77,18,3,513,0,0,0,513
10/28/2015,SDF,KY,ASO,CE,Combined TRACON& Tower with Radar,412,91,41,4,548,0,0,3,0,3,412,91,44,4,551,0,0,0,551
10/29/2015,SDF,KY,ASO,CE,Combined TRACON& Tower with Radar,395,99,36,5,535,0,0,12,10,22,395,99,48,15,557,0,0,0,557
10/30/2015,SDF,KY,ASO,CE,Combined TRACON& Tower with Radar,334,88,24,4,450,0,3,2,6,11,334,91,26,10,461,0,0,0,461
10/31/2015,SDF,KY,ASO,CE,Combined TRACON& Tower with Radar,204,50,4,7,265,0,10,2,8,20,204,60,6,15,285,0,0,0,285
11/01/2015,SDF,KY,ASO,CE,Combined TRACON& Tower with Radar,148,73,22,9,252,0,1,10,2,13,148,74,32,11,265,12,0,12,277
11/02/2015,SDF,KY,ASO,CE,Combined TRACON& Tower with Radar,187,65,25,10,287,0,0,11,2,13,187,65,36,12,300,0,0,0,300
11/03/2015,SDF,KY,ASO,CE,Combined TRACON& Tower with Radar,423,81,35,6,545,0,2,13,7,22,423,83,48,13,567,0,0,0,567
11/04/2015,SDF,KY,ASO,CE,Combined TRACON& Tower with Radar,396,80,36,11,523,0,2,8,5,15,396,82,44,16,538,12,8,20,558
11/05/2015,SDF,KY,ASO,CE,Combined TRACON& Tower with Radar,372,80,27,5,484,0,6,3,5,14,372,86,30,10,498,0,0,0,498
11/06/2015,SDF,KY,ASO,CE,Combined TRACON& Tower with Radar,341,86,20,9,456,0,0,5,0,5,341,86,25,9,461,0,6,6,467
11/07/2015,SDF,KY,ASO,CE,Combined TRACON& Tower with Radar,210,63,11,17,301,0,4,4,21,29,210,67,15,38,330,0,0,0,330
11/08/2015,SDF,KY,ASO,CE,Combined TRACON& Tower with Radar,143,60,16,4,223,0,1,3,4,8,143,61,19,8,231,0,0,0,231
11/09/2015,SDF,KY,ASO,CE,Combined TRACON& Tower with Radar,168,70,23,13,274,0,2,0,0,2,168,72,23,13,276,0,0,0,276
11/10/2015,SDF,KY,ASO,CE,Combined TRACON& Tower with Radar,418,84,34,11,547,0,1,0,10,11,418,85,34,21,558,0,0,0,558
11/11/2015,SDF,KY,ASO,CE,Combined TRACON& Tower with Radar,393,84,33,3,513,0,0,2,4,6,393,84,35,7,519,0,0,0,519
11/12/2015,SDF,KY,ASO,CE,Combined TRACON& Tower with Radar,390,84,40,5,519,0,0,0,0,0,390,84,40,5,519,0,0,0,519
11/13/2015,SDF,KY,ASO,CE,Combined TRACON& Tower with Radar,337,87,29,1,454,0,1,1,3,5,337,88,30,4,459,0,0,0,459
11/14/2015,SDF,KY,ASO,CE,Combined TRACON& Tower with Radar,206,53,22,4,285,0,0,8,2,10,206,53,30,6,295,0,0,0,295
11/15/2015,SDF,KY,ASO,CE,Combined TRACON& Tower with Radar,142,56,21,2,221,0,2,7,0,9,142,58,28,2,230,0,0,0,230
11/16/2015,SDF,KY,ASO,CE,Combined TRACON& Tower with Radar,172,73,24,3,272,0,5,2,0,7,172,78,26,3,279,0,0,0,279
11/17/2015,SDF,KY,ASO,CE,Combined TRACON& Tower with Radar,414,81,25,8,528,0,1,3,4,8,414,82,28,12,536,0,0,0,536
11/18/2015,SDF,KY,ASO,CE,Combined TRACON& Tower with Radar,399,71,28,7,505,0,3,1,2,6,399,74,29,9,511,0,0,0,511
11/19/2015,SDF,KY,ASO,CE,Combined TRACON& Tower with Radar,399,84,41,5,529,0,0,8,11,19,399,84,49,16,548,0,4,4,552
11/20/2015,SDF,KY,ASO,CE,Combined TRACON& Tower with Radar,353,88,33,9,483,0,8,5,3,16,353,96,38,12,499,8,0,8,507
11/21/2015,SDF,KY,ASO,CE,Combined TRACON& Tower with Radar,212,64,11,4,291,0,2,1,0,3,212,66,12,4,294,0,0,0,294
11/22/2015,SDF,KY,ASO,CE,Combined TRACON& Tower with Radar,150,45,15,9,219,0,0,2,0,2,150,45,17,9,221,0,0,0,221
11/23/2015,SDF,KY,ASO,CE,Combined TRACON& Tower with Radar,189,52,20,7,268,0,1,7,0,8,189,53,27,7,276,16,0,16,292
11/24/2015,SDF,KY,ASO,CE,Combined TRACON& Tower with Radar,467,83,41,5,596,0,0,5,2,7,467,83,46,7,603,0,0,0,603
11/25/2015,SDF,KY,ASO,CE,Combined TRACON& Tower with Radar,463,71,20,3,557,0,2,1,2,5,463,73,21,5,562,0,0,0,562
11/26/2015,SDF,KY,ASO,CE,Combined TRACON& Tower with Radar,186,30,6,0,222,0,2,3,0,5,186,32,9,0,227,0,0,0,227
11/27/2015,SDF,KY,ASO,CE,Combined TRACON& Tower with Radar,234,39,12,0,285,0,2,6,0,8,234,41,18,0,293,0,0,0,293
11/28/2015,SDF,KY,ASO,CE,Combined TRACON& Tower with Radar,245,72,11,0,328,0,0,0,0,0,245,72,11,0,328,0,0,0,328
11/29/2015,SDF,KY,ASO,CE,Combined TRACON& Tower with Radar,197,54,24,0,275,0,0,0,0,0,197,54,24,0,275,0,0,0,275
11/30/2015,SDF,KY,ASO,CE,Combined TRACON& Tower with Radar,225,62,52,2,341,0,0,0,0,0,225,62,52,2,341,0,0,0,341
12/01/2015,SDF,KY,ASO,CE,Combined TRACON& Tower with Radar,477,75,51,6,609,0,0,1,7,8,477,75,52,13,617,0,0,0,617
12/02/2015,SDF,KY,ASO,CE,Combined TRACON& Tower with Radar,479,77,58,5,619,0,2,3,4,9,479,79,61,9,628,0,0,0,628
12/03/2015,SDF,KY,ASO,CE,Combined TRACON& Tower with Radar,457,86,41,21,605,0,4,7,4,15,457,90,48,25,620,2,24,26,646
12/04/2015,SDF,KY,ASO,CE,Combined TRACON& Tower with Radar,366,81,21,14,482,0,7,15,3,25,366,88,36,17,507,8,0,8,515
12/05/2015,SDF,KY,ASO,CE,Combined TRACON& Tower with Radar,230,47,13,5,295,0,2,8,0,10,230,49,21,5,305,24,0,24,329
12/06/2015,SDF,KY,ASO,CE,Combined TRACON& Tower with Radar,176,46,14,5,241,0,6,11,0,17,176,52,25,5,258,0,0,0,258
12/07/2015,SDF,KY,ASO,CE,Combined TRACON& Tower with Radar,221,60,10,8,299,0,2,0,3,5,221,62,10,11,304,0,0,0,304
12/08/2015,SDF,KY,ASO,CE,Combined TRACON& Tower with Radar,488,80,37,8,613,0,3,0,3,6,488,83,37,11,619,0,3,3,622
12/09/2015,SDF,KY,ASO,CE,Combined TRACON& Tower with Radar,482,86,17,2,587,0,0,0,2,2,482,86,17,4,589,0,0,0,589
12/10/2015,SDF,KY,ASO,CE,Combined TRACON& Tower with Radar,454,94,24,6,578,0,0,0,8,8,454,94,24,14,586,0,22,22,608
12/11/2015,SDF,KY,ASO,CE,Combined TRACON& Tower with Radar,395,84,21,1,501,0,1,5,0,6,395,85,26,1,507,0,0,0,507
12/12/2015,SDF,KY,ASO,CE,Combined TRACON& Tower with Radar,232,49,8,0,289,0,1,3,2,6,232,50,11,2,295,0,0,0,295
12/13/2015,SDF,KY,ASO,CE,Combined TRACON& Tower with Radar,182,47,14,5,248,0,10,6,2,18,182,57,20,7,266,0,0,0,266
12/14/2015,SDF,KY,ASO,CE,Combined TRACON& Tower with Radar,240,69,26,1,336,0,2,3,2,7,240,71,29,3,343,0,0,0,343
12/15/2015,SDF,KY,ASO,CE,Combined TRACON& Tower with Radar,568,85,13,3,669,0,0,4,3,7,568,85,17,6,676,0,0,0,676
12/16/2015,SDF,KY,ASO,CE,Combined TRACON& Tower with Radar,578,91,24,3,696,0,1,9,4,14,578,92,33,7,710,4,0,4,714
12/17/2015,SDF,KY,ASO,CE,Combined TRACON& Tower with Radar,573,88,22,6,689,0,2,1,6,9,573,90,23,12,698,0,0,0,698
12/18/2015,SDF,KY,ASO,CE,Combined TRACON& Tower with Radar,507,75,25,3,610,0,2,3,2,7,507,77,28,5,617,2,0,2,619
12/19/2015,SDF,KY,ASO,CE,Combined TRACON& Tower with Radar,420,68,10,0,498,0,4,4,0,8,420,72,14,0,506,0,0,0,506
12/20/2015,SDF,KY,ASO,CE,Combined TRACON& Tower with Radar,347,53,9,2,411,0,6,1,0,7,347,59,10,2,418,0,0,0,418
12/21/2015,SDF,KY,ASO,CE,Combined TRACON& Tower with Radar,452,65,19,0,536,0,0,3,0,3,452,65,22,0,539,0,0,0,539
12/22/2015,SDF,KY,ASO,CE,Combined TRACON& Tower with Radar,684,79,21,2,786,0,4,1,0,5,684,83,22,2,791,0,0,0,791
12/23/2015,SDF,KY,ASO,CE,Combined TRACON& Tower with Radar,703,63,20,0,786,0,0,2,0,2,703,63,22,0,788,0,0,0,788
12/24/2015,SDF,KY,ASO,CE,Combined TRACON& Tower with Radar,500,62,11,0,573,0,0,11,0,11,500,62,22,0,584,0,0,0,584
12/25/2015,SDF,KY,ASO,CE,Combined TRACON& Tower with Radar,157,43,2,0,202,0,0,4,0,4,157,43,6,0,206,0,0,0,206
12/26/2015,SDF,KY,ASO,CE,Combined TRACON& Tower with Radar,146,73,22,0,241,0,0,0,0,0,146,73,22,0,241,0,0,0,241
12/27/2015,SDF,KY,ASO,CE,Combined TRACON& Tower with Radar,157,67,13,0,237,0,0,1,0,1,157,67,14,0,238,0,0,0,238
12/28/2015,SDF,KY,ASO,CE,Combined TRACON& Tower with Radar,131,51,8,0,190,0,0,0,0,0,131,51,8,0,190,0,0,0,190
12/29/2015,SDF,KY,ASO,CE,Combined TRACON& Tower with Radar,457,79,9,0,545,0,5,1,0,6,457,84,10,0,551,0,0,0,551
12/30/2015,SDF,KY,ASO,CE,Combined TRACON& Tower with Radar,466,84,16,4,570,0,0,0,0,0,466,84,16,4,570,0,0,0,570
12/31/2015,SDF,KY,ASO,CE,Combined TRACON& Tower with Radar,390,64,8,0,462,0,5,4,0,9,390,69,12,0,471,10,0,10,481
01/01/2016,SDF,KY,ASO,CE,Combined TRACON& Tower with Radar,142,44,5,0,191,0,4,2,0,6,142,48,7,0,197,10,0,10,207
01/02/2016,SDF,KY,ASO,CE,Combined TRACON& Tower with Radar,148,63,13,0,224,0,3,14,0,17,148,66,27,0,241,30,0,30,271
01/03/2016,SDF,KY,ASO,CE,Combined TRACON& Tower with Radar,172,61,21,5,259,0,3,10,0,13,172,64,31,5,272,0,0,0,272
01/04/2016,SDF,KY,ASO,CE,Combined TRACON& Tower with Radar,126,69,15,0,210,0,1,0,0,1,126,70,15,0,211,8,0,8,219
01/05/2016,SDF,KY,ASO,CE,Combined TRACON& Tower with Radar,428,62,16,2,508,0,1,7,5,13,428,63,23,7,521,0,0,0,521
01/06/2016,SDF,KY,ASO,CE,Combined TRACON& Tower with Radar,423,71,31,9,534,0,4,11,6,21,423,75,42,15,555,0,0,0,555
01/07/2016,SDF,KY,ASO,CE,Combined TRACON& Tower with Radar,402,77,27,5,511,0,0,5,3,8,402,77,32,8,519,0,0,0,519
01/08/2016,SDF,KY,ASO,CE,Combined TRACON& Tower with Radar,328,63,19,10,420,0,0,0,0,0,328,63,19,10,420,0,0,0,420
01/09/2016,SDF,KY,ASO,CE,Combined TRACON& Tower with Radar,194,54,7,0,255,0,2,18,0,20,194,56,25,0,275,0,0,0,275
01/10/2016,SDF,KY,ASO,CE,Combined TRACON& Tower with Radar,131,36,18,5,190,0,2,2,0,4,131,38,20,5,194,0,0,0,194
01/11/2016,SDF,KY,ASO,CE,Combined TRACON& Tower with Radar,164,52,15,1,232,0,4,2,0,6,164,56,17,1,238,0,0,0,238
01/12/2016,SDF,KY,ASO,CE,Combined TRACON& Tower with Radar,416,74,21,0,511,0,0,1,0,1,416,74,22,0,512,0,0,0,512
01/13/2016,SDF,KY,ASO,CE,Combined TRACON& Tower with Radar,405,71,20,8,504,0,0,2,5,7,405,71,22,13,511,10,0,10,521
01/14/2016,SDF,KY,ASO,CE,Combined TRACON& Tower with Radar,377,74,12,6,469,0,2,4,4,10,377,76,16,10,479,0,0,0,479
01/15/2016,SDF,KY,ASO,CE,Combined TRACON& Tower with Radar,317,77,27,3,424,0,0,1,0,1,317,77,28,3,425,0,0,0,425
01/16/2016,SDF,KY,ASO,CE,Combined TRACON& Tower with Radar,193,49,12,2,256,0,0,3,1,4,193,49,15,3,260,0,0,0,260
01/17/2016,SDF,KY,ASO,CE,Combined TRACON& Tower with Radar,126,37,7,0,170,0,2,9,0,11,126,39,16,0,181,14,0,14,195
01/18/2016,SDF,KY,ASO,CE,Combined TRACON& Tower with Radar,157,56,11,1,225,0,0,22,0,22,157,56,33,1,247,0,0,0,247
01/19/2016,SDF,KY,ASO,CE,Combined TRACON& Tower with Radar,379,78,27,1,485,0,0,2,0,2,379,78,29,1,487,0,0,0,487
01/20/2016,SDF,KY,ASO,CE,Combined TRACON& Tower with Radar,382,69,17,2,470,0,1,0,0,1,382,70,17,2,471,0,0,0,471
01/21/2016,SDF,KY,ASO,CE,Combined TRACON& Tower with Radar,387,86,36,4,513,0,1,3,0,4,387,87,39,4,517,0,0,0,517
01/22/2016,SDF,KY,ASO,CE,Combined TRACON& Tower with Radar,302,51,2,0,355,0,2,0,0,2,302,53,2,0,357,0,0,0,357
01/23/2016,SDF,KY,ASO,CE,Combined TRACON& Tower with Radar,197,38,8,1,244,0,8,6,0,14,197,46,14,1,258,0,0,0,258
01/24/2016,SDF,KY,ASO,CE,Combined TRACON& Tower with Radar,127,42,20,2,191,0,2,3,0,5,127,44,23,2,196,0,0,0,196
01/25/2016,SDF,KY,ASO,CE,Combined TRACON& Tower with Radar,155,55,14,2,226,0,2,1,0,3,155,57,15,2,229,0,0,0,229
01/26/2016,SDF,KY,ASO,CE,Combined TRACON& Tower with Radar,389,86,20,5,500,0,5,0,4,9,389,91,20,9,509,0,0,0,509
01/27/2016,SDF,KY,ASO,CE,Combined TRACON& Tower with Radar,374,84,20,11,489,0,1,5,2,8,374,85,25,13,497,0,0,0,497
01/28/2016,SDF,KY,ASO,CE,Combined TRACON& Tower with Radar,388,66,30,6,490,0,2,9,5,16,388,68,39,11,506,11,4,15,521
01/29/2016,SDF,KY,ASO,CE,Combined TRACON& Tower with Radar,322,69,28,2,421,0,0,3,0,3,322,69,31,2,424,4,0,4,428
01/30/2016,SDF,KY,ASO,CE,Combined TRACON& Tower with Radar,195,57,19,1,272,0,1,14,2,17,195,58,33,3,289,0,0,0,289
01/31/2016,SDF,KY,ASO,CE,Combined TRACON& Tower with Radar,136,49,11,2,198,0,1,6,0,7,136,50,17,2,205,0,0,0,205
02/01/2016,SDF,KY,ASO,CE,Combined TRACON& Tower with Radar,168,59,19,2,248,0,4,4,0,8,168,63,23,2,256,7,0,7,263
02/02/2016,SDF,KY,ASO,CE,Combined TRACON& Tower with Radar,381,75,23,0,479,0,0,1,0,1,381,75,24,0,480,0,0,0,480
02/03/2016,SDF,KY,ASO,CE,Combined TRACON& Tower with Radar,379,75,23,1,478,0,2,1,5,8,379,77,24,6,486,0,0,0,486
02/04/2016,SDF,KY,ASO,CE,Combined TRACON& Tower with Radar,380,74,25,3,482,0,2,1,5,8,380,76,26,8,490,0,0,0,490
02/05/2016,SDF,KY,ASO,CE,Combined TRACON& Tower with Radar,323,65,14,3,405,0,4,5,0,9,323,69,19,3,414,0,0,0,414
02/06/2016,SDF,KY,ASO,CE,Combined TRACON& Tower with Radar,196,47,11,2,256,0,0,14,0,14,196,47,25,2,270,0,0,0,270
02/07/2016,SDF,KY,ASO,CE,Combined TRACON& Tower with Radar,125,38,9,1,173,0,2,7,0,9,125,40,16,1,182,0,0,0,182
02/08/2016,SDF,KY,ASO,CE,Combined TRACON& Tower with Radar,154,52,23,0,229,0,1,2,0,3,154,53,25,0,232,0,0,0,232
02/09/2016,SDF,KY,ASO,CE,Combined TRACON& Tower with Radar,402,75,29,23,529,0,0,2,4,6,402,75,31,27,535,0,0,0,535
02/10/2016,SDF,KY,ASO,CE,Combined TRACON& Tower with Radar,398,92,61,7,558,0,2,1,5,8,398,94,62,12,566,0,0,0,566
02/11/2016,SDF,KY,ASO,CE,Combined TRACON& Tower with Radar,408,76,50,4,538,0,7,10,6,23,408,83,60,10,561,0,0,0,561
02/12/2016,SDF,KY,ASO,CE,Combined TRACON& Tower with Radar,370,74,35,1,480,0,3,0,2,5,370,77,35,3,485,0,0,0,485
02/13/2016,SDF,KY,ASO,CE,Combined TRACON& Tower with Radar,240,45,18,1,304,0,2,5,0,7,240,47,23,1,311,0,0,0,311
02/14/2016,SDF,KY,ASO,CE,Combined TRACON& Tower with Radar,137,35,12,1,185,0,0,7,0,7,137,35,19,1,192,0,0,0,192
02/15/2016,SDF,KY,ASO,CE,Combined TRACON& Tower with Radar,149,63,32,2,246,0,0,0,0,0,149,63,32,2,246,0,0,0,246
02/16/2016,SDF,KY,ASO,CE,Combined TRACON& Tower with Radar,398,78,23,0,499,0,0,1,0,1,398,78,24,0,500,0,0,0,500
02/17/2016,SDF,KY,ASO,CE,Combined TRACON& Tower with Radar,384,84,29,7,504,0,0,0,2,2,384,84,29,9,506,0,0,0,506
02/18/2016,SDF,KY,ASO,CE,Combined TRACON& Tower with Radar,360,82,18,16,476,0,0,12,7,19,360,82,30,23,495,0,16,16,511
02/19/2016,SDF,KY,ASO,CE,Combined TRACON& Tower with Radar,322,88,18,9,437,0,0,2,1,3,322,88,20,10,440,0,0,0,440
02/20/2016,SDF,KY,ASO,CE,Combined TRACON& Tower with Radar,198,70,18,2,288,0,3,6,0,9,198,73,24,2,297,16,0,16,313
02/21/2016,SDF,KY,ASO,CE,Combined TRACON& Tower with Radar,132,57,18,6,213,0,2,3,0,5,132,59,21,6,218,0,0,0,218
02/22/2016,SDF,KY,ASO,CE,Combined TRACON& Tower with Radar,159,64,30,8,261,0,6,5,0,11,159,70,35,8,272,0,0,0,272
02/23/2016,SDF,KY,ASO,CE,Combined TRACON& Tower with Radar,385,78,27,4,494,0,3,11,2,16,385,81,38,6,510,0,0,0,510
02/24/2016,SDF,KY,ASO,CE,Combined TRACON& Tower with Radar,366,67,25,3,461,0,0,0,3,3,366,67,25,6,464,0,0,0,464
02/25/2016,SDF,KY,ASO,CE,Combined TRACON& Tower with Radar,375,76,22,6,479,0,0,8,2,10,375,76,30,8,489,0,4,4,493
02/26/2016,SDF,KY,ASO,CE,Combined TRACON& Tower with Radar,323,77,26,1,427,0,1,21,1,23,323,78,47,2,450,0,0,0,450
02/27/2016,SDF,KY,ASO,CE,Combined TRACON& Tower with Radar,197,56,11,12,276,0,2,15,0,17,197,58,26,12,293,0,0,0,293
02/28/2016,SDF,KY,ASO,CE,Combined TRACON& Tower with Radar,133,55,25,10,223,0,2,8,0,10,133,57,33,10,233,0,0,0,233
02/29/2016,SDF,KY,ASO,CE,Combined TRACON& Tower with Radar,162,69,46,2,279,0,3,25,0,28,162,72,71,2,307,0,0,0,307
03/01/2016,SDF,KY,ASO,CE,Combined TRACON& Tower with Radar,380,70,52,2,504,0,0,0,3,3,380,70,52,5,507,0,0,0,507
03/02/2016,SDF,KY,ASO,CE,Combined TRACON& Tower with Radar,378,86,79,5,548,0,0,48,42,90,378,86,127,47,638,0,0,0,638
03/03/2016,SDF,KY,ASO,CE,Combined TRACON& Tower with Radar,358,79,55,4,496,0,1,14,0,15,358,80,69,4,511,16,0,16,527
03/04/2016,SDF,KY,ASO,CE,Combined TRACON& Tower with Radar,323,84,35,3,445,0,2,29,0,31,323,86,64,3,476,10,0,10,486
03/05/2016,SDF,KY,ASO,CE,Combined TRACON& Tower with Radar,192,63,5,3,263,0,0,6,1,7,192,63,11,4,270,0,0,0,270
03/06/2016,SDF,KY,ASO,CE,Combined TRACON& Tower with Radar,140,54,6,5,205,0,0,16,0,16,140,54,22,5,221,0,0,0,221
03/07/2016,SDF,KY,ASO,CE,Combined TRACON& Tower with Radar,160,66,22,4,252,0,1,13,5,19,160,67,35,9,271,5,0,5,276
03/08/2016,SDF,KY,ASO,CE,Combined TRACON& Tower with Radar,385,68,16,4,473,0,2,11,3,16,385,70,27,7,489,0,2,2,491
03/09/2016,SDF,KY,ASO,CE,Combined TRACON& Tower with Radar,379,81,15,8,483,0,0,11,1,12,379,81,26,9,495,0,0,0,495
03/10/2016,SDF,KY,ASO,CE,Combined TRACON& Tower with Radar,374,74,26,17,491,0,0,6,1,7,374,74,32,18,498,0,0,0,498
03/11/2016,SDF,KY,ASO,CE,Combined TRACON& Tower with Radar,329,81,28,8,446,0,2,4,0,6,329,83,32,8,452,18,0,18,470
03/12/2016,SDF,KY,ASO,CE,Combined TRACON& Tower with Radar,207,61,10,3,281,0,0,15,0,15,207,61,25,3,296,0,0,0,296
03/13/2016,SDF,KY,ASO,CE,Combined TRACON& Tower with Radar,138,52,17,0,207,0,1,1,0,2,138,53,18,0,209,0,0,0,209
03/14/2016,SDF,KY,ASO,CE,Combined TRACON& Tower with Radar,152,63,19,4,238,0,4,4,0,8,152,67,23,4,246,0,0,0,246
03/15/2016,SDF,KY,ASO,CE,Combined TRACON& Tower with Radar,392,83,14,3,492,0,4,7,7,18,392,87,21,10,510,0,0,0,510
03/16/2016,SDF,KY,ASO,CE,Combined TRACON& Tower with Radar,405,80,19,14,518,0,7,8,4,19,405,87,27,18,537,0,0,0,537
03/17/2016,SDF,KY,ASO,CE,Combined TRACON& Tower with Radar,373,79,18,8,478,0,2,10,3,15,373,81,28,11,493,0,0,0,493
03/18/2016,SDF,KY,ASO,CE,Combined TRACON& Tower with Radar,323,85,17,23,448,0,0,15,2,17,323,85,32,25,465,0,14,14,479
03/19/2016,SDF,KY,ASO,CE,Combined TRACON& Tower with Radar,223,60,8,18,309,0,0,4,2,6,223,60,12,20,315,0,0,0,315
03/20/2016,SDF,KY,ASO,CE,Combined TRACON& Tower with Radar,141,58,19,0,218,0,3,12,2,17,141,61,31,2,235,6,0,6,241
03/21/2016,SDF,KY,ASO,CE,Combined TRACON& Tower with Radar,158,61,15,3,237,0,2,10,1,13,158,63,25,4,250,0,0,0,250
03/22/2016,SDF,KY,ASO,CE,Combined TRACON& Tower with Radar,398,81,15,7,501,0,1,14,3,18,398,82,29,10,519,0,0,0,519
03/23/2016,SDF,KY,ASO,CE,Combined TRACON& Tower with Radar,392,74,24,7,497,0,3,1,9,13,392,77,25,16,510,0,0,0,510
03/24/2016,SDF,KY,ASO,CE,Combined TRACON& Tower with Radar,379,106,38,0,523,0,1,0,0,1,379,107,38,0,524,0,0,0,524
03/25/2016,SDF,KY,ASO,CE,Combined TRACON& Tower with Radar,329,82,34,1,446,0,0,4,0,4,329,82,38,1,450,2,0,2,452
03/26/2016,SDF,KY,ASO,CE,Combined TRACON& Tower with Radar,206,74,20,2,302,0,1,22,1,24,206,75,42,3,326,0,0,0,326
03/27/2016,SDF,KY,ASO,CE,Combined TRACON& Tower with Radar,146,71,24,1,242,0,1,11,0,12,146,72,35,1,254,6,0,6,260
03/28/2016,SDF,KY,ASO,CE,Combined TRACON& Tower with Radar,165,59,26,2,252,0,2,8,1,11,165,61,34,3,263,0,0,0,263
03/29/2016,SDF,KY,ASO,CE,Combined TRACON& Tower with Radar,391,72,33,7,503,0,4,18,3,25,391,76,51,10,528,0,0,0,528
03/30/2016,SDF,KY,ASO,CE,Combined TRACON& Tower with Radar,376,77,21,8,482,0,2,7,2,11,376,79,28,10,493,0,0,0,493
03/31/2016,SDF,KY,ASO,CE,Combined TRACON& Tower with Radar,366,78,47,7,498,0,0,2,0,2,366,78,49,7,500,0,0,0,500
04/01/2016,SDF,KY,ASO,CE,Combined TRACON& Tower with Radar,344,93,47,7,491,0,5,17,0,22,344,98,64,7,513,0,0,0,513
04/02/2016,SDF,KY,ASO,CE,Combined TRACON& Tower with Radar,213,69,21,8,311,0,3,6,0,9,213,72,27,8,320,0,0,0,320
04/03/2016,SDF,KY,ASO,CE,Combined TRACON& Tower with Radar,142,61,12,0,215,0,2,16,0,18,142,63,28,0,233,0,0,0,233
04/04/2016,SDF,KY,ASO,CE,Combined TRACON& Tower with Radar,167,49,16,3,235,0,3,8,0,11,167,52,24,3,246,0,0,0,246
04/05/2016,SDF,KY,ASO,CE,Combined TRACON& Tower with Radar,400,76,13,2,491,0,3,20,0,23,400,79,33,2,514,4,0,4,518
04/06/2016,SDF,KY,ASO,CE,Combined TRACON& Tower with Radar,379,77,11,2,469,0,0,2,2,4,379,77,13,4,473,0,0,0,473
04/07/2016,SDF,KY,ASO,CE,Combined TRACON& Tower with Radar,373,79,20,1,473,0,0,7,1,8,373,79,27,2,481,0,0,0,481
04/08/2016,SDF,KY,ASO,CE,Combined TRACON& Tower with Radar,328,89,23,3,443,0,2,0,0,2,328,91,23,3,445,0,0,0,445
04/09/2016,SDF,KY,ASO,CE,Combined TRACON& Tower with Radar,214,65,13,2,294,0,0,22,0,22,214,65,35,2,316,0,0,0,316
04/10/2016,SDF,KY,ASO,CE,Combined TRACON& Tower with Radar,147,55,14,4,220,0,0,12,0,12,147,55,26,4,232,0,0,0,232
04/11/2016,SDF,KY,ASO,CE,Combined TRACON& Tower with Radar,162,63,22,4,251,0,0,0,2,2,162,63,22,6,253,0,0,0,253
04/12/2016,SDF,KY,ASO,CE,Combined TRACON& Tower with Radar,404,83,31,6,524,0,2,13,4,19,404,85,44,10,543,0,0,0,543
04/13/2016,SDF,KY,ASO,CE,Combined TRACON& Tower with Radar,378,86,21,11,496,0,4,17,6,27,378,90,38,17,523,0,0,0,523
04/14/2016,SDF,KY,ASO,CE,Combined TRACON& Tower with Radar,377,88,32,4,501,0,7,18,11,36,377,95,50,15,537,0,0,0,537
04/15/2016,SDF,KY,ASO,CE,Combined TRACON& Tower with Radar,324,83,13,22,442,0,5,19,4,28,324,88,32,26,470,0,0,0,470
04/16/2016,SDF,KY,ASO,CE,Combined TRACON& Tower with Radar,200,64,4,8,276,0,7,8,0,15,200,71,12,8,291,0,0,0,291
04/17/2016,SDF,KY,ASO,CE,Combined TRACON& Tower with Radar,143,56,20,10,229,0,5,12,1,18,143,61,32,11,247,0,0,0,247
04/18/2016,SDF,KY,ASO,CE,Combined TRACON& Tower with Radar,170,60,18,5,253,0,1,5,1,7,170,61,23,6,260,0,0,0,260
04/19/2016,SDF,KY,ASO,CE,Combined TRACON& Tower with Radar,406,85,18,7,516,0,3,14,6,23,406,88,32,13,539,2,6,8,547
04/20/2016,SDF,KY,ASO,CE,Combined TRACON& Tower with Radar,376,88,22,11,497,0,7,15,3,25,376,95,37,14,522,24,0,24,546
04/21/2016,SDF,KY,ASO,CE,Combined TRACON& Tower with Radar,380,89,34,18,521,0,0,1,3,4,380,89,35,21,525,0,0,0,525
04/22/2016,SDF,KY,ASO,CE,Combined TRACON& Tower with Radar,332,77,24,7,440,0,5,11,13,29,332,82,35,20,469,0,0,0,469
04/23/2016,SDF,KY,ASO,CE,Combined TRACON& Tower with Radar,206,65,15,2,288,1,1,12,24,38,207,66,27,26,326,0,0,0,326
04/24/2016,SDF,KY,ASO,CE,Combined TRACON& Tower with Radar,143,49,24,9,225,0,4,8,7,19,143,53,32,16,244,0,0,0,244
04/25/2016,SDF,KY,ASO,CE,Combined TRACON& Tower with Radar,173,78,21,7,279,0,2,8,1,11,173,80,29,8,290,14,0,14,304
04/26/2016,SDF,KY,ASO,CE,Combined TRACON& Tower with Radar,412,89,50,2,553,0,0,7,5,12,412,89,57,7,565,0,0,0,565
04/27/2016,SDF,KY,ASO,CE,Combined TRACON& Tower with Radar,396,91,18,1,506,0,0,0,0,0,396,91,18,1,506,2,0,2,508
04/28/2016,SDF,KY,ASO,CE,Combined TRACON& Tower with Radar,386,82,30,8,506,0,0,0,1,1,386,82,30,9,507,0,0,0,507
04/29/2016,SDF,KY,ASO,CE,Combined TRACON& Tower with Radar,336,83,27,9,455,0,0,9,0,9,336,83,36,9,464,4,0,4,468
04/30/2016,SDF,KY,ASO,CE,Combined TRACON& Tower with Radar,207,61,9,0,277,0,4,0,0,4,207,65,9,0,281,0,0,0,281
05/01/2016,SDF,KY,ASO,CE,Combined TRACON& Tower with Radar,161,55,12,2,230,0,1,6,0,7,161,56,18,2,237,0,0,0,237
05/02/2016,SDF,KY,ASO,CE,Combined TRACON& Tower with Radar,170,69,23,14,276,0,1,2,2,5,170,70,25,16,281,0,0,0,281
05/03/2016,SDF,KY,ASO,CE,Combined TRACON& Tower with Radar,418,99,23,12,552,0,0,5,5,10,418,99,28,17,562,2,0,2,564
05/04/2016,SDF,KY,ASO,CE,Combined TRACON& Tower with Radar,424,96,46,5,571,0,3,1,5,9,424,99,47,10,580,0,26,26,606
05/05/2016,SDF,KY,ASO,CE,Combined TRACON& Tower with Radar,444,189,190,3,826,0,4,14,2,20,444,193,204,5,846,0,0,0,846
05/06/2016,SDF,KY,ASO,CE,Combined TRACON& Tower with Radar,395,153,96,3,647,0,3,96,6,105,395,156,192,9,752,0,0,0,752
05/07/2016,SDF,KY,ASO,CE,Combined TRACON& Tower with Radar,251,205,200,3,659,0,1,260,2,263,251,206,460,5,922,0,0,0,922
05/08/2016,SDF,KY,ASO,CE,Combined TRACON& Tower with Radar,201,194,192,0,587,0,1,1,0,2,201,195,193,0,589,0,0,0,589
05/09/2016,SDF,KY,ASO,CE,Combined TRACON& Tower with Radar,179,69,23,2,273,0,0,3,1,4,179,69,26,3,277,0,0,0,277
05/10/2016,SDF,KY,ASO,CE,Combined TRACON& Tower with Radar,400,83,16,2,501,0,0,1,0,1,400,83,17,2,502,0,0,0,502
05/11/2016,SDF,KY,ASO,CE,Combined TRACON& Tower with Radar,383,79,19,7,488,0,2,2,0,4,383,81,21,7,492,0,0,0,492
05/12/2016,SDF,KY,ASO,CE,Combined TRACON& Tower with Radar,410,92,23,6,531,0,0,6,0,6,410,92,29,6,537,0,0,0,537
05/13/2016,SDF,KY,ASO,CE,Combined TRACON& Tower with Radar,319,89,22,15,445,0,0,16,1,17,319,89,38,16,462,4,0,4,466
05/14/2016,SDF,KY,ASO,CE,Combined TRACON& Tower with Radar,202,64,15,20,301,0,0,2,2,4,202,64,17,22,305,0,6,6,311
05/15/2016,SDF,KY,ASO,CE,Combined TRACON& Tower with Radar,149,60,18,6,233,0,6,6,0,12,149,66,24,6,245,0,0,0,245
05/16/2016,SDF,KY,ASO,CE,Combined TRACON& Tower with Radar,177,76,19,12,284,0,0,7,6,13,177,76,26,18,297,1,0,1,298
05/17/2016,SDF,KY,ASO,CE,Combined TRACON& Tower with Radar,397,87,33,12,529,0,0,2,4,6,397,87,35,16,535,0,0,0,535
05/18/2016,SDF,KY,ASO,CE,Combined TRACON& Tower with Radar,403,86,45,10,544,0,0,12,2,14,403,86,57,12,558,33,8,41,599
05/19/2016,SDF,KY,ASO,CE,Combined TRACON& Tower with Radar,375,99,54,9,537,0,1,9,1,11,375,100,63,10,548,0,0,0,548
05/20/2016,SDF,KY,ASO,CE,Combined TRACON& Tower with Radar,315,98,56,9,478,0,0,4,0,4,315,98,60,9,482,1,0,1,483
05/21/2016,SDF,KY,ASO,CE,Combined TRACON& Tower with Radar,206,68,28,10,312,0,0,3,0,3,206,68,31,10,315,0,0,0,315
05/22/2016,SDF,KY,ASO,CE,Combined TRACON& Tower with Radar,155,56,34,2,247,0,0,7,0,7,155,56,41,2,254,0,0,0,254
05/23/2016,SDF,KY,ASO,CE,Combined TRACON& Tower with Radar,174,62,34,1,271,0,0,11,0,11,174,62,45,1,282,0,0,0,282
05/24/2016,SDF,KY,ASO,CE,Combined TRACON& Tower with Radar,398,89,25,2,514,0,2,2,14,18,398,91,27,16,532,0,0,0,532
05/25/2016,SDF,KY,ASO,CE,Combined TRACON& Tower with Radar,399,78,35,7,519,0,0,7,5,12,399,78,42,12,531,0,0,0,531
05/26/2016,SDF,KY,ASO,CE,Combined TRACON& Tower with Radar,372,87,23,7,489,0,0,6,2,8,372,87,29,9,497,0,0,0,497
05/27/2016,SDF,KY,ASO,CE,Combined TRACON& Tower with Radar,341,79,15,4,439,0,4,8,0,12,341,83,23,4,451,12,0,12,463
05/28/2016,SDF,KY,ASO,CE,Combined TRACON& Tower with Radar,210,72,12,2,296,0,2,6,0,8,210,74,18,2,304,0,0,0,304
05/29/2016,SDF,KY,ASO,CE,Combined TRACON& Tower with Radar,101,49,12,2,164,0,0,4,0,4,101,49,16,2,168,0,0,0,168
05/30/2016,SDF,KY,ASO,CE,Combined TRACON& Tower with Radar,113,63,6,0,182,0,0,9,0,9,113,63,15,0,191,22,0,22,213
05/31/2016,SDF,KY,ASO,CE,Combined TRACON& Tower with Radar,242,76,19,3,340,0,1,12,0,13,242,77,31,3,353,4,0,4,357
06/01/2016,SDF,KY,ASO,CE,Combined TRACON& Tower with Radar,450,74,15,4,543,0,1,7,5,13,450,75,22,9,556,8,0,8,564
06/02/2016,SDF,KY,ASO,CE,Combined TRACON& Tower with Radar,417,86,28,7,538,0,1,1,2,4,417,87,29,9,542,0,0,0,542
06/03/2016,SDF,KY,ASO,CE,Combined TRACON& Tower with Radar,348,88,15,26,477,0,1,0,1,2,348,89,15,27,479,0,0,0,479
06/04/2016,SDF,KY,ASO,CE,Combined TRACON& Tower with Radar,201,66,9,3,279,0,3,7,0,10,201,69,16,3,289,18,0,18,307
06/05/2016,SDF,KY,ASO,CE,Combined TRACON& Tower with Radar,158,53,15,9,235,0,2,1,0,3,158,55,16,9,238,0,0,0,238
06/06/2016,SDF,KY,ASO,CE,Combined TRACON& Tower with Radar,166,72,14,2,254,0,3,5,0,8,166,75,19,2,262,2,0,2,264
06/07/2016,SDF,KY,ASO,CE,Combined TRACON& Tower with Radar,413,89,18,5,525,0,5,5,4,14,413,94,23,9,539,0,0,0,539
06/08/2016,SDF,KY,ASO,CE,Combined TRACON& Tower with Radar,409,90,34,13,546,0,0,14,3,17,409,90,48,16,563,8,0,8,571
06/09/2016,SDF,KY,ASO,CE,Combined TRACON& Tower with Radar,397,101,32,8,538,0,3,11,4,18,397,104,43,12,556,0,0,0,556
06/10/2016,SDF,KY,ASO,CE,Combined TRACON& Tower with Radar,335,125,49,5,514,0,3,5,3,11,335,128,54,8,525,19,1,20,545
06/11/2016,SDF,KY,ASO,CE,Combined TRACON& Tower with Radar,216,67,15,9,307,0,5,6,3,14,216,72,21,12,321,0,0,0,321
06/12/2016,SDF,KY,ASO,CE,Combined TRACON& Tower with Radar,149,60,16,5,230,0,1,4,0,5,149,61,20,5,235,0,0,0,235
06/13/2016,SDF,KY,ASO,CE,Combined TRACON& Tower with Radar,179,72,19,6,276,0,1,1,0,2,179,73,20,6,278,0,0,0,278
06/14/2016,SDF,KY,ASO,CE,Combined TRACON& Tower with Radar,409,86,16,8,519,0,0,2,0,2,409,86,18,8,521,0,0,0,521
06/15/2016,SDF,KY,ASO,CE,Combined TRACON& Tower with Radar,417,91,15,6,529,0,0,4,0,4,417,91,19,6,533,24,0,24,557
06/16/2016,SDF,KY,ASO,CE,Combined TRACON& Tower with Radar,391,82,18,2,493,0,2,3,0,5,391,84,21,2,498,0,0,0,498
06/17/2016,SDF,KY,ASO,CE,Combined TRACON& Tower with Radar,356,93,18,7,474,0,1,7,0,8,356,94,25,7,482,0,0,0,482
06/18/2016,SDF,KY,ASO,CE,Combined TRACON& Tower with Radar,231,69,17,18,335,0,3,1,1,5,231,72,18,19,340,0,0,0,340
06/19/2016,SDF,KY,ASO,CE,Combined TRACON& Tower with Radar,157,60,16,10,243,0,3,8,0,11,157,63,24,10,254,0,0,0,254
06/20/2016,SDF,KY,ASO,CE,Combined TRACON& Tower with Radar,182,72,21,3,278,0,0,44,0,44,182,72,65,3,322,0,0,0,322
06/21/2016,SDF,KY,ASO,CE,Combined TRACON& Tower with Radar,426,76,30,7,539,0,0,1,4,5,426,76,31,11,544,0,0,0,544
06/22/2016,SDF,KY,ASO,CE,Combined TRACON& Tower with Radar,405,87,19,5,516,0,1,2,5,8,405,88,21,10,524,0,0,0,524
06/23/2016,SDF,KY,ASO,CE,Combined TRACON& Tower with Radar,371,79,29,3,482,0,1,3,1,5,371,80,32,4,487,0,0,0,487
06/24/2016,SDF,KY,ASO,CE,Combined TRACON& Tower with Radar,370,90,28,6,494,0,1,3,2,6,370,91,31,8,500,0,0,0,500
06/25/2016,SDF,KY,ASO,CE,Combined TRACON& Tower with Radar,243,72,3,4,322,0,2,7,0,9,243,74,10,4,331,0,0,0,331
06/26/2016,SDF,KY,ASO,CE,Combined TRACON& Tower with Radar,150,63,15,8,236,0,0,5,2,7,150,63,20,10,243,0,0,0,243
06/27/2016,SDF,KY,ASO,CE,Combined TRACON& Tower with Radar,167,77,22,0,266,0,2,11,0,13,167,79,33,0,279,0,0,0,279
06/28/2016,SDF,KY,ASO,CE,Combined TRACON& Tower with Radar,421,88,23,4,536,0,0,20,1,21,421,88,43,5,557,0,0,0,557
06/29/2016,SDF,KY,ASO,CE,Combined TRACON& Tower with Radar,414,102,21,1,538,0,5,11,0,16,414,107,32,1,554,0,0,0,554
06/30/2016,SDF,KY,ASO,CE,Combined TRACON& Tower with Radar,396,94,26,0,516,0,4,7,0,11,396,98,33,0,527,0,0,0,527
07/01/2016,SDF,KY,ASO,CE,Combined TRACON& Tower with Radar,343,87,23,0,453,0,3,0,0,3,343,90,23,0,456,0,0,0,456
07/02/2016,SDF,KY,ASO,CE,Combined TRACON& Tower with Radar,234,70,13,0,317,0,3,3,2,8,234,73,16,2,325,0,0,0,325
07/03/2016,SDF,KY,ASO,CE,Combined TRACON& Tower with Radar,117,40,5,0,162,0,1,0,0,1,117,41,5,0,163,0,0,0,163
07/04/2016,SDF,KY,ASO,CE,Combined TRACON& Tower with Radar,103,46,5,0,154,0,0,1,0,1,103,46,6,0,155,0,0,0,155
07/05/2016,SDF,KY,ASO,CE,Combined TRACON& Tower with Radar,262,61,18,0,341,0,1,7,2,10,262,62,25,2,351,0,0,0,351
07/06/2016,SDF,KY,ASO,CE,Combined TRACON& Tower with Radar,451,77,14,3,545,0,0,3,2,5,451,77,17,5,550,2,0,2,552
07/07/2016,SDF,KY,ASO,CE,Combined TRACON& Tower with Radar,434,88,24,3,549,0,0,8,3,11,434,88,32,6,560,0,2,2,562
07/08/2016,SDF,KY,ASO,CE,Combined TRACON& Tower with Radar,351,68,16,0,435,0,1,3,0,4,351,69,19,0,439,0,0,0,439
07/09/2016,SDF,KY,ASO,CE,Combined TRACON& Tower with Radar,230,61,7,5,303,0,0,4,2,6,230,61,11,7,309,0,0,0,309
07/10/2016,SDF,KY,ASO,CE,Combined TRACON& Tower with Radar,156,50,17,12,235,0,1,12,2,15,156,51,29,14,250,0,0,0,250
07/11/2016,SDF,KY,ASO,CE,Combined TRACON& Tower with Radar,177,66,24,13,280,0,7,5,0,12,177,73,29,13,292,0,10,10,302
07/12/2016,SDF,KY,ASO,CE,Combined TRACON& Tower with Radar,426,82,26,6,540,0,2,6,3,11,426,84,32,9,551,0,0,0,551
07/13/2016,SDF,KY,ASO,CE,Combined TRACON& Tower with Radar,454,77,13,18,562,0,2,3,6,11,454,79,16,24,573,0,0,0,573
07/14/2016,SDF,KY,ASO,CE,Combined TRACON& Tower with Radar,484,84,22,5,595,0,1,0,1,2,484,85,22,6,597,0,0,0,597
07/15/2016,SDF,KY,ASO,CE,Combined TRACON& Tower with Radar,374,84,36,9,503,0,1,10,8,19,374,85,46,17,522,16,0,16,538
07/16/2016,SDF,KY,ASO,CE,Combined TRACON& Tower with Radar,224,59,14,15,312,0,1,4,13,18,224,60,18,28,330,0,0,0,330
07/17/2016,SDF,KY,ASO,CE,Combined TRACON& Tower with Radar,148,56,23,11,238,0,1,6,4,11,148,57,29,15,249,0,0,0,249
07/18/2016,SDF,KY,ASO,CE,Combined TRACON& Tower with Radar,185,56,19,6,266,0,4,1,4,9,185,60,20,10,275,0,0,0,275
07/19/2016,SDF,KY,ASO,CE,Combined TRACON& Tower with Radar,420,87,15,8,530,0,2,16,6,24,420,89,31,14,554,0,0,0,554
07/20/2016,SDF,KY,ASO,CE,Combined TRACON& Tower with Radar,399,87,32,13,531,0,1,8,5,14,399,88,40,18,545,0,0,0,545
07/21/2016,SDF,KY,ASO,CE,Combined TRACON& Tower with Radar,374,98,30,3,505,0,0,2,6,8,374,98,32,9,513,6,0,6,519
07/22/2016,SDF,KY,ASO,CE,Combined TRACON& Tower with Radar,337,104,28,11,480,0,0,1,4,5,337,104,29,15,485,0,0,0,485
07/23/2016,SDF,KY,ASO,CE,Combined TRACON& Tower with Radar,211,75,9,5,300,0,3,2,1,6,211,78,11,6,306,0,0,0,306
07/24/2016,SDF,KY,ASO,CE,Combined TRACON& Tower with Radar,148,63,18,0,229,0,2,2,5,9,148,65,20,5,238,0,0,0,238
07/25/2016,SDF,KY,ASO,CE,Combined TRACON& Tower with Radar,168,78,20,0,266,0,0,8,0,8,168,78,28,0,274,0,0,0,274
07/26/2016,SDF,KY,ASO,CE,Combined TRACON& Tower with Radar,418,99,16,16,549,0,1,4,12,17,418,100,20,28,566,11,23,34,600
07/27/2016,SDF,KY,ASO,CE,Combined TRACON& Tower with Radar,397,95,18,8,518,0,1,6,0,7,397,96,24,8,525,0,0,0,525
07/28/2016,SDF,KY,ASO,CE,Combined TRACON& Tower with Radar,389,102,26,4,521,0,0,0,2,2,389,102,26,6,523,0,0,0,523
07/29/2016,SDF,KY,ASO,CE,Combined TRACON& Tower with Radar,342,91,12,2,447,0,0,1,0,1,342,91,13,2,448,0,0,0,448
07/30/2016,SDF,KY,ASO,CE,Combined TRACON& Tower with Radar,220,80,8,0,308,0,3,3,0,6,220,83,11,0,314,0,0,0,314
07/31/2016,SDF,KY,ASO,CE,Combined TRACON& Tower with Radar,147,64,27,6,244,0,2,5,0,7,147,66,32,6,251,0,0,0,251
08/01/2016,SDF,KY,ASO,CE,Combined TRACON& Tower with Radar,170,75,21,0,266,0,5,1,0,6,170,80,22,0,272,0,0,0,272
08/02/2016,SDF,KY,ASO,CE,Combined TRACON& Tower with Radar,419,97,26,6,548,0,3,5,4,12,419,100,31,10,560,0,0,0,560
08/03/2016,SDF,KY,ASO,CE,Combined TRACON& Tower with Radar,404,91,20,6,521,0,6,2,4,12,404,97,22,10,533,0,0,0,533
08/04/2016,SDF,KY,ASO,CE,Combined TRACON& Tower with Radar,400,93,39,3,535,0,2,7,3,12,400,95,46,6,547,0,0,0,547
08/05/2016,SDF,KY,ASO,CE,Combined TRACON& Tower with Radar,346,97,27,19,489,0,1,4,0,5,346,98,31,19,494,0,0,0,494
08/06/2016,SDF,KY,ASO,CE,Combined TRACON& Tower with Radar,209,68,13,13,303,0,1,3,26,30,209,69,16,39,333,0,0,0,333
08/07/2016,SDF,KY,ASO,CE,Combined TRACON& Tower with Radar,135,66,20,3,224,0,2,6,0,8,135,68,26,3,232,0,0,0,232
08/08/2016,SDF,KY,ASO,CE,Combined TRACON& Tower with Radar,174,67,6,6,253,0,2,4,0,6,174,69,10,6,259,0,0,0,259
08/09/2016,SDF,KY,ASO,CE,Combined TRACON& Tower with Radar,414,85,22,9,530,0,1,10,1,12,414,86,32,10,542,2,7,9,551
08/10/2016,SDF,KY,ASO,CE,Combined TRACON& Tower with Radar,412,92,16,5,525,0,6,3,3,12,412,98,19,8,537,0,0,0,537
08/11/2016,SDF,KY,ASO,CE,Combined TRACON& Tower with Radar,398,91,24,7,520,0,0,6,3,9,398,91,30,10,529,16,0,16,545
08/12/2016,SDF,KY,ASO,CE,Combined TRACON& Tower with Radar,328,97,21,11,457,0,1,13,1,15,328,98,34,12,472,0,0,0,472
08/13/2016,SDF,KY,ASO,CE,Combined TRACON& Tower with Radar,215,74,6,6,301,0,4,19,2,25,215,78,25,8,326,4,0,4,330
08/14/2016,SDF,KY,ASO,CE,Combined TRACON& Tower with Radar,148,65,22,3,238,0,0,1,0,1,148,65,23,3,239,0,0,0,239
08/15/2016,SDF,KY,ASO,CE,Combined TRACON& Tower with Radar,168,68,20,2,258,0,1,5,1,7,168,69,25,3,265,0,0,0,265
08/16/2016,SDF,KY,ASO,CE,Combined TRACON& Tower with Radar,434,85,20,2,541,0,5,3,1,9,434,90,23,3,550,0,0,0,550
08/17/2016,SDF,KY,ASO,CE,Combined TRACON& Tower with Radar,429,87,26,1,543,0,1,0,1,2,429,88,26,2,545,0,0,0,545
08/18/2016,SDF,KY,ASO,CE,Combined TRACON& Tower with Radar,402,89,29,2,522,0,0,7,5,12,402,89,36,7,534,0,0,0,534
08/19/2016,SDF,KY,ASO,CE,Combined TRACON& Tower with Radar,333,109,32,0,474,0,1,5,0,6,333,110,37,0,480,12,0,12,492
08/20/2016,SDF,KY,ASO,CE,Combined TRACON& Tower with Radar,202,63,17,3,285,0,0,2,0,2,202,63,19,3,287,0,0,0,287
08/21/2016,SDF,KY,ASO,CE,Combined TRACON& Tower with Radar,140,61,20,3,224,0,2,6,0,8,140,63,26,3,232,0,0,0,232
08/22/2016,SDF,KY,ASO,CE,Combined TRACON& Tower with Radar,190,83,19,1,293,0,1,16,0,17,190,84,35,1,310,0,0,0,310
08/23/2016,SDF,KY,ASO,CE,Combined TRACON& Tower with Radar,436,78,30,1,545,0,1,6,2,9,436,79,36,3,554,0,0,0,554
08/24/2016,SDF,KY,ASO,CE,Combined TRACON& Tower with Radar,418,84,25,10,537,0,0,7,0,7,418,84,32,10,544,0,0,0,544
08/25/2016,SDF,KY,ASO,CE,Combined TRACON& Tower with Radar,410,102,31,3,546,0,2,10,2,14,410,104,41,5,560,36,0,36,596
08/26/2016,SDF,KY,ASO,CE,Combined TRACON& Tower with Radar,347,93,31,6,477,0,3,15,3,21,347,96,46,9,498,14,0,14,512
08/27/2016,SDF,KY,ASO,CE,Combined TRACON& Tower with Radar,221,66,17,1,305,0,4,12,0,16,221,70,29,1,321,0,0,0,321
08/28/2016,SDF,KY,ASO,CE,Combined TRACON& Tower with Radar,144,76,40,2,262,0,7,10,0,17,144,83,50,2,279,0,0,0,279
08/29/2016,SDF,KY,ASO,CE,Combined TRACON& Tower with Radar,173,61,10,0,244,0,5,2,0,7,173,66,12,0,251,0,0,0,251
08/30/2016,SDF,KY,ASO,CE,Combined TRACON& Tower with Radar,437,88,19,10,554,0,2,3,4,9,437,90,22,14,563,0,0,0,563
08/31/2016,SDF,KY,ASO,CE,Combined TRACON& Tower with Radar,445,81,24,8,558,0,1,1,2,4,445,82,25,10,562,0,10,10,572
09/01/2016,SDF,KY,ASO,CE,Combined TRACON& Tower with Radar,423,73,22,3,521,0,4,6,5,15,423,77,28,8,536,0,0,0,536
09/02/2016,SDF,KY,ASO,CE,Combined TRACON& Tower with Radar,383,79,18,2,482,0,5,13,0,18,383,84,31,2,500,2,0,2,502
09/03/2016,SDF,KY,ASO,CE,Combined TRACON& Tower with Radar,211,48,11,1,271,0,2,3,0,5,211,50,14,1,276,0,0,0,276
09/04/2016,SDF,KY,ASO,CE,Combined TRACON& Tower with Radar,109,33,12,1,155,0,1,4,0,5,109,34,16,1,160,0,0,0,160
09/05/2016,SDF,KY,ASO,CE,Combined TRACON& Tower with Radar,117,44,13,0,174,0,0,4,2,6,117,44,17,2,180,0,0,0,180
09/06/2016,SDF,KY,ASO,CE,Combined TRACON& Tower with Radar,272,71,15,4,362,0,4,6,0,10,272,75,21,4,372,0,0,0,372
09/07/2016,SDF,KY,ASO,CE,Combined TRACON& Tower with Radar,507,79,29,5,620,0,3,4,4,11,507,82,33,9,631,0,0,0,631
09/08/2016,SDF,KY,ASO,CE,Combined TRACON& Tower with Radar,499,73,25,4,601,0,3,0,2,5,499,76,25,6,606,0,0,0,606
09/09/2016,SDF,KY,ASO,CE,Combined TRACON& Tower with Radar,404,68,38,5,515,0,1,5,0,6,404,69,43,5,521,0,0,0,521
09/10/2016,SDF,KY,ASO,CE,Combined TRACON& Tower with Radar,211,56,5,5,277,0,1,0,1,2,211,57,5,6,279,0,0,0,279
09/11/2016,SDF,KY,ASO,CE,Combined TRACON& Tower with Radar,154,56,15,4,229,0,2,4,2,8,154,58,19,6,237,0,0,0,237
09/12/2016,SDF,KY,ASO,CE,Combined TRACON& Tower with Radar,201,68,26,1,296,0,0,8,2,10,201,68,34,3,306,0,0,0,306
09/13/2016,SDF,KY,ASO,CE,Combined TRACON& Tower with Radar,459,81,25,5,570,0,5,6,1,12,459,86,31,6,582,0,0,0,582
09/14/2016,SDF,KY,ASO,CE,Combined TRACON& Tower with Radar,449,81,31,3,564,0,2,3,1,6,449,83,34,4,570,0,0,0,570
09/15/2016,SDF,KY,ASO,CE,Combined TRACON& Tower with Radar,448,82,24,2,556,0,3,9,0,12,448,85,33,2,568,0,0,0,568
09/16/2016,SDF,KY,ASO,CE,Combined TRACON& Tower with Radar,365,84,37,4,490,0,1,6,3,10,365,85,43,7,500,3,0,3,503
09/17/2016,SDF,KY,ASO,CE,Combined TRACON& Tower with Radar,207,70,18,0,295,0,0,4,4,8,207,70,22,4,303,0,0,0,303
09/18/2016,SDF,KY,ASO,CE,Combined TRACON& Tower with Radar,147,57,17,1,222,0,2,10,0,12,147,59,27,1,234,0,0,0,234
09/19/2016,SDF,KY,ASO,CE,Combined TRACON& Tower with Radar,190,51,25,0,266,0,4,4,0,8,190,55,29,0,274,0,0,0,274
09/20/2016,SDF,KY,ASO,CE,Combined TRACON& Tower with Radar,465,79,24,4,572,0,2,16,0,18,465,81,40,4,590,0,0,0,590
09/21/2016,SDF,KY,ASO,CE,Combined TRACON& Tower with Radar,442,70,35,0,547,0,0,6,0,6,442,70,41,0,553,0,0,0,553
09/22/2016,SDF,KY,ASO,CE,Combined TRACON& Tower with Radar,422,94,41,16,573,0,2,6,8,16,422,96,47,24,589,0,0,0,589
09/23/2016,SDF,KY,ASO,CE,Combined TRACON& Tower with Radar,365,79,18,2,464,0,5,5,0,10,365,84,23,2,474,0,2,2,476
09/24/2016,SDF,KY,ASO,CE,Combined TRACON& Tower with Radar,211,54,11,0,276,0,5,11,0,16,211,59,22,0,292,0,0,0,292
09/25/2016,SDF,KY,ASO,CE,Combined TRACON& Tower with Radar,152,58,11,4,225,0,1,9,0,10,152,59,20,4,235,0,0,0,235
09/26/2016,SDF,KY,ASO,CE,Combined TRACON& Tower with Radar,196,58,19,0,273,0,2,6,0,8,196,60,25,0,281,0,0,0,281
09/27/2016,SDF,KY,ASO,CE,Combined TRACON& Tower with Radar,464,72,23,4,563,0,0,7,4,11,464,72,30,8,574,0,0,0,574
09/28/2016,SDF,KY,ASO,CE,Combined TRACON& Tower with Radar,440,95,21,7,563,0,5,1,4,10,440,100,22,11,573,0,0,0,573
09/29/2016,SDF,KY,ASO,CE,Combined TRACON& Tower with Radar,432,110,32,16,590,0,4,0,8,12,432,114,32,24,602,0,0,0,602
09/30/2016,SDF,KY,ASO,CE,Combined TRACON& Tower with Radar,368,96,24,0,488,0,0,0,0,0,368,96,24,0,488,0,0,0,488
10/01/2016,SDF,KY,ASO,CE,Combined TRACON& Tower with Radar,220,53,26,0,299,0,2,1,0,3,220,55,27,0,302,0,0,0,302
10/02/2016,SDF,KY,ASO,CE,Combined TRACON& Tower with Radar,170,58,13,3,244,0,1,4,0,5,170,59,17,3,249,0,0,0,249
10/03/2016,SDF,KY,ASO,CE,Combined TRACON& Tower with Radar,209,52,13,0,274,0,0,7,6,13,209,52,20,6,287,4,2,6,293
10/04/2016,SDF,KY,ASO,CE,Combined TRACON& Tower with Radar,466,71,22,3,562,0,0,5,10,15,466,71,27,13,577,2,0,2,579
10/05/2016,SDF,KY,ASO,CE,Combined TRACON& Tower with Radar,457,74,28,8,567,0,5,2,6,13,457,79,30,14,580,0,0,0,580
10/06/2016,SDF,KY,ASO,CE,Combined TRACON& Tower with Radar,431,71,30,4,536,0,1,8,7,16,431,72,38,11,552,0,0,0,552
10/07/2016,SDF,KY,ASO,CE,Combined TRACON& Tower with Radar,368,74,18,6,466,0,0,9,0,9,368,74,27,6,475,6,0,6,481
10/08/2016,SDF,KY,ASO,CE,Combined TRACON& Tower with Radar,231,43,8,1,283,0,1,26,0,27,231,44,34,1,310,0,0,0,310
10/09/2016,SDF,KY,ASO,CE,Combined TRACON& Tower with Radar,176,41,19,0,236,0,0,12,0,12,176,41,31,0,248,0,0,0,248
10/10/2016,SDF,KY,ASO,CE,Combined TRACON& Tower with Radar,206,51,21,6,284,0,0,4,0,4,206,51,25,6,288,0,0,0,288
10/11/2016,SDF,KY,ASO,CE,Combined TRACON& Tower with Radar,450,76,24,4,554,0,2,8,2,12,450,78,32,6,566,0,0,0,566
10/12/2016,SDF,KY,ASO,CE,Combined TRACON& Tower with Radar,444,60,33,10,547,0,3,3,2,8,444,63,36,12,555,0,0,0,555
10/13/2016,SDF,KY,ASO,CE,Combined TRACON& Tower with Radar,448,72,26,13,559,0,2,0,1,3,448,74,26,14,562,0,8,8,570
10/14/2016,SDF,KY,ASO,CE,Combined TRACON& Tower with Radar,373,82,35,15,505,0,4,7,9,20,373,86,42,24,525,0,0,0,525
10/15/2016,SDF,KY,ASO,CE,Combined TRACON& Tower with Radar,233,46,6,6,291,0,4,8,3,15,233,50,14,9,306,0,0,0,306
10/16/2016,SDF,KY,ASO,CE,Combined TRACON& Tower with Radar,168,47,21,10,246,0,3,14,0,17,168,50,35,10,263,0,0,0,263
10/17/2016,SDF,KY,ASO,CE,Combined TRACON& Tower with Radar,211,60,35,5,311,0,2,10,0,12,211,62,45,5,323,0,0,0,323
10/18/2016,SDF,KY,ASO,CE,Combined TRACON& Tower with Radar,482,64,32,3,581,0,1,6,6,13,482,65,38,9,594,0,0,0,594
10/19/2016,SDF,KY,ASO,CE,Combined TRACON& Tower with Radar,463,72,41,4,580,0,1,1,14,16,463,73,42,18,596,0,0,0,596
10/20/2016,SDF,KY,ASO,CE,Combined TRACON& Tower with Radar,434,74,49,0,557,0,0,0,0,0,434,74,49,0,557,0,0,0,557
10/21/2016,SDF,KY,ASO,CE,Combined TRACON& Tower with Radar,382,75,54,13,524,0,0,5,0,5,382,75,59,13,529,24,0,24,553
10/22/2016,SDF,KY,ASO,CE,Combined TRACON& Tower with Radar,228,50,17,7,302,0,0,6,5,11,228,50,23,12,313,0,0,0,313
10/23/2016,SDF,KY,ASO,CE,Combined TRACON& Tower with Radar,176,43,21,7,247,0,2,12,2,16,176,45,33,9,263,0,0,0,263
10/24/2016,SDF,KY,ASO,CE,Combined TRACON& Tower with Radar,212,55,30,4,301,0,8,2,0,10,212,63,32,4,311,0,0,0,311
10/25/2016,SDF,KY,ASO,CE,Combined TRACON& Tower with Radar,473,75,36,4,588,0,0,5,4,9,473,75,41,8,597,0,0,0,597
10/26/2016,SDF,KY,ASO,CE,Combined TRACON& Tower with Radar,449,77,33,5,564,0,1,6,39,46,449,78,39,44,610,8,4,12,622
10/27/2016,SDF,KY,ASO,CE,Combined TRACON& Tower with Radar,450,76,28,7,561,0,4,2,15,21,450,80,30,22,582,0,24,24,606
10/28/2016,SDF,KY,ASO,CE,Combined TRACON& Tower with Radar,391,80,14,7,492,0,1,6,0,7,391,81,20,7,499,24,0,24,523
10/29/2016,SDF,KY,ASO,CE,Combined TRACON& Tower with Radar,230,51,14,10,305,0,2,9,2,13,230,53,23,12,318,0,0,0,318
10/30/2016,SDF,KY,ASO,CE,Combined TRACON& Tower with Radar,164,47,16,2,229,0,0,7,1,8,164,47,23,3,237,0,0,0,237
10/31/2016,SDF,KY,ASO,CE,Combined TRACON& Tower with Radar,189,61,14,3,267,0,0,5,0,5,189,61,19,3,272,0,0,0,272
11/01/2016,SDF,KY,ASO,CE,Combined TRACON& Tower with Radar,486,100,26,9,621,0,3,6,4,13,486,103,32,13,634,0,0,0,634
11/02/2016,SDF,KY,ASO,CE,Combined TRACON& Tower with Radar,436,88,23,8,555,0,0,3,10,13,436,88,26,18,568,0,8,8,576
11/03/2016,SDF,KY,ASO,CE,Combined TRACON& Tower with Radar,447,68,37,1,553,0,2,2,0,4,447,70,39,1,557,0,0,0,557
11/04/2016,SDF,KY,ASO,CE,Combined TRACON& Tower with Radar,366,84,36,4,490,0,0,3,3,6,366,84,39,7,496,0,0,0,496
11/05/2016,SDF,KY,ASO,CE,Combined TRACON& Tower with Radar,229,59,7,4,299,0,0,6,2,8,229,59,13,6,307,0,0,0,307
11/06/2016,SDF,KY,ASO,CE,Combined TRACON& Tower with Radar,163,44,13,6,226,0,1,8,5,14,163,45,21,11,240,0,0,0,240
11/07/2016,SDF,KY,ASO,CE,Combined TRACON& Tower with Radar,201,55,26,8,290,0,1,8,2,11,201,56,34,10,301,0,0,0,301
11/08/2016,SDF,KY,ASO,CE,Combined TRACON& Tower with Radar,461,66,22,6,555,0,3,0,0,3,461,69,22,6,558,0,0,0,558
11/09/2016,SDF,KY,ASO,CE,Combined TRACON& Tower with Radar,457,76,26,13,572,0,1,6,7,14,457,77,32,20,586,16,0,16,602
11/10/2016,SDF,KY,ASO,CE,Combined TRACON& Tower with Radar,442,76,29,8,555,0,0,3,3,6,442,76,32,11,561,0,0,0,561
11/11/2016,SDF,KY,ASO,CE,Combined TRACON& Tower with Radar,369,73,43,1,486,0,2,16,0,18,369,75,59,1,504,0,0,0,504
11/12/2016,SDF,KY,ASO,CE,Combined TRACON& Tower with Radar,217,50,10,0,277,0,0,2,0,2,217,50,12,0,279,0,0,0,279
11/13/2016,SDF,KY,ASO,CE,Combined TRACON& Tower with Radar,162,44,26,2,234,0,4,5,0,9,162,48,31,2,243,0,0,0,243
11/14/2016,SDF,KY,ASO,CE,Combined TRACON& Tower with Radar,204,54,27,5,290,0,2,3,2,7,204,56,30,7,297,0,0,0,297
11/15/2016,SDF,KY,ASO,CE,Combined TRACON& Tower with Radar,469,65,23,17,574,0,0,1,18,19,469,65,24,35,593,0,34,34,627
11/16/2016,SDF,KY,ASO,CE,Combined TRACON& Tower with Radar,446,70,32,9,557,0,0,18,4,22,446,70,50,13,579,0,0,0,579
11/17/2016,SDF,KY,ASO,CE,Combined TRACON& Tower with Radar,429,79,31,7,546,0,0,7,5,12,429,79,38,12,558,0,0,0,558
11/18/2016,SDF,KY,ASO,CE,Combined TRACON& Tower with Radar,371,80,20,27,498,0,1,7,2,10,371,81,27,29,508,0,0,0,508
11/19/2016,SDF,KY,ASO,CE,Combined TRACON& Tower with Radar,227,50,10,3,290,0,2,2,0,4,227,52,12,3,294,0,0,0,294
11/20/2016,SDF,KY,ASO,CE,Combined TRACON& Tower with Radar,158,51,15,8,232,0,0,4,0,4,158,51,19,8,236,0,0,0,236
11/21/2016,SDF,KY,ASO,CE,Combined TRACON& Tower with Radar,212,47,13,16,288,0,2,4,0,6,212,49,17,16,294,0,0,0,294
11/22/2016,SDF,KY,ASO,CE,Combined TRACON& Tower with Radar,530,76,33,6,645,0,3,2,4,9,530,79,35,10,654,0,10,10,664
11/23/2016,SDF,KY,ASO,CE,Combined TRACON& Tower with Radar,486,73,16,6,581,0,2,0,0,2,486,75,16,6,583,0,0,0,583
11/24/2016,SDF,KY,ASO,CE,Combined TRACON& Tower with Radar,206,27,6,0,239,0,0,4,0,4,206,27,10,0,243,0,0,0,243
11/25/2016,SDF,KY,ASO,CE,Combined TRACON& Tower with Radar,262,27,21,0,310,0,0,3,0,3,262,27,24,0,313,0,0,0,313
11/26/2016,SDF,KY,ASO,CE,Combined TRACON& Tower with Radar,259,67,14,0,340,0,0,10,0,10,259,67,24,0,350,0,0,0,350
11/27/2016,SDF,KY,ASO,CE,Combined TRACON& Tower with Radar,212,60,16,0,288,0,0,5,4,9,212,60,21,4,297,0,0,0,297
11/28/2016,SDF,KY,ASO,CE,Combined TRACON& Tower with Radar,258,67,24,3,352,0,0,1,0,1,258,67,25,3,353,0,0,0,353
11/29/2016,SDF,KY,ASO,CE,Combined TRACON& Tower with Radar,534,96,53,4,687,0,0,4,5,9,534,96,57,9,696,0,0,0,696
11/30/2016,SDF,KY,ASO,CE,Combined TRACON& Tower with Radar,519,79,47,8,653,0,0,3,8,11,519,79,50,16,664,0,8,8,672
12/01/2016,SDF,KY,ASO,CE,Combined TRACON& Tower with Radar,510,90,25,10,635,0,0,0,6,6,510,90,25,16,641,0,0,0,641
12/02/2016,SDF,KY,ASO,CE,Combined TRACON& Tower with Radar,416,83,20,5,524,0,0,3,2,5,416,83,23,7,529,0,8,8,537
12/03/2016,SDF,KY,ASO,CE,Combined TRACON& Tower with Radar,243,52,5,2,302,0,1,6,0,7,243,53,11,2,309,0,0,0,309
12/04/2016,SDF,KY,ASO,CE,Combined TRACON& Tower with Radar,185,44,13,2,244,0,0,1,0,1,185,44,14,2,245,0,0,0,245
12/05/2016,SDF,KY,ASO,CE,Combined TRACON& Tower with Radar,261,73,20,11,365,0,0,4,1,5,261,73,24,12,370,0,0,0,370
12/06/2016,SDF,KY,ASO,CE,Combined TRACON& Tower with Radar,521,80,33,5,639,0,0,0,0,0,521,80,33,5,639,0,0,0,639
12/07/2016,SDF,KY,ASO,CE,Combined TRACON& Tower with Radar,531,84,40,4,659,0,1,0,0,1,531,85,40,4,660,0,0,0,660
12/08/2016,SDF,KY,ASO,CE,Combined TRACON& Tower with Radar,490,79,28,4,601,0,1,10,0,11,490,80,38,4,612,0,0,0,612
12/09/2016,SDF,KY,ASO,CE,Combined TRACON& Tower with Radar,444,81,20,2,547,0,0,0,0,0,444,81,20,2,547,0,0,0,547
12/10/2016,SDF,KY,ASO,CE,Combined TRACON& Tower with Radar,239,54,10,5,308,0,0,7,4,11,239,54,17,9,319,0,0,0,319
12/11/2016,SDF,KY,ASO,CE,Combined TRACON& Tower with Radar,180,31,9,0,220,0,1,2,0,3,180,32,11,0,223,0,0,0,223
12/12/2016,SDF,KY,ASO,CE,Combined TRACON& Tower with Radar,275,64,15,8,362,0,0,7,0,7,275,64,22,8,369,0,0,0,369
12/13/2016,SDF,KY,ASO,CE,Combined TRACON& Tower with Radar,605,94,23,5,727,0,0,4,2,6,605,94,27,7,733,0,0,0,733
12/14/2016,SDF,KY,ASO,CE,Combined TRACON& Tower with Radar,621,87,31,2,741,0,0,10,5,15,621,87,41,7,756,0,0,0,756
12/15/2016,SDF,KY,ASO,CE,Combined TRACON& Tower with Radar,605,82,17,7,711,0,5,2,1,8,605,87,19,8,719,0,0,0,719
12/16/2016,SDF,KY,ASO,CE,Combined TRACON& Tower with Radar,513,73,25,3,614,0,1,1,0,2,513,74,26,3,616,0,0,0,616
12/17/2016,SDF,KY,ASO,CE,Combined TRACON& Tower with Radar,459,55,6,0,520,0,2,2,0,4,459,57,8,0,524,0,0,0,524
12/18/2016,SDF,KY,ASO,CE,Combined TRACON& Tower with Radar,399,39,5,1,444,0,3,0,0,3,399,42,5,1,447,0,0,0,447
12/19/2016,SDF,KY,ASO,CE,Combined TRACON& Tower with Radar,487,59,18,2,566,0,6,4,0,10,487,65,22,2,576,0,0,0,576
12/20/2016,SDF,KY,ASO,CE,Combined TRACON& Tower with Radar,710,72,9,8,799,0,3,4,0,7,710,75,13,8,806,12,0,12,818
12/21/2016,SDF,KY,ASO,CE,Combined TRACON& Tower with Radar,745,83,18,0,846,0,0,0,0,0,745,83,18,0,846,0,0,0,846
12/22/2016,SDF,KY,ASO,CE,Combined TRACON& Tower with Radar,732,75,24,0,831,2,1,1,0,4,734,76,25,0,835,0,0,0,835
12/23/2016,SDF,KY,ASO,CE,Combined TRACON& Tower with Radar,618,74,12,0,704,0,3,3,0,6,618,77,15,0,710,0,0,0,710
12/24/2016,SDF,KY,ASO,CE,Combined TRACON& Tower with Radar,421,41,5,0,467,0,0,0,0,0,421,41,5,0,467,0,0,0,467
12/25/2016,SDF,KY,ASO,CE,Combined TRACON& Tower with Radar,101,33,3,0,137,0,0,0,0,0,101,33,3,0,137,0,0,0,137
12/26/2016,SDF,KY,ASO,CE,Combined TRACON& Tower with Radar,119,45,23,0,187,0,1,1,0,2,119,46,24,0,189,0,0,0,189
12/27/2016,SDF,KY,ASO,CE,Combined TRACON& Tower with Radar,259,64,19,0,342,0,1,8,0,9,259,65,27,0,351,0,0,0,351
12/28/2016,SDF,KY,ASO,CE,Combined TRACON& Tower with Radar,499,78,8,4,589,0,0,2,0,2,499,78,10,4,591,0,0,0,591
12/29/2016,SDF,KY,ASO,CE,Combined TRACON& Tower with Radar,497,67,10,1,575,0,6,1,0,7,497,73,11,1,582,0,0,0,582
12/30/2016,SDF,KY,ASO,CE,Combined TRACON& Tower with Radar,419,61,6,2,488,0,7,7,0,14,419,68,13,2,502,6,0,6,508
12/31/2016,SDF,KY,ASO,CE,Combined TRACON& Tower with Radar,224,52,4,0,280,0,0,4,0,4,224,52,8,0,284,0,0,0,284
01/01/2017,SDF,KY,ASO,CE,Combined TRACON& Tower with Radar,107,44,4,0,155,0,0,0,0,0,107,44,4,0,155,0,0,0,155
01/02/2017,SDF,KY,ASO,CE,Combined TRACON& Tower with Radar,127,51,13,2,193,0,0,0,0,0,127,51,13,2,193,0,0,0,193
01/03/2017,SDF,KY,ASO,CE,Combined TRACON& Tower with Radar,262,63,16,2,343,0,0,1,0,1,262,63,17,2,344,0,0,0,344
01/04/2017,SDF,KY,ASO,CE,Combined TRACON& Tower with Radar,478,59,5,2,544,0,0,5,0,5,478,59,10,2,549,0,0,0,549
01/05/2017,SDF,KY,ASO,CE,Combined TRACON& Tower with Radar,460,75,8,0,543,0,0,0,0,0,460,75,8,0,543,0,0,0,543
01/06/2017,SDF,KY,ASO,CE,Combined TRACON& Tower with Radar,370,70,12,6,458,0,2,1,0,3,370,72,13,6,461,0,0,0,461
01/07/2017,SDF,KY,ASO,CE,Combined TRACON& Tower with Radar,212,40,8,6,266,0,1,2,3,6,212,41,10,9,272,0,0,0,272
01/08/2017,SDF,KY,ASO,CE,Combined TRACON& Tower with Radar,147,48,6,2,203,0,0,3,0,3,147,48,9,2,206,0,0,0,206
01/09/2017,SDF,KY,ASO,CE,Combined TRACON& Tower with Radar,185,54,15,3,257,0,4,4,0,8,185,58,19,3,265,0,0,0,265
01/10/2017,SDF,KY,ASO,CE,Combined TRACON& Tower with Radar,443,65,21,0,529,0,0,6,0,6,443,65,27,0,535,0,0,0,535
01/11/2017,SDF,KY,ASO,CE,Combined TRACON& Tower with Radar,437,85,24,0,546,0,0,2,0,2,437,85,26,0,548,0,0,0,548
01/12/2017,SDF,KY,ASO,CE,Combined TRACON& Tower with Radar,428,82,21,6,537,0,2,2,0,4,428,84,23,6,541,0,0,0,541
01/13/2017,SDF,KY,ASO,CE,Combined TRACON& Tower with Radar,360,78,21,2,461,0,0,0,0,0,360,78,21,2,461,0,0,0,461
01/14/2017,SDF,KY,ASO,CE,Combined TRACON& Tower with Radar,205,55,15,0,275,0,0,0,0,0,205,55,15,0,275,0,0,0,275
01/15/2017,SDF,KY,ASO,CE,Combined TRACON& Tower with Radar,134,41,11,0,186,0,0,0,0,0,134,41,11,0,186,0,0,0,186
01/16/2017,SDF,KY,ASO,CE,Combined TRACON& Tower with Radar,189,67,12,2,270,0,0,3,1,4,189,67,15,3,274,0,0,0,274
01/17/2017,SDF,KY,ASO,CE,Combined TRACON& Tower with Radar,434,68,15,6,523,0,1,2,0,3,434,69,17,6,526,0,0,0,526
01/18/2017,SDF,KY,ASO,CE,Combined TRACON& Tower with Radar,443,69,41,19,572,0,5,2,4,11,443,74,43,23,583,6,4,10,593
01/19/2017,SDF,KY,ASO,CE,Combined TRACON& Tower with Radar,418,80,25,5,528,0,0,0,0,0,418,80,25,5,528,0,0,0,528
01/20/2017,SDF,KY,ASO,CE,Combined TRACON& Tower with Radar,365,66,15,4,450,0,2,2,0,4,365,68,17,4,454,0,0,0,454
01/21/2017,SDF,KY,ASO,CE,Combined TRACON& Tower with Radar,209,50,17,0,276,0,0,12,0,12,209,50,29,0,288,0,0,0,288
01/22/2017,SDF,KY,ASO,CE,Combined TRACON& Tower with Radar,152,39,7,7,205,0,0,5,0,5,152,39,12,7,210,0,0,0,210
01/23/2017,SDF,KY,ASO,CE,Combined TRACON& Tower with Radar,184,61,12,4,261,0,0,0,1,1,184,61,12,5,262,0,0,0,262
01/24/2017,SDF,KY,ASO,CE,Combined TRACON& Tower with Radar,444,76,16,1,537,0,4,5,2,11,444,80,21,3,548,0,0,0,548
01/25/2017,SDF,KY,ASO,CE,Combined TRACON& Tower with Radar,436,63,20,5,524,0,0,3,13,16,436,63,23,18,540,0,8,8,548
01/26/2017,SDF,KY,ASO,CE,Combined TRACON& Tower with Radar,422,73,20,9,524,0,3,7,7,17,422,76,27,16,541,0,4,4,545
01/27/2017,SDF,KY,ASO,CE,Combined TRACON& Tower with Radar,354,71,19,3,447,0,0,4,0,4,354,71,23,3,451,0,4,4,455
01/28/2017,SDF,KY,ASO,CE,Combined TRACON& Tower with Radar,209,65,13,3,290,0,2,11,0,13,209,67,24,3,303,0,0,0,303
01/29/2017,SDF,KY,ASO,CE,Combined TRACON& Tower with Radar,153,43,9,4,209,0,1,3,0,4,153,44,12,4,213,0,0,0,213
01/30/2017,SDF,KY,ASO,CE,Combined TRACON& Tower with Radar,188,62,17,1,268,0,1,8,4,13,188,63,25,5,281,18,0,18,299
01/31/2017,SDF,KY,ASO,CE,Combined TRACON& Tower with Radar,433,69,8,5,515,0,0,0,8,8,433,69,8,13,523,0,0,0,523
02/01/2017,SDF,KY,ASO,CE,Combined TRACON& Tower with Radar,418,83,25,25,551,0,0,9,0,9,418,83,34,25,560,4,10,14,574
02/02/2017,SDF,KY,ASO,CE,Combined TRACON& Tower with Radar,403,75,19,6,503,0,0,4,3,7,403,75,23,9,510,0,0,0,510
02/03/2017,SDF,KY,ASO,CE,Combined TRACON& Tower with Radar,350,78,13,12,453,0,0,7,0,7,350,78,20,12,460,20,0,20,480
02/04/2017,SDF,KY,ASO,CE,Combined TRACON& Tower with Radar,203,51,6,2,262,0,3,5,0,8,203,54,11,2,270,0,0,0,270
02/05/2017,SDF,KY,ASO,CE,Combined TRACON& Tower with Radar,134,38,9,4,185,0,4,5,0,9,134,42,14,4,194,0,0,0,194
02/06/2017,SDF,KY,ASO,CE,Combined TRACON& Tower with Radar,176,61,23,29,289,0,1,0,0,1,176,62,23,29,290,0,0,0,290
02/07/2017,SDF,KY,ASO,CE,Combined TRACON& Tower with Radar,435,69,17,3,524,0,0,0,0,0,435,69,17,3,524,4,0,4,528
02/08/2017,SDF,KY,ASO,CE,Combined TRACON& Tower with Radar,418,75,23,13,529,0,0,2,0,2,418,75,25,13,531,0,0,0,531
02/09/2017,SDF,KY,ASO,CE,Combined TRACON& Tower with Radar,420,63,23,18,524,0,0,20,0,20,420,63,43,18,544,0,0,0,544
02/10/2017,SDF,KY,ASO,CE,Combined TRACON& Tower with Radar,356,81,10,18,465,0,4,7,1,12,356,85,17,19,477,2,0,2,479
02/11/2017,SDF,KY,ASO,CE,Combined TRACON& Tower with Radar,208,45,8,2,263,0,6,0,0,6,208,51,8,2,269,0,0,0,269
02/12/2017,SDF,KY,ASO,CE,Combined TRACON& Tower with Radar,158,40,9,2,209,0,0,0,0,0,158,40,9,2,209,0,0,0,209
02/13/2017,SDF,KY,ASO,CE,Combined TRACON& Tower with Radar,204,62,17,3,286,0,0,22,0,22,204,62,39,3,308,12,0,12,320
02/14/2017,SDF,KY,ASO,CE,Combined TRACON& Tower with Radar,485,63,21,2,571,0,3,3,1,7,485,66,24,3,578,0,0,0,578
02/15/2017,SDF,KY,ASO,CE,Combined TRACON& Tower with Radar,416,72,46,6,540,0,0,9,2,11,416,72,55,8,551,0,0,0,551
02/16/2017,SDF,KY,ASO,CE,Combined TRACON& Tower with Radar,412,78,62,9,561,0,3,12,3,18,412,81,74,12,579,0,0,0,579
02/17/2017,SDF,KY,ASO,CE,Combined TRACON& Tower with Radar,351,79,42,1,473,0,0,9,0,9,351,79,51,1,482,0,0,0,482
02/18/2017,SDF,KY,ASO,CE,Combined TRACON& Tower with Radar,208,65,15,4,292,0,4,3,0,7,208,69,18,4,299,0,0,0,299
02/19/2017,SDF,KY,ASO,CE,Combined TRACON& Tower with Radar,135,36,15,0,186,0,0,0,0,0,135,36,15,0,186,0,0,0,186
02/20/2017,SDF,KY,ASO,CE,Combined TRACON& Tower with Radar,184,48,18,4,254,0,3,5,0,8,184,51,23,4,262,0,0,0,262
02/21/2017,SDF,KY,ASO,CE,Combined TRACON& Tower with Radar,426,65,41,1,533,0,0,2,2,4,426,65,43,3,537,0,0,0,537
02/22/2017,SDF,KY,ASO,CE,Combined TRACON& Tower with Radar,438,69,24,7,538,0,0,6,4,10,438,69,30,11,548,10,0,10,558
02/23/2017,SDF,KY,ASO,CE,Combined TRACON& Tower with Radar,406,63,31,14,514,0,1,3,1,5,406,64,34,15,519,0,0,0,519
02/24/2017,SDF,KY,ASO,CE,Combined TRACON& Tower with Radar,356,69,17,4,446,0,2,5,0,7,356,71,22,4,453,0,0,0,453
02/25/2017,SDF,KY,ASO,CE,Combined TRACON& Tower with Radar,210,54,9,11,284,0,1,1,0,2,210,55,10,11,286,0,0,0,286
02/26/2017,SDF,KY,ASO,CE,Combined TRACON& Tower with Radar,150,42,6,12,210,0,6,9,0,15,150,48,15,12,225,0,0,0,225
02/27/2017,SDF,KY,ASO,CE,Combined TRACON& Tower with Radar,180,57,15,13,265,0,0,2,0,2,180,57,17,13,267,0,0,0,267
02/28/2017,SDF,KY,ASO,CE,Combined TRACON& Tower with Radar,430,68,19,2,519,0,0,2,0,2,430,68,21,2,521,0,0,0,521
03/01/2017,SDF,KY,ASO,CE,Combined TRACON& Tower with Radar,429,72,27,7,535,0,1,0,3,4,429,73,27,10,539,0,8,8,547
03/02/2017,SDF,KY,ASO,CE,Combined TRACON& Tower with Radar,417,68,20,12,517,0,0,0,3,3,417,68,20,15,520,8,0,8,528
03/03/2017,SDF,KY,ASO,CE,Combined TRACON& Tower with Radar,365,66,18,7,456,0,0,5,0,5,365,66,23,7,461,9,0,9,470
03/04/2017,SDF,KY,ASO,CE,Combined TRACON& Tower with Radar,209,53,10,4,276,0,1,2,0,3,209,54,12,4,279,0,0,0,279
03/05/2017,SDF,KY,ASO,CE,Combined TRACON& Tower with Radar,150,41,10,3,204,0,4,4,0,8,150,45,14,3,212,0,0,0,212
03/06/2017,SDF,KY,ASO,CE,Combined TRACON& Tower with Radar,181,49,18,4,252,0,1,0,0,1,181,50,18,4,253,0,0,0,253
03/07/2017,SDF,KY,ASO,CE,Combined TRACON& Tower with Radar,456,67,20,5,548,0,0,1,1,2,456,67,21,6,550,0,0,0,550
03/08/2017,SDF,KY,ASO,CE,Combined TRACON& Tower with Radar,433,70,18,10,531,0,1,6,4,11,433,71,24,14,542,0,0,0,542
03/09/2017,SDF,KY,ASO,CE,Combined TRACON& Tower with Radar,400,63,20,7,490,0,0,8,1,9,400,63,28,8,499,0,0,0,499
03/10/2017,SDF,KY,ASO,CE,Combined TRACON& Tower with Radar,360,70,27,11,468,0,0,2,0,2,360,70,29,11,470,0,0,0,470
03/11/2017,SDF,KY,ASO,CE,Combined TRACON& Tower with Radar,222,56,16,5,299,0,5,8,0,13,222,61,24,5,312,0,0,0,312
03/12/2017,SDF,KY,ASO,CE,Combined TRACON& Tower with Radar,145,48,27,4,224,0,3,0,0,3,145,51,27,4,227,0,0,0,227
03/13/2017,SDF,KY,ASO,CE,Combined TRACON& Tower with Radar,169,54,19,2,244,0,0,1,0,1,169,54,20,2,245,0,0,0,245
03/14/2017,SDF,KY,ASO,CE,Combined TRACON& Tower with Radar,446,58,26,3,533,0,4,0,5,9,446,62,26,8,542,0,10,10,552
03/15/2017,SDF,KY,ASO,CE,Combined TRACON& Tower with Radar,448,68,20,12,548,0,3,6,5,14,448,71,26,17,562,0,0,0,562
03/16/2017,SDF,KY,ASO,CE,Combined TRACON& Tower with Radar,424,63,24,0,511,0,2,8,0,10,424,65,32,0,521,0,0,0,521
03/17/2017,SDF,KY,ASO,CE,Combined TRACON& Tower with Radar,371,63,21,10,465,0,4,0,0,4,371,67,21,10,469,0,0,0,469
03/18/2017,SDF,KY,ASO,CE,Combined TRACON& Tower with Radar,222,60,7,1,290,0,0,0,1,1,222,60,7,2,291,0,0,0,291
03/19/2017,SDF,KY,ASO,CE,Combined TRACON& Tower with Radar,153,44,14,2,213,0,2,7,0,9,153,46,21,2,222,0,0,0,222
03/20/2017,SDF,KY,ASO,CE,Combined TRACON& Tower with Radar,189,56,22,6,273,0,0,11,0,11,189,56,33,6,284,0,0,0,284
03/21/2017,SDF,KY,ASO,CE,Combined TRACON& Tower with Radar,433,75,26,7,541,0,3,8,5,16,433,78,34,12,557,0,0,0,557
03/22/2017,SDF,KY,ASO,CE,Combined TRACON& Tower with Radar,431,69,36,12,548,0,1,7,14,22,431,70,43,26,570,20,4,24,594
03/23/2017,SDF,KY,ASO,CE,Combined TRACON& Tower with Radar,435,78,44,5,562,0,3,7,7,17,435,81,51,12,579,8,0,8,587
03/24/2017,SDF,KY,ASO,CE,Combined TRACON& Tower with Radar,377,80,43,8,508,0,1,2,1,4,377,81,45,9,512,0,0,0,512
03/25/2017,SDF,KY,ASO,CE,Combined TRACON& Tower with Radar,223,56,23,2,304,0,3,3,1,7,223,59,26,3,311,0,0,0,311
03/26/2017,SDF,KY,ASO,CE,Combined TRACON& Tower with Radar,151,47,10,1,209,0,0,0,0,0,151,47,10,1,209,0,0,0,209
03/27/2017,SDF,KY,ASO,CE,Combined TRACON& Tower with Radar,180,47,30,4,261,0,0,1,2,3,180,47,31,6,264,0,0,0,264
03/28/2017,SDF,KY,ASO,CE,Combined TRACON& Tower with Radar,441,66,22,7,536,0,2,3,3,8,441,68,25,10,544,0,0,0,544
03/29/2017,SDF,KY,ASO,CE,Combined TRACON& Tower with Radar,426,67,22,5,520,0,2,7,2,11,426,69,29,7,531,0,0,0,531
03/30/2017,SDF,KY,ASO,CE,Combined TRACON& Tower with Radar,410,75,20,4,509,0,0,5,2,7,410,75,25,6,516,0,0,0,516
03/31/2017,SDF,KY,ASO,CE,Combined TRACON& Tower with Radar,369,78,35,4,486,0,3,7,0,10,369,81,42,4,496,18,0,18,514
04/01/2017,SDF,KY,ASO,CE,Combined TRACON& Tower with Radar,223,62,14,1,300,0,5,7,0,12,223,67,21,1,312,0,0,0,312
04/02/2017,SDF,KY,ASO,CE,Combined TRACON& Tower with Radar,152,41,13,8,214,0,7,9,1,17,152,48,22,9,231,0,0,0,231
04/03/2017,SDF,KY,ASO,CE,Combined TRACON& Tower with Radar,184,63,15,4,266,0,0,1,0,1,184,63,16,4,267,0,0,0,267
04/04/2017,SDF,KY,ASO,CE,Combined TRACON& Tower with Radar,447,65,10,3,525,0,3,6,4,13,447,68,16,7,538,0,0,0,538
04/05/2017,SDF,KY,ASO,CE,Combined TRACON& Tower with Radar,416,73,21,4,514,0,3,0,0,3,416,76,21,4,517,0,0,0,517
04/06/2017,SDF,KY,ASO,CE,Combined TRACON& Tower with Radar,412,75,37,1,525,0,1,0,0,1,412,76,37,1,526,0,0,0,526
04/07/2017,SDF,KY,ASO,CE,Combined TRACON& Tower with Radar,370,77,23,6,476,0,0,8,1,9,370,77,31,7,485,0,0,0,485
04/08/2017,SDF,KY,ASO,CE,Combined TRACON& Tower with Radar,219,76,20,1,316,0,3,12,1,16,219,79,32,2,332,0,0,0,332
04/09/2017,SDF,KY,ASO,CE,Combined TRACON& Tower with Radar,147,70,28,1,246,0,4,11,1,16,147,74,39,2,262,0,0,0,262
04/10/2017,SDF,KY,ASO,CE,Combined TRACON& Tower with Radar,184,53,11,2,250,0,5,2,12,19,184,58,13,14,269,2,0,2,271
04/11/2017,SDF,KY,ASO,CE,Combined TRACON& Tower with Radar,444,66,21,1,532,0,0,0,0,0,444,66,21,1,532,0,0,0,532
04/12/2017,SDF,KY,ASO,CE,Combined TRACON& Tower with Radar,441,74,32,7,554,0,2,3,2,7,441,76,35,9,561,0,0,0,561
04/13/2017,SDF,KY,ASO,CE,Combined TRACON& Tower with Radar,419,61,35,19,534,0,0,14,0,14,419,61,49,19,548,6,0,6,554
04/14/2017,SDF,KY,ASO,CE,Combined TRACON& Tower with Radar,359,72,16,4,451,0,2,9,6,17,359,74,25,10,468,6,14,20,488
04/15/2017,SDF,KY,ASO,CE,Combined TRACON& Tower with Radar,212,45,4,7,268,0,5,3,0,8,212,50,7,7,276,0,0,0,276
04/16/2017,SDF,KY,ASO,CE,Combined TRACON& Tower with Radar,147,38,6,0,191,0,0,0,0,0,147,38,6,0,191,0,0,0,191
04/17/2017,SDF,KY,ASO,CE,Combined TRACON& Tower with Radar,186,59,22,6,273,0,0,9,0,9,186,59,31,6,282,6,0,6,288
04/18/2017,SDF,KY,ASO,CE,Combined TRACON& Tower with Radar,455,69,40,1,565,0,0,0,1,1,455,69,40,2,566,0,0,0,566
04/19/2017,SDF,KY,ASO,CE,Combined TRACON& Tower with Radar,434,70,37,1,542,0,4,10,8,22,434,74,47,9,564,0,0,0,564
04/20/2017,SDF,KY,ASO,CE,Combined TRACON& Tower with Radar,421,77,32,12,542,0,2,2,3,7,421,79,34,15,549,0,0,0,549
04/21/2017,SDF,KY,ASO,CE,Combined TRACON& Tower with Radar,363,69,16,7,455,0,1,9,18,28,363,70,25,25,483,0,0,0,483
04/22/2017,SDF,KY,ASO,CE,Combined TRACON& Tower with Radar,230,56,9,0,295,1,5,8,34,48,231,61,17,34,343,0,0,0,343
04/23/2017,SDF,KY,ASO,CE,Combined TRACON& Tower with Radar,156,46,22,15,239,0,5,9,3,17,156,51,31,18,256,0,0,0,256
04/24/2017,SDF,KY,ASO,CE,Combined TRACON& Tower with Radar,190,63,26,12,291,0,5,9,0,14,190,68,35,12,305,18,0,18,323
04/25/2017,SDF,KY,ASO,CE,Combined TRACON& Tower with Radar,445,71,21,4,541,0,5,10,7,22,445,76,31,11,563,20,0,20,583
04/26/2017,SDF,KY,ASO,CE,Combined TRACON& Tower with Radar,437,67,26,1,531,0,1,5,2,8,437,68,31,3,539,6,0,6,545
04/27/2017,SDF,KY,ASO,CE,Combined TRACON& Tower with Radar,427,73,42,10,552,0,1,1,5,7,427,74,43,15,559,0,0,0,559
04/28/2017,SDF,KY,ASO,CE,Combined TRACON& Tower with Radar,368,82,30,1,481,0,2,0,1,3,368,84,30,2,484,0,0,0,484
04/29/2017,SDF,KY,ASO,CE,Combined TRACON& Tower with Radar,232,45,10,1,288,0,1,6,0,7,232,46,16,1,295,0,0,0,295
04/30/2017,SDF,KY,ASO,CE,Combined TRACON& Tower with Radar,155,45,14,2,216,0,2,5,0,7,155,47,19,2,223,0,0,0,223
05/01/2017,SDF,KY,ASO,CE,Combined TRACON& Tower with Radar,192,50,31,4,277,0,0,6,2,8,192,50,37,6,285,0,0,0,285
05/02/2017,SDF,KY,ASO,CE,Combined TRACON& Tower with Radar,456,74,25,3,558,0,2,6,4,12,456,76,31,7,570,0,0,0,570
05/03/2017,SDF,KY,ASO,CE,Combined TRACON& Tower with Radar,432,86,44,2,564,0,1,15,5,21,432,87,59,7,585,0,0,0,585
05/04/2017,SDF,KY,ASO,CE,Combined TRACON& Tower with Radar,466,195,159,5,825,0,2,4,0,6,466,197,163,5,831,0,0,0,831
05/05/2017,SDF,KY,ASO,CE,Combined TRACON& Tower with Radar,373,154,102,3,632,0,5,3,5,13,373,159,105,8,645,0,0,0,645
05/06/2017,SDF,KY,ASO,CE,Combined TRACON& Tower with Radar,212,161,190,1,564,0,9,17,3,29,212,170,207,4,593,0,0,0,593
05/07/2017,SDF,KY,ASO,CE,Combined TRACON& Tower with Radar,225,189,189,2,605,0,0,24,0,24,225,189,213,2,629,4,0,4,633
05/08/2017,SDF,KY,ASO,CE,Combined TRACON& Tower with Radar,212,63,19,1,295,0,0,8,0,8,212,63,27,1,303,4,0,4,307
05/09/2017,SDF,KY,ASO,CE,Combined TRACON& Tower with Radar,479,78,27,0,584,0,0,2,0,2,479,78,29,0,586,0,0,0,586
05/10/2017,SDF,KY,ASO,CE,Combined TRACON& Tower with Radar,475,70,23,10,578,0,2,5,2,9,475,72,28,12,587,6,0,6,593
05/11/2017,SDF,KY,ASO,CE,Combined TRACON& Tower with Radar,455,76,21,3,555,0,2,2,2,6,455,78,23,5,561,0,0,0,561
05/12/2017,SDF,KY,ASO,CE,Combined TRACON& Tower with Radar,418,70,19,2,509,0,0,1,0,1,418,70,20,2,510,0,0,0,510
05/13/2017,SDF,KY,ASO,CE,Combined TRACON& Tower with Radar,264,52,11,2,329,0,6,8,0,14,264,58,19,2,343,0,0,0,343
05/14/2017,SDF,KY,ASO,CE,Combined TRACON& Tower with Radar,169,39,20,6,234,0,3,19,1,23,169,42,39,7,257,0,0,0,257
05/15/2017,SDF,KY,ASO,CE,Combined TRACON& Tower with Radar,194,55,26,7,282,0,3,4,1,8,194,58,30,8,290,8,0,8,298
05/16/2017,SDF,KY,ASO,CE,Combined TRACON& Tower with Radar,465,69,29,9,572,0,0,12,5,17,465,69,41,14,589,2,2,4,593
05/17/2017,SDF,KY,ASO,CE,Combined TRACON& Tower with Radar,454,80,40,13,587,0,2,5,7,14,454,82,45,20,601,6,0,6,607
05/18/2017,SDF,KY,ASO,CE,Combined TRACON& Tower with Radar,428,78,30,1,537,0,2,4,0,6,428,80,34,1,543,0,0,0,543
05/19/2017,SDF,KY,ASO,CE,Combined TRACON& Tower with Radar,371,79,13,3,466,0,0,6,0,6,371,79,19,3,472,0,0,0,472
05/20/2017,SDF,KY,ASO,CE,Combined TRACON& Tower with Radar,216,56,14,4,290,0,0,7,0,7,216,56,21,4,297,0,0,0,297
05/21/2017,SDF,KY,ASO,CE,Combined TRACON& Tower with Radar,167,43,16,1,227,0,0,4,0,4,167,43,20,1,231,0,0,0,231
05/22/2017,SDF,KY,ASO,CE,Combined TRACON& Tower with Radar,198,74,32,2,306,0,9,5,0,14,198,83,37,2,320,0,0,0,320
05/23/2017,SDF,KY,ASO,CE,Combined TRACON& Tower with Radar,464,77,40,13,594,0,1,10,3,14,464,78,50,16,608,8,0,8,616
05/24/2017,SDF,KY,ASO,CE,Combined TRACON& Tower with Radar,463,76,33,7,579,0,0,0,0,0,463,76,33,7,579,0,0,0,579
05/25/2017,SDF,KY,ASO,CE,Combined TRACON& Tower with Radar,444,77,30,6,557,0,1,3,4,8,444,78,33,10,565,0,0,0,565
05/26/2017,SDF,KY,ASO,CE,Combined TRACON& Tower with Radar,391,83,23,0,497,0,6,5,0,11,391,89,28,0,508,0,0,0,508
05/27/2017,SDF,KY,ASO,CE,Combined TRACON& Tower with Radar,234,59,5,0,298,0,2,2,0,4,234,61,7,0,302,0,0,0,302
05/28/2017,SDF,KY,ASO,CE,Combined TRACON& Tower with Radar,131,34,8,0,173,0,1,4,0,5,131,35,12,0,178,8,0,8,186
05/29/2017,SDF,KY,ASO,CE,Combined TRACON& Tower with Radar,140,47,18,2,207,0,2,1,2,5,140,49,19,4,212,0,0,0,212
05/30/2017,SDF,KY,ASO,CE,Combined TRACON& Tower with Radar,269,78,19,0,366,0,0,4,0,4,269,78,23,0,370,0,0,0,370
05/31/2017,SDF,KY,ASO,CE,Combined TRACON& Tower with Radar,502,81,23,10,616,0,4,13,3,20,502,85,36,13,636,0,0,0,636
06/01/2017,SDF,KY,ASO,CE,Combined TRACON& Tower with Radar,480,76,28,5,589,0,4,6,4,14,480,80,34,9,603,0,0,0,603
06/02/2017,SDF,KY,ASO,CE,Combined TRACON& Tower with Radar,385,82,20,7,494,0,3,18,0,21,385,85,38,7,515,10,0,10,525
06/03/2017,SDF,KY,ASO,CE,Combined TRACON& Tower with Radar,221,65,14,4,304,0,2,13,2,17,221,67,27,6,321,24,0,24,345
06/04/2017,SDF,KY,ASO,CE,Combined TRACON& Tower with Radar,153,47,12,3,215,0,1,2,0,3,153,48,14,3,218,4,0,4,222
06/05/2017,SDF,KY,ASO,CE,Combined TRACON& Tower with Radar,206,54,26,2,288,0,0,3,1,4,206,54,29,3,292,0,0,0,292
06/06/2017,SDF,KY,ASO,CE,Combined TRACON& Tower with Radar,474,82,28,3,587,0,8,7,3,18,474,90,35,6,605,0,0,0,605
06/07/2017,SDF,KY,ASO,CE,Combined TRACON& Tower with Radar,470,72,30,4,576,0,2,11,6,19,470,74,41,10,595,0,1,1,596
06/08/2017,SDF,KY,ASO,CE,Combined TRACON& Tower with Radar,441,70,28,3,542,0,0,7,5,12,441,70,35,8,554,0,0,0,554
06/09/2017,SDF,KY,ASO,CE,Combined TRACON& Tower with Radar,374,69,30,19,492,0,4,14,5,23,374,73,44,24,515,0,5,5,520
06/10/2017,SDF,KY,ASO,CE,Combined TRACON& Tower with Radar,247,62,16,13,338,0,0,4,5,9,247,62,20,18,347,2,0,2,349
06/11/2017,SDF,KY,ASO,CE,Combined TRACON& Tower with Radar,171,37,22,11,241,0,4,8,8,20,171,41,30,19,261,0,0,0,261
06/12/2017,SDF,KY,ASO,CE,Combined TRACON& Tower with Radar,205,49,16,8,278,0,4,4,1,9,205,53,20,9,287,6,0,6,293
06/13/2017,SDF,KY,ASO,CE,Combined TRACON& Tower with Radar,466,72,15,8,561,0,2,2,12,16,466,74,17,20,577,4,2,6,583
06/14/2017,SDF,KY,ASO,CE,Combined TRACON& Tower with Radar,478,67,27,15,587,0,1,6,9,16,478,68,33,24,603,3,6,9,612
06/15/2017,SDF,KY,ASO,CE,Combined TRACON& Tower with Radar,454,79,27,9,569,0,2,0,7,9,454,81,27,16,578,0,0,0,578
06/16/2017,SDF,KY,ASO,CE,Combined TRACON& Tower with Radar,411,74,27,8,520,0,7,23,0,30,411,81,50,8,550,0,0,0,550
06/17/2017,SDF,KY,ASO,CE,Combined TRACON& Tower with Radar,254,60,30,0,344,0,3,12,1,16,254,63,42,1,360,12,0,12,372
06/18/2017,SDF,KY,ASO,CE,Combined TRACON& Tower with Radar,182,36,12,4,234,0,3,1,0,4,182,39,13,4,238,0,0,0,238
06/19/2017,SDF,KY,ASO,CE,Combined TRACON& Tower with Radar,206,53,27,2,288,0,0,11,0,11,206,53,38,2,299,4,0,4,303
06/20/2017,SDF,KY,ASO,CE,Combined TRACON& Tower with Radar,476,70,30,3,579,0,3,12,2,17,476,73,42,5,596,0,0,0,596
06/21/2017,SDF,KY,ASO,CE,Combined TRACON& Tower with Radar,469,74,35,5,583,0,2,3,3,8,469,76,38,8,591,0,0,0,591
06/22/2017,SDF,KY,ASO,CE,Combined TRACON& Tower with Radar,427,65,32,6,530,0,6,0,0,6,427,71,32,6,536,0,0,0,536
06/23/2017,SDF,KY,ASO,CE,Combined TRACON& Tower with Radar,391,65,15,1,472,0,0,0,0,0,391,65,15,1,472,0,0,0,472
06/24/2017,SDF,KY,ASO,CE,Combined TRACON& Tower with Radar,264,58,20,0,342,0,4,8,1,13,264,62,28,1,355,0,0,0,355
06/25/2017,SDF,KY,ASO,CE,Combined TRACON& Tower with Radar,179,40,15,3,237,0,3,13,10,26,179,43,28,13,263,0,0,0,263
06/26/2017,SDF,KY,ASO,CE,Combined TRACON& Tower with Radar,212,55,16,2,285,0,2,7,2,11,212,57,23,4,296,0,0,0,296
06/27/2017,SDF,KY,ASO,CE,Combined TRACON& Tower with Radar,489,71,23,3,586,0,4,11,4,19,489,75,34,7,605,0,0,0,605
06/28/2017,SDF,KY,ASO,CE,Combined TRACON& Tower with Radar,456,71,27,10,564,0,0,25,5,30,456,71,52,15,594,0,0,0,594
06/29/2017,SDF,KY,ASO,CE,Combined TRACON& Tower with Radar,443,72,45,10,570,0,0,11,1,12,443,72,56,11,582,2,0,2,584
06/30/2017,SDF,KY,ASO,CE,Combined TRACON& Tower with Radar,390,75,31,3,499,0,4,2,1,7,390,79,33,4,506,0,0,0,506
07/01/2017,SDF,KY,ASO,CE,Combined TRACON& Tower with Radar,252,75,13,1,341,0,3,0,0,3,252,78,13,1,344,0,0,0,344
07/02/2017,SDF,KY,ASO,CE,Combined TRACON& Tower with Radar,156,38,11,0,205,0,0,1,0,1,156,38,12,0,206,0,0,0,206
07/03/2017,SDF,KY,ASO,CE,Combined TRACON& Tower with Radar,175,42,9,0,226,0,2,11,0,13,175,44,20,0,239,6,0,6,245
07/04/2017,SDF,KY,ASO,CE,Combined TRACON& Tower with Radar,234,46,7,0,287,0,3,1,0,4,234,49,8,0,291,0,0,0,291
07/05/2017,SDF,KY,ASO,CE,Combined TRACON& Tower with Radar,369,50,24,0,443,0,0,6,0,6,369,50,30,0,449,4,0,4,453
07/06/2017,SDF,KY,ASO,CE,Combined TRACON& Tower with Radar,481,57,20,1,559,0,3,2,10,15,481,60,22,11,574,0,5,5,579
07/07/2017,SDF,KY,ASO,CE,Combined TRACON& Tower with Radar,405,61,19,4,489,0,1,3,1,5,405,62,22,5,494,0,0,0,494
07/08/2017,SDF,KY,ASO,CE,Combined TRACON& Tower with Radar,258,68,11,19,356,0,0,6,15,21,258,68,17,34,377,0,0,0,377
07/09/2017,SDF,KY,ASO,CE,Combined TRACON& Tower with Radar,170,47,18,16,251,0,3,12,3,18,170,50,30,19,269,0,0,0,269
07/10/2017,SDF,KY,ASO,CE,Combined TRACON& Tower with Radar,199,63,20,15,297,0,3,3,7,13,199,66,23,22,310,2,0,2,312
07/11/2017,SDF,KY,ASO,CE,Combined TRACON& Tower with Radar,499,75,43,7,624,0,0,4,6,10,499,75,47,13,634,0,0,0,634
07/12/2017,SDF,KY,ASO,CE,Combined TRACON& Tower with Radar,504,66,24,9,603,0,4,0,5,9,504,70,24,14,612,0,0,0,612
07/13/2017,SDF,KY,ASO,CE,Combined TRACON& Tower with Radar,521,74,23,19,637,0,1,1,7,9,521,75,24,26,646,0,0,0,646
07/14/2017,SDF,KY,ASO,CE,Combined TRACON& Tower with Radar,433,72,24,22,551,0,2,3,0,5,433,74,27,22,556,0,0,0,556
07/15/2017,SDF,KY,ASO,CE,Combined TRACON& Tower with Radar,245,60,10,8,323,0,4,10,0,14,245,64,20,8,337,0,0,0,337
07/16/2017,SDF,KY,ASO,CE,Combined TRACON& Tower with Radar,178,46,19,11,254,0,0,7,0,7,178,46,26,11,261,6,0,6,267
07/17/2017,SDF,KY,ASO,CE,Combined TRACON& Tower with Radar,210,52,26,4,292,0,0,18,1,19,210,52,44,5,311,0,0,0,311
07/18/2017,SDF,KY,ASO,CE,Combined TRACON& Tower with Radar,485,75,21,6,587,0,0,12,6,18,485,75,33,12,605,8,0,8,613
07/19/2017,SDF,KY,ASO,CE,Combined TRACON& Tower with Radar,484,70,28,12,594,0,0,10,4,14,484,70,38,16,608,0,0,0,608
07/20/2017,SDF,KY,ASO,CE,Combined TRACON& Tower with Radar,458,71,38,8,575,0,0,14,4,18,458,71,52,12,593,0,0,0,593
07/21/2017,SDF,KY,ASO,CE,Combined TRACON& Tower with Radar,388,64,30,6,488,0,2,5,4,11,388,66,35,10,499,22,0,22,521
07/22/2017,SDF,KY,ASO,CE,Combined TRACON& Tower with Radar,253,66,15,0,334,0,4,8,2,14,253,70,23,2,348,22,0,22,370
07/23/2017,SDF,KY,ASO,CE,Combined TRACON& Tower with Radar,176,47,18,1,242,0,3,4,0,7,176,50,22,1,249,0,0,0,249
07/24/2017,SDF,KY,ASO,CE,Combined TRACON& Tower with Radar,210,44,13,2,269,0,5,10,0,15,210,49,23,2,284,16,0,16,300
07/25/2017,SDF,KY,ASO,CE,Combined TRACON& Tower with Radar,496,67,22,2,587,0,3,5,1,9,496,70,27,3,596,0,0,0,596
07/26/2017,SDF,KY,ASO,CE,Combined TRACON& Tower with Radar,474,72,33,13,592,0,0,6,1,7,474,72,39,14,599,0,0,0,599
07/27/2017,SDF,KY,ASO,CE,Combined TRACON& Tower with Radar,442,77,31,1,551,0,3,0,0,3,442,80,31,1,554,0,0,0,554
07/28/2017,SDF,KY,ASO,CE,Combined TRACON& Tower with Radar,371,70,34,2,477,0,0,5,0,5,371,70,39,2,482,0,0,0,482
07/29/2017,SDF,KY,ASO,CE,Combined TRACON& Tower with Radar,249,66,18,4,337,0,0,6,1,7,249,66,24,5,344,0,0,0,344
07/30/2017,SDF,KY,ASO,CE,Combined TRACON& Tower with Radar,165,50,17,0,232,0,2,9,0,11,165,52,26,0,243,0,0,0,243
07/31/2017,SDF,KY,ASO,CE,Combined TRACON& Tower with Radar,216,45,22,4,287,0,4,9,2,15,216,49,31,6,302,6,0,6,308
08/01/2017,SDF,KY,ASO,CE,Combined TRACON& Tower with Radar,475,67,18,5,565,0,2,9,4,15,475,69,27,9,580,0,0,0,580
08/02/2017,SDF,KY,ASO,CE,Combined TRACON& Tower with Radar,464,66,22,3,555,0,1,6,7,14,464,67,28,10,569,0,0,0,569
08/03/2017,SDF,KY,ASO,CE,Combined TRACON& Tower with Radar,457,68,22,8,555,0,3,9,5,17,457,71,31,13,572,16,0,16,588
08/04/2017,SDF,KY,ASO,CE,Combined TRACON& Tower with Radar,386,83,19,8,496,0,9,8,5,22,386,92,27,13,518,0,0,0,518
08/05/2017,SDF,KY,ASO,CE,Combined TRACON& Tower with Radar,255,70,12,4,341,0,0,10,0,10,255,70,22,4,351,0,0,0,351
08/06/2017,SDF,KY,ASO,CE,Combined TRACON& Tower with Radar,162,47,19,1,229,0,0,4,0,4,162,47,23,1,233,0,0,0,233
08/07/2017,SDF,KY,ASO,CE,Combined TRACON& Tower with Radar,209,52,24,3,288,0,0,3,1,4,209,52,27,4,292,0,0,0,292
08/08/2017,SDF,KY,ASO,CE,Combined TRACON& Tower with Radar,495,62,19,13,589,0,1,7,2,10,495,63,26,15,599,0,0,0,599
08/09/2017,SDF,KY,ASO,CE,Combined TRACON& Tower with Radar,471,62,23,13,569,0,2,18,8,28,471,64,41,21,597,4,0,4,601
08/10/2017,SDF,KY,ASO,CE,Combined TRACON& Tower with Radar,438,73,17,10,538,0,1,10,5,16,438,74,27,15,554,0,0,0,554
08/11/2017,SDF,KY,ASO,CE,Combined TRACON& Tower with Radar,378,66,21,3,468,0,4,3,2,9,378,70,24,5,477,0,0,0,477
08/12/2017,SDF,KY,ASO,CE,Combined TRACON& Tower with Radar,238,63,14,8,323,0,0,5,3,8,238,63,19,11,331,0,0,0,331
08/13/2017,SDF,KY,ASO,CE,Combined TRACON& Tower with Radar,168,47,15,1,231,0,0,9,2,11,168,47,24,3,242,0,0,0,242
08/14/2017,SDF,KY,ASO,CE,Combined TRACON& Tower with Radar,208,55,11,4,278,0,0,6,2,8,208,55,17,6,286,0,0,0,286
08/15/2017,SDF,KY,ASO,CE,Combined TRACON& Tower with Radar,480,71,18,2,571,0,1,7,4,12,480,72,25,6,583,10,0,10,593
08/16/2017,SDF,KY,ASO,CE,Combined TRACON& Tower with Radar,469,72,35,12,588,0,2,8,5,15,469,74,43,17,603,30,4,34,637
08/17/2017,SDF,KY,ASO,CE,Combined TRACON& Tower with Radar,440,76,24,14,554,0,2,4,2,8,440,78,28,16,562,0,0,0,562
08/18/2017,SDF,KY,ASO,CE,Combined TRACON& Tower with Radar,383,74,16,2,475,0,2,15,0,17,383,76,31,2,492,8,0,8,500
08/19/2017,SDF,KY,ASO,CE,Combined TRACON& Tower with Radar,228,53,17,2,300,0,2,17,0,19,228,55,34,2,319,0,0,0,319
08/20/2017,SDF,KY,ASO,CE,Combined TRACON& Tower with Radar,159,44,13,1,217,0,0,4,0,4,159,44,17,1,221,0,0,0,221
08/21/2017,SDF,KY,ASO,CE,Combined TRACON& Tower with Radar,201,61,23,2,287,0,4,8,0,12,201,65,31,2,299,0,0,0,299
08/22/2017,SDF,KY,ASO,CE,Combined TRACON& Tower with Radar,470,86,33,1,590,0,5,3,0,8,470,91,36,1,598,0,0,0,598
08/23/2017,SDF,KY,ASO,CE,Combined TRACON& Tower with Radar,475,75,41,3,594,0,2,15,4,21,475,77,56,7,615,14,0,14,629
08/24/2017,SDF,KY,ASO,CE,Combined TRACON& Tower with Radar,445,75,33,8,561,0,6,8,2,16,445,81,41,10,577,0,0,0,577
08/25/2017,SDF,KY,ASO,CE,Combined TRACON& Tower with Radar,384,84,37,23,528,0,0,21,0,21,384,84,58,23,549,0,0,0,549
08/26/2017,SDF,KY,ASO,CE,Combined TRACON& Tower with Radar,221,55,21,23,320,0,3,13,2,18,221,58,34,25,338,10,6,16,354
08/27/2017,SDF,KY,ASO,CE,Combined TRACON& Tower with Radar,171,37,31,17,256,0,2,13,1,16,171,39,44,18,272,26,0,26,298
08/28/2017,SDF,KY,ASO,CE,Combined TRACON& Tower with Radar,201,45,24,1,271,0,0,6,0,6,201,45,30,1,277,0,0,0,277
08/29/2017,SDF,KY,ASO,CE,Combined TRACON& Tower with Radar,483,70,18,8,579,0,6,5,0,11,483,76,23,8,590,0,0,0,590
08/30/2017,SDF,KY,ASO,CE,Combined TRACON& Tower with Radar,466,67,39,1,573,0,6,6,3,15,466,73,45,4,588,0,0,0,588
08/31/2017,SDF,KY,ASO,CE,Combined TRACON& Tower with Radar,452,76,25,0,553,0,4,4,1,9,452,80,29,1,562,0,0,0,562
09/01/2017,SDF,KY,ASO,CE,Combined TRACON& Tower with Radar,410,81,18,3,512,0,0,0,0,0,410,81,18,3,512,0,0,0,512
09/02/2017,SDF,KY,ASO,CE,Combined TRACON& Tower with Radar,225,55,11,3,294,0,0,1,0,1,225,55,12,3,295,10,0,10,305
09/03/2017,SDF,KY,ASO,CE,Combined TRACON& Tower with Radar,110,32,4,3,149,0,2,8,0,10,110,34,12,3,159,0,0,0,159
09/04/2017,SDF,KY,ASO,CE,Combined TRACON& Tower with Radar,134,50,17,4,205,0,5,1,0,6,134,55,18,4,211,0,0,0,211
09/05/2017,SDF,KY,ASO,CE,Combined TRACON& Tower with Radar,277,63,18,2,360,0,2,7,0,9,277,65,25,2,369,0,0,0,369
09/06/2017,SDF,KY,ASO,CE,Combined TRACON& Tower with Radar,531,71,47,4,653,0,1,1,2,4,531,72,48,6,657,0,0,0,657
09/07/2017,SDF,KY,ASO,CE,Combined TRACON& Tower with Radar,521,92,29,13,655,0,1,8,0,9,521,93,37,13,664,0,0,0,664
09/08/2017,SDF,KY,ASO,CE,Combined TRACON& Tower with Radar,419,87,46,21,573,0,3,13,4,20,419,90,59,25,593,0,0,0,593
09/09/2017,SDF,KY,ASO,CE,Combined TRACON& Tower with Radar,223,56,14,18,311,0,1,12,7,20,223,57,26,25,331,0,0,0,331
09/10/2017,SDF,KY,ASO,CE,Combined TRACON& Tower with Radar,167,42,8,7,224,0,2,12,4,18,167,44,20,11,242,0,0,0,242
09/11/2017,SDF,KY,ASO,CE,Combined TRACON& Tower with Radar,202,55,24,6,287,0,0,28,1,29,202,55,52,7,316,8,0,8,324
09/12/2017,SDF,KY,ASO,CE,Combined TRACON& Tower with Radar,464,64,22,4,554,0,0,0,0,0,464,64,22,4,554,0,0,0,554
09/13/2017,SDF,KY,ASO,CE,Combined TRACON& Tower with Radar,456,78,28,10,572,0,0,0,2,2,456,78,28,12,574,0,0,0,574
09/14/2017,SDF,KY,ASO,CE,Combined TRACON& Tower with Radar,466,81,21,9,577,0,0,0,0,0,466,81,21,9,577,0,0,0,577
09/15/2017,SDF,KY,ASO,CE,Combined TRACON& Tower with Radar,387,87,22,18,514,0,2,6,3,11,387,89,28,21,525,0,0,0,525
09/16/2017,SDF,KY,ASO,CE,Combined TRACON& Tower with Radar,227,58,32,12,329,0,4,18,2,24,227,62,50,14,353,0,0,0,353
09/17/2017,SDF,KY,ASO,CE,Combined TRACON& Tower with Radar,175,44,26,8,253,0,2,2,1,5,175,46,28,9,258,0,0,0,258
09/18/2017,SDF,KY,ASO,CE,Combined TRACON& Tower with Radar,220,51,21,5,297,0,0,10,5,15,220,51,31,10,312,0,0,0,312
09/19/2017,SDF,KY,ASO,CE,Combined TRACON& Tower with Radar,486,75,31,19,611,0,1,9,10,20,486,76,40,29,631,22,0,22,653
09/20/2017,SDF,KY,ASO,CE,Combined TRACON& Tower with Radar,476,65,16,8,565,0,3,6,0,9,476,68,22,8,574,0,10,10,584
09/21/2017,SDF,KY,ASO,CE,Combined TRACON& Tower with Radar,478,84,42,15,619,0,1,9,6,16,478,85,51,21,635,18,0,18,653
09/22/2017,SDF,KY,ASO,CE,Combined TRACON& Tower with Radar,390,77,20,18,505,0,0,10,2,12,390,77,30,20,517,7,0,7,524
09/23/2017,SDF,KY,ASO,CE,Combined TRACON& Tower with Radar,222,74,23,4,323,0,4,10,0,14,222,78,33,4,337,0,0,0,337
09/24/2017,SDF,KY,ASO,CE,Combined TRACON& Tower with Radar,184,65,19,2,270,0,3,14,1,18,184,68,33,3,288,0,0,0,288
09/25/2017,SDF,KY,ASO,CE,Combined TRACON& Tower with Radar,234,69,11,16,330,0,0,4,8,12,234,69,15,24,342,0,0,0,342
09/26/2017,SDF,KY,ASO,CE,Combined TRACON& Tower with Radar,492,83,32,3,610,0,3,3,0,6,492,86,35,3,616,0,0,0,616
09/27/2017,SDF,KY,ASO,CE,Combined TRACON& Tower with Radar,464,78,20,4,566,0,2,4,0,6,464,80,24,4,572,0,0,0,572
09/28/2017,SDF,KY,ASO,CE,Combined TRACON& Tower with Radar,480,76,19,9,584,0,4,10,7,21,480,80,29,16,605,0,0,0,605
09/29/2017,SDF,KY,ASO,CE,Combined TRACON& Tower with Radar,405,79,27,0,511,0,2,18,0,20,405,81,45,0,531,14,0,14,545
09/30/2017,SDF,KY,ASO,CE,Combined TRACON& Tower with Radar,225,53,18,2,298,0,4,12,1,17,225,57,30,3,315,0,0,0,315
10/01/2017,SDF,KY,ASO,CE,Combined TRACON& Tower with Radar,187,46,10,4,247,0,2,4,0,6,187,48,14,4,253,0,0,0,253
10/02/2017,SDF,KY,ASO,CE,Combined TRACON& Tower with Radar,225,62,22,3,312,0,4,5,0,9,225,66,27,3,321,8,0,8,329
10/03/2017,SDF,KY,ASO,CE,Combined TRACON& Tower with Radar,490,78,40,6,614,0,6,4,0,10,490,84,44,6,624,0,0,0,624
10/04/2017,SDF,KY,ASO,CE,Combined TRACON& Tower with Radar,484,86,57,9,636,0,4,6,0,10,484,90,63,9,646,0,0,0,646
10/05/2017,SDF,KY,ASO,CE,Combined TRACON& Tower with Radar,481,87,50,4,622,0,2,13,1,16,481,89,63,5,638,0,0,0,638
10/06/2017,SDF,KY,ASO,CE,Combined TRACON& Tower with Radar,391,82,26,8,507,0,2,8,0,10,391,84,34,8,517,0,0,0,517
10/07/2017,SDF,KY,ASO,CE,Combined TRACON& Tower with Radar,237,63,9,5,314,0,6,0,2,8,237,69,9,7,322,0,0,0,322
10/08/2017,SDF,KY,ASO,CE,Combined TRACON& Tower with Radar,168,47,12,4,231,0,0,0,0,0,168,47,12,4,231,0,0,0,231
10/09/2017,SDF,KY,ASO,CE,Combined TRACON& Tower with Radar,217,55,24,2,298,0,0,0,0,0,217,55,24,2,298,0,0,0,298
10/10/2017,SDF,KY,ASO,CE,Combined TRACON& Tower with Radar,473,75,42,3,593,0,0,0,0,0,473,75,42,3,593,0,0,0,593
10/11/2017,SDF,KY,ASO,CE,Combined TRACON& Tower with Radar,489,86,45,16,636,0,4,0,0,4,489,90,45,16,640,0,7,7,647
10/12/2017,SDF,KY,ASO,CE,Combined TRACON& Tower with Radar,477,93,27,9,606,0,2,4,0,6,477,95,31,9,612,0,0,0,612
10/13/2017,SDF,KY,ASO,CE,Combined TRACON& Tower with Radar,386,87,21,10,504,0,2,3,0,5,386,89,24,10,509,0,0,0,509
10/14/2017,SDF,KY,ASO,CE,Combined TRACON& Tower with Radar,225,60,9,5,299,0,4,5,2,11,225,64,14,7,310,0,0,0,310
10/15/2017,SDF,KY,ASO,CE,Combined TRACON& Tower with Radar,183,48,27,4,262,0,6,0,0,6,183,54,27,4,268,0,0,0,268
10/16/2017,SDF,KY,ASO,CE,Combined TRACON& Tower with Radar,212,53,29,2,296,0,0,4,0,4,212,53,33,2,300,0,0,0,300
10/17/2017,SDF,KY,ASO,CE,Combined TRACON& Tower with Radar,493,73,32,7,605,0,0,5,2,7,493,73,37,9,612,0,0,0,612
10/18/2017,SDF,KY,ASO,CE,Combined TRACON& Tower with Radar,478,82,30,4,594,0,3,8,3,14,478,85,38,7,608,0,0,0,608
10/19/2017,SDF,KY,ASO,CE,Combined TRACON& Tower with Radar,470,89,63,5,627,0,7,10,5,22,470,96,73,10,649,0,0,0,649
10/20/2017,SDF,KY,ASO,CE,Combined TRACON& Tower with Radar,392,84,51,8,535,0,1,13,3,17,392,85,64,11,552,0,4,4,556
10/21/2017,SDF,KY,ASO,CE,Combined TRACON& Tower with Radar,237,61,14,9,321,0,0,6,1,7,237,61,20,10,328,0,0,0,328
10/22/2017,SDF,KY,ASO,CE,Combined TRACON& Tower with Radar,169,48,16,5,238,0,2,12,1,15,169,50,28,6,253,0,0,0,253
10/23/2017,SDF,KY,ASO,CE,Combined TRACON& Tower with Radar,216,62,31,10,319,0,0,0,12,12,216,62,31,22,331,0,0,0,331
10/24/2017,SDF,KY,ASO,CE,Combined TRACON& Tower with Radar,485,77,36,5,603,0,0,4,3,7,485,77,40,8,610,0,8,8,618
10/25/2017,SDF,KY,ASO,CE,Combined TRACON& Tower with Radar,469,69,31,10,579,0,4,8,2,14,469,73,39,12,593,0,0,0,593
10/26/2017,SDF,KY,ASO,CE,Combined TRACON& Tower with Radar,479,94,33,19,625,0,2,5,0,7,479,96,38,19,632,0,0,0,632
10/27/2017,SDF,KY,ASO,CE,Combined TRACON& Tower with Radar,401,76,14,3,494,0,2,0,0,2,401,78,14,3,496,0,0,0,496
10/28/2017,SDF,KY,ASO,CE,Combined TRACON& Tower with Radar,242,57,15,2,316,0,1,2,0,3,242,58,17,2,319,0,0,0,319
10/29/2017,SDF,KY,ASO,CE,Combined TRACON& Tower with Radar,173,47,16,0,236,0,1,0,0,1,173,48,16,0,237,0,0,0,237
10/30/2017,SDF,KY,ASO,CE,Combined TRACON& Tower with Radar,201,51,21,4,277,0,4,1,0,5,201,55,22,4,282,0,0,0,282
10/31/2017,SDF,KY,ASO,CE,Combined TRACON& Tower with Radar,469,66,16,0,551,0,0,14,0,14,469,66,30,0,565,0,0,0,565
11/01/2017,SDF,KY,ASO,CE,Combined TRACON& Tower with Radar,444,97,25,6,572,0,1,0,0,1,444,98,25,6,573,0,0,0,573
11/02/2017,SDF,KY,ASO,CE,Combined TRACON& Tower with Radar,470,83,36,5,594,0,2,7,2,11,470,85,43,7,605,0,0,0,605
11/03/2017,SDF,KY,ASO,CE,Combined TRACON& Tower with Radar,381,82,34,2,499,0,0,0,0,0,381,82,34,2,499,0,0,0,499
11/04/2017,SDF,KY,ASO,CE,Combined TRACON& Tower with Radar,225,60,11,2,298,0,0,2,0,2,225,60,13,2,300,0,0,0,300
11/05/2017,SDF,KY,ASO,CE,Combined TRACON& Tower with Radar,191,44,27,11,273,0,1,1,1,3,191,45,28,12,276,0,0,0,276
11/06/2017,SDF,KY,ASO,CE,Combined TRACON& Tower with Radar,202,61,17,8,288,0,0,1,7,8,202,61,18,15,296,0,0,0,296
11/07/2017,SDF,KY,ASO,CE,Combined TRACON& Tower with Radar,483,91,25,7,606,0,1,0,5,6,483,92,25,12,612,0,0,0,612
11/08/2017,SDF,KY,ASO,CE,Combined TRACON& Tower with Radar,481,76,27,8,592,0,3,9,7,19,481,79,36,15,611,0,0,0,611
11/09/2017,SDF,KY,ASO,CE,Combined TRACON& Tower with Radar,458,91,20,3,572,0,2,10,3,15,458,93,30,6,587,0,0,0,587
11/10/2017,SDF,KY,ASO,CE,Combined TRACON& Tower with Radar,382,86,31,0,499,0,4,11,0,15,382,90,42,0,514,0,0,0,514
11/11/2017,SDF,KY,ASO,CE,Combined TRACON& Tower with Radar,239,60,16,0,315,0,5,15,0,20,239,65,31,0,335,0,0,0,335
11/12/2017,SDF,KY,ASO,CE,Combined TRACON& Tower with Radar,178,52,25,0,255,0,0,3,0,3,178,52,28,0,258,0,0,0,258
11/13/2017,SDF,KY,ASO,CE,Combined TRACON& Tower with Radar,217,60,21,1,299,0,1,5,0,6,217,61,26,1,305,0,0,0,305
11/14/2017,SDF,KY,ASO,CE,Combined TRACON& Tower with Radar,495,87,12,6,600,0,0,7,6,13,495,87,19,12,613,0,0,0,613
11/15/2017,SDF,KY,ASO,CE,Combined TRACON& Tower with Radar,474,86,34,10,604,0,2,1,0,3,474,88,35,10,607,0,0,0,607
11/16/2017,SDF,KY,ASO,CE,Combined TRACON& Tower with Radar,478,88,22,10,598,0,1,3,0,4,478,89,25,10,602,0,0,0,602
11/17/2017,SDF,KY,ASO,CE,Combined TRACON& Tower with Radar,409,93,28,4,534,0,2,3,2,7,409,95,31,6,541,0,0,0,541
11/18/2017,SDF,KY,ASO,CE,Combined TRACON& Tower with Radar,254,65,14,0,333,0,4,0,0,4,254,69,14,0,337,0,0,0,337
11/19/2017,SDF,KY,ASO,CE,Combined TRACON& Tower with Radar,185,54,16,1,256,0,4,13,0,17,185,58,29,1,273,20,0,20,293
11/20/2017,SDF,KY,ASO,CE,Combined TRACON& Tower with Radar,220,57,14,1,292,0,4,12,1,17,220,61,26,2,309,0,0,0,309
11/21/2017,SDF,KY,ASO,CE,Combined TRACON& Tower with Radar,546,90,9,8,653,0,2,6,2,10,546,92,15,10,663,0,0,0,663
11/22/2017,SDF,KY,ASO,CE,Combined TRACON& Tower with Radar,534,83,12,4,633,0,2,10,1,13,534,85,22,5,646,0,0,0,646
11/23/2017,SDF,KY,ASO,CE,Combined TRACON& Tower with Radar,207,28,3,0,238,0,3,3,0,6,207,31,6,0,244,0,0,0,244
11/24/2017,SDF,KY,ASO,CE,Combined TRACON& Tower with Radar,274,43,17,0,334,0,2,11,0,13,274,45,28,0,347,12,0,12,359
11/25/2017,SDF,KY,ASO,CE,Combined TRACON& Tower with Radar,265,61,12,0,338,0,0,5,0,5,265,61,17,0,343,0,0,0,343
11/26/2017,SDF,KY,ASO,CE,Combined TRACON& Tower with Radar,224,60,25,0,309,0,3,4,0,7,224,63,29,0,316,0,0,0,316
11/27/2017,SDF,KY,ASO,CE,Combined TRACON& Tower with Radar,273,69,25,1,368,0,0,3,0,3,273,69,28,1,371,0,0,0,371
11/28/2017,SDF,KY,ASO,CE,Combined TRACON& Tower with Radar,567,95,45,4,711,0,0,5,1,6,567,95,50,5,717,0,0,0,717
11/29/2017,SDF,KY,ASO,CE,Combined TRACON& Tower with Radar,593,88,34,8,723,0,0,5,4,9,593,88,39,12,732,0,0,0,732
11/30/2017,SDF,KY,ASO,CE,Combined TRACON& Tower with Radar,580,84,23,4,691,0,4,1,1,6,580,88,24,5,697,0,0,0,697
12/01/2017,SDF,KY,ASO,CE,Combined TRACON& Tower with Radar,495,81,19,3,598,0,0,11,1,12,495,81,30,4,610,6,0,6,616
12/02/2017,SDF,KY,ASO,CE,Combined TRACON& Tower with Radar,256,51,9,0,316,0,7,9,0,16,256,58,18,0,332,6,0,6,338
12/03/2017,SDF,KY,ASO,CE,Combined TRACON& Tower with Radar,214,53,13,0,280,0,0,7,0,7,214,53,20,0,287,4,0,4,291
12/04/2017,SDF,KY,ASO,CE,Combined TRACON& Tower with Radar,266,64,24,5,359,0,1,7,1,9,266,65,31,6,368,0,0,0,368
12/05/2017,SDF,KY,ASO,CE,Combined TRACON& Tower with Radar,571,83,31,1,686,0,0,2,1,3,571,83,33,2,689,0,0,0,689
12/06/2017,SDF,KY,ASO,CE,Combined TRACON& Tower with Radar,599,71,28,3,701,0,1,6,6,13,599,72,34,9,714,0,0,0,714
12/07/2017,SDF,KY,ASO,CE,Combined TRACON& Tower with Radar,560,72,27,13,672,0,0,5,3,8,560,72,32,16,680,0,0,0,680
12/08/2017,SDF,KY,ASO,CE,Combined TRACON& Tower with Radar,467,76,24,1,568,0,1,5,0,6,467,77,29,1,574,0,0,0,574
12/09/2017,SDF,KY,ASO,CE,Combined TRACON& Tower with Radar,259,45,18,1,323,0,1,2,0,3,259,46,20,1,326,0,0,0,326
12/10/2017,SDF,KY,ASO,CE,Combined TRACON& Tower with Radar,218,40,20,0,278,0,2,4,0,6,218,42,24,0,284,0,0,0,284
12/11/2017,SDF,KY,ASO,CE,Combined TRACON& Tower with Radar,275,62,24,0,361,0,2,0,1,3,275,64,24,1,364,0,0,0,364
12/12/2017,SDF,KY,ASO,CE,Combined TRACON& Tower with Radar,631,89,18,3,741,0,3,9,1,13,631,92,27,4,754,0,0,0,754
12/13/2017,SDF,KY,ASO,CE,Combined TRACON& Tower with Radar,627,75,26,5,733,0,1,4,1,6,627,76,30,6,739,0,0,0,739
12/14/2017,SDF,KY,ASO,CE,Combined TRACON& Tower with Radar,639,93,25,2,759,0,4,7,2,13,639,97,32,4,772,0,0,0,772
12/15/2017,SDF,KY,ASO,CE,Combined TRACON& Tower with Radar,544,85,24,17,670,0,3,3,0,6,544,88,27,17,676,0,0,0,676
12/16/2017,SDF,KY,ASO,CE,Combined TRACON& Tower with Radar,430,51,12,3,496,0,2,8,5,15,430,53,20,8,511,2,0,2,513
12/17/2017,SDF,KY,ASO,CE,Combined TRACON& Tower with Radar,400,39,13,2,454,0,2,2,0,4,400,41,15,2,458,0,0,0,458
12/18/2017,SDF,KY,ASO,CE,Combined TRACON& Tower with Radar,494,53,17,11,575,0,0,0,0,0,494,53,17,11,575,0,0,0,575
12/19/2017,SDF,KY,ASO,CE,Combined TRACON& Tower with Radar,698,71,135,4,908,0,4,4,0,8,698,75,139,4,916,0,0,0,916
12/20/2017,SDF,KY,ASO,CE,Combined TRACON& Tower with Radar,713,76,18,4,811,0,8,0,0,8,713,84,18,4,819,0,0,0,819
12/21/2017,SDF,KY,ASO,CE,Combined TRACON& Tower with Radar,719,72,17,6,814,0,0,4,0,4,719,72,21,6,818,0,0,0,818
12/22/2017,SDF,KY,ASO,CE,Combined TRACON& Tower with Radar,704,71,20,0,795,0,0,2,0,2,704,71,22,0,797,0,0,0,797
12/23/2017,SDF,KY,ASO,CE,Combined TRACON& Tower with Radar,466,61,22,0,549,0,0,1,0,1,466,61,23,0,550,0,0,0,550
12/24/2017,SDF,KY,ASO,CE,Combined TRACON& Tower with Radar,129,37,4,0,170,0,0,1,0,1,129,37,5,0,171,0,0,0,171
12/25/2017,SDF,KY,ASO,CE,Combined TRACON& Tower with Radar,93,34,0,0,127,0,3,0,0,3,93,37,0,0,130,0,0,0,130
12/26/2017,SDF,KY,ASO,CE,Combined TRACON& Tower with Radar,281,48,22,0,351,0,1,3,0,4,281,49,25,0,355,0,0,0,355
12/27/2017,SDF,KY,ASO,CE,Combined TRACON& Tower with Radar,526,64,18,0,608,0,1,15,0,16,526,65,33,0,624,0,0,0,624
12/28/2017,SDF,KY,ASO,CE,Combined TRACON& Tower with Radar,501,63,13,8,585,0,1,4,0,5,501,64,17,8,590,0,0,0,590
12/29/2017,SDF,KY,ASO,CE,Combined TRACON& Tower with Radar,411,60,10,0,481,0,0,3,0,3,411,60,13,0,484,0,0,0,484
12/30/2017,SDF,KY,ASO,CE,Combined TRACON& Tower with Radar,265,57,6,0,328,0,3,1,0,4,265,60,7,0,332,0,0,0,332
12/31/2017,SDF,KY,ASO,CE,Combined TRACON& Tower with Radar,119,35,3,0,157,0,7,2,0,9,119,42,5,0,166,0,0,0,166
01/01/2018,SDF,KY,ASO,CE,Combined TRACON& Tower with Radar,99,44,9,0,152,0,1,3,0,4,99,45,12,0,156,0,0,0,156
01/02/2018,SDF,KY,ASO,CE,Combined TRACON& Tower with Radar,274,67,17,0,358,0,3,13,0,16,274,70,30,0,374,0,0,0,374
01/03/2018,SDF,KY,ASO,CE,Combined TRACON& Tower with Radar,510,63,14,4,591,0,2,4,0,6,510,65,18,4,597,0,0,0,597
01/04/2018,SDF,KY,ASO,CE,Combined TRACON& Tower with Radar,471,46,12,0,529,0,1,4,0,5,471,47,16,0,534,0,0,0,534
01/05/2018,SDF,KY,ASO,CE,Combined TRACON& Tower with Radar,388,59,12,2,461,0,4,3,1,8,388,63,15,3,469,0,0,0,469
01/06/2018,SDF,KY,ASO,CE,Combined TRACON& Tower with Radar,234,54,3,0,291,0,0,6,1,7,234,54,9,1,298,0,0,0,298
01/07/2018,SDF,KY,ASO,CE,Combined TRACON& Tower with Radar,170,36,14,0,220,0,2,8,0,10,170,38,22,0,230,10,0,10,240
01/08/2018,SDF,KY,ASO,CE,Combined TRACON& Tower with Radar,189,49,10,14,262,0,0,0,6,6,189,49,10,20,268,0,0,0,268
01/09/2018,SDF,KY,ASO,CE,Combined TRACON& Tower with Radar,461,69,35,11,576,0,0,0,0,0,461,69,35,11,576,0,6,6,582
01/10/2018,SDF,KY,ASO,CE,Combined TRACON& Tower with Radar,456,73,22,6,557,0,0,0,4,4,456,73,22,10,561,0,1,1,562
01/11/2018,SDF,KY,ASO,CE,Combined TRACON& Tower with Radar,439,75,28,7,549,0,4,1,0,5,439,79,29,7,554,0,0,0,554
01/12/2018,SDF,KY,ASO,CE,Combined TRACON& Tower with Radar,354,53,9,0,416,0,0,0,0,0,354,53,9,0,416,0,0,0,416
01/13/2018,SDF,KY,ASO,CE,Combined TRACON& Tower with Radar,240,54,11,3,308,0,0,5,0,5,240,54,16,3,313,18,0,18,331
01/14/2018,SDF,KY,ASO,CE,Combined TRACON& Tower with Radar,145,37,17,0,199,0,0,19,0,19,145,37,36,0,218,4,0,4,222
01/15/2018,SDF,KY,ASO,CE,Combined TRACON& Tower with Radar,180,43,18,3,244,0,0,3,0,3,180,43,21,3,247,0,0,0,247
01/16/2018,SDF,KY,ASO,CE,Combined TRACON& Tower with Radar,453,67,27,16,563,0,1,6,0,7,453,68,33,16,570,0,0,0,570
01/17/2018,SDF,KY,ASO,CE,Combined TRACON& Tower with Radar,439,74,41,4,558,0,4,4,4,12,439,78,45,8,570,0,0,0,570
01/18/2018,SDF,KY,ASO,CE,Combined TRACON& Tower with Radar,428,88,38,9,563,0,3,14,11,28,428,91,52,20,591,8,0,8,599
01/19/2018,SDF,KY,ASO,CE,Combined TRACON& Tower with Radar,369,77,20,15,481,0,1,13,7,21,369,78,33,22,502,0,0,0,502
01/20/2018,SDF,KY,ASO,CE,Combined TRACON& Tower with Radar,219,60,10,2,291,0,3,8,0,11,219,63,18,2,302,0,0,0,302
01/21/2018,SDF,KY,ASO,CE,Combined TRACON& Tower with Radar,164,44,16,2,226,0,2,4,0,6,164,46,20,2,232,0,0,0,232
01/22/2018,SDF,KY,ASO,CE,Combined TRACON& Tower with Radar,188,51,13,0,252,0,2,3,0,5,188,53,16,0,257,0,0,0,257
01/23/2018,SDF,KY,ASO,CE,Combined TRACON& Tower with Radar,455,74,18,3,550,0,0,8,0,8,455,74,26,3,558,0,0,0,558
01/24/2018,SDF,KY,ASO,CE,Combined TRACON& Tower with Radar,440,73,19,11,543,0,2,10,7,19,440,75,29,18,562,0,5,5,567
01/25/2018,SDF,KY,ASO,CE,Combined TRACON& Tower with Radar,432,85,35,3,555,0,2,8,7,17,432,87,43,10,572,20,2,22,594
01/26/2018,SDF,KY,ASO,CE,Combined TRACON& Tower with Radar,366,79,34,0,479,0,0,17,1,18,366,79,51,1,497,0,0,0,497
01/27/2018,SDF,KY,ASO,CE,Combined TRACON& Tower with Radar,211,59,9,1,280,0,3,0,1,4,211,62,9,2,284,0,0,0,284
01/28/2018,SDF,KY,ASO,CE,Combined TRACON& Tower with Radar,154,44,22,11,231,0,2,8,2,12,154,46,30,13,243,14,0,14,257
01/29/2018,SDF,KY,ASO,CE,Combined TRACON& Tower with Radar,177,52,12,1,242,0,0,1,3,4,177,52,13,4,246,0,1,1,247
01/30/2018,SDF,KY,ASO,CE,Combined TRACON& Tower with Radar,451,76,18,3,548,0,2,8,8,18,451,78,26,11,566,10,0,10,576
01/31/2018,SDF,KY,ASO,CE,Combined TRACON& Tower with Radar,430,75,18,14,537,0,6,3,9,18,430,81,21,23,555,0,0,0,555
02/01/2018,SDF,KY,ASO,CE,Combined TRACON& Tower with Radar,428,77,24,6,535,0,0,4,2,6,428,77,28,8,541,0,0,0,541
02/02/2018,SDF,KY,ASO,CE,Combined TRACON& Tower with Radar,366,76,8,19,469,0,3,7,12,22,366,79,15,31,491,0,0,0,491
02/03/2018,SDF,KY,ASO,CE,Combined TRACON& Tower with Radar,221,55,5,0,281,0,5,4,0,9,221,60,9,0,290,0,0,0,290
02/04/2018,SDF,KY,ASO,CE,Combined TRACON& Tower with Radar,138,33,14,3,188,0,0,0,0,0,138,33,14,3,188,0,0,0,188
02/05/2018,SDF,KY,ASO,CE,Combined TRACON& Tower with Radar,187,51,21,5,264,0,0,4,2,6,187,51,25,7,270,2,0,2,272
02/06/2018,SDF,KY,ASO,CE,Combined TRACON& Tower with Radar,449,71,34,9,563,0,4,3,0,7,449,75,37,9,570,0,0,0,570
02/07/2018,SDF,KY,ASO,CE,Combined TRACON& Tower with Radar,421,60,35,11,527,0,2,3,3,8,421,62,38,14,535,2,0,2,537
02/08/2018,SDF,KY,ASO,CE,Combined TRACON& Tower with Radar,441,68,25,3,537,0,9,20,4,33,441,77,45,7,570,8,0,8,578
02/09/2018,SDF,KY,ASO,CE,Combined TRACON& Tower with Radar,354,74,16,2,446,0,8,13,0,21,354,82,29,2,467,0,0,0,467
02/10/2018,SDF,KY,ASO,CE,Combined TRACON& Tower with Radar,232,66,8,0,306,0,0,0,0,0,232,66,8,0,306,0,0,0,306
02/11/2018,SDF,KY,ASO,CE,Combined TRACON& Tower with Radar,160,34,10,1,205,0,0,0,0,0,160,34,10,1,205,0,0,0,205
02/12/2018,SDF,KY,ASO,CE,Combined TRACON& Tower with Radar,223,57,22,2,304,0,5,9,0,14,223,62,31,2,318,0,0,0,318
02/13/2018,SDF,KY,ASO,CE,Combined TRACON& Tower with Radar,496,79,31,10,616,0,4,8,3,15,496,83,39,13,631,0,0,0,631
02/14/2018,SDF,KY,ASO,CE,Combined TRACON& Tower with Radar,468,80,61,10,619,0,0,0,2,2,468,80,61,12,621,0,2,2,623
02/15/2018,SDF,KY,ASO,CE,Combined TRACON& Tower with Radar,446,67,53,12,578,0,0,4,7,11,446,67,57,19,589,0,0,0,589
02/16/2018,SDF,KY,ASO,CE,Combined TRACON& Tower with Radar,376,78,38,3,495,0,0,5,0,5,376,78,43,3,500,0,0,0,500
02/17/2018,SDF,KY,ASO,CE,Combined TRACON& Tower with Radar,237,47,18,1,303,0,1,1,0,2,237,48,19,1,305,0,0,0,305
02/18/2018,SDF,KY,ASO,CE,Combined TRACON& Tower with Radar,144,44,15,1,204,0,2,13,0,15,144,46,28,1,219,0,0,0,219
02/19/2018,SDF,KY,ASO,CE,Combined TRACON& Tower with Radar,196,38,22,1,257,0,2,9,0,11,196,40,31,1,268,8,0,8,276
02/20/2018,SDF,KY,ASO,CE,Combined TRACON& Tower with Radar,463,63,22,3,551,0,2,1,0,3,463,65,23,3,554,0,0,0,554
02/21/2018,SDF,KY,ASO,CE,Combined TRACON& Tower with Radar,444,79,16,10,549,0,2,0,0,2,444,81,16,10,551,0,0,0,551
02/22/2018,SDF,KY,ASO,CE,Combined TRACON& Tower with Radar,436,69,35,6,546,0,0,1,0,1,436,69,36,6,547,0,0,0,547
02/23/2018,SDF,KY,ASO,CE,Combined TRACON& Tower with Radar,382,66,31,3,482,0,0,2,0,2,382,66,33,3,484,0,0,0,484
02/24/2018,SDF,KY,ASO,CE,Combined TRACON& Tower with Radar,236,57,7,3,303,0,0,0,0,0,236,57,7,3,303,0,0,0,303
02/25/2018,SDF,KY,ASO,CE,Combined TRACON& Tower with Radar,171,50,9,4,234,0,0,23,0,23,171,50,32,4,257,18,0,18,275
02/26/2018,SDF,KY,ASO,CE,Combined TRACON& Tower with Radar,206,44,28,1,279,0,1,18,0,19,206,45,46,1,298,8,0,8,306
02/27/2018,SDF,KY,ASO,CE,Combined TRACON& Tower with Radar,458,58,42,11,569,0,0,9,0,9,458,58,51,11,578,0,0,0,578
02/28/2018,SDF,KY,ASO,CE,Combined TRACON& Tower with Radar,451,65,18,3,537,0,0,0,0,0,451,65,18,3,537,0,0,0,537
03/01/2018,SDF,KY,ASO,CE,Combined TRACON& Tower with Radar,449,68,19,14,550,0,4,0,4,8,449,72,19,18,558,0,0,0,558
03/02/2018,SDF,KY,ASO,CE,Combined TRACON& Tower with Radar,382,60,16,2,460,0,2,16,0,18,382,62,32,2,478,4,0,4,482
03/03/2018,SDF,KY,ASO,CE,Combined TRACON& Tower with Radar,225,60,17,1,303,0,2,21,0,23,225,62,38,1,326,0,0,0,326
03/04/2018,SDF,KY,ASO,CE,Combined TRACON& Tower with Radar,156,36,24,7,223,0,1,23,0,24,156,37,47,7,247,8,0,8,255
03/05/2018,SDF,KY,ASO,CE,Combined TRACON& Tower with Radar,205,42,16,3,266,0,0,13,1,14,205,42,29,4,280,0,0,0,280
03/06/2018,SDF,KY,ASO,CE,Combined TRACON& Tower with Radar,470,80,23,0,573,0,2,9,0,11,470,82,32,0,584,0,0,0,584
03/07/2018,SDF,KY,ASO,CE,Combined TRACON& Tower with Radar,451,62,33,1,547,0,2,11,1,14,451,64,44,2,561,1,0,1,562
03/08/2018,SDF,KY,ASO,CE,Combined TRACON& Tower with Radar,449,58,34,1,542,0,5,9,3,17,449,63,43,4,559,0,10,10,569
03/09/2018,SDF,KY,ASO,CE,Combined TRACON& Tower with Radar,383,70,25,0,478,0,0,15,0,15,383,70,40,0,493,0,0,0,493
03/10/2018,SDF,KY,ASO,CE,Combined TRACON& Tower with Radar,241,50,12,0,303,0,0,9,0,9,241,50,21,0,312,0,0,0,312
03/11/2018,SDF,KY,ASO,CE,Combined TRACON& Tower with Radar,168,34,14,0,216,0,0,23,7,30,168,34,37,7,246,0,0,0,246
03/12/2018,SDF,KY,ASO,CE,Combined TRACON& Tower with Radar,203,47,18,0,268,0,2,23,0,25,203,49,41,0,293,4,0,4,297
03/13/2018,SDF,KY,ASO,CE,Combined TRACON& Tower with Radar,462,62,12,2,538,0,4,12,2,18,462,66,24,4,556,0,1,1,557
03/14/2018,SDF,KY,ASO,CE,Combined TRACON& Tower with Radar,464,78,33,1,576,0,2,11,1,14,464,80,44,2,590,0,0,0,590
03/15/2018,SDF,KY,ASO,CE,Combined TRACON& Tower with Radar,445,65,20,2,532,0,4,16,8,28,445,69,36,10,560,0,0,0,560
03/16/2018,SDF,KY,ASO,CE,Combined TRACON& Tower with Radar,378,70,11,5,464,0,4,29,2,35,378,74,40,7,499,0,0,0,499
03/17/2018,SDF,KY,ASO,CE,Combined TRACON& Tower with Radar,232,56,6,4,298,0,0,1,0,1,232,56,7,4,299,0,0,0,299
03/18/2018,SDF,KY,ASO,CE,Combined TRACON& Tower with Radar,163,37,18,7,225,0,0,26,0,26,163,37,44,7,251,4,0,4,255
03/19/2018,SDF,KY,ASO,CE,Combined TRACON& Tower with Radar,210,56,21,5,292,0,2,13,0,15,210,58,34,5,307,0,0,0,307
03/20/2018,SDF,KY,ASO,CE,Combined TRACON& Tower with Radar,443,70,26,0,539,0,0,1,0,1,443,70,27,0,540,0,0,0,540
03/21/2018,SDF,KY,ASO,CE,Combined TRACON& Tower with Radar,450,64,49,3,566,0,1,9,2,12,450,65,58,5,578,10,0,10,588
03/22/2018,SDF,KY,ASO,CE,Combined TRACON& Tower with Radar,446,79,46,11,582,0,2,21,3,26,446,81,67,14,608,0,0,0,608
03/23/2018,SDF,KY,ASO,CE,Combined TRACON& Tower with Radar,378,75,36,6,495,0,0,14,0,14,378,75,50,6,509,6,0,6,515
03/24/2018,SDF,KY,ASO,CE,Combined TRACON& Tower with Radar,240,64,19,1,324,0,0,1,0,1,240,64,20,1,325,0,0,0,325
03/25/2018,SDF,KY,ASO,CE,Combined TRACON& Tower with Radar,173,36,16,21,246,0,10,26,12,48,173,46,42,33,294,17,4,21,315
03/26/2018,SDF,KY,ASO,CE,Combined TRACON& Tower with Radar,200,49,16,2,267,0,0,11,20,31,200,49,27,22,298,0,0,0,298
03/27/2018,SDF,KY,ASO,CE,Combined TRACON& Tower with Radar,474,79,21,11,585,0,0,1,5,6,474,79,22,16,591,0,0,0,591
03/28/2018,SDF,KY,ASO,CE,Combined TRACON& Tower with Radar,462,74,29,7,572,0,0,0,0,0,462,74,29,7,572,0,0,0,572
03/29/2018,SDF,KY,ASO,CE,Combined TRACON& Tower with Radar,454,77,25,6,562,0,0,0,3,3,454,77,25,9,565,0,0,0,565
03/30/2018,SDF,KY,ASO,CE,Combined TRACON& Tower with Radar,382,78,19,2,481,0,5,25,2,32,382,83,44,4,513,0,0,0,513
03/31/2018,SDF,KY,ASO,CE,Combined TRACON& Tower with Radar,237,55,16,1,309,0,2,30,0,32,237,57,46,1,341,0,0,0,341
04/01/2018,SDF,KY,ASO,CE,Combined TRACON& Tower with Radar,160,35,11,0,206,0,0,9,0,9,160,35,20,0,215,0,0,0,215
04/02/2018,SDF,KY,ASO,CE,Combined TRACON& Tower with Radar,183,45,16,0,244,0,0,3,0,3,183,45,19,0,247,8,0,8,255
04/03/2018,SDF,KY,ASO,CE,Combined TRACON& Tower with Radar,455,69,20,0,544,0,2,2,0,4,455,71,22,0,548,0,0,0,548
04/04/2018,SDF,KY,ASO,CE,Combined TRACON& Tower with Radar,473,74,22,4,573,0,0,10,0,10,473,74,32,4,583,14,0,14,597
04/05/2018,SDF,KY,ASO,CE,Combined TRACON& Tower with Radar,443,79,15,4,541,0,0,15,2,17,443,79,30,6,558,0,0,0,558
04/06/2018,SDF,KY,ASO,CE,Combined TRACON& Tower with Radar,365,71,23,3,462,0,6,10,0,16,365,77,33,3,478,0,0,0,478
04/07/2018,SDF,KY,ASO,CE,Combined TRACON& Tower with Radar,228,75,20,2,325,0,0,7,0,7,228,75,27,2,332,0,0,0,332
04/08/2018,SDF,KY,ASO,CE,Combined TRACON& Tower with Radar,163,49,27,3,242,0,0,13,0,13,163,49,40,3,255,8,0,8,263
04/09/2018,SDF,KY,ASO,CE,Combined TRACON& Tower with Radar,205,48,15,4,272,0,7,4,2,13,205,55,19,6,285,0,0,0,285
04/10/2018,SDF,KY,ASO,CE,Combined TRACON& Tower with Radar,474,75,27,6,582,0,2,4,2,8,474,77,31,8,590,0,0,0,590
04/11/2018,SDF,KY,ASO,CE,Combined TRACON& Tower with Radar,459,71,25,4,559,0,4,17,2,23,459,75,42,6,582,2,0,2,584
04/12/2018,SDF,KY,ASO,CE,Combined TRACON& Tower with Radar,446,78,25,2,551,0,3,1,1,5,446,81,26,3,556,2,0,2,558
04/13/2018,SDF,KY,ASO,CE,Combined TRACON& Tower with Radar,385,82,19,5,491,0,2,4,0,6,385,84,23,5,497,0,0,0,497
04/14/2018,SDF,KY,ASO,CE,Combined TRACON& Tower with Radar,232,57,1,2,292,0,2,1,0,3,232,59,2,2,295,0,0,0,295
04/15/2018,SDF,KY,ASO,CE,Combined TRACON& Tower with Radar,166,42,16,0,224,0,0,7,0,7,166,42,23,0,231,0,0,0,231
04/16/2018,SDF,KY,ASO,CE,Combined TRACON& Tower with Radar,210,46,21,3,280,0,0,1,0,1,210,46,22,3,281,0,0,0,281
04/17/2018,SDF,KY,ASO,CE,Combined TRACON& Tower with Radar,478,81,33,2,594,0,3,16,0,19,478,84,49,2,613,12,0,12,625
04/18/2018,SDF,KY,ASO,CE,Combined TRACON& Tower with Radar,454,80,32,4,570,0,7,6,4,17,454,87,38,8,587,0,0,0,587
04/19/2018,SDF,KY,ASO,CE,Combined TRACON& Tower with Radar,450,75,13,13,551,0,0,3,7,10,450,75,16,20,561,0,3,3,564
04/20/2018,SDF,KY,ASO,CE,Combined TRACON& Tower with Radar,385,82,37,14,518,0,0,10,28,38,385,82,47,42,556,14,10,24,580
04/21/2018,SDF,KY,ASO,CE,Combined TRACON& Tower with Radar,225,58,18,7,308,2,0,28,28,58,227,58,46,35,366,20,0,20,386
04/22/2018,SDF,KY,ASO,CE,Combined TRACON& Tower with Radar,164,50,29,25,268,0,3,20,3,26,164,53,49,28,294,22,0,22,316
04/23/2018,SDF,KY,ASO,CE,Combined TRACON& Tower with Radar,210,59,20,6,295,0,0,0,0,0,210,59,20,6,295,0,0,0,295
04/24/2018,SDF,KY,ASO,CE,Combined TRACON& Tower with Radar,480,90,31,3,604,0,0,0,0,0,480,90,31,3,604,0,0,0,604
04/25/2018,SDF,KY,ASO,CE,Combined TRACON& Tower with Radar,467,94,37,10,608,0,0,0,1,1,467,94,37,11,609,0,0,0,609
04/26/2018,SDF,KY,ASO,CE,Combined TRACON& Tower with Radar,447,88,24,3,562,0,3,11,1,15,447,91,35,4,577,4,0,4,581
04/27/2018,SDF,KY,ASO,CE,Combined TRACON& Tower with Radar,377,87,17,4,485,0,4,13,0,17,377,91,30,4,502,0,0,0,502
04/28/2018,SDF,KY,ASO,CE,Combined TRACON& Tower with Radar,224,67,7,0,298,0,3,8,0,11,224,70,15,0,309,0,0,0,309
04/29/2018,SDF,KY,ASO,CE,Combined TRACON& Tower with Radar,173,49,23,2,247,0,3,17,0,20,173,52,40,2,267,0,0,0,267
04/30/2018,SDF,KY,ASO,CE,Combined TRACON& Tower with Radar,223,58,26,0,307,0,4,10,0,14,223,62,36,0,321,0,0,0,321
05/01/2018,SDF,KY,ASO,CE,Combined TRACON& Tower with Radar,467,93,44,2,606,0,3,6,3,12,467,96,50,5,618,0,0,0,618
05/02/2018,SDF,KY,ASO,CE,Combined TRACON& Tower with Radar,450,106,59,0,615,0,8,2,2,12,450,114,61,2,627,0,0,0,627
05/03/2018,SDF,KY,ASO,CE,Combined TRACON& Tower with Radar,488,213,167,0,868,0,5,8,0,13,488,218,175,0,881,0,0,0,881
05/04/2018,SDF,KY,ASO,CE,Combined TRACON& Tower with Radar,385,151,129,0,665,0,4,16,8,28,385,155,145,8,693,0,0,0,693
05/05/2018,SDF,KY,ASO,CE,Combined TRACON& Tower with Radar,241,212,187,1,641,0,0,0,0,0,241,212,187,1,641,0,0,0,641
05/06/2018,SDF,KY,ASO,CE,Combined TRACON& Tower with Radar,228,220,227,2,677,0,2,1,0,3,228,222,228,2,680,0,0,0,680
05/07/2018,SDF,KY,ASO,CE,Combined TRACON& Tower with Radar,218,67,27,0,312,0,1,5,0,6,218,68,32,0,318,0,0,0,318
05/08/2018,SDF,KY,ASO,CE,Combined TRACON& Tower with Radar,467,95,19,0,581,0,3,16,1,20,467,98,35,1,601,0,0,0,601
05/09/2018,SDF,KY,ASO,CE,Combined TRACON& Tower with Radar,476,94,32,0,602,0,8,6,1,15,476,102,38,1,617,0,0,0,617
05/10/2018,SDF,KY,ASO,CE,Combined TRACON& Tower with Radar,470,90,39,5,604,0,1,16,2,19,470,91,55,7,623,0,0,0,623
05/11/2018,SDF,KY,ASO,CE,Combined TRACON& Tower with Radar,422,83,23,2,530,0,3,7,0,10,422,86,30,2,540,0,0,0,540
05/12/2018,SDF,KY,ASO,CE,Combined TRACON& Tower with Radar,264,69,14,3,350,0,3,4,0,7,264,72,18,3,357,0,0,0,357
05/13/2018,SDF,KY,ASO,CE,Combined TRACON& Tower with Radar,168,53,14,4,239,0,2,16,0,18,168,55,30,4,257,0,0,0,257
05/14/2018,SDF,KY,ASO,CE,Combined TRACON& Tower with Radar,209,57,20,9,295,0,2,19,0,21,209,59,39,9,316,0,0,0,316
05/15/2018,SDF,KY,ASO,CE,Combined TRACON& Tower with Radar,469,89,30,2,590,0,2,7,5,14,469,91,37,7,604,0,0,0,604
05/16/2018,SDF,KY,ASO,CE,Combined TRACON& Tower with Radar,459,91,36,0,586,0,2,22,3,27,459,93,58,3,613,2,0,2,615
05/17/2018,SDF,KY,ASO,CE,Combined TRACON& Tower with Radar,454,82,37,1,574,0,2,2,0,4,454,84,39,1,578,0,0,0,578
05/18/2018,SDF,KY,ASO,CE,Combined TRACON& Tower with Radar,385,85,34,4,508,0,0,3,0,3,385,85,37,4,511,0,0,0,511
05/19/2018,SDF,KY,ASO,CE,Combined TRACON& Tower with Radar,230,79,12,3,324,0,1,1,2,4,230,80,13,5,328,0,0,0,328
05/20/2018,SDF,KY,ASO,CE,Combined TRACON& Tower with Radar,169,51,25,5,250,0,1,9,0,10,169,52,34,5,260,0,0,0,260
05/21/2018,SDF,KY,ASO,CE,Combined TRACON& Tower with Radar,215,67,28,4,314,0,2,13,3,18,215,69,41,7,332,0,0,0,332
05/22/2018,SDF,KY,ASO,CE,Combined TRACON& Tower with Radar,469,85,43,2,599,0,5,6,0,11,469,90,49,2,610,6,0,6,616
05/23/2018,SDF,KY,ASO,CE,Combined TRACON& Tower with Radar,471,87,35,2,595,0,1,5,2,8,471,88,40,4,603,0,0,0,603
05/24/2018,SDF,KY,ASO,CE,Combined TRACON& Tower with Radar,448,93,23,7,571,0,2,2,3,7,448,95,25,10,578,0,0,0,578
05/25/2018,SDF,KY,ASO,CE,Combined TRACON& Tower with Radar,369,89,22,0,480,0,0,7,1,8,369,89,29,1,488,12,0,12,500
05/26/2018,SDF,KY,ASO,CE,Combined TRACON& Tower with Radar,235,74,11,1,321,0,1,5,1,7,235,75,16,2,328,0,0,0,328
05/27/2018,SDF,KY,ASO,CE,Combined TRACON& Tower with Radar,135,41,7,2,185,0,0,6,0,6,135,41,13,2,191,0,0,0,191
05/28/2018,SDF,KY,ASO,CE,Combined TRACON& Tower with Radar,146,56,15,7,224,0,1,2,1,4,146,57,17,8,228,0,0,0,228
05/29/2018,SDF,KY,ASO,CE,Combined TRACON& Tower with Radar,295,71,22,2,390,0,3,6,3,12,295,74,28,5,402,0,0,0,402
05/30/2018,SDF,KY,ASO,CE,Combined TRACON& Tower with Radar,499,83,17,1,600,0,1,0,5,6,499,84,17,6,606,0,0,0,606
05/31/2018,SDF,KY,ASO,CE,Combined TRACON& Tower with Radar,472,81,29,1,583,0,0,0,5,5,472,81,29,6,588,0,0,0,588
06/01/2018,SDF,KY,ASO,CE,Combined TRACON& Tower with Radar,379,97,35,5,516,0,2,8,5,15,379,99,43,10,531,0,0,0,531
06/02/2018,SDF,KY,ASO,CE,Combined TRACON& Tower with Radar,230,56,11,1,298,0,1,11,2,14,230,57,22,3,312,9,0,9,321
06/03/2018,SDF,KY,ASO,CE,Combined TRACON& Tower with Radar,181,51,19,2,253,0,4,8,0,12,181,55,27,2,265,6,0,6,271
06/04/2018,SDF,KY,ASO,CE,Combined TRACON& Tower with Radar,224,54,20,2,300,0,4,30,4,38,224,58,50,6,338,0,0,0,338
06/05/2018,SDF,KY,ASO,CE,Combined TRACON& Tower with Radar,473,79,25,4,581,0,5,11,4,20,473,84,36,8,601,0,0,0,601
06/06/2018,SDF,KY,ASO,CE,Combined TRACON& Tower with Radar,480,88,30,29,627,0,4,11,5,20,480,92,41,34,647,24,0,24,671
06/07/2018,SDF,KY,ASO,CE,Combined TRACON& Tower with Radar,459,84,31,8,582,0,2,32,4,38,459,86,63,12,620,24,0,24,644
06/08/2018,SDF,KY,ASO,CE,Combined TRACON& Tower with Radar,391,70,14,9,484,0,2,4,2,8,391,72,18,11,492,0,0,0,492
06/09/2018,SDF,KY,ASO,CE,Combined TRACON& Tower with Radar,256,79,14,1,350,0,3,8,2,13,256,82,22,3,363,0,0,0,363
06/10/2018,SDF,KY,ASO,CE,Combined TRACON& Tower with Radar,177,46,18,1,242,2,0,6,0,8,179,46,24,1,250,0,0,0,250
06/11/2018,SDF,KY,ASO,CE,Combined TRACON& Tower with Radar,227,63,23,0,313,0,2,5,2,9,227,65,28,2,322,0,0,0,322
06/12/2018,SDF,KY,ASO,CE,Combined TRACON& Tower with Radar,494,77,21,2,594,0,0,2,1,3,494,77,23,3,597,0,0,0,597
06/13/2018,SDF,KY,ASO,CE,Combined TRACON& Tower with Radar,477,74,26,13,590,0,2,3,4,9,477,76,29,17,599,2,0,2,601
06/14/2018,SDF,KY,ASO,CE,Combined TRACON& Tower with Radar,473,76,21,3,573,0,11,7,9,27,473,87,28,12,600,8,0,8,608
06/15/2018,SDF,KY,ASO,CE,Combined TRACON& Tower with Radar,373,84,27,3,487,0,4,5,0,9,373,88,32,3,496,0,0,0,496
06/16/2018,SDF,KY,ASO,CE,Combined TRACON& Tower with Radar,270,78,21,4,373,0,0,13,2,15,270,78,34,6,388,0,0,0,388
06/17/2018,SDF,KY,ASO,CE,Combined TRACON& Tower with Radar,176,61,9,0,246,0,2,3,0,5,176,63,12,0,251,0,0,0,251
06/18/2018,SDF,KY,ASO,CE,Combined TRACON& Tower with Radar,209,56,30,8,303,0,3,9,0,12,209,59,39,8,315,6,0,6,321
06/19/2018,SDF,KY,ASO,CE,Combined TRACON& Tower with Radar,481,76,41,10,608,0,8,8,9,25,481,84,49,19,633,0,0,0,633
06/20/2018,SDF,KY,ASO,CE,Combined TRACON& Tower with Radar,452,81,30,7,570,0,4,2,4,10,452,85,32,11,580,0,0,0,580
06/21/2018,SDF,KY,ASO,CE,Combined TRACON& Tower with Radar,461,79,37,11,588,0,2,2,1,5,461,81,39,12,593,0,0,0,593
06/22/2018,SDF,KY,ASO,CE,Combined TRACON& Tower with Radar,369,88,21,4,482,0,0,0,1,1,369,88,21,5,483,0,0,0,483
06/23/2018,SDF,KY,ASO,CE,Combined TRACON& Tower with Radar,271,69,19,4,363,0,2,3,0,5,271,71,22,4,368,0,0,0,368
06/24/2018,SDF,KY,ASO,CE,Combined TRACON& Tower with Radar,177,51,31,2,261,0,1,5,0,6,177,52,36,2,267,0,0,0,267
06/25/2018,SDF,KY,ASO,CE,Combined TRACON& Tower with Radar,243,73,13,10,339,0,0,3,0,3,243,73,16,10,342,0,0,0,342
06/26/2018,SDF,KY,ASO,CE,Combined TRACON& Tower with Radar,452,70,23,6,551,0,1,10,0,11,452,71,33,6,562,0,0,0,562
06/27/2018,SDF,KY,ASO,CE,Combined TRACON& Tower with Radar,495,83,39,3,620,0,2,7,0,9,495,85,46,3,629,0,0,0,629
06/28/2018,SDF,KY,ASO,CE,Combined TRACON& Tower with Radar,463,84,33,5,585,0,2,12,0,14,463,86,45,5,599,0,0,0,599
06/29/2018,SDF,KY,ASO,CE,Combined TRACON& Tower with Radar,382,84,36,6,508,0,8,4,0,12,382,92,40,6,520,0,0,0,520
06/30/2018,SDF,KY,ASO,CE,Combined TRACON& Tower with Radar,273,81,13,7,374,0,4,11,0,15,273,85,24,7,389,2,0,2,391
07/01/2018,SDF,KY,ASO,CE,Combined TRACON& Tower with Radar,180,51,12,14,257,0,3,42,2,47,180,54,54,16,304,4,0,4,308
07/02/2018,SDF,KY,ASO,CE,Combined TRACON& Tower with Radar,209,37,13,0,259,0,0,1,1,2,209,37,14,1,261,0,0,0,261
07/03/2018,SDF,KY,ASO,CE,Combined TRACON& Tower with Radar,456,67,15,0,538,0,2,5,0,7,456,69,20,0,545,0,0,0,545
07/04/2018,SDF,KY,ASO,CE,Combined TRACON& Tower with Radar,234,46,7,2,289,0,0,5,0,5,234,46,12,2,294,0,0,0,294
07/05/2018,SDF,KY,ASO,CE,Combined TRACON& Tower with Radar,383,51,18,3,455,0,5,8,0,13,383,56,26,3,468,0,8,8,476
07/06/2018,SDF,KY,ASO,CE,Combined TRACON& Tower with Radar,387,68,11,2,468,0,5,0,0,5,387,73,11,2,473,0,0,0,473
07/07/2018,SDF,KY,ASO,CE,Combined TRACON& Tower with Radar,272,81,15,2,370,0,6,12,0,18,272,87,27,2,388,0,0,0,388
07/08/2018,SDF,KY,ASO,CE,Combined TRACON& Tower with Radar,177,55,24,4,260,0,2,15,0,17,177,57,39,4,277,18,0,18,295
07/09/2018,SDF,KY,ASO,CE,Combined TRACON& Tower with Radar,234,54,29,1,318,0,2,16,0,18,234,56,45,1,336,0,0,0,336
07/10/2018,SDF,KY,ASO,CE,Combined TRACON& Tower with Radar,482,75,26,5,588,0,4,10,2,16,482,79,36,7,604,4,0,4,608
07/11/2018,SDF,KY,ASO,CE,Combined TRACON& Tower with Radar,460,67,30,2,559,0,5,12,6,23,460,72,42,8,582,0,0,0,582
07/12/2018,SDF,KY,ASO,CE,Combined TRACON& Tower with Radar,460,87,29,1,577,0,6,30,0,36,460,93,59,1,613,10,0,10,623
07/13/2018,SDF,KY,ASO,CE,Combined TRACON& Tower with Radar,388,77,11,16,492,0,9,28,8,45,388,86,39,24,537,0,0,0,537
07/14/2018,SDF,KY,ASO,CE,Combined TRACON& Tower with Radar,258,76,9,2,345,0,3,6,3,12,258,79,15,5,357,2,0,2,359
07/15/2018,SDF,KY,ASO,CE,Combined TRACON& Tower with Radar,176,42,18,5,241,0,1,4,0,5,176,43,22,5,246,0,0,0,246
07/16/2018,SDF,KY,ASO,CE,Combined TRACON& Tower with Radar,209,48,13,1,271,0,1,14,0,15,209,49,27,1,286,16,16,32,318
07/17/2018,SDF,KY,ASO,CE,Combined TRACON& Tower with Radar,492,63,28,0,583,0,8,6,6,20,492,71,34,6,603,0,0,0,603
07/18/2018,SDF,KY,ASO,CE,Combined TRACON& Tower with Radar,506,76,26,0,608,0,2,8,0,10,506,78,34,0,618,0,0,0,618
07/19/2018,SDF,KY,ASO,CE,Combined TRACON& Tower with Radar,514,80,26,5,625,0,0,5,3,8,514,80,31,8,633,0,0,0,633
07/20/2018,SDF,KY,ASO,CE,Combined TRACON& Tower with Radar,391,77,16,1,485,0,1,0,0,1,391,78,16,1,486,0,0,0,486
07/21/2018,SDF,KY,ASO,CE,Combined TRACON& Tower with Radar,270,84,4,0,358,0,2,0,0,2,270,86,4,0,360,0,0,0,360
07/22/2018,SDF,KY,ASO,CE,Combined TRACON& Tower with Radar,182,60,24,1,267,0,0,1,0,1,182,60,25,1,268,0,0,0,268
07/23/2018,SDF,KY,ASO,CE,Combined TRACON& Tower with Radar,220,56,13,4,293,0,0,7,0,7,220,56,20,4,300,0,0,0,300
07/24/2018,SDF,KY,ASO,CE,Combined TRACON& Tower with Radar,480,62,40,5,587,0,2,7,0,9,480,64,47,5,596,0,0,0,596
07/25/2018,SDF,KY,ASO,CE,Combined TRACON& Tower with Radar,457,75,32,2,566,0,2,3,0,5,457,77,35,2,571,0,0,0,571
07/26/2018,SDF,KY,ASO,CE,Combined TRACON& Tower with Radar,468,82,29,24,603,0,0,7,0,7,468,82,36,24,610,0,0,0,610
07/27/2018,SDF,KY,ASO,CE,Combined TRACON& Tower with Radar,376,86,35,17,514,0,4,9,4,17,376,90,44,21,531,0,0,0,531
07/28/2018,SDF,KY,ASO,CE,Combined TRACON& Tower with Radar,266,74,12,3,355,0,5,10,6,21,266,79,22,9,376,12,0,12,388
07/29/2018,SDF,KY,ASO,CE,Combined TRACON& Tower with Radar,174,46,23,1,244,0,2,3,0,5,174,48,26,1,249,0,0,0,249
07/30/2018,SDF,KY,ASO,CE,Combined TRACON& Tower with Radar,223,52,20,0,295,0,4,5,0,9,223,56,25,0,304,0,0,0,304
07/31/2018,SDF,KY,ASO,CE,Combined TRACON& Tower with Radar,483,73,21,3,580,0,2,7,1,10,483,75,28,4,590,0,0,0,590
08/01/2018,SDF,KY,ASO,CE,Combined TRACON& Tower with Radar,466,69,26,8,569,0,4,12,3,19,466,73,38,11,588,0,0,0,588
08/02/2018,SDF,KY,ASO,CE,Combined TRACON& Tower with Radar,457,71,28,24,580,0,0,2,4,6,457,71,30,28,586,0,0,0,586
08/03/2018,SDF,KY,ASO,CE,Combined TRACON& Tower with Radar,375,73,28,27,503,0,2,3,1,6,375,75,31,28,509,0,0,0,509
08/04/2018,SDF,KY,ASO,CE,Combined TRACON& Tower with Radar,254,76,16,2,348,0,1,7,0,8,254,77,23,2,356,0,0,0,356
08/05/2018,SDF,KY,ASO,CE,Combined TRACON& Tower with Radar,183,52,20,4,259,0,2,9,2,13,183,54,29,6,272,0,0,0,272
08/06/2018,SDF,KY,ASO,CE,Combined TRACON& Tower with Radar,222,59,13,5,299,0,6,4,1,11,222,65,17,6,310,0,0,0,310
08/07/2018,SDF,KY,ASO,CE,Combined TRACON& Tower with Radar,452,76,30,1,559,0,1,4,4,9,452,77,34,5,568,0,0,0,568
08/08/2018,SDF,KY,ASO,CE,Combined TRACON& Tower with Radar,455,74,25,2,556,0,5,2,1,8,455,79,27,3,564,0,0,0,564
08/09/2018,SDF,KY,ASO,CE,Combined TRACON& Tower with Radar,455,74,32,5,566,0,0,9,4,13,455,74,41,9,579,0,0,0,579
08/10/2018,SDF,KY,ASO,CE,Combined TRACON& Tower with Radar,386,77,14,1,478,0,0,2,1,3,386,77,16,2,481,0,0,0,481
08/11/2018,SDF,KY,ASO,CE,Combined TRACON& Tower with Radar,240,77,14,0,331,0,0,1,2,3,240,77,15,2,334,0,0,0,334
08/12/2018,SDF,KY,ASO,CE,Combined TRACON& Tower with Radar,176,44,12,1,233,0,3,5,0,8,176,47,17,1,241,0,0,0,241
08/13/2018,SDF,KY,ASO,CE,Combined TRACON& Tower with Radar,221,50,22,2,295,0,3,8,2,13,221,53,30,4,308,0,0,0,308
08/14/2018,SDF,KY,ASO,CE,Combined TRACON& Tower with Radar,479,70,28,6,583,0,1,3,7,11,479,71,31,13,594,0,0,0,594
08/15/2018,SDF,KY,ASO,CE,Combined TRACON& Tower with Radar,460,83,32,2,577,0,0,0,1,1,460,83,32,3,578,0,0,0,578
08/16/2018,SDF,KY,ASO,CE,Combined TRACON& Tower with Radar,449,76,30,1,556,0,2,8,5,15,449,78,38,6,571,0,0,0,571
08/17/2018,SDF,KY,ASO,CE,Combined TRACON& Tower with Radar,387,77,22,10,496,0,0,1,0,1,387,77,23,10,497,0,4,4,501
08/18/2018,SDF,KY,ASO,CE,Combined TRACON& Tower with Radar,236,77,28,8,349,0,3,2,0,5,236,80,30,8,354,0,0,0,354
08/19/2018,SDF,KY,ASO,CE,Combined TRACON& Tower with Radar,167,44,18,4,233,0,1,10,0,11,167,45,28,4,244,0,0,0,244
08/20/2018,SDF,KY,ASO,CE,Combined TRACON& Tower with Radar,216,48,27,4,295,0,2,3,0,5,216,50,30,4,300,0,0,0,300
08/21/2018,SDF,KY,ASO,CE,Combined TRACON& Tower with Radar,471,80,26,8,585,0,0,9,0,9,471,80,35,8,594,0,0,0,594
08/22/2018,SDF,KY,ASO,CE,Combined TRACON& Tower with Radar,473,84,50,6,613,0,3,14,0,17,473,87,64,6,630,0,0,0,630
08/23/2018,SDF,KY,ASO,CE,Combined TRACON& Tower with Radar,468,73,28,7,576,0,5,21,5,31,468,78,49,12,607,1,0,1,608
08/24/2018,SDF,KY,ASO,CE,Combined TRACON& Tower with Radar,387,66,18,8,479,0,1,12,1,14,387,67,30,9,493,0,0,0,493
08/25/2018,SDF,KY,ASO,CE,Combined TRACON& Tower with Radar,234,71,14,0,319,0,0,8,0,8,234,71,22,0,327,0,0,0,327
08/26/2018,SDF,KY,ASO,CE,Combined TRACON& Tower with Radar,184,44,32,4,264,0,2,12,0,14,184,46,44,4,278,0,0,0,278
08/27/2018,SDF,KY,ASO,CE,Combined TRACON& Tower with Radar,225,53,19,5,302,0,1,18,0,19,225,54,37,5,321,0,0,0,321
08/28/2018,SDF,KY,ASO,CE,Combined TRACON& Tower with Radar,477,68,24,3,572,0,7,17,7,31,477,75,41,10,603,0,0,0,603
08/29/2018,SDF,KY,ASO,CE,Combined TRACON& Tower with Radar,469,79,31,6,585,0,4,19,12,35,469,83,50,18,620,0,6,6,626
08/30/2018,SDF,KY,ASO,CE,Combined TRACON& Tower with Radar,464,84,28,8,584,0,0,0,6,6,464,84,28,14,590,0,0,0,590
08/31/2018,SDF,KY,ASO,CE,Combined TRACON& Tower with Radar,409,72,16,1,498,0,8,13,0,21,409,80,29,1,519,0,0,0,519
09/01/2018,SDF,KY,ASO,CE,Combined TRACON& Tower with Radar,243,60,8,1,312,0,7,10,0,17,243,67,18,1,329,0,0,0,329
09/02/2018,SDF,KY,ASO,CE,Combined TRACON& Tower with Radar,132,33,12,0,177,0,2,14,0,16,132,35,26,0,193,24,0,24,217
09/03/2018,SDF,KY,ASO,CE,Combined TRACON& Tower with Radar,151,57,9,6,223,0,5,13,0,18,151,62,22,6,241,0,0,0,241
09/04/2018,SDF,KY,ASO,CE,Combined TRACON& Tower with Radar,316,62,27,22,427,0,2,10,0,12,316,64,37,22,439,0,0,0,439
09/05/2018,SDF,KY,ASO,CE,Combined TRACON& Tower with Radar,515,77,22,3,617,0,2,10,2,14,515,79,32,5,631,4,0,4,635
09/06/2018,SDF,KY,ASO,CE,Combined TRACON& Tower with Radar,512,71,26,7,616,0,2,1,4,7,512,73,27,11,623,0,1,1,624
09/07/2018,SDF,KY,ASO,CE,Combined TRACON& Tower with Radar,401,79,18,4,502,0,2,1,0,3,401,81,19,4,505,0,0,0,505
09/08/2018,SDF,KY,ASO,CE,Combined TRACON& Tower with Radar,239,67,14,3,323,0,0,0,0,0,239,67,14,3,323,0,0,0,323
09/09/2018,SDF,KY,ASO,CE,Combined TRACON& Tower with Radar,183,56,21,4,264,0,0,0,0,0,183,56,21,4,264,0,0,0,264
09/10/2018,SDF,KY,ASO,CE,Combined TRACON& Tower with Radar,235,50,25,0,310,0,1,1,0,2,235,51,26,0,312,0,0,0,312
09/11/2018,SDF,KY,ASO,CE,Combined TRACON& Tower with Radar,498,76,24,3,601,0,0,2,3,5,498,76,26,6,606,1,0,1,607
09/12/2018,SDF,KY,ASO,CE,Combined TRACON& Tower with Radar,485,69,33,8,595,0,6,1,6,13,485,75,34,14,608,0,6,6,614
09/13/2018,SDF,KY,ASO,CE,Combined TRACON& Tower with Radar,472,80,14,5,571,0,2,4,2,8,472,82,18,7,579,0,0,0,579
09/14/2018,SDF,KY,ASO,CE,Combined TRACON& Tower with Radar,403,74,15,33,525,0,2,18,33,53,403,76,33,66,578,0,0,0,578
09/15/2018,SDF,KY,ASO,CE,Combined TRACON& Tower with Radar,227,63,10,8,308,0,5,4,2,11,227,68,14,10,319,0,0,0,319
09/16/2018,SDF,KY,ASO,CE,Combined TRACON& Tower with Radar,178,47,17,2,244,0,2,4,3,9,178,49,21,5,253,0,0,0,253
09/17/2018,SDF,KY,ASO,CE,Combined TRACON& Tower with Radar,239,46,9,4,298,0,0,8,1,9,239,46,17,5,307,0,0,0,307
09/18/2018,SDF,KY,ASO,CE,Combined TRACON& Tower with Radar,488,71,36,4,599,0,1,24,0,25,488,72,60,4,624,1,0,1,625
09/19/2018,SDF,KY,ASO,CE,Combined TRACON& Tower with Radar,480,76,35,5,596,0,4,10,3,17,480,80,45,8,613,0,0,0,613
09/20/2018,SDF,KY,ASO,CE,Combined TRACON& Tower with Radar,495,79,32,5,611,0,0,7,6,13,495,79,39,11,624,0,0,0,624
09/21/2018,SDF,KY,ASO,CE,Combined TRACON& Tower with Radar,398,87,37,2,524,0,3,1,2,6,398,90,38,4,530,0,0,0,530
09/22/2018,SDF,KY,ASO,CE,Combined TRACON& Tower with Radar,237,69,16,12,334,0,1,2,0,3,237,70,18,12,337,0,0,0,337
09/23/2018,SDF,KY,ASO,CE,Combined TRACON& Tower with Radar,185,69,28,6,288,0,0,0,1,1,185,69,28,7,289,0,0,0,289
09/24/2018,SDF,KY,ASO,CE,Combined TRACON& Tower with Radar,242,53,18,3,316,0,0,0,0,0,242,53,18,3,316,0,0,0,316
09/25/2018,SDF,KY,ASO,CE,Combined TRACON& Tower with Radar,488,66,11,5,570,0,3,1,3,7,488,69,12,8,577,0,0,0,577
09/26/2018,SDF,KY,ASO,CE,Combined TRACON& Tower with Radar,478,78,23,9,588,0,2,4,1,7,478,80,27,10,595,3,0,3,598
09/27/2018,SDF,KY,ASO,CE,Combined TRACON& Tower with Radar,480,87,29,4,600,0,2,3,2,7,480,89,32,6,607,0,0,0,607
09/28/2018,SDF,KY,ASO,CE,Combined TRACON& Tower with Radar,396,69,35,7,507,0,1,4,0,5,396,70,39,7,512,24,0,24,536
09/29/2018,SDF,KY,ASO,CE,Combined TRACON& Tower with Radar,236,58,22,7,323,0,2,5,0,7,236,60,27,7,330,0,0,0,330
09/30/2018,SDF,KY,ASO,CE,Combined TRACON& Tower with Radar,182,45,34,1,262,0,3,6,0,9,182,48,40,1,271,0,0,0,271
10/01/2018,SDF,KY,ASO,CE,Combined TRACON& Tower with Radar,240,40,39,0,319,0,5,4,0,9,240,45,43,0,328,0,0,0,328
10/02/2018,SDF,KY,ASO,CE,Combined TRACON& Tower with Radar,484,72,19,0,575,0,5,7,0,12,484,77,26,0,587,0,0,0,587
10/03/2018,SDF,KY,ASO,CE,Combined TRACON& Tower with Radar,481,64,23,4,572,0,0,13,9,22,481,64,36,13,594,8,4,12,606
10/04/2018,SDF,KY,ASO,CE,Combined TRACON& Tower with Radar,470,68,30,4,572,0,1,5,2,8,470,69,35,6,580,0,0,0,580
10/05/2018,SDF,KY,ASO,CE,Combined TRACON& Tower with Radar,404,70,19,3,496,0,3,7,1,11,404,73,26,4,507,0,0,0,507
10/06/2018,SDF,KY,ASO,CE,Combined TRACON& Tower with Radar,252,62,3,0,317,0,4,12,0,16,252,66,15,0,333,0,0,0,333
10/07/2018,SDF,KY,ASO,CE,Combined TRACON& Tower with Radar,189,37,13,1,240,0,4,5,6,15,189,41,18,7,255,0,0,0,255
10/08/2018,SDF,KY,ASO,CE,Combined TRACON& Tower with Radar,244,47,25,4,320,0,2,3,1,6,244,49,28,5,326,0,0,0,326
10/09/2018,SDF,KY,ASO,CE,Combined TRACON& Tower with Radar,486,70,24,0,580,0,1,17,2,20,486,71,41,2,600,0,0,0,600
10/10/2018,SDF,KY,ASO,CE,Combined TRACON& Tower with Radar,490,62,35,2,589,0,1,4,3,8,490,63,39,5,597,0,0,0,597
10/11/2018,SDF,KY,ASO,CE,Combined TRACON& Tower with Radar,454,74,30,4,562,0,0,3,7,10,454,74,33,11,572,0,0,0,572
10/12/2018,SDF,KY,ASO,CE,Combined TRACON& Tower with Radar,402,80,30,5,517,0,0,11,17,28,402,80,41,22,545,0,20,20,565
10/13/2018,SDF,KY,ASO,CE,Combined TRACON& Tower with Radar,262,63,17,5,347,0,4,6,0,10,262,67,23,5,357,0,0,0,357
10/14/2018,SDF,KY,ASO,CE,Combined TRACON& Tower with Radar,200,55,35,4,294,0,0,0,0,0,200,55,35,4,294,0,0,0,294
10/15/2018,SDF,KY,ASO,CE,Combined TRACON& Tower with Radar,241,49,24,5,319,0,0,0,2,2,241,49,24,7,321,0,0,0,321
10/16/2018,SDF,KY,ASO,CE,Combined TRACON& Tower with Radar,499,77,32,2,610,0,7,2,4,13,499,84,34,6,623,0,0,0,623
10/17/2018,SDF,KY,ASO,CE,Combined TRACON& Tower with Radar,480,84,51,7,622,0,6,7,5,18,480,90,58,12,640,0,0,0,640
10/18/2018,SDF,KY,ASO,CE,Combined TRACON& Tower with Radar,476,81,46,5,608,0,3,15,3,21,476,84,61,8,629,0,0,0,629
10/19/2018,SDF,KY,ASO,CE,Combined TRACON& Tower with Radar,395,79,47,3,524,0,4,12,1,17,395,83,59,4,541,6,0,6,547
10/20/2018,SDF,KY,ASO,CE,Combined TRACON& Tower with Radar,249,60,17,2,328,0,6,3,0,9,249,66,20,2,337,0,0,0,337
10/21/2018,SDF,KY,ASO,CE,Combined TRACON& Tower with Radar,195,45,24,1,265,0,3,5,0,8,195,48,29,1,273,20,0,20,293
10/22/2018,SDF,KY,ASO,CE,Combined TRACON& Tower with Radar,245,49,26,1,321,0,0,10,3,13,245,49,36,4,334,0,0,0,334
10/23/2018,SDF,KY,ASO,CE,Combined TRACON& Tower with Radar,506,74,29,17,626,0,0,2,4,6,506,74,31,21,632,4,0,4,636
10/24/2018,SDF,KY,ASO,CE,Combined TRACON& Tower with Radar,490,74,24,4,592,0,2,2,6,10,490,76,26,10,602,0,0,0,602
10/25/2018,SDF,KY,ASO,CE,Combined TRACON& Tower with Radar,475,88,33,2,598,0,1,1,0,2,475,89,34,2,600,0,0,0,600
10/26/2018,SDF,KY,ASO,CE,Combined TRACON& Tower with Radar,403,75,19,3,500,0,2,0,0,2,403,77,19,3,502,0,0,0,502
10/27/2018,SDF,KY,ASO,CE,Combined TRACON& Tower with Radar,258,53,11,3,325,0,2,1,0,3,258,55,12,3,328,0,0,0,328
10/28/2018,SDF,KY,ASO,CE,Combined TRACON& Tower with Radar,197,50,18,3,268,0,0,3,0,3,197,50,21,3,271,0,0,0,271
10/29/2018,SDF,KY,ASO,CE,Combined TRACON& Tower with Radar,247,53,31,2,333,0,7,10,0,17,247,60,41,2,350,0,0,0,350
10/30/2018,SDF,KY,ASO,CE,Combined TRACON& Tower with Radar,477,72,38,4,591,0,0,13,3,16,477,72,51,7,607,0,0,0,607
10/31/2018,SDF,KY,ASO,CE,Combined TRACON& Tower with Radar,443,65,34,2,544,0,3,0,0,3,443,68,34,2,547,0,0,0,547
11/01/2018,SDF,KY,ASO,CE,Combined TRACON& Tower with Radar,471,121,61,10,663,0,0,0,1,1,471,121,61,11,664,0,0,0,664
11/02/2018,SDF,KY,ASO,CE,Combined TRACON& Tower with Radar,400,105,51,4,560,0,1,10,0,11,400,106,61,4,571,0,0,0,571
11/03/2018,SDF,KY,ASO,CE,Combined TRACON& Tower with Radar,260,94,45,1,400,0,1,17,0,18,260,95,62,1,418,0,0,0,418
11/04/2018,SDF,KY,ASO,CE,Combined TRACON& Tower with Radar,213,79,41,5,338,0,0,8,0,8,213,79,49,5,346,0,0,0,346
11/05/2018,SDF,KY,ASO,CE,Combined TRACON& Tower with Radar,232,55,22,3,312,0,0,1,0,1,232,55,23,3,313,0,0,0,313
11/06/2018,SDF,KY,ASO,CE,Combined TRACON& Tower with Radar,509,70,21,3,603,0,4,2,2,8,509,74,23,5,611,0,0,0,611
11/07/2018,SDF,KY,ASO,CE,Combined TRACON& Tower with Radar,478,69,37,5,589,0,1,7,0,8,478,70,44,5,597,0,0,0,597
11/08/2018,SDF,KY,ASO,CE,Combined TRACON& Tower with Radar,478,74,39,3,594,0,2,7,6,15,478,76,46,9,609,0,0,0,609
11/09/2018,SDF,KY,ASO,CE,Combined TRACON& Tower with Radar,403,85,33,2,523,0,0,4,0,4,403,85,37,2,527,0,0,0,527
11/10/2018,SDF,KY,ASO,CE,Combined TRACON& Tower with Radar,253,66,11,1,331,0,2,4,1,7,253,68,15,2,338,0,0,0,338
11/11/2018,SDF,KY,ASO,CE,Combined TRACON& Tower with Radar,200,52,20,2,274,0,4,8,0,12,200,56,28,2,286,0,0,0,286
11/12/2018,SDF,KY,ASO,CE,Combined TRACON& Tower with Radar,242,63,22,2,329,0,0,5,0,5,242,63,27,2,334,6,0,6,340
11/13/2018,SDF,KY,ASO,CE,Combined TRACON& Tower with Radar,516,81,29,0,626,0,2,3,0,5,516,83,32,0,631,16,0,16,647
11/14/2018,SDF,KY,ASO,CE,Combined TRACON& Tower with Radar,468,62,17,2,549,0,1,2,0,3,468,63,19,2,552,0,0,0,552
11/15/2018,SDF,KY,ASO,CE,Combined TRACON& Tower with Radar,493,70,28,1,592,0,0,0,0,0,493,70,28,1,592,0,0,0,592
11/16/2018,SDF,KY,ASO,CE,Combined TRACON& Tower with Radar,420,93,29,12,554,0,5,2,2,9,420,98,31,14,563,0,0,0,563
11/17/2018,SDF,KY,ASO,CE,Combined TRACON& Tower with Radar,274,70,13,6,363,0,2,1,2,5,274,72,14,8,368,0,0,0,368
11/18/2018,SDF,KY,ASO,CE,Combined TRACON& Tower with Radar,231,46,19,2,298,0,8,5,0,13,231,54,24,2,311,0,0,0,311
11/19/2018,SDF,KY,ASO,CE,Combined TRACON& Tower with Radar,279,44,16,10,349,0,0,0,0,0,279,44,16,10,349,0,0,0,349
11/20/2018,SDF,KY,ASO,CE,Combined TRACON& Tower with Radar,595,64,23,4,686,0,0,8,1,9,595,64,31,5,695,0,0,0,695
11/21/2018,SDF,KY,ASO,CE,Combined TRACON& Tower with Radar,578,67,45,2,692,0,1,5,1,7,578,68,50,3,699,0,0,0,699
11/22/2018,SDF,KY,ASO,CE,Combined TRACON& Tower with Radar,216,33,4,0,253,0,2,2,0,4,216,35,6,0,257,0,0,0,257
11/23/2018,SDF,KY,ASO,CE,Combined TRACON& Tower with Radar,273,42,17,0,332,0,2,7,0,9,273,44,24,0,341,0,0,0,341
11/24/2018,SDF,KY,ASO,CE,Combined TRACON& Tower with Radar,296,68,23,0,387,0,1,1,0,2,296,69,24,0,389,0,0,0,389
11/25/2018,SDF,KY,ASO,CE,Combined TRACON& Tower with Radar,246,48,29,0,323,0,0,2,0,2,246,48,31,0,325,0,0,0,325
11/26/2018,SDF,KY,ASO,CE,Combined TRACON& Tower with Radar,313,40,15,0,368,0,0,2,0,2,313,40,17,0,370,0,0,0,370
11/27/2018,SDF,KY,ASO,CE,Combined TRACON& Tower with Radar,630,76,23,5,734,0,0,4,0,4,630,76,27,5,738,0,0,0,738
11/28/2018,SDF,KY,ASO,CE,Combined TRACON& Tower with Radar,632,86,18,2,738,0,4,6,5,15,632,90,24,7,753,0,0,0,753
11/29/2018,SDF,KY,ASO,CE,Combined TRACON& Tower with Radar,618,79,25,10,732,0,0,1,0,1,618,79,26,10,733,0,0,0,733
11/30/2018,SDF,KY,ASO,CE,Combined TRACON& Tower with Radar,488,67,13,3,571,0,0,0,0,0,488,67,13,3,571,0,0,0,571
12/01/2018,SDF,KY,ASO,CE,Combined TRACON& Tower with Radar,279,59,5,1,344,0,0,0,0,0,279,59,5,1,344,0,0,0,344
12/02/2018,SDF,KY,ASO,CE,Combined TRACON& Tower with Radar,235,45,16,0,296,0,0,1,0,1,235,45,17,0,297,0,0,0,297
12/03/2018,SDF,KY,ASO,CE,Combined TRACON& Tower with Radar,305,48,24,2,379,0,2,0,0,2,305,50,24,2,381,0,0,0,381
12/04/2018,SDF,KY,ASO,CE,Combined TRACON& Tower with Radar,605,74,32,1,712,0,2,9,0,11,605,76,41,1,723,0,0,0,723
12/05/2018,SDF,KY,ASO,CE,Combined TRACON& Tower with Radar,608,67,28,2,705,0,0,3,4,7,608,67,31,6,712,0,0,0,712
12/06/2018,SDF,KY,ASO,CE,Combined TRACON& Tower with Radar,603,73,23,9,708,0,1,7,8,16,603,74,30,17,724,0,4,4,728
12/07/2018,SDF,KY,ASO,CE,Combined TRACON& Tower with Radar,488,62,15,4,569,0,3,13,0,16,488,65,28,4,585,0,0,0,585
12/08/2018,SDF,KY,ASO,CE,Combined TRACON& Tower with Radar,280,61,16,0,357,0,0,10,0,10,280,61,26,0,367,0,0,0,367
12/09/2018,SDF,KY,ASO,CE,Combined TRACON& Tower with Radar,228,46,15,3,292,0,3,1,0,4,228,49,16,3,296,0,0,0,296
12/10/2018,SDF,KY,ASO,CE,Combined TRACON& Tower with Radar,323,52,15,8,398,0,2,2,3,7,323,54,17,11,405,4,0,4,409
12/11/2018,SDF,KY,ASO,CE,Combined TRACON& Tower with Radar,659,83,28,4,774,0,5,6,3,14,659,88,34,7,788,0,0,0,788
12/12/2018,SDF,KY,ASO,CE,Combined TRACON& Tower with Radar,687,63,36,7,793,0,2,4,6,12,687,65,40,13,805,0,0,0,805
12/13/2018,SDF,KY,ASO,CE,Combined TRACON& Tower with Radar,667,78,25,5,775,0,3,8,14,25,667,81,33,19,800,0,6,6,806
12/14/2018,SDF,KY,ASO,CE,Combined TRACON& Tower with Radar,566,69,27,4,666,0,1,1,0,2,566,70,28,4,668,0,0,0,668
12/15/2018,SDF,KY,ASO,CE,Combined TRACON& Tower with Radar,441,62,16,3,522,0,0,0,0,0,441,62,16,3,522,0,0,0,522
12/16/2018,SDF,KY,ASO,CE,Combined TRACON& Tower with Radar,418,46,17,0,481,0,1,0,0,1,418,47,17,0,482,0,0,0,482
12/17/2018,SDF,KY,ASO,CE,Combined TRACON& Tower with Radar,516,53,20,2,591,0,0,6,7,13,516,53,26,9,604,2,0,2,606
12/18/2018,SDF,KY,ASO,CE,Combined TRACON& Tower with Radar,736,64,27,2,829,0,0,8,2,10,736,64,35,4,839,0,0,0,839
12/19/2018,SDF,KY,ASO,CE,Combined TRACON& Tower with Radar,726,77,24,1,828,0,6,7,0,13,726,83,31,1,841,0,0,0,841
12/20/2018,SDF,KY,ASO,CE,Combined TRACON& Tower with Radar,721,81,18,0,820,0,2,0,0,2,721,83,18,0,822,0,0,0,822
12/21/2018,SDF,KY,ASO,CE,Combined TRACON& Tower with Radar,710,93,10,0,813,0,0,0,0,0,710,93,10,0,813,0,0,0,813
12/22/2018,SDF,KY,ASO,CE,Combined TRACON& Tower with Radar,586,80,17,0,683,0,0,3,0,3,586,80,20,0,686,0,0,0,686
12/23/2018,SDF,KY,ASO,CE,Combined TRACON& Tower with Radar,445,40,7,0,492,0,2,0,0,2,445,42,7,0,494,0,0,0,494
12/24/2018,SDF,KY,ASO,CE,Combined TRACON& Tower with Radar,256,38,3,0,297,0,2,0,0,2,256,40,3,0,299,0,0,0,299
12/25/2018,SDF,KY,ASO,CE,Combined TRACON& Tower with Radar,167,28,3,0,198,0,0,0,0,0,167,28,3,0,198,0,0,0,198
12/26/2018,SDF,KY,ASO,CE,Combined TRACON& Tower with Radar,377,49,13,4,443,0,14,11,0,25,377,63,24,4,468,0,0,0,468
12/27/2018,SDF,KY,ASO,CE,Combined TRACON& Tower with Radar,480,54,16,0,550,0,1,0,0,1,480,55,16,0,551,0,0,0,551
12/28/2018,SDF,KY,ASO,CE,Combined TRACON& Tower with Radar,419,65,6,0,490,0,2,1,0,3,419,67,7,0,493,0,0,0,493
12/29/2018,SDF,KY,ASO,CE,Combined TRACON& Tower with Radar,280,73,7,2,362,0,0,4,0,4,280,73,11,2,366,0,0,0,366
12/30/2018,SDF,KY,ASO,CE,Combined TRACON& Tower with Radar,197,42,13,0,252,0,2,13,0,15,197,44,26,0,267,10,0,10,277
12/31/2018,SDF,KY,ASO,CE,Combined TRACON& Tower with Radar,200,44,17,0,261,0,0,0,0,0,200,44,17,0,261,0,0,0,261
01/01/2019,SDF,KY,ASO,CE,Combined TRACON& Tower with Radar,194,37,6,0,237,0,2,2,0,4,194,39,8,0,241,0,0,0,241
01/02/2019,SDF,KY,ASO,CE,Combined TRACON& Tower with Radar,421,54,14,2,491,0,3,1,0,4,421,57,15,2,495,0,0,0,495
01/03/2019,SDF,KY,ASO,CE,Combined TRACON& Tower with Radar,518,66,13,0,597,0,8,7,1,16,518,74,20,1,613,0,0,0,613
01/04/2019,SDF,KY,ASO,CE,Combined TRACON& Tower with Radar,397,61,11,3,472,0,1,4,3,8,397,62,15,6,480,0,0,0,480
01/05/2019,SDF,KY,ASO,CE,Combined TRACON& Tower with Radar,252,68,14,3,337,0,2,15,0,17,252,70,29,3,354,6,0,6,360
01/06/2019,SDF,KY,ASO,CE,Combined TRACON& Tower with Radar,198,36,20,2,256,0,0,10,0,10,198,36,30,2,266,0,0,0,266
01/07/2019,SDF,KY,ASO,CE,Combined TRACON& Tower with Radar,222,61,11,5,299,0,2,4,3,9,222,63,15,8,308,10,0,10,318
01/08/2019,SDF,KY,ASO,CE,Combined TRACON& Tower with Radar,507,69,10,0,586,0,6,1,2,9,507,75,11,2,595,0,0,0,595
01/09/2019,SDF,KY,ASO,CE,Combined TRACON& Tower with Radar,458,65,28,3,554,0,1,3,5,9,458,66,31,8,563,0,0,0,563
01/10/2019,SDF,KY,ASO,CE,Combined TRACON& Tower with Radar,474,61,20,2,557,0,0,12,3,15,474,61,32,5,572,4,0,4,576
01/11/2019,SDF,KY,ASO,CE,Combined TRACON& Tower with Radar,372,58,22,8,460,0,3,5,2,10,372,61,27,10,470,0,0,0,470
01/12/2019,SDF,KY,ASO,CE,Combined TRACON& Tower with Radar,235,49,9,4,297,0,2,0,0,2,235,51,9,4,299,0,0,0,299
01/13/2019,SDF,KY,ASO,CE,Combined TRACON& Tower with Radar,174,31,10,5,220,0,0,0,0,0,174,31,10,5,220,0,0,0,220
01/14/2019,SDF,KY,ASO,CE,Combined TRACON& Tower with Radar,226,48,16,0,290,0,2,4,0,6,226,50,20,0,296,0,0,0,296
01/15/2019,SDF,KY,ASO,CE,Combined TRACON& Tower with Radar,483,64,11,10,568,0,3,0,4,7,483,67,11,14,575,0,0,0,575
01/16/2019,SDF,KY,ASO,CE,Combined TRACON& Tower with Radar,456,66,14,3,539,0,4,0,2,6,456,70,14,5,545,0,0,0,545
01/17/2019,SDF,KY,ASO,CE,Combined TRACON& Tower with Radar,447,72,20,29,568,0,1,0,0,1,447,73,20,29,569,0,0,0,569
01/18/2019,SDF,KY,ASO,CE,Combined TRACON& Tower with Radar,378,69,11,5,463,0,0,0,0,0,378,69,11,5,463,0,0,0,463
01/19/2019,SDF,KY,ASO,CE,Combined TRACON& Tower with Radar,234,54,5,2,295,0,0,0,0,0,234,54,5,2,295,0,0,0,295
01/20/2019,SDF,KY,ASO,CE,Combined TRACON& Tower with Radar,160,29,9,0,198,0,6,5,0,11,160,35,14,0,209,28,0,28,237
01/21/2019,SDF,KY,ASO,CE,Combined TRACON& Tower with Radar,220,38,9,0,267,0,1,8,0,9,220,39,17,0,276,0,0,0,276
01/22/2019,SDF,KY,ASO,CE,Combined TRACON& Tower with Radar,462,46,20,5,533,0,2,5,2,9,462,48,25,7,542,0,0,0,542
01/23/2019,SDF,KY,ASO,CE,Combined TRACON& Tower with Radar,460,71,27,4,562,0,2,0,0,2,460,73,27,4,564,0,0,0,564
01/24/2019,SDF,KY,ASO,CE,Combined TRACON& Tower with Radar,456,73,19,6,554,0,6,5,5,16,456,79,24,11,570,0,0,0,570
01/25/2019,SDF,KY,ASO,CE,Combined TRACON& Tower with Radar,385,70,21,4,480,0,7,12,0,19,385,77,33,4,499,0,0,0,499
01/26/2019,SDF,KY,ASO,CE,Combined TRACON& Tower with Radar,231,63,6,0,300,0,0,7,2,9,231,63,13,2,309,0,0,0,309
01/27/2019,SDF,KY,ASO,CE,Combined TRACON& Tower with Radar,174,35,11,0,220,0,2,2,0,4,174,37,13,0,224,0,0,0,224
01/28/2019,SDF,KY,ASO,CE,Combined TRACON& Tower with Radar,214,50,26,0,290,0,1,0,0,1,214,51,26,0,291,6,0,6,297
01/29/2019,SDF,KY,ASO,CE,Combined TRACON& Tower with Radar,467,64,34,7,572,0,4,3,0,7,467,68,37,7,579,0,2,2,581
01/30/2019,SDF,KY,ASO,CE,Combined TRACON& Tower with Radar,493,60,24,0,577,0,2,3,0,5,493,62,27,0,582,0,0,0,582
01/31/2019,SDF,KY,ASO,CE,Combined TRACON& Tower with Radar,478,62,24,3,567,0,4,3,4,11,478,66,27,7,578,0,2,2,580
02/01/2019,SDF,KY,ASO,CE,Combined TRACON& Tower with Radar,381,75,16,3,475,0,2,2,0,4,381,77,18,3,479,0,0,0,479
02/02/2019,SDF,KY,ASO,CE,Combined TRACON& Tower with Radar,241,37,6,0,284,0,0,11,0,11,241,37,17,0,295,0,0,0,295
02/03/2019,SDF,KY,ASO,CE,Combined TRACON& Tower with Radar,173,33,5,4,215,0,3,3,0,6,173,36,8,4,221,2,6,8,229
02/04/2019,SDF,KY,ASO,CE,Combined TRACON& Tower with Radar,219,42,21,4,286,0,0,0,0,0,219,42,21,4,286,0,0,0,286
02/05/2019,SDF,KY,ASO,CE,Combined TRACON& Tower with Radar,473,65,24,9,571,0,0,0,2,2,473,65,24,11,573,0,0,0,573
02/06/2019,SDF,KY,ASO,CE,Combined TRACON& Tower with Radar,457,58,11,4,530,0,0,1,0,1,457,58,12,4,531,0,0,0,531
02/07/2019,SDF,KY,ASO,CE,Combined TRACON& Tower with Radar,456,64,23,6,549,0,0,0,0,0,456,64,23,6,549,0,0,0,549
02/08/2019,SDF,KY,ASO,CE,Combined TRACON& Tower with Radar,374,63,17,1,455,0,0,14,0,14,374,63,31,1,469,2,0,2,471
02/09/2019,SDF,KY,ASO,CE,Combined TRACON& Tower with Radar,242,60,10,1,313,0,3,16,11,30,242,63,26,12,343,0,0,0,343
02/10/2019,SDF,KY,ASO,CE,Combined TRACON& Tower with Radar,166,33,11,3,213,0,2,0,0,2,166,35,11,3,215,0,0,0,215
02/11/2019,SDF,KY,ASO,CE,Combined TRACON& Tower with Radar,216,53,13,15,297,0,0,0,0,0,216,53,13,15,297,0,0,0,297
02/12/2019,SDF,KY,ASO,CE,Combined TRACON& Tower with Radar,477,51,27,2,557,0,0,0,0,0,477,51,27,2,557,0,0,0,557
02/13/2019,SDF,KY,ASO,CE,Combined TRACON& Tower with Radar,531,67,64,2,664,0,9,7,6,22,531,76,71,8,686,0,0,0,686
02/14/2019,SDF,KY,ASO,CE,Combined TRACON& Tower with Radar,462,66,42,5,575,0,0,2,7,9,462,66,44,12,584,0,2,2,586
02/15/2019,SDF,KY,ASO,CE,Combined TRACON& Tower with Radar,374,57,38,5,474,0,0,5,0,5,374,57,43,5,479,0,0,0,479
02/16/2019,SDF,KY,ASO,CE,Combined TRACON& Tower with Radar,227,70,16,4,317,0,2,18,0,20,227,72,34,4,337,0,0,0,337
02/17/2019,SDF,KY,ASO,CE,Combined TRACON& Tower with Radar,162,30,15,1,208,0,0,0,0,0,162,30,15,1,208,0,0,0,208
02/18/2019,SDF,KY,ASO,CE,Combined TRACON& Tower with Radar,222,45,11,0,278,0,4,9,0,13,222,49,20,0,291,0,0,0,291
02/19/2019,SDF,KY,ASO,CE,Combined TRACON& Tower with Radar,473,72,22,12,579,0,4,7,0,11,473,76,29,12,590,0,0,0,590
02/20/2019,SDF,KY,ASO,CE,Combined TRACON& Tower with Radar,445,65,18,2,530,0,0,0,0,0,445,65,18,2,530,0,0,0,530
02/21/2019,SDF,KY,ASO,CE,Combined TRACON& Tower with Radar,451,72,20,6,549,0,1,8,2,11,451,73,28,8,560,0,0,0,560
02/22/2019,SDF,KY,ASO,CE,Combined TRACON& Tower with Radar,374,80,23,0,477,0,3,3,0,6,374,83,26,0,483,0,0,0,483
02/23/2019,SDF,KY,ASO,CE,Combined TRACON& Tower with Radar,231,58,10,0,299,0,0,1,0,1,231,58,11,0,300,0,0,0,300
02/24/2019,SDF,KY,ASO,CE,Combined TRACON& Tower with Radar,180,38,10,0,228,0,0,0,0,0,180,38,10,0,228,0,0,0,228
02/25/2019,SDF,KY,ASO,CE,Combined TRACON& Tower with Radar,228,53,15,1,297,0,5,15,2,22,228,58,30,3,319,0,0,0,319
02/26/2019,SDF,KY,ASO,CE,Combined TRACON& Tower with Radar,486,71,18,12,587,0,7,17,1,25,486,78,35,13,612,8,0,8,620
02/27/2019,SDF,KY,ASO,CE,Combined TRACON& Tower with Radar,447,69,14,5,535,0,2,9,6,17,447,71,23,11,552,0,0,0,552
02/28/2019,SDF,KY,ASO,CE,Combined TRACON& Tower with Radar,455,72,27,1,555,0,0,0,0,0,455,72,27,1,555,0,0,0,555
03/01/2019,SDF,KY,ASO,CE,Combined TRACON& Tower with Radar,375,66,16,1,458,0,0,2,0,2,375,66,18,1,460,0,0,0,460
03/02/2019,SDF,KY,ASO,CE,Combined TRACON& Tower with Radar,246,67,13,4,330,0,1,2,0,3,246,68,15,4,333,0,0,0,333
03/03/2019,SDF,KY,ASO,CE,Combined TRACON& Tower with Radar,177,43,5,1,226,0,1,0,0,1,177,44,5,1,227,0,0,0,227
03/04/2019,SDF,KY,ASO,CE,Combined TRACON& Tower with Radar,221,47,13,0,281,0,2,7,0,9,221,49,20,0,290,0,0,0,290
03/05/2019,SDF,KY,ASO,CE,Combined TRACON& Tower with Radar,475,82,14,11,582,0,3,4,1,8,475,85,18,12,590,0,0,0,590
03/06/2019,SDF,KY,ASO,CE,Combined TRACON& Tower with Radar,460,73,40,5,578,0,1,11,6,18,460,74,51,11,596,10,2,12,608
03/07/2019,SDF,KY,ASO,CE,Combined TRACON& Tower with Radar,455,70,34,6,565,0,2,0,0,2,455,72,34,6,567,0,0,0,567
03/08/2019,SDF,KY,ASO,CE,Combined TRACON& Tower with Radar,378,59,22,4,463,0,0,0,0,0,378,59,22,4,463,0,0,0,463
03/09/2019,SDF,KY,ASO,CE,Combined TRACON& Tower with Radar,234,68,10,2,314,0,0,0,0,0,234,68,10,2,314,0,0,0,314
03/10/2019,SDF,KY,ASO,CE,Combined TRACON& Tower with Radar,198,51,23,1,273,0,0,3,2,5,198,51,26,3,278,0,0,0,278
03/11/2019,SDF,KY,ASO,CE,Combined TRACON& Tower with Radar,234,51,16,3,304,0,0,7,1,8,234,51,23,4,312,18,4,22,334
03/12/2019,SDF,KY,ASO,CE,Combined TRACON& Tower with Radar,475,62,22,7,566,0,2,3,4,9,475,64,25,11,575,0,0,0,575
03/13/2019,SDF,KY,ASO,CE,Combined TRACON& Tower with Radar,455,72,22,7,556,0,5,0,1,6,455,77,22,8,562,0,0,0,562
03/14/2019,SDF,KY,ASO,CE,Combined TRACON& Tower with Radar,444,67,26,1,538,0,2,4,0,6,444,69,30,1,544,0,0,0,544
03/15/2019,SDF,KY,ASO,CE,Combined TRACON& Tower with Radar,395,63,16,9,483,0,6,8,5,19,395,69,24,14,502,0,0,0,502
03/16/2019,SDF,KY,ASO,CE,Combined TRACON& Tower with Radar,246,61,9,0,316,0,3,10,0,13,246,64,19,0,329,0,0,0,329
03/17/2019,SDF,KY,ASO,CE,Combined TRACON& Tower with Radar,196,46,10,2,254,0,4,7,4,15,196,50,17,6,269,0,0,0,269
03/18/2019,SDF,KY,ASO,CE,Combined TRACON& Tower with Radar,230,42,19,0,291,0,3,8,0,11,230,45,27,0,302,10,0,10,312
03/19/2019,SDF,KY,ASO,CE,Combined TRACON& Tower with Radar,471,58,23,4,556,0,6,6,2,14,471,64,29,6,570,0,0,0,570
03/20/2019,SDF,KY,ASO,CE,Combined TRACON& Tower with Radar,459,63,16,3,541,0,4,4,1,9,459,67,20,4,550,10,18,28,578
03/21/2019,SDF,KY,ASO,CE,Combined TRACON& Tower with Radar,453,77,27,3,560,0,4,0,0,4,453,81,27,3,564,0,0,0,564
03/22/2019,SDF,KY,ASO,CE,Combined TRACON& Tower with Radar,391,68,21,2,482,0,1,1,0,2,391,69,22,2,484,0,0,0,484
03/23/2019,SDF,KY,ASO,CE,Combined TRACON& Tower with Radar,234,55,7,2,298,0,8,6,0,14,234,63,13,2,312,0,0,0,312
03/24/2019,SDF,KY,ASO,CE,Combined TRACON& Tower with Radar,204,46,9,1,260,0,4,3,0,7,204,50,12,1,267,0,0,0,267
03/25/2019,SDF,KY,ASO,CE,Combined TRACON& Tower with Radar,228,55,11,1,295,0,0,6,0,6,228,55,17,1,301,0,0,0,301
03/26/2019,SDF,KY,ASO,CE,Combined TRACON& Tower with Radar,484,71,25,7,587,0,1,11,7,19,484,72,36,14,606,2,0,2,608
03/27/2019,SDF,KY,ASO,CE,Combined TRACON& Tower with Radar,468,67,26,4,565,0,2,2,8,12,468,69,28,12,577,0,0,0,577
03/28/2019,SDF,KY,ASO,CE,Combined TRACON& Tower with Radar,466,100,91,13,670,0,3,5,4,12,466,103,96,17,682,0,0,0,682
03/29/2019,SDF,KY,ASO,CE,Combined TRACON& Tower with Radar,385,92,57,0,534,0,2,2,0,4,385,94,59,0,538,0,0,0,538
03/30/2019,SDF,KY,ASO,CE,Combined TRACON& Tower with Radar,245,81,33,0,359,0,0,1,0,1,245,81,34,0,360,0,0,0,360
03/31/2019,SDF,KY,ASO,CE,Combined TRACON& Tower with Radar,221,51,32,0,304,0,4,6,0,10,221,55,38,0,314,0,0,0,314
04/01/2019,SDF,KY,ASO,CE,Combined TRACON& Tower with Radar,232,40,17,1,290,0,2,9,3,14,232,42,26,4,304,0,0,0,304
04/02/2019,SDF,KY,ASO,CE,Combined TRACON& Tower with Radar,495,62,21,4,582,0,7,5,4,16,495,69,26,8,598,8,1,9,607
04/03/2019,SDF,KY,ASO,CE,Combined TRACON& Tower with Radar,478,63,24,2,567,0,2,22,6,30,478,65,46,8,597,4,0,4,601
04/04/2019,SDF,KY,ASO,CE,Combined TRACON& Tower with Radar,465,70,14,14,563,0,9,6,0,15,465,79,20,14,578,0,0,0,578
04/05/2019,SDF,KY,ASO,CE,Combined TRACON& Tower with Radar,398,64,17,4,483,0,2,5,2,9,398,66,22,6,492,0,0,0,492
04/06/2019,SDF,KY,ASO,CE,Combined TRACON& Tower with Radar,263,68,17,2,350,0,5,2,1,8,263,73,19,3,358,0,0,0,358
04/07/2019,SDF,KY,ASO,CE,Combined TRACON& Tower with Radar,222,48,17,2,289,0,2,0,0,2,222,50,17,2,291,0,0,0,291
04/08/2019,SDF,KY,ASO,CE,Combined TRACON& Tower with Radar,228,41,16,5,290,0,2,3,3,8,228,43,19,8,298,0,0,0,298
04/09/2019,SDF,KY,ASO,CE,Combined TRACON& Tower with Radar,520,63,28,6,617,0,3,8,2,13,520,66,36,8,630,0,0,0,630
04/10/2019,SDF,KY,ASO,CE,Combined TRACON& Tower with Radar,475,62,24,4,565,0,1,3,1,5,475,63,27,5,570,0,0,0,570
04/11/2019,SDF,KY,ASO,CE,Combined TRACON& Tower with Radar,480,57,14,4,555,0,1,4,3,8,480,58,18,7,563,0,0,0,563
04/12/2019,SDF,KY,ASO,CE,Combined TRACON& Tower with Radar,396,68,13,19,496,0,0,11,23,34,396,68,24,42,530,0,0,0,530
04/13/2019,SDF,KY,ASO,CE,Combined TRACON& Tower with Radar,248,62,6,2,318,2,10,15,31,58,250,72,21,33,376,0,0,0,376
04/14/2019,SDF,KY,ASO,CE,Combined TRACON& Tower with Radar,221,39,15,15,290,0,3,4,0,7,221,42,19,15,297,0,0,0,297
04/15/2019,SDF,KY,ASO,CE,Combined TRACON& Tower with Radar,247,57,22,5,331,0,2,10,1,13,247,59,32,6,344,4,0,4,348
04/16/2019,SDF,KY,ASO,CE,Combined TRACON& Tower with Radar,509,66,37,2,614,0,3,2,2,7,509,69,39,4,621,0,2,2,623
04/17/2019,SDF,KY,ASO,CE,Combined TRACON& Tower with Radar,465,66,30,3,564,0,1,9,3,13,465,67,39,6,577,2,0,2,579
04/18/2019,SDF,KY,ASO,CE,Combined TRACON& Tower with Radar,468,67,40,6,581,0,0,12,16,28,468,67,52,22,609,0,0,0,609
04/19/2019,SDF,KY,ASO,CE,Combined TRACON& Tower with Radar,398,59,14,7,478,0,0,2,0,2,398,59,16,7,480,0,0,0,480
04/20/2019,SDF,KY,ASO,CE,Combined TRACON& Tower with Radar,254,61,16,0,331,0,0,0,0,0,254,61,16,0,331,0,0,0,331
04/21/2019,SDF,KY,ASO,CE,Combined TRACON& Tower with Radar,209,29,9,1,248,0,0,11,0,11,209,29,20,1,259,0,0,0,259
04/22/2019,SDF,KY,ASO,CE,Combined TRACON& Tower with Radar,245,39,19,0,303,0,3,8,1,12,245,42,27,1,315,0,0,0,315
04/23/2019,SDF,KY,ASO,CE,Combined TRACON& Tower with Radar,476,63,24,7,570,0,2,2,10,14,476,65,26,17,584,0,0,0,584
04/24/2019,SDF,KY,ASO,CE,Combined TRACON& Tower with Radar,494,70,26,3,593,0,0,4,6,10,494,70,30,9,603,2,0,2,605
04/25/2019,SDF,KY,ASO,CE,Combined TRACON& Tower with Radar,472,79,17,11,579,0,0,2,3,5,472,79,19,14,584,0,22,22,606
04/26/2019,SDF,KY,ASO,CE,Combined TRACON& Tower with Radar,401,64,13,12,490,0,0,2,4,6,401,64,15,16,496,0,0,0,496
04/27/2019,SDF,KY,ASO,CE,Combined TRACON& Tower with Radar,245,82,10,2,339,0,2,4,0,6,245,84,14,2,345,26,0,26,371
04/28/2019,SDF,KY,ASO,CE,Combined TRACON& Tower with Radar,223,38,14,9,284,0,4,1,3,8,223,42,15,12,292,1,0,1,293
04/29/2019,SDF,KY,ASO,CE,Combined TRACON& Tower with Radar,252,44,23,0,319,0,2,6,0,8,252,46,29,0,327,8,0,8,335
04/30/2019,SDF,KY,ASO,CE,Combined TRACON& Tower with Radar,494,67,24,3,588,0,1,1,6,8,494,68,25,9,596,0,0,0,596
05/01/2019,SDF,KY,ASO,CE,Combined TRACON& Tower with Radar,493,76,51,1,621,0,2,1,2,5,493,78,52,3,626,0,0,0,626
05/02/2019,SDF,KY,ASO,CE,Combined TRACON& Tower with Radar,518,188,182,2,890,0,5,1,0,6,518,193,183,2,896,0,0,0,896
05/03/2019,SDF,KY,ASO,CE,Combined TRACON& Tower with Radar,415,136,105,0,656,0,0,16,7,23,415,136,121,7,679,0,0,0,679
05/04/2019,SDF,KY,ASO,CE,Combined TRACON& Tower with Radar,249,191,162,1,603,0,0,11,0,11,249,191,173,1,614,0,0,0,614
05/05/2019,SDF,KY,ASO,CE,Combined TRACON& Tower with Radar,296,180,188,1,665,0,3,6,0,9,296,183,194,1,674,0,0,0,674
05/06/2019,SDF,KY,ASO,CE,Combined TRACON& Tower with Radar,268,43,23,2,336,0,3,3,4,10,268,46,26,6,346,0,0,0,346
05/07/2019,SDF,KY,ASO,CE,Combined TRACON& Tower with Radar,496,61,33,5,595,0,0,8,3,11,496,61,41,8,606,6,0,6,612
05/08/2019,SDF,KY,ASO,CE,Combined TRACON& Tower with Radar,494,66,28,5,593,0,0,2,0,2,494,66,30,5,595,0,0,0,595
05/09/2019,SDF,KY,ASO,CE,Combined TRACON& Tower with Radar,505,71,16,2,594,0,2,1,1,4,505,73,17,3,598,0,0,0,598
05/10/2019,SDF,KY,ASO,CE,Combined TRACON& Tower with Radar,450,63,31,27,571,0,6,0,1,7,450,69,31,28,578,0,0,0,578
05/11/2019,SDF,KY,ASO,CE,Combined TRACON& Tower with Radar,301,56,12,7,376,0,4,5,0,9,301,60,17,7,385,0,0,0,385
05/12/2019,SDF,KY,ASO,CE,Combined TRACON& Tower with Radar,220,38,15,5,278,0,0,0,0,0,220,38,15,5,278,0,0,0,278
05/13/2019,SDF,KY,ASO,CE,Combined TRACON& Tower with Radar,241,36,22,13,312,0,5,7,0,12,241,41,29,13,324,24,0,24,348
05/14/2019,SDF,KY,ASO,CE,Combined TRACON& Tower with Radar,506,73,35,4,618,0,7,8,2,17,506,80,43,6,635,7,0,7,642
05/15/2019,SDF,KY,ASO,CE,Combined TRACON& Tower with Radar,480,78,33,8,599,0,0,2,3,5,480,78,35,11,604,0,0,0,604
05/16/2019,SDF,KY,ASO,CE,Combined TRACON& Tower with Radar,472,76,46,2,596,0,3,13,4,20,472,79,59,6,616,0,0,0,616
05/17/2019,SDF,KY,ASO,CE,Combined TRACON& Tower with Radar,411,64,26,6,507,0,3,5,10,18,411,67,31,16,525,0,0,0,525
05/18/2019,SDF,KY,ASO,CE,Combined TRACON& Tower with Radar,249,65,7,1,322,0,2,6,0,8,249,67,13,1,330,0,0,0,330
05/19/2019,SDF,KY,ASO,CE,Combined TRACON& Tower with Radar,226,41,20,1,288,0,0,1,0,1,226,41,21,1,289,0,0,0,289
05/20/2019,SDF,KY,ASO,CE,Combined TRACON& Tower with Radar,240,48,10,4,302,0,2,10,10,22,240,50,20,14,324,0,8,8,332
05/21/2019,SDF,KY,ASO,CE,Combined TRACON& Tower with Radar,493,67,14,1,575,0,0,7,8,15,493,67,21,9,590,0,0,0,590
05/22/2019,SDF,KY,ASO,CE,Combined TRACON& Tower with Radar,483,63,15,3,564,0,3,4,1,8,483,66,19,4,572,0,0,0,572
05/23/2019,SDF,KY,ASO,CE,Combined TRACON& Tower with Radar,476,73,31,3,583,0,4,4,0,8,476,77,35,3,591,0,0,0,591
05/24/2019,SDF,KY,ASO,CE,Combined TRACON& Tower with Radar,405,63,26,7,501,0,2,10,0,12,405,65,36,7,513,0,0,0,513
05/25/2019,SDF,KY,ASO,CE,Combined TRACON& Tower with Radar,256,58,14,0,328,0,4,7,0,11,256,62,21,0,339,0,0,0,339
05/26/2019,SDF,KY,ASO,CE,Combined TRACON& Tower with Radar,164,35,6,0,205,0,2,2,0,4,164,37,8,0,209,0,0,0,209
05/27/2019,SDF,KY,ASO,CE,Combined TRACON& Tower with Radar,163,35,22,0,220,0,6,6,0,12,163,41,28,0,232,0,0,0,232
05/28/2019,SDF,KY,ASO,CE,Combined TRACON& Tower with Radar,322,51,26,0,399,0,0,5,0,5,322,51,31,0,404,28,18,46,450
05/29/2019,SDF,KY,ASO,CE,Combined TRACON& Tower with Radar,512,64,25,0,601,0,2,2,0,4,512,66,27,0,605,0,0,0,605
05/30/2019,SDF,KY,ASO,CE,Combined TRACON& Tower with Radar,531,64,24,0,619,0,4,8,0,12,531,68,32,0,631,0,0,0,631
05/31/2019,SDF,KY,ASO,CE,Combined TRACON& Tower with Radar,420,55,21,0,496,0,8,11,3,22,420,63,32,3,518,0,0,0,518
06/01/2019,SDF,KY,ASO,CE,Combined TRACON& Tower with Radar,255,68,16,2,341,0,5,5,2,12,255,73,21,4,353,0,0,0,353
06/02/2019,SDF,KY,ASO,CE,Combined TRACON& Tower with Radar,226,44,21,0,291,0,4,10,0,14,226,48,31,0,305,20,0,20,325
06/03/2019,SDF,KY,ASO,CE,Combined TRACON& Tower with Radar,239,40,16,0,295,0,7,8,1,16,239,47,24,1,311,14,0,14,325
06/04/2019,SDF,KY,ASO,CE,Combined TRACON& Tower with Radar,513,71,27,2,613,0,3,17,1,21,513,74,44,3,634,0,0,0,634
06/05/2019,SDF,KY,ASO,CE,Combined TRACON& Tower with Radar,493,66,34,0,593,0,5,4,2,11,493,71,38,2,604,0,0,0,604
06/06/2019,SDF,KY,ASO,CE,Combined TRACON& Tower with Radar,478,70,30,7,585,0,0,9,1,10,478,70,39,8,595,0,0,0,595
06/07/2019,SDF,KY,ASO,CE,Combined TRACON& Tower with Radar,402,75,13,21,511,0,1,1,0,2,402,76,14,21,513,0,8,8,521
06/08/2019,SDF,KY,ASO,CE,Combined TRACON& Tower with Radar,278,72,10,0,360,0,0,0,0,0,278,72,10,0,360,0,0,0,360
06/09/2019,SDF,KY,ASO,CE,Combined TRACON& Tower with Radar,209,49,17,1,276,0,0,1,0,1,209,49,18,1,277,0,0,0,277
06/10/2019,SDF,KY,ASO,CE,Combined TRACON& Tower with Radar,258,54,12,6,330,0,2,26,0,28,258,56,38,6,358,0,0,0,358
06/11/2019,SDF,KY,ASO,CE,Combined TRACON& Tower with Radar,507,67,22,1,597,0,1,22,3,26,507,68,44,4,623,2,0,2,625
06/12/2019,SDF,KY,ASO,CE,Combined TRACON& Tower with Radar,490,74,23,5,592,0,4,8,4,16,490,78,31,9,608,0,0,0,608
06/13/2019,SDF,KY,ASO,CE,Combined TRACON& Tower with Radar,486,73,16,6,581,0,4,2,7,13,486,77,18,13,594,0,0,0,594
06/14/2019,SDF,KY,ASO,CE,Combined TRACON& Tower with Radar,417,68,27,4,516,0,0,4,1,5,417,68,31,5,521,0,0,0,521
06/15/2019,SDF,KY,ASO,CE,Combined TRACON& Tower with Radar,289,80,17,0,386,0,5,1,0,6,289,85,18,0,392,0,0,0,392
06/16/2019,SDF,KY,ASO,CE,Combined TRACON& Tower with Radar,219,46,17,0,282,0,6,2,1,9,219,52,19,1,291,2,0,2,293
06/17/2019,SDF,KY,ASO,CE,Combined TRACON& Tower with Radar,245,58,31,6,340,0,4,1,0,5,245,62,32,6,345,0,0,0,345
06/18/2019,SDF,KY,ASO,CE,Combined TRACON& Tower with Radar,513,65,21,4,603,0,4,2,7,13,513,69,23,11,616,0,10,10,626
06/19/2019,SDF,KY,ASO,CE,Combined TRACON& Tower with Radar,473,67,14,3,557,0,0,6,3,9,473,67,20,6,566,0,0,0,566
06/20/2019,SDF,KY,ASO,CE,Combined TRACON& Tower with Radar,500,67,28,8,603,0,2,4,0,6,500,69,32,8,609,0,0,0,609
06/21/2019,SDF,KY,ASO,CE,Combined TRACON& Tower with Radar,420,67,30,4,521,0,1,9,2,12,420,68,39,6,533,0,0,0,533
06/22/2019,SDF,KY,ASO,CE,Combined TRACON& Tower with Radar,280,79,21,5,385,0,4,2,2,8,280,83,23,7,393,0,0,0,393
06/23/2019,SDF,KY,ASO,CE,Combined TRACON& Tower with Radar,231,39,16,0,286,0,2,3,0,5,231,41,19,0,291,0,0,0,291
06/24/2019,SDF,KY,ASO,CE,Combined TRACON& Tower with Radar,245,57,44,4,350,0,4,7,3,14,245,61,51,7,364,0,0,0,364
06/25/2019,SDF,KY,ASO,CE,Combined TRACON& Tower with Radar,511,70,14,4,599,0,2,24,5,31,511,72,38,9,630,30,0,30,660
06/26/2019,SDF,KY,ASO,CE,Combined TRACON& Tower with Radar,484,77,26,9,596,0,4,13,1,18,484,81,39,10,614,0,0,0,614
06/27/2019,SDF,KY,ASO,CE,Combined TRACON& Tower with Radar,498,89,25,3,615,0,2,11,0,13,498,91,36,3,628,0,0,0,628
06/28/2019,SDF,KY,ASO,CE,Combined TRACON& Tower with Radar,417,66,15,2,500,0,2,7,0,9,417,68,22,2,509,0,0,0,509
06/29/2019,SDF,KY,ASO,CE,Combined TRACON& Tower with Radar,298,82,20,2,402,0,4,7,1,12,298,86,27,3,414,0,0,0,414
06/30/2019,SDF,KY,ASO,CE,Combined TRACON& Tower with Radar,227,46,7,0,280,0,4,5,3,12,227,50,12,3,292,0,0,0,292
07/01/2019,SDF,KY,ASO,CE,Combined TRACON& Tower with Radar,235,50,10,0,295,0,1,5,1,7,235,51,15,1,302,0,0,0,302
07/02/2019,SDF,KY,ASO,CE,Combined TRACON& Tower with Radar,502,72,16,15,605,0,3,5,3,11,502,75,21,18,616,0,0,0,616
07/03/2019,SDF,KY,ASO,CE,Combined TRACON& Tower with Radar,492,64,14,0,570,0,1,7,6,14,492,65,21,6,584,0,0,0,584
07/04/2019,SDF,KY,ASO,CE,Combined TRACON& Tower with Radar,224,46,7,0,277,0,3,1,6,10,224,49,8,6,287,0,0,0,287
07/05/2019,SDF,KY,ASO,CE,Combined TRACON& Tower with Radar,323,50,15,0,388,0,6,0,3,9,323,56,15,3,397,0,0,0,397
07/06/2019,SDF,KY,ASO,CE,Combined TRACON& Tower with Radar,271,68,18,2,359,0,9,12,2,23,271,77,30,4,382,18,0,18,400
07/07/2019,SDF,KY,ASO,CE,Combined TRACON& Tower with Radar,215,58,9,0,282,0,0,6,4,10,215,58,15,4,292,6,0,6,298
07/08/2019,SDF,KY,ASO,CE,Combined TRACON& Tower with Radar,250,50,22,0,322,0,6,12,0,18,250,56,34,0,340,29,0,29,369
07/09/2019,SDF,KY,ASO,CE,Combined TRACON& Tower with Radar,524,68,29,3,624,0,2,13,4,19,524,70,42,7,643,0,0,0,643
07/10/2019,SDF,KY,ASO,CE,Combined TRACON& Tower with Radar,507,63,18,3,591,0,0,3,7,10,507,63,21,10,601,5,10,15,616
07/11/2019,SDF,KY,ASO,CE,Combined TRACON& Tower with Radar,477,57,24,8,566,0,8,7,11,26,477,65,31,19,592,0,0,0,592
07/12/2019,SDF,KY,ASO,CE,Combined TRACON& Tower with Radar,422,68,10,12,512,0,8,6,9,23,422,76,16,21,535,0,0,0,535
07/13/2019,SDF,KY,ASO,CE,Combined TRACON& Tower with Radar,298,68,20,2,388,0,5,16,10,31,298,73,36,12,419,0,0,0,419
07/14/2019,SDF,KY,ASO,CE,Combined TRACON& Tower with Radar,226,41,23,14,304,0,5,7,5,17,226,46,30,19,321,0,0,0,321
07/15/2019,SDF,KY,ASO,CE,Combined TRACON& Tower with Radar,249,54,17,5,325,0,6,2,3,11,249,60,19,8,336,0,0,0,336
07/16/2019,SDF,KY,ASO,CE,Combined TRACON& Tower with Radar,518,64,27,2,611,0,0,0,3,3,518,64,27,5,614,0,0,0,614
07/17/2019,SDF,KY,ASO,CE,Combined TRACON& Tower with Radar,549,73,21,7,650,0,1,3,8,12,549,74,24,15,662,0,8,8,670
07/18/2019,SDF,KY,ASO,CE,Combined TRACON& Tower with Radar,542,64,32,9,647,0,3,4,11,18,542,67,36,20,665,0,0,0,665
07/19/2019,SDF,KY,ASO,CE,Combined TRACON& Tower with Radar,445,66,16,7,534,0,2,9,0,11,445,68,25,7,545,0,0,0,545
07/20/2019,SDF,KY,ASO,CE,Combined TRACON& Tower with Radar,296,62,25,7,390,0,4,8,1,13,296,66,33,8,403,0,0,0,403
07/21/2019,SDF,KY,ASO,CE,Combined TRACON& Tower with Radar,232,46,11,0,289,0,0,5,2,7,232,46,16,2,296,0,0,0,296
07/22/2019,SDF,KY,ASO,CE,Combined TRACON& Tower with Radar,247,42,20,2,311,0,0,9,0,9,247,42,29,2,320,12,0,12,332
07/23/2019,SDF,KY,ASO,CE,Combined TRACON& Tower with Radar,523,79,11,1,614,0,6,3,6,15,523,85,14,7,629,0,0,0,629
07/24/2019,SDF,KY,ASO,CE,Combined TRACON& Tower with Radar,507,76,26,2,611,0,4,11,7,22,507,80,37,9,633,0,9,9,642
07/25/2019,SDF,KY,ASO,CE,Combined TRACON& Tower with Radar,494,90,19,2,605,0,6,3,3,12,494,96,22,5,617,0,0,0,617
07/26/2019,SDF,KY,ASO,CE,Combined TRACON& Tower with Radar,410,78,14,3,505,0,3,3,3,9,410,81,17,6,514,0,0,0,514
07/27/2019,SDF,KY,ASO,CE,Combined TRACON& Tower with Radar,284,68,12,1,365,0,10,2,7,19,284,78,14,8,384,0,0,0,384
07/28/2019,SDF,KY,ASO,CE,Combined TRACON& Tower with Radar,218,42,28,6,294,0,4,16,0,20,218,46,44,6,314,24,0,24,338
07/29/2019,SDF,KY,ASO,CE,Combined TRACON& Tower with Radar,250,49,22,2,323,0,3,6,0,9,250,52,28,2,332,0,0,0,332
07/30/2019,SDF,KY,ASO,CE,Combined TRACON& Tower with Radar,502,64,29,13,608,0,0,4,3,7,502,64,33,16,615,6,0,6,621
07/31/2019,SDF,KY,ASO,CE,Combined TRACON& Tower with Radar,490,67,42,2,601,0,2,13,9,24,490,69,55,11,625,0,0,0,625
08/01/2019,SDF,KY,ASO,CE,Combined TRACON& Tower with Radar,496,70,24,7,597,0,5,5,1,11,496,75,29,8,608,0,0,0,608
08/02/2019,SDF,KY,ASO,CE,Combined TRACON& Tower with Radar,425,71,23,2,521,0,10,6,0,16,425,81,29,2,537,0,0,0,537
08/03/2019,SDF,KY,ASO,CE,Combined TRACON& Tower with Radar,290,63,23,4,380,0,12,13,3,28,290,75,36,7,408,0,0,0,408
08/04/2019,SDF,KY,ASO,CE,Combined TRACON& Tower with Radar,238,39,20,4,301,0,5,15,1,21,238,44,35,5,322,0,0,0,322
08/05/2019,SDF,KY,ASO,CE,Combined TRACON& Tower with Radar,253,46,19,1,319,0,7,6,1,14,253,53,25,2,333,4,0,4,337
08/06/2019,SDF,KY,ASO,CE,Combined TRACON& Tower with Radar,498,76,26,4,604,0,3,7,0,10,498,79,33,4,614,0,0,0,614
08/07/2019,SDF,KY,ASO,CE,Combined TRACON& Tower with Radar,483,69,20,2,574,0,4,6,7,17,483,73,26,9,591,0,0,0,591
08/08/2019,SDF,KY,ASO,CE,Combined TRACON& Tower with Radar,501,71,17,0,589,0,6,9,0,15,501,77,26,0,604,0,0,0,604
08/09/2019,SDF,KY,ASO,CE,Combined TRACON& Tower with Radar,405,70,17,3,495,0,6,5,2,13,405,76,22,5,508,0,0,0,508
08/10/2019,SDF,KY,ASO,CE,Combined TRACON& Tower with Radar,264,66,16,6,352,0,2,8,0,10,264,68,24,6,362,22,0,22,384
08/11/2019,SDF,KY,ASO,CE,Combined TRACON& Tower with Radar,229,45,5,2,281,0,2,6,1,9,229,47,11,3,290,0,0,0,290
08/12/2019,SDF,KY,ASO,CE,Combined TRACON& Tower with Radar,246,55,27,3,331,0,3,5,4,12,246,58,32,7,343,0,2,2,345
08/13/2019,SDF,KY,ASO,CE,Combined TRACON& Tower with Radar,511,70,23,2,606,0,1,1,4,6,511,71,24,6,612,0,0,0,612
08/14/2019,SDF,KY,ASO,CE,Combined TRACON& Tower with Radar,492,69,28,15,604,0,0,6,4,10,492,69,34,19,614,0,0,0,614
08/15/2019,SDF,KY,ASO,CE,Combined TRACON& Tower with Radar,491,73,25,2,591,0,0,3,3,6,491,73,28,5,597,0,0,0,597
08/16/2019,SDF,KY,ASO,CE,Combined TRACON& Tower with Radar,408,80,33,4,525,0,8,9,1,18,408,88,42,5,543,0,0,0,543
08/17/2019,SDF,KY,ASO,CE,Combined TRACON& Tower with Radar,260,57,12,0,329,0,7,7,0,14,260,64,19,0,343,0,0,0,343
08/18/2019,SDF,KY,ASO,CE,Combined TRACON& Tower with Radar,223,36,9,3,271,0,3,9,2,14,223,39,18,5,285,0,0,0,285
08/19/2019,SDF,KY,ASO,CE,Combined TRACON& Tower with Radar,249,41,19,7,316,0,6,5,0,11,249,47,24,7,327,0,0,0,327
08/20/2019,SDF,KY,ASO,CE,Combined TRACON& Tower with Radar,496,68,34,6,604,0,0,2,1,3,496,68,36,7,607,0,0,0,607
08/21/2019,SDF,KY,ASO,CE,Combined TRACON& Tower with Radar,496,74,24,4,598,0,4,4,4,12,496,78,28,8,610,0,0,0,610
08/22/2019,SDF,KY,ASO,CE,Combined TRACON& Tower with Radar,479,65,32,4,580,0,0,7,8,15,479,65,39,12,595,0,8,8,603
08/23/2019,SDF,KY,ASO,CE,Combined TRACON& Tower with Radar,410,77,27,2,516,0,2,7,0,9,410,79,34,2,525,4,0,4,529
08/24/2019,SDF,KY,ASO,CE,Combined TRACON& Tower with Radar,257,68,18,0,343,0,4,10,0,14,257,72,28,0,357,0,0,0,357
08/25/2019,SDF,KY,ASO,CE,Combined TRACON& Tower with Radar,204,46,20,0,270,0,0,1,0,1,204,46,21,0,271,0,0,0,271
08/26/2019,SDF,KY,ASO,CE,Combined TRACON& Tower with Radar,243,63,12,4,322,0,0,0,0,0,243,63,12,4,322,0,0,0,322
08/27/2019,SDF,KY,ASO,CE,Combined TRACON& Tower with Radar,516,81,32,10,639,0,1,2,3,6,516,82,34,13,645,0,0,0,645
08/28/2019,SDF,KY,ASO,CE,Combined TRACON& Tower with Radar,489,81,33,5,608,0,2,9,5,16,489,83,42,10,624,0,0,0,624
08/29/2019,SDF,KY,ASO,CE,Combined TRACON& Tower with Radar,482,76,25,4,587,0,2,9,4,15,482,78,34,8,602,0,0,0,602
08/30/2019,SDF,KY,ASO,CE,Combined TRACON& Tower with Radar,416,72,25,2,515,0,3,14,1,18,416,75,39,3,533,0,0,0,533
08/31/2019,SDF,KY,ASO,CE,Combined TRACON& Tower with Radar,247,67,11,2,327,0,4,1,0,5,247,71,12,2,332,0,0,0,332
09/01/2019,SDF,KY,ASO,CE,Combined TRACON& Tower with Radar,170,26,8,0,204,0,11,5,0,16,170,37,13,0,220,0,0,0,220
09/02/2019,SDF,KY,ASO,CE,Combined TRACON& Tower with Radar,158,43,23,1,225,0,13,20,1,34,158,56,43,2,259,0,0,0,259
09/03/2019,SDF,KY,ASO,CE,Combined TRACON& Tower with Radar,316,62,24,6,408,0,7,5,2,14,316,69,29,8,422,0,0,0,422
09/04/2019,SDF,KY,ASO,CE,Combined TRACON& Tower with Radar,527,79,23,8,637,0,10,2,8,20,527,89,25,16,657,0,0,0,657
09/05/2019,SDF,KY,ASO,CE,Combined TRACON& Tower with Radar,529,71,35,9,644,0,3,9,10,22,529,74,44,19,666,0,0,0,666
09/06/2019,SDF,KY,ASO,CE,Combined TRACON& Tower with Radar,413,72,18,12,515,0,0,3,0,3,413,72,21,12,518,0,0,0,518
09/07/2019,SDF,KY,ASO,CE,Combined TRACON& Tower with Radar,252,68,13,7,340,0,6,4,3,13,252,74,17,10,353,0,0,0,353
09/08/2019,SDF,KY,ASO,CE,Combined TRACON& Tower with Radar,229,42,7,0,278,0,7,4,0,11,229,49,11,0,289,0,0,0,289
09/09/2019,SDF,KY,ASO,CE,Combined TRACON& Tower with Radar,242,46,20,4,312,0,4,2,1,7,242,50,22,5,319,0,0,0,319
09/10/2019,SDF,KY,ASO,CE,Combined TRACON& Tower with Radar,514,73,23,0,610,0,5,3,0,8,514,78,26,0,618,0,0,0,618
09/11/2019,SDF,KY,ASO,CE,Combined TRACON& Tower with Radar,505,71,34,4,614,0,2,5,0,7,505,73,39,4,621,0,0,0,621
09/12/2019,SDF,KY,ASO,CE,Combined TRACON& Tower with Radar,502,67,34,14,617,0,8,5,4,17,502,75,39,18,634,0,0,0,634
09/13/2019,SDF,KY,ASO,CE,Combined TRACON& Tower with Radar,422,65,20,13,520,0,7,1,9,17,422,72,21,22,537,0,0,0,537
09/14/2019,SDF,KY,ASO,CE,Combined TRACON& Tower with Radar,252,69,19,6,346,0,4,4,2,10,252,73,23,8,356,0,0,0,356
09/15/2019,SDF,KY,ASO,CE,Combined TRACON& Tower with Radar,225,47,23,11,306,0,8,10,8,26,225,55,33,19,332,0,0,0,332
09/16/2019,SDF,KY,ASO,CE,Combined TRACON& Tower with Radar,242,48,20,5,315,0,0,2,3,5,242,48,22,8,320,0,0,0,320
09/17/2019,SDF,KY,ASO,CE,Combined TRACON& Tower with Radar,509,63,21,5,598,0,6,3,3,12,509,69,24,8,610,0,0,0,610
09/18/2019,SDF,KY,ASO,CE,Combined TRACON& Tower with Radar,501,64,22,3,590,0,5,5,4,14,501,69,27,7,604,0,0,0,604
09/19/2019,SDF,KY,ASO,CE,Combined TRACON& Tower with Radar,503,65,27,4,599,0,7,12,2,21,503,72,39,6,620,0,0,0,620
09/20/2019,SDF,KY,ASO,CE,Combined TRACON& Tower with Radar,414,68,31,0,513,0,2,2,0,4,414,70,33,0,517,0,0,0,517
09/21/2019,SDF,KY,ASO,CE,Combined TRACON& Tower with Radar,259,74,17,0,350,0,6,5,0,11,259,80,22,0,361,0,0,0,361
09/22/2019,SDF,KY,ASO,CE,Combined TRACON& Tower with Radar,230,53,23,0,306,0,4,8,0,12,230,57,31,0,318,0,0,0,318
09/23/2019,SDF,KY,ASO,CE,Combined TRACON& Tower with Radar,238,58,20,4,320,0,7,6,0,13,238,65,26,4,333,0,0,0,333
09/24/2019,SDF,KY,ASO,CE,Combined TRACON& Tower with Radar,519,68,18,5,610,0,2,1,0,3,519,70,19,5,613,0,0,0,613
09/25/2019,SDF,KY,ASO,CE,Combined TRACON& Tower with Radar,503,70,30,4,607,0,2,10,0,12,503,72,40,4,619,0,0,0,619
09/26/2019,SDF,KY,ASO,CE,Combined TRACON& Tower with Radar,504,81,22,5,612,0,0,3,1,4,504,81,25,6,616,0,0,0,616
09/27/2019,SDF,KY,ASO,CE,Combined TRACON& Tower with Radar,407,59,20,0,486,0,3,8,0,11,407,62,28,0,497,0,0,0,497
09/28/2019,SDF,KY,ASO,CE,Combined TRACON& Tower with Radar,265,69,7,1,342,0,5,11,1,17,265,74,18,2,359,0,0,0,359
09/29/2019,SDF,KY,ASO,CE,Combined TRACON& Tower with Radar,234,49,24,2,309,0,5,5,0,10,234,54,29,2,319,0,0,0,319
09/30/2019,SDF,KY,ASO,CE,Combined TRACON& Tower with Radar,241,63,39,5,348,0,0,6,1,7,241,63,45,6,355,0,0,0,355
10/01/2019,SDF,KY,ASO,CE,Combined TRACON& Tower with Radar,526,85,45,2,658,0,4,3,4,11,526,89,48,6,669,0,0,0,669
10/02/2019,SDF,KY,ASO,CE,Combined TRACON& Tower with Radar,516,86,47,2,651,0,6,5,4,15,516,92,52,6,666,0,0,0,666
10/03/2019,SDF,KY,ASO,CE,Combined TRACON& Tower with Radar,503,81,41,3,628,0,0,8,3,11,503,81,49,6,639,0,0,0,639
10/04/2019,SDF,KY,ASO,CE,Combined TRACON& Tower with Radar,426,70,14,2,512,0,4,11,1,16,426,74,25,3,528,0,0,0,528
10/05/2019,SDF,KY,ASO,CE,Combined TRACON& Tower with Radar,276,57,7,0,340,0,7,4,0,11,276,64,11,0,351,0,0,0,351
10/06/2019,SDF,KY,ASO,CE,Combined TRACON& Tower with Radar,233,53,21,0,307,0,0,2,0,2,233,53,23,0,309,0,0,0,309
10/07/2019,SDF,KY,ASO,CE,Combined TRACON& Tower with Radar,257,52,15,2,326,0,2,7,1,10,257,54,22,3,336,0,0,0,336
10/08/2019,SDF,KY,ASO,CE,Combined TRACON& Tower with Radar,530,66,27,2,625,0,2,6,5,13,530,68,33,7,638,0,0,0,638
10/09/2019,SDF,KY,ASO,CE,Combined TRACON& Tower with Radar,516,69,32,3,620,0,1,3,1,5,516,70,35,4,625,0,0,0,625
10/10/2019,SDF,KY,ASO,CE,Combined TRACON& Tower with Radar,510,71,19,3,603,0,2,6,5,13,510,73,25,8,616,0,0,0,616
10/11/2019,SDF,KY,ASO,CE,Combined TRACON& Tower with Radar,423,69,16,3,511,0,2,5,0,7,423,71,21,3,518,0,0,0,518
10/12/2019,SDF,KY,ASO,CE,Combined TRACON& Tower with Radar,279,61,11,4,355,0,2,4,0,6,279,63,15,4,361,0,0,0,361
10/13/2019,SDF,KY,ASO,CE,Combined TRACON& Tower with Radar,230,44,17,2,293,0,1,14,1,16,230,45,31,3,309,0,0,0,309
10/14/2019,SDF,KY,ASO,CE,Combined TRACON& Tower with Radar,266,50,32,2,350,0,3,4,0,7,266,53,36,2,357,0,0,0,357
10/15/2019,SDF,KY,ASO,CE,Combined TRACON& Tower with Radar,518,64,43,6,631,0,0,1,0,1,518,64,44,6,632,0,0,0,632
10/16/2019,SDF,KY,ASO,CE,Combined TRACON& Tower with Radar,522,67,41,7,637,0,4,2,2,8,522,71,43,9,645,0,0,0,645
10/17/2019,SDF,KY,ASO,CE,Combined TRACON& Tower with Radar,515,78,53,6,652,0,4,12,10,26,515,82,65,16,678,0,0,0,678
10/18/2019,SDF,KY,ASO,CE,Combined TRACON& Tower with Radar,423,67,47,7,544,0,0,18,4,22,423,67,65,11,566,0,0,0,566
10/19/2019,SDF,KY,ASO,CE,Combined TRACON& Tower with Radar,271,60,28,10,369,0,4,8,1,13,271,64,36,11,382,0,0,0,382
10/20/2019,SDF,KY,ASO,CE,Combined TRACON& Tower with Radar,231,51,26,2,310,0,0,6,1,7,231,51,32,3,317,0,0,0,317
10/21/2019,SDF,KY,ASO,CE,Combined TRACON& Tower with Radar,250,55,7,1,313,0,0,2,0,2,250,55,9,1,315,0,0,0,315
10/22/2019,SDF,KY,ASO,CE,Combined TRACON& Tower with Radar,519,74,18,2,613,0,5,4,0,9,519,79,22,2,622,0,0,0,622
10/23/2019,SDF,KY,ASO,CE,Combined TRACON& Tower with Radar,524,72,18,1,615,0,2,8,2,12,524,74,26,3,627,14,0,14,641
10/24/2019,SDF,KY,ASO,CE,Combined TRACON& Tower with Radar,509,76,21,5,611,0,6,4,0,10,509,82,25,5,621,0,0,0,621
10/25/2019,SDF,KY,ASO,CE,Combined TRACON& Tower with Radar,428,86,21,5,540,0,3,4,0,7,428,89,25,5,547,4,0,4,551
10/26/2019,SDF,KY,ASO,CE,Combined TRACON& Tower with Radar,277,67,9,0,353,0,0,0,0,0,277,67,9,0,353,0,0,0,353
10/27/2019,SDF,KY,ASO,CE,Combined TRACON& Tower with Radar,235,55,21,5,316,0,4,4,0,8,235,59,25,5,324,0,0,0,324
10/28/2019,SDF,KY,ASO,CE,Combined TRACON& Tower with Radar,257,56,21,2,336,0,0,1,2,3,257,56,22,4,339,0,0,0,339
10/29/2019,SDF,KY,ASO,CE,Combined TRACON& Tower with Radar,520,57,27,2,606,0,0,2,0,2,520,57,29,2,608,0,0,0,608
10/30/2019,SDF,KY,ASO,CE,Combined TRACON& Tower with Radar,513,67,23,2,605,0,0,0,0,0,513,67,23,2,605,0,0,0,605
10/31/2019,SDF,KY,ASO,CE,Combined TRACON& Tower with Radar,501,61,15,2,579,0,0,0,0,0,501,61,15,2,579,0,0,0,579
11/01/2019,SDF,KY,ASO,CE,Combined TRACON& Tower with Radar,438,76,28,3,545,0,2,7,1,10,438,78,35,4,555,0,0,0,555
11/02/2019,SDF,KY,ASO,CE,Combined TRACON& Tower with Radar,278,57,17,0,352,0,8,5,4,17,278,65,22,4,369,0,0,0,369
11/03/2019,SDF,KY,ASO,CE,Combined TRACON& Tower with Radar,235,39,15,9,298,0,5,2,2,9,235,44,17,11,307,0,0,0,307
11/04/2019,SDF,KY,ASO,CE,Combined TRACON& Tower with Radar,258,53,28,1,340,0,1,1,0,2,258,54,29,1,342,0,0,0,342
11/05/2019,SDF,KY,ASO,CE,Combined TRACON& Tower with Radar,517,84,30,7,638,0,7,5,0,12,517,91,35,7,650,0,0,0,650
11/06/2019,SDF,KY,ASO,CE,Combined TRACON& Tower with Radar,516,68,30,3,617,0,2,9,5,16,516,70,39,8,633,0,3,3,636
11/07/2019,SDF,KY,ASO,CE,Combined TRACON& Tower with Radar,505,74,34,4,617,0,2,0,0,2,505,76,34,4,619,0,0,0,619
11/08/2019,SDF,KY,ASO,CE,Combined TRACON& Tower with Radar,447,77,19,2,545,0,4,9,0,13,447,81,28,2,558,0,0,0,558
11/09/2019,SDF,KY,ASO,CE,Combined TRACON& Tower with Radar,273,63,3,4,343,0,2,8,0,10,273,65,11,4,353,0,0,0,353
11/10/2019,SDF,KY,ASO,CE,Combined TRACON& Tower with Radar,250,50,24,0,324,0,4,5,0,9,250,54,29,0,333,0,0,0,333
11/11/2019,SDF,KY,ASO,CE,Combined TRACON& Tower with Radar,247,31,22,1,301,0,1,2,0,3,247,32,24,1,304,0,0,0,304
11/12/2019,SDF,KY,ASO,CE,Combined TRACON& Tower with Radar,547,70,26,0,643,0,1,6,0,7,547,71,32,0,650,0,0,0,650
11/13/2019,SDF,KY,ASO,CE,Combined TRACON& Tower with Radar,521,82,19,2,624,0,2,12,0,14,521,84,31,2,638,0,0,0,638
11/14/2019,SDF,KY,ASO,CE,Combined TRACON& Tower with Radar,525,74,28,1,628,0,2,3,0,5,525,76,31,1,633,0,0,0,633
11/15/2019,SDF,KY,ASO,CE,Combined TRACON& Tower with Radar,436,95,27,2,560,0,4,4,0,8,436,99,31,2,568,0,0,0,568
11/16/2019,SDF,KY,ASO,CE,Combined TRACON& Tower with Radar,280,68,19,0,367,0,4,3,0,7,280,72,22,0,374,0,0,0,374
11/17/2019,SDF,KY,ASO,CE,Combined TRACON& Tower with Radar,247,48,17,1,313,0,6,6,0,12,247,54,23,1,325,0,0,0,325
11/18/2019,SDF,KY,ASO,CE,Combined TRACON& Tower with Radar,261,66,17,6,350,0,0,7,3,10,261,66,24,9,360,0,0,0,360
11/19/2019,SDF,KY,ASO,CE,Combined TRACON& Tower with Radar,551,77,25,3,656,0,1,3,1,5,551,78,28,4,661,0,0,0,661
11/20/2019,SDF,KY,ASO,CE,Combined TRACON& Tower with Radar,540,78,31,6,655,0,5,1,14,20,540,83,32,20,675,0,2,2,677
11/21/2019,SDF,KY,ASO,CE,Combined TRACON& Tower with Radar,523,81,31,3,638,0,8,0,6,14,523,89,31,9,652,0,2,2,654
11/22/2019,SDF,KY,ASO,CE,Combined TRACON& Tower with Radar,450,73,18,3,544,0,0,2,0,2,450,73,20,3,546,16,0,16,562
11/23/2019,SDF,KY,ASO,CE,Combined TRACON& Tower with Radar,302,71,8,1,382,0,2,2,0,4,302,73,10,1,386,0,0,0,386
11/24/2019,SDF,KY,ASO,CE,Combined TRACON& Tower with Radar,278,39,6,1,324,0,4,2,0,6,278,43,8,1,330,0,0,0,330
11/25/2019,SDF,KY,ASO,CE,Combined TRACON& Tower with Radar,313,48,11,3,375,0,6,12,2,20,313,54,23,5,395,2,0,2,397
11/26/2019,SDF,KY,ASO,CE,Combined TRACON& Tower with Radar,622,68,25,8,723,0,5,4,2,11,622,73,29,10,734,0,0,0,734
11/27/2019,SDF,KY,ASO,CE,Combined TRACON& Tower with Radar,611,65,11,2,689,1,2,0,0,3,612,67,11,2,692,0,0,0,692
11/28/2019,SDF,KY,ASO,CE,Combined TRACON& Tower with Radar,220,33,6,0,259,0,0,2,0,2,220,33,8,0,261,0,0,0,261
11/29/2019,SDF,KY,ASO,CE,Combined TRACON& Tower with Radar,292,42,11,0,345,0,0,4,0,4,292,42,15,0,349,0,0,0,349
11/30/2019,SDF,KY,ASO,CE,Combined TRACON& Tower with Radar,325,68,4,0,397,0,0,0,0,0,325,68,4,0,397,0,0,0,397
12/01/2019,SDF,KY,ASO,CE,Combined TRACON& Tower with Radar,284,54,20,1,359,0,0,1,0,1,284,54,21,1,360,0,0,0,360
12/02/2019,SDF,KY,ASO,CE,Combined TRACON& Tower with Radar,341,59,14,5,419,0,1,1,0,2,341,60,15,5,421,0,0,0,421
12/03/2019,SDF,KY,ASO,CE,Combined TRACON& Tower with Radar,639,81,22,1,743,0,0,3,2,5,639,81,25,3,748,0,0,0,748
12/04/2019,SDF,KY,ASO,CE,Combined TRACON& Tower with Radar,630,71,28,4,733,0,7,10,5,22,630,78,38,9,755,0,0,0,755
12/05/2019,SDF,KY,ASO,CE,Combined TRACON& Tower with Radar,647,84,17,7,755,0,4,9,7,20,647,88,26,14,775,0,0,0,775
12/06/2019,SDF,KY,ASO,CE,Combined TRACON& Tower with Radar,492,80,17,2,591,0,3,0,2,5,492,83,17,4,596,0,0,0,596
12/07/2019,SDF,KY,ASO,CE,Combined TRACON& Tower with Radar,298,58,6,1,363,0,2,4,0,6,298,60,10,1,369,0,0,0,369
12/08/2019,SDF,KY,ASO,CE,Combined TRACON& Tower with Radar,286,46,15,1,348,0,5,6,2,13,286,51,21,3,361,0,0,0,361
12/09/2019,SDF,KY,ASO,CE,Combined TRACON& Tower with Radar,343,50,12,7,412,0,1,5,9,15,343,51,17,16,427,0,0,0,427
12/10/2019,SDF,KY,ASO,CE,Combined TRACON& Tower with Radar,671,86,23,14,794,0,0,4,1,5,671,86,27,15,799,0,0,0,799
12/11/2019,SDF,KY,ASO,CE,Combined TRACON& Tower with Radar,681,66,25,12,784,0,0,7,3,10,681,66,32,15,794,0,0,0,794
12/12/2019,SDF,KY,ASO,CE,Combined TRACON& Tower with Radar,680,78,19,4,781,0,0,6,1,7,680,78,25,5,788,0,0,0,788
12/13/2019,SDF,KY,ASO,CE,Combined TRACON& Tower with Radar,570,70,18,0,658,0,2,0,0,2,570,72,18,0,660,0,0,0,660
12/14/2019,SDF,KY,ASO,CE,Combined TRACON& Tower with Radar,326,62,18,0,406,0,0,0,0,0,326,62,18,0,406,0,0,0,406
12/15/2019,SDF,KY,ASO,CE,Combined TRACON& Tower with Radar,291,44,10,0,345,0,2,0,0,2,291,46,10,0,347,0,0,0,347
12/16/2019,SDF,KY,ASO,CE,Combined TRACON& Tower with Radar,359,67,18,0,444,0,0,0,0,0,359,67,18,0,444,0,0,0,444
12/17/2019,SDF,KY,ASO,CE,Combined TRACON& Tower with Radar,716,89,38,5,848,0,0,1,4,5,716,89,39,9,853,0,0,0,853
12/18/2019,SDF,KY,ASO,CE,Combined TRACON& Tower with Radar,736,67,26,7,836,0,2,1,1,4,736,69,27,8,840,0,0,0,840
12/19/2019,SDF,KY,ASO,CE,Combined TRACON& Tower with Radar,739,79,26,5,849,0,5,6,0,11,739,84,32,5,860,0,0,0,860
12/20/2019,SDF,KY,ASO,CE,Combined TRACON& Tower with Radar,721,72,20,3,816,0,3,9,0,12,721,75,29,3,828,0,0,0,828
12/21/2019,SDF,KY,ASO,CE,Combined TRACON& Tower with Radar,692,61,9,0,762,0,5,5,0,10,692,66,14,0,772,0,0,0,772
12/22/2019,SDF,KY,ASO,CE,Combined TRACON& Tower with Radar,677,49,7,0,733,0,1,1,0,2,677,50,8,0,735,0,0,0,735
12/23/2019,SDF,KY,ASO,CE,Combined TRACON& Tower with Radar,661,48,7,0,716,0,3,5,0,8,661,51,12,0,724,0,0,0,724
12/24/2019,SDF,KY,ASO,CE,Combined TRACON& Tower with Radar,619,50,5,0,674,0,2,2,0,4,619,52,7,0,678,0,0,0,678
12/25/2019,SDF,KY,ASO,CE,Combined TRACON& Tower with Radar,181,32,2,0,215,0,5,0,0,5,181,37,2,0,220,0,0,0,220
12/26/2019,SDF,KY,ASO,CE,Combined TRACON& Tower with Radar,444,54,14,0,512,0,5,6,0,11,444,59,20,0,523,0,0,0,523
12/27/2019,SDF,KY,ASO,CE,Combined TRACON& Tower with Radar,437,76,14,0,527,0,1,3,0,4,437,77,17,0,531,0,0,0,531
12/28/2019,SDF,KY,ASO,CE,Combined TRACON& Tower with Radar,316,70,12,1,399,0,4,3,0,7,316,74,15,1,406,0,0,0,406
12/29/2019,SDF,KY,ASO,CE,Combined TRACON& Tower with Radar,271,41,8,0,320,0,0,0,0,0,271,41,8,0,320,0,0,0,320
12/30/2019,SDF,KY,ASO,CE,Combined TRACON& Tower with Radar,285,41,11,0,337,0,0,3,0,3,285,41,14,0,340,0,0,0,340
12/31/2019,SDF,KY,ASO,CE,Combined TRACON& Tower with Radar,494,64,5,0,563,0,6,3,0,9,494,70,8,0,572,0,0,0,572
01/01/2020,SDF,KY,ASO,CE,Combined TRACON& Tower with Radar,190,29,7,0,226,0,0,2,0,2,190,29,9,0,228,0,0,0,228
01/02/2020,SDF,KY,ASO,CE,Combined TRACON& Tower with Radar,476,59,14,2,551,0,0,0,0,0,476,59,14,2,551,0,0,0,551
01/03/2020,SDF,KY,ASO,CE,Combined TRACON& Tower with Radar,428,78,8,1,515,0,0,0,0,0,428,78,8,1,515,0,0,0,515
01/04/2020,SDF,KY,ASO,CE,Combined TRACON& Tower with Radar,307,57,13,1,378,0,1,2,0,3,307,58,15,1,381,0,0,0,381
01/05/2020,SDF,KY,ASO,CE,Combined TRACON& Tower with Radar,257,52,17,0,326,0,3,18,0,21,257,55,35,0,347,0,0,0,347
01/06/2020,SDF,KY,ASO,CE,Combined TRACON& Tower with Radar,248,53,12,0,313,0,3,9,0,12,248,56,21,0,325,8,0,8,333
01/07/2020,SDF,KY,ASO,CE,Combined TRACON& Tower with Radar,518,70,29,3,620,0,2,9,2,13,518,72,38,5,633,0,0,0,633
01/08/2020,SDF,KY,ASO,CE,Combined TRACON& Tower with Radar,509,69,13,4,595,0,6,3,1,10,509,75,16,5,605,0,0,0,605
01/09/2020,SDF,KY,ASO,CE,Combined TRACON& Tower with Radar,497,64,22,2,585,0,0,6,0,6,497,64,28,2,591,0,0,0,591
01/10/2020,SDF,KY,ASO,CE,Combined TRACON& Tower with Radar,416,65,14,0,495,0,0,1,0,1,416,65,15,0,496,0,0,0,496
01/11/2020,SDF,KY,ASO,CE,Combined TRACON& Tower with Radar,258,49,1,0,308,0,0,0,0,0,258,49,1,0,308,0,0,0,308
01/12/2020,SDF,KY,ASO,CE,Combined TRACON& Tower with Radar,226,39,7,1,273,0,2,4,4,10,226,41,11,5,283,0,0,0,283
01/13/2020,SDF,KY,ASO,CE,Combined TRACON& Tower with Radar,227,44,15,8,294,0,2,5,9,16,227,46,20,17,310,0,0,0,310
01/14/2020,SDF,KY,ASO,CE,Combined TRACON& Tower with Radar,519,58,28,6,611,0,0,4,5,9,519,58,32,11,620,0,0,0,620
01/15/2020,SDF,KY,ASO,CE,Combined TRACON& Tower with Radar,493,77,40,1,611,0,0,1,1,2,493,77,41,2,613,0,0,0,613
01/16/2020,SDF,KY,ASO,CE,Combined TRACON& Tower with Radar,494,68,25,5,592,0,3,8,0,11,494,71,33,5,603,0,0,0,603
01/17/2020,SDF,KY,ASO,CE,Combined TRACON& Tower with Radar,410,69,13,3,495,0,2,3,1,6,410,71,16,4,501,0,0,0,501
01/18/2020,SDF,KY,ASO,CE,Combined TRACON& Tower with Radar,254,45,11,0,310,0,2,2,0,4,254,47,13,0,314,0,0,0,314
01/19/2020,SDF,KY,ASO,CE,Combined TRACON& Tower with Radar,204,32,6,0,242,0,2,0,0,2,204,34,6,0,244,0,0,0,244
01/20/2020,SDF,KY,ASO,CE,Combined TRACON& Tower with Radar,226,45,10,0,281,0,0,1,0,1,226,45,11,0,282,0,0,0,282
01/21/2020,SDF,KY,ASO,CE,Combined TRACON& Tower with Radar,504,61,23,5,593,0,0,3,2,5,504,61,26,7,598,0,34,34,632
01/22/2020,SDF,KY,ASO,CE,Combined TRACON& Tower with Radar,485,71,18,5,579,0,5,6,3,14,485,76,24,8,593,0,0,0,593
01/23/2020,SDF,KY,ASO,CE,Combined TRACON& Tower with Radar,487,66,14,8,575,0,2,3,0,5,487,68,17,8,580,0,0,0,580
01/24/2020,SDF,KY,ASO,CE,Combined TRACON& Tower with Radar,416,61,18,2,497,0,0,0,0,0,416,61,18,2,497,0,0,0,497
01/25/2020,SDF,KY,ASO,CE,Combined TRACON& Tower with Radar,248,48,9,4,309,0,0,0,0,0,248,48,9,4,309,0,0,0,309
01/26/2020,SDF,KY,ASO,CE,Combined TRACON& Tower with Radar,216,44,13,2,275,0,2,9,0,11,216,46,22,2,286,0,0,0,286
01/27/2020,SDF,KY,ASO,CE,Combined TRACON& Tower with Radar,227,47,10,0,284,0,0,0,0,0,227,47,10,0,284,0,0,0,284
01/28/2020,SDF,KY,ASO,CE,Combined TRACON& Tower with Radar,496,63,17,3,579,0,4,4,14,22,496,67,21,17,601,0,0,0,601
01/29/2020,SDF,KY,ASO,CE,Combined TRACON& Tower with Radar,477,60,13,3,553,0,0,2,24,26,477,60,15,27,579,0,0,0,579
01/30/2020,SDF,KY,ASO,CE,Combined TRACON& Tower with Radar,502,62,21,2,587,0,3,9,6,18,502,65,30,8,605,0,2,2,607
01/31/2020,SDF,KY,ASO,CE,Combined TRACON& Tower with Radar,405,60,19,2,486,0,0,0,0,0,405,60,19,2,486,0,0,0,486
02/01/2020,SDF,KY,ASO,CE,Combined TRACON& Tower with Radar,253,44,7,1,305,0,0,5,0,5,253,44,12,1,310,0,0,0,310
02/02/2020,SDF,KY,ASO,CE,Combined TRACON& Tower with Radar,200,38,4,1,243,0,4,7,0,11,200,42,11,1,254,0,0,0,254
02/03/2020,SDF,KY,ASO,CE,Combined TRACON& Tower with Radar,226,43,20,7,296,0,2,12,1,15,226,45,32,8,311,0,0,0,311
02/04/2020,SDF,KY,ASO,CE,Combined TRACON& Tower with Radar,496,74,20,3,593,0,1,0,0,1,496,75,20,3,594,0,0,0,594
02/05/2020,SDF,KY,ASO,CE,Combined TRACON& Tower with Radar,484,45,23,2,554,0,0,0,0,0,484,45,23,2,554,0,0,0,554
02/06/2020,SDF,KY,ASO,CE,Combined TRACON& Tower with Radar,485,70,24,16,595,0,0,0,0,0,485,70,24,16,595,0,0,0,595
02/07/2020,SDF,KY,ASO,CE,Combined TRACON& Tower with Radar,411,62,12,6,491,0,2,3,0,5,411,64,15,6,496,0,0,0,496
02/08/2020,SDF,KY,ASO,CE,Combined TRACON& Tower with Radar,249,46,8,0,303,0,0,1,0,1,249,46,9,0,304,0,0,0,304
02/09/2020,SDF,KY,ASO,CE,Combined TRACON& Tower with Radar,216,38,10,3,267,0,3,8,1,12,216,41,18,4,279,0,0,0,279
02/10/2020,SDF,KY,ASO,CE,Combined TRACON& Tower with Radar,221,40,17,1,279,0,0,0,0,0,221,40,17,1,279,0,0,0,279
02/11/2020,SDF,KY,ASO,CE,Combined TRACON& Tower with Radar,510,68,30,6,614,0,1,4,6,11,510,69,34,12,625,0,0,0,625
02/12/2020,SDF,KY,ASO,CE,Combined TRACON& Tower with Radar,504,57,49,3,613,0,1,1,0,2,504,58,50,3,615,0,0,0,615
02/13/2020,SDF,KY,ASO,CE,Combined TRACON& Tower with Radar,538,79,48,4,669,0,2,0,0,2,538,81,48,4,671,0,0,0,671
02/14/2020,SDF,KY,ASO,CE,Combined TRACON& Tower with Radar,423,76,43,3,545,0,2,5,1,8,423,78,48,4,553,0,0,0,553
02/15/2020,SDF,KY,ASO,CE,Combined TRACON& Tower with Radar,261,56,20,0,337,0,3,9,0,12,261,59,29,0,349,0,0,0,349
02/16/2020,SDF,KY,ASO,CE,Combined TRACON& Tower with Radar,206,43,13,0,262,0,5,8,0,13,206,48,21,0,275,0,0,0,275
02/17/2020,SDF,KY,ASO,CE,Combined TRACON& Tower with Radar,212,56,31,0,299,0,6,0,0,6,212,62,31,0,305,0,0,0,305
02/18/2020,SDF,KY,ASO,CE,Combined TRACON& Tower with Radar,495,68,24,3,590,0,0,2,2,4,495,68,26,5,594,0,0,0,594
02/19/2020,SDF,KY,ASO,CE,Combined TRACON& Tower with Radar,494,69,32,10,605,0,0,18,0,18,494,69,50,10,623,0,0,0,623
02/20/2020,SDF,KY,ASO,CE,Combined TRACON& Tower with Radar,479,70,27,15,591,0,4,7,1,12,479,74,34,16,603,22,0,22,625
02/21/2020,SDF,KY,ASO,CE,Combined TRACON& Tower with Radar,398,70,18,8,494,0,2,10,2,14,398,72,28,10,508,16,0,16,524
02/22/2020,SDF,KY,ASO,CE,Combined TRACON& Tower with Radar,259,62,10,10,341,0,3,21,0,24,259,65,31,10,365,0,0,0,365
02/23/2020,SDF,KY,ASO,CE,Combined TRACON& Tower with Radar,210,43,19,7,279,0,0,5,1,6,210,43,24,8,285,0,0,0,285
02/24/2020,SDF,KY,ASO,CE,Combined TRACON& Tower with Radar,216,49,15,1,281,0,0,0,0,0,216,49,15,1,281,0,0,0,281
02/25/2020,SDF,KY,ASO,CE,Combined TRACON& Tower with Radar,502,75,19,10,606,0,0,1,0,1,502,75,20,10,607,0,0,0,607
02/26/2020,SDF,KY,ASO,CE,Combined TRACON& Tower with Radar,480,68,27,3,578,0,0,0,0,0,480,68,27,3,578,0,0,0,578
02/27/2020,SDF,KY,ASO,CE,Combined TRACON& Tower with Radar,485,59,36,6,586,0,0,4,4,8,485,59,40,10,594,0,0,0,594
02/28/2020,SDF,KY,ASO,CE,Combined TRACON& Tower with Radar,390,71,29,2,492,0,2,1,2,5,390,73,30,4,497,0,0,0,497
02/29/2020,SDF,KY,ASO,CE,Combined TRACON& Tower with Radar,260,53,11,0,324,0,5,9,0,14,260,58,20,0,338,4,0,4,342
03/01/2020,SDF,KY,ASO,CE,Combined TRACON& Tower with Radar,209,37,9,5,260,0,3,4,0,7,209,40,13,5,267,0,0,0,267
03/02/2020,SDF,KY,ASO,CE,Combined TRACON& Tower with Radar,216,61,13,1,291,0,3,2,1,6,216,64,15,2,297,0,0,0,297
03/03/2020,SDF,KY,ASO,CE,Combined TRACON& Tower with Radar,498,65,23,3,589,0,2,6,1,9,498,67,29,4,598,0,0,0,598
03/04/2020,SDF,KY,ASO,CE,Combined TRACON& Tower with Radar,480,70,27,7,584,0,9,9,5,23,480,79,36,12,607,0,0,0,607
03/05/2020,SDF,KY,ASO,CE,Combined TRACON& Tower with Radar,487,62,20,9,578,0,0,14,7,21,487,62,34,16,599,0,0,0,599
03/06/2020,SDF,KY,ASO,CE,Combined TRACON& Tower with Radar,403,66,15,9,493,0,2,0,2,4,403,68,15,11,497,0,0,0,497
03/07/2020,SDF,KY,ASO,CE,Combined TRACON& Tower with Radar,264,47,9,3,323,0,2,2,11,15,264,49,11,14,338,0,0,0,338
03/08/2020,SDF,KY,ASO,CE,Combined TRACON& Tower with Radar,227,50,13,0,290,0,3,4,2,9,227,53,17,2,299,10,0,10,309
03/09/2020,SDF,KY,ASO,CE,Combined TRACON& Tower with Radar,227,39,23,7,296,0,2,0,1,3,227,41,23,8,299,0,0,0,299
03/10/2020,SDF,KY,ASO,CE,Combined TRACON& Tower with Radar,512,62,29,18,621,0,2,1,1,4,512,64,30,19,625,0,0,0,625
03/11/2020,SDF,KY,ASO,CE,Combined TRACON& Tower with Radar,491,70,20,9,590,0,2,6,10,18,491,72,26,19,608,0,12,12,620
03/12/2020,SDF,KY,ASO,CE,Combined TRACON& Tower with Radar,478,58,25,3,564,0,4,0,2,6,478,62,25,5,570,0,0,0,570
03/13/2020,SDF,KY,ASO,CE,Combined TRACON& Tower with Radar,411,66,15,4,496,0,7,10,0,17,411,73,25,4,513,0,0,0,513
03/14/2020,SDF,KY,ASO,CE,Combined TRACON& Tower with Radar,268,49,2,9,328,0,0,0,0,0,268,49,2,9,328,0,0,0,328
03/15/2020,SDF,KY,ASO,CE,Combined TRACON& Tower with Radar,218,51,7,1,277,0,1,2,0,3,218,52,9,1,280,0,0,0,280
03/16/2020,SDF,KY,ASO,CE,Combined TRACON& Tower with Radar,236,40,13,0,289,0,0,2,0,2,236,40,15,0,291,0,0,0,291
03/17/2020,SDF,KY,ASO,CE,Combined TRACON& Tower with Radar,499,58,12,0,569,0,2,3,0,5,499,60,15,0,574,0,0,0,574
03/18/2020,SDF,KY,ASO,CE,Combined TRACON& Tower with Radar,489,54,9,0,552,0,1,0,0,1,489,55,9,0,553,0,0,0,553
03/19/2020,SDF,KY,ASO,CE,Combined TRACON& Tower with Radar,477,58,8,0,543,0,0,0,0,0,477,58,8,0,543,0,0,0,543
03/20/2020,SDF,KY,ASO,CE,Combined TRACON& Tower with Radar,392,49,15,2,458,0,3,5,6,14,392,52,20,8,472,0,0,0,472
03/21/2020,SDF,KY,ASO,CE,Combined TRACON& Tower with Radar,265,44,3,0,312,0,2,1,1,4,265,46,4,1,316,0,0,0,316
03/22/2020,SDF,KY,ASO,CE,Combined TRACON& Tower with Radar,189,37,3,0,229,0,0,5,0,5,189,37,8,0,234,0,0,0,234
03/23/2020,SDF,KY,ASO,CE,Combined TRACON& Tower with Radar,187,32,2,0,221,0,0,2,0,2,187,32,4,0,223,10,0,10,233
03/24/2020,SDF,KY,ASO,CE,Combined TRACON& Tower with Radar,463,42,5,3,513,0,0,2,0,2,463,42,7,3,515,0,0,0,515
03/25/2020,SDF,KY,ASO,CE,Combined TRACON& Tower with Radar,444,50,8,4,506,0,4,6,1,11,444,54,14,5,517,0,0,0,517
03/26/2020,SDF,KY,ASO,CE,Combined TRACON& Tower with Radar,422,42,1,2,467,0,1,2,1,4,422,43,3,3,471,0,0,0,471
03/27/2020,SDF,KY,ASO,CE,Combined TRACON& Tower with Radar,342,44,8,2,396,0,3,1,0,4,342,47,9,2,400,0,0,0,400
03/28/2020,SDF,KY,ASO,CE,Combined TRACON& Tower with Radar,239,34,8,0,281,0,4,4,0,8,239,38,12,0,289,0,0,0,289
03/29/2020,SDF,KY,ASO,CE,Combined TRACON& Tower with Radar,159,23,4,0,186,0,3,0,0,3,159,26,4,0,189,0,0,0,189
03/30/2020,SDF,KY,ASO,CE,Combined TRACON& Tower with Radar,184,31,6,0,221,0,0,11,0,11,184,31,17,0,232,0,0,0,232
03/31/2020,SDF,KY,ASO,CE,Combined TRACON& Tower with Radar,438,41,2,4,485,0,0,4,0,4,438,41,6,4,489,0,0,0,489
04/01/2020,SDF,KY,ASO,CE,Combined TRACON& Tower with Radar,439,34,6,1,480,0,0,6,2,8,439,34,12,3,488,0,0,0,488
04/02/2020,SDF,KY,ASO,CE,Combined TRACON& Tower with Radar,422,28,6,0,456,0,5,15,0,20,422,33,21,0,476,0,0,0,476
04/03/2020,SDF,KY,ASO,CE,Combined TRACON& Tower with Radar,333,31,6,0,370,0,4,14,0,18,333,35,20,0,388,0,0,0,388
04/04/2020,SDF,KY,ASO,CE,Combined TRACON& Tower with Radar,211,35,2,0,248,0,4,16,0,20,211,39,18,0,268,4,0,4,272
04/05/2020,SDF,KY,ASO,CE,Combined TRACON& Tower with Radar,159,6,0,2,167,0,0,4,0,4,159,6,4,2,171,4,0,4,175
04/06/2020,SDF,KY,ASO,CE,Combined TRACON& Tower with Radar,165,16,7,0,188,0,3,12,0,15,165,19,19,0,203,0,0,0,203
04/07/2020,SDF,KY,ASO,CE,Combined TRACON& Tower with Radar,439,23,7,0,469,0,0,6,0,6,439,23,13,0,475,0,0,0,475
04/08/2020,SDF,KY,ASO,CE,Combined TRACON& Tower with Radar,394,23,7,6,430,0,2,16,4,22,394,25,23,10,452,0,0,0,452
04/09/2020,SDF,KY,ASO,CE,Combined TRACON& Tower with Radar,444,31,0,0,475,0,2,0,0,2,444,33,0,0,477,0,0,0,477
04/10/2020,SDF,KY,ASO,CE,Combined TRACON& Tower with Radar,335,26,5,0,366,0,0,2,0,2,335,26,7,0,368,0,0,0,368
04/11/2020,SDF,KY,ASO,CE,Combined TRACON& Tower with Radar,194,21,3,0,218,0,2,4,0,6,194,23,7,0,224,0,0,0,224
04/12/2020,SDF,KY,ASO,CE,Combined TRACON& Tower with Radar,140,6,2,0,148,0,7,0,0,7,140,13,2,0,155,0,0,0,155
04/13/2020,SDF,KY,ASO,CE,Combined TRACON& Tower with Radar,154,12,5,0,171,0,0,1,0,1,154,12,6,0,172,0,0,0,172
04/14/2020,SDF,KY,ASO,CE,Combined TRACON& Tower with Radar,426,24,2,0,452,0,1,10,0,11,426,25,12,0,463,0,0,0,463
04/15/2020,SDF,KY,ASO,CE,Combined TRACON& Tower with Radar,404,27,3,8,442,0,5,3,0,8,404,32,6,8,450,0,0,0,450
04/16/2020,SDF,KY,ASO,CE,Combined TRACON& Tower with Radar,401,29,5,2,437,0,0,9,0,9,401,29,14,2,446,0,0,0,446
04/17/2020,SDF,KY,ASO,CE,Combined TRACON& Tower with Radar,312,24,8,0,344,0,0,3,0,3,312,24,11,0,347,0,0,0,347
04/18/2020,SDF,KY,ASO,CE,Combined TRACON& Tower with Radar,206,22,4,0,232,0,0,13,0,13,206,22,17,0,245,12,2,14,259
04/19/2020,SDF,KY,ASO,CE,Combined TRACON& Tower with Radar,130,7,1,0,138,0,0,4,0,4,130,7,5,0,142,0,0,0,142
04/20/2020,SDF,KY,ASO,CE,Combined TRACON& Tower with Radar,147,9,3,4,163,0,6,7,0,13,147,15,10,4,176,24,0,24,200
04/21/2020,SDF,KY,ASO,CE,Combined TRACON& Tower with Radar,420,24,5,0,449,0,0,17,0,17,420,24,22,0,466,32,0,32,498
04/22/2020,SDF,KY,ASO,CE,Combined TRACON& Tower with Radar,396,22,4,5,427,0,7,14,0,21,396,29,18,5,448,0,0,0,448
04/23/2020,SDF,KY,ASO,CE,Combined TRACON& Tower with Radar,389,28,5,4,426,0,2,1,0,3,389,30,6,4,429,0,0,0,429
04/24/2020,SDF,KY,ASO,CE,Combined TRACON& Tower with Radar,320,32,7,2,361,0,2,6,0,8,320,34,13,2,369,0,0,0,369
04/25/2020,SDF,KY,ASO,CE,Combined TRACON& Tower with Radar,192,27,3,0,222,0,0,1,0,1,192,27,4,0,223,0,0,0,223
04/26/2020,SDF,KY,ASO,CE,Combined TRACON& Tower with Radar,131,10,6,0,147,0,0,0,0,0,131,10,6,0,147,0,0,0,147
04/27/2020,SDF,KY,ASO,CE,Combined TRACON& Tower with Radar,145,12,3,0,160,0,10,5,0,15,145,22,8,0,175,0,0,0,175
04/28/2020,SDF,KY,ASO,CE,Combined TRACON& Tower with Radar,420,28,4,3,455,0,5,0,1,6,420,33,4,4,461,6,0,6,467
04/29/2020,SDF,KY,ASO,CE,Combined TRACON& Tower with Radar,405,30,3,0,438,0,2,1,0,3,405,32,4,0,441,0,0,0,441
04/30/2020,SDF,KY,ASO,CE,Combined TRACON& Tower with Radar,394,27,7,1,429,0,2,2,2,6,394,29,9,3,435,0,0,0,435
05/01/2020,SDF,KY,ASO,CE,Combined TRACON& Tower with Radar,335,32,5,1,373,0,2,15,1,18,335,34,20,2,391,0,0,0,391
05/02/2020,SDF,KY,ASO,CE,Combined TRACON& Tower with Radar,190,30,3,0,223,0,7,12,0,19,190,37,15,0,242,0,0,0,242
05/03/2020,SDF,KY,ASO,CE,Combined TRACON& Tower with Radar,160,8,6,0,174,0,8,4,0,12,160,16,10,0,186,0,0,0,186
05/04/2020,SDF,KY,ASO,CE,Combined TRACON& Tower with Radar,161,9,7,0,177,0,4,7,0,11,161,13,14,0,188,0,0,0,188
05/05/2020,SDF,KY,ASO,CE,Combined TRACON& Tower with Radar,447,21,6,6,480,0,0,0,0,0,447,21,6,6,480,0,0,0,480
05/06/2020,SDF,KY,ASO,CE,Combined TRACON& Tower with Radar,447,27,12,1,487,0,3,19,1,23,447,30,31,2,510,8,0,8,518
05/07/2020,SDF,KY,ASO,CE,Combined TRACON& Tower with Radar,444,23,8,1,476,0,3,8,1,12,444,26,16,2,488,6,0,6,494
05/08/2020,SDF,KY,ASO,CE,Combined TRACON& Tower with Radar,392,29,6,0,427,0,0,1,0,1,392,29,7,0,428,0,0,0,428
05/09/2020,SDF,KY,ASO,CE,Combined TRACON& Tower with Radar,241,25,5,0,271,0,1,14,0,15,241,26,19,0,286,22,0,22,308
05/10/2020,SDF,KY,ASO,CE,Combined TRACON& Tower with Radar,146,13,2,0,161,0,2,0,0,2,146,15,2,0,163,0,0,0,163
05/11/2020,SDF,KY,ASO,CE,Combined TRACON& Tower with Radar,167,10,13,0,190,0,0,4,0,4,167,10,17,0,194,0,0,0,194
05/12/2020,SDF,KY,ASO,CE,Combined TRACON& Tower with Radar,418,26,10,8,462,0,1,6,6,13,418,27,16,14,475,0,0,0,475
05/13/2020,SDF,KY,ASO,CE,Combined TRACON& Tower with Radar,416,28,4,4,452,0,0,0,0,0,416,28,4,4,452,0,0,0,452
05/14/2020,SDF,KY,ASO,CE,Combined TRACON& Tower with Radar,405,31,5,3,444,0,10,14,8,32,405,41,19,11,476,4,4,8,484
05/15/2020,SDF,KY,ASO,CE,Combined TRACON& Tower with Radar,335,30,5,2,372,0,1,0,0,1,335,31,5,2,373,0,0,0,373
05/16/2020,SDF,KY,ASO,CE,Combined TRACON& Tower with Radar,208,29,1,0,238,0,4,1,0,5,208,33,2,0,243,0,0,0,243
05/17/2020,SDF,KY,ASO,CE,Combined TRACON& Tower with Radar,157,7,9,0,173,0,2,3,0,5,157,9,12,0,178,0,0,0,178
05/18/2020,SDF,KY,ASO,CE,Combined TRACON& Tower with Radar,159,13,1,2,175,0,4,0,0,4,159,17,1,2,179,0,0,0,179
05/19/2020,SDF,KY,ASO,CE,Combined TRACON& Tower with Radar,435,31,11,9,486,0,5,4,4,13,435,36,15,13,499,10,12,22,521
05/20/2020,SDF,KY,ASO,CE,Combined TRACON& Tower with Radar,435,27,20,2,484,0,2,2,4,8,435,29,22,6,492,0,0,0,492
05/21/2020,SDF,KY,ASO,CE,Combined TRACON& Tower with Radar,416,32,3,6,457,0,0,3,0,3,416,32,6,6,460,0,0,0,460
05/22/2020,SDF,KY,ASO,CE,Combined TRACON& Tower with Radar,339,30,10,0,379,0,7,4,0,11,339,37,14,0,390,8,0,8,398
05/23/2020,SDF,KY,ASO,CE,Combined TRACON& Tower with Radar,224,31,6,0,261,0,0,0,0,0,224,31,6,0,261,0,0,0,261
05/24/2020,SDF,KY,ASO,CE,Combined TRACON& Tower with Radar,120,10,0,4,134,0,4,8,0,12,120,14,8,4,146,14,0,14,160
05/25/2020,SDF,KY,ASO,CE,Combined TRACON& Tower with Radar,80,7,2,0,89,0,6,5,0,11,80,13,7,0,100,0,0,0,100
05/26/2020,SDF,KY,ASO,CE,Combined TRACON& Tower with Radar,251,18,5,0,274,0,4,7,0,11,251,22,12,0,285,0,0,0,285
05/27/2020,SDF,KY,ASO,CE,Combined TRACON& Tower with Radar,461,38,7,5,511,0,2,0,1,3,461,40,7,6,514,0,0,0,514
05/28/2020,SDF,KY,ASO,CE,Combined TRACON& Tower with Radar,426,38,11,3,478,0,3,4,0,7,426,41,15,3,485,0,0,0,485
05/29/2020,SDF,KY,ASO,CE,Combined TRACON& Tower with Radar,370,27,9,2,408,0,0,10,0,10,370,27,19,2,418,0,0,0,418
05/30/2020,SDF,KY,ASO,CE,Combined TRACON& Tower with Radar,202,35,4,2,243,0,0,11,4,15,202,35,15,6,258,0,0,0,258
05/31/2020,SDF,KY,ASO,CE,Combined TRACON& Tower with Radar,154,8,12,0,174,0,7,7,0,14,154,15,19,0,188,0,0,0,188
06/01/2020,SDF,KY,ASO,CE,Combined TRACON& Tower with Radar,170,26,13,12,221,0,7,8,0,15,170,33,21,12,236,0,0,0,236
06/02/2020,SDF,KY,ASO,CE,Combined TRACON& Tower with Radar,434,34,16,16,500,0,12,7,1,20,434,46,23,17,520,0,0,0,520
06/03/2020,SDF,KY,ASO,CE,Combined TRACON& Tower with Radar,421,34,14,2,471,0,8,13,7,28,421,42,27,9,499,4,16,20,519
06/04/2020,SDF,KY,ASO,CE,Combined TRACON& Tower with Radar,434,34,11,2,481,0,1,3,0,4,434,35,14,2,485,0,0,0,485
06/05/2020,SDF,KY,ASO,CE,Combined TRACON& Tower with Radar,347,34,5,6,392,0,0,6,2,8,347,34,11,8,400,0,0,0,400
06/06/2020,SDF,KY,ASO,CE,Combined TRACON& Tower with Radar,205,32,12,3,252,0,5,6,1,12,205,37,18,4,264,0,0,0,264
06/07/2020,SDF,KY,ASO,CE,Combined TRACON& Tower with Radar,153,17,7,2,179,0,2,4,0,6,153,19,11,2,185,0,0,0,185
06/08/2020,SDF,KY,ASO,CE,Combined TRACON& Tower with Radar,165,14,6,0,185,0,5,6,0,11,165,19,12,0,196,0,0,0,196
06/09/2020,SDF,KY,ASO,CE,Combined TRACON& Tower with Radar,445,35,14,2,496,0,2,22,6,30,445,37,36,8,526,0,0,0,526
06/10/2020,SDF,KY,ASO,CE,Combined TRACON& Tower with Radar,422,33,12,4,471,0,2,0,5,7,422,35,12,9,478,0,0,0,478
06/11/2020,SDF,KY,ASO,CE,Combined TRACON& Tower with Radar,434,36,18,5,493,0,0,4,3,7,434,36,22,8,500,0,0,0,500
06/12/2020,SDF,KY,ASO,CE,Combined TRACON& Tower with Radar,351,41,15,5,412,0,8,6,0,14,351,49,21,5,426,0,0,0,426
06/13/2020,SDF,KY,ASO,CE,Combined TRACON& Tower with Radar,215,28,7,1,251,0,5,9,0,14,215,33,16,1,265,11,0,11,276
06/14/2020,SDF,KY,ASO,CE,Combined TRACON& Tower with Radar,153,19,6,2,180,0,7,7,0,14,153,26,13,2,194,0,0,0,194
06/15/2020,SDF,KY,ASO,CE,Combined TRACON& Tower with Radar,183,21,10,4,218,0,7,7,0,14,183,28,17,4,232,0,0,0,232
06/16/2020,SDF,KY,ASO,CE,Combined TRACON& Tower with Radar,440,41,11,6,498,0,3,2,4,9,440,44,13,10,507,0,0,0,507
06/17/2020,SDF,KY,ASO,CE,Combined TRACON& Tower with Radar,445,34,16,1,496,0,4,9,1,14,445,38,25,2,510,14,0,14,524
06/18/2020,SDF,KY,ASO,CE,Combined TRACON& Tower with Radar,440,40,9,2,491,0,2,5,0,7,440,42,14,2,498,0,0,0,498
06/19/2020,SDF,KY,ASO,CE,Combined TRACON& Tower with Radar,359,38,11,3,411,0,8,5,0,13,359,46,16,3,424,4,0,4,428
06/20/2020,SDF,KY,ASO,CE,Combined TRACON& Tower with Radar,210,39,8,10,267,0,6,5,0,11,210,45,13,10,278,0,0,0,278
06/21/2020,SDF,KY,ASO,CE,Combined TRACON& Tower with Radar,154,13,7,0,174,0,2,4,0,6,154,15,11,0,180,6,0,6,186
06/22/2020,SDF,KY,ASO,CE,Combined TRACON& Tower with Radar,174,23,15,2,214,0,0,2,0,2,174,23,17,2,216,0,0,0,216
06/23/2020,SDF,KY,ASO,CE,Combined TRACON& Tower with Radar,447,34,3,1,485,0,0,3,1,4,447,34,6,2,489,0,0,0,489
06/24/2020,SDF,KY,ASO,CE,Combined TRACON& Tower with Radar,431,40,10,15,496,0,8,7,3,18,431,48,17,18,514,2,0,2,516
06/25/2020,SDF,KY,ASO,CE,Combined TRACON& Tower with Radar,429,43,15,0,487,0,3,12,0,15,429,46,27,0,502,0,0,0,502
06/26/2020,SDF,KY,ASO,CE,Combined TRACON& Tower with Radar,345,39,18,4,406,0,3,3,0,6,345,42,21,4,412,6,0,6,418
06/27/2020,SDF,KY,ASO,CE,Combined TRACON& Tower with Radar,220,32,13,4,269,0,1,1,0,2,220,33,14,4,271,0,0,0,271
06/28/2020,SDF,KY,ASO,CE,Combined TRACON& Tower with Radar,156,20,9,0,185,0,1,3,0,4,156,21,12,0,189,6,0,6,195
06/29/2020,SDF,KY,ASO,CE,Combined TRACON& Tower with Radar,171,18,5,0,194,0,0,2,0,2,171,18,7,0,196,0,0,0,196
06/30/2020,SDF,KY,ASO,CE,Combined TRACON& Tower with Radar,441,36,14,0,491,0,2,2,0,4,441,38,16,0,495,0,0,0,495
07/01/2020,SDF,KY,ASO,CE,Combined TRACON& Tower with Radar,441,31,13,1,486,0,2,3,0,5,441,33,16,1,491,0,0,0,491
07/02/2020,SDF,KY,ASO,CE,Combined TRACON& Tower with Radar,437,37,13,4,491,0,6,6,0,12,437,43,19,4,503,0,0,0,503
07/03/2020,SDF,KY,ASO,CE,Combined TRACON& Tower with Radar,346,34,9,2,391,0,9,6,3,18,346,43,15,5,409,0,0,0,409
07/04/2020,SDF,KY,ASO,CE,Combined TRACON& Tower with Radar,107,7,7,0,121,0,6,2,0,8,107,13,9,0,129,0,0,0,129
07/05/2020,SDF,KY,ASO,CE,Combined TRACON& Tower with Radar,177,17,9,0,203,0,4,4,0,8,177,21,13,0,211,0,0,0,211
07/06/2020,SDF,KY,ASO,CE,Combined TRACON& Tower with Radar,191,19,8,8,226,0,6,4,0,10,191,25,12,8,236,0,0,0,236
07/07/2020,SDF,KY,ASO,CE,Combined TRACON& Tower with Radar,480,34,17,11,542,0,0,5,5,10,480,34,22,16,552,0,0,0,552
07/08/2020,SDF,KY,ASO,CE,Combined TRACON& Tower with Radar,460,32,17,4,513,0,0,4,4,8,460,32,21,8,521,0,0,0,521
07/09/2020,SDF,KY,ASO,CE,Combined TRACON& Tower with Radar,469,37,24,5,535,0,2,7,3,12,469,39,31,8,547,0,0,0,547
07/10/2020,SDF,KY,ASO,CE,Combined TRACON& Tower with Radar,384,28,9,1,422,0,4,7,0,11,384,32,16,1,433,0,0,0,433
07/11/2020,SDF,KY,ASO,CE,Combined TRACON& Tower with Radar,252,31,13,1,297,0,4,4,0,8,252,35,17,1,305,0,0,0,305
07/12/2020,SDF,KY,ASO,CE,Combined TRACON& Tower with Radar,190,22,9,4,225,0,3,4,0,7,190,25,13,4,232,0,0,0,232
07/13/2020,SDF,KY,ASO,CE,Combined TRACON& Tower with Radar,202,17,7,4,230,0,0,6,0,6,202,17,13,4,236,0,0,0,236
07/14/2020,SDF,KY,ASO,CE,Combined TRACON& Tower with Radar,474,34,12,5,525,0,4,4,5,13,474,38,16,10,538,0,0,0,538
07/15/2020,SDF,KY,ASO,CE,Combined TRACON& Tower with Radar,459,29,16,4,508,0,0,10,0,10,459,29,26,4,518,0,0,0,518
07/16/2020,SDF,KY,ASO,CE,Combined TRACON& Tower with Radar,467,33,12,6,518,0,1,6,1,8,467,34,18,7,526,0,0,0,526
07/17/2020,SDF,KY,ASO,CE,Combined TRACON& Tower with Radar,384,38,15,2,439,0,0,10,0,10,384,38,25,2,449,0,0,0,449
07/18/2020,SDF,KY,ASO,CE,Combined TRACON& Tower with Radar,250,39,8,0,297,0,3,10,0,13,250,42,18,0,310,4,0,4,314
07/19/2020,SDF,KY,ASO,CE,Combined TRACON& Tower with Radar,183,14,10,0,207,0,4,1,0,5,183,18,11,0,212,0,0,0,212
07/20/2020,SDF,KY,ASO,CE,Combined TRACON& Tower with Radar,199,15,7,2,223,0,0,4,1,5,199,15,11,3,228,0,0,0,228
07/21/2020,SDF,KY,ASO,CE,Combined TRACON& Tower with Radar,472,33,13,7,525,0,2,3,2,7,472,35,16,9,532,0,0,0,532
07/22/2020,SDF,KY,ASO,CE,Combined TRACON& Tower with Radar,458,31,12,1,502,0,1,2,3,6,458,32,14,4,508,0,0,0,508
07/23/2020,SDF,KY,ASO,CE,Combined TRACON& Tower with Radar,475,34,14,4,527,0,0,0,3,3,475,34,14,7,530,0,0,0,530
07/24/2020,SDF,KY,ASO,CE,Combined TRACON& Tower with Radar,383,32,6,2,423,0,6,2,2,10,383,38,8,4,433,12,0,12,445
07/25/2020,SDF,KY,ASO,CE,Combined TRACON& Tower with Radar,249,28,12,2,291,0,10,11,0,21,249,38,23,2,312,0,0,0,312
07/26/2020,SDF,KY,ASO,CE,Combined TRACON& Tower with Radar,180,18,7,8,213,0,9,3,0,12,180,27,10,8,225,0,0,0,225
07/27/2020,SDF,KY,ASO,CE,Combined TRACON& Tower with Radar,215,24,13,4,256,0,6,2,0,8,215,30,15,4,264,0,0,0,264
07/28/2020,SDF,KY,ASO,CE,Combined TRACON& Tower with Radar,478,28,17,21,544,0,6,3,5,14,478,34,20,26,558,0,0,0,558
07/29/2020,SDF,KY,ASO,CE,Combined TRACON& Tower with Radar,460,30,10,2,502,0,2,3,2,7,460,32,13,4,509,0,0,0,509
07/30/2020,SDF,KY,ASO,CE,Combined TRACON& Tower with Radar,457,40,19,4,520,0,2,0,0,2,457,42,19,4,522,0,0,0,522
07/31/2020,SDF,KY,ASO,CE,Combined TRACON& Tower with Radar,402,31,25,6,464,0,0,2,0,2,402,31,27,6,466,0,0,0,466
08/01/2020,SDF,KY,ASO,CE,Combined TRACON& Tower with Radar,261,31,6,2,300,0,2,0,0,2,261,33,6,2,302,0,0,0,302
08/02/2020,SDF,KY,ASO,CE,Combined TRACON& Tower with Radar,197,13,14,2,226,0,4,5,0,9,197,17,19,2,235,0,0,0,235
08/03/2020,SDF,KY,ASO,CE,Combined TRACON& Tower with Radar,221,15,20,0,256,0,3,5,0,8,221,18,25,0,264,0,0,0,264
08/04/2020,SDF,KY,ASO,CE,Combined TRACON& Tower with Radar,471,29,15,3,518,0,2,3,1,6,471,31,18,4,524,0,0,0,524
08/05/2020,SDF,KY,ASO,CE,Combined TRACON& Tower with Radar,461,34,20,5,520,0,12,15,1,28,461,46,35,6,548,0,0,0,548
08/06/2020,SDF,KY,ASO,CE,Combined TRACON& Tower with Radar,474,39,28,16,557,0,7,7,2,16,474,46,35,18,573,0,0,0,573
08/07/2020,SDF,KY,ASO,CE,Combined TRACON& Tower with Radar,405,31,19,6,461,0,4,5,0,9,405,35,24,6,470,0,0,0,470
08/08/2020,SDF,KY,ASO,CE,Combined TRACON& Tower with Radar,256,31,13,2,302,0,3,12,0,15,256,34,25,2,317,0,0,0,317
08/09/2020,SDF,KY,ASO,CE,Combined TRACON& Tower with Radar,198,14,7,1,220,0,2,1,0,3,198,16,8,1,223,0,0,0,223
08/10/2020,SDF,KY,ASO,CE,Combined TRACON& Tower with Radar,202,11,9,2,224,0,1,7,0,8,202,12,16,2,232,0,0,0,232
08/11/2020,SDF,KY,ASO,CE,Combined TRACON& Tower with Radar,510,29,9,3,551,0,0,7,1,8,510,29,16,4,559,0,0,0,559
08/12/2020,SDF,KY,ASO,CE,Combined TRACON& Tower with Radar,463,33,15,2,513,0,5,9,4,18,463,38,24,6,531,0,0,0,531
08/13/2020,SDF,KY,ASO,CE,Combined TRACON& Tower with Radar,472,31,15,1,519,0,3,1,1,5,472,34,16,2,524,0,0,0,524
08/14/2020,SDF,KY,ASO,CE,Combined TRACON& Tower with Radar,410,44,15,2,471,0,4,0,0,4,410,48,15,2,475,0,0,0,475
08/15/2020,SDF,KY,ASO,CE,Combined TRACON& Tower with Radar,250,31,4,0,285,0,5,4,0,9,250,36,8,0,294,0,0,0,294
08/16/2020,SDF,KY,ASO,CE,Combined TRACON& Tower with Radar,198,7,7,1,213,0,1,0,1,2,198,8,7,2,215,0,0,0,215
08/17/2020,SDF,KY,ASO,CE,Combined TRACON& Tower with Radar,232,16,10,2,260,0,6,2,0,8,232,22,12,2,268,0,0,0,268
08/18/2020,SDF,KY,ASO,CE,Combined TRACON& Tower with Radar,482,46,14,4,546,0,6,7,0,13,482,52,21,4,559,0,0,0,559
08/19/2020,SDF,KY,ASO,CE,Combined TRACON& Tower with Radar,460,37,28,1,526,0,5,9,1,15,460,42,37,2,541,8,2,10,551
08/20/2020,SDF,KY,ASO,CE,Combined TRACON& Tower with Radar,475,31,9,11,526,0,2,4,3,9,475,33,13,14,535,0,0,0,535
08/21/2020,SDF,KY,ASO,CE,Combined TRACON& Tower with Radar,397,34,8,3,442,0,3,5,6,14,397,37,13,9,456,0,0,0,456
08/22/2020,SDF,KY,ASO,CE,Combined TRACON& Tower with Radar,254,30,14,1,299,0,3,5,0,8,254,33,19,1,307,0,0,0,307
08/23/2020,SDF,KY,ASO,CE,Combined TRACON& Tower with Radar,206,9,6,4,225,0,2,0,4,6,206,11,6,8,231,0,0,0,231
08/24/2020,SDF,KY,ASO,CE,Combined TRACON& Tower with Radar,214,18,18,4,254,0,6,3,0,9,214,24,21,4,263,0,0,0,263
08/25/2020,SDF,KY,ASO,CE,Combined TRACON& Tower with Radar,479,25,19,7,530,0,1,13,2,16,479,26,32,9,546,0,0,0,546
08/26/2020,SDF,KY,ASO,CE,Combined TRACON& Tower with Radar,453,26,22,0,501,0,0,6,0,6,453,26,28,0,507,0,0,0,507
08/27/2020,SDF,KY,ASO,CE,Combined TRACON& Tower with Radar,484,38,8,3,533,0,1,6,0,7,484,39,14,3,540,0,0,0,540
08/28/2020,SDF,KY,ASO,CE,Combined TRACON& Tower with Radar,385,39,9,3,436,0,0,0,0,0,385,39,9,3,436,0,0,0,436
08/29/2020,SDF,KY,ASO,CE,Combined TRACON& Tower with Radar,265,41,18,0,324,0,2,3,0,5,265,43,21,0,329,6,0,6,335
08/30/2020,SDF,KY,ASO,CE,Combined TRACON& Tower with Radar,202,14,21,0,237,0,5,9,1,15,202,19,30,1,252,0,0,0,252
08/31/2020,SDF,KY,ASO,CE,Combined TRACON& Tower with Radar,231,18,8,2,259,0,9,0,0,9,231,27,8,2,268,0,0,0,268
09/01/2020,SDF,KY,ASO,CE,Combined TRACON& Tower with Radar,471,32,22,5,530,0,4,1,1,6,471,36,23,6,536,0,0,0,536
09/02/2020,SDF,KY,ASO,CE,Combined TRACON& Tower with Radar,473,36,19,3,531,0,1,2,1,4,473,37,21,4,535,0,0,0,535
09/03/2020,SDF,KY,ASO,CE,Combined TRACON& Tower with Radar,510,40,19,3,572,0,0,2,1,3,510,40,21,4,575,0,0,0,575
09/04/2020,SDF,KY,ASO,CE,Combined TRACON& Tower with Radar,408,35,18,1,462,0,0,12,0,12,408,35,30,1,474,0,0,0,474
09/05/2020,SDF,KY,ASO,CE,Combined TRACON& Tower with Radar,267,40,19,0,326,0,2,27,0,29,267,42,46,0,355,0,0,0,355
09/06/2020,SDF,KY,ASO,CE,Combined TRACON& Tower with Radar,191,12,5,0,208,0,6,2,0,8,191,18,7,0,216,0,0,0,216
09/07/2020,SDF,KY,ASO,CE,Combined TRACON& Tower with Radar,135,6,8,0,149,0,10,8,0,18,135,16,16,0,167,0,0,0,167
09/08/2020,SDF,KY,ASO,CE,Combined TRACON& Tower with Radar,302,25,7,4,338,0,2,11,0,13,302,27,18,4,351,0,0,0,351
09/09/2020,SDF,KY,ASO,CE,Combined TRACON& Tower with Radar,491,46,24,5,566,0,1,3,0,4,491,47,27,5,570,0,0,0,570
09/10/2020,SDF,KY,ASO,CE,Combined TRACON& Tower with Radar,493,49,16,1,559,0,0,8,1,9,493,49,24,2,568,22,0,22,590
09/11/2020,SDF,KY,ASO,CE,Combined TRACON& Tower with Radar,393,37,18,5,453,0,4,0,0,4,393,41,18,5,457,0,0,0,457
09/12/2020,SDF,KY,ASO,CE,Combined TRACON& Tower with Radar,236,33,10,6,285,0,0,2,0,2,236,33,12,6,287,0,0,0,287
09/13/2020,SDF,KY,ASO,CE,Combined TRACON& Tower with Radar,188,15,15,1,219,0,0,4,1,5,188,15,19,2,224,0,0,0,224
09/14/2020,SDF,KY,ASO,CE,Combined TRACON& Tower with Radar,211,24,3,16,254,0,3,2,6,11,211,27,5,22,265,0,28,28,293
09/15/2020,SDF,KY,ASO,CE,Combined TRACON& Tower with Radar,460,37,16,1,514,0,4,13,1,18,460,41,29,2,532,0,0,0,532
09/16/2020,SDF,KY,ASO,CE,Combined TRACON& Tower with Radar,457,42,22,4,525,0,0,3,4,7,457,42,25,8,532,0,2,2,534
09/17/2020,SDF,KY,ASO,CE,Combined TRACON& Tower with Radar,462,41,13,4,520,0,1,5,1,7,462,42,18,5,527,2,0,2,529
09/18/2020,SDF,KY,ASO,CE,Combined TRACON& Tower with Radar,372,45,8,3,428,0,0,4,0,4,372,45,12,3,432,0,0,0,432
09/19/2020,SDF,KY,ASO,CE,Combined TRACON& Tower with Radar,240,36,6,3,285,0,9,16,0,25,240,45,22,3,310,0,0,0,310
09/20/2020,SDF,KY,ASO,CE,Combined TRACON& Tower with Radar,181,14,12,2,209,0,9,9,0,18,181,23,21,2,227,0,0,0,227
09/21/2020,SDF,KY,ASO,CE,Combined TRACON& Tower with Radar,212,22,18,13,265,0,2,4,2,8,212,24,22,15,273,0,0,0,273
09/22/2020,SDF,KY,ASO,CE,Combined TRACON& Tower with Radar,475,49,17,7,548,0,4,1,0,5,475,53,18,7,553,0,12,12,565
09/23/2020,SDF,KY,ASO,CE,Combined TRACON& Tower with Radar,465,51,12,7,535,0,2,16,0,18,465,53,28,7,553,0,0,0,553
09/24/2020,SDF,KY,ASO,CE,Combined TRACON& Tower with Radar,474,50,12,2,538,0,2,6,0,8,474,52,18,2,546,0,0,0,546
09/25/2020,SDF,KY,ASO,CE,Combined TRACON& Tower with Radar,385,47,15,12,459,0,3,15,2,20,385,50,30,14,479,0,0,0,479
09/26/2020,SDF,KY,ASO,CE,Combined TRACON& Tower with Radar,244,34,13,0,291,0,14,5,0,19,244,48,18,0,310,0,0,0,310
09/27/2020,SDF,KY,ASO,CE,Combined TRACON& Tower with Radar,180,22,9,3,214,0,7,12,0,19,180,29,21,3,233,0,0,0,233
09/28/2020,SDF,KY,ASO,CE,Combined TRACON& Tower with Radar,215,26,4,1,246,0,0,4,0,4,215,26,8,1,250,0,0,0,250
09/29/2020,SDF,KY,ASO,CE,Combined TRACON& Tower with Radar,491,41,18,8,558,0,0,7,0,7,491,41,25,8,565,0,0,0,565
09/30/2020,SDF,KY,ASO,CE,Combined TRACON& Tower with Radar,467,46,21,3,537,0,0,2,3,5,467,46,23,6,542,2,4,6,548
10/01/2020,SDF,KY,ASO,CE,Combined TRACON& Tower with Radar,470,53,16,2,541,0,4,4,0,8,470,57,20,2,549,0,0,0,549
10/02/2020,SDF,KY,ASO,CE,Combined TRACON& Tower with Radar,403,34,12,1,450,0,0,4,0,4,403,34,16,1,454,6,0,6,460
10/03/2020,SDF,KY,ASO,CE,Combined TRACON& Tower with Radar,242,27,7,4,280,0,6,8,0,14,242,33,15,4,294,0,0,0,294
10/04/2020,SDF,KY,ASO,CE,Combined TRACON& Tower with Radar,188,16,13,6,223,0,4,5,0,9,188,20,18,6,232,0,0,0,232
10/05/2020,SDF,KY,ASO,CE,Combined TRACON& Tower with Radar,209,23,8,28,268,0,0,7,0,7,209,23,15,28,275,0,12,12,287
10/06/2020,SDF,KY,ASO,CE,Combined TRACON& Tower with Radar,479,39,17,7,542,0,3,0,0,3,479,42,17,7,545,0,0,0,545
10/07/2020,SDF,KY,ASO,CE,Combined TRACON& Tower with Radar,457,33,18,5,513,0,13,10,5,28,457,46,28,10,541,18,4,22,563
10/08/2020,SDF,KY,ASO,CE,Combined TRACON& Tower with Radar,475,38,18,3,534,0,2,4,1,7,475,40,22,4,541,0,0,0,541
10/09/2020,SDF,KY,ASO,CE,Combined TRACON& Tower with Radar,387,34,23,0,444,0,4,0,0,4,387,38,23,0,448,0,0,0,448
10/10/2020,SDF,KY,ASO,CE,Combined TRACON& Tower with Radar,243,32,4,0,279,0,2,2,0,4,243,34,6,0,283,0,0,0,283
10/11/2020,SDF,KY,ASO,CE,Combined TRACON& Tower with Radar,194,9,11,0,214,0,7,4,0,11,194,16,15,0,225,0,0,0,225
10/12/2020,SDF,KY,ASO,CE,Combined TRACON& Tower with Radar,213,19,15,0,247,0,2,2,0,4,213,21,17,0,251,0,0,0,251
10/13/2020,SDF,KY,ASO,CE,Combined TRACON& Tower with Radar,495,40,29,2,566,0,0,4,0,4,495,40,33,2,570,0,0,0,570
10/14/2020,SDF,KY,ASO,CE,Combined TRACON& Tower with Radar,500,46,20,3,569,0,0,10,1,11,500,46,30,4,580,0,0,0,580
10/15/2020,SDF,KY,ASO,CE,Combined TRACON& Tower with Radar,506,29,14,6,555,0,5,3,3,11,506,34,17,9,566,0,0,0,566
10/16/2020,SDF,KY,ASO,CE,Combined TRACON& Tower with Radar,434,34,12,4,484,0,2,4,1,7,434,36,16,5,491,0,0,0,491
10/17/2020,SDF,KY,ASO,CE,Combined TRACON& Tower with Radar,239,33,7,3,282,0,1,3,2,6,239,34,10,5,288,0,0,0,288
10/18/2020,SDF,KY,ASO,CE,Combined TRACON& Tower with Radar,207,12,24,0,243,0,6,3,1,10,207,18,27,1,253,0,0,0,253
10/19/2020,SDF,KY,ASO,CE,Combined TRACON& Tower with Radar,227,16,23,7,273,0,0,3,0,3,227,16,26,7,276,0,0,0,276
10/20/2020,SDF,KY,ASO,CE,Combined TRACON& Tower with Radar,494,36,17,5,552,0,0,0,0,0,494,36,17,5,552,0,0,0,552
10/21/2020,SDF,KY,ASO,CE,Combined TRACON& Tower with Radar,481,35,22,18,556,0,2,16,0,18,481,37,38,18,574,2,0,2,576
10/22/2020,SDF,KY,ASO,CE,Combined TRACON& Tower with Radar,514,29,11,8,562,0,2,18,6,26,514,31,29,14,588,0,0,0,588
10/23/2020,SDF,KY,ASO,CE,Combined TRACON& Tower with Radar,408,31,20,5,464,0,0,2,0,2,408,31,22,5,466,0,0,0,466
10/24/2020,SDF,KY,ASO,CE,Combined TRACON& Tower with Radar,239,32,16,3,290,0,0,2,0,2,239,32,18,3,292,0,0,0,292
10/25/2020,SDF,KY,ASO,CE,Combined TRACON& Tower with Radar,200,7,18,5,230,0,0,0,0,0,200,7,18,5,230,0,0,0,230
10/26/2020,SDF,KY,ASO,CE,Combined TRACON& Tower with Radar,216,19,13,5,253,0,0,0,0,0,216,19,13,5,253,0,0,0,253
10/27/2020,SDF,KY,ASO,CE,Combined TRACON& Tower with Radar,483,27,6,8,524,0,0,1,8,9,483,27,7,16,533,0,0,0,533
10/28/2020,SDF,KY,ASO,CE,Combined TRACON& Tower with Radar,475,32,19,12,538,0,0,0,0,0,475,32,19,12,538,0,0,0,538
10/29/2020,SDF,KY,ASO,CE,Combined TRACON& Tower with Radar,491,35,15,7,548,0,0,0,0,0,491,35,15,7,548,0,0,0,548
10/30/2020,SDF,KY,ASO,CE,Combined TRACON& Tower with Radar,410,34,29,13,486,0,6,18,0,24,410,40,47,13,510,0,0,0,510
10/31/2020,SDF,KY,ASO,CE,Combined TRACON& Tower with Radar,211,37,6,3,257,0,4,6,2,12,211,41,12,5,269,0,0,0,269
11/01/2020,SDF,KY,ASO,CE,Combined TRACON& Tower with Radar,192,12,11,3,218,0,3,2,0,5,192,15,13,3,223,6,0,6,229
11/02/2020,SDF,KY,ASO,CE,Combined TRACON& Tower with Radar,210,18,16,17,261,0,2,2,0,4,210,20,18,17,265,0,0,0,265
11/03/2020,SDF,KY,ASO,CE,Combined TRACON& Tower with Radar,484,40,6,2,532,0,6,3,4,13,484,46,9,6,545,0,0,0,545
11/04/2020,SDF,KY,ASO,CE,Combined TRACON& Tower with Radar,462,33,22,4,521,0,3,7,2,12,462,36,29,6,533,0,0,0,533
11/05/2020,SDF,KY,ASO,CE,Combined TRACON& Tower with Radar,491,37,17,1,546,0,2,3,3,8,491,39,20,4,554,0,0,0,554
11/06/2020,SDF,KY,ASO,CE,Combined TRACON& Tower with Radar,404,49,10,17,480,0,3,5,0,8,404,52,15,17,488,0,0,0,488
11/07/2020,SDF,KY,ASO,CE,Combined TRACON& Tower with Radar,243,36,8,16,303,0,2,5,0,7,243,38,13,16,310,0,0,0,310
11/08/2020,SDF,KY,ASO,CE,Combined TRACON& Tower with Radar,203,21,13,1,238,0,0,11,0,11,203,21,24,1,249,0,0,0,249
11/09/2020,SDF,KY,ASO,CE,Combined TRACON& Tower with Radar,219,11,2,6,238,0,0,4,2,6,219,11,6,8,244,0,0,0,244
11/10/2020,SDF,KY,ASO,CE,Combined TRACON& Tower with Radar,464,34,6,2,506,0,1,2,0,3,464,35,8,2,509,0,0,0,509
11/11/2020,SDF,KY,ASO,CE,Combined TRACON& Tower with Radar,488,26,6,0,520,0,1,6,0,7,488,27,12,0,527,0,0,0,527
11/12/2020,SDF,KY,ASO,CE,Combined TRACON& Tower with Radar,505,41,16,11,573,0,6,20,1,27,505,47,36,12,600,0,0,0,600
11/13/2020,SDF,KY,ASO,CE,Combined TRACON& Tower with Radar,422,37,17,13,489,0,0,6,0,6,422,37,23,13,495,0,0,0,495
11/14/2020,SDF,KY,ASO,CE,Combined TRACON& Tower with Radar,239,34,6,0,279,0,5,1,0,6,239,39,7,0,285,0,0,0,285
11/15/2020,SDF,KY,ASO,CE,Combined TRACON& Tower with Radar,211,12,9,1,233,0,3,3,0,6,211,15,12,1,239,0,0,0,239
11/16/2020,SDF,KY,ASO,CE,Combined TRACON& Tower with Radar,227,23,15,5,270,0,4,3,0,7,227,27,18,5,277,0,0,0,277
11/17/2020,SDF,KY,ASO,CE,Combined TRACON& Tower with Radar,487,39,7,5,538,0,2,2,1,5,487,41,9,6,543,0,0,0,543
11/18/2020,SDF,KY,ASO,CE,Combined TRACON& Tower with Radar,476,35,18,8,537,0,0,1,1,2,476,35,19,9,539,0,0,0,539
11/19/2020,SDF,KY,ASO,CE,Combined TRACON& Tower with Radar,497,37,11,12,557,0,4,2,3,9,497,41,13,15,566,0,0,0,566
11/20/2020,SDF,KY,ASO,CE,Combined TRACON& Tower with Radar,417,42,18,0,477,0,4,2,0,6,417,46,20,0,483,0,0,0,483
11/21/2020,SDF,KY,ASO,CE,Combined TRACON& Tower with Radar,263,37,9,0,309,0,0,0,0,0,263,37,9,0,309,0,0,0,309
11/22/2020,SDF,KY,ASO,CE,Combined TRACON& Tower with Radar,220,24,11,0,255,0,0,0,0,0,220,24,11,0,255,0,0,0,255
11/23/2020,SDF,KY,ASO,CE,Combined TRACON& Tower with Radar,287,30,12,0,329,0,6,8,0,14,287,36,20,0,343,0,0,0,343
11/24/2020,SDF,KY,ASO,CE,Combined TRACON& Tower with Radar,572,55,9,3,639,0,5,14,4,23,572,60,23,7,662,0,0,0,662
11/25/2020,SDF,KY,ASO,CE,Combined TRACON& Tower with Radar,573,40,12,0,625,0,0,0,0,0,573,40,12,0,625,0,0,0,625
11/26/2020,SDF,KY,ASO,CE,Combined TRACON& Tower with Radar,201,13,7,0,221,0,2,0,0,2,201,15,7,0,223,0,0,0,223
11/27/2020,SDF,KY,ASO,CE,Combined TRACON& Tower with Radar,275,24,17,0,316,0,2,4,0,6,275,26,21,0,322,0,0,0,322
11/28/2020,SDF,KY,ASO,CE,Combined TRACON& Tower with Radar,287,35,10,0,332,0,8,4,0,12,287,43,14,0,344,0,0,0,344
11/29/2020,SDF,KY,ASO,CE,Combined TRACON& Tower with Radar,251,21,28,0,300,0,2,8,0,10,251,23,36,0,310,0,0,0,310
11/30/2020,SDF,KY,ASO,CE,Combined TRACON& Tower with Radar,326,28,9,2,365,0,0,0,0,0,326,28,9,2,365,0,0,0,365
12/01/2020,SDF,KY,ASO,CE,Combined TRACON& Tower with Radar,580,35,4,1,620,0,0,15,0,15,580,35,19,1,635,12,0,12,647
12/02/2020,SDF,KY,ASO,CE,Combined TRACON& Tower with Radar,564,46,11,3,624,0,3,16,0,19,564,49,27,3,643,0,0,0,643
12/03/2020,SDF,KY,ASO,CE,Combined TRACON& Tower with Radar,586,42,9,2,639,0,3,10,2,15,586,45,19,4,654,0,0,0,654
12/04/2020,SDF,KY,ASO,CE,Combined TRACON& Tower with Radar,467,34,10,2,513,0,4,0,0,4,467,38,10,2,517,0,0,0,517
12/05/2020,SDF,KY,ASO,CE,Combined TRACON& Tower with Radar,271,31,3,1,306,0,0,7,1,8,271,31,10,2,314,0,0,0,314
12/06/2020,SDF,KY,ASO,CE,Combined TRACON& Tower with Radar,232,15,3,5,255,0,2,6,0,8,232,17,9,5,263,0,0,0,263
12/07/2020,SDF,KY,ASO,CE,Combined TRACON& Tower with Radar,327,16,20,3,366,0,0,0,0,0,327,16,20,3,366,0,0,0,366
12/08/2020,SDF,KY,ASO,CE,Combined TRACON& Tower with Radar,559,38,10,0,607,0,2,14,2,18,559,40,24,2,625,6,0,6,631
12/09/2020,SDF,KY,ASO,CE,Combined TRACON& Tower with Radar,566,33,17,4,620,0,6,4,2,12,566,39,21,6,632,0,0,0,632
12/10/2020,SDF,KY,ASO,CE,Combined TRACON& Tower with Radar,598,43,9,2,652,0,2,7,3,12,598,45,16,5,664,0,0,0,664
12/11/2020,SDF,KY,ASO,CE,Combined TRACON& Tower with Radar,472,43,16,3,534,0,3,8,0,11,472,46,24,3,545,0,0,0,545
12/12/2020,SDF,KY,ASO,CE,Combined TRACON& Tower with Radar,275,34,11,0,320,0,0,2,0,2,275,34,13,0,322,0,0,0,322
12/13/2020,SDF,KY,ASO,CE,Combined TRACON& Tower with Radar,230,12,13,3,258,0,5,8,0,13,230,17,21,3,271,0,0,0,271
12/14/2020,SDF,KY,ASO,CE,Combined TRACON& Tower with Radar,334,30,15,4,383,0,6,5,2,13,334,36,20,6,396,0,0,0,396
12/15/2020,SDF,KY,ASO,CE,Combined TRACON& Tower with Radar,623,31,26,9,689,0,4,4,6,14,623,35,30,15,703,0,0,0,703
12/16/2020,SDF,KY,ASO,CE,Combined TRACON& Tower with Radar,627,49,10,8,694,0,0,0,0,0,627,49,10,8,694,0,0,0,694
12/17/2020,SDF,KY,ASO,CE,Combined TRACON& Tower with Radar,639,56,17,4,716,0,0,4,1,5,639,56,21,5,721,0,0,0,721
12/18/2020,SDF,KY,ASO,CE,Combined TRACON& Tower with Radar,635,53,21,1,710,0,9,9,2,20,635,62,30,3,730,0,0,0,730
12/19/2020,SDF,KY,ASO,CE,Combined TRACON& Tower with Radar,638,40,13,0,691,0,4,4,0,8,638,44,17,0,699,2,0,2,701
12/20/2020,SDF,KY,ASO,CE,Combined TRACON& Tower with Radar,601,30,9,0,640,0,0,0,0,0,601,30,9,0,640,0,0,0,640
12/21/2020,SDF,KY,ASO,CE,Combined TRACON& Tower with Radar,567,35,7,5,614,0,3,3,0,6,567,38,10,5,620,0,0,0,620
12/22/2020,SDF,KY,ASO,CE,Combined TRACON& Tower with Radar,675,62,3,0,740,0,2,10,0,12,675,64,13,0,752,0,0,0,752
12/23/2020,SDF,KY,ASO,CE,Combined TRACON& Tower with Radar,704,47,8,2,761,0,0,2,0,2,704,47,10,2,763,0,0,0,763
12/24/2020,SDF,KY,ASO,CE,Combined TRACON& Tower with Radar,574,38,6,0,618,0,0,0,0,0,574,38,6,0,618,0,0,0,618
12/25/2020,SDF,KY,ASO,CE,Combined TRACON& Tower with Radar,144,6,4,0,154,0,0,0,0,0,144,6,4,0,154,0,0,0,154
12/26/2020,SDF,KY,ASO,CE,Combined TRACON& Tower with Radar,189,36,18,0,243,0,2,9,0,11,189,38,27,0,254,26,22,48,302
12/27/2020,SDF,KY,ASO,CE,Combined TRACON& Tower with Radar,211,31,9,0,251,0,4,0,0,4,211,35,9,0,255,0,0,0,255
12/28/2020,SDF,KY,ASO,CE,Combined TRACON& Tower with Radar,273,33,16,0,322,0,0,1,0,1,273,33,17,0,323,0,0,0,323
12/29/2020,SDF,KY,ASO,CE,Combined TRACON& Tower with Radar,540,54,14,0,608,0,1,4,0,5,540,55,18,0,613,0,0,0,613
12/30/2020,SDF,KY,ASO,CE,Combined TRACON& Tower with Radar,527,33,9,3,572,0,1,1,0,2,527,34,10,3,574,0,0,0,574
12/31/2020,SDF,KY,ASO,CE,Combined TRACON& Tower with Radar,467,30,7,0,504,0,0,0,0,0,467,30,7,0,504,0,0,0,504
01/01/2021,SDF,KY,ASO,CE,Combined TRACON& Tower with Radar,133,10,3,0,146,0,0,3,0,3,133,10,6,0,149,0,0,0,149
01/02/2021,SDF,KY,ASO,CE,Combined TRACON& Tower with Radar,201,36,23,0,260,0,0,5,0,5,201,36,28,0,265,0,0,0,265
01/03/2021,SDF,KY,ASO,CE,Combined TRACON& Tower with Radar,200,32,13,0,245,0,0,0,0,0,200,32,13,0,245,0,0,0,245
01/04/2021,SDF,KY,ASO,CE,Combined TRACON& Tower with Radar,241,37,6,2,286,0,1,5,0,6,241,38,11,2,292,0,0,0,292
01/05/2021,SDF,KY,ASO,CE,Combined TRACON& Tower with Radar,476,52,26,6,560,0,2,12,0,14,476,54,38,6,574,8,0,8,582
01/06/2021,SDF,KY,ASO,CE,Combined TRACON& Tower with Radar,474,34,10,6,524,0,0,3,7,10,474,34,13,13,534,0,22,22,556
01/07/2021,SDF,KY,ASO,CE,Combined TRACON& Tower with Radar,461,36,14,7,518,0,2,0,3,5,461,38,14,10,523,0,0,0,523
01/08/2021,SDF,KY,ASO,CE,Combined TRACON& Tower with Radar,402,45,8,1,456,0,0,9,0,9,402,45,17,1,465,7,0,7,472
01/09/2021,SDF,KY,ASO,CE,Combined TRACON& Tower with Radar,223,36,9,0,268,0,3,14,0,17,223,39,23,0,285,0,0,0,285
01/10/2021,SDF,KY,ASO,CE,Combined TRACON& Tower with Radar,178,27,4,1,210,0,0,3,0,3,178,27,7,1,213,0,0,0,213
01/11/2021,SDF,KY,ASO,CE,Combined TRACON& Tower with Radar,187,24,27,0,238,0,3,4,0,7,187,27,31,0,245,14,0,14,259
01/12/2021,SDF,KY,ASO,CE,Combined TRACON& Tower with Radar,474,38,12,1,525,0,0,8,6,14,474,38,20,7,539,0,0,0,539
01/13/2021,SDF,KY,ASO,CE,Combined TRACON& Tower with Radar,454,50,18,2,524,0,1,14,4,19,454,51,32,6,543,0,0,0,543
01/14/2021,SDF,KY,ASO,CE,Combined TRACON& Tower with Radar,465,59,13,4,541,0,6,4,8,18,465,65,17,12,559,2,0,2,561
01/15/2021,SDF,KY,ASO,CE,Combined TRACON& Tower with Radar,399,43,17,0,459,0,5,4,0,9,399,48,21,0,468,0,0,0,468
01/16/2021,SDF,KY,ASO,CE,Combined TRACON& Tower with Radar,231,33,6,2,272,0,0,0,1,1,231,33,6,3,273,0,0,0,273
01/17/2021,SDF,KY,ASO,CE,Combined TRACON& Tower with Radar,165,19,5,1,190,0,3,0,0,3,165,22,5,1,193,0,0,0,193
01/18/2021,SDF,KY,ASO,CE,Combined TRACON& Tower with Radar,196,30,20,1,247,0,2,12,0,14,196,32,32,1,261,8,0,8,269
01/19/2021,SDF,KY,ASO,CE,Combined TRACON& Tower with Radar,461,37,16,3,517,0,2,3,0,5,461,39,19,3,522,0,0,0,522
01/20/2021,SDF,KY,ASO,CE,Combined TRACON& Tower with Radar,455,45,28,0,528,0,6,5,10,21,455,51,33,10,549,6,16,22,571
01/21/2021,SDF,KY,ASO,CE,Combined TRACON& Tower with Radar,476,38,20,18,552,0,0,11,6,17,476,38,31,24,569,0,0,0,569
01/22/2021,SDF,KY,ASO,CE,Combined TRACON& Tower with Radar,390,33,12,6,441,0,0,8,2,10,390,33,20,8,451,0,0,0,451
01/23/2021,SDF,KY,ASO,CE,Combined TRACON& Tower with Radar,227,35,7,8,277,0,1,8,2,11,227,36,15,10,288,0,0,0,288
01/24/2021,SDF,KY,ASO,CE,Combined TRACON& Tower with Radar,175,21,8,2,206,0,0,0,0,0,175,21,8,2,206,0,0,0,206
01/25/2021,SDF,KY,ASO,CE,Combined TRACON& Tower with Radar,185,25,2,1,213,0,0,0,0,0,185,25,2,1,213,0,0,0,213
01/26/2021,SDF,KY,ASO,CE,Combined TRACON& Tower with Radar,471,33,6,21,531,0,2,0,17,19,471,35,6,38,550,0,0,0,550
01/27/2021,SDF,KY,ASO,CE,Combined TRACON& Tower with Radar,460,39,12,5,516,0,0,8,0,8,460,39,20,5,524,0,8,8,532
01/28/2021,SDF,KY,ASO,CE,Combined TRACON& Tower with Radar,454,46,8,6,514,0,4,12,10,26,454,50,20,16,540,0,0,0,540
01/29/2021,SDF,KY,ASO,CE,Combined TRACON& Tower with Radar,390,39,4,3,436,0,4,8,0,12,390,43,12,3,448,0,0,0,448
01/30/2021,SDF,KY,ASO,CE,Combined TRACON& Tower with Radar,229,43,5,0,277,0,0,3,2,5,229,43,8,2,282,0,0,0,282
01/31/2021,SDF,KY,ASO,CE,Combined TRACON& Tower with Radar,168,23,6,1,198,0,0,0,0,0,168,23,6,1,198,0,0,0,198
02/01/2021,SDF,KY,ASO,CE,Combined TRACON& Tower with Radar,190,23,14,2,229,0,0,0,0,0,190,23,14,2,229,0,0,0,229
02/02/2021,SDF,KY,ASO,CE,Combined TRACON& Tower with Radar,475,33,6,3,517,0,4,3,2,9,475,37,9,5,526,0,0,0,526
02/03/2021,SDF,KY,ASO,CE,Combined TRACON& Tower with Radar,472,37,21,13,543,0,5,11,11,27,472,42,32,24,570,8,14,22,592
02/04/2021,SDF,KY,ASO,CE,Combined TRACON& Tower with Radar,454,46,13,3,516,0,2,3,1,6,454,48,16,4,522,0,0,0,522
02/05/2021,SDF,KY,ASO,CE,Combined TRACON& Tower with Radar,407,43,9,1,460,0,4,6,2,12,407,47,15,3,472,0,0,0,472
02/06/2021,SDF,KY,ASO,CE,Combined TRACON& Tower with Radar,234,39,10,0,283,0,2,8,2,12,234,41,18,2,295,0,0,0,295
02/07/2021,SDF,KY,ASO,CE,Combined TRACON& Tower with Radar,169,22,8,0,199,0,2,4,0,6,169,24,12,0,205,0,0,0,205
02/08/2021,SDF,KY,ASO,CE,Combined TRACON& Tower with Radar,194,24,5,4,227,0,2,2,0,4,194,26,7,4,231,0,0,0,231
02/09/2021,SDF,KY,ASO,CE,Combined TRACON& Tower with Radar,480,29,23,13,545,0,0,0,0,0,480,29,23,13,545,0,0,0,545
02/10/2021,SDF,KY,ASO,CE,Combined TRACON& Tower with Radar,438,32,27,5,502,0,0,0,0,0,438,32,27,5,502,0,3,3,505
02/11/2021,SDF,KY,ASO,CE,Combined TRACON& Tower with Radar,292,65,31,2,390,0,0,1,1,2,292,65,32,3,392,0,0,0,392
02/12/2021,SDF,KY,ASO,CE,Combined TRACON& Tower with Radar,349,54,34,4,441,0,0,4,0,4,349,54,38,4,445,0,0,0,445
02/13/2021,SDF,KY,ASO,CE,Combined TRACON& Tower with Radar,288,36,7,3,334,0,1,0,0,1,288,37,7,3,335,0,0,0,335
02/14/2021,SDF,KY,ASO,CE,Combined TRACON& Tower with Radar,180,29,17,0,226,0,6,0,0,6,180,35,17,0,232,0,0,0,232
02/15/2021,SDF,KY,ASO,CE,Combined TRACON& Tower with Radar,81,8,6,0,95,0,0,0,0,0,81,8,6,0,95,0,0,0,95
02/16/2021,SDF,KY,ASO,CE,Combined TRACON& Tower with Radar,241,16,16,0,273,0,0,1,0,1,241,16,17,0,274,0,0,0,274
02/17/2021,SDF,KY,ASO,CE,Combined TRACON& Tower with Radar,421,33,14,0,468,0,4,1,0,5,421,37,15,0,473,0,0,0,473
02/18/2021,SDF,KY,ASO,CE,Combined TRACON& Tower with Radar,426,39,12,4,481,0,0,0,0,0,426,39,12,4,481,0,0,0,481
02/19/2021,SDF,KY,ASO,CE,Combined TRACON& Tower with Radar,413,50,7,5,475,0,4,6,0,10,413,54,13,5,485,0,0,0,485
02/20/2021,SDF,KY,ASO,CE,Combined TRACON& Tower with Radar,246,51,12,3,312,0,3,15,2,20,246,54,27,5,332,0,0,0,332
02/21/2021,SDF,KY,ASO,CE,Combined TRACON& Tower with Radar,177,30,15,0,222,0,5,5,0,10,177,35,20,0,232,0,0,0,232
02/22/2021,SDF,KY,ASO,CE,Combined TRACON& Tower with Radar,188,32,12,1,233,0,1,0,0,1,188,33,12,1,234,0,0,0,234
02/23/2021,SDF,KY,ASO,CE,Combined TRACON& Tower with Radar,484,37,15,5,541,0,3,13,4,20,484,40,28,9,561,0,2,2,563
02/24/2021,SDF,KY,ASO,CE,Combined TRACON& Tower with Radar,456,34,25,3,518,0,10,7,11,28,456,44,32,14,546,0,0,0,546
02/25/2021,SDF,KY,ASO,CE,Combined TRACON& Tower with Radar,468,48,19,7,542,0,1,12,5,18,468,49,31,12,560,0,0,0,560
02/26/2021,SDF,KY,ASO,CE,Combined TRACON& Tower with Radar,399,44,12,6,461,0,2,5,1,8,399,46,17,7,469,0,0,0,469
02/27/2021,SDF,KY,ASO,CE,Combined TRACON& Tower with Radar,230,33,10,0,273,0,2,1,0,3,230,35,11,0,276,0,0,0,276
02/28/2021,SDF,KY,ASO,CE,Combined TRACON& Tower with Radar,182,24,8,8,222,0,0,0,0,0,182,24,8,8,222,0,0,0,222
03/01/2021,SDF,KY,ASO,CE,Combined TRACON& Tower with Radar,197,26,8,0,231,0,2,11,1,14,197,28,19,1,245,12,0,12,257
03/02/2021,SDF,KY,ASO,CE,Combined TRACON& Tower with Radar,487,34,14,4,539,0,2,5,6,13,487,36,19,10,552,3,0,3,555
03/03/2021,SDF,KY,ASO,CE,Combined TRACON& Tower with Radar,470,40,19,7,536,0,6,6,5,17,470,46,25,12,553,0,0,0,553
03/04/2021,SDF,KY,ASO,CE,Combined TRACON& Tower with Radar,467,52,11,26,556,0,1,7,7,15,467,53,18,33,571,2,0,2,573
03/05/2021,SDF,KY,ASO,CE,Combined TRACON& Tower with Radar,405,49,13,9,476,0,0,5,3,8,405,49,18,12,484,0,0,0,484
03/06/2021,SDF,KY,ASO,CE,Combined TRACON& Tower with Radar,234,47,25,3,309,0,0,8,2,10,234,47,33,5,319,0,0,0,319
03/07/2021,SDF,KY,ASO,CE,Combined TRACON& Tower with Radar,184,28,10,6,228,0,8,4,2,14,184,36,14,8,242,2,0,2,244
03/08/2021,SDF,KY,ASO,CE,Combined TRACON& Tower with Radar,215,31,15,5,266,0,2,7,0,9,215,33,22,5,275,0,0,0,275
03/09/2021,SDF,KY,ASO,CE,Combined TRACON& Tower with Radar,474,56,10,3,543,0,5,15,4,24,474,61,25,7,567,20,0,20,587
03/10/2021,SDF,KY,ASO,CE,Combined TRACON& Tower with Radar,477,49,18,2,546,0,7,3,0,10,477,56,21,2,556,0,0,0,556
03/11/2021,SDF,KY,ASO,CE,Combined TRACON& Tower with Radar,494,54,22,3,573,0,2,8,2,12,494,56,30,5,585,0,0,0,585
03/12/2021,SDF,KY,ASO,CE,Combined TRACON& Tower with Radar,421,49,14,15,499,0,1,0,0,1,421,50,14,15,500,0,0,0,500
03/13/2021,SDF,KY,ASO,CE,Combined TRACON& Tower with Radar,249,46,19,1,315,0,3,11,11,25,249,49,30,12,340,22,0,22,362
03/14/2021,SDF,KY,ASO,CE,Combined TRACON& Tower with Radar,185,28,12,3,228,0,0,5,0,5,185,28,17,3,233,0,0,0,233
03/15/2021,SDF,KY,ASO,CE,Combined TRACON& Tower with Radar,209,24,5,0,238,0,2,0,0,2,209,26,5,0,240,0,0,0,240
03/16/2021,SDF,KY,ASO,CE,Combined TRACON& Tower with Radar,500,51,25,6,582,0,0,11,3,14,500,51,36,9,596,0,0,0,596
03/17/2021,SDF,KY,ASO,CE,Combined TRACON& Tower with Radar,465,47,19,2,533,0,2,1,2,5,465,49,20,4,538,0,0,0,538
03/18/2021,SDF,KY,ASO,CE,Combined TRACON& Tower with Radar,500,43,24,5,572,0,2,0,3,5,500,45,24,8,577,0,0,0,577
03/19/2021,SDF,KY,ASO,CE,Combined TRACON& Tower with Radar,416,60,18,4,498,0,4,5,0,9,416,64,23,4,507,0,0,0,507
03/20/2021,SDF,KY,ASO,CE,Combined TRACON& Tower with Radar,250,48,16,15,329,0,2,10,7,19,250,50,26,22,348,14,0,14,362
03/21/2021,SDF,KY,ASO,CE,Combined TRACON& Tower with Radar,206,23,16,6,251,0,9,9,0,18,206,32,25,6,269,0,0,0,269
03/22/2021,SDF,KY,ASO,CE,Combined TRACON& Tower with Radar,215,35,11,0,261,0,0,11,1,12,215,35,22,1,273,0,0,0,273
03/23/2021,SDF,KY,ASO,CE,Combined TRACON& Tower with Radar,489,44,16,2,551,0,6,7,6,19,489,50,23,8,570,0,0,0,570
03/24/2021,SDF,KY,ASO,CE,Combined TRACON& Tower with Radar,482,41,18,1,542,0,6,0,3,9,482,47,18,4,551,0,0,0,551
03/25/2021,SDF,KY,ASO,CE,Combined TRACON& Tower with Radar,483,54,9,1,547,0,0,0,3,3,483,54,9,4,550,0,0,0,550
03/26/2021,SDF,KY,ASO,CE,Combined TRACON& Tower with Radar,432,64,16,2,514,0,0,7,2,9,432,64,23,4,523,0,0,0,523
03/27/2021,SDF,KY,ASO,CE,Combined TRACON& Tower with Radar,261,54,26,2,343,0,7,9,4,20,261,61,35,6,363,0,0,0,363
03/28/2021,SDF,KY,ASO,CE,Combined TRACON& Tower with Radar,201,25,15,1,242,0,2,0,2,4,201,27,15,3,246,0,0,0,246
03/29/2021,SDF,KY,ASO,CE,Combined TRACON& Tower with Radar,217,31,4,0,252,0,6,10,0,16,217,37,14,0,268,0,0,0,268
03/30/2021,SDF,KY,ASO,CE,Combined TRACON& Tower with Radar,500,48,10,4,562,0,2,0,4,6,500,50,10,8,568,0,0,0,568
03/31/2021,SDF,KY,ASO,CE,Combined TRACON& Tower with Radar,487,34,12,8,541,0,0,10,2,12,487,34,22,10,553,0,0,0,553
04/01/2021,SDF,KY,ASO,CE,Combined TRACON& Tower with Radar,485,45,16,6,552,0,2,2,1,5,485,47,18,7,557,0,0,0,557
04/02/2021,SDF,KY,ASO,CE,Combined TRACON& Tower with Radar,425,51,5,3,484,0,0,5,0,5,425,51,10,3,489,0,0,0,489
04/03/2021,SDF,KY,ASO,CE,Combined TRACON& Tower with Radar,257,43,30,1,331,0,9,8,0,17,257,52,38,1,348,0,0,0,348
04/04/2021,SDF,KY,ASO,CE,Combined TRACON& Tower with Radar,197,29,15,0,241,0,2,6,0,8,197,31,21,0,249,14,0,14,263
04/05/2021,SDF,KY,ASO,CE,Combined TRACON& Tower with Radar,225,25,20,0,270,0,0,5,0,5,225,25,25,0,275,2,0,2,277
04/06/2021,SDF,KY,ASO,CE,Combined TRACON& Tower with Radar,492,42,38,5,577,0,2,8,2,12,492,44,46,7,589,8,0,8,597
04/07/2021,SDF,KY,ASO,CE,Combined TRACON& Tower with Radar,483,44,23,2,552,0,5,9,2,16,483,49,32,4,568,0,0,0,568
04/08/2021,SDF,KY,ASO,CE,Combined TRACON& Tower with Radar,499,72,9,0,580,0,1,0,0,1,499,73,9,0,581,0,0,0,581
04/09/2021,SDF,KY,ASO,CE,Combined TRACON& Tower with Radar,420,46,13,3,482,0,11,4,0,15,420,57,17,3,497,0,0,0,497
04/10/2021,SDF,KY,ASO,CE,Combined TRACON& Tower with Radar,255,32,11,1,299,0,4,0,0,4,255,36,11,1,303,0,0,0,303
04/11/2021,SDF,KY,ASO,CE,Combined TRACON& Tower with Radar,194,26,11,1,232,0,2,2,1,5,194,28,13,2,237,0,0,0,237
04/12/2021,SDF,KY,ASO,CE,Combined TRACON& Tower with Radar,224,47,6,6,283,0,3,3,0,6,224,50,9,6,289,0,0,0,289
04/13/2021,SDF,KY,ASO,CE,Combined TRACON& Tower with Radar,494,38,17,2,551,0,1,10,2,13,494,39,27,4,564,6,0,6,570
04/14/2021,SDF,KY,ASO,CE,Combined TRACON& Tower with Radar,482,44,17,2,545,0,2,4,0,6,482,46,21,2,551,0,0,0,551
04/15/2021,SDF,KY,ASO,CE,Combined TRACON& Tower with Radar,494,48,28,19,589,0,2,4,5,11,494,50,32,24,600,0,0,0,600
04/16/2021,SDF,KY,ASO,CE,Combined TRACON& Tower with Radar,423,45,17,6,491,0,4,8,3,15,423,49,25,9,506,24,0,24,530
04/17/2021,SDF,KY,ASO,CE,Combined TRACON& Tower with Radar,251,34,16,24,325,1,7,12,10,30,252,41,28,34,355,0,0,0,355
04/18/2021,SDF,KY,ASO,CE,Combined TRACON& Tower with Radar,206,29,14,9,258,0,2,8,0,10,206,31,22,9,268,0,0,0,268
04/19/2021,SDF,KY,ASO,CE,Combined TRACON& Tower with Radar,221,34,14,0,269,0,5,7,0,12,221,39,21,0,281,0,0,0,281
04/20/2021,SDF,KY,ASO,CE,Combined TRACON& Tower with Radar,481,49,14,0,544,0,5,6,0,11,481,54,20,0,555,0,0,0,555
04/21/2021,SDF,KY,ASO,CE,Combined TRACON& Tower with Radar,492,35,27,2,556,0,6,14,0,20,492,41,41,2,576,36,0,36,612
04/22/2021,SDF,KY,ASO,CE,Combined TRACON& Tower with Radar,489,44,19,23,575,0,0,12,4,16,489,44,31,27,591,37,0,37,628
04/23/2021,SDF,KY,ASO,CE,Combined TRACON& Tower with Radar,429,42,13,9,493,0,10,19,0,29,429,52,32,9,522,0,0,0,522
04/24/2021,SDF,KY,ASO,CE,Combined TRACON& Tower with Radar,245,31,3,3,282,0,0,0,1,1,245,31,3,4,283,0,0,0,283
04/25/2021,SDF,KY,ASO,CE,Combined TRACON& Tower with Radar,202,31,16,5,254,0,7,2,1,10,202,38,18,6,264,0,0,0,264
04/26/2021,SDF,KY,ASO,CE,Combined TRACON& Tower with Radar,224,24,20,3,271,0,2,20,1,23,224,26,40,4,294,12,0,12,306
04/27/2021,SDF,KY,ASO,CE,Combined TRACON& Tower with Radar,501,41,16,7,565,0,3,7,1,11,501,44,23,8,576,0,0,0,576
04/28/2021,SDF,KY,ASO,CE,Combined TRACON& Tower with Radar,488,60,17,2,567,0,5,1,1,7,488,65,18,3,574,0,0,0,574
04/29/2021,SDF,KY,ASO,CE,Combined TRACON& Tower with Radar,523,123,118,7,771,0,1,4,1,6,523,124,122,8,777,0,0,0,777
04/30/2021,SDF,KY,ASO,CE,Combined TRACON& Tower with Radar,425,76,64,4,569,0,11,9,0,20,425,87,73,4,589,8,0,8,597
05/01/2021,SDF,KY,ASO,CE,Combined TRACON& Tower with Radar,249,107,93,5,454,0,13,12,1,26,249,120,105,6,480,0,0,0,480
05/02/2021,SDF,KY,ASO,CE,Combined TRACON& Tower with Radar,209,126,132,2,469,0,1,2,0,3,209,127,134,2,472,0,0,0,472
05/03/2021,SDF,KY,ASO,CE,Combined TRACON& Tower with Radar,222,44,20,2,288,0,0,2,0,2,222,44,22,2,290,0,0,0,290
05/04/2021,SDF,KY,ASO,CE,Combined TRACON& Tower with Radar,506,40,7,6,559,0,3,1,5,9,506,43,8,11,568,0,0,0,568
05/05/2021,SDF,KY,ASO,CE,Combined TRACON& Tower with Radar,507,45,18,6,576,0,4,5,2,11,507,49,23,8,587,0,0,0,587
05/06/2021,SDF,KY,ASO,CE,Combined TRACON& Tower with Radar,502,49,27,6,584,0,0,6,2,8,502,49,33,8,592,0,0,0,592
05/07/2021,SDF,KY,ASO,CE,Combined TRACON& Tower with Radar,460,51,20,3,534,0,1,9,0,10,460,52,29,3,544,0,0,0,544
05/08/2021,SDF,KY,ASO,CE,Combined TRACON& Tower with Radar,278,40,18,0,336,0,2,6,0,8,278,42,24,0,344,0,0,0,344
05/09/2021,SDF,KY,ASO,CE,Combined TRACON& Tower with Radar,206,32,5,0,243,0,0,0,0,0,206,32,5,0,243,0,0,0,243
05/10/2021,SDF,KY,ASO,CE,Combined TRACON& Tower with Radar,225,35,15,16,291,0,9,3,2,14,225,44,18,18,305,0,0,0,305
05/11/2021,SDF,KY,ASO,CE,Combined TRACON& Tower with Radar,505,40,19,4,568,0,4,7,4,15,505,44,26,8,583,14,0,14,597
05/12/2021,SDF,KY,ASO,CE,Combined TRACON& Tower with Radar,508,45,41,7,601,0,0,8,4,12,508,45,49,11,613,0,0,0,613
05/13/2021,SDF,KY,ASO,CE,Combined TRACON& Tower with Radar,501,44,18,4,567,0,4,2,4,10,501,48,20,8,577,0,0,0,577
05/14/2021,SDF,KY,ASO,CE,Combined TRACON& Tower with Radar,431,54,15,1,501,0,3,8,0,11,431,57,23,1,512,10,0,10,522
05/15/2021,SDF,KY,ASO,CE,Combined TRACON& Tower with Radar,235,38,17,10,300,0,5,14,8,27,235,43,31,18,327,20,0,20,347
05/16/2021,SDF,KY,ASO,CE,Combined TRACON& Tower with Radar,188,34,12,9,243,0,2,4,1,7,188,36,16,10,250,0,0,0,250
05/17/2021,SDF,KY,ASO,CE,Combined TRACON& Tower with Radar,228,34,9,4,275,0,2,4,0,6,228,36,13,4,281,0,0,0,281
05/18/2021,SDF,KY,ASO,CE,Combined TRACON& Tower with Radar,510,48,32,5,595,0,4,5,2,11,510,52,37,7,606,0,0,0,606
05/19/2021,SDF,KY,ASO,CE,Combined TRACON& Tower with Radar,495,61,36,5,597,0,4,16,0,20,495,65,52,5,617,9,0,9,626
05/20/2021,SDF,KY,ASO,CE,Combined TRACON& Tower with Radar,504,51,13,18,586,0,10,9,5,24,504,61,22,23,610,0,0,0,610
05/21/2021,SDF,KY,ASO,CE,Combined TRACON& Tower with Radar,425,48,13,8,494,0,7,7,1,15,425,55,20,9,509,0,0,0,509
05/22/2021,SDF,KY,ASO,CE,Combined TRACON& Tower with Radar,243,42,8,20,313,0,5,9,5,19,243,47,17,25,332,0,0,0,332
05/23/2021,SDF,KY,ASO,CE,Combined TRACON& Tower with Radar,205,28,22,3,258,0,9,5,2,16,205,37,27,5,274,0,0,0,274
05/24/2021,SDF,KY,ASO,CE,Combined TRACON& Tower with Radar,228,27,17,9,281,0,3,8,3,14,228,30,25,12,295,0,0,0,295
05/25/2021,SDF,KY,ASO,CE,Combined TRACON& Tower with Radar,506,46,30,4,586,0,4,4,3,11,506,50,34,7,597,0,0,0,597
05/26/2021,SDF,KY,ASO,CE,Combined TRACON& Tower with Radar,487,34,27,4,552,0,2,4,0,6,487,36,31,4,558,0,0,0,558
05/27/2021,SDF,KY,ASO,CE,Combined TRACON& Tower with Radar,517,54,24,8,603,0,0,6,3,9,517,54,30,11,612,4,0,4,616
05/28/2021,SDF,KY,ASO,CE,Combined TRACON& Tower with Radar,444,48,10,0,502,0,2,4,0,6,444,50,14,0,508,0,0,0,508
05/29/2021,SDF,KY,ASO,CE,Combined TRACON& Tower with Radar,276,39,20,0,335,0,2,0,0,2,276,41,20,0,337,0,0,0,337
05/30/2021,SDF,KY,ASO,CE,Combined TRACON& Tower with Radar,178,20,12,0,210,0,2,12,2,16,178,22,24,2,226,22,0,22,248
05/31/2021,SDF,KY,ASO,CE,Combined TRACON& Tower with Radar,162,26,7,0,195,0,9,10,0,19,162,35,17,0,214,0,0,0,214
06/01/2021,SDF,KY,ASO,CE,Combined TRACON& Tower with Radar,326,47,18,0,391,0,4,6,0,10,326,51,24,0,401,0,0,0,401
06/02/2021,SDF,KY,ASO,CE,Combined TRACON& Tower with Radar,531,45,17,6,599,0,0,2,0,2,531,45,19,6,601,0,0,0,601
06/03/2021,SDF,KY,ASO,CE,Combined TRACON& Tower with Radar,536,46,23,1,606,0,6,0,1,7,536,52,23,2,613,0,0,0,613
06/04/2021,SDF,KY,ASO,CE,Combined TRACON& Tower with Radar,476,60,15,7,558,0,5,4,0,9,476,65,19,7,567,0,0,0,567
06/05/2021,SDF,KY,ASO,CE,Combined TRACON& Tower with Radar,270,57,24,0,351,0,4,8,1,13,270,61,32,1,364,0,0,0,364
06/06/2021,SDF,KY,ASO,CE,Combined TRACON& Tower with Radar,222,33,25,7,287,0,4,2,1,7,222,37,27,8,294,0,0,0,294
06/07/2021,SDF,KY,ASO,CE,Combined TRACON& Tower with Radar,258,37,15,0,310,0,1,9,0,10,258,38,24,0,320,0,0,0,320
06/08/2021,SDF,KY,ASO,CE,Combined TRACON& Tower with Radar,533,57,27,2,619,0,3,2,0,5,533,60,29,2,624,6,0,6,630
06/09/2021,SDF,KY,ASO,CE,Combined TRACON& Tower with Radar,520,46,24,4,594,0,0,6,0,6,520,46,30,4,600,0,0,0,600
06/10/2021,SDF,KY,ASO,CE,Combined TRACON& Tower with Radar,536,41,27,2,606,0,1,3,0,4,536,42,30,2,610,0,0,0,610
06/11/2021,SDF,KY,ASO,CE,Combined TRACON& Tower with Radar,462,49,17,9,537,0,2,3,6,11,462,51,20,15,548,0,0,0,548
06/12/2021,SDF,KY,ASO,CE,Combined TRACON& Tower with Radar,285,55,20,6,366,0,2,13,0,15,285,57,33,6,381,0,0,0,381
06/13/2021,SDF,KY,ASO,CE,Combined TRACON& Tower with Radar,225,38,26,2,291,0,5,1,6,12,225,43,27,8,303,0,0,0,303
06/14/2021,SDF,KY,ASO,CE,Combined TRACON& Tower with Radar,252,34,17,0,303,0,10,0,4,14,252,44,17,4,317,0,0,0,317
06/15/2021,SDF,KY,ASO,CE,Combined TRACON& Tower with Radar,543,60,16,1,620,0,0,6,0,6,543,60,22,1,626,0,0,0,626
06/16/2021,SDF,KY,ASO,CE,Combined TRACON& Tower with Radar,526,54,20,3,603,0,6,6,0,12,526,60,26,3,615,2,0,2,617
06/17/2021,SDF,KY,ASO,CE,Combined TRACON& Tower with Radar,530,59,34,0,623,0,4,9,4,17,530,63,43,4,640,24,0,24,664
06/18/2021,SDF,KY,ASO,CE,Combined TRACON& Tower with Radar,462,53,33,6,554,0,8,1,0,9,462,61,34,6,563,0,0,0,563
06/19/2021,SDF,KY,ASO,CE,Combined TRACON& Tower with Radar,280,36,16,0,332,0,5,7,0,12,280,41,23,0,344,0,0,0,344
06/20/2021,SDF,KY,ASO,CE,Combined TRACON& Tower with Radar,231,28,10,1,270,0,3,5,0,8,231,31,15,1,278,6,0,6,284
06/21/2021,SDF,KY,ASO,CE,Combined TRACON& Tower with Radar,256,36,29,4,325,0,0,3,0,3,256,36,32,4,328,0,0,0,328
06/22/2021,SDF,KY,ASO,CE,Combined TRACON& Tower with Radar,546,54,38,0,638,0,3,13,5,21,546,57,51,5,659,0,0,0,659
06/23/2021,SDF,KY,ASO,CE,Combined TRACON& Tower with Radar,543,43,33,3,622,0,5,5,1,11,543,48,38,4,633,0,0,0,633
06/24/2021,SDF,KY,ASO,CE,Combined TRACON& Tower with Radar,526,47,37,15,625,0,3,8,10,21,526,50,45,25,646,0,0,0,646
06/25/2021,SDF,KY,ASO,CE,Combined TRACON& Tower with Radar,470,65,21,6,562,0,5,6,0,11,470,70,27,6,573,0,0,0,573
06/26/2021,SDF,KY,ASO,CE,Combined TRACON& Tower with Radar,283,42,24,0,349,0,4,5,0,9,283,46,29,0,358,7,0,7,365
06/27/2021,SDF,KY,ASO,CE,Combined TRACON& Tower with Radar,230,28,14,3,275,0,9,11,0,20,230,37,25,3,295,4,0,4,299
06/28/2021,SDF,KY,ASO,CE,Combined TRACON& Tower with Radar,260,37,24,2,323,0,2,11,0,13,260,39,35,2,336,0,0,0,336
06/29/2021,SDF,KY,ASO,CE,Combined TRACON& Tower with Radar,541,48,19,2,610,0,5,1,2,8,541,53,20,4,618,0,0,0,618
06/30/2021,SDF,KY,ASO,CE,Combined TRACON& Tower with Radar,526,49,25,2,602,0,5,2,0,7,526,54,27,2,609,0,0,0,609
07/01/2021,SDF,KY,ASO,CE,Combined TRACON& Tower with Radar,544,55,17,2,618,0,0,7,0,7,544,55,24,2,625,12,0,12,637
07/02/2021,SDF,KY,ASO,CE,Combined TRACON& Tower with Radar,456,58,18,0,532,0,2,3,0,5,456,60,21,0,537,0,0,0,537
07/03/2021,SDF,KY,ASO,CE,Combined TRACON& Tower with Radar,294,45,11,0,350,0,3,14,0,17,294,48,25,0,367,0,0,0,367
07/04/2021,SDF,KY,ASO,CE,Combined TRACON& Tower with Radar,214,21,5,0,240,0,4,4,0,8,214,25,9,0,248,0,0,0,248
07/05/2021,SDF,KY,ASO,CE,Combined TRACON& Tower with Radar,179,30,17,0,226,0,2,5,0,7,179,32,22,0,233,0,0,0,233
07/06/2021,SDF,KY,ASO,CE,Combined TRACON& Tower with Radar,338,34,26,2,400,0,1,3,0,4,338,35,29,2,404,0,0,0,404
07/07/2021,SDF,KY,ASO,CE,Combined TRACON& Tower with Radar,534,52,22,5,613,0,3,5,2,10,534,55,27,7,623,0,0,0,623
07/08/2021,SDF,KY,ASO,CE,Combined TRACON& Tower with Radar,551,63,27,6,647,0,2,5,0,7,551,65,32,6,654,0,0,0,654
07/09/2021,SDF,KY,ASO,CE,Combined TRACON& Tower with Radar,462,63,20,12,557,0,5,8,0,13,462,68,28,12,570,0,0,0,570
07/10/2021,SDF,KY,ASO,CE,Combined TRACON& Tower with Radar,286,57,21,2,366,0,0,1,0,1,286,57,22,2,367,0,0,0,367
07/11/2021,SDF,KY,ASO,CE,Combined TRACON& Tower with Radar,235,31,17,1,284,0,1,3,0,4,235,32,20,1,288,0,0,0,288
07/12/2021,SDF,KY,ASO,CE,Combined TRACON& Tower with Radar,259,35,22,3,319,0,2,2,0,4,259,37,24,3,323,0,0,0,323
07/13/2021,SDF,KY,ASO,CE,Combined TRACON& Tower with Radar,546,56,29,8,639,0,2,0,10,12,546,58,29,18,651,0,0,0,651
07/14/2021,SDF,KY,ASO,CE,Combined TRACON& Tower with Radar,524,57,27,4,612,0,5,7,3,15,524,62,34,7,627,0,0,0,627
07/15/2021,SDF,KY,ASO,CE,Combined TRACON& Tower with Radar,521,60,26,5,612,0,2,6,3,11,521,62,32,8,623,0,0,0,623
07/16/2021,SDF,KY,ASO,CE,Combined TRACON& Tower with Radar,446,56,20,2,524,0,2,5,1,8,446,58,25,3,532,0,0,0,532
07/17/2021,SDF,KY,ASO,CE,Combined TRACON& Tower with Radar,301,53,16,1,371,0,8,3,0,11,301,61,19,1,382,0,0,0,382
07/18/2021,SDF,KY,ASO,CE,Combined TRACON& Tower with Radar,244,34,24,0,302,0,7,6,0,13,244,41,30,0,315,0,0,0,315
07/19/2021,SDF,KY,ASO,CE,Combined TRACON& Tower with Radar,265,44,19,6,334,0,5,12,2,19,265,49,31,8,353,0,0,0,353
07/20/2021,SDF,KY,ASO,CE,Combined TRACON& Tower with Radar,542,60,20,12,634,0,7,12,3,22,542,67,32,15,656,14,0,14,670
07/21/2021,SDF,KY,ASO,CE,Combined TRACON& Tower with Radar,529,63,17,8,617,0,3,6,2,11,529,66,23,10,628,0,0,0,628
07/22/2021,SDF,KY,ASO,CE,Combined TRACON& Tower with Radar,540,63,27,9,639,0,4,3,2,9,540,67,30,11,648,0,0,0,648
07/23/2021,SDF,KY,ASO,CE,Combined TRACON& Tower with Radar,455,53,16,10,534,0,6,3,3,12,455,59,19,13,546,0,0,0,546
07/24/2021,SDF,KY,ASO,CE,Combined TRACON& Tower with Radar,286,55,13,4,358,0,4,8,1,13,286,59,21,5,371,12,0,12,383
07/25/2021,SDF,KY,ASO,CE,Combined TRACON& Tower with Radar,247,35,19,6,307,0,1,5,2,8,247,36,24,8,315,0,0,0,315
07/26/2021,SDF,KY,ASO,CE,Combined TRACON& Tower with Radar,256,37,24,1,318,0,6,7,0,13,256,43,31,1,331,0,0,0,331
07/27/2021,SDF,KY,ASO,CE,Combined TRACON& Tower with Radar,532,43,19,9,603,0,4,2,3,9,532,47,21,12,612,0,0,0,612
07/28/2021,SDF,KY,ASO,CE,Combined TRACON& Tower with Radar,525,55,20,5,605,0,2,7,10,19,525,57,27,15,624,0,0,0,624
07/29/2021,SDF,KY,ASO,CE,Combined TRACON& Tower with Radar,528,61,27,3,619,0,2,6,1,9,528,63,33,4,628,0,0,0,628
07/30/2021,SDF,KY,ASO,CE,Combined TRACON& Tower with Radar,471,56,49,8,584,0,5,11,2,18,471,61,60,10,602,10,0,10,612
07/31/2021,SDF,KY,ASO,CE,Combined TRACON& Tower with Radar,283,47,8,2,340,0,2,3,0,5,283,49,11,2,345,0,0,0,345
08/01/2021,SDF,KY,ASO,CE,Combined TRACON& Tower with Radar,236,37,21,6,300,0,1,5,0,6,236,38,26,6,306,0,0,0,306
08/02/2021,SDF,KY,ASO,CE,Combined TRACON& Tower with Radar,248,40,20,2,310,0,5,13,0,18,248,45,33,2,328,3,0,3,331
08/03/2021,SDF,KY,ASO,CE,Combined TRACON& Tower with Radar,525,54,20,7,606,0,4,8,4,16,525,58,28,11,622,0,0,0,622
08/04/2021,SDF,KY,ASO,CE,Combined TRACON& Tower with Radar,520,55,17,25,617,0,5,18,7,30,520,60,35,32,647,0,0,0,647
08/05/2021,SDF,KY,ASO,CE,Combined TRACON& Tower with Radar,510,63,31,4,608,0,6,8,2,16,510,69,39,6,624,4,0,4,628
08/06/2021,SDF,KY,ASO,CE,Combined TRACON& Tower with Radar,455,43,16,11,525,0,2,7,0,9,455,45,23,11,534,0,0,0,534
08/07/2021,SDF,KY,ASO,CE,Combined TRACON& Tower with Radar,276,41,20,7,344,0,12,8,0,20,276,53,28,7,364,0,0,0,364
08/08/2021,SDF,KY,ASO,CE,Combined TRACON& Tower with Radar,226,36,31,13,306,0,6,3,3,12,226,42,34,16,318,10,0,10,328
08/09/2021,SDF,KY,ASO,CE,Combined TRACON& Tower with Radar,267,33,15,2,317,0,2,3,0,5,267,35,18,2,322,0,0,0,322
08/10/2021,SDF,KY,ASO,CE,Combined TRACON& Tower with Radar,530,47,12,1,590,0,2,4,5,11,530,49,16,6,601,0,0,0,601
08/11/2021,SDF,KY,ASO,CE,Combined TRACON& Tower with Radar,529,47,20,11,607,0,2,4,1,7,529,49,24,12,614,0,0,0,614
08/12/2021,SDF,KY,ASO,CE,Combined TRACON& Tower with Radar,534,51,21,2,608,0,4,5,2,11,534,55,26,4,619,0,0,0,619
08/13/2021,SDF,KY,ASO,CE,Combined TRACON& Tower with Radar,460,53,17,23,553,0,0,4,2,6,460,53,21,25,559,0,0,0,559
08/14/2021,SDF,KY,ASO,CE,Combined TRACON& Tower with Radar,280,40,5,2,327,0,4,2,0,6,280,44,7,2,333,0,0,0,333
08/15/2021,SDF,KY,ASO,CE,Combined TRACON& Tower with Radar,238,33,14,11,296,0,2,0,0,2,238,35,14,11,298,0,0,0,298
08/16/2021,SDF,KY,ASO,CE,Combined TRACON& Tower with Radar,269,36,14,2,321,0,4,0,0,4,269,40,14,2,325,0,0,0,325
08/17/2021,SDF,KY,ASO,CE,Combined TRACON& Tower with Radar,528,53,12,6,599,0,0,3,8,11,528,53,15,14,610,0,14,14,624
08/18/2021,SDF,KY,ASO,CE,Combined TRACON& Tower with Radar,520,49,20,3,592,0,0,3,3,6,520,49,23,6,598,0,0,0,598
08/19/2021,SDF,KY,ASO,CE,Combined TRACON& Tower with Radar,530,59,21,0,610,0,3,2,3,8,530,62,23,3,618,0,0,0,618
08/20/2021,SDF,KY,ASO,CE,Combined TRACON& Tower with Radar,458,54,16,22,550,0,3,13,4,20,458,57,29,26,570,0,0,0,570
08/21/2021,SDF,KY,ASO,CE,Combined TRACON& Tower with Radar,290,62,20,12,384,0,4,15,0,19,290,66,35,12,403,0,0,0,403
08/22/2021,SDF,KY,ASO,CE,Combined TRACON& Tower with Radar,243,28,18,9,298,0,0,2,0,2,243,28,20,9,300,0,0,0,300
08/23/2021,SDF,KY,ASO,CE,Combined TRACON& Tower with Radar,264,42,16,3,325,0,2,10,2,14,264,44,26,5,339,0,0,0,339
08/24/2021,SDF,KY,ASO,CE,Combined TRACON& Tower with Radar,532,48,34,1,615,0,7,5,1,13,532,55,39,2,628,0,0,0,628
08/25/2021,SDF,KY,ASO,CE,Combined TRACON& Tower with Radar,534,63,19,0,616,0,2,6,4,12,534,65,25,4,628,0,0,0,628
08/26/2021,SDF,KY,ASO,CE,Combined TRACON& Tower with Radar,531,65,39,3,638,0,6,4,3,13,531,71,43,6,651,0,0,0,651
08/27/2021,SDF,KY,ASO,CE,Combined TRACON& Tower with Radar,452,52,24,3,531,0,6,2,0,8,452,58,26,3,539,0,0,0,539
08/28/2021,SDF,KY,ASO,CE,Combined TRACON& Tower with Radar,286,48,19,8,361,0,1,5,0,6,286,49,24,8,367,0,0,0,367
08/29/2021,SDF,KY,ASO,CE,Combined TRACON& Tower with Radar,234,46,32,2,314,0,10,6,0,16,234,56,38,2,330,12,0,12,342
08/30/2021,SDF,KY,ASO,CE,Combined TRACON& Tower with Radar,255,28,15,0,298,0,0,4,0,4,255,28,19,0,302,0,0,0,302
08/31/2021,SDF,KY,ASO,CE,Combined TRACON& Tower with Radar,535,53,22,3,613,0,0,0,0,0,535,53,22,3,613,0,0,0,613
09/01/2021,SDF,KY,ASO,CE,Combined TRACON& Tower with Radar,509,50,27,2,588,0,4,9,1,14,509,54,36,3,602,0,0,0,602
09/02/2021,SDF,KY,ASO,CE,Combined TRACON& Tower with Radar,529,50,20,8,607,0,3,2,3,8,529,53,22,11,615,0,0,0,615
09/03/2021,SDF,KY,ASO,CE,Combined TRACON& Tower with Radar,459,65,19,2,545,0,8,6,0,14,459,73,25,2,559,0,0,0,559
09/04/2021,SDF,KY,ASO,CE,Combined TRACON& Tower with Radar,293,45,5,0,343,0,6,7,0,13,293,51,12,0,356,0,0,0,356
09/05/2021,SDF,KY,ASO,CE,Combined TRACON& Tower with Radar,206,23,11,2,242,0,4,2,0,6,206,27,13,2,248,0,0,0,248
09/06/2021,SDF,KY,ASO,CE,Combined TRACON& Tower with Radar,177,27,16,0,220,0,2,10,0,12,177,29,26,0,232,0,0,0,232
09/07/2021,SDF,KY,ASO,CE,Combined TRACON& Tower with Radar,326,34,18,4,382,0,5,7,0,12,326,39,25,4,394,0,0,0,394
09/08/2021,SDF,KY,ASO,CE,Combined TRACON& Tower with Radar,555,57,27,10,649,0,4,2,0,6,555,61,29,10,655,0,0,0,655
09/09/2021,SDF,KY,ASO,CE,Combined TRACON& Tower with Radar,549,58,19,0,626,0,0,13,0,13,549,58,32,0,639,0,0,0,639
09/10/2021,SDF,KY,ASO,CE,Combined TRACON& Tower with Radar,472,67,16,14,569,0,11,4,14,29,472,78,20,28,598,0,0,0,598
09/11/2021,SDF,KY,ASO,CE,Combined TRACON& Tower with Radar,281,57,9,4,351,0,0,6,4,10,281,57,15,8,361,0,0,0,361
09/12/2021,SDF,KY,ASO,CE,Combined TRACON& Tower with Radar,235,31,11,2,279,0,6,5,1,12,235,37,16,3,291,0,0,0,291
09/13/2021,SDF,KY,ASO,CE,Combined TRACON& Tower with Radar,258,40,13,5,316,0,0,2,1,3,258,40,15,6,319,0,0,0,319
09/14/2021,SDF,KY,ASO,CE,Combined TRACON& Tower with Radar,548,46,22,1,617,0,3,2,0,5,548,49,24,1,622,0,0,0,622
09/15/2021,SDF,KY,ASO,CE,Combined TRACON& Tower with Radar,522,57,22,3,604,0,2,6,0,8,522,59,28,3,612,0,0,0,612
09/16/2021,SDF,KY,ASO,CE,Combined TRACON& Tower with Radar,545,59,20,2,626,0,1,2,0,3,545,60,22,2,629,0,0,0,629
09/17/2021,SDF,KY,ASO,CE,Combined TRACON& Tower with Radar,477,59,18,3,557,1,4,7,1,13,478,63,25,4,570,0,0,0,570
09/18/2021,SDF,KY,ASO,CE,Combined TRACON& Tower with Radar,290,44,7,4,345,0,8,6,0,14,290,52,13,4,359,0,0,0,359
09/19/2021,SDF,KY,ASO,CE,Combined TRACON& Tower with Radar,238,28,18,2,286,0,5,4,0,9,238,33,22,2,295,0,0,0,295
09/20/2021,SDF,KY,ASO,CE,Combined TRACON& Tower with Radar,268,31,18,1,318,0,0,0,0,0,268,31,18,1,318,0,0,0,318
09/21/2021,SDF,KY,ASO,CE,Combined TRACON& Tower with Radar,530,50,24,0,604,0,6,0,0,6,530,56,24,0,610,0,0,0,610
09/22/2021,SDF,KY,ASO,CE,Combined TRACON& Tower with Radar,525,49,22,1,597,0,0,1,0,1,525,49,23,1,598,0,0,0,598
09/23/2021,SDF,KY,ASO,CE,Combined TRACON& Tower with Radar,551,72,30,6,659,0,2,16,2,20,551,74,46,8,679,0,0,0,679
09/24/2021,SDF,KY,ASO,CE,Combined TRACON& Tower with Radar,474,60,31,2,567,0,3,13,3,19,474,63,44,5,586,0,0,0,586
09/25/2021,SDF,KY,ASO,CE,Combined TRACON& Tower with Radar,292,50,10,4,356,0,6,17,0,23,292,56,27,4,379,0,0,0,379
09/26/2021,SDF,KY,ASO,CE,Combined TRACON& Tower with Radar,242,38,34,2,316,0,2,8,0,10,242,40,42,2,326,0,0,0,326
09/27/2021,SDF,KY,ASO,CE,Combined TRACON& Tower with Radar,262,48,29,0,339,0,7,3,2,12,262,55,32,2,351,0,0,0,351
09/28/2021,SDF,KY,ASO,CE,Combined TRACON& Tower with Radar,539,79,50,1,669,0,3,4,2,9,539,82,54,3,678,0,0,0,678
09/29/2021,SDF,KY,ASO,CE,Combined TRACON& Tower with Radar,526,85,45,4,660,0,3,6,1,10,526,88,51,5,670,0,0,0,670
09/30/2021,SDF,KY,ASO,CE,Combined TRACON& Tower with Radar,544,67,31,2,644,0,1,4,2,7,544,68,35,4,651,0,0,0,651
10/01/2021,SDF,KY,ASO,CE,Combined TRACON& Tower with Radar,466,65,33,0,564,0,9,7,0,16,466,74,40,0,580,0,0,0,580
10/02/2021,SDF,KY,ASO,CE,Combined TRACON& Tower with Radar,279,55,15,2,351,0,6,8,0,14,279,61,23,2,365,0,0,0,365
10/03/2021,SDF,KY,ASO,CE,Combined TRACON& Tower with Radar,244,49,26,0,319,0,0,1,0,1,244,49,27,0,320,0,0,0,320
10/04/2021,SDF,KY,ASO,CE,Combined TRACON& Tower with Radar,250,38,25,3,316,0,6,8,0,14,250,44,33,3,330,0,0,0,330
10/05/2021,SDF,KY,ASO,CE,Combined TRACON& Tower with Radar,551,56,29,3,639,0,5,2,0,7,551,61,31,3,646,0,0,0,646
10/06/2021,SDF,KY,ASO,CE,Combined TRACON& Tower with Radar,525,54,38,2,619,0,1,3,0,4,525,55,41,2,623,0,0,0,623
10/07/2021,SDF,KY,ASO,CE,Combined TRACON& Tower with Radar,550,69,16,0,635,0,1,2,0,3,550,70,18,0,638,0,0,0,638
10/08/2021,SDF,KY,ASO,CE,Combined TRACON& Tower with Radar,457,82,23,2,564,0,2,1,0,3,457,84,24,2,567,0,0,0,567
10/09/2021,SDF,KY,ASO,CE,Combined TRACON& Tower with Radar,288,47,20,0,355,0,6,13,0,19,288,53,33,0,374,0,0,0,374
10/10/2021,SDF,KY,ASO,CE,Combined TRACON& Tower with Radar,220,41,24,2,287,0,2,6,0,8,220,43,30,2,295,0,0,0,295
10/11/2021,SDF,KY,ASO,CE,Combined TRACON& Tower with Radar,258,42,29,0,329,0,2,0,0,2,258,44,29,0,331,0,0,0,331
10/12/2021,SDF,KY,ASO,CE,Combined TRACON& Tower with Radar,550,65,27,4,646,0,4,0,0,4,550,69,27,4,650,0,0,0,650
10/13/2021,SDF,KY,ASO,CE,Combined TRACON& Tower with Radar,540,72,39,0,651,0,7,2,0,9,540,79,41,0,660,0,0,0,660
10/14/2021,SDF,KY,ASO,CE,Combined TRACON& Tower with Radar,541,63,24,2,630,0,0,4,0,4,541,63,28,2,634,0,0,0,634
10/15/2021,SDF,KY,ASO,CE,Combined TRACON& Tower with Radar,467,52,16,3,538,0,2,0,0,2,467,54,16,3,540,0,0,0,540
10/16/2021,SDF,KY,ASO,CE,Combined TRACON& Tower with Radar,299,48,14,0,361,0,8,7,0,15,299,56,21,0,376,0,0,0,376
10/17/2021,SDF,KY,ASO,CE,Combined TRACON& Tower with Radar,235,44,8,3,290,0,0,4,0,4,235,44,12,3,294,0,0,0,294
10/18/2021,SDF,KY,ASO,CE,Combined TRACON& Tower with Radar,264,47,17,4,332,0,8,8,0,16,264,55,25,4,348,0,0,0,348
10/19/2021,SDF,KY,ASO,CE,Combined TRACON& Tower with Radar,554,61,33,0,648,0,0,4,2,6,554,61,37,2,654,0,0,0,654
10/20/2021,SDF,KY,ASO,CE,Combined TRACON& Tower with Radar,534,63,36,1,634,0,5,6,4,15,534,68,42,5,649,0,0,0,649
10/21/2021,SDF,KY,ASO,CE,Combined TRACON& Tower with Radar,554,62,49,9,674,0,5,2,1,8,554,67,51,10,682,0,0,0,682
10/22/2021,SDF,KY,ASO,CE,Combined TRACON& Tower with Radar,457,70,29,12,568,0,2,4,2,8,457,72,33,14,576,0,0,0,576
10/23/2021,SDF,KY,ASO,CE,Combined TRACON& Tower with Radar,291,49,9,6,355,0,1,6,0,7,291,50,15,6,362,0,0,0,362
10/24/2021,SDF,KY,ASO,CE,Combined TRACON& Tower with Radar,237,37,17,5,296,0,2,2,0,4,237,39,19,5,300,0,0,0,300
10/25/2021,SDF,KY,ASO,CE,Combined TRACON& Tower with Radar,261,32,16,2,311,0,4,0,0,4,261,36,16,2,315,0,0,0,315
10/26/2021,SDF,KY,ASO,CE,Combined TRACON& Tower with Radar,554,56,18,1,629,0,0,4,3,7,554,56,22,4,636,16,0,16,652
10/27/2021,SDF,KY,ASO,CE,Combined TRACON& Tower with Radar,543,69,27,3,642,0,6,11,4,21,543,75,38,7,663,6,0,6,669
10/28/2021,SDF,KY,ASO,CE,Combined TRACON& Tower with Radar,535,46,30,3,614,0,1,4,2,7,535,47,34,5,621,0,0,0,621
10/29/2021,SDF,KY,ASO,CE,Combined TRACON& Tower with Radar,486,51,35,3,575,0,2,0,0,2,486,53,35,3,577,0,0,0,577
10/30/2021,SDF,KY,ASO,CE,Combined TRACON& Tower with Radar,278,42,13,1,334,0,0,0,0,0,278,42,13,1,334,0,0,0,334
10/31/2021,SDF,KY,ASO,CE,Combined TRACON& Tower with Radar,225,29,17,0,271,0,2,5,0,7,225,31,22,0,278,0,0,0,278
11/01/2021,SDF,KY,ASO,CE,Combined TRACON& Tower with Radar,259,39,21,5,324,0,4,0,0,4,259,43,21,5,328,0,0,0,328
11/02/2021,SDF,KY,ASO,CE,Combined TRACON& Tower with Radar,538,39,23,2,602,0,0,1,0,1,538,39,24,2,603,0,0,0,603
11/03/2021,SDF,KY,ASO,CE,Combined TRACON& Tower with Radar,546,49,29,27,651,0,3,7,3,13,546,52,36,30,664,0,0,0,664
11/04/2021,SDF,KY,ASO,CE,Combined TRACON& Tower with Radar,554,48,32,6,640,0,1,15,3,19,554,49,47,9,659,18,0,18,677
11/05/2021,SDF,KY,ASO,CE,Combined TRACON& Tower with Radar,479,49,29,20,577,0,2,3,2,7,479,51,32,22,584,0,0,0,584
11/06/2021,SDF,KY,ASO,CE,Combined TRACON& Tower with Radar,285,44,21,11,361,0,3,3,0,6,285,47,24,11,367,0,0,0,367
11/07/2021,SDF,KY,ASO,CE,Combined TRACON& Tower with Radar,247,29,17,1,294,0,7,8,1,16,247,36,25,2,310,0,0,0,310
11/08/2021,SDF,KY,ASO,CE,Combined TRACON& Tower with Radar,275,26,35,2,338,0,2,19,0,21,275,28,54,2,359,36,0,36,395
11/09/2021,SDF,KY,ASO,CE,Combined TRACON& Tower with Radar,543,40,29,1,613,0,4,9,0,13,543,44,38,1,626,0,0,0,626
11/10/2021,SDF,KY,ASO,CE,Combined TRACON& Tower with Radar,542,51,34,2,629,0,10,5,2,17,542,61,39,4,646,0,0,0,646
11/11/2021,SDF,KY,ASO,CE,Combined TRACON& Tower with Radar,574,45,18,0,637,0,2,1,0,3,574,47,19,0,640,0,0,0,640
11/12/2021,SDF,KY,ASO,CE,Combined TRACON& Tower with Radar,479,43,21,0,543,0,4,2,0,6,479,47,23,0,549,4,0,4,553
11/13/2021,SDF,KY,ASO,CE,Combined TRACON& Tower with Radar,287,33,16,0,336,0,2,8,0,10,287,35,24,0,346,0,0,0,346
11/14/2021,SDF,KY,ASO,CE,Combined TRACON& Tower with Radar,255,21,18,0,294,0,4,0,0,4,255,25,18,0,298,0,0,0,298
11/15/2021,SDF,KY,ASO,CE,Combined TRACON& Tower with Radar,271,35,27,0,333,0,8,11,2,21,271,43,38,2,354,0,0,0,354
11/16/2021,SDF,KY,ASO,CE,Combined TRACON& Tower with Radar,556,46,17,5,624,0,8,4,0,12,556,54,21,5,636,0,0,0,636
11/17/2021,SDF,KY,ASO,CE,Combined TRACON& Tower with Radar,554,56,19,2,631,0,4,6,0,10,554,60,25,2,641,0,0,0,641
11/18/2021,SDF,KY,ASO,CE,Combined TRACON& Tower with Radar,584,44,29,9,666,0,3,7,2,12,584,47,36,11,678,0,0,0,678
11/19/2021,SDF,KY,ASO,CE,Combined TRACON& Tower with Radar,499,44,37,6,586,0,5,8,1,14,499,49,45,7,600,2,0,2,602
11/20/2021,SDF,KY,ASO,CE,Combined TRACON& Tower with Radar,299,31,13,4,347,0,3,2,2,7,299,34,15,6,354,0,0,0,354
11/21/2021,SDF,KY,ASO,CE,Combined TRACON& Tower with Radar,276,30,12,0,318,0,0,0,0,0,276,30,12,0,318,0,0,0,318
11/22/2021,SDF,KY,ASO,CE,Combined TRACON& Tower with Radar,322,22,14,2,360,0,3,2,0,5,322,25,16,2,365,0,0,0,365
11/23/2021,SDF,KY,ASO,CE,Combined TRACON& Tower with Radar,665,49,29,2,745,0,2,6,0,8,665,51,35,2,753,0,0,0,753
11/24/2021,SDF,KY,ASO,CE,Combined TRACON& Tower with Radar,633,37,19,0,689,0,2,3,0,5,633,39,22,0,694,0,0,0,694
11/25/2021,SDF,KY,ASO,CE,Combined TRACON& Tower with Radar,229,23,6,0,258,0,0,3,0,3,229,23,9,0,261,0,0,0,261
11/26/2021,SDF,KY,ASO,CE,Combined TRACON& Tower with Radar,351,23,17,0,391,0,2,3,0,5,351,25,20,0,396,0,0,0,396
11/27/2021,SDF,KY,ASO,CE,Combined TRACON& Tower with Radar,329,41,24,0,394,0,1,7,0,8,329,42,31,0,402,0,0,0,402
11/28/2021,SDF,KY,ASO,CE,Combined TRACON& Tower with Radar,304,30,14,0,348,0,4,3,0,7,304,34,17,0,355,0,0,0,355
11/29/2021,SDF,KY,ASO,CE,Combined TRACON& Tower with Radar,385,27,24,0,436,0,6,3,0,9,385,33,27,0,445,0,0,0,445
11/30/2021,SDF,KY,ASO,CE,Combined TRACON& Tower with Radar,636,68,19,0,723,0,5,6,0,11,636,73,25,0,734,0,0,0,734
12/01/2021,SDF,KY,ASO,CE,Combined TRACON& Tower with Radar,625,52,29,2,708,0,3,4,0,7,625,55,33,2,715,0,0,0,715
12/02/2021,SDF,KY,ASO,CE,Combined TRACON& Tower with Radar,659,65,21,0,745,0,8,6,0,14,659,73,27,0,759,12,0,12,771
12/03/2021,SDF,KY,ASO,CE,Combined TRACON& Tower with Radar,551,56,11,2,620,0,4,6,0,10,551,60,17,2,630,0,0,0,630
12/04/2021,SDF,KY,ASO,CE,Combined TRACON& Tower with Radar,308,36,5,5,354,0,2,8,1,11,308,38,13,6,365,0,0,0,365
12/05/2021,SDF,KY,ASO,CE,Combined TRACON& Tower with Radar,289,31,14,4,338,0,0,0,0,0,289,31,14,4,338,0,0,0,338
12/06/2021,SDF,KY,ASO,CE,Combined TRACON& Tower with Radar,356,28,27,0,411,0,1,1,0,2,356,29,28,0,413,0,0,0,413
12/07/2021,SDF,KY,ASO,CE,Combined TRACON& Tower with Radar,628,59,27,0,714,0,1,2,0,3,628,60,29,0,717,0,0,0,717
12/08/2021,SDF,KY,ASO,CE,Combined TRACON& Tower with Radar,624,48,26,2,700,0,1,5,1,7,624,49,31,3,707,0,0,0,707
12/09/2021,SDF,KY,ASO,CE,Combined TRACON& Tower with Radar,635,52,27,1,715,0,3,7,0,10,635,55,34,1,725,0,0,0,725
12/10/2021,SDF,KY,ASO,CE,Combined TRACON& Tower with Radar,544,42,29,3,618,0,0,0,0,0,544,42,29,3,618,0,0,0,618
12/11/2021,SDF,KY,ASO,CE,Combined TRACON& Tower with Radar,307,42,7,0,356,0,5,1,0,6,307,47,8,0,362,0,0,0,362
12/12/2021,SDF,KY,ASO,CE,Combined TRACON& Tower with Radar,292,25,13,1,331,0,2,5,0,7,292,27,18,1,338,0,0,0,338
12/13/2021,SDF,KY,ASO,CE,Combined TRACON& Tower with Radar,372,33,18,4,427,0,2,5,0,7,372,35,23,4,434,0,0,0,434
12/14/2021,SDF,KY,ASO,CE,Combined TRACON& Tower with Radar,666,49,27,4,746,0,2,12,3,17,666,51,39,7,763,0,0,0,763
12/15/2021,SDF,KY,ASO,CE,Combined TRACON& Tower with Radar,670,52,43,5,770,0,5,3,3,11,670,57,46,8,781,0,0,0,781
12/16/2021,SDF,KY,ASO,CE,Combined TRACON& Tower with Radar,705,35,22,2,764,0,2,6,0,8,705,37,28,2,772,0,0,0,772
12/17/2021,SDF,KY,ASO,CE,Combined TRACON& Tower with Radar,675,43,31,3,752,0,3,4,0,7,675,46,35,3,759,0,0,0,759
12/18/2021,SDF,KY,ASO,CE,Combined TRACON& Tower with Radar,611,38,8,2,659,0,0,0,0,0,611,38,8,2,659,0,0,0,659
12/19/2021,SDF,KY,ASO,CE,Combined TRACON& Tower with Radar,574,30,14,1,619,0,1,7,0,8,574,31,21,1,627,0,0,0,627
12/20/2021,SDF,KY,ASO,CE,Combined TRACON& Tower with Radar,414,30,16,2,462,0,12,8,0,20,414,42,24,2,482,0,0,0,482
12/21/2021,SDF,KY,ASO,CE,Combined TRACON& Tower with Radar,688,46,11,2,747,0,4,3,6,13,688,50,14,8,760,0,0,0,760
12/22/2021,SDF,KY,ASO,CE,Combined TRACON& Tower with Radar,689,37,19,0,745,0,2,5,0,7,689,39,24,0,752,0,0,0,752
12/23/2021,SDF,KY,ASO,CE,Combined TRACON& Tower with Radar,685,46,13,0,744,0,3,11,0,14,685,49,24,0,758,0,0,0,758
12/24/2021,SDF,KY,ASO,CE,Combined TRACON& Tower with Radar,529,35,7,0,571,0,5,7,0,12,529,40,14,0,583,10,0,10,593
12/25/2021,SDF,KY,ASO,CE,Combined TRACON& Tower with Radar,167,8,6,0,181,0,5,1,0,6,167,13,7,0,187,0,0,0,187
12/26/2021,SDF,KY,ASO,CE,Combined TRACON& Tower with Radar,188,25,27,0,240,0,7,3,0,10,188,32,30,0,250,0,0,0,250
12/27/2021,SDF,KY,ASO,CE,Combined TRACON& Tower with Radar,269,26,11,0,306,0,6,3,0,9,269,32,14,0,315,0,0,0,315
12/28/2021,SDF,KY,ASO,CE,Combined TRACON& Tower with Radar,563,45,19,0,627,0,0,0,0,0,563,45,19,0,627,0,0,0,627
12/29/2021,SDF,KY,ASO,CE,Combined TRACON& Tower with Radar,542,34,6,0,582,0,2,4,0,6,542,36,10,0,588,0,0,0,588
12/30/2021,SDF,KY,ASO,CE,Combined TRACON& Tower with Radar,543,36,6,0,585,0,0,0,0,0,543,36,6,0,585,0,0,0,585
12/31/2021,SDF,KY,ASO,CE,Combined TRACON& Tower with Radar,430,37,10,0,477,0,4,2,0,6,430,41,12,0,483,0,0,0,483
01/01/2022,SDF,KY,ASO,CE,Combined TRACON& Tower with Radar,158,15,12,0,185,0,0,0,0,0,158,15,12,0,185,0,0,0,185
01/02/2022,SDF,KY,ASO,CE,Combined TRACON& Tower with Radar,203,19,19,0,241,0,0,0,0,0,203,19,19,0,241,0,0,0,241
01/03/2022,SDF,KY,ASO,CE,Combined TRACON& Tower with Radar,239,14,17,0,270,0,1,2,0,3,239,15,19,0,273,0,0,0,273
01/04/2022,SDF,KY,ASO,CE,Combined TRACON& Tower with Radar,517,41,15,0,573,0,8,1,0,9,517,49,16,0,582,0,0,0,582
01/05/2022,SDF,KY,ASO,CE,Combined TRACON& Tower with Radar,502,49,16,1,568,0,3,2,5,10,502,52,18,6,578,0,0,0,578
01/06/2022,SDF,KY,ASO,CE,Combined TRACON& Tower with Radar,490,52,7,9,558,0,3,0,0,3,490,55,7,9,561,0,0,0,561
01/07/2022,SDF,KY,ASO,CE,Combined TRACON& Tower with Radar,441,44,8,4,497,0,1,7,0,8,441,45,15,4,505,0,0,0,505
01/08/2022,SDF,KY,ASO,CE,Combined TRACON& Tower with Radar,263,33,7,2,305,0,0,0,0,0,263,33,7,2,305,0,0,0,305
01/09/2022,SDF,KY,ASO,CE,Combined TRACON& Tower with Radar,240,26,12,0,278,0,0,0,0,0,240,26,12,0,278,0,0,0,278
01/10/2022,SDF,KY,ASO,CE,Combined TRACON& Tower with Radar,228,22,32,17,299,0,2,12,3,17,228,24,44,20,316,0,0,0,316
01/11/2022,SDF,KY,ASO,CE,Combined TRACON& Tower with Radar,512,49,48,0,609,0,4,3,0,7,512,53,51,0,616,0,0,0,616
01/12/2022,SDF,KY,ASO,CE,Combined TRACON& Tower with Radar,526,38,15,2,581,0,4,16,1,21,526,42,31,3,602,12,0,12,614
01/13/2022,SDF,KY,ASO,CE,Combined TRACON& Tower with Radar,535,47,29,3,614,0,3,12,1,16,535,50,41,4,630,0,0,0,630
01/14/2022,SDF,KY,ASO,CE,Combined TRACON& Tower with Radar,466,38,14,4,522,0,0,1,0,1,466,38,15,4,523,0,0,0,523
01/15/2022,SDF,KY,ASO,CE,Combined TRACON& Tower with Radar,256,32,17,0,305,0,8,0,0,8,256,40,17,0,313,0,0,0,313
01/16/2022,SDF,KY,ASO,CE,Combined TRACON& Tower with Radar,201,18,13,1,233,0,2,6,0,8,201,20,19,1,241,0,0,0,241
01/17/2022,SDF,KY,ASO,CE,Combined TRACON& Tower with Radar,239,20,20,2,281,0,0,3,0,3,239,20,23,2,284,0,0,0,284
01/18/2022,SDF,KY,ASO,CE,Combined TRACON& Tower with Radar,523,45,17,5,590,0,4,7,1,12,523,49,24,6,602,0,0,0,602
01/19/2022,SDF,KY,ASO,CE,Combined TRACON& Tower with Radar,522,42,13,4,581,0,0,7,0,7,522,42,20,4,588,6,0,6,594
01/20/2022,SDF,KY,ASO,CE,Combined TRACON& Tower with Radar,541,38,13,5,597,0,4,10,0,14,541,42,23,5,611,12,0,12,623
01/21/2022,SDF,KY,ASO,CE,Combined TRACON& Tower with Radar,471,45,22,2,540,0,4,4,2,10,471,49,26,4,550,4,0,4,554
01/22/2022,SDF,KY,ASO,CE,Combined TRACON& Tower with Radar,260,37,5,0,302,0,4,3,1,8,260,41,8,1,310,0,0,0,310
01/23/2022,SDF,KY,ASO,CE,Combined TRACON& Tower with Radar,230,26,12,2,270,0,1,2,0,3,230,27,14,2,273,0,0,0,273
01/24/2022,SDF,KY,ASO,CE,Combined TRACON& Tower with Radar,229,23,14,2,268,0,1,4,0,5,229,24,18,2,273,0,0,0,273
01/25/2022,SDF,KY,ASO,CE,Combined TRACON& Tower with Radar,526,40,12,18,596,0,0,7,0,7,526,40,19,18,603,10,0,10,613
01/26/2022,SDF,KY,ASO,CE,Combined TRACON& Tower with Radar,528,49,22,2,601,0,1,7,2,10,528,50,29,4,611,0,0,0,611
01/27/2022,SDF,KY,ASO,CE,Combined TRACON& Tower with Radar,546,46,23,3,618,0,0,4,2,6,546,46,27,5,624,0,0,0,624
01/28/2022,SDF,KY,ASO,CE,Combined TRACON& Tower with Radar,447,48,17,1,513,0,0,0,0,0,447,48,17,1,513,0,0,0,513
01/29/2022,SDF,KY,ASO,CE,Combined TRACON& Tower with Radar,243,41,17,1,302,0,2,7,0,9,243,43,24,1,311,0,0,0,311
01/30/2022,SDF,KY,ASO,CE,Combined TRACON& Tower with Radar,236,20,19,0,275,0,0,0,0,0,236,20,19,0,275,0,0,0,275
01/31/2022,SDF,KY,ASO,CE,Combined TRACON& Tower with Radar,256,28,16,0,300,0,4,10,0,14,256,32,26,0,314,0,0,0,314
02/01/2022,SDF,KY,ASO,CE,Combined TRACON& Tower with Radar,523,51,18,2,594,0,10,9,2,21,523,61,27,4,615,10,0,10,625
02/02/2022,SDF,KY,ASO,CE,Combined TRACON& Tower with Radar,514,36,25,0,575,0,0,0,0,0,514,36,25,0,575,0,0,0,575
02/03/2022,SDF,KY,ASO,CE,Combined TRACON& Tower with Radar,245,12,1,0,258,0,0,0,0,0,245,12,1,0,258,0,0,0,258
02/04/2022,SDF,KY,ASO,CE,Combined TRACON& Tower with Radar,248,18,15,0,281,0,0,1,0,1,248,18,16,0,282,0,0,0,282
02/05/2022,SDF,KY,ASO,CE,Combined TRACON& Tower with Radar,283,34,14,0,331,0,4,0,0,4,283,38,14,0,335,0,0,0,335
02/06/2022,SDF,KY,ASO,CE,Combined TRACON& Tower with Radar,237,28,17,2,284,0,9,6,0,15,237,37,23,2,299,0,0,0,299
02/07/2022,SDF,KY,ASO,CE,Combined TRACON& Tower with Radar,249,26,12,0,287,0,3,9,0,12,249,29,21,0,299,12,0,12,311
02/08/2022,SDF,KY,ASO,CE,Combined TRACON& Tower with Radar,536,35,21,8,600,0,8,2,2,12,536,43,23,10,612,0,0,0,612
02/09/2022,SDF,KY,ASO,CE,Combined TRACON& Tower with Radar,529,37,28,1,595,0,7,3,3,13,529,44,31,4,608,0,0,0,608
02/10/2022,SDF,KY,ASO,CE,Combined TRACON& Tower with Radar,556,50,30,3,639,0,7,11,1,19,556,57,41,4,658,0,0,0,658
02/11/2022,SDF,KY,ASO,CE,Combined TRACON& Tower with Radar,483,48,20,1,552,0,3,2,2,7,483,51,22,3,559,0,0,0,559
02/12/2022,SDF,KY,ASO,CE,Combined TRACON& Tower with Radar,282,52,11,2,347,0,2,0,2,4,282,54,11,4,351,0,0,0,351
02/13/2022,SDF,KY,ASO,CE,Combined TRACON& Tower with Radar,237,27,21,3,288,0,0,0,2,2,237,27,21,5,290,0,4,4,294
02/14/2022,SDF,KY,ASO,CE,Combined TRACON& Tower with Radar,259,27,17,0,303,0,0,5,0,5,259,27,22,0,308,0,0,0,308
02/15/2022,SDF,KY,ASO,CE,Combined TRACON& Tower with Radar,524,48,20,2,594,0,0,0,2,2,524,48,20,4,596,0,0,0,596
02/16/2022,SDF,KY,ASO,CE,Combined TRACON& Tower with Radar,528,46,54,2,630,0,0,2,0,2,528,46,56,2,632,0,0,0,632
02/17/2022,SDF,KY,ASO,CE,Combined TRACON& Tower with Radar,522,44,38,0,604,0,0,0,0,0,522,44,38,0,604,0,0,0,604
02/18/2022,SDF,KY,ASO,CE,Combined TRACON& Tower with Radar,481,42,45,1,569,0,5,4,0,9,481,47,49,1,578,0,0,0,578
02/19/2022,SDF,KY,ASO,CE,Combined TRACON& Tower with Radar,256,38,31,1,326,0,2,5,0,7,256,40,36,1,333,0,0,0,333
02/20/2022,SDF,KY,ASO,CE,Combined TRACON& Tower with Radar,219,23,17,0,259,0,2,6,0,8,219,25,23,0,267,0,0,0,267
02/21/2022,SDF,KY,ASO,CE,Combined TRACON& Tower with Radar,248,31,16,0,295,0,3,10,0,13,248,34,26,0,308,0,0,0,308
02/22/2022,SDF,KY,ASO,CE,Combined TRACON& Tower with Radar,525,39,10,3,577,0,0,0,0,0,525,39,10,3,577,0,0,0,577
02/23/2022,SDF,KY,ASO,CE,Combined TRACON& Tower with Radar,516,38,18,4,576,0,0,1,2,3,516,38,19,6,579,0,0,0,579
02/24/2022,SDF,KY,ASO,CE,Combined TRACON& Tower with Radar,539,44,18,4,605,0,0,0,0,0,539,44,18,4,605,0,0,0,605
02/25/2022,SDF,KY,ASO,CE,Combined TRACON& Tower with Radar,489,46,16,3,554,0,4,0,2,6,489,50,16,5,560,0,0,0,560
02/26/2022,SDF,KY,ASO,CE,Combined TRACON& Tower with Radar,258,40,12,0,310,0,2,10,0,12,258,42,22,0,322,0,0,0,322
02/27/2022,SDF,KY,ASO,CE,Combined TRACON& Tower with Radar,233,23,31,3,290,0,2,6,0,8,233,25,37,3,298,0,4,4,302
02/28/2022,SDF,KY,ASO,CE,Combined TRACON& Tower with Radar,258,34,16,1,309,0,2,1,1,4,258,36,17,2,313,0,0,0,313
03/01/2022,SDF,KY,ASO,CE,Combined TRACON& Tower with Radar,528,57,21,3,609,0,2,5,2,9,528,59,26,5,618,0,0,0,618
03/02/2022,SDF,KY,ASO,CE,Combined TRACON& Tower with Radar,528,47,20,2,597,0,6,11,2,19,528,53,31,4,616,0,0,0,616
03/03/2022,SDF,KY,ASO,CE,Combined TRACON& Tower with Radar,529,37,17,1,584,0,4,7,2,13,529,41,24,3,597,0,0,0,597
03/04/2022,SDF,KY,ASO,CE,Combined TRACON& Tower with Radar,473,48,13,14,548,0,0,6,1,7,473,48,19,15,555,10,0,10,565
03/05/2022,SDF,KY,ASO,CE,Combined TRACON& Tower with Radar,243,33,14,1,291,0,7,0,2,9,243,40,14,3,300,0,0,0,300
03/06/2022,SDF,KY,ASO,CE,Combined TRACON& Tower with Radar,219,34,13,4,270,0,0,0,0,0,219,34,13,4,270,0,0,0,270
03/07/2022,SDF,KY,ASO,CE,Combined TRACON& Tower with Radar,247,36,13,0,296,0,1,0,0,1,247,37,13,0,297,0,0,0,297
03/08/2022,SDF,KY,ASO,CE,Combined TRACON& Tower with Radar,530,48,27,9,614,0,4,5,1,10,530,52,32,10,624,0,0,0,624
03/09/2022,SDF,KY,ASO,CE,Combined TRACON& Tower with Radar,515,50,39,6,610,0,0,14,5,19,515,50,53,11,629,12,0,12,641
03/10/2022,SDF,KY,ASO,CE,Combined TRACON& Tower with Radar,527,50,19,3,599,0,8,6,3,17,527,58,25,6,616,2,0,2,618
03/11/2022,SDF,KY,ASO,CE,Combined TRACON& Tower with Radar,453,40,12,2,507,0,0,1,0,1,453,40,13,2,508,0,0,0,508
03/12/2022,SDF,KY,ASO,CE,Combined TRACON& Tower with Radar,255,45,13,14,327,0,0,3,0,3,255,45,16,14,330,0,0,0,330
03/13/2022,SDF,KY,ASO,CE,Combined TRACON& Tower with Radar,220,23,26,5,274,0,0,3,1,4,220,23,29,6,278,1,0,1,279
03/14/2022,SDF,KY,ASO,CE,Combined TRACON& Tower with Radar,253,33,26,1,313,0,2,7,1,10,253,35,33,2,323,0,0,0,323
03/15/2022,SDF,KY,ASO,CE,Combined TRACON& Tower with Radar,538,51,19,0,608,0,2,6,2,10,538,53,25,2,618,18,0,18,636
03/16/2022,SDF,KY,ASO,CE,Combined TRACON& Tower with Radar,541,50,30,1,622,0,3,6,5,14,541,53,36,6,636,0,0,0,636
03/17/2022,SDF,KY,ASO,CE,Combined TRACON& Tower with Radar,539,48,20,3,610,0,4,2,4,10,539,52,22,7,620,0,0,0,620
03/18/2022,SDF,KY,ASO,CE,Combined TRACON& Tower with Radar,435,47,14,5,501,0,0,2,0,2,435,47,16,5,503,0,0,0,503
03/19/2022,SDF,KY,ASO,CE,Combined TRACON& Tower with Radar,278,44,11,1,334,0,1,0,0,1,278,45,11,1,335,0,0,0,335
03/20/2022,SDF,KY,ASO,CE,Combined TRACON& Tower with Radar,226,26,26,4,282,0,2,10,0,12,226,28,36,4,294,0,0,0,294
03/21/2022,SDF,KY,ASO,CE,Combined TRACON& Tower with Radar,243,34,23,6,306,0,3,12,0,15,243,37,35,6,321,0,0,0,321
03/22/2022,SDF,KY,ASO,CE,Combined TRACON& Tower with Radar,528,52,23,0,603,0,2,1,2,5,528,54,24,2,608,16,0,16,624
03/23/2022,SDF,KY,ASO,CE,Combined TRACON& Tower with Radar,531,46,31,5,613,0,3,1,0,4,531,49,32,5,617,0,0,0,617
03/24/2022,SDF,KY,ASO,CE,Combined TRACON& Tower with Radar,539,63,35,2,639,0,2,4,3,9,539,65,39,5,648,18,0,18,666
03/25/2022,SDF,KY,ASO,CE,Combined TRACON& Tower with Radar,466,48,34,3,551,0,1,7,1,9,466,49,41,4,560,6,0,6,566
03/26/2022,SDF,KY,ASO,CE,Combined TRACON& Tower with Radar,270,46,32,2,350,0,0,0,1,1,270,46,32,3,351,0,0,0,351
03/27/2022,SDF,KY,ASO,CE,Combined TRACON& Tower with Radar,223,34,21,4,282,0,2,7,1,10,223,36,28,5,292,0,0,0,292
03/28/2022,SDF,KY,ASO,CE,Combined TRACON& Tower with Radar,266,29,17,6,318,0,1,4,0,5,266,30,21,6,323,4,0,4,327
03/29/2022,SDF,KY,ASO,CE,Combined TRACON& Tower with Radar,526,51,9,4,590,0,3,7,2,12,526,54,16,6,602,0,0,0,602
03/30/2022,SDF,KY,ASO,CE,Combined TRACON& Tower with Radar,488,50,19,5,562,0,0,3,0,3,488,50,22,5,565,0,0,0,565
03/31/2022,SDF,KY,ASO,CE,Combined TRACON& Tower with Radar,565,50,13,7,635,0,0,0,2,2,565,50,13,9,637,0,0,0,637
04/01/2022,SDF,KY,ASO,CE,Combined TRACON& Tower with Radar,468,70,26,5,569,0,2,9,1,12,468,72,35,6,581,0,0,0,581
04/02/2022,SDF,KY,ASO,CE,Combined TRACON& Tower with Radar,258,46,11,3,318,0,7,2,2,11,258,53,13,5,329,0,0,0,329
04/03/2022,SDF,KY,ASO,CE,Combined TRACON& Tower with Radar,212,27,23,2,264,0,5,19,0,24,212,32,42,2,288,0,0,0,288
04/04/2022,SDF,KY,ASO,CE,Combined TRACON& Tower with Radar,246,37,22,0,305,0,1,6,0,7,246,38,28,0,312,0,0,0,312
04/05/2022,SDF,KY,ASO,CE,Combined TRACON& Tower with Radar,521,49,14,2,586,0,0,0,2,2,521,49,14,4,588,0,16,16,604
04/06/2022,SDF,KY,ASO,CE,Combined TRACON& Tower with Radar,528,32,16,4,580,0,0,1,0,1,528,32,17,4,581,0,0,0,581
04/07/2022,SDF,KY,ASO,CE,Combined TRACON& Tower with Radar,523,46,25,3,597,0,2,6,2,10,523,48,31,5,607,0,0,0,607
04/08/2022,SDF,KY,ASO,CE,Combined TRACON& Tower with Radar,449,49,13,3,514,0,0,3,0,3,449,49,16,3,517,0,0,0,517
04/09/2022,SDF,KY,ASO,CE,Combined TRACON& Tower with Radar,271,52,21,0,344,0,0,2,0,2,271,52,23,0,346,0,0,0,346
04/10/2022,SDF,KY,ASO,CE,Combined TRACON& Tower with Radar,219,45,31,3,298,0,3,8,0,11,219,48,39,3,309,0,0,0,309
04/11/2022,SDF,KY,ASO,CE,Combined TRACON& Tower with Radar,251,41,19,5,316,3,2,0,0,5,254,43,19,5,321,0,0,0,321
04/12/2022,SDF,KY,ASO,CE,Combined TRACON& Tower with Radar,519,55,16,0,590,0,5,0,2,7,519,60,16,2,597,0,0,0,597
04/13/2022,SDF,KY,ASO,CE,Combined TRACON& Tower with Radar,502,41,18,2,563,0,0,2,0,2,502,41,20,2,565,0,0,0,565
04/14/2022,SDF,KY,ASO,CE,Combined TRACON& Tower with Radar,539,45,20,6,610,0,8,5,3,16,539,53,25,9,626,0,0,0,626
04/15/2022,SDF,KY,ASO,CE,Combined TRACON& Tower with Radar,435,49,11,8,503,0,0,4,3,7,435,49,15,11,510,0,0,0,510
04/16/2022,SDF,KY,ASO,CE,Combined TRACON& Tower with Radar,270,35,14,2,321,0,9,4,0,13,270,44,18,2,334,0,0,0,334
04/17/2022,SDF,KY,ASO,CE,Combined TRACON& Tower with Radar,206,21,8,0,235,0,9,2,0,11,206,30,10,0,246,0,0,0,246
04/18/2022,SDF,KY,ASO,CE,Combined TRACON& Tower with Radar,250,25,18,0,293,0,0,2,0,2,250,25,20,0,295,0,0,0,295
04/19/2022,SDF,KY,ASO,CE,Combined TRACON& Tower with Radar,524,49,31,1,605,0,2,10,4,16,524,51,41,5,621,0,0,0,621
04/20/2022,SDF,KY,ASO,CE,Combined TRACON& Tower with Radar,507,44,19,3,573,0,4,6,1,11,507,48,25,4,584,40,0,40,624
04/21/2022,SDF,KY,ASO,CE,Combined TRACON& Tower with Radar,525,63,40,7,635,0,2,5,2,9,525,65,45,9,644,0,0,0,644
04/22/2022,SDF,KY,ASO,CE,Combined TRACON& Tower with Radar,453,54,29,11,547,0,7,40,29,76,453,61,69,40,623,0,0,0,623
04/23/2022,SDF,KY,ASO,CE,Combined TRACON& Tower with Radar,251,44,12,1,308,1,9,15,39,64,252,53,27,40,372,0,0,0,372
04/24/2022,SDF,KY,ASO,CE,Combined TRACON& Tower with Radar,220,30,33,6,289,0,8,12,4,24,220,38,45,10,313,2,0,2,315
04/25/2022,SDF,KY,ASO,CE,Combined TRACON& Tower with Radar,261,33,27,12,333,0,5,1,1,7,261,38,28,13,340,1,0,1,341
04/26/2022,SDF,KY,ASO,CE,Combined TRACON& Tower with Radar,534,54,26,2,616,0,3,8,0,11,534,57,34,2,627,0,0,0,627
04/27/2022,SDF,KY,ASO,CE,Combined TRACON& Tower with Radar,527,45,38,6,616,0,12,17,2,31,527,57,55,8,647,14,0,14,661
04/28/2022,SDF,KY,ASO,CE,Combined TRACON& Tower with Radar,518,43,18,4,583,0,0,11,2,13,518,43,29,6,596,0,0,0,596
04/29/2022,SDF,KY,ASO,CE,Combined TRACON& Tower with Radar,456,50,25,0,531,0,2,12,0,14,456,52,37,0,545,0,0,0,545
04/30/2022,SDF,KY,ASO,CE,Combined TRACON& Tower with Radar,274,43,13,1,331,0,5,3,0,8,274,48,16,1,339,0,0,0,339
05/01/2022,SDF,KY,ASO,CE,Combined TRACON& Tower with Radar,208,29,20,10,267,0,0,10,0,10,208,29,30,10,277,0,0,0,277
05/02/2022,SDF,KY,ASO,CE,Combined TRACON& Tower with Radar,259,28,18,1,306,0,2,22,0,24,259,30,40,1,330,0,0,0,330
05/03/2022,SDF,KY,ASO,CE,Combined TRACON& Tower with Radar,540,53,28,8,629,0,3,4,0,7,540,56,32,8,636,30,12,42,678
05/04/2022,SDF,KY,ASO,CE,Combined TRACON& Tower with Radar,534,57,61,3,655,0,4,3,0,7,534,61,64,3,662,0,0,0,662
05/05/2022,SDF,KY,ASO,CE,Combined TRACON& Tower with Radar,608,248,218,2,1076,0,0,14,0,14,608,248,232,2,1090,0,0,0,1090
05/06/2022,SDF,KY,ASO,CE,Combined TRACON& Tower with Radar,504,122,107,1,734,0,2,13,0,15,504,124,120,1,749,0,0,0,749
05/07/2022,SDF,KY,ASO,CE,Combined TRACON& Tower with Radar,303,159,140,0,602,0,1,30,2,33,303,160,170,2,635,0,0,0,635
05/08/2022,SDF,KY,ASO,CE,Combined TRACON& Tower with Radar,315,249,222,2,788,0,6,3,0,9,315,255,225,2,797,0,0,0,797
05/09/2022,SDF,KY,ASO,CE,Combined TRACON& Tower with Radar,265,44,39,0,348,0,7,1,0,8,265,51,40,0,356,0,0,0,356
05/10/2022,SDF,KY,ASO,CE,Combined TRACON& Tower with Radar,530,59,10,1,600,0,2,5,2,9,530,61,15,3,609,0,0,0,609
05/11/2022,SDF,KY,ASO,CE,Combined TRACON& Tower with Radar,508,54,26,1,589,0,0,6,6,12,508,54,32,7,601,2,0,2,603
05/12/2022,SDF,KY,ASO,CE,Combined TRACON& Tower with Radar,528,46,22,2,598,0,3,10,2,15,528,49,32,4,613,2,0,2,615
05/13/2022,SDF,KY,ASO,CE,Combined TRACON& Tower with Radar,448,50,36,9,543,0,6,9,1,16,448,56,45,10,559,0,0,0,559
05/14/2022,SDF,KY,ASO,CE,Combined TRACON& Tower with Radar,268,38,11,2,319,0,2,1,0,3,268,40,12,2,322,0,0,0,322
05/15/2022,SDF,KY,ASO,CE,Combined TRACON& Tower with Radar,227,27,24,6,284,0,0,3,0,3,227,27,27,6,287,0,0,0,287
05/16/2022,SDF,KY,ASO,CE,Combined TRACON& Tower with Radar,253,20,22,1,296,0,0,6,0,6,253,20,28,1,302,0,0,0,302
05/17/2022,SDF,KY,ASO,CE,Combined TRACON& Tower with Radar,523,44,24,4,595,0,15,7,0,22,523,59,31,4,617,0,0,0,617
05/18/2022,SDF,KY,ASO,CE,Combined TRACON& Tower with Radar,516,42,17,1,576,1,2,3,10,16,517,44,20,11,592,0,0,0,592
05/19/2022,SDF,KY,ASO,CE,Combined TRACON& Tower with Radar,528,53,24,3,608,0,2,8,0,10,528,55,32,3,618,0,0,0,618
05/20/2022,SDF,KY,ASO,CE,Combined TRACON& Tower with Radar,448,45,27,3,523,0,8,3,7,18,448,53,30,10,541,0,0,0,541
05/21/2022,SDF,KY,ASO,CE,Combined TRACON& Tower with Radar,269,49,19,2,339,0,3,7,0,10,269,52,26,2,349,0,0,0,349
05/22/2022,SDF,KY,ASO,CE,Combined TRACON& Tower with Radar,215,26,19,6,266,0,4,4,3,11,215,30,23,9,277,0,0,0,277
05/23/2022,SDF,KY,ASO,CE,Combined TRACON& Tower with Radar,254,29,26,5,314,0,3,7,0,10,254,32,33,5,324,0,0,0,324
05/24/2022,SDF,KY,ASO,CE,Combined TRACON& Tower with Radar,522,49,18,7,596,0,7,3,6,16,522,56,21,13,612,0,0,0,612
05/25/2022,SDF,KY,ASO,CE,Combined TRACON& Tower with Radar,528,48,30,9,615,0,3,4,2,9,528,51,34,11,624,0,0,0,624
05/26/2022,SDF,KY,ASO,CE,Combined TRACON& Tower with Radar,521,37,26,8,592,0,0,0,13,13,521,37,26,21,605,0,4,4,609
05/27/2022,SDF,KY,ASO,CE,Combined TRACON& Tower with Radar,461,41,18,4,524,0,3,2,0,5,461,44,20,4,529,0,0,0,529
05/28/2022,SDF,KY,ASO,CE,Combined TRACON& Tower with Radar,283,35,13,0,331,0,4,0,0,4,283,39,13,0,335,0,0,0,335
05/29/2022,SDF,KY,ASO,CE,Combined TRACON& Tower with Radar,206,34,10,0,250,0,9,2,0,11,206,43,12,0,261,0,0,0,261
05/30/2022,SDF,KY,ASO,CE,Combined TRACON& Tower with Radar,182,21,9,3,215,0,1,0,2,3,182,22,9,5,218,0,0,0,218
05/31/2022,SDF,KY,ASO,CE,Combined TRACON& Tower with Radar,342,35,29,3,409,0,7,4,1,12,342,42,33,4,421,0,0,0,421
06/01/2022,SDF,KY,ASO,CE,Combined TRACON& Tower with Radar,523,55,28,3,609,0,0,4,1,5,523,55,32,4,614,0,0,0,614
06/02/2022,SDF,KY,ASO,CE,Combined TRACON& Tower with Radar,516,64,15,4,599,0,9,3,0,12,516,73,18,4,611,0,0,0,611
06/03/2022,SDF,KY,ASO,CE,Combined TRACON& Tower with Radar,493,48,36,1,578,0,2,5,0,7,493,50,41,1,585,0,0,0,585
06/04/2022,SDF,KY,ASO,CE,Combined TRACON& Tower with Radar,276,48,11,4,339,0,7,14,0,21,276,55,25,4,360,0,0,0,360
06/05/2022,SDF,KY,ASO,CE,Combined TRACON& Tower with Radar,238,23,22,15,298,0,2,6,2,10,238,25,28,17,308,0,0,0,308
06/06/2022,SDF,KY,ASO,CE,Combined TRACON& Tower with Radar,257,23,27,4,311,0,0,2,1,3,257,23,29,5,314,0,0,0,314
06/07/2022,SDF,KY,ASO,CE,Combined TRACON& Tower with Radar,548,38,30,3,619,0,3,4,2,9,548,41,34,5,628,0,0,0,628
06/08/2022,SDF,KY,ASO,CE,Combined TRACON& Tower with Radar,535,47,26,0,608,0,7,2,4,13,535,54,28,4,621,0,6,6,627
06/09/2022,SDF,KY,ASO,CE,Combined TRACON& Tower with Radar,544,56,25,3,628,0,4,4,6,14,544,60,29,9,642,0,0,0,642
06/10/2022,SDF,KY,ASO,CE,Combined TRACON& Tower with Radar,480,49,15,0,544,0,1,6,5,12,480,50,21,5,556,0,0,0,556
06/11/2022,SDF,KY,ASO,CE,Combined TRACON& Tower with Radar,291,33,13,4,341,0,3,10,3,16,291,36,23,7,357,0,0,0,357
06/12/2022,SDF,KY,ASO,CE,Combined TRACON& Tower with Radar,244,21,21,0,286,0,2,3,5,10,244,23,24,5,296,0,0,0,296
06/13/2022,SDF,KY,ASO,CE,Combined TRACON& Tower with Radar,268,32,23,4,327,0,5,3,0,8,268,37,26,4,335,0,0,0,335
06/14/2022,SDF,KY,ASO,CE,Combined TRACON& Tower with Radar,548,50,33,6,637,0,5,8,8,21,548,55,41,14,658,0,0,0,658
06/15/2022,SDF,KY,ASO,CE,Combined TRACON& Tower with Radar,535,52,37,4,628,0,5,8,6,19,535,57,45,10,647,0,0,0,647
06/16/2022,SDF,KY,ASO,CE,Combined TRACON& Tower with Radar,549,40,21,7,617,0,8,4,1,13,549,48,25,8,630,8,0,8,638
06/17/2022,SDF,KY,ASO,CE,Combined TRACON& Tower with Radar,481,43,21,6,551,0,6,5,0,11,481,49,26,6,562,0,0,0,562
06/18/2022,SDF,KY,ASO,CE,Combined TRACON& Tower with Radar,287,30,22,0,339,0,8,6,0,14,287,38,28,0,353,0,0,0,353
06/19/2022,SDF,KY,ASO,CE,Combined TRACON& Tower with Radar,237,22,17,0,276,0,6,3,0,9,237,28,20,0,285,0,0,0,285
06/20/2022,SDF,KY,ASO,CE,Combined TRACON& Tower with Radar,280,16,12,5,313,0,0,5,0,5,280,16,17,5,318,0,0,0,318
06/21/2022,SDF,KY,ASO,CE,Combined TRACON& Tower with Radar,527,45,34,3,609,0,3,2,0,5,527,48,36,3,614,0,0,0,614
06/22/2022,SDF,KY,ASO,CE,Combined TRACON& Tower with Radar,523,45,24,8,600,0,1,7,2,10,523,46,31,10,610,0,0,0,610
06/23/2022,SDF,KY,ASO,CE,Combined TRACON& Tower with Radar,550,45,35,0,630,0,4,2,4,10,550,49,37,4,640,0,0,0,640
06/24/2022,SDF,KY,ASO,CE,Combined TRACON& Tower with Radar,476,35,18,9,538,0,2,10,6,18,476,37,28,15,556,0,0,0,556
06/25/2022,SDF,KY,ASO,CE,Combined TRACON& Tower with Radar,291,34,15,4,344,0,2,10,0,12,291,36,25,4,356,0,0,0,356
06/26/2022,SDF,KY,ASO,CE,Combined TRACON& Tower with Radar,240,22,11,2,275,0,0,4,0,4,240,22,15,2,279,0,0,0,279
06/27/2022,SDF,KY,ASO,CE,Combined TRACON& Tower with Radar,260,25,24,4,313,0,0,2,0,2,260,25,26,4,315,0,0,0,315
06/28/2022,SDF,KY,ASO,CE,Combined TRACON& Tower with Radar,550,48,21,2,621,0,9,9,3,21,550,57,30,5,642,0,0,0,642
06/29/2022,SDF,KY,ASO,CE,Combined TRACON& Tower with Radar,537,50,25,9,621,0,6,11,3,20,537,56,36,12,641,2,0,2,643
06/30/2022,SDF,KY,ASO,CE,Combined TRACON& Tower with Radar,537,53,25,4,619,0,0,7,3,10,537,53,32,7,629,0,0,0,629
07/01/2022,SDF,KY,ASO,CE,Combined TRACON& Tower with Radar,468,36,22,0,526,0,2,10,0,12,468,38,32,0,538,0,0,0,538
07/02/2022,SDF,KY,ASO,CE,Combined TRACON& Tower with Radar,299,31,12,0,342,0,3,2,0,5,299,34,14,0,347,0,0,0,347
07/03/2022,SDF,KY,ASO,CE,Combined TRACON& Tower with Radar,205,16,7,0,228,0,4,4,0,8,205,20,11,0,236,0,0,0,236
07/04/2022,SDF,KY,ASO,CE,Combined TRACON& Tower with Radar,177,24,6,2,209,0,7,6,0,13,177,31,12,2,222,0,0,0,222
07/05/2022,SDF,KY,ASO,CE,Combined TRACON& Tower with Radar,338,31,23,1,393,0,8,2,1,11,338,39,25,2,404,0,0,0,404
07/06/2022,SDF,KY,ASO,CE,Combined TRACON& Tower with Radar,540,38,26,6,610,0,1,4,2,7,540,39,30,8,617,0,0,0,617
07/07/2022,SDF,KY,ASO,CE,Combined TRACON& Tower with Radar,534,48,30,0,612,0,4,6,1,11,534,52,36,1,623,0,0,0,623
07/08/2022,SDF,KY,ASO,CE,Combined TRACON& Tower with Radar,458,46,20,6,530,0,0,1,2,3,458,46,21,8,533,0,0,0,533
07/09/2022,SDF,KY,ASO,CE,Combined TRACON& Tower with Radar,282,46,23,0,351,0,1,1,0,2,282,47,24,0,353,0,0,0,353
07/10/2022,SDF,KY,ASO,CE,Combined TRACON& Tower with Radar,236,24,13,3,276,0,6,5,4,15,236,30,18,7,291,0,0,0,291
07/11/2022,SDF,KY,ASO,CE,Combined TRACON& Tower with Radar,269,29,13,0,311,0,7,5,1,13,269,36,18,1,324,0,0,0,324
07/12/2022,SDF,KY,ASO,CE,Combined TRACON& Tower with Radar,513,35,30,2,580,0,0,5,4,9,513,35,35,6,589,0,0,0,589
07/13/2022,SDF,KY,ASO,CE,Combined TRACON& Tower with Radar,525,44,33,4,606,0,0,7,8,15,525,44,40,12,621,2,0,2,623
07/14/2022,SDF,KY,ASO,CE,Combined TRACON& Tower with Radar,530,40,24,3,597,0,2,9,10,21,530,42,33,13,618,20,6,26,644
07/15/2022,SDF,KY,ASO,CE,Combined TRACON& Tower with Radar,459,39,16,7,521,0,3,5,3,11,459,42,21,10,532,0,0,0,532
07/16/2022,SDF,KY,ASO,CE,Combined TRACON& Tower with Radar,280,36,6,6,328,0,2,2,0,4,280,38,8,6,332,0,0,0,332
07/17/2022,SDF,KY,ASO,CE,Combined TRACON& Tower with Radar,228,24,14,4,270,0,0,0,0,0,228,24,14,4,270,20,0,20,290
07/18/2022,SDF,KY,ASO,CE,Combined TRACON& Tower with Radar,257,31,27,0,315,0,1,17,0,18,257,32,44,0,333,0,0,0,333
07/19/2022,SDF,KY,ASO,CE,Combined TRACON& Tower with Radar,537,37,33,1,608,0,2,5,4,11,537,39,38,5,619,0,4,4,623
07/20/2022,SDF,KY,ASO,CE,Combined TRACON& Tower with Radar,516,45,13,7,581,0,6,10,2,18,516,51,23,9,599,6,0,6,605
07/21/2022,SDF,KY,ASO,CE,Combined TRACON& Tower with Radar,526,37,15,4,582,0,3,10,4,17,526,40,25,8,599,0,0,0,599
07/22/2022,SDF,KY,ASO,CE,Combined TRACON& Tower with Radar,466,38,16,14,534,0,4,4,2,10,466,42,20,16,544,12,0,12,556
07/23/2022,SDF,KY,ASO,CE,Combined TRACON& Tower with Radar,282,37,12,2,333,0,5,13,0,18,282,42,25,2,351,0,0,0,351
07/24/2022,SDF,KY,ASO,CE,Combined TRACON& Tower with Radar,224,15,22,7,268,0,3,3,0,6,224,18,25,7,274,0,0,0,274
07/25/2022,SDF,KY,ASO,CE,Combined TRACON& Tower with Radar,265,26,21,0,312,0,2,2,1,5,265,28,23,1,317,0,0,0,317
07/26/2022,SDF,KY,ASO,CE,Combined TRACON& Tower with Radar,522,32,18,5,577,0,1,0,0,1,522,33,18,5,578,0,0,0,578
07/27/2022,SDF,KY,ASO,CE,Combined TRACON& Tower with Radar,517,38,29,3,587,0,0,5,2,7,517,38,34,5,594,0,0,0,594
07/28/2022,SDF,KY,ASO,CE,Combined TRACON& Tower with Radar,519,43,23,22,607,0,2,3,4,9,519,45,26,26,616,0,0,0,616
07/29/2022,SDF,KY,ASO,CE,Combined TRACON& Tower with Radar,478,48,27,6,559,0,2,2,6,10,478,50,29,12,569,0,0,0,569
07/30/2022,SDF,KY,ASO,CE,Combined TRACON& Tower with Radar,291,43,10,5,349,0,6,7,4,17,291,49,17,9,366,0,0,0,366
07/31/2022,SDF,KY,ASO,CE,Combined TRACON& Tower with Radar,216,23,24,4,267,0,0,0,0,0,216,23,24,4,267,0,0,0,267
08/01/2022,SDF,KY,ASO,CE,Combined TRACON& Tower with Radar,261,34,13,1,309,0,0,2,1,3,261,34,15,2,312,0,0,0,312
08/02/2022,SDF,KY,ASO,CE,Combined TRACON& Tower with Radar,525,35,11,2,573,0,1,7,2,10,525,36,18,4,583,0,0,0,583
08/03/2022,SDF,KY,ASO,CE,Combined TRACON& Tower with Radar,513,42,31,7,593,0,2,13,6,21,513,44,44,13,614,0,0,0,614
08/04/2022,SDF,KY,ASO,CE,Combined TRACON& Tower with Radar,519,38,20,8,585,0,0,6,7,13,519,38,26,15,598,0,0,0,598
08/05/2022,SDF,KY,ASO,CE,Combined TRACON& Tower with Radar,464,47,22,4,537,0,5,2,0,7,464,52,24,4,544,0,0,0,544
08/06/2022,SDF,KY,ASO,CE,Combined TRACON& Tower with Radar,287,32,9,2,330,0,6,3,0,9,287,38,12,2,339,0,0,0,339
08/07/2022,SDF,KY,ASO,CE,Combined TRACON& Tower with Radar,231,27,19,3,280,0,6,6,1,13,231,33,25,4,293,0,0,0,293
08/08/2022,SDF,KY,ASO,CE,Combined TRACON& Tower with Radar,264,37,18,4,323,0,4,6,2,12,264,41,24,6,335,0,0,0,335
08/09/2022,SDF,KY,ASO,CE,Combined TRACON& Tower with Radar,523,33,9,2,567,0,2,4,5,11,523,35,13,7,578,0,0,0,578
08/10/2022,SDF,KY,ASO,CE,Combined TRACON& Tower with Radar,508,38,26,12,584,0,0,1,0,1,508,38,27,12,585,0,0,0,585
08/11/2022,SDF,KY,ASO,CE,Combined TRACON& Tower with Radar,545,53,27,7,632,0,6,6,2,14,545,59,33,9,646,0,4,4,650
08/12/2022,SDF,KY,ASO,CE,Combined TRACON& Tower with Radar,460,49,20,9,538,0,1,10,0,11,460,50,30,9,549,0,0,0,549
08/13/2022,SDF,KY,ASO,CE,Combined TRACON& Tower with Radar,285,47,17,3,352,0,10,5,0,15,285,57,22,3,367,0,0,0,367
08/14/2022,SDF,KY,ASO,CE,Combined TRACON& Tower with Radar,226,29,17,5,277,0,2,4,0,6,226,31,21,5,283,0,0,0,283
08/15/2022,SDF,KY,ASO,CE,Combined TRACON& Tower with Radar,267,37,16,4,324,0,4,1,0,5,267,41,17,4,329,0,0,0,329
08/16/2022,SDF,KY,ASO,CE,Combined TRACON& Tower with Radar,524,52,12,0,588,0,7,8,2,17,524,59,20,2,605,0,0,0,605
08/17/2022,SDF,KY,ASO,CE,Combined TRACON& Tower with Radar,507,42,32,2,583,0,2,16,0,18,507,44,48,2,601,0,0,0,601
08/18/2022,SDF,KY,ASO,CE,Combined TRACON& Tower with Radar,529,38,28,2,597,0,4,6,2,12,529,42,34,4,609,0,0,0,609
08/19/2022,SDF,KY,ASO,CE,Combined TRACON& Tower with Radar,466,45,15,15,541,0,10,2,1,13,466,55,17,16,554,0,0,0,554
08/20/2022,SDF,KY,ASO,CE,Combined TRACON& Tower with Radar,290,31,25,2,348,0,5,10,7,22,290,36,35,9,370,0,0,0,370
08/21/2022,SDF,KY,ASO,CE,Combined TRACON& Tower with Radar,216,21,29,1,267,0,2,0,1,3,216,23,29,2,270,0,0,0,270
08/22/2022,SDF,KY,ASO,CE,Combined TRACON& Tower with Radar,251,36,22,6,315,0,2,8,0,10,251,38,30,6,325,2,0,2,327
08/23/2022,SDF,KY,ASO,CE,Combined TRACON& Tower with Radar,532,41,20,3,596,0,3,10,12,25,532,44,30,15,621,12,0,12,633
08/24/2022,SDF,KY,ASO,CE,Combined TRACON& Tower with Radar,520,49,38,3,610,0,10,9,4,23,520,59,47,7,633,6,0,6,639
08/25/2022,SDF,KY,ASO,CE,Combined TRACON& Tower with Radar,537,58,35,17,647,0,7,10,1,18,537,65,45,18,665,0,0,0,665
08/26/2022,SDF,KY,ASO,CE,Combined TRACON& Tower with Radar,454,48,34,8,544,0,4,8,1,13,454,52,42,9,557,10,4,14,571
08/27/2022,SDF,KY,ASO,CE,Combined TRACON& Tower with Radar,276,42,22,4,344,0,10,3,0,13,276,52,25,4,357,0,0,0,357
08/28/2022,SDF,KY,ASO,CE,Combined TRACON& Tower with Radar,209,34,27,15,285,0,10,5,5,20,209,44,32,20,305,0,0,0,305
08/29/2022,SDF,KY,ASO,CE,Combined TRACON& Tower with Radar,264,17,20,0,301,0,5,2,0,7,264,22,22,0,308,0,0,0,308
08/30/2022,SDF,KY,ASO,CE,Combined TRACON& Tower with Radar,522,37,18,8,585,0,0,2,5,7,522,37,20,13,592,0,0,0,592
08/31/2022,SDF,KY,ASO,CE,Combined TRACON& Tower with Radar,514,33,36,8,591,0,3,6,0,9,514,36,42,8,600,4,0,4,604
09/01/2022,SDF,KY,ASO,CE,Combined TRACON& Tower with Radar,525,44,22,2,593,0,12,4,3,19,525,56,26,5,612,0,0,0,612
09/02/2022,SDF,KY,ASO,CE,Combined TRACON& Tower with Radar,464,48,21,1,534,0,2,6,0,8,464,50,27,1,542,0,0,0,542
09/03/2022,SDF,KY,ASO,CE,Combined TRACON& Tower with Radar,282,34,6,1,323,0,2,3,0,5,282,36,9,1,328,0,0,0,328
09/04/2022,SDF,KY,ASO,CE,Combined TRACON& Tower with Radar,180,21,6,0,207,0,2,0,0,2,180,23,6,0,209,0,0,0,209
09/05/2022,SDF,KY,ASO,CE,Combined TRACON& Tower with Radar,170,23,28,1,222,0,0,0,0,0,170,23,28,1,222,0,0,0,222
09/06/2022,SDF,KY,ASO,CE,Combined TRACON& Tower with Radar,322,36,19,0,377,0,2,4,0,6,322,38,23,0,383,0,0,0,383
09/07/2022,SDF,KY,ASO,CE,Combined TRACON& Tower with Radar,540,48,31,6,625,0,0,9,3,12,540,48,40,9,637,0,0,0,637
09/08/2022,SDF,KY,ASO,CE,Combined TRACON& Tower with Radar,531,45,16,4,596,0,0,10,4,14,531,45,26,8,610,0,0,0,610
09/09/2022,SDF,KY,ASO,CE,Combined TRACON& Tower with Radar,451,48,16,4,519,0,7,4,3,14,451,55,20,7,533,0,0,0,533
09/10/2022,SDF,KY,ASO,CE,Combined TRACON& Tower with Radar,265,35,9,3,312,0,3,3,1,7,265,38,12,4,319,0,0,0,319
09/11/2022,SDF,KY,ASO,CE,Combined TRACON& Tower with Radar,219,39,15,0,273,0,5,0,0,5,219,44,15,0,278,0,0,0,278
09/12/2022,SDF,KY,ASO,CE,Combined TRACON& Tower with Radar,252,32,21,0,305,0,0,3,0,3,252,32,24,0,308,0,0,0,308
09/13/2022,SDF,KY,ASO,CE,Combined TRACON& Tower with Radar,510,56,25,3,594,0,3,10,3,16,510,59,35,6,610,0,2,2,612
09/14/2022,SDF,KY,ASO,CE,Combined TRACON& Tower with Radar,525,60,40,4,629,0,3,19,4,26,525,63,59,8,655,0,0,0,655
09/15/2022,SDF,KY,ASO,CE,Combined TRACON& Tower with Radar,527,57,26,1,611,0,4,10,2,16,527,61,36,3,627,0,0,0,627
09/16/2022,SDF,KY,ASO,CE,Combined TRACON& Tower with Radar,458,54,47,5,564,0,4,9,0,13,458,58,56,5,577,0,0,0,577
09/17/2022,SDF,KY,ASO,CE,Combined TRACON& Tower with Radar,269,50,23,5,347,0,2,4,0,6,269,52,27,5,353,0,0,0,353
09/18/2022,SDF,KY,ASO,CE,Combined TRACON& Tower with Radar,223,41,23,10,297,0,4,13,0,17,223,45,36,10,314,0,0,0,314
09/19/2022,SDF,KY,ASO,CE,Combined TRACON& Tower with Radar,255,38,37,2,332,0,1,10,6,17,255,39,47,8,349,0,0,0,349
09/20/2022,SDF,KY,ASO,CE,Combined TRACON& Tower with Radar,516,51,26,2,595,0,4,1,6,11,516,55,27,8,606,9,12,21,627
09/21/2022,SDF,KY,ASO,CE,Combined TRACON& Tower with Radar,524,59,28,3,614,0,7,12,1,20,524,66,40,4,634,0,0,0,634
09/22/2022,SDF,KY,ASO,CE,Combined TRACON& Tower with Radar,519,49,32,5,605,0,4,16,3,23,519,53,48,8,628,0,0,0,628
09/23/2022,SDF,KY,ASO,CE,Combined TRACON& Tower with Radar,456,59,26,6,547,0,12,8,0,20,456,71,34,6,567,0,0,0,567
09/24/2022,SDF,KY,ASO,CE,Combined TRACON& Tower with Radar,269,42,19,1,331,0,4,10,0,14,269,46,29,1,345,0,0,0,345
09/25/2022,SDF,KY,ASO,CE,Combined TRACON& Tower with Radar,220,41,33,3,297,0,5,0,0,5,220,46,33,3,302,0,0,0,302
09/26/2022,SDF,KY,ASO,CE,Combined TRACON& Tower with Radar,247,55,21,3,326,0,4,5,0,9,247,59,26,3,335,0,0,0,335
09/27/2022,SDF,KY,ASO,CE,Combined TRACON& Tower with Radar,516,50,34,4,604,0,1,6,6,13,516,51,40,10,617,0,8,8,625
09/28/2022,SDF,KY,ASO,CE,Combined TRACON& Tower with Radar,486,43,31,3,563,0,4,8,1,13,486,47,39,4,576,14,0,14,590
09/29/2022,SDF,KY,ASO,CE,Combined TRACON& Tower with Radar,494,57,26,0,577,0,3,5,0,8,494,60,31,0,585,0,0,0,585
09/30/2022,SDF,KY,ASO,CE,Combined TRACON& Tower with Radar,448,60,22,9,539,0,18,11,3,32,448,78,33,12,571,0,0,0,571
10/01/2022,SDF,KY,ASO,CE,Combined TRACON& Tower with Radar,273,46,17,0,336,0,6,7,2,15,273,52,24,2,351,0,0,0,351
10/02/2022,SDF,KY,ASO,CE,Combined TRACON& Tower with Radar,223,31,15,7,276,0,5,1,6,12,223,36,16,13,288,0,0,0,288
10/03/2022,SDF,KY,ASO,CE,Combined TRACON& Tower with Radar,256,29,24,3,312,0,4,8,0,12,256,33,32,3,324,0,0,0,324
10/04/2022,SDF,KY,ASO,CE,Combined TRACON& Tower with Radar,524,48,17,3,592,0,2,4,5,11,524,50,21,8,603,0,0,0,603
10/05/2022,SDF,KY,ASO,CE,Combined TRACON& Tower with Radar,527,52,21,3,603,0,8,16,4,28,527,60,37,7,631,0,0,0,631
10/06/2022,SDF,KY,ASO,CE,Combined TRACON& Tower with Radar,532,48,26,2,608,0,6,10,5,21,532,54,36,7,629,0,0,0,629
10/07/2022,SDF,KY,ASO,CE,Combined TRACON& Tower with Radar,459,43,12,2,516,0,4,7,0,11,459,47,19,2,527,0,0,0,527
10/08/2022,SDF,KY,ASO,CE,Combined TRACON& Tower with Radar,284,38,15,2,339,0,2,9,0,11,284,40,24,2,350,0,0,0,350
10/09/2022,SDF,KY,ASO,CE,Combined TRACON& Tower with Radar,225,35,21,1,282,0,2,7,2,11,225,37,28,3,293,0,0,0,293
10/10/2022,SDF,KY,ASO,CE,Combined TRACON& Tower with Radar,264,28,16,0,308,0,4,19,1,24,264,32,35,1,332,0,0,0,332
10/11/2022,SDF,KY,ASO,CE,Combined TRACON& Tower with Radar,512,40,36,2,590,0,8,2,0,10,512,48,38,2,600,0,0,0,600
10/12/2022,SDF,KY,ASO,CE,Combined TRACON& Tower with Radar,532,47,24,5,608,0,5,1,3,9,532,52,25,8,617,20,20,40,657
10/13/2022,SDF,KY,ASO,CE,Combined TRACON& Tower with Radar,542,43,29,5,619,0,6,3,3,12,542,49,32,8,631,0,0,0,631
10/14/2022,SDF,KY,ASO,CE,Combined TRACON& Tower with Radar,461,44,12,23,540,0,4,4,0,8,461,48,16,23,548,0,0,0,548
10/15/2022,SDF,KY,ASO,CE,Combined TRACON& Tower with Radar,294,36,21,3,354,0,5,2,7,14,294,41,23,10,368,0,0,0,368
10/16/2022,SDF,KY,ASO,CE,Combined TRACON& Tower with Radar,231,44,17,3,295,0,5,7,0,12,231,49,24,3,307,0,0,0,307
10/17/2022,SDF,KY,ASO,CE,Combined TRACON& Tower with Radar,255,35,14,0,304,0,8,6,0,14,255,43,20,0,318,0,0,0,318
10/18/2022,SDF,KY,ASO,CE,Combined TRACON& Tower with Radar,543,51,26,3,623,0,1,19,4,24,543,52,45,7,647,4,20,24,671
10/19/2022,SDF,KY,ASO,CE,Combined TRACON& Tower with Radar,531,50,30,9,620,0,4,9,5,18,531,54,39,14,638,0,0,0,638
10/20/2022,SDF,KY,ASO,CE,Combined TRACON& Tower with Radar,544,47,46,2,639,0,15,3,5,23,544,62,49,7,662,0,0,0,662
10/21/2022,SDF,KY,ASO,CE,Combined TRACON& Tower with Radar,465,47,37,3,552,0,12,9,0,21,465,59,46,3,573,0,0,0,573
10/22/2022,SDF,KY,ASO,CE,Combined TRACON& Tower with Radar,286,43,14,0,343,0,4,9,2,15,286,47,23,2,358,6,0,6,364
10/23/2022,SDF,KY,ASO,CE,Combined TRACON& Tower with Radar,237,26,31,2,296,0,16,7,2,25,237,42,38,4,321,0,0,0,321
10/24/2022,SDF,KY,ASO,CE,Combined TRACON& Tower with Radar,261,27,29,4,321,0,9,5,0,14,261,36,34,4,335,0,0,0,335
10/25/2022,SDF,KY,ASO,CE,Combined TRACON& Tower with Radar,529,34,30,6,599,0,8,6,2,16,529,42,36,8,615,0,0,0,615
10/26/2022,SDF,KY,ASO,CE,Combined TRACON& Tower with Radar,540,54,31,7,632,0,3,0,2,5,540,57,31,9,637,0,0,0,637
10/27/2022,SDF,KY,ASO,CE,Combined TRACON& Tower with Radar,541,42,28,4,615,0,3,2,3,8,541,45,30,7,623,0,0,0,623
10/28/2022,SDF,KY,ASO,CE,Combined TRACON& Tower with Radar,458,54,24,5,541,0,8,5,1,14,458,62,29,6,555,0,0,0,555
10/29/2022,SDF,KY,ASO,CE,Combined TRACON& Tower with Radar,282,36,10,0,328,0,5,12,0,17,282,41,22,0,345,0,0,0,345
10/30/2022,SDF,KY,ASO,CE,Combined TRACON& Tower with Radar,235,30,21,0,286,0,4,0,0,4,235,34,21,0,290,0,0,0,290
10/31/2022,SDF,KY,ASO,CE,Combined TRACON& Tower with Radar,245,24,18,3,290,0,2,1,0,3,245,26,19,3,293,0,0,0,293
11/01/2022,SDF,KY,ASO,CE,Combined TRACON& Tower with Radar,529,44,22,7,602,0,0,4,3,7,529,44,26,10,609,0,0,0,609
11/02/2022,SDF,KY,ASO,CE,Combined TRACON& Tower with Radar,525,42,32,7,606,0,2,3,6,11,525,44,35,13,617,0,0,0,617
11/03/2022,SDF,KY,ASO,CE,Combined TRACON& Tower with Radar,529,46,28,4,607,0,8,6,5,19,529,54,34,9,626,8,0,8,634
11/04/2022,SDF,KY,ASO,CE,Combined TRACON& Tower with Radar,453,40,21,3,517,0,13,4,3,20,453,53,25,6,537,0,0,0,537
11/05/2022,SDF,KY,ASO,CE,Combined TRACON& Tower with Radar,280,32,3,4,319,0,8,1,2,11,280,40,4,6,330,0,0,0,330
11/06/2022,SDF,KY,ASO,CE,Combined TRACON& Tower with Radar,218,29,24,5,276,0,11,3,2,16,218,40,27,7,292,0,0,0,292
11/07/2022,SDF,KY,ASO,CE,Combined TRACON& Tower with Radar,250,28,12,3,293,0,7,18,0,25,250,35,30,3,318,18,0,18,336
11/08/2022,SDF,KY,ASO,CE,Combined TRACON& Tower with Radar,528,43,19,5,595,0,8,2,15,25,528,51,21,20,620,0,28,28,648
11/09/2022,SDF,KY,ASO,CE,Combined TRACON& Tower with Radar,530,44,32,11,617,0,9,9,6,24,530,53,41,17,641,0,0,0,641
11/10/2022,SDF,KY,ASO,CE,Combined TRACON& Tower with Radar,525,37,29,15,606,0,8,14,2,24,525,45,43,17,630,0,0,0,630
11/11/2022,SDF,KY,ASO,CE,Combined TRACON& Tower with Radar,461,46,8,0,515,0,7,1,0,8,461,53,9,0,523,0,0,0,523
11/12/2022,SDF,KY,ASO,CE,Combined TRACON& Tower with Radar,277,42,10,0,329,0,2,2,0,4,277,44,12,0,333,0,0,0,333
11/13/2022,SDF,KY,ASO,CE,Combined TRACON& Tower with Radar,218,33,20,0,271,0,2,5,0,7,218,35,25,0,278,0,0,0,278
11/14/2022,SDF,KY,ASO,CE,Combined TRACON& Tower with Radar,254,30,24,1,309,0,8,7,2,17,254,38,31,3,326,0,0,0,326
11/15/2022,SDF,KY,ASO,CE,Combined TRACON& Tower with Radar,531,56,25,4,616,0,0,1,1,2,531,56,26,5,618,0,0,0,618
11/16/2022,SDF,KY,ASO,CE,Combined TRACON& Tower with Radar,526,53,29,2,610,0,0,4,0,4,526,53,33,2,614,0,0,0,614
11/17/2022,SDF,KY,ASO,CE,Combined TRACON& Tower with Radar,544,43,25,1,613,0,4,4,0,8,544,47,29,1,621,0,0,0,621
11/18/2022,SDF,KY,ASO,CE,Combined TRACON& Tower with Radar,468,49,30,10,557,0,4,3,3,10,468,53,33,13,567,0,0,0,567
11/19/2022,SDF,KY,ASO,CE,Combined TRACON& Tower with Radar,295,42,12,9,358,0,2,8,8,18,295,44,20,17,376,0,0,0,376
11/20/2022,SDF,KY,ASO,CE,Combined TRACON& Tower with Radar,242,21,18,11,292,0,6,7,1,14,242,27,25,12,306,0,0,0,306
11/21/2022,SDF,KY,ASO,CE,Combined TRACON& Tower with Radar,309,20,13,3,345,0,2,11,1,14,309,22,24,4,359,2,48,50,409
11/22/2022,SDF,KY,ASO,CE,Combined TRACON& Tower with Radar,605,39,29,3,676,0,7,7,5,19,605,46,36,8,695,0,0,0,695
11/23/2022,SDF,KY,ASO,CE,Combined TRACON& Tower with Radar,562,40,19,3,624,0,5,4,0,9,562,45,23,3,633,0,0,0,633
11/24/2022,SDF,KY,ASO,CE,Combined TRACON& Tower with Radar,222,10,2,0,234,0,8,9,0,17,222,18,11,0,251,0,0,0,251
11/25/2022,SDF,KY,ASO,CE,Combined TRACON& Tower with Radar,341,23,10,0,374,0,2,13,0,15,341,25,23,0,389,0,0,0,389
11/26/2022,SDF,KY,ASO,CE,Combined TRACON& Tower with Radar,298,48,18,0,364,0,4,6,0,10,298,52,24,0,374,0,0,0,374
11/27/2022,SDF,KY,ASO,CE,Combined TRACON& Tower with Radar,254,26,41,0,321,0,0,0,0,0,254,26,41,0,321,0,0,0,321
11/28/2022,SDF,KY,ASO,CE,Combined TRACON& Tower with Radar,353,30,31,0,414,0,3,0,0,3,353,33,31,0,417,0,0,0,417
11/29/2022,SDF,KY,ASO,CE,Combined TRACON& Tower with Radar,602,30,19,3,654,0,2,1,9,12,602,32,20,12,666,0,0,0,666
11/30/2022,SDF,KY,ASO,CE,Combined TRACON& Tower with Radar,627,36,25,2,690,0,1,2,3,6,627,37,27,5,696,0,0,0,696
12/01/2022,SDF,KY,ASO,CE,Combined TRACON& Tower with Radar,618,43,25,4,690,0,3,4,3,10,618,46,29,7,700,0,0,0,700
12/02/2022,SDF,KY,ASO,CE,Combined TRACON& Tower with Radar,518,48,24,2,592,0,2,4,3,9,518,50,28,5,601,0,0,0,601
12/03/2022,SDF,KY,ASO,CE,Combined TRACON& Tower with Radar,306,32,6,2,346,0,6,7,0,13,306,38,13,2,359,0,0,0,359
12/04/2022,SDF,KY,ASO,CE,Combined TRACON& Tower with Radar,250,29,20,0,299,0,13,0,1,14,250,42,20,1,313,0,0,0,313
12/05/2022,SDF,KY,ASO,CE,Combined TRACON& Tower with Radar,331,29,21,2,383,0,5,0,0,5,331,34,21,2,388,0,0,0,388
12/06/2022,SDF,KY,ASO,CE,Combined TRACON& Tower with Radar,597,41,39,10,687,0,0,0,0,0,597,41,39,10,687,0,0,0,687
12/07/2022,SDF,KY,ASO,CE,Combined TRACON& Tower with Radar,630,57,33,19,739,0,0,0,0,0,630,57,33,19,739,0,0,0,739
12/08/2022,SDF,KY,ASO,CE,Combined TRACON& Tower with Radar,614,65,37,9,725,0,0,0,0,0,614,65,37,9,725,0,0,0,725
12/09/2022,SDF,KY,ASO,CE,Combined TRACON& Tower with Radar,516,48,29,1,594,0,0,0,0,0,516,48,29,1,594,0,0,0,594
12/10/2022,SDF,KY,ASO,CE,Combined TRACON& Tower with Radar,313,28,13,0,354,0,0,0,0,0,313,28,13,0,354,0,0,0,354
12/11/2022,SDF,KY,ASO,CE,Combined TRACON& Tower with Radar,252,32,11,2,297,0,1,6,0,7,252,33,17,2,304,0,0,0,304
12/12/2022,SDF,KY,ASO,CE,Combined TRACON& Tower with Radar,354,28,26,1,409,0,5,10,0,15,354,33,36,1,424,0,0,0,424
12/13/2022,SDF,KY,ASO,CE,Combined TRACON& Tower with Radar,635,45,22,6,708,0,6,3,1,10,635,51,25,7,718,0,0,0,718
12/14/2022,SDF,KY,ASO,CE,Combined TRACON& Tower with Radar,632,47,29,4,712,0,1,0,0,1,632,48,29,4,713,0,0,0,713
12/15/2022,SDF,KY,ASO,CE,Combined TRACON& Tower with Radar,654,49,23,6,732,0,2,6,1,9,654,51,29,7,741,0,0,0,741
12/16/2022,SDF,KY,ASO,CE,Combined TRACON& Tower with Radar,632,44,25,4,705,0,3,5,1,9,632,47,30,5,714,0,0,0,714
12/17/2022,SDF,KY,ASO,CE,Combined TRACON& Tower with Radar,604,28,13,0,645,0,1,5,0,6,604,29,18,0,651,0,0,0,651
12/18/2022,SDF,KY,ASO,CE,Combined TRACON& Tower with Radar,523,25,21,0,569,0,4,1,2,7,523,29,22,2,576,0,0,0,576
12/19/2022,SDF,KY,ASO,CE,Combined TRACON& Tower with Radar,389,10,23,8,430,0,6,6,4,16,389,16,29,12,446,0,0,0,446
12/20/2022,SDF,KY,ASO,CE,Combined TRACON& Tower with Radar,668,28,23,0,719,0,1,18,1,20,668,29,41,1,739,4,0,4,743
12/21/2022,SDF,KY,ASO,CE,Combined TRACON& Tower with Radar,672,35,21,0,728,0,10,14,1,25,672,45,35,1,753,0,0,0,753
12/22/2022,SDF,KY,ASO,CE,Combined TRACON& Tower with Radar,625,35,15,2,677,0,0,1,0,1,625,35,16,2,678,0,0,0,678
12/23/2022,SDF,KY,ASO,CE,Combined TRACON& Tower with Radar,373,10,8,0,391,0,0,0,0,0,373,10,8,0,391,0,0,0,391
12/24/2022,SDF,KY,ASO,CE,Combined TRACON& Tower with Radar,212,19,7,0,238,0,10,0,0,10,212,29,7,0,248,0,0,0,248
12/25/2022,SDF,KY,ASO,CE,Combined TRACON& Tower with Radar,106,21,4,0,131,0,3,0,0,3,106,24,4,0,134,0,0,0,134
12/26/2022,SDF,KY,ASO,CE,Combined TRACON& Tower with Radar,236,21,19,0,276,0,0,1,0,1,236,21,20,0,277,0,0,0,277
12/27/2022,SDF,KY,ASO,CE,Combined TRACON& Tower with Radar,349,19,20,0,388,0,3,6,0,9,349,22,26,0,397,0,0,0,397
12/28/2022,SDF,KY,ASO,CE,Combined TRACON& Tower with Radar,526,38,13,0,577,0,3,7,0,10,526,41,20,0,587,0,0,0,587
12/29/2022,SDF,KY,ASO,CE,Combined TRACON& Tower with Radar,551,33,15,0,599,0,2,7,0,9,551,35,22,0,608,0,0,0,608
12/30/2022,SDF,KY,ASO,CE,Combined TRACON& Tower with Radar,516,30,23,0,569,0,2,13,0,15,516,32,36,0,584,2,0,2,586
12/31/2022,SDF,KY,ASO,CE,Combined TRACON& Tower with Radar,290,21,5,0,316,0,0,0,0,0,290,21,5,0,316,0,0,0,316
01/01/2023,SDF,KY,ASO,CE,Combined TRACON& Tower with Radar,118,8,5,0,131,0,0,0,0,0,118,8,5,0,131,0,0,0,131
01/02/2023,SDF,KY,ASO,CE,Combined TRACON& Tower with Radar,220,28,30,0,278,0,4,0,0,4,220,32,30,0,282,0,0,0,282
01/03/2023,SDF,KY,ASO,CE,Combined TRACON& Tower with Radar,323,24,12,0,359,0,2,0,0,2,323,26,12,0,361,0,0,0,361
01/04/2023,SDF,KY,ASO,CE,Combined TRACON& Tower with Radar,517,41,18,3,579,0,8,4,3,15,517,49,22,6,594,0,0,0,594
01/05/2023,SDF,KY,ASO,CE,Combined TRACON& Tower with Radar,523,31,16,5,575,0,3,4,2,9,523,34,20,7,584,0,0,0,584
01/06/2023,SDF,KY,ASO,CE,Combined TRACON& Tower with Radar,444,37,18,4,503,0,8,7,0,15,444,45,25,4,518,6,0,6,524
01/07/2023,SDF,KY,ASO,CE,Combined TRACON& Tower with Radar,271,35,9,0,315,0,12,4,0,16,271,47,13,0,331,0,0,0,331
01/08/2023,SDF,KY,ASO,CE,Combined TRACON& Tower with Radar,225,21,14,1,261,0,2,2,0,4,225,23,16,1,265,0,0,0,265
01/09/2023,SDF,KY,ASO,CE,Combined TRACON& Tower with Radar,263,10,9,5,287,0,5,0,3,8,263,15,9,8,295,0,0,0,295
01/10/2023,SDF,KY,ASO,CE,Combined TRACON& Tower with Radar,525,42,11,5,583,0,7,3,7,17,525,49,14,12,600,0,0,0,600
01/11/2023,SDF,KY,ASO,CE,Combined TRACON& Tower with Radar,515,34,24,6,579,0,2,6,5,13,515,36,30,11,592,0,0,0,592
01/12/2023,SDF,KY,ASO,CE,Combined TRACON& Tower with Radar,537,48,25,4,614,0,0,0,0,0,537,48,25,4,614,0,0,0,614
01/13/2023,SDF,KY,ASO,CE,Combined TRACON& Tower with Radar,466,42,15,0,523,0,0,1,0,1,466,42,16,0,524,0,0,0,524
01/14/2023,SDF,KY,ASO,CE,Combined TRACON& Tower with Radar,279,29,12,0,320,0,4,6,0,10,279,33,18,0,330,0,0,0,330
01/15/2023,SDF,KY,ASO,CE,Combined TRACON& Tower with Radar,213,23,12,0,248,0,9,4,0,13,213,32,16,0,261,0,0,0,261
01/16/2023,SDF,KY,ASO,CE,Combined TRACON& Tower with Radar,262,22,12,0,296,0,0,2,0,2,262,22,14,0,298,0,0,0,298
01/17/2023,SDF,KY,ASO,CE,Combined TRACON& Tower with Radar,510,43,20,1,574,0,0,6,0,6,510,43,26,1,580,3,0,3,583
01/18/2023,SDF,KY,ASO,CE,Combined TRACON& Tower with Radar,503,42,27,11,583,0,0,2,2,4,503,42,29,13,587,0,0,0,587
01/19/2023,SDF,KY,ASO,CE,Combined TRACON& Tower with Radar,536,43,22,5,606,0,2,1,4,7,536,45,23,9,613,0,0,0,613
01/20/2023,SDF,KY,ASO,CE,Combined TRACON& Tower with Radar,461,45,11,5,522,0,4,2,0,6,461,49,13,5,528,0,0,0,528
01/21/2023,SDF,KY,ASO,CE,Combined TRACON& Tower with Radar,274,35,4,0,313,0,5,3,2,10,274,40,7,2,323,0,0,0,323
01/22/2023,SDF,KY,ASO,CE,Combined TRACON& Tower with Radar,227,32,10,1,270,0,0,0,0,0,227,32,10,1,270,0,0,0,270
01/23/2023,SDF,KY,ASO,CE,Combined TRACON& Tower with Radar,264,24,30,2,320,0,1,15,1,17,264,25,45,3,337,0,0,0,337
01/24/2023,SDF,KY,ASO,CE,Combined TRACON& Tower with Radar,520,40,19,4,583,0,12,15,7,34,520,52,34,11,617,0,0,0,617
01/25/2023,SDF,KY,ASO,CE,Combined TRACON& Tower with Radar,521,49,20,4,594,0,0,0,0,0,521,49,20,4,594,0,0,0,594
01/26/2023,SDF,KY,ASO,CE,Combined TRACON& Tower with Radar,542,51,13,6,612,0,5,0,1,6,542,56,13,7,618,0,0,0,618
01/27/2023,SDF,KY,ASO,CE,Combined TRACON& Tower with Radar,464,45,27,4,540,0,6,4,2,12,464,51,31,6,552,0,0,0,552
01/28/2023,SDF,KY,ASO,CE,Combined TRACON& Tower with Radar,271,32,12,0,315,0,8,9,2,19,271,40,21,2,334,0,0,0,334
01/29/2023,SDF,KY,ASO,CE,Combined TRACON& Tower with Radar,220,18,15,0,253,0,0,0,0,0,220,18,15,0,253,0,0,0,253
01/30/2023,SDF,KY,ASO,CE,Combined TRACON& Tower with Radar,250,23,25,0,298,0,0,0,0,0,250,23,25,0,298,0,0,0,298
01/31/2023,SDF,KY,ASO,CE,Combined TRACON& Tower with Radar,499,32,15,2,548,0,0,0,0,0,499,32,15,2,548,0,0,0,548
02/01/2023,SDF,KY,ASO,CE,Combined TRACON& Tower with Radar,525,46,18,3,592,0,0,5,4,9,525,46,23,7,601,0,0,0,601
02/02/2023,SDF,KY,ASO,CE,Combined TRACON& Tower with Radar,524,48,23,14,609,0,7,39,2,48,524,55,62,16,657,0,0,0,657
02/03/2023,SDF,KY,ASO,CE,Combined TRACON& Tower with Radar,465,42,15,1,523,0,3,12,3,18,465,45,27,4,541,0,0,0,541
02/04/2023,SDF,KY,ASO,CE,Combined TRACON& Tower with Radar,271,33,7,1,312,0,4,7,0,11,271,37,14,1,323,0,0,0,323
02/05/2023,SDF,KY,ASO,CE,Combined TRACON& Tower with Radar,221,18,17,4,260,0,2,4,0,6,221,20,21,4,266,0,0,0,266
02/06/2023,SDF,KY,ASO,CE,Combined TRACON& Tower with Radar,271,21,26,3,321,0,0,7,2,9,271,21,33,5,330,6,0,6,336
02/07/2023,SDF,KY,ASO,CE,Combined TRACON& Tower with Radar,514,36,21,6,577,0,2,13,1,16,514,38,34,7,593,0,0,0,593
02/08/2023,SDF,KY,ASO,CE,Combined TRACON& Tower with Radar,521,45,26,3,595,0,5,5,3,13,521,50,31,6,608,0,0,0,608
02/09/2023,SDF,KY,ASO,CE,Combined TRACON& Tower with Radar,564,47,6,1,618,0,0,0,2,2,564,47,6,3,620,0,0,0,620
02/10/2023,SDF,KY,ASO,CE,Combined TRACON& Tower with Radar,470,44,15,6,535,0,4,10,0,14,470,48,25,6,549,0,0,0,549
02/11/2023,SDF,KY,ASO,CE,Combined TRACON& Tower with Radar,263,32,14,0,309,0,4,10,0,14,263,36,24,0,323,2,0,2,325
02/12/2023,SDF,KY,ASO,CE,Combined TRACON& Tower with Radar,212,20,13,0,245,0,6,8,0,14,212,26,21,0,259,0,0,0,259
02/13/2023,SDF,KY,ASO,CE,Combined TRACON& Tower with Radar,266,27,13,2,308,0,1,18,3,22,266,28,31,5,330,0,0,0,330
02/14/2023,SDF,KY,ASO,CE,Combined TRACON& Tower with Radar,512,37,27,1,577,0,3,2,4,9,512,40,29,5,586,0,0,0,586
02/15/2023,SDF,KY,ASO,CE,Combined TRACON& Tower with Radar,528,40,49,0,617,0,12,16,2,30,528,52,65,2,647,30,0,30,677
02/16/2023,SDF,KY,ASO,CE,Combined TRACON& Tower with Radar,526,39,32,0,597,0,0,0,0,0,526,39,32,0,597,0,0,0,597
02/17/2023,SDF,KY,ASO,CE,Combined TRACON& Tower with Radar,465,48,43,1,557,0,0,2,4,6,465,48,45,5,563,0,0,0,563
02/18/2023,SDF,KY,ASO,CE,Combined TRACON& Tower with Radar,274,43,27,0,344,0,2,13,0,15,274,45,40,0,359,0,0,0,359
02/19/2023,SDF,KY,ASO,CE,Combined TRACON& Tower with Radar,221,15,19,1,256,0,2,7,0,9,221,17,26,1,265,0,0,0,265
02/20/2023,SDF,KY,ASO,CE,Combined TRACON& Tower with Radar,259,34,23,3,319,0,4,2,0,6,259,38,25,3,325,0,0,0,325
02/21/2023,SDF,KY,ASO,CE,Combined TRACON& Tower with Radar,521,43,13,11,588,0,10,7,2,19,521,53,20,13,607,0,0,0,607
02/22/2023,SDF,KY,ASO,CE,Combined TRACON& Tower with Radar,532,41,20,2,595,0,0,1,0,1,532,41,21,2,596,0,0,0,596
02/23/2023,SDF,KY,ASO,CE,Combined TRACON& Tower with Radar,533,48,32,4,617,0,2,7,4,13,533,50,39,8,630,0,0,0,630
02/24/2023,SDF,KY,ASO,CE,Combined TRACON& Tower with Radar,465,55,22,6,548,0,3,1,0,4,465,58,23,6,552,0,0,0,552
02/25/2023,SDF,KY,ASO,CE,Combined TRACON& Tower with Radar,281,35,15,0,331,0,11,3,0,14,281,46,18,0,345,0,0,0,345
02/26/2023,SDF,KY,ASO,CE,Combined TRACON& Tower with Radar,221,27,12,7,267,0,10,9,3,22,221,37,21,10,289,0,0,0,289
02/27/2023,SDF,KY,ASO,CE,Combined TRACON& Tower with Radar,268,18,13,4,303,0,0,1,0,1,268,18,14,4,304,0,0,0,304
02/28/2023,SDF,KY,ASO,CE,Combined TRACON& Tower with Radar,513,58,20,5,596,0,6,12,5,23,513,64,32,10,619,0,0,0,619
03/01/2023,SDF,KY,ASO,CE,Combined TRACON& Tower with Radar,522,39,26,6,593,0,3,13,2,18,522,42,39,8,611,0,0,0,611
03/02/2023,SDF,KY,ASO,CE,Combined TRACON& Tower with Radar,541,60,23,3,627,0,4,6,0,10,541,64,29,3,637,0,0,0,637
03/03/2023,SDF,KY,ASO,CE,Combined TRACON& Tower with Radar,440,24,13,4,481,0,0,0,0,0,440,24,13,4,481,0,0,0,481
03/04/2023,SDF,KY,ASO,CE,Combined TRACON& Tower with Radar,285,39,11,4,339,0,8,1,3,12,285,47,12,7,351,0,0,0,351
03/05/2023,SDF,KY,ASO,CE,Combined TRACON& Tower with Radar,229,22,17,1,269,0,4,5,0,9,229,26,22,1,278,6,0,6,284
03/06/2023,SDF,KY,ASO,CE,Combined TRACON& Tower with Radar,261,30,9,1,301,0,6,8,0,14,261,36,17,1,315,6,0,6,321
03/07/2023,SDF,KY,ASO,CE,Combined TRACON& Tower with Radar,520,40,21,4,585,0,5,5,3,13,520,45,26,7,598,0,0,0,598
03/08/2023,SDF,KY,ASO,CE,Combined TRACON& Tower with Radar,526,44,21,4,595,0,3,12,7,22,526,47,33,11,617,0,0,0,617
03/09/2023,SDF,KY,ASO,CE,Combined TRACON& Tower with Radar,533,38,16,2,589,0,2,4,2,8,533,40,20,4,597,0,0,0,597
03/10/2023,SDF,KY,ASO,CE,Combined TRACON& Tower with Radar,469,41,15,0,525,0,7,1,0,8,469,48,16,0,533,0,0,0,533
03/11/2023,SDF,KY,ASO,CE,Combined TRACON& Tower with Radar,275,37,16,0,328,0,7,2,0,9,275,44,18,0,337,0,0,0,337
03/12/2023,SDF,KY,ASO,CE,Combined TRACON& Tower with Radar,234,23,13,3,273,0,0,2,0,2,234,23,15,3,275,0,0,0,275
03/13/2023,SDF,KY,ASO,CE,Combined TRACON& Tower with Radar,255,27,18,2,302,0,3,3,0,6,255,30,21,2,308,0,0,0,308
03/14/2023,SDF,KY,ASO,CE,Combined TRACON& Tower with Radar,521,45,15,2,583,0,2,4,2,8,521,47,19,4,591,4,0,4,595
03/15/2023,SDF,KY,ASO,CE,Combined TRACON& Tower with Radar,528,37,17,3,585,0,1,6,5,12,528,38,23,8,597,6,3,9,606
03/16/2023,SDF,KY,ASO,CE,Combined TRACON& Tower with Radar,535,35,27,3,600,0,2,3,3,8,535,37,30,6,608,0,0,0,608
03/17/2023,SDF,KY,ASO,CE,Combined TRACON& Tower with Radar,474,32,7,14,527,0,2,0,0,2,474,34,7,14,529,0,5,5,534
03/18/2023,SDF,KY,ASO,CE,Combined TRACON& Tower with Radar,272,31,9,0,312,0,9,2,0,11,272,40,11,0,323,0,0,0,323
03/19/2023,SDF,KY,ASO,CE,Combined TRACON& Tower with Radar,238,14,20,6,278,0,4,5,0,9,238,18,25,6,287,0,0,0,287
03/20/2023,SDF,KY,ASO,CE,Combined TRACON& Tower with Radar,260,18,21,2,301,0,2,3,0,5,260,20,24,2,306,0,0,0,306
03/21/2023,SDF,KY,ASO,CE,Combined TRACON& Tower with Radar,510,41,17,11,579,0,4,5,4,13,510,45,22,15,592,0,4,4,596
03/22/2023,SDF,KY,ASO,CE,Combined TRACON& Tower with Radar,539,45,25,2,611,0,0,2,0,2,539,45,27,2,613,0,0,0,613
03/23/2023,SDF,KY,ASO,CE,Combined TRACON& Tower with Radar,538,58,29,5,630,0,6,5,0,11,538,64,34,5,641,0,0,0,641
03/24/2023,SDF,KY,ASO,CE,Combined TRACON& Tower with Radar,472,84,41,4,601,0,3,3,0,6,472,87,44,4,607,0,0,0,607
03/25/2023,SDF,KY,ASO,CE,Combined TRACON& Tower with Radar,287,58,32,1,378,0,0,1,0,1,287,58,33,1,379,0,0,0,379
03/26/2023,SDF,KY,ASO,CE,Combined TRACON& Tower with Radar,236,49,24,0,309,0,6,11,1,18,236,55,35,1,327,0,0,0,327
03/27/2023,SDF,KY,ASO,CE,Combined TRACON& Tower with Radar,265,32,17,1,315,0,4,2,0,6,265,36,19,1,321,0,0,0,321
03/28/2023,SDF,KY,ASO,CE,Combined TRACON& Tower with Radar,517,41,26,2,586,0,3,18,4,25,517,44,44,6,611,0,0,0,611
03/29/2023,SDF,KY,ASO,CE,Combined TRACON& Tower with Radar,529,41,24,4,598,0,0,11,5,16,529,41,35,9,614,8,0,8,622
03/30/2023,SDF,KY,ASO,CE,Combined TRACON& Tower with Radar,545,62,53,2,662,0,3,8,2,13,545,65,61,4,675,0,0,0,675
03/31/2023,SDF,KY,ASO,CE,Combined TRACON& Tower with Radar,447,36,48,5,536,0,1,1,0,2,447,37,49,5,538,0,0,0,538
04/01/2023,SDF,KY,ASO,CE,Combined TRACON& Tower with Radar,276,42,20,0,338,0,4,1,0,5,276,46,21,0,343,0,0,0,343
04/02/2023,SDF,KY,ASO,CE,Combined TRACON& Tower with Radar,250,27,30,4,311,0,1,9,2,12,250,28,39,6,323,0,0,0,323
04/03/2023,SDF,KY,ASO,CE,Combined TRACON& Tower with Radar,258,19,14,1,292,0,3,2,0,5,258,22,16,1,297,0,0,0,297
04/04/2023,SDF,KY,ASO,CE,Combined TRACON& Tower with Radar,516,40,8,4,568,0,2,3,3,8,516,42,11,7,576,0,0,0,576
04/05/2023,SDF,KY,ASO,CE,Combined TRACON& Tower with Radar,533,24,20,2,579,0,1,0,0,1,533,25,20,2,580,0,0,0,580
04/06/2023,SDF,KY,ASO,CE,Combined TRACON& Tower with Radar,542,38,22,12,614,0,0,6,2,8,542,38,28,14,622,0,0,0,622
04/07/2023,SDF,KY,ASO,CE,Combined TRACON& Tower with Radar,458,42,14,5,519,0,1,6,0,7,458,43,20,5,526,0,0,0,526
04/08/2023,SDF,KY,ASO,CE,Combined TRACON& Tower with Radar,277,31,16,5,329,0,4,12,0,16,277,35,28,5,345,2,0,2,347
04/09/2023,SDF,KY,ASO,CE,Combined TRACON& Tower with Radar,238,21,8,0,267,0,9,5,0,14,238,30,13,0,281,0,0,0,281
04/10/2023,SDF,KY,ASO,CE,Combined TRACON& Tower with Radar,269,18,25,1,313,0,1,11,0,12,269,19,36,1,325,0,0,0,325
04/11/2023,SDF,KY,ASO,CE,Combined TRACON& Tower with Radar,524,47,7,2,580,0,0,1,5,6,524,47,8,7,586,0,0,0,586
04/12/2023,SDF,KY,ASO,CE,Combined TRACON& Tower with Radar,527,43,38,1,609,0,2,8,3,13,527,45,46,4,622,0,0,0,622
04/13/2023,SDF,KY,ASO,CE,Combined TRACON& Tower with Radar,539,37,21,1,598,0,3,13,5,21,539,40,34,6,619,0,0,0,619
04/14/2023,SDF,KY,ASO,CE,Combined TRACON& Tower with Radar,458,43,25,1,527,0,5,7,2,14,458,48,32,3,541,0,0,0,541
04/15/2023,SDF,KY,ASO,CE,Combined TRACON& Tower with Radar,280,36,17,0,333,0,2,2,0,4,280,38,19,0,337,0,0,0,337
04/16/2023,SDF,KY,ASO,CE,Combined TRACON& Tower with Radar,237,34,19,4,294,0,2,4,0,6,237,36,23,4,300,0,0,0,300
04/17/2023,SDF,KY,ASO,CE,Combined TRACON& Tower with Radar,262,21,31,0,314,0,1,1,0,2,262,22,32,0,316,0,0,0,316
04/18/2023,SDF,KY,ASO,CE,Combined TRACON& Tower with Radar,530,50,24,1,605,0,4,3,5,12,530,54,27,6,617,0,0,0,617
04/19/2023,SDF,KY,ASO,CE,Combined TRACON& Tower with Radar,511,43,26,3,583,0,6,6,7,19,511,49,32,10,602,0,0,0,602
04/20/2023,SDF,KY,ASO,CE,Combined TRACON& Tower with Radar,546,41,30,9,626,0,6,8,1,15,546,47,38,10,641,0,0,0,641
04/21/2023,SDF,KY,ASO,CE,Combined TRACON& Tower with Radar,467,39,25,13,544,0,0,7,10,17,467,39,32,23,561,0,0,0,561
04/22/2023,SDF,KY,ASO,CE,Combined TRACON& Tower with Radar,288,32,9,3,332,1,6,5,34,46,289,38,14,37,378,0,0,0,378
04/23/2023,SDF,KY,ASO,CE,Combined TRACON& Tower with Radar,246,35,16,8,305,0,0,8,4,12,246,35,24,12,317,0,0,0,317
04/24/2023,SDF,KY,ASO,CE,Combined TRACON& Tower with Radar,256,25,14,6,301,0,10,5,0,15,256,35,19,6,316,0,0,0,316
04/25/2023,SDF,KY,ASO,CE,Combined TRACON& Tower with Radar,528,50,11,3,592,0,2,9,4,15,528,52,20,7,607,0,0,0,607
04/26/2023,SDF,KY,ASO,CE,Combined TRACON& Tower with Radar,522,56,20,8,606,0,6,29,17,52,522,62,49,25,658,0,0,0,658
04/27/2023,SDF,KY,ASO,CE,Combined TRACON& Tower with Radar,531,48,23,6,608,0,2,1,2,5,531,50,24,8,613,0,0,0,613
04/28/2023,SDF,KY,ASO,CE,Combined TRACON& Tower with Radar,474,42,14,4,534,0,0,0,0,0,474,42,14,4,534,0,0,0,534
04/29/2023,SDF,KY,ASO,CE,Combined TRACON& Tower with Radar,286,43,23,1,353,0,3,8,0,11,286,46,31,1,364,0,0,0,364
04/30/2023,SDF,KY,ASO,CE,Combined TRACON& Tower with Radar,235,29,21,1,286,0,6,6,0,12,235,35,27,1,298,0,0,0,298
05/01/2023,SDF,KY,ASO,CE,Combined TRACON& Tower with Radar,248,22,23,0,293,0,0,3,0,3,248,22,26,0,296,0,0,0,296
05/02/2023,SDF,KY,ASO,CE,Combined TRACON& Tower with Radar,526,44,23,4,597,0,0,9,0,9,526,44,32,4,606,0,0,0,606
05/03/2023,SDF,KY,ASO,CE,Combined TRACON& Tower with Radar,544,75,37,3,659,0,0,6,1,7,544,75,43,4,666,0,0,0,666
05/04/2023,SDF,KY,ASO,CE,Combined TRACON& Tower with Radar,620,215,174,2,1011,0,9,13,1,23,620,224,187,3,1034,0,0,0,1034
05/05/2023,SDF,KY,ASO,CE,Combined TRACON& Tower with Radar,482,119,82,2,685,0,11,16,0,27,482,130,98,2,712,0,0,0,712
05/06/2023,SDF,KY,ASO,CE,Combined TRACON& Tower with Radar,295,140,144,0,579,0,9,14,4,27,295,149,158,4,606,0,0,0,606
05/07/2023,SDF,KY,ASO,CE,Combined TRACON& Tower with Radar,340,188,164,2,694,0,0,1,0,1,340,188,165,2,695,0,0,0,695
05/08/2023,SDF,KY,ASO,CE,Combined TRACON& Tower with Radar,274,47,28,2,351,0,0,0,2,2,274,47,28,4,353,0,0,0,353
05/09/2023,SDF,KY,ASO,CE,Combined TRACON& Tower with Radar,494,47,25,2,568,0,0,8,5,13,494,47,33,7,581,0,0,0,581
05/10/2023,SDF,KY,ASO,CE,Combined TRACON& Tower with Radar,539,51,32,1,623,0,1,10,2,13,539,52,42,3,636,0,0,0,636
05/11/2023,SDF,KY,ASO,CE,Combined TRACON& Tower with Radar,555,53,24,7,639,0,2,6,3,11,555,55,30,10,650,4,0,4,654
05/12/2023,SDF,KY,ASO,CE,Combined TRACON& Tower with Radar,485,38,17,3,543,0,0,1,0,1,485,38,18,3,544,0,0,0,544
05/13/2023,SDF,KY,ASO,CE,Combined TRACON& Tower with Radar,313,38,19,0,370,0,1,0,0,1,313,39,19,0,371,0,0,0,371
05/14/2023,SDF,KY,ASO,CE,Combined TRACON& Tower with Radar,244,16,15,0,275,0,0,4,0,4,244,16,19,0,279,0,0,0,279
05/15/2023,SDF,KY,ASO,CE,Combined TRACON& Tower with Radar,276,20,24,7,327,0,2,5,0,7,276,22,29,7,334,0,0,0,334
05/16/2023,SDF,KY,ASO,CE,Combined TRACON& Tower with Radar,539,36,23,4,602,0,0,2,0,2,539,36,25,4,604,0,0,0,604
05/17/2023,SDF,KY,ASO,CE,Combined TRACON& Tower with Radar,540,37,21,2,600,0,2,10,8,20,540,39,31,10,620,0,0,0,620
05/18/2023,SDF,KY,ASO,CE,Combined TRACON& Tower with Radar,562,34,27,4,627,0,2,14,3,19,562,36,41,7,646,0,0,0,646
05/19/2023,SDF,KY,ASO,CE,Combined TRACON& Tower with Radar,497,52,27,13,589,0,4,5,8,17,497,56,32,21,606,12,0,12,618
05/20/2023,SDF,KY,ASO,CE,Combined TRACON& Tower with Radar,302,40,22,3,367,0,4,1,6,11,302,44,23,9,378,0,0,0,378
05/21/2023,SDF,KY,ASO,CE,Combined TRACON& Tower with Radar,250,25,28,0,303,0,4,0,4,8,250,29,28,4,311,0,0,0,311
05/22/2023,SDF,KY,ASO,CE,Combined TRACON& Tower with Radar,263,16,17,0,296,0,4,5,0,9,263,20,22,0,305,0,0,0,305
05/23/2023,SDF,KY,ASO,CE,Combined TRACON& Tower with Radar,547,42,14,2,605,0,2,13,8,23,547,44,27,10,628,0,0,0,628
05/24/2023,SDF,KY,ASO,CE,Combined TRACON& Tower with Radar,536,57,34,1,628,0,4,12,10,26,536,61,46,11,654,0,0,0,654
05/25/2023,SDF,KY,ASO,CE,Combined TRACON& Tower with Radar,538,34,33,2,607,0,0,5,3,8,538,34,38,5,615,0,0,0,615
05/26/2023,SDF,KY,ASO,CE,Combined TRACON& Tower with Radar,506,39,28,4,577,0,2,9,0,11,506,41,37,4,588,16,0,16,604
05/27/2023,SDF,KY,ASO,CE,Combined TRACON& Tower with Radar,294,33,8,0,335,0,5,2,2,9,294,38,10,2,344,0,0,0,344
05/28/2023,SDF,KY,ASO,CE,Combined TRACON& Tower with Radar,229,21,7,1,258,0,2,0,0,2,229,23,7,1,260,0,0,0,260
05/29/2023,SDF,KY,ASO,CE,Combined TRACON& Tower with Radar,202,11,15,7,235,0,4,10,2,16,202,15,25,9,251,0,0,0,251
05/30/2023,SDF,KY,ASO,CE,Combined TRACON& Tower with Radar,359,21,20,9,409,0,2,23,11,36,359,23,43,20,445,0,0,0,445
05/31/2023,SDF,KY,ASO,CE,Combined TRACON& Tower with Radar,536,29,25,2,592,0,3,8,0,11,536,32,33,2,603,10,12,22,625
06/01/2023,SDF,KY,ASO,CE,Combined TRACON& Tower with Radar,550,41,25,0,616,1,5,14,2,22,551,46,39,2,638,0,0,0,638
06/02/2023,SDF,KY,ASO,CE,Combined TRACON& Tower with Radar,451,36,27,1,515,0,5,3,4,12,451,41,30,5,527,0,0,0,527
06/03/2023,SDF,KY,ASO,CE,Combined TRACON& Tower with Radar,291,42,17,0,350,0,10,11,4,25,291,52,28,4,375,0,0,0,375
06/04/2023,SDF,KY,ASO,CE,Combined TRACON& Tower with Radar,250,30,21,1,302,0,3,8,0,11,250,33,29,1,313,0,0,0,313
06/05/2023,SDF,KY,ASO,CE,Combined TRACON& Tower with Radar,272,25,15,5,317,0,8,7,2,17,272,33,22,7,334,0,0,0,334
06/06/2023,SDF,KY,ASO,CE,Combined TRACON& Tower with Radar,514,53,12,2,581,0,6,1,6,13,514,59,13,8,594,0,0,0,594
06/07/2023,SDF,KY,ASO,CE,Combined TRACON& Tower with Radar,537,48,33,5,623,1,2,6,0,9,538,50,39,5,632,0,0,0,632
06/08/2023,SDF,KY,ASO,CE,Combined TRACON& Tower with Radar,526,40,19,2,587,0,4,8,3,15,526,44,27,5,602,0,0,0,602
06/09/2023,SDF,KY,ASO,CE,Combined TRACON& Tower with Radar,447,53,15,7,522,0,3,8,3,14,447,56,23,10,536,0,0,0,536
06/10/2023,SDF,KY,ASO,CE,Combined TRACON& Tower with Radar,311,40,10,4,365,0,2,7,1,10,311,42,17,5,375,0,0,0,375
06/11/2023,SDF,KY,ASO,CE,Combined TRACON& Tower with Radar,250,30,21,1,302,0,3,8,0,11,250,33,29,1,313,0,0,0,313
06/12/2023,SDF,KY,ASO,CE,Combined TRACON& Tower with Radar,264,27,23,4,318,1,4,5,0,10,265,31,28,4,328,0,0,0,328
06/13/2023,SDF,KY,ASO,CE,Combined TRACON& Tower with Radar,543,40,17,1,601,0,2,4,3,9,543,42,21,4,610,0,0,0,610
06/14/2023,SDF,KY,ASO,CE,Combined TRACON& Tower with Radar,523,45,24,4,596,1,4,3,2,10,524,49,27,6,606,0,0,0,606
06/15/2023,SDF,KY,ASO,CE,Combined TRACON& Tower with Radar,527,40,22,7,596,0,0,4,3,7,527,40,26,10,603,0,0,0,603
06/16/2023,SDF,KY,ASO,CE,Combined TRACON& Tower with Radar,466,53,17,5,541,0,1,3,0,4,466,54,20,5,545,0,0,0,545
06/17/2023,SDF,KY,ASO,CE,Combined TRACON& Tower with Radar,313,44,10,0,367,0,1,7,0,8,313,45,17,0,375,0,0,0,375
06/18/2023,SDF,KY,ASO,CE,Combined TRACON& Tower with Radar,254,29,10,1,294,0,2,3,2,7,254,31,13,3,301,0,0,0,301
06/19/2023,SDF,KY,ASO,CE,Combined TRACON& Tower with Radar,272,34,19,0,325,0,0,0,2,2,272,34,19,2,327,0,0,0,327
06/20/2023,SDF,KY,ASO,CE,Combined TRACON& Tower with Radar,513,51,29,2,595,0,0,0,0,0,513,51,29,2,595,0,0,0,595
06/21/2023,SDF,KY,ASO,CE,Combined TRACON& Tower with Radar,523,44,17,3,587,0,2,4,3,9,523,46,21,6,596,0,0,0,596
06/22/2023,SDF,KY,ASO,CE,Combined TRACON& Tower with Radar,531,57,43,13,644,0,3,5,1,9,531,60,48,14,653,0,0,0,653
06/23/2023,SDF,KY,ASO,CE,Combined TRACON& Tower with Radar,460,49,16,6,531,0,2,0,3,5,460,51,16,9,536,0,0,0,536
06/24/2023,SDF,KY,ASO,CE,Combined TRACON& Tower with Radar,311,40,14,3,368,0,2,2,0,4,311,42,16,3,372,0,0,0,372
06/25/2023,SDF,KY,ASO,CE,Combined TRACON& Tower with Radar,226,15,16,8,265,0,0,1,0,1,226,15,17,8,266,0,0,0,266
06/26/2023,SDF,KY,ASO,CE,Combined TRACON& Tower with Radar,271,39,23,0,333,0,2,6,0,8,271,41,29,0,341,0,0,0,341
06/27/2023,SDF,KY,ASO,CE,Combined TRACON& Tower with Radar,524,49,20,0,593,0,4,2,0,6,524,53,22,0,599,0,0,0,599
06/28/2023,SDF,KY,ASO,CE,Combined TRACON& Tower with Radar,527,52,20,0,599,0,0,2,0,2,527,52,22,0,601,0,0,0,601
06/29/2023,SDF,KY,ASO,CE,Combined TRACON& Tower with Radar,529,49,30,0,608,0,0,0,0,0,529,49,30,0,608,0,0,0,608
06/30/2023,SDF,KY,ASO,CE,Combined TRACON& Tower with Radar,453,36,33,4,526,0,7,4,2,13,453,43,37,6,539,0,0,0,539
07/01/2023,SDF,KY,ASO,CE,Combined TRACON& Tower with Radar,317,28,19,2,366,0,0,4,0,4,317,28,23,2,370,0,0,0,370
07/02/2023,SDF,KY,ASO,CE,Combined TRACON& Tower with Radar,250,13,11,2,276,0,0,0,2,2,250,13,11,4,278,0,0,0,278
07/03/2023,SDF,KY,ASO,CE,Combined TRACON& Tower with Radar,261,9,6,2,278,0,1,4,2,7,261,10,10,4,285,0,0,0,285
07/04/2023,SDF,KY,ASO,CE,Combined TRACON& Tower with Radar,275,9,2,2,288,0,3,7,0,10,275,12,9,2,298,0,0,0,298
07/05/2023,SDF,KY,ASO,CE,Combined TRACON& Tower with Radar,425,29,25,1,480,0,4,8,2,14,425,33,33,3,494,0,0,0,494
07/06/2023,SDF,KY,ASO,CE,Combined TRACON& Tower with Radar,520,36,17,4,577,0,2,7,6,15,520,38,24,10,592,0,0,0,592
07/07/2023,SDF,KY,ASO,CE,Combined TRACON& Tower with Radar,447,29,20,3,499,0,2,11,2,15,447,31,31,5,514,0,0,0,514
07/08/2023,SDF,KY,ASO,CE,Combined TRACON& Tower with Radar,316,35,11,1,363,0,1,1,0,2,316,36,12,1,365,0,0,0,365
07/09/2023,SDF,KY,ASO,CE,Combined TRACON& Tower with Radar,252,36,24,0,312,0,0,2,2,4,252,36,26,2,316,0,0,0,316
07/10/2023,SDF,KY,ASO,CE,Combined TRACON& Tower with Radar,276,29,15,2,322,0,6,0,0,6,276,35,15,2,328,0,0,0,328
07/11/2023,SDF,KY,ASO,CE,Combined TRACON& Tower with Radar,518,39,19,14,590,0,6,9,7,22,518,45,28,21,612,0,0,0,612
07/12/2023,SDF,KY,ASO,CE,Combined TRACON& Tower with Radar,540,53,38,2,633,0,0,7,8,15,540,53,45,10,648,0,0,0,648
07/13/2023,SDF,KY,ASO,CE,Combined TRACON& Tower with Radar,532,40,25,4,601,0,6,14,5,25,532,46,39,9,626,0,0,0,626
07/14/2023,SDF,KY,ASO,CE,Combined TRACON& Tower with Radar,468,35,10,6,519,0,3,8,5,16,468,38,18,11,535,0,0,0,535
07/15/2023,SDF,KY,ASO,CE,Combined TRACON& Tower with Radar,305,32,6,2,345,0,3,1,3,7,305,35,7,5,352,0,0,0,352
07/16/2023,SDF,KY,ASO,CE,Combined TRACON& Tower with Radar,248,13,9,2,272,0,4,2,4,10,248,17,11,6,282,0,0,0,282
07/17/2023,SDF,KY,ASO,CE,Combined TRACON& Tower with Radar,293,23,25,1,342,0,8,2,4,14,293,31,27,5,356,0,0,0,356
07/18/2023,SDF,KY,ASO,CE,Combined TRACON& Tower with Radar,532,35,18,7,592,0,0,0,1,1,532,35,18,8,593,0,0,0,593
07/19/2023,SDF,KY,ASO,CE,Combined TRACON& Tower with Radar,564,47,12,6,629,0,0,4,6,10,564,47,16,12,639,0,0,0,639
07/20/2023,SDF,KY,ASO,CE,Combined TRACON& Tower with Radar,530,34,19,5,588,0,7,6,3,16,530,41,25,8,604,0,0,0,604
07/21/2023,SDF,KY,ASO,CE,Combined TRACON& Tower with Radar,458,42,20,0,520,0,1,7,0,8,458,43,27,0,528,0,0,0,528
07/22/2023,SDF,KY,ASO,CE,Combined TRACON& Tower with Radar,322,33,10,1,366,0,2,4,0,6,322,35,14,1,372,0,0,0,372
07/23/2023,SDF,KY,ASO,CE,Combined TRACON& Tower with Radar,253,19,13,0,285,0,2,6,4,12,253,21,19,4,297,0,0,0,297
07/24/2023,SDF,KY,ASO,CE,Combined TRACON& Tower with Radar,283,27,12,0,322,0,2,0,0,2,283,29,12,0,324,0,0,0,324
07/25/2023,SDF,KY,ASO,CE,Combined TRACON& Tower with Radar,509,34,20,1,564,0,1,6,5,12,509,35,26,6,576,0,0,0,576
07/26/2023,SDF,KY,ASO,CE,Combined TRACON& Tower with Radar,504,50,18,4,576,0,5,1,7,13,504,55,19,11,589,0,0,0,589
07/27/2023,SDF,KY,ASO,CE,Combined TRACON& Tower with Radar,518,36,23,6,583,0,5,1,4,10,518,41,24,10,593,0,0,0,593
07/28/2023,SDF,KY,ASO,CE,Combined TRACON& Tower with Radar,424,43,18,2,487,0,4,3,0,7,424,47,21,2,494,0,0,0,494
07/29/2023,SDF,KY,ASO,CE,Combined TRACON& Tower with Radar,316,37,10,7,370,0,9,3,3,15,316,46,13,10,385,0,0,0,385
07/30/2023,SDF,KY,ASO,CE,Combined TRACON& Tower with Radar,253,19,9,2,283,0,3,4,0,7,253,22,13,2,290,0,0,0,290
07/31/2023,SDF,KY,ASO,CE,Combined TRACON& Tower with Radar,281,25,8,4,318,0,2,4,3,9,281,27,12,7,327,0,0,0,327
08/01/2023,SDF,KY,ASO,CE,Combined TRACON& Tower with Radar,501,45,22,9,577,0,0,9,7,16,501,45,31,16,593,0,0,0,593
08/02/2023,SDF,KY,ASO,CE,Combined TRACON& Tower with Radar,503,45,14,6,568,0,5,3,1,9,503,50,17,7,577,0,0,0,577
08/03/2023,SDF,KY,ASO,CE,Combined TRACON& Tower with Radar,502,32,16,4,554,0,4,1,1,6,502,36,17,5,560,0,0,0,560
08/04/2023,SDF,KY,ASO,CE,Combined TRACON& Tower with Radar,432,23,11,5,471,0,5,9,1,15,432,28,20,6,486,0,0,0,486
08/05/2023,SDF,KY,ASO,CE,Combined TRACON& Tower with Radar,298,30,8,5,341,0,5,8,8,21,298,35,16,13,362,0,0,0,362
08/06/2023,SDF,KY,ASO,CE,Combined TRACON& Tower with Radar,240,13,13,4,270,0,0,1,3,4,240,13,14,7,274,0,0,0,274
08/07/2023,SDF,KY,ASO,CE,Combined TRACON& Tower with Radar,256,15,21,1,293,0,0,0,0,0,256,15,21,1,293,0,0,0,293
08/08/2023,SDF,KY,ASO,CE,Combined TRACON& Tower with Radar,516,43,12,3,574,0,7,10,5,22,516,50,22,8,596,1,1,2,598
08/09/2023,SDF,KY,ASO,CE,Combined TRACON& Tower with Radar,497,40,15,2,554,0,2,7,3,12,497,42,22,5,566,0,0,0,566
08/10/2023,SDF,KY,ASO,CE,Combined TRACON& Tower with Radar,516,28,28,0,572,0,12,5,0,17,516,40,33,0,589,0,0,0,589
08/11/2023,SDF,KY,ASO,CE,Combined TRACON& Tower with Radar,416,23,13,4,456,0,2,4,0,6,416,25,17,4,462,0,0,0,462
08/12/2023,SDF,KY,ASO,CE,Combined TRACON& Tower with Radar,310,26,9,0,345,0,11,7,1,19,310,37,16,1,364,0,0,0,364
08/13/2023,SDF,KY,ASO,CE,Combined TRACON& Tower with Radar,243,21,8,3,275,0,6,2,2,10,243,27,10,5,285,0,0,0,285
08/14/2023,SDF,KY,ASO,CE,Combined TRACON& Tower with Radar,265,17,14,3,299,0,0,2,2,4,265,17,16,5,303,0,0,0,303
08/15/2023,SDF,KY,ASO,CE,Combined TRACON& Tower with Radar,506,42,23,4,575,0,5,2,5,12,506,47,25,9,587,0,0,0,587
08/16/2023,SDF,KY,ASO,CE,Combined TRACON& Tower with Radar,495,48,19,4,566,0,0,5,2,7,495,48,24,6,573,0,0,0,573
08/17/2023,SDF,KY,ASO,CE,Combined TRACON& Tower with Radar,504,40,29,7,580,0,4,3,7,14,504,44,32,14,594,0,0,0,594
08/18/2023,SDF,KY,ASO,CE,Combined TRACON& Tower with Radar,425,37,16,6,484,0,0,6,1,7,425,37,22,7,491,0,0,0,491
08/19/2023,SDF,KY,ASO,CE,Combined TRACON& Tower with Radar,313,28,17,2,360,0,8,2,5,15,313,36,19,7,375,0,0,0,375
08/20/2023,SDF,KY,ASO,CE,Combined TRACON& Tower with Radar,237,20,12,2,271,0,0,1,3,4,237,20,13,5,275,0,0,0,275
08/21/2023,SDF,KY,ASO,CE,Combined TRACON& Tower with Radar,268,8,26,0,302,0,5,7,0,12,268,13,33,0,314,0,0,0,314
08/22/2023,SDF,KY,ASO,CE,Combined TRACON& Tower with Radar,497,29,16,4,546,0,6,12,6,24,497,35,28,10,570,0,0,0,570
08/23/2023,SDF,KY,ASO,CE,Combined TRACON& Tower with Radar,504,36,29,2,571,0,2,22,4,28,504,38,51,6,599,0,0,0,599
08/24/2023,SDF,KY,ASO,CE,Combined TRACON& Tower with Radar,503,41,25,4,573,0,0,10,1,11,503,41,35,5,584,0,0,0,584
08/25/2023,SDF,KY,ASO,CE,Combined TRACON& Tower with Radar,411,41,23,3,478,0,0,3,0,3,411,41,26,3,481,0,0,0,481
08/26/2023,SDF,KY,ASO,CE,Combined TRACON& Tower with Radar,326,35,13,1,375,0,0,5,0,5,326,35,18,1,380,0,0,0,380
08/27/2023,SDF,KY,ASO,CE,Combined TRACON& Tower with Radar,228,35,28,0,291,0,3,2,0,5,228,38,30,0,296,0,0,0,296
08/28/2023,SDF,KY,ASO,CE,Combined TRACON& Tower with Radar,269,18,17,4,308,0,3,3,0,6,269,21,20,4,314,0,0,0,314
08/29/2023,SDF,KY,ASO,CE,Combined TRACON& Tower with Radar,504,32,16,6,558,0,1,6,3,10,504,33,22,9,568,0,0,0,568
08/30/2023,SDF,KY,ASO,CE,Combined TRACON& Tower with Radar,493,42,18,3,556,0,4,8,3,15,493,46,26,6,571,0,0,0,571
08/31/2023,SDF,KY,ASO,CE,Combined TRACON& Tower with Radar,528,34,17,4,583,0,2,3,0,5,528,36,20,4,588,0,0,0,588
