01/01/2000,SDL,AZ,AWP,WE,Towers with Display (VFR),0,4,38,0,42,0,1,95,0,96,0,5,133,0,138,43,0,43,181
01/02/2000,SDL,AZ,AWP,WE,Towers with Display (VFR),0,12,126,0,138,0,4,88,0,92,0,16,214,0,230,109,0,109,339
01/03/2000,SDL,AZ,AWP,WE,Towers with Display (VFR),0,10,101,0,111,0,14,183,0,197,0,24,284,0,308,201,0,201,509
01/04/2000,SDL,AZ,AWP,WE,Towers with Display (VFR),0,10,100,0,110,0,13,233,0,246,0,23,333,0,356,157,0,157,513
01/05/2000,SDL,AZ,AWP,WE,Towers with Display (VFR),0,8,75,0,83,0,10,271,0,281,0,18,346,0,364,168,0,168,532
01/06/2000,SDL,AZ,AWP,WE,Towers with Display (VFR),0,9,90,0,99,0,13,220,0,233,0,22,310,0,332,131,0,131,463
01/07/2000,SDL,AZ,AWP,WE,Towers with Display (VFR),0,6,74,0,80,0,0,255,0,255,0,6,329,0,335,218,0,218,553
01/08/2000,SDL,AZ,AWP,WE,Towers with Display (VFR),0,6,54,0,60,0,15,255,0,270,0,21,309,0,330,246,0,246,576
01/09/2000,SDL,AZ,AWP,WE,Towers with Display (VFR),0,8,77,0,85,0,9,246,0,255,0,17,323,0,340,239,0,239,579
01/10/2000,SDL,AZ,AWP,WE,Towers with Display (VFR),0,7,85,0,92,0,0,190,0,190,0,7,275,0,282,212,0,212,494
01/11/2000,SDL,AZ,AWP,WE,Towers with Display (VFR),0,12,125,0,137,0,4,266,1,271,0,16,391,1,408,342,0,342,750
01/12/2000,SDL,AZ,AWP,WE,Towers with Display (VFR),0,10,106,0,116,0,1,283,2,286,0,11,389,2,402,228,0,228,630
01/13/2000,SDL,AZ,AWP,WE,Towers with Display (VFR),0,7,103,0,110,0,0,233,1,234,0,7,336,1,344,233,0,233,577
01/14/2000,SDL,AZ,AWP,WE,Towers with Display (VFR),0,12,129,0,141,0,6,275,0,281,0,18,404,0,422,267,0,267,689
01/15/2000,SDL,AZ,AWP,WE,Towers with Display (VFR),0,10,107,0,117,0,3,384,0,387,0,13,491,0,504,280,0,280,784
01/16/2000,SDL,AZ,AWP,WE,Towers with Display (VFR),0,11,118,0,129,0,20,268,0,288,0,31,386,0,417,321,0,321,738
01/17/2000,SDL,AZ,AWP,WE,Towers with Display (VFR),0,8,109,0,117,0,0,282,0,282,0,8,391,0,399,296,0,296,695
01/18/2000,SDL,AZ,AWP,WE,Towers with Display (VFR),0,8,105,0,113,0,0,253,0,253,0,8,358,0,366,203,0,203,569
01/19/2000,SDL,AZ,AWP,WE,Towers with Display (VFR),0,10,107,0,117,0,4,309,0,313,0,14,416,0,430,223,0,223,653
01/20/2000,SDL,AZ,AWP,WE,Towers with Display (VFR),0,12,139,0,151,0,5,303,0,308,0,17,442,0,459,200,0,200,659
01/21/2000,SDL,AZ,AWP,WE,Towers with Display (VFR),0,18,203,0,221,0,35,313,0,348,0,53,516,0,569,203,0,203,772
01/22/2000,SDL,AZ,AWP,WE,Towers with Display (VFR),0,10,117,0,127,0,21,305,0,326,0,31,422,0,453,303,0,303,756
01/23/2000,SDL,AZ,AWP,WE,Towers with Display (VFR),0,12,134,0,146,0,14,246,0,260,0,26,380,0,406,181,5,186,592
01/24/2000,SDL,AZ,AWP,WE,Towers with Display (VFR),0,10,108,0,118,0,10,237,0,247,0,20,345,0,365,342,0,342,707
01/25/2000,SDL,AZ,AWP,WE,Towers with Display (VFR),0,9,107,0,116,0,7,223,0,230,0,16,330,0,346,210,0,210,556
01/26/2000,SDL,AZ,AWP,WE,Towers with Display (VFR),0,10,117,0,127,0,15,214,0,229,0,25,331,0,356,137,0,137,493
01/27/2000,SDL,AZ,AWP,WE,Towers with Display (VFR),0,7,81,0,88,0,6,324,0,330,0,13,405,0,418,185,0,185,603
01/28/2000,SDL,AZ,AWP,WE,Towers with Display (VFR),0,9,106,0,115,0,7,361,0,368,0,16,467,0,483,153,0,153,636
01/29/2000,SDL,AZ,AWP,WE,Towers with Display (VFR),0,6,72,0,78,0,16,403,4,423,0,22,475,4,501,292,0,292,793
01/30/2000,SDL,AZ,AWP,WE,Towers with Display (VFR),0,11,129,0,140,0,43,281,1,325,0,54,410,1,465,249,0,249,714
01/31/2000,SDL,AZ,AWP,WE,Towers with Display (VFR),0,12,131,0,143,0,11,274,0,285,0,23,405,0,428,257,0,257,685
02/01/2000,SDL,AZ,AWP,WE,Towers with Display (VFR),0,11,93,0,104,0,10,299,0,309,0,21,392,0,413,214,0,214,627
02/02/2000,SDL,AZ,AWP,WE,Towers with Display (VFR),0,19,153,0,172,0,9,254,0,263,0,28,407,0,435,278,0,278,713
02/03/2000,SDL,AZ,AWP,WE,Towers with Display (VFR),0,15,119,0,134,0,1,304,0,305,0,16,423,0,439,158,0,158,597
02/04/2000,SDL,AZ,AWP,WE,Towers with Display (VFR),0,12,95,0,107,0,1,364,0,365,0,13,459,0,472,204,0,204,676
02/05/2000,SDL,AZ,AWP,WE,Towers with Display (VFR),0,10,77,0,87,0,18,276,2,296,0,28,353,2,383,313,0,313,696
02/06/2000,SDL,AZ,AWP,WE,Towers with Display (VFR),0,11,92,0,103,0,12,261,0,273,0,23,353,0,376,203,0,203,579
02/07/2000,SDL,AZ,AWP,WE,Towers with Display (VFR),0,14,113,0,127,0,1,274,0,275,0,15,387,0,402,310,0,310,712
02/08/2000,SDL,AZ,AWP,WE,Towers with Display (VFR),0,12,93,0,105,0,0,284,0,284,0,12,377,0,389,227,0,227,616
02/09/2000,SDL,AZ,AWP,WE,Towers with Display (VFR),0,9,95,0,104,0,0,297,0,297,0,9,392,0,401,429,0,429,830
02/10/2000,SDL,AZ,AWP,WE,Towers with Display (VFR),0,16,127,0,143,0,1,206,24,231,0,17,333,24,374,485,0,485,859
02/11/2000,SDL,AZ,AWP,WE,Towers with Display (VFR),0,14,115,0,129,0,19,312,0,331,0,33,427,0,460,431,0,431,891
02/12/2000,SDL,AZ,AWP,WE,Towers with Display (VFR),0,5,76,0,81,0,0,175,18,193,0,5,251,18,274,444,0,444,718
02/13/2000,SDL,AZ,AWP,WE,Towers with Display (VFR),0,13,110,0,123,0,20,239,0,259,0,33,349,0,382,380,0,380,762
02/14/2000,SDL,AZ,AWP,WE,Towers with Display (VFR),0,9,79,0,88,0,7,231,0,238,0,16,310,0,326,334,0,334,660
02/15/2000,SDL,AZ,AWP,WE,Towers with Display (VFR),0,16,141,0,157,0,5,233,0,238,0,21,374,0,395,177,0,177,572
02/16/2000,SDL,AZ,AWP,WE,Towers with Display (VFR),0,15,130,0,145,0,3,203,0,206,0,18,333,0,351,304,0,304,655
02/17/2000,SDL,AZ,AWP,WE,Towers with Display (VFR),0,17,152,0,169,0,13,220,0,233,0,30,372,0,402,218,0,218,620
02/18/2000,SDL,AZ,AWP,WE,Towers with Display (VFR),0,22,194,0,216,0,10,262,0,272,0,32,456,0,488,229,0,229,717
02/19/2000,SDL,AZ,AWP,WE,Towers with Display (VFR),0,14,128,0,142,0,20,301,0,321,0,34,429,0,463,263,0,263,726
02/20/2000,SDL,AZ,AWP,WE,Towers with Display (VFR),0,16,139,0,155,0,7,203,0,210,0,23,342,0,365,109,0,109,474
02/21/2000,SDL,AZ,AWP,WE,Towers with Display (VFR),0,13,150,0,163,0,0,151,0,151,0,13,301,0,314,224,0,224,538
02/22/2000,SDL,AZ,AWP,WE,Towers with Display (VFR),0,18,156,0,174,0,2,229,0,231,0,20,385,0,405,359,0,359,764
02/23/2000,SDL,AZ,AWP,WE,Towers with Display (VFR),0,16,137,0,153,0,20,285,0,305,0,36,422,0,458,372,0,372,830
02/24/2000,SDL,AZ,AWP,WE,Towers with Display (VFR),0,12,153,0,165,0,0,197,0,197,0,12,350,0,362,212,0,212,574
02/25/2000,SDL,AZ,AWP,WE,Towers with Display (VFR),0,16,145,0,161,0,24,344,0,368,0,40,489,0,529,257,0,257,786
02/26/2000,SDL,AZ,AWP,WE,Towers with Display (VFR),0,16,138,0,154,0,12,311,2,325,0,28,449,2,479,539,0,539,1018
02/27/2000,SDL,AZ,AWP,WE,Towers with Display (VFR),0,17,151,0,168,0,9,303,0,312,0,26,454,0,480,298,0,298,778
02/28/2000,SDL,AZ,AWP,WE,Towers with Display (VFR),0,11,127,0,138,0,0,189,1,190,0,11,316,1,328,290,0,290,618
02/29/2000,SDL,AZ,AWP,WE,Towers with Display (VFR),0,14,124,0,138,0,11,239,0,250,0,25,363,0,388,301,8,309,697
03/01/2000,SDL,AZ,AWP,WE,Towers with Display (VFR),0,14,127,0,141,0,0,198,0,198,0,14,325,0,339,185,0,185,524
03/02/2000,SDL,AZ,AWP,WE,Towers with Display (VFR),0,18,127,0,145,0,19,244,0,263,0,37,371,0,408,234,0,234,642
03/03/2000,SDL,AZ,AWP,WE,Towers with Display (VFR),0,21,147,0,168,0,2,284,0,286,0,23,431,0,454,160,6,166,620
03/04/2000,SDL,AZ,AWP,WE,Towers with Display (VFR),0,11,72,0,83,0,31,206,0,237,0,42,278,0,320,157,0,157,477
03/05/2000,SDL,AZ,AWP,WE,Towers with Display (VFR),0,13,108,0,121,0,0,26,0,26,0,13,134,0,147,55,0,55,202
03/06/2000,SDL,AZ,AWP,WE,Towers with Display (VFR),0,14,117,0,131,0,0,47,0,47,0,14,164,0,178,172,0,172,350
03/07/2000,SDL,AZ,AWP,WE,Towers with Display (VFR),0,7,90,0,97,0,0,107,0,107,0,7,197,0,204,103,0,103,307
03/08/2000,SDL,AZ,AWP,WE,Towers with Display (VFR),0,19,143,0,162,0,0,220,0,220,0,19,363,0,382,266,0,266,648
03/09/2000,SDL,AZ,AWP,WE,Towers with Display (VFR),0,19,129,0,148,0,10,291,0,301,0,29,420,0,449,261,0,261,710
03/10/2000,SDL,AZ,AWP,WE,Towers with Display (VFR),0,16,108,0,124,0,37,326,0,363,0,53,434,0,487,199,6,205,692
03/11/2000,SDL,AZ,AWP,WE,Towers with Display (VFR),0,15,100,0,115,0,14,308,0,322,0,29,408,0,437,279,0,279,716
03/12/2000,SDL,AZ,AWP,WE,Towers with Display (VFR),0,20,141,0,161,0,14,355,0,369,0,34,496,0,530,249,0,249,779
03/13/2000,SDL,AZ,AWP,WE,Towers with Display (VFR),0,17,126,0,143,0,15,259,0,274,0,32,385,0,417,193,0,193,610
03/14/2000,SDL,AZ,AWP,WE,Towers with Display (VFR),0,19,135,0,154,0,9,274,0,283,0,28,409,0,437,140,0,140,577
03/15/2000,SDL,AZ,AWP,WE,Towers with Display (VFR),0,21,151,0,172,0,24,323,0,347,0,45,474,0,519,243,0,243,762
03/16/2000,SDL,AZ,AWP,WE,Towers with Display (VFR),0,18,134,0,152,0,3,264,0,267,0,21,398,0,419,149,2,151,570
03/17/2000,SDL,AZ,AWP,WE,Towers with Display (VFR),0,23,164,0,187,0,17,342,0,359,0,40,506,0,546,333,0,333,879
03/18/2000,SDL,AZ,AWP,WE,Towers with Display (VFR),0,14,105,0,119,0,20,309,0,329,0,34,414,0,448,322,0,322,770
03/19/2000,SDL,AZ,AWP,WE,Towers with Display (VFR),0,17,123,0,140,0,8,229,0,237,0,25,352,0,377,236,0,236,613
03/20/2000,SDL,AZ,AWP,WE,Towers with Display (VFR),0,17,125,0,142,0,2,112,0,114,0,19,237,0,256,242,0,242,498
03/21/2000,SDL,AZ,AWP,WE,Towers with Display (VFR),0,10,113,0,123,0,0,162,0,162,0,10,275,0,285,275,0,275,560
03/22/2000,SDL,AZ,AWP,WE,Towers with Display (VFR),0,17,122,0,139,0,0,239,0,239,0,17,361,0,378,345,0,345,723
03/23/2000,SDL,AZ,AWP,WE,Towers with Display (VFR),0,19,136,0,155,0,41,308,0,349,0,60,444,0,504,315,12,327,831
03/24/2000,SDL,AZ,AWP,WE,Towers with Display (VFR),0,18,133,0,151,0,23,279,3,305,0,41,412,3,456,326,0,326,782
03/25/2000,SDL,AZ,AWP,WE,Towers with Display (VFR),0,12,91,0,103,0,30,304,0,334,0,42,395,0,437,423,0,423,860
03/26/2000,SDL,AZ,AWP,WE,Towers with Display (VFR),0,19,140,0,159,0,23,228,0,251,0,42,368,0,410,232,0,232,642
03/27/2000,SDL,AZ,AWP,WE,Towers with Display (VFR),0,15,109,0,124,0,16,172,0,188,0,31,281,0,312,207,0,207,519
03/28/2000,SDL,AZ,AWP,WE,Towers with Display (VFR),0,15,107,0,122,0,10,174,0,184,0,25,281,0,306,312,0,312,618
03/29/2000,SDL,AZ,AWP,WE,Towers with Display (VFR),0,17,122,0,139,0,20,223,0,243,0,37,345,0,382,264,0,264,646
03/30/2000,SDL,AZ,AWP,WE,Towers with Display (VFR),0,22,160,0,182,0,37,215,0,252,0,59,375,0,434,252,0,252,686
03/31/2000,SDL,AZ,AWP,WE,Towers with Display (VFR),0,16,117,0,133,0,5,172,18,195,0,21,289,18,328,201,8,209,537
04/01/2000,SDL,AZ,AWP,WE,Towers with Display (VFR),0,15,110,0,125,0,2,179,0,181,0,17,289,0,306,195,0,195,501
04/02/2000,SDL,AZ,AWP,WE,Towers with Display (VFR),0,26,184,0,210,0,25,159,19,203,0,51,343,19,413,122,0,122,535
04/03/2000,SDL,AZ,AWP,WE,Towers with Display (VFR),0,14,101,0,115,0,30,198,0,228,0,44,299,0,343,223,0,223,566
04/04/2000,SDL,AZ,AWP,WE,Towers with Display (VFR),0,12,88,0,100,0,34,263,0,297,0,46,351,0,397,208,0,208,605
04/05/2000,SDL,AZ,AWP,WE,Towers with Display (VFR),0,16,116,0,132,0,18,234,3,255,0,34,350,3,387,306,0,306,693
04/06/2000,SDL,AZ,AWP,WE,Towers with Display (VFR),0,18,126,0,144,0,9,315,2,326,0,27,441,2,470,227,0,227,697
04/07/2000,SDL,AZ,AWP,WE,Towers with Display (VFR),0,15,103,0,118,0,22,298,0,320,0,37,401,0,438,235,0,235,673
04/08/2000,SDL,AZ,AWP,WE,Towers with Display (VFR),0,12,82,0,94,0,25,187,0,212,0,37,269,0,306,116,0,116,422
04/09/2000,SDL,AZ,AWP,WE,Towers with Display (VFR),0,14,99,0,113,0,18,233,1,252,0,32,332,1,365,157,0,157,522
04/10/2000,SDL,AZ,AWP,WE,Towers with Display (VFR),0,9,66,0,75,0,22,229,0,251,0,31,295,0,326,136,0,136,462
04/11/2000,SDL,AZ,AWP,WE,Towers with Display (VFR),0,11,77,0,88,0,57,249,0,306,0,68,326,0,394,204,0,204,598
04/12/2000,SDL,AZ,AWP,WE,Towers with Display (VFR),0,14,99,0,113,0,35,217,0,252,0,49,316,0,365,208,0,208,573
04/13/2000,SDL,AZ,AWP,WE,Towers with Display (VFR),0,15,108,0,123,0,22,279,2,303,0,37,387,2,426,206,4,210,636
04/14/2000,SDL,AZ,AWP,WE,Towers with Display (VFR),0,16,112,0,128,0,47,229,4,280,0,63,341,4,408,200,12,212,620
04/15/2000,SDL,AZ,AWP,WE,Towers with Display (VFR),0,11,79,0,90,0,17,258,1,276,0,28,337,1,366,281,0,281,647
04/16/2000,SDL,AZ,AWP,WE,Towers with Display (VFR),0,13,92,0,105,0,13,220,0,233,0,26,312,0,338,197,0,197,535
04/17/2000,SDL,AZ,AWP,WE,Towers with Display (VFR),0,15,104,0,119,0,15,202,0,217,0,30,306,0,336,155,0,155,491
04/18/2000,SDL,AZ,AWP,WE,Towers with Display (VFR),0,10,81,0,91,0,4,196,0,200,0,14,277,0,291,195,0,195,486
04/19/2000,SDL,AZ,AWP,WE,Towers with Display (VFR),0,11,84,0,95,0,22,292,0,314,0,33,376,0,409,221,0,221,630
04/20/2000,SDL,AZ,AWP,WE,Towers with Display (VFR),0,13,99,0,112,0,30,330,0,360,0,43,429,0,472,128,0,128,600
04/21/2000,SDL,AZ,AWP,WE,Towers with Display (VFR),0,12,91,0,103,0,36,288,0,324,0,48,379,0,427,211,0,211,638
04/22/2000,SDL,AZ,AWP,WE,Towers with Display (VFR),0,8,61,0,69,0,35,295,9,339,0,43,356,9,408,253,0,253,661
04/23/2000,SDL,AZ,AWP,WE,Towers with Display (VFR),0,9,68,0,77,0,11,173,3,187,0,20,241,3,264,110,0,110,374
04/24/2000,SDL,AZ,AWP,WE,Towers with Display (VFR),0,14,111,0,125,0,49,285,0,334,0,63,396,0,459,143,0,143,602
04/25/2000,SDL,AZ,AWP,WE,Towers with Display (VFR),0,8,65,0,73,0,21,263,0,284,0,29,328,0,357,237,0,237,594
04/26/2000,SDL,AZ,AWP,WE,Towers with Display (VFR),0,13,103,0,116,0,31,299,0,330,0,44,402,0,446,299,0,299,745
04/27/2000,SDL,AZ,AWP,WE,Towers with Display (VFR),0,12,92,0,104,0,32,402,7,441,0,44,494,7,545,378,0,378,923
04/28/2000,SDL,AZ,AWP,WE,Towers with Display (VFR),0,11,86,0,97,0,38,304,0,342,0,49,390,0,439,249,0,249,688
04/29/2000,SDL,AZ,AWP,WE,Towers with Display (VFR),0,9,73,0,82,0,20,271,0,291,0,29,344,0,373,298,0,298,671
04/30/2000,SDL,AZ,AWP,WE,Towers with Display (VFR),0,10,76,0,86,0,11,257,10,278,0,21,333,10,364,152,0,152,516
05/01/2000,SDL,AZ,AWP,WE,Towers with Display (VFR),0,11,78,0,89,0,12,265,0,277,0,23,343,0,366,148,0,148,514
05/02/2000,SDL,AZ,AWP,WE,Towers with Display (VFR),0,9,62,0,71,0,17,265,0,282,0,26,327,0,353,247,0,247,600
05/03/2000,SDL,AZ,AWP,WE,Towers with Display (VFR),0,11,75,0,86,0,26,282,0,308,0,37,357,0,394,314,0,314,708
05/04/2000,SDL,AZ,AWP,WE,Towers with Display (VFR),0,14,97,0,111,0,15,259,0,274,0,29,356,0,385,222,0,222,607
05/05/2000,SDL,AZ,AWP,WE,Towers with Display (VFR),0,11,76,0,87,0,28,341,1,370,0,39,417,1,457,327,0,327,784
05/06/2000,SDL,AZ,AWP,WE,Towers with Display (VFR),0,5,30,0,35,0,30,241,0,271,0,35,271,0,306,290,0,290,596
05/07/2000,SDL,AZ,AWP,WE,Towers with Display (VFR),0,11,76,0,87,0,17,214,1,232,0,28,290,1,319,260,0,260,579
05/08/2000,SDL,AZ,AWP,WE,Towers with Display (VFR),0,8,57,0,65,3,13,257,1,274,3,21,314,1,339,343,0,343,682
05/09/2000,SDL,AZ,AWP,WE,Towers with Display (VFR),0,7,46,0,53,0,2,260,0,262,0,9,306,0,315,279,0,279,594
05/10/2000,SDL,AZ,AWP,WE,Towers with Display (VFR),0,11,79,0,90,0,22,264,2,288,0,33,343,2,378,263,0,263,641
05/11/2000,SDL,AZ,AWP,WE,Towers with Display (VFR),0,12,87,0,99,0,18,292,2,312,0,30,379,2,411,359,0,359,770
05/12/2000,SDL,AZ,AWP,WE,Towers with Display (VFR),0,10,70,0,80,0,12,353,0,365,0,22,423,0,445,219,0,219,664
05/13/2000,SDL,AZ,AWP,WE,Towers with Display (VFR),0,5,34,0,39,0,43,321,5,369,0,48,355,5,408,373,0,373,781
05/14/2000,SDL,AZ,AWP,WE,Towers with Display (VFR),0,7,46,0,53,0,75,219,0,294,0,82,265,0,347,345,0,345,692
05/15/2000,SDL,AZ,AWP,WE,Towers with Display (VFR),0,13,94,0,107,0,10,251,0,261,0,23,345,0,368,197,0,197,565
05/16/2000,SDL,AZ,AWP,WE,Towers with Display (VFR),0,8,57,0,65,0,16,200,0,216,0,24,257,0,281,173,0,173,454
05/17/2000,SDL,AZ,AWP,WE,Towers with Display (VFR),0,10,71,0,81,0,17,232,5,254,0,27,303,5,335,339,6,345,680
05/18/2000,SDL,AZ,AWP,WE,Towers with Display (VFR),0,9,65,0,74,0,38,312,0,350,0,47,377,0,424,247,0,247,671
05/19/2000,SDL,AZ,AWP,WE,Towers with Display (VFR),0,9,68,0,77,0,14,276,2,292,0,23,344,2,369,243,0,243,612
05/20/2000,SDL,AZ,AWP,WE,Towers with Display (VFR),0,4,32,0,36,0,39,304,0,343,0,43,336,0,379,291,0,291,670
05/21/2000,SDL,AZ,AWP,WE,Towers with Display (VFR),0,10,80,0,90,0,18,261,2,281,0,28,341,2,371,252,0,252,623
05/22/2000,SDL,AZ,AWP,WE,Towers with Display (VFR),0,7,59,0,66,0,7,255,0,262,0,14,314,0,328,203,0,203,531
05/23/2000,SDL,AZ,AWP,WE,Towers with Display (VFR),0,8,66,0,74,0,15,276,0,291,0,23,342,0,365,293,0,293,658
05/24/2000,SDL,AZ,AWP,WE,Towers with Display (VFR),0,11,87,0,98,0,1,238,1,240,0,12,325,1,338,309,0,309,647
05/25/2000,SDL,AZ,AWP,WE,Towers with Display (VFR),0,9,69,0,78,0,11,284,2,297,0,20,353,2,375,256,0,256,631
05/26/2000,SDL,AZ,AWP,WE,Towers with Display (VFR),0,9,69,0,78,0,11,275,2,288,0,20,344,2,366,273,4,277,643
05/27/2000,SDL,AZ,AWP,WE,Towers with Display (VFR),0,5,44,0,49,0,13,197,0,210,0,18,241,0,259,234,0,234,493
05/28/2000,SDL,AZ,AWP,WE,Towers with Display (VFR),0,4,36,0,40,0,33,188,0,221,0,37,224,0,261,172,0,172,433
05/29/2000,SDL,AZ,AWP,WE,Towers with Display (VFR),0,8,59,0,67,0,9,133,0,142,0,17,192,0,209,42,0,42,251
05/30/2000,SDL,AZ,AWP,WE,Towers with Display (VFR),0,8,63,0,71,0,9,218,0,227,0,17,281,0,298,216,0,216,514
05/31/2000,SDL,AZ,AWP,WE,Towers with Display (VFR),0,7,55,0,62,0,3,224,1,228,0,10,279,1,290,335,0,335,625
06/01/2000,SDL,AZ,AWP,WE,Towers with Display (VFR),0,8,56,0,64,0,13,261,0,274,0,21,317,0,338,314,0,314,652
06/02/2000,SDL,AZ,AWP,WE,Towers with Display (VFR),0,9,62,0,71,0,35,269,0,304,0,44,331,0,375,234,0,234,609
06/03/2000,SDL,AZ,AWP,WE,Towers with Display (VFR),0,5,31,0,36,0,44,262,3,309,0,49,293,3,345,230,8,238,583
06/04/2000,SDL,AZ,AWP,WE,Towers with Display (VFR),0,5,62,0,67,0,0,209,0,209,0,5,271,0,276,311,0,311,587
06/05/2000,SDL,AZ,AWP,WE,Towers with Display (VFR),0,8,57,0,65,0,16,223,0,239,0,24,280,0,304,144,0,144,448
06/06/2000,SDL,AZ,AWP,WE,Towers with Display (VFR),0,7,44,0,51,0,3,196,0,199,0,10,240,0,250,233,0,233,483
06/07/2000,SDL,AZ,AWP,WE,Towers with Display (VFR),0,9,58,0,67,0,13,239,0,252,0,22,297,0,319,311,0,311,630
06/08/2000,SDL,AZ,AWP,WE,Towers with Display (VFR),0,7,46,0,53,0,13,210,0,223,0,20,256,0,276,281,0,281,557
06/09/2000,SDL,AZ,AWP,WE,Towers with Display (VFR),0,7,49,0,56,0,10,250,2,262,0,17,299,2,318,233,0,233,551
06/10/2000,SDL,AZ,AWP,WE,Towers with Display (VFR),0,5,32,0,37,0,16,251,0,267,0,21,283,0,304,321,0,321,625
06/11/2000,SDL,AZ,AWP,WE,Towers with Display (VFR),0,9,61,0,70,0,7,209,3,219,0,16,270,3,289,253,0,253,542
06/12/2000,SDL,AZ,AWP,WE,Towers with Display (VFR),0,7,44,0,51,0,12,286,2,300,0,19,330,2,351,175,0,175,526
06/13/2000,SDL,AZ,AWP,WE,Towers with Display (VFR),0,4,44,0,48,0,0,283,0,283,0,4,327,0,331,247,0,247,578
06/14/2000,SDL,AZ,AWP,WE,Towers with Display (VFR),0,6,41,0,47,0,6,297,0,303,0,12,338,0,350,357,0,357,707
06/15/2000,SDL,AZ,AWP,WE,Towers with Display (VFR),0,9,69,1,79,0,8,322,2,332,0,17,391,3,411,391,0,391,802
06/16/2000,SDL,AZ,AWP,WE,Towers with Display (VFR),0,10,78,0,88,0,10,301,0,311,0,20,379,0,399,233,0,233,632
06/17/2000,SDL,AZ,AWP,WE,Towers with Display (VFR),0,5,44,0,49,0,6,242,4,252,0,11,286,4,301,243,0,243,544
06/18/2000,SDL,AZ,AWP,WE,Towers with Display (VFR),0,9,67,0,76,0,3,184,1,188,0,12,251,1,264,227,0,227,491
06/19/2000,SDL,AZ,AWP,WE,Towers with Display (VFR),0,5,42,0,47,0,5,220,0,225,0,10,262,0,272,300,0,300,572
06/20/2000,SDL,AZ,AWP,WE,Towers with Display (VFR),0,6,49,0,55,0,2,217,0,219,0,8,266,0,274,267,0,267,541
06/21/2000,SDL,AZ,AWP,WE,Towers with Display (VFR),0,7,58,0,65,0,9,305,0,314,0,16,363,0,379,314,0,314,693
06/22/2000,SDL,AZ,AWP,WE,Towers with Display (VFR),0,8,59,0,67,0,10,209,0,219,0,18,268,0,286,299,0,299,585
06/23/2000,SDL,AZ,AWP,WE,Towers with Display (VFR),0,6,51,0,57,0,21,254,4,279,0,27,305,4,336,383,0,383,719
06/24/2000,SDL,AZ,AWP,WE,Towers with Display (VFR),0,6,46,0,52,0,8,212,1,221,0,14,258,1,273,419,0,419,692
06/25/2000,SDL,AZ,AWP,WE,Towers with Display (VFR),0,6,45,0,51,0,7,194,1,202,0,13,239,1,253,295,0,295,548
06/26/2000,SDL,AZ,AWP,WE,Towers with Display (VFR),0,5,44,0,49,0,8,243,0,251,0,13,287,0,300,269,0,269,569
06/27/2000,SDL,AZ,AWP,WE,Towers with Display (VFR),0,6,47,0,53,0,2,247,0,249,0,8,294,0,302,376,3,379,681
06/28/2000,SDL,AZ,AWP,WE,Towers with Display (VFR),0,5,41,0,46,0,2,296,0,298,0,7,337,0,344,215,0,215,559
06/29/2000,SDL,AZ,AWP,WE,Towers with Display (VFR),0,7,54,0,61,0,4,248,1,253,0,11,302,1,314,278,0,278,592
06/30/2000,SDL,AZ,AWP,WE,Towers with Display (VFR),0,8,65,0,73,0,2,226,3,231,0,10,291,3,304,234,9,243,547
07/01/2000,SDL,AZ,AWP,WE,Towers with Display (VFR),0,2,34,0,36,0,8,180,0,188,0,10,214,0,224,206,0,206,430
07/02/2000,SDL,AZ,AWP,WE,Towers with Display (VFR),0,2,23,0,25,0,17,142,1,160,0,19,165,1,185,334,0,334,519
07/03/2000,SDL,AZ,AWP,WE,Towers with Display (VFR),0,1,16,0,17,0,9,163,0,172,0,10,179,0,189,296,0,296,485
07/04/2000,SDL,AZ,AWP,WE,Towers with Display (VFR),0,2,19,0,21,0,0,107,0,107,0,2,126,0,128,47,0,47,175
07/05/2000,SDL,AZ,AWP,WE,Towers with Display (VFR),0,4,61,0,65,0,1,205,0,206,0,5,266,0,271,312,0,312,583
07/06/2000,SDL,AZ,AWP,WE,Towers with Display (VFR),0,4,54,0,58,0,15,238,3,256,0,19,292,3,314,277,0,277,591
07/07/2000,SDL,AZ,AWP,WE,Towers with Display (VFR),0,1,40,0,41,0,0,278,0,278,0,1,318,0,319,229,0,229,548
07/08/2000,SDL,AZ,AWP,WE,Towers with Display (VFR),0,1,28,0,29,0,1,206,0,207,0,2,234,0,236,186,0,186,422
07/09/2000,SDL,AZ,AWP,WE,Towers with Display (VFR),0,2,41,0,43,0,4,160,1,165,0,6,201,1,208,245,0,245,453
07/10/2000,SDL,AZ,AWP,WE,Towers with Display (VFR),0,0,28,0,28,0,0,178,0,178,0,0,206,0,206,174,0,174,380
07/11/2000,SDL,AZ,AWP,WE,Towers with Display (VFR),0,2,45,0,47,0,8,195,0,203,0,10,240,0,250,217,0,217,467
07/12/2000,SDL,AZ,AWP,WE,Towers with Display (VFR),0,3,56,0,59,0,3,251,0,254,0,6,307,0,313,213,0,213,526
07/13/2000,SDL,AZ,AWP,WE,Towers with Display (VFR),0,3,53,0,56,0,1,258,0,259,0,4,311,0,315,285,0,285,600
07/14/2000,SDL,AZ,AWP,WE,Towers with Display (VFR),0,2,53,0,55,0,6,261,0,267,0,8,314,0,322,173,0,173,495
07/15/2000,SDL,AZ,AWP,WE,Towers with Display (VFR),0,2,37,0,39,0,8,189,0,197,0,10,226,0,236,226,0,226,462
07/16/2000,SDL,AZ,AWP,WE,Towers with Display (VFR),0,2,47,0,49,0,4,219,0,223,0,6,266,0,272,107,0,107,379
07/17/2000,SDL,AZ,AWP,WE,Towers with Display (VFR),0,0,0,0,0,0,1,57,1,59,0,1,57,1,59,2,0,2,61
07/18/2000,SDL,AZ,AWP,WE,Towers with Display (VFR),0,0,0,0,0,0,0,115,0,115,0,0,115,0,115,0,0,0,115
07/19/2000,SDL,AZ,AWP,WE,Towers with Display (VFR),0,0,0,0,0,0,0,97,0,97,0,0,97,0,97,4,0,4,101
07/20/2000,SDL,AZ,AWP,WE,Towers with Display (VFR),0,0,0,0,0,0,0,66,0,66,0,0,66,0,66,0,0,0,66
07/21/2000,SDL,AZ,AWP,WE,Towers with Display (VFR),0,0,0,0,0,0,0,60,0,60,0,0,60,0,60,0,0,0,60
07/22/2000,SDL,AZ,AWP,WE,Towers with Display (VFR),0,0,0,0,0,0,3,34,0,37,0,3,34,0,37,0,0,0,37
07/23/2000,SDL,AZ,AWP,WE,Towers with Display (VFR),0,0,0,0,0,0,0,27,0,27,0,0,27,0,27,0,0,0,27
07/24/2000,SDL,AZ,AWP,WE,Towers with Display (VFR),0,0,0,0,0,0,0,48,0,48,0,0,48,0,48,0,0,0,48
07/25/2000,SDL,AZ,AWP,WE,Towers with Display (VFR),0,0,0,0,0,0,0,50,0,50,0,0,50,0,50,2,0,2,52
07/26/2000,SDL,AZ,AWP,WE,Towers with Display (VFR),0,0,0,0,0,0,0,83,0,83,0,0,83,0,83,0,0,0,83
07/27/2000,SDL,AZ,AWP,WE,Towers with Display (VFR),0,0,0,0,0,0,0,67,0,67,0,0,67,0,67,0,0,0,67
07/28/2000,SDL,AZ,AWP,WE,Towers with Display (VFR),0,0,0,0,0,0,0,41,0,41,0,0,41,0,41,0,0,0,41
07/29/2000,SDL,AZ,AWP,WE,Towers with Display (VFR),0,0,0,0,0,0,0,22,0,22,0,0,22,0,22,0,0,0,22
07/30/2000,SDL,AZ,AWP,WE,Towers with Display (VFR),0,0,0,0,0,0,0,20,0,20,0,0,20,0,20,4,0,4,24
07/31/2000,SDL,AZ,AWP,WE,Towers with Display (VFR),0,1,33,0,34,0,2,201,0,203,0,3,234,0,237,172,0,172,409
08/01/2000,SDL,AZ,AWP,WE,Towers with Display (VFR),0,5,35,0,40,0,3,227,0,230,0,8,262,0,270,180,0,180,450
08/02/2000,SDL,AZ,AWP,WE,Towers with Display (VFR),0,6,41,0,47,0,14,215,0,229,0,20,256,0,276,284,0,284,560
08/03/2000,SDL,AZ,AWP,WE,Towers with Display (VFR),0,4,31,0,35,0,11,212,0,223,0,15,243,0,258,308,0,308,566
08/04/2000,SDL,AZ,AWP,WE,Towers with Display (VFR),0,3,21,0,24,0,6,269,0,275,0,9,290,0,299,375,0,375,674
08/05/2000,SDL,AZ,AWP,WE,Towers with Display (VFR),0,4,31,0,35,0,7,237,0,244,0,11,268,0,279,204,0,204,483
08/06/2000,SDL,AZ,AWP,WE,Towers with Display (VFR),0,4,34,0,38,0,0,227,0,227,0,4,261,0,265,311,0,311,576
08/07/2000,SDL,AZ,AWP,WE,Towers with Display (VFR),0,5,35,0,40,0,0,192,0,192,0,5,227,0,232,183,0,183,415
08/08/2000,SDL,AZ,AWP,WE,Towers with Display (VFR),0,8,58,0,66,0,10,234,0,244,0,18,292,0,310,205,0,205,515
08/09/2000,SDL,AZ,AWP,WE,Towers with Display (VFR),0,6,53,0,59,0,0,269,0,269,0,6,322,0,328,354,0,354,682
08/10/2000,SDL,AZ,AWP,WE,Towers with Display (VFR),0,6,47,0,53,0,3,240,1,244,0,9,287,1,297,305,0,305,602
08/11/2000,SDL,AZ,AWP,WE,Towers with Display (VFR),0,7,56,0,63,0,5,218,4,227,0,12,274,4,290,308,10,318,608
08/12/2000,SDL,AZ,AWP,WE,Towers with Display (VFR),0,4,30,0,34,0,6,211,0,217,0,10,241,0,251,249,0,249,500
08/13/2000,SDL,AZ,AWP,WE,Towers with Display (VFR),0,6,46,0,52,0,2,178,0,180,0,8,224,0,232,231,0,231,463
08/14/2000,SDL,AZ,AWP,WE,Towers with Display (VFR),0,7,49,0,56,0,3,191,0,194,0,10,240,0,250,228,0,228,478
08/15/2000,SDL,AZ,AWP,WE,Towers with Display (VFR),0,6,44,0,50,0,17,159,0,176,0,23,203,0,226,361,0,361,587
08/16/2000,SDL,AZ,AWP,WE,Towers with Display (VFR),0,2,56,0,58,0,0,218,4,222,0,2,274,4,280,281,0,281,561
08/17/2000,SDL,AZ,AWP,WE,Towers with Display (VFR),0,5,55,0,60,0,0,278,0,278,0,5,333,0,338,321,0,321,659
08/18/2000,SDL,AZ,AWP,WE,Towers with Display (VFR),0,5,47,1,53,0,5,244,2,251,0,10,291,3,304,182,0,182,486
08/19/2000,SDL,AZ,AWP,WE,Towers with Display (VFR),0,3,30,0,33,0,8,217,0,225,0,11,247,0,258,122,0,122,380
08/20/2000,SDL,AZ,AWP,WE,Towers with Display (VFR),0,6,56,0,62,0,8,184,3,195,0,14,240,3,257,113,0,113,370
08/21/2000,SDL,AZ,AWP,WE,Towers with Display (VFR),0,5,48,0,53,0,3,232,0,235,0,8,280,0,288,328,0,328,616
08/22/2000,SDL,AZ,AWP,WE,Towers with Display (VFR),0,7,58,0,65,0,5,227,0,232,0,12,285,0,297,145,0,145,442
08/23/2000,SDL,AZ,AWP,WE,Towers with Display (VFR),0,6,57,0,63,0,7,248,0,255,0,13,305,0,318,288,0,288,606
08/24/2000,SDL,AZ,AWP,WE,Towers with Display (VFR),0,7,62,0,69,0,10,226,0,236,0,17,288,0,305,338,0,338,643
08/25/2000,SDL,AZ,AWP,WE,Towers with Display (VFR),0,7,57,0,64,0,21,256,0,277,0,28,313,0,341,246,4,250,591
08/26/2000,SDL,AZ,AWP,WE,Towers with Display (VFR),0,4,39,0,43,0,23,236,2,261,0,27,275,2,304,243,0,243,547
08/27/2000,SDL,AZ,AWP,WE,Towers with Display (VFR),0,7,60,0,67,0,2,180,0,182,0,9,240,0,249,261,0,261,510
08/28/2000,SDL,AZ,AWP,WE,Towers with Display (VFR),0,6,55,0,61,0,7,198,0,205,0,13,253,0,266,169,0,169,435
08/29/2000,SDL,AZ,AWP,WE,Towers with Display (VFR),0,8,66,0,74,0,0,194,19,213,0,8,260,19,287,252,0,252,539
08/30/2000,SDL,AZ,AWP,WE,Towers with Display (VFR),0,7,81,0,88,0,0,214,0,214,0,7,295,0,302,276,0,276,578
08/31/2000,SDL,AZ,AWP,WE,Towers with Display (VFR),0,9,80,0,89,0,1,251,0,252,0,10,331,0,341,208,0,208,549
09/01/2000,SDL,AZ,AWP,WE,Towers with Display (VFR),0,8,67,0,75,0,0,313,0,313,0,8,380,0,388,279,0,279,667
09/02/2000,SDL,AZ,AWP,WE,Towers with Display (VFR),0,2,32,0,34,0,0,255,0,255,0,2,287,0,289,215,0,215,504
09/03/2000,SDL,AZ,AWP,WE,Towers with Display (VFR),0,4,20,0,24,0,0,180,4,184,0,4,200,4,208,147,0,147,355
09/04/2000,SDL,AZ,AWP,WE,Towers with Display (VFR),0,10,54,0,64,0,5,188,0,193,0,15,242,0,257,75,0,75,332
09/05/2000,SDL,AZ,AWP,WE,Towers with Display (VFR),0,7,37,0,44,0,1,302,1,304,0,8,339,1,348,184,0,184,532
09/06/2000,SDL,AZ,AWP,WE,Towers with Display (VFR),0,12,70,0,82,0,1,306,0,307,0,13,376,0,389,288,0,288,677
09/07/2000,SDL,AZ,AWP,WE,Towers with Display (VFR),0,9,50,0,59,0,3,257,0,260,0,12,307,0,319,326,0,326,645
09/08/2000,SDL,AZ,AWP,WE,Towers with Display (VFR),0,9,52,0,61,3,8,226,2,239,3,17,278,2,300,252,2,254,554
09/09/2000,SDL,AZ,AWP,WE,Towers with Display (VFR),0,9,52,0,61,0,15,215,4,234,0,24,267,4,295,212,0,212,507
09/10/2000,SDL,AZ,AWP,WE,Towers with Display (VFR),0,9,53,0,62,0,4,207,0,211,0,13,260,0,273,150,0,150,423
09/11/2000,SDL,AZ,AWP,WE,Towers with Display (VFR),0,7,37,0,44,0,6,293,0,299,0,13,330,0,343,229,0,229,572
09/12/2000,SDL,AZ,AWP,WE,Towers with Display (VFR),0,10,57,0,67,0,4,277,0,281,0,14,334,0,348,181,0,181,529
09/13/2000,SDL,AZ,AWP,WE,Towers with Display (VFR),0,12,68,0,80,0,6,311,0,317,0,18,379,0,397,265,0,265,662
09/14/2000,SDL,AZ,AWP,WE,Towers with Display (VFR),0,10,58,0,68,0,23,280,0,303,0,33,338,0,371,265,0,265,636
09/15/2000,SDL,AZ,AWP,WE,Towers with Display (VFR),0,9,55,0,64,0,13,303,0,316,0,22,358,0,380,345,0,345,725
09/16/2000,SDL,AZ,AWP,WE,Towers with Display (VFR),0,5,32,0,37,0,4,193,0,197,0,9,225,0,234,175,0,175,409
09/17/2000,SDL,AZ,AWP,WE,Towers with Display (VFR),0,7,48,0,55,0,15,211,0,226,0,22,259,0,281,126,0,126,407
09/18/2000,SDL,AZ,AWP,WE,Towers with Display (VFR),0,7,46,0,53,0,6,252,0,258,0,13,298,0,311,271,0,271,582
09/19/2000,SDL,AZ,AWP,WE,Towers with Display (VFR),0,8,51,0,59,0,18,216,0,234,0,26,267,0,293,326,0,326,619
09/20/2000,SDL,AZ,AWP,WE,Towers with Display (VFR),0,9,60,0,69,0,6,245,1,252,0,15,305,1,321,509,0,509,830
09/21/2000,SDL,AZ,AWP,WE,Towers with Display (VFR),0,11,68,0,79,0,4,255,0,259,0,15,323,0,338,276,0,276,614
09/22/2000,SDL,AZ,AWP,WE,Towers with Display (VFR),0,13,82,0,95,0,1,308,0,309,0,14,390,0,404,431,0,431,835
09/23/2000,SDL,AZ,AWP,WE,Towers with Display (VFR),0,6,36,0,42,0,32,216,0,248,0,38,252,0,290,272,0,272,562
09/24/2000,SDL,AZ,AWP,WE,Towers with Display (VFR),0,0,0,0,0,0,21,283,0,304,0,21,283,0,304,181,0,181,485
09/25/2000,SDL,AZ,AWP,WE,Towers with Display (VFR),0,9,55,0,64,0,16,215,0,231,0,25,270,0,295,466,0,466,761
09/26/2000,SDL,AZ,AWP,WE,Towers with Display (VFR),0,10,60,0,70,0,7,260,1,268,0,17,320,1,338,422,0,422,760
09/27/2000,SDL,AZ,AWP,WE,Towers with Display (VFR),0,7,45,0,52,0,14,230,0,244,0,21,275,0,296,185,0,185,481
09/28/2000,SDL,AZ,AWP,WE,Towers with Display (VFR),0,12,74,0,86,0,11,283,0,294,0,23,357,0,380,333,0,333,713
09/29/2000,SDL,AZ,AWP,WE,Towers with Display (VFR),0,7,48,0,55,0,24,277,0,301,0,31,325,0,356,238,0,238,594
09/30/2000,SDL,AZ,AWP,WE,Towers with Display (VFR),0,3,24,0,27,0,13,229,0,242,0,16,253,0,269,183,0,183,452
10/01/2000,SDL,AZ,AWP,WE,Towers with Display (VFR),0,11,51,0,62,0,4,185,0,189,0,15,236,0,251,103,0,103,354
10/02/2000,SDL,AZ,AWP,WE,Towers with Display (VFR),0,8,37,0,45,0,9,202,0,211,0,17,239,0,256,339,0,339,595
10/03/2000,SDL,AZ,AWP,WE,Towers with Display (VFR),0,10,48,0,58,0,7,291,2,300,0,17,339,2,358,445,0,445,803
10/04/2000,SDL,AZ,AWP,WE,Towers with Display (VFR),0,13,70,0,83,0,0,179,0,179,0,13,249,0,262,228,0,228,490
10/05/2000,SDL,AZ,AWP,WE,Towers with Display (VFR),0,16,77,0,93,0,9,271,0,280,0,25,348,0,373,315,0,315,688
10/06/2000,SDL,AZ,AWP,WE,Towers with Display (VFR),0,13,61,0,74,0,17,323,0,340,0,30,384,0,414,219,0,219,633
10/07/2000,SDL,AZ,AWP,WE,Towers with Display (VFR),0,6,32,0,38,0,23,209,0,232,0,29,241,0,270,213,0,213,483
10/08/2000,SDL,AZ,AWP,WE,Towers with Display (VFR),0,10,53,0,63,0,4,130,0,134,0,14,183,0,197,113,0,113,310
10/09/2000,SDL,AZ,AWP,WE,Towers with Display (VFR),0,10,64,0,74,0,0,246,0,246,0,10,310,0,320,220,0,220,540
10/10/2000,SDL,AZ,AWP,WE,Towers with Display (VFR),0,10,55,1,66,0,1,156,3,160,0,11,211,4,226,419,0,419,645
10/11/2000,SDL,AZ,AWP,WE,Towers with Display (VFR),0,11,58,0,69,0,10,228,0,238,0,21,286,0,307,332,0,332,639
10/12/2000,SDL,AZ,AWP,WE,Towers with Display (VFR),0,16,83,0,99,0,5,268,0,273,0,21,351,0,372,341,0,341,713
10/13/2000,SDL,AZ,AWP,WE,Towers with Display (VFR),0,15,80,0,95,0,10,307,0,317,0,25,387,0,412,188,0,188,600
10/14/2000,SDL,AZ,AWP,WE,Towers with Display (VFR),0,10,56,0,66,0,23,223,0,246,0,33,279,0,312,196,0,196,508
10/15/2000,SDL,AZ,AWP,WE,Towers with Display (VFR),0,20,106,1,127,0,5,213,0,218,0,25,319,1,345,164,0,164,509
10/16/2000,SDL,AZ,AWP,WE,Towers with Display (VFR),0,13,70,0,83,0,13,250,0,263,0,26,320,0,346,253,0,253,599
10/17/2000,SDL,AZ,AWP,WE,Towers with Display (VFR),0,13,70,0,83,0,21,230,0,251,0,34,300,0,334,266,0,266,600
10/18/2000,SDL,AZ,AWP,WE,Towers with Display (VFR),0,17,86,0,103,0,11,295,0,306,0,28,381,0,409,385,0,385,794
10/19/2000,SDL,AZ,AWP,WE,Towers with Display (VFR),0,14,77,0,91,0,1,228,0,229,0,15,305,0,320,212,0,212,532
10/20/2000,SDL,AZ,AWP,WE,Towers with Display (VFR),0,11,71,0,82,0,0,288,19,307,0,11,359,19,389,207,21,228,617
10/21/2000,SDL,AZ,AWP,WE,Towers with Display (VFR),0,7,38,0,45,0,65,175,68,308,0,72,213,68,353,205,10,215,568
10/22/2000,SDL,AZ,AWP,WE,Towers with Display (VFR),0,19,100,0,119,0,2,12,7,21,0,21,112,7,140,22,0,22,162
10/23/2000,SDL,AZ,AWP,WE,Towers with Display (VFR),0,10,66,0,76,0,0,168,10,178,0,10,234,10,254,179,0,179,433
10/24/2000,SDL,AZ,AWP,WE,Towers with Display (VFR),0,10,77,0,87,0,0,192,3,195,0,10,269,3,282,288,3,291,573
10/25/2000,SDL,AZ,AWP,WE,Towers with Display (VFR),0,14,77,0,91,0,21,337,0,358,0,35,414,0,449,356,0,356,805
10/26/2000,SDL,AZ,AWP,WE,Towers with Display (VFR),0,17,87,0,104,0,13,295,0,308,0,30,382,0,412,339,0,339,751
10/27/2000,SDL,AZ,AWP,WE,Towers with Display (VFR),0,12,64,0,76,0,1,132,2,135,0,13,196,2,211,169,0,169,380
10/28/2000,SDL,AZ,AWP,WE,Towers with Display (VFR),0,7,40,0,47,0,3,138,1,142,0,10,178,1,189,166,0,166,355
10/29/2000,SDL,AZ,AWP,WE,Towers with Display (VFR),0,15,82,0,97,0,15,216,1,232,0,30,298,1,329,249,0,249,578
10/30/2000,SDL,AZ,AWP,WE,Towers with Display (VFR),0,9,50,0,59,0,3,194,0,197,0,12,244,0,256,212,0,212,468
10/31/2000,SDL,AZ,AWP,WE,Towers with Display (VFR),0,11,57,0,68,0,1,283,0,284,0,12,340,0,352,236,0,236,588
11/01/2000,SDL,AZ,AWP,WE,Towers with Display (VFR),0,13,52,0,65,0,25,343,1,369,0,38,395,1,434,375,0,375,809
11/02/2000,SDL,AZ,AWP,WE,Towers with Display (VFR),0,16,64,0,80,0,11,279,0,290,0,27,343,0,370,252,0,252,622
11/03/2000,SDL,AZ,AWP,WE,Towers with Display (VFR),0,19,79,0,98,0,7,306,0,313,0,26,385,0,411,336,0,336,747
11/04/2000,SDL,AZ,AWP,WE,Towers with Display (VFR),0,10,39,0,49,0,4,125,0,129,0,14,164,0,178,195,0,195,373
11/05/2000,SDL,AZ,AWP,WE,Towers with Display (VFR),0,20,79,0,99,0,7,255,0,262,0,27,334,0,361,115,0,115,476
11/06/2000,SDL,AZ,AWP,WE,Towers with Display (VFR),0,14,55,0,69,0,3,146,0,149,0,17,201,0,218,168,0,168,386
11/07/2000,SDL,AZ,AWP,WE,Towers with Display (VFR),0,18,78,0,96,0,0,206,0,206,0,18,284,0,302,218,0,218,520
11/08/2000,SDL,AZ,AWP,WE,Towers with Display (VFR),0,19,78,0,97,0,9,314,0,323,0,28,392,0,420,302,0,302,722
11/09/2000,SDL,AZ,AWP,WE,Towers with Display (VFR),0,20,83,0,103,0,18,297,0,315,0,38,380,0,418,348,0,348,766
11/10/2000,SDL,AZ,AWP,WE,Towers with Display (VFR),0,23,96,0,119,0,1,199,0,200,0,24,295,0,319,230,0,230,549
11/11/2000,SDL,AZ,AWP,WE,Towers with Display (VFR),0,15,58,0,73,0,3,249,0,252,0,18,307,0,325,218,0,218,543
11/12/2000,SDL,AZ,AWP,WE,Towers with Display (VFR),0,25,102,0,127,0,0,214,2,216,0,25,316,2,343,161,14,175,518
11/13/2000,SDL,AZ,AWP,WE,Towers with Display (VFR),0,19,77,0,96,0,15,286,5,306,0,34,363,5,402,225,0,225,627
11/14/2000,SDL,AZ,AWP,WE,Towers with Display (VFR),0,20,86,0,106,0,13,282,0,295,0,33,368,0,401,174,0,174,575
11/15/2000,SDL,AZ,AWP,WE,Towers with Display (VFR),0,15,64,1,80,0,20,262,0,282,0,35,326,1,362,315,0,315,677
11/16/2000,SDL,AZ,AWP,WE,Towers with Display (VFR),0,21,89,0,110,0,13,298,1,312,0,34,387,1,422,117,0,117,539
11/17/2000,SDL,AZ,AWP,WE,Towers with Display (VFR),0,13,57,0,70,0,23,298,6,327,0,36,355,6,397,342,0,342,739
11/18/2000,SDL,AZ,AWP,WE,Towers with Display (VFR),0,11,51,0,62,0,7,250,0,257,0,18,301,0,319,192,0,192,511
11/19/2000,SDL,AZ,AWP,WE,Towers with Display (VFR),0,13,55,0,68,0,19,221,0,240,0,32,276,0,308,146,0,146,454
11/20/2000,SDL,AZ,AWP,WE,Towers with Display (VFR),0,12,53,0,65,0,9,256,0,265,0,21,309,0,330,273,0,273,603
11/21/2000,SDL,AZ,AWP,WE,Towers with Display (VFR),0,22,94,0,116,0,10,231,0,241,0,32,325,0,357,230,0,230,587
11/22/2000,SDL,AZ,AWP,WE,Towers with Display (VFR),0,24,101,0,125,0,22,242,0,264,0,46,343,0,389,213,0,213,602
11/23/2000,SDL,AZ,AWP,WE,Towers with Display (VFR),0,5,26,0,31,0,1,84,0,85,0,6,110,0,116,109,0,109,225
11/24/2000,SDL,AZ,AWP,WE,Towers with Display (VFR),0,11,47,0,58,0,61,286,0,347,0,72,333,0,405,468,0,468,873
11/25/2000,SDL,AZ,AWP,WE,Towers with Display (VFR),0,11,48,0,59,0,39,240,0,279,0,50,288,0,338,297,0,297,635
11/26/2000,SDL,AZ,AWP,WE,Towers with Display (VFR),0,28,119,0,147,0,28,215,28,271,0,56,334,28,418,188,0,188,606
11/27/2000,SDL,AZ,AWP,WE,Towers with Display (VFR),0,16,72,0,88,0,27,277,0,304,0,43,349,0,392,294,0,294,686
11/28/2000,SDL,AZ,AWP,WE,Towers with Display (VFR),0,19,80,0,99,0,32,278,2,312,0,51,358,2,411,292,0,292,703
11/29/2000,SDL,AZ,AWP,WE,Towers with Display (VFR),0,20,88,0,108,0,2,325,1,328,0,22,413,1,436,177,0,177,613
11/30/2000,SDL,AZ,AWP,WE,Towers with Display (VFR),0,20,86,0,106,0,9,304,0,313,0,29,390,0,419,164,0,164,583
12/01/2000,SDL,AZ,AWP,WE,Towers with Display (VFR),0,13,71,0,84,0,0,325,0,325,0,13,396,0,409,339,0,339,748
12/02/2000,SDL,AZ,AWP,WE,Towers with Display (VFR),0,8,35,0,43,0,12,283,0,295,0,20,318,0,338,269,0,269,607
12/03/2000,SDL,AZ,AWP,WE,Towers with Display (VFR),0,14,65,0,79,0,8,192,0,200,0,22,257,0,279,113,0,113,392
12/04/2000,SDL,AZ,AWP,WE,Towers with Display (VFR),0,14,63,0,77,0,3,272,0,275,0,17,335,0,352,118,0,118,470
12/05/2000,SDL,AZ,AWP,WE,Towers with Display (VFR),0,15,70,0,85,0,0,251,0,251,0,15,321,0,336,320,0,320,656
12/06/2000,SDL,AZ,AWP,WE,Towers with Display (VFR),0,14,66,0,80,0,2,294,0,296,0,16,360,0,376,252,0,252,628
12/07/2000,SDL,AZ,AWP,WE,Towers with Display (VFR),0,21,100,0,121,0,11,286,0,297,0,32,386,0,418,297,0,297,715
12/08/2000,SDL,AZ,AWP,WE,Towers with Display (VFR),0,15,67,0,82,0,17,309,0,326,0,32,376,0,408,243,0,243,651
12/09/2000,SDL,AZ,AWP,WE,Towers with Display (VFR),0,8,35,0,43,0,14,232,0,246,0,22,267,0,289,150,0,150,439
12/10/2000,SDL,AZ,AWP,WE,Towers with Display (VFR),0,10,56,0,66,0,0,130,1,131,0,10,186,1,197,100,0,100,297
12/11/2000,SDL,AZ,AWP,WE,Towers with Display (VFR),0,10,53,0,63,0,0,260,0,260,0,10,313,0,323,205,0,205,528
12/12/2000,SDL,AZ,AWP,WE,Towers with Display (VFR),0,12,57,0,69,0,3,245,0,248,0,15,302,0,317,111,0,111,428
12/13/2000,SDL,AZ,AWP,WE,Towers with Display (VFR),0,13,72,0,85,0,0,286,0,286,0,13,358,0,371,143,0,143,514
12/14/2000,SDL,AZ,AWP,WE,Towers with Display (VFR),0,13,76,0,89,0,0,299,0,299,0,13,375,0,388,157,0,157,545
12/15/2000,SDL,AZ,AWP,WE,Towers with Display (VFR),0,14,62,0,76,0,9,276,0,285,0,23,338,0,361,135,0,135,496
12/16/2000,SDL,AZ,AWP,WE,Towers with Display (VFR),0,9,39,0,48,0,2,204,1,207,0,11,243,1,255,150,0,150,405
12/17/2000,SDL,AZ,AWP,WE,Towers with Display (VFR),0,12,54,0,66,0,3,172,0,175,0,15,226,0,241,148,0,148,389
12/18/2000,SDL,AZ,AWP,WE,Towers with Display (VFR),0,9,44,0,53,0,15,254,0,269,0,24,298,0,322,186,0,186,508
12/19/2000,SDL,AZ,AWP,WE,Towers with Display (VFR),0,10,53,0,63,0,6,325,0,331,0,16,378,0,394,267,0,267,661
12/20/2000,SDL,AZ,AWP,WE,Towers with Display (VFR),0,10,48,0,58,0,5,267,0,272,0,15,315,0,330,212,0,212,542
12/21/2000,SDL,AZ,AWP,WE,Towers with Display (VFR),0,11,56,0,67,2,10,273,0,285,2,21,329,0,352,172,0,172,524
12/22/2000,SDL,AZ,AWP,WE,Towers with Display (VFR),0,10,53,0,63,0,4,309,2,315,0,14,362,2,378,285,2,287,665
12/23/2000,SDL,AZ,AWP,WE,Towers with Display (VFR),0,8,39,0,47,0,16,214,0,230,0,24,253,0,277,159,0,159,436
12/24/2000,SDL,AZ,AWP,WE,Towers with Display (VFR),0,3,20,0,23,0,2,124,0,126,0,5,144,0,149,59,0,59,208
12/25/2000,SDL,AZ,AWP,WE,Towers with Display (VFR),0,2,15,0,17,0,7,26,0,33,0,9,41,0,50,3,0,3,53
12/26/2000,SDL,AZ,AWP,WE,Towers with Display (VFR),0,17,86,0,103,0,11,239,0,250,0,28,325,0,353,132,0,132,485
12/27/2000,SDL,AZ,AWP,WE,Towers with Display (VFR),0,17,86,0,103,0,22,273,0,295,0,39,359,0,398,212,0,212,610
12/28/2000,SDL,AZ,AWP,WE,Towers with Display (VFR),0,17,86,0,103,0,21,283,0,304,0,38,369,0,407,160,0,160,567
12/29/2000,SDL,AZ,AWP,WE,Towers with Display (VFR),0,17,87,0,104,0,20,367,0,387,0,37,454,0,491,325,0,325,816
12/30/2000,SDL,AZ,AWP,WE,Towers with Display (VFR),0,10,51,0,61,0,21,281,0,302,0,31,332,0,363,312,0,312,675
12/31/2000,SDL,AZ,AWP,WE,Towers with Display (VFR),0,7,39,0,46,0,23,143,0,166,0,30,182,0,212,52,0,52,264
01/01/2001,SDL,AZ,AWP,WE,Towers with Display (VFR),0,19,80,0,99,0,2,146,0,148,0,21,226,0,247,32,0,32,279
01/02/2001,SDL,AZ,AWP,WE,Towers with Display (VFR),0,24,103,0,127,0,12,282,0,294,0,36,385,0,421,408,0,408,829
01/03/2001,SDL,AZ,AWP,WE,Towers with Display (VFR),0,15,64,0,79,0,6,237,0,243,0,21,301,0,322,271,0,271,593
01/04/2001,SDL,AZ,AWP,WE,Towers with Display (VFR),0,17,72,0,89,0,10,249,0,259,0,27,321,0,348,239,0,239,587
01/05/2001,SDL,AZ,AWP,WE,Towers with Display (VFR),0,16,70,0,86,0,0,311,2,313,0,16,381,2,399,259,0,259,658
01/06/2001,SDL,AZ,AWP,WE,Towers with Display (VFR),0,12,52,0,64,0,11,237,1,249,0,23,289,1,313,148,0,148,461
01/07/2001,SDL,AZ,AWP,WE,Towers with Display (VFR),0,24,100,0,124,0,20,212,0,232,0,44,312,0,356,94,0,94,450
01/08/2001,SDL,AZ,AWP,WE,Towers with Display (VFR),0,26,108,0,134,0,10,232,0,242,0,36,340,0,376,294,0,294,670
01/09/2001,SDL,AZ,AWP,WE,Towers with Display (VFR),0,27,117,0,144,0,2,158,0,160,0,29,275,0,304,188,0,188,492
01/10/2001,SDL,AZ,AWP,WE,Towers with Display (VFR),0,30,126,0,156,0,1,230,3,234,0,31,356,3,390,305,0,305,695
01/11/2001,SDL,AZ,AWP,WE,Towers with Display (VFR),0,18,77,0,95,0,9,220,0,229,0,27,297,0,324,162,0,162,486
01/12/2001,SDL,AZ,AWP,WE,Towers with Display (VFR),0,6,75,0,81,0,0,97,0,97,0,6,172,0,178,23,0,23,201
01/13/2001,SDL,AZ,AWP,WE,Towers with Display (VFR),0,11,51,1,63,0,1,185,0,186,0,12,236,1,249,137,0,137,386
01/14/2001,SDL,AZ,AWP,WE,Towers with Display (VFR),0,14,64,0,78,2,3,222,0,227,2,17,286,0,305,173,0,173,478
01/15/2001,SDL,AZ,AWP,WE,Towers with Display (VFR),0,17,76,0,93,0,2,248,0,250,0,19,324,0,343,309,0,309,652
01/16/2001,SDL,AZ,AWP,WE,Towers with Display (VFR),0,13,99,0,112,0,0,99,0,99,0,13,198,0,211,47,0,47,258
01/17/2001,SDL,AZ,AWP,WE,Towers with Display (VFR),0,22,99,0,121,0,2,237,0,239,0,24,336,0,360,211,0,211,571
01/18/2001,SDL,AZ,AWP,WE,Towers with Display (VFR),0,23,105,0,128,0,19,340,0,359,0,42,445,0,487,151,0,151,638
01/19/2001,SDL,AZ,AWP,WE,Towers with Display (VFR),0,25,111,0,136,0,11,329,0,340,0,36,440,0,476,192,8,200,676
01/20/2001,SDL,AZ,AWP,WE,Towers with Display (VFR),0,14,62,0,76,0,40,264,6,310,0,54,326,6,386,222,0,222,608
01/21/2001,SDL,AZ,AWP,WE,Towers with Display (VFR),0,25,113,0,138,0,7,225,4,236,0,32,338,4,374,52,10,62,436
01/22/2001,SDL,AZ,AWP,WE,Towers with Display (VFR),0,24,105,0,129,0,10,269,0,279,0,34,374,0,408,176,0,176,584
01/23/2001,SDL,AZ,AWP,WE,Towers with Display (VFR),0,15,70,0,85,0,2,338,0,340,0,17,408,0,425,134,0,134,559
01/24/2001,SDL,AZ,AWP,WE,Towers with Display (VFR),0,23,101,0,124,0,4,282,0,286,0,27,383,0,410,190,0,190,600
01/25/2001,SDL,AZ,AWP,WE,Towers with Display (VFR),0,22,100,0,122,0,3,274,0,277,0,25,374,0,399,154,0,154,553
01/26/2001,SDL,AZ,AWP,WE,Towers with Display (VFR),0,20,89,0,109,0,6,306,0,312,0,26,395,0,421,183,0,183,604
01/27/2001,SDL,AZ,AWP,WE,Towers with Display (VFR),0,12,61,0,73,0,0,46,1,47,0,12,107,1,120,4,0,4,124
01/28/2001,SDL,AZ,AWP,WE,Towers with Display (VFR),0,21,93,0,114,0,13,135,4,152,0,34,228,4,266,162,0,162,428
01/29/2001,SDL,AZ,AWP,WE,Towers with Display (VFR),0,25,109,0,134,0,3,212,0,215,0,28,321,0,349,107,0,107,456
01/30/2001,SDL,AZ,AWP,WE,Towers with Display (VFR),0,15,68,0,83,0,0,288,0,288,0,15,356,0,371,285,0,285,656
01/31/2001,SDL,AZ,AWP,WE,Towers with Display (VFR),0,20,88,0,108,0,1,292,3,296,0,21,380,3,404,178,0,178,582
02/01/2001,SDL,AZ,AWP,WE,Towers with Display (VFR),0,17,72,0,89,0,2,294,6,302,0,19,366,6,391,221,0,221,612
02/02/2001,SDL,AZ,AWP,WE,Towers with Display (VFR),0,19,82,0,101,0,12,311,0,323,0,31,393,0,424,378,0,378,802
02/03/2001,SDL,AZ,AWP,WE,Towers with Display (VFR),0,14,60,0,74,0,9,265,0,274,0,23,325,0,348,233,0,233,581
02/04/2001,SDL,AZ,AWP,WE,Towers with Display (VFR),0,16,100,0,116,0,0,275,0,275,0,16,375,0,391,216,0,216,607
02/05/2001,SDL,AZ,AWP,WE,Towers with Display (VFR),0,11,57,0,68,0,0,305,0,305,0,11,362,0,373,248,0,248,621
02/06/2001,SDL,AZ,AWP,WE,Towers with Display (VFR),0,17,76,0,93,0,12,265,0,277,0,29,341,0,370,128,0,128,498
02/07/2001,SDL,AZ,AWP,WE,Towers with Display (VFR),0,17,94,0,111,0,0,258,0,258,0,17,352,0,369,144,0,144,513
02/08/2001,SDL,AZ,AWP,WE,Towers with Display (VFR),0,19,83,0,102,0,2,288,0,290,0,21,371,0,392,236,0,236,628
02/09/2001,SDL,AZ,AWP,WE,Towers with Display (VFR),0,17,75,0,92,0,9,355,5,369,0,26,430,5,461,320,0,320,781
02/10/2001,SDL,AZ,AWP,WE,Towers with Display (VFR),0,17,76,0,93,0,16,226,4,246,0,33,302,4,339,151,0,151,490
02/11/2001,SDL,AZ,AWP,WE,Towers with Display (VFR),0,23,102,0,125,0,1,234,3,238,0,24,336,3,363,155,0,155,518
02/12/2001,SDL,AZ,AWP,WE,Towers with Display (VFR),0,16,68,0,84,0,16,290,5,311,0,32,358,5,395,251,0,251,646
02/13/2001,SDL,AZ,AWP,WE,Towers with Display (VFR),0,15,72,0,87,0,0,177,0,177,0,15,249,0,264,90,0,90,354
02/14/2001,SDL,AZ,AWP,WE,Towers with Display (VFR),0,20,91,0,111,0,12,135,0,147,0,32,226,0,258,221,0,221,479
02/15/2001,SDL,AZ,AWP,WE,Towers with Display (VFR),0,24,110,0,134,0,0,251,0,251,0,24,361,0,385,308,0,308,693
02/16/2001,SDL,AZ,AWP,WE,Towers with Display (VFR),0,23,104,0,127,0,18,304,3,325,0,41,408,3,452,420,0,420,872
02/17/2001,SDL,AZ,AWP,WE,Towers with Display (VFR),0,21,98,0,119,0,10,204,0,214,0,31,302,0,333,210,0,210,543
02/18/2001,SDL,AZ,AWP,WE,Towers with Display (VFR),0,18,83,0,101,0,13,170,0,183,0,31,253,0,284,244,0,244,528
02/19/2001,SDL,AZ,AWP,WE,Towers with Display (VFR),0,22,102,0,124,1,15,333,1,350,1,37,435,1,474,328,0,328,802
02/20/2001,SDL,AZ,AWP,WE,Towers with Display (VFR),0,20,90,0,110,0,11,287,0,298,0,31,377,0,408,257,0,257,665
02/21/2001,SDL,AZ,AWP,WE,Towers with Display (VFR),0,21,98,0,119,0,2,328,3,333,0,23,426,3,452,207,0,207,659
02/22/2001,SDL,AZ,AWP,WE,Towers with Display (VFR),0,16,103,0,119,0,0,240,0,240,0,16,343,0,359,370,0,370,729
02/23/2001,SDL,AZ,AWP,WE,Towers with Display (VFR),0,21,97,0,118,0,13,319,0,332,0,34,416,0,450,380,0,380,830
02/24/2001,SDL,AZ,AWP,WE,Towers with Display (VFR),0,17,78,0,95,0,8,246,1,255,0,25,324,1,350,202,0,202,552
02/25/2001,SDL,AZ,AWP,WE,Towers with Display (VFR),0,16,112,0,128,0,0,204,0,204,0,16,316,0,332,137,0,137,469
02/26/2001,SDL,AZ,AWP,WE,Towers with Display (VFR),0,18,81,0,99,0,3,272,0,275,0,21,353,0,374,241,0,241,615
02/27/2001,SDL,AZ,AWP,WE,Towers with Display (VFR),0,17,79,0,96,0,11,209,0,220,0,28,288,0,316,185,0,185,501
02/28/2001,SDL,AZ,AWP,WE,Towers with Display (VFR),0,24,108,0,132,0,5,133,0,138,0,29,241,0,270,191,0,191,461
03/01/2001,SDL,AZ,AWP,WE,Towers with Display (VFR),0,3,60,0,63,0,0,0,1,1,0,3,60,1,64,398,4,402,466
03/02/2001,SDL,AZ,AWP,WE,Towers with Display (VFR),0,19,109,0,128,0,0,438,0,438,0,19,547,0,566,264,0,264,830
03/03/2001,SDL,AZ,AWP,WE,Towers with Display (VFR),0,11,39,0,50,0,12,232,15,259,0,23,271,15,309,194,0,194,503
03/04/2001,SDL,AZ,AWP,WE,Towers with Display (VFR),0,23,85,0,108,0,19,337,1,357,0,42,422,1,465,215,0,215,680
03/05/2001,SDL,AZ,AWP,WE,Towers with Display (VFR),0,19,67,0,86,0,0,282,0,282,0,19,349,0,368,226,0,226,594
03/06/2001,SDL,AZ,AWP,WE,Towers with Display (VFR),0,22,79,0,101,0,8,266,0,274,0,30,345,0,375,213,0,213,588
03/07/2001,SDL,AZ,AWP,WE,Towers with Display (VFR),0,28,105,0,133,0,3,74,1,78,0,31,179,1,211,54,0,54,265
03/08/2001,SDL,AZ,AWP,WE,Towers with Display (VFR),0,30,111,0,141,0,0,199,12,211,0,30,310,12,352,152,0,152,504
03/09/2001,SDL,AZ,AWP,WE,Towers with Display (VFR),0,20,86,0,106,0,0,350,1,351,0,20,436,1,457,282,0,282,739
03/10/2001,SDL,AZ,AWP,WE,Towers with Display (VFR),0,13,72,0,85,0,0,173,0,173,0,13,245,0,258,171,0,171,429
03/11/2001,SDL,AZ,AWP,WE,Towers with Display (VFR),0,32,119,0,151,0,4,189,0,193,0,36,308,0,344,176,0,176,520
03/12/2001,SDL,AZ,AWP,WE,Towers with Display (VFR),0,20,72,0,92,0,3,310,0,313,0,23,382,0,405,295,0,295,700
03/13/2001,SDL,AZ,AWP,WE,Towers with Display (VFR),0,24,87,0,111,0,9,356,0,365,0,33,443,0,476,200,0,200,676
03/14/2001,SDL,AZ,AWP,WE,Towers with Display (VFR),0,26,118,0,144,0,0,341,0,341,0,26,459,0,485,196,0,196,681
03/15/2001,SDL,AZ,AWP,WE,Towers with Display (VFR),0,26,95,0,121,0,5,343,0,348,0,31,438,0,469,232,0,232,701
03/16/2001,SDL,AZ,AWP,WE,Towers with Display (VFR),0,24,98,0,122,0,0,352,0,352,0,24,450,0,474,241,0,241,715
03/17/2001,SDL,AZ,AWP,WE,Towers with Display (VFR),0,14,55,0,69,0,6,293,9,308,0,20,348,9,377,318,0,318,695
03/18/2001,SDL,AZ,AWP,WE,Towers with Display (VFR),0,25,105,0,130,0,0,308,0,308,0,25,413,0,438,180,0,180,618
03/19/2001,SDL,AZ,AWP,WE,Towers with Display (VFR),0,23,88,0,111,0,10,285,0,295,0,33,373,0,406,295,0,295,701
03/20/2001,SDL,AZ,AWP,WE,Towers with Display (VFR),0,18,69,0,87,0,27,271,12,310,0,45,340,12,397,181,0,181,578
03/21/2001,SDL,AZ,AWP,WE,Towers with Display (VFR),0,28,106,0,134,0,6,280,0,286,0,34,386,0,420,118,0,118,538
03/22/2001,SDL,AZ,AWP,WE,Towers with Display (VFR),0,29,111,0,140,0,6,315,0,321,0,35,426,0,461,193,0,193,654
03/23/2001,SDL,AZ,AWP,WE,Towers with Display (VFR),0,22,87,0,109,0,17,346,0,363,0,39,433,0,472,342,0,342,814
03/24/2001,SDL,AZ,AWP,WE,Towers with Display (VFR),0,19,75,0,94,0,5,351,7,363,0,24,426,7,457,448,0,448,905
03/25/2001,SDL,AZ,AWP,WE,Towers with Display (VFR),0,29,110,0,139,0,15,212,0,227,0,44,322,0,366,201,0,201,567
03/26/2001,SDL,AZ,AWP,WE,Towers with Display (VFR),0,23,90,0,113,0,21,280,3,304,0,44,370,3,417,274,4,278,695
03/27/2001,SDL,AZ,AWP,WE,Towers with Display (VFR),0,24,91,0,115,0,2,245,14,261,0,26,336,14,376,202,0,202,578
03/28/2001,SDL,AZ,AWP,WE,Towers with Display (VFR),0,22,86,0,108,0,15,301,0,316,0,37,387,0,424,180,0,180,604
03/29/2001,SDL,AZ,AWP,WE,Towers with Display (VFR),0,25,95,0,120,0,0,351,0,351,0,25,446,0,471,210,0,210,681
03/30/2001,SDL,AZ,AWP,WE,Towers with Display (VFR),0,24,94,0,118,4,13,345,1,363,4,37,439,1,481,421,0,421,902
03/31/2001,SDL,AZ,AWP,WE,Towers with Display (VFR),0,21,83,0,104,0,14,313,6,333,0,35,396,6,437,246,0,246,683
04/01/2001,SDL,AZ,AWP,WE,Towers with Display (VFR),0,33,123,0,156,0,6,246,0,252,0,39,369,0,408,161,0,161,569
04/02/2001,SDL,AZ,AWP,WE,Towers with Display (VFR),0,23,75,2,100,0,12,276,0,288,0,35,351,2,388,117,0,117,505
04/03/2001,SDL,AZ,AWP,WE,Towers with Display (VFR),0,15,66,0,81,0,0,245,0,245,0,15,311,0,326,122,0,122,448
04/04/2001,SDL,AZ,AWP,WE,Towers with Display (VFR),0,13,83,0,96,0,6,256,0,262,0,19,339,0,358,170,0,170,528
04/05/2001,SDL,AZ,AWP,WE,Towers with Display (VFR),0,18,81,0,99,0,2,209,0,211,0,20,290,0,310,229,0,229,539
04/06/2001,SDL,AZ,AWP,WE,Towers with Display (VFR),0,21,90,0,111,0,4,173,0,177,0,25,263,0,288,103,0,103,391
04/07/2001,SDL,AZ,AWP,WE,Towers with Display (VFR),0,14,71,0,85,0,6,230,0,236,0,20,301,0,321,119,0,119,440
04/08/2001,SDL,AZ,AWP,WE,Towers with Display (VFR),0,22,80,0,102,0,10,182,0,192,0,32,262,0,294,175,0,175,469
04/09/2001,SDL,AZ,AWP,WE,Towers with Display (VFR),0,18,46,0,64,0,1,302,0,303,0,19,348,0,367,220,0,220,587
04/10/2001,SDL,AZ,AWP,WE,Towers with Display (VFR),0,19,60,0,79,0,0,152,0,152,0,19,212,0,231,180,0,180,411
04/11/2001,SDL,AZ,AWP,WE,Towers with Display (VFR),0,23,69,0,92,0,0,312,0,312,0,23,381,0,404,232,0,232,636
04/12/2001,SDL,AZ,AWP,WE,Towers with Display (VFR),0,30,90,3,123,0,0,329,1,330,0,30,419,4,453,180,0,180,633
04/13/2001,SDL,AZ,AWP,WE,Towers with Display (VFR),0,11,50,0,61,0,3,391,0,394,0,14,441,0,455,305,0,305,760
04/14/2001,SDL,AZ,AWP,WE,Towers with Display (VFR),0,6,36,0,42,0,5,298,0,303,0,11,334,0,345,180,0,180,525
04/15/2001,SDL,AZ,AWP,WE,Towers with Display (VFR),0,27,56,0,83,3,3,127,0,133,3,30,183,0,216,64,0,64,280
04/16/2001,SDL,AZ,AWP,WE,Towers with Display (VFR),0,26,102,1,129,0,7,278,0,285,0,33,380,1,414,231,0,231,645
04/17/2001,SDL,AZ,AWP,WE,Towers with Display (VFR),0,19,72,0,91,0,1,272,0,273,0,20,344,0,364,158,0,158,522
04/18/2001,SDL,AZ,AWP,WE,Towers with Display (VFR),0,25,73,0,98,0,7,335,0,342,0,32,408,0,440,186,0,186,626
04/19/2001,SDL,AZ,AWP,WE,Towers with Display (VFR),0,17,71,0,88,0,7,336,0,343,0,24,407,0,431,237,0,237,668
04/20/2001,SDL,AZ,AWP,WE,Towers with Display (VFR),0,14,84,0,98,0,4,314,0,318,0,18,398,0,416,249,0,249,665
04/21/2001,SDL,AZ,AWP,WE,Towers with Display (VFR),0,18,53,0,71,0,3,172,0,175,0,21,225,0,246,127,0,127,373
04/22/2001,SDL,AZ,AWP,WE,Towers with Display (VFR),0,38,84,0,122,0,1,215,0,216,0,39,299,0,338,169,0,169,507
04/23/2001,SDL,AZ,AWP,WE,Towers with Display (VFR),0,17,90,0,107,0,2,339,0,341,0,19,429,0,448,314,0,314,762
04/24/2001,SDL,AZ,AWP,WE,Towers with Display (VFR),0,16,79,0,95,0,6,270,0,276,0,22,349,0,371,136,0,136,507
04/25/2001,SDL,AZ,AWP,WE,Towers with Display (VFR),0,23,90,0,113,0,2,269,0,271,0,25,359,0,384,217,0,217,601
04/26/2001,SDL,AZ,AWP,WE,Towers with Display (VFR),0,18,86,0,104,0,6,300,0,306,0,24,386,0,410,324,0,324,734
04/27/2001,SDL,AZ,AWP,WE,Towers with Display (VFR),0,20,67,2,89,0,0,347,0,347,0,20,414,2,436,333,0,333,769
04/28/2001,SDL,AZ,AWP,WE,Towers with Display (VFR),0,15,62,2,79,0,5,245,1,251,0,20,307,3,330,125,0,125,455
04/29/2001,SDL,AZ,AWP,WE,Towers with Display (VFR),0,19,89,0,108,0,11,246,0,257,0,30,335,0,365,269,0,269,634
04/30/2001,SDL,AZ,AWP,WE,Towers with Display (VFR),0,8,72,0,80,0,7,304,0,311,0,15,376,0,391,371,0,371,762
05/01/2001,SDL,AZ,AWP,WE,Towers with Display (VFR),0,7,64,0,71,0,3,313,0,316,0,10,377,0,387,204,0,204,591
05/02/2001,SDL,AZ,AWP,WE,Towers with Display (VFR),0,6,71,0,77,0,6,250,0,256,0,12,321,0,333,242,0,242,575
05/03/2001,SDL,AZ,AWP,WE,Towers with Display (VFR),0,18,64,2,84,0,6,261,0,267,0,24,325,2,351,386,0,386,737
05/04/2001,SDL,AZ,AWP,WE,Towers with Display (VFR),0,16,62,0,78,0,0,290,10,300,0,16,352,10,378,269,0,269,647
05/05/2001,SDL,AZ,AWP,WE,Towers with Display (VFR),0,14,29,0,43,0,3,229,0,232,0,17,258,0,275,192,0,192,467
05/06/2001,SDL,AZ,AWP,WE,Towers with Display (VFR),0,20,74,0,94,0,7,215,0,222,0,27,289,0,316,157,0,157,473
05/07/2001,SDL,AZ,AWP,WE,Towers with Display (VFR),0,11,47,0,58,0,5,265,6,276,0,16,312,6,334,227,0,227,561
05/08/2001,SDL,AZ,AWP,WE,Towers with Display (VFR),0,13,74,0,87,0,4,295,2,301,0,17,369,2,388,235,0,235,623
05/09/2001,SDL,AZ,AWP,WE,Towers with Display (VFR),0,14,80,0,94,0,6,280,4,290,0,20,360,4,384,224,0,224,608
05/10/2001,SDL,AZ,AWP,WE,Towers with Display (VFR),0,18,68,0,86,0,2,300,0,302,0,20,368,0,388,520,0,520,908
05/11/2001,SDL,AZ,AWP,WE,Towers with Display (VFR),0,22,67,0,89,0,3,276,3,282,0,25,343,3,371,379,0,379,750
05/12/2001,SDL,AZ,AWP,WE,Towers with Display (VFR),0,13,49,0,62,0,3,207,2,212,0,16,256,2,274,174,0,174,448
05/13/2001,SDL,AZ,AWP,WE,Towers with Display (VFR),0,18,44,0,62,0,8,178,0,186,0,26,222,0,248,85,0,85,333
05/14/2001,SDL,AZ,AWP,WE,Towers with Display (VFR),0,11,64,0,75,0,4,274,0,278,0,15,338,0,353,350,0,350,703
05/15/2001,SDL,AZ,AWP,WE,Towers with Display (VFR),0,16,48,0,64,0,1,343,0,344,0,17,391,0,408,248,0,248,656
05/16/2001,SDL,AZ,AWP,WE,Towers with Display (VFR),0,18,62,0,80,0,1,324,0,325,0,19,386,0,405,321,0,321,726
05/17/2001,SDL,AZ,AWP,WE,Towers with Display (VFR),0,14,57,0,71,0,3,350,0,353,0,17,407,0,424,278,0,278,702
05/18/2001,SDL,AZ,AWP,WE,Towers with Display (VFR),0,13,52,0,65,0,6,280,0,286,0,19,332,0,351,259,0,259,610
05/19/2001,SDL,AZ,AWP,WE,Towers with Display (VFR),0,10,44,0,54,0,1,165,3,169,0,11,209,3,223,289,16,305,528
05/20/2001,SDL,AZ,AWP,WE,Towers with Display (VFR),0,13,56,0,69,0,1,215,2,218,0,14,271,2,287,186,0,186,473
05/21/2001,SDL,AZ,AWP,WE,Towers with Display (VFR),0,18,78,0,96,0,2,301,3,306,0,20,379,3,402,203,0,203,605
05/22/2001,SDL,AZ,AWP,WE,Towers with Display (VFR),0,11,57,0,68,0,0,347,0,347,0,11,404,0,415,279,0,279,694
05/23/2001,SDL,AZ,AWP,WE,Towers with Display (VFR),0,6,58,0,64,0,3,322,0,325,0,9,380,0,389,130,0,130,519
05/24/2001,SDL,AZ,AWP,WE,Towers with Display (VFR),0,17,70,0,87,0,4,276,0,280,0,21,346,0,367,235,0,235,602
05/25/2001,SDL,AZ,AWP,WE,Towers with Display (VFR),0,12,63,0,75,0,2,302,3,307,0,14,365,3,382,163,0,163,545
05/26/2001,SDL,AZ,AWP,WE,Towers with Display (VFR),0,11,35,0,46,0,9,215,3,227,0,20,250,3,273,176,0,176,449
05/27/2001,SDL,AZ,AWP,WE,Towers with Display (VFR),0,9,25,0,34,0,6,134,0,140,0,15,159,0,174,60,0,60,234
05/28/2001,SDL,AZ,AWP,WE,Towers with Display (VFR),0,9,50,0,59,0,5,224,0,229,0,14,274,0,288,125,0,125,413
05/29/2001,SDL,AZ,AWP,WE,Towers with Display (VFR),0,4,43,0,47,0,5,276,0,281,0,9,319,0,328,183,0,183,511
05/30/2001,SDL,AZ,AWP,WE,Towers with Display (VFR),0,15,38,0,53,0,1,295,0,296,0,16,333,0,349,211,0,211,560
05/31/2001,SDL,AZ,AWP,WE,Towers with Display (VFR),0,18,65,0,83,0,0,250,1,251,0,18,315,1,334,216,0,216,550
06/01/2001,SDL,AZ,AWP,WE,Towers with Display (VFR),0,11,48,0,59,0,4,237,2,243,0,15,285,2,302,207,0,207,509
06/02/2001,SDL,AZ,AWP,WE,Towers with Display (VFR),0,10,23,0,33,0,0,200,0,200,0,10,223,0,233,120,0,120,353
06/03/2001,SDL,AZ,AWP,WE,Towers with Display (VFR),0,11,52,0,63,0,7,159,0,166,0,18,211,0,229,119,0,119,348
06/04/2001,SDL,AZ,AWP,WE,Towers with Display (VFR),0,8,35,0,43,0,3,228,0,231,0,11,263,0,274,185,0,185,459
06/05/2001,SDL,AZ,AWP,WE,Towers with Display (VFR),0,11,43,0,54,0,0,230,0,230,0,11,273,0,284,220,0,220,504
06/06/2001,SDL,AZ,AWP,WE,Towers with Display (VFR),0,5,59,0,64,0,1,319,0,320,0,6,378,0,384,267,0,267,651
06/07/2001,SDL,AZ,AWP,WE,Towers with Display (VFR),0,4,42,0,46,0,0,306,0,306,0,4,348,0,352,234,0,234,586
06/08/2001,SDL,AZ,AWP,WE,Towers with Display (VFR),0,8,53,0,61,0,1,324,0,325,0,9,377,0,386,272,0,272,658
06/09/2001,SDL,AZ,AWP,WE,Towers with Display (VFR),0,9,36,0,45,0,0,222,0,222,0,9,258,0,267,231,0,231,498
06/10/2001,SDL,AZ,AWP,WE,Towers with Display (VFR),0,10,62,0,72,0,2,235,0,237,0,12,297,0,309,209,0,209,518
06/11/2001,SDL,AZ,AWP,WE,Towers with Display (VFR),0,7,48,0,55,0,0,261,0,261,0,7,309,0,316,166,0,166,482
06/12/2001,SDL,AZ,AWP,WE,Towers with Display (VFR),0,12,40,0,52,0,2,253,0,255,0,14,293,0,307,92,0,92,399
06/13/2001,SDL,AZ,AWP,WE,Towers with Display (VFR),0,7,66,0,73,0,2,281,0,283,0,9,347,0,356,134,0,134,490
06/14/2001,SDL,AZ,AWP,WE,Towers with Display (VFR),0,2,63,0,65,0,1,298,0,299,0,3,361,0,364,168,0,168,532
06/15/2001,SDL,AZ,AWP,WE,Towers with Display (VFR),0,6,68,0,74,0,6,396,0,402,0,12,464,0,476,224,0,224,700
06/16/2001,SDL,AZ,AWP,WE,Towers with Display (VFR),0,5,37,0,42,0,7,256,0,263,0,12,293,0,305,194,0,194,499
06/17/2001,SDL,AZ,AWP,WE,Towers with Display (VFR),0,17,46,0,63,0,6,169,0,175,0,23,215,0,238,129,0,129,367
06/18/2001,SDL,AZ,AWP,WE,Towers with Display (VFR),0,6,53,0,59,0,3,219,0,222,0,9,272,0,281,204,0,204,485
06/19/2001,SDL,AZ,AWP,WE,Towers with Display (VFR),0,2,31,0,33,0,9,271,0,280,0,11,302,0,313,204,0,204,517
06/20/2001,SDL,AZ,AWP,WE,Towers with Display (VFR),0,5,54,0,59,0,5,274,0,279,0,10,328,0,338,179,0,179,517
06/21/2001,SDL,AZ,AWP,WE,Towers with Display (VFR),0,8,53,0,61,0,8,305,2,315,0,16,358,2,376,173,0,173,549
06/22/2001,SDL,AZ,AWP,WE,Towers with Display (VFR),0,12,58,0,70,0,2,327,2,331,0,14,385,2,401,171,0,171,572
06/23/2001,SDL,AZ,AWP,WE,Towers with Display (VFR),0,12,30,0,42,0,6,227,3,236,0,18,257,3,278,129,0,129,407
06/24/2001,SDL,AZ,AWP,WE,Towers with Display (VFR),0,14,42,0,56,0,0,194,0,194,0,14,236,0,250,114,0,114,364
06/25/2001,SDL,AZ,AWP,WE,Towers with Display (VFR),0,15,34,0,49,0,3,218,0,221,0,18,252,0,270,127,0,127,397
06/26/2001,SDL,AZ,AWP,WE,Towers with Display (VFR),0,11,47,0,58,0,3,293,0,296,0,14,340,0,354,103,0,103,457
06/27/2001,SDL,AZ,AWP,WE,Towers with Display (VFR),0,9,57,0,66,0,6,313,0,319,0,15,370,0,385,125,0,125,510
06/28/2001,SDL,AZ,AWP,WE,Towers with Display (VFR),0,16,13,0,29,0,0,327,0,327,0,16,340,0,356,172,0,172,528
06/29/2001,SDL,AZ,AWP,WE,Towers with Display (VFR),0,10,46,0,56,0,2,246,0,248,0,12,292,0,304,63,0,63,367
06/30/2001,SDL,AZ,AWP,WE,Towers with Display (VFR),0,2,29,0,31,0,1,220,0,221,0,3,249,0,252,154,0,154,406
07/01/2001,SDL,AZ,AWP,WE,Towers with Display (VFR),0,15,40,0,55,0,3,188,0,191,0,18,228,0,246,132,0,132,378
07/02/2001,SDL,AZ,AWP,WE,Towers with Display (VFR),0,12,28,0,40,0,5,181,1,187,0,17,209,1,227,131,0,131,358
07/03/2001,SDL,AZ,AWP,WE,Towers with Display (VFR),0,17,46,0,63,0,2,245,0,247,0,19,291,0,310,106,0,106,416
07/04/2001,SDL,AZ,AWP,WE,Towers with Display (VFR),0,11,25,0,36,0,6,163,0,169,0,17,188,0,205,66,0,66,271
07/05/2001,SDL,AZ,AWP,WE,Towers with Display (VFR),0,7,37,0,44,0,0,245,0,245,0,7,282,0,289,93,0,93,382
07/06/2001,SDL,AZ,AWP,WE,Towers with Display (VFR),0,5,46,0,51,0,1,252,0,253,0,6,298,0,304,196,0,196,500
07/07/2001,SDL,AZ,AWP,WE,Towers with Display (VFR),0,2,31,0,33,0,1,207,0,208,0,3,238,0,241,128,0,128,369
07/08/2001,SDL,AZ,AWP,WE,Towers with Display (VFR),0,8,41,0,49,0,7,144,0,151,0,15,185,0,200,49,0,49,249
07/09/2001,SDL,AZ,AWP,WE,Towers with Display (VFR),0,10,41,0,51,0,4,269,0,273,0,14,310,0,324,238,0,238,562
07/10/2001,SDL,AZ,AWP,WE,Towers with Display (VFR),0,11,40,0,51,0,0,235,1,236,0,11,275,1,287,222,0,222,509
07/11/2001,SDL,AZ,AWP,WE,Towers with Display (VFR),0,9,64,2,75,0,6,242,8,256,0,15,306,10,331,140,0,140,471
07/12/2001,SDL,AZ,AWP,WE,Towers with Display (VFR),0,9,44,0,53,0,3,300,0,303,0,12,344,0,356,222,0,222,578
07/13/2001,SDL,AZ,AWP,WE,Towers with Display (VFR),0,10,35,0,45,0,5,253,1,259,0,15,288,1,304,177,0,177,481
07/14/2001,SDL,AZ,AWP,WE,Towers with Display (VFR),0,10,42,0,52,0,0,201,1,202,0,10,243,1,254,159,0,159,413
07/15/2001,SDL,AZ,AWP,WE,Towers with Display (VFR),0,11,41,0,52,0,3,192,0,195,0,14,233,0,247,64,0,64,311
07/16/2001,SDL,AZ,AWP,WE,Towers with Display (VFR),0,5,31,0,36,0,4,218,0,222,0,9,249,0,258,267,0,267,525
07/17/2001,SDL,AZ,AWP,WE,Towers with Display (VFR),0,6,27,0,33,0,5,268,0,273,0,11,295,0,306,331,0,331,637
07/18/2001,SDL,AZ,AWP,WE,Towers with Display (VFR),0,14,48,0,62,0,0,268,4,272,0,14,316,4,334,264,0,264,598
07/19/2001,SDL,AZ,AWP,WE,Towers with Display (VFR),0,20,51,0,71,1,8,297,0,306,1,28,348,0,377,251,0,251,628
07/20/2001,SDL,AZ,AWP,WE,Towers with Display (VFR),0,15,57,0,72,0,6,311,0,317,0,21,368,0,389,316,0,316,705
07/21/2001,SDL,AZ,AWP,WE,Towers with Display (VFR),0,3,20,0,23,0,2,216,0,218,0,5,236,0,241,111,0,111,352
07/22/2001,SDL,AZ,AWP,WE,Towers with Display (VFR),0,8,31,0,39,0,2,175,0,177,0,10,206,0,216,104,0,104,320
07/23/2001,SDL,AZ,AWP,WE,Towers with Display (VFR),0,4,23,0,27,0,0,285,0,285,0,4,308,0,312,245,0,245,557
07/24/2001,SDL,AZ,AWP,WE,Towers with Display (VFR),0,8,37,0,45,0,0,265,0,265,0,8,302,0,310,216,0,216,526
07/25/2001,SDL,AZ,AWP,WE,Towers with Display (VFR),0,5,53,0,58,0,3,235,3,241,0,8,288,3,299,203,0,203,502
07/26/2001,SDL,AZ,AWP,WE,Towers with Display (VFR),0,18,48,0,66,0,2,256,2,260,0,20,304,2,326,206,0,206,532
07/27/2001,SDL,AZ,AWP,WE,Towers with Display (VFR),0,11,45,0,56,0,0,256,3,259,0,11,301,3,315,201,0,201,516
07/28/2001,SDL,AZ,AWP,WE,Towers with Display (VFR),0,7,26,0,33,0,6,221,4,231,0,13,247,4,264,113,0,113,377
07/29/2001,SDL,AZ,AWP,WE,Towers with Display (VFR),0,6,35,0,41,0,1,134,0,135,0,7,169,0,176,90,0,90,266
07/30/2001,SDL,AZ,AWP,WE,Towers with Display (VFR),0,8,50,0,58,0,5,233,0,238,0,13,283,0,296,229,0,229,525
07/31/2001,SDL,AZ,AWP,WE,Towers with Display (VFR),0,2,32,0,34,0,0,220,0,220,0,2,252,0,254,203,0,203,457
08/01/2001,SDL,AZ,AWP,WE,Towers with Display (VFR),0,12,56,0,68,0,2,240,0,242,0,14,296,0,310,235,0,235,545
08/02/2001,SDL,AZ,AWP,WE,Towers with Display (VFR),0,9,41,0,50,0,2,264,0,266,0,11,305,0,316,353,0,353,669
08/03/2001,SDL,AZ,AWP,WE,Towers with Display (VFR),0,10,48,0,58,0,3,301,0,304,0,13,349,0,362,331,0,331,693
08/04/2001,SDL,AZ,AWP,WE,Towers with Display (VFR),0,4,17,0,21,0,9,180,1,190,0,13,197,1,211,126,0,126,337
08/05/2001,SDL,AZ,AWP,WE,Towers with Display (VFR),0,4,47,0,51,0,7,172,0,179,0,11,219,0,230,224,0,224,454
08/06/2001,SDL,AZ,AWP,WE,Towers with Display (VFR),0,4,52,0,56,0,3,209,0,212,0,7,261,0,268,173,0,173,441
08/07/2001,SDL,AZ,AWP,WE,Towers with Display (VFR),0,9,37,0,46,0,1,184,0,185,0,10,221,0,231,148,0,148,379
08/08/2001,SDL,AZ,AWP,WE,Towers with Display (VFR),0,8,45,0,53,0,1,259,0,260,0,9,304,0,313,217,0,217,530
08/09/2001,SDL,AZ,AWP,WE,Towers with Display (VFR),0,12,42,0,54,0,4,246,0,250,0,16,288,0,304,103,0,103,407
08/10/2001,SDL,AZ,AWP,WE,Towers with Display (VFR),0,11,51,0,62,0,5,221,0,226,0,16,272,0,288,184,0,184,472
08/11/2001,SDL,AZ,AWP,WE,Towers with Display (VFR),0,4,35,0,39,0,10,154,0,164,0,14,189,0,203,86,9,95,298
08/12/2001,SDL,AZ,AWP,WE,Towers with Display (VFR),0,7,40,0,47,0,8,208,0,216,0,15,248,0,263,129,0,129,392
08/13/2001,SDL,AZ,AWP,WE,Towers with Display (VFR),0,16,40,0,56,0,3,196,5,204,0,19,236,5,260,96,12,108,368
08/14/2001,SDL,AZ,AWP,WE,Towers with Display (VFR),0,11,50,0,61,0,0,220,0,220,0,11,270,0,281,109,0,109,390
08/15/2001,SDL,AZ,AWP,WE,Towers with Display (VFR),0,5,48,0,53,0,3,261,4,268,0,8,309,4,321,98,4,102,423
08/16/2001,SDL,AZ,AWP,WE,Towers with Display (VFR),0,9,69,0,78,0,3,345,0,348,0,12,414,0,426,243,0,243,669
08/17/2001,SDL,AZ,AWP,WE,Towers with Display (VFR),0,8,40,0,48,0,4,295,0,299,0,12,335,0,347,205,0,205,552
08/18/2001,SDL,AZ,AWP,WE,Towers with Display (VFR),0,3,20,0,23,0,15,216,0,231,0,18,236,0,254,135,0,135,389
08/19/2001,SDL,AZ,AWP,WE,Towers with Display (VFR),0,6,45,0,51,0,5,205,1,211,0,11,250,1,262,141,0,141,403
08/20/2001,SDL,AZ,AWP,WE,Towers with Display (VFR),0,10,50,0,60,0,2,235,0,237,0,12,285,0,297,183,0,183,480
08/21/2001,SDL,AZ,AWP,WE,Towers with Display (VFR),0,7,59,0,66,0,4,224,0,228,0,11,283,0,294,167,0,167,461
08/22/2001,SDL,AZ,AWP,WE,Towers with Display (VFR),0,6,58,0,64,0,4,283,0,287,0,10,341,0,351,159,8,167,518
08/23/2001,SDL,AZ,AWP,WE,Towers with Display (VFR),0,10,54,0,64,0,2,272,1,275,0,12,326,1,339,175,0,175,514
08/24/2001,SDL,AZ,AWP,WE,Towers with Display (VFR),0,13,54,0,67,0,14,301,0,315,0,27,355,0,382,277,0,277,659
08/25/2001,SDL,AZ,AWP,WE,Towers with Display (VFR),0,5,38,0,43,0,8,223,2,233,0,13,261,2,276,102,0,102,378
08/26/2001,SDL,AZ,AWP,WE,Towers with Display (VFR),0,3,51,0,54,0,7,204,15,226,0,10,255,15,280,148,0,148,428
08/27/2001,SDL,AZ,AWP,WE,Towers with Display (VFR),0,6,46,0,52,0,3,209,0,212,0,9,255,0,264,157,0,157,421
08/28/2001,SDL,AZ,AWP,WE,Towers with Display (VFR),0,4,53,0,57,0,0,253,0,253,0,4,306,0,310,150,0,150,460
08/29/2001,SDL,AZ,AWP,WE,Towers with Display (VFR),0,11,34,0,45,0,3,293,0,296,0,14,327,0,341,192,0,192,533
08/30/2001,SDL,AZ,AWP,WE,Towers with Display (VFR),0,11,11,0,22,0,0,360,0,360,0,11,371,0,382,235,3,238,620
08/31/2001,SDL,AZ,AWP,WE,Towers with Display (VFR),0,15,55,0,70,0,3,300,0,303,0,18,355,0,373,284,0,284,657
09/01/2001,SDL,AZ,AWP,WE,Towers with Display (VFR),0,4,30,0,34,0,9,210,1,220,0,13,240,1,254,138,0,138,392
09/02/2001,SDL,AZ,AWP,WE,Towers with Display (VFR),0,10,38,0,48,0,8,155,1,164,0,18,193,1,212,99,0,99,311
09/03/2001,SDL,AZ,AWP,WE,Towers with Display (VFR),0,10,58,0,68,0,11,222,0,233,0,21,280,0,301,68,0,68,369
09/04/2001,SDL,AZ,AWP,WE,Towers with Display (VFR),0,11,58,0,69,0,3,175,0,178,0,14,233,0,247,159,0,159,406
09/05/2001,SDL,AZ,AWP,WE,Towers with Display (VFR),0,12,51,0,63,0,4,223,0,227,0,16,274,0,290,191,0,191,481
09/06/2001,SDL,AZ,AWP,WE,Towers with Display (VFR),0,8,40,0,48,0,1,259,8,268,0,9,299,8,316,215,0,215,531
09/07/2001,SDL,AZ,AWP,WE,Towers with Display (VFR),0,14,27,0,41,0,0,272,5,277,0,14,299,5,318,239,0,239,557
09/08/2001,SDL,AZ,AWP,WE,Towers with Display (VFR),0,8,23,0,31,0,13,180,0,193,0,21,203,0,224,267,0,267,491
09/09/2001,SDL,AZ,AWP,WE,Towers with Display (VFR),0,3,48,0,51,0,10,180,2,192,0,13,228,2,243,186,0,186,429
09/10/2001,SDL,AZ,AWP,WE,Towers with Display (VFR),0,9,37,0,46,0,6,216,0,222,0,15,253,0,268,195,0,195,463
09/11/2001,SDL,AZ,AWP,WE,Towers with Display (VFR),0,2,0,0,2,0,0,0,0,0,0,2,0,0,2,0,0,0,2
09/12/2001,SDL,AZ,AWP,WE,Towers with Display (VFR),0,1,0,0,1,0,1,0,1,2,0,2,0,1,3,0,0,0,3
09/13/2001,SDL,AZ,AWP,WE,Towers with Display (VFR),0,19,0,0,19,0,0,0,0,0,0,19,0,0,19,0,0,0,19
09/14/2001,SDL,AZ,AWP,WE,Towers with Display (VFR),0,58,23,0,81,0,5,10,0,15,0,63,33,0,96,0,0,0,96
09/15/2001,SDL,AZ,AWP,WE,Towers with Display (VFR),0,15,44,0,59,0,11,7,0,18,0,26,51,0,77,2,0,2,79
09/16/2001,SDL,AZ,AWP,WE,Towers with Display (VFR),0,20,45,0,65,0,10,0,0,10,0,30,45,0,75,0,0,0,75
09/17/2001,SDL,AZ,AWP,WE,Towers with Display (VFR),0,23,72,0,95,0,21,0,0,21,0,44,72,0,116,0,0,0,116
09/18/2001,SDL,AZ,AWP,WE,Towers with Display (VFR),0,18,90,0,108,0,10,9,2,21,0,28,99,2,129,0,0,0,129
09/19/2001,SDL,AZ,AWP,WE,Towers with Display (VFR),0,30,95,0,125,0,12,5,0,17,0,42,100,0,142,0,0,0,142
09/20/2001,SDL,AZ,AWP,WE,Towers with Display (VFR),0,26,102,0,128,0,21,0,0,21,0,47,102,0,149,0,0,0,149
09/21/2001,SDL,AZ,AWP,WE,Towers with Display (VFR),0,29,91,0,120,0,11,4,0,15,0,40,95,0,135,10,0,10,145
09/22/2001,SDL,AZ,AWP,WE,Towers with Display (VFR),0,18,44,0,62,0,3,70,0,73,0,21,114,0,135,145,0,145,280
09/23/2001,SDL,AZ,AWP,WE,Towers with Display (VFR),0,28,73,0,101,0,9,62,0,71,0,37,135,0,172,160,0,160,332
09/24/2001,SDL,AZ,AWP,WE,Towers with Display (VFR),0,23,57,2,82,0,15,63,4,82,0,38,120,6,164,115,0,115,279
09/25/2001,SDL,AZ,AWP,WE,Towers with Display (VFR),0,22,83,0,105,0,8,103,0,111,0,30,186,0,216,156,0,156,372
09/26/2001,SDL,AZ,AWP,WE,Towers with Display (VFR),0,12,77,0,89,0,15,156,1,172,0,27,233,1,261,229,0,229,490
09/27/2001,SDL,AZ,AWP,WE,Towers with Display (VFR),0,26,95,0,121,0,10,141,0,151,0,36,236,0,272,212,0,212,484
09/28/2001,SDL,AZ,AWP,WE,Towers with Display (VFR),0,28,107,0,135,0,18,143,0,161,0,46,250,0,296,253,0,253,549
09/29/2001,SDL,AZ,AWP,WE,Towers with Display (VFR),0,20,55,0,75,0,8,117,0,125,0,28,172,0,200,172,0,172,372
09/30/2001,SDL,AZ,AWP,WE,Towers with Display (VFR),0,27,105,0,132,0,9,77,0,86,0,36,182,0,218,103,0,103,321
10/01/2001,SDL,AZ,AWP,WE,Towers with Display (VFR),0,30,72,0,102,0,6,72,0,78,0,36,144,0,180,44,0,44,224
10/02/2001,SDL,AZ,AWP,WE,Towers with Display (VFR),0,29,85,0,114,0,4,128,0,132,0,33,213,0,246,156,0,156,402
10/03/2001,SDL,AZ,AWP,WE,Towers with Display (VFR),0,28,104,0,132,0,6,90,0,96,0,34,194,0,228,123,0,123,351
10/04/2001,SDL,AZ,AWP,WE,Towers with Display (VFR),0,20,76,0,96,0,11,138,0,149,0,31,214,0,245,186,0,186,431
10/05/2001,SDL,AZ,AWP,WE,Towers with Display (VFR),0,30,77,0,107,0,10,143,0,153,0,40,220,0,260,159,0,159,419
10/06/2001,SDL,AZ,AWP,WE,Towers with Display (VFR),0,20,70,0,90,0,4,87,0,91,0,24,157,0,181,156,0,156,337
10/07/2001,SDL,AZ,AWP,WE,Towers with Display (VFR),0,26,77,0,103,0,5,57,2,64,0,31,134,2,167,63,0,63,230
10/08/2001,SDL,AZ,AWP,WE,Towers with Display (VFR),0,19,61,0,80,0,8,118,0,126,0,27,179,0,206,172,0,172,378
10/09/2001,SDL,AZ,AWP,WE,Towers with Display (VFR),0,18,84,0,102,0,10,132,0,142,0,28,216,0,244,185,0,185,429
10/10/2001,SDL,AZ,AWP,WE,Towers with Display (VFR),0,17,99,0,116,0,8,129,2,139,0,25,228,2,255,92,0,92,347
10/11/2001,SDL,AZ,AWP,WE,Towers with Display (VFR),0,20,88,0,108,0,10,158,0,168,0,30,246,0,276,188,0,188,464
10/12/2001,SDL,AZ,AWP,WE,Towers with Display (VFR),0,20,115,2,137,0,15,183,0,198,0,35,298,2,335,131,8,139,474
10/13/2001,SDL,AZ,AWP,WE,Towers with Display (VFR),0,26,60,0,86,0,3,127,3,133,0,29,187,3,219,212,4,216,435
10/14/2001,SDL,AZ,AWP,WE,Towers with Display (VFR),0,33,88,0,121,0,7,81,0,88,0,40,169,0,209,240,0,240,449
10/15/2001,SDL,AZ,AWP,WE,Towers with Display (VFR),0,17,81,0,98,0,19,118,0,137,0,36,199,0,235,168,0,168,403
10/16/2001,SDL,AZ,AWP,WE,Towers with Display (VFR),0,35,75,0,110,0,2,211,2,215,0,37,286,2,325,168,0,168,493
10/17/2001,SDL,AZ,AWP,WE,Towers with Display (VFR),0,19,76,0,95,0,2,152,11,165,0,21,228,11,260,157,0,157,417
10/18/2001,SDL,AZ,AWP,WE,Towers with Display (VFR),0,21,80,0,101,0,15,202,0,217,0,36,282,0,318,153,0,153,471
10/19/2001,SDL,AZ,AWP,WE,Towers with Display (VFR),0,15,80,0,95,0,10,251,0,261,0,25,331,0,356,185,0,185,541
10/20/2001,SDL,AZ,AWP,WE,Towers with Display (VFR),0,12,58,0,70,0,5,201,0,206,0,17,259,0,276,207,0,207,483
10/21/2001,SDL,AZ,AWP,WE,Towers with Display (VFR),0,25,90,0,115,0,9,172,0,181,0,34,262,0,296,188,0,188,484
10/22/2001,SDL,AZ,AWP,WE,Towers with Display (VFR),0,16,62,0,78,0,6,215,0,221,0,22,277,0,299,175,0,175,474
10/23/2001,SDL,AZ,AWP,WE,Towers with Display (VFR),0,19,64,0,83,0,9,205,0,214,0,28,269,0,297,234,0,234,531
10/24/2001,SDL,AZ,AWP,WE,Towers with Display (VFR),0,23,65,0,88,0,4,219,1,224,0,27,284,1,312,137,0,137,449
10/25/2001,SDL,AZ,AWP,WE,Towers with Display (VFR),0,27,73,0,100,0,9,221,0,230,0,36,294,0,330,221,0,221,551
10/26/2001,SDL,AZ,AWP,WE,Towers with Display (VFR),0,34,95,1,130,0,2,222,1,225,0,36,317,2,355,201,0,201,556
10/27/2001,SDL,AZ,AWP,WE,Towers with Display (VFR),0,28,62,0,90,0,14,198,1,213,0,42,260,1,303,184,0,184,487
10/28/2001,SDL,AZ,AWP,WE,Towers with Display (VFR),0,49,84,0,133,0,25,164,0,189,0,74,248,0,322,232,0,232,554
10/29/2001,SDL,AZ,AWP,WE,Towers with Display (VFR),0,27,82,0,109,0,11,224,0,235,0,38,306,0,344,184,0,184,528
10/30/2001,SDL,AZ,AWP,WE,Towers with Display (VFR),0,26,60,0,86,0,2,253,0,255,0,28,313,0,341,218,0,218,559
10/31/2001,SDL,AZ,AWP,WE,Towers with Display (VFR),0,21,56,0,77,0,8,181,0,189,0,29,237,0,266,194,0,194,460
11/01/2001,SDL,AZ,AWP,WE,Towers with Display (VFR),0,23,74,1,98,0,9,213,0,222,0,32,287,1,320,253,0,253,573
11/02/2001,SDL,AZ,AWP,WE,Towers with Display (VFR),0,24,77,0,101,0,8,298,0,306,0,32,375,0,407,228,0,228,635
11/03/2001,SDL,AZ,AWP,WE,Towers with Display (VFR),0,28,62,0,90,0,0,350,5,355,0,28,412,5,445,184,0,184,629
11/04/2001,SDL,AZ,AWP,WE,Towers with Display (VFR),0,46,94,0,140,0,3,115,0,118,0,49,209,0,258,81,0,81,339
11/05/2001,SDL,AZ,AWP,WE,Towers with Display (VFR),0,33,82,0,115,0,9,154,2,165,0,42,236,2,280,50,0,50,330
11/06/2001,SDL,AZ,AWP,WE,Towers with Display (VFR),0,22,64,0,86,0,2,214,0,216,0,24,278,0,302,162,0,162,464
11/07/2001,SDL,AZ,AWP,WE,Towers with Display (VFR),0,29,108,0,137,0,5,266,0,271,0,34,374,0,408,211,0,211,619
11/08/2001,SDL,AZ,AWP,WE,Towers with Display (VFR),0,26,68,0,94,0,4,258,16,278,0,30,326,16,372,143,0,143,515
11/09/2001,SDL,AZ,AWP,WE,Towers with Display (VFR),0,35,118,0,153,0,4,177,2,183,0,39,295,2,336,147,0,147,483
11/10/2001,SDL,AZ,AWP,WE,Towers with Display (VFR),0,17,56,1,74,0,6,217,4,227,0,23,273,5,301,155,0,155,456
11/11/2001,SDL,AZ,AWP,WE,Towers with Display (VFR),0,23,85,0,108,0,6,168,4,178,0,29,253,4,286,180,0,180,466
11/12/2001,SDL,AZ,AWP,WE,Towers with Display (VFR),0,39,73,0,112,0,2,211,4,217,0,41,284,4,329,145,0,145,474
11/13/2001,SDL,AZ,AWP,WE,Towers with Display (VFR),0,29,63,0,92,0,3,158,0,161,0,32,221,0,253,112,0,112,365
11/14/2001,SDL,AZ,AWP,WE,Towers with Display (VFR),0,20,104,0,124,0,0,248,1,249,0,20,352,1,373,168,0,168,541
11/15/2001,SDL,AZ,AWP,WE,Towers with Display (VFR),0,28,84,0,112,0,7,276,0,283,0,35,360,0,395,187,0,187,582
11/16/2001,SDL,AZ,AWP,WE,Towers with Display (VFR),0,54,67,2,123,0,15,217,6,238,0,69,284,8,361,156,6,162,523
11/17/2001,SDL,AZ,AWP,WE,Towers with Display (VFR),0,40,67,0,107,0,2,239,2,243,0,42,306,2,350,256,0,256,606
11/18/2001,SDL,AZ,AWP,WE,Towers with Display (VFR),0,33,70,0,103,0,4,197,16,217,0,37,267,16,320,195,0,195,515
11/19/2001,SDL,AZ,AWP,WE,Towers with Display (VFR),0,28,61,0,89,0,4,185,0,189,0,32,246,0,278,162,0,162,440
11/20/2001,SDL,AZ,AWP,WE,Towers with Display (VFR),0,30,87,0,117,0,3,273,0,276,0,33,360,0,393,121,0,121,514
11/21/2001,SDL,AZ,AWP,WE,Towers with Display (VFR),0,47,121,0,168,0,1,284,0,285,0,48,405,0,453,186,0,186,639
11/22/2001,SDL,AZ,AWP,WE,Towers with Display (VFR),0,20,22,0,42,0,1,101,3,105,0,21,123,3,147,112,0,112,259
11/23/2001,SDL,AZ,AWP,WE,Towers with Display (VFR),0,23,38,0,61,0,0,178,0,178,0,23,216,0,239,192,0,192,431
11/24/2001,SDL,AZ,AWP,WE,Towers with Display (VFR),0,33,48,0,81,0,0,205,0,205,0,33,253,0,286,147,0,147,433
11/25/2001,SDL,AZ,AWP,WE,Towers with Display (VFR),0,61,135,0,196,0,0,104,0,104,0,61,239,0,300,188,0,188,488
11/26/2001,SDL,AZ,AWP,WE,Towers with Display (VFR),0,35,78,0,113,0,6,240,0,246,0,41,318,0,359,221,0,221,580
11/27/2001,SDL,AZ,AWP,WE,Towers with Display (VFR),0,20,78,0,98,0,1,196,6,203,0,21,274,6,301,205,0,205,506
11/28/2001,SDL,AZ,AWP,WE,Towers with Display (VFR),0,30,67,0,97,0,0,225,0,225,0,30,292,0,322,209,0,209,531
11/29/2001,SDL,AZ,AWP,WE,Towers with Display (VFR),0,49,81,0,130,0,1,168,1,170,0,50,249,1,300,262,0,262,562
11/30/2001,SDL,AZ,AWP,WE,Towers with Display (VFR),0,24,86,0,110,0,16,245,0,261,0,40,331,0,371,243,0,243,614
12/01/2001,SDL,AZ,AWP,WE,Towers with Display (VFR),0,8,56,0,64,0,10,254,2,266,0,18,310,2,330,307,0,307,637
12/02/2001,SDL,AZ,AWP,WE,Towers with Display (VFR),0,25,64,0,89,0,1,175,3,179,0,26,239,3,268,98,0,98,366
12/03/2001,SDL,AZ,AWP,WE,Towers with Display (VFR),0,16,70,2,88,0,5,189,5,199,0,21,259,7,287,202,0,202,489
12/04/2001,SDL,AZ,AWP,WE,Towers with Display (VFR),0,13,81,0,94,0,0,54,0,54,0,13,135,0,148,20,0,20,168
12/05/2001,SDL,AZ,AWP,WE,Towers with Display (VFR),0,27,86,0,113,0,6,254,2,262,0,33,340,2,375,268,0,268,643
12/06/2001,SDL,AZ,AWP,WE,Towers with Display (VFR),0,18,59,0,77,0,3,246,9,258,0,21,305,9,335,288,0,288,623
12/07/2001,SDL,AZ,AWP,WE,Towers with Display (VFR),0,24,68,0,92,0,2,303,4,309,0,26,371,4,401,220,0,220,621
12/08/2001,SDL,AZ,AWP,WE,Towers with Display (VFR),0,13,48,0,61,0,7,182,7,196,0,20,230,7,257,184,0,184,441
12/09/2001,SDL,AZ,AWP,WE,Towers with Display (VFR),0,25,69,0,94,0,0,204,0,204,0,25,273,0,298,114,0,114,412
12/10/2001,SDL,AZ,AWP,WE,Towers with Display (VFR),0,20,47,0,67,0,7,180,0,187,0,27,227,0,254,364,0,364,618
12/11/2001,SDL,AZ,AWP,WE,Towers with Display (VFR),0,27,54,0,81,0,0,81,0,81,0,27,135,0,162,74,0,74,236
12/12/2001,SDL,AZ,AWP,WE,Towers with Display (VFR),0,22,83,0,105,0,5,136,0,141,0,27,219,0,246,237,0,237,483
12/13/2001,SDL,AZ,AWP,WE,Towers with Display (VFR),0,34,67,0,101,0,3,256,0,259,0,37,323,0,360,311,0,311,671
12/14/2001,SDL,AZ,AWP,WE,Towers with Display (VFR),0,26,61,0,87,0,6,259,1,266,0,32,320,1,353,325,0,325,678
12/15/2001,SDL,AZ,AWP,WE,Towers with Display (VFR),0,17,45,0,62,0,8,195,2,205,0,25,240,2,267,259,0,259,526
12/16/2001,SDL,AZ,AWP,WE,Towers with Display (VFR),0,17,36,0,53,0,0,182,0,182,0,17,218,0,235,151,0,151,386
12/17/2001,SDL,AZ,AWP,WE,Towers with Display (VFR),0,16,53,0,69,0,7,244,0,251,0,23,297,0,320,180,0,180,500
12/18/2001,SDL,AZ,AWP,WE,Towers with Display (VFR),0,22,55,0,77,0,4,254,0,258,0,26,309,0,335,243,0,243,578
12/19/2001,SDL,AZ,AWP,WE,Towers with Display (VFR),0,0,48,0,48,0,21,254,2,277,0,21,302,2,325,189,0,189,514
12/20/2001,SDL,AZ,AWP,WE,Towers with Display (VFR),0,19,66,0,85,0,4,250,0,254,0,23,316,0,339,270,0,270,609
12/21/2001,SDL,AZ,AWP,WE,Towers with Display (VFR),0,26,66,0,92,0,2,227,0,229,0,28,293,0,321,281,0,281,602
12/22/2001,SDL,AZ,AWP,WE,Towers with Display (VFR),0,27,60,0,87,0,3,193,0,196,0,30,253,0,283,193,0,193,476
12/23/2001,SDL,AZ,AWP,WE,Towers with Display (VFR),0,18,44,0,62,0,5,173,2,180,0,23,217,2,242,211,0,211,453
12/24/2001,SDL,AZ,AWP,WE,Towers with Display (VFR),0,9,23,0,32,0,9,97,0,106,0,18,120,0,138,110,0,110,248
12/25/2001,SDL,AZ,AWP,WE,Towers with Display (VFR),0,13,12,0,25,0,0,53,0,53,0,13,65,0,78,48,0,48,126
12/26/2001,SDL,AZ,AWP,WE,Towers with Display (VFR),0,31,91,1,123,0,2,215,3,220,0,33,306,4,343,190,0,190,533
12/27/2001,SDL,AZ,AWP,WE,Towers with Display (VFR),0,31,95,0,126,0,3,277,4,284,0,34,372,4,410,230,0,230,640
12/28/2001,SDL,AZ,AWP,WE,Towers with Display (VFR),0,31,70,0,101,0,6,304,6,316,0,37,374,6,417,193,0,193,610
12/29/2001,SDL,AZ,AWP,WE,Towers with Display (VFR),0,23,90,0,113,0,3,158,0,161,0,26,248,0,274,120,0,120,394
12/30/2001,SDL,AZ,AWP,WE,Towers with Display (VFR),0,31,87,0,118,0,4,150,0,154,0,35,237,0,272,163,0,163,435
12/31/2001,SDL,AZ,AWP,WE,Towers with Display (VFR),0,27,60,0,87,0,10,126,0,136,0,37,186,0,223,147,0,147,370
01/01/2002,SDL,AZ,AWP,WE,Towers with Display (VFR),0,30,62,0,92,0,2,119,0,121,0,32,181,0,213,47,0,47,260
01/02/2002,SDL,AZ,AWP,WE,Towers with Display (VFR),0,56,103,0,159,0,0,214,0,214,0,56,317,0,373,171,0,171,544
01/03/2002,SDL,AZ,AWP,WE,Towers with Display (VFR),0,27,70,0,97,0,5,209,0,214,0,32,279,0,311,219,0,219,530
01/04/2002,SDL,AZ,AWP,WE,Towers with Display (VFR),0,23,79,0,102,0,5,242,0,247,0,28,321,0,349,204,0,204,553
01/05/2002,SDL,AZ,AWP,WE,Towers with Display (VFR),0,36,74,0,110,0,3,186,18,207,0,39,260,18,317,260,0,260,577
01/06/2002,SDL,AZ,AWP,WE,Towers with Display (VFR),0,46,100,0,146,0,7,218,0,225,0,53,318,0,371,204,0,204,575
01/07/2002,SDL,AZ,AWP,WE,Towers with Display (VFR),0,46,95,0,141,0,9,179,0,188,0,55,274,0,329,143,0,143,472
01/08/2002,SDL,AZ,AWP,WE,Towers with Display (VFR),0,57,102,0,159,0,9,170,0,179,0,66,272,0,338,87,0,87,425
01/09/2002,SDL,AZ,AWP,WE,Towers with Display (VFR),0,40,113,0,153,0,9,208,2,219,0,49,321,2,372,155,0,155,527
01/10/2002,SDL,AZ,AWP,WE,Towers with Display (VFR),0,36,106,3,145,0,1,198,0,199,0,37,304,3,344,193,0,193,537
01/11/2002,SDL,AZ,AWP,WE,Towers with Display (VFR),0,30,124,0,154,0,3,260,2,265,0,33,384,2,419,152,0,152,571
01/12/2002,SDL,AZ,AWP,WE,Towers with Display (VFR),0,27,70,0,97,0,2,264,0,266,0,29,334,0,363,192,0,192,555
01/13/2002,SDL,AZ,AWP,WE,Towers with Display (VFR),0,38,84,0,122,0,4,223,6,233,0,42,307,6,355,189,0,189,544
01/14/2002,SDL,AZ,AWP,WE,Towers with Display (VFR),0,32,81,0,113,0,0,276,4,280,0,32,357,4,393,160,0,160,553
01/15/2002,SDL,AZ,AWP,WE,Towers with Display (VFR),0,29,93,0,122,0,11,226,0,237,0,40,319,0,359,200,0,200,559
01/16/2002,SDL,AZ,AWP,WE,Towers with Display (VFR),0,37,106,0,143,0,2,212,0,214,0,39,318,0,357,195,0,195,552
01/17/2002,SDL,AZ,AWP,WE,Towers with Display (VFR),0,38,108,0,146,0,0,242,2,244,0,38,350,2,390,220,0,220,610
01/18/2002,SDL,AZ,AWP,WE,Towers with Display (VFR),0,35,124,0,159,0,8,267,0,275,0,43,391,0,434,195,0,195,629
01/19/2002,SDL,AZ,AWP,WE,Towers with Display (VFR),0,31,82,0,113,0,6,270,4,280,0,37,352,4,393,221,0,221,614
01/20/2002,SDL,AZ,AWP,WE,Towers with Display (VFR),0,50,102,0,152,0,10,290,0,300,0,60,392,0,452,143,0,143,595
01/21/2002,SDL,AZ,AWP,WE,Towers with Display (VFR),0,43,79,0,122,0,3,236,0,239,0,46,315,0,361,208,0,208,569
01/22/2002,SDL,AZ,AWP,WE,Towers with Display (VFR),0,42,86,0,128,0,4,258,0,262,0,46,344,0,390,145,0,145,535
01/23/2002,SDL,AZ,AWP,WE,Towers with Display (VFR),0,33,91,0,124,0,4,168,0,172,0,37,259,0,296,215,0,215,511
01/24/2002,SDL,AZ,AWP,WE,Towers with Display (VFR),0,33,110,2,145,0,9,290,0,299,0,42,400,2,444,218,0,218,662
01/25/2002,SDL,AZ,AWP,WE,Towers with Display (VFR),0,28,108,0,136,0,4,324,2,330,0,32,432,2,466,209,0,209,675
01/26/2002,SDL,AZ,AWP,WE,Towers with Display (VFR),0,27,58,0,85,0,1,224,0,225,0,28,282,0,310,172,0,172,482
01/27/2002,SDL,AZ,AWP,WE,Towers with Display (VFR),0,58,101,0,159,0,10,189,0,199,0,68,290,0,358,188,0,188,546
01/28/2002,SDL,AZ,AWP,WE,Towers with Display (VFR),0,36,72,0,108,0,6,174,32,212,0,42,246,32,320,174,0,174,494
01/29/2002,SDL,AZ,AWP,WE,Towers with Display (VFR),0,22,73,0,95,0,3,209,0,212,0,25,282,0,307,217,0,217,524
01/30/2002,SDL,AZ,AWP,WE,Towers with Display (VFR),0,38,83,0,121,0,9,103,0,112,0,47,186,0,233,129,0,129,362
01/31/2002,SDL,AZ,AWP,WE,Towers with Display (VFR),0,37,98,0,135,0,1,263,0,264,0,38,361,0,399,238,0,238,637
02/01/2002,SDL,AZ,AWP,WE,Towers with Display (VFR),0,15,87,0,102,0,13,217,0,230,0,28,304,0,332,212,0,212,544
02/02/2002,SDL,AZ,AWP,WE,Towers with Display (VFR),0,27,57,0,84,0,3,238,0,241,0,30,295,0,325,278,0,278,603
02/03/2002,SDL,AZ,AWP,WE,Towers with Display (VFR),0,20,68,0,88,0,3,195,0,198,0,23,263,0,286,172,0,172,458
02/04/2002,SDL,AZ,AWP,WE,Towers with Display (VFR),0,29,76,0,105,0,13,237,0,250,0,42,313,0,355,234,0,234,589
02/05/2002,SDL,AZ,AWP,WE,Towers with Display (VFR),0,26,75,0,101,0,6,247,2,255,0,32,322,2,356,238,0,238,594
02/06/2002,SDL,AZ,AWP,WE,Towers with Display (VFR),0,21,85,0,106,0,5,257,0,262,0,26,342,0,368,152,0,152,520
02/07/2002,SDL,AZ,AWP,WE,Towers with Display (VFR),0,37,102,4,143,0,6,300,0,306,0,43,402,4,449,313,0,313,762
02/08/2002,SDL,AZ,AWP,WE,Towers with Display (VFR),0,33,93,2,128,0,10,276,0,286,0,43,369,2,414,260,0,260,674
02/09/2002,SDL,AZ,AWP,WE,Towers with Display (VFR),0,21,54,0,75,0,4,240,0,244,0,25,294,0,319,148,0,148,467
02/10/2002,SDL,AZ,AWP,WE,Towers with Display (VFR),0,28,86,0,114,0,6,147,0,153,0,34,233,0,267,151,0,151,418
02/11/2002,SDL,AZ,AWP,WE,Towers with Display (VFR),0,24,59,2,85,0,5,248,2,255,0,29,307,4,340,267,0,267,607
02/12/2002,SDL,AZ,AWP,WE,Towers with Display (VFR),0,28,75,0,103,0,3,226,0,229,0,31,301,0,332,243,0,243,575
02/13/2002,SDL,AZ,AWP,WE,Towers with Display (VFR),0,36,111,0,147,0,8,251,1,260,0,44,362,1,407,214,0,214,621
02/14/2002,SDL,AZ,AWP,WE,Towers with Display (VFR),0,30,86,0,116,0,3,239,1,243,0,33,325,1,359,216,0,216,575
02/15/2002,SDL,AZ,AWP,WE,Towers with Display (VFR),0,34,115,0,149,0,9,257,0,266,0,43,372,0,415,180,0,180,595
02/16/2002,SDL,AZ,AWP,WE,Towers with Display (VFR),0,17,75,0,92,0,7,274,0,281,0,24,349,0,373,185,0,185,558
02/17/2002,SDL,AZ,AWP,WE,Towers with Display (VFR),0,33,80,0,113,0,3,186,1,190,0,36,266,1,303,173,0,173,476
02/18/2002,SDL,AZ,AWP,WE,Towers with Display (VFR),0,34,100,0,134,0,5,241,0,246,0,39,341,0,380,165,0,165,545
02/19/2002,SDL,AZ,AWP,WE,Towers with Display (VFR),0,29,95,0,124,0,0,285,1,286,0,29,380,1,410,229,0,229,639
02/20/2002,SDL,AZ,AWP,WE,Towers with Display (VFR),0,37,131,0,168,0,12,281,0,293,0,49,412,0,461,203,0,203,664
02/21/2002,SDL,AZ,AWP,WE,Towers with Display (VFR),0,44,92,0,136,0,0,282,0,282,0,44,374,0,418,307,0,307,725
02/22/2002,SDL,AZ,AWP,WE,Towers with Display (VFR),0,40,115,2,157,0,17,323,3,343,0,57,438,5,500,279,0,279,779
02/23/2002,SDL,AZ,AWP,WE,Towers with Display (VFR),0,26,57,0,83,0,10,245,3,258,0,36,302,3,341,242,0,242,583
02/24/2002,SDL,AZ,AWP,WE,Towers with Display (VFR),0,35,154,0,189,0,15,195,0,210,0,50,349,0,399,117,0,117,516
02/25/2002,SDL,AZ,AWP,WE,Towers with Display (VFR),0,31,74,2,107,0,3,237,2,242,0,34,311,4,349,238,0,238,587
02/26/2002,SDL,AZ,AWP,WE,Towers with Display (VFR),0,19,85,0,104,0,8,269,0,277,0,27,354,0,381,239,0,239,620
02/27/2002,SDL,AZ,AWP,WE,Towers with Display (VFR),0,23,120,0,143,0,3,272,2,277,0,26,392,2,420,193,0,193,613
02/28/2002,SDL,AZ,AWP,WE,Towers with Display (VFR),0,31,124,0,155,0,12,299,2,313,0,43,423,2,468,238,0,238,706
03/01/2002,SDL,AZ,AWP,WE,Towers with Display (VFR),0,38,103,0,141,0,6,266,1,273,0,44,369,1,414,177,0,177,591
03/02/2002,SDL,AZ,AWP,WE,Towers with Display (VFR),0,21,80,0,101,0,6,183,9,198,0,27,263,9,299,111,0,111,410
03/03/2002,SDL,AZ,AWP,WE,Towers with Display (VFR),0,29,89,0,118,0,6,225,0,231,0,35,314,0,349,225,0,225,574
03/04/2002,SDL,AZ,AWP,WE,Towers with Display (VFR),0,27,74,0,101,0,3,203,1,207,0,30,277,1,308,206,0,206,514
03/05/2002,SDL,AZ,AWP,WE,Towers with Display (VFR),0,27,94,0,121,0,0,273,6,279,0,27,367,6,400,215,0,215,615
03/06/2002,SDL,AZ,AWP,WE,Towers with Display (VFR),0,47,131,0,178,0,6,252,1,259,0,53,383,1,437,201,0,201,638
03/07/2002,SDL,AZ,AWP,WE,Towers with Display (VFR),0,36,102,0,138,0,1,246,4,251,0,37,348,4,389,246,0,246,635
03/08/2002,SDL,AZ,AWP,WE,Towers with Display (VFR),0,38,82,0,120,0,11,250,0,261,0,49,332,0,381,188,0,188,569
03/09/2002,SDL,AZ,AWP,WE,Towers with Display (VFR),0,33,76,1,110,0,0,285,1,286,0,33,361,2,396,181,0,181,577
03/10/2002,SDL,AZ,AWP,WE,Towers with Display (VFR),0,28,136,1,165,0,15,199,0,214,0,43,335,1,379,110,0,110,489
03/11/2002,SDL,AZ,AWP,WE,Towers with Display (VFR),0,29,68,0,97,0,0,226,0,226,0,29,294,0,323,268,0,268,591
03/12/2002,SDL,AZ,AWP,WE,Towers with Display (VFR),0,35,87,0,122,0,0,248,0,248,0,35,335,0,370,233,0,233,603
03/13/2002,SDL,AZ,AWP,WE,Towers with Display (VFR),0,36,86,0,122,0,2,269,0,271,0,38,355,0,393,145,0,145,538
03/14/2002,SDL,AZ,AWP,WE,Towers with Display (VFR),0,49,110,0,159,0,3,255,1,259,0,52,365,1,418,182,0,182,600
03/15/2002,SDL,AZ,AWP,WE,Towers with Display (VFR),0,34,96,2,132,0,13,250,2,265,0,47,346,4,397,184,0,184,581
03/16/2002,SDL,AZ,AWP,WE,Towers with Display (VFR),0,37,80,0,117,0,3,182,2,187,0,40,262,2,304,106,0,106,410
03/17/2002,SDL,AZ,AWP,WE,Towers with Display (VFR),0,35,104,0,139,0,3,216,0,219,0,38,320,0,358,118,0,118,476
03/18/2002,SDL,AZ,AWP,WE,Towers with Display (VFR),0,28,77,0,105,0,5,217,0,222,0,33,294,0,327,216,0,216,543
03/19/2002,SDL,AZ,AWP,WE,Towers with Display (VFR),0,27,85,0,112,0,8,279,3,290,0,35,364,3,402,205,0,205,607
03/20/2002,SDL,AZ,AWP,WE,Towers with Display (VFR),0,18,116,0,134,0,4,285,3,292,0,22,401,3,426,260,0,260,686
03/21/2002,SDL,AZ,AWP,WE,Towers with Display (VFR),0,27,92,0,119,0,0,306,0,306,0,27,398,0,425,201,0,201,626
03/22/2002,SDL,AZ,AWP,WE,Towers with Display (VFR),0,29,97,2,128,0,13,262,0,275,0,42,359,2,403,284,6,290,693
03/23/2002,SDL,AZ,AWP,WE,Towers with Display (VFR),0,28,78,0,106,0,5,242,0,247,0,33,320,0,353,205,0,205,558
03/24/2002,SDL,AZ,AWP,WE,Towers with Display (VFR),0,32,116,0,148,0,7,209,1,217,0,39,325,1,365,114,0,114,479
03/25/2002,SDL,AZ,AWP,WE,Towers with Display (VFR),0,37,90,0,127,0,8,243,0,251,0,45,333,0,378,201,0,201,579
03/26/2002,SDL,AZ,AWP,WE,Towers with Display (VFR),0,39,90,0,129,0,3,278,0,281,0,42,368,0,410,249,0,249,659
03/27/2002,SDL,AZ,AWP,WE,Towers with Display (VFR),0,50,82,0,132,0,1,281,2,284,0,51,363,2,416,269,4,273,689
03/28/2002,SDL,AZ,AWP,WE,Towers with Display (VFR),0,43,108,0,151,0,9,305,0,314,0,52,413,0,465,227,0,227,692
03/29/2002,SDL,AZ,AWP,WE,Towers with Display (VFR),0,34,85,0,119,0,6,242,0,248,0,40,327,0,367,200,0,200,567
03/30/2002,SDL,AZ,AWP,WE,Towers with Display (VFR),0,30,85,0,115,0,10,271,0,281,0,40,356,0,396,167,0,167,563
03/31/2002,SDL,AZ,AWP,WE,Towers with Display (VFR),0,30,88,0,118,0,7,158,1,166,0,37,246,1,284,63,0,63,347
04/01/2002,SDL,AZ,AWP,WE,Towers with Display (VFR),0,38,92,0,130,0,0,256,0,256,0,38,348,0,386,158,0,158,544
04/02/2002,SDL,AZ,AWP,WE,Towers with Display (VFR),0,36,70,0,106,0,0,259,18,277,0,36,329,18,383,168,0,168,551
04/03/2002,SDL,AZ,AWP,WE,Towers with Display (VFR),0,32,76,0,108,0,3,278,2,283,0,35,354,2,391,222,0,222,613
04/04/2002,SDL,AZ,AWP,WE,Towers with Display (VFR),0,41,126,0,167,0,3,219,1,223,0,44,345,1,390,202,0,202,592
04/05/2002,SDL,AZ,AWP,WE,Towers with Display (VFR),0,49,97,0,146,0,5,279,0,284,0,54,376,0,430,209,0,209,639
04/06/2002,SDL,AZ,AWP,WE,Towers with Display (VFR),0,27,70,0,97,0,14,111,2,127,0,41,181,2,224,179,4,183,407
04/07/2002,SDL,AZ,AWP,WE,Towers with Display (VFR),0,41,135,0,176,0,5,220,0,225,0,46,355,0,401,132,0,132,533
04/08/2002,SDL,AZ,AWP,WE,Towers with Display (VFR),0,34,74,0,108,0,3,229,3,235,0,37,303,3,343,151,0,151,494
04/09/2002,SDL,AZ,AWP,WE,Towers with Display (VFR),0,21,83,0,104,0,5,279,4,288,0,26,362,4,392,251,0,251,643
04/10/2002,SDL,AZ,AWP,WE,Towers with Display (VFR),0,25,76,0,101,0,9,232,2,243,0,34,308,2,344,194,0,194,538
04/11/2002,SDL,AZ,AWP,WE,Towers with Display (VFR),0,33,83,0,116,0,8,313,0,321,0,41,396,0,437,281,0,281,718
04/12/2002,SDL,AZ,AWP,WE,Towers with Display (VFR),0,33,77,0,110,0,6,304,1,311,0,39,381,1,421,240,0,240,661
04/13/2002,SDL,AZ,AWP,WE,Towers with Display (VFR),0,16,50,0,66,0,8,281,7,296,0,24,331,7,362,216,0,216,578
04/14/2002,SDL,AZ,AWP,WE,Towers with Display (VFR),0,28,76,0,104,0,0,224,0,224,0,28,300,0,328,156,0,156,484
04/15/2002,SDL,AZ,AWP,WE,Towers with Display (VFR),0,29,63,0,92,0,4,181,0,185,0,33,244,0,277,209,0,209,486
04/16/2002,SDL,AZ,AWP,WE,Towers with Display (VFR),0,32,80,0,112,0,2,274,0,276,0,34,354,0,388,219,0,219,607
04/17/2002,SDL,AZ,AWP,WE,Towers with Display (VFR),0,44,61,0,105,0,1,300,0,301,0,45,361,0,406,262,0,262,668
04/18/2002,SDL,AZ,AWP,WE,Towers with Display (VFR),0,37,93,0,130,0,3,291,0,294,0,40,384,0,424,289,0,289,713
04/19/2002,SDL,AZ,AWP,WE,Towers with Display (VFR),0,37,54,0,91,0,5,324,0,329,0,42,378,0,420,236,0,236,656
04/20/2002,SDL,AZ,AWP,WE,Towers with Display (VFR),0,35,54,0,89,0,1,273,0,274,0,36,327,0,363,179,0,179,542
04/21/2002,SDL,AZ,AWP,WE,Towers with Display (VFR),0,45,87,0,132,0,2,235,0,237,0,47,322,0,369,204,0,204,573
04/22/2002,SDL,AZ,AWP,WE,Towers with Display (VFR),0,22,74,0,96,0,5,249,1,255,0,27,323,1,351,271,0,271,622
04/23/2002,SDL,AZ,AWP,WE,Towers with Display (VFR),0,21,64,0,85,0,3,300,0,303,0,24,364,0,388,267,0,267,655
04/24/2002,SDL,AZ,AWP,WE,Towers with Display (VFR),0,23,57,0,80,0,3,303,0,306,0,26,360,0,386,268,0,268,654
04/25/2002,SDL,AZ,AWP,WE,Towers with Display (VFR),0,39,90,2,131,0,0,310,1,311,0,39,400,3,442,258,0,258,700
04/26/2002,SDL,AZ,AWP,WE,Towers with Display (VFR),0,42,84,1,127,0,4,274,0,278,0,46,358,1,405,143,0,143,548
04/27/2002,SDL,AZ,AWP,WE,Towers with Display (VFR),0,23,39,0,62,0,7,242,17,266,0,30,281,17,328,236,0,236,564
04/28/2002,SDL,AZ,AWP,WE,Towers with Display (VFR),0,57,101,1,159,0,1,196,0,197,0,58,297,1,356,115,0,115,471
04/29/2002,SDL,AZ,AWP,WE,Towers with Display (VFR),0,30,64,0,94,0,5,249,4,258,0,35,313,4,352,166,0,166,518
04/30/2002,SDL,AZ,AWP,WE,Towers with Display (VFR),0,37,55,0,92,0,0,283,0,283,0,37,338,0,375,153,0,153,528
05/01/2002,SDL,AZ,AWP,WE,Towers with Display (VFR),0,31,67,0,98,0,3,268,0,271,0,34,335,0,369,209,0,209,578
05/02/2002,SDL,AZ,AWP,WE,Towers with Display (VFR),0,28,86,0,114,0,2,293,15,310,0,30,379,15,424,192,14,206,630
05/03/2002,SDL,AZ,AWP,WE,Towers with Display (VFR),0,16,60,0,76,0,8,300,3,311,0,24,360,3,387,229,0,229,616
05/04/2002,SDL,AZ,AWP,WE,Towers with Display (VFR),0,14,44,1,59,0,11,270,0,281,0,25,314,1,340,161,0,161,501
05/05/2002,SDL,AZ,AWP,WE,Towers with Display (VFR),0,34,76,0,110,0,4,212,1,217,0,38,288,1,327,144,0,144,471
05/06/2002,SDL,AZ,AWP,WE,Towers with Display (VFR),0,28,59,0,87,0,8,213,0,221,0,36,272,0,308,252,0,252,560
05/07/2002,SDL,AZ,AWP,WE,Towers with Display (VFR),0,27,70,0,97,0,3,230,4,237,0,30,300,4,334,196,0,196,530
05/08/2002,SDL,AZ,AWP,WE,Towers with Display (VFR),0,37,63,0,100,0,3,288,2,293,0,40,351,2,393,254,0,254,647
05/09/2002,SDL,AZ,AWP,WE,Towers with Display (VFR),0,17,97,0,114,0,7,272,0,279,0,24,369,0,393,190,0,190,583
05/10/2002,SDL,AZ,AWP,WE,Towers with Display (VFR),0,35,61,0,96,0,4,254,1,259,0,39,315,1,355,229,0,229,584
05/11/2002,SDL,AZ,AWP,WE,Towers with Display (VFR),0,33,61,0,94,0,8,198,0,206,0,41,259,0,300,173,0,173,473
05/12/2002,SDL,AZ,AWP,WE,Towers with Display (VFR),0,23,43,0,66,0,2,226,0,228,0,25,269,0,294,95,0,95,389
05/13/2002,SDL,AZ,AWP,WE,Towers with Display (VFR),0,19,60,2,81,0,6,252,0,258,0,25,312,2,339,168,0,168,507
05/14/2002,SDL,AZ,AWP,WE,Towers with Display (VFR),0,25,67,0,92,0,6,244,0,250,0,31,311,0,342,300,0,300,642
05/15/2002,SDL,AZ,AWP,WE,Towers with Display (VFR),0,25,60,0,85,0,1,246,0,247,0,26,306,0,332,228,0,228,560
05/16/2002,SDL,AZ,AWP,WE,Towers with Display (VFR),0,15,62,0,77,0,5,311,8,324,0,20,373,8,401,248,0,248,649
05/17/2002,SDL,AZ,AWP,WE,Towers with Display (VFR),0,12,75,0,87,0,9,308,0,317,0,21,383,0,404,220,0,220,624
05/18/2002,SDL,AZ,AWP,WE,Towers with Display (VFR),0,10,42,0,52,0,7,255,1,263,0,17,297,1,315,153,0,153,468
05/19/2002,SDL,AZ,AWP,WE,Towers with Display (VFR),0,25,58,1,84,0,3,215,2,220,0,28,273,3,304,101,0,101,405
05/20/2002,SDL,AZ,AWP,WE,Towers with Display (VFR),0,27,46,0,73,0,3,217,1,221,0,30,263,1,294,128,0,128,422
05/21/2002,SDL,AZ,AWP,WE,Towers with Display (VFR),0,11,59,0,70,0,2,260,0,262,0,13,319,0,332,161,0,161,493
05/22/2002,SDL,AZ,AWP,WE,Towers with Display (VFR),0,15,61,0,76,0,9,249,0,258,0,24,310,0,334,184,0,184,518
05/23/2002,SDL,AZ,AWP,WE,Towers with Display (VFR),0,30,52,0,82,0,1,241,0,242,0,31,293,0,324,130,0,130,454
05/24/2002,SDL,AZ,AWP,WE,Towers with Display (VFR),0,26,72,0,98,0,5,303,2,310,0,31,375,2,408,247,0,247,655
05/25/2002,SDL,AZ,AWP,WE,Towers with Display (VFR),0,14,34,0,48,0,2,229,0,231,0,16,263,0,279,86,0,86,365
05/26/2002,SDL,AZ,AWP,WE,Towers with Display (VFR),0,15,37,0,52,0,10,161,0,171,0,25,198,0,223,55,0,55,278
05/27/2002,SDL,AZ,AWP,WE,Towers with Display (VFR),0,19,51,0,70,0,5,200,0,205,0,24,251,0,275,71,0,71,346
05/28/2002,SDL,AZ,AWP,WE,Towers with Display (VFR),0,26,38,0,64,0,12,235,0,247,0,38,273,0,311,142,0,142,453
05/29/2002,SDL,AZ,AWP,WE,Towers with Display (VFR),0,21,57,0,78,0,7,275,0,282,0,28,332,0,360,168,0,168,528
05/30/2002,SDL,AZ,AWP,WE,Towers with Display (VFR),0,28,58,0,86,0,23,232,1,256,0,51,290,1,342,167,0,167,509
05/31/2002,SDL,AZ,AWP,WE,Towers with Display (VFR),0,23,75,1,99,0,8,275,0,283,0,31,350,1,382,221,0,221,603
06/01/2002,SDL,AZ,AWP,WE,Towers with Display (VFR),0,8,41,0,49,0,22,205,7,234,0,30,246,7,283,177,0,177,460
06/02/2002,SDL,AZ,AWP,WE,Towers with Display (VFR),0,22,56,1,79,0,3,216,0,219,0,25,272,1,298,89,0,89,387
06/03/2002,SDL,AZ,AWP,WE,Towers with Display (VFR),0,12,51,0,63,0,13,232,0,245,0,25,283,0,308,178,0,178,486
06/04/2002,SDL,AZ,AWP,WE,Towers with Display (VFR),0,18,54,0,72,0,8,249,0,257,0,26,303,0,329,188,0,188,517
06/05/2002,SDL,AZ,AWP,WE,Towers with Display (VFR),0,16,49,0,65,0,14,251,0,265,0,30,300,0,330,312,0,312,642
06/06/2002,SDL,AZ,AWP,WE,Towers with Display (VFR),0,16,35,0,51,0,4,272,0,276,0,20,307,0,327,256,0,256,583
06/07/2002,SDL,AZ,AWP,WE,Towers with Display (VFR),0,15,56,0,71,0,24,282,4,310,0,39,338,4,381,226,0,226,607
06/08/2002,SDL,AZ,AWP,WE,Towers with Display (VFR),0,7,41,0,48,0,14,212,8,234,0,21,253,8,282,139,0,139,421
06/09/2002,SDL,AZ,AWP,WE,Towers with Display (VFR),0,18,62,0,80,0,25,180,1,206,0,43,242,1,286,97,0,97,383
06/10/2002,SDL,AZ,AWP,WE,Towers with Display (VFR),0,11,35,0,46,0,3,219,4,226,0,14,254,4,272,290,0,290,562
06/11/2002,SDL,AZ,AWP,WE,Towers with Display (VFR),0,11,26,0,37,0,7,279,0,286,0,18,305,0,323,263,0,263,586
06/12/2002,SDL,AZ,AWP,WE,Towers with Display (VFR),0,17,37,0,54,0,0,266,0,266,0,17,303,0,320,202,0,202,522
06/13/2002,SDL,AZ,AWP,WE,Towers with Display (VFR),0,20,47,0,67,0,6,246,2,254,0,26,293,2,321,298,4,302,623
06/14/2002,SDL,AZ,AWP,WE,Towers with Display (VFR),0,11,55,2,68,0,9,267,0,276,0,20,322,2,344,229,0,229,573
06/15/2002,SDL,AZ,AWP,WE,Towers with Display (VFR),0,3,38,0,41,0,5,182,0,187,0,8,220,0,228,159,0,159,387
06/16/2002,SDL,AZ,AWP,WE,Towers with Display (VFR),0,23,50,0,73,0,4,132,7,143,0,27,182,7,216,63,2,65,281
06/17/2002,SDL,AZ,AWP,WE,Towers with Display (VFR),0,16,33,2,51,0,6,228,0,234,0,22,261,2,285,236,0,236,521
06/18/2002,SDL,AZ,AWP,WE,Towers with Display (VFR),0,30,39,0,69,0,1,239,2,242,0,31,278,2,311,213,0,213,524
06/19/2002,SDL,AZ,AWP,WE,Towers with Display (VFR),0,14,54,2,70,0,14,258,1,273,0,28,312,3,343,196,0,196,539
06/20/2002,SDL,AZ,AWP,WE,Towers with Display (VFR),0,29,64,0,93,0,2,238,0,240,0,31,302,0,333,150,0,150,483
06/21/2002,SDL,AZ,AWP,WE,Towers with Display (VFR),0,13,45,0,58,0,4,230,0,234,0,17,275,0,292,160,0,160,452
06/22/2002,SDL,AZ,AWP,WE,Towers with Display (VFR),0,5,29,0,34,0,6,183,0,189,0,11,212,0,223,120,0,120,343
06/23/2002,SDL,AZ,AWP,WE,Towers with Display (VFR),0,13,67,0,80,0,6,163,0,169,0,19,230,0,249,96,0,96,345
06/24/2002,SDL,AZ,AWP,WE,Towers with Display (VFR),0,25,59,0,84,0,5,189,0,194,0,30,248,0,278,330,0,330,608
06/25/2002,SDL,AZ,AWP,WE,Towers with Display (VFR),0,13,41,0,54,0,4,242,0,246,0,17,283,0,300,177,0,177,477
06/26/2002,SDL,AZ,AWP,WE,Towers with Display (VFR),0,17,42,0,59,0,0,215,0,215,0,17,257,0,274,346,0,346,620
06/27/2002,SDL,AZ,AWP,WE,Towers with Display (VFR),0,22,50,0,72,0,0,245,0,245,0,22,295,0,317,288,0,288,605
06/28/2002,SDL,AZ,AWP,WE,Towers with Display (VFR),0,13,70,0,83,0,4,248,2,254,0,17,318,2,337,312,10,322,659
06/29/2002,SDL,AZ,AWP,WE,Towers with Display (VFR),0,11,30,0,41,0,3,197,1,201,0,14,227,1,242,113,0,113,355
06/30/2002,SDL,AZ,AWP,WE,Towers with Display (VFR),0,14,36,0,50,0,1,158,0,159,0,15,194,0,209,181,0,181,390
07/01/2002,SDL,AZ,AWP,WE,Towers with Display (VFR),0,16,33,2,51,0,5,196,0,201,0,21,229,2,252,190,0,190,442
07/02/2002,SDL,AZ,AWP,WE,Towers with Display (VFR),0,10,61,0,71,0,2,245,0,247,0,12,306,0,318,243,0,243,561
07/03/2002,SDL,AZ,AWP,WE,Towers with Display (VFR),0,17,47,0,64,0,1,252,1,254,0,18,299,1,318,179,0,179,497
07/04/2002,SDL,AZ,AWP,WE,Towers with Display (VFR),0,3,25,0,28,0,4,150,11,165,0,7,175,11,193,123,0,123,316
07/05/2002,SDL,AZ,AWP,WE,Towers with Display (VFR),0,11,14,0,25,0,7,197,21,225,0,18,211,21,250,172,0,172,422
07/06/2002,SDL,AZ,AWP,WE,Towers with Display (VFR),0,4,25,0,29,0,4,143,0,147,0,8,168,0,176,207,0,207,383
07/07/2002,SDL,AZ,AWP,WE,Towers with Display (VFR),0,17,53,0,70,0,0,163,0,163,0,17,216,0,233,139,0,139,372
07/08/2002,SDL,AZ,AWP,WE,Towers with Display (VFR),0,10,50,0,60,0,13,239,0,252,0,23,289,0,312,233,0,233,545
07/09/2002,SDL,AZ,AWP,WE,Towers with Display (VFR),0,13,48,0,61,0,1,244,0,245,0,14,292,0,306,169,0,169,475
07/10/2002,SDL,AZ,AWP,WE,Towers with Display (VFR),0,18,42,0,60,0,3,226,0,229,0,21,268,0,289,232,0,232,521
07/11/2002,SDL,AZ,AWP,WE,Towers with Display (VFR),0,8,40,0,48,0,7,219,1,227,0,15,259,1,275,196,0,196,471
07/12/2002,SDL,AZ,AWP,WE,Towers with Display (VFR),0,12,60,0,72,0,8,246,1,255,0,20,306,1,327,333,0,333,660
07/13/2002,SDL,AZ,AWP,WE,Towers with Display (VFR),0,4,31,0,35,0,4,222,6,232,0,8,253,6,267,138,0,138,405
07/14/2002,SDL,AZ,AWP,WE,Towers with Display (VFR),0,13,45,0,58,0,2,149,1,152,0,15,194,1,210,79,0,79,289
07/15/2002,SDL,AZ,AWP,WE,Towers with Display (VFR),0,12,52,0,64,0,3,228,2,233,0,15,280,2,297,171,0,171,468
07/16/2002,SDL,AZ,AWP,WE,Towers with Display (VFR),0,9,56,0,65,0,2,219,0,221,0,11,275,0,286,213,0,213,499
07/17/2002,SDL,AZ,AWP,WE,Towers with Display (VFR),0,19,51,0,70,0,1,269,0,270,0,20,320,0,340,197,0,197,537
07/18/2002,SDL,AZ,AWP,WE,Towers with Display (VFR),0,18,46,0,64,0,7,232,0,239,0,25,278,0,303,137,0,137,440
07/19/2002,SDL,AZ,AWP,WE,Towers with Display (VFR),0,7,46,0,53,0,11,228,0,239,0,18,274,0,292,223,0,223,515
07/20/2002,SDL,AZ,AWP,WE,Towers with Display (VFR),0,16,42,1,59,0,0,190,1,191,0,16,232,2,250,139,0,139,389
07/21/2002,SDL,AZ,AWP,WE,Towers with Display (VFR),0,10,42,0,52,0,1,217,0,218,0,11,259,0,270,164,0,164,434
07/22/2002,SDL,AZ,AWP,WE,Towers with Display (VFR),0,16,46,0,62,0,4,230,2,236,0,20,276,2,298,245,0,245,543
07/23/2002,SDL,AZ,AWP,WE,Towers with Display (VFR),0,21,41,0,62,0,3,231,0,234,0,24,272,0,296,322,0,322,618
07/24/2002,SDL,AZ,AWP,WE,Towers with Display (VFR),0,6,65,0,71,0,14,238,0,252,0,20,303,0,323,229,0,229,552
07/25/2002,SDL,AZ,AWP,WE,Towers with Display (VFR),0,22,52,0,74,0,1,285,0,286,0,23,337,0,360,255,0,255,615
07/26/2002,SDL,AZ,AWP,WE,Towers with Display (VFR),0,15,41,0,56,0,4,237,0,241,0,19,278,0,297,216,0,216,513
07/27/2002,SDL,AZ,AWP,WE,Towers with Display (VFR),0,14,37,0,51,0,1,200,0,201,0,15,237,0,252,91,0,91,343
07/28/2002,SDL,AZ,AWP,WE,Towers with Display (VFR),0,9,55,0,64,0,2,213,19,234,0,11,268,19,298,166,0,166,464
07/29/2002,SDL,AZ,AWP,WE,Towers with Display (VFR),0,10,44,0,54,0,2,209,6,217,0,12,253,6,271,227,0,227,498
07/30/2002,SDL,AZ,AWP,WE,Towers with Display (VFR),0,17,37,0,54,0,2,223,0,225,0,19,260,0,279,245,0,245,524
07/31/2002,SDL,AZ,AWP,WE,Towers with Display (VFR),0,22,47,0,69,0,1,255,1,257,0,23,302,1,326,174,0,174,500
08/01/2002,SDL,AZ,AWP,WE,Towers with Display (VFR),0,20,66,0,86,0,3,221,0,224,0,23,287,0,310,204,0,204,514
08/02/2002,SDL,AZ,AWP,WE,Towers with Display (VFR),0,11,58,0,69,0,3,231,0,234,0,14,289,0,303,270,0,270,573
08/03/2002,SDL,AZ,AWP,WE,Towers with Display (VFR),0,5,20,0,25,0,1,161,2,164,0,6,181,2,189,165,0,165,354
08/04/2002,SDL,AZ,AWP,WE,Towers with Display (VFR),0,7,32,0,39,0,2,124,5,131,0,9,156,5,170,139,0,139,309
08/05/2002,SDL,AZ,AWP,WE,Towers with Display (VFR),0,16,28,0,44,0,2,207,0,209,0,18,235,0,253,170,0,170,423
08/06/2002,SDL,AZ,AWP,WE,Towers with Display (VFR),0,14,37,0,51,0,5,218,0,223,0,19,255,0,274,243,0,243,517
08/07/2002,SDL,AZ,AWP,WE,Towers with Display (VFR),0,23,59,0,82,0,4,208,0,212,0,27,267,0,294,287,0,287,581
08/08/2002,SDL,AZ,AWP,WE,Towers with Display (VFR),0,11,48,0,59,0,0,285,0,285,0,11,333,0,344,305,0,305,649
08/09/2002,SDL,AZ,AWP,WE,Towers with Display (VFR),0,15,47,1,63,0,4,278,0,282,0,19,325,1,345,255,0,255,600
08/10/2002,SDL,AZ,AWP,WE,Towers with Display (VFR),0,13,21,1,35,0,2,189,0,191,0,15,210,1,226,153,2,155,381
08/11/2002,SDL,AZ,AWP,WE,Towers with Display (VFR),0,16,38,0,54,0,0,181,0,181,0,16,219,0,235,173,0,173,408
08/12/2002,SDL,AZ,AWP,WE,Towers with Display (VFR),0,20,45,0,65,0,4,211,1,216,0,24,256,1,281,220,0,220,501
08/13/2002,SDL,AZ,AWP,WE,Towers with Display (VFR),0,14,38,0,52,0,4,226,0,230,0,18,264,0,282,181,0,181,463
08/14/2002,SDL,AZ,AWP,WE,Towers with Display (VFR),0,10,60,0,70,0,0,274,0,274,0,10,334,0,344,171,0,171,515
08/15/2002,SDL,AZ,AWP,WE,Towers with Display (VFR),0,14,56,0,70,0,1,269,2,272,0,15,325,2,342,243,0,243,585
08/16/2002,SDL,AZ,AWP,WE,Towers with Display (VFR),0,18,51,0,69,0,0,289,0,289,0,18,340,0,358,182,0,182,540
08/17/2002,SDL,AZ,AWP,WE,Towers with Display (VFR),0,10,34,0,44,0,7,218,0,225,0,17,252,0,269,148,0,148,417
08/18/2002,SDL,AZ,AWP,WE,Towers with Display (VFR),0,12,55,0,67,0,1,162,0,163,0,13,217,0,230,195,0,195,425
08/19/2002,SDL,AZ,AWP,WE,Towers with Display (VFR),0,10,50,0,60,0,5,207,0,212,0,15,257,0,272,285,0,285,557
08/20/2002,SDL,AZ,AWP,WE,Towers with Display (VFR),0,15,54,0,69,0,5,251,1,257,0,20,305,1,326,202,0,202,528
08/21/2002,SDL,AZ,AWP,WE,Towers with Display (VFR),0,15,49,0,64,0,4,283,2,289,0,19,332,2,353,217,0,217,570
08/22/2002,SDL,AZ,AWP,WE,Towers with Display (VFR),0,14,62,0,76,1,1,256,3,261,1,15,318,3,337,204,0,204,541
08/23/2002,SDL,AZ,AWP,WE,Towers with Display (VFR),0,7,64,2,73,0,8,269,3,280,0,15,333,5,353,221,0,221,574
08/24/2002,SDL,AZ,AWP,WE,Towers with Display (VFR),0,8,38,0,46,0,3,197,4,204,0,11,235,4,250,153,0,153,403
08/25/2002,SDL,AZ,AWP,WE,Towers with Display (VFR),0,18,62,0,80,0,2,165,0,167,0,20,227,0,247,120,0,120,367
08/26/2002,SDL,AZ,AWP,WE,Towers with Display (VFR),0,11,41,2,54,0,4,208,2,214,0,15,249,4,268,165,0,165,433
08/27/2002,SDL,AZ,AWP,WE,Towers with Display (VFR),0,13,34,0,47,0,1,266,0,267,0,14,300,0,314,220,0,220,534
08/28/2002,SDL,AZ,AWP,WE,Towers with Display (VFR),0,24,64,0,88,0,6,252,0,258,0,30,316,0,346,184,0,184,530
08/29/2002,SDL,AZ,AWP,WE,Towers with Display (VFR),0,30,40,0,70,0,2,303,1,306,0,32,343,1,376,264,0,264,640
08/30/2002,SDL,AZ,AWP,WE,Towers with Display (VFR),0,20,75,0,95,0,9,279,0,288,0,29,354,0,383,233,0,233,616
08/31/2002,SDL,AZ,AWP,WE,Towers with Display (VFR),0,3,35,0,38,0,0,211,0,211,0,3,246,0,249,205,0,205,454
09/01/2002,SDL,AZ,AWP,WE,Towers with Display (VFR),0,7,25,0,32,0,3,152,0,155,0,10,177,0,187,143,0,143,330
09/02/2002,SDL,AZ,AWP,WE,Towers with Display (VFR),0,13,58,1,72,0,3,227,2,232,0,16,285,3,304,159,0,159,463
09/03/2002,SDL,AZ,AWP,WE,Towers with Display (VFR),0,11,50,0,61,0,1,251,0,252,0,12,301,0,313,177,0,177,490
09/04/2002,SDL,AZ,AWP,WE,Towers with Display (VFR),0,6,39,0,45,0,0,204,0,204,0,6,243,0,249,285,0,285,534
09/05/2002,SDL,AZ,AWP,WE,Towers with Display (VFR),0,13,43,0,56,0,0,271,0,271,0,13,314,0,327,242,0,242,569
09/06/2002,SDL,AZ,AWP,WE,Towers with Display (VFR),0,9,41,0,50,0,4,240,0,244,0,13,281,0,294,186,0,186,480
09/07/2002,SDL,AZ,AWP,WE,Towers with Display (VFR),0,3,26,0,29,0,1,156,1,158,0,4,182,1,187,138,0,138,325
09/08/2002,SDL,AZ,AWP,WE,Towers with Display (VFR),0,17,33,0,50,0,0,112,0,112,0,17,145,0,162,187,0,187,349
09/09/2002,SDL,AZ,AWP,WE,Towers with Display (VFR),0,17,66,0,83,0,2,139,1,142,0,19,205,1,225,204,0,204,429
09/10/2002,SDL,AZ,AWP,WE,Towers with Display (VFR),0,7,52,0,59,0,1,203,2,206,0,8,255,2,265,268,0,268,533
09/11/2002,SDL,AZ,AWP,WE,Towers with Display (VFR),0,14,57,0,71,0,2,233,0,235,0,16,290,0,306,153,0,153,459
09/12/2002,SDL,AZ,AWP,WE,Towers with Display (VFR),0,17,43,0,60,0,4,287,0,291,0,21,330,0,351,248,0,248,599
09/13/2002,SDL,AZ,AWP,WE,Towers with Display (VFR),0,16,58,0,74,0,16,239,0,255,0,32,297,0,329,324,0,324,653
09/14/2002,SDL,AZ,AWP,WE,Towers with Display (VFR),0,7,28,0,35,0,5,214,2,221,0,12,242,2,256,186,0,186,442
09/15/2002,SDL,AZ,AWP,WE,Towers with Display (VFR),0,24,54,1,79,0,1,142,0,143,0,25,196,1,222,139,0,139,361
09/16/2002,SDL,AZ,AWP,WE,Towers with Display (VFR),0,19,45,0,64,0,0,197,1,198,0,19,242,1,262,206,0,206,468
09/17/2002,SDL,AZ,AWP,WE,Towers with Display (VFR),0,12,48,0,60,0,6,246,0,252,0,18,294,0,312,231,0,231,543
09/18/2002,SDL,AZ,AWP,WE,Towers with Display (VFR),0,11,66,0,77,0,1,266,0,267,0,12,332,0,344,285,0,285,629
09/19/2002,SDL,AZ,AWP,WE,Towers with Display (VFR),0,31,60,0,91,0,1,275,0,276,0,32,335,0,367,344,0,344,711
09/20/2002,SDL,AZ,AWP,WE,Towers with Display (VFR),0,10,63,0,73,0,4,245,7,256,0,14,308,7,329,311,0,311,640
09/21/2002,SDL,AZ,AWP,WE,Towers with Display (VFR),0,8,44,0,52,0,10,212,4,226,0,18,256,4,278,193,0,193,471
09/22/2002,SDL,AZ,AWP,WE,Towers with Display (VFR),0,22,48,1,71,0,0,172,1,173,0,22,220,2,244,114,4,118,362
09/23/2002,SDL,AZ,AWP,WE,Towers with Display (VFR),0,20,51,0,71,0,4,216,1,221,0,24,267,1,292,346,0,346,638
09/24/2002,SDL,AZ,AWP,WE,Towers with Display (VFR),0,16,62,0,78,0,2,236,1,239,0,18,298,1,317,242,0,242,559
09/25/2002,SDL,AZ,AWP,WE,Towers with Display (VFR),0,22,61,2,85,0,11,263,11,285,0,33,324,13,370,221,12,233,603
09/26/2002,SDL,AZ,AWP,WE,Towers with Display (VFR),0,20,72,0,92,0,0,306,1,307,0,20,378,1,399,273,0,273,672
09/27/2002,SDL,AZ,AWP,WE,Towers with Display (VFR),0,11,78,0,89,0,7,315,0,322,0,18,393,0,411,295,0,295,706
09/28/2002,SDL,AZ,AWP,WE,Towers with Display (VFR),0,6,44,0,50,0,3,193,2,198,0,9,237,2,248,166,0,166,414
09/29/2002,SDL,AZ,AWP,WE,Towers with Display (VFR),0,17,62,0,79,0,0,188,0,188,0,17,250,0,267,123,0,123,390
09/30/2002,SDL,AZ,AWP,WE,Towers with Display (VFR),0,11,48,0,59,0,4,255,0,259,0,15,303,0,318,356,0,356,674
10/01/2002,SDL,AZ,AWP,WE,Towers with Display (VFR),0,12,59,0,71,0,6,231,0,237,0,18,290,0,308,221,0,221,529
10/02/2002,SDL,AZ,AWP,WE,Towers with Display (VFR),0,14,73,0,87,0,4,204,0,208,0,18,277,0,295,127,0,127,422
10/03/2002,SDL,AZ,AWP,WE,Towers with Display (VFR),0,17,51,0,68,0,4,284,0,288,0,21,335,0,356,248,0,248,604
10/04/2002,SDL,AZ,AWP,WE,Towers with Display (VFR),0,28,61,0,89,0,0,304,0,304,0,28,365,0,393,295,0,295,688
10/05/2002,SDL,AZ,AWP,WE,Towers with Display (VFR),0,15,34,0,49,0,0,201,1,202,0,15,235,1,251,182,0,182,433
10/06/2002,SDL,AZ,AWP,WE,Towers with Display (VFR),0,25,47,0,72,0,5,194,0,199,0,30,241,0,271,108,0,108,379
10/07/2002,SDL,AZ,AWP,WE,Towers with Display (VFR),0,17,61,0,78,0,10,203,0,213,0,27,264,0,291,330,0,330,621
10/08/2002,SDL,AZ,AWP,WE,Towers with Display (VFR),0,20,60,0,80,0,10,279,0,289,0,30,339,0,369,292,0,292,661
10/09/2002,SDL,AZ,AWP,WE,Towers with Display (VFR),0,18,59,0,77,0,1,314,0,315,0,19,373,0,392,292,0,292,684
10/10/2002,SDL,AZ,AWP,WE,Towers with Display (VFR),0,23,63,0,86,0,4,263,1,268,0,27,326,1,354,223,0,223,577
10/11/2002,SDL,AZ,AWP,WE,Towers with Display (VFR),0,28,87,1,116,0,8,259,1,268,0,36,346,2,384,123,0,123,507
10/12/2002,SDL,AZ,AWP,WE,Towers with Display (VFR),0,14,43,0,57,0,4,202,2,208,0,18,245,2,265,253,0,253,518
10/13/2002,SDL,AZ,AWP,WE,Towers with Display (VFR),0,23,58,0,81,0,6,155,0,161,0,29,213,0,242,50,0,50,292
10/14/2002,SDL,AZ,AWP,WE,Towers with Display (VFR),0,19,62,0,81,0,8,224,0,232,0,27,286,0,313,176,0,176,489
10/15/2002,SDL,AZ,AWP,WE,Towers with Display (VFR),0,35,77,0,112,0,7,277,0,284,0,42,354,0,396,177,0,177,573
10/16/2002,SDL,AZ,AWP,WE,Towers with Display (VFR),0,28,51,0,79,0,1,281,0,282,0,29,332,0,361,233,0,233,594
10/17/2002,SDL,AZ,AWP,WE,Towers with Display (VFR),0,14,53,0,67,0,5,241,0,246,0,19,294,0,313,199,0,199,512
10/18/2002,SDL,AZ,AWP,WE,Towers with Display (VFR),0,12,65,2,79,0,6,267,1,274,0,18,332,3,353,204,0,204,557
10/19/2002,SDL,AZ,AWP,WE,Towers with Display (VFR),0,18,43,0,61,0,2,195,0,197,0,20,238,0,258,292,0,292,550
10/20/2002,SDL,AZ,AWP,WE,Towers with Display (VFR),0,23,69,0,92,0,4,191,1,196,0,27,260,1,288,180,0,180,468
10/21/2002,SDL,AZ,AWP,WE,Towers with Display (VFR),0,22,54,0,76,0,2,259,0,261,0,24,313,0,337,223,0,223,560
10/22/2002,SDL,AZ,AWP,WE,Towers with Display (VFR),0,20,63,0,83,0,1,243,0,244,0,21,306,0,327,248,0,248,575
10/23/2002,SDL,AZ,AWP,WE,Towers with Display (VFR),0,21,77,0,98,0,5,242,0,247,0,26,319,0,345,160,0,160,505
10/24/2002,SDL,AZ,AWP,WE,Towers with Display (VFR),0,16,93,0,109,0,7,233,2,242,0,23,326,2,351,263,0,263,614
10/25/2002,SDL,AZ,AWP,WE,Towers with Display (VFR),0,28,89,0,117,0,51,266,2,319,0,79,355,2,436,192,0,192,628
10/26/2002,SDL,AZ,AWP,WE,Towers with Display (VFR),0,16,52,0,68,0,3,102,0,105,0,19,154,0,173,153,0,153,326
10/27/2002,SDL,AZ,AWP,WE,Towers with Display (VFR),0,19,61,0,80,0,2,116,0,118,0,21,177,0,198,220,0,220,418
10/28/2002,SDL,AZ,AWP,WE,Towers with Display (VFR),0,19,62,0,81,0,1,248,0,249,0,20,310,0,330,239,0,239,569
10/29/2002,SDL,AZ,AWP,WE,Towers with Display (VFR),0,14,57,0,71,0,7,259,1,267,0,21,316,1,338,257,0,257,595
10/30/2002,SDL,AZ,AWP,WE,Towers with Display (VFR),0,14,61,0,75,0,0,300,1,301,0,14,361,1,376,348,0,348,724
10/31/2002,SDL,AZ,AWP,WE,Towers with Display (VFR),0,15,62,2,79,0,6,277,5,288,0,21,339,7,367,267,0,267,634
11/01/2002,SDL,AZ,AWP,WE,Towers with Display (VFR),0,20,73,0,93,0,10,308,0,318,0,30,381,0,411,250,0,250,661
11/02/2002,SDL,AZ,AWP,WE,Towers with Display (VFR),0,15,44,0,59,0,2,356,1,359,0,17,400,1,418,295,0,295,713
11/03/2002,SDL,AZ,AWP,WE,Towers with Display (VFR),0,24,69,0,93,0,3,312,0,315,0,27,381,0,408,128,0,128,536
11/04/2002,SDL,AZ,AWP,WE,Towers with Display (VFR),0,24,52,2,78,0,6,248,0,254,0,30,300,2,332,214,0,214,546
11/05/2002,SDL,AZ,AWP,WE,Towers with Display (VFR),0,18,76,0,94,0,11,272,0,283,0,29,348,0,377,370,0,370,747
11/06/2002,SDL,AZ,AWP,WE,Towers with Display (VFR),0,27,67,0,94,0,4,308,0,312,0,31,375,0,406,396,0,396,802
11/07/2002,SDL,AZ,AWP,WE,Towers with Display (VFR),0,36,98,2,136,0,7,317,0,324,0,43,415,2,460,273,0,273,733
11/08/2002,SDL,AZ,AWP,WE,Towers with Display (VFR),0,25,118,0,143,0,15,245,0,260,0,40,363,0,403,294,0,294,697
11/09/2002,SDL,AZ,AWP,WE,Towers with Display (VFR),0,19,48,0,67,0,5,199,0,204,0,24,247,0,271,236,0,236,507
11/10/2002,SDL,AZ,AWP,WE,Towers with Display (VFR),0,22,102,0,124,0,12,296,1,309,0,34,398,1,433,185,0,185,618
11/11/2002,SDL,AZ,AWP,WE,Towers with Display (VFR),0,20,69,0,89,0,4,319,0,323,0,24,388,0,412,277,0,277,689
11/12/2002,SDL,AZ,AWP,WE,Towers with Display (VFR),0,19,78,0,97,0,6,237,0,243,0,25,315,0,340,312,0,312,652
11/13/2002,SDL,AZ,AWP,WE,Towers with Display (VFR),0,23,95,0,118,0,5,293,0,298,0,28,388,0,416,335,0,335,751
11/14/2002,SDL,AZ,AWP,WE,Towers with Display (VFR),0,29,94,0,123,0,3,299,0,302,0,32,393,0,425,256,0,256,681
11/15/2002,SDL,AZ,AWP,WE,Towers with Display (VFR),0,28,86,0,114,0,3,350,1,354,0,31,436,1,468,233,0,233,701
11/16/2002,SDL,AZ,AWP,WE,Towers with Display (VFR),0,11,37,0,48,0,9,249,1,259,0,20,286,1,307,219,0,219,526
11/17/2002,SDL,AZ,AWP,WE,Towers with Display (VFR),0,24,83,0,107,0,6,211,0,217,0,30,294,0,324,185,0,185,509
11/18/2002,SDL,AZ,AWP,WE,Towers with Display (VFR),0,22,77,0,99,0,7,247,0,254,0,29,324,0,353,268,0,268,621
11/19/2002,SDL,AZ,AWP,WE,Towers with Display (VFR),0,16,51,0,67,0,8,282,0,290,0,24,333,0,357,301,0,301,658
11/20/2002,SDL,AZ,AWP,WE,Towers with Display (VFR),0,12,69,0,81,0,0,316,0,316,0,12,385,0,397,253,0,253,650
11/21/2002,SDL,AZ,AWP,WE,Towers with Display (VFR),0,17,69,0,86,0,10,271,2,283,0,27,340,2,369,226,0,226,595
11/22/2002,SDL,AZ,AWP,WE,Towers with Display (VFR),0,25,68,0,93,0,6,283,0,289,0,31,351,0,382,191,0,191,573
11/23/2002,SDL,AZ,AWP,WE,Towers with Display (VFR),0,18,42,0,60,0,3,254,2,259,0,21,296,2,319,171,0,171,490
11/24/2002,SDL,AZ,AWP,WE,Towers with Display (VFR),0,23,82,0,105,0,7,224,0,231,0,30,306,0,336,168,0,168,504
11/25/2002,SDL,AZ,AWP,WE,Towers with Display (VFR),0,16,68,0,84,0,10,241,0,251,0,26,309,0,335,283,0,283,618
11/26/2002,SDL,AZ,AWP,WE,Towers with Display (VFR),0,35,75,0,110,0,4,217,0,221,0,39,292,0,331,224,0,224,555
11/27/2002,SDL,AZ,AWP,WE,Towers with Display (VFR),0,38,104,0,142,0,1,236,0,237,0,39,340,0,379,182,0,182,561
11/28/2002,SDL,AZ,AWP,WE,Towers with Display (VFR),0,24,16,0,40,0,0,61,0,61,0,24,77,0,101,32,0,32,133
11/29/2002,SDL,AZ,AWP,WE,Towers with Display (VFR),0,24,57,0,81,0,6,184,0,190,0,30,241,0,271,249,0,249,520
11/30/2002,SDL,AZ,AWP,WE,Towers with Display (VFR),0,42,68,0,110,0,4,81,0,85,0,46,149,0,195,171,0,171,366
12/01/2002,SDL,AZ,AWP,WE,Towers with Display (VFR),0,49,134,0,183,0,0,215,0,215,0,49,349,0,398,116,0,116,514
12/02/2002,SDL,AZ,AWP,WE,Towers with Display (VFR),0,21,85,0,106,0,15,215,0,230,0,36,300,0,336,275,0,275,611
12/03/2002,SDL,AZ,AWP,WE,Towers with Display (VFR),0,25,77,0,102,0,9,211,0,220,0,34,288,0,322,278,0,278,600
12/04/2002,SDL,AZ,AWP,WE,Towers with Display (VFR),0,49,63,0,112,0,6,253,0,259,0,55,316,0,371,206,0,206,577
12/05/2002,SDL,AZ,AWP,WE,Towers with Display (VFR),0,36,82,0,118,0,1,272,0,273,0,37,354,0,391,291,0,291,682
12/06/2002,SDL,AZ,AWP,WE,Towers with Display (VFR),0,20,64,0,84,0,9,238,3,250,0,29,302,3,334,203,0,203,537
12/07/2002,SDL,AZ,AWP,WE,Towers with Display (VFR),0,12,40,0,52,0,2,240,0,242,0,14,280,0,294,263,0,263,557
12/08/2002,SDL,AZ,AWP,WE,Towers with Display (VFR),0,17,62,0,79,0,8,215,0,223,0,25,277,0,302,181,0,181,483
12/09/2002,SDL,AZ,AWP,WE,Towers with Display (VFR),0,22,69,0,91,0,4,295,1,300,0,26,364,1,391,143,0,143,534
12/10/2002,SDL,AZ,AWP,WE,Towers with Display (VFR),0,19,73,0,92,0,5,264,1,270,0,24,337,1,362,165,0,165,527
12/11/2002,SDL,AZ,AWP,WE,Towers with Display (VFR),0,16,64,2,82,0,6,300,1,307,0,22,364,3,389,123,0,123,512
12/12/2002,SDL,AZ,AWP,WE,Towers with Display (VFR),0,29,75,0,104,0,9,258,1,268,0,38,333,1,372,183,0,183,555
12/13/2002,SDL,AZ,AWP,WE,Towers with Display (VFR),0,22,63,0,85,0,8,274,0,282,0,30,337,0,367,254,0,254,621
12/14/2002,SDL,AZ,AWP,WE,Towers with Display (VFR),0,14,50,0,64,0,13,247,1,261,0,27,297,1,325,209,0,209,534
12/15/2002,SDL,AZ,AWP,WE,Towers with Display (VFR),0,24,55,0,79,0,1,190,0,191,0,25,245,0,270,126,0,126,396
12/16/2002,SDL,AZ,AWP,WE,Towers with Display (VFR),0,16,48,0,64,0,5,242,0,247,0,21,290,0,311,186,0,186,497
12/17/2002,SDL,AZ,AWP,WE,Towers with Display (VFR),0,13,56,0,69,0,0,190,9,199,0,13,246,9,268,243,0,243,511
12/18/2002,SDL,AZ,AWP,WE,Towers with Display (VFR),0,13,75,0,88,0,5,238,0,243,0,18,313,0,331,216,0,216,547
12/19/2002,SDL,AZ,AWP,WE,Towers with Display (VFR),0,19,59,0,78,0,4,293,0,297,0,23,352,0,375,215,0,215,590
12/20/2002,SDL,AZ,AWP,WE,Towers with Display (VFR),0,26,70,0,96,0,6,245,1,252,0,32,315,1,348,172,0,172,520
12/21/2002,SDL,AZ,AWP,WE,Towers with Display (VFR),0,28,62,0,90,0,7,127,0,134,0,35,189,0,224,213,0,213,437
12/22/2002,SDL,AZ,AWP,WE,Towers with Display (VFR),0,19,51,0,70,0,1,131,1,133,0,20,182,1,203,133,0,133,336
12/23/2002,SDL,AZ,AWP,WE,Towers with Display (VFR),0,18,59,0,77,0,2,59,0,61,0,20,118,0,138,12,0,12,150
12/24/2002,SDL,AZ,AWP,WE,Towers with Display (VFR),0,10,26,0,36,0,3,153,0,156,0,13,179,0,192,207,0,207,399
12/25/2002,SDL,AZ,AWP,WE,Towers with Display (VFR),0,9,12,0,21,0,2,37,0,39,0,11,49,0,60,17,0,17,77
12/26/2002,SDL,AZ,AWP,WE,Towers with Display (VFR),0,24,71,0,95,0,6,227,0,233,0,30,298,0,328,121,0,121,449
12/27/2002,SDL,AZ,AWP,WE,Towers with Display (VFR),0,35,92,0,127,0,6,265,1,272,0,41,357,1,399,232,0,232,631
12/28/2002,SDL,AZ,AWP,WE,Towers with Display (VFR),0,14,66,0,80,0,2,285,0,287,0,16,351,0,367,167,0,167,534
12/29/2002,SDL,AZ,AWP,WE,Towers with Display (VFR),0,32,62,0,94,0,3,177,1,181,0,35,239,1,275,129,0,129,404
12/30/2002,SDL,AZ,AWP,WE,Towers with Display (VFR),0,22,83,0,105,0,7,291,0,298,0,29,374,0,403,291,0,291,694
12/31/2002,SDL,AZ,AWP,WE,Towers with Display (VFR),0,12,41,0,53,0,6,207,0,213,0,18,248,0,266,181,0,181,447
01/01/2003,SDL,AZ,AWP,WE,Towers with Display (VFR),0,32,63,0,95,0,5,151,0,156,0,37,214,0,251,24,0,24,275
01/02/2003,SDL,AZ,AWP,WE,Towers with Display (VFR),0,35,110,0,145,0,6,290,0,296,0,41,400,0,441,228,0,228,669
01/03/2003,SDL,AZ,AWP,WE,Towers with Display (VFR),0,34,94,2,130,0,9,305,3,317,0,43,399,5,447,227,0,227,674
01/04/2003,SDL,AZ,AWP,WE,Towers with Display (VFR),0,34,117,0,151,0,4,264,0,268,0,38,381,0,419,124,0,124,543
01/05/2003,SDL,AZ,AWP,WE,Towers with Display (VFR),0,37,100,0,137,0,7,217,0,224,0,44,317,0,361,197,0,197,558
01/06/2003,SDL,AZ,AWP,WE,Towers with Display (VFR),0,25,70,0,95,0,4,192,0,196,0,29,262,0,291,198,0,198,489
01/07/2003,SDL,AZ,AWP,WE,Towers with Display (VFR),0,27,70,2,99,0,4,224,0,228,0,31,294,2,327,182,0,182,509
01/08/2003,SDL,AZ,AWP,WE,Towers with Display (VFR),0,26,104,0,130,0,2,141,0,143,0,28,245,0,273,158,0,158,431
01/09/2003,SDL,AZ,AWP,WE,Towers with Display (VFR),0,29,117,7,153,0,0,242,5,247,0,29,359,12,400,186,0,186,586
01/10/2003,SDL,AZ,AWP,WE,Towers with Display (VFR),0,25,81,3,109,0,16,276,0,292,0,41,357,3,401,201,0,201,602
01/11/2003,SDL,AZ,AWP,WE,Towers with Display (VFR),0,9,45,0,54,0,16,308,1,325,0,25,353,1,379,264,0,264,643
01/12/2003,SDL,AZ,AWP,WE,Towers with Display (VFR),0,24,60,2,86,0,5,215,2,222,0,29,275,4,308,169,0,169,477
01/13/2003,SDL,AZ,AWP,WE,Towers with Display (VFR),0,15,64,0,79,0,3,269,1,273,0,18,333,1,352,210,0,210,562
01/14/2003,SDL,AZ,AWP,WE,Towers with Display (VFR),0,15,70,0,85,0,4,299,0,303,0,19,369,0,388,212,0,212,600
01/15/2003,SDL,AZ,AWP,WE,Towers with Display (VFR),0,21,115,0,136,0,8,305,0,313,0,29,420,0,449,256,0,256,705
01/16/2003,SDL,AZ,AWP,WE,Towers with Display (VFR),0,50,143,0,193,0,2,317,1,320,0,52,460,1,513,145,0,145,658
01/17/2003,SDL,AZ,AWP,WE,Towers with Display (VFR),0,32,120,1,153,0,10,349,1,360,0,42,469,2,513,185,0,185,698
01/18/2003,SDL,AZ,AWP,WE,Towers with Display (VFR),0,30,79,0,109,0,9,324,1,334,0,39,403,1,443,151,0,151,594
01/19/2003,SDL,AZ,AWP,WE,Towers with Display (VFR),0,63,104,3,170,0,7,210,0,217,0,70,314,3,387,76,0,76,463
01/20/2003,SDL,AZ,AWP,WE,Towers with Display (VFR),0,52,88,0,140,0,7,239,0,246,0,59,327,0,386,224,0,224,610
01/21/2003,SDL,AZ,AWP,WE,Towers with Display (VFR),0,19,82,0,101,0,4,254,0,258,0,23,336,0,359,207,0,207,566
01/22/2003,SDL,AZ,AWP,WE,Towers with Display (VFR),0,31,67,1,99,0,1,270,0,271,0,32,337,1,370,179,0,179,549
01/23/2003,SDL,AZ,AWP,WE,Towers with Display (VFR),0,38,92,0,130,0,12,261,4,277,0,50,353,4,407,190,0,190,597
01/24/2003,SDL,AZ,AWP,WE,Towers with Display (VFR),0,36,104,2,142,0,20,338,0,358,0,56,442,2,500,201,0,201,701
01/25/2003,SDL,AZ,AWP,WE,Towers with Display (VFR),0,25,46,0,71,0,4,285,2,291,0,29,331,2,362,168,0,168,530
01/26/2003,SDL,AZ,AWP,WE,Towers with Display (VFR),0,53,81,0,134,0,9,200,0,209,0,62,281,0,343,113,0,113,456
01/27/2003,SDL,AZ,AWP,WE,Towers with Display (VFR),0,38,88,2,128,0,7,287,0,294,0,45,375,2,422,199,0,199,621
01/28/2003,SDL,AZ,AWP,WE,Towers with Display (VFR),0,36,61,0,97,0,6,276,0,282,0,42,337,0,379,210,0,210,589
01/29/2003,SDL,AZ,AWP,WE,Towers with Display (VFR),0,26,79,0,105,0,4,359,0,363,0,30,438,0,468,213,0,213,681
01/30/2003,SDL,AZ,AWP,WE,Towers with Display (VFR),0,23,74,0,97,0,8,291,0,299,0,31,365,0,396,294,0,294,690
01/31/2003,SDL,AZ,AWP,WE,Towers with Display (VFR),0,40,101,0,141,0,4,319,0,323,0,44,420,0,464,206,0,206,670
02/01/2003,SDL,AZ,AWP,WE,Towers with Display (VFR),0,34,52,0,86,0,0,295,0,295,0,34,347,0,381,189,0,189,570
02/02/2003,SDL,AZ,AWP,WE,Towers with Display (VFR),0,37,82,0,119,0,2,157,0,159,0,39,239,0,278,138,0,138,416
02/03/2003,SDL,AZ,AWP,WE,Towers with Display (VFR),0,14,53,0,67,0,6,256,0,262,0,20,309,0,329,183,0,183,512
02/04/2003,SDL,AZ,AWP,WE,Towers with Display (VFR),0,21,58,2,81,0,5,244,0,249,0,26,302,2,330,234,0,234,564
02/05/2003,SDL,AZ,AWP,WE,Towers with Display (VFR),0,24,82,0,106,0,2,292,0,294,0,26,374,0,400,246,0,246,646
02/06/2003,SDL,AZ,AWP,WE,Towers with Display (VFR),0,25,91,0,116,0,6,300,0,306,0,31,391,0,422,331,0,331,753
02/07/2003,SDL,AZ,AWP,WE,Towers with Display (VFR),0,27,86,0,113,0,7,282,2,291,0,34,368,2,404,211,0,211,615
02/08/2003,SDL,AZ,AWP,WE,Towers with Display (VFR),0,21,59,0,80,0,2,184,0,186,0,23,243,0,266,202,0,202,468
02/09/2003,SDL,AZ,AWP,WE,Towers with Display (VFR),0,34,110,0,144,0,6,205,0,211,0,40,315,0,355,175,0,175,530
02/10/2003,SDL,AZ,AWP,WE,Towers with Display (VFR),0,15,77,0,92,0,4,241,0,245,0,19,318,0,337,176,0,176,513
02/11/2003,SDL,AZ,AWP,WE,Towers with Display (VFR),0,24,71,0,95,0,0,279,0,279,0,24,350,0,374,194,0,194,568
02/12/2003,SDL,AZ,AWP,WE,Towers with Display (VFR),0,35,94,0,129,0,4,197,0,201,0,39,291,0,330,195,0,195,525
02/13/2003,SDL,AZ,AWP,WE,Towers with Display (VFR),0,13,112,0,125,0,2,107,0,109,0,15,219,0,234,123,0,123,357
02/14/2003,SDL,AZ,AWP,WE,Towers with Display (VFR),0,32,128,0,160,0,5,151,0,156,0,37,279,0,316,201,0,201,517
02/15/2003,SDL,AZ,AWP,WE,Towers with Display (VFR),0,39,70,0,109,0,4,192,0,196,0,43,262,0,305,178,0,178,483
02/16/2003,SDL,AZ,AWP,WE,Towers with Display (VFR),0,23,90,0,113,0,8,186,0,194,0,31,276,0,307,226,0,226,533
02/17/2003,SDL,AZ,AWP,WE,Towers with Display (VFR),0,43,118,0,161,0,9,321,0,330,0,52,439,0,491,117,0,117,608
02/18/2003,SDL,AZ,AWP,WE,Towers with Display (VFR),0,36,112,0,148,0,5,311,0,316,0,41,423,0,464,211,0,211,675
02/19/2003,SDL,AZ,AWP,WE,Towers with Display (VFR),0,33,82,0,115,0,4,288,0,292,0,37,370,0,407,365,0,365,772
02/20/2003,SDL,AZ,AWP,WE,Towers with Display (VFR),0,35,96,3,134,0,8,266,5,279,0,43,362,8,413,306,0,306,719
02/21/2003,SDL,AZ,AWP,WE,Towers with Display (VFR),0,31,72,0,103,0,8,271,0,279,0,39,343,0,382,241,0,241,623
02/22/2003,SDL,AZ,AWP,WE,Towers with Display (VFR),0,24,59,0,83,0,9,260,0,269,0,33,319,0,352,149,0,149,501
02/23/2003,SDL,AZ,AWP,WE,Towers with Display (VFR),0,33,108,0,141,0,9,226,0,235,0,42,334,0,376,194,0,194,570
02/24/2003,SDL,AZ,AWP,WE,Towers with Display (VFR),0,47,75,0,122,0,6,250,0,256,0,53,325,0,378,227,0,227,605
02/25/2003,SDL,AZ,AWP,WE,Towers with Display (VFR),0,20,75,0,95,0,3,80,0,83,0,23,155,0,178,140,0,140,318
02/26/2003,SDL,AZ,AWP,WE,Towers with Display (VFR),0,25,108,0,133,0,6,81,3,90,0,31,189,3,223,106,0,106,329
02/27/2003,SDL,AZ,AWP,WE,Towers with Display (VFR),0,39,111,2,152,0,2,122,0,124,0,41,233,2,276,214,0,214,490
02/28/2003,SDL,AZ,AWP,WE,Towers with Display (VFR),0,43,87,0,130,0,6,208,0,214,0,49,295,0,344,192,0,192,536
03/01/2003,SDL,AZ,AWP,WE,Towers with Display (VFR),0,29,76,1,106,0,7,197,0,204,0,36,273,1,310,139,0,139,449
03/02/2003,SDL,AZ,AWP,WE,Towers with Display (VFR),0,54,102,1,157,0,5,197,0,202,0,59,299,1,359,104,0,104,463
03/03/2003,SDL,AZ,AWP,WE,Towers with Display (VFR),0,33,101,0,134,0,7,240,0,247,0,40,341,0,381,182,0,182,563
03/04/2003,SDL,AZ,AWP,WE,Towers with Display (VFR),0,31,84,0,115,0,7,268,0,275,0,38,352,0,390,226,0,226,616
03/05/2003,SDL,AZ,AWP,WE,Towers with Display (VFR),0,33,87,0,120,0,7,232,0,239,0,40,319,0,359,175,0,175,534
03/06/2003,SDL,AZ,AWP,WE,Towers with Display (VFR),0,30,98,1,129,0,7,310,0,317,0,37,408,1,446,254,0,254,700
03/07/2003,SDL,AZ,AWP,WE,Towers with Display (VFR),0,25,92,3,120,0,8,260,3,271,0,33,352,6,391,198,0,198,589
03/08/2003,SDL,AZ,AWP,WE,Towers with Display (VFR),0,19,75,0,94,0,5,223,0,228,0,24,298,0,322,239,0,239,561
03/09/2003,SDL,AZ,AWP,WE,Towers with Display (VFR),0,41,125,4,170,0,8,231,0,239,0,49,356,4,409,147,0,147,556
03/10/2003,SDL,AZ,AWP,WE,Towers with Display (VFR),0,30,71,2,103,0,8,282,0,290,0,38,353,2,393,256,0,256,649
03/11/2003,SDL,AZ,AWP,WE,Towers with Display (VFR),0,28,97,0,125,0,4,273,0,277,0,32,370,0,402,189,0,189,591
03/12/2003,SDL,AZ,AWP,WE,Towers with Display (VFR),0,27,107,0,134,0,7,321,0,328,0,34,428,0,462,174,0,174,636
03/13/2003,SDL,AZ,AWP,WE,Towers with Display (VFR),0,32,103,1,136,0,10,273,0,283,0,42,376,1,419,286,0,286,705
03/14/2003,SDL,AZ,AWP,WE,Towers with Display (VFR),0,41,90,2,133,0,7,255,3,265,0,48,345,5,398,129,0,129,527
03/15/2003,SDL,AZ,AWP,WE,Towers with Display (VFR),0,50,62,0,112,0,4,255,0,259,0,54,317,0,371,163,0,163,534
03/16/2003,SDL,AZ,AWP,WE,Towers with Display (VFR),0,50,101,2,153,0,1,57,0,58,0,51,158,2,211,103,0,103,314
03/17/2003,SDL,AZ,AWP,WE,Towers with Display (VFR),0,28,84,0,112,0,10,61,0,71,0,38,145,0,183,69,0,69,252
03/18/2003,SDL,AZ,AWP,WE,Towers with Display (VFR),0,23,63,0,86,0,9,225,0,234,0,32,288,0,320,160,0,160,480
03/19/2003,SDL,AZ,AWP,WE,Towers with Display (VFR),0,30,107,0,137,0,0,303,0,303,0,30,410,0,440,301,0,301,741
03/20/2003,SDL,AZ,AWP,WE,Towers with Display (VFR),0,52,110,0,162,0,0,300,2,302,0,52,410,2,464,258,31,289,753
03/21/2003,SDL,AZ,AWP,WE,Towers with Display (VFR),0,39,111,0,150,0,0,238,1,239,0,39,349,1,389,220,0,220,609
03/22/2003,SDL,AZ,AWP,WE,Towers with Display (VFR),0,37,98,0,135,0,7,260,0,267,0,44,358,0,402,180,0,180,582
03/23/2003,SDL,AZ,AWP,WE,Towers with Display (VFR),0,46,125,0,171,0,4,301,0,305,0,50,426,0,476,172,0,172,648
03/24/2003,SDL,AZ,AWP,WE,Towers with Display (VFR),0,31,88,0,119,0,0,268,0,268,0,31,356,0,387,188,0,188,575
03/25/2003,SDL,AZ,AWP,WE,Towers with Display (VFR),0,37,99,0,136,0,10,287,0,297,0,47,386,0,433,132,0,132,565
03/26/2003,SDL,AZ,AWP,WE,Towers with Display (VFR),0,43,114,0,157,0,0,265,2,267,0,43,379,2,424,136,0,136,560
03/27/2003,SDL,AZ,AWP,WE,Towers with Display (VFR),0,33,98,0,131,0,6,280,1,287,0,39,378,1,418,252,0,252,670
03/28/2003,SDL,AZ,AWP,WE,Towers with Display (VFR),0,40,97,0,137,0,9,235,2,246,0,49,332,2,383,141,0,141,524
03/29/2003,SDL,AZ,AWP,WE,Towers with Display (VFR),0,28,97,1,126,0,5,219,0,224,0,33,316,1,350,143,0,143,493
03/30/2003,SDL,AZ,AWP,WE,Towers with Display (VFR),0,35,124,1,160,0,9,246,0,255,0,44,370,1,415,178,0,178,593
03/31/2003,SDL,AZ,AWP,WE,Towers with Display (VFR),0,34,63,0,97,0,1,236,0,237,0,35,299,0,334,281,0,281,615
04/01/2003,SDL,AZ,AWP,WE,Towers with Display (VFR),0,36,78,0,114,0,5,234,1,240,0,41,312,1,354,279,0,279,633
04/02/2003,SDL,AZ,AWP,WE,Towers with Display (VFR),0,20,93,0,113,0,10,217,0,227,0,30,310,0,340,276,0,276,616
04/03/2003,SDL,AZ,AWP,WE,Towers with Display (VFR),0,36,114,0,150,0,5,290,3,298,0,41,404,3,448,189,0,189,637
04/04/2003,SDL,AZ,AWP,WE,Towers with Display (VFR),0,36,77,0,113,0,5,262,0,267,0,41,339,0,380,239,0,239,619
04/05/2003,SDL,AZ,AWP,WE,Towers with Display (VFR),0,24,66,0,90,0,8,216,1,225,0,32,282,1,315,239,0,239,554
04/06/2003,SDL,AZ,AWP,WE,Towers with Display (VFR),0,40,108,0,148,2,6,226,0,234,2,46,334,0,382,181,0,181,563
04/07/2003,SDL,AZ,AWP,WE,Towers with Display (VFR),0,25,68,0,93,0,2,280,0,282,0,27,348,0,375,216,0,216,591
04/08/2003,SDL,AZ,AWP,WE,Towers with Display (VFR),0,26,71,0,97,0,11,268,0,279,0,37,339,0,376,153,0,153,529
04/09/2003,SDL,AZ,AWP,WE,Towers with Display (VFR),0,42,73,0,115,0,3,233,1,237,0,45,306,1,352,233,0,233,585
04/10/2003,SDL,AZ,AWP,WE,Towers with Display (VFR),0,24,75,0,99,0,7,296,0,303,0,31,371,0,402,287,0,287,689
04/11/2003,SDL,AZ,AWP,WE,Towers with Display (VFR),0,28,75,2,105,0,6,282,0,288,0,34,357,2,393,322,0,322,715
04/12/2003,SDL,AZ,AWP,WE,Towers with Display (VFR),0,19,53,0,72,0,4,290,0,294,0,23,343,0,366,258,0,258,624
04/13/2003,SDL,AZ,AWP,WE,Towers with Display (VFR),0,29,96,0,125,0,3,224,0,227,0,32,320,0,352,245,0,245,597
04/14/2003,SDL,AZ,AWP,WE,Towers with Display (VFR),0,22,75,0,97,0,5,223,0,228,0,27,298,0,325,256,0,256,581
04/15/2003,SDL,AZ,AWP,WE,Towers with Display (VFR),0,29,74,0,103,0,7,196,0,203,0,36,270,0,306,164,0,164,470
04/16/2003,SDL,AZ,AWP,WE,Towers with Display (VFR),0,28,110,0,138,0,4,359,1,364,0,32,469,1,502,241,0,241,743
04/17/2003,SDL,AZ,AWP,WE,Towers with Display (VFR),0,39,94,1,134,0,6,242,0,248,0,45,336,1,382,238,0,238,620
04/18/2003,SDL,AZ,AWP,WE,Towers with Display (VFR),0,23,90,0,113,0,3,320,0,323,0,26,410,0,436,237,0,237,673
04/19/2003,SDL,AZ,AWP,WE,Towers with Display (VFR),0,18,54,0,72,0,4,237,0,241,0,22,291,0,313,204,0,204,517
04/20/2003,SDL,AZ,AWP,WE,Towers with Display (VFR),0,32,72,0,104,0,2,181,0,183,0,34,253,0,287,90,0,90,377
04/21/2003,SDL,AZ,AWP,WE,Towers with Display (VFR),0,31,107,0,138,0,4,244,0,248,0,35,351,0,386,301,0,301,687
04/22/2003,SDL,AZ,AWP,WE,Towers with Display (VFR),0,32,78,1,111,0,1,190,1,192,0,33,268,2,303,300,0,300,603
04/23/2003,SDL,AZ,AWP,WE,Towers with Display (VFR),0,45,94,2,141,0,1,298,0,299,0,46,392,2,440,207,0,207,647
04/24/2003,SDL,AZ,AWP,WE,Towers with Display (VFR),0,24,89,0,113,0,0,311,3,314,0,24,400,3,427,281,0,281,708
04/25/2003,SDL,AZ,AWP,WE,Towers with Display (VFR),0,14,95,0,109,0,9,244,0,253,0,23,339,0,362,295,0,295,657
04/26/2003,SDL,AZ,AWP,WE,Towers with Display (VFR),0,20,58,0,78,0,2,239,0,241,0,22,297,0,319,146,0,146,465
04/27/2003,SDL,AZ,AWP,WE,Towers with Display (VFR),0,43,83,0,126,0,6,255,0,261,0,49,338,0,387,152,0,152,539
04/28/2003,SDL,AZ,AWP,WE,Towers with Display (VFR),0,23,85,0,108,0,4,257,0,261,0,27,342,0,369,231,0,231,600
04/29/2003,SDL,AZ,AWP,WE,Towers with Display (VFR),0,31,60,0,91,0,4,247,0,251,0,35,307,0,342,233,0,233,575
04/30/2003,SDL,AZ,AWP,WE,Towers with Display (VFR),0,39,94,0,133,0,4,318,0,322,0,43,412,0,455,248,0,248,703
05/01/2003,SDL,AZ,AWP,WE,Towers with Display (VFR),0,40,110,0,150,0,6,309,0,315,0,46,419,0,465,239,0,239,704
05/02/2003,SDL,AZ,AWP,WE,Towers with Display (VFR),0,32,82,0,114,0,29,341,0,370,0,61,423,0,484,205,0,205,689
05/03/2003,SDL,AZ,AWP,WE,Towers with Display (VFR),0,20,67,0,87,0,7,221,1,229,0,27,288,1,316,214,0,214,530
05/04/2003,SDL,AZ,AWP,WE,Towers with Display (VFR),0,46,118,0,164,0,5,237,0,242,0,51,355,0,406,106,0,106,512
05/05/2003,SDL,AZ,AWP,WE,Towers with Display (VFR),0,24,95,0,119,0,9,292,0,301,0,33,387,0,420,269,0,269,689
05/06/2003,SDL,AZ,AWP,WE,Towers with Display (VFR),0,25,70,0,95,0,2,310,0,312,0,27,380,0,407,329,0,329,736
05/07/2003,SDL,AZ,AWP,WE,Towers with Display (VFR),0,24,107,0,131,0,3,242,0,245,0,27,349,0,376,204,0,204,580
05/08/2003,SDL,AZ,AWP,WE,Towers with Display (VFR),0,30,47,0,77,0,2,330,4,336,0,32,377,4,413,213,0,213,626
05/09/2003,SDL,AZ,AWP,WE,Towers with Display (VFR),0,33,77,1,111,0,8,276,1,285,0,41,353,2,396,285,0,285,681
05/10/2003,SDL,AZ,AWP,WE,Towers with Display (VFR),0,10,57,0,67,0,7,211,0,218,0,17,268,0,285,206,0,206,491
05/11/2003,SDL,AZ,AWP,WE,Towers with Display (VFR),0,28,63,0,91,0,4,233,0,237,0,32,296,0,328,158,0,158,486
05/12/2003,SDL,AZ,AWP,WE,Towers with Display (VFR),0,9,53,0,62,0,6,237,0,243,0,15,290,0,305,250,0,250,555
05/13/2003,SDL,AZ,AWP,WE,Towers with Display (VFR),0,25,53,2,80,0,2,298,1,301,0,27,351,3,381,222,0,222,603
05/14/2003,SDL,AZ,AWP,WE,Towers with Display (VFR),0,25,65,0,90,0,7,251,0,258,0,32,316,0,348,237,0,237,585
05/15/2003,SDL,AZ,AWP,WE,Towers with Display (VFR),0,14,92,0,106,0,5,298,0,303,0,19,390,0,409,279,0,279,688
05/16/2003,SDL,AZ,AWP,WE,Towers with Display (VFR),0,20,71,0,91,0,6,313,0,319,0,26,384,0,410,235,0,235,645
05/17/2003,SDL,AZ,AWP,WE,Towers with Display (VFR),0,7,31,0,38,0,6,259,0,265,0,13,290,0,303,192,0,192,495
05/18/2003,SDL,AZ,AWP,WE,Towers with Display (VFR),0,30,75,0,105,0,1,212,0,213,0,31,287,0,318,87,0,87,405
05/19/2003,SDL,AZ,AWP,WE,Towers with Display (VFR),0,25,88,2,115,0,0,293,0,293,0,25,381,2,408,244,0,244,652
05/20/2003,SDL,AZ,AWP,WE,Towers with Display (VFR),0,17,99,1,117,0,3,279,0,282,0,20,378,1,399,226,0,226,625
05/21/2003,SDL,AZ,AWP,WE,Towers with Display (VFR),0,26,87,1,114,0,10,246,0,256,0,36,333,1,370,171,0,171,541
05/22/2003,SDL,AZ,AWP,WE,Towers with Display (VFR),0,26,103,0,129,0,5,277,0,282,0,31,380,0,411,231,0,231,642
05/23/2003,SDL,AZ,AWP,WE,Towers with Display (VFR),0,30,82,0,112,0,8,264,0,272,0,38,346,0,384,196,0,196,580
05/24/2003,SDL,AZ,AWP,WE,Towers with Display (VFR),0,10,35,0,45,0,12,269,0,281,0,22,304,0,326,182,0,182,508
05/25/2003,SDL,AZ,AWP,WE,Towers with Display (VFR),0,12,32,0,44,0,8,172,0,180,0,20,204,0,224,89,0,89,313
05/26/2003,SDL,AZ,AWP,WE,Towers with Display (VFR),0,24,55,0,79,0,2,220,1,223,0,26,275,1,302,106,0,106,408
05/27/2003,SDL,AZ,AWP,WE,Towers with Display (VFR),0,19,61,0,80,0,7,211,1,219,0,26,272,1,299,126,0,126,425
05/28/2003,SDL,AZ,AWP,WE,Towers with Display (VFR),0,22,60,0,82,0,3,241,0,244,0,25,301,0,326,163,0,163,489
05/29/2003,SDL,AZ,AWP,WE,Towers with Display (VFR),0,11,73,0,84,0,2,201,0,203,0,13,274,0,287,218,0,218,505
05/30/2003,SDL,AZ,AWP,WE,Towers with Display (VFR),0,20,74,1,95,0,13,241,0,254,0,33,315,1,349,230,0,230,579
05/31/2003,SDL,AZ,AWP,WE,Towers with Display (VFR),0,20,52,0,72,0,4,209,0,213,0,24,261,0,285,149,0,149,434
06/01/2003,SDL,AZ,AWP,WE,Towers with Display (VFR),0,32,69,1,102,0,6,212,1,219,0,38,281,2,321,197,0,197,518
06/02/2003,SDL,AZ,AWP,WE,Towers with Display (VFR),0,16,56,1,73,0,10,230,0,240,0,26,286,1,313,141,0,141,454
06/03/2003,SDL,AZ,AWP,WE,Towers with Display (VFR),0,29,66,1,96,0,4,258,0,262,0,33,324,1,358,146,0,146,504
06/04/2003,SDL,AZ,AWP,WE,Towers with Display (VFR),0,16,70,0,86,0,2,217,0,219,0,18,287,0,305,168,0,168,473
06/05/2003,SDL,AZ,AWP,WE,Towers with Display (VFR),0,21,72,5,98,0,10,198,0,208,0,31,270,5,306,148,0,148,454
06/06/2003,SDL,AZ,AWP,WE,Towers with Display (VFR),0,22,79,1,102,0,6,231,0,237,0,28,310,1,339,232,0,232,571
06/07/2003,SDL,AZ,AWP,WE,Towers with Display (VFR),0,15,52,1,68,0,7,209,0,216,0,22,261,1,284,214,0,214,498
06/08/2003,SDL,AZ,AWP,WE,Towers with Display (VFR),0,17,64,2,83,0,4,174,0,178,0,21,238,2,261,138,0,138,399
06/09/2003,SDL,AZ,AWP,WE,Towers with Display (VFR),0,13,47,0,60,0,0,251,1,252,0,13,298,1,312,253,0,253,565
06/10/2003,SDL,AZ,AWP,WE,Towers with Display (VFR),0,12,62,0,74,0,6,249,0,255,0,18,311,0,329,149,0,149,478
06/11/2003,SDL,AZ,AWP,WE,Towers with Display (VFR),0,15,63,0,78,0,13,246,0,259,0,28,309,0,337,210,0,210,547
06/12/2003,SDL,AZ,AWP,WE,Towers with Display (VFR),0,19,49,3,71,0,9,259,0,268,0,28,308,3,339,251,0,251,590
06/13/2003,SDL,AZ,AWP,WE,Towers with Display (VFR),0,20,47,0,67,0,9,308,0,317,0,29,355,0,384,266,0,266,650
06/14/2003,SDL,AZ,AWP,WE,Towers with Display (VFR),0,9,32,0,41,0,6,239,7,252,0,15,271,7,293,264,0,264,557
06/15/2003,SDL,AZ,AWP,WE,Towers with Display (VFR),0,19,44,1,64,0,9,169,1,179,0,28,213,2,243,166,0,166,409
06/16/2003,SDL,AZ,AWP,WE,Towers with Display (VFR),0,18,59,0,77,0,0,273,4,277,0,18,332,4,354,323,0,323,677
06/17/2003,SDL,AZ,AWP,WE,Towers with Display (VFR),0,19,47,0,66,0,5,238,0,243,0,24,285,0,309,269,0,269,578
06/18/2003,SDL,AZ,AWP,WE,Towers with Display (VFR),0,13,75,0,88,0,5,250,0,255,0,18,325,0,343,232,0,232,575
06/19/2003,SDL,AZ,AWP,WE,Towers with Display (VFR),0,16,65,2,83,0,2,248,1,251,0,18,313,3,334,188,0,188,522
06/20/2003,SDL,AZ,AWP,WE,Towers with Display (VFR),0,16,66,0,82,0,3,258,1,262,0,19,324,1,344,264,0,264,608
06/21/2003,SDL,AZ,AWP,WE,Towers with Display (VFR),0,9,31,0,40,0,8,163,0,171,0,17,194,0,211,104,0,104,315
06/22/2003,SDL,AZ,AWP,WE,Towers with Display (VFR),0,27,63,0,90,0,0,162,0,162,0,27,225,0,252,91,0,91,343
06/23/2003,SDL,AZ,AWP,WE,Towers with Display (VFR),0,18,39,0,57,0,5,196,0,201,0,23,235,0,258,191,0,191,449
06/24/2003,SDL,AZ,AWP,WE,Towers with Display (VFR),0,13,46,2,61,0,0,189,0,189,0,13,235,2,250,303,0,303,553
06/25/2003,SDL,AZ,AWP,WE,Towers with Display (VFR),0,15,58,0,73,0,0,255,0,255,0,15,313,0,328,284,0,284,612
06/26/2003,SDL,AZ,AWP,WE,Towers with Display (VFR),0,23,65,2,90,0,8,215,0,223,0,31,280,2,313,222,0,222,535
06/27/2003,SDL,AZ,AWP,WE,Towers with Display (VFR),0,7,51,0,58,0,1,246,0,247,0,8,297,0,305,170,0,170,475
06/28/2003,SDL,AZ,AWP,WE,Towers with Display (VFR),0,9,30,0,39,0,2,191,0,193,0,11,221,0,232,152,0,152,384
06/29/2003,SDL,AZ,AWP,WE,Towers with Display (VFR),0,14,51,0,65,0,7,141,0,148,0,21,192,0,213,128,0,128,341
06/30/2003,SDL,AZ,AWP,WE,Towers with Display (VFR),0,8,52,2,62,0,2,227,0,229,0,10,279,2,291,180,0,180,471
07/01/2003,SDL,AZ,AWP,WE,Towers with Display (VFR),0,19,55,0,74,0,0,262,0,262,0,19,317,0,336,244,0,244,580
07/02/2003,SDL,AZ,AWP,WE,Towers with Display (VFR),0,6,57,0,63,0,7,190,0,197,0,13,247,0,260,182,0,182,442
07/03/2003,SDL,AZ,AWP,WE,Towers with Display (VFR),0,14,74,4,92,0,5,245,1,251,0,19,319,5,343,193,0,193,536
07/04/2003,SDL,AZ,AWP,WE,Towers with Display (VFR),0,6,27,0,33,0,4,135,18,157,0,10,162,18,190,66,0,66,256
07/05/2003,SDL,AZ,AWP,WE,Towers with Display (VFR),0,9,21,0,30,0,5,112,0,117,0,14,133,0,147,107,0,107,254
07/06/2003,SDL,AZ,AWP,WE,Towers with Display (VFR),0,20,58,2,80,0,4,139,0,143,0,24,197,2,223,57,0,57,280
07/07/2003,SDL,AZ,AWP,WE,Towers with Display (VFR),0,12,43,1,56,0,1,228,1,230,0,13,271,2,286,134,0,134,420
07/08/2003,SDL,AZ,AWP,WE,Towers with Display (VFR),0,9,42,0,51,0,0,222,0,222,0,9,264,0,273,228,0,228,501
07/09/2003,SDL,AZ,AWP,WE,Towers with Display (VFR),0,11,55,0,66,0,0,213,0,213,0,11,268,0,279,189,0,189,468
07/10/2003,SDL,AZ,AWP,WE,Towers with Display (VFR),0,12,57,0,69,0,0,232,0,232,0,12,289,0,301,133,0,133,434
07/11/2003,SDL,AZ,AWP,WE,Towers with Display (VFR),0,13,48,5,66,0,0,234,1,235,0,13,282,6,301,109,0,109,410
07/12/2003,SDL,AZ,AWP,WE,Towers with Display (VFR),0,5,41,1,47,0,11,146,0,157,0,16,187,1,204,82,0,82,286
07/13/2003,SDL,AZ,AWP,WE,Towers with Display (VFR),0,14,52,4,70,0,6,112,0,118,0,20,164,4,188,74,0,74,262
07/14/2003,SDL,AZ,AWP,WE,Towers with Display (VFR),0,15,42,0,57,0,2,188,1,191,0,17,230,1,248,104,0,104,352
07/15/2003,SDL,AZ,AWP,WE,Towers with Display (VFR),0,18,49,0,67,0,1,212,0,213,0,19,261,0,280,111,0,111,391
07/16/2003,SDL,AZ,AWP,WE,Towers with Display (VFR),0,17,49,0,66,0,12,215,0,227,0,29,264,0,293,188,0,188,481
07/17/2003,SDL,AZ,AWP,WE,Towers with Display (VFR),0,26,58,2,86,0,2,172,0,174,0,28,230,2,260,85,0,85,345
07/18/2003,SDL,AZ,AWP,WE,Towers with Display (VFR),0,15,56,0,71,0,3,209,0,212,0,18,265,0,283,167,0,167,450
07/19/2003,SDL,AZ,AWP,WE,Towers with Display (VFR),0,7,38,0,45,0,3,220,0,223,0,10,258,0,268,99,0,99,367
07/20/2003,SDL,AZ,AWP,WE,Towers with Display (VFR),0,22,47,0,69,0,5,122,0,127,0,27,169,0,196,136,0,136,332
07/21/2003,SDL,AZ,AWP,WE,Towers with Display (VFR),0,6,35,0,41,0,11,243,0,254,0,17,278,0,295,224,0,224,519
07/22/2003,SDL,AZ,AWP,WE,Towers with Display (VFR),0,12,60,0,72,0,5,243,0,248,0,17,303,0,320,227,0,227,547
07/23/2003,SDL,AZ,AWP,WE,Towers with Display (VFR),0,6,57,0,63,0,4,262,0,266,0,10,319,0,329,172,0,172,501
07/24/2003,SDL,AZ,AWP,WE,Towers with Display (VFR),0,11,48,0,59,0,5,237,0,242,0,16,285,0,301,258,0,258,559
07/25/2003,SDL,AZ,AWP,WE,Towers with Display (VFR),0,17,39,0,56,0,3,240,0,243,0,20,279,0,299,209,0,209,508
07/26/2003,SDL,AZ,AWP,WE,Towers with Display (VFR),0,4,34,0,38,0,7,183,6,196,0,11,217,6,234,87,0,87,321
07/27/2003,SDL,AZ,AWP,WE,Towers with Display (VFR),0,14,43,2,59,0,5,140,3,148,0,19,183,5,207,130,0,130,337
07/28/2003,SDL,AZ,AWP,WE,Towers with Display (VFR),0,10,51,5,66,0,2,213,0,215,0,12,264,5,281,207,0,207,488
07/29/2003,SDL,AZ,AWP,WE,Towers with Display (VFR),0,4,36,1,41,0,6,231,0,237,0,10,267,1,278,205,0,205,483
07/30/2003,SDL,AZ,AWP,WE,Towers with Display (VFR),0,14,41,0,55,0,3,224,0,227,0,17,265,0,282,170,0,170,452
07/31/2003,SDL,AZ,AWP,WE,Towers with Display (VFR),0,8,52,0,60,0,2,253,0,255,0,10,305,0,315,311,0,311,626
08/01/2003,SDL,AZ,AWP,WE,Towers with Display (VFR),0,16,69,0,85,0,2,174,0,176,0,18,243,0,261,259,0,259,520
08/02/2003,SDL,AZ,AWP,WE,Towers with Display (VFR),0,15,33,0,48,0,2,150,0,152,0,17,183,0,200,207,0,207,407
08/03/2003,SDL,AZ,AWP,WE,Towers with Display (VFR),0,10,41,0,51,0,5,117,0,122,0,15,158,0,173,42,0,42,215
08/04/2003,SDL,AZ,AWP,WE,Towers with Display (VFR),0,9,46,0,55,0,0,216,0,216,0,9,262,0,271,178,0,178,449
08/05/2003,SDL,AZ,AWP,WE,Towers with Display (VFR),0,16,53,0,69,0,5,205,0,210,0,21,258,0,279,176,0,176,455
08/06/2003,SDL,AZ,AWP,WE,Towers with Display (VFR),0,11,54,0,65,0,3,234,0,237,0,14,288,0,302,208,0,208,510
08/07/2003,SDL,AZ,AWP,WE,Towers with Display (VFR),0,14,47,0,61,0,4,222,0,226,0,18,269,0,287,245,0,245,532
08/08/2003,SDL,AZ,AWP,WE,Towers with Display (VFR),0,14,63,0,77,0,4,244,0,248,0,18,307,0,325,188,0,188,513
08/09/2003,SDL,AZ,AWP,WE,Towers with Display (VFR),0,6,32,0,38,0,7,186,0,193,0,13,218,0,231,124,0,124,355
08/10/2003,SDL,AZ,AWP,WE,Towers with Display (VFR),0,9,58,0,67,0,6,163,1,170,0,15,221,1,237,87,0,87,324
08/11/2003,SDL,AZ,AWP,WE,Towers with Display (VFR),0,10,40,0,50,0,4,247,0,251,0,14,287,0,301,162,0,162,463
08/12/2003,SDL,AZ,AWP,WE,Towers with Display (VFR),0,8,55,0,63,0,0,208,8,216,0,8,263,8,279,236,0,236,515
08/13/2003,SDL,AZ,AWP,WE,Towers with Display (VFR),0,8,53,0,61,0,14,180,0,194,0,22,233,0,255,217,0,217,472
08/14/2003,SDL,AZ,AWP,WE,Towers with Display (VFR),0,12,57,0,69,0,3,229,2,234,0,15,286,2,303,232,0,232,535
08/15/2003,SDL,AZ,AWP,WE,Towers with Display (VFR),0,23,54,4,81,0,1,232,6,239,0,24,286,10,320,137,0,137,457
08/16/2003,SDL,AZ,AWP,WE,Towers with Display (VFR),0,6,30,5,41,0,5,154,5,164,0,11,184,10,205,168,0,168,373
08/17/2003,SDL,AZ,AWP,WE,Towers with Display (VFR),0,17,48,0,65,0,4,159,0,163,0,21,207,0,228,126,0,126,354
08/18/2003,SDL,AZ,AWP,WE,Towers with Display (VFR),0,8,43,0,51,0,4,179,0,183,0,12,222,0,234,118,0,118,352
08/19/2003,SDL,AZ,AWP,WE,Towers with Display (VFR),0,10,43,0,53,2,0,167,2,171,2,10,210,2,224,121,0,121,345
08/20/2003,SDL,AZ,AWP,WE,Towers with Display (VFR),0,11,69,0,80,0,0,247,0,247,0,11,316,0,327,149,0,149,476
08/21/2003,SDL,AZ,AWP,WE,Towers with Display (VFR),0,19,65,0,84,0,2,217,0,219,0,21,282,0,303,188,0,188,491
08/22/2003,SDL,AZ,AWP,WE,Towers with Display (VFR),0,12,55,3,70,0,8,219,0,227,0,20,274,3,297,134,0,134,431
08/23/2003,SDL,AZ,AWP,WE,Towers with Display (VFR),0,9,30,0,39,0,3,196,0,199,0,12,226,0,238,115,0,115,353
08/24/2003,SDL,AZ,AWP,WE,Towers with Display (VFR),0,10,32,1,43,0,5,191,0,196,0,15,223,1,239,76,0,76,315
08/25/2003,SDL,AZ,AWP,WE,Towers with Display (VFR),0,3,62,2,67,0,6,212,1,219,0,9,274,3,286,155,0,155,441
08/26/2003,SDL,AZ,AWP,WE,Towers with Display (VFR),0,10,47,0,57,0,1,205,0,206,0,11,252,0,263,146,0,146,409
08/27/2003,SDL,AZ,AWP,WE,Towers with Display (VFR),0,13,56,0,69,0,3,244,0,247,0,16,300,0,316,214,0,214,530
08/28/2003,SDL,AZ,AWP,WE,Towers with Display (VFR),0,20,70,0,90,0,0,180,0,180,0,20,250,0,270,188,0,188,458
08/29/2003,SDL,AZ,AWP,WE,Towers with Display (VFR),0,16,66,2,84,0,9,198,2,209,0,25,264,4,293,242,0,242,535
08/30/2003,SDL,AZ,AWP,WE,Towers with Display (VFR),0,2,31,1,34,0,5,143,0,148,0,7,174,1,182,208,0,208,390
08/31/2003,SDL,AZ,AWP,WE,Towers with Display (VFR),0,2,28,1,31,0,2,121,1,124,0,4,149,2,155,121,0,121,276
09/01/2003,SDL,AZ,AWP,WE,Towers with Display (VFR),0,11,56,0,67,0,5,142,2,149,0,16,198,2,216,120,0,120,336
09/02/2003,SDL,AZ,AWP,WE,Towers with Display (VFR),0,10,54,0,64,0,4,257,0,261,0,14,311,0,325,207,0,207,532
09/03/2003,SDL,AZ,AWP,WE,Towers with Display (VFR),0,17,64,0,81,0,4,264,0,268,0,21,328,0,349,152,0,152,501
09/04/2003,SDL,AZ,AWP,WE,Towers with Display (VFR),0,16,57,2,75,0,2,201,2,205,0,18,258,4,280,116,0,116,396
09/05/2003,SDL,AZ,AWP,WE,Towers with Display (VFR),0,11,77,1,89,0,0,209,0,209,0,11,286,1,298,151,0,151,449
09/06/2003,SDL,AZ,AWP,WE,Towers with Display (VFR),0,19,49,1,69,0,4,176,4,184,0,23,225,5,253,136,0,136,389
09/07/2003,SDL,AZ,AWP,WE,Towers with Display (VFR),0,22,56,4,82,0,5,136,4,145,0,27,192,8,227,192,0,192,419
09/08/2003,SDL,AZ,AWP,WE,Towers with Display (VFR),0,12,43,0,55,0,4,225,0,229,0,16,268,0,284,97,0,97,381
09/09/2003,SDL,AZ,AWP,WE,Towers with Display (VFR),0,21,56,2,79,0,3,199,0,202,0,24,255,2,281,331,0,331,612
09/10/2003,SDL,AZ,AWP,WE,Towers with Display (VFR),0,9,73,0,82,0,0,270,0,270,0,9,343,0,352,203,0,203,555
09/11/2003,SDL,AZ,AWP,WE,Towers with Display (VFR),0,11,57,0,68,0,4,291,0,295,0,15,348,0,363,282,0,282,645
09/12/2003,SDL,AZ,AWP,WE,Towers with Display (VFR),0,12,63,0,75,0,0,265,0,265,0,12,328,0,340,181,0,181,521
09/13/2003,SDL,AZ,AWP,WE,Towers with Display (VFR),0,12,39,1,52,0,3,272,1,276,0,15,311,2,328,161,0,161,489
09/14/2003,SDL,AZ,AWP,WE,Towers with Display (VFR),0,20,77,2,99,0,6,161,0,167,0,26,238,2,266,163,0,163,429
09/15/2003,SDL,AZ,AWP,WE,Towers with Display (VFR),0,14,49,0,63,0,2,194,0,196,0,16,243,0,259,250,0,250,509
09/16/2003,SDL,AZ,AWP,WE,Towers with Display (VFR),0,24,64,2,90,0,11,208,0,219,0,35,272,2,309,175,0,175,484
09/17/2003,SDL,AZ,AWP,WE,Towers with Display (VFR),0,20,67,0,87,0,3,255,0,258,0,23,322,0,345,278,0,278,623
09/18/2003,SDL,AZ,AWP,WE,Towers with Display (VFR),0,19,65,0,84,0,5,276,0,281,0,24,341,0,365,160,0,160,525
09/19/2003,SDL,AZ,AWP,WE,Towers with Display (VFR),0,20,75,2,97,0,10,311,0,321,0,30,386,2,418,283,0,283,701
09/20/2003,SDL,AZ,AWP,WE,Towers with Display (VFR),0,15,46,0,61,0,4,229,0,233,0,19,275,0,294,214,0,214,508
09/21/2003,SDL,AZ,AWP,WE,Towers with Display (VFR),0,24,60,3,87,0,3,194,0,197,0,27,254,3,284,171,0,171,455
09/22/2003,SDL,AZ,AWP,WE,Towers with Display (VFR),0,15,45,1,61,0,6,200,0,206,0,21,245,1,267,197,0,197,464
09/23/2003,SDL,AZ,AWP,WE,Towers with Display (VFR),0,10,73,0,83,0,1,195,0,196,0,11,268,0,279,210,0,210,489
09/24/2003,SDL,AZ,AWP,WE,Towers with Display (VFR),0,22,81,0,103,0,2,208,0,210,0,24,289,0,313,257,0,257,570
09/25/2003,SDL,AZ,AWP,WE,Towers with Display (VFR),0,16,74,0,90,0,3,239,2,244,0,19,313,2,334,326,0,326,660
09/26/2003,SDL,AZ,AWP,WE,Towers with Display (VFR),0,17,68,1,86,0,4,265,3,272,0,21,333,4,358,337,0,337,695
09/27/2003,SDL,AZ,AWP,WE,Towers with Display (VFR),0,10,43,2,55,0,4,233,0,237,0,14,276,2,292,184,0,184,476
09/28/2003,SDL,AZ,AWP,WE,Towers with Display (VFR),0,16,72,1,89,0,1,161,0,162,0,17,233,1,251,195,0,195,446
09/29/2003,SDL,AZ,AWP,WE,Towers with Display (VFR),0,20,70,1,91,0,3,249,0,252,0,23,319,1,343,201,0,201,544
09/30/2003,SDL,AZ,AWP,WE,Towers with Display (VFR),0,17,60,0,77,0,2,254,0,256,0,19,314,0,333,272,0,272,605
10/01/2003,SDL,AZ,AWP,WE,Towers with Display (VFR),0,22,94,0,116,0,0,309,0,309,0,22,403,0,425,193,0,193,618
10/02/2003,SDL,AZ,AWP,WE,Towers with Display (VFR),0,25,79,0,104,0,4,271,0,275,0,29,350,0,379,206,0,206,585
10/03/2003,SDL,AZ,AWP,WE,Towers with Display (VFR),0,26,82,0,108,0,5,230,0,235,0,31,312,0,343,175,0,175,518
10/04/2003,SDL,AZ,AWP,WE,Towers with Display (VFR),0,10,32,0,42,0,5,192,0,197,0,15,224,0,239,138,0,138,377
10/05/2003,SDL,AZ,AWP,WE,Towers with Display (VFR),0,24,76,0,100,0,1,218,0,219,0,25,294,0,319,129,0,129,448
10/06/2003,SDL,AZ,AWP,WE,Towers with Display (VFR),0,20,66,0,86,0,2,234,0,236,0,22,300,0,322,202,0,202,524
10/07/2003,SDL,AZ,AWP,WE,Towers with Display (VFR),0,27,87,1,115,0,4,185,2,191,0,31,272,3,306,223,0,223,529
10/08/2003,SDL,AZ,AWP,WE,Towers with Display (VFR),0,27,90,1,118,0,0,271,1,272,0,27,361,2,390,251,3,254,644
10/09/2003,SDL,AZ,AWP,WE,Towers with Display (VFR),0,26,85,0,111,0,6,281,0,287,0,32,366,0,398,191,0,191,589
10/10/2003,SDL,AZ,AWP,WE,Towers with Display (VFR),0,28,91,1,120,0,9,148,3,160,0,37,239,4,280,120,0,120,400
10/11/2003,SDL,AZ,AWP,WE,Towers with Display (VFR),0,10,43,0,53,0,0,236,0,236,0,10,279,0,289,150,0,150,439
10/12/2003,SDL,AZ,AWP,WE,Towers with Display (VFR),0,26,84,1,111,0,13,204,1,218,0,39,288,2,329,87,0,87,416
10/13/2003,SDL,AZ,AWP,WE,Towers with Display (VFR),0,24,78,1,103,0,3,251,1,255,0,27,329,2,358,201,0,201,559
10/14/2003,SDL,AZ,AWP,WE,Towers with Display (VFR),0,18,66,1,85,0,0,247,0,247,0,18,313,1,332,148,0,148,480
10/15/2003,SDL,AZ,AWP,WE,Towers with Display (VFR),0,29,92,1,122,0,1,268,5,274,0,30,360,6,396,172,0,172,568
10/16/2003,SDL,AZ,AWP,WE,Towers with Display (VFR),0,27,86,1,114,0,7,255,1,263,0,34,341,2,377,121,0,121,498
10/17/2003,SDL,AZ,AWP,WE,Towers with Display (VFR),0,26,96,0,122,0,0,321,0,321,0,26,417,0,443,232,0,232,675
10/18/2003,SDL,AZ,AWP,WE,Towers with Display (VFR),0,14,45,0,59,0,3,184,0,187,0,17,229,0,246,162,0,162,408
10/19/2003,SDL,AZ,AWP,WE,Towers with Display (VFR),0,26,83,0,109,0,11,177,0,188,0,37,260,0,297,56,0,56,353
10/20/2003,SDL,AZ,AWP,WE,Towers with Display (VFR),0,27,87,0,114,0,6,263,0,269,0,33,350,0,383,144,0,144,527
10/21/2003,SDL,AZ,AWP,WE,Towers with Display (VFR),0,20,70,0,90,0,0,239,0,239,0,20,309,0,329,193,0,193,522
10/22/2003,SDL,AZ,AWP,WE,Towers with Display (VFR),0,22,83,0,105,0,0,246,2,248,0,22,329,2,353,188,0,188,541
10/23/2003,SDL,AZ,AWP,WE,Towers with Display (VFR),0,28,90,0,118,0,3,278,0,281,0,31,368,0,399,232,0,232,631
10/24/2003,SDL,AZ,AWP,WE,Towers with Display (VFR),0,30,98,0,128,0,0,334,3,337,0,30,432,3,465,177,0,177,642
10/25/2003,SDL,AZ,AWP,WE,Towers with Display (VFR),0,18,59,0,77,0,12,192,1,205,0,30,251,1,282,201,0,201,483
10/26/2003,SDL,AZ,AWP,WE,Towers with Display (VFR),0,31,99,0,130,0,6,119,0,125,0,37,218,0,255,100,0,100,355
10/27/2003,SDL,AZ,AWP,WE,Towers with Display (VFR),0,21,70,0,91,0,7,296,2,305,0,28,366,2,396,199,0,199,595
10/28/2003,SDL,AZ,AWP,WE,Towers with Display (VFR),0,29,94,0,123,0,9,316,5,330,0,38,410,5,453,244,0,244,697
10/29/2003,SDL,AZ,AWP,WE,Towers with Display (VFR),0,24,79,0,103,0,8,293,0,301,0,32,372,0,404,199,0,199,603
10/30/2003,SDL,AZ,AWP,WE,Towers with Display (VFR),0,24,86,0,110,0,0,270,1,271,0,24,356,1,381,245,0,245,626
10/31/2003,SDL,AZ,AWP,WE,Towers with Display (VFR),0,18,68,0,86,0,0,235,0,235,0,18,303,0,321,271,0,271,592
11/01/2003,SDL,AZ,AWP,WE,Towers with Display (VFR),0,19,57,0,76,0,3,205,0,208,0,22,262,0,284,233,0,233,517
11/02/2003,SDL,AZ,AWP,WE,Towers with Display (VFR),0,24,87,0,111,0,0,212,0,212,0,24,299,0,323,176,0,176,499
11/03/2003,SDL,AZ,AWP,WE,Towers with Display (VFR),0,30,94,0,124,0,4,296,0,300,0,34,390,0,424,277,0,277,701
11/04/2003,SDL,AZ,AWP,WE,Towers with Display (VFR),0,27,91,0,118,0,0,348,0,348,0,27,439,0,466,215,0,215,681
11/05/2003,SDL,AZ,AWP,WE,Towers with Display (VFR),0,34,107,0,141,0,13,307,0,320,0,47,414,0,461,247,0,247,708
11/06/2003,SDL,AZ,AWP,WE,Towers with Display (VFR),0,36,110,0,146,0,2,353,0,355,0,38,463,0,501,338,0,338,839
11/07/2003,SDL,AZ,AWP,WE,Towers with Display (VFR),0,27,86,0,113,0,0,342,1,343,0,27,428,1,456,337,0,337,793
11/08/2003,SDL,AZ,AWP,WE,Towers with Display (VFR),0,21,63,0,84,0,0,229,0,229,0,21,292,0,313,198,0,198,511
11/09/2003,SDL,AZ,AWP,WE,Towers with Display (VFR),0,28,91,1,120,0,6,189,0,195,0,34,280,1,315,265,0,265,580
11/10/2003,SDL,AZ,AWP,WE,Towers with Display (VFR),0,26,82,0,108,0,5,269,0,274,0,31,351,0,382,395,0,395,777
11/11/2003,SDL,AZ,AWP,WE,Towers with Display (VFR),0,21,81,0,102,0,0,282,0,282,0,21,363,0,384,284,0,284,668
11/12/2003,SDL,AZ,AWP,WE,Towers with Display (VFR),0,38,140,1,179,0,0,119,1,120,0,38,259,2,299,99,0,99,398
11/13/2003,SDL,AZ,AWP,WE,Towers with Display (VFR),0,42,142,0,184,0,0,265,0,265,0,42,407,0,449,253,0,253,702
11/14/2003,SDL,AZ,AWP,WE,Towers with Display (VFR),0,32,103,1,136,0,3,400,0,403,0,35,503,1,539,251,0,251,790
11/15/2003,SDL,AZ,AWP,WE,Towers with Display (VFR),0,18,56,0,74,0,12,256,0,268,0,30,312,0,342,286,0,286,628
11/16/2003,SDL,AZ,AWP,WE,Towers with Display (VFR),0,29,91,1,121,0,7,174,0,181,0,36,265,1,302,270,0,270,572
11/17/2003,SDL,AZ,AWP,WE,Towers with Display (VFR),0,26,85,1,112,0,1,260,1,262,0,27,345,2,374,226,0,226,600
11/18/2003,SDL,AZ,AWP,WE,Towers with Display (VFR),0,23,76,0,99,0,13,308,0,321,0,36,384,0,420,208,0,208,628
11/19/2003,SDL,AZ,AWP,WE,Towers with Display (VFR),0,29,93,0,122,0,2,318,0,320,0,31,411,0,442,250,0,250,692
11/20/2003,SDL,AZ,AWP,WE,Towers with Display (VFR),0,26,86,0,112,0,13,365,0,378,0,39,451,0,490,216,0,216,706
11/21/2003,SDL,AZ,AWP,WE,Towers with Display (VFR),0,26,86,0,112,0,9,316,0,325,0,35,402,0,437,291,0,291,728
11/22/2003,SDL,AZ,AWP,WE,Towers with Display (VFR),0,15,49,0,64,0,5,126,0,131,0,20,175,0,195,57,0,57,252
11/23/2003,SDL,AZ,AWP,WE,Towers with Display (VFR),0,25,82,0,107,0,2,207,2,211,0,27,289,2,318,167,0,167,485
11/24/2003,SDL,AZ,AWP,WE,Towers with Display (VFR),0,20,64,0,84,0,3,307,0,310,0,23,371,0,394,240,0,240,634
11/25/2003,SDL,AZ,AWP,WE,Towers with Display (VFR),0,21,67,0,88,0,4,190,0,194,0,25,257,0,282,140,0,140,422
11/26/2003,SDL,AZ,AWP,WE,Towers with Display (VFR),0,33,106,0,139,0,8,402,0,410,0,41,508,0,549,186,0,186,735
11/27/2003,SDL,AZ,AWP,WE,Towers with Display (VFR),0,11,37,0,48,0,11,92,0,103,0,22,129,0,151,22,0,22,173
11/28/2003,SDL,AZ,AWP,WE,Towers with Display (VFR),0,18,60,0,78,0,12,229,0,241,0,30,289,0,319,242,0,242,561
11/29/2003,SDL,AZ,AWP,WE,Towers with Display (VFR),0,27,86,0,113,0,9,252,0,261,0,36,338,0,374,206,0,206,580
11/30/2003,SDL,AZ,AWP,WE,Towers with Display (VFR),0,48,155,0,203,0,13,195,0,208,0,61,350,0,411,90,0,90,501
12/01/2003,SDL,AZ,AWP,WE,Towers with Display (VFR),0,27,74,0,101,0,6,256,0,262,0,33,330,0,363,210,0,210,573
12/02/2003,SDL,AZ,AWP,WE,Towers with Display (VFR),0,31,87,0,118,0,18,272,2,292,0,49,359,2,410,257,0,257,667
12/03/2003,SDL,AZ,AWP,WE,Towers with Display (VFR),0,24,70,0,94,0,9,322,0,331,0,33,392,0,425,244,0,244,669
12/04/2003,SDL,AZ,AWP,WE,Towers with Display (VFR),0,29,85,0,114,0,4,296,0,300,0,33,381,0,414,242,0,242,656
12/05/2003,SDL,AZ,AWP,WE,Towers with Display (VFR),0,22,64,0,86,0,0,341,0,341,0,22,405,0,427,268,0,268,695
12/06/2003,SDL,AZ,AWP,WE,Towers with Display (VFR),0,15,43,1,59,0,6,259,3,268,0,21,302,4,327,181,0,181,508
12/07/2003,SDL,AZ,AWP,WE,Towers with Display (VFR),0,27,79,1,107,0,13,216,1,230,0,40,295,2,337,166,0,166,503
12/08/2003,SDL,AZ,AWP,WE,Towers with Display (VFR),0,25,71,0,96,0,4,174,0,178,0,29,245,0,274,213,0,213,487
12/09/2003,SDL,AZ,AWP,WE,Towers with Display (VFR),0,21,70,0,91,0,0,299,0,299,0,21,369,0,390,272,0,272,662
12/10/2003,SDL,AZ,AWP,WE,Towers with Display (VFR),0,28,81,0,109,0,0,322,0,322,0,28,403,0,431,189,0,189,620
12/11/2003,SDL,AZ,AWP,WE,Towers with Display (VFR),0,28,79,1,108,0,10,265,0,275,0,38,344,1,383,203,0,203,586
12/12/2003,SDL,AZ,AWP,WE,Towers with Display (VFR),0,25,83,1,109,0,0,292,1,293,0,25,375,2,402,245,0,245,647
12/13/2003,SDL,AZ,AWP,WE,Towers with Display (VFR),0,15,43,1,59,0,1,196,4,201,0,16,239,5,260,214,0,214,474
12/14/2003,SDL,AZ,AWP,WE,Towers with Display (VFR),0,20,59,0,79,0,11,165,0,176,0,31,224,0,255,245,0,245,500
12/15/2003,SDL,AZ,AWP,WE,Towers with Display (VFR),0,18,52,1,71,0,22,212,8,242,0,40,264,9,313,235,0,235,548
12/16/2003,SDL,AZ,AWP,WE,Towers with Display (VFR),0,24,69,1,94,0,0,293,1,294,0,24,362,2,388,268,0,268,656
12/17/2003,SDL,AZ,AWP,WE,Towers with Display (VFR),0,16,66,1,83,0,0,328,0,328,0,16,394,1,411,332,0,332,743
12/18/2003,SDL,AZ,AWP,WE,Towers with Display (VFR),0,22,65,0,87,0,8,289,0,297,0,30,354,0,384,260,0,260,644
12/19/2003,SDL,AZ,AWP,WE,Towers with Display (VFR),0,22,65,0,87,0,5,252,0,257,0,27,317,0,344,184,0,184,528
12/20/2003,SDL,AZ,AWP,WE,Towers with Display (VFR),0,18,55,0,73,0,5,248,1,254,0,23,303,1,327,206,0,206,533
12/21/2003,SDL,AZ,AWP,WE,Towers with Display (VFR),0,22,66,0,88,0,3,164,0,167,0,25,230,0,255,203,0,203,458
12/22/2003,SDL,AZ,AWP,WE,Towers with Display (VFR),0,22,64,0,86,0,5,246,0,251,0,27,310,0,337,112,0,112,449
12/23/2003,SDL,AZ,AWP,WE,Towers with Display (VFR),0,20,60,0,80,0,0,256,0,256,0,20,316,0,336,169,0,169,505
12/24/2003,SDL,AZ,AWP,WE,Towers with Display (VFR),0,11,32,0,43,0,5,177,0,182,0,16,209,0,225,84,0,84,309
12/25/2003,SDL,AZ,AWP,WE,Towers with Display (VFR),0,11,34,0,45,0,8,37,0,45,0,19,71,0,90,29,0,29,119
12/26/2003,SDL,AZ,AWP,WE,Towers with Display (VFR),0,29,86,0,115,0,8,127,0,135,0,37,213,0,250,88,0,88,338
12/27/2003,SDL,AZ,AWP,WE,Towers with Display (VFR),0,35,103,0,138,0,1,239,0,240,0,36,342,0,378,112,0,112,490
12/28/2003,SDL,AZ,AWP,WE,Towers with Display (VFR),0,28,83,0,111,0,3,196,0,199,0,31,279,0,310,144,0,144,454
12/29/2003,SDL,AZ,AWP,WE,Towers with Display (VFR),0,20,64,0,84,0,0,186,0,186,0,20,250,0,270,245,0,245,515
12/30/2003,SDL,AZ,AWP,WE,Towers with Display (VFR),0,28,81,0,109,0,2,251,0,253,0,30,332,0,362,236,0,236,598
12/31/2003,SDL,AZ,AWP,WE,Towers with Display (VFR),0,24,70,0,94,0,10,191,0,201,0,34,261,0,295,111,0,111,406
01/01/2004,SDL,AZ,AWP,WE,Towers with Display (VFR),0,17,54,0,71,0,7,51,0,58,0,24,105,0,129,30,0,30,159
01/02/2004,SDL,AZ,AWP,WE,Towers with Display (VFR),0,34,106,0,140,0,13,263,0,276,0,47,369,0,416,188,0,188,604
01/03/2004,SDL,AZ,AWP,WE,Towers with Display (VFR),0,40,128,0,168,0,17,114,0,131,0,57,242,0,299,150,0,150,449
01/04/2004,SDL,AZ,AWP,WE,Towers with Display (VFR),0,33,117,0,150,0,0,206,0,206,0,33,323,0,356,255,0,255,611
01/05/2004,SDL,AZ,AWP,WE,Towers with Display (VFR),0,27,85,0,112,0,5,208,0,213,0,32,293,0,325,190,0,190,515
01/06/2004,SDL,AZ,AWP,WE,Towers with Display (VFR),0,31,92,0,123,0,4,287,0,291,0,35,379,0,414,280,0,280,694
01/07/2004,SDL,AZ,AWP,WE,Towers with Display (VFR),0,28,86,0,114,0,11,236,0,247,0,39,322,0,361,261,0,261,622
01/08/2004,SDL,AZ,AWP,WE,Towers with Display (VFR),0,30,95,0,125,0,0,260,0,260,0,30,355,0,385,144,0,144,529
01/09/2004,SDL,AZ,AWP,WE,Towers with Display (VFR),0,38,113,1,152,0,1,248,7,256,0,39,361,8,408,183,0,183,591
01/10/2004,SDL,AZ,AWP,WE,Towers with Display (VFR),0,26,79,1,106,0,0,272,1,273,0,26,351,2,379,146,0,146,525
01/11/2004,SDL,AZ,AWP,WE,Towers with Display (VFR),0,37,112,1,150,0,10,226,5,241,0,47,338,6,391,297,0,297,688
01/12/2004,SDL,AZ,AWP,WE,Towers with Display (VFR),0,25,76,1,102,0,6,249,0,255,0,31,325,1,357,288,0,288,645
01/13/2004,SDL,AZ,AWP,WE,Towers with Display (VFR),0,30,91,0,121,0,3,286,0,289,0,33,377,0,410,242,0,242,652
01/14/2004,SDL,AZ,AWP,WE,Towers with Display (VFR),0,30,92,0,122,0,2,283,0,285,0,32,375,0,407,323,0,323,730
01/15/2004,SDL,AZ,AWP,WE,Towers with Display (VFR),0,35,104,0,139,0,5,243,0,248,0,40,347,0,387,149,0,149,536
01/16/2004,SDL,AZ,AWP,WE,Towers with Display (VFR),0,27,102,0,129,0,0,293,0,293,0,27,395,0,422,263,0,263,685
01/17/2004,SDL,AZ,AWP,WE,Towers with Display (VFR),0,18,56,0,74,0,4,281,0,285,0,22,337,0,359,239,0,239,598
01/18/2004,SDL,AZ,AWP,WE,Towers with Display (VFR),0,33,98,1,132,0,6,185,0,191,0,39,283,1,323,214,0,214,537
01/19/2004,SDL,AZ,AWP,WE,Towers with Display (VFR),0,38,115,0,153,0,2,283,0,285,0,40,398,0,438,249,0,249,687
01/20/2004,SDL,AZ,AWP,WE,Towers with Display (VFR),0,32,101,1,134,0,0,310,0,310,0,32,411,1,444,236,0,236,680
01/21/2004,SDL,AZ,AWP,WE,Towers with Display (VFR),0,36,107,0,143,0,29,151,0,180,0,65,258,0,323,131,0,131,454
01/22/2004,SDL,AZ,AWP,WE,Towers with Display (VFR),0,50,155,2,207,0,16,260,1,277,0,66,415,3,484,115,0,115,599
01/23/2004,SDL,AZ,AWP,WE,Towers with Display (VFR),0,49,153,1,203,0,4,343,1,348,0,53,496,2,551,187,0,187,738
01/24/2004,SDL,AZ,AWP,WE,Towers with Display (VFR),0,36,111,0,147,0,0,207,1,208,0,36,318,1,355,199,0,199,554
01/25/2004,SDL,AZ,AWP,WE,Towers with Display (VFR),0,54,168,0,222,0,23,58,0,81,0,77,226,0,303,59,0,59,362
01/26/2004,SDL,AZ,AWP,WE,Towers with Display (VFR),0,36,111,0,147,0,6,276,2,284,0,42,387,2,431,164,0,164,595
01/27/2004,SDL,AZ,AWP,WE,Towers with Display (VFR),0,36,110,0,146,0,1,326,0,327,0,37,436,0,473,154,0,154,627
01/28/2004,SDL,AZ,AWP,WE,Towers with Display (VFR),0,33,118,0,151,0,0,314,0,314,0,33,432,0,465,151,0,151,616
01/29/2004,SDL,AZ,AWP,WE,Towers with Display (VFR),0,44,138,1,183,0,16,289,1,306,0,60,427,2,489,214,0,214,703
01/30/2004,SDL,AZ,AWP,WE,Towers with Display (VFR),0,23,98,0,121,0,0,330,2,332,0,23,428,2,453,180,0,180,633
01/31/2004,SDL,AZ,AWP,WE,Towers with Display (VFR),0,32,99,0,131,0,1,244,1,246,0,33,343,1,377,200,0,200,577
02/01/2004,SDL,AZ,AWP,WE,Towers with Display (VFR),0,40,129,1,170,8,47,156,13,224,8,87,285,14,394,128,0,128,522
02/02/2004,SDL,AZ,AWP,WE,Towers with Display (VFR),0,32,103,1,136,0,14,262,0,276,0,46,365,1,412,132,0,132,544
02/03/2004,SDL,AZ,AWP,WE,Towers with Display (VFR),0,31,100,0,131,0,8,161,0,169,0,39,261,0,300,137,0,137,437
02/04/2004,SDL,AZ,AWP,WE,Towers with Display (VFR),0,33,105,1,139,0,12,243,0,255,0,45,348,1,394,204,0,204,598
02/05/2004,SDL,AZ,AWP,WE,Towers with Display (VFR),0,35,111,1,147,0,13,273,0,286,0,48,384,1,433,248,0,248,681
02/06/2004,SDL,AZ,AWP,WE,Towers with Display (VFR),0,38,120,1,159,0,7,288,3,298,0,45,408,4,457,237,0,237,694
02/07/2004,SDL,AZ,AWP,WE,Towers with Display (VFR),0,16,65,1,82,0,0,282,0,282,0,16,347,1,364,263,0,263,627
02/08/2004,SDL,AZ,AWP,WE,Towers with Display (VFR),0,33,106,1,140,0,6,211,1,218,0,39,317,2,358,199,0,199,557
02/09/2004,SDL,AZ,AWP,WE,Towers with Display (VFR),0,21,67,0,88,0,5,276,0,281,0,26,343,0,369,297,0,297,666
02/10/2004,SDL,AZ,AWP,WE,Towers with Display (VFR),0,28,88,0,116,0,2,320,0,322,0,30,408,0,438,223,0,223,661
02/11/2004,SDL,AZ,AWP,WE,Towers with Display (VFR),0,32,110,0,142,0,0,339,0,339,0,32,449,0,481,197,0,197,678
02/12/2004,SDL,AZ,AWP,WE,Towers with Display (VFR),0,37,114,1,152,0,5,311,0,316,0,42,425,1,468,244,0,244,712
02/13/2004,SDL,AZ,AWP,WE,Towers with Display (VFR),0,37,116,0,153,0,9,328,0,337,0,46,444,0,490,164,0,164,654
02/14/2004,SDL,AZ,AWP,WE,Towers with Display (VFR),0,25,76,1,102,0,9,262,0,271,0,34,338,1,373,174,0,174,547
02/15/2004,SDL,AZ,AWP,WE,Towers with Display (VFR),0,34,107,1,142,0,14,207,4,225,0,48,314,5,367,139,0,139,506
02/16/2004,SDL,AZ,AWP,WE,Towers with Display (VFR),0,43,132,1,176,0,1,306,0,307,0,44,438,1,483,160,0,160,643
02/17/2004,SDL,AZ,AWP,WE,Towers with Display (VFR),0,33,103,1,137,0,1,346,0,347,0,34,449,1,484,225,0,225,709
02/18/2004,SDL,AZ,AWP,WE,Towers with Display (VFR),0,43,141,1,185,0,0,296,0,296,0,43,437,1,481,211,0,211,692
02/19/2004,SDL,AZ,AWP,WE,Towers with Display (VFR),0,40,138,1,179,0,0,295,3,298,0,40,433,4,477,216,0,216,693
02/20/2004,SDL,AZ,AWP,WE,Towers with Display (VFR),0,45,143,2,190,0,0,320,0,320,0,45,463,2,510,216,0,216,726
02/21/2004,SDL,AZ,AWP,WE,Towers with Display (VFR),0,18,63,0,81,0,0,183,0,183,0,18,246,0,264,221,0,221,485
02/22/2004,SDL,AZ,AWP,WE,Towers with Display (VFR),0,44,136,0,180,0,3,118,2,123,0,47,254,2,303,92,0,92,395
02/23/2004,SDL,AZ,AWP,WE,Towers with Display (VFR),0,34,105,0,139,0,8,64,3,75,0,42,169,3,214,105,0,105,319
02/24/2004,SDL,AZ,AWP,WE,Towers with Display (VFR),0,30,96,0,126,0,5,219,0,224,0,35,315,0,350,179,0,179,529
02/25/2004,SDL,AZ,AWP,WE,Towers with Display (VFR),0,36,112,0,148,0,2,306,2,310,0,38,418,2,458,219,0,219,677
02/26/2004,SDL,AZ,AWP,WE,Towers with Display (VFR),0,34,105,0,139,0,0,307,0,307,0,34,412,0,446,197,0,197,643
02/27/2004,SDL,AZ,AWP,WE,Towers with Display (VFR),0,32,100,0,132,0,5,198,1,204,0,37,298,1,336,139,0,139,475
02/28/2004,SDL,AZ,AWP,WE,Towers with Display (VFR),0,17,75,0,92,0,0,239,0,239,0,17,314,0,331,119,0,119,450
02/29/2004,SDL,AZ,AWP,WE,Towers with Display (VFR),0,23,102,0,125,0,0,221,0,221,0,23,323,0,346,168,0,168,514
03/01/2004,SDL,AZ,AWP,WE,Towers with Display (VFR),0,25,79,0,104,0,0,246,0,246,0,25,325,0,350,255,0,255,605
03/02/2004,SDL,AZ,AWP,WE,Towers with Display (VFR),0,29,83,0,112,0,8,142,0,150,0,37,225,0,262,108,0,108,370
03/03/2004,SDL,AZ,AWP,WE,Towers with Display (VFR),0,32,94,0,126,0,5,224,0,229,0,37,318,0,355,211,0,211,566
03/04/2004,SDL,AZ,AWP,WE,Towers with Display (VFR),0,25,94,0,119,0,0,47,0,47,0,25,141,0,166,0,0,0,166
03/05/2004,SDL,AZ,AWP,WE,Towers with Display (VFR),0,40,129,0,169,0,0,167,0,167,0,40,296,0,336,86,0,86,422
03/06/2004,SDL,AZ,AWP,WE,Towers with Display (VFR),0,26,78,1,105,0,11,275,1,287,0,37,353,2,392,189,28,217,609
03/07/2004,SDL,AZ,AWP,WE,Towers with Display (VFR),0,34,112,1,147,0,0,270,1,271,0,34,382,2,418,110,0,110,528
03/08/2004,SDL,AZ,AWP,WE,Towers with Display (VFR),0,29,88,1,118,0,1,297,1,299,0,30,385,2,417,157,0,157,574
03/09/2004,SDL,AZ,AWP,WE,Towers with Display (VFR),0,25,73,1,99,0,2,293,1,296,0,27,366,2,395,109,0,109,504
03/10/2004,SDL,AZ,AWP,WE,Towers with Display (VFR),0,26,98,0,124,0,0,310,0,310,0,26,408,0,434,208,0,208,642
03/11/2004,SDL,AZ,AWP,WE,Towers with Display (VFR),0,32,102,0,134,0,0,278,0,278,0,32,380,0,412,208,0,208,620
03/12/2004,SDL,AZ,AWP,WE,Towers with Display (VFR),0,33,123,1,157,0,0,304,1,305,0,33,427,2,462,143,0,143,605
03/13/2004,SDL,AZ,AWP,WE,Towers with Display (VFR),0,31,93,0,124,0,13,213,0,226,0,44,306,0,350,248,0,248,598
03/14/2004,SDL,AZ,AWP,WE,Towers with Display (VFR),0,45,134,1,180,0,3,243,0,246,0,48,377,1,426,76,0,76,502
03/15/2004,SDL,AZ,AWP,WE,Towers with Display (VFR),0,31,92,1,124,0,10,212,26,248,0,41,304,27,372,167,0,167,539
03/16/2004,SDL,AZ,AWP,WE,Towers with Display (VFR),0,30,89,0,119,0,1,281,0,282,0,31,370,0,401,188,0,188,589
03/17/2004,SDL,AZ,AWP,WE,Towers with Display (VFR),0,40,127,0,167,0,0,292,1,293,0,40,419,1,460,150,0,150,610
03/18/2004,SDL,AZ,AWP,WE,Towers with Display (VFR),0,36,110,0,146,0,8,296,1,305,0,44,406,1,451,204,0,204,655
03/19/2004,SDL,AZ,AWP,WE,Towers with Display (VFR),0,39,117,0,156,0,12,236,0,248,0,51,353,0,404,137,0,137,541
03/20/2004,SDL,AZ,AWP,WE,Towers with Display (VFR),0,35,104,0,139,0,9,330,0,339,0,44,434,0,478,238,0,238,716
03/21/2004,SDL,AZ,AWP,WE,Towers with Display (VFR),0,52,155,0,207,0,15,173,4,192,0,67,328,4,399,158,0,158,557
03/22/2004,SDL,AZ,AWP,WE,Towers with Display (VFR),0,26,79,0,105,0,15,218,1,234,0,41,297,1,339,199,0,199,538
03/23/2004,SDL,AZ,AWP,WE,Towers with Display (VFR),0,30,89,0,119,0,3,268,8,279,0,33,357,8,398,172,0,172,570
03/24/2004,SDL,AZ,AWP,WE,Towers with Display (VFR),0,43,129,0,172,0,16,239,4,259,0,59,368,4,431,148,0,148,579
03/25/2004,SDL,AZ,AWP,WE,Towers with Display (VFR),0,33,128,0,161,0,0,330,1,331,0,33,458,1,492,232,0,232,724
03/26/2004,SDL,AZ,AWP,WE,Towers with Display (VFR),0,42,142,0,184,0,0,240,1,241,0,42,382,1,425,130,0,130,555
03/27/2004,SDL,AZ,AWP,WE,Towers with Display (VFR),0,30,90,0,120,0,14,240,0,254,0,44,330,0,374,239,0,239,613
03/28/2004,SDL,AZ,AWP,WE,Towers with Display (VFR),0,46,139,0,185,0,4,227,0,231,0,50,366,0,416,124,0,124,540
03/29/2004,SDL,AZ,AWP,WE,Towers with Display (VFR),0,34,103,0,137,0,10,244,0,254,0,44,347,0,391,260,0,260,651
03/30/2004,SDL,AZ,AWP,WE,Towers with Display (VFR),0,28,83,0,111,0,8,211,2,221,0,36,294,2,332,270,0,270,602
03/31/2004,SDL,AZ,AWP,WE,Towers with Display (VFR),0,35,107,0,142,0,1,271,0,272,0,36,378,0,414,175,0,175,589
04/01/2004,SDL,AZ,AWP,WE,Towers with Display (VFR),0,45,136,0,181,0,6,273,0,279,0,51,409,0,460,155,0,155,615
04/02/2004,SDL,AZ,AWP,WE,Towers with Display (VFR),0,35,109,1,145,0,15,46,0,61,0,50,155,1,206,10,0,10,216
04/03/2004,SDL,AZ,AWP,WE,Towers with Display (VFR),0,30,92,0,122,0,7,142,0,149,0,37,234,0,271,214,0,214,485
04/04/2004,SDL,AZ,AWP,WE,Towers with Display (VFR),0,46,142,1,189,0,6,129,1,136,0,52,271,2,325,150,0,150,475
04/05/2004,SDL,AZ,AWP,WE,Towers with Display (VFR),0,28,84,0,112,0,5,237,0,242,0,33,321,0,354,191,0,191,545
04/06/2004,SDL,AZ,AWP,WE,Towers with Display (VFR),0,30,90,1,121,0,11,268,5,284,0,41,358,6,405,238,0,238,643
04/07/2004,SDL,AZ,AWP,WE,Towers with Display (VFR),0,27,82,1,110,0,12,286,0,298,0,39,368,1,408,165,0,165,573
04/08/2004,SDL,AZ,AWP,WE,Towers with Display (VFR),0,40,124,0,164,0,12,265,0,277,0,52,389,0,441,178,0,178,619
04/09/2004,SDL,AZ,AWP,WE,Towers with Display (VFR),0,36,111,1,148,0,2,325,0,327,0,38,436,1,475,280,0,280,755
04/10/2004,SDL,AZ,AWP,WE,Towers with Display (VFR),0,19,60,0,79,0,2,226,0,228,0,21,286,0,307,132,0,132,439
04/11/2004,SDL,AZ,AWP,WE,Towers with Display (VFR),0,33,102,1,136,0,24,89,0,113,0,57,191,1,249,56,0,56,305
04/12/2004,SDL,AZ,AWP,WE,Towers with Display (VFR),0,36,112,1,149,0,8,278,0,286,0,44,390,1,435,201,0,201,636
04/13/2004,SDL,AZ,AWP,WE,Towers with Display (VFR),0,30,93,1,124,0,1,267,7,275,0,31,360,8,399,197,0,197,596
04/14/2004,SDL,AZ,AWP,WE,Towers with Display (VFR),0,39,120,0,159,0,7,283,0,290,0,46,403,0,449,198,0,198,647
04/15/2004,SDL,AZ,AWP,WE,Towers with Display (VFR),0,31,106,1,138,0,0,298,1,299,0,31,404,2,437,223,0,223,660
04/16/2004,SDL,AZ,AWP,WE,Towers with Display (VFR),0,36,112,1,149,0,14,264,1,279,0,50,376,2,428,148,0,148,576
04/17/2004,SDL,AZ,AWP,WE,Towers with Display (VFR),0,22,66,1,89,0,9,141,1,151,0,31,207,2,240,62,0,62,302
04/18/2004,SDL,AZ,AWP,WE,Towers with Display (VFR),0,38,118,0,156,0,2,225,0,227,0,40,343,0,383,115,0,115,498
04/19/2004,SDL,AZ,AWP,WE,Towers with Display (VFR),0,27,84,0,111,0,9,242,2,253,0,36,326,2,364,247,0,247,611
04/20/2004,SDL,AZ,AWP,WE,Towers with Display (VFR),0,24,75,0,99,0,2,273,0,275,0,26,348,0,374,255,0,255,629
04/21/2004,SDL,AZ,AWP,WE,Towers with Display (VFR),0,26,104,0,130,0,0,326,0,326,0,26,430,0,456,212,3,215,671
04/22/2004,SDL,AZ,AWP,WE,Towers with Display (VFR),0,30,92,0,122,0,8,206,0,214,0,38,298,0,336,154,0,154,490
04/23/2004,SDL,AZ,AWP,WE,Towers with Display (VFR),0,28,87,0,115,0,6,269,0,275,0,34,356,0,390,199,0,199,589
04/24/2004,SDL,AZ,AWP,WE,Towers with Display (VFR),0,24,73,0,97,0,7,256,0,263,0,31,329,0,360,204,0,204,564
04/25/2004,SDL,AZ,AWP,WE,Towers with Display (VFR),0,36,111,0,147,0,0,169,2,171,0,36,280,2,318,88,0,88,406
04/26/2004,SDL,AZ,AWP,WE,Towers with Display (VFR),0,25,76,0,101,0,8,229,6,243,0,33,305,6,344,234,0,234,578
04/27/2004,SDL,AZ,AWP,WE,Towers with Display (VFR),0,24,80,0,104,0,0,321,0,321,0,24,401,0,425,189,0,189,614
04/28/2004,SDL,AZ,AWP,WE,Towers with Display (VFR),0,31,108,0,139,0,0,279,0,279,0,31,387,0,418,239,0,239,657
04/29/2004,SDL,AZ,AWP,WE,Towers with Display (VFR),0,28,87,0,115,0,1,137,0,138,0,29,224,0,253,98,0,98,351
04/30/2004,SDL,AZ,AWP,WE,Towers with Display (VFR),0,39,125,0,164,0,0,303,5,308,0,39,428,5,472,219,0,219,691
05/01/2004,SDL,AZ,AWP,WE,Towers with Display (VFR),0,21,62,0,83,0,12,242,1,255,0,33,304,1,338,156,0,156,494
05/02/2004,SDL,AZ,AWP,WE,Towers with Display (VFR),0,27,81,0,108,0,7,183,4,194,0,34,264,4,302,106,0,106,408
05/03/2004,SDL,AZ,AWP,WE,Towers with Display (VFR),0,27,81,0,108,0,1,235,0,236,0,28,316,0,344,195,0,195,539
05/04/2004,SDL,AZ,AWP,WE,Towers with Display (VFR),0,27,85,0,112,0,0,239,0,239,0,27,324,0,351,279,0,279,630
05/05/2004,SDL,AZ,AWP,WE,Towers with Display (VFR),0,35,107,0,142,0,9,256,0,265,0,44,363,0,407,255,0,255,662
05/06/2004,SDL,AZ,AWP,WE,Towers with Display (VFR),0,32,97,0,129,0,6,298,0,304,0,38,395,0,433,257,0,257,690
05/07/2004,SDL,AZ,AWP,WE,Towers with Display (VFR),0,28,85,0,113,0,4,301,7,312,0,32,386,7,425,279,0,279,704
05/08/2004,SDL,AZ,AWP,WE,Towers with Display (VFR),0,23,72,1,96,0,9,184,5,198,0,32,256,6,294,130,0,130,424
05/09/2004,SDL,AZ,AWP,WE,Towers with Display (VFR),0,23,72,1,96,0,13,143,2,158,0,36,215,3,254,72,0,72,326
05/10/2004,SDL,AZ,AWP,WE,Towers with Display (VFR),0,18,58,1,77,0,10,249,0,259,0,28,307,1,336,281,0,281,617
05/11/2004,SDL,AZ,AWP,WE,Towers with Display (VFR),0,17,74,0,91,0,0,268,0,268,0,17,342,0,359,277,0,277,636
05/12/2004,SDL,AZ,AWP,WE,Towers with Display (VFR),0,26,81,0,107,0,0,247,0,247,0,26,328,0,354,230,0,230,584
05/13/2004,SDL,AZ,AWP,WE,Towers with Display (VFR),0,28,91,1,120,0,0,304,1,305,0,28,395,2,425,305,0,305,730
05/14/2004,SDL,AZ,AWP,WE,Towers with Display (VFR),0,29,90,0,119,0,3,297,0,300,0,32,387,0,419,260,0,260,679
05/15/2004,SDL,AZ,AWP,WE,Towers with Display (VFR),0,20,62,1,83,0,7,196,1,204,0,27,258,2,287,124,0,124,411
05/16/2004,SDL,AZ,AWP,WE,Towers with Display (VFR),0,29,90,1,120,0,7,175,0,182,0,36,265,1,302,119,0,119,421
05/17/2004,SDL,AZ,AWP,WE,Towers with Display (VFR),0,17,52,1,70,0,4,248,0,252,0,21,300,1,322,161,0,161,483
05/18/2004,SDL,AZ,AWP,WE,Towers with Display (VFR),0,23,74,0,97,0,12,251,0,263,0,35,325,0,360,193,0,193,553
05/19/2004,SDL,AZ,AWP,WE,Towers with Display (VFR),0,29,93,0,122,0,6,279,0,285,0,35,372,0,407,128,0,128,535
05/20/2004,SDL,AZ,AWP,WE,Towers with Display (VFR),0,24,77,0,101,0,8,296,0,304,0,32,373,0,405,221,0,221,626
05/21/2004,SDL,AZ,AWP,WE,Towers with Display (VFR),0,26,84,0,110,0,0,259,0,259,0,26,343,0,369,212,0,212,581
05/22/2004,SDL,AZ,AWP,WE,Towers with Display (VFR),0,13,44,0,57,0,14,219,12,245,0,27,263,12,302,147,0,147,449
05/23/2004,SDL,AZ,AWP,WE,Towers with Display (VFR),0,25,81,0,106,0,10,144,1,155,0,35,225,1,261,126,0,126,387
05/24/2004,SDL,AZ,AWP,WE,Towers with Display (VFR),0,23,72,0,95,0,2,297,0,299,0,25,369,0,394,232,0,232,626
05/25/2004,SDL,AZ,AWP,WE,Towers with Display (VFR),0,22,71,0,93,0,0,295,0,295,0,22,366,0,388,261,0,261,649
05/26/2004,SDL,AZ,AWP,WE,Towers with Display (VFR),0,27,85,0,112,0,7,310,0,317,0,34,395,0,429,240,0,240,669
05/27/2004,SDL,AZ,AWP,WE,Towers with Display (VFR),0,29,93,0,122,0,4,292,0,296,0,33,385,0,418,284,0,284,702
05/28/2004,SDL,AZ,AWP,WE,Towers with Display (VFR),0,29,93,0,122,0,4,272,4,280,0,33,365,4,402,265,0,265,667
05/29/2004,SDL,AZ,AWP,WE,Towers with Display (VFR),0,12,38,0,50,0,9,159,0,168,0,21,197,0,218,121,0,121,339
05/30/2004,SDL,AZ,AWP,WE,Towers with Display (VFR),0,12,40,0,52,0,10,147,0,157,0,22,187,0,209,110,0,110,319
05/31/2004,SDL,AZ,AWP,WE,Towers with Display (VFR),0,27,84,0,111,0,4,179,0,183,0,31,263,0,294,55,0,55,349
06/01/2004,SDL,AZ,AWP,WE,Towers with Display (VFR),0,25,83,0,108,0,9,233,0,242,0,34,316,0,350,269,0,269,619
06/02/2004,SDL,AZ,AWP,WE,Towers with Display (VFR),0,25,84,0,109,0,6,274,2,282,0,31,358,2,391,276,0,276,667
06/03/2004,SDL,AZ,AWP,WE,Towers with Display (VFR),0,22,75,0,97,0,4,265,0,269,0,26,340,0,366,332,0,332,698
06/04/2004,SDL,AZ,AWP,WE,Towers with Display (VFR),0,18,59,0,77,0,0,219,0,219,0,18,278,0,296,354,0,354,650
06/05/2004,SDL,AZ,AWP,WE,Towers with Display (VFR),0,12,40,0,52,0,5,180,0,185,0,17,220,0,237,161,0,161,398
06/06/2004,SDL,AZ,AWP,WE,Towers with Display (VFR),0,17,56,0,73,0,2,144,0,146,0,19,200,0,219,127,0,127,346
06/07/2004,SDL,AZ,AWP,WE,Towers with Display (VFR),0,15,47,0,62,0,10,203,0,213,0,25,250,0,275,296,0,296,571
06/08/2004,SDL,AZ,AWP,WE,Towers with Display (VFR),0,13,48,1,62,0,0,226,2,228,0,13,274,3,290,233,0,233,523
06/09/2004,SDL,AZ,AWP,WE,Towers with Display (VFR),0,22,75,0,97,0,2,256,0,258,0,24,331,0,355,247,0,247,602
06/10/2004,SDL,AZ,AWP,WE,Towers with Display (VFR),0,18,62,0,80,0,4,267,0,271,0,22,329,0,351,225,0,225,576
06/11/2004,SDL,AZ,AWP,WE,Towers with Display (VFR),0,22,77,0,99,0,1,274,0,275,0,23,351,0,374,232,0,232,606
06/12/2004,SDL,AZ,AWP,WE,Towers with Display (VFR),0,11,37,0,48,0,14,214,0,228,0,25,251,0,276,138,0,138,414
06/13/2004,SDL,AZ,AWP,WE,Towers with Display (VFR),0,17,61,1,79,0,7,145,3,155,0,24,206,4,234,62,0,62,296
06/14/2004,SDL,AZ,AWP,WE,Towers with Display (VFR),0,18,64,0,82,0,1,294,0,295,0,19,358,0,377,195,0,195,572
06/15/2004,SDL,AZ,AWP,WE,Towers with Display (VFR),0,12,57,0,69,0,0,301,0,301,0,12,358,0,370,302,0,302,672
06/16/2004,SDL,AZ,AWP,WE,Towers with Display (VFR),0,16,58,0,74,0,2,327,2,331,0,18,385,2,405,195,0,195,600
06/17/2004,SDL,AZ,AWP,WE,Towers with Display (VFR),0,21,72,0,93,0,5,270,0,275,0,26,342,0,368,257,0,257,625
06/18/2004,SDL,AZ,AWP,WE,Towers with Display (VFR),0,21,73,0,94,0,1,284,0,285,0,22,357,0,379,257,0,257,636
06/19/2004,SDL,AZ,AWP,WE,Towers with Display (VFR),0,13,47,0,60,0,10,200,0,210,0,23,247,0,270,180,0,180,450
06/20/2004,SDL,AZ,AWP,WE,Towers with Display (VFR),0,17,60,0,77,0,5,152,0,157,0,22,212,0,234,146,0,146,380
06/21/2004,SDL,AZ,AWP,WE,Towers with Display (VFR),0,18,64,0,82,0,1,243,0,244,0,19,307,0,326,169,0,169,495
06/22/2004,SDL,AZ,AWP,WE,Towers with Display (VFR),0,17,60,0,77,0,10,239,0,249,0,27,299,0,326,258,0,258,584
06/23/2004,SDL,AZ,AWP,WE,Towers with Display (VFR),0,17,60,0,77,0,10,283,0,293,0,27,343,0,370,250,0,250,620
06/24/2004,SDL,AZ,AWP,WE,Towers with Display (VFR),0,18,64,0,82,0,7,318,2,327,0,25,382,2,409,215,0,215,624
06/25/2004,SDL,AZ,AWP,WE,Towers with Display (VFR),0,19,69,0,88,0,6,297,0,303,0,25,366,0,391,225,0,225,616
06/26/2004,SDL,AZ,AWP,WE,Towers with Display (VFR),0,9,34,0,43,0,8,199,0,207,0,17,233,0,250,191,0,191,441
06/27/2004,SDL,AZ,AWP,WE,Towers with Display (VFR),0,18,64,0,82,0,6,171,0,177,0,24,235,0,259,122,0,122,381
06/28/2004,SDL,AZ,AWP,WE,Towers with Display (VFR),0,13,46,0,59,0,1,257,6,264,0,14,303,6,323,194,0,194,517
06/29/2004,SDL,AZ,AWP,WE,Towers with Display (VFR),0,19,65,0,84,0,4,259,0,263,0,23,324,0,347,187,0,187,534
06/30/2004,SDL,AZ,AWP,WE,Towers with Display (VFR),0,21,72,0,93,0,0,268,3,271,0,21,340,3,364,276,0,276,640
07/01/2004,SDL,AZ,AWP,WE,Towers with Display (VFR),0,16,56,0,72,0,8,273,0,281,0,24,329,0,353,283,0,283,636
07/02/2004,SDL,AZ,AWP,WE,Towers with Display (VFR),0,18,62,0,80,0,4,269,0,273,0,22,331,0,353,215,0,215,568
07/03/2004,SDL,AZ,AWP,WE,Towers with Display (VFR),0,10,31,0,41,0,5,159,1,165,0,15,190,1,206,207,0,207,413
07/04/2004,SDL,AZ,AWP,WE,Towers with Display (VFR),0,8,28,0,36,0,5,103,0,108,0,13,131,0,144,57,0,57,201
07/05/2004,SDL,AZ,AWP,WE,Towers with Display (VFR),0,18,59,0,77,0,6,131,3,140,0,24,190,3,217,138,0,138,355
07/06/2004,SDL,AZ,AWP,WE,Towers with Display (VFR),0,14,46,0,60,0,0,236,0,236,0,14,282,0,296,255,0,255,551
07/07/2004,SDL,AZ,AWP,WE,Towers with Display (VFR),0,16,53,0,69,0,5,249,0,254,0,21,302,0,323,225,0,225,548
07/08/2004,SDL,AZ,AWP,WE,Towers with Display (VFR),0,16,52,0,68,0,6,258,0,264,0,22,310,0,332,201,0,201,533
07/09/2004,SDL,AZ,AWP,WE,Towers with Display (VFR),0,16,54,0,70,0,7,293,8,308,0,23,347,8,378,216,0,216,594
07/10/2004,SDL,AZ,AWP,WE,Towers with Display (VFR),0,11,38,0,49,0,4,194,1,199,0,15,232,1,248,104,0,104,352
07/11/2004,SDL,AZ,AWP,WE,Towers with Display (VFR),0,17,60,1,78,0,1,154,1,156,0,18,214,2,234,99,0,99,333
07/12/2004,SDL,AZ,AWP,WE,Towers with Display (VFR),0,12,45,0,57,0,4,246,0,250,0,16,291,0,307,215,0,215,522
07/13/2004,SDL,AZ,AWP,WE,Towers with Display (VFR),0,17,63,0,80,0,3,269,0,272,0,20,332,0,352,321,0,321,673
07/14/2004,SDL,AZ,AWP,WE,Towers with Display (VFR),0,21,76,0,97,0,1,266,0,267,0,22,342,0,364,379,0,379,743
07/15/2004,SDL,AZ,AWP,WE,Towers with Display (VFR),0,19,68,1,88,0,0,281,0,281,0,19,349,1,369,320,0,320,689
07/16/2004,SDL,AZ,AWP,WE,Towers with Display (VFR),0,17,62,0,79,0,9,251,0,260,0,26,313,0,339,134,0,134,473
07/17/2004,SDL,AZ,AWP,WE,Towers with Display (VFR),0,9,35,0,44,0,7,176,0,183,0,16,211,0,227,213,0,213,440
07/18/2004,SDL,AZ,AWP,WE,Towers with Display (VFR),0,16,59,0,75,0,9,133,0,142,0,25,192,0,217,88,0,88,305
07/19/2004,SDL,AZ,AWP,WE,Towers with Display (VFR),0,19,70,0,89,0,3,213,0,216,0,22,283,0,305,249,0,249,554
07/20/2004,SDL,AZ,AWP,WE,Towers with Display (VFR),0,15,54,0,69,0,3,312,0,315,0,18,366,0,384,225,0,225,609
07/21/2004,SDL,AZ,AWP,WE,Towers with Display (VFR),0,17,64,0,81,0,9,281,0,290,0,26,345,0,371,318,0,318,689
07/22/2004,SDL,AZ,AWP,WE,Towers with Display (VFR),0,19,74,0,93,0,0,276,0,276,0,19,350,0,369,276,0,276,645
07/23/2004,SDL,AZ,AWP,WE,Towers with Display (VFR),0,19,70,0,89,0,8,227,0,235,0,27,297,0,324,212,0,212,536
07/24/2004,SDL,AZ,AWP,WE,Towers with Display (VFR),0,14,53,0,67,0,14,222,0,236,0,28,275,0,303,216,0,216,519
07/25/2004,SDL,AZ,AWP,WE,Towers with Display (VFR),0,14,53,0,67,0,7,93,0,100,0,21,146,0,167,93,0,93,260
07/26/2004,SDL,AZ,AWP,WE,Towers with Display (VFR),0,10,59,0,69,0,0,272,2,274,0,10,331,2,343,260,0,260,603
07/27/2004,SDL,AZ,AWP,WE,Towers with Display (VFR),0,16,60,0,76,0,9,234,0,243,0,25,294,0,319,248,0,248,567
07/28/2004,SDL,AZ,AWP,WE,Towers with Display (VFR),0,20,71,0,91,0,4,266,0,270,0,24,337,0,361,212,0,212,573
07/29/2004,SDL,AZ,AWP,WE,Towers with Display (VFR),0,13,46,0,59,0,3,282,0,285,0,16,328,0,344,210,0,210,554
07/30/2004,SDL,AZ,AWP,WE,Towers with Display (VFR),0,16,59,0,75,0,0,249,1,250,0,16,308,1,325,176,0,176,501
07/31/2004,SDL,AZ,AWP,WE,Towers with Display (VFR),0,9,35,0,44,0,9,161,0,170,0,18,196,0,214,143,0,143,357
08/01/2004,SDL,AZ,AWP,WE,Towers with Display (VFR),0,17,63,1,81,0,4,159,0,163,0,21,222,1,244,105,0,105,349
08/02/2004,SDL,AZ,AWP,WE,Towers with Display (VFR),0,19,71,1,91,0,2,240,1,243,0,21,311,2,334,195,0,195,529
08/03/2004,SDL,AZ,AWP,WE,Towers with Display (VFR),0,13,56,0,69,0,0,230,0,230,0,13,286,0,299,276,0,276,575
08/04/2004,SDL,AZ,AWP,WE,Towers with Display (VFR),0,15,55,1,71,0,8,232,0,240,0,23,287,1,311,255,0,255,566
08/05/2004,SDL,AZ,AWP,WE,Towers with Display (VFR),0,19,69,0,88,0,0,249,0,249,0,19,318,0,337,195,0,195,532
08/06/2004,SDL,AZ,AWP,WE,Towers with Display (VFR),0,16,55,1,72,0,6,289,1,296,0,22,344,2,368,273,0,273,641
08/07/2004,SDL,AZ,AWP,WE,Towers with Display (VFR),0,10,37,0,47,0,7,160,0,167,0,17,197,0,214,105,0,105,319
08/08/2004,SDL,AZ,AWP,WE,Towers with Display (VFR),0,20,73,1,94,0,0,167,0,167,0,20,240,1,261,31,0,31,292
08/09/2004,SDL,AZ,AWP,WE,Towers with Display (VFR),0,15,52,1,68,0,4,249,1,254,0,19,301,2,322,189,0,189,511
08/10/2004,SDL,AZ,AWP,WE,Towers with Display (VFR),0,15,55,0,70,0,8,233,0,241,0,23,288,0,311,231,0,231,542
08/11/2004,SDL,AZ,AWP,WE,Towers with Display (VFR),0,15,54,0,69,0,1,199,0,200,0,16,253,0,269,193,0,193,462
08/12/2004,SDL,AZ,AWP,WE,Towers with Display (VFR),0,14,51,1,66,0,12,189,5,206,0,26,240,6,272,164,0,164,436
08/13/2004,SDL,AZ,AWP,WE,Towers with Display (VFR),0,14,50,0,64,0,5,213,0,218,0,19,263,0,282,188,0,188,470
08/14/2004,SDL,AZ,AWP,WE,Towers with Display (VFR),0,9,32,0,41,0,3,180,0,183,0,12,212,0,224,271,0,271,495
08/15/2004,SDL,AZ,AWP,WE,Towers with Display (VFR),0,18,63,0,81,0,2,105,0,107,0,20,168,0,188,124,0,124,312
08/16/2004,SDL,AZ,AWP,WE,Towers with Display (VFR),0,20,69,0,89,0,13,227,0,240,0,33,296,0,329,179,0,179,508
08/17/2004,SDL,AZ,AWP,WE,Towers with Display (VFR),0,16,55,1,72,0,5,208,2,215,0,21,263,3,287,244,0,244,531
08/18/2004,SDL,AZ,AWP,WE,Towers with Display (VFR),0,18,63,0,81,0,3,261,0,264,0,21,324,0,345,214,0,214,559
08/19/2004,SDL,AZ,AWP,WE,Towers with Display (VFR),0,17,71,0,88,0,0,256,1,257,0,17,327,1,345,299,0,299,644
08/20/2004,SDL,AZ,AWP,WE,Towers with Display (VFR),0,21,74,0,95,0,0,304,3,307,0,21,378,3,402,214,0,214,616
08/21/2004,SDL,AZ,AWP,WE,Towers with Display (VFR),0,11,41,0,52,0,0,189,0,189,0,11,230,0,241,173,0,173,414
08/22/2004,SDL,AZ,AWP,WE,Towers with Display (VFR),0,20,70,0,90,0,4,141,1,146,0,24,211,1,236,130,0,130,366
08/23/2004,SDL,AZ,AWP,WE,Towers with Display (VFR),0,17,59,0,76,0,5,225,1,231,0,22,284,1,307,154,0,154,461
08/24/2004,SDL,AZ,AWP,WE,Towers with Display (VFR),0,12,56,0,68,0,0,244,4,248,0,12,300,4,316,176,0,176,492
08/25/2004,SDL,AZ,AWP,WE,Towers with Display (VFR),0,14,65,0,79,0,0,249,0,249,0,14,314,0,328,237,0,237,565
08/26/2004,SDL,AZ,AWP,WE,Towers with Display (VFR),0,13,66,0,79,0,0,326,0,326,0,13,392,0,405,241,0,241,646
08/27/2004,SDL,AZ,AWP,WE,Towers with Display (VFR),0,18,64,0,82,0,1,317,0,318,0,19,381,0,400,174,0,174,574
08/28/2004,SDL,AZ,AWP,WE,Towers with Display (VFR),0,13,47,0,60,0,5,196,0,201,0,18,243,0,261,195,0,195,456
08/29/2004,SDL,AZ,AWP,WE,Towers with Display (VFR),0,18,66,0,84,0,0,126,2,128,0,18,192,2,212,75,0,75,287
08/30/2004,SDL,AZ,AWP,WE,Towers with Display (VFR),0,15,52,0,67,0,12,209,0,221,0,27,261,0,288,278,0,278,566
08/31/2004,SDL,AZ,AWP,WE,Towers with Display (VFR),0,19,67,0,86,0,5,224,2,231,0,24,291,2,317,403,0,403,720
09/01/2004,SDL,AZ,AWP,WE,Towers with Display (VFR),0,17,56,0,73,0,1,237,3,241,0,18,293,3,314,337,0,337,651
09/02/2004,SDL,AZ,AWP,WE,Towers with Display (VFR),0,16,59,0,75,0,4,266,0,270,0,20,325,0,345,297,0,297,642
09/03/2004,SDL,AZ,AWP,WE,Towers with Display (VFR),0,29,103,0,132,0,5,214,0,219,0,34,317,0,351,315,0,315,666
09/04/2004,SDL,AZ,AWP,WE,Towers with Display (VFR),0,12,45,0,57,0,3,115,0,118,0,15,160,0,175,136,0,136,311
09/05/2004,SDL,AZ,AWP,WE,Towers with Display (VFR),0,10,39,0,49,0,6,115,0,121,0,16,154,0,170,102,0,102,272
09/06/2004,SDL,AZ,AWP,WE,Towers with Display (VFR),0,23,82,1,106,0,2,171,1,174,0,25,253,2,280,124,0,124,404
09/07/2004,SDL,AZ,AWP,WE,Towers with Display (VFR),0,16,56,1,73,0,3,179,5,187,0,19,235,6,260,199,0,199,459
09/08/2004,SDL,AZ,AWP,WE,Towers with Display (VFR),0,18,64,0,82,0,14,212,0,226,0,32,276,0,308,352,0,352,660
09/09/2004,SDL,AZ,AWP,WE,Towers with Display (VFR),0,17,61,1,79,0,4,266,1,271,0,21,327,2,350,293,0,293,643
09/10/2004,SDL,AZ,AWP,WE,Towers with Display (VFR),0,17,63,1,81,0,4,295,4,303,0,21,358,5,384,273,0,273,657
09/11/2004,SDL,AZ,AWP,WE,Towers with Display (VFR),0,12,45,1,58,0,13,205,1,219,0,25,250,2,277,308,0,308,585
09/12/2004,SDL,AZ,AWP,WE,Towers with Display (VFR),0,19,70,1,90,0,4,155,2,161,0,23,225,3,251,69,0,69,320
09/13/2004,SDL,AZ,AWP,WE,Towers with Display (VFR),0,14,51,0,65,0,5,230,0,235,0,19,281,0,300,89,0,89,389
09/14/2004,SDL,AZ,AWP,WE,Towers with Display (VFR),0,10,69,1,80,0,0,276,7,283,0,10,345,8,363,256,0,256,619
09/15/2004,SDL,AZ,AWP,WE,Towers with Display (VFR),0,18,66,0,84,0,6,244,0,250,0,24,310,0,334,234,0,234,568
09/16/2004,SDL,AZ,AWP,WE,Towers with Display (VFR),0,18,79,0,97,0,0,302,0,302,0,18,381,0,399,182,0,182,581
09/17/2004,SDL,AZ,AWP,WE,Towers with Display (VFR),0,21,77,1,99,0,4,285,1,290,0,25,362,2,389,340,0,340,729
09/18/2004,SDL,AZ,AWP,WE,Towers with Display (VFR),0,14,50,0,64,0,12,134,2,148,0,26,184,2,212,181,0,181,393
09/19/2004,SDL,AZ,AWP,WE,Towers with Display (VFR),0,25,92,0,117,0,1,35,3,39,0,26,127,3,156,27,0,27,183
09/20/2004,SDL,AZ,AWP,WE,Towers with Display (VFR),0,19,72,0,91,0,4,219,1,224,0,23,291,1,315,212,0,212,527
09/21/2004,SDL,AZ,AWP,WE,Towers with Display (VFR),0,19,72,0,91,0,0,283,1,284,0,19,355,1,375,280,0,280,655
09/22/2004,SDL,AZ,AWP,WE,Towers with Display (VFR),0,19,72,0,91,0,1,315,1,317,0,20,387,1,408,363,0,363,771
09/23/2004,SDL,AZ,AWP,WE,Towers with Display (VFR),0,21,75,0,96,0,4,287,0,291,0,25,362,0,387,265,0,265,652
09/24/2004,SDL,AZ,AWP,WE,Towers with Display (VFR),0,20,74,0,94,0,8,279,0,287,0,28,353,0,381,294,0,294,675
09/25/2004,SDL,AZ,AWP,WE,Towers with Display (VFR),0,7,29,0,36,0,5,222,0,227,0,12,251,0,263,284,0,284,547
09/26/2004,SDL,AZ,AWP,WE,Towers with Display (VFR),0,16,60,0,76,0,4,180,2,186,0,20,240,2,262,136,0,136,398
09/27/2004,SDL,AZ,AWP,WE,Towers with Display (VFR),0,18,67,0,85,0,4,240,0,244,0,22,307,0,329,269,0,269,598
09/28/2004,SDL,AZ,AWP,WE,Towers with Display (VFR),0,20,72,0,92,0,1,264,0,265,0,21,336,0,357,224,0,224,581
09/29/2004,SDL,AZ,AWP,WE,Towers with Display (VFR),0,25,91,0,116,0,10,285,0,295,0,35,376,0,411,354,0,354,765
09/30/2004,SDL,AZ,AWP,WE,Towers with Display (VFR),0,16,61,0,77,0,5,317,4,326,0,21,378,4,403,423,0,423,826
10/01/2004,SDL,AZ,AWP,WE,Towers with Display (VFR),0,22,100,0,122,0,4,341,1,346,0,26,441,1,468,299,0,299,767
10/02/2004,SDL,AZ,AWP,WE,Towers with Display (VFR),0,18,41,0,59,0,4,204,8,216,0,22,245,8,275,379,0,379,654
10/03/2004,SDL,AZ,AWP,WE,Towers with Display (VFR),0,37,78,0,115,0,4,208,0,212,0,41,286,0,327,101,0,101,428
10/04/2004,SDL,AZ,AWP,WE,Towers with Display (VFR),0,20,66,1,87,0,5,258,0,263,0,25,324,1,350,383,0,383,733
10/05/2004,SDL,AZ,AWP,WE,Towers with Display (VFR),0,18,86,2,106,0,4,230,2,236,0,22,316,4,342,313,0,313,655
10/06/2004,SDL,AZ,AWP,WE,Towers with Display (VFR),0,25,74,0,99,0,1,265,0,266,0,26,339,0,365,376,0,376,741
10/07/2004,SDL,AZ,AWP,WE,Towers with Display (VFR),0,30,83,0,113,0,0,293,0,293,0,30,376,0,406,332,0,332,738
10/08/2004,SDL,AZ,AWP,WE,Towers with Display (VFR),0,18,107,0,125,0,5,319,0,324,0,23,426,0,449,300,0,300,749
10/09/2004,SDL,AZ,AWP,WE,Towers with Display (VFR),0,18,50,1,69,0,7,200,1,208,0,25,250,2,277,244,0,244,521
10/10/2004,SDL,AZ,AWP,WE,Towers with Display (VFR),0,11,74,0,85,0,8,163,0,171,0,19,237,0,256,159,0,159,415
10/11/2004,SDL,AZ,AWP,WE,Towers with Display (VFR),0,26,77,1,104,0,5,278,0,283,0,31,355,1,387,235,0,235,622
10/12/2004,SDL,AZ,AWP,WE,Towers with Display (VFR),0,21,23,0,44,0,3,116,0,119,0,24,139,0,163,65,0,65,228
10/13/2004,SDL,AZ,AWP,WE,Towers with Display (VFR),0,2,2,0,4,0,2,1,0,3,0,4,3,0,7,0,0,0,7
10/14/2004,SDL,AZ,AWP,WE,Towers with Display (VFR),0,33,59,0,92,0,3,227,0,230,0,36,286,0,322,242,0,242,564
10/15/2004,SDL,AZ,AWP,WE,Towers with Display (VFR),0,18,71,0,89,0,5,299,0,304,0,23,370,0,393,249,0,249,642
10/16/2004,SDL,AZ,AWP,WE,Towers with Display (VFR),0,11,48,0,59,0,11,254,0,265,0,22,302,0,324,316,0,316,640
10/17/2004,SDL,AZ,AWP,WE,Towers with Display (VFR),0,28,98,0,126,0,5,161,0,166,0,33,259,0,292,275,0,275,567
10/18/2004,SDL,AZ,AWP,WE,Towers with Display (VFR),0,29,78,0,107,0,4,221,0,225,0,33,299,0,332,310,0,310,642
10/19/2004,SDL,AZ,AWP,WE,Towers with Display (VFR),0,16,90,1,107,0,4,267,1,272,0,20,357,2,379,325,0,325,704
10/20/2004,SDL,AZ,AWP,WE,Towers with Display (VFR),0,20,84,0,104,0,1,236,0,237,0,21,320,0,341,238,0,238,579
10/21/2004,SDL,AZ,AWP,WE,Towers with Display (VFR),0,21,101,0,122,0,1,130,0,131,0,22,231,0,253,134,0,134,387
10/22/2004,SDL,AZ,AWP,WE,Towers with Display (VFR),0,30,91,0,121,0,1,313,2,316,0,31,404,2,437,356,0,356,793
10/23/2004,SDL,AZ,AWP,WE,Towers with Display (VFR),0,20,54,1,75,0,4,275,0,279,0,24,329,1,354,347,0,347,701
10/24/2004,SDL,AZ,AWP,WE,Towers with Display (VFR),0,41,93,0,134,0,2,165,0,167,0,43,258,0,301,105,0,105,406
10/25/2004,SDL,AZ,AWP,WE,Towers with Display (VFR),0,26,72,0,98,0,11,249,4,264,0,37,321,4,362,214,0,214,576
10/26/2004,SDL,AZ,AWP,WE,Towers with Display (VFR),0,26,97,0,123,0,5,271,0,276,0,31,368,0,399,280,0,280,679
10/27/2004,SDL,AZ,AWP,WE,Towers with Display (VFR),0,27,98,0,125,0,4,195,0,199,0,31,293,0,324,219,0,219,543
10/28/2004,SDL,AZ,AWP,WE,Towers with Display (VFR),0,17,109,0,126,0,0,71,0,71,0,17,180,0,197,16,0,16,213
10/29/2004,SDL,AZ,AWP,WE,Towers with Display (VFR),0,24,102,0,126,0,3,292,0,295,0,27,394,0,421,268,0,268,689
10/30/2004,SDL,AZ,AWP,WE,Towers with Display (VFR),0,12,56,0,68,0,5,264,0,269,0,17,320,0,337,319,0,319,656
10/31/2004,SDL,AZ,AWP,WE,Towers with Display (VFR),0,26,76,0,102,0,0,160,0,160,0,26,236,0,262,231,0,231,493
11/01/2004,SDL,AZ,AWP,WE,Towers with Radar,0,30,95,0,125,0,6,222,0,228,0,36,317,0,353,195,0,195,548
11/02/2004,SDL,AZ,AWP,WE,Towers with Radar,0,38,97,0,135,0,9,292,0,301,0,47,389,0,436,285,0,285,721
11/03/2004,SDL,AZ,AWP,WE,Towers with Radar,0,54,111,2,167,0,3,325,0,328,0,57,436,2,495,265,0,265,760
11/04/2004,SDL,AZ,AWP,WE,Towers with Radar,0,26,100,0,126,0,5,310,0,315,0,31,410,0,441,338,0,338,779
11/05/2004,SDL,AZ,AWP,WE,Towers with Radar,0,43,123,2,168,0,7,377,2,386,0,50,500,4,554,217,0,217,771
11/06/2004,SDL,AZ,AWP,WE,Towers with Radar,0,24,57,0,81,0,7,242,6,255,0,31,299,6,336,179,0,179,515
11/07/2004,SDL,AZ,AWP,WE,Towers with Radar,0,49,110,0,159,0,9,125,0,134,0,58,235,0,293,142,0,142,435
11/08/2004,SDL,AZ,AWP,WE,Towers with Radar,0,25,84,0,109,0,5,194,0,199,0,30,278,0,308,355,0,355,663
11/09/2004,SDL,AZ,AWP,WE,Towers with Radar,0,18,81,0,99,0,3,299,0,302,0,21,380,0,401,282,0,282,683
11/10/2004,SDL,AZ,AWP,WE,Towers with Radar,0,34,87,0,121,0,10,353,0,363,0,44,440,0,484,287,0,287,771
11/11/2004,SDL,AZ,AWP,WE,Towers with Radar,0,30,88,0,118,0,28,336,0,364,0,58,424,0,482,289,0,289,771
11/12/2004,SDL,AZ,AWP,WE,Towers with Radar,0,23,85,0,108,0,10,260,0,270,0,33,345,0,378,225,0,225,603
11/13/2004,SDL,AZ,AWP,WE,Towers with Radar,0,18,63,0,81,0,3,228,0,231,0,21,291,0,312,278,0,278,590
11/14/2004,SDL,AZ,AWP,WE,Towers with Radar,0,33,110,0,143,0,5,165,1,171,0,38,275,1,314,130,0,130,444
11/15/2004,SDL,AZ,AWP,WE,Towers with Radar,0,16,88,0,104,0,6,266,2,274,0,22,354,2,378,233,0,233,611
11/16/2004,SDL,AZ,AWP,WE,Towers with Radar,0,31,77,2,110,0,2,279,1,282,0,33,356,3,392,359,0,359,751
11/17/2004,SDL,AZ,AWP,WE,Towers with Radar,0,33,119,2,154,0,5,308,9,322,0,38,427,11,476,248,0,248,724
11/18/2004,SDL,AZ,AWP,WE,Towers with Radar,0,37,117,0,154,0,8,313,0,321,0,45,430,0,475,221,0,221,696
11/19/2004,SDL,AZ,AWP,WE,Towers with Radar,0,54,97,0,151,0,9,301,2,312,0,63,398,2,463,206,0,206,669
11/20/2004,SDL,AZ,AWP,WE,Towers with Radar,0,28,74,0,102,0,5,261,0,266,0,33,335,0,368,213,0,213,581
11/21/2004,SDL,AZ,AWP,WE,Towers with Radar,0,35,83,0,118,0,2,40,0,42,0,37,123,0,160,127,0,127,287
11/22/2004,SDL,AZ,AWP,WE,Towers with Radar,0,28,83,0,111,0,4,104,0,108,0,32,187,0,219,86,0,86,305
11/23/2004,SDL,AZ,AWP,WE,Towers with Radar,0,26,107,0,133,0,8,248,0,256,0,34,355,0,389,257,0,257,646
11/24/2004,SDL,AZ,AWP,WE,Towers with Radar,0,31,154,0,185,0,8,296,0,304,0,39,450,0,489,282,0,282,771
11/25/2004,SDL,AZ,AWP,WE,Towers with Radar,0,10,21,0,31,0,2,86,0,88,0,12,107,0,119,107,0,107,226
11/26/2004,SDL,AZ,AWP,WE,Towers with Radar,0,19,44,0,63,0,3,299,0,302,0,22,343,0,365,302,0,302,667
11/27/2004,SDL,AZ,AWP,WE,Towers with Radar,0,47,68,0,115,0,1,211,0,212,0,48,279,0,327,236,0,236,563
11/28/2004,SDL,AZ,AWP,WE,Towers with Radar,0,67,184,0,251,0,3,106,0,109,0,70,290,0,360,28,0,28,388
11/29/2004,SDL,AZ,AWP,WE,Towers with Radar,0,30,83,0,113,0,5,234,0,239,0,35,317,0,352,295,0,295,647
11/30/2004,SDL,AZ,AWP,WE,Towers with Radar,0,30,81,0,111,0,3,343,0,346,0,33,424,0,457,241,0,241,698
12/01/2004,SDL,AZ,AWP,WE,Towers with Radar,0,37,110,0,147,0,3,339,0,342,0,40,449,0,489,229,0,229,718
12/02/2004,SDL,AZ,AWP,WE,Towers with Radar,0,28,98,0,126,0,8,294,0,302,0,36,392,0,428,326,0,326,754
12/03/2004,SDL,AZ,AWP,WE,Towers with Radar,0,29,83,0,112,0,8,340,0,348,0,37,423,0,460,242,0,242,702
12/04/2004,SDL,AZ,AWP,WE,Towers with Radar,0,16,64,0,80,0,6,179,0,185,0,22,243,0,265,188,0,188,453
12/05/2004,SDL,AZ,AWP,WE,Towers with Radar,0,23,82,0,105,0,3,67,0,70,0,26,149,0,175,179,0,179,354
12/06/2004,SDL,AZ,AWP,WE,Towers with Radar,0,26,91,0,117,0,2,89,0,91,0,28,180,0,208,260,0,260,468
12/07/2004,SDL,AZ,AWP,WE,Towers with Radar,0,10,81,0,91,0,3,246,0,249,0,13,327,0,340,330,0,330,670
12/08/2004,SDL,AZ,AWP,WE,Towers with Radar,0,28,94,0,122,0,1,278,0,279,0,29,372,0,401,272,0,272,673
12/09/2004,SDL,AZ,AWP,WE,Towers with Radar,0,26,99,0,125,0,4,337,0,341,0,30,436,0,466,216,0,216,682
12/10/2004,SDL,AZ,AWP,WE,Towers with Radar,0,18,104,0,122,0,10,356,0,366,0,28,460,0,488,293,0,293,781
12/11/2004,SDL,AZ,AWP,WE,Towers with Radar,0,20,52,2,74,0,3,319,2,324,0,23,371,4,398,261,0,261,659
12/12/2004,SDL,AZ,AWP,WE,Towers with Radar,0,23,77,0,100,0,6,180,0,186,0,29,257,0,286,179,0,179,465
12/13/2004,SDL,AZ,AWP,WE,Towers with Radar,0,18,74,0,92,0,3,263,0,266,0,21,337,0,358,279,0,279,637
12/14/2004,SDL,AZ,AWP,WE,Towers with Radar,0,32,80,0,112,0,4,300,0,304,0,36,380,0,416,232,0,232,648
12/15/2004,SDL,AZ,AWP,WE,Towers with Radar,0,26,70,4,100,0,0,317,0,317,0,26,387,4,417,304,0,304,721
12/16/2004,SDL,AZ,AWP,WE,Towers with Radar,0,19,76,0,95,0,3,252,0,255,0,22,328,0,350,178,0,178,528
12/17/2004,SDL,AZ,AWP,WE,Towers with Radar,0,25,67,0,92,0,11,254,6,271,0,36,321,6,363,231,0,231,594
12/18/2004,SDL,AZ,AWP,WE,Towers with Radar,0,14,57,0,71,0,9,296,0,305,0,23,353,0,376,209,0,209,585
12/19/2004,SDL,AZ,AWP,WE,Towers with Radar,0,26,50,2,78,0,8,164,0,172,0,34,214,2,250,84,0,84,334
12/20/2004,SDL,AZ,AWP,WE,Towers with Radar,0,35,59,0,94,0,3,266,0,269,0,38,325,0,363,316,0,316,679
12/21/2004,SDL,AZ,AWP,WE,Towers with Radar,0,22,58,0,80,0,13,256,0,269,0,35,314,0,349,225,0,225,574
12/22/2004,SDL,AZ,AWP,WE,Towers with Radar,0,33,52,0,85,0,6,207,0,213,0,39,259,0,298,187,0,187,485
12/23/2004,SDL,AZ,AWP,WE,Towers with Radar,0,22,83,0,105,0,6,190,0,196,0,28,273,0,301,120,0,120,421
12/24/2004,SDL,AZ,AWP,WE,Towers with Radar,0,11,31,0,42,0,3,102,0,105,0,14,133,0,147,64,0,64,211
12/25/2004,SDL,AZ,AWP,WE,Towers with Radar,0,6,20,0,26,0,3,49,0,52,0,9,69,0,78,17,0,17,95
12/26/2004,SDL,AZ,AWP,WE,Towers with Radar,0,22,116,0,138,0,4,107,0,111,0,26,223,0,249,48,0,48,297
12/27/2004,SDL,AZ,AWP,WE,Towers with Radar,0,39,96,0,135,0,7,223,0,230,0,46,319,0,365,150,0,150,515
12/28/2004,SDL,AZ,AWP,WE,Towers with Radar,0,29,72,0,101,0,5,190,0,195,0,34,262,0,296,190,0,190,486
12/29/2004,SDL,AZ,AWP,WE,Towers with Radar,0,31,69,1,101,0,0,53,1,54,0,31,122,2,155,47,0,47,202
12/30/2004,SDL,AZ,AWP,WE,Towers with Radar,0,35,121,0,156,0,8,173,0,181,0,43,294,0,337,109,0,109,446
12/31/2004,SDL,AZ,AWP,WE,Towers with Radar,0,30,64,0,94,0,3,168,0,171,0,33,232,0,265,118,0,118,383
01/01/2005,SDL,AZ,AWP,WE,Towers with Radar,0,28,56,0,84,0,6,104,0,110,0,34,160,0,194,35,0,35,229
01/02/2005,SDL,AZ,AWP,WE,Towers with Radar,0,47,158,0,205,0,2,118,0,120,0,49,276,0,325,97,0,97,422
01/03/2005,SDL,AZ,AWP,WE,Towers with Radar,0,38,107,0,145,0,4,70,0,74,0,42,177,0,219,147,0,147,366
01/04/2005,SDL,AZ,AWP,WE,Towers with Radar,0,28,90,0,118,0,0,54,0,54,0,28,144,0,172,28,0,28,200
01/05/2005,SDL,AZ,AWP,WE,Towers with Radar,0,37,86,0,123,0,5,263,0,268,0,42,349,0,391,193,0,193,584
01/06/2005,SDL,AZ,AWP,WE,Towers with Radar,0,45,107,2,154,0,7,286,1,294,0,52,393,3,448,224,0,224,672
01/07/2005,SDL,AZ,AWP,WE,Towers with Radar,0,29,101,5,135,0,10,229,8,247,0,39,330,13,382,144,0,144,526
01/08/2005,SDL,AZ,AWP,WE,Towers with Radar,0,27,49,0,76,0,4,178,0,182,0,31,227,0,258,267,0,267,525
01/09/2005,SDL,AZ,AWP,WE,Towers with Radar,0,35,87,5,127,0,4,130,3,137,0,39,217,8,264,190,0,190,454
01/10/2005,SDL,AZ,AWP,WE,Towers with Radar,0,16,80,0,96,0,2,186,0,188,0,18,266,0,284,217,0,217,501
01/11/2005,SDL,AZ,AWP,WE,Towers with Radar,0,36,65,0,101,0,4,157,0,161,0,40,222,0,262,150,0,150,412
01/12/2005,SDL,AZ,AWP,WE,Towers with Radar,0,37,92,0,129,0,6,269,0,275,0,43,361,0,404,219,0,219,623
01/13/2005,SDL,AZ,AWP,WE,Towers with Radar,0,33,115,0,148,0,2,314,0,316,0,35,429,0,464,165,0,165,629
01/14/2005,SDL,AZ,AWP,WE,Towers with Radar,0,40,105,0,145,0,4,304,0,308,0,44,409,0,453,117,0,117,570
01/15/2005,SDL,AZ,AWP,WE,Towers with Radar,0,27,46,0,73,0,0,283,1,284,0,27,329,1,357,241,0,241,598
01/16/2005,SDL,AZ,AWP,WE,Towers with Radar,0,34,90,1,125,0,4,146,0,150,0,38,236,1,275,130,0,130,405
01/17/2005,SDL,AZ,AWP,WE,Towers with Radar,0,40,104,0,144,0,3,273,0,276,0,43,377,0,420,238,0,238,658
01/18/2005,SDL,AZ,AWP,WE,Towers with Radar,0,28,96,0,124,0,2,285,0,287,0,30,381,0,411,211,0,211,622
01/19/2005,SDL,AZ,AWP,WE,Towers with Radar,0,25,89,0,114,0,5,307,0,312,0,30,396,0,426,214,0,214,640
01/20/2005,SDL,AZ,AWP,WE,Towers with Radar,0,33,99,0,132,0,5,314,0,319,0,38,413,0,451,280,0,280,731
01/21/2005,SDL,AZ,AWP,WE,Towers with Radar,0,42,128,0,170,0,3,249,0,252,0,45,377,0,422,264,0,264,686
01/22/2005,SDL,AZ,AWP,WE,Towers with Radar,0,15,48,0,63,0,5,275,0,280,0,20,323,0,343,213,0,213,556
01/23/2005,SDL,AZ,AWP,WE,Towers with Radar,0,39,111,0,150,0,7,152,0,159,0,46,263,0,309,49,0,49,358
01/24/2005,SDL,AZ,AWP,WE,Towers with Radar,0,20,88,0,108,0,1,244,0,245,0,21,332,0,353,210,0,210,563
01/25/2005,SDL,AZ,AWP,WE,Towers with Radar,0,40,105,0,145,0,7,257,0,264,0,47,362,0,409,234,0,234,643
01/26/2005,SDL,AZ,AWP,WE,Towers with Radar,0,47,121,0,168,0,6,91,0,97,0,53,212,0,265,71,0,71,336
01/27/2005,SDL,AZ,AWP,WE,Towers with Radar,0,47,176,0,223,0,5,165,0,170,0,52,341,0,393,100,0,100,493
01/28/2005,SDL,AZ,AWP,WE,Towers with Radar,0,63,136,0,199,0,8,342,0,350,0,71,478,0,549,149,0,149,698
01/29/2005,SDL,AZ,AWP,WE,Towers with Radar,0,36,105,0,141,0,7,118,0,125,0,43,223,0,266,172,0,172,438
01/30/2005,SDL,AZ,AWP,WE,Towers with Radar,0,89,145,0,234,0,4,175,0,179,0,93,320,0,413,65,0,65,478
01/31/2005,SDL,AZ,AWP,WE,Towers with Radar,0,46,107,0,153,0,4,287,0,291,0,50,394,0,444,248,0,248,692
02/01/2005,SDL,AZ,AWP,WE,Towers with Radar,0,53,82,1,136,0,7,277,0,284,0,60,359,1,420,332,0,332,752
02/02/2005,SDL,AZ,AWP,WE,Towers with Radar,0,60,144,0,204,0,2,271,0,273,0,62,415,0,477,191,0,191,668
02/03/2005,SDL,AZ,AWP,WE,Towers with Radar,0,48,152,0,200,0,0,214,0,214,0,48,366,0,414,114,0,114,528
02/04/2005,SDL,AZ,AWP,WE,Towers with Radar,0,40,137,4,181,0,4,297,0,301,0,44,434,4,482,148,0,148,630
02/05/2005,SDL,AZ,AWP,WE,Towers with Radar,0,50,70,2,122,0,3,280,2,285,0,53,350,4,407,128,0,128,535
02/06/2005,SDL,AZ,AWP,WE,Towers with Radar,0,75,123,0,198,0,0,146,0,146,0,75,269,0,344,89,0,89,433
02/07/2005,SDL,AZ,AWP,WE,Towers with Radar,0,38,161,0,199,0,2,233,1,236,0,40,394,1,435,165,0,165,600
02/08/2005,SDL,AZ,AWP,WE,Towers with Radar,0,25,135,0,160,0,8,304,0,312,0,33,439,0,472,178,0,178,650
02/09/2005,SDL,AZ,AWP,WE,Towers with Radar,0,43,114,0,157,0,4,325,0,329,0,47,439,0,486,227,0,227,713
02/10/2005,SDL,AZ,AWP,WE,Towers with Radar,0,48,116,0,164,0,3,256,0,259,0,51,372,0,423,116,0,116,539
02/11/2005,SDL,AZ,AWP,WE,Towers with Radar,0,37,105,2,144,0,0,86,2,88,0,37,191,4,232,26,0,26,258
02/12/2005,SDL,AZ,AWP,WE,Towers with Radar,0,32,68,0,100,0,3,26,0,29,0,35,94,0,129,4,0,4,133
02/13/2005,SDL,AZ,AWP,WE,Towers with Radar,0,49,82,0,131,0,2,152,0,154,0,51,234,0,285,216,0,216,501
02/14/2005,SDL,AZ,AWP,WE,Towers with Radar,0,23,79,0,102,0,6,271,0,277,0,29,350,0,379,233,0,233,612
02/15/2005,SDL,AZ,AWP,WE,Towers with Radar,0,48,92,0,140,0,2,257,0,259,0,50,349,0,399,203,0,203,602
02/16/2005,SDL,AZ,AWP,WE,Towers with Radar,0,64,124,0,188,0,9,294,0,303,0,73,418,0,491,180,0,180,671
02/17/2005,SDL,AZ,AWP,WE,Towers with Radar,0,39,133,2,174,0,0,256,0,256,0,39,389,2,430,217,0,217,647
02/18/2005,SDL,AZ,AWP,WE,Towers with Radar,0,43,139,2,184,0,0,220,0,220,0,43,359,2,404,204,0,204,608
02/19/2005,SDL,AZ,AWP,WE,Towers with Radar,0,30,54,0,84,0,2,42,0,44,0,32,96,0,128,162,0,162,290
02/20/2005,SDL,AZ,AWP,WE,Towers with Radar,0,39,101,0,140,0,5,90,0,95,0,44,191,0,235,96,0,96,331
02/21/2005,SDL,AZ,AWP,WE,Towers with Radar,0,53,146,1,200,0,0,229,0,229,0,53,375,1,429,151,0,151,580
02/22/2005,SDL,AZ,AWP,WE,Towers with Radar,0,47,116,0,163,0,10,220,0,230,0,57,336,0,393,248,0,248,641
02/23/2005,SDL,AZ,AWP,WE,Towers with Radar,0,41,138,0,179,0,4,277,0,281,0,45,415,0,460,262,0,262,722
02/24/2005,SDL,AZ,AWP,WE,Towers with Radar,0,37,149,0,186,0,14,283,0,297,0,51,432,0,483,252,0,252,735
02/25/2005,SDL,AZ,AWP,WE,Towers with Radar,0,33,140,0,173,0,9,321,4,334,0,42,461,4,507,190,0,190,697
02/26/2005,SDL,AZ,AWP,WE,Towers with Radar,0,39,104,0,143,0,5,221,4,230,0,44,325,4,373,185,0,185,558
02/27/2005,SDL,AZ,AWP,WE,Towers with Radar,0,45,141,2,188,0,7,230,2,239,0,52,371,4,427,165,0,165,592
02/28/2005,SDL,AZ,AWP,WE,Towers with Radar,0,34,98,0,132,0,8,280,8,296,0,42,378,8,428,216,0,216,644
03/01/2005,SDL,AZ,AWP,WE,Towers with Radar,0,27,117,1,145,0,4,282,2,288,0,31,399,3,433,298,0,298,731
03/02/2005,SDL,AZ,AWP,WE,Towers with Radar,0,28,111,1,140,0,4,343,0,347,0,32,454,1,487,115,0,115,602
03/03/2005,SDL,AZ,AWP,WE,Towers with Radar,0,38,123,0,161,0,3,297,0,300,0,41,420,0,461,158,0,158,619
03/04/2005,SDL,AZ,AWP,WE,Towers with Radar,0,48,118,0,166,0,0,318,5,323,0,48,436,5,489,181,0,181,670
03/05/2005,SDL,AZ,AWP,WE,Towers with Radar,0,27,81,0,108,0,2,196,0,198,0,29,277,0,306,142,0,142,448
03/06/2005,SDL,AZ,AWP,WE,Towers with Radar,0,45,157,1,203,0,8,123,3,134,0,53,280,4,337,42,0,42,379
03/07/2005,SDL,AZ,AWP,WE,Towers with Radar,0,29,97,0,126,0,15,317,2,334,0,44,414,2,460,183,0,183,643
03/08/2005,SDL,AZ,AWP,WE,Towers with Radar,0,25,104,2,131,0,1,308,2,311,0,26,412,4,442,250,0,250,692
03/09/2005,SDL,AZ,AWP,WE,Towers with Radar,0,29,125,0,154,0,2,320,0,322,0,31,445,0,476,187,0,187,663
03/10/2005,SDL,AZ,AWP,WE,Towers with Radar,0,33,120,0,153,0,6,304,0,310,0,39,424,0,463,211,0,211,674
03/11/2005,SDL,AZ,AWP,WE,Towers with Radar,0,39,130,0,169,0,9,328,0,337,0,48,458,0,506,150,0,150,656
03/12/2005,SDL,AZ,AWP,WE,Towers with Radar,0,31,102,0,133,0,8,246,0,254,0,39,348,0,387,166,0,166,553
03/13/2005,SDL,AZ,AWP,WE,Towers with Radar,0,55,150,0,205,0,4,226,0,230,0,59,376,0,435,85,0,85,520
03/14/2005,SDL,AZ,AWP,WE,Towers with Radar,0,36,78,0,114,0,4,211,0,215,0,40,289,0,329,180,0,180,509
03/15/2005,SDL,AZ,AWP,WE,Towers with Radar,0,37,103,1,141,0,3,244,0,247,0,40,347,1,388,204,0,204,592
03/16/2005,SDL,AZ,AWP,WE,Towers with Radar,0,33,118,2,153,0,11,320,0,331,0,44,438,2,484,188,0,188,672
03/17/2005,SDL,AZ,AWP,WE,Towers with Radar,0,33,116,0,149,0,0,296,0,296,0,33,412,0,445,181,0,181,626
03/18/2005,SDL,AZ,AWP,WE,Towers with Radar,0,48,123,0,171,0,2,285,1,288,0,50,408,1,459,130,0,130,589
03/19/2005,SDL,AZ,AWP,WE,Towers with Radar,0,46,122,0,168,0,4,162,0,166,0,50,284,0,334,80,0,80,414
03/20/2005,SDL,AZ,AWP,WE,Towers with Radar,0,70,174,0,244,0,7,151,0,158,0,77,325,0,402,32,0,32,434
03/21/2005,SDL,AZ,AWP,WE,Towers with Radar,0,54,95,0,149,0,3,324,0,327,0,57,419,0,476,145,0,145,621
03/22/2005,SDL,AZ,AWP,WE,Towers with Radar,0,59,96,0,155,0,4,326,0,330,0,63,422,0,485,217,0,217,702
03/23/2005,SDL,AZ,AWP,WE,Towers with Radar,0,43,136,0,179,0,0,222,0,222,0,43,358,0,401,242,0,242,643
03/24/2005,SDL,AZ,AWP,WE,Towers with Radar,0,58,154,1,213,0,7,313,0,320,0,65,467,1,533,179,0,179,712
03/25/2005,SDL,AZ,AWP,WE,Towers with Radar,0,32,127,2,161,0,11,257,1,269,0,43,384,3,430,269,0,269,699
03/26/2005,SDL,AZ,AWP,WE,Towers with Radar,0,48,99,0,147,0,7,264,0,271,0,55,363,0,418,178,0,178,596
03/27/2005,SDL,AZ,AWP,WE,Towers with Radar,0,38,79,1,118,0,4,167,1,172,0,42,246,2,290,72,0,72,362
03/28/2005,SDL,AZ,AWP,WE,Towers with Radar,0,38,110,0,148,0,0,315,0,315,0,38,425,0,463,162,0,162,625
03/29/2005,SDL,AZ,AWP,WE,Towers with Radar,0,39,84,0,123,0,7,275,0,282,0,46,359,0,405,167,0,167,572
03/30/2005,SDL,AZ,AWP,WE,Towers with Radar,0,37,104,1,142,0,8,273,2,283,0,45,377,3,425,179,0,179,604
03/31/2005,SDL,AZ,AWP,WE,Towers with Radar,0,46,105,0,151,0,0,243,0,243,0,46,348,0,394,226,0,226,620
04/01/2005,SDL,AZ,AWP,WE,Towers with Radar,0,43,126,2,171,0,8,193,0,201,0,51,319,2,372,168,0,168,540
04/02/2005,SDL,AZ,AWP,WE,Towers with Radar,0,34,103,0,137,0,5,256,0,261,0,39,359,0,398,246,0,246,644
04/03/2005,SDL,AZ,AWP,WE,Towers with Radar,0,47,174,2,223,0,7,182,2,191,0,54,356,4,414,62,0,62,476
04/04/2005,SDL,AZ,AWP,WE,Towers with Radar,0,32,92,0,124,0,4,200,0,204,0,36,292,0,328,186,0,186,514
04/05/2005,SDL,AZ,AWP,WE,Towers with Radar,0,39,97,1,137,0,4,307,0,311,0,43,404,1,448,214,0,214,662
04/06/2005,SDL,AZ,AWP,WE,Towers with Radar,0,40,125,0,165,0,11,273,0,284,0,51,398,0,449,252,0,252,701
04/07/2005,SDL,AZ,AWP,WE,Towers with Radar,0,26,114,2,142,0,1,264,0,265,0,27,378,2,407,227,0,227,634
04/08/2005,SDL,AZ,AWP,WE,Towers with Radar,0,24,93,0,117,0,0,278,0,278,0,24,371,0,395,286,0,286,681
04/09/2005,SDL,AZ,AWP,WE,Towers with Radar,0,27,79,0,106,0,1,232,0,233,0,28,311,0,339,261,0,261,600
04/10/2005,SDL,AZ,AWP,WE,Towers with Radar,0,53,129,1,183,0,9,197,0,206,0,62,326,1,389,134,0,134,523
04/11/2005,SDL,AZ,AWP,WE,Towers with Radar,0,24,88,0,112,0,7,256,0,263,0,31,344,0,375,299,0,299,674
04/12/2005,SDL,AZ,AWP,WE,Towers with Radar,0,36,95,0,131,0,0,259,0,259,0,36,354,0,390,277,0,277,667
04/13/2005,SDL,AZ,AWP,WE,Towers with Radar,0,33,119,0,152,0,4,314,0,318,0,37,433,0,470,230,0,230,700
04/14/2005,SDL,AZ,AWP,WE,Towers with Radar,0,37,120,1,158,0,7,273,0,280,0,44,393,1,438,323,0,323,761
04/15/2005,SDL,AZ,AWP,WE,Towers with Radar,0,49,97,0,146,0,6,317,0,323,0,55,414,0,469,186,0,186,655
04/16/2005,SDL,AZ,AWP,WE,Towers with Radar,0,26,56,0,82,0,0,253,0,253,0,26,309,0,335,295,0,295,630
04/17/2005,SDL,AZ,AWP,WE,Towers with Radar,0,45,149,0,194,0,0,162,0,162,0,45,311,0,356,73,0,73,429
04/18/2005,SDL,AZ,AWP,WE,Towers with Radar,0,31,88,0,119,0,6,253,0,259,0,37,341,0,378,170,0,170,548
04/19/2005,SDL,AZ,AWP,WE,Towers with Radar,0,24,97,0,121,0,3,262,0,265,0,27,359,0,386,220,0,220,606
04/20/2005,SDL,AZ,AWP,WE,Towers with Radar,0,26,127,0,153,0,13,329,2,344,0,39,456,2,497,246,0,246,743
04/21/2005,SDL,AZ,AWP,WE,Towers with Radar,0,41,109,0,150,0,0,340,1,341,0,41,449,1,491,244,0,244,735
04/22/2005,SDL,AZ,AWP,WE,Towers with Radar,0,37,128,1,166,0,4,326,0,330,0,41,454,1,496,151,0,151,647
04/23/2005,SDL,AZ,AWP,WE,Towers with Radar,0,26,67,0,93,0,1,217,0,218,0,27,284,0,311,208,0,208,519
04/24/2005,SDL,AZ,AWP,WE,Towers with Radar,0,38,123,0,161,0,10,154,0,164,0,48,277,0,325,113,0,113,438
04/25/2005,SDL,AZ,AWP,WE,Towers with Radar,0,38,101,0,139,0,8,319,0,327,0,46,420,0,466,236,0,236,702
04/26/2005,SDL,AZ,AWP,WE,Towers with Radar,0,18,87,0,105,0,11,282,0,293,0,29,369,0,398,278,0,278,676
04/27/2005,SDL,AZ,AWP,WE,Towers with Radar,0,30,113,4,147,0,8,281,0,289,0,38,394,4,436,186,0,186,622
04/28/2005,SDL,AZ,AWP,WE,Towers with Radar,0,46,139,0,185,0,0,260,0,260,0,46,399,0,445,202,0,202,647
04/29/2005,SDL,AZ,AWP,WE,Towers with Radar,0,43,112,0,155,0,6,331,0,337,0,49,443,0,492,137,0,137,629
04/30/2005,SDL,AZ,AWP,WE,Towers with Radar,0,33,65,0,98,0,4,256,0,260,0,37,321,0,358,134,0,134,492
05/01/2005,SDL,AZ,AWP,WE,Towers with Radar,0,47,106,0,153,0,6,219,0,225,0,53,325,0,378,151,0,151,529
05/02/2005,SDL,AZ,AWP,WE,Towers with Radar,0,34,88,0,122,0,10,328,0,338,0,44,416,0,460,253,0,253,713
05/03/2005,SDL,AZ,AWP,WE,Towers with Radar,0,29,88,0,117,0,2,307,0,309,0,31,395,0,426,239,0,239,665
05/04/2005,SDL,AZ,AWP,WE,Towers with Radar,0,55,98,0,153,0,2,310,0,312,0,57,408,0,465,192,0,192,657
05/05/2005,SDL,AZ,AWP,WE,Towers with Radar,0,21,134,0,155,0,11,265,0,276,0,32,399,0,431,97,0,97,528
05/06/2005,SDL,AZ,AWP,WE,Towers with Radar,0,34,98,2,134,0,1,237,1,239,0,35,335,3,373,175,0,175,548
05/07/2005,SDL,AZ,AWP,WE,Towers with Radar,0,26,38,0,64,0,0,223,0,223,0,26,261,0,287,247,0,247,534
05/08/2005,SDL,AZ,AWP,WE,Towers with Radar,0,42,94,1,137,0,9,150,0,159,0,51,244,1,296,99,0,99,395
05/09/2005,SDL,AZ,AWP,WE,Towers with Radar,0,21,70,0,91,0,4,323,0,327,0,25,393,0,418,201,0,201,619
05/10/2005,SDL,AZ,AWP,WE,Towers with Radar,0,32,29,0,61,0,0,323,0,323,0,32,352,0,384,202,0,202,586
05/11/2005,SDL,AZ,AWP,WE,Towers with Radar,0,18,97,0,115,0,4,317,0,321,0,22,414,0,436,342,0,342,778
05/12/2005,SDL,AZ,AWP,WE,Towers with Radar,0,31,90,0,121,0,1,385,0,386,0,32,475,0,507,232,0,232,739
05/13/2005,SDL,AZ,AWP,WE,Towers with Radar,0,25,103,0,128,0,7,322,0,329,0,32,425,0,457,258,0,258,715
05/14/2005,SDL,AZ,AWP,WE,Towers with Radar,0,20,58,0,78,0,15,239,0,254,0,35,297,0,332,274,0,274,606
05/15/2005,SDL,AZ,AWP,WE,Towers with Radar,0,23,91,0,114,0,1,203,2,206,0,24,294,2,320,111,0,111,431
05/16/2005,SDL,AZ,AWP,WE,Towers with Radar,0,17,73,4,94,0,3,291,2,296,0,20,364,6,390,208,0,208,598
05/17/2005,SDL,AZ,AWP,WE,Towers with Radar,0,25,66,0,91,0,2,272,0,274,0,27,338,0,365,287,0,287,652
05/18/2005,SDL,AZ,AWP,WE,Towers with Radar,0,28,97,0,125,0,8,314,0,322,0,36,411,0,447,311,0,311,758
05/19/2005,SDL,AZ,AWP,WE,Towers with Radar,0,33,113,0,146,0,1,311,0,312,0,34,424,0,458,301,0,301,759
05/20/2005,SDL,AZ,AWP,WE,Towers with Radar,0,26,71,0,97,0,2,375,0,377,0,28,446,0,474,236,0,236,710
05/21/2005,SDL,AZ,AWP,WE,Towers with Radar,0,16,56,0,72,0,5,264,0,269,0,21,320,0,341,120,0,120,461
05/22/2005,SDL,AZ,AWP,WE,Towers with Radar,0,38,105,0,143,0,9,146,0,155,0,47,251,0,298,111,0,111,409
05/23/2005,SDL,AZ,AWP,WE,Towers with Radar,0,11,64,0,75,0,13,294,0,307,0,24,358,0,382,241,0,241,623
05/24/2005,SDL,AZ,AWP,WE,Towers with Radar,0,24,80,0,104,0,4,326,0,330,0,28,406,0,434,247,0,247,681
05/25/2005,SDL,AZ,AWP,WE,Towers with Radar,0,27,92,0,119,0,0,308,0,308,0,27,400,0,427,191,0,191,618
05/26/2005,SDL,AZ,AWP,WE,Towers with Radar,0,32,105,0,137,0,5,302,6,313,0,37,407,6,450,253,0,253,703
05/27/2005,SDL,AZ,AWP,WE,Towers with Radar,0,19,104,0,123,0,5,315,4,324,0,24,419,4,447,252,0,252,699
05/28/2005,SDL,AZ,AWP,WE,Towers with Radar,0,15,49,1,65,0,4,232,0,236,0,19,281,1,301,272,0,272,573
05/29/2005,SDL,AZ,AWP,WE,Towers with Radar,0,11,38,0,49,0,4,134,0,138,0,15,172,0,187,95,0,95,282
05/30/2005,SDL,AZ,AWP,WE,Towers with Radar,0,29,88,1,118,0,1,194,0,195,0,30,282,1,313,102,0,102,415
05/31/2005,SDL,AZ,AWP,WE,Towers with Radar,0,16,77,0,93,0,2,313,0,315,0,18,390,0,408,321,0,321,729
06/01/2005,SDL,AZ,AWP,WE,Towers with Radar,0,34,64,0,98,0,1,322,0,323,0,35,386,0,421,422,0,422,843
06/02/2005,SDL,AZ,AWP,WE,Towers with Radar,0,16,78,0,94,0,3,313,0,316,0,19,391,0,410,382,0,382,792
06/03/2005,SDL,AZ,AWP,WE,Towers with Radar,0,14,72,0,86,0,3,339,0,342,0,17,411,0,428,414,0,414,842
06/04/2005,SDL,AZ,AWP,WE,Towers with Radar,0,20,56,0,76,0,8,246,0,254,0,28,302,0,330,250,0,250,580
06/05/2005,SDL,AZ,AWP,WE,Towers with Radar,0,21,65,0,86,0,28,209,0,237,0,49,274,0,323,294,0,294,617
06/06/2005,SDL,AZ,AWP,WE,Towers with Radar,0,13,74,0,87,0,4,275,0,279,0,17,349,0,366,438,0,438,804
06/07/2005,SDL,AZ,AWP,WE,Towers with Radar,0,21,59,0,80,0,5,287,0,292,0,26,346,0,372,467,0,467,839
06/08/2005,SDL,AZ,AWP,WE,Towers with Radar,0,24,83,0,107,0,3,330,0,333,0,27,413,0,440,426,0,426,866
06/09/2005,SDL,AZ,AWP,WE,Towers with Radar,0,16,71,0,87,0,2,249,0,251,0,18,320,0,338,306,0,306,644
06/10/2005,SDL,AZ,AWP,WE,Towers with Radar,0,16,73,0,89,0,4,302,0,306,0,20,375,0,395,436,0,436,831
06/11/2005,SDL,AZ,AWP,WE,Towers with Radar,0,18,41,0,59,0,5,251,0,256,0,23,292,0,315,351,0,351,666
06/12/2005,SDL,AZ,AWP,WE,Towers with Radar,0,22,63,1,86,0,3,162,0,165,0,25,225,1,251,122,0,122,373
06/13/2005,SDL,AZ,AWP,WE,Towers with Radar,0,18,73,0,91,0,8,298,0,306,0,26,371,0,397,455,0,455,852
06/14/2005,SDL,AZ,AWP,WE,Towers with Radar,0,16,78,0,94,0,3,358,0,361,0,19,436,0,455,351,0,351,806
06/15/2005,SDL,AZ,AWP,WE,Towers with Radar,0,30,83,0,113,0,5,342,0,347,0,35,425,0,460,364,0,364,824
06/16/2005,SDL,AZ,AWP,WE,Towers with Radar,0,40,80,0,120,0,0,326,0,326,0,40,406,0,446,335,0,335,781
06/17/2005,SDL,AZ,AWP,WE,Towers with Radar,0,16,68,0,84,0,3,251,1,255,0,19,319,1,339,301,0,301,640
06/18/2005,SDL,AZ,AWP,WE,Towers with Radar,0,16,51,0,67,0,4,259,0,263,0,20,310,0,330,265,0,265,595
06/19/2005,SDL,AZ,AWP,WE,Towers with Radar,0,10,41,1,52,0,7,168,0,175,0,17,209,1,227,198,0,198,425
06/20/2005,SDL,AZ,AWP,WE,Towers with Radar,0,23,64,0,87,0,2,268,0,270,0,25,332,0,357,244,0,244,601
06/21/2005,SDL,AZ,AWP,WE,Towers with Radar,0,8,57,0,65,0,5,257,0,262,0,13,314,0,327,269,0,269,596
06/22/2005,SDL,AZ,AWP,WE,Towers with Radar,0,20,83,0,103,0,8,317,0,325,0,28,400,0,428,188,0,188,616
06/23/2005,SDL,AZ,AWP,WE,Towers with Radar,0,15,76,0,91,0,3,227,1,231,0,18,303,1,322,170,0,170,492
06/24/2005,SDL,AZ,AWP,WE,Towers with Radar,0,19,69,0,88,0,8,314,0,322,0,27,383,0,410,247,0,247,657
06/25/2005,SDL,AZ,AWP,WE,Towers with Radar,0,4,41,0,45,0,12,241,1,254,0,16,282,1,299,231,0,231,530
06/26/2005,SDL,AZ,AWP,WE,Towers with Radar,0,28,56,0,84,0,12,149,0,161,0,40,205,0,245,118,0,118,363
06/27/2005,SDL,AZ,AWP,WE,Towers with Radar,0,11,57,1,69,0,4,289,0,293,0,15,346,1,362,284,0,284,646
06/28/2005,SDL,AZ,AWP,WE,Towers with Radar,0,14,77,0,91,0,9,291,0,300,0,23,368,0,391,186,0,186,577
06/29/2005,SDL,AZ,AWP,WE,Towers with Radar,0,24,52,0,76,0,7,344,0,351,0,31,396,0,427,317,0,317,744
06/30/2005,SDL,AZ,AWP,WE,Towers with Radar,0,20,106,0,126,0,0,274,0,274,0,20,380,0,400,144,0,144,544
07/01/2005,SDL,AZ,AWP,WE,Towers with Radar,0,13,98,0,111,0,8,332,0,340,0,21,430,0,451,254,0,254,705
07/02/2005,SDL,AZ,AWP,WE,Towers with Radar,0,15,36,0,51,0,6,230,0,236,0,21,266,0,287,302,0,302,589
07/03/2005,SDL,AZ,AWP,WE,Towers with Radar,0,9,36,0,45,0,17,109,0,126,0,26,145,0,171,92,0,92,263
07/04/2005,SDL,AZ,AWP,WE,Towers with Radar,0,6,33,0,39,0,9,100,4,113,0,15,133,4,152,46,0,46,198
07/05/2005,SDL,AZ,AWP,WE,Towers with Radar,0,15,94,0,109,0,9,253,0,262,0,24,347,0,371,258,0,258,629
07/06/2005,SDL,AZ,AWP,WE,Towers with Radar,0,13,56,0,69,0,0,261,0,261,0,13,317,0,330,326,0,326,656
07/07/2005,SDL,AZ,AWP,WE,Towers with Radar,0,16,73,0,89,0,4,266,10,280,0,20,339,10,369,203,0,203,572
07/08/2005,SDL,AZ,AWP,WE,Towers with Radar,0,6,66,2,74,0,4,250,10,264,0,10,316,12,338,384,0,384,722
07/09/2005,SDL,AZ,AWP,WE,Towers with Radar,0,12,54,0,66,0,2,247,3,252,0,14,301,3,318,239,0,239,557
07/10/2005,SDL,AZ,AWP,WE,Towers with Radar,0,8,59,0,67,0,2,222,4,228,0,10,281,4,295,294,0,294,589
07/11/2005,SDL,AZ,AWP,WE,Towers with Radar,0,12,67,0,79,0,3,281,0,284,0,15,348,0,363,394,0,394,757
07/12/2005,SDL,AZ,AWP,WE,Towers with Radar,0,19,34,3,56,0,0,233,1,234,0,19,267,4,290,108,0,108,398
07/13/2005,SDL,AZ,AWP,WE,Towers with Radar,0,10,62,0,72,0,4,185,0,189,0,14,247,0,261,188,0,188,449
07/14/2005,SDL,AZ,AWP,WE,Towers with Radar,0,23,92,0,115,0,3,274,0,277,0,26,366,0,392,232,0,232,624
07/15/2005,SDL,AZ,AWP,WE,Towers with Radar,0,18,48,1,67,0,5,284,0,289,0,23,332,1,356,348,0,348,704
07/16/2005,SDL,AZ,AWP,WE,Towers with Radar,0,15,34,0,49,0,5,198,0,203,0,20,232,0,252,254,0,254,506
07/17/2005,SDL,AZ,AWP,WE,Towers with Radar,0,22,64,2,88,0,10,126,0,136,0,32,190,2,224,151,0,151,375
07/18/2005,SDL,AZ,AWP,WE,Towers with Radar,0,7,61,0,68,0,2,219,0,221,0,9,280,0,289,158,0,158,447
07/19/2005,SDL,AZ,AWP,WE,Towers with Radar,0,10,55,1,66,0,8,266,0,274,0,18,321,1,340,226,0,226,566
07/20/2005,SDL,AZ,AWP,WE,Towers with Radar,0,13,72,0,85,0,0,262,0,262,0,13,334,0,347,153,0,153,500
07/21/2005,SDL,AZ,AWP,WE,Towers with Radar,0,8,70,0,78,0,2,281,0,283,0,10,351,0,361,201,0,201,562
07/22/2005,SDL,AZ,AWP,WE,Towers with Radar,0,16,58,5,79,0,4,230,0,234,0,20,288,5,313,195,0,195,508
07/23/2005,SDL,AZ,AWP,WE,Towers with Radar,0,10,32,0,42,0,7,261,0,268,0,17,293,0,310,245,0,245,555
07/24/2005,SDL,AZ,AWP,WE,Towers with Radar,0,14,53,0,67,0,3,108,0,111,0,17,161,0,178,154,0,154,332
07/25/2005,SDL,AZ,AWP,WE,Towers with Radar,0,19,51,0,70,0,0,238,0,238,0,19,289,0,308,299,0,299,607
07/26/2005,SDL,AZ,AWP,WE,Towers with Radar,0,22,63,2,87,0,3,330,0,333,0,25,393,2,420,221,0,221,641
07/27/2005,SDL,AZ,AWP,WE,Towers with Radar,0,13,60,2,75,0,3,303,0,306,0,16,363,2,381,313,0,313,694
07/28/2005,SDL,AZ,AWP,WE,Towers with Radar,0,5,66,0,71,0,1,322,1,324,0,6,388,1,395,301,0,301,696
07/29/2005,SDL,AZ,AWP,WE,Towers with Radar,0,13,46,5,64,0,8,278,0,286,0,21,324,5,350,252,0,252,602
07/30/2005,SDL,AZ,AWP,WE,Towers with Radar,0,3,39,0,42,0,4,204,0,208,0,7,243,0,250,145,0,145,395
07/31/2005,SDL,AZ,AWP,WE,Towers with Radar,0,17,50,3,70,0,0,162,1,163,0,17,212,4,233,238,0,238,471
08/01/2005,SDL,AZ,AWP,WE,Towers with Radar,0,18,62,1,81,0,0,290,0,290,0,18,352,1,371,341,0,341,712
08/02/2005,SDL,AZ,AWP,WE,Towers with Radar,0,10,65,0,75,0,4,263,0,267,0,14,328,0,342,302,0,302,644
08/03/2005,SDL,AZ,AWP,WE,Towers with Radar,0,14,52,0,66,0,3,274,0,277,0,17,326,0,343,457,0,457,800
08/04/2005,SDL,AZ,AWP,WE,Towers with Radar,0,9,54,0,63,0,3,332,0,335,0,12,386,0,398,361,0,361,759
08/05/2005,SDL,AZ,AWP,WE,Towers with Radar,0,11,47,2,60,0,0,300,0,300,0,11,347,2,360,246,0,246,606
08/06/2005,SDL,AZ,AWP,WE,Towers with Radar,0,9,45,0,54,0,7,229,0,236,0,16,274,0,290,288,0,288,578
08/07/2005,SDL,AZ,AWP,WE,Towers with Radar,0,11,68,0,79,0,7,133,0,140,0,18,201,0,219,225,0,225,444
08/08/2005,SDL,AZ,AWP,WE,Towers with Radar,0,20,42,0,62,0,4,194,0,198,0,24,236,0,260,197,0,197,457
08/09/2005,SDL,AZ,AWP,WE,Towers with Radar,0,21,59,0,80,0,0,233,0,233,0,21,292,0,313,302,0,302,615
08/10/2005,SDL,AZ,AWP,WE,Towers with Radar,0,23,75,0,98,0,0,245,0,245,0,23,320,0,343,257,0,257,600
08/11/2005,SDL,AZ,AWP,WE,Towers with Radar,0,17,63,0,80,0,1,319,0,320,0,18,382,0,400,220,0,220,620
08/12/2005,SDL,AZ,AWP,WE,Towers with Radar,0,12,55,0,67,0,2,234,0,236,0,14,289,0,303,210,0,210,513
08/13/2005,SDL,AZ,AWP,WE,Towers with Radar,0,11,27,0,38,0,4,234,0,238,0,15,261,0,276,206,0,206,482
08/14/2005,SDL,AZ,AWP,WE,Towers with Radar,0,23,63,0,86,0,4,143,0,147,0,27,206,0,233,145,0,145,378
08/15/2005,SDL,AZ,AWP,WE,Towers with Radar,0,17,43,0,60,0,0,235,0,235,0,17,278,0,295,217,0,217,512
08/16/2005,SDL,AZ,AWP,WE,Towers with Radar,0,12,75,0,87,0,0,311,0,311,0,12,386,0,398,268,0,268,666
08/17/2005,SDL,AZ,AWP,WE,Towers with Radar,0,13,63,0,76,0,0,296,0,296,0,13,359,0,372,313,0,313,685
08/18/2005,SDL,AZ,AWP,WE,Towers with Radar,0,21,83,0,104,0,7,260,0,267,0,28,343,0,371,224,0,224,595
08/19/2005,SDL,AZ,AWP,WE,Towers with Radar,0,18,72,0,90,0,0,255,0,255,0,18,327,0,345,144,0,144,489
08/20/2005,SDL,AZ,AWP,WE,Towers with Radar,0,9,37,0,46,0,9,232,0,241,0,18,269,0,287,229,0,229,516
08/21/2005,SDL,AZ,AWP,WE,Towers with Radar,0,18,65,0,83,0,4,169,0,173,0,22,234,0,256,145,0,145,401
08/22/2005,SDL,AZ,AWP,WE,Towers with Radar,0,13,72,0,85,0,3,211,0,214,0,16,283,0,299,254,0,254,553
08/23/2005,SDL,AZ,AWP,WE,Towers with Radar,0,13,65,0,78,0,6,202,0,208,0,19,267,0,286,247,0,247,533
08/24/2005,SDL,AZ,AWP,WE,Towers with Radar,0,14,62,0,76,0,3,354,0,357,0,17,416,0,433,295,0,295,728
08/25/2005,SDL,AZ,AWP,WE,Towers with Radar,0,17,81,0,98,0,0,304,0,304,0,17,385,0,402,244,0,244,646
08/26/2005,SDL,AZ,AWP,WE,Towers with Radar,0,28,71,0,99,0,2,332,0,334,0,30,403,0,433,310,0,310,743
08/27/2005,SDL,AZ,AWP,WE,Towers with Radar,0,8,26,0,34,0,6,260,0,266,0,14,286,0,300,275,0,275,575
08/28/2005,SDL,AZ,AWP,WE,Towers with Radar,0,22,56,0,78,0,2,164,0,166,0,24,220,0,244,100,0,100,344
08/29/2005,SDL,AZ,AWP,WE,Towers with Radar,0,15,52,0,67,0,6,215,0,221,0,21,267,0,288,277,0,277,565
08/30/2005,SDL,AZ,AWP,WE,Towers with Radar,0,25,43,0,68,0,1,304,0,305,0,26,347,0,373,268,0,268,641
08/31/2005,SDL,AZ,AWP,WE,Towers with Radar,0,11,66,0,77,0,9,303,0,312,0,20,369,0,389,198,0,198,587
09/01/2005,SDL,AZ,AWP,WE,Towers with Radar,0,14,67,0,81,0,7,290,0,297,0,21,357,0,378,279,0,279,657
09/02/2005,SDL,AZ,AWP,WE,Towers with Radar,0,17,91,0,108,0,2,325,3,330,0,19,416,3,438,155,0,155,593
09/03/2005,SDL,AZ,AWP,WE,Towers with Radar,0,14,38,0,52,0,4,199,0,203,0,18,237,0,255,152,0,152,407
09/04/2005,SDL,AZ,AWP,WE,Towers with Radar,0,8,31,0,39,0,5,104,0,109,0,13,135,0,148,45,0,45,193
09/05/2005,SDL,AZ,AWP,WE,Towers with Radar,0,22,76,1,99,0,0,121,0,121,0,22,197,1,220,133,0,133,353
09/06/2005,SDL,AZ,AWP,WE,Towers with Radar,0,20,83,0,103,0,3,293,0,296,0,23,376,0,399,253,0,253,652
09/07/2005,SDL,AZ,AWP,WE,Towers with Radar,0,11,83,0,94,0,0,277,0,277,0,11,360,0,371,309,0,309,680
09/08/2005,SDL,AZ,AWP,WE,Towers with Radar,0,13,85,0,98,0,13,286,0,299,0,26,371,0,397,338,0,338,735
09/09/2005,SDL,AZ,AWP,WE,Towers with Radar,0,16,63,0,79,0,6,203,0,209,0,22,266,0,288,169,0,169,457
09/10/2005,SDL,AZ,AWP,WE,Towers with Radar,0,7,37,0,44,0,5,227,0,232,0,12,264,0,276,305,0,305,581
09/11/2005,SDL,AZ,AWP,WE,Towers with Radar,0,24,62,0,86,0,3,162,0,165,0,27,224,0,251,88,0,88,339
09/12/2005,SDL,AZ,AWP,WE,Towers with Radar,0,17,59,0,76,0,2,312,0,314,0,19,371,0,390,178,0,178,568
09/13/2005,SDL,AZ,AWP,WE,Towers with Radar,0,9,66,2,77,0,3,303,0,306,0,12,369,2,383,303,0,303,686
09/14/2005,SDL,AZ,AWP,WE,Towers with Radar,0,24,90,0,114,0,5,282,0,287,0,29,372,0,401,239,0,239,640
09/15/2005,SDL,AZ,AWP,WE,Towers with Radar,0,17,73,0,90,0,5,289,0,294,0,22,362,0,384,345,0,345,729
09/16/2005,SDL,AZ,AWP,WE,Towers with Radar,0,14,92,0,106,0,5,316,0,321,0,19,408,0,427,196,0,196,623
09/17/2005,SDL,AZ,AWP,WE,Towers with Radar,0,15,44,0,59,0,6,202,1,209,0,21,246,1,268,144,0,144,412
09/18/2005,SDL,AZ,AWP,WE,Towers with Radar,0,16,76,1,93,0,6,164,0,170,0,22,240,1,263,66,0,66,329
09/19/2005,SDL,AZ,AWP,WE,Towers with Radar,0,15,69,0,84,0,3,234,2,239,0,18,303,2,323,243,0,243,566
09/20/2005,SDL,AZ,AWP,WE,Towers with Radar,0,17,80,0,97,0,3,291,0,294,0,20,371,0,391,210,0,210,601
09/21/2005,SDL,AZ,AWP,WE,Towers with Radar,0,16,97,0,113,0,3,320,1,324,0,19,417,1,437,272,0,272,709
09/22/2005,SDL,AZ,AWP,WE,Towers with Radar,0,35,100,0,135,0,0,318,3,321,0,35,418,3,456,191,0,191,647
09/23/2005,SDL,AZ,AWP,WE,Towers with Radar,0,24,90,0,114,0,3,324,0,327,0,27,414,0,441,279,0,279,720
09/24/2005,SDL,AZ,AWP,WE,Towers with Radar,0,13,58,2,73,0,5,241,5,251,0,18,299,7,324,114,0,114,438
09/25/2005,SDL,AZ,AWP,WE,Towers with Radar,0,32,86,1,119,0,11,160,4,175,0,43,246,5,294,128,0,128,422
09/26/2005,SDL,AZ,AWP,WE,Towers with Radar,0,14,78,0,92,0,4,347,0,351,0,18,425,0,443,256,0,256,699
09/27/2005,SDL,AZ,AWP,WE,Towers with Radar,0,23,99,0,122,0,0,344,0,344,0,23,443,0,466,167,0,167,633
09/28/2005,SDL,AZ,AWP,WE,Towers with Radar,0,22,100,0,122,0,6,361,0,367,0,28,461,0,489,252,0,252,741
09/29/2005,SDL,AZ,AWP,WE,Towers with Radar,0,28,123,0,151,0,9,323,0,332,0,37,446,0,483,169,0,169,652
09/30/2005,SDL,AZ,AWP,WE,Towers with Radar,0,38,79,0,117,0,2,364,2,368,0,40,443,2,485,300,0,300,785
10/01/2005,SDL,AZ,AWP,WE,Towers with Radar,0,22,61,0,83,0,7,226,0,233,0,29,287,0,316,170,0,170,486
10/02/2005,SDL,AZ,AWP,WE,Towers with Radar,0,24,89,1,114,0,6,203,0,209,0,30,292,1,323,74,0,74,397
10/03/2005,SDL,AZ,AWP,WE,Towers with Radar,0,7,67,0,74,0,4,296,0,300,0,11,363,0,374,122,0,122,496
10/04/2005,SDL,AZ,AWP,WE,Towers with Radar,0,16,63,0,79,0,11,277,0,288,0,27,340,0,367,265,0,265,632
10/05/2005,SDL,AZ,AWP,WE,Towers with Radar,0,30,92,0,122,0,8,300,0,308,0,38,392,0,430,320,0,320,750
10/06/2005,SDL,AZ,AWP,WE,Towers with Radar,0,30,110,0,140,0,4,333,0,337,0,34,443,0,477,220,0,220,697
10/07/2005,SDL,AZ,AWP,WE,Towers with Radar,0,24,90,0,114,0,2,352,0,354,0,26,442,0,468,174,0,174,642
10/08/2005,SDL,AZ,AWP,WE,Towers with Radar,0,26,15,0,41,0,0,234,0,234,0,26,249,0,275,267,0,267,542
10/09/2005,SDL,AZ,AWP,WE,Towers with Radar,0,26,100,0,126,0,9,155,0,164,0,35,255,0,290,111,0,111,401
10/10/2005,SDL,AZ,AWP,WE,Towers with Radar,0,25,84,0,109,0,6,273,0,279,0,31,357,0,388,205,0,205,593
10/11/2005,SDL,AZ,AWP,WE,Towers with Radar,0,21,74,0,95,0,6,295,1,302,0,27,369,1,397,324,0,324,721
10/12/2005,SDL,AZ,AWP,WE,Towers with Radar,0,16,104,0,120,0,3,307,1,311,0,19,411,1,431,239,0,239,670
10/13/2005,SDL,AZ,AWP,WE,Towers with Radar,0,16,87,0,103,0,1,335,0,336,0,17,422,0,439,224,0,224,663
10/14/2005,SDL,AZ,AWP,WE,Towers with Radar,0,29,95,0,124,0,3,299,0,302,0,32,394,0,426,247,0,247,673
10/15/2005,SDL,AZ,AWP,WE,Towers with Radar,0,20,50,0,70,0,3,200,0,203,0,23,250,0,273,225,0,225,498
10/16/2005,SDL,AZ,AWP,WE,Towers with Radar,0,35,93,1,129,0,0,145,2,147,0,35,238,3,276,139,0,139,415
10/17/2005,SDL,AZ,AWP,WE,Towers with Radar,0,22,85,1,108,0,0,194,0,194,0,22,279,1,302,183,0,183,485
10/18/2005,SDL,AZ,AWP,WE,Towers with Radar,0,40,76,0,116,0,3,150,0,153,0,43,226,0,269,121,0,121,390
10/19/2005,SDL,AZ,AWP,WE,Towers with Radar,0,34,99,0,133,0,0,318,0,318,0,34,417,0,451,192,0,192,643
10/20/2005,SDL,AZ,AWP,WE,Towers with Radar,0,24,101,0,125,0,11,335,3,349,0,35,436,3,474,313,0,313,787
10/21/2005,SDL,AZ,AWP,WE,Towers with Radar,0,27,97,0,124,0,3,342,0,345,0,30,439,0,469,198,0,198,667
10/22/2005,SDL,AZ,AWP,WE,Towers with Radar,0,18,70,0,88,0,3,245,0,248,0,21,315,0,336,178,0,178,514
10/23/2005,SDL,AZ,AWP,WE,Towers with Radar,0,36,129,1,166,0,11,180,1,192,0,47,309,2,358,169,0,169,527
10/24/2005,SDL,AZ,AWP,WE,Towers with Radar,0,21,91,0,112,0,6,299,0,305,0,27,390,0,417,130,0,130,547
10/25/2005,SDL,AZ,AWP,WE,Towers with Radar,0,27,100,0,127,0,5,363,0,368,0,32,463,0,495,255,0,255,750
10/26/2005,SDL,AZ,AWP,WE,Towers with Radar,0,43,117,0,160,0,7,346,0,353,0,50,463,0,513,221,0,221,734
10/27/2005,SDL,AZ,AWP,WE,Towers with Radar,0,28,118,0,146,0,1,326,0,327,0,29,444,0,473,191,0,191,664
10/28/2005,SDL,AZ,AWP,WE,Towers with Radar,0,45,91,2,138,0,0,323,0,323,0,45,414,2,461,231,0,231,692
10/29/2005,SDL,AZ,AWP,WE,Towers with Radar,0,31,59,0,90,0,3,255,0,258,0,34,314,0,348,255,0,255,603
10/30/2005,SDL,AZ,AWP,WE,Towers with Radar,0,33,100,0,133,0,4,197,0,201,0,37,297,0,334,161,0,161,495
10/31/2005,SDL,AZ,AWP,WE,Towers with Radar,0,14,62,0,76,0,4,268,0,272,0,18,330,0,348,186,0,186,534
11/01/2005,SDL,AZ,AWP,WE,Towers with Radar,0,37,100,0,137,0,5,319,0,324,0,42,419,0,461,224,0,224,685
11/02/2005,SDL,AZ,AWP,WE,Towers with Radar,0,39,105,0,144,0,9,348,0,357,0,48,453,0,501,209,0,209,710
11/03/2005,SDL,AZ,AWP,WE,Towers with Radar,0,27,98,0,125,0,1,382,0,383,0,28,480,0,508,229,8,237,745
11/04/2005,SDL,AZ,AWP,WE,Towers with Radar,0,21,120,0,141,0,29,354,0,383,0,50,474,0,524,164,0,164,688
11/05/2005,SDL,AZ,AWP,WE,Towers with Radar,0,21,50,0,71,0,1,255,0,256,0,22,305,0,327,205,0,205,532
11/06/2005,SDL,AZ,AWP,WE,Towers with Radar,0,50,101,0,151,0,2,167,8,177,0,52,268,8,328,158,0,158,486
11/07/2005,SDL,AZ,AWP,WE,Towers with Radar,0,37,88,0,125,0,8,283,2,293,0,45,371,2,418,215,0,215,633
11/08/2005,SDL,AZ,AWP,WE,Towers with Radar,0,42,89,0,131,0,1,357,0,358,0,43,446,0,489,180,0,180,669
11/09/2005,SDL,AZ,AWP,WE,Towers with Radar,0,32,93,0,125,0,9,373,0,382,0,41,466,0,507,225,0,225,732
11/10/2005,SDL,AZ,AWP,WE,Towers with Radar,0,37,134,0,171,0,6,275,0,281,0,43,409,0,452,93,0,93,545
11/11/2005,SDL,AZ,AWP,WE,Towers with Radar,0,32,119,0,151,0,0,295,0,295,0,32,414,0,446,169,0,169,615
11/12/2005,SDL,AZ,AWP,WE,Towers with Radar,0,28,58,0,86,0,2,270,0,272,0,30,328,0,358,160,0,160,518
11/13/2005,SDL,AZ,AWP,WE,Towers with Radar,0,56,133,0,189,0,0,232,0,232,0,56,365,0,421,112,0,112,533
11/14/2005,SDL,AZ,AWP,WE,Towers with Radar,0,32,98,0,130,0,2,290,2,294,0,34,388,2,424,168,0,168,592
11/15/2005,SDL,AZ,AWP,WE,Towers with Radar,0,25,89,0,114,0,3,302,0,305,0,28,391,0,419,219,0,219,638
11/16/2005,SDL,AZ,AWP,WE,Towers with Radar,0,44,104,2,150,0,1,351,0,352,0,45,455,2,502,224,0,224,726
11/17/2005,SDL,AZ,AWP,WE,Towers with Radar,0,35,108,0,143,0,2,319,0,321,0,37,427,0,464,353,0,353,817
11/18/2005,SDL,AZ,AWP,WE,Towers with Radar,0,31,100,0,131,0,8,294,0,302,0,39,394,0,433,248,0,248,681
11/19/2005,SDL,AZ,AWP,WE,Towers with Radar,0,17,60,0,77,0,4,268,0,272,0,21,328,0,349,212,0,212,561
11/20/2005,SDL,AZ,AWP,WE,Towers with Radar,0,29,65,0,94,0,9,195,0,204,0,38,260,0,298,145,0,145,443
11/21/2005,SDL,AZ,AWP,WE,Towers with Radar,0,33,110,0,143,0,1,247,0,248,0,34,357,0,391,129,0,129,520
11/22/2005,SDL,AZ,AWP,WE,Towers with Radar,0,38,146,0,184,0,0,305,0,305,0,38,451,0,489,208,0,208,697
11/23/2005,SDL,AZ,AWP,WE,Towers with Radar,0,35,144,0,179,0,3,307,0,310,0,38,451,0,489,74,0,74,563
11/24/2005,SDL,AZ,AWP,WE,Towers with Radar,0,16,22,0,38,0,4,64,0,68,0,20,86,0,106,63,0,63,169
11/25/2005,SDL,AZ,AWP,WE,Towers with Radar,0,26,52,0,78,0,7,220,0,227,0,33,272,0,305,204,0,204,509
11/26/2005,SDL,AZ,AWP,WE,Towers with Radar,0,36,82,0,118,0,2,189,0,191,0,38,271,0,309,147,0,147,456
11/27/2005,SDL,AZ,AWP,WE,Towers with Radar,0,60,148,0,208,0,6,92,0,98,0,66,240,0,306,20,0,20,326
11/28/2005,SDL,AZ,AWP,WE,Towers with Radar,0,33,106,0,139,0,0,203,0,203,0,33,309,0,342,125,0,125,467
11/29/2005,SDL,AZ,AWP,WE,Towers with Radar,0,44,88,0,132,0,1,244,0,245,0,45,332,0,377,123,0,123,500
11/30/2005,SDL,AZ,AWP,WE,Towers with Radar,0,35,106,0,141,0,6,325,0,331,0,41,431,0,472,190,0,190,662
12/01/2005,SDL,AZ,AWP,WE,Towers with Radar,0,35,114,0,149,0,4,337,0,341,0,39,451,0,490,230,0,230,720
12/02/2005,SDL,AZ,AWP,WE,Towers with Radar,0,25,91,0,116,0,3,312,8,323,0,28,403,8,439,203,0,203,642
12/03/2005,SDL,AZ,AWP,WE,Towers with Radar,0,18,68,0,86,0,3,219,0,222,0,21,287,0,308,271,0,271,579
12/04/2005,SDL,AZ,AWP,WE,Towers with Radar,0,37,64,0,101,0,1,172,0,173,0,38,236,0,274,160,0,160,434
12/05/2005,SDL,AZ,AWP,WE,Towers with Radar,0,24,83,0,107,0,3,246,0,249,0,27,329,0,356,244,0,244,600
12/06/2005,SDL,AZ,AWP,WE,Towers with Radar,0,28,69,0,97,0,4,258,0,262,0,32,327,0,359,168,0,168,527
12/07/2005,SDL,AZ,AWP,WE,Towers with Radar,0,39,110,0,149,0,5,349,0,354,0,44,459,0,503,209,0,209,712
12/08/2005,SDL,AZ,AWP,WE,Towers with Radar,0,26,107,0,133,0,9,322,0,331,0,35,429,0,464,199,0,199,663
12/09/2005,SDL,AZ,AWP,WE,Towers with Radar,0,38,93,0,131,0,3,385,0,388,0,41,478,0,519,186,0,186,705
12/10/2005,SDL,AZ,AWP,WE,Towers with Radar,0,23,51,0,74,0,6,256,0,262,0,29,307,0,336,356,0,356,692
12/11/2005,SDL,AZ,AWP,WE,Towers with Radar,0,33,92,0,125,0,1,170,0,171,0,34,262,0,296,139,0,139,435
12/12/2005,SDL,AZ,AWP,WE,Towers with Radar,0,27,85,0,112,0,2,241,1,244,0,29,326,1,356,253,0,253,609
12/13/2005,SDL,AZ,AWP,WE,Towers with Radar,0,18,65,0,83,0,6,319,0,325,0,24,384,0,408,253,0,253,661
12/14/2005,SDL,AZ,AWP,WE,Towers with Radar,0,22,103,0,125,0,8,287,0,295,0,30,390,0,420,230,0,230,650
12/15/2005,SDL,AZ,AWP,WE,Towers with Radar,0,20,100,0,120,0,4,327,0,331,0,24,427,0,451,229,0,229,680
12/16/2005,SDL,AZ,AWP,WE,Towers with Radar,0,25,84,0,109,0,0,305,0,305,0,25,389,0,414,156,0,156,570
12/17/2005,SDL,AZ,AWP,WE,Towers with Radar,0,12,75,0,87,0,5,236,0,241,0,17,311,0,328,105,0,105,433
12/18/2005,SDL,AZ,AWP,WE,Towers with Radar,0,19,66,0,85,0,13,135,0,148,0,32,201,0,233,106,0,106,339
12/19/2005,SDL,AZ,AWP,WE,Towers with Radar,0,17,74,0,91,0,8,258,0,266,0,25,332,0,357,235,0,235,592
12/20/2005,SDL,AZ,AWP,WE,Towers with Radar,0,30,73,0,103,0,7,256,0,263,0,37,329,0,366,195,0,195,561
12/21/2005,SDL,AZ,AWP,WE,Towers with Radar,0,30,69,0,99,0,1,277,0,278,0,31,346,0,377,136,0,136,513
12/22/2005,SDL,AZ,AWP,WE,Towers with Radar,0,24,97,0,121,0,1,278,0,279,0,25,375,0,400,234,0,234,634
12/23/2005,SDL,AZ,AWP,WE,Towers with Radar,0,31,89,0,120,0,4,223,0,227,0,35,312,0,347,118,0,118,465
12/24/2005,SDL,AZ,AWP,WE,Towers with Radar,0,24,21,0,45,0,2,128,0,130,0,26,149,0,175,111,0,111,286
12/25/2005,SDL,AZ,AWP,WE,Towers with Radar,0,20,12,0,32,0,0,61,0,61,0,20,73,0,93,22,0,22,115
12/26/2005,SDL,AZ,AWP,WE,Towers with Radar,0,38,128,0,166,0,10,123,0,133,0,48,251,0,299,28,0,28,327
12/27/2005,SDL,AZ,AWP,WE,Towers with Radar,0,35,115,0,150,0,2,237,0,239,0,37,352,0,389,109,0,109,498
12/28/2005,SDL,AZ,AWP,WE,Towers with Radar,0,36,81,0,117,0,4,257,2,263,0,40,338,2,380,165,0,165,545
12/29/2005,SDL,AZ,AWP,WE,Towers with Radar,0,29,74,2,105,0,4,261,0,265,0,33,335,2,370,209,0,209,579
12/30/2005,SDL,AZ,AWP,WE,Towers with Radar,0,45,103,0,148,0,6,258,0,264,0,51,361,0,412,164,0,164,576
12/31/2005,SDL,AZ,AWP,WE,Towers with Radar,0,28,64,0,92,0,17,155,0,172,0,45,219,0,264,180,0,180,444
01/01/2006,SDL,AZ,AWP,WE,Towers with Radar,0,33,115,0,148,0,4,69,0,73,0,37,184,0,221,51,0,51,272
01/02/2006,SDL,AZ,AWP,WE,Towers with Radar,0,38,121,0,159,0,3,130,0,133,0,41,251,0,292,77,0,77,369
01/03/2006,SDL,AZ,AWP,WE,Towers with Radar,0,54,141,0,195,0,2,270,0,272,0,56,411,0,467,86,0,86,553
01/04/2006,SDL,AZ,AWP,WE,Towers with Radar,0,37,108,0,145,0,10,255,0,265,0,47,363,0,410,220,0,220,630
01/05/2006,SDL,AZ,AWP,WE,Towers with Radar,0,28,96,0,124,0,1,295,0,296,0,29,391,0,420,223,0,223,643
01/06/2006,SDL,AZ,AWP,WE,Towers with Radar,0,34,73,0,107,0,12,235,0,247,0,46,308,0,354,168,0,168,522
01/07/2006,SDL,AZ,AWP,WE,Towers with Radar,0,22,75,0,97,0,4,238,2,244,0,26,313,2,341,157,0,157,498
01/08/2006,SDL,AZ,AWP,WE,Towers with Radar,0,41,94,0,135,0,3,103,0,106,0,44,197,0,241,82,0,82,323
01/09/2006,SDL,AZ,AWP,WE,Towers with Radar,0,23,97,0,120,0,4,255,0,259,0,27,352,0,379,193,0,193,572
01/10/2006,SDL,AZ,AWP,WE,Towers with Radar,0,25,94,0,119,0,2,315,0,317,0,27,409,0,436,206,0,206,642
01/11/2006,SDL,AZ,AWP,WE,Towers with Radar,0,38,96,0,134,0,2,281,0,283,0,40,377,0,417,229,0,229,646
01/12/2006,SDL,AZ,AWP,WE,Towers with Radar,0,42,128,0,170,0,0,316,0,316,0,42,444,0,486,148,0,148,634
01/13/2006,SDL,AZ,AWP,WE,Towers with Radar,0,28,121,0,149,0,1,339,1,341,0,29,460,1,490,100,0,100,590
01/14/2006,SDL,AZ,AWP,WE,Towers with Radar,0,30,74,1,105,0,4,230,1,235,0,34,304,2,340,116,0,116,456
01/15/2006,SDL,AZ,AWP,WE,Towers with Radar,0,41,68,0,109,0,6,114,0,120,0,47,182,0,229,94,0,94,323
01/16/2006,SDL,AZ,AWP,WE,Towers with Radar,0,35,125,0,160,0,0,218,0,218,0,35,343,0,378,168,0,168,546
01/17/2006,SDL,AZ,AWP,WE,Towers with Radar,0,31,117,0,148,0,0,321,0,321,0,31,438,0,469,190,0,190,659
01/18/2006,SDL,AZ,AWP,WE,Towers with Radar,0,32,129,0,161,0,8,267,0,275,0,40,396,0,436,204,0,204,640
01/19/2006,SDL,AZ,AWP,WE,Towers with Radar,0,76,154,0,230,0,0,238,0,238,0,76,392,0,468,75,0,75,543
01/20/2006,SDL,AZ,AWP,WE,Towers with Radar,0,46,140,0,186,0,9,323,0,332,0,55,463,0,518,148,0,148,666
01/21/2006,SDL,AZ,AWP,WE,Towers with Radar,0,39,120,0,159,0,7,281,14,302,0,46,401,14,461,85,0,85,546
01/22/2006,SDL,AZ,AWP,WE,Towers with Radar,0,65,172,0,237,0,7,146,0,153,0,72,318,0,390,30,0,30,420
01/23/2006,SDL,AZ,AWP,WE,Towers with Radar,0,48,113,0,161,0,0,247,2,249,0,48,360,2,410,103,0,103,513
01/24/2006,SDL,AZ,AWP,WE,Towers with Radar,0,32,119,0,151,0,3,214,0,217,0,35,333,0,368,80,0,80,448
01/25/2006,SDL,AZ,AWP,WE,Towers with Radar,0,47,120,0,167,0,9,240,0,249,0,56,360,0,416,142,0,142,558
01/26/2006,SDL,AZ,AWP,WE,Towers with Radar,0,31,128,0,159,0,16,304,0,320,0,47,432,0,479,125,0,125,604
01/27/2006,SDL,AZ,AWP,WE,Towers with Radar,0,45,102,0,147,0,5,328,2,335,0,50,430,2,482,136,0,136,618
01/28/2006,SDL,AZ,AWP,WE,Towers with Radar,0,14,80,2,96,0,4,268,0,272,0,18,348,2,368,224,0,224,592
01/29/2006,SDL,AZ,AWP,WE,Towers with Radar,0,45,130,0,175,0,13,179,1,193,0,58,309,1,368,125,0,125,493
01/30/2006,SDL,AZ,AWP,WE,Towers with Radar,0,35,89,0,124,0,3,267,0,270,0,38,356,0,394,80,0,80,474
01/31/2006,SDL,AZ,AWP,WE,Towers with Radar,0,43,107,0,150,0,10,299,0,309,0,53,406,0,459,166,0,166,625
02/01/2006,SDL,AZ,AWP,WE,Towers with Radar,0,50,157,0,207,0,3,324,7,334,0,53,481,7,541,82,0,82,623
02/02/2006,SDL,AZ,AWP,WE,Towers with Radar,0,53,113,0,166,0,4,319,1,324,0,57,432,1,490,122,0,122,612
02/03/2006,SDL,AZ,AWP,WE,Towers with Radar,0,40,131,3,174,0,4,350,0,354,0,44,481,3,528,160,0,160,688
02/04/2006,SDL,AZ,AWP,WE,Towers with Radar,0,32,88,0,120,0,7,284,1,292,0,39,372,1,412,256,0,256,668
02/05/2006,SDL,AZ,AWP,WE,Towers with Radar,0,72,125,3,200,0,7,140,1,148,0,79,265,4,348,112,0,112,460
02/06/2006,SDL,AZ,AWP,WE,Towers with Radar,0,35,107,2,144,0,10,275,0,285,0,45,382,2,429,193,0,193,622
02/07/2006,SDL,AZ,AWP,WE,Towers with Radar,0,30,93,0,123,0,14,280,0,294,0,44,373,0,417,231,0,231,648
02/08/2006,SDL,AZ,AWP,WE,Towers with Radar,0,32,81,0,113,0,1,302,0,303,0,33,383,0,416,241,0,241,657
02/09/2006,SDL,AZ,AWP,WE,Towers with Radar,0,43,100,0,143,0,0,297,0,297,0,43,397,0,440,169,0,169,609
02/10/2006,SDL,AZ,AWP,WE,Towers with Radar,0,34,139,0,173,0,7,336,0,343,0,41,475,0,516,233,0,233,749
02/11/2006,SDL,AZ,AWP,WE,Towers with Radar,0,26,52,1,79,0,2,248,0,250,0,28,300,1,329,217,0,217,546
02/12/2006,SDL,AZ,AWP,WE,Towers with Radar,0,56,125,1,182,0,4,181,0,185,0,60,306,1,367,68,0,68,435
02/13/2006,SDL,AZ,AWP,WE,Towers with Radar,0,40,102,0,142,0,1,298,0,299,0,41,400,0,441,218,0,218,659
02/14/2006,SDL,AZ,AWP,WE,Towers with Radar,0,32,91,0,123,0,5,318,0,323,0,37,409,0,446,192,0,192,638
02/15/2006,SDL,AZ,AWP,WE,Towers with Radar,0,46,105,0,151,0,8,279,0,287,0,54,384,0,438,148,0,148,586
02/16/2006,SDL,AZ,AWP,WE,Towers with Radar,0,44,137,0,181,0,8,360,0,368,0,52,497,0,549,221,0,221,770
02/17/2006,SDL,AZ,AWP,WE,Towers with Radar,0,36,148,1,185,0,5,330,0,335,0,41,478,1,520,244,0,244,764
02/18/2006,SDL,AZ,AWP,WE,Towers with Radar,0,32,68,0,100,0,7,168,0,175,0,39,236,0,275,154,0,154,429
02/19/2006,SDL,AZ,AWP,WE,Towers with Radar,0,40,94,0,134,0,4,158,0,162,0,44,252,0,296,50,0,50,346
02/20/2006,SDL,AZ,AWP,WE,Towers with Radar,0,50,159,1,210,0,8,279,0,287,0,58,438,1,497,189,0,189,686
02/21/2006,SDL,AZ,AWP,WE,Towers with Radar,0,45,129,1,175,0,1,239,2,242,0,46,368,3,417,210,0,210,627
02/22/2006,SDL,AZ,AWP,WE,Towers with Radar,0,60,151,0,211,0,4,302,0,306,0,64,453,0,517,191,0,191,708
02/23/2006,SDL,AZ,AWP,WE,Towers with Radar,0,28,148,0,176,0,18,295,0,313,0,46,443,0,489,117,0,117,606
02/24/2006,SDL,AZ,AWP,WE,Towers with Radar,0,41,141,3,185,0,7,299,0,306,0,48,440,3,491,109,0,109,600
02/25/2006,SDL,AZ,AWP,WE,Towers with Radar,0,27,107,1,135,0,0,259,0,259,0,27,366,1,394,245,0,245,639
02/26/2006,SDL,AZ,AWP,WE,Towers with Radar,0,40,152,1,193,0,2,146,0,148,0,42,298,1,341,52,0,52,393
02/27/2006,SDL,AZ,AWP,WE,Towers with Radar,0,40,108,0,148,0,9,263,0,272,0,49,371,0,420,192,0,192,612
02/28/2006,SDL,AZ,AWP,WE,Towers with Radar,0,25,97,0,122,0,2,231,0,233,0,27,328,0,355,207,0,207,562
03/01/2006,SDL,AZ,AWP,WE,Towers with Radar,0,63,128,0,191,0,0,278,0,278,0,63,406,0,469,178,0,178,647
03/02/2006,SDL,AZ,AWP,WE,Towers with Radar,0,48,145,1,194,0,10,275,0,285,0,58,420,1,479,0,0,0,479
03/03/2006,SDL,AZ,AWP,WE,Towers with Radar,0,53,117,2,172,0,3,300,0,303,0,56,417,2,475,178,0,178,653
03/04/2006,SDL,AZ,AWP,WE,Towers with Radar,0,31,81,0,112,0,1,303,0,304,0,32,384,0,416,206,0,206,622
03/05/2006,SDL,AZ,AWP,WE,Towers with Radar,0,66,123,4,193,0,3,150,0,153,0,69,273,4,346,45,0,45,391
03/06/2006,SDL,AZ,AWP,WE,Towers with Radar,0,35,119,0,154,0,1,255,0,256,0,36,374,0,410,230,0,230,640
03/07/2006,SDL,AZ,AWP,WE,Towers with Radar,0,27,124,3,154,0,8,298,0,306,0,35,422,3,460,147,0,147,607
03/08/2006,SDL,AZ,AWP,WE,Towers with Radar,0,47,144,2,193,0,3,285,0,288,0,50,429,2,481,110,0,110,591
03/09/2006,SDL,AZ,AWP,WE,Towers with Radar,0,35,113,0,148,0,3,365,0,368,0,38,478,0,516,168,0,168,684
03/10/2006,SDL,AZ,AWP,WE,Towers with Radar,0,42,117,0,159,0,3,167,0,170,0,45,284,0,329,112,0,112,441
03/11/2006,SDL,AZ,AWP,WE,Towers with Radar,0,30,68,0,98,0,1,21,0,22,0,31,89,0,120,16,0,16,136
03/12/2006,SDL,AZ,AWP,WE,Towers with Radar,0,31,130,0,161,0,2,98,0,100,0,33,228,0,261,140,0,140,401
03/13/2006,SDL,AZ,AWP,WE,Towers with Radar,0,26,101,0,127,0,5,313,0,318,0,31,414,0,445,160,0,160,605
03/14/2006,SDL,AZ,AWP,WE,Towers with Radar,0,35,102,0,137,0,5,273,0,278,0,40,375,0,415,268,0,268,683
03/15/2006,SDL,AZ,AWP,WE,Towers with Radar,0,28,107,0,135,0,3,315,0,318,0,31,422,0,453,232,0,232,685
03/16/2006,SDL,AZ,AWP,WE,Towers with Radar,0,56,113,0,169,0,2,366,0,368,0,58,479,0,537,132,0,132,669
03/17/2006,SDL,AZ,AWP,WE,Towers with Radar,0,51,145,0,196,0,3,330,0,333,0,54,475,0,529,177,0,177,706
03/18/2006,SDL,AZ,AWP,WE,Towers with Radar,0,50,126,0,176,0,3,262,0,265,0,53,388,0,441,128,0,128,569
03/19/2006,SDL,AZ,AWP,WE,Towers with Radar,0,69,134,0,203,0,3,42,0,45,0,72,176,0,248,21,0,21,269
03/20/2006,SDL,AZ,AWP,WE,Towers with Radar,0,26,110,2,138,0,5,288,0,293,0,31,398,2,431,220,0,220,651
03/21/2006,SDL,AZ,AWP,WE,Towers with Radar,0,35,87,0,122,0,5,182,1,188,0,40,269,1,310,112,0,112,422
03/22/2006,SDL,AZ,AWP,WE,Towers with Radar,0,52,122,0,174,0,0,320,0,320,0,52,442,0,494,217,0,217,711
03/23/2006,SDL,AZ,AWP,WE,Towers with Radar,0,27,127,0,154,0,5,320,0,325,0,32,447,0,479,218,0,218,697
03/24/2006,SDL,AZ,AWP,WE,Towers with Radar,0,0,122,0,122,0,0,404,0,404,0,0,526,0,526,150,0,150,676
03/25/2006,SDL,AZ,AWP,WE,Towers with Radar,0,38,83,0,121,0,4,256,0,260,0,42,339,0,381,237,0,237,618
03/26/2006,SDL,AZ,AWP,WE,Towers with Radar,0,44,167,0,211,0,9,148,1,158,0,53,315,1,369,40,0,40,409
03/27/2006,SDL,AZ,AWP,WE,Towers with Radar,0,34,100,0,134,0,4,268,0,272,0,38,368,0,406,321,0,321,727
03/28/2006,SDL,AZ,AWP,WE,Towers with Radar,0,36,118,0,154,0,7,171,1,179,0,43,289,1,333,147,0,147,480
03/29/2006,SDL,AZ,AWP,WE,Towers with Radar,0,40,163,0,203,0,6,231,0,237,0,46,394,0,440,133,0,133,573
03/30/2006,SDL,AZ,AWP,WE,Towers with Radar,0,54,133,0,187,0,0,363,0,363,0,54,496,0,550,135,0,135,685
03/31/2006,SDL,AZ,AWP,WE,Towers with Radar,0,62,127,0,189,0,1,286,0,287,0,63,413,0,476,114,0,114,590
04/01/2006,SDL,AZ,AWP,WE,Towers with Radar,0,49,87,0,136,0,9,258,0,267,0,58,345,0,403,152,0,152,555
04/02/2006,SDL,AZ,AWP,WE,Towers with Radar,0,48,154,3,205,0,3,171,0,174,0,51,325,3,379,118,0,118,497
04/03/2006,SDL,AZ,AWP,WE,Towers with Radar,0,31,104,2,137,0,0,281,1,282,0,31,385,3,419,183,0,183,602
04/04/2006,SDL,AZ,AWP,WE,Towers with Radar,0,32,88,0,120,0,5,287,0,292,0,37,375,0,412,172,0,172,584
04/05/2006,SDL,AZ,AWP,WE,Towers with Radar,0,48,122,0,170,0,3,142,0,145,0,51,264,0,315,78,0,78,393
04/06/2006,SDL,AZ,AWP,WE,Towers with Radar,0,46,120,0,166,0,8,346,0,354,0,54,466,0,520,137,0,137,657
04/07/2006,SDL,AZ,AWP,WE,Towers with Radar,0,49,113,0,162,0,1,423,0,424,0,50,536,0,586,219,0,219,805
04/08/2006,SDL,AZ,AWP,WE,Towers with Radar,0,32,78,0,110,0,3,263,0,266,0,35,341,0,376,300,0,300,676
04/09/2006,SDL,AZ,AWP,WE,Towers with Radar,0,54,124,0,178,0,7,148,0,155,0,61,272,0,333,172,0,172,505
04/10/2006,SDL,AZ,AWP,WE,Towers with Radar,0,46,104,2,152,0,3,285,0,288,0,49,389,2,440,257,0,257,697
04/11/2006,SDL,AZ,AWP,WE,Towers with Radar,0,33,89,0,122,0,0,319,0,319,0,33,408,0,441,211,0,211,652
04/12/2006,SDL,AZ,AWP,WE,Towers with Radar,0,36,96,0,132,0,0,0,0,0,0,36,96,0,132,216,0,216,348
04/13/2006,SDL,AZ,AWP,WE,Towers with Radar,0,34,143,0,177,0,8,329,0,337,0,42,472,0,514,194,0,194,708
04/14/2006,SDL,AZ,AWP,WE,Towers with Radar,0,32,73,0,105,0,2,219,0,221,0,34,292,0,326,203,0,203,529
04/15/2006,SDL,AZ,AWP,WE,Towers with Radar,0,35,62,1,98,0,6,266,0,272,0,41,328,1,370,350,0,350,720
04/16/2006,SDL,AZ,AWP,WE,Towers with Radar,0,39,77,0,116,0,5,93,0,98,0,44,170,0,214,0,0,0,214
04/17/2006,SDL,AZ,AWP,WE,Towers with Radar,0,42,123,0,165,0,8,321,0,329,0,50,444,0,494,184,0,184,678
04/18/2006,SDL,AZ,AWP,WE,Towers with Radar,0,19,97,0,116,0,6,313,0,319,0,25,410,0,435,336,0,336,771
04/19/2006,SDL,AZ,AWP,WE,Towers with Radar,0,30,106,0,136,0,2,326,0,328,0,32,432,0,464,259,0,259,723
04/20/2006,SDL,AZ,AWP,WE,Towers with Radar,0,49,116,1,166,0,4,367,0,371,0,53,483,1,537,291,0,291,828
04/21/2006,SDL,AZ,AWP,WE,Towers with Radar,0,46,106,0,152,0,5,351,0,356,0,51,457,0,508,196,0,196,704
04/22/2006,SDL,AZ,AWP,WE,Towers with Radar,0,43,64,0,107,0,1,234,0,235,0,44,298,0,342,272,0,272,614
04/23/2006,SDL,AZ,AWP,WE,Towers with Radar,0,48,148,0,196,0,0,136,0,136,0,48,284,0,332,96,0,96,428
04/24/2006,SDL,AZ,AWP,WE,Towers with Radar,0,40,83,0,123,0,4,249,0,253,0,44,332,0,376,249,0,249,625
04/25/2006,SDL,AZ,AWP,WE,Towers with Radar,0,30,82,3,115,0,6,284,0,290,0,36,366,3,405,234,0,234,639
04/26/2006,SDL,AZ,AWP,WE,Towers with Radar,0,29,108,1,138,0,5,328,0,333,0,34,436,1,471,0,179,179,650
04/27/2006,SDL,AZ,AWP,WE,Towers with Radar,0,43,131,0,174,0,8,295,0,303,0,51,426,0,477,192,0,192,669
04/28/2006,SDL,AZ,AWP,WE,Towers with Radar,0,34,127,0,161,0,0,309,0,309,0,34,436,0,470,233,0,233,703
04/29/2006,SDL,AZ,AWP,WE,Towers with Radar,0,14,70,0,84,0,0,273,0,273,0,14,343,0,357,266,0,266,623
04/30/2006,SDL,AZ,AWP,WE,Towers with Radar,0,38,121,0,159,0,5,147,0,152,0,43,268,0,311,135,0,135,446
05/01/2006,SDL,AZ,AWP,WE,Towers with Radar,0,30,86,0,116,0,1,263,0,264,0,31,349,0,380,164,0,164,544
05/02/2006,SDL,AZ,AWP,WE,Towers with Radar,0,31,90,0,121,0,3,287,0,290,0,34,377,0,411,272,0,272,683
05/03/2006,SDL,AZ,AWP,WE,Towers with Radar,0,36,131,0,167,0,9,321,0,330,0,45,452,0,497,232,0,232,729
05/04/2006,SDL,AZ,AWP,WE,Towers with Radar,0,24,101,0,125,0,0,324,0,324,0,24,425,0,449,192,0,192,641
05/05/2006,SDL,AZ,AWP,WE,Towers with Radar,0,43,89,0,132,0,2,336,0,338,0,45,425,0,470,184,0,184,654
05/06/2006,SDL,AZ,AWP,WE,Towers with Radar,0,23,73,0,96,0,7,205,0,212,0,30,278,0,308,222,0,222,530
05/07/2006,SDL,AZ,AWP,WE,Towers with Radar,0,43,106,0,149,0,2,194,0,196,0,45,300,0,345,126,0,126,471
05/08/2006,SDL,AZ,AWP,WE,Towers with Radar,0,25,85,0,110,0,1,273,0,274,0,26,358,0,384,221,0,221,605
05/09/2006,SDL,AZ,AWP,WE,Towers with Radar,0,28,88,0,116,0,2,268,0,270,0,30,356,0,386,267,0,267,653
05/10/2006,SDL,AZ,AWP,WE,Towers with Radar,0,41,104,0,145,0,7,330,0,337,0,48,434,0,482,368,0,368,850
05/11/2006,SDL,AZ,AWP,WE,Towers with Radar,0,41,103,0,144,0,5,339,0,344,0,46,442,0,488,272,0,272,760
05/12/2006,SDL,AZ,AWP,WE,Towers with Radar,0,39,94,0,133,0,5,367,0,372,0,44,461,0,505,203,0,203,708
05/13/2006,SDL,AZ,AWP,WE,Towers with Radar,0,25,52,0,77,0,0,265,0,265,0,25,317,0,342,157,0,157,499
05/14/2006,SDL,AZ,AWP,WE,Towers with Radar,0,36,57,0,93,0,0,140,0,140,0,36,197,0,233,74,0,74,307
05/15/2006,SDL,AZ,AWP,WE,Towers with Radar,0,27,92,0,119,0,0,292,0,292,0,27,384,0,411,169,0,169,580
05/16/2006,SDL,AZ,AWP,WE,Towers with Radar,0,19,92,0,111,0,8,234,2,244,0,27,326,2,355,139,0,139,494
05/17/2006,SDL,AZ,AWP,WE,Towers with Radar,0,20,101,0,121,0,2,326,0,328,0,22,427,0,449,249,0,249,698
05/18/2006,SDL,AZ,AWP,WE,Towers with Radar,0,30,82,0,112,0,4,363,0,367,0,34,445,0,479,258,0,258,737
05/19/2006,SDL,AZ,AWP,WE,Towers with Radar,0,36,98,0,134,0,4,359,0,363,0,40,457,0,497,269,0,269,766
05/20/2006,SDL,AZ,AWP,WE,Towers with Radar,0,16,57,0,73,0,9,239,0,248,0,25,296,0,321,223,0,223,544
05/21/2006,SDL,AZ,AWP,WE,Towers with Radar,0,33,78,0,111,0,1,145,0,146,0,34,223,0,257,71,0,71,328
05/22/2006,SDL,AZ,AWP,WE,Towers with Radar,0,24,63,0,87,0,9,183,0,192,0,33,246,0,279,253,0,253,532
05/23/2006,SDL,AZ,AWP,WE,Towers with Radar,0,27,84,0,111,0,2,376,0,378,0,29,460,0,489,242,0,242,731
05/24/2006,SDL,AZ,AWP,WE,Towers with Radar,0,33,89,0,122,0,0,413,0,413,0,33,502,0,535,179,0,179,714
05/25/2006,SDL,AZ,AWP,WE,Towers with Radar,0,33,148,0,181,0,2,275,0,277,0,35,423,0,458,226,0,226,684
05/26/2006,SDL,AZ,AWP,WE,Towers with Radar,0,44,105,0,149,0,7,338,0,345,0,51,443,0,494,106,0,106,600
05/27/2006,SDL,AZ,AWP,WE,Towers with Radar,0,9,52,0,61,0,0,188,0,188,0,9,240,0,249,97,0,97,346
05/28/2006,SDL,AZ,AWP,WE,Towers with Radar,0,16,36,0,52,0,2,99,0,101,0,18,135,0,153,60,0,60,213
05/29/2006,SDL,AZ,AWP,WE,Towers with Radar,0,34,98,0,132,0,3,190,0,193,0,37,288,0,325,123,0,123,448
05/30/2006,SDL,AZ,AWP,WE,Towers with Radar,0,17,79,0,96,0,4,229,0,233,0,21,308,0,329,288,0,288,617
05/31/2006,SDL,AZ,AWP,WE,Towers with Radar,0,25,61,0,86,0,2,263,0,265,0,27,324,0,351,201,0,201,552
06/01/2006,SDL,AZ,AWP,WE,Towers with Radar,0,16,81,2,99,0,2,285,1,288,0,18,366,3,387,248,0,248,635
06/02/2006,SDL,AZ,AWP,WE,Towers with Radar,0,16,71,0,87,0,2,294,0,296,0,18,365,0,383,208,0,208,591
06/03/2006,SDL,AZ,AWP,WE,Towers with Radar,0,10,50,0,60,0,3,176,0,179,0,13,226,0,239,286,0,286,525
06/04/2006,SDL,AZ,AWP,WE,Towers with Radar,0,22,66,0,88,0,2,97,0,99,0,24,163,0,187,56,0,56,243
06/05/2006,SDL,AZ,AWP,WE,Towers with Radar,0,17,69,0,86,0,4,210,0,214,0,21,279,0,300,186,0,186,486
06/06/2006,SDL,AZ,AWP,WE,Towers with Radar,0,20,71,2,93,0,0,211,0,211,0,20,282,2,304,149,0,149,453
06/07/2006,SDL,AZ,AWP,WE,Towers with Radar,0,19,76,0,95,0,5,228,0,233,0,24,304,0,328,195,0,195,523
06/08/2006,SDL,AZ,AWP,WE,Towers with Radar,0,34,70,0,104,0,0,305,0,305,0,34,375,0,409,286,0,286,695
06/09/2006,SDL,AZ,AWP,WE,Towers with Radar,0,23,81,0,104,0,8,332,1,341,0,31,413,1,445,305,0,305,750
06/10/2006,SDL,AZ,AWP,WE,Towers with Radar,0,16,50,0,66,0,4,237,1,242,0,20,287,1,308,296,0,296,604
06/11/2006,SDL,AZ,AWP,WE,Towers with Radar,0,23,79,0,102,0,3,117,0,120,0,26,196,0,222,54,0,54,276
06/12/2006,SDL,AZ,AWP,WE,Towers with Radar,0,13,89,0,102,0,4,230,0,234,0,17,319,0,336,239,0,239,575
06/13/2006,SDL,AZ,AWP,WE,Towers with Radar,0,17,69,0,86,0,5,310,0,315,0,22,379,0,401,273,0,273,674
06/14/2006,SDL,AZ,AWP,WE,Towers with Radar,0,23,72,0,95,0,4,351,0,355,0,27,423,0,450,313,0,313,763
06/15/2006,SDL,AZ,AWP,WE,Towers with Radar,0,25,93,0,118,0,3,246,0,249,0,28,339,0,367,308,0,308,675
06/16/2006,SDL,AZ,AWP,WE,Towers with Radar,0,21,88,0,109,0,6,253,0,259,0,27,341,0,368,298,0,298,666
06/17/2006,SDL,AZ,AWP,WE,Towers with Radar,0,11,36,0,47,0,0,190,0,190,0,11,226,0,237,432,0,432,669
06/18/2006,SDL,AZ,AWP,WE,Towers with Radar,0,11,77,0,88,0,0,155,0,155,0,11,232,0,243,78,0,78,321
06/19/2006,SDL,AZ,AWP,WE,Towers with Radar,0,20,68,0,88,0,2,272,0,274,0,22,340,0,362,229,0,229,591
06/20/2006,SDL,AZ,AWP,WE,Towers with Radar,0,26,79,0,105,0,1,265,0,266,0,27,344,0,371,344,0,344,715
06/21/2006,SDL,AZ,AWP,WE,Towers with Radar,0,22,75,0,97,0,1,274,1,276,0,23,349,1,373,345,0,345,718
06/22/2006,SDL,AZ,AWP,WE,Towers with Radar,0,18,87,0,105,0,2,355,1,358,0,20,442,1,463,278,0,278,741
06/23/2006,SDL,AZ,AWP,WE,Towers with Radar,0,20,62,0,82,0,6,314,0,320,0,26,376,0,402,383,0,383,785
06/24/2006,SDL,AZ,AWP,WE,Towers with Radar,0,15,31,2,48,0,2,230,2,234,0,17,261,4,282,368,0,368,650
06/25/2006,SDL,AZ,AWP,WE,Towers with Radar,0,20,73,1,94,0,1,99,7,107,0,21,172,8,201,56,0,56,257
06/26/2006,SDL,AZ,AWP,WE,Towers with Radar,0,17,61,0,78,0,1,247,0,248,0,18,308,0,326,178,0,178,504
06/27/2006,SDL,AZ,AWP,WE,Towers with Radar,0,8,85,0,93,0,5,226,0,231,0,13,311,0,324,210,0,210,534
06/28/2006,SDL,AZ,AWP,WE,Towers with Radar,0,13,102,0,115,0,4,246,0,250,0,17,348,0,365,245,0,245,610
06/29/2006,SDL,AZ,AWP,WE,Towers with Radar,0,22,83,0,105,0,0,274,0,274,0,22,357,0,379,261,0,261,640
06/30/2006,SDL,AZ,AWP,WE,Towers with Radar,0,39,109,0,148,0,1,251,0,252,0,40,360,0,400,192,0,192,592
07/01/2006,SDL,AZ,AWP,WE,Towers with Radar,0,15,55,0,70,0,8,170,0,178,0,23,225,0,248,136,0,136,384
07/02/2006,SDL,AZ,AWP,WE,Towers with Radar,0,9,48,0,57,0,8,78,0,86,0,17,126,0,143,18,0,18,161
07/03/2006,SDL,AZ,AWP,WE,Towers with Radar,0,17,35,0,52,0,0,182,0,182,0,17,217,0,234,229,0,229,463
07/04/2006,SDL,AZ,AWP,WE,Towers with Radar,0,10,21,0,31,0,1,98,0,99,0,11,119,0,130,57,0,57,187
07/05/2006,SDL,AZ,AWP,WE,Towers with Radar,0,18,69,0,87,0,2,235,2,239,0,20,304,2,326,148,0,148,474
07/06/2006,SDL,AZ,AWP,WE,Towers with Radar,0,24,64,0,88,0,7,235,0,242,0,31,299,0,330,180,0,180,510
07/07/2006,SDL,AZ,AWP,WE,Towers with Radar,0,16,69,0,85,0,3,208,1,212,0,19,277,1,297,181,0,181,478
07/08/2006,SDL,AZ,AWP,WE,Towers with Radar,0,16,62,3,81,0,3,160,3,166,0,19,222,6,247,102,0,102,349
07/09/2006,SDL,AZ,AWP,WE,Towers with Radar,0,18,66,2,86,0,3,116,0,119,0,21,182,2,205,56,0,56,261
07/10/2006,SDL,AZ,AWP,WE,Towers with Radar,0,16,62,0,78,0,3,269,0,272,0,19,331,0,350,204,0,204,554
07/11/2006,SDL,AZ,AWP,WE,Towers with Radar,0,18,66,0,84,0,3,220,0,223,0,21,286,0,307,254,0,254,561
07/12/2006,SDL,AZ,AWP,WE,Towers with Radar,0,18,62,0,80,0,3,267,0,270,0,21,329,0,350,172,0,172,522
07/13/2006,SDL,AZ,AWP,WE,Towers with Radar,0,22,77,0,99,0,3,242,0,245,0,25,319,0,344,170,0,170,514
07/14/2006,SDL,AZ,AWP,WE,Towers with Radar,0,17,65,0,82,0,5,233,0,238,0,22,298,0,320,216,0,216,536
07/15/2006,SDL,AZ,AWP,WE,Towers with Radar,0,11,25,0,36,0,2,149,0,151,0,13,174,0,187,29,0,29,216
07/16/2006,SDL,AZ,AWP,WE,Towers with Radar,0,20,61,1,82,0,5,112,0,117,0,25,173,1,199,58,0,58,257
07/17/2006,SDL,AZ,AWP,WE,Towers with Radar,0,19,55,0,74,0,0,180,0,180,0,19,235,0,254,192,0,192,446
07/18/2006,SDL,AZ,AWP,WE,Towers with Radar,0,21,50,0,71,0,0,231,0,231,0,21,281,0,302,199,0,199,501
07/19/2006,SDL,AZ,AWP,WE,Towers with Radar,0,17,64,0,81,0,2,244,0,246,0,19,308,0,327,342,0,342,669
07/20/2006,SDL,AZ,AWP,WE,Towers with Radar,0,13,80,0,93,0,3,222,0,225,0,16,302,0,318,295,0,295,613
07/21/2006,SDL,AZ,AWP,WE,Towers with Radar,0,22,63,0,85,0,4,230,0,234,0,26,293,0,319,194,0,194,513
07/22/2006,SDL,AZ,AWP,WE,Towers with Radar,0,5,36,0,41,0,1,150,0,151,0,6,186,0,192,119,0,119,311
07/23/2006,SDL,AZ,AWP,WE,Towers with Radar,0,17,66,0,83,0,1,134,0,135,0,18,200,0,218,6,0,6,224
07/24/2006,SDL,AZ,AWP,WE,Towers with Radar,0,17,50,0,67,0,1,216,0,217,0,18,266,0,284,236,0,236,520
07/25/2006,SDL,AZ,AWP,WE,Towers with Radar,0,15,75,0,90,0,7,192,0,199,0,22,267,0,289,185,0,185,474
07/26/2006,SDL,AZ,AWP,WE,Towers with Radar,0,21,67,0,88,0,2,249,0,251,0,23,316,0,339,189,0,189,528
07/27/2006,SDL,AZ,AWP,WE,Towers with Radar,0,0,71,0,71,0,0,193,1,194,0,0,264,1,265,106,0,106,371
07/28/2006,SDL,AZ,AWP,WE,Towers with Radar,0,26,67,0,93,0,4,224,0,228,0,30,291,0,321,249,0,249,570
07/29/2006,SDL,AZ,AWP,WE,Towers with Radar,0,18,52,0,70,0,4,152,0,156,0,22,204,0,226,104,0,104,330
07/30/2006,SDL,AZ,AWP,WE,Towers with Radar,0,19,70,0,89,0,2,127,0,129,0,21,197,0,218,89,0,89,307
07/31/2006,SDL,AZ,AWP,WE,Towers with Radar,0,14,68,0,82,0,0,199,0,199,0,14,267,0,281,183,0,183,464
08/01/2006,SDL,AZ,AWP,WE,Towers with Radar,0,13,64,0,77,0,0,230,0,230,0,13,294,0,307,151,0,151,458
08/02/2006,SDL,AZ,AWP,WE,Towers with Radar,0,14,58,0,72,0,3,280,0,283,0,17,338,0,355,258,0,258,613
08/03/2006,SDL,AZ,AWP,WE,Towers with Radar,0,22,80,0,102,0,4,276,0,280,0,26,356,0,382,172,0,172,554
08/04/2006,SDL,AZ,AWP,WE,Towers with Radar,0,21,67,0,88,0,2,216,1,219,0,23,283,1,307,210,0,210,517
08/05/2006,SDL,AZ,AWP,WE,Towers with Radar,0,6,36,0,42,0,1,167,0,168,0,7,203,0,210,76,0,76,286
08/06/2006,SDL,AZ,AWP,WE,Towers with Radar,0,30,74,0,104,0,5,142,0,147,0,35,216,0,251,68,0,68,319
08/07/2006,SDL,AZ,AWP,WE,Towers with Radar,0,25,65,0,90,0,2,272,0,274,0,27,337,0,364,182,0,182,546
08/08/2006,SDL,AZ,AWP,WE,Towers with Radar,0,24,67,2,93,0,1,220,0,221,0,25,287,2,314,192,0,192,506
08/09/2006,SDL,AZ,AWP,WE,Towers with Radar,0,24,76,1,101,0,0,220,0,220,0,24,296,1,321,218,0,218,539
08/10/2006,SDL,AZ,AWP,WE,Towers with Radar,0,21,75,1,97,0,1,246,0,247,0,22,321,1,344,179,0,179,523
08/11/2006,SDL,AZ,AWP,WE,Towers with Radar,0,22,75,1,98,0,7,233,1,241,0,29,308,2,339,195,0,195,534
08/12/2006,SDL,AZ,AWP,WE,Towers with Radar,0,15,56,0,71,0,3,168,1,172,0,18,224,1,243,230,0,230,473
08/13/2006,SDL,AZ,AWP,WE,Towers with Radar,0,42,73,1,116,0,0,131,0,131,0,42,204,1,247,102,0,102,349
08/14/2006,SDL,AZ,AWP,WE,Towers with Radar,0,33,70,0,103,0,4,215,0,219,0,37,285,0,322,183,0,183,505
08/15/2006,SDL,AZ,AWP,WE,Towers with Radar,0,25,85,0,110,0,0,232,0,232,0,25,317,0,342,237,0,237,579
08/16/2006,SDL,AZ,AWP,WE,Towers with Radar,0,26,84,0,110,0,3,256,0,259,0,29,340,0,369,250,0,250,619
08/17/2006,SDL,AZ,AWP,WE,Towers with Radar,0,33,84,0,117,0,5,308,0,313,0,38,392,0,430,206,0,206,636
08/18/2006,SDL,AZ,AWP,WE,Towers with Radar,0,29,50,0,79,0,4,297,0,301,0,33,347,0,380,372,0,372,752
08/19/2006,SDL,AZ,AWP,WE,Towers with Radar,0,10,37,0,47,0,5,160,0,165,0,15,197,0,212,106,0,106,318
08/20/2006,SDL,AZ,AWP,WE,Towers with Radar,0,19,74,0,93,0,1,117,0,118,0,20,191,0,211,107,0,107,318
08/21/2006,SDL,AZ,AWP,WE,Towers with Radar,0,16,91,2,109,0,2,213,0,215,0,18,304,2,324,245,0,245,569
08/22/2006,SDL,AZ,AWP,WE,Towers with Radar,0,18,82,0,100,0,0,222,0,222,0,18,304,0,322,190,0,190,512
08/23/2006,SDL,AZ,AWP,WE,Towers with Radar,0,23,74,0,97,0,2,248,2,252,0,25,322,2,349,274,0,274,623
08/24/2006,SDL,AZ,AWP,WE,Towers with Radar,0,28,63,0,91,0,2,174,0,176,0,30,237,0,267,113,0,113,380
08/25/2006,SDL,AZ,AWP,WE,Towers with Radar,0,16,67,0,83,0,4,280,1,285,0,20,347,1,368,254,0,254,622
08/26/2006,SDL,AZ,AWP,WE,Towers with Radar,0,9,43,0,52,0,3,144,0,147,0,12,187,0,199,87,0,87,286
08/27/2006,SDL,AZ,AWP,WE,Towers with Radar,0,23,73,0,96,0,5,123,1,129,0,28,196,1,225,142,0,142,367
08/28/2006,SDL,AZ,AWP,WE,Towers with Radar,0,18,60,4,82,0,5,212,2,219,0,23,272,6,301,170,0,170,471
08/29/2006,SDL,AZ,AWP,WE,Towers with Radar,0,19,68,0,87,0,2,205,0,207,0,21,273,0,294,124,0,124,418
08/30/2006,SDL,AZ,AWP,WE,Towers with Radar,0,29,80,0,109,0,6,295,0,301,0,35,375,0,410,257,0,257,667
08/31/2006,SDL,AZ,AWP,WE,Towers with Radar,0,22,98,2,122,0,2,268,0,270,0,24,366,2,392,240,0,240,632
09/01/2006,SDL,AZ,AWP,WE,Towers with Radar,0,42,93,0,135,0,3,303,0,306,0,45,396,0,441,207,0,207,648
09/02/2006,SDL,AZ,AWP,WE,Towers with Radar,0,4,41,0,45,0,1,130,0,131,0,5,171,0,176,69,0,69,245
09/03/2006,SDL,AZ,AWP,WE,Towers with Radar,0,11,36,0,47,0,2,105,0,107,0,13,141,0,154,55,0,55,209
09/04/2006,SDL,AZ,AWP,WE,Towers with Radar,0,25,97,0,122,0,23,138,0,161,0,48,235,0,283,39,0,39,322
09/05/2006,SDL,AZ,AWP,WE,Towers with Radar,0,24,78,0,102,0,0,243,0,243,0,24,321,0,345,165,0,165,510
09/06/2006,SDL,AZ,AWP,WE,Towers with Radar,0,27,95,0,122,0,1,281,0,282,0,28,376,0,404,200,0,200,604
09/07/2006,SDL,AZ,AWP,WE,Towers with Radar,0,16,102,0,118,0,2,271,1,274,0,18,373,1,392,186,0,186,578
09/08/2006,SDL,AZ,AWP,WE,Towers with Radar,0,30,82,0,112,0,4,319,0,323,0,34,401,0,435,168,0,168,603
09/09/2006,SDL,AZ,AWP,WE,Towers with Radar,0,14,51,0,65,0,1,88,0,89,0,15,139,0,154,87,0,87,241
09/10/2006,SDL,AZ,AWP,WE,Towers with Radar,0,23,96,0,119,0,7,167,0,174,0,30,263,0,293,31,0,31,324
09/11/2006,SDL,AZ,AWP,WE,Towers with Radar,0,22,64,0,86,0,2,309,0,311,0,24,373,0,397,213,0,213,610
09/12/2006,SDL,AZ,AWP,WE,Towers with Radar,0,23,84,0,107,0,3,204,0,207,0,26,288,0,314,111,0,111,425
09/13/2006,SDL,AZ,AWP,WE,Towers with Radar,0,29,89,0,118,0,0,270,0,270,0,29,359,0,388,129,0,129,517
09/14/2006,SDL,AZ,AWP,WE,Towers with Radar,0,17,88,0,105,0,7,284,1,292,0,24,372,1,397,176,0,176,573
09/15/2006,SDL,AZ,AWP,WE,Towers with Radar,0,18,99,2,119,0,7,269,0,276,0,25,368,2,395,185,0,185,580
09/16/2006,SDL,AZ,AWP,WE,Towers with Radar,0,20,40,0,60,0,1,178,0,179,0,21,218,0,239,89,0,89,328
09/17/2006,SDL,AZ,AWP,WE,Towers with Radar,0,19,86,0,105,0,6,172,0,178,0,25,258,0,283,95,0,95,378
09/18/2006,SDL,AZ,AWP,WE,Towers with Radar,0,24,87,2,113,0,5,233,0,238,0,29,320,2,351,202,0,202,553
09/19/2006,SDL,AZ,AWP,WE,Towers with Radar,0,25,84,0,109,0,1,236,0,237,0,26,320,0,346,265,0,265,611
09/20/2006,SDL,AZ,AWP,WE,Towers with Radar,0,27,86,0,113,0,1,244,0,245,0,28,330,0,358,325,0,325,683
09/21/2006,SDL,AZ,AWP,WE,Towers with Radar,0,28,88,0,116,0,8,281,0,289,0,36,369,0,405,266,0,266,671
09/22/2006,SDL,AZ,AWP,WE,Towers with Radar,0,23,103,3,129,0,5,282,1,288,0,28,385,4,417,250,0,250,667
09/23/2006,SDL,AZ,AWP,WE,Towers with Radar,0,14,55,1,70,0,8,212,1,221,0,22,267,2,291,141,0,141,432
09/24/2006,SDL,AZ,AWP,WE,Towers with Radar,0,25,98,0,123,0,2,145,0,147,0,27,243,0,270,108,0,108,378
09/25/2006,SDL,AZ,AWP,WE,Towers with Radar,0,25,92,0,117,0,2,266,0,268,0,27,358,0,385,174,0,174,559
09/26/2006,SDL,AZ,AWP,WE,Towers with Radar,0,14,83,0,97,0,5,276,0,281,0,19,359,0,378,229,0,229,607
09/27/2006,SDL,AZ,AWP,WE,Towers with Radar,0,23,95,0,118,0,3,280,0,283,0,26,375,0,401,115,0,115,516
09/28/2006,SDL,AZ,AWP,WE,Towers with Radar,0,23,105,0,128,0,6,252,0,258,0,29,357,0,386,213,0,213,599
09/29/2006,SDL,AZ,AWP,WE,Towers with Radar,0,20,112,0,132,0,1,279,0,280,0,21,391,0,412,210,0,210,622
09/30/2006,SDL,AZ,AWP,WE,Towers with Radar,0,23,51,0,74,0,3,173,1,177,0,26,224,1,251,160,0,160,411
10/01/2006,SDL,AZ,AWP,WE,Towers with Radar,0,23,96,0,119,0,2,127,0,129,0,25,223,0,248,47,0,47,295
10/02/2006,SDL,AZ,AWP,WE,Towers with Radar,0,20,85,0,105,0,4,243,0,247,0,24,328,0,352,160,0,160,512
10/03/2006,SDL,AZ,AWP,WE,Towers with Radar,0,30,109,0,139,0,0,221,0,221,0,30,330,0,360,152,0,152,512
10/04/2006,SDL,AZ,AWP,WE,Towers with Radar,0,15,83,0,98,0,2,193,0,195,0,17,276,0,293,148,0,148,441
10/05/2006,SDL,AZ,AWP,WE,Towers with Radar,0,47,112,0,159,0,4,273,1,278,0,51,385,1,437,146,0,146,583
10/06/2006,SDL,AZ,AWP,WE,Towers with Radar,0,20,116,0,136,0,6,129,0,135,0,26,245,0,271,108,0,108,379
10/07/2006,SDL,AZ,AWP,WE,Towers with Radar,0,22,47,0,69,0,5,193,0,198,0,27,240,0,267,179,0,179,446
10/08/2006,SDL,AZ,AWP,WE,Towers with Radar,0,25,102,0,127,0,2,131,0,133,0,27,233,0,260,84,0,84,344
10/09/2006,SDL,AZ,AWP,WE,Towers with Radar,0,49,84,0,133,0,0,193,0,193,0,49,277,0,326,176,0,176,502
10/10/2006,SDL,AZ,AWP,WE,Towers with Radar,0,28,87,1,116,0,4,277,0,281,0,32,364,1,397,237,0,237,634
10/11/2006,SDL,AZ,AWP,WE,Towers with Radar,0,23,97,0,120,0,6,275,0,281,0,29,372,0,401,212,0,212,613
10/12/2006,SDL,AZ,AWP,WE,Towers with Radar,0,39,113,0,152,0,1,320,0,321,0,40,433,0,473,235,0,235,708
10/13/2006,SDL,AZ,AWP,WE,Towers with Radar,0,31,96,0,127,0,3,256,0,259,0,34,352,0,386,219,0,219,605
10/14/2006,SDL,AZ,AWP,WE,Towers with Radar,0,27,57,0,84,0,0,96,0,96,0,27,153,0,180,107,0,107,287
10/15/2006,SDL,AZ,AWP,WE,Towers with Radar,0,29,110,0,139,0,2,138,0,140,0,31,248,0,279,126,0,126,405
10/16/2006,SDL,AZ,AWP,WE,Towers with Radar,0,11,96,3,110,0,5,240,0,245,0,16,336,3,355,292,0,292,647
10/17/2006,SDL,AZ,AWP,WE,Towers with Radar,0,18,99,1,118,0,9,210,0,219,0,27,309,1,337,251,0,251,588
10/18/2006,SDL,AZ,AWP,WE,Towers with Radar,0,22,106,0,128,0,2,287,0,289,0,24,393,0,417,209,0,209,626
10/19/2006,SDL,AZ,AWP,WE,Towers with Radar,0,39,124,0,163,0,12,326,0,338,0,51,450,0,501,174,0,174,675
10/20/2006,SDL,AZ,AWP,WE,Towers with Radar,0,31,124,0,155,0,3,325,0,328,0,34,449,0,483,182,0,182,665
10/21/2006,SDL,AZ,AWP,WE,Towers with Radar,0,26,21,0,47,0,0,210,0,210,0,26,231,0,257,161,0,161,418
10/22/2006,SDL,AZ,AWP,WE,Towers with Radar,0,23,103,0,126,0,11,120,0,131,0,34,223,0,257,102,0,102,359
10/23/2006,SDL,AZ,AWP,WE,Towers with Radar,0,24,92,0,116,0,1,273,0,274,0,25,365,0,390,216,0,216,606
10/24/2006,SDL,AZ,AWP,WE,Towers with Radar,0,28,102,0,130,0,8,240,0,248,0,36,342,0,378,217,0,217,595
10/25/2006,SDL,AZ,AWP,WE,Towers with Radar,0,37,114,0,151,0,3,265,0,268,0,40,379,0,419,243,0,243,662
10/26/2006,SDL,AZ,AWP,WE,Towers with Radar,0,43,110,0,153,0,7,298,0,305,0,50,408,0,458,120,0,120,578
10/27/2006,SDL,AZ,AWP,WE,Towers with Radar,0,52,162,1,215,0,2,250,1,253,0,54,412,2,468,173,0,173,641
10/28/2006,SDL,AZ,AWP,WE,Towers with Radar,0,27,56,0,83,0,4,178,0,182,0,31,234,0,265,134,0,134,399
10/29/2006,SDL,AZ,AWP,WE,Towers with Radar,0,48,117,0,165,0,5,124,0,129,0,53,241,0,294,89,0,89,383
10/30/2006,SDL,AZ,AWP,WE,Towers with Radar,0,24,104,0,128,0,4,279,0,283,0,28,383,0,411,248,0,248,659
10/31/2006,SDL,AZ,AWP,WE,Towers with Radar,0,29,110,0,139,0,5,237,0,242,0,34,347,0,381,210,0,210,591
11/01/2006,SDL,AZ,AWP,WE,Towers with Radar,0,35,130,0,165,0,0,291,0,291,0,35,421,0,456,184,0,184,640
11/02/2006,SDL,AZ,AWP,WE,Towers with Radar,0,38,114,0,152,0,7,327,0,334,0,45,441,0,486,194,0,194,680
11/03/2006,SDL,AZ,AWP,WE,Towers with Radar,0,39,120,3,162,0,8,296,0,304,0,47,416,3,466,175,0,175,641
11/04/2006,SDL,AZ,AWP,WE,Towers with Radar,0,26,73,0,99,0,3,246,0,249,0,29,319,0,348,80,0,80,428
11/05/2006,SDL,AZ,AWP,WE,Towers with Radar,0,37,114,0,151,0,1,152,0,153,0,38,266,0,304,90,0,90,394
11/06/2006,SDL,AZ,AWP,WE,Towers with Radar,0,29,97,0,126,0,6,263,1,270,0,35,360,1,396,216,0,216,612
11/07/2006,SDL,AZ,AWP,WE,Towers with Radar,0,34,100,0,134,0,0,270,0,270,0,34,370,0,404,213,0,213,617
11/08/2006,SDL,AZ,AWP,WE,Towers with Radar,0,32,115,0,147,0,3,302,1,306,0,35,417,1,453,234,0,234,687
11/09/2006,SDL,AZ,AWP,WE,Towers with Radar,0,50,134,0,184,0,8,359,0,367,0,58,493,0,551,171,0,171,722
11/10/2006,SDL,AZ,AWP,WE,Towers with Radar,0,43,131,0,174,0,6,339,8,353,0,49,470,8,527,166,0,166,693
11/11/2006,SDL,AZ,AWP,WE,Towers with Radar,0,22,58,0,80,0,1,190,2,193,0,23,248,2,273,118,0,118,391
11/12/2006,SDL,AZ,AWP,WE,Towers with Radar,0,45,128,1,174,0,4,170,0,174,0,49,298,1,348,78,0,78,426
11/13/2006,SDL,AZ,AWP,WE,Towers with Radar,0,30,95,0,125,0,10,282,0,292,0,40,377,0,417,183,0,183,600
11/14/2006,SDL,AZ,AWP,WE,Towers with Radar,0,39,125,0,164,0,5,235,0,240,0,44,360,0,404,204,0,204,608
11/15/2006,SDL,AZ,AWP,WE,Towers with Radar,0,42,193,0,235,0,7,262,0,269,0,49,455,0,504,202,0,202,706
11/16/2006,SDL,AZ,AWP,WE,Towers with Radar,0,60,138,0,198,0,8,338,0,346,0,68,476,0,544,156,0,156,700
11/17/2006,SDL,AZ,AWP,WE,Towers with Radar,0,49,139,0,188,0,6,366,0,372,0,55,505,0,560,141,0,141,701
11/18/2006,SDL,AZ,AWP,WE,Towers with Radar,0,20,80,0,100,0,1,208,0,209,0,21,288,0,309,55,0,55,364
11/19/2006,SDL,AZ,AWP,WE,Towers with Radar,0,43,112,2,157,0,6,172,0,178,0,49,284,2,335,100,0,100,435
11/20/2006,SDL,AZ,AWP,WE,Towers with Radar,0,33,97,0,130,0,1,210,0,211,0,34,307,0,341,233,0,233,574
11/21/2006,SDL,AZ,AWP,WE,Towers with Radar,0,32,135,0,167,0,10,270,0,280,0,42,405,0,447,192,0,192,639
11/22/2006,SDL,AZ,AWP,WE,Towers with Radar,0,42,162,0,204,0,2,289,0,291,0,44,451,0,495,106,0,106,601
11/23/2006,SDL,AZ,AWP,WE,Towers with Radar,0,22,19,0,41,0,1,99,0,100,0,23,118,0,141,67,0,67,208
11/24/2006,SDL,AZ,AWP,WE,Towers with Radar,0,22,69,0,91,0,8,234,0,242,0,30,303,0,333,184,0,184,517
11/25/2006,SDL,AZ,AWP,WE,Towers with Radar,0,33,69,0,102,0,1,142,0,143,0,34,211,0,245,86,0,86,331
11/26/2006,SDL,AZ,AWP,WE,Towers with Radar,0,42,193,0,235,0,6,129,0,135,0,48,322,0,370,51,0,51,421
11/27/2006,SDL,AZ,AWP,WE,Towers with Radar,0,32,131,0,163,0,0,237,0,237,0,32,368,0,400,150,0,150,550
11/28/2006,SDL,AZ,AWP,WE,Towers with Radar,0,45,104,0,149,0,3,199,0,202,0,48,303,0,351,139,0,139,490
11/29/2006,SDL,AZ,AWP,WE,Towers with Radar,0,31,106,0,137,0,3,171,0,174,0,34,277,0,311,76,0,76,387
11/30/2006,SDL,AZ,AWP,WE,Towers with Radar,0,40,110,0,150,0,5,341,0,346,0,45,451,0,496,210,0,210,706
12/01/2006,SDL,AZ,AWP,WE,Towers with Radar,0,33,103,2,138,0,4,307,2,313,0,37,410,4,451,196,0,196,647
12/02/2006,SDL,AZ,AWP,WE,Towers with Radar,0,19,70,0,89,0,4,149,0,153,0,23,219,0,242,182,0,182,424
12/03/2006,SDL,AZ,AWP,WE,Towers with Radar,0,32,103,0,135,0,0,109,0,109,0,32,212,0,244,134,0,134,378
12/04/2006,SDL,AZ,AWP,WE,Towers with Radar,0,25,90,0,115,0,11,247,0,258,0,36,337,0,373,192,0,192,565
12/05/2006,SDL,AZ,AWP,WE,Towers with Radar,0,28,101,0,129,0,5,215,0,220,0,33,316,0,349,245,0,245,594
12/06/2006,SDL,AZ,AWP,WE,Towers with Radar,0,28,113,0,141,0,3,275,0,278,0,31,388,0,419,205,0,205,624
12/07/2006,SDL,AZ,AWP,WE,Towers with Radar,0,42,122,0,164,0,6,214,0,220,0,48,336,0,384,182,0,182,566
12/08/2006,SDL,AZ,AWP,WE,Towers with Radar,0,43,95,2,140,0,1,270,0,271,0,44,365,2,411,182,0,182,593
12/09/2006,SDL,AZ,AWP,WE,Towers with Radar,0,14,61,0,75,0,10,120,0,130,0,24,181,0,205,199,0,199,404
12/10/2006,SDL,AZ,AWP,WE,Towers with Radar,0,40,98,2,140,0,2,164,0,166,0,42,262,2,306,105,0,105,411
12/11/2006,SDL,AZ,AWP,WE,Towers with Radar,0,34,75,0,109,0,9,251,0,260,0,43,326,0,369,276,0,276,645
12/12/2006,SDL,AZ,AWP,WE,Towers with Radar,0,20,91,0,111,0,2,297,0,299,0,22,388,0,410,239,0,239,649
12/13/2006,SDL,AZ,AWP,WE,Towers with Radar,0,27,91,0,118,0,1,282,0,283,0,28,373,0,401,217,0,217,618
12/14/2006,SDL,AZ,AWP,WE,Towers with Radar,0,31,75,0,106,0,4,192,0,196,0,35,267,0,302,278,0,278,580
12/15/2006,SDL,AZ,AWP,WE,Towers with Radar,0,43,81,1,125,0,6,274,0,280,0,49,355,1,405,170,0,170,575
12/16/2006,SDL,AZ,AWP,WE,Towers with Radar,0,14,67,0,81,0,9,124,0,133,0,23,191,0,214,109,0,109,323
12/17/2006,SDL,AZ,AWP,WE,Towers with Radar,0,23,86,1,110,0,5,80,1,86,0,28,166,2,196,134,0,134,330
12/18/2006,SDL,AZ,AWP,WE,Towers with Radar,0,23,70,0,93,0,2,180,0,182,0,25,250,0,275,175,0,175,450
12/19/2006,SDL,AZ,AWP,WE,Towers with Radar,0,28,90,2,120,0,2,162,0,164,0,30,252,2,284,220,0,220,504
12/20/2006,SDL,AZ,AWP,WE,Towers with Radar,0,24,96,0,120,0,9,230,0,239,0,33,326,0,359,132,0,132,491
12/21/2006,SDL,AZ,AWP,WE,Towers with Radar,0,34,103,0,137,0,0,275,0,275,0,34,378,0,412,195,0,195,607
12/22/2006,SDL,AZ,AWP,WE,Towers with Radar,0,50,147,0,197,0,4,168,0,172,0,54,315,0,369,109,0,109,478
12/23/2006,SDL,AZ,AWP,WE,Towers with Radar,0,42,112,0,154,0,3,168,0,171,0,45,280,0,325,79,0,79,404
12/24/2006,SDL,AZ,AWP,WE,Towers with Radar,0,12,24,0,36,0,0,83,0,83,0,12,107,0,119,54,0,54,173
12/25/2006,SDL,AZ,AWP,WE,Towers with Radar,0,11,18,0,29,0,0,39,0,39,0,11,57,0,68,21,0,21,89
12/26/2006,SDL,AZ,AWP,WE,Towers with Radar,0,42,139,0,181,0,5,158,0,163,0,47,297,0,344,67,0,67,411
12/27/2006,SDL,AZ,AWP,WE,Towers with Radar,0,46,144,0,190,0,4,185,0,189,0,50,329,0,379,62,0,62,441
12/28/2006,SDL,AZ,AWP,WE,Towers with Radar,0,39,144,0,183,0,7,54,0,61,0,46,198,0,244,124,0,124,368
12/29/2006,SDL,AZ,AWP,WE,Towers with Radar,0,37,0,0,37,0,5,309,0,314,0,42,309,0,351,148,0,148,499
12/30/2006,SDL,AZ,AWP,WE,Towers with Radar,0,35,112,0,147,0,2,177,0,179,0,37,289,0,326,60,0,60,386
12/31/2006,SDL,AZ,AWP,WE,Towers with Radar,0,35,74,0,109,0,0,117,0,117,0,35,191,0,226,56,0,56,282
01/01/2007,SDL,AZ,AWP,WE,Towers with Radar,0,43,111,0,154,0,9,97,0,106,0,52,208,0,260,62,0,62,322
01/02/2007,SDL,AZ,AWP,WE,Towers with Radar,0,46,180,0,226,0,5,230,0,235,0,51,410,0,461,67,0,67,528
01/03/2007,SDL,AZ,AWP,WE,Towers with Radar,0,34,116,0,150,0,6,228,0,234,0,40,344,0,384,139,0,139,523
01/04/2007,SDL,AZ,AWP,WE,Towers with Radar,0,36,96,0,132,0,3,301,0,304,0,39,397,0,436,155,0,155,591
01/05/2007,SDL,AZ,AWP,WE,Towers with Radar,0,42,105,2,149,0,4,198,2,204,0,46,303,4,353,148,0,148,501
01/06/2007,SDL,AZ,AWP,WE,Towers with Radar,0,45,126,0,171,0,6,462,0,468,0,51,588,0,639,91,0,91,730
01/07/2007,SDL,AZ,AWP,WE,Towers with Radar,0,49,126,0,175,0,7,122,0,129,0,56,248,0,304,64,0,64,368
01/08/2007,SDL,AZ,AWP,WE,Towers with Radar,0,33,109,0,142,0,4,232,0,236,0,37,341,0,378,119,0,119,497
01/09/2007,SDL,AZ,AWP,WE,Towers with Radar,0,62,160,0,222,0,2,246,0,248,0,64,406,0,470,61,0,61,531
01/10/2007,SDL,AZ,AWP,WE,Towers with Radar,0,26,111,0,137,0,4,243,0,247,0,30,354,0,384,206,0,206,590
01/11/2007,SDL,AZ,AWP,WE,Towers with Radar,0,61,123,1,185,0,8,207,1,216,0,69,330,2,401,184,0,184,585
01/12/2007,SDL,AZ,AWP,WE,Towers with Radar,0,58,121,1,180,0,3,191,0,194,0,61,312,1,374,142,0,142,516
01/13/2007,SDL,AZ,AWP,WE,Towers with Radar,0,25,48,0,73,0,2,112,0,114,0,27,160,0,187,180,0,180,367
01/14/2007,SDL,AZ,AWP,WE,Towers with Radar,0,41,86,0,127,0,2,137,0,139,0,43,223,0,266,116,0,116,382
01/15/2007,SDL,AZ,AWP,WE,Towers with Radar,0,39,124,0,163,0,2,271,0,273,0,41,395,0,436,141,0,141,577
01/16/2007,SDL,AZ,AWP,WE,Towers with Radar,0,40,99,0,139,0,0,263,0,263,0,40,362,0,402,154,0,154,556
01/17/2007,SDL,AZ,AWP,WE,Towers with Radar,0,53,134,0,187,0,6,285,0,291,0,59,419,0,478,122,0,122,600
01/18/2007,SDL,AZ,AWP,WE,Towers with Radar,0,49,182,0,231,0,4,283,0,287,0,53,465,0,518,62,0,62,580
01/19/2007,SDL,AZ,AWP,WE,Towers with Radar,0,32,120,1,153,0,0,84,1,85,0,32,204,2,238,42,0,42,280
01/20/2007,SDL,AZ,AWP,WE,Towers with Radar,0,34,108,0,142,0,1,90,0,91,0,35,198,0,233,89,0,89,322
01/21/2007,SDL,AZ,AWP,WE,Towers with Radar,0,55,168,1,224,0,2,48,0,50,0,57,216,1,274,26,0,26,300
01/22/2007,SDL,AZ,AWP,WE,Towers with Radar,0,39,111,0,150,0,2,227,0,229,0,41,338,0,379,157,0,157,536
01/23/2007,SDL,AZ,AWP,WE,Towers with Radar,0,35,110,0,145,0,1,300,0,301,0,36,410,0,446,161,0,161,607
01/24/2007,SDL,AZ,AWP,WE,Towers with Radar,0,41,121,0,162,0,6,324,0,330,0,47,445,0,492,148,0,148,640
01/25/2007,SDL,AZ,AWP,WE,Towers with Radar,0,37,128,0,165,0,6,324,0,330,0,43,452,0,495,138,0,138,633
01/26/2007,SDL,AZ,AWP,WE,Towers with Radar,0,31,136,1,168,0,11,305,0,316,0,42,441,1,484,129,0,129,613
01/27/2007,SDL,AZ,AWP,WE,Towers with Radar,0,25,74,0,99,0,6,202,0,208,0,31,276,0,307,174,0,174,481
01/28/2007,SDL,AZ,AWP,WE,Towers with Radar,0,64,141,1,206,0,2,199,0,201,0,66,340,1,407,39,0,39,446
01/29/2007,SDL,AZ,AWP,WE,Towers with Radar,0,42,101,0,143,0,0,243,0,243,0,42,344,0,386,119,0,119,505
01/30/2007,SDL,AZ,AWP,WE,Towers with Radar,0,29,107,0,136,0,2,182,0,184,0,31,289,0,320,107,0,107,427
01/31/2007,SDL,AZ,AWP,WE,Towers with Radar,0,48,144,0,192,0,1,135,0,136,0,49,279,0,328,24,0,24,352
02/01/2007,SDL,AZ,AWP,WE,Towers with Radar,0,54,160,0,214,0,3,175,0,178,0,57,335,0,392,86,0,86,478
02/02/2007,SDL,AZ,AWP,WE,Towers with Radar,0,57,118,2,177,0,3,269,1,273,0,60,387,3,450,64,0,64,514
02/03/2007,SDL,AZ,AWP,WE,Towers with Radar,0,47,69,1,117,0,2,266,0,268,0,49,335,1,385,90,0,90,475
02/04/2007,SDL,AZ,AWP,WE,Towers with Radar,0,54,121,1,176,0,5,140,0,145,0,59,261,1,321,84,0,84,405
02/05/2007,SDL,AZ,AWP,WE,Towers with Radar,0,53,119,0,172,0,0,234,0,234,0,53,353,0,406,78,0,78,484
02/06/2007,SDL,AZ,AWP,WE,Towers with Radar,0,23,98,1,122,0,5,194,0,199,0,28,292,1,321,142,0,142,463
02/07/2007,SDL,AZ,AWP,WE,Towers with Radar,0,46,104,1,151,0,1,222,0,223,0,47,326,1,374,167,0,167,541
02/08/2007,SDL,AZ,AWP,WE,Towers with Radar,0,43,118,2,163,0,0,292,0,292,0,43,410,2,455,114,0,114,569
02/09/2007,SDL,AZ,AWP,WE,Towers with Radar,0,39,109,2,150,0,0,339,0,339,0,39,448,2,489,183,0,183,672
02/10/2007,SDL,AZ,AWP,WE,Towers with Radar,0,25,69,0,94,0,7,202,0,209,0,32,271,0,303,124,0,124,427
02/11/2007,SDL,AZ,AWP,WE,Towers with Radar,0,49,140,0,189,0,1,82,0,83,0,50,222,0,272,38,0,38,310
02/12/2007,SDL,AZ,AWP,WE,Towers with Radar,0,39,110,0,149,0,2,234,0,236,0,41,344,0,385,127,0,127,512
02/13/2007,SDL,AZ,AWP,WE,Towers with Radar,0,36,88,0,124,0,1,194,0,195,0,37,282,0,319,87,0,87,406
02/14/2007,SDL,AZ,AWP,WE,Towers with Radar,0,31,103,0,134,0,1,213,0,214,0,32,316,0,348,112,0,112,460
02/15/2007,SDL,AZ,AWP,WE,Towers with Radar,0,38,128,0,166,0,1,269,0,270,0,39,397,0,436,60,0,60,496
02/16/2007,SDL,AZ,AWP,WE,Towers with Radar,0,60,163,0,223,0,8,308,0,316,0,68,471,0,539,132,0,132,671
02/17/2007,SDL,AZ,AWP,WE,Towers with Radar,0,31,93,0,124,0,5,223,0,228,0,36,316,0,352,0,116,116,468
02/18/2007,SDL,AZ,AWP,WE,Towers with Radar,0,38,110,2,150,0,13,170,0,183,0,51,280,2,333,126,0,126,459
02/19/2007,SDL,AZ,AWP,WE,Towers with Radar,0,38,189,0,227,0,3,127,0,130,0,41,316,0,357,89,0,89,446
02/20/2007,SDL,AZ,AWP,WE,Towers with Radar,0,41,143,0,184,0,3,198,0,201,0,44,341,0,385,130,0,130,515
02/21/2007,SDL,AZ,AWP,WE,Towers with Radar,0,41,142,0,183,0,5,253,0,258,0,46,395,0,441,192,0,192,633
02/22/2007,SDL,AZ,AWP,WE,Towers with Radar,0,48,172,2,222,0,11,232,0,243,0,59,404,2,465,110,0,110,575
02/23/2007,SDL,AZ,AWP,WE,Towers with Radar,0,46,139,6,191,0,9,152,0,161,0,55,291,6,352,96,0,96,448
02/24/2007,SDL,AZ,AWP,WE,Towers with Radar,0,30,94,2,126,0,10,211,2,223,0,40,305,4,349,146,0,146,495
02/25/2007,SDL,AZ,AWP,WE,Towers with Radar,0,44,146,0,190,0,5,183,0,188,0,49,329,0,378,88,0,88,466
02/26/2007,SDL,AZ,AWP,WE,Towers with Radar,0,46,123,0,169,0,4,207,0,211,0,50,330,0,380,114,0,114,494
02/27/2007,SDL,AZ,AWP,WE,Towers with Radar,0,24,120,0,144,0,6,198,0,204,0,30,318,0,348,143,0,143,491
02/28/2007,SDL,AZ,AWP,WE,Towers with Radar,0,44,124,0,168,0,18,200,0,218,0,62,324,0,386,168,0,168,554
03/01/2007,SDL,AZ,AWP,WE,Towers with Radar,0,61,153,0,214,0,6,293,1,300,0,67,446,1,514,153,0,153,667
03/02/2007,SDL,AZ,AWP,WE,Towers with Radar,0,65,109,0,174,0,7,239,1,247,0,72,348,1,421,71,0,71,492
03/03/2007,SDL,AZ,AWP,WE,Towers with Radar,0,35,74,0,109,0,1,157,0,158,0,36,231,0,267,84,0,84,351
03/04/2007,SDL,AZ,AWP,WE,Towers with Radar,0,50,118,0,168,0,3,193,0,196,0,53,311,0,364,158,0,158,522
03/05/2007,SDL,AZ,AWP,WE,Towers with Radar,0,36,117,0,153,0,6,219,0,225,0,42,336,0,378,56,0,56,434
03/06/2007,SDL,AZ,AWP,WE,Towers with Radar,0,42,131,0,173,0,6,239,0,245,0,48,370,0,418,135,0,135,553
03/07/2007,SDL,AZ,AWP,WE,Towers with Radar,0,50,129,1,180,0,5,242,0,247,0,55,371,1,427,155,0,155,582
03/08/2007,SDL,AZ,AWP,WE,Towers with Radar,0,58,152,0,210,0,8,322,1,331,0,66,474,1,541,96,0,96,637
03/09/2007,SDL,AZ,AWP,WE,Towers with Radar,0,64,143,1,208,0,3,343,4,350,0,67,486,5,558,100,0,100,658
03/10/2007,SDL,AZ,AWP,WE,Towers with Radar,0,34,73,2,109,0,1,253,3,257,0,35,326,5,366,164,0,164,530
03/11/2007,SDL,AZ,AWP,WE,Towers with Radar,0,70,143,0,213,0,2,272,3,277,0,72,415,3,490,50,0,50,540
03/12/2007,SDL,AZ,AWP,WE,Towers with Radar,0,44,105,2,151,0,2,256,0,258,0,46,361,2,409,70,0,70,479
03/13/2007,SDL,AZ,AWP,WE,Towers with Radar,0,30,109,0,139,0,6,222,0,228,0,36,331,0,367,113,0,113,480
03/14/2007,SDL,AZ,AWP,WE,Towers with Radar,0,44,139,0,183,0,7,232,0,239,0,51,371,0,422,86,0,86,508
03/15/2007,SDL,AZ,AWP,WE,Towers with Radar,0,56,141,0,197,0,0,234,0,234,0,56,375,0,431,82,0,82,513
03/16/2007,SDL,AZ,AWP,WE,Towers with Radar,0,52,179,4,235,0,1,219,3,223,0,53,398,7,458,147,0,147,605
03/17/2007,SDL,AZ,AWP,WE,Towers with Radar,0,36,99,0,135,0,1,205,0,206,0,37,304,0,341,112,0,112,453
03/18/2007,SDL,AZ,AWP,WE,Towers with Radar,0,52,179,0,231,0,11,199,0,210,0,63,378,0,441,110,0,110,551
03/19/2007,SDL,AZ,AWP,WE,Towers with Radar,0,39,138,0,177,0,4,241,0,245,0,43,379,0,422,26,0,26,448
03/20/2007,SDL,AZ,AWP,WE,Towers with Radar,0,44,122,0,166,0,3,227,0,230,0,47,349,0,396,99,0,99,495
03/21/2007,SDL,AZ,AWP,WE,Towers with Radar,0,36,132,0,168,0,4,210,0,214,0,40,342,0,382,100,0,100,482
03/22/2007,SDL,AZ,AWP,WE,Towers with Radar,0,50,167,0,217,0,6,136,0,142,0,56,303,0,359,34,0,34,393
03/23/2007,SDL,AZ,AWP,WE,Towers with Radar,0,62,175,0,237,0,1,160,0,161,0,63,335,0,398,85,0,85,483
03/24/2007,SDL,AZ,AWP,WE,Towers with Radar,0,49,132,0,181,0,2,130,2,134,0,51,262,2,315,106,0,106,421
03/25/2007,SDL,AZ,AWP,WE,Towers with Radar,0,52,169,0,221,0,6,234,0,240,0,58,403,0,461,84,0,84,545
03/26/2007,SDL,AZ,AWP,WE,Towers with Radar,0,44,112,2,158,0,2,230,0,232,0,46,342,2,390,66,0,66,456
03/27/2007,SDL,AZ,AWP,WE,Towers with Radar,0,37,114,0,151,0,6,172,0,178,0,43,286,0,329,63,0,63,392
03/28/2007,SDL,AZ,AWP,WE,Towers with Radar,0,47,139,0,186,0,9,237,0,246,0,56,376,0,432,220,0,220,652
03/29/2007,SDL,AZ,AWP,WE,Towers with Radar,0,46,143,2,191,0,6,315,0,321,0,52,458,2,512,92,0,92,604
03/30/2007,SDL,AZ,AWP,WE,Towers with Radar,0,33,157,4,194,0,8,226,0,234,0,41,383,4,428,123,0,123,551
03/31/2007,SDL,AZ,AWP,WE,Towers with Radar,0,44,115,4,163,0,1,220,2,223,0,45,335,6,386,107,0,107,493
04/01/2007,SDL,AZ,AWP,WE,Towers with Radar,0,62,153,6,221,0,9,188,3,200,0,71,341,9,421,50,0,50,471
04/02/2007,SDL,AZ,AWP,WE,Towers with Radar,0,26,94,0,120,0,2,226,0,228,0,28,320,0,348,98,0,98,446
04/03/2007,SDL,AZ,AWP,WE,Towers with Radar,0,26,82,0,108,0,6,240,0,246,0,32,322,0,354,216,0,216,570
04/04/2007,SDL,AZ,AWP,WE,Towers with Radar,0,44,129,0,173,0,4,332,0,336,0,48,461,0,509,115,0,115,624
04/05/2007,SDL,AZ,AWP,WE,Towers with Radar,0,46,163,0,209,0,5,297,0,302,0,51,460,0,511,154,0,154,665
04/06/2007,SDL,AZ,AWP,WE,Towers with Radar,0,49,148,5,202,0,1,310,0,311,0,50,458,5,513,127,0,127,640
04/07/2007,SDL,AZ,AWP,WE,Towers with Radar,0,35,62,3,100,0,7,208,0,215,0,42,270,3,315,142,0,142,457
04/08/2007,SDL,AZ,AWP,WE,Towers with Radar,0,38,0,0,38,0,0,184,0,184,0,38,184,0,222,28,0,28,250
04/09/2007,SDL,AZ,AWP,WE,Towers with Radar,0,46,157,0,203,0,7,226,1,234,0,53,383,1,437,112,0,112,549
04/10/2007,SDL,AZ,AWP,WE,Towers with Radar,0,33,83,0,116,0,5,224,0,229,0,38,307,0,345,82,0,82,427
04/11/2007,SDL,AZ,AWP,WE,Towers with Radar,0,42,130,0,172,0,4,246,0,250,0,46,376,0,422,102,0,102,524
04/12/2007,SDL,AZ,AWP,WE,Towers with Radar,0,25,134,1,160,0,5,193,0,198,0,30,327,1,358,126,0,126,484
04/13/2007,SDL,AZ,AWP,WE,Towers with Radar,0,35,120,3,158,0,2,321,1,324,0,37,441,4,482,110,0,110,592
04/14/2007,SDL,AZ,AWP,WE,Towers with Radar,0,28,71,1,100,0,5,277,1,283,0,33,348,2,383,142,0,142,525
04/15/2007,SDL,AZ,AWP,WE,Towers with Radar,0,52,139,0,191,0,0,211,0,211,0,52,350,0,402,121,0,121,523
04/16/2007,SDL,AZ,AWP,WE,Towers with Radar,0,44,95,0,139,0,1,219,0,220,0,45,314,0,359,122,0,122,481
04/17/2007,SDL,AZ,AWP,WE,Towers with Radar,0,35,98,0,133,0,2,258,0,260,0,37,356,0,393,134,0,134,527
04/18/2007,SDL,AZ,AWP,WE,Towers with Radar,0,62,138,0,200,0,2,291,0,293,0,64,429,0,493,136,0,136,629
04/19/2007,SDL,AZ,AWP,WE,Towers with Radar,0,44,144,2,190,0,6,275,0,281,0,50,419,2,471,169,0,169,640
04/20/2007,SDL,AZ,AWP,WE,Towers with Radar,0,51,126,3,180,0,3,286,0,289,0,54,412,3,469,198,0,198,667
04/21/2007,SDL,AZ,AWP,WE,Towers with Radar,0,35,77,0,112,0,1,147,4,152,0,36,224,4,264,114,0,114,378
04/22/2007,SDL,AZ,AWP,WE,Towers with Radar,0,71,141,1,213,0,1,150,2,153,0,72,291,3,366,92,0,92,458
04/23/2007,SDL,AZ,AWP,WE,Towers with Radar,0,41,119,0,160,0,9,238,0,247,0,50,357,0,407,100,0,100,507
04/24/2007,SDL,AZ,AWP,WE,Towers with Radar,0,37,140,0,177,0,0,268,0,268,0,37,408,0,445,174,0,174,619
04/25/2007,SDL,AZ,AWP,WE,Towers with Radar,0,37,137,0,174,0,4,323,0,327,0,41,460,0,501,108,0,108,609
04/26/2007,SDL,AZ,AWP,WE,Towers with Radar,0,55,144,0,199,0,1,327,0,328,0,56,471,0,527,180,0,180,707
04/27/2007,SDL,AZ,AWP,WE,Towers with Radar,0,36,130,4,170,0,1,332,2,335,0,37,462,6,505,94,0,94,599
04/28/2007,SDL,AZ,AWP,WE,Towers with Radar,0,20,65,0,85,0,7,210,1,218,0,27,275,1,303,174,0,174,477
04/29/2007,SDL,AZ,AWP,WE,Towers with Radar,0,66,130,4,200,0,1,196,0,197,0,67,326,4,397,148,0,148,545
04/30/2007,SDL,AZ,AWP,WE,Towers with Radar,0,28,88,2,118,0,3,270,0,273,0,31,358,2,391,187,0,187,578
05/01/2007,SDL,AZ,AWP,WE,Towers with Radar,0,26,94,0,120,0,6,237,0,243,0,32,331,0,363,308,0,308,671
05/02/2007,SDL,AZ,AWP,WE,Towers with Radar,0,31,114,0,145,0,4,276,0,280,0,35,390,0,425,165,0,165,590
05/03/2007,SDL,AZ,AWP,WE,Towers with Radar,0,51,116,0,167,0,2,252,0,254,0,53,368,0,421,214,0,214,635
05/04/2007,SDL,AZ,AWP,WE,Towers with Radar,0,32,135,0,167,0,3,218,0,221,0,35,353,0,388,116,0,116,504
05/05/2007,SDL,AZ,AWP,WE,Towers with Radar,0,24,81,1,106,0,0,124,0,124,0,24,205,1,230,90,0,90,320
05/06/2007,SDL,AZ,AWP,WE,Towers with Radar,0,52,119,1,172,0,6,191,0,197,0,58,310,1,369,72,0,72,441
05/07/2007,SDL,AZ,AWP,WE,Towers with Radar,0,24,110,0,134,0,9,267,0,276,0,33,377,0,410,148,0,148,558
05/08/2007,SDL,AZ,AWP,WE,Towers with Radar,0,25,85,0,110,0,0,0,0,0,0,25,85,0,110,216,0,216,326
05/09/2007,SDL,AZ,AWP,WE,Towers with Radar,0,39,119,0,158,0,5,273,1,279,0,44,392,1,437,120,0,120,557
05/10/2007,SDL,AZ,AWP,WE,Towers with Radar,0,41,105,0,146,0,5,325,0,330,0,46,430,0,476,132,0,132,608
05/11/2007,SDL,AZ,AWP,WE,Towers with Radar,0,41,96,1,138,0,2,290,4,296,0,43,386,5,434,131,0,131,565
05/12/2007,SDL,AZ,AWP,WE,Towers with Radar,0,26,53,1,80,0,3,212,0,215,0,29,265,1,295,222,0,222,517
05/13/2007,SDL,AZ,AWP,WE,Towers with Radar,0,34,92,0,126,0,1,221,0,222,0,35,313,0,348,102,0,102,450
05/14/2007,SDL,AZ,AWP,WE,Towers with Radar,0,31,84,2,117,0,10,264,0,274,0,41,348,2,391,142,0,142,533
05/15/2007,SDL,AZ,AWP,WE,Towers with Radar,0,34,88,0,122,0,3,249,0,252,0,37,337,0,374,158,0,158,532
05/16/2007,SDL,AZ,AWP,WE,Towers with Radar,0,27,110,0,137,0,6,275,2,283,0,33,385,2,420,146,0,146,566
05/17/2007,SDL,AZ,AWP,WE,Towers with Radar,0,20,107,0,127,0,1,269,2,272,0,21,376,2,399,98,0,98,497
05/18/2007,SDL,AZ,AWP,WE,Towers with Radar,0,39,122,2,163,0,3,242,0,245,0,42,364,2,408,89,0,89,497
05/19/2007,SDL,AZ,AWP,WE,Towers with Radar,0,13,71,2,86,0,110,191,6,307,0,123,262,8,393,126,0,126,519
05/20/2007,SDL,AZ,AWP,WE,Towers with Radar,0,30,76,6,112,0,1,183,0,184,0,31,259,6,296,127,0,127,423
05/21/2007,SDL,AZ,AWP,WE,Towers with Radar,0,18,76,0,94,0,0,227,0,227,0,18,303,0,321,73,0,73,394
05/22/2007,SDL,AZ,AWP,WE,Towers with Radar,0,31,76,0,107,0,5,297,0,302,0,36,373,0,409,188,0,188,597
05/23/2007,SDL,AZ,AWP,WE,Towers with Radar,0,37,132,0,169,0,5,257,0,262,0,42,389,0,431,162,0,162,593
05/24/2007,SDL,AZ,AWP,WE,Towers with Radar,0,41,138,0,179,0,0,241,0,241,0,41,379,0,420,250,0,250,670
05/25/2007,SDL,AZ,AWP,WE,Towers with Radar,0,44,112,2,158,0,3,286,0,289,0,47,398,2,447,150,0,150,597
05/26/2007,SDL,AZ,AWP,WE,Towers with Radar,0,15,46,0,61,0,4,189,0,193,0,19,235,0,254,123,0,123,377
05/27/2007,SDL,AZ,AWP,WE,Towers with Radar,0,30,51,0,81,0,2,141,0,143,0,32,192,0,224,152,0,152,376
05/28/2007,SDL,AZ,AWP,WE,Towers with Radar,0,35,100,0,135,0,3,177,0,180,0,38,277,0,315,70,0,70,385
05/29/2007,SDL,AZ,AWP,WE,Towers with Radar,0,28,67,0,95,0,1,254,0,255,0,29,321,0,350,160,0,160,510
05/30/2007,SDL,AZ,AWP,WE,Towers with Radar,0,22,83,0,105,0,24,215,2,241,0,46,298,2,346,198,0,198,544
05/31/2007,SDL,AZ,AWP,WE,Towers with Radar,0,28,81,0,109,0,0,257,0,257,0,28,338,0,366,176,0,176,542
06/01/2007,SDL,AZ,AWP,WE,Towers with Radar,0,25,74,3,102,0,5,272,7,284,0,30,346,10,386,147,0,147,533
06/02/2007,SDL,AZ,AWP,WE,Towers with Radar,0,23,45,0,68,0,0,137,3,140,0,23,182,3,208,82,0,82,290
06/03/2007,SDL,AZ,AWP,WE,Towers with Radar,0,22,71,9,102,0,6,196,4,206,0,28,267,13,308,96,0,96,404
06/04/2007,SDL,AZ,AWP,WE,Towers with Radar,0,24,72,0,96,0,3,211,0,214,0,27,283,0,310,67,0,67,377
06/05/2007,SDL,AZ,AWP,WE,Towers with Radar,0,24,82,0,106,0,6,255,0,261,0,30,337,0,367,220,0,220,587
06/06/2007,SDL,AZ,AWP,WE,Towers with Radar,0,23,83,0,106,0,1,188,0,189,0,24,271,0,295,173,0,173,468
06/07/2007,SDL,AZ,AWP,WE,Towers with Radar,0,23,108,0,131,0,0,298,0,298,0,23,406,0,429,307,0,307,736
06/08/2007,SDL,AZ,AWP,WE,Towers with Radar,0,22,93,1,116,0,3,327,0,330,0,25,420,1,446,336,0,336,782
06/09/2007,SDL,AZ,AWP,WE,Towers with Radar,0,19,52,1,72,0,2,250,1,253,0,21,302,2,325,260,0,260,585
06/10/2007,SDL,AZ,AWP,WE,Towers with Radar,0,26,73,1,100,0,4,237,1,242,0,30,310,2,342,187,0,187,529
06/11/2007,SDL,AZ,AWP,WE,Towers with Radar,0,26,94,0,120,0,4,277,0,281,0,30,371,0,401,258,0,258,659
06/12/2007,SDL,AZ,AWP,WE,Towers with Radar,0,13,79,0,92,0,5,281,0,286,0,18,360,0,378,303,0,303,681
06/13/2007,SDL,AZ,AWP,WE,Towers with Radar,0,23,100,0,123,0,7,259,0,266,0,30,359,0,389,286,0,286,675
06/14/2007,SDL,AZ,AWP,WE,Towers with Radar,0,27,99,0,126,0,6,216,0,222,0,33,315,0,348,204,0,204,552
06/15/2007,SDL,AZ,AWP,WE,Towers with Radar,0,31,96,0,127,0,0,258,0,258,0,31,354,0,385,224,0,224,609
06/16/2007,SDL,AZ,AWP,WE,Towers with Radar,0,20,44,0,64,0,1,168,0,169,0,21,212,0,233,116,0,116,349
06/17/2007,SDL,AZ,AWP,WE,Towers with Radar,0,27,91,0,118,0,6,179,0,185,0,33,270,0,303,92,0,92,395
06/18/2007,SDL,AZ,AWP,WE,Towers with Radar,0,30,60,0,90,0,9,248,0,257,0,39,308,0,347,150,0,150,497
06/19/2007,SDL,AZ,AWP,WE,Towers with Radar,0,35,93,0,128,0,0,311,0,311,0,35,404,0,439,200,0,200,639
06/20/2007,SDL,AZ,AWP,WE,Towers with Radar,0,25,79,2,106,0,8,265,3,276,0,33,344,5,382,202,0,202,584
06/21/2007,SDL,AZ,AWP,WE,Towers with Radar,0,26,89,0,115,0,8,284,0,292,0,34,373,0,407,229,0,229,636
06/22/2007,SDL,AZ,AWP,WE,Towers with Radar,0,36,86,0,122,0,0,300,0,300,0,36,386,0,422,233,0,233,655
06/23/2007,SDL,AZ,AWP,WE,Towers with Radar,0,12,52,0,64,0,1,179,0,180,0,13,231,0,244,236,0,236,480
06/24/2007,SDL,AZ,AWP,WE,Towers with Radar,0,27,79,0,106,0,4,177,0,181,0,31,256,0,287,98,0,98,385
06/25/2007,SDL,AZ,AWP,WE,Towers with Radar,0,13,93,0,106,0,3,241,0,244,0,16,334,0,350,155,0,155,505
06/26/2007,SDL,AZ,AWP,WE,Towers with Radar,0,28,69,0,97,0,3,274,0,277,0,31,343,0,374,241,0,241,615
06/27/2007,SDL,AZ,AWP,WE,Towers with Radar,0,21,75,0,96,0,3,298,0,301,0,24,373,0,397,232,0,232,629
06/28/2007,SDL,AZ,AWP,WE,Towers with Radar,0,33,90,0,123,0,10,285,0,295,0,43,375,0,418,210,0,210,628
06/29/2007,SDL,AZ,AWP,WE,Towers with Radar,0,34,104,0,138,0,2,297,5,304,0,36,401,5,442,224,0,224,666
06/30/2007,SDL,AZ,AWP,WE,Towers with Radar,0,16,63,1,80,0,3,191,6,200,0,19,254,7,280,206,0,206,486
07/01/2007,SDL,AZ,AWP,WE,Towers with Radar,0,28,76,1,105,0,1,179,6,186,0,29,255,7,291,88,0,88,379
07/02/2007,SDL,AZ,AWP,WE,Towers with Radar,0,11,79,0,90,0,6,236,0,242,0,17,315,0,332,179,0,179,511
07/03/2007,SDL,AZ,AWP,WE,Towers with Radar,0,15,75,0,90,0,2,229,0,231,0,17,304,0,321,290,0,290,611
07/04/2007,SDL,AZ,AWP,WE,Towers with Radar,0,8,14,0,22,0,5,123,2,130,0,13,137,2,152,29,0,29,181
07/05/2007,SDL,AZ,AWP,WE,Towers with Radar,0,24,71,0,95,0,0,191,0,191,0,24,262,0,286,140,0,140,426
07/06/2007,SDL,AZ,AWP,WE,Towers with Radar,0,21,57,0,78,0,3,234,0,237,0,24,291,0,315,178,0,178,493
07/07/2007,SDL,AZ,AWP,WE,Towers with Radar,0,8,44,0,52,0,5,207,0,212,0,13,251,0,264,125,0,125,389
07/08/2007,SDL,AZ,AWP,WE,Towers with Radar,0,33,90,0,123,0,1,190,0,191,0,34,280,0,314,112,0,112,426
07/09/2007,SDL,AZ,AWP,WE,Towers with Radar,0,24,63,0,87,0,1,288,0,289,0,25,351,0,376,171,0,171,547
07/10/2007,SDL,AZ,AWP,WE,Towers with Radar,0,20,82,0,102,0,3,284,0,287,0,23,366,0,389,122,0,122,511
07/11/2007,SDL,AZ,AWP,WE,Towers with Radar,0,13,98,0,111,0,4,246,0,250,0,17,344,0,361,200,0,200,561
07/12/2007,SDL,AZ,AWP,WE,Towers with Radar,0,28,97,0,125,0,9,297,0,306,0,37,394,0,431,178,0,178,609
07/13/2007,SDL,AZ,AWP,WE,Towers with Radar,0,17,67,0,84,0,4,282,0,286,0,21,349,0,370,192,0,192,562
07/14/2007,SDL,AZ,AWP,WE,Towers with Radar,0,14,60,0,74,0,5,200,0,205,0,19,260,0,279,128,0,128,407
07/15/2007,SDL,AZ,AWP,WE,Towers with Radar,0,16,79,0,95,0,6,214,0,220,0,22,293,0,315,122,0,122,437
07/16/2007,SDL,AZ,AWP,WE,Towers with Radar,0,18,57,0,75,0,9,277,0,286,0,27,334,0,361,167,0,167,528
07/17/2007,SDL,AZ,AWP,WE,Towers with Radar,0,21,82,0,103,0,5,258,0,263,0,26,340,0,366,224,0,224,590
07/18/2007,SDL,AZ,AWP,WE,Towers with Radar,0,23,73,0,96,0,2,297,0,299,0,25,370,0,395,253,0,253,648
07/19/2007,SDL,AZ,AWP,WE,Towers with Radar,0,28,98,0,126,0,5,318,2,325,0,33,416,2,451,155,0,155,606
07/20/2007,SDL,AZ,AWP,WE,Towers with Radar,0,31,87,3,121,0,0,256,1,257,0,31,343,4,378,164,0,164,542
07/21/2007,SDL,AZ,AWP,WE,Towers with Radar,0,17,60,2,79,0,0,0,0,0,0,17,60,2,79,78,0,78,157
07/22/2007,SDL,AZ,AWP,WE,Towers with Radar,0,18,105,2,125,0,6,126,2,134,0,24,231,4,259,117,0,117,376
07/23/2007,SDL,AZ,AWP,WE,Towers with Radar,0,17,59,0,76,0,5,252,0,257,0,22,311,0,333,138,0,138,471
07/24/2007,SDL,AZ,AWP,WE,Towers with Radar,0,12,56,0,68,0,5,238,0,243,0,17,294,0,311,212,0,212,523
07/25/2007,SDL,AZ,AWP,WE,Towers with Radar,0,14,86,0,100,0,1,228,0,229,0,15,314,0,329,157,0,157,486
07/26/2007,SDL,AZ,AWP,WE,Towers with Radar,0,18,77,0,95,0,5,316,0,321,0,23,393,0,416,272,0,272,688
07/27/2007,SDL,AZ,AWP,WE,Towers with Radar,0,20,71,0,91,0,2,263,0,265,0,22,334,0,356,224,0,224,580
07/28/2007,SDL,AZ,AWP,WE,Towers with Radar,0,11,58,0,69,0,1,229,0,230,0,12,287,0,299,197,0,197,496
07/29/2007,SDL,AZ,AWP,WE,Towers with Radar,0,27,61,0,88,0,3,211,0,214,0,30,272,0,302,165,0,165,467
07/30/2007,SDL,AZ,AWP,WE,Towers with Radar,0,22,48,0,70,0,1,179,1,181,0,23,227,1,251,120,0,120,371
07/31/2007,SDL,AZ,AWP,WE,Towers with Radar,0,15,56,0,71,0,8,174,0,182,0,23,230,0,253,180,0,180,433
08/01/2007,SDL,AZ,AWP,WE,Towers with Radar,0,33,0,0,33,0,0,306,0,306,0,33,306,0,339,250,0,250,589
08/02/2007,SDL,AZ,AWP,WE,Towers with Radar,0,20,84,0,104,0,0,247,0,247,0,20,331,0,351,300,0,300,651
08/03/2007,SDL,AZ,AWP,WE,Towers with Radar,0,18,81,0,99,0,0,253,0,253,0,18,334,0,352,284,0,284,636
08/04/2007,SDL,AZ,AWP,WE,Towers with Radar,0,11,41,0,52,0,3,171,0,174,0,14,212,0,226,182,0,182,408
08/05/2007,SDL,AZ,AWP,WE,Towers with Radar,0,17,89,0,106,0,5,174,1,180,0,22,263,1,286,80,0,80,366
08/06/2007,SDL,AZ,AWP,WE,Towers with Radar,0,14,82,2,98,0,7,227,0,234,0,21,309,2,332,192,0,192,524
08/07/2007,SDL,AZ,AWP,WE,Towers with Radar,0,18,77,0,95,0,2,260,0,262,0,20,337,0,357,295,0,295,652
08/08/2007,SDL,AZ,AWP,WE,Towers with Radar,0,27,94,0,121,0,1,264,0,265,0,28,358,0,386,250,0,250,636
08/09/2007,SDL,AZ,AWP,WE,Towers with Radar,0,28,90,0,118,0,6,297,0,303,0,34,387,0,421,230,0,230,651
08/10/2007,SDL,AZ,AWP,WE,Towers with Radar,0,20,75,1,96,0,3,294,1,298,0,23,369,2,394,215,0,215,609
08/11/2007,SDL,AZ,AWP,WE,Towers with Radar,0,4,32,0,36,0,4,206,1,211,0,8,238,1,247,109,0,109,356
08/12/2007,SDL,AZ,AWP,WE,Towers with Radar,0,27,90,1,118,0,2,178,1,181,0,29,268,2,299,114,0,114,413
08/13/2007,SDL,AZ,AWP,WE,Towers with Radar,0,20,74,0,94,0,2,205,0,207,0,22,279,0,301,140,0,140,441
08/14/2007,SDL,AZ,AWP,WE,Towers with Radar,0,22,61,0,83,0,1,241,0,242,0,23,302,0,325,198,0,198,523
08/15/2007,SDL,AZ,AWP,WE,Towers with Radar,0,26,83,0,109,0,3,242,0,245,0,29,325,0,354,208,0,208,562
08/16/2007,SDL,AZ,AWP,WE,Towers with Radar,0,37,89,0,126,0,4,260,0,264,0,41,349,0,390,150,0,150,540
08/17/2007,SDL,AZ,AWP,WE,Towers with Radar,0,27,67,0,94,0,1,218,0,219,0,28,285,0,313,133,0,133,446
08/18/2007,SDL,AZ,AWP,WE,Towers with Radar,0,12,39,4,55,0,1,147,0,148,0,13,186,4,203,133,0,133,336
08/19/2007,SDL,AZ,AWP,WE,Towers with Radar,0,29,106,2,137,0,6,164,6,176,0,35,270,8,313,110,0,110,423
08/20/2007,SDL,AZ,AWP,WE,Towers with Radar,0,26,46,0,72,0,1,226,0,227,0,27,272,0,299,92,0,92,391
08/21/2007,SDL,AZ,AWP,WE,Towers with Radar,0,26,67,0,93,0,4,234,2,240,0,30,301,2,333,162,0,162,495
08/22/2007,SDL,AZ,AWP,WE,Towers with Radar,0,10,83,0,93,0,4,243,4,251,0,14,326,4,344,229,0,229,573
08/23/2007,SDL,AZ,AWP,WE,Towers with Radar,0,14,85,0,99,0,3,250,0,253,0,17,335,0,352,246,0,246,598
08/24/2007,SDL,AZ,AWP,WE,Towers with Radar,0,10,82,2,94,0,9,203,0,212,0,19,285,2,306,172,0,172,478
08/25/2007,SDL,AZ,AWP,WE,Towers with Radar,0,20,34,2,56,0,6,144,2,152,0,26,178,4,208,166,0,166,374
08/26/2007,SDL,AZ,AWP,WE,Towers with Radar,0,17,85,0,102,0,10,176,2,188,0,27,261,2,290,140,0,140,430
08/27/2007,SDL,AZ,AWP,WE,Towers with Radar,0,20,79,0,99,0,3,214,0,217,0,23,293,0,316,192,0,192,508
08/28/2007,SDL,AZ,AWP,WE,Towers with Radar,0,20,58,0,78,0,6,272,0,278,0,26,330,0,356,207,0,207,563
08/29/2007,SDL,AZ,AWP,WE,Towers with Radar,0,13,77,0,90,0,5,219,0,224,0,18,296,0,314,172,0,172,486
08/30/2007,SDL,AZ,AWP,WE,Towers with Radar,0,27,89,0,116,0,1,257,0,258,0,28,346,0,374,167,0,167,541
08/31/2007,SDL,AZ,AWP,WE,Towers with Radar,0,36,104,0,140,0,4,263,0,267,0,40,367,0,407,164,0,164,571
09/01/2007,SDL,AZ,AWP,WE,Towers with Radar,0,12,41,0,53,0,7,185,0,192,0,19,226,0,245,104,0,104,349
09/02/2007,SDL,AZ,AWP,WE,Towers with Radar,0,17,34,0,51,0,0,160,0,160,0,17,194,0,211,68,0,68,279
09/03/2007,SDL,AZ,AWP,WE,Towers with Radar,0,30,105,0,135,0,2,140,1,143,0,32,245,1,278,60,0,60,338
09/04/2007,SDL,AZ,AWP,WE,Towers with Radar,0,29,67,0,96,0,1,237,0,238,0,30,304,0,334,236,0,236,570
09/05/2007,SDL,AZ,AWP,WE,Towers with Radar,0,17,74,0,91,0,6,213,0,219,0,23,287,0,310,222,0,222,532
09/06/2007,SDL,AZ,AWP,WE,Towers with Radar,0,35,92,0,127,0,0,227,1,228,0,35,319,1,355,184,0,184,539
09/07/2007,SDL,AZ,AWP,WE,Towers with Radar,0,30,73,0,103,0,4,297,0,301,0,34,370,0,404,215,0,215,619
09/08/2007,SDL,AZ,AWP,WE,Towers with Radar,0,15,54,0,69,0,4,224,0,228,0,19,278,0,297,173,0,173,470
09/09/2007,SDL,AZ,AWP,WE,Towers with Radar,0,30,85,1,116,0,2,168,0,170,0,32,253,1,286,115,0,115,401
09/10/2007,SDL,AZ,AWP,WE,Towers with Radar,0,26,60,0,86,0,1,206,0,207,0,27,266,0,293,168,0,168,461
09/11/2007,SDL,AZ,AWP,WE,Towers with Radar,0,42,74,0,116,0,7,245,0,252,0,49,319,0,368,201,0,201,569
09/12/2007,SDL,AZ,AWP,WE,Towers with Radar,0,23,83,0,106,0,3,274,0,277,0,26,357,0,383,302,0,302,685
09/13/2007,SDL,AZ,AWP,WE,Towers with Radar,0,32,95,0,127,0,7,281,1,289,0,39,376,1,416,266,0,266,682
09/14/2007,SDL,AZ,AWP,WE,Towers with Radar,0,21,82,1,104,0,2,289,0,291,0,23,371,1,395,250,0,250,645
09/15/2007,SDL,AZ,AWP,WE,Towers with Radar,0,14,48,0,62,0,0,184,0,184,0,14,232,0,246,146,0,146,392
09/16/2007,SDL,AZ,AWP,WE,Towers with Radar,0,39,95,0,134,0,6,177,0,183,0,45,272,0,317,102,0,102,419
09/17/2007,SDL,AZ,AWP,WE,Towers with Radar,0,24,76,0,100,0,4,227,0,231,0,28,303,0,331,172,0,172,503
09/18/2007,SDL,AZ,AWP,WE,Towers with Radar,0,29,64,0,93,0,2,263,0,265,0,31,327,0,358,337,0,337,695
09/19/2007,SDL,AZ,AWP,WE,Towers with Radar,0,26,90,0,116,0,2,270,1,273,0,28,360,1,389,276,0,276,665
09/20/2007,SDL,AZ,AWP,WE,Towers with Radar,0,25,105,0,130,0,7,252,0,259,0,32,357,0,389,244,0,244,633
09/21/2007,SDL,AZ,AWP,WE,Towers with Radar,0,25,110,1,136,0,5,263,0,268,0,30,373,1,404,297,0,297,701
09/22/2007,SDL,AZ,AWP,WE,Towers with Radar,0,17,40,4,61,0,2,164,0,166,0,19,204,4,227,189,0,189,416
09/23/2007,SDL,AZ,AWP,WE,Towers with Radar,0,37,82,4,123,0,3,209,0,212,0,40,291,4,335,240,0,240,575
09/24/2007,SDL,AZ,AWP,WE,Towers with Radar,0,29,83,1,113,0,8,280,0,288,0,37,363,1,401,198,0,198,599
09/25/2007,SDL,AZ,AWP,WE,Towers with Radar,0,20,86,2,108,0,5,273,0,278,0,25,359,2,386,206,0,206,592
09/26/2007,SDL,AZ,AWP,WE,Towers with Radar,0,36,82,1,119,0,2,280,0,282,0,38,362,1,401,305,0,305,706
09/27/2007,SDL,AZ,AWP,WE,Towers with Radar,0,47,101,0,148,0,1,293,0,294,0,48,394,0,442,258,0,258,700
09/28/2007,SDL,AZ,AWP,WE,Towers with Radar,0,31,72,0,103,0,0,282,0,282,0,31,354,0,385,228,0,228,613
09/29/2007,SDL,AZ,AWP,WE,Towers with Radar,0,8,44,0,52,0,10,220,0,230,0,18,264,0,282,185,0,185,467
09/30/2007,SDL,AZ,AWP,WE,Towers with Radar,0,47,87,0,134,0,3,183,0,186,0,50,270,0,320,182,0,182,502
10/01/2007,SDL,AZ,AWP,WE,Towers with Radar,0,26,82,0,108,0,0,199,0,199,0,26,281,0,307,166,0,166,473
10/02/2007,SDL,AZ,AWP,WE,Towers with Radar,0,24,91,0,115,0,2,213,0,215,0,26,304,0,330,347,0,347,677
10/03/2007,SDL,AZ,AWP,WE,Towers with Radar,0,23,98,0,121,0,4,274,0,278,0,27,372,0,399,238,0,238,637
10/04/2007,SDL,AZ,AWP,WE,Towers with Radar,0,44,114,0,158,0,2,216,0,218,0,46,330,0,376,193,0,193,569
10/05/2007,SDL,AZ,AWP,WE,Towers with Radar,0,33,83,0,116,0,3,236,0,239,0,36,319,0,355,98,0,98,453
10/06/2007,SDL,AZ,AWP,WE,Towers with Radar,0,16,57,0,73,0,7,259,0,266,0,23,316,0,339,186,0,186,525
10/07/2007,SDL,AZ,AWP,WE,Towers with Radar,0,32,83,1,116,0,0,224,1,225,0,32,307,2,341,178,0,178,519
10/08/2007,SDL,AZ,AWP,WE,Towers with Radar,0,33,93,0,126,0,7,262,0,269,0,40,355,0,395,149,0,149,544
10/09/2007,SDL,AZ,AWP,WE,Towers with Radar,0,25,82,0,107,0,9,238,1,248,0,34,320,1,355,313,0,313,668
10/10/2007,SDL,AZ,AWP,WE,Towers with Radar,0,33,98,0,131,0,6,278,0,284,0,39,376,0,415,402,0,402,817
10/11/2007,SDL,AZ,AWP,WE,Towers with Radar,0,35,118,0,153,0,14,291,2,307,0,49,409,2,460,339,0,339,799
10/12/2007,SDL,AZ,AWP,WE,Towers with Radar,0,34,93,1,128,0,4,280,0,284,0,38,373,1,412,247,0,247,659
10/13/2007,SDL,AZ,AWP,WE,Towers with Radar,0,37,70,1,108,0,0,218,0,218,0,37,288,1,326,238,0,238,564
10/14/2007,SDL,AZ,AWP,WE,Towers with Radar,0,42,117,0,159,0,3,223,0,226,0,45,340,0,385,100,0,100,485
10/15/2007,SDL,AZ,AWP,WE,Towers with Radar,0,43,103,0,146,0,4,211,0,215,0,47,314,0,361,142,0,142,503
10/16/2007,SDL,AZ,AWP,WE,Towers with Radar,0,2,113,0,115,0,0,274,0,274,0,2,387,0,389,189,0,189,578
10/17/2007,SDL,AZ,AWP,WE,Towers with Radar,0,39,107,0,146,0,8,266,0,274,0,47,373,0,420,278,0,278,698
10/18/2007,SDL,AZ,AWP,WE,Towers with Radar,0,27,119,0,146,0,0,290,0,290,0,27,409,0,436,250,0,250,686
10/19/2007,SDL,AZ,AWP,WE,Towers with Radar,0,37,132,1,170,0,2,315,1,318,0,39,447,2,488,136,0,136,624
10/20/2007,SDL,AZ,AWP,WE,Towers with Radar,0,26,78,0,104,0,13,249,0,262,0,39,327,0,366,133,0,133,499
10/21/2007,SDL,AZ,AWP,WE,Towers with Radar,0,41,141,0,182,0,0,67,0,67,0,41,208,0,249,10,0,10,259
10/22/2007,SDL,AZ,AWP,WE,Towers with Radar,0,34,110,0,144,0,3,194,0,197,0,37,304,0,341,75,0,75,416
10/23/2007,SDL,AZ,AWP,WE,Towers with Radar,0,25,124,0,149,0,2,248,0,250,0,27,372,0,399,311,0,311,710
10/24/2007,SDL,AZ,AWP,WE,Towers with Radar,0,43,133,0,176,0,2,245,0,247,0,45,378,0,423,230,0,230,653
10/25/2007,SDL,AZ,AWP,WE,Towers with Radar,0,54,115,0,169,0,1,285,0,286,0,55,400,0,455,294,0,294,749
10/26/2007,SDL,AZ,AWP,WE,Towers with Radar,0,25,124,0,149,0,4,242,0,246,0,29,366,0,395,194,0,194,589
10/27/2007,SDL,AZ,AWP,WE,Towers with Radar,0,17,64,0,81,0,2,184,0,186,0,19,248,0,267,157,0,157,424
10/28/2007,SDL,AZ,AWP,WE,Towers with Radar,0,39,99,0,138,0,6,207,0,213,0,45,306,0,351,61,0,61,412
10/29/2007,SDL,AZ,AWP,WE,Towers with Radar,0,18,77,0,95,0,5,221,0,226,0,23,298,0,321,197,0,197,518
10/30/2007,SDL,AZ,AWP,WE,Towers with Radar,0,14,98,0,112,0,10,244,0,254,0,24,342,0,366,244,0,244,610
10/31/2007,SDL,AZ,AWP,WE,Towers with Radar,0,23,100,0,123,0,2,281,0,283,0,25,381,0,406,210,0,210,616
11/01/2007,SDL,AZ,AWP,WE,Towers with Radar,0,51,153,0,204,0,3,261,0,264,0,54,414,0,468,238,0,238,706
11/02/2007,SDL,AZ,AWP,WE,Towers with Radar,0,33,118,0,151,0,17,329,0,346,0,50,447,0,497,254,0,254,751
11/03/2007,SDL,AZ,AWP,WE,Towers with Radar,0,21,70,0,91,0,13,251,0,264,0,34,321,0,355,217,0,217,572
11/04/2007,SDL,AZ,AWP,WE,Towers with Radar,0,55,111,0,166,0,2,200,2,204,0,57,311,2,370,116,0,116,486
11/05/2007,SDL,AZ,AWP,WE,Towers with Radar,0,30,84,0,114,0,2,269,2,273,0,32,353,2,387,156,0,156,543
11/06/2007,SDL,AZ,AWP,WE,Towers with Radar,0,40,100,0,140,0,2,263,0,265,0,42,363,0,405,292,0,292,697
11/07/2007,SDL,AZ,AWP,WE,Towers with Radar,0,45,117,0,162,0,7,280,1,288,0,52,397,1,450,240,0,240,690
11/08/2007,SDL,AZ,AWP,WE,Towers with Radar,0,51,147,0,198,0,6,263,0,269,0,57,410,0,467,181,0,181,648
11/09/2007,SDL,AZ,AWP,WE,Towers with Radar,0,38,145,0,183,0,3,275,0,278,0,41,420,0,461,167,0,167,628
11/10/2007,SDL,AZ,AWP,WE,Towers with Radar,0,25,87,0,112,0,3,213,0,216,0,28,300,0,328,159,0,159,487
11/11/2007,SDL,AZ,AWP,WE,Towers with Radar,0,66,140,0,206,0,4,237,0,241,0,70,377,0,447,50,0,50,497
11/12/2007,SDL,AZ,AWP,WE,Towers with Radar,0,26,105,0,131,0,2,247,0,249,0,28,352,0,380,250,0,250,630
11/13/2007,SDL,AZ,AWP,WE,Towers with Radar,0,40,125,0,165,0,2,282,0,284,0,42,407,0,449,206,0,206,655
11/14/2007,SDL,AZ,AWP,WE,Towers with Radar,0,41,111,0,152,0,4,317,0,321,0,45,428,0,473,226,0,226,699
11/15/2007,SDL,AZ,AWP,WE,Towers with Radar,0,43,118,0,161,0,7,244,0,251,0,50,362,0,412,130,0,130,542
11/16/2007,SDL,AZ,AWP,WE,Towers with Radar,0,46,130,0,176,0,7,379,0,386,0,53,509,0,562,208,0,208,770
11/17/2007,SDL,AZ,AWP,WE,Towers with Radar,0,25,65,0,90,0,1,243,2,246,0,26,308,2,336,177,0,177,513
11/18/2007,SDL,AZ,AWP,WE,Towers with Radar,0,41,114,0,155,0,2,198,0,200,0,43,312,0,355,92,0,92,447
11/19/2007,SDL,AZ,AWP,WE,Towers with Radar,0,32,77,0,109,0,9,267,0,276,0,41,344,0,385,205,0,205,590
11/20/2007,SDL,AZ,AWP,WE,Towers with Radar,0,31,128,0,159,0,3,280,0,283,0,34,408,0,442,248,0,248,690
11/21/2007,SDL,AZ,AWP,WE,Towers with Radar,0,55,162,0,217,0,9,310,0,319,0,64,472,0,536,200,0,200,736
11/22/2007,SDL,AZ,AWP,WE,Towers with Radar,0,17,34,0,51,0,0,104,0,104,0,17,138,0,155,66,0,66,221
11/23/2007,SDL,AZ,AWP,WE,Towers with Radar,0,24,69,1,94,0,8,247,0,255,0,32,316,1,349,170,0,170,519
11/24/2007,SDL,AZ,AWP,WE,Towers with Radar,0,31,79,0,110,0,6,173,0,179,0,37,252,0,289,125,0,125,414
11/25/2007,SDL,AZ,AWP,WE,Towers with Radar,0,50,178,3,231,0,4,220,0,224,0,54,398,3,455,60,0,60,515
11/26/2007,SDL,AZ,AWP,WE,Towers with Radar,0,37,115,0,152,0,2,238,0,240,0,39,353,0,392,139,0,139,531
11/27/2007,SDL,AZ,AWP,WE,Towers with Radar,0,32,114,0,146,0,1,246,0,247,0,33,360,0,393,196,0,196,589
11/28/2007,SDL,AZ,AWP,WE,Towers with Radar,0,37,97,0,134,0,2,316,0,318,0,39,413,0,452,304,0,304,756
11/29/2007,SDL,AZ,AWP,WE,Towers with Radar,0,41,105,0,146,0,4,280,0,284,0,45,385,0,430,239,0,239,669
11/30/2007,SDL,AZ,AWP,WE,Towers with Radar,0,22,82,2,106,0,9,81,0,90,0,31,163,2,196,50,0,50,246
12/01/2007,SDL,AZ,AWP,WE,Towers with Radar,0,21,57,1,79,0,1,50,1,52,0,22,107,2,131,65,0,65,196
12/02/2007,SDL,AZ,AWP,WE,Towers with Radar,0,35,104,2,141,0,2,188,0,190,0,37,292,2,331,189,0,189,520
12/03/2007,SDL,AZ,AWP,WE,Towers with Radar,0,21,67,0,88,0,2,246,0,248,0,23,313,0,336,222,0,222,558
12/04/2007,SDL,AZ,AWP,WE,Towers with Radar,0,39,85,3,127,0,5,278,0,283,0,44,363,3,410,245,0,245,655
12/05/2007,SDL,AZ,AWP,WE,Towers with Radar,0,27,107,3,137,0,5,283,0,288,0,32,390,3,425,258,0,258,683
12/06/2007,SDL,AZ,AWP,WE,Towers with Radar,0,36,116,3,155,0,3,252,0,255,0,39,368,3,410,220,0,220,630
12/07/2007,SDL,AZ,AWP,WE,Towers with Radar,0,19,90,3,112,0,4,147,3,154,0,23,237,6,266,140,0,140,406
12/08/2007,SDL,AZ,AWP,WE,Towers with Radar,0,17,70,0,87,0,0,139,0,139,0,17,209,0,226,71,0,71,297
12/09/2007,SDL,AZ,AWP,WE,Towers with Radar,0,30,88,0,118,0,3,117,0,120,0,33,205,0,238,169,0,169,407
12/10/2007,SDL,AZ,AWP,WE,Towers with Radar,0,20,85,0,105,0,3,121,0,124,0,23,206,0,229,76,0,76,305
12/11/2007,SDL,AZ,AWP,WE,Towers with Radar,0,18,87,0,105,0,3,168,0,171,0,21,255,0,276,170,0,170,446
12/12/2007,SDL,AZ,AWP,WE,Towers with Radar,0,24,113,0,137,0,6,274,0,280,0,30,387,0,417,228,0,228,645
12/13/2007,SDL,AZ,AWP,WE,Towers with Radar,0,31,111,4,146,0,3,263,2,268,0,34,374,6,414,222,0,222,636
12/14/2007,SDL,AZ,AWP,WE,Towers with Radar,0,32,93,3,128,0,7,274,3,284,0,39,367,6,412,194,0,194,606
12/15/2007,SDL,AZ,AWP,WE,Towers with Radar,0,11,53,5,69,0,4,260,0,264,0,15,313,5,333,222,0,222,555
12/16/2007,SDL,AZ,AWP,WE,Towers with Radar,0,36,81,8,125,0,2,235,0,237,0,38,316,8,362,233,0,233,595
12/17/2007,SDL,AZ,AWP,WE,Towers with Radar,0,20,73,0,93,0,1,253,0,254,0,21,326,0,347,238,0,238,585
12/18/2007,SDL,AZ,AWP,WE,Towers with Radar,0,19,85,0,104,0,6,268,0,274,0,25,353,0,378,186,0,186,564
12/19/2007,SDL,AZ,AWP,WE,Towers with Radar,0,18,90,1,109,0,2,252,0,254,0,20,342,1,363,266,0,266,629
12/20/2007,SDL,AZ,AWP,WE,Towers with Radar,0,37,94,1,132,0,4,252,1,257,0,41,346,2,389,210,0,210,599
12/21/2007,SDL,AZ,AWP,WE,Towers with Radar,0,37,108,0,145,0,0,207,0,207,0,37,315,0,352,183,0,183,535
12/22/2007,SDL,AZ,AWP,WE,Towers with Radar,0,48,106,1,155,0,0,235,0,235,0,48,341,1,390,147,0,147,537
12/23/2007,SDL,AZ,AWP,WE,Towers with Radar,0,29,75,0,104,0,2,154,0,156,0,31,229,0,260,98,0,98,358
12/24/2007,SDL,AZ,AWP,WE,Towers with Radar,0,13,28,0,41,0,0,159,0,159,0,13,187,0,200,104,0,104,304
12/25/2007,SDL,AZ,AWP,WE,Towers with Radar,0,18,10,0,28,0,0,43,0,43,0,18,53,0,71,0,0,0,71
12/26/2007,SDL,AZ,AWP,WE,Towers with Radar,0,43,129,0,172,0,8,216,0,224,0,51,345,0,396,188,0,188,584
12/27/2007,SDL,AZ,AWP,WE,Towers with Radar,0,29,158,0,187,0,6,206,0,212,0,35,364,0,399,118,0,118,517
12/28/2007,SDL,AZ,AWP,WE,Towers with Radar,0,50,116,0,166,0,1,254,3,258,0,51,370,3,424,194,0,194,618
12/29/2007,SDL,AZ,AWP,WE,Towers with Radar,0,39,95,0,134,0,0,227,3,230,0,39,322,3,364,238,0,238,602
12/30/2007,SDL,AZ,AWP,WE,Towers with Radar,0,37,100,0,137,0,4,187,0,191,0,41,287,0,328,105,0,105,433
12/31/2007,SDL,AZ,AWP,WE,Towers with Radar,0,28,58,0,86,0,2,168,0,170,0,30,226,0,256,120,0,120,376
01/01/2008,SDL,AZ,AWP,WE,Towers with Radar,0,41,107,0,148,0,10,112,1,123,0,51,219,1,271,70,0,70,341
01/02/2008,SDL,AZ,AWP,WE,Towers with Radar,0,32,139,0,171,0,16,247,0,263,0,48,386,0,434,182,0,182,616
01/03/2008,SDL,AZ,AWP,WE,Towers with Radar,0,48,133,0,181,0,2,293,0,295,0,50,426,0,476,182,0,182,658
01/04/2008,SDL,AZ,AWP,WE,Towers with Radar,0,51,109,0,160,0,4,258,0,262,0,55,367,0,422,245,0,245,667
01/05/2008,SDL,AZ,AWP,WE,Towers with Radar,0,38,78,0,116,0,3,171,0,174,0,41,249,0,290,187,0,187,477
01/06/2008,SDL,AZ,AWP,WE,Towers with Radar,0,32,107,0,139,0,0,109,0,109,0,32,216,0,248,200,0,200,448
01/07/2008,SDL,AZ,AWP,WE,Towers with Radar,0,26,87,0,113,0,5,124,0,129,0,31,211,0,242,156,0,156,398
01/08/2008,SDL,AZ,AWP,WE,Towers with Radar,0,32,87,0,119,0,2,305,0,307,0,34,392,0,426,327,0,327,753
01/09/2008,SDL,AZ,AWP,WE,Towers with Radar,0,24,111,0,135,0,11,303,0,314,0,35,414,0,449,313,0,313,762
01/10/2008,SDL,AZ,AWP,WE,Towers with Radar,0,31,134,0,165,0,12,249,0,261,0,43,383,0,426,234,0,234,660
01/11/2008,SDL,AZ,AWP,WE,Towers with Radar,0,37,124,2,163,0,0,297,1,298,0,37,421,3,461,212,0,212,673
01/12/2008,SDL,AZ,AWP,WE,Towers with Radar,0,26,89,0,115,0,18,226,0,244,0,44,315,0,359,196,0,196,555
01/13/2008,SDL,AZ,AWP,WE,Towers with Radar,0,41,137,0,178,0,4,210,0,214,0,45,347,0,392,149,0,149,541
01/14/2008,SDL,AZ,AWP,WE,Towers with Radar,0,23,116,0,139,0,3,200,0,203,0,26,316,0,342,112,0,112,454
01/15/2008,SDL,AZ,AWP,WE,Towers with Radar,0,45,106,0,151,0,0,329,0,329,0,45,435,0,480,294,0,294,774
01/16/2008,SDL,AZ,AWP,WE,Towers with Radar,0,58,157,0,215,0,7,307,0,314,0,65,464,0,529,188,0,188,717
01/17/2008,SDL,AZ,AWP,WE,Towers with Radar,0,61,172,0,233,0,7,264,0,271,0,68,436,0,504,156,0,156,660
01/18/2008,SDL,AZ,AWP,WE,Towers with Radar,0,53,135,0,188,0,3,276,0,279,0,56,411,0,467,183,0,183,650
01/19/2008,SDL,AZ,AWP,WE,Towers with Radar,0,33,95,0,128,0,3,239,0,242,0,36,334,0,370,165,0,165,535
01/20/2008,SDL,AZ,AWP,WE,Towers with Radar,0,48,121,0,169,0,3,212,0,215,0,51,333,0,384,36,0,36,420
01/21/2008,SDL,AZ,AWP,WE,Towers with Radar,0,38,146,0,184,0,3,307,0,310,0,41,453,0,494,219,0,219,713
01/22/2008,SDL,AZ,AWP,WE,Towers with Radar,0,34,95,0,129,0,4,244,0,248,0,38,339,0,377,305,0,305,682
01/23/2008,SDL,AZ,AWP,WE,Towers with Radar,0,37,124,0,161,0,7,215,0,222,0,44,339,0,383,298,0,298,681
01/24/2008,SDL,AZ,AWP,WE,Towers with Radar,0,30,134,0,164,0,0,207,0,207,0,30,341,0,371,181,0,181,552
01/25/2008,SDL,AZ,AWP,WE,Towers with Radar,0,35,112,5,152,0,7,319,0,326,0,42,431,5,478,221,0,221,699
01/26/2008,SDL,AZ,AWP,WE,Towers with Radar,0,24,55,4,83,0,6,207,0,213,0,30,262,4,296,227,0,227,523
01/27/2008,SDL,AZ,AWP,WE,Towers with Radar,0,37,89,1,127,0,1,28,0,29,0,38,117,1,156,0,0,0,156
01/28/2008,SDL,AZ,AWP,WE,Towers with Radar,0,40,126,0,166,0,0,160,0,160,0,40,286,0,326,144,0,144,470
01/29/2008,SDL,AZ,AWP,WE,Towers with Radar,0,47,69,1,117,0,8,302,2,312,0,55,371,3,429,186,0,186,615
01/30/2008,SDL,AZ,AWP,WE,Towers with Radar,0,47,147,1,195,0,13,190,0,203,0,60,337,1,398,187,0,187,585
01/31/2008,SDL,AZ,AWP,WE,Towers with Radar,0,62,193,0,255,0,6,232,0,238,0,68,425,0,493,62,0,62,555
02/01/2008,SDL,AZ,AWP,WE,Towers with Radar,0,109,182,0,291,0,1,245,0,246,0,110,427,0,537,53,0,53,590
02/02/2008,SDL,AZ,AWP,WE,Towers with Radar,0,61,140,0,201,0,5,173,2,180,0,66,313,2,381,26,0,26,407
02/03/2008,SDL,AZ,AWP,WE,Towers with Radar,0,79,182,0,261,0,1,74,0,75,0,80,256,0,336,26,0,26,362
02/04/2008,SDL,AZ,AWP,WE,Towers with Radar,0,93,254,0,347,0,7,121,0,128,0,100,375,0,475,0,0,0,475
02/05/2008,SDL,AZ,AWP,WE,Towers with Radar,0,35,114,1,150,0,13,259,0,272,0,48,373,1,422,246,0,246,668
02/06/2008,SDL,AZ,AWP,WE,Towers with Radar,0,38,99,1,138,0,1,288,0,289,0,39,387,1,427,246,0,246,673
02/07/2008,SDL,AZ,AWP,WE,Towers with Radar,0,38,126,0,164,0,5,286,0,291,0,43,412,0,455,226,0,226,681
02/08/2008,SDL,AZ,AWP,WE,Towers with Radar,0,38,114,3,155,0,3,315,0,318,0,41,429,3,473,245,0,245,718
02/09/2008,SDL,AZ,AWP,WE,Towers with Radar,0,36,70,0,106,0,0,265,3,268,0,36,335,3,374,210,0,210,584
02/10/2008,SDL,AZ,AWP,WE,Towers with Radar,0,53,132,0,185,0,6,216,0,222,0,59,348,0,407,130,0,130,537
02/11/2008,SDL,AZ,AWP,WE,Towers with Radar,0,32,135,0,167,0,0,270,0,270,0,32,405,0,437,171,0,171,608
02/12/2008,SDL,AZ,AWP,WE,Towers with Radar,0,37,107,0,144,0,2,276,0,278,0,39,383,0,422,200,0,200,622
02/13/2008,SDL,AZ,AWP,WE,Towers with Radar,0,44,112,0,156,0,10,267,0,277,0,54,379,0,433,279,0,279,712
02/14/2008,SDL,AZ,AWP,WE,Towers with Radar,0,41,135,0,176,0,4,209,0,213,0,45,344,0,389,238,0,238,627
02/15/2008,SDL,AZ,AWP,WE,Towers with Radar,0,29,141,0,170,0,2,144,0,146,0,31,285,0,316,209,0,209,525
02/16/2008,SDL,AZ,AWP,WE,Towers with Radar,0,20,80,0,100,0,6,121,2,129,0,26,201,2,229,88,0,88,317
02/17/2008,SDL,AZ,AWP,WE,Towers with Radar,0,43,114,1,158,0,2,193,1,196,0,45,307,2,354,188,0,188,542
02/18/2008,SDL,AZ,AWP,WE,Towers with Radar,0,45,157,0,202,0,5,247,0,252,0,50,404,0,454,149,0,149,603
02/19/2008,SDL,AZ,AWP,WE,Towers with Radar,0,32,93,0,125,0,4,316,0,320,0,36,409,0,445,249,0,249,694
02/20/2008,SDL,AZ,AWP,WE,Towers with Radar,0,37,114,0,151,0,3,220,0,223,0,40,334,0,374,306,0,306,680
02/21/2008,SDL,AZ,AWP,WE,Towers with Radar,0,51,109,0,160,0,5,207,4,216,0,56,316,4,376,298,0,298,674
02/22/2008,SDL,AZ,AWP,WE,Towers with Radar,0,41,139,2,182,0,4,174,0,178,0,45,313,2,360,220,0,220,580
02/23/2008,SDL,AZ,AWP,WE,Towers with Radar,0,34,77,1,112,0,6,250,0,256,0,40,327,1,368,231,0,231,599
02/24/2008,SDL,AZ,AWP,WE,Towers with Radar,0,53,121,0,174,0,4,112,0,116,0,57,233,0,290,116,0,116,406
02/25/2008,SDL,AZ,AWP,WE,Towers with Radar,0,21,111,0,132,0,1,297,0,298,0,22,408,0,430,231,0,231,661
02/26/2008,SDL,AZ,AWP,WE,Towers with Radar,0,35,108,0,143,0,5,272,0,277,0,40,380,0,420,181,0,181,601
02/27/2008,SDL,AZ,AWP,WE,Towers with Radar,0,48,138,0,186,0,7,321,0,328,0,55,459,0,514,244,0,244,758
02/28/2008,SDL,AZ,AWP,WE,Towers with Radar,0,47,138,0,185,0,7,302,0,309,0,54,440,0,494,157,0,157,651
02/29/2008,SDL,AZ,AWP,WE,Towers with Radar,0,46,117,8,171,0,2,334,0,336,0,48,451,8,507,214,0,214,721
03/01/2008,SDL,AZ,AWP,WE,Towers with Radar,0,41,81,7,129,0,4,218,11,233,0,45,299,18,362,132,0,132,494
03/02/2008,SDL,AZ,AWP,WE,Towers with Radar,0,47,142,6,195,0,0,137,2,139,0,47,279,8,334,89,0,89,423
03/03/2008,SDL,AZ,AWP,WE,Towers with Radar,0,35,83,0,118,0,0,198,1,199,0,35,281,1,317,105,0,105,422
03/04/2008,SDL,AZ,AWP,WE,Towers with Radar,0,33,124,1,158,0,4,269,0,273,0,37,393,1,431,227,0,227,658
03/05/2008,SDL,AZ,AWP,WE,Towers with Radar,0,62,126,1,189,0,6,236,0,242,0,68,362,1,431,200,0,200,631
03/06/2008,SDL,AZ,AWP,WE,Towers with Radar,0,48,103,0,151,0,9,271,0,280,0,57,374,0,431,219,0,219,650
03/07/2008,SDL,AZ,AWP,WE,Towers with Radar,0,44,137,1,182,0,0,303,1,304,0,44,440,2,486,163,0,163,649
03/08/2008,SDL,AZ,AWP,WE,Towers with Radar,0,34,70,0,104,0,0,177,0,177,0,34,247,0,281,92,0,92,373
03/09/2008,SDL,AZ,AWP,WE,Towers with Radar,0,46,117,2,165,0,4,176,0,180,0,50,293,2,345,168,0,168,513
03/10/2008,SDL,AZ,AWP,WE,Towers with Radar,0,50,88,0,138,0,5,224,0,229,0,55,312,0,367,167,0,167,534
03/11/2008,SDL,AZ,AWP,WE,Towers with Radar,0,25,88,1,114,0,4,263,0,267,0,29,351,1,381,241,0,241,622
03/12/2008,SDL,AZ,AWP,WE,Towers with Radar,0,47,128,3,178,0,18,301,6,325,0,65,429,9,503,240,0,240,743
03/13/2008,SDL,AZ,AWP,WE,Towers with Radar,0,44,122,3,169,0,0,254,0,254,0,44,376,3,423,242,0,242,665
03/14/2008,SDL,AZ,AWP,WE,Towers with Radar,0,60,127,0,187,0,3,215,0,218,0,63,342,0,405,156,0,156,561
03/15/2008,SDL,AZ,AWP,WE,Towers with Radar,0,33,89,0,122,0,9,170,0,179,0,42,259,0,301,146,0,146,447
03/16/2008,SDL,AZ,AWP,WE,Towers with Radar,0,44,138,0,182,0,4,103,1,108,0,48,241,1,290,166,0,166,456
03/17/2008,SDL,AZ,AWP,WE,Towers with Radar,0,36,72,0,108,0,0,200,3,203,0,36,272,3,311,246,0,246,557
03/18/2008,SDL,AZ,AWP,WE,Towers with Radar,0,39,106,0,145,0,4,244,0,248,0,43,350,0,393,260,0,260,653
03/19/2008,SDL,AZ,AWP,WE,Towers with Radar,0,36,116,0,152,0,4,258,2,264,0,40,374,2,416,217,0,217,633
03/20/2008,SDL,AZ,AWP,WE,Towers with Radar,0,63,134,0,197,0,1,294,0,295,0,64,428,0,492,210,0,210,702
03/21/2008,SDL,AZ,AWP,WE,Towers with Radar,0,38,117,0,155,0,5,285,0,290,0,43,402,0,445,132,0,132,577
03/22/2008,SDL,AZ,AWP,WE,Towers with Radar,0,39,82,0,121,0,3,169,0,172,0,42,251,0,293,171,0,171,464
03/23/2008,SDL,AZ,AWP,WE,Towers with Radar,0,42,93,0,135,0,3,157,0,160,0,45,250,0,295,73,0,73,368
03/24/2008,SDL,AZ,AWP,WE,Towers with Radar,0,33,129,0,162,0,6,268,0,274,0,39,397,0,436,206,0,206,642
03/25/2008,SDL,AZ,AWP,WE,Towers with Radar,0,31,89,4,124,0,2,235,2,239,0,33,324,6,363,252,0,252,615
03/26/2008,SDL,AZ,AWP,WE,Towers with Radar,0,54,116,0,170,0,2,230,0,232,0,56,346,0,402,206,0,206,608
03/27/2008,SDL,AZ,AWP,WE,Towers with Radar,0,38,120,0,158,0,7,289,0,296,0,45,409,0,454,215,0,215,669
03/28/2008,SDL,AZ,AWP,WE,Towers with Radar,0,48,126,9,183,0,3,300,0,303,0,51,426,9,486,168,0,168,654
03/29/2008,SDL,AZ,AWP,WE,Towers with Radar,0,54,80,1,135,0,1,224,2,227,0,55,304,3,362,158,0,158,520
03/30/2008,SDL,AZ,AWP,WE,Towers with Radar,0,56,157,1,214,0,2,175,3,180,0,58,332,4,394,91,0,91,485
03/31/2008,SDL,AZ,AWP,WE,Towers with Radar,0,20,70,0,90,0,5,297,0,302,0,25,367,0,392,268,0,268,660
04/01/2008,SDL,AZ,AWP,WE,Towers with Radar,0,47,90,0,137,0,10,251,0,261,0,57,341,0,398,276,0,276,674
04/02/2008,SDL,AZ,AWP,WE,Towers with Radar,0,31,109,1,141,0,1,246,1,248,0,32,355,2,389,218,0,218,607
04/03/2008,SDL,AZ,AWP,WE,Towers with Radar,0,42,118,0,160,0,2,246,0,248,0,44,364,0,408,255,0,255,663
04/04/2008,SDL,AZ,AWP,WE,Towers with Radar,0,43,132,2,177,0,4,344,0,348,0,47,476,2,525,264,0,264,789
04/05/2008,SDL,AZ,AWP,WE,Towers with Radar,0,40,70,1,111,0,6,203,0,209,0,46,273,1,320,138,0,138,458
04/06/2008,SDL,AZ,AWP,WE,Towers with Radar,0,50,129,0,179,0,7,154,1,162,0,57,283,1,341,92,0,92,433
04/07/2008,SDL,AZ,AWP,WE,Towers with Radar,0,36,73,0,109,0,8,235,0,243,0,44,308,0,352,203,0,203,555
04/08/2008,SDL,AZ,AWP,WE,Towers with Radar,0,39,83,2,124,0,1,249,0,250,0,40,332,2,374,231,0,231,605
04/09/2008,SDL,AZ,AWP,WE,Towers with Radar,0,33,119,2,154,0,3,167,0,170,0,36,286,2,324,217,0,217,541
04/10/2008,SDL,AZ,AWP,WE,Towers with Radar,0,30,90,0,120,0,3,258,2,263,0,33,348,2,383,258,0,258,641
04/11/2008,SDL,AZ,AWP,WE,Towers with Radar,0,40,95,0,135,0,1,270,2,273,0,41,365,2,408,250,0,250,658
04/12/2008,SDL,AZ,AWP,WE,Towers with Radar,0,20,72,0,92,0,4,218,3,225,0,24,290,3,317,147,0,147,464
04/13/2008,SDL,AZ,AWP,WE,Towers with Radar,0,34,110,2,146,0,8,185,1,194,0,42,295,3,340,153,0,153,493
04/14/2008,SDL,AZ,AWP,WE,Towers with Radar,0,28,85,2,115,0,2,248,1,251,0,30,333,3,366,270,0,270,636
04/15/2008,SDL,AZ,AWP,WE,Towers with Radar,0,33,116,0,149,0,7,237,0,244,0,40,353,0,393,252,0,252,645
04/16/2008,SDL,AZ,AWP,WE,Towers with Radar,0,37,129,0,166,0,6,245,1,252,0,43,374,1,418,190,0,190,608
04/17/2008,SDL,AZ,AWP,WE,Towers with Radar,0,43,104,0,147,0,4,290,6,300,0,47,394,6,447,276,0,276,723
04/18/2008,SDL,AZ,AWP,WE,Towers with Radar,0,33,120,0,153,0,7,303,4,314,0,40,423,4,467,232,0,232,699
04/19/2008,SDL,AZ,AWP,WE,Towers with Radar,0,20,86,0,106,0,6,231,0,237,0,26,317,0,343,176,0,176,519
04/20/2008,SDL,AZ,AWP,WE,Towers with Radar,0,43,143,0,186,0,4,151,0,155,0,47,294,0,341,112,0,112,453
04/21/2008,SDL,AZ,AWP,WE,Towers with Radar,0,50,89,2,141,0,0,217,0,217,0,50,306,2,358,145,0,145,503
04/22/2008,SDL,AZ,AWP,WE,Towers with Radar,0,29,87,0,116,0,4,308,4,316,0,33,395,4,432,374,0,374,806
04/23/2008,SDL,AZ,AWP,WE,Towers with Radar,0,47,111,0,158,0,5,231,1,237,0,52,342,1,395,266,0,266,661
04/24/2008,SDL,AZ,AWP,WE,Towers with Radar,0,44,120,0,164,0,5,283,0,288,0,49,403,0,452,252,0,252,704
04/25/2008,SDL,AZ,AWP,WE,Towers with Radar,0,43,95,1,139,0,10,260,1,271,0,53,355,2,410,272,0,272,682
04/26/2008,SDL,AZ,AWP,WE,Towers with Radar,0,16,54,2,72,0,4,271,0,275,0,20,325,2,347,233,0,233,580
04/27/2008,SDL,AZ,AWP,WE,Towers with Radar,0,64,96,2,162,0,7,156,0,163,0,71,252,2,325,104,0,104,429
04/28/2008,SDL,AZ,AWP,WE,Towers with Radar,0,30,101,0,131,0,3,234,1,238,0,33,335,1,369,197,0,197,566
04/29/2008,SDL,AZ,AWP,WE,Towers with Radar,0,31,93,0,124,0,12,235,0,247,0,43,328,0,371,331,0,331,702
04/30/2008,SDL,AZ,AWP,WE,Towers with Radar,0,29,98,0,127,0,6,219,0,225,0,35,317,0,352,207,0,207,559
05/01/2008,SDL,AZ,AWP,WE,Towers with Radar,0,26,109,2,137,0,4,243,0,247,0,30,352,2,384,275,0,275,659
05/02/2008,SDL,AZ,AWP,WE,Towers with Radar,0,26,125,2,153,0,6,284,2,292,0,32,409,4,445,223,0,223,668
05/03/2008,SDL,AZ,AWP,WE,Towers with Radar,0,16,47,0,63,0,1,236,0,237,0,17,283,0,300,173,0,173,473
05/04/2008,SDL,AZ,AWP,WE,Towers with Radar,0,43,99,2,144,0,4,177,0,181,0,47,276,2,325,156,0,156,481
05/05/2008,SDL,AZ,AWP,WE,Towers with Radar,0,26,71,0,97,0,6,239,0,245,0,32,310,0,342,256,0,256,598
05/06/2008,SDL,AZ,AWP,WE,Towers with Radar,0,17,117,0,134,0,3,266,0,269,0,20,383,0,403,286,0,286,689
05/07/2008,SDL,AZ,AWP,WE,Towers with Radar,0,18,112,0,130,0,2,295,2,299,0,20,407,2,429,296,0,296,725
05/08/2008,SDL,AZ,AWP,WE,Towers with Radar,0,34,109,0,143,0,2,265,1,268,0,36,374,1,411,224,0,224,635
05/09/2008,SDL,AZ,AWP,WE,Towers with Radar,0,34,105,0,139,0,7,278,0,285,0,41,383,0,424,259,0,259,683
05/10/2008,SDL,AZ,AWP,WE,Towers with Radar,0,24,48,0,72,0,4,193,0,197,0,28,241,0,269,189,0,189,458
05/11/2008,SDL,AZ,AWP,WE,Towers with Radar,0,38,91,0,129,0,2,158,0,160,0,40,249,0,289,130,0,130,419
05/12/2008,SDL,AZ,AWP,WE,Towers with Radar,0,33,79,0,112,0,4,237,0,241,0,37,316,0,353,225,0,225,578
05/13/2008,SDL,AZ,AWP,WE,Towers with Radar,0,30,75,0,105,0,2,243,0,245,0,32,318,0,350,193,0,193,543
05/14/2008,SDL,AZ,AWP,WE,Towers with Radar,0,37,68,0,105,0,3,261,0,264,0,40,329,0,369,337,0,337,706
05/15/2008,SDL,AZ,AWP,WE,Towers with Radar,0,33,95,0,128,0,0,237,0,237,0,33,332,0,365,210,0,210,575
05/16/2008,SDL,AZ,AWP,WE,Towers with Radar,0,29,92,0,121,0,0,193,0,193,0,29,285,0,314,156,0,156,470
05/17/2008,SDL,AZ,AWP,WE,Towers with Radar,0,29,49,1,79,0,7,238,0,245,0,36,287,1,324,230,0,230,554
05/18/2008,SDL,AZ,AWP,WE,Towers with Radar,0,36,105,1,142,0,4,218,0,222,0,40,323,1,364,191,0,191,555
05/19/2008,SDL,AZ,AWP,WE,Towers with Radar,0,24,85,1,110,0,2,229,0,231,0,26,314,1,341,222,0,222,563
05/20/2008,SDL,AZ,AWP,WE,Towers with Radar,0,25,79,1,105,0,5,259,1,265,0,30,338,2,370,260,0,260,630
05/21/2008,SDL,AZ,AWP,WE,Towers with Radar,0,25,79,0,104,0,5,163,0,168,0,30,242,0,272,87,0,87,359
05/22/2008,SDL,AZ,AWP,WE,Towers with Radar,0,30,108,0,138,0,0,156,0,156,0,30,264,0,294,173,0,173,467
05/23/2008,SDL,AZ,AWP,WE,Towers with Radar,0,43,104,0,147,0,8,147,0,155,0,51,251,0,302,198,0,198,500
05/24/2008,SDL,AZ,AWP,WE,Towers with Radar,0,17,36,1,54,0,3,158,1,162,0,20,194,2,216,271,0,271,487
05/25/2008,SDL,AZ,AWP,WE,Towers with Radar,0,15,58,0,73,0,6,173,0,179,0,21,231,0,252,152,0,152,404
05/26/2008,SDL,AZ,AWP,WE,Towers with Radar,0,37,80,1,118,0,0,188,0,188,0,37,268,1,306,139,0,139,445
05/27/2008,SDL,AZ,AWP,WE,Towers with Radar,0,11,70,0,81,0,3,165,0,168,0,14,235,0,249,235,0,235,484
05/28/2008,SDL,AZ,AWP,WE,Towers with Radar,0,21,94,0,115,0,2,267,0,269,0,23,361,0,384,240,0,240,624
05/29/2008,SDL,AZ,AWP,WE,Towers with Radar,0,23,98,0,121,0,3,240,0,243,0,26,338,0,364,249,0,249,613
05/30/2008,SDL,AZ,AWP,WE,Towers with Radar,0,29,88,0,117,0,2,305,1,308,0,31,393,1,425,260,0,260,685
05/31/2008,SDL,AZ,AWP,WE,Towers with Radar,0,22,68,0,90,0,3,202,0,205,0,25,270,0,295,179,0,179,474
06/01/2008,SDL,AZ,AWP,WE,Towers with Radar,0,36,65,0,101,0,4,158,1,163,0,40,223,1,264,152,0,152,416
06/02/2008,SDL,AZ,AWP,WE,Towers with Radar,0,28,63,0,91,0,4,196,0,200,0,32,259,0,291,127,0,127,418
06/03/2008,SDL,AZ,AWP,WE,Towers with Radar,0,25,80,2,107,0,4,231,0,235,0,29,311,2,342,200,0,200,542
06/04/2008,SDL,AZ,AWP,WE,Towers with Radar,0,33,70,0,103,0,4,186,2,192,0,37,256,2,295,177,0,177,472
06/05/2008,SDL,AZ,AWP,WE,Towers with Radar,0,20,91,0,111,0,4,265,0,269,0,24,356,0,380,239,0,239,619
06/06/2008,SDL,AZ,AWP,WE,Towers with Radar,0,31,81,4,116,0,2,228,9,239,0,33,309,13,355,259,0,259,614
06/07/2008,SDL,AZ,AWP,WE,Towers with Radar,0,8,39,0,47,0,4,190,0,194,0,12,229,0,241,222,0,222,463
06/08/2008,SDL,AZ,AWP,WE,Towers with Radar,0,32,82,6,120,0,2,158,1,161,0,34,240,7,281,132,0,132,413
06/09/2008,SDL,AZ,AWP,WE,Towers with Radar,0,17,82,0,99,0,5,236,0,241,0,22,318,0,340,211,0,211,551
06/10/2008,SDL,AZ,AWP,WE,Towers with Radar,0,19,58,0,77,0,6,268,1,275,0,25,326,1,352,292,0,292,644
06/11/2008,SDL,AZ,AWP,WE,Towers with Radar,0,20,72,0,92,0,7,235,0,242,0,27,307,0,334,202,0,202,536
06/12/2008,SDL,AZ,AWP,WE,Towers with Radar,0,40,63,2,105,0,1,252,0,253,0,41,315,2,358,246,0,246,604
06/13/2008,SDL,AZ,AWP,WE,Towers with Radar,0,29,74,1,104,0,7,283,2,292,0,36,357,3,396,200,0,200,596
06/14/2008,SDL,AZ,AWP,WE,Towers with Radar,0,19,33,0,52,0,7,207,0,214,0,26,240,0,266,186,0,186,452
06/15/2008,SDL,AZ,AWP,WE,Towers with Radar,0,29,58,1,88,0,4,122,0,126,0,33,180,1,214,46,0,46,260
06/16/2008,SDL,AZ,AWP,WE,Towers with Radar,0,13,91,0,104,0,7,185,0,192,0,20,276,0,296,213,0,213,509
06/17/2008,SDL,AZ,AWP,WE,Towers with Radar,0,21,74,0,95,0,7,256,0,263,0,28,330,0,358,201,0,201,559
06/18/2008,SDL,AZ,AWP,WE,Towers with Radar,0,28,73,0,101,0,2,224,0,226,0,30,297,0,327,291,0,291,618
06/19/2008,SDL,AZ,AWP,WE,Towers with Radar,0,22,76,0,98,0,2,240,3,245,0,24,316,3,343,230,0,230,573
06/20/2008,SDL,AZ,AWP,WE,Towers with Radar,0,14,63,3,80,0,5,280,2,287,0,19,343,5,367,309,0,309,676
06/21/2008,SDL,AZ,AWP,WE,Towers with Radar,0,19,45,2,66,0,7,211,0,218,0,26,256,2,284,221,0,221,505
06/22/2008,SDL,AZ,AWP,WE,Towers with Radar,0,35,59,2,96,0,2,137,1,140,0,37,196,3,236,98,0,98,334
06/23/2008,SDL,AZ,AWP,WE,Towers with Radar,0,23,59,0,82,0,8,218,3,229,0,31,277,3,311,246,0,246,557
06/24/2008,SDL,AZ,AWP,WE,Towers with Radar,0,28,59,0,87,0,4,220,1,225,0,32,279,1,312,301,0,301,613
06/25/2008,SDL,AZ,AWP,WE,Towers with Radar,0,23,70,0,93,0,4,256,0,260,0,27,326,0,353,307,0,307,660
06/26/2008,SDL,AZ,AWP,WE,Towers with Radar,0,17,78,0,95,0,1,253,0,254,0,18,331,0,349,276,0,276,625
06/27/2008,SDL,AZ,AWP,WE,Towers with Radar,0,33,75,0,108,0,7,252,0,259,0,40,327,0,367,247,0,247,614
06/28/2008,SDL,AZ,AWP,WE,Towers with Radar,0,9,35,1,45,0,6,167,0,173,0,15,202,1,218,195,0,195,413
06/29/2008,SDL,AZ,AWP,WE,Towers with Radar,0,18,62,1,81,0,7,166,0,173,0,25,228,1,254,154,0,154,408
06/30/2008,SDL,AZ,AWP,WE,Towers with Radar,0,19,52,0,71,0,3,172,0,175,0,22,224,0,246,157,0,157,403
07/01/2008,SDL,AZ,AWP,WE,Towers with Radar,0,11,67,1,79,0,0,213,0,213,0,11,280,1,292,175,0,175,467
07/02/2008,SDL,AZ,AWP,WE,Towers with Radar,0,26,67,2,95,0,1,263,0,264,0,27,330,2,359,305,0,305,664
07/03/2008,SDL,AZ,AWP,WE,Towers with Radar,0,32,62,1,95,0,1,227,0,228,0,33,289,1,323,331,0,331,654
07/04/2008,SDL,AZ,AWP,WE,Towers with Radar,0,10,16,0,26,0,0,122,0,122,0,10,138,0,148,247,0,247,395
07/05/2008,SDL,AZ,AWP,WE,Towers with Radar,0,12,20,0,32,0,3,115,0,118,0,15,135,0,150,189,0,189,339
07/06/2008,SDL,AZ,AWP,WE,Towers with Radar,0,24,57,0,81,0,1,120,0,121,0,25,177,0,202,92,0,92,294
07/07/2008,SDL,AZ,AWP,WE,Towers with Radar,0,26,61,0,87,0,3,176,0,179,0,29,237,0,266,132,0,132,398
07/08/2008,SDL,AZ,AWP,WE,Towers with Radar,0,16,65,0,81,0,0,255,0,255,0,16,320,0,336,255,0,255,591
07/09/2008,SDL,AZ,AWP,WE,Towers with Radar,0,16,60,4,80,0,0,226,0,226,0,16,286,4,306,246,0,246,552
07/10/2008,SDL,AZ,AWP,WE,Towers with Radar,0,12,57,0,69,0,0,212,0,212,0,12,269,0,281,203,0,203,484
07/11/2008,SDL,AZ,AWP,WE,Towers with Radar,0,15,66,0,81,0,1,175,0,176,0,16,241,0,257,228,0,228,485
07/12/2008,SDL,AZ,AWP,WE,Towers with Radar,0,15,25,1,41,0,4,194,0,198,0,19,219,1,239,198,0,198,437
07/13/2008,SDL,AZ,AWP,WE,Towers with Radar,0,27,54,1,82,0,2,157,2,161,0,29,211,3,243,105,0,105,348
07/14/2008,SDL,AZ,AWP,WE,Towers with Radar,0,16,45,0,61,0,2,175,0,177,0,18,220,0,238,237,0,237,475
07/15/2008,SDL,AZ,AWP,WE,Towers with Radar,0,19,61,0,80,0,1,234,0,235,0,20,295,0,315,200,0,200,515
07/16/2008,SDL,AZ,AWP,WE,Towers with Radar,0,20,64,0,84,0,1,188,0,189,0,21,252,0,273,169,0,169,442
07/17/2008,SDL,AZ,AWP,WE,Towers with Radar,0,13,76,0,89,0,0,230,0,230,0,13,306,0,319,218,0,218,537
07/18/2008,SDL,AZ,AWP,WE,Towers with Radar,0,12,64,0,76,0,0,216,2,218,0,12,280,2,294,277,0,277,571
07/19/2008,SDL,AZ,AWP,WE,Towers with Radar,0,9,31,0,40,0,0,185,0,185,0,9,216,0,225,273,0,273,498
07/20/2008,SDL,AZ,AWP,WE,Towers with Radar,0,18,60,0,78,0,1,125,0,126,0,19,185,0,204,132,0,132,336
07/21/2008,SDL,AZ,AWP,WE,Towers with Radar,0,12,46,0,58,0,0,196,0,196,0,12,242,0,254,285,0,285,539
07/22/2008,SDL,AZ,AWP,WE,Towers with Radar,0,26,63,0,89,0,2,178,0,180,0,28,241,0,269,247,4,251,520
07/23/2008,SDL,AZ,AWP,WE,Towers with Radar,0,20,60,2,82,0,4,150,0,154,0,24,210,2,236,221,0,221,457
07/24/2008,SDL,AZ,AWP,WE,Towers with Radar,0,17,52,2,71,0,1,178,0,179,0,18,230,2,250,223,0,223,473
07/25/2008,SDL,AZ,AWP,WE,Towers with Radar,0,16,58,4,78,0,0,212,3,215,0,16,270,7,293,228,0,228,521
07/26/2008,SDL,AZ,AWP,WE,Towers with Radar,0,9,37,4,50,0,1,175,0,176,0,10,212,4,226,142,0,142,368
07/27/2008,SDL,AZ,AWP,WE,Towers with Radar,0,19,56,0,75,0,3,127,0,130,0,22,183,0,205,114,0,114,319
07/28/2008,SDL,AZ,AWP,WE,Towers with Radar,0,8,69,0,77,0,0,208,0,208,0,8,277,0,285,178,0,178,463
07/29/2008,SDL,AZ,AWP,WE,Towers with Radar,0,15,70,0,85,0,2,175,0,177,0,17,245,0,262,137,0,137,399
07/30/2008,SDL,AZ,AWP,WE,Towers with Radar,0,14,58,0,72,0,1,178,0,179,0,15,236,0,251,183,0,183,434
07/31/2008,SDL,AZ,AWP,WE,Towers with Radar,0,17,57,0,74,0,1,176,0,177,0,18,233,0,251,234,0,234,485
08/01/2008,SDL,AZ,AWP,WE,Towers with Radar,0,11,61,0,72,0,1,199,1,201,0,12,260,1,273,264,0,264,537
08/02/2008,SDL,AZ,AWP,WE,Towers with Radar,0,15,53,1,69,0,5,151,0,156,0,20,204,1,225,177,0,177,402
08/03/2008,SDL,AZ,AWP,WE,Towers with Radar,0,19,52,2,73,0,0,113,0,113,0,19,165,2,186,69,0,69,255
08/04/2008,SDL,AZ,AWP,WE,Towers with Radar,0,18,50,0,68,0,2,188,0,190,0,20,238,0,258,199,0,199,457
08/05/2008,SDL,AZ,AWP,WE,Towers with Radar,0,23,38,0,61,0,3,229,0,232,0,26,267,0,293,292,0,292,585
08/06/2008,SDL,AZ,AWP,WE,Towers with Radar,0,14,65,1,80,0,0,220,0,220,0,14,285,1,300,233,0,233,533
08/07/2008,SDL,AZ,AWP,WE,Towers with Radar,0,22,57,1,80,0,3,231,0,234,0,25,288,1,314,281,0,281,595
08/08/2008,SDL,AZ,AWP,WE,Towers with Radar,0,25,48,4,77,0,0,233,2,235,0,25,281,6,312,278,0,278,590
08/09/2008,SDL,AZ,AWP,WE,Towers with Radar,0,16,34,1,51,0,0,164,0,164,0,16,198,1,215,218,0,218,433
08/10/2008,SDL,AZ,AWP,WE,Towers with Radar,0,20,60,5,85,0,5,148,0,153,0,25,208,5,238,107,1,108,346
08/11/2008,SDL,AZ,AWP,WE,Towers with Radar,0,20,55,1,76,0,0,202,0,202,0,20,257,1,278,243,0,243,521
08/12/2008,SDL,AZ,AWP,WE,Towers with Radar,0,21,49,0,70,0,0,226,0,226,0,21,275,0,296,301,0,301,597
08/13/2008,SDL,AZ,AWP,WE,Towers with Radar,0,16,77,0,93,0,1,237,0,238,0,17,314,0,331,284,0,284,615
08/14/2008,SDL,AZ,AWP,WE,Towers with Radar,0,15,60,0,75,0,0,220,0,220,0,15,280,0,295,199,0,199,494
08/15/2008,SDL,AZ,AWP,WE,Towers with Radar,0,11,58,0,69,0,0,181,1,182,0,11,239,1,251,222,0,222,473
08/16/2008,SDL,AZ,AWP,WE,Towers with Radar,0,7,43,2,52,0,1,176,0,177,0,8,219,2,229,198,0,198,427
08/17/2008,SDL,AZ,AWP,WE,Towers with Radar,0,13,61,2,76,0,0,132,1,133,0,13,193,3,209,137,0,137,346
08/18/2008,SDL,AZ,AWP,WE,Towers with Radar,0,20,39,0,59,0,0,190,0,190,0,20,229,0,249,156,0,156,405
08/19/2008,SDL,AZ,AWP,WE,Towers with Radar,0,21,39,0,60,0,0,216,0,216,0,21,255,0,276,294,0,294,570
08/20/2008,SDL,AZ,AWP,WE,Towers with Radar,0,18,56,0,74,0,0,227,0,227,0,18,283,0,301,216,0,216,517
08/21/2008,SDL,AZ,AWP,WE,Towers with Radar,0,19,58,0,77,0,0,207,0,207,0,19,265,0,284,223,0,223,507
08/22/2008,SDL,AZ,AWP,WE,Towers with Radar,0,11,78,0,89,0,5,189,1,195,0,16,267,1,284,172,0,172,456
08/23/2008,SDL,AZ,AWP,WE,Towers with Radar,0,12,36,0,48,0,0,138,0,138,0,12,174,0,186,181,0,181,367
08/24/2008,SDL,AZ,AWP,WE,Towers with Radar,0,15,54,0,69,0,1,149,0,150,0,16,203,0,219,140,0,140,359
08/25/2008,SDL,AZ,AWP,WE,Towers with Radar,0,18,68,2,88,0,2,202,0,204,0,20,270,2,292,213,0,213,505
08/26/2008,SDL,AZ,AWP,WE,Towers with Radar,0,17,60,0,77,0,2,230,0,232,0,19,290,0,309,325,0,325,634
08/27/2008,SDL,AZ,AWP,WE,Towers with Radar,0,19,69,0,88,0,0,196,0,196,0,19,265,0,284,255,6,261,545
08/28/2008,SDL,AZ,AWP,WE,Towers with Radar,0,17,75,0,92,0,0,257,0,257,0,17,332,0,349,295,0,295,644
08/29/2008,SDL,AZ,AWP,WE,Towers with Radar,0,17,92,1,110,0,1,226,3,230,0,18,318,4,340,225,0,225,565
08/30/2008,SDL,AZ,AWP,WE,Towers with Radar,0,12,18,0,30,0,1,110,1,112,0,13,128,1,142,58,1,59,201
08/31/2008,SDL,AZ,AWP,WE,Towers with Radar,0,9,26,0,35,0,0,127,0,127,0,9,153,0,162,86,0,86,248
09/01/2008,SDL,AZ,AWP,WE,Towers with Radar,0,26,77,3,106,0,0,156,4,160,0,26,233,7,266,102,0,102,368
09/02/2008,SDL,AZ,AWP,WE,Towers with Radar,0,23,58,0,81,0,0,243,0,243,0,23,301,0,324,250,0,250,574
09/03/2008,SDL,AZ,AWP,WE,Towers with Radar,0,17,70,0,87,0,0,205,0,205,0,17,275,0,292,218,0,218,510
09/04/2008,SDL,AZ,AWP,WE,Towers with Radar,0,10,61,0,71,0,0,223,0,223,0,10,284,0,294,279,0,279,573
09/05/2008,SDL,AZ,AWP,WE,Towers with Radar,0,13,71,0,84,0,0,231,0,231,0,13,302,0,315,214,0,214,529
09/06/2008,SDL,AZ,AWP,WE,Towers with Radar,0,17,29,3,49,0,2,158,2,162,0,19,187,5,211,37,1,38,249
09/07/2008,SDL,AZ,AWP,WE,Towers with Radar,0,18,53,3,74,0,2,146,0,148,0,20,199,3,222,134,0,134,356
09/08/2008,SDL,AZ,AWP,WE,Towers with Radar,0,15,49,0,64,0,1,184,0,185,0,16,233,0,249,177,0,177,426
09/09/2008,SDL,AZ,AWP,WE,Towers with Radar,0,14,83,2,99,0,0,224,0,224,0,14,307,2,323,291,0,291,614
09/10/2008,SDL,AZ,AWP,WE,Towers with Radar,0,16,70,0,86,0,0,209,0,209,0,16,279,0,295,220,0,220,515
09/11/2008,SDL,AZ,AWP,WE,Towers with Radar,0,31,62,0,93,0,0,216,0,216,0,31,278,0,309,234,0,234,543
09/12/2008,SDL,AZ,AWP,WE,Towers with Radar,0,22,75,0,97,0,2,245,2,249,0,24,320,2,346,267,0,267,613
09/13/2008,SDL,AZ,AWP,WE,Towers with Radar,0,5,41,0,46,0,0,159,0,159,0,5,200,0,205,205,0,205,410
09/14/2008,SDL,AZ,AWP,WE,Towers with Radar,0,28,60,0,88,0,0,128,0,128,0,28,188,0,216,89,0,89,305
09/15/2008,SDL,AZ,AWP,WE,Towers with Radar,0,13,63,0,76,0,0,167,0,167,0,13,230,0,243,89,0,89,332
09/16/2008,SDL,AZ,AWP,WE,Towers with Radar,0,13,55,0,68,0,0,271,0,271,0,13,326,0,339,269,0,269,608
09/17/2008,SDL,AZ,AWP,WE,Towers with Radar,0,14,62,0,76,0,1,232,0,233,0,15,294,0,309,290,0,290,599
09/18/2008,SDL,AZ,AWP,WE,Towers with Radar,0,20,101,0,121,0,1,215,1,217,0,21,316,1,338,250,0,250,588
09/19/2008,SDL,AZ,AWP,WE,Towers with Radar,0,19,64,0,83,0,1,254,0,255,0,20,318,0,338,277,0,277,615
09/20/2008,SDL,AZ,AWP,WE,Towers with Radar,0,11,50,1,62,0,0,189,0,189,0,11,239,1,251,221,0,221,472
09/21/2008,SDL,AZ,AWP,WE,Towers with Radar,0,22,87,1,110,0,1,140,0,141,0,23,227,1,251,135,0,135,386
09/22/2008,SDL,AZ,AWP,WE,Towers with Radar,0,25,63,0,88,0,2,184,0,186,0,27,247,0,274,198,0,198,472
09/23/2008,SDL,AZ,AWP,WE,Towers with Radar,0,26,47,0,73,0,2,228,0,230,0,28,275,0,303,267,0,267,570
09/24/2008,SDL,AZ,AWP,WE,Towers with Radar,0,19,85,3,107,0,1,209,0,210,0,20,294,3,317,185,0,185,502
09/25/2008,SDL,AZ,AWP,WE,Towers with Radar,0,27,90,1,118,0,0,192,0,192,0,27,282,1,310,178,0,178,488
09/26/2008,SDL,AZ,AWP,WE,Towers with Radar,0,17,94,0,111,0,0,241,0,241,0,17,335,0,352,222,0,222,574
09/27/2008,SDL,AZ,AWP,WE,Towers with Radar,0,5,32,0,37,0,0,189,0,189,0,5,221,0,226,172,0,172,398
09/28/2008,SDL,AZ,AWP,WE,Towers with Radar,0,24,78,0,102,0,0,103,0,103,0,24,181,0,205,10,0,10,215
09/29/2008,SDL,AZ,AWP,WE,Towers with Radar,0,15,57,0,72,0,2,148,0,150,0,17,205,0,222,102,0,102,324
09/30/2008,SDL,AZ,AWP,WE,Towers with Radar,0,17,63,0,80,0,0,227,0,227,0,17,290,0,307,164,0,164,471
10/01/2008,SDL,AZ,AWP,WE,Towers with Radar,0,18,88,2,108,0,0,201,0,201,0,18,289,2,309,258,0,258,567
10/02/2008,SDL,AZ,AWP,WE,Towers with Radar,0,20,76,2,98,0,0,231,0,231,0,20,307,2,329,172,0,172,501
10/03/2008,SDL,AZ,AWP,WE,Towers with Radar,0,26,78,0,104,0,1,206,0,207,0,27,284,0,311,198,0,198,509
10/04/2008,SDL,AZ,AWP,WE,Towers with Radar,0,6,59,0,65,0,2,139,0,141,0,8,198,0,206,153,0,153,359
10/05/2008,SDL,AZ,AWP,WE,Towers with Radar,0,24,73,0,97,0,2,128,0,130,0,26,201,0,227,123,0,123,350
10/06/2008,SDL,AZ,AWP,WE,Towers with Radar,0,11,55,0,66,0,0,212,0,212,0,11,267,0,278,208,0,208,486
10/07/2008,SDL,AZ,AWP,WE,Towers with Radar,0,18,62,0,80,0,4,206,0,210,0,22,268,0,290,310,0,310,600
10/08/2008,SDL,AZ,AWP,WE,Towers with Radar,0,17,77,0,94,0,0,251,0,251,0,17,328,0,345,252,0,252,597
10/09/2008,SDL,AZ,AWP,WE,Towers with Radar,0,14,62,0,76,0,0,231,0,231,0,14,293,0,307,242,0,242,549
10/10/2008,SDL,AZ,AWP,WE,Towers with Radar,0,47,67,0,114,0,2,236,0,238,0,49,303,0,352,294,0,294,646
10/11/2008,SDL,AZ,AWP,WE,Towers with Radar,0,16,30,0,46,0,1,144,0,145,0,17,174,0,191,150,0,150,341
10/12/2008,SDL,AZ,AWP,WE,Towers with Radar,0,26,63,0,89,0,2,185,1,188,0,28,248,1,277,120,0,120,397
10/13/2008,SDL,AZ,AWP,WE,Towers with Radar,0,28,64,0,92,0,1,215,1,217,0,29,279,1,309,203,0,203,512
10/14/2008,SDL,AZ,AWP,WE,Towers with Radar,0,20,68,0,88,0,0,217,0,217,0,20,285,0,305,263,0,263,568
10/15/2008,SDL,AZ,AWP,WE,Towers with Radar,0,25,62,0,87,0,2,237,0,239,0,27,299,0,326,276,0,276,602
10/16/2008,SDL,AZ,AWP,WE,Towers with Radar,0,26,71,0,97,0,0,232,0,232,0,26,303,0,329,0,182,182,511
10/17/2008,SDL,AZ,AWP,WE,Towers with Radar,0,18,65,0,83,0,3,248,0,251,0,21,313,0,334,204,0,204,538
10/18/2008,SDL,AZ,AWP,WE,Towers with Radar,0,10,27,0,37,0,5,175,0,180,0,15,202,0,217,150,0,150,367
10/19/2008,SDL,AZ,AWP,WE,Towers with Radar,0,45,91,0,136,0,0,155,0,155,0,45,246,0,291,59,0,59,350
10/20/2008,SDL,AZ,AWP,WE,Towers with Radar,0,35,79,0,114,0,4,198,0,202,0,39,277,0,316,89,0,89,405
10/21/2008,SDL,AZ,AWP,WE,Towers with Radar,0,36,91,0,127,0,3,270,0,273,0,39,361,0,400,235,0,235,635
10/22/2008,SDL,AZ,AWP,WE,Towers with Radar,0,14,82,0,96,0,5,245,0,250,0,19,327,0,346,237,3,240,586
10/23/2008,SDL,AZ,AWP,WE,Towers with Radar,0,20,95,2,117,0,0,243,0,243,0,20,338,2,360,252,0,252,612
10/24/2008,SDL,AZ,AWP,WE,Towers with Radar,0,24,89,0,113,0,2,308,0,310,0,26,397,0,423,268,0,268,691
10/25/2008,SDL,AZ,AWP,WE,Towers with Radar,0,13,55,2,70,0,2,218,0,220,0,15,273,2,290,145,0,145,435
10/26/2008,SDL,AZ,AWP,WE,Towers with Radar,0,37,103,0,140,0,2,196,0,198,0,39,299,0,338,114,0,114,452
10/27/2008,SDL,AZ,AWP,WE,Towers with Radar,0,21,63,0,84,0,1,193,0,194,0,22,256,0,278,173,0,173,451
10/28/2008,SDL,AZ,AWP,WE,Towers with Radar,0,20,66,0,86,0,2,234,0,236,0,22,300,0,322,289,0,289,611
10/29/2008,SDL,AZ,AWP,WE,Towers with Radar,0,24,85,0,109,0,0,232,0,232,0,24,317,0,341,254,0,254,595
10/30/2008,SDL,AZ,AWP,WE,Towers with Radar,0,25,77,0,102,0,0,233,0,233,0,25,310,0,335,253,1,254,589
10/31/2008,SDL,AZ,AWP,WE,Towers with Radar,0,18,67,2,87,0,1,217,0,218,0,19,284,2,305,232,0,232,537
11/01/2008,SDL,AZ,AWP,WE,Towers with Radar,0,14,28,0,42,0,0,159,0,159,0,14,187,0,201,184,0,184,385
11/02/2008,SDL,AZ,AWP,WE,Towers with Radar,0,26,74,2,102,0,0,149,0,149,0,26,223,2,251,117,0,117,368
11/03/2008,SDL,AZ,AWP,WE,Towers with Radar,0,26,54,0,80,0,1,209,0,210,0,27,263,0,290,248,0,248,538
11/04/2008,SDL,AZ,AWP,WE,Towers with Radar,0,21,64,0,85,0,1,267,0,268,0,22,331,0,353,248,0,248,601
11/05/2008,SDL,AZ,AWP,WE,Towers with Radar,0,25,80,0,105,0,0,240,0,240,0,25,320,0,345,254,0,254,599
11/06/2008,SDL,AZ,AWP,WE,Towers with Radar,0,25,78,0,103,0,0,251,0,251,0,25,329,0,354,243,0,243,597
11/07/2008,SDL,AZ,AWP,WE,Towers with Radar,0,28,99,0,127,0,5,291,0,296,0,33,390,0,423,205,2,207,630
11/08/2008,SDL,AZ,AWP,WE,Towers with Radar,0,20,62,0,82,0,0,196,0,196,0,20,258,0,278,183,0,183,461
11/09/2008,SDL,AZ,AWP,WE,Towers with Radar,0,27,113,0,140,0,0,176,0,176,0,27,289,0,316,104,0,104,420
11/10/2008,SDL,AZ,AWP,WE,Towers with Radar,0,25,79,0,104,0,0,250,0,250,0,25,329,0,354,208,0,208,562
11/11/2008,SDL,AZ,AWP,WE,Towers with Radar,0,26,83,0,109,0,1,235,0,236,0,27,318,0,345,256,0,256,601
11/12/2008,SDL,AZ,AWP,WE,Towers with Radar,0,47,113,0,160,0,0,256,0,256,0,47,369,0,416,233,0,233,649
11/13/2008,SDL,AZ,AWP,WE,Towers with Radar,0,36,106,0,142,0,0,282,0,282,0,36,388,0,424,237,0,237,661
11/14/2008,SDL,AZ,AWP,WE,Towers with Radar,0,27,82,2,111,0,0,232,2,234,0,27,314,4,345,192,0,192,537
11/15/2008,SDL,AZ,AWP,WE,Towers with Radar,0,13,49,1,63,0,0,152,2,154,0,13,201,3,217,152,0,152,369
11/16/2008,SDL,AZ,AWP,WE,Towers with Radar,0,35,90,2,127,0,0,188,0,188,0,35,278,2,315,100,0,100,415
11/17/2008,SDL,AZ,AWP,WE,Towers with Radar,0,31,72,0,103,0,0,219,0,219,0,31,291,0,322,215,0,215,537
11/18/2008,SDL,AZ,AWP,WE,Towers with Radar,0,23,80,0,103,0,0,221,0,221,0,23,301,0,324,295,0,295,619
11/19/2008,SDL,AZ,AWP,WE,Towers with Radar,0,14,98,0,112,0,0,254,0,254,0,14,352,0,366,220,0,220,586
11/20/2008,SDL,AZ,AWP,WE,Towers with Radar,0,25,82,0,107,0,0,273,0,273,0,25,355,0,380,252,0,252,632
11/21/2008,SDL,AZ,AWP,WE,Towers with Radar,0,35,84,0,119,0,1,274,0,275,0,36,358,0,394,228,0,228,622
11/22/2008,SDL,AZ,AWP,WE,Towers with Radar,0,22,57,0,79,0,1,214,0,215,0,23,271,0,294,200,0,200,494
11/23/2008,SDL,AZ,AWP,WE,Towers with Radar,0,21,65,0,86,0,2,161,0,163,0,23,226,0,249,199,0,199,448
11/24/2008,SDL,AZ,AWP,WE,Towers with Radar,0,28,73,0,101,0,2,209,0,211,0,30,282,0,312,148,0,148,460
11/25/2008,SDL,AZ,AWP,WE,Towers with Radar,0,25,95,0,120,0,0,222,0,222,0,25,317,0,342,170,0,170,512
11/26/2008,SDL,AZ,AWP,WE,Towers with Radar,0,36,116,0,152,0,0,142,0,142,0,36,258,0,294,181,0,181,475
11/27/2008,SDL,AZ,AWP,WE,Towers with Radar,0,22,26,0,48,0,0,30,0,30,0,22,56,0,78,10,0,10,88
11/28/2008,SDL,AZ,AWP,WE,Towers with Radar,0,23,57,0,80,0,0,126,0,126,0,23,183,0,206,173,0,173,379
11/29/2008,SDL,AZ,AWP,WE,Towers with Radar,0,32,78,0,110,0,0,169,0,169,0,32,247,0,279,160,0,160,439
11/30/2008,SDL,AZ,AWP,WE,Towers with Radar,0,44,146,0,190,0,0,139,0,139,0,44,285,0,329,68,0,68,397
12/01/2008,SDL,AZ,AWP,WE,Towers with Radar,0,34,75,0,109,0,0,224,0,224,0,34,299,0,333,129,0,129,462
12/02/2008,SDL,AZ,AWP,WE,Towers with Radar,0,28,92,0,120,0,3,234,0,237,0,31,326,0,357,301,0,301,658
12/03/2008,SDL,AZ,AWP,WE,Towers with Radar,0,31,74,0,105,0,2,197,0,199,0,33,271,0,304,185,0,185,489
12/04/2008,SDL,AZ,AWP,WE,Towers with Radar,0,10,66,0,76,0,0,200,0,200,0,10,266,0,276,165,0,165,441
12/05/2008,SDL,AZ,AWP,WE,Towers with Radar,0,15,82,0,97,0,2,248,0,250,0,17,330,0,347,239,0,239,586
12/06/2008,SDL,AZ,AWP,WE,Towers with Radar,0,13,43,0,56,0,0,237,0,237,0,13,280,0,293,232,0,232,525
12/07/2008,SDL,AZ,AWP,WE,Towers with Radar,0,26,76,0,102,0,2,167,0,169,0,28,243,0,271,140,0,140,411
12/08/2008,SDL,AZ,AWP,WE,Towers with Radar,0,18,64,0,82,0,1,170,0,171,0,19,234,0,253,248,0,248,501
12/09/2008,SDL,AZ,AWP,WE,Towers with Radar,0,22,68,0,90,0,1,209,0,210,0,23,277,0,300,279,0,279,579
12/10/2008,SDL,AZ,AWP,WE,Towers with Radar,0,20,73,0,93,0,0,258,0,258,0,20,331,0,351,267,0,267,618
12/11/2008,SDL,AZ,AWP,WE,Towers with Radar,0,18,81,0,99,0,2,203,1,206,0,20,284,1,305,314,0,314,619
12/12/2008,SDL,AZ,AWP,WE,Towers with Radar,0,14,72,0,86,0,0,242,0,242,0,14,314,0,328,236,0,236,564
12/13/2008,SDL,AZ,AWP,WE,Towers with Radar,0,9,39,0,48,0,0,191,0,191,0,9,230,0,239,179,0,179,418
12/14/2008,SDL,AZ,AWP,WE,Towers with Radar,0,33,64,0,97,0,1,91,0,92,0,34,155,0,189,84,0,84,273
12/15/2008,SDL,AZ,AWP,WE,Towers with Radar,0,20,37,0,57,0,0,123,0,123,0,20,160,0,180,156,0,156,336
12/16/2008,SDL,AZ,AWP,WE,Towers with Radar,0,17,45,0,62,0,0,12,0,12,0,17,57,0,74,6,0,6,80
12/17/2008,SDL,AZ,AWP,WE,Towers with Radar,0,24,59,0,83,0,0,152,0,152,0,24,211,0,235,161,0,161,396
12/18/2008,SDL,AZ,AWP,WE,Towers with Radar,0,17,69,0,86,0,0,166,0,166,0,17,235,0,252,272,0,272,524
12/19/2008,SDL,AZ,AWP,WE,Towers with Radar,0,27,73,0,100,0,1,255,0,256,0,28,328,0,356,188,0,188,544
12/20/2008,SDL,AZ,AWP,WE,Towers with Radar,0,23,53,0,76,0,2,195,0,197,0,25,248,0,273,211,0,211,484
12/21/2008,SDL,AZ,AWP,WE,Towers with Radar,0,30,47,0,77,0,0,140,0,140,0,30,187,0,217,136,0,136,353
12/22/2008,SDL,AZ,AWP,WE,Towers with Radar,0,14,55,0,69,0,0,165,0,165,0,14,220,0,234,197,0,197,431
12/23/2008,SDL,AZ,AWP,WE,Towers with Radar,0,21,50,0,71,0,2,161,0,163,0,23,211,0,234,184,0,184,418
12/24/2008,SDL,AZ,AWP,WE,Towers with Radar,0,16,33,0,49,0,1,93,0,94,0,17,126,0,143,58,0,58,201
12/25/2008,SDL,AZ,AWP,WE,Towers with Radar,0,15,13,0,28,0,0,11,0,11,0,15,24,0,39,0,0,0,39
12/26/2008,SDL,AZ,AWP,WE,Towers with Radar,0,23,107,0,130,0,0,78,0,78,0,23,185,0,208,66,0,66,274
12/27/2008,SDL,AZ,AWP,WE,Towers with Radar,0,26,79,0,105,0,0,123,0,123,0,26,202,0,228,100,0,100,328
12/28/2008,SDL,AZ,AWP,WE,Towers with Radar,0,29,68,0,97,0,1,111,0,112,0,30,179,0,209,98,0,98,307
12/29/2008,SDL,AZ,AWP,WE,Towers with Radar,0,28,72,2,102,0,2,137,1,140,0,30,209,3,242,105,0,105,347
12/30/2008,SDL,AZ,AWP,WE,Towers with Radar,0,35,82,0,117,0,0,192,2,194,0,35,274,2,311,199,0,199,510
12/31/2008,SDL,AZ,AWP,WE,Towers with Radar,0,18,60,0,78,0,0,195,2,197,0,18,255,2,275,161,0,161,436
01/01/2009,SDL,AZ,AWP,WE,Towers with Radar,0,11,39,0,50,0,0,107,0,107,0,11,146,0,157,101,0,101,258
01/02/2009,SDL,AZ,AWP,WE,Towers with Radar,0,47,85,1,133,0,1,166,1,168,0,48,251,2,301,132,0,132,433
01/03/2009,SDL,AZ,AWP,WE,Towers with Radar,0,29,69,0,98,0,2,129,0,131,0,31,198,0,229,76,0,76,305
01/04/2009,SDL,AZ,AWP,WE,Towers with Radar,0,41,110,0,151,0,0,42,0,42,0,41,152,0,193,23,0,23,216
01/05/2009,SDL,AZ,AWP,WE,Towers with Radar,0,22,66,0,88,0,1,130,1,132,0,23,196,1,220,117,0,117,337
01/06/2009,SDL,AZ,AWP,WE,Towers with Radar,0,48,79,0,127,0,2,211,0,213,0,50,290,0,340,208,0,208,548
01/07/2009,SDL,AZ,AWP,WE,Towers with Radar,0,24,73,0,97,0,0,186,0,186,0,24,259,0,283,213,0,213,496
01/08/2009,SDL,AZ,AWP,WE,Towers with Radar,0,38,74,0,112,0,0,217,0,217,0,38,291,0,329,232,0,232,561
01/09/2009,SDL,AZ,AWP,WE,Towers with Radar,0,30,85,0,115,0,5,223,0,228,0,35,308,0,343,167,0,167,510
01/10/2009,SDL,AZ,AWP,WE,Towers with Radar,0,19,57,0,76,0,6,190,0,196,0,25,247,0,272,179,0,179,451
01/11/2009,SDL,AZ,AWP,WE,Towers with Radar,0,27,69,0,96,0,0,150,0,150,0,27,219,0,246,132,0,132,378
01/12/2009,SDL,AZ,AWP,WE,Towers with Radar,0,14,67,0,81,0,2,251,0,253,0,16,318,0,334,177,0,177,511
01/13/2009,SDL,AZ,AWP,WE,Towers with Radar,0,21,85,0,106,0,1,211,0,212,0,22,296,0,318,220,0,220,538
01/14/2009,SDL,AZ,AWP,WE,Towers with Radar,0,27,79,0,106,0,2,164,0,166,0,29,243,0,272,128,0,128,400
01/15/2009,SDL,AZ,AWP,WE,Towers with Radar,0,41,107,0,148,0,2,226,0,228,0,43,333,0,376,155,0,155,531
01/16/2009,SDL,AZ,AWP,WE,Towers with Radar,0,43,114,1,158,0,2,246,0,248,0,45,360,1,406,132,0,132,538
01/17/2009,SDL,AZ,AWP,WE,Towers with Radar,0,27,87,0,114,0,6,253,0,259,0,33,340,0,373,144,0,144,517
01/18/2009,SDL,AZ,AWP,WE,Towers with Radar,0,40,110,0,150,0,0,176,0,176,0,40,286,0,326,134,0,134,460
01/19/2009,SDL,AZ,AWP,WE,Towers with Radar,0,44,98,1,143,0,4,238,0,242,0,48,336,1,385,158,0,158,543
01/20/2009,SDL,AZ,AWP,WE,Towers with Radar,0,20,66,0,86,0,5,254,0,259,0,25,320,0,345,229,0,229,574
01/21/2009,SDL,AZ,AWP,WE,Towers with Radar,0,25,88,0,113,0,0,198,0,198,0,25,286,0,311,214,0,214,525
01/22/2009,SDL,AZ,AWP,WE,Towers with Radar,0,18,94,0,112,0,1,195,0,196,0,19,289,0,308,189,0,189,497
01/23/2009,SDL,AZ,AWP,WE,Towers with Radar,0,29,92,2,123,0,0,169,4,173,0,29,261,6,296,150,0,150,446
01/24/2009,SDL,AZ,AWP,WE,Towers with Radar,0,18,58,0,76,0,2,181,1,184,0,20,239,1,260,230,0,230,490
01/25/2009,SDL,AZ,AWP,WE,Towers with Radar,0,37,75,1,113,0,3,136,5,144,0,40,211,6,257,182,0,182,439
01/26/2009,SDL,AZ,AWP,WE,Towers with Radar,0,14,61,0,75,0,2,155,0,157,0,16,216,0,232,109,0,109,341
01/27/2009,SDL,AZ,AWP,WE,Towers with Radar,0,17,68,0,85,0,0,240,0,240,0,17,308,0,325,258,0,258,583
01/28/2009,SDL,AZ,AWP,WE,Towers with Radar,0,26,78,0,104,0,0,203,0,203,0,26,281,0,307,149,0,149,456
01/29/2009,SDL,AZ,AWP,WE,Towers with Radar,0,26,98,0,124,0,8,234,0,242,0,34,332,0,366,168,0,168,534
01/30/2009,SDL,AZ,AWP,WE,Towers with Radar,0,23,104,0,127,0,0,234,4,238,0,23,338,4,365,179,0,179,544
01/31/2009,SDL,AZ,AWP,WE,Towers with Radar,0,32,69,2,103,0,0,259,0,259,0,32,328,2,362,220,0,220,582
02/01/2009,SDL,AZ,AWP,WE,Towers with Radar,0,23,46,0,69,0,0,156,0,156,0,23,202,0,225,78,0,78,303
02/02/2009,SDL,AZ,AWP,WE,Towers with Radar,0,30,81,0,111,0,0,195,0,195,0,30,276,0,306,181,0,181,487
02/03/2009,SDL,AZ,AWP,WE,Towers with Radar,0,15,55,0,70,0,0,254,0,254,0,15,309,0,324,265,0,265,589
02/04/2009,SDL,AZ,AWP,WE,Towers with Radar,0,36,75,0,111,0,0,205,0,205,0,36,280,0,316,231,0,231,547
02/05/2009,SDL,AZ,AWP,WE,Towers with Radar,0,20,100,2,122,0,0,244,0,244,0,20,344,2,366,178,0,178,544
02/06/2009,SDL,AZ,AWP,WE,Towers with Radar,0,19,68,3,90,0,0,195,3,198,0,19,263,6,288,140,0,140,428
02/07/2009,SDL,AZ,AWP,WE,Towers with Radar,0,18,37,0,55,0,2,182,0,184,0,20,219,0,239,277,0,277,516
02/08/2009,SDL,AZ,AWP,WE,Towers with Radar,0,38,72,0,110,0,0,36,0,36,0,38,108,0,146,62,0,62,208
02/09/2009,SDL,AZ,AWP,WE,Towers with Radar,0,22,47,0,69,0,1,88,0,89,0,23,135,0,158,141,0,141,299
02/10/2009,SDL,AZ,AWP,WE,Towers with Radar,0,31,64,4,99,0,0,256,3,259,0,31,320,7,358,276,0,276,634
02/11/2009,SDL,AZ,AWP,WE,Towers with Radar,0,34,99,0,133,0,0,236,0,236,0,34,335,0,369,139,0,139,508
02/12/2009,SDL,AZ,AWP,WE,Towers with Radar,0,31,108,0,139,0,0,252,0,252,0,31,360,0,391,190,0,190,581
02/13/2009,SDL,AZ,AWP,WE,Towers with Radar,0,40,108,3,151,0,0,215,0,215,0,40,323,3,366,139,0,139,505
02/14/2009,SDL,AZ,AWP,WE,Towers with Radar,0,26,48,0,74,0,2,164,0,166,0,28,212,0,240,144,0,144,384
02/15/2009,SDL,AZ,AWP,WE,Towers with Radar,0,23,90,1,114,0,0,110,0,110,0,23,200,1,224,77,0,77,301
02/16/2009,SDL,AZ,AWP,WE,Towers with Radar,0,40,86,3,129,0,2,164,0,166,0,42,250,3,295,112,0,112,407
02/17/2009,SDL,AZ,AWP,WE,Towers with Radar,0,19,80,0,99,0,0,129,0,129,0,19,209,0,228,182,0,182,410
02/18/2009,SDL,AZ,AWP,WE,Towers with Radar,0,18,90,0,108,0,0,107,0,107,0,18,197,0,215,106,0,106,321
02/19/2009,SDL,AZ,AWP,WE,Towers with Radar,0,24,64,0,88,0,1,247,0,248,0,25,311,0,336,204,0,204,540
02/20/2009,SDL,AZ,AWP,WE,Towers with Radar,0,32,97,0,129,0,0,275,0,275,0,32,372,0,404,192,0,192,596
02/21/2009,SDL,AZ,AWP,WE,Towers with Radar,0,18,59,0,77,0,0,180,0,180,0,18,239,0,257,265,0,265,522
02/22/2009,SDL,AZ,AWP,WE,Towers with Radar,0,41,90,0,131,0,3,217,0,220,0,44,307,0,351,124,0,124,475
02/23/2009,SDL,AZ,AWP,WE,Towers with Radar,0,26,60,0,86,0,0,185,0,185,0,26,245,0,271,148,0,148,419
02/24/2009,SDL,AZ,AWP,WE,Towers with Radar,0,26,81,0,107,0,0,201,0,201,0,26,282,0,308,161,0,161,469
02/25/2009,SDL,AZ,AWP,WE,Towers with Radar,0,27,88,0,115,0,2,189,0,191,0,29,277,0,306,148,0,148,454
02/26/2009,SDL,AZ,AWP,WE,Towers with Radar,0,18,84,0,102,0,0,256,0,256,0,18,340,0,358,245,0,245,603
02/27/2009,SDL,AZ,AWP,WE,Towers with Radar,0,29,69,0,98,0,0,229,0,229,0,29,298,0,327,164,0,164,491
02/28/2009,SDL,AZ,AWP,WE,Towers with Radar,0,32,49,0,81,0,0,243,0,243,0,32,292,0,324,220,0,220,544
03/01/2009,SDL,AZ,AWP,WE,Towers with Radar,0,37,79,0,116,0,0,160,0,160,0,37,239,0,276,112,0,112,388
03/02/2009,SDL,AZ,AWP,WE,Towers with Radar,0,31,70,0,101,0,0,206,0,206,0,31,276,0,307,154,0,154,461
03/03/2009,SDL,AZ,AWP,WE,Towers with Radar,0,20,93,0,113,0,0,222,0,222,0,20,315,0,335,262,0,262,597
03/04/2009,SDL,AZ,AWP,WE,Towers with Radar,0,19,91,0,110,0,1,196,0,197,0,20,287,0,307,251,0,251,558
03/05/2009,SDL,AZ,AWP,WE,Towers with Radar,0,27,94,1,122,0,2,224,0,226,0,29,318,1,348,214,0,214,562
03/06/2009,SDL,AZ,AWP,WE,Towers with Radar,0,22,85,1,108,0,0,195,0,195,0,22,280,1,303,201,0,201,504
03/07/2009,SDL,AZ,AWP,WE,Towers with Radar,0,20,48,0,68,0,1,191,0,192,0,21,239,0,260,159,0,159,419
03/08/2009,SDL,AZ,AWP,WE,Towers with Radar,0,38,82,0,120,0,4,169,1,174,0,42,251,1,294,92,0,92,386
03/09/2009,SDL,AZ,AWP,WE,Towers with Radar,0,27,73,0,100,0,0,140,2,142,0,27,213,2,242,88,0,88,330
03/10/2009,SDL,AZ,AWP,WE,Towers with Radar,0,20,69,0,89,0,0,208,1,209,0,20,277,1,298,174,0,174,472
03/11/2009,SDL,AZ,AWP,WE,Towers with Radar,0,21,99,0,120,0,2,227,1,230,0,23,326,1,350,206,0,206,556
03/12/2009,SDL,AZ,AWP,WE,Towers with Radar,0,20,83,0,103,0,0,206,0,206,0,20,289,0,309,170,0,170,479
03/13/2009,SDL,AZ,AWP,WE,Towers with Radar,0,30,97,2,129,0,1,233,0,234,0,31,330,2,363,194,0,194,557
03/14/2009,SDL,AZ,AWP,WE,Towers with Radar,0,32,59,0,91,0,6,199,0,205,0,38,258,0,296,162,0,162,458
03/15/2009,SDL,AZ,AWP,WE,Towers with Radar,0,45,93,2,140,0,2,158,0,160,0,47,251,2,300,83,0,83,383
03/16/2009,SDL,AZ,AWP,WE,Towers with Radar,0,32,62,0,94,0,0,211,0,211,0,32,273,0,305,214,0,214,519
03/17/2009,SDL,AZ,AWP,WE,Towers with Radar,0,22,74,0,96,0,3,256,0,259,0,25,330,0,355,244,0,244,599
03/18/2009,SDL,AZ,AWP,WE,Towers with Radar,0,30,77,0,107,0,0,267,0,267,0,30,344,0,374,260,0,260,634
03/19/2009,SDL,AZ,AWP,WE,Towers with Radar,0,44,83,0,127,0,5,262,0,267,0,49,345,0,394,226,0,226,620
03/20/2009,SDL,AZ,AWP,WE,Towers with Radar,0,40,98,2,140,0,1,219,0,220,0,41,317,2,360,274,0,274,634
03/21/2009,SDL,AZ,AWP,WE,Towers with Radar,0,42,70,0,112,0,4,192,0,196,0,46,262,0,308,179,0,179,487
03/22/2009,SDL,AZ,AWP,WE,Towers with Radar,0,37,101,1,139,0,0,99,0,99,0,37,200,1,238,75,0,75,313
03/23/2009,SDL,AZ,AWP,WE,Towers with Radar,0,38,67,0,105,0,4,166,0,170,0,42,233,0,275,91,0,91,366
03/24/2009,SDL,AZ,AWP,WE,Towers with Radar,0,21,64,0,85,0,3,221,0,224,0,24,285,0,309,276,0,276,585
03/25/2009,SDL,AZ,AWP,WE,Towers with Radar,0,32,76,2,110,0,0,183,0,183,0,32,259,2,293,204,0,204,497
03/26/2009,SDL,AZ,AWP,WE,Towers with Radar,0,34,118,0,152,0,0,125,2,127,0,34,243,2,279,62,0,62,341
03/27/2009,SDL,AZ,AWP,WE,Towers with Radar,0,28,98,0,126,0,0,223,4,227,0,28,321,4,353,159,0,159,512
03/28/2009,SDL,AZ,AWP,WE,Towers with Radar,0,23,66,4,93,0,3,193,0,196,0,26,259,4,289,164,0,164,453
03/29/2009,SDL,AZ,AWP,WE,Towers with Radar,0,52,131,2,185,0,1,157,0,158,0,53,288,2,343,102,0,102,445
03/30/2009,SDL,AZ,AWP,WE,Towers with Radar,0,22,62,2,86,0,2,153,0,155,0,24,215,2,241,71,0,71,312
03/31/2009,SDL,AZ,AWP,WE,Towers with Radar,0,21,62,1,84,0,1,193,0,194,0,22,255,1,278,191,0,191,469
04/01/2009,SDL,AZ,AWP,WE,Towers with Radar,0,21,83,2,106,0,0,240,0,240,0,21,323,2,346,204,0,204,550
04/02/2009,SDL,AZ,AWP,WE,Towers with Radar,0,36,85,0,121,0,1,25,0,26,0,37,110,0,147,262,0,262,409
04/03/2009,SDL,AZ,AWP,WE,Towers with Radar,0,30,86,0,116,0,1,186,0,187,0,31,272,0,303,138,0,138,441
04/04/2009,SDL,AZ,AWP,WE,Towers with Radar,0,31,40,0,71,0,0,171,0,171,0,31,211,0,242,116,0,116,358
04/05/2009,SDL,AZ,AWP,WE,Towers with Radar,0,37,110,0,147,0,0,160,0,160,0,37,270,0,307,81,0,81,388
04/06/2009,SDL,AZ,AWP,WE,Towers with Radar,0,32,69,0,101,0,11,134,3,148,0,43,203,3,249,100,0,100,349
04/07/2009,SDL,AZ,AWP,WE,Towers with Radar,0,28,67,0,95,0,1,204,0,205,0,29,271,0,300,235,0,235,535
04/08/2009,SDL,AZ,AWP,WE,Towers with Radar,0,26,75,0,101,0,1,200,0,201,0,27,275,0,302,180,0,180,482
04/09/2009,SDL,AZ,AWP,WE,Towers with Radar,0,23,86,1,110,0,0,219,1,220,0,23,305,2,330,204,0,204,534
04/10/2009,SDL,AZ,AWP,WE,Towers with Radar,0,10,76,1,87,0,3,192,6,201,0,13,268,7,288,134,0,134,422
04/11/2009,SDL,AZ,AWP,WE,Towers with Radar,0,14,59,0,73,0,0,58,0,58,0,14,117,0,131,66,0,66,197
04/12/2009,SDL,AZ,AWP,WE,Towers with Radar,0,28,53,0,81,0,0,131,3,134,0,28,184,3,215,79,0,79,294
04/13/2009,SDL,AZ,AWP,WE,Towers with Radar,0,24,94,0,118,0,0,171,0,171,0,24,265,0,289,114,0,114,403
04/14/2009,SDL,AZ,AWP,WE,Towers with Radar,0,16,59,2,77,0,0,228,0,228,0,16,287,2,305,222,0,222,527
04/15/2009,SDL,AZ,AWP,WE,Towers with Radar,0,26,66,0,92,0,1,136,0,137,0,27,202,0,229,39,0,39,268
04/16/2009,SDL,AZ,AWP,WE,Towers with Radar,0,22,98,4,124,0,0,248,0,248,0,22,346,4,372,179,0,179,551
04/17/2009,SDL,AZ,AWP,WE,Towers with Radar,0,35,83,0,118,0,0,217,0,217,0,35,300,0,335,196,0,196,531
04/18/2009,SDL,AZ,AWP,WE,Towers with Radar,0,32,63,0,95,0,2,258,0,260,0,34,321,0,355,197,0,197,552
04/19/2009,SDL,AZ,AWP,WE,Towers with Radar,0,39,91,0,130,0,1,177,0,178,0,40,268,0,308,105,0,105,413
04/20/2009,SDL,AZ,AWP,WE,Towers with Radar,0,30,54,0,84,0,8,205,0,213,0,38,259,0,297,197,0,197,494
04/21/2009,SDL,AZ,AWP,WE,Towers with Radar,0,16,69,0,85,0,0,222,0,222,0,16,291,0,307,237,0,237,544
04/22/2009,SDL,AZ,AWP,WE,Towers with Radar,0,30,86,0,116,0,0,191,0,191,0,30,277,0,307,141,0,141,448
04/23/2009,SDL,AZ,AWP,WE,Towers with Radar,0,25,69,0,94,0,1,254,0,255,0,26,323,0,349,261,0,261,610
04/24/2009,SDL,AZ,AWP,WE,Towers with Radar,0,23,83,2,108,0,2,217,4,223,0,25,300,6,331,124,1,125,456
04/25/2009,SDL,AZ,AWP,WE,Towers with Radar,0,11,46,0,57,0,1,169,2,172,0,12,215,2,229,98,0,98,327
04/26/2009,SDL,AZ,AWP,WE,Towers with Radar,0,39,86,2,127,0,0,184,2,186,0,39,270,4,313,82,0,82,395
04/27/2009,SDL,AZ,AWP,WE,Towers with Radar,0,17,57,0,74,0,3,214,0,217,0,20,271,0,291,61,0,61,352
04/28/2009,SDL,AZ,AWP,WE,Towers with Radar,0,24,73,0,97,0,2,222,0,224,0,26,295,0,321,265,0,265,586
04/29/2009,SDL,AZ,AWP,WE,Towers with Radar,0,28,92,0,120,0,2,203,0,205,0,30,295,0,325,112,2,114,439
04/30/2009,SDL,AZ,AWP,WE,Towers with Radar,0,31,81,0,112,0,1,216,0,217,0,32,297,0,329,192,0,192,521
05/01/2009,SDL,AZ,AWP,WE,Towers with Radar,0,34,93,2,129,0,0,199,0,199,0,34,292,2,328,210,0,210,538
05/02/2009,SDL,AZ,AWP,WE,Towers with Radar,0,15,37,0,52,0,9,159,0,168,0,24,196,0,220,151,0,151,371
05/03/2009,SDL,AZ,AWP,WE,Towers with Radar,0,28,80,2,110,0,0,141,0,141,0,28,221,2,251,144,0,144,395
05/04/2009,SDL,AZ,AWP,WE,Towers with Radar,0,18,66,0,84,0,0,215,0,215,0,18,281,0,299,150,0,150,449
05/05/2009,SDL,AZ,AWP,WE,Towers with Radar,0,26,75,0,101,0,0,224,1,225,0,26,299,1,326,196,0,196,522
05/06/2009,SDL,AZ,AWP,WE,Towers with Radar,0,24,83,0,107,0,0,237,0,237,0,24,320,0,344,220,0,220,564
05/07/2009,SDL,AZ,AWP,WE,Towers with Radar,0,29,72,2,103,0,0,232,2,234,0,29,304,4,337,209,4,213,550
05/08/2009,SDL,AZ,AWP,WE,Towers with Radar,0,31,79,1,111,0,1,231,2,234,0,32,310,3,345,199,2,201,546
05/09/2009,SDL,AZ,AWP,WE,Towers with Radar,0,13,65,0,78,0,1,210,1,212,0,14,275,1,290,209,0,209,499
05/10/2009,SDL,AZ,AWP,WE,Towers with Radar,0,28,74,1,103,0,0,122,1,123,0,28,196,2,226,75,0,75,301
05/11/2009,SDL,AZ,AWP,WE,Towers with Radar,0,22,65,0,87,0,2,169,0,171,0,24,234,0,258,123,0,123,381
05/12/2009,SDL,AZ,AWP,WE,Towers with Radar,0,25,56,0,81,0,4,248,0,252,0,29,304,0,333,231,0,231,564
05/13/2009,SDL,AZ,AWP,WE,Towers with Radar,0,23,63,0,86,0,2,164,0,166,0,25,227,0,252,236,0,236,488
05/14/2009,SDL,AZ,AWP,WE,Towers with Radar,0,23,70,1,94,0,4,233,0,237,0,27,303,1,331,151,0,151,482
05/15/2009,SDL,AZ,AWP,WE,Towers with Radar,0,25,76,0,101,0,0,255,0,255,0,25,331,0,356,213,0,213,569
05/16/2009,SDL,AZ,AWP,WE,Towers with Radar,0,15,39,0,54,0,1,209,0,210,0,16,248,0,264,201,0,201,465
05/17/2009,SDL,AZ,AWP,WE,Towers with Radar,0,30,79,0,109,0,1,161,0,162,0,31,240,0,271,90,0,90,361
05/18/2009,SDL,AZ,AWP,WE,Towers with Radar,0,22,51,0,73,0,0,165,0,165,0,22,216,0,238,160,0,160,398
05/19/2009,SDL,AZ,AWP,WE,Towers with Radar,0,23,64,0,87,0,0,247,0,247,0,23,311,0,334,209,0,209,543
05/20/2009,SDL,AZ,AWP,WE,Towers with Radar,0,21,70,6,97,0,0,224,0,224,0,21,294,6,321,250,0,250,571
05/21/2009,SDL,AZ,AWP,WE,Towers with Radar,0,20,64,5,89,0,0,172,0,172,0,20,236,5,261,166,0,166,427
05/22/2009,SDL,AZ,AWP,WE,Towers with Radar,0,31,87,2,120,0,1,136,0,137,0,32,223,2,257,155,0,155,412
05/23/2009,SDL,AZ,AWP,WE,Towers with Radar,0,6,37,0,43,0,2,151,0,153,0,8,188,0,196,113,0,113,309
05/24/2009,SDL,AZ,AWP,WE,Towers with Radar,0,20,26,0,46,0,2,159,0,161,0,22,185,0,207,78,0,78,285
05/25/2009,SDL,AZ,AWP,WE,Towers with Radar,0,29,65,2,96,0,1,177,0,178,0,30,242,2,274,83,0,83,357
05/26/2009,SDL,AZ,AWP,WE,Towers with Radar,0,14,40,0,54,0,1,218,0,219,0,15,258,0,273,215,0,215,488
05/27/2009,SDL,AZ,AWP,WE,Towers with Radar,0,22,67,0,89,0,0,216,0,216,0,22,283,0,305,233,0,233,538
05/28/2009,SDL,AZ,AWP,WE,Towers with Radar,0,15,58,0,73,0,1,172,4,177,0,16,230,4,250,192,2,194,444
05/29/2009,SDL,AZ,AWP,WE,Towers with Radar,0,13,66,0,79,0,0,182,3,185,0,13,248,3,264,147,0,147,411
05/30/2009,SDL,AZ,AWP,WE,Towers with Radar,0,4,32,0,36,0,0,152,2,154,0,4,184,2,190,107,0,107,297
05/31/2009,SDL,AZ,AWP,WE,Towers with Radar,0,9,43,1,53,0,1,154,1,156,0,10,197,2,209,137,1,138,347
06/01/2009,SDL,AZ,AWP,WE,Towers with Radar,0,17,35,0,52,0,0,197,0,197,0,17,232,0,249,163,0,163,412
06/02/2009,SDL,AZ,AWP,WE,Towers with Radar,0,19,73,0,92,0,0,217,0,217,0,19,290,0,309,196,1,197,506
06/03/2009,SDL,AZ,AWP,WE,Towers with Radar,0,12,43,0,55,0,0,208,0,208,0,12,251,0,263,182,0,182,445
06/04/2009,SDL,AZ,AWP,WE,Towers with Radar,0,7,52,0,59,0,0,184,0,184,0,7,236,0,243,156,0,156,399
06/05/2009,SDL,AZ,AWP,WE,Towers with Radar,0,16,62,0,78,0,1,214,1,216,0,17,276,1,294,221,0,221,515
06/06/2009,SDL,AZ,AWP,WE,Towers with Radar,0,10,38,0,48,0,0,150,0,150,0,10,188,0,198,203,0,203,401
06/07/2009,SDL,AZ,AWP,WE,Towers with Radar,0,16,62,1,79,0,0,148,0,148,0,16,210,1,227,101,0,101,328
06/08/2009,SDL,AZ,AWP,WE,Towers with Radar,0,13,50,0,63,0,1,151,0,152,0,14,201,0,215,91,0,91,306
06/09/2009,SDL,AZ,AWP,WE,Towers with Radar,0,16,56,0,72,0,1,181,0,182,0,17,237,0,254,171,0,171,425
06/10/2009,SDL,AZ,AWP,WE,Towers with Radar,0,13,61,0,74,0,0,223,0,223,0,13,284,0,297,236,0,236,533
06/11/2009,SDL,AZ,AWP,WE,Towers with Radar,0,20,42,0,62,0,2,238,0,240,0,22,280,0,302,214,2,216,518
06/12/2009,SDL,AZ,AWP,WE,Towers with Radar,0,7,47,0,54,0,0,227,0,227,0,7,274,0,281,268,0,268,549
06/13/2009,SDL,AZ,AWP,WE,Towers with Radar,0,11,35,0,46,0,3,175,0,178,0,14,210,0,224,222,0,222,446
06/14/2009,SDL,AZ,AWP,WE,Towers with Radar,0,9,42,2,53,0,2,163,0,165,0,11,205,2,218,114,0,114,332
06/15/2009,SDL,AZ,AWP,WE,Towers with Radar,0,13,38,0,51,0,4,195,0,199,0,17,233,0,250,160,0,160,410
06/16/2009,SDL,AZ,AWP,WE,Towers with Radar,0,13,45,0,58,0,1,264,0,265,0,14,309,0,323,233,0,233,556
06/17/2009,SDL,AZ,AWP,WE,Towers with Radar,0,16,59,0,75,0,2,223,0,225,0,18,282,0,300,216,0,216,516
06/18/2009,SDL,AZ,AWP,WE,Towers with Radar,0,8,49,0,57,0,0,224,1,225,0,8,273,1,282,246,0,246,528
06/19/2009,SDL,AZ,AWP,WE,Towers with Radar,0,16,57,2,75,0,0,186,0,186,0,16,243,2,261,188,0,188,449
06/20/2009,SDL,AZ,AWP,WE,Towers with Radar,0,9,39,0,48,0,0,167,0,167,0,9,206,0,215,167,0,167,382
06/21/2009,SDL,AZ,AWP,WE,Towers with Radar,0,17,44,4,65,0,2,150,0,152,0,19,194,4,217,81,0,81,298
06/22/2009,SDL,AZ,AWP,WE,Towers with Radar,0,14,44,0,58,0,2,212,0,214,0,16,256,0,272,116,0,116,388
06/23/2009,SDL,AZ,AWP,WE,Towers with Radar,0,13,46,0,59,0,0,143,0,143,0,13,189,0,202,155,0,155,357
06/24/2009,SDL,AZ,AWP,WE,Towers with Radar,0,10,60,2,72,0,0,194,0,194,0,10,254,2,266,128,0,128,394
06/25/2009,SDL,AZ,AWP,WE,Towers with Radar,0,16,82,0,98,0,3,229,0,232,0,19,311,0,330,218,0,218,548
06/26/2009,SDL,AZ,AWP,WE,Towers with Radar,0,25,56,0,81,0,3,227,0,230,0,28,283,0,311,125,0,125,436
06/27/2009,SDL,AZ,AWP,WE,Towers with Radar,0,9,30,2,41,0,1,157,2,160,0,10,187,4,201,102,0,102,303
06/28/2009,SDL,AZ,AWP,WE,Towers with Radar,0,28,53,0,81,0,1,129,0,130,0,29,182,0,211,123,0,123,334
06/29/2009,SDL,AZ,AWP,WE,Towers with Radar,0,16,33,0,49,0,0,194,0,194,0,16,227,0,243,144,0,144,387
06/30/2009,SDL,AZ,AWP,WE,Towers with Radar,0,11,55,0,66,0,0,217,0,217,0,11,272,0,283,226,0,226,509
07/01/2009,SDL,AZ,AWP,WE,Towers with Radar,0,18,54,0,72,0,1,209,0,210,0,19,263,0,282,252,0,252,534
07/02/2009,SDL,AZ,AWP,WE,Towers with Radar,0,26,60,1,87,0,1,197,1,199,0,27,257,2,286,140,0,140,426
07/03/2009,SDL,AZ,AWP,WE,Towers with Radar,0,5,41,0,46,0,0,170,0,170,0,5,211,0,216,180,0,180,396
07/04/2009,SDL,AZ,AWP,WE,Towers with Radar,0,3,15,0,18,0,2,119,0,121,0,5,134,0,139,32,0,32,171
07/05/2009,SDL,AZ,AWP,WE,Towers with Radar,0,19,28,0,47,0,0,99,0,99,0,19,127,0,146,93,0,93,239
07/06/2009,SDL,AZ,AWP,WE,Towers with Radar,0,10,45,0,55,0,3,222,0,225,0,13,267,0,280,177,0,177,457
07/07/2009,SDL,AZ,AWP,WE,Towers with Radar,0,10,42,0,52,0,2,185,0,187,0,12,227,0,239,203,0,203,442
07/08/2009,SDL,AZ,AWP,WE,Towers with Radar,0,24,52,0,76,0,7,176,0,183,0,31,228,0,259,132,0,132,391
07/09/2009,SDL,AZ,AWP,WE,Towers with Radar,0,22,39,0,61,0,1,182,4,187,0,23,221,4,248,132,0,132,380
07/10/2009,SDL,AZ,AWP,WE,Towers with Radar,0,25,47,0,72,0,3,200,0,203,0,28,247,0,275,216,0,216,491
07/11/2009,SDL,AZ,AWP,WE,Towers with Radar,0,7,19,0,26,0,0,149,0,149,0,7,168,0,175,91,0,91,266
07/12/2009,SDL,AZ,AWP,WE,Towers with Radar,0,10,37,0,47,0,2,109,0,111,0,12,146,0,158,84,0,84,242
07/13/2009,SDL,AZ,AWP,WE,Towers with Radar,0,9,37,0,46,0,0,211,0,211,0,9,248,0,257,174,0,174,431
07/14/2009,SDL,AZ,AWP,WE,Towers with Radar,0,11,30,0,41,0,0,248,0,248,0,11,278,0,289,180,0,180,469
07/15/2009,SDL,AZ,AWP,WE,Towers with Radar,0,4,53,2,59,0,0,204,0,204,0,4,257,2,263,231,0,231,494
07/16/2009,SDL,AZ,AWP,WE,Towers with Radar,0,14,52,0,66,0,0,200,0,200,0,14,252,0,266,192,0,192,458
07/17/2009,SDL,AZ,AWP,WE,Towers with Radar,0,15,38,1,54,0,3,201,0,204,0,18,239,1,258,182,0,182,440
07/18/2009,SDL,AZ,AWP,WE,Towers with Radar,0,8,22,0,30,0,2,175,4,181,0,10,197,4,211,142,4,146,357
07/19/2009,SDL,AZ,AWP,WE,Towers with Radar,0,13,49,1,63,0,3,120,0,123,0,16,169,1,186,108,0,108,294
07/20/2009,SDL,AZ,AWP,WE,Towers with Radar,0,14,31,2,47,0,0,155,0,155,0,14,186,2,202,133,0,133,335
07/21/2009,SDL,AZ,AWP,WE,Towers with Radar,0,5,45,0,50,0,0,196,0,196,0,5,241,0,246,151,0,151,397
07/22/2009,SDL,AZ,AWP,WE,Towers with Radar,0,11,42,0,53,0,1,208,0,209,0,12,250,0,262,170,0,170,432
07/23/2009,SDL,AZ,AWP,WE,Towers with Radar,0,9,49,6,64,0,1,165,0,166,0,10,214,6,230,170,0,170,400
07/24/2009,SDL,AZ,AWP,WE,Towers with Radar,0,12,37,0,49,0,3,176,0,179,0,15,213,0,228,134,0,134,362
07/25/2009,SDL,AZ,AWP,WE,Towers with Radar,0,9,29,0,38,0,0,116,0,116,0,9,145,0,154,133,0,133,287
07/26/2009,SDL,AZ,AWP,WE,Towers with Radar,0,9,40,0,49,0,0,132,0,132,0,9,172,0,181,74,0,74,255
07/27/2009,SDL,AZ,AWP,WE,Towers with Radar,0,11,35,0,46,0,0,165,0,165,0,11,200,0,211,97,0,97,308
07/28/2009,SDL,AZ,AWP,WE,Towers with Radar,9,0,32,0,41,0,0,177,0,177,9,0,209,0,218,104,0,104,322
07/29/2009,SDL,AZ,AWP,WE,Towers with Radar,0,11,38,0,49,0,0,187,0,187,0,11,225,0,236,228,0,228,464
07/30/2009,SDL,AZ,AWP,WE,Towers with Radar,0,19,32,0,51,0,0,203,0,203,0,19,235,0,254,174,0,174,428
07/31/2009,SDL,AZ,AWP,WE,Towers with Radar,0,16,50,2,68,0,0,209,0,209,0,16,259,2,277,210,0,210,487
08/01/2009,SDL,AZ,AWP,WE,Towers with Radar,0,9,30,0,39,0,2,171,0,173,0,11,201,0,212,159,0,159,371
08/02/2009,SDL,AZ,AWP,WE,Towers with Radar,0,22,49,2,73,0,0,140,0,140,0,22,189,2,213,86,0,86,299
08/03/2009,SDL,AZ,AWP,WE,Towers with Radar,0,16,40,0,56,0,1,237,0,238,0,17,277,0,294,226,0,226,520
08/04/2009,SDL,AZ,AWP,WE,Towers with Radar,0,16,49,1,66,0,0,214,0,214,0,16,263,1,280,264,0,264,544
08/05/2009,SDL,AZ,AWP,WE,Towers with Radar,0,18,35,0,53,0,0,180,0,180,0,18,215,0,233,183,0,183,416
08/06/2009,SDL,AZ,AWP,WE,Towers with Radar,0,17,49,0,66,0,0,209,0,209,0,17,258,0,275,230,0,230,505
08/07/2009,SDL,AZ,AWP,WE,Towers with Radar,0,10,41,0,51,0,1,188,0,189,0,11,229,0,240,170,0,170,410
08/08/2009,SDL,AZ,AWP,WE,Towers with Radar,0,14,15,0,29,0,0,162,0,162,0,14,177,0,191,90,0,90,281
08/09/2009,SDL,AZ,AWP,WE,Towers with Radar,0,14,37,0,51,0,2,144,0,146,0,16,181,0,197,62,0,62,259
08/10/2009,SDL,AZ,AWP,WE,Towers with Radar,0,14,34,0,48,0,1,190,1,192,0,15,224,1,240,149,0,149,389
08/11/2009,SDL,AZ,AWP,WE,Towers with Radar,0,11,41,0,52,0,0,241,0,241,0,11,282,0,293,157,1,158,451
08/12/2009,SDL,AZ,AWP,WE,Towers with Radar,0,10,51,0,61,0,1,163,0,164,0,11,214,0,225,216,0,216,441
08/13/2009,SDL,AZ,AWP,WE,Towers with Radar,0,15,51,0,66,0,2,219,0,221,0,17,270,0,287,264,0,264,551
08/14/2009,SDL,AZ,AWP,WE,Towers with Radar,0,23,36,0,59,0,0,183,0,183,0,23,219,0,242,147,0,147,389
08/15/2009,SDL,AZ,AWP,WE,Towers with Radar,0,1,30,0,31,0,0,128,0,128,0,1,158,0,159,128,0,128,287
08/16/2009,SDL,AZ,AWP,WE,Towers with Radar,0,9,41,0,50,0,2,22,0,24,0,11,63,0,74,22,0,22,96
08/17/2009,SDL,AZ,AWP,WE,Towers with Radar,0,18,44,0,62,0,3,133,0,136,0,21,177,0,198,78,0,78,276
08/18/2009,SDL,AZ,AWP,WE,Towers with Radar,0,19,40,0,59,0,2,214,0,216,0,21,254,0,275,206,0,206,481
08/19/2009,SDL,AZ,AWP,WE,Towers with Radar,0,19,53,0,72,0,0,203,0,203,0,19,256,0,275,228,0,228,503
08/20/2009,SDL,AZ,AWP,WE,Towers with Radar,0,11,42,0,53,0,0,196,0,196,0,11,238,0,249,295,0,295,544
08/21/2009,SDL,AZ,AWP,WE,Towers with Radar,0,10,38,0,48,0,5,194,4,203,0,15,232,4,251,152,2,154,405
08/22/2009,SDL,AZ,AWP,WE,Towers with Radar,0,9,25,1,35,0,0,121,0,121,0,9,146,1,156,158,0,158,314
08/23/2009,SDL,AZ,AWP,WE,Towers with Radar,0,14,42,1,57,0,0,135,0,135,0,14,177,1,192,185,0,185,377
08/24/2009,SDL,AZ,AWP,WE,Towers with Radar,0,9,44,0,53,0,1,183,4,188,0,10,227,4,241,312,0,312,553
08/25/2009,SDL,AZ,AWP,WE,Towers with Radar,0,9,38,0,47,0,0,188,0,188,0,9,226,0,235,222,0,222,457
08/26/2009,SDL,AZ,AWP,WE,Towers with Radar,0,9,49,2,60,0,0,232,0,232,0,9,281,2,292,247,0,247,539
08/27/2009,SDL,AZ,AWP,WE,Towers with Radar,0,10,50,0,60,0,1,251,0,252,0,11,301,0,312,246,0,246,558
08/28/2009,SDL,AZ,AWP,WE,Towers with Radar,0,15,55,0,70,0,6,168,0,174,0,21,223,0,244,169,0,169,413
08/29/2009,SDL,AZ,AWP,WE,Towers with Radar,0,9,23,0,32,0,0,138,0,138,0,9,161,0,170,194,0,194,364
08/30/2009,SDL,AZ,AWP,WE,Towers with Radar,0,10,43,0,53,0,0,167,0,167,0,10,210,0,220,158,0,158,378
08/31/2009,SDL,AZ,AWP,WE,Towers with Radar,0,18,43,0,61,0,0,161,0,161,0,18,204,0,222,231,0,231,453
09/01/2009,SDL,AZ,AWP,WE,Towers with Radar,0,12,30,0,42,0,0,188,0,188,0,12,218,0,230,120,0,120,350
09/02/2009,SDL,AZ,AWP,WE,Towers with Radar,0,16,44,0,60,0,0,190,0,190,0,16,234,0,250,213,0,213,463
09/03/2009,SDL,AZ,AWP,WE,Towers with Radar,0,10,54,0,64,0,1,214,0,215,0,11,268,0,279,277,0,277,556
09/04/2009,SDL,AZ,AWP,WE,Towers with Radar,0,9,56,0,65,0,0,186,0,186,0,9,242,0,251,268,0,268,519
09/05/2009,SDL,AZ,AWP,WE,Towers with Radar,0,8,24,0,32,0,0,92,0,92,0,8,116,0,124,149,0,149,273
09/06/2009,SDL,AZ,AWP,WE,Towers with Radar,0,11,19,0,30,0,1,121,0,122,0,12,140,0,152,180,0,180,332
09/07/2009,SDL,AZ,AWP,WE,Towers with Radar,0,12,54,0,66,0,2,183,0,185,0,14,237,0,251,237,0,237,488
09/08/2009,SDL,AZ,AWP,WE,Towers with Radar,0,15,54,0,69,0,3,202,0,205,0,18,256,0,274,165,0,165,439
09/09/2009,SDL,AZ,AWP,WE,Towers with Radar,0,13,50,0,63,0,1,223,0,224,0,14,273,0,287,168,0,168,455
09/10/2009,SDL,AZ,AWP,WE,Towers with Radar,0,18,50,0,68,0,5,194,0,199,0,23,244,0,267,254,0,254,521
09/11/2009,SDL,AZ,AWP,WE,Towers with Radar,0,24,49,0,73,0,0,206,0,206,0,24,255,0,279,350,0,350,629
09/12/2009,SDL,AZ,AWP,WE,Towers with Radar,0,5,20,0,25,0,0,135,0,135,0,5,155,0,160,255,0,255,415
09/13/2009,SDL,AZ,AWP,WE,Towers with Radar,0,24,38,0,62,0,3,187,0,190,0,27,225,0,252,224,0,224,476
09/14/2009,SDL,AZ,AWP,WE,Towers with Radar,0,12,51,0,63,0,0,174,0,174,0,12,225,0,237,298,0,298,535
09/15/2009,SDL,AZ,AWP,WE,Towers with Radar,0,12,42,0,54,0,0,222,0,222,0,12,264,0,276,253,0,253,529
09/16/2009,SDL,AZ,AWP,WE,Towers with Radar,0,12,60,0,72,0,0,230,0,230,0,12,290,0,302,260,0,260,562
09/17/2009,SDL,AZ,AWP,WE,Towers with Radar,0,24,52,0,76,0,0,196,0,196,0,24,248,0,272,361,0,361,633
09/18/2009,SDL,AZ,AWP,WE,Towers with Radar,0,5,69,2,76,0,2,217,0,219,0,7,286,2,295,385,0,385,680
09/19/2009,SDL,AZ,AWP,WE,Towers with Radar,0,7,22,0,29,0,0,135,0,135,0,7,157,0,164,227,0,227,391
09/20/2009,SDL,AZ,AWP,WE,Towers with Radar,0,15,47,2,64,0,0,123,0,123,0,15,170,2,187,131,0,131,318
09/21/2009,SDL,AZ,AWP,WE,Towers with Radar,0,11,44,0,55,0,0,165,0,165,0,11,209,0,220,179,0,179,399
09/22/2009,SDL,AZ,AWP,WE,Towers with Radar,0,15,44,0,59,0,0,196,0,196,0,15,240,0,255,183,0,183,438
09/23/2009,SDL,AZ,AWP,WE,Towers with Radar,0,27,59,0,86,0,0,226,0,226,0,27,285,0,312,328,0,328,640
09/24/2009,SDL,AZ,AWP,WE,Towers with Radar,0,33,71,0,104,0,0,227,0,227,0,33,298,0,331,320,0,320,651
09/25/2009,SDL,AZ,AWP,WE,Towers with Radar,0,18,69,1,88,0,4,180,1,185,0,22,249,2,273,268,0,268,541
09/26/2009,SDL,AZ,AWP,WE,Towers with Radar,0,8,37,0,45,0,0,140,0,140,0,8,177,0,185,253,0,253,438
09/27/2009,SDL,AZ,AWP,WE,Towers with Radar,0,26,55,1,82,0,5,168,0,173,0,31,223,1,255,122,0,122,377
09/28/2009,SDL,AZ,AWP,WE,Towers with Radar,0,12,50,0,62,0,0,216,0,216,0,12,266,0,278,270,0,270,548
09/29/2009,SDL,AZ,AWP,WE,Towers with Radar,0,19,57,0,76,0,0,236,0,236,0,19,293,0,312,321,0,321,633
09/30/2009,SDL,AZ,AWP,WE,Towers with Radar,0,32,59,0,91,0,0,191,0,191,0,32,250,0,282,223,0,223,505
10/01/2009,SDL,AZ,AWP,WE,Towers with Radar,0,27,79,0,106,0,2,221,0,223,0,29,300,0,329,234,0,234,563
10/02/2009,SDL,AZ,AWP,WE,Towers with Radar,0,21,58,2,81,0,0,214,2,216,0,21,272,4,297,204,0,204,501
10/03/2009,SDL,AZ,AWP,WE,Towers with Radar,0,9,36,0,45,0,0,142,0,142,0,9,178,0,187,179,0,179,366
10/04/2009,SDL,AZ,AWP,WE,Towers with Radar,0,19,55,0,74,0,3,96,0,99,0,22,151,0,173,96,0,96,269
10/05/2009,SDL,AZ,AWP,WE,Towers with Radar,0,11,50,2,63,0,0,209,0,209,0,11,259,2,272,253,0,253,525
10/06/2009,SDL,AZ,AWP,WE,Towers with Radar,0,17,59,0,76,0,1,166,0,167,0,18,225,0,243,221,0,221,464
10/07/2009,SDL,AZ,AWP,WE,Towers with Radar,0,20,79,0,99,0,1,192,0,193,0,21,271,0,292,202,0,202,494
10/08/2009,SDL,AZ,AWP,WE,Towers with Radar,0,12,61,0,73,0,1,178,0,179,0,13,239,0,252,133,0,133,385
10/09/2009,SDL,AZ,AWP,WE,Towers with Radar,0,32,83,2,117,0,0,229,0,229,0,32,312,2,346,238,0,238,584
10/10/2009,SDL,AZ,AWP,WE,Towers with Radar,0,19,30,1,50,0,2,142,0,144,0,21,172,1,194,124,0,124,318
10/11/2009,SDL,AZ,AWP,WE,Towers with Radar,0,26,55,0,81,0,0,112,0,112,0,26,167,0,193,52,0,52,245
10/12/2009,SDL,AZ,AWP,WE,Towers with Radar,0,27,76,3,106,0,1,120,0,121,0,28,196,3,227,144,0,144,371
10/13/2009,SDL,AZ,AWP,WE,Towers with Radar,0,18,59,0,77,0,1,159,0,160,0,19,218,0,237,336,0,336,573
10/14/2009,SDL,AZ,AWP,WE,Towers with Radar,0,19,75,0,94,0,1,161,0,162,0,20,236,0,256,216,0,216,472
10/15/2009,SDL,AZ,AWP,WE,Towers with Radar,0,35,74,0,109,0,0,212,0,212,0,35,286,0,321,180,0,180,501
10/16/2009,SDL,AZ,AWP,WE,Towers with Radar,0,24,59,2,85,0,0,187,0,187,0,24,246,2,272,295,0,295,567
10/17/2009,SDL,AZ,AWP,WE,Towers with Radar,0,19,38,0,57,0,1,170,0,171,0,20,208,0,228,259,0,259,487
10/18/2009,SDL,AZ,AWP,WE,Towers with Radar,0,34,77,0,111,0,1,114,0,115,0,35,191,0,226,153,0,153,379
10/19/2009,SDL,AZ,AWP,WE,Towers with Radar,0,18,57,0,75,0,1,166,0,167,0,19,223,0,242,224,0,224,466
10/20/2009,SDL,AZ,AWP,WE,Towers with Radar,0,24,73,0,97,0,0,214,0,214,0,24,287,0,311,304,0,304,615
10/21/2009,SDL,AZ,AWP,WE,Towers with Radar,0,22,81,0,103,0,0,203,0,203,0,22,284,0,306,278,0,278,584
10/22/2009,SDL,AZ,AWP,WE,Towers with Radar,0,33,92,2,127,0,0,185,0,185,0,33,277,2,312,180,0,180,492
10/23/2009,SDL,AZ,AWP,WE,Towers with Radar,0,31,70,1,102,0,1,160,0,161,0,32,230,1,263,193,2,195,458
10/24/2009,SDL,AZ,AWP,WE,Towers with Radar,0,7,40,0,47,0,6,162,1,169,0,13,202,1,216,195,0,195,411
10/25/2009,SDL,AZ,AWP,WE,Towers with Radar,0,42,80,0,122,0,0,159,4,163,0,42,239,4,285,197,0,197,482
10/26/2009,SDL,AZ,AWP,WE,Towers with Radar,0,15,53,0,68,0,0,173,0,173,0,15,226,0,241,255,0,255,496
10/27/2009,SDL,AZ,AWP,WE,Towers with Radar,0,29,71,0,100,0,0,210,0,210,0,29,281,0,310,195,0,195,505
10/28/2009,SDL,AZ,AWP,WE,Towers with Radar,0,29,67,0,96,0,1,156,0,157,0,30,223,0,253,228,0,228,481
10/29/2009,SDL,AZ,AWP,WE,Towers with Radar,0,31,71,0,102,0,8,221,0,229,0,39,292,0,331,228,0,228,559
10/30/2009,SDL,AZ,AWP,WE,Towers with Radar,0,26,69,0,95,0,0,186,0,186,0,26,255,0,281,302,0,302,583
10/31/2009,SDL,AZ,AWP,WE,Towers with Radar,0,10,30,0,40,0,2,134,0,136,0,12,164,0,176,192,0,192,368
11/01/2009,SDL,AZ,AWP,WE,Towers with Radar,0,24,66,0,90,0,1,170,0,171,0,25,236,0,261,170,0,170,431
11/02/2009,SDL,AZ,AWP,WE,Towers with Radar,0,20,61,0,81,0,0,207,0,207,0,20,268,0,288,307,0,307,595
11/03/2009,SDL,AZ,AWP,WE,Towers with Radar,0,28,56,0,84,0,0,227,0,227,0,28,283,0,311,278,0,278,589
11/04/2009,SDL,AZ,AWP,WE,Towers with Radar,0,31,82,0,113,0,0,266,0,266,0,31,348,0,379,257,0,257,636
11/05/2009,SDL,AZ,AWP,WE,Towers with Radar,0,43,109,0,152,0,0,249,0,249,0,43,358,0,401,216,0,216,617
11/06/2009,SDL,AZ,AWP,WE,Towers with Radar,0,32,86,0,118,0,0,250,0,250,0,32,336,0,368,240,0,240,608
11/07/2009,SDL,AZ,AWP,WE,Towers with Radar,0,13,37,0,50,0,0,187,0,187,0,13,224,0,237,121,0,121,358
11/08/2009,SDL,AZ,AWP,WE,Towers with Radar,0,32,83,0,115,0,3,181,0,184,0,35,264,0,299,214,0,214,513
11/09/2009,SDL,AZ,AWP,WE,Towers with Radar,0,23,66,0,89,0,1,277,0,278,0,24,343,0,367,252,0,252,619
11/10/2009,SDL,AZ,AWP,WE,Towers with Radar,0,23,63,0,86,0,0,218,0,218,0,23,281,0,304,310,0,310,614
11/11/2009,SDL,AZ,AWP,WE,Towers with Radar,0,22,63,0,85,0,0,240,0,240,0,22,303,0,325,206,0,206,531
11/12/2009,SDL,AZ,AWP,WE,Towers with Radar,0,31,96,0,127,0,0,230,0,230,0,31,326,0,357,234,0,234,591
11/13/2009,SDL,AZ,AWP,WE,Towers with Radar,0,31,83,0,114,0,0,206,0,206,0,31,289,0,320,208,0,208,528
11/14/2009,SDL,AZ,AWP,WE,Towers with Radar,0,25,54,0,79,0,3,125,0,128,0,28,179,0,207,212,0,212,419
11/15/2009,SDL,AZ,AWP,WE,Towers with Radar,0,42,92,0,134,0,0,198,0,198,0,42,290,0,332,145,0,145,477
11/16/2009,SDL,AZ,AWP,WE,Towers with Radar,0,24,74,0,98,0,2,214,0,216,0,26,288,0,314,264,0,264,578
11/17/2009,SDL,AZ,AWP,WE,Towers with Radar,0,27,90,0,117,0,1,221,0,222,0,28,311,0,339,291,0,291,630
11/18/2009,SDL,AZ,AWP,WE,Towers with Radar,0,12,82,2,96,0,6,239,0,245,0,18,321,2,341,239,0,239,580
11/19/2009,SDL,AZ,AWP,WE,Towers with Radar,0,31,86,0,117,0,3,249,0,252,0,34,335,0,369,256,0,256,625
11/20/2009,SDL,AZ,AWP,WE,Towers with Radar,0,23,79,2,104,0,0,237,0,237,0,23,316,2,341,266,0,266,607
11/21/2009,SDL,AZ,AWP,WE,Towers with Radar,0,14,49,0,63,0,0,203,3,206,0,14,252,3,269,293,0,293,562
11/22/2009,SDL,AZ,AWP,WE,Towers with Radar,0,33,70,4,107,0,2,195,0,197,0,35,265,4,304,178,1,179,483
11/23/2009,SDL,AZ,AWP,WE,Towers with Radar,0,16,56,4,76,0,2,245,0,247,0,18,301,4,323,261,0,261,584
11/24/2009,SDL,AZ,AWP,WE,Towers with Radar,0,23,90,0,113,0,0,247,0,247,0,23,337,0,360,245,0,245,605
11/25/2009,SDL,AZ,AWP,WE,Towers with Radar,0,27,99,0,126,0,3,263,0,266,0,30,362,0,392,248,0,248,640
11/26/2009,SDL,AZ,AWP,WE,Towers with Radar,0,11,18,0,29,0,0,98,0,98,0,11,116,0,127,83,0,83,210
11/27/2009,SDL,AZ,AWP,WE,Towers with Radar,0,17,59,0,76,0,0,165,0,165,0,17,224,0,241,170,0,170,411
11/28/2009,SDL,AZ,AWP,WE,Towers with Radar,0,30,45,0,75,0,3,114,1,118,0,33,159,1,193,157,0,157,350
11/29/2009,SDL,AZ,AWP,WE,Towers with Radar,0,42,124,0,166,0,1,186,2,189,0,43,310,2,355,178,0,178,533
11/30/2009,SDL,AZ,AWP,WE,Towers with Radar,0,18,79,0,97,0,0,194,0,194,0,18,273,0,291,157,0,157,448
12/01/2009,SDL,AZ,AWP,WE,Towers with Radar,0,8,72,0,80,0,0,229,0,229,0,8,301,0,309,238,0,238,547
12/02/2009,SDL,AZ,AWP,WE,Towers with Radar,0,11,79,0,90,0,0,210,0,210,0,11,289,0,300,229,0,229,529
12/03/2009,SDL,AZ,AWP,WE,Towers with Radar,0,20,72,1,93,0,1,202,0,203,0,21,274,1,296,266,0,266,562
12/04/2009,SDL,AZ,AWP,WE,Towers with Radar,0,14,84,2,100,0,0,190,0,190,0,14,274,2,290,149,0,149,439
12/05/2009,SDL,AZ,AWP,WE,Towers with Radar,0,15,60,0,75,0,0,174,0,174,0,15,234,0,249,220,0,220,469
12/06/2009,SDL,AZ,AWP,WE,Towers with Radar,0,26,72,1,99,0,0,126,0,126,0,26,198,1,225,101,0,101,326
12/07/2009,SDL,AZ,AWP,WE,Towers with Radar,0,34,74,0,108,0,0,64,0,64,0,34,138,0,172,67,0,67,239
12/08/2009,SDL,AZ,AWP,WE,Towers with Radar,0,24,55,0,79,0,1,183,0,184,0,25,238,0,263,279,0,279,542
12/09/2009,SDL,AZ,AWP,WE,Towers with Radar,0,25,66,0,91,0,0,180,0,180,0,25,246,0,271,216,0,216,487
12/10/2009,SDL,AZ,AWP,WE,Towers with Radar,0,21,61,0,82,0,0,218,0,218,0,21,279,0,300,178,0,178,478
12/11/2009,SDL,AZ,AWP,WE,Towers with Radar,0,16,45,2,63,0,0,222,2,224,0,16,267,4,287,278,0,278,565
12/12/2009,SDL,AZ,AWP,WE,Towers with Radar,0,20,30,2,52,0,3,145,0,148,0,23,175,2,200,166,0,166,366
12/13/2009,SDL,AZ,AWP,WE,Towers with Radar,0,20,65,1,86,0,0,95,0,95,0,20,160,1,181,74,0,74,255
12/14/2009,SDL,AZ,AWP,WE,Towers with Radar,0,19,55,0,74,0,0,222,0,222,0,19,277,0,296,234,0,234,530
12/15/2009,SDL,AZ,AWP,WE,Towers with Radar,0,15,54,0,69,0,2,233,1,236,0,17,287,1,305,335,0,335,640
12/16/2009,SDL,AZ,AWP,WE,Towers with Radar,0,14,51,0,65,0,4,192,0,196,0,18,243,0,261,215,0,215,476
12/17/2009,SDL,AZ,AWP,WE,Towers with Radar,0,22,70,2,94,0,0,178,0,178,0,22,248,2,272,212,0,212,484
12/18/2009,SDL,AZ,AWP,WE,Towers with Radar,0,23,76,2,101,0,0,203,1,204,0,23,279,3,305,206,2,208,513
12/19/2009,SDL,AZ,AWP,WE,Towers with Radar,0,22,46,0,68,0,0,159,0,159,0,22,205,0,227,308,0,308,535
12/20/2009,SDL,AZ,AWP,WE,Towers with Radar,0,16,50,2,68,0,0,142,0,142,0,16,192,2,210,190,0,190,400
12/21/2009,SDL,AZ,AWP,WE,Towers with Radar,0,28,70,0,98,0,0,223,0,223,0,28,293,0,321,238,0,238,559
12/22/2009,SDL,AZ,AWP,WE,Towers with Radar,0,19,62,0,81,0,0,137,0,137,0,19,199,0,218,140,0,140,358
12/23/2009,SDL,AZ,AWP,WE,Towers with Radar,0,13,46,0,59,0,0,173,0,173,0,13,219,0,232,251,0,251,483
12/24/2009,SDL,AZ,AWP,WE,Towers with Radar,0,6,22,0,28,0,0,132,0,132,0,6,154,0,160,146,0,146,306
12/25/2009,SDL,AZ,AWP,WE,Towers with Radar,0,10,15,0,25,0,0,46,0,46,0,10,61,0,71,54,0,54,125
12/26/2009,SDL,AZ,AWP,WE,Towers with Radar,0,23,74,0,97,0,6,107,0,113,0,29,181,0,210,160,0,160,370
12/27/2009,SDL,AZ,AWP,WE,Towers with Radar,0,26,86,0,112,0,1,128,1,130,0,27,214,1,242,192,0,192,434
12/28/2009,SDL,AZ,AWP,WE,Towers with Radar,0,32,67,0,99,0,0,146,0,146,0,32,213,0,245,126,0,126,371
12/29/2009,SDL,AZ,AWP,WE,Towers with Radar,0,29,59,0,88,0,0,148,0,148,0,29,207,0,236,210,0,210,446
12/30/2009,SDL,AZ,AWP,WE,Towers with Radar,0,27,77,0,104,0,0,198,0,198,0,27,275,0,302,196,0,196,498
12/31/2009,SDL,AZ,AWP,WE,Towers with Radar,0,23,61,0,84,0,2,230,0,232,0,25,291,0,316,166,0,166,482
01/01/2010,SDL,AZ,AWP,WE,Towers with Radar,0,13,39,0,52,0,1,69,1,71,0,14,108,1,123,24,0,24,147
01/02/2010,SDL,AZ,AWP,WE,Towers with Radar,0,27,114,0,141,0,0,195,0,195,0,27,309,0,336,116,0,116,452
01/03/2010,SDL,AZ,AWP,WE,Towers with Radar,0,25,139,0,164,0,0,102,0,102,0,25,241,0,266,58,0,58,324
01/04/2010,SDL,AZ,AWP,WE,Towers with Radar,0,31,69,0,100,0,0,172,0,172,0,31,241,0,272,206,0,206,478
01/05/2010,SDL,AZ,AWP,WE,Towers with Radar,0,35,120,0,155,0,0,164,0,164,0,35,284,0,319,205,0,205,524
01/06/2010,SDL,AZ,AWP,WE,Towers with Radar,0,18,68,0,86,0,0,198,0,198,0,18,266,0,284,147,0,147,431
01/07/2010,SDL,AZ,AWP,WE,Towers with Radar,0,40,89,0,129,0,0,204,0,204,0,40,293,0,333,214,0,214,547
01/08/2010,SDL,AZ,AWP,WE,Towers with Radar,0,21,87,0,108,0,1,174,6,181,0,22,261,6,289,202,0,202,491
01/09/2010,SDL,AZ,AWP,WE,Towers with Radar,0,21,39,1,61,0,0,170,0,170,0,21,209,1,231,118,0,118,349
01/10/2010,SDL,AZ,AWP,WE,Towers with Radar,0,26,71,0,97,0,5,119,0,124,0,31,190,0,221,86,0,86,307
01/11/2010,SDL,AZ,AWP,WE,Towers with Radar,0,36,69,2,107,0,6,168,0,174,0,42,237,2,281,97,0,97,378
01/12/2010,SDL,AZ,AWP,WE,Towers with Radar,0,27,80,0,107,0,0,186,0,186,0,27,266,0,293,173,0,173,466
01/13/2010,SDL,AZ,AWP,WE,Towers with Radar,0,28,74,0,102,0,0,163,0,163,0,28,237,0,265,142,0,142,407
01/14/2010,SDL,AZ,AWP,WE,Towers with Radar,0,29,90,2,121,0,0,175,2,177,0,29,265,4,298,192,0,192,490
01/15/2010,SDL,AZ,AWP,WE,Towers with Radar,0,36,94,0,130,0,0,184,0,184,0,36,278,0,314,157,0,157,471
01/16/2010,SDL,AZ,AWP,WE,Towers with Radar,0,12,45,0,57,0,5,160,0,165,0,17,205,0,222,158,0,158,380
01/17/2010,SDL,AZ,AWP,WE,Towers with Radar,0,16,69,2,87,0,2,137,0,139,0,18,206,2,226,87,0,87,313
01/18/2010,SDL,AZ,AWP,WE,Towers with Radar,0,22,86,0,108,0,1,98,0,99,0,23,184,0,207,50,0,50,257
01/19/2010,SDL,AZ,AWP,WE,Towers with Radar,0,26,92,0,118,0,5,90,0,95,0,31,182,0,213,130,0,130,343
01/20/2010,SDL,AZ,AWP,WE,Towers with Radar,0,34,104,2,140,0,21,132,0,153,0,55,236,2,293,150,0,150,443
01/21/2010,SDL,AZ,AWP,WE,Towers with Radar,0,22,98,0,120,0,1,21,0,22,0,23,119,0,142,12,0,12,154
01/22/2010,SDL,AZ,AWP,WE,Towers with Radar,0,43,99,0,142,0,19,62,0,81,0,62,161,0,223,114,0,114,337
01/23/2010,SDL,AZ,AWP,WE,Towers with Radar,0,31,96,0,127,0,10,115,0,125,0,41,211,0,252,83,0,83,335
01/24/2010,SDL,AZ,AWP,WE,Towers with Radar,0,39,127,0,166,0,1,133,0,134,0,40,260,0,300,74,0,74,374
01/25/2010,SDL,AZ,AWP,WE,Towers with Radar,0,16,60,0,76,0,12,130,0,142,0,28,190,0,218,272,0,272,490
01/26/2010,SDL,AZ,AWP,WE,Towers with Radar,0,25,58,0,83,0,19,146,0,165,0,44,204,0,248,154,0,154,402
01/27/2010,SDL,AZ,AWP,WE,Towers with Radar,0,22,71,0,93,0,23,134,0,157,0,45,205,0,250,136,0,136,386
01/28/2010,SDL,AZ,AWP,WE,Towers with Radar,0,29,76,0,105,0,15,88,3,106,0,44,164,3,211,96,0,96,307
01/29/2010,SDL,AZ,AWP,WE,Towers with Radar,0,28,69,1,98,0,24,115,0,139,0,52,184,1,237,123,0,123,360
01/30/2010,SDL,AZ,AWP,WE,Towers with Radar,0,11,39,0,50,0,10,141,0,151,0,21,180,0,201,102,0,102,303
01/31/2010,SDL,AZ,AWP,WE,Towers with Radar,0,33,86,1,120,0,0,127,0,127,0,33,213,1,247,116,0,116,363
02/01/2010,SDL,AZ,AWP,WE,Towers with Radar,0,16,70,2,88,0,18,143,0,161,0,34,213,2,249,107,0,107,356
02/02/2010,SDL,AZ,AWP,WE,Towers with Radar,0,22,68,0,90,0,28,126,0,154,0,50,194,0,244,151,0,151,395
02/03/2010,SDL,AZ,AWP,WE,Towers with Radar,0,33,96,0,129,0,22,105,1,128,0,55,201,1,257,64,0,64,321
02/04/2010,SDL,AZ,AWP,WE,Towers with Radar,0,30,86,2,118,0,15,123,0,138,0,45,209,2,256,186,0,186,442
02/05/2010,SDL,AZ,AWP,WE,Towers with Radar,0,20,78,2,100,0,16,112,3,131,0,36,190,5,231,102,4,106,337
02/06/2010,SDL,AZ,AWP,WE,Towers with Radar,0,23,43,1,67,0,2,132,0,134,0,25,175,1,201,129,0,129,330
02/07/2010,SDL,AZ,AWP,WE,Towers with Radar,0,29,67,2,98,0,2,67,0,69,0,31,134,2,167,105,0,105,272
02/08/2010,SDL,AZ,AWP,WE,Towers with Radar,0,19,90,0,109,0,16,147,0,163,0,35,237,0,272,191,0,191,463
02/09/2010,SDL,AZ,AWP,WE,Towers with Radar,0,23,66,0,89,0,20,147,0,167,0,43,213,0,256,150,0,150,406
02/10/2010,SDL,AZ,AWP,WE,Towers with Radar,0,26,88,0,114,0,20,104,0,124,0,46,192,0,238,189,0,189,427
02/11/2010,SDL,AZ,AWP,WE,Towers with Radar,0,19,112,0,131,0,17,197,1,215,0,36,309,1,346,172,0,172,518
02/12/2010,SDL,AZ,AWP,WE,Towers with Radar,0,42,92,2,136,0,22,156,0,178,0,64,248,2,314,241,0,241,555
02/13/2010,SDL,AZ,AWP,WE,Towers with Radar,0,26,53,2,81,0,0,140,0,140,0,26,193,2,221,158,0,158,379
02/14/2010,SDL,AZ,AWP,WE,Towers with Radar,0,30,70,1,101,0,4,83,0,87,0,34,153,1,188,57,0,57,245
02/15/2010,SDL,AZ,AWP,WE,Towers with Radar,0,38,132,0,170,0,20,133,0,153,0,58,265,0,323,104,0,104,427
02/16/2010,SDL,AZ,AWP,WE,Towers with Radar,0,33,78,0,111,0,19,171,0,190,0,52,249,0,301,201,0,201,502
02/17/2010,SDL,AZ,AWP,WE,Towers with Radar,0,34,83,0,117,0,13,158,0,171,0,47,241,0,288,214,0,214,502
02/18/2010,SDL,AZ,AWP,WE,Towers with Radar,0,30,94,0,124,0,18,168,0,186,0,48,262,0,310,145,0,145,455
02/19/2010,SDL,AZ,AWP,WE,Towers with Radar,0,39,76,0,115,0,27,123,0,150,0,66,199,0,265,220,0,220,485
02/20/2010,SDL,AZ,AWP,WE,Towers with Radar,0,28,53,0,81,0,4,46,0,50,0,32,99,0,131,54,0,54,185
02/21/2010,SDL,AZ,AWP,WE,Towers with Radar,0,48,107,0,155,0,2,28,0,30,0,50,135,0,185,20,0,20,205
02/22/2010,SDL,AZ,AWP,WE,Towers with Radar,0,26,77,2,105,0,17,29,1,47,0,43,106,3,152,22,0,22,174
02/23/2010,SDL,AZ,AWP,WE,Towers with Radar,0,19,86,0,105,0,19,161,1,181,0,38,247,1,286,128,0,128,414
02/24/2010,SDL,AZ,AWP,WE,Towers with Radar,0,28,87,0,115,0,23,191,0,214,0,51,278,0,329,183,0,183,512
02/25/2010,SDL,AZ,AWP,WE,Towers with Radar,0,30,95,0,125,0,18,200,0,218,0,48,295,0,343,172,0,172,515
02/26/2010,SDL,AZ,AWP,WE,Towers with Radar,0,40,85,0,125,0,19,154,10,183,0,59,239,10,308,140,2,142,450
02/27/2010,SDL,AZ,AWP,WE,Towers with Radar,0,34,53,0,87,0,11,114,2,127,0,45,167,2,214,169,0,169,383
02/28/2010,SDL,AZ,AWP,WE,Towers with Radar,0,47,100,0,147,0,0,28,3,31,0,47,128,3,178,29,0,29,207
03/01/2010,SDL,AZ,AWP,WE,Towers with Radar,0,8,76,0,84,0,21,134,0,155,0,29,210,0,239,183,0,183,422
03/02/2010,SDL,AZ,AWP,WE,Towers with Radar,0,27,84,0,111,0,17,144,0,161,0,44,228,0,272,261,0,261,533
03/03/2010,SDL,AZ,AWP,WE,Towers with Radar,0,20,82,1,103,0,13,142,0,155,0,33,224,1,258,356,2,358,616
03/04/2010,SDL,AZ,AWP,WE,Towers with Radar,0,30,107,1,138,0,28,165,0,193,0,58,272,1,331,202,0,202,533
03/05/2010,SDL,AZ,AWP,WE,Towers with Radar,0,34,99,2,135,0,10,204,0,214,0,44,303,2,349,170,0,170,519
03/06/2010,SDL,AZ,AWP,WE,Towers with Radar,0,27,67,0,94,0,3,133,0,136,0,30,200,0,230,168,0,168,398
03/07/2010,SDL,AZ,AWP,WE,Towers with Radar,0,33,92,0,125,0,0,23,0,23,0,33,115,0,148,32,0,32,180
03/08/2010,SDL,AZ,AWP,WE,Towers with Radar,0,24,63,0,87,0,3,61,3,67,0,27,124,3,154,80,0,80,234
03/09/2010,SDL,AZ,AWP,WE,Towers with Radar,0,16,77,0,93,0,18,60,0,78,0,34,137,0,171,60,0,60,231
03/10/2010,SDL,AZ,AWP,WE,Towers with Radar,0,38,97,0,135,0,22,212,0,234,0,60,309,0,369,227,0,227,596
03/11/2010,SDL,AZ,AWP,WE,Towers with Radar,0,30,101,0,131,0,18,212,3,233,0,48,313,3,364,192,0,192,556
03/12/2010,SDL,AZ,AWP,WE,Towers with Radar,0,39,98,0,137,0,28,213,0,241,0,67,311,0,378,204,0,204,582
03/13/2010,SDL,AZ,AWP,WE,Towers with Radar,0,33,59,0,92,0,8,148,0,156,0,41,207,0,248,132,0,132,380
03/14/2010,SDL,AZ,AWP,WE,Towers with Radar,0,41,107,0,148,0,5,132,0,137,0,46,239,0,285,145,0,145,430
03/15/2010,SDL,AZ,AWP,WE,Towers with Radar,0,29,81,0,110,0,13,147,0,160,0,42,228,0,270,278,0,278,548
03/16/2010,SDL,AZ,AWP,WE,Towers with Radar,0,30,91,0,121,0,19,219,0,238,0,49,310,0,359,257,0,257,616
03/17/2010,SDL,AZ,AWP,WE,Towers with Radar,0,37,107,0,144,0,30,195,0,225,0,67,302,0,369,240,0,240,609
03/18/2010,SDL,AZ,AWP,WE,Towers with Radar,0,46,120,0,166,0,23,192,0,215,0,69,312,0,381,188,0,188,569
03/19/2010,SDL,AZ,AWP,WE,Towers with Radar,0,40,100,1,141,0,9,141,0,150,0,49,241,1,291,156,0,156,447
03/20/2010,SDL,AZ,AWP,WE,Towers with Radar,0,39,59,2,100,0,5,158,1,164,0,44,217,3,264,122,0,122,386
03/21/2010,SDL,AZ,AWP,WE,Towers with Radar,0,88,116,1,205,0,0,152,3,155,0,88,268,4,360,60,0,60,420
03/22/2010,SDL,AZ,AWP,WE,Towers with Radar,0,33,71,0,104,0,6,171,0,177,0,39,242,0,281,164,0,164,445
03/23/2010,SDL,AZ,AWP,WE,Towers with Radar,0,20,66,0,86,0,16,164,0,180,0,36,230,0,266,211,0,211,477
03/24/2010,SDL,AZ,AWP,WE,Towers with Radar,0,32,105,1,138,0,14,224,0,238,0,46,329,1,376,212,0,212,588
03/25/2010,SDL,AZ,AWP,WE,Towers with Radar,0,43,118,0,161,0,14,193,0,207,0,57,311,0,368,153,0,153,521
03/26/2010,SDL,AZ,AWP,WE,Towers with Radar,0,32,138,0,170,0,9,119,0,128,0,41,257,0,298,152,0,152,450
03/27/2010,SDL,AZ,AWP,WE,Towers with Radar,0,29,77,1,107,0,13,117,0,130,0,42,194,1,237,134,0,134,371
03/28/2010,SDL,AZ,AWP,WE,Towers with Radar,0,45,109,1,155,0,2,129,0,131,0,47,238,1,286,137,0,137,423
03/29/2010,SDL,AZ,AWP,WE,Towers with Radar,0,34,66,0,100,0,3,200,0,203,0,37,266,0,303,253,0,253,556
03/30/2010,SDL,AZ,AWP,WE,Towers with Radar,0,29,75,0,104,0,7,187,0,194,0,36,262,0,298,211,0,211,509
03/31/2010,SDL,AZ,AWP,WE,Towers with Radar,0,27,89,0,116,0,6,113,0,119,0,33,202,0,235,163,0,163,398
04/01/2010,SDL,AZ,AWP,WE,Towers with Radar,0,30,93,0,123,0,2,125,0,127,0,32,218,0,250,84,0,84,334
04/02/2010,SDL,AZ,AWP,WE,Towers with Radar,0,46,96,3,145,0,11,166,0,177,0,57,262,3,322,140,0,140,462
04/03/2010,SDL,AZ,AWP,WE,Towers with Radar,0,29,57,0,86,0,0,126,0,126,0,29,183,0,212,199,0,199,411
04/04/2010,SDL,AZ,AWP,WE,Towers with Radar,0,36,59,3,98,0,0,99,0,99,0,36,158,3,197,77,0,77,274
04/05/2010,SDL,AZ,AWP,WE,Towers with Radar,0,35,107,0,142,0,11,100,1,112,0,46,207,1,254,95,0,95,349
04/06/2010,SDL,AZ,AWP,WE,Towers with Radar,0,28,63,0,91,0,4,139,1,144,0,32,202,1,235,129,0,129,364
04/07/2010,SDL,AZ,AWP,WE,Towers with Radar,0,36,111,0,147,0,11,108,10,129,0,47,219,10,276,125,0,125,401
04/08/2010,SDL,AZ,AWP,WE,Towers with Radar,0,27,101,1,129,0,7,174,16,197,0,34,275,17,326,146,0,146,472
04/09/2010,SDL,AZ,AWP,WE,Towers with Radar,0,28,92,1,121,0,16,193,8,217,0,44,285,9,338,174,0,174,512
04/10/2010,SDL,AZ,AWP,WE,Towers with Radar,0,35,75,0,110,0,2,143,0,145,0,37,218,0,255,123,0,123,378
04/11/2010,SDL,AZ,AWP,WE,Towers with Radar,0,39,106,2,147,0,3,124,0,127,0,42,230,2,274,120,0,120,394
04/12/2010,SDL,AZ,AWP,WE,Towers with Radar,0,18,75,0,93,0,7,120,0,127,0,25,195,0,220,120,0,120,340
04/13/2010,SDL,AZ,AWP,WE,Towers with Radar,0,17,103,0,120,0,2,182,0,184,0,19,285,0,304,248,0,248,552
04/14/2010,SDL,AZ,AWP,WE,Towers with Radar,0,27,76,0,103,0,13,182,0,195,0,40,258,0,298,183,0,183,481
04/15/2010,SDL,AZ,AWP,WE,Towers with Radar,0,30,78,0,108,0,14,167,0,181,0,44,245,0,289,146,0,146,435
04/16/2010,SDL,AZ,AWP,WE,Towers with Radar,0,32,100,2,134,0,18,132,0,150,0,50,232,2,284,183,0,183,467
04/17/2010,SDL,AZ,AWP,WE,Towers with Radar,0,15,59,0,74,0,0,153,0,153,0,15,212,0,227,181,0,181,408
04/18/2010,SDL,AZ,AWP,WE,Towers with Radar,0,38,84,2,124,0,0,135,0,135,0,38,219,2,259,175,0,175,434
04/19/2010,SDL,AZ,AWP,WE,Towers with Radar,0,25,87,0,112,0,6,143,0,149,0,31,230,0,261,128,0,128,389
04/20/2010,SDL,AZ,AWP,WE,Towers with Radar,0,26,71,0,97,0,19,152,0,171,0,45,223,0,268,176,0,176,444
04/21/2010,SDL,AZ,AWP,WE,Towers with Radar,0,30,105,1,136,0,10,102,0,112,0,40,207,1,248,80,0,80,328
04/22/2010,SDL,AZ,AWP,WE,Towers with Radar,0,31,93,2,126,0,25,130,0,155,0,56,223,2,281,154,0,154,435
04/23/2010,SDL,AZ,AWP,WE,Towers with Radar,0,44,86,0,130,0,30,169,2,201,0,74,255,2,331,235,0,235,566
04/24/2010,SDL,AZ,AWP,WE,Towers with Radar,0,18,65,0,83,0,5,158,0,163,0,23,223,0,246,406,0,406,652
04/25/2010,SDL,AZ,AWP,WE,Towers with Radar,0,45,92,0,137,0,2,122,0,124,0,47,214,0,261,156,0,156,417
04/26/2010,SDL,AZ,AWP,WE,Towers with Radar,0,26,52,0,78,0,9,113,1,123,0,35,165,1,201,122,0,122,323
04/27/2010,SDL,AZ,AWP,WE,Towers with Radar,0,31,91,0,122,0,5,181,0,186,0,36,272,0,308,170,0,170,478
04/28/2010,SDL,AZ,AWP,WE,Towers with Radar,0,37,88,0,125,0,19,137,3,159,0,56,225,3,284,118,0,118,402
04/29/2010,SDL,AZ,AWP,WE,Towers with Radar,0,31,85,0,116,0,10,103,4,117,0,41,188,4,233,103,0,103,336
04/30/2010,SDL,AZ,AWP,WE,Towers with Radar,0,34,88,0,122,0,19,171,2,192,0,53,259,2,314,146,0,146,460
05/01/2010,SDL,AZ,AWP,WE,Towers with Radar,0,28,55,0,83,0,2,132,0,134,0,30,187,0,217,188,1,189,406
05/02/2010,SDL,AZ,AWP,WE,Towers with Radar,0,43,69,2,114,0,1,76,0,77,0,44,145,2,191,88,0,88,279
05/03/2010,SDL,AZ,AWP,WE,Towers with Radar,0,19,50,2,71,0,5,136,0,141,0,24,186,2,212,148,0,148,360
05/04/2010,SDL,AZ,AWP,WE,Towers with Radar,0,30,75,0,105,0,23,171,0,194,0,53,246,0,299,246,0,246,545
05/05/2010,SDL,AZ,AWP,WE,Towers with Radar,0,15,87,2,104,0,22,136,1,159,0,37,223,3,263,183,0,183,446
05/06/2010,SDL,AZ,AWP,WE,Towers with Radar,0,24,87,0,111,0,26,161,1,188,0,50,248,1,299,198,0,198,497
05/07/2010,SDL,AZ,AWP,WE,Towers with Radar,0,23,59,2,84,0,15,156,4,175,0,38,215,6,259,200,0,200,459
05/08/2010,SDL,AZ,AWP,WE,Towers with Radar,0,16,39,5,60,0,0,166,0,166,0,16,205,5,226,193,0,193,419
05/09/2010,SDL,AZ,AWP,WE,Towers with Radar,0,24,47,0,71,0,2,87,0,89,0,26,134,0,160,117,0,117,277
05/10/2010,SDL,AZ,AWP,WE,Towers with Radar,0,27,50,3,80,0,16,149,0,165,0,43,199,3,245,112,0,112,357
05/11/2010,SDL,AZ,AWP,WE,Towers with Radar,0,22,70,1,93,0,14,103,0,117,0,36,173,1,210,115,0,115,325
05/12/2010,SDL,AZ,AWP,WE,Towers with Radar,0,27,86,0,113,0,24,171,2,197,0,51,257,2,310,185,0,185,495
05/13/2010,SDL,AZ,AWP,WE,Towers with Radar,0,21,78,1,100,0,21,181,0,202,0,42,259,1,302,226,0,226,528
05/14/2010,SDL,AZ,AWP,WE,Towers with Radar,0,28,68,2,98,0,15,142,0,157,0,43,210,2,255,152,0,152,407
05/15/2010,SDL,AZ,AWP,WE,Towers with Radar,0,20,40,4,64,0,3,161,1,165,0,23,201,5,229,134,0,134,363
05/16/2010,SDL,AZ,AWP,WE,Towers with Radar,0,26,65,1,92,0,0,147,4,151,0,26,212,5,243,142,0,142,385
05/17/2010,SDL,AZ,AWP,WE,Towers with Radar,0,17,54,1,72,0,12,114,0,126,0,29,168,1,198,104,1,105,303
05/18/2010,SDL,AZ,AWP,WE,Towers with Radar,0,23,65,0,88,0,24,188,0,212,0,47,253,0,300,132,0,132,432
05/19/2010,SDL,AZ,AWP,WE,Towers with Radar,0,20,83,0,103,0,18,166,0,184,0,38,249,0,287,172,0,172,459
05/20/2010,SDL,AZ,AWP,WE,Towers with Radar,0,21,98,1,120,0,26,181,0,207,0,47,279,1,327,195,0,195,522
05/21/2010,SDL,AZ,AWP,WE,Towers with Radar,0,13,94,1,108,0,12,153,1,166,0,25,247,2,274,186,0,186,460
05/22/2010,SDL,AZ,AWP,WE,Towers with Radar,0,15,48,1,64,0,2,130,2,134,0,17,178,3,198,224,6,230,428
05/23/2010,SDL,AZ,AWP,WE,Towers with Radar,0,17,52,1,70,0,2,88,0,90,0,19,140,1,160,76,0,76,236
05/24/2010,SDL,AZ,AWP,WE,Towers with Radar,0,18,63,1,82,0,27,137,0,164,0,45,200,1,246,164,0,164,410
05/25/2010,SDL,AZ,AWP,WE,Towers with Radar,0,15,70,0,85,0,17,135,0,152,0,32,205,0,237,218,1,219,456
05/26/2010,SDL,AZ,AWP,WE,Towers with Radar,0,11,64,0,75,0,21,164,0,185,0,32,228,0,260,160,0,160,420
05/27/2010,SDL,AZ,AWP,WE,Towers with Radar,0,30,118,0,148,0,20,196,0,216,0,50,314,0,364,206,2,208,572
05/28/2010,SDL,AZ,AWP,WE,Towers with Radar,0,23,91,0,114,0,16,173,0,189,0,39,264,0,303,224,0,224,527
05/29/2010,SDL,AZ,AWP,WE,Towers with Radar,0,11,30,2,43,0,12,162,2,176,0,23,192,4,219,183,0,183,402
05/30/2010,SDL,AZ,AWP,WE,Towers with Radar,0,20,35,0,55,0,2,91,0,93,0,22,126,0,148,70,0,70,218
05/31/2010,SDL,AZ,AWP,WE,Towers with Radar,0,23,88,0,111,0,3,114,0,117,0,26,202,0,228,115,0,115,343
06/01/2010,SDL,AZ,AWP,WE,Towers with Radar,0,31,43,0,74,0,15,119,0,134,0,46,162,0,208,153,1,154,362
06/02/2010,SDL,AZ,AWP,WE,Towers with Radar,0,31,53,0,84,0,11,162,0,173,0,42,215,0,257,140,0,140,397
06/03/2010,SDL,AZ,AWP,WE,Towers with Radar,0,14,69,0,83,0,25,195,1,221,0,39,264,1,304,170,0,170,474
06/04/2010,SDL,AZ,AWP,WE,Towers with Radar,0,16,55,0,71,0,17,138,0,155,0,33,193,0,226,150,0,150,376
06/05/2010,SDL,AZ,AWP,WE,Towers with Radar,0,11,39,0,50,0,1,113,0,114,0,12,152,0,164,77,0,77,241
06/06/2010,SDL,AZ,AWP,WE,Towers with Radar,0,12,45,0,57,0,1,103,0,104,0,13,148,0,161,45,0,45,206
06/07/2010,SDL,AZ,AWP,WE,Towers with Radar,0,17,44,0,61,0,16,146,0,162,0,33,190,0,223,214,0,214,437
06/08/2010,SDL,AZ,AWP,WE,Towers with Radar,0,13,48,0,61,0,14,111,0,125,0,27,159,0,186,121,0,121,307
06/09/2010,SDL,AZ,AWP,WE,Towers with Radar,0,7,62,0,69,0,19,153,0,172,0,26,215,0,241,136,0,136,377
06/10/2010,SDL,AZ,AWP,WE,Towers with Radar,0,10,57,0,67,0,14,143,0,157,0,24,200,0,224,185,0,185,409
06/11/2010,SDL,AZ,AWP,WE,Towers with Radar,0,12,54,0,66,0,16,164,0,180,0,28,218,0,246,133,0,133,379
06/12/2010,SDL,AZ,AWP,WE,Towers with Radar,0,9,39,0,48,0,2,104,2,108,0,11,143,2,156,141,1,142,298
06/13/2010,SDL,AZ,AWP,WE,Towers with Radar,0,14,41,0,55,0,0,91,0,91,0,14,132,0,146,119,0,119,265
06/14/2010,SDL,AZ,AWP,WE,Towers with Radar,0,10,61,0,71,0,13,104,0,117,0,23,165,0,188,74,0,74,262
06/15/2010,SDL,AZ,AWP,WE,Towers with Radar,0,15,41,0,56,0,14,158,0,172,0,29,199,0,228,191,0,191,419
06/16/2010,SDL,AZ,AWP,WE,Towers with Radar,0,26,54,0,80,0,20,154,0,174,0,46,208,0,254,176,0,176,430
06/17/2010,SDL,AZ,AWP,WE,Towers with Radar,0,18,64,0,82,0,10,155,0,165,0,28,219,0,247,177,0,177,424
06/18/2010,SDL,AZ,AWP,WE,Towers with Radar,0,8,58,0,66,0,29,155,0,184,0,37,213,0,250,137,0,137,387
06/19/2010,SDL,AZ,AWP,WE,Towers with Radar,0,6,41,2,49,0,5,111,0,116,0,11,152,2,165,169,0,169,334
06/20/2010,SDL,AZ,AWP,WE,Towers with Radar,0,10,44,0,54,0,6,117,0,123,0,16,161,0,177,86,0,86,263
06/21/2010,SDL,AZ,AWP,WE,Towers with Radar,0,11,41,4,56,0,10,154,0,164,0,21,195,4,220,165,0,165,385
06/22/2010,SDL,AZ,AWP,WE,Towers with Radar,0,26,55,0,81,0,16,164,0,180,0,42,219,0,261,250,0,250,511
06/23/2010,SDL,AZ,AWP,WE,Towers with Radar,0,10,66,0,76,0,23,151,0,174,0,33,217,0,250,175,0,175,425
06/24/2010,SDL,AZ,AWP,WE,Towers with Radar,0,17,49,0,66,0,5,137,0,142,0,22,186,0,208,119,0,119,327
06/25/2010,SDL,AZ,AWP,WE,Towers with Radar,0,19,48,2,69,0,10,137,0,147,0,29,185,2,216,157,0,157,373
06/26/2010,SDL,AZ,AWP,WE,Towers with Radar,0,7,33,0,40,0,3,102,0,105,0,10,135,0,145,149,0,149,294
06/27/2010,SDL,AZ,AWP,WE,Towers with Radar,0,4,44,0,48,0,2,92,0,94,0,6,136,0,142,90,0,90,232
06/28/2010,SDL,AZ,AWP,WE,Towers with Radar,0,12,35,2,49,0,11,106,0,117,0,23,141,2,166,144,0,144,310
06/29/2010,SDL,AZ,AWP,WE,Towers with Radar,0,10,51,0,61,0,16,112,1,129,0,26,163,1,190,160,0,160,350
06/30/2010,SDL,AZ,AWP,WE,Towers with Radar,0,22,57,0,79,0,24,147,0,171,0,46,204,0,250,140,0,140,390
07/01/2010,SDL,AZ,AWP,WE,Towers with Radar,0,10,77,0,87,0,20,200,0,220,0,30,277,0,307,194,0,194,501
07/02/2010,SDL,AZ,AWP,WE,Towers with Radar,0,19,46,0,65,0,26,129,0,155,0,45,175,0,220,142,0,142,362
07/03/2010,SDL,AZ,AWP,WE,Towers with Radar,0,9,24,1,34,0,0,94,0,94,0,9,118,1,128,104,0,104,232
07/04/2010,SDL,AZ,AWP,WE,Towers with Radar,0,5,7,0,12,0,0,55,0,55,0,5,62,0,67,48,0,48,115
07/05/2010,SDL,AZ,AWP,WE,Towers with Radar,0,15,49,0,64,0,5,164,1,170,0,20,213,1,234,148,0,148,382
07/06/2010,SDL,AZ,AWP,WE,Towers with Radar,0,0,1,0,1,0,10,44,2,56,0,10,45,2,57,0,0,0,57
07/07/2010,SDL,AZ,AWP,WE,Towers with Radar,0,0,0,0,0,0,14,34,0,48,0,14,34,0,48,0,0,0,48
07/08/2010,SDL,AZ,AWP,WE,Towers with Radar,0,0,0,0,0,0,24,58,24,106,0,24,58,24,106,0,0,0,106
07/09/2010,SDL,AZ,AWP,WE,Towers with Radar,0,0,0,0,0,0,12,55,0,67,0,12,55,0,67,42,0,42,109
07/10/2010,SDL,AZ,AWP,WE,Towers with Radar,0,0,0,0,0,0,0,29,0,29,0,0,29,0,29,7,0,7,36
07/11/2010,SDL,AZ,AWP,WE,Towers with Radar,0,0,0,0,0,0,0,35,0,35,0,0,35,0,35,0,0,0,35
07/12/2010,SDL,AZ,AWP,WE,Towers with Radar,0,0,1,0,1,0,8,25,0,33,0,8,26,0,34,0,0,0,34
07/13/2010,SDL,AZ,AWP,WE,Towers with Radar,0,0,0,0,0,0,17,77,0,94,0,17,77,0,94,0,0,0,94
07/14/2010,SDL,AZ,AWP,WE,Towers with Radar,0,0,0,0,0,0,12,65,0,77,0,12,65,0,77,3,0,3,80
07/15/2010,SDL,AZ,AWP,WE,Towers with Radar,0,0,0,0,0,0,11,40,0,51,0,11,40,0,51,0,0,0,51
07/16/2010,SDL,AZ,AWP,WE,Towers with Radar,0,0,5,0,5,0,30,65,0,95,0,30,70,0,100,0,0,0,100
07/17/2010,SDL,AZ,AWP,WE,Towers with Radar,0,0,11,0,11,0,2,78,0,80,0,2,89,0,91,37,0,37,128
07/18/2010,SDL,AZ,AWP,WE,Towers with Radar,0,10,33,2,45,0,3,94,0,97,0,13,127,2,142,31,0,31,173
07/19/2010,SDL,AZ,AWP,WE,Towers with Radar,0,13,38,0,51,0,11,112,0,123,0,24,150,0,174,107,0,107,281
07/20/2010,SDL,AZ,AWP,WE,Towers with Radar,0,13,43,0,56,0,15,111,0,126,0,28,154,0,182,160,0,160,342
07/21/2010,SDL,AZ,AWP,WE,Towers with Radar,0,14,40,0,54,0,8,144,0,152,0,22,184,0,206,72,0,72,278
07/22/2010,SDL,AZ,AWP,WE,Towers with Radar,0,12,44,0,56,0,17,117,0,134,0,29,161,0,190,108,0,108,298
07/23/2010,SDL,AZ,AWP,WE,Towers with Radar,0,14,31,0,45,0,8,100,0,108,0,22,131,0,153,112,0,112,265
07/24/2010,SDL,AZ,AWP,WE,Towers with Radar,0,11,28,0,39,0,0,126,0,126,0,11,154,0,165,68,0,68,233
07/25/2010,SDL,AZ,AWP,WE,Towers with Radar,0,18,27,2,47,0,2,75,0,77,0,20,102,2,124,43,0,43,167
07/26/2010,SDL,AZ,AWP,WE,Towers with Radar,0,16,32,2,50,0,11,78,2,91,0,27,110,4,141,86,0,86,227
07/27/2010,SDL,AZ,AWP,WE,Towers with Radar,0,16,48,2,66,0,6,99,0,105,0,22,147,2,171,70,0,70,241
07/28/2010,SDL,AZ,AWP,WE,Towers with Radar,0,15,50,0,65,0,24,109,0,133,0,39,159,0,198,118,0,118,316
07/29/2010,SDL,AZ,AWP,WE,Towers with Radar,0,14,53,0,67,0,10,110,1,121,0,24,163,1,188,134,0,134,322
07/30/2010,SDL,AZ,AWP,WE,Towers with Radar,0,14,33,1,48,0,7,119,1,127,0,21,152,2,175,119,0,119,294
07/31/2010,SDL,AZ,AWP,WE,Towers with Radar,0,6,43,1,50,0,0,61,0,61,0,6,104,1,111,91,8,99,210
08/01/2010,SDL,AZ,AWP,WE,Towers with Radar,0,9,31,2,42,0,0,92,0,92,0,9,123,2,134,64,20,84,218
08/02/2010,SDL,AZ,AWP,WE,Towers with Radar,0,10,27,1,38,0,15,106,0,121,0,25,133,1,159,160,0,160,319
08/03/2010,SDL,AZ,AWP,WE,Towers with Radar,0,7,31,0,38,0,12,162,0,174,0,19,193,0,212,185,0,185,397
08/04/2010,SDL,AZ,AWP,WE,Towers with Radar,0,21,44,0,65,0,11,137,0,148,0,32,181,0,213,182,0,182,395
08/05/2010,SDL,AZ,AWP,WE,Towers with Radar,0,7,47,0,54,0,4,154,0,158,0,11,201,0,212,106,0,106,318
08/06/2010,SDL,AZ,AWP,WE,Towers with Radar,0,20,49,0,69,0,14,149,0,163,0,34,198,0,232,141,0,141,373
08/07/2010,SDL,AZ,AWP,WE,Towers with Radar,0,9,26,0,35,0,0,81,0,81,0,9,107,0,116,64,0,64,180
08/08/2010,SDL,AZ,AWP,WE,Towers with Radar,0,11,56,0,67,0,3,71,0,74,0,14,127,0,141,50,0,50,191
08/09/2010,SDL,AZ,AWP,WE,Towers with Radar,0,10,35,0,45,0,8,105,0,113,0,18,140,0,158,83,0,83,241
08/10/2010,SDL,AZ,AWP,WE,Towers with Radar,0,10,46,0,56,0,10,122,0,132,0,20,168,0,188,187,0,187,375
08/11/2010,SDL,AZ,AWP,WE,Towers with Radar,0,18,39,0,57,0,10,132,0,142,0,28,171,0,199,107,0,107,306
08/12/2010,SDL,AZ,AWP,WE,Towers with Radar,0,12,45,0,57,0,6,135,0,141,0,18,180,0,198,112,0,112,310
08/13/2010,SDL,AZ,AWP,WE,Towers with Radar,0,17,52,0,69,0,5,137,0,142,0,22,189,0,211,126,0,126,337
08/14/2010,SDL,AZ,AWP,WE,Towers with Radar,0,6,29,1,36,0,0,97,2,99,0,6,126,3,135,133,0,133,268
08/15/2010,SDL,AZ,AWP,WE,Towers with Radar,0,15,48,0,63,0,3,65,1,69,0,18,113,1,132,40,0,40,172
08/16/2010,SDL,AZ,AWP,WE,Towers with Radar,0,13,37,0,50,0,14,89,0,103,0,27,126,0,153,106,0,106,259
08/17/2010,SDL,AZ,AWP,WE,Towers with Radar,0,12,53,0,65,0,10,113,0,123,0,22,166,0,188,159,0,159,347
08/18/2010,SDL,AZ,AWP,WE,Towers with Radar,0,23,36,0,59,0,13,108,0,121,0,36,144,0,180,92,0,92,272
08/19/2010,SDL,AZ,AWP,WE,Towers with Radar,0,11,38,0,49,0,14,149,0,163,0,25,187,0,212,190,0,190,402
08/20/2010,SDL,AZ,AWP,WE,Towers with Radar,0,19,34,0,53,0,12,142,0,154,0,31,176,0,207,154,0,154,361
08/21/2010,SDL,AZ,AWP,WE,Towers with Radar,0,21,25,0,46,0,5,109,0,114,0,26,134,0,160,108,0,108,268
08/22/2010,SDL,AZ,AWP,WE,Towers with Radar,0,15,48,0,63,0,10,94,0,104,0,25,142,0,167,86,0,86,253
08/23/2010,SDL,AZ,AWP,WE,Towers with Radar,0,15,43,2,60,0,7,79,0,86,0,22,122,2,146,122,0,122,268
08/24/2010,SDL,AZ,AWP,WE,Towers with Radar,0,12,33,0,45,0,24,125,0,149,0,36,158,0,194,153,0,153,347
08/25/2010,SDL,AZ,AWP,WE,Towers with Radar,0,16,55,0,71,0,17,122,0,139,0,33,177,0,210,50,0,50,260
08/26/2010,SDL,AZ,AWP,WE,Towers with Radar,0,18,53,3,74,0,15,98,0,113,0,33,151,3,187,60,0,60,247
08/27/2010,SDL,AZ,AWP,WE,Towers with Radar,0,13,50,2,65,0,18,114,0,132,0,31,164,2,197,240,0,240,437
08/28/2010,SDL,AZ,AWP,WE,Towers with Radar,0,9,28,0,37,0,8,74,0,82,0,17,102,0,119,88,0,88,207
08/29/2010,SDL,AZ,AWP,WE,Towers with Radar,0,11,46,3,60,0,3,66,0,69,0,14,112,3,129,76,0,76,205
08/30/2010,SDL,AZ,AWP,WE,Towers with Radar,0,20,44,0,64,0,13,86,0,99,0,33,130,0,163,136,0,136,299
08/31/2010,SDL,AZ,AWP,WE,Towers with Radar,0,10,32,0,42,0,17,127,0,144,0,27,159,0,186,211,0,211,397
09/01/2010,SDL,AZ,AWP,WE,Towers with Radar,0,20,68,1,89,0,14,114,0,128,0,34,182,1,217,109,0,109,326
09/02/2010,SDL,AZ,AWP,WE,Towers with Radar,0,18,58,0,76,0,13,182,0,195,0,31,240,0,271,176,0,176,447
09/03/2010,SDL,AZ,AWP,WE,Towers with Radar,0,19,42,1,62,0,12,109,1,122,0,31,151,2,184,116,0,116,300
09/04/2010,SDL,AZ,AWP,WE,Towers with Radar,0,7,29,0,36,0,3,85,0,88,0,10,114,0,124,95,0,95,219
09/05/2010,SDL,AZ,AWP,WE,Towers with Radar,0,8,15,0,23,0,4,52,0,56,0,12,67,0,79,10,0,10,89
09/06/2010,SDL,AZ,AWP,WE,Towers with Radar,0,16,61,2,79,0,0,115,1,116,0,16,176,3,195,186,0,186,381
09/07/2010,SDL,AZ,AWP,WE,Towers with Radar,0,8,50,0,58,0,5,121,0,126,0,13,171,0,184,185,0,185,369
09/08/2010,SDL,AZ,AWP,WE,Towers with Radar,0,13,52,0,65,0,14,113,0,127,0,27,165,0,192,170,0,170,362
09/09/2010,SDL,AZ,AWP,WE,Towers with Radar,0,15,34,0,49,0,3,133,0,136,0,18,167,0,185,155,0,155,340
09/10/2010,SDL,AZ,AWP,WE,Towers with Radar,0,22,42,0,64,0,16,132,0,148,0,38,174,0,212,175,0,175,387
09/11/2010,SDL,AZ,AWP,WE,Towers with Radar,0,6,19,0,25,0,1,90,0,91,0,7,109,0,116,201,0,201,317
09/12/2010,SDL,AZ,AWP,WE,Towers with Radar,0,11,38,0,49,0,1,89,0,90,0,12,127,0,139,98,0,98,237
09/13/2010,SDL,AZ,AWP,WE,Towers with Radar,0,27,56,2,85,0,15,159,0,174,0,42,215,2,259,190,0,190,449
09/14/2010,SDL,AZ,AWP,WE,Towers with Radar,0,28,59,0,87,0,15,157,0,172,0,43,216,0,259,211,0,211,470
09/15/2010,SDL,AZ,AWP,WE,Towers with Radar,0,18,44,0,62,0,16,108,0,124,0,34,152,0,186,169,0,169,355
09/16/2010,SDL,AZ,AWP,WE,Towers with Radar,0,14,61,0,75,0,26,120,2,148,0,40,181,2,223,192,4,196,419
09/17/2010,SDL,AZ,AWP,WE,Towers with Radar,0,10,59,0,69,0,14,134,0,148,0,24,193,0,217,127,0,127,344
09/18/2010,SDL,AZ,AWP,WE,Towers with Radar,0,2,48,0,50,0,0,109,0,109,0,2,157,0,159,139,0,139,298
09/19/2010,SDL,AZ,AWP,WE,Towers with Radar,0,20,49,2,71,0,3,93,0,96,0,23,142,2,167,66,0,66,233
09/20/2010,SDL,AZ,AWP,WE,Towers with Radar,0,15,59,0,74,0,5,94,0,99,0,20,153,0,173,198,0,198,371
09/21/2010,SDL,AZ,AWP,WE,Towers with Radar,0,18,56,0,74,0,8,145,0,153,0,26,201,0,227,205,0,205,432
09/22/2010,SDL,AZ,AWP,WE,Towers with Radar,0,12,62,0,74,0,15,126,0,141,0,27,188,0,215,112,0,112,327
09/23/2010,SDL,AZ,AWP,WE,Towers with Radar,0,22,67,0,89,0,4,118,2,124,0,26,185,2,213,210,0,210,423
09/24/2010,SDL,AZ,AWP,WE,Towers with Radar,0,15,60,0,75,0,16,180,2,198,0,31,240,2,273,109,0,109,382
09/25/2010,SDL,AZ,AWP,WE,Towers with Radar,0,10,32,2,44,0,0,99,0,99,0,10,131,2,143,90,0,90,233
09/26/2010,SDL,AZ,AWP,WE,Towers with Radar,0,25,55,0,80,0,1,95,0,96,0,26,150,0,176,83,0,83,259
09/27/2010,SDL,AZ,AWP,WE,Towers with Radar,0,25,44,1,70,0,14,122,1,137,0,39,166,2,207,149,0,149,356
09/28/2010,SDL,AZ,AWP,WE,Towers with Radar,0,6,39,0,45,0,7,149,0,156,0,13,188,0,201,173,0,173,374
09/29/2010,SDL,AZ,AWP,WE,Towers with Radar,0,12,60,0,72,0,10,134,0,144,0,22,194,0,216,247,0,247,463
09/30/2010,SDL,AZ,AWP,WE,Towers with Radar,0,26,65,2,93,0,17,118,3,138,0,43,183,5,231,132,0,132,363
10/01/2010,SDL,AZ,AWP,WE,Towers with Radar,0,22,62,0,84,0,12,136,3,151,0,34,198,3,235,92,0,92,327
10/02/2010,SDL,AZ,AWP,WE,Towers with Radar,0,15,27,0,42,0,2,115,1,118,0,17,142,1,160,77,0,77,237
10/03/2010,SDL,AZ,AWP,WE,Towers with Radar,0,18,62,0,80,0,3,101,0,104,0,21,163,0,184,73,0,73,257
10/04/2010,SDL,AZ,AWP,WE,Towers with Radar,0,15,49,0,64,0,27,106,0,133,0,42,155,0,197,96,0,96,293
10/05/2010,SDL,AZ,AWP,WE,Towers with Radar,0,17,56,0,73,0,19,87,0,106,0,36,143,0,179,56,0,56,235
10/06/2010,SDL,AZ,AWP,WE,Towers with Radar,0,24,70,0,94,0,14,116,0,130,0,38,186,0,224,176,0,176,400
10/07/2010,SDL,AZ,AWP,WE,Towers with Radar,0,42,86,0,128,0,10,143,0,153,0,52,229,0,281,134,0,134,415
10/08/2010,SDL,AZ,AWP,WE,Towers with Radar,0,21,66,0,87,0,20,129,0,149,0,41,195,0,236,147,0,147,383
10/09/2010,SDL,AZ,AWP,WE,Towers with Radar,0,19,28,0,47,0,2,48,0,50,0,21,76,0,97,119,0,119,216
10/10/2010,SDL,AZ,AWP,WE,Towers with Radar,0,26,48,0,74,0,1,78,0,79,0,27,126,0,153,72,0,72,225
10/11/2010,SDL,AZ,AWP,WE,Towers with Radar,0,29,65,0,94,0,13,109,0,122,0,42,174,0,216,131,0,131,347
10/12/2010,SDL,AZ,AWP,WE,Towers with Radar,0,20,71,0,91,0,25,118,2,145,0,45,189,2,236,165,0,165,401
10/13/2010,SDL,AZ,AWP,WE,Towers with Radar,0,24,57,0,81,0,23,131,1,155,0,47,188,1,236,154,0,154,390
10/14/2010,SDL,AZ,AWP,WE,Towers with Radar,0,23,71,0,94,0,11,116,1,128,0,34,187,1,222,71,0,71,293
10/15/2010,SDL,AZ,AWP,WE,Towers with Radar,0,20,89,2,111,0,20,121,2,143,0,40,210,4,254,77,0,77,331
10/16/2010,SDL,AZ,AWP,WE,Towers with Radar,0,6,43,0,49,0,2,133,0,135,0,8,176,0,184,165,0,165,349
10/17/2010,SDL,AZ,AWP,WE,Towers with Radar,0,37,76,0,113,0,0,81,0,81,0,37,157,0,194,99,0,99,293
10/18/2010,SDL,AZ,AWP,WE,Towers with Radar,0,25,65,0,90,0,7,149,0,156,0,32,214,0,246,222,0,222,468
10/19/2010,SDL,AZ,AWP,WE,Towers with Radar,0,28,60,2,90,0,13,153,0,166,0,41,213,2,256,218,0,218,474
10/20/2010,SDL,AZ,AWP,WE,Towers with Radar,0,40,69,1,110,0,21,111,0,132,0,61,180,1,242,231,0,231,473
10/21/2010,SDL,AZ,AWP,WE,Towers with Radar,0,32,94,1,127,0,19,126,0,145,0,51,220,1,272,105,0,105,377
10/22/2010,SDL,AZ,AWP,WE,Towers with Radar,0,32,120,2,154,0,17,137,0,154,0,49,257,2,308,151,0,151,459
10/23/2010,SDL,AZ,AWP,WE,Towers with Radar,0,23,46,0,69,0,10,125,0,135,0,33,171,0,204,89,0,89,293
10/24/2010,SDL,AZ,AWP,WE,Towers with Radar,0,29,82,3,114,0,0,100,0,100,0,29,182,3,214,143,18,161,375
10/25/2010,SDL,AZ,AWP,WE,Towers with Radar,0,25,55,1,81,0,15,143,0,158,0,40,198,1,239,194,0,194,433
10/26/2010,SDL,AZ,AWP,WE,Towers with Radar,0,24,76,0,100,0,27,144,0,171,0,51,220,0,271,221,0,221,492
10/27/2010,SDL,AZ,AWP,WE,Towers with Radar,0,26,68,0,94,0,21,150,0,171,0,47,218,0,265,169,0,169,434
10/28/2010,SDL,AZ,AWP,WE,Towers with Radar,0,28,86,0,114,0,10,158,0,168,0,38,244,0,282,106,0,106,388
10/29/2010,SDL,AZ,AWP,WE,Towers with Radar,0,20,52,0,72,0,24,163,0,187,0,44,215,0,259,174,0,174,433
10/30/2010,SDL,AZ,AWP,WE,Towers with Radar,0,18,46,2,66,0,2,149,0,151,0,20,195,2,217,163,0,163,380
10/31/2010,SDL,AZ,AWP,WE,Towers with Radar,0,36,59,0,95,0,7,102,0,109,0,43,161,0,204,148,0,148,352
11/01/2010,SDL,AZ,AWP,WE,Towers with Radar,0,18,76,0,94,0,27,141,0,168,0,45,217,0,262,169,0,169,431
11/02/2010,SDL,AZ,AWP,WE,Towers with Radar,0,22,61,0,83,0,24,188,0,212,0,46,249,0,295,240,0,240,535
11/03/2010,SDL,AZ,AWP,WE,Towers with Radar,0,18,89,0,107,0,22,170,1,193,0,40,259,1,300,249,0,249,549
11/04/2010,SDL,AZ,AWP,WE,Towers with Radar,0,24,82,1,107,0,22,152,1,175,0,46,234,2,282,90,0,90,372
11/05/2010,SDL,AZ,AWP,WE,Towers with Radar,0,34,59,2,95,0,31,178,1,210,0,65,237,3,305,96,0,96,401
11/06/2010,SDL,AZ,AWP,WE,Towers with Radar,0,26,41,2,69,0,1,189,0,190,0,27,230,2,259,202,1,203,462
11/07/2010,SDL,AZ,AWP,WE,Towers with Radar,0,32,61,1,94,0,6,115,0,121,0,38,176,1,215,155,0,155,370
11/08/2010,SDL,AZ,AWP,WE,Towers with Radar,0,31,84,3,118,0,20,145,0,165,0,51,229,3,283,178,0,178,461
11/09/2010,SDL,AZ,AWP,WE,Towers with Radar,0,26,75,0,101,0,19,110,5,134,0,45,185,5,235,155,2,157,392
11/10/2010,SDL,AZ,AWP,WE,Towers with Radar,0,33,99,0,132,0,16,119,3,138,0,49,218,3,270,175,0,175,445
11/11/2010,SDL,AZ,AWP,WE,Towers with Radar,0,36,104,0,140,0,15,172,4,191,0,51,276,4,331,109,0,109,440
11/12/2010,SDL,AZ,AWP,WE,Towers with Radar,0,24,87,2,113,0,23,157,1,181,0,47,244,3,294,68,4,72,366
11/13/2010,SDL,AZ,AWP,WE,Towers with Radar,0,14,49,3,66,0,1,169,0,170,0,15,218,3,236,265,0,265,501
11/14/2010,SDL,AZ,AWP,WE,Towers with Radar,0,43,115,0,158,0,4,123,0,127,0,47,238,0,285,100,0,100,385
11/15/2010,SDL,AZ,AWP,WE,Towers with Radar,0,19,78,0,97,0,16,118,0,134,0,35,196,0,231,99,0,99,330
11/16/2010,SDL,AZ,AWP,WE,Towers with Radar,0,24,74,0,98,0,11,129,0,140,0,35,203,0,238,292,0,292,530
11/17/2010,SDL,AZ,AWP,WE,Towers with Radar,0,31,89,0,120,0,25,151,0,176,0,56,240,0,296,176,0,176,472
11/18/2010,SDL,AZ,AWP,WE,Towers with Radar,0,23,75,2,100,0,13,162,0,175,0,36,237,2,275,97,0,97,372
11/19/2010,SDL,AZ,AWP,WE,Towers with Radar,0,30,95,0,125,0,23,139,0,162,0,53,234,0,287,135,0,135,422
11/20/2010,SDL,AZ,AWP,WE,Towers with Radar,0,22,58,0,80,0,2,129,0,131,0,24,187,0,211,234,0,234,445
11/21/2010,SDL,AZ,AWP,WE,Towers with Radar,0,39,55,0,94,0,0,51,0,51,0,39,106,0,145,54,0,54,199
11/22/2010,SDL,AZ,AWP,WE,Towers with Radar,0,26,56,0,82,0,17,134,0,151,0,43,190,0,233,163,0,163,396
11/23/2010,SDL,AZ,AWP,WE,Towers with Radar,0,40,87,0,127,0,38,158,0,196,0,78,245,0,323,253,0,253,576
11/24/2010,SDL,AZ,AWP,WE,Towers with Radar,0,26,87,0,113,0,17,163,0,180,0,43,250,0,293,309,0,309,602
11/25/2010,SDL,AZ,AWP,WE,Towers with Radar,0,16,24,0,40,0,2,58,0,60,0,18,82,0,100,28,0,28,128
11/26/2010,SDL,AZ,AWP,WE,Towers with Radar,0,11,54,0,65,0,14,158,0,172,0,25,212,0,237,222,0,222,459
11/27/2010,SDL,AZ,AWP,WE,Towers with Radar,0,34,46,0,80,0,10,139,0,149,0,44,185,0,229,237,0,237,466
11/28/2010,SDL,AZ,AWP,WE,Towers with Radar,0,49,147,0,196,0,1,102,0,103,0,50,249,0,299,77,0,77,376
11/29/2010,SDL,AZ,AWP,WE,Towers with Radar,0,17,63,0,80,0,11,107,0,118,0,28,170,0,198,125,0,125,323
11/30/2010,SDL,AZ,AWP,WE,Towers with Radar,0,30,62,0,92,0,5,127,0,132,0,35,189,0,224,103,0,103,327
12/01/2010,SDL,AZ,AWP,WE,Towers with Radar,0,29,82,0,111,0,16,150,0,166,0,45,232,0,277,251,0,251,528
12/02/2010,SDL,AZ,AWP,WE,Towers with Radar,0,40,78,0,118,0,14,123,0,137,0,54,201,0,255,182,0,182,437
12/03/2010,SDL,AZ,AWP,WE,Towers with Radar,0,27,60,1,88,0,7,150,0,157,0,34,210,1,245,152,0,152,397
12/04/2010,SDL,AZ,AWP,WE,Towers with Radar,0,14,45,1,60,0,2,115,0,117,0,16,160,1,177,196,0,196,373
12/05/2010,SDL,AZ,AWP,WE,Towers with Radar,0,22,73,1,96,0,5,86,1,92,0,27,159,2,188,77,0,77,265
12/06/2010,SDL,AZ,AWP,WE,Towers with Radar,0,22,63,0,85,0,4,97,0,101,0,26,160,0,186,152,0,152,338
12/07/2010,SDL,AZ,AWP,WE,Towers with Radar,0,20,71,0,91,0,18,117,0,135,0,38,188,0,226,232,0,232,458
12/08/2010,SDL,AZ,AWP,WE,Towers with Radar,0,23,69,0,92,0,12,125,0,137,0,35,194,0,229,199,0,199,428
12/09/2010,SDL,AZ,AWP,WE,Towers with Radar,0,29,78,0,107,0,10,139,0,149,0,39,217,0,256,184,0,184,440
12/10/2010,SDL,AZ,AWP,WE,Towers with Radar,0,23,82,1,106,0,20,182,0,202,0,43,264,1,308,154,0,154,462
12/11/2010,SDL,AZ,AWP,WE,Towers with Radar,0,8,34,0,42,0,1,139,0,140,0,9,173,0,182,117,0,117,299
12/12/2010,SDL,AZ,AWP,WE,Towers with Radar,0,26,82,0,108,0,1,86,0,87,0,27,168,0,195,179,0,179,374
12/13/2010,SDL,AZ,AWP,WE,Towers with Radar,0,27,73,0,100,0,8,159,0,167,0,35,232,0,267,182,0,182,449
12/14/2010,SDL,AZ,AWP,WE,Towers with Radar,0,14,63,0,77,0,21,95,0,116,0,35,158,0,193,244,0,244,437
12/15/2010,SDL,AZ,AWP,WE,Towers with Radar,0,23,78,0,101,0,14,137,0,151,0,37,215,0,252,166,0,166,418
12/16/2010,SDL,AZ,AWP,WE,Towers with Radar,0,30,85,1,116,0,18,65,0,83,0,48,150,1,199,83,0,83,282
12/17/2010,SDL,AZ,AWP,WE,Towers with Radar,0,25,93,3,121,0,14,120,0,134,0,39,213,3,255,148,0,148,403
12/18/2010,SDL,AZ,AWP,WE,Towers with Radar,0,29,56,0,85,0,0,111,0,111,0,29,167,0,196,145,0,145,341
12/19/2010,SDL,AZ,AWP,WE,Towers with Radar,0,25,65,0,90,0,0,71,0,71,0,25,136,0,161,50,0,50,211
12/20/2010,SDL,AZ,AWP,WE,Towers with Radar,0,17,47,2,66,0,12,88,0,100,0,29,135,2,166,176,0,176,342
12/21/2010,SDL,AZ,AWP,WE,Towers with Radar,0,17,46,0,63,0,8,94,0,102,0,25,140,0,165,97,0,97,262
12/22/2010,SDL,AZ,AWP,WE,Towers with Radar,0,27,56,0,83,0,9,83,0,92,0,36,139,0,175,81,0,81,256
12/23/2010,SDL,AZ,AWP,WE,Towers with Radar,0,25,74,0,99,0,24,82,0,106,0,49,156,0,205,88,0,88,293
12/24/2010,SDL,AZ,AWP,WE,Towers with Radar,0,12,26,0,38,0,0,98,0,98,0,12,124,0,136,125,0,125,261
12/25/2010,SDL,AZ,AWP,WE,Towers with Radar,0,19,22,0,41,0,3,35,0,38,0,22,57,0,79,0,0,0,79
12/26/2010,SDL,AZ,AWP,WE,Towers with Radar,0,35,110,0,145,0,3,82,0,85,0,38,192,0,230,54,0,54,284
12/27/2010,SDL,AZ,AWP,WE,Towers with Radar,0,35,96,0,131,0,20,102,0,122,0,55,198,0,253,177,0,177,430
12/28/2010,SDL,AZ,AWP,WE,Towers with Radar,0,44,78,0,122,0,16,143,2,161,0,60,221,2,283,192,0,192,475
12/29/2010,SDL,AZ,AWP,WE,Towers with Radar,0,30,69,0,99,0,16,34,0,50,0,46,103,0,149,90,0,90,239
12/30/2010,SDL,AZ,AWP,WE,Towers with Radar,0,26,84,0,110,0,16,89,0,105,0,42,173,0,215,62,0,62,277
12/31/2010,SDL,AZ,AWP,WE,Towers with Radar,0,23,61,0,84,0,3,78,0,81,0,26,139,0,165,93,0,93,258
01/01/2011,SDL,AZ,AWP,WE,Towers with Radar,0,30,70,0,100,0,6,62,0,68,0,36,132,0,168,6,0,6,174
01/02/2011,SDL,AZ,AWP,WE,Towers with Radar,0,41,144,0,185,0,1,121,0,122,0,42,265,0,307,78,0,78,385
01/03/2011,SDL,AZ,AWP,WE,Towers with Radar,0,49,84,0,133,0,13,104,0,117,0,62,188,0,250,235,0,235,485
01/04/2011,SDL,AZ,AWP,WE,Towers with Radar,0,26,71,0,97,0,9,132,0,141,0,35,203,0,238,248,0,248,486
01/05/2011,SDL,AZ,AWP,WE,Towers with Radar,0,25,61,0,86,0,15,145,2,162,0,40,206,2,248,249,0,249,497
01/06/2011,SDL,AZ,AWP,WE,Towers with Radar,0,27,94,0,121,0,17,154,0,171,0,44,248,0,292,238,0,238,530
01/07/2011,SDL,AZ,AWP,WE,Towers with Radar,0,28,94,0,122,0,16,141,0,157,0,44,235,0,279,169,0,169,448
01/08/2011,SDL,AZ,AWP,WE,Towers with Radar,0,25,75,0,100,0,6,152,0,158,0,31,227,0,258,101,0,101,359
01/09/2011,SDL,AZ,AWP,WE,Towers with Radar,0,18,79,0,97,0,6,125,0,131,0,24,204,0,228,80,0,80,308
01/10/2011,SDL,AZ,AWP,WE,Towers with Radar,0,24,68,0,92,0,8,111,0,119,0,32,179,0,211,247,1,248,459
01/11/2011,SDL,AZ,AWP,WE,Towers with Radar,0,38,149,0,187,0,11,157,0,168,0,49,306,0,355,205,0,205,560
01/12/2011,SDL,AZ,AWP,WE,Towers with Radar,0,20,82,0,102,0,20,133,0,153,0,40,215,0,255,248,0,248,503
01/13/2011,SDL,AZ,AWP,WE,Towers with Radar,0,24,97,0,121,0,8,174,0,182,0,32,271,0,303,157,0,157,460
01/14/2011,SDL,AZ,AWP,WE,Towers with Radar,0,37,16,2,55,0,16,204,2,222,0,53,220,4,277,145,0,145,422
01/15/2011,SDL,AZ,AWP,WE,Towers with Radar,0,16,65,0,81,0,6,96,0,102,0,22,161,0,183,48,0,48,231
01/16/2011,SDL,AZ,AWP,WE,Towers with Radar,0,24,72,0,96,0,8,124,3,135,0,32,196,3,231,125,0,125,356
01/17/2011,SDL,AZ,AWP,WE,Towers with Radar,0,39,93,0,132,0,7,165,0,172,0,46,258,0,304,254,0,254,558
01/18/2011,SDL,AZ,AWP,WE,Towers with Radar,0,21,108,0,129,0,14,189,0,203,0,35,297,0,332,235,0,235,567
01/19/2011,SDL,AZ,AWP,WE,Towers with Radar,0,24,101,0,125,0,11,184,0,195,0,35,285,0,320,314,0,314,634
01/20/2011,SDL,AZ,AWP,WE,Towers with Radar,0,35,136,0,171,0,13,159,0,172,0,48,295,0,343,131,0,131,474
01/21/2011,SDL,AZ,AWP,WE,Towers with Radar,0,19,111,0,130,0,16,192,1,209,0,35,303,1,339,126,0,126,465
01/22/2011,SDL,AZ,AWP,WE,Towers with Radar,0,29,65,0,94,0,1,184,0,185,0,30,249,0,279,132,0,132,411
01/23/2011,SDL,AZ,AWP,WE,Towers with Radar,0,49,128,0,177,0,1,122,0,123,0,50,250,0,300,44,0,44,344
01/24/2011,SDL,AZ,AWP,WE,Towers with Radar,0,19,64,2,85,0,11,157,0,168,0,30,221,2,253,247,0,247,500
01/25/2011,SDL,AZ,AWP,WE,Towers with Radar,0,22,55,2,79,0,6,159,0,165,0,28,214,2,244,204,0,204,448
01/26/2011,SDL,AZ,AWP,WE,Towers with Radar,0,21,84,0,105,0,22,132,0,154,0,43,216,0,259,123,0,123,382
01/27/2011,SDL,AZ,AWP,WE,Towers with Radar,0,33,82,0,115,0,10,166,0,176,0,43,248,0,291,97,0,97,388
01/28/2011,SDL,AZ,AWP,WE,Towers with Radar,0,26,70,0,96,0,28,177,0,205,0,54,247,0,301,170,0,170,471
01/29/2011,SDL,AZ,AWP,WE,Towers with Radar,0,28,67,0,95,0,8,221,0,229,0,36,288,0,324,213,0,213,537
01/30/2011,SDL,AZ,AWP,WE,Towers with Radar,0,37,81,1,119,0,0,167,0,167,0,37,248,1,286,159,0,159,445
01/31/2011,SDL,AZ,AWP,WE,Towers with Radar,0,31,65,1,97,0,14,170,0,184,0,45,235,1,281,239,0,239,520
02/01/2011,SDL,AZ,AWP,WE,Towers with Radar,0,26,49,0,75,0,8,114,0,122,0,34,163,0,197,225,0,225,422
02/02/2011,SDL,AZ,AWP,WE,Towers with Radar,0,27,72,2,101,0,11,73,2,86,0,38,145,4,187,26,0,26,213
02/03/2011,SDL,AZ,AWP,WE,Towers with Radar,0,44,112,0,156,0,13,199,0,212,0,57,311,0,368,117,0,117,485
02/04/2011,SDL,AZ,AWP,WE,Towers with Radar,0,36,93,3,132,0,12,220,0,232,0,48,313,3,364,84,0,84,448
02/05/2011,SDL,AZ,AWP,WE,Towers with Radar,0,21,42,0,63,0,5,221,0,226,0,26,263,0,289,206,0,206,495
02/06/2011,SDL,AZ,AWP,WE,Towers with Radar,0,45,68,1,114,0,0,135,0,135,0,45,203,1,249,146,0,146,395
02/07/2011,SDL,AZ,AWP,WE,Towers with Radar,0,54,123,0,177,0,17,171,0,188,0,71,294,0,365,120,0,120,485
02/08/2011,SDL,AZ,AWP,WE,Towers with Radar,0,34,65,0,99,0,7,154,0,161,0,41,219,0,260,215,0,215,475
02/09/2011,SDL,AZ,AWP,WE,Towers with Radar,0,29,84,3,116,0,15,173,0,188,0,44,257,3,304,118,0,118,422
02/10/2011,SDL,AZ,AWP,WE,Towers with Radar,0,36,90,14,140,0,14,208,7,229,0,50,298,21,369,181,21,202,571
02/11/2011,SDL,AZ,AWP,WE,Towers with Radar,0,32,97,16,145,0,13,149,0,162,0,45,246,16,307,232,0,232,539
02/12/2011,SDL,AZ,AWP,WE,Towers with Radar,0,23,45,0,68,0,2,43,0,45,0,25,88,0,113,150,0,150,263
02/13/2011,SDL,AZ,AWP,WE,Towers with Radar,0,30,80,2,112,0,1,146,0,147,0,31,226,2,259,187,0,187,446
02/14/2011,SDL,AZ,AWP,WE,Towers with Radar,0,23,82,0,105,0,6,183,4,193,0,29,265,4,298,181,0,181,479
02/15/2011,SDL,AZ,AWP,WE,Towers with Radar,0,28,79,2,109,0,15,164,3,182,0,43,243,5,291,165,0,165,456
02/16/2011,SDL,AZ,AWP,WE,Towers with Radar,0,44,90,3,137,0,16,155,2,173,0,60,245,5,310,97,2,99,409
02/17/2011,SDL,AZ,AWP,WE,Towers with Radar,0,34,143,1,178,0,12,145,3,160,0,46,288,4,338,130,0,130,468
02/18/2011,SDL,AZ,AWP,WE,Towers with Radar,0,39,116,0,155,0,20,149,0,169,0,59,265,0,324,129,0,129,453
02/19/2011,SDL,AZ,AWP,WE,Towers with Radar,0,41,46,0,87,0,0,15,0,15,0,41,61,0,102,28,0,28,130
02/20/2011,SDL,AZ,AWP,WE,Towers with Radar,0,27,89,0,116,0,0,48,8,56,0,27,137,8,172,61,0,61,233
02/21/2011,SDL,AZ,AWP,WE,Towers with Radar,0,48,136,0,184,0,17,165,8,190,0,65,301,8,374,121,0,121,495
02/22/2011,SDL,AZ,AWP,WE,Towers with Radar,0,26,70,6,102,0,9,180,0,189,0,35,250,6,291,205,0,205,496
02/23/2011,SDL,AZ,AWP,WE,Towers with Radar,0,25,67,0,92,0,19,140,0,159,0,44,207,0,251,117,0,117,368
02/24/2011,SDL,AZ,AWP,WE,Towers with Radar,0,32,91,1,124,0,8,181,2,191,0,40,272,3,315,224,2,226,541
02/25/2011,SDL,AZ,AWP,WE,Towers with Radar,0,38,118,3,159,0,11,188,0,199,0,49,306,3,358,172,0,172,530
02/26/2011,SDL,AZ,AWP,WE,Towers with Radar,0,35,53,1,89,0,5,98,0,103,0,40,151,1,192,178,0,178,370
02/27/2011,SDL,AZ,AWP,WE,Towers with Radar,0,49,107,1,157,0,4,170,0,174,0,53,277,1,331,162,0,162,493
02/28/2011,SDL,AZ,AWP,WE,Towers with Radar,0,23,83,0,106,0,15,119,0,134,0,38,202,0,240,194,0,194,434
03/01/2011,SDL,AZ,AWP,WE,Towers with Radar,0,28,76,2,106,0,5,125,0,130,0,33,201,2,236,196,0,196,432
03/02/2011,SDL,AZ,AWP,WE,Towers with Radar,0,36,87,0,123,0,5,163,0,168,0,41,250,0,291,161,0,161,452
03/03/2011,SDL,AZ,AWP,WE,Towers with Radar,0,46,100,1,147,0,8,157,0,165,0,54,257,1,312,160,0,160,472
03/04/2011,SDL,AZ,AWP,WE,Towers with Radar,0,27,89,0,116,0,13,131,0,144,0,40,220,0,260,118,0,118,378
03/05/2011,SDL,AZ,AWP,WE,Towers with Radar,0,22,69,0,91,0,8,197,0,205,0,30,266,0,296,208,0,208,504
03/06/2011,SDL,AZ,AWP,WE,Towers with Radar,0,48,94,0,142,0,1,164,0,165,0,49,258,0,307,151,0,151,458
03/07/2011,SDL,AZ,AWP,WE,Towers with Radar,0,24,88,0,112,0,2,82,0,84,0,26,170,0,196,109,0,109,305
03/08/2011,SDL,AZ,AWP,WE,Towers with Radar,0,27,76,0,103,0,4,152,0,156,0,31,228,0,259,187,0,187,446
03/09/2011,SDL,AZ,AWP,WE,Towers with Radar,0,37,86,0,123,0,3,169,0,172,0,40,255,0,295,226,0,226,521
03/10/2011,SDL,AZ,AWP,WE,Towers with Radar,0,35,117,0,152,0,12,189,0,201,0,47,306,0,353,238,0,238,591
03/11/2011,SDL,AZ,AWP,WE,Towers with Radar,0,64,100,4,168,0,7,205,2,214,0,71,305,6,382,180,4,184,566
03/12/2011,SDL,AZ,AWP,WE,Towers with Radar,0,36,67,0,103,0,4,146,4,154,0,40,213,4,257,192,0,192,449
03/13/2011,SDL,AZ,AWP,WE,Towers with Radar,0,48,107,0,155,0,7,158,2,167,0,55,265,2,322,140,0,140,462
03/14/2011,SDL,AZ,AWP,WE,Towers with Radar,0,31,68,1,100,0,15,151,0,166,0,46,219,1,266,194,0,194,460
03/15/2011,SDL,AZ,AWP,WE,Towers with Radar,0,20,71,0,91,0,8,151,0,159,0,28,222,0,250,211,0,211,461
03/16/2011,SDL,AZ,AWP,WE,Towers with Radar,0,41,105,0,146,0,4,163,0,167,0,45,268,0,313,150,0,150,463
03/17/2011,SDL,AZ,AWP,WE,Towers with Radar,0,53,113,2,168,0,19,148,0,167,0,72,261,2,335,191,0,191,526
03/18/2011,SDL,AZ,AWP,WE,Towers with Radar,0,31,97,2,130,0,20,161,0,181,0,51,258,2,311,161,0,161,472
03/19/2011,SDL,AZ,AWP,WE,Towers with Radar,0,38,93,0,131,0,4,137,0,141,0,42,230,0,272,295,0,295,567
03/20/2011,SDL,AZ,AWP,WE,Towers with Radar,0,56,134,2,192,0,0,126,0,126,0,56,260,2,318,202,0,202,520
03/21/2011,SDL,AZ,AWP,WE,Towers with Radar,0,39,93,0,132,0,4,70,0,74,0,43,163,0,206,64,0,64,270
03/22/2011,SDL,AZ,AWP,WE,Towers with Radar,0,34,61,0,95,0,8,157,0,165,0,42,218,0,260,213,0,213,473
03/23/2011,SDL,AZ,AWP,WE,Towers with Radar,0,44,103,0,147,0,8,177,0,185,0,52,280,0,332,297,0,297,629
03/24/2011,SDL,AZ,AWP,WE,Towers with Radar,0,39,98,0,137,0,10,155,0,165,0,49,253,0,302,196,0,196,498
03/25/2011,SDL,AZ,AWP,WE,Towers with Radar,0,36,95,0,131,0,26,194,0,220,0,62,289,0,351,274,0,274,625
03/26/2011,SDL,AZ,AWP,WE,Towers with Radar,0,38,81,3,122,0,7,194,0,201,0,45,275,3,323,216,0,216,539
03/27/2011,SDL,AZ,AWP,WE,Towers with Radar,0,51,102,2,155,0,4,123,0,127,0,55,225,2,282,151,8,159,441
03/28/2011,SDL,AZ,AWP,WE,Towers with Radar,0,37,70,1,108,0,18,170,0,188,0,55,240,1,296,170,0,170,466
03/29/2011,SDL,AZ,AWP,WE,Towers with Radar,0,25,79,0,104,0,11,162,0,173,0,36,241,0,277,243,0,243,520
03/30/2011,SDL,AZ,AWP,WE,Towers with Radar,0,43,89,0,132,0,6,164,0,170,0,49,253,0,302,292,0,292,594
03/31/2011,SDL,AZ,AWP,WE,Towers with Radar,0,28,101,0,129,0,9,151,0,160,0,37,252,0,289,229,0,229,518
04/01/2011,SDL,AZ,AWP,WE,Towers with Radar,0,41,93,0,134,0,11,213,0,224,0,52,306,0,358,210,0,210,568
04/02/2011,SDL,AZ,AWP,WE,Towers with Radar,0,29,72,0,101,0,2,171,0,173,0,31,243,0,274,199,0,199,473
04/03/2011,SDL,AZ,AWP,WE,Towers with Radar,0,57,89,0,146,0,6,167,0,173,0,63,256,0,319,160,0,160,479
04/04/2011,SDL,AZ,AWP,WE,Towers with Radar,0,31,66,4,101,0,13,165,3,181,0,44,231,7,282,242,2,244,526
04/05/2011,SDL,AZ,AWP,WE,Towers with Radar,0,34,67,1,102,0,8,166,0,174,0,42,233,1,276,284,0,284,560
04/06/2011,SDL,AZ,AWP,WE,Towers with Radar,0,47,74,0,121,0,4,126,0,130,0,51,200,0,251,150,0,150,401
04/07/2011,SDL,AZ,AWP,WE,Towers with Radar,0,38,62,0,100,0,3,87,0,90,0,41,149,0,190,131,0,131,321
04/08/2011,SDL,AZ,AWP,WE,Towers with Radar,0,24,71,2,97,0,4,119,2,125,0,28,190,4,222,157,0,157,379
04/09/2011,SDL,AZ,AWP,WE,Towers with Radar,0,34,60,2,96,0,4,16,0,20,0,38,76,2,116,22,8,30,146
04/10/2011,SDL,AZ,AWP,WE,Towers with Radar,0,36,55,1,92,0,0,153,2,155,0,36,208,3,247,102,0,102,349
04/11/2011,SDL,AZ,AWP,WE,Towers with Radar,0,28,76,1,105,0,2,152,0,154,0,30,228,1,259,166,0,166,425
04/12/2011,SDL,AZ,AWP,WE,Towers with Radar,0,32,71,0,103,0,0,164,1,165,0,32,235,1,268,188,0,188,456
04/13/2011,SDL,AZ,AWP,WE,Towers with Radar,0,40,88,1,129,0,8,140,1,149,0,48,228,2,278,170,0,170,448
04/14/2011,SDL,AZ,AWP,WE,Towers with Radar,0,28,90,2,120,0,5,134,0,139,0,33,224,2,259,115,0,115,374
04/15/2011,SDL,AZ,AWP,WE,Towers with Radar,0,24,94,4,122,0,7,158,0,165,0,31,252,4,287,155,0,155,442
04/16/2011,SDL,AZ,AWP,WE,Towers with Radar,0,25,70,1,96,0,1,161,0,162,0,26,231,1,258,128,7,135,393
04/17/2011,SDL,AZ,AWP,WE,Towers with Radar,0,49,78,2,129,0,9,134,0,143,0,58,212,2,272,221,2,223,495
04/18/2011,SDL,AZ,AWP,WE,Towers with Radar,0,35,66,0,101,0,4,140,0,144,0,39,206,0,245,181,0,181,426
04/19/2011,SDL,AZ,AWP,WE,Towers with Radar,0,42,73,1,116,0,3,173,6,182,0,45,246,7,298,161,8,169,467
04/20/2011,SDL,AZ,AWP,WE,Towers with Radar,0,29,83,0,112,0,8,159,0,167,0,37,242,0,279,187,0,187,466
04/21/2011,SDL,AZ,AWP,WE,Towers with Radar,0,36,90,0,126,0,4,143,1,148,0,40,233,1,274,136,0,136,410
04/22/2011,SDL,AZ,AWP,WE,Towers with Radar,0,33,90,1,124,0,4,181,0,185,0,37,271,1,309,148,0,148,457
04/23/2011,SDL,AZ,AWP,WE,Towers with Radar,0,18,52,1,71,0,6,169,3,178,0,24,221,4,249,165,1,166,415
04/24/2011,SDL,AZ,AWP,WE,Towers with Radar,0,23,69,2,94,0,1,133,1,135,0,24,202,3,229,110,10,120,349
04/25/2011,SDL,AZ,AWP,WE,Towers with Radar,0,46,125,1,172,0,4,166,0,170,0,50,291,1,342,172,0,172,514
04/26/2011,SDL,AZ,AWP,WE,Towers with Radar,0,19,90,0,109,0,5,108,0,113,0,24,198,0,222,116,0,116,338
04/27/2011,SDL,AZ,AWP,WE,Towers with Radar,0,27,89,2,118,0,12,138,0,150,0,39,227,2,268,189,0,189,457
04/28/2011,SDL,AZ,AWP,WE,Towers with Radar,0,28,102,0,130,0,3,179,0,182,0,31,281,0,312,99,0,99,411
04/29/2011,SDL,AZ,AWP,WE,Towers with Radar,0,26,95,1,122,0,7,150,0,157,0,33,245,1,279,150,0,150,429
04/30/2011,SDL,AZ,AWP,WE,Towers with Radar,0,27,59,1,87,0,12,166,0,178,0,39,225,1,265,149,0,149,414
05/01/2011,SDL,AZ,AWP,WE,Towers with Radar,0,33,112,0,145,0,12,134,0,146,0,45,246,0,291,70,0,70,361
05/02/2011,SDL,AZ,AWP,WE,Towers with Radar,0,26,76,0,102,0,12,135,2,149,0,38,211,2,251,150,2,152,403
05/03/2011,SDL,AZ,AWP,WE,Towers with Radar,0,25,78,0,103,0,7,137,2,146,0,32,215,2,249,156,0,156,405
05/04/2011,SDL,AZ,AWP,WE,Towers with Radar,0,28,96,0,124,0,9,158,0,167,0,37,254,0,291,232,0,232,523
05/05/2011,SDL,AZ,AWP,WE,Towers with Radar,0,36,61,0,97,0,9,150,0,159,0,45,211,0,256,220,0,220,476
05/06/2011,SDL,AZ,AWP,WE,Towers with Radar,0,28,71,3,102,0,6,162,1,169,0,34,233,4,271,116,6,122,393
05/07/2011,SDL,AZ,AWP,WE,Towers with Radar,0,21,54,3,78,0,1,119,0,120,0,22,173,3,198,106,0,106,304
05/08/2011,SDL,AZ,AWP,WE,Towers with Radar,0,25,68,0,93,0,8,76,0,84,0,33,144,0,177,191,0,191,368
05/09/2011,SDL,AZ,AWP,WE,Towers with Radar,0,31,67,0,98,0,10,121,2,133,0,41,188,2,231,130,0,130,361
05/10/2011,SDL,AZ,AWP,WE,Towers with Radar,0,21,60,0,81,0,4,121,0,125,0,25,181,0,206,113,0,113,319
05/11/2011,SDL,AZ,AWP,WE,Towers with Radar,0,33,82,0,115,0,7,106,0,113,0,40,188,0,228,102,0,102,330
05/12/2011,SDL,AZ,AWP,WE,Towers with Radar,0,36,89,0,125,0,11,174,0,185,0,47,263,0,310,94,0,94,404
05/13/2011,SDL,AZ,AWP,WE,Towers with Radar,0,28,91,0,119,0,11,172,0,183,0,39,263,0,302,186,0,186,488
05/14/2011,SDL,AZ,AWP,WE,Towers with Radar,0,24,60,1,85,0,3,168,0,171,0,27,228,1,256,182,0,182,438
05/15/2011,SDL,AZ,AWP,WE,Towers with Radar,0,34,78,0,112,0,5,112,1,118,0,39,190,1,230,155,0,155,385
05/16/2011,SDL,AZ,AWP,WE,Towers with Radar,0,28,65,1,94,0,10,170,1,181,0,38,235,2,275,74,0,74,349
05/17/2011,SDL,AZ,AWP,WE,Towers with Radar,0,18,83,2,103,0,9,148,0,157,0,27,231,2,260,140,0,140,400
05/18/2011,SDL,AZ,AWP,WE,Towers with Radar,0,19,85,1,105,0,6,91,0,97,0,25,176,1,202,97,0,97,299
05/19/2011,SDL,AZ,AWP,WE,Towers with Radar,0,35,105,0,140,0,14,144,2,160,0,49,249,2,300,121,0,121,421
05/20/2011,SDL,AZ,AWP,WE,Towers with Radar,0,22,80,0,102,0,9,167,1,177,0,31,247,1,279,140,0,140,419
05/21/2011,SDL,AZ,AWP,WE,Towers with Radar,0,11,32,0,43,0,10,171,0,181,0,21,203,0,224,137,0,137,361
05/22/2011,SDL,AZ,AWP,WE,Towers with Radar,0,24,71,0,95,0,0,165,0,165,0,24,236,0,260,160,1,161,421
05/23/2011,SDL,AZ,AWP,WE,Towers with Radar,0,21,60,0,81,0,7,138,2,147,0,28,198,2,228,133,0,133,361
05/24/2011,SDL,AZ,AWP,WE,Towers with Radar,0,29,50,0,79,0,3,159,0,162,0,32,209,0,241,146,0,146,387
05/25/2011,SDL,AZ,AWP,WE,Towers with Radar,0,31,97,1,129,0,6,149,3,158,0,37,246,4,287,114,4,118,405
05/26/2011,SDL,AZ,AWP,WE,Towers with Radar,0,40,88,0,128,0,11,126,0,137,0,51,214,0,265,65,0,65,330
05/27/2011,SDL,AZ,AWP,WE,Towers with Radar,0,27,95,2,124,0,14,152,0,166,0,41,247,2,290,97,0,97,387
05/28/2011,SDL,AZ,AWP,WE,Towers with Radar,0,15,36,1,52,0,2,134,0,136,0,17,170,1,188,122,0,122,310
05/29/2011,SDL,AZ,AWP,WE,Towers with Radar,0,21,30,0,51,0,4,66,1,71,0,25,96,1,122,59,0,59,181
05/30/2011,SDL,AZ,AWP,WE,Towers with Radar,0,26,67,2,95,0,2,142,1,145,0,28,209,3,240,102,0,102,342
05/31/2011,SDL,AZ,AWP,WE,Towers with Radar,0,24,64,2,90,0,9,156,1,166,0,33,220,3,256,144,0,144,400
06/01/2011,SDL,AZ,AWP,WE,Towers with Radar,0,26,64,0,90,0,2,149,0,151,0,28,213,0,241,124,0,124,365
06/02/2011,SDL,AZ,AWP,WE,Towers with Radar,0,21,49,0,70,0,11,140,0,151,0,32,189,0,221,73,0,73,294
06/03/2011,SDL,AZ,AWP,WE,Towers with Radar,0,16,64,0,80,0,9,141,0,150,0,25,205,0,230,144,0,144,374
06/04/2011,SDL,AZ,AWP,WE,Towers with Radar,0,16,40,0,56,0,12,152,0,164,0,28,192,0,220,183,0,183,403
06/05/2011,SDL,AZ,AWP,WE,Towers with Radar,0,19,63,0,82,0,7,116,3,126,0,26,179,3,208,180,0,180,388
06/06/2011,SDL,AZ,AWP,WE,Towers with Radar,0,20,61,0,81,0,9,166,0,175,0,29,227,0,256,113,0,113,369
06/07/2011,SDL,AZ,AWP,WE,Towers with Radar,0,22,69,0,91,0,9,165,0,174,0,31,234,0,265,172,0,172,437
06/08/2011,SDL,AZ,AWP,WE,Towers with Radar,0,24,55,4,83,0,13,117,1,131,0,37,172,5,214,51,0,51,265
06/09/2011,SDL,AZ,AWP,WE,Towers with Radar,0,16,52,4,72,0,17,163,0,180,0,33,215,4,252,138,0,138,390
06/10/2011,SDL,AZ,AWP,WE,Towers with Radar,0,27,65,2,94,0,5,182,0,187,0,32,247,2,281,91,0,91,372
06/11/2011,SDL,AZ,AWP,WE,Towers with Radar,0,16,25,0,41,0,6,181,0,187,0,22,206,0,228,219,0,219,447
06/12/2011,SDL,AZ,AWP,WE,Towers with Radar,0,14,69,0,83,0,9,96,0,105,0,23,165,0,188,68,0,68,256
06/13/2011,SDL,AZ,AWP,WE,Towers with Radar,0,5,48,0,53,0,9,130,0,139,0,14,178,0,192,103,0,103,295
06/14/2011,SDL,AZ,AWP,WE,Towers with Radar,0,20,49,0,69,0,8,163,0,171,0,28,212,0,240,144,0,144,384
06/15/2011,SDL,AZ,AWP,WE,Towers with Radar,0,25,56,0,81,0,11,147,0,158,0,36,203,0,239,200,0,200,439
06/16/2011,SDL,AZ,AWP,WE,Towers with Radar,0,18,63,0,81,0,16,147,0,163,0,34,210,0,244,60,0,60,304
06/17/2011,SDL,AZ,AWP,WE,Towers with Radar,0,35,55,2,92,0,11,141,2,154,0,46,196,4,246,98,0,98,344
06/18/2011,SDL,AZ,AWP,WE,Towers with Radar,0,17,31,0,48,0,0,114,0,114,0,17,145,0,162,91,0,91,253
06/19/2011,SDL,AZ,AWP,WE,Towers with Radar,0,29,54,0,83,0,7,150,0,157,0,36,204,0,240,135,0,135,375
06/20/2011,SDL,AZ,AWP,WE,Towers with Radar,0,17,48,0,65,0,6,130,0,136,0,23,178,0,201,106,0,106,307
06/21/2011,SDL,AZ,AWP,WE,Towers with Radar,0,9,41,0,50,0,9,127,0,136,0,18,168,0,186,144,0,144,330
06/22/2011,SDL,AZ,AWP,WE,Towers with Radar,0,21,63,0,84,0,8,149,1,158,0,29,212,1,242,114,0,114,356
06/23/2011,SDL,AZ,AWP,WE,Towers with Radar,0,23,57,2,82,0,8,153,0,161,0,31,210,2,243,75,0,75,318
06/24/2011,SDL,AZ,AWP,WE,Towers with Radar,0,11,50,0,61,0,10,142,0,152,0,21,192,0,213,72,0,72,285
06/25/2011,SDL,AZ,AWP,WE,Towers with Radar,0,8,37,0,45,0,8,111,0,119,0,16,148,0,164,60,0,60,224
06/26/2011,SDL,AZ,AWP,WE,Towers with Radar,0,20,65,0,85,0,11,114,0,125,0,31,179,0,210,82,0,82,292
06/27/2011,SDL,AZ,AWP,WE,Towers with Radar,0,20,42,0,62,0,15,143,5,163,0,35,185,5,225,103,0,103,328
06/28/2011,SDL,AZ,AWP,WE,Towers with Radar,0,19,42,0,61,0,10,117,0,127,0,29,159,0,188,123,0,123,311
06/29/2011,SDL,AZ,AWP,WE,Towers with Radar,0,23,40,2,65,0,17,158,0,175,0,40,198,2,240,116,0,116,356
06/30/2011,SDL,AZ,AWP,WE,Towers with Radar,0,17,74,0,91,0,11,118,0,129,0,28,192,0,220,105,0,105,325
07/01/2011,SDL,AZ,AWP,WE,Towers with Radar,0,27,66,0,93,0,9,165,1,175,0,36,231,1,268,124,0,124,392
07/02/2011,SDL,AZ,AWP,WE,Towers with Radar,0,8,44,0,52,0,12,120,0,132,0,20,164,0,184,129,0,129,313
07/03/2011,SDL,AZ,AWP,WE,Towers with Radar,0,16,26,0,42,0,6,45,0,51,0,22,71,0,93,39,0,39,132
07/04/2011,SDL,AZ,AWP,WE,Towers with Radar,0,4,23,0,27,0,7,87,0,94,0,11,110,0,121,38,0,38,159
07/05/2011,SDL,AZ,AWP,WE,Towers with Radar,0,11,62,0,73,0,10,130,2,142,0,21,192,2,215,72,0,72,287
07/06/2011,SDL,AZ,AWP,WE,Towers with Radar,0,14,44,1,59,0,12,92,6,110,0,26,136,7,169,81,0,81,250
07/07/2011,SDL,AZ,AWP,WE,Towers with Radar,0,15,45,1,61,0,14,100,1,115,0,29,145,2,176,86,0,86,262
07/08/2011,SDL,AZ,AWP,WE,Towers with Radar,0,16,45,0,61,0,12,133,0,145,0,28,178,0,206,76,0,76,282
07/09/2011,SDL,AZ,AWP,WE,Towers with Radar,0,9,35,0,44,0,6,129,0,135,0,15,164,0,179,116,0,116,295
07/10/2011,SDL,AZ,AWP,WE,Towers with Radar,0,26,55,0,81,0,6,63,0,69,0,32,118,0,150,92,0,92,242
07/11/2011,SDL,AZ,AWP,WE,Towers with Radar,0,23,39,1,63,0,7,99,0,106,0,30,138,1,169,54,0,54,223
07/12/2011,SDL,AZ,AWP,WE,Towers with Radar,0,21,55,3,79,0,17,157,0,174,0,38,212,3,253,192,0,192,445
07/13/2011,SDL,AZ,AWP,WE,Towers with Radar,0,17,50,0,67,0,3,143,1,147,0,20,193,1,214,142,0,142,356
07/14/2011,SDL,AZ,AWP,WE,Towers with Radar,0,14,44,2,60,0,2,140,0,142,0,16,184,2,202,170,0,170,372
07/15/2011,SDL,AZ,AWP,WE,Towers with Radar,0,26,47,0,73,0,8,134,7,149,0,34,181,7,222,70,0,70,292
07/16/2011,SDL,AZ,AWP,WE,Towers with Radar,0,7,28,0,35,0,6,161,0,167,0,13,189,0,202,99,0,99,301
07/17/2011,SDL,AZ,AWP,WE,Towers with Radar,0,9,51,0,60,0,8,106,0,114,0,17,157,0,174,150,1,151,325
07/18/2011,SDL,AZ,AWP,WE,Towers with Radar,0,18,53,0,71,0,10,118,2,130,0,28,171,2,201,122,0,122,323
07/19/2011,SDL,AZ,AWP,WE,Towers with Radar,0,13,41,0,54,0,11,130,1,142,0,24,171,1,196,125,0,125,321
07/20/2011,SDL,AZ,AWP,WE,Towers with Radar,0,16,60,0,76,0,17,120,0,137,0,33,180,0,213,140,0,140,353
07/21/2011,SDL,AZ,AWP,WE,Towers with Radar,0,17,59,0,76,0,7,146,0,153,0,24,205,0,229,118,0,118,347
07/22/2011,SDL,AZ,AWP,WE,Towers with Radar,0,15,56,0,71,0,6,126,1,133,0,21,182,1,204,110,0,110,314
07/23/2011,SDL,AZ,AWP,WE,Towers with Radar,0,19,33,1,53,0,12,121,0,133,0,31,154,1,186,120,0,120,306
07/24/2011,SDL,AZ,AWP,WE,Towers with Radar,0,9,31,0,40,0,13,96,0,109,0,22,127,0,149,82,0,82,231
07/25/2011,SDL,AZ,AWP,WE,Towers with Radar,0,18,39,0,57,0,7,87,0,94,0,25,126,0,151,62,0,62,213
07/26/2011,SDL,AZ,AWP,WE,Towers with Radar,0,11,43,0,54,0,5,154,0,159,0,16,197,0,213,162,0,162,375
07/27/2011,SDL,AZ,AWP,WE,Towers with Radar,0,12,44,2,58,0,10,101,3,114,0,22,145,5,172,122,6,128,300
07/28/2011,SDL,AZ,AWP,WE,Towers with Radar,0,17,53,0,70,0,10,145,0,155,0,27,198,0,225,115,0,115,340
07/29/2011,SDL,AZ,AWP,WE,Towers with Radar,0,9,57,1,67,0,9,134,0,143,0,18,191,1,210,182,0,182,392
07/30/2011,SDL,AZ,AWP,WE,Towers with Radar,0,9,32,0,41,0,4,82,0,86,0,13,114,0,127,62,0,62,189
07/31/2011,SDL,AZ,AWP,WE,Towers with Radar,0,15,57,1,73,0,7,137,2,146,0,22,194,3,219,138,0,138,357
08/01/2011,SDL,AZ,AWP,WE,Towers with Radar,0,17,48,0,65,0,6,112,0,118,0,23,160,0,183,129,0,129,312
08/02/2011,SDL,AZ,AWP,WE,Towers with Radar,0,21,41,0,62,0,13,133,0,146,0,34,174,0,208,164,0,164,372
08/03/2011,SDL,AZ,AWP,WE,Towers with Radar,0,20,52,3,75,0,11,133,1,145,0,31,185,4,220,168,2,170,390
08/04/2011,SDL,AZ,AWP,WE,Towers with Radar,0,22,45,0,67,0,11,177,0,188,0,33,222,0,255,140,0,140,395
08/05/2011,SDL,AZ,AWP,WE,Towers with Radar,0,16,37,0,53,0,14,166,0,180,0,30,203,0,233,180,0,180,413
08/06/2011,SDL,AZ,AWP,WE,Towers with Radar,0,13,26,0,39,0,6,132,0,138,0,19,158,0,177,148,0,148,325
08/07/2011,SDL,AZ,AWP,WE,Towers with Radar,0,20,47,1,68,0,0,145,0,145,0,20,192,1,213,166,0,166,379
08/08/2011,SDL,AZ,AWP,WE,Towers with Radar,0,20,37,1,58,0,19,108,0,127,0,39,145,1,185,102,2,104,289
08/09/2011,SDL,AZ,AWP,WE,Towers with Radar,0,12,20,0,32,0,15,100,0,115,0,27,120,0,147,127,0,127,274
08/10/2011,SDL,AZ,AWP,WE,Towers with Radar,0,16,49,0,65,0,12,162,0,174,0,28,211,0,239,112,0,112,351
08/11/2011,SDL,AZ,AWP,WE,Towers with Radar,0,12,47,0,59,0,15,123,1,139,0,27,170,1,198,174,0,174,372
08/12/2011,SDL,AZ,AWP,WE,Towers with Radar,0,18,51,0,69,0,15,125,1,141,0,33,176,1,210,124,0,124,334
08/13/2011,SDL,AZ,AWP,WE,Towers with Radar,0,7,21,0,28,0,10,118,0,128,0,17,139,0,156,110,0,110,266
08/14/2011,SDL,AZ,AWP,WE,Towers with Radar,0,20,57,0,77,0,11,137,0,148,0,31,194,0,225,106,0,106,331
08/15/2011,SDL,AZ,AWP,WE,Towers with Radar,0,20,43,0,63,0,13,126,1,140,0,33,169,1,203,150,0,150,353
08/16/2011,SDL,AZ,AWP,WE,Towers with Radar,0,11,49,0,60,0,23,157,1,181,0,34,206,1,241,136,0,136,377
08/17/2011,SDL,AZ,AWP,WE,Towers with Radar,0,13,64,0,77,0,35,73,0,108,0,48,137,0,185,152,2,154,339
08/18/2011,SDL,AZ,AWP,WE,Towers with Radar,0,19,44,0,63,0,9,116,0,125,0,28,160,0,188,134,0,134,322
08/19/2011,SDL,AZ,AWP,WE,Towers with Radar,0,27,38,1,66,0,12,140,0,152,0,39,178,1,218,120,2,122,340
08/20/2011,SDL,AZ,AWP,WE,Towers with Radar,0,13,29,1,43,0,3,93,0,96,0,16,122,1,139,177,0,177,316
08/21/2011,SDL,AZ,AWP,WE,Towers with Radar,0,13,38,0,51,0,11,93,0,104,0,24,131,0,155,113,0,113,268
08/22/2011,SDL,AZ,AWP,WE,Towers with Radar,0,15,48,0,63,0,17,99,0,116,0,32,147,0,179,216,0,216,395
08/23/2011,SDL,AZ,AWP,WE,Towers with Radar,0,15,45,0,60,0,11,108,4,123,0,26,153,4,183,127,0,127,310
08/24/2011,SDL,AZ,AWP,WE,Towers with Radar,0,17,43,0,60,0,11,117,0,128,0,28,160,0,188,175,0,175,363
08/25/2011,SDL,AZ,AWP,WE,Towers with Radar,0,21,50,0,71,0,5,96,0,101,0,26,146,0,172,147,0,147,319
08/26/2011,SDL,AZ,AWP,WE,Towers with Radar,0,15,37,1,53,0,9,75,0,84,0,24,112,1,137,50,0,50,187
08/27/2011,SDL,AZ,AWP,WE,Towers with Radar,0,15,21,1,37,0,6,111,0,117,0,21,132,1,154,86,0,86,240
08/28/2011,SDL,AZ,AWP,WE,Towers with Radar,0,18,47,0,65,0,10,73,0,83,0,28,120,0,148,95,0,95,243
08/29/2011,SDL,AZ,AWP,WE,Towers with Radar,0,12,30,0,42,0,9,91,0,100,0,21,121,0,142,126,0,126,268
08/30/2011,SDL,AZ,AWP,WE,Towers with Radar,0,9,40,0,49,0,13,115,0,128,0,22,155,0,177,146,0,146,323
08/31/2011,SDL,AZ,AWP,WE,Towers with Radar,0,15,48,4,67,0,10,134,2,146,0,25,182,6,213,139,0,139,352
09/01/2011,SDL,AZ,AWP,WE,Towers with Radar,0,16,50,0,66,0,17,108,0,125,0,33,158,0,191,136,0,136,327
09/02/2011,SDL,AZ,AWP,WE,Towers with Radar,0,17,51,4,72,0,17,108,1,126,0,34,159,5,198,107,14,121,319
09/03/2011,SDL,AZ,AWP,WE,Towers with Radar,0,4,22,2,28,0,18,124,0,142,0,22,146,2,170,112,0,112,282
09/04/2011,SDL,AZ,AWP,WE,Towers with Radar,0,7,21,1,29,0,11,93,0,104,0,18,114,1,133,74,0,74,207
09/05/2011,SDL,AZ,AWP,WE,Towers with Radar,0,17,37,2,56,0,3,106,0,109,0,20,143,2,165,92,0,92,257
09/06/2011,SDL,AZ,AWP,WE,Towers with Radar,0,19,36,0,55,0,12,122,0,134,0,31,158,0,189,233,0,233,422
09/07/2011,SDL,AZ,AWP,WE,Towers with Radar,0,17,41,0,58,0,15,155,0,170,0,32,196,0,228,219,0,219,447
09/08/2011,SDL,AZ,AWP,WE,Towers with Radar,0,22,46,1,69,0,9,128,0,137,0,31,174,1,206,172,0,172,378
09/09/2011,SDL,AZ,AWP,WE,Towers with Radar,0,16,59,0,75,0,20,82,0,102,0,36,141,0,177,42,0,42,219
09/10/2011,SDL,AZ,AWP,WE,Towers with Radar,0,8,31,0,39,0,15,93,0,108,0,23,124,0,147,80,0,80,227
09/11/2011,SDL,AZ,AWP,WE,Towers with Radar,0,20,41,0,61,0,14,127,8,149,0,34,168,8,210,71,0,71,281
09/12/2011,SDL,AZ,AWP,WE,Towers with Radar,0,15,51,0,66,0,11,90,0,101,0,26,141,0,167,147,0,147,314
09/13/2011,SDL,AZ,AWP,WE,Towers with Radar,0,16,51,0,67,0,22,115,0,137,0,38,166,0,204,260,0,260,464
09/14/2011,SDL,AZ,AWP,WE,Towers with Radar,0,15,50,0,65,0,9,122,0,131,0,24,172,0,196,238,0,238,434
09/15/2011,SDL,AZ,AWP,WE,Towers with Radar,0,19,64,1,84,0,18,170,0,188,0,37,234,1,272,264,0,264,536
09/16/2011,SDL,AZ,AWP,WE,Towers with Radar,0,17,71,0,88,0,19,163,3,185,0,36,234,3,273,168,0,168,441
09/17/2011,SDL,AZ,AWP,WE,Towers with Radar,0,14,24,0,38,0,16,123,0,139,0,30,147,0,177,171,0,171,348
09/18/2011,SDL,AZ,AWP,WE,Towers with Radar,0,28,61,0,89,0,7,106,0,113,0,35,167,0,202,142,0,142,344
09/19/2011,SDL,AZ,AWP,WE,Towers with Radar,0,24,48,0,72,0,10,149,0,159,0,34,197,0,231,187,0,187,418
09/20/2011,SDL,AZ,AWP,WE,Towers with Radar,0,20,41,1,62,0,8,126,0,134,0,28,167,1,196,227,0,227,423
09/21/2011,SDL,AZ,AWP,WE,Towers with Radar,0,24,59,1,84,0,9,129,1,139,0,33,188,2,223,198,0,198,421
09/22/2011,SDL,AZ,AWP,WE,Towers with Radar,0,23,69,4,96,0,17,130,0,147,0,40,199,4,243,210,0,210,453
09/23/2011,SDL,AZ,AWP,WE,Towers with Radar,0,23,61,1,85,0,18,145,0,163,0,41,206,1,248,242,0,242,490
09/24/2011,SDL,AZ,AWP,WE,Towers with Radar,0,21,21,1,43,0,17,124,0,141,0,38,145,1,184,154,0,154,338
09/25/2011,SDL,AZ,AWP,WE,Towers with Radar,0,28,81,2,111,0,9,118,0,127,0,37,199,2,238,194,0,194,432
09/26/2011,SDL,AZ,AWP,WE,Towers with Radar,0,24,45,1,70,0,13,137,4,154,0,37,182,5,224,169,0,169,393
09/27/2011,SDL,AZ,AWP,WE,Towers with Radar,0,20,56,2,78,0,15,138,0,153,0,35,194,2,231,221,0,221,452
09/28/2011,SDL,AZ,AWP,WE,Towers with Radar,0,24,61,3,88,0,21,152,0,173,0,45,213,3,261,207,0,207,468
09/29/2011,SDL,AZ,AWP,WE,Towers with Radar,0,29,50,2,81,0,9,172,0,181,0,38,222,2,262,250,0,250,512
09/30/2011,SDL,AZ,AWP,WE,Towers with Radar,0,17,58,0,75,0,20,123,0,143,0,37,181,0,218,162,0,162,380
10/01/2011,SDL,AZ,AWP,WE,Towers with Radar,0,18,37,1,56,0,1,155,0,156,0,19,192,1,212,170,0,170,382
10/02/2011,SDL,AZ,AWP,WE,Towers with Radar,0,21,56,2,79,0,4,141,0,145,0,25,197,2,224,144,0,144,368
10/03/2011,SDL,AZ,AWP,WE,Towers with Radar,0,17,55,2,74,0,8,106,0,114,0,25,161,2,188,47,0,47,235
10/04/2011,SDL,AZ,AWP,WE,Towers with Radar,0,20,47,0,67,0,6,105,0,111,0,26,152,0,178,38,0,38,216
10/05/2011,SDL,AZ,AWP,WE,Towers with Radar,0,20,48,2,70,0,11,137,0,148,0,31,185,2,218,164,0,164,382
10/06/2011,SDL,AZ,AWP,WE,Towers with Radar,0,18,69,0,87,0,7,106,2,115,0,25,175,2,202,185,1,186,388
10/07/2011,SDL,AZ,AWP,WE,Towers with Radar,0,25,75,1,101,0,10,105,0,115,0,35,180,1,216,130,0,130,346
10/08/2011,SDL,AZ,AWP,WE,Towers with Radar,0,21,42,0,63,0,16,136,0,152,0,37,178,0,215,141,0,141,356
10/09/2011,SDL,AZ,AWP,WE,Towers with Radar,0,30,57,2,89,0,3,99,0,102,0,33,156,2,191,82,0,82,273
10/10/2011,SDL,AZ,AWP,WE,Towers with Radar,0,25,56,1,82,0,20,112,0,132,0,45,168,1,214,52,0,52,266
10/11/2011,SDL,AZ,AWP,WE,Towers with Radar,0,28,72,0,100,0,8,155,0,163,0,36,227,0,263,136,0,136,399
10/12/2011,SDL,AZ,AWP,WE,Towers with Radar,0,34,99,0,133,0,12,154,7,173,0,46,253,7,306,185,0,185,491
10/13/2011,SDL,AZ,AWP,WE,Towers with Radar,0,41,74,0,115,0,14,188,2,204,0,55,262,2,319,223,0,223,542
10/14/2011,SDL,AZ,AWP,WE,Towers with Radar,0,24,70,0,94,0,18,157,1,176,0,42,227,1,270,276,0,276,546
10/15/2011,SDL,AZ,AWP,WE,Towers with Radar,0,19,34,0,53,0,6,123,3,132,0,25,157,3,185,180,0,180,365
10/16/2011,SDL,AZ,AWP,WE,Towers with Radar,0,36,85,2,123,0,2,87,0,89,0,38,172,2,212,169,0,169,381
10/17/2011,SDL,AZ,AWP,WE,Towers with Radar,0,24,61,4,89,0,14,126,0,140,0,38,187,4,229,218,0,218,447
10/18/2011,SDL,AZ,AWP,WE,Towers with Radar,0,22,76,0,98,0,16,141,0,157,0,38,217,0,255,232,0,232,487
10/19/2011,SDL,AZ,AWP,WE,Towers with Radar,0,26,87,0,113,0,11,131,0,142,0,37,218,0,255,235,1,236,491
10/20/2011,SDL,AZ,AWP,WE,Towers with Radar,0,40,63,0,103,0,13,159,0,172,0,53,222,0,275,180,0,180,455
10/21/2011,SDL,AZ,AWP,WE,Towers with Radar,0,39,68,1,108,0,11,170,5,186,0,50,238,6,294,166,0,166,460
10/22/2011,SDL,AZ,AWP,WE,Towers with Radar,0,18,56,0,74,0,7,132,5,144,0,25,188,5,218,114,0,114,332
10/23/2011,SDL,AZ,AWP,WE,Towers with Radar,0,40,82,0,122,0,12,122,0,134,0,52,204,0,256,163,0,163,419
10/24/2011,SDL,AZ,AWP,WE,Towers with Radar,0,48,74,4,126,0,12,122,0,134,0,60,196,4,260,138,0,138,398
10/25/2011,SDL,AZ,AWP,WE,Towers with Radar,1,29,68,0,98,0,10,120,0,130,1,39,188,0,228,118,0,118,346
10/26/2011,SDL,AZ,AWP,WE,Towers with Radar,0,38,78,0,116,0,8,118,0,126,0,46,196,0,242,190,0,190,432
10/27/2011,SDL,AZ,AWP,WE,Towers with Radar,0,37,60,0,97,0,8,171,0,179,0,45,231,0,276,136,0,136,412
10/28/2011,SDL,AZ,AWP,WE,Towers with Radar,0,34,88,0,122,0,18,129,0,147,0,52,217,0,269,200,0,200,469
10/29/2011,SDL,AZ,AWP,WE,Towers with Radar,0,14,49,3,66,0,3,138,0,141,0,17,187,3,207,145,0,145,352
10/30/2011,SDL,AZ,AWP,WE,Towers with Radar,0,31,65,0,96,0,1,145,0,146,0,32,210,0,242,165,0,165,407
10/31/2011,SDL,AZ,AWP,WE,Towers with Radar,0,16,41,0,57,0,7,118,0,125,0,23,159,0,182,101,0,101,283
11/01/2011,SDL,AZ,AWP,WE,Towers with Radar,0,36,78,6,120,0,12,100,6,118,0,48,178,12,238,164,0,164,402
11/02/2011,SDL,AZ,AWP,WE,Towers with Radar,0,29,69,3,101,0,14,106,7,127,0,43,175,10,228,102,0,102,330
11/03/2011,SDL,AZ,AWP,WE,Towers with Radar,0,33,70,0,103,0,19,123,2,144,0,52,193,2,247,149,0,149,396
11/04/2011,SDL,AZ,AWP,WE,Towers with Radar,0,29,72,4,105,0,9,91,3,103,0,38,163,7,208,138,6,144,352
11/05/2011,SDL,AZ,AWP,WE,Towers with Radar,0,25,33,1,59,0,8,146,0,154,0,33,179,1,213,190,10,200,413
11/06/2011,SDL,AZ,AWP,WE,Towers with Radar,0,37,80,4,121,0,2,175,18,195,0,39,255,22,316,119,0,119,435
11/07/2011,SDL,AZ,AWP,WE,Towers with Radar,0,20,54,1,75,0,21,98,4,123,0,41,152,5,198,153,0,153,351
11/08/2011,SDL,AZ,AWP,WE,Towers with Radar,0,20,76,0,96,0,15,158,0,173,0,35,234,0,269,224,0,224,493
11/09/2011,SDL,AZ,AWP,WE,Towers with Radar,0,21,77,4,102,0,25,143,0,168,0,46,220,4,270,206,0,206,476
11/10/2011,SDL,AZ,AWP,WE,Towers with Radar,0,29,89,0,118,0,28,140,0,168,0,57,229,0,286,238,0,238,524
11/11/2011,SDL,AZ,AWP,WE,Towers with Radar,0,35,87,0,122,0,27,136,3,166,0,62,223,3,288,144,0,144,432
11/12/2011,SDL,AZ,AWP,WE,Towers with Radar,0,17,44,0,61,0,5,118,0,123,0,22,162,0,184,131,0,131,315
11/13/2011,SDL,AZ,AWP,WE,Towers with Radar,0,39,92,3,134,0,0,69,0,69,0,39,161,3,203,94,0,94,297
11/14/2011,SDL,AZ,AWP,WE,Towers with Radar,0,31,68,2,101,0,11,165,3,179,0,42,233,5,280,170,0,170,450
11/15/2011,SDL,AZ,AWP,WE,Towers with Radar,0,34,86,0,120,0,17,166,0,183,0,51,252,0,303,211,0,211,514
11/16/2011,SDL,AZ,AWP,WE,Towers with Radar,0,34,65,2,101,0,13,148,0,161,0,47,213,2,262,230,0,230,492
11/17/2011,SDL,AZ,AWP,WE,Towers with Radar,0,35,78,2,115,0,5,159,3,167,0,40,237,5,282,231,0,231,513
11/18/2011,SDL,AZ,AWP,WE,Towers with Radar,0,26,61,1,88,0,15,135,0,150,0,41,196,1,238,248,0,248,486
11/19/2011,SDL,AZ,AWP,WE,Towers with Radar,0,19,53,2,74,0,9,111,0,120,0,28,164,2,194,119,0,119,313
11/20/2011,SDL,AZ,AWP,WE,Towers with Radar,0,37,59,0,96,0,1,114,0,115,0,38,173,0,211,216,0,216,427
11/21/2011,SDL,AZ,AWP,WE,Towers with Radar,0,35,44,0,79,0,16,93,0,109,0,51,137,0,188,182,0,182,370
11/22/2011,SDL,AZ,AWP,WE,Towers with Radar,0,32,81,0,113,0,17,139,0,156,0,49,220,0,269,223,0,223,492
11/23/2011,SDL,AZ,AWP,WE,Towers with Radar,0,49,103,1,153,0,16,162,0,178,0,65,265,1,331,163,0,163,494
11/24/2011,SDL,AZ,AWP,WE,Towers with Radar,0,19,20,0,39,0,2,46,0,48,0,21,66,0,87,26,0,26,113
11/25/2011,SDL,AZ,AWP,WE,Towers with Radar,0,19,39,0,58,0,11,151,0,162,0,30,190,0,220,120,0,120,340
11/26/2011,SDL,AZ,AWP,WE,Towers with Radar,0,25,70,0,95,0,8,129,0,137,0,33,199,0,232,107,0,107,339
11/27/2011,SDL,AZ,AWP,WE,Towers with Radar,1,36,147,0,184,0,6,146,0,152,1,42,293,0,336,114,0,114,450
11/28/2011,SDL,AZ,AWP,WE,Towers with Radar,0,28,74,0,102,0,9,137,0,146,0,37,211,0,248,136,0,136,384
11/29/2011,SDL,AZ,AWP,WE,Towers with Radar,0,18,70,2,90,0,3,120,0,123,0,21,190,2,213,196,0,196,409
11/30/2011,SDL,AZ,AWP,WE,Towers with Radar,0,34,91,1,126,0,7,125,0,132,0,41,216,1,258,170,0,170,428
12/01/2011,SDL,AZ,AWP,WE,Towers with Radar,0,29,73,0,102,0,2,115,0,117,0,31,188,0,219,130,0,130,349
12/02/2011,SDL,AZ,AWP,WE,Towers with Radar,0,28,69,0,97,0,0,107,0,107,0,28,176,0,204,168,0,168,372
12/03/2011,SDL,AZ,AWP,WE,Towers with Radar,0,16,61,0,77,0,6,85,4,95,0,22,146,4,172,166,0,166,338
12/04/2011,SDL,AZ,AWP,WE,Towers with Radar,0,32,62,0,94,0,17,124,7,148,0,49,186,7,242,193,0,193,435
12/05/2011,SDL,AZ,AWP,WE,Towers with Radar,0,30,49,0,79,0,5,114,5,124,0,35,163,5,203,162,0,162,365
12/06/2011,SDL,AZ,AWP,WE,Towers with Radar,0,18,54,0,72,0,15,171,0,186,0,33,225,0,258,160,0,160,418
12/07/2011,SDL,AZ,AWP,WE,Towers with Radar,0,20,45,2,67,0,10,179,0,189,0,30,224,2,256,128,0,128,384
12/08/2011,SDL,AZ,AWP,WE,Towers with Radar,0,25,59,2,86,3,7,143,0,153,3,32,202,2,239,136,0,136,375
12/09/2011,SDL,AZ,AWP,WE,Towers with Radar,0,28,62,3,93,0,13,126,0,139,0,41,188,3,232,192,0,192,424
12/10/2011,SDL,AZ,AWP,WE,Towers with Radar,0,16,39,0,55,0,14,160,3,177,0,30,199,3,232,128,26,154,386
12/11/2011,SDL,AZ,AWP,WE,Towers with Radar,0,17,55,1,73,0,7,129,2,138,0,24,184,3,211,188,0,188,399
12/12/2011,SDL,AZ,AWP,WE,Towers with Radar,0,24,70,2,96,0,9,30,0,39,0,33,100,2,135,52,0,52,187
12/13/2011,SDL,AZ,AWP,WE,Towers with Radar,0,35,52,0,87,0,19,64,0,83,0,54,116,0,170,268,0,268,438
12/14/2011,SDL,AZ,AWP,WE,Towers with Radar,0,28,60,2,90,0,14,101,1,116,0,42,161,3,206,226,0,226,432
12/15/2011,SDL,AZ,AWP,WE,Towers with Radar,0,14,49,0,63,0,10,165,4,179,0,24,214,4,242,133,0,133,375
12/16/2011,SDL,AZ,AWP,WE,Towers with Radar,0,25,63,0,88,0,13,124,0,137,0,38,187,0,225,51,0,51,276
12/17/2011,SDL,AZ,AWP,WE,Towers with Radar,0,25,18,0,43,0,6,106,0,112,0,31,124,0,155,102,0,102,257
12/18/2011,SDL,AZ,AWP,WE,Towers with Radar,0,28,44,0,72,0,0,38,0,38,0,28,82,0,110,36,0,36,146
12/19/2011,SDL,AZ,AWP,WE,Towers with Radar,0,27,68,0,95,0,10,76,0,86,0,37,144,0,181,141,0,141,322
12/20/2011,SDL,AZ,AWP,WE,Towers with Radar,0,17,59,6,82,0,8,134,0,142,0,25,193,6,224,230,0,230,454
12/21/2011,SDL,AZ,AWP,WE,Towers with Radar,0,25,50,2,77,0,6,125,0,131,0,31,175,2,208,160,0,160,368
12/22/2011,SDL,AZ,AWP,WE,Towers with Radar,0,28,56,0,84,0,11,149,0,160,0,39,205,0,244,162,0,162,406
12/23/2011,SDL,AZ,AWP,WE,Towers with Radar,0,26,51,0,77,0,16,125,0,141,0,42,176,0,218,113,0,113,331
12/24/2011,SDL,AZ,AWP,WE,Towers with Radar,0,18,25,0,43,0,5,58,0,63,0,23,83,0,106,66,0,66,172
12/25/2011,SDL,AZ,AWP,WE,Towers with Radar,0,15,10,0,25,0,0,32,0,32,0,15,42,0,57,43,0,43,100
12/26/2011,SDL,AZ,AWP,WE,Towers with Radar,0,36,89,0,125,0,6,125,0,131,0,42,214,0,256,92,0,92,348
12/27/2011,SDL,AZ,AWP,WE,Towers with Radar,0,27,87,4,118,0,11,109,0,120,0,38,196,4,238,166,0,166,404
12/28/2011,SDL,AZ,AWP,WE,Towers with Radar,0,32,70,5,107,0,13,137,0,150,0,45,207,5,257,139,0,139,396
12/29/2011,SDL,AZ,AWP,WE,Towers with Radar,0,32,46,0,78,0,20,165,0,185,0,52,211,0,263,127,0,127,390
12/30/2011,SDL,AZ,AWP,WE,Towers with Radar,0,40,76,0,116,0,14,139,1,154,0,54,215,1,270,164,0,164,434
12/31/2011,SDL,AZ,AWP,WE,Towers with Radar,0,29,70,0,99,0,12,112,16,140,0,41,182,16,239,126,0,126,365
01/01/2012,SDL,AZ,AWP,WE,Towers with Radar,0,45,91,0,136,0,6,52,1,59,0,51,143,1,195,110,0,110,305
01/02/2012,SDL,AZ,AWP,WE,Towers with Radar,0,49,95,0,144,0,20,159,0,179,0,69,254,0,323,166,0,166,489
01/03/2012,SDL,AZ,AWP,WE,Towers with Radar,0,75,111,1,187,0,16,152,0,168,0,91,263,1,355,169,0,169,524
01/04/2012,SDL,AZ,AWP,WE,Towers with Radar,0,30,64,1,95,0,11,140,0,151,0,41,204,1,246,132,0,132,378
01/05/2012,SDL,AZ,AWP,WE,Towers with Radar,0,39,56,1,96,0,17,137,0,154,0,56,193,1,250,124,0,124,374
01/06/2012,SDL,AZ,AWP,WE,Towers with Radar,0,34,45,3,82,0,15,138,0,153,0,49,183,3,235,145,0,145,380
01/07/2012,SDL,AZ,AWP,WE,Towers with Radar,0,12,53,0,65,0,10,136,2,148,0,22,189,2,213,171,0,171,384
01/08/2012,SDL,AZ,AWP,WE,Towers with Radar,0,36,55,2,93,0,11,131,0,142,0,47,186,2,235,211,0,211,446
01/09/2012,SDL,AZ,AWP,WE,Towers with Radar,0,31,43,0,74,0,9,134,0,143,0,40,177,0,217,273,0,273,490
01/10/2012,SDL,AZ,AWP,WE,Towers with Radar,0,26,77,0,103,0,15,139,0,154,0,41,216,0,257,292,0,292,549
01/11/2012,SDL,AZ,AWP,WE,Towers with Radar,0,31,80,0,111,0,29,172,0,201,0,60,252,0,312,255,0,255,567
01/12/2012,SDL,AZ,AWP,WE,Towers with Radar,0,37,85,2,124,0,14,128,0,142,0,51,213,2,266,179,0,179,445
01/13/2012,SDL,AZ,AWP,WE,Towers with Radar,0,32,81,2,115,0,17,177,1,195,0,49,258,3,310,212,0,212,522
01/14/2012,SDL,AZ,AWP,WE,Towers with Radar,0,20,39,0,59,0,4,163,1,168,0,24,202,1,227,162,1,163,390
01/15/2012,SDL,AZ,AWP,WE,Towers with Radar,0,29,73,2,104,0,13,77,0,90,0,42,150,2,194,194,0,194,388
01/16/2012,SDL,AZ,AWP,WE,Towers with Radar,0,26,78,0,104,0,4,125,0,129,0,30,203,0,233,254,0,254,487
01/17/2012,SDL,AZ,AWP,WE,Towers with Radar,0,30,84,0,114,0,15,134,0,149,0,45,218,0,263,234,0,234,497
01/18/2012,SDL,AZ,AWP,WE,Towers with Radar,0,36,90,0,126,0,20,169,0,189,0,56,259,0,315,210,0,210,525
01/19/2012,SDL,AZ,AWP,WE,Towers with Radar,0,50,126,2,178,0,27,203,1,231,0,77,329,3,409,182,0,182,591
01/20/2012,SDL,AZ,AWP,WE,Towers with Radar,2,38,96,1,137,0,36,206,0,242,2,74,302,1,379,192,0,192,571
01/21/2012,SDL,AZ,AWP,WE,Towers with Radar,0,22,58,0,80,0,14,161,0,175,0,36,219,0,255,297,0,297,552
01/22/2012,SDL,AZ,AWP,WE,Towers with Radar,0,61,118,0,179,0,17,143,0,160,0,78,261,0,339,98,1,99,438
01/23/2012,SDL,AZ,AWP,WE,Towers with Radar,0,33,80,0,113,0,17,120,0,137,0,50,200,0,250,238,0,238,488
01/24/2012,SDL,AZ,AWP,WE,Towers with Radar,0,24,64,1,89,0,33,100,0,133,0,57,164,1,222,218,0,218,440
01/25/2012,SDL,AZ,AWP,WE,Towers with Radar,0,32,78,0,110,0,12,131,0,143,0,44,209,0,253,157,0,157,410
01/26/2012,SDL,AZ,AWP,WE,Towers with Radar,0,51,84,5,140,0,21,171,0,192,0,72,255,5,332,178,0,178,510
01/27/2012,SDL,AZ,AWP,WE,Towers with Radar,0,33,71,0,104,0,16,127,0,143,0,49,198,0,247,198,0,198,445
01/28/2012,SDL,AZ,AWP,WE,Towers with Radar,0,17,49,1,67,0,20,154,2,176,0,37,203,3,243,192,0,192,435
01/29/2012,SDL,AZ,AWP,WE,Towers with Radar,0,52,81,2,135,0,13,131,2,146,0,65,212,4,281,223,0,223,504
01/30/2012,SDL,AZ,AWP,WE,Towers with Radar,0,35,67,3,105,0,17,132,0,149,0,52,199,3,254,109,0,109,363
01/31/2012,SDL,AZ,AWP,WE,Towers with Radar,0,30,65,0,95,0,9,148,0,157,0,39,213,0,252,161,0,161,413
02/01/2012,SDL,AZ,AWP,WE,Towers with Radar,0,20,91,2,113,0,8,159,0,167,0,28,250,2,280,128,0,128,408
02/02/2012,SDL,AZ,AWP,WE,Towers with Radar,0,27,106,2,135,0,17,177,0,194,0,44,283,2,329,157,0,157,486
02/03/2012,SDL,AZ,AWP,WE,Towers with Radar,0,32,104,0,136,0,26,179,2,207,0,58,283,2,343,166,0,166,509
02/04/2012,SDL,AZ,AWP,WE,Towers with Radar,0,25,57,3,85,0,17,158,0,175,0,42,215,3,260,139,0,139,399
02/05/2012,SDL,AZ,AWP,WE,Towers with Radar,0,43,75,1,119,0,18,89,0,107,0,61,164,1,226,188,0,188,414
02/06/2012,SDL,AZ,AWP,WE,Towers with Radar,0,48,101,0,149,0,19,148,2,169,0,67,249,2,318,144,0,144,462
02/07/2012,SDL,AZ,AWP,WE,Towers with Radar,0,23,67,2,92,0,21,175,0,196,0,44,242,2,288,228,0,228,516
02/08/2012,SDL,AZ,AWP,WE,Towers with Radar,0,31,75,1,107,0,5,128,0,133,0,36,203,1,240,285,0,285,525
02/09/2012,SDL,AZ,AWP,WE,Towers with Radar,0,46,66,3,115,0,15,159,0,174,0,61,225,3,289,240,0,240,529
02/10/2012,SDL,AZ,AWP,WE,Towers with Radar,0,22,72,2,96,0,37,155,0,192,0,59,227,2,288,171,0,171,459
02/11/2012,SDL,AZ,AWP,WE,Towers with Radar,0,26,48,0,74,0,22,135,0,157,0,48,183,0,231,107,0,107,338
02/12/2012,SDL,AZ,AWP,WE,Towers with Radar,0,36,81,2,119,0,15,86,0,101,0,51,167,2,220,139,0,139,359
02/13/2012,SDL,AZ,AWP,WE,Towers with Radar,0,27,50,0,77,0,16,117,1,134,0,43,167,1,211,238,0,238,449
02/14/2012,SDL,AZ,AWP,WE,Towers with Radar,0,22,54,0,76,0,13,94,0,107,0,35,148,0,183,146,0,146,329
02/15/2012,SDL,AZ,AWP,WE,Towers with Radar,1,32,82,1,116,0,11,141,0,152,1,43,223,1,268,223,0,223,491
02/16/2012,SDL,AZ,AWP,WE,Towers with Radar,1,42,123,2,168,0,6,149,0,155,1,48,272,2,323,221,0,221,544
02/17/2012,SDL,AZ,AWP,WE,Towers with Radar,0,46,94,0,140,0,10,148,2,160,0,56,242,2,300,215,0,215,515
02/18/2012,SDL,AZ,AWP,WE,Towers with Radar,0,21,42,1,64,0,11,135,0,146,0,32,177,1,210,268,0,268,478
02/19/2012,SDL,AZ,AWP,WE,Towers with Radar,0,46,87,2,135,0,12,113,0,125,0,58,200,2,260,125,0,125,385
02/20/2012,SDL,AZ,AWP,WE,Towers with Radar,0,36,111,2,149,0,14,188,0,202,0,50,299,2,351,286,0,286,637
02/21/2012,SDL,AZ,AWP,WE,Towers with Radar,0,31,79,0,110,0,15,156,0,171,0,46,235,0,281,212,0,212,493
02/22/2012,SDL,AZ,AWP,WE,Towers with Radar,0,32,88,4,124,0,10,137,0,147,0,42,225,4,271,194,2,196,467
02/23/2012,SDL,AZ,AWP,WE,Towers with Radar,0,41,105,1,147,0,12,225,0,237,0,53,330,1,384,173,0,173,557
02/24/2012,SDL,AZ,AWP,WE,Towers with Radar,0,30,104,2,136,0,19,151,0,170,0,49,255,2,306,193,0,193,499
02/25/2012,SDL,AZ,AWP,WE,Towers with Radar,0,26,43,0,69,0,17,116,0,133,0,43,159,0,202,183,0,183,385
02/26/2012,SDL,AZ,AWP,WE,Towers with Radar,0,49,89,0,138,0,7,122,0,129,0,56,211,0,267,172,0,172,439
02/27/2012,SDL,AZ,AWP,WE,Towers with Radar,0,26,63,0,89,0,16,84,0,100,0,42,147,0,189,124,0,124,313
02/28/2012,SDL,AZ,AWP,WE,Towers with Radar,0,26,75,0,101,0,15,128,0,143,0,41,203,0,244,251,0,251,495
02/29/2012,SDL,AZ,AWP,WE,Towers with Radar,0,30,117,0,147,0,11,146,0,157,0,41,263,0,304,194,0,194,498
03/01/2012,SDL,AZ,AWP,WE,Towers with Radar,0,38,91,0,129,0,10,167,0,177,0,48,258,0,306,258,0,258,564
03/02/2012,SDL,AZ,AWP,WE,Towers with Radar,0,40,77,1,118,0,14,99,0,113,0,54,176,1,231,97,0,97,328
03/03/2012,SDL,AZ,AWP,WE,Towers with Radar,0,26,34,2,62,0,16,131,1,148,0,42,165,3,210,196,0,196,406
03/04/2012,SDL,AZ,AWP,WE,Towers with Radar,0,37,78,0,115,0,16,150,0,166,0,53,228,0,281,134,0,134,415
03/05/2012,SDL,AZ,AWP,WE,Towers with Radar,0,25,63,1,89,0,15,142,0,157,0,40,205,1,246,142,0,142,388
03/06/2012,SDL,AZ,AWP,WE,Towers with Radar,0,30,49,0,79,0,13,92,0,105,0,43,141,0,184,250,0,250,434
03/07/2012,SDL,AZ,AWP,WE,Towers with Radar,0,31,77,0,108,0,14,99,0,113,0,45,176,0,221,150,0,150,371
03/08/2012,SDL,AZ,AWP,WE,Towers with Radar,0,40,70,0,110,0,5,150,0,155,0,45,220,0,265,210,0,210,475
03/09/2012,SDL,AZ,AWP,WE,Towers with Radar,0,43,81,5,129,0,16,121,0,137,0,59,202,5,266,117,0,117,383
03/10/2012,SDL,AZ,AWP,WE,Towers with Radar,0,43,62,0,105,0,20,159,2,181,0,63,221,2,286,172,0,172,458
03/11/2012,SDL,AZ,AWP,WE,Towers with Radar,0,72,101,3,176,0,12,176,0,188,0,84,277,3,364,144,0,144,508
03/12/2012,SDL,AZ,AWP,WE,Towers with Radar,0,39,92,7,138,0,10,75,2,87,0,49,167,9,225,86,0,86,311
03/13/2012,SDL,AZ,AWP,WE,Towers with Radar,0,38,93,2,133,0,10,131,0,141,0,48,224,2,274,276,0,276,550
03/14/2012,SDL,AZ,AWP,WE,Towers with Radar,0,30,93,1,124,0,8,149,0,157,0,38,242,1,281,245,0,245,526
03/15/2012,SDL,AZ,AWP,WE,Towers with Radar,0,56,127,1,184,0,10,138,0,148,0,66,265,1,332,206,0,206,538
03/16/2012,SDL,AZ,AWP,WE,Towers with Radar,0,30,116,2,148,0,28,158,3,189,0,58,274,5,337,200,2,202,539
03/17/2012,SDL,AZ,AWP,WE,Towers with Radar,0,33,65,1,99,0,24,136,0,160,0,57,201,1,259,189,0,189,448
03/18/2012,SDL,AZ,AWP,WE,Towers with Radar,0,47,118,2,167,0,1,26,0,27,0,48,144,2,194,30,0,30,224
03/19/2012,SDL,AZ,AWP,WE,Towers with Radar,0,36,57,2,95,0,14,106,1,121,0,50,163,3,216,236,0,236,452
03/20/2012,SDL,AZ,AWP,WE,Towers with Radar,1,26,94,0,121,0,10,140,4,154,1,36,234,4,275,199,2,201,476
03/21/2012,SDL,AZ,AWP,WE,Towers with Radar,0,33,100,5,138,0,8,129,0,137,0,41,229,5,275,232,0,232,507
03/22/2012,SDL,AZ,AWP,WE,Towers with Radar,0,33,97,3,133,0,22,138,0,160,0,55,235,3,293,235,0,235,528
03/23/2012,SDL,AZ,AWP,WE,Towers with Radar,0,40,102,0,142,0,16,141,0,157,0,56,243,0,299,208,0,208,507
03/24/2012,SDL,AZ,AWP,WE,Towers with Radar,0,29,68,1,98,0,4,131,0,135,0,33,199,1,233,111,0,111,344
03/25/2012,SDL,AZ,AWP,WE,Towers with Radar,0,42,98,1,141,0,17,168,0,185,0,59,266,1,326,223,0,223,549
03/26/2012,SDL,AZ,AWP,WE,Towers with Radar,0,23,81,3,107,0,14,130,0,144,0,37,211,3,251,186,0,186,437
03/27/2012,SDL,AZ,AWP,WE,Towers with Radar,0,24,83,3,110,0,18,184,0,202,0,42,267,3,312,278,0,278,590
03/28/2012,SDL,AZ,AWP,WE,Towers with Radar,0,31,103,5,139,0,9,112,0,121,0,40,215,5,260,208,0,208,468
03/29/2012,SDL,AZ,AWP,WE,Towers with Radar,0,41,95,0,136,0,17,169,0,186,0,58,264,0,322,187,0,187,509
03/30/2012,SDL,AZ,AWP,WE,Towers with Radar,0,32,67,3,102,0,16,168,0,184,0,48,235,3,286,220,0,220,506
03/31/2012,SDL,AZ,AWP,WE,Towers with Radar,0,49,58,0,107,0,9,146,1,156,0,58,204,1,263,266,0,266,529
04/01/2012,SDL,AZ,AWP,WE,Towers with Radar,0,47,101,1,149,0,13,116,0,129,0,60,217,1,278,191,0,191,469
04/02/2012,SDL,AZ,AWP,WE,Towers with Radar,0,29,50,2,81,0,3,132,0,135,0,32,182,2,216,227,0,227,443
04/03/2012,SDL,AZ,AWP,WE,Towers with Radar,0,33,67,0,100,0,13,119,0,132,0,46,186,0,232,294,0,294,526
04/04/2012,SDL,AZ,AWP,WE,Towers with Radar,0,28,80,0,108,0,17,140,0,157,0,45,220,0,265,244,0,244,509
04/05/2012,SDL,AZ,AWP,WE,Towers with Radar,0,30,96,0,126,0,15,166,0,181,0,45,262,0,307,314,0,314,621
04/06/2012,SDL,AZ,AWP,WE,Towers with Radar,0,38,71,0,109,0,9,185,0,194,0,47,256,0,303,206,0,206,509
04/07/2012,SDL,AZ,AWP,WE,Towers with Radar,0,21,59,1,81,0,9,151,0,160,0,30,210,1,241,262,0,262,503
04/08/2012,SDL,AZ,AWP,WE,Towers with Radar,0,25,61,0,86,0,14,90,0,104,0,39,151,0,190,177,0,177,367
04/09/2012,SDL,AZ,AWP,WE,Towers with Radar,0,41,109,0,150,0,18,109,0,127,0,59,218,0,277,266,0,266,543
04/10/2012,SDL,AZ,AWP,WE,Towers with Radar,0,21,80,4,105,0,14,137,0,151,0,35,217,4,256,111,0,111,367
04/11/2012,SDL,AZ,AWP,WE,Towers with Radar,0,27,73,2,102,0,4,124,0,128,0,31,197,2,230,210,0,210,440
04/12/2012,SDL,AZ,AWP,WE,Towers with Radar,0,42,86,2,130,0,4,169,0,173,0,46,255,2,303,212,0,212,515
04/13/2012,SDL,AZ,AWP,WE,Towers with Radar,0,31,86,0,117,0,17,106,0,123,0,48,192,0,240,133,0,133,373
04/14/2012,SDL,AZ,AWP,WE,Towers with Radar,0,30,69,2,101,0,8,81,0,89,0,38,150,2,190,169,0,169,359
04/15/2012,SDL,AZ,AWP,WE,Towers with Radar,0,39,84,2,125,0,15,137,0,152,0,54,221,2,277,239,0,239,516
04/16/2012,SDL,AZ,AWP,WE,Towers with Radar,0,39,51,0,90,0,19,136,0,155,0,58,187,0,245,180,0,180,425
04/17/2012,SDL,AZ,AWP,WE,Towers with Radar,0,36,90,2,128,0,12,134,0,146,0,48,224,2,274,226,0,226,500
04/18/2012,SDL,AZ,AWP,WE,Towers with Radar,0,41,88,0,129,0,7,156,0,163,0,48,244,0,292,182,0,182,474
04/19/2012,SDL,AZ,AWP,WE,Towers with Radar,0,37,85,0,122,0,13,168,0,181,0,50,253,0,303,218,0,218,521
04/20/2012,SDL,AZ,AWP,WE,Towers with Radar,0,44,68,1,113,0,19,134,1,154,0,63,202,2,267,152,0,152,419
04/21/2012,SDL,AZ,AWP,WE,Towers with Radar,0,25,50,0,75,0,8,140,0,148,0,33,190,0,223,164,0,164,387
04/22/2012,SDL,AZ,AWP,WE,Towers with Radar,0,42,83,1,126,0,27,114,0,141,0,69,197,1,267,131,0,131,398
04/23/2012,SDL,AZ,AWP,WE,Towers with Radar,0,32,64,2,98,0,7,119,0,126,0,39,183,2,224,105,0,105,329
04/24/2012,SDL,AZ,AWP,WE,Towers with Radar,0,35,72,0,107,0,13,163,0,176,0,48,235,0,283,226,0,226,509
04/25/2012,SDL,AZ,AWP,WE,Towers with Radar,0,41,85,0,126,0,8,122,0,130,0,49,207,0,256,364,0,364,620
04/26/2012,SDL,AZ,AWP,WE,Towers with Radar,0,44,83,2,129,0,22,108,0,130,0,66,191,2,259,166,0,166,425
04/27/2012,SDL,AZ,AWP,WE,Towers with Radar,0,22,79,0,101,0,20,164,0,184,0,42,243,0,285,124,0,124,409
04/28/2012,SDL,AZ,AWP,WE,Towers with Radar,0,24,44,0,68,0,17,124,0,141,0,41,168,0,209,167,0,167,376
04/29/2012,SDL,AZ,AWP,WE,Towers with Radar,0,41,89,0,130,0,6,107,0,113,0,47,196,0,243,237,0,237,480
04/30/2012,SDL,AZ,AWP,WE,Towers with Radar,0,26,78,0,104,0,15,128,0,143,0,41,206,0,247,249,0,249,496
05/01/2012,SDL,AZ,AWP,WE,Towers with Radar,0,30,73,1,104,0,14,140,0,154,0,44,213,1,258,204,0,204,462
05/02/2012,SDL,AZ,AWP,WE,Towers with Radar,0,20,77,2,99,0,15,189,2,206,0,35,266,4,305,187,0,187,492
05/03/2012,SDL,AZ,AWP,WE,Towers with Radar,0,38,72,0,110,0,16,151,0,167,0,54,223,0,277,132,0,132,409
05/04/2012,SDL,AZ,AWP,WE,Towers with Radar,0,23,84,1,108,0,18,154,2,174,0,41,238,3,282,156,0,156,438
05/05/2012,SDL,AZ,AWP,WE,Towers with Radar,0,24,47,0,71,0,11,148,0,159,0,35,195,0,230,247,0,247,477
05/06/2012,SDL,AZ,AWP,WE,Towers with Radar,0,26,87,1,114,0,18,149,1,168,0,44,236,2,282,165,1,166,448
05/07/2012,SDL,AZ,AWP,WE,Towers with Radar,0,19,62,1,82,0,16,126,2,144,0,35,188,3,226,203,2,205,431
05/08/2012,SDL,AZ,AWP,WE,Towers with Radar,0,35,79,1,115,0,13,138,0,151,0,48,217,1,266,229,0,229,495
05/09/2012,SDL,AZ,AWP,WE,Towers with Radar,0,31,68,3,102,0,22,100,0,122,0,53,168,3,224,130,0,130,354
05/10/2012,SDL,AZ,AWP,WE,Towers with Radar,0,35,75,1,111,0,23,150,0,173,0,58,225,1,284,182,0,182,466
05/11/2012,SDL,AZ,AWP,WE,Towers with Radar,0,25,66,1,92,0,19,138,1,158,0,44,204,2,250,220,0,220,470
05/12/2012,SDL,AZ,AWP,WE,Towers with Radar,0,19,44,1,64,0,11,137,2,150,0,30,181,3,214,205,0,205,419
05/13/2012,SDL,AZ,AWP,WE,Towers with Radar,0,23,59,1,83,0,17,113,0,130,0,40,172,1,213,136,0,136,349
05/14/2012,SDL,AZ,AWP,WE,Towers with Radar,0,21,61,1,83,0,5,149,1,155,0,26,210,2,238,118,0,118,356
05/15/2012,SDL,AZ,AWP,WE,Towers with Radar,0,35,41,4,80,0,18,119,0,137,0,53,160,4,217,242,0,242,459
05/16/2012,SDL,AZ,AWP,WE,Towers with Radar,0,16,59,4,79,0,12,147,0,159,0,28,206,4,238,267,0,267,505
05/17/2012,SDL,AZ,AWP,WE,Towers with Radar,0,27,99,0,126,0,6,148,0,154,0,33,247,0,280,221,0,221,501
05/18/2012,SDL,AZ,AWP,WE,Towers with Radar,0,50,54,3,107,0,19,114,2,135,0,69,168,5,242,111,0,111,353
05/19/2012,SDL,AZ,AWP,WE,Towers with Radar,0,25,33,0,58,0,20,120,1,141,0,45,153,1,199,170,0,170,369
05/20/2012,SDL,AZ,AWP,WE,Towers with Radar,0,25,61,0,86,0,10,125,0,135,0,35,186,0,221,188,0,188,409
05/21/2012,SDL,AZ,AWP,WE,Towers with Radar,0,24,65,3,92,0,14,133,0,147,0,38,198,3,239,86,0,86,325
05/22/2012,SDL,AZ,AWP,WE,Towers with Radar,0,23,63,0,86,0,19,146,0,165,0,42,209,0,251,170,0,170,421
05/23/2012,SDL,AZ,AWP,WE,Towers with Radar,0,24,66,0,90,0,26,112,0,138,0,50,178,0,228,126,0,126,354
05/24/2012,SDL,AZ,AWP,WE,Towers with Radar,0,25,76,0,101,0,10,129,0,139,0,35,205,0,240,100,0,100,340
05/25/2012,SDL,AZ,AWP,WE,Towers with Radar,0,35,75,0,110,0,21,91,0,112,0,56,166,0,222,57,0,57,279
05/26/2012,SDL,AZ,AWP,WE,Towers with Radar,0,14,43,0,57,0,14,112,0,126,0,28,155,0,183,105,0,105,288
05/27/2012,SDL,AZ,AWP,WE,Towers with Radar,0,11,38,0,49,0,5,96,0,101,0,16,134,0,150,60,0,60,210
05/28/2012,SDL,AZ,AWP,WE,Towers with Radar,0,17,48,0,65,0,22,110,0,132,0,39,158,0,197,114,0,114,311
05/29/2012,SDL,AZ,AWP,WE,Towers with Radar,0,28,51,2,81,0,17,130,0,147,0,45,181,2,228,71,0,71,299
05/30/2012,SDL,AZ,AWP,WE,Towers with Radar,0,28,67,1,96,0,12,122,1,135,0,40,189,2,231,156,0,156,387
05/31/2012,SDL,AZ,AWP,WE,Towers with Radar,0,23,65,0,88,0,11,137,2,150,0,34,202,2,238,172,0,172,410
06/01/2012,SDL,AZ,AWP,WE,Towers with Radar,0,29,77,0,106,0,31,115,0,146,0,60,192,0,252,132,0,132,384
06/02/2012,SDL,AZ,AWP,WE,Towers with Radar,0,16,26,0,42,0,17,115,0,132,0,33,141,0,174,212,0,212,386
06/03/2012,SDL,AZ,AWP,WE,Towers with Radar,0,28,60,1,89,0,14,109,0,123,0,42,169,1,212,92,0,92,304
06/04/2012,SDL,AZ,AWP,WE,Towers with Radar,0,32,51,1,84,0,17,154,0,171,0,49,205,1,255,218,0,218,473
06/05/2012,SDL,AZ,AWP,WE,Towers with Radar,0,17,43,2,62,0,16,196,0,212,0,33,239,2,274,221,0,221,495
06/06/2012,SDL,AZ,AWP,WE,Towers with Radar,0,25,71,2,98,0,7,189,0,196,0,32,260,2,294,231,0,231,525
06/07/2012,SDL,AZ,AWP,WE,Towers with Radar,0,22,60,2,84,0,13,134,0,147,0,35,194,2,231,139,0,139,370
06/08/2012,SDL,AZ,AWP,WE,Towers with Radar,1,19,54,2,76,0,23,126,0,149,1,42,180,2,225,149,0,149,374
06/09/2012,SDL,AZ,AWP,WE,Towers with Radar,0,21,34,0,55,0,10,115,0,125,0,31,149,0,180,128,0,128,308
06/10/2012,SDL,AZ,AWP,WE,Towers with Radar,0,23,56,0,79,0,9,135,1,145,0,32,191,1,224,150,0,150,374
06/11/2012,SDL,AZ,AWP,WE,Towers with Radar,0,13,39,2,54,0,10,117,0,127,0,23,156,2,181,156,0,156,337
06/12/2012,SDL,AZ,AWP,WE,Towers with Radar,0,6,46,0,52,0,12,158,0,170,0,18,204,0,222,164,0,164,386
06/13/2012,SDL,AZ,AWP,WE,Towers with Radar,0,25,48,2,75,0,6,154,2,162,0,31,202,4,237,215,0,215,452
06/14/2012,SDL,AZ,AWP,WE,Towers with Radar,0,18,66,0,84,0,4,171,0,175,0,22,237,0,259,170,0,170,429
06/15/2012,SDL,AZ,AWP,WE,Towers with Radar,0,23,59,0,82,0,17,160,0,177,0,40,219,0,259,227,0,227,486
06/16/2012,SDL,AZ,AWP,WE,Towers with Radar,0,18,25,0,43,0,10,118,9,137,0,28,143,9,180,186,0,186,366
06/17/2012,SDL,AZ,AWP,WE,Towers with Radar,0,15,49,1,65,0,13,135,0,148,0,28,184,1,213,89,0,89,302
06/18/2012,SDL,AZ,AWP,WE,Towers with Radar,0,21,48,0,69,0,20,134,0,154,0,41,182,0,223,155,0,155,378
06/19/2012,SDL,AZ,AWP,WE,Towers with Radar,0,20,35,1,56,0,15,164,0,179,0,35,199,1,235,190,0,190,425
06/20/2012,SDL,AZ,AWP,WE,Towers with Radar,0,20,42,1,63,0,15,190,0,205,0,35,232,1,268,114,0,114,382
06/21/2012,SDL,AZ,AWP,WE,Towers with Radar,0,20,61,2,83,0,5,164,0,169,0,25,225,2,252,144,0,144,396
06/22/2012,SDL,AZ,AWP,WE,Towers with Radar,0,19,48,2,69,0,11,173,4,188,0,30,221,6,257,146,0,146,403
06/23/2012,SDL,AZ,AWP,WE,Towers with Radar,0,10,22,0,32,0,5,108,0,113,0,15,130,0,145,83,0,83,228
06/24/2012,SDL,AZ,AWP,WE,Towers with Radar,0,14,48,4,66,0,10,118,0,128,0,24,166,4,194,75,0,75,269
06/25/2012,SDL,AZ,AWP,WE,Towers with Radar,0,23,48,1,72,0,13,130,0,143,0,36,178,1,215,97,0,97,312
06/26/2012,SDL,AZ,AWP,WE,Towers with Radar,0,26,50,1,77,0,20,164,0,184,0,46,214,1,261,86,0,86,347
06/27/2012,SDL,AZ,AWP,WE,Towers with Radar,0,13,41,0,54,0,11,148,0,159,0,24,189,0,213,113,0,113,326
06/28/2012,SDL,AZ,AWP,WE,Towers with Radar,0,22,68,2,92,0,3,180,0,183,0,25,248,2,275,108,0,108,383
06/29/2012,SDL,AZ,AWP,WE,Towers with Radar,0,29,48,0,77,0,15,151,0,166,0,44,199,0,243,98,0,98,341
06/30/2012,SDL,AZ,AWP,WE,Towers with Radar,0,20,48,0,68,0,7,123,0,130,0,27,171,0,198,96,0,96,294
07/01/2012,SDL,AZ,AWP,WE,Towers with Radar,0,14,23,0,37,0,15,119,0,134,0,29,142,0,171,52,0,52,223
07/02/2012,SDL,AZ,AWP,WE,Towers with Radar,0,10,29,0,39,0,17,142,0,159,0,27,171,0,198,168,0,168,366
07/03/2012,SDL,AZ,AWP,WE,Towers with Radar,0,15,23,0,38,0,5,151,0,156,0,20,174,0,194,122,0,122,316
07/04/2012,SDL,AZ,AWP,WE,Towers with Radar,0,9,14,0,23,0,5,50,0,55,0,14,64,0,78,51,0,51,129
07/05/2012,SDL,AZ,AWP,WE,Towers with Radar,0,6,21,0,27,0,9,109,0,118,0,15,130,0,145,106,0,106,251
07/06/2012,SDL,AZ,AWP,WE,Towers with Radar,0,13,18,1,32,0,18,103,0,121,0,31,121,1,153,110,0,110,263
07/07/2012,SDL,AZ,AWP,WE,Towers with Radar,0,10,36,1,47,0,9,88,0,97,0,19,124,1,144,128,0,128,272
07/08/2012,SDL,AZ,AWP,WE,Towers with Radar,0,21,52,0,73,0,7,81,0,88,0,28,133,0,161,89,0,89,250
07/09/2012,SDL,AZ,AWP,WE,Towers with Radar,0,18,19,0,37,0,16,134,0,150,0,34,153,0,187,64,0,64,251
07/10/2012,SDL,AZ,AWP,WE,Towers with Radar,0,14,49,0,63,0,23,147,0,170,0,37,196,0,233,72,0,72,305
07/11/2012,SDL,AZ,AWP,WE,Towers with Radar,0,13,46,1,60,0,13,116,0,129,0,26,162,1,189,135,0,135,324
07/12/2012,SDL,AZ,AWP,WE,Towers with Radar,0,10,51,0,61,0,6,137,0,143,0,16,188,0,204,143,0,143,347
07/13/2012,SDL,AZ,AWP,WE,Towers with Radar,0,21,46,1,68,0,20,108,5,133,0,41,154,6,201,112,0,112,313
07/14/2012,SDL,AZ,AWP,WE,Towers with Radar,0,16,14,1,31,0,4,97,0,101,0,20,111,1,132,88,0,88,220
07/15/2012,SDL,AZ,AWP,WE,Towers with Radar,0,20,31,0,51,0,11,115,0,126,0,31,146,0,177,160,0,160,337
07/16/2012,SDL,AZ,AWP,WE,Towers with Radar,0,20,30,0,50,0,10,131,0,141,0,30,161,0,191,184,0,184,375
07/17/2012,SDL,AZ,AWP,WE,Towers with Radar,0,11,40,0,51,0,19,185,0,204,0,30,225,0,255,228,0,228,483
07/18/2012,SDL,AZ,AWP,WE,Towers with Radar,0,15,54,2,71,0,16,122,0,138,0,31,176,2,209,282,0,282,491
07/19/2012,SDL,AZ,AWP,WE,Towers with Radar,0,22,43,1,66,0,18,151,0,169,0,40,194,1,235,216,0,216,451
07/20/2012,SDL,AZ,AWP,WE,Towers with Radar,0,29,60,1,90,0,17,124,2,143,0,46,184,3,233,149,0,149,382
07/21/2012,SDL,AZ,AWP,WE,Towers with Radar,0,9,25,1,35,0,11,82,0,93,0,20,107,1,128,80,0,80,208
07/22/2012,SDL,AZ,AWP,WE,Towers with Radar,0,19,52,1,72,0,12,92,0,104,0,31,144,1,176,104,0,104,280
07/23/2012,SDL,AZ,AWP,WE,Towers with Radar,0,14,41,0,55,0,17,121,0,138,0,31,162,0,193,184,0,184,377
07/24/2012,SDL,AZ,AWP,WE,Towers with Radar,0,18,42,0,60,0,12,123,0,135,0,30,165,0,195,194,0,194,389
07/25/2012,SDL,AZ,AWP,WE,Towers with Radar,0,18,61,2,81,0,6,139,0,145,0,24,200,2,226,204,0,204,430
07/26/2012,SDL,AZ,AWP,WE,Towers with Radar,0,6,55,0,61,0,16,145,0,161,0,22,200,0,222,166,0,166,388
07/27/2012,SDL,AZ,AWP,WE,Towers with Radar,0,22,49,0,71,0,11,138,0,149,0,33,187,0,220,127,0,127,347
07/28/2012,SDL,AZ,AWP,WE,Towers with Radar,0,7,28,0,35,0,10,113,0,123,0,17,141,0,158,112,0,112,270
07/29/2012,SDL,AZ,AWP,WE,Towers with Radar,0,20,58,0,78,0,15,88,0,103,0,35,146,0,181,58,0,58,239
07/30/2012,SDL,AZ,AWP,WE,Towers with Radar,0,9,40,0,49,0,25,134,0,159,0,34,174,0,208,178,0,178,386
07/31/2012,SDL,AZ,AWP,WE,Towers with Radar,0,11,40,1,52,0,10,121,0,131,0,21,161,1,183,194,0,194,377
08/01/2012,SDL,AZ,AWP,WE,Towers with Radar,0,18,41,0,59,0,15,159,0,174,0,33,200,0,233,224,0,224,457
08/02/2012,SDL,AZ,AWP,WE,Towers with Radar,0,21,46,0,67,0,16,166,0,182,0,37,212,0,249,105,2,107,356
08/03/2012,SDL,AZ,AWP,WE,Towers with Radar,0,19,50,0,69,0,7,140,0,147,0,26,190,0,216,140,0,140,356
08/04/2012,SDL,AZ,AWP,WE,Towers with Radar,0,9,24,0,33,0,6,104,0,110,0,15,128,0,143,184,0,184,327
08/05/2012,SDL,AZ,AWP,WE,Towers with Radar,0,12,44,0,56,0,5,116,0,121,0,17,160,0,177,160,0,160,337
08/06/2012,SDL,AZ,AWP,WE,Towers with Radar,0,15,32,0,47,0,11,114,0,125,0,26,146,0,172,114,0,114,286
08/07/2012,SDL,AZ,AWP,WE,Towers with Radar,0,23,51,0,74,0,15,141,0,156,0,38,192,0,230,219,0,219,449
08/08/2012,SDL,AZ,AWP,WE,Towers with Radar,0,10,43,4,57,0,11,158,0,169,0,21,201,4,226,155,0,155,381
08/09/2012,SDL,AZ,AWP,WE,Towers with Radar,0,21,38,0,59,0,6,134,2,142,0,27,172,2,201,199,0,199,400
08/10/2012,SDL,AZ,AWP,WE,Towers with Radar,0,22,47,0,69,0,6,144,0,150,0,28,191,0,219,158,0,158,377
08/11/2012,SDL,AZ,AWP,WE,Towers with Radar,0,10,34,0,44,0,14,116,0,130,0,24,150,0,174,105,0,105,279
08/12/2012,SDL,AZ,AWP,WE,Towers with Radar,0,17,62,0,79,0,5,78,0,83,0,22,140,0,162,52,0,52,214
08/13/2012,SDL,AZ,AWP,WE,Towers with Radar,0,20,45,0,65,0,19,132,0,151,0,39,177,0,216,234,0,234,450
08/14/2012,SDL,AZ,AWP,WE,Towers with Radar,0,24,29,1,54,0,16,128,0,144,0,40,157,1,198,186,0,186,384
08/15/2012,SDL,AZ,AWP,WE,Towers with Radar,0,21,55,0,76,0,19,128,0,147,0,40,183,0,223,209,0,209,432
08/16/2012,SDL,AZ,AWP,WE,Towers with Radar,0,15,39,0,54,0,3,155,0,158,0,18,194,0,212,211,0,211,423
08/17/2012,SDL,AZ,AWP,WE,Towers with Radar,0,24,38,0,62,0,19,169,0,188,0,43,207,0,250,196,0,196,446
08/18/2012,SDL,AZ,AWP,WE,Towers with Radar,0,13,24,1,38,0,6,147,4,157,0,19,171,5,195,166,4,170,365
08/19/2012,SDL,AZ,AWP,WE,Towers with Radar,0,14,46,0,60,0,6,113,11,130,0,20,159,11,190,48,0,48,238
08/20/2012,SDL,AZ,AWP,WE,Towers with Radar,0,24,39,0,63,0,7,140,0,147,0,31,179,0,210,174,0,174,384
08/21/2012,SDL,AZ,AWP,WE,Towers with Radar,0,16,57,1,74,0,26,142,0,168,0,42,199,1,242,176,0,176,418
08/22/2012,SDL,AZ,AWP,WE,Towers with Radar,0,12,49,0,61,0,7,119,0,126,0,19,168,0,187,125,0,125,312
08/23/2012,SDL,AZ,AWP,WE,Towers with Radar,0,18,57,0,75,0,16,131,0,147,0,34,188,0,222,126,0,126,348
08/24/2012,SDL,AZ,AWP,WE,Towers with Radar,0,28,39,0,67,0,10,86,0,96,0,38,125,0,163,136,0,136,299
08/25/2012,SDL,AZ,AWP,WE,Towers with Radar,0,11,30,0,41,0,8,111,0,119,0,19,141,0,160,183,0,183,343
08/26/2012,SDL,AZ,AWP,WE,Towers with Radar,0,19,44,0,63,0,8,89,0,97,0,27,133,0,160,55,0,55,215
08/27/2012,SDL,AZ,AWP,WE,Towers with Radar,0,16,40,0,56,0,14,110,2,126,0,30,150,2,182,148,0,148,330
08/28/2012,SDL,AZ,AWP,WE,Towers with Radar,0,10,44,0,54,0,16,138,0,154,0,26,182,0,208,181,0,181,389
08/29/2012,SDL,AZ,AWP,WE,Towers with Radar,0,16,48,0,64,0,11,137,0,148,0,27,185,0,212,118,0,118,330
08/30/2012,SDL,AZ,AWP,WE,Towers with Radar,0,37,52,0,89,0,11,149,0,160,0,48,201,0,249,200,0,200,449
08/31/2012,SDL,AZ,AWP,WE,Towers with Radar,0,29,64,0,93,0,13,116,0,129,0,42,180,0,222,154,0,154,376
09/01/2012,SDL,AZ,AWP,WE,Towers with Radar,0,13,33,0,46,0,12,82,0,94,0,25,115,0,140,87,0,87,227
09/02/2012,SDL,AZ,AWP,WE,Towers with Radar,0,9,24,0,33,0,12,82,0,94,0,21,106,0,127,58,0,58,185
09/03/2012,SDL,AZ,AWP,WE,Towers with Radar,0,32,60,0,92,0,13,97,0,110,0,45,157,0,202,88,0,88,290
09/04/2012,SDL,AZ,AWP,WE,Towers with Radar,0,25,35,0,60,0,19,153,0,172,0,44,188,0,232,173,0,173,405
09/05/2012,SDL,AZ,AWP,WE,Towers with Radar,1,12,44,0,57,0,17,150,0,167,1,29,194,0,224,140,0,140,364
09/06/2012,SDL,AZ,AWP,WE,Towers with Radar,0,14,46,0,60,0,11,130,0,141,0,25,176,0,201,98,0,98,299
09/07/2012,SDL,AZ,AWP,WE,Towers with Radar,0,21,53,0,74,0,11,70,0,81,0,32,123,0,155,42,0,42,197
09/08/2012,SDL,AZ,AWP,WE,Towers with Radar,0,10,23,1,34,0,12,87,0,99,0,22,110,1,133,41,0,41,174
09/09/2012,SDL,AZ,AWP,WE,Towers with Radar,0,22,59,0,81,0,5,101,0,106,0,27,160,0,187,92,0,92,279
09/10/2012,SDL,AZ,AWP,WE,Towers with Radar,0,13,56,1,70,0,15,103,1,119,0,28,159,2,189,100,0,100,289
09/11/2012,SDL,AZ,AWP,WE,Towers with Radar,0,20,43,0,63,0,8,107,0,115,0,28,150,0,178,130,0,130,308
09/12/2012,SDL,AZ,AWP,WE,Towers with Radar,0,16,63,4,83,0,10,142,0,152,0,26,205,4,235,124,0,124,359
09/13/2012,SDL,AZ,AWP,WE,Towers with Radar,0,19,58,2,79,0,9,144,0,153,0,28,202,2,232,184,0,184,416
09/14/2012,SDL,AZ,AWP,WE,Towers with Radar,0,20,52,1,73,0,15,104,1,120,0,35,156,2,193,118,0,118,311
09/15/2012,SDL,AZ,AWP,WE,Towers with Radar,0,15,21,0,36,0,8,100,2,110,0,23,121,2,146,130,0,130,276
09/16/2012,SDL,AZ,AWP,WE,Towers with Radar,0,21,37,1,59,0,3,129,0,132,0,24,166,1,191,183,0,183,374
09/17/2012,SDL,AZ,AWP,WE,Towers with Radar,0,24,41,1,66,0,17,100,0,117,0,41,141,1,183,123,0,123,306
09/18/2012,SDL,AZ,AWP,WE,Towers with Radar,0,17,44,1,62,0,24,152,0,176,0,41,196,1,238,207,0,207,445
09/19/2012,SDL,AZ,AWP,WE,Towers with Radar,0,17,52,0,69,0,24,146,0,170,0,41,198,0,239,163,0,163,402
09/20/2012,SDL,AZ,AWP,WE,Towers with Radar,0,30,54,0,84,0,4,145,0,149,0,34,199,0,233,196,0,196,429
09/21/2012,SDL,AZ,AWP,WE,Towers with Radar,0,16,63,0,79,0,7,127,0,134,0,23,190,0,213,126,0,126,339
09/22/2012,SDL,AZ,AWP,WE,Towers with Radar,0,9,29,0,38,0,9,130,2,141,0,18,159,2,179,155,0,155,334
09/23/2012,SDL,AZ,AWP,WE,Towers with Radar,0,23,67,1,91,0,0,91,0,91,0,23,158,1,182,88,0,88,270
09/24/2012,SDL,AZ,AWP,WE,Towers with Radar,0,14,32,0,46,0,13,162,0,175,0,27,194,0,221,180,0,180,401
09/25/2012,SDL,AZ,AWP,WE,Towers with Radar,0,20,38,0,58,0,12,175,0,187,0,32,213,0,245,210,0,210,455
09/26/2012,SDL,AZ,AWP,WE,Towers with Radar,0,17,64,0,81,0,11,135,0,146,0,28,199,0,227,155,0,155,382
09/27/2012,SDL,AZ,AWP,WE,Towers with Radar,0,20,52,0,72,0,9,167,0,176,0,29,219,0,248,228,0,228,476
09/28/2012,SDL,AZ,AWP,WE,Towers with Radar,0,22,58,1,81,0,16,122,4,142,0,38,180,5,223,144,0,144,367
09/29/2012,SDL,AZ,AWP,WE,Towers with Radar,0,14,49,0,63,0,8,101,0,109,0,22,150,0,172,130,0,130,302
09/30/2012,SDL,AZ,AWP,WE,Towers with Radar,0,17,69,0,86,0,0,107,0,107,0,17,176,0,193,200,0,200,393
10/01/2012,SDL,AZ,AWP,WE,Towers with Radar,0,25,45,0,70,0,13,139,0,152,0,38,184,0,222,198,0,198,420
10/02/2012,SDL,AZ,AWP,WE,Towers with Radar,0,15,57,0,72,0,27,170,6,203,0,42,227,6,275,192,0,192,467
10/03/2012,SDL,AZ,AWP,WE,Towers with Radar,0,19,52,4,75,0,12,149,22,183,0,31,201,26,258,201,0,201,459
10/04/2012,SDL,AZ,AWP,WE,Towers with Radar,0,22,62,5,89,0,13,138,1,152,0,35,200,6,241,119,1,120,361
10/05/2012,SDL,AZ,AWP,WE,Towers with Radar,0,24,63,2,89,0,14,152,1,167,0,38,215,3,256,135,0,135,391
10/06/2012,SDL,AZ,AWP,WE,Towers with Radar,0,9,32,1,42,0,23,90,2,115,0,32,122,3,157,192,16,208,365
10/07/2012,SDL,AZ,AWP,WE,Towers with Radar,0,26,71,2,99,0,15,87,1,103,0,41,158,3,202,195,0,195,397
10/08/2012,SDL,AZ,AWP,WE,Towers with Radar,0,22,39,0,61,0,14,131,0,145,0,36,170,0,206,225,0,225,431
10/09/2012,SDL,AZ,AWP,WE,Towers with Radar,0,22,71,0,93,0,13,131,3,147,0,35,202,3,240,150,0,150,390
10/10/2012,SDL,AZ,AWP,WE,Towers with Radar,0,40,88,0,128,0,14,166,0,180,0,54,254,0,308,152,0,152,460
10/11/2012,SDL,AZ,AWP,WE,Towers with Radar,0,38,66,0,104,0,7,90,0,97,0,45,156,0,201,116,0,116,317
10/12/2012,SDL,AZ,AWP,WE,Towers with Radar,0,26,76,0,102,0,14,125,1,140,0,40,201,1,242,172,0,172,414
10/13/2012,SDL,AZ,AWP,WE,Towers with Radar,0,29,36,0,65,0,9,103,2,114,0,38,139,2,179,141,0,141,320
10/14/2012,SDL,AZ,AWP,WE,Towers with Radar,0,34,78,3,115,0,16,91,1,108,0,50,169,4,223,159,0,159,382
10/15/2012,SDL,AZ,AWP,WE,Towers with Radar,0,26,61,5,92,0,19,134,0,153,0,45,195,5,245,160,0,160,405
10/16/2012,SDL,AZ,AWP,WE,Towers with Radar,0,40,74,2,116,0,15,134,0,149,0,55,208,2,265,192,0,192,457
10/17/2012,SDL,AZ,AWP,WE,Towers with Radar,0,34,88,3,125,0,16,118,0,134,0,50,206,3,259,174,0,174,433
10/18/2012,SDL,AZ,AWP,WE,Towers with Radar,0,37,74,2,113,0,19,151,0,170,0,56,225,2,283,186,0,186,469
10/19/2012,SDL,AZ,AWP,WE,Towers with Radar,0,34,77,0,111,0,25,160,0,185,0,59,237,0,296,157,0,157,453
10/20/2012,SDL,AZ,AWP,WE,Towers with Radar,0,18,38,0,56,0,14,109,1,124,0,32,147,1,180,86,0,86,266
10/21/2012,SDL,AZ,AWP,WE,Towers with Radar,0,24,75,0,99,0,7,105,0,112,0,31,180,0,211,151,0,151,362
10/22/2012,SDL,AZ,AWP,WE,Towers with Radar,0,18,58,0,76,0,18,102,0,120,0,36,160,0,196,119,0,119,315
10/23/2012,SDL,AZ,AWP,WE,Towers with Radar,0,20,53,3,76,0,15,146,0,161,0,35,199,3,237,213,0,213,450
10/24/2012,SDL,AZ,AWP,WE,Towers with Radar,0,26,60,2,88,0,18,175,0,193,0,44,235,2,281,142,0,142,423
10/25/2012,SDL,AZ,AWP,WE,Towers with Radar,0,26,65,2,93,0,25,146,0,171,0,51,211,2,264,312,0,312,576
10/26/2012,SDL,AZ,AWP,WE,Towers with Radar,0,35,70,2,107,0,14,131,1,146,0,49,201,3,253,178,0,178,431
10/27/2012,SDL,AZ,AWP,WE,Towers with Radar,0,12,41,0,53,0,18,134,0,152,0,30,175,0,205,74,0,74,279
10/28/2012,SDL,AZ,AWP,WE,Towers with Radar,0,39,69,1,109,0,2,86,3,91,0,41,155,4,200,56,0,56,256
10/29/2012,SDL,AZ,AWP,WE,Towers with Radar,0,33,75,0,108,0,24,160,0,184,0,57,235,0,292,144,0,144,436
10/30/2012,SDL,AZ,AWP,WE,Towers with Radar,0,32,63,2,97,0,31,293,0,324,0,63,356,2,421,428,0,428,849
10/31/2012,SDL,AZ,AWP,WE,Towers with Radar,0,16,78,0,94,0,10,172,0,182,0,26,250,0,276,190,0,190,466
11/01/2012,SDL,AZ,AWP,WE,Towers with Radar,0,35,88,0,123,0,14,164,0,178,0,49,252,0,301,132,0,132,433
11/02/2012,SDL,AZ,AWP,WE,Towers with Radar,0,20,74,3,97,0,23,132,5,160,0,43,206,8,257,151,0,151,408
11/03/2012,SDL,AZ,AWP,WE,Towers with Radar,0,24,42,1,67,0,11,93,11,115,0,35,135,12,182,57,8,65,247
11/04/2012,SDL,AZ,AWP,WE,Towers with Radar,0,30,83,1,114,0,12,126,8,146,0,42,209,9,260,103,30,133,393
11/05/2012,SDL,AZ,AWP,WE,Towers with Radar,0,18,70,1,89,0,20,126,0,146,0,38,196,1,235,170,0,170,405
11/06/2012,SDL,AZ,AWP,WE,Towers with Radar,0,23,58,0,81,0,14,132,0,146,0,37,190,0,227,157,0,157,384
11/07/2012,SDL,AZ,AWP,WE,Towers with Radar,0,32,100,0,132,0,20,147,0,167,0,52,247,0,299,252,0,252,551
11/08/2012,SDL,AZ,AWP,WE,Towers with Radar,0,35,101,0,136,0,11,134,0,145,0,46,235,0,281,228,0,228,509
11/09/2012,SDL,AZ,AWP,WE,Towers with Radar,0,30,100,1,131,0,6,91,1,98,0,36,191,2,229,214,0,214,443
11/10/2012,SDL,AZ,AWP,WE,Towers with Radar,0,31,64,0,95,0,5,101,2,108,0,36,165,2,203,163,0,163,366
11/11/2012,SDL,AZ,AWP,WE,Towers with Radar,0,38,110,0,148,0,18,137,4,159,0,56,247,4,307,164,0,164,471
11/12/2012,SDL,AZ,AWP,WE,Towers with Radar,0,30,112,1,143,0,25,135,2,162,0,55,247,3,305,232,0,232,537
11/13/2012,SDL,AZ,AWP,WE,Towers with Radar,0,27,90,0,117,0,10,154,0,164,0,37,244,0,281,170,0,170,451
11/14/2012,SDL,AZ,AWP,WE,Towers with Radar,0,32,93,0,125,0,13,154,0,167,0,45,247,0,292,168,0,168,460
11/15/2012,SDL,AZ,AWP,WE,Towers with Radar,0,31,85,0,116,0,21,159,6,186,0,52,244,6,302,251,0,251,553
11/16/2012,SDL,AZ,AWP,WE,Towers with Radar,0,22,87,3,112,0,26,178,1,205,0,48,265,4,317,269,0,269,586
11/17/2012,SDL,AZ,AWP,WE,Towers with Radar,0,33,61,0,94,0,8,134,0,142,0,41,195,0,236,170,0,170,406
11/18/2012,SDL,AZ,AWP,WE,Towers with Radar,0,34,82,2,118,0,16,123,0,139,0,50,205,2,257,116,0,116,373
11/19/2012,SDL,AZ,AWP,WE,Towers with Radar,0,22,58,0,80,0,12,125,0,137,0,34,183,0,217,175,0,175,392
11/20/2012,SDL,AZ,AWP,WE,Towers with Radar,0,33,88,0,121,0,11,121,0,132,0,44,209,0,253,174,0,174,427
11/21/2012,SDL,AZ,AWP,WE,Towers with Radar,0,36,94,2,132,0,6,146,0,152,0,42,240,2,284,183,0,183,467
11/22/2012,SDL,AZ,AWP,WE,Towers with Radar,0,19,21,0,40,0,2,46,0,48,0,21,67,0,88,28,0,28,116
11/23/2012,SDL,AZ,AWP,WE,Towers with Radar,0,19,43,0,62,0,15,128,0,143,0,34,171,0,205,80,0,80,285
11/24/2012,SDL,AZ,AWP,WE,Towers with Radar,0,30,45,0,75,0,2,104,0,106,0,32,149,0,181,114,0,114,295
11/25/2012,SDL,AZ,AWP,WE,Towers with Radar,0,57,131,0,188,0,2,99,2,103,0,59,230,2,291,142,0,142,433
11/26/2012,SDL,AZ,AWP,WE,Towers with Radar,0,21,81,0,102,0,16,100,0,116,0,37,181,0,218,185,0,185,403
11/27/2012,SDL,AZ,AWP,WE,Towers with Radar,1,23,66,0,90,0,11,141,0,152,1,34,207,0,242,172,0,172,414
11/28/2012,SDL,AZ,AWP,WE,Towers with Radar,0,23,53,0,76,0,15,129,0,144,0,38,182,0,220,353,0,353,573
11/29/2012,SDL,AZ,AWP,WE,Towers with Radar,0,22,75,2,99,0,5,129,0,134,0,27,204,2,233,177,0,177,410
11/30/2012,SDL,AZ,AWP,WE,Towers with Radar,0,28,56,2,86,0,6,92,1,99,0,34,148,3,185,121,0,121,306
12/01/2012,SDL,AZ,AWP,WE,Towers with Radar,0,26,47,2,75,0,15,121,4,140,0,41,168,6,215,86,2,88,303
12/02/2012,SDL,AZ,AWP,WE,Towers with Radar,0,20,78,4,102,0,15,110,0,125,0,35,188,4,227,66,0,66,293
12/03/2012,SDL,AZ,AWP,WE,Towers with Radar,0,27,60,3,90,0,15,124,3,142,0,42,184,6,232,156,2,158,390
12/04/2012,SDL,AZ,AWP,WE,Towers with Radar,0,32,60,1,93,0,7,137,4,148,0,39,197,5,241,203,2,205,446
12/05/2012,SDL,AZ,AWP,WE,Towers with Radar,0,25,81,0,106,0,14,113,2,129,0,39,194,2,235,134,0,134,369
12/06/2012,SDL,AZ,AWP,WE,Towers with Radar,0,24,76,0,100,0,14,131,0,145,0,38,207,0,245,138,0,138,383
12/07/2012,SDL,AZ,AWP,WE,Towers with Radar,0,15,67,1,83,0,15,117,5,137,0,30,184,6,220,163,0,163,383
12/08/2012,SDL,AZ,AWP,WE,Towers with Radar,0,19,37,0,56,0,7,137,0,144,0,26,174,0,200,129,0,129,329
12/09/2012,SDL,AZ,AWP,WE,Towers with Radar,0,19,72,0,91,0,14,99,0,113,0,33,171,0,204,78,0,78,282
12/10/2012,SDL,AZ,AWP,WE,Towers with Radar,0,16,58,0,74,0,18,122,0,140,0,34,180,0,214,133,0,133,347
12/11/2012,SDL,AZ,AWP,WE,Towers with Radar,0,12,43,0,55,0,15,119,0,134,0,27,162,0,189,200,0,200,389
12/12/2012,SDL,AZ,AWP,WE,Towers with Radar,0,21,55,1,77,0,27,134,2,163,0,48,189,3,240,140,0,140,380
12/13/2012,SDL,AZ,AWP,WE,Towers with Radar,0,21,57,1,79,0,20,124,0,144,0,41,181,1,223,156,0,156,379
12/14/2012,SDL,AZ,AWP,WE,Towers with Radar,0,24,59,2,85,0,11,67,0,78,0,35,126,2,163,89,0,89,252
12/15/2012,SDL,AZ,AWP,WE,Towers with Radar,0,16,41,1,58,0,0,18,0,18,0,16,59,1,76,74,0,74,150
12/16/2012,SDL,AZ,AWP,WE,Towers with Radar,0,25,54,1,80,0,2,144,1,147,0,27,198,2,227,146,0,146,373
12/17/2012,SDL,AZ,AWP,WE,Towers with Radar,0,25,64,1,90,0,12,125,0,137,0,37,189,1,227,188,0,188,415
12/18/2012,SDL,AZ,AWP,WE,Towers with Radar,0,24,47,0,71,0,12,107,0,119,0,36,154,0,190,191,0,191,381
12/19/2012,SDL,AZ,AWP,WE,Towers with Radar,0,19,60,0,79,0,7,128,0,135,0,26,188,0,214,152,0,152,366
12/20/2012,SDL,AZ,AWP,WE,Towers with Radar,0,24,57,0,81,0,10,141,0,151,0,34,198,0,232,115,0,115,347
12/21/2012,SDL,AZ,AWP,WE,Towers with Radar,0,35,66,0,101,0,16,133,1,150,0,51,199,1,251,101,0,101,352
12/22/2012,SDL,AZ,AWP,WE,Towers with Radar,0,39,55,2,96,0,7,109,0,116,0,46,164,2,212,107,0,107,319
12/23/2012,SDL,AZ,AWP,WE,Towers with Radar,0,28,38,0,66,0,12,106,0,118,0,40,144,0,184,71,0,71,255
12/24/2012,SDL,AZ,AWP,WE,Towers with Radar,0,10,17,0,27,1,10,44,0,55,1,20,61,0,82,52,0,52,134
12/25/2012,SDL,AZ,AWP,WE,Towers with Radar,0,20,9,0,29,0,6,21,0,27,0,26,30,0,56,0,0,0,56
12/26/2012,SDL,AZ,AWP,WE,Towers with Radar,0,31,85,0,116,0,9,93,0,102,0,40,178,0,218,99,0,99,317
12/27/2012,SDL,AZ,AWP,WE,Towers with Radar,0,36,87,0,123,0,15,123,0,138,0,51,210,0,261,164,0,164,425
12/28/2012,SDL,AZ,AWP,WE,Towers with Radar,0,42,65,0,107,0,21,135,2,158,0,63,200,2,265,139,0,139,404
12/29/2012,SDL,AZ,AWP,WE,Towers with Radar,1,30,52,0,83,0,10,100,0,110,1,40,152,0,193,143,0,143,336
12/30/2012,SDL,AZ,AWP,WE,Towers with Radar,0,37,60,0,97,0,11,103,1,115,0,48,163,1,212,124,0,124,336
12/31/2012,SDL,AZ,AWP,WE,Towers with Radar,0,22,31,0,53,0,6,80,0,86,0,28,111,0,139,126,0,126,265
01/01/2013,SDL,AZ,AWP,WE,Towers with Radar,0,23,79,0,102,0,18,57,0,75,0,41,136,0,177,39,0,39,216
01/02/2013,SDL,AZ,AWP,WE,Towers with Radar,0,30,94,2,126,0,20,131,0,151,0,50,225,2,277,92,0,92,369
01/03/2013,SDL,AZ,AWP,WE,Towers with Radar,0,38,80,0,118,0,9,116,0,125,0,47,196,0,243,156,0,156,399
01/04/2013,SDL,AZ,AWP,WE,Towers with Radar,0,45,79,1,125,0,16,129,2,147,0,61,208,3,272,120,0,120,392
01/05/2013,SDL,AZ,AWP,WE,Towers with Radar,0,36,79,3,118,0,3,133,0,136,0,39,212,3,254,102,0,102,356
01/06/2013,SDL,AZ,AWP,WE,Towers with Radar,0,31,69,1,101,0,8,75,0,83,0,39,144,1,184,100,0,100,284
01/07/2013,SDL,AZ,AWP,WE,Towers with Radar,0,29,45,3,77,0,14,83,5,102,0,43,128,8,179,100,0,100,279
01/08/2013,SDL,AZ,AWP,WE,Towers with Radar,0,16,58,5,79,0,12,158,11,181,0,28,216,16,260,106,0,106,366
01/09/2013,SDL,AZ,AWP,WE,Towers with Radar,0,33,74,4,111,0,29,115,3,147,0,62,189,7,258,112,0,112,370
01/10/2013,SDL,AZ,AWP,WE,Towers with Radar,0,27,96,2,125,0,12,145,0,157,0,39,241,2,282,166,0,166,448
01/11/2013,SDL,AZ,AWP,WE,Towers with Radar,0,25,60,0,85,0,11,105,0,116,0,36,165,0,201,124,0,124,325
01/12/2013,SDL,AZ,AWP,WE,Towers with Radar,0,17,49,0,66,0,5,128,0,133,0,22,177,0,199,135,0,135,334
01/13/2013,SDL,AZ,AWP,WE,Towers with Radar,0,30,64,0,94,0,8,94,0,102,0,38,158,0,196,92,0,92,288
01/14/2013,SDL,AZ,AWP,WE,Towers with Radar,0,27,55,0,82,0,12,115,0,127,0,39,170,0,209,123,0,123,332
01/15/2013,SDL,AZ,AWP,WE,Towers with Radar,0,24,60,0,84,0,15,126,1,142,0,39,186,1,226,210,0,210,436
01/16/2013,SDL,AZ,AWP,WE,Towers with Radar,0,42,117,0,159,0,9,202,0,211,0,51,319,0,370,147,0,147,517
01/17/2013,SDL,AZ,AWP,WE,Towers with Radar,0,46,143,0,189,0,19,158,0,177,0,65,301,0,366,89,0,89,455
01/18/2013,SDL,AZ,AWP,WE,Towers with Radar,0,47,121,1,169,0,37,188,0,225,0,84,309,1,394,86,0,86,480
01/19/2013,SDL,AZ,AWP,WE,Towers with Radar,0,35,87,0,122,0,18,128,2,148,0,53,215,2,270,87,0,87,357
01/20/2013,SDL,AZ,AWP,WE,Towers with Radar,0,49,140,0,189,0,7,108,0,115,0,56,248,0,304,76,0,76,380
01/21/2013,SDL,AZ,AWP,WE,Towers with Radar,0,36,96,0,132,0,12,172,0,184,0,48,268,0,316,134,0,134,450
01/22/2013,SDL,AZ,AWP,WE,Towers with Radar,0,35,90,2,127,0,21,134,0,155,0,56,224,2,282,159,0,159,441
01/23/2013,SDL,AZ,AWP,WE,Towers with Radar,0,23,58,0,81,0,7,170,0,177,0,30,228,0,258,118,0,118,376
01/24/2013,SDL,AZ,AWP,WE,Towers with Radar,0,39,84,0,123,0,12,149,0,161,0,51,233,0,284,125,0,125,409
01/25/2013,SDL,AZ,AWP,WE,Towers with Radar,0,37,75,0,112,0,10,119,0,129,0,47,194,0,241,52,0,52,293
01/26/2013,SDL,AZ,AWP,WE,Towers with Radar,0,8,39,0,47,0,2,0,0,2,0,10,39,0,49,0,0,0,49
01/27/2013,SDL,AZ,AWP,WE,Towers with Radar,0,29,70,3,102,0,0,16,0,16,0,29,86,3,118,34,0,34,152
01/28/2013,SDL,AZ,AWP,WE,Towers with Radar,0,48,68,0,116,0,15,106,0,121,0,63,174,0,237,229,0,229,466
01/29/2013,SDL,AZ,AWP,WE,Towers with Radar,0,37,72,2,111,0,17,159,0,176,0,54,231,2,287,191,0,191,478
01/30/2013,SDL,AZ,AWP,WE,Towers with Radar,0,52,78,4,134,0,20,215,0,235,0,72,293,4,369,148,0,148,517
01/31/2013,SDL,AZ,AWP,WE,Towers with Radar,0,40,100,0,140,0,10,201,0,211,0,50,301,0,351,266,0,266,617
02/01/2013,SDL,AZ,AWP,WE,Towers with Radar,0,40,91,0,131,0,30,141,0,171,0,70,232,0,302,156,0,156,458
02/02/2013,SDL,AZ,AWP,WE,Towers with Radar,0,24,51,3,78,0,11,145,9,165,0,35,196,12,243,89,0,89,332
02/03/2013,SDL,AZ,AWP,WE,Towers with Radar,0,38,81,0,119,0,4,99,1,104,0,42,180,1,223,33,0,33,256
02/04/2013,SDL,AZ,AWP,WE,Towers with Radar,0,36,96,4,136,0,14,141,0,155,0,50,237,4,291,103,0,103,394
02/05/2013,SDL,AZ,AWP,WE,Towers with Radar,0,39,64,2,105,0,9,185,0,194,0,48,249,2,299,177,0,177,476
02/06/2013,SDL,AZ,AWP,WE,Towers with Radar,0,39,93,3,135,0,14,147,0,161,0,53,240,3,296,153,0,153,449
02/07/2013,SDL,AZ,AWP,WE,Towers with Radar,0,35,90,0,125,0,16,160,0,176,0,51,250,0,301,168,0,168,469
02/08/2013,SDL,AZ,AWP,WE,Towers with Radar,0,38,74,1,113,0,17,122,1,140,0,55,196,2,253,142,0,142,395
02/09/2013,SDL,AZ,AWP,WE,Towers with Radar,0,17,48,0,65,0,0,77,0,77,0,17,125,0,142,92,0,92,234
02/10/2013,SDL,AZ,AWP,WE,Towers with Radar,0,51,84,2,137,0,6,89,2,97,0,57,173,4,234,142,0,142,376
02/11/2013,SDL,AZ,AWP,WE,Towers with Radar,0,33,84,0,117,0,8,85,0,93,0,41,169,0,210,121,0,121,331
02/12/2013,SDL,AZ,AWP,WE,Towers with Radar,0,25,75,2,102,0,14,131,0,145,0,39,206,2,247,203,0,203,450
02/13/2013,SDL,AZ,AWP,WE,Towers with Radar,0,49,89,2,140,0,18,160,0,178,0,67,249,2,318,231,0,231,549
02/14/2013,SDL,AZ,AWP,WE,Towers with Radar,0,49,92,1,142,0,13,170,0,183,0,62,262,1,325,144,0,144,469
02/15/2013,SDL,AZ,AWP,WE,Towers with Radar,0,39,107,1,147,0,29,164,1,194,0,68,271,2,341,104,0,104,445
02/16/2013,SDL,AZ,AWP,WE,Towers with Radar,0,45,63,0,108,0,12,96,0,108,0,57,159,0,216,51,0,51,267
02/17/2013,SDL,AZ,AWP,WE,Towers with Radar,0,40,78,0,118,0,5,128,4,137,0,45,206,4,255,80,0,80,335
02/18/2013,SDL,AZ,AWP,WE,Towers with Radar,0,64,117,0,181,0,17,157,1,175,0,81,274,1,356,100,0,100,456
02/19/2013,SDL,AZ,AWP,WE,Towers with Radar,0,40,85,2,127,0,13,143,0,156,0,53,228,2,283,175,0,175,458
02/20/2013,SDL,AZ,AWP,WE,Towers with Radar,0,34,66,0,100,0,10,36,0,46,0,44,102,0,146,40,0,40,186
02/21/2013,SDL,AZ,AWP,WE,Towers with Radar,0,60,75,7,142,0,9,154,2,165,0,69,229,9,307,106,6,112,419
02/22/2013,SDL,AZ,AWP,WE,Towers with Radar,0,39,80,0,119,0,15,141,0,156,0,54,221,0,275,157,0,157,432
02/23/2013,SDL,AZ,AWP,WE,Towers with Radar,0,32,55,0,87,0,18,111,0,129,0,50,166,0,216,178,0,178,394
02/24/2013,SDL,AZ,AWP,WE,Towers with Radar,0,53,96,0,149,0,2,52,0,54,0,55,148,0,203,42,0,42,245
02/25/2013,SDL,AZ,AWP,WE,Towers with Radar,0,32,80,2,114,0,23,119,1,143,0,55,199,3,257,154,0,154,411
02/26/2013,SDL,AZ,AWP,WE,Towers with Radar,0,23,76,0,99,0,22,163,0,185,0,45,239,0,284,212,0,212,496
02/27/2013,SDL,AZ,AWP,WE,Towers with Radar,0,37,86,3,126,0,20,149,0,169,0,57,235,3,295,144,0,144,439
02/28/2013,SDL,AZ,AWP,WE,Towers with Radar,0,42,91,2,135,0,12,150,0,162,0,54,241,2,297,151,0,151,448
03/01/2013,SDL,AZ,AWP,WE,Towers with Radar,0,38,90,2,130,0,23,200,0,223,0,61,290,2,353,200,0,200,553
03/02/2013,SDL,AZ,AWP,WE,Towers with Radar,0,16,60,0,76,0,11,147,1,159,0,27,207,1,235,167,0,167,402
03/03/2013,SDL,AZ,AWP,WE,Towers with Radar,0,35,93,0,128,0,7,119,0,126,0,42,212,0,254,141,0,141,395
03/04/2013,SDL,AZ,AWP,WE,Towers with Radar,0,44,85,1,130,0,13,152,0,165,0,57,237,1,295,197,0,197,492
03/05/2013,SDL,AZ,AWP,WE,Towers with Radar,0,39,81,0,120,0,16,151,1,168,0,55,232,1,288,132,0,132,420
03/06/2013,SDL,AZ,AWP,WE,Towers with Radar,0,41,98,3,142,0,12,129,1,142,0,53,227,4,284,141,0,141,425
03/07/2013,SDL,AZ,AWP,WE,Towers with Radar,0,42,104,0,146,0,6,151,0,157,0,48,255,0,303,107,0,107,410
03/08/2013,SDL,AZ,AWP,WE,Towers with Radar,0,48,100,0,148,0,7,9,0,16,0,55,109,0,164,0,0,0,164
03/09/2013,SDL,AZ,AWP,WE,Towers with Radar,0,38,86,0,124,0,12,77,0,89,0,50,163,0,213,118,0,118,331
03/10/2013,SDL,AZ,AWP,WE,Towers with Radar,0,65,105,0,170,0,9,131,0,140,0,74,236,0,310,149,0,149,459
03/11/2013,SDL,AZ,AWP,WE,Towers with Radar,0,23,79,2,104,0,12,145,6,163,0,35,224,8,267,170,0,170,437
03/12/2013,SDL,AZ,AWP,WE,Towers with Radar,0,36,94,0,130,0,12,164,0,176,0,48,258,0,306,182,0,182,488
03/13/2013,SDL,AZ,AWP,WE,Towers with Radar,0,41,86,2,129,0,14,150,0,164,0,55,236,2,293,155,0,155,448
03/14/2013,SDL,AZ,AWP,WE,Towers with Radar,0,38,109,2,149,0,9,196,0,205,0,47,305,2,354,188,0,188,542
03/15/2013,SDL,AZ,AWP,WE,Towers with Radar,0,59,94,1,154,0,10,187,0,197,0,69,281,1,351,154,0,154,505
03/16/2013,SDL,AZ,AWP,WE,Towers with Radar,0,44,49,1,94,0,6,152,0,158,0,50,201,1,252,179,0,179,431
03/17/2013,SDL,AZ,AWP,WE,Towers with Radar,0,58,112,0,170,0,14,106,0,120,0,72,218,0,290,93,0,93,383
03/18/2013,SDL,AZ,AWP,WE,Towers with Radar,0,43,81,2,126,0,12,171,0,183,0,55,252,2,309,186,0,186,495
03/19/2013,SDL,AZ,AWP,WE,Towers with Radar,0,31,65,0,96,0,15,194,0,209,0,46,259,0,305,203,0,203,508
03/20/2013,SDL,AZ,AWP,WE,Towers with Radar,0,41,100,0,141,0,10,170,0,180,0,51,270,0,321,197,0,197,518
03/21/2013,SDL,AZ,AWP,WE,Towers with Radar,0,36,128,2,166,0,11,127,0,138,0,47,255,2,304,116,0,116,420
03/22/2013,SDL,AZ,AWP,WE,Towers with Radar,0,57,111,1,169,0,12,133,3,148,0,69,244,4,317,69,0,69,386
03/23/2013,SDL,AZ,AWP,WE,Towers with Radar,0,35,75,0,110,0,13,112,0,125,0,48,187,0,235,89,0,89,324
03/24/2013,SDL,AZ,AWP,WE,Towers with Radar,0,63,116,1,180,0,6,148,0,154,0,69,264,1,334,64,0,64,398
03/25/2013,SDL,AZ,AWP,WE,Towers with Radar,0,34,87,0,121,0,19,171,0,190,0,53,258,0,311,246,0,246,557
03/26/2013,SDL,AZ,AWP,WE,Towers with Radar,0,33,76,2,111,0,11,186,0,197,0,44,262,2,308,200,0,200,508
03/27/2013,SDL,AZ,AWP,WE,Towers with Radar,0,40,88,0,128,0,15,204,0,219,0,55,292,0,347,199,0,199,546
03/28/2013,SDL,AZ,AWP,WE,Towers with Radar,0,56,107,0,163,0,14,176,0,190,0,70,283,0,353,152,0,152,505
03/29/2013,SDL,AZ,AWP,WE,Towers with Radar,0,41,79,0,120,0,11,173,0,184,0,52,252,0,304,126,0,126,430
03/30/2013,SDL,AZ,AWP,WE,Towers with Radar,0,33,63,0,96,0,20,126,0,146,0,53,189,0,242,108,0,108,350
03/31/2013,SDL,AZ,AWP,WE,Towers with Radar,0,42,61,0,103,0,7,107,0,114,0,49,168,0,217,74,0,74,291
04/01/2013,SDL,AZ,AWP,WE,Towers with Radar,0,47,97,0,144,0,26,165,0,191,0,73,262,0,335,140,0,140,475
04/02/2013,SDL,AZ,AWP,WE,Towers with Radar,0,34,79,0,113,0,11,162,0,173,0,45,241,0,286,203,0,203,489
04/03/2013,SDL,AZ,AWP,WE,Towers with Radar,0,24,75,2,101,0,16,181,0,197,0,40,256,2,298,239,0,239,537
04/04/2013,SDL,AZ,AWP,WE,Towers with Radar,0,34,88,2,124,0,8,168,1,177,0,42,256,3,301,221,0,221,522
04/05/2013,SDL,AZ,AWP,WE,Towers with Radar,0,45,85,0,130,0,15,153,1,169,0,60,238,1,299,155,0,155,454
04/06/2013,SDL,AZ,AWP,WE,Towers with Radar,0,28,40,0,68,0,21,83,1,105,0,49,123,1,173,76,0,76,249
04/07/2013,SDL,AZ,AWP,WE,Towers with Radar,0,41,113,0,154,0,10,118,0,128,0,51,231,0,282,108,0,108,390
04/08/2013,SDL,AZ,AWP,WE,Towers with Radar,0,36,60,6,102,0,16,54,4,74,0,52,114,10,176,50,0,50,226
04/09/2013,SDL,AZ,AWP,WE,Towers with Radar,0,30,49,3,82,0,15,144,4,163,0,45,193,7,245,123,0,123,368
04/10/2013,SDL,AZ,AWP,WE,Towers with Radar,0,42,65,2,109,0,9,163,4,176,0,51,228,6,285,172,0,172,457
04/11/2013,SDL,AZ,AWP,WE,Towers with Radar,0,30,75,0,105,0,22,157,0,179,0,52,232,0,284,119,0,119,403
04/12/2013,SDL,AZ,AWP,WE,Towers with Radar,0,39,99,0,138,0,19,212,0,231,0,58,311,0,369,140,2,142,511
04/13/2013,SDL,AZ,AWP,WE,Towers with Radar,0,33,47,0,80,0,21,125,3,149,0,54,172,3,229,156,0,156,385
04/14/2013,SDL,AZ,AWP,WE,Towers with Radar,0,39,77,0,116,0,12,105,3,120,0,51,182,3,236,148,1,149,385
04/15/2013,SDL,AZ,AWP,WE,Towers with Radar,0,30,88,2,120,0,22,114,0,136,0,52,202,2,256,59,0,59,315
04/16/2013,SDL,AZ,AWP,WE,Towers with Radar,0,46,92,2,140,0,8,104,2,114,0,54,196,4,254,126,0,126,380
04/17/2013,SDL,AZ,AWP,WE,Towers with Radar,0,31,110,0,141,0,11,99,0,110,0,42,209,0,251,93,0,93,344
04/18/2013,SDL,AZ,AWP,WE,Towers with Radar,0,32,101,1,134,0,1,141,7,149,0,33,242,8,283,142,2,144,427
04/19/2013,SDL,AZ,AWP,WE,Towers with Radar,0,34,97,3,134,0,16,136,0,152,0,50,233,3,286,94,0,94,380
04/20/2013,SDL,AZ,AWP,WE,Towers with Radar,0,19,59,0,78,0,10,128,0,138,0,29,187,0,216,128,0,128,344
04/21/2013,SDL,AZ,AWP,WE,Towers with Radar,0,43,118,0,161,0,9,107,0,116,0,52,225,0,277,98,0,98,375
04/22/2013,SDL,AZ,AWP,WE,Towers with Radar,0,31,83,3,117,0,16,112,0,128,0,47,195,3,245,177,0,177,422
04/23/2013,SDL,AZ,AWP,WE,Towers with Radar,0,47,106,1,154,0,14,180,0,194,0,61,286,1,348,231,0,231,579
04/24/2013,SDL,AZ,AWP,WE,Towers with Radar,0,49,110,0,159,0,23,121,2,146,0,72,231,2,305,104,0,104,409
04/25/2013,SDL,AZ,AWP,WE,Towers with Radar,0,36,123,2,161,0,20,115,0,135,0,56,238,2,296,164,0,164,460
04/26/2013,SDL,AZ,AWP,WE,Towers with Radar,0,33,96,0,129,0,22,134,0,156,0,55,230,0,285,220,0,220,505
04/27/2013,SDL,AZ,AWP,WE,Towers with Radar,0,22,86,0,108,0,14,124,0,138,0,36,210,0,246,95,0,95,341
04/28/2013,SDL,AZ,AWP,WE,Towers with Radar,0,48,133,2,183,0,17,120,0,137,0,65,253,2,320,108,1,109,429
04/29/2013,SDL,AZ,AWP,WE,Towers with Radar,0,36,109,2,147,0,20,136,0,156,0,56,245,2,303,163,0,163,466
04/30/2013,SDL,AZ,AWP,WE,Towers with Radar,0,31,97,0,128,0,18,133,0,151,0,49,230,0,279,171,0,171,450
05/01/2013,SDL,AZ,AWP,WE,Towers with Radar,0,49,111,2,162,0,10,124,0,134,0,59,235,2,296,196,0,196,492
05/02/2013,SDL,AZ,AWP,WE,Towers with Radar,0,37,99,4,140,0,9,105,0,114,0,46,204,4,254,186,0,186,440
05/03/2013,SDL,AZ,AWP,WE,Towers with Radar,0,35,86,0,121,0,8,91,0,99,0,43,177,0,220,255,0,255,475
05/04/2013,SDL,AZ,AWP,WE,Towers with Radar,0,34,46,0,80,0,6,109,0,115,0,40,155,0,195,90,0,90,285
05/05/2013,SDL,AZ,AWP,WE,Towers with Radar,0,50,95,0,145,0,6,99,0,105,0,56,194,0,250,116,0,116,366
05/06/2013,SDL,AZ,AWP,WE,Towers with Radar,0,27,106,4,137,0,13,119,0,132,0,40,225,4,269,136,0,136,405
05/07/2013,SDL,AZ,AWP,WE,Towers with Radar,0,29,119,0,148,0,10,123,0,133,0,39,242,0,281,163,0,163,444
05/08/2013,SDL,AZ,AWP,WE,Towers with Radar,0,44,96,3,143,0,11,121,0,132,0,55,217,3,275,194,0,194,469
05/09/2013,SDL,AZ,AWP,WE,Towers with Radar,1,37,93,4,135,0,4,146,0,150,1,41,239,4,285,120,0,120,405
05/10/2013,SDL,AZ,AWP,WE,Towers with Radar,0,56,77,2,135,0,14,102,0,116,0,70,179,2,251,86,0,86,337
05/11/2013,SDL,AZ,AWP,WE,Towers with Radar,0,32,65,2,99,0,3,103,1,107,0,35,168,3,206,72,0,72,278
05/12/2013,SDL,AZ,AWP,WE,Towers with Radar,0,33,68,2,103,0,3,88,0,91,0,36,156,2,194,62,0,62,256
05/13/2013,SDL,AZ,AWP,WE,Towers with Radar,0,20,77,0,97,0,12,115,3,130,0,32,192,3,227,138,0,138,365
05/14/2013,SDL,AZ,AWP,WE,Towers with Radar,0,30,59,2,91,0,6,100,1,107,0,36,159,3,198,237,0,237,435
05/15/2013,SDL,AZ,AWP,WE,Towers with Radar,0,30,75,6,111,0,7,120,0,127,0,37,195,6,238,100,0,100,338
05/16/2013,SDL,AZ,AWP,WE,Towers with Radar,0,39,82,2,123,0,13,101,0,114,0,52,183,2,237,102,0,102,339
05/17/2013,SDL,AZ,AWP,WE,Towers with Radar,0,35,84,4,123,0,27,82,4,113,0,62,166,8,236,146,0,146,382
05/18/2013,SDL,AZ,AWP,WE,Towers with Radar,1,18,55,3,77,0,2,86,4,92,1,20,141,7,169,129,0,129,298
05/19/2013,SDL,AZ,AWP,WE,Towers with Radar,0,27,96,0,123,0,0,125,7,132,0,27,221,7,255,156,0,156,411
05/20/2013,SDL,AZ,AWP,WE,Towers with Radar,0,32,89,3,124,0,15,136,0,151,0,47,225,3,275,109,0,109,384
05/21/2013,SDL,AZ,AWP,WE,Towers with Radar,0,38,91,2,131,0,12,159,0,171,0,50,250,2,302,170,0,170,472
05/22/2013,SDL,AZ,AWP,WE,Towers with Radar,0,26,87,2,115,0,9,127,0,136,0,35,214,2,251,189,0,189,440
05/23/2013,SDL,AZ,AWP,WE,Towers with Radar,0,32,97,1,130,0,16,115,1,132,0,48,212,2,262,74,0,74,336
05/24/2013,SDL,AZ,AWP,WE,Towers with Radar,1,30,112,1,144,0,17,121,0,138,1,47,233,1,282,95,1,96,378
05/25/2013,SDL,AZ,AWP,WE,Towers with Radar,0,27,62,0,89,0,4,117,0,121,0,31,179,0,210,102,0,102,312
05/26/2013,SDL,AZ,AWP,WE,Towers with Radar,0,16,42,0,58,0,1,105,0,106,0,17,147,0,164,99,0,99,263
05/27/2013,SDL,AZ,AWP,WE,Towers with Radar,0,26,108,0,134,0,4,114,0,118,0,30,222,0,252,114,0,114,366
05/28/2013,SDL,AZ,AWP,WE,Towers with Radar,0,22,75,0,97,1,14,135,0,150,1,36,210,0,247,133,0,133,380
05/29/2013,SDL,AZ,AWP,WE,Towers with Radar,0,17,66,0,83,0,0,145,2,147,0,17,211,2,230,127,0,127,357
05/30/2013,SDL,AZ,AWP,WE,Towers with Radar,0,20,107,2,129,0,4,133,0,137,0,24,240,2,266,129,0,129,395
05/31/2013,SDL,AZ,AWP,WE,Towers with Radar,0,13,68,2,83,0,11,149,0,160,0,24,217,2,243,107,0,107,350
06/01/2013,SDL,AZ,AWP,WE,Towers with Radar,0,10,42,0,52,0,6,120,0,126,0,16,162,0,178,83,0,83,261
06/02/2013,SDL,AZ,AWP,WE,Towers with Radar,0,18,47,0,65,0,6,77,0,83,0,24,124,0,148,132,0,132,280
06/03/2013,SDL,AZ,AWP,WE,Towers with Radar,0,13,44,0,57,0,13,122,0,135,0,26,166,0,192,103,0,103,295
06/04/2013,SDL,AZ,AWP,WE,Towers with Radar,0,15,62,2,79,1,22,117,2,142,1,37,179,4,221,221,0,221,442
06/05/2013,SDL,AZ,AWP,WE,Towers with Radar,0,26,75,2,103,2,27,107,0,136,2,53,182,2,239,182,0,182,421
06/06/2013,SDL,AZ,AWP,WE,Towers with Radar,0,26,74,3,103,3,16,127,0,146,3,42,201,3,249,127,0,127,376
06/07/2013,SDL,AZ,AWP,WE,Towers with Radar,0,21,51,2,74,0,14,115,3,132,0,35,166,5,206,145,0,145,351
06/08/2013,SDL,AZ,AWP,WE,Towers with Radar,0,13,51,0,64,0,6,82,5,93,0,19,133,5,157,94,0,94,251
06/09/2013,SDL,AZ,AWP,WE,Towers with Radar,0,22,45,2,69,0,1,100,0,101,0,23,145,2,170,117,0,117,287
06/10/2013,SDL,AZ,AWP,WE,Towers with Radar,0,26,71,2,99,0,18,145,1,164,0,44,216,3,263,162,0,162,425
06/11/2013,SDL,AZ,AWP,WE,Towers with Radar,0,30,66,2,98,0,16,103,0,119,0,46,169,2,217,263,0,263,480
06/12/2013,SDL,AZ,AWP,WE,Towers with Radar,0,20,81,2,103,0,12,114,0,126,0,32,195,2,229,182,2,184,413
06/13/2013,SDL,AZ,AWP,WE,Towers with Radar,0,25,74,1,100,0,13,115,0,128,0,38,189,1,228,113,0,113,341
06/14/2013,SDL,AZ,AWP,WE,Towers with Radar,0,33,83,2,118,0,23,106,0,129,0,56,189,2,247,193,0,193,440
06/15/2013,SDL,AZ,AWP,WE,Towers with Radar,0,27,48,0,75,0,5,71,9,85,0,32,119,9,160,61,0,61,221
06/16/2013,SDL,AZ,AWP,WE,Towers with Radar,0,13,55,4,72,0,7,78,6,91,0,20,133,10,163,128,0,128,291
06/17/2013,SDL,AZ,AWP,WE,Towers with Radar,0,11,70,2,83,0,8,115,3,126,0,19,185,5,209,205,0,205,414
06/18/2013,SDL,AZ,AWP,WE,Towers with Radar,0,21,61,0,82,0,23,134,0,157,0,44,195,0,239,138,0,138,377
06/19/2013,SDL,AZ,AWP,WE,Towers with Radar,0,21,64,2,87,0,13,139,0,152,0,34,203,2,239,129,0,129,368
06/20/2013,SDL,AZ,AWP,WE,Towers with Radar,0,20,89,5,114,0,9,139,0,148,0,29,228,5,262,245,0,245,507
06/21/2013,SDL,AZ,AWP,WE,Towers with Radar,0,16,74,2,92,0,13,120,0,133,0,29,194,2,225,158,0,158,383
06/22/2013,SDL,AZ,AWP,WE,Towers with Radar,0,13,49,0,62,0,4,56,0,60,0,17,105,0,122,80,0,80,202
06/23/2013,SDL,AZ,AWP,WE,Towers with Radar,0,12,76,1,89,0,6,72,0,78,0,18,148,1,167,47,0,47,214
06/24/2013,SDL,AZ,AWP,WE,Towers with Radar,0,15,72,4,91,0,18,126,0,144,0,33,198,4,235,155,0,155,390
06/25/2013,SDL,AZ,AWP,WE,Towers with Radar,0,21,66,0,87,0,10,120,0,130,0,31,186,0,217,162,0,162,379
06/26/2013,SDL,AZ,AWP,WE,Towers with Radar,0,15,79,3,97,0,18,141,1,160,0,33,220,4,257,182,0,182,439
06/27/2013,SDL,AZ,AWP,WE,Towers with Radar,0,25,87,2,114,0,13,117,0,130,0,38,204,2,244,120,1,121,365
06/28/2013,SDL,AZ,AWP,WE,Towers with Radar,0,22,71,0,93,0,15,120,0,135,0,37,191,0,228,194,0,194,422
06/29/2013,SDL,AZ,AWP,WE,Towers with Radar,0,18,61,0,79,0,4,55,0,59,0,22,116,0,138,58,0,58,196
06/30/2013,SDL,AZ,AWP,WE,Towers with Radar,0,14,52,0,66,0,5,41,0,46,0,19,93,0,112,58,0,58,170
07/01/2013,SDL,AZ,AWP,WE,Towers with Radar,0,21,79,3,103,0,15,123,0,138,0,36,202,3,241,96,0,96,337
07/02/2013,SDL,AZ,AWP,WE,Towers with Radar,1,19,63,2,85,0,14,135,0,149,1,33,198,2,234,88,0,88,322
07/03/2013,SDL,AZ,AWP,WE,Towers with Radar,0,17,88,0,105,0,5,127,0,132,0,22,215,0,237,147,0,147,384
07/04/2013,SDL,AZ,AWP,WE,Towers with Radar,0,9,60,0,69,0,10,72,0,82,0,19,132,0,151,70,0,70,221
07/05/2013,SDL,AZ,AWP,WE,Towers with Radar,0,7,58,1,66,0,11,80,0,91,0,18,138,1,157,126,0,126,283
07/06/2013,SDL,AZ,AWP,WE,Towers with Radar,0,17,61,1,79,0,8,51,0,59,0,25,112,1,138,116,0,116,254
07/07/2013,SDL,AZ,AWP,WE,Towers with Radar,0,16,78,0,94,0,4,78,0,82,0,20,156,0,176,66,0,66,242
07/08/2013,SDL,AZ,AWP,WE,Towers with Radar,0,17,78,2,97,0,19,113,0,132,0,36,191,2,229,139,0,139,368
07/09/2013,SDL,AZ,AWP,WE,Towers with Radar,0,14,66,1,81,0,21,113,2,136,0,35,179,3,217,118,0,118,335
07/10/2013,SDL,AZ,AWP,WE,Towers with Radar,0,12,95,2,109,0,7,146,13,166,0,19,241,15,275,233,0,233,508
07/11/2013,SDL,AZ,AWP,WE,Towers with Radar,0,22,86,8,116,0,15,156,7,178,0,37,242,15,294,92,0,92,386
07/12/2013,SDL,AZ,AWP,WE,Towers with Radar,0,11,63,1,75,0,15,111,0,126,0,26,174,1,201,138,8,146,347
07/13/2013,SDL,AZ,AWP,WE,Towers with Radar,0,13,55,1,69,0,13,91,1,105,0,26,146,2,174,78,0,78,252
07/14/2013,SDL,AZ,AWP,WE,Towers with Radar,0,18,74,0,92,0,4,86,0,90,0,22,160,0,182,108,0,108,290
07/15/2013,SDL,AZ,AWP,WE,Towers with Radar,0,20,59,0,79,0,23,96,0,119,0,43,155,0,198,98,0,98,296
07/16/2013,SDL,AZ,AWP,WE,Towers with Radar,0,13,63,2,78,0,21,117,0,138,0,34,180,2,216,176,0,176,392
07/17/2013,SDL,AZ,AWP,WE,Towers with Radar,0,30,82,2,114,0,9,136,0,145,0,39,218,2,259,170,0,170,429
07/18/2013,SDL,AZ,AWP,WE,Towers with Radar,0,33,66,2,101,0,16,137,1,154,0,49,203,3,255,155,0,155,410
07/19/2013,SDL,AZ,AWP,WE,Towers with Radar,0,13,70,0,83,0,9,154,0,163,0,22,224,0,246,156,0,156,402
07/20/2013,SDL,AZ,AWP,WE,Towers with Radar,0,9,34,2,45,0,8,84,0,92,0,17,118,2,137,110,0,110,247
07/21/2013,SDL,AZ,AWP,WE,Towers with Radar,0,11,44,0,55,0,10,37,0,47,0,21,81,0,102,46,0,46,148
07/22/2013,SDL,AZ,AWP,WE,Towers with Radar,0,16,63,2,81,0,11,100,0,111,0,27,163,2,192,128,0,128,320
07/23/2013,SDL,AZ,AWP,WE,Towers with Radar,0,13,75,2,90,0,17,129,0,146,0,30,204,2,236,250,0,250,486
07/24/2013,SDL,AZ,AWP,WE,Towers with Radar,0,17,85,2,104,0,12,144,0,156,0,29,229,2,260,145,0,145,405
07/25/2013,SDL,AZ,AWP,WE,Towers with Radar,0,10,61,0,71,0,6,124,0,130,0,16,185,0,201,125,0,125,326
07/26/2013,SDL,AZ,AWP,WE,Towers with Radar,0,15,73,0,88,0,10,106,0,116,0,25,179,0,204,80,0,80,284
07/27/2013,SDL,AZ,AWP,WE,Towers with Radar,0,15,58,2,75,0,3,88,0,91,0,18,146,2,166,89,0,89,255
07/28/2013,SDL,AZ,AWP,WE,Towers with Radar,0,20,79,0,99,0,13,93,0,106,0,33,172,0,205,80,0,80,285
07/29/2013,SDL,AZ,AWP,WE,Towers with Radar,0,15,84,2,101,0,18,126,0,144,0,33,210,2,245,76,0,76,321
07/30/2013,SDL,AZ,AWP,WE,Towers with Radar,0,15,78,0,93,0,19,151,0,170,0,34,229,0,263,144,0,144,407
07/31/2013,SDL,AZ,AWP,WE,Towers with Radar,0,19,69,4,92,0,7,141,0,148,0,26,210,4,240,141,0,141,381
08/01/2013,SDL,AZ,AWP,WE,Towers with Radar,0,23,65,2,90,0,21,113,0,134,0,44,178,2,224,108,0,108,332
08/02/2013,SDL,AZ,AWP,WE,Towers with Radar,0,6,87,6,99,0,17,140,0,157,0,23,227,6,256,110,0,110,366
08/03/2013,SDL,AZ,AWP,WE,Towers with Radar,0,25,52,13,90,0,9,73,10,92,0,34,125,23,182,38,0,38,220
08/04/2013,SDL,AZ,AWP,WE,Towers with Radar,0,15,72,1,88,0,8,98,2,108,0,23,170,3,196,58,0,58,254
08/05/2013,SDL,AZ,AWP,WE,Towers with Radar,0,10,68,6,84,0,15,123,3,141,0,25,191,9,225,184,0,184,409
08/06/2013,SDL,AZ,AWP,WE,Towers with Radar,0,9,83,2,94,0,15,59,0,74,0,24,142,2,168,72,0,72,240
08/07/2013,SDL,AZ,AWP,WE,Towers with Radar,0,19,87,1,107,0,23,127,0,150,0,42,214,1,257,70,0,70,327
08/08/2013,SDL,AZ,AWP,WE,Towers with Radar,0,9,69,2,80,0,6,121,0,127,0,15,190,2,207,112,0,112,319
08/09/2013,SDL,AZ,AWP,WE,Towers with Radar,0,18,63,0,81,0,12,108,0,120,0,30,171,0,201,84,0,84,285
08/10/2013,SDL,AZ,AWP,WE,Towers with Radar,0,14,44,2,60,0,16,93,1,110,0,30,137,3,170,98,0,98,268
08/11/2013,SDL,AZ,AWP,WE,Towers with Radar,0,26,73,0,99,0,9,85,0,94,0,35,158,0,193,94,0,94,287
08/12/2013,SDL,AZ,AWP,WE,Towers with Radar,0,13,69,0,82,0,22,90,0,112,0,35,159,0,194,98,0,98,292
08/13/2013,SDL,AZ,AWP,WE,Towers with Radar,0,21,74,0,95,0,19,117,0,136,0,40,191,0,231,124,0,124,355
08/14/2013,SDL,AZ,AWP,WE,Towers with Radar,0,10,78,0,88,0,11,100,0,111,0,21,178,0,199,125,0,125,324
08/15/2013,SDL,AZ,AWP,WE,Towers with Radar,0,34,95,0,129,0,13,94,0,107,0,47,189,0,236,111,0,111,347
08/16/2013,SDL,AZ,AWP,WE,Towers with Radar,0,22,78,1,101,0,28,110,0,138,0,50,188,1,239,70,0,70,309
08/17/2013,SDL,AZ,AWP,WE,Towers with Radar,0,10,44,0,54,0,16,75,0,91,0,26,119,0,145,72,0,72,217
08/18/2013,SDL,AZ,AWP,WE,Towers with Radar,0,24,64,2,90,0,4,86,4,94,0,28,150,6,184,51,0,51,235
08/19/2013,SDL,AZ,AWP,WE,Towers with Radar,0,24,102,0,126,0,14,154,4,172,0,38,256,4,298,118,0,118,416
08/20/2013,SDL,AZ,AWP,WE,Towers with Radar,0,8,85,0,93,0,22,173,2,197,0,30,258,2,290,82,0,82,372
08/21/2013,SDL,AZ,AWP,WE,Towers with Radar,0,19,72,0,91,0,9,111,0,120,0,28,183,0,211,110,0,110,321
08/22/2013,SDL,AZ,AWP,WE,Towers with Radar,0,16,82,9,107,0,16,173,6,195,0,32,255,15,302,151,0,151,453
08/23/2013,SDL,AZ,AWP,WE,Towers with Radar,0,17,80,3,100,0,26,155,3,184,0,43,235,6,284,184,0,184,468
08/24/2013,SDL,AZ,AWP,WE,Towers with Radar,0,11,65,0,76,0,17,128,2,147,0,28,193,2,223,70,0,70,293
08/25/2013,SDL,AZ,AWP,WE,Towers with Radar,0,20,60,0,80,0,2,77,0,79,0,22,137,0,159,118,0,118,277
08/26/2013,SDL,AZ,AWP,WE,Towers with Radar,0,9,62,0,71,0,13,143,0,156,0,22,205,0,227,138,0,138,365
08/27/2013,SDL,AZ,AWP,WE,Towers with Radar,0,11,86,0,97,0,23,163,0,186,0,34,249,0,283,172,0,172,455
08/28/2013,SDL,AZ,AWP,WE,Towers with Radar,0,18,65,2,85,0,16,151,1,168,0,34,216,3,253,175,0,175,428
08/29/2013,SDL,AZ,AWP,WE,Towers with Radar,0,19,98,4,121,0,10,153,2,165,0,29,251,6,286,160,0,160,446
08/30/2013,SDL,AZ,AWP,WE,Towers with Radar,0,28,85,1,114,0,16,144,0,160,0,44,229,1,274,178,0,178,452
08/31/2013,SDL,AZ,AWP,WE,Towers with Radar,0,14,77,0,91,0,6,148,0,154,0,20,225,0,245,172,0,172,417
09/01/2013,SDL,AZ,AWP,WE,Towers with Radar,0,5,56,0,61,0,10,86,0,96,0,15,142,0,157,100,0,100,257
09/02/2013,SDL,AZ,AWP,WE,Towers with Radar,0,28,77,0,105,0,8,100,0,108,0,36,177,0,213,52,0,52,265
09/03/2013,SDL,AZ,AWP,WE,Towers with Radar,0,18,80,0,98,0,19,114,0,133,0,37,194,0,231,226,0,226,457
09/04/2013,SDL,AZ,AWP,WE,Towers with Radar,0,23,95,2,120,0,10,177,1,188,0,33,272,3,308,190,0,190,498
09/05/2013,SDL,AZ,AWP,WE,Towers with Radar,0,18,73,0,91,0,2,127,0,129,0,20,200,0,220,122,0,122,342
09/06/2013,SDL,AZ,AWP,WE,Towers with Radar,0,18,74,2,94,0,23,116,3,142,0,41,190,5,236,94,0,94,330
09/07/2013,SDL,AZ,AWP,WE,Towers with Radar,0,16,48,0,64,0,5,78,5,88,0,21,126,5,152,55,0,55,207
09/08/2013,SDL,AZ,AWP,WE,Towers with Radar,0,19,77,0,96,0,4,69,0,73,0,23,146,0,169,27,0,27,196
09/09/2013,SDL,AZ,AWP,WE,Towers with Radar,0,12,43,2,57,0,18,77,0,95,0,30,120,2,152,248,0,248,400
09/10/2013,SDL,AZ,AWP,WE,Towers with Radar,0,15,79,1,95,0,17,125,0,142,0,32,204,1,237,253,0,253,490
09/11/2013,SDL,AZ,AWP,WE,Towers with Radar,0,7,106,1,114,0,14,167,0,181,0,21,273,1,295,286,0,286,581
09/12/2013,SDL,AZ,AWP,WE,Towers with Radar,0,13,82,3,98,0,16,138,0,154,0,29,220,3,252,194,0,194,446
09/13/2013,SDL,AZ,AWP,WE,Towers with Radar,0,13,109,2,124,0,26,128,0,154,0,39,237,2,278,206,0,206,484
09/14/2013,SDL,AZ,AWP,WE,Towers with Radar,0,15,67,0,82,0,7,148,0,155,0,22,215,0,237,137,0,137,374
09/15/2013,SDL,AZ,AWP,WE,Towers with Radar,0,23,95,0,118,0,8,110,0,118,0,31,205,0,236,100,0,100,336
09/16/2013,SDL,AZ,AWP,WE,Towers with Radar,0,17,94,0,111,0,19,167,0,186,0,36,261,0,297,246,0,246,543
09/17/2013,SDL,AZ,AWP,WE,Towers with Radar,0,21,109,0,130,0,26,171,5,202,0,47,280,5,332,193,0,193,525
09/18/2013,SDL,AZ,AWP,WE,Towers with Radar,1,27,83,0,111,0,27,129,8,164,1,54,212,8,275,186,0,186,461
09/19/2013,SDL,AZ,AWP,WE,Towers with Radar,0,23,108,5,136,0,8,177,0,185,0,31,285,5,321,240,0,240,561
09/20/2013,SDL,AZ,AWP,WE,Towers with Radar,0,19,96,4,119,0,19,171,0,190,0,38,267,4,309,317,0,317,626
09/21/2013,SDL,AZ,AWP,WE,Towers with Radar,0,18,70,3,91,0,10,113,3,126,0,28,183,6,217,132,2,134,351
09/22/2013,SDL,AZ,AWP,WE,Towers with Radar,0,25,88,0,113,0,11,86,0,97,0,36,174,0,210,50,0,50,260
09/23/2013,SDL,AZ,AWP,WE,Towers with Radar,0,19,100,3,122,0,11,153,0,164,0,30,253,3,286,156,0,156,442
09/24/2013,SDL,AZ,AWP,WE,Towers with Radar,0,23,91,4,118,0,14,163,6,183,0,37,254,10,301,230,0,230,531
09/25/2013,SDL,AZ,AWP,WE,Towers with Radar,0,20,94,0,114,0,25,146,2,173,0,45,240,2,287,169,0,169,456
09/26/2013,SDL,AZ,AWP,WE,Towers with Radar,0,15,68,0,83,0,7,120,0,127,0,22,188,0,210,176,0,176,386
09/27/2013,SDL,AZ,AWP,WE,Towers with Radar,0,22,110,2,134,0,5,161,0,166,0,27,271,2,300,191,0,191,491
09/28/2013,SDL,AZ,AWP,WE,Towers with Radar,0,14,61,0,75,0,1,155,0,156,0,15,216,0,231,164,0,164,395
09/29/2013,SDL,AZ,AWP,WE,Towers with Radar,0,25,74,0,99,0,3,99,1,103,0,28,173,1,202,113,0,113,315
09/30/2013,SDL,AZ,AWP,WE,Towers with Radar,0,17,91,0,108,0,11,112,1,124,0,28,203,1,232,190,0,190,422
10/01/2013,SDL,AZ,AWP,WE,Towers with Radar,0,22,93,1,116,0,15,154,0,169,0,37,247,1,285,224,0,224,509
10/02/2013,SDL,AZ,AWP,WE,Towers with Radar,0,24,116,1,141,0,9,157,0,166,0,33,273,1,307,238,0,238,545
10/03/2013,SDL,AZ,AWP,WE,Towers with Radar,0,26,83,0,109,0,23,137,0,160,0,49,220,0,269,206,0,206,475
10/04/2013,SDL,AZ,AWP,WE,Towers with Radar,0,29,90,0,119,0,20,133,0,153,0,49,223,0,272,214,0,214,486
10/05/2013,SDL,AZ,AWP,WE,Towers with Radar,0,12,68,0,80,0,4,80,0,84,0,16,148,0,164,92,0,92,256
10/06/2013,SDL,AZ,AWP,WE,Towers with Radar,0,21,95,0,116,0,2,125,0,127,0,23,220,0,243,75,0,75,318
10/07/2013,SDL,AZ,AWP,WE,Towers with Radar,0,18,68,2,88,0,18,126,0,144,0,36,194,2,232,254,0,254,486
10/08/2013,SDL,AZ,AWP,WE,Towers with Radar,0,21,88,0,109,0,17,145,0,162,0,38,233,0,271,192,0,192,463
10/09/2013,SDL,AZ,AWP,WE,Towers with Radar,0,15,73,0,88,0,17,102,1,120,0,32,175,1,208,135,0,135,343
10/10/2013,SDL,AZ,AWP,WE,Towers with Radar,0,19,78,2,99,0,13,126,0,139,0,32,204,2,238,231,0,231,469
10/11/2013,SDL,AZ,AWP,WE,Towers with Radar,0,32,109,0,141,0,8,195,0,203,0,40,304,0,344,126,0,126,470
10/12/2013,SDL,AZ,AWP,WE,Towers with Radar,0,19,72,0,91,0,3,100,0,103,0,22,172,0,194,62,0,62,256
10/13/2013,SDL,AZ,AWP,WE,Towers with Radar,0,32,99,0,131,0,8,91,0,99,0,40,190,0,230,86,0,86,316
10/14/2013,SDL,AZ,AWP,WE,Towers with Radar,0,21,104,0,125,0,10,124,0,134,0,31,228,0,259,226,0,226,485
10/15/2013,SDL,AZ,AWP,WE,Towers with Radar,0,19,124,0,143,0,22,174,0,196,0,41,298,0,339,213,0,213,552
10/16/2013,SDL,AZ,AWP,WE,Towers with Radar,0,28,119,0,147,0,10,130,0,140,0,38,249,0,287,200,0,200,487
10/17/2013,SDL,AZ,AWP,WE,Towers with Radar,0,20,117,0,137,0,3,145,0,148,0,23,262,0,285,170,0,170,455
10/18/2013,SDL,AZ,AWP,WE,Towers with Radar,0,22,114,1,137,0,10,126,0,136,0,32,240,1,273,189,0,189,462
10/19/2013,SDL,AZ,AWP,WE,Towers with Radar,0,16,68,1,85,0,7,104,0,111,0,23,172,1,196,86,0,86,282
10/20/2013,SDL,AZ,AWP,WE,Towers with Radar,0,24,101,0,125,0,1,126,0,127,0,25,227,0,252,116,0,116,368
10/21/2013,SDL,AZ,AWP,WE,Towers with Radar,0,26,80,0,106,0,13,148,0,161,0,39,228,0,267,204,0,204,471
10/22/2013,SDL,AZ,AWP,WE,Towers with Radar,0,34,132,1,167,0,16,191,0,207,0,50,323,1,374,242,0,242,616
10/23/2013,SDL,AZ,AWP,WE,Towers with Radar,0,42,106,2,150,0,9,168,0,177,0,51,274,2,327,176,0,176,503
10/24/2013,SDL,AZ,AWP,WE,Towers with Radar,0,35,140,0,175,0,37,158,1,196,0,72,298,1,371,155,0,155,526
10/25/2013,SDL,AZ,AWP,WE,Towers with Radar,0,23,90,0,113,0,21,179,2,202,0,44,269,2,315,222,2,224,539
10/26/2013,SDL,AZ,AWP,WE,Towers with Radar,0,28,57,0,85,0,4,140,0,144,0,32,197,0,229,246,0,246,475
10/27/2013,SDL,AZ,AWP,WE,Towers with Radar,0,29,99,0,128,0,7,122,1,130,0,36,221,1,258,148,0,148,406
10/28/2013,SDL,AZ,AWP,WE,Towers with Radar,0,28,110,2,140,0,6,143,0,149,0,34,253,2,289,144,0,144,433
10/29/2013,SDL,AZ,AWP,WE,Towers with Radar,0,23,99,0,122,0,12,142,0,154,0,35,241,0,276,160,0,160,436
10/30/2013,SDL,AZ,AWP,WE,Towers with Radar,0,22,96,4,122,0,14,162,3,179,0,36,258,7,301,200,0,200,501
10/31/2013,SDL,AZ,AWP,WE,Towers with Radar,0,23,74,0,97,1,24,148,2,175,1,47,222,2,272,170,0,170,442
11/01/2013,SDL,AZ,AWP,WE,Towers with Radar,0,35,104,4,143,0,18,142,10,170,0,53,246,14,313,191,2,193,506
11/02/2013,SDL,AZ,AWP,WE,Towers with Radar,0,22,52,1,75,0,15,138,19,172,0,37,190,20,247,222,2,224,471
11/03/2013,SDL,AZ,AWP,WE,Towers with Radar,0,30,108,3,141,0,9,104,1,114,0,39,212,4,255,110,0,110,365
11/04/2013,SDL,AZ,AWP,WE,Towers with Radar,0,27,96,0,123,0,16,153,14,183,0,43,249,14,306,228,0,228,534
11/05/2013,SDL,AZ,AWP,WE,Towers with Radar,0,19,116,4,139,0,21,147,0,168,0,40,263,4,307,189,0,189,496
11/06/2013,SDL,AZ,AWP,WE,Towers with Radar,0,33,109,6,148,0,16,132,9,157,0,49,241,15,305,256,10,266,571
11/07/2013,SDL,AZ,AWP,WE,Towers with Radar,0,28,94,4,126,0,18,160,6,184,0,46,254,10,310,211,0,211,521
11/08/2013,SDL,AZ,AWP,WE,Towers with Radar,0,37,99,1,137,0,16,170,0,186,0,53,269,1,323,270,0,270,593
11/09/2013,SDL,AZ,AWP,WE,Towers with Radar,0,25,103,1,129,0,9,155,1,165,0,34,258,2,294,142,0,142,436
11/10/2013,SDL,AZ,AWP,WE,Towers with Radar,0,25,94,1,120,0,15,127,1,143,0,40,221,2,263,146,0,146,409
11/11/2013,SDL,AZ,AWP,WE,Towers with Radar,0,35,125,0,160,0,13,164,0,177,0,48,289,0,337,209,0,209,546
11/12/2013,SDL,AZ,AWP,WE,Towers with Radar,1,32,153,0,186,0,27,138,0,165,1,59,291,0,351,164,0,164,515
11/13/2013,SDL,AZ,AWP,WE,Towers with Radar,0,34,110,0,144,0,23,133,0,156,0,57,243,0,300,160,0,160,460
11/14/2013,SDL,AZ,AWP,WE,Towers with Radar,0,40,89,3,132,0,17,165,0,182,0,57,254,3,314,208,0,208,522
11/15/2013,SDL,AZ,AWP,WE,Towers with Radar,0,29,100,0,129,0,24,127,0,151,0,53,227,0,280,226,2,228,508
11/16/2013,SDL,AZ,AWP,WE,Towers with Radar,0,18,55,0,73,0,15,91,0,106,0,33,146,0,179,174,0,174,353
11/17/2013,SDL,AZ,AWP,WE,Towers with Radar,0,24,91,0,115,0,9,132,0,141,0,33,223,0,256,126,0,126,382
11/18/2013,SDL,AZ,AWP,WE,Towers with Radar,0,25,117,0,142,0,10,178,0,188,0,35,295,0,330,238,0,238,568
11/19/2013,SDL,AZ,AWP,WE,Towers with Radar,0,34,106,0,140,0,26,121,18,165,0,60,227,18,305,199,0,199,504
11/20/2013,SDL,AZ,AWP,WE,Towers with Radar,0,24,106,1,131,0,10,134,1,145,0,34,240,2,276,262,0,262,538
11/21/2013,SDL,AZ,AWP,WE,Towers with Radar,0,23,104,4,131,0,13,127,1,141,0,36,231,5,272,228,0,228,500
11/22/2013,SDL,AZ,AWP,WE,Towers with Radar,0,33,87,2,122,0,2,34,0,36,0,35,121,2,158,156,0,156,314
11/23/2013,SDL,AZ,AWP,WE,Towers with Radar,0,20,60,0,80,0,13,32,0,45,0,33,92,0,125,84,0,84,209
11/24/2013,SDL,AZ,AWP,WE,Towers with Radar,1,35,65,1,102,0,6,52,0,58,1,41,117,1,160,71,0,71,231
11/25/2013,SDL,AZ,AWP,WE,Towers with Radar,0,35,93,1,129,0,13,140,0,153,0,48,233,1,282,245,0,245,527
11/26/2013,SDL,AZ,AWP,WE,Towers with Radar,0,39,105,2,146,0,11,161,0,172,0,50,266,2,318,256,0,256,574
11/27/2013,SDL,AZ,AWP,WE,Towers with Radar,0,38,104,2,144,0,14,142,0,156,0,52,246,2,300,122,0,122,422
11/28/2013,SDL,AZ,AWP,WE,Towers with Radar,0,14,29,0,43,0,1,36,1,38,0,15,65,1,81,18,0,18,99
11/29/2013,SDL,AZ,AWP,WE,Towers with Radar,0,38,54,0,92,0,14,85,0,99,0,52,139,0,191,62,0,62,253
11/30/2013,SDL,AZ,AWP,WE,Towers with Radar,0,42,71,0,113,0,4,144,0,148,0,46,215,0,261,126,0,126,387
12/01/2013,SDL,AZ,AWP,WE,Towers with Radar,0,54,144,0,198,0,4,89,0,93,0,58,233,0,291,67,0,67,358
12/02/2013,SDL,AZ,AWP,WE,Towers with Radar,0,40,90,2,132,0,24,102,0,126,0,64,192,2,258,215,0,215,473
12/03/2013,SDL,AZ,AWP,WE,Towers with Radar,0,31,94,1,126,0,29,141,4,174,0,60,235,5,300,180,0,180,480
12/04/2013,SDL,AZ,AWP,WE,Towers with Radar,0,40,84,6,130,0,10,90,0,100,0,50,174,6,230,160,0,160,390
12/05/2013,SDL,AZ,AWP,WE,Towers with Radar,0,33,85,3,121,0,10,160,7,177,0,43,245,10,298,130,0,130,428
12/06/2013,SDL,AZ,AWP,WE,Towers with Radar,0,30,81,0,111,0,20,147,0,167,0,50,228,0,278,200,0,200,478
12/07/2013,SDL,AZ,AWP,WE,Towers with Radar,0,30,64,0,94,0,9,100,1,110,0,39,164,1,204,64,0,64,268
12/08/2013,SDL,AZ,AWP,WE,Towers with Radar,0,21,65,0,86,0,4,125,4,133,0,25,190,4,219,164,0,164,383
12/09/2013,SDL,AZ,AWP,WE,Towers with Radar,0,20,88,2,110,0,17,107,0,124,0,37,195,2,234,177,0,177,411
12/10/2013,SDL,AZ,AWP,WE,Towers with Radar,0,24,89,0,113,0,11,126,0,137,0,35,215,0,250,173,0,173,423
12/11/2013,SDL,AZ,AWP,WE,Towers with Radar,0,29,102,0,131,0,15,124,0,139,0,44,226,0,270,104,0,104,374
12/12/2013,SDL,AZ,AWP,WE,Towers with Radar,0,28,106,0,134,0,4,123,0,127,0,32,229,0,261,114,0,114,375
12/13/2013,SDL,AZ,AWP,WE,Towers with Radar,0,31,88,2,121,0,17,124,0,141,0,48,212,2,262,194,0,194,456
12/14/2013,SDL,AZ,AWP,WE,Towers with Radar,0,23,60,0,83,0,4,122,0,126,0,27,182,0,209,118,0,118,327
12/15/2013,SDL,AZ,AWP,WE,Towers with Radar,0,27,62,0,89,0,4,105,0,109,0,31,167,0,198,132,0,132,330
12/16/2013,SDL,AZ,AWP,WE,Towers with Radar,0,25,73,1,99,0,22,105,0,127,0,47,178,1,226,141,0,141,367
12/17/2013,SDL,AZ,AWP,WE,Towers with Radar,0,26,98,0,124,0,21,135,0,156,0,47,233,0,280,178,0,178,458
12/18/2013,SDL,AZ,AWP,WE,Towers with Radar,0,20,105,5,130,0,16,135,1,152,0,36,240,6,282,202,0,202,484
12/19/2013,SDL,AZ,AWP,WE,Towers with Radar,0,40,71,3,114,0,17,108,0,125,0,57,179,3,239,139,0,139,378
12/20/2013,SDL,AZ,AWP,WE,Towers with Radar,0,30,68,5,103,0,23,63,0,86,0,53,131,5,189,62,0,62,251
12/21/2013,SDL,AZ,AWP,WE,Towers with Radar,0,31,61,0,92,0,4,63,0,67,0,35,124,0,159,78,0,78,237
12/22/2013,SDL,AZ,AWP,WE,Towers with Radar,0,31,52,0,83,0,7,67,0,74,0,38,119,0,157,92,0,92,249
12/23/2013,SDL,AZ,AWP,WE,Towers with Radar,0,23,63,1,87,0,12,121,0,133,0,35,184,1,220,134,0,134,354
12/24/2013,SDL,AZ,AWP,WE,Towers with Radar,0,23,29,0,52,0,26,85,0,111,0,49,114,0,163,108,0,108,271
12/25/2013,SDL,AZ,AWP,WE,Towers with Radar,0,18,22,0,40,0,7,11,0,18,0,25,33,0,58,8,0,8,66
12/26/2013,SDL,AZ,AWP,WE,Towers with Radar,0,48,77,0,125,0,3,103,0,106,0,51,180,0,231,106,0,106,337
12/27/2013,SDL,AZ,AWP,WE,Towers with Radar,0,40,91,0,131,0,18,107,2,127,0,58,198,2,258,188,0,188,446
12/28/2013,SDL,AZ,AWP,WE,Towers with Radar,0,47,79,0,126,0,11,77,2,90,0,58,156,2,216,96,0,96,312
12/29/2013,SDL,AZ,AWP,WE,Towers with Radar,0,31,83,0,114,0,18,92,0,110,0,49,175,0,224,70,0,70,294
12/30/2013,SDL,AZ,AWP,WE,Towers with Radar,0,40,81,0,121,0,16,108,0,124,0,56,189,0,245,180,0,180,425
12/31/2013,SDL,AZ,AWP,WE,Towers with Radar,0,25,53,0,78,0,15,89,0,104,0,40,142,0,182,98,0,98,280
01/01/2014,SDL,AZ,AWP,WE,Towers with Radar,0,38,42,0,80,0,4,61,0,65,0,42,103,0,145,14,0,14,159
01/02/2014,SDL,AZ,AWP,WE,Towers with Radar,0,35,89,4,128,0,13,103,0,116,0,48,192,4,244,69,0,69,313
01/03/2014,SDL,AZ,AWP,WE,Towers with Radar,0,49,103,0,152,0,18,123,2,143,0,67,226,2,295,178,0,178,473
01/04/2014,SDL,AZ,AWP,WE,Towers with Radar,0,34,89,0,123,0,1,112,0,113,0,35,201,0,236,130,0,130,366
01/05/2014,SDL,AZ,AWP,WE,Towers with Radar,0,33,101,4,138,0,14,91,0,105,0,47,192,4,243,112,0,112,355
01/06/2014,SDL,AZ,AWP,WE,Towers with Radar,0,30,79,0,109,0,18,133,3,154,0,48,212,3,263,142,0,142,405
01/07/2014,SDL,AZ,AWP,WE,Towers with Radar,0,32,91,4,127,0,19,146,11,176,0,51,237,15,303,161,2,163,466
01/08/2014,SDL,AZ,AWP,WE,Towers with Radar,0,24,94,8,126,0,10,143,0,153,0,34,237,8,279,142,0,142,421
01/09/2014,SDL,AZ,AWP,WE,Towers with Radar,0,34,101,0,135,0,11,168,0,179,0,45,269,0,314,158,0,158,472
01/10/2014,SDL,AZ,AWP,WE,Towers with Radar,0,30,94,2,126,0,11,156,0,167,0,41,250,2,293,140,0,140,433
01/11/2014,SDL,AZ,AWP,WE,Towers with Radar,0,27,67,2,96,0,8,125,1,134,0,35,192,3,230,170,0,170,400
01/12/2014,SDL,AZ,AWP,WE,Towers with Radar,0,49,96,0,145,0,8,91,0,99,0,57,187,0,244,78,1,79,323
01/13/2014,SDL,AZ,AWP,WE,Towers with Radar,0,33,84,0,117,0,17,137,0,154,0,50,221,0,271,150,0,150,421
01/14/2014,SDL,AZ,AWP,WE,Towers with Radar,0,27,113,3,143,0,13,145,0,158,0,40,258,3,301,138,0,138,439
01/15/2014,SDL,AZ,AWP,WE,Towers with Radar,0,49,134,2,185,0,24,161,0,185,0,73,295,2,370,136,0,136,506
01/16/2014,SDL,AZ,AWP,WE,Towers with Radar,0,47,151,0,198,0,9,170,2,181,0,56,321,2,379,102,0,102,481
01/17/2014,SDL,AZ,AWP,WE,Towers with Radar,0,61,135,0,196,0,22,207,0,229,0,83,342,0,425,100,0,100,525
01/18/2014,SDL,AZ,AWP,WE,Towers with Radar,0,38,118,0,156,0,14,153,0,167,0,52,271,0,323,82,0,82,405
01/19/2014,SDL,AZ,AWP,WE,Towers with Radar,0,58,159,0,217,0,4,107,4,115,0,62,266,4,332,68,0,68,400
01/20/2014,SDL,AZ,AWP,WE,Towers with Radar,0,43,114,0,157,0,22,152,0,174,0,65,266,0,331,132,0,132,463
01/21/2014,SDL,AZ,AWP,WE,Towers with Radar,0,34,80,0,114,0,20,138,0,158,0,54,218,0,272,194,0,194,466
01/22/2014,SDL,AZ,AWP,WE,Towers with Radar,0,37,89,2,128,0,14,149,0,163,0,51,238,2,291,158,2,160,451
01/23/2014,SDL,AZ,AWP,WE,Towers with Radar,0,44,125,2,171,0,12,161,0,173,0,56,286,2,344,116,0,116,460
01/24/2014,SDL,AZ,AWP,WE,Towers with Radar,0,48,114,0,162,0,12,161,0,173,0,60,275,0,335,150,0,150,485
01/25/2014,SDL,AZ,AWP,WE,Towers with Radar,0,31,86,1,118,0,4,139,0,143,0,35,225,1,261,126,0,126,387
01/26/2014,SDL,AZ,AWP,WE,Towers with Radar,0,34,107,1,142,0,4,129,0,133,0,38,236,1,275,101,0,101,376
01/27/2014,SDL,AZ,AWP,WE,Towers with Radar,0,36,99,0,135,0,9,171,0,180,0,45,270,0,315,168,0,168,483
01/28/2014,SDL,AZ,AWP,WE,Towers with Radar,0,46,136,0,182,0,21,201,0,222,0,67,337,0,404,221,0,221,625
01/29/2014,SDL,AZ,AWP,WE,Towers with Radar,0,49,132,0,181,0,20,172,0,192,0,69,304,0,373,144,2,146,519
01/30/2014,SDL,AZ,AWP,WE,Towers with Radar,0,40,144,1,185,0,17,149,0,166,0,57,293,1,351,94,0,94,445
01/31/2014,SDL,AZ,AWP,WE,Towers with Radar,0,55,149,3,207,0,18,146,0,164,0,73,295,3,371,62,0,62,433
02/01/2014,SDL,AZ,AWP,WE,Towers with Radar,0,33,74,0,107,0,13,92,0,105,0,46,166,0,212,68,0,68,280
02/02/2014,SDL,AZ,AWP,WE,Towers with Radar,0,47,74,1,122,0,0,77,0,77,0,47,151,1,199,48,0,48,247
02/03/2014,SDL,AZ,AWP,WE,Towers with Radar,0,52,122,0,174,0,15,135,0,150,0,67,257,0,324,142,0,142,466
02/04/2014,SDL,AZ,AWP,WE,Towers with Radar,0,33,77,0,110,0,16,173,1,190,0,49,250,1,300,206,1,207,507
02/05/2014,SDL,AZ,AWP,WE,Towers with Radar,0,27,98,2,127,0,16,132,0,148,0,43,230,2,275,204,0,204,479
02/06/2014,SDL,AZ,AWP,WE,Towers with Radar,0,25,101,2,128,0,8,121,0,129,0,33,222,2,257,177,0,177,434
02/07/2014,SDL,AZ,AWP,WE,Towers with Radar,0,41,113,4,158,0,12,127,0,139,0,53,240,4,297,194,0,194,491
02/08/2014,SDL,AZ,AWP,WE,Towers with Radar,0,26,73,0,99,0,10,134,0,144,0,36,207,0,243,66,0,66,309
02/09/2014,SDL,AZ,AWP,WE,Towers with Radar,0,37,122,0,159,0,10,123,0,133,0,47,245,0,292,90,0,90,382
02/10/2014,SDL,AZ,AWP,WE,Towers with Radar,0,44,91,0,135,0,10,144,0,154,0,54,235,0,289,281,0,281,570
02/11/2014,SDL,AZ,AWP,WE,Towers with Radar,0,29,109,2,140,0,18,145,0,163,0,47,254,2,303,232,0,232,535
02/12/2014,SDL,AZ,AWP,WE,Towers with Radar,0,47,114,4,165,0,16,162,0,178,0,63,276,4,343,176,0,176,519
02/13/2014,SDL,AZ,AWP,WE,Towers with Radar,0,49,144,4,197,0,13,192,2,207,0,62,336,6,404,107,0,107,511
02/14/2014,SDL,AZ,AWP,WE,Towers with Radar,0,43,140,9,192,1,28,162,7,198,1,71,302,16,390,106,8,114,504
02/15/2014,SDL,AZ,AWP,WE,Towers with Radar,0,53,74,2,129,0,5,160,17,182,0,58,234,19,311,92,0,92,403
02/16/2014,SDL,AZ,AWP,WE,Towers with Radar,0,40,106,0,146,0,3,123,0,126,0,43,229,0,272,143,0,143,415
02/17/2014,SDL,AZ,AWP,WE,Towers with Radar,0,56,146,2,204,0,20,132,36,188,0,76,278,38,392,106,4,110,502
02/18/2014,SDL,AZ,AWP,WE,Towers with Radar,0,41,122,2,165,0,27,179,11,217,0,68,301,13,382,150,4,154,536
02/19/2014,SDL,AZ,AWP,WE,Towers with Radar,0,35,120,0,155,0,10,177,0,187,0,45,297,0,342,164,0,164,506
02/20/2014,SDL,AZ,AWP,WE,Towers with Radar,0,42,107,0,149,0,28,142,0,170,0,70,249,0,319,172,0,172,491
02/21/2014,SDL,AZ,AWP,WE,Towers with Radar,0,27,109,4,140,0,18,168,1,187,0,45,277,5,327,194,0,194,521
02/22/2014,SDL,AZ,AWP,WE,Towers with Radar,0,30,85,1,116,0,11,145,1,157,0,41,230,2,273,153,0,153,426
02/23/2014,SDL,AZ,AWP,WE,Towers with Radar,0,44,131,7,182,0,8,118,6,132,0,52,249,13,314,94,28,122,436
02/24/2014,SDL,AZ,AWP,WE,Towers with Radar,0,32,81,2,115,0,15,142,8,165,0,47,223,10,280,273,8,281,561
02/25/2014,SDL,AZ,AWP,WE,Towers with Radar,0,33,96,0,129,0,26,122,11,159,0,59,218,11,288,168,0,168,456
02/26/2014,SDL,AZ,AWP,WE,Towers with Radar,0,39,97,2,138,0,17,148,10,175,0,56,245,12,313,168,2,170,483
02/27/2014,SDL,AZ,AWP,WE,Towers with Radar,0,33,111,1,145,1,10,124,0,135,1,43,235,1,280,180,0,180,460
02/28/2014,SDL,AZ,AWP,WE,Towers with Radar,0,44,118,2,164,0,3,0,0,3,0,47,118,2,167,0,0,0,167
03/01/2014,SDL,AZ,AWP,WE,Towers with Radar,0,24,70,0,94,0,0,0,0,0,0,24,70,0,94,0,0,0,94
03/02/2014,SDL,AZ,AWP,WE,Towers with Radar,0,46,115,3,164,0,3,68,0,71,0,49,183,3,235,100,0,100,335
03/03/2014,SDL,AZ,AWP,WE,Towers with Radar,0,30,100,1,131,1,13,169,0,183,1,43,269,1,314,243,1,244,558
03/04/2014,SDL,AZ,AWP,WE,Towers with Radar,0,41,111,4,156,0,24,176,0,200,0,65,287,4,356,183,0,183,539
03/05/2014,SDL,AZ,AWP,WE,Towers with Radar,0,42,108,2,152,0,6,172,1,179,0,48,280,3,331,186,0,186,517
03/06/2014,SDL,AZ,AWP,WE,Towers with Radar,0,34,109,0,143,0,12,135,3,150,0,46,244,3,293,194,0,194,487
03/07/2014,SDL,AZ,AWP,WE,Towers with Radar,0,48,155,0,203,0,16,183,0,199,0,64,338,0,402,236,0,236,638
03/08/2014,SDL,AZ,AWP,WE,Towers with Radar,0,39,88,0,127,0,3,122,0,125,0,42,210,0,252,134,0,134,386
03/09/2014,SDL,AZ,AWP,WE,Towers with Radar,0,44,97,0,141,0,10,142,0,152,0,54,239,0,293,136,0,136,429
03/10/2014,SDL,AZ,AWP,WE,Towers with Radar,0,39,84,0,123,0,16,147,1,164,0,55,231,1,287,240,0,240,527
03/11/2014,SDL,AZ,AWP,WE,Towers with Radar,0,29,121,0,150,0,13,118,0,131,0,42,239,0,281,152,0,152,433
03/12/2014,SDL,AZ,AWP,WE,Towers with Radar,0,48,126,0,174,1,34,125,0,160,1,82,251,0,334,261,0,261,595
03/13/2014,SDL,AZ,AWP,WE,Towers with Radar,0,38,114,0,152,0,19,151,2,172,0,57,265,2,324,184,0,184,508
03/14/2014,SDL,AZ,AWP,WE,Towers with Radar,0,50,118,1,169,0,22,170,0,192,0,72,288,1,361,148,0,148,509
03/15/2014,SDL,AZ,AWP,WE,Towers with Radar,0,42,69,0,111,0,6,92,0,98,0,48,161,0,209,62,0,62,271
03/16/2014,SDL,AZ,AWP,WE,Towers with Radar,0,62,159,0,221,0,5,112,0,117,0,67,271,0,338,90,0,90,428
03/17/2014,SDL,AZ,AWP,WE,Towers with Radar,0,39,99,0,138,0,13,141,1,155,0,52,240,1,293,159,0,159,452
03/18/2014,SDL,AZ,AWP,WE,Towers with Radar,0,45,113,0,158,0,23,136,0,159,0,68,249,0,317,194,0,194,511
03/19/2014,SDL,AZ,AWP,WE,Towers with Radar,0,40,88,1,129,0,17,158,2,177,0,57,246,3,306,116,4,120,426
03/20/2014,SDL,AZ,AWP,WE,Towers with Radar,0,54,105,2,161,0,6,160,1,167,0,60,265,3,328,168,2,170,498
03/21/2014,SDL,AZ,AWP,WE,Towers with Radar,0,46,127,2,175,0,7,146,3,156,0,53,273,5,331,168,0,168,499
03/22/2014,SDL,AZ,AWP,WE,Towers with Radar,1,37,107,0,145,0,20,126,0,146,1,57,233,0,291,164,0,164,455
03/23/2014,SDL,AZ,AWP,WE,Towers with Radar,0,64,118,0,182,0,16,111,3,130,0,80,229,3,312,130,0,130,442
03/24/2014,SDL,AZ,AWP,WE,Towers with Radar,0,37,90,2,129,0,17,128,0,145,0,54,218,2,274,262,0,262,536
03/25/2014,SDL,AZ,AWP,WE,Towers with Radar,0,37,100,2,139,0,25,150,0,175,0,62,250,2,314,279,0,279,593
03/26/2014,SDL,AZ,AWP,WE,Towers with Radar,0,44,80,3,127,0,29,108,0,137,0,73,188,3,264,144,0,144,408
03/27/2014,SDL,AZ,AWP,WE,Towers with Radar,0,51,90,0,141,0,12,124,0,136,0,63,214,0,277,196,0,196,473
03/28/2014,SDL,AZ,AWP,WE,Towers with Radar,0,55,106,0,161,0,11,164,0,175,0,66,270,0,336,220,0,220,556
03/29/2014,SDL,AZ,AWP,WE,Towers with Radar,0,30,96,1,127,0,10,127,1,138,0,40,223,2,265,184,0,184,449
03/30/2014,SDL,AZ,AWP,WE,Towers with Radar,0,41,108,0,149,0,16,94,0,110,0,57,202,0,259,144,0,144,403
03/31/2014,SDL,AZ,AWP,WE,Towers with Radar,0,35,89,1,125,0,12,139,0,151,0,47,228,1,276,237,0,237,513
04/01/2014,SDL,AZ,AWP,WE,Towers with Radar,0,36,79,0,115,0,19,124,0,143,0,55,203,0,258,134,0,134,392
04/02/2014,SDL,AZ,AWP,WE,Towers with Radar,0,39,107,4,150,0,16,100,0,116,0,55,207,4,266,177,0,177,443
04/03/2014,SDL,AZ,AWP,WE,Towers with Radar,0,36,95,2,133,0,22,130,0,152,0,58,225,2,285,166,0,166,451
04/04/2014,SDL,AZ,AWP,WE,Towers with Radar,0,36,110,3,149,0,16,160,0,176,0,52,270,3,325,156,0,156,481
04/05/2014,SDL,AZ,AWP,WE,Towers with Radar,0,25,67,0,92,0,15,105,0,120,0,40,172,0,212,52,0,52,264
04/06/2014,SDL,AZ,AWP,WE,Towers with Radar,0,52,113,0,165,0,14,105,4,123,0,66,218,4,288,142,0,142,430
04/07/2014,SDL,AZ,AWP,WE,Towers with Radar,0,33,76,3,112,0,20,148,1,169,0,53,224,4,281,187,0,187,468
04/08/2014,SDL,AZ,AWP,WE,Towers with Radar,0,34,114,1,149,0,18,160,0,178,0,52,274,1,327,254,0,254,581
04/09/2014,SDL,AZ,AWP,WE,Towers with Radar,0,34,75,4,113,0,26,137,0,163,0,60,212,4,276,212,5,217,493
04/10/2014,SDL,AZ,AWP,WE,Towers with Radar,0,40,100,2,142,0,21,158,0,179,0,61,258,2,321,231,0,231,552
04/11/2014,SDL,AZ,AWP,WE,Towers with Radar,0,57,97,2,156,0,12,144,6,162,0,69,241,8,318,118,0,118,436
04/12/2014,SDL,AZ,AWP,WE,Towers with Radar,0,34,74,0,108,0,11,98,9,118,0,45,172,9,226,169,0,169,395
04/13/2014,SDL,AZ,AWP,WE,Towers with Radar,0,51,104,0,155,0,10,93,0,103,0,61,197,0,258,70,0,70,328
04/14/2014,SDL,AZ,AWP,WE,Towers with Radar,0,36,76,2,114,0,14,134,0,148,0,50,210,2,262,218,0,218,480
04/15/2014,SDL,AZ,AWP,WE,Towers with Radar,0,26,100,0,126,0,27,148,0,175,0,53,248,0,301,192,2,194,495
04/16/2014,SDL,AZ,AWP,WE,Towers with Radar,0,39,101,3,143,0,13,134,2,149,0,52,235,5,292,195,4,199,491
04/17/2014,SDL,AZ,AWP,WE,Towers with Radar,0,34,104,3,141,0,19,157,2,178,0,53,261,5,319,136,6,142,461
04/18/2014,SDL,AZ,AWP,WE,Towers with Radar,0,40,86,6,132,0,17,107,0,124,0,57,193,6,256,136,1,137,393
04/19/2014,SDL,AZ,AWP,WE,Towers with Radar,0,27,53,0,80,0,11,117,0,128,0,38,170,0,208,150,0,150,358
04/20/2014,SDL,AZ,AWP,WE,Towers with Radar,0,49,79,0,128,0,4,46,0,50,0,53,125,0,178,54,0,54,232
04/21/2014,SDL,AZ,AWP,WE,Towers with Radar,0,39,109,0,148,0,28,126,0,154,0,67,235,0,302,161,0,161,463
04/22/2014,SDL,AZ,AWP,WE,Towers with Radar,0,29,100,0,129,0,18,112,0,130,0,47,212,0,259,200,0,200,459
04/23/2014,SDL,AZ,AWP,WE,Towers with Radar,0,31,81,3,115,0,22,117,0,139,0,53,198,3,254,174,0,174,428
04/24/2014,SDL,AZ,AWP,WE,Towers with Radar,1,25,101,0,127,0,14,124,3,141,1,39,225,3,268,127,4,131,399
04/25/2014,SDL,AZ,AWP,WE,Towers with Radar,0,30,106,6,142,0,17,115,0,132,0,47,221,6,274,168,0,168,442
04/26/2014,SDL,AZ,AWP,WE,Towers with Radar,0,31,52,3,86,0,8,20,0,28,0,39,72,3,114,56,0,56,170
04/27/2014,SDL,AZ,AWP,WE,Towers with Radar,1,45,128,5,179,0,3,129,2,134,1,48,257,7,313,182,0,182,495
04/28/2014,SDL,AZ,AWP,WE,Towers with Radar,0,35,68,2,105,0,18,137,0,155,0,53,205,2,260,256,0,256,516
04/29/2014,SDL,AZ,AWP,WE,Towers with Radar,0,17,87,5,109,0,14,110,8,132,0,31,197,13,241,52,0,52,293
04/30/2014,SDL,AZ,AWP,WE,Towers with Radar,0,33,100,4,137,0,6,100,1,107,0,39,200,5,244,140,0,140,384
05/01/2014,SDL,AZ,AWP,WE,Towers with Radar,0,36,74,0,110,0,13,75,0,88,0,49,149,0,198,74,0,74,272
05/02/2014,SDL,AZ,AWP,WE,Towers with Radar,0,34,85,0,119,0,22,148,0,170,0,56,233,0,289,158,0,158,447
05/03/2014,SDL,AZ,AWP,WE,Towers with Radar,0,15,51,0,66,0,8,86,0,94,0,23,137,0,160,99,0,99,259
05/04/2014,SDL,AZ,AWP,WE,Towers with Radar,0,42,63,0,105,0,5,68,2,75,0,47,131,2,180,100,0,100,280
05/05/2014,SDL,AZ,AWP,WE,Towers with Radar,0,33,75,0,108,0,17,116,0,133,0,50,191,0,241,144,0,144,385
05/06/2014,SDL,AZ,AWP,WE,Towers with Radar,0,25,77,1,103,0,20,106,2,128,0,45,183,3,231,196,0,196,427
05/07/2014,SDL,AZ,AWP,WE,Towers with Radar,0,29,87,5,121,0,16,134,2,152,0,45,221,7,273,150,0,150,423
05/08/2014,SDL,AZ,AWP,WE,Towers with Radar,0,32,102,1,135,0,7,122,3,132,0,39,224,4,267,207,0,207,474
05/09/2014,SDL,AZ,AWP,WE,Towers with Radar,0,38,93,0,131,0,11,145,0,156,0,49,238,0,287,190,0,190,477
05/10/2014,SDL,AZ,AWP,WE,Towers with Radar,0,22,62,0,84,0,15,100,0,115,0,37,162,0,199,218,0,218,417
05/11/2014,SDL,AZ,AWP,WE,Towers with Radar,0,27,66,2,95,0,7,36,0,43,0,34,102,2,138,10,0,10,148
05/12/2014,SDL,AZ,AWP,WE,Towers with Radar,0,31,88,3,122,0,11,128,0,139,0,42,216,3,261,285,0,285,546
05/13/2014,SDL,AZ,AWP,WE,Towers with Radar,0,20,77,0,97,0,22,110,5,137,0,42,187,5,234,179,0,179,413
05/14/2014,SDL,AZ,AWP,WE,Towers with Radar,0,34,100,0,134,0,16,102,0,118,0,50,202,0,252,179,0,179,431
05/15/2014,SDL,AZ,AWP,WE,Towers with Radar,0,27,95,2,124,0,13,105,5,123,0,40,200,7,247,167,0,167,414
05/16/2014,SDL,AZ,AWP,WE,Towers with Radar,0,32,91,2,125,0,17,113,2,132,0,49,204,4,257,136,0,136,393
05/17/2014,SDL,AZ,AWP,WE,Towers with Radar,0,22,61,1,84,0,4,96,2,102,0,26,157,3,186,146,0,146,332
05/18/2014,SDL,AZ,AWP,WE,Towers with Radar,0,29,91,3,123,0,19,64,7,90,0,48,155,10,213,132,0,132,345
05/19/2014,SDL,AZ,AWP,WE,Towers with Radar,0,28,72,10,110,0,21,104,3,128,0,49,176,13,238,130,4,134,372
05/20/2014,SDL,AZ,AWP,WE,Towers with Radar,0,29,81,4,114,0,17,110,2,129,0,46,191,6,243,202,0,202,445
05/21/2014,SDL,AZ,AWP,WE,Towers with Radar,0,19,64,1,84,0,22,130,0,152,0,41,194,1,236,254,0,254,490
05/22/2014,SDL,AZ,AWP,WE,Towers with Radar,0,36,68,1,105,0,15,131,0,146,0,51,199,1,251,223,0,223,474
05/23/2014,SDL,AZ,AWP,WE,Towers with Radar,0,26,89,1,116,0,23,117,0,140,0,49,206,1,256,193,0,193,449
05/24/2014,SDL,AZ,AWP,WE,Towers with Radar,0,18,56,6,80,0,21,91,0,112,0,39,147,6,192,172,0,172,364
05/25/2014,SDL,AZ,AWP,WE,Towers with Radar,0,12,46,0,58,0,32,58,0,90,0,44,104,0,148,108,0,108,256
05/26/2014,SDL,AZ,AWP,WE,Towers with Radar,0,27,55,6,88,0,31,112,0,143,0,58,167,6,231,130,0,130,361
05/27/2014,SDL,AZ,AWP,WE,Towers with Radar,0,25,96,4,125,0,20,127,0,147,0,45,223,4,272,119,0,119,391
05/28/2014,SDL,AZ,AWP,WE,Towers with Radar,0,13,78,0,91,0,17,157,0,174,0,30,235,0,265,258,0,258,523
05/29/2014,SDL,AZ,AWP,WE,Towers with Radar,0,25,76,6,107,0,20,127,0,147,0,45,203,6,254,186,0,186,440
05/30/2014,SDL,AZ,AWP,WE,Towers with Radar,0,19,75,2,96,0,29,121,0,150,0,48,196,2,246,142,0,142,388
05/31/2014,SDL,AZ,AWP,WE,Towers with Radar,0,21,48,0,69,0,4,82,0,86,0,25,130,0,155,107,0,107,262
06/01/2014,SDL,AZ,AWP,WE,Towers with Radar,0,25,74,0,99,0,6,56,0,62,0,31,130,0,161,100,0,100,261
06/02/2014,SDL,AZ,AWP,WE,Towers with Radar,0,20,60,0,80,0,16,142,0,158,0,36,202,0,238,132,0,132,370
06/03/2014,SDL,AZ,AWP,WE,Towers with Radar,0,12,82,0,94,0,21,134,0,155,0,33,216,0,249,248,0,248,497
06/04/2014,SDL,AZ,AWP,WE,Towers with Radar,0,21,59,4,84,0,12,118,1,131,0,33,177,5,215,234,0,234,449
06/05/2014,SDL,AZ,AWP,WE,Towers with Radar,0,14,70,1,85,0,33,156,0,189,0,47,226,1,274,292,0,292,566
06/06/2014,SDL,AZ,AWP,WE,Towers with Radar,0,30,41,1,72,0,30,117,14,161,0,60,158,15,233,218,0,218,451
06/07/2014,SDL,AZ,AWP,WE,Towers with Radar,0,16,45,2,63,0,11,63,0,74,0,27,108,2,137,101,4,105,242
06/08/2014,SDL,AZ,AWP,WE,Towers with Radar,0,20,67,0,87,0,8,68,0,76,0,28,135,0,163,100,0,100,263
06/09/2014,SDL,AZ,AWP,WE,Towers with Radar,0,30,49,0,79,0,12,149,0,161,0,42,198,0,240,224,4,228,468
06/10/2014,SDL,AZ,AWP,WE,Towers with Radar,0,24,76,0,100,0,15,145,0,160,0,39,221,0,260,215,0,215,475
06/11/2014,SDL,AZ,AWP,WE,Towers with Radar,0,20,67,0,87,0,22,123,1,146,0,42,190,1,233,253,0,253,486
06/12/2014,SDL,AZ,AWP,WE,Towers with Radar,0,23,50,3,76,0,8,128,0,136,0,31,178,3,212,192,0,192,404
06/13/2014,SDL,AZ,AWP,WE,Towers with Radar,0,18,55,1,74,0,10,132,2,144,0,28,187,3,218,208,0,208,426
06/14/2014,SDL,AZ,AWP,WE,Towers with Radar,0,17,54,0,71,0,10,96,0,106,0,27,150,0,177,100,0,100,277
06/15/2014,SDL,AZ,AWP,WE,Towers with Radar,0,30,52,0,82,0,6,57,0,63,0,36,109,0,145,36,0,36,181
06/16/2014,SDL,AZ,AWP,WE,Towers with Radar,0,15,61,0,76,0,11,145,0,156,0,26,206,0,232,221,0,221,453
06/17/2014,SDL,AZ,AWP,WE,Towers with Radar,0,11,51,2,64,0,17,155,0,172,0,28,206,2,236,181,0,181,417
06/18/2014,SDL,AZ,AWP,WE,Towers with Radar,0,19,62,2,83,0,11,143,0,154,0,30,205,2,237,246,0,246,483
06/19/2014,SDL,AZ,AWP,WE,Towers with Radar,0,22,59,3,84,0,21,132,0,153,0,43,191,3,237,146,0,146,383
06/20/2014,SDL,AZ,AWP,WE,Towers with Radar,0,22,59,3,84,0,10,126,0,136,0,32,185,3,220,200,0,200,420
06/21/2014,SDL,AZ,AWP,WE,Towers with Radar,0,18,46,1,65,0,17,69,0,86,0,35,115,1,151,90,0,90,241
06/22/2014,SDL,AZ,AWP,WE,Towers with Radar,0,29,53,0,82,0,17,88,0,105,0,46,141,0,187,92,0,92,279
06/23/2014,SDL,AZ,AWP,WE,Towers with Radar,0,13,61,2,76,0,26,144,0,170,0,39,205,2,246,202,2,204,450
06/24/2014,SDL,AZ,AWP,WE,Towers with Radar,0,21,61,2,84,0,20,140,0,160,0,41,201,2,244,299,0,299,543
06/25/2014,SDL,AZ,AWP,WE,Towers with Radar,0,21,67,3,91,0,14,121,1,136,0,35,188,4,227,327,0,327,554
06/26/2014,SDL,AZ,AWP,WE,Towers with Radar,0,23,63,4,90,0,23,108,0,131,0,46,171,4,221,352,0,352,573
06/27/2014,SDL,AZ,AWP,WE,Towers with Radar,0,18,79,0,97,0,34,111,0,145,0,52,190,0,242,235,0,235,477
06/28/2014,SDL,AZ,AWP,WE,Towers with Radar,0,18,45,0,63,0,19,70,0,89,0,37,115,0,152,184,0,184,336
06/29/2014,SDL,AZ,AWP,WE,Towers with Radar,0,16,72,0,88,0,8,85,0,93,0,24,157,0,181,88,0,88,269
06/30/2014,SDL,AZ,AWP,WE,Towers with Radar,0,24,69,2,95,0,13,115,0,128,0,37,184,2,223,280,0,280,503
07/01/2014,SDL,AZ,AWP,WE,Towers with Radar,0,19,58,0,77,0,49,140,43,232,0,68,198,43,309,303,0,303,612
07/02/2014,SDL,AZ,AWP,WE,Towers with Radar,0,16,75,1,92,0,21,132,2,155,0,37,207,3,247,303,0,303,550
07/03/2014,SDL,AZ,AWP,WE,Towers with Radar,0,15,70,0,85,0,17,138,2,157,0,32,208,2,242,291,0,291,533
07/04/2014,SDL,AZ,AWP,WE,Towers with Radar,0,8,23,0,31,0,17,66,1,84,0,25,89,1,115,148,0,148,263
07/05/2014,SDL,AZ,AWP,WE,Towers with Radar,0,10,31,0,41,0,13,53,0,66,0,23,84,0,107,107,0,107,214
07/06/2014,SDL,AZ,AWP,WE,Towers with Radar,0,28,50,0,78,0,7,72,0,79,0,35,122,0,157,140,0,140,297
07/07/2014,SDL,AZ,AWP,WE,Towers with Radar,0,22,70,0,92,0,12,113,0,125,0,34,183,0,217,211,0,211,428
07/08/2014,SDL,AZ,AWP,WE,Towers with Radar,0,19,65,1,85,0,10,128,0,138,0,29,193,1,223,254,0,254,477
07/09/2014,SDL,AZ,AWP,WE,Towers with Radar,0,11,69,1,81,0,15,113,0,128,0,26,182,1,209,262,0,262,471
07/10/2014,SDL,AZ,AWP,WE,Towers with Radar,0,19,66,5,90,0,21,183,3,207,0,40,249,8,297,256,0,256,553
07/11/2014,SDL,AZ,AWP,WE,Towers with Radar,0,19,67,3,89,0,28,171,2,201,0,47,238,5,290,218,0,218,508
07/12/2014,SDL,AZ,AWP,WE,Towers with Radar,0,22,60,2,84,0,3,74,1,78,0,25,134,3,162,80,0,80,242
07/13/2014,SDL,AZ,AWP,WE,Towers with Radar,0,23,46,1,70,0,4,63,0,67,0,27,109,1,137,110,0,110,247
07/14/2014,SDL,AZ,AWP,WE,Towers with Radar,0,10,62,1,73,0,8,106,0,114,0,18,168,1,187,152,0,152,339
07/15/2014,SDL,AZ,AWP,WE,Towers with Radar,0,17,57,4,78,0,22,117,0,139,0,39,174,4,217,152,0,152,369
07/16/2014,SDL,AZ,AWP,WE,Towers with Radar,0,16,60,0,76,0,10,142,0,152,0,26,202,0,228,247,0,247,475
07/17/2014,SDL,AZ,AWP,WE,Towers with Radar,0,14,72,1,87,0,6,135,6,147,0,20,207,7,234,165,0,165,399
07/18/2014,SDL,AZ,AWP,WE,Towers with Radar,0,17,51,1,69,0,19,123,4,146,0,36,174,5,215,240,0,240,455
07/19/2014,SDL,AZ,AWP,WE,Towers with Radar,0,8,37,0,45,0,16,72,0,88,0,24,109,0,133,128,0,128,261
07/20/2014,SDL,AZ,AWP,WE,Towers with Radar,0,18,59,0,77,0,7,67,0,74,0,25,126,0,151,70,0,70,221
07/21/2014,SDL,AZ,AWP,WE,Towers with Radar,0,19,59,1,79,0,20,117,2,139,0,39,176,3,218,328,0,328,546
07/22/2014,SDL,AZ,AWP,WE,Towers with Radar,0,18,63,3,84,0,28,141,0,169,0,46,204,3,253,234,0,234,487
07/23/2014,SDL,AZ,AWP,WE,Towers with Radar,0,25,52,3,80,0,9,105,2,116,0,34,157,5,196,221,0,221,417
07/24/2014,SDL,AZ,AWP,WE,Towers with Radar,0,13,68,2,83,0,17,120,1,138,0,30,188,3,221,132,0,132,353
07/25/2014,SDL,AZ,AWP,WE,Towers with Radar,0,29,53,1,83,0,12,104,4,120,0,41,157,5,203,178,2,180,383
07/26/2014,SDL,AZ,AWP,WE,Towers with Radar,0,15,64,0,79,0,8,91,1,100,0,23,155,1,179,74,0,74,253
07/27/2014,SDL,AZ,AWP,WE,Towers with Radar,0,7,64,1,72,0,12,59,0,71,0,19,123,1,143,22,0,22,165
07/28/2014,SDL,AZ,AWP,WE,Towers with Radar,0,14,49,0,63,0,14,132,1,147,0,28,181,1,210,140,0,140,350
07/29/2014,SDL,AZ,AWP,WE,Towers with Radar,0,15,62,4,81,0,20,140,6,166,0,35,202,10,247,196,0,196,443
07/30/2014,SDL,AZ,AWP,WE,Towers with Radar,0,21,51,2,74,0,9,123,2,134,0,30,174,4,208,164,0,164,372
07/31/2014,SDL,AZ,AWP,WE,Towers with Radar,0,20,77,2,99,0,21,122,0,143,0,41,199,2,242,196,0,196,438
08/01/2014,SDL,AZ,AWP,WE,Towers with Radar,0,25,49,1,75,0,23,101,29,153,0,48,150,30,228,216,0,216,444
08/02/2014,SDL,AZ,AWP,WE,Towers with Radar,0,12,41,0,53,0,13,55,0,68,0,25,96,0,121,62,0,62,183
08/03/2014,SDL,AZ,AWP,WE,Towers with Radar,0,9,61,0,70,0,21,40,3,64,0,30,101,3,134,38,0,38,172
08/04/2014,SDL,AZ,AWP,WE,Towers with Radar,0,16,63,2,81,0,18,126,0,144,0,34,189,2,225,177,0,177,402
08/05/2014,SDL,AZ,AWP,WE,Towers with Radar,0,20,56,2,78,0,15,139,1,155,0,35,195,3,233,344,0,344,577
08/06/2014,SDL,AZ,AWP,WE,Towers with Radar,0,13,67,2,82,0,13,115,1,129,0,26,182,3,211,136,0,136,347
08/07/2014,SDL,AZ,AWP,WE,Towers with Radar,0,30,71,1,102,0,16,141,0,157,0,46,212,1,259,202,0,202,461
08/08/2014,SDL,AZ,AWP,WE,Towers with Radar,0,15,78,0,93,0,20,123,1,144,0,35,201,1,237,237,0,237,474
08/09/2014,SDL,AZ,AWP,WE,Towers with Radar,0,12,60,0,72,0,0,94,0,94,0,12,154,0,166,133,0,133,299
08/10/2014,SDL,AZ,AWP,WE,Towers with Radar,0,39,64,0,103,0,2,82,1,85,0,41,146,1,188,80,0,80,268
08/11/2014,SDL,AZ,AWP,WE,Towers with Radar,0,18,49,2,69,0,4,76,0,80,0,22,125,2,149,128,0,128,277
08/12/2014,SDL,AZ,AWP,WE,Towers with Radar,0,24,84,2,110,0,5,88,2,95,0,29,172,4,205,190,0,190,395
08/13/2014,SDL,AZ,AWP,WE,Towers with Radar,0,30,69,0,99,0,9,80,0,89,0,39,149,0,188,208,0,208,396
08/14/2014,SDL,AZ,AWP,WE,Towers with Radar,0,20,68,3,91,0,1,124,1,126,0,21,192,4,217,190,0,190,407
08/15/2014,SDL,AZ,AWP,WE,Towers with Radar,0,15,81,4,100,0,12,151,0,163,0,27,232,4,263,180,2,182,445
08/16/2014,SDL,AZ,AWP,WE,Towers with Radar,0,9,45,0,54,0,8,62,0,70,0,17,107,0,124,173,0,173,297
08/17/2014,SDL,AZ,AWP,WE,Towers with Radar,0,15,64,2,81,0,6,85,0,91,0,21,149,2,172,84,0,84,256
08/18/2014,SDL,AZ,AWP,WE,Towers with Radar,0,17,58,0,75,0,11,78,0,89,0,28,136,0,164,144,0,144,308
08/19/2014,SDL,AZ,AWP,WE,Towers with Radar,0,21,39,2,62,0,8,33,0,41,0,29,72,2,103,54,0,54,157
08/20/2014,SDL,AZ,AWP,WE,Towers with Radar,0,10,85,1,96,0,7,102,0,109,0,17,187,1,205,212,0,212,417
08/21/2014,SDL,AZ,AWP,WE,Towers with Radar,0,21,60,2,83,0,6,109,0,115,0,27,169,2,198,154,0,154,352
08/22/2014,SDL,AZ,AWP,WE,Towers with Radar,0,10,61,5,76,0,10,115,6,131,0,20,176,11,207,212,2,214,421
08/23/2014,SDL,AZ,AWP,WE,Towers with Radar,0,9,36,2,47,0,6,118,0,124,0,15,154,2,171,132,0,132,303
08/24/2014,SDL,AZ,AWP,WE,Towers with Radar,0,28,44,0,72,0,0,67,0,67,0,28,111,0,139,55,0,55,194
08/25/2014,SDL,AZ,AWP,WE,Towers with Radar,0,19,53,0,72,0,11,126,0,137,0,30,179,0,209,171,0,171,380
08/26/2014,SDL,AZ,AWP,WE,Towers with Radar,0,19,59,3,81,0,9,118,3,130,0,28,177,6,211,206,0,206,417
08/27/2014,SDL,AZ,AWP,WE,Towers with Radar,0,23,57,4,84,0,3,122,1,126,0,26,179,5,210,132,6,138,348
08/28/2014,SDL,AZ,AWP,WE,Towers with Radar,0,20,92,1,113,0,1,137,0,138,0,21,229,1,251,292,0,292,543
08/29/2014,SDL,AZ,AWP,WE,Towers with Radar,0,20,96,4,120,0,4,144,0,148,0,24,240,4,268,158,0,158,426
08/30/2014,SDL,AZ,AWP,WE,Towers with Radar,0,9,59,0,68,0,1,101,0,102,0,10,160,0,170,94,0,94,264
08/31/2014,SDL,AZ,AWP,WE,Towers with Radar,0,12,44,0,56,0,1,60,0,61,0,13,104,0,117,77,0,77,194
09/01/2014,SDL,AZ,AWP,WE,Towers with Radar,0,21,54,3,78,0,0,81,0,81,0,21,135,3,159,62,2,64,223
09/02/2014,SDL,AZ,AWP,WE,Towers with Radar,0,15,79,1,95,0,12,147,0,159,0,27,226,1,254,142,0,142,396
09/03/2014,SDL,AZ,AWP,WE,Towers with Radar,0,14,74,0,88,0,3,138,0,141,0,17,212,0,229,188,0,188,417
09/04/2014,SDL,AZ,AWP,WE,Towers with Radar,0,24,68,2,94,0,7,126,1,134,0,31,194,3,228,190,0,190,418
09/05/2014,SDL,AZ,AWP,WE,Towers with Radar,0,14,71,2,87,0,7,146,7,160,0,21,217,9,247,188,0,188,435
09/06/2014,SDL,AZ,AWP,WE,Towers with Radar,0,13,31,0,44,0,3,92,5,100,0,16,123,5,144,98,0,98,242
09/07/2014,SDL,AZ,AWP,WE,Towers with Radar,0,9,72,0,81,0,0,63,0,63,0,9,135,0,144,88,0,88,232
09/08/2014,SDL,AZ,AWP,WE,Towers with Radar,0,16,46,0,62,0,7,43,0,50,0,23,89,0,112,80,0,80,192
09/09/2014,SDL,AZ,AWP,WE,Towers with Radar,0,23,64,0,87,0,14,130,0,144,0,37,194,0,231,183,0,183,414
09/10/2014,SDL,AZ,AWP,WE,Towers with Radar,0,25,84,0,109,0,30,153,1,184,0,55,237,1,293,304,2,306,599
09/11/2014,SDL,AZ,AWP,WE,Towers with Radar,0,20,58,0,78,0,33,147,0,180,0,53,205,0,258,186,0,186,444
09/12/2014,SDL,AZ,AWP,WE,Towers with Radar,0,22,60,0,82,0,30,135,0,165,0,52,195,0,247,214,10,224,471
09/13/2014,SDL,AZ,AWP,WE,Towers with Radar,0,17,45,2,64,0,7,97,3,107,0,24,142,5,171,89,0,89,260
09/14/2014,SDL,AZ,AWP,WE,Towers with Radar,0,28,77,1,106,0,0,79,2,81,0,28,156,3,187,44,0,44,231
09/15/2014,SDL,AZ,AWP,WE,Towers with Radar,0,29,68,2,99,1,8,127,0,136,1,37,195,2,235,252,0,252,487
09/16/2014,SDL,AZ,AWP,WE,Towers with Radar,0,29,66,3,98,0,7,96,0,103,0,36,162,3,201,223,0,223,424
09/17/2014,SDL,AZ,AWP,WE,Towers with Radar,0,28,57,2,87,0,9,96,0,105,0,37,153,2,192,166,0,166,358
09/18/2014,SDL,AZ,AWP,WE,Towers with Radar,0,32,72,0,104,0,3,141,2,146,0,35,213,2,250,160,0,160,410
09/19/2014,SDL,AZ,AWP,WE,Towers with Radar,0,18,71,3,92,0,7,116,0,123,0,25,187,3,215,158,0,158,373
09/20/2014,SDL,AZ,AWP,WE,Towers with Radar,0,19,48,5,72,0,4,79,1,84,0,23,127,6,156,97,1,98,254
09/21/2014,SDL,AZ,AWP,WE,Towers with Radar,0,25,84,1,110,0,8,93,8,109,0,33,177,9,219,96,0,96,315
09/22/2014,SDL,AZ,AWP,WE,Towers with Radar,0,20,59,2,81,0,6,151,0,157,0,26,210,2,238,176,0,176,414
09/23/2014,SDL,AZ,AWP,WE,Towers with Radar,10,33,81,4,128,0,9,181,0,190,10,42,262,4,318,121,0,121,439
09/24/2014,SDL,AZ,AWP,WE,Towers with Radar,1,22,90,0,113,0,15,151,0,166,1,37,241,0,279,195,2,197,476
09/25/2014,SDL,AZ,AWP,WE,Towers with Radar,0,26,84,0,110,0,6,171,0,177,0,32,255,0,287,190,0,190,477
09/26/2014,SDL,AZ,AWP,WE,Towers with Radar,0,31,89,0,120,0,2,178,0,180,0,33,267,0,300,204,0,204,504
09/27/2014,SDL,AZ,AWP,WE,Towers with Radar,0,15,40,0,55,0,1,39,0,40,0,16,79,0,95,20,0,20,115
09/28/2014,SDL,AZ,AWP,WE,Towers with Radar,0,20,80,2,102,0,0,92,8,100,0,20,172,10,202,110,0,110,312
09/29/2014,SDL,AZ,AWP,WE,Towers with Radar,0,29,57,0,86,0,4,127,1,132,0,33,184,1,218,262,0,262,480
09/30/2014,SDL,AZ,AWP,WE,Towers with Radar,0,18,96,2,116,0,9,131,42,182,0,27,227,44,298,180,0,180,478
10/01/2014,SDL,AZ,AWP,WE,Towers with Radar,0,34,117,2,153,0,8,140,0,148,0,42,257,2,301,243,0,243,544
10/02/2014,SDL,AZ,AWP,WE,Towers with Radar,0,24,89,1,114,0,37,143,0,180,0,61,232,1,294,184,0,184,478
10/03/2014,SDL,AZ,AWP,WE,Towers with Radar,0,30,84,0,114,0,11,121,0,132,0,41,205,0,246,152,0,152,398
10/04/2014,SDL,AZ,AWP,WE,Towers with Radar,0,18,54,0,72,0,3,96,0,99,0,21,150,0,171,167,0,167,338
10/05/2014,SDL,AZ,AWP,WE,Towers with Radar,0,21,72,0,93,0,5,73,6,84,0,26,145,6,177,92,0,92,269
10/06/2014,SDL,AZ,AWP,WE,Towers with Radar,0,30,60,3,93,0,12,166,4,182,0,42,226,7,275,295,4,299,574
10/07/2014,SDL,AZ,AWP,WE,Towers with Radar,0,23,68,7,98,0,24,139,1,164,0,47,207,8,262,258,0,258,520
10/08/2014,SDL,AZ,AWP,WE,Towers with Radar,0,33,90,1,124,0,3,105,0,108,0,36,195,1,232,236,0,236,468
10/09/2014,SDL,AZ,AWP,WE,Towers with Radar,2,33,89,1,125,0,6,128,0,134,2,39,217,1,259,241,0,241,500
10/10/2014,SDL,AZ,AWP,WE,Towers with Radar,3,40,108,2,153,0,8,136,0,144,3,48,244,2,297,102,0,102,399
10/11/2014,SDL,AZ,AWP,WE,Towers with Radar,0,15,38,0,53,0,2,96,0,98,0,17,134,0,151,152,0,152,303
10/12/2014,SDL,AZ,AWP,WE,Towers with Radar,0,22,82,0,104,0,2,119,0,121,0,24,201,0,225,112,0,112,337
10/13/2014,SDL,AZ,AWP,WE,Towers with Radar,0,27,105,0,132,0,2,155,1,158,0,29,260,1,290,206,0,206,496
10/14/2014,SDL,AZ,AWP,WE,Towers with Radar,0,40,80,0,120,0,16,179,1,196,0,56,259,1,316,183,0,183,499
10/15/2014,SDL,AZ,AWP,WE,Towers with Radar,1,20,103,1,125,0,14,154,0,168,1,34,257,1,293,196,0,196,489
10/16/2014,SDL,AZ,AWP,WE,Towers with Radar,0,36,116,2,154,0,3,165,1,169,0,39,281,3,323,281,0,281,604
10/17/2014,SDL,AZ,AWP,WE,Towers with Radar,0,29,94,0,123,0,12,153,0,165,0,41,247,0,288,167,0,167,455
10/18/2014,SDL,AZ,AWP,WE,Towers with Radar,1,27,73,2,103,1,6,142,0,149,2,33,215,2,252,164,0,164,416
10/19/2014,SDL,AZ,AWP,WE,Towers with Radar,1,34,96,0,131,0,0,107,4,111,1,34,203,4,242,84,0,84,326
10/20/2014,SDL,AZ,AWP,WE,Towers with Radar,0,23,103,0,126,0,9,154,0,163,0,32,257,0,289,138,0,138,427
10/21/2014,SDL,AZ,AWP,WE,Towers with Radar,0,21,77,1,99,0,14,129,1,144,0,35,206,2,243,269,0,269,512
10/22/2014,SDL,AZ,AWP,WE,Towers with Radar,0,34,116,2,152,0,8,136,0,144,0,42,252,2,296,284,0,284,580
10/23/2014,SDL,AZ,AWP,WE,Towers with Radar,0,28,99,0,127,0,9,158,1,168,0,37,257,1,295,246,0,246,541
10/24/2014,SDL,AZ,AWP,WE,Towers with Radar,0,30,102,0,132,0,23,162,0,185,0,53,264,0,317,225,0,225,542
10/25/2014,SDL,AZ,AWP,WE,Towers with Radar,0,31,57,1,89,0,10,108,0,118,0,41,165,1,207,110,0,110,317
10/26/2014,SDL,AZ,AWP,WE,Towers with Radar,0,32,138,0,170,0,2,108,2,112,0,34,246,2,282,85,0,85,367
10/27/2014,SDL,AZ,AWP,WE,Towers with Radar,0,20,92,2,114,0,9,149,0,158,0,29,241,2,272,130,0,130,402
10/28/2014,SDL,AZ,AWP,WE,Towers with Radar,0,37,86,2,125,0,20,170,0,190,0,57,256,2,315,193,2,195,510
10/29/2014,SDL,AZ,AWP,WE,Towers with Radar,0,39,76,2,117,0,13,154,0,167,0,52,230,2,284,185,2,187,471
10/30/2014,SDL,AZ,AWP,WE,Towers with Radar,0,35,82,2,119,0,11,175,25,211,0,46,257,27,330,209,0,209,539
10/31/2014,SDL,AZ,AWP,WE,Towers with Radar,0,24,84,1,109,0,17,127,2,146,0,41,211,3,255,184,0,184,439
11/01/2014,SDL,AZ,AWP,WE,Towers with Radar,0,20,46,2,68,0,4,91,0,95,0,24,137,2,163,67,0,67,230
11/02/2014,SDL,AZ,AWP,WE,Towers with Radar,0,48,93,1,142,0,0,81,0,81,0,48,174,1,223,38,0,38,261
11/03/2014,SDL,AZ,AWP,WE,Towers with Radar,0,33,97,6,136,0,14,164,0,178,0,47,261,6,314,178,0,178,492
11/04/2014,SDL,AZ,AWP,WE,Towers with Radar,1,36,103,2,142,0,17,192,3,212,1,53,295,5,354,168,0,168,522
11/05/2014,SDL,AZ,AWP,WE,Towers with Radar,8,33,94,0,135,0,20,153,1,174,8,53,247,1,309,192,4,196,505
11/06/2014,SDL,AZ,AWP,WE,Towers with Radar,0,34,137,3,174,0,11,192,0,203,0,45,329,3,377,264,0,264,641
11/07/2014,SDL,AZ,AWP,WE,Towers with Radar,0,61,110,2,173,0,8,207,7,222,0,69,317,9,395,215,2,217,612
11/08/2014,SDL,AZ,AWP,WE,Towers with Radar,0,41,57,0,98,0,30,413,8,451,0,71,470,8,549,48,0,48,597
11/09/2014,SDL,AZ,AWP,WE,Towers with Radar,0,51,123,0,174,0,9,120,10,139,0,60,243,10,313,162,0,162,475
11/10/2014,SDL,AZ,AWP,WE,Towers with Radar,0,28,96,1,125,0,11,177,20,208,0,39,273,21,333,240,0,240,573
11/11/2014,SDL,AZ,AWP,WE,Towers with Radar,0,41,116,0,157,0,13,182,8,203,0,54,298,8,360,288,0,288,648
11/12/2014,SDL,AZ,AWP,WE,Towers with Radar,0,25,112,0,137,4,29,184,0,217,4,54,296,0,354,230,0,230,584
11/13/2014,SDL,AZ,AWP,WE,Towers with Radar,0,31,100,1,132,0,6,161,0,167,0,37,261,1,299,70,0,70,369
11/14/2014,SDL,AZ,AWP,WE,Towers with Radar,0,49,128,2,179,0,13,161,0,174,0,62,289,2,353,229,0,229,582
11/15/2014,SDL,AZ,AWP,WE,Towers with Radar,0,26,74,1,101,0,25,108,0,133,0,51,182,1,234,149,0,149,383
11/16/2014,SDL,AZ,AWP,WE,Towers with Radar,0,40,93,2,135,0,3,69,2,74,0,43,162,4,209,70,10,80,289
11/17/2014,SDL,AZ,AWP,WE,Towers with Radar,1,33,73,3,110,0,15,147,0,162,1,48,220,3,272,214,2,216,488
11/18/2014,SDL,AZ,AWP,WE,Towers with Radar,1,38,98,1,138,0,16,151,0,167,1,54,249,1,305,262,0,262,567
11/19/2014,SDL,AZ,AWP,WE,Towers with Radar,0,41,109,1,151,0,12,201,0,213,0,53,310,1,364,214,0,214,578
11/20/2014,SDL,AZ,AWP,WE,Towers with Radar,4,58,92,2,156,0,3,158,0,161,4,61,250,2,317,210,0,210,527
11/21/2014,SDL,AZ,AWP,WE,Towers with Radar,0,43,107,0,150,0,11,147,2,160,0,54,254,2,310,238,0,238,548
11/22/2014,SDL,AZ,AWP,WE,Towers with Radar,0,30,89,1,120,0,4,139,3,146,0,34,228,4,266,139,0,139,405
11/23/2014,SDL,AZ,AWP,WE,Towers with Radar,0,43,95,4,142,0,5,107,8,120,0,48,202,12,262,163,0,163,425
11/24/2014,SDL,AZ,AWP,WE,Towers with Radar,0,35,77,3,115,0,14,160,0,174,0,49,237,3,289,140,0,140,429
11/25/2014,SDL,AZ,AWP,WE,Towers with Radar,1,41,126,1,169,0,15,166,5,186,1,56,292,6,355,153,0,153,508
11/26/2014,SDL,AZ,AWP,WE,Towers with Radar,0,49,125,0,174,0,9,145,1,155,0,58,270,1,329,104,0,104,433
11/27/2014,SDL,AZ,AWP,WE,Towers with Radar,0,22,17,0,39,0,1,36,0,37,0,23,53,0,76,37,0,37,113
11/28/2014,SDL,AZ,AWP,WE,Towers with Radar,0,20,63,0,83,0,0,116,0,116,0,20,179,0,199,110,0,110,309
11/29/2014,SDL,AZ,AWP,WE,Towers with Radar,0,43,88,0,131,0,0,109,0,109,0,43,197,0,240,89,0,89,329
11/30/2014,SDL,AZ,AWP,WE,Towers with Radar,0,64,162,0,226,0,1,96,0,97,0,65,258,0,323,72,0,72,395
12/01/2014,SDL,AZ,AWP,WE,Towers with Radar,0,47,110,2,159,0,6,131,2,139,0,53,241,4,298,164,0,164,462
12/02/2014,SDL,AZ,AWP,WE,Towers with Radar,0,35,100,5,140,0,13,146,2,161,0,48,246,7,301,239,0,239,540
12/03/2014,SDL,AZ,AWP,WE,Towers with Radar,0,38,84,2,124,0,7,93,0,100,0,45,177,2,224,178,0,178,402
12/04/2014,SDL,AZ,AWP,WE,Towers with Radar,0,38,96,2,136,0,4,67,0,71,0,42,163,2,207,248,0,248,455
12/05/2014,SDL,AZ,AWP,WE,Towers with Radar,1,35,97,6,139,0,7,158,0,165,1,42,255,6,304,239,0,239,543
12/06/2014,SDL,AZ,AWP,WE,Towers with Radar,2,19,62,0,83,0,9,131,0,140,2,28,193,0,223,169,0,169,392
12/07/2014,SDL,AZ,AWP,WE,Towers with Radar,0,37,109,2,148,0,0,115,0,115,0,37,224,2,263,278,0,278,541
12/08/2014,SDL,AZ,AWP,WE,Towers with Radar,0,37,64,0,101,0,25,115,1,141,0,62,179,1,242,203,0,203,445
12/09/2014,SDL,AZ,AWP,WE,Towers with Radar,0,34,96,2,132,0,11,145,1,157,0,45,241,3,289,142,0,142,431
12/10/2014,SDL,AZ,AWP,WE,Towers with Radar,0,45,95,0,140,0,7,163,0,170,0,52,258,0,310,178,0,178,488
12/11/2014,SDL,AZ,AWP,WE,Towers with Radar,0,26,96,0,122,0,10,135,1,146,0,36,231,1,268,274,0,274,542
12/12/2014,SDL,AZ,AWP,WE,Towers with Radar,4,25,81,5,115,0,9,73,2,84,4,34,154,7,199,80,0,80,279
12/13/2014,SDL,AZ,AWP,WE,Towers with Radar,0,35,36,0,71,0,4,25,0,29,0,39,61,0,100,66,0,66,166
12/14/2014,SDL,AZ,AWP,WE,Towers with Radar,0,23,75,1,99,0,0,95,0,95,0,23,170,1,194,52,0,52,246
12/15/2014,SDL,AZ,AWP,WE,Towers with Radar,0,20,94,4,118,0,17,100,0,117,0,37,194,4,235,169,6,175,410
12/16/2014,SDL,AZ,AWP,WE,Towers with Radar,4,29,84,2,119,0,21,125,1,147,4,50,209,3,266,155,2,157,423
12/17/2014,SDL,AZ,AWP,WE,Towers with Radar,0,35,63,4,102,0,11,11,0,22,0,46,74,4,124,89,0,89,213
12/18/2014,SDL,AZ,AWP,WE,Towers with Radar,7,33,74,2,116,0,5,139,0,144,7,38,213,2,260,245,0,245,505
12/19/2014,SDL,AZ,AWP,WE,Towers with Radar,1,34,82,0,117,0,15,149,2,166,1,49,231,2,283,162,2,164,447
12/20/2014,SDL,AZ,AWP,WE,Towers with Radar,0,10,63,0,73,0,0,46,0,46,0,10,109,0,119,22,0,22,141
12/21/2014,SDL,AZ,AWP,WE,Towers with Radar,0,38,91,0,129,0,7,98,0,105,0,45,189,0,234,106,0,106,340
12/22/2014,SDL,AZ,AWP,WE,Towers with Radar,0,38,73,1,112,0,19,89,0,108,0,57,162,1,220,136,0,136,356
12/23/2014,SDL,AZ,AWP,WE,Towers with Radar,0,21,64,0,85,0,9,104,0,113,0,30,168,0,198,92,0,92,290
12/24/2014,SDL,AZ,AWP,WE,Towers with Radar,0,15,32,0,47,2,6,44,0,52,2,21,76,0,99,64,0,64,163
12/25/2014,SDL,AZ,AWP,WE,Towers with Radar,0,10,14,0,24,0,1,27,0,28,0,11,41,0,52,0,0,0,52
12/26/2014,SDL,AZ,AWP,WE,Towers with Radar,1,48,82,0,131,0,9,75,1,85,1,57,157,1,216,65,0,65,281
12/27/2014,SDL,AZ,AWP,WE,Towers with Radar,1,51,98,0,150,0,7,80,0,87,1,58,178,0,237,66,0,66,303
12/28/2014,SDL,AZ,AWP,WE,Towers with Radar,0,38,72,0,110,0,2,88,2,92,0,40,160,2,202,99,0,99,301
12/29/2014,SDL,AZ,AWP,WE,Towers with Radar,0,24,74,2,100,0,18,90,0,108,0,42,164,2,208,74,0,74,282
12/30/2014,SDL,AZ,AWP,WE,Towers with Radar,5,48,74,0,127,0,5,116,0,121,5,53,190,0,248,122,0,122,370
12/31/2014,SDL,AZ,AWP,WE,Towers with Radar,0,33,44,1,78,0,9,12,0,21,0,42,56,1,99,10,0,10,109
01/01/2015,SDL,AZ,AWP,WE,Towers with Radar,0,33,46,0,79,0,3,22,2,27,0,36,68,2,106,30,0,30,136
01/02/2015,SDL,AZ,AWP,WE,Towers with Radar,2,45,73,0,120,0,8,79,0,87,2,53,152,0,207,76,0,76,283
01/03/2015,SDL,AZ,AWP,WE,Towers with Radar,0,44,106,0,150,0,3,95,0,98,0,47,201,0,248,106,2,108,356
01/04/2015,SDL,AZ,AWP,WE,Towers with Radar,0,43,104,0,147,0,3,95,0,98,0,46,199,0,245,87,0,87,332
01/05/2015,SDL,AZ,AWP,WE,Towers with Radar,0,35,94,0,129,0,14,136,2,152,0,49,230,2,281,98,0,98,379
01/06/2015,SDL,AZ,AWP,WE,Towers with Radar,0,31,92,0,123,0,10,156,1,167,0,41,248,1,290,117,0,117,407
01/07/2015,SDL,AZ,AWP,WE,Towers with Radar,0,20,94,2,116,0,1,112,0,113,0,21,206,2,229,103,0,103,332
01/08/2015,SDL,AZ,AWP,WE,Towers with Radar,1,23,71,2,97,0,0,78,0,78,1,23,149,2,175,58,0,58,233
01/09/2015,SDL,AZ,AWP,WE,Towers with Radar,5,34,78,1,118,0,5,151,4,160,5,39,229,5,278,134,0,134,412
01/10/2015,SDL,AZ,AWP,WE,Towers with Radar,0,31,79,0,110,0,9,92,5,106,0,40,171,5,216,108,0,108,324
01/11/2015,SDL,AZ,AWP,WE,Towers with Radar,0,35,114,0,149,0,3,77,3,83,0,38,191,3,232,69,0,69,301
01/12/2015,SDL,AZ,AWP,WE,Towers with Radar,0,40,80,2,122,0,13,114,0,127,0,53,194,2,249,151,0,151,400
01/13/2015,SDL,AZ,AWP,WE,Towers with Radar,0,37,125,0,162,1,17,117,1,136,1,54,242,1,298,121,0,121,419
01/14/2015,SDL,AZ,AWP,WE,Towers with Radar,0,59,149,2,210,0,20,177,2,199,0,79,326,4,409,99,0,99,508
01/15/2015,SDL,AZ,AWP,WE,Towers with Radar,0,71,173,4,248,4,19,187,0,210,4,90,360,4,458,40,0,40,498
01/16/2015,SDL,AZ,AWP,WE,Towers with Radar,0,63,125,7,195,0,15,187,0,202,0,78,312,7,397,35,0,35,432
01/17/2015,SDL,AZ,AWP,WE,Towers with Radar,0,57,113,5,175,0,8,150,0,158,0,65,263,5,333,63,0,63,396
01/18/2015,SDL,AZ,AWP,WE,Towers with Radar,0,39,190,5,234,0,5,137,0,142,0,44,327,5,376,91,0,91,467
01/19/2015,SDL,AZ,AWP,WE,Towers with Radar,0,31,131,4,166,0,8,167,0,175,0,39,298,4,341,118,0,118,459
01/20/2015,SDL,AZ,AWP,WE,Towers with Radar,8,40,123,4,175,0,21,158,0,179,8,61,281,4,354,212,0,212,566
01/21/2015,SDL,AZ,AWP,WE,Towers with Radar,21,42,68,2,133,0,26,169,0,195,21,68,237,2,328,199,0,199,527
01/22/2015,SDL,AZ,AWP,WE,Towers with Radar,0,41,102,6,149,0,17,172,0,189,0,58,274,6,338,134,0,134,472
01/23/2015,SDL,AZ,AWP,WE,Towers with Radar,2,36,104,0,142,0,17,162,2,181,2,53,266,2,323,155,0,155,478
01/24/2015,SDL,AZ,AWP,WE,Towers with Radar,0,21,75,3,99,0,2,129,1,132,0,23,204,4,231,78,0,78,309
01/25/2015,SDL,AZ,AWP,WE,Towers with Radar,0,47,97,0,144,0,1,99,1,101,0,48,196,1,245,130,0,130,375
01/26/2015,SDL,AZ,AWP,WE,Towers with Radar,0,32,102,0,134,0,11,134,1,146,0,43,236,1,280,202,0,202,482
01/27/2015,SDL,AZ,AWP,WE,Towers with Radar,0,50,108,2,160,0,15,146,2,163,0,65,254,4,323,155,2,157,480
01/28/2015,SDL,AZ,AWP,WE,Towers with Radar,18,54,105,3,180,0,21,186,0,207,18,75,291,3,387,200,0,200,587
01/29/2015,SDL,AZ,AWP,WE,Towers with Radar,0,67,153,1,221,0,28,118,0,146,0,95,271,1,367,9,0,9,376
01/30/2015,SDL,AZ,AWP,WE,Towers with Radar,0,79,124,3,206,0,2,3,0,5,0,81,127,3,211,0,0,0,211
01/31/2015,SDL,AZ,AWP,WE,Towers with Radar,0,45,77,0,122,0,4,18,0,22,0,49,95,0,144,9,0,9,153
02/01/2015,SDL,AZ,AWP,WE,Towers with Radar,2,83,109,0,194,0,26,47,0,73,2,109,156,0,267,0,0,0,267
02/02/2015,SDL,AZ,AWP,WE,Towers with Radar,0,100,182,0,282,0,17,28,1,46,0,117,210,1,328,14,0,14,342
02/03/2015,SDL,AZ,AWP,WE,Towers with Radar,0,33,115,2,150,0,12,190,0,202,0,45,305,2,352,207,0,207,559
02/04/2015,SDL,AZ,AWP,WE,Towers with Radar,6,26,107,6,145,0,20,180,0,200,6,46,287,6,345,205,0,205,550
02/05/2015,SDL,AZ,AWP,WE,Towers with Radar,3,30,116,2,151,0,14,184,0,198,3,44,300,2,349,214,0,214,563
02/06/2015,SDL,AZ,AWP,WE,Towers with Radar,20,48,90,0,158,0,9,188,4,201,20,57,278,4,359,152,0,152,511
02/07/2015,SDL,AZ,AWP,WE,Towers with Radar,1,21,82,1,105,0,4,114,0,118,1,25,196,1,223,125,0,125,348
02/08/2015,SDL,AZ,AWP,WE,Towers with Radar,0,39,105,2,146,0,1,109,0,110,0,40,214,2,256,132,0,132,388
02/09/2015,SDL,AZ,AWP,WE,Towers with Radar,0,40,120,4,164,0,13,173,0,186,0,53,293,4,350,186,0,186,536
02/10/2015,SDL,AZ,AWP,WE,Towers with Radar,0,40,111,0,151,0,22,178,0,200,0,62,289,0,351,194,0,194,545
02/11/2015,SDL,AZ,AWP,WE,Towers with Radar,6,41,117,2,166,0,19,155,0,174,6,60,272,2,340,140,0,140,480
02/12/2015,SDL,AZ,AWP,WE,Towers with Radar,0,57,134,6,197,0,13,174,14,201,0,70,308,20,398,203,2,205,603
02/13/2015,SDL,AZ,AWP,WE,Towers with Radar,7,66,101,2,176,0,19,219,30,268,7,85,320,32,444,144,4,148,592
02/14/2015,SDL,AZ,AWP,WE,Towers with Radar,0,21,60,0,81,1,13,132,6,152,1,34,192,6,233,120,0,120,353
02/15/2015,SDL,AZ,AWP,WE,Towers with Radar,0,39,100,0,139,0,3,124,0,127,0,42,224,0,266,99,0,99,365
02/16/2015,SDL,AZ,AWP,WE,Towers with Radar,0,49,133,0,182,0,22,177,0,199,0,71,310,0,381,116,0,116,497
02/17/2015,SDL,AZ,AWP,WE,Towers with Radar,7,51,117,3,178,0,27,155,1,183,7,78,272,4,361,122,0,122,483
02/18/2015,SDL,AZ,AWP,WE,Towers with Radar,4,56,101,5,166,2,37,154,2,195,6,93,255,7,361,186,0,186,547
02/19/2015,SDL,AZ,AWP,WE,Towers with Radar,0,42,122,7,171,0,17,175,1,193,0,59,297,8,364,142,0,142,506
02/20/2015,SDL,AZ,AWP,WE,Towers with Radar,7,56,105,10,178,0,7,153,0,160,7,63,258,10,338,140,0,140,478
02/21/2015,SDL,AZ,AWP,WE,Towers with Radar,0,36,66,3,105,0,3,110,0,113,0,39,176,3,218,99,0,99,317
02/22/2015,SDL,AZ,AWP,WE,Towers with Radar,0,51,114,6,171,0,0,120,3,123,0,51,234,9,294,123,0,123,417
02/23/2015,SDL,AZ,AWP,WE,Towers with Radar,0,63,80,7,150,0,4,137,1,142,0,67,217,8,292,223,0,223,515
02/24/2015,SDL,AZ,AWP,WE,Towers with Radar,0,40,112,2,154,0,11,160,0,171,0,51,272,2,325,124,0,124,449
02/25/2015,SDL,AZ,AWP,WE,Towers with Radar,0,52,129,0,181,0,26,169,0,195,0,78,298,0,376,108,0,108,484
02/26/2015,SDL,AZ,AWP,WE,Towers with Radar,0,50,125,2,177,0,19,206,0,225,0,69,331,2,402,117,0,117,519
02/27/2015,SDL,AZ,AWP,WE,Towers with Radar,1,37,118,3,159,0,11,175,0,186,1,48,293,3,345,155,0,155,500
02/28/2015,SDL,AZ,AWP,WE,Towers with Radar,0,28,80,0,108,0,0,52,0,52,0,28,132,0,160,122,0,122,282
03/01/2015,SDL,AZ,AWP,WE,Towers with Radar,0,37,108,1,146,0,0,47,0,47,0,37,155,1,193,80,0,80,273
03/02/2015,SDL,AZ,AWP,WE,Towers with Radar,0,47,77,4,128,0,9,26,0,35,0,56,103,4,163,38,0,38,201
03/03/2015,SDL,AZ,AWP,WE,Towers with Radar,1,39,111,2,153,0,28,133,0,161,1,67,244,2,314,119,0,119,433
03/04/2015,SDL,AZ,AWP,WE,Towers with Radar,0,41,100,3,144,0,13,179,0,192,0,54,279,3,336,200,0,200,536
03/05/2015,SDL,AZ,AWP,WE,Towers with Radar,0,54,136,1,191,0,13,204,1,218,0,67,340,2,409,190,0,190,599
03/06/2015,SDL,AZ,AWP,WE,Towers with Radar,0,49,116,3,168,0,23,133,0,156,0,72,249,3,324,102,0,102,426
03/07/2015,SDL,AZ,AWP,WE,Towers with Radar,0,43,99,3,145,0,3,137,2,142,0,46,236,5,287,167,0,167,454
03/08/2015,SDL,AZ,AWP,WE,Towers with Radar,0,67,127,0,194,0,5,120,0,125,0,72,247,0,319,115,0,115,434
03/09/2015,SDL,AZ,AWP,WE,Towers with Radar,0,39,123,0,162,0,11,171,0,182,0,50,294,0,344,246,0,246,590
03/10/2015,SDL,AZ,AWP,WE,Towers with Radar,0,43,127,0,170,0,15,186,0,201,0,58,313,0,371,238,0,238,609
03/11/2015,SDL,AZ,AWP,WE,Towers with Radar,0,47,118,0,165,0,9,167,0,176,0,56,285,0,341,165,0,165,506
03/12/2015,SDL,AZ,AWP,WE,Towers with Radar,0,43,123,0,166,0,9,163,1,173,0,52,286,1,339,192,0,192,531
03/13/2015,SDL,AZ,AWP,WE,Towers with Radar,0,56,116,2,174,0,12,98,0,110,0,68,214,2,284,74,0,74,358
03/14/2015,SDL,AZ,AWP,WE,Towers with Radar,0,41,78,1,120,0,5,122,4,131,0,46,200,5,251,124,0,124,375
03/15/2015,SDL,AZ,AWP,WE,Towers with Radar,0,57,115,2,174,0,3,108,0,111,0,60,223,2,285,131,0,131,416
03/16/2015,SDL,AZ,AWP,WE,Towers with Radar,0,49,101,0,150,0,14,158,0,172,0,63,259,0,322,132,0,132,454
03/17/2015,SDL,AZ,AWP,WE,Towers with Radar,0,43,100,2,145,0,5,153,0,158,0,48,253,2,303,234,0,234,537
03/18/2015,SDL,AZ,AWP,WE,Towers with Radar,0,48,122,1,171,0,17,117,1,135,0,65,239,2,306,148,0,148,454
03/19/2015,SDL,AZ,AWP,WE,Towers with Radar,0,54,113,3,170,0,15,109,0,124,0,69,222,3,294,168,0,168,462
03/20/2015,SDL,AZ,AWP,WE,Towers with Radar,1,46,128,9,184,0,9,175,0,184,1,55,303,9,368,157,0,157,525
03/21/2015,SDL,AZ,AWP,WE,Towers with Radar,0,48,104,2,154,0,2,78,1,81,0,50,182,3,235,142,0,142,377
03/22/2015,SDL,AZ,AWP,WE,Towers with Radar,0,64,133,2,199,0,1,123,2,126,0,65,256,4,325,80,0,80,405
03/23/2015,SDL,AZ,AWP,WE,Towers with Radar,0,38,116,0,154,0,10,172,0,182,0,48,288,0,336,96,0,96,432
03/24/2015,SDL,AZ,AWP,WE,Towers with Radar,0,41,105,0,146,0,12,176,0,188,0,53,281,0,334,163,0,163,497
03/25/2015,SDL,AZ,AWP,WE,Towers with Radar,0,33,134,2,169,0,13,164,0,177,0,46,298,2,346,194,0,194,540
03/26/2015,SDL,AZ,AWP,WE,Towers with Radar,0,65,156,2,223,0,27,183,2,212,0,92,339,4,435,128,0,128,563
03/27/2015,SDL,AZ,AWP,WE,Towers with Radar,0,62,129,4,195,0,12,148,0,160,0,74,277,4,355,148,0,148,503
03/28/2015,SDL,AZ,AWP,WE,Towers with Radar,0,34,90,0,124,0,4,131,0,135,0,38,221,0,259,91,0,91,350
03/29/2015,SDL,AZ,AWP,WE,Towers with Radar,0,72,139,0,211,0,0,97,0,97,0,72,236,0,308,74,0,74,382
03/30/2015,SDL,AZ,AWP,WE,Towers with Radar,0,47,100,2,149,0,9,149,0,158,0,56,249,2,307,246,0,246,553
03/31/2015,SDL,AZ,AWP,WE,Towers with Radar,0,34,95,4,133,0,15,141,0,156,0,49,236,4,289,204,0,204,493
04/01/2015,SDL,AZ,AWP,WE,Towers with Radar,0,35,83,2,120,0,11,154,0,165,0,46,237,2,285,179,0,179,464
04/02/2015,SDL,AZ,AWP,WE,Towers with Radar,0,51,101,5,157,0,9,155,1,165,0,60,256,6,322,143,0,143,465
04/03/2015,SDL,AZ,AWP,WE,Towers with Radar,0,44,83,6,133,0,7,152,1,160,0,51,235,7,293,196,0,196,489
04/04/2015,SDL,AZ,AWP,WE,Towers with Radar,0,21,70,0,91,0,3,83,1,87,0,24,153,1,178,82,0,82,260
04/05/2015,SDL,AZ,AWP,WE,Towers with Radar,0,41,64,1,106,0,0,74,0,74,0,41,138,1,180,56,0,56,236
04/06/2015,SDL,AZ,AWP,WE,Towers with Radar,0,56,126,0,182,0,11,136,0,147,0,67,262,0,329,72,0,72,401
04/07/2015,SDL,AZ,AWP,WE,Towers with Radar,0,43,92,1,136,0,15,154,0,169,0,58,246,1,305,251,0,251,556
04/08/2015,SDL,AZ,AWP,WE,Towers with Radar,0,30,114,1,145,0,17,168,0,185,0,47,282,1,330,134,0,134,464
04/09/2015,SDL,AZ,AWP,WE,Towers with Radar,0,48,92,2,142,0,5,140,0,145,0,53,232,2,287,88,0,88,375
04/10/2015,SDL,AZ,AWP,WE,Towers with Radar,0,34,103,3,140,0,19,179,0,198,0,53,282,3,338,151,0,151,489
04/11/2015,SDL,AZ,AWP,WE,Towers with Radar,0,43,84,2,129,0,2,119,0,121,0,45,203,2,250,84,0,84,334
04/12/2015,SDL,AZ,AWP,WE,Towers with Radar,0,50,129,2,181,0,1,131,3,135,0,51,260,5,316,90,1,91,407
04/13/2015,SDL,AZ,AWP,WE,Towers with Radar,0,32,102,3,137,0,5,129,0,134,0,37,231,3,271,137,0,137,408
04/14/2015,SDL,AZ,AWP,WE,Towers with Radar,0,39,72,2,113,0,18,127,0,145,0,57,199,2,258,133,0,133,391
04/15/2015,SDL,AZ,AWP,WE,Towers with Radar,0,32,97,3,132,0,19,99,2,120,0,51,196,5,252,229,6,235,487
04/16/2015,SDL,AZ,AWP,WE,Towers with Radar,0,36,109,2,147,0,17,151,0,168,0,53,260,2,315,94,2,96,411
04/17/2015,SDL,AZ,AWP,WE,Towers with Radar,0,40,85,3,128,0,6,55,0,61,0,46,140,3,189,95,0,95,284
04/18/2015,SDL,AZ,AWP,WE,Towers with Radar,0,37,65,1,103,0,1,103,1,105,0,38,168,2,208,180,0,180,388
04/19/2015,SDL,AZ,AWP,WE,Towers with Radar,0,53,129,2,184,0,0,82,2,84,0,53,211,4,268,78,0,78,346
04/20/2015,SDL,AZ,AWP,WE,Towers with Radar,0,37,86,0,123,0,26,138,0,164,0,63,224,0,287,189,0,189,476
04/21/2015,SDL,AZ,AWP,WE,Towers with Radar,0,34,76,1,111,0,10,141,1,152,0,44,217,2,263,127,0,127,390
04/22/2015,SDL,AZ,AWP,WE,Towers with Radar,0,45,122,3,170,0,15,137,1,153,0,60,259,4,323,130,0,130,453
04/23/2015,SDL,AZ,AWP,WE,Towers with Radar,1,28,91,2,122,0,21,133,0,154,1,49,224,2,276,290,0,290,566
04/24/2015,SDL,AZ,AWP,WE,Towers with Radar,0,52,73,0,125,0,21,86,0,107,0,73,159,0,232,182,0,182,414
04/25/2015,SDL,AZ,AWP,WE,Towers with Radar,0,26,57,0,83,0,7,99,0,106,0,33,156,0,189,195,0,195,384
04/26/2015,SDL,AZ,AWP,WE,Towers with Radar,0,37,83,0,120,0,0,71,0,71,0,37,154,0,191,39,0,39,230
04/27/2015,SDL,AZ,AWP,WE,Towers with Radar,0,31,73,0,104,0,10,129,1,140,0,41,202,1,244,219,0,219,463
04/28/2015,SDL,AZ,AWP,WE,Towers with Radar,0,30,61,1,92,0,25,117,5,147,0,55,178,6,239,172,0,172,411
04/29/2015,SDL,AZ,AWP,WE,Towers with Radar,0,32,87,2,121,0,16,137,8,161,0,48,224,10,282,121,0,121,403
04/30/2015,SDL,AZ,AWP,WE,Towers with Radar,0,46,111,2,159,0,19,134,8,161,0,65,245,10,320,165,8,173,493
05/01/2015,SDL,AZ,AWP,WE,Towers with Radar,0,43,97,0,140,0,11,154,0,165,0,54,251,0,305,114,0,114,419
05/02/2015,SDL,AZ,AWP,WE,Towers with Radar,0,27,74,0,101,0,0,135,6,141,0,27,209,6,242,164,0,164,406
05/03/2015,SDL,AZ,AWP,WE,Towers with Radar,0,29,105,1,135,0,2,94,0,96,0,31,199,1,231,151,0,151,382
05/04/2015,SDL,AZ,AWP,WE,Towers with Radar,0,37,69,0,106,0,14,81,0,95,0,51,150,0,201,146,0,146,347
05/05/2015,SDL,AZ,AWP,WE,Towers with Radar,0,30,85,2,117,0,14,133,1,148,0,44,218,3,265,209,0,209,474
05/06/2015,SDL,AZ,AWP,WE,Towers with Radar,0,37,102,3,142,0,15,134,1,150,0,52,236,4,292,182,0,182,474
05/07/2015,SDL,AZ,AWP,WE,Towers with Radar,0,33,114,2,149,0,13,132,12,157,0,46,246,14,306,176,0,176,482
05/08/2015,SDL,AZ,AWP,WE,Towers with Radar,0,31,87,3,121,0,17,143,3,163,0,48,230,6,284,133,0,133,417
05/09/2015,SDL,AZ,AWP,WE,Towers with Radar,0,27,61,2,90,0,1,119,0,120,0,28,180,2,210,222,0,222,432
05/10/2015,SDL,AZ,AWP,WE,Towers with Radar,1,24,50,2,77,0,2,90,0,92,1,26,140,2,169,169,0,169,338
05/11/2015,SDL,AZ,AWP,WE,Towers with Radar,0,38,68,0,106,0,11,119,0,130,0,49,187,0,236,158,0,158,394
05/12/2015,SDL,AZ,AWP,WE,Towers with Radar,0,27,71,0,98,0,15,125,0,140,0,42,196,0,238,173,0,173,411
05/13/2015,SDL,AZ,AWP,WE,Towers with Radar,0,43,104,4,151,0,9,140,0,149,0,52,244,4,300,192,0,192,492
05/14/2015,SDL,AZ,AWP,WE,Towers with Radar,0,44,112,0,156,0,17,99,0,116,0,61,211,0,272,154,0,154,426
05/15/2015,SDL,AZ,AWP,WE,Towers with Radar,0,39,85,1,125,0,9,99,0,108,0,48,184,1,233,105,0,105,338
05/16/2015,SDL,AZ,AWP,WE,Towers with Radar,0,21,66,2,89,0,0,59,1,60,0,21,125,3,149,133,0,133,282
05/17/2015,SDL,AZ,AWP,WE,Towers with Radar,0,25,85,4,114,0,2,108,0,110,0,27,193,4,224,160,0,160,384
05/18/2015,SDL,AZ,AWP,WE,Towers with Radar,0,25,70,3,98,0,14,130,0,144,0,39,200,3,242,194,0,194,436
05/19/2015,SDL,AZ,AWP,WE,Towers with Radar,0,25,87,0,112,0,17,114,2,133,0,42,201,2,245,185,0,185,430
05/20/2015,SDL,AZ,AWP,WE,Towers with Radar,0,29,93,4,126,0,10,177,1,188,0,39,270,5,314,231,0,231,545
05/21/2015,SDL,AZ,AWP,WE,Towers with Radar,0,38,97,1,136,0,17,124,1,142,0,55,221,2,278,270,0,270,548
05/22/2015,SDL,AZ,AWP,WE,Towers with Radar,0,42,81,0,123,0,14,152,0,166,0,56,233,0,289,196,0,196,485
05/23/2015,SDL,AZ,AWP,WE,Towers with Radar,0,16,52,2,70,0,1,103,0,104,0,17,155,2,174,125,0,125,299
05/24/2015,SDL,AZ,AWP,WE,Towers with Radar,0,16,56,0,72,0,0,64,0,64,0,16,120,0,136,76,0,76,212
05/25/2015,SDL,AZ,AWP,WE,Towers with Radar,0,32,90,0,122,0,1,91,2,94,0,33,181,2,216,88,0,88,304
05/26/2015,SDL,AZ,AWP,WE,Towers with Radar,0,26,57,0,83,0,15,171,0,186,0,41,228,0,269,145,33,178,447
05/27/2015,SDL,AZ,AWP,WE,Towers with Radar,0,38,56,2,96,0,11,164,0,175,0,49,220,2,271,268,3,271,542
05/28/2015,SDL,AZ,AWP,WE,Towers with Radar,0,21,72,4,97,0,13,148,0,161,0,34,220,4,258,110,0,110,368
05/29/2015,SDL,AZ,AWP,WE,Towers with Radar,0,27,61,2,90,0,12,162,0,174,0,39,223,2,264,125,0,125,389
05/30/2015,SDL,AZ,AWP,WE,Towers with Radar,0,17,45,2,64,0,3,104,1,108,0,20,149,3,172,74,0,74,246
05/31/2015,SDL,AZ,AWP,WE,Towers with Radar,0,25,69,0,94,0,0,101,0,101,0,25,170,0,195,63,0,63,258
06/01/2015,SDL,AZ,AWP,WE,Towers with Radar,0,25,70,0,95,0,23,147,0,170,0,48,217,0,265,208,0,208,473
06/02/2015,SDL,AZ,AWP,WE,Towers with Radar,0,19,67,0,86,0,19,141,1,161,0,38,208,1,247,277,0,277,524
06/03/2015,SDL,AZ,AWP,WE,Towers with Radar,0,18,56,2,76,0,19,164,0,183,0,37,220,2,259,169,0,169,428
06/04/2015,SDL,AZ,AWP,WE,Towers with Radar,0,24,74,0,98,0,9,124,0,133,0,33,198,0,231,230,0,230,461
06/05/2015,SDL,AZ,AWP,WE,Towers with Radar,0,37,58,0,95,0,7,105,3,115,0,44,163,3,210,67,4,71,281
06/06/2015,SDL,AZ,AWP,WE,Towers with Radar,0,16,43,0,59,0,1,77,0,78,0,17,120,0,137,87,0,87,224
06/07/2015,SDL,AZ,AWP,WE,Towers with Radar,0,22,57,0,79,0,2,104,5,111,0,24,161,5,190,90,0,90,280
06/08/2015,SDL,AZ,AWP,WE,Towers with Radar,0,25,60,0,85,0,12,136,0,148,0,37,196,0,233,129,0,129,362
06/09/2015,SDL,AZ,AWP,WE,Towers with Radar,0,30,71,0,101,0,4,139,0,143,0,34,210,0,244,148,0,148,392
06/10/2015,SDL,AZ,AWP,WE,Towers with Radar,0,18,78,0,96,0,8,126,0,134,0,26,204,0,230,223,0,223,453
06/11/2015,SDL,AZ,AWP,WE,Towers with Radar,0,23,62,1,86,0,18,132,0,150,0,41,194,1,236,210,0,210,446
06/12/2015,SDL,AZ,AWP,WE,Towers with Radar,0,23,57,0,80,0,12,192,0,204,0,35,249,0,284,207,0,207,491
06/13/2015,SDL,AZ,AWP,WE,Towers with Radar,0,20,42,1,63,0,0,87,0,87,0,20,129,1,150,77,0,77,227
06/14/2015,SDL,AZ,AWP,WE,Towers with Radar,0,27,60,1,88,0,8,76,0,84,0,35,136,1,172,131,0,131,303
06/15/2015,SDL,AZ,AWP,WE,Towers with Radar,0,18,61,0,79,0,10,165,0,175,0,28,226,0,254,124,0,124,378
06/16/2015,SDL,AZ,AWP,WE,Towers with Radar,0,17,64,3,84,0,20,158,0,178,0,37,222,3,262,217,0,217,479
06/17/2015,SDL,AZ,AWP,WE,Towers with Radar,0,19,70,1,90,0,10,153,0,163,0,29,223,1,253,188,0,188,441
06/18/2015,SDL,AZ,AWP,WE,Towers with Radar,0,26,60,2,88,0,12,135,0,147,0,38,195,2,235,140,0,140,375
06/19/2015,SDL,AZ,AWP,WE,Towers with Radar,0,30,43,7,80,0,4,156,0,160,0,34,199,7,240,213,0,213,453
06/20/2015,SDL,AZ,AWP,WE,Towers with Radar,0,22,44,0,66,0,0,124,2,126,0,22,168,2,192,133,0,133,325
06/21/2015,SDL,AZ,AWP,WE,Towers with Radar,0,22,45,2,69,0,0,68,0,68,0,22,113,2,137,91,6,97,234
06/22/2015,SDL,AZ,AWP,WE,Towers with Radar,0,27,55,4,86,0,8,149,0,157,0,35,204,4,243,134,0,134,377
06/23/2015,SDL,AZ,AWP,WE,Towers with Radar,0,17,62,2,81,0,9,139,0,148,0,26,201,2,229,188,0,188,417
06/24/2015,SDL,AZ,AWP,WE,Towers with Radar,0,24,85,1,110,0,12,133,0,145,0,36,218,1,255,224,0,224,479
06/25/2015,SDL,AZ,AWP,WE,Towers with Radar,0,20,75,1,96,0,16,180,0,196,0,36,255,1,292,206,0,206,498
06/26/2015,SDL,AZ,AWP,WE,Towers with Radar,0,27,51,1,79,0,6,144,0,150,0,33,195,1,229,243,1,244,473
06/27/2015,SDL,AZ,AWP,WE,Towers with Radar,0,15,25,0,40,0,3,102,4,109,0,18,127,4,149,162,4,166,315
06/28/2015,SDL,AZ,AWP,WE,Towers with Radar,0,23,43,1,67,0,2,64,0,66,0,25,107,1,133,105,0,105,238
06/29/2015,SDL,AZ,AWP,WE,Towers with Radar,0,24,67,7,98,0,9,145,1,155,0,33,212,8,253,201,0,201,454
06/30/2015,SDL,AZ,AWP,WE,Towers with Radar,0,22,57,1,80,0,7,137,0,144,0,29,194,1,224,178,0,178,402
07/01/2015,SDL,AZ,AWP,WE,Towers with Radar,0,15,75,4,94,0,12,150,0,162,0,27,225,4,256,213,0,213,469
07/02/2015,SDL,AZ,AWP,WE,Towers with Radar,0,24,67,1,92,0,13,126,0,139,0,37,193,1,231,369,0,369,600
07/03/2015,SDL,AZ,AWP,WE,Towers with Radar,0,10,30,0,40,0,1,95,0,96,0,11,125,0,136,244,0,244,380
07/04/2015,SDL,AZ,AWP,WE,Towers with Radar,0,7,18,0,25,0,0,56,0,56,0,7,74,0,81,132,0,132,213
07/05/2015,SDL,AZ,AWP,WE,Towers with Radar,0,22,44,0,66,0,3,60,1,64,0,25,104,1,130,97,0,97,227
07/06/2015,SDL,AZ,AWP,WE,Towers with Radar,0,17,68,0,85,0,11,118,0,129,0,28,186,0,214,142,0,142,356
07/07/2015,SDL,AZ,AWP,WE,Towers with Radar,0,24,53,0,77,0,33,135,2,170,0,57,188,2,247,193,0,193,440
07/08/2015,SDL,AZ,AWP,WE,Towers with Radar,0,18,58,1,77,0,21,127,1,149,0,39,185,2,226,288,0,288,514
07/09/2015,SDL,AZ,AWP,WE,Towers with Radar,0,19,45,3,67,0,15,141,0,156,0,34,186,3,223,176,0,176,399
07/10/2015,SDL,AZ,AWP,WE,Towers with Radar,0,21,71,5,97,0,27,181,1,209,0,48,252,6,306,291,0,291,597
07/11/2015,SDL,AZ,AWP,WE,Towers with Radar,0,20,56,0,76,0,0,89,1,90,0,20,145,1,166,187,0,187,353
07/12/2015,SDL,AZ,AWP,WE,Towers with Radar,0,34,61,1,96,0,14,73,0,87,0,48,134,1,183,104,0,104,287
07/13/2015,SDL,AZ,AWP,WE,Towers with Radar,0,22,69,0,91,0,10,128,3,141,0,32,197,3,232,142,0,142,374
07/14/2015,SDL,AZ,AWP,WE,Towers with Radar,0,14,62,1,77,0,19,139,2,160,0,33,201,3,237,300,0,300,537
07/15/2015,SDL,AZ,AWP,WE,Towers with Radar,0,17,88,4,109,0,6,167,0,173,0,23,255,4,282,219,0,219,501
07/16/2015,SDL,AZ,AWP,WE,Towers with Radar,0,19,69,0,88,0,5,171,0,176,0,24,240,0,264,154,2,156,420
07/17/2015,SDL,AZ,AWP,WE,Towers with Radar,0,34,78,4,116,0,11,98,0,109,0,45,176,4,225,189,0,189,414
07/18/2015,SDL,AZ,AWP,WE,Towers with Radar,0,6,33,0,39,0,1,88,0,89,0,7,121,0,128,167,0,167,295
07/19/2015,SDL,AZ,AWP,WE,Towers with Radar,0,19,61,0,80,0,5,76,0,81,0,24,137,0,161,50,0,50,211
07/20/2015,SDL,AZ,AWP,WE,Towers with Radar,0,16,71,1,88,0,8,167,0,175,0,24,238,1,263,208,0,208,471
07/21/2015,SDL,AZ,AWP,WE,Towers with Radar,0,19,69,3,91,0,30,163,0,193,0,49,232,3,284,267,0,267,551
07/22/2015,SDL,AZ,AWP,WE,Towers with Radar,0,23,76,0,99,0,25,138,0,163,0,48,214,0,262,138,0,138,400
07/23/2015,SDL,AZ,AWP,WE,Towers with Radar,0,17,50,2,69,0,2,150,1,153,0,19,200,3,222,138,0,138,360
07/24/2015,SDL,AZ,AWP,WE,Towers with Radar,0,24,62,0,86,0,14,152,3,169,0,38,214,3,255,199,0,199,454
07/25/2015,SDL,AZ,AWP,WE,Towers with Radar,0,16,35,0,51,0,3,104,2,109,0,19,139,2,160,101,0,101,261
07/26/2015,SDL,AZ,AWP,WE,Towers with Radar,0,21,50,0,71,0,0,72,1,73,0,21,122,1,144,61,0,61,205
07/27/2015,SDL,AZ,AWP,WE,Towers with Radar,0,14,43,1,58,0,3,137,0,140,0,17,180,1,198,189,0,189,387
07/28/2015,SDL,AZ,AWP,WE,Towers with Radar,0,23,68,0,91,0,14,131,0,145,0,37,199,0,236,158,0,158,394
07/29/2015,SDL,AZ,AWP,WE,Towers with Radar,0,17,54,2,73,0,12,126,1,139,0,29,180,3,212,269,0,269,481
07/30/2015,SDL,AZ,AWP,WE,Towers with Radar,0,19,54,4,77,0,0,117,0,117,0,19,171,4,194,140,0,140,334
07/31/2015,SDL,AZ,AWP,WE,Towers with Radar,0,21,48,2,71,0,6,110,0,116,0,27,158,2,187,162,0,162,349
08/01/2015,SDL,AZ,AWP,WE,Towers with Radar,0,11,49,0,60,0,1,87,0,88,0,12,136,0,148,97,0,97,245
08/02/2015,SDL,AZ,AWP,WE,Towers with Radar,0,19,40,0,59,0,1,96,0,97,0,20,136,0,156,100,0,100,256
08/03/2015,SDL,AZ,AWP,WE,Towers with Radar,0,16,63,2,81,0,7,114,0,121,0,23,177,2,202,154,0,154,356
08/04/2015,SDL,AZ,AWP,WE,Towers with Radar,0,15,64,0,79,0,13,127,1,141,0,28,191,1,220,169,0,169,389
08/05/2015,SDL,AZ,AWP,WE,Towers with Radar,0,13,58,0,71,0,21,112,0,133,0,34,170,0,204,106,0,106,310
08/06/2015,SDL,AZ,AWP,WE,Towers with Radar,0,27,59,2,88,0,10,115,0,125,0,37,174,2,213,135,0,135,348
08/07/2015,SDL,AZ,AWP,WE,Towers with Radar,0,21,53,0,74,0,7,109,0,116,0,28,162,0,190,173,1,174,364
08/08/2015,SDL,AZ,AWP,WE,Towers with Radar,0,19,33,2,54,0,2,100,3,105,0,21,133,5,159,110,0,110,269
08/09/2015,SDL,AZ,AWP,WE,Towers with Radar,0,27,52,0,79,0,0,71,0,71,0,27,123,0,150,70,0,70,220
08/10/2015,SDL,AZ,AWP,WE,Towers with Radar,0,20,49,0,69,0,4,99,0,103,0,24,148,0,172,83,0,83,255
08/11/2015,SDL,AZ,AWP,WE,Towers with Radar,0,23,66,0,89,0,16,115,0,131,0,39,181,0,220,146,0,146,366
08/12/2015,SDL,AZ,AWP,WE,Towers with Radar,0,32,58,0,90,0,8,115,0,123,0,40,173,0,213,160,0,160,373
08/13/2015,SDL,AZ,AWP,WE,Towers with Radar,0,20,62,1,83,0,1,120,3,124,0,21,182,4,207,208,0,208,415
08/14/2015,SDL,AZ,AWP,WE,Towers with Radar,0,22,69,2,93,0,2,137,0,139,0,24,206,2,232,120,0,120,352
08/15/2015,SDL,AZ,AWP,WE,Towers with Radar,0,17,37,0,54,0,1,62,0,63,0,18,99,0,117,64,0,64,181
08/16/2015,SDL,AZ,AWP,WE,Towers with Radar,0,26,52,0,78,0,2,70,0,72,0,28,122,0,150,52,0,52,202
08/17/2015,SDL,AZ,AWP,WE,Towers with Radar,0,9,55,0,64,0,10,104,1,115,0,19,159,1,179,79,0,79,258
08/18/2015,SDL,AZ,AWP,WE,Towers with Radar,0,21,56,2,79,0,19,119,9,147,0,40,175,11,226,110,0,110,336
08/19/2015,SDL,AZ,AWP,WE,Towers with Radar,0,21,62,1,84,0,2,122,6,130,0,23,184,7,214,160,0,160,374
08/20/2015,SDL,AZ,AWP,WE,Towers with Radar,0,27,71,0,98,0,7,117,5,129,0,34,188,5,227,170,0,170,397
08/21/2015,SDL,AZ,AWP,WE,Towers with Radar,0,16,71,3,90,0,6,128,6,140,0,22,199,9,230,108,0,108,338
08/22/2015,SDL,AZ,AWP,WE,Towers with Radar,0,7,35,0,42,0,0,64,2,66,0,7,99,2,108,73,6,79,187
08/23/2015,SDL,AZ,AWP,WE,Towers with Radar,0,19,62,1,82,0,1,74,0,75,0,20,136,1,157,45,0,45,202
08/24/2015,SDL,AZ,AWP,WE,Towers with Radar,0,29,53,0,82,0,7,135,0,142,0,36,188,0,224,118,0,118,342
08/25/2015,SDL,AZ,AWP,WE,Towers with Radar,0,15,53,0,68,0,14,129,0,143,0,29,182,0,211,173,0,173,384
08/26/2015,SDL,AZ,AWP,WE,Towers with Radar,0,20,56,1,77,0,8,148,0,156,0,28,204,1,233,211,0,211,444
08/27/2015,SDL,AZ,AWP,WE,Towers with Radar,0,21,64,0,85,0,7,152,0,159,0,28,216,0,244,203,0,203,447
08/28/2015,SDL,AZ,AWP,WE,Towers with Radar,1,26,77,0,104,0,4,206,1,211,1,30,283,1,315,173,0,173,488
08/29/2015,SDL,AZ,AWP,WE,Towers with Radar,0,14,37,1,52,0,0,91,0,91,0,14,128,1,143,108,0,108,251
08/30/2015,SDL,AZ,AWP,WE,Towers with Radar,0,20,56,0,76,0,1,77,1,79,0,21,133,1,155,97,0,97,252
08/31/2015,SDL,AZ,AWP,WE,Towers with Radar,0,25,52,1,78,0,16,116,0,132,0,41,168,1,210,146,0,146,356
09/01/2015,SDL,AZ,AWP,WE,Towers with Radar,0,22,63,0,85,0,17,182,0,199,0,39,245,0,284,176,1,177,461
09/02/2015,SDL,AZ,AWP,WE,Towers with Radar,0,19,87,0,106,0,6,131,6,143,0,25,218,6,249,139,0,139,388
09/03/2015,SDL,AZ,AWP,WE,Towers with Radar,0,31,61,0,92,0,14,148,0,162,0,45,209,0,254,195,0,195,449
09/04/2015,SDL,AZ,AWP,WE,Towers with Radar,0,40,84,2,126,0,3,125,0,128,0,43,209,2,254,185,0,185,439
09/05/2015,SDL,AZ,AWP,WE,Towers with Radar,0,7,48,0,55,0,1,75,0,76,0,8,123,0,131,124,1,125,256
09/06/2015,SDL,AZ,AWP,WE,Towers with Radar,0,8,39,0,47,0,0,60,0,60,0,8,99,0,107,69,0,69,176
09/07/2015,SDL,AZ,AWP,WE,Towers with Radar,0,38,73,0,111,0,1,96,0,97,0,39,169,0,208,99,0,99,307
09/08/2015,SDL,AZ,AWP,WE,Towers with Radar,0,14,83,2,99,0,13,131,2,146,0,27,214,4,245,197,0,197,442
09/09/2015,SDL,AZ,AWP,WE,Towers with Radar,0,20,83,3,106,3,24,144,1,172,3,44,227,4,278,262,0,262,540
09/10/2015,SDL,AZ,AWP,WE,Towers with Radar,0,17,70,1,88,0,13,154,0,167,0,30,224,1,255,336,0,336,591
09/11/2015,SDL,AZ,AWP,WE,Towers with Radar,0,26,65,1,92,0,10,177,5,192,0,36,242,6,284,217,0,217,501
09/12/2015,SDL,AZ,AWP,WE,Towers with Radar,0,23,58,1,82,0,1,89,0,90,0,24,147,1,172,97,0,97,269
09/13/2015,SDL,AZ,AWP,WE,Towers with Radar,0,24,72,0,96,0,1,66,0,67,0,25,138,0,163,131,0,131,294
09/14/2015,SDL,AZ,AWP,WE,Towers with Radar,0,16,61,0,77,0,12,114,0,126,0,28,175,0,203,192,0,192,395
09/15/2015,SDL,AZ,AWP,WE,Towers with Radar,0,25,82,0,107,0,8,160,0,168,0,33,242,0,275,250,0,250,525
09/16/2015,SDL,AZ,AWP,WE,Towers with Radar,1,22,99,0,122,0,8,150,0,158,1,30,249,0,280,161,0,161,441
09/17/2015,SDL,AZ,AWP,WE,Towers with Radar,0,27,96,0,123,0,2,140,0,142,0,29,236,0,265,156,0,156,421
09/18/2015,SDL,AZ,AWP,WE,Towers with Radar,0,24,78,0,102,0,5,127,0,132,0,29,205,0,234,266,0,266,500
09/19/2015,SDL,AZ,AWP,WE,Towers with Radar,0,20,45,0,65,0,2,105,0,107,0,22,150,0,172,121,0,121,293
09/20/2015,SDL,AZ,AWP,WE,Towers with Radar,0,19,85,0,104,0,3,95,0,98,0,22,180,0,202,54,0,54,256
09/21/2015,SDL,AZ,AWP,WE,Towers with Radar,0,22,69,1,92,0,9,108,0,117,0,31,177,1,209,136,0,136,345
09/22/2015,SDL,AZ,AWP,WE,Towers with Radar,0,15,65,0,80,0,1,118,2,121,0,16,183,2,201,222,0,222,423
09/23/2015,SDL,AZ,AWP,WE,Towers with Radar,0,18,61,1,80,0,12,153,3,168,0,30,214,4,248,217,0,217,465
09/24/2015,SDL,AZ,AWP,WE,Towers with Radar,0,15,86,0,101,0,5,161,2,168,0,20,247,2,269,212,0,212,481
09/25/2015,SDL,AZ,AWP,WE,Towers with Radar,0,28,75,0,103,0,4,111,1,116,0,32,186,1,219,100,0,100,319
09/26/2015,SDL,AZ,AWP,WE,Towers with Radar,0,8,60,2,70,0,2,95,1,98,0,10,155,3,168,49,0,49,217
09/27/2015,SDL,AZ,AWP,WE,Towers with Radar,0,22,83,1,106,0,1,94,2,97,0,23,177,3,203,63,14,77,280
09/28/2015,SDL,AZ,AWP,WE,Towers with Radar,0,27,85,1,113,0,9,135,5,149,0,36,220,6,262,189,12,201,463
09/29/2015,SDL,AZ,AWP,WE,Towers with Radar,0,20,92,0,112,0,15,152,0,167,0,35,244,0,279,242,0,242,521
09/30/2015,SDL,AZ,AWP,WE,Towers with Radar,0,34,80,0,114,0,3,132,0,135,0,37,212,0,249,246,0,246,495
10/01/2015,SDL,AZ,AWP,WE,Towers with Radar,0,25,80,0,105,0,16,149,0,165,0,41,229,0,270,137,0,137,407
10/02/2015,SDL,AZ,AWP,WE,Towers with Radar,0,27,71,1,99,0,8,165,0,173,0,35,236,1,272,186,2,188,460
10/03/2015,SDL,AZ,AWP,WE,Towers with Radar,0,16,51,1,68,0,0,123,1,124,0,16,174,2,192,75,0,75,267
10/04/2015,SDL,AZ,AWP,WE,Towers with Radar,0,31,71,0,102,0,0,52,0,52,0,31,123,0,154,46,0,46,200
10/05/2015,SDL,AZ,AWP,WE,Towers with Radar,0,22,56,1,79,0,9,102,0,111,0,31,158,1,190,158,0,158,348
10/06/2015,SDL,AZ,AWP,WE,Towers with Radar,0,28,73,4,105,0,15,118,4,137,0,43,191,8,242,145,0,145,387
10/07/2015,SDL,AZ,AWP,WE,Towers with Radar,0,23,85,1,109,0,9,178,9,196,0,32,263,10,305,257,0,257,562
10/08/2015,SDL,AZ,AWP,WE,Towers with Radar,0,30,81,4,115,0,5,185,7,197,0,35,266,11,312,217,0,217,529
10/09/2015,SDL,AZ,AWP,WE,Towers with Radar,0,37,95,5,137,0,8,84,1,93,0,45,179,6,230,130,0,130,360
10/10/2015,SDL,AZ,AWP,WE,Towers with Radar,0,28,61,1,90,0,4,126,0,130,0,32,187,1,220,96,0,96,316
10/11/2015,SDL,AZ,AWP,WE,Towers with Radar,1,32,65,1,99,0,0,83,0,83,1,32,148,1,182,103,0,103,285
10/12/2015,SDL,AZ,AWP,WE,Towers with Radar,0,31,63,2,96,0,11,134,0,145,0,42,197,2,241,200,0,200,441
10/13/2015,SDL,AZ,AWP,WE,Towers with Radar,0,39,69,0,108,0,11,164,0,175,0,50,233,0,283,222,0,222,505
10/14/2015,SDL,AZ,AWP,WE,Towers with Radar,0,49,79,5,133,0,10,180,1,191,0,59,259,6,324,259,4,263,587
10/15/2015,SDL,AZ,AWP,WE,Towers with Radar,0,32,94,2,128,0,8,176,2,186,0,40,270,4,314,128,0,128,442
10/16/2015,SDL,AZ,AWP,WE,Towers with Radar,0,45,77,2,124,0,10,98,4,112,0,55,175,6,236,147,0,147,383
10/17/2015,SDL,AZ,AWP,WE,Towers with Radar,0,32,44,0,76,0,5,77,2,84,0,37,121,2,160,130,0,130,290
10/18/2015,SDL,AZ,AWP,WE,Towers with Radar,0,42,87,0,129,0,1,48,0,49,0,43,135,0,178,69,1,70,248
10/19/2015,SDL,AZ,AWP,WE,Towers with Radar,0,32,74,3,109,0,15,127,0,142,0,47,201,3,251,183,0,183,434
10/20/2015,SDL,AZ,AWP,WE,Towers with Radar,0,43,86,0,129,0,14,99,0,113,0,57,185,0,242,169,0,169,411
10/21/2015,SDL,AZ,AWP,WE,Towers with Radar,0,43,90,0,133,0,15,122,0,137,0,58,212,0,270,179,0,179,449
10/22/2015,SDL,AZ,AWP,WE,Towers with Radar,0,30,118,0,148,0,5,203,0,208,0,35,321,0,356,238,0,238,594
10/23/2015,SDL,AZ,AWP,WE,Towers with Radar,0,33,112,0,145,0,7,198,0,205,0,40,310,0,350,235,0,235,585
10/24/2015,SDL,AZ,AWP,WE,Towers with Radar,0,22,46,0,68,0,0,124,0,124,0,22,170,0,192,182,0,182,374
10/25/2015,SDL,AZ,AWP,WE,Towers with Radar,0,39,99,0,138,0,0,89,0,89,0,39,188,0,227,74,0,74,301
10/26/2015,SDL,AZ,AWP,WE,Towers with Radar,0,28,96,5,129,0,7,185,0,192,0,35,281,5,321,338,0,338,659
10/27/2015,SDL,AZ,AWP,WE,Towers with Radar,0,29,82,1,112,0,20,165,0,185,0,49,247,1,297,256,0,256,553
10/28/2015,SDL,AZ,AWP,WE,Towers with Radar,0,30,93,2,125,0,7,147,1,155,0,37,240,3,280,205,0,205,485
10/29/2015,SDL,AZ,AWP,WE,Towers with Radar,0,46,99,2,147,0,10,110,2,122,0,56,209,4,269,89,0,89,358
10/30/2015,SDL,AZ,AWP,WE,Towers with Radar,0,29,92,2,123,0,11,155,0,166,0,40,247,2,289,180,0,180,469
10/31/2015,SDL,AZ,AWP,WE,Towers with Radar,0,34,51,0,85,0,0,105,0,105,0,34,156,0,190,108,1,109,299
11/01/2015,SDL,AZ,AWP,WE,Towers with Radar,0,31,82,0,113,0,1,99,0,100,0,32,181,0,213,46,0,46,259
11/02/2015,SDL,AZ,AWP,WE,Towers with Radar,0,37,104,0,141,0,9,159,0,168,0,46,263,0,309,182,0,182,491
11/03/2015,SDL,AZ,AWP,WE,Towers with Radar,0,42,78,2,122,0,13,170,0,183,0,55,248,2,305,191,0,191,496
11/04/2015,SDL,AZ,AWP,WE,Towers with Radar,0,38,85,0,123,0,11,120,0,131,0,49,205,0,254,211,0,211,465
11/05/2015,SDL,AZ,AWP,WE,Towers with Radar,0,36,112,0,148,0,3,176,0,179,0,39,288,0,327,202,0,202,529
11/06/2015,SDL,AZ,AWP,WE,Towers with Radar,0,35,117,2,154,0,13,231,0,244,0,48,348,2,398,204,0,204,602
11/07/2015,SDL,AZ,AWP,WE,Towers with Radar,0,25,69,0,94,0,1,366,0,367,0,26,435,0,461,23,0,23,484
11/08/2015,SDL,AZ,AWP,WE,Towers with Radar,0,55,111,2,168,0,1,126,0,127,0,56,237,2,295,84,0,84,379
11/09/2015,SDL,AZ,AWP,WE,Towers with Radar,0,36,110,4,150,0,6,180,0,186,0,42,290,4,336,146,0,146,482
11/10/2015,SDL,AZ,AWP,WE,Towers with Radar,0,26,93,0,119,0,11,140,0,151,0,37,233,0,270,185,0,185,455
11/11/2015,SDL,AZ,AWP,WE,Towers with Radar,0,27,95,1,123,0,15,191,0,206,0,42,286,1,329,173,0,173,502
11/12/2015,SDL,AZ,AWP,WE,Towers with Radar,0,35,111,1,147,0,4,216,0,220,0,39,327,1,367,257,0,257,624
11/13/2015,SDL,AZ,AWP,WE,Towers with Radar,0,35,140,0,175,0,7,204,0,211,0,42,344,0,386,212,0,212,598
11/14/2015,SDL,AZ,AWP,WE,Towers with Radar,0,45,79,2,126,0,4,137,0,141,0,49,216,2,267,136,0,136,403
11/15/2015,SDL,AZ,AWP,WE,Towers with Radar,0,58,101,0,159,0,1,91,0,92,0,59,192,0,251,57,0,57,308
11/16/2015,SDL,AZ,AWP,WE,Towers with Radar,0,33,85,0,118,0,6,106,1,113,0,39,191,1,231,203,0,203,434
11/17/2015,SDL,AZ,AWP,WE,Towers with Radar,0,47,96,2,145,0,6,212,2,220,0,53,308,4,365,187,1,188,553
11/18/2015,SDL,AZ,AWP,WE,Towers with Radar,0,30,121,2,153,0,12,183,0,195,0,42,304,2,348,153,0,153,501
11/19/2015,SDL,AZ,AWP,WE,Towers with Radar,0,41,101,0,142,0,7,168,0,175,0,48,269,0,317,208,0,208,525
11/20/2015,SDL,AZ,AWP,WE,Towers with Radar,0,40,102,3,145,0,14,206,0,220,0,54,308,3,365,168,0,168,533
11/21/2015,SDL,AZ,AWP,WE,Towers with Radar,0,34,86,0,120,0,2,116,2,120,0,36,202,2,240,148,1,149,389
11/22/2015,SDL,AZ,AWP,WE,Towers with Radar,0,40,94,0,134,0,0,107,0,107,0,40,201,0,241,69,0,69,310
11/23/2015,SDL,AZ,AWP,WE,Towers with Radar,0,35,96,0,131,0,10,173,0,183,0,45,269,0,314,205,0,205,519
11/24/2015,SDL,AZ,AWP,WE,Towers with Radar,1,36,130,2,169,0,12,208,2,222,1,48,338,4,391,176,0,176,567
11/25/2015,SDL,AZ,AWP,WE,Towers with Radar,0,23,102,0,125,0,7,167,0,174,0,30,269,0,299,139,0,139,438
11/26/2015,SDL,AZ,AWP,WE,Towers with Radar,0,10,17,0,27,0,3,39,0,42,0,13,56,0,69,40,0,40,109
11/27/2015,SDL,AZ,AWP,WE,Towers with Radar,0,27,51,1,79,0,0,84,0,84,0,27,135,1,163,36,1,37,200
11/28/2015,SDL,AZ,AWP,WE,Towers with Radar,0,52,80,1,133,0,2,117,0,119,0,54,197,1,252,84,0,84,336
11/29/2015,SDL,AZ,AWP,WE,Towers with Radar,0,67,138,1,206,0,3,126,0,129,0,70,264,1,335,55,0,55,390
11/30/2015,SDL,AZ,AWP,WE,Towers with Radar,0,36,91,5,132,0,7,147,0,154,0,43,238,5,286,218,0,218,504
12/01/2015,SDL,AZ,AWP,WE,Towers with Radar,0,47,129,2,178,0,7,173,0,180,0,54,302,2,358,226,0,226,584
12/02/2015,SDL,AZ,AWP,WE,Towers with Radar,0,41,94,2,137,0,8,154,0,162,0,49,248,2,299,122,2,124,423
12/03/2015,SDL,AZ,AWP,WE,Towers with Radar,0,41,80,0,121,0,4,141,2,147,0,45,221,2,268,209,0,209,477
12/04/2015,SDL,AZ,AWP,WE,Towers with Radar,0,39,86,0,125,0,8,159,0,167,0,47,245,0,292,178,0,178,470
12/05/2015,SDL,AZ,AWP,WE,Towers with Radar,0,21,66,0,87,0,2,135,0,137,0,23,201,0,224,33,0,33,257
12/06/2015,SDL,AZ,AWP,WE,Towers with Radar,0,30,73,0,103,0,3,91,0,94,0,33,164,0,197,98,0,98,295
12/07/2015,SDL,AZ,AWP,WE,Towers with Radar,0,32,79,0,111,0,8,162,1,171,0,40,241,1,282,226,0,226,508
12/08/2015,SDL,AZ,AWP,WE,Towers with Radar,0,25,80,0,105,0,16,170,0,186,0,41,250,0,291,222,0,222,513
12/09/2015,SDL,AZ,AWP,WE,Towers with Radar,0,29,99,1,129,0,8,170,0,178,0,37,269,1,307,210,0,210,517
12/10/2015,SDL,AZ,AWP,WE,Towers with Radar,0,37,104,6,147,0,9,140,0,149,0,46,244,6,296,147,0,147,443
12/11/2015,SDL,AZ,AWP,WE,Towers with Radar,0,35,86,0,121,0,10,155,2,167,0,45,241,2,288,120,0,120,408
12/12/2015,SDL,AZ,AWP,WE,Towers with Radar,0,22,55,0,77,0,2,86,0,88,0,24,141,0,165,165,0,165,330
12/13/2015,SDL,AZ,AWP,WE,Towers with Radar,0,31,91,1,123,0,0,118,0,118,0,31,209,1,241,104,0,104,345
12/14/2015,SDL,AZ,AWP,WE,Towers with Radar,0,37,73,1,111,0,6,70,0,76,0,43,143,1,187,129,0,129,316
12/15/2015,SDL,AZ,AWP,WE,Towers with Radar,0,34,111,4,149,0,24,130,0,154,0,58,241,4,303,154,0,154,457
12/16/2015,SDL,AZ,AWP,WE,Towers with Radar,0,44,77,0,121,0,8,161,2,171,0,52,238,2,292,159,0,159,451
12/17/2015,SDL,AZ,AWP,WE,Towers with Radar,0,32,74,2,108,0,4,159,0,163,0,36,233,2,271,131,0,131,402
12/18/2015,SDL,AZ,AWP,WE,Towers with Radar,0,29,95,1,125,0,17,166,0,183,0,46,261,1,308,194,0,194,502
12/19/2015,SDL,AZ,AWP,WE,Towers with Radar,0,12,31,0,43,0,0,50,1,51,0,12,81,1,94,40,0,40,134
12/20/2015,SDL,AZ,AWP,WE,Towers with Radar,0,30,88,0,118,0,0,141,0,141,0,30,229,0,259,128,0,128,387
12/21/2015,SDL,AZ,AWP,WE,Towers with Radar,0,29,59,2,90,0,11,109,0,120,0,40,168,2,210,176,0,176,386
12/22/2015,SDL,AZ,AWP,WE,Towers with Radar,0,40,66,4,110,0,6,81,0,87,0,46,147,4,197,124,0,124,321
12/23/2015,SDL,AZ,AWP,WE,Towers with Radar,0,32,87,0,119,0,7,78,0,85,0,39,165,0,204,107,0,107,311
12/24/2015,SDL,AZ,AWP,WE,Towers with Radar,0,18,22,0,40,0,4,40,0,44,0,22,62,0,84,53,0,53,137
12/25/2015,SDL,AZ,AWP,WE,Towers with Radar,0,14,13,0,27,0,0,20,0,20,0,14,33,0,47,16,0,16,63
12/26/2015,SDL,AZ,AWP,WE,Towers with Radar,0,64,102,0,166,0,3,46,0,49,0,67,148,0,215,42,0,42,257
12/27/2015,SDL,AZ,AWP,WE,Towers with Radar,0,59,95,0,154,0,0,102,0,102,0,59,197,0,256,58,0,58,314
12/28/2015,SDL,AZ,AWP,WE,Towers with Radar,0,39,94,0,133,0,3,113,0,116,0,42,207,0,249,152,0,152,401
12/29/2015,SDL,AZ,AWP,WE,Towers with Radar,1,56,76,0,133,0,7,131,2,140,1,63,207,2,273,133,0,133,406
12/30/2015,SDL,AZ,AWP,WE,Towers with Radar,0,55,86,0,141,0,5,108,0,113,0,60,194,0,254,75,0,75,329
12/31/2015,SDL,AZ,AWP,WE,Towers with Radar,0,27,67,0,94,0,8,108,0,116,0,35,175,0,210,100,0,100,310
01/01/2016,SDL,AZ,AWP,WE,Towers with Radar,0,37,56,0,93,0,5,51,0,56,0,42,107,0,149,22,0,22,171
01/02/2016,SDL,AZ,AWP,WE,Towers with Radar,0,70,105,0,175,0,1,85,0,86,0,71,190,0,261,32,0,32,293
01/03/2016,SDL,AZ,AWP,WE,Towers with Radar,0,59,123,0,182,0,0,77,0,77,0,59,200,0,259,55,0,55,314
01/04/2016,SDL,AZ,AWP,WE,Towers with Radar,0,48,94,0,142,0,3,74,0,77,0,51,168,0,219,78,0,78,297
01/05/2016,SDL,AZ,AWP,WE,Towers with Radar,0,35,87,0,122,0,4,55,0,59,0,39,142,0,181,117,0,117,298
01/06/2016,SDL,AZ,AWP,WE,Towers with Radar,0,31,78,1,110,0,9,59,2,70,0,40,137,3,180,61,2,63,243
01/07/2016,SDL,AZ,AWP,WE,Towers with Radar,0,42,87,3,132,0,5,34,0,39,0,47,121,3,171,74,0,74,245
01/08/2016,SDL,AZ,AWP,WE,Towers with Radar,0,49,82,0,131,0,6,93,0,99,0,55,175,0,230,120,0,120,350
01/09/2016,SDL,AZ,AWP,WE,Towers with Radar,0,54,85,0,139,0,1,126,0,127,0,55,211,0,266,129,0,129,395
01/10/2016,SDL,AZ,AWP,WE,Towers with Radar,0,52,126,0,178,0,6,80,0,86,0,58,206,0,264,46,0,46,310
01/11/2016,SDL,AZ,AWP,WE,Towers with Radar,2,41,69,0,112,0,7,202,0,209,2,48,271,0,321,108,0,108,429
01/12/2016,SDL,AZ,AWP,WE,Towers with Radar,0,63,132,4,199,0,9,193,0,202,0,72,325,4,401,83,0,83,484
01/13/2016,SDL,AZ,AWP,WE,Towers with Radar,0,35,111,2,148,0,8,219,0,227,0,43,330,2,375,160,0,160,535
01/14/2016,SDL,AZ,AWP,WE,Towers with Radar,0,35,110,2,147,0,10,174,0,184,0,45,284,2,331,214,0,214,545
01/15/2016,SDL,AZ,AWP,WE,Towers with Radar,0,35,108,8,151,0,4,157,0,161,0,39,265,8,312,213,0,213,525
01/16/2016,SDL,AZ,AWP,WE,Towers with Radar,0,39,67,5,111,0,3,129,0,132,0,42,196,5,243,128,0,128,371
01/17/2016,SDL,AZ,AWP,WE,Towers with Radar,0,33,92,1,126,0,0,100,0,100,0,33,192,1,226,58,0,58,284
01/18/2016,SDL,AZ,AWP,WE,Towers with Radar,0,22,67,0,89,0,3,100,0,103,0,25,167,0,192,116,0,116,308
01/19/2016,SDL,AZ,AWP,WE,Towers with Radar,0,40,105,2,147,0,6,158,0,164,0,46,263,2,311,162,0,162,473
01/20/2016,SDL,AZ,AWP,WE,Towers with Radar,0,27,83,0,110,0,7,187,0,194,0,34,270,0,304,102,0,102,406
01/21/2016,SDL,AZ,AWP,WE,Towers with Radar,1,37,74,0,112,0,4,168,0,172,1,41,242,0,284,163,0,163,447
01/22/2016,SDL,AZ,AWP,WE,Towers with Radar,0,38,95,2,135,0,6,163,0,169,0,44,258,2,304,214,0,214,518
01/23/2016,SDL,AZ,AWP,WE,Towers with Radar,0,30,80,1,111,0,3,106,0,109,0,33,186,1,220,180,0,180,400
01/24/2016,SDL,AZ,AWP,WE,Towers with Radar,1,33,112,0,146,0,0,87,1,88,1,33,199,1,234,77,0,77,311
01/25/2016,SDL,AZ,AWP,WE,Towers with Radar,0,21,99,0,120,0,11,167,2,180,0,32,266,2,300,216,0,216,516
01/26/2016,SDL,AZ,AWP,WE,Towers with Radar,0,28,107,1,136,0,10,177,0,187,0,38,284,1,323,153,0,153,476
01/27/2016,SDL,AZ,AWP,WE,Towers with Radar,0,47,112,7,166,0,17,219,2,238,0,64,331,9,404,225,0,225,629
01/28/2016,SDL,AZ,AWP,WE,Towers with Radar,0,63,157,6,226,0,5,181,0,186,0,68,338,6,412,79,0,79,491
01/29/2016,SDL,AZ,AWP,WE,Towers with Radar,0,48,121,3,172,0,14,158,0,172,0,62,279,3,344,123,0,123,467
01/30/2016,SDL,AZ,AWP,WE,Towers with Radar,0,36,81,0,117,0,2,150,0,152,0,38,231,0,269,111,0,111,380
01/31/2016,SDL,AZ,AWP,WE,Towers with Radar,0,74,144,0,218,0,1,71,0,72,0,75,215,0,290,0,0,0,290
02/01/2016,SDL,AZ,AWP,WE,Towers with Radar,0,60,65,0,125,0,11,95,0,106,0,71,160,0,231,61,0,61,292
02/02/2016,SDL,AZ,AWP,WE,Towers with Radar,0,37,93,2,132,0,20,163,0,183,0,57,256,2,315,170,0,170,485
02/03/2016,SDL,AZ,AWP,WE,Towers with Radar,0,44,110,3,157,0,19,190,0,209,0,63,300,3,366,113,0,113,479
02/04/2016,SDL,AZ,AWP,WE,Towers with Radar,0,47,129,5,181,0,9,178,2,189,0,56,307,7,370,108,0,108,478
02/05/2016,SDL,AZ,AWP,WE,Towers with Radar,0,46,117,1,164,0,12,164,0,176,0,58,281,1,340,94,0,94,434
02/06/2016,SDL,AZ,AWP,WE,Towers with Radar,0,39,76,0,115,0,1,102,0,103,0,40,178,0,218,63,0,63,281
02/07/2016,SDL,AZ,AWP,WE,Towers with Radar,0,56,81,1,138,0,0,87,1,88,0,56,168,2,226,28,0,28,254
02/08/2016,SDL,AZ,AWP,WE,Towers with Radar,0,68,119,3,190,0,8,182,0,190,0,76,301,3,380,97,0,97,477
02/09/2016,SDL,AZ,AWP,WE,Towers with Radar,0,31,100,2,133,0,6,174,1,181,0,37,274,3,314,237,0,237,551
02/10/2016,SDL,AZ,AWP,WE,Towers with Radar,0,50,94,2,146,0,13,211,0,224,0,63,305,2,370,212,0,212,582
02/11/2016,SDL,AZ,AWP,WE,Towers with Radar,1,54,117,2,174,0,8,202,0,210,1,62,319,2,384,237,2,239,623
02/12/2016,SDL,AZ,AWP,WE,Towers with Radar,0,35,118,2,155,0,4,169,0,173,0,39,287,2,328,179,2,181,509
02/13/2016,SDL,AZ,AWP,WE,Towers with Radar,0,44,57,0,101,0,2,132,0,134,0,46,189,0,235,202,0,202,437
02/14/2016,SDL,AZ,AWP,WE,Towers with Radar,0,33,82,2,117,0,2,107,0,109,0,35,189,2,226,65,4,69,295
02/15/2016,SDL,AZ,AWP,WE,Towers with Radar,0,50,144,1,195,0,19,187,0,206,0,69,331,1,401,259,0,259,660
02/16/2016,SDL,AZ,AWP,WE,Towers with Radar,0,50,112,1,163,0,23,186,3,212,0,73,298,4,375,273,0,273,648
02/17/2016,SDL,AZ,AWP,WE,Towers with Radar,0,42,95,0,137,0,4,165,0,169,0,46,260,0,306,277,0,277,583
02/18/2016,SDL,AZ,AWP,WE,Towers with Radar,0,46,121,0,167,0,7,165,0,172,0,53,286,0,339,206,0,206,545
02/19/2016,SDL,AZ,AWP,WE,Towers with Radar,0,46,112,2,160,0,18,172,0,190,0,64,284,2,350,250,0,250,600
02/20/2016,SDL,AZ,AWP,WE,Towers with Radar,0,30,72,4,106,0,1,113,0,114,0,31,185,4,220,131,0,131,351
02/21/2016,SDL,AZ,AWP,WE,Towers with Radar,0,62,127,1,190,0,3,117,0,120,0,65,244,1,310,115,0,115,425
02/22/2016,SDL,AZ,AWP,WE,Towers with Radar,0,59,88,0,147,0,11,152,0,163,0,70,240,0,310,152,0,152,462
02/23/2016,SDL,AZ,AWP,WE,Towers with Radar,0,51,89,4,144,0,14,182,0,196,0,65,271,4,340,159,0,159,499
02/24/2016,SDL,AZ,AWP,WE,Towers with Radar,0,47,95,2,144,0,6,216,0,222,0,53,311,2,366,179,0,179,545
02/25/2016,SDL,AZ,AWP,WE,Towers with Radar,0,38,117,2,157,0,10,179,1,190,0,48,296,3,347,206,0,206,553
02/26/2016,SDL,AZ,AWP,WE,Towers with Radar,0,49,114,3,166,0,10,188,0,198,0,59,302,3,364,153,0,153,517
02/27/2016,SDL,AZ,AWP,WE,Towers with Radar,0,34,58,2,94,0,2,111,0,113,0,36,169,2,207,85,0,85,292
02/28/2016,SDL,AZ,AWP,WE,Towers with Radar,0,37,106,0,143,0,0,84,0,84,0,37,190,0,227,20,0,20,247
02/29/2016,SDL,AZ,AWP,WE,Towers with Radar,0,31,136,3,170,0,13,173,0,186,0,44,309,3,356,157,0,157,513
03/01/2016,SDL,AZ,AWP,WE,Towers with Radar,0,40,119,3,162,0,16,195,1,212,0,56,314,4,374,190,0,190,564
03/02/2016,SDL,AZ,AWP,WE,Towers with Radar,0,38,122,0,160,0,7,201,0,208,0,45,323,0,368,240,0,240,608
03/03/2016,SDL,AZ,AWP,WE,Towers with Radar,0,52,94,0,146,0,6,205,0,211,0,58,299,0,357,219,0,219,576
03/04/2016,SDL,AZ,AWP,WE,Towers with Radar,0,56,129,0,185,0,11,175,0,186,0,67,304,0,371,173,0,173,544
03/05/2016,SDL,AZ,AWP,WE,Towers with Radar,0,29,83,5,117,0,0,141,0,141,0,29,224,5,258,155,0,155,413
03/06/2016,SDL,AZ,AWP,WE,Towers with Radar,0,67,114,5,186,0,2,80,0,82,0,69,194,5,268,34,0,34,302
03/07/2016,SDL,AZ,AWP,WE,Towers with Radar,0,37,139,2,178,0,19,182,0,201,0,56,321,2,379,138,0,138,517
03/08/2016,SDL,AZ,AWP,WE,Towers with Radar,0,42,106,0,148,0,15,178,0,193,0,57,284,0,341,172,0,172,513
03/09/2016,SDL,AZ,AWP,WE,Towers with Radar,0,51,125,0,176,0,6,201,1,208,0,57,326,1,384,205,0,205,589
03/10/2016,SDL,AZ,AWP,WE,Towers with Radar,0,64,133,2,199,0,4,168,0,172,0,68,301,2,371,158,0,158,529
03/11/2016,SDL,AZ,AWP,WE,Towers with Radar,0,57,130,3,190,0,8,139,0,147,0,65,269,3,337,104,0,104,441
03/12/2016,SDL,AZ,AWP,WE,Towers with Radar,0,50,65,1,116,0,0,138,0,138,0,50,203,1,254,135,0,135,389
03/13/2016,SDL,AZ,AWP,WE,Towers with Radar,0,85,119,0,204,0,4,127,0,131,0,89,246,0,335,73,0,73,408
03/14/2016,SDL,AZ,AWP,WE,Towers with Radar,0,44,99,0,143,0,14,178,0,192,0,58,277,0,335,222,0,222,557
03/15/2016,SDL,AZ,AWP,WE,Towers with Radar,0,54,109,2,165,0,13,208,0,221,0,67,317,2,386,210,6,216,602
03/16/2016,SDL,AZ,AWP,WE,Towers with Radar,0,67,127,0,194,0,9,161,0,170,0,76,288,0,364,152,0,152,516
03/17/2016,SDL,AZ,AWP,WE,Towers with Radar,0,58,135,2,195,0,11,182,3,196,0,69,317,5,391,111,0,111,502
03/18/2016,SDL,AZ,AWP,WE,Towers with Radar,0,60,122,5,187,0,16,168,1,185,0,76,290,6,372,121,0,121,493
03/19/2016,SDL,AZ,AWP,WE,Towers with Radar,0,45,88,0,133,0,5,134,0,139,0,50,222,0,272,93,0,93,365
03/20/2016,SDL,AZ,AWP,WE,Towers with Radar,0,67,132,3,202,0,0,115,0,115,0,67,247,3,317,92,0,92,409
03/21/2016,SDL,AZ,AWP,WE,Towers with Radar,0,44,86,0,130,0,23,182,0,205,0,67,268,0,335,181,0,181,516
03/22/2016,SDL,AZ,AWP,WE,Towers with Radar,0,34,80,0,114,0,13,120,2,135,0,47,200,2,249,98,0,98,347
03/23/2016,SDL,AZ,AWP,WE,Towers with Radar,0,41,119,0,160,0,8,162,0,170,0,49,281,0,330,90,0,90,420
03/24/2016,SDL,AZ,AWP,WE,Towers with Radar,0,65,161,0,226,0,8,216,0,224,0,73,377,0,450,244,0,244,694
03/25/2016,SDL,AZ,AWP,WE,Towers with Radar,0,49,104,1,154,0,11,207,8,226,0,60,311,9,380,199,0,199,579
03/26/2016,SDL,AZ,AWP,WE,Towers with Radar,0,32,64,0,96,0,0,128,0,128,0,32,192,0,224,118,0,118,342
03/27/2016,SDL,AZ,AWP,WE,Towers with Radar,0,48,85,1,134,0,1,109,0,110,0,49,194,1,244,31,0,31,275
03/28/2016,SDL,AZ,AWP,WE,Towers with Radar,0,58,111,1,170,0,21,127,0,148,0,79,238,1,318,191,0,191,509
03/29/2016,SDL,AZ,AWP,WE,Towers with Radar,0,54,105,1,160,0,8,108,5,121,0,62,213,6,281,145,0,145,426
03/30/2016,SDL,AZ,AWP,WE,Towers with Radar,0,51,105,2,158,0,9,174,5,188,0,60,279,7,346,185,0,185,531
03/31/2016,SDL,AZ,AWP,WE,Towers with Radar,0,50,133,0,183,0,12,156,3,171,0,62,289,3,354,220,0,220,574
04/01/2016,SDL,AZ,AWP,WE,Towers with Radar,2,56,109,2,169,0,7,172,0,179,2,63,281,2,348,196,0,196,544
04/02/2016,SDL,AZ,AWP,WE,Towers with Radar,0,30,73,0,103,0,4,95,5,104,0,34,168,5,207,45,0,45,252
04/03/2016,SDL,AZ,AWP,WE,Towers with Radar,0,65,126,0,191,0,2,101,0,103,0,67,227,0,294,84,0,84,378
04/04/2016,SDL,AZ,AWP,WE,Towers with Radar,0,40,74,0,114,0,7,182,0,189,0,47,256,0,303,347,0,347,650
04/05/2016,SDL,AZ,AWP,WE,Towers with Radar,0,36,99,2,137,0,11,175,0,186,0,47,274,2,323,273,0,273,596
04/06/2016,SDL,AZ,AWP,WE,Towers with Radar,0,36,95,0,131,0,10,158,2,170,0,46,253,2,301,235,0,235,536
04/07/2016,SDL,AZ,AWP,WE,Towers with Radar,0,32,107,0,139,0,7,159,0,166,0,39,266,0,305,242,0,242,547
04/08/2016,SDL,AZ,AWP,WE,Towers with Radar,0,36,96,4,136,0,6,133,0,139,0,42,229,4,275,194,4,198,473
04/09/2016,SDL,AZ,AWP,WE,Towers with Radar,0,27,77,3,107,0,3,94,0,97,0,30,171,3,204,136,6,142,346
04/10/2016,SDL,AZ,AWP,WE,Towers with Radar,0,36,92,2,130,0,4,45,0,49,0,40,137,2,179,73,0,73,252
04/11/2016,SDL,AZ,AWP,WE,Towers with Radar,0,30,89,0,119,0,17,159,0,176,0,47,248,0,295,343,0,343,638
04/12/2016,SDL,AZ,AWP,WE,Towers with Radar,0,39,91,0,130,0,17,191,0,208,0,56,282,0,338,289,0,289,627
04/13/2016,SDL,AZ,AWP,WE,Towers with Radar,0,35,106,2,143,0,12,217,1,230,0,47,323,3,373,245,0,245,618
04/14/2016,SDL,AZ,AWP,WE,Towers with Radar,0,33,116,0,149,0,7,153,0,160,0,40,269,0,309,277,0,277,586
04/15/2016,SDL,AZ,AWP,WE,Towers with Radar,0,34,75,0,109,0,10,132,0,142,0,44,207,0,251,180,0,180,431
04/16/2016,SDL,AZ,AWP,WE,Towers with Radar,0,37,60,0,97,0,4,141,0,145,0,41,201,0,242,73,0,73,315
04/17/2016,SDL,AZ,AWP,WE,Towers with Radar,0,50,83,0,133,0,1,126,0,127,0,51,209,0,260,104,0,104,364
04/18/2016,SDL,AZ,AWP,WE,Towers with Radar,0,26,71,4,101,0,17,184,0,201,0,43,255,4,302,296,0,296,598
04/19/2016,SDL,AZ,AWP,WE,Towers with Radar,0,29,99,0,128,0,13,202,0,215,0,42,301,0,343,314,0,314,657
04/20/2016,SDL,AZ,AWP,WE,Towers with Radar,0,43,113,0,156,0,17,214,0,231,0,60,327,0,387,253,0,253,640
04/21/2016,SDL,AZ,AWP,WE,Towers with Radar,0,43,102,0,145,0,3,190,0,193,0,46,292,0,338,182,0,182,520
04/22/2016,SDL,AZ,AWP,WE,Towers with Radar,0,45,92,0,137,0,12,179,2,193,0,57,271,2,330,221,0,221,551
04/23/2016,SDL,AZ,AWP,WE,Towers with Radar,0,28,57,0,85,0,5,94,4,103,0,33,151,4,188,95,1,96,284
04/24/2016,SDL,AZ,AWP,WE,Towers with Radar,0,47,127,2,176,0,1,117,0,118,0,48,244,2,294,63,0,63,357
04/25/2016,SDL,AZ,AWP,WE,Towers with Radar,0,29,58,0,87,0,9,51,3,63,0,38,109,3,150,67,0,67,217
04/26/2016,SDL,AZ,AWP,WE,Towers with Radar,0,59,90,0,149,0,14,189,3,206,0,73,279,3,355,235,0,235,590
04/27/2016,SDL,AZ,AWP,WE,Towers with Radar,0,48,102,0,150,0,8,191,1,200,0,56,293,1,350,195,0,195,545
04/28/2016,SDL,AZ,AWP,WE,Towers with Radar,0,48,75,0,123,0,4,145,0,149,0,52,220,0,272,180,0,180,452
04/29/2016,SDL,AZ,AWP,WE,Towers with Radar,0,47,92,1,140,0,3,163,0,166,0,50,255,1,306,299,0,299,605
04/30/2016,SDL,AZ,AWP,WE,Towers with Radar,0,27,44,0,71,0,1,81,0,82,0,28,125,0,153,64,0,64,217
05/01/2016,SDL,AZ,AWP,WE,Towers with Radar,0,51,98,0,149,0,2,91,4,97,0,53,189,4,246,101,0,101,347
05/02/2016,SDL,AZ,AWP,WE,Towers with Radar,0,35,94,1,130,0,3,147,0,150,0,38,241,1,280,268,0,268,548
05/03/2016,SDL,AZ,AWP,WE,Towers with Radar,0,44,87,2,133,0,12,172,0,184,0,56,259,2,317,238,0,238,555
05/04/2016,SDL,AZ,AWP,WE,Towers with Radar,0,39,115,0,154,0,11,162,0,173,0,50,277,0,327,151,0,151,478
05/05/2016,SDL,AZ,AWP,WE,Towers with Radar,0,40,105,0,145,0,4,140,0,144,0,44,245,0,289,160,0,160,449
05/06/2016,SDL,AZ,AWP,WE,Towers with Radar,0,43,85,2,130,0,13,111,0,124,0,56,196,2,254,209,0,209,463
05/07/2016,SDL,AZ,AWP,WE,Towers with Radar,0,30,61,0,91,0,4,104,0,108,0,34,165,0,199,203,0,203,402
05/08/2016,SDL,AZ,AWP,WE,Towers with Radar,0,33,56,0,89,0,0,73,0,73,0,33,129,0,162,79,0,79,241
05/09/2016,SDL,AZ,AWP,WE,Towers with Radar,0,28,80,2,110,0,12,184,1,197,0,40,264,3,307,237,0,237,544
05/10/2016,SDL,AZ,AWP,WE,Towers with Radar,0,34,92,0,126,0,13,167,0,180,0,47,259,0,306,204,0,204,510
05/11/2016,SDL,AZ,AWP,WE,Towers with Radar,0,37,120,2,159,0,8,158,0,166,0,45,278,2,325,197,0,197,522
05/12/2016,SDL,AZ,AWP,WE,Towers with Radar,0,43,85,3,131,0,10,170,0,180,0,53,255,3,311,267,0,267,578
05/13/2016,SDL,AZ,AWP,WE,Towers with Radar,0,31,83,2,116,0,9,167,1,177,0,40,250,3,293,190,0,190,483
05/14/2016,SDL,AZ,AWP,WE,Towers with Radar,0,28,67,4,99,0,1,100,1,102,0,29,167,5,201,37,0,37,238
05/15/2016,SDL,AZ,AWP,WE,Towers with Radar,0,38,61,2,101,0,1,110,4,115,0,39,171,6,216,89,0,89,305
05/16/2016,SDL,AZ,AWP,WE,Towers with Radar,0,26,72,1,99,0,20,138,0,158,0,46,210,1,257,194,0,194,451
05/17/2016,SDL,AZ,AWP,WE,Towers with Radar,0,29,82,3,114,0,12,141,0,153,0,41,223,3,267,188,2,190,457
05/18/2016,SDL,AZ,AWP,WE,Towers with Radar,0,25,92,3,120,0,10,124,3,137,0,35,216,6,257,255,0,255,512
05/19/2016,SDL,AZ,AWP,WE,Towers with Radar,0,44,81,0,125,0,13,139,2,154,0,57,220,2,279,228,0,228,507
05/20/2016,SDL,AZ,AWP,WE,Towers with Radar,0,33,79,0,112,0,17,97,0,114,0,50,176,0,226,102,0,102,328
05/21/2016,SDL,AZ,AWP,WE,Towers with Radar,0,32,51,2,85,0,1,80,4,85,0,33,131,6,170,107,0,107,277
05/22/2016,SDL,AZ,AWP,WE,Towers with Radar,0,33,59,0,92,0,0,95,0,95,0,33,154,0,187,149,0,149,336
05/23/2016,SDL,AZ,AWP,WE,Towers with Radar,0,40,91,0,131,0,7,155,0,162,0,47,246,0,293,207,0,207,500
05/24/2016,SDL,AZ,AWP,WE,Towers with Radar,0,32,106,2,140,0,18,199,0,217,0,50,305,2,357,245,0,245,602
05/25/2016,SDL,AZ,AWP,WE,Towers with Radar,0,36,93,0,129,0,8,190,1,199,0,44,283,1,328,292,0,292,620
05/26/2016,SDL,AZ,AWP,WE,Towers with Radar,0,29,109,0,138,0,10,205,0,215,0,39,314,0,353,327,1,328,681
05/27/2016,SDL,AZ,AWP,WE,Towers with Radar,0,29,111,0,140,0,9,198,0,207,0,38,309,0,347,224,0,224,571
05/28/2016,SDL,AZ,AWP,WE,Towers with Radar,0,17,63,0,80,0,2,171,0,173,0,19,234,0,253,179,0,179,432
05/29/2016,SDL,AZ,AWP,WE,Towers with Radar,0,25,35,0,60,0,1,71,0,72,0,26,106,0,132,118,0,118,250
05/30/2016,SDL,AZ,AWP,WE,Towers with Radar,0,27,95,0,122,0,0,81,0,81,0,27,176,0,203,79,0,79,282
05/31/2016,SDL,AZ,AWP,WE,Towers with Radar,0,26,75,0,101,0,10,201,0,211,0,36,276,0,312,201,0,201,513
06/01/2016,SDL,AZ,AWP,WE,Towers with Radar,0,26,68,2,96,0,6,157,0,163,0,32,225,2,259,243,0,243,502
06/02/2016,SDL,AZ,AWP,WE,Towers with Radar,0,28,88,0,116,0,6,204,1,211,0,34,292,1,327,160,0,160,487
06/03/2016,SDL,AZ,AWP,WE,Towers with Radar,0,32,92,2,126,0,15,178,3,196,0,47,270,5,322,102,0,102,424
06/04/2016,SDL,AZ,AWP,WE,Towers with Radar,0,26,61,0,87,0,0,110,0,110,0,26,171,0,197,143,0,143,340
06/05/2016,SDL,AZ,AWP,WE,Towers with Radar,0,32,55,1,88,0,1,69,0,70,0,33,124,1,158,117,0,117,275
06/06/2016,SDL,AZ,AWP,WE,Towers with Radar,0,32,66,0,98,0,8,136,0,144,0,40,202,0,242,137,0,137,379
06/07/2016,SDL,AZ,AWP,WE,Towers with Radar,0,26,74,0,100,0,17,228,0,245,0,43,302,0,345,180,0,180,525
06/08/2016,SDL,AZ,AWP,WE,Towers with Radar,0,29,90,3,122,0,8,144,0,152,0,37,234,3,274,188,0,188,462
06/09/2016,SDL,AZ,AWP,WE,Towers with Radar,0,25,94,1,120,0,11,160,0,171,0,36,254,1,291,130,0,130,421
06/10/2016,SDL,AZ,AWP,WE,Towers with Radar,0,26,89,0,115,0,14,160,0,174,0,40,249,0,289,120,0,120,409
06/11/2016,SDL,AZ,AWP,WE,Towers with Radar,0,18,60,0,78,0,0,96,0,96,0,18,156,0,174,108,0,108,282
06/12/2016,SDL,AZ,AWP,WE,Towers with Radar,0,38,88,0,126,0,0,94,0,94,0,38,182,0,220,109,0,109,329
06/13/2016,SDL,AZ,AWP,WE,Towers with Radar,0,13,88,6,107,0,2,167,0,169,0,15,255,6,276,151,0,151,427
06/14/2016,SDL,AZ,AWP,WE,Towers with Radar,0,23,82,0,105,0,8,155,1,164,0,31,237,1,269,262,0,262,531
06/15/2016,SDL,AZ,AWP,WE,Towers with Radar,0,19,82,2,103,0,7,174,0,181,0,26,256,2,284,244,0,244,528
06/16/2016,SDL,AZ,AWP,WE,Towers with Radar,0,21,105,3,129,0,9,194,0,203,0,30,299,3,332,228,0,228,560
06/17/2016,SDL,AZ,AWP,WE,Towers with Radar,0,26,77,2,105,0,8,180,0,188,0,34,257,2,293,204,0,204,497
06/18/2016,SDL,AZ,AWP,WE,Towers with Radar,0,8,48,0,56,0,4,104,0,108,0,12,152,0,164,60,0,60,224
06/19/2016,SDL,AZ,AWP,WE,Towers with Radar,0,20,43,0,63,0,1,58,0,59,0,21,101,0,122,24,0,24,146
06/20/2016,SDL,AZ,AWP,WE,Towers with Radar,0,16,88,0,104,0,7,143,0,150,0,23,231,0,254,111,0,111,365
06/21/2016,SDL,AZ,AWP,WE,Towers with Radar,0,14,69,4,87,0,10,164,0,174,0,24,233,4,261,260,0,260,521
06/22/2016,SDL,AZ,AWP,WE,Towers with Radar,0,18,68,2,88,0,6,137,0,143,0,24,205,2,231,254,0,254,485
06/23/2016,SDL,AZ,AWP,WE,Towers with Radar,0,20,83,2,105,0,4,167,6,177,0,24,250,8,282,241,0,241,523
06/24/2016,SDL,AZ,AWP,WE,Towers with Radar,0,21,76,0,97,0,12,189,0,201,0,33,265,0,298,216,0,216,514
06/25/2016,SDL,AZ,AWP,WE,Towers with Radar,0,18,50,0,68,0,4,95,0,99,0,22,145,0,167,98,0,98,265
06/26/2016,SDL,AZ,AWP,WE,Towers with Radar,0,17,63,0,80,0,0,72,0,72,0,17,135,0,152,111,0,111,263
06/27/2016,SDL,AZ,AWP,WE,Towers with Radar,0,11,64,0,75,0,10,171,0,181,0,21,235,0,256,139,0,139,395
06/28/2016,SDL,AZ,AWP,WE,Towers with Radar,0,14,68,0,82,0,11,171,0,182,0,25,239,0,264,240,0,240,504
06/29/2016,SDL,AZ,AWP,WE,Towers with Radar,0,21,71,2,94,0,4,135,0,139,0,25,206,2,233,270,0,270,503
06/30/2016,SDL,AZ,AWP,WE,Towers with Radar,0,28,58,0,86,0,3,161,0,164,0,31,219,0,250,285,0,285,535
07/01/2016,SDL,AZ,AWP,WE,Towers with Radar,0,39,57,1,97,0,13,129,2,144,0,52,186,3,241,105,0,105,346
07/02/2016,SDL,AZ,AWP,WE,Towers with Radar,0,19,45,0,64,0,1,74,1,76,0,20,119,1,140,84,0,84,224
07/03/2016,SDL,AZ,AWP,WE,Towers with Radar,0,7,25,0,32,0,0,44,0,44,0,7,69,0,76,20,0,20,96
07/04/2016,SDL,AZ,AWP,WE,Towers with Radar,0,6,22,0,28,0,1,57,0,58,0,7,79,0,86,88,0,88,174
07/05/2016,SDL,AZ,AWP,WE,Towers with Radar,0,19,60,2,81,0,11,151,0,162,0,30,211,2,243,219,0,219,462
07/06/2016,SDL,AZ,AWP,WE,Towers with Radar,0,19,59,1,79,0,6,167,0,173,0,25,226,1,252,184,0,184,436
07/07/2016,SDL,AZ,AWP,WE,Towers with Radar,0,14,57,5,76,0,3,155,0,158,0,17,212,5,234,218,0,218,452
07/08/2016,SDL,AZ,AWP,WE,Towers with Radar,0,22,61,0,83,0,8,159,0,167,0,30,220,0,250,211,0,211,461
07/09/2016,SDL,AZ,AWP,WE,Towers with Radar,0,16,53,0,69,0,4,74,0,78,0,20,127,0,147,88,0,88,235
07/10/2016,SDL,AZ,AWP,WE,Towers with Radar,0,19,65,0,84,0,0,105,0,105,0,19,170,0,189,55,0,55,244
07/11/2016,SDL,AZ,AWP,WE,Towers with Radar,0,18,54,0,72,0,8,142,0,150,0,26,196,0,222,206,0,206,428
07/12/2016,SDL,AZ,AWP,WE,Towers with Radar,0,13,73,0,86,0,5,190,0,195,0,18,263,0,281,221,0,221,502
07/13/2016,SDL,AZ,AWP,WE,Towers with Radar,0,16,69,0,85,0,8,152,0,160,0,24,221,0,245,247,0,247,492
07/14/2016,SDL,AZ,AWP,WE,Towers with Radar,0,26,78,2,106,0,6,165,1,172,0,32,243,3,278,209,0,209,487
07/15/2016,SDL,AZ,AWP,WE,Towers with Radar,0,13,53,1,67,0,22,153,3,178,0,35,206,4,245,210,0,210,455
07/16/2016,SDL,AZ,AWP,WE,Towers with Radar,0,10,45,1,56,0,2,77,1,80,0,12,122,2,136,52,0,52,188
07/17/2016,SDL,AZ,AWP,WE,Towers with Radar,0,21,61,1,83,0,2,95,0,97,0,23,156,1,180,132,0,132,312
07/18/2016,SDL,AZ,AWP,WE,Towers with Radar,0,22,61,0,83,0,10,119,1,130,0,32,180,1,213,138,0,138,351
07/19/2016,SDL,AZ,AWP,WE,Towers with Radar,0,11,58,0,69,0,19,158,0,177,0,30,216,0,246,202,0,202,448
07/20/2016,SDL,AZ,AWP,WE,Towers with Radar,0,19,88,0,107,0,7,188,0,195,0,26,276,0,302,231,0,231,533
07/21/2016,SDL,AZ,AWP,WE,Towers with Radar,0,20,80,0,100,0,25,167,20,212,0,45,247,20,312,183,0,183,495
07/22/2016,SDL,AZ,AWP,WE,Towers with Radar,0,26,68,0,94,0,17,185,3,205,0,43,253,3,299,102,0,102,401
07/23/2016,SDL,AZ,AWP,WE,Towers with Radar,0,7,45,0,52,0,0,98,0,98,0,7,143,0,150,160,0,160,310
07/24/2016,SDL,AZ,AWP,WE,Towers with Radar,0,11,59,0,70,0,4,93,0,97,0,15,152,0,167,40,0,40,207
07/25/2016,SDL,AZ,AWP,WE,Towers with Radar,0,16,65,0,81,0,11,169,2,182,0,27,234,2,263,149,0,149,412
07/26/2016,SDL,AZ,AWP,WE,Towers with Radar,0,23,66,0,89,0,16,168,3,187,0,39,234,3,276,225,0,225,501
07/27/2016,SDL,AZ,AWP,WE,Towers with Radar,0,18,83,0,101,0,14,161,0,175,0,32,244,0,276,226,0,226,502
07/28/2016,SDL,AZ,AWP,WE,Towers with Radar,0,9,80,0,89,0,12,141,0,153,0,21,221,0,242,129,0,129,371
07/29/2016,SDL,AZ,AWP,WE,Towers with Radar,0,14,57,0,71,0,15,102,0,117,0,29,159,0,188,144,0,144,332
07/30/2016,SDL,AZ,AWP,WE,Towers with Radar,0,19,53,0,72,0,0,114,0,114,0,19,167,0,186,104,0,104,290
07/31/2016,SDL,AZ,AWP,WE,Towers with Radar,0,11,53,0,64,0,0,76,0,76,0,11,129,0,140,40,0,40,180
08/01/2016,SDL,AZ,AWP,WE,Towers with Radar,0,24,87,0,111,0,11,155,0,166,0,35,242,0,277,165,0,165,442
08/02/2016,SDL,AZ,AWP,WE,Towers with Radar,0,22,49,0,71,0,14,118,1,133,0,36,167,1,204,120,0,120,324
08/03/2016,SDL,AZ,AWP,WE,Towers with Radar,0,26,58,0,84,0,13,91,3,107,0,39,149,3,191,62,0,62,253
08/04/2016,SDL,AZ,AWP,WE,Towers with Radar,0,28,71,0,99,0,10,124,1,135,0,38,195,1,234,219,0,219,453
08/05/2016,SDL,AZ,AWP,WE,Towers with Radar,0,22,51,0,73,0,15,102,0,117,0,37,153,0,190,161,0,161,351
08/06/2016,SDL,AZ,AWP,WE,Towers with Radar,0,12,40,0,52,0,4,101,0,105,0,16,141,0,157,132,0,132,289
08/07/2016,SDL,AZ,AWP,WE,Towers with Radar,0,24,61,2,87,0,1,105,0,106,0,25,166,2,193,135,0,135,328
08/08/2016,SDL,AZ,AWP,WE,Towers with Radar,0,23,75,0,98,0,8,142,0,150,0,31,217,0,248,175,0,175,423
08/09/2016,SDL,AZ,AWP,WE,Towers with Radar,0,23,55,0,78,0,9,99,0,108,0,32,154,0,186,115,0,115,301
08/10/2016,SDL,AZ,AWP,WE,Towers with Radar,0,23,68,0,91,0,12,147,0,159,0,35,215,0,250,203,0,203,453
08/11/2016,SDL,AZ,AWP,WE,Towers with Radar,0,22,68,0,90,0,7,110,0,117,0,29,178,0,207,152,0,152,359
08/12/2016,SDL,AZ,AWP,WE,Towers with Radar,0,22,80,3,105,0,9,162,0,171,0,31,242,3,276,177,0,177,453
08/13/2016,SDL,AZ,AWP,WE,Towers with Radar,0,11,64,0,75,0,2,99,0,101,0,13,163,0,176,135,0,135,311
08/14/2016,SDL,AZ,AWP,WE,Towers with Radar,0,15,64,0,79,0,1,76,0,77,0,16,140,0,156,62,0,62,218
08/15/2016,SDL,AZ,AWP,WE,Towers with Radar,0,18,69,1,88,0,9,143,0,152,0,27,212,1,240,203,0,203,443
08/16/2016,SDL,AZ,AWP,WE,Towers with Radar,0,15,74,3,92,0,13,151,5,169,0,28,225,8,261,197,0,197,458
08/17/2016,SDL,AZ,AWP,WE,Towers with Radar,0,33,95,0,128,0,4,162,9,175,0,37,257,9,303,192,0,192,495
08/18/2016,SDL,AZ,AWP,WE,Towers with Radar,0,11,105,0,116,0,10,142,1,153,0,21,247,1,269,173,0,173,442
08/19/2016,SDL,AZ,AWP,WE,Towers with Radar,0,26,83,0,109,0,8,162,0,170,0,34,245,0,279,247,0,247,526
08/20/2016,SDL,AZ,AWP,WE,Towers with Radar,0,13,32,0,45,0,1,81,1,83,0,14,113,1,128,149,0,149,277
08/21/2016,SDL,AZ,AWP,WE,Towers with Radar,0,25,86,0,111,0,1,89,1,91,0,26,175,1,202,106,0,106,308
08/22/2016,SDL,AZ,AWP,WE,Towers with Radar,0,28,84,2,114,0,10,103,2,115,0,38,187,4,229,212,0,212,441
08/23/2016,SDL,AZ,AWP,WE,Towers with Radar,0,22,75,0,97,0,9,155,0,164,0,31,230,0,261,227,0,227,488
08/24/2016,SDL,AZ,AWP,WE,Towers with Radar,0,19,77,0,96,0,10,114,0,124,0,29,191,0,220,251,0,251,471
08/25/2016,SDL,AZ,AWP,WE,Towers with Radar,0,15,72,0,87,0,10,147,0,157,0,25,219,0,244,247,0,247,491
08/26/2016,SDL,AZ,AWP,WE,Towers with Radar,0,19,80,1,100,0,12,114,0,126,0,31,194,1,226,151,0,151,377
08/27/2016,SDL,AZ,AWP,WE,Towers with Radar,0,15,52,1,68,0,3,86,0,89,0,18,138,1,157,101,0,101,258
08/28/2016,SDL,AZ,AWP,WE,Towers with Radar,0,12,60,0,72,0,1,82,0,83,0,13,142,0,155,49,0,49,204
08/29/2016,SDL,AZ,AWP,WE,Towers with Radar,0,26,66,0,92,0,12,133,0,145,0,38,199,0,237,154,0,154,391
08/30/2016,SDL,AZ,AWP,WE,Towers with Radar,0,15,55,0,70,0,9,125,0,134,0,24,180,0,204,138,0,138,342
08/31/2016,SDL,AZ,AWP,WE,Towers with Radar,0,18,81,0,99,0,12,143,0,155,0,30,224,0,254,157,0,157,411
09/01/2016,SDL,AZ,AWP,WE,Towers with Radar,0,22,94,2,118,0,4,126,0,130,0,26,220,2,248,198,0,198,446
09/02/2016,SDL,AZ,AWP,WE,Towers with Radar,0,39,88,0,127,0,8,130,0,138,0,47,218,0,265,144,0,144,409
09/03/2016,SDL,AZ,AWP,WE,Towers with Radar,0,20,53,0,73,0,2,102,0,104,0,22,155,0,177,102,0,102,279
09/04/2016,SDL,AZ,AWP,WE,Towers with Radar,0,8,51,0,59,0,3,78,0,81,0,11,129,0,140,130,0,130,270
09/05/2016,SDL,AZ,AWP,WE,Towers with Radar,0,38,93,0,131,0,0,109,0,109,0,38,202,0,240,83,0,83,323
09/06/2016,SDL,AZ,AWP,WE,Towers with Radar,0,29,74,0,103,0,9,143,0,152,0,38,217,0,255,234,0,234,489
09/07/2016,SDL,AZ,AWP,WE,Towers with Radar,0,22,97,0,119,0,11,108,0,119,0,33,205,0,238,248,0,248,486
09/08/2016,SDL,AZ,AWP,WE,Towers with Radar,0,31,87,0,118,0,2,128,0,130,0,33,215,0,248,160,0,160,408
09/09/2016,SDL,AZ,AWP,WE,Towers with Radar,0,31,82,1,114,0,9,152,0,161,0,40,234,1,275,230,0,230,505
09/10/2016,SDL,AZ,AWP,WE,Towers with Radar,0,20,49,0,69,0,0,113,0,113,0,20,162,0,182,115,0,115,297
09/11/2016,SDL,AZ,AWP,WE,Towers with Radar,0,39,84,0,123,0,1,99,0,100,0,40,183,0,223,96,0,96,319
09/12/2016,SDL,AZ,AWP,WE,Towers with Radar,0,19,66,1,86,0,11,165,11,187,0,30,231,12,273,211,0,211,484
09/13/2016,SDL,AZ,AWP,WE,Towers with Radar,0,20,81,1,102,0,12,143,0,155,0,32,224,1,257,107,0,107,364
09/14/2016,SDL,AZ,AWP,WE,Towers with Radar,0,18,71,0,89,0,12,159,0,171,0,30,230,0,260,268,0,268,528
09/15/2016,SDL,AZ,AWP,WE,Towers with Radar,0,32,86,10,128,0,4,160,0,164,0,36,246,10,292,149,12,161,453
09/16/2016,SDL,AZ,AWP,WE,Towers with Radar,0,28,110,0,138,0,9,140,1,150,0,37,250,1,288,133,0,133,421
09/17/2016,SDL,AZ,AWP,WE,Towers with Radar,0,8,41,0,49,0,14,109,0,123,0,22,150,0,172,114,0,114,286
09/18/2016,SDL,AZ,AWP,WE,Towers with Radar,0,42,115,0,157,0,4,94,0,98,0,46,209,0,255,105,0,105,360
09/19/2016,SDL,AZ,AWP,WE,Towers with Radar,0,29,98,0,127,0,9,177,0,186,0,38,275,0,313,203,0,203,516
09/20/2016,SDL,AZ,AWP,WE,Towers with Radar,0,32,87,0,119,0,14,139,7,160,0,46,226,7,279,208,0,208,487
09/21/2016,SDL,AZ,AWP,WE,Towers with Radar,0,30,93,0,123,0,2,161,1,164,0,32,254,1,287,242,0,242,529
09/22/2016,SDL,AZ,AWP,WE,Towers with Radar,0,28,115,0,143,0,10,114,0,124,0,38,229,0,267,217,0,217,484
09/23/2016,SDL,AZ,AWP,WE,Towers with Radar,0,25,84,4,113,0,5,153,1,159,0,30,237,5,272,220,0,220,492
09/24/2016,SDL,AZ,AWP,WE,Towers with Radar,0,25,64,7,96,0,4,113,0,117,0,29,177,7,213,132,1,133,346
09/25/2016,SDL,AZ,AWP,WE,Towers with Radar,0,20,92,0,112,0,2,81,0,83,0,22,173,0,195,82,0,82,277
09/26/2016,SDL,AZ,AWP,WE,Towers with Radar,0,24,76,4,104,0,7,158,0,165,0,31,234,4,269,196,0,196,465
09/27/2016,SDL,AZ,AWP,WE,Towers with Radar,0,32,89,2,123,0,7,147,0,154,0,39,236,2,277,181,0,181,458
09/28/2016,SDL,AZ,AWP,WE,Towers with Radar,0,28,105,0,133,0,7,157,0,164,0,35,262,0,297,250,0,250,547
09/29/2016,SDL,AZ,AWP,WE,Towers with Radar,0,32,91,0,123,0,9,148,0,157,0,41,239,0,280,186,0,186,466
09/30/2016,SDL,AZ,AWP,WE,Towers with Radar,0,43,80,0,123,0,6,156,1,163,0,49,236,1,286,221,0,221,507
10/01/2016,SDL,AZ,AWP,WE,Towers with Radar,0,16,67,2,85,0,7,115,0,122,0,23,182,2,207,40,0,40,247
10/02/2016,SDL,AZ,AWP,WE,Towers with Radar,0,30,67,0,97,0,3,66,0,69,0,33,133,0,166,36,0,36,202
10/03/2016,SDL,AZ,AWP,WE,Towers with Radar,0,22,83,3,108,0,11,205,0,216,0,33,288,3,324,177,0,177,501
10/04/2016,SDL,AZ,AWP,WE,Towers with Radar,0,23,79,0,102,0,13,194,0,207,0,36,273,0,309,195,0,195,504
10/05/2016,SDL,AZ,AWP,WE,Towers with Radar,0,33,83,2,118,0,10,186,0,196,0,43,269,2,314,167,0,167,481
10/06/2016,SDL,AZ,AWP,WE,Towers with Radar,0,32,94,1,127,0,9,134,3,146,0,41,228,4,273,243,0,243,516
10/07/2016,SDL,AZ,AWP,WE,Towers with Radar,0,49,112,2,163,0,16,142,2,160,0,65,254,4,323,157,0,157,480
10/08/2016,SDL,AZ,AWP,WE,Towers with Radar,0,12,58,0,70,0,6,75,1,82,0,18,133,1,152,104,0,104,256
10/09/2016,SDL,AZ,AWP,WE,Towers with Radar,0,28,88,0,116,0,3,104,0,107,0,31,192,0,223,49,0,49,272
10/10/2016,SDL,AZ,AWP,WE,Towers with Radar,0,45,83,0,128,0,7,165,0,172,0,52,248,0,300,229,0,229,529
10/11/2016,SDL,AZ,AWP,WE,Towers with Radar,0,23,86,0,109,0,14,179,1,194,0,37,265,1,303,163,0,163,466
10/12/2016,SDL,AZ,AWP,WE,Towers with Radar,0,34,96,0,130,0,3,195,1,199,0,37,291,1,329,204,0,204,533
10/13/2016,SDL,AZ,AWP,WE,Towers with Radar,0,36,93,5,134,0,5,163,1,169,0,41,256,6,303,273,0,273,576
10/14/2016,SDL,AZ,AWP,WE,Towers with Radar,0,35,106,2,143,0,10,211,7,228,0,45,317,9,371,191,0,191,562
10/15/2016,SDL,AZ,AWP,WE,Towers with Radar,0,30,46,0,76,0,7,145,5,157,0,37,191,5,233,154,0,154,387
10/16/2016,SDL,AZ,AWP,WE,Towers with Radar,0,43,109,0,152,0,0,112,0,112,0,43,221,0,264,50,0,50,314
10/17/2016,SDL,AZ,AWP,WE,Towers with Radar,0,39,104,1,144,0,5,175,1,181,0,44,279,2,325,244,0,244,569
10/18/2016,SDL,AZ,AWP,WE,Towers with Radar,0,40,105,1,146,0,7,170,0,177,0,47,275,1,323,193,0,193,516
10/19/2016,SDL,AZ,AWP,WE,Towers with Radar,0,46,116,0,162,0,7,197,0,204,0,53,313,0,366,251,0,251,617
10/20/2016,SDL,AZ,AWP,WE,Towers with Radar,0,38,130,3,171,0,11,171,1,183,0,49,301,4,354,180,0,180,534
10/21/2016,SDL,AZ,AWP,WE,Towers with Radar,0,38,101,2,141,0,16,132,0,148,0,54,233,2,289,109,0,109,398
10/22/2016,SDL,AZ,AWP,WE,Towers with Radar,0,35,77,1,113,0,8,126,0,134,0,43,203,1,247,154,0,154,401
10/23/2016,SDL,AZ,AWP,WE,Towers with Radar,0,48,108,0,156,0,1,120,0,121,0,49,228,0,277,121,0,121,398
10/24/2016,SDL,AZ,AWP,WE,Towers with Radar,0,38,91,0,129,0,4,185,0,189,0,42,276,0,318,162,0,162,480
10/25/2016,SDL,AZ,AWP,WE,Towers with Radar,0,42,88,0,130,0,8,174,3,185,0,50,262,3,315,267,0,267,582
10/26/2016,SDL,AZ,AWP,WE,Towers with Radar,0,38,106,0,144,0,11,176,0,187,0,49,282,0,331,171,0,171,502
10/27/2016,SDL,AZ,AWP,WE,Towers with Radar,0,47,82,0,129,0,14,211,0,225,0,61,293,0,354,248,0,248,602
10/28/2016,SDL,AZ,AWP,WE,Towers with Radar,0,41,89,0,130,0,21,154,0,175,0,62,243,0,305,200,2,202,507
10/29/2016,SDL,AZ,AWP,WE,Towers with Radar,0,34,50,0,84,0,5,117,0,122,0,39,167,0,206,105,0,105,311
10/30/2016,SDL,AZ,AWP,WE,Towers with Radar,0,48,62,2,112,0,2,97,0,99,0,50,159,2,211,112,0,112,323
10/31/2016,SDL,AZ,AWP,WE,Towers with Radar,0,27,62,0,89,0,7,184,0,191,0,34,246,0,280,247,0,247,527
11/01/2016,SDL,AZ,AWP,WE,Towers with Radar,0,33,116,2,151,0,17,194,0,211,0,50,310,2,362,276,0,276,638
11/02/2016,SDL,AZ,AWP,WE,Towers with Radar,0,46,109,0,155,0,5,206,0,211,0,51,315,0,366,304,0,304,670
11/03/2016,SDL,AZ,AWP,WE,Towers with Radar,0,44,116,0,160,0,9,108,3,120,0,53,224,3,280,123,0,123,403
11/04/2016,SDL,AZ,AWP,WE,Towers with Radar,0,45,118,0,163,0,20,175,0,195,0,65,293,0,358,229,0,229,587
11/05/2016,SDL,AZ,AWP,WE,Towers with Radar,0,29,67,0,96,0,10,402,0,412,0,39,469,0,508,50,0,50,558
11/06/2016,SDL,AZ,AWP,WE,Towers with Radar,0,56,124,0,180,0,4,124,0,128,0,60,248,0,308,124,2,126,434
11/07/2016,SDL,AZ,AWP,WE,Towers with Radar,0,45,114,0,159,0,10,216,0,226,0,55,330,0,385,201,0,201,586
11/08/2016,SDL,AZ,AWP,WE,Towers with Radar,0,43,115,4,162,0,15,157,0,172,0,58,272,4,334,176,0,176,510
11/09/2016,SDL,AZ,AWP,WE,Towers with Radar,0,41,103,2,146,0,10,158,0,168,0,51,261,2,314,142,0,142,456
11/10/2016,SDL,AZ,AWP,WE,Towers with Radar,0,44,139,2,185,0,5,162,0,167,0,49,301,2,352,119,0,119,471
11/11/2016,SDL,AZ,AWP,WE,Towers with Radar,0,53,89,0,142,0,12,132,0,144,0,65,221,0,286,109,0,109,395
11/12/2016,SDL,AZ,AWP,WE,Towers with Radar,0,19,49,0,68,0,3,129,0,132,0,22,178,0,200,88,0,88,288
11/13/2016,SDL,AZ,AWP,WE,Towers with Radar,0,58,98,0,156,0,7,124,0,131,0,65,222,0,287,150,0,150,437
11/14/2016,SDL,AZ,AWP,WE,Towers with Radar,0,43,122,0,165,0,12,219,0,231,0,55,341,0,396,146,0,146,542
11/15/2016,SDL,AZ,AWP,WE,Towers with Radar,0,48,110,0,158,0,10,172,0,182,0,58,282,0,340,203,0,203,543
11/16/2016,SDL,AZ,AWP,WE,Towers with Radar,0,53,136,4,193,0,7,162,2,171,0,60,298,6,364,213,0,213,577
11/17/2016,SDL,AZ,AWP,WE,Towers with Radar,0,59,132,4,195,0,15,194,7,216,0,74,326,11,411,187,0,187,598
11/18/2016,SDL,AZ,AWP,WE,Towers with Radar,0,31,126,0,157,0,10,205,12,227,0,41,331,12,384,169,1,170,554
11/19/2016,SDL,AZ,AWP,WE,Towers with Radar,0,30,96,0,126,0,1,150,0,151,0,31,246,0,277,100,0,100,377
11/20/2016,SDL,AZ,AWP,WE,Towers with Radar,0,57,100,0,157,0,0,102,0,102,0,57,202,0,259,89,0,89,348
11/21/2016,SDL,AZ,AWP,WE,Towers with Radar,0,39,95,0,134,0,14,95,0,109,0,53,190,0,243,104,0,104,347
11/22/2016,SDL,AZ,AWP,WE,Towers with Radar,0,44,164,0,208,0,16,186,0,202,0,60,350,0,410,256,0,256,666
11/23/2016,SDL,AZ,AWP,WE,Towers with Radar,0,48,119,0,167,0,16,140,2,158,0,64,259,2,325,170,2,172,497
11/24/2016,SDL,AZ,AWP,WE,Towers with Radar,0,11,23,0,34,0,0,38,0,38,0,11,61,0,72,38,0,38,110
11/25/2016,SDL,AZ,AWP,WE,Towers with Radar,0,27,56,0,83,0,5,103,0,108,0,32,159,0,191,127,0,127,318
11/26/2016,SDL,AZ,AWP,WE,Towers with Radar,0,60,81,0,141,0,2,96,0,98,0,62,177,0,239,115,1,116,355
11/27/2016,SDL,AZ,AWP,WE,Towers with Radar,0,73,158,0,231,0,2,55,0,57,0,75,213,0,288,62,0,62,350
11/28/2016,SDL,AZ,AWP,WE,Towers with Radar,0,40,95,1,136,0,8,129,0,137,0,48,224,1,273,144,0,144,417
11/29/2016,SDL,AZ,AWP,WE,Towers with Radar,0,43,94,3,140,0,14,205,1,220,0,57,299,4,360,181,0,181,541
11/30/2016,SDL,AZ,AWP,WE,Towers with Radar,0,39,100,0,139,0,6,188,1,195,0,45,288,1,334,147,0,147,481
12/01/2016,SDL,AZ,AWP,WE,Towers with Radar,0,34,115,0,149,0,6,145,0,151,0,40,260,0,300,179,0,179,479
12/02/2016,SDL,AZ,AWP,WE,Towers with Radar,0,46,93,1,140,0,6,179,2,187,0,52,272,3,327,148,0,148,475
12/03/2016,SDL,AZ,AWP,WE,Towers with Radar,0,33,59,0,92,0,1,138,0,139,0,34,197,0,231,166,0,166,397
12/04/2016,SDL,AZ,AWP,WE,Towers with Radar,0,45,83,0,128,0,4,126,2,132,0,49,209,2,260,81,0,81,341
12/05/2016,SDL,AZ,AWP,WE,Towers with Radar,0,40,97,0,137,0,9,201,0,210,0,49,298,0,347,149,0,149,496
12/06/2016,SDL,AZ,AWP,WE,Towers with Radar,0,31,100,2,133,0,4,162,0,166,0,35,262,2,299,300,0,300,599
12/07/2016,SDL,AZ,AWP,WE,Towers with Radar,0,50,112,0,162,0,14,154,0,168,0,64,266,0,330,193,1,194,524
12/08/2016,SDL,AZ,AWP,WE,Towers with Radar,0,55,133,0,188,0,11,241,0,252,0,66,374,0,440,263,0,263,703
12/09/2016,SDL,AZ,AWP,WE,Towers with Radar,0,35,117,0,152,0,17,168,0,185,0,52,285,0,337,183,0,183,520
12/10/2016,SDL,AZ,AWP,WE,Towers with Radar,0,26,76,0,102,0,1,181,1,183,0,27,257,1,285,158,0,158,443
12/11/2016,SDL,AZ,AWP,WE,Towers with Radar,0,42,76,0,118,0,0,113,0,113,0,42,189,0,231,158,0,158,389
12/12/2016,SDL,AZ,AWP,WE,Towers with Radar,0,36,89,4,129,0,11,193,0,204,0,47,282,4,333,161,0,161,494
12/13/2016,SDL,AZ,AWP,WE,Towers with Radar,0,25,89,2,116,0,14,168,0,182,0,39,257,2,298,205,0,205,503
12/14/2016,SDL,AZ,AWP,WE,Towers with Radar,0,36,73,0,109,0,7,129,0,136,0,43,202,0,245,163,0,163,408
12/15/2016,SDL,AZ,AWP,WE,Towers with Radar,0,33,85,2,120,0,9,117,0,126,0,42,202,2,246,110,0,110,356
12/16/2016,SDL,AZ,AWP,WE,Towers with Radar,0,29,109,0,138,0,8,81,0,89,0,37,190,0,227,152,20,172,399
12/17/2016,SDL,AZ,AWP,WE,Towers with Radar,0,43,69,0,112,0,2,127,1,130,0,45,196,1,242,93,0,93,335
12/18/2016,SDL,AZ,AWP,WE,Towers with Radar,0,39,98,0,137,0,2,130,1,133,0,41,228,1,270,178,0,178,448
12/19/2016,SDL,AZ,AWP,WE,Towers with Radar,0,22,105,2,129,0,11,216,0,227,0,33,321,2,356,123,0,123,479
12/20/2016,SDL,AZ,AWP,WE,Towers with Radar,0,33,106,0,139,0,21,184,2,207,0,54,290,2,346,229,4,233,579
12/21/2016,SDL,AZ,AWP,WE,Towers with Radar,0,25,105,2,132,0,7,102,0,109,0,32,207,2,241,122,2,124,365
12/22/2016,SDL,AZ,AWP,WE,Towers with Radar,0,33,67,2,102,0,4,13,1,18,0,37,80,3,120,38,0,38,158
12/23/2016,SDL,AZ,AWP,WE,Towers with Radar,0,34,75,0,109,0,5,36,0,41,0,39,111,0,150,91,0,91,241
12/24/2016,SDL,AZ,AWP,WE,Towers with Radar,0,15,35,0,50,0,0,5,0,5,0,15,40,0,55,2,0,2,57
12/25/2016,SDL,AZ,AWP,WE,Towers with Radar,0,19,17,0,36,0,1,20,0,21,0,20,37,0,57,18,0,18,75
12/26/2016,SDL,AZ,AWP,WE,Towers with Radar,0,57,125,0,182,0,7,75,0,82,0,64,200,0,264,82,0,82,346
12/27/2016,SDL,AZ,AWP,WE,Towers with Radar,0,46,122,0,168,0,9,134,0,143,0,55,256,0,311,95,0,95,406
12/28/2016,SDL,AZ,AWP,WE,Towers with Radar,0,48,103,0,151,0,11,127,0,138,0,59,230,0,289,151,0,151,440
12/29/2016,SDL,AZ,AWP,WE,Towers with Radar,0,43,96,0,139,0,16,149,0,165,0,59,245,0,304,163,0,163,467
12/30/2016,SDL,AZ,AWP,WE,Towers with Radar,0,50,107,2,159,0,4,136,0,140,0,54,243,2,299,120,0,120,419
12/31/2016,SDL,AZ,AWP,WE,Towers with Radar,0,44,46,0,90,0,0,13,0,13,0,44,59,0,103,38,0,38,141
01/01/2017,SDL,AZ,AWP,WE,Towers with Radar,0,45,83,0,128,0,0,11,0,11,0,45,94,0,139,12,0,12,151
01/02/2017,SDL,AZ,AWP,WE,Towers with Radar,0,61,120,0,181,0,5,107,0,112,0,66,227,0,293,108,0,108,401
01/03/2017,SDL,AZ,AWP,WE,Towers with Radar,0,51,93,0,144,0,13,161,0,174,0,64,254,0,318,98,0,98,416
01/04/2017,SDL,AZ,AWP,WE,Towers with Radar,0,34,92,0,126,0,3,165,0,168,0,37,257,0,294,133,0,133,427
01/05/2017,SDL,AZ,AWP,WE,Towers with Radar,0,43,113,1,157,0,7,184,0,191,0,50,297,1,348,81,0,81,429
01/06/2017,SDL,AZ,AWP,WE,Towers with Radar,0,46,122,4,172,0,0,153,0,153,0,46,275,4,325,117,0,117,442
01/07/2017,SDL,AZ,AWP,WE,Towers with Radar,1,33,86,0,120,0,11,155,6,172,1,44,241,6,292,138,0,138,430
01/08/2017,SDL,AZ,AWP,WE,Towers with Radar,0,34,102,0,136,0,2,149,2,153,0,36,251,2,289,87,0,87,376
01/09/2017,SDL,AZ,AWP,WE,Towers with Radar,0,35,98,0,133,0,36,145,0,181,0,71,243,0,314,136,0,136,450
01/10/2017,SDL,AZ,AWP,WE,Towers with Radar,0,32,105,0,137,0,3,180,0,183,0,35,285,0,320,231,0,231,551
01/11/2017,SDL,AZ,AWP,WE,Towers with Radar,0,36,113,0,149,0,5,172,0,177,0,41,285,0,326,183,0,183,509
01/12/2017,SDL,AZ,AWP,WE,Towers with Radar,0,40,117,1,158,0,10,157,1,168,0,50,274,2,326,235,0,235,561
01/13/2017,SDL,AZ,AWP,WE,Towers with Radar,0,44,138,0,182,0,10,159,0,169,0,54,297,0,351,116,0,116,467
01/14/2017,SDL,AZ,AWP,WE,Towers with Radar,0,19,65,1,85,0,0,60,0,60,0,19,125,1,145,70,0,70,215
01/15/2017,SDL,AZ,AWP,WE,Towers with Radar,0,47,97,1,145,0,0,17,0,17,0,47,114,1,162,108,0,108,270
01/16/2017,SDL,AZ,AWP,WE,Towers with Radar,0,43,120,0,163,0,4,131,0,135,0,47,251,0,298,118,0,118,416
01/17/2017,SDL,AZ,AWP,WE,Towers with Radar,0,52,163,0,215,0,0,239,1,240,0,52,402,1,455,166,0,166,621
01/18/2017,SDL,AZ,AWP,WE,Towers with Radar,0,33,154,0,187,0,14,244,1,259,0,47,398,1,446,181,0,181,627
01/19/2017,SDL,AZ,AWP,WE,Towers with Radar,0,60,143,5,208,0,4,128,5,137,0,64,271,10,345,174,0,174,519
01/20/2017,SDL,AZ,AWP,WE,Towers with Radar,0,50,109,0,159,0,4,33,0,37,0,54,142,0,196,46,0,46,242
01/21/2017,SDL,AZ,AWP,WE,Towers with Radar,0,34,90,1,125,0,4,42,0,46,0,38,132,1,171,27,0,27,198
01/22/2017,SDL,AZ,AWP,WE,Towers with Radar,0,64,160,1,225,0,1,114,5,120,0,65,274,6,345,21,0,21,366
01/23/2017,SDL,AZ,AWP,WE,Towers with Radar,0,38,103,0,141,0,17,49,0,66,0,55,152,0,207,106,0,106,313
01/24/2017,SDL,AZ,AWP,WE,Towers with Radar,0,42,109,0,151,0,4,152,0,156,0,46,261,0,307,250,0,250,557
01/25/2017,SDL,AZ,AWP,WE,Towers with Radar,0,38,105,0,143,0,2,210,0,212,0,40,315,0,355,170,0,170,525
01/26/2017,SDL,AZ,AWP,WE,Towers with Radar,0,33,119,3,155,0,13,209,0,222,0,46,328,3,377,229,0,229,606
01/27/2017,SDL,AZ,AWP,WE,Towers with Radar,0,42,108,6,156,0,3,137,3,143,0,45,245,9,299,111,0,111,410
01/28/2017,SDL,AZ,AWP,WE,Towers with Radar,0,28,94,3,125,0,2,145,3,150,0,30,239,6,275,158,0,158,433
01/29/2017,SDL,AZ,AWP,WE,Towers with Radar,0,61,118,0,179,0,3,151,0,154,0,64,269,0,333,123,0,123,456
01/30/2017,SDL,AZ,AWP,WE,Towers with Radar,0,51,135,0,186,0,10,204,0,214,0,61,339,0,400,239,0,239,639
01/31/2017,SDL,AZ,AWP,WE,Towers with Radar,0,63,120,0,183,0,5,200,0,205,0,68,320,0,388,154,0,154,542
02/01/2017,SDL,AZ,AWP,WE,Towers with Radar,0,57,139,0,196,0,7,224,1,232,0,64,363,1,428,185,0,185,613
02/02/2017,SDL,AZ,AWP,WE,Towers with Radar,0,51,170,0,221,0,5,201,0,206,0,56,371,0,427,207,0,207,634
02/03/2017,SDL,AZ,AWP,WE,Towers with Radar,0,39,156,4,199,0,5,179,0,184,0,44,335,4,383,181,0,181,564
02/04/2017,SDL,AZ,AWP,WE,Towers with Radar,0,51,100,0,151,0,1,144,4,149,0,52,244,4,300,150,0,150,450
02/05/2017,SDL,AZ,AWP,WE,Towers with Radar,0,52,103,0,155,0,2,101,4,107,0,54,204,4,262,62,0,62,324
02/06/2017,SDL,AZ,AWP,WE,Towers with Radar,0,74,153,0,227,0,4,188,0,192,0,78,341,0,419,87,0,87,506
02/07/2017,SDL,AZ,AWP,WE,Towers with Radar,0,47,98,2,147,0,4,201,4,209,0,51,299,6,356,249,14,263,619
02/08/2017,SDL,AZ,AWP,WE,Towers with Radar,0,42,129,0,171,0,8,232,1,241,0,50,361,1,412,144,0,144,556
02/09/2017,SDL,AZ,AWP,WE,Towers with Radar,0,45,119,1,165,0,10,189,0,199,0,55,308,1,364,191,0,191,555
02/10/2017,SDL,AZ,AWP,WE,Towers with Radar,0,52,103,0,155,0,13,224,0,237,0,65,327,0,392,186,0,186,578
02/11/2017,SDL,AZ,AWP,WE,Towers with Radar,0,22,76,1,99,0,0,142,1,143,0,22,218,2,242,96,0,96,338
02/12/2017,SDL,AZ,AWP,WE,Towers with Radar,0,41,112,3,156,0,4,119,0,123,0,45,231,3,279,89,0,89,368
02/13/2017,SDL,AZ,AWP,WE,Towers with Radar,0,47,78,0,125,0,8,184,0,192,0,55,262,0,317,269,0,269,586
02/14/2017,SDL,AZ,AWP,WE,Towers with Radar,0,45,75,1,121,0,7,212,2,221,0,52,287,3,342,183,0,183,525
02/15/2017,SDL,AZ,AWP,WE,Towers with Radar,0,58,121,0,179,0,4,190,0,194,0,62,311,0,373,193,0,193,566
02/16/2017,SDL,AZ,AWP,WE,Towers with Radar,0,55,135,2,192,0,6,184,0,190,0,61,319,2,382,179,0,179,561
02/17/2017,SDL,AZ,AWP,WE,Towers with Radar,0,48,145,2,195,0,6,166,0,172,0,54,311,2,367,180,0,180,547
02/18/2017,SDL,AZ,AWP,WE,Towers with Radar,0,39,65,0,104,0,0,22,0,22,0,39,87,0,126,16,0,16,142
02/19/2017,SDL,AZ,AWP,WE,Towers with Radar,0,45,82,0,127,0,0,8,0,8,0,45,90,0,135,21,0,21,156
02/20/2017,SDL,AZ,AWP,WE,Towers with Radar,0,60,155,0,215,0,9,187,1,197,0,69,342,1,412,92,0,92,504
02/21/2017,SDL,AZ,AWP,WE,Towers with Radar,0,38,93,6,137,0,17,218,2,237,0,55,311,8,374,197,0,197,571
02/22/2017,SDL,AZ,AWP,WE,Towers with Radar,0,40,125,0,165,0,3,232,0,235,0,43,357,0,400,183,0,183,583
02/23/2017,SDL,AZ,AWP,WE,Towers with Radar,0,57,128,2,187,0,6,188,1,195,0,63,316,3,382,150,0,150,532
02/24/2017,SDL,AZ,AWP,WE,Towers with Radar,0,43,99,3,145,0,6,200,0,206,0,49,299,3,351,164,0,164,515
02/25/2017,SDL,AZ,AWP,WE,Towers with Radar,0,35,77,0,112,0,1,154,4,159,0,36,231,4,271,138,5,143,414
02/26/2017,SDL,AZ,AWP,WE,Towers with Radar,0,48,130,1,179,0,0,109,0,109,0,48,239,1,288,58,0,58,346
02/27/2017,SDL,AZ,AWP,WE,Towers with Radar,0,39,85,2,126,0,11,134,0,145,0,50,219,2,271,207,0,207,478
02/28/2017,SDL,AZ,AWP,WE,Towers with Radar,0,28,90,0,118,0,3,91,1,95,0,31,181,1,213,173,0,173,386
03/01/2017,SDL,AZ,AWP,WE,Towers with Radar,0,50,90,2,142,0,7,206,1,214,0,57,296,3,356,241,0,241,597
03/02/2017,SDL,AZ,AWP,WE,Towers with Radar,0,71,111,2,184,0,11,207,0,218,0,82,318,2,402,208,0,208,610
03/03/2017,SDL,AZ,AWP,WE,Towers with Radar,0,52,120,2,174,0,3,180,0,183,0,55,300,2,357,167,0,167,524
03/04/2017,SDL,AZ,AWP,WE,Towers with Radar,0,32,84,0,116,0,0,131,0,131,0,32,215,0,247,175,0,175,422
03/05/2017,SDL,AZ,AWP,WE,Towers with Radar,0,68,104,0,172,0,1,115,0,116,0,69,219,0,288,94,0,94,382
03/06/2017,SDL,AZ,AWP,WE,Towers with Radar,0,42,132,0,174,0,6,220,0,226,0,48,352,0,400,265,0,265,665
03/07/2017,SDL,AZ,AWP,WE,Towers with Radar,0,38,118,1,157,0,0,184,9,193,0,38,302,10,350,235,0,235,585
03/08/2017,SDL,AZ,AWP,WE,Towers with Radar,0,53,130,5,188,0,3,194,0,197,0,56,324,5,385,233,0,233,618
03/09/2017,SDL,AZ,AWP,WE,Towers with Radar,0,51,130,2,183,0,8,228,0,236,0,59,358,2,419,187,0,187,606
03/10/2017,SDL,AZ,AWP,WE,Towers with Radar,0,69,133,1,203,0,7,191,2,200,0,76,324,3,403,170,0,170,573
03/11/2017,SDL,AZ,AWP,WE,Towers with Radar,0,36,97,2,135,0,2,198,1,201,0,38,295,3,336,134,0,134,470
03/12/2017,SDL,AZ,AWP,WE,Towers with Radar,0,80,142,1,223,0,2,140,4,146,0,82,282,5,369,144,0,144,513
03/13/2017,SDL,AZ,AWP,WE,Towers with Radar,0,49,108,2,159,0,2,192,0,194,0,51,300,2,353,228,0,228,581
03/14/2017,SDL,AZ,AWP,WE,Towers with Radar,0,35,127,0,162,0,17,240,0,257,0,52,367,0,419,183,0,183,602
03/15/2017,SDL,AZ,AWP,WE,Towers with Radar,0,55,145,0,200,0,6,214,0,220,0,61,359,0,420,192,0,192,612
03/16/2017,SDL,AZ,AWP,WE,Towers with Radar,0,55,137,0,192,0,5,238,0,243,0,60,375,0,435,179,0,179,614
03/17/2017,SDL,AZ,AWP,WE,Towers with Radar,0,60,157,0,217,0,6,212,0,218,0,66,369,0,435,140,0,140,575
03/18/2017,SDL,AZ,AWP,WE,Towers with Radar,1,43,95,0,139,0,2,147,0,149,1,45,242,0,288,181,0,181,469
03/19/2017,SDL,AZ,AWP,WE,Towers with Radar,0,72,156,0,228,0,0,180,0,180,0,72,336,0,408,106,0,106,514
03/20/2017,SDL,AZ,AWP,WE,Towers with Radar,1,41,125,0,167,0,8,185,0,193,1,49,310,0,360,230,0,230,590
03/21/2017,SDL,AZ,AWP,WE,Towers with Radar,0,51,101,2,154,0,1,224,0,225,0,52,325,2,379,308,0,308,687
03/22/2017,SDL,AZ,AWP,WE,Towers with Radar,0,26,104,2,132,0,6,187,0,193,0,32,291,2,325,269,0,269,594
03/23/2017,SDL,AZ,AWP,WE,Towers with Radar,0,53,110,0,163,0,5,105,0,110,0,58,215,0,273,149,0,149,422
03/24/2017,SDL,AZ,AWP,WE,Towers with Radar,0,45,149,0,194,0,17,195,6,218,0,62,344,6,412,201,0,201,613
03/25/2017,SDL,AZ,AWP,WE,Towers with Radar,0,37,80,0,117,0,2,143,1,146,0,39,223,1,263,131,0,131,394
03/26/2017,SDL,AZ,AWP,WE,Towers with Radar,0,50,120,0,170,0,4,137,0,141,0,54,257,0,311,167,0,167,478
03/27/2017,SDL,AZ,AWP,WE,Towers with Radar,0,46,113,0,159,0,1,202,0,203,0,47,315,0,362,192,0,192,554
03/28/2017,SDL,AZ,AWP,WE,Towers with Radar,0,32,101,0,133,0,1,168,0,169,0,33,269,0,302,185,0,185,487
03/29/2017,SDL,AZ,AWP,WE,Towers with Radar,0,49,135,0,184,0,1,215,2,218,0,50,350,2,402,243,0,243,645
03/30/2017,SDL,AZ,AWP,WE,Towers with Radar,0,50,137,0,187,0,16,151,1,168,0,66,288,1,355,208,0,208,563
03/31/2017,SDL,AZ,AWP,WE,Towers with Radar,0,68,167,0,235,0,4,133,0,137,0,72,300,0,372,117,0,117,489
04/01/2017,SDL,AZ,AWP,WE,Towers with Radar,0,36,94,0,130,0,4,166,0,170,0,40,260,0,300,149,0,149,449
04/02/2017,SDL,AZ,AWP,WE,Towers with Radar,0,76,134,0,210,0,1,141,0,142,0,77,275,0,352,72,0,72,424
04/03/2017,SDL,AZ,AWP,WE,Towers with Radar,0,52,115,0,167,0,5,202,0,207,0,57,317,0,374,130,0,130,504
04/04/2017,SDL,AZ,AWP,WE,Towers with Radar,0,70,132,0,202,0,1,207,0,208,0,71,339,0,410,218,0,218,628
04/05/2017,SDL,AZ,AWP,WE,Towers with Radar,0,46,105,0,151,0,5,224,0,229,0,51,329,0,380,250,0,250,630
04/06/2017,SDL,AZ,AWP,WE,Towers with Radar,0,44,146,0,190,0,5,235,1,241,0,49,381,1,431,219,4,223,654
04/07/2017,SDL,AZ,AWP,WE,Towers with Radar,0,58,128,2,188,0,3,212,1,216,0,61,340,3,404,231,0,231,635
04/08/2017,SDL,AZ,AWP,WE,Towers with Radar,0,35,89,1,125,0,1,111,4,116,0,36,200,5,241,166,0,166,407
04/09/2017,SDL,AZ,AWP,WE,Towers with Radar,0,67,114,3,184,0,3,142,2,147,0,70,256,5,331,80,0,80,411
04/10/2017,SDL,AZ,AWP,WE,Towers with Radar,0,43,94,3,140,0,18,203,3,224,0,61,297,6,364,237,0,237,601
04/11/2017,SDL,AZ,AWP,WE,Towers with Radar,0,41,102,0,143,0,2,244,1,247,0,43,346,1,390,286,0,286,676
04/12/2017,SDL,AZ,AWP,WE,Towers with Radar,0,29,137,1,167,0,13,247,0,260,0,42,384,1,427,200,0,200,627
04/13/2017,SDL,AZ,AWP,WE,Towers with Radar,0,68,137,0,205,0,10,255,0,265,0,78,392,0,470,182,0,182,652
04/14/2017,SDL,AZ,AWP,WE,Towers with Radar,0,54,109,0,163,0,4,190,0,194,0,58,299,0,357,187,0,187,544
04/15/2017,SDL,AZ,AWP,WE,Towers with Radar,0,30,80,0,110,0,2,130,0,132,0,32,210,0,242,122,0,122,364
04/16/2017,SDL,AZ,AWP,WE,Towers with Radar,0,57,69,0,126,0,0,73,0,73,0,57,142,0,199,74,0,74,273
04/17/2017,SDL,AZ,AWP,WE,Towers with Radar,0,60,137,4,201,0,0,182,0,182,0,60,319,4,383,176,2,178,561
04/18/2017,SDL,AZ,AWP,WE,Towers with Radar,0,51,86,4,141,0,3,188,14,205,0,54,274,18,346,235,0,235,581
04/19/2017,SDL,AZ,AWP,WE,Towers with Radar,0,52,118,0,170,0,6,189,9,204,0,58,307,9,374,217,0,217,591
04/20/2017,SDL,AZ,AWP,WE,Towers with Radar,0,38,111,0,149,0,8,244,7,259,0,46,355,7,408,289,0,289,697
04/21/2017,SDL,AZ,AWP,WE,Towers with Radar,0,65,125,1,191,0,6,172,5,183,0,71,297,6,374,150,0,150,524
04/22/2017,SDL,AZ,AWP,WE,Towers with Radar,0,41,77,0,118,0,3,135,3,141,0,44,212,3,259,168,0,168,427
04/23/2017,SDL,AZ,AWP,WE,Towers with Radar,0,62,124,0,186,0,5,98,2,105,0,67,222,2,291,79,0,79,370
04/24/2017,SDL,AZ,AWP,WE,Towers with Radar,0,29,109,0,138,0,3,170,0,173,0,32,279,0,311,236,0,236,547
04/25/2017,SDL,AZ,AWP,WE,Towers with Radar,0,31,85,4,120,0,9,133,1,143,0,40,218,5,263,165,4,169,432
04/26/2017,SDL,AZ,AWP,WE,Towers with Radar,0,42,140,1,183,0,11,197,1,209,0,53,337,2,392,241,0,241,633
04/27/2017,SDL,AZ,AWP,WE,Towers with Radar,0,61,133,3,197,0,6,228,4,238,0,67,361,7,435,192,0,192,627
04/28/2017,SDL,AZ,AWP,WE,Towers with Radar,0,34,110,2,146,0,7,112,0,119,0,41,222,2,265,151,0,151,416
04/29/2017,SDL,AZ,AWP,WE,Towers with Radar,0,32,61,0,93,0,5,124,0,129,0,37,185,0,222,136,0,136,358
04/30/2017,SDL,AZ,AWP,WE,Towers with Radar,0,61,115,0,176,0,1,162,4,167,0,62,277,4,343,174,6,180,523
05/01/2017,SDL,AZ,AWP,WE,Towers with Radar,0,48,97,2,147,0,4,182,0,186,0,52,279,2,333,224,0,224,557
05/02/2017,SDL,AZ,AWP,WE,Towers with Radar,0,34,112,0,146,0,0,148,0,148,0,34,260,0,294,219,0,219,513
05/03/2017,SDL,AZ,AWP,WE,Towers with Radar,0,45,109,0,154,0,2,156,2,160,0,47,265,2,314,196,0,196,510
05/04/2017,SDL,AZ,AWP,WE,Towers with Radar,0,35,99,3,137,0,1,174,0,175,0,36,273,3,312,251,0,251,563
05/05/2017,SDL,AZ,AWP,WE,Towers with Radar,0,54,79,2,135,0,8,159,11,178,0,62,238,13,313,147,11,158,471
05/06/2017,SDL,AZ,AWP,WE,Towers with Radar,0,35,56,0,91,0,1,76,1,78,0,36,132,1,169,91,2,93,262
05/07/2017,SDL,AZ,AWP,WE,Towers with Radar,0,44,119,7,170,0,1,84,0,85,0,45,203,7,255,57,0,57,312
05/08/2017,SDL,AZ,AWP,WE,Towers with Radar,0,35,103,0,138,0,7,148,0,155,0,42,251,0,293,202,0,202,495
05/09/2017,SDL,AZ,AWP,WE,Towers with Radar,0,26,72,2,100,0,3,128,0,131,0,29,200,2,231,241,0,241,472
05/10/2017,SDL,AZ,AWP,WE,Towers with Radar,0,43,119,0,162,0,5,178,0,183,0,48,297,0,345,216,0,216,561
05/11/2017,SDL,AZ,AWP,WE,Towers with Radar,0,37,78,3,118,0,9,199,0,208,0,46,277,3,326,281,0,281,607
05/12/2017,SDL,AZ,AWP,WE,Towers with Radar,0,41,79,2,122,0,4,217,1,222,0,45,296,3,344,237,0,237,581
05/13/2017,SDL,AZ,AWP,WE,Towers with Radar,0,24,52,0,76,0,3,134,4,141,0,27,186,4,217,185,0,185,402
05/14/2017,SDL,AZ,AWP,WE,Towers with Radar,2,32,55,0,89,0,2,82,6,90,2,34,137,6,179,113,0,113,292
05/15/2017,SDL,AZ,AWP,WE,Towers with Radar,0,35,71,1,107,0,4,135,2,141,0,39,206,3,248,182,0,182,430
05/16/2017,SDL,AZ,AWP,WE,Towers with Radar,0,33,88,1,122,0,9,173,0,182,0,42,261,1,304,202,0,202,506
05/17/2017,SDL,AZ,AWP,WE,Towers with Radar,0,33,95,2,130,0,6,189,2,197,0,39,284,4,327,242,2,244,571
05/18/2017,SDL,AZ,AWP,WE,Towers with Radar,0,26,111,0,137,0,10,158,0,168,0,36,269,0,305,284,0,284,589
05/19/2017,SDL,AZ,AWP,WE,Towers with Radar,0,31,100,2,133,0,18,190,3,211,0,49,290,5,344,248,0,248,592
05/20/2017,SDL,AZ,AWP,WE,Towers with Radar,0,19,78,0,97,0,2,140,0,142,0,21,218,0,239,162,0,162,401
05/21/2017,SDL,AZ,AWP,WE,Towers with Radar,0,31,89,0,120,0,2,128,0,130,0,33,217,0,250,117,0,117,367
05/22/2017,SDL,AZ,AWP,WE,Towers with Radar,0,33,92,0,125,0,5,172,0,177,0,38,264,0,302,170,0,170,472
05/23/2017,SDL,AZ,AWP,WE,Towers with Radar,0,29,121,0,150,0,1,207,0,208,0,30,328,0,358,229,0,229,587
05/24/2017,SDL,AZ,AWP,WE,Towers with Radar,0,48,78,2,128,0,6,201,0,207,0,54,279,2,335,215,0,215,550
05/25/2017,SDL,AZ,AWP,WE,Towers with Radar,1,47,99,0,147,0,4,201,0,205,1,51,300,0,352,172,0,172,524
05/26/2017,SDL,AZ,AWP,WE,Towers with Radar,0,28,95,0,123,0,6,182,0,188,0,34,277,0,311,165,0,165,476
05/27/2017,SDL,AZ,AWP,WE,Towers with Radar,0,18,54,0,72,0,0,148,0,148,0,18,202,0,220,154,0,154,374
05/28/2017,SDL,AZ,AWP,WE,Towers with Radar,0,18,64,0,82,0,0,81,0,81,0,18,145,0,163,66,0,66,229
05/29/2017,SDL,AZ,AWP,WE,Towers with Radar,0,45,98,0,143,0,1,89,0,90,0,46,187,0,233,186,0,186,419
05/30/2017,SDL,AZ,AWP,WE,Towers with Radar,0,23,111,2,136,0,2,152,0,154,0,25,263,2,290,179,0,179,469
05/31/2017,SDL,AZ,AWP,WE,Towers with Radar,0,37,86,0,123,0,3,205,1,209,0,40,291,1,332,154,0,154,486
06/01/2017,SDL,AZ,AWP,WE,Towers with Radar,0,34,105,0,139,0,9,171,0,180,0,43,276,0,319,202,0,202,521
06/02/2017,SDL,AZ,AWP,WE,Towers with Radar,0,21,95,0,116,0,3,152,1,156,0,24,247,1,272,97,0,97,369
06/03/2017,SDL,AZ,AWP,WE,Towers with Radar,0,22,57,0,79,0,0,107,0,107,0,22,164,0,186,144,0,144,330
06/04/2017,SDL,AZ,AWP,WE,Towers with Radar,0,28,71,0,99,0,0,82,2,84,0,28,153,2,183,42,1,43,226
06/05/2017,SDL,AZ,AWP,WE,Towers with Radar,0,23,82,2,107,0,5,163,0,168,0,28,245,2,275,136,0,136,411
06/06/2017,SDL,AZ,AWP,WE,Towers with Radar,0,26,86,2,114,0,5,183,0,188,0,31,269,2,302,210,0,210,512
06/07/2017,SDL,AZ,AWP,WE,Towers with Radar,0,30,84,0,114,0,6,203,0,209,0,36,287,0,323,232,0,232,555
06/08/2017,SDL,AZ,AWP,WE,Towers with Radar,0,39,90,2,131,0,1,178,0,179,0,40,268,2,310,185,0,185,495
06/09/2017,SDL,AZ,AWP,WE,Towers with Radar,0,40,75,0,115,0,4,137,0,141,0,44,212,0,256,186,0,186,442
06/10/2017,SDL,AZ,AWP,WE,Towers with Radar,0,21,45,0,66,0,3,142,0,145,0,24,187,0,211,145,0,145,356
06/11/2017,SDL,AZ,AWP,WE,Towers with Radar,0,28,89,0,117,0,1,81,2,84,0,29,170,2,201,86,5,91,292
06/12/2017,SDL,AZ,AWP,WE,Towers with Radar,0,21,89,0,110,0,6,205,0,211,0,27,294,0,321,193,0,193,514
06/13/2017,SDL,AZ,AWP,WE,Towers with Radar,0,21,84,0,105,0,5,189,2,196,0,26,273,2,301,283,0,283,584
06/14/2017,SDL,AZ,AWP,WE,Towers with Radar,0,26,85,0,111,0,7,187,0,194,0,33,272,0,305,234,0,234,539
06/15/2017,SDL,AZ,AWP,WE,Towers with Radar,0,32,101,0,133,0,4,185,0,189,0,36,286,0,322,134,0,134,456
06/16/2017,SDL,AZ,AWP,WE,Towers with Radar,0,26,101,2,129,0,4,205,0,209,0,30,306,2,338,193,0,193,531
06/17/2017,SDL,AZ,AWP,WE,Towers with Radar,0,15,52,0,67,0,0,136,0,136,0,15,188,0,203,155,0,155,358
06/18/2017,SDL,AZ,AWP,WE,Towers with Radar,0,31,75,0,106,0,5,78,0,83,0,36,153,0,189,63,0,63,252
06/19/2017,SDL,AZ,AWP,WE,Towers with Radar,0,28,75,0,103,0,4,117,0,121,0,32,192,0,224,140,0,140,364
06/20/2017,SDL,AZ,AWP,WE,Towers with Radar,0,30,66,0,96,0,7,102,0,109,0,37,168,0,205,99,0,99,304
06/21/2017,SDL,AZ,AWP,WE,Towers with Radar,0,22,67,0,89,0,7,119,0,126,0,29,186,0,215,93,0,93,308
06/22/2017,SDL,AZ,AWP,WE,Towers with Radar,0,25,76,0,101,0,16,131,0,147,0,41,207,0,248,166,2,168,416
06/23/2017,SDL,AZ,AWP,WE,Towers with Radar,0,34,75,0,109,0,1,159,0,160,0,35,234,0,269,192,0,192,461
06/24/2017,SDL,AZ,AWP,WE,Towers with Radar,0,14,56,0,70,0,2,103,0,105,0,16,159,0,175,115,0,115,290
06/25/2017,SDL,AZ,AWP,WE,Towers with Radar,0,23,85,0,108,0,2,86,0,88,0,25,171,0,196,125,0,125,321
06/26/2017,SDL,AZ,AWP,WE,Towers with Radar,0,27,63,0,90,0,3,137,0,140,0,30,200,0,230,103,0,103,333
06/27/2017,SDL,AZ,AWP,WE,Towers with Radar,0,22,79,0,101,0,3,173,0,176,0,25,252,0,277,142,0,142,419
06/28/2017,SDL,AZ,AWP,WE,Towers with Radar,0,11,73,0,84,0,14,181,0,195,0,25,254,0,279,207,0,207,486
06/29/2017,SDL,AZ,AWP,WE,Towers with Radar,0,24,75,0,99,0,3,169,0,172,0,27,244,0,271,162,0,162,433
06/30/2017,SDL,AZ,AWP,WE,Towers with Radar,0,34,87,0,121,0,5,153,0,158,0,39,240,0,279,168,0,168,447
07/01/2017,SDL,AZ,AWP,WE,Towers with Radar,0,28,62,0,90,0,0,125,0,125,0,28,187,0,215,117,0,117,332
07/02/2017,SDL,AZ,AWP,WE,Towers with Radar,0,13,39,0,52,0,3,97,0,100,0,16,136,0,152,102,0,102,254
07/03/2017,SDL,AZ,AWP,WE,Towers with Radar,0,14,54,0,68,0,9,132,0,141,0,23,186,0,209,153,0,153,362
07/04/2017,SDL,AZ,AWP,WE,Towers with Radar,0,10,44,0,54,0,3,93,0,96,0,13,137,0,150,137,0,137,287
07/05/2017,SDL,AZ,AWP,WE,Towers with Radar,0,30,82,0,112,0,3,135,0,138,0,33,217,0,250,137,0,137,387
07/06/2017,SDL,AZ,AWP,WE,Towers with Radar,0,20,49,0,69,0,7,163,1,171,0,27,212,1,240,191,0,191,431
07/07/2017,SDL,AZ,AWP,WE,Towers with Radar,0,19,57,0,76,0,6,137,0,143,0,25,194,0,219,129,0,129,348
07/08/2017,SDL,AZ,AWP,WE,Towers with Radar,0,20,33,0,53,0,1,72,0,73,0,21,105,0,126,86,0,86,212
07/09/2017,SDL,AZ,AWP,WE,Towers with Radar,0,24,76,0,100,0,2,95,0,97,0,26,171,0,197,92,0,92,289
07/10/2017,SDL,AZ,AWP,WE,Towers with Radar,0,19,73,0,92,0,4,162,1,167,0,23,235,1,259,118,0,118,377
07/11/2017,SDL,AZ,AWP,WE,Towers with Radar,0,21,73,0,94,0,6,151,0,157,0,27,224,0,251,214,0,214,465
07/12/2017,SDL,AZ,AWP,WE,Towers with Radar,0,28,80,0,108,0,12,159,0,171,0,40,239,0,279,202,0,202,481
07/13/2017,SDL,AZ,AWP,WE,Towers with Radar,0,19,59,0,78,0,12,125,0,137,0,31,184,0,215,250,0,250,465
07/14/2017,SDL,AZ,AWP,WE,Towers with Radar,0,39,66,4,109,0,10,146,3,159,0,49,212,7,268,159,0,159,427
07/15/2017,SDL,AZ,AWP,WE,Towers with Radar,0,21,59,0,80,0,0,101,2,103,0,21,160,2,183,234,0,234,417
07/16/2017,SDL,AZ,AWP,WE,Towers with Radar,0,26,69,2,97,0,4,100,4,108,0,30,169,6,205,141,0,141,346
07/17/2017,SDL,AZ,AWP,WE,Towers with Radar,0,23,78,0,101,0,4,137,1,142,0,27,215,1,243,203,0,203,446
07/18/2017,SDL,AZ,AWP,WE,Towers with Radar,0,21,67,0,88,0,6,127,2,135,0,27,194,2,223,203,0,203,426
07/19/2017,SDL,AZ,AWP,WE,Towers with Radar,0,19,82,0,101,0,2,120,0,122,0,21,202,0,223,193,0,193,416
07/20/2017,SDL,AZ,AWP,WE,Towers with Radar,0,30,92,0,122,0,8,176,2,186,0,38,268,2,308,205,0,205,513
07/21/2017,SDL,AZ,AWP,WE,Towers with Radar,0,22,64,0,86,0,6,150,3,159,0,28,214,3,245,220,0,220,465
07/22/2017,SDL,AZ,AWP,WE,Towers with Radar,0,18,49,1,68,0,1,101,6,108,0,19,150,7,176,200,0,200,376
07/23/2017,SDL,AZ,AWP,WE,Towers with Radar,0,24,70,0,94,0,2,81,2,85,0,26,151,2,179,130,0,130,309
07/24/2017,SDL,AZ,AWP,WE,Towers with Radar,0,18,61,0,79,0,4,60,0,64,0,22,121,0,143,90,0,90,233
07/25/2017,SDL,AZ,AWP,WE,Towers with Radar,0,22,105,1,128,0,5,119,0,124,0,27,224,1,252,177,0,177,429
07/26/2017,SDL,AZ,AWP,WE,Towers with Radar,0,28,85,2,115,0,5,163,0,168,0,33,248,2,283,215,0,215,498
07/27/2017,SDL,AZ,AWP,WE,Towers with Radar,0,17,73,2,92,0,5,149,0,154,0,22,222,2,246,215,0,215,461
07/28/2017,SDL,AZ,AWP,WE,Towers with Radar,0,18,67,2,87,0,8,129,0,137,0,26,196,2,224,120,0,120,344
07/29/2017,SDL,AZ,AWP,WE,Towers with Radar,0,20,49,2,71,0,0,109,0,109,0,20,158,2,180,152,0,152,332
07/30/2017,SDL,AZ,AWP,WE,Towers with Radar,0,23,72,0,95,0,0,84,0,84,0,23,156,0,179,35,0,35,214
07/31/2017,SDL,AZ,AWP,WE,Towers with Radar,0,8,57,2,67,0,12,157,2,171,0,20,214,4,238,204,0,204,442
08/01/2017,SDL,AZ,AWP,WE,Towers with Radar,0,14,67,0,81,0,8,119,0,127,0,22,186,0,208,164,0,164,372
08/02/2017,SDL,AZ,AWP,WE,Towers with Radar,0,13,70,0,83,0,0,135,0,135,0,13,205,0,218,196,0,196,414
08/03/2017,SDL,AZ,AWP,WE,Towers with Radar,0,29,76,0,105,0,2,160,15,177,0,31,236,15,282,183,0,183,465
08/04/2017,SDL,AZ,AWP,WE,Towers with Radar,0,22,100,1,123,0,2,160,14,176,0,24,260,15,299,188,0,188,487
08/05/2017,SDL,AZ,AWP,WE,Towers with Radar,0,18,52,0,70,0,1,102,5,108,0,19,154,5,178,134,0,134,312
08/06/2017,SDL,AZ,AWP,WE,Towers with Radar,0,28,76,0,104,0,1,96,2,99,0,29,172,2,203,141,0,141,344
08/07/2017,SDL,AZ,AWP,WE,Towers with Radar,0,26,85,2,113,0,3,167,2,172,0,29,252,4,285,121,0,121,406
08/08/2017,SDL,AZ,AWP,WE,Towers with Radar,0,30,79,1,110,0,1,158,0,159,0,31,237,1,269,200,0,200,469
08/09/2017,SDL,AZ,AWP,WE,Towers with Radar,0,17,60,0,77,0,8,157,0,165,0,25,217,0,242,169,0,169,411
08/10/2017,SDL,AZ,AWP,WE,Towers with Radar,0,30,89,0,119,0,9,172,1,182,0,39,261,1,301,159,2,161,462
08/11/2017,SDL,AZ,AWP,WE,Towers with Radar,0,38,85,2,125,0,9,166,0,175,0,47,251,2,300,215,0,215,515
08/12/2017,SDL,AZ,AWP,WE,Towers with Radar,0,14,54,0,68,0,0,88,0,88,0,14,142,0,156,170,0,170,326
08/13/2017,SDL,AZ,AWP,WE,Towers with Radar,0,29,63,0,92,0,0,110,1,111,0,29,173,1,203,109,0,109,312
08/14/2017,SDL,AZ,AWP,WE,Towers with Radar,0,32,97,0,129,0,6,165,0,171,0,38,262,0,300,110,0,110,410
08/15/2017,SDL,AZ,AWP,WE,Towers with Radar,0,29,63,0,92,0,7,128,0,135,0,36,191,0,227,248,0,248,475
08/16/2017,SDL,AZ,AWP,WE,Towers with Radar,0,16,71,0,87,0,7,167,0,174,0,23,238,0,261,219,0,219,480
08/17/2017,SDL,AZ,AWP,WE,Towers with Radar,0,19,102,0,121,0,8,171,0,179,0,27,273,0,300,193,0,193,493
08/18/2017,SDL,AZ,AWP,WE,Towers with Radar,0,22,82,0,104,0,1,147,5,153,0,23,229,5,257,158,0,158,415
08/19/2017,SDL,AZ,AWP,WE,Towers with Radar,0,13,59,0,72,0,0,140,0,140,0,13,199,0,212,113,0,113,325
08/20/2017,SDL,AZ,AWP,WE,Towers with Radar,0,26,81,0,107,0,3,82,0,85,0,29,163,0,192,80,0,80,272
08/21/2017,SDL,AZ,AWP,WE,Towers with Radar,0,27,85,0,112,0,6,156,0,162,0,33,241,0,274,71,0,71,345
08/22/2017,SDL,AZ,AWP,WE,Towers with Radar,0,22,59,0,81,0,1,102,0,103,0,23,161,0,184,114,0,114,298
08/23/2017,SDL,AZ,AWP,WE,Towers with Radar,0,19,71,0,90,0,4,115,0,119,0,23,186,0,209,101,0,101,310
08/24/2017,SDL,AZ,AWP,WE,Towers with Radar,0,22,107,0,129,0,3,187,0,190,0,25,294,0,319,121,0,121,440
08/25/2017,SDL,AZ,AWP,WE,Towers with Radar,0,27,85,0,112,0,2,164,0,166,0,29,249,0,278,111,0,111,389
08/26/2017,SDL,AZ,AWP,WE,Towers with Radar,0,15,62,0,77,0,2,111,2,115,0,17,173,2,192,126,0,126,318
08/27/2017,SDL,AZ,AWP,WE,Towers with Radar,0,13,63,0,76,0,0,116,1,117,0,13,179,1,193,140,0,140,333
08/28/2017,SDL,AZ,AWP,WE,Towers with Radar,0,22,80,0,102,0,5,135,1,141,0,27,215,1,243,132,0,132,375
08/29/2017,SDL,AZ,AWP,WE,Towers with Radar,0,22,83,2,107,0,4,180,1,185,0,26,263,3,292,150,0,150,442
08/30/2017,SDL,AZ,AWP,WE,Towers with Radar,0,18,90,0,108,0,2,162,0,164,0,20,252,0,272,221,0,221,493
08/31/2017,SDL,AZ,AWP,WE,Towers with Radar,0,19,96,0,115,0,12,149,0,161,0,31,245,0,276,74,0,74,350
09/01/2017,SDL,AZ,AWP,WE,Towers with Radar,0,46,116,0,162,0,5,196,1,202,0,51,312,1,364,53,0,53,417
09/02/2017,SDL,AZ,AWP,WE,Towers with Radar,0,11,45,0,56,0,1,106,0,107,0,12,151,0,163,102,0,102,265
09/03/2017,SDL,AZ,AWP,WE,Towers with Radar,0,17,55,0,72,0,3,90,0,93,0,20,145,0,165,68,0,68,233
09/04/2017,SDL,AZ,AWP,WE,Towers with Radar,0,42,96,0,138,0,3,135,0,138,0,45,231,0,276,56,0,56,332
09/05/2017,SDL,AZ,AWP,WE,Towers with Radar,0,30,93,0,123,0,6,186,0,192,0,36,279,0,315,114,0,114,429
09/06/2017,SDL,AZ,AWP,WE,Towers with Radar,0,20,98,0,118,0,4,171,0,175,0,24,269,0,293,154,0,154,447
09/07/2017,SDL,AZ,AWP,WE,Towers with Radar,0,29,108,2,139,0,4,170,1,175,0,33,278,3,314,145,0,145,459
09/08/2017,SDL,AZ,AWP,WE,Towers with Radar,0,20,85,0,105,0,4,153,1,158,0,24,238,1,263,179,0,179,442
09/09/2017,SDL,AZ,AWP,WE,Towers with Radar,0,22,70,0,92,0,0,137,1,138,0,22,207,1,230,122,0,122,352
09/10/2017,SDL,AZ,AWP,WE,Towers with Radar,0,29,69,0,98,0,0,98,0,98,0,29,167,0,196,73,0,73,269
09/11/2017,SDL,AZ,AWP,WE,Towers with Radar,0,37,83,0,120,0,3,134,0,137,0,40,217,0,257,73,0,73,330
09/12/2017,SDL,AZ,AWP,WE,Towers with Radar,0,27,73,2,102,0,0,174,0,174,0,27,247,2,276,159,0,159,435
09/13/2017,SDL,AZ,AWP,WE,Towers with Radar,0,24,90,0,114,0,2,185,0,187,0,26,275,0,301,245,1,246,547
09/14/2017,SDL,AZ,AWP,WE,Towers with Radar,0,46,114,0,160,0,14,157,1,172,0,60,271,1,332,201,1,202,534
09/15/2017,SDL,AZ,AWP,WE,Towers with Radar,0,37,97,0,134,0,2,227,0,229,0,39,324,0,363,224,0,224,587
09/16/2017,SDL,AZ,AWP,WE,Towers with Radar,0,24,82,0,106,0,0,129,0,129,0,24,211,0,235,108,0,108,343
09/17/2017,SDL,AZ,AWP,WE,Towers with Radar,0,36,104,0,140,0,0,140,0,140,0,36,244,0,280,118,0,118,398
09/18/2017,SDL,AZ,AWP,WE,Towers with Radar,0,29,95,0,124,0,0,186,0,186,0,29,281,0,310,123,0,123,433
09/19/2017,SDL,AZ,AWP,WE,Towers with Radar,0,21,104,4,129,0,4,215,0,219,0,25,319,4,348,157,0,157,505
09/20/2017,SDL,AZ,AWP,WE,Towers with Radar,0,24,118,0,142,0,0,178,0,178,0,24,296,0,320,249,0,249,569
09/21/2017,SDL,AZ,AWP,WE,Towers with Radar,0,47,114,0,161,0,5,189,2,196,0,52,303,2,357,219,0,219,576
09/22/2017,SDL,AZ,AWP,WE,Towers with Radar,0,34,128,6,168,0,3,199,0,202,0,37,327,6,370,117,0,117,487
09/23/2017,SDL,AZ,AWP,WE,Towers with Radar,0,22,72,0,94,0,0,151,0,151,0,22,223,0,245,118,0,118,363
09/24/2017,SDL,AZ,AWP,WE,Towers with Radar,1,38,111,4,154,0,0,123,0,123,1,38,234,4,277,121,0,121,398
09/25/2017,SDL,AZ,AWP,WE,Towers with Radar,0,30,105,0,135,0,3,192,1,196,0,33,297,1,331,146,0,146,477
09/26/2017,SDL,AZ,AWP,WE,Towers with Radar,0,30,97,0,127,0,2,208,0,210,0,32,305,0,337,332,0,332,669
09/27/2017,SDL,AZ,AWP,WE,Towers with Radar,0,21,106,0,127,0,1,185,0,186,0,22,291,0,313,170,0,170,483
09/28/2017,SDL,AZ,AWP,WE,Towers with Radar,0,36,109,0,145,0,14,215,0,229,0,50,324,0,374,220,0,220,594
09/29/2017,SDL,AZ,AWP,WE,Towers with Radar,0,26,93,0,119,0,15,200,0,215,0,41,293,0,334,223,0,223,557
09/30/2017,SDL,AZ,AWP,WE,Towers with Radar,0,38,86,0,124,0,4,187,1,192,0,42,273,1,316,180,0,180,496
10/01/2017,SDL,AZ,AWP,WE,Towers with Radar,0,35,90,0,125,0,0,145,3,148,0,35,235,3,273,76,0,76,349
10/02/2017,SDL,AZ,AWP,WE,Towers with Radar,0,43,81,0,124,0,6,186,0,192,0,49,267,0,316,228,0,228,544
10/03/2017,SDL,AZ,AWP,WE,Towers with Radar,0,26,92,0,118,0,2,201,0,203,0,28,293,0,321,191,0,191,512
10/04/2017,SDL,AZ,AWP,WE,Towers with Radar,0,42,119,0,161,0,2,214,4,220,0,44,333,4,381,248,0,248,629
10/05/2017,SDL,AZ,AWP,WE,Towers with Radar,0,32,97,2,131,0,5,210,5,220,0,37,307,7,351,185,0,185,536
10/06/2017,SDL,AZ,AWP,WE,Towers with Radar,0,38,127,3,168,0,7,189,1,197,0,45,316,4,365,170,0,170,535
10/07/2017,SDL,AZ,AWP,WE,Towers with Radar,0,20,55,3,78,0,4,133,0,137,0,24,188,3,215,180,0,180,395
10/08/2017,SDL,AZ,AWP,WE,Towers with Radar,0,42,118,1,161,0,2,120,0,122,0,44,238,1,283,128,0,128,411
10/09/2017,SDL,AZ,AWP,WE,Towers with Radar,0,38,96,3,137,0,8,176,0,184,0,46,272,3,321,173,0,173,494
10/10/2017,SDL,AZ,AWP,WE,Towers with Radar,0,29,82,1,112,0,1,185,1,187,0,30,267,2,299,208,0,208,507
10/11/2017,SDL,AZ,AWP,WE,Towers with Radar,0,42,104,0,146,0,9,184,0,193,0,51,288,0,339,263,0,263,602
10/12/2017,SDL,AZ,AWP,WE,Towers with Radar,0,33,106,0,139,0,6,199,0,205,0,39,305,0,344,196,0,196,540
10/13/2017,SDL,AZ,AWP,WE,Towers with Radar,1,32,106,0,139,0,6,213,2,221,1,38,319,2,360,228,0,228,588
10/14/2017,SDL,AZ,AWP,WE,Towers with Radar,0,24,83,0,107,0,0,144,2,146,0,24,227,2,253,196,0,196,449
10/15/2017,SDL,AZ,AWP,WE,Towers with Radar,0,48,123,0,171,0,1,127,2,130,0,49,250,2,301,115,0,115,416
10/16/2017,SDL,AZ,AWP,WE,Towers with Radar,0,32,88,0,120,0,8,143,1,152,0,40,231,1,272,130,0,130,402
10/17/2017,SDL,AZ,AWP,WE,Towers with Radar,0,34,89,0,123,0,1,170,2,173,0,35,259,2,296,233,0,233,529
10/18/2017,SDL,AZ,AWP,WE,Towers with Radar,0,45,101,0,146,0,3,194,0,197,0,48,295,0,343,234,0,234,577
10/19/2017,SDL,AZ,AWP,WE,Towers with Radar,0,46,101,0,147,0,4,164,0,168,0,50,265,0,315,266,0,266,581
10/20/2017,SDL,AZ,AWP,WE,Towers with Radar,0,37,84,0,121,0,2,230,0,232,0,39,314,0,353,156,0,156,509
10/21/2017,SDL,AZ,AWP,WE,Towers with Radar,0,28,61,0,89,0,0,158,0,158,0,28,219,0,247,227,0,227,474
10/22/2017,SDL,AZ,AWP,WE,Towers with Radar,0,46,130,0,176,0,0,122,0,122,0,46,252,0,298,127,0,127,425
10/23/2017,SDL,AZ,AWP,WE,Towers with Radar,0,22,107,0,129,0,1,182,0,183,0,23,289,0,312,276,0,276,588
10/24/2017,SDL,AZ,AWP,WE,Towers with Radar,0,28,89,3,120,0,4,175,0,179,0,32,264,3,299,240,0,240,539
10/25/2017,SDL,AZ,AWP,WE,Towers with Radar,0,28,115,0,143,0,7,209,4,220,0,35,324,4,363,234,0,234,597
10/26/2017,SDL,AZ,AWP,WE,Towers with Radar,0,36,103,4,143,0,7,195,2,204,0,43,298,6,347,161,0,161,508
10/27/2017,SDL,AZ,AWP,WE,Towers with Radar,0,45,84,1,130,0,7,225,3,235,0,52,309,4,365,221,0,221,586
10/28/2017,SDL,AZ,AWP,WE,Towers with Radar,0,22,63,1,86,0,2,143,0,145,0,24,206,1,231,175,0,175,406
10/29/2017,SDL,AZ,AWP,WE,Towers with Radar,0,37,84,0,121,0,1,135,0,136,0,38,219,0,257,123,0,123,380
10/30/2017,SDL,AZ,AWP,WE,Towers with Radar,0,39,88,0,127,0,0,146,0,146,0,39,234,0,273,222,0,222,495
10/31/2017,SDL,AZ,AWP,WE,Towers with Radar,0,21,98,0,119,0,1,172,1,174,0,22,270,1,293,150,0,150,443
11/01/2017,SDL,AZ,AWP,WE,Towers with Radar,0,43,119,0,162,0,2,176,0,178,0,45,295,0,340,177,0,177,517
11/02/2017,SDL,AZ,AWP,WE,Towers with Radar,0,32,142,2,176,0,25,243,0,268,0,57,385,2,444,170,0,170,614
11/03/2017,SDL,AZ,AWP,WE,Towers with Radar,0,37,131,0,168,0,6,210,1,217,0,43,341,1,385,188,0,188,573
11/04/2017,SDL,AZ,AWP,WE,Towers with Radar,0,36,70,0,106,0,3,314,0,317,0,39,384,0,423,10,0,10,433
11/05/2017,SDL,AZ,AWP,WE,Towers with Radar,0,52,127,1,180,0,2,116,0,118,0,54,243,1,298,98,0,98,396
11/06/2017,SDL,AZ,AWP,WE,Towers with Radar,0,37,117,2,156,0,7,182,0,189,0,44,299,2,345,202,0,202,547
11/07/2017,SDL,AZ,AWP,WE,Towers with Radar,0,41,124,0,165,0,2,170,1,173,0,43,294,1,338,261,0,261,599
11/08/2017,SDL,AZ,AWP,WE,Towers with Radar,0,41,148,0,189,0,2,200,0,202,0,43,348,0,391,282,0,282,673
11/09/2017,SDL,AZ,AWP,WE,Towers with Radar,0,52,142,0,194,0,10,204,2,216,0,62,346,2,410,129,0,129,539
11/10/2017,SDL,AZ,AWP,WE,Towers with Radar,0,68,128,0,196,0,13,197,1,211,0,81,325,1,407,122,0,122,529
11/11/2017,SDL,AZ,AWP,WE,Towers with Radar,0,30,83,1,114,0,3,201,0,204,0,33,284,1,318,173,0,173,491
11/12/2017,SDL,AZ,AWP,WE,Towers with Radar,0,56,137,0,193,0,4,183,0,187,0,60,320,0,380,123,0,123,503
11/13/2017,SDL,AZ,AWP,WE,Towers with Radar,0,45,109,0,154,0,1,147,0,148,0,46,256,0,302,162,0,162,464
11/14/2017,SDL,AZ,AWP,WE,Towers with Radar,0,38,100,0,138,0,3,185,0,188,0,41,285,0,326,249,0,249,575
11/15/2017,SDL,AZ,AWP,WE,Towers with Radar,0,43,107,0,150,0,5,191,0,196,0,48,298,0,346,145,0,145,491
11/16/2017,SDL,AZ,AWP,WE,Towers with Radar,0,49,104,0,153,0,2,210,0,212,0,51,314,0,365,220,0,220,585
11/17/2017,SDL,AZ,AWP,WE,Towers with Radar,0,65,134,0,199,0,4,196,0,200,0,69,330,0,399,178,0,178,577
11/18/2017,SDL,AZ,AWP,WE,Towers with Radar,0,44,95,0,139,0,0,135,0,135,0,44,230,0,274,106,0,106,380
11/19/2017,SDL,AZ,AWP,WE,Towers with Radar,0,54,103,0,157,0,0,123,0,123,0,54,226,0,280,98,0,98,378
11/20/2017,SDL,AZ,AWP,WE,Towers with Radar,0,40,96,0,136,0,5,183,0,188,0,45,279,0,324,167,0,167,491
11/21/2017,SDL,AZ,AWP,WE,Towers with Radar,1,37,112,0,150,0,3,201,2,206,1,40,313,2,356,210,0,210,566
11/22/2017,SDL,AZ,AWP,WE,Towers with Radar,0,47,137,4,188,0,4,194,0,198,0,51,331,4,386,147,0,147,533
11/23/2017,SDL,AZ,AWP,WE,Towers with Radar,0,14,32,0,46,0,1,56,0,57,0,15,88,0,103,22,0,22,125
11/24/2017,SDL,AZ,AWP,WE,Towers with Radar,0,34,68,0,102,0,0,130,0,130,0,34,198,0,232,130,0,130,362
11/25/2017,SDL,AZ,AWP,WE,Towers with Radar,0,49,84,0,133,0,1,105,1,107,0,50,189,1,240,111,0,111,351
11/26/2017,SDL,AZ,AWP,WE,Towers with Radar,1,69,184,0,254,0,0,112,0,112,1,69,296,0,366,76,0,76,442
11/27/2017,SDL,AZ,AWP,WE,Towers with Radar,0,53,110,0,163,0,4,163,0,167,0,57,273,0,330,136,0,136,466
11/28/2017,SDL,AZ,AWP,WE,Towers with Radar,0,49,96,0,145,0,0,178,0,178,0,49,274,0,323,214,0,214,537
11/29/2017,SDL,AZ,AWP,WE,Towers with Radar,0,41,101,0,142,0,10,154,0,164,0,51,255,0,306,198,0,198,504
11/30/2017,SDL,AZ,AWP,WE,Towers with Radar,0,45,120,0,165,0,2,190,0,192,0,47,310,0,357,222,0,222,579
12/01/2017,SDL,AZ,AWP,WE,Towers with Radar,0,56,117,0,173,0,2,180,1,183,0,58,297,1,356,184,0,184,540
12/02/2017,SDL,AZ,AWP,WE,Towers with Radar,0,33,77,0,110,0,3,156,0,159,0,36,233,0,269,174,0,174,443
12/03/2017,SDL,AZ,AWP,WE,Towers with Radar,0,34,93,0,127,0,3,129,0,132,0,37,222,0,259,115,0,115,374
12/04/2017,SDL,AZ,AWP,WE,Towers with Radar,0,42,98,0,140,0,3,157,0,160,0,45,255,0,300,182,0,182,482
12/05/2017,SDL,AZ,AWP,WE,Towers with Radar,0,32,111,0,143,0,3,186,0,189,0,35,297,0,332,182,0,182,514
12/06/2017,SDL,AZ,AWP,WE,Towers with Radar,0,41,131,0,172,0,6,167,0,173,0,47,298,0,345,191,0,191,536
12/07/2017,SDL,AZ,AWP,WE,Towers with Radar,0,25,110,2,137,0,4,150,0,154,0,29,260,2,291,135,0,135,426
12/08/2017,SDL,AZ,AWP,WE,Towers with Radar,0,30,89,4,123,0,2,235,0,237,0,32,324,4,360,229,0,229,589
12/09/2017,SDL,AZ,AWP,WE,Towers with Radar,0,28,85,0,113,0,0,188,0,188,0,28,273,0,301,190,0,190,491
12/10/2017,SDL,AZ,AWP,WE,Towers with Radar,0,40,92,2,134,0,2,105,2,109,0,42,197,4,243,78,0,78,321
12/11/2017,SDL,AZ,AWP,WE,Towers with Radar,0,45,102,0,147,0,3,161,0,164,0,48,263,0,311,253,0,253,564
12/12/2017,SDL,AZ,AWP,WE,Towers with Radar,0,49,107,0,156,0,4,166,0,170,0,53,273,0,326,187,0,187,513
12/13/2017,SDL,AZ,AWP,WE,Towers with Radar,0,30,102,1,133,0,6,202,3,211,0,36,304,4,344,188,0,188,532
12/14/2017,SDL,AZ,AWP,WE,Towers with Radar,0,48,116,0,164,0,3,196,2,201,0,51,312,2,365,193,0,193,558
12/15/2017,SDL,AZ,AWP,WE,Towers with Radar,0,38,120,0,158,0,3,253,0,256,0,41,373,0,414,181,0,181,595
12/16/2017,SDL,AZ,AWP,WE,Towers with Radar,0,30,88,0,118,0,2,107,2,111,0,32,195,2,229,106,0,106,335
12/17/2017,SDL,AZ,AWP,WE,Towers with Radar,0,34,90,0,124,0,0,87,2,89,0,34,177,2,213,92,0,92,305
12/18/2017,SDL,AZ,AWP,WE,Towers with Radar,0,28,104,0,132,0,3,189,0,192,0,31,293,0,324,109,0,109,433
12/19/2017,SDL,AZ,AWP,WE,Towers with Radar,0,31,100,0,131,0,1,190,1,192,0,32,290,1,323,140,0,140,463
12/20/2017,SDL,AZ,AWP,WE,Towers with Radar,0,33,100,2,135,0,6,172,1,179,0,39,272,3,314,154,0,154,468
12/21/2017,SDL,AZ,AWP,WE,Towers with Radar,0,45,97,3,145,0,7,139,3,149,0,52,236,6,294,212,0,212,506
12/22/2017,SDL,AZ,AWP,WE,Towers with Radar,0,52,111,0,163,0,5,163,0,168,0,57,274,0,331,149,0,149,480
12/23/2017,SDL,AZ,AWP,WE,Towers with Radar,0,36,90,0,126,0,0,108,0,108,0,36,198,0,234,125,0,125,359
12/24/2017,SDL,AZ,AWP,WE,Towers with Radar,0,21,33,0,54,0,4,53,0,57,0,25,86,0,111,80,0,80,191
12/25/2017,SDL,AZ,AWP,WE,Towers with Radar,0,23,15,0,38,0,0,18,0,18,0,23,33,0,56,11,0,11,67
12/26/2017,SDL,AZ,AWP,WE,Towers with Radar,0,65,118,0,183,0,2,140,1,143,0,67,258,1,326,112,0,112,438
12/27/2017,SDL,AZ,AWP,WE,Towers with Radar,0,56,129,4,189,0,0,149,0,149,0,56,278,4,338,78,0,78,416
12/28/2017,SDL,AZ,AWP,WE,Towers with Radar,0,51,117,2,170,0,14,161,3,178,0,65,278,5,348,114,0,114,462
12/29/2017,SDL,AZ,AWP,WE,Towers with Radar,0,60,106,0,166,0,8,150,0,158,0,68,256,0,324,96,0,96,420
12/30/2017,SDL,AZ,AWP,WE,Towers with Radar,0,47,74,0,121,0,3,104,0,107,0,50,178,0,228,98,0,98,326
12/31/2017,SDL,AZ,AWP,WE,Towers with Radar,0,35,54,0,89,0,1,128,0,129,0,36,182,0,218,71,0,71,289
01/01/2018,SDL,AZ,AWP,WE,Towers with Radar,0,37,82,0,119,0,2,74,0,76,0,39,156,0,195,19,0,19,214
01/02/2018,SDL,AZ,AWP,WE,Towers with Radar,0,62,121,0,183,0,2,119,0,121,0,64,240,0,304,125,0,125,429
01/03/2018,SDL,AZ,AWP,WE,Towers with Radar,0,55,112,2,169,0,4,164,0,168,0,59,276,2,337,101,0,101,438
01/04/2018,SDL,AZ,AWP,WE,Towers with Radar,0,50,120,0,170,0,9,199,0,208,0,59,319,0,378,134,0,134,512
01/05/2018,SDL,AZ,AWP,WE,Towers with Radar,0,46,110,0,156,0,1,184,0,185,0,47,294,0,341,162,0,162,503
01/06/2018,SDL,AZ,AWP,WE,Towers with Radar,0,38,106,2,146,0,1,129,0,130,0,39,235,2,276,194,0,194,470
01/07/2018,SDL,AZ,AWP,WE,Towers with Radar,0,59,97,0,156,0,0,132,0,132,0,59,229,0,288,104,0,104,392
01/08/2018,SDL,AZ,AWP,WE,Towers with Radar,0,53,96,2,151,0,8,179,2,189,0,61,275,4,340,245,0,245,585
01/09/2018,SDL,AZ,AWP,WE,Towers with Radar,0,55,94,2,151,0,3,122,0,125,0,58,216,2,276,156,0,156,432
01/10/2018,SDL,AZ,AWP,WE,Towers with Radar,0,66,100,0,166,0,8,115,0,123,0,74,215,0,289,67,0,67,356
01/11/2018,SDL,AZ,AWP,WE,Towers with Radar,0,50,139,0,189,0,1,200,0,201,0,51,339,0,390,131,0,131,521
01/12/2018,SDL,AZ,AWP,WE,Towers with Radar,1,61,153,0,215,0,5,181,0,186,1,66,334,0,401,110,0,110,511
01/13/2018,SDL,AZ,AWP,WE,Towers with Radar,0,41,80,0,121,0,0,157,0,157,0,41,237,0,278,167,0,167,445
01/14/2018,SDL,AZ,AWP,WE,Towers with Radar,0,39,109,0,148,0,1,132,0,133,0,40,241,0,281,77,0,77,358
01/15/2018,SDL,AZ,AWP,WE,Towers with Radar,0,55,107,1,163,0,0,222,0,222,0,55,329,1,385,168,0,168,553
01/16/2018,SDL,AZ,AWP,WE,Towers with Radar,0,37,102,0,139,0,4,167,1,172,0,41,269,1,311,115,0,115,426
01/17/2018,SDL,AZ,AWP,WE,Towers with Radar,0,57,136,0,193,0,7,239,2,248,0,64,375,2,441,147,6,153,594
01/18/2018,SDL,AZ,AWP,WE,Towers with Radar,0,61,162,2,225,0,5,222,0,227,0,66,384,2,452,66,0,66,518
01/19/2018,SDL,AZ,AWP,WE,Towers with Radar,0,55,147,13,215,0,6,255,4,265,0,61,402,17,480,67,0,67,547
01/20/2018,SDL,AZ,AWP,WE,Towers with Radar,0,42,115,10,167,0,0,72,0,72,0,42,187,10,239,140,0,140,379
01/21/2018,SDL,AZ,AWP,WE,Towers with Radar,0,68,141,3,212,0,0,139,0,139,0,68,280,3,351,44,0,44,395
01/22/2018,SDL,AZ,AWP,WE,Towers with Radar,0,61,104,2,167,0,5,179,0,184,0,66,283,2,351,183,0,183,534
01/23/2018,SDL,AZ,AWP,WE,Towers with Radar,0,35,101,1,137,0,1,182,0,183,0,36,283,1,320,185,0,185,505
01/24/2018,SDL,AZ,AWP,WE,Towers with Radar,0,30,110,4,144,0,2,216,0,218,0,32,326,4,362,135,0,135,497
01/25/2018,SDL,AZ,AWP,WE,Towers with Radar,0,49,110,1,160,0,4,179,0,183,0,53,289,1,343,155,0,155,498
01/26/2018,SDL,AZ,AWP,WE,Towers with Radar,0,51,112,2,165,0,2,179,8,189,0,53,291,10,354,161,0,161,515
01/27/2018,SDL,AZ,AWP,WE,Towers with Radar,0,37,83,0,120,0,2,119,5,126,0,39,202,5,246,133,0,133,379
01/28/2018,SDL,AZ,AWP,WE,Towers with Radar,0,62,101,2,165,0,0,132,6,138,0,62,233,8,303,132,0,132,435
01/29/2018,SDL,AZ,AWP,WE,Towers with Radar,0,36,80,0,116,0,4,158,0,162,0,40,238,0,278,124,0,124,402
01/30/2018,SDL,AZ,AWP,WE,Towers with Radar,0,55,139,0,194,0,4,212,2,218,0,59,351,2,412,233,0,233,645
01/31/2018,SDL,AZ,AWP,WE,Towers with Radar,0,59,170,0,229,0,1,204,2,207,0,60,374,2,436,141,0,141,577
02/01/2018,SDL,AZ,AWP,WE,Towers with Radar,0,66,163,2,231,0,10,256,13,279,0,76,419,15,510,88,0,88,598
02/02/2018,SDL,AZ,AWP,WE,Towers with Radar,0,78,182,7,267,0,14,182,1,197,0,92,364,8,464,101,0,101,565
02/03/2018,SDL,AZ,AWP,WE,Towers with Radar,0,34,85,1,120,0,2,123,2,127,0,36,208,3,247,38,0,38,285
02/04/2018,SDL,AZ,AWP,WE,Towers with Radar,0,62,98,5,165,0,1,98,0,99,0,63,196,5,264,101,0,101,365
02/05/2018,SDL,AZ,AWP,WE,Towers with Radar,0,61,170,2,233,0,0,161,1,162,0,61,331,3,395,153,0,153,548
02/06/2018,SDL,AZ,AWP,WE,Towers with Radar,0,42,100,0,142,0,0,192,1,193,0,42,292,1,335,251,0,251,586
02/07/2018,SDL,AZ,AWP,WE,Towers with Radar,0,41,115,0,156,0,4,184,1,189,0,45,299,1,345,158,0,158,503
02/08/2018,SDL,AZ,AWP,WE,Towers with Radar,0,49,163,0,212,0,0,196,0,196,0,49,359,0,408,194,0,194,602
02/09/2018,SDL,AZ,AWP,WE,Towers with Radar,0,52,124,0,176,0,0,187,0,187,0,52,311,0,363,142,0,142,505
02/10/2018,SDL,AZ,AWP,WE,Towers with Radar,0,44,56,0,100,0,0,106,2,108,0,44,162,2,208,287,4,291,499
02/11/2018,SDL,AZ,AWP,WE,Towers with Radar,0,70,153,0,223,0,1,110,3,114,0,71,263,3,337,57,0,57,394
02/12/2018,SDL,AZ,AWP,WE,Towers with Radar,0,50,97,0,147,0,2,104,0,106,0,52,201,0,253,181,0,181,434
02/13/2018,SDL,AZ,AWP,WE,Towers with Radar,0,44,123,0,167,0,15,146,0,161,0,59,269,0,328,231,0,231,559
02/14/2018,SDL,AZ,AWP,WE,Towers with Radar,0,40,113,0,153,0,4,133,2,139,0,44,246,2,292,175,0,175,467
02/15/2018,SDL,AZ,AWP,WE,Towers with Radar,0,73,143,0,216,0,5,80,0,85,0,78,223,0,301,230,0,230,531
02/16/2018,SDL,AZ,AWP,WE,Towers with Radar,0,62,158,0,220,0,5,158,2,165,0,67,316,2,385,198,0,198,583
02/17/2018,SDL,AZ,AWP,WE,Towers with Radar,0,29,81,0,110,0,0,155,1,156,0,29,236,1,266,176,0,176,442
02/18/2018,SDL,AZ,AWP,WE,Towers with Radar,0,64,99,0,163,0,0,147,0,147,0,64,246,0,310,106,0,106,416
02/19/2018,SDL,AZ,AWP,WE,Towers with Radar,0,63,137,0,200,0,0,53,0,53,0,63,190,0,253,145,0,145,398
02/20/2018,SDL,AZ,AWP,WE,Towers with Radar,0,49,147,0,196,0,0,208,0,208,0,49,355,0,404,255,0,255,659
02/21/2018,SDL,AZ,AWP,WE,Towers with Radar,0,50,108,0,158,0,3,204,0,207,0,53,312,0,365,164,0,164,529
02/22/2018,SDL,AZ,AWP,WE,Towers with Radar,0,55,119,0,174,0,5,199,0,204,0,60,318,0,378,230,0,230,608
02/23/2018,SDL,AZ,AWP,WE,Towers with Radar,0,63,116,3,182,0,4,151,9,164,0,67,267,12,346,123,18,141,487
02/24/2018,SDL,AZ,AWP,WE,Towers with Radar,0,45,77,0,122,0,2,132,3,137,0,47,209,3,259,137,0,137,396
02/25/2018,SDL,AZ,AWP,WE,Towers with Radar,0,68,142,3,213,0,2,139,8,149,0,70,281,11,362,89,0,89,451
02/26/2018,SDL,AZ,AWP,WE,Towers with Radar,0,47,103,0,150,0,4,162,0,166,0,51,265,0,316,183,0,183,499
02/27/2018,SDL,AZ,AWP,WE,Towers with Radar,0,51,102,0,153,0,2,176,1,179,0,53,278,1,332,155,0,155,487
02/28/2018,SDL,AZ,AWP,WE,Towers with Radar,0,52,124,0,176,0,6,121,7,134,0,58,245,7,310,178,0,178,488
03/01/2018,SDL,AZ,AWP,WE,Towers with Radar,0,70,143,0,213,0,9,227,5,241,0,79,370,5,454,157,0,157,611
03/02/2018,SDL,AZ,AWP,WE,Towers with Radar,0,53,115,2,170,0,3,191,0,194,0,56,306,2,364,170,0,170,534
03/03/2018,SDL,AZ,AWP,WE,Towers with Radar,0,57,88,0,145,0,1,134,0,135,0,58,222,0,280,189,0,189,469
03/04/2018,SDL,AZ,AWP,WE,Towers with Radar,0,62,132,12,206,0,2,133,0,135,0,64,265,12,341,134,2,136,477
03/05/2018,SDL,AZ,AWP,WE,Towers with Radar,0,43,103,0,146,0,3,204,0,207,0,46,307,0,353,152,0,152,505
03/06/2018,SDL,AZ,AWP,WE,Towers with Radar,0,41,93,2,136,0,2,226,3,231,0,43,319,5,367,150,0,150,517
03/07/2018,SDL,AZ,AWP,WE,Towers with Radar,0,49,116,0,165,0,4,235,3,242,0,53,351,3,407,192,0,192,599
03/08/2018,SDL,AZ,AWP,WE,Towers with Radar,0,61,126,1,188,0,11,199,4,214,0,72,325,5,402,103,0,103,505
03/09/2018,SDL,AZ,AWP,WE,Towers with Radar,0,66,154,0,220,0,2,192,1,195,0,68,346,1,415,115,0,115,530
03/10/2018,SDL,AZ,AWP,WE,Towers with Radar,0,62,93,0,155,0,0,99,1,100,0,62,192,1,255,142,0,142,397
03/11/2018,SDL,AZ,AWP,WE,Towers with Radar,0,75,147,0,222,0,0,73,2,75,0,75,220,2,297,141,0,141,438
03/12/2018,SDL,AZ,AWP,WE,Towers with Radar,0,43,112,3,158,0,2,179,0,181,0,45,291,3,339,179,0,179,518
03/13/2018,SDL,AZ,AWP,WE,Towers with Radar,0,47,102,0,149,0,2,199,0,201,0,49,301,0,350,294,0,294,644
03/14/2018,SDL,AZ,AWP,WE,Towers with Radar,0,45,103,0,148,1,1,175,6,183,1,46,278,6,331,268,0,268,599
03/15/2018,SDL,AZ,AWP,WE,Towers with Radar,0,53,142,0,195,0,1,112,2,115,0,54,254,2,310,208,0,208,518
03/16/2018,SDL,AZ,AWP,WE,Towers with Radar,0,87,103,0,190,0,0,193,0,193,0,87,296,0,383,199,0,199,582
03/17/2018,SDL,AZ,AWP,WE,Towers with Radar,0,54,94,0,148,0,0,138,0,138,0,54,232,0,286,137,0,137,423
03/18/2018,SDL,AZ,AWP,WE,Towers with Radar,0,70,154,1,225,0,0,119,0,119,0,70,273,1,344,110,0,110,454
03/19/2018,SDL,AZ,AWP,WE,Towers with Radar,0,47,119,0,166,0,5,189,3,197,0,52,308,3,363,183,2,185,548
03/20/2018,SDL,AZ,AWP,WE,Towers with Radar,0,35,97,0,132,0,6,201,0,207,0,41,298,0,339,328,0,328,667
03/21/2018,SDL,AZ,AWP,WE,Towers with Radar,0,37,95,0,132,0,11,184,0,195,0,48,279,0,327,272,0,272,599
03/22/2018,SDL,AZ,AWP,WE,Towers with Radar,0,48,124,0,172,0,0,194,0,194,0,48,318,0,366,243,0,243,609
03/23/2018,SDL,AZ,AWP,WE,Towers with Radar,0,54,130,0,184,0,0,124,2,126,0,54,254,2,310,231,0,231,541
03/24/2018,SDL,AZ,AWP,WE,Towers with Radar,0,39,98,0,137,0,0,110,5,115,0,39,208,5,252,183,0,183,435
03/25/2018,SDL,AZ,AWP,WE,Towers with Radar,0,52,129,0,181,0,2,117,2,121,0,54,246,2,302,47,2,49,351
03/26/2018,SDL,AZ,AWP,WE,Towers with Radar,0,64,94,0,158,0,4,152,0,156,0,68,246,0,314,188,0,188,502
03/27/2018,SDL,AZ,AWP,WE,Towers with Radar,0,49,91,0,140,0,1,167,0,168,0,50,258,0,308,195,0,195,503
03/28/2018,SDL,AZ,AWP,WE,Towers with Radar,0,38,97,0,135,0,5,205,0,210,0,43,302,0,345,256,0,256,601
03/29/2018,SDL,AZ,AWP,WE,Towers with Radar,0,59,155,0,214,0,4,199,0,203,0,63,354,0,417,138,0,138,555
03/30/2018,SDL,AZ,AWP,WE,Towers with Radar,0,60,96,5,161,0,2,199,0,201,0,62,295,5,362,128,0,128,490
03/31/2018,SDL,AZ,AWP,WE,Towers with Radar,0,40,108,0,148,0,0,157,0,157,0,40,265,0,305,115,0,115,420
04/01/2018,SDL,AZ,AWP,WE,Towers with Radar,0,48,74,6,128,0,0,98,1,99,0,48,172,7,227,78,0,78,305
04/02/2018,SDL,AZ,AWP,WE,Towers with Radar,0,48,133,0,181,0,8,181,0,189,0,56,314,0,370,127,0,127,497
04/03/2018,SDL,AZ,AWP,WE,Towers with Radar,0,44,80,2,126,0,6,184,0,190,0,50,264,2,316,208,0,208,524
04/04/2018,SDL,AZ,AWP,WE,Towers with Radar,0,49,99,0,148,0,1,226,0,227,0,50,325,0,375,205,0,205,580
04/05/2018,SDL,AZ,AWP,WE,Towers with Radar,0,35,143,0,178,0,5,218,0,223,0,40,361,0,401,260,0,260,661
04/06/2018,SDL,AZ,AWP,WE,Towers with Radar,0,36,111,12,159,0,6,205,0,211,0,42,316,12,370,184,0,184,554
04/07/2018,SDL,AZ,AWP,WE,Towers with Radar,0,36,74,12,122,0,3,130,0,133,0,39,204,12,255,39,0,39,294
04/08/2018,SDL,AZ,AWP,WE,Towers with Radar,0,55,110,2,167,0,2,145,0,147,0,57,255,2,314,131,0,131,445
04/09/2018,SDL,AZ,AWP,WE,Towers with Radar,0,37,82,0,119,1,2,173,0,176,1,39,255,0,295,184,0,184,479
04/10/2018,SDL,AZ,AWP,WE,Towers with Radar,0,39,103,0,142,0,0,162,0,162,0,39,265,0,304,223,0,223,527
04/11/2018,SDL,AZ,AWP,WE,Towers with Radar,0,47,123,1,171,0,6,146,0,152,0,53,269,1,323,168,0,168,491
04/12/2018,SDL,AZ,AWP,WE,Towers with Radar,0,53,93,1,147,1,1,88,0,90,1,54,181,1,237,140,0,140,377
04/13/2018,SDL,AZ,AWP,WE,Towers with Radar,0,51,110,0,161,0,3,118,0,121,0,54,228,0,282,109,2,111,393
04/14/2018,SDL,AZ,AWP,WE,Towers with Radar,0,40,86,2,128,0,3,121,0,124,0,43,207,2,252,107,0,107,359
04/15/2018,SDL,AZ,AWP,WE,Towers with Radar,0,51,133,1,185,0,0,143,0,143,0,51,276,1,328,89,0,89,417
04/16/2018,SDL,AZ,AWP,WE,Towers with Radar,0,54,101,1,156,0,10,155,0,165,0,64,256,1,321,157,0,157,478
04/17/2018,SDL,AZ,AWP,WE,Towers with Radar,0,32,91,2,125,0,4,159,0,163,0,36,250,2,288,259,0,259,547
04/18/2018,SDL,AZ,AWP,WE,Towers with Radar,0,65,109,2,176,0,4,183,0,187,0,69,292,2,363,231,0,231,594
04/19/2018,SDL,AZ,AWP,WE,Towers with Radar,0,40,104,0,144,0,5,153,1,159,0,45,257,1,303,163,0,163,466
04/20/2018,SDL,AZ,AWP,WE,Towers with Radar,1,52,83,0,136,0,7,180,4,191,1,59,263,4,327,171,0,171,498
04/21/2018,SDL,AZ,AWP,WE,Towers with Radar,0,33,79,0,112,0,2,142,4,148,0,35,221,4,260,162,0,162,422
04/22/2018,SDL,AZ,AWP,WE,Towers with Radar,0,59,131,0,190,0,2,123,0,125,0,61,254,0,315,228,0,228,543
04/23/2018,SDL,AZ,AWP,WE,Towers with Radar,0,46,107,0,153,0,2,164,0,166,0,48,271,0,319,215,0,215,534
04/24/2018,SDL,AZ,AWP,WE,Towers with Radar,0,43,81,0,124,0,1,175,2,178,0,44,256,2,302,243,0,243,545
04/25/2018,SDL,AZ,AWP,WE,Towers with Radar,0,54,92,0,146,0,4,198,1,203,0,58,290,1,349,290,0,290,639
04/26/2018,SDL,AZ,AWP,WE,Towers with Radar,0,44,107,0,151,0,10,167,5,182,0,54,274,5,333,264,0,264,597
04/27/2018,SDL,AZ,AWP,WE,Towers with Radar,0,58,110,3,171,0,3,182,1,186,0,61,292,4,357,164,0,164,521
04/28/2018,SDL,AZ,AWP,WE,Towers with Radar,0,48,65,2,115,0,0,167,4,171,0,48,232,6,286,166,0,166,452
04/29/2018,SDL,AZ,AWP,WE,Towers with Radar,0,55,120,3,178,0,0,121,1,122,0,55,241,4,300,135,0,135,435
04/30/2018,SDL,AZ,AWP,WE,Towers with Radar,0,41,76,1,118,0,3,151,0,154,0,44,227,1,272,208,0,208,480
05/01/2018,SDL,AZ,AWP,WE,Towers with Radar,0,51,84,0,135,0,1,144,0,145,0,52,228,0,280,189,0,189,469
05/02/2018,SDL,AZ,AWP,WE,Towers with Radar,0,56,97,2,155,0,2,129,5,136,0,58,226,7,291,169,0,169,460
05/03/2018,SDL,AZ,AWP,WE,Towers with Radar,0,39,119,0,158,0,4,177,2,183,0,43,296,2,341,155,0,155,496
05/04/2018,SDL,AZ,AWP,WE,Towers with Radar,0,54,89,1,144,0,5,191,2,198,0,59,280,3,342,170,0,170,512
05/05/2018,SDL,AZ,AWP,WE,Towers with Radar,0,27,62,0,89,0,1,120,4,125,0,28,182,4,214,128,0,128,342
05/06/2018,SDL,AZ,AWP,WE,Towers with Radar,0,69,98,3,170,0,0,142,2,144,0,69,240,5,314,162,0,162,476
05/07/2018,SDL,AZ,AWP,WE,Towers with Radar,0,34,97,1,132,0,3,158,1,162,0,37,255,2,294,214,0,214,508
05/08/2018,SDL,AZ,AWP,WE,Towers with Radar,0,36,83,0,119,0,4,160,4,168,0,40,243,4,287,200,0,200,487
05/09/2018,SDL,AZ,AWP,WE,Towers with Radar,0,41,114,0,155,0,9,178,1,188,0,50,292,1,343,230,0,230,573
05/10/2018,SDL,AZ,AWP,WE,Towers with Radar,0,42,93,0,135,0,3,168,1,172,0,45,261,1,307,163,0,163,470
05/11/2018,SDL,AZ,AWP,WE,Towers with Radar,0,58,85,0,143,0,1,171,4,176,0,59,256,4,319,220,0,220,539
05/12/2018,SDL,AZ,AWP,WE,Towers with Radar,0,32,59,0,91,0,2,120,4,126,0,34,179,4,217,141,0,141,358
05/13/2018,SDL,AZ,AWP,WE,Towers with Radar,0,32,83,0,115,0,1,98,0,99,0,33,181,0,214,110,0,110,324
05/14/2018,SDL,AZ,AWP,WE,Towers with Radar,0,37,81,0,118,0,7,173,0,180,0,44,254,0,298,138,0,138,436
05/15/2018,SDL,AZ,AWP,WE,Towers with Radar,0,39,72,2,113,0,8,193,0,201,0,47,265,2,314,209,0,209,523
05/16/2018,SDL,AZ,AWP,WE,Towers with Radar,0,27,86,2,115,0,2,157,0,159,0,29,243,2,274,209,0,209,483
05/17/2018,SDL,AZ,AWP,WE,Towers with Radar,0,50,120,1,171,0,1,160,1,162,0,51,280,2,333,181,0,181,514
05/18/2018,SDL,AZ,AWP,WE,Towers with Radar,0,38,89,0,127,0,2,178,0,180,0,40,267,0,307,140,0,140,447
05/19/2018,SDL,AZ,AWP,WE,Towers with Radar,0,24,58,4,86,0,0,98,0,98,0,24,156,4,184,152,0,152,336
05/20/2018,SDL,AZ,AWP,WE,Towers with Radar,0,35,77,0,112,0,2,124,0,126,0,37,201,0,238,101,0,101,339
05/21/2018,SDL,AZ,AWP,WE,Towers with Radar,0,43,104,2,149,0,4,127,0,131,0,47,231,2,280,202,0,202,482
05/22/2018,SDL,AZ,AWP,WE,Towers with Radar,0,28,102,0,130,0,1,173,0,174,0,29,275,0,304,227,0,227,531
05/23/2018,SDL,AZ,AWP,WE,Towers with Radar,0,34,94,3,131,0,3,209,0,212,0,37,303,3,343,256,0,256,599
05/24/2018,SDL,AZ,AWP,WE,Towers with Radar,0,25,120,0,145,0,2,190,0,192,0,27,310,0,337,236,0,236,573
05/25/2018,SDL,AZ,AWP,WE,Towers with Radar,0,58,110,2,170,0,6,144,9,159,0,64,254,11,329,179,0,179,508
05/26/2018,SDL,AZ,AWP,WE,Towers with Radar,0,24,78,0,102,0,0,108,7,115,0,24,186,7,217,123,0,123,340
05/27/2018,SDL,AZ,AWP,WE,Towers with Radar,0,16,52,0,68,0,6,110,0,116,0,22,162,0,184,120,0,120,304
05/28/2018,SDL,AZ,AWP,WE,Towers with Radar,2,40,98,0,140,0,0,112,4,116,2,40,210,4,256,135,0,135,391
05/29/2018,SDL,AZ,AWP,WE,Towers with Radar,0,33,96,1,130,0,0,175,2,177,0,33,271,3,307,156,0,156,463
05/30/2018,SDL,AZ,AWP,WE,Towers with Radar,0,25,82,2,109,0,4,153,5,162,0,29,235,7,271,160,0,160,431
05/31/2018,SDL,AZ,AWP,WE,Towers with Radar,0,32,92,0,124,0,2,191,0,193,0,34,283,0,317,203,0,203,520
06/01/2018,SDL,AZ,AWP,WE,Towers with Radar,0,30,106,0,136,0,0,152,0,152,0,30,258,0,288,129,0,129,417
06/02/2018,SDL,AZ,AWP,WE,Towers with Radar,0,14,57,0,71,0,2,129,2,133,0,16,186,2,204,136,0,136,340
06/03/2018,SDL,AZ,AWP,WE,Towers with Radar,0,30,84,0,114,0,3,90,0,93,0,33,174,0,207,69,0,69,276
06/04/2018,SDL,AZ,AWP,WE,Towers with Radar,0,25,63,0,88,0,2,143,0,145,0,27,206,0,233,184,0,184,417
06/05/2018,SDL,AZ,AWP,WE,Towers with Radar,0,32,57,0,89,0,0,168,3,171,0,32,225,3,260,184,0,184,444
06/06/2018,SDL,AZ,AWP,WE,Towers with Radar,0,30,86,0,116,0,0,186,1,187,0,30,272,1,303,184,0,184,487
06/07/2018,SDL,AZ,AWP,WE,Towers with Radar,0,19,70,2,91,0,7,153,0,160,0,26,223,2,251,166,0,166,417
06/08/2018,SDL,AZ,AWP,WE,Towers with Radar,0,32,89,0,121,0,4,167,6,177,0,36,256,6,298,105,0,105,403
06/09/2018,SDL,AZ,AWP,WE,Towers with Radar,0,20,42,0,62,0,3,71,3,77,0,23,113,3,139,130,0,130,269
06/10/2018,SDL,AZ,AWP,WE,Towers with Radar,0,40,83,0,123,0,1,100,4,105,0,41,183,4,228,103,0,103,331
06/11/2018,SDL,AZ,AWP,WE,Towers with Radar,0,23,84,0,107,0,3,114,0,117,0,26,198,0,224,259,0,259,483
06/12/2018,SDL,AZ,AWP,WE,Towers with Radar,0,27,62,2,91,0,7,162,0,169,0,34,224,2,260,174,0,174,434
06/13/2018,SDL,AZ,AWP,WE,Towers with Radar,0,29,75,0,104,0,2,160,0,162,0,31,235,0,266,232,0,232,498
06/14/2018,SDL,AZ,AWP,WE,Towers with Radar,0,43,67,0,110,0,0,161,0,161,0,43,228,0,271,147,0,147,418
06/15/2018,SDL,AZ,AWP,WE,Towers with Radar,0,31,95,2,128,0,3,128,0,131,0,34,223,2,259,198,0,198,457
06/16/2018,SDL,AZ,AWP,WE,Towers with Radar,0,33,47,0,80,0,0,28,1,29,0,33,75,1,109,110,0,110,219
06/17/2018,SDL,AZ,AWP,WE,Towers with Radar,0,32,70,1,103,0,0,93,3,96,0,32,163,4,199,62,0,62,261
06/18/2018,SDL,AZ,AWP,WE,Towers with Radar,0,24,79,0,103,0,1,114,0,115,0,25,193,0,218,107,0,107,325
06/19/2018,SDL,AZ,AWP,WE,Towers with Radar,0,25,80,0,105,0,4,157,0,161,0,29,237,0,266,213,0,213,479
06/20/2018,SDL,AZ,AWP,WE,Towers with Radar,0,22,72,0,94,0,8,191,0,199,0,30,263,0,293,229,0,229,522
06/21/2018,SDL,AZ,AWP,WE,Towers with Radar,0,21,59,0,80,0,4,136,0,140,0,25,195,0,220,172,0,172,392
06/22/2018,SDL,AZ,AWP,WE,Towers with Radar,0,22,65,0,87,0,2,150,0,152,0,24,215,0,239,231,0,231,470
06/23/2018,SDL,AZ,AWP,WE,Towers with Radar,0,12,46,0,58,0,1,82,0,83,0,13,128,0,141,136,0,136,277
06/24/2018,SDL,AZ,AWP,WE,Towers with Radar,0,30,57,0,87,0,1,106,0,107,0,31,163,0,194,170,0,170,364
06/25/2018,SDL,AZ,AWP,WE,Towers with Radar,0,39,83,0,122,0,13,167,0,180,0,52,250,0,302,142,0,142,444
06/26/2018,SDL,AZ,AWP,WE,Towers with Radar,0,29,59,0,88,0,4,151,1,156,0,33,210,1,244,130,0,130,374
06/27/2018,SDL,AZ,AWP,WE,Towers with Radar,0,23,88,0,111,0,2,147,0,149,0,25,235,0,260,168,0,168,428
06/28/2018,SDL,AZ,AWP,WE,Towers with Radar,0,25,98,2,125,0,6,178,0,184,0,31,276,2,309,90,0,90,399
06/29/2018,SDL,AZ,AWP,WE,Towers with Radar,0,34,85,0,119,0,4,123,0,127,0,38,208,0,246,88,0,88,334
06/30/2018,SDL,AZ,AWP,WE,Towers with Radar,0,20,45,0,65,0,0,93,0,93,0,20,138,0,158,147,0,147,305
07/01/2018,SDL,AZ,AWP,WE,Towers with Radar,0,28,73,0,101,0,0,89,0,89,0,28,162,0,190,135,0,135,325
07/02/2018,SDL,AZ,AWP,WE,Towers with Radar,0,15,53,0,68,0,6,123,0,129,0,21,176,0,197,177,0,177,374
07/03/2018,SDL,AZ,AWP,WE,Towers with Radar,0,23,54,0,77,0,1,154,0,155,0,24,208,0,232,101,0,101,333
07/04/2018,SDL,AZ,AWP,WE,Towers with Radar,0,11,19,1,31,0,0,99,0,99,0,11,118,1,130,120,0,120,250
07/05/2018,SDL,AZ,AWP,WE,Towers with Radar,0,19,56,0,75,0,11,130,0,141,0,30,186,0,216,98,0,98,314
07/06/2018,SDL,AZ,AWP,WE,Towers with Radar,0,16,38,0,54,0,4,109,0,113,0,20,147,0,167,143,0,143,310
07/07/2018,SDL,AZ,AWP,WE,Towers with Radar,0,16,41,0,57,0,0,63,0,63,0,16,104,0,120,114,0,114,234
07/08/2018,SDL,AZ,AWP,WE,Towers with Radar,0,16,63,0,79,0,2,76,0,78,0,18,139,0,157,68,0,68,225
07/09/2018,SDL,AZ,AWP,WE,Towers with Radar,0,21,77,1,99,0,7,91,1,99,0,28,168,2,198,176,0,176,374
07/10/2018,SDL,AZ,AWP,WE,Towers with Radar,0,15,76,0,91,0,7,103,0,110,0,22,179,0,201,167,0,167,368
07/11/2018,SDL,AZ,AWP,WE,Towers with Radar,0,29,61,0,90,0,5,114,0,119,0,34,175,0,209,184,0,184,393
07/12/2018,SDL,AZ,AWP,WE,Towers with Radar,0,27,75,0,102,0,4,151,0,155,0,31,226,0,257,152,0,152,409
07/13/2018,SDL,AZ,AWP,WE,Towers with Radar,0,22,70,0,92,0,5,150,0,155,0,27,220,0,247,203,0,203,450
07/14/2018,SDL,AZ,AWP,WE,Towers with Radar,0,19,50,0,69,0,0,90,0,90,0,19,140,0,159,124,0,124,283
07/15/2018,SDL,AZ,AWP,WE,Towers with Radar,0,15,82,0,97,0,0,84,0,84,0,15,166,0,181,91,0,91,272
07/16/2018,SDL,AZ,AWP,WE,Towers with Radar,0,19,72,0,91,0,1,125,0,126,0,20,197,0,217,206,0,206,423
07/17/2018,SDL,AZ,AWP,WE,Towers with Radar,0,15,67,0,82,0,3,111,0,114,0,18,178,0,196,145,0,145,341
07/18/2018,SDL,AZ,AWP,WE,Towers with Radar,0,13,117,0,130,0,6,138,0,144,0,19,255,0,274,200,0,200,474
07/19/2018,SDL,AZ,AWP,WE,Towers with Radar,0,15,86,2,103,0,1,135,0,136,0,16,221,2,239,243,0,243,482
07/20/2018,SDL,AZ,AWP,WE,Towers with Radar,0,27,94,4,125,0,2,123,2,127,0,29,217,6,252,123,0,123,375
07/21/2018,SDL,AZ,AWP,WE,Towers with Radar,0,16,40,0,56,0,1,72,3,76,0,17,112,3,132,143,0,143,275
07/22/2018,SDL,AZ,AWP,WE,Towers with Radar,0,25,86,0,111,0,1,79,0,80,0,26,165,0,191,117,0,117,308
07/23/2018,SDL,AZ,AWP,WE,Towers with Radar,0,20,63,0,83,0,2,101,0,103,0,22,164,0,186,156,0,156,342
07/24/2018,SDL,AZ,AWP,WE,Towers with Radar,0,16,64,0,80,0,10,100,0,110,0,26,164,0,190,105,0,105,295
07/25/2018,SDL,AZ,AWP,WE,Towers with Radar,0,25,88,0,113,0,3,117,0,120,0,28,205,0,233,99,0,99,332
07/26/2018,SDL,AZ,AWP,WE,Towers with Radar,0,26,93,0,119,0,3,132,2,137,0,29,225,2,256,121,0,121,377
07/27/2018,SDL,AZ,AWP,WE,Towers with Radar,0,17,67,0,84,0,3,120,0,123,0,20,187,0,207,79,0,79,286
07/28/2018,SDL,AZ,AWP,WE,Towers with Radar,0,15,56,0,71,0,3,93,0,96,0,18,149,0,167,80,0,80,247
07/29/2018,SDL,AZ,AWP,WE,Towers with Radar,0,18,66,0,84,0,3,93,0,96,0,21,159,0,180,80,0,80,260
07/30/2018,SDL,AZ,AWP,WE,Towers with Radar,0,31,61,0,92,0,2,89,0,91,0,33,150,0,183,131,0,131,314
07/31/2018,SDL,AZ,AWP,WE,Towers with Radar,0,27,66,0,93,0,10,103,0,113,0,37,169,0,206,137,0,137,343
08/01/2018,SDL,AZ,AWP,WE,Towers with Radar,0,17,75,0,92,0,5,118,0,123,0,22,193,0,215,155,0,155,370
08/02/2018,SDL,AZ,AWP,WE,Towers with Radar,0,29,81,0,110,0,4,130,1,135,0,33,211,1,245,168,0,168,413
08/03/2018,SDL,AZ,AWP,WE,Towers with Radar,0,22,90,2,114,0,2,152,0,154,0,24,242,2,268,119,0,119,387
08/04/2018,SDL,AZ,AWP,WE,Towers with Radar,0,10,49,0,59,0,3,84,0,87,0,13,133,0,146,90,0,90,236
08/05/2018,SDL,AZ,AWP,WE,Towers with Radar,0,24,65,4,93,0,2,74,0,76,0,26,139,4,169,142,0,142,311
08/06/2018,SDL,AZ,AWP,WE,Towers with Radar,0,33,75,0,108,0,6,107,0,113,0,39,182,0,221,198,0,198,419
08/07/2018,SDL,AZ,AWP,WE,Towers with Radar,0,17,72,0,89,0,5,116,0,121,0,22,188,0,210,233,0,233,443
08/08/2018,SDL,AZ,AWP,WE,Towers with Radar,0,27,96,0,123,0,3,145,0,148,0,30,241,0,271,171,0,171,442
08/09/2018,SDL,AZ,AWP,WE,Towers with Radar,0,33,70,0,103,0,0,144,0,144,0,33,214,0,247,181,0,181,428
08/10/2018,SDL,AZ,AWP,WE,Towers with Radar,0,33,90,2,125,0,2,164,4,170,0,35,254,6,295,225,20,245,540
08/11/2018,SDL,AZ,AWP,WE,Towers with Radar,0,21,52,0,73,0,0,102,0,102,0,21,154,0,175,154,0,154,329
08/12/2018,SDL,AZ,AWP,WE,Towers with Radar,0,23,62,1,86,0,5,93,1,99,0,28,155,2,185,158,0,158,343
08/13/2018,SDL,AZ,AWP,WE,Towers with Radar,0,33,70,0,103,0,12,138,2,152,0,45,208,2,255,203,0,203,458
08/14/2018,SDL,AZ,AWP,WE,Towers with Radar,0,32,76,2,110,0,6,140,1,147,0,38,216,3,257,230,0,230,487
08/15/2018,SDL,AZ,AWP,WE,Towers with Radar,0,29,106,0,135,0,2,135,0,137,0,31,241,0,272,279,0,279,551
08/16/2018,SDL,AZ,AWP,WE,Towers with Radar,0,22,91,0,113,0,4,188,0,192,0,26,279,0,305,199,2,201,506
08/17/2018,SDL,AZ,AWP,WE,Towers with Radar,0,18,78,2,98,0,4,150,0,154,0,22,228,2,252,151,0,151,403
08/18/2018,SDL,AZ,AWP,WE,Towers with Radar,0,20,41,0,61,0,2,86,0,88,0,22,127,0,149,88,0,88,237
08/19/2018,SDL,AZ,AWP,WE,Towers with Radar,0,29,71,2,102,0,2,112,0,114,0,31,183,2,216,62,0,62,278
08/20/2018,SDL,AZ,AWP,WE,Towers with Radar,0,29,75,0,104,0,3,164,1,168,0,32,239,1,272,195,0,195,467
08/21/2018,SDL,AZ,AWP,WE,Towers with Radar,0,25,82,2,109,0,1,143,4,148,0,26,225,6,257,167,0,167,424
08/22/2018,SDL,AZ,AWP,WE,Towers with Radar,0,30,73,2,105,0,2,147,0,149,0,32,220,2,254,228,0,228,482
08/23/2018,SDL,AZ,AWP,WE,Towers with Radar,0,28,90,0,118,0,2,146,1,149,0,30,236,1,267,234,0,234,501
08/24/2018,SDL,AZ,AWP,WE,Towers with Radar,0,22,72,22,116,0,1,166,4,171,0,23,238,26,287,182,0,182,469
08/25/2018,SDL,AZ,AWP,WE,Towers with Radar,0,14,63,1,78,0,0,108,0,108,0,14,171,1,186,231,0,231,417
08/26/2018,SDL,AZ,AWP,WE,Towers with Radar,0,30,86,1,117,0,0,107,0,107,0,30,193,1,224,107,0,107,331
08/27/2018,SDL,AZ,AWP,WE,Towers with Radar,0,14,91,0,105,0,2,143,0,145,0,16,234,0,250,199,0,199,449
08/28/2018,SDL,AZ,AWP,WE,Towers with Radar,0,20,84,0,104,0,3,156,0,159,0,23,240,0,263,146,0,146,409
08/29/2018,SDL,AZ,AWP,WE,Towers with Radar,0,23,80,0,103,0,4,156,4,164,0,27,236,4,267,163,0,163,430
08/30/2018,SDL,AZ,AWP,WE,Towers with Radar,0,33,119,3,155,0,0,155,1,156,0,33,274,4,311,197,0,197,508
08/31/2018,SDL,AZ,AWP,WE,Towers with Radar,0,57,101,0,158,0,5,145,0,150,0,62,246,0,308,181,0,181,489
09/01/2018,SDL,AZ,AWP,WE,Towers with Radar,0,12,36,0,48,0,0,106,1,107,0,12,142,1,155,130,0,130,285
09/02/2018,SDL,AZ,AWP,WE,Towers with Radar,0,17,35,0,52,0,2,92,0,94,0,19,127,0,146,122,0,122,268
09/03/2018,SDL,AZ,AWP,WE,Towers with Radar,0,53,104,0,157,0,2,126,1,129,0,55,230,1,286,138,0,138,424
09/04/2018,SDL,AZ,AWP,WE,Towers with Radar,0,29,77,0,106,0,5,161,0,166,0,34,238,0,272,229,0,229,501
09/05/2018,SDL,AZ,AWP,WE,Towers with Radar,0,30,90,0,120,0,4,151,0,155,0,34,241,0,275,222,0,222,497
09/06/2018,SDL,AZ,AWP,WE,Towers with Radar,0,29,80,0,109,0,5,178,0,183,0,34,258,0,292,197,0,197,489
09/07/2018,SDL,AZ,AWP,WE,Towers with Radar,0,33,76,1,110,0,6,135,1,142,0,39,211,2,252,93,0,93,345
09/08/2018,SDL,AZ,AWP,WE,Towers with Radar,0,25,60,0,85,0,3,106,3,112,0,28,166,3,197,149,0,149,346
09/09/2018,SDL,AZ,AWP,WE,Towers with Radar,0,32,90,1,123,0,2,106,3,111,0,34,196,4,234,115,0,115,349
09/10/2018,SDL,AZ,AWP,WE,Towers with Radar,0,30,80,0,110,0,2,140,0,142,0,32,220,0,252,205,0,205,457
09/11/2018,SDL,AZ,AWP,WE,Towers with Radar,1,22,90,0,113,0,5,175,0,180,1,27,265,0,293,173,0,173,466
09/12/2018,SDL,AZ,AWP,WE,Towers with Radar,0,39,83,0,122,0,4,131,0,135,0,43,214,0,257,255,0,255,512
09/13/2018,SDL,AZ,AWP,WE,Towers with Radar,0,43,108,0,151,0,5,190,0,195,0,48,298,0,346,183,0,183,529
09/14/2018,SDL,AZ,AWP,WE,Towers with Radar,0,30,98,0,128,0,6,159,0,165,0,36,257,0,293,162,0,162,455
09/15/2018,SDL,AZ,AWP,WE,Towers with Radar,0,20,68,0,88,0,1,106,2,109,0,21,174,2,197,190,0,190,387
09/16/2018,SDL,AZ,AWP,WE,Towers with Radar,0,49,88,2,139,0,0,117,0,117,0,49,205,2,256,148,0,148,404
09/17/2018,SDL,AZ,AWP,WE,Towers with Radar,0,30,67,0,97,1,4,125,0,130,1,34,192,0,227,170,0,170,397
09/18/2018,SDL,AZ,AWP,WE,Towers with Radar,0,21,83,0,104,0,1,170,0,171,0,22,253,0,275,217,0,217,492
09/19/2018,SDL,AZ,AWP,WE,Towers with Radar,0,29,69,1,99,0,8,92,1,101,0,37,161,2,200,194,0,194,394
09/20/2018,SDL,AZ,AWP,WE,Towers with Radar,0,40,91,1,132,0,3,130,1,134,0,43,221,2,266,195,0,195,461
09/21/2018,SDL,AZ,AWP,WE,Towers with Radar,1,28,98,2,129,0,8,165,3,176,1,36,263,5,305,152,0,152,457
09/22/2018,SDL,AZ,AWP,WE,Towers with Radar,0,19,73,0,92,0,1,126,2,129,0,20,199,2,221,166,0,166,387
09/23/2018,SDL,AZ,AWP,WE,Towers with Radar,0,26,98,0,124,0,5,114,0,119,0,31,212,0,243,100,0,100,343
09/24/2018,SDL,AZ,AWP,WE,Towers with Radar,0,40,96,0,136,0,1,139,0,140,0,41,235,0,276,218,0,218,494
09/25/2018,SDL,AZ,AWP,WE,Towers with Radar,0,19,120,0,139,0,5,198,0,203,0,24,318,0,342,220,0,220,562
09/26/2018,SDL,AZ,AWP,WE,Towers with Radar,0,40,100,0,140,0,2,186,0,188,0,42,286,0,328,279,0,279,607
09/27/2018,SDL,AZ,AWP,WE,Towers with Radar,0,31,98,0,129,0,1,164,0,165,0,32,262,0,294,205,0,205,499
09/28/2018,SDL,AZ,AWP,WE,Towers with Radar,0,41,102,1,144,0,3,162,2,167,0,44,264,3,311,213,0,213,524
09/29/2018,SDL,AZ,AWP,WE,Towers with Radar,0,29,66,0,95,0,0,124,0,124,0,29,190,0,219,261,0,261,480
09/30/2018,SDL,AZ,AWP,WE,Towers with Radar,0,43,83,0,126,0,2,99,0,101,0,45,182,0,227,198,0,198,425
10/01/2018,SDL,AZ,AWP,WE,Towers with Radar,0,31,88,2,121,0,3,68,0,71,0,34,156,2,192,168,0,168,360
10/02/2018,SDL,AZ,AWP,WE,Towers with Radar,0,19,77,0,96,0,0,22,0,22,0,19,99,0,118,21,0,21,139
10/03/2018,SDL,AZ,AWP,WE,Towers with Radar,0,34,69,0,103,0,1,72,0,73,0,35,141,0,176,266,0,266,442
10/04/2018,SDL,AZ,AWP,WE,Towers with Radar,0,35,114,0,149,0,3,191,1,195,0,38,305,1,344,272,0,272,616
10/05/2018,SDL,AZ,AWP,WE,Towers with Radar,0,45,134,7,186,0,2,169,1,172,0,47,303,8,358,166,0,166,524
10/06/2018,SDL,AZ,AWP,WE,Towers with Radar,0,21,67,4,92,0,2,130,2,134,0,23,197,6,226,207,4,211,437
10/07/2018,SDL,AZ,AWP,WE,Towers with Radar,0,50,92,3,145,0,0,55,6,61,0,50,147,9,206,142,0,142,348
10/08/2018,SDL,AZ,AWP,WE,Towers with Radar,0,36,99,2,137,0,0,128,0,128,0,36,227,2,265,293,0,293,558
10/09/2018,SDL,AZ,AWP,WE,Towers with Radar,0,41,93,1,135,0,1,163,0,164,0,42,256,1,299,224,0,224,523
10/10/2018,SDL,AZ,AWP,WE,Towers with Radar,0,46,99,0,145,0,2,211,0,213,0,48,310,0,358,235,0,235,593
10/11/2018,SDL,AZ,AWP,WE,Towers with Radar,0,40,110,0,150,0,0,159,0,159,0,40,269,0,309,185,0,185,494
10/12/2018,SDL,AZ,AWP,WE,Towers with Radar,0,42,123,0,165,0,2,146,3,151,0,44,269,3,316,257,0,257,573
10/13/2018,SDL,AZ,AWP,WE,Towers with Radar,0,38,59,0,97,0,0,24,0,24,0,38,83,0,121,45,0,45,166
10/14/2018,SDL,AZ,AWP,WE,Towers with Radar,0,56,131,0,187,0,2,123,3,128,0,58,254,3,315,191,0,191,506
10/15/2018,SDL,AZ,AWP,WE,Towers with Radar,0,42,91,0,133,0,3,165,3,171,0,45,256,3,304,148,0,148,452
10/16/2018,SDL,AZ,AWP,WE,Towers with Radar,1,39,103,0,143,0,3,177,13,193,1,42,280,13,336,168,0,168,504
10/17/2018,SDL,AZ,AWP,WE,Towers with Radar,0,53,111,0,164,0,2,141,2,145,0,55,252,2,309,198,0,198,507
10/18/2018,SDL,AZ,AWP,WE,Towers with Radar,0,60,124,0,184,0,2,177,0,179,0,62,301,0,363,177,0,177,540
10/19/2018,SDL,AZ,AWP,WE,Towers with Radar,0,16,32,5,53,0,1,0,7,8,0,17,32,12,61,0,0,0,61
10/20/2018,SDL,AZ,AWP,WE,Towers with Radar,0,40,65,0,105,0,1,46,1,48,0,41,111,1,153,113,0,113,266
10/21/2018,SDL,AZ,AWP,WE,Towers with Radar,0,52,139,0,191,0,0,85,2,87,0,52,224,2,278,145,0,145,423
10/22/2018,SDL,AZ,AWP,WE,Towers with Radar,0,50,93,1,144,0,0,176,0,176,0,50,269,1,320,251,0,251,571
10/23/2018,SDL,AZ,AWP,WE,Towers with Radar,0,27,104,0,131,0,0,120,1,121,0,27,224,1,252,205,0,205,457
10/24/2018,SDL,AZ,AWP,WE,Towers with Radar,0,27,129,1,157,0,0,198,0,198,0,27,327,1,355,318,0,318,673
10/25/2018,SDL,AZ,AWP,WE,Towers with Radar,1,34,103,2,140,0,1,173,0,174,1,35,276,2,314,249,0,249,563
10/26/2018,SDL,AZ,AWP,WE,Towers with Radar,0,41,122,2,165,0,2,138,2,142,0,43,260,4,307,197,0,197,504
10/27/2018,SDL,AZ,AWP,WE,Towers with Radar,0,33,64,0,97,0,2,143,0,145,0,35,207,0,242,152,0,152,394
10/28/2018,SDL,AZ,AWP,WE,Towers with Radar,0,48,112,0,160,0,3,143,0,146,0,51,255,0,306,192,0,192,498
10/29/2018,SDL,AZ,AWP,WE,Towers with Radar,0,37,112,2,151,0,4,170,0,174,0,41,282,2,325,244,0,244,569
10/30/2018,SDL,AZ,AWP,WE,Towers with Radar,0,41,102,0,143,0,0,182,2,184,0,41,284,2,327,200,0,200,527
10/31/2018,SDL,AZ,AWP,WE,Towers with Radar,0,21,85,0,106,0,9,191,0,200,0,30,276,0,306,244,0,244,550
11/01/2018,SDL,AZ,AWP,WE,Towers with Radar,0,57,123,0,180,0,2,198,0,200,0,59,321,0,380,241,0,241,621
11/02/2018,SDL,AZ,AWP,WE,Towers with Radar,0,38,117,2,157,0,1,187,2,190,0,39,304,4,347,246,0,246,593
11/03/2018,SDL,AZ,AWP,WE,Towers with Radar,0,26,59,2,87,0,4,353,7,364,0,30,412,9,451,16,0,16,467
11/04/2018,SDL,AZ,AWP,WE,Towers with Radar,0,48,112,1,161,0,0,193,3,196,0,48,305,4,357,157,0,157,514
11/05/2018,SDL,AZ,AWP,WE,Towers with Radar,0,43,91,2,136,0,4,177,4,185,0,47,268,6,321,277,0,277,598
11/06/2018,SDL,AZ,AWP,WE,Towers with Radar,0,31,92,0,123,0,2,203,0,205,0,33,295,0,328,214,0,214,542
11/07/2018,SDL,AZ,AWP,WE,Towers with Radar,0,40,133,0,173,0,1,182,0,183,0,41,315,0,356,173,0,173,529
11/08/2018,SDL,AZ,AWP,WE,Towers with Radar,0,65,148,0,213,0,1,194,0,195,0,66,342,0,408,173,0,173,581
11/09/2018,SDL,AZ,AWP,WE,Towers with Radar,0,31,110,3,144,0,3,255,1,259,0,34,365,4,403,192,0,192,595
11/10/2018,SDL,AZ,AWP,WE,Towers with Radar,0,32,70,1,103,0,2,139,1,142,0,34,209,2,245,150,0,150,395
11/11/2018,SDL,AZ,AWP,WE,Towers with Radar,0,70,104,0,174,0,2,161,0,163,0,72,265,0,337,89,0,89,426
11/12/2018,SDL,AZ,AWP,WE,Towers with Radar,0,47,105,0,152,0,3,137,0,140,0,50,242,0,292,214,0,214,506
11/13/2018,SDL,AZ,AWP,WE,Towers with Radar,0,46,119,0,165,0,1,203,0,204,0,47,322,0,369,288,0,288,657
11/14/2018,SDL,AZ,AWP,WE,Towers with Radar,1,52,131,0,184,0,0,164,0,164,1,52,295,0,348,232,0,232,580
11/15/2018,SDL,AZ,AWP,WE,Towers with Radar,0,46,150,0,196,0,0,182,1,183,0,46,332,1,379,168,0,168,547
11/16/2018,SDL,AZ,AWP,WE,Towers with Radar,0,55,141,1,197,0,1,188,2,191,0,56,329,3,388,212,0,212,600
11/17/2018,SDL,AZ,AWP,WE,Towers with Radar,0,47,91,0,138,0,1,154,0,155,0,48,245,0,293,167,0,167,460
11/18/2018,SDL,AZ,AWP,WE,Towers with Radar,0,50,97,1,148,0,1,138,0,139,0,51,235,1,287,179,0,179,466
11/19/2018,SDL,AZ,AWP,WE,Towers with Radar,0,56,96,1,153,0,2,208,0,210,0,58,304,1,363,195,0,195,558
11/20/2018,SDL,AZ,AWP,WE,Towers with Radar,0,60,123,0,183,0,1,172,0,173,0,61,295,0,356,241,0,241,597
11/21/2018,SDL,AZ,AWP,WE,Towers with Radar,0,66,132,2,200,0,4,156,0,160,0,70,288,2,360,183,0,183,543
11/22/2018,SDL,AZ,AWP,WE,Towers with Radar,0,20,29,0,49,0,0,33,0,33,0,20,62,0,82,63,0,63,145
11/23/2018,SDL,AZ,AWP,WE,Towers with Radar,0,42,62,0,104,0,0,113,0,113,0,42,175,0,217,97,0,97,314
11/24/2018,SDL,AZ,AWP,WE,Towers with Radar,0,54,77,0,131,0,2,102,0,104,0,56,179,0,235,133,0,133,368
11/25/2018,SDL,AZ,AWP,WE,Towers with Radar,0,66,165,0,231,0,5,117,0,122,0,71,282,0,353,107,0,107,460
11/26/2018,SDL,AZ,AWP,WE,Towers with Radar,0,45,116,4,165,0,0,139,0,139,0,45,255,4,304,208,34,242,546
11/27/2018,SDL,AZ,AWP,WE,Towers with Radar,0,47,132,0,179,0,4,172,0,176,0,51,304,0,355,224,0,224,579
11/28/2018,SDL,AZ,AWP,WE,Towers with Radar,0,40,125,1,166,0,7,203,0,210,0,47,328,1,376,241,0,241,617
11/29/2018,SDL,AZ,AWP,WE,Towers with Radar,0,44,120,0,164,0,0,138,0,138,0,44,258,0,302,289,0,289,591
11/30/2018,SDL,AZ,AWP,WE,Towers with Radar,0,39,123,4,166,0,1,90,3,94,0,40,213,7,260,158,0,158,418
12/01/2018,SDL,AZ,AWP,WE,Towers with Radar,0,26,78,3,107,0,0,136,8,144,0,26,214,11,251,255,1,256,507
12/02/2018,SDL,AZ,AWP,WE,Towers with Radar,0,37,114,1,152,0,1,125,1,127,0,38,239,2,279,163,0,163,442
12/03/2018,SDL,AZ,AWP,WE,Towers with Radar,0,41,105,6,152,0,2,169,0,171,0,43,274,6,323,227,0,227,550
12/04/2018,SDL,AZ,AWP,WE,Towers with Radar,0,32,108,0,140,0,1,175,0,176,0,33,283,0,316,283,0,283,599
12/05/2018,SDL,AZ,AWP,WE,Towers with Radar,0,30,105,0,135,0,0,141,4,145,0,30,246,4,280,235,4,239,519
12/06/2018,SDL,AZ,AWP,WE,Towers with Radar,0,42,78,1,121,0,2,90,0,92,0,44,168,1,213,226,0,226,439
12/07/2018,SDL,AZ,AWP,WE,Towers with Radar,0,57,113,3,173,0,2,113,2,117,0,59,226,5,290,224,0,224,514
12/08/2018,SDL,AZ,AWP,WE,Towers with Radar,0,27,73,0,100,0,0,136,2,138,0,27,209,2,238,195,0,195,433
12/09/2018,SDL,AZ,AWP,WE,Towers with Radar,0,41,109,2,152,0,7,152,1,160,0,48,261,3,312,252,0,252,564
12/10/2018,SDL,AZ,AWP,WE,Towers with Radar,0,32,116,0,148,0,4,170,2,176,0,36,286,2,324,213,0,213,537
12/11/2018,SDL,AZ,AWP,WE,Towers with Radar,0,23,112,1,136,0,2,188,1,191,0,25,300,2,327,199,0,199,526
12/12/2018,SDL,AZ,AWP,WE,Towers with Radar,0,42,120,1,163,0,0,159,2,161,0,42,279,3,324,217,0,217,541
12/13/2018,SDL,AZ,AWP,WE,Towers with Radar,0,53,117,0,170,0,1,168,0,169,0,54,285,0,339,240,0,240,579
12/14/2018,SDL,AZ,AWP,WE,Towers with Radar,0,40,121,0,161,0,2,183,3,188,0,42,304,3,349,264,0,264,613
12/15/2018,SDL,AZ,AWP,WE,Towers with Radar,0,41,78,0,119,0,0,152,6,158,0,41,230,6,277,281,0,281,558
12/16/2018,SDL,AZ,AWP,WE,Towers with Radar,0,46,97,0,143,0,0,149,3,152,0,46,246,3,295,183,0,183,478
12/17/2018,SDL,AZ,AWP,WE,Towers with Radar,0,38,89,0,127,0,2,169,0,171,0,40,258,0,298,313,0,313,611
12/18/2018,SDL,AZ,AWP,WE,Towers with Radar,0,23,95,0,118,0,2,187,2,191,0,25,282,2,309,268,0,268,577
12/19/2018,SDL,AZ,AWP,WE,Towers with Radar,0,32,111,2,145,0,2,173,5,180,0,34,284,7,325,258,0,258,583
12/20/2018,SDL,AZ,AWP,WE,Towers with Radar,0,41,95,1,137,0,11,157,1,169,0,52,252,2,306,279,0,279,585
12/21/2018,SDL,AZ,AWP,WE,Towers with Radar,0,42,111,1,154,0,5,138,0,143,0,47,249,1,297,170,0,170,467
12/22/2018,SDL,AZ,AWP,WE,Towers with Radar,0,49,84,0,133,0,0,118,0,118,0,49,202,0,251,235,0,235,486
12/23/2018,SDL,AZ,AWP,WE,Towers with Radar,0,33,87,0,120,0,3,128,0,131,0,36,215,0,251,131,0,131,382
12/24/2018,SDL,AZ,AWP,WE,Towers with Radar,1,19,23,0,43,0,4,74,0,78,1,23,97,0,121,138,0,138,259
12/25/2018,SDL,AZ,AWP,WE,Towers with Radar,0,26,18,0,44,0,0,18,0,18,0,26,36,0,62,9,0,9,71
12/26/2018,SDL,AZ,AWP,WE,Towers with Radar,0,77,115,0,192,0,2,91,0,93,0,79,206,0,285,81,0,81,366
12/27/2018,SDL,AZ,AWP,WE,Towers with Radar,0,67,125,0,192,0,2,121,1,124,0,69,246,1,316,94,0,94,410
12/28/2018,SDL,AZ,AWP,WE,Towers with Radar,0,55,111,0,166,0,0,135,0,135,0,55,246,0,301,201,0,201,502
12/29/2018,SDL,AZ,AWP,WE,Towers with Radar,0,57,104,0,161,0,1,120,0,121,0,58,224,0,282,161,0,161,443
12/30/2018,SDL,AZ,AWP,WE,Towers with Radar,0,37,76,0,113,0,0,82,0,82,0,37,158,0,195,114,0,114,309
12/31/2018,SDL,AZ,AWP,WE,Towers with Radar,0,29,54,0,83,0,0,56,0,56,0,29,110,0,139,108,0,108,247
01/01/2019,SDL,AZ,AWP,WE,Towers with Radar,0,21,83,0,104,0,3,59,0,62,0,24,142,0,166,64,0,64,230
01/02/2019,SDL,AZ,AWP,WE,Towers with Radar,0,48,130,0,178,0,3,164,0,167,0,51,294,0,345,142,0,142,487
01/03/2019,SDL,AZ,AWP,WE,Towers with Radar,0,40,111,2,153,0,0,152,0,152,0,40,263,2,305,149,0,149,454
01/04/2019,SDL,AZ,AWP,WE,Towers with Radar,0,58,86,4,148,0,1,195,5,201,0,59,281,9,349,252,0,252,601
01/05/2019,SDL,AZ,AWP,WE,Towers with Radar,1,51,96,2,150,0,1,108,6,115,1,52,204,8,265,240,0,240,505
01/06/2019,SDL,AZ,AWP,WE,Towers with Radar,0,51,89,5,145,0,0,12,0,12,0,51,101,5,157,96,0,96,253
01/07/2019,SDL,AZ,AWP,WE,Towers with Radar,0,49,102,1,152,0,3,170,0,173,0,52,272,1,325,216,0,216,541
01/08/2019,SDL,AZ,AWP,WE,Towers with Radar,0,34,96,0,130,0,3,171,0,174,0,37,267,0,304,276,0,276,580
01/09/2019,SDL,AZ,AWP,WE,Towers with Radar,0,37,86,2,125,0,0,118,0,118,0,37,204,2,243,288,0,288,531
01/10/2019,SDL,AZ,AWP,WE,Towers with Radar,0,48,110,0,158,0,3,137,0,140,0,51,247,0,298,277,0,277,575
01/11/2019,SDL,AZ,AWP,WE,Towers with Radar,0,36,136,0,172,0,1,158,1,160,0,37,294,1,332,292,0,292,624
01/12/2019,SDL,AZ,AWP,WE,Towers with Radar,0,28,69,1,98,0,0,101,0,101,0,28,170,1,199,262,0,262,461
01/13/2019,SDL,AZ,AWP,WE,Towers with Radar,0,50,115,1,166,0,2,80,1,83,0,52,195,2,249,209,0,209,458
01/14/2019,SDL,AZ,AWP,WE,Towers with Radar,0,28,99,2,129,0,0,131,0,131,0,28,230,2,260,306,0,306,566
01/15/2019,SDL,AZ,AWP,WE,Towers with Radar,0,40,110,0,150,0,4,109,1,114,0,44,219,1,264,266,0,266,530
01/16/2019,SDL,AZ,AWP,WE,Towers with Radar,0,53,141,0,194,0,1,116,0,117,0,54,257,0,311,271,0,271,582
01/17/2019,SDL,AZ,AWP,WE,Towers with Radar,0,62,147,2,211,0,6,186,0,192,0,68,333,2,403,241,0,241,644
01/18/2019,SDL,AZ,AWP,WE,Towers with Radar,0,69,164,0,233,0,0,208,0,208,0,69,372,0,441,101,0,101,542
01/19/2019,SDL,AZ,AWP,WE,Towers with Radar,0,45,119,0,164,0,5,152,0,157,0,50,271,0,321,146,0,146,467
01/20/2019,SDL,AZ,AWP,WE,Towers with Radar,0,58,145,0,203,0,2,128,0,130,0,60,273,0,333,128,0,128,461
01/21/2019,SDL,AZ,AWP,WE,Towers with Radar,0,85,125,0,210,0,3,157,0,160,0,88,282,0,370,90,0,90,460
01/22/2019,SDL,AZ,AWP,WE,Towers with Radar,0,29,85,0,114,0,6,194,3,203,0,35,279,3,317,322,0,322,639
01/23/2019,SDL,AZ,AWP,WE,Towers with Radar,0,48,117,2,167,0,1,206,0,207,0,49,323,2,374,278,0,278,652
01/24/2019,SDL,AZ,AWP,WE,Towers with Radar,0,46,90,0,136,0,0,221,0,221,0,46,311,0,357,221,0,221,578
01/25/2019,SDL,AZ,AWP,WE,Towers with Radar,0,54,100,0,154,0,0,254,3,257,0,54,354,3,411,231,0,231,642
01/26/2019,SDL,AZ,AWP,WE,Towers with Radar,0,40,113,0,153,0,0,131,4,135,0,40,244,4,288,253,0,253,541
01/27/2019,SDL,AZ,AWP,WE,Towers with Radar,0,66,128,0,194,0,4,144,0,148,0,70,272,0,342,163,0,163,505
01/28/2019,SDL,AZ,AWP,WE,Towers with Radar,0,51,117,0,168,0,4,192,0,196,0,55,309,0,364,233,0,233,597
01/29/2019,SDL,AZ,AWP,WE,Towers with Radar,0,43,119,2,164,0,0,157,0,157,0,43,276,2,321,182,0,182,503
01/30/2019,SDL,AZ,AWP,WE,Towers with Radar,0,52,160,0,212,0,8,203,1,212,0,60,363,1,424,130,0,130,554
01/31/2019,SDL,AZ,AWP,WE,Towers with Radar,0,70,174,0,244,0,2,217,0,219,0,72,391,0,463,98,0,98,561
02/01/2019,SDL,AZ,AWP,WE,Towers with Radar,0,67,183,2,252,0,1,184,3,188,0,68,367,5,440,56,0,56,496
02/02/2019,SDL,AZ,AWP,WE,Towers with Radar,0,51,109,0,160,0,0,123,6,129,0,51,232,6,289,147,0,147,436
02/03/2019,SDL,AZ,AWP,WE,Towers with Radar,0,60,129,5,194,0,0,9,0,9,0,60,138,5,203,0,0,0,203
02/04/2019,SDL,AZ,AWP,WE,Towers with Radar,0,72,144,0,216,0,6,107,0,113,0,78,251,0,329,227,0,227,556
02/05/2019,SDL,AZ,AWP,WE,Towers with Radar,0,26,89,0,115,0,0,70,0,70,0,26,159,0,185,218,0,218,403
02/06/2019,SDL,AZ,AWP,WE,Towers with Radar,0,48,109,0,157,0,0,162,0,162,0,48,271,0,319,231,0,231,550
02/07/2019,SDL,AZ,AWP,WE,Towers with Radar,0,53,112,0,165,0,1,196,0,197,0,54,308,0,362,292,0,292,654
02/08/2019,SDL,AZ,AWP,WE,Towers with Radar,0,53,128,2,183,0,3,206,4,213,0,56,334,6,396,235,0,235,631
02/09/2019,SDL,AZ,AWP,WE,Towers with Radar,0,44,81,4,129,0,0,148,0,148,0,44,229,4,277,185,0,185,462
02/10/2019,SDL,AZ,AWP,WE,Towers with Radar,0,63,112,5,180,0,0,158,2,160,0,63,270,7,340,145,0,145,485
02/11/2019,SDL,AZ,AWP,WE,Towers with Radar,0,43,106,1,150,0,5,184,3,192,0,48,290,4,342,282,0,282,624
02/12/2019,SDL,AZ,AWP,WE,Towers with Radar,0,43,111,4,158,0,4,242,0,246,0,47,353,4,404,237,0,237,641
02/13/2019,SDL,AZ,AWP,WE,Towers with Radar,0,64,133,1,198,0,5,253,0,258,0,69,386,1,456,179,0,179,635
02/14/2019,SDL,AZ,AWP,WE,Towers with Radar,0,53,129,0,182,0,0,77,0,77,0,53,206,0,259,202,0,202,461
02/15/2019,SDL,AZ,AWP,WE,Towers with Radar,0,45,134,5,184,0,0,181,0,181,0,45,315,5,365,246,0,246,611
02/16/2019,SDL,AZ,AWP,WE,Towers with Radar,0,49,85,0,134,0,2,127,0,129,0,51,212,0,263,146,0,146,409
02/17/2019,SDL,AZ,AWP,WE,Towers with Radar,0,52,133,2,187,0,2,118,0,120,0,54,251,2,307,171,0,171,478
02/18/2019,SDL,AZ,AWP,WE,Towers with Radar,0,59,150,0,209,0,3,98,0,101,0,62,248,0,310,271,0,271,581
02/19/2019,SDL,AZ,AWP,WE,Towers with Radar,0,43,126,0,169,0,3,218,0,221,0,46,344,0,390,151,0,151,541
02/20/2019,SDL,AZ,AWP,WE,Towers with Radar,0,51,139,3,193,0,1,190,0,191,0,52,329,3,384,211,0,211,595
02/21/2019,SDL,AZ,AWP,WE,Towers with Radar,0,44,104,1,149,0,0,22,0,22,0,44,126,1,171,0,0,0,171
02/22/2019,SDL,AZ,AWP,WE,Towers with Radar,0,44,110,0,154,0,0,20,3,23,0,44,130,3,177,40,0,40,217
02/23/2019,SDL,AZ,AWP,WE,Towers with Radar,0,45,110,0,155,0,0,203,2,205,0,45,313,2,360,201,0,201,561
02/24/2019,SDL,AZ,AWP,WE,Towers with Radar,0,48,131,0,179,0,17,184,2,203,0,65,315,2,382,192,0,192,574
02/25/2019,SDL,AZ,AWP,WE,Towers with Radar,0,43,96,0,139,0,2,194,5,201,0,45,290,5,340,257,0,257,597
02/26/2019,SDL,AZ,AWP,WE,Towers with Radar,0,40,113,1,154,0,3,245,1,249,0,43,358,2,403,195,0,195,598
02/27/2019,SDL,AZ,AWP,WE,Towers with Radar,0,45,122,3,170,0,3,245,5,253,0,48,367,8,423,255,0,255,678
02/28/2019,SDL,AZ,AWP,WE,Towers with Radar,0,61,146,0,207,0,0,267,0,267,0,61,413,0,474,194,0,194,668
03/01/2019,SDL,AZ,AWP,WE,Towers with Radar,0,67,130,2,199,0,6,204,0,210,0,73,334,2,409,154,0,154,563
03/02/2019,SDL,AZ,AWP,WE,Towers with Radar,0,34,98,0,132,0,1,110,0,111,0,35,208,0,243,208,0,208,451
03/03/2019,SDL,AZ,AWP,WE,Towers with Radar,0,59,154,1,214,0,1,130,0,131,0,60,284,1,345,145,0,145,490
03/04/2019,SDL,AZ,AWP,WE,Towers with Radar,0,55,145,2,202,0,3,217,0,220,0,58,362,2,422,232,0,232,654
03/05/2019,SDL,AZ,AWP,WE,Towers with Radar,0,71,127,1,199,0,0,195,2,197,0,71,322,3,396,179,0,179,575
03/06/2019,SDL,AZ,AWP,WE,Towers with Radar,0,40,112,2,154,0,1,164,1,166,0,41,276,3,320,249,0,249,569
03/07/2019,SDL,AZ,AWP,WE,Towers with Radar,0,53,131,0,184,0,6,184,0,190,0,59,315,0,374,313,0,313,687
03/08/2019,SDL,AZ,AWP,WE,Towers with Radar,0,57,127,9,193,0,0,135,0,135,0,57,262,9,328,205,0,205,533
03/09/2019,SDL,AZ,AWP,WE,Towers with Radar,0,41,111,3,155,0,3,170,1,174,0,44,281,4,329,138,0,138,467
03/10/2019,SDL,AZ,AWP,WE,Towers with Radar,0,74,141,7,222,0,0,147,0,147,0,74,288,7,369,120,0,120,489
03/11/2019,SDL,AZ,AWP,WE,Towers with Radar,0,50,126,1,177,0,3,175,0,178,0,53,301,1,355,277,0,277,632
03/12/2019,SDL,AZ,AWP,WE,Towers with Radar,0,33,98,0,131,0,0,54,0,54,0,33,152,0,185,213,0,213,398
03/13/2019,SDL,AZ,AWP,WE,Towers with Radar,0,45,93,4,142,0,1,73,7,81,0,46,166,11,223,98,0,98,321
03/14/2019,SDL,AZ,AWP,WE,Towers with Radar,0,68,145,4,217,0,0,221,8,229,0,68,366,12,446,175,0,175,621
03/15/2019,SDL,AZ,AWP,WE,Towers with Radar,0,104,140,7,251,0,2,138,0,140,0,106,278,7,391,101,0,101,492
03/16/2019,SDL,AZ,AWP,WE,Towers with Radar,0,64,91,2,157,0,4,167,0,171,0,68,258,2,328,128,0,128,456
03/17/2019,SDL,AZ,AWP,WE,Towers with Radar,0,72,152,5,229,0,3,152,0,155,0,75,304,5,384,93,0,93,477
03/18/2019,SDL,AZ,AWP,WE,Towers with Radar,0,60,114,1,175,0,0,190,0,190,0,60,304,1,365,258,0,258,623
03/19/2019,SDL,AZ,AWP,WE,Towers with Radar,0,62,114,2,178,0,0,212,0,212,0,62,326,2,390,185,0,185,575
03/20/2019,SDL,AZ,AWP,WE,Towers with Radar,1,73,131,0,205,0,1,178,1,180,1,74,309,1,385,157,1,158,543
03/21/2019,SDL,AZ,AWP,WE,Towers with Radar,0,65,129,0,194,0,2,144,0,146,0,67,273,0,340,216,0,216,556
03/22/2019,SDL,AZ,AWP,WE,Towers with Radar,0,59,146,6,211,0,1,205,3,209,0,60,351,9,420,260,0,260,680
03/23/2019,SDL,AZ,AWP,WE,Towers with Radar,0,83,156,2,241,0,1,197,0,198,0,84,353,2,439,107,0,107,546
03/24/2019,SDL,AZ,AWP,WE,Towers with Radar,0,75,170,1,246,0,0,173,1,174,0,75,343,2,420,122,0,122,542
03/25/2019,SDL,AZ,AWP,WE,Towers with Radar,0,54,103,0,157,0,3,208,0,211,0,57,311,0,368,287,0,287,655
03/26/2019,SDL,AZ,AWP,WE,Towers with Radar,0,42,83,2,127,0,1,169,0,170,0,43,252,2,297,313,0,313,610
03/27/2019,SDL,AZ,AWP,WE,Towers with Radar,0,41,111,0,152,0,1,188,0,189,0,42,299,0,341,318,0,318,659
03/28/2019,SDL,AZ,AWP,WE,Towers with Radar,0,82,149,2,233,0,2,229,4,235,0,84,378,6,468,180,0,180,648
03/29/2019,SDL,AZ,AWP,WE,Towers with Radar,1,57,124,5,187,0,0,190,4,194,1,57,314,9,381,231,0,231,612
03/30/2019,SDL,AZ,AWP,WE,Towers with Radar,0,62,100,0,162,0,0,171,2,173,0,62,271,2,335,160,0,160,495
03/31/2019,SDL,AZ,AWP,WE,Towers with Radar,0,65,128,1,194,0,0,161,0,161,0,65,289,1,355,157,0,157,512
04/01/2019,SDL,AZ,AWP,WE,Towers with Radar,0,64,81,2,147,0,0,169,0,169,0,64,250,2,316,270,0,270,586
04/02/2019,SDL,AZ,AWP,WE,Towers with Radar,0,38,75,0,113,0,0,165,0,165,0,38,240,0,278,219,0,219,497
04/03/2019,SDL,AZ,AWP,WE,Towers with Radar,1,50,114,0,165,0,3,240,0,243,1,53,354,0,408,251,0,251,659
04/04/2019,SDL,AZ,AWP,WE,Towers with Radar,0,40,103,0,143,0,4,212,0,216,0,44,315,0,359,280,0,280,639
04/05/2019,SDL,AZ,AWP,WE,Towers with Radar,0,50,114,1,165,0,0,219,1,220,0,50,333,2,385,286,0,286,671
04/06/2019,SDL,AZ,AWP,WE,Towers with Radar,0,42,76,2,120,0,0,133,3,136,0,42,209,5,256,191,0,191,447
04/07/2019,SDL,AZ,AWP,WE,Towers with Radar,1,60,125,0,186,0,4,161,1,166,1,64,286,1,352,121,0,121,473
04/08/2019,SDL,AZ,AWP,WE,Towers with Radar,0,39,115,0,154,0,0,230,0,230,0,39,345,0,384,229,0,229,613
04/09/2019,SDL,AZ,AWP,WE,Towers with Radar,0,37,90,0,127,0,2,155,0,157,0,39,245,0,284,260,0,260,544
04/10/2019,SDL,AZ,AWP,WE,Towers with Radar,0,43,81,4,128,0,0,62,3,65,0,43,143,7,193,30,0,30,223
04/11/2019,SDL,AZ,AWP,WE,Towers with Radar,0,39,108,0,147,0,0,236,0,236,0,39,344,0,383,183,0,183,566
04/12/2019,SDL,AZ,AWP,WE,Towers with Radar,0,60,130,0,190,0,0,181,3,184,0,60,311,3,374,160,0,160,534
04/13/2019,SDL,AZ,AWP,WE,Towers with Radar,0,33,86,0,119,0,0,146,6,152,0,33,232,6,271,224,0,224,495
04/14/2019,SDL,AZ,AWP,WE,Towers with Radar,1,46,122,0,169,0,14,148,2,164,1,60,270,2,333,186,0,186,519
04/15/2019,SDL,AZ,AWP,WE,Towers with Radar,0,36,142,1,179,0,0,202,0,202,0,36,344,1,381,292,0,292,673
04/16/2019,SDL,AZ,AWP,WE,Towers with Radar,0,46,90,0,136,0,0,124,0,124,0,46,214,0,260,220,0,220,480
04/17/2019,SDL,AZ,AWP,WE,Towers with Radar,0,64,140,0,204,0,1,180,0,181,0,65,320,0,385,316,0,316,701
04/18/2019,SDL,AZ,AWP,WE,Towers with Radar,0,72,134,0,206,0,1,192,0,193,0,73,326,0,399,260,0,260,659
04/19/2019,SDL,AZ,AWP,WE,Towers with Radar,0,34,115,3,152,0,15,183,6,204,0,49,298,9,356,232,2,234,590
04/20/2019,SDL,AZ,AWP,WE,Towers with Radar,0,49,73,0,122,0,0,121,0,121,0,49,194,0,243,259,0,259,502
04/21/2019,SDL,AZ,AWP,WE,Towers with Radar,0,55,92,2,149,0,1,93,1,95,0,56,185,3,244,244,0,244,488
04/22/2019,SDL,AZ,AWP,WE,Towers with Radar,0,84,125,1,210,0,0,162,0,162,0,84,287,1,372,250,0,250,622
04/23/2019,SDL,AZ,AWP,WE,Towers with Radar,0,63,79,0,142,0,0,154,0,154,0,63,233,0,296,269,0,269,565
04/24/2019,SDL,AZ,AWP,WE,Towers with Radar,0,66,113,0,179,0,6,202,0,208,0,72,315,0,387,251,0,251,638
04/25/2019,SDL,AZ,AWP,WE,Towers with Radar,0,44,129,4,177,0,1,225,0,226,0,45,354,4,403,218,0,218,621
04/26/2019,SDL,AZ,AWP,WE,Towers with Radar,0,35,135,2,172,0,0,191,3,194,0,35,326,5,366,172,0,172,538
04/27/2019,SDL,AZ,AWP,WE,Towers with Radar,0,54,79,2,135,0,2,145,1,148,0,56,224,3,283,181,0,181,464
04/28/2019,SDL,AZ,AWP,WE,Towers with Radar,0,63,143,1,207,0,0,148,1,149,0,63,291,2,356,189,0,189,545
04/29/2019,SDL,AZ,AWP,WE,Towers with Radar,0,62,88,0,150,0,0,85,1,86,0,62,173,1,236,134,0,134,370
04/30/2019,SDL,AZ,AWP,WE,Towers with Radar,0,34,113,2,149,0,1,175,0,176,0,35,288,2,325,315,0,315,640
05/01/2019,SDL,AZ,AWP,WE,Towers with Radar,0,55,111,0,166,0,1,176,0,177,0,56,287,0,343,164,0,164,507
05/02/2019,SDL,AZ,AWP,WE,Towers with Radar,0,61,106,0,167,0,2,197,0,199,0,63,303,0,366,191,0,191,557
05/03/2019,SDL,AZ,AWP,WE,Towers with Radar,0,44,114,4,162,0,1,171,5,177,0,45,285,9,339,200,4,204,543
05/04/2019,SDL,AZ,AWP,WE,Towers with Radar,0,34,81,2,117,0,0,182,0,182,0,34,263,2,299,244,0,244,543
05/05/2019,SDL,AZ,AWP,WE,Towers with Radar,0,64,130,3,197,0,2,125,1,128,0,66,255,4,325,97,0,97,422
05/06/2019,SDL,AZ,AWP,WE,Towers with Radar,0,48,99,2,149,0,0,159,1,160,0,48,258,3,309,192,0,192,501
05/07/2019,SDL,AZ,AWP,WE,Towers with Radar,0,60,123,0,183,0,3,137,0,140,0,63,260,0,323,267,0,267,590
05/08/2019,SDL,AZ,AWP,WE,Towers with Radar,0,65,123,0,188,0,1,146,0,147,0,66,269,0,335,242,0,242,577
05/09/2019,SDL,AZ,AWP,WE,Towers with Radar,0,47,131,0,178,0,2,178,0,180,0,49,309,0,358,373,0,373,731
05/10/2019,SDL,AZ,AWP,WE,Towers with Radar,0,45,89,4,138,0,0,214,0,214,0,45,303,4,352,280,0,280,632
05/11/2019,SDL,AZ,AWP,WE,Towers with Radar,0,43,88,2,133,0,0,147,0,147,0,43,235,2,280,216,0,216,496
05/12/2019,SDL,AZ,AWP,WE,Towers with Radar,0,40,86,3,129,0,0,89,0,89,0,40,175,3,218,123,0,123,341
05/13/2019,SDL,AZ,AWP,WE,Towers with Radar,0,36,110,2,148,0,1,174,0,175,0,37,284,2,323,182,0,182,505
05/14/2019,SDL,AZ,AWP,WE,Towers with Radar,0,26,97,0,123,0,2,246,0,248,0,28,343,0,371,364,0,364,735
05/15/2019,SDL,AZ,AWP,WE,Towers with Radar,0,36,109,0,145,0,1,188,0,189,0,37,297,0,334,366,0,366,700
05/16/2019,SDL,AZ,AWP,WE,Towers with Radar,0,42,90,2,134,0,0,138,0,138,0,42,228,2,272,109,0,109,381
05/17/2019,SDL,AZ,AWP,WE,Towers with Radar,0,50,100,2,152,0,0,179,4,183,0,50,279,6,335,264,0,264,599
05/18/2019,SDL,AZ,AWP,WE,Towers with Radar,0,34,70,0,104,0,0,141,1,142,0,34,211,1,246,226,0,226,472
05/19/2019,SDL,AZ,AWP,WE,Towers with Radar,0,47,100,1,148,0,2,147,3,152,0,49,247,4,300,206,0,206,506
05/20/2019,SDL,AZ,AWP,WE,Towers with Radar,0,23,77,0,100,0,0,118,0,118,0,23,195,0,218,126,0,126,344
05/21/2019,SDL,AZ,AWP,WE,Towers with Radar,0,31,65,0,96,0,0,125,2,127,0,31,190,2,223,321,0,321,544
05/22/2019,SDL,AZ,AWP,WE,Towers with Radar,0,34,109,0,143,0,0,183,1,184,0,34,292,1,327,337,0,337,664
05/23/2019,SDL,AZ,AWP,WE,Towers with Radar,0,38,138,0,176,0,1,158,0,159,0,39,296,0,335,317,0,317,652
05/24/2019,SDL,AZ,AWP,WE,Towers with Radar,0,46,117,0,163,0,2,179,0,181,0,48,296,0,344,292,0,292,636
05/25/2019,SDL,AZ,AWP,WE,Towers with Radar,0,25,84,1,110,0,0,169,1,170,0,25,253,2,280,167,0,167,447
05/26/2019,SDL,AZ,AWP,WE,Towers with Radar,0,31,48,0,79,0,0,103,0,103,0,31,151,0,182,120,0,120,302
05/27/2019,SDL,AZ,AWP,WE,Towers with Radar,0,41,116,1,158,0,4,137,0,141,0,45,253,1,299,191,0,191,490
05/28/2019,SDL,AZ,AWP,WE,Towers with Radar,0,34,91,0,125,0,0,152,0,152,0,34,243,0,277,359,0,359,636
05/29/2019,SDL,AZ,AWP,WE,Towers with Radar,0,24,100,0,124,0,0,190,0,190,0,24,290,0,314,192,0,192,506
05/30/2019,SDL,AZ,AWP,WE,Towers with Radar,0,35,86,0,121,0,1,190,0,191,0,36,276,0,312,274,0,274,586
05/31/2019,SDL,AZ,AWP,WE,Towers with Radar,1,47,96,0,144,0,2,166,0,168,1,49,262,0,312,193,0,193,505
06/01/2019,SDL,AZ,AWP,WE,Towers with Radar,0,37,63,1,101,0,0,132,0,132,0,37,195,1,233,180,0,180,413
06/02/2019,SDL,AZ,AWP,WE,Towers with Radar,0,38,76,1,115,0,0,118,0,118,0,38,194,1,233,121,0,121,354
06/03/2019,SDL,AZ,AWP,WE,Towers with Radar,0,29,92,0,121,0,0,166,2,168,0,29,258,2,289,244,0,244,533
06/04/2019,SDL,AZ,AWP,WE,Towers with Radar,0,27,72,1,100,0,4,158,1,163,0,31,230,2,263,327,0,327,590
06/05/2019,SDL,AZ,AWP,WE,Towers with Radar,0,37,69,2,108,0,0,157,1,158,0,37,226,3,266,267,0,267,533
06/06/2019,SDL,AZ,AWP,WE,Towers with Radar,0,31,91,0,122,0,1,190,1,192,0,32,281,1,314,199,0,199,513
06/07/2019,SDL,AZ,AWP,WE,Towers with Radar,0,40,84,0,124,0,0,178,2,180,0,40,262,2,304,198,0,198,502
06/08/2019,SDL,AZ,AWP,WE,Towers with Radar,0,16,60,0,76,0,4,133,0,137,0,20,193,0,213,130,0,130,343
06/09/2019,SDL,AZ,AWP,WE,Towers with Radar,0,33,89,0,122,0,3,139,0,142,0,36,228,0,264,160,0,160,424
06/10/2019,SDL,AZ,AWP,WE,Towers with Radar,0,42,87,0,129,0,1,143,0,144,0,43,230,0,273,194,0,194,467
06/11/2019,SDL,AZ,AWP,WE,Towers with Radar,0,45,99,0,144,0,0,151,0,151,0,45,250,0,295,278,0,278,573
06/12/2019,SDL,AZ,AWP,WE,Towers with Radar,0,32,84,0,116,0,0,148,0,148,0,32,232,0,264,180,0,180,444
06/13/2019,SDL,AZ,AWP,WE,Towers with Radar,0,44,111,0,155,0,0,178,0,178,0,44,289,0,333,226,0,226,559
06/14/2019,SDL,AZ,AWP,WE,Towers with Radar,0,35,93,2,130,0,0,159,0,159,0,35,252,2,289,193,0,193,482
06/15/2019,SDL,AZ,AWP,WE,Towers with Radar,0,33,67,0,100,0,0,173,0,173,0,33,240,0,273,161,0,161,434
06/16/2019,SDL,AZ,AWP,WE,Towers with Radar,0,27,91,3,121,0,6,119,0,125,0,33,210,3,246,153,0,153,399
06/17/2019,SDL,AZ,AWP,WE,Towers with Radar,0,33,102,0,135,0,0,166,0,166,0,33,268,0,301,268,0,268,569
06/18/2019,SDL,AZ,AWP,WE,Towers with Radar,0,29,89,0,118,0,3,182,2,187,0,32,271,2,305,275,0,275,580
06/19/2019,SDL,AZ,AWP,WE,Towers with Radar,0,28,86,1,115,0,8,173,1,182,0,36,259,2,297,295,0,295,592
06/20/2019,SDL,AZ,AWP,WE,Towers with Radar,0,30,100,1,131,0,5,192,1,198,0,35,292,2,329,282,0,282,611
06/21/2019,SDL,AZ,AWP,WE,Towers with Radar,0,27,91,0,118,0,3,164,2,169,0,30,255,2,287,262,0,262,549
06/22/2019,SDL,AZ,AWP,WE,Towers with Radar,0,13,49,6,68,0,0,102,2,104,0,13,151,8,172,188,0,188,360
06/23/2019,SDL,AZ,AWP,WE,Towers with Radar,0,21,88,1,110,0,5,86,1,92,0,26,174,2,202,189,0,189,391
06/24/2019,SDL,AZ,AWP,WE,Towers with Radar,0,30,91,0,121,0,3,167,0,170,0,33,258,0,291,286,0,286,577
06/25/2019,SDL,AZ,AWP,WE,Towers with Radar,0,19,104,0,123,0,3,140,0,143,0,22,244,0,266,287,0,287,553
06/26/2019,SDL,AZ,AWP,WE,Towers with Radar,0,35,89,0,124,0,1,147,1,149,0,36,236,1,273,247,0,247,520
06/27/2019,SDL,AZ,AWP,WE,Towers with Radar,0,37,100,3,140,0,10,169,1,180,0,47,269,4,320,189,0,189,509
06/28/2019,SDL,AZ,AWP,WE,Towers with Radar,0,28,97,2,127,0,3,127,0,130,0,31,224,2,257,162,0,162,419
06/29/2019,SDL,AZ,AWP,WE,Towers with Radar,0,27,68,1,96,0,9,127,0,136,0,36,195,1,232,109,0,109,341
06/30/2019,SDL,AZ,AWP,WE,Towers with Radar,0,31,63,0,94,0,9,90,0,99,0,40,153,0,193,138,0,138,331
07/01/2019,SDL,AZ,AWP,WE,Towers with Radar,0,13,65,0,78,0,3,131,0,134,0,16,196,0,212,179,0,179,391
07/02/2019,SDL,AZ,AWP,WE,Towers with Radar,0,25,60,0,85,0,0,119,0,119,0,25,179,0,204,170,0,170,374
07/03/2019,SDL,AZ,AWP,WE,Towers with Radar,0,23,63,0,86,0,3,169,0,172,0,26,232,0,258,172,0,172,430
07/04/2019,SDL,AZ,AWP,WE,Towers with Radar,0,11,22,0,33,0,4,77,0,81,0,15,99,0,114,197,0,197,311
07/05/2019,SDL,AZ,AWP,WE,Towers with Radar,0,21,30,0,51,0,2,111,0,113,0,23,141,0,164,98,0,98,262
07/06/2019,SDL,AZ,AWP,WE,Towers with Radar,0,28,38,0,66,0,4,114,0,118,0,32,152,0,184,113,0,113,297
07/07/2019,SDL,AZ,AWP,WE,Towers with Radar,0,27,78,0,105,0,5,109,0,114,0,32,187,0,219,110,0,110,329
07/08/2019,SDL,AZ,AWP,WE,Towers with Radar,0,45,74,0,119,0,1,126,0,127,0,46,200,0,246,165,0,165,411
07/09/2019,SDL,AZ,AWP,WE,Towers with Radar,0,16,62,0,78,0,4,99,0,103,0,20,161,0,181,263,0,263,444
07/10/2019,SDL,AZ,AWP,WE,Towers with Radar,0,29,63,0,92,0,0,140,0,140,0,29,203,0,232,201,0,201,433
07/11/2019,SDL,AZ,AWP,WE,Towers with Radar,0,39,53,0,92,0,4,153,3,160,0,43,206,3,252,185,8,193,445
07/12/2019,SDL,AZ,AWP,WE,Towers with Radar,0,34,79,0,113,0,1,148,0,149,0,35,227,0,262,277,0,277,539
07/13/2019,SDL,AZ,AWP,WE,Towers with Radar,0,23,49,0,72,0,3,132,0,135,0,26,181,0,207,181,0,181,388
07/14/2019,SDL,AZ,AWP,WE,Towers with Radar,0,22,67,1,90,0,1,93,4,98,0,23,160,5,188,127,0,127,315
07/15/2019,SDL,AZ,AWP,WE,Towers with Radar,0,25,77,0,102,0,1,145,0,146,0,26,222,0,248,230,0,230,478
07/16/2019,SDL,AZ,AWP,WE,Towers with Radar,0,18,50,0,68,0,1,121,0,122,0,19,171,0,190,234,0,234,424
07/17/2019,SDL,AZ,AWP,WE,Towers with Radar,0,24,61,2,87,0,0,144,0,144,0,24,205,2,231,312,0,312,543
07/18/2019,SDL,AZ,AWP,WE,Towers with Radar,0,32,75,0,107,0,11,180,0,191,0,43,255,0,298,220,0,220,518
07/19/2019,SDL,AZ,AWP,WE,Towers with Radar,0,34,56,0,90,0,0,142,0,142,0,34,198,0,232,184,0,184,416
07/20/2019,SDL,AZ,AWP,WE,Towers with Radar,0,18,45,0,63,0,2,89,0,91,0,20,134,0,154,165,0,165,319
07/21/2019,SDL,AZ,AWP,WE,Towers with Radar,0,17,62,0,79,0,0,138,0,138,0,17,200,0,217,147,0,147,364
07/22/2019,SDL,AZ,AWP,WE,Towers with Radar,0,31,58,0,89,0,0,125,0,125,0,31,183,0,214,254,0,254,468
07/23/2019,SDL,AZ,AWP,WE,Towers with Radar,0,25,59,2,86,0,0,124,1,125,0,25,183,3,211,360,0,360,571
07/24/2019,SDL,AZ,AWP,WE,Towers with Radar,0,24,57,0,81,0,1,96,0,97,0,25,153,0,178,334,0,334,512
07/25/2019,SDL,AZ,AWP,WE,Towers with Radar,0,23,50,0,73,0,1,148,8,157,0,24,198,8,230,359,0,359,589
07/26/2019,SDL,AZ,AWP,WE,Towers with Radar,0,27,61,0,88,0,0,163,0,163,0,27,224,0,251,209,0,209,460
07/27/2019,SDL,AZ,AWP,WE,Towers with Radar,0,12,29,0,41,0,0,105,0,105,0,12,134,0,146,191,0,191,337
07/28/2019,SDL,AZ,AWP,WE,Towers with Radar,0,31,75,0,106,0,1,125,0,126,0,32,200,0,232,251,0,251,483
07/29/2019,SDL,AZ,AWP,WE,Towers with Radar,0,31,52,0,83,1,4,111,0,116,1,35,163,0,199,287,0,287,486
07/30/2019,SDL,AZ,AWP,WE,Towers with Radar,0,25,58,0,83,0,2,95,0,97,0,27,153,0,180,297,0,297,477
07/31/2019,SDL,AZ,AWP,WE,Towers with Radar,0,23,54,0,77,0,2,122,0,124,0,25,176,0,201,351,0,351,552
08/01/2019,SDL,AZ,AWP,WE,Towers with Radar,0,24,64,0,88,0,1,175,2,178,0,25,239,2,266,221,0,221,487
08/02/2019,SDL,AZ,AWP,WE,Towers with Radar,0,32,72,4,108,0,3,173,0,176,0,35,245,4,284,161,0,161,445
08/03/2019,SDL,AZ,AWP,WE,Towers with Radar,0,22,47,0,69,0,4,119,0,123,0,26,166,0,192,128,0,128,320
08/04/2019,SDL,AZ,AWP,WE,Towers with Radar,0,34,72,0,106,0,1,111,0,112,0,35,183,0,218,94,0,94,312
08/05/2019,SDL,AZ,AWP,WE,Towers with Radar,0,35,57,1,93,0,1,117,0,118,0,36,174,1,211,174,0,174,385
08/06/2019,SDL,AZ,AWP,WE,Towers with Radar,0,31,60,2,93,0,1,135,0,136,0,32,195,2,229,274,0,274,503
08/07/2019,SDL,AZ,AWP,WE,Towers with Radar,0,28,76,2,106,0,0,167,0,167,0,28,243,2,273,212,0,212,485
08/08/2019,SDL,AZ,AWP,WE,Towers with Radar,0,31,87,0,118,0,3,180,0,183,0,34,267,0,301,206,0,206,507
08/09/2019,SDL,AZ,AWP,WE,Towers with Radar,0,23,42,3,68,0,0,189,1,190,0,23,231,4,258,193,0,193,451
08/10/2019,SDL,AZ,AWP,WE,Towers with Radar,0,14,33,2,49,0,1,119,2,122,0,15,152,4,171,219,2,221,392
08/11/2019,SDL,AZ,AWP,WE,Towers with Radar,0,27,75,0,102,0,1,130,2,133,0,28,205,2,235,156,0,156,391
08/12/2019,SDL,AZ,AWP,WE,Towers with Radar,0,26,61,2,89,0,8,132,0,140,0,34,193,2,229,339,0,339,568
08/13/2019,SDL,AZ,AWP,WE,Towers with Radar,0,31,48,0,79,0,1,138,0,139,0,32,186,0,218,346,0,346,564
08/14/2019,SDL,AZ,AWP,WE,Towers with Radar,0,20,71,1,92,0,0,151,0,151,0,20,222,1,243,412,0,412,655
08/15/2019,SDL,AZ,AWP,WE,Towers with Radar,0,36,88,0,124,0,6,160,0,166,0,42,248,0,290,264,0,264,554
08/16/2019,SDL,AZ,AWP,WE,Towers with Radar,0,31,55,0,86,0,3,142,0,145,0,34,197,0,231,239,0,239,470
08/17/2019,SDL,AZ,AWP,WE,Towers with Radar,0,30,38,0,68,0,14,98,0,112,0,44,136,0,180,167,0,167,347
08/18/2019,SDL,AZ,AWP,WE,Towers with Radar,0,21,57,0,78,0,3,117,1,121,0,24,174,1,199,148,0,148,347
08/19/2019,SDL,AZ,AWP,WE,Towers with Radar,0,15,54,0,69,0,1,141,0,142,0,16,195,0,211,321,0,321,532
08/20/2019,SDL,AZ,AWP,WE,Towers with Radar,0,23,53,1,77,0,1,133,0,134,0,24,186,1,211,277,0,277,488
08/21/2019,SDL,AZ,AWP,WE,Towers with Radar,0,25,55,1,81,0,0,118,0,118,0,25,173,1,199,227,0,227,426
08/22/2019,SDL,AZ,AWP,WE,Towers with Radar,0,32,68,0,100,0,5,169,0,174,0,37,237,0,274,205,0,205,479
08/23/2019,SDL,AZ,AWP,WE,Towers with Radar,0,26,61,0,87,0,2,149,1,152,0,28,210,1,239,183,0,183,422
08/24/2019,SDL,AZ,AWP,WE,Towers with Radar,0,16,34,0,50,0,4,141,0,145,0,20,175,0,195,289,0,289,484
08/25/2019,SDL,AZ,AWP,WE,Towers with Radar,0,29,73,0,102,0,4,111,0,115,0,33,184,0,217,156,0,156,373
08/26/2019,SDL,AZ,AWP,WE,Towers with Radar,0,20,53,2,75,0,7,129,0,136,0,27,182,2,211,275,0,275,486
08/27/2019,SDL,AZ,AWP,WE,Towers with Radar,0,34,82,0,116,0,3,123,0,126,0,37,205,0,242,306,0,306,548
08/28/2019,SDL,AZ,AWP,WE,Towers with Radar,0,39,66,1,106,0,4,124,1,129,0,43,190,2,235,245,0,245,480
08/29/2019,SDL,AZ,AWP,WE,Towers with Radar,0,30,76,0,106,0,2,118,0,120,0,32,194,0,226,355,0,355,581
08/30/2019,SDL,AZ,AWP,WE,Towers with Radar,0,33,90,3,126,0,2,147,0,149,0,35,237,3,275,193,0,193,468
08/31/2019,SDL,AZ,AWP,WE,Towers with Radar,0,12,36,0,48,0,0,121,1,122,0,12,157,1,170,158,0,158,328
09/01/2019,SDL,AZ,AWP,WE,Towers with Radar,0,16,30,0,46,0,2,92,0,94,0,18,122,0,140,71,0,71,211
09/02/2019,SDL,AZ,AWP,WE,Towers with Radar,0,31,72,2,105,0,2,96,1,99,0,33,168,3,204,294,0,294,498
09/03/2019,SDL,AZ,AWP,WE,Towers with Radar,0,26,56,1,83,0,3,154,0,157,0,29,210,1,240,337,0,337,577
09/04/2019,SDL,AZ,AWP,WE,Towers with Radar,0,28,66,5,99,0,6,168,3,177,0,34,234,8,276,274,0,274,550
09/05/2019,SDL,AZ,AWP,WE,Towers with Radar,0,30,74,3,107,0,4,181,18,203,0,34,255,21,310,353,0,353,663
09/06/2019,SDL,AZ,AWP,WE,Towers with Radar,0,34,78,2,114,0,10,184,0,194,0,44,262,2,308,332,0,332,640
09/07/2019,SDL,AZ,AWP,WE,Towers with Radar,0,19,40,0,59,0,0,134,0,134,0,19,174,0,193,333,0,333,526
09/08/2019,SDL,AZ,AWP,WE,Towers with Radar,0,34,61,1,96,0,0,136,0,136,0,34,197,1,232,157,0,157,389
09/09/2019,SDL,AZ,AWP,WE,Towers with Radar,0,35,72,2,109,0,2,156,0,158,0,37,228,2,267,300,0,300,567
09/10/2019,SDL,AZ,AWP,WE,Towers with Radar,0,33,67,2,102,0,0,104,0,104,0,33,171,2,206,203,0,203,409
09/11/2019,SDL,AZ,AWP,WE,Towers with Radar,0,29,70,0,99,0,3,169,1,173,0,32,239,1,272,302,0,302,574
09/12/2019,SDL,AZ,AWP,WE,Towers with Radar,0,35,87,1,123,0,3,235,0,238,0,38,322,1,361,312,0,312,673
09/13/2019,SDL,AZ,AWP,WE,Towers with Radar,0,31,81,0,112,0,3,210,0,213,0,34,291,0,325,313,0,313,638
09/14/2019,SDL,AZ,AWP,WE,Towers with Radar,0,30,39,0,69,0,3,111,0,114,0,33,150,0,183,142,0,142,325
09/15/2019,SDL,AZ,AWP,WE,Towers with Radar,0,54,70,0,124,0,5,119,0,124,0,59,189,0,248,150,0,150,398
09/16/2019,SDL,AZ,AWP,WE,Towers with Radar,0,46,68,0,114,0,4,153,0,157,0,50,221,0,271,341,0,341,612
09/17/2019,SDL,AZ,AWP,WE,Towers with Radar,0,28,74,1,103,0,0,193,1,194,0,28,267,2,297,380,0,380,677
09/18/2019,SDL,AZ,AWP,WE,Towers with Radar,0,31,65,2,98,0,4,171,1,176,0,35,236,3,274,396,1,397,671
09/19/2019,SDL,AZ,AWP,WE,Towers with Radar,0,39,74,2,115,0,2,129,1,132,0,41,203,3,247,262,0,262,509
09/20/2019,SDL,AZ,AWP,WE,Towers with Radar,0,37,60,1,98,0,3,188,0,191,0,40,248,1,289,348,0,348,637
09/21/2019,SDL,AZ,AWP,WE,Towers with Radar,0,30,40,0,70,0,0,155,0,155,0,30,195,0,225,249,0,249,474
09/22/2019,SDL,AZ,AWP,WE,Towers with Radar,0,53,98,0,151,0,3,130,1,134,0,56,228,1,285,172,0,172,457
09/23/2019,SDL,AZ,AWP,WE,Towers with Radar,0,31,87,2,120,0,1,37,0,38,0,32,124,2,158,122,0,122,280
09/24/2019,SDL,AZ,AWP,WE,Towers with Radar,0,29,82,1,112,0,0,128,0,128,0,29,210,1,240,357,0,357,597
09/25/2019,SDL,AZ,AWP,WE,Towers with Radar,0,42,72,1,115,0,7,170,1,178,0,49,242,2,293,301,0,301,594
09/26/2019,SDL,AZ,AWP,WE,Towers with Radar,0,43,81,3,127,0,0,147,0,147,0,43,228,3,274,262,0,262,536
09/27/2019,SDL,AZ,AWP,WE,Towers with Radar,0,30,110,0,140,0,1,177,0,178,0,31,287,0,318,308,0,308,626
09/28/2019,SDL,AZ,AWP,WE,Towers with Radar,0,29,60,0,89,0,2,140,0,142,0,31,200,0,231,285,0,285,516
09/29/2019,SDL,AZ,AWP,WE,Towers with Radar,0,43,68,5,116,0,4,148,1,153,0,47,216,6,269,190,0,190,459
09/30/2019,SDL,AZ,AWP,WE,Towers with Radar,0,32,79,0,111,0,0,160,0,160,0,32,239,0,271,408,0,408,679
10/01/2019,SDL,AZ,AWP,WE,Towers with Radar,0,30,69,0,99,0,4,154,0,158,0,34,223,0,257,415,0,415,672
10/02/2019,SDL,AZ,AWP,WE,Towers with Radar,0,35,63,0,98,0,0,177,0,177,0,35,240,0,275,293,0,293,568
10/03/2019,SDL,AZ,AWP,WE,Towers with Radar,0,31,89,0,120,0,0,198,0,198,0,31,287,0,318,230,0,230,548
10/04/2019,SDL,AZ,AWP,WE,Towers with Radar,0,40,82,0,122,0,5,204,0,209,0,45,286,0,331,327,0,327,658
10/05/2019,SDL,AZ,AWP,WE,Towers with Radar,0,39,43,1,83,0,7,156,0,163,0,46,199,1,246,290,0,290,536
10/06/2019,SDL,AZ,AWP,WE,Towers with Radar,1,42,80,0,123,0,2,133,0,135,1,44,213,0,258,178,0,178,436
10/07/2019,SDL,AZ,AWP,WE,Towers with Radar,0,43,70,0,113,0,0,197,1,198,0,43,267,1,311,207,0,207,518
10/08/2019,SDL,AZ,AWP,WE,Towers with Radar,0,29,71,0,100,0,2,156,1,159,0,31,227,1,259,256,0,256,515
10/09/2019,SDL,AZ,AWP,WE,Towers with Radar,0,48,89,0,137,0,2,194,0,196,0,50,283,0,333,289,0,289,622
10/10/2019,SDL,AZ,AWP,WE,Towers with Radar,0,68,88,0,156,0,23,202,0,225,0,91,290,0,381,320,0,320,701
10/11/2019,SDL,AZ,AWP,WE,Towers with Radar,0,47,112,0,159,0,9,159,0,168,0,56,271,0,327,242,0,242,569
10/12/2019,SDL,AZ,AWP,WE,Towers with Radar,0,52,67,0,119,0,10,152,0,162,0,62,219,0,281,270,0,270,551
10/13/2019,SDL,AZ,AWP,WE,Towers with Radar,0,55,77,0,132,0,0,116,0,116,0,55,193,0,248,182,0,182,430
10/14/2019,SDL,AZ,AWP,WE,Towers with Radar,0,62,89,0,151,0,7,160,0,167,0,69,249,0,318,242,0,242,560
10/15/2019,SDL,AZ,AWP,WE,Towers with Radar,0,43,83,3,129,0,2,223,1,226,0,45,306,4,355,346,0,346,701
10/16/2019,SDL,AZ,AWP,WE,Towers with Radar,0,47,85,0,132,0,1,179,4,184,0,48,264,4,316,209,0,209,525
10/17/2019,SDL,AZ,AWP,WE,Towers with Radar,0,63,85,0,148,0,8,210,2,220,0,71,295,2,368,229,0,229,597
10/18/2019,SDL,AZ,AWP,WE,Towers with Radar,0,59,98,0,157,0,5,185,2,192,0,64,283,2,349,255,0,255,604
10/19/2019,SDL,AZ,AWP,WE,Towers with Radar,0,28,54,0,82,0,3,171,0,174,0,31,225,0,256,196,0,196,452
10/20/2019,SDL,AZ,AWP,WE,Towers with Radar,0,52,102,0,154,0,4,147,0,151,0,56,249,0,305,275,0,275,580
10/21/2019,SDL,AZ,AWP,WE,Towers with Radar,0,47,93,0,140,0,1,179,0,180,0,48,272,0,320,303,0,303,623
10/22/2019,SDL,AZ,AWP,WE,Towers with Radar,0,45,70,0,115,0,2,179,0,181,0,47,249,0,296,275,0,275,571
10/23/2019,SDL,AZ,AWP,WE,Towers with Radar,0,67,107,0,174,0,4,177,1,182,0,71,284,1,356,277,0,277,633
10/24/2019,SDL,AZ,AWP,WE,Towers with Radar,0,55,97,0,152,0,0,111,0,111,0,55,208,0,263,218,0,218,481
10/25/2019,SDL,AZ,AWP,WE,Towers with Radar,0,46,93,0,139,0,0,171,1,172,0,46,264,1,311,161,0,161,472
10/26/2019,SDL,AZ,AWP,WE,Towers with Radar,0,34,55,0,89,0,5,188,0,193,0,39,243,0,282,220,0,220,502
10/27/2019,SDL,AZ,AWP,WE,Towers with Radar,0,63,94,0,157,0,1,138,0,139,0,64,232,0,296,164,0,164,460
10/28/2019,SDL,AZ,AWP,WE,Towers with Radar,0,53,81,0,134,0,0,174,0,174,0,53,255,0,308,249,0,249,557
10/29/2019,SDL,AZ,AWP,WE,Towers with Radar,0,46,94,2,142,0,1,210,1,212,0,47,304,3,354,186,0,186,540
10/30/2019,SDL,AZ,AWP,WE,Towers with Radar,0,52,103,2,157,0,3,161,0,164,0,55,264,2,321,99,0,99,420
10/31/2019,SDL,AZ,AWP,WE,Towers with Radar,0,61,84,0,145,0,8,196,0,204,0,69,280,0,349,257,0,257,606
11/01/2019,SDL,AZ,AWP,WE,Towers with Radar,0,53,109,5,167,0,6,150,1,157,0,59,259,6,324,226,0,226,550
11/02/2019,SDL,AZ,AWP,WE,Towers with Radar,0,25,80,0,105,0,12,340,0,352,0,37,420,0,457,129,0,129,586
11/03/2019,SDL,AZ,AWP,WE,Towers with Radar,0,43,92,2,137,0,5,153,0,158,0,48,245,2,295,195,0,195,490
11/04/2019,SDL,AZ,AWP,WE,Towers with Radar,0,54,81,2,137,0,4,184,0,188,0,58,265,2,325,278,0,278,603
11/05/2019,SDL,AZ,AWP,WE,Towers with Radar,0,47,82,0,129,0,0,180,0,180,0,47,262,0,309,209,0,209,518
11/06/2019,SDL,AZ,AWP,WE,Towers with Radar,0,47,96,0,143,0,0,155,0,155,0,47,251,0,298,337,0,337,635
11/07/2019,SDL,AZ,AWP,WE,Towers with Radar,0,71,111,0,182,0,0,228,0,228,0,71,339,0,410,195,0,195,605
11/08/2019,SDL,AZ,AWP,WE,Towers with Radar,0,69,89,2,160,0,2,238,0,240,0,71,327,2,400,127,0,127,527
11/09/2019,SDL,AZ,AWP,WE,Towers with Radar,0,45,77,0,122,0,6,188,3,197,0,51,265,3,319,172,0,172,491
11/10/2019,SDL,AZ,AWP,WE,Towers with Radar,0,52,91,2,145,0,7,194,2,203,0,59,285,4,348,145,0,145,493
11/11/2019,SDL,AZ,AWP,WE,Towers with Radar,0,51,120,0,171,0,4,176,3,183,0,55,296,3,354,228,0,228,582
11/12/2019,SDL,AZ,AWP,WE,Towers with Radar,0,53,99,0,152,0,2,186,1,189,0,55,285,1,341,295,0,295,636
11/13/2019,SDL,AZ,AWP,WE,Towers with Radar,0,38,99,2,139,0,13,196,1,210,0,51,295,3,349,272,0,272,621
11/14/2019,SDL,AZ,AWP,WE,Towers with Radar,0,56,87,0,143,0,1,224,0,225,0,57,311,0,368,272,0,272,640
11/15/2019,SDL,AZ,AWP,WE,Towers with Radar,0,51,121,6,178,0,3,233,0,236,0,54,354,6,414,177,0,177,591
11/16/2019,SDL,AZ,AWP,WE,Towers with Radar,0,32,54,1,87,0,9,171,0,180,0,41,225,1,267,241,0,241,508
11/17/2019,SDL,AZ,AWP,WE,Towers with Radar,0,52,104,3,159,0,3,144,0,147,0,55,248,3,306,188,0,188,494
11/18/2019,SDL,AZ,AWP,WE,Towers with Radar,0,61,105,2,168,0,3,165,0,168,0,64,270,2,336,234,0,234,570
11/19/2019,SDL,AZ,AWP,WE,Towers with Radar,0,49,102,0,151,0,2,130,0,132,0,51,232,0,283,181,0,181,464
11/20/2019,SDL,AZ,AWP,WE,Towers with Radar,0,48,79,0,127,0,0,35,1,36,0,48,114,1,163,9,0,9,172
11/21/2019,SDL,AZ,AWP,WE,Towers with Radar,0,33,104,0,137,0,1,90,5,96,0,34,194,5,233,111,0,111,344
11/22/2019,SDL,AZ,AWP,WE,Towers with Radar,0,41,106,3,150,0,3,189,3,195,0,44,295,6,345,271,0,271,616
11/23/2019,SDL,AZ,AWP,WE,Towers with Radar,0,50,81,0,131,0,5,173,4,182,0,55,254,4,313,229,0,229,542
11/24/2019,SDL,AZ,AWP,WE,Towers with Radar,0,58,92,1,151,0,4,152,0,156,0,62,244,1,307,211,0,211,518
11/25/2019,SDL,AZ,AWP,WE,Towers with Radar,0,57,81,2,140,0,3,223,0,226,0,60,304,2,366,270,0,270,636
11/26/2019,SDL,AZ,AWP,WE,Towers with Radar,0,64,115,2,181,0,5,200,1,206,0,69,315,3,387,190,0,190,577
11/27/2019,SDL,AZ,AWP,WE,Towers with Radar,0,58,99,0,157,0,1,149,0,150,0,59,248,0,307,168,0,168,475
11/28/2019,SDL,AZ,AWP,WE,Towers with Radar,0,17,16,0,33,0,0,21,0,21,0,17,37,0,54,68,0,68,122
11/29/2019,SDL,AZ,AWP,WE,Towers with Radar,1,44,64,0,109,0,0,20,0,20,1,44,84,0,129,18,0,18,147
11/30/2019,SDL,AZ,AWP,WE,Towers with Radar,0,63,108,0,171,0,1,173,0,174,0,64,281,0,345,193,0,193,538
12/01/2019,SDL,AZ,AWP,WE,Towers with Radar,0,74,140,0,214,0,4,146,0,150,0,78,286,0,364,115,0,115,479
12/02/2019,SDL,AZ,AWP,WE,Towers with Radar,0,61,87,0,148,0,5,173,0,178,0,66,260,0,326,220,0,220,546
12/03/2019,SDL,AZ,AWP,WE,Towers with Radar,0,54,84,1,139,0,1,179,1,181,0,55,263,2,320,237,0,237,557
12/04/2019,SDL,AZ,AWP,WE,Towers with Radar,0,49,83,4,136,0,1,149,0,150,0,50,232,4,286,243,0,243,529
12/05/2019,SDL,AZ,AWP,WE,Towers with Radar,0,55,76,2,133,0,9,187,0,196,0,64,263,2,329,213,0,213,542
12/06/2019,SDL,AZ,AWP,WE,Towers with Radar,0,46,107,0,153,0,7,226,0,233,0,53,333,0,386,286,0,286,672
12/07/2019,SDL,AZ,AWP,WE,Towers with Radar,0,29,78,0,107,0,5,181,0,186,0,34,259,0,293,189,0,189,482
12/08/2019,SDL,AZ,AWP,WE,Towers with Radar,0,57,89,0,146,0,0,21,0,21,0,57,110,0,167,96,0,96,263
12/09/2019,SDL,AZ,AWP,WE,Towers with Radar,0,41,79,0,120,0,3,83,0,86,0,44,162,0,206,293,0,293,499
12/10/2019,SDL,AZ,AWP,WE,Towers with Radar,0,36,100,0,136,0,4,187,0,191,0,40,287,0,327,318,0,318,645
12/11/2019,SDL,AZ,AWP,WE,Towers with Radar,0,46,99,0,145,0,7,181,0,188,0,53,280,0,333,234,0,234,567
12/12/2019,SDL,AZ,AWP,WE,Towers with Radar,0,51,96,2,149,0,5,205,1,211,0,56,301,3,360,285,0,285,645
12/13/2019,SDL,AZ,AWP,WE,Towers with Radar,0,56,93,1,150,0,1,208,0,209,0,57,301,1,359,224,0,224,583
12/14/2019,SDL,AZ,AWP,WE,Towers with Radar,0,46,56,1,103,0,4,140,2,146,0,50,196,3,249,221,0,221,470
12/15/2019,SDL,AZ,AWP,WE,Towers with Radar,0,42,88,0,130,0,4,127,0,131,0,46,215,0,261,229,0,229,490
12/16/2019,SDL,AZ,AWP,WE,Towers with Radar,0,44,71,0,115,0,5,192,0,197,0,49,263,0,312,220,0,220,532
12/17/2019,SDL,AZ,AWP,WE,Towers with Radar,0,58,64,0,122,0,1,141,0,142,0,59,205,0,264,254,0,254,518
12/18/2019,SDL,AZ,AWP,WE,Towers with Radar,0,53,101,0,154,0,3,132,0,135,0,56,233,0,289,98,0,98,387
12/19/2019,SDL,AZ,AWP,WE,Towers with Radar,0,53,82,0,135,0,5,163,0,168,0,58,245,0,303,307,0,307,610
12/20/2019,SDL,AZ,AWP,WE,Towers with Radar,0,55,105,2,162,0,2,228,0,230,0,57,333,2,392,232,0,232,624
12/21/2019,SDL,AZ,AWP,WE,Towers with Radar,0,51,86,0,137,0,2,148,0,150,0,53,234,0,287,179,0,179,466
12/22/2019,SDL,AZ,AWP,WE,Towers with Radar,0,45,87,0,132,0,7,109,0,116,0,52,196,0,248,264,0,264,512
12/23/2019,SDL,AZ,AWP,WE,Towers with Radar,0,44,63,2,109,0,2,130,0,132,0,46,193,2,241,230,0,230,471
12/24/2019,SDL,AZ,AWP,WE,Towers with Radar,0,20,37,0,57,0,0,13,0,13,0,20,50,0,70,38,0,38,108
12/25/2019,SDL,AZ,AWP,WE,Towers with Radar,0,27,7,0,34,0,0,8,0,8,0,27,15,0,42,0,0,0,42
12/26/2019,SDL,AZ,AWP,WE,Towers with Radar,0,68,93,0,161,0,5,135,0,140,0,73,228,0,301,133,0,133,434
12/27/2019,SDL,AZ,AWP,WE,Towers with Radar,0,75,116,0,191,0,0,19,0,19,0,75,135,0,210,21,0,21,231
12/28/2019,SDL,AZ,AWP,WE,Towers with Radar,0,79,98,0,177,0,4,101,0,105,0,83,199,0,282,144,0,144,426
12/29/2019,SDL,AZ,AWP,WE,Towers with Radar,0,51,91,0,142,0,1,145,0,146,0,52,236,0,288,208,0,208,496
12/30/2019,SDL,AZ,AWP,WE,Towers with Radar,0,55,78,0,133,0,3,146,0,149,0,58,224,0,282,277,0,277,559
12/31/2019,SDL,AZ,AWP,WE,Towers with Radar,0,31,53,0,84,0,0,119,0,119,0,31,172,0,203,173,0,173,376
01/01/2020,SDL,AZ,AWP,WE,Towers with Radar,0,38,60,0,98,0,0,88,0,88,0,38,148,0,186,231,0,231,417
01/02/2020,SDL,AZ,AWP,WE,Towers with Radar,0,54,97,2,153,0,10,195,0,205,0,64,292,2,358,206,0,206,564
01/03/2020,SDL,AZ,AWP,WE,Towers with Radar,0,78,109,2,189,0,12,178,0,190,0,90,287,2,379,226,0,226,605
01/04/2020,SDL,AZ,AWP,WE,Towers with Radar,1,61,106,0,168,0,7,167,0,174,1,68,273,0,342,188,0,188,530
01/05/2020,SDL,AZ,AWP,WE,Towers with Radar,0,57,96,0,153,0,3,141,0,144,0,60,237,0,297,154,0,154,451
01/06/2020,SDL,AZ,AWP,WE,Towers with Radar,0,42,85,0,127,0,0,183,7,190,0,42,268,7,317,318,0,318,635
01/07/2020,SDL,AZ,AWP,WE,Towers with Radar,0,30,71,0,101,0,2,208,4,214,0,32,279,4,315,307,0,307,622
01/08/2020,SDL,AZ,AWP,WE,Towers with Radar,0,50,87,2,139,0,8,206,0,214,0,58,293,2,353,289,0,289,642
01/09/2020,SDL,AZ,AWP,WE,Towers with Radar,0,53,93,0,146,0,5,158,0,163,0,58,251,0,309,309,0,309,618
01/10/2020,SDL,AZ,AWP,WE,Towers with Radar,0,55,115,2,172,0,6,207,5,218,0,61,322,7,390,204,0,204,594
01/11/2020,SDL,AZ,AWP,WE,Towers with Radar,0,36,75,0,111,0,5,152,5,162,0,41,227,5,273,183,0,183,456
01/12/2020,SDL,AZ,AWP,WE,Towers with Radar,0,48,103,0,151,0,5,135,2,142,0,53,238,2,293,106,0,106,399
01/13/2020,SDL,AZ,AWP,WE,Towers with Radar,0,40,81,3,124,0,1,193,0,194,0,41,274,3,318,247,0,247,565
01/14/2020,SDL,AZ,AWP,WE,Towers with Radar,0,44,99,0,143,0,1,221,3,225,0,45,320,3,368,355,0,355,723
01/15/2020,SDL,AZ,AWP,WE,Towers with Radar,0,85,132,0,217,0,0,215,1,216,0,85,347,1,433,101,0,101,534
01/16/2020,SDL,AZ,AWP,WE,Towers with Radar,0,68,123,0,191,0,3,170,0,173,0,71,293,0,364,217,0,217,581
01/17/2020,SDL,AZ,AWP,WE,Towers with Radar,0,60,145,0,205,0,1,193,0,194,0,61,338,0,399,148,0,148,547
01/18/2020,SDL,AZ,AWP,WE,Towers with Radar,0,66,136,0,202,0,2,162,0,164,0,68,298,0,366,106,0,106,472
01/19/2020,SDL,AZ,AWP,WE,Towers with Radar,1,64,155,0,220,0,7,138,0,145,1,71,293,0,365,95,0,95,460
01/20/2020,SDL,AZ,AWP,WE,Towers with Radar,0,63,140,0,203,0,1,167,0,168,0,64,307,0,371,210,0,210,581
01/21/2020,SDL,AZ,AWP,WE,Towers with Radar,0,38,101,0,139,0,0,36,0,36,0,38,137,0,175,123,0,123,298
01/22/2020,SDL,AZ,AWP,WE,Towers with Radar,0,63,123,2,188,0,3,162,0,165,0,66,285,2,353,345,0,345,698
01/23/2020,SDL,AZ,AWP,WE,Towers with Radar,1,61,112,1,175,0,11,254,0,265,1,72,366,1,440,246,0,246,686
01/24/2020,SDL,AZ,AWP,WE,Towers with Radar,0,47,118,6,171,0,4,213,3,220,0,51,331,9,391,246,2,248,639
01/25/2020,SDL,AZ,AWP,WE,Towers with Radar,0,32,80,0,112,0,4,194,6,204,0,36,274,6,316,180,0,180,496
01/26/2020,SDL,AZ,AWP,WE,Towers with Radar,0,71,114,5,190,3,7,149,2,161,3,78,263,7,351,183,0,183,534
01/27/2020,SDL,AZ,AWP,WE,Towers with Radar,0,54,118,1,173,0,0,170,1,171,0,54,288,2,344,231,0,231,575
01/28/2020,SDL,AZ,AWP,WE,Towers with Radar,0,52,134,0,186,0,5,209,0,214,0,57,343,0,400,265,0,265,665
01/29/2020,SDL,AZ,AWP,WE,Towers with Radar,0,60,120,2,182,0,5,200,2,207,0,65,320,4,389,259,0,259,648
01/30/2020,SDL,AZ,AWP,WE,Towers with Radar,0,75,157,0,232,0,2,206,1,209,0,77,363,1,441,171,0,171,612
01/31/2020,SDL,AZ,AWP,WE,Towers with Radar,2,84,149,1,236,0,0,170,2,172,2,84,319,3,408,100,0,100,508
02/01/2020,SDL,AZ,AWP,CE,Towers with Radar,0,58,114,4,176,0,5,166,6,177,0,63,280,10,353,83,0,83,436
02/02/2020,SDL,AZ,AWP,CE,Towers with Radar,0,87,80,1,168,0,0,120,2,122,0,87,200,3,290,187,0,187,477
02/03/2020,SDL,AZ,AWP,CE,Towers with Radar,0,85,126,0,211,0,6,117,0,123,0,91,243,0,334,263,0,263,597
02/04/2020,SDL,AZ,AWP,CE,Towers with Radar,1,51,88,2,142,0,10,224,1,235,1,61,312,3,377,341,0,341,718
02/05/2020,SDL,AZ,AWP,CE,Towers with Radar,0,51,111,0,162,0,6,234,0,240,0,57,345,0,402,291,0,291,693
02/06/2020,SDL,AZ,AWP,CE,Towers with Radar,0,71,104,0,175,0,3,250,0,253,0,74,354,0,428,244,0,244,672
02/07/2020,SDL,AZ,AWP,CE,Towers with Radar,0,55,109,1,165,0,4,220,1,225,0,59,329,2,390,241,0,241,631
02/08/2020,SDL,AZ,AWP,CE,Towers with Radar,0,46,79,0,125,0,5,188,1,194,0,51,267,1,319,234,0,234,553
02/09/2020,SDL,AZ,AWP,CE,Towers with Radar,0,66,99,1,166,0,8,108,1,117,0,74,207,2,283,191,0,191,474
02/10/2020,SDL,AZ,AWP,CE,Towers with Radar,0,53,87,0,140,0,3,131,0,134,0,56,218,0,274,254,0,254,528
02/11/2020,SDL,AZ,AWP,CE,Towers with Radar,0,57,104,2,163,0,3,105,0,108,0,60,209,2,271,259,0,259,530
02/12/2020,SDL,AZ,AWP,CE,Towers with Radar,0,66,101,2,169,0,3,252,0,255,0,69,353,2,424,210,0,210,634
02/13/2020,SDL,AZ,AWP,CE,Towers with Radar,1,66,125,3,195,0,15,247,0,262,1,81,372,3,457,192,0,192,649
02/14/2020,SDL,AZ,AWP,CE,Towers with Radar,0,70,128,1,199,0,6,272,2,280,0,76,400,3,479,225,0,225,704
02/15/2020,SDL,AZ,AWP,CE,Towers with Radar,0,56,75,1,132,0,6,153,4,163,0,62,228,5,295,304,0,304,599
02/16/2020,SDL,AZ,AWP,CE,Towers with Radar,0,58,100,4,162,0,11,171,7,189,0,69,271,11,351,244,3,247,598
02/17/2020,SDL,AZ,AWP,CE,Towers with Radar,0,78,140,1,219,0,2,202,3,207,0,80,342,4,426,185,0,185,611
02/18/2020,SDL,AZ,AWP,CE,Towers with Radar,0,44,102,1,147,0,0,218,0,218,0,44,320,1,365,334,0,334,699
02/19/2020,SDL,AZ,AWP,CE,Towers with Radar,0,70,121,5,196,0,4,208,1,213,0,74,329,6,409,202,0,202,611
02/20/2020,SDL,AZ,AWP,CE,Towers with Radar,0,74,116,0,190,0,5,213,0,218,0,79,329,0,408,268,0,268,676
02/21/2020,SDL,AZ,AWP,CE,Towers with Radar,0,66,115,0,181,0,6,188,1,195,0,72,303,1,376,166,0,166,542
02/22/2020,SDL,AZ,AWP,CE,Towers with Radar,0,55,82,0,137,0,1,1,0,2,0,56,83,0,139,9,0,9,148
02/23/2020,SDL,AZ,AWP,CE,Towers with Radar,0,85,125,0,210,0,0,152,9,161,0,85,277,9,371,210,0,210,581
02/24/2020,SDL,AZ,AWP,CE,Towers with Radar,0,46,111,2,159,0,0,210,0,210,0,46,321,2,369,300,0,300,669
02/25/2020,SDL,AZ,AWP,CE,Towers with Radar,0,62,83,0,145,0,5,131,0,136,0,67,214,0,281,129,0,129,410
02/26/2020,SDL,AZ,AWP,CE,Towers with Radar,0,52,118,2,172,0,5,234,0,239,0,57,352,2,411,326,0,326,737
02/27/2020,SDL,AZ,AWP,CE,Towers with Radar,0,58,120,2,180,0,9,214,0,223,0,67,334,2,403,311,0,311,714
02/28/2020,SDL,AZ,AWP,CE,Towers with Radar,0,62,103,1,166,0,6,250,0,256,0,68,353,1,422,256,0,256,678
02/29/2020,SDL,AZ,AWP,CE,Towers with Radar,0,56,82,0,138,0,9,211,2,222,0,65,293,2,360,258,0,258,618
03/01/2020,SDL,AZ,AWP,CE,Towers with Radar,0,63,112,2,177,0,3,134,4,141,0,66,246,6,318,155,0,155,473
03/02/2020,SDL,AZ,AWP,CE,Towers with Radar,0,51,82,1,134,0,3,157,0,160,0,54,239,1,294,198,0,198,492
03/03/2020,SDL,AZ,AWP,CE,Towers with Radar,0,68,94,0,162,0,7,232,0,239,0,75,326,0,401,225,0,225,626
03/04/2020,SDL,AZ,AWP,CE,Towers with Radar,0,71,107,0,178,0,2,197,0,199,0,73,304,0,377,125,0,125,502
03/05/2020,SDL,AZ,AWP,CE,Towers with Radar,0,79,105,0,184,0,2,226,0,228,0,81,331,0,412,174,0,174,586
03/06/2020,SDL,AZ,AWP,CE,Towers with Radar,0,69,114,0,183,0,1,160,4,165,0,70,274,4,348,155,0,155,503
03/07/2020,SDL,AZ,AWP,CE,Towers with Radar,0,47,83,0,130,0,8,178,0,186,0,55,261,0,316,132,0,132,448
03/08/2020,SDL,AZ,AWP,CE,Towers with Radar,0,99,118,0,217,0,12,120,0,132,0,111,238,0,349,240,0,240,589
03/09/2020,SDL,AZ,AWP,CE,Towers with Radar,0,59,103,0,162,0,4,211,1,216,0,63,314,1,378,264,0,264,642
03/10/2020,SDL,AZ,AWP,CE,Towers with Radar,0,42,121,2,165,0,0,132,0,132,0,42,253,2,297,347,0,347,644
03/11/2020,SDL,AZ,AWP,CE,Towers with Radar,0,59,120,0,179,0,0,35,0,35,0,59,155,0,214,18,0,18,232
03/12/2020,SDL,AZ,AWP,CE,Towers with Radar,0,59,144,0,203,0,2,67,0,69,0,61,211,0,272,117,0,117,389
03/13/2020,SDL,AZ,AWP,CE,Towers with Radar,0,80,116,0,196,0,1,80,0,81,0,81,196,0,277,154,0,154,431
03/14/2020,SDL,AZ,AWP,CE,Towers with Radar,0,69,104,0,173,0,6,198,0,204,0,75,302,0,377,179,0,179,556
03/15/2020,SDL,AZ,AWP,CE,Towers with Radar,0,94,140,0,234,0,4,161,0,165,0,98,301,0,399,132,0,132,531
03/16/2020,SDL,AZ,AWP,CE,Towers with Radar,0,63,115,0,178,0,2,217,0,219,0,65,332,0,397,244,0,244,641
03/17/2020,SDL,AZ,AWP,CE,Towers with Radar,0,69,111,0,180,0,10,200,2,212,0,79,311,2,392,238,0,238,630
03/18/2020,SDL,AZ,AWP,CE,Towers with Radar,0,52,85,0,137,0,0,58,0,58,0,52,143,0,195,167,0,167,362
03/19/2020,SDL,AZ,AWP,CE,Towers with Radar,0,54,71,0,125,0,14,119,2,135,0,68,190,2,260,262,0,262,522
03/20/2020,SDL,AZ,AWP,CE,Towers with Radar,0,57,71,2,130,0,11,190,2,203,0,68,261,4,333,341,0,341,674
03/21/2020,SDL,AZ,AWP,CE,Towers with Radar,0,50,68,0,118,0,0,138,0,138,0,50,206,0,256,239,0,239,495
03/22/2020,SDL,AZ,AWP,CE,Towers with Radar,0,40,61,0,101,0,10,121,0,131,0,50,182,0,232,294,0,294,526
03/23/2020,SDL,AZ,AWP,CE,Towers with Radar,0,39,34,0,73,0,13,113,2,128,0,52,147,2,201,169,0,169,370
03/24/2020,SDL,AZ,AWP,CE,Towers with Radar,0,37,40,0,77,0,6,162,2,170,0,43,202,2,247,371,0,371,618
03/25/2020,SDL,AZ,AWP,CE,Towers with Radar,0,44,37,0,81,0,3,193,2,198,0,47,230,2,279,323,0,323,602
03/26/2020,SDL,AZ,AWP,CE,Towers with Radar,0,34,37,0,71,0,7,152,0,159,0,41,189,0,230,347,0,347,577
03/27/2020,SDL,AZ,AWP,CE,Towers with Radar,0,37,47,0,84,0,7,100,0,107,0,44,147,0,191,234,0,234,425
03/28/2020,SDL,AZ,AWP,CE,Towers with Radar,0,26,24,0,50,0,9,142,0,151,0,35,166,0,201,310,0,310,511
03/29/2020,SDL,AZ,AWP,CE,Towers with Radar,0,43,40,0,83,0,15,94,0,109,0,58,134,0,192,202,0,202,394
03/30/2020,SDL,AZ,AWP,CE,Towers with Radar,0,24,27,0,51,0,14,140,0,154,0,38,167,0,205,337,0,337,542
03/31/2020,SDL,AZ,AWP,CE,Towers with Radar,0,30,28,0,58,0,5,151,0,156,0,35,179,0,214,324,0,324,538
04/01/2020,SDL,AZ,AWP,CE,Towers with Radar,0,32,34,0,66,0,3,140,0,143,0,35,174,0,209,242,0,242,451
04/02/2020,SDL,AZ,AWP,CE,Towers with Radar,0,27,38,0,65,0,1,137,0,138,0,28,175,0,203,179,0,179,382
04/03/2020,SDL,AZ,AWP,CE,Towers with Radar,0,33,34,0,67,0,3,171,0,174,0,36,205,0,241,172,0,172,413
04/04/2020,SDL,AZ,AWP,CE,Towers with Radar,0,32,37,0,69,0,0,119,0,119,0,32,156,0,188,182,0,182,370
04/05/2020,SDL,AZ,AWP,CE,Towers with Radar,0,25,17,0,42,0,3,93,0,96,0,28,110,0,138,125,0,125,263
04/06/2020,SDL,AZ,AWP,CE,Towers with Radar,0,32,26,0,58,0,3,137,0,140,0,35,163,0,198,313,0,313,511
04/07/2020,SDL,AZ,AWP,CE,Towers with Radar,0,27,26,1,54,0,4,188,1,193,0,31,214,2,247,324,0,324,571
04/08/2020,SDL,AZ,AWP,CE,Towers with Radar,0,18,26,0,44,0,8,133,0,141,0,26,159,0,185,197,0,197,382
04/09/2020,SDL,AZ,AWP,CE,Towers with Radar,0,30,41,0,71,0,10,178,0,188,0,40,219,0,259,431,0,431,690
04/10/2020,SDL,AZ,AWP,CE,Towers with Radar,0,33,40,0,73,0,9,137,0,146,0,42,177,0,219,330,0,330,549
04/11/2020,SDL,AZ,AWP,CE,Towers with Radar,0,27,33,0,60,0,7,79,0,86,0,34,112,0,146,340,0,340,486
04/12/2020,SDL,AZ,AWP,CE,Towers with Radar,0,15,16,0,31,0,7,98,0,105,0,22,114,0,136,289,0,289,425
04/13/2020,SDL,AZ,AWP,CE,Towers with Radar,0,30,41,0,71,0,1,128,0,129,0,31,169,0,200,258,0,258,458
04/14/2020,SDL,AZ,AWP,CE,Towers with Radar,0,39,45,0,84,0,11,163,0,174,0,50,208,0,258,251,0,251,509
04/15/2020,SDL,AZ,AWP,CE,Towers with Radar,0,35,50,0,85,0,5,204,0,209,0,40,254,0,294,358,6,364,658
04/16/2020,SDL,AZ,AWP,CE,Towers with Radar,0,32,48,0,80,0,16,151,0,167,0,48,199,0,247,325,0,325,572
04/17/2020,SDL,AZ,AWP,CE,Towers with Radar,0,43,41,2,86,0,12,144,0,156,0,55,185,2,242,312,0,312,554
04/18/2020,SDL,AZ,AWP,CE,Towers with Radar,0,42,28,1,71,0,22,139,2,163,0,64,167,3,234,276,0,276,510
04/19/2020,SDL,AZ,AWP,CE,Towers with Radar,0,32,45,0,77,0,17,123,0,140,0,49,168,0,217,215,0,215,432
04/20/2020,SDL,AZ,AWP,CE,Towers with Radar,0,44,46,2,92,0,11,130,2,143,0,55,176,4,235,364,0,364,599
04/21/2020,SDL,AZ,AWP,CE,Towers with Radar,0,32,41,1,74,0,10,166,0,176,0,42,207,1,250,323,0,323,573
04/22/2020,SDL,AZ,AWP,CE,Towers with Radar,0,45,52,0,97,2,25,174,0,201,2,70,226,0,298,358,0,358,656
04/23/2020,SDL,AZ,AWP,CE,Towers with Radar,0,26,50,1,77,0,22,187,1,210,0,48,237,2,287,307,0,307,594
04/24/2020,SDL,AZ,AWP,CE,Towers with Radar,0,33,56,0,89,0,5,191,0,196,0,38,247,0,285,354,0,354,639
04/25/2020,SDL,AZ,AWP,CE,Towers with Radar,0,30,45,0,75,0,14,168,0,182,0,44,213,0,257,305,0,305,562
04/26/2020,SDL,AZ,AWP,CE,Towers with Radar,0,34,38,0,72,0,17,102,0,119,0,51,140,0,191,200,0,200,391
04/27/2020,SDL,AZ,AWP,CE,Towers with Radar,0,30,70,0,100,0,7,157,0,164,0,37,227,0,264,294,0,294,558
04/28/2020,SDL,AZ,AWP,CE,Towers with Radar,0,28,56,0,84,0,18,184,0,202,0,46,240,0,286,272,0,272,558
04/29/2020,SDL,AZ,AWP,CE,Towers with Radar,0,38,60,0,98,0,17,200,0,217,0,55,260,0,315,348,0,348,663
04/30/2020,SDL,AZ,AWP,CE,Towers with Radar,0,43,57,0,100,0,14,162,0,176,0,57,219,0,276,337,0,337,613
05/01/2020,SDL,AZ,AWP,CE,Towers with Radar,0,48,63,0,111,0,10,177,0,187,0,58,240,0,298,383,0,383,681
05/02/2020,SDL,AZ,AWP,CE,Towers with Radar,0,34,55,0,89,0,11,139,0,150,0,45,194,0,239,272,0,272,511
05/03/2020,SDL,AZ,AWP,CE,Towers with Radar,0,44,53,0,97,0,14,122,0,136,0,58,175,0,233,253,0,253,486
05/04/2020,SDL,AZ,AWP,CE,Towers with Radar,0,35,64,1,100,0,13,163,0,176,0,48,227,1,276,358,0,358,634
05/05/2020,SDL,AZ,AWP,CE,Towers with Radar,0,23,80,2,105,0,3,130,2,135,0,26,210,4,240,244,0,244,484
05/06/2020,SDL,AZ,AWP,CE,Towers with Radar,0,56,41,1,98,0,5,218,0,223,0,61,259,1,321,326,0,326,647
05/07/2020,SDL,AZ,AWP,CE,Towers with Radar,0,51,79,1,131,0,16,194,0,210,0,67,273,1,341,199,0,199,540
05/08/2020,SDL,AZ,AWP,CE,Towers with Radar,0,56,84,1,141,0,11,156,0,167,0,67,240,1,308,230,0,230,538
05/09/2020,SDL,AZ,AWP,CE,Towers with Radar,0,48,55,0,103,0,18,153,0,171,0,66,208,0,274,206,0,206,480
05/10/2020,SDL,AZ,AWP,CE,Towers with Radar,0,30,48,0,78,0,4,71,0,75,0,34,119,0,153,170,0,170,323
05/11/2020,SDL,AZ,AWP,CE,Towers with Radar,0,51,63,0,114,0,0,148,0,148,0,51,211,0,262,317,0,317,579
05/12/2020,SDL,AZ,AWP,CE,Towers with Radar,0,36,60,0,96,0,13,184,0,197,0,49,244,0,293,305,0,305,598
05/13/2020,SDL,AZ,AWP,CE,Towers with Radar,0,41,75,0,116,0,6,205,0,211,0,47,280,0,327,449,0,449,776
05/14/2020,SDL,AZ,AWP,CE,Towers with Radar,0,61,68,0,129,0,31,194,0,225,0,92,262,0,354,251,0,251,605
05/15/2020,SDL,AZ,AWP,CE,Towers with Radar,0,58,89,0,147,0,10,231,0,241,0,68,320,0,388,213,0,213,601
05/16/2020,SDL,AZ,AWP,CE,Towers with Radar,0,53,83,0,136,0,14,154,0,168,0,67,237,0,304,218,0,218,522
05/17/2020,SDL,AZ,AWP,CE,Towers with Radar,0,49,79,0,128,0,15,117,0,132,0,64,196,0,260,206,0,206,466
05/18/2020,SDL,AZ,AWP,CE,Towers with Radar,0,48,76,0,124,0,11,166,0,177,0,59,242,0,301,301,0,301,602
05/19/2020,SDL,AZ,AWP,CE,Towers with Radar,0,48,79,0,127,0,13,136,0,149,0,61,215,0,276,271,0,271,547
05/20/2020,SDL,AZ,AWP,CE,Towers with Radar,0,61,94,0,155,0,9,213,0,222,0,70,307,0,377,334,0,334,711
05/21/2020,SDL,AZ,AWP,CE,Towers with Radar,0,57,104,0,161,0,12,162,0,174,0,69,266,0,335,291,0,291,626
05/22/2020,SDL,AZ,AWP,CE,Towers with Radar,0,62,122,0,184,0,8,181,0,189,0,70,303,0,373,216,0,216,589
05/23/2020,SDL,AZ,AWP,CE,Towers with Radar,0,50,69,0,119,0,5,153,0,158,0,55,222,0,277,229,0,229,506
05/24/2020,SDL,AZ,AWP,CE,Towers with Radar,0,49,48,0,97,0,6,113,0,119,0,55,161,0,216,146,0,146,362
05/25/2020,SDL,AZ,AWP,CE,Towers with Radar,0,33,95,0,128,0,10,153,0,163,0,43,248,0,291,226,0,226,517
05/26/2020,SDL,AZ,AWP,CE,Towers with Radar,0,51,100,0,151,0,13,163,0,176,0,64,263,0,327,260,0,260,587
05/27/2020,SDL,AZ,AWP,CE,Towers with Radar,0,63,83,0,146,0,9,194,1,204,0,72,277,1,350,288,0,288,638
05/28/2020,SDL,AZ,AWP,CE,Towers with Radar,0,54,100,0,154,0,6,162,0,168,0,60,262,0,322,285,0,285,607
05/29/2020,SDL,AZ,AWP,CE,Towers with Radar,0,51,100,2,153,0,14,169,0,183,0,65,269,2,336,303,0,303,639
05/30/2020,SDL,AZ,AWP,CE,Towers with Radar,0,59,55,0,114,0,18,139,2,159,0,77,194,2,273,159,0,159,432
05/31/2020,SDL,AZ,AWP,CE,Towers with Radar,0,47,98,0,145,0,3,91,0,94,0,50,189,0,239,260,0,260,499
06/01/2020,SDL,AZ,AWP,CE,Towers with Radar,0,67,73,0,140,0,9,141,0,150,0,76,214,0,290,242,0,242,532
06/02/2020,SDL,AZ,AWP,CE,Towers with Radar,0,60,80,0,140,0,14,205,0,219,0,74,285,0,359,248,0,248,607
06/03/2020,SDL,AZ,AWP,CE,Towers with Radar,0,64,96,0,160,0,19,213,0,232,0,83,309,0,392,235,0,235,627
06/04/2020,SDL,AZ,AWP,CE,Towers with Radar,0,63,90,0,153,0,9,186,0,195,0,72,276,0,348,221,0,221,569
06/05/2020,SDL,AZ,AWP,CE,Towers with Radar,0,52,98,0,150,0,7,179,0,186,0,59,277,0,336,256,0,256,592
06/06/2020,SDL,AZ,AWP,CE,Towers with Radar,0,57,54,0,111,0,8,136,0,144,0,65,190,0,255,182,0,182,437
06/07/2020,SDL,AZ,AWP,CE,Towers with Radar,0,37,75,0,112,0,8,132,0,140,0,45,207,0,252,211,0,211,463
06/08/2020,SDL,AZ,AWP,CE,Towers with Radar,0,44,89,0,133,0,13,162,0,175,0,57,251,0,308,195,0,195,503
06/09/2020,SDL,AZ,AWP,CE,Towers with Radar,0,65,73,0,138,0,4,222,0,226,0,69,295,0,364,241,0,241,605
06/10/2020,SDL,AZ,AWP,CE,Towers with Radar,0,48,97,0,145,0,5,212,0,217,0,53,309,0,362,261,0,261,623
06/11/2020,SDL,AZ,AWP,CE,Towers with Radar,0,67,100,0,167,0,6,180,0,186,0,73,280,0,353,277,0,277,630
06/12/2020,SDL,AZ,AWP,CE,Towers with Radar,0,72,107,0,179,0,20,166,0,186,0,92,273,0,365,137,0,137,502
06/13/2020,SDL,AZ,AWP,CE,Towers with Radar,0,62,53,0,115,0,9,99,0,108,0,71,152,0,223,151,0,151,374
06/14/2020,SDL,AZ,AWP,CE,Towers with Radar,0,53,81,0,134,0,6,122,0,128,0,59,203,0,262,189,0,189,451
06/15/2020,SDL,AZ,AWP,CE,Towers with Radar,0,51,73,0,124,0,6,188,0,194,0,57,261,0,318,288,0,288,606
06/16/2020,SDL,AZ,AWP,CE,Towers with Radar,0,46,65,0,111,0,14,198,0,212,0,60,263,0,323,195,0,195,518
06/17/2020,SDL,AZ,AWP,CE,Towers with Radar,0,66,86,0,152,0,8,217,0,225,0,74,303,0,377,340,0,340,717
06/18/2020,SDL,AZ,AWP,CE,Towers with Radar,0,48,89,2,139,0,20,199,0,219,0,68,288,2,358,342,0,342,700
06/19/2020,SDL,AZ,AWP,CE,Towers with Radar,0,43,70,0,113,0,1,193,2,196,0,44,263,2,309,290,0,290,599
06/20/2020,SDL,AZ,AWP,CE,Towers with Radar,0,37,55,0,92,0,11,168,0,179,0,48,223,0,271,300,0,300,571
06/21/2020,SDL,AZ,AWP,CE,Towers with Radar,0,35,71,0,106,0,1,141,0,142,0,36,212,0,248,281,0,281,529
06/22/2020,SDL,AZ,AWP,CE,Towers with Radar,0,50,89,4,143,0,13,142,0,155,0,63,231,4,298,313,0,313,611
06/23/2020,SDL,AZ,AWP,CE,Towers with Radar,0,29,50,0,79,0,6,120,0,126,0,35,170,0,205,269,0,269,474
06/24/2020,SDL,AZ,AWP,CE,Towers with Radar,0,42,88,0,130,0,4,185,0,189,0,46,273,0,319,384,0,384,703
06/25/2020,SDL,AZ,AWP,CE,Towers with Radar,0,48,69,0,117,0,17,146,0,163,0,65,215,0,280,324,0,324,604
06/26/2020,SDL,AZ,AWP,CE,Towers with Radar,0,54,104,0,158,0,8,156,0,164,0,62,260,0,322,252,0,252,574
06/27/2020,SDL,AZ,AWP,CE,Towers with Radar,0,39,51,0,90,0,21,130,0,151,0,60,181,0,241,324,0,324,565
06/28/2020,SDL,AZ,AWP,CE,Towers with Radar,0,48,70,0,118,0,15,83,0,98,0,63,153,0,216,203,0,203,419
06/29/2020,SDL,AZ,AWP,CE,Towers with Radar,0,37,79,0,116,0,3,152,0,155,0,40,231,0,271,317,0,317,588
06/30/2020,SDL,AZ,AWP,CE,Towers with Radar,0,46,75,0,121,0,14,180,0,194,0,60,255,0,315,272,0,272,587
07/01/2020,SDL,AZ,AWP,CE,Towers with Radar,0,35,104,0,139,0,10,172,0,182,0,45,276,0,321,255,0,255,576
07/02/2020,SDL,AZ,AWP,CE,Towers with Radar,0,57,98,1,156,0,19,168,1,188,0,76,266,2,344,202,0,202,546
07/03/2020,SDL,AZ,AWP,CE,Towers with Radar,0,35,59,0,94,0,10,157,0,167,0,45,216,0,261,310,0,310,571
07/04/2020,SDL,AZ,AWP,CE,Towers with Radar,0,34,23,0,57,0,11,77,0,88,0,45,100,0,145,236,0,236,381
07/05/2020,SDL,AZ,AWP,CE,Towers with Radar,0,37,86,0,123,0,7,47,0,54,0,44,133,0,177,201,0,201,378
07/06/2020,SDL,AZ,AWP,CE,Towers with Radar,0,50,93,0,143,0,5,118,0,123,0,55,211,0,266,267,0,267,533
07/07/2020,SDL,AZ,AWP,CE,Towers with Radar,0,54,90,0,144,0,20,125,0,145,0,74,215,0,289,231,0,231,520
07/08/2020,SDL,AZ,AWP,CE,Towers with Radar,0,37,78,0,115,0,16,193,0,209,0,53,271,0,324,242,0,242,566
07/09/2020,SDL,AZ,AWP,CE,Towers with Radar,0,39,60,0,99,0,8,167,1,176,0,47,227,1,275,163,0,163,438
07/10/2020,SDL,AZ,AWP,CE,Towers with Radar,0,45,78,1,124,0,11,154,3,168,0,56,232,4,292,285,0,285,577
07/11/2020,SDL,AZ,AWP,CE,Towers with Radar,0,33,47,0,80,0,7,96,1,104,0,40,143,1,184,161,0,161,345
07/12/2020,SDL,AZ,AWP,CE,Towers with Radar,0,45,73,1,119,0,10,57,0,67,0,55,130,1,186,74,0,74,260
07/13/2020,SDL,AZ,AWP,CE,Towers with Radar,0,32,62,0,94,0,8,117,3,128,0,40,179,3,222,276,0,276,498
07/14/2020,SDL,AZ,AWP,CE,Towers with Radar,0,42,57,0,99,0,11,149,0,160,0,53,206,0,259,289,0,289,548
07/15/2020,SDL,AZ,AWP,CE,Towers with Radar,0,43,78,0,121,0,13,224,0,237,0,56,302,0,358,167,0,167,525
07/16/2020,SDL,AZ,AWP,CE,Towers with Radar,0,41,73,0,114,0,10,144,0,154,0,51,217,0,268,253,0,253,521
07/17/2020,SDL,AZ,AWP,CE,Towers with Radar,0,48,49,0,97,0,11,157,3,171,0,59,206,3,268,274,0,274,542
07/18/2020,SDL,AZ,AWP,CE,Towers with Radar,0,45,43,0,88,0,20,103,1,124,0,65,146,1,212,203,0,203,415
07/19/2020,SDL,AZ,AWP,CE,Towers with Radar,0,50,63,0,113,4,24,66,0,94,4,74,129,0,207,224,0,224,431
07/20/2020,SDL,AZ,AWP,CE,Towers with Radar,0,41,71,0,112,0,18,162,1,181,0,59,233,1,293,391,0,391,684
07/21/2020,SDL,AZ,AWP,CE,Towers with Radar,0,53,54,0,107,0,31,161,0,192,0,84,215,0,299,206,0,206,505
07/22/2020,SDL,AZ,AWP,CE,Towers with Radar,0,38,64,0,102,0,20,173,0,193,0,58,237,0,295,259,0,259,554
07/23/2020,SDL,AZ,AWP,CE,Towers with Radar,0,36,71,4,111,0,7,113,0,120,0,43,184,4,231,200,0,200,431
07/24/2020,SDL,AZ,AWP,CE,Towers with Radar,0,49,76,0,125,0,2,136,0,138,0,51,212,0,263,231,0,231,494
07/25/2020,SDL,AZ,AWP,CE,Towers with Radar,0,39,49,0,88,0,12,116,0,128,0,51,165,0,216,290,0,290,506
07/26/2020,SDL,AZ,AWP,CE,Towers with Radar,0,45,89,0,134,0,14,112,0,126,0,59,201,0,260,194,0,194,454
07/27/2020,SDL,AZ,AWP,CE,Towers with Radar,0,40,53,0,93,0,13,126,0,139,0,53,179,0,232,218,0,218,450
07/28/2020,SDL,AZ,AWP,CE,Towers with Radar,0,37,76,1,114,0,11,153,1,165,0,48,229,2,279,312,0,312,591
07/29/2020,SDL,AZ,AWP,CE,Towers with Radar,0,38,54,0,92,0,11,138,0,149,0,49,192,0,241,320,0,320,561
07/30/2020,SDL,AZ,AWP,CE,Towers with Radar,0,54,71,0,125,0,15,121,0,136,0,69,192,0,261,263,0,263,524
07/31/2020,SDL,AZ,AWP,CE,Towers with Radar,0,42,61,0,103,0,12,153,0,165,0,54,214,0,268,201,0,201,469
08/01/2020,SDL,AZ,AWP,CE,Towers with Radar,0,53,48,0,101,0,14,108,2,124,0,67,156,2,225,211,0,211,436
08/02/2020,SDL,AZ,AWP,CE,Towers with Radar,0,39,70,0,109,0,13,83,3,99,0,52,153,3,208,157,20,177,385
08/03/2020,SDL,AZ,AWP,CE,Towers with Radar,0,32,75,0,107,0,0,136,0,136,0,32,211,0,243,180,0,180,423
08/04/2020,SDL,AZ,AWP,CE,Towers with Radar,0,52,72,0,124,0,26,112,0,138,0,78,184,0,262,230,0,230,492
08/05/2020,SDL,AZ,AWP,CE,Towers with Radar,0,53,66,0,119,0,6,118,0,124,0,59,184,0,243,143,0,143,386
08/06/2020,SDL,AZ,AWP,CE,Towers with Radar,0,41,77,1,119,0,11,143,0,154,0,52,220,1,273,234,0,234,507
08/07/2020,SDL,AZ,AWP,CE,Towers with Radar,0,46,89,2,137,0,12,124,0,136,0,58,213,2,273,177,0,177,450
08/08/2020,SDL,AZ,AWP,CE,Towers with Radar,0,47,54,0,101,0,21,118,0,139,0,68,172,0,240,204,0,204,444
08/09/2020,SDL,AZ,AWP,CE,Towers with Radar,0,57,80,0,137,0,15,77,0,92,0,72,157,0,229,100,0,100,329
08/10/2020,SDL,AZ,AWP,CE,Towers with Radar,0,48,78,0,126,0,3,115,0,118,0,51,193,0,244,197,0,197,441
08/11/2020,SDL,AZ,AWP,CE,Towers with Radar,0,28,62,0,90,0,9,138,0,147,0,37,200,0,237,197,0,197,434
08/12/2020,SDL,AZ,AWP,CE,Towers with Radar,0,36,64,0,100,0,21,164,0,185,0,57,228,0,285,286,0,286,571
08/13/2020,SDL,AZ,AWP,CE,Towers with Radar,0,60,78,0,138,0,9,138,0,147,0,69,216,0,285,273,0,273,558
08/14/2020,SDL,AZ,AWP,CE,Towers with Radar,0,42,79,0,121,0,10,134,0,144,0,52,213,0,265,223,0,223,488
08/15/2020,SDL,AZ,AWP,CE,Towers with Radar,0,48,55,0,103,0,12,109,1,122,0,60,164,1,225,234,0,234,459
08/16/2020,SDL,AZ,AWP,CE,Towers with Radar,0,48,84,0,132,0,15,69,1,85,0,63,153,1,217,153,0,153,370
08/17/2020,SDL,AZ,AWP,CE,Towers with Radar,0,46,66,0,112,0,19,120,0,139,0,65,186,0,251,220,0,220,471
08/18/2020,SDL,AZ,AWP,CE,Towers with Radar,0,45,47,0,92,0,9,144,2,155,0,54,191,2,247,236,0,236,483
08/19/2020,SDL,AZ,AWP,CE,Towers with Radar,0,52,77,0,129,0,12,146,0,158,0,64,223,0,287,275,0,275,562
08/20/2020,SDL,AZ,AWP,CE,Towers with Radar,0,49,85,0,134,0,17,127,0,144,0,66,212,0,278,191,0,191,469
08/21/2020,SDL,AZ,AWP,CE,Towers with Radar,0,47,67,0,114,0,10,157,0,167,0,57,224,0,281,151,0,151,432
08/22/2020,SDL,AZ,AWP,CE,Towers with Radar,0,42,41,0,83,0,18,158,0,176,0,60,199,0,259,243,0,243,502
08/23/2020,SDL,AZ,AWP,CE,Towers with Radar,0,56,73,0,129,0,8,97,0,105,0,64,170,0,234,113,0,113,347
08/24/2020,SDL,AZ,AWP,CE,Towers with Radar,0,49,72,0,121,0,16,145,0,161,0,65,217,0,282,200,0,200,482
08/25/2020,SDL,AZ,AWP,CE,Towers with Radar,0,62,50,1,113,0,10,148,1,159,0,72,198,2,272,287,0,287,559
08/26/2020,SDL,AZ,AWP,CE,Towers with Radar,0,41,103,0,144,0,6,146,0,152,0,47,249,0,296,278,0,278,574
08/27/2020,SDL,AZ,AWP,CE,Towers with Radar,0,52,72,2,126,0,22,122,0,144,0,74,194,2,270,226,0,226,496
08/28/2020,SDL,AZ,AWP,CE,Towers with Radar,0,34,78,0,112,0,9,137,0,146,0,43,215,0,258,184,0,184,442
08/29/2020,SDL,AZ,AWP,CE,Towers with Radar,0,44,53,0,97,0,4,129,0,133,0,48,182,0,230,181,0,181,411
08/30/2020,SDL,AZ,AWP,CE,Towers with Radar,0,50,67,0,117,0,7,85,0,92,0,57,152,0,209,173,0,173,382
08/31/2020,SDL,AZ,AWP,CE,Towers with Radar,0,46,62,2,110,0,14,122,0,136,0,60,184,2,246,292,0,292,538
09/01/2020,SDL,AZ,AWP,CE,Towers with Radar,0,42,70,0,112,0,23,130,0,153,0,65,200,0,265,284,0,284,549
09/02/2020,SDL,AZ,AWP,CE,Towers with Radar,0,75,82,0,157,0,11,151,0,162,0,86,233,0,319,288,0,288,607
09/03/2020,SDL,AZ,AWP,CE,Towers with Radar,0,65,102,0,167,0,14,179,0,193,0,79,281,0,360,268,0,268,628
09/04/2020,SDL,AZ,AWP,CE,Towers with Radar,0,53,95,0,148,0,13,176,0,189,0,66,271,0,337,200,0,200,537
09/05/2020,SDL,AZ,AWP,CE,Towers with Radar,0,42,32,0,74,0,8,90,0,98,0,50,122,0,172,163,0,163,335
09/06/2020,SDL,AZ,AWP,CE,Towers with Radar,0,34,29,0,63,0,5,77,0,82,0,39,106,0,145,131,0,131,276
09/07/2020,SDL,AZ,AWP,CE,Towers with Radar,0,62,89,0,151,0,6,140,0,146,0,68,229,0,297,290,0,290,587
09/08/2020,SDL,AZ,AWP,CE,Towers with Radar,0,59,100,0,159,0,17,111,0,128,0,76,211,0,287,263,0,263,550
09/09/2020,SDL,AZ,AWP,CE,Towers with Radar,0,55,89,1,145,0,16,206,0,222,0,71,295,1,367,235,0,235,602
09/10/2020,SDL,AZ,AWP,CE,Towers with Radar,0,62,69,0,131,0,19,202,0,221,0,81,271,0,352,245,0,245,597
09/11/2020,SDL,AZ,AWP,CE,Towers with Radar,0,39,65,0,104,0,7,141,0,148,0,46,206,0,252,349,0,349,601
09/12/2020,SDL,AZ,AWP,CE,Towers with Radar,0,49,75,0,124,0,27,149,0,176,0,76,224,0,300,285,0,285,585
09/13/2020,SDL,AZ,AWP,CE,Towers with Radar,0,68,89,0,157,0,13,90,0,103,0,81,179,0,260,165,0,165,425
09/14/2020,SDL,AZ,AWP,CE,Towers with Radar,0,71,93,0,164,0,8,105,0,113,0,79,198,0,277,173,0,173,450
09/15/2020,SDL,AZ,AWP,CE,Towers with Radar,0,56,73,0,129,0,19,215,0,234,0,75,288,0,363,366,0,366,729
09/16/2020,SDL,AZ,AWP,CE,Towers with Radar,0,45,82,2,129,0,21,172,0,193,0,66,254,2,322,302,0,302,624
09/17/2020,SDL,AZ,AWP,CE,Towers with Radar,0,50,79,0,129,0,15,155,0,170,0,65,234,0,299,288,0,288,587
09/18/2020,SDL,AZ,AWP,CE,Towers with Radar,0,59,83,0,142,0,11,199,0,210,0,70,282,0,352,196,0,196,548
09/19/2020,SDL,AZ,AWP,CE,Towers with Radar,0,41,57,0,98,0,6,128,0,134,0,47,185,0,232,205,0,205,437
09/20/2020,SDL,AZ,AWP,CE,Towers with Radar,0,61,74,0,135,0,8,107,0,115,0,69,181,0,250,134,0,134,384
09/21/2020,SDL,AZ,AWP,CE,Towers with Radar,0,58,98,0,156,0,13,133,0,146,0,71,231,0,302,278,0,278,580
09/22/2020,SDL,AZ,AWP,CE,Towers with Radar,0,59,78,0,137,0,7,159,1,167,0,66,237,1,304,229,1,230,534
09/23/2020,SDL,AZ,AWP,CE,Towers with Radar,0,56,121,0,177,0,9,153,1,163,0,65,274,1,340,224,1,225,565
09/24/2020,SDL,AZ,AWP,CE,Towers with Radar,0,84,97,0,181,0,16,181,1,198,0,100,278,1,379,191,2,193,572
09/25/2020,SDL,AZ,AWP,CE,Towers with Radar,0,48,104,0,152,0,13,178,0,191,0,61,282,0,343,257,2,259,602
09/26/2020,SDL,AZ,AWP,CE,Towers with Radar,0,47,61,0,108,0,25,127,0,152,0,72,188,0,260,158,0,158,418
09/27/2020,SDL,AZ,AWP,CE,Towers with Radar,0,46,93,0,139,0,13,107,0,120,0,59,200,0,259,190,0,190,449
09/28/2020,SDL,AZ,AWP,CE,Towers with Radar,0,45,76,0,121,0,8,166,0,174,0,53,242,0,295,285,0,285,580
09/29/2020,SDL,AZ,AWP,CE,Towers with Radar,0,59,52,0,111,0,8,154,0,162,0,67,206,0,273,277,0,277,550
09/30/2020,SDL,AZ,AWP,CE,Towers with Radar,0,47,92,0,139,0,12,172,0,184,0,59,264,0,323,189,0,189,512
10/01/2020,SDL,AZ,AWP,CE,Towers with Radar,0,61,97,0,158,0,16,143,0,159,0,77,240,0,317,299,0,299,616
10/02/2020,SDL,AZ,AWP,CE,Towers with Radar,0,52,89,1,142,0,5,172,0,177,0,57,261,1,319,257,0,257,576
10/03/2020,SDL,AZ,AWP,CE,Towers with Radar,0,61,69,1,131,0,18,118,0,136,0,79,187,1,267,164,0,164,431
10/04/2020,SDL,AZ,AWP,CE,Towers with Radar,0,74,98,0,172,0,12,119,0,131,0,86,217,0,303,197,0,197,500
10/05/2020,SDL,AZ,AWP,CE,Towers with Radar,0,50,88,0,138,0,11,132,0,143,0,61,220,0,281,302,0,302,583
10/06/2020,SDL,AZ,AWP,CE,Towers with Radar,0,55,77,1,133,0,8,175,0,183,0,63,252,1,316,328,0,328,644
10/07/2020,SDL,AZ,AWP,CE,Towers with Radar,0,72,81,0,153,0,19,192,0,211,0,91,273,0,364,263,0,263,627
10/08/2020,SDL,AZ,AWP,CE,Towers with Radar,0,73,89,0,162,0,6,172,0,178,0,79,261,0,340,285,0,285,625
10/09/2020,SDL,AZ,AWP,CE,Towers with Radar,0,67,115,0,182,0,5,157,0,162,0,72,272,0,344,252,0,252,596
10/10/2020,SDL,AZ,AWP,CE,Towers with Radar,0,70,76,0,146,0,10,149,0,159,0,80,225,0,305,222,0,222,527
10/11/2020,SDL,AZ,AWP,CE,Towers with Radar,0,86,97,0,183,0,11,112,0,123,0,97,209,0,306,203,0,203,509
10/12/2020,SDL,AZ,AWP,CE,Towers with Radar,0,63,88,0,151,0,7,137,0,144,0,70,225,0,295,291,0,291,586
10/13/2020,SDL,AZ,AWP,CE,Towers with Radar,0,61,86,2,149,0,13,158,0,171,0,74,244,2,320,339,0,339,659
10/14/2020,SDL,AZ,AWP,CE,Towers with Radar,0,61,90,1,152,0,13,172,0,185,0,74,262,1,337,258,0,258,595
10/15/2020,SDL,AZ,AWP,CE,Towers with Radar,0,85,118,1,204,0,14,148,0,162,0,99,266,1,366,315,0,315,681
10/16/2020,SDL,AZ,AWP,CE,Towers with Radar,1,79,105,2,187,0,8,150,0,158,1,87,255,2,345,290,0,290,635
10/17/2020,SDL,AZ,AWP,CE,Towers with Radar,0,56,60,0,116,0,17,151,0,168,0,73,211,0,284,147,0,147,431
10/18/2020,SDL,AZ,AWP,CE,Towers with Radar,0,88,128,1,217,0,12,111,0,123,0,100,239,1,340,95,0,95,435
10/19/2020,SDL,AZ,AWP,CE,Towers with Radar,0,91,102,4,197,0,9,67,0,76,0,100,169,4,273,147,0,147,420
10/20/2020,SDL,AZ,AWP,CE,Towers with Radar,0,66,118,0,184,0,10,194,0,204,0,76,312,0,388,334,0,334,722
10/21/2020,SDL,AZ,AWP,CE,Towers with Radar,0,71,109,0,180,0,12,195,0,207,0,83,304,0,387,269,0,269,656
10/22/2020,SDL,AZ,AWP,CE,Towers with Radar,0,78,123,0,201,0,25,207,0,232,0,103,330,0,433,303,0,303,736
10/23/2020,SDL,AZ,AWP,CE,Towers with Radar,0,67,124,2,193,0,13,202,0,215,0,80,326,2,408,178,0,178,586
10/24/2020,SDL,AZ,AWP,CE,Towers with Radar,0,68,65,0,133,0,9,143,1,153,0,77,208,1,286,164,0,164,450
10/25/2020,SDL,AZ,AWP,CE,Towers with Radar,0,83,113,1,197,0,4,78,0,82,0,87,191,1,279,164,0,164,443
10/26/2020,SDL,AZ,AWP,CE,Towers with Radar,0,57,89,0,146,0,12,86,4,102,0,69,175,4,248,188,26,214,462
10/27/2020,SDL,AZ,AWP,CE,Towers with Radar,0,60,89,0,149,0,9,141,0,150,0,69,230,0,299,327,0,327,626
10/28/2020,SDL,AZ,AWP,CE,Towers with Radar,0,57,79,0,136,0,11,106,0,117,0,68,185,0,253,218,0,218,471
10/29/2020,SDL,AZ,AWP,CE,Towers with Radar,0,62,112,0,174,0,17,142,0,159,0,79,254,0,333,240,0,240,573
10/30/2020,SDL,AZ,AWP,CE,Towers with Radar,0,83,93,0,176,0,9,149,0,158,0,92,242,0,334,233,0,233,567
10/31/2020,SDL,AZ,AWP,CE,Towers with Radar,0,44,66,0,110,0,3,114,0,117,0,47,180,0,227,250,0,250,477
11/01/2020,SDL,AZ,AWP,CE,Towers with Radar,0,61,100,0,161,0,2,89,0,91,0,63,189,0,252,121,0,121,373
11/02/2020,SDL,AZ,AWP,CE,Towers with Radar,0,55,72,0,127,0,16,127,1,144,0,71,199,1,271,203,0,203,474
11/03/2020,SDL,AZ,AWP,CE,Towers with Radar,0,62,72,0,134,0,13,153,3,169,0,75,225,3,303,269,0,269,572
11/04/2020,SDL,AZ,AWP,CE,Towers with Radar,0,67,117,0,184,0,6,175,0,181,0,73,292,0,365,195,0,195,560
11/05/2020,SDL,AZ,AWP,CE,Towers with Radar,0,63,129,0,192,2,16,180,0,198,2,79,309,0,390,210,0,210,600
11/06/2020,SDL,AZ,AWP,CE,Towers with Radar,0,76,120,0,196,0,4,133,0,137,0,80,253,0,333,244,0,244,577
11/07/2020,SDL,AZ,AWP,CE,Towers with Radar,0,48,68,0,116,0,5,89,0,94,0,53,157,0,210,166,0,166,376
11/08/2020,SDL,AZ,AWP,CE,Towers with Radar,0,69,103,0,172,0,6,80,0,86,0,75,183,0,258,111,0,111,369
11/09/2020,SDL,AZ,AWP,CE,Towers with Radar,0,59,93,0,152,0,9,156,0,165,0,68,249,0,317,367,0,367,684
11/10/2020,SDL,AZ,AWP,CE,Towers with Radar,0,63,73,0,136,0,10,212,0,222,0,73,285,0,358,310,0,310,668
11/11/2020,SDL,AZ,AWP,CE,Towers with Radar,0,75,96,1,172,0,8,197,0,205,0,83,293,1,377,200,0,200,577
11/12/2020,SDL,AZ,AWP,CE,Towers with Radar,0,72,114,3,189,0,7,220,0,227,0,79,334,3,416,181,0,181,597
11/13/2020,SDL,AZ,AWP,CE,Towers with Radar,0,61,114,1,176,0,5,212,0,217,0,66,326,1,393,182,0,182,575
11/14/2020,SDL,AZ,AWP,CE,Towers with Radar,0,55,76,1,132,0,24,171,0,195,0,79,247,1,327,237,0,237,564
11/15/2020,SDL,AZ,AWP,CE,Towers with Radar,1,87,135,0,223,0,5,124,0,129,1,92,259,0,352,99,0,99,451
11/16/2020,SDL,AZ,AWP,CE,Towers with Radar,0,61,107,0,168,0,7,174,0,181,0,68,281,0,349,274,0,274,623
11/17/2020,SDL,AZ,AWP,CE,Towers with Radar,0,53,88,2,143,0,7,179,0,186,0,60,267,2,329,389,0,389,718
11/18/2020,SDL,AZ,AWP,CE,Towers with Radar,0,81,105,0,186,0,13,197,0,210,0,94,302,0,396,288,0,288,684
11/19/2020,SDL,AZ,AWP,CE,Towers with Radar,0,70,94,0,164,0,7,197,0,204,0,77,291,0,368,263,1,264,632
11/20/2020,SDL,AZ,AWP,CE,Towers with Radar,0,78,145,0,223,0,4,186,0,190,0,82,331,0,413,223,0,223,636
11/21/2020,SDL,AZ,AWP,CE,Towers with Radar,0,78,110,0,188,0,4,186,2,192,0,82,296,2,380,163,0,163,543
11/22/2020,SDL,AZ,AWP,CE,Towers with Radar,0,86,129,0,215,0,6,140,2,148,0,92,269,2,363,231,0,231,594
11/23/2020,SDL,AZ,AWP,CE,Towers with Radar,0,64,101,0,165,0,19,163,0,182,0,83,264,0,347,251,0,251,598
11/24/2020,SDL,AZ,AWP,CE,Towers with Radar,0,81,117,0,198,0,7,203,0,210,0,88,320,0,408,250,0,250,658
11/25/2020,SDL,AZ,AWP,CE,Towers with Radar,1,65,113,0,179,0,6,189,0,195,1,71,302,0,374,214,0,214,588
11/26/2020,SDL,AZ,AWP,CE,Towers with Radar,0,33,18,0,51,0,0,45,0,45,0,33,63,0,96,158,0,158,254
11/27/2020,SDL,AZ,AWP,CE,Towers with Radar,0,56,86,0,142,0,1,138,0,139,0,57,224,0,281,116,0,116,397
11/28/2020,SDL,AZ,AWP,CE,Towers with Radar,0,86,87,0,173,0,2,137,0,139,0,88,224,0,312,210,0,210,522
11/29/2020,SDL,AZ,AWP,CE,Towers with Radar,0,101,156,0,257,0,6,108,0,114,0,107,264,0,371,106,0,106,477
11/30/2020,SDL,AZ,AWP,CE,Towers with Radar,1,62,112,2,177,0,8,168,0,176,1,70,280,2,353,264,0,264,617
12/01/2020,SDL,AZ,AWP,CE,Towers with Radar,0,65,92,0,157,0,3,195,2,200,0,68,287,2,357,182,0,182,539
12/02/2020,SDL,AZ,AWP,CE,Towers with Radar,0,57,91,0,148,0,5,170,1,176,0,62,261,1,324,166,0,166,490
12/03/2020,SDL,AZ,AWP,CE,Towers with Radar,0,53,79,0,132,0,6,148,2,156,0,59,227,2,288,235,0,235,523
12/04/2020,SDL,AZ,AWP,CE,Towers with Radar,0,61,87,1,149,0,6,212,0,218,0,67,299,1,367,266,0,266,633
12/05/2020,SDL,AZ,AWP,CE,Towers with Radar,0,68,58,1,127,0,24,152,0,176,0,92,210,1,303,233,0,233,536
12/06/2020,SDL,AZ,AWP,CE,Towers with Radar,0,74,114,2,190,0,0,136,1,137,0,74,250,3,327,149,0,149,476
12/07/2020,SDL,AZ,AWP,CE,Towers with Radar,0,53,82,1,136,0,5,110,0,115,0,58,192,1,251,174,0,174,425
12/08/2020,SDL,AZ,AWP,CE,Towers with Radar,0,51,81,0,132,0,5,192,1,198,0,56,273,1,330,143,1,144,474
12/09/2020,SDL,AZ,AWP,CE,Towers with Radar,0,57,133,0,190,0,4,223,0,227,0,61,356,0,417,199,0,199,616
12/10/2020,SDL,AZ,AWP,CE,Towers with Radar,0,62,139,0,201,0,2,49,0,51,0,64,188,0,252,63,0,63,315
12/11/2020,SDL,AZ,AWP,CE,Towers with Radar,0,66,83,2,151,0,5,187,0,192,0,71,270,2,343,209,0,209,552
12/12/2020,SDL,AZ,AWP,CE,Towers with Radar,0,58,61,1,120,0,2,194,0,196,0,60,255,1,316,233,0,233,549
12/13/2020,SDL,AZ,AWP,CE,Towers with Radar,1,65,98,0,164,0,1,153,0,154,1,66,251,0,318,170,0,170,488
12/14/2020,SDL,AZ,AWP,CE,Towers with Radar,0,60,78,1,139,0,7,217,0,224,0,67,295,1,363,214,0,214,577
12/15/2020,SDL,AZ,AWP,CE,Towers with Radar,0,45,74,0,119,0,6,200,0,206,0,51,274,0,325,330,0,330,655
12/16/2020,SDL,AZ,AWP,CE,Towers with Radar,0,55,98,0,153,0,6,269,0,275,0,61,367,0,428,285,0,285,713
12/17/2020,SDL,AZ,AWP,CE,Towers with Radar,0,83,92,0,175,0,10,220,0,230,0,93,312,0,405,252,0,252,657
12/18/2020,SDL,AZ,AWP,CE,Towers with Radar,0,77,134,0,211,0,3,210,0,213,0,80,344,0,424,190,0,190,614
12/19/2020,SDL,AZ,AWP,CE,Towers with Radar,0,62,103,0,165,0,13,151,0,164,0,75,254,0,329,282,0,282,611
12/20/2020,SDL,AZ,AWP,CE,Towers with Radar,0,84,109,0,193,0,5,143,0,148,0,89,252,0,341,129,0,129,470
12/21/2020,SDL,AZ,AWP,CE,Towers with Radar,0,73,93,0,166,0,6,177,0,183,0,79,270,0,349,162,0,162,511
12/22/2020,SDL,AZ,AWP,CE,Towers with Radar,0,64,73,0,137,0,4,200,0,204,0,68,273,0,341,150,0,150,491
12/23/2020,SDL,AZ,AWP,CE,Towers with Radar,0,85,106,0,191,0,2,146,0,148,0,87,252,0,339,162,0,162,501
12/24/2020,SDL,AZ,AWP,CE,Towers with Radar,0,43,51,0,94,0,5,97,0,102,0,48,148,0,196,121,0,121,317
12/25/2020,SDL,AZ,AWP,CE,Towers with Radar,0,46,24,0,70,0,0,23,0,23,0,46,47,0,93,20,0,20,113
12/26/2020,SDL,AZ,AWP,CE,Towers with Radar,0,110,123,0,233,0,0,139,0,139,0,110,262,0,372,60,0,60,432
12/27/2020,SDL,AZ,AWP,CE,Towers with Radar,0,91,128,0,219,0,3,124,0,127,0,94,252,0,346,136,0,136,482
12/28/2020,SDL,AZ,AWP,CE,Towers with Radar,0,76,142,0,218,0,2,121,0,123,0,78,263,0,341,99,0,99,440
12/29/2020,SDL,AZ,AWP,CE,Towers with Radar,0,87,122,0,209,0,0,159,0,159,0,87,281,0,368,175,0,175,543
12/30/2020,SDL,AZ,AWP,CE,Towers with Radar,0,97,133,0,230,0,3,210,0,213,0,100,343,0,443,84,0,84,527
12/31/2020,SDL,AZ,AWP,CE,Towers with Radar,0,59,74,0,133,0,1,168,0,169,0,60,242,0,302,142,0,142,444
01/01/2021,SDL,AZ,AWP,CE,Towers with Radar,0,57,72,1,130,0,1,64,0,65,0,58,136,1,195,97,0,97,292
01/02/2021,SDL,AZ,AWP,CE,Towers with Radar,0,102,138,0,240,0,2,191,0,193,0,104,329,0,433,110,0,110,543
01/03/2021,SDL,AZ,AWP,CE,Towers with Radar,2,95,157,0,254,0,2,115,0,117,2,97,272,0,371,85,0,85,456
01/04/2021,SDL,AZ,AWP,CE,Towers with Radar,0,75,103,0,178,0,3,150,0,153,0,78,253,0,331,161,0,161,492
01/05/2021,SDL,AZ,AWP,CE,Towers with Radar,0,73,68,0,141,0,10,170,0,180,0,83,238,0,321,198,0,198,519
01/06/2021,SDL,AZ,AWP,CE,Towers with Radar,0,58,81,0,139,0,2,234,0,236,0,60,315,0,375,254,0,254,629
01/07/2021,SDL,AZ,AWP,CE,Towers with Radar,0,72,76,2,150,0,14,197,1,212,0,86,273,3,362,247,0,247,609
01/08/2021,SDL,AZ,AWP,CE,Towers with Radar,0,69,117,0,186,0,6,213,0,219,0,75,330,0,405,233,0,233,638
01/09/2021,SDL,AZ,AWP,CE,Towers with Radar,0,63,72,0,135,0,4,160,0,164,0,67,232,0,299,195,0,195,494
01/10/2021,SDL,AZ,AWP,CE,Towers with Radar,0,66,108,0,174,0,7,126,0,133,0,73,234,0,307,166,0,166,473
01/11/2021,SDL,AZ,AWP,CE,Towers with Radar,0,48,102,0,150,0,5,126,0,131,0,53,228,0,281,142,0,142,423
01/12/2021,SDL,AZ,AWP,CE,Towers with Radar,0,46,86,0,132,0,5,187,0,192,0,51,273,0,324,235,0,235,559
01/13/2021,SDL,AZ,AWP,CE,Towers with Radar,0,66,78,0,144,0,22,192,2,216,0,88,270,2,360,209,0,209,569
01/14/2021,SDL,AZ,AWP,CE,Towers with Radar,0,75,133,0,208,0,5,202,0,207,0,80,335,0,415,135,0,135,550
01/15/2021,SDL,AZ,AWP,CE,Towers with Radar,0,73,117,0,190,0,4,166,0,170,0,77,283,0,360,168,0,168,528
01/16/2021,SDL,AZ,AWP,CE,Towers with Radar,0,65,67,0,132,0,0,186,0,186,0,65,253,0,318,208,0,208,526
01/17/2021,SDL,AZ,AWP,CE,Towers with Radar,0,73,109,0,182,0,5,148,0,153,0,78,257,0,335,166,0,166,501
01/18/2021,SDL,AZ,AWP,CE,Towers with Radar,0,59,124,2,185,0,8,190,0,198,0,67,314,2,383,185,0,185,568
01/19/2021,SDL,AZ,AWP,CE,Towers with Radar,0,54,77,0,131,0,2,132,0,134,0,56,209,0,265,250,0,250,515
01/20/2021,SDL,AZ,AWP,CE,Towers with Radar,0,61,96,3,160,0,4,174,0,178,0,65,270,3,338,198,0,198,536
01/21/2021,SDL,AZ,AWP,CE,Towers with Radar,0,57,99,0,156,0,3,151,0,154,0,60,250,0,310,287,0,287,597
01/22/2021,SDL,AZ,AWP,CE,Towers with Radar,0,62,126,2,190,0,3,138,0,141,0,65,264,2,331,275,0,275,606
01/23/2021,SDL,AZ,AWP,CE,Towers with Radar,0,51,74,0,125,0,2,82,4,88,0,53,156,4,213,180,0,180,393
01/24/2021,SDL,AZ,AWP,CE,Towers with Radar,0,63,111,0,174,0,0,16,1,17,0,63,127,1,191,37,0,37,228
01/25/2021,SDL,AZ,AWP,CE,Towers with Radar,0,68,78,0,146,0,1,21,0,22,0,69,99,0,168,5,0,5,173
01/26/2021,SDL,AZ,AWP,CE,Towers with Radar,0,53,86,0,139,0,3,98,2,103,0,56,184,2,242,233,0,233,475
01/27/2021,SDL,AZ,AWP,CE,Towers with Radar,0,73,91,4,168,0,6,211,4,221,0,79,302,8,389,214,1,215,604
01/28/2021,SDL,AZ,AWP,CE,Towers with Radar,0,84,110,0,194,0,9,214,0,223,0,93,324,0,417,189,0,189,606
01/29/2021,SDL,AZ,AWP,CE,Towers with Radar,0,69,107,2,178,0,5,107,0,112,0,74,214,2,290,151,0,151,441
01/30/2021,SDL,AZ,AWP,CE,Towers with Radar,0,61,72,0,133,0,5,242,0,247,0,66,314,0,380,264,0,264,644
01/31/2021,SDL,AZ,AWP,CE,Towers with Radar,0,76,113,0,189,0,4,187,0,191,0,80,300,0,380,148,0,148,528
02/01/2021,SDL,AZ,AWP,CE,Towers with Radar,0,70,93,0,163,0,52,146,0,198,0,122,239,0,361,242,0,242,603
02/02/2021,SDL,AZ,AWP,CE,Towers with Radar,0,65,77,0,142,0,77,195,0,272,0,142,272,0,414,260,0,260,674
02/03/2021,SDL,AZ,AWP,CE,Towers with Radar,0,62,97,0,159,0,54,168,0,222,0,116,265,0,381,230,0,230,611
02/04/2021,SDL,AZ,AWP,CE,Towers with Radar,0,79,127,0,206,0,39,169,0,208,0,118,296,0,414,93,0,93,507
02/05/2021,SDL,AZ,AWP,CE,Towers with Radar,0,65,117,0,182,0,46,219,0,265,0,111,336,0,447,88,0,88,535
02/06/2021,SDL,AZ,AWP,CE,Towers with Radar,0,58,73,0,131,0,43,141,0,184,0,101,214,0,315,174,0,174,489
02/07/2021,SDL,AZ,AWP,CE,Towers with Radar,0,64,113,0,177,0,26,111,0,137,0,90,224,0,314,90,0,90,404
02/08/2021,SDL,AZ,AWP,CE,Towers with Radar,0,73,128,0,201,0,61,130,0,191,0,134,258,0,392,145,0,145,537
02/09/2021,SDL,AZ,AWP,CE,Towers with Radar,0,67,77,0,144,0,71,184,0,255,0,138,261,0,399,209,0,209,608
02/10/2021,SDL,AZ,AWP,CE,Towers with Radar,0,90,127,0,217,0,61,187,0,248,0,151,314,0,465,219,0,219,684
02/11/2021,SDL,AZ,AWP,CE,Towers with Radar,0,108,153,0,261,0,47,191,0,238,0,155,344,0,499,97,0,97,596
02/12/2021,SDL,AZ,AWP,CE,Towers with Radar,0,93,135,0,228,0,60,190,0,250,0,153,325,0,478,134,0,134,612
02/13/2021,SDL,AZ,AWP,CE,Towers with Radar,0,65,92,0,157,0,32,127,0,159,0,97,219,0,316,149,0,149,465
02/14/2021,SDL,AZ,AWP,CE,Towers with Radar,0,82,87,1,170,0,22,127,0,149,0,104,214,1,319,141,0,141,460
02/15/2021,SDL,AZ,AWP,CE,Towers with Radar,0,108,162,2,272,0,50,136,0,186,0,158,298,2,458,134,0,134,592
02/16/2021,SDL,AZ,AWP,CE,Towers with Radar,0,74,131,1,206,0,40,120,2,162,0,114,251,3,368,118,0,118,486
02/17/2021,SDL,AZ,AWP,CE,Towers with Radar,0,77,129,0,206,0,48,125,0,173,0,125,254,0,379,131,0,131,510
02/18/2021,SDL,AZ,AWP,CE,Towers with Radar,0,83,151,0,234,0,49,163,1,213,0,132,314,1,447,114,0,114,561
02/19/2021,SDL,AZ,AWP,CE,Towers with Radar,0,84,130,0,214,0,53,181,0,234,0,137,311,0,448,170,0,170,618
02/20/2021,SDL,AZ,AWP,CE,Towers with Radar,0,80,95,0,175,0,36,94,2,132,0,116,189,2,307,111,0,111,418
02/21/2021,SDL,AZ,AWP,CE,Towers with Radar,0,106,163,0,269,0,35,143,0,178,0,141,306,0,447,108,0,108,555
02/22/2021,SDL,AZ,AWP,CE,Towers with Radar,0,69,125,0,194,0,75,113,0,188,0,144,238,0,382,204,0,204,586
02/23/2021,SDL,AZ,AWP,CE,Towers with Radar,0,68,109,0,177,0,46,156,0,202,0,114,265,0,379,156,0,156,535
02/24/2021,SDL,AZ,AWP,CE,Towers with Radar,0,72,142,0,214,0,72,135,0,207,0,144,277,0,421,168,0,168,589
02/25/2021,SDL,AZ,AWP,CE,Towers with Radar,0,84,138,0,222,0,39,147,0,186,0,123,285,0,408,152,0,152,560
02/26/2021,SDL,AZ,AWP,CE,Towers with Radar,0,82,120,2,204,0,40,187,0,227,0,122,307,2,431,151,0,151,582
02/27/2021,SDL,AZ,AWP,CE,Towers with Radar,0,73,74,0,147,0,36,177,0,213,0,109,251,0,360,185,0,185,545
02/28/2021,SDL,AZ,AWP,CE,Towers with Radar,0,97,145,0,242,0,10,81,0,91,0,107,226,0,333,47,0,47,380
03/01/2021,SDL,AZ,AWP,CE,Towers with Radar,0,78,113,4,195,2,47,139,0,188,2,125,252,4,383,200,0,200,583
03/02/2021,SDL,AZ,AWP,CE,Towers with Radar,0,78,85,0,163,0,40,133,0,173,0,118,218,0,336,103,0,103,439
03/03/2021,SDL,AZ,AWP,CE,Towers with Radar,0,75,118,0,193,0,21,101,0,122,0,96,219,0,315,109,0,109,424
03/04/2021,SDL,AZ,AWP,CE,Towers with Radar,0,94,112,1,207,0,57,173,0,230,0,151,285,1,437,204,0,204,641
03/05/2021,SDL,AZ,AWP,CE,Towers with Radar,1,94,156,1,252,0,55,202,0,257,1,149,358,1,509,117,0,117,626
03/06/2021,SDL,AZ,AWP,CE,Towers with Radar,0,75,115,0,190,0,40,115,0,155,0,115,230,0,345,174,0,174,519
03/07/2021,SDL,AZ,AWP,CE,Towers with Radar,0,109,184,0,293,0,24,139,0,163,0,133,323,0,456,100,0,100,556
03/08/2021,SDL,AZ,AWP,CE,Towers with Radar,0,75,112,0,187,1,42,143,0,186,1,117,255,0,373,180,0,180,553
03/09/2021,SDL,AZ,AWP,CE,Towers with Radar,0,48,113,0,161,0,41,97,0,138,0,89,210,0,299,167,0,167,466
03/10/2021,SDL,AZ,AWP,CE,Towers with Radar,0,82,134,2,218,0,47,182,0,229,0,129,316,2,447,152,1,153,600
03/11/2021,SDL,AZ,AWP,CE,Towers with Radar,0,91,158,0,249,0,43,144,0,187,0,134,302,0,436,221,0,221,657
03/12/2021,SDL,AZ,AWP,CE,Towers with Radar,0,99,161,1,261,0,21,84,0,105,0,120,245,1,366,79,0,79,445
03/13/2021,SDL,AZ,AWP,CE,Towers with Radar,0,93,135,6,234,0,21,66,0,87,0,114,201,6,321,98,0,98,419
03/14/2021,SDL,AZ,AWP,CE,Towers with Radar,0,99,169,2,270,0,38,99,0,137,0,137,268,2,407,72,0,72,479
03/15/2021,SDL,AZ,AWP,CE,Towers with Radar,0,100,126,3,229,0,39,154,1,194,0,139,280,4,423,113,0,113,536
03/16/2021,SDL,AZ,AWP,CE,Towers with Radar,0,80,127,3,210,0,42,117,0,159,0,122,244,3,369,163,0,163,532
03/17/2021,SDL,AZ,AWP,CE,Towers with Radar,0,117,142,0,259,0,87,183,0,270,0,204,325,0,529,162,0,162,691
03/18/2021,SDL,AZ,AWP,CE,Towers with Radar,0,93,146,2,241,0,75,209,0,284,0,168,355,2,525,106,0,106,631
03/19/2021,SDL,AZ,AWP,CE,Towers with Radar,0,114,199,2,315,0,50,200,0,250,0,164,399,2,565,94,0,94,659
03/20/2021,SDL,AZ,AWP,CE,Towers with Radar,0,82,134,0,216,0,32,149,0,181,0,114,283,0,397,94,0,94,491
03/21/2021,SDL,AZ,AWP,CE,Towers with Radar,0,116,200,0,316,0,28,147,0,175,0,144,347,0,491,57,0,57,548
03/22/2021,SDL,AZ,AWP,CE,Towers with Radar,0,79,121,2,202,0,46,111,0,157,0,125,232,2,359,77,0,77,436
03/23/2021,SDL,AZ,AWP,CE,Towers with Radar,0,79,144,2,225,0,39,113,0,152,0,118,257,2,377,172,0,172,549
03/24/2021,SDL,AZ,AWP,CE,Towers with Radar,0,72,177,0,249,0,60,189,1,250,0,132,366,1,499,131,0,131,630
03/25/2021,SDL,AZ,AWP,CE,Towers with Radar,0,103,157,0,260,0,32,95,3,130,0,135,252,3,390,123,0,123,513
03/26/2021,SDL,AZ,AWP,CE,Towers with Radar,0,88,159,2,249,0,62,160,0,222,0,150,319,2,471,189,2,191,662
03/27/2021,SDL,AZ,AWP,CE,Towers with Radar,0,98,150,0,248,0,64,159,0,223,0,162,309,0,471,136,0,136,607
03/28/2021,SDL,AZ,AWP,CE,Towers with Radar,0,110,213,0,323,0,30,158,0,188,0,140,371,0,511,80,0,80,591
03/29/2021,SDL,AZ,AWP,CE,Towers with Radar,0,74,107,0,181,0,50,151,0,201,0,124,258,0,382,212,0,212,594
03/30/2021,SDL,AZ,AWP,CE,Towers with Radar,0,79,103,0,182,0,60,191,1,252,0,139,294,1,434,176,0,176,610
03/31/2021,SDL,AZ,AWP,CE,Towers with Radar,0,97,119,0,216,0,46,196,0,242,0,143,315,0,458,189,0,189,647
04/01/2021,SDL,AZ,AWP,CE,Towers with Radar,0,106,169,0,275,0,28,149,0,177,0,134,318,0,452,68,0,68,520
04/02/2021,SDL,AZ,AWP,CE,Towers with Radar,0,101,156,0,257,0,67,182,0,249,0,168,338,0,506,185,0,185,691
04/03/2021,SDL,AZ,AWP,CE,Towers with Radar,0,86,96,0,182,0,41,158,0,199,0,127,254,0,381,221,0,221,602
04/04/2021,SDL,AZ,AWP,CE,Towers with Radar,0,79,112,0,191,0,13,85,0,98,0,92,197,0,289,129,0,129,418
04/05/2021,SDL,AZ,AWP,CE,Towers with Radar,0,92,147,0,239,0,50,150,0,200,0,142,297,0,439,148,0,148,587
04/06/2021,SDL,AZ,AWP,CE,Towers with Radar,0,81,110,0,191,0,55,175,0,230,0,136,285,0,421,200,0,200,621
04/07/2021,SDL,AZ,AWP,CE,Towers with Radar,0,68,143,0,211,0,73,212,0,285,0,141,355,0,496,134,0,134,630
04/08/2021,SDL,AZ,AWP,CE,Towers with Radar,0,102,142,0,244,0,31,200,0,231,0,133,342,0,475,149,0,149,624
04/09/2021,SDL,AZ,AWP,CE,Towers with Radar,0,80,150,1,231,0,30,162,0,192,0,110,312,1,423,177,2,179,602
04/10/2021,SDL,AZ,AWP,CE,Towers with Radar,0,81,115,3,199,0,35,147,0,182,0,116,262,3,381,102,0,102,483
04/11/2021,SDL,AZ,AWP,CE,Towers with Radar,0,105,152,3,260,0,15,151,0,166,0,120,303,3,426,54,0,54,480
04/12/2021,SDL,AZ,AWP,CE,Towers with Radar,0,89,135,1,225,0,43,145,0,188,0,132,280,1,413,148,0,148,561
04/13/2021,SDL,AZ,AWP,CE,Towers with Radar,0,82,106,0,188,0,38,163,0,201,0,120,269,0,389,247,0,247,636
04/14/2021,SDL,AZ,AWP,CE,Towers with Radar,0,84,126,3,213,0,57,121,0,178,0,141,247,3,391,200,0,200,591
04/15/2021,SDL,AZ,AWP,CE,Towers with Radar,0,96,188,2,286,0,30,165,0,195,0,126,353,2,481,183,0,183,664
04/16/2021,SDL,AZ,AWP,CE,Towers with Radar,0,65,129,1,195,0,49,160,2,211,0,114,289,3,406,251,0,251,657
04/17/2021,SDL,AZ,AWP,CE,Towers with Radar,0,76,92,1,169,0,33,135,2,170,0,109,227,3,339,160,0,160,499
04/18/2021,SDL,AZ,AWP,CE,Towers with Radar,0,117,165,1,283,0,12,77,0,89,0,129,242,1,372,62,0,62,434
04/19/2021,SDL,AZ,AWP,CE,Towers with Radar,0,81,110,0,191,0,36,135,0,171,0,117,245,0,362,89,0,89,451
04/20/2021,SDL,AZ,AWP,CE,Towers with Radar,0,61,97,0,158,0,61,136,0,197,0,122,233,0,355,205,0,205,560
04/21/2021,SDL,AZ,AWP,CE,Towers with Radar,0,62,123,0,185,0,18,77,0,95,0,80,200,0,280,48,0,48,328
04/22/2021,SDL,AZ,AWP,CE,Towers with Radar,0,92,164,0,256,0,59,183,2,244,0,151,347,2,500,141,0,141,641
04/23/2021,SDL,AZ,AWP,CE,Towers with Radar,0,77,131,1,209,0,37,154,1,192,0,114,285,2,401,199,0,199,600
04/24/2021,SDL,AZ,AWP,CE,Towers with Radar,0,70,72,1,143,0,39,152,1,192,0,109,224,2,335,166,0,166,501
04/25/2021,SDL,AZ,AWP,CE,Towers with Radar,0,106,179,2,287,0,28,142,1,171,0,134,321,3,458,63,0,63,521
04/26/2021,SDL,AZ,AWP,CE,Towers with Radar,0,79,120,1,200,0,41,103,0,144,0,120,223,1,344,121,0,121,465
04/27/2021,SDL,AZ,AWP,CE,Towers with Radar,0,74,84,0,158,0,43,126,1,170,0,117,210,1,328,316,0,316,644
04/28/2021,SDL,AZ,AWP,CE,Towers with Radar,0,85,130,0,215,0,41,156,0,197,0,126,286,0,412,156,0,156,568
04/29/2021,SDL,AZ,AWP,CE,Towers with Radar,0,91,157,0,248,0,37,228,1,266,0,128,385,1,514,147,0,147,661
04/30/2021,SDL,AZ,AWP,CE,Towers with Radar,0,110,116,14,240,0,41,184,0,225,0,151,300,14,465,136,0,136,601
05/01/2021,SDL,AZ,AWP,CE,Towers with Radar,0,76,95,1,172,0,41,139,0,180,0,117,234,1,352,160,0,160,512
05/02/2021,SDL,AZ,AWP,CE,Towers with Radar,1,92,161,10,264,0,25,105,0,130,1,117,266,10,394,82,0,82,476
05/03/2021,SDL,AZ,AWP,CE,Towers with Radar,0,82,113,2,197,0,53,160,0,213,0,135,273,2,410,244,0,244,654
05/04/2021,SDL,AZ,AWP,CE,Towers with Radar,0,77,88,2,167,1,73,114,0,188,1,150,202,2,355,290,0,290,645
05/05/2021,SDL,AZ,AWP,CE,Towers with Radar,0,87,129,1,217,0,56,144,0,200,0,143,273,1,417,244,0,244,661
05/06/2021,SDL,AZ,AWP,CE,Towers with Radar,0,96,142,1,239,0,46,114,0,160,0,142,256,1,399,160,0,160,559
05/07/2021,SDL,AZ,AWP,CE,Towers with Radar,0,99,132,0,231,0,50,161,0,211,0,149,293,0,442,196,0,196,638
05/08/2021,SDL,AZ,AWP,CE,Towers with Radar,0,70,107,0,177,0,43,121,0,164,0,113,228,0,341,190,0,190,531
05/09/2021,SDL,AZ,AWP,CE,Towers with Radar,0,77,128,0,205,0,37,106,0,143,0,114,234,0,348,156,0,156,504
05/10/2021,SDL,AZ,AWP,CE,Towers with Radar,0,90,120,0,210,0,49,137,0,186,0,139,257,0,396,252,0,252,648
05/11/2021,SDL,AZ,AWP,CE,Towers with Radar,0,83,117,0,200,0,43,124,0,167,0,126,241,0,367,158,0,158,525
05/12/2021,SDL,AZ,AWP,CE,Towers with Radar,0,84,131,2,217,0,47,105,0,152,0,131,236,2,369,261,0,261,630
05/13/2021,SDL,AZ,AWP,CE,Towers with Radar,0,92,145,1,238,0,44,133,0,177,0,136,278,1,415,137,0,137,552
05/14/2021,SDL,AZ,AWP,CE,Towers with Radar,0,110,111,1,222,0,41,165,1,207,0,151,276,2,429,186,0,186,615
05/15/2021,SDL,AZ,AWP,CE,Towers with Radar,0,81,84,1,166,0,27,134,0,161,0,108,218,1,327,133,0,133,460
05/16/2021,SDL,AZ,AWP,CE,Towers with Radar,1,89,135,3,228,0,21,90,0,111,1,110,225,3,339,92,0,92,431
05/17/2021,SDL,AZ,AWP,CE,Towers with Radar,0,78,113,1,192,0,51,130,0,181,0,129,243,1,373,171,0,171,544
05/18/2021,SDL,AZ,AWP,CE,Towers with Radar,0,75,88,2,165,0,40,167,0,207,0,115,255,2,372,221,0,221,593
05/19/2021,SDL,AZ,AWP,CE,Towers with Radar,0,73,126,1,200,0,50,168,1,219,0,123,294,2,419,192,1,193,612
05/20/2021,SDL,AZ,AWP,CE,Towers with Radar,0,87,121,6,214,0,29,115,1,145,0,116,236,7,359,217,0,217,576
05/21/2021,SDL,AZ,AWP,CE,Towers with Radar,0,88,121,0,209,0,31,133,3,167,0,119,254,3,376,165,0,165,541
05/22/2021,SDL,AZ,AWP,CE,Towers with Radar,0,59,91,0,150,0,57,130,3,190,0,116,221,3,340,209,0,209,549
05/23/2021,SDL,AZ,AWP,CE,Towers with Radar,0,69,135,0,204,0,44,155,2,201,0,113,290,2,405,164,0,164,569
05/24/2021,SDL,AZ,AWP,CE,Towers with Radar,0,90,121,0,211,0,57,110,0,167,0,147,231,0,378,193,0,193,571
05/25/2021,SDL,AZ,AWP,CE,Towers with Radar,0,63,111,0,174,0,73,143,3,219,0,136,254,3,393,200,0,200,593
05/26/2021,SDL,AZ,AWP,CE,Towers with Radar,0,81,106,0,187,0,55,124,1,180,0,136,230,1,367,171,1,172,539
05/27/2021,SDL,AZ,AWP,CE,Towers with Radar,0,85,166,1,252,0,46,141,0,187,0,131,307,1,439,169,0,169,608
05/28/2021,SDL,AZ,AWP,CE,Towers with Radar,0,81,146,7,234,0,44,133,4,181,0,125,279,11,415,152,5,157,572
05/29/2021,SDL,AZ,AWP,CE,Towers with Radar,0,74,57,10,141,0,21,86,1,108,0,95,143,11,249,176,0,176,425
05/30/2021,SDL,AZ,AWP,CE,Towers with Radar,0,62,59,5,126,0,14,112,1,127,0,76,171,6,253,162,0,162,415
05/31/2021,SDL,AZ,AWP,CE,Towers with Radar,0,88,128,1,217,0,39,139,3,181,0,127,267,4,398,121,0,121,519
06/01/2021,SDL,AZ,AWP,CE,Towers with Radar,0,82,108,0,190,0,34,135,0,169,0,116,243,0,359,187,0,187,546
06/02/2021,SDL,AZ,AWP,CE,Towers with Radar,0,74,103,3,180,0,37,131,0,168,0,111,234,3,348,103,0,103,451
06/03/2021,SDL,AZ,AWP,CE,Towers with Radar,0,69,115,0,184,0,56,141,0,197,0,125,256,0,381,177,0,177,558
06/04/2021,SDL,AZ,AWP,CE,Towers with Radar,0,69,105,1,175,0,57,163,1,221,0,126,268,2,396,168,0,168,564
06/05/2021,SDL,AZ,AWP,CE,Towers with Radar,0,53,66,0,119,0,34,99,0,133,0,87,165,0,252,188,0,188,440
06/06/2021,SDL,AZ,AWP,CE,Towers with Radar,0,78,95,3,176,0,20,75,0,95,0,98,170,3,271,91,0,91,362
06/07/2021,SDL,AZ,AWP,CE,Towers with Radar,1,58,91,2,152,0,76,93,0,169,1,134,184,2,321,154,1,155,476
06/08/2021,SDL,AZ,AWP,CE,Towers with Radar,0,63,71,0,134,0,67,107,0,174,0,130,178,0,308,175,0,175,483
06/09/2021,SDL,AZ,AWP,CE,Towers with Radar,0,55,83,0,138,0,56,139,0,195,0,111,222,0,333,227,0,227,560
06/10/2021,SDL,AZ,AWP,CE,Towers with Radar,0,63,114,2,179,0,46,128,1,175,0,109,242,3,354,151,0,151,505
06/11/2021,SDL,AZ,AWP,CE,Towers with Radar,0,52,91,6,149,0,47,110,0,157,0,99,201,6,306,163,2,165,471
06/12/2021,SDL,AZ,AWP,CE,Towers with Radar,0,37,81,1,119,0,47,125,0,172,0,84,206,1,291,164,0,164,455
06/13/2021,SDL,AZ,AWP,CE,Towers with Radar,0,71,113,1,185,0,24,89,0,113,0,95,202,1,298,173,0,173,471
06/14/2021,SDL,AZ,AWP,CE,Towers with Radar,0,45,115,2,162,0,54,93,2,149,0,99,208,4,311,129,0,129,440
06/15/2021,SDL,AZ,AWP,CE,Towers with Radar,0,49,97,0,146,0,51,86,1,138,0,100,183,1,284,233,1,234,518
06/16/2021,SDL,AZ,AWP,CE,Towers with Radar,0,62,92,0,154,0,42,86,0,128,0,104,178,0,282,132,0,132,414
06/17/2021,SDL,AZ,AWP,CE,Towers with Radar,0,69,95,0,164,0,35,83,0,118,0,104,178,0,282,147,0,147,429
06/18/2021,SDL,AZ,AWP,CE,Towers with Radar,0,48,119,5,172,0,43,105,0,148,0,91,224,5,320,75,0,75,395
06/19/2021,SDL,AZ,AWP,CE,Towers with Radar,0,35,82,0,117,0,36,94,0,130,0,71,176,0,247,165,0,165,412
06/20/2021,SDL,AZ,AWP,CE,Towers with Radar,0,55,99,3,157,0,13,70,0,83,0,68,169,3,240,71,0,71,311
06/21/2021,SDL,AZ,AWP,CE,Towers with Radar,0,72,100,0,172,0,35,87,0,122,0,107,187,0,294,180,0,180,474
06/22/2021,SDL,AZ,AWP,CE,Towers with Radar,1,72,83,0,156,0,42,101,0,143,1,114,184,0,299,190,0,190,489
06/23/2021,SDL,AZ,AWP,CE,Towers with Radar,0,53,95,0,148,0,48,84,0,132,0,101,179,0,280,185,0,185,465
06/24/2021,SDL,AZ,AWP,CE,Towers with Radar,0,63,100,0,163,0,68,142,0,210,0,131,242,0,373,204,0,204,577
06/25/2021,SDL,AZ,AWP,CE,Towers with Radar,0,58,117,1,176,0,57,137,0,194,0,115,254,1,370,187,0,187,557
06/26/2021,SDL,AZ,AWP,CE,Towers with Radar,0,44,58,11,113,0,46,107,5,158,0,90,165,16,271,161,0,161,432
06/27/2021,SDL,AZ,AWP,CE,Towers with Radar,0,46,113,0,159,0,35,77,0,112,0,81,190,0,271,202,0,202,473
06/28/2021,SDL,AZ,AWP,CE,Towers with Radar,0,36,85,5,126,0,42,60,10,112,0,78,145,15,238,88,0,88,326
06/29/2021,SDL,AZ,AWP,CE,Towers with Radar,0,47,52,4,103,0,30,76,0,106,0,77,128,4,209,194,0,194,403
06/30/2021,SDL,AZ,AWP,CE,Towers with Radar,0,61,99,3,163,0,29,87,3,119,0,90,186,6,282,218,0,218,500
07/01/2021,SDL,AZ,AWP,CE,Towers with Radar,0,56,114,3,173,0,51,132,1,184,0,107,246,4,357,190,0,190,547
07/02/2021,SDL,AZ,AWP,CE,Towers with Radar,0,54,94,0,148,0,44,87,0,131,0,98,181,0,279,125,0,125,404
07/03/2021,SDL,AZ,AWP,CE,Towers with Radar,0,31,47,0,78,0,42,74,0,116,0,73,121,0,194,174,0,174,368
07/04/2021,SDL,AZ,AWP,CE,Towers with Radar,0,12,30,0,42,0,13,60,0,73,0,25,90,0,115,132,0,132,247
07/05/2021,SDL,AZ,AWP,CE,Towers with Radar,0,34,73,0,107,0,41,81,0,122,0,75,154,0,229,206,0,206,435
07/06/2021,SDL,AZ,AWP,CE,Towers with Radar,0,1,1,0,2,0,5,2,0,7,0,6,3,0,9,0,0,0,9
07/07/2021,SDL,AZ,AWP,CE,Towers with Radar,0,0,1,1,2,0,2,11,0,13,0,2,12,1,15,0,0,0,15
07/08/2021,SDL,AZ,AWP,CE,Towers with Radar,0,1,0,0,1,0,3,17,0,20,0,4,17,0,21,0,0,0,21
07/09/2021,SDL,AZ,AWP,CE,Towers with Radar,0,1,0,0,1,0,7,9,0,16,0,8,9,0,17,0,0,0,17
07/10/2021,SDL,AZ,AWP,CE,Towers with Radar,0,1,0,0,1,0,1,13,0,14,0,2,13,0,15,0,0,0,15
07/11/2021,SDL,AZ,AWP,CE,Towers with Radar,0,0,0,0,0,0,3,3,0,6,0,3,3,0,6,0,0,0,6
07/12/2021,SDL,AZ,AWP,CE,Towers with Radar,0,0,0,0,0,0,7,6,0,13,0,7,6,0,13,2,0,2,15
07/13/2021,SDL,AZ,AWP,CE,Towers with Radar,0,1,1,0,2,0,6,14,0,20,0,7,15,0,22,2,0,2,24
07/14/2021,SDL,AZ,AWP,CE,Towers with Radar,0,0,1,0,1,0,2,11,0,13,0,2,12,0,14,0,0,0,14
07/15/2021,SDL,AZ,AWP,CE,Towers with Radar,0,0,0,0,0,0,5,18,0,23,0,5,18,0,23,0,0,0,23
07/16/2021,SDL,AZ,AWP,CE,Towers with Radar,0,1,0,0,1,0,0,11,0,11,0,1,11,0,12,12,0,12,24
07/17/2021,SDL,AZ,AWP,CE,Towers with Radar,0,0,1,0,1,0,0,13,1,14,0,0,14,1,15,0,0,0,15
07/18/2021,SDL,AZ,AWP,CE,Towers with Radar,0,0,0,0,0,0,0,3,1,4,0,0,3,1,4,0,0,0,4
07/19/2021,SDL,AZ,AWP,CE,Towers with Radar,0,1,0,0,1,0,1,16,0,17,0,2,16,0,18,0,0,0,18
07/20/2021,SDL,AZ,AWP,CE,Towers with Radar,0,1,1,0,2,0,0,11,0,11,0,1,12,0,13,0,0,0,13
07/21/2021,SDL,AZ,AWP,CE,Towers with Radar,0,0,1,0,1,0,0,1,0,1,0,0,2,0,2,0,0,0,2
07/22/2021,SDL,AZ,AWP,CE,Towers with Radar,0,0,2,0,2,0,0,13,0,13,0,0,15,0,15,0,0,0,15
07/23/2021,SDL,AZ,AWP,CE,Towers with Radar,0,0,0,0,0,0,0,5,0,5,0,0,5,0,5,0,0,0,5
07/24/2021,SDL,AZ,AWP,CE,Towers with Radar,0,0,0,0,0,0,2,2,0,4,0,2,2,0,4,0,0,0,4
07/25/2021,SDL,AZ,AWP,CE,Towers with Radar,0,0,0,0,0,0,0,10,0,10,0,0,10,0,10,0,0,0,10
07/26/2021,SDL,AZ,AWP,CE,Towers with Radar,0,2,3,0,5,0,4,6,0,10,0,6,9,0,15,0,0,0,15
07/27/2021,SDL,AZ,AWP,CE,Towers with Radar,0,4,0,0,4,0,1,19,0,20,0,5,19,0,24,0,0,0,24
07/28/2021,SDL,AZ,AWP,CE,Towers with Radar,0,2,1,0,3,0,2,15,0,17,0,4,16,0,20,0,0,0,20
07/29/2021,SDL,AZ,AWP,CE,Towers with Radar,0,3,0,0,3,0,4,11,0,15,0,7,11,0,18,0,0,0,18
07/30/2021,SDL,AZ,AWP,CE,Towers with Radar,0,1,1,0,2,0,2,13,0,15,0,3,14,0,17,0,0,0,17
07/31/2021,SDL,AZ,AWP,CE,Towers with Radar,0,0,1,0,1,0,1,14,0,15,0,1,15,0,16,0,0,0,16
08/01/2021,SDL,AZ,AWP,CE,Towers with Radar,0,1,0,0,1,0,1,3,0,4,0,2,3,0,5,0,0,0,5
08/02/2021,SDL,AZ,AWP,CE,Towers with Radar,0,1,2,0,3,0,6,11,0,17,0,7,13,0,20,0,0,0,20
08/03/2021,SDL,AZ,AWP,CE,Towers with Radar,0,5,0,0,5,0,6,7,0,13,0,11,7,0,18,0,0,0,18
08/04/2021,SDL,AZ,AWP,CE,Towers with Radar,0,0,0,0,0,0,1,7,0,8,0,1,7,0,8,0,0,0,8
08/05/2021,SDL,AZ,AWP,CE,Towers with Radar,0,0,1,0,1,0,0,9,0,9,0,0,10,0,10,0,0,0,10
08/06/2021,SDL,AZ,AWP,CE,Towers with Radar,0,0,0,0,0,0,4,9,0,13,0,4,9,0,13,0,0,0,13
08/07/2021,SDL,AZ,AWP,CE,Towers with Radar,0,1,0,0,1,0,1,16,1,18,0,2,16,1,19,0,0,0,19
08/08/2021,SDL,AZ,AWP,CE,Towers with Radar,0,0,1,0,1,0,0,4,0,4,0,0,5,0,5,0,0,0,5
08/09/2021,SDL,AZ,AWP,CE,Towers with Radar,0,2,2,0,4,0,2,9,0,11,0,4,11,0,15,0,0,0,15
08/10/2021,SDL,AZ,AWP,CE,Towers with Radar,0,0,1,0,1,0,3,8,0,11,0,3,9,0,12,0,0,0,12
08/11/2021,SDL,AZ,AWP,CE,Towers with Radar,0,1,0,0,1,0,1,8,0,9,0,2,8,0,10,0,0,0,10
08/12/2021,SDL,AZ,AWP,CE,Towers with Radar,0,3,0,0,3,0,2,7,0,9,0,5,7,0,12,0,0,0,12
08/13/2021,SDL,AZ,AWP,CE,Towers with Radar,0,2,0,0,2,0,5,27,0,32,0,7,27,0,34,0,0,0,34
08/14/2021,SDL,AZ,AWP,CE,Towers with Radar,0,4,23,0,27,0,9,43,0,52,0,13,66,0,79,10,0,10,89
08/15/2021,SDL,AZ,AWP,CE,Towers with Radar,0,8,47,0,55,0,20,61,0,81,0,28,108,0,136,128,0,128,264
08/16/2021,SDL,AZ,AWP,CE,Towers with Radar,0,24,63,0,87,0,33,69,0,102,0,57,132,0,189,136,0,136,325
08/17/2021,SDL,AZ,AWP,CE,Towers with Radar,0,30,42,0,72,0,28,79,0,107,0,58,121,0,179,154,0,154,333
08/18/2021,SDL,AZ,AWP,CE,Towers with Radar,0,28,80,0,108,0,20,44,0,64,0,48,124,0,172,157,0,157,329
08/19/2021,SDL,AZ,AWP,CE,Towers with Radar,0,29,72,0,101,0,32,99,0,131,0,61,171,0,232,183,0,183,415
08/20/2021,SDL,AZ,AWP,CE,Towers with Radar,0,45,86,0,131,0,50,101,0,151,0,95,187,0,282,174,0,174,456
08/21/2021,SDL,AZ,AWP,CE,Towers with Radar,0,31,44,0,75,0,34,81,0,115,0,65,125,0,190,124,0,124,314
08/22/2021,SDL,AZ,AWP,CE,Towers with Radar,0,32,81,0,113,0,26,94,0,120,0,58,175,0,233,174,0,174,407
08/23/2021,SDL,AZ,AWP,CE,Towers with Radar,0,49,80,0,129,0,56,92,0,148,0,105,172,0,277,96,0,96,373
08/24/2021,SDL,AZ,AWP,CE,Towers with Radar,0,51,93,0,144,0,52,112,1,165,0,103,205,1,309,188,0,188,497
08/25/2021,SDL,AZ,AWP,CE,Towers with Radar,0,46,73,2,121,0,33,116,4,153,0,79,189,6,274,126,0,126,400
08/26/2021,SDL,AZ,AWP,CE,Towers with Radar,0,39,105,0,144,0,32,88,1,121,0,71,193,1,265,112,0,112,377
08/27/2021,SDL,AZ,AWP,CE,Towers with Radar,0,38,83,2,123,0,38,107,2,147,0,76,190,4,270,159,0,159,429
08/28/2021,SDL,AZ,AWP,CE,Towers with Radar,0,24,60,2,86,0,33,81,0,114,0,57,141,2,200,178,0,178,378
08/29/2021,SDL,AZ,AWP,CE,Towers with Radar,0,42,97,4,143,0,32,70,1,103,0,74,167,5,246,141,0,141,387
08/30/2021,SDL,AZ,AWP,CE,Towers with Radar,0,36,101,0,137,0,42,80,0,122,0,78,181,0,259,208,0,208,467
08/31/2021,SDL,AZ,AWP,CE,Towers with Radar,0,37,70,0,107,0,37,62,0,99,0,74,132,0,206,173,0,173,379
09/01/2021,SDL,AZ,AWP,CE,Towers with Radar,1,57,92,0,150,0,13,62,0,75,1,70,154,0,225,97,0,97,322
09/02/2021,SDL,AZ,AWP,CE,Towers with Radar,0,49,113,1,163,0,40,139,0,179,0,89,252,1,342,152,0,152,494
09/03/2021,SDL,AZ,AWP,CE,Towers with Radar,0,64,132,0,196,0,31,92,2,125,0,95,224,2,321,115,0,115,436
09/04/2021,SDL,AZ,AWP,CE,Towers with Radar,0,25,55,2,82,0,40,103,3,146,0,65,158,5,228,242,0,242,470
09/05/2021,SDL,AZ,AWP,CE,Towers with Radar,0,25,72,0,97,0,22,88,0,110,0,47,160,0,207,106,0,106,313
09/06/2021,SDL,AZ,AWP,CE,Towers with Radar,0,58,124,1,183,0,39,118,0,157,0,97,242,1,340,175,0,175,515
09/07/2021,SDL,AZ,AWP,CE,Towers with Radar,0,57,87,0,144,0,43,90,0,133,0,100,177,0,277,207,0,207,484
09/08/2021,SDL,AZ,AWP,CE,Towers with Radar,0,53,77,0,130,0,49,122,1,172,0,102,199,1,302,162,2,164,466
09/09/2021,SDL,AZ,AWP,CE,Towers with Radar,0,54,90,1,145,0,52,121,2,175,0,106,211,3,320,236,0,236,556
09/10/2021,SDL,AZ,AWP,CE,Towers with Radar,0,51,108,0,159,0,57,155,2,214,0,108,263,2,373,267,4,271,644
09/11/2021,SDL,AZ,AWP,CE,Towers with Radar,0,44,59,0,103,0,33,97,0,130,0,77,156,0,233,139,0,139,372
09/12/2021,SDL,AZ,AWP,CE,Towers with Radar,0,62,116,0,178,0,8,81,1,90,0,70,197,1,268,103,0,103,371
09/13/2021,SDL,AZ,AWP,CE,Towers with Radar,0,45,89,0,134,0,45,85,0,130,0,90,174,0,264,219,0,219,483
09/14/2021,SDL,AZ,AWP,CE,Towers with Radar,0,46,66,0,112,0,31,104,0,135,0,77,170,0,247,279,0,279,526
09/15/2021,SDL,AZ,AWP,CE,Towers with Radar,0,60,98,2,160,0,21,116,0,137,0,81,214,2,297,223,0,223,520
09/16/2021,SDL,AZ,AWP,CE,Towers with Radar,0,54,111,0,165,0,53,129,0,182,0,107,240,0,347,271,0,271,618
09/17/2021,SDL,AZ,AWP,CE,Towers with Radar,0,36,92,0,128,0,31,140,0,171,0,67,232,0,299,148,0,148,447
09/18/2021,SDL,AZ,AWP,CE,Towers with Radar,0,40,64,0,104,0,33,103,2,138,0,73,167,2,242,191,0,191,433
09/19/2021,SDL,AZ,AWP,CE,Towers with Radar,0,78,120,0,198,0,22,111,1,134,0,100,231,1,332,66,0,66,398
09/20/2021,SDL,AZ,AWP,CE,Towers with Radar,0,51,107,0,158,0,37,107,0,144,0,88,214,0,302,180,0,180,482
09/21/2021,SDL,AZ,AWP,CE,Towers with Radar,0,52,79,0,131,0,25,107,0,132,0,77,186,0,263,170,0,170,433
09/22/2021,SDL,AZ,AWP,CE,Towers with Radar,0,54,131,0,185,0,30,174,0,204,0,84,305,0,389,191,0,191,580
09/23/2021,SDL,AZ,AWP,CE,Towers with Radar,0,72,142,0,214,0,54,142,0,196,0,126,284,0,410,129,0,129,539
09/24/2021,SDL,AZ,AWP,CE,Towers with Radar,0,54,142,0,196,0,48,123,0,171,0,102,265,0,367,201,0,201,568
09/25/2021,SDL,AZ,AWP,CE,Towers with Radar,0,41,89,0,130,0,46,126,0,172,0,87,215,0,302,190,0,190,492
09/26/2021,SDL,AZ,AWP,CE,Towers with Radar,0,54,172,0,226,0,4,36,0,40,0,58,208,0,266,31,0,31,297
09/27/2021,SDL,AZ,AWP,CE,Towers with Radar,0,50,111,0,161,0,122,112,0,234,0,172,223,0,395,184,0,184,579
09/28/2021,SDL,AZ,AWP,CE,Towers with Radar,0,52,87,0,139,0,43,124,0,167,0,95,211,0,306,204,0,204,510
09/29/2021,SDL,AZ,AWP,CE,Towers with Radar,0,40,88,0,128,0,57,109,0,166,0,97,197,0,294,211,0,211,505
09/30/2021,SDL,AZ,AWP,CE,Towers with Radar,0,51,124,0,175,0,33,103,0,136,0,84,227,0,311,175,0,175,486
10/01/2021,SDL,AZ,AWP,CE,Towers with Radar,0,70,122,1,193,0,52,150,2,204,0,122,272,3,397,173,0,173,570
10/02/2021,SDL,AZ,AWP,CE,Towers with Radar,0,46,70,3,119,0,35,106,5,146,0,81,176,8,265,154,0,154,419
10/03/2021,SDL,AZ,AWP,CE,Towers with Radar,0,69,138,0,207,0,39,78,0,117,0,108,216,0,324,136,0,136,460
10/04/2021,SDL,AZ,AWP,CE,Towers with Radar,0,75,111,0,186,0,46,104,0,150,0,121,215,0,336,255,0,255,591
10/05/2021,SDL,AZ,AWP,CE,Towers with Radar,0,57,80,0,137,0,29,55,0,84,0,86,135,0,221,119,0,119,340
10/06/2021,SDL,AZ,AWP,CE,Towers with Radar,0,77,122,0,199,0,53,158,0,211,0,130,280,0,410,205,0,205,615
10/07/2021,SDL,AZ,AWP,CE,Towers with Radar,0,81,132,0,213,0,57,153,0,210,0,138,285,0,423,144,0,144,567
10/08/2021,SDL,AZ,AWP,CE,Towers with Radar,0,74,164,0,238,0,52,116,1,169,0,126,280,1,407,215,0,215,622
10/09/2021,SDL,AZ,AWP,CE,Towers with Radar,0,63,97,2,162,0,31,95,0,126,0,94,192,2,288,171,0,171,459
10/10/2021,SDL,AZ,AWP,CE,Towers with Radar,0,65,135,0,200,0,10,92,0,102,0,75,227,0,302,143,0,143,445
10/11/2021,SDL,AZ,AWP,CE,Towers with Radar,0,72,137,1,210,0,36,89,0,125,0,108,226,1,335,80,0,80,415
10/12/2021,SDL,AZ,AWP,CE,Towers with Radar,0,64,113,0,177,0,33,86,0,119,0,97,199,0,296,243,0,243,539
10/13/2021,SDL,AZ,AWP,CE,Towers with Radar,0,65,141,4,210,0,49,130,1,180,0,114,271,5,390,226,1,227,617
10/14/2021,SDL,AZ,AWP,CE,Towers with Radar,0,80,120,0,200,0,51,126,0,177,0,131,246,0,377,131,0,131,508
10/15/2021,SDL,AZ,AWP,CE,Towers with Radar,0,82,150,0,232,0,33,101,0,134,0,115,251,0,366,90,0,90,456
10/16/2021,SDL,AZ,AWP,CE,Towers with Radar,0,54,94,0,148,0,41,101,0,142,0,95,195,0,290,53,0,53,343
10/17/2021,SDL,AZ,AWP,CE,Towers with Radar,0,88,131,0,219,0,21,86,1,108,0,109,217,1,327,75,0,75,402
10/18/2021,SDL,AZ,AWP,CE,Towers with Radar,0,71,114,2,187,0,30,101,0,131,0,101,215,2,318,161,0,161,479
10/19/2021,SDL,AZ,AWP,CE,Towers with Radar,0,64,107,0,171,0,51,100,0,151,0,115,207,0,322,128,0,128,450
10/20/2021,SDL,AZ,AWP,CE,Towers with Radar,0,78,143,1,222,0,53,140,0,193,0,131,283,1,415,194,0,194,609
10/21/2021,SDL,AZ,AWP,CE,Towers with Radar,0,78,133,0,211,0,52,123,1,176,0,130,256,1,387,105,0,105,492
10/22/2021,SDL,AZ,AWP,CE,Towers with Radar,0,82,145,4,231,0,39,157,0,196,0,121,302,4,427,143,0,143,570
10/23/2021,SDL,AZ,AWP,CE,Towers with Radar,0,74,104,0,178,0,27,129,0,156,0,101,233,0,334,180,0,180,514
10/24/2021,SDL,AZ,AWP,CE,Towers with Radar,0,81,151,2,234,0,22,100,0,122,0,103,251,2,356,152,0,152,508
10/25/2021,SDL,AZ,AWP,CE,Towers with Radar,0,60,121,2,183,0,45,97,0,142,0,105,218,2,325,182,0,182,507
10/26/2021,SDL,AZ,AWP,CE,Towers with Radar,0,76,110,0,186,6,62,117,0,185,6,138,227,0,371,180,0,180,551
10/27/2021,SDL,AZ,AWP,CE,Towers with Radar,0,68,129,0,197,0,43,136,0,179,0,111,265,0,376,189,0,189,565
10/28/2021,SDL,AZ,AWP,CE,Towers with Radar,0,71,154,0,225,0,57,161,1,219,0,128,315,1,444,142,0,142,586
10/29/2021,SDL,AZ,AWP,CE,Towers with Radar,0,78,137,1,216,0,48,121,0,169,0,126,258,1,385,155,0,155,540
10/30/2021,SDL,AZ,AWP,CE,Towers with Radar,0,41,78,0,119,0,31,103,0,134,0,72,181,0,253,125,0,125,378
10/31/2021,SDL,AZ,AWP,CE,Towers with Radar,0,67,121,0,188,0,15,73,0,88,0,82,194,0,276,80,0,80,356
11/01/2021,SDL,AZ,AWP,CE,Towers with Radar,0,73,144,1,218,0,38,86,0,124,0,111,230,1,342,141,0,141,483
11/02/2021,SDL,AZ,AWP,CE,Towers with Radar,0,74,111,3,188,0,62,100,1,163,0,136,211,4,351,156,0,156,507
11/03/2021,SDL,AZ,AWP,CE,Towers with Radar,1,91,144,0,236,0,47,141,0,188,1,138,285,0,424,121,0,121,545
11/04/2021,SDL,AZ,AWP,CE,Towers with Radar,0,89,184,1,274,0,36,137,2,175,0,125,321,3,449,155,0,155,604
11/05/2021,SDL,AZ,AWP,CE,Towers with Radar,0,98,151,2,251,0,57,114,0,171,0,155,265,2,422,84,0,84,506
11/06/2021,SDL,AZ,AWP,CE,Towers with Radar,0,72,83,1,156,0,33,119,1,153,0,105,202,2,309,73,0,73,382
11/07/2021,SDL,AZ,AWP,CE,Towers with Radar,0,101,189,0,290,0,18,126,0,144,0,119,315,0,434,60,0,60,494
11/08/2021,SDL,AZ,AWP,CE,Towers with Radar,0,74,143,0,217,0,42,102,1,145,0,116,245,1,362,147,0,147,509
11/09/2021,SDL,AZ,AWP,CE,Towers with Radar,0,88,121,1,210,0,54,85,0,139,0,142,206,1,349,160,0,160,509
11/10/2021,SDL,AZ,AWP,CE,Towers with Radar,0,80,160,0,240,0,40,121,0,161,0,120,281,0,401,102,0,102,503
11/11/2021,SDL,AZ,AWP,CE,Towers with Radar,0,91,153,2,246,0,43,127,0,170,0,134,280,2,416,58,0,58,474
11/12/2021,SDL,AZ,AWP,CE,Towers with Radar,0,89,170,0,259,0,37,186,1,224,0,126,356,1,483,144,0,144,627
11/13/2021,SDL,AZ,AWP,CE,Towers with Radar,0,62,86,2,150,1,52,152,0,205,1,114,238,2,355,146,0,146,501
11/14/2021,SDL,AZ,AWP,CE,Towers with Radar,0,100,147,0,247,0,24,166,0,190,0,124,313,0,437,95,0,95,532
11/15/2021,SDL,AZ,AWP,CE,Towers with Radar,0,78,129,0,207,0,67,154,0,221,0,145,283,0,428,88,0,88,516
11/16/2021,SDL,AZ,AWP,CE,Towers with Radar,0,82,127,0,209,0,60,149,2,211,0,142,276,2,420,187,0,187,607
11/17/2021,SDL,AZ,AWP,CE,Towers with Radar,0,80,144,2,226,0,60,164,1,225,0,140,308,3,451,142,0,142,593
11/18/2021,SDL,AZ,AWP,CE,Towers with Radar,0,108,153,0,261,0,45,147,0,192,0,153,300,0,453,47,0,47,500
11/19/2021,SDL,AZ,AWP,CE,Towers with Radar,0,90,170,2,262,0,66,143,0,209,0,156,313,2,471,62,0,62,533
11/20/2021,SDL,AZ,AWP,CE,Towers with Radar,0,71,108,0,179,0,59,159,1,219,0,130,267,1,398,116,0,116,514
11/21/2021,SDL,AZ,AWP,CE,Towers with Radar,0,95,172,0,267,0,13,87,0,100,0,108,259,0,367,47,0,47,414
11/22/2021,SDL,AZ,AWP,CE,Towers with Radar,0,98,132,2,232,0,66,113,2,181,0,164,245,4,413,99,0,99,512
11/23/2021,SDL,AZ,AWP,CE,Towers with Radar,2,93,141,2,238,0,73,146,0,219,2,166,287,2,457,164,0,164,621
11/24/2021,SDL,AZ,AWP,CE,Towers with Radar,1,71,155,1,228,0,32,123,2,157,1,103,278,3,385,98,0,98,483
11/25/2021,SDL,AZ,AWP,CE,Towers with Radar,0,36,29,0,65,0,3,28,0,31,0,39,57,0,96,17,0,17,113
11/26/2021,SDL,AZ,AWP,CE,Towers with Radar,0,59,86,0,145,0,24,112,0,136,0,83,198,0,281,97,0,97,378
11/27/2021,SDL,AZ,AWP,CE,Towers with Radar,0,99,141,1,241,0,23,118,0,141,0,122,259,1,382,33,0,33,415
11/28/2021,SDL,AZ,AWP,CE,Towers with Radar,1,104,215,0,320,0,22,101,0,123,1,126,316,0,443,61,0,61,504
11/29/2021,SDL,AZ,AWP,CE,Towers with Radar,0,100,124,3,227,0,38,115,0,153,0,138,239,3,380,133,0,133,513
11/30/2021,SDL,AZ,AWP,CE,Towers with Radar,0,91,129,0,220,0,62,155,0,217,0,153,284,0,437,130,0,130,567
12/01/2021,SDL,AZ,AWP,CE,Towers with Radar,0,104,211,0,315,0,29,61,0,90,0,133,272,0,405,121,0,121,526
12/02/2021,SDL,AZ,AWP,CE,Towers with Radar,1,87,147,0,235,0,34,90,0,124,1,121,237,0,359,102,0,102,461
12/03/2021,SDL,AZ,AWP,CE,Towers with Radar,0,83,160,2,245,0,43,111,0,154,0,126,271,2,399,116,0,116,515
12/04/2021,SDL,AZ,AWP,CE,Towers with Radar,0,75,104,0,179,0,54,127,0,181,0,129,231,0,360,156,0,156,516
12/05/2021,SDL,AZ,AWP,CE,Towers with Radar,0,84,141,2,227,0,21,133,0,154,0,105,274,2,381,53,0,53,434
12/06/2021,SDL,AZ,AWP,CE,Towers with Radar,1,82,116,0,199,0,46,99,0,145,1,128,215,0,344,115,0,115,459
12/07/2021,SDL,AZ,AWP,CE,Towers with Radar,0,86,146,0,232,0,59,121,0,180,0,145,267,0,412,138,0,138,550
12/08/2021,SDL,AZ,AWP,CE,Towers with Radar,0,74,123,3,200,0,58,110,0,168,0,132,233,3,368,173,0,173,541
12/09/2021,SDL,AZ,AWP,CE,Towers with Radar,0,73,134,2,209,0,41,71,0,112,0,114,205,2,321,164,0,164,485
12/10/2021,SDL,AZ,AWP,CE,Towers with Radar,0,81,133,0,214,0,49,125,0,174,0,130,258,0,388,129,0,129,517
12/11/2021,SDL,AZ,AWP,CE,Towers with Radar,0,61,71,0,132,0,39,147,0,186,0,100,218,0,318,112,0,112,430
12/12/2021,SDL,AZ,AWP,CE,Towers with Radar,0,69,159,0,228,0,39,83,0,122,0,108,242,0,350,69,0,69,419
12/13/2021,SDL,AZ,AWP,CE,Towers with Radar,0,73,113,0,186,0,48,110,2,160,0,121,223,2,346,117,0,117,463
12/14/2021,SDL,AZ,AWP,CE,Towers with Radar,0,85,129,0,214,0,45,89,4,138,0,130,218,4,352,127,0,127,479
12/15/2021,SDL,AZ,AWP,CE,Towers with Radar,0,69,139,0,208,0,70,119,2,191,0,139,258,2,399,118,0,118,517
12/16/2021,SDL,AZ,AWP,CE,Towers with Radar,0,80,132,0,212,10,80,122,2,214,10,160,254,2,426,83,0,83,509
12/17/2021,SDL,AZ,AWP,CE,Towers with Radar,0,92,185,2,279,0,44,169,1,214,0,136,354,3,493,81,0,81,574
12/18/2021,SDL,AZ,AWP,CE,Towers with Radar,0,84,121,0,205,0,41,121,2,164,0,125,242,2,369,112,0,112,481
12/19/2021,SDL,AZ,AWP,CE,Towers with Radar,1,94,144,0,239,3,20,100,0,123,4,114,244,0,362,37,0,37,399
12/20/2021,SDL,AZ,AWP,CE,Towers with Radar,0,68,118,2,188,0,51,122,0,173,0,119,240,2,361,78,0,78,439
12/21/2021,SDL,AZ,AWP,CE,Towers with Radar,0,95,109,0,204,0,33,138,0,171,0,128,247,0,375,53,0,53,428
12/22/2021,SDL,AZ,AWP,CE,Towers with Radar,0,78,124,2,204,0,45,141,0,186,0,123,265,2,390,127,0,127,517
12/23/2021,SDL,AZ,AWP,CE,Towers with Radar,0,86,107,0,193,0,35,100,0,135,0,121,207,0,328,152,0,152,480
12/24/2021,SDL,AZ,AWP,CE,Towers with Radar,0,20,39,0,59,0,0,0,0,0,0,20,39,0,59,0,0,0,59
12/25/2021,SDL,AZ,AWP,CE,Towers with Radar,0,47,37,0,84,0,0,26,0,26,0,47,63,0,110,53,0,53,163
12/26/2021,SDL,AZ,AWP,CE,Towers with Radar,0,80,158,0,238,0,5,58,0,63,0,85,216,0,301,44,0,44,345
12/27/2021,SDL,AZ,AWP,CE,Towers with Radar,0,88,171,0,259,0,45,106,0,151,0,133,277,0,410,62,0,62,472
12/28/2021,SDL,AZ,AWP,CE,Towers with Radar,0,78,110,0,188,0,13,61,0,74,0,91,171,0,262,122,0,122,384
12/29/2021,SDL,AZ,AWP,CE,Towers with Radar,1,89,159,0,249,0,31,116,0,147,1,120,275,0,396,127,0,127,523
12/30/2021,SDL,AZ,AWP,CE,Towers with Radar,0,76,128,0,204,0,31,79,0,110,0,107,207,0,314,76,0,76,390
12/31/2021,SDL,AZ,AWP,CE,Towers with Radar,0,52,96,0,148,0,3,21,0,24,0,55,117,0,172,37,0,37,209
01/01/2022,SDL,AZ,AWP,CE,Towers with Radar,0,39,72,0,111,0,15,57,0,72,0,54,129,0,183,32,0,32,215
01/02/2022,SDL,AZ,AWP,CE,Towers with Radar,0,75,174,0,249,0,15,91,0,106,0,90,265,0,355,26,0,26,381
01/03/2022,SDL,AZ,AWP,CE,Towers with Radar,0,97,155,0,252,0,52,142,0,194,0,149,297,0,446,99,0,99,545
01/04/2022,SDL,AZ,AWP,CE,Towers with Radar,0,92,104,0,196,0,44,141,0,185,0,136,245,0,381,181,0,181,562
01/05/2022,SDL,AZ,AWP,CE,Towers with Radar,0,73,112,0,185,0,55,154,0,209,0,128,266,0,394,148,0,148,542
01/06/2022,SDL,AZ,AWP,CE,Towers with Radar,0,69,97,1,167,0,67,143,0,210,0,136,240,1,377,110,1,111,488
01/07/2022,SDL,AZ,AWP,CE,Towers with Radar,0,76,117,5,198,0,39,149,2,190,0,115,266,7,388,80,0,80,468
01/08/2022,SDL,AZ,AWP,CE,Towers with Radar,0,58,68,2,128,0,23,105,0,128,0,81,173,2,256,107,0,107,363
01/09/2022,SDL,AZ,AWP,CE,Towers with Radar,0,95,105,2,202,0,23,135,0,158,0,118,240,2,360,86,0,86,446
01/10/2022,SDL,AZ,AWP,CE,Towers with Radar,0,60,89,0,149,0,34,118,0,152,0,94,207,0,301,70,0,70,371
01/11/2022,SDL,AZ,AWP,CE,Towers with Radar,0,57,100,6,163,0,50,137,0,187,0,107,237,6,350,120,0,120,470
01/12/2022,SDL,AZ,AWP,CE,Towers with Radar,0,72,106,0,178,0,53,158,0,211,0,125,264,0,389,188,0,188,577
01/13/2022,SDL,AZ,AWP,CE,Towers with Radar,0,80,146,2,228,0,70,143,0,213,0,150,289,2,441,177,1,178,619
01/14/2022,SDL,AZ,AWP,CE,Towers with Radar,0,80,158,0,238,0,43,178,2,223,0,123,336,2,461,45,0,45,506
01/15/2022,SDL,AZ,AWP,CE,Towers with Radar,0,58,83,4,145,0,25,108,1,134,0,83,191,5,279,105,0,105,384
01/16/2022,SDL,AZ,AWP,CE,Towers with Radar,0,84,122,1,207,0,33,100,0,133,0,117,222,1,340,70,0,70,410
01/17/2022,SDL,AZ,AWP,CE,Towers with Radar,0,84,142,2,228,0,38,116,3,157,0,122,258,5,385,90,0,90,475
01/18/2022,SDL,AZ,AWP,CE,Towers with Radar,0,74,102,0,176,0,57,135,0,192,0,131,237,0,368,126,0,126,494
01/19/2022,SDL,AZ,AWP,CE,Towers with Radar,0,74,128,0,202,0,64,168,0,232,0,138,296,0,434,150,0,150,584
01/20/2022,SDL,AZ,AWP,CE,Towers with Radar,0,67,141,0,208,0,58,139,0,197,0,125,280,0,405,91,0,91,496
01/21/2022,SDL,AZ,AWP,CE,Towers with Radar,0,82,170,0,252,0,64,134,0,198,0,146,304,0,450,57,0,57,507
01/22/2022,SDL,AZ,AWP,CE,Towers with Radar,0,71,91,0,162,0,23,73,0,96,0,94,164,0,258,76,0,76,334
01/23/2022,SDL,AZ,AWP,CE,Towers with Radar,0,97,185,0,282,0,25,93,0,118,0,122,278,0,400,54,0,54,454
01/24/2022,SDL,AZ,AWP,CE,Towers with Radar,0,88,118,0,206,0,54,155,0,209,0,142,273,0,415,87,0,87,502
01/25/2022,SDL,AZ,AWP,CE,Towers with Radar,0,76,110,0,186,0,55,129,0,184,0,131,239,0,370,112,0,112,482
01/26/2022,SDL,AZ,AWP,CE,Towers with Radar,0,107,180,0,287,0,75,154,2,231,0,182,334,2,518,59,0,59,577
01/27/2022,SDL,AZ,AWP,CE,Towers with Radar,0,111,193,0,304,0,59,166,1,226,0,170,359,1,530,69,0,69,599
01/28/2022,SDL,AZ,AWP,CE,Towers with Radar,0,84,158,0,242,0,37,132,0,169,0,121,290,0,411,16,0,16,427
01/29/2022,SDL,AZ,AWP,CE,Towers with Radar,0,83,110,1,194,0,45,107,0,152,0,128,217,1,346,20,0,20,366
01/30/2022,SDL,AZ,AWP,CE,Towers with Radar,1,116,224,0,341,0,32,101,0,133,1,148,325,0,474,26,0,26,500
01/31/2022,SDL,AZ,AWP,CE,Towers with Radar,0,88,124,6,218,0,61,141,1,203,0,149,265,7,421,60,2,62,483
02/01/2022,SDL,AZ,AWP,CE,Towers with Radar,0,92,140,1,233,0,57,138,5,200,0,149,278,6,433,80,8,88,521
02/02/2022,SDL,AZ,AWP,CE,Towers with Radar,0,85,110,5,200,0,61,143,0,204,0,146,253,5,404,131,0,131,535
02/03/2022,SDL,AZ,AWP,CE,Towers with Radar,0,72,93,1,166,0,66,160,4,230,0,138,253,5,396,152,0,152,548
02/04/2022,SDL,AZ,AWP,CE,Towers with Radar,0,115,136,3,254,0,47,132,0,179,0,162,268,3,433,85,0,85,518
02/05/2022,SDL,AZ,AWP,CE,Towers with Radar,0,61,89,0,150,0,43,111,0,154,0,104,200,0,304,70,0,70,374
02/06/2022,SDL,AZ,AWP,CE,Towers with Radar,0,101,168,1,270,0,34,91,0,125,0,135,259,1,395,60,0,60,455
02/07/2022,SDL,AZ,AWP,CE,Towers with Radar,0,87,127,0,214,0,63,140,0,203,0,150,267,0,417,65,0,65,482
02/08/2022,SDL,AZ,AWP,CE,Towers with Radar,1,94,130,4,229,0,69,137,0,206,1,163,267,4,435,75,0,75,510
02/09/2022,SDL,AZ,AWP,CE,Towers with Radar,0,112,202,6,320,0,56,157,0,213,0,168,359,6,533,58,0,58,591
02/10/2022,SDL,AZ,AWP,CE,Towers with Radar,0,128,215,0,343,0,55,132,0,187,0,183,347,0,530,14,0,14,544
02/11/2022,SDL,AZ,AWP,CE,Towers with Radar,0,108,211,2,321,0,54,172,2,228,0,162,383,4,549,39,0,39,588
02/12/2022,SDL,AZ,AWP,CE,Towers with Radar,0,101,137,0,238,0,30,106,2,138,0,131,243,2,376,46,2,48,424
02/13/2022,SDL,AZ,AWP,CE,Towers with Radar,0,123,161,1,285,0,22,112,2,136,0,145,273,3,421,11,0,11,432
02/14/2022,SDL,AZ,AWP,CE,Towers with Radar,0,135,188,1,324,0,58,152,2,212,0,193,340,3,536,6,0,6,542
02/15/2022,SDL,AZ,AWP,CE,Towers with Radar,0,80,130,2,212,0,88,149,0,237,0,168,279,2,449,112,0,112,561
02/16/2022,SDL,AZ,AWP,CE,Towers with Radar,0,112,185,2,299,0,88,119,0,207,0,200,304,2,506,112,0,112,618
02/17/2022,SDL,AZ,AWP,CE,Towers with Radar,0,84,188,2,274,0,53,162,0,215,0,137,350,2,489,122,0,122,611
02/18/2022,SDL,AZ,AWP,CE,Towers with Radar,0,72,183,0,255,0,74,166,3,243,0,146,349,3,498,55,0,55,553
02/19/2022,SDL,AZ,AWP,CE,Towers with Radar,0,72,103,0,175,0,26,110,1,137,0,98,213,1,312,144,0,144,456
02/20/2022,SDL,AZ,AWP,CE,Towers with Radar,0,96,158,0,254,0,35,109,1,145,0,131,267,1,399,25,0,25,424
02/21/2022,SDL,AZ,AWP,CE,Towers with Radar,0,76,198,0,274,0,39,89,2,130,0,115,287,2,404,42,0,42,446
02/22/2022,SDL,AZ,AWP,CE,Towers with Radar,0,80,122,0,202,0,50,115,0,165,0,130,237,0,367,246,0,246,613
02/23/2022,SDL,AZ,AWP,CE,Towers with Radar,0,80,149,0,229,0,3,29,0,32,0,83,178,0,261,93,0,93,354
02/24/2022,SDL,AZ,AWP,CE,Towers with Radar,0,69,164,2,235,0,59,179,0,238,0,128,343,2,473,103,0,103,576
02/25/2022,SDL,AZ,AWP,CE,Towers with Radar,0,100,183,5,288,0,62,192,0,254,0,162,375,5,542,42,0,42,584
02/26/2022,SDL,AZ,AWP,CE,Towers with Radar,0,77,125,4,206,0,36,128,1,165,0,113,253,5,371,88,0,88,459
02/27/2022,SDL,AZ,AWP,CE,Towers with Radar,0,107,180,3,290,0,30,148,6,184,0,137,328,9,474,32,0,32,506
02/28/2022,SDL,AZ,AWP,CE,Towers with Radar,0,82,127,2,211,0,71,111,1,183,0,153,238,3,394,168,0,168,562
03/01/2022,SDL,AZ,AWP,CE,Towers with Radar,1,93,120,1,215,0,90,180,0,270,1,183,300,1,485,133,0,133,618
03/02/2022,SDL,AZ,AWP,CE,Towers with Radar,0,95,145,0,240,0,61,159,0,220,0,156,304,0,460,91,0,91,551
03/03/2022,SDL,AZ,AWP,CE,Towers with Radar,0,102,146,0,248,0,65,190,0,255,0,167,336,0,503,108,0,108,611
03/04/2022,SDL,AZ,AWP,CE,Towers with Radar,0,86,148,0,234,0,42,105,0,147,0,128,253,0,381,123,0,123,504
03/05/2022,SDL,AZ,AWP,CE,Towers with Radar,0,82,102,1,185,0,14,79,0,93,0,96,181,1,278,152,0,152,430
03/06/2022,SDL,AZ,AWP,CE,Towers with Radar,0,96,157,0,253,0,35,148,0,183,0,131,305,0,436,112,0,112,548
03/07/2022,SDL,AZ,AWP,CE,Towers with Radar,0,79,169,1,249,0,58,168,0,226,0,137,337,1,475,111,0,111,586
03/08/2022,SDL,AZ,AWP,CE,Towers with Radar,0,81,129,0,210,0,70,182,0,252,0,151,311,0,462,121,0,121,583
03/09/2022,SDL,AZ,AWP,CE,Towers with Radar,0,87,171,2,260,0,71,193,1,265,0,158,364,3,525,110,0,110,635
03/10/2022,SDL,AZ,AWP,CE,Towers with Radar,0,105,153,0,258,0,55,116,0,171,0,160,269,0,429,72,0,72,501
03/11/2022,SDL,AZ,AWP,CE,Towers with Radar,0,104,201,3,308,0,42,157,0,199,0,146,358,3,507,53,0,53,560
03/12/2022,SDL,AZ,AWP,CE,Towers with Radar,0,88,139,6,233,0,45,118,0,163,0,133,257,6,396,76,0,76,472
03/13/2022,SDL,AZ,AWP,CE,Towers with Radar,0,111,190,0,301,0,44,124,6,174,0,155,314,6,475,16,0,16,491
03/14/2022,SDL,AZ,AWP,CE,Towers with Radar,0,95,127,2,224,0,72,152,0,224,0,167,279,2,448,136,0,136,584
03/15/2022,SDL,AZ,AWP,CE,Towers with Radar,0,79,122,1,202,0,74,173,1,248,0,153,295,2,450,108,0,108,558
03/16/2022,SDL,AZ,AWP,CE,Towers with Radar,0,95,157,4,256,0,57,124,0,181,0,152,281,4,437,89,0,89,526
03/17/2022,SDL,AZ,AWP,CE,Towers with Radar,0,88,172,1,261,0,67,166,0,233,0,155,338,1,494,161,0,161,655
03/18/2022,SDL,AZ,AWP,CE,Towers with Radar,0,88,145,1,234,0,62,165,0,227,0,150,310,1,461,84,0,84,545
03/19/2022,SDL,AZ,AWP,CE,Towers with Radar,1,120,117,2,240,0,56,138,0,194,1,176,255,2,434,47,0,47,481
03/20/2022,SDL,AZ,AWP,CE,Towers with Radar,0,124,193,1,318,0,24,89,0,113,0,148,282,1,431,63,0,63,494
03/21/2022,SDL,AZ,AWP,CE,Towers with Radar,0,76,139,1,216,0,53,112,0,165,0,129,251,1,381,91,0,91,472
03/22/2022,SDL,AZ,AWP,CE,Towers with Radar,0,118,116,0,234,0,82,145,0,227,0,200,261,0,461,112,0,112,573
03/23/2022,SDL,AZ,AWP,CE,Towers with Radar,0,96,142,0,238,0,48,143,0,191,0,144,285,0,429,143,0,143,572
03/24/2022,SDL,AZ,AWP,CE,Towers with Radar,0,88,147,0,235,0,91,146,1,238,0,179,293,1,473,87,1,88,561
03/25/2022,SDL,AZ,AWP,CE,Towers with Radar,0,104,149,4,257,0,61,177,0,238,0,165,326,4,495,87,0,87,582
03/26/2022,SDL,AZ,AWP,CE,Towers with Radar,0,98,119,1,218,0,38,151,0,189,0,136,270,1,407,119,0,119,526
03/27/2022,SDL,AZ,AWP,CE,Towers with Radar,0,107,185,0,292,0,16,103,5,124,0,123,288,5,416,60,0,60,476
03/28/2022,SDL,AZ,AWP,CE,Towers with Radar,0,81,130,1,212,0,43,112,0,155,0,124,242,1,367,104,0,104,471
03/29/2022,SDL,AZ,AWP,CE,Towers with Radar,0,69,106,2,177,0,29,80,0,109,0,98,186,2,286,68,0,68,354
03/30/2022,SDL,AZ,AWP,CE,Towers with Radar,0,85,143,0,228,0,69,198,0,267,0,154,341,0,495,111,0,111,606
03/31/2022,SDL,AZ,AWP,CE,Towers with Radar,0,106,156,2,264,0,69,157,2,228,0,175,313,4,492,92,0,92,584
04/01/2022,SDL,AZ,AWP,CE,Towers with Radar,0,103,159,0,262,0,61,161,3,225,0,164,320,3,487,87,0,87,574
04/02/2022,SDL,AZ,AWP,CE,Towers with Radar,0,91,109,0,200,0,70,133,0,203,0,161,242,0,403,91,0,91,494
04/03/2022,SDL,AZ,AWP,CE,Towers with Radar,0,123,163,1,287,0,16,98,0,114,0,139,261,1,401,102,0,102,503
04/04/2022,SDL,AZ,AWP,CE,Towers with Radar,0,100,117,2,219,0,61,135,0,196,0,161,252,2,415,87,0,87,502
04/05/2022,SDL,AZ,AWP,CE,Towers with Radar,0,73,92,5,170,0,95,139,0,234,0,168,231,5,404,170,0,170,574
04/06/2022,SDL,AZ,AWP,CE,Towers with Radar,0,72,136,3,211,0,72,152,0,224,0,144,288,3,435,136,0,136,571
04/07/2022,SDL,AZ,AWP,CE,Towers with Radar,0,84,145,0,229,0,56,182,0,238,0,140,327,0,467,66,0,66,533
04/08/2022,SDL,AZ,AWP,CE,Towers with Radar,0,59,142,1,202,0,63,145,0,208,0,122,287,1,410,46,0,46,456
04/09/2022,SDL,AZ,AWP,CE,Towers with Radar,0,88,101,0,189,0,51,89,4,144,0,139,190,4,333,90,0,90,423
04/10/2022,SDL,AZ,AWP,CE,Towers with Radar,0,97,177,0,274,0,32,108,1,141,0,129,285,1,415,51,0,51,466
04/11/2022,SDL,AZ,AWP,CE,Towers with Radar,0,87,137,0,224,0,38,98,0,136,0,125,235,0,360,94,0,94,454
04/12/2022,SDL,AZ,AWP,CE,Towers with Radar,0,62,121,0,183,0,20,82,0,102,0,82,203,0,285,96,0,96,381
04/13/2022,SDL,AZ,AWP,CE,Towers with Radar,0,102,121,0,223,0,81,158,0,239,0,183,279,0,462,203,0,203,665
04/14/2022,SDL,AZ,AWP,CE,Towers with Radar,0,103,169,0,272,0,63,168,1,232,0,166,337,1,504,68,0,68,572
04/15/2022,SDL,AZ,AWP,CE,Towers with Radar,0,91,131,1,223,0,47,189,2,238,0,138,320,3,461,154,0,154,615
04/16/2022,SDL,AZ,AWP,CE,Towers with Radar,0,61,92,0,153,0,33,114,2,149,0,94,206,2,302,135,0,135,437
04/17/2022,SDL,AZ,AWP,CE,Towers with Radar,0,61,102,1,164,0,29,96,2,127,0,90,198,3,291,70,0,70,361
04/18/2022,SDL,AZ,AWP,CE,Towers with Radar,0,106,147,0,253,0,66,151,0,217,0,172,298,0,470,59,0,59,529
04/19/2022,SDL,AZ,AWP,CE,Towers with Radar,0,94,121,0,215,0,55,99,0,154,0,149,220,0,369,87,0,87,456
04/20/2022,SDL,AZ,AWP,CE,Towers with Radar,0,92,153,0,245,0,77,137,0,214,0,169,290,0,459,111,0,111,570
04/21/2022,SDL,AZ,AWP,CE,Towers with Radar,0,114,161,0,275,0,80,144,0,224,0,194,305,0,499,116,0,116,615
04/22/2022,SDL,AZ,AWP,CE,Towers with Radar,0,97,123,5,225,0,17,58,0,75,0,114,181,5,300,85,0,85,385
04/23/2022,SDL,AZ,AWP,CE,Towers with Radar,0,87,101,5,193,0,65,114,3,182,0,152,215,8,375,87,0,87,462
04/24/2022,SDL,AZ,AWP,CE,Towers with Radar,1,110,158,0,269,0,39,118,0,157,1,149,276,0,426,71,0,71,497
04/25/2022,SDL,AZ,AWP,CE,Towers with Radar,0,89,128,0,217,0,65,119,0,184,0,154,247,0,401,162,0,162,563
04/26/2022,SDL,AZ,AWP,CE,Towers with Radar,0,71,126,0,197,0,96,133,0,229,0,167,259,0,426,111,0,111,537
04/27/2022,SDL,AZ,AWP,CE,Towers with Radar,0,97,148,0,245,0,105,144,0,249,0,202,292,0,494,116,0,116,610
04/28/2022,SDL,AZ,AWP,CE,Towers with Radar,0,95,131,0,226,0,73,125,0,198,0,168,256,0,424,72,0,72,496
04/29/2022,SDL,AZ,AWP,CE,Towers with Radar,0,81,125,4,210,0,64,148,0,212,0,145,273,4,422,31,0,31,453
04/30/2022,SDL,AZ,AWP,CE,Towers with Radar,0,81,92,0,173,0,48,94,2,144,0,129,186,2,317,73,0,73,390
05/01/2022,SDL,AZ,AWP,CE,Towers with Radar,0,109,152,1,262,0,26,65,0,91,0,135,217,1,353,78,0,78,431
05/02/2022,SDL,AZ,AWP,CE,Towers with Radar,0,86,90,0,176,0,63,110,1,174,0,149,200,1,350,121,0,121,471
05/03/2022,SDL,AZ,AWP,CE,Towers with Radar,0,74,96,0,170,0,70,141,0,211,0,144,237,0,381,113,0,113,494
05/04/2022,SDL,AZ,AWP,CE,Towers with Radar,0,91,119,0,210,0,93,132,1,226,0,184,251,1,436,84,0,84,520
05/05/2022,SDL,AZ,AWP,CE,Towers with Radar,0,90,153,5,248,0,90,167,0,257,0,180,320,5,505,70,0,70,575
05/06/2022,SDL,AZ,AWP,CE,Towers with Radar,0,90,141,0,231,0,64,112,1,177,0,154,253,1,408,108,0,108,516
05/07/2022,SDL,AZ,AWP,CE,Towers with Radar,0,67,78,0,145,0,57,106,1,164,0,124,184,1,309,87,0,87,396
05/08/2022,SDL,AZ,AWP,CE,Towers with Radar,0,77,125,2,204,0,21,60,0,81,0,98,185,2,285,77,0,77,362
05/09/2022,SDL,AZ,AWP,CE,Towers with Radar,0,56,138,0,194,0,62,133,1,196,0,118,271,1,390,106,0,106,496
05/10/2022,SDL,AZ,AWP,CE,Towers with Radar,0,81,87,0,168,0,70,153,0,223,0,151,240,0,391,148,0,148,539
05/11/2022,SDL,AZ,AWP,CE,Towers with Radar,0,75,116,0,191,0,69,135,0,204,0,144,251,0,395,200,0,200,595
05/12/2022,SDL,AZ,AWP,CE,Towers with Radar,0,88,119,1,208,0,82,137,0,219,0,170,256,1,427,160,0,160,587
05/13/2022,SDL,AZ,AWP,CE,Towers with Radar,0,90,147,2,239,0,66,157,0,223,0,156,304,2,462,125,3,128,590
05/14/2022,SDL,AZ,AWP,CE,Towers with Radar,0,56,92,2,150,0,34,113,1,148,0,90,205,3,298,109,0,109,407
05/15/2022,SDL,AZ,AWP,CE,Towers with Radar,0,116,164,0,280,0,22,94,1,117,0,138,258,1,397,39,0,39,436
05/16/2022,SDL,AZ,AWP,CE,Towers with Radar,0,81,132,0,213,0,67,106,0,173,0,148,238,0,386,94,0,94,480
05/17/2022,SDL,AZ,AWP,CE,Towers with Radar,0,72,120,2,194,0,104,141,0,245,0,176,261,2,439,174,0,174,613
05/18/2022,SDL,AZ,AWP,CE,Towers with Radar,0,63,121,0,184,0,76,147,0,223,0,139,268,0,407,160,0,160,567
05/19/2022,SDL,AZ,AWP,CE,Towers with Radar,0,56,160,1,217,0,67,125,0,192,0,123,285,1,409,133,0,133,542
05/20/2022,SDL,AZ,AWP,CE,Towers with Radar,0,62,125,4,191,0,52,92,0,144,0,114,217,4,335,113,0,113,448
05/21/2022,SDL,AZ,AWP,CE,Towers with Radar,0,55,85,0,140,0,37,112,0,149,0,92,197,0,289,101,0,101,390
05/22/2022,SDL,AZ,AWP,CE,Towers with Radar,0,73,186,0,259,0,25,127,0,152,0,98,313,0,411,93,0,93,504
05/23/2022,SDL,AZ,AWP,CE,Towers with Radar,0,83,91,0,174,0,63,112,0,175,0,146,203,0,349,121,0,121,470
05/24/2022,SDL,AZ,AWP,CE,Towers with Radar,0,64,84,0,148,0,75,140,0,215,0,139,224,0,363,125,0,125,488
05/25/2022,SDL,AZ,AWP,CE,Towers with Radar,0,69,169,2,240,0,61,144,0,205,0,130,313,2,445,120,0,120,565
05/26/2022,SDL,AZ,AWP,CE,Towers with Radar,0,74,150,0,224,0,61,152,0,213,0,135,302,0,437,72,0,72,509
05/27/2022,SDL,AZ,AWP,CE,Towers with Radar,0,78,142,0,220,0,46,141,0,187,0,124,283,0,407,125,0,125,532
05/28/2022,SDL,AZ,AWP,CE,Towers with Radar,0,53,71,0,124,0,48,95,0,143,0,101,166,0,267,63,0,63,330
05/29/2022,SDL,AZ,AWP,CE,Towers with Radar,0,63,76,0,139,1,19,48,0,68,1,82,124,0,207,48,0,48,255
05/30/2022,SDL,AZ,AWP,CE,Towers with Radar,1,79,138,0,218,0,47,66,1,114,1,126,204,1,332,85,0,85,417
05/31/2022,SDL,AZ,AWP,CE,Towers with Radar,0,76,102,0,178,0,50,109,0,159,0,126,211,0,337,66,0,66,403
06/01/2022,SDL,AZ,AWP,CE,Towers with Radar,0,66,97,0,163,0,52,127,0,179,0,118,224,0,342,166,0,166,508
06/02/2022,SDL,AZ,AWP,CE,Towers with Radar,0,49,102,5,156,0,64,144,0,208,0,113,246,5,364,136,0,136,500
06/03/2022,SDL,AZ,AWP,CE,Towers with Radar,0,51,120,0,171,0,46,121,0,167,0,97,241,0,338,185,0,185,523
06/04/2022,SDL,AZ,AWP,CE,Towers with Radar,0,41,50,0,91,0,30,120,0,150,0,71,170,0,241,176,0,176,417
06/05/2022,SDL,AZ,AWP,CE,Towers with Radar,0,63,107,0,170,0,35,72,0,107,0,98,179,0,277,56,1,57,334
06/06/2022,SDL,AZ,AWP,CE,Towers with Radar,0,65,82,0,147,0,51,93,0,144,0,116,175,0,291,192,0,192,483
06/07/2022,SDL,AZ,AWP,CE,Towers with Radar,0,53,90,0,143,0,69,103,0,172,0,122,193,0,315,142,0,142,457
06/08/2022,SDL,AZ,AWP,CE,Towers with Radar,0,68,84,0,152,0,58,114,0,172,0,126,198,0,324,87,0,87,411
06/09/2022,SDL,AZ,AWP,CE,Towers with Radar,0,49,103,0,152,0,56,117,0,173,0,105,220,0,325,142,0,142,467
06/10/2022,SDL,AZ,AWP,CE,Towers with Radar,0,39,83,2,124,0,59,101,1,161,0,98,184,3,285,149,0,149,434
06/11/2022,SDL,AZ,AWP,CE,Towers with Radar,0,45,57,1,103,0,56,103,0,159,0,101,160,1,262,118,0,118,380
06/12/2022,SDL,AZ,AWP,CE,Towers with Radar,0,56,113,0,169,0,15,77,1,93,0,71,190,1,262,68,0,68,330
06/13/2022,SDL,AZ,AWP,CE,Towers with Radar,0,50,102,0,152,0,44,110,0,154,0,94,212,0,306,99,0,99,405
06/14/2022,SDL,AZ,AWP,CE,Towers with Radar,0,49,79,0,128,0,78,152,0,230,0,127,231,0,358,84,0,84,442
06/15/2022,SDL,AZ,AWP,CE,Towers with Radar,0,62,79,0,141,0,84,144,0,228,0,146,223,0,369,89,0,89,458
06/16/2022,SDL,AZ,AWP,CE,Towers with Radar,0,44,70,0,114,0,87,124,0,211,0,131,194,0,325,142,0,142,467
06/17/2022,SDL,AZ,AWP,CE,Towers with Radar,0,71,89,0,160,0,56,99,0,155,0,127,188,0,315,105,0,105,420
06/18/2022,SDL,AZ,AWP,CE,Towers with Radar,0,39,45,0,84,0,44,53,0,97,0,83,98,0,181,79,0,79,260
06/19/2022,SDL,AZ,AWP,CE,Towers with Radar,1,53,69,0,123,0,23,66,0,89,1,76,135,0,212,91,0,91,303
06/20/2022,SDL,AZ,AWP,CE,Towers with Radar,0,51,79,0,130,0,85,121,0,206,0,136,200,0,336,109,0,109,445
06/21/2022,SDL,AZ,AWP,CE,Towers with Radar,0,51,60,0,111,0,85,109,0,194,0,136,169,0,305,154,0,154,459
06/22/2022,SDL,AZ,AWP,CE,Towers with Radar,0,64,100,0,164,0,88,123,0,211,0,152,223,0,375,118,0,118,493
06/23/2022,SDL,AZ,AWP,CE,Towers with Radar,0,64,100,0,164,0,73,77,0,150,0,137,177,0,314,105,0,105,419
06/24/2022,SDL,AZ,AWP,CE,Towers with Radar,0,61,92,0,153,0,61,64,4,129,0,122,156,4,282,112,0,112,394
06/25/2022,SDL,AZ,AWP,CE,Towers with Radar,0,41,57,1,99,0,34,69,0,103,0,75,126,1,202,123,0,123,325
06/26/2022,SDL,AZ,AWP,CE,Towers with Radar,0,52,96,0,148,0,20,62,0,82,0,72,158,0,230,78,0,78,308
06/27/2022,SDL,AZ,AWP,CE,Towers with Radar,0,47,91,1,139,0,87,131,1,219,0,134,222,2,358,152,0,152,510
06/28/2022,SDL,AZ,AWP,CE,Towers with Radar,0,46,67,0,113,0,82,138,0,220,0,128,205,0,333,151,0,151,484
06/29/2022,SDL,AZ,AWP,CE,Towers with Radar,0,46,92,0,138,0,65,131,0,196,0,111,223,0,334,115,0,115,449
06/30/2022,SDL,AZ,AWP,CE,Towers with Radar,0,71,104,0,175,1,69,112,0,182,1,140,216,0,357,93,0,93,450
07/01/2022,SDL,AZ,AWP,CE,Towers with Radar,0,54,92,0,146,0,80,119,0,199,0,134,211,0,345,111,0,111,456
07/02/2022,SDL,AZ,AWP,CE,Towers with Radar,0,46,63,1,110,0,36,77,0,113,0,82,140,1,223,130,0,130,353
07/03/2022,SDL,AZ,AWP,CE,Towers with Radar,0,30,44,0,74,0,29,49,0,78,0,59,93,0,152,113,0,113,265
07/04/2022,SDL,AZ,AWP,CE,Towers with Radar,0,29,38,0,67,0,37,56,0,93,0,66,94,0,160,100,0,100,260
07/05/2022,SDL,AZ,AWP,CE,Towers with Radar,0,42,95,1,138,0,74,124,0,198,0,116,219,1,336,156,0,156,492
07/06/2022,SDL,AZ,AWP,CE,Towers with Radar,0,48,69,3,120,0,98,124,0,222,0,146,193,3,342,192,0,192,534
07/07/2022,SDL,AZ,AWP,CE,Towers with Radar,0,67,80,0,147,0,96,135,0,231,0,163,215,0,378,144,0,144,522
07/08/2022,SDL,AZ,AWP,CE,Towers with Radar,0,41,78,1,120,0,64,107,0,171,0,105,185,1,291,98,0,98,389
07/09/2022,SDL,AZ,AWP,CE,Towers with Radar,0,45,69,0,114,0,38,103,0,141,0,83,172,0,255,128,0,128,383
07/10/2022,SDL,AZ,AWP,CE,Towers with Radar,0,41,88,0,129,0,32,77,1,110,0,73,165,1,239,125,0,125,364
07/11/2022,SDL,AZ,AWP,CE,Towers with Radar,0,63,80,0,143,0,75,79,1,155,0,138,159,1,298,144,0,144,442
07/12/2022,SDL,AZ,AWP,CE,Towers with Radar,0,37,65,2,104,0,109,115,0,224,0,146,180,2,328,103,0,103,431
07/13/2022,SDL,AZ,AWP,CE,Towers with Radar,0,53,87,0,140,0,72,112,0,184,0,125,199,0,324,125,0,125,449
07/14/2022,SDL,AZ,AWP,CE,Towers with Radar,0,55,81,4,140,0,80,97,0,177,0,135,178,4,317,154,12,166,483
07/15/2022,SDL,AZ,AWP,CE,Towers with Radar,0,68,86,3,157,0,68,93,0,161,0,136,179,3,318,94,0,94,412
07/16/2022,SDL,AZ,AWP,CE,Towers with Radar,0,47,49,1,97,0,44,68,0,112,0,91,117,1,209,92,0,92,301
07/17/2022,SDL,AZ,AWP,CE,Towers with Radar,0,59,80,0,139,0,44,62,0,106,0,103,142,0,245,94,0,94,339
07/18/2022,SDL,AZ,AWP,CE,Towers with Radar,0,58,65,0,123,0,88,98,1,187,0,146,163,1,310,83,0,83,393
07/19/2022,SDL,AZ,AWP,CE,Towers with Radar,0,54,72,2,128,0,75,109,0,184,0,129,181,2,312,212,0,212,524
07/20/2022,SDL,AZ,AWP,CE,Towers with Radar,0,44,95,0,139,0,84,111,0,195,0,128,206,0,334,133,0,133,467
07/21/2022,SDL,AZ,AWP,CE,Towers with Radar,0,45,92,0,137,0,74,89,0,163,0,119,181,0,300,195,0,195,495
07/22/2022,SDL,AZ,AWP,CE,Towers with Radar,0,53,87,1,141,0,79,79,0,158,0,132,166,1,299,149,0,149,448
07/23/2022,SDL,AZ,AWP,CE,Towers with Radar,0,39,55,0,94,0,36,59,0,95,0,75,114,0,189,48,0,48,237
07/24/2022,SDL,AZ,AWP,CE,Towers with Radar,0,60,109,1,170,0,42,61,0,103,0,102,170,1,273,82,0,82,355
07/25/2022,SDL,AZ,AWP,CE,Towers with Radar,0,49,77,0,126,0,70,99,0,169,0,119,176,0,295,181,0,181,476
07/26/2022,SDL,AZ,AWP,CE,Towers with Radar,0,45,66,0,111,0,93,123,0,216,0,138,189,0,327,178,0,178,505
07/27/2022,SDL,AZ,AWP,CE,Towers with Radar,0,40,73,0,113,0,80,114,0,194,0,120,187,0,307,169,0,169,476
07/28/2022,SDL,AZ,AWP,CE,Towers with Radar,0,40,99,0,139,0,39,85,0,124,0,79,184,0,263,224,0,224,487
07/29/2022,SDL,AZ,AWP,CE,Towers with Radar,0,57,94,1,152,0,77,146,1,224,0,134,240,2,376,225,0,225,601
07/30/2022,SDL,AZ,AWP,CE,Towers with Radar,0,26,60,0,86,0,58,66,0,124,0,84,126,0,210,135,0,135,345
07/31/2022,SDL,AZ,AWP,CE,Towers with Radar,0,67,85,0,152,0,33,69,0,102,0,100,154,0,254,75,0,75,329
08/01/2022,SDL,AZ,AWP,CE,Towers with Radar,0,48,81,0,129,0,96,122,0,218,0,144,203,0,347,209,0,209,556
08/02/2022,SDL,AZ,AWP,CE,Towers with Radar,0,42,75,0,117,0,106,127,0,233,0,148,202,0,350,170,0,170,520
08/03/2022,SDL,AZ,AWP,CE,Towers with Radar,0,43,84,0,127,0,80,101,0,181,0,123,185,0,308,108,0,108,416
08/04/2022,SDL,AZ,AWP,CE,Towers with Radar,0,84,77,1,162,0,63,101,0,164,0,147,178,1,326,137,0,137,463
08/05/2022,SDL,AZ,AWP,CE,Towers with Radar,0,52,61,6,119,0,67,131,3,201,0,119,192,9,320,212,0,212,532
08/06/2022,SDL,AZ,AWP,CE,Towers with Radar,0,48,49,1,98,0,29,94,0,123,0,77,143,1,221,98,0,98,319
08/07/2022,SDL,AZ,AWP,CE,Towers with Radar,0,41,97,5,143,0,30,64,1,95,0,71,161,6,238,145,0,145,383
08/08/2022,SDL,AZ,AWP,CE,Towers with Radar,0,53,64,2,119,0,62,126,1,189,0,115,190,3,308,216,0,216,524
08/09/2022,SDL,AZ,AWP,CE,Towers with Radar,0,45,61,0,106,0,72,127,1,200,0,117,188,1,306,206,0,206,512
08/10/2022,SDL,AZ,AWP,CE,Towers with Radar,0,57,84,1,142,0,74,140,1,215,0,131,224,2,357,162,0,162,519
08/11/2022,SDL,AZ,AWP,CE,Towers with Radar,0,51,87,0,138,0,85,153,0,238,0,136,240,0,376,222,0,222,598
08/12/2022,SDL,AZ,AWP,CE,Towers with Radar,0,41,61,0,102,0,50,108,0,158,0,91,169,0,260,125,0,125,385
08/13/2022,SDL,AZ,AWP,CE,Towers with Radar,0,36,61,0,97,0,50,93,0,143,0,86,154,0,240,162,0,162,402
08/14/2022,SDL,AZ,AWP,CE,Towers with Radar,0,49,76,0,125,0,36,71,0,107,0,85,147,0,232,83,0,83,315
08/15/2022,SDL,AZ,AWP,CE,Towers with Radar,0,63,59,0,122,0,97,115,1,213,0,160,174,1,335,167,0,167,502
08/16/2022,SDL,AZ,AWP,CE,Towers with Radar,0,48,64,0,112,0,76,146,1,223,0,124,210,1,335,220,0,220,555
08/17/2022,SDL,AZ,AWP,CE,Towers with Radar,0,55,75,0,130,0,76,118,0,194,0,131,193,0,324,142,0,142,466
08/18/2022,SDL,AZ,AWP,CE,Towers with Radar,0,50,79,0,129,0,67,127,0,194,0,117,206,0,323,167,0,167,490
08/19/2022,SDL,AZ,AWP,CE,Towers with Radar,0,63,67,6,136,0,66,103,1,170,0,129,170,7,306,159,0,159,465
08/20/2022,SDL,AZ,AWP,CE,Towers with Radar,0,33,59,0,92,0,39,66,3,108,0,72,125,3,200,200,0,200,400
08/21/2022,SDL,AZ,AWP,CE,Towers with Radar,0,80,106,0,186,2,23,38,0,63,2,103,144,0,249,99,0,99,348
08/22/2022,SDL,AZ,AWP,CE,Towers with Radar,0,80,83,0,163,0,74,155,0,229,0,154,238,0,392,121,0,121,513
08/23/2022,SDL,AZ,AWP,CE,Towers with Radar,0,40,68,0,108,0,70,144,0,214,0,110,212,0,322,153,0,153,475
08/24/2022,SDL,AZ,AWP,CE,Towers with Radar,0,45,89,2,136,0,76,120,0,196,0,121,209,2,332,182,0,182,514
08/25/2022,SDL,AZ,AWP,CE,Towers with Radar,2,46,71,0,119,0,74,132,0,206,2,120,203,0,325,196,0,196,521
08/26/2022,SDL,AZ,AWP,CE,Towers with Radar,0,54,101,1,156,0,79,123,1,203,0,133,224,2,359,194,0,194,553
08/27/2022,SDL,AZ,AWP,CE,Towers with Radar,0,40,46,0,86,0,65,103,0,168,0,105,149,0,254,124,0,124,378
08/28/2022,SDL,AZ,AWP,CE,Towers with Radar,0,47,89,3,139,0,30,63,0,93,0,77,152,3,232,114,0,114,346
08/29/2022,SDL,AZ,AWP,CE,Towers with Radar,0,66,68,0,134,0,87,98,0,185,0,153,166,0,319,189,0,189,508
08/30/2022,SDL,AZ,AWP,CE,Towers with Radar,0,71,60,0,131,0,91,122,0,213,0,162,182,0,344,139,0,139,483
08/31/2022,SDL,AZ,AWP,CE,Towers with Radar,0,51,71,0,122,0,91,137,0,228,0,142,208,0,350,167,0,167,517
09/01/2022,SDL,AZ,AWP,CE,Towers with Radar,0,79,88,0,167,0,81,143,0,224,0,160,231,0,391,174,0,174,565
09/02/2022,SDL,AZ,AWP,CE,Towers with Radar,0,68,99,1,168,0,64,126,0,190,0,132,225,1,358,81,0,81,439
09/03/2022,SDL,AZ,AWP,CE,Towers with Radar,0,33,39,0,72,0,61,105,0,166,0,94,144,0,238,90,0,90,328
09/04/2022,SDL,AZ,AWP,CE,Towers with Radar,0,37,48,0,85,0,38,64,0,102,0,75,112,0,187,38,0,38,225
09/05/2022,SDL,AZ,AWP,CE,Towers with Radar,0,56,94,0,150,0,54,66,0,120,0,110,160,0,270,154,0,154,424
09/06/2022,SDL,AZ,AWP,CE,Towers with Radar,0,58,84,0,142,0,63,112,0,175,0,121,196,0,317,134,0,134,451
09/07/2022,SDL,AZ,AWP,CE,Towers with Radar,0,55,99,1,155,0,89,146,0,235,0,144,245,1,390,146,0,146,536
09/08/2022,SDL,AZ,AWP,CE,Towers with Radar,0,53,97,0,150,0,94,131,0,225,0,147,228,0,375,102,0,102,477
09/09/2022,SDL,AZ,AWP,CE,Towers with Radar,0,55,93,0,148,0,60,127,0,187,0,115,220,0,335,131,0,131,466
09/10/2022,SDL,AZ,AWP,CE,Towers with Radar,0,58,72,0,130,0,68,77,0,145,0,126,149,0,275,147,0,147,422
09/11/2022,SDL,AZ,AWP,CE,Towers with Radar,0,65,90,0,155,0,23,60,0,83,0,88,150,0,238,54,0,54,292
09/12/2022,SDL,AZ,AWP,CE,Towers with Radar,0,59,97,2,158,0,77,96,0,173,0,136,193,2,331,165,0,165,496
09/13/2022,SDL,AZ,AWP,CE,Towers with Radar,0,46,72,0,118,0,72,135,0,207,0,118,207,0,325,173,0,173,498
09/14/2022,SDL,AZ,AWP,CE,Towers with Radar,0,46,89,0,135,0,66,135,0,201,0,112,224,0,336,212,0,212,548
09/15/2022,SDL,AZ,AWP,CE,Towers with Radar,0,71,91,2,164,3,90,124,0,217,3,161,215,2,381,155,0,155,536
09/16/2022,SDL,AZ,AWP,CE,Towers with Radar,0,47,74,4,125,0,67,153,2,222,0,114,227,6,347,168,0,168,515
09/17/2022,SDL,AZ,AWP,CE,Towers with Radar,0,48,57,0,105,0,48,90,12,150,0,96,147,12,255,122,2,124,379
09/18/2022,SDL,AZ,AWP,CE,Towers with Radar,0,67,109,1,177,0,41,86,4,131,0,108,195,5,308,50,0,50,358
09/19/2022,SDL,AZ,AWP,CE,Towers with Radar,0,64,84,0,148,0,103,122,5,230,0,167,206,5,378,118,0,118,496
09/20/2022,SDL,AZ,AWP,CE,Towers with Radar,0,54,91,0,145,0,93,116,0,209,0,147,207,0,354,151,0,151,505
09/21/2022,SDL,AZ,AWP,CE,Towers with Radar,0,71,88,1,160,0,52,84,0,136,0,123,172,1,296,141,0,141,437
09/22/2022,SDL,AZ,AWP,CE,Towers with Radar,0,46,109,1,156,0,81,143,1,225,0,127,252,2,381,170,0,170,551
09/23/2022,SDL,AZ,AWP,CE,Towers with Radar,0,62,120,0,182,0,57,128,2,187,0,119,248,2,369,129,0,129,498
09/24/2022,SDL,AZ,AWP,CE,Towers with Radar,0,53,73,0,126,0,80,132,3,215,0,133,205,3,341,153,0,153,494
09/25/2022,SDL,AZ,AWP,CE,Towers with Radar,0,65,99,0,164,0,22,104,2,128,0,87,203,2,292,70,0,70,362
09/26/2022,SDL,AZ,AWP,CE,Towers with Radar,0,57,108,0,165,0,52,93,0,145,0,109,201,0,310,90,0,90,400
09/27/2022,SDL,AZ,AWP,CE,Towers with Radar,0,45,88,0,133,0,62,130,0,192,0,107,218,0,325,163,0,163,488
09/28/2022,SDL,AZ,AWP,CE,Towers with Radar,0,48,98,2,148,0,69,126,0,195,0,117,224,2,343,106,0,106,449
09/29/2022,SDL,AZ,AWP,CE,Towers with Radar,0,75,79,0,154,0,79,142,0,221,0,154,221,0,375,146,0,146,521
09/30/2022,SDL,AZ,AWP,CE,Towers with Radar,0,59,105,1,165,0,59,139,1,199,0,118,244,2,364,135,0,135,499
10/01/2022,SDL,AZ,AWP,CE,Towers with Radar,0,45,62,0,107,0,67,106,0,173,0,112,168,0,280,82,0,82,362
10/02/2022,SDL,AZ,AWP,CE,Towers with Radar,0,71,111,1,183,0,34,73,3,110,0,105,184,4,293,50,0,50,343
10/03/2022,SDL,AZ,AWP,CE,Towers with Radar,0,54,86,0,140,0,47,79,1,127,0,101,165,1,267,92,0,92,359
10/04/2022,SDL,AZ,AWP,CE,Towers with Radar,0,69,104,0,173,0,74,150,0,224,0,143,254,0,397,148,0,148,545
10/05/2022,SDL,AZ,AWP,CE,Towers with Radar,0,75,102,1,178,0,94,183,0,277,0,169,285,1,455,185,0,185,640
10/06/2022,SDL,AZ,AWP,CE,Towers with Radar,0,79,122,0,201,0,59,155,0,214,0,138,277,0,415,162,0,162,577
10/07/2022,SDL,AZ,AWP,CE,Towers with Radar,0,80,90,0,170,0,81,140,0,221,0,161,230,0,391,89,0,89,480
10/08/2022,SDL,AZ,AWP,CE,Towers with Radar,0,58,95,2,155,0,51,109,1,161,0,109,204,3,316,127,0,127,443
10/09/2022,SDL,AZ,AWP,CE,Towers with Radar,0,94,124,0,218,0,44,115,2,161,0,138,239,2,379,87,0,87,466
10/10/2022,SDL,AZ,AWP,CE,Towers with Radar,0,70,137,3,210,0,76,128,0,204,0,146,265,3,414,167,0,167,581
10/11/2022,SDL,AZ,AWP,CE,Towers with Radar,0,70,76,0,146,0,88,148,0,236,0,158,224,0,382,185,0,185,567
10/12/2022,SDL,AZ,AWP,CE,Towers with Radar,0,81,103,0,184,0,79,164,1,244,0,160,267,1,428,109,0,109,537
10/13/2022,SDL,AZ,AWP,CE,Towers with Radar,0,93,104,0,197,0,68,171,0,239,0,161,275,0,436,165,0,165,601
10/14/2022,SDL,AZ,AWP,CE,Towers with Radar,0,62,124,3,189,0,69,146,0,215,0,131,270,3,404,125,0,125,529
10/15/2022,SDL,AZ,AWP,CE,Towers with Radar,0,80,73,0,153,0,28,54,0,82,0,108,127,0,235,40,0,40,275
10/16/2022,SDL,AZ,AWP,CE,Towers with Radar,0,86,127,1,214,0,39,81,0,120,0,125,208,1,334,123,0,123,457
10/17/2022,SDL,AZ,AWP,CE,Towers with Radar,0,80,112,0,192,0,100,133,0,233,0,180,245,0,425,204,0,204,629
10/18/2022,SDL,AZ,AWP,CE,Towers with Radar,0,59,96,0,155,0,72,148,0,220,0,131,244,0,375,128,0,128,503
10/19/2022,SDL,AZ,AWP,CE,Towers with Radar,0,87,106,2,195,0,62,129,1,192,0,149,235,3,387,82,0,82,469
10/20/2022,SDL,AZ,AWP,CE,Towers with Radar,0,61,104,0,165,0,80,154,0,234,0,141,258,0,399,191,0,191,590
10/21/2022,SDL,AZ,AWP,CE,Towers with Radar,1,69,119,1,190,0,69,154,1,224,1,138,273,2,414,162,1,163,577
10/22/2022,SDL,AZ,AWP,CE,Towers with Radar,0,65,77,0,142,0,59,113,0,172,0,124,190,0,314,125,0,125,439
10/23/2022,SDL,AZ,AWP,CE,Towers with Radar,0,77,131,1,209,0,46,93,0,139,0,123,224,1,348,67,0,67,415
10/24/2022,SDL,AZ,AWP,CE,Towers with Radar,0,69,106,0,175,0,80,158,0,238,0,149,264,0,413,116,0,116,529
10/25/2022,SDL,AZ,AWP,CE,Towers with Radar,0,92,100,0,192,0,74,172,0,246,0,166,272,0,438,88,0,88,526
10/26/2022,SDL,AZ,AWP,CE,Towers with Radar,0,92,139,1,232,0,74,177,1,252,0,166,316,2,484,124,0,124,608
10/27/2022,SDL,AZ,AWP,CE,Towers with Radar,0,86,137,2,225,0,76,193,0,269,0,162,330,2,494,88,0,88,582
10/28/2022,SDL,AZ,AWP,CE,Towers with Radar,0,83,110,0,193,0,60,156,0,216,0,143,266,0,409,109,0,109,518
10/29/2022,SDL,AZ,AWP,CE,Towers with Radar,0,48,74,0,122,0,46,93,4,143,0,94,167,4,265,119,0,119,384
10/30/2022,SDL,AZ,AWP,CE,Towers with Radar,0,79,143,0,222,0,41,112,1,154,0,120,255,1,376,128,0,128,504
10/31/2022,SDL,AZ,AWP,CE,Towers with Radar,0,50,98,0,148,0,83,136,0,219,0,133,234,0,367,150,0,150,517
11/01/2022,SDL,AZ,AWP,CE,Towers with Radar,0,74,79,0,153,0,78,148,1,227,0,152,227,1,380,145,0,145,525
11/02/2022,SDL,AZ,AWP,CE,Towers with Radar,0,78,118,4,200,0,73,136,0,209,0,151,254,4,409,123,0,123,532
11/03/2022,SDL,AZ,AWP,CE,Towers with Radar,0,84,102,0,186,0,27,86,0,113,0,111,188,0,299,104,0,104,403
11/04/2022,SDL,AZ,AWP,CE,Towers with Radar,0,92,124,3,219,0,87,163,4,254,0,179,287,7,473,55,0,55,528
11/05/2022,SDL,AZ,AWP,CE,Towers with Radar,0,76,81,0,157,0,83,142,0,225,0,159,223,0,382,125,0,125,507
11/06/2022,SDL,AZ,AWP,CE,Towers with Radar,0,87,122,3,212,0,34,163,1,198,0,121,285,4,410,83,0,83,493
11/07/2022,SDL,AZ,AWP,CE,Towers with Radar,0,79,112,0,191,0,103,202,0,305,0,182,314,0,496,88,0,88,584
11/08/2022,SDL,AZ,AWP,CE,Towers with Radar,0,76,103,2,181,0,111,175,1,287,0,187,278,3,468,151,0,151,619
11/09/2022,SDL,AZ,AWP,CE,Towers with Radar,0,83,138,0,221,0,47,62,0,109,0,130,200,0,330,102,0,102,432
11/10/2022,SDL,AZ,AWP,CE,Towers with Radar,0,103,151,4,258,0,87,182,0,269,0,190,333,4,527,74,0,74,601
11/11/2022,SDL,AZ,AWP,CE,Towers with Radar,1,107,130,0,238,0,77,190,0,267,1,184,320,0,505,66,0,66,571
11/12/2022,SDL,AZ,AWP,CE,Towers with Radar,0,65,96,0,161,0,72,214,0,286,0,137,310,0,447,18,0,18,465
11/13/2022,SDL,AZ,AWP,CE,Towers with Radar,0,85,156,0,241,0,43,128,0,171,0,128,284,0,412,82,0,82,494
11/14/2022,SDL,AZ,AWP,CE,Towers with Radar,0,97,121,1,219,0,102,131,0,233,0,199,252,1,452,99,0,99,551
11/15/2022,SDL,AZ,AWP,CE,Towers with Radar,0,89,111,2,202,0,98,159,1,258,0,187,270,3,460,78,0,78,538
11/16/2022,SDL,AZ,AWP,CE,Towers with Radar,0,74,152,0,226,0,51,114,0,165,0,125,266,0,391,51,0,51,442
11/17/2022,SDL,AZ,AWP,CE,Towers with Radar,0,79,136,1,216,0,68,205,0,273,0,147,341,1,489,59,0,59,548
11/18/2022,SDL,AZ,AWP,CE,Towers with Radar,0,88,137,0,225,0,75,156,0,231,0,163,293,0,456,75,0,75,531
11/19/2022,SDL,AZ,AWP,CE,Towers with Radar,0,98,94,0,192,0,61,120,1,182,0,159,214,1,374,61,0,61,435
11/20/2022,SDL,AZ,AWP,CE,Towers with Radar,0,94,128,0,222,0,28,142,4,174,0,122,270,4,396,37,0,37,433
11/21/2022,SDL,AZ,AWP,CE,Towers with Radar,0,86,99,0,185,0,82,143,1,226,0,168,242,1,411,144,0,144,555
11/22/2022,SDL,AZ,AWP,CE,Towers with Radar,0,103,124,0,227,0,98,145,1,244,0,201,269,1,471,132,0,132,603
11/23/2022,SDL,AZ,AWP,CE,Towers with Radar,0,76,130,2,208,0,56,109,0,165,0,132,239,2,373,86,0,86,459
11/24/2022,SDL,AZ,AWP,CE,Towers with Radar,0,29,15,0,44,0,10,26,0,36,0,39,41,0,80,16,0,16,96
11/25/2022,SDL,AZ,AWP,CE,Towers with Radar,0,64,69,0,133,0,25,77,0,102,0,89,146,0,235,58,0,58,293
11/26/2022,SDL,AZ,AWP,CE,Towers with Radar,0,107,95,0,202,0,46,92,0,138,0,153,187,0,340,85,0,85,425
11/27/2022,SDL,AZ,AWP,CE,Towers with Radar,0,97,179,0,276,0,16,93,0,109,0,113,272,0,385,36,0,36,421
11/28/2022,SDL,AZ,AWP,CE,Towers with Radar,0,95,101,0,196,0,70,106,0,176,0,165,207,0,372,80,0,80,452
11/29/2022,SDL,AZ,AWP,CE,Towers with Radar,0,70,96,0,166,0,88,114,0,202,0,158,210,0,368,121,0,121,489
11/30/2022,SDL,AZ,AWP,CE,Towers with Radar,0,72,123,2,197,0,59,156,0,215,0,131,279,2,412,101,0,101,513
12/01/2022,SDL,AZ,AWP,CE,Towers with Radar,1,85,122,2,210,0,59,108,0,167,1,144,230,2,377,126,0,126,503
12/02/2022,SDL,AZ,AWP,CE,Towers with Radar,0,62,95,0,157,0,67,130,0,197,0,129,225,0,354,179,0,179,533
12/03/2022,SDL,AZ,AWP,CE,Towers with Radar,0,52,73,0,125,0,31,53,0,84,0,83,126,0,209,78,0,78,287
12/04/2022,SDL,AZ,AWP,CE,Towers with Radar,0,91,112,0,203,0,12,20,2,34,0,103,132,2,237,42,0,42,279
12/05/2022,SDL,AZ,AWP,CE,Towers with Radar,0,70,108,0,178,0,21,65,0,86,0,91,173,0,264,40,0,40,304
12/06/2022,SDL,AZ,AWP,CE,Towers with Radar,0,75,88,0,163,0,37,72,0,109,0,112,160,0,272,96,0,96,368
12/07/2022,SDL,AZ,AWP,CE,Towers with Radar,0,77,120,2,199,0,57,154,0,211,0,134,274,2,410,161,0,161,571
12/08/2022,SDL,AZ,AWP,CE,Towers with Radar,0,74,93,0,167,0,77,160,0,237,0,151,253,0,404,127,0,127,531
12/09/2022,SDL,AZ,AWP,CE,Towers with Radar,0,66,120,6,192,0,72,179,0,251,0,138,299,6,443,130,0,130,573
12/10/2022,SDL,AZ,AWP,CE,Towers with Radar,0,35,86,0,121,0,54,125,0,179,0,89,211,0,300,146,0,146,446
12/11/2022,SDL,AZ,AWP,CE,Towers with Radar,0,75,119,0,194,0,43,100,0,143,0,118,219,0,337,87,0,87,424
12/12/2022,SDL,AZ,AWP,CE,Towers with Radar,0,64,109,1,174,0,23,59,0,82,0,87,168,1,256,198,0,198,454
12/13/2022,SDL,AZ,AWP,CE,Towers with Radar,0,65,105,2,172,0,48,88,1,137,0,113,193,3,309,115,0,115,424
12/14/2022,SDL,AZ,AWP,CE,Towers with Radar,0,78,112,0,190,0,91,144,0,235,0,169,256,0,425,102,0,102,527
12/15/2022,SDL,AZ,AWP,CE,Towers with Radar,0,94,125,0,219,0,66,171,0,237,0,160,296,0,456,99,0,99,555
12/16/2022,SDL,AZ,AWP,CE,Towers with Radar,0,93,120,2,215,0,69,154,0,223,0,162,274,2,438,90,0,90,528
12/17/2022,SDL,AZ,AWP,CE,Towers with Radar,0,53,87,0,140,0,57,99,0,156,0,110,186,0,296,136,0,136,432
12/18/2022,SDL,AZ,AWP,CE,Towers with Radar,1,68,96,1,166,0,53,89,0,142,1,121,185,1,308,99,0,99,407
12/19/2022,SDL,AZ,AWP,CE,Towers with Radar,0,76,95,0,171,0,92,142,1,235,0,168,237,1,406,113,0,113,519
12/20/2022,SDL,AZ,AWP,CE,Towers with Radar,0,62,81,0,143,0,87,129,1,217,0,149,210,1,360,130,0,130,490
12/21/2022,SDL,AZ,AWP,CE,Towers with Radar,0,81,108,0,189,0,70,139,1,210,0,151,247,1,399,135,0,135,534
12/22/2022,SDL,AZ,AWP,CE,Towers with Radar,0,68,93,0,161,0,53,142,0,195,0,121,235,0,356,101,0,101,457
12/23/2022,SDL,AZ,AWP,CE,Towers with Radar,0,70,81,0,151,0,47,98,0,145,0,117,179,0,296,78,0,78,374
12/24/2022,SDL,AZ,AWP,CE,Towers with Radar,0,54,47,0,101,0,20,44,0,64,0,74,91,0,165,39,0,39,204
12/25/2022,SDL,AZ,AWP,CE,Towers with Radar,0,44,19,0,63,0,3,18,0,21,0,47,37,0,84,32,0,32,116
12/26/2022,SDL,AZ,AWP,CE,Towers with Radar,1,101,147,0,249,0,29,111,0,140,1,130,258,0,389,44,0,44,433
12/27/2022,SDL,AZ,AWP,CE,Towers with Radar,0,88,160,0,248,0,37,143,0,180,0,125,303,0,428,60,0,60,488
12/28/2022,SDL,AZ,AWP,CE,Towers with Radar,0,44,87,0,131,0,0,0,0,0,0,44,87,0,131,0,0,0,131
12/29/2022,SDL,AZ,AWP,CE,Towers with Radar,0,94,143,0,237,0,56,91,0,147,0,150,234,0,384,37,0,37,421
12/30/2022,SDL,AZ,AWP,CE,Towers with Radar,0,64,132,0,196,0,3,31,0,34,0,67,163,0,230,17,0,17,247
12/31/2022,SDL,AZ,AWP,CE,Towers with Radar,0,70,79,0,149,0,46,78,0,124,0,116,157,0,273,147,0,147,420
01/01/2023,SDL,AZ,AWP,CE,Towers with Radar,0,79,116,0,195,0,3,2,0,5,0,82,118,0,200,10,0,10,210
01/02/2023,SDL,AZ,AWP,CE,Towers with Radar,0,74,162,0,236,0,53,110,0,163,0,127,272,0,399,59,0,59,458
01/03/2023,SDL,AZ,AWP,CE,Towers with Radar,0,87,117,0,204,0,50,87,1,138,0,137,204,1,342,157,0,157,499
01/04/2023,SDL,AZ,AWP,CE,Towers with Radar,0,74,108,0,182,0,56,155,0,211,0,130,263,0,393,116,0,116,509
01/05/2023,SDL,AZ,AWP,CE,Towers with Radar,0,65,101,2,168,0,59,149,0,208,0,124,250,2,376,182,0,182,558
01/06/2023,SDL,AZ,AWP,CE,Towers with Radar,0,77,107,0,184,0,71,187,0,258,0,148,294,0,442,156,0,156,598
01/07/2023,SDL,AZ,AWP,CE,Towers with Radar,0,80,63,0,143,0,67,141,0,208,0,147,204,0,351,123,0,123,474
01/08/2023,SDL,AZ,AWP,CE,Towers with Radar,0,74,97,0,171,0,52,121,0,173,0,126,218,0,344,60,0,60,404
01/09/2023,SDL,AZ,AWP,CE,Towers with Radar,0,56,70,2,128,0,89,126,1,216,0,145,196,3,344,137,0,137,481
01/10/2023,SDL,AZ,AWP,CE,Towers with Radar,0,60,65,0,125,0,89,141,1,231,0,149,206,1,356,146,0,146,502
01/11/2023,SDL,AZ,AWP,CE,Towers with Radar,0,74,107,0,181,0,78,150,2,230,0,152,257,2,411,83,0,83,494
01/12/2023,SDL,AZ,AWP,CE,Towers with Radar,0,72,102,0,174,0,90,169,0,259,0,162,271,0,433,75,0,75,508
01/13/2023,SDL,AZ,AWP,CE,Towers with Radar,0,72,113,4,189,0,84,138,0,222,0,156,251,4,411,116,0,116,527
01/14/2023,SDL,AZ,AWP,CE,Towers with Radar,0,71,77,0,148,0,79,103,0,182,0,150,180,0,330,133,0,133,463
01/15/2023,SDL,AZ,AWP,CE,Towers with Radar,0,70,98,4,172,0,7,23,0,30,0,77,121,4,202,105,0,105,307
01/16/2023,SDL,AZ,AWP,CE,Towers with Radar,0,73,102,0,175,0,1,16,0,17,0,74,118,0,192,0,0,0,192
01/17/2023,SDL,AZ,AWP,CE,Towers with Radar,0,64,93,4,161,0,70,101,0,171,0,134,194,4,332,142,0,142,474
01/18/2023,SDL,AZ,AWP,CE,Towers with Radar,0,81,105,2,188,0,81,157,1,239,0,162,262,3,427,87,0,87,514
01/19/2023,SDL,AZ,AWP,CE,Towers with Radar,0,61,100,3,164,0,70,176,2,248,0,131,276,5,412,118,0,118,530
01/20/2023,SDL,AZ,AWP,CE,Towers with Radar,1,83,116,0,200,4,75,132,1,212,5,158,248,1,412,102,0,102,514
01/21/2023,SDL,AZ,AWP,CE,Towers with Radar,0,62,95,0,157,0,66,126,0,192,0,128,221,0,349,83,0,83,432
01/22/2023,SDL,AZ,AWP,CE,Towers with Radar,0,87,112,0,199,0,46,104,0,150,0,133,216,0,349,126,0,126,475
01/23/2023,SDL,AZ,AWP,CE,Towers with Radar,0,73,114,0,187,0,63,105,0,168,0,136,219,0,355,125,0,125,480
01/24/2023,SDL,AZ,AWP,CE,Towers with Radar,0,80,107,0,187,0,85,144,0,229,0,165,251,0,416,84,0,84,500
01/25/2023,SDL,AZ,AWP,CE,Towers with Radar,0,106,164,0,270,0,89,139,0,228,0,195,303,0,498,43,0,43,541
01/26/2023,SDL,AZ,AWP,CE,Towers with Radar,0,107,149,0,256,0,61,113,0,174,0,168,262,0,430,40,0,40,470
01/27/2023,SDL,AZ,AWP,CE,Towers with Radar,0,81,149,0,230,0,73,168,0,241,0,154,317,0,471,49,0,49,520
01/28/2023,SDL,AZ,AWP,CE,Towers with Radar,0,75,112,4,191,0,71,115,0,186,0,146,227,4,377,84,0,84,461
01/29/2023,SDL,AZ,AWP,CE,Towers with Radar,0,114,159,0,273,0,32,111,0,143,0,146,270,0,416,35,0,35,451
01/30/2023,SDL,AZ,AWP,CE,Towers with Radar,0,75,97,0,172,0,58,110,0,168,0,133,207,0,340,57,0,57,397
01/31/2023,SDL,AZ,AWP,CE,Towers with Radar,0,53,98,0,151,0,64,118,0,182,0,117,216,0,333,150,0,150,483
02/01/2023,SDL,AZ,AWP,CE,Towers with Radar,0,77,118,2,197,0,89,124,0,213,0,166,242,2,410,108,0,108,518
02/02/2023,SDL,AZ,AWP,CE,Towers with Radar,0,82,119,1,202,0,92,148,0,240,0,174,267,1,442,88,0,88,530
02/03/2023,SDL,AZ,AWP,CE,Towers with Radar,0,66,108,2,176,0,77,146,0,223,0,143,254,2,399,86,0,86,485
02/04/2023,SDL,AZ,AWP,CE,Towers with Radar,0,66,67,1,134,0,84,120,2,206,0,150,187,3,340,127,0,127,467
02/05/2023,SDL,AZ,AWP,CE,Towers with Radar,0,113,130,5,248,0,53,128,1,182,0,166,258,6,430,42,0,42,472
02/06/2023,SDL,AZ,AWP,CE,Towers with Radar,0,106,121,2,229,4,100,126,0,230,4,206,247,2,459,89,0,89,548
02/07/2023,SDL,AZ,AWP,CE,Towers with Radar,0,96,94,1,191,0,90,117,0,207,0,186,211,1,398,45,0,45,443
02/08/2023,SDL,AZ,AWP,CE,Towers with Radar,0,94,123,0,217,0,65,63,0,128,0,159,186,0,345,18,0,18,363
02/09/2023,SDL,AZ,AWP,CE,Towers with Radar,0,143,144,0,287,0,12,31,0,43,0,155,175,0,330,0,0,0,330
02/10/2023,SDL,AZ,AWP,CE,Towers with Radar,0,140,159,0,299,0,6,31,0,37,0,146,190,0,336,14,0,14,350
02/11/2023,SDL,AZ,AWP,CE,Towers with Radar,0,85,81,0,166,0,3,28,0,31,0,88,109,0,197,2,0,2,199
02/12/2023,SDL,AZ,AWP,CE,Towers with Radar,0,106,71,0,177,0,6,36,0,42,0,112,107,0,219,0,0,0,219
02/13/2023,SDL,AZ,AWP,CE,Towers with Radar,0,130,155,1,286,0,1,36,0,37,0,131,191,1,323,0,0,0,323
02/14/2023,SDL,AZ,AWP,CE,Towers with Radar,0,109,110,0,219,0,20,58,0,78,0,129,168,0,297,47,0,47,344
02/15/2023,SDL,AZ,AWP,CE,Towers with Radar,0,104,153,2,259,0,78,116,0,194,0,182,269,2,453,134,0,134,587
02/16/2023,SDL,AZ,AWP,CE,Towers with Radar,0,96,126,0,222,0,84,161,0,245,0,180,287,0,467,44,0,44,511
02/17/2023,SDL,AZ,AWP,CE,Towers with Radar,0,103,147,5,255,0,48,109,0,157,0,151,256,5,412,75,0,75,487
02/18/2023,SDL,AZ,AWP,CE,Towers with Radar,0,80,69,1,150,0,83,124,0,207,0,163,193,1,357,151,0,151,508
02/19/2023,SDL,AZ,AWP,CE,Towers with Radar,0,79,109,0,188,0,64,134,0,198,0,143,243,0,386,109,0,109,495
02/20/2023,SDL,AZ,AWP,CE,Towers with Radar,0,91,146,2,239,0,91,152,0,243,0,182,298,2,482,96,0,96,578
02/21/2023,SDL,AZ,AWP,CE,Towers with Radar,0,88,119,1,208,0,76,139,0,215,0,164,258,1,423,114,0,114,537
02/22/2023,SDL,AZ,AWP,CE,Towers with Radar,0,62,94,0,156,0,4,4,0,8,0,66,98,0,164,0,0,0,164
02/23/2023,SDL,AZ,AWP,CE,Towers with Radar,0,85,127,4,216,0,94,119,0,213,0,179,246,4,429,114,0,114,543
02/24/2023,SDL,AZ,AWP,CE,Towers with Radar,0,104,125,4,233,0,78,161,0,239,0,182,286,4,472,123,0,123,595
02/25/2023,SDL,AZ,AWP,CE,Towers with Radar,0,78,70,2,150,0,88,104,0,192,0,166,174,2,342,52,0,52,394
02/26/2023,SDL,AZ,AWP,CE,Towers with Radar,0,96,151,3,250,0,10,40,2,52,0,106,191,5,302,29,2,31,333
02/27/2023,SDL,AZ,AWP,CE,Towers with Radar,0,75,77,3,155,0,104,187,1,292,0,179,264,4,447,171,0,171,618
02/28/2023,SDL,AZ,AWP,CE,Towers with Radar,0,93,111,0,204,0,111,154,2,267,0,204,265,2,471,80,0,80,551
03/01/2023,SDL,AZ,AWP,CE,Towers with Radar,0,92,93,4,189,0,42,60,0,102,0,134,153,4,291,61,0,61,352
03/02/2023,SDL,AZ,AWP,CE,Towers with Radar,0,90,103,0,193,0,36,105,0,141,0,126,208,0,334,198,0,198,532
03/03/2023,SDL,AZ,AWP,CE,Towers with Radar,0,70,135,13,218,0,88,166,2,256,0,158,301,15,474,105,0,105,579
03/04/2023,SDL,AZ,AWP,CE,Towers with Radar,0,93,62,2,157,0,86,118,6,210,0,179,180,8,367,116,0,116,483
03/05/2023,SDL,AZ,AWP,CE,Towers with Radar,0,91,133,0,224,0,60,91,0,151,0,151,224,0,375,75,0,75,450
03/06/2023,SDL,AZ,AWP,CE,Towers with Radar,0,72,85,2,159,0,125,131,0,256,0,197,216,2,415,194,0,194,609
03/07/2023,SDL,AZ,AWP,CE,Towers with Radar,0,69,91,2,162,0,109,178,0,287,0,178,269,2,449,95,0,95,544
03/08/2023,SDL,AZ,AWP,CE,Towers with Radar,0,98,102,2,202,0,95,146,0,241,0,193,248,2,443,135,0,135,578
03/09/2023,SDL,AZ,AWP,CE,Towers with Radar,0,94,162,0,256,0,110,160,0,270,0,204,322,0,526,92,0,92,618
03/10/2023,SDL,AZ,AWP,CE,Towers with Radar,0,89,132,6,227,0,103,131,0,234,0,192,263,6,461,118,0,118,579
03/11/2023,SDL,AZ,AWP,CE,Towers with Radar,0,83,103,3,189,0,50,97,0,147,0,133,200,3,336,72,0,72,408
03/12/2023,SDL,AZ,AWP,CE,Towers with Radar,0,118,147,0,265,0,37,98,0,135,0,155,245,0,400,63,0,63,463
03/13/2023,SDL,AZ,AWP,CE,Towers with Radar,0,87,106,0,193,0,115,128,0,243,0,202,234,0,436,156,0,156,592
03/14/2023,SDL,AZ,AWP,CE,Towers with Radar,0,84,104,0,188,0,92,134,0,226,0,176,238,0,414,141,0,141,555
03/15/2023,SDL,AZ,AWP,CE,Towers with Radar,1,97,132,0,230,0,15,29,0,44,1,112,161,0,274,67,0,67,341
03/16/2023,SDL,AZ,AWP,CE,Towers with Radar,0,110,117,1,228,0,85,117,0,202,0,195,234,1,430,145,0,145,575
03/17/2023,SDL,AZ,AWP,CE,Towers with Radar,0,112,128,1,241,0,63,168,3,234,0,175,296,4,475,84,0,84,559
03/18/2023,SDL,AZ,AWP,CE,Towers with Radar,0,109,101,3,213,0,53,117,2,172,0,162,218,5,385,90,0,90,475
03/19/2023,SDL,AZ,AWP,CE,Towers with Radar,0,133,175,0,308,0,32,79,0,111,0,165,254,0,419,47,0,47,466
03/20/2023,SDL,AZ,AWP,CE,Towers with Radar,0,95,137,1,233,0,91,126,0,217,0,186,263,1,450,115,0,115,565
03/21/2023,SDL,AZ,AWP,CE,Towers with Radar,0,43,96,0,139,0,36,66,2,104,0,79,162,2,243,143,0,143,386
03/22/2023,SDL,AZ,AWP,CE,Towers with Radar,0,71,111,0,182,0,70,79,0,149,0,141,190,0,331,179,0,179,510
03/23/2023,SDL,AZ,AWP,CE,Towers with Radar,0,118,119,2,239,0,88,184,4,276,0,206,303,6,515,119,0,119,634
03/24/2023,SDL,AZ,AWP,CE,Towers with Radar,0,84,124,9,217,0,95,140,7,242,0,179,264,16,459,126,0,126,585
03/25/2023,SDL,AZ,AWP,CE,Towers with Radar,0,98,81,0,179,0,90,136,3,229,0,188,217,3,408,78,4,82,490
03/26/2023,SDL,AZ,AWP,CE,Towers with Radar,0,102,139,2,243,0,77,99,5,181,0,179,238,7,424,109,0,109,533
03/27/2023,SDL,AZ,AWP,CE,Towers with Radar,0,107,106,2,215,0,109,160,0,269,0,216,266,2,484,138,0,138,622
03/28/2023,SDL,AZ,AWP,CE,Towers with Radar,0,80,100,0,180,0,87,156,3,246,0,167,256,3,426,137,0,137,563
03/29/2023,SDL,AZ,AWP,CE,Towers with Radar,0,107,104,0,211,0,89,144,0,233,0,196,248,0,444,90,0,90,534
03/30/2023,SDL,AZ,AWP,CE,Towers with Radar,0,89,113,2,204,0,46,63,0,109,0,135,176,2,313,117,0,117,430
03/31/2023,SDL,AZ,AWP,CE,Towers with Radar,0,100,133,1,234,0,64,152,3,219,0,164,285,4,453,80,0,80,533
04/01/2023,SDL,AZ,AWP,CE,Towers with Radar,0,125,84,0,209,0,81,147,0,228,0,206,231,0,437,139,0,139,576
04/02/2023,SDL,AZ,AWP,CE,Towers with Radar,0,120,127,1,248,0,55,105,0,160,0,175,232,1,408,70,0,70,478
04/03/2023,SDL,AZ,AWP,CE,Towers with Radar,0,87,86,0,173,0,55,74,0,129,0,142,160,0,302,150,0,150,452
04/04/2023,SDL,AZ,AWP,CE,Towers with Radar,0,65,64,0,129,0,27,78,0,105,0,92,142,0,234,59,0,59,293
04/05/2023,SDL,AZ,AWP,CE,Towers with Radar,0,108,114,2,224,0,100,188,0,288,0,208,302,2,512,131,0,131,643
04/06/2023,SDL,AZ,AWP,CE,Towers with Radar,0,96,123,2,221,0,106,159,3,268,0,202,282,5,489,115,0,115,604
04/07/2023,SDL,AZ,AWP,CE,Towers with Radar,0,90,112,1,203,0,103,160,5,268,0,193,272,6,471,88,0,88,559
04/08/2023,SDL,AZ,AWP,CE,Towers with Radar,0,77,87,1,165,0,64,139,3,206,0,141,226,4,371,135,0,135,506
04/09/2023,SDL,AZ,AWP,CE,Towers with Radar,0,83,77,1,161,0,25,80,1,106,0,108,157,2,267,29,1,30,297
04/10/2023,SDL,AZ,AWP,CE,Towers with Radar,0,95,142,0,237,0,106,148,0,254,0,201,290,0,491,82,0,82,573
04/11/2023,SDL,AZ,AWP,CE,Towers with Radar,0,86,104,0,190,0,110,170,5,285,0,196,274,5,475,120,0,120,595
04/12/2023,SDL,AZ,AWP,CE,Towers with Radar,0,70,105,0,175,0,115,158,0,273,0,185,263,0,448,125,0,125,573
04/13/2023,SDL,AZ,AWP,CE,Towers with Radar,0,96,127,0,223,0,93,138,0,231,0,189,265,0,454,116,0,116,570
04/14/2023,SDL,AZ,AWP,CE,Towers with Radar,0,107,112,0,219,0,87,149,0,236,0,194,261,0,455,124,0,124,579
04/15/2023,SDL,AZ,AWP,CE,Towers with Radar,0,65,92,1,158,0,101,131,0,232,0,166,223,1,390,175,0,175,565
04/16/2023,SDL,AZ,AWP,CE,Towers with Radar,0,99,131,0,230,0,64,114,0,178,0,163,245,0,408,45,0,45,453
04/17/2023,SDL,AZ,AWP,CE,Towers with Radar,0,94,105,0,199,0,98,107,0,205,0,192,212,0,404,117,0,117,521
04/18/2023,SDL,AZ,AWP,CE,Towers with Radar,0,70,102,2,174,0,116,135,2,253,0,186,237,4,427,135,0,135,562
04/19/2023,SDL,AZ,AWP,CE,Towers with Radar,0,73,115,0,188,0,92,141,1,234,0,165,256,1,422,114,1,115,537
04/20/2023,SDL,AZ,AWP,CE,Towers with Radar,0,81,115,0,196,0,83,144,0,227,0,164,259,0,423,108,0,108,531
04/21/2023,SDL,AZ,AWP,CE,Towers with Radar,0,73,102,1,176,0,77,116,0,193,0,150,218,1,369,181,0,181,550
04/22/2023,SDL,AZ,AWP,CE,Towers with Radar,0,87,94,0,181,0,54,124,0,178,0,141,218,0,359,115,0,115,474
04/23/2023,SDL,AZ,AWP,CE,Towers with Radar,0,105,122,0,227,0,37,128,1,166,0,142,250,1,393,126,0,126,519
04/24/2023,SDL,AZ,AWP,CE,Towers with Radar,0,75,98,0,173,0,106,128,0,234,0,181,226,0,407,167,0,167,574
04/25/2023,SDL,AZ,AWP,CE,Towers with Radar,0,56,102,0,158,0,89,159,14,262,0,145,261,14,420,121,0,121,541
04/26/2023,SDL,AZ,AWP,CE,Towers with Radar,0,75,114,2,191,0,113,170,0,283,0,188,284,2,474,192,0,192,666
04/27/2023,SDL,AZ,AWP,CE,Towers with Radar,1,95,118,0,214,0,83,161,0,244,1,178,279,0,458,179,0,179,637
04/28/2023,SDL,AZ,AWP,CE,Towers with Radar,0,81,120,4,205,0,82,138,0,220,0,163,258,4,425,95,0,95,520
04/29/2023,SDL,AZ,AWP,CE,Towers with Radar,0,72,63,3,138,0,56,140,0,196,0,128,203,3,334,171,0,171,505
04/30/2023,SDL,AZ,AWP,CE,Towers with Radar,0,97,127,1,225,0,48,117,0,165,0,145,244,1,390,127,0,127,517
05/01/2023,SDL,AZ,AWP,CE,Towers with Radar,0,67,87,4,158,0,60,92,0,152,0,127,179,4,310,105,0,105,415
05/02/2023,SDL,AZ,AWP,CE,Towers with Radar,0,87,75,2,164,0,86,146,0,232,0,173,221,2,396,173,0,173,569
05/03/2023,SDL,AZ,AWP,CE,Towers with Radar,0,90,116,4,210,0,80,168,0,248,0,170,284,4,458,112,0,112,570
05/04/2023,SDL,AZ,AWP,CE,Towers with Radar,0,96,126,2,224,0,98,171,0,269,0,194,297,2,493,151,0,151,644
05/05/2023,SDL,AZ,AWP,CE,Towers with Radar,0,94,97,4,195,0,101,153,4,258,0,195,250,8,453,186,0,186,639
05/06/2023,SDL,AZ,AWP,CE,Towers with Radar,0,67,79,0,146,0,66,123,0,189,0,133,202,0,335,194,0,194,529
05/07/2023,SDL,AZ,AWP,CE,Towers with Radar,0,119,130,0,249,0,43,101,0,144,0,162,231,0,393,118,0,118,511
05/08/2023,SDL,AZ,AWP,CE,Towers with Radar,0,77,104,2,183,0,94,138,0,232,0,171,242,2,415,254,0,254,669
05/09/2023,SDL,AZ,AWP,CE,Towers with Radar,0,77,96,0,173,0,106,136,0,242,0,183,232,0,415,171,0,171,586
05/10/2023,SDL,AZ,AWP,CE,Towers with Radar,0,99,139,0,238,0,83,123,0,206,0,182,262,0,444,193,0,193,637
05/11/2023,SDL,AZ,AWP,CE,Towers with Radar,0,92,117,0,209,0,102,138,0,240,0,194,255,0,449,244,0,244,693
05/12/2023,SDL,AZ,AWP,CE,Towers with Radar,0,79,99,7,185,0,87,126,0,213,0,166,225,7,398,167,0,167,565
05/13/2023,SDL,AZ,AWP,CE,Towers with Radar,0,67,71,0,138,0,46,141,0,187,0,113,212,0,325,195,0,195,520
05/14/2023,SDL,AZ,AWP,CE,Towers with Radar,0,63,81,0,144,0,26,52,0,78,0,89,133,0,222,92,0,92,314
05/15/2023,SDL,AZ,AWP,CE,Towers with Radar,1,93,92,0,186,0,72,80,0,152,1,165,172,0,338,156,0,156,494
05/16/2023,SDL,AZ,AWP,CE,Towers with Radar,0,73,73,0,146,0,90,111,0,201,0,163,184,0,347,129,0,129,476
05/17/2023,SDL,AZ,AWP,CE,Towers with Radar,2,87,101,0,190,0,107,135,0,242,2,194,236,0,432,102,0,102,534
05/18/2023,SDL,AZ,AWP,CE,Towers with Radar,0,70,100,1,171,0,63,94,3,160,0,133,194,4,331,93,0,93,424
05/19/2023,SDL,AZ,AWP,CE,Towers with Radar,0,80,98,0,178,0,74,121,1,196,0,154,219,1,374,97,0,97,471
05/20/2023,SDL,AZ,AWP,CE,Towers with Radar,0,57,59,0,116,0,54,118,0,172,0,111,177,0,288,94,0,94,382
05/21/2023,SDL,AZ,AWP,CE,Towers with Radar,0,95,88,0,183,0,58,114,0,172,0,153,202,0,355,133,0,133,488
05/22/2023,SDL,AZ,AWP,CE,Towers with Radar,0,82,92,0,174,0,96,152,0,248,0,178,244,0,422,134,0,134,556
05/23/2023,SDL,AZ,AWP,CE,Towers with Radar,0,88,86,0,174,0,81,147,0,228,0,169,233,0,402,113,0,113,515
05/24/2023,SDL,AZ,AWP,CE,Towers with Radar,0,89,120,4,213,0,112,136,0,248,0,201,256,4,461,109,0,109,570
05/25/2023,SDL,AZ,AWP,CE,Towers with Radar,1,101,128,0,230,0,83,140,0,223,1,184,268,0,453,165,0,165,618
05/26/2023,SDL,AZ,AWP,CE,Towers with Radar,0,81,116,3,200,0,72,126,0,198,0,153,242,3,398,78,0,78,476
05/27/2023,SDL,AZ,AWP,CE,Towers with Radar,0,59,67,0,126,0,52,83,0,135,0,111,150,0,261,100,0,100,361
05/28/2023,SDL,AZ,AWP,CE,Towers with Radar,0,43,37,3,83,0,21,64,0,85,0,64,101,3,168,68,0,68,236
05/29/2023,SDL,AZ,AWP,CE,Towers with Radar,0,58,99,2,159,0,63,116,0,179,0,121,215,2,338,104,0,104,442
05/30/2023,SDL,AZ,AWP,CE,Towers with Radar,0,66,88,0,154,0,52,126,0,178,0,118,214,0,332,144,0,144,476
05/31/2023,SDL,AZ,AWP,CE,Towers with Radar,0,54,61,0,115,0,66,110,0,176,0,120,171,0,291,119,0,119,410
06/01/2023,SDL,AZ,AWP,CE,Towers with Radar,0,67,108,0,175,0,87,142,0,229,0,154,250,0,404,153,0,153,557
06/02/2023,SDL,AZ,AWP,CE,Towers with Radar,0,61,95,4,160,0,78,133,0,211,0,139,228,4,371,143,0,143,514
06/03/2023,SDL,AZ,AWP,CE,Towers with Radar,0,44,51,0,95,0,61,113,3,177,0,105,164,3,272,199,0,199,471
06/04/2023,SDL,AZ,AWP,CE,Towers with Radar,0,72,76,2,150,0,43,94,2,139,0,115,170,4,289,59,0,59,348
06/05/2023,SDL,AZ,AWP,CE,Towers with Radar,0,59,81,0,140,0,67,98,0,165,0,126,179,0,305,115,0,115,420
06/06/2023,SDL,AZ,AWP,CE,Towers with Radar,0,41,85,0,126,0,67,123,0,190,0,108,208,0,316,155,0,155,471
06/07/2023,SDL,AZ,AWP,CE,Towers with Radar,0,57,75,0,132,0,71,138,0,209,0,128,213,0,341,98,0,98,439
06/08/2023,SDL,AZ,AWP,CE,Towers with Radar,0,50,79,0,129,0,71,126,0,197,0,121,205,0,326,62,0,62,388
06/09/2023,SDL,AZ,AWP,CE,Towers with Radar,0,51,106,0,157,0,82,133,2,217,0,133,239,2,374,188,0,188,562
06/10/2023,SDL,AZ,AWP,CE,Towers with Radar,0,43,66,4,113,0,63,75,3,141,0,106,141,7,254,105,0,105,359
06/11/2023,SDL,AZ,AWP,CE,Towers with Radar,0,62,95,0,157,0,27,63,3,93,0,89,158,3,250,136,0,136,386
06/12/2023,SDL,AZ,AWP,CE,Towers with Radar,0,59,71,0,130,0,96,98,0,194,0,155,169,0,324,208,0,208,532
06/13/2023,SDL,AZ,AWP,CE,Towers with Radar,0,50,68,0,118,0,96,132,0,228,0,146,200,0,346,164,0,164,510
06/14/2023,SDL,AZ,AWP,CE,Towers with Radar,0,73,80,2,155,0,125,124,0,249,0,198,204,2,404,129,0,129,533
06/15/2023,SDL,AZ,AWP,CE,Towers with Radar,0,65,86,0,151,0,108,144,0,252,0,173,230,0,403,198,0,198,601
06/16/2023,SDL,AZ,AWP,CE,Towers with Radar,0,80,89,2,171,0,107,142,0,249,0,187,231,2,420,173,0,173,593
06/17/2023,SDL,AZ,AWP,CE,Towers with Radar,1,44,57,0,102,0,52,84,0,136,1,96,141,0,238,184,0,184,422
06/18/2023,SDL,AZ,AWP,CE,Towers with Radar,0,43,75,0,118,0,59,67,0,126,0,102,142,0,244,99,0,99,343
06/19/2023,SDL,AZ,AWP,CE,Towers with Radar,0,63,90,0,153,0,113,109,3,225,0,176,199,3,378,141,0,141,519
06/20/2023,SDL,AZ,AWP,CE,Towers with Radar,0,53,72,4,129,0,147,127,1,275,0,200,199,5,404,222,0,222,626
06/21/2023,SDL,AZ,AWP,CE,Towers with Radar,0,58,83,4,145,0,96,146,0,242,0,154,229,4,387,162,0,162,549
06/22/2023,SDL,AZ,AWP,CE,Towers with Radar,0,46,85,2,133,0,101,118,0,219,0,147,203,2,352,132,0,132,484
06/23/2023,SDL,AZ,AWP,CE,Towers with Radar,0,71,75,2,148,0,97,116,1,214,0,168,191,3,362,184,0,184,546
06/24/2023,SDL,AZ,AWP,CE,Towers with Radar,0,58,53,3,114,0,90,100,1,191,0,148,153,4,305,87,0,87,392
06/25/2023,SDL,AZ,AWP,CE,Towers with Radar,0,60,78,0,138,0,71,81,1,153,0,131,159,1,291,144,0,144,435
06/26/2023,SDL,AZ,AWP,CE,Towers with Radar,0,66,77,0,143,0,108,107,2,217,0,174,184,2,360,188,0,188,548
06/27/2023,SDL,AZ,AWP,CE,Towers with Radar,0,38,72,1,111,0,83,117,1,201,0,121,189,2,312,97,0,97,409
06/28/2023,SDL,AZ,AWP,CE,Towers with Radar,0,40,112,0,152,0,96,116,0,212,0,136,228,0,364,147,0,147,511
06/29/2023,SDL,AZ,AWP,CE,Towers with Radar,1,64,81,0,146,0,63,108,0,171,1,127,189,0,317,127,0,127,444
06/30/2023,SDL,AZ,AWP,CE,Towers with Radar,0,69,107,1,177,0,85,122,0,207,0,154,229,1,384,154,0,154,538
07/01/2023,SDL,AZ,AWP,CE,Towers with Radar,0,62,62,0,124,0,57,73,0,130,0,119,135,0,254,105,0,105,359
07/02/2023,SDL,AZ,AWP,CE,Towers with Radar,0,41,49,2,92,0,30,68,0,98,0,71,117,2,190,93,0,93,283
07/03/2023,SDL,AZ,AWP,CE,Towers with Radar,0,34,36,0,70,0,55,89,0,144,0,89,125,0,214,145,0,145,359
07/04/2023,SDL,AZ,AWP,CE,Towers with Radar,0,25,28,0,53,0,10,60,0,70,0,35,88,0,123,141,0,141,264
07/05/2023,SDL,AZ,AWP,CE,Towers with Radar,0,62,73,0,135,0,26,61,0,87,0,88,134,0,222,64,0,64,286
07/06/2023,SDL,AZ,AWP,CE,Towers with Radar,0,31,61,0,92,0,86,98,0,184,0,117,159,0,276,137,0,137,413
07/07/2023,SDL,AZ,AWP,CE,Towers with Radar,1,38,77,0,116,0,73,100,0,173,1,111,177,0,289,129,0,129,418
07/08/2023,SDL,AZ,AWP,CE,Towers with Radar,0,52,51,0,103,0,71,75,6,152,0,123,126,6,255,108,0,108,363
07/09/2023,SDL,AZ,AWP,CE,Towers with Radar,0,64,77,0,141,0,45,73,4,122,0,109,150,4,263,45,0,45,308
07/10/2023,SDL,AZ,AWP,CE,Towers with Radar,0,65,73,0,138,0,111,113,2,226,0,176,186,2,364,82,0,82,446
07/11/2023,SDL,AZ,AWP,CE,Towers with Radar,0,36,54,0,90,0,89,115,3,207,0,125,169,3,297,169,0,169,466
07/12/2023,SDL,AZ,AWP,CE,Towers with Radar,0,62,85,0,147,0,131,118,0,249,0,193,203,0,396,173,0,173,569
07/13/2023,SDL,AZ,AWP,CE,Towers with Radar,0,68,84,0,152,0,129,120,0,249,0,197,204,0,401,163,0,163,564
07/14/2023,SDL,AZ,AWP,CE,Towers with Radar,0,74,52,0,126,0,90,92,0,182,0,164,144,0,308,145,0,145,453
07/15/2023,SDL,AZ,AWP,CE,Towers with Radar,0,44,57,0,101,0,55,51,0,106,0,99,108,0,207,158,0,158,365
07/16/2023,SDL,AZ,AWP,CE,Towers with Radar,0,50,73,0,123,0,48,60,0,108,0,98,133,0,231,91,0,91,322
07/17/2023,SDL,AZ,AWP,CE,Towers with Radar,0,67,85,0,152,0,120,80,0,200,0,187,165,0,352,133,0,133,485
07/18/2023,SDL,AZ,AWP,CE,Towers with Radar,0,49,50,0,99,0,83,84,0,167,0,132,134,0,266,129,0,129,395
07/19/2023,SDL,AZ,AWP,CE,Towers with Radar,0,41,85,0,126,0,110,116,0,226,0,151,201,0,352,137,0,137,489
07/20/2023,SDL,AZ,AWP,CE,Towers with Radar,0,47,76,0,123,0,74,101,1,176,0,121,177,1,299,76,0,76,375
07/21/2023,SDL,AZ,AWP,CE,Towers with Radar,0,58,73,0,131,0,77,73,0,150,0,135,146,0,281,130,0,130,411
07/22/2023,SDL,AZ,AWP,CE,Towers with Radar,0,40,41,1,82,0,79,90,0,169,0,119,131,1,251,141,0,141,392
07/23/2023,SDL,AZ,AWP,CE,Towers with Radar,0,42,59,1,102,0,57,62,0,119,0,99,121,1,221,119,0,119,340
07/24/2023,SDL,AZ,AWP,CE,Towers with Radar,0,46,70,2,118,0,82,75,0,157,0,128,145,2,275,145,0,145,420
07/25/2023,SDL,AZ,AWP,CE,Towers with Radar,0,47,48,0,95,0,93,104,0,197,0,140,152,0,292,122,0,122,414
07/26/2023,SDL,AZ,AWP,CE,Towers with Radar,0,58,70,0,128,0,105,105,0,210,0,163,175,0,338,208,0,208,546
07/27/2023,SDL,AZ,AWP,CE,Towers with Radar,0,61,62,0,123,0,104,125,0,229,0,165,187,0,352,130,0,130,482
07/28/2023,SDL,AZ,AWP,CE,Towers with Radar,0,56,77,1,134,0,86,109,0,195,0,142,186,1,329,148,0,148,477
07/29/2023,SDL,AZ,AWP,CE,Towers with Radar,0,49,37,1,87,0,66,62,1,129,0,115,99,2,216,176,0,176,392
07/30/2023,SDL,AZ,AWP,CE,Towers with Radar,0,49,74,0,123,0,45,68,2,115,0,94,142,2,238,187,0,187,425
07/31/2023,SDL,AZ,AWP,CE,Towers with Radar,0,58,59,0,117,0,85,108,2,195,0,143,167,2,312,171,0,171,483
08/01/2023,SDL,AZ,AWP,CE,Towers with Radar,0,62,65,0,127,0,102,114,1,217,0,164,179,1,344,201,0,201,545
08/02/2023,SDL,AZ,AWP,CE,Towers with Radar,0,53,71,1,125,0,106,115,2,223,0,159,186,3,348,207,0,207,555
08/03/2023,SDL,AZ,AWP,CE,Towers with Radar,0,39,81,0,120,0,92,107,0,199,0,131,188,0,319,175,0,175,494
08/04/2023,SDL,AZ,AWP,CE,Towers with Radar,0,56,58,0,114,0,82,80,0,162,0,138,138,0,276,236,0,236,512
08/05/2023,SDL,AZ,AWP,CE,Towers with Radar,0,50,52,0,102,0,64,83,0,147,0,114,135,0,249,138,0,138,387
08/06/2023,SDL,AZ,AWP,CE,Towers with Radar,0,62,93,0,155,0,58,66,0,124,0,120,159,0,279,140,0,140,419
08/07/2023,SDL,AZ,AWP,CE,Towers with Radar,0,52,69,0,121,0,86,94,0,180,0,138,163,0,301,176,0,176,477
08/08/2023,SDL,AZ,AWP,CE,Towers with Radar,0,56,60,0,116,0,71,71,5,147,0,127,131,5,263,144,0,144,407
08/09/2023,SDL,AZ,AWP,CE,Towers with Radar,0,72,81,0,153,0,89,103,1,193,0,161,184,1,346,161,0,161,507
08/10/2023,SDL,AZ,AWP,CE,Towers with Radar,0,62,69,0,131,0,71,119,0,190,0,133,188,0,321,161,0,161,482
08/11/2023,SDL,AZ,AWP,CE,Towers with Radar,0,46,77,0,123,0,68,99,1,168,0,114,176,1,291,128,0,128,419
08/12/2023,SDL,AZ,AWP,CE,Towers with Radar,0,43,45,0,88,0,79,58,0,137,0,122,103,0,225,131,0,131,356
08/13/2023,SDL,AZ,AWP,CE,Towers with Radar,0,40,98,0,138,0,45,74,0,119,0,85,172,0,257,127,0,127,384
08/14/2023,SDL,AZ,AWP,CE,Towers with Radar,0,56,81,1,138,0,86,98,1,185,0,142,179,2,323,160,0,160,483
08/15/2023,SDL,AZ,AWP,CE,Towers with Radar,0,50,52,0,102,0,63,91,0,154,0,113,143,0,256,121,0,121,377
08/16/2023,SDL,AZ,AWP,CE,Towers with Radar,1,39,91,0,131,0,72,96,1,169,1,111,187,1,300,79,0,79,379
08/17/2023,SDL,AZ,AWP,CE,Towers with Radar,0,52,94,0,146,0,55,99,1,155,0,107,193,1,301,178,0,178,479
08/18/2023,SDL,AZ,AWP,CE,Towers with Radar,0,71,60,0,131,0,70,87,0,157,0,141,147,0,288,111,0,111,399
08/19/2023,SDL,AZ,AWP,CE,Towers with Radar,0,44,34,0,78,0,71,67,0,138,0,115,101,0,216,137,0,137,353
08/20/2023,SDL,AZ,AWP,CE,Towers with Radar,0,66,65,0,131,0,26,45,0,71,0,92,110,0,202,89,0,89,291
08/21/2023,SDL,AZ,AWP,CE,Towers with Radar,0,75,78,0,153,0,73,87,0,160,0,148,165,0,313,189,0,189,502
08/22/2023,SDL,AZ,AWP,CE,Towers with Radar,0,45,59,0,104,0,121,124,0,245,0,166,183,0,349,210,0,210,559
08/23/2023,SDL,AZ,AWP,CE,Towers with Radar,0,50,74,0,124,0,77,99,0,176,0,127,173,0,300,138,0,138,438
08/24/2023,SDL,AZ,AWP,CE,Towers with Radar,0,51,98,0,149,0,98,105,0,203,0,149,203,0,352,99,0,99,451
08/25/2023,SDL,AZ,AWP,CE,Towers with Radar,0,71,76,1,148,0,93,108,0,201,0,164,184,1,349,69,0,69,418
08/26/2023,SDL,AZ,AWP,CE,Towers with Radar,0,33,41,2,76,0,85,92,1,178,0,118,133,3,254,150,0,150,404
08/27/2023,SDL,AZ,AWP,CE,Towers with Radar,0,43,79,2,124,0,45,66,1,112,0,88,145,3,236,77,0,77,313
08/28/2023,SDL,AZ,AWP,CE,Towers with Radar,0,34,75,0,109,0,71,106,0,177,0,105,181,0,286,104,0,104,390
08/29/2023,SDL,AZ,AWP,CE,Towers with Radar,0,36,69,0,105,0,101,99,2,202,0,137,168,2,307,137,0,137,444
08/30/2023,SDL,AZ,AWP,CE,Towers with Radar,0,46,72,0,118,0,102,126,5,233,0,148,198,5,351,158,0,158,509
08/31/2023,SDL,AZ,AWP,CE,Towers with Radar,0,64,91,0,155,0,63,115,4,182,0,127,206,4,337,88,0,88,425
